years
 1991 1992 1993 1994 1995 1996 1997 1998 1999 2000 2001 2002 2003 2004 2005 2006 2007 2008 2009 2010 2011 2012 2013 2014 2015 2016 2017 2018 2019 2020 2021
reclasobs
 0 0 0 0 0 0 0 0 0 252601 567819 844713 477998 351125 339783 2.1784e+06 2.13404e+06 4.81314e+06 1.55562e+06 2.62356e+06 3.21686e+06 3.843e+06 1.13348e+06 3.07943e+06 1.97215e+06 2.03268e+06 2.025e+06 2.42433e+06 2.27542e+06 1.05018e+06 2.36338e+06
reclaspred
 3.18197e+06 1.73907e+06 881891 905596 918596 1.58999e+06 895750 769935 545273 370512 502208 683860 671955 495245 485449 1.35389e+06 1.20925e+06 3.10757e+06 2.47534e+06 1.78257e+06 3.10617e+06 2.5319e+06 1.91837e+06 3.05912e+06 2.2595e+06 1.98781e+06 2.40936e+06 2.61279e+06 2.06014e+06 1.23954e+06 1.96775e+06
pelacesobs
 0 0 0 0 0 0 0 0 0 0 0 0 0 0 0 552880 188675 0 991730 2.46772e+06 1.41603e+06 1.21717e+06 2.29649e+06 1.80582e+06 0 1.4828e+06 1.56532e+06 1.57751e+06 1.42118e+06 867257 0
pelacespred
 1.8613e+06 1.11073e+06 547852 444084 494601 866584 444250 499802 325266 201071 288929 327313 357559 265487 267317 623555 597519 1.71861e+06 1.4283e+06 947216 1.62665e+06 1.39874e+06 1.11338e+06 1.89584e+06 1.3796e+06 1.22158e+06 1.63944e+06 1.7486e+06 1.20175e+06 808261 1.19458e+06
mphobs
 0 0 0 0 0 0 0 0 0 0 0 498337 0 5186 125008 0 168611 109162 213762 579715 649985 157893 87575 83554 0 0 0 0 0 0 0
mphpred
 488706 327565 157387 87459.5 95888.8 115071 158236 85183.4 76627.5 48114.8 29736.1 60987.1 65581.3 53592.1 32516.6 41346 152490 135293 311238 219076 228353 282296 268898 213530 311019 254139 206871 225019 323614 209042 123140
desembarqueobs
 494567 514787 250237 358949 120608 361735 552515 73892 212993 205616 52469 317467 293654 387597 252695 516296 358380 742168 942051 627588 828172 859565 418607 520667 417249 300574 415391 372974 316634 284311 391294
desembarquepred
 494571 513824 250685 358986 120614 361744 552540 73897.5 213055 205672 52471.9 317529 293689 387574 252669 516224 358410 742013 941746 627364 828256 859545 418609 520693 417237 300571 415384 372944 316616 284315 391296
Reclutas
 170826 93805.6 94865.2 143887 116517 213368 83371.8 35355.3 34730.4 46912.6 87677.3 127217 106369 74252.1 68238.5 367423 73847.2 593490 333083 260518 364536 499515 97582.2 290074 244357 108239 244517 275569 78503.8 58246.3 232571
log_desv_Rt
 0.213781 -0.385641 -0.374409 0.0421647 -0.168824 0.436153 -0.503556 -1.36142 -1.37925 -1.07858 -0.453203 -0.0809698 -0.259956 -0.6194 -0.703857 0.979647 -0.624868 1.45915 0.881527 0.635807 0.97176 1.28677 -0.34617 0.74327 0.571765 -0.242527 0.572421 0.691974 -0.563718 -0.862184 0.522332
SSB
 2.02521e+06 1.35744e+06 652216 362435 397366 476856 655735 353002 317546 199389 123227 252732 271771 222087 134750 171339 631924 560659 1.28978e+06 907858 946300 1.16984e+06 1.11432e+06 884876 1.28887e+06 1.05316e+06 857277 932486 1.34106e+06 866275 510297
BT
 2.86646e+06 1.96483e+06 964253 911660 771746 1.52977e+06 1.08872e+06 752119 656392 475219 455380 724149 767107 777766 636581 1.32412e+06 1.09296e+06 3.13252e+06 2.87926e+06 1.85696e+06 2.96815e+06 2.73329e+06 1.86785e+06 3.17125e+06 2.26024e+06 1.92724e+06 2.73606e+06 2.84176e+06 1.86025e+06 1.35275e+06 2.07145e+06
Ftot
 0.207434 0.382333 0.375283 0.570403 0.189384 0.344796 0.79308 0.136503 0.54567 0.766035 0.168526 0.674873 0.630897 1.0992 0.800095 0.625678 0.405121 0.383848 0.537554 0.503041 0.394436 0.496216 0.296185 0.263004 0.26127 0.210884 0.26315 0.221939 0.20248 0.306209 0.314357
BD_Bspro_t
 0.967484 0.778457 0.572451 0.4734 0.467754 0.56271 0.563744 0.369757 0.426159 0.363808 0.320617 0.577364 0.45637 0.361464 0.24732 0.296653 0.490324 0.448157 0.584092 0.467694 0.432003 0.481474 0.498358 0.48052 0.605028 0.613503 0.619258 0.664879 0.722909 0.634733 0.547558
BD_Bspro
 2.0539 1.37667 0.661456 0.367569 0.402995 0.483612 0.665025 0.358003 0.322045 0.202214 0.124973 0.256313 0.275621 0.225233 0.136659 0.173766 0.640877 0.568601 1.30805 0.920719 0.959706 1.18642 1.13011 0.897412 1.30713 1.06808 0.869422 0.945697 1.36006 0.878547 0.517526
BD_Bo
 1.35672 0.909372 0.43693 0.242801 0.266202 0.319454 0.439288 0.236482 0.21273 0.133574 0.0825521 0.16931 0.182064 0.14878 0.0902711 0.114783 0.423336 0.375594 0.864045 0.608189 0.633942 0.783697 0.746503 0.592793 0.863436 0.705529 0.574304 0.624688 0.898401 0.580332 0.341857
BD_Brms
 2.46677 1.6534 0.794419 0.441456 0.484003 0.580825 0.798705 0.429967 0.386781 0.242862 0.150095 0.307835 0.331025 0.270509 0.164129 0.208696 0.769703 0.682899 1.57099 1.1058 1.15262 1.4249 1.35728 1.07781 1.56988 1.28278 1.04419 1.1358 1.63346 1.05515 0.621557
Sel_flota
 0.696246 0.977554 0.998793 0.999936 0.999997
 0.696246 0.977554 0.998793 0.999936 0.999997
 0.696246 0.977554 0.998793 0.999936 0.999997
 0.696246 0.977554 0.998793 0.999936 0.999997
 0.696246 0.977554 0.998793 0.999936 0.999997
 0.696246 0.977554 0.998793 0.999936 0.999997
 0.696246 0.977554 0.998793 0.999936 0.999997
 0.696246 0.977554 0.998793 0.999936 0.999997
 0.696246 0.977554 0.998793 0.999936 0.999997
 0.696246 0.977554 0.998793 0.999936 0.999997
 0.696246 0.977554 0.998793 0.999936 0.999997
 0.696246 0.977554 0.998793 0.999936 0.999997
 0.696246 0.977554 0.998793 0.999936 0.999997
 0.696246 0.977554 0.998793 0.999936 0.999997
 0.696246 0.977554 0.998793 0.999936 0.999997
 0.696246 0.977554 0.998793 0.999936 0.999997
 0.696246 0.977554 0.998793 0.999936 0.999997
 0.696246 0.977554 0.998793 0.999936 0.999997
 0.696246 0.977554 0.998793 0.999936 0.999997
 0.696246 0.977554 0.998793 0.999936 0.999997
 0.696246 0.977554 0.998793 0.999936 0.999997
 0.696246 0.977554 0.998793 0.999936 0.999997
 0.696246 0.977554 0.998793 0.999936 0.999997
 0.696246 0.977554 0.998793 0.999936 0.999997
 0.696246 0.977554 0.998793 0.999936 0.999997
 0.696246 0.977554 0.998793 0.999936 0.999997
 0.696246 0.977554 0.998793 0.999936 0.999997
 0.696246 0.977554 0.998793 0.999936 0.999997
 0.696246 0.977554 0.998793 0.999936 0.999997
 0.696246 0.977554 0.998793 0.999936 0.999997
 0.696246 0.977554 0.998793 0.999936 0.999997
Sel_reclas
 1 1 1 1 1
 1 1 1 1 1
 1 1 1 1 1
 1 1 1 1 1
 1 1 1 1 1
 1 1 1 1 1
 1 1 1 1 1
 1 1 1 1 1
 1 1 1 1 1
 1 1 1 1 1
 1 1 1 1 1
 1 1 1 1 1
 1 1 1 1 1
 1 1 1 1 1
 1 1 1 1 1
 1 1 1 1 1
 1 1 1 1 1
 1 1 1 1 1
 1 1 1 1 1
 1 1 1 1 1
 1 1 1 1 1
 1 1 1 1 1
 1 1 1 1 1
 1 1 1 1 1
 1 1 1 1 1
 1 1 1 1 1
 1 1 1 1 1
 1 1 1 1 1
 1 1 1 1 1
 1 1 1 1 1
 1 1 1 1 1
Sel_pelaces
 0.862216 0.969224 0.99373 0.998748 0.999751
 0.862216 0.969224 0.99373 0.998748 0.999751
 0.862216 0.969224 0.99373 0.998748 0.999751
 0.862216 0.969224 0.99373 0.998748 0.999751
 0.862216 0.969224 0.99373 0.998748 0.999751
 0.862216 0.969224 0.99373 0.998748 0.999751
 0.862216 0.969224 0.99373 0.998748 0.999751
 0.862216 0.969224 0.99373 0.998748 0.999751
 0.862216 0.969224 0.99373 0.998748 0.999751
 0.862216 0.969224 0.99373 0.998748 0.999751
 0.862216 0.969224 0.99373 0.998748 0.999751
 0.862216 0.969224 0.99373 0.998748 0.999751
 0.862216 0.969224 0.99373 0.998748 0.999751
 0.862216 0.969224 0.99373 0.998748 0.999751
 0.862216 0.969224 0.99373 0.998748 0.999751
 0.862216 0.969224 0.99373 0.998748 0.999751
 0.862216 0.969224 0.99373 0.998748 0.999751
 0.862216 0.969224 0.99373 0.998748 0.999751
 0.862216 0.969224 0.99373 0.998748 0.999751
 0.862216 0.969224 0.99373 0.998748 0.999751
 0.862216 0.969224 0.99373 0.998748 0.999751
 0.862216 0.969224 0.99373 0.998748 0.999751
 0.862216 0.969224 0.99373 0.998748 0.999751
 0.862216 0.969224 0.99373 0.998748 0.999751
 0.862216 0.969224 0.99373 0.998748 0.999751
 0.862216 0.969224 0.99373 0.998748 0.999751
 0.862216 0.969224 0.99373 0.998748 0.999751
 0.862216 0.969224 0.99373 0.998748 0.999751
 0.862216 0.969224 0.99373 0.998748 0.999751
 0.862216 0.969224 0.99373 0.998748 0.999751
 0.862216 0.969224 0.99373 0.998748 0.999751
pf_obs 
 0.8446 0.082 0.0669 0.0065 0
 0.8095 0.147 0.0364 0.0071 0
 0.9664 0.0169 0.016 0.0007 0
 0.9276 0.0648 0.0075 0.0001 0
 0.7033 0.2144 0.0806 0.0017 0
 0.9318 0.0425 0.0243 0.0014 0
 0.5671 0.3108 0.0964 0.0239 0.0018
 0.0768 0.2599 0.5324 0.112 0.0189
 0.490249 0.384438 0.106611 0.0170017 0.00170017
 0.7925 0.1577 0.0466 0.003 0.0002
 0.840416 0.127587 0.0312969 0.00059994 9.999e-05
 0.8084 0.0986 0.0794 0.0134 0.0002
 0.7335 0.1905 0.0724 0.0035 0.0001
 0.4001 0.4547 0.1325 0.0127 0
 0.49795 0.308269 0.164784 0.0264974 0.00249975
 0.9179 0.0499 0.0305 0.0017 0
 0.2467 0.6533 0.0926 0.0074 0
 0.9418 0.0223 0.034 0.0019 0
 0.707729 0.231977 0.0356964 0.0245975 0
 0.517169 0.277429 0.184464 0.0207286 0.00020938
 0.811772 0.124168 0.05621 0.00726502 0.000585176
 0.764997 0.148141 0.077277 0.00933861 0.000247198
 0.163321 0.427699 0.378323 0.0303852 0.000271297
 0.753843 0.0900009 0.118128 0.0371064 0.000921714
 0.721811 0.176058 0.0630433 0.0369309 0.00215725
 0.143369 0.312575 0.442814 0.0836902 0.0175525
 0.692698 0.0596174 0.167031 0.0765114 0.00414204
 0.394062 0.376323 0.152708 0.0712218 0.00568511
 0.125707 0.32114 0.495352 0.0537591 0.00404204
 0.23352 0.215282 0.420074 0.123614 0.00750983
 0.774587 0.0839891 0.0768558 0.0609784 0.00358967
pf_pred 
 0.481607 0.139523 0.354808 0.0240614 8.79773e-07
 0.423893 0.330812 0.0671468 0.166847 0.0113012
 0.581943 0.218492 0.115883 0.0229297 0.0607522
 0.732273 0.180636 0.0460827 0.0238268 0.0171815
 0.658061 0.276135 0.0448105 0.011116 0.00987682
 0.755037 0.179634 0.0529911 0.00840453 0.00393242
 0.461142 0.441748 0.0716909 0.0206236 0.00479486
 0.455267 0.314257 0.190009 0.0298886 0.0105793
 0.546643 0.246459 0.120495 0.0712478 0.015156
 0.729048 0.176086 0.0522424 0.024839 0.0177847
 0.836044 0.132956 0.0203683 0.00585951 0.00477263
 0.748866 0.220791 0.0247127 0.00370067 0.00192933
 0.695058 0.251007 0.0475887 0.00517069 0.00117608
 0.645623 0.276388 0.064525 0.0118812 0.00158207
 0.758578 0.182609 0.0462343 0.0104106 0.00216797
 0.941957 0.0484371 0.00732212 0.00179635 0.000487887
 0.376906 0.599207 0.0200293 0.00294156 0.000916227
 0.910422 0.042298 0.0455127 0.00148258 0.000285158
 0.585265 0.389102 0.0122676 0.0128668 0.000499066
 0.61313 0.263708 0.11575 0.00354976 0.00386181
 0.739344 0.184084 0.0526454 0.0224889 0.00143783
 0.748647 0.203187 0.0342766 0.00955393 0.00433618
 0.3112 0.563421 0.101881 0.0167288 0.00676917
 0.742876 0.101959 0.127483 0.0224994 0.00518244
 0.619885 0.307296 0.0292961 0.0357671 0.00775657
 0.425212 0.403569 0.139064 0.0129461 0.0192086
 0.728879 0.139689 0.0929209 0.0312865 0.00722491
 0.681594 0.253618 0.033772 0.0219363 0.00907993
 0.331997 0.504008 0.131256 0.0170762 0.0156631
 0.415906 0.24299 0.258826 0.0658685 0.0164089
 0.835297 0.0842913 0.0339366 0.035276 0.011199
pobs_RECLAS
 0 0 0 0 0
 0 0 0 0 0
 0 0 0 0 0
 0 0 0 0 0
 0 0 0 0 0
 0 0 0 0 0
 0 0 0 0 0
 0 0 0 0 0
 0 0 0 0 0
 0 0 0 0 0
 0.991045 0.00858322 0.000360255 1.14367e-05 0
 0.934742 0.0480273 0.0164251 0.00080598 0
 0.827803 0.169806 0.00239088 0 0
 0.941827 0.0461693 0.0120037 0 0
 0.791401 0.0380133 0.147996 0.0225897 0
 0.846168 0.0940531 0.0597789 0 0
 0.134021 0.677848 0.182769 0.00536245 0
 0.80878 0.0450904 0.141981 0.00414843 0
 0.846168 0.0940531 0.0597789 0 0
 0.905697 0.0802665 0.012482 0.00150086 5.37128e-05
 0.989698 0.0102097 9.19794e-05 0 0
 0.975433 0.0193895 0.00387452 0.00125025 5.28907e-05
 0.303575 0.632131 0.0575291 0.00676475 0
 0.966965 0.00978017 0.0227588 0.000495775 0
 0.843318 0.132988 0.00938335 0.0141283 0.000182051
 0.564624 0.303363 0.111486 0.0197234 0.00080311
 0.826376 0.0876187 0.0782897 0.00655872 0.00115652
 0.89761 0.0855135 0.0140674 0.00269457 0.000114338
 0.34875 0.467042 0.161289 0.0227151 0.000203297
 0.318654 0.224769 0.449479 0.00709798 0
 0.937255 0.0296025 0.0250945 0.00804832 0
ppred_RECLAS
 0.571349 0.117233 0.291661 0.0197559 7.22307e-07
 0.513466 0.28214 0.0559991 0.138981 0.00941314
 0.666458 0.176225 0.0913978 0.0180632 0.0478555
 0.797739 0.137509 0.0342824 0.0177038 0.0127654
 0.731706 0.217585 0.0345448 0.00855943 0.0076048
 0.81474 0.136666 0.0394269 0.00624579 0.00292218
 0.554165 0.367072 0.0581664 0.0167116 0.00388509
 0.54306 0.266055 0.157401 0.0247308 0.00875311
 0.635318 0.200371 0.095742 0.0565425 0.0120271
 0.796705 0.133239 0.038602 0.0183304 0.0131236
 0.878362 0.0990506 0.0148464 0.00426603 0.00347451
 0.811311 0.166361 0.0181898 0.00272049 0.00141822
 0.766577 0.192926 0.0357371 0.00387817 0.000882034
 0.72937 0.212249 0.0483138 0.0088842 0.00118291
 0.820543 0.136534 0.0337521 0.00759031 0.00158055
 0.958968 0.0343735 0.00507694 0.001244 0.000337846
 0.462536 0.517304 0.0169074 0.0024801 0.000772446
 0.935925 0.0306141 0.032211 0.00104803 0.000201564
 0.668825 0.311154 0.00958801 0.010044 0.000389555
 0.694932 0.209455 0.0898663 0.00275262 0.00299441
 0.802265 0.140579 0.0393115 0.0167729 0.00107231
 0.810165 0.154132 0.0254162 0.0070757 0.00321119
 0.391102 0.500077 0.088446 0.0145056 0.0058692
 0.805503 0.0781646 0.0955986 0.0168524 0.00388148
 0.698469 0.244822 0.0228309 0.0278411 0.00603734
 0.512541 0.344503 0.116135 0.0107989 0.0160218
 0.793547 0.107525 0.0699647 0.0235295 0.00543326
 0.752321 0.19818 0.0258166 0.0167494 0.00693252
 0.413626 0.444811 0.113329 0.0147267 0.0135072
 0.505399 0.208465 0.21718 0.0552047 0.0137515
 0.879019 0.0626071 0.0246528 0.0255955 0.00812524
pobs_PELACES
 0 0 0 0 0
 0 0 0 0 0
 0 0 0 0 0
 0 0 0 0 0
 0 0 0 0 0
 0 0 0 0 0
 0 0 0 0 0
 0 0 0 0 0
 0 0 0 0 0
 0 0 0 0 0
 0 0 0 0 0
 0 0 0 0 0
 0 0 0 0 0
 0 0 0 0 0
 0 0 0 0 0
 0 0 0 0 0
 0.505614 0.472636 0.0217494 0 0
 0 0 0 0 0
 0.443492 0.261883 0.143347 0.151278 0
 0.227955 0.32914 0.350689 0.0885471 0.00366901
 0.970185 0.0296113 0.000203453 0 0
 0.997202 0.00247181 0.000326279 0 0
 0.445219 0.490057 0.0546422 0.010081 0
 0.90214 0.0892962 0.00764917 0.000914606 0
 0 0 0 0 0
 0.581667 0.319106 0.0959925 0.00289975 0.000334073
 0.762889 0.0836404 0.116647 0.0363945 0.000428098
 0.88444 0.0763242 0.0277011 0.0115352 0
 0.521256 0.241999 0.230069 0.00667565 0
 0.616807 0.101726 0.260614 0.0208532 0
 0 0 0 0 0
ppred_PELACES
 0.542957 0.122846 0.312897 0.0212997 7.79528e-07
 0.490357 0.292321 0.0593274 0.147964 0.0100315
 0.645275 0.185233 0.0982398 0.0195107 0.0517419
 0.78594 0.144435 0.0367722 0.0190813 0.0137723
 0.710752 0.233444 0.0379494 0.00944982 0.00840428
 0.800575 0.146201 0.0431398 0.00686758 0.0032163
 0.542511 0.37528 0.0606326 0.0175029 0.00407307
 0.51446 0.279756 0.16953 0.0267695 0.00948419
 0.617329 0.20805 0.101536 0.0602547 0.0128294
 0.787904 0.137953 0.0407589 0.0194467 0.0139366
 0.866557 0.108142 0.0165993 0.0047935 0.00390801
 0.80245 0.173733 0.0193842 0.00291302 0.0015201
 0.755278 0.201518 0.0381037 0.00415488 0.000945905
 0.725628 0.21434 0.0496396 0.00917027 0.0012222
 0.813422 0.141255 0.0356021 0.00804433 0.00167674
 0.956438 0.036363 0.00548249 0.00134983 0.000366952
 0.442656 0.535972 0.0179096 0.00263996 0.000823054
 0.930107 0.0330024 0.0355063 0.00116091 0.000223496
 0.653472 0.325106 0.0102326 0.0107712 0.000418175
 0.678331 0.21934 0.0961472 0.00295931 0.00322246
 0.78805 0.149645 0.0427864 0.018345 0.00117398
 0.798315 0.16304 0.0274693 0.00768444 0.00349093
 0.369006 0.515997 0.093375 0.0153896 0.00623309
 0.788186 0.0839028 0.105017 0.0186044 0.00428929
 0.677499 0.260547 0.0248661 0.0304731 0.00661468
 0.486379 0.360367 0.124371 0.0116222 0.0172605
 0.775913 0.115332 0.0768 0.025956 0.00599958
 0.732904 0.212601 0.0283513 0.0184852 0.0076586
 0.388602 0.461018 0.120257 0.0157047 0.0144186
 0.479772 0.21622 0.23046 0.0588693 0.014679
 0.867939 0.0674915 0.0271881 0.0283669 0.00901401
pobs_pel_tallas
 0 0 0 0 0 0 0 0 0 0 0 0 0 0 0 0 0 0 0 0 0 0 0 0 0 0
 0 0 0 0 0 0 0 0 0 0 0 0 0 0 0 0 0 0 0 0 0 0 0 0 0 0
 0 0 0 0 0 0 0 0 0 0 0 0 0 0 0 0 0 0 0 0 0 0 0 0 0 0
 0 0 0 0 0 0 0 0 0 0 0 0 0 0 0 0 0 0 0 0 0 0 0 0 0 0
 0 0 0 0 0 0 0 0 0 0 0 0 0 0 0 0 0 0 0 0 0 0 0 0 0 0
 0 0 0 0 0 0 0 0 0 0 0 0 0 0 0 0 0 0 0 0 0 0 0 0 0 0
 0 0 0 0 0 0 0 0 0 0 0 0 0 0 0 0 0 0 0 0 0 0 0 0 0 0
 0 0 0 0 0 0 0 0 0 0 0 0 0 0 0 0 0 0 0 0 0 0 0 0 0 0
 0 0 0 0 0 0 0 0 0 0 0 0 0 0 0 0 0 0 0 0 0 0 0 0 0 0
 0 0 0 0 0 0 0 0 0 0 0 0 0 0 0 0 0 0 0 0 0 0 0 0 0 0
 0 0 0 0 0 0 0 0 0 0 0 0 0 0 0 0 0 0 0 0 0 0 0 0 0 0
 0 0 0 0 0 0 0 0 0 0 0 0 0 0 0 0 0 0 0 0 0 0 0 0 0 0
 0.00862536 0 0 0.000197151 0.00414017 0.0128641 0.00837892 0.0270097 0.101434 0.158115 0.152841 0.127902 0.109271 0.109419 0.0830992 0.0579132 0.0238553 0.00714673 0.00463305 0.00128148 0.00103504 0.000492878 0.000147863 0.000147863 4.92878e-05 0
 0 0 0 0 0 0 0 0 0 0 0 0 0 0 0 0 0 0 0 0 0 0 0 0 0 0
 0 0 0 0 0 0 0 0.0054083 0.00873648 0.0413646 0.0450493 0.0745869 0.0622846 0.0627006 0.0613931 0.0827291 0.12552 0.122667 0.0946155 0.0697135 0.0546179 0.0294188 0.0215738 0.0213955 0.0102223 0.00600262
 0 0 0 0 0.00359764 0.0251062 0.0480494 0.140153 0.205849 0.193036 0.1447 0.116669 0.0760912 0.0342217 0.00950174 0.001854 0.000860785 0 0 0 0.000165536 0 0.000143464 0 0 0
 0 0 0 0 0 0 0 0.000145254 0.000435761 0.0275982 0.070085 0.0708112 0.156366 0.174668 0.174014 0.160142 0.0824315 0.0480064 0.0283245 0.00493863 0.00203355 0 0 0 0 0
 0 0 0 0 0 0 0 0 0 0 0 0 0 0 0 0 0 0 0 0 0 0 0 0 0 0
 0 0 1.00437e-05 0.000401748 0.00122533 0.00171747 0.00176769 0.0269171 0.070346 0.194647 0.189555 0.159765 0.064822 0.0314167 0.0384472 0.0292271 0.0345202 0.0313363 0.0194345 0.0106764 0.0143323 0.0359363 0.0279516 0.0138201 0.00172751 0
 0 0.0021121 0.0136068 0.0755702 0.200478 0.177729 0.0527432 0.0373336 0.0318909 0.0142505 0.0149659 0.0166563 0.0217959 0.0798694 0.0677717 0.0528807 0.04013 0.0224614 0.0357745 0.0225083 0.00881397 0.00855152 0.00135912 0.000746735 0 0
 0 0 0 0 5.4009e-05 0.00500934 0.000945158 0.0243581 0.138947 0.33067 0.221406 0.137944 0.0707744 0.0437923 0.0131692 0.00525238 0.0047753 0.00276346 9.45158e-05 9.00151e-06 2.25038e-05 9.00151e-06 4.50075e-06 0 0 0
 0.000866109 0.00284123 0.00948549 0.0512746 0.133035 0.25785 0.225252 0.132002 0.0553304 0.0519788 0.0540692 0.017754 0.00435017 0.00159236 0.00146478 0.000404838 0.000125132 0.000115318 0.000107957 0.000100596 0 0 0 0 0 0
 0 0 0 0 0.00144013 0.00171154 0.00461396 0.0210425 0.0478622 0.0707936 0.0888783 0.103762 0.0637923 0.0337046 0.0602308 0.124433 0.169614 0.0934646 0.0462172 0.0250306 0.0313229 0.00938855 0.002487 0.000210481 0 0
 0 0.00764035 0.051015 0.0998891 0.058973 0.0496711 0.0374665 0.0718981 0.12319 0.153886 0.159021 0.0857701 0.0377988 0.023471 0.0147837 0.00900784 0.00315554 0.000888139 0.00291439 0.00214683 0.00393193 0.00274676 0.000635225 9.99891e-05 0 0
 0 0 0 0 0 0 0 0 0 0 0 0 0 0 0 0 0 0 0 0 0 0 0 0 0 0
 0 0 0 0 0 0 0 0 0 0 0 0 0 0 0 0 0 0 0 0 0 0 0 0 0 0
 0 0 0 0 0 0 0 0 0 0 0 0 0 0 0 0 0 0 0 0 0 0 0 0 0 0
 0 0 0 0 0 0 0 0 0 0 0 0 0 0 0 0 0 0 0 0 0 0 0 0 0 0
 0 0 0 0 0 0 0 0 0 0 0 0 0 0 0 0 0 0 0 0 0 0 0 0 0 0
 0 0 0 0 0 0 0 0 0 0 0 0 0 0 0 0 0 0 0 0 0 0 0 0 0 0
 0 0 0 0 0 0 0 0 0 0 0 0 0 0 0 0 0 0 0 0 0 0 0 0 0 0
ppred_pel_tallas
 1.11198e-16 4.47227e-05 0.00043472 0.00288887 0.0131324 0.0408598 0.0870566 0.127064 0.127077 0.0871169 0.0410637 0.0137272 0.00440409 0.00381568 0.00667989 0.0115296 0.0178987 0.0251963 0.0327489 0.040086 0.046932 0.0528394 0.0568734 0.0578043 0.054778 0.0479482
 1.18324e-16 4.03901e-05 0.000392606 0.00260901 0.0118602 0.0369016 0.0786238 0.11476 0.114788 0.0787619 0.0373655 0.0132013 0.00598008 0.00776762 0.0140964 0.023378 0.0340197 0.0435695 0.0496208 0.0512325 0.0495441 0.0469626 0.0455378 0.0457814 0.0466668 0.0465392
 1.13596e-16 5.31505e-05 0.000516641 0.00343327 0.0156071 0.0485597 0.103462 0.15101 0.151028 0.10355 0.0488552 0.0164625 0.00558656 0.00523844 0.0090836 0.0151 0.0221453 0.0287036 0.0332748 0.0352133 0.0350897 0.0342028 0.0336387 0.033637 0.0336539 0.0328946
 1.05343e-16 6.47368e-05 0.000629265 0.00418169 0.0190094 0.0591452 0.126016 0.183927 0.18394 0.126084 0.0593743 0.0196715 0.00584543 0.004267 0.00699077 0.0115013 0.0166746 0.0212148 0.0238554 0.0240374 0.0222397 0.0196268 0.0172996 0.0157384 0.0147663 0.0138998
 1.03525e-16 5.85438e-05 0.000569066 0.00378165 0.0171908 0.0534872 0.113961 0.166334 0.166356 0.114071 0.0538565 0.0182578 0.0064603 0.00641824 0.0111721 0.0183904 0.0265183 0.0334168 0.0369467 0.0361267 0.0317116 0.0256645 0.0199622 0.0156666 0.0127998 0.0108221
 1.02516e-16 6.59424e-05 0.000640983 0.00425956 0.0193634 0.0602466 0.128362 0.187352 0.187366 0.128431 0.0604786 0.0200337 0.00594402 0.00432388 0.0070772 0.0116394 0.0168625 0.0214176 0.0239898 0.0239634 0.021762 0.0185138 0.0153267 0.0127535 0.0107632 0.00906314
 1.04291e-16 4.4686e-05 0.000434364 0.0028865 0.0131217 0.0408265 0.0869866 0.126967 0.127003 0.0871634 0.0414202 0.0148367 0.00719222 0.00983603 0.0179069 0.0295506 0.0426062 0.0536668 0.0592845 0.0578651 0.0506035 0.0406399 0.0311493 0.0238573 0.0188438 0.0153071
 1.09254e-16 4.23755e-05 0.000411905 0.00273725 0.0124432 0.0387155 0.0824884 0.1204 0.120427 0.0826212 0.0391622 0.0137362 0.00599291 0.0075524 0.0137014 0.0228398 0.0334946 0.0433682 0.0501087 0.0525805 0.0514206 0.0483572 0.0449013 0.041517 0.0377915 0.0331889
 1.11198e-16 5.08486e-05 0.000494267 0.00328458 0.0149312 0.0464567 0.0989817 0.144471 0.144491 0.0990804 0.0467885 0.0158913 0.00570108 0.00579193 0.0101788 0.0169244 0.0247981 0.0320908 0.0371011 0.0390811 0.0386426 0.0372078 0.0359591 0.0351447 0.0341807 0.0322766
 1.05521e-16 6.48987e-05 0.000630838 0.00419214 0.0190569 0.0592931 0.126331 0.184386 0.184399 0.126396 0.0595121 0.01969 0.00578339 0.00411157 0.00669644 0.011024 0.0160094 0.0204251 0.0230729 0.0234239 0.0219262 0.019665 0.0176516 0.0163025 0.01542 0.0145359
 1.01649e-16 7.13772e-05 0.000693812 0.00461062 0.0209592 0.065212 0.138941 0.202791 0.202802 0.138992 0.0653831 0.0214534 0.00585119 0.00340253 0.00521743 0.00851713 0.0122737 0.0154596 0.0170807 0.0166829 0.014619 0.0118034 0.00915716 0.00717572 0.00586857 0.00498079
 1.01154e-16 6.60968e-05 0.000642484 0.00426953 0.0194087 0.0603877 0.128663 0.187791 0.187808 0.128745 0.0606623 0.0202015 0.00625923 0.0049845 0.00830792 0.0136182 0.0195831 0.024566 0.0269452 0.0259699 0.0222044 0.017145 0.0123322 0.00864529 0.0061857 0.00460834
 1.01728e-16 6.22113e-05 0.000604716 0.00401855 0.0182677 0.0568379 0.1211 0.176753 0.176772 0.121195 0.0571568 0.0191892 0.00633205 0.00565719 0.00966376 0.0158929 0.0229229 0.0288956 0.0319534 0.0312267 0.0273323 0.0219261 0.0166897 0.0125501 0.00958314 0.0074178
 1.02614e-16 5.9769e-05 0.000580976 0.00386079 0.0175506 0.0546066 0.116346 0.169815 0.169835 0.116447 0.0549462 0.0185318 0.0063252 0.00596561 0.0103003 0.0169705 0.0245258 0.0310179 0.0344941 0.0340407 0.0303007 0.02499 0.0198251 0.0157118 0.0126697 0.0102831
 1.02155e-16 6.70005e-05 0.000651269 0.00432791 0.0196741 0.0612134 0.130422 0.190358 0.190371 0.130489 0.0614373 0.0203211 0.00595327 0.00420354 0.00682541 0.0112091 0.0162139 0.0205425 0.0229158 0.0227379 0.0204314 0.0171142 0.0138933 0.0113351 0.00942407 0.00786912
 1.00366e-16 7.87805e-05 0.000765775 0.00508884 0.0231331 0.0719758 0.153352 0.223823 0.223826 0.153369 0.0720333 0.0232993 0.00550587 0.00167625 0.00180822 0.00286537 0.00412165 0.00518626 0.00571932 0.00556533 0.00484034 0.00385053 0.00290701 0.00218129 0.00168492 0.00134231
 1.01058e-16 3.64611e-05 0.000354415 0.00235521 0.0107065 0.0333121 0.0709769 0.103604 0.103655 0.0712288 0.0341577 0.0131475 0.00847777 0.0137045 0.0253449 0.0417222 0.0598161 0.0746242 0.0810727 0.0768215 0.0636892 0.0464957 0.030286 0.0180649 0.0103281 0.0060178
 1.01188e-16 7.66117e-05 0.000744693 0.00494875 0.0224963 0.0699943 0.14913 0.217661 0.217664 0.149146 0.0700475 0.0226505 0.0053381 0.00160216 0.00172699 0.00279068 0.00414438 0.00548426 0.00654608 0.00719053 0.00745079 0.00745097 0.00727206 0.00689197 0.006242 0.00530908
 1.0153e-16 5.38257e-05 0.000523205 0.00347688 0.0158054 0.0491767 0.104777 0.152932 0.152963 0.10493 0.0496896 0.0172862 0.00719129 0.00862295 0.0154108 0.0253246 0.0363188 0.0453445 0.0493385 0.0469001 0.0391489 0.0290121 0.0195307 0.0124807 0.00809565 0.00566607
 1.03673e-16 5.58733e-05 0.000543108 0.00360915 0.0164067 0.0510473 0.108763 0.158747 0.158768 0.108866 0.0513963 0.0174157 0.0061467 0.00609816 0.0106512 0.0176376 0.0256736 0.0328451 0.0372121 0.0378338 0.0352559 0.0310096 0.0265684 0.0226234 0.019111 0.0157161
 1.03312e-16 6.49107e-05 0.000630955 0.00419292 0.0190604 0.0593041 0.126354 0.184421 0.184435 0.126425 0.0595415 0.0197467 0.0059175 0.00440206 0.00724567 0.0119253 0.0172896 0.0219905 0.0246981 0.0248009 0.0227491 0.0197013 0.0167716 0.0144781 0.012721 0.0111335
 1.02196e-16 6.57562e-05 0.000639173 0.00424753 0.0193087 0.0600765 0.128 0.186823 0.186839 0.128077 0.0603345 0.0200539 0.00611865 0.0047252 0.00782988 0.0128509 0.0185312 0.0233576 0.0258339 0.0252716 0.0221916 0.0179556 0.0139354 0.0108683 0.00877424 0.00729113
 1.05425e-16 3.03946e-05 0.000295447 0.00196335 0.00892513 0.0277697 0.059168 0.0863679 0.0864177 0.0594112 0.0285863 0.0112842 0.00788634 0.0132303 0.0246102 0.0406742 0.0586745 0.0739589 0.0817879 0.0799539 0.0700632 0.056384 0.0432377 0.0329846 0.0257694 0.0205658
 1.05644e-16 6.49219e-05 0.000631064 0.00419364 0.0190637 0.0593142 0.126376 0.184451 0.184459 0.126416 0.05945 0.0194579 0.00519042 0.00283115 0.00431409 0.00721439 0.0108188 0.0145099 0.0176807 0.0200201 0.0216128 0.022708 0.0233742 0.0233711 0.0223432 0.0201351
 1.0496e-16 5.58047e-05 0.000542442 0.00360472 0.0163865 0.0509847 0.108629 0.158553 0.158578 0.108752 0.0513966 0.0175759 0.00658984 0.00705804 0.0124279 0.0204532 0.029453 0.0370394 0.040832 0.0397703 0.0347636 0.0280871 0.0220119 0.017724 0.0151617 0.0135691
 1.07768e-16 4.00625e-05 0.000389422 0.00258784 0.011764 0.0366023 0.0779864 0.113831 0.113866 0.0781567 0.0371746 0.0134184 0.00674627 0.00948582 0.0173701 0.0287946 0.0418065 0.0532633 0.059964 0.0604023 0.0555945 0.0482478 0.0409869 0.0350698 0.0303518 0.0261004
 1.05865e-16 6.39109e-05 0.000621237 0.00412834 0.0187668 0.0583906 0.124408 0.181579 0.18159 0.124463 0.0585752 0.0193011 0.00547447 0.00357661 0.00572615 0.00949546 0.0139789 0.0182266 0.0213076 0.0227903 0.0229508 0.0224718 0.0218922 0.0212743 0.0203038 0.0186435
 1.04023e-16 6.03684e-05 0.000586802 0.00389951 0.0177266 0.0551542 0.117513 0.171517 0.171538 0.117613 0.0554904 0.0186979 0.0063377 0.00591018 0.0101731 0.0167304 0.0241161 0.0303783 0.0335776 0.0328407 0.0288859 0.023533 0.0185978 0.0150295 0.0127899 0.0113036
 1.07604e-16 3.20087e-05 0.000311136 0.00206761 0.00939908 0.0292443 0.0623097 0.0909521 0.0909966 0.0625273 0.0299751 0.0115111 0.0073733 0.0119074 0.0220963 0.0365855 0.0529481 0.0671023 0.0748858 0.0743531 0.066878 0.0561052 0.0456471 0.0373592 0.0312019 0.0262308
 1.15094e-16 3.95182e-05 0.000384131 0.00255269 0.0116042 0.036105 0.0769262 0.112281 0.112302 0.0770298 0.0364538 0.0126159 0.00510831 0.00601653 0.0108938 0.0183598 0.0274123 0.0365082 0.0440584 0.0492902 0.052543 0.0546684 0.05608 0.0563224 0.0544792 0.049966
 1.05173e-16 7.1491e-05 0.000694918 0.00461798 0.0209927 0.065316 0.139163 0.203114 0.20312 0.139195 0.0654235 0.0213038 0.00540093 0.00241094 0.00335115 0.00548272 0.00802664 0.010391 0.0120365 0.0127498 0.0127693 0.0125949 0.0126253 0.0129111 0.0131802 0.0130579
pSPR Fmed_Fpbrs
0.532515   0.6 0.325
Fs Fmed_Fpbrs
0.377969   0.299252 0.740548
SSBpbr Bo_Bmed_Bpbrs
1.49272e+06  720261  820998 410499
Ro
137946
SPR SPRFo_SPRFmed_SPRFpbrs
986031 525076 320460
Fref
0.299252
Nvult_r0
 163832 12629.3 5002 5194.88 1649.13
CTP_r0
 29418.9 2968.71 1195.24 1242.41 394.425
YTP_r0
391296
Np
 177429 68739.8 4684.15 1838.33 2420.94
Nvult_p0
 124433 49865.6 3406.15 1336.94 1760.66
CTP_p0
 21455.6 11285.9 783.796 307.918 405.525
YTP_p0
 378557
CBA_c0
387474
log_Ro
11.6546
likeval ReclasPelacesDesembMPH_pf_preclas_ppelaces_ptallas_desvR_qrecl_qpela
 12.5077 16.8983 0.0363529 0.000819763 241.362 117.165 93.7666 0 24.0911 3.72734e-06 1.72547e-05 0.182615 5.42733e-16 0 0
q_reclas_q_pelaces
1.31466 1.80574
M
1
N
 170826 36089.1 89982.8 6095.79 0.222873
 93805.6 54392.3 10839.7 26908.3 1822.51
 94865.2 26444 13769.7 2721.93 7211.38
 143887 26874.2 6740.73 3482.12 2510.84
 116517 35583.8 5660.81 1402.78 1246.33
 213368 37569.2 10878.2 1723.6 806.417
 83371.8 61741.4 9866.32 2835.95 659.313
 35355.3 17657 10461.2 1643.79 581.799
 34730.4 11827.3 5684.21 3357.98 714.284
 46912.6 8738.12 2552.28 1212.5 868.105
 87677.3 10124.3 1520.22 436.868 355.813
 127217 28683.6 3158.81 472.618 246.387
 106369 29254.1 5455.38 592.228 134.696
 74252.1 25220.3 5808.27 1068.73 142.303
 68238.5 12706.9 3168.06 712.771 148.425
 367423 14381.6 2138.3 524.133 142.347
 73847.2 87434.2 2870 421.09 131.153
 593490 20489.9 21646.8 704.463 135.488
 333083 167129 5179.47 5427.48 210.506
 260518 84278.1 36353.1 1113.82 1211.68
 364536 67520.6 18960.8 8091.75 517.322
 499515 101901 16892.2 4704 2134.87
 97582.2 130080 23079 3785.71 1531.78
 290074 29209 35823.8 6316.06 1454.74
 244357 88856.2 8309.32 10134.3 2197.64
 108239 74942.6 25320.5 2354.72 3493.61
 244517 34381.2 22433.9 7545.76 1742.43
 275569 74893.7 9779.3 6345.46 2626.38
 78503.8 86861.5 22178.3 2882.32 2643.65
 58246.3 25082.5 26216.3 6665.04 1660.28
 232571 17313.5 6840.33 7103.16 2254.91
pred_Ctot
 14693.8 4256.82 10825.2 734.11 0.0268418
 14161.7 11052 2243.29 5574.15 377.558
 14085 5288.26 2804.78 554.978 1470.41
 30785.5 7594.11 1937.37 1001.7 722.33
 9197.21 3859.33 626.281 155.359 138.041
 29353.3 6983.57 2060.11 326.739 152.879
 23377.7 22394.5 3634.38 1045.51 243.076
 2042.02 1409.54 852.25 134.06 47.4516
 7156.21 3226.44 1577.42 932.719 198.411
 12796.2 3090.65 916.954 435.973 312.155
 6195.12 985.208 150.93 43.4192 35.3654
 31316 9233.02 1033.43 154.754 80.6807
 24766.3 8943.85 1695.68 184.242 41.9059
 26681.6 11422.3 2666.62 491.013 65.3819
 19268.1 4638.32 1174.37 264.433 55.0671
 84959.6 4368.77 660.417 162.021 44.0048
 11739 18662.7 623.826 91.6168 28.5365
 89915.7 4177.47 4494.96 146.424 28.163
 67759.8 45048.7 1420.3 1489.67 57.7801
 50061.9 21531.6 9450.96 289.836 315.315
 56586.1 14089 4029.24 1721.2 110.045
 94861.8 25746 4343.22 1210.59 549.441
 11689.2 21163.1 3826.85 628.362 254.262
 31143.3 4274.39 5344.39 943.232 217.261
 26074.6 12926 1232.3 1504.5 326.27
 9455.87 8974.57 3092.51 287.894 427.162
 26265.7 5033.79 3348.47 1127.43 260.355
 25257.1 9398.02 1251.45 812.871 336.465
 6600.59 10020.4 2609.57 339.501 311.406
 7193.19 4202.57 4476.46 1139.21 283.796
 29418.9 2968.71 1195.24 1242.41 394.425
F
 0.144425 0.202778 0.207183 0.20742 0.207433
 0.266197 0.373751 0.381871 0.382308 0.382331
 0.261289 0.366859 0.37483 0.375259 0.375282
 0.397141 0.5576 0.569715 0.570367 0.570401
 0.131858 0.185133 0.189155 0.189372 0.189383
 0.240063 0.337057 0.34438 0.344774 0.344795
 0.552178 0.775278 0.792123 0.79303 0.793077
 0.0950393 0.133439 0.136338 0.136494 0.136502
 0.379921 0.533422 0.545012 0.545636 0.545669
 0.533349 0.748841 0.765111 0.765987 0.766033
 0.117335 0.164743 0.168322 0.168515 0.168525
 0.469878 0.659725 0.674059 0.674831 0.674871
 0.439259 0.616735 0.630135 0.630857 0.630895
 0.765317 1.07453 1.09788 1.09913 1.0992
 0.557062 0.782135 0.799129 0.800044 0.800092
 0.435626 0.611634 0.624923 0.625639 0.625676
 0.282064 0.396027 0.404632 0.405095 0.40512
 0.267253 0.375232 0.383385 0.383824 0.383847
 0.37427 0.525488 0.536906 0.53752 0.537553
 0.35024 0.49175 0.502434 0.503009 0.503039
 0.274624 0.385582 0.39396 0.394411 0.394435
 0.345488 0.485078 0.495617 0.496185 0.496215
 0.206217 0.289536 0.295827 0.296166 0.296184
 0.183116 0.257101 0.262687 0.262988 0.263004
 0.181908 0.255405 0.260954 0.261253 0.261269
 0.146827 0.20615 0.210629 0.21087 0.210883
 0.183217 0.257244 0.262833 0.263134 0.26315
 0.154524 0.216957 0.221671 0.221925 0.221938
 0.140976 0.197935 0.202236 0.202467 0.202479
 0.213197 0.299336 0.30584 0.30619 0.306208
 0.21887 0.307301 0.313977 0.314337 0.314356
nmprior
 8.19 8.8 8.5 0
nm_flota  nm_reclas  nm_pelaces    nm_pelaL
inf 13.9845 15.8778 27.6024
cv_recla  cv_pelaces  cv_mph
0.3199 0.483712 0.883587
 ------------------------------------------------
Talla a la edad & desviaci?n 
 8 13.2811 15.8009 17.003 17.5766
 0.8 1.32811 1.58009 1.7003 1.75766
