years
 1991 1992 1993 1994 1995 1996 1997 1998 1999 2000 2001 2002 2003 2004 2005 2006 2007 2008 2009 2010 2011 2012 2013 2014 2015 2016 2017 2018 2019 2020 2021
reclasobs
 0 0 0 0 0 0 0 0 0 252601 567819 844713 477998 351125 339783 2.1784e+06 2.13404e+06 4.81314e+06 1.55562e+06 2.62356e+06 3.21686e+06 3.843e+06 1.13348e+06 3.07943e+06 1.97215e+06 2.03268e+06 2.025e+06 2.42433e+06 2.27542e+06 1.05018e+06 2.36338e+06
reclaspred
 3.27018e+06 1.78994e+06 906185 923913 932218 1.59867e+06 902099 775585 548891 371678 502539 683976 669784 495469 488195 1.35417e+06 1.1884e+06 3.05147e+06 2.42939e+06 1.81643e+06 3.13767e+06 2.54839e+06 1.92794e+06 3.05102e+06 2.26428e+06 1.99589e+06 2.41647e+06 2.62469e+06 2.06077e+06 1.22681e+06 1.97946e+06
pelacesobs
 0 0 0 0 0 0 0 0 0 0 0 0 0 0 0 552880 188675 0 991730 2.46772e+06 1.41603e+06 1.21717e+06 2.29649e+06 1.80582e+06 0 1.4828e+06 1.56532e+06 1.57751e+06 1.42118e+06 867257 0
pelacespred
 1.85796e+06 1.11232e+06 549510 455841 500455 883053 441100 501516 325298 201996 294210 331211 359679 269817 275555 644285 583107 1.72904e+06 1.40156e+06 954884 1.66022e+06 1.41516e+06 1.10513e+06 1.91658e+06 1.36775e+06 1.21268e+06 1.66242e+06 1.77888e+06 1.17578e+06 780523 1.17151e+06
mphobs
 0 0 0 0 0 0 0 0 0 0 0 498337 0 5186 125008 0 168611 109162 213762 579715 649985 157893 87575 83554 0 0 0 0 0 0 0
mphpred
 505639 338134 162841 90197.1 98202.8 116975 159531 86011.9 77428.5 48603.4 29873.1 61162.7 65695.9 53517.4 32637 41770.6 152607 132309 305198 214868 234677 285642 271364 215059 310515 255555 208248 226194 325782 208974 108355
desembarqueobs
 494567 514787 250237 358949 120608 361735 552515 73892 212993 205616 52469 317467 293654 387597 252695 516296 358380 742168 942051 627588 828172 859565 418607 520667 417249 300574 415391 372974 316634 284311 219260
desembarquepred
 494571 513832 250682 358985 120614 361743 552540 73897.4 213054 205672 52471.8 317529 293689 387576 252669 516222 358408 742020 941764 627379 828252 859535 418605 520690 417235 300570 415382 372942 316614 284316 219263
Reclutas
 171235 94939.8 95432.3 145018 117086 213221 83869.3 35615.6 34801 46761.6 87678.2 127231 105944 74548 68604.6 366960 70477.9 586195 330427 275307 362120 501494 97454.5 288164 247209 108376 244823 276855 76447.6 56897 262695
log_desv_Rt
 0.212402 -0.377389 -0.372215 0.0462283 -0.167728 0.431697 -0.501373 -1.35785 -1.38099 -1.08557 -0.456959 -0.084625 -0.267722 -0.619189 -0.702273 0.974621 -0.675333 1.44302 0.869753 0.687255 0.961342 1.28696 -0.351247 0.732896 0.579602 -0.245022 0.569902 0.692861 -0.594027 -0.88939 0.640361
SSB
 2.09082e+06 1.39819e+06 673351 372966 406070 483694 659663 355660 320168 200976 123526 252909 271654 221295 134954 172722 631030 547101 1.262e+06 888481 970391 1.18114e+06 1.12209e+06 889271 1.28398e+06 1.05672e+06 861107 935317 1.34711e+06 864110 448051
BT
 2.94445e+06 2.01575e+06 989983 927479 783375 1.53708e+06 1.09414e+06 757612 659786 476296 455693 724112 765107 778023 638918 1.32419e+06 1.07851e+06 3.08594e+06 2.83563e+06 1.87058e+06 2.98482e+06 2.75087e+06 1.87618e+06 3.16248e+06 2.26184e+06 1.932e+06 2.7423e+06 2.85261e+06 1.86125e+06 1.34376e+06 1.82796e+06
Ftot
 0.200985 0.37062 0.363834 0.554006 0.185125 0.339095 0.784317 0.134709 0.538169 0.757237 0.166248 0.668133 0.626803 1.08788 0.785602 0.61544 0.408506 0.385762 0.54352 0.493228 0.386029 0.488471 0.293269 0.260599 0.259358 0.208866 0.259649 0.218543 0.201642 0.3078 0.176652
BD_Bspro_t
 0.96847 0.783607 0.580513 0.481223 0.473619 0.566632 0.565563 0.371444 0.428046 0.365464 0.320931 0.577642 0.456184 0.360759 0.247611 0.298272 0.489728 0.442426 0.578971 0.462803 0.437406 0.483217 0.499389 0.481113 0.603982 0.613902 0.619766 0.665288 0.723462 0.633881 0.562598
BD_Bspro
 2.12056 1.41807 0.682927 0.378271 0.411845 0.490573 0.669045 0.360719 0.324721 0.203834 0.125282 0.256505 0.275517 0.224443 0.136874 0.175179 0.640005 0.554883 1.27995 0.901117 0.984193 1.19793 1.13805 0.901919 1.30225 1.07175 0.873354 0.948619 1.36627 0.8764 0.454423
BD_Bo
 1.41378 0.94543 0.455308 0.252193 0.274577 0.327065 0.446053 0.240491 0.216492 0.135896 0.0835258 0.171012 0.183687 0.149636 0.0912537 0.116792 0.426691 0.36994 0.853341 0.600775 0.656161 0.798663 0.758739 0.601309 0.868207 0.714536 0.582265 0.632445 0.910894 0.584296 0.302964
BD_Brms
 2.57051 1.71896 0.827832 0.458533 0.499232 0.594664 0.811005 0.437257 0.393621 0.247084 0.151865 0.310931 0.333977 0.272065 0.165916 0.212349 0.775802 0.672619 1.55153 1.09232 1.19302 1.45211 1.37953 1.09329 1.57856 1.29916 1.05866 1.1499 1.65617 1.06236 0.550844
Sel_flota
 0.709871 0.978942 0.998869 0.99994 0.999997
 0.709871 0.978942 0.998869 0.99994 0.999997
 0.709871 0.978942 0.998869 0.99994 0.999997
 0.709871 0.978942 0.998869 0.99994 0.999997
 0.709871 0.978942 0.998869 0.99994 0.999997
 0.709871 0.978942 0.998869 0.99994 0.999997
 0.709871 0.978942 0.998869 0.99994 0.999997
 0.709871 0.978942 0.998869 0.99994 0.999997
 0.709871 0.978942 0.998869 0.99994 0.999997
 0.709871 0.978942 0.998869 0.99994 0.999997
 0.709871 0.978942 0.998869 0.99994 0.999997
 0.709871 0.978942 0.998869 0.99994 0.999997
 0.709871 0.978942 0.998869 0.99994 0.999997
 0.709871 0.978942 0.998869 0.99994 0.999997
 0.709871 0.978942 0.998869 0.99994 0.999997
 0.709871 0.978942 0.998869 0.99994 0.999997
 0.709871 0.978942 0.998869 0.99994 0.999997
 0.709871 0.978942 0.998869 0.99994 0.999997
 0.709871 0.978942 0.998869 0.99994 0.999997
 0.709871 0.978942 0.998869 0.99994 0.999997
 0.709871 0.978942 0.998869 0.99994 0.999997
 0.709871 0.978942 0.998869 0.99994 0.999997
 0.709871 0.978942 0.998869 0.99994 0.999997
 0.709871 0.978942 0.998869 0.99994 0.999997
 0.709871 0.978942 0.998869 0.99994 0.999997
 0.709871 0.978942 0.998869 0.99994 0.999997
 0.709871 0.978942 0.998869 0.99994 0.999997
 0.709871 0.978942 0.998869 0.99994 0.999997
 0.709871 0.978942 0.998869 0.99994 0.999997
 0.709871 0.978942 0.998869 0.99994 0.999997
 0.709871 0.978942 0.998869 0.99994 0.999997
Sel_reclas
 1 1 1 1 1
 1 1 1 1 1
 1 1 1 1 1
 1 1 1 1 1
 1 1 1 1 1
 1 1 1 1 1
 1 1 1 1 1
 1 1 1 1 1
 1 1 1 1 1
 1 1 1 1 1
 1 1 1 1 1
 1 1 1 1 1
 1 1 1 1 1
 1 1 1 1 1
 1 1 1 1 1
 1 1 1 1 1
 1 1 1 1 1
 1 1 1 1 1
 1 1 1 1 1
 1 1 1 1 1
 1 1 1 1 1
 1 1 1 1 1
 1 1 1 1 1
 1 1 1 1 1
 1 1 1 1 1
 1 1 1 1 1
 1 1 1 1 1
 1 1 1 1 1
 1 1 1 1 1
 1 1 1 1 1
 1 1 1 1 1
Sel_pelaces
 0.952227 1 1 1 1
 0.952227 1 1 1 1
 0.952227 1 1 1 1
 0.952227 1 1 1 1
 0.952227 1 1 1 1
 0.952227 1 1 1 1
 0.952227 1 1 1 1
 0.952227 1 1 1 1
 0.952227 1 1 1 1
 0.952227 1 1 1 1
 0.952227 1 1 1 1
 0.952227 1 1 1 1
 0.952227 1 1 1 1
 0.952227 1 1 1 1
 0.952227 1 1 1 1
 0.952227 1 1 1 1
 0.952227 1 1 1 1
 0.952227 1 1 1 1
 0.952227 1 1 1 1
 0.952227 1 1 1 1
 0.952227 1 1 1 1
 0.952227 1 1 1 1
 0.952227 1 1 1 1
 0.952227 1 1 1 1
 0.952227 1 1 1 1
 0.952227 1 1 1 1
 0.952227 1 1 1 1
 0.952227 1 1 1 1
 0.952227 1 1 1 1
 0.952227 1 1 1 1
 0.952227 1 1 1 1
pf_obs 
 0.8446 0.082 0.0669 0.0065 0
 0.8095 0.147 0.0364 0.0071 0
 0.9664 0.0169 0.016 0.0007 0
 0.9276 0.0648 0.0075 0.0001 0
 0.7033 0.2144 0.0806 0.0017 0
 0.9318 0.0425 0.0243 0.0014 0
 0.5671 0.3108 0.0964 0.0239 0.0018
 0.0768 0.2599 0.5324 0.112 0.0189
 0.490249 0.384438 0.106611 0.0170017 0.00170017
 0.7925 0.1577 0.0466 0.003 0.0002
 0.840416 0.127587 0.0312969 0.00059994 9.999e-05
 0.8084 0.0986 0.0794 0.0134 0.0002
 0.7335 0.1905 0.0724 0.0035 0.0001
 0.4001 0.4547 0.1325 0.0127 0
 0.49795 0.308269 0.164784 0.0264974 0.00249975
 0.9179 0.0499 0.0305 0.0017 0
 0.2467 0.6533 0.0926 0.0074 0
 0.9418 0.0223 0.034 0.0019 0
 0.707729 0.231977 0.0356964 0.0245975 0
 0.517169 0.277429 0.184464 0.0207286 0.00020938
 0.811772 0.124168 0.05621 0.00726502 0.000585176
 0.764997 0.148141 0.077277 0.00933861 0.000247198
 0.163321 0.427699 0.378323 0.0303852 0.000271297
 0.753843 0.0900009 0.118128 0.0371064 0.000921714
 0.721811 0.176058 0.0630433 0.0369309 0.00215725
 0.143369 0.312575 0.442814 0.0836902 0.0175525
 0.692698 0.0596174 0.167031 0.0765114 0.00414204
 0.394062 0.376323 0.152708 0.0712218 0.00568511
 0.125707 0.32114 0.495352 0.0537591 0.00404204
 0.23352 0.215282 0.420074 0.123614 0.00750983
 0 0 0 0 0
pf_pred 
 0.479309 0.138444 0.358128 0.0241174 8.626e-07
 0.426351 0.325225 0.0671098 0.169886 0.0114279
 0.581938 0.21722 0.11508 0.0231895 0.0625726
 0.733294 0.178626 0.0462994 0.0239537 0.0178278
 0.659411 0.274022 0.0449741 0.0113575 0.0102346
 0.756181 0.178169 0.0530431 0.00852122 0.00408625
 0.465661 0.436876 0.0716724 0.0208424 0.00494759
 0.460306 0.310494 0.188395 0.0300194 0.010785
 0.549277 0.245197 0.119299 0.0708896 0.0153366
 0.730243 0.174531 0.0524318 0.0248544 0.0179389
 0.838866 0.130201 0.0202205 0.00590213 0.00480956
 0.751716 0.218337 0.0242984 0.003694 0.0019546
 0.6979 0.248301 0.0474674 0.00513802 0.00119262
 0.651049 0.271587 0.0638957 0.0118855 0.00158281
 0.762266 0.179621 0.0455668 0.0103649 0.00218081
 0.942343 0.0480669 0.00729826 0.00179788 0.00049422
 0.370239 0.605232 0.0205415 0.00303598 0.000952096
 0.913081 0.0400096 0.0451251 0.00149488 0.000289846
 0.591976 0.383115 0.0116147 0.0127891 0.000505161
 0.634676 0.24963 0.108807 0.00321387 0.00367349
 0.734105 0.19153 0.0512217 0.0217677 0.00137596
 0.751506 0.198956 0.0359253 0.00937999 0.00423275
 0.313557 0.560803 0.101102 0.0178011 0.00673592
 0.744367 0.100836 0.126992 0.0223799 0.00542482
 0.627915 0.300102 0.0287826 0.0354486 0.00775207
 0.428397 0.403122 0.136488 0.012802 0.0191919
 0.731782 0.137782 0.0925808 0.0306734 0.00718155
 0.685906 0.249916 0.0333306 0.0219023 0.0089448
 0.329002 0.50636 0.131592 0.017172 0.0158738
 0.416615 0.238135 0.261927 0.0666137 0.0167085
 0.854168 0.0739919 0.0297279 0.0319586 0.0101539
pobs_RECLAS
 0 0 0 0 0
 0 0 0 0 0
 0 0 0 0 0
 0 0 0 0 0
 0 0 0 0 0
 0 0 0 0 0
 0 0 0 0 0
 0 0 0 0 0
 0 0 0 0 0
 0 0 0 0 0
 0.991045 0.00858322 0.000360255 1.14367e-05 0
 0.934742 0.0480273 0.0164251 0.00080598 0
 0.827803 0.169806 0.00239088 0 0
 0.941827 0.0461693 0.0120037 0 0
 0.791401 0.0380133 0.147996 0.0225897 0
 0.846168 0.0940531 0.0597789 0 0
 0.134021 0.677848 0.182769 0.00536245 0
 0.80878 0.0450904 0.141981 0.00414843 0
 0.846168 0.0940531 0.0597789 0 0
 0.905697 0.0802665 0.012482 0.00150086 5.37128e-05
 0.989698 0.0102097 9.19794e-05 0 0
 0.975433 0.0193895 0.00387452 0.00125025 5.28907e-05
 0.303575 0.632131 0.0575291 0.00676475 0
 0.966965 0.00978017 0.0227588 0.000495775 0
 0.843318 0.132988 0.00938335 0.0141283 0.000182051
 0.564624 0.303363 0.111486 0.0197234 0.00080311
 0.826376 0.0876187 0.0782897 0.00655872 0.00115652
 0.89761 0.0855135 0.0140674 0.00269457 0.000114338
 0.34875 0.467042 0.161289 0.0227151 0.000203297
 0.318654 0.224769 0.449479 0.00709798 0
 0.937255 0.0296025 0.0250945 0.00804832 0
ppred_RECLAS
 0.564347 0.117595 0.29801 0.020047 7.16973e-07
 0.511153 0.279758 0.0565299 0.142944 0.00961496
 0.662116 0.177368 0.092019 0.0185219 0.049975
 0.795375 0.138042 0.0350185 0.0180966 0.0134678
 0.729246 0.218719 0.0351688 0.0088716 0.00799406
 0.812814 0.137558 0.0401064 0.00643582 0.00308604
 0.553761 0.366343 0.0587726 0.0170708 0.00405203
 0.543458 0.26495 0.157514 0.0250716 0.00900685
 0.633219 0.201528 0.0959694 0.0569615 0.0123226
 0.794439 0.134064 0.0393886 0.0186494 0.0134595
 0.87861 0.098477 0.0149838 0.00436884 0.00355991
 0.810667 0.166938 0.0181756 0.00275995 0.00146028
 0.765536 0.193457 0.0361866 0.00391241 0.000908083
 0.729963 0.211274 0.0485439 0.00901844 0.00120092
 0.820545 0.136334 0.0338209 0.00768395 0.00161663
 0.958476 0.0347429 0.00516182 0.00127011 0.000349121
 0.450903 0.528142 0.0175513 0.00259112 0.00081254
 0.936771 0.0294355 0.0325088 0.00107573 0.000208564
 0.670852 0.309467 0.0091825 0.0100994 0.000398897
 0.710046 0.199466 0.0851069 0.00251099 0.00286992
 0.794786 0.148699 0.0389404 0.01653 0.00104482
 0.809583 0.15311 0.027064 0.00705831 0.00318489
 0.389279 0.500845 0.0884372 0.015554 0.00588528
 0.803724 0.0784036 0.0967198 0.0170262 0.00412687
 0.701758 0.241531 0.022691 0.0279155 0.00610434
 0.511113 0.346889 0.115058 0.0107802 0.01616
 0.792844 0.107501 0.0707554 0.0234166 0.00548219
 0.752574 0.197714 0.0258314 0.0169558 0.00692428
 0.405866 0.450629 0.114727 0.0149549 0.0138235
 0.501399 0.20607 0.221992 0.056395 0.0141445
 0.891279 0.0557369 0.0219394 0.02356 0.00748507
pobs_PELACES
 0 0 0 0 0
 0 0 0 0 0
 0 0 0 0 0
 0 0 0 0 0
 0 0 0 0 0
 0 0 0 0 0
 0 0 0 0 0
 0 0 0 0 0
 0 0 0 0 0
 0 0 0 0 0
 0 0 0 0 0
 0 0 0 0 0
 0 0 0 0 0
 0 0 0 0 0
 0 0 0 0 0
 0 0 0 0 0
 0.505614 0.472636 0.0217494 0 0
 0 0 0 0 0
 0.443492 0.261883 0.143347 0.151278 0
 0.227955 0.32914 0.350689 0.0885471 0.00366901
 0.970185 0.0296113 0.000203453 0 0
 0.997202 0.00247181 0.000326279 0 0
 0.445219 0.490057 0.0546422 0.010081 0
 0.90214 0.0892962 0.00764917 0.000914606 0
 0 0 0 0 0
 0.581667 0.319106 0.0959925 0.00289975 0.000334073
 0.762889 0.0836404 0.116647 0.0363945 0.000428098
 0.88444 0.0763242 0.0277011 0.0115352 0
 0.521256 0.241999 0.230069 0.00667565 0
 0.616807 0.101726 0.260614 0.0208532 0
 0 0 0 0 0
ppred_PELACES
 0.556923 0.119715 0.302981 0.0203799 7.28877e-07
 0.507414 0.282203 0.0568852 0.143823 0.00967405
 0.658644 0.179399 0.0928505 0.0186868 0.0504197
 0.795611 0.13805 0.0348932 0.0180283 0.0134168
 0.722827 0.223958 0.0359674 0.00907247 0.00817503
 0.810022 0.139693 0.0406382 0.00652037 0.00312656
 0.559099 0.3623 0.057825 0.0167909 0.00398553
 0.53436 0.270331 0.160571 0.0255569 0.00918119
 0.633326 0.201797 0.0957582 0.0568253 0.012293
 0.797695 0.132174 0.0386405 0.0182903 0.0132002
 0.874939 0.101476 0.0154233 0.00449673 0.0036641
 0.812334 0.165555 0.017946 0.00272444 0.00144147
 0.766866 0.192499 0.0358591 0.00387615 0.000899657
 0.739553 0.20409 0.0465591 0.00864638 0.00115135
 0.82377 0.134052 0.0330834 0.00751431 0.00158091
 0.958729 0.0345547 0.00511313 0.00125786 0.000345748
 0.447791 0.53119 0.0176052 0.00259871 0.000814913
 0.935977 0.029846 0.0328787 0.00108782 0.000210906
 0.670748 0.309633 0.00915464 0.0100668 0.000397606
 0.709193 0.200256 0.0851674 0.00251234 0.00287143
 0.792499 0.150463 0.0393025 0.0166814 0.00105438
 0.80882 0.153821 0.0271025 0.00706714 0.00318885
 0.383929 0.505409 0.0890713 0.0156639 0.00592683
 0.799786 0.0800596 0.0985935 0.0173545 0.00420641
 0.696375 0.245973 0.0230689 0.0283778 0.0062054
 0.503614 0.352351 0.11671 0.0109341 0.0163907
 0.788698 0.109745 0.0721087 0.0238623 0.0055865
 0.747088 0.202158 0.0263741 0.0173107 0.00706918
 0.398479 0.456379 0.116037 0.0151246 0.0139803
 0.496294 0.20843 0.224081 0.0569193 0.014276
 0.888071 0.0574148 0.0225737 0.0242396 0.00770095
pobs_pel_tallas
 0 0 0 0 0 0 0 0 0 0 0 0 0 0 0 0 0 0 0 0 0 0 0 0 0 0
 0 0 0 0 0 0 0 0 0 0 0 0 0 0 0 0 0 0 0 0 0 0 0 0 0 0
 0 0 0 0 0 0 0 0 0 0 0 0 0 0 0 0 0 0 0 0 0 0 0 0 0 0
 0 0 0 0 0 0 0 0 0 0 0 0 0 0 0 0 0 0 0 0 0 0 0 0 0 0
 0 0 0 0 0 0 0 0 0 0 0 0 0 0 0 0 0 0 0 0 0 0 0 0 0 0
 0 0 0 0 0 0 0 0 0 0 0 0 0 0 0 0 0 0 0 0 0 0 0 0 0 0
 0 0 0 0 0 0 0 0 0 0 0 0 0 0 0 0 0 0 0 0 0 0 0 0 0 0
 0 0 0 0 0 0 0 0 0 0 0 0 0 0 0 0 0 0 0 0 0 0 0 0 0 0
 0 0 0 0 0 0 0 0 0 0 0 0 0 0 0 0 0 0 0 0 0 0 0 0 0 0
 0 0 0 0 0 0 0 0 0 0 0 0 0 0 0 0 0 0 0 0 0 0 0 0 0 0
 0 0 0 0 0 0 0 0 0 0 0 0 0 0 0 0 0 0 0 0 0 0 0 0 0 0
 0 0 0 0 0 0 0 0 0 0 0 0 0 0 0 0 0 0 0 0 0 0 0 0 0 0
 0.00862536 0 0 0.000197151 0.00414017 0.0128641 0.00837892 0.0270097 0.101434 0.158115 0.152841 0.127902 0.109271 0.109419 0.0830992 0.0579132 0.0238553 0.00714673 0.00463305 0.00128148 0.00103504 0.000492878 0.000147863 0.000147863 4.92878e-05 0
 0 0 0 0 0 0 0 0 0 0 0 0 0 0 0 0 0 0 0 0 0 0 0 0 0 0
 0 0 0 0 0 0 0 0.0054083 0.00873648 0.0413646 0.0450493 0.0745869 0.0622846 0.0627006 0.0613931 0.0827291 0.12552 0.122667 0.0946155 0.0697135 0.0546179 0.0294188 0.0215738 0.0213955 0.0102223 0.00600262
 0 0 0 0 0.00359764 0.0251062 0.0480494 0.140153 0.205849 0.193036 0.1447 0.116669 0.0760912 0.0342217 0.00950174 0.001854 0.000860785 0 0 0 0.000165536 0 0.000143464 0 0 0
 0 0 0 0 0 0 0 0.000145254 0.000435761 0.0275982 0.070085 0.0708112 0.156366 0.174668 0.174014 0.160142 0.0824315 0.0480064 0.0283245 0.00493863 0.00203355 0 0 0 0 0
 0 0 0 0 0 0 0 0 0 0 0 0 0 0 0 0 0 0 0 0 0 0 0 0 0 0
 0 0 1.00437e-05 0.000401748 0.00122533 0.00171747 0.00176769 0.0269171 0.070346 0.194647 0.189555 0.159765 0.064822 0.0314167 0.0384472 0.0292271 0.0345202 0.0313363 0.0194345 0.0106764 0.0143323 0.0359363 0.0279516 0.0138201 0.00172751 0
 0 0.0021121 0.0136068 0.0755702 0.200478 0.177729 0.0527432 0.0373336 0.0318909 0.0142505 0.0149659 0.0166563 0.0217959 0.0798694 0.0677717 0.0528807 0.04013 0.0224614 0.0357745 0.0225083 0.00881397 0.00855152 0.00135912 0.000746735 0 0
 0 0 0 0 5.4009e-05 0.00500934 0.000945158 0.0243581 0.138947 0.33067 0.221406 0.137944 0.0707744 0.0437923 0.0131692 0.00525238 0.0047753 0.00276346 9.45158e-05 9.00151e-06 2.25038e-05 9.00151e-06 4.50075e-06 0 0 0
 0.000866109 0.00284123 0.00948549 0.0512746 0.133035 0.25785 0.225252 0.132002 0.0553304 0.0519788 0.0540692 0.017754 0.00435017 0.00159236 0.00146478 0.000404838 0.000125132 0.000115318 0.000107957 0.000100596 0 0 0 0 0 0
 0 0 0 0 0.00144013 0.00171154 0.00461396 0.0210425 0.0478622 0.0707936 0.0888783 0.103762 0.0637923 0.0337046 0.0602308 0.124433 0.169614 0.0934646 0.0462172 0.0250306 0.0313229 0.00938855 0.002487 0.000210481 0 0
 0 0.00764035 0.051015 0.0998891 0.058973 0.0496711 0.0374665 0.0718981 0.12319 0.153886 0.159021 0.0857701 0.0377988 0.023471 0.0147837 0.00900784 0.00315554 0.000888139 0.00291439 0.00214683 0.00393193 0.00274676 0.000635225 9.99891e-05 0 0
 0 0 0 0 0 0 0 0 0 0 0 0 0 0 0 0 0 0 0 0 0 0 0 0 0 0
 0 0 0 0 0 0 0 0 0 0 0 0 0 0 0 0 0 0 0 0 0 0 0 0 0 0
 0 0 0 0 0 0 0 0 0 0 0 0 0 0 0 0 0 0 0 0 0 0 0 0 0 0
 0 0 0 0 0 0 0 0 0 0 0 0 0 0 0 0 0 0 0 0 0 0 0 0 0 0
 0 0 0 0 0 0 0 0 0 0 0 0 0 0 0 0 0 0 0 0 0 0 0 0 0 0
 0 0 0 0 0 0 0 0 0 0 0 0 0 0 0 0 0 0 0 0 0 0 0 0 0 0
 0 0 0 0 0 0 0 0 0 0 0 0 0 0 0 0 0 0 0 0 0 0 0 0 0 0
ppred_pel_tallas
 1.10818e-16 4.58731e-05 0.000445903 0.00296318 0.0134702 0.0419108 0.0892959 0.130333 0.130344 0.0893547 0.0421095 0.0140496 0.00443905 0.00373859 0.00650647 0.011223 0.0174149 0.0245006 0.03182 0.0389136 0.0455168 0.0512032 0.0550758 0.0559495 0.0529998 0.046376
 1.17775e-16 4.17951e-05 0.000406263 0.00269976 0.0122728 0.0381852 0.0813587 0.118751 0.118778 0.081492 0.0386331 0.0135675 0.00595411 0.00752591 0.013611 0.0225687 0.0328418 0.0420618 0.0479064 0.049469 0.0478522 0.0453817 0.0440365 0.0443074 0.045197 0.0451
 1.13132e-16 5.42517e-05 0.000527345 0.0035044 0.0159305 0.0495658 0.105606 0.154138 0.154156 0.105691 0.0498519 0.0167586 0.00558905 0.00509809 0.0087942 0.0146103 0.0214175 0.027741 0.032125 0.0339439 0.0337565 0.0328324 0.0322395 0.0322233 0.0322628 0.0315831
 1.05121e-16 6.55335e-05 0.000637009 0.00423315 0.0192433 0.0598731 0.127566 0.18619 0.186203 0.127632 0.060092 0.0198761 0.00582326 0.00411367 0.00668471 0.0109915 0.015934 0.0202703 0.0227891 0.0229564 0.0212309 0.0187271 0.0164996 0.0150093 0.0140878 0.0132716
 1.03389e-16 5.95383e-05 0.000578734 0.00384589 0.0174829 0.0543958 0.115897 0.169159 0.169181 0.116002 0.0547501 0.0185064 0.00641555 0.0061898 0.0107204 0.0176407 0.0254353 0.0320486 0.0354276 0.0346313 0.030385 0.0245745 0.0190992 0.01498 0.0122384 0.0103549
 1.02392e-16 6.67205e-05 0.000648547 0.00430982 0.0195918 0.0609576 0.129877 0.189562 0.189576 0.129943 0.0611791 0.0202323 0.00591909 0.0041669 0.00676432 0.0111179 0.0161041 0.0204493 0.022896 0.0228558 0.0207349 0.0176145 0.0145568 0.0120938 0.0101971 0.00858592
 1.0412e-16 4.60523e-05 0.000447645 0.00297476 0.0135228 0.0420748 0.089646 0.130848 0.130883 0.0898167 0.0426479 0.0151785 0.00713129 0.00952339 0.0172885 0.0285242 0.0411228 0.0517918 0.057201 0.0558113 0.0487778 0.0391359 0.0299556 0.0229075 0.0180711 0.0146713
 1.0882e-16 4.40145e-05 0.000427837 0.00284313 0.0129245 0.040213 0.0856789 0.125056 0.125083 0.0858073 0.0406445 0.0141735 0.00598791 0.00732436 0.013234 0.0220497 0.0323217 0.0418211 0.0482698 0.0505695 0.049343 0.0462766 0.0428525 0.03954 0.0359507 0.0315635
 1.10595e-16 5.21663e-05 0.000507075 0.00336969 0.0153181 0.0476605 0.101547 0.148214 0.148234 0.101642 0.0479823 0.016249 0.00571244 0.00564224 0.00986709 0.0163954 0.0240083 0.0310387 0.0358287 0.0376489 0.0370963 0.0355637 0.0342197 0.0333307 0.0323507 0.0305213
 1.05218e-16 6.57051e-05 0.000638677 0.00424423 0.0192937 0.0600299 0.1279 0.186677 0.18669 0.127963 0.0602397 0.0199002 0.00576864 0.00397304 0.00641798 0.010559 0.0153311 0.0195542 0.0220786 0.0223963 0.0209367 0.0187413 0.0167828 0.0154648 0.0146024 0.0137506
 1.01543e-16 7.20676e-05 0.000700523 0.00465522 0.021162 0.0658428 0.140285 0.204753 0.204762 0.140333 0.0660033 0.0216257 0.00581927 0.00324213 0.00490052 0.00799155 0.0115151 0.0145028 0.016021 0.0156437 0.0137023 0.0110556 0.00856885 0.0067079 0.00548208 0.00465195
 1.01078e-16 6.69109e-05 0.000650398 0.00432212 0.0196477 0.0611315 0.130248 0.190104 0.19012 0.130326 0.0613931 0.0204032 0.00621796 0.00478747 0.00791933 0.0129741 0.018654 0.0233956 0.0256522 0.0247083 0.0211027 0.0162639 0.0116634 0.00814274 0.00580014 0.00430634
 1.01626e-16 6.31658e-05 0.000613994 0.00408021 0.018548 0.0577099 0.122958 0.179464 0.179483 0.123049 0.0580146 0.0194282 0.00628996 0.00543976 0.00923347 0.0151783 0.0218894 0.0275876 0.0304972 0.0297875 0.0260487 0.0208652 0.0158472 0.0118838 0.00904972 0.00699023
 1.02458e-16 6.09161e-05 0.000592126 0.00393489 0.0178874 0.0556545 0.118579 0.173073 0.173093 0.118675 0.0559778 0.0188216 0.00628118 0.00571851 0.00980975 0.0161546 0.0233431 0.0295156 0.0328112 0.0323596 0.0287746 0.0236936 0.0187559 0.0148286 0.0119328 0.00967248
 1.02011e-16 6.78529e-05 0.000659554 0.00438297 0.0199243 0.0619921 0.132081 0.192779 0.192792 0.132144 0.0622046 0.0205383 0.00592518 0.00402991 0.00647963 0.0106331 0.0153771 0.0194756 0.0217132 0.0215241 0.0193106 0.0161373 0.0130596 0.0106199 0.00880623 0.00734203
 1.00342e-16 7.89692e-05 0.000767609 0.00510103 0.0231885 0.0721482 0.153719 0.224359 0.224362 0.153736 0.0722028 0.0233464 0.00549729 0.0016327 0.00172213 0.00272251 0.00391529 0.0049256 0.00543004 0.00528075 0.00458818 0.00364378 0.00274389 0.00205219 0.00158012 0.00125589
 1.01043e-16 3.68841e-05 0.000358527 0.00238254 0.0108307 0.0336986 0.0718003 0.104805 0.104857 0.07205 0.0345366 0.0132499 0.00845042 0.0135893 0.0251191 0.0413491 0.0592804 0.0739545 0.0803425 0.0761252 0.0631052 0.0460602 0.0299912 0.017877 0.0102095 0.00594021
 1.01102e-16 7.70952e-05 0.000749392 0.00497998 0.0226382 0.070436 0.150071 0.219034 0.219037 0.150086 0.0704841 0.0227778 0.00533237 0.00152564 0.0015717 0.00252919 0.00375841 0.0049798 0.00595511 0.0065585 0.00681825 0.00684275 0.00670009 0.00636556 0.00577465 0.00491656
 1.01421e-16 5.52487e-05 0.000537037 0.0035688 0.0162233 0.0504768 0.107547 0.156975 0.157004 0.107693 0.0509653 0.0176335 0.00710619 0.00825061 0.0146796 0.0241155 0.0345814 0.0431693 0.0469599 0.044619 0.037214 0.0275356 0.0184845 0.0117565 0.00757747 0.00527176
 1.03247e-16 5.84153e-05 0.000567818 0.00377335 0.0171531 0.0533698 0.113711 0.165968 0.165988 0.113805 0.0536883 0.0180741 0.00608917 0.00563681 0.0097248 0.0160868 0.0234041 0.0299182 0.0338531 0.034349 0.0319101 0.027947 0.0238228 0.0201853 0.0169848 0.0139314
 1.03025e-16 6.52771e-05 0.000634517 0.00421659 0.019168 0.0596389 0.127067 0.185462 0.185476 0.127138 0.0598775 0.0198576 0.00594911 0.00442193 0.00727398 0.0119636 0.0173259 0.0219965 0.024629 0.0246045 0.0223811 0.019142 0.0160365 0.0136175 0.0118083 0.0102479
 1.0207e-16 6.66215e-05 0.000647585 0.00430343 0.0195628 0.0608671 0.129684 0.189281 0.189296 0.129757 0.0611105 0.020266 0.00606914 0.0045037 0.00739466 0.0121315 0.0174979 0.0220644 0.0244205 0.023916 0.0210389 0.017068 0.0132898 0.0103945 0.00839991 0.00696868
 1.05274e-16 3.16238e-05 0.000307395 0.00204275 0.00928607 0.0288927 0.0615607 0.0898598 0.0899085 0.0617988 0.0296924 0.0115964 0.00784341 0.0129745 0.0241011 0.0398259 0.0574412 0.0723854 0.0800132 0.0781629 0.0684141 0.0549592 0.0420451 0.031995 0.0249534 0.0199083
 1.05318e-16 6.58773e-05 0.000640351 0.00425536 0.0193442 0.0601872 0.128235 0.187165 0.187173 0.128274 0.0603167 0.0197202 0.00520587 0.00273792 0.00411587 0.00687349 0.0103003 0.0138007 0.0167924 0.0189778 0.0204412 0.0214286 0.0220169 0.0219884 0.0210102 0.0189331
 1.04625e-16 5.73596e-05 0.000557555 0.00370515 0.0168431 0.0524053 0.111656 0.16297 0.162994 0.111772 0.052794 0.0179659 0.0065231 0.00670815 0.0117359 0.019306 0.0277981 0.0349527 0.0385211 0.037501 0.0327512 0.0264216 0.0206596 0.0165899 0.0141584 0.0126539
 1.07329e-16 4.14821e-05 0.000403221 0.00267954 0.0121808 0.0378993 0.0807497 0.117864 0.117898 0.0809162 0.0384587 0.0137979 0.00674366 0.00929207 0.0169725 0.0281223 0.0408081 0.0519456 0.0583962 0.0586844 0.0538138 0.0464548 0.0392073 0.0333338 0.0287121 0.0246248
 1.05448e-16 6.4964e-05 0.000631473 0.00419636 0.0190761 0.0593528 0.126458 0.184571 0.184582 0.12651 0.0595283 0.0195843 0.00547685 0.00344243 0.00544961 0.00902784 0.0132844 0.0173092 0.0202129 0.0215827 0.0216819 0.0211647 0.0205525 0.0199152 0.0189634 0.0173817
 1.03746e-16 6.15367e-05 0.000598158 0.00397497 0.0180697 0.0562215 0.119787 0.174836 0.174856 0.119882 0.0565412 0.0189931 0.00629316 0.00565936 0.00967566 0.0159045 0.0229219 0.028867 0.0318936 0.0311703 0.0273805 0.022257 0.0175312 0.014111 0.0119652 0.0105493
 1.07348e-16 3.28223e-05 0.000319044 0.00212016 0.00963798 0.0299876 0.0638933 0.0932634 0.0933075 0.0641087 0.030711 0.0117284 0.00737134 0.0117954 0.0218666 0.0361975 0.0523725 0.0663438 0.0739852 0.0733689 0.0658607 0.0550831 0.044633 0.0363682 0.0302625 0.0253813
 1.14644e-16 4.08791e-05 0.00039736 0.0026406 0.0120038 0.0373483 0.0795753 0.116147 0.116167 0.0796752 0.0376846 0.0129793 0.00510485 0.00582887 0.0105094 0.017711 0.0264514 0.0352446 0.0425621 0.0476597 0.0508606 0.0529764 0.0543927 0.0546577 0.0528811 0.0485004
 1.04401e-16 7.31492e-05 0.000711037 0.00472509 0.0214796 0.0668309 0.142391 0.207824 0.20783 0.142418 0.0669224 0.0217442 0.00539096 0.00217032 0.00286178 0.00466181 0.00682156 0.00882678 0.0102175 0.0108122 0.0108156 0.0106555 0.0106747 0.0109187 0.0111564 0.011067
pSPR Fmed_Fpbrs
0.539175   0.6 0.325
Fs Fmed_Fpbrs
0.366443   0.296783 0.733069
SSBpbr Bo_Bmed_Bpbrs
1.47889e+06  723436  813390 406695
Ro
138467
SPR SPRFo_SPRFmed_SPRFpbrs
985977 531614 320443
Fref
0.296783
Nvult_r0
 177445 11617 4587.99 4927.77 1565.58
CTP_r0
 19772.2 1712.76 688.14 739.776 235.042
YTP_r0
219263
Np
 181900 85250.5 5206 2045.61 2873.7
Nvult_p0
 127695 61796 3782.15 1486.31 2088
CTP_p0
 22221 13911.9 864.831 340.142 477.861
YTP_p0
 430869
CBA_c0
282745
log_Ro
11.6584
likeval ReclasPelacesDesembMPH_pf_preclas_ppelaces_ptallas_desvR_qrecl_qpela
 12.5366 16.7209 0.0357221 0.000818636 229.336 119.492 83.0735 0 24.445 3.73755e-06 1.41895e-05 0.179526 7.33611e-16 0 0
q_reclas_q_pelaces
1.31515 1.70901
M
1
N
 171235 36658.7 93087.1 6262.59 0.22398
 94939.8 54617.9 11077.3 28016.1 1884.49
 95432.3 26846.9 13978.8 2814.25 7593.38
 145018 27116.5 6916.97 3575.56 2661.03
 117086 36002.5 5799.67 1463.16 1318.44
 213221 37769.1 11049.2 1773.38 850.362
 83869.3 61658.8 9969.55 2896.92 687.646
 35615.6 17681.1 10525.6 1675.49 601.914
 34801 11907.4 5700.9 3384.67 732.225
 46761.6 8737.42 2586.54 1225.15 884.226
 87678.2 10049.5 1531.62 446.615 363.921
 127231 28664.5 3141.73 477.24 252.511
 105944 29128.6 5482.69 592.975 137.634
 74548 24977.2 5801.49 1078.42 143.611
 68604.6 12669.4 3167.65 719.978 151.48
 366960 14449.8 2160.05 531.674 146.146
 70477.9 87214.5 2910.15 429.723 134.757
 586195 19400.8 21508.9 711.883 138.023
 330427 163991 4892.36 5382.44 212.594
 275307 82645.2 35436.3 1045.79 1195.29
 362120 71361.6 18759.8 7965.07 503.457
 501494 101286 17990.8 4693.24 2117.74
 97454.5 130431 23098.3 4063.08 1537.39
 288164 29113.5 36008.2 6339.64 1536.63
 247209 88105.6 8298.63 10210.8 2232.83
 108376 75650.5 25144.5 2356.14 3531.99
 244823 34375.5 22683.9 7508.31 1757.83
 276855 74904.8 9807.64 6438.54 2629.33
 76447.6 87213.2 22248.6 2900.45 2681.04
 56897 24372.8 26336.6 6691.66 1678.36
 262695 16823 6633.6 7124.28 2263.41
pred_Ctot
 14560.7 4205.72 10879.4 732.651 0.0262045
 14183.2 10819.1 2232.51 5651.52 380.166
 14022.6 5234.21 2773.01 558.784 1507.78
 30771.5 7495.73 1942.88 1005.18 748.113
 9212.67 3828.38 628.335 158.676 142.988
 29405 6928.3 2062.64 331.358 158.899
 23671.7 22208.4 3643.44 1059.52 251.509
 2069.25 1395.79 846.908 134.949 48.4826
 7204.68 3216.17 1564.81 929.835 201.165
 12834.9 3067.61 921.554 436.846 315.298
 6229.32 966.86 150.155 43.8285 35.7152
 31560.3 9166.74 1020.15 155.09 82.0629
 24932.5 8870.57 1695.77 183.556 42.6065
 26963.4 11247.9 2646.26 492.241 65.5526
 19388.4 4568.7 1159 263.634 55.4693
 85056.5 4338.55 658.746 162.278 44.6087
 11482.1 18769.8 637.046 94.1535 29.527
 90762.3 3977.05 4485.54 148.594 28.8113
 68985 44645.8 1353.5 1490.35 58.8682
 52889.2 20802.3 9067.14 267.82 306.122
 56102.7 14637.4 3914.54 1663.56 105.155
 95538.6 25293.1 4567.17 1192.47 538.108
 11775.9 21061.4 3796.96 668.533 252.972
 31231.6 4230.8 5328.24 938.996 227.61
 26674.7 12748.8 1222.73 1505.91 329.319
 9555.23 8991.47 3044.3 285.544 428.068
 26444.6 4979.09 3345.62 1108.46 259.522
 25469.3 9279.96 1237.64 813.283 332.141
 6520.64 10035.8 2608.08 340.339 314.609
 7185.99 4107.47 4517.85 1148.99 288.196
 19772.2 1712.76 688.14 739.776 235.042
F
 0.142673 0.196753 0.200758 0.200973 0.200984
 0.263093 0.362816 0.370201 0.370598 0.370619
 0.258275 0.356173 0.363423 0.363813 0.363833
 0.393273 0.54234 0.55338 0.553973 0.554005
 0.131415 0.181226 0.184915 0.185114 0.185124
 0.240714 0.331955 0.338712 0.339075 0.339094
 0.556764 0.767801 0.78343 0.78427 0.784315
 0.0956261 0.131872 0.134557 0.134701 0.134709
 0.382031 0.526837 0.537561 0.538137 0.538168
 0.537541 0.741291 0.75638 0.757192 0.757234
 0.118014 0.162747 0.16606 0.166238 0.166247
 0.474288 0.654064 0.667377 0.668093 0.668131
 0.44495 0.613604 0.626095 0.626766 0.626801
 0.772255 1.06497 1.08665 1.08781 1.08788
 0.557677 0.769059 0.784714 0.785555 0.7856
 0.436883 0.60248 0.614744 0.615404 0.615438
 0.289987 0.399904 0.408044 0.408482 0.408505
 0.273841 0.377638 0.385325 0.385739 0.38576
 0.385829 0.532075 0.542905 0.543488 0.543518
 0.350128 0.482841 0.49267 0.493198 0.493226
 0.274031 0.3779 0.385593 0.386006 0.386028
 0.346751 0.478184 0.487918 0.488441 0.488469
 0.208183 0.287093 0.292937 0.293251 0.293268
 0.184992 0.255112 0.260305 0.260584 0.260599
 0.184111 0.253897 0.259065 0.259343 0.259357
 0.148268 0.204467 0.20863 0.208853 0.208865
 0.184317 0.254181 0.259355 0.259633 0.259648
 0.155137 0.213941 0.218296 0.21853 0.218542
 0.14314 0.197396 0.201414 0.20163 0.201642
 0.218498 0.301318 0.307452 0.307782 0.307799
 0.125401 0.172933 0.176453 0.176642 0.176652
nmprior
 8 9 7.5 0
nm_flota  nm_reclas  nm_pelaces    nm_pelaL
inf 14.4465 17.2748 30.5419
cv_recla  cv_pelaces  cv_mph
0.320269 0.481165 0.88298
 ------------------------------------------------
Talla a la edad & desviaci?n 
 8 13.2811 15.8009 17.003 17.5766
 0.8 1.32811 1.58009 1.7003 1.75766
