years
 1991 1992 1993 1994 1995 1996 1997 1998 1999 2000 2001 2002 2003 2004 2005 2006 2007 2008 2009 2010 2011 2012 2013 2014 2015 2016 2017 2018 2019 2020 2021
reclasobs
 0 0 0 0 0 0 0 0 0 252601 567819 844713 477998 351125 339783 2.1784e+06 2.13404e+06 4.81314e+06 1.55562e+06 2.62356e+06 3.21686e+06 3.843e+06 1.13348e+06 3.07943e+06 1.97215e+06 2.03268e+06 2.025e+06 2.42433e+06 2.27542e+06 1.05018e+06 2.36338e+06
reclaspred
 3.18814e+06 1.74522e+06 884448 904946 915401 1.57585e+06 893109 768306 545396 372571 501011 680444 668364 494097 485621 1.35475e+06 1.20761e+06 3.1021e+06 2.46726e+06 1.79129e+06 3.11278e+06 2.53923e+06 1.93294e+06 3.06045e+06 2.27143e+06 2.00115e+06 2.41856e+06 2.62687e+06 2.07568e+06 1.24583e+06 1.89685e+06
pelacesobs
 0 0 0 0 0 0 0 0 0 0 0 0 0 0 0 552880 188675 0 991730 2.46772e+06 1.41603e+06 1.21717e+06 2.29649e+06 1.80582e+06 0 1.4828e+06 1.56532e+06 1.57751e+06 1.42118e+06 867257 1.10002e+06
pelacespred
 1.7857e+06 1.06934e+06 528778 441921 485834 863140 432415 491558 320457 201413 291414 327477 356737 268052 272913 642186 587775 1.75029e+06 1.41744e+06 940510 1.63678e+06 1.39896e+06 1.0972e+06 1.90899e+06 1.36023e+06 1.20479e+06 1.65172e+06 1.76705e+06 1.17042e+06 784777 1.16209e+06
mphobs
 0 0 0 0 0 0 0 0 0 0 0 498337 0 5186 125008 0 168611 109162 213762 579715 649985 157893 87575 83554 0 0 0 0 0 0 0
mphpred
 488661 327279 157629 87433.1 95608.2 114147 156526 84896 76306.2 48214 29953 60660.1 65235.6 53401.9 32608.9 41519.5 152637 134746 310380 218333 229718 282440 269536 214925 310268 255078 207814 225373 324527 210107 123287
desembarqueobs
 494567 514787 250237 358949 120608 361735 552515 73892 212993 205616 52469 317467 293654 387597 252695 516296 358380 742168 942051 627588 828172 859565 418607 520667 417249 300574 415391 372974 316634 284311 391294
desembarquepred
 494571 513810 250692 358986 120614 361744 552541 73897.4 213054 205671 52471.9 317529 293690 387578 252671 516225 358406 742016 941750 627370 828252 859541 418608 520691 417236 300570 415383 372943 316615 284315 391299
Reclutas
 171801 94672.5 95499.4 145517 117639 214964 84302.4 35820.1 35165.6 47505.8 88831 128181 107091 74776.6 69075.6 373325 73505 603563 334622 266412 368665 507960 99702.6 293958 250916 110228 249101 282189 79631.8 58430 225760
log_desv_Rt
 0.208561 -0.387353 -0.378657 0.0425121 -0.170153 0.432695 -0.503367 -1.35927 -1.37771 -1.07693 -0.451042 -0.0843335 -0.264101 -0.623272 -0.702575 0.984672 -0.640425 1.46507 0.875224 0.647266 0.97211 1.29262 -0.335585 0.745658 0.58734 -0.235231 0.580081 0.7048 -0.560364 -0.869949 0.481694
SSB
 2.08118e+06 1.39387e+06 671332 372373 407190 486147 666635 361568 324984 205341 127568 258348 277835 227436 138880 176829 650071 573878 1.32189e+06 929869 978355 1.2029e+06 1.14794e+06 915355 1.32141e+06 1.08636e+06 885069 959850 1.38214e+06 894836 525072
BT
 2.9345e+06 2.00997e+06 987740 928342 786090 1.54766e+06 1.10343e+06 766490 668110 484760 464534 733662 776996 787183 647002 1.34823e+06 1.11298e+06 3.18909e+06 2.92262e+06 1.89802e+06 3.02611e+06 2.79284e+06 1.91794e+06 3.2351e+06 2.31642e+06 1.97806e+06 2.80024e+06 2.9147e+06 1.91178e+06 1.38724e+06 2.04752e+06
Ftot
 0.201924 0.372058 0.365085 0.555171 0.184881 0.337838 0.776722 0.133196 0.531303 0.74204 0.16366 0.659182 0.616564 1.07143 0.775934 0.605628 0.394837 0.372928 0.524549 0.487639 0.382299 0.481232 0.286746 0.255024 0.253329 0.204085 0.254571 0.214384 0.196193 0.297005 0.314959
BD_Bspro_t
 0.968328 0.783052 0.57974 0.480795 0.47431 0.567886 0.568167 0.375304 0.431822 0.370621 0.328068 0.582824 0.461891 0.367065 0.252974 0.303269 0.497282 0.454069 0.590026 0.473713 0.440129 0.488508 0.505824 0.488928 0.611093 0.620756 0.626573 0.671254 0.728842 0.642138 0.554203
BD_Bspro
 2.08776 1.39827 0.673454 0.37355 0.408477 0.487684 0.668742 0.36271 0.326011 0.20599 0.127971 0.259164 0.278713 0.228155 0.139319 0.177388 0.652126 0.575691 1.32607 0.932808 0.981447 1.2067 1.15157 0.918248 1.32559 1.0898 0.887866 0.962884 1.38651 0.897664 0.526731
BD_Bo
 1.37405 0.920266 0.44323 0.24585 0.268838 0.320967 0.440129 0.238716 0.214563 0.135571 0.0842238 0.170568 0.183434 0.150159 0.0916919 0.116747 0.429194 0.378889 0.872746 0.613923 0.645935 0.794184 0.757898 0.604341 0.872431 0.717246 0.584345 0.633717 0.912526 0.590793 0.346666
BD_Brms
 2.49827 1.67321 0.805873 0.447 0.488795 0.583576 0.800235 0.434029 0.390114 0.246493 0.153134 0.310123 0.333516 0.273016 0.166713 0.212268 0.780352 0.688888 1.58681 1.11622 1.17443 1.44397 1.378 1.0988 1.58624 1.30408 1.06245 1.15221 1.65914 1.07417 0.630302
Sel_flota
 0.704969 0.978448 0.998842 0.999939 0.999997
 0.704969 0.978448 0.998842 0.999939 0.999997
 0.704969 0.978448 0.998842 0.999939 0.999997
 0.704969 0.978448 0.998842 0.999939 0.999997
 0.704969 0.978448 0.998842 0.999939 0.999997
 0.704969 0.978448 0.998842 0.999939 0.999997
 0.704969 0.978448 0.998842 0.999939 0.999997
 0.704969 0.978448 0.998842 0.999939 0.999997
 0.704969 0.978448 0.998842 0.999939 0.999997
 0.704969 0.978448 0.998842 0.999939 0.999997
 0.704969 0.978448 0.998842 0.999939 0.999997
 0.704969 0.978448 0.998842 0.999939 0.999997
 0.704969 0.978448 0.998842 0.999939 0.999997
 0.704969 0.978448 0.998842 0.999939 0.999997
 0.704969 0.978448 0.998842 0.999939 0.999997
 0.704969 0.978448 0.998842 0.999939 0.999997
 0.704969 0.978448 0.998842 0.999939 0.999997
 0.704969 0.978448 0.998842 0.999939 0.999997
 0.704969 0.978448 0.998842 0.999939 0.999997
 0.704969 0.978448 0.998842 0.999939 0.999997
 0.704969 0.978448 0.998842 0.999939 0.999997
 0.704969 0.978448 0.998842 0.999939 0.999997
 0.704969 0.978448 0.998842 0.999939 0.999997
 0.704969 0.978448 0.998842 0.999939 0.999997
 0.704969 0.978448 0.998842 0.999939 0.999997
 0.704969 0.978448 0.998842 0.999939 0.999997
 0.704969 0.978448 0.998842 0.999939 0.999997
 0.704969 0.978448 0.998842 0.999939 0.999997
 0.704969 0.978448 0.998842 0.999939 0.999997
 0.704969 0.978448 0.998842 0.999939 0.999997
 0.704969 0.978448 0.998842 0.999939 0.999997
Sel_reclas
 1 1 1 1 1
 1 1 1 1 1
 1 1 1 1 1
 1 1 1 1 1
 1 1 1 1 1
 1 1 1 1 1
 1 1 1 1 1
 1 1 1 1 1
 1 1 1 1 1
 1 1 1 1 1
 1 1 1 1 1
 1 1 1 1 1
 1 1 1 1 1
 1 1 1 1 1
 1 1 1 1 1
 1 1 1 1 1
 1 1 1 1 1
 1 1 1 1 1
 1 1 1 1 1
 1 1 1 1 1
 1 1 1 1 1
 1 1 1 1 1
 1 1 1 1 1
 1 1 1 1 1
 1 1 1 1 1
 1 1 1 1 1
 1 1 1 1 1
 1 1 1 1 1
 1 1 1 1 1
 1 1 1 1 1
 1 1 1 1 1
Sel_pelaces
 0.960711 1 1 1 1
 0.960711 1 1 1 1
 0.960711 1 1 1 1
 0.960711 1 1 1 1
 0.960711 1 1 1 1
 0.960711 1 1 1 1
 0.960711 1 1 1 1
 0.960711 1 1 1 1
 0.960711 1 1 1 1
 0.960711 1 1 1 1
 0.960711 1 1 1 1
 0.960711 1 1 1 1
 0.960711 1 1 1 1
 0.960711 1 1 1 1
 0.960711 1 1 1 1
 0.960711 1 1 1 1
 0.960711 1 1 1 1
 0.960711 1 1 1 1
 0.960711 1 1 1 1
 0.960711 1 1 1 1
 0.960711 1 1 1 1
 0.960711 1 1 1 1
 0.960711 1 1 1 1
 0.960711 1 1 1 1
 0.960711 1 1 1 1
 0.960711 1 1 1 1
 0.960711 1 1 1 1
 0.960711 1 1 1 1
 0.960711 1 1 1 1
 0.960711 1 1 1 1
 0.960711 1 1 1 1
pf_obs 
 0.8446 0.082 0.0669 0.0065 0
 0.8095 0.147 0.0364 0.0071 0
 0.9664 0.0169 0.016 0.0007 0
 0.9276 0.0648 0.0075 0.0001 0
 0.7033 0.2144 0.0806 0.0017 0
 0.9318 0.0425 0.0243 0.0014 0
 0.5671 0.3108 0.0964 0.0239 0.0018
 0.0768 0.2599 0.5324 0.112 0.0189
 0.490249 0.384438 0.106611 0.0170017 0.00170017
 0.7925 0.1577 0.0466 0.003 0.0002
 0.840416 0.127587 0.0312969 0.00059994 9.999e-05
 0.8084 0.0986 0.0794 0.0134 0.0002
 0.7335 0.1905 0.0724 0.0035 0.0001
 0.4001 0.4547 0.1325 0.0127 0
 0.49795 0.308269 0.164784 0.0264974 0.00249975
 0.9179 0.0499 0.0305 0.0017 0
 0.2467 0.6533 0.0926 0.0074 0
 0.9418 0.0223 0.034 0.0019 0
 0.707729 0.231977 0.0356964 0.0245975 0
 0.517169 0.277429 0.184464 0.0207286 0.00020938
 0.811772 0.124168 0.05621 0.00726502 0.000585176
 0.764997 0.148141 0.077277 0.00933861 0.000247198
 0.163321 0.427699 0.378323 0.0303852 0.000271297
 0.753843 0.0900009 0.118128 0.0371064 0.000921714
 0.721811 0.176058 0.0630433 0.0369309 0.00215725
 0.143369 0.312575 0.442814 0.0836902 0.0175525
 0.692698 0.0596174 0.167031 0.0765114 0.00414204
 0.394062 0.376323 0.152708 0.0712218 0.00568511
 0.125707 0.32114 0.495352 0.0537591 0.00404204
 0.23352 0.215282 0.420074 0.123614 0.00750983
 0.774587 0.0839891 0.0768558 0.0609784 0.00358967
pf_pred 
 0.479609 0.138553 0.357743 0.0240937 8.71246e-07
 0.424274 0.327573 0.0671534 0.169591 0.0114087
 0.581101 0.217546 0.11581 0.023171 0.0623718
 0.732864 0.179154 0.0462375 0.0240234 0.017721
 0.658149 0.275342 0.045004 0.0113092 0.0101954
 0.755559 0.178666 0.0532061 0.00850781 0.00406047
 0.463002 0.43933 0.0718516 0.0208892 0.00492798
 0.456178 0.312351 0.1904 0.0302275 0.0108437
 0.54732 0.245103 0.120317 0.0717916 0.0154683
 0.728446 0.175609 0.0525963 0.0251416 0.0182079
 0.835558 0.13278 0.020691 0.00601847 0.00495245
 0.748607 0.220583 0.024983 0.00380921 0.00201734
 0.694854 0.250344 0.0482521 0.00531262 0.00123711
 0.645156 0.275658 0.0652887 0.0122385 0.00165876
 0.757891 0.182037 0.0470233 0.0107621 0.00228659
 0.941823 0.0483587 0.00743692 0.00186448 0.000516549
 0.372037 0.60342 0.0204961 0.00306667 0.000980381
 0.911085 0.0412013 0.0458926 0.00152091 0.000299911
 0.583238 0.390837 0.0121708 0.01323 0.000524219
 0.616447 0.259421 0.116604 0.00353654 0.00399099
 0.737576 0.185209 0.0526619 0.0230664 0.00148696
 0.749441 0.201591 0.0348119 0.00965878 0.00449745
 0.31248 0.561164 0.102176 0.0171962 0.00698307
 0.741492 0.102014 0.128278 0.0228217 0.00539383
 0.623561 0.303078 0.029354 0.0360805 0.00792635
 0.425012 0.403968 0.138316 0.0130953 0.0196081
 0.728952 0.138699 0.0936003 0.0313467 0.00740257
 0.683472 0.251424 0.0336902 0.0222243 0.00918932
 0.331161 0.504071 0.131489 0.0172317 0.016048
 0.412503 0.242008 0.2618 0.0668021 0.0168872
 0.829718 0.0859406 0.0352268 0.0372289 0.011886
pobs_RECLAS
 0 0 0 0 0
 0 0 0 0 0
 0 0 0 0 0
 0 0 0 0 0
 0 0 0 0 0
 0 0 0 0 0
 0 0 0 0 0
 0 0 0 0 0
 0 0 0 0 0
 0 0 0 0 0
 0.991045 0.00858322 0.000360255 1.14367e-05 0
 0.934742 0.0480273 0.0164251 0.00080598 0
 0.827803 0.169806 0.00239088 0 0
 0.941827 0.0461693 0.0120037 0 0
 0.791401 0.0380133 0.147996 0.0225897 0
 0.846168 0.0940531 0.0597789 0 0
 0.134021 0.677848 0.182769 0.00536245 0
 0.80878 0.0450904 0.141981 0.00414843 0
 0.846168 0.0940531 0.0597789 0 0
 0.905697 0.0802665 0.012482 0.00150086 5.37128e-05
 0.989698 0.0102097 9.19794e-05 0 0
 0.975433 0.0193895 0.00387452 0.00125025 5.28907e-05
 0.303575 0.632131 0.0575291 0.00676475 0
 0.966965 0.00978017 0.0227588 0.000495775 0
 0.843318 0.132988 0.00938335 0.0141283 0.000182051
 0.564624 0.303363 0.111486 0.0197234 0.00080311
 0.826376 0.0876187 0.0782897 0.00655872 0.00115652
 0.89761 0.0855135 0.0140674 0.00269457 0.000114338
 0.34875 0.467042 0.161289 0.0227151 0.000203297
 0.318654 0.224769 0.449479 0.00709798 0
 0.937255 0.0296025 0.0250945 0.00804832 0
ppred_RECLAS
 0.566334 0.117259 0.296462 0.0199441 7.21152e-07
 0.510734 0.281052 0.0563927 0.142253 0.00956906
 0.662885 0.17692 0.0921841 0.0184229 0.049588
 0.796139 0.137733 0.0347725 0.0180454 0.0133104
 0.729434 0.218826 0.0350235 0.00879135 0.00792502
 0.813314 0.137241 0.0400056 0.00638973 0.00304941
 0.552739 0.367445 0.0587375 0.0170558 0.00402338
 0.540983 0.266004 0.158798 0.0251823 0.00903327
 0.632937 0.20079 0.0964238 0.0574678 0.0123813
 0.793975 0.134324 0.0393276 0.0187763 0.0135972
 0.876705 0.0999622 0.0152542 0.00443211 0.00364686
 0.809108 0.167958 0.0186014 0.00283281 0.00150015
 0.764097 0.194309 0.0366278 0.004028 0.00093791
 0.726088 0.213936 0.0494617 0.00925979 0.00125495
 0.817966 0.137648 0.0347537 0.00794433 0.0016878
 0.958353 0.0347489 0.00522654 0.00130878 0.00036257
 0.454331 0.524783 0.0174454 0.00260722 0.00083345
 0.935663 0.030157 0.0328772 0.00108833 0.000214596
 0.664172 0.315375 0.00960784 0.0104317 0.000413318
 0.695195 0.207614 0.0913044 0.002766 0.00312124
 0.798798 0.14291 0.0397705 0.0173999 0.00112161
 0.808866 0.15444 0.0260947 0.00723174 0.00336714
 0.389619 0.500154 0.0891537 0.0149876 0.00608583
 0.802394 0.0789913 0.097249 0.0172818 0.00408426
 0.699214 0.243192 0.0230608 0.0283133 0.00621965
 0.509296 0.346924 0.116312 0.0109997 0.0164693
 0.791574 0.107773 0.0712077 0.0238206 0.00562493
 0.751688 0.19811 0.0259931 0.0171276 0.0070815
 0.409789 0.447128 0.114209 0.0149505 0.0139227
 0.498762 0.209095 0.221437 0.056439 0.0142666
 0.873373 0.0646038 0.0259225 0.0273648 0.00873616
pobs_PELACES
 0 0 0 0 0
 0 0 0 0 0
 0 0 0 0 0
 0 0 0 0 0
 0 0 0 0 0
 0 0 0 0 0
 0 0 0 0 0
 0 0 0 0 0
 0 0 0 0 0
 0 0 0 0 0
 0 0 0 0 0
 0 0 0 0 0
 0 0 0 0 0
 0 0 0 0 0
 0 0 0 0 0
 0 0 0 0 0
 0.505614 0.472636 0.0217494 0 0
 0 0 0 0 0
 0.443492 0.261883 0.143347 0.151278 0
 0.227955 0.32914 0.350689 0.0885471 0.00366901
 0.970185 0.0296113 0.000203453 0 0
 0.997202 0.00247181 0.000326279 0 0
 0.445219 0.490057 0.0546422 0.010081 0
 0.90214 0.0892962 0.00764917 0.000914606 0
 0 0 0 0 0
 0.581667 0.319106 0.0959925 0.00289975 0.000334073
 0.762889 0.0836404 0.116647 0.0363945 0.000428098
 0.88444 0.0763242 0.0277011 0.0115352 0
 0.521256 0.241999 0.230069 0.00667565 0
 0.616807 0.101726 0.260614 0.0208532 0
 0 0 0 0 0
ppred_PELACES
 0.561203 0.118765 0.29986 0.0201713 7.29362e-07
 0.509385 0.282138 0.0564692 0.142427 0.00958069
 0.661557 0.177829 0.0924306 0.0184697 0.0497136
 0.797961 0.136672 0.0343759 0.017836 0.0131558
 0.72484 0.222595 0.0355825 0.00893106 0.00805094
 0.811946 0.138331 0.0402317 0.00642506 0.00306625
 0.560379 0.361509 0.0574872 0.016688 0.00393658
 0.534102 0.270094 0.161095 0.0255454 0.00916349
 0.635146 0.199912 0.0956595 0.0570013 0.0122807
 0.798625 0.131526 0.0383167 0.0182887 0.0132439
 0.873966 0.102204 0.0155792 0.00452626 0.00372432
 0.81217 0.165353 0.0182318 0.00277586 0.00146997
 0.767022 0.192041 0.0360504 0.00396361 0.000922907
 0.737509 0.205341 0.0471335 0.0088205 0.00119539
 0.82257 0.134339 0.0337417 0.00771081 0.00163816
 0.958958 0.0342677 0.0051332 0.00128512 0.000356013
 0.453254 0.525872 0.0174352 0.00260533 0.000832839
 0.935356 0.0303414 0.0329954 0.00109209 0.000215337
 0.665838 0.313879 0.00952859 0.0103437 0.000409826
 0.696248 0.207113 0.0907859 0.0027498 0.00310294
 0.798021 0.14357 0.0398515 0.0174329 0.00112373
 0.809481 0.154041 0.0259431 0.00718847 0.00334696
 0.38633 0.503026 0.0894927 0.0150431 0.00610831
 0.79984 0.0800952 0.098439 0.0174917 0.00413384
 0.695652 0.246155 0.023302 0.0286068 0.0062841
 0.503982 0.350822 0.117458 0.0111072 0.0166302
 0.788877 0.109259 0.072066 0.0241055 0.00569218
 0.747854 0.201229 0.0263642 0.0173708 0.00718203
 0.404466 0.451307 0.115124 0.0150693 0.0140332
 0.495738 0.210605 0.222591 0.056727 0.0143393
 0.872197 0.0652733 0.0261357 0.0275867 0.00880695
pobs_pel_tallas
 0 0 0 0 0 0 0 0 0 0 0 0 0 0 0 0 0 0 0 0 0 0 0 0 0 0
 0 0 0 0 0 0 0 0 0 0 0 0 0 0 0 0 0 0 0 0 0 0 0 0 0 0
 0 0 0 0 0 0 0 0 0 0 0 0 0 0 0 0 0 0 0 0 0 0 0 0 0 0
 0 0 0 0 0 0 0 0 0 0 0 0 0 0 0 0 0 0 0 0 0 0 0 0 0 0
 0 0 0 0 0 0 0 0 0 0 0 0 0 0 0 0 0 0 0 0 0 0 0 0 0 0
 0 0 0 0 0 0 0 0 0 0 0 0 0 0 0 0 0 0 0 0 0 0 0 0 0 0
 0 0 0 0 0 0 0 0 0 0 0 0 0 0 0 0 0 0 0 0 0 0 0 0 0 0
 0 0 0 0 0 0 0 0 0 0 0 0 0 0 0 0 0 0 0 0 0 0 0 0 0 0
 0 0 0 0 0 0 0 0 0 0 0 0 0 0 0 0 0 0 0 0 0 0 0 0 0 0
 0 0 0 0 0 0 0 0 0 0 0 0 0 0 0 0 0 0 0 0 0 0 0 0 0 0
 0 0 0 0 0 0 0 0 0 0 0 0 0 0 0 0 0 0 0 0 0 0 0 0 0 0
 0 0 0 0 0 0 0 0 0 0 0 0 0 0 0 0 0 0 0 0 0 0 0 0 0 0
 0.00862536 0 0 0.000197151 0.00414017 0.0128641 0.00837892 0.0270097 0.101434 0.158115 0.152841 0.127902 0.109271 0.109419 0.0830992 0.0579132 0.0238553 0.00714673 0.00463305 0.00128148 0.00103504 0.000492878 0.000147863 0.000147863 4.92878e-05 0
 0 0 0 0 0 0 0 0 0 0 0 0 0 0 0 0 0 0 0 0 0 0 0 0 0 0
 0 0 0 0 0 0 0 0.0054083 0.00873648 0.0413646 0.0450493 0.0745869 0.0622846 0.0627006 0.0613931 0.0827291 0.12552 0.122667 0.0946155 0.0697135 0.0546179 0.0294188 0.0215738 0.0213955 0.0102223 0.00600262
 0 0 0 0 0.00359764 0.0251062 0.0480494 0.140153 0.205849 0.193036 0.1447 0.116669 0.0760912 0.0342217 0.00950174 0.001854 0.000860785 0 0 0 0.000165536 0 0.000143464 0 0 0
 0 0 0 0 0 0 0 0.000145254 0.000435761 0.0275982 0.070085 0.0708112 0.156366 0.174668 0.174014 0.160142 0.0824315 0.0480064 0.0283245 0.00493863 0.00203355 0 0 0 0 0
 0 0 0 0 0 0 0 0 0 0 0 0 0 0 0 0 0 0 0 0 0 0 0 0 0 0
 0 0 1.00437e-05 0.000401748 0.00122533 0.00171747 0.00176769 0.0269171 0.070346 0.194647 0.189555 0.159765 0.064822 0.0314167 0.0384472 0.0292271 0.0345202 0.0313363 0.0194345 0.0106764 0.0143323 0.0359363 0.0279516 0.0138201 0.00172751 0
 0 0.0021121 0.0136068 0.0755702 0.200478 0.177729 0.0527432 0.0373336 0.0318909 0.0142505 0.0149659 0.0166563 0.0217959 0.0798694 0.0677717 0.0528807 0.04013 0.0224614 0.0357745 0.0225083 0.00881397 0.00855152 0.00135912 0.000746735 0 0
 0 0 0 0 5.4009e-05 0.00500934 0.000945158 0.0243581 0.138947 0.33067 0.221406 0.137944 0.0707744 0.0437923 0.0131692 0.00525238 0.0047753 0.00276346 9.45158e-05 9.00151e-06 2.25038e-05 9.00151e-06 4.50075e-06 0 0 0
 0.000866109 0.00284123 0.00948549 0.0512746 0.133035 0.25785 0.225252 0.132002 0.0553304 0.0519788 0.0540692 0.017754 0.00435017 0.00159236 0.00146478 0.000404838 0.000125132 0.000115318 0.000107957 0.000100596 0 0 0 0 0 0
 0 0 0 0 0.00144013 0.00171154 0.00461396 0.0210425 0.0478622 0.0707936 0.0888783 0.103762 0.0637923 0.0337046 0.0602308 0.124433 0.169614 0.0934646 0.0462172 0.0250306 0.0313229 0.00938855 0.002487 0.000210481 0 0
 0 0.00764035 0.051015 0.0998891 0.058973 0.0496711 0.0374665 0.0718981 0.12319 0.153886 0.159021 0.0857701 0.0377988 0.023471 0.0147837 0.00900784 0.00315554 0.000888139 0.00291439 0.00214683 0.00393193 0.00274676 0.000635225 9.99891e-05 0 0
 0 0 0 0 0 0 0 0 0 0 0 0 0 0 0 0 0 0 0 0 0 0 0 0 0 0
 0 0 0 0 0 0 0 0 0 0 0 0 0 0 0 0 0 0 0 0 0 0 0 0 0 0
 0 0 0 0 0 0 0 0 0 0 0 0 0 0 0 0 0 0 0 0 0 0 0 0 0 0
 0 0 0 0 0 0 0 0 0 0 0 0 0 0 0 0 0 0 0 0 0 0 0 0 0 0
 0 0 0 0 0 0 0 0 0 0 0 0 0 0 0 0 0 0 0 0 0 0 0 0 0 0
 0 0 0 0 0 0 0 0 0 0 0 0 0 0 0 0 0 0 0 0 0 0 0 0 0 0
 0 0 0 0 0 0 0 0 0 0 0 0 0 0 0 0 0 0 0 0 0 0 0 0 0 0
ppred_pel_tallas
 1.10707e-16 4.62255e-05 0.000449329 0.00298595 0.0135737 0.0422329 0.089982 0.131334 0.131346 0.0900403 0.0424299 0.0141484 0.00444985 0.00371515 0.00645364 0.0111295 0.0172671 0.0242875 0.0315347 0.0385527 0.0450807 0.0506991 0.054523 0.0553811 0.0524577 0.0459
 1.17607e-16 4.19574e-05 0.000407841 0.00271025 0.0123204 0.0383335 0.0816747 0.119212 0.11924 0.0818079 0.0387813 0.0136148 0.00596357 0.00752504 0.0136059 0.0225581 0.032822 0.042027 0.0478477 0.0493748 0.0477092 0.0451777 0.043765 0.0439719 0.0448134 0.0446944
 1.12979e-16 5.44916e-05 0.000529678 0.0035199 0.0160009 0.049785 0.106073 0.15482 0.154837 0.106157 0.0500687 0.0168219 0.00558643 0.00506076 0.00871881 0.0144845 0.0212341 0.0275058 0.0318562 0.0336647 0.0334834 0.0325686 0.0319761 0.0319482 0.0319694 0.0312752
 1.05043e-16 6.5727e-05 0.00063889 0.00424565 0.0193001 0.0600499 0.127943 0.186739 0.186753 0.128008 0.0602666 0.0199266 0.00581981 0.00408063 0.00661828 0.0108806 0.0157721 0.0200625 0.0225518 0.0227112 0.0209946 0.0185062 0.0162912 0.0148072 0.013889 0.0130787
 1.03342e-16 5.97042e-05 0.000580346 0.0038566 0.0175316 0.0545474 0.11622 0.169631 0.169652 0.116325 0.0548995 0.0185489 0.00641055 0.00615704 0.0106551 0.0175321 0.0252776 0.0318478 0.0352017 0.0344034 0.0301741 0.0243886 0.0189362 0.0148333 0.0121027 0.0102291
 1.0236e-16 6.6879e-05 0.000650087 0.00432006 0.0196384 0.0611023 0.130186 0.190012 0.190026 0.130251 0.0613218 0.0202726 0.00591363 0.00413412 0.00669911 0.0110094 0.0159467 0.0202491 0.0226712 0.0226302 0.0205282 0.0174358 0.0144051 0.0119632 0.0100824 0.00848533
 1.04092e-16 4.61578e-05 0.00044867 0.00298157 0.0135538 0.0421711 0.0898514 0.131148 0.131183 0.0900217 0.042743 0.0152058 0.00712894 0.00950435 0.0172503 0.0284604 0.0410298 0.0516723 0.0570646 0.0556709 0.0486437 0.039013 0.0298436 0.0228042 0.0179754 0.0145843
 1.08831e-16 4.39933e-05 0.000427631 0.00284176 0.0129182 0.0401936 0.0856376 0.124996 0.125022 0.0857659 0.0406248 0.0141663 0.00598402 0.00731879 0.0132242 0.0220345 0.0323021 0.0418014 0.0482571 0.050572 0.0493667 0.0463227 0.0429166 0.0396131 0.0360227 0.0316258
 1.10607e-16 5.23162e-05 0.000508532 0.00337937 0.0153622 0.0477975 0.101838 0.14864 0.148659 0.101933 0.0481162 0.0162844 0.00570059 0.00559677 0.0097783 0.0162489 0.0237984 0.0307772 0.0355457 0.0373831 0.0368801 0.0354129 0.0341321 0.0332929 0.032346 0.0305356
 1.05215e-16 6.57817e-05 0.000639421 0.00424918 0.0193162 0.0600998 0.12805 0.186895 0.186907 0.128112 0.0603086 0.0199197 0.00576608 0.00395735 0.00638668 0.0105067 0.0152549 0.0194566 0.0219678 0.0222836 0.0208318 0.0186497 0.016706 0.0154023 0.0145535 0.0137149
 1.0156e-16 7.19874e-05 0.000699743 0.00465004 0.0211384 0.0657695 0.140129 0.204525 0.204535 0.140177 0.0659312 0.0216054 0.00582245 0.00325963 0.00493522 0.00804916 0.0115984 0.0146082 0.0161384 0.01576 0.0138067 0.0111434 0.00864118 0.00676891 0.00553566 0.00470008
 1.01096e-16 6.68974e-05 0.000650266 0.00432125 0.0196438 0.0611192 0.130221 0.190065 0.190081 0.130299 0.0613805 0.0203984 0.0062149 0.00478263 0.00791062 0.0129603 0.0186357 0.0233758 0.0256362 0.0247028 0.0211129 0.016292 0.0117076 0.00819781 0.00585953 0.00436371
 1.01644e-16 6.31786e-05 0.000614119 0.00408104 0.0185518 0.0577217 0.122983 0.179501 0.179519 0.123073 0.0580256 0.0194299 0.00628565 0.00542872 0.00921251 0.0151442 0.0218416 0.0275302 0.0304394 0.0297405 0.026022 0.0208631 0.0158682 0.0119221 0.0090976 0.00704037
 1.025e-16 6.07477e-05 0.00059049 0.00392401 0.017838 0.0555007 0.118251 0.172595 0.172615 0.118348 0.055826 0.018778 0.0062848 0.00574864 0.00987022 0.0162557 0.0234907 0.0297054 0.0330282 0.0325839 0.0289896 0.0238914 0.0189364 0.0149945 0.0120852 0.00980906
 1.02059e-16 6.7754e-05 0.000658593 0.00437659 0.0198953 0.0619018 0.131889 0.192498 0.192511 0.131952 0.0621148 0.0205107 0.00592234 0.00403684 0.00649501 0.01066 0.0154189 0.0195346 0.0217905 0.02162 0.0194253 0.0162705 0.013209 0.0107796 0.0089672 0.00749379
 1.00347e-16 7.89881e-05 0.000767793 0.00510225 0.0231941 0.0721655 0.153756 0.224412 0.224416 0.153772 0.0722197 0.0233506 0.00549524 0.00162578 0.0017087 0.00270043 0.00388381 0.00488676 0.00538869 0.00524309 0.00455943 0.00362645 0.00273752 0.00205435 0.00158775 0.00126625
 1.0104e-16 3.73341e-05 0.0003629 0.0024116 0.0109628 0.0341097 0.0726762 0.106084 0.106134 0.0729233 0.0349393 0.0133578 0.00841875 0.0134613 0.0248685 0.0409354 0.0586874 0.0732149 0.0795396 0.0753656 0.0624776 0.0456054 0.0296998 0.0177096 0.0101212 0.00589627
 1.01106e-16 7.7044e-05 0.000748895 0.00497667 0.0226232 0.0703893 0.149972 0.218889 0.218892 0.149986 0.0704382 0.022765 0.00533476 0.00153759 0.00159531 0.00256838 0.00381505 0.00505137 0.00603459 0.00663671 0.00688748 0.00689924 0.00674408 0.00639945 0.00580101 0.00493711
 1.01462e-16 5.48443e-05 0.000533106 0.00354268 0.0161045 0.0501073 0.10676 0.155826 0.155856 0.106908 0.0506025 0.0175342 0.00712869 0.00835277 0.0148806 0.024448 0.0350597 0.0437692 0.047618 0.0452539 0.0377585 0.0279597 0.0187959 0.011984 0.0077511 0.0054117
 1.03474e-16 5.73491e-05 0.000557453 0.00370448 0.01684 0.0523957 0.111635 0.162939 0.162959 0.111733 0.0527251 0.0177928 0.00610058 0.00580284 0.0100621 0.0166547 0.0242424 0.0310141 0.0351376 0.0357247 0.0332907 0.0292815 0.0250886 0.0213648 0.0180497 0.0148459
 1.03126e-16 6.5732e-05 0.000638938 0.00424597 0.0193016 0.0600544 0.127953 0.186754 0.186768 0.128021 0.0602822 0.0199599 0.00590011 0.0042557 0.0069517 0.0114337 0.0165711 0.0210655 0.0236387 0.0237036 0.0216945 0.0187291 0.0158846 0.0136661 0.011982 0.0104798
 1.02076e-16 6.66759e-05 0.000648113 0.00430694 0.0195787 0.0609168 0.12979 0.189436 0.189451 0.129863 0.0611606 0.0202829 0.00607477 0.00450857 0.00740216 0.0121418 0.017508 0.0220676 0.0244066 0.0238746 0.0209635 0.0169603 0.013161 0.0102626 0.00828429 0.00688399
 1.05254e-16 3.18216e-05 0.000309317 0.00205552 0.00934414 0.0290734 0.0619456 0.0904216 0.0904702 0.0621827 0.0298694 0.0116437 0.00782909 0.0129174 0.0239897 0.0396425 0.0571795 0.0720613 0.0796651 0.0778387 0.068152 0.0547736 0.0419264 0.0319198 0.0248986 0.0198589
 1.05316e-16 6.58818e-05 0.000640395 0.00425565 0.0193456 0.0601913 0.128244 0.187178 0.187186 0.128283 0.0603208 0.0197217 0.00520652 0.00273872 0.00411722 0.00687549 0.0103027 0.0138026 0.0167926 0.0189751 0.0204348 0.0214187 0.0220049 0.021976 0.0209991 0.0189244
 1.04668e-16 5.73e-05 0.000556976 0.0037013 0.0168256 0.0523508 0.11154 0.162801 0.162824 0.111656 0.0527399 0.0179492 0.00652145 0.00671242 0.0117453 0.0193222 0.0278228 0.0349868 0.0385647 0.0375541 0.0328143 0.0264959 0.0207461 0.0166876 0.0142637 0.0127609
 1.07408e-16 4.15124e-05 0.000403516 0.00268151 0.0121898 0.037927 0.0808088 0.11795 0.117984 0.0809746 0.038484 0.0137999 0.00672847 0.00925519 0.0169027 0.0280089 0.0406497 0.0517568 0.0582079 0.0585353 0.0537363 0.0464642 0.0392986 0.033487 0.0289009 0.0248237
 1.05489e-16 6.49788e-05 0.000631617 0.00419732 0.0190804 0.0593663 0.126487 0.184613 0.184624 0.126538 0.0595411 0.0195865 0.00547228 0.00343054 0.00542687 0.00899052 0.0132314 0.0172443 0.020145 0.0215236 0.0216427 0.0211521 0.0205685 0.0199574 0.0190265 0.0174586
 1.0377e-16 6.15998e-05 0.000598772 0.00397905 0.0180882 0.0562792 0.11991 0.175015 0.175035 0.120004 0.0565974 0.0190074 0.00628664 0.00563688 0.009632 0.0158326 0.0228191 0.0287396 0.031757 0.0310443 0.0272821 0.0221951 0.0175054 0.0141151 0.0119905 0.0105879
 1.07324e-16 3.33155e-05 0.000323838 0.00215202 0.0097828 0.0304382 0.0648533 0.0946645 0.094708 0.0650663 0.0311535 0.01185 0.00734499 0.0116731 0.0216256 0.0357981 0.0517966 0.0656187 0.0731852 0.0725902 0.0651845 0.0545485 0.0442366 0.0360823 0.0300565 0.0252332
 1.14593e-16 4.08333e-05 0.000396914 0.00263764 0.0119903 0.0373064 0.0794861 0.116017 0.116037 0.079587 0.0376461 0.0129755 0.00512617 0.00588097 0.0106078 0.0178702 0.0266727 0.035506 0.0428183 0.0478557 0.0509522 0.052947 0.0542569 0.0544524 0.0526504 0.0482825
 1.05028e-16 7.18418e-05 0.000698327 0.00464063 0.0210956 0.0656364 0.139846 0.20411 0.204116 0.139876 0.0657404 0.0213965 0.00539781 0.00235784 0.00324346 0.00530215 0.00776176 0.0100476 0.0116384 0.0123279 0.0123479 0.0121827 0.0122185 0.0125041 0.012775 0.0126668
pSPR Fmed_Fpbrs
0.538833   0.6 0.325
Fs Fmed_Fpbrs
0.367764   0.297482 0.735234
SSBpbr Bo_Bmed_Bpbrs
1.51463e+06  740404  833049 416524
Ro
139460
SPR SPRFo_SPRFmed_SPRFpbrs
996850 537136 323976
Fref
0.297482
Nvult_r0
 159244 12721.7 5133.19 5420.41 1730.49
CTP_r0
 28933.7 2996.9 1228.42 1298.24 414.484
YTP_r0
391299
Np
 179465 66515.5 4712.78 1884.96 2523.64
Nvult_p0
 125934 48225.3 3424.72 1369.94 1834.13
CTP_p0
 21831.8 10872.4 784.505 314.08 420.522
YTP_p0
 375531
CBA_c0
386568
log_Ro
11.6655
likeval ReclasPelacesDesembMPH_pf_preclas_ppelaces_ptallas_desvR_qrecl_qpela
 12.6281 17.0571 0.0373785 0.000820102 241.262 117.167 93.6601 0 24.178 3.15243e-06 1.2302e-05 0.188204 7.36159e-16 0 0
q_reclas_q_pelaces
1.28608 1.64707
M
1
N
 171801 36567.4 92642.2 6233.08 0.225381
 94672.5 54816.4 11040.6 27856.2 1873.85
 95499.4 26792.8 14012.5 2800.94 7539.24
 145517 27160 6895.84 3579.73 2640.48
 117639 36194.6 5803.96 1457.02 1313.44
 214964 37988.7 11111.9 1775.13 847.163
 84302.4 62321.5 10041.5 2917.03 688.132
 35820.1 17936.6 10722.3 1700.48 609.989
 35165.6 11996.4 5792.24 3453.14 743.98
 47505.8 8895.25 2624.15 1253.37 907.667
 88831 10357.8 1583.23 460.049 378.543
 128181 29118.1 3246.59 494.602 261.928
 107091 29628.6 5620.3 618.28 143.968
 74776.6 25508.7 5962.35 1116.88 151.372
 69075.6 12925.2 3289.32 752.224 159.816
 373325 14705.1 2225.48 557.466 154.437
 73505 89613 2991.03 447.107 142.928
 603563 20470.9 22402.5 741.735 146.257
 334622 170707 5228.45 5678.44 224.99
 266412 85047.5 37588.7 1139.02 1285.33
 368665 69496.3 19415.7 8496.28 547.682
 507960 103584 17587.9 4875.5 2270.09
 99702.6 133106 23796 4000.98 1624.64
 293958 29965.5 36987.6 6573.88 1553.63
 250916 90346.4 8589.3 10547.1 2316.93
 110228 77210 25939.9 2453.42 3673.41
 249101 35116.6 23262.5 7782.93 1837.85
 282189 76584.4 10070.3 6636.37 2743.86
 79631.8 89250.2 22842.7 2990.53 2784.95
 58430 25510.8 27098.5 6907.89 1746.19
 225760 17434.5 7018.14 7409.9 2365.62
pred_Ctot
 14577.7 4211.33 10873.6 732.328 0.0264815
 14104.6 10889.9 2232.45 5637.9 379.273
 13988.5 5236.85 2787.82 557.78 1501.44
 30751 7517.31 1940.13 1008.02 743.572
 9184.25 3842.31 628.016 157.816 142.273
 29361.4 6943.06 2067.62 330.618 157.792
 23481.8 22281.2 3644.05 1059.42 249.929
 2045 1400.24 853.546 135.507 48.6111
 7158.42 3205.71 1573.62 938.964 202.31
 12758.5 3075.74 921.21 440.348 318.906
 6176.73 981.552 152.955 44.4906 36.6102
 31267.5 9213.22 1043.48 159.102 84.2596
 24716.9 8905.08 1716.39 188.977 44.0057
 26614.9 11371.8 2693.39 504.882 68.4298
 19225 4617.63 1192.81 272.996 58.0026
 84887.8 4358.64 670.3 168.048 46.5573
 11547.6 18729.5 636.179 95.1863 30.43
 90109.1 4074.93 4538.92 150.422 29.6621
 67375.5 45149.4 1405.97 1528.32 60.5576
 50376 21199.8 9528.89 289.006 326.143
 56275.1 14131 4017.97 1759.9 113.452
 94956.1 25542 4410.76 1223.79 569.839
 11726.7 21059.2 3834.43 645.335 262.058
 31027.8 4268.78 5367.82 954.975 225.705
 26321.3 12793.3 1239.07 1523 334.582
 9447.27 8979.5 3074.53 291.085 435.854
 26249.8 4994.58 3370.57 1128.81 266.569
 25331.2 9318.4 1248.65 823.691 340.58
 6575.95 10009.5 2611.01 342.176 318.67
 7097.54 4163.98 4504.53 1149.4 290.562
 28933.7 2996.9 1228.42 1298.24 414.484
F
 0.14235 0.197572 0.20169 0.201912 0.201923
 0.262289 0.364039 0.371627 0.372035 0.372056
 0.257373 0.357216 0.364662 0.365062 0.365083
 0.391379 0.543207 0.554529 0.555138 0.55517
 0.130335 0.180896 0.184667 0.184869 0.18488
 0.238166 0.330557 0.337447 0.337818 0.337837
 0.547565 0.759982 0.775822 0.776674 0.776719
 0.0938992 0.130326 0.133042 0.133188 0.133196
 0.374552 0.519852 0.530688 0.53127 0.531301
 0.523115 0.726048 0.741181 0.741995 0.742038
 0.115375 0.160132 0.16347 0.16365 0.163659
 0.464703 0.644975 0.658419 0.659142 0.65918
 0.434659 0.603276 0.61585 0.616526 0.616562
 0.755323 1.04834 1.07019 1.07136 1.07142
 0.54701 0.759211 0.775036 0.775887 0.775932
 0.426949 0.592576 0.604927 0.605591 0.605626
 0.278348 0.386328 0.39438 0.394813 0.394836
 0.262903 0.364891 0.372496 0.372905 0.372927
 0.369791 0.513244 0.523942 0.524517 0.524548
 0.343771 0.47713 0.487075 0.48761 0.487638
 0.269509 0.37406 0.381857 0.382276 0.382298
 0.339253 0.47086 0.480674 0.481202 0.48123
 0.202147 0.280566 0.286414 0.286728 0.286745
 0.179784 0.249528 0.254729 0.255009 0.255024
 0.178589 0.247869 0.253036 0.253314 0.253328
 0.143874 0.199687 0.203849 0.204072 0.204084
 0.179465 0.249085 0.254277 0.254556 0.254571
 0.151134 0.209764 0.214136 0.214371 0.214383
 0.13831 0.191965 0.195966 0.196181 0.196193
 0.20938 0.290604 0.296661 0.296987 0.297004
 0.222036 0.308171 0.314594 0.314939 0.314958
nmprior
 8.19 8.8 8.5 0
nm_flota  nm_reclas  nm_pelaces    nm_pelaL
inf 13.8346 17.9907 32.0669
cv_recla  cv_pelaces  cv_mph
0.321435 0.468301 0.88377
 ------------------------------------------------
Talla a la edad & desviaci?n 
 8 13.2811 15.8009 17.003 17.5766
 0.8 1.32811 1.58009 1.7003 1.75766
