years
 1991 1992 1993 1994 1995 1996 1997 1998 1999 2000 2001 2002 2003 2004 2005 2006 2007 2008 2009 2010 2011 2012 2013 2014 2015 2016 2017 2018 2019 2020 2021
reclasobs
 0 0 0 0 0 0 0 0 0 252601 567819 844713 477998 351125 339783 2.1784e+06 2.13404e+06 4.81314e+06 1.55562e+06 2.62356e+06 3.21686e+06 3.843e+06 1.13348e+06 3.07943e+06 1.97215e+06 2.03268e+06 2.025e+06 2.42433e+06 2.27542e+06 1.05018e+06 2.36338e+06
reclaspred
 3.20213e+06 1.75216e+06 887039 910042 921643 1.58587e+06 897936 773458 548398 372666 501961 682146 667993 494857 488181 1.35477e+06 1.18765e+06 3.04923e+06 2.42188e+06 1.81946e+06 3.13843e+06 2.54835e+06 1.93319e+06 3.0463e+06 2.2667e+06 2.00036e+06 2.41852e+06 2.63183e+06 2.07075e+06 1.23507e+06 1.95519e+06
pelacesobs
 0 0 0 0 0 0 0 0 0 0 0 0 0 0 0 552880 188675 0 991730 2.46772e+06 1.41603e+06 1.21717e+06 2.29649e+06 1.80582e+06 0 1.4828e+06 1.56532e+06 1.57751e+06 1.42118e+06 867257 0
pelacespred
 1.78426e+06 1.06755e+06 527581 448462 491169 880850 433585 498461 323854 202802 296603 331933 360259 272085 279413 656487 577274 1.75362e+06 1.39528e+06 954017 1.66949e+06 1.41615e+06 1.09695e+06 1.92892e+06 1.3574e+06 1.20612e+06 1.67437e+06 1.79376e+06 1.16064e+06 776113 1.12529e+06
mphobs
 0 0 0 0 0 0 0 0 0 0 0 498337 0 5186 125008 0 168611 109162 213762 579715 649985 157893 87575 83554 0 0 0 0 0 0 0
mphpred
 493376 330051 158855 88046.4 96550.6 115511 158143 85632.8 77162.7 48635.4 30004.8 61028.5 65554.2 53452.8 32702.8 41870.3 152818 132116 304999 214228 235294 285596 271384 215609 309692 255762 208581 226231 326477 209966 106694
desembarqueobs
 494567 514787 250237 358949 120608 361735 552515 73892 212993 205616 52469 317467 293654 387597 252695 516296 358380 742168 942051 627588 828172 859565 418607 520667 417249 300574 415391 372974 316634 284311 391294
desembarquepred
 494571 513833 250684 358984 120614 361743 552541 73897.3 213054 205672 52471.8 317529 293690 387578 252670 516223 358406 742022 941767 627382 828251 859533 418605 520689 417235 300570 415382 372941 316613 284315 391295
Reclutas
 170889 94779.2 95126.1 145565 117553 214151 84354.6 35878.1 35044.9 47090.9 88315.1 127727 106339 74810.8 69041.1 370182 70229.1 591642 330286 278700 364092 505161 98617.5 289743 250484 109387 247061 280550 77394.2 57526.3 280005
log_desv_Rt
 0.202469 -0.386994 -0.38334 0.0420794 -0.171653 0.428136 -0.503514 -1.35842 -1.38191 -1.08646 -0.457633 -0.0886464 -0.271908 -0.623582 -0.703842 0.97545 -0.686782 1.44436 0.861417 0.691594 0.958864 1.28633 -0.347296 0.73045 0.584851 -0.243648 0.571093 0.698208 -0.589632 -0.886301 0.696264
SSB
 2.06913e+06 1.38417e+06 666211 369251 404916 484432 663223 359129 323606 203968 125835 255943 274923 224172 137150 175596 640890 554069 1.27911e+06 898435 986780 1.19774e+06 1.13814e+06 904225 1.29879e+06 1.07262e+06 874751 948774 1.36918e+06 880558 447456
BT
 2.91806e+06 1.99877e+06 981052 924539 783138 1.54193e+06 1.09936e+06 764120 665532 481261 460653 729245 770522 783084 644464 1.33727e+06 1.08918e+06 3.11644e+06 2.85556e+06 1.89116e+06 3.0139e+06 2.77959e+06 1.90088e+06 3.19158e+06 2.28826e+06 1.95672e+06 2.7738e+06 2.89124e+06 1.88994e+06 1.36612e+06 1.92388e+06
Ftot
 0.202798 0.374001 0.367132 0.555677 0.184959 0.337451 0.778686 0.133366 0.531949 0.745989 0.164099 0.661163 0.620272 1.0755 0.775207 0.606855 0.40335 0.380891 0.537895 0.486415 0.38074 0.482159 0.288916 0.257388 0.255907 0.205759 0.255956 0.215104 0.198257 0.302012 0.31287
BD_Bspro_t
 0.96819 0.781876 0.57772 0.478391 0.472415 0.566434 0.566614 0.373456 0.430431 0.368748 0.324853 0.580528 0.459183 0.36379 0.250638 0.301739 0.493551 0.445645 0.58221 0.465662 0.441577 0.486799 0.503068 0.485362 0.60688 0.617485 0.623431 0.668487 0.726709 0.63826 0.555287
BD_Bspro
 2.08202 1.3928 0.670362 0.371551 0.407439 0.48745 0.667355 0.361366 0.325623 0.205239 0.126619 0.257537 0.276635 0.225568 0.138004 0.176691 0.644883 0.557521 1.28708 0.904033 0.992928 1.2052 1.14523 0.909858 1.30688 1.0793 0.880202 0.954686 1.37772 0.886044 0.450244
BD_Bo
 1.37889 0.922428 0.44397 0.246072 0.26984 0.32283 0.441978 0.239327 0.215654 0.135927 0.0838575 0.170563 0.183211 0.14939 0.0913978 0.117019 0.427095 0.369237 0.852412 0.598726 0.6576 0.798184 0.758465 0.602584 0.865528 0.714805 0.582943 0.632273 0.912438 0.586813 0.298189
BD_Brms
 2.50707 1.67714 0.807218 0.447404 0.490618 0.586964 0.803596 0.43514 0.392099 0.247139 0.152468 0.310114 0.333111 0.271618 0.166178 0.212762 0.776537 0.67134 1.54984 1.08859 1.19564 1.45124 1.37903 1.09561 1.57369 1.29965 1.0599 1.14959 1.65898 1.06693 0.542162
Sel_flota
 0.711586 0.979113 0.998879 0.999941 0.999997
 0.711586 0.979113 0.998879 0.999941 0.999997
 0.711586 0.979113 0.998879 0.999941 0.999997
 0.711586 0.979113 0.998879 0.999941 0.999997
 0.711586 0.979113 0.998879 0.999941 0.999997
 0.711586 0.979113 0.998879 0.999941 0.999997
 0.711586 0.979113 0.998879 0.999941 0.999997
 0.711586 0.979113 0.998879 0.999941 0.999997
 0.711586 0.979113 0.998879 0.999941 0.999997
 0.711586 0.979113 0.998879 0.999941 0.999997
 0.711586 0.979113 0.998879 0.999941 0.999997
 0.711586 0.979113 0.998879 0.999941 0.999997
 0.711586 0.979113 0.998879 0.999941 0.999997
 0.711586 0.979113 0.998879 0.999941 0.999997
 0.711586 0.979113 0.998879 0.999941 0.999997
 0.711586 0.979113 0.998879 0.999941 0.999997
 0.711586 0.979113 0.998879 0.999941 0.999997
 0.711586 0.979113 0.998879 0.999941 0.999997
 0.711586 0.979113 0.998879 0.999941 0.999997
 0.711586 0.979113 0.998879 0.999941 0.999997
 0.711586 0.979113 0.998879 0.999941 0.999997
 0.711586 0.979113 0.998879 0.999941 0.999997
 0.711586 0.979113 0.998879 0.999941 0.999997
 0.711586 0.979113 0.998879 0.999941 0.999997
 0.711586 0.979113 0.998879 0.999941 0.999997
 0.711586 0.979113 0.998879 0.999941 0.999997
 0.711586 0.979113 0.998879 0.999941 0.999997
 0.711586 0.979113 0.998879 0.999941 0.999997
 0.711586 0.979113 0.998879 0.999941 0.999997
 0.711586 0.979113 0.998879 0.999941 0.999997
 0.711586 0.979113 0.998879 0.999941 0.999997
Sel_reclas
 1 1 1 1 1
 1 1 1 1 1
 1 1 1 1 1
 1 1 1 1 1
 1 1 1 1 1
 1 1 1 1 1
 1 1 1 1 1
 1 1 1 1 1
 1 1 1 1 1
 1 1 1 1 1
 1 1 1 1 1
 1 1 1 1 1
 1 1 1 1 1
 1 1 1 1 1
 1 1 1 1 1
 1 1 1 1 1
 1 1 1 1 1
 1 1 1 1 1
 1 1 1 1 1
 1 1 1 1 1
 1 1 1 1 1
 1 1 1 1 1
 1 1 1 1 1
 1 1 1 1 1
 1 1 1 1 1
 1 1 1 1 1
 1 1 1 1 1
 1 1 1 1 1
 1 1 1 1 1
 1 1 1 1 1
 1 1 1 1 1
Sel_pelaces
 1 1 1 1 1
 1 1 1 1 1
 1 1 1 1 1
 1 1 1 1 1
 1 1 1 1 1
 1 1 1 1 1
 1 1 1 1 1
 1 1 1 1 1
 1 1 1 1 1
 1 1 1 1 1
 1 1 1 1 1
 1 1 1 1 1
 1 1 1 1 1
 1 1 1 1 1
 1 1 1 1 1
 1 1 1 1 1
 1 1 1 1 1
 1 1 1 1 1
 1 1 1 1 1
 1 1 1 1 1
 1 1 1 1 1
 1 1 1 1 1
 1 1 1 1 1
 1 1 1 1 1
 1 1 1 1 1
 1 1 1 1 1
 1 1 1 1 1
 1 1 1 1 1
 1 1 1 1 1
 1 1 1 1 1
 1 1 1 1 1
pf_obs 
 0.8446 0.082 0.0669 0.0065 0
 0.8095 0.147 0.0364 0.0071 0
 0.9664 0.0169 0.016 0.0007 0
 0.9276 0.0648 0.0075 0.0001 0
 0.7033 0.2144 0.0806 0.0017 0
 0.9318 0.0425 0.0243 0.0014 0
 0.5671 0.3108 0.0964 0.0239 0.0018
 0.0768 0.2599 0.5324 0.112 0.0189
 0.490249 0.384438 0.106611 0.0170017 0.00170017
 0.7925 0.1577 0.0466 0.003 0.0002
 0.840416 0.127587 0.0312969 0.00059994 9.999e-05
 0.8084 0.0986 0.0794 0.0134 0.0002
 0.7335 0.1905 0.0724 0.0035 0.0001
 0.4001 0.4547 0.1325 0.0127 0
 0.49795 0.308269 0.164784 0.0264974 0.00249975
 0.9179 0.0499 0.0305 0.0017 0
 0.2467 0.6533 0.0926 0.0074 0
 0.9418 0.0223 0.034 0.0019 0
 0.707729 0.231977 0.0356964 0.0245975 0
 0.517169 0.277429 0.184464 0.0207286 0.00020938
 0.811772 0.124168 0.05621 0.00726502 0.000585176
 0.764997 0.148141 0.077277 0.00933861 0.000247198
 0.163321 0.427699 0.378323 0.0303852 0.000271297
 0.753843 0.0900009 0.118128 0.0371064 0.000921714
 0.721811 0.176058 0.0630433 0.0369309 0.00215725
 0.143369 0.312575 0.442814 0.0836902 0.0175525
 0.692698 0.0596174 0.167031 0.0765114 0.00414204
 0.394062 0.376323 0.152708 0.0712218 0.00568511
 0.125707 0.32114 0.495352 0.0537591 0.00404204
 0.23352 0.215282 0.420074 0.123614 0.00750983
 0 0 0 0 0
pf_pred 
 0.481748 0.13843 0.355834 0.023987 8.72979e-07
 0.428216 0.325244 0.0668983 0.168308 0.0113332
 0.583537 0.216977 0.114669 0.023036 0.0617804
 0.73593 0.177128 0.0458203 0.0236511 0.017471
 0.660899 0.273417 0.0444419 0.011203 0.0100401
 0.756839 0.177891 0.052846 0.00840918 0.00401489
 0.466226 0.436475 0.071629 0.0207892 0.00488137
 0.460359 0.310245 0.188571 0.0300665 0.0107586
 0.549074 0.245045 0.119412 0.0710938 0.0153743
 0.729393 0.17479 0.0526949 0.0250257 0.0180963
 0.838003 0.130665 0.0204454 0.00599118 0.00489519
 0.750882 0.218831 0.0245303 0.00375812 0.00199875
 0.697009 0.248656 0.0478883 0.00522291 0.00122391
 0.649931 0.271961 0.0644108 0.0120741 0.00162307
 0.761209 0.179952 0.0460501 0.0105496 0.00223939
 0.942106 0.048178 0.00737417 0.00183319 0.000508316
 0.366473 0.608646 0.0207982 0.00309977 0.000982848
 0.913138 0.039561 0.0454857 0.0015175 0.000297494
 0.589255 0.385608 0.011597 0.0130209 0.000518903
 0.636101 0.247479 0.10947 0.00320859 0.00374098
 0.732407 0.19288 0.0512167 0.0220952 0.00140076
 0.751068 0.198821 0.0363613 0.00942894 0.0043201
 0.313866 0.559932 0.101307 0.018071 0.00682382
 0.742789 0.101354 0.127717 0.0225938 0.00554538
 0.629172 0.298433 0.0289139 0.0356386 0.00784268
 0.42757 0.403998 0.136148 0.0129031 0.0193809
 0.731116 0.137704 0.0931702 0.0307318 0.00727865
 0.686423 0.249177 0.0333417 0.0220668 0.00899187
 0.328695 0.506531 0.131525 0.0172238 0.0160257
 0.415531 0.237969 0.26283 0.0668017 0.0168677
 0.861725 0.0699204 0.0282107 0.0304596 0.0096847
pobs_RECLAS
 0 0 0 0 0
 0 0 0 0 0
 0 0 0 0 0
 0 0 0 0 0
 0 0 0 0 0
 0 0 0 0 0
 0 0 0 0 0
 0 0 0 0 0
 0 0 0 0 0
 0 0 0 0 0
 0.991045 0.00858322 0.000360255 1.14367e-05 0
 0.934742 0.0480273 0.0164251 0.00080598 0
 0.827803 0.169806 0.00239088 0 0
 0.941827 0.0461693 0.0120037 0 0
 0.791401 0.0380133 0.147996 0.0225897 0
 0.846168 0.0940531 0.0597789 0 0
 0.134021 0.677848 0.182769 0.00536245 0
 0.80878 0.0450904 0.141981 0.00414843 0
 0.846168 0.0940531 0.0597789 0 0
 0.905697 0.0802665 0.012482 0.00150086 5.37128e-05
 0.989698 0.0102097 9.19794e-05 0 0
 0.975433 0.0193895 0.00387452 0.00125025 5.28907e-05
 0.303575 0.632131 0.0575291 0.00676475 0
 0.966965 0.00978017 0.0227588 0.000495775 0
 0.843318 0.132988 0.00938335 0.0141283 0.000182051
 0.564624 0.303363 0.111486 0.0197234 0.00080311
 0.826376 0.0876187 0.0782897 0.00655872 0.00115652
 0.89761 0.0855135 0.0140674 0.00269457 0.000114338
 0.34875 0.467042 0.161289 0.0227151 0.000203297
 0.318654 0.224769 0.449479 0.00709798 0
 0.937255 0.0296025 0.0250945 0.00804832 0
ppred_RECLAS
 0.566168 0.117626 0.296257 0.0199492 7.25987e-07
 0.512485 0.27989 0.0563843 0.141699 0.0095409
 0.663075 0.177326 0.0917862 0.0184187 0.0493942
 0.797188 0.137016 0.0346951 0.0178883 0.0132132
 0.730093 0.218492 0.0347993 0.00876277 0.00785274
 0.812991 0.137576 0.0400321 0.00636314 0.00303785
 0.553655 0.366466 0.0588228 0.0170523 0.00400368
 0.542926 0.265054 0.157878 0.0251455 0.00899718
 0.632411 0.20174 0.0962399 0.057233 0.0123761
 0.793247 0.134609 0.0396973 0.0188308 0.0136159
 0.87768 0.099054 0.0151878 0.00444574 0.00363225
 0.809569 0.167722 0.0183973 0.00281527 0.00149721
 0.764301 0.194179 0.0365987 0.00398704 0.000934245
 0.72836 0.212136 0.0490798 0.00918876 0.00123513
 0.819257 0.136955 0.0342799 0.00784391 0.00166495
 0.958194 0.0349164 0.00523055 0.0012988 0.000360117
 0.446284 0.532405 0.0178169 0.00265249 0.000840978
 0.936668 0.0291724 0.0328501 0.00109473 0.000214601
 0.667794 0.31229 0.00919409 0.0103113 0.000410897
 0.710782 0.198019 0.0857608 0.00251083 0.00292728
 0.792949 0.15012 0.0390408 0.0168238 0.00106651
 0.808826 0.153345 0.0274584 0.00711229 0.00325848
 0.38904 0.50048 0.0887056 0.0158059 0.00596815
 0.802022 0.0789941 0.097521 0.0172331 0.00422942
 0.702387 0.240495 0.0228277 0.0281062 0.00618474
 0.509664 0.348148 0.114959 0.0108832 0.0163459
 0.791884 0.107665 0.0713676 0.0235147 0.00556899
 0.752577 0.197449 0.0258865 0.0171141 0.00697332
 0.404951 0.45125 0.114808 0.0150184 0.0139729
 0.499643 0.20625 0.223149 0.0566541 0.0143046
 0.89733 0.0524626 0.0207346 0.0223629 0.00710993
pobs_PELACES
 0 0 0 0 0
 0 0 0 0 0
 0 0 0 0 0
 0 0 0 0 0
 0 0 0 0 0
 0 0 0 0 0
 0 0 0 0 0
 0 0 0 0 0
 0 0 0 0 0
 0 0 0 0 0
 0 0 0 0 0
 0 0 0 0 0
 0 0 0 0 0
 0 0 0 0 0
 0 0 0 0 0
 0 0 0 0 0
 0.505614 0.472636 0.0217494 0 0
 0 0 0 0 0
 0.443492 0.261883 0.143347 0.151278 0
 0.227955 0.32914 0.350689 0.0885471 0.00366901
 0.970185 0.0296113 0.000203453 0 0
 0.997202 0.00247181 0.000326279 0 0
 0.445219 0.490057 0.0546422 0.010081 0
 0.90214 0.0892962 0.00764917 0.000914606 0
 0 0 0 0 0
 0.581667 0.319106 0.0959925 0.00289975 0.000334073
 0.762889 0.0836404 0.116647 0.0363945 0.000428098
 0.88444 0.0763242 0.0277011 0.0115352 0
 0.521256 0.241999 0.230069 0.00667565 0
 0.616807 0.101726 0.260614 0.0208532 0
 0 0 0 0 0
ppred_PELACES
 0.570797 0.116483 0.292991 0.0197279 7.17932e-07
 0.520999 0.275299 0.0553242 0.139017 0.00936023
 0.670533 0.173602 0.0896436 0.0179864 0.0482346
 0.805193 0.131766 0.0332451 0.0171374 0.0126584
 0.733344 0.215911 0.0343467 0.00864823 0.00775008
 0.817566 0.134289 0.0389898 0.00619673 0.00295839
 0.5708 0.352714 0.0563286 0.0163248 0.00383281
 0.545937 0.263405 0.156759 0.0249661 0.00893298
 0.643626 0.195898 0.0931294 0.0553728 0.0119738
 0.804114 0.127756 0.0374934 0.0177807 0.0128565
 0.879249 0.0978039 0.0149801 0.00438468 0.00358236
 0.818482 0.159954 0.0174698 0.00267272 0.00142138
 0.774148 0.1862 0.0349532 0.00380694 0.000892035
 0.747026 0.197865 0.045458 0.00850746 0.00114353
 0.829345 0.12947 0.0322431 0.00737585 0.00156557
 0.960314 0.0331681 0.00494903 0.00122864 0.000340659
 0.455125 0.523958 0.0174882 0.00260318 0.000825338
 0.938711 0.0282692 0.0317541 0.00105807 0.000207412
 0.67829 0.302488 0.00887431 0.00995081 0.000396527
 0.719731 0.192084 0.0829268 0.00242745 0.00283004
 0.798525 0.146178 0.0379215 0.0163393 0.00103578
 0.815417 0.148152 0.0264452 0.0068487 0.00313768
 0.395202 0.495603 0.0876758 0.0156209 0.00589824
 0.805765 0.0775797 0.0956142 0.0168946 0.00414633
 0.707156 0.236719 0.0224319 0.0276163 0.00607691
 0.514301 0.344991 0.113764 0.0107692 0.0161748
 0.795717 0.105768 0.0699937 0.0230599 0.00546127
 0.75615 0.194654 0.0254844 0.0168469 0.00686444
 0.409251 0.44813 0.113867 0.0148943 0.0138574
 0.506601 0.20362 0.21987 0.0558158 0.0140928
 0.89994 0.0511817 0.0201871 0.0217701 0.0069214
pobs_pel_tallas
 0 0 0 0 0 0 0 0 0 0 0 0 0 0 0 0 0 0 0 0 0 0 0 0 0 0
 0 0 0 0 0 0 0 0 0 0 0 0 0 0 0 0 0 0 0 0 0 0 0 0 0 0
 0 0 0 0 0 0 0 0 0 0 0 0 0 0 0 0 0 0 0 0 0 0 0 0 0 0
 0 0 0 0 0 0 0 0 0 0 0 0 0 0 0 0 0 0 0 0 0 0 0 0 0 0
 0 0 0 0 0 0 0 0 0 0 0 0 0 0 0 0 0 0 0 0 0 0 0 0 0 0
 0 0 0 0 0 0 0 0 0 0 0 0 0 0 0 0 0 0 0 0 0 0 0 0 0 0
 0 0 0 0 0 0 0 0 0 0 0 0 0 0 0 0 0 0 0 0 0 0 0 0 0 0
 0 0 0 0 0 0 0 0 0 0 0 0 0 0 0 0 0 0 0 0 0 0 0 0 0 0
 0 0 0 0 0 0 0 0 0 0 0 0 0 0 0 0 0 0 0 0 0 0 0 0 0 0
 0 0 0 0 0 0 0 0 0 0 0 0 0 0 0 0 0 0 0 0 0 0 0 0 0 0
 0 0 0 0 0 0 0 0 0 0 0 0 0 0 0 0 0 0 0 0 0 0 0 0 0 0
 0 0 0 0 0 0 0 0 0 0 0 0 0 0 0 0 0 0 0 0 0 0 0 0 0 0
 0.00862536 0 0 0.000197151 0.00414017 0.0128641 0.00837892 0.0270097 0.101434 0.158115 0.152841 0.127902 0.109271 0.109419 0.0830992 0.0579132 0.0238553 0.00714673 0.00463305 0.00128148 0.00103504 0.000492878 0.000147863 0.000147863 4.92878e-05 0
 0 0 0 0 0 0 0 0 0 0 0 0 0 0 0 0 0 0 0 0 0 0 0 0 0 0
 0 0 0 0 0 0 0 0.0054083 0.00873648 0.0413646 0.0450493 0.0745869 0.0622846 0.0627006 0.0613931 0.0827291 0.12552 0.122667 0.0946155 0.0697135 0.0546179 0.0294188 0.0215738 0.0213955 0.0102223 0.00600262
 0 0 0 0 0.00359764 0.0251062 0.0480494 0.140153 0.205849 0.193036 0.1447 0.116669 0.0760912 0.0342217 0.00950174 0.001854 0.000860785 0 0 0 0.000165536 0 0.000143464 0 0 0
 0 0 0 0 0 0 0 0.000145254 0.000435761 0.0275982 0.070085 0.0708112 0.156366 0.174668 0.174014 0.160142 0.0824315 0.0480064 0.0283245 0.00493863 0.00203355 0 0 0 0 0
 0 0 0 0 0 0 0 0 0 0 0 0 0 0 0 0 0 0 0 0 0 0 0 0 0 0
 0 0 1.00437e-05 0.000401748 0.00122533 0.00171747 0.00176769 0.0269171 0.070346 0.194647 0.189555 0.159765 0.064822 0.0314167 0.0384472 0.0292271 0.0345202 0.0313363 0.0194345 0.0106764 0.0143323 0.0359363 0.0279516 0.0138201 0.00172751 0
 0 0.0021121 0.0136068 0.0755702 0.200478 0.177729 0.0527432 0.0373336 0.0318909 0.0142505 0.0149659 0.0166563 0.0217959 0.0798694 0.0677717 0.0528807 0.04013 0.0224614 0.0357745 0.0225083 0.00881397 0.00855152 0.00135912 0.000746735 0 0
 0 0 0 0 5.4009e-05 0.00500934 0.000945158 0.0243581 0.138947 0.33067 0.221406 0.137944 0.0707744 0.0437923 0.0131692 0.00525238 0.0047753 0.00276346 9.45158e-05 9.00151e-06 2.25038e-05 9.00151e-06 4.50075e-06 0 0 0
 0.000866109 0.00284123 0.00948549 0.0512746 0.133035 0.25785 0.225252 0.132002 0.0553304 0.0519788 0.0540692 0.017754 0.00435017 0.00159236 0.00146478 0.000404838 0.000125132 0.000115318 0.000107957 0.000100596 0 0 0 0 0 0
 0 0 0 0 0.00144013 0.00171154 0.00461396 0.0210425 0.0478622 0.0707936 0.0888783 0.103762 0.0637923 0.0337046 0.0602308 0.124433 0.169614 0.0934646 0.0462172 0.0250306 0.0313229 0.00938855 0.002487 0.000210481 0 0
 0 0.00764035 0.051015 0.0998891 0.058973 0.0496711 0.0374665 0.0718981 0.12319 0.153886 0.159021 0.0857701 0.0377988 0.023471 0.0147837 0.00900784 0.00315554 0.000888139 0.00291439 0.00214683 0.00393193 0.00274676 0.000635225 9.99891e-05 0 0
 0 0 0 0 0 0 0 0 0 0 0 0 0 0 0 0 0 0 0 0 0 0 0 0 0 0
 0 0 0 0 0 0 0 0 0 0 0 0 0 0 0 0 0 0 0 0 0 0 0 0 0 0
 0 0 0 0 0 0 0 0 0 0 0 0 0 0 0 0 0 0 0 0 0 0 0 0 0 0
 0 0 0 0 0 0 0 0 0 0 0 0 0 0 0 0 0 0 0 0 0 0 0 0 0 0
 0 0 0 0 0 0 0 0 0 0 0 0 0 0 0 0 0 0 0 0 0 0 0 0 0 0
 0 0 0 0 0 0 0 0 0 0 0 0 0 0 0 0 0 0 0 0 0 0 0 0 0 0
 0 0 0 0 0 0 0 0 0 0 0 0 0 0 0 0 0 0 0 0 0 0 0 0 0 0
ppred_pel_tallas
 1.10464e-16 4.70158e-05 0.000457011 0.003037 0.0138058 0.0429549 0.0915203 0.133579 0.133591 0.0915775 0.0431481 0.0143693 0.00447237 0.00365894 0.00632834 0.0109087 0.0169204 0.023792 0.0308783 0.037732 0.0440997 0.0495755 0.0532987 0.0541277 0.0512656 0.0448551
 1.17193e-16 4.29141e-05 0.00041714 0.00277205 0.0126013 0.0392076 0.0835368 0.12193 0.121957 0.0836669 0.0396445 0.0138643 0.00594659 0.00736205 0.0132787 0.0220129 0.0320296 0.0410144 0.0466988 0.0481956 0.0465785 0.0441169 0.0427457 0.0429521 0.0437737 0.0436545
 1.12598e-16 5.5231e-05 0.000536865 0.00356766 0.0162181 0.0504605 0.107512 0.15692 0.156937 0.107594 0.0507374 0.0170194 0.00558483 0.00495958 0.00851186 0.0141362 0.0207204 0.0268343 0.0310673 0.0328128 0.0326102 0.0316883 0.031082 0.0310324 0.0310401 0.0303605
 1.04854e-16 6.63227e-05 0.00064468 0.00428413 0.019475 0.0605941 0.129103 0.188432 0.188444 0.129165 0.0608031 0.020079 0.00580182 0.00396298 0.00638391 0.0104907 0.0152071 0.0193442 0.0217454 0.0219003 0.0202464 0.0178475 0.0157109 0.0142775 0.0133884 0.0126028
 1.03226e-16 6.04046e-05 0.000587155 0.00390185 0.0177373 0.0551873 0.117583 0.17162 0.171641 0.117685 0.0555289 0.018724 0.00637904 0.00599621 0.0103372 0.0170046 0.0245161 0.0308866 0.034136 0.0333563 0.0292472 0.0236281 0.0183325 0.0143476 0.0116966 0.0098798
 1.02282e-16 6.73418e-05 0.000654587 0.00434996 0.0197743 0.0615252 0.131086 0.191327 0.19134 0.13115 0.0617382 0.02039 0.00589694 0.00403675 0.0065056 0.0106874 0.0154797 0.0196553 0.0220048 0.0219623 0.0199183 0.0169122 0.0139662 0.0115924 0.00976472 0.00821404
 1.04002e-16 4.70161e-05 0.000457013 0.00303702 0.0138059 0.0429553 0.0915221 0.133586 0.13362 0.0916883 0.0435133 0.0154177 0.00708357 0.00929264 0.0168333 0.0277697 0.040035 0.0504217 0.0556878 0.0543348 0.0474867 0.0380986 0.0291591 0.0222945 0.0175827 0.0142697
 1.08607e-16 4.49682e-05 0.000437107 0.00290473 0.0132045 0.0410842 0.0875352 0.127766 0.127791 0.0876603 0.0415048 0.0144216 0.00596905 0.00715725 0.0128978 0.0214869 0.0314978 0.0407579 0.0470476 0.0492971 0.0481124 0.0451353 0.0418078 0.0385849 0.0350871 0.0308069
 1.10318e-16 5.30146e-05 0.000515321 0.00342449 0.0155673 0.0484356 0.103198 0.150624 0.150643 0.103291 0.0487479 0.0164709 0.00569883 0.00550061 0.00958167 0.0159179 0.0233099 0.0301382 0.0347939 0.0365694 0.0360444 0.0345701 0.0332793 0.0324285 0.0314851 0.0297114
 1.05074e-16 6.62338e-05 0.000643816 0.00427839 0.0194489 0.0605129 0.12893 0.188179 0.188191 0.12899 0.0607157 0.0200352 0.0057519 0.00386691 0.00620667 0.0102074 0.0148213 0.018906 0.0213506 0.0216645 0.0202629 0.0181518 0.0162703 0.0150068 0.0141808 0.0133607
 1.01504e-16 7.24226e-05 0.000703973 0.00467815 0.0212662 0.0661671 0.140976 0.205761 0.205771 0.141022 0.0663218 0.0217131 0.00580012 0.00315373 0.0047265 0.00770342 0.0111003 0.0139818 0.0154481 0.015089 0.0132238 0.0106797 0.00828976 0.00650187 0.00532401 0.00452478
 1.01054e-16 6.74173e-05 0.000655321 0.00435484 0.0197965 0.0615942 0.131234 0.191542 0.191558 0.131309 0.061847 0.0205264 0.00618659 0.00465259 0.00765458 0.0125363 0.018025 0.0226081 0.0247915 0.023884 0.020406 0.0157371 0.0112981 0.0079008 0.00563946 0.00419558
 1.0159e-16 6.37656e-05 0.000619824 0.00411895 0.0187242 0.0582579 0.124125 0.181168 0.181186 0.124213 0.0585526 0.0195755 0.0062565 0.00528797 0.00893477 0.0146837 0.021177 0.0266924 0.0295128 0.0288345 0.025228 0.0202247 0.0153801 0.0115524 0.00881246 0.00681701
 1.0241e-16 6.15316e-05 0.000598109 0.00397465 0.0180682 0.0562169 0.119777 0.174822 0.174841 0.11987 0.0565304 0.0189739 0.0062495 0.0055685 0.00951396 0.0156643 0.022636 0.0286249 0.0318276 0.0314005 0.0279383 0.0230269 0.0182532 0.0144551 0.0116513 0.00945702
 1.01969e-16 6.83121e-05 0.000664018 0.00441263 0.0200592 0.0624117 0.132975 0.194084 0.194096 0.133036 0.0626169 0.0206522 0.00590226 0.00391953 0.00626184 0.010272 0.0148561 0.0188189 0.0209871 0.0208145 0.0186893 0.0156384 0.0126789 0.010332 0.00858447 0.00716839
 1.00333e-16 7.90998e-05 0.000768878 0.00510946 0.0232269 0.0722675 0.153974 0.22473 0.224733 0.153989 0.0723199 0.0233784 0.00548984 0.00159931 0.00165645 0.00261381 0.00375886 0.00472928 0.00521455 0.00507279 0.00441 0.00350574 0.00264411 0.00198185 0.00152963 0.00121838
 1.0104e-16 3.74882e-05 0.000364398 0.00242156 0.0110081 0.0342505 0.0729762 0.106521 0.106572 0.0732224 0.0350771 0.0133944 0.00840688 0.0134152 0.0247786 0.0407871 0.0584753 0.0729514 0.0792554 0.0750996 0.0622621 0.0454549 0.0296099 0.0176645 0.010103 0.00589105
 1.01065e-16 7.73204e-05 0.000751582 0.00499453 0.0227044 0.0706418 0.15051 0.219674 0.219677 0.150523 0.0706874 0.0228366 0.00532852 0.00148746 0.00149461 0.00239976 0.00356814 0.00473268 0.00566843 0.00625631 0.00652173 0.00656427 0.00644433 0.00613473 0.00557252 0.00474827
 1.01399e-16 5.58699e-05 0.000543076 0.00360893 0.0164057 0.0510444 0.108756 0.158739 0.158768 0.108899 0.0515216 0.0177834 0.00706468 0.00807863 0.0143427 0.0235589 0.0337831 0.0421726 0.0458757 0.0435892 0.0363561 0.0269033 0.0180645 0.0114963 0.00741843 0.00516989
 1.03165e-16 5.92833e-05 0.000576255 0.00382942 0.017408 0.0541628 0.1154 0.168434 0.168453 0.115491 0.0544684 0.0182915 0.00605119 0.00543968 0.00933455 0.0154384 0.0224657 0.0287296 0.0325281 0.033037 0.030737 0.0269753 0.0230512 0.0195782 0.0165051 0.013555
 1.02946e-16 6.57735e-05 0.000639342 0.00424865 0.0193138 0.0600923 0.128034 0.186872 0.186886 0.128103 0.0603241 0.0199837 0.00593176 0.00431868 0.00706863 0.0116217 0.0168298 0.021365 0.023919 0.0238909 0.0217265 0.0185768 0.0155598 0.0132132 0.0114622 0.00995452
 1.02019e-16 6.71648e-05 0.000652866 0.00433852 0.0197223 0.0613635 0.130742 0.190825 0.190839 0.130812 0.061598 0.0203997 0.00603929 0.00436723 0.00712609 0.0116869 0.0168579 0.0212608 0.0235375 0.023062 0.0203039 0.016493 0.0128663 0.010086 0.00816763 0.00678595
 1.05222e-16 3.25524e-05 0.000316421 0.00210273 0.00955873 0.029741 0.0633682 0.0924977 0.0925455 0.0636017 0.0305253 0.0118243 0.00779099 0.0127382 0.0236362 0.039056 0.0563327 0.0709927 0.0784822 0.0766821 0.0671412 0.053969 0.0413272 0.0314901 0.0245963 0.0196511
 1.05176e-16 6.63698e-05 0.000645138 0.00428717 0.0194889 0.0606371 0.129194 0.188564 0.188572 0.129231 0.0607627 0.0198532 0.00520828 0.00267785 0.00399121 0.00666148 0.00998285 0.0133764 0.0162782 0.0184002 0.0198241 0.020788 0.021366 0.0213458 0.0204037 0.0183939
 1.04506e-16 5.82476e-05 0.000566187 0.00376251 0.0171039 0.0532166 0.113384 0.165493 0.165515 0.113496 0.0535907 0.0181844 0.00647457 0.00648572 0.0112984 0.0185821 0.0267572 0.0336476 0.0370901 0.0361211 0.0315672 0.0254964 0.0199733 0.0160766 0.0137507 0.0123086
 1.07189e-16 4.23623e-05 0.000411777 0.0027364 0.0124393 0.0387035 0.0824632 0.120364 0.120398 0.0826262 0.0392512 0.0140225 0.00671546 0.00911448 0.0166184 0.0275321 0.0399496 0.0508492 0.057157 0.057429 0.0526492 0.0454352 0.0383358 0.0325892 0.0280759 0.0240909
 1.05284e-16 6.55422e-05 0.000637093 0.00423371 0.0192458 0.059881 0.127583 0.186213 0.186224 0.127633 0.0600502 0.0197357 0.00546799 0.00334674 0.00525649 0.00870428 0.0128103 0.016696 0.0195051 0.0208403 0.0209543 0.0204752 0.0199021 0.0192991 0.0183847 0.0168548
 1.03637e-16 6.22831e-05 0.000605414 0.00402319 0.0182888 0.0569035 0.12124 0.176957 0.176975 0.121331 0.0572113 0.0191781 0.00625538 0.0054789 0.00931995 0.0153154 0.0220733 0.0278 0.0307183 0.030028 0.0263875 0.0214648 0.0169261 0.0136439 0.0115861 0.0102269
 1.0724e-16 3.37096e-05 0.000327669 0.00217748 0.00989853 0.0307982 0.0656205 0.0957841 0.0958274 0.065832 0.0315085 0.0119512 0.00733372 0.0115965 0.0214728 0.0355431 0.0514255 0.0651441 0.0726475 0.072043 0.0646724 0.0540931 0.0438377 0.03573 0.0297431 0.0249581
 1.1438e-16 4.17281e-05 0.000405612 0.00269544 0.0122531 0.038124 0.0812279 0.118559 0.118579 0.0813255 0.0384525 0.0132062 0.0051032 0.00571284 0.0102714 0.017309 0.0258552 0.034459 0.0416292 0.0466396 0.0498043 0.0519117 0.0533316 0.0536155 0.0518884 0.0475998
 1.03951e-16 7.41268e-05 0.000720539 0.00478824 0.0217666 0.0677241 0.144294 0.210602 0.210607 0.144318 0.0678056 0.0220025 0.00538186 0.00202152 0.00256034 0.00415715 0.00608284 0.00787227 0.00911532 0.00965074 0.00966109 0.00952773 0.00955519 0.00978272 0.0100026 0.00992718
pSPR Fmed_Fpbrs
0.536118   0.6 0.325
Fs Fmed_Fpbrs
0.36978   0.29644 0.732043
SSBpbr Bo_Bmed_Bpbrs
1.50058e+06  729457  825318 412659
Ro
139567
SPR SPRFo_SPRFmed_SPRFpbrs
993808 532798 322988
Fref
0.29644
Nvult_r0
 197557 12447.4 4946.08 5336.05 1696.53
CTP_r0
 35973.8 2918.91 1177.69 1271.57 404.3
YTP_r0
391295
Np
 186058 82448.5 4622.8 1821.41 2492.57
Nvult_p0
 130629 59758.5 3358.03 1323.24 1810.84
CTP_p0
 22755.1 13443 767.171 302.554 414.06
YTP_p0
 422150
CBA_c0
400552
log_Ro
11.6663
likeval ReclasPelacesDesembMPH_pf_preclas_ppelaces_ptallas_desvR_qrecl_qpela
 12.578 16.7619 0.0358325 0.00081875 229.169 119.47 82.9956 0 24.5939 3.42012e-06 1.22974e-05 0.18047 6.58489e-15 0 0
q_reclas_q_pelaces
1.29961 1.64692
M
1
N
 170889 36479.7 92063.6 6200 0.225631
 94779.2 54418.5 11003.3 27657.8 1862.28
 95126.1 26720.1 13880.9 2786.02 7471.47
 145565 26949.3 6861.68 3538.83 2614
 117553 36061 5753.95 1449.04 1298.56
 214151 37912.3 11068.6 1759.68 840.105
 84354.6 61964.1 10022.9 2906.77 682.491
 35878.1 17830.8 10634.8 1693.95 606.105
 35044.9 12003.8 5756.6 3424.36 740.501
 47090.9 8829.54 2623.18 1244.82 900.109
 88315.1 10188.3 1564.7 458.055 374.242
 127727 28908.6 3191.76 488.596 259.848
 106339 29353.8 5566.61 606.623 142.147
 74810.8 25160.1 5883.24 1102.09 148.145
 69041.1 12802.6 3229.15 739.197 156.905
 370182 14630 2204.79 547.65 151.849
 70229.1 88425.9 2970.99 442.4 140.266
 591642 19389.7 21916.5 730.517 143.206
 330286 165980 4912.63 5511.16 219.618
 278700 82864.1 36060.8 1056.03 1231.2
 364092 72530.8 18933.8 8160.75 517.338
 505161 102154 18379.3 4761.84 2181.65
 98617.5 131865 23438.7 4177.05 1577.22
 289743 29537.5 36557.9 6461.09 1585.72
 250484 88751.5 8445.62 10399.9 2288.51
 109387 76806.9 25413.4 2406.15 3613.93
 247061 34760.5 23100 7612.18 1802.81
 280550 75754.8 9952.96 6580.85 2681.45
 77394.2 88560.6 22576.1 2953.55 2747.96
 57526.3 24725.5 26831.4 6813.16 1720.27
 280005 17070.2 6767.49 7300.17 2320.99
pred_Ctot
 14688 4220.59 10849 731.337 0.0266162
 14305.6 10865.6 2234.9 5622.75 378.613
 14121.7 5250.89 2775.01 557.474 1495.09
 31029.7 7468.42 1931.96 997.225 736.647
 9262.77 3832.05 622.871 157.014 140.716
 29467.9 6926.28 2057.58 327.415 156.322
 23718.5 22205 3644.01 1057.62 248.332
 2069.32 1394.56 847.633 135.15 48.3599
 7198.43 3212.57 1565.51 932.048 201.559
 12796.4 3066.5 924.474 439.048 317.48
 6211.59 968.536 151.549 44.4089 36.2849
 31474.3 9172.61 1028.22 157.527 83.7805
 24858.6 8868.25 1707.92 186.274 43.6504
 26882.3 11248.8 2664.14 499.406 67.1331
 19344 4572.96 1170.23 268.088 56.9078
 84975.6 4345.53 665.132 165.349 45.8488
 11337.7 18829.8 643.44 95.8984 30.4066
 90768.5 3932.47 4521.4 150.843 29.5717
 68488.4 44818.8 1347.9 1513.41 60.3115
 53011.9 20624.6 9123.12 267.4 311.769
 55838.5 14705.1 3904.74 1684.53 106.793
 95359.3 25243.3 4616.61 1197.14 548.501
 11780.2 21015.7 3802.3 678.251 256.115
 31113.8 4245.5 5349.79 946.401 232.283
 26754.6 12690.4 1229.52 1515.47 333.498
 9531.04 9005.6 3034.9 287.626 432.023
 26393.7 4971.18 3363.5 1109.44 262.764
 25485.9 9251.57 1237.93 819.309 333.855
 6511.68 10034.7 2605.6 341.215 317.48
 7156.37 4098.36 4526.51 1150.47 290.499
 35973.8 2918.91 1177.69 1271.57 404.3
F
 0.144308 0.198562 0.20257 0.202786 0.202797
 0.266134 0.366189 0.373581 0.373979 0.374
 0.261246 0.359464 0.366721 0.367111 0.367131
 0.395412 0.544071 0.555054 0.555644 0.555675
 0.131614 0.181096 0.184752 0.184948 0.184959
 0.240125 0.330403 0.337073 0.337431 0.33745
 0.554102 0.762422 0.777813 0.77864 0.778684
 0.0949016 0.130581 0.133217 0.133358 0.133366
 0.378527 0.520839 0.531353 0.531918 0.531948
 0.530835 0.730408 0.745152 0.745945 0.745987
 0.11677 0.160671 0.163915 0.164089 0.164098
 0.470474 0.647353 0.660421 0.661124 0.661161
 0.441377 0.607316 0.619576 0.620235 0.62027
 0.765313 1.05304 1.0743 1.07544 1.0755
 0.551627 0.759016 0.774338 0.775162 0.775205
 0.43183 0.59418 0.606175 0.60682 0.606854
 0.287018 0.394925 0.402897 0.403326 0.403349
 0.271037 0.372935 0.380464 0.380868 0.38089
 0.382758 0.52666 0.537291 0.537863 0.537893
 0.346126 0.476255 0.485869 0.486386 0.486413
 0.270929 0.372788 0.380313 0.380717 0.380739
 0.343098 0.472089 0.481618 0.482131 0.482158
 0.205588 0.282881 0.288592 0.288899 0.288915
 0.183154 0.252013 0.2571 0.257373 0.257388
 0.1821 0.250562 0.25562 0.255892 0.255906
 0.146415 0.201462 0.205528 0.205747 0.205759
 0.182135 0.25061 0.255669 0.255941 0.255956
 0.153065 0.210611 0.214863 0.215091 0.215104
 0.141077 0.194116 0.198034 0.198245 0.198256
 0.214908 0.295704 0.301674 0.301994 0.302011
 0.222634 0.306335 0.312519 0.312851 0.312869
nmprior
 8 9 7.5 0
nm_flota  nm_reclas  nm_pelaces    nm_pelaL
inf 14.5294 18.9485 34.1264
cv_recla  cv_pelaces  cv_mph
0.320797 0.481755 0.883041
 ------------------------------------------------
Talla a la edad & desviaci?n 
 8 13.2811 15.8009 17.003 17.5766
 0.8 1.32811 1.58009 1.7003 1.75766
