years
 1991 1992 1993 1994 1995 1996 1997 1998 1999 2000 2001 2002 2003 2004 2005 2006 2007 2008 2009 2010 2011 2012 2013 2014 2015 2016 2017 2018 2019 2020 2021
reclasobs
 0 0 0 0 0 0 0 0 0 252601 567819 844713 477998 351125 339783 2.1784e+06 2.13404e+06 4.81314e+06 1.55562e+06 2.62356e+06 3.21686e+06 3.843e+06 1.13348e+06 3.07943e+06 1.97215e+06 2.03268e+06 2.025e+06 2.42433e+06 2.27542e+06 1.05018e+06 2.36338e+06
reclaspred
 3.1834e+06 1.74247e+06 883391 905204 916664 1.57628e+06 893747 769557 546341 373381 501431 680588 668615 494400 486106 1.35332e+06 1.20606e+06 3.09985e+06 2.46388e+06 1.78977e+06 3.10877e+06 2.53558e+06 1.93117e+06 3.05633e+06 2.26932e+06 2.00026e+06 2.41843e+06 2.63292e+06 2.08499e+06 1.26142e+06 1.87291e+06
pelacesobs
 0 0 0 0 0 0 0 0 0 0 0 0 0 0 0 552880 188675 0 991730 2.46772e+06 1.41603e+06 1.21717e+06 2.29649e+06 1.80582e+06 0 1.4828e+06 1.56532e+06 1.57751e+06 1.42118e+06 867257 0
pelacespred
 1.78625e+06 1.0696e+06 529087 443755 488030 867265 433911 494103 322208 202723 293106 328998 358433 269566 274675 645125 588578 1.75833e+06 1.42038e+06 942588 1.64175e+06 1.40188e+06 1.09899e+06 1.91519e+06 1.36259e+06 1.20771e+06 1.65903e+06 1.77886e+06 1.17792e+06 796482 1.06441e+06
mphobs
 0 0 0 0 0 0 0 0 0 0 0 498337 0 5186 125008 0 168611 109162 213762 579715 649985 157893 87575 83554 0 0 0 0 0 0 0
mphpred
 488159 327019 157490 87409.3 95761.8 114421 156714 85074 76505.5 48371.4 30066.3 60751.3 65314.9 53477.4 32673.4 41604.2 152568 134650 310380 218151 229686 282233 269342 214879 310052 255071 207885 225560 325696 211523 109056
desembarqueobs
 494567 514787 250237 358949 120608 361735 552515 73892 212993 205616 52469 317467 293654 387597 252695 516296 358380 742168 942051 627588 828172 859565 418607 520667 417249 300574 415391 372974 316634 284311 391294
desembarquepred
 494571 513806 250695 358986 120614 361744 552542 73897.4 213054 205672 52471.9 317530 293690 387579 252671 516225 358406 742016 941752 627370 828253 859542 418608 520692 417237 300571 415383 372943 316614 284312 391292
Reclutas
 171902 94572.4 95571.4 145763 117919 214951 84363.1 35911.4 35210.1 47546.7 88905.6 128208 107156 74808.7 69152.8 373141 73467.2 603792 334184 266610 368393 507741 99816.1 293773 251100 110292 249332 283344 80569 60002.9 265926
log_desv_Rt
 0.20207 -0.395488 -0.38498 0.0371289 -0.174858 0.425559 -0.509724 -1.3638 -1.38352 -1.08314 -0.457279 -0.0911976 -0.270568 -0.62992 -0.708535 0.977103 -0.648015 1.45838 0.866837 0.640934 0.964295 1.28512 -0.341524 0.737954 0.580997 -0.241724 0.57393 0.701808 -0.55574 -0.850461 0.638366
SSB
 2.0796e+06 1.39313e+06 670922 372371 407954 487442 667616 362423 325920 206066 128085 258806 278247 227818 139191 177237 649955 573622 1.32224e+06 929344 978484 1.20234e+06 1.14742e+06 915405 1.32085e+06 1.08663e+06 885607 960905 1.38749e+06 901108 464590
BT
 2.93292e+06 2.00887e+06 987390 929127 787695 1.54922e+06 1.1048e+06 768349 669577 485846 465419 734359 777794 787937 647943 1.34827e+06 1.11273e+06 3.18981e+06 2.92166e+06 1.89802e+06 3.02508e+06 2.79181e+06 1.91794e+06 3.23394e+06 2.31632e+06 1.97878e+06 2.80253e+06 2.9231e+06 1.92082e+06 1.40208e+06 1.87699e+06
Ftot
 0.202171 0.372465 0.365452 0.555525 0.184713 0.338022 0.77622 0.133014 0.530613 0.740856 0.163733 0.659625 0.616845 1.072 0.776443 0.607452 0.39537 0.373835 0.52547 0.488408 0.383072 0.482306 0.28702 0.255638 0.253663 0.204203 0.254853 0.214206 0.195314 0.293704 0.323539
BD_Bspro_t
 0.968291 0.782957 0.579624 0.480861 0.474836 0.568549 0.568561 0.375941 0.432648 0.371528 0.329039 0.583309 0.462327 0.36749 0.25342 0.303739 0.497272 0.45402 0.590096 0.473617 0.440203 0.488443 0.505806 0.489024 0.611066 0.620881 0.626762 0.671547 0.729644 0.643827 0.563158
BD_Bspro
 2.0794 1.39299 0.670855 0.372335 0.407914 0.487394 0.66755 0.362387 0.325888 0.206046 0.128073 0.25878 0.27822 0.227796 0.139178 0.17722 0.649891 0.573565 1.32211 0.929253 0.978388 1.20222 1.14731 0.915315 1.32072 1.08652 0.88552 0.96081 1.38736 0.901019 0.464544
BD_Bo
 1.37709 0.922513 0.444276 0.24658 0.270142 0.322778 0.442087 0.239992 0.21582 0.136455 0.0848165 0.171378 0.184252 0.150859 0.0921709 0.117365 0.430392 0.379845 0.875575 0.615401 0.647941 0.796172 0.759808 0.60617 0.874651 0.719551 0.586438 0.6363 0.918781 0.596703 0.307646
BD_Brms
 2.50379 1.6773 0.807775 0.448327 0.491168 0.586869 0.803795 0.436349 0.392401 0.248099 0.154212 0.311597 0.335004 0.274288 0.167583 0.21339 0.782532 0.690628 1.59195 1.11891 1.17807 1.44759 1.38147 1.10213 1.59027 1.30827 1.06625 1.15691 1.67051 1.08491 0.559356
Sel_flota
 0.7024 0.978187 0.998828 0.999938 0.999997
 0.7024 0.978187 0.998828 0.999938 0.999997
 0.7024 0.978187 0.998828 0.999938 0.999997
 0.7024 0.978187 0.998828 0.999938 0.999997
 0.7024 0.978187 0.998828 0.999938 0.999997
 0.7024 0.978187 0.998828 0.999938 0.999997
 0.7024 0.978187 0.998828 0.999938 0.999997
 0.7024 0.978187 0.998828 0.999938 0.999997
 0.7024 0.978187 0.998828 0.999938 0.999997
 0.7024 0.978187 0.998828 0.999938 0.999997
 0.7024 0.978187 0.998828 0.999938 0.999997
 0.7024 0.978187 0.998828 0.999938 0.999997
 0.7024 0.978187 0.998828 0.999938 0.999997
 0.7024 0.978187 0.998828 0.999938 0.999997
 0.7024 0.978187 0.998828 0.999938 0.999997
 0.7024 0.978187 0.998828 0.999938 0.999997
 0.7024 0.978187 0.998828 0.999938 0.999997
 0.7024 0.978187 0.998828 0.999938 0.999997
 0.7024 0.978187 0.998828 0.999938 0.999997
 0.7024 0.978187 0.998828 0.999938 0.999997
 0.7024 0.978187 0.998828 0.999938 0.999997
 0.7024 0.978187 0.998828 0.999938 0.999997
 0.7024 0.978187 0.998828 0.999938 0.999997
 0.7024 0.978187 0.998828 0.999938 0.999997
 0.7024 0.978187 0.998828 0.999938 0.999997
 0.7024 0.978187 0.998828 0.999938 0.999997
 0.7024 0.978187 0.998828 0.999938 0.999997
 0.7024 0.978187 0.998828 0.999938 0.999997
 0.7024 0.978187 0.998828 0.999938 0.999997
 0.7024 0.978187 0.998828 0.999938 0.999997
 0.7024 0.978187 0.998828 0.999938 0.999997
Sel_reclas
 1 1 1 1 1
 1 1 1 1 1
 1 1 1 1 1
 1 1 1 1 1
 1 1 1 1 1
 1 1 1 1 1
 1 1 1 1 1
 1 1 1 1 1
 1 1 1 1 1
 1 1 1 1 1
 1 1 1 1 1
 1 1 1 1 1
 1 1 1 1 1
 1 1 1 1 1
 1 1 1 1 1
 1 1 1 1 1
 1 1 1 1 1
 1 1 1 1 1
 1 1 1 1 1
 1 1 1 1 1
 1 1 1 1 1
 1 1 1 1 1
 1 1 1 1 1
 1 1 1 1 1
 1 1 1 1 1
 1 1 1 1 1
 1 1 1 1 1
 1 1 1 1 1
 1 1 1 1 1
 1 1 1 1 1
 1 1 1 1 1
Sel_pelaces
 0.965688 1 1 1 1
 0.965688 1 1 1 1
 0.965688 1 1 1 1
 0.965688 1 1 1 1
 0.965688 1 1 1 1
 0.965688 1 1 1 1
 0.965688 1 1 1 1
 0.965688 1 1 1 1
 0.965688 1 1 1 1
 0.965688 1 1 1 1
 0.965688 1 1 1 1
 0.965688 1 1 1 1
 0.965688 1 1 1 1
 0.965688 1 1 1 1
 0.965688 1 1 1 1
 0.965688 1 1 1 1
 0.965688 1 1 1 1
 0.965688 1 1 1 1
 0.965688 1 1 1 1
 0.965688 1 1 1 1
 0.965688 1 1 1 1
 0.965688 1 1 1 1
 0.965688 1 1 1 1
 0.965688 1 1 1 1
 0.965688 1 1 1 1
 0.965688 1 1 1 1
 0.965688 1 1 1 1
 0.965688 1 1 1 1
 0.965688 1 1 1 1
 0.965688 1 1 1 1
 0.965688 1 1 1 1
pf_obs 
 0.8446 0.082 0.0669 0.0065 0
 0.8095 0.147 0.0364 0.0071 0
 0.9664 0.0169 0.016 0.0007 0
 0.9276 0.0648 0.0075 0.0001 0
 0.7033 0.2144 0.0806 0.0017 0
 0.9318 0.0425 0.0243 0.0014 0
 0.5671 0.3108 0.0964 0.0239 0.0018
 0.0768 0.2599 0.5324 0.112 0.0189
 0.490249 0.384438 0.106611 0.0170017 0.00170017
 0.7925 0.1577 0.0466 0.003 0.0002
 0.840416 0.127587 0.0312969 0.00059994 9.999e-05
 0.8084 0.0986 0.0794 0.0134 0.0002
 0.7335 0.1905 0.0724 0.0035 0.0001
 0.4001 0.4547 0.1325 0.0127 0
 0.49795 0.308269 0.164784 0.0264974 0.00249975
 0.9179 0.0499 0.0305 0.0017 0
 0.2467 0.6533 0.0926 0.0074 0
 0.9418 0.0223 0.034 0.0019 0
 0.707729 0.231977 0.0356964 0.0245975 0
 0.517169 0.277429 0.184464 0.0207286 0.00020938
 0.811772 0.124168 0.05621 0.00726502 0.000585176
 0.764997 0.148141 0.077277 0.00933861 0.000247198
 0.163321 0.427699 0.378323 0.0303852 0.000271297
 0.753843 0.0900009 0.118128 0.0371064 0.000921714
 0.721811 0.176058 0.0630433 0.0369309 0.00215725
 0.143369 0.312575 0.442814 0.0836902 0.0175525
 0.692698 0.0596174 0.167031 0.0765114 0.00414204
 0.394062 0.376323 0.152708 0.0712218 0.00568511
 0.125707 0.32114 0.495352 0.0537591 0.00404204
 0.23352 0.215282 0.420074 0.123614 0.00750983
 0.774587 0.0839891 0.0768558 0.0609784 0.00358967
pf_pred 
 0.479141 0.138507 0.358251 0.0240996 8.7887e-07
 0.423248 0.328414 0.0671347 0.169794 0.0114089
 0.580608 0.217768 0.116071 0.0231502 0.0624024
 0.732477 0.179525 0.0462458 0.0240501 0.0177024
 0.657403 0.276057 0.0450576 0.0112976 0.0101849
 0.754441 0.179489 0.0534693 0.00853564 0.00406467
 0.462225 0.439783 0.0720973 0.0209615 0.00493315
 0.455352 0.312973 0.190502 0.030305 0.0108667
 0.546162 0.245742 0.120687 0.0718896 0.0155188
 0.727386 0.176249 0.052836 0.0252602 0.0182683
 0.834702 0.133439 0.0208168 0.00605848 0.00498316
 0.747837 0.221185 0.0251152 0.00383257 0.00203043
 0.694056 0.251007 0.048358 0.005336 0.00124372
 0.644261 0.276381 0.0654367 0.0122565 0.00166512
 0.757146 0.182646 0.0471389 0.0107801 0.00228919
 0.941502 0.0486292 0.00747787 0.00187239 0.000518276
 0.371262 0.604131 0.0205523 0.00307369 0.000981181
 0.910889 0.0413036 0.0459812 0.00152575 0.000300618
 0.582087 0.391956 0.0121914 0.0132409 0.000525229
 0.616041 0.259643 0.116791 0.0035369 0.00398805
 0.736713 0.185948 0.0527409 0.0231107 0.0014869
 0.748863 0.202035 0.0349341 0.00966566 0.00450194
 0.31209 0.561588 0.102145 0.0172078 0.00696879
 0.740671 0.102452 0.128623 0.0228523 0.005402
 0.623074 0.303441 0.0294413 0.0361196 0.00792447
 0.424209 0.404718 0.138354 0.0131184 0.0196008
 0.728339 0.139029 0.0938499 0.0313721 0.00741002
 0.683391 0.251519 0.0336918 0.0222255 0.009173
 0.332137 0.503717 0.131015 0.0171593 0.0159719
 0.416098 0.241618 0.259581 0.0660266 0.0166765
 0.848694 0.0770435 0.0311608 0.0326973 0.0104042
pobs_RECLAS
 0 0 0 0 0
 0 0 0 0 0
 0 0 0 0 0
 0 0 0 0 0
 0 0 0 0 0
 0 0 0 0 0
 0 0 0 0 0
 0 0 0 0 0
 0 0 0 0 0
 0 0 0 0 0
 0.991045 0.00858322 0.000360255 1.14367e-05 0
 0.934742 0.0480273 0.0164251 0.00080598 0
 0.827803 0.169806 0.00239088 0 0
 0.941827 0.0461693 0.0120037 0 0
 0.791401 0.0380133 0.147996 0.0225897 0
 0.846168 0.0940531 0.0597789 0 0
 0.134021 0.677848 0.182769 0.00536245 0
 0.80878 0.0450904 0.141981 0.00414843 0
 0.846168 0.0940531 0.0597789 0 0
 0.905697 0.0802665 0.012482 0.00150086 5.37128e-05
 0.989698 0.0102097 9.19794e-05 0 0
 0.975433 0.0193895 0.00387452 0.00125025 5.28907e-05
 0.303575 0.632131 0.0575291 0.00676475 0
 0.966965 0.00978017 0.0227588 0.000495775 0
 0.843318 0.132988 0.00938335 0.0141283 0.000182051
 0.564624 0.303363 0.111486 0.0197234 0.00080311
 0.826376 0.0876187 0.0782897 0.00655872 0.00115652
 0.89761 0.0855135 0.0140674 0.00269457 0.000114338
 0.34875 0.467042 0.161289 0.0227151 0.000203297
 0.318654 0.224769 0.449479 0.00709798 0
 0.937255 0.0296025 0.0250945 0.00804832 0
ppred_RECLAS
 0.566765 0.117022 0.296303 0.0199098 7.2603e-07
 0.510581 0.28139 0.0562854 0.14219 0.00955349
 0.66324 0.176729 0.0921738 0.0183627 0.0494945
 0.796406 0.137649 0.0346763 0.018012 0.0132572
 0.729463 0.218902 0.0349776 0.00876026 0.00789697
 0.812933 0.137535 0.0400943 0.00639314 0.00304423
 0.552865 0.36721 0.0588236 0.0170812 0.0040197
 0.541028 0.266131 0.158602 0.025202 0.00903638
 0.63269 0.200959 0.0965251 0.0574289 0.0123964
 0.793695 0.134486 0.0394001 0.0188136 0.0136052
 0.876408 0.100184 0.0153011 0.00444819 0.00365846
 0.809035 0.167972 0.0186453 0.00284183 0.00150546
 0.764069 0.194348 0.0366085 0.00403468 0.000940348
 0.72607 0.213985 0.0494407 0.00924832 0.00125636
 0.817912 0.137734 0.034735 0.00793373 0.00168464
 0.958266 0.0348255 0.00523616 0.00130952 0.00036245
 0.454378 0.524714 0.0174656 0.00260904 0.000832805
 0.935736 0.030135 0.0328264 0.00108798 0.000214353
 0.663913 0.315655 0.00960255 0.0104169 0.00041318
 0.695599 0.207315 0.0912166 0.00275915 0.0031109
 0.798656 0.143121 0.0397199 0.0173848 0.00111844
 0.808947 0.154367 0.0261093 0.00721551 0.00336054
 0.39002 0.499941 0.0889987 0.0149759 0.00606456
 0.802287 0.0791334 0.0972428 0.0172574 0.00407917
 0.699515 0.242938 0.0230717 0.0282728 0.00620255
 0.509349 0.347069 0.116147 0.0110003 0.016435
 0.791653 0.107759 0.0712002 0.0237737 0.00561494
 0.752266 0.197683 0.0259218 0.0170805 0.00704909
 0.41169 0.446049 0.113574 0.0148582 0.0138291
 0.503328 0.208153 0.218868 0.0556072 0.014044
 0.888516 0.0573868 0.0227146 0.0238073 0.00757497
pobs_PELACES
 0 0 0 0 0
 0 0 0 0 0
 0 0 0 0 0
 0 0 0 0 0
 0 0 0 0 0
 0 0 0 0 0
 0 0 0 0 0
 0 0 0 0 0
 0 0 0 0 0
 0 0 0 0 0
 0 0 0 0 0
 0 0 0 0 0
 0 0 0 0 0
 0 0 0 0 0
 0 0 0 0 0
 0 0 0 0 0
 0.505614 0.472636 0.0217494 0 0
 0 0 0 0 0
 0.443492 0.261883 0.143347 0.151278 0
 0.227955 0.32914 0.350689 0.0885471 0.00366901
 0.970185 0.0296113 0.000203453 0 0
 0.997202 0.00247181 0.000326279 0 0
 0.445219 0.490057 0.0546422 0.010081 0
 0.90214 0.0892962 0.00764917 0.000914606 0
 0 0 0 0 0
 0.581667 0.319106 0.0959925 0.00289975 0.000334073
 0.762889 0.0836404 0.116647 0.0363945 0.000428098
 0.88444 0.0763242 0.0277011 0.0115352 0
 0.521256 0.241999 0.230069 0.00667565 0
 0.616807 0.101726 0.260614 0.0208532 0
 0 0 0 0 0
ppred_PELACES
 0.562953 0.11817 0.298799 0.0200761 7.3209e-07
 0.510607 0.281691 0.0562027 0.141962 0.00953809
 0.663141 0.176995 0.0920832 0.0183422 0.0494388
 0.799132 0.135976 0.0341255 0.0177223 0.0130438
 0.725924 0.22182 0.0353993 0.00886526 0.0079916
 0.812395 0.138016 0.0401419 0.00639994 0.00304744
 0.561916 0.360122 0.0573839 0.0166584 0.00392015
 0.535455 0.269466 0.160445 0.0254935 0.00914087
 0.63618 0.199383 0.0954224 0.0567618 0.0122523
 0.799256 0.131096 0.0382137 0.0182421 0.0131918
 0.874247 0.101958 0.0155546 0.0045216 0.00371883
 0.812969 0.164602 0.0181893 0.00277166 0.00146827
 0.768006 0.191247 0.0358733 0.00395276 0.000921245
 0.738663 0.204476 0.0469 0.00876963 0.0011913
 0.823365 0.133784 0.0335607 0.00766332 0.00162719
 0.959101 0.034153 0.00511384 0.00127864 0.0003539
 0.454669 0.52449 0.0174112 0.00260053 0.000830083
 0.935764 0.0301628 0.0327731 0.00108607 0.000213974
 0.666836 0.312979 0.00948713 0.0102897 0.000408131
 0.697838 0.206008 0.0903408 0.00273217 0.00308045
 0.798771 0.143149 0.0396241 0.0173405 0.00111558
 0.81043 0.153268 0.0258383 0.00713935 0.00332504
 0.388015 0.501763 0.0891486 0.0149995 0.0060741
 0.800601 0.0798924 0.0980047 0.0173909 0.00411073
 0.697095 0.244978 0.0232253 0.0284584 0.00624323
 0.50537 0.350027 0.116974 0.0110778 0.0165508
 0.789854 0.108781 0.0717513 0.0239554 0.00565785
 0.749438 0.2 0.0261874 0.0172541 0.00712073
 0.407624 0.449278 0.114244 0.0149448 0.0139097
 0.501576 0.209133 0.219459 0.0557514 0.0140804
 0.888083 0.0576734 0.0227778 0.0238707 0.00759509
pobs_pel_tallas
 0 0 0 0 0 0 0 0 0 0 0 0 0 0 0 0 0 0 0 0 0 0 0 0 0 0
 0 0 0 0 0 0 0 0 0 0 0 0 0 0 0 0 0 0 0 0 0 0 0 0 0 0
 0 0 0 0 0 0 0 0 0 0 0 0 0 0 0 0 0 0 0 0 0 0 0 0 0 0
 0 0 0 0 0 0 0 0 0 0 0 0 0 0 0 0 0 0 0 0 0 0 0 0 0 0
 0 0 0 0 0 0 0 0 0 0 0 0 0 0 0 0 0 0 0 0 0 0 0 0 0 0
 0 0 0 0 0 0 0 0 0 0 0 0 0 0 0 0 0 0 0 0 0 0 0 0 0 0
 0 0 0 0 0 0 0 0 0 0 0 0 0 0 0 0 0 0 0 0 0 0 0 0 0 0
 0 0 0 0 0 0 0 0 0 0 0 0 0 0 0 0 0 0 0 0 0 0 0 0 0 0
 0 0 0 0 0 0 0 0 0 0 0 0 0 0 0 0 0 0 0 0 0 0 0 0 0 0
 0 0 0 0 0 0 0 0 0 0 0 0 0 0 0 0 0 0 0 0 0 0 0 0 0 0
 0 0 0 0 0 0 0 0 0 0 0 0 0 0 0 0 0 0 0 0 0 0 0 0 0 0
 0 0 0 0 0 0 0 0 0 0 0 0 0 0 0 0 0 0 0 0 0 0 0 0 0 0
 0.00862536 0 0 0.000197151 0.00414017 0.0128641 0.00837892 0.0270097 0.101434 0.158115 0.152841 0.127902 0.109271 0.109419 0.0830992 0.0579132 0.0238553 0.00714673 0.00463305 0.00128148 0.00103504 0.000492878 0.000147863 0.000147863 4.92878e-05 0
 0 0 0 0 0 0 0 0 0 0 0 0 0 0 0 0 0 0 0 0 0 0 0 0 0 0
 0 0 0 0 0 0 0 0.0054083 0.00873648 0.0413646 0.0450493 0.0745869 0.0622846 0.0627006 0.0613931 0.0827291 0.12552 0.122667 0.0946155 0.0697135 0.0546179 0.0294188 0.0215738 0.0213955 0.0102223 0.00600262
 0 0 0 0 0.00359764 0.0251062 0.0480494 0.140153 0.205849 0.193036 0.1447 0.116669 0.0760912 0.0342217 0.00950174 0.001854 0.000860785 0 0 0 0.000165536 0 0.000143464 0 0 0
 0 0 0 0 0 0 0 0.000145254 0.000435761 0.0275982 0.070085 0.0708112 0.156366 0.174668 0.174014 0.160142 0.0824315 0.0480064 0.0283245 0.00493863 0.00203355 0 0 0 0 0
 0 0 0 0 0 0 0 0 0 0 0 0 0 0 0 0 0 0 0 0 0 0 0 0 0 0
 0 0 1.00437e-05 0.000401748 0.00122533 0.00171747 0.00176769 0.0269171 0.070346 0.194647 0.189555 0.159765 0.064822 0.0314167 0.0384472 0.0292271 0.0345202 0.0313363 0.0194345 0.0106764 0.0143323 0.0359363 0.0279516 0.0138201 0.00172751 0
 0 0.0021121 0.0136068 0.0755702 0.200478 0.177729 0.0527432 0.0373336 0.0318909 0.0142505 0.0149659 0.0166563 0.0217959 0.0798694 0.0677717 0.0528807 0.04013 0.0224614 0.0357745 0.0225083 0.00881397 0.00855152 0.00135912 0.000746735 0 0
 0 0 0 0 5.4009e-05 0.00500934 0.000945158 0.0243581 0.138947 0.33067 0.221406 0.137944 0.0707744 0.0437923 0.0131692 0.00525238 0.0047753 0.00276346 9.45158e-05 9.00151e-06 2.25038e-05 9.00151e-06 4.50075e-06 0 0 0
 0.000866109 0.00284123 0.00948549 0.0512746 0.133035 0.25785 0.225252 0.132002 0.0553304 0.0519788 0.0540692 0.017754 0.00435017 0.00159236 0.00146478 0.000404838 0.000125132 0.000115318 0.000107957 0.000100596 0 0 0 0 0 0
 0 0 0 0 0.00144013 0.00171154 0.00461396 0.0210425 0.0478622 0.0707936 0.0888783 0.103762 0.0637923 0.0337046 0.0602308 0.124433 0.169614 0.0934646 0.0462172 0.0250306 0.0313229 0.00938855 0.002487 0.000210481 0 0
 0 0.00764035 0.051015 0.0998891 0.058973 0.0496711 0.0374665 0.0718981 0.12319 0.153886 0.159021 0.0857701 0.0377988 0.023471 0.0147837 0.00900784 0.00315554 0.000888139 0.00291439 0.00214683 0.00393193 0.00274676 0.000635225 9.99891e-05 0 0
 0 0 0 0 0 0 0 0 0 0 0 0 0 0 0 0 0 0 0 0 0 0 0 0 0 0
 0 0 0 0 0 0 0 0 0 0 0 0 0 0 0 0 0 0 0 0 0 0 0 0 0 0
 0 0 0 0 0 0 0 0 0 0 0 0 0 0 0 0 0 0 0 0 0 0 0 0 0 0
 0 0 0 0 0 0 0 0 0 0 0 0 0 0 0 0 0 0 0 0 0 0 0 0 0 0
 0 0 0 0 0 0 0 0 0 0 0 0 0 0 0 0 0 0 0 0 0 0 0 0 0 0
 0 0 0 0 0 0 0 0 0 0 0 0 0 0 0 0 0 0 0 0 0 0 0 0 0 0
 0 0 0 0 0 0 0 0 0 0 0 0 0 0 0 0 0 0 0 0 0 0 0 0 0 0
ppred_pel_tallas
 1.10667e-16 4.63698e-05 0.000450731 0.00299526 0.013616 0.0423646 0.0902627 0.131744 0.131755 0.0903207 0.0425607 0.014188 0.004452 0.00370066 0.00642287 0.0110765 0.0171865 0.0241772 0.0313965 0.0383908 0.0448996 0.0505032 0.054318 0.0551761 0.0522648 0.0457312
 1.17545e-16 4.20581e-05 0.00040882 0.00271675 0.01235 0.0384255 0.0818706 0.119498 0.119525 0.0820036 0.0388725 0.0136422 0.00596482 0.00751446 0.0135838 0.0225207 0.0327663 0.041953 0.0477584 0.0492741 0.047599 0.0450573 0.043632 0.0438259 0.0446577 0.0445367
 1.12909e-16 5.46221e-05 0.000530946 0.00352832 0.0160393 0.0499042 0.106327 0.155191 0.155208 0.106411 0.0501865 0.0168563 0.00558519 0.00504084 0.00867848 0.014417 0.0211353 0.0273783 0.0317091 0.0335101 0.0333303 0.0324195 0.0318282 0.0317975 0.0318146 0.0311194
 1.05005e-16 6.58235e-05 0.000639828 0.00425188 0.0193284 0.060138 0.128131 0.187014 0.187027 0.128195 0.0603537 0.0199517 0.005818 0.00406396 0.00658478 0.0108246 0.0156906 0.0199579 0.0224325 0.0225881 0.0208764 0.0183961 0.0161879 0.0147075 0.0137914 0.0129843
 1.0332e-16 5.97935e-05 0.000581214 0.00386237 0.0175578 0.0546289 0.116393 0.169884 0.169906 0.116498 0.0549798 0.0185715 0.00640739 0.00613841 0.0106181 0.0174705 0.0251885 0.0317347 0.0350752 0.0342771 0.0300592 0.0242899 0.0188524 0.0147602 0.0120368 0.0101689
 1.02352e-16 6.69159e-05 0.000650447 0.00432245 0.0196492 0.0611361 0.130257 0.190117 0.190131 0.130323 0.061355 0.020282 0.00591238 0.00412654 0.00668404 0.0109843 0.0159104 0.0202028 0.0226193 0.022578 0.0204804 0.0173943 0.0143697 0.0119323 0.0100548 0.00846061
 1.04083e-16 4.62843e-05 0.0004499 0.00298975 0.013591 0.0422867 0.0900977 0.131507 0.131542 0.0902673 0.0428565 0.0152367 0.00712125 0.00947097 0.0171848 0.028352 0.0408741 0.0514774 0.0568516 0.0554668 0.048471 0.0388819 0.0297516 0.0227417 0.0179317 0.0145518
 1.08803e-16 4.41048e-05 0.000428714 0.00284896 0.012951 0.0402954 0.0858545 0.125313 0.125339 0.0859825 0.0407256 0.0141961 0.00598382 0.00730357 0.0131929 0.0219816 0.0322234 0.0416973 0.0481328 0.0504353 0.0492246 0.0461798 0.0427756 0.0394775 0.0358973 0.0315162
 1.10571e-16 5.24014e-05 0.00050936 0.00338488 0.0153872 0.0478753 0.102004 0.148882 0.148901 0.102099 0.0481932 0.016307 0.00569995 0.00558411 0.00975261 0.0162058 0.0237352 0.0306953 0.0354505 0.037282 0.0367787 0.0353129 0.0340325 0.0331922 0.032245 0.0304376
 1.05199e-16 6.58337e-05 0.000639927 0.00425254 0.0193314 0.0601473 0.128151 0.187042 0.187055 0.128213 0.0603554 0.019933 0.00576449 0.00394704 0.00636615 0.0104726 0.0152054 0.0193937 0.0218972 0.0222126 0.0207663 0.0185922 0.0166555 0.0153563 0.0145102 0.0136738
 1.01558e-16 7.20106e-05 0.000699969 0.00465154 0.0211452 0.0657907 0.140174 0.204591 0.204601 0.140222 0.065952 0.0216111 0.00582113 0.0032537 0.00492355 0.00802985 0.0115707 0.0145734 0.0161002 0.0157232 0.0137753 0.0111191 0.00862361 0.00675641 0.00552645 0.0046929
 1.01094e-16 6.69632e-05 0.000650906 0.0043255 0.0196631 0.0611793 0.13035 0.190252 0.190268 0.130427 0.0614394 0.0204143 0.00621057 0.00476455 0.00787518 0.0129018 0.0185517 0.0232708 0.0255219 0.0245939 0.0210219 0.0162245 0.0116624 0.0081695 0.00584212 0.00435265
 1.01637e-16 6.32597e-05 0.000614907 0.00408627 0.0185756 0.0577957 0.123141 0.179731 0.17975 0.123231 0.0580984 0.01945 0.00628176 0.00540957 0.00917468 0.0150815 0.0217509 0.0274157 0.0303125 0.0296159 0.0259121 0.020774 0.0157994 0.0118697 0.00905729 0.00700934
 1.02487e-16 6.08427e-05 0.000591413 0.00393015 0.0178659 0.0555875 0.118436 0.172865 0.172884 0.118532 0.0559115 0.0188019 0.00628098 0.00572779 0.00982889 0.016187 0.0233913 0.0295793 0.0328873 0.0324437 0.0288632 0.023785 0.0188495 0.0149234 0.0120261 0.00976009
 1.02047e-16 6.78195e-05 0.00065923 0.00438082 0.0199146 0.0619617 0.132016 0.192684 0.192697 0.132079 0.0621737 0.0205273 0.00592016 0.00402346 0.00646837 0.0106156 0.0153545 0.0194526 0.0216981 0.0215269 0.0193396 0.016196 0.0131454 0.0107248 0.00891939 0.00745243
 1.00345e-16 7.89999e-05 0.000767907 0.00510301 0.0231975 0.0721762 0.153779 0.224446 0.224449 0.153795 0.0722302 0.0233536 0.00549469 0.00162302 0.00170325 0.00269139 0.00387078 0.00487034 0.00537051 0.00522529 0.00454377 0.00361375 0.00272761 0.00204657 0.00158142 0.00126096
 1.01038e-16 3.74506e-05 0.000364033 0.00241913 0.010997 0.0342161 0.072903 0.106415 0.106465 0.0731495 0.0350436 0.0133857 0.00841049 0.013428 0.0248034 0.0408279 0.0585333 0.0730229 0.0793315 0.075169 0.0623156 0.0454884 0.0296252 0.0176668 0.0100983 0.00588404
 1.01099e-16 7.70777e-05 0.000749222 0.00497885 0.0226331 0.07042 0.150037 0.218985 0.218988 0.150052 0.0704686 0.0227741 0.00533482 0.00153324 0.00158633 0.00255312 0.00379222 0.00502092 0.00599782 0.00659568 0.00684414 0.00685501 0.00670015 0.0063573 0.00576257 0.00490432
 1.01455e-16 5.49265e-05 0.000533905 0.00354799 0.0161287 0.0501824 0.10692 0.156059 0.156089 0.107067 0.0506762 0.0175542 0.0071237 0.0083311 0.014838 0.0243777 0.0349587 0.0436429 0.0474802 0.0451221 0.0376471 0.0278752 0.0187364 0.0119429 0.00772136 0.00538847
 1.03456e-16 5.74801e-05 0.000558727 0.00371294 0.0168785 0.0525153 0.11189 0.163311 0.163331 0.111988 0.052843 0.0178262 0.00609627 0.00577617 0.0100089 0.0165662 0.0241136 0.0308496 0.0349518 0.0355366 0.0331166 0.0291296 0.0249596 0.0212556 0.0179575 0.0147697
 1.03108e-16 6.57938e-05 0.000639539 0.00424996 0.0193197 0.0601109 0.128073 0.186929 0.186943 0.128141 0.060338 0.0199761 0.0058992 0.00424555 0.00693121 0.0113993 0.0165207 0.0210004 0.0235634 0.0236245 0.0216168 0.0186553 0.0158148 0.0135998 0.0119197 0.0104232
 1.02064e-16 6.67541e-05 0.000648873 0.00431199 0.0196017 0.0609882 0.129942 0.189658 0.189673 0.130015 0.0612307 0.0203023 0.00607095 0.00448997 0.00736548 0.012081 0.0174204 0.0219573 0.0242849 0.0237559 0.0208598 0.0168768 0.0130963 0.010212 0.00824272 0.00684846
 1.05234e-16 3.19604e-05 0.000310666 0.00206449 0.00938489 0.0292001 0.0622158 0.0908159 0.0908643 0.0624522 0.0299942 0.0116787 0.00782351 0.012887 0.0239294 0.0395422 0.0570343 0.0718771 0.0794593 0.0776341 0.0679675 0.0546184 0.0417997 0.031816 0.024812 0.0197864
 1.05289e-16 6.59445e-05 0.000641004 0.0042597 0.019364 0.0602485 0.128366 0.187356 0.187364 0.128405 0.0603778 0.0197391 0.00520809 0.00273381 0.00410648 0.00685681 0.0102738 0.0137623 0.0167405 0.0189116 0.0203602 0.0213338 0.0219115 0.021878 0.0209023 0.0188349
 1.04644e-16 5.74188e-05 0.000558132 0.00370898 0.0168605 0.0524594 0.111771 0.163138 0.163162 0.111887 0.0528466 0.0179788 0.00651565 0.00668417 0.0116896 0.01923 0.0276901 0.0348202 0.0383815 0.0373762 0.0326596 0.0263716 0.0206492 0.0166094 0.0141959 0.0126989
 1.07377e-16 4.16267e-05 0.000404627 0.00268889 0.0122233 0.0380315 0.0810313 0.118275 0.118308 0.0811967 0.0385872 0.0138298 0.0067266 0.00923601 0.016864 0.027944 0.0405545 0.0516336 0.0580655 0.0583859 0.0535902 0.0463267 0.0391704 0.0333678 0.0287911 0.0247256
 1.05459e-16 6.50593e-05 0.000632399 0.00420251 0.019104 0.0594398 0.126643 0.184842 0.184852 0.126695 0.0596138 0.0196079 0.0054719 0.00341907 0.00540347 0.00895114 0.0131733 0.0171684 0.0200558 0.0214276 0.0215447 0.0210545 0.0204712 0.0198606 0.0189317 0.0173694
 1.03743e-16 6.17302e-05 0.00060004 0.00398748 0.0181265 0.0563984 0.120163 0.175386 0.175405 0.120258 0.0567147 0.0190401 0.00628097 0.00560737 0.00957363 0.0157358 0.0226795 0.0285635 0.0315619 0.0308527 0.0271124 0.022055 0.0173924 0.0140213 0.0119086 0.0105138
 1.07265e-16 3.35755e-05 0.000326366 0.00216882 0.00985917 0.0306758 0.0653595 0.0954033 0.0954466 0.0655716 0.0313879 0.0119171 0.00733831 0.0116242 0.0215278 0.0356347 0.0515585 0.0653135 0.0728379 0.0722345 0.0648482 0.0542454 0.0439668 0.0358404 0.029839 0.025041
 1.14361e-16 4.13142e-05 0.000401588 0.0026687 0.0121315 0.0377458 0.0804221 0.117383 0.117403 0.0805223 0.038083 0.0131097 0.00513922 0.00584551 0.0105297 0.0177342 0.0264621 0.0352104 0.0424345 0.0473839 0.0503927 0.0523019 0.0535371 0.0536849 0.0518777 0.0475542
 1.04352e-16 7.31502e-05 0.000711046 0.00472515 0.0214799 0.0668319 0.142393 0.207827 0.207833 0.14242 0.0669237 0.0217457 0.005394 0.00217685 0.00287416 0.00468226 0.00685088 0.00886312 0.010256 0.0108459 0.0108369 0.0106582 0.0106544 0.0108739 0.0110888 0.0109817
pSPR Fmed_Fpbrs
0.539353   0.6 0.325
Fs Fmed_Fpbrs
0.36815   0.298288 0.73758
SSBpbr Bo_Bmed_Bpbrs
1.51014e+06  738994  830580 415290
Ro
140450
SPR SPRFo_SPRFmed_SPRFpbrs
1.0001e+06 539406 325032
Fref
0.298288
Nvult_r0
 187984 13144.7 5232.99 5486.42 1745.69
CTP_r0
 34809.5 3159.97 1278.07 1341.09 426.733
YTP_r0
391292
Np
 185795 77942.1 4814.41 1899.27 2520.07
Nvult_p0
 130365 56525.1 3499.62 1380.76 1832.09
CTP_p0
 22582.3 12767.6 803.329 317.221 420.931
YTP_p0
 411620
CBA_c0
397390
log_Ro
11.6726
likeval ReclasPelacesDesembMPH_pf_preclas_ppelaces_ptallas_desvR_qrecl_qpela
 12.7117 17.0238 0.0377104 0.000819791 241.399 117.128 93.6319 0 24.3318 3.12787e-06 1.23139e-05 0.189923 8.57779e-16 0 0
q_reclas_q_pelaces
1.28482 1.64747
M
1
N
 171902 36496.5 92603.4 6223.09 0.226933
 94572.4 54867.3 11017.2 27837.7 1870.39
 95571.4 26782.4 14021.3 2793.87 7530.61
 145763 27199 6891.34 3580.69 2635.5
 117919 36298.7 5811.12 1455.56 1312.13
 214951 38101.5 11146.2 1777.62 846.459
 84363.1 62363.9 10070.4 2925.52 688.475
 35911.4 17991.8 10737 1706.24 611.79
 35210.1 12032.7 5811.28 3458.51 746.553
 47546.7 8923 2634.22 1258.36 910.014
 88905.6 10395.1 1590.32 462.364 380.279
 128208 29153.3 3258.19 496.782 263.174
 107156 29675.9 5625.63 620.222 144.555
 74808.7 25559.6 5971.19 1117.63 151.831
 69152.8 12961.2 3294.96 752.916 159.877
 373141 14745.6 2231 558.143 154.486
 73467.2 89593.5 2994.4 447.406 142.813
 603792 20473.5 22388.3 742.181 146.225
 334184 170826 5224.98 5669.72 224.89
 266610 84995.7 37586.3 1137.23 1282.23
 368393 69597.6 19391.7 8489.28 546.157
 507741 103553 17602 4865.76 2266.2
 99816.1 133113 23766.9 3999.92 1619.8
 293773 30015.9 36982.3 6564.07 1551.58
 251100 90309.9 8599.17 10539.2 2312.13
 110292 77298.8 25922.7 2455.42 3668.56
 249332 35152.6 23287.8 7776.87 1836.78
 283344 76690.3 10078.5 6641.75 2741.06
 80569 89676.1 22879.5 2993.52 2786.21
 60002.9 25840 27252.6 6925.13 1749.01
 265926 17959.1 7132.26 7476.7 2378.95
pred_Ctot
 14552.9 4206.87 10881.1 731.977 0.0266938
 14057.5 10907.7 2229.77 5639.43 378.927
 13965.8 5238.14 2791.94 556.849 1501.01
 30724.4 7530.32 1939.82 1008.8 742.544
 9166.4 3849.16 628.254 157.526 142.011
 29277.2 6965.34 2074.95 331.238 157.735
 23418.6 22281.5 3652.8 1062.01 249.938
 2040.34 1402.37 853.602 135.791 48.6916
 7137.22 3211.34 1577.14 939.449 202.799
 12715.8 3081.1 923.652 441.586 319.357
 6163.07 985.256 153.702 44.7331 36.7935
 31197.6 9227.2 1047.73 159.884 84.7036
 24666.2 8920.59 1718.61 189.638 44.2009
 26566.1 11396.5 2698.28 505.396 68.6612
 19200.7 4631.77 1195.41 273.377 58.0521
 84800.4 4379.99 673.525 168.645 46.6807
 11518.1 18742.7 637.617 95.3588 30.4403
 90044.7 4083.01 4545.41 150.826 29.7172
 67178 45235.2 1407 1528.12 60.6161
 50322.9 21209.6 9540.4 288.921 325.774
 56151.7 14172.8 4019.87 1761.48 113.33
 94798.2 25575.5 4422.29 1223.57 569.899
 11711 21073.1 3832.93 645.709 261.499
 30972.4 4284.19 5378.58 955.608 225.894
 26283.6 12800.3 1241.95 1523.66 334.284
 9425.46 8992.39 3074.08 291.477 435.508
 26212.1 5003.47 3377.55 1129.05 266.678
 25328.1 9321.9 1248.7 823.732 339.973
 6602.4 10013.2 2604.38 341.103 317.498
 7190.2 4175.17 4485.57 1140.94 288.171
 34809.5 3159.97 1278.07 1341.09 426.733
F
 0.142005 0.197761 0.201934 0.202159 0.202171
 0.261619 0.364341 0.372029 0.372442 0.372464
 0.256693 0.35748 0.365023 0.365429 0.36545
 0.390201 0.543408 0.554874 0.555491 0.555524
 0.129742 0.180684 0.184496 0.184701 0.184712
 0.237426 0.330649 0.337626 0.338001 0.338021
 0.545217 0.759288 0.77531 0.776172 0.776217
 0.0934292 0.130113 0.132858 0.133006 0.133014
 0.372702 0.519039 0.529991 0.53058 0.530611
 0.520377 0.724696 0.739988 0.74081 0.740854
 0.115006 0.160161 0.163541 0.163723 0.163732
 0.46332 0.645236 0.658851 0.659584 0.659623
 0.433272 0.60339 0.616122 0.616807 0.616843
 0.752976 1.04862 1.07075 1.07194 1.072
 0.545373 0.759506 0.775533 0.776395 0.77644
 0.426674 0.594202 0.60674 0.607415 0.60745
 0.277708 0.386745 0.394906 0.395345 0.395368
 0.262582 0.365681 0.373397 0.373812 0.373834
 0.36909 0.514008 0.524854 0.525438 0.525468
 0.343057 0.477754 0.487835 0.488377 0.488406
 0.26907 0.374716 0.382623 0.383049 0.383071
 0.338771 0.471785 0.48174 0.482276 0.482304
 0.201603 0.280759 0.286684 0.287002 0.287019
 0.17956 0.250062 0.255338 0.255622 0.255637
 0.178173 0.24813 0.253366 0.253647 0.253662
 0.143432 0.199748 0.203963 0.20419 0.204202
 0.179008 0.249293 0.254554 0.254837 0.254852
 0.150458 0.209533 0.213955 0.214192 0.214205
 0.137188 0.191054 0.195085 0.195302 0.195313
 0.206297 0.287297 0.293359 0.293685 0.293703
 0.227253 0.316481 0.323159 0.323519 0.323538
nmprior
 8.19 8.8 8.5 0
nm_flota  nm_reclas  nm_pelaces    nm_pelaL
inf 14.0398 18.308 32.7468
cv_recla  cv_pelaces  cv_mph
0.322498 0.485504 0.883603
 ------------------------------------------------
Talla a la edad & desviaci?n 
 8 13.2811 15.8009 17.003 17.5766
 0.8 1.32811 1.58009 1.7003 1.75766
