years
 1991 1992 1993 1994 1995 1996 1997 1998 1999 2000 2001 2002 2003 2004 2005 2006 2007 2008 2009 2010 2011 2012 2013 2014 2015 2016
reclasobs
 0 0 0 0 0 0 0 0 0 252601 567819 844713 477998 351125 339783 2.1784e+06 2.13404e+06 4.81314e+06 1.55562e+06 2.62356e+06 3.21686e+06 3.843e+06 1.13348e+06 3.07943e+06 1.97215e+06 2.03268e+06
reclaspred
 3.10004e+06 1.74076e+06 872905 869556 859924 1.41626e+06 883663 770938 562856 409540 492026 642387 629522 484079 481634 1.32986e+06 1.26797e+06 2.90343e+06 2.40957e+06 1.84121e+06 3.2421e+06 2.61767e+06 2.05672e+06 3.1667e+06 2.33763e+06 2.04698e+06
pelacesobs
 0 0 0 0 0 0 0 0 0 0 0 0 0 0 0 552880 188675 0 991730 2.46772e+06 1.41603e+06 1.21717e+06 2.29649e+06 1.80582e+06 0 1.4828e+06
pelacespred
 1.5498e+06 965074 483966 394233 408421 695190 398558 434903 303968 208993 260953 284494 306650 246969 252987 584229 559003 1.47662e+06 1.26341e+06 895705 1.52733e+06 1.34495e+06 1.05215e+06 1.77042e+06 1.26379e+06 1.10298e+06
mphobs
 0 0 0 0 0 0 0 0 0 0 0 498337 0 5186 125008 0 168611 109162 213762 579715 649985 157893 87575 83554 0 0
mphpred
 458173 305866 152564 82304.1 89194.7 101554 138757 84613.7 74812.4 51062.4 33715.6 57316.6 61857.7 51991.7 34466.5 43185.6 150105 140345 283067 215146 236998 290260 273291 223370 310868 250293
desembarqueobs
 494567 514787 250237 358949 120608 361735 552515 73892 212993 205616 52469 317467 293654 387597 252695 516296 358380 742168 942051 627588 828172 859565 418607 520667 417249 300574
desembarquepred
 494576 513634 250803 358974 120613 361743 552546 73896.2 213039 205657 52471.5 317525 293698 387623 252688 516259 358405 742082 941852 627458 828216 859551 418607 520680 417241 300571
Reclutas
 190071 113391 103708 178054 140197 254100 104316 45356.3 43978.2 59492.7 110983 147907 122212 85186.7 83069.7 472836 95325.7 723001 422370 339890 478588 642260 131646 394946 318992 147413
log_desv_Rt
 0.115954 -0.400603 -0.489865 0.0506467 -0.188393 0.406286 -0.484018 -1.31689 -1.34775 -1.04559 -0.422068 -0.134861 -0.325685 -0.686598 -0.711762 1.02731 -0.574143 1.45197 0.914439 0.69718 1.0394 1.33355 -0.251328 0.847307 0.633724 -0.138207
SSB
 2.94336e+06 1.96492e+06 980088 528732 572998 652395 891389 543569 480604 328031 216593 368209 397382 334001 221417 277430 964296 901592 1.81846e+06 1.38213e+06 1.52251e+06 1.86467e+06 1.75565e+06 1.43496e+06 1.99706e+06 1.60791e+06
BT
 3.98868e+06 2.73111e+06 1.36306e+06 1.20981e+06 1.03659e+06 1.91246e+06 1.4101e+06 1.06853e+06 911527 680580 646650 921776 974637 974140 836614 1.76314e+06 1.56831e+06 4.06274e+06 3.81774e+06 2.62006e+06 4.19859e+06 3.89883e+06 2.79168e+06 4.56853e+06 3.29718e+06 2.8113e+06
Ftot
 0.140361 0.25602 0.25022 0.365514 0.125867 0.230991 0.531376 0.0859879 0.333259 0.437549 0.0984745 0.435317 0.410771 0.686562 0.468182 0.355697 0.248297 0.234277 0.344685 0.302443 0.229518 0.292848 0.179435 0.150274 0.159125 0.130856
BD_Bspro_t
 0.977793 0.836395 0.668709 0.572389 0.560664 0.638895 0.639615 0.47033 0.525216 0.481601 0.449079 0.666118 0.550886 0.460603 0.349872 0.405841 0.59418 0.564953 0.6657 0.571528 0.548802 0.595348 0.607866 0.598682 0.702935 0.706575
BD_Bspro
 2.45351 1.63791 0.816976 0.440737 0.477636 0.54382 0.743039 0.453105 0.400619 0.273438 0.180546 0.306929 0.331247 0.278415 0.184567 0.231258 0.803812 0.751544 1.51582 1.1521 1.26912 1.55434 1.46347 1.19614 1.66469 1.34032
BD_Bo
 1.57978 1.05462 0.526038 0.283784 0.307543 0.350157 0.478431 0.291747 0.257953 0.176063 0.116251 0.197627 0.213285 0.179267 0.11884 0.148904 0.517562 0.483907 0.976013 0.741822 0.817168 1.00082 0.942305 0.770178 1.07187 0.863009
BD_Brms
 11.604 7.74656 3.86392 2.08449 2.259 2.57202 3.51424 2.14298 1.89475 1.29324 0.853902 1.45163 1.56665 1.31677 0.872919 1.09375 3.80166 3.55446 7.16913 5.44893 6.00237 7.35132 6.92154 5.65721 7.87324 6.33908
Sel_flota
 0.913195 1 1 1 1
 0.913195 1 1 1 1
 0.913195 1 1 1 1
 0.913195 1 1 1 1
 0.913195 1 1 1 1
 0.913195 1 1 1 1
 0.913195 1 1 1 1
 0.913195 1 1 1 1
 0.913195 1 1 1 1
 0.913195 1 1 1 1
 0.913195 1 1 1 1
 0.913195 1 1 1 1
 0.913195 1 1 1 1
 0.913195 1 1 1 1
 0.913195 1 1 1 1
 0.913195 1 1 1 1
 0.913195 1 1 1 1
 0.913195 1 1 1 1
 0.913195 1 1 1 1
 0.913195 1 1 1 1
 0.913195 1 1 1 1
 0.913195 1 1 1 1
 0.913195 1 1 1 1
 0.913195 1 1 1 1
 0.913195 1 1 1 1
 0.913195 1 1 1 1
Sel_reclas
 1 1 1 1 1
 1 1 1 1 1
 1 1 1 1 1
 1 1 1 1 1
 1 1 1 1 1
 1 1 1 1 1
 1 1 1 1 1
 1 1 1 1 1
 1 1 1 1 1
 1 1 1 1 1
 1 1 1 1 1
 1 1 1 1 1
 1 1 1 1 1
 1 1 1 1 1
 1 1 1 1 1
 1 1 1 1 1
 1 1 1 1 1
 1 1 1 1 1
 1 1 1 1 1
 1 1 1 1 1
 1 1 1 1 1
 1 1 1 1 1
 1 1 1 1 1
 1 1 1 1 1
 1 1 1 1 1
 1 1 1 1 1
Sel_pelaces
 1 1 1 1 1
 1 1 1 1 1
 1 1 1 1 1
 1 1 1 1 1
 1 1 1 1 1
 1 1 1 1 1
 1 1 1 1 1
 1 1 1 1 1
 1 1 1 1 1
 1 1 1 1 1
 1 1 1 1 1
 1 1 1 1 1
 1 1 1 1 1
 1 1 1 1 1
 1 1 1 1 1
 1 1 1 1 1
 1 1 1 1 1
 1 1 1 1 1
 1 1 1 1 1
 1 1 1 1 1
 1 1 1 1 1
 1 1 1 1 1
 1 1 1 1 1
 1 1 1 1 1
 1 1 1 1 1
 1 1 1 1 1
pf_obs 
 0.8446 0.082 0.0669 0.0065 0
 0.8095 0.147 0.0364 0.0071 0
 0.9664 0.0169 0.016 0.0007 0
 0.9276 0.0648 0.0075 0.0001 0
 0.7033 0.2144 0.0806 0.0017 0
 0.9318 0.0425 0.0243 0.0014 0
 0.5671 0.3108 0.0964 0.0239 0.0018
 0.0768 0.2599 0.5324 0.112 0.0189
 0.490249 0.384438 0.106611 0.0170017 0.00170017
 0.7925 0.1577 0.0466 0.003 0.0002
 0.840416 0.127587 0.0312969 0.00059994 9.999e-05
 0.8084 0.0986 0.0794 0.0134 0.0002
 0.7335 0.1905 0.0724 0.0035 0.0001
 0.4001 0.4547 0.1325 0.0127 0
 0.49795 0.308269 0.164784 0.0264974 0.00249975
 0.9179 0.0499 0.0305 0.0017 0
 0.2467 0.6533 0.0926 0.0074 0
 0.9418 0.0223 0.034 0.0019 0
 0.707729 0.231977 0.0356964 0.0245975 0
 0.517169 0.277429 0.184464 0.0207286 0.00020938
 0.811772 0.124168 0.05621 0.00726502 0.000585176
 0.764997 0.148141 0.077277 0.00933861 0.000247198
 0.163321 0.427699 0.378323 0.0303852 0.000271297
 0.753843 0.0900009 0.118128 0.0371064 0.000921714
 0.721811 0.176058 0.0630433 0.0369309 0.00215725
 0.143369 0.312575 0.442814 0.0836902 0.0175525
pf_pred 
 0.483295 0.124693 0.369244 0.0227673 7.59918e-07
 0.463068 0.272651 0.063777 0.188859 0.0116452
 0.585913 0.202506 0.107439 0.0251316 0.0790094
 0.76812 0.141647 0.0441277 0.0234119 0.0226931
 0.683321 0.249276 0.0411745 0.0128272 0.0134019
 0.781742 0.15365 0.0508563 0.00840028 0.00535117
 0.505658 0.394869 0.0700272 0.0231782 0.00626734
 0.485009 0.275759 0.191094 0.0338891 0.0142499
 0.572618 0.217453 0.112409 0.0778965 0.0196232
 0.73452 0.158997 0.0541789 0.0280069 0.0242972
 0.839742 0.121183 0.0234022 0.00797438 0.00769844
 0.757863 0.206355 0.0270574 0.00522518 0.00349939
 0.706595 0.228318 0.0554687 0.00727309 0.00234518
 0.652439 0.253509 0.0731883 0.0177807 0.00308318
 0.75811 0.164721 0.0562865 0.01625 0.00463241
 0.944684 0.0430756 0.00833544 0.00284829 0.00105672
 0.398919 0.571111 0.0233383 0.00451613 0.00211573
 0.909887 0.0382112 0.0493137 0.0020152 0.000572642
 0.625221 0.344041 0.0130341 0.0168213 0.00088273
 0.642653 0.232415 0.114685 0.00434489 0.0059016
 0.755888 0.162765 0.0529076 0.0261073 0.00233254
 0.762652 0.183789 0.035711 0.0116081 0.00623977
 0.343279 0.513115 0.1112 0.0216067 0.0107987
 0.763573 0.0865753 0.117084 0.0253739 0.00739432
 0.643627 0.278292 0.0285921 0.0386677 0.0108219
 0.470222 0.352832 0.138177 0.0141965 0.0245725
pobs_RECLAS
 0 0 0 0 0
 0 0 0 0 0
 0 0 0 0 0
 0 0 0 0 0
 0 0 0 0 0
 0 0 0 0 0
 0 0 0 0 0
 0 0 0 0 0
 0 0 0 0 0
 0 0 0 0 0
 0.991045 0.00858322 0.000360255 1.14367e-05 0
 0.934742 0.0480273 0.0164251 0.00080598 0
 0.827803 0.169806 0.00239088 0 0
 0.941827 0.0461693 0.0120037 0 0
 0.791401 0.0380133 0.147996 0.0225897 0
 0.846168 0.0940531 0.0597789 0 0
 0.134021 0.677848 0.182769 0.00536245 0
 0.80878 0.0450904 0.141981 0.00414843 0
 0.846168 0.0940531 0.0597789 0 0
 0.905697 0.0802665 0.012482 0.00150086 5.37128e-05
 0.989698 0.0102097 9.19794e-05 0 0
 0.975433 0.0193895 0.00387452 0.00125025 5.28907e-05
 0.303575 0.632131 0.0575291 0.00676475 0
 0.966965 0.00978017 0.0227588 0.000495775 0
 0.843318 0.132988 0.00938335 0.0141283 0.000182051
 0.564624 0.303363 0.111486 0.0197234 0.00080311
ppred_RECLAS
 0.506272 0.119148 0.352825 0.0217549 7.26126e-07
 0.486267 0.260871 0.0610214 0.180699 0.0111421
 0.60828 0.191568 0.101636 0.0237741 0.0747417
 0.784485 0.131651 0.0410134 0.0217596 0.0210915
 0.702844 0.233908 0.0386361 0.0120364 0.0125757
 0.797161 0.142795 0.0472636 0.00780684 0.00497313
 0.529722 0.375648 0.0666184 0.0220499 0.00596225
 0.50787 0.263517 0.182611 0.0323847 0.0136173
 0.595425 0.205849 0.10641 0.0737397 0.018576
 0.752656 0.148136 0.0504777 0.0260936 0.0226374
 0.851685 0.112152 0.0216582 0.00738009 0.00712472
 0.774888 0.191846 0.0251549 0.00485779 0.00325334
 0.72586 0.213326 0.0518265 0.00679553 0.0021912
 0.674467 0.237442 0.0685498 0.0166538 0.00288777
 0.775197 0.153085 0.0523105 0.0151021 0.00430518
 0.949403 0.0394008 0.00762433 0.00260529 0.000966569
 0.421407 0.549744 0.0224652 0.00434717 0.00203657
 0.917215 0.0351041 0.0453039 0.00185134 0.000526079
 0.646981 0.324065 0.0122773 0.0158446 0.000831478
 0.663839 0.218636 0.107886 0.0040873 0.00555171
 0.772599 0.151622 0.0492856 0.02432 0.00217286
 0.77915 0.171014 0.0332287 0.0108012 0.00580605
 0.364376 0.496632 0.107628 0.0209126 0.0104518
 0.779781 0.0806402 0.109057 0.0236344 0.00688741
 0.664462 0.262021 0.0269205 0.036407 0.0101892
 0.493149 0.337563 0.132197 0.0135821 0.0235091
pobs_PELACES
 0 0 0 0 0
 0 0 0 0 0
 0 0 0 0 0
 0 0 0 0 0
 0 0 0 0 0
 0 0 0 0 0
 0 0 0 0 0
 0 0 0 0 0
 0 0 0 0 0
 0 0 0 0 0
 0 0 0 0 0
 0 0 0 0 0
 0 0 0 0 0
 0 0 0 0 0
 0 0 0 0 0
 0 0 0 0 0
 0.505614 0.472636 0.0217494 0 0
 0 0 0 0 0
 0.443492 0.261883 0.143347 0.151278 0
 0.227955 0.32914 0.350689 0.0885471 0.00366901
 0.970185 0.0296113 0.000203453 0 0
 0.997202 0.00247181 0.000326279 0 0
 0.445219 0.490057 0.0546422 0.010081 0
 0.90214 0.0892962 0.00764917 0.000914606 0
 0 0 0 0 0
 0.581667 0.319106 0.0959925 0.00289975 0.000334073
ppred_PELACES
 0.507277 0.118905 0.352106 0.0217106 7.24648e-07
 0.488099 0.25994 0.0608037 0.180054 0.0111023
 0.609987 0.190733 0.101193 0.0236705 0.074416
 0.78625 0.130572 0.0406775 0.0215814 0.0209188
 0.703597 0.233315 0.0385382 0.0120059 0.0125439
 0.798229 0.142044 0.0470147 0.00776574 0.00494695
 0.533512 0.37262 0.0660815 0.0218722 0.0059142
 0.508486 0.263188 0.182382 0.0323442 0.0136003
 0.597722 0.20468 0.105806 0.0733209 0.0184705
 0.754982 0.146742 0.050003 0.0258483 0.0224245
 0.852041 0.111883 0.0216062 0.00736238 0.00710762
 0.777056 0.189998 0.0249127 0.00481101 0.00322201
 0.728195 0.211509 0.0513851 0.00673765 0.00217253
 0.67877 0.234303 0.0676436 0.0164337 0.0028496
 0.777525 0.1515 0.0517687 0.0149457 0.00426059
 0.94989 0.0390214 0.00755091 0.00258021 0.000957261
 0.423143 0.548095 0.0223978 0.00433413 0.00203046
 0.917723 0.0348886 0.0450258 0.00183997 0.00052285
 0.649233 0.321998 0.012199 0.0157435 0.000826174
 0.66577 0.21738 0.107266 0.00406383 0.00551983
 0.773752 0.150853 0.0490357 0.0241967 0.00216184
 0.78059 0.169899 0.0330121 0.0107308 0.00576819
 0.365567 0.495701 0.107426 0.0208734 0.0104322
 0.780519 0.0803698 0.108691 0.0235552 0.00686432
 0.665478 0.261228 0.026839 0.0362968 0.0101584
 0.494086 0.336939 0.131952 0.013557 0.0234656
pobs_pel_tallas
 0 0 0 0 0 0 0 0 0 0 0 0 0 0 0 0 0 0 0 0 0 0 0 0 0 0
 0 0 0 0 0 0 0 0 0 0 0 0 0 0 0 0 0 0 0 0 0 0 0 0 0 0
 0 0 0 0 0 0 0 0 0 0 0 0 0 0 0 0 0 0 0 0 0 0 0 0 0 0
 0 0 0 0 0 0 0 0 0 0 0 0 0 0 0 0 0 0 0 0 0 0 0 0 0 0
 0 0 0 0 0 0 0 0 0 0 0 0 0 0 0 0 0 0 0 0 0 0 0 0 0 0
 0 0 0 0 0 0 0 0 0 0 0 0 0 0 0 0 0 0 0 0 0 0 0 0 0 0
 0 0 0 0 0 0 0 0 0 0 0 0 0 0 0 0 0 0 0 0 0 0 0 0 0 0
 0 0 0 0 0 0 0 0 0 0 0 0 0 0 0 0 0 0 0 0 0 0 0 0 0 0
 0 0 0 0 0 0 0 0 0 0 0 0 0 0 0 0 0 0 0 0 0 0 0 0 0 0
 0 0 0 0 0 0 0 0 0 0 0 0 0 0 0 0 0 0 0 0 0 0 0 0 0 0
 0 0 0 0 0 0 0 0 0 0 0 0 0 0 0 0 0 0 0 0 0 0 0 0 0 0
 0 0 0 0 0 0 0 0 0 0 0 0 0 0 0 0 0 0 0 0 0 0 0 0 0 0
 0.00862536 0 0 0.000197151 0.00414017 0.0128641 0.00837892 0.0270097 0.101434 0.158115 0.152841 0.127902 0.109271 0.109419 0.0830992 0.0579132 0.0238553 0.00714673 0.00463305 0.00128148 0.00103504 0.000492878 0.000147863 0.000147863 4.92878e-05 0
 0 0 0 0 0 0 0 0 0 0 0 0 0 0 0 0 0 0 0 0 0 0 0 0 0 0
 0 0 0 0 0 0 0 0.0054083 0.00873648 0.0413646 0.0450493 0.0745869 0.0622846 0.0627006 0.0613931 0.0827291 0.12552 0.122667 0.0946155 0.0697135 0.0546179 0.0294188 0.0215738 0.0213955 0.0102223 0.00600262
 0 0 0 0 0.00359764 0.0251062 0.0480494 0.140153 0.205849 0.193036 0.1447 0.116669 0.0760912 0.0342217 0.00950174 0.001854 0.000860785 0 0 0 0.000165536 0 0.000143464 0 0 0
 0 0 0 0 0 0 0 0.000145254 0.000435761 0.0275982 0.070085 0.0708112 0.156366 0.174668 0.174014 0.160142 0.0824315 0.0480064 0.0283245 0.00493863 0.00203355 0 0 0 0 0
 0 0 0 0 0 0 0 0 0 0 0 0 0 0 0 0 0 0 0 0 0 0 0 0 0 0
 0 0 1.00437e-05 0.000401748 0.00122533 0.00171747 0.00176769 0.0269171 0.070346 0.194647 0.189555 0.159765 0.064822 0.0314167 0.0384472 0.0292271 0.0345202 0.0313363 0.0194345 0.0106764 0.0143323 0.0359363 0.0279516 0.0138201 0.00172751 0
 0 0.0021121 0.0136068 0.0755702 0.200478 0.177729 0.0527432 0.0373336 0.0318909 0.0142505 0.0149659 0.0166563 0.0217959 0.0798694 0.0677717 0.0528807 0.04013 0.0224614 0.0357745 0.0225083 0.00881397 0.00855152 0.00135912 0.000746735 0 0
 0 0 0 0 5.4009e-05 0.00500934 0.000945158 0.0243581 0.138947 0.33067 0.221406 0.137944 0.0707744 0.0437923 0.0131692 0.00525238 0.0047753 0.00276346 9.45158e-05 9.00151e-06 2.25038e-05 9.00151e-06 4.50075e-06 0 0 0
 0.000866109 0.00284123 0.00948549 0.0512746 0.133035 0.25785 0.225252 0.132002 0.0553304 0.0519788 0.0540692 0.017754 0.00435017 0.00159236 0.00146478 0.000404838 0.000125132 0.000115318 0.000107957 0.000100596 0 0 0 0 0 0
 0 0 0 0 0.00144013 0.00171154 0.00461396 0.0210425 0.0478622 0.0707936 0.0888783 0.103762 0.0637923 0.0337046 0.0602308 0.124433 0.169614 0.0934646 0.0462172 0.0250306 0.0313229 0.00938855 0.002487 0.000210481 0 0
 0 0.00764035 0.051015 0.0998891 0.058973 0.0496711 0.0374665 0.0718981 0.12319 0.153886 0.159021 0.0857701 0.0377988 0.023471 0.0147837 0.00900784 0.00315554 0.000888139 0.00291439 0.00214683 0.00393193 0.00274676 0.000635225 9.99891e-05 0 0
 0 0 0 0 0 0 0 0 0 0 0 0 0 0 0 0 0 0 0 0 0 0 0 0 0 0
 0 0 0 0 0 0 0 0 0 0 0 0 0 0 0 0 0 0 0 0 0 0 0 0 0 0
ppred_pel_tallas
 1.12369e-16 4.17838e-05 0.000406153 0.00269903 0.0122694 0.0381747 0.0813358 0.118714 0.118726 0.0813946 0.0383737 0.0128507 0.00418329 0.00372924 0.00659544 0.0114684 0.0179819 0.0256557 0.0339122 0.042302 0.0504443 0.0576582 0.0627113 0.0641194 0.0609177 0.0533343
 1.21757e-16 4.02041e-05 0.000390799 0.002597 0.0118056 0.0367317 0.0782616 0.11423 0.114256 0.0783846 0.0371449 0.0130005 0.00560215 0.00697126 0.0126002 0.0209411 0.0305994 0.0394726 0.0455259 0.0480305 0.0480658 0.047739 0.0486957 0.0510699 0.053548 0.0542957
 1.17937e-16 5.02439e-05 0.000488388 0.00324551 0.0147536 0.0459041 0.0978043 0.142752 0.142771 0.0978949 0.0462086 0.0156348 0.00546424 0.00535505 0.00936213 0.0155831 0.022888 0.0297465 0.0346566 0.0370091 0.03745 0.0373555 0.0378338 0.0390465 0.0402699 0.0404725
 1.06912e-16 6.47624e-05 0.000629513 0.00418334 0.0190169 0.0591686 0.126065 0.183999 0.184011 0.126127 0.059376 0.0196165 0.00569092 0.00392837 0.00635336 0.0104641 0.0152206 0.0194747 0.0221141 0.0226625 0.0215635 0.0198482 0.0184516 0.0177142 0.0173694 0.0168862
 1.04499e-16 5.79544e-05 0.000563337 0.00374358 0.0170178 0.0529487 0.112814 0.16466 0.164682 0.112924 0.0533179 0.0180843 0.00642143 0.00641133 0.0111711 0.0183946 0.0265372 0.0334705 0.037069 0.0363669 0.0321316 0.0263298 0.0209265 0.0169527 0.0143826 0.0126225
 1.0301e-16 6.57491e-05 0.000639105 0.00424708 0.0193066 0.0600701 0.127986 0.186802 0.186816 0.128053 0.0602956 0.0199585 0.00588565 0.00422311 0.00689291 0.0113449 0.0164616 0.0209632 0.0235848 0.0237347 0.0218191 0.0189117 0.0160524 0.0137369 0.0119015 0.0102468
 1.05197e-16 4.39447e-05 0.000427158 0.00283862 0.012904 0.0401493 0.0855436 0.124861 0.124897 0.0857192 0.040739 0.0146077 0.00711643 0.00976979 0.0177996 0.0293894 0.0424098 0.053497 0.0592476 0.0580931 0.0512179 0.0417143 0.0326843 0.0257765 0.0210087 0.0175456
 1.10876e-16 4.18834e-05 0.000407121 0.00270546 0.0122987 0.0382659 0.0815304 0.119001 0.119027 0.0816556 0.0386869 0.0135179 0.00577738 0.00715091 0.0129605 0.0216505 0.0318635 0.0414924 0.048379 0.0514826 0.0513719 0.0495669 0.0473193 0.0448781 0.0417104 0.0372586
 1.13585e-16 4.92336e-05 0.000478569 0.00318026 0.014457 0.0449812 0.0958379 0.139882 0.139902 0.0959351 0.0453079 0.0154026 0.00556135 0.00570143 0.0100428 0.0167234 0.0245612 0.0319111 0.0371438 0.039567 0.0398062 0.0392427 0.0389643 0.0390854 0.0388723 0.0374024
 1.07868e-16 6.21869e-05 0.000604479 0.00401697 0.0182606 0.0568155 0.121052 0.176682 0.176696 0.121121 0.0570488 0.018935 0.00571287 0.00431651 0.00714165 0.0117877 0.0171665 0.0220048 0.0250604 0.0257996 0.0247106 0.0229288 0.0214725 0.020694 0.0202775 0.0196314
 1.02594e-16 7.01815e-05 0.000682189 0.00453339 0.0206081 0.0641196 0.136614 0.199394 0.199405 0.136667 0.0642968 0.02112 0.00581883 0.00349033 0.00540939 0.00884798 0.0127783 0.0161547 0.0179648 0.0177514 0.0158807 0.0132819 0.0108728 0.00911706 0.00797506 0.00714606
 1.01796e-16 6.40051e-05 0.000622153 0.00413442 0.0187945 0.0584768 0.124592 0.181849 0.181867 0.124681 0.0587771 0.0196621 0.00631196 0.00537521 0.00908936 0.0149211 0.0214785 0.026989 0.0296904 0.0287692 0.0248401 0.0195239 0.0144766 0.0106243 0.00804589 0.00634469
 1.02581e-16 5.99805e-05 0.000583032 0.00387445 0.0176127 0.0547998 0.116758 0.170415 0.170436 0.116857 0.055135 0.0185812 0.00630701 0.00589851 0.0101702 0.0167579 0.0242255 0.0306522 0.0341117 0.0336999 0.0300441 0.0248274 0.0197335 0.0156519 0.0126068 0.010201
 1.04143e-16 5.59094e-05 0.00054346 0.00361148 0.0164173 0.0510804 0.108833 0.15885 0.158872 0.108944 0.0514521 0.0174916 0.00631086 0.00644534 0.0112915 0.0186488 0.027023 0.0343262 0.0384585 0.038439 0.0349534 0.0298134 0.0247907 0.0207572 0.0176408 0.0149505
 1.03753e-16 6.40438e-05 0.000622528 0.00413692 0.0188058 0.058512 0.124667 0.181958 0.181972 0.124738 0.0587527 0.0195015 0.00588572 0.00444851 0.00735482 0.0121222 0.017608 0.0224628 0.0253508 0.0256531 0.0238071 0.0209488 0.0181595 0.0159248 0.0141287 0.0124147
 1.00649e-16 7.82412e-05 0.000760532 0.00505401 0.0229748 0.0714831 0.152302 0.222291 0.222294 0.152321 0.0715449 0.0231533 0.00550225 0.00173969 0.00193971 0.00308784 0.00445229 0.00562385 0.00624368 0.00614871 0.00546282 0.00450729 0.00360207 0.00291346 0.00243731 0.00208212
 1.01565e-16 3.48538e-05 0.000338792 0.00225139 0.0102345 0.0318437 0.0678483 0.0990377 0.0990904 0.068106 0.0327085 0.0127313 0.00851411 0.0139957 0.0259284 0.0426961 0.0612349 0.076442 0.0831401 0.0789426 0.0657053 0.0483388 0.0319712 0.0196386 0.0118171 0.00740983
 1.01582e-16 7.55916e-05 0.000734777 0.00488285 0.0221967 0.0690623 0.147145 0.214763 0.214766 0.147162 0.0691188 0.0223606 0.0052972 0.00164912 0.00184077 0.00299805 0.00448429 0.00599726 0.00727053 0.00815938 0.00868298 0.0089354 0.00895129 0.00865923 0.00796039 0.00684719
 1.02154e-16 5.34765e-05 0.000519811 0.00345433 0.0157029 0.0488577 0.104098 0.15194 0.151971 0.104249 0.0493658 0.0171699 0.00713446 0.00854574 0.0152734 0.0251063 0.0360248 0.0450199 0.0490706 0.0468018 0.0393266 0.0295351 0.0204124 0.0136764 0.00951204 0.00717916
 1.04493e-16 5.48386e-05 0.000533051 0.00354231 0.0161028 0.050102 0.106748 0.155807 0.155828 0.106851 0.0504482 0.0171043 0.00606169 0.00605141 0.0105893 0.0175599 0.0256157 0.0328858 0.037471 0.0384477 0.0363361 0.0325977 0.0286109 0.0249772 0.0215784 0.0180948
 1.04247e-16 6.3733e-05 0.000619507 0.00411685 0.0187146 0.0582281 0.124062 0.181075 0.181089 0.124133 0.0584677 0.0194073 0.00585805 0.00442889 0.00732315 0.0120712 0.0175381 0.0223856 0.0252938 0.0256613 0.0239397 0.0212694 0.0187201 0.016745 0.0151785 0.0136108
 1.03049e-16 6.42962e-05 0.000624982 0.00415323 0.01888 0.0587427 0.125158 0.182675 0.182692 0.125238 0.0590117 0.0196572 0.00610499 0.0048885 0.00816985 0.0134269 0.0193888 0.0244959 0.0272045 0.0268081 0.0238489 0.019728 0.0158386 0.0129021 0.0108934 0.00940392
 1.07086e-16 3.01114e-05 0.000292693 0.00194505 0.00884196 0.0275109 0.0586166 0.0855627 0.0856105 0.0588504 0.028296 0.0111104 0.0076422 0.0127393 0.0236971 0.039203 0.0566449 0.0715978 0.0795532 0.0784146 0.0697046 0.0574429 0.0456483 0.0364372 0.0298274 0.0247803
 1.06682e-16 6.42904e-05 0.000624925 0.00415285 0.0188782 0.0587373 0.125146 0.182656 0.182664 0.125185 0.0588677 0.019257 0.00511122 0.00274273 0.00416189 0.00697647 0.010507 0.0141853 0.0174573 0.0200438 0.0220232 0.0235989 0.0247682 0.0252138 0.0245127 0.0224636
 1.06201e-16 5.48146e-05 0.000532817 0.00354076 0.0160958 0.0500801 0.106702 0.15574 0.155765 0.106825 0.0504931 0.0172887 0.00653508 0.00706962 0.0124706 0.0205348 0.0295943 0.0372704 0.0411963 0.0403288 0.0355934 0.0292685 0.0236036 0.0197343 0.0175275 0.0161553
 1.09225e-16 4.06973e-05 0.000395592 0.00262885 0.0119504 0.0371823 0.079222 0.115634 0.115666 0.0793814 0.0377179 0.0134992 0.00652315 0.0089186 0.0162913 0.0270353 0.0393323 0.050281 0.0569288 0.0578905 0.0541024 0.0480304 0.042018 0.0371125 0.0330697 0.0291479
pSPR Fmed_Fpbrs
0.606344   0.186141 0.186141
Fs Fmed_Fpbrs
0.252691   1.005 1.005
SSBpbr Bo_Bmed_Bpbrs
1.86315e+06  1.03655e+06  253651 253651
Ro
169261
SPR SPRFo_SPRFmed_SPRFpbrs
1.19965e+06 727402 223305
Fref
1.005
log_Ro
11.8592
likeval ReclasPelacesDesembMPH_pf_preclas_ppelaces_ptallas_desvR_qrecl_qpela
 12.4934 16.5627 0.0520399 0.000821972 183.767 77.169 51.6563 0 21.7383 4.05702e-07 0 0.267869 0 0 0
q_reclas_q_pelaces
0.913695 1
M
1
N
 190071 45005.2 133271 8217.38 0.274277
 113391 61511.2 14388.3 42607.2 2627.21
 103708 33017.7 17517.5 4097.59 12882.1
 178054 30358.5 9457.65 5017.74 4863.69
 140197 46913.4 7749 2414.06 2522.23
 254100 45975.5 15217.4 2513.55 1601.19
 104316 75700.8 13425 4443.51 1201.52
 45356.3 23621.9 16369.4 2902.99 1220.67
 43978.2 15425.6 7974 5525.78 1392.02
 59492.7 11933.7 4066.44 2102.08 1823.65
 110983 14677.1 2834.35 965.816 932.396
 147907 37317 4893.03 944.915 632.824
 122212 36563.6 8882.92 1164.74 375.565
 85186.7 30896.5 8919.86 2167.03 375.764
 83069.7 16741.3 5720.64 1651.56 470.812
 472836 19928.3 3856.26 1317.71 488.875
 95325.7 125704 5136.86 994.018 465.68
 723001 27953.9 36076.1 1474.24 418.924
 422370 214749 8135.84 10499.8 550.997
 339890 113422 55968.3 2120.38 2880.07
 478588 94862.9 30835.7 15215.9 1359.46
 642260 142771 27741.1 9017.39 4847.19
 131646 180831 39189 7614.59 3805.66
 394946 41110.2 55597.1 12048.8 3511.19
 318992 126662 13013.4 17599.3 4925.51
 147413 101479 39741.5 4083.1 7067.39
pred_Ctot
 14606.2 3768.47 11159.3 688.074 0.0229663
 15230.2 8967.43 2097.61 6211.51 383.009
 13642.9 4715.32 2501.71 585.184 1839.72
 32818.6 6052.01 1885.39 1000.29 969.584
 9713.44 3543.47 585.298 182.339 190.509
 31076.3 6107.99 2021.67 333.933 212.723
 26363.8 20587.6 3651.06 1208.46 326.764
 2179.16 1238.99 858.59 152.265 64.0253
 7476.74 2839.31 1467.74 1017.1 256.222
 12794.6 2769.57 943.74 487.852 423.233
 6077.94 877.105 169.382 57.7174 55.7203
 31671.7 8623.75 1130.75 218.365 146.242
 24909.8 8048.96 1955.45 256.4 82.6754
 26376 10248.5 2958.77 718.817 124.643
 18910.5 4108.85 1404.03 405.345 115.552
 85110.3 3880.85 750.972 256.613 95.204
 12452.6 17827.7 728.525 140.975 66.0442
 89572.4 3761.64 4854.61 198.383 56.3728
 73964.5 40700.5 1541.95 1989.98 104.428
 53028.2 19177.6 9463.2 358.516 486.967
 58189.4 12529.9 4072.9 2009.78 179.562
 97361.5 23462.9 4558.93 1481.91 796.581
 12746.4 19052.7 4129.02 802.285 400.97
 32373.8 3670.6 4964.1 1075.8 313.503
 27597.1 11932.4 1225.96 1657.97 464.017
 10598.4 7952.57 3114.4 319.978 553.846
F
 0.128177 0.140361 0.140361 0.140361 0.140361
 0.233796 0.25602 0.25602 0.25602 0.25602
 0.228499 0.25022 0.25022 0.25022 0.25022
 0.333786 0.365514 0.365514 0.365514 0.365514
 0.114941 0.125867 0.125867 0.125867 0.125867
 0.21094 0.230991 0.230991 0.230991 0.230991
 0.48525 0.531376 0.531376 0.531376 0.531376
 0.0785238 0.0859879 0.0859879 0.0859879 0.0859879
 0.304331 0.333259 0.333259 0.333259 0.333259
 0.399568 0.437549 0.437549 0.437549 0.437549
 0.0899265 0.0984745 0.0984745 0.0984745 0.0984745
 0.39753 0.435317 0.435317 0.435317 0.435317
 0.375115 0.410771 0.410771 0.410771 0.410771
 0.626966 0.686562 0.686562 0.686562 0.686562
 0.427541 0.468182 0.468182 0.468182 0.468182
 0.324821 0.355697 0.355697 0.355697 0.355697
 0.226744 0.248297 0.248297 0.248297 0.248297
 0.21394 0.234277 0.234277 0.234277 0.234277
 0.314765 0.344685 0.344685 0.344685 0.344685
 0.27619 0.302443 0.302443 0.302443 0.302443
 0.209595 0.229518 0.229518 0.229518 0.229518
 0.267428 0.292848 0.292848 0.292848 0.292848
 0.163859 0.179435 0.179435 0.179435 0.179435
 0.137229 0.150274 0.150274 0.150274 0.150274
 0.145312 0.159125 0.159125 0.159125 0.159125
 0.119497 0.130856 0.130856 0.130856 0.130856
nmprior
 8 8 7 0
nm_flota  nm_reclas  nm_pelaces    nm_pelaL
inf 9.37347 13.0302 7.79757
cv_recla  cv_pelaces  cv_mph
0.363708 0.575547 0.884777
 ------------------------------------------------
Talla a la edad & desviación 
 8 13.2811 15.8009 17.003 17.5766
 0.8 1.32811 1.58009 1.7003 1.75766
