years
 1991 1992 1993 1994 1995 1996 1997 1998 1999 2000 2001 2002 2003 2004 2005 2006 2007 2008 2009 2010 2011 2012 2013 2014 2015 2016 2017 2018 2019
reclasobs
 0 0 0 0 0 0 0 0 0 252601 567819 844713 477998 351125 339783 2.1784e+06 2.13404e+06 4.81314e+06 1.55562e+06 2.62356e+06 3.21686e+06 3.843e+06 1.13348e+06 3.07943e+06 1.97215e+06 2.03268e+06 2.025e+06 2.42433e+06 2.27542e+06
reclaspred
 3.36045e+06 1.87577e+06 946207 935041 923364 1.48568e+06 905260 790953 572993 411308 500193 654240 641234 488827 490424 1.39778e+06 1.33372e+06 3.04819e+06 2.53017e+06 1.94315e+06 3.42448e+06 2.73734e+06 2.14511e+06 3.28837e+06 2.46197e+06 2.19076e+06 2.69066e+06 2.66454e+06 2.16929e+06
pelacesobs
 0 0 0 0 0 0 0 0 0 0 0 0 0 0 0 552880 188675 0 991730 2.46772e+06 1.41603e+06 1.21717e+06 2.29649e+06 1.80582e+06 0 1.4828e+06 1.56532e+06 1.57751e+06 1.42118e+06
pelacespred
 1.53275e+06 948470 476843 385311 399916 663946 368210 406765 279941 189042 240674 261659 282515 224252 232455 557025 533856 1.41127e+06 1.2053e+06 855071 1.47139e+06 1.27597e+06 998656 1.67554e+06 1.20682e+06 1.07208e+06 1.50412e+06 1.47239e+06 983126
mphobs
 0 0 0 0 0 0 0 0 0 0 0 498337 0 5186 125008 0 168611 109162 213762 579715 649985 157893 87575 83554 0 0 0 0 0
mphpred
 2.90968e+06 1.94414e+06 962966 524239 562117 637616 843740 501977 446503 300237 195707 339036 363249 303214 197580 252237 921135 862117 1.73073e+06 1.31531e+06 1.46045e+06 1.79074e+06 1.66759e+06 1.35959e+06 1.88604e+06 1.55274e+06 1.28865e+06 1.42777e+06 1.8353e+06
desembarqueobs
 494567 514787 250237 358949 120608 361735 552515 73892 212993 205616 52469 317467 293654 387597 252695 516296 358380 742168 942051 627588 828172 859565 418607 520667 417249 300574 407403 355545 319650
desembarquepred
 494574 513620 250802 358979 120613 361747 552556 73896.6 213045 205663 52471.6 317530 293700 387619 252685 516250 358405 742072 941833 627445 828222 859552 418608 520685 417243 300570 407393 355523 319640
Reclutas
 190813 108426 106134 172396 137432 241018 98652.3 43589.9 41793.8 56190 104687 141468 117756 82080.2 80082.9 461751 93312.1 696514 412828 334354 465564 613180 127484 376456 318850 145975 338071 329047 109656
log_desv_Rt
 0.116529 -0.448694 -0.470065 0.0150293 -0.211636 0.350107 -0.543162 -1.35994 -1.40202 -1.10603 -0.483789 -0.182693 -0.366145 -0.727067 -0.751702 1.00026 -0.598814 1.41132 0.888267 0.677437 1.00849 1.28389 -0.286771 0.796036 0.629956 -0.151329 0.688493 0.661436 -0.437412
SSB
 2.90968e+06 1.94414e+06 962966 524239 562117 637616 843740 501977 446503 300237 195707 339036 363249 303214 197580 252237 921135 862117 1.73073e+06 1.31531e+06 1.46045e+06 1.79074e+06 1.66759e+06 1.35959e+06 1.88604e+06 1.55274e+06 1.28865e+06 1.42777e+06 1.8353e+06
BT
 3.95231e+06 2.69423e+06 1.34744e+06 1.1894e+06 1.01748e+06 1.84001e+06 1.34302e+06 1.0035e+06 857135 634316 600308 869129 918432 920651 789470 1.70121e+06 1.51053e+06 3.91115e+06 3.68441e+06 2.52978e+06 4.06537e+06 3.74571e+06 2.66851e+06 4.34977e+06 3.16778e+06 2.73879e+06 3.88448e+06 3.75417e+06 2.5328e+06
Ftot
 0.144415 0.263726 0.257729 0.391537 0.133613 0.255982 0.580619 0.0952133 0.373233 0.496478 0.114325 0.493914 0.464739 0.786575 0.543196 0.407742 0.265938 0.26451 0.375948 0.329254 0.251079 0.322585 0.193091 0.169243 0.171865 0.138368 0.161355 0.142248 0.143707
BD_Bspro_t
 0.977158 0.834794 0.666305 0.572664 0.559577 0.636952 0.628669 0.454222 0.511034 0.46262 0.427025 0.648471 0.529725 0.437229 0.325154 0.383399 0.583296 0.553739 0.654911 0.56036 0.539625 0.586562 0.59801 0.588647 0.693297 0.701384 0.710685 0.753498 0.786139
BD_Bspro
 2.41079 1.6108 0.797857 0.434354 0.465737 0.528292 0.699073 0.415909 0.369946 0.248759 0.162151 0.280905 0.300967 0.251225 0.163703 0.208988 0.763199 0.7143 1.43398 1.08979 1.21005 1.4837 1.38167 1.12648 1.56266 1.28651 1.0677 1.18297 1.52062
BD_Bo
 1.57355 1.05139 0.520772 0.283509 0.303993 0.344823 0.456295 0.271469 0.241469 0.162368 0.105838 0.183351 0.196445 0.163978 0.106851 0.13641 0.49815 0.466233 0.935979 0.711321 0.789814 0.968433 0.901834 0.735269 1.01997 0.83972 0.696901 0.772141 0.992529
BD_Brms
 9.91763 6.62658 3.28227 1.78687 1.91597 2.17331 2.87588 1.71099 1.5219 1.02336 0.667065 1.1556 1.23813 1.0335 0.67345 0.859747 3.13969 2.93852 5.89918 4.48323 4.97795 6.10373 5.68398 4.63417 6.42856 5.29249 4.39235 4.86656 6.2556
Sel_flota
 0.812609 1 1 1 1
 0.812609 1 1 1 1
 0.812609 1 1 1 1
 0.812609 1 1 1 1
 0.812609 1 1 1 1
 0.812609 1 1 1 1
 0.812609 1 1 1 1
 0.812609 1 1 1 1
 0.812609 1 1 1 1
 0.812609 1 1 1 1
 0.812609 1 1 1 1
 0.812609 1 1 1 1
 0.812609 1 1 1 1
 0.812609 1 1 1 1
 0.812609 1 1 1 1
 0.812609 1 1 1 1
 0.812609 1 1 1 1
 0.812609 1 1 1 1
 0.812609 1 1 1 1
 0.812609 1 1 1 1
 0.812609 1 1 1 1
 0.812609 1 1 1 1
 0.812609 1 1 1 1
 0.812609 1 1 1 1
 0.812609 1 1 1 1
 0.812609 1 1 1 1
 0.812609 1 1 1 1
 0.812609 1 1 1 1
 0.812609 1 1 1 1
Sel_reclas
 1 1 1 1 1
 1 1 1 1 1
 1 1 1 1 1
 1 1 1 1 1
 1 1 1 1 1
 1 1 1 1 1
 1 1 1 1 1
 1 1 1 1 1
 1 1 1 1 1
 1 1 1 1 1
 1 1 1 1 1
 1 1 1 1 1
 1 1 1 1 1
 1 1 1 1 1
 1 1 1 1 1
 1 1 1 1 1
 1 1 1 1 1
 1 1 1 1 1
 1 1 1 1 1
 1 1 1 1 1
 1 1 1 1 1
 1 1 1 1 1
 1 1 1 1 1
 1 1 1 1 1
 1 1 1 1 1
 1 1 1 1 1
 1 1 1 1 1
 1 1 1 1 1
 1 1 1 1 1
Sel_pelaces
 1 1 1 1 1
 1 1 1 1 1
 1 1 1 1 1
 1 1 1 1 1
 1 1 1 1 1
 1 1 1 1 1
 1 1 1 1 1
 1 1 1 1 1
 1 1 1 1 1
 1 1 1 1 1
 1 1 1 1 1
 1 1 1 1 1
 1 1 1 1 1
 1 1 1 1 1
 1 1 1 1 1
 1 1 1 1 1
 1 1 1 1 1
 1 1 1 1 1
 1 1 1 1 1
 1 1 1 1 1
 1 1 1 1 1
 1 1 1 1 1
 1 1 1 1 1
 1 1 1 1 1
 1 1 1 1 1
 1 1 1 1 1
 1 1 1 1 1
 1 1 1 1 1
 1 1 1 1 1
pf_obs 
 0.8446 0.082 0.0669 0.0065 0
 0.8095 0.147 0.0364 0.0071 0
 0.9664 0.0169 0.016 0.0007 0
 0.9276 0.0648 0.0075 0.0001 0
 0.7033 0.2144 0.0806 0.0017 0
 0.9318 0.0425 0.0243 0.0014 0
 0.5671 0.3108 0.0964 0.0239 0.0018
 0.0768 0.2599 0.5324 0.112 0.0189
 0.490249 0.384438 0.106611 0.0170017 0.00170017
 0.7925 0.1577 0.0466 0.003 0.0002
 0.840416 0.127587 0.0312969 0.00059994 9.999e-05
 0.8084 0.0986 0.0794 0.0134 0.0002
 0.7335 0.1905 0.0724 0.0035 0.0001
 0.4001 0.4547 0.1325 0.0127 0
 0.49795 0.308269 0.164784 0.0264974 0.00249975
 0.9179 0.0499 0.0305 0.0017 0
 0.2467 0.6533 0.0926 0.0074 0
 0.9418 0.0223 0.034 0.0019 0
 0.707729 0.231977 0.0356964 0.0245975 0
 0.517169 0.277429 0.184464 0.0207286 0.00020938
 0.811772 0.124168 0.05621 0.00726502 0.000585176
 0.764997 0.148141 0.077277 0.00933861 0.000247198
 0.163321 0.427699 0.378323 0.0303852 0.000271297
 0.753843 0.0900009 0.118128 0.0371064 0.000921714
 0.721811 0.176058 0.0630433 0.0369309 0.00215725
 0.143369 0.312575 0.442814 0.0836902 0.0175525
 0.692698 0.0596174 0.167031 0.0765114 0.00414204
 0.394062 0.376323 0.152708 0.0712218 0.00568511
 0.125707 0.32114 0.495352 0.0537591 0.00404204
pf_pred 
 0.460567 0.126407 0.389058 0.0239674 7.87415e-07
 0.426392 0.296189 0.0650085 0.200084 0.0123263
 0.569901 0.208665 0.11434 0.0250957 0.0819982
 0.740454 0.162649 0.0470102 0.0257598 0.0241273
 0.657762 0.268975 0.0459118 0.0132698 0.0140818
 0.756528 0.171871 0.0562726 0.00960526 0.00572227
 0.480484 0.414255 0.0743062 0.0243287 0.00662664
 0.463923 0.294372 0.192732 0.0345709 0.0144019
 0.54936 0.233591 0.119186 0.0780338 0.0198283
 0.717776 0.172212 0.0570253 0.0290963 0.0238905
 0.826825 0.133038 0.0244914 0.00810991 0.00753558
 0.743956 0.219204 0.0283012 0.00521003 0.00332825
 0.692015 0.243628 0.0550968 0.00711346 0.00214609
 0.638321 0.269345 0.0730395 0.0165179 0.002776
 0.749438 0.176549 0.0551179 0.0149465 0.00394825
 0.942047 0.0461753 0.0082988 0.00259085 0.00088816
 0.377079 0.594554 0.0226019 0.0040621 0.00170291
 0.900644 0.0431457 0.0536505 0.00203952 0.000520214
 0.605522 0.362901 0.0137127 0.0170513 0.00081354
 0.622761 0.250296 0.116782 0.00441276 0.00574894
 0.735326 0.179538 0.0564874 0.0263556 0.00229332
 0.739923 0.202497 0.0390589 0.012289 0.00623264
 0.321989 0.531618 0.113982 0.0219855 0.0104255
 0.742935 0.0961129 0.1262 0.027058 0.00769401
 0.630262 0.28978 0.0298951 0.0392535 0.0108093
 0.444671 0.378374 0.138688 0.0143077 0.0239599
 0.743495 0.128293 0.0873577 0.0320199 0.00883511
 0.660203 0.266432 0.0366942 0.024986 0.0116853
 0.371785 0.44501 0.14365 0.0197841 0.0197718
pobs_RECLAS
 0 0 0 0 0
 0 0 0 0 0
 0 0 0 0 0
 0 0 0 0 0
 0 0 0 0 0
 0 0 0 0 0
 0 0 0 0 0
 0 0 0 0 0
 0 0 0 0 0
 0 0 0 0 0
 0.991045 0.00858322 0.000360255 1.14367e-05 0
 0.934742 0.0480273 0.0164251 0.00080598 0
 0.827803 0.169806 0.00239088 0 0
 0.941827 0.0461693 0.0120037 0 0
 0.791401 0.0380133 0.147996 0.0225897 0
 0.846168 0.0940531 0.0597789 0 0
 0.134021 0.677848 0.182769 0.00536245 0
 0.80878 0.0450904 0.141981 0.00414843 0
 0.846168 0.0940531 0.0597789 0 0
 0.905697 0.0802665 0.012482 0.00150086 5.37128e-05
 0.989698 0.0102097 9.19794e-05 0 0
 0.975433 0.0193895 0.00387452 0.00125025 5.28907e-05
 0.303575 0.632131 0.0575291 0.00676475 0
 0.966965 0.00978017 0.0227588 0.000495775 0
 0.843318 0.132988 0.00938335 0.0141283 0.000182051
 0.564624 0.303363 0.111486 0.0197234 0.00080311
 0.826376 0.0876187 0.0782897 0.00655872 0.00115652
 0.89761 0.0855135 0.0140674 0.00269457 0.000114338
 0.34875 0.467042 0.161289 0.0227151 0.000203297
ppred_RECLAS
 0.512982 0.114125 0.351254 0.0216385 7.10903e-07
 0.478986 0.269032 0.0590479 0.181738 0.0111961
 0.621 0.183874 0.100756 0.0221141 0.0722562
 0.779692 0.13806 0.0399032 0.0218654 0.0204797
 0.703314 0.233174 0.0398008 0.0115035 0.0122075
 0.793483 0.145785 0.0477315 0.00814736 0.00485374
 0.535622 0.370288 0.0664199 0.0217466 0.00592333
 0.516127 0.265706 0.173963 0.0312043 0.0129995
 0.601847 0.206384 0.105305 0.068945 0.0175188
 0.759844 0.146542 0.048525 0.0247592 0.0203294
 0.854796 0.11155 0.0205355 0.00679999 0.00631842
 0.783288 0.185532 0.0239537 0.00440969 0.00281699
 0.736343 0.208564 0.0471669 0.00608964 0.00183721
 0.689047 0.23157 0.0627957 0.0142013 0.00238667
 0.788404 0.149093 0.0465462 0.0126221 0.00333423
 0.952772 0.03763 0.00676301 0.00211138 0.000723795
 0.428143 0.545816 0.0207491 0.00372911 0.00156331
 0.918107 0.0355624 0.0442208 0.00168105 0.000428781
 0.655584 0.316846 0.0119724 0.0148874 0.000710296
 0.671567 0.217913 0.101673 0.00384184 0.00500515
 0.774521 0.152951 0.0481223 0.0224527 0.00195371
 0.778924 0.17213 0.0332016 0.0104461 0.00529799
 0.36966 0.49424 0.105968 0.0204397 0.00969246
 0.781045 0.0818641 0.107491 0.0230466 0.00655337
 0.677844 0.252488 0.0260479 0.0342019 0.00941825
 0.496915 0.342777 0.125641 0.0129617 0.0217058
 0.78152 0.109274 0.0744076 0.0272732 0.00752537
 0.70561 0.230828 0.0317907 0.0216471 0.0101238
 0.421997 0.40944 0.132168 0.0182028 0.0181915
pobs_PELACES
 0 0 0 0 0
 0 0 0 0 0
 0 0 0 0 0
 0 0 0 0 0
 0 0 0 0 0
 0 0 0 0 0
 0 0 0 0 0
 0 0 0 0 0
 0 0 0 0 0
 0 0 0 0 0
 0 0 0 0 0
 0 0 0 0 0
 0 0 0 0 0
 0 0 0 0 0
 0 0 0 0 0
 0 0 0 0 0
 0.505614 0.472636 0.0217494 0 0
 0 0 0 0 0
 0.443492 0.261883 0.143347 0.151278 0
 0.227955 0.32914 0.350689 0.0885471 0.00366901
 0.970185 0.0296113 0.000203453 0 0
 0.997202 0.00247181 0.000326279 0 0
 0.445219 0.490057 0.0546422 0.010081 0
 0.90214 0.0892962 0.00764917 0.000914606 0
 0 0 0 0 0
 0.581667 0.319106 0.0959925 0.00289975 0.000334073
 0.762889 0.0836404 0.116647 0.0363945 0.000428098
 0.88444 0.0763242 0.0277011 0.0115352 0
 0.521256 0.241999 0.230069 0.00667565 0
ppred_PELACES
 0.515213 0.113602 0.349645 0.0215394 7.07647e-07
 0.483057 0.26693 0.0585865 0.180318 0.0111086
 0.624744 0.182057 0.0997604 0.0218957 0.0715425
 0.783823 0.135471 0.039155 0.0214554 0.0200957
 0.705036 0.231821 0.0395699 0.0114368 0.0121367
 0.796065 0.143962 0.0471347 0.0080455 0.00479305
 0.54454 0.363177 0.0651443 0.021329 0.00580958
 0.517597 0.264899 0.173435 0.0311095 0.01296
 0.607365 0.203524 0.103845 0.0679896 0.0172761
 0.765402 0.143151 0.0474021 0.0241862 0.0198589
 0.855671 0.110877 0.0204117 0.006759 0.00628033
 0.788428 0.181131 0.0233856 0.00430511 0.00275017
 0.741884 0.20418 0.0461755 0.00596165 0.00179859
 0.699371 0.223881 0.0607106 0.0137298 0.00230742
 0.793954 0.145183 0.0453255 0.0122911 0.00324679
 0.953894 0.0367362 0.00660238 0.00206123 0.000706604
 0.432174 0.541968 0.0206029 0.00370282 0.00155229
 0.919328 0.035032 0.0435613 0.00165598 0.000422386
 0.660814 0.312035 0.0117906 0.0146613 0.00069951
 0.676042 0.214944 0.100287 0.00378949 0.00493695
 0.77722 0.151119 0.0475461 0.0221839 0.00193031
 0.78234 0.16947 0.0326885 0.0102847 0.00521613
 0.372447 0.492055 0.105499 0.0203494 0.00964961
 0.782829 0.0811969 0.106615 0.0228588 0.00649996
 0.68016 0.250673 0.0258606 0.033956 0.00935053
 0.499054 0.34132 0.125106 0.0129066 0.0216135
 0.783219 0.108424 0.073829 0.0270611 0.00746686
 0.707434 0.229398 0.0315938 0.021513 0.0100611
 0.424167 0.407904 0.131672 0.0181345 0.0181232
pobs_pel_tallas
 0 0 0 0 0 0 0 0 0 0 0 0 0 0 0 0 0 0 0 0 0 0 0 0 0 0
 0 0 0 0 0 0 0 0 0 0 0 0 0 0 0 0 0 0 0 0 0 0 0 0 0 0
 0 0 0 0 0 0 0 0 0 0 0 0 0 0 0 0 0 0 0 0 0 0 0 0 0 0
 0 0 0 0 0 0 0 0 0 0 0 0 0 0 0 0 0 0 0 0 0 0 0 0 0 0
 0 0 0 0 0 0 0 0 0 0 0 0 0 0 0 0 0 0 0 0 0 0 0 0 0 0
 0 0 0 0 0 0 0 0 0 0 0 0 0 0 0 0 0 0 0 0 0 0 0 0 0 0
 0 0 0 0 0 0 0 0 0 0 0 0 0 0 0 0 0 0 0 0 0 0 0 0 0 0
 0 0 0 0 0 0 0 0 0 0 0 0 0 0 0 0 0 0 0 0 0 0 0 0 0 0
 0 0 0 0 0 0 0 0 0 0 0 0 0 0 0 0 0 0 0 0 0 0 0 0 0 0
 0 0 0 0 0 0 0 0 0 0 0 0 0 0 0 0 0 0 0 0 0 0 0 0 0 0
 0 0 0 0 0 0 0 0 0 0 0 0 0 0 0 0 0 0 0 0 0 0 0 0 0 0
 0 0 0 0 0 0 0 0 0 0 0 0 0 0 0 0 0 0 0 0 0 0 0 0 0 0
 0.00862536 0 0 0.000197151 0.00414017 0.0128641 0.00837892 0.0270097 0.101434 0.158115 0.152841 0.127902 0.109271 0.109419 0.0830992 0.0579132 0.0238553 0.00714673 0.00463305 0.00128148 0.00103504 0.000492878 0.000147863 0.000147863 4.92878e-05 0
 0 0 0 0 0 0 0 0 0 0 0 0 0 0 0 0 0 0 0 0 0 0 0 0 0 0
 0 0 0 0 0 0 0 0.0054083 0.00873648 0.0413646 0.0450493 0.0745869 0.0622846 0.0627006 0.0613931 0.0827291 0.12552 0.122667 0.0946155 0.0697135 0.0546179 0.0294188 0.0215738 0.0213955 0.0102223 0.00600262
 0 0 0 0 0.00359764 0.0251062 0.0480494 0.140153 0.205849 0.193036 0.1447 0.116669 0.0760912 0.0342217 0.00950174 0.001854 0.000860785 0 0 0 0.000165536 0 0.000143464 0 0 0
 0 0 0 0 0 0 0 0.000145254 0.000435761 0.0275982 0.070085 0.0708112 0.156366 0.174668 0.174014 0.160142 0.0824315 0.0480064 0.0283245 0.00493863 0.00203355 0 0 0 0 0
 0 0 0 0 0 0 0 0 0 0 0 0 0 0 0 0 0 0 0 0 0 0 0 0 0 0
 0 0 1.00437e-05 0.000401748 0.00122533 0.00171747 0.00176769 0.0269171 0.070346 0.194647 0.189555 0.159765 0.064822 0.0314167 0.0384472 0.0292271 0.0345202 0.0313363 0.0194345 0.0106764 0.0143323 0.0359363 0.0279516 0.0138201 0.00172751 0
 0 0.0021121 0.0136068 0.0755702 0.200478 0.177729 0.0527432 0.0373336 0.0318909 0.0142505 0.0149659 0.0166563 0.0217959 0.0798694 0.0677717 0.0528807 0.04013 0.0224614 0.0357745 0.0225083 0.00881397 0.00855152 0.00135912 0.000746735 0 0
 0 0 0 0 5.4009e-05 0.00500934 0.000945158 0.0243581 0.138947 0.33067 0.221406 0.137944 0.0707744 0.0437923 0.0131692 0.00525238 0.0047753 0.00276346 9.45158e-05 9.00151e-06 2.25038e-05 9.00151e-06 4.50075e-06 0 0 0
 0.000866109 0.00284123 0.00948549 0.0512746 0.133035 0.25785 0.225252 0.132002 0.0553304 0.0519788 0.0540692 0.017754 0.00435017 0.00159236 0.00146478 0.000404838 0.000125132 0.000115318 0.000107957 0.000100596 0 0 0 0 0 0
 0 0 0 0 0.00144013 0.00171154 0.00461396 0.0210425 0.0478622 0.0707936 0.0888783 0.103762 0.0637923 0.0337046 0.0602308 0.124433 0.169614 0.0934646 0.0462172 0.0250306 0.0313229 0.00938855 0.002487 0.000210481 0 0
 0 0.00764035 0.051015 0.0998891 0.058973 0.0496711 0.0374665 0.0718981 0.12319 0.153886 0.159021 0.0857701 0.0377988 0.023471 0.0147837 0.00900784 0.00315554 0.000888139 0.00291439 0.00214683 0.00393193 0.00274676 0.000635225 9.99891e-05 0 0
 0 0 0 0 0 0 0 0 0 0 0 0 0 0 0 0 0 0 0 0 0 0 0 0 0 0
 0 0 0 0 0 0 0 0 0 0 0 0 0 0 0 0 0 0 0 0 0 0 0 0 0 0
 0 0 0 0 0 0 0 0 0 0 0 0 0 0 0 0 0 0 0 0 0 0 0 0 0 0
 0 0 0 0 0 0 0 0 0 0 0 0 0 0 0 0 0 0 0 0 0 0 0 0 0 0
 0 0 0 0 0 0 0 0 0 0 0 0 0 0 0 0 0 0 0 0 0 0 0 0 0 0
ppred_pel_tallas
 1.1228e-16 4.24374e-05 0.000412507 0.00274125 0.0124614 0.0387719 0.0826082 0.120571 0.120583 0.0826645 0.0389625 0.0130182 0.00416411 0.00360113 0.0063395 0.0110411 0.0173591 0.0248576 0.0330055 0.041376 0.0495757 0.0568875 0.0620443 0.0635463 0.0604311 0.052934
 1.21723e-16 3.97888e-05 0.000386762 0.00257017 0.0116836 0.0363522 0.0774532 0.113051 0.113076 0.0775794 0.0367764 0.0129101 0.00565431 0.00713887 0.0129235 0.0214703 0.0313481 0.0403856 0.0464788 0.0488687 0.0486645 0.0480486 0.048748 0.0509489 0.053349 0.0540941
 1.17229e-16 5.14594e-05 0.000500204 0.00332403 0.0151106 0.0470147 0.10017 0.146205 0.146223 0.100257 0.0473054 0.015952 0.00544293 0.00514861 0.00894786 0.0148934 0.0218871 0.0284706 0.0332143 0.0355366 0.0360468 0.0360435 0.0365651 0.0377499 0.0389006 0.0390388
 1.06718e-16 6.45625e-05 0.00062757 0.00417043 0.0189582 0.0589859 0.125676 0.183431 0.183444 0.12574 0.059201 0.0195799 0.0057333 0.00404654 0.00657948 0.0108335 0.0157416 0.0201062 0.0227645 0.0232164 0.021924 0.0199691 0.0183446 0.0174315 0.0169789 0.0164514
 1.04403e-16 5.80729e-05 0.000564489 0.00375123 0.0170526 0.053057 0.113044 0.164996 0.165019 0.113154 0.0534238 0.0181124 0.00641233 0.00637614 0.0111028 0.0182833 0.0263808 0.0332813 0.0368733 0.0361956 0.0320061 0.0262517 0.0208778 0.0169049 0.01431 0.0125117
 1.03016e-16 6.55708e-05 0.000637372 0.00423556 0.0192543 0.0599072 0.127639 0.186296 0.18631 0.127707 0.0601358 0.0199149 0.00589609 0.00426927 0.00698361 0.0114949 0.0166773 0.0212335 0.0238807 0.0240194 0.0220618 0.0190986 0.0161866 0.013831 0.0119686 0.0102957
 1.05095e-16 4.48531e-05 0.000435988 0.0028973 0.0131707 0.0409792 0.0873117 0.127441 0.127476 0.0874829 0.041554 0.0148313 0.00706696 0.00954262 0.0173525 0.0286494 0.041345 0.0521605 0.0577799 0.0566744 0.049997 0.040758 0.0319757 0.0252526 0.0206038 0.0172157
 1.10386e-16 4.26339e-05 0.000414416 0.00275394 0.012519 0.0389515 0.0829913 0.121134 0.121159 0.0831172 0.039375 0.013745 0.00584204 0.00719117 0.0130169 0.0217243 0.0319272 0.0414832 0.0482016 0.0510292 0.0505582 0.048368 0.0457888 0.043141 0.0399303 0.0355947
 1.12791e-16 5.00279e-05 0.000486289 0.00323156 0.0146902 0.0457068 0.0973839 0.142139 0.142159 0.0974805 0.0460316 0.0156302 0.0055982 0.00567669 0.00997911 0.016609 0.0243772 0.0316368 0.0367546 0.0390292 0.0390751 0.0382703 0.0377181 0.0375706 0.037146 0.0355704
 1.07191e-16 6.30452e-05 0.000612822 0.00407242 0.0185126 0.0575997 0.122723 0.17912 0.179134 0.12279 0.0578272 0.0191703 0.0057261 0.00423196 0.00696379 0.0114861 0.0167167 0.0214057 0.024334 0.0249739 0.0237982 0.0219176 0.0203375 0.0194214 0.0188854 0.0181758
 1.02359e-16 7.04805e-05 0.000685096 0.0045527 0.0206959 0.0643928 0.137196 0.200244 0.200255 0.137248 0.0645683 0.0212031 0.00582615 0.00346671 0.00535827 0.00876023 0.0126452 0.0159729 0.0177362 0.0174792 0.015564 0.0129155 0.0104509 0.00864116 0.00745842 0.00661365
 1.01619e-16 6.49418e-05 0.000631257 0.00419493 0.0190695 0.0593325 0.126415 0.18451 0.184527 0.1265 0.0596189 0.0198966 0.00627067 0.00516199 0.00866775 0.0142218 0.0204689 0.0257149 0.0282779 0.027381 0.0236098 0.0185107 0.0136655 0.00996194 0.00748014 0.00584636
 1.02288e-16 6.1108e-05 0.000593992 0.00394729 0.0179438 0.0558299 0.118952 0.173618 0.173638 0.119049 0.0561534 0.0188783 0.00629426 0.00572158 0.00981136 0.0161546 0.0233371 0.0294948 0.0327614 0.0322619 0.0286086 0.0234427 0.0184137 0.0144042 0.0114526 0.0091759
 1.03577e-16 5.76063e-05 0.000559954 0.00372109 0.0169156 0.0526307 0.112136 0.16367 0.163692 0.112242 0.0529857 0.0179416 0.00629879 0.00619467 0.0107812 0.0177905 0.0257581 0.0326756 0.0365258 0.0363663 0.0328572 0.0277486 0.022764 0.0187718 0.015731 0.0131837
 1.03128e-16 6.53969e-05 0.000635681 0.00422433 0.0192032 0.0597483 0.127301 0.185802 0.185816 0.127369 0.0599788 0.0198693 0.00589846 0.00429705 0.00703881 0.0115851 0.0168047 0.0213896 0.0240483 0.0241809 0.0222116 0.0192486 0.0163616 0.0140549 0.0122494 0.0106182
 1.00527e-16 7.8571e-05 0.000763738 0.00507531 0.0230716 0.0717843 0.152944 0.223227 0.223231 0.152962 0.0718425 0.0232396 0.00549708 0.0016849 0.0018293 0.0029032 0.00418248 0.00527635 0.00584493 0.00573344 0.0050586 0.00412504 0.00323827 0.00256043 0.00209298 0.00175332
 1.01368e-16 3.55977e-05 0.000346022 0.00229944 0.010453 0.0325233 0.0692963 0.101151 0.101203 0.0695511 0.0333784 0.0129216 0.00849153 0.0138484 0.0256349 0.0422075 0.0605257 0.0755387 0.082123 0.0779162 0.0647551 0.0475021 0.0312396 0.0189836 0.0112163 0.00685854
 1.01504e-16 7.57239e-05 0.000736063 0.0048914 0.0222356 0.0691832 0.147402 0.215139 0.215142 0.147419 0.0692398 0.0224 0.00530684 0.00165241 0.00184358 0.00299956 0.00447961 0.00597707 0.00722148 0.00806674 0.00853543 0.00873011 0.00869693 0.0083752 0.00767213 0.00657952
 1.02009e-16 5.44304e-05 0.000529083 0.00351595 0.015983 0.0497292 0.105954 0.15465 0.15468 0.106101 0.0502216 0.0174046 0.00708213 0.00830645 0.0148028 0.024328 0.0349064 0.043619 0.0475369 0.0453258 0.0380635 0.0285503 0.019681 0.0131238 0.00906331 0.00678745
 1.04165e-16 5.56848e-05 0.000541276 0.00359697 0.0163513 0.0508751 0.108396 0.158211 0.158232 0.108497 0.0512172 0.0173409 0.006086 0.00599173 0.0104563 0.0173261 0.0252493 0.0323636 0.0367814 0.0375871 0.035307 0.0314145 0.0273111 0.0236282 0.0202694 0.0169144
 1.03963e-16 6.40187e-05 0.000622284 0.0041353 0.0187985 0.0584891 0.124618 0.181886 0.181901 0.124689 0.058729 0.0194921 0.0058788 0.00443615 0.0073303 0.0120782 0.0175374 0.0223616 0.0252219 0.0255108 0.0236805 0.0208808 0.0181988 0.0161099 0.0144694 0.0128811
 1.02901e-16 6.44404e-05 0.000626383 0.00416254 0.0189223 0.0588744 0.125439 0.183085 0.183101 0.125519 0.0591427 0.0196975 0.00610922 0.00487869 0.00814832 0.01339 0.019333 0.0244197 0.0271084 0.0266921 0.0237103 0.0195606 0.0156356 0.01266 0.0106162 0.00910399
 1.06845e-16 3.0678e-05 0.000298201 0.00198166 0.00900835 0.0280286 0.0597196 0.0871724 0.0872199 0.0599516 0.0288079 0.01126 0.00763642 0.0126519 0.0235199 0.038906 0.0562092 0.0710332 0.0788992 0.0777235 0.0690178 0.0567768 0.0449979 0.0357932 0.0291904 0.0241656
 1.0649e-16 6.44806e-05 0.000626775 0.00416514 0.0189341 0.0589111 0.125517 0.183197 0.183205 0.125556 0.0590428 0.0193163 0.00513212 0.00276278 0.00419483 0.00702586 0.0105668 0.0142368 0.0174687 0.0199773 0.0218466 0.0232975 0.0243507 0.0247107 0.0239685 0.0219259
 1.05799e-16 5.60239e-05 0.000544573 0.00361888 0.0164509 0.051185 0.109056 0.159175 0.1592 0.109174 0.0515813 0.0175956 0.00649215 0.00681704 0.0119695 0.0197037 0.0283944 0.0357551 0.0395122 0.0386619 0.0340897 0.0279805 0.0224946 0.018727 0.0165589 0.015206
 1.0865e-16 4.11065e-05 0.00039957 0.00265528 0.0120705 0.0375561 0.0800185 0.116796 0.116829 0.0801799 0.0380984 0.0136385 0.00659697 0.00902406 0.0164786 0.0273291 0.0397195 0.0506922 0.0572384 0.0579477 0.053782 0.0472783 0.0408691 0.0356768 0.0314966 0.0275872
 1.06136e-16 6.45127e-05 0.000627086 0.00416721 0.0189435 0.0589404 0.125579 0.183289 0.183299 0.125631 0.059114 0.0194461 0.00543365 0.00340819 0.00539496 0.00894504 0.013182 0.0172176 0.0201868 0.0216938 0.0220033 0.0217522 0.0214298 0.0210647 0.0203253 0.0188617
 1.04831e-16 5.82705e-05 0.00056641 0.00376399 0.0171106 0.0532375 0.113429 0.165557 0.16558 0.113537 0.0536003 0.0181588 0.00639542 0.00631215 0.0109747 0.0180636 0.026048 0.0328334 0.0363347 0.0356174 0.0314611 0.0258277 0.0206659 0.0169797 0.0147018 0.0131858
 1.0879e-16 3.49381e-05 0.000339611 0.00225684 0.0102593 0.0319206 0.0680117 0.0992734 0.0993128 0.0682045 0.0325681 0.012131 0.00696094 0.0106278 0.0196301 0.0325439 0.0472202 0.0600991 0.0675514 0.0678788 0.0622578 0.0537961 0.0455122 0.03886 0.0336715 0.0290772
pSPR Fmed_Fpbrs
0.61658   0.208662 0.208662
Fs Fmed_Fpbrs
0.260253   1.005 1.005
SSBpbr Bo_Bmed_Bpbrs
1.84911e+06  1.04767e+06  293385 293385
Ro
169824
SPR SPRFo_SPRFmed_SPRFpbrs
1.20694e+06 744175 251843
Fref
1.005
log_Ro
11.8625
likeval ReclasPelacesDesembMPH_pf_preclas_ppelaces_ptallas_desvR_qrecl_qpela
 12.6654 17.7405 0.0529735 0.00260631 216.911 95.0211 69.5079 0 23.5206 0 0 0.270714 0 0 0
q_reclas_q_pelaces
1 1
M
1
N
 190813 43028.9 132435 8158.48 0.268035
 108426 62423.3 13700.8 42168.7 2597.83
 106134 32193.5 17640.8 3871.85 12651
 172396 31666.7 9152.57 5015.25 4697.42
 137432 46137.5 7875.28 2276.18 2415.47
 241018 45356.5 14850.2 2534.8 1510.09
 98652.3 72013.8 12917.3 4229.28 1151.97
 43589.9 22641.5 14823.9 2659 1107.72
 41793.8 14841.9 7572.87 4958.11 1259.85
 56190 11352.7 3759.26 1918.11 1574.93
 104687 13808.7 2542.07 841.764 782.151
 141468 35095.5 4531.13 834.145 532.866
 117756 34838.1 7878.67 1017.2 306.883
 82080.2 29694.6 8052.42 1821.06 306.047
 80082.9 15935 4974.83 1349.05 356.361
 461751 18947.2 3405.26 1063.11 364.44
 93312.1 121960 4636.29 833.251 349.314
 696514 27656.1 34389.6 1307.32 333.454
 412828 206674 7809.46 9710.85 463.317
 334354 111892 52205.9 1972.67 2569.99
 465564 94127.1 29614.9 13817.6 1202.33
 613180 139661 26938.8 8475.65 4298.63
 127484 173560 37212.1 7177.72 3403.65
 376456 40088.3 52637.6 11285.8 3209.14
 318850 120696 12451.5 16349.4 4502.15
 145975 102009 37390.1 3857.34 6459.56
 338071 47990.1 32677.7 11977.6 3304.93
 329047 109086 15023.9 10230.1 4784.37
 109656 107836 34809.5 4794.13 4791.14
pred_Ctot
 13484.4 3700.94 11390.8 701.716 0.0230539
 13453.9 9345.64 2051.21 6313.23 388.931
 12895.2 4721.46 2587.18 567.84 1855.38
 30475 6694.2 1934.81 1060.2 993.012
 9017.95 3687.66 629.453 181.93 193.063
 29101.6 6611.42 2164.65 369.488 220.12
 24366.6 21007.9 3768.26 1233.77 336.054
 2064.53 1310 857.687 153.846 64.0909
 7084.03 3012.17 1536.92 1006.25 255.687
 12183.2 2923.05 967.921 493.867 405.506
 5915.61 951.838 175.226 58.0233 53.9141
 30539.5 8998.36 1161.76 213.872 136.625
 24140.1 8498.68 1921.98 248.144 74.8636
 25792.5 10883.4 2951.29 667.437 112.169
 18721.8 4410.4 1376.91 373.381 98.6315
 84565.3 4145.04 744.963 232.574 79.7279
 11667.2 18396 699.323 125.685 52.6894
 86660.6 4151.51 5162.29 196.244 50.0554
 70421.9 42205.2 1594.78 1983.06 94.6144
 50707.1 20379.8 9508.74 359.3 468.096
 55226 13484 4242.44 1979.42 172.238
 91305.6 24987.8 4819.82 1516.44 769.101
 11853.2 19570.2 4195.95 809.342 383.787
 30921.6 4000.31 5252.57 1126.18 320.232
 26572.6 12217.5 1260.41 1654.98 455.734
 9903.78 8427.21 3088.89 318.664 533.64
 26543.9 4580.23 3118.8 1143.16 315.427
 22920.8 9249.91 1273.94 867.46 405.689
 7713.06 9232.19 2980.16 410.442 410.187
F
 0.117353 0.144415 0.144415 0.144415 0.144415
 0.214306 0.263726 0.263726 0.263726 0.263726
 0.209433 0.257729 0.257729 0.257729 0.257729
 0.318167 0.391537 0.391537 0.391537 0.391537
 0.108575 0.133613 0.133613 0.133613 0.133613
 0.208013 0.255982 0.255982 0.255982 0.255982
 0.471817 0.580619 0.580619 0.580619 0.580619
 0.0773712 0.0952132 0.0952133 0.0952133 0.0952133
 0.303293 0.373233 0.373233 0.373233 0.373233
 0.403442 0.496478 0.496478 0.496478 0.496478
 0.0929019 0.114325 0.114325 0.114325 0.114325
 0.401359 0.493914 0.493914 0.493914 0.493914
 0.377651 0.464739 0.464739 0.464739 0.464739
 0.639178 0.786575 0.786575 0.786575 0.786575
 0.441406 0.543196 0.543196 0.543196 0.543196
 0.331335 0.407742 0.407742 0.407742 0.407742
 0.216104 0.265938 0.265938 0.265938 0.265938
 0.214943 0.26451 0.26451 0.26451 0.26451
 0.305499 0.375948 0.375948 0.375948 0.375948
 0.267555 0.329254 0.329254 0.329254 0.329254
 0.20403 0.251079 0.251079 0.251079 0.251079
 0.262136 0.322585 0.322585 0.322585 0.322585
 0.156908 0.193091 0.193091 0.193091 0.193091
 0.137528 0.169243 0.169243 0.169243 0.169243
 0.139659 0.171865 0.171865 0.171865 0.171865
 0.11244 0.138368 0.138368 0.138368 0.138368
 0.131119 0.161355 0.161355 0.161355 0.161355
 0.115592 0.142248 0.142248 0.142248 0.142248
 0.116778 0.143707 0.143707 0.143707 0.143707
nmprior
 8 8 7 0
nm_flota  nm_reclas  nm_pelaces    nm_pelaL
inf 11.9607 15.8935 20.9576
cv_recla  cv_pelaces  cv_mph
0.337622 0.515856 1.5755
 ------------------------------------------------
Talla a la edad & desviación 
 8 13.2811 15.8009 17.003 17.5766
 0.8 1.32811 1.58009 1.7003 1.75766
