years
 1991 1992 1993 1994 1995 1996 1997 1998 1999 2000 2001 2002 2003 2004 2005 2006 2007 2008 2009 2010 2011 2012 2013 2014 2015 2016 2017 2018
reclasobs
 0 0 0 0 0 0 0 0 0 252601 567819 844713 477998 351125 339783 2.1784e+06 2.13404e+06 4.81314e+06 1.55562e+06 2.62356e+06 3.21686e+06 3.843e+06 1.13348e+06 3.07943e+06 1.97215e+06 2.03268e+06 2.025e+06 2.42433e+06
reclaspred
 3.2519e+06 2.44392e+06 1.86342e+06 2.03324e+06 2.12402e+06 2.44847e+06 2.04855e+06 2.88628e+06 3.02121e+06 3.20965e+06 2.35113e+06 2.36366e+06 2.17962e+06 2.04013e+06 2.1061e+06 2.14855e+06 2.24035e+06 2.59204e+06 1.49089e+06 1.09797e+06 1.75662e+06 1.10146e+06 1.3881e+06 2.09011e+06 1.84891e+06 2.22949e+06 2.40331e+06 2.01974e+06
pelacesobs
 0 0 0 0 0 0 0 0 0 0 0 0 0 0 0 552880 188675 0 991730 2.46772e+06 1.41603e+06 1.21717e+06 2.29649e+06 1.80582e+06 0 1.4828e+06 1.56532e+06 1.57751e+06
pelacespred
 1.49446e+06 1.21843e+06 915073 880565 996058 1.13267e+06 964387 1.49232e+06 1.65417e+06 1.64335e+06 1.34655e+06 1.13405e+06 1.1016e+06 1.1249e+06 1.16674e+06 1.02055e+06 1.02158e+06 1.12224e+06 732686 475739 691623 485005 638908 1.02723e+06 924387 1.08699e+06 1.30288e+06 1.1622e+06
mphobs
 0 0 0 0 0 0 0 0 0 0 0 498337 0 5186 125008 0 168611 109162 213762 579715 649985 157893 87575 83554 0 0 0 0
mphpred
 2.87982e+06 2.29599e+06 1.73037e+06 1.48756e+06 1.67596e+06 1.81518e+06 1.85867e+06 1.69962e+06 2.39171e+06 2.72806e+06 2.19373e+06 1.9812e+06 1.80099e+06 1.5885e+06 1.52904e+06 1.89156e+06 1.63403e+06 2.03192e+06 1.5259e+06 904137 1.07003e+06 1.11216e+06 768800 1.31644e+06 1.68388e+06 1.47674e+06 1.86395e+06 1.66545e+06
desembarqueobs
 494567 514787 250237 358949 120608 361735 552515 73892 212993 205616 52469 317467 293654 387597 252695 516296 358380 742168 942051 627588 828172 859565 418607 520667 417249 300574 407403 355545
desembarquepred
 493802 496288 259762 359029 120627 361798 552637 73904.4 213069 205696 52480.1 317657 293817 387853 252803 516507 358420 741707 940190 626483 827248 858035 418547 520703 417283 300619 407473 355585
Reclutas
 317265 317265 317265 317265 317265 317265 317265 317265 317265 317265 317265 317265 317265 317265 317265 317265 317265 317265 317265 317265 317265 317265 317265 317265 317265 317265 317265 317265
log_desv_Rt
 0 0 0 0 0 0 0 0 0 0 0 0 0 0 0 0 0 0 0 0 0 0 0 0 0 0 0 0
SSB
 2.87982e+06 2.29599e+06 1.73037e+06 1.48756e+06 1.67596e+06 1.81518e+06 1.85867e+06 1.69962e+06 2.39171e+06 2.72806e+06 2.19373e+06 1.9812e+06 1.80099e+06 1.5885e+06 1.52904e+06 1.89156e+06 1.63403e+06 2.03192e+06 1.5259e+06 904137 1.07003e+06 1.11216e+06 768800 1.31644e+06 1.68388e+06 1.47674e+06 1.86395e+06 1.66545e+06
BT
 4.21972e+06 3.69842e+06 2.58169e+06 2.77653e+06 2.77707e+06 3.57444e+06 3.09636e+06 4.95293e+06 5.12141e+06 4.6606e+06 3.69362e+06 3.35646e+06 3.39457e+06 3.91737e+06 3.95313e+06 3.25348e+06 3.26547e+06 3.78995e+06 3.13716e+06 2.01055e+06 2.90104e+06 2.25327e+06 2.56214e+06 3.88837e+06 2.93288e+06 3.67248e+06 4.43349e+06 3.97437e+06
Ftot
 0.144024 0.191826 0.132344 0.167236 0.05427 0.140268 0.253552 0.024528 0.0673495 0.0612044 0.021384 0.127667 0.12808 0.180026 0.11427 0.22648 0.151791 0.268531 0.575206 0.524709 0.436144 0.701275 0.28366 0.235045 0.212943 0.128198 0.160765 0.166932
BD_Bspro_t
 0.97722 0.859777 0.777268 0.767155 0.779845 0.830762 0.800366 0.749075 0.857897 0.888738 0.891583 0.913775 0.856742 0.815676 0.79914 0.813109 0.737974 0.770505 0.65591 0.504986 0.49588 0.487591 0.43131 0.597176 0.678408 0.698778 0.778758 0.781561
BD_Bspro
 1.28014 1.02062 0.769186 0.661251 0.744999 0.806883 0.826217 0.755519 1.06316 1.21268 0.975161 0.880683 0.800576 0.706122 0.679692 0.84084 0.726358 0.90323 0.678294 0.401908 0.47565 0.494379 0.341748 0.585184 0.748519 0.656444 0.828566 0.740327
BD_Bo
 1.20291 0.959042 0.72278 0.621357 0.700052 0.758203 0.77637 0.709937 0.999022 1.13952 0.916328 0.82755 0.752276 0.66352 0.638685 0.790111 0.682536 0.848737 0.637372 0.37766 0.446953 0.464553 0.32113 0.549879 0.70336 0.61684 0.778577 0.695662
BD_Brms
 5.14406 4.1012 3.09086 2.65714 2.99367 3.24234 3.32003 3.03594 4.27216 4.87296 3.91854 3.53889 3.217 2.83744 2.73124 3.37879 2.91876 3.6295 2.72562 1.61501 1.91133 1.98659 1.37326 2.35148 3.00781 2.63782 3.32947 2.97489
Sel_flota
 0.5 1 1 1 1
 0.5 1 1 1 1
 0.5 1 1 1 1
 0.5 1 1 1 1
 0.5 1 1 1 1
 0.5 1 1 1 1
 0.5 1 1 1 1
 0.5 1 1 1 1
 0.5 1 1 1 1
 0.5 1 1 1 1
 0.5 1 1 1 1
 0.5 1 1 1 1
 0.5 1 1 1 1
 0.5 1 1 1 1
 0.5 1 1 1 1
 0.5 1 1 1 1
 0.5 1 1 1 1
 0.5 1 1 1 1
 0.5 1 1 1 1
 0.5 1 1 1 1
 0.5 1 1 1 1
 0.5 1 1 1 1
 0.5 1 1 1 1
 0.5 1 1 1 1
 0.5 1 1 1 1
 0.5 1 1 1 1
 0.5 1 1 1 1
 0.5 1 1 1 1
Sel_reclas
 0.5 1 1 1 1
 0.5 1 1 1 1
 0.5 1 1 1 1
 0.5 1 1 1 1
 0.5 1 1 1 1
 0.5 1 1 1 1
 0.5 1 1 1 1
 0.5 1 1 1 1
 0.5 1 1 1 1
 0.5 1 1 1 1
 0.5 1 1 1 1
 0.5 1 1 1 1
 0.5 1 1 1 1
 0.5 1 1 1 1
 0.5 1 1 1 1
 0.5 1 1 1 1
 0.5 1 1 1 1
 0.5 1 1 1 1
 0.5 1 1 1 1
 0.5 1 1 1 1
 0.5 1 1 1 1
 0.5 1 1 1 1
 0.5 1 1 1 1
 0.5 1 1 1 1
 0.5 1 1 1 1
 0.5 1 1 1 1
 0.5 1 1 1 1
 0.5 1 1 1 1
Sel_pelaces
 0.5 1 1 1 1
 0.5 1 1 1 1
 0.5 1 1 1 1
 0.5 1 1 1 1
 0.5 1 1 1 1
 0.5 1 1 1 1
 0.5 1 1 1 1
 0.5 1 1 1 1
 0.5 1 1 1 1
 0.5 1 1 1 1
 0.5 1 1 1 1
 0.5 1 1 1 1
 0.5 1 1 1 1
 0.5 1 1 1 1
 0.5 1 1 1 1
 0.5 1 1 1 1
 0.5 1 1 1 1
 0.5 1 1 1 1
 0.5 1 1 1 1
 0.5 1 1 1 1
 0.5 1 1 1 1
 0.5 1 1 1 1
 0.5 1 1 1 1
 0.5 1 1 1 1
 0.5 1 1 1 1
 0.5 1 1 1 1
 0.5 1 1 1 1
 0.5 1 1 1 1
pf_obs 
 0.8446 0.082 0.0669 0.0065 0
 0.8095 0.147 0.0364 0.0071 0
 0.9664 0.0169 0.016 0.0007 0
 0.9276 0.0648 0.0075 0.0001 0
 0.7033 0.2144 0.0806 0.0017 0
 0.9318 0.0425 0.0243 0.0014 0
 0.5671 0.3108 0.0964 0.0239 0.0018
 0.0768 0.2599 0.5324 0.112 0.0189
 0.490249 0.384438 0.106611 0.0170017 0.00170017
 0.7925 0.1577 0.0466 0.003 0.0002
 0.840416 0.127587 0.0312969 0.00059994 9.999e-05
 0.8084 0.0986 0.0794 0.0134 0.0002
 0.7335 0.1905 0.0724 0.0035 0.0001
 0.4001 0.4547 0.1325 0.0127 0
 0.49795 0.308269 0.164784 0.0264974 0.00249975
 0.9179 0.0499 0.0305 0.0017 0
 0.2467 0.6533 0.0926 0.0074 0
 0.9418 0.0223 0.034 0.0019 0
 0.707729 0.231977 0.0356964 0.0245975 0
 0.517169 0.277429 0.184464 0.0207286 0.00020938
 0.811772 0.124168 0.05621 0.00726502 0.000585176
 0.764997 0.148141 0.077277 0.00933861 0.000247198
 0.163321 0.427699 0.378323 0.0303852 0.000271297
 0.753843 0.0900009 0.118128 0.0371064 0.000921714
 0.721811 0.176058 0.0630433 0.0369309 0.00215725
 0.143369 0.312575 0.442814 0.0836902 0.0175525
 0.692698 0.0596174 0.167031 0.0765114 0.00414204
 0.394062 0.376323 0.152708 0.0712218 0.00568511
pf_pred 
 0.424987 0.363477 0.133716 0.0491913 0.0286282
 0.479537 0.315749 0.129404 0.0476049 0.027705
 0.504011 0.327893 0.101979 0.0417939 0.0243231
 0.504927 0.336051 0.105128 0.032696 0.0211982
 0.5047 0.337727 0.106959 0.0334604 0.0171536
 0.492172 0.342443 0.11277 0.0357147 0.0169005
 0.506493 0.330109 0.110184 0.0362848 0.0169294
 0.516499 0.333064 0.100627 0.0335876 0.0162214
 0.487851 0.349657 0.111934 0.0338183 0.0167395
 0.484512 0.340336 0.119581 0.038281 0.0172905
 0.480396 0.341279 0.117733 0.0413671 0.019224
 0.478419 0.339251 0.119755 0.0413127 0.0212614
 0.493748 0.331974 0.113356 0.0400142 0.0209082
 0.501582 0.333687 0.108022 0.036885 0.0198237
 0.508598 0.334051 0.105345 0.0341024 0.0179029
 0.506628 0.336287 0.106785 0.0336753 0.0166244
 0.518994 0.330549 0.102553 0.0325648 0.0153392
 0.517487 0.334364 0.101809 0.0315862 0.0147544
 0.548321 0.315804 0.0941566 0.0286692 0.0130494
 0.598609 0.298417 0.071997 0.0214658 0.00951103
 0.599567 0.3115 0.066118 0.0159518 0.00686331
 0.598864 0.310356 0.0706186 0.0149893 0.0051723
 0.6168 0.301911 0.0628923 0.0143105 0.00408566
 0.560983 0.341555 0.0767874 0.0159959 0.00467885
 0.539049 0.337735 0.0958619 0.0215514 0.00580264
 0.52553 0.338585 0.099562 0.0282595 0.00806379
 0.51071 0.341045 0.105789 0.0311075 0.011349
 0.511266 0.335488 0.106816 0.0331331 0.0132974
pobs_RECLAS
 0 0 0 0 0
 0 0 0 0 0
 0 0 0 0 0
 0 0 0 0 0
 0 0 0 0 0
 0 0 0 0 0
 0 0 0 0 0
 0 0 0 0 0
 0 0 0 0 0
 0 0 0 0 0
 0.991045 0.00858322 0.000360255 1.14367e-05 0
 0.934742 0.0480273 0.0164251 0.00080598 0
 0.827803 0.169806 0.00239088 0 0
 0.941827 0.0461693 0.0120037 0 0
 0.791401 0.0380133 0.147996 0.0225897 0
 0.846168 0.0940531 0.0597789 0 0
 0.134021 0.677848 0.182769 0.00536245 0
 0.80878 0.0450904 0.141981 0.00414843 0
 0.846168 0.0940531 0.0597789 0 0
 0.905697 0.0802665 0.012482 0.00150086 5.37128e-05
 0.989698 0.0102097 9.19794e-05 0 0
 0.975433 0.0193895 0.00387452 0.00125025 5.28907e-05
 0.303575 0.632131 0.0575291 0.00676475 0
 0.966965 0.00978017 0.0227588 0.000495775 0
 0.843318 0.132988 0.00938335 0.0141283 0.000182051
 0.564624 0.303363 0.111486 0.0197234 0.00080311
 0.826376 0.0876187 0.0782897 0.00655872 0.00115652
 0.89761 0.0855135 0.0140674 0.00269457 0.000114338
ppred_RECLAS
 0.426581 0.36247 0.133345 0.049055 0.0285489
 0.481771 0.314394 0.128848 0.0474006 0.0275861
 0.505496 0.326911 0.101673 0.0416688 0.0242502
 0.506847 0.334747 0.10472 0.0325692 0.021116
 0.505278 0.337333 0.106834 0.0334214 0.0171336
 0.493754 0.341376 0.112419 0.0356034 0.0168478
 0.509564 0.328055 0.109499 0.0360591 0.0168241
 0.516755 0.332888 0.100574 0.0335698 0.0162128
 0.488575 0.349163 0.111776 0.0337705 0.0167158
 0.485166 0.339904 0.119429 0.0382324 0.0172686
 0.480619 0.341133 0.117683 0.0413494 0.0192158
 0.479846 0.338324 0.119427 0.0411997 0.0212033
 0.495182 0.331033 0.113035 0.0399009 0.020849
 0.503666 0.332292 0.10757 0.0367308 0.0197408
 0.509865 0.33319 0.105073 0.0340145 0.0178568
 0.509327 0.334448 0.106201 0.0334911 0.0165334
 0.520717 0.329365 0.102186 0.0324481 0.0152843
 0.520764 0.332093 0.101117 0.0313716 0.0146542
 0.556525 0.310068 0.0924465 0.0281485 0.0128124
 0.60568 0.29316 0.0707286 0.0210877 0.00934348
 0.60518 0.307133 0.0651912 0.0157282 0.00676711
 0.609132 0.302412 0.068811 0.0146056 0.00503991
 0.620102 0.29931 0.0623503 0.0141872 0.00405045
 0.563755 0.339399 0.0763026 0.0158949 0.00464931
 0.541549 0.335903 0.095342 0.0214345 0.00577116
 0.526961 0.337563 0.0992616 0.0281742 0.00803947
 0.512548 0.339764 0.105391 0.0309907 0.0113063
 0.513181 0.334173 0.106397 0.0330033 0.0132453
pobs_PELACES
 0 0 0 0 0
 0 0 0 0 0
 0 0 0 0 0
 0 0 0 0 0
 0 0 0 0 0
 0 0 0 0 0
 0 0 0 0 0
 0 0 0 0 0
 0 0 0 0 0
 0 0 0 0 0
 0 0 0 0 0
 0 0 0 0 0
 0 0 0 0 0
 0 0 0 0 0
 0 0 0 0 0
 0 0 0 0 0
 0.505614 0.472636 0.0217494 0 0
 0 0 0 0 0
 0.443492 0.261883 0.143347 0.151278 0
 0.227955 0.32914 0.350689 0.0885471 0.00366901
 0.970185 0.0296113 0.000203453 0 0
 0.997202 0.00247181 0.000326279 0 0
 0.445219 0.490057 0.0546422 0.010081 0
 0.90214 0.0892962 0.00764917 0.000914606 0
 0 0 0 0 0
 0.581667 0.319106 0.0959925 0.00289975 0.000334073
 0.762889 0.0836404 0.116647 0.0363945 0.000428098
 0.88444 0.0763242 0.0277011 0.0115352 0
ppred_PELACES
 0.432403 0.358789 0.131991 0.0485569 0.028259
 0.489677 0.309598 0.126882 0.0466775 0.0271652
 0.510954 0.323303 0.100551 0.0412089 0.0239826
 0.513743 0.330067 0.103256 0.0321138 0.0208207
 0.507516 0.335807 0.106351 0.0332702 0.0170561
 0.49954 0.337474 0.111134 0.0351965 0.0166553
 0.520013 0.321065 0.107165 0.0352908 0.0164656
 0.517765 0.332192 0.100364 0.0334996 0.0161789
 0.491352 0.347267 0.111169 0.0335871 0.0166251
 0.487689 0.338238 0.118844 0.0380451 0.017184
 0.481499 0.340555 0.117484 0.0412792 0.0191832
 0.485106 0.334903 0.11822 0.0407831 0.0209889
 0.500465 0.327569 0.111852 0.0394833 0.0206308
 0.511091 0.327322 0.105961 0.0361814 0.0194455
 0.514576 0.329988 0.104064 0.0336876 0.0176851
 0.518661 0.328085 0.104181 0.032854 0.0162189
 0.526964 0.325072 0.100854 0.0320252 0.015085
 0.53181 0.324439 0.0987865 0.0306486 0.0143164
 0.579806 0.29379 0.0875933 0.0266708 0.0121398
 0.626157 0.277936 0.0670557 0.0199926 0.00885827
 0.622238 0.293864 0.0623746 0.0150487 0.00647473
 0.636308 0.281386 0.0640267 0.0135901 0.0046895
 0.631064 0.290673 0.0605512 0.0137778 0.00393357
 0.573268 0.331997 0.0746387 0.0155483 0.00454792
 0.550259 0.329522 0.0935307 0.0210273 0.00566152
 0.532231 0.333803 0.0981559 0.0278603 0.00794991
 0.519173 0.335146 0.103959 0.0305695 0.0111527
 0.520059 0.329452 0.104894 0.032537 0.0130582
pobs_pel_tallas
 0 0 0 0 0 0 0 0 0 0 0 0 0 0 0 0 0 0 0 0 0 0 0 0 0 0
 0 0 0 0 0 0 0 0 0 0 0 0 0 0 0 0 0 0 0 0 0 0 0 0 0 0
 0 0 0 0 0 0 0 0 0 0 0 0 0 0 0 0 0 0 0 0 0 0 0 0 0 0
 0 0 0 0 0 0 0 0 0 0 0 0 0 0 0 0 0 0 0 0 0 0 0 0 0 0
 0 0 0 0 0 0 0 0 0 0 0 0 0 0 0 0 0 0 0 0 0 0 0 0 0 0
 0 0 0 0 0 0 0 0 0 0 0 0 0 0 0 0 0 0 0 0 0 0 0 0 0 0
 0 0 0 0 0 0 0 0 0 0 0 0 0 0 0 0 0 0 0 0 0 0 0 0 0 0
 0 0 0 0 0 0 0 0 0 0 0 0 0 0 0 0 0 0 0 0 0 0 0 0 0 0
 0 0 0 0 0 0 0 0 0 0 0 0 0 0 0 0 0 0 0 0 0 0 0 0 0 0
 0 0 0 0 0 0 0 0 0 0 0 0 0 0 0 0 0 0 0 0 0 0 0 0 0 0
 0 0 0 0 0 0 0 0 0 0 0 0 0 0 0 0 0 0 0 0 0 0 0 0 0 0
 0 0 0 0 0 0 0 0 0 0 0 0 0 0 0 0 0 0 0 0 0 0 0 0 0 0
 0.00862536 0 0 0.000197151 0.00414017 0.0128641 0.00837892 0.0270097 0.101434 0.158115 0.152841 0.127902 0.109271 0.109419 0.0830992 0.0579132 0.0238553 0.00714673 0.00463305 0.00128148 0.00103504 0.000492878 0.000147863 0.000147863 4.92878e-05 0
 0 0 0 0 0 0 0 0 0 0 0 0 0 0 0 0 0 0 0 0 0 0 0 0 0 0
 0 0 0 0 0 0 0 0.0054083 0.00873648 0.0413646 0.0450493 0.0745869 0.0622846 0.0627006 0.0613931 0.0827291 0.12552 0.122667 0.0946155 0.0697135 0.0546179 0.0294188 0.0215738 0.0213955 0.0102223 0.00600262
 0 0 0 0 0.00359764 0.0251062 0.0480494 0.140153 0.205849 0.193036 0.1447 0.116669 0.0760912 0.0342217 0.00950174 0.001854 0.000860785 0 0 0 0.000165536 0 0.000143464 0 0 0
 0 0 0 0 0 0 0 0.000145254 0.000435761 0.0275982 0.070085 0.0708112 0.156366 0.174668 0.174014 0.160142 0.0824315 0.0480064 0.0283245 0.00493863 0.00203355 0 0 0 0 0
 0 0 0 0 0 0 0 0 0 0 0 0 0 0 0 0 0 0 0 0 0 0 0 0 0 0
 0 0 1.00437e-05 0.000401748 0.00122533 0.00171747 0.00176769 0.0269171 0.070346 0.194647 0.189555 0.159765 0.064822 0.0314167 0.0384472 0.0292271 0.0345202 0.0313363 0.0194345 0.0106764 0.0143323 0.0359363 0.0279516 0.0138201 0.00172751 0
 0 0.0021121 0.0136068 0.0755702 0.200478 0.177729 0.0527432 0.0373336 0.0318909 0.0142505 0.0149659 0.0166563 0.0217959 0.0798694 0.0677717 0.0528807 0.04013 0.0224614 0.0357745 0.0225083 0.00881397 0.00855152 0.00135912 0.000746735 0 0
 0 0 0 0 5.4009e-05 0.00500934 0.000945158 0.0243581 0.138947 0.33067 0.221406 0.137944 0.0707744 0.0437923 0.0131692 0.00525238 0.0047753 0.00276346 9.45158e-05 9.00151e-06 2.25038e-05 9.00151e-06 4.50075e-06 0 0 0
 0.000866109 0.00284123 0.00948549 0.0512746 0.133035 0.25785 0.225252 0.132002 0.0553304 0.0519788 0.0540692 0.017754 0.00435017 0.00159236 0.00146478 0.000404838 0.000125132 0.000115318 0.000107957 0.000100596 0 0 0 0 0 0
 0 0 0 0 0.00144013 0.00171154 0.00461396 0.0210425 0.0478622 0.0707936 0.0888783 0.103762 0.0637923 0.0337046 0.0602308 0.124433 0.169614 0.0934646 0.0462172 0.0250306 0.0313229 0.00938855 0.002487 0.000210481 0 0
 0 0.00764035 0.051015 0.0998891 0.058973 0.0496711 0.0374665 0.0718981 0.12319 0.153886 0.159021 0.0857701 0.0377988 0.023471 0.0147837 0.00900784 0.00315554 0.000888139 0.00291439 0.00214683 0.00393193 0.00274676 0.000635225 9.99891e-05 0 0
 0 0 0 0 0 0 0 0 0 0 0 0 0 0 0 0 0 0 0 0 0 0 0 0 0 0
 0 0 0 0 0 0 0 0 0 0 0 0 0 0 0 0 0 0 0 0 0 0 0 0 0 0
 0 0 0 0 0 0 0 0 0 0 0 0 0 0 0 0 0 0 0 0 0 0 0 0 0 0
 0 0 0 0 0 0 0 0 0 0 0 0 0 0 0 0 0 0 0 0 0 0 0 0 0 0
ppred_pel_tallas
 1.13553e-16 3.56166e-05 0.000346206 0.00230066 0.0104585 0.0325404 0.0693321 0.1012 0.101234 0.0695019 0.0331108 0.0121078 0.00644783 0.0094235 0.0173462 0.0288092 0.0419457 0.0537058 0.0610021 0.0624389 0.0590972 0.0536541 0.0485738 0.0448233 0.0418866 0.038678
 1.13019e-16 4.03341e-05 0.000392062 0.00260539 0.0118438 0.0368505 0.0785149 0.114601 0.114631 0.0786615 0.0373431 0.0132686 0.00618918 0.0082399 0.0150172 0.0249542 0.0363987 0.0467438 0.0533576 0.055053 0.052747 0.0486897 0.0449097 0.0421302 0.039818 0.0369994
 1.11176e-16 4.20867e-05 0.000409098 0.0027186 0.0123584 0.0384517 0.0819265 0.119581 0.119612 0.0820793 0.038965 0.0138424 0.00644872 0.00856885 0.0155892 0.0258389 0.0375366 0.0478877 0.0540754 0.0548319 0.0511666 0.0455814 0.0404249 0.0366943 0.0340017 0.0313684
 1.09809e-16 4.23164e-05 0.00041133 0.00273344 0.0124258 0.0386615 0.0823736 0.120233 0.120265 0.0825296 0.0391855 0.0139406 0.00654068 0.00873895 0.0159065 0.026358 0.03827 0.0487741 0.0549708 0.0555364 0.0514747 0.0453293 0.0395197 0.0351265 0.031851 0.0288009
 1.09378e-16 4.18035e-05 0.000406345 0.00270031 0.0122752 0.0381929 0.0813753 0.118776 0.118809 0.081534 0.0387261 0.0138165 0.00657405 0.00887958 0.0161838 0.0268203 0.0389425 0.049632 0.055935 0.0564969 0.0523264 0.0459974 0.0399614 0.0353197 0.0317872 0.0284903
 1.09642e-16 4.11465e-05 0.000399959 0.00265787 0.0120823 0.0375927 0.0800965 0.11691 0.116943 0.080256 0.0381287 0.0136317 0.00655251 0.00892003 0.0162757 0.0269828 0.0391991 0.0500019 0.0564315 0.0571293 0.053101 0.0469108 0.0409901 0.0364124 0.0328699 0.0294835
 1.09501e-16 4.28329e-05 0.000416351 0.0027668 0.0125775 0.0391334 0.083379 0.121701 0.121732 0.0835308 0.0396433 0.0140518 0.00647278 0.00852422 0.0154935 0.0256845 0.0373229 0.0476306 0.0537984 0.054539 0.0508101 0.0450457 0.0395444 0.0353076 0.0320208 0.0288316
 1.09079e-16 4.26477e-05 0.000414551 0.00275484 0.0125231 0.0389642 0.0830186 0.121175 0.121207 0.0831755 0.0394915 0.0140472 0.00658518 0.00879169 0.0159982 0.0265018 0.0384598 0.0489754 0.0551194 0.0555508 0.0512784 0.0448714 0.0387854 0.034137 0.0306571 0.0274745
 1.09479e-16 4.04721e-05 0.000393403 0.0026143 0.0118843 0.0369765 0.0787836 0.114994 0.115028 0.0789478 0.0375279 0.0134782 0.00662054 0.00915661 0.0167353 0.0277398 0.04028 0.0513402 0.0578645 0.058448 0.0541273 0.0475562 0.0412642 0.0363907 0.0326507 0.0291577
 1.1024e-16 4.01704e-05 0.00039047 0.00259481 0.0117957 0.0367009 0.0781963 0.114137 0.114169 0.0783562 0.0372383 0.0133495 0.00650121 0.00893831 0.0163337 0.0270966 0.0394016 0.0503379 0.0569562 0.0579023 0.0541722 0.0482999 0.0426655 0.0382849 0.0348059 0.0313356
 1.10864e-16 3.96605e-05 0.000385515 0.00256188 0.011646 0.0362351 0.0772039 0.112688 0.112721 0.0773649 0.0367761 0.0132103 0.00649463 0.00899084 0.0164423 0.0272771 0.039663 0.0506719 0.0573398 0.0583136 0.0546109 0.0487976 0.0432768 0.0390619 0.0357692 0.0324576
 1.1114e-16 3.99576e-05 0.000388402 0.00258107 0.0117332 0.0365065 0.0777821 0.113532 0.113564 0.0779405 0.0370386 0.0132719 0.00644964 0.00885407 0.0161787 0.0268443 0.039048 0.0499167 0.0565435 0.0576031 0.0540957 0.0485347 0.0432653 0.0392606 0.0361212 0.0329061
 1.10763e-16 4.12227e-05 0.0004007 0.00266279 0.0121047 0.0376623 0.0802448 0.117126 0.117158 0.0803996 0.0381827 0.0136093 0.00644527 0.00867703 0.0158162 0.0262324 0.0381413 0.0487237 0.0551302 0.0560637 0.0525107 0.0469489 0.0416982 0.0377342 0.0346789 0.0316071
 1.10061e-16 4.20979e-05 0.000409207 0.00271933 0.0123617 0.0384619 0.0819484 0.119613 0.119644 0.0821031 0.0389817 0.0138644 0.00649651 0.00867223 0.0157866 0.0261683 0.038016 0.0484961 0.0547445 0.0554551 0.051619 0.0457391 0.0401799 0.0359723 0.0327856 0.0297198
 1.09459e-16 4.2385e-05 0.000411997 0.00273787 0.012446 0.0387242 0.0825072 0.120428 0.12046 0.0826632 0.0392481 0.0139605 0.00654448 0.00873839 0.0159047 0.0263561 0.0382695 0.0487777 0.0549806 0.0555512 0.0514858 0.0453177 0.0394563 0.0349781 0.0315905 0.0284188
 1.0913e-16 4.27215e-05 0.000415268 0.00275961 0.0125448 0.0390317 0.0831622 0.121384 0.121416 0.0833173 0.0395525 0.0140506 0.00654439 0.00869397 0.0158143 0.0262056 0.038051 0.0484982 0.0546617 0.0552175 0.0511502 0.0449721 0.0390758 0.0345352 0.0310711 0.0278318
 1.08759e-16 4.34054e-05 0.000421916 0.00280378 0.0127456 0.0396565 0.0844935 0.123327 0.123359 0.0846471 0.0401725 0.0142373 0.00655285 0.00862185 0.015663 0.0259478 0.0376644 0.0479797 0.0540284 0.0544953 0.0503581 0.0441161 0.0381571 0.0335646 0.0300789 0.0268644
 1.08431e-16 4.38045e-05 0.000425796 0.00282956 0.0128628 0.0400211 0.0852704 0.124461 0.124493 0.0854237 0.0405361 0.0143513 0.00657051 0.00860735 0.0156266 0.025882 0.0375576 0.0478194 0.0538015 0.0541864 0.0499503 0.0435958 0.0375216 0.0328297 0.0292804 0.0260526
 1.07333e-16 4.77579e-05 0.000464224 0.00308493 0.0140237 0.043633 0.0929658 0.135692 0.135721 0.0931046 0.0440993 0.0153713 0.00647167 0.00787054 0.0141523 0.0234227 0.0339771 0.0432373 0.0486012 0.0488717 0.0449333 0.0390598 0.0334385 0.0290867 0.0258056 0.0228639
 1.05511e-16 5.15758e-05 0.000501335 0.00333155 0.0151448 0.0471211 0.100397 0.146539 0.146566 0.100529 0.0475616 0.0164177 0.00652927 0.00748991 0.0133476 0.0220467 0.0319006 0.040427 0.0451265 0.0448483 0.0404512 0.0341608 0.028164 0.0235527 0.0202369 0.0175587
 1.04481e-16 5.1253e-05 0.000498198 0.0033107 0.01505 0.0468262 0.0997692 0.145622 0.14565 0.0999078 0.0472916 0.0163947 0.0066879 0.00787634 0.0140804 0.0232405 0.0335771 0.0424416 0.0471629 0.0465042 0.0413763 0.0341695 0.027268 0.0219186 0.0181132 0.0152114
 1.04077e-16 5.24119e-05 0.000509462 0.00338556 0.0153903 0.047885 0.102025 0.148914 0.148941 0.102158 0.0483307 0.0166783 0.00662074 0.00757822 0.0134959 0.0222771 0.0321996 0.0407298 0.0453119 0.0447569 0.0399216 0.0330705 0.0264603 0.0212687 0.0174927 0.0145462
 1.0387e-16 5.198e-05 0.000505264 0.00335766 0.0152634 0.0474904 0.101184 0.147687 0.147715 0.101321 0.0479507 0.0165934 0.00669755 0.00780139 0.0139237 0.0229757 0.0331842 0.0419222 0.0465396 0.0458051 0.0406143 0.0333326 0.026329 0.020857 0.0169359 0.0139604
 1.04568e-16 4.72194e-05 0.000458989 0.00305015 0.0138655 0.043141 0.0919177 0.134163 0.134195 0.0920743 0.043667 0.0153852 0.0068668 0.00879794 0.0159054 0.026275 0.0379736 0.0480203 0.0533967 0.0526965 0.0469296 0.0387705 0.0308888 0.0246854 0.020169 0.0166587
 1.05851e-16 4.53242e-05 0.000440567 0.00292772 0.013309 0.0414095 0.0882285 0.128779 0.128811 0.0883841 0.0419322 0.0148197 0.00672343 0.00873897 0.0158418 0.026213 0.0379787 0.0482253 0.0539977 0.0539161 0.0489492 0.0416561 0.034544 0.028855 0.0244972 0.0207776
 1.07058e-16 4.38392e-05 0.000426133 0.0028318 0.012873 0.0400528 0.085338 0.12456 0.124592 0.0854956 0.0405825 0.0144039 0.00667877 0.00883808 0.0160609 0.026591 0.0385561 0.0490235 0.055021 0.0551698 0.0504596 0.04347 0.0367015 0.0313494 0.0272477 0.0236327
 1.08039e-16 4.27636e-05 0.000415678 0.00276233 0.0125572 0.0390701 0.0832443 0.121504 0.121537 0.0834026 0.0396021 0.0140949 0.00662711 0.00886827 0.0161422 0.026741 0.0388055 0.0494088 0.0555848 0.0559623 0.0515345 0.0448701 0.0384371 0.0333802 0.0294783 0.0259269
 1.08585e-16 4.28367e-05 0.000416388 0.00276704 0.0125786 0.0391369 0.0833864 0.121712 0.121743 0.0835421 0.0396599 0.0140907 0.00656747 0.00872918 0.0158789 0.0263113 0.0382007 0.0486794 0.0548439 0.0553565 0.0511964 0.0448792 0.0388068 0.0340682 0.0304067 0.0269997
pSPR Fmed_Fpbrs
0.775033   0.283844 0.283844
Fs Fmed_Fpbrs
0.157878   1.005 1.005
SSBpbr Bo_Bmed_Bpbrs
2.39405e+06  1.73576e+06  559835 559835
Ro
317265
SPR SPRFo_SPRFmed_SPRFpbrs
2.24961e+06 1.74352e+06 638540
Fref
1.005
log_Ro
12.4875
likeval ReclasPelacesDesembMPH_pf_preclas_ppelaces_ptallas_desvR_qrecl_qpela
 120.038 53.1605 13.7557 0.00375473 231.757 115.492 66.4188 0 0 0 0 69.0583 0 0 0
q_reclas_q_pelaces
1 1
M
1
N
 317265 139734 51405.1 18910.9 11005.7
 317265 108606 44509.9 16374.3 9529.46
 317265 106041 32979.9 13516.2 7866.09
 317265 109242 34174.5 10628.7 6891.01
 317265 107353 33998.9 10636 5452.58
 317265 113591 37406.7 11846.8 5606.01
 317265 108810 36318.7 11960.2 5580.25
 317265 102818 31064 10368.6 5007.59
 317265 115293 36908.2 11150.9 5519.53
 317265 112850 39651.3 12693.4 5733.28
 317265 113198 39050.6 13720.9 6376.35
 317265 115474 40762 14062 7236.94
 317265 109498 37389.1 13198.2 6896.33
 317265 109475 35439.4 12101.1 6503.69
 317265 106668 33638.5 10889.5 5716.71
 317265 110234 35003.7 11038.6 5449.4
 317265 104219 32334.1 10267.4 4836.32
 317265 108185 32940.6 10219.8 4773.83
 317265 102051 30426.4 9264.36 4216.89
 317265 87543.4 21121 6297.2 2790.15
 317265 89781.8 19056.8 4597.7 1978.17
 317265 93846.9 21354 4532.53 1564.03
 317265 82195.4 17122.4 3896.05 1112.32
 317265 101282 22769.9 4743.28 1387.43
 317265 103774 29455 6621.98 1782.94
 317265 104927 30854.2 8757.58 2498.96
 317265 109469 33956.1 9984.89 3642.79
 317265 107701 34290.6 10636.6 4268.82
pred_Ctot
 14016.6 11988 4410.13 1622.39 944.196
 18486.1 12172.1 4988.49 1835.16 1068.02
 12910.9 8399.44 2612.32 1070.61 623.069
 16198 10780.5 3372.48 1048.88 680.034
 5380.7 3600.57 1140.31 356.727 182.878
 13661.7 9505.49 3130.26 991.364 469.122
 24127.9 15725.4 5248.86 1728.51 806.47
 2446.98 1577.93 476.735 159.125 76.8507
 6659.36 4772.95 1527.95 461.632 228.5
 6059.48 4256.36 1495.52 478.756 216.242
 2134.72 1516.53 523.169 183.822 85.4254
 12466.7 8840.26 3120.59 1076.53 554.034
 12506 8408.46 2871.15 1013.51 529.577
 17391 11569.7 3745.36 1278.89 687.332
 11189.4 7349.31 2317.65 750.272 393.874
 21671.3 14384.8 4567.78 1440.48 711.115
 14748.9 9393.6 2914.37 925.432 435.912
 25475.4 16460.4 5011.94 1554.96 726.344
 51311.3 29552.6 8811.07 2682.83 1221.15
 47277.7 23568.8 5686.27 1695.36 751.174
 39998.7 20780.9 4410.9 1064.19 457.869
 61026.2 31626.3 7196.26 1527.46 527.074
 26827.8 13131.7 2735.51 622.44 177.706
 22451.4 13669.6 3073.16 640.181 187.255
 20432.5 12801.7 3633.61 816.898 219.947
 12517.2 8064.51 2371.4 673.092 192.066
 15592 10412.1 3229.73 949.714 346.485
 16169.6 10610.3 3378.21 1047.89 420.552
F
 0.0720122 0.144024 0.144024 0.144024 0.144024
 0.0959131 0.191826 0.191826 0.191826 0.191826
 0.0661718 0.132344 0.132344 0.132344 0.132344
 0.0836179 0.167236 0.167236 0.167236 0.167236
 0.027135 0.05427 0.05427 0.05427 0.05427
 0.0701341 0.140268 0.140268 0.140268 0.140268
 0.126776 0.253552 0.253552 0.253552 0.253552
 0.012264 0.024528 0.024528 0.024528 0.024528
 0.0336748 0.0673495 0.0673495 0.0673495 0.0673495
 0.0306022 0.0612044 0.0612044 0.0612044 0.0612044
 0.010692 0.021384 0.021384 0.021384 0.021384
 0.0638336 0.127667 0.127667 0.127667 0.127667
 0.0640402 0.12808 0.12808 0.12808 0.12808
 0.090013 0.180026 0.180026 0.180026 0.180026
 0.057135 0.11427 0.11427 0.11427 0.11427
 0.11324 0.22648 0.22648 0.22648 0.22648
 0.0758956 0.151791 0.151791 0.151791 0.151791
 0.134266 0.268531 0.268531 0.268531 0.268531
 0.287603 0.575206 0.575206 0.575206 0.575206
 0.262355 0.524709 0.524709 0.524709 0.524709
 0.218072 0.436144 0.436144 0.436144 0.436144
 0.350638 0.701275 0.701275 0.701275 0.701275
 0.14183 0.28366 0.28366 0.28366 0.28366
 0.117523 0.235045 0.235045 0.235045 0.235045
 0.106472 0.212943 0.212943 0.212943 0.212943
 0.0640991 0.128198 0.128198 0.128198 0.128198
 0.0803827 0.160765 0.160765 0.160765 0.160765
 0.0834661 0.166932 0.166932 0.166932 0.166932
nmprior
 8 8 7 0
nm_flota  nm_reclas  nm_pelaces    nm_pelaL
inf 3.65784 6.89612 6.89612
cv_recla  cv_pelaces  cv_mph
1.06639 0.932683 1.89101
 ------------------------------------------------
Talla a la edad & desviación 
 8 13.2811 15.8009 17.003 17.5766
 0.8 1.32811 1.58009 1.7003 1.75766
