    unsorted:	 7.369765364e-05 0.001099920588 0.02876523185 0.6047890897 1.051335455 3.507366062 9.474378951 17.87477731 14.08088611 70.56995154 138.5767187 181.7548858 208.0843216 238.5774006 487.2684249 519.4191602 625.5217303 785.0807651 864.5669921 875.1977522 943.0984517 974.1094243 1117.963457 1129.982650 1323.321732 1351.455876 1445.825060 1547.119796 1818.086104 1878.673287 1990.365563 2309.891884 2306.722727 2354.650253 2272.300060 2503.712829 2668.508707 3346.892863 3493.277461 4675.901719 10954.46443 42000.97868 181720.3850 387581.2373 388605.4119 416194.0687 377598.3242 331023.5011 468194.5678 454825.7685 488808.1611 520038.3317 617584.8276 677202.7287 683357.0922 720000.8265 771939.5613 1034567.229 1097291.565 1211346.525 1253282.125 1542899.424 1704330.331 1906952.409 2200489.820 2526735.734 2486726.443 2784471.051 3217426.650 37768545.03
      sorted:	 7.369765364e-05 0.001099920588 0.02876523185 0.6047890897 1.051335455 3.507366062 9.474378951 14.08088611 17.87477731 70.56995154 138.5767187 181.7548858 208.0843216 238.5774006 487.2684249 519.4191602 625.5217303 785.0807651 864.5669921 875.1977522 943.0984517 974.1094243 1117.963457 1129.982650 1323.321732 1351.455876 1445.825060 1547.119796 1818.086104 1878.673287 1990.365563 2272.300060 2306.722727 2309.891884 2354.650253 2503.712829 2668.508707 3346.892863 3493.277461 4675.901719 10954.46443 42000.97868 181720.3850 331023.5011 377598.3242 387581.2373 388605.4119 416194.0687 454825.7685 468194.5678 488808.1611 520038.3317 617584.8276 677202.7287 683357.0922 720000.8265 771939.5613 1034567.229 1097291.565 1211346.525 1253282.125 1542899.424 1704330.331 1906952.409 2200489.820 2486726.443 2526735.734 2784471.051 3217426.650 37768545.03
