years
 1991 1992 1993 1994 1995 1996 1997 1998 1999 2000 2001 2002 2003 2004 2005 2006 2007 2008 2009 2010 2011 2012 2013 2014 2015 2016
reclasobs
 0 0 0 0 0 0 0 0 0 252601 567819 844713 477998 351125 339783 2.1784e+06 2.13404e+06 4.81314e+06 1.55562e+06 2.62356e+06 3.21686e+06 3.843e+06 1.13348e+06 3.07943e+06 1.97215e+06 2.03268e+06
reclaspred
 3.22901e+06 2.42462e+06 1.84787e+06 2.0163e+06 2.10685e+06 2.42928e+06 2.03109e+06 2.8634e+06 2.99854e+06 3.18604e+06 2.33414e+06 2.34633e+06 2.16283e+06 2.02388e+06 2.08958e+06 2.13051e+06 2.22129e+06 2.56933e+06 1.47468e+06 1.08452e+06 1.73446e+06 1.0859e+06 1.37148e+06 2.069e+06 1.83095e+06 2.21012e+06
pelacesobs
 0 0 0 0 0 0 0 0 0 0 0 0 0 0 0 552880 188675 0 991730 2.46772e+06 1.41603e+06 1.21717e+06 2.29649e+06 1.80582e+06 0 1.4828e+06
pelacespred
 1.48345e+06 1.20822e+06 906970 872702 987677 1.12329e+06 955387 1.48039e+06 1.64145e+06 1.63092e+06 1.33664e+06 1.12533e+06 1.09274e+06 1.11549e+06 1.15725e+06 1.01136e+06 1.01229e+06 1.1115e+06 723367 468802 682183 476513 630565 1.01627e+06 914523 1.07698e+06
mphobs
 0 0 0 0 0 0 0 0 0 0 0 498337 0 5186 125008 0 168611 109162 213762 579715 649985 157893 87575 83554 0 0
mphpred
 2.86042e+06 2.27845e+06 1.71585e+06 1.47488e+06 1.66179e+06 1.80071e+06 1.84327e+06 1.68459e+06 2.37323e+06 2.70776e+06 2.17748e+06 1.96688e+06 1.78712e+06 1.57566e+06 1.51642e+06 1.87618e+06 1.61942e+06 2.0144e+06 1.51039e+06 892393 1.05562e+06 1.09667e+06 756704 1.30124e+06 1.66691e+06 1.46242e+06
desembarqueobs
 494567 514787 250237 358949 120608 361735 552515 73892 212993 205616 52469 317467 293654 387597 252695 516296 358380 742168 942051 627588 828172 859565 418607 520667 417249 300574
desembarquepred
 493790 496132 259670 359046 120632 361814 552665 73907.2 213078 205705 52482.1 317671 293831 387871 252813 516529 358434 741727 940191 626485 827255 858030 418559 520719 417298 300617
Reclutas
 315177 315177 315177 315177 315177 315177 315177 315177 315177 315177 315177 315177 315177 315177 315177 315177 315177 315177 315177 315177 315177 315177 315177 315177 315177 315177
log_desv_Rt
 0 0 0 0 0 0 0 0 0 0 0 0 0 0 0 0 0 0 0 0 0 0 0 0 0 0
SSB
 2.86042e+06 2.27845e+06 1.71585e+06 1.47488e+06 1.66179e+06 1.80071e+06 1.84327e+06 1.68459e+06 2.37323e+06 2.70776e+06 2.17748e+06 1.96688e+06 1.78712e+06 1.57566e+06 1.51642e+06 1.87618e+06 1.61942e+06 2.0144e+06 1.51039e+06 892393 1.05562e+06 1.09667e+06 756704 1.30124e+06 1.66691e+06 1.46242e+06
BT
 4.19196e+06 3.67178e+06 2.56129e+06 2.75517e+06 2.75521e+06 3.54827e+06 3.07289e+06 4.91587e+06 5.08469e+06 4.62738e+06 3.66724e+06 3.3332e+06 3.37016e+06 3.88914e+06 3.92432e+06 3.22919e+06 3.23976e+06 3.76084e+06 3.11134e+06 1.99106e+06 2.87382e+06 2.22987e+06 2.53714e+06 3.85542e+06 2.9071e+06 3.64311e+06
Ftot
 0.14503 0.193268 0.133399 0.16863 0.0547126 0.14137 0.255697 0.0247246 0.067859 0.0616584 0.0215403 0.128606 0.12907 0.18146 0.115171 0.228371 0.153084 0.270855 0.581178 0.530926 0.441514 0.710626 0.28704 0.23741 0.215003 0.129311
BD_Bspro_t
 0.977062 0.85886 0.77585 0.765652 0.778371 0.8296 0.798992 0.747365 0.856908 0.887968 0.890839 0.913183 0.855776 0.814443 0.797792 0.811839 0.736224 0.768921 0.653544 0.501728 0.492442 0.483985 0.427336 0.594191 0.676022 0.696582
BD_Bspro
 1.28049 1.01997 0.768113 0.66024 0.743912 0.806101 0.825155 0.754118 1.0624 1.21215 0.974767 0.880491 0.800019 0.705357 0.678838 0.839889 0.724948 0.901762 0.676139 0.399487 0.472556 0.490935 0.338745 0.582511 0.746207 0.654663
BD_Bo
 1.2032 0.958408 0.721754 0.620391 0.699013 0.757449 0.775353 0.708604 0.998275 1.13899 0.915935 0.827349 0.751733 0.662785 0.637867 0.789198 0.681194 0.847336 0.635331 0.375376 0.444035 0.461304 0.3183 0.547353 0.70117 0.615151
BD_Brms
 5.18712 4.13178 3.11154 2.67456 3.0135 3.26543 3.34261 3.05485 4.30365 4.91028 3.94867 3.56677 3.24079 2.85733 2.7499 3.4023 2.93668 3.65294 2.73897 1.61828 1.91427 1.98872 1.37222 2.35969 3.0228 2.65197
Sel_flota
 0.5 1 1 1 1
 0.5 1 1 1 1
 0.5 1 1 1 1
 0.5 1 1 1 1
 0.5 1 1 1 1
 0.5 1 1 1 1
 0.5 1 1 1 1
 0.5 1 1 1 1
 0.5 1 1 1 1
 0.5 1 1 1 1
 0.5 1 1 1 1
 0.5 1 1 1 1
 0.5 1 1 1 1
 0.5 1 1 1 1
 0.5 1 1 1 1
 0.5 1 1 1 1
 0.5 1 1 1 1
 0.5 1 1 1 1
 0.5 1 1 1 1
 0.5 1 1 1 1
 0.5 1 1 1 1
 0.5 1 1 1 1
 0.5 1 1 1 1
 0.5 1 1 1 1
 0.5 1 1 1 1
 0.5 1 1 1 1
Sel_reclas
 0.5 1 1 1 1
 0.5 1 1 1 1
 0.5 1 1 1 1
 0.5 1 1 1 1
 0.5 1 1 1 1
 0.5 1 1 1 1
 0.5 1 1 1 1
 0.5 1 1 1 1
 0.5 1 1 1 1
 0.5 1 1 1 1
 0.5 1 1 1 1
 0.5 1 1 1 1
 0.5 1 1 1 1
 0.5 1 1 1 1
 0.5 1 1 1 1
 0.5 1 1 1 1
 0.5 1 1 1 1
 0.5 1 1 1 1
 0.5 1 1 1 1
 0.5 1 1 1 1
 0.5 1 1 1 1
 0.5 1 1 1 1
 0.5 1 1 1 1
 0.5 1 1 1 1
 0.5 1 1 1 1
 0.5 1 1 1 1
Sel_pelaces
 0.5 1 1 1 1
 0.5 1 1 1 1
 0.5 1 1 1 1
 0.5 1 1 1 1
 0.5 1 1 1 1
 0.5 1 1 1 1
 0.5 1 1 1 1
 0.5 1 1 1 1
 0.5 1 1 1 1
 0.5 1 1 1 1
 0.5 1 1 1 1
 0.5 1 1 1 1
 0.5 1 1 1 1
 0.5 1 1 1 1
 0.5 1 1 1 1
 0.5 1 1 1 1
 0.5 1 1 1 1
 0.5 1 1 1 1
 0.5 1 1 1 1
 0.5 1 1 1 1
 0.5 1 1 1 1
 0.5 1 1 1 1
 0.5 1 1 1 1
 0.5 1 1 1 1
 0.5 1 1 1 1
 0.5 1 1 1 1
pf_obs 
 0.8446 0.082 0.0669 0.0065 0
 0.8095 0.147 0.0364 0.0071 0
 0.9664 0.0169 0.016 0.0007 0
 0.9276 0.0648 0.0075 0.0001 0
 0.7033 0.2144 0.0806 0.0017 0
 0.9318 0.0425 0.0243 0.0014 0
 0.5671 0.3108 0.0964 0.0239 0.0018
 0.0768 0.2599 0.5324 0.112 0.0189
 0.490249 0.384438 0.106611 0.0170017 0.00170017
 0.7925 0.1577 0.0466 0.003 0.0002
 0.840416 0.127587 0.0312969 0.00059994 9.999e-05
 0.8084 0.0986 0.0794 0.0134 0.0002
 0.7335 0.1905 0.0724 0.0035 0.0001
 0.4001 0.4547 0.1325 0.0127 0
 0.49795 0.308269 0.164784 0.0264974 0.00249975
 0.9179 0.0499 0.0305 0.0017 0
 0.2467 0.6533 0.0926 0.0074 0
 0.9418 0.0223 0.034 0.0019 0
 0.707729 0.231977 0.0356964 0.0245975 0
 0.517169 0.277429 0.184464 0.0207286 0.00020938
 0.811772 0.124168 0.05621 0.00726502 0.000585176
 0.764997 0.148141 0.077277 0.00933861 0.000247198
 0.163321 0.427699 0.378323 0.0303852 0.000271297
 0.753843 0.0900009 0.118128 0.0371064 0.000921714
 0.721811 0.176058 0.0630433 0.0369309 0.00215725
 0.143369 0.312575 0.442814 0.0836902 0.0175525
pf_pred 
 0.425036 0.363446 0.133704 0.0491871 0.0286257
 0.479783 0.315663 0.129303 0.0475679 0.0276834
 0.504364 0.327817 0.10183 0.0417122 0.0242755
 0.505267 0.336006 0.104983 0.0326109 0.0211324
 0.505038 0.337687 0.106816 0.0333738 0.0170849
 0.492403 0.342452 0.11267 0.0356392 0.0168356
 0.506839 0.330014 0.110068 0.0362132 0.016866
 0.516935 0.332975 0.100437 0.0334982 0.0161542
 0.488045 0.349725 0.111825 0.0337305 0.0166751
 0.484677 0.340334 0.119538 0.0382225 0.0172289
 0.480529 0.341285 0.117679 0.0413332 0.0191737
 0.478537 0.339244 0.119716 0.0412793 0.0212246
 0.49398 0.331907 0.113271 0.0399721 0.0208696
 0.501878 0.333624 0.107897 0.0368223 0.0197785
 0.508952 0.333984 0.105196 0.0340214 0.017847
 0.506967 0.336236 0.106644 0.0335902 0.0165621
 0.519445 0.330438 0.102376 0.0324705 0.0152701
 0.517928 0.334283 0.101622 0.0314843 0.014682
 0.549054 0.315527 0.093904 0.0285468 0.0129687
 0.599894 0.297835 0.071559 0.0212967 0.0094154
 0.60094 0.310937 0.0655976 0.0157607 0.00676428
 0.60029 0.309771 0.0700783 0.0147842 0.00507664
 0.618509 0.30114 0.0622715 0.0140874 0.00399252
 0.561964 0.341417 0.0762693 0.0157714 0.00457909
 0.539755 0.337641 0.0955604 0.0213473 0.00569599
 0.52609 0.338521 0.0993232 0.0281108 0.00795527
pobs_RECLAS
 0 0 0 0 0
 0 0 0 0 0
 0 0 0 0 0
 0 0 0 0 0
 0 0 0 0 0
 0 0 0 0 0
 0 0 0 0 0
 0 0 0 0 0
 0 0 0 0 0
 0 0 0 0 0
 0.991045 0.00858322 0.000360255 1.14367e-05 0
 0.934742 0.0480273 0.0164251 0.00080598 0
 0.827803 0.169806 0.00239088 0 0
 0.941827 0.0461693 0.0120037 0 0
 0.791401 0.0380133 0.147996 0.0225897 0
 0.846168 0.0940531 0.0597789 0 0
 0.134021 0.677848 0.182769 0.00536245 0
 0.80878 0.0450904 0.141981 0.00414843 0
 0.846168 0.0940531 0.0597789 0 0
 0.905697 0.0802665 0.012482 0.00150086 5.37128e-05
 0.989698 0.0102097 9.19794e-05 0 0
 0.975433 0.0193895 0.00387452 0.00125025 5.28907e-05
 0.303575 0.632131 0.0575291 0.00676475 0
 0.966965 0.00978017 0.0227588 0.000495775 0
 0.843318 0.132988 0.00938335 0.0141283 0.000182051
 0.564624 0.303363 0.111486 0.0197234 0.00080311
ppred_RECLAS
 0.426642 0.362431 0.133331 0.0490498 0.0285458
 0.482036 0.314296 0.128743 0.0473619 0.0275635
 0.505863 0.326826 0.101522 0.0415861 0.0242021
 0.507205 0.33469 0.104572 0.0324832 0.0210496
 0.505621 0.33729 0.10669 0.0333345 0.0170648
 0.493999 0.341375 0.112315 0.0355272 0.0167827
 0.509939 0.32794 0.109376 0.0359855 0.0167599
 0.517193 0.332797 0.100384 0.0334804 0.0161456
 0.488774 0.349226 0.111666 0.0336824 0.0166513
 0.485337 0.339898 0.119385 0.0381736 0.0172069
 0.480753 0.341138 0.117628 0.0413154 0.0191654
 0.479974 0.338308 0.119386 0.0411655 0.0211661
 0.495426 0.330959 0.112947 0.0398579 0.0208099
 0.503981 0.332216 0.107442 0.0366669 0.019695
 0.51023 0.333114 0.104922 0.0339328 0.0178006
 0.509691 0.334379 0.106055 0.0334046 0.0164706
 0.521184 0.329242 0.102005 0.032353 0.0152149
 0.521238 0.331988 0.100924 0.0312682 0.0145812
 0.557364 0.309712 0.0921736 0.0280208 0.0127297
 0.607063 0.292498 0.0702768 0.0209151 0.00924669
 0.606631 0.306503 0.0646621 0.015536 0.00666782
 0.610725 0.301684 0.0682488 0.0143983 0.00494411
 0.621851 0.298501 0.061726 0.013964 0.00395754
 0.564766 0.339232 0.0757814 0.0156705 0.0045498
 0.542282 0.335787 0.0950357 0.0212301 0.00566472
 0.527535 0.337489 0.0990204 0.0280251 0.00793102
pobs_PELACES
 0 0 0 0 0
 0 0 0 0 0
 0 0 0 0 0
 0 0 0 0 0
 0 0 0 0 0
 0 0 0 0 0
 0 0 0 0 0
 0 0 0 0 0
 0 0 0 0 0
 0 0 0 0 0
 0 0 0 0 0
 0 0 0 0 0
 0 0 0 0 0
 0 0 0 0 0
 0 0 0 0 0
 0 0 0 0 0
 0.505614 0.472636 0.0217494 0 0
 0 0 0 0 0
 0.443492 0.261883 0.143347 0.151278 0
 0.227955 0.32914 0.350689 0.0885471 0.00366901
 0.970185 0.0296113 0.000203453 0 0
 0.997202 0.00247181 0.000326279 0 0
 0.445219 0.490057 0.0546422 0.010081 0
 0.90214 0.0892962 0.00764917 0.000914606 0
 0 0 0 0 0
 0.581667 0.319106 0.0959925 0.00289975 0.000334073
ppred_PELACES
 0.432506 0.358725 0.131967 0.0485481 0.0282539
 0.490002 0.309462 0.126763 0.0466336 0.0271396
 0.511364 0.323188 0.100392 0.0411231 0.0239327
 0.514158 0.329968 0.103096 0.0320249 0.0207527
 0.507878 0.33575 0.106203 0.0331824 0.0169869
 0.499831 0.337441 0.111021 0.0351177 0.0165893
 0.520477 0.320888 0.107024 0.0352118 0.0163995
 0.518212 0.332095 0.100172 0.0334097 0.0161116
 0.491572 0.347315 0.111055 0.0334981 0.0165602
 0.487878 0.338219 0.118795 0.037985 0.0171219
 0.48164 0.340555 0.117427 0.0412448 0.0191327
 0.485273 0.334861 0.118169 0.040746 0.0209504
 0.50075 0.327467 0.111756 0.0394374 0.0205904
 0.511464 0.327204 0.105821 0.0361137 0.0193979
 0.514978 0.329885 0.103905 0.0336039 0.017628
 0.519103 0.32796 0.104019 0.0327633 0.0161544
 0.527484 0.324911 0.100663 0.0319274 0.0150147
 0.532379 0.324263 0.098576 0.0305406 0.0142419
 0.580875 0.293262 0.0872778 0.0265324 0.0120535
 0.627752 0.277097 0.0665766 0.0198139 0.00875983
 0.623874 0.293068 0.0618277 0.014855 0.00637555
 0.638212 0.280382 0.0634297 0.0133816 0.00459499
 0.632922 0.289762 0.0599188 0.0135552 0.00384168
 0.574369 0.331747 0.0741093 0.0153248 0.00444941
 0.551074 0.329338 0.0932104 0.0208223 0.00555591
 0.532849 0.333693 0.0979066 0.0277099 0.00784181
pobs_pel_tallas
 0 0 0 0 0 0 0 0 0 0 0 0 0 0 0 0 0 0 0 0 0 0 0 0 0 0
 0 0 0 0 0 0 0 0 0 0 0 0 0 0 0 0 0 0 0 0 0 0 0 0 0 0
 0 0 0 0 0 0 0 0 0 0 0 0 0 0 0 0 0 0 0 0 0 0 0 0 0 0
 0 0 0 0 0 0 0 0 0 0 0 0 0 0 0 0 0 0 0 0 0 0 0 0 0 0
 0 0 0 0 0 0 0 0 0 0 0 0 0 0 0 0 0 0 0 0 0 0 0 0 0 0
 0 0 0 0 0 0 0 0 0 0 0 0 0 0 0 0 0 0 0 0 0 0 0 0 0 0
 0 0 0 0 0 0 0 0 0 0 0 0 0 0 0 0 0 0 0 0 0 0 0 0 0 0
 0 0 0 0 0 0 0 0 0 0 0 0 0 0 0 0 0 0 0 0 0 0 0 0 0 0
 0 0 0 0 0 0 0 0 0 0 0 0 0 0 0 0 0 0 0 0 0 0 0 0 0 0
 0 0 0 0 0 0 0 0 0 0 0 0 0 0 0 0 0 0 0 0 0 0 0 0 0 0
 0 0 0 0 0 0 0 0 0 0 0 0 0 0 0 0 0 0 0 0 0 0 0 0 0 0
 0 0 0 0 0 0 0 0 0 0 0 0 0 0 0 0 0 0 0 0 0 0 0 0 0 0
 0.00862536 0 0 0.000197151 0.00414017 0.0128641 0.00837892 0.0270097 0.101434 0.158115 0.152841 0.127902 0.109271 0.109419 0.0830992 0.0579132 0.0238553 0.00714673 0.00463305 0.00128148 0.00103504 0.000492878 0.000147863 0.000147863 4.92878e-05 0
 0 0 0 0 0 0 0 0 0 0 0 0 0 0 0 0 0 0 0 0 0 0 0 0 0 0
 0 0 0 0 0 0 0 0.0054083 0.00873648 0.0413646 0.0450493 0.0745869 0.0622846 0.0627006 0.0613931 0.0827291 0.12552 0.122667 0.0946155 0.0697135 0.0546179 0.0294188 0.0215738 0.0213955 0.0102223 0.00600262
 0 0 0 0 0.00359764 0.0251062 0.0480494 0.140153 0.205849 0.193036 0.1447 0.116669 0.0760912 0.0342217 0.00950174 0.001854 0.000860785 0 0 0 0.000165536 0 0.000143464 0 0 0
 0 0 0 0 0 0 0 0.000145254 0.000435761 0.0275982 0.070085 0.0708112 0.156366 0.174668 0.174014 0.160142 0.0824315 0.0480064 0.0283245 0.00493863 0.00203355 0 0 0 0 0
 0 0 0 0 0 0 0 0 0 0 0 0 0 0 0 0 0 0 0 0 0 0 0 0 0 0
 0 0 1.00437e-05 0.000401748 0.00122533 0.00171747 0.00176769 0.0269171 0.070346 0.194647 0.189555 0.159765 0.064822 0.0314167 0.0384472 0.0292271 0.0345202 0.0313363 0.0194345 0.0106764 0.0143323 0.0359363 0.0279516 0.0138201 0.00172751 0
 0 0.0021121 0.0136068 0.0755702 0.200478 0.177729 0.0527432 0.0373336 0.0318909 0.0142505 0.0149659 0.0166563 0.0217959 0.0798694 0.0677717 0.0528807 0.04013 0.0224614 0.0357745 0.0225083 0.00881397 0.00855152 0.00135912 0.000746735 0 0
 0 0 0 0 5.4009e-05 0.00500934 0.000945158 0.0243581 0.138947 0.33067 0.221406 0.137944 0.0707744 0.0437923 0.0131692 0.00525238 0.0047753 0.00276346 9.45158e-05 9.00151e-06 2.25038e-05 9.00151e-06 4.50075e-06 0 0 0
 0.000866109 0.00284123 0.00948549 0.0512746 0.133035 0.25785 0.225252 0.132002 0.0553304 0.0519788 0.0540692 0.017754 0.00435017 0.00159236 0.00146478 0.000404838 0.000125132 0.000115318 0.000107957 0.000100596 0 0 0 0 0 0
 0 0 0 0 0.00144013 0.00171154 0.00461396 0.0210425 0.0478622 0.0707936 0.0888783 0.103762 0.0637923 0.0337046 0.0602308 0.124433 0.169614 0.0934646 0.0462172 0.0250306 0.0313229 0.00938855 0.002487 0.000210481 0 0
 0 0.00764035 0.051015 0.0998891 0.058973 0.0496711 0.0374665 0.0718981 0.12319 0.153886 0.159021 0.0857701 0.0377988 0.023471 0.0147837 0.00900784 0.00315554 0.000888139 0.00291439 0.00214683 0.00393193 0.00274676 0.000635225 9.99891e-05 0 0
 0 0 0 0 0 0 0 0 0 0 0 0 0 0 0 0 0 0 0 0 0 0 0 0 0 0
 0 0 0 0 0 0 0 0 0 0 0 0 0 0 0 0 0 0 0 0 0 0 0 0 0 0
ppred_pel_tallas
 1.13551e-16 3.5625e-05 0.000346288 0.00230121 0.010461 0.0325481 0.0693485 0.101223 0.101258 0.0695182 0.0331184 0.01211 0.00644762 0.00942194 0.0173431 0.028804 0.0419381 0.0536961 0.0609911 0.0624277 0.0590866 0.0536444 0.0485651 0.0448152 0.041879 0.038671
 1.13007e-16 4.03609e-05 0.000392322 0.00260712 0.0118516 0.0368749 0.078567 0.114677 0.114707 0.0787135 0.0373673 0.0132758 0.00618931 0.00823664 0.0150104 0.0249428 0.0363817 0.0467214 0.0533307 0.0550231 0.0527153 0.0486567 0.0448753 0.0420948 0.0397825 0.0369654
 1.11154e-16 4.21204e-05 0.000409426 0.00272078 0.0123683 0.0384825 0.0819922 0.119677 0.119708 0.0821449 0.0389956 0.0138518 0.00644952 0.00856612 0.0155832 0.0258288 0.0375211 0.0478664 0.0540485 0.0547998 0.0511294 0.0455387 0.0403766 0.0366412 0.0339459 0.0313129
 1.09784e-16 4.23506e-05 0.000411663 0.00273564 0.0124359 0.0386928 0.0824402 0.120331 0.120362 0.0825961 0.0392166 0.0139502 0.0065417 0.00873663 0.0159014 0.0263491 0.0382563 0.0487549 0.0549461 0.055506 0.0514382 0.0452861 0.0394694 0.0350699 0.0317905 0.0287396
 1.09354e-16 4.18333e-05 0.000406634 0.00270223 0.012284 0.0382201 0.0814333 0.118861 0.118893 0.0815919 0.0387532 0.0138249 0.00657527 0.00887827 0.0161806 0.0268147 0.0389336 0.0496189 0.0559171 0.0564732 0.0522959 0.0459591 0.039915 0.0352662 0.0317289 0.0284308
 1.0962e-16 4.11705e-05 0.000400192 0.00265941 0.0120893 0.0376146 0.080143 0.116978 0.117011 0.0803025 0.0381505 0.0136386 0.00655362 0.00891929 0.0162738 0.0269793 0.0391934 0.0499932 0.0564189 0.0571119 0.0530774 0.0468802 0.0409519 0.0363674 0.03282 0.0294318
 1.09478e-16 4.2871e-05 0.000416722 0.00276926 0.0125887 0.0391683 0.0834533 0.121809 0.12184 0.083605 0.0396779 0.0140622 0.00647316 0.00852002 0.0154848 0.0256697 0.0373008 0.0476013 0.053763 0.0544992 0.0507671 0.0449995 0.0394945 0.0352539 0.0319646 0.0287752
 1.09053e-16 4.26845e-05 0.000414908 0.00275721 0.0125339 0.0389978 0.0830902 0.121279 0.121311 0.0832471 0.0395249 0.0140575 0.00658637 0.0087894 0.015993 0.0264928 0.0384458 0.0489556 0.0550934 0.0555183 0.0512388 0.044824 0.0387302 0.0340752 0.0305914 0.0274088
 1.09456e-16 4.04902e-05 0.000393579 0.00261548 0.0118896 0.0369931 0.078819 0.115046 0.115079 0.0789831 0.0375446 0.0134837 0.00662221 0.00915783 0.0167372 0.0277425 0.0402832 0.0513425 0.0578638 0.0584415 0.0541124 0.0475311 0.0412285 0.036346 0.0325997 0.0291041
 1.10222e-16 4.01859e-05 0.000390622 0.00259582 0.0118002 0.0367151 0.0782266 0.114181 0.114214 0.0783866 0.0372525 0.013354 0.00650197 0.00893792 0.0163326 0.0270946 0.0393984 0.050333 0.056949 0.0578921 0.0541582 0.0482809 0.042641 0.0382548 0.0347711 0.0312981
 1.1085e-16 3.96722e-05 0.000385627 0.00256263 0.0116494 0.0362457 0.0772265 0.112721 0.112754 0.0773875 0.0367868 0.0132137 0.00649536 0.00899089 0.0164421 0.0272767 0.039662 0.0506698 0.0573358 0.0583069 0.0546005 0.0487826 0.043257 0.0390376 0.0357415 0.0324282
 1.11128e-16 3.99714e-05 0.000388536 0.00258196 0.0117372 0.0365191 0.0778089 0.113571 0.113604 0.0779673 0.0370512 0.0132758 0.00645004 0.00885311 0.0161765 0.0268407 0.0390425 0.0499091 0.0565337 0.0575913 0.0540815 0.0485179 0.0432454 0.0392378 0.0360961 0.0328799
 1.10749e-16 4.12462e-05 0.000400928 0.00266431 0.0121116 0.0376838 0.0802904 0.117193 0.117224 0.0804452 0.038204 0.0136157 0.00644558 0.0086746 0.0158111 0.0262238 0.0381283 0.0487064 0.0551091 0.0560396 0.0524843 0.0469202 0.0416668 0.0377005 0.0346436 0.0315718
 1.10042e-16 4.21287e-05 0.000409506 0.00272131 0.0123707 0.03849 0.0820082 0.1197 0.119732 0.0821629 0.0390096 0.0138729 0.0064971 0.00866943 0.0157807 0.0261581 0.0380006 0.0484752 0.0547185 0.0554247 0.0515846 0.0457006 0.0401372 0.0359258 0.032737 0.0296716
 1.09437e-16 4.24181e-05 0.000412319 0.00274001 0.0124557 0.0387544 0.0825716 0.120522 0.120554 0.0827275 0.0392782 0.0139697 0.00654538 0.00873596 0.0158994 0.0263469 0.0382554 0.0487581 0.0549556 0.0555208 0.0514499 0.0452758 0.0394081 0.0349245 0.0315337 0.0283619
 1.09106e-16 4.27579e-05 0.000415622 0.00276196 0.0125555 0.0390649 0.0832331 0.121488 0.12152 0.0833881 0.0395856 0.0140607 0.00654524 0.008691 0.0158079 0.0261945 0.0380342 0.0484753 0.0546329 0.0551832 0.0511104 0.0449266 0.0390241 0.0344779 0.0310103 0.0277707
 1.08731e-16 4.34482e-05 0.000422332 0.00280655 0.0127582 0.0396956 0.0845768 0.123449 0.12348 0.0847304 0.0402114 0.0142491 0.0065537 0.00861802 0.0156548 0.0259338 0.0376433 0.047951 0.0539927 0.0544535 0.0503105 0.0440626 0.0380974 0.0334994 0.0300103 0.0267959
 1.08401e-16 4.38514e-05 0.000426251 0.00283259 0.0128766 0.0400639 0.0853616 0.124594 0.124626 0.0855148 0.0405786 0.0143643 0.00657144 0.00860317 0.0156176 0.0258668 0.0375345 0.0477881 0.0537624 0.0541406 0.0498982 0.0435372 0.0374562 0.0327583 0.0292053 0.0259779
 1.07295e-16 4.78459e-05 0.00046508 0.00309062 0.0140495 0.0437134 0.0931371 0.135942 0.135971 0.0932756 0.0441788 0.0153947 0.0064712 0.00785788 0.0141265 0.0233794 0.0339133 0.0431541 0.048504 0.0487674 0.0448275 0.0389548 0.0333336 0.0289812 0.0257006 0.0227629
 1.05462e-16 5.17072e-05 0.000502612 0.00334004 0.0151833 0.0472411 0.100653 0.146912 0.146939 0.100784 0.0476803 0.0164524 0.00652799 0.00746977 0.0133068 0.0219781 0.0317998 0.0402962 0.0449744 0.0446869 0.0402901 0.034004 0.0280113 0.0234028 0.0200912 0.0174212
 1.04428e-16 5.13877e-05 0.000499507 0.0033194 0.0150895 0.0469493 0.100031 0.146005 0.146033 0.10017 0.0474134 0.0164306 0.00668731 0.00785722 0.0140414 0.0231749 0.0334802 0.0423148 0.047014 0.0463435 0.0412123 0.0340059 0.027105 0.0217561 0.0179541 0.0150613
 1.04022e-16 5.25688e-05 0.000510987 0.00339569 0.0154363 0.0480283 0.10233 0.14936 0.149387 0.102463 0.0484725 0.0167198 0.00661917 0.00755408 0.0134469 0.0221949 0.0320788 0.0405727 0.0451293 0.0445629 0.0397279 0.0328823 0.0262776 0.0210907 0.0173211 0.014386
 1.03813e-16 5.2133e-05 0.000506752 0.00336754 0.0153084 0.0476302 0.101482 0.148122 0.14815 0.101619 0.0480891 0.0166341 0.00669679 0.0077795 0.013879 0.0229005 0.0330732 0.041777 0.0463692 0.0456213 0.040427 0.0331463 0.026144 0.0206737 0.0167576 0.0137934
 1.04514e-16 4.73101e-05 0.000459871 0.00305601 0.0138922 0.0432239 0.0920943 0.134421 0.134453 0.0922507 0.0437494 0.0154106 0.00686959 0.00879199 0.0158921 0.0262518 0.0379375 0.0479692 0.0533297 0.0526128 0.0468284 0.038651 0.030752 0.0245354 0.0200134 0.0165071
 1.05803e-16 4.53913e-05 0.000441219 0.00293206 0.0133287 0.0414708 0.0883591 0.128969 0.129001 0.0885146 0.0419932 0.0148385 0.00672553 0.00873465 0.0158321 0.0261962 0.0379528 0.0481888 0.0539501 0.0538569 0.0488774 0.0415704 0.034444 0.0287427 0.0243772 0.020657
 1.07017e-16 4.38902e-05 0.000426628 0.00283509 0.0128879 0.0400994 0.0854371 0.124705 0.124737 0.0855947 0.0406288 0.0144183 0.00668069 0.00883551 0.0160549 0.0265804 0.0385395 0.0489995 0.0549886 0.0551279 0.0504067 0.0434047 0.0366233 0.0312599 0.0271507 0.023534
pSPR Fmed_Fpbrs
0.772802   0.28196 0.28196
Fs Fmed_Fpbrs
0.158824   1.005 1.005
SSBpbr Bo_Bmed_Bpbrs
2.37733e+06  1.71834e+06  551446 551446
Ro
315177
SPR SPRFo_SPRFmed_SPRFpbrs
2.23385e+06 1.72632e+06 629856
Fref
1.005
log_Ro
12.4809
likeval ReclasPelacesDesembMPH_pf_preclas_ppelaces_ptallas_desvR_qrecl_qpela
 119.324 53.1173 13.742 0.00372986 211.984 102.727 54.1597 0 0 0 0 68.9606 0 0 0
q_reclas_q_pelaces
1 1
M
1
N
 315177 138814 51066.8 18786.4 10933.3
 315177 107837 44172.7 16250.2 9457.24
 315177 105267 32699.3 13394.4 7795.24
 315177 108466 33889.4 10527.1 6821.74
 315177 106572 33710.4 10532.6 5391.89
 315177 112818 37118.2 11741.1 5546.37
 315177 108034 36032.1 11854.9 5521.29
 315177 102032 30776.6 10264.7 4950.07
 315177 114523 36618.8 11045.6 5460.52
 315177 112079 39366.5 12587.5 5673.86
 315177 112427 38766.2 13616.1 6316.27
 315177 114705 40478.3 13957.4 7176.46
 315177 108726 37105.3 13094.1 6836.45
 315177 108701 35154.8 11997.4 6444.21
 315177 105890 33352.8 10786.6 5658.44
 315177 109459 34717.2 10935 5391.65
 315177 103436 32046.2 10164.1 4779.94
 315177 107404 32650.7 10115.8 4717.27
 315177 101262 30136.5 9161.51 4162.02
 315177 86708 20832.8 6200.07 2741.08
 315177 88914.2 18758 4506.87 1934.29
 315177 92979.5 21034.4 4437.57 1523.78
 315177 81273.7 16806.3 3802.02 1077.53
 315177 100446 22438.6 4639.99 1347.18
 315177 102969 29142.7 6510.21 1737.09
 315177 104129 30551.9 8646.91 2447.05
pred_Ctot
 14018.7 11987.3 4409.88 1622.3 944.143
 18497 12169.7 4985.01 1833.88 1067.28
 12925.4 8401.02 2609.62 1068.96 622.112
 16220.9 10787 3370.32 1046.93 678.425
 5388.39 3602.88 1139.65 356.074 182.284
 13675.2 9510.74 3129.12 989.789 467.567
 24161.3 15732 5246.99 1726.31 804.01
 2450.26 1578.29 476.07 158.781 76.5706
 6664.88 4775.94 1527.11 460.633 227.72
 6063.69 4257.84 1495.51 478.193 215.547
 2136.11 1517.12 523.12 183.74 85.2333
 12473.4 8842.63 3120.47 1075.97 553.234
 12517.2 8410.32 2870.21 1012.87 528.822
 17409.1 11572.7 3742.71 1277.29 686.074
 11201.4 7350.54 2315.23 748.766 392.789
 21700 14392.1 4564.75 1437.78 708.916
 14772.7 9397.45 2911.5 923.441 434.272
 25514.7 16467.8 5006.21 1551.01 723.282
 51442.2 29562.4 8798.09 2674.62 1215.07
 47464.4 23565.1 5661.85 1685.03 744.959
 40181.4 20790.6 4386.13 1053.83 452.288
 61320.9 31643.8 7158.65 1510.24 518.589
 26950.4 13121.6 2713.37 613.835 173.967
 22517.2 13680.2 3056.02 631.944 183.479
 20485.7 12814.7 3626.87 810.21 216.184
 12539.9 8068.97 2367.46 670.048 189.622
F
 0.0725148 0.14503 0.14503 0.14503 0.14503
 0.0966341 0.193268 0.193268 0.193268 0.193268
 0.0666994 0.133399 0.133399 0.133399 0.133399
 0.0843148 0.16863 0.16863 0.16863 0.16863
 0.0273563 0.0547126 0.0547126 0.0547126 0.0547126
 0.070685 0.14137 0.14137 0.14137 0.14137
 0.127848 0.255697 0.255697 0.255697 0.255697
 0.0123623 0.0247246 0.0247246 0.0247246 0.0247246
 0.0339295 0.067859 0.067859 0.067859 0.067859
 0.0308292 0.0616584 0.0616584 0.0616584 0.0616584
 0.0107701 0.0215403 0.0215403 0.0215403 0.0215403
 0.0643032 0.128606 0.128606 0.128606 0.128606
 0.064535 0.12907 0.12907 0.12907 0.12907
 0.09073 0.18146 0.18146 0.18146 0.18146
 0.0575856 0.115171 0.115171 0.115171 0.115171
 0.114186 0.228371 0.228371 0.228371 0.228371
 0.076542 0.153084 0.153084 0.153084 0.153084
 0.135428 0.270855 0.270855 0.270855 0.270855
 0.290589 0.581178 0.581178 0.581178 0.581178
 0.265463 0.530926 0.530926 0.530926 0.530926
 0.220757 0.441514 0.441514 0.441514 0.441514
 0.355313 0.710626 0.710626 0.710626 0.710626
 0.14352 0.28704 0.28704 0.28704 0.28704
 0.118705 0.23741 0.23741 0.23741 0.23741
 0.107502 0.215003 0.215003 0.215003 0.215003
 0.0646553 0.129311 0.129311 0.129311 0.129311
nmprior
 8 8 7 0
nm_flota  nm_reclas  nm_pelaces    nm_pelaL
inf 3.72303 7.98052 5.26775
cv_recla  cv_pelaces  cv_mph
1.12402 1.0307 1.88474
 ------------------------------------------------
Talla a la edad & desviación 
 8 13.2811 15.8009 17.003 17.5766
 0.8 1.32811 1.58009 1.7003 1.75766
