years
 1991 1992 1993 1994 1995 1996 1997 1998 1999 2000 2001 2002 2003 2004 2005 2006 2007 2008 2009 2010 2011 2012 2013 2014 2015 2016 2017 2018 2019
reclasobs
 0 0 0 0 0 0 0 0 0 252601 567819 844713 477998 351125 339783 2.1784e+06 2.13404e+06 4.81314e+06 1.55562e+06 2.62356e+06 3.21686e+06 3.843e+06 1.13348e+06 3.07943e+06 1.97215e+06 2.03268e+06 2.025e+06 2.42433e+06 2.27542e+06
reclaspred
 3.18531e+06 1.73867e+06 879350 913507 931577 1.63293e+06 915333 784883 553418 372372 509043 693542 678097 493757 478205 1.34892e+06 1.19027e+06 3.08772e+06 2.46951e+06 1.83264e+06 3.17748e+06 2.56045e+06 1.92013e+06 3.07832e+06 2.26876e+06 2.00091e+06 2.47581e+06 2.46337e+06 1.93907e+06
pelacesobs
 0 0 0 0 0 0 0 0 0 0 0 0 0 0 0 552880 188675 0 991730 2.46772e+06 1.41603e+06 1.21717e+06 2.29649e+06 1.80582e+06 0 1.4828e+06 1.56532e+06 1.57751e+06 1.42118e+06
pelacespred
 1.92629e+06 1.14443e+06 561179 445150 504915 878901 462292 514012 333013 201170 287374 327404 356398 257713 254086 595780 591368 1.65566e+06 1.41471e+06 970216 1.64368e+06 1.41375e+06 1.13353e+06 1.87991e+06 1.40225e+06 1.24575e+06 1.66879e+06 1.64812e+06 1.15728e+06
mphobs
 0 0 0 0 0 0 0 0 0 0 0 498337 0 5186 125008 0 168611 109162 213762 579715 649985 157893 87575 83554 0 0 0 0 0
mphpred
 489148 327916 157100 87172 96612.4 117258 162707 86817.7 78240.6 48591.1 29672.5 61947.4 66168.3 53592 31787.2 40095.1 150657 132357 307840 217486 235579 288613 270876 213266 313059 255304 208868 232444 302248
desembarqueobs
 494567 514787 250237 358949 120608 361735 552515 73892 212993 205616 52469 317467 293654 387597 252695 516296 358380 742168 942051 627588 828172 859565 418607 520667 417249 300574 407403 355545 319650
desembarquepred
 494571 513872 250668 358984 120614 361743 552538 73897.6 213056 205673 52471.8 317526 293685 387569 252669 516230 358421 742027 941765 627372 828249 859529 418604 520688 417234 300570 407391 355513 319638
Reclutas
 168310 93591.7 92872.3 142548 114964 211760 82952.2 34826.2 34108.9 46097.9 85772.2 125191 104562 72907.7 65963.8 355938 71495.9 571986 329090 268458 356839 485854 94712.3 282545 237539 106270 243499 237258 82023.9
log_desv_Rt
 0.207106 -0.379758 -0.387474 0.0409778 -0.174077 0.436752 -0.500435 -1.36833 -1.38914 -1.08793 -0.467005 -0.0888589 -0.268922 -0.629505 -0.729594 0.956057 -0.64906 1.43041 0.877632 0.673994 0.958585 1.26721 -0.367855 0.725137 0.551633 -0.25272 0.576411 0.550447 -0.511689
SSB
 1.92729e+06 1.29202e+06 618991 343466 380662 462008 641080 342070 308276 191454 116913 244079 260710 211158 125245 157979 593605 521498 1.21292e+06 856916 928203 1.13716e+06 1.06728e+06 840291 1.23348e+06 1.00592e+06 822961 915852 1.19089e+06
BT
 2.74487e+06 1.88687e+06 921702 884200 748001 1.50449e+06 1.06997e+06 734259 640754 461935 441164 707194 746540 755655 609562 1.27293e+06 1.03804e+06 2.99688e+06 2.7716e+06 1.81481e+06 2.9085e+06 2.66005e+06 1.79778e+06 3.06359e+06 2.17553e+06 1.85947e+06 2.68654e+06 2.58523e+06 1.69458e+06
Ftot
 0.216013 0.398685 0.391639 0.585171 0.193777 0.346676 0.805644 0.139023 0.556479 0.787491 0.171152 0.686221 0.645405 1.13253 0.832307 0.642316 0.427025 0.396811 0.558272 0.509275 0.397842 0.506006 0.307432 0.269647 0.269821 0.217739 0.259803 0.228596 0.227123
BD_Bspro_t
 0.966154 0.769759 0.558481 0.457868 0.454619 0.55244 0.556711 0.361325 0.417491 0.353486 0.308532 0.568262 0.44572 0.349711 0.233971 0.280366 0.474582 0.430067 0.568983 0.453414 0.426096 0.473092 0.486313 0.466746 0.593884 0.601833 0.609308 0.661768 0.704481
BD_Bspro
 1.98197 1.32868 0.636553 0.353211 0.391462 0.475116 0.659268 0.351775 0.317022 0.196885 0.12023 0.251004 0.268106 0.217149 0.128798 0.16246 0.610446 0.536294 1.24733 0.881228 0.954537 1.16942 1.09756 0.864131 1.26848 1.03446 0.846309 0.941836 1.22467
BD_Bo
 1.30457 0.874564 0.418992 0.232491 0.257669 0.312731 0.433944 0.231546 0.20867 0.129594 0.0791377 0.165216 0.176473 0.142932 0.0847776 0.106935 0.401808 0.353 0.82102 0.580043 0.628296 0.76974 0.722435 0.568789 0.83494 0.680903 0.557058 0.619936 0.806106
BD_Brms
 2.37195 1.59012 0.761804 0.42271 0.468488 0.568602 0.788989 0.420992 0.379401 0.235626 0.143887 0.300393 0.32086 0.259876 0.154141 0.194427 0.73056 0.641818 1.49276 1.05462 1.14236 1.39953 1.31352 1.03416 1.51807 1.23801 1.01283 1.12716 1.46565
Sel_flota
 0.714948 0.979447 0.998897 0.999942 0.999997
 0.714948 0.979447 0.998897 0.999942 0.999997
 0.714948 0.979447 0.998897 0.999942 0.999997
 0.714948 0.979447 0.998897 0.999942 0.999997
 0.714948 0.979447 0.998897 0.999942 0.999997
 0.714948 0.979447 0.998897 0.999942 0.999997
 0.714948 0.979447 0.998897 0.999942 0.999997
 0.714948 0.979447 0.998897 0.999942 0.999997
 0.714948 0.979447 0.998897 0.999942 0.999997
 0.714948 0.979447 0.998897 0.999942 0.999997
 0.714948 0.979447 0.998897 0.999942 0.999997
 0.714948 0.979447 0.998897 0.999942 0.999997
 0.714948 0.979447 0.998897 0.999942 0.999997
 0.714948 0.979447 0.998897 0.999942 0.999997
 0.714948 0.979447 0.998897 0.999942 0.999997
 0.714948 0.979447 0.998897 0.999942 0.999997
 0.714948 0.979447 0.998897 0.999942 0.999997
 0.714948 0.979447 0.998897 0.999942 0.999997
 0.714948 0.979447 0.998897 0.999942 0.999997
 0.714948 0.979447 0.998897 0.999942 0.999997
 0.714948 0.979447 0.998897 0.999942 0.999997
 0.714948 0.979447 0.998897 0.999942 0.999997
 0.714948 0.979447 0.998897 0.999942 0.999997
 0.714948 0.979447 0.998897 0.999942 0.999997
 0.714948 0.979447 0.998897 0.999942 0.999997
 0.714948 0.979447 0.998897 0.999942 0.999997
 0.714948 0.979447 0.998897 0.999942 0.999997
 0.714948 0.979447 0.998897 0.999942 0.999997
 0.714948 0.979447 0.998897 0.999942 0.999997
Sel_reclas
 1 1 1 1 1
 1 1 1 1 1
 1 1 1 1 1
 1 1 1 1 1
 1 1 1 1 1
 1 1 1 1 1
 1 1 1 1 1
 1 1 1 1 1
 1 1 1 1 1
 1 1 1 1 1
 1 1 1 1 1
 1 1 1 1 1
 1 1 1 1 1
 1 1 1 1 1
 1 1 1 1 1
 1 1 1 1 1
 1 1 1 1 1
 1 1 1 1 1
 1 1 1 1 1
 1 1 1 1 1
 1 1 1 1 1
 1 1 1 1 1
 1 1 1 1 1
 1 1 1 1 1
 1 1 1 1 1
 1 1 1 1 1
 1 1 1 1 1
 1 1 1 1 1
 1 1 1 1 1
Sel_pelaces
 0.773859 0.945121 0.988594 0.997713 0.999545
 0.773859 0.945121 0.988594 0.997713 0.999545
 0.773859 0.945121 0.988594 0.997713 0.999545
 0.773859 0.945121 0.988594 0.997713 0.999545
 0.773859 0.945121 0.988594 0.997713 0.999545
 0.773859 0.945121 0.988594 0.997713 0.999545
 0.773859 0.945121 0.988594 0.997713 0.999545
 0.773859 0.945121 0.988594 0.997713 0.999545
 0.773859 0.945121 0.988594 0.997713 0.999545
 0.773859 0.945121 0.988594 0.997713 0.999545
 0.773859 0.945121 0.988594 0.997713 0.999545
 0.773859 0.945121 0.988594 0.997713 0.999545
 0.773859 0.945121 0.988594 0.997713 0.999545
 0.773859 0.945121 0.988594 0.997713 0.999545
 0.773859 0.945121 0.988594 0.997713 0.999545
 0.773859 0.945121 0.988594 0.997713 0.999545
 0.773859 0.945121 0.988594 0.997713 0.999545
 0.773859 0.945121 0.988594 0.997713 0.999545
 0.773859 0.945121 0.988594 0.997713 0.999545
 0.773859 0.945121 0.988594 0.997713 0.999545
 0.773859 0.945121 0.988594 0.997713 0.999545
 0.773859 0.945121 0.988594 0.997713 0.999545
 0.773859 0.945121 0.988594 0.997713 0.999545
 0.773859 0.945121 0.988594 0.997713 0.999545
 0.773859 0.945121 0.988594 0.997713 0.999545
 0.773859 0.945121 0.988594 0.997713 0.999545
 0.773859 0.945121 0.988594 0.997713 0.999545
 0.773859 0.945121 0.988594 0.997713 0.999545
 0.773859 0.945121 0.988594 0.997713 0.999545
pf_obs 
 0.8446 0.082 0.0669 0.0065 0
 0.8095 0.147 0.0364 0.0071 0
 0.9664 0.0169 0.016 0.0007 0
 0.9276 0.0648 0.0075 0.0001 0
 0.7033 0.2144 0.0806 0.0017 0
 0.9318 0.0425 0.0243 0.0014 0
 0.5671 0.3108 0.0964 0.0239 0.0018
 0.0768 0.2599 0.5324 0.112 0.0189
 0.490249 0.384438 0.106611 0.0170017 0.00170017
 0.7925 0.1577 0.0466 0.003 0.0002
 0.840416 0.127587 0.0312969 0.00059994 9.999e-05
 0.8084 0.0986 0.0794 0.0134 0.0002
 0.7335 0.1905 0.0724 0.0035 0.0001
 0.4001 0.4547 0.1325 0.0127 0
 0.49795 0.308269 0.164784 0.0264974 0.00249975
 0.9179 0.0499 0.0305 0.0017 0
 0.2467 0.6533 0.0926 0.0074 0
 0.9418 0.0223 0.034 0.0019 0
 0.707729 0.231977 0.0356964 0.0245975 0
 0.517169 0.277429 0.184464 0.0207286 0.00020938
 0.811772 0.124168 0.05621 0.00726502 0.000585176
 0.764997 0.148141 0.077277 0.00933861 0.000247198
 0.163321 0.427699 0.378323 0.0303852 0.000271297
 0.753843 0.0900009 0.118128 0.0371064 0.000921714
 0.721811 0.176058 0.0630433 0.0369309 0.00215725
 0.143369 0.312575 0.442814 0.0836902 0.0175525
 0.692698 0.0596174 0.167031 0.0765114 0.00414204
 0.394062 0.376323 0.152708 0.0712218 0.00568511
 0.125707 0.32114 0.495352 0.0537591 0.00404204
pf_pred 
 0.49499 0.140062 0.341602 0.0233453 8.86671e-07
 0.438162 0.326519 0.066277 0.158239 0.0108023
 0.591455 0.216896 0.112517 0.0223076 0.0568248
 0.743359 0.173942 0.0443993 0.0224974 0.0158017
 0.668482 0.26927 0.0425478 0.0105835 0.00911656
 0.762506 0.175176 0.050818 0.0078629 0.00363644
 0.46945 0.436015 0.0701524 0.0198878 0.00449469
 0.465049 0.30914 0.18653 0.0291614 0.0101198
 0.554066 0.244035 0.117688 0.0695749 0.0146355
 0.737013 0.171032 0.0509194 0.023934 0.017102
 0.842959 0.127657 0.019304 0.00558562 0.00449446
 0.755453 0.215683 0.0235558 0.0034885 0.00181955
 0.704023 0.243924 0.0460566 0.00489449 0.00110128
 0.655781 0.26935 0.0619936 0.0113943 0.00148119
 0.768455 0.175798 0.0439405 0.00977949 0.00202744
 0.945503 0.04569 0.00673402 0.00163457 0.000438521
 0.388356 0.589079 0.0189997 0.00272659 0.000838182
 0.914814 0.0407558 0.0428291 0.00134878 0.000252734
 0.601196 0.374822 0.0116151 0.0119217 0.000445225
 0.636941 0.250673 0.105792 0.00319547 0.00339766
 0.740469 0.187193 0.0503302 0.0207181 0.00128941
 0.752665 0.199106 0.0350173 0.00919581 0.00401591
 0.319168 0.556383 0.100672 0.0172708 0.00650735
 0.751968 0.0991016 0.122206 0.0216231 0.0051011
 0.628238 0.30183 0.0283133 0.0341581 0.00746097
 0.437 0.396596 0.135671 0.0124514 0.0182814
 0.739957 0.135507 0.0882817 0.0295649 0.00668932
 0.656519 0.275226 0.0359437 0.022913 0.00939857
 0.376001 0.454349 0.136526 0.0174528 0.015671
pobs_RECLAS
 0 0 0 0 0
 0 0 0 0 0
 0 0 0 0 0
 0 0 0 0 0
 0 0 0 0 0
 0 0 0 0 0
 0 0 0 0 0
 0 0 0 0 0
 0 0 0 0 0
 0 0 0 0 0
 0.991045 0.00858322 0.000360255 1.14367e-05 0
 0.934742 0.0480273 0.0164251 0.00080598 0
 0.827803 0.169806 0.00239088 0 0
 0.941827 0.0461693 0.0120037 0 0
 0.791401 0.0380133 0.147996 0.0225897 0
 0.846168 0.0940531 0.0597789 0 0
 0.134021 0.677848 0.182769 0.00536245 0
 0.80878 0.0450904 0.141981 0.00414843 0
 0.846168 0.0940531 0.0597789 0 0
 0.905697 0.0802665 0.012482 0.00150086 5.37128e-05
 0.989698 0.0102097 9.19794e-05 0 0
 0.975433 0.0193895 0.00387452 0.00125025 5.28907e-05
 0.303575 0.632131 0.0575291 0.00676475 0
 0.966965 0.00978017 0.0227588 0.000495775 0
 0.843318 0.132988 0.00938335 0.0141283 0.000182051
 0.564624 0.303363 0.111486 0.0197234 0.00080311
 0.826376 0.0876187 0.0782897 0.00655872 0.00115652
 0.89761 0.0855135 0.0140674 0.00269457 0.000114338
 0.34875 0.467042 0.161289 0.0227151 0.000203297
ppred_RECLAS
 0.578047 0.118738 0.283837 0.0193769 7.35908e-07
 0.521599 0.280507 0.0557802 0.133032 0.00908103
 0.669455 0.177212 0.0900633 0.0178366 0.0454329
 0.802788 0.134592 0.0336377 0.0170253 0.0119575
 0.7359 0.215326 0.0333494 0.00828666 0.00713765
 0.817012 0.135699 0.0385709 0.00596148 0.00275691
 0.555988 0.366329 0.057664 0.0163284 0.00369002
 0.5465 0.264291 0.156325 0.0244133 0.00847159
 0.636218 0.201012 0.0949246 0.0560547 0.0117908
 0.799105 0.131668 0.0383539 0.0180068 0.012866
 0.881132 0.0969922 0.0143767 0.00415551 0.00334354
 0.812783 0.165538 0.0176956 0.00261765 0.00136524
 0.769629 0.190567 0.0352235 0.003739 0.000841242
 0.733103 0.209906 0.0471998 0.00866446 0.00112625
 0.824849 0.133689 0.0326885 0.0072667 0.00150641
 0.960564 0.0331773 0.00478682 0.0011606 0.000311347
 0.468479 0.512301 0.0161862 0.00232028 0.000713239
 0.937654 0.0301483 0.0310381 0.000976387 0.000182945
 0.677873 0.303145 0.00919861 0.00943088 0.000352182
 0.710716 0.201024 0.0830874 0.00250688 0.00266534
 0.799047 0.145782 0.0383993 0.0157895 0.000982625
 0.809562 0.153932 0.0265139 0.00695503 0.00303716
 0.39394 0.497122 0.0881419 0.0151049 0.00569097
 0.808956 0.077269 0.0933776 0.0165045 0.00389335
 0.700664 0.243975 0.0224284 0.0270294 0.00590354
 0.518227 0.341403 0.114468 0.0104942 0.015407
 0.798525 0.106017 0.0676895 0.0226444 0.0051232
 0.725625 0.220748 0.0282551 0.0179925 0.00737984
 0.455006 0.399005 0.11751 0.0150058 0.0134731
pobs_PELACES
 0 0 0 0 0
 0 0 0 0 0
 0 0 0 0 0
 0 0 0 0 0
 0 0 0 0 0
 0 0 0 0 0
 0 0 0 0 0
 0 0 0 0 0
 0 0 0 0 0
 0 0 0 0 0
 0 0 0 0 0
 0 0 0 0 0
 0 0 0 0 0
 0 0 0 0 0
 0 0 0 0 0
 0 0 0 0 0
 0.505614 0.472636 0.0217494 0 0
 0 0 0 0 0
 0.443492 0.261883 0.143347 0.151278 0
 0.227955 0.32914 0.350689 0.0885471 0.00366901
 0.970185 0.0296113 0.000203453 0 0
 0.997202 0.00247181 0.000326279 0 0
 0.445219 0.490057 0.0546422 0.010081 0
 0.90214 0.0892962 0.00764917 0.000914606 0
 0 0 0 0 0
 0.581667 0.319106 0.0959925 0.00289975 0.000334073
 0.762889 0.0836404 0.116647 0.0363945 0.000428098
 0.88444 0.0763242 0.0277011 0.0115352 0
 0.521256 0.241999 0.230069 0.00667565 0
ppred_PELACES
 0.525417 0.12935 0.322981 0.0222509 8.46605e-07
 0.475212 0.301444 0.0625406 0.150511 0.0102929
 0.626686 0.195795 0.103823 0.0207485 0.0529469
 0.775601 0.150904 0.0393013 0.0200712 0.0141226
 0.696974 0.244892 0.0396238 0.00993588 0.00857388
 0.788327 0.155145 0.0460242 0.00717821 0.00332566
 0.521932 0.391476 0.0641244 0.0183201 0.00414767
 0.494851 0.28875 0.178489 0.0281305 0.00977937
 0.595588 0.218924 0.107753 0.0642047 0.0135297
 0.774528 0.145508 0.0441115 0.0208953 0.014957
 0.859282 0.113807 0.0176257 0.00514129 0.00414428
 0.78971 0.185014 0.0205963 0.00307411 0.00160623
 0.741784 0.212033 0.0408244 0.00437254 0.000985578
 0.711122 0.225268 0.0526002 0.00974108 0.0012685
 0.804125 0.14802 0.0376556 0.00844568 0.001754
 0.954437 0.0380662 0.00572117 0.00139963 0.000376154
 0.427878 0.550545 0.0181448 0.00262465 0.000808276
 0.925744 0.0351152 0.0377183 0.00119731 0.00022475
 0.643376 0.33468 0.0105846 0.0109499 0.000409654
 0.674872 0.222994 0.0960928 0.0029255 0.00311611
 0.768975 0.165496 0.045481 0.0188714 0.00117656
 0.782918 0.173956 0.0312395 0.00826878 0.00361745
 0.351585 0.527516 0.0976402 0.0168852 0.00637335
 0.775537 0.0883664 0.111507 0.0198889 0.00470031
 0.660354 0.27429 0.0263295 0.0320204 0.00700644
 0.469678 0.370782 0.129856 0.0120138 0.0176703
 0.764547 0.121191 0.0808016 0.0272778 0.00618278
 0.686324 0.249961 0.033417 0.0214741 0.008824
 0.407829 0.428209 0.131719 0.0169741 0.0152683
pobs_pel_tallas
 0 0 0 0 0 0 0 0 0 0 0 0 0 0 0 0 0 0 0 0 0 0 0 0 0 0
 0 0 0 0 0 0 0 0 0 0 0 0 0 0 0 0 0 0 0 0 0 0 0 0 0 0
 0 0 0 0 0 0 0 0 0 0 0 0 0 0 0 0 0 0 0 0 0 0 0 0 0 0
 0 0 0 0 0 0 0 0 0 0 0 0 0 0 0 0 0 0 0 0 0 0 0 0 0 0
 0 0 0 0 0 0 0 0 0 0 0 0 0 0 0 0 0 0 0 0 0 0 0 0 0 0
 0 0 0 0 0 0 0 0 0 0 0 0 0 0 0 0 0 0 0 0 0 0 0 0 0 0
 0 0 0 0 0 0 0 0 0 0 0 0 0 0 0 0 0 0 0 0 0 0 0 0 0 0
 0 0 0 0 0 0 0 0 0 0 0 0 0 0 0 0 0 0 0 0 0 0 0 0 0 0
 0 0 0 0 0 0 0 0 0 0 0 0 0 0 0 0 0 0 0 0 0 0 0 0 0 0
 0 0 0 0 0 0 0 0 0 0 0 0 0 0 0 0 0 0 0 0 0 0 0 0 0 0
 0 0 0 0 0 0 0 0 0 0 0 0 0 0 0 0 0 0 0 0 0 0 0 0 0 0
 0 0 0 0 0 0 0 0 0 0 0 0 0 0 0 0 0 0 0 0 0 0 0 0 0 0
 0.00862536 0 0 0.000197151 0.00414017 0.0128641 0.00837892 0.0270097 0.101434 0.158115 0.152841 0.127902 0.109271 0.109419 0.0830992 0.0579132 0.0238553 0.00714673 0.00463305 0.00128148 0.00103504 0.000492878 0.000147863 0.000147863 4.92878e-05 0
 0 0 0 0 0 0 0 0 0 0 0 0 0 0 0 0 0 0 0 0 0 0 0 0 0 0
 0 0 0 0 0 0 0 0.0054083 0.00873648 0.0413646 0.0450493 0.0745869 0.0622846 0.0627006 0.0613931 0.0827291 0.12552 0.122667 0.0946155 0.0697135 0.0546179 0.0294188 0.0215738 0.0213955 0.0102223 0.00600262
 0 0 0 0 0.00359764 0.0251062 0.0480494 0.140153 0.205849 0.193036 0.1447 0.116669 0.0760912 0.0342217 0.00950174 0.001854 0.000860785 0 0 0 0.000165536 0 0.000143464 0 0 0
 0 0 0 0 0 0 0 0.000145254 0.000435761 0.0275982 0.070085 0.0708112 0.156366 0.174668 0.174014 0.160142 0.0824315 0.0480064 0.0283245 0.00493863 0.00203355 0 0 0 0 0
 0 0 0 0 0 0 0 0 0 0 0 0 0 0 0 0 0 0 0 0 0 0 0 0 0 0
 0 0 1.00437e-05 0.000401748 0.00122533 0.00171747 0.00176769 0.0269171 0.070346 0.194647 0.189555 0.159765 0.064822 0.0314167 0.0384472 0.0292271 0.0345202 0.0313363 0.0194345 0.0106764 0.0143323 0.0359363 0.0279516 0.0138201 0.00172751 0
 0 0.0021121 0.0136068 0.0755702 0.200478 0.177729 0.0527432 0.0373336 0.0318909 0.0142505 0.0149659 0.0166563 0.0217959 0.0798694 0.0677717 0.0528807 0.04013 0.0224614 0.0357745 0.0225083 0.00881397 0.00855152 0.00135912 0.000746735 0 0
 0 0 0 0 5.4009e-05 0.00500934 0.000945158 0.0243581 0.138947 0.33067 0.221406 0.137944 0.0707744 0.0437923 0.0131692 0.00525238 0.0047753 0.00276346 9.45158e-05 9.00151e-06 2.25038e-05 9.00151e-06 4.50075e-06 0 0 0
 0.000866109 0.00284123 0.00948549 0.0512746 0.133035 0.25785 0.225252 0.132002 0.0553304 0.0519788 0.0540692 0.017754 0.00435017 0.00159236 0.00146478 0.000404838 0.000125132 0.000115318 0.000107957 0.000100596 0 0 0 0 0 0
 0 0 0 0 0.00144013 0.00171154 0.00461396 0.0210425 0.0478622 0.0707936 0.0888783 0.103762 0.0637923 0.0337046 0.0602308 0.124433 0.169614 0.0934646 0.0462172 0.0250306 0.0313229 0.00938855 0.002487 0.000210481 0 0
 0 0.00764035 0.051015 0.0998891 0.058973 0.0496711 0.0374665 0.0718981 0.12319 0.153886 0.159021 0.0857701 0.0377988 0.023471 0.0147837 0.00900784 0.00315554 0.000888139 0.00291439 0.00214683 0.00393193 0.00274676 0.000635225 9.99891e-05 0 0
 0 0 0 0 0 0 0 0 0 0 0 0 0 0 0 0 0 0 0 0 0 0 0 0 0 0
 0 0 0 0 0 0 0 0 0 0 0 0 0 0 0 0 0 0 0 0 0 0 0 0 0 0
 0 0 0 0 0 0 0 0 0 0 0 0 0 0 0 0 0 0 0 0 0 0 0 0 0 0
 0 0 0 0 0 0 0 0 0 0 0 0 0 0 0 0 0 0 0 0 0 0 0 0 0 0
 0 0 0 0 0 0 0 0 0 0 0 0 0 0 0 0 0 0 0 0 0 0 0 0 0 0
ppred_pel_tallas
 1.11586e-16 4.3278e-05 0.000420677 0.00279555 0.0127082 0.0395399 0.0842444 0.12296 0.122973 0.0843079 0.0397544 0.0133337 0.00438867 0.00397398 0.00701245 0.0120991 0.0187596 0.0263632 0.0341908 0.0417462 0.0487543 0.0547764 0.0588715 0.0597836 0.0566319 0.0495678
 1.18718e-16 3.91426e-05 0.00038048 0.00252843 0.0114939 0.0357619 0.0761955 0.111216 0.111245 0.076338 0.0362403 0.012877 0.006005 0.00798647 0.0145357 0.0241117 0.0350893 0.044942 0.0511861 0.0528468 0.0510925 0.0483982 0.046874 0.0470512 0.0478834 0.0476824
 1.14088e-16 5.16194e-05 0.000501759 0.00333436 0.0151575 0.0471608 0.100482 0.14666 0.146679 0.100575 0.0474732 0.0160616 0.00561035 0.00549252 0.00959619 0.0159586 0.0234029 0.0303285 0.0351477 0.0371742 0.037007 0.0360159 0.0353487 0.0352637 0.0351961 0.0343206
 1.05576e-16 6.38853e-05 0.000620988 0.00412668 0.0187593 0.0583672 0.124358 0.181507 0.181522 0.124429 0.0586066 0.0194512 0.00586526 0.00442255 0.00730246 0.0120216 0.0174329 0.0221871 0.0249619 0.0251734 0.0233194 0.0206114 0.0181937 0.0165628 0.0155325 0.0146004
 1.03654e-16 5.74089e-05 0.000558035 0.00370834 0.0168576 0.0524503 0.111752 0.16311 0.163134 0.111867 0.0528378 0.0179768 0.00651827 0.00669382 0.0117154 0.0192905 0.0278156 0.0350493 0.0387471 0.037879 0.033237 0.0268806 0.0208848 0.0163656 0.0133476 0.0112666
 1.02651e-16 6.49335e-05 0.000631177 0.00419439 0.0190671 0.0593249 0.126399 0.184486 0.184501 0.126472 0.0595711 0.0197785 0.00598197 0.00453959 0.00750563 0.0123523 0.0178965 0.0227323 0.0254647 0.0254399 0.0231065 0.0196602 0.0162754 0.0135383 0.0114165 0.00960161
 1.0449e-16 4.29909e-05 0.000417887 0.00277701 0.0126239 0.0392778 0.0836869 0.122151 0.122189 0.0838714 0.0398972 0.0144131 0.00726886 0.0102262 0.0186784 0.0308311 0.0444565 0.0560052 0.0618818 0.0604234 0.0528741 0.0425052 0.0326227 0.0250216 0.0197832 0.0160729
 1.09701e-16 4.07603e-05 0.000396205 0.00263292 0.0119689 0.0372398 0.0793444 0.115811 0.115839 0.0794816 0.037701 0.0133039 0.00599453 0.00776997 0.0141486 0.0235967 0.0346202 0.0448571 0.051886 0.0545362 0.0534576 0.0504165 0.0469479 0.0435077 0.0396566 0.0348445
 1.11894e-16 4.90579e-05 0.00047686 0.0031689 0.0144054 0.0448206 0.0954959 0.139383 0.139405 0.0955997 0.0451698 0.0154157 0.00571211 0.00605256 0.0107094 0.017816 0.0261101 0.0337999 0.0390978 0.0412189 0.0408062 0.0393518 0.0380917 0.0372774 0.0362857 0.0342804
 1.05937e-16 6.37969e-05 0.000620128 0.00412097 0.0187333 0.0582865 0.124186 0.181256 0.18127 0.124255 0.0585175 0.0194013 0.00579981 0.00429277 0.00706189 0.0116355 0.0169036 0.0215781 0.0243982 0.0248075 0.0232772 0.0209469 0.0188749 0.0174911 0.0165793 0.0156427
 1.01755e-16 7.07779e-05 0.000687987 0.00457191 0.0207833 0.0646645 0.137775 0.201089 0.2011 0.137829 0.0648445 0.0213033 0.00587753 0.0035388 0.00548692 0.00896421 0.0129193 0.0162747 0.0179849 0.0175724 0.0154083 0.0124542 0.00967815 0.00759992 0.00622818 0.00529395
 1.01222e-16 6.50474e-05 0.000632284 0.00420175 0.0191006 0.059429 0.12662 0.18481 0.184828 0.126708 0.0597214 0.0199449 0.00632062 0.00525618 0.00884188 0.0145018 0.0208538 0.0261596 0.0286919 0.0276515 0.023639 0.0182484 0.0131203 0.00919185 0.00657126 0.00489133
 1.01838e-16 6.10998e-05 0.000593912 0.00394676 0.0179414 0.0558224 0.118936 0.173595 0.173616 0.119036 0.056158 0.018911 0.00638124 0.00591077 0.0101656 0.0167265 0.0241287 0.030422 0.0336532 0.0329073 0.0288317 0.0231648 0.0176712 0.013322 0.0101952 0.00790164
 1.02768e-16 5.85743e-05 0.000569363 0.00378362 0.0171998 0.053515 0.11402 0.16642 0.166442 0.114126 0.0538719 0.0182311 0.00637383 0.00622899 0.0108224 0.0178382 0.0257823 0.0326113 0.0362738 0.0358099 0.0318944 0.0263287 0.0209136 0.0165981 0.0134008 0.0108851
 1.02269e-16 6.62347e-05 0.000643825 0.00427845 0.0194492 0.0605138 0.128931 0.188182 0.188197 0.129001 0.0607484 0.0201273 0.00598177 0.00436657 0.00714923 0.0117478 0.016995 0.0215353 0.024029 0.0238519 0.0214457 0.0179804 0.0146136 0.0119367 0.00993235 0.00829608
 1.00379e-16 7.86157e-05 0.000764173 0.0050782 0.0230847 0.0718252 0.153031 0.223355 0.223358 0.153049 0.0718854 0.0232587 0.00551475 0.00171727 0.001889 0.00299916 0.00431435 0.00542851 0.00598599 0.00582399 0.00506397 0.00402654 0.00303754 0.0022767 0.00175633 0.00139744
 1.01065e-16 3.52438e-05 0.000342583 0.00227658 0.0103491 0.0322 0.0686075 0.100146 0.100199 0.0688663 0.0330686 0.0128564 0.00856552 0.0140553 0.026031 0.0428547 0.0614386 0.0766456 0.0832635 0.0788881 0.0653881 0.0477155 0.0310543 0.0184931 0.0105427 0.00611703
 1.01256e-16 7.62524e-05 0.0007412 0.00492553 0.0223908 0.069666 0.148431 0.21664 0.216643 0.148448 0.0697226 0.0225548 0.00533979 0.00165348 0.00183209 0.00296849 0.00440864 0.0058333 0.00696144 0.00764474 0.00791856 0.00791521 0.00772139 0.0073142 0.00662105 0.00562834
 1.01559e-16 5.29941e-05 0.000515121 0.00342316 0.0155612 0.0484169 0.103159 0.15057 0.150602 0.103316 0.048945 0.0170857 0.00724696 0.0088534 0.0158622 0.0260702 0.0373882 0.0466795 0.0507904 0.0482789 0.0402969 0.0298578 0.0200918 0.0128279 0.00830772 0.00580202
 1.03651e-16 5.55883e-05 0.000540338 0.00359074 0.016323 0.050787 0.108208 0.157937 0.157959 0.108313 0.0511417 0.0173487 0.00616996 0.00618619 0.0108229 0.0179207 0.0260784 0.033348 0.0377542 0.0383399 0.0356633 0.0312892 0.0267265 0.0226888 0.0191172 0.0156907
 1.03447e-16 6.33395e-05 0.000615683 0.00409143 0.018599 0.0578686 0.123296 0.179957 0.179973 0.123374 0.0581311 0.0193578 0.0059979 0.00478395 0.00799867 0.0131734 0.0190894 0.0242573 0.0272011 0.0272414 0.0248776 0.0214001 0.0180567 0.0154392 0.0134536 0.0117026
 1.02388e-16 6.44879e-05 0.000626846 0.00416561 0.0189363 0.0589179 0.125531 0.18322 0.183237 0.125613 0.0591932 0.0197317 0.0061627 0.00498841 0.00835355 0.013723 0.0197975 0.0249706 0.0276493 0.0270988 0.0238703 0.0194068 0.0151589 0.011902 0.00965246 0.00802779
 1.05725e-16 2.89597e-05 0.000281499 0.00187066 0.00850378 0.0264587 0.0563749 0.0822915 0.0823424 0.0566236 0.0272936 0.0109158 0.00792677 0.0135076 0.0251642 0.041598 0.0600188 0.0756777 0.0837349 0.0819359 0.0719199 0.0580393 0.0446949 0.0342803 0.026929 0.0215874
 1.06031e-16 6.388e-05 0.000620936 0.00412634 0.0187577 0.0583624 0.124347 0.181491 0.181499 0.12439 0.0585054 0.019173 0.0051765 0.00293911 0.00454181 0.00760434 0.0114083 0.0153092 0.0186703 0.0211651 0.0228815 0.0240778 0.0248194 0.0248459 0.0237769 0.0214468
 1.05227e-16 5.43926e-05 0.000528715 0.0035135 0.0159719 0.0496946 0.10588 0.154541 0.154568 0.10601 0.0501281 0.017224 0.00665611 0.00738812 0.0130794 0.0215326 0.0310083 0.0389965 0.0429918 0.0418775 0.0366108 0.029586 0.0231932 0.0186803 0.0159821 0.0143032
 1.08038e-16 3.86868e-05 0.00037605 0.00249898 0.01136 0.0353455 0.0753087 0.109923 0.109959 0.0754839 0.0359344 0.0130625 0.00677826 0.00973727 0.0178746 0.0296384 0.0430397 0.0548508 0.061781 0.0622803 0.0573902 0.0498861 0.0424561 0.0363835 0.0315146 0.0270994
 1.06145e-16 6.29747e-05 0.000612137 0.00406787 0.0184919 0.0575353 0.122586 0.17892 0.178931 0.122643 0.0577292 0.0190534 0.00548241 0.00371773 0.00601308 0.00997803 0.01469 0.0191543 0.0223927 0.0239517 0.0241208 0.0236165 0.0230046 0.0223502 0.0213236 0.0195717
 1.04676e-16 5.65316e-05 0.000549507 0.00365167 0.0166 0.0516488 0.110044 0.160618 0.160642 0.110162 0.0520442 0.0177419 0.00651832 0.00680835 0.0119463 0.0196692 0.0283533 0.0357148 0.0394738 0.0386026 0.0339447 0.0276387 0.0218199 0.0176057 0.014954 0.0131919
 1.08197e-16 3.35924e-05 0.000326531 0.00216991 0.00986413 0.0306912 0.0653924 0.0954508 0.0954921 0.0655946 0.0313707 0.0118282 0.00710548 0.011119 0.0205835 0.0341141 0.0494627 0.0628761 0.0705252 0.0706134 0.0643786 0.0551088 0.0460211 0.0387029 0.0330346 0.0281404
pSPR Fmed_Fpbrs
0.515666   0.6 0.325
Fs Fmed_Fpbrs
0.394314   0.295322 0.729287
SSBpbr Bo_Bmed_Bpbrs
1.47733e+06  687944  812533 406267
Ro
136825
SPR SPRFo_SPRFmed_SPRFpbrs
972412 501440 316034
Fref
0.295322
log_Ro
11.6465
likeval ReclasPelacesDesembMPH_pf_preclas_ppelaces_ptallas_desvR_qrecl_qpela
 12.198 16.2871 0.0333458 0.00081837 217.286 93.9022 70.3363 0 22.3332 5.0683e-06 2.40083e-05 0.167882 4.93657e-16 0 0
q_reclas_q_pelaces
1.37577 2.00792
M
1
N
 168310 35574.8 85218.7 5818.34 0.220974
 93591.7 53057.1 10591.6 25265.7 1724.7
 92872.3 25891.2 13208.7 2616.45 6664.64
 142548 25821.9 6490.33 3286 2307.92
 114964 34512.1 5355.27 1330.81 1146.29
 211760 36821.5 10501.5 1623.39 750.75
 82952.2 60800.4 9645.89 2732.52 617.531
 34826.2 17154.7 10160.5 1586.89 550.664
 34108.9 11599.7 5507.47 3253.21 684.303
 46097.9 8429.22 2474.24 1162.11 830.354
 85772.2 9657.68 1433.9 414.498 333.508
 125191 27919.6 3004.52 444.607 231.89
 104562 28197.4 5244.67 556.914 125.303
 72907.7 24248.3 5512.89 1012.6 131.627
 65963.8 11935.2 2942.01 654.298 135.641
 355938 13383.9 1943.12 471.284 126.43
 71495.9 82726.1 2624.62 376.321 115.68
 571986 19381.9 20031.1 630.262 118.093
 329090 158446 4834.05 4957.56 185.135
 268458 81222.8 33737.7 1018.19 1082.57
 356839 68620.3 18144.9 7462.6 464.422
 485854 98775.4 17097.4 4486.11 1959.05
 94712.3 124479 22136.8 3794.21 1429.53
 282545 27967.6 33886.9 5990.35 1413.11
 237539 85717.2 7900.62 9522.69 2079.89
 106270 72054.7 24210.3 2219.8 3259
 243499 33458.5 21416.5 7165.51 1621.18
 237258 74393.2 9543.34 6077.81 2492.9
 82023.9 74122 21877.7 2794.07 2508.7
pred_Ctot
 15418.2 4362.73 10640.4 727.172 0.0276185
 15016.9 11190.6 2271.47 5423.25 370.222
 14667.3 5378.74 2790.26 553.2 1409.18
 31866.6 7456.63 1903.33 964.426 677.394
 9508.63 3830.15 605.208 150.542 129.676
 29984.2 6888.5 1998.33 309.195 142.997
 24047.7 22335 3593.57 1018.76 230.242
 2099.87 1395.88 842.253 131.674 45.6945
 7308.88 3219.16 1552.47 917.786 193.062
 13126.2 3046.08 906.874 426.265 304.587
 6307.31 955.175 144.439 41.7936 33.6292
 31924 9114.34 995.423 147.417 76.8905
 25358.1 8785.87 1658.91 176.294 39.6669
 27280.4 11204.9 2578.93 474.002 61.6174
 19615.6 4487.43 1121.63 249.632 51.7526
 85980.8 4154.89 612.369 148.642 39.8776
 12189.1 18489.1 596.332 85.5776 26.3075
 91392.7 4071.63 4278.76 134.747 25.2489
 70709.8 44084.8 1366.11 1402.18 52.3653
 53340.4 20992.5 8859.55 267.603 284.536
 57147.7 14447.1 3884.37 1598.97 99.5141
 96003 25396.1 4466.47 1172.93 512.232
 12026.9 20965.6 3793.51 650.798 245.21
 31812.2 4192.52 5169.95 914.771 215.803
 26760.9 12857 1206.05 1455.02 317.813
 9807.85 8901.04 3044.95 279.453 410.299
 26490.2 4851.12 3160.45 1058.41 239.475
 22916.6 9607.09 1254.66 799.806 328.068
 7874.97 9515.91 2859.41 365.531 328.214
F
 0.154438 0.211573 0.215775 0.216 0.216012
 0.285039 0.390491 0.398245 0.398662 0.398684
 0.280001 0.383589 0.391207 0.391616 0.391638
 0.418367 0.573144 0.584525 0.585137 0.585169
 0.138541 0.189794 0.193563 0.193766 0.193777
 0.247855 0.33955 0.346293 0.346656 0.346675
 0.575994 0.789086 0.804756 0.805597 0.805642
 0.0993941 0.136166 0.138869 0.139015 0.139022
 0.397853 0.545041 0.555865 0.556446 0.556477
 0.563015 0.771306 0.786622 0.787445 0.787489
 0.122365 0.167634 0.170963 0.171142 0.171151
 0.490612 0.672117 0.685464 0.686181 0.686219
 0.461431 0.63214 0.644693 0.645368 0.645403
 0.8097 1.10925 1.13128 1.13246 1.13253
 0.595056 0.815201 0.831389 0.832259 0.832304
 0.459223 0.629115 0.641608 0.642279 0.642314
 0.305301 0.418249 0.426554 0.427001 0.427024
 0.283699 0.388655 0.396373 0.396788 0.396809
 0.399135 0.546798 0.557656 0.55824 0.55827
 0.364105 0.498808 0.508713 0.509246 0.509274
 0.284436 0.389665 0.397403 0.397819 0.397841
 0.361768 0.495606 0.505448 0.505977 0.506004
 0.219798 0.301113 0.307093 0.307414 0.307431
 0.192783 0.264105 0.269349 0.269631 0.269646
 0.192908 0.264275 0.269523 0.269805 0.26982
 0.155672 0.213264 0.217499 0.217727 0.217739
 0.185746 0.254464 0.259517 0.259788 0.259803
 0.163434 0.223897 0.228344 0.228583 0.228595
 0.162381 0.222455 0.226873 0.22711 0.227123
nmprior
 8 8 7 0
nm_flota  nm_reclas  nm_pelaces    nm_pelaL
inf 13.1354 13.6623 17.745
cv_recla  cv_pelaces  cv_mph
0.331334 0.494273 0.882836
 ------------------------------------------------
Talla a la edad & desviación 
 8 13.2811 15.8009 17.003 17.5766
 0.8 1.32811 1.58009 1.7003 1.75766
