years
 1991 1992 1993 1994 1995 1996 1997 1998 1999 2000 2001 2002 2003 2004 2005 2006 2007 2008 2009 2010 2011 2012 2013 2014 2015 2016 2017 2018 2019
reclasobs
 0 0 0 0 0 0 0 0 0 252601 567819 844713 477998 351125 339783 2.1784e+06 2.13404e+06 4.81314e+06 1.55562e+06 2.62356e+06 3.21686e+06 3.843e+06 1.13348e+06 3.07943e+06 1.97215e+06 2.03268e+06 2.025e+06 2.42433e+06 2.27542e+06
reclaspred
 3.19031e+06 1.78691e+06 902439 889527 878256 1.40023e+06 874076 773322 567377 417017 494035 638926 628186 485937 488025 1.30388e+06 1.25408e+06 2.84982e+06 2.36157e+06 1.81129e+06 3.18436e+06 2.55173e+06 2.01516e+06 3.09307e+06 2.32804e+06 2.06913e+06 2.51858e+06 2.4904e+06 2.03836e+06
pelacesobs
 0 0 0 0 0 0 0 0 0 0 0 0 0 0 0 552880 188675 0 991730 2.46772e+06 1.41603e+06 1.21717e+06 2.29649e+06 1.80582e+06 0 1.4828e+06 1.56532e+06 1.57751e+06 1.42118e+06
pelacespred
 1.66525e+06 1.03657e+06 523523 421261 434662 714783 410919 453015 319226 222217 272841 295040 318954 259450 267795 596060 574734 1.50526e+06 1.28722e+06 914373 1.55867e+06 1.36167e+06 1.07065e+06 1.79581e+06 1.3027e+06 1.15437e+06 1.60397e+06 1.56855e+06 1.05319e+06
mphobs
 0 0 0 0 0 0 0 0 0 0 0 498337 0 5186 125008 0 168611 109162 213762 579715 649985 157893 87575 83554 0 0 0 0 0
mphpred
 478753 319446 159051 86574.8 92999.7 104781 138715 85245.5 75951.2 52516.7 35086.3 58097.1 62512.7 52720.8 35361.7 44506.8 149010 140641 280883 213530 236245 288319 269694 221269 307153 254099 210446 231043 296419
desembarqueobs
 494567 514787 250237 358949 120608 361735 552515 73892 212993 205616 52469 317467 293654 387597 252695 516296 358380 742168 942051 627588 828172 859565 418607 520667 417249 300574 407403 355545 319650
desembarquepred
 494574 513560 250834 358978 120613 361747 552556 73896.3 213041 205659 52471.5 317529 293702 387630 252690 516261 358406 742082 941866 627462 828227 859565 418611 520686 417245 300573 407396 355526 319642
Reclutas
 195672 112311 110456 181467 145137 253163 104775 47344 45431.6 61106 113783 149476 124337 86544.4 85872.2 475327 98573.5 730108 424724 344512 482589 640037 134138 398325 338421 153164 354166 346287 116003
log_desv_Rt
 0.0893353 -0.465831 -0.482487 0.0139707 -0.209424 0.34693 -0.535289 -1.32966 -1.37089 -1.07449 -0.452812 -0.179969 -0.364107 -0.726445 -0.734242 0.976901 -0.596299 1.40609 0.864337 0.655028 0.992063 1.27442 -0.288233 0.800166 0.637188 -0.155595 0.682665 0.660167 -0.433484
SSB
 3.1597e+06 2.1083e+06 1.04971e+06 571380 613783 691535 915501 562607 501267 346602 231564 383432 412574 347949 233382 293738 983444 928207 1.85379e+06 1.40927e+06 1.55918e+06 1.90286e+06 1.77994e+06 1.46034e+06 2.02717e+06 1.67701e+06 1.38891e+06 1.52485e+06 1.95632e+06
BT
 4.25783e+06 2.89832e+06 1.45644e+06 1.27315e+06 1.09749e+06 1.95705e+06 1.44215e+06 1.10964e+06 947485 710863 674428 946526 1.00252e+06 1.00191e+06 871084 1.79243e+06 1.60512e+06 4.12694e+06 3.87363e+06 2.66823e+06 4.26521e+06 3.94458e+06 2.83426e+06 4.62563e+06 3.38811e+06 2.92799e+06 4.11365e+06 3.97507e+06 2.69379e+06
Ftot
 0.134116 0.244696 0.238842 0.364221 0.124339 0.240194 0.535705 0.0860804 0.333849 0.435002 0.102017 0.448721 0.420465 0.704215 0.483427 0.38556 0.251562 0.249968 0.357246 0.312436 0.238739 0.306687 0.182313 0.158895 0.161138 0.129683 0.152209 0.134668 0.135755
BD_Bspro_t
 0.978809 0.845783 0.686196 0.596012 0.583143 0.657167 0.648805 0.482925 0.540542 0.49892 0.468753 0.676467 0.56178 0.471866 0.362899 0.419619 0.599959 0.573214 0.670743 0.577526 0.556335 0.60187 0.614221 0.606419 0.708825 0.717447 0.725959 0.765684 0.796915
BD_Bspro
 2.48445 1.65774 0.825383 0.449272 0.482613 0.543749 0.719851 0.442374 0.394142 0.27253 0.182077 0.30149 0.324404 0.27359 0.183506 0.230964 0.773274 0.729842 1.45762 1.1081 1.22597 1.4962 1.39955 1.14825 1.59394 1.31862 1.09209 1.19897 1.53824
BD_Bo
 1.63995 1.09425 0.544825 0.296559 0.318567 0.358922 0.475165 0.292005 0.260168 0.179894 0.120187 0.19901 0.214135 0.180593 0.12113 0.152456 0.510429 0.48176 0.962155 0.731441 0.809249 0.987625 0.923828 0.757948 1.05214 0.870405 0.720874 0.791427 1.01537
BD_Brms
 10.2486 6.83836 3.4048 1.8533 1.99084 2.24303 2.96947 1.82484 1.62588 1.12422 0.75109 1.24368 1.3382 1.12859 0.756984 0.952754 3.18985 3.01069 6.01285 4.57103 5.05728 6.17201 5.77332 4.73668 6.57521 5.43947 4.50499 4.94591 6.34543
Sel_flota
 0.810656 0.987856 0.999353 0.999966 0.999998
 0.810656 0.987856 0.999353 0.999966 0.999998
 0.810656 0.987856 0.999353 0.999966 0.999998
 0.810656 0.987856 0.999353 0.999966 0.999998
 0.810656 0.987856 0.999353 0.999966 0.999998
 0.810656 0.987856 0.999353 0.999966 0.999998
 0.810656 0.987856 0.999353 0.999966 0.999998
 0.810656 0.987856 0.999353 0.999966 0.999998
 0.810656 0.987856 0.999353 0.999966 0.999998
 0.810656 0.987856 0.999353 0.999966 0.999998
 0.810656 0.987856 0.999353 0.999966 0.999998
 0.810656 0.987856 0.999353 0.999966 0.999998
 0.810656 0.987856 0.999353 0.999966 0.999998
 0.810656 0.987856 0.999353 0.999966 0.999998
 0.810656 0.987856 0.999353 0.999966 0.999998
 0.810656 0.987856 0.999353 0.999966 0.999998
 0.810656 0.987856 0.999353 0.999966 0.999998
 0.810656 0.987856 0.999353 0.999966 0.999998
 0.810656 0.987856 0.999353 0.999966 0.999998
 0.810656 0.987856 0.999353 0.999966 0.999998
 0.810656 0.987856 0.999353 0.999966 0.999998
 0.810656 0.987856 0.999353 0.999966 0.999998
 0.810656 0.987856 0.999353 0.999966 0.999998
 0.810656 0.987856 0.999353 0.999966 0.999998
 0.810656 0.987856 0.999353 0.999966 0.999998
 0.810656 0.987856 0.999353 0.999966 0.999998
 0.810656 0.987856 0.999353 0.999966 0.999998
 0.810656 0.987856 0.999353 0.999966 0.999998
 0.810656 0.987856 0.999353 0.999966 0.999998
Sel_reclas
 1 1 1 1 1
 1 1 1 1 1
 1 1 1 1 1
 1 1 1 1 1
 1 1 1 1 1
 1 1 1 1 1
 1 1 1 1 1
 1 1 1 1 1
 1 1 1 1 1
 1 1 1 1 1
 1 1 1 1 1
 1 1 1 1 1
 1 1 1 1 1
 1 1 1 1 1
 1 1 1 1 1
 1 1 1 1 1
 1 1 1 1 1
 1 1 1 1 1
 1 1 1 1 1
 1 1 1 1 1
 1 1 1 1 1
 1 1 1 1 1
 1 1 1 1 1
 1 1 1 1 1
 1 1 1 1 1
 1 1 1 1 1
 1 1 1 1 1
 1 1 1 1 1
 1 1 1 1 1
Sel_pelaces
 1 1 1 1 1
 1 1 1 1 1
 1 1 1 1 1
 1 1 1 1 1
 1 1 1 1 1
 1 1 1 1 1
 1 1 1 1 1
 1 1 1 1 1
 1 1 1 1 1
 1 1 1 1 1
 1 1 1 1 1
 1 1 1 1 1
 1 1 1 1 1
 1 1 1 1 1
 1 1 1 1 1
 1 1 1 1 1
 1 1 1 1 1
 1 1 1 1 1
 1 1 1 1 1
 1 1 1 1 1
 1 1 1 1 1
 1 1 1 1 1
 1 1 1 1 1
 1 1 1 1 1
 1 1 1 1 1
 1 1 1 1 1
 1 1 1 1 1
 1 1 1 1 1
 1 1 1 1 1
pf_obs 
 0.8446 0.082 0.0669 0.0065 0
 0.8095 0.147 0.0364 0.0071 0
 0.9664 0.0169 0.016 0.0007 0
 0.9276 0.0648 0.0075 0.0001 0
 0.7033 0.2144 0.0806 0.0017 0
 0.9318 0.0425 0.0243 0.0014 0
 0.5671 0.3108 0.0964 0.0239 0.0018
 0.0768 0.2599 0.5324 0.112 0.0189
 0.490249 0.384438 0.106611 0.0170017 0.00170017
 0.7925 0.1577 0.0466 0.003 0.0002
 0.840416 0.127587 0.0312969 0.00059994 9.999e-05
 0.8084 0.0986 0.0794 0.0134 0.0002
 0.7335 0.1905 0.0724 0.0035 0.0001
 0.4001 0.4547 0.1325 0.0127 0
 0.49795 0.308269 0.164784 0.0264974 0.00249975
 0.9179 0.0499 0.0305 0.0017 0
 0.2467 0.6533 0.0926 0.0074 0
 0.9418 0.0223 0.034 0.0019 0
 0.707729 0.231977 0.0356964 0.0245975 0
 0.517169 0.277429 0.184464 0.0207286 0.00020938
 0.811772 0.124168 0.05621 0.00726502 0.000585176
 0.764997 0.148141 0.077277 0.00933861 0.000247198
 0.163321 0.427699 0.378323 0.0303852 0.000271297
 0.753843 0.0900009 0.118128 0.0371064 0.000921714
 0.721811 0.176058 0.0630433 0.0369309 0.00215725
 0.143369 0.312575 0.442814 0.0836902 0.0175525
 0.692698 0.0596174 0.167031 0.0765114 0.00414204
 0.394062 0.376323 0.152708 0.0712218 0.00568511
 0.125707 0.32114 0.495352 0.0537591 0.00404204
pf_pred 
 0.447818 0.124306 0.403622 0.0242533 8.09608e-07
 0.420829 0.289741 0.0657621 0.210997 0.0126711
 0.563854 0.207224 0.11528 0.0258345 0.0878081
 0.737844 0.161744 0.0480348 0.0263848 0.0259919
 0.653578 0.27023 0.0472591 0.0138462 0.0150866
 0.753425 0.172104 0.0582459 0.0100662 0.00615869
 0.479334 0.412174 0.0760189 0.0254016 0.00707095
 0.458786 0.292977 0.197125 0.0358218 0.0152896
 0.544694 0.231835 0.121624 0.0808873 0.0209597
 0.708919 0.174953 0.0595286 0.0308142 0.025785
 0.818177 0.137418 0.0268428 0.00900586 0.00855614
 0.735302 0.224008 0.0308421 0.00595419 0.00389306
 0.681639 0.248047 0.0596365 0.00809484 0.00258252
 0.62561 0.273632 0.0787498 0.0186685 0.0033399
 0.735449 0.181666 0.0608446 0.0172291 0.00481089
 0.936077 0.049881 0.00968665 0.00319763 0.00115739
 0.379133 0.588973 0.0249642 0.00478181 0.00214826
 0.898827 0.0435857 0.0546649 0.00228765 0.000634615
 0.5991 0.367734 0.0143926 0.017822 0.000952071
 0.617077 0.249751 0.122295 0.00472208 0.00615517
 0.732472 0.178901 0.0580701 0.0280622 0.00249414
 0.739243 0.201518 0.0397831 0.0127506 0.00670481
 0.321412 0.529201 0.115799 0.0225622 0.0110259
 0.741109 0.0954112 0.127837 0.0276326 0.00800971
 0.629647 0.288707 0.0303223 0.0401396 0.011184
 0.439923 0.378817 0.141689 0.0147024 0.0248692
 0.739769 0.127697 0.0899897 0.0332613 0.00928335
 0.659674 0.264754 0.0373145 0.0259815 0.0122754
 0.372005 0.441978 0.145103 0.0202087 0.0207058
pobs_RECLAS
 0 0 0 0 0
 0 0 0 0 0
 0 0 0 0 0
 0 0 0 0 0
 0 0 0 0 0
 0 0 0 0 0
 0 0 0 0 0
 0 0 0 0 0
 0 0 0 0 0
 0 0 0 0 0
 0.991045 0.00858322 0.000360255 1.14367e-05 0
 0.934742 0.0480273 0.0164251 0.00080598 0
 0.827803 0.169806 0.00239088 0 0
 0.941827 0.0461693 0.0120037 0 0
 0.791401 0.0380133 0.147996 0.0225897 0
 0.846168 0.0940531 0.0597789 0 0
 0.134021 0.677848 0.182769 0.00536245 0
 0.80878 0.0450904 0.141981 0.00414843 0
 0.846168 0.0940531 0.0597789 0 0
 0.905697 0.0802665 0.012482 0.00150086 5.37128e-05
 0.989698 0.0102097 9.19794e-05 0 0
 0.975433 0.0193895 0.00387452 0.00125025 5.28907e-05
 0.303575 0.632131 0.0575291 0.00676475 0
 0.966965 0.00978017 0.0227588 0.000495775 0
 0.843318 0.132988 0.00938335 0.0141283 0.000182051
 0.564624 0.303363 0.111486 0.0197234 0.00080311
 0.826376 0.0876187 0.0782897 0.00655872 0.00115652
 0.89761 0.0855135 0.0140674 0.00269457 0.000114338
 0.34875 0.467042 0.161289 0.0227151 0.000203297
ppred_RECLAS
 0.499867 0.113617 0.364619 0.0218961 7.30896e-07
 0.472222 0.265659 0.0595857 0.19106 0.0114734
 0.614215 0.184468 0.101411 0.0227123 0.0771938
 0.776285 0.138681 0.0406927 0.0223377 0.0220043
 0.697856 0.236307 0.0408457 0.0119597 0.0130308
 0.789593 0.147391 0.0492943 0.0085138 0.00520874
 0.532179 0.371304 0.0676419 0.0225877 0.00628744
 0.509798 0.266797 0.177429 0.0322227 0.013753
 0.596088 0.206905 0.107253 0.071284 0.0184707
 0.750532 0.150687 0.0506528 0.0262029 0.0219255
 0.846349 0.116463 0.0224855 0.00753929 0.00716257
 0.773868 0.191732 0.0260789 0.00503139 0.00328958
 0.725118 0.214747 0.0510082 0.00691922 0.00220739
 0.674987 0.238361 0.0677354 0.0160467 0.00287074
 0.774504 0.155448 0.0514305 0.0145539 0.00406376
 0.947442 0.041123 0.00789011 0.00260292 0.0009421
 0.427887 0.543057 0.0227465 0.00435428 0.00195613
 0.916301 0.0363022 0.044993 0.00188171 0.000521988
 0.647302 0.323849 0.0125235 0.0154977 0.000827877
 0.664802 0.219535 0.106222 0.00409887 0.00534264
 0.770839 0.153856 0.0493523 0.0238344 0.0021183
 0.776972 0.172835 0.0337154 0.0107991 0.00567841
 0.367276 0.494724 0.106987 0.0208324 0.0101803
 0.778948 0.0820783 0.108689 0.023479 0.00680552
 0.675623 0.253541 0.026318 0.0348171 0.00970073
 0.490534 0.345904 0.127872 0.0132605 0.0224295
 0.777477 0.109857 0.0765145 0.0282631 0.00788809
 0.703575 0.231216 0.0322081 0.0224121 0.0105887
 0.42062 0.409192 0.132774 0.0184802 0.0189342
pobs_PELACES
 0 0 0 0 0
 0 0 0 0 0
 0 0 0 0 0
 0 0 0 0 0
 0 0 0 0 0
 0 0 0 0 0
 0 0 0 0 0
 0 0 0 0 0
 0 0 0 0 0
 0 0 0 0 0
 0 0 0 0 0
 0 0 0 0 0
 0 0 0 0 0
 0 0 0 0 0
 0 0 0 0 0
 0 0 0 0 0
 0.505614 0.472636 0.0217494 0 0
 0 0 0 0 0
 0.443492 0.261883 0.143347 0.151278 0
 0.227955 0.32914 0.350689 0.0885471 0.00366901
 0.970185 0.0296113 0.000203453 0 0
 0.997202 0.00247181 0.000326279 0 0
 0.445219 0.490057 0.0546422 0.010081 0
 0.90214 0.0892962 0.00764917 0.000914606 0
 0 0 0 0 0
 0.581667 0.319106 0.0959925 0.00289975 0.000334073
 0.762889 0.0836404 0.116647 0.0363945 0.000428098
 0.88444 0.0763242 0.0277011 0.0115352 0
 0.521256 0.241999 0.230069 0.00667565 0
ppred_PELACES
 0.501926 0.113194 0.363076 0.0218028 7.27782e-07
 0.475909 0.26393 0.0591429 0.189631 0.0113875
 0.617634 0.182922 0.10047 0.0225005 0.0764737
 0.780055 0.136417 0.0399733 0.0219412 0.0216136
 0.699409 0.235117 0.0406209 0.0118936 0.0129587
 0.791962 0.145771 0.0487082 0.00841217 0.00514655
 0.540075 0.365192 0.0663935 0.0221684 0.00617069
 0.511093 0.266132 0.176929 0.0321314 0.013714
 0.600931 0.204553 0.105899 0.0703799 0.0182363
 0.755388 0.147853 0.0496181 0.0256654 0.0214757
 0.847136 0.115878 0.0223638 0.00749836 0.00712368
 0.778472 0.187878 0.0255112 0.00492141 0.00321766
 0.730061 0.21096 0.0500287 0.00678578 0.00216481
 0.68411 0.231836 0.0657056 0.0155636 0.00278429
 0.779502 0.152091 0.0502274 0.0142121 0.00396829
 0.948569 0.0402541 0.0077121 0.00254399 0.00092077
 0.431503 0.53965 0.0225822 0.00432261 0.0019419
 0.917456 0.0358205 0.044354 0.00185489 0.000514546
 0.652083 0.319496 0.0123385 0.0152676 0.000815581
 0.668952 0.216906 0.104825 0.00404473 0.00527206
 0.773349 0.152217 0.0487824 0.023558 0.00209373
 0.78011 0.170448 0.0332112 0.0106369 0.00559313
 0.369793 0.492832 0.106504 0.0207376 0.0101339
 0.780609 0.0814927 0.107849 0.0232967 0.00675266
 0.677715 0.251941 0.0261359 0.0345751 0.00963328
 0.492469 0.344645 0.127344 0.0132054 0.0223362
 0.779064 0.109106 0.0759475 0.0280528 0.00782938
 0.705239 0.229945 0.0320147 0.0222769 0.0105248
 0.422593 0.407861 0.132274 0.0184101 0.0188623
pobs_pel_tallas
 0 0 0 0 0 0 0 0 0 0 0 0 0 0 0 0 0 0 0 0 0 0 0 0 0 0
 0 0 0 0 0 0 0 0 0 0 0 0 0 0 0 0 0 0 0 0 0 0 0 0 0 0
 0 0 0 0 0 0 0 0 0 0 0 0 0 0 0 0 0 0 0 0 0 0 0 0 0 0
 0 0 0 0 0 0 0 0 0 0 0 0 0 0 0 0 0 0 0 0 0 0 0 0 0 0
 0 0 0 0 0 0 0 0 0 0 0 0 0 0 0 0 0 0 0 0 0 0 0 0 0 0
 0 0 0 0 0 0 0 0 0 0 0 0 0 0 0 0 0 0 0 0 0 0 0 0 0 0
 0 0 0 0 0 0 0 0 0 0 0 0 0 0 0 0 0 0 0 0 0 0 0 0 0 0
 0 0 0 0 0 0 0 0 0 0 0 0 0 0 0 0 0 0 0 0 0 0 0 0 0 0
 0 0 0 0 0 0 0 0 0 0 0 0 0 0 0 0 0 0 0 0 0 0 0 0 0 0
 0 0 0 0 0 0 0 0 0 0 0 0 0 0 0 0 0 0 0 0 0 0 0 0 0 0
 0 0 0 0 0 0 0 0 0 0 0 0 0 0 0 0 0 0 0 0 0 0 0 0 0 0
 0 0 0 0 0 0 0 0 0 0 0 0 0 0 0 0 0 0 0 0 0 0 0 0 0 0
 0.00862536 0 0 0.000197151 0.00414017 0.0128641 0.00837892 0.0270097 0.101434 0.158115 0.152841 0.127902 0.109271 0.109419 0.0830992 0.0579132 0.0238553 0.00714673 0.00463305 0.00128148 0.00103504 0.000492878 0.000147863 0.000147863 4.92878e-05 0
 0 0 0 0 0 0 0 0 0 0 0 0 0 0 0 0 0 0 0 0 0 0 0 0 0 0
 0 0 0 0 0 0 0 0.0054083 0.00873648 0.0413646 0.0450493 0.0745869 0.0622846 0.0627006 0.0613931 0.0827291 0.12552 0.122667 0.0946155 0.0697135 0.0546179 0.0294188 0.0215738 0.0213955 0.0102223 0.00600262
 0 0 0 0 0.00359764 0.0251062 0.0480494 0.140153 0.205849 0.193036 0.1447 0.116669 0.0760912 0.0342217 0.00950174 0.001854 0.000860785 0 0 0 0.000165536 0 0.000143464 0 0 0
 0 0 0 0 0 0 0 0.000145254 0.000435761 0.0275982 0.070085 0.0708112 0.156366 0.174668 0.174014 0.160142 0.0824315 0.0480064 0.0283245 0.00493863 0.00203355 0 0 0 0 0
 0 0 0 0 0 0 0 0 0 0 0 0 0 0 0 0 0 0 0 0 0 0 0 0 0 0
 0 0 1.00437e-05 0.000401748 0.00122533 0.00171747 0.00176769 0.0269171 0.070346 0.194647 0.189555 0.159765 0.064822 0.0314167 0.0384472 0.0292271 0.0345202 0.0313363 0.0194345 0.0106764 0.0143323 0.0359363 0.0279516 0.0138201 0.00172751 0
 0 0.0021121 0.0136068 0.0755702 0.200478 0.177729 0.0527432 0.0373336 0.0318909 0.0142505 0.0149659 0.0166563 0.0217959 0.0798694 0.0677717 0.0528807 0.04013 0.0224614 0.0357745 0.0225083 0.00881397 0.00855152 0.00135912 0.000746735 0 0
 0 0 0 0 5.4009e-05 0.00500934 0.000945158 0.0243581 0.138947 0.33067 0.221406 0.137944 0.0707744 0.0437923 0.0131692 0.00525238 0.0047753 0.00276346 9.45158e-05 9.00151e-06 2.25038e-05 9.00151e-06 4.50075e-06 0 0 0
 0.000866109 0.00284123 0.00948549 0.0512746 0.133035 0.25785 0.225252 0.132002 0.0553304 0.0519788 0.0540692 0.017754 0.00435017 0.00159236 0.00146478 0.000404838 0.000125132 0.000115318 0.000107957 0.000100596 0 0 0 0 0 0
 0 0 0 0 0.00144013 0.00171154 0.00461396 0.0210425 0.0478622 0.0707936 0.0888783 0.103762 0.0637923 0.0337046 0.0602308 0.124433 0.169614 0.0934646 0.0462172 0.0250306 0.0313229 0.00938855 0.002487 0.000210481 0 0
 0 0.00764035 0.051015 0.0998891 0.058973 0.0496711 0.0374665 0.0718981 0.12319 0.153886 0.159021 0.0857701 0.0377988 0.023471 0.0147837 0.00900784 0.00315554 0.000888139 0.00291439 0.00214683 0.00393193 0.00274676 0.000635225 9.99891e-05 0 0
 0 0 0 0 0 0 0 0 0 0 0 0 0 0 0 0 0 0 0 0 0 0 0 0 0 0
 0 0 0 0 0 0 0 0 0 0 0 0 0 0 0 0 0 0 0 0 0 0 0 0 0 0
 0 0 0 0 0 0 0 0 0 0 0 0 0 0 0 0 0 0 0 0 0 0 0 0 0 0
 0 0 0 0 0 0 0 0 0 0 0 0 0 0 0 0 0 0 0 0 0 0 0 0 0 0
 0 0 0 0 0 0 0 0 0 0 0 0 0 0 0 0 0 0 0 0 0 0 0 0 0 0
ppred_pel_tallas
 1.12694e-16 4.1343e-05 0.000401869 0.00267056 0.01214 0.0377721 0.0804779 0.117462 0.117474 0.0805341 0.0379624 0.0126965 0.00409357 0.00359413 0.00635498 0.0110935 0.0174929 0.0251465 0.0335475 0.0422723 0.050895 0.0586272 0.0641085 0.065757 0.0625722 0.0548122
 1.22719e-16 3.92001e-05 0.000381039 0.00253214 0.0115107 0.0358143 0.0763071 0.111378 0.111403 0.076432 0.0362338 0.0127239 0.00558312 0.00706179 0.0127906 0.0212603 0.031068 0.0400845 0.0462529 0.0488479 0.0489828 0.0488111 0.0500031 0.0526723 0.0554396 0.0563866
 1.18145e-16 5.08737e-05 0.00049451 0.0032862 0.0149386 0.0464796 0.0990303 0.144541 0.144559 0.0991172 0.0467717 0.0157841 0.00541554 0.00516616 0.00899279 0.0149726 0.0220112 0.0286501 0.0334619 0.0358738 0.0365097 0.0366814 0.0374296 0.0388747 0.0402821 0.0406249
 1.07047e-16 6.42521e-05 0.000624553 0.00415038 0.018867 0.0587024 0.125072 0.182549 0.182562 0.125137 0.058919 0.0194932 0.00572447 0.00406829 0.00662706 0.0109149 0.0158648 0.020274 0.0229754 0.0234695 0.022224 0.0203285 0.0187779 0.0179469 0.0175698 0.0170938
 1.04619e-16 5.76095e-05 0.000559985 0.0037213 0.0169165 0.0526336 0.112142 0.16368 0.163702 0.112253 0.0530057 0.0179915 0.00642047 0.00645496 0.0112613 0.0185477 0.0267659 0.0337747 0.0374353 0.0367746 0.0325624 0.0267721 0.0213726 0.0173926 0.0148009 0.013001
 1.03158e-16 6.52329e-05 0.000634087 0.00421373 0.019155 0.0595985 0.126981 0.185336 0.18535 0.12705 0.0598299 0.0198241 0.00589552 0.00431275 0.00707315 0.0116463 0.0169021 0.0215302 0.0242344 0.0244087 0.0224696 0.019517 0.0166138 0.0142634 0.0123954 0.0106995
 1.05277e-16 4.44854e-05 0.000432414 0.00287354 0.0130627 0.0406432 0.0865959 0.126397 0.126432 0.086768 0.0412212 0.0147327 0.00706674 0.00959073 0.0174513 0.0288157 0.0415907 0.0524825 0.0581599 0.0570882 0.0504265 0.0411979 0.0324301 0.025724 0.0210849 0.0176882
 1.10717e-16 4.20982e-05 0.000409209 0.00271934 0.0123617 0.0384621 0.0819485 0.119612 0.119638 0.082075 0.0388876 0.0135938 0.0058229 0.00722063 0.013085 0.0218448 0.0321179 0.0417591 0.0485743 0.0515091 0.0511552 0.0490871 0.0466215 0.0440573 0.0408799 0.0365168
 1.13253e-16 4.94979e-05 0.000481138 0.00319733 0.0145346 0.0452227 0.0963524 0.140633 0.140653 0.0964495 0.0455492 0.0154796 0.00557672 0.00570007 0.0100349 0.0167078 0.0245334 0.0318635 0.0370642 0.039437 0.0396016 0.0389367 0.038536 0.0385295 0.0382068 0.0366694
 1.07678e-16 6.22204e-05 0.000604804 0.00401914 0.0182704 0.0568461 0.121117 0.176777 0.176791 0.121187 0.0570811 0.0189499 0.00572749 0.00434384 0.00719237 0.0118699 0.0172809 0.0221397 0.0251914 0.0258944 0.0247392 0.0228716 0.0213236 0.0204602 0.0199751 0.0192838
 1.02633e-16 6.97775e-05 0.000678262 0.00450729 0.0204895 0.0637505 0.135828 0.198247 0.198258 0.135882 0.063934 0.0210196 0.00583861 0.0035866 0.0055994 0.00916309 0.0132331 0.0167282 0.0185995 0.0183727 0.0164261 0.013722 0.0112111 0.00937535 0.00817617 0.0073051
 1.01823e-16 6.41217e-05 0.000623286 0.00414196 0.0188287 0.0585833 0.124819 0.18218 0.182198 0.124907 0.0588804 0.0196867 0.00629552 0.00532425 0.00899122 0.0147605 0.0212513 0.0267121 0.029402 0.0285169 0.024663 0.0194388 0.0144754 0.0106826 0.00813461 0.00643923
 1.02545e-16 6.01342e-05 0.000584526 0.00388438 0.0176578 0.0549402 0.117057 0.170852 0.170872 0.117156 0.0552745 0.0186237 0.00631018 0.00588496 0.0101409 0.0167069 0.0241467 0.0305421 0.03397 0.0335288 0.0298473 0.0246101 0.0195045 0.0154246 0.0123972 0.0100235
 1.03988e-16 5.63493e-05 0.000547735 0.0036399 0.0165464 0.0514823 0.109689 0.160099 0.160122 0.109799 0.05185 0.0176093 0.00631035 0.00638603 0.0111698 0.0184434 0.0267188 0.033926 0.037984 0.0379206 0.034416 0.0292688 0.024242 0.0202093 0.0171082 0.014456
 1.03586e-16 6.42066e-05 0.000624111 0.00414743 0.0188536 0.0586608 0.124984 0.18242 0.182435 0.125055 0.0589023 0.0195518 0.00590235 0.00446295 0.00737802 0.0121566 0.0176488 0.0224954 0.025351 0.0255916 0.0236585 0.0207002 0.0178157 0.015508 0.0136734 0.0119594
 1.00644e-16 7.81324e-05 0.000759475 0.00504698 0.0229428 0.0713837 0.152091 0.221981 0.221985 0.15211 0.0714474 0.0231269 0.00550934 0.00176944 0.00199807 0.00318439 0.00459113 0.00579783 0.00643403 0.00633111 0.00561669 0.00462247 0.00367929 0.00296004 0.00246195 0.00209195
 1.01552e-16 3.55425e-05 0.000345486 0.00229588 0.0104367 0.0324729 0.0691888 0.100994 0.101046 0.0694425 0.0333244 0.0128951 0.00846229 0.0137925 0.0255316 0.0420416 0.0602985 0.0752778 0.0818829 0.0777638 0.0647466 0.0476635 0.0315597 0.0194214 0.011716 0.00736455
 1.01563e-16 7.55697e-05 0.000734564 0.00488144 0.0221903 0.0690423 0.147102 0.2147 0.214704 0.147119 0.0691002 0.0223584 0.00530618 0.0016714 0.00188289 0.00306621 0.004579 0.00610911 0.00738028 0.00824366 0.00872323 0.00892498 0.00889691 0.00857692 0.00786889 0.00676215
 1.02107e-16 5.37112e-05 0.000522092 0.00346949 0.0157718 0.0490721 0.104555 0.152607 0.152638 0.104705 0.0495763 0.0172275 0.00712107 0.00848578 0.0151557 0.0249119 0.0357461 0.0446722 0.0486922 0.0464409 0.0390217 0.029301 0.0202401 0.013544 0.00939851 0.00707208
 1.04379e-16 5.51007e-05 0.000535598 0.00355924 0.0161798 0.0503415 0.107259 0.156552 0.156573 0.107361 0.0506869 0.0171788 0.00607233 0.00603963 0.0105606 0.0175076 0.0255298 0.032756 0.0372874 0.0382015 0.0360223 0.0322186 0.0281803 0.0245216 0.0211316 0.0176897
 1.04164e-16 6.36998e-05 0.000619185 0.0041147 0.0187048 0.0581978 0.123997 0.18098 0.180995 0.124069 0.0584395 0.0194037 0.0058713 0.00446203 0.00738615 0.012174 0.0176829 0.0225605 0.0254722 0.0258091 0.0240269 0.0212797 0.0186535 0.0166146 0.015005 0.013417
 1.03016e-16 6.42567e-05 0.000624598 0.00415067 0.0188684 0.0587066 0.125081 0.182563 0.18258 0.125162 0.0589765 0.0196481 0.00610876 0.00490193 0.00819608 0.0134704 0.0194515 0.0245748 0.027291 0.0268908 0.0239172 0.0197749 0.0158615 0.0129013 0.0108712 0.00936424
 1.06995e-16 3.04594e-05 0.000296076 0.00196753 0.00894416 0.0278288 0.059294 0.0865514 0.0865989 0.0595265 0.0286094 0.0111995 0.00763158 0.0126703 0.0235595 0.0389739 0.0563122 0.0711738 0.0790755 0.0779321 0.0692578 0.0570499 0.0453059 0.0361327 0.0295503 0.0245278
 1.06613e-16 6.42978e-05 0.000624997 0.00415333 0.0188804 0.058744 0.125161 0.182677 0.182685 0.1252 0.0588762 0.0192641 0.00512418 0.00276978 0.00421232 0.00705771 0.010619 0.0143156 0.0175808 0.0201296 0.0220455 0.0235464 0.0246465 0.0250418 0.0243152 0.0222649
 1.05917e-16 5.58225e-05 0.000542615 0.00360587 0.0163918 0.051001 0.108664 0.158603 0.158627 0.108783 0.0513993 0.0175423 0.00649378 0.00684713 0.0120304 0.0198054 0.0285429 0.0359461 0.0397314 0.0388915 0.0343173 0.0282045 0.0227223 0.018967 0.0168142 0.0154703
 1.08868e-16 4.05641e-05 0.000394298 0.00262025 0.0119113 0.0370606 0.0789628 0.115256 0.115289 0.0791258 0.0376083 0.0134946 0.00660075 0.00910399 0.0166412 0.0276026 0.0401224 0.0512176 0.0578527 0.0586053 0.0544457 0.0479315 0.0415119 0.0363115 0.0321163 0.0281737
 1.06358e-16 6.41705e-05 0.00062376 0.00414511 0.0188431 0.0586278 0.124913 0.182317 0.182327 0.124965 0.0588025 0.019349 0.00542019 0.00342432 0.00543331 0.0090136 0.0132917 0.0173789 0.0204091 0.0219868 0.0223764 0.0222112 0.0219706 0.0216681 0.0209575 0.0194807
 1.04998e-16 5.80896e-05 0.000564652 0.00375231 0.0170575 0.0530723 0.113077 0.165044 0.165066 0.113185 0.053436 0.0181082 0.00639023 0.00632472 0.0110023 0.0181108 0.0261196 0.0329311 0.0364582 0.0357665 0.0316389 0.0260411 0.0209224 0.0172818 0.0150429 0.013549
 1.0896e-16 3.48085e-05 0.000338351 0.00224846 0.0102212 0.0318022 0.0677594 0.0989051 0.0989446 0.0679522 0.0324497 0.0120929 0.00695236 0.0106263 0.0196301 0.0325458 0.047227 0.0601166 0.0675886 0.0679469 0.0623689 0.0539602 0.0457342 0.0391373 0.0339929 0.029424
pSPR Fmed_Fpbrs
0.638361   0.210017 0.210017
Fs Fmed_Fpbrs
0.241344   1.005 1.005
SSBpbr Bo_Bmed_Bpbrs
1.9267e+06  1.1336e+06  308304 308304
Ro
178949
SPR SPRFo_SPRFmed_SPRFpbrs
1.27179e+06 811862 267097
Fref
1.005
log_Ro
11.9149
likeval ReclasPelacesDesembMPH_pf_preclas_ppelaces_ptallas_desvR_qrecl_qpela
 13.2186 16.9853 0.0583729 0.000817173 216.763 95.336 69.3778 0 22.8642 8.09108e-07 0 0.298794 0 0 0
q_reclas_q_pelaces
0.880325 1
M
1
N
 195672 45006.7 144546 8680.65 0.289763
 112311 64567.8 14502.5 46505.6 2792.73
 110456 33882.8 18652.7 4177.81 14199.4
 181467 33481.6 9845.01 5404.88 5324.25
 145137 49690.5 8595.15 2516.78 2742.17
 253163 48273.5 16167.2 2792.51 1708.46
 104775 76655.2 14007.7 4678.35 1302.26
 47344 24966.6 16611.9 3016.95 1287.67
 45431.6 16242.9 8435.98 5607.43 1452.97
 61106 12750.5 4296.77 2223.03 1860.16
 113783 15799.4 3052.17 1023.41 972.277
 149476 38535.9 5255.08 1014 662.97
 124337 38220.6 9100.39 1234.62 393.874
 86544.4 32529.3 9281.43 2199.27 393.451
 85872.2 17989.4 5968.4 1689.2 471.664
 475327 21348.2 4105.08 1354.41 490.218
 98573.5 127925 5366.03 1027.28 461.5
 730108 29573.3 36706 1535.24 425.879
 424724 219325 8498.93 10518.5 561.893
 344512 116960 56692.8 2187.86 2851.77
 482589 98381.4 31601.2 15262.7 1356.49
 640037 146296 28588.7 9157.83 4815.44
 134138 183627 39752.3 7740.94 3782.81
 398325 42566.8 56419.2 12188.2 3532.84
 338421 128825 13384.7 17708 4933.81
 153164 109253 40418.1 4191.57 7089.85
 354166 50722.9 35359 13061.6 3645.44
 346287 115166 16055 11172.4 5278.42
 116003 114217 37089.9 5162.59 5289.42
pred_Ctot
 12856.1 3568.62 11587.3 696.274 0.0232425
 12982.1 8938.2 2028.69 6509.05 390.889
 12486.1 4588.82 2552.78 572.084 1944.44
 30038.8 6584.87 1955.57 1074.17 1058.17
 8869.48 3667.21 641.338 187.902 204.736
 28767.3 6571.29 2223.94 384.347 235.151
 24164.5 20778.8 3832.31 1280.56 356.466
 2028.71 1295.52 871.669 158.401 67.6094
 6960.85 2962.7 1554.28 1033.69 267.852
 11811.6 2914.95 991.827 513.407 429.613
 5747.62 965.35 188.568 63.2653 60.1061
 29675.3 9040.52 1244.72 240.299 157.116
 23338 8492.65 2041.84 277.152 88.4207
 24913.8 10896.9 3136.07 743.44 133.005
 18167 4487.5 1502.98 425.591 118.838
 82726.1 4408.25 856.06 282.591 102.285
 11687.8 18156.6 769.585 147.412 66.2258
 86064.1 4173.39 5234.24 219.046 60.7654
 69113.8 42422.8 1660.37 2056 109.834
 49741.2 20131.9 9857.89 380.636 496.154
 54531 13318.8 4323.19 2089.17 185.683
 90877.8 24773.3 4890.68 1567.48 824.246
 11791 19413.7 4248.05 827.691 404.484
 30752.8 3959.15 5304.7 1146.63 332.369
 26477.1 12140.3 1275.07 1687.89 470.295
 9744.94 8391.36 3138.61 325.68 550.889
 26250.9 4531.35 3193.31 1180.28 329.422
 22841.4 9167.16 1292.02 899.616 425.039
 7710.67 9161.01 3007.58 418.871 429.175
F
 0.108722 0.132488 0.13403 0.134112 0.134116
 0.198364 0.241724 0.244538 0.244687 0.244695
 0.193619 0.235942 0.238688 0.238834 0.238842
 0.295258 0.359798 0.363986 0.364209 0.36422
 0.100796 0.122829 0.124259 0.124335 0.124339
 0.194715 0.237278 0.240039 0.240186 0.240194
 0.434273 0.5292 0.535359 0.535687 0.535704
 0.0697816 0.085035 0.0860247 0.0860775 0.0860802
 0.270637 0.329795 0.333633 0.333838 0.333849
 0.352637 0.429719 0.434721 0.434987 0.435001
 0.0827005 0.100778 0.101951 0.102013 0.102017
 0.363759 0.443272 0.448431 0.448706 0.448721
 0.340853 0.415359 0.420194 0.420451 0.420465
 0.570876 0.695663 0.70376 0.704191 0.704214
 0.391893 0.477556 0.483114 0.48341 0.483426
 0.312557 0.380878 0.385311 0.385547 0.385559
 0.203931 0.248507 0.2514 0.251554 0.251562
 0.202638 0.246932 0.249806 0.249959 0.249967
 0.289604 0.352908 0.357015 0.357234 0.357245
 0.253278 0.308641 0.312234 0.312425 0.312435
 0.193535 0.23584 0.238585 0.238731 0.238739
 0.248618 0.302963 0.306489 0.306677 0.306687
 0.147793 0.180099 0.182195 0.182307 0.182313
 0.12881 0.156966 0.158793 0.15889 0.158895
 0.130628 0.159181 0.161034 0.161133 0.161138
 0.105128 0.128108 0.129599 0.129679 0.129683
 0.123389 0.15036 0.15211 0.152204 0.152208
 0.109169 0.133032 0.134581 0.134663 0.134667
 0.110051 0.134107 0.135668 0.135751 0.135755
nmprior
 8 8 7 0
nm_flota  nm_reclas  nm_pelaces    nm_pelaL
inf 11.6275 15.8573 20.9051
cv_recla  cv_pelaces  cv_mph
0.344917 0.504757 0.88219
 ------------------------------------------------
Talla a la edad & desviación 
 8 13.2811 15.8009 17.003 17.5766
 0.8 1.32811 1.58009 1.7003 1.75766
