years
 1991 1992 1993 1994 1995 1996 1997 1998 1999 2000 2001 2002 2003 2004 2005 2006 2007 2008 2009 2010 2011 2012 2013 2014 2015 2016 2017 2018 2019
reclasobs
 0 0 0 0 0 0 0 0 0 252601 567819 844713 477998 351125 339783 2.1784e+06 2.13404e+06 4.81314e+06 1.55562e+06 2.62356e+06 3.21686e+06 3.843e+06 1.13348e+06 3.07943e+06 1.97215e+06 2.03268e+06 2.025e+06 2.42433e+06 2.27542e+06
reclaspred
 3.19031e+06 1.7869e+06 902438 889527 878257 1.40023e+06 874074 773320 567375 417013 494032 638922 628180 485930 488022 1.30389e+06 1.25408e+06 2.84982e+06 2.36157e+06 1.81129e+06 3.18437e+06 2.55174e+06 2.01517e+06 3.09309e+06 2.32806e+06 2.06915e+06 2.5186e+06 2.49043e+06 2.03837e+06
pelacesobs
 0 0 0 0 0 0 0 0 0 0 0 0 0 0 0 552880 188675 0 991730 2.46772e+06 1.41603e+06 1.21717e+06 2.29649e+06 1.80582e+06 0 1.4828e+06 1.56532e+06 1.57751e+06 1.42118e+06
pelacespred
 1.66521e+06 1.03655e+06 523512 421252 434654 714772 410909 453006 319218 222211 272834 295032 318945 259441 267787 596049 574722 1.50523e+06 1.28719e+06 914356 1.55865e+06 1.36165e+06 1.07063e+06 1.79579e+06 1.30268e+06 1.15435e+06 1.60396e+06 1.56853e+06 1.05318e+06
mphobs
 0 0 0 0 0 0 0 0 0 0 0 498337 0 5186 125008 0 168611 109162 213762 579715 649985 157893 87575 83554 0 0 0 0 0
mphpred
 3.15964e+06 2.10826e+06 1.04969e+06 571369 613771 691523 915485 562594 501256 346593 231557 383422 412562 347937 233372 293729 983426 928188 1.85375e+06 1.40924e+06 1.55915e+06 1.90283e+06 1.77991e+06 1.46031e+06 2.02714e+06 1.67699e+06 1.38889e+06 1.52483e+06 1.95631e+06
desembarqueobs
 494567 514787 250237 358949 120608 361735 552515 73892 212993 205616 52469 317467 293654 387597 252695 516296 358380 742168 942051 627588 828172 859565 418607 520667 417249 300574 407403 355545 319650
desembarquepred
 494574 513560 250834 358978 120613 361747 552556 73896.3 213041 205659 52471.5 317529 293702 387630 252690 516261 358406 742082 941866 627462 828227 859565 418611 520686 417245 300573 407396 355526 319642
Reclutas
 195670 112310 110455 181465 145135 253160 104774 47343.3 45431 61105 113780 149474 124335 86543.1 85871.3 475322 98572 730098 424720 344510 482584 640030 134136 398322 338418 153163 354164 346285 116002
log_desv_Rt
 0.0893387 -0.46583 -0.482484 0.0139702 -0.209424 0.346931 -0.535289 -1.32967 -1.3709 -1.0745 -0.452822 -0.17997 -0.364113 -0.726448 -0.734241 0.976902 -0.596304 1.40609 0.86434 0.655031 0.992064 1.27442 -0.288233 0.80017 0.637191 -0.155591 0.682669 0.660171 -0.433481
SSB
 3.15964e+06 2.10826e+06 1.04969e+06 571369 613771 691523 915485 562594 501256 346593 231557 383422 412562 347937 233372 293729 983426 928188 1.85375e+06 1.40924e+06 1.55915e+06 1.90283e+06 1.77991e+06 1.46031e+06 2.02714e+06 1.67699e+06 1.38889e+06 1.52483e+06 1.95631e+06
BT
 4.25775e+06 2.89827e+06 1.45642e+06 1.27313e+06 1.09748e+06 1.95702e+06 1.44213e+06 1.10962e+06 947467 710849 674411 946508 1.00249e+06 1.00189e+06 871067 1.7924e+06 1.60509e+06 4.12688e+06 3.87357e+06 2.66819e+06 4.26515e+06 3.94452e+06 2.83422e+06 4.62558e+06 3.38807e+06 2.92796e+06 4.11361e+06 3.97504e+06 2.69376e+06
Ftot
 0.134119 0.244701 0.238847 0.364228 0.124342 0.240199 0.535716 0.0860823 0.333857 0.435013 0.10202 0.448733 0.420478 0.704238 0.48344 0.385568 0.251567 0.249973 0.357253 0.312441 0.238743 0.306693 0.182316 0.158898 0.16114 0.129685 0.152211 0.134669 0.135757
BD_Bspro_t
 0.978809 0.845781 0.686191 0.596006 0.583138 0.657162 0.648801 0.482919 0.540537 0.498913 0.468746 0.676461 0.561773 0.471857 0.362889 0.419612 0.599954 0.573208 0.670739 0.577521 0.556331 0.601865 0.614217 0.606415 0.708822 0.717445 0.725957 0.765683 0.796913
BD_Bspro
 2.48443 1.65772 0.825374 0.449268 0.482609 0.543746 0.719847 0.442369 0.394138 0.272526 0.182074 0.301485 0.324398 0.273583 0.1835 0.23096 0.773269 0.729835 1.45761 1.10809 1.22596 1.49619 1.39954 1.14825 1.59394 1.31862 1.09209 1.19898 1.53825
BD_Bo
 1.63994 1.09424 0.544818 0.296556 0.318564 0.358919 0.475161 0.292002 0.260165 0.179891 0.120185 0.199006 0.214131 0.180589 0.121126 0.152453 0.510424 0.481754 0.962146 0.731433 0.809243 0.987618 0.923821 0.757942 1.05214 0.870403 0.720873 0.791428 1.01537
BD_Brms
 10.2485 6.83826 3.40474 1.85327 1.9908 2.243 2.96943 1.82481 1.62585 1.1242 0.751071 1.24365 1.33817 1.12855 0.756955 0.952729 3.1898 3.01063 6.01275 4.57096 5.05721 6.17193 5.77324 4.73662 6.57515 5.43942 4.50496 4.94588 6.3454
Sel_flota
 0.810652 0.987856 0.999353 0.999966 0.999998
 0.810652 0.987856 0.999353 0.999966 0.999998
 0.810652 0.987856 0.999353 0.999966 0.999998
 0.810652 0.987856 0.999353 0.999966 0.999998
 0.810652 0.987856 0.999353 0.999966 0.999998
 0.810652 0.987856 0.999353 0.999966 0.999998
 0.810652 0.987856 0.999353 0.999966 0.999998
 0.810652 0.987856 0.999353 0.999966 0.999998
 0.810652 0.987856 0.999353 0.999966 0.999998
 0.810652 0.987856 0.999353 0.999966 0.999998
 0.810652 0.987856 0.999353 0.999966 0.999998
 0.810652 0.987856 0.999353 0.999966 0.999998
 0.810652 0.987856 0.999353 0.999966 0.999998
 0.810652 0.987856 0.999353 0.999966 0.999998
 0.810652 0.987856 0.999353 0.999966 0.999998
 0.810652 0.987856 0.999353 0.999966 0.999998
 0.810652 0.987856 0.999353 0.999966 0.999998
 0.810652 0.987856 0.999353 0.999966 0.999998
 0.810652 0.987856 0.999353 0.999966 0.999998
 0.810652 0.987856 0.999353 0.999966 0.999998
 0.810652 0.987856 0.999353 0.999966 0.999998
 0.810652 0.987856 0.999353 0.999966 0.999998
 0.810652 0.987856 0.999353 0.999966 0.999998
 0.810652 0.987856 0.999353 0.999966 0.999998
 0.810652 0.987856 0.999353 0.999966 0.999998
 0.810652 0.987856 0.999353 0.999966 0.999998
 0.810652 0.987856 0.999353 0.999966 0.999998
 0.810652 0.987856 0.999353 0.999966 0.999998
 0.810652 0.987856 0.999353 0.999966 0.999998
Sel_reclas
 1 1 1 1 1
 1 1 1 1 1
 1 1 1 1 1
 1 1 1 1 1
 1 1 1 1 1
 1 1 1 1 1
 1 1 1 1 1
 1 1 1 1 1
 1 1 1 1 1
 1 1 1 1 1
 1 1 1 1 1
 1 1 1 1 1
 1 1 1 1 1
 1 1 1 1 1
 1 1 1 1 1
 1 1 1 1 1
 1 1 1 1 1
 1 1 1 1 1
 1 1 1 1 1
 1 1 1 1 1
 1 1 1 1 1
 1 1 1 1 1
 1 1 1 1 1
 1 1 1 1 1
 1 1 1 1 1
 1 1 1 1 1
 1 1 1 1 1
 1 1 1 1 1
 1 1 1 1 1
Sel_pelaces
 1 1 1 1 1
 1 1 1 1 1
 1 1 1 1 1
 1 1 1 1 1
 1 1 1 1 1
 1 1 1 1 1
 1 1 1 1 1
 1 1 1 1 1
 1 1 1 1 1
 1 1 1 1 1
 1 1 1 1 1
 1 1 1 1 1
 1 1 1 1 1
 1 1 1 1 1
 1 1 1 1 1
 1 1 1 1 1
 1 1 1 1 1
 1 1 1 1 1
 1 1 1 1 1
 1 1 1 1 1
 1 1 1 1 1
 1 1 1 1 1
 1 1 1 1 1
 1 1 1 1 1
 1 1 1 1 1
 1 1 1 1 1
 1 1 1 1 1
 1 1 1 1 1
 1 1 1 1 1
pf_obs 
 0.8446 0.082 0.0669 0.0065 0
 0.8095 0.147 0.0364 0.0071 0
 0.9664 0.0169 0.016 0.0007 0
 0.9276 0.0648 0.0075 0.0001 0
 0.7033 0.2144 0.0806 0.0017 0
 0.9318 0.0425 0.0243 0.0014 0
 0.5671 0.3108 0.0964 0.0239 0.0018
 0.0768 0.2599 0.5324 0.112 0.0189
 0.490249 0.384438 0.106611 0.0170017 0.00170017
 0.7925 0.1577 0.0466 0.003 0.0002
 0.840416 0.127587 0.0312969 0.00059994 9.999e-05
 0.8084 0.0986 0.0794 0.0134 0.0002
 0.7335 0.1905 0.0724 0.0035 0.0001
 0.4001 0.4547 0.1325 0.0127 0
 0.49795 0.308269 0.164784 0.0264974 0.00249975
 0.9179 0.0499 0.0305 0.0017 0
 0.2467 0.6533 0.0926 0.0074 0
 0.9418 0.0223 0.034 0.0019 0
 0.707729 0.231977 0.0356964 0.0245975 0
 0.517169 0.277429 0.184464 0.0207286 0.00020938
 0.811772 0.124168 0.05621 0.00726502 0.000585176
 0.764997 0.148141 0.077277 0.00933861 0.000247198
 0.163321 0.427699 0.378323 0.0303852 0.000271297
 0.753843 0.0900009 0.118128 0.0371064 0.000921714
 0.721811 0.176058 0.0630433 0.0369309 0.00215725
 0.143369 0.312575 0.442814 0.0836902 0.0175525
 0.692698 0.0596174 0.167031 0.0765114 0.00414204
 0.394062 0.376323 0.152708 0.0712218 0.00568511
 0.125707 0.32114 0.495352 0.0537591 0.00404204
pf_pred 
 0.447819 0.124306 0.40362 0.0242533 8.10192e-07
 0.420829 0.289742 0.0657622 0.210995 0.012671
 0.563855 0.207224 0.11528 0.0258344 0.0878069
 0.737844 0.161745 0.0480347 0.0263847 0.0259915
 0.653578 0.270231 0.0472591 0.0138461 0.0150864
 0.753425 0.172105 0.0582457 0.0100661 0.00615859
 0.479334 0.412175 0.0760187 0.0254014 0.00707086
 0.458787 0.292978 0.197124 0.0358215 0.0152894
 0.544694 0.231835 0.121624 0.0808869 0.0209595
 0.70892 0.174953 0.0595284 0.030814 0.0257846
 0.818177 0.137419 0.0268427 0.00900579 0.00855601
 0.735304 0.224007 0.0308419 0.0059541 0.00389297
 0.68164 0.248047 0.0596357 0.00809471 0.00258246
 0.625612 0.273631 0.078749 0.0186681 0.0033398
 0.735454 0.181664 0.0608429 0.0172285 0.00481065
 0.936078 0.0498808 0.00968636 0.00319748 0.00115732
 0.379132 0.588974 0.0249639 0.00478164 0.00214815
 0.898827 0.0435857 0.0546648 0.00228762 0.000634587
 0.599101 0.367733 0.0143925 0.0178218 0.000952044
 0.617078 0.249751 0.122293 0.004722 0.00615505
 0.732472 0.178902 0.0580699 0.0280618 0.00249408
 0.739243 0.201518 0.0397831 0.0127505 0.00670468
 0.321412 0.529202 0.115798 0.0225621 0.0110257
 0.74111 0.0954112 0.127837 0.0276324 0.0080096
 0.629647 0.288708 0.0303222 0.0401392 0.0111839
 0.439923 0.378818 0.141689 0.0147023 0.0248689
 0.739769 0.127697 0.0899897 0.0332612 0.00928324
 0.659674 0.264755 0.0373146 0.0259815 0.0122754
 0.372004 0.441979 0.145103 0.0202087 0.0207057
pobs_RECLAS
 0 0 0 0 0
 0 0 0 0 0
 0 0 0 0 0
 0 0 0 0 0
 0 0 0 0 0
 0 0 0 0 0
 0 0 0 0 0
 0 0 0 0 0
 0 0 0 0 0
 0 0 0 0 0
 0.991045 0.00858322 0.000360255 1.14367e-05 0
 0.934742 0.0480273 0.0164251 0.00080598 0
 0.827803 0.169806 0.00239088 0 0
 0.941827 0.0461693 0.0120037 0 0
 0.791401 0.0380133 0.147996 0.0225897 0
 0.846168 0.0940531 0.0597789 0 0
 0.134021 0.677848 0.182769 0.00536245 0
 0.80878 0.0450904 0.141981 0.00414843 0
 0.846168 0.0940531 0.0597789 0 0
 0.905697 0.0802665 0.012482 0.00150086 5.37128e-05
 0.989698 0.0102097 9.19794e-05 0 0
 0.975433 0.0193895 0.00387452 0.00125025 5.28907e-05
 0.303575 0.632131 0.0575291 0.00676475 0
 0.966965 0.00978017 0.0227588 0.000495775 0
 0.843318 0.132988 0.00938335 0.0141283 0.000182051
 0.564624 0.303363 0.111486 0.0197234 0.00080311
 0.826376 0.0876187 0.0782897 0.00655872 0.00115652
 0.89761 0.0855135 0.0140674 0.00269457 0.000114338
 0.34875 0.467042 0.161289 0.0227151 0.000203297
ppred_RECLAS
 0.49987 0.113617 0.364616 0.021896 7.31421e-07
 0.472223 0.26566 0.0595856 0.191058 0.0114733
 0.614217 0.184467 0.101411 0.0227122 0.0771925
 0.776286 0.138681 0.0406924 0.0223375 0.0220039
 0.697858 0.236307 0.0408455 0.0119596 0.0130305
 0.789594 0.14739 0.0492939 0.00851371 0.00520864
 0.53218 0.371304 0.0676416 0.0225875 0.00628733
 0.5098 0.266797 0.177428 0.0322224 0.0137528
 0.596089 0.206905 0.107252 0.0712834 0.0184704
 0.750534 0.150686 0.0506524 0.0262026 0.0219252
 0.84635 0.116463 0.0224853 0.00753919 0.00716243
 0.77387 0.191731 0.0260786 0.00503129 0.00328949
 0.72512 0.214747 0.0510073 0.00691909 0.00220732
 0.67499 0.238358 0.0677344 0.0160462 0.00287063
 0.774509 0.155446 0.0514287 0.0145533 0.00406353
 0.947443 0.0411227 0.00788984 0.00260278 0.000942041
 0.427887 0.543057 0.0227462 0.00435412 0.00195601
 0.916302 0.036302 0.0449928 0.00188168 0.000521962
 0.647305 0.323847 0.0125234 0.0154975 0.00082785
 0.664804 0.219535 0.10622 0.00409878 0.00534252
 0.77084 0.153856 0.0493519 0.023834 0.00211825
 0.776973 0.172834 0.0337153 0.0107989 0.00567828
 0.367277 0.494724 0.106987 0.0208323 0.0101801
 0.77895 0.082078 0.108688 0.0234787 0.00680539
 0.675624 0.253541 0.0263178 0.0348167 0.00970057
 0.490535 0.345903 0.127872 0.0132604 0.0224291
 0.777478 0.109857 0.0765142 0.028263 0.00788796
 0.703575 0.231216 0.032208 0.022412 0.0105886
 0.42062 0.409192 0.132774 0.0184801 0.018934
pobs_PELACES
 0 0 0 0 0
 0 0 0 0 0
 0 0 0 0 0
 0 0 0 0 0
 0 0 0 0 0
 0 0 0 0 0
 0 0 0 0 0
 0 0 0 0 0
 0 0 0 0 0
 0 0 0 0 0
 0 0 0 0 0
 0 0 0 0 0
 0 0 0 0 0
 0 0 0 0 0
 0 0 0 0 0
 0 0 0 0 0
 0.505614 0.472636 0.0217494 0 0
 0 0 0 0 0
 0.443492 0.261883 0.143347 0.151278 0
 0.227955 0.32914 0.350689 0.0885471 0.00366901
 0.970185 0.0296113 0.000203453 0 0
 0.997202 0.00247181 0.000326279 0 0
 0.445219 0.490057 0.0546422 0.010081 0
 0.90214 0.0892962 0.00764917 0.000914606 0
 0 0 0 0 0
 0.581667 0.319106 0.0959925 0.00289975 0.000334073
 0.762889 0.0836404 0.116647 0.0363945 0.000428098
 0.88444 0.0763242 0.0277011 0.0115352 0
 0.521256 0.241999 0.230069 0.00667565 0
ppred_PELACES
 0.501929 0.113194 0.363073 0.0218027 7.28305e-07
 0.475911 0.26393 0.0591427 0.189629 0.0113875
 0.617636 0.182921 0.10047 0.0225003 0.0764723
 0.780055 0.136417 0.039973 0.021941 0.0216132
 0.699411 0.235117 0.0406206 0.0118935 0.0129584
 0.791963 0.145771 0.0487078 0.00841208 0.00514645
 0.540077 0.365192 0.0663931 0.0221681 0.00617058
 0.511095 0.266132 0.176928 0.0321311 0.0137138
 0.600933 0.204553 0.105899 0.0703792 0.018236
 0.75539 0.147852 0.0496177 0.0256651 0.0214753
 0.847137 0.115878 0.0223637 0.00749826 0.00712353
 0.778474 0.187876 0.0255108 0.00492131 0.00321757
 0.730063 0.210959 0.0500278 0.00678564 0.00216474
 0.684114 0.231834 0.0657044 0.0155631 0.00278419
 0.779507 0.152088 0.0502256 0.0142115 0.00396806
 0.94857 0.0402537 0.00771183 0.00254386 0.00092071
 0.431504 0.53965 0.0225819 0.00432245 0.00194179
 0.917457 0.0358203 0.0443537 0.00185485 0.00051452
 0.652085 0.319494 0.0123383 0.0152674 0.000815554
 0.668954 0.216906 0.104824 0.00404464 0.00527194
 0.77335 0.152216 0.048782 0.0235576 0.00209368
 0.780111 0.170448 0.0332111 0.0106368 0.005593
 0.369794 0.492831 0.106504 0.0207375 0.0101337
 0.780611 0.0814923 0.107848 0.0232964 0.00675253
 0.677715 0.251941 0.0261357 0.0345747 0.00963312
 0.492471 0.344645 0.127344 0.0132053 0.0223359
 0.779065 0.109106 0.0759472 0.0280527 0.00782925
 0.705239 0.229945 0.0320146 0.0222768 0.0105247
 0.422593 0.407861 0.132274 0.01841 0.0188622
pobs_pel_tallas
 0 0 0 0 0 0 0 0 0 0 0 0 0 0 0 0 0 0 0 0 0 0 0 0 0 0
 0 0 0 0 0 0 0 0 0 0 0 0 0 0 0 0 0 0 0 0 0 0 0 0 0 0
 0 0 0 0 0 0 0 0 0 0 0 0 0 0 0 0 0 0 0 0 0 0 0 0 0 0
 0 0 0 0 0 0 0 0 0 0 0 0 0 0 0 0 0 0 0 0 0 0 0 0 0 0
 0 0 0 0 0 0 0 0 0 0 0 0 0 0 0 0 0 0 0 0 0 0 0 0 0 0
 0 0 0 0 0 0 0 0 0 0 0 0 0 0 0 0 0 0 0 0 0 0 0 0 0 0
 0 0 0 0 0 0 0 0 0 0 0 0 0 0 0 0 0 0 0 0 0 0 0 0 0 0
 0 0 0 0 0 0 0 0 0 0 0 0 0 0 0 0 0 0 0 0 0 0 0 0 0 0
 0 0 0 0 0 0 0 0 0 0 0 0 0 0 0 0 0 0 0 0 0 0 0 0 0 0
 0 0 0 0 0 0 0 0 0 0 0 0 0 0 0 0 0 0 0 0 0 0 0 0 0 0
 0 0 0 0 0 0 0 0 0 0 0 0 0 0 0 0 0 0 0 0 0 0 0 0 0 0
 0 0 0 0 0 0 0 0 0 0 0 0 0 0 0 0 0 0 0 0 0 0 0 0 0 0
 0.00862536 0 0 0.000197151 0.00414017 0.0128641 0.00837892 0.0270097 0.101434 0.158115 0.152841 0.127902 0.109271 0.109419 0.0830992 0.0579132 0.0238553 0.00714673 0.00463305 0.00128148 0.00103504 0.000492878 0.000147863 0.000147863 4.92878e-05 0
 0 0 0 0 0 0 0 0 0 0 0 0 0 0 0 0 0 0 0 0 0 0 0 0 0 0
 0 0 0 0 0 0 0 0.0054083 0.00873648 0.0413646 0.0450493 0.0745869 0.0622846 0.0627006 0.0613931 0.0827291 0.12552 0.122667 0.0946155 0.0697135 0.0546179 0.0294188 0.0215738 0.0213955 0.0102223 0.00600262
 0 0 0 0 0.00359764 0.0251062 0.0480494 0.140153 0.205849 0.193036 0.1447 0.116669 0.0760912 0.0342217 0.00950174 0.001854 0.000860785 0 0 0 0.000165536 0 0.000143464 0 0 0
 0 0 0 0 0 0 0 0.000145254 0.000435761 0.0275982 0.070085 0.0708112 0.156366 0.174668 0.174014 0.160142 0.0824315 0.0480064 0.0283245 0.00493863 0.00203355 0 0 0 0 0
 0 0 0 0 0 0 0 0 0 0 0 0 0 0 0 0 0 0 0 0 0 0 0 0 0 0
 0 0 1.00437e-05 0.000401748 0.00122533 0.00171747 0.00176769 0.0269171 0.070346 0.194647 0.189555 0.159765 0.064822 0.0314167 0.0384472 0.0292271 0.0345202 0.0313363 0.0194345 0.0106764 0.0143323 0.0359363 0.0279516 0.0138201 0.00172751 0
 0 0.0021121 0.0136068 0.0755702 0.200478 0.177729 0.0527432 0.0373336 0.0318909 0.0142505 0.0149659 0.0166563 0.0217959 0.0798694 0.0677717 0.0528807 0.04013 0.0224614 0.0357745 0.0225083 0.00881397 0.00855152 0.00135912 0.000746735 0 0
 0 0 0 0 5.4009e-05 0.00500934 0.000945158 0.0243581 0.138947 0.33067 0.221406 0.137944 0.0707744 0.0437923 0.0131692 0.00525238 0.0047753 0.00276346 9.45158e-05 9.00151e-06 2.25038e-05 9.00151e-06 4.50075e-06 0 0 0
 0.000866109 0.00284123 0.00948549 0.0512746 0.133035 0.25785 0.225252 0.132002 0.0553304 0.0519788 0.0540692 0.017754 0.00435017 0.00159236 0.00146478 0.000404838 0.000125132 0.000115318 0.000107957 0.000100596 0 0 0 0 0 0
 0 0 0 0 0.00144013 0.00171154 0.00461396 0.0210425 0.0478622 0.0707936 0.0888783 0.103762 0.0637923 0.0337046 0.0602308 0.124433 0.169614 0.0934646 0.0462172 0.0250306 0.0313229 0.00938855 0.002487 0.000210481 0 0
 0 0.00764035 0.051015 0.0998891 0.058973 0.0496711 0.0374665 0.0718981 0.12319 0.153886 0.159021 0.0857701 0.0377988 0.023471 0.0147837 0.00900784 0.00315554 0.000888139 0.00291439 0.00214683 0.00393193 0.00274676 0.000635225 9.99891e-05 0 0
 0 0 0 0 0 0 0 0 0 0 0 0 0 0 0 0 0 0 0 0 0 0 0 0 0 0
 0 0 0 0 0 0 0 0 0 0 0 0 0 0 0 0 0 0 0 0 0 0 0 0 0 0
 0 0 0 0 0 0 0 0 0 0 0 0 0 0 0 0 0 0 0 0 0 0 0 0 0 0
 0 0 0 0 0 0 0 0 0 0 0 0 0 0 0 0 0 0 0 0 0 0 0 0 0 0
 0 0 0 0 0 0 0 0 0 0 0 0 0 0 0 0 0 0 0 0 0 0 0 0 0 0
ppred_pel_tallas
 1.12694e-16 4.13433e-05 0.000401871 0.00267058 0.0121401 0.0377723 0.0804783 0.117463 0.117474 0.0805345 0.0379626 0.0126966 0.00409358 0.00359413 0.00635498 0.0110935 0.0174929 0.0251465 0.0335474 0.0422722 0.0508948 0.0586268 0.0641081 0.0657565 0.0625717 0.0548118
 1.22719e-16 3.92002e-05 0.00038104 0.00253215 0.0115108 0.0358145 0.0763074 0.111378 0.111404 0.0764323 0.0362339 0.0127239 0.00558314 0.0070618 0.0127906 0.0212603 0.0310681 0.0400845 0.0462529 0.0488479 0.0489828 0.0488109 0.0500028 0.0526719 0.0554391 0.0563861
 1.18144e-16 5.08739e-05 0.000494512 0.00328621 0.0149386 0.0464797 0.0990307 0.144542 0.14456 0.0991175 0.0467719 0.0157842 0.00541554 0.00516615 0.00899277 0.0149725 0.0220111 0.0286501 0.0334619 0.0358737 0.0365095 0.0366812 0.0374294 0.0388744 0.0402817 0.0406244
 1.07047e-16 6.42522e-05 0.000624554 0.00415038 0.018867 0.0587024 0.125072 0.182549 0.182563 0.125137 0.058919 0.0194933 0.00572447 0.00406829 0.00662705 0.0109149 0.0158648 0.020274 0.0229754 0.0234694 0.022224 0.0203284 0.0187778 0.0179468 0.0175696 0.0170936
 1.04619e-16 5.76096e-05 0.000559986 0.0037213 0.0169165 0.0526337 0.112142 0.16368 0.163703 0.112253 0.0530058 0.0179915 0.00642047 0.00645494 0.0112612 0.0185476 0.0267658 0.0337746 0.0374351 0.0367744 0.0325622 0.026772 0.0213725 0.0173925 0.0148008 0.0130009
 1.03158e-16 6.5233e-05 0.000634088 0.00421374 0.019155 0.0595985 0.126982 0.185336 0.18535 0.12705 0.05983 0.0198242 0.00589552 0.00431274 0.00707313 0.0116463 0.016902 0.0215301 0.0242343 0.0244086 0.0224695 0.0195169 0.0166137 0.0142633 0.0123953 0.0106994
 1.05277e-16 4.44855e-05 0.000432415 0.00287355 0.0130628 0.0406433 0.0865961 0.126397 0.126432 0.0867683 0.0412213 0.0147327 0.00706674 0.00959072 0.0174512 0.0288157 0.0415906 0.0524824 0.0581598 0.0570881 0.0504263 0.0411978 0.03243 0.0257238 0.0210847 0.0176881
 1.10717e-16 4.20983e-05 0.00040921 0.00271935 0.0123618 0.0384622 0.0819488 0.119612 0.119638 0.0820753 0.0388878 0.0135938 0.0058229 0.00722063 0.013085 0.0218448 0.0321178 0.0417591 0.0485742 0.051509 0.051155 0.0490869 0.0466213 0.044057 0.0408796 0.0365165
 1.13253e-16 4.94981e-05 0.000481139 0.00319734 0.0145346 0.0452228 0.0963527 0.140634 0.140654 0.0964498 0.0455493 0.0154796 0.00557673 0.00570007 0.0100349 0.0167078 0.0245334 0.0318634 0.0370641 0.0394369 0.0396015 0.0389366 0.0385358 0.0385293 0.0382065 0.0366691
 1.07678e-16 6.22205e-05 0.000604805 0.00401915 0.0182705 0.0568463 0.121117 0.176778 0.176792 0.121187 0.0570812 0.0189499 0.00572749 0.00434383 0.00719234 0.0118698 0.0172808 0.0221396 0.0251912 0.0258942 0.0247391 0.0228714 0.0213234 0.02046 0.0199748 0.0192836
 1.02633e-16 6.97775e-05 0.000678263 0.00450729 0.0204895 0.0637505 0.135828 0.198247 0.198258 0.135882 0.063934 0.0210196 0.00583861 0.00358659 0.0055994 0.00916307 0.013233 0.0167282 0.0185995 0.0183726 0.016426 0.0137219 0.011211 0.00937527 0.00817608 0.00730501
 1.01823e-16 6.41219e-05 0.000623288 0.00414197 0.0188288 0.0585835 0.124819 0.182181 0.182199 0.124907 0.0588805 0.0196868 0.00629551 0.0053242 0.00899113 0.0147603 0.0212511 0.0267118 0.0294017 0.0285166 0.0246627 0.0194386 0.0144752 0.0106825 0.00813449 0.00643912
 1.02545e-16 6.01344e-05 0.000584527 0.00388439 0.0176579 0.0549404 0.117057 0.170852 0.170873 0.117156 0.0552746 0.0186237 0.00631018 0.00588495 0.0101409 0.0167068 0.0241466 0.0305419 0.0339699 0.0335287 0.0298471 0.0246099 0.0195043 0.0154244 0.012397 0.0100233
 1.03988e-16 5.63497e-05 0.000547739 0.00363992 0.0165465 0.0514826 0.10969 0.1601 0.160123 0.109799 0.0518503 0.0176094 0.00631034 0.00638597 0.0111697 0.0184432 0.0267185 0.0339256 0.0379835 0.0379201 0.0344155 0.0292684 0.0242416 0.0202089 0.0171078 0.0144557
 1.03586e-16 6.4207e-05 0.000624115 0.00414746 0.0188538 0.0586612 0.124984 0.182421 0.182436 0.125056 0.0589027 0.019552 0.00590234 0.00446289 0.00737788 0.0121563 0.0176485 0.022495 0.0253505 0.025591 0.023658 0.0206996 0.0178152 0.0155075 0.0136729 0.0119589
 1.00644e-16 7.81325e-05 0.000759475 0.00504698 0.0229428 0.0713837 0.152091 0.221982 0.221986 0.15211 0.0714475 0.023127 0.00550934 0.00176943 0.00199805 0.00318436 0.00459108 0.00579777 0.00643395 0.00633103 0.00561661 0.00462238 0.0036792 0.00295995 0.00246186 0.00209187
 1.01552e-16 3.55425e-05 0.000345486 0.00229588 0.0104368 0.0324729 0.0691889 0.100994 0.101046 0.0694426 0.0333244 0.0128951 0.00846229 0.0137925 0.0255316 0.0420416 0.0602985 0.0752778 0.0818829 0.0777638 0.0647466 0.0476634 0.0315596 0.0194213 0.0117159 0.00736445
 1.01563e-16 7.55697e-05 0.000734564 0.00488144 0.0221903 0.0690423 0.147102 0.214701 0.214704 0.147119 0.0691002 0.0223584 0.00530618 0.0016714 0.00188288 0.0030662 0.00457897 0.00610907 0.00738024 0.00824361 0.00872318 0.00892491 0.00889684 0.00857685 0.00786883 0.0067621
 1.02107e-16 5.37115e-05 0.000522095 0.0034695 0.0157719 0.0490723 0.104555 0.152607 0.152638 0.104705 0.0495765 0.0172275 0.00712106 0.00848573 0.0151556 0.0249118 0.0357459 0.0446719 0.0486919 0.0464406 0.0390214 0.0293008 0.02024 0.0135439 0.0093984 0.00707199
 1.04379e-16 5.51009e-05 0.0005356 0.00355925 0.0161799 0.0503417 0.107259 0.156552 0.156573 0.107362 0.050687 0.0171789 0.00607234 0.00603962 0.0105606 0.0175075 0.0255297 0.0327558 0.0372872 0.0382013 0.0360221 0.0322183 0.0281801 0.0245213 0.0211313 0.0176894
 1.04164e-16 6.36999e-05 0.000619185 0.00411471 0.0187049 0.0581979 0.123997 0.180981 0.180995 0.124069 0.0584396 0.0194037 0.00587131 0.00446202 0.00738614 0.012174 0.0176829 0.0225604 0.0254722 0.025809 0.0240269 0.0212796 0.0186533 0.0166145 0.0150049 0.0134168
 1.03016e-16 6.42568e-05 0.000624599 0.00415068 0.0188684 0.0587066 0.125081 0.182563 0.18258 0.125162 0.0589765 0.0196481 0.00610876 0.00490192 0.00819606 0.0134703 0.0194514 0.0245747 0.027291 0.0268908 0.0239171 0.0197748 0.0158614 0.0129012 0.0108712 0.00936415
 1.06995e-16 3.04595e-05 0.000296078 0.00196754 0.00894419 0.0278289 0.0592943 0.0865517 0.0865992 0.0595267 0.0286095 0.0111995 0.00763158 0.0126703 0.0235595 0.0389739 0.0563122 0.0711737 0.0790754 0.077932 0.0692576 0.0570497 0.0453057 0.0361325 0.0295502 0.0245277
 1.06613e-16 6.42979e-05 0.000624999 0.00415334 0.0188805 0.0587442 0.125161 0.182678 0.182686 0.1252 0.0588763 0.0192642 0.00512419 0.00276977 0.0042123 0.00705768 0.0106189 0.0143156 0.0175806 0.0201294 0.0220454 0.0235462 0.0246463 0.0250415 0.024315 0.0222647
 1.05917e-16 5.58226e-05 0.000542615 0.00360587 0.0163918 0.051001 0.108664 0.158603 0.158628 0.108783 0.0513994 0.0175423 0.00649378 0.00684713 0.0120304 0.0198054 0.0285429 0.0359461 0.0397314 0.0388915 0.0343172 0.0282045 0.0227222 0.0189669 0.0168141 0.0154702
 1.08868e-16 4.05642e-05 0.000394299 0.00262026 0.0119113 0.0370607 0.078963 0.115256 0.115289 0.079126 0.0376083 0.0134947 0.00660075 0.00910398 0.0166412 0.0276026 0.0401223 0.0512175 0.0578526 0.0586052 0.0544456 0.0479314 0.0415118 0.0363113 0.0321161 0.0281736
 1.06358e-16 6.41706e-05 0.000623761 0.00414511 0.0188431 0.0586279 0.124913 0.182317 0.182327 0.124965 0.0588026 0.019349 0.00542019 0.00342432 0.00543331 0.00901359 0.0132917 0.0173788 0.0204091 0.0219868 0.0223763 0.0222112 0.0219705 0.021668 0.0209574 0.0194806
 1.04998e-16 5.80897e-05 0.000564652 0.00375231 0.0170575 0.0530723 0.113077 0.165044 0.165066 0.113185 0.053436 0.0181082 0.00639023 0.00632472 0.0110023 0.0181108 0.0261196 0.0329311 0.0364582 0.0357664 0.0316388 0.026041 0.0209223 0.0172818 0.0150428 0.0135489
 1.0896e-16 3.48085e-05 0.000338351 0.00224847 0.0102212 0.0318022 0.0677595 0.0989052 0.0989446 0.0679522 0.0324497 0.0120929 0.00695236 0.0106263 0.0196301 0.0325458 0.047227 0.0601167 0.0675886 0.0679469 0.0623689 0.0539602 0.0457341 0.0391372 0.0339928 0.029424
pSPR Fmed_Fpbrs
0.638357   0.210018 0.210018
Fs Fmed_Fpbrs
0.241349   1.005 1.005
SSBpbr Bo_Bmed_Bpbrs
1.92668e+06  1.13358e+06  308303 308303
Ro
178947
SPR SPRFo_SPRFmed_SPRFpbrs
1.27178e+06 811847 267096
Fref
1.005
log_Ro
11.9148
likeval ReclasPelacesDesembMPH_pf_preclas_ppelaces_ptallas_desvR_qrecl_qpela
 13.2185 16.9854 0.0583718 0.00277565 216.763 95.3359 69.3778 0 22.8643 8.08885e-07 0 0.298789 0 0 0
q_reclas_q_pelaces
0.880341 1
M
1
N
 195670 45006.2 144544 8680.51 0.289967
 112310 64567.2 14502.3 46504.5 2792.67
 110455 33882.3 18652.4 4177.73 14199
 181465 33481.2 9844.84 5404.78 5324.09
 145135 49689.8 8594.99 2516.72 2742.08
 253160 48272.8 16166.9 2792.45 1708.41
 104774 76654.2 14007.4 4678.25 1302.23
 47343.3 24966.2 16611.5 3016.87 1287.62
 45431 16242.7 8435.81 5607.29 1452.92
 61105 12750.3 4296.67 2222.97 1860.1
 113780 15799 3052.08 1023.38 972.236
 149474 38535 5254.94 1013.96 662.943
 124335 38219.8 9100.07 1234.57 393.855
 86543.1 32528.5 9281.13 2199.16 393.43
 85871.3 17988.8 5968.11 1689.11 471.631
 475322 21347.8 4104.9 1354.32 490.183
 98572 127923 5365.89 1027.23 461.466
 730098 29572.8 36705.2 1535.2 425.852
 424720 219321 8498.73 10518.2 561.869
 344510 116959 56691.4 2187.8 2851.68
 482584 98380.3 31600.6 15262.3 1356.44
 640030 146294 28588.3 9157.62 4815.27
 134136 183625 39751.5 7740.78 3782.68
 398322 42566.3 56418.2 12188 3532.74
 338418 128824 13384.5 17707.6 4933.68
 153163 109252 40417.6 4191.5 7089.68
 354164 50722.6 35358.7 13061.5 3645.35
 346285 115166 16054.8 11172.2 5278.33
 116002 114216 37089.6 5162.53 5289.34
pred_Ctot
 12856.2 3568.65 11587.3 696.275 0.0232594
 12982.2 8938.28 2028.7 6509.01 390.889
 12486.2 4588.84 2552.79 572.084 1944.42
 30038.8 6584.91 1955.57 1074.17 1058.16
 8869.5 3667.21 641.338 187.901 204.733
 28767.3 6571.3 2223.94 384.345 235.147
 24164.5 20778.8 3832.31 1280.55 356.461
 2028.72 1295.52 871.668 158.4 67.6085
 6960.87 2962.71 1554.29 1033.69 267.849
 11811.6 2914.96 991.826 513.404 429.608
 5747.62 965.353 188.568 63.2649 60.1052
 29675.5 9040.5 1244.72 240.296 157.113
 23338.1 8492.69 2041.82 277.148 88.4186
 24913.9 10896.9 3136.04 743.423 133.002
 18167.2 4487.46 1502.94 425.577 118.832
 82726.4 4408.24 856.037 282.579 102.279
 11687.7 18156.7 769.579 147.407 66.2222
 86064.1 4173.4 5234.24 219.043 60.7627
 69114.1 42422.8 1660.36 2055.98 109.831
 49741.4 20131.9 9857.82 380.63 496.146
 54531 13318.9 4323.18 2089.14 185.679
 90877.8 24773.4 4890.68 1567.47 824.23
 11791 19413.7 4248.05 827.687 404.478
 30752.9 3959.16 5304.69 1146.63 332.364
 26477 12140.3 1275.07 1687.88 470.289
 9744.94 8391.37 3138.61 325.678 550.883
 26250.9 4531.37 3193.31 1180.28 329.418
 22841.3 9167.19 1292.02 899.615 425.037
 7710.64 9161.02 3007.59 418.871 429.173
F
 0.108724 0.13249 0.134032 0.134114 0.134119
 0.198367 0.241729 0.244542 0.244692 0.2447
 0.193622 0.235947 0.238693 0.238839 0.238847
 0.295262 0.359805 0.363993 0.364216 0.364228
 0.100798 0.122832 0.124261 0.124337 0.124341
 0.194717 0.237282 0.240043 0.24019 0.240198
 0.434279 0.52921 0.535369 0.535697 0.535715
 0.0697828 0.0850369 0.0860266 0.0860793 0.0860821
 0.270642 0.329803 0.333641 0.333846 0.333856
 0.352644 0.42973 0.434732 0.434999 0.435013
 0.0827024 0.100781 0.101954 0.102016 0.10202
 0.363766 0.443284 0.448443 0.448718 0.448732
 0.340861 0.415371 0.420206 0.420463 0.420477
 0.570892 0.695686 0.703783 0.704214 0.704237
 0.391902 0.47757 0.483128 0.483424 0.48344
 0.312561 0.380886 0.385319 0.385555 0.385567
 0.203934 0.248512 0.251405 0.251559 0.251567
 0.202641 0.246937 0.249811 0.249964 0.249972
 0.289608 0.352914 0.357022 0.357241 0.357252
 0.253281 0.308647 0.312239 0.312431 0.312441
 0.193538 0.235844 0.238589 0.238735 0.238743
 0.248621 0.302968 0.306495 0.306683 0.306692
 0.147795 0.180102 0.182198 0.18231 0.182316
 0.128811 0.156968 0.158795 0.158893 0.158898
 0.130629 0.159183 0.161036 0.161135 0.16114
 0.105129 0.12811 0.129601 0.12968 0.129684
 0.12339 0.150362 0.152112 0.152205 0.15221
 0.10917 0.133034 0.134582 0.134665 0.134669
 0.110051 0.134108 0.135669 0.135752 0.135756
nmprior
 8 8 7 0
nm_flota  nm_reclas  nm_pelaces    nm_pelaL
inf 11.6275 15.8573 20.9051
cv_recla  cv_pelaces  cv_mph
0.344916 0.504758 1.62588
 ------------------------------------------------
Talla a la edad & desviación 
 8 13.2811 15.8009 17.003 17.5766
 0.8 1.32811 1.58009 1.7003 1.75766
