years
 1991 1992 1993 1994 1995 1996 1997 1998 1999 2000 2001 2002 2003 2004 2005 2006 2007 2008 2009 2010 2011 2012 2013 2014 2015 2016 2017 2018
reclasobs
 0 0 0 0 0 0 0 0 0 252601 567819 844713 477998 351125 339783 2.1784e+06 2.13404e+06 4.81314e+06 1.55562e+06 2.62356e+06 3.21686e+06 3.843e+06 1.13348e+06 3.07943e+06 1.97215e+06 2.03268e+06 2.025e+06 2.42433e+06
reclaspred
 3.17888e+06 1.78377e+06 897951 892750 884581 1.42699e+06 894279 786421 574680 419598 496071 642660 630956 487367 487518 1.31636e+06 1.26261e+06 2.87515e+06 2.38433e+06 1.82677e+06 3.21313e+06 2.58147e+06 2.03489e+06 3.14146e+06 2.37777e+06 2.09017e+06 2.20486e+06 2.20935e+06
pelacesobs
 0 0 0 0 0 0 0 0 0 0 0 0 0 0 0 552880 188675 0 991730 2.46772e+06 1.41603e+06 1.21717e+06 2.29649e+06 1.80582e+06 0 1.4828e+06 1.56532e+06 1.57751e+06
pelacespred
 1.63213e+06 1.0174e+06 512585 416383 430965 717900 415152 454136 318880 220363 270015 292174 315344 255794 263120 592591 570031 1.49613e+06 1.28026e+06 909241 1.54916e+06 1.35781e+06 1.06541e+06 1.79759e+06 1.3107e+06 1.14812e+06 1.37111e+06 1.36416e+06
mphobs
 0 0 0 0 0 0 0 0 0 0 0 498337 0 5186 125008 0 168611 109162 213762 579715 649985 157893 87575 83554 0 0 0 0
mphpred
 472693 315756 157485 85329.6 92580.2 104965 140719 86625.4 76769 52730.4 34953.8 57927.5 62334.9 52536.5 35117.8 44094 149269 140523 281366 213965 236383 288827 270690 221860 309973 258050 210139 196295
desembarqueobs
 494567 514787 250237 358949 120608 361735 552515 73892 212993 205616 52469 317467 293654 387597 252695 516296 358380 742168 942051 627588 828172 859565 418607 520667 417249 300574 407403 355545
desembarquepred
 494575 513577 250834 358976 120613 361746 552554 73896.2 213040 205659 52471.4 317528 293701 387628 252690 516261 358405 742083 941863 627462 828223 859560 418610 520683 417242 300571 407401 355545
Reclutas
 194833 113331 107799 182890 145236 256189 105725 47060.4 45104.3 60633.7 112810 149141 123787 86231.3 84953.1 474704 97669.2 727879 424517 343341 481718 641606 133545 400418 343561 148216 278238 316258
log_desv_Rt
 0.0840809 -0.457745 -0.50779 0.0208237 -0.209704 0.357852 -0.527222 -1.33663 -1.37908 -1.08321 -0.462356 -0.183172 -0.369497 -0.731029 -0.745962 0.97463 -0.606476 1.40207 0.862891 0.650661 0.989298 1.27591 -0.293621 0.804448 0.651302 -0.189389 0.440416 0.568498
SSB
 3.09574e+06 2.06793e+06 1.03139e+06 558836 606321 687431 921590 567322 502771 345339 228918 379376 408240 344069 229992 288778 977583 920307 1.84271e+06 1.40129e+06 1.54811e+06 1.89157e+06 1.77279e+06 1.453e+06 2.03006e+06 1.69001e+06 1.37623e+06 1.28556e+06
BT
 4.17984e+06 2.8529e+06 1.43027e+06 1.26136e+06 1.08864e+06 1.96429e+06 1.45038e+06 1.11242e+06 946349 706754 667756 939796 994424 993960 860150 1.78353e+06 1.59398e+06 4.10664e+06 3.85705e+06 2.65372e+06 4.24597e+06 3.93211e+06 2.82211e+06 4.63037e+06 3.40451e+06 2.91331e+06 3.57894e+06 3.5057e+06
Ftot
 0.135062 0.246172 0.240317 0.357425 0.122012 0.230819 0.520891 0.0838877 0.325987 0.426836 0.0988596 0.437208 0.41119 0.687283 0.469727 0.36758 0.247452 0.24036 0.34822 0.305143 0.232431 0.297759 0.179582 0.152975 0.156074 0.127187 0.168288 0.148497
BD_Bspro_t
 0.978622 0.843252 0.681208 0.58862 0.577481 0.653294 0.648834 0.483048 0.539051 0.496387 0.464546 0.673715 0.558598 0.468667 0.35906 0.415438 0.598043 0.57062 0.66905 0.57555 0.553754 0.5996 0.611747 0.603538 0.707889 0.717462 0.721145 0.734482
BD_Bspro
 2.43743 1.62819 0.812066 0.44 0.477387 0.541249 0.725613 0.446681 0.395857 0.271903 0.180238 0.298701 0.321428 0.270903 0.181084 0.227369 0.7697 0.724603 1.45086 1.1033 1.2189 1.48933 1.39581 1.14402 1.59837 1.33063 1.08358 1.01219
BD_Bo
 1.64007 1.09556 0.546415 0.296063 0.32122 0.36419 0.488244 0.300558 0.26636 0.182955 0.121277 0.200987 0.216279 0.182283 0.121846 0.15299 0.517908 0.487564 0.976238 0.742379 0.820162 1.00213 0.939196 0.769775 1.07549 0.895338 0.729106 0.681071
BD_Brms
 11.1671 7.45957 3.72049 2.01586 2.18716 2.47974 3.32441 2.04648 1.81362 1.24573 0.825765 1.3685 1.47263 1.24115 0.829638 1.0417 3.52639 3.31978 6.64712 5.0548 5.58441 6.82338 6.3949 5.24133 7.32294 6.09628 4.96442 4.63736
Sel_flota
 0.86408 1 1 1 1
 0.86408 1 1 1 1
 0.86408 1 1 1 1
 0.86408 1 1 1 1
 0.86408 1 1 1 1
 0.86408 1 1 1 1
 0.86408 1 1 1 1
 0.86408 1 1 1 1
 0.86408 1 1 1 1
 0.86408 1 1 1 1
 0.86408 1 1 1 1
 0.86408 1 1 1 1
 0.86408 1 1 1 1
 0.86408 1 1 1 1
 0.86408 1 1 1 1
 0.86408 1 1 1 1
 0.86408 1 1 1 1
 0.86408 1 1 1 1
 0.86408 1 1 1 1
 0.86408 1 1 1 1
 0.86408 1 1 1 1
 0.86408 1 1 1 1
 0.86408 1 1 1 1
 0.86408 1 1 1 1
 0.86408 1 1 1 1
 0.86408 1 1 1 1
 0.86408 1 1 1 1
 0.86408 1 1 1 1
Sel_reclas
 1 1 1 1 1
 1 1 1 1 1
 1 1 1 1 1
 1 1 1 1 1
 1 1 1 1 1
 1 1 1 1 1
 1 1 1 1 1
 1 1 1 1 1
 1 1 1 1 1
 1 1 1 1 1
 1 1 1 1 1
 1 1 1 1 1
 1 1 1 1 1
 1 1 1 1 1
 1 1 1 1 1
 1 1 1 1 1
 1 1 1 1 1
 1 1 1 1 1
 1 1 1 1 1
 1 1 1 1 1
 1 1 1 1 1
 1 1 1 1 1
 1 1 1 1 1
 1 1 1 1 1
 1 1 1 1 1
 1 1 1 1 1
 1 1 1 1 1
 1 1 1 1 1
Sel_pelaces
 1 1 1 1 1
 1 1 1 1 1
 1 1 1 1 1
 1 1 1 1 1
 1 1 1 1 1
 1 1 1 1 1
 1 1 1 1 1
 1 1 1 1 1
 1 1 1 1 1
 1 1 1 1 1
 1 1 1 1 1
 1 1 1 1 1
 1 1 1 1 1
 1 1 1 1 1
 1 1 1 1 1
 1 1 1 1 1
 1 1 1 1 1
 1 1 1 1 1
 1 1 1 1 1
 1 1 1 1 1
 1 1 1 1 1
 1 1 1 1 1
 1 1 1 1 1
 1 1 1 1 1
 1 1 1 1 1
 1 1 1 1 1
 1 1 1 1 1
 1 1 1 1 1
pf_obs 
 0.8446 0.082 0.0669 0.0065 0
 0.8095 0.147 0.0364 0.0071 0
 0.9664 0.0169 0.016 0.0007 0
 0.9276 0.0648 0.0075 0.0001 0
 0.7033 0.2144 0.0806 0.0017 0
 0.9318 0.0425 0.0243 0.0014 0
 0.5671 0.3108 0.0964 0.0239 0.0018
 0.0768 0.2599 0.5324 0.112 0.0189
 0.490249 0.384438 0.106611 0.0170017 0.00170017
 0.7925 0.1577 0.0466 0.003 0.0002
 0.840416 0.127587 0.0312969 0.00059994 9.999e-05
 0.8084 0.0986 0.0794 0.0134 0.0002
 0.7335 0.1905 0.0724 0.0035 0.0001
 0.4001 0.4547 0.1325 0.0127 0
 0.49795 0.308269 0.164784 0.0264974 0.00249975
 0.9179 0.0499 0.0305 0.0017 0
 0.2467 0.6533 0.0926 0.0074 0
 0.9418 0.0223 0.034 0.0019 0
 0.707729 0.231977 0.0356964 0.0245975 0
 0.517169 0.277429 0.184464 0.0207286 0.00020938
 0.811772 0.124168 0.05621 0.00726502 0.000585176
 0.764997 0.148141 0.077277 0.00933861 0.000247198
 0.163321 0.427699 0.378323 0.0303852 0.000271297
 0.753843 0.0900009 0.118128 0.0371064 0.000921714
 0.721811 0.176058 0.0630433 0.0369309 0.00215725
 0.143369 0.312575 0.442814 0.0836902 0.0175525
 0.692698 0.0596174 0.167031 0.0765114 0.00414204
 0.394062 0.376323 0.152708 0.0712218 0.00568511
pf_pred 
 0.465495 0.123633 0.387392 0.0234787 7.96237e-07
 0.439878 0.282682 0.0641729 0.20108 0.0121873
 0.573966 0.20498 0.111561 0.025326 0.0841666
 0.754229 0.150878 0.0456563 0.0248486 0.0243879
 0.667598 0.261041 0.0438085 0.0132566 0.0142962
 0.765771 0.164252 0.0549543 0.00922257 0.00580042
 0.491152 0.404046 0.0734917 0.0245883 0.00672177
 0.470144 0.28536 0.19414 0.0353119 0.0150442
 0.555951 0.225713 0.117587 0.0799986 0.0207501
 0.719094 0.168018 0.057382 0.0298936 0.0256128
 0.827374 0.13021 0.0253704 0.00866458 0.00838137
 0.745912 0.215536 0.029079 0.0056658 0.00380676
 0.693651 0.238627 0.0574474 0.00775049 0.00252474
 0.638354 0.264208 0.075898 0.0182718 0.00326815
 0.746096 0.173727 0.0585746 0.0168265 0.00477538
 0.939967 0.0468011 0.00905329 0.00305245 0.00112572
 0.389771 0.579222 0.0241733 0.00467612 0.00215807
 0.904245 0.0411712 0.0518105 0.00216227 0.000611309
 0.611846 0.356194 0.0137417 0.0172928 0.000925738
 0.629948 0.241447 0.118015 0.00455295 0.00603623
 0.743977 0.17125 0.055312 0.0270355 0.00242583
 0.750519 0.193129 0.0376926 0.0121743 0.00648452
 0.332801 0.521129 0.113077 0.022069 0.0109247
 0.753924 0.0908927 0.121209 0.0263006 0.007674
 0.644701 0.277887 0.0285935 0.0381306 0.0106879
 0.442682 0.379065 0.139415 0.0143453 0.0244922
 0.705178 0.141961 0.10397 0.0382387 0.0106523
 0.696525 0.223739 0.038394 0.028119 0.0132228
pobs_RECLAS
 0 0 0 0 0
 0 0 0 0 0
 0 0 0 0 0
 0 0 0 0 0
 0 0 0 0 0
 0 0 0 0 0
 0 0 0 0 0
 0 0 0 0 0
 0 0 0 0 0
 0 0 0 0 0
 0.991045 0.00858322 0.000360255 1.14367e-05 0
 0.934742 0.0480273 0.0164251 0.00080598 0
 0.827803 0.169806 0.00239088 0 0
 0.941827 0.0461693 0.0120037 0 0
 0.791401 0.0380133 0.147996 0.0225897 0
 0.846168 0.0940531 0.0597789 0 0
 0.134021 0.677848 0.182769 0.00536245 0
 0.80878 0.0450904 0.141981 0.00414843 0
 0.846168 0.0940531 0.0597789 0 0
 0.905697 0.0802665 0.012482 0.00150086 5.37128e-05
 0.989698 0.0102097 9.19794e-05 0 0
 0.975433 0.0193895 0.00387452 0.00125025 5.28907e-05
 0.303575 0.632131 0.0575291 0.00676475 0
 0.966965 0.00978017 0.0227588 0.000495775 0
 0.843318 0.132988 0.00938335 0.0141283 0.000182051
 0.564624 0.303363 0.111486 0.0197234 0.00080311
 0.826376 0.0876187 0.0782897 0.00655872 0.00115652
 0.89761 0.0855135 0.0140674 0.00269457 0.000114338
ppred_RECLAS
 0.502384 0.1151 0.360656 0.0218583 7.41284e-07
 0.47696 0.263967 0.0599244 0.187768 0.0113804
 0.610019 0.187634 0.10212 0.0231828 0.0770441
 0.781193 0.134325 0.0406473 0.0221225 0.0217123
 0.699504 0.235984 0.0396034 0.0119841 0.0129239
 0.791464 0.146235 0.0489262 0.00821092 0.00516415
 0.529753 0.373395 0.0679166 0.0227231 0.00621186
 0.506882 0.265574 0.180679 0.0328636 0.0140011
 0.592791 0.206987 0.107832 0.0733615 0.0190286
 0.748873 0.150206 0.0512989 0.0267246 0.0228976
 0.847408 0.115098 0.022426 0.00765899 0.00740866
 0.773778 0.191898 0.0258899 0.00504444 0.00338927
 0.725035 0.21418 0.051562 0.00695647 0.00226609
 0.674047 0.238132 0.068407 0.0164684 0.0029456
 0.774061 0.154593 0.0521232 0.0149732 0.00424942
 0.947969 0.0405634 0.00784665 0.00264561 0.00097568
 0.425846 0.54498 0.0227442 0.00439969 0.00203049
 0.916418 0.0359371 0.0452238 0.00188738 0.000533593
 0.647084 0.323857 0.0124942 0.0157229 0.000841696
 0.664275 0.21905 0.107068 0.00413061 0.00547629
 0.771351 0.15294 0.0493979 0.0241448 0.00216645
 0.777589 0.172174 0.0336028 0.0108534 0.00578093
 0.36653 0.494784 0.107361 0.0209533 0.0103725
 0.780345 0.0811336 0.108195 0.0234767 0.00685005
 0.677848 0.251962 0.025926 0.0345733 0.00969081
 0.479358 0.35412 0.130241 0.0134013 0.0228804
 0.735036 0.127584 0.0934401 0.0343661 0.0095735
 0.726864 0.201371 0.0345557 0.0253079 0.0119009
pobs_PELACES
 0 0 0 0 0
 0 0 0 0 0
 0 0 0 0 0
 0 0 0 0 0
 0 0 0 0 0
 0 0 0 0 0
 0 0 0 0 0
 0 0 0 0 0
 0 0 0 0 0
 0 0 0 0 0
 0 0 0 0 0
 0 0 0 0 0
 0 0 0 0 0
 0 0 0 0 0
 0 0 0 0 0
 0 0 0 0 0
 0.505614 0.472636 0.0217494 0 0
 0 0 0 0 0
 0.443492 0.261883 0.143347 0.151278 0
 0.227955 0.32914 0.350689 0.0885471 0.00366901
 0.970185 0.0296113 0.000203453 0 0
 0.997202 0.00247181 0.000326279 0 0
 0.445219 0.490057 0.0546422 0.010081 0
 0.90214 0.0892962 0.00764917 0.000914606 0
 0 0 0 0 0
 0.581667 0.319106 0.0959925 0.00289975 0.000334073
 0.762889 0.0836404 0.116647 0.0363945 0.000428098
 0.88444 0.0763242 0.0277011 0.0115352 0
ppred_PELACES
 0.503899 0.11475 0.359559 0.0217918 7.39028e-07
 0.479715 0.262577 0.0596087 0.186779 0.0113205
 0.61258 0.186401 0.10145 0.0230306 0.0765381
 0.783921 0.132651 0.0401406 0.0218467 0.0214416
 0.700654 0.235082 0.039452 0.0119383 0.0128745
 0.793167 0.14504 0.0485265 0.00814384 0.00512196
 0.535569 0.368777 0.0670767 0.022442 0.00613503
 0.507823 0.265068 0.180334 0.0328009 0.0139744
 0.596316 0.205195 0.106898 0.0727265 0.0188638
 0.752456 0.148063 0.050567 0.0263433 0.0225709
 0.84798 0.114667 0.0223419 0.00763026 0.00738086
 0.777192 0.189002 0.0254992 0.0049683 0.00333812
 0.728697 0.211328 0.0508754 0.00686384 0.00223592
 0.680784 0.23321 0.0669933 0.0161281 0.00288472
 0.777725 0.152086 0.0512781 0.0147304 0.00418052
 0.948776 0.0399341 0.00772491 0.00260457 0.000960543
 0.428562 0.542402 0.0226367 0.00437887 0.00202089
 0.91724 0.0355836 0.044779 0.00186881 0.000528345
 0.650642 0.320592 0.0123682 0.0155644 0.000833209
 0.667321 0.217063 0.106097 0.00409314 0.00542662
 0.773185 0.151713 0.0490018 0.0239512 0.00214908
 0.77989 0.170393 0.0332552 0.0107411 0.00572112
 0.368402 0.493321 0.107043 0.0208914 0.0103418
 0.781519 0.0807 0.107617 0.0233512 0.00681344
 0.679374 0.250768 0.0258031 0.0344095 0.00964488
 0.480782 0.353151 0.129885 0.0133646 0.0228178
 0.736503 0.126878 0.0929226 0.0341758 0.00952048
 0.728184 0.200398 0.0343886 0.0251855 0.0118433
pobs_pel_tallas
 0 0 0 0 0 0 0 0 0 0 0 0 0 0 0 0 0 0 0 0 0 0 0 0 0 0
 0 0 0 0 0 0 0 0 0 0 0 0 0 0 0 0 0 0 0 0 0 0 0 0 0 0
 0 0 0 0 0 0 0 0 0 0 0 0 0 0 0 0 0 0 0 0 0 0 0 0 0 0
 0 0 0 0 0 0 0 0 0 0 0 0 0 0 0 0 0 0 0 0 0 0 0 0 0 0
 0 0 0 0 0 0 0 0 0 0 0 0 0 0 0 0 0 0 0 0 0 0 0 0 0 0
 0 0 0 0 0 0 0 0 0 0 0 0 0 0 0 0 0 0 0 0 0 0 0 0 0 0
 0 0 0 0 0 0 0 0 0 0 0 0 0 0 0 0 0 0 0 0 0 0 0 0 0 0
 0 0 0 0 0 0 0 0 0 0 0 0 0 0 0 0 0 0 0 0 0 0 0 0 0 0
 0 0 0 0 0 0 0 0 0 0 0 0 0 0 0 0 0 0 0 0 0 0 0 0 0 0
 0 0 0 0 0 0 0 0 0 0 0 0 0 0 0 0 0 0 0 0 0 0 0 0 0 0
 0 0 0 0 0 0 0 0 0 0 0 0 0 0 0 0 0 0 0 0 0 0 0 0 0 0
 0 0 0 0 0 0 0 0 0 0 0 0 0 0 0 0 0 0 0 0 0 0 0 0 0 0
 0.00862536 0 0 0.000197151 0.00414017 0.0128641 0.00837892 0.0270097 0.101434 0.158115 0.152841 0.127902 0.109271 0.109419 0.0830992 0.0579132 0.0238553 0.00714673 0.00463305 0.00128148 0.00103504 0.000492878 0.000147863 0.000147863 4.92878e-05 0
 0 0 0 0 0 0 0 0 0 0 0 0 0 0 0 0 0 0 0 0 0 0 0 0 0 0
 0 0 0 0 0 0 0 0.0054083 0.00873648 0.0413646 0.0450493 0.0745869 0.0622846 0.0627006 0.0613931 0.0827291 0.12552 0.122667 0.0946155 0.0697135 0.0546179 0.0294188 0.0215738 0.0213955 0.0102223 0.00600262
 0 0 0 0 0.00359764 0.0251062 0.0480494 0.140153 0.205849 0.193036 0.1447 0.116669 0.0760912 0.0342217 0.00950174 0.001854 0.000860785 0 0 0 0.000165536 0 0.000143464 0 0 0
 0 0 0 0 0 0 0 0.000145254 0.000435761 0.0275982 0.070085 0.0708112 0.156366 0.174668 0.174014 0.160142 0.0824315 0.0480064 0.0283245 0.00493863 0.00203355 0 0 0 0 0
 0 0 0 0 0 0 0 0 0 0 0 0 0 0 0 0 0 0 0 0 0 0 0 0 0 0
 0 0 1.00437e-05 0.000401748 0.00122533 0.00171747 0.00176769 0.0269171 0.070346 0.194647 0.189555 0.159765 0.064822 0.0314167 0.0384472 0.0292271 0.0345202 0.0313363 0.0194345 0.0106764 0.0143323 0.0359363 0.0279516 0.0138201 0.00172751 0
 0 0.0021121 0.0136068 0.0755702 0.200478 0.177729 0.0527432 0.0373336 0.0318909 0.0142505 0.0149659 0.0166563 0.0217959 0.0798694 0.0677717 0.0528807 0.04013 0.0224614 0.0357745 0.0225083 0.00881397 0.00855152 0.00135912 0.000746735 0 0
 0 0 0 0 5.4009e-05 0.00500934 0.000945158 0.0243581 0.138947 0.33067 0.221406 0.137944 0.0707744 0.0437923 0.0131692 0.00525238 0.0047753 0.00276346 9.45158e-05 9.00151e-06 2.25038e-05 9.00151e-06 4.50075e-06 0 0 0
 0.000866109 0.00284123 0.00948549 0.0512746 0.133035 0.25785 0.225252 0.132002 0.0553304 0.0519788 0.0540692 0.017754 0.00435017 0.00159236 0.00146478 0.000404838 0.000125132 0.000115318 0.000107957 0.000100596 0 0 0 0 0 0
 0 0 0 0 0.00144013 0.00171154 0.00461396 0.0210425 0.0478622 0.0707936 0.0888783 0.103762 0.0637923 0.0337046 0.0602308 0.124433 0.169614 0.0934646 0.0462172 0.0250306 0.0313229 0.00938855 0.002487 0.000210481 0 0
 0 0.00764035 0.051015 0.0998891 0.058973 0.0496711 0.0374665 0.0718981 0.12319 0.153886 0.159021 0.0857701 0.0377988 0.023471 0.0147837 0.00900784 0.00315554 0.000888139 0.00291439 0.00214683 0.00393193 0.00274676 0.000635225 9.99891e-05 0 0
 0 0 0 0 0 0 0 0 0 0 0 0 0 0 0 0 0 0 0 0 0 0 0 0 0 0
 0 0 0 0 0 0 0 0 0 0 0 0 0 0 0 0 0 0 0 0 0 0 0 0 0 0
 0 0 0 0 0 0 0 0 0 0 0 0 0 0 0 0 0 0 0 0 0 0 0 0 0 0
 0 0 0 0 0 0 0 0 0 0 0 0 0 0 0 0 0 0 0 0 0 0 0 0 0 0
ppred_pel_tallas
 1.12591e-16 4.15055e-05 0.000403448 0.00268106 0.0121877 0.0379205 0.0807941 0.117924 0.117935 0.080851 0.0381132 0.0127509 0.00412056 0.00363082 0.00641914 0.0111924 0.0176192 0.0252719 0.0336236 0.0422438 0.05072 0.0582958 0.0636492 0.0652277 0.0620421 0.0543412
 1.22435e-16 3.95136e-05 0.000384086 0.00255239 0.0116028 0.0361008 0.0769174 0.112269 0.112294 0.0770416 0.0365181 0.0128097 0.00558784 0.00703084 0.012726 0.0211522 0.0309098 0.0398788 0.0460107 0.0485797 0.0486888 0.048476 0.0496033 0.0521891 0.0548737 0.055764
 1.18238e-16 5.04575e-05 0.000490465 0.00325931 0.0148164 0.0460993 0.0982201 0.143359 0.143377 0.0983086 0.0463969 0.0156779 0.00542875 0.00524982 0.0091594 0.0152499 0.0224136 0.0291624 0.0340382 0.0364544 0.0370456 0.0371508 0.0378362 0.039234 0.040606 0.0409157
 1.07012e-16 6.45705e-05 0.000627649 0.00417095 0.0189605 0.0589933 0.125692 0.183454 0.183467 0.125755 0.059204 0.0195696 0.0057021 0.00397781 0.00645014 0.0106232 0.0154474 0.019755 0.0224146 0.0229425 0.0217925 0.0200184 0.0185781 0.0178242 0.0174885 0.0170283
 1.04575e-16 5.7712e-05 0.000560981 0.00372792 0.0169466 0.0527272 0.112342 0.163971 0.163993 0.112453 0.0530992 0.0180213 0.00642626 0.00645387 0.0112566 0.0185376 0.0267464 0.0337398 0.0373776 0.0366867 0.0324393 0.0266144 0.021188 0.0171954 0.0146088 0.0128299
 1.03122e-16 6.53322e-05 0.000635052 0.00422015 0.0191842 0.0596892 0.127175 0.185618 0.185632 0.127243 0.0599195 0.0198499 0.0058935 0.00429527 0.00703811 0.0115879 0.0168171 0.0214215 0.024111 0.0242822 0.0223489 0.0194053 0.016509 0.0141618 0.0122952 0.0106023
 1.05319e-16 4.41142e-05 0.000428806 0.00284957 0.0129537 0.0403041 0.0858734 0.125342 0.125378 0.0860472 0.0408878 0.0146401 0.00708394 0.00967707 0.0176219 0.0290988 0.0419993 0.0529984 0.058732 0.0576502 0.0509233 0.0416038 0.0327487 0.0259745 0.0212866 0.0178528
 1.10927e-16 4.18287e-05 0.00040659 0.00270194 0.0122826 0.0382159 0.081424 0.118846 0.118872 0.0815501 0.0386399 0.0135102 0.00579464 0.00719525 0.0130442 0.0217851 0.0320487 0.0417077 0.0485844 0.0516315 0.0514309 0.0495306 0.0472128 0.0447459 0.0415984 0.0371987
 1.13624e-16 4.91178e-05 0.000477442 0.00317277 0.014423 0.0448754 0.0956124 0.139553 0.139573 0.0957099 0.0452029 0.0153711 0.0055601 0.00571414 0.0100696 0.0167695 0.0246313 0.0320069 0.0372631 0.039705 0.0399576 0.0394019 0.039125 0.03924 0.0390128 0.0375226
 1.07959e-16 6.19788e-05 0.000602456 0.00400353 0.0181995 0.0566255 0.120647 0.176091 0.176105 0.120717 0.0568608 0.01888 0.00571475 0.00434808 0.00720564 0.0118949 0.0173236 0.022208 0.0252956 0.0260481 0.0249583 0.0231709 0.0217123 0.0209358 0.0205207 0.0198692
 1.02689e-16 6.98471e-05 0.000678938 0.00451178 0.0205099 0.063814 0.135963 0.198444 0.198455 0.136017 0.0639956 0.0210345 0.0058293 0.0035572 0.00554255 0.00906951 0.0130996 0.0165633 0.0184238 0.0182131 0.0163061 0.0136546 0.0111975 0.00940829 0.00824443 0.0073966
 1.01848e-16 6.40163e-05 0.000622262 0.00413515 0.0187978 0.058487 0.124613 0.181881 0.181899 0.124702 0.0587858 0.0196609 0.00630155 0.00535121 0.00904416 0.0148479 0.0213767 0.0268687 0.0295725 0.0286796 0.0248004 0.0195439 0.0145522 0.0107411 0.0081846 0.00648711
 1.02589e-16 6.00218e-05 0.000583434 0.00387712 0.0176249 0.0548376 0.116838 0.170533 0.170553 0.116938 0.0551724 0.0185924 0.00630744 0.00589393 0.0101605 0.016741 0.0241995 0.0306159 0.0340655 0.0336452 0.0299834 0.024764 0.0196721 0.0155983 0.0125666 0.0101775
 1.04099e-16 5.60753e-05 0.000545072 0.0036222 0.016466 0.0512319 0.109156 0.159321 0.159343 0.109266 0.0516019 0.0175352 0.00630884 0.00641903 0.0112382 0.0185593 0.0268916 0.0341556 0.0382602 0.0382288 0.0347446 0.0296125 0.0245986 0.0205739 0.0174689 0.0147956
 1.03704e-16 6.40602e-05 0.000622688 0.00413798 0.0188107 0.058527 0.124699 0.182004 0.182019 0.124771 0.0587686 0.019509 0.00589328 0.00446268 0.00738097 0.0121641 0.0176654 0.0225286 0.0254111 0.0256906 0.0238075 0.0209052 0.0180744 0.0158085 0.0139957 0.0122796
 1.00657e-16 7.81494e-05 0.00075964 0.00504808 0.0229478 0.0713992 0.152124 0.22203 0.222034 0.152143 0.0714624 0.0231305 0.0055068 0.00176168 0.00198311 0.00315981 0.00455616 0.00575481 0.00638856 0.00629042 0.00558706 0.00460724 0.00367851 0.00297134 0.00248188 0.00211692
 1.01574e-16 3.53002e-05 0.00034313 0.00228022 0.0103656 0.0322515 0.0687172 0.100306 0.100358 0.0689722 0.0331074 0.0128365 0.00847807 0.0138586 0.0256612 0.0422558 0.0606055 0.075661 0.0822995 0.0781594 0.0650765 0.0479078 0.0317249 0.019529 0.0117895 0.00742066
 1.01579e-16 7.55519e-05 0.000734391 0.00488029 0.0221851 0.069026 0.147067 0.21465 0.214653 0.147084 0.0690836 0.0223521 0.00530248 0.00166578 0.00187286 0.00305052 0.00455841 0.00608743 0.00736424 0.00824112 0.00874028 0.00896343 0.00895345 0.00864426 0.00793817 0.00682551
 1.02141e-16 5.35926e-05 0.000520939 0.00346183 0.015737 0.0489637 0.104324 0.15227 0.152301 0.104474 0.0494697 0.0171976 0.00712595 0.00851201 0.0152075 0.0249978 0.0358698 0.0448278 0.048864 0.0466091 0.0391707 0.0294251 0.0203433 0.0136348 0.00948412 0.00715529
 1.04447e-16 5.49664e-05 0.000534293 0.00355056 0.0161404 0.0502188 0.106997 0.15617 0.156191 0.1071 0.0505644 0.0171402 0.00606591 0.00604356 0.0105713 0.0175279 0.0255647 0.0328117 0.0373707 0.0383192 0.0361791 0.0324146 0.0284085 0.0247678 0.0213772 0.017916
 1.04219e-16 6.36862e-05 0.000619053 0.00411382 0.0187009 0.0581854 0.123971 0.180942 0.180957 0.124042 0.0584263 0.0193974 0.0058648 0.00444972 0.00736334 0.0121372 0.017632 0.022501 0.0254157 0.0257702 0.024019 0.0213103 0.0187229 0.0167167 0.015129 0.0135503
 1.03049e-16 6.42385e-05 0.000624421 0.0041495 0.018863 0.05869 0.125046 0.182512 0.182528 0.125126 0.0589598 0.0196425 0.00610698 0.00490047 0.0081937 0.0134667 0.0194468 0.0245702 0.0272888 0.0268938 0.0239284 0.019797 0.0158961 0.0129483 0.0109289 0.00942894
 1.07061e-16 3.03449e-05 0.000294963 0.00196014 0.00891052 0.0277242 0.0590711 0.0862259 0.0862736 0.0593037 0.0285056 0.0111681 0.00762999 0.012682 0.0235841 0.0390159 0.0563752 0.0712584 0.0791791 0.0780508 0.0693888 0.0571926 0.0454606 0.0362978 0.0297208 0.0246957
 1.06622e-16 6.43727e-05 0.000625725 0.00415816 0.0189024 0.0588125 0.125306 0.18289 0.182898 0.125345 0.0589434 0.0192825 0.0051199 0.00275058 0.0041745 0.00699494 0.0105283 0.0142011 0.0174539 0.0200055 0.0219376 0.0234618 0.0245864 0.0250033 0.0242946 0.0222586
 1.05892e-16 5.59592e-05 0.000543944 0.0036147 0.0164319 0.0511259 0.10893 0.158992 0.159016 0.109048 0.0515224 0.017577 0.00648909 0.0068189 0.0119743 0.019712 0.0284073 0.0357737 0.0395378 0.0386971 0.0341389 0.0280501 0.0225908 0.0188538 0.0167151 0.015384
 1.09041e-16 3.96014e-05 0.00038494 0.00255806 0.0116286 0.0361811 0.0770889 0.112521 0.112555 0.0772559 0.0367422 0.013251 0.00663657 0.00930892 0.0170482 0.0282795 0.0411036 0.052464 0.0592492 0.060001 0.0557147 0.0490139 0.0424127 0.0370679 0.0327638 0.0287299
 1.07753e-16 6.06648e-05 0.000589684 0.00391866 0.0178137 0.055425 0.118089 0.172357 0.17237 0.11815 0.0556283 0.0184026 0.00540324 0.00385162 0.006318 0.0105132 0.0155265 0.0203464 0.023977 0.0259628 0.0266041 0.0266153 0.0265191 0.0262949 0.0255131 0.0237507
 1.05574e-16 5.99796e-05 0.000583023 0.0038744 0.0176125 0.054799 0.116756 0.170412 0.170432 0.11685 0.0551163 0.0185291 0.00617635 0.00561167 0.00962098 0.01584 0.0228857 0.0289448 0.0322226 0.0319233 0.0287303 0.0243292 0.0203613 0.0176192 0.0159584 0.0147519
pSPR Fmed_Fpbrs
0.626202   0.196866 0.196866
Fs Fmed_Fpbrs
0.242835   1.005 1.005
SSBpbr Bo_Bmed_Bpbrs
1.88756e+06  1.08762e+06  277219 277219
Ro
179121
SPR SPRFo_SPRFmed_SPRFpbrs
1.27008e+06 795329 250037
Fref
1.005
log_Ro
11.9158
likeval ReclasPelacesDesembMPH_pf_preclas_ppelaces_ptallas_desvR_qrecl_qpela
 12.9236 16.6856 0.0574791 0.000818392 203.957 86.2107 61.1067 0 22.264 6.32683e-07 0 0.294941 0 0 0
q_reclas_q_pelaces
0.893407 1
M
1
N
 194833 45049.4 141158 8555.18 0.290133
 113331 63779.9 14479 45368.6 2749.75
 107799 33703.6 18343.3 4164.2 13839
 182890 32221 9750.19 5306.59 5208.19
 145236 49404.5 8291.19 2508.95 2705.69
 256189 48083 16087.3 2699.81 1698.01
 105725 77205.2 14042.8 4698.34 1284.4
 47060.4 24797.6 16870.7 3068.59 1307.33
 45104.3 16102 8388.5 5706.97 1480.28
 60633.7 12519.6 4275.75 2227.49 1908.51
 112810 15425.6 3005.56 1026.47 992.917
 149141 38102.6 5140.6 1001.6 672.962
 123787 37603.8 9052.81 1221.36 397.86
 86231.3 31921 9169.81 2207.55 394.85
 84953.1 17516.9 5906.07 1696.61 481.501
 474704 20826.3 4028.68 1358.33 500.94
 97669.2 127113 5304.93 1026.2 473.597
 727879 29013.7 36511.3 1523.77 430.794
 424517 217554 8393.08 10562 565.416
 343341 115592 56499.1 2179.7 2889.81
 481718 97033.4 31340.8 15318.8 1374.52
 641606 144969 28293.3 9138.43 4867.49
 133545 182488 39597.3 7728.11 3825.62
 400418 42067.2 56098.3 12172.5 3551.7
 343561 129066 13280.5 17710 4964.07
 148216 110443 40619.7 4179.62 7135.97
 278238 48850.9 35777.4 13158.5 3665.61
 316258 88505.4 15187.7 11123.1 5230.59
pred_Ctot
 13696.1 3637.6 11398.1 690.805 0.0234274
 13966.9 8975.66 2037.61 6384.66 386.968
 12995.5 4641.08 2525.93 573.423 1905.67
 31498.2 6300.98 1906.7 1037.73 1018.49
 9265.79 3623.06 608.031 183.992 198.421
 29761.7 6383.67 2135.8 358.436 225.434
 25118.9 20664 3758.56 1257.51 343.769
 2092.37 1269.99 864.017 157.155 66.9539
 7161.25 2907.44 1514.65 1030.47 267.284
 12181 2846.13 972.017 506.381 433.866
 5879.47 925.298 180.287 61.5721 59.5596
 30583 8837.15 1192.26 232.302 156.08
 24083.4 8285.06 1994.56 269.095 87.6585
 25602.7 10596.7 3044.06 732.833 131.077
 18513.6 4310.86 1453.47 417.531 118.496
 83788.7 4171.85 807.011 272.095 100.347
 12093.9 17972.2 750.055 145.092 66.9611
 87762.3 3995.91 5028.52 209.861 59.3311
 71453.1 41597.3 1604.8 2019.51 108.11
 51392.7 19697.9 9627.98 371.441 492.451
 56321 12964.1 4187.27 2046.66 183.642
 93952.7 24176.6 4718.49 1524.02 811.756
 12288.2 19241.9 4175.2 814.865 403.38
 31680.4 3819.38 5093.29 1105.17 322.467
 27702.3 11940.6 1228.64 1638.45 459.252
 9838.98 8425.03 3098.62 318.836 544.358
 24087.3 4849.08 3551.36 1306.15 363.859
 24327.8 7814.61 1341 982.122 461.836
F
 0.116704 0.135062 0.135062 0.135062 0.135062
 0.212713 0.246172 0.246172 0.246172 0.246172
 0.207653 0.240317 0.240317 0.240317 0.240317
 0.308844 0.357425 0.357425 0.357425 0.357425
 0.105429 0.122012 0.122012 0.122012 0.122012
 0.199446 0.230819 0.230819 0.230819 0.230819
 0.450091 0.520891 0.520891 0.520891 0.520891
 0.0724857 0.0838877 0.0838877 0.0838877 0.0838877
 0.281679 0.325987 0.325987 0.325987 0.325987
 0.368821 0.426836 0.426836 0.426836 0.426836
 0.0854226 0.0988596 0.0988596 0.0988596 0.0988596
 0.377783 0.437208 0.437208 0.437208 0.437208
 0.355301 0.41119 0.41119 0.41119 0.41119
 0.593868 0.687283 0.687283 0.687283 0.687283
 0.405882 0.469727 0.469727 0.469727 0.469727
 0.317619 0.36758 0.36758 0.36758 0.36758
 0.213818 0.247452 0.247452 0.247452 0.247452
 0.20769 0.24036 0.24036 0.24036 0.24036
 0.30089 0.34822 0.34822 0.34822 0.34822
 0.263668 0.305143 0.305143 0.305143 0.305143
 0.200839 0.232431 0.232431 0.232431 0.232431
 0.257288 0.297759 0.297759 0.297759 0.297759
 0.155173 0.179582 0.179582 0.179582 0.179582
 0.132183 0.152975 0.152975 0.152975 0.152975
 0.13486 0.156074 0.156074 0.156074 0.156074
 0.1099 0.127187 0.127187 0.127187 0.127187
 0.145415 0.168288 0.168288 0.168288 0.168288
 0.128314 0.148497 0.148497 0.148497 0.148497
nmprior
 8 8 7 0
nm_flota  nm_reclas  nm_pelaces    nm_pelaL
inf 9.9987 15.9917 15.9917
cv_recla  cv_pelaces  cv_mph
0.349906 0.522529 0.882848
 ------------------------------------------------
Talla a la edad & desviación 
 8 13.2811 15.8009 17.003 17.5766
 0.8 1.32811 1.58009 1.7003 1.75766
