years
 1991 1992 1993 1994 1995 1996 1997 1998 1999 2000 2001 2002 2003 2004 2005 2006 2007 2008 2009 2010 2011 2012 2013 2014 2015 2016 2017 2018
reclasobs
 0 0 0 0 0 0 0 0 0 252601 567819 844713 477998 351125 339783 2.1784e+06 2.13404e+06 4.81314e+06 1.55562e+06 2.62356e+06 3.21686e+06 3.843e+06 1.13348e+06 3.07943e+06 1.97215e+06 2.03268e+06 2.025e+06 2.42433e+06
reclaspred
 3.17888e+06 1.78377e+06 897949 892750 884582 1.427e+06 894278 786420 574678 419595 496067 642656 630950 487360 487515 1.31636e+06 1.26261e+06 2.87515e+06 2.38433e+06 1.82678e+06 3.21313e+06 2.58148e+06 2.03489e+06 3.14148e+06 2.37778e+06 2.09018e+06 2.20488e+06 2.20937e+06
pelacesobs
 0 0 0 0 0 0 0 0 0 0 0 0 0 0 0 552880 188675 0 991730 2.46772e+06 1.41603e+06 1.21717e+06 2.29649e+06 1.80582e+06 0 1.4828e+06 1.56532e+06 1.57751e+06
pelacespred
 1.6321e+06 1.01738e+06 512573 416374 430957 717888 415143 454126 318872 220356 270008 292165 315334 255784 263112 592580 570019 1.4961e+06 1.28024e+06 909223 1.54914e+06 1.35779e+06 1.06539e+06 1.79757e+06 1.31069e+06 1.14811e+06 1.37109e+06 1.36415e+06
mphobs
 0 0 0 0 0 0 0 0 0 0 0 498337 0 5186 125008 0 168611 109162 213762 579715 649985 157893 87575 83554 0 0 0 0
mphpred
 3.09567e+06 2.06789e+06 1.03137e+06 558824 606309 687418 921573 567309 502760 345330 228911 379365 408228 344057 229981 288769 977564 920286 1.84267e+06 1.40126e+06 1.54808e+06 1.89154e+06 1.77276e+06 1.45297e+06 2.03003e+06 1.68998e+06 1.37622e+06 1.28555e+06
desembarqueobs
 494567 514787 250237 358949 120608 361735 552515 73892 212993 205616 52469 317467 293654 387597 252695 516296 358380 742168 942051 627588 828172 859565 418607 520667 417249 300574 407403 355545
desembarquepred
 494575 513577 250834 358976 120613 361746 552554 73896.2 213040 205659 52471.4 317528 293701 387628 252690 516261 358405 742083 941863 627462 828223 859560 418610 520683 417242 300571 407401 355545
Reclutas
 194831 113330 107798 182888 145234 256186 105724 47059.7 45103.6 60632.6 112808 149139 123785 86230 84952.2 474699 97667.6 727869 424514 343338 481713 641599 133544 400415 343558 148215 278236 316256
log_desv_Rt
 0.0840847 -0.457743 -0.507787 0.0208233 -0.209704 0.357853 -0.527222 -1.33663 -1.37909 -1.08322 -0.462366 -0.183174 -0.369503 -0.731032 -0.745961 0.974632 -0.60648 1.40207 0.862894 0.650665 0.989299 1.27591 -0.29362 0.804452 0.651305 -0.189385 0.44042 0.568502
SSB
 3.09567e+06 2.06789e+06 1.03137e+06 558824 606309 687418 921573 567309 502760 345330 228911 379365 408228 344057 229981 288769 977564 920286 1.84267e+06 1.40126e+06 1.54808e+06 1.89154e+06 1.77276e+06 1.45297e+06 2.03003e+06 1.68998e+06 1.37622e+06 1.28555e+06
BT
 4.17976e+06 2.85284e+06 1.43024e+06 1.26134e+06 1.08862e+06 1.96426e+06 1.45035e+06 1.11239e+06 946331 706739 667739 939777 994400 993937 860132 1.7835e+06 1.59395e+06 4.10657e+06 3.85699e+06 2.65368e+06 4.24591e+06 3.93205e+06 2.82207e+06 4.63032e+06 3.40446e+06 2.91328e+06 3.57891e+06 3.50567e+06
Ftot
 0.135065 0.246177 0.240322 0.357432 0.122015 0.230823 0.520901 0.0838896 0.325995 0.426848 0.0988625 0.43722 0.411202 0.687306 0.469741 0.367587 0.247457 0.240365 0.348227 0.305149 0.232436 0.297765 0.179585 0.152977 0.156076 0.127189 0.16829 0.148499
BD_Bspro_t
 0.978621 0.843249 0.681203 0.588614 0.577475 0.65329 0.64883 0.483042 0.539045 0.49638 0.464538 0.673709 0.558591 0.468658 0.35905 0.41543 0.598039 0.570614 0.669046 0.575545 0.553749 0.599596 0.611743 0.603533 0.707886 0.717459 0.721142 0.73448
BD_Bspro
 2.4374 1.62817 0.812057 0.439995 0.477383 0.541245 0.725609 0.446676 0.395852 0.271899 0.180235 0.298696 0.321422 0.270896 0.181078 0.227365 0.769694 0.724596 1.45084 1.10329 1.21889 1.48932 1.3958 1.14401 1.59836 1.33062 1.08358 1.01219
BD_Bo
 1.64005 1.09555 0.546409 0.296059 0.321216 0.364187 0.48824 0.300554 0.266357 0.182952 0.121275 0.200984 0.216275 0.182278 0.121842 0.152987 0.517904 0.487558 0.976228 0.742372 0.820155 1.00212 0.939189 0.769769 1.07549 0.895337 0.729105 0.681071
BD_Brms
 11.1669 7.45944 3.72042 2.01583 2.18712 2.4797 3.32436 2.04644 1.81359 1.2457 0.825743 1.36847 1.47259 1.24111 0.829605 1.04167 3.52634 3.31972 6.64701 5.05471 5.58433 6.82329 6.39482 5.24125 7.32287 6.09623 4.96438 4.63732
Sel_flota
 0.864076 1 1 1 1
 0.864076 1 1 1 1
 0.864076 1 1 1 1
 0.864076 1 1 1 1
 0.864076 1 1 1 1
 0.864076 1 1 1 1
 0.864076 1 1 1 1
 0.864076 1 1 1 1
 0.864076 1 1 1 1
 0.864076 1 1 1 1
 0.864076 1 1 1 1
 0.864076 1 1 1 1
 0.864076 1 1 1 1
 0.864076 1 1 1 1
 0.864076 1 1 1 1
 0.864076 1 1 1 1
 0.864076 1 1 1 1
 0.864076 1 1 1 1
 0.864076 1 1 1 1
 0.864076 1 1 1 1
 0.864076 1 1 1 1
 0.864076 1 1 1 1
 0.864076 1 1 1 1
 0.864076 1 1 1 1
 0.864076 1 1 1 1
 0.864076 1 1 1 1
 0.864076 1 1 1 1
 0.864076 1 1 1 1
Sel_reclas
 1 1 1 1 1
 1 1 1 1 1
 1 1 1 1 1
 1 1 1 1 1
 1 1 1 1 1
 1 1 1 1 1
 1 1 1 1 1
 1 1 1 1 1
 1 1 1 1 1
 1 1 1 1 1
 1 1 1 1 1
 1 1 1 1 1
 1 1 1 1 1
 1 1 1 1 1
 1 1 1 1 1
 1 1 1 1 1
 1 1 1 1 1
 1 1 1 1 1
 1 1 1 1 1
 1 1 1 1 1
 1 1 1 1 1
 1 1 1 1 1
 1 1 1 1 1
 1 1 1 1 1
 1 1 1 1 1
 1 1 1 1 1
 1 1 1 1 1
 1 1 1 1 1
Sel_pelaces
 1 1 1 1 1
 1 1 1 1 1
 1 1 1 1 1
 1 1 1 1 1
 1 1 1 1 1
 1 1 1 1 1
 1 1 1 1 1
 1 1 1 1 1
 1 1 1 1 1
 1 1 1 1 1
 1 1 1 1 1
 1 1 1 1 1
 1 1 1 1 1
 1 1 1 1 1
 1 1 1 1 1
 1 1 1 1 1
 1 1 1 1 1
 1 1 1 1 1
 1 1 1 1 1
 1 1 1 1 1
 1 1 1 1 1
 1 1 1 1 1
 1 1 1 1 1
 1 1 1 1 1
 1 1 1 1 1
 1 1 1 1 1
 1 1 1 1 1
 1 1 1 1 1
pf_obs 
 0.8446 0.082 0.0669 0.0065 0
 0.8095 0.147 0.0364 0.0071 0
 0.9664 0.0169 0.016 0.0007 0
 0.9276 0.0648 0.0075 0.0001 0
 0.7033 0.2144 0.0806 0.0017 0
 0.9318 0.0425 0.0243 0.0014 0
 0.5671 0.3108 0.0964 0.0239 0.0018
 0.0768 0.2599 0.5324 0.112 0.0189
 0.490249 0.384438 0.106611 0.0170017 0.00170017
 0.7925 0.1577 0.0466 0.003 0.0002
 0.840416 0.127587 0.0312969 0.00059994 9.999e-05
 0.8084 0.0986 0.0794 0.0134 0.0002
 0.7335 0.1905 0.0724 0.0035 0.0001
 0.4001 0.4547 0.1325 0.0127 0
 0.49795 0.308269 0.164784 0.0264974 0.00249975
 0.9179 0.0499 0.0305 0.0017 0
 0.2467 0.6533 0.0926 0.0074 0
 0.9418 0.0223 0.034 0.0019 0
 0.707729 0.231977 0.0356964 0.0245975 0
 0.517169 0.277429 0.184464 0.0207286 0.00020938
 0.811772 0.124168 0.05621 0.00726502 0.000585176
 0.764997 0.148141 0.077277 0.00933861 0.000247198
 0.163321 0.427699 0.378323 0.0303852 0.000271297
 0.753843 0.0900009 0.118128 0.0371064 0.000921714
 0.721811 0.176058 0.0630433 0.0369309 0.00215725
 0.143369 0.312575 0.442814 0.0836902 0.0175525
 0.692698 0.0596174 0.167031 0.0765114 0.00414204
 0.394062 0.376323 0.152708 0.0712218 0.00568511
pf_pred 
 0.465497 0.123633 0.38739 0.0234787 7.96241e-07
 0.439878 0.282684 0.064173 0.201078 0.0121872
 0.573967 0.20498 0.111561 0.0253259 0.0841654
 0.754229 0.150879 0.0456562 0.0248485 0.0243875
 0.667598 0.261041 0.0438084 0.0132565 0.0142959
 0.765771 0.164252 0.0549541 0.00922251 0.00580032
 0.491152 0.404047 0.0734915 0.0245881 0.00672167
 0.470145 0.28536 0.194139 0.0353117 0.0150439
 0.555951 0.225714 0.117587 0.0799981 0.0207498
 0.719094 0.168018 0.0573818 0.0298934 0.0256125
 0.827373 0.130211 0.0253703 0.0086645 0.00838124
 0.745914 0.215535 0.0290787 0.00566572 0.00380667
 0.693651 0.238627 0.0574466 0.00775036 0.00252468
 0.638356 0.264207 0.0758971 0.0182713 0.00326805
 0.746101 0.173725 0.0585729 0.0168259 0.00477513
 0.939968 0.0468009 0.00905302 0.0030523 0.00112565
 0.38977 0.579223 0.0241731 0.00467596 0.00215795
 0.904245 0.0411712 0.0518105 0.00216224 0.00061128
 0.611847 0.356193 0.0137416 0.0172927 0.00092571
 0.629949 0.241448 0.118014 0.00455288 0.00603612
 0.743977 0.171251 0.0553118 0.0270351 0.00242577
 0.750519 0.19313 0.0376926 0.0121742 0.0064844
 0.332801 0.521129 0.113077 0.0220689 0.0109246
 0.753924 0.0908928 0.121209 0.0263004 0.00767389
 0.6447 0.277888 0.0285934 0.0381303 0.0106878
 0.442682 0.379066 0.139415 0.0143452 0.0244919
 0.705178 0.141962 0.10397 0.0382387 0.0106522
 0.696525 0.22374 0.0383941 0.0281189 0.0132227
pobs_RECLAS
 0 0 0 0 0
 0 0 0 0 0
 0 0 0 0 0
 0 0 0 0 0
 0 0 0 0 0
 0 0 0 0 0
 0 0 0 0 0
 0 0 0 0 0
 0 0 0 0 0
 0 0 0 0 0
 0.991045 0.00858322 0.000360255 1.14367e-05 0
 0.934742 0.0480273 0.0164251 0.00080598 0
 0.827803 0.169806 0.00239088 0 0
 0.941827 0.0461693 0.0120037 0 0
 0.791401 0.0380133 0.147996 0.0225897 0
 0.846168 0.0940531 0.0597789 0 0
 0.134021 0.677848 0.182769 0.00536245 0
 0.80878 0.0450904 0.141981 0.00414843 0
 0.846168 0.0940531 0.0597789 0 0
 0.905697 0.0802665 0.012482 0.00150086 5.37128e-05
 0.989698 0.0102097 9.19794e-05 0 0
 0.975433 0.0193895 0.00387452 0.00125025 5.28907e-05
 0.303575 0.632131 0.0575291 0.00676475 0
 0.966965 0.00978017 0.0227588 0.000495775 0
 0.843318 0.132988 0.00938335 0.0141283 0.000182051
 0.564624 0.303363 0.111486 0.0197234 0.00080311
 0.826376 0.0876187 0.0782897 0.00655872 0.00115652
 0.89761 0.0855135 0.0140674 0.00269457 0.000114338
ppred_RECLAS
 0.502387 0.1151 0.360653 0.0218582 7.41286e-07
 0.476962 0.263968 0.0599243 0.187765 0.0113804
 0.610021 0.187633 0.10212 0.0231826 0.0770427
 0.781194 0.134325 0.0406471 0.0221223 0.0217118
 0.699506 0.235983 0.0396032 0.011984 0.0129237
 0.791465 0.146234 0.0489258 0.00821083 0.00516404
 0.529754 0.373395 0.0679163 0.0227228 0.00621175
 0.506884 0.265574 0.180678 0.0328633 0.0140008
 0.592793 0.206987 0.107831 0.0733608 0.0190282
 0.748874 0.150206 0.0512985 0.0267243 0.0228972
 0.847409 0.115098 0.0224258 0.00765889 0.00740851
 0.77378 0.191897 0.0258896 0.00504433 0.00338918
 0.725037 0.214179 0.0515611 0.00695633 0.00226602
 0.674051 0.238129 0.0684059 0.0164679 0.00294549
 0.774067 0.15459 0.0521214 0.0149726 0.00424917
 0.94797 0.040563 0.00784637 0.00264547 0.000975618
 0.425846 0.54498 0.022744 0.00439952 0.00203037
 0.916419 0.0359369 0.0452236 0.00188734 0.000533566
 0.647086 0.323855 0.0124941 0.0157227 0.000841668
 0.664278 0.219049 0.107066 0.00413052 0.00547617
 0.771352 0.15294 0.0493975 0.0241444 0.00216639
 0.777589 0.172174 0.0336027 0.0108532 0.0057808
 0.366531 0.494783 0.10736 0.0209532 0.0103723
 0.780346 0.0811333 0.108194 0.0234764 0.00684992
 0.677848 0.251962 0.0259258 0.0345729 0.00969065
 0.479359 0.354119 0.130241 0.0134012 0.02288
 0.735037 0.127584 0.0934397 0.0343659 0.00957335
 0.726864 0.201371 0.0345556 0.0253077 0.0119008
pobs_PELACES
 0 0 0 0 0
 0 0 0 0 0
 0 0 0 0 0
 0 0 0 0 0
 0 0 0 0 0
 0 0 0 0 0
 0 0 0 0 0
 0 0 0 0 0
 0 0 0 0 0
 0 0 0 0 0
 0 0 0 0 0
 0 0 0 0 0
 0 0 0 0 0
 0 0 0 0 0
 0 0 0 0 0
 0 0 0 0 0
 0.505614 0.472636 0.0217494 0 0
 0 0 0 0 0
 0.443492 0.261883 0.143347 0.151278 0
 0.227955 0.32914 0.350689 0.0885471 0.00366901
 0.970185 0.0296113 0.000203453 0 0
 0.997202 0.00247181 0.000326279 0 0
 0.445219 0.490057 0.0546422 0.010081 0
 0.90214 0.0892962 0.00764917 0.000914606 0
 0 0 0 0 0
 0.581667 0.319106 0.0959925 0.00289975 0.000334073
 0.762889 0.0836404 0.116647 0.0363945 0.000428098
 0.88444 0.0763242 0.0277011 0.0115352 0
ppred_PELACES
 0.503902 0.11475 0.359556 0.0217917 7.3903e-07
 0.479717 0.262577 0.0596086 0.186776 0.0113204
 0.612583 0.186401 0.101449 0.0230304 0.0765367
 0.783922 0.13265 0.0401403 0.0218465 0.0214411
 0.700655 0.235081 0.0394517 0.0119382 0.0128742
 0.793169 0.14504 0.0485261 0.00814375 0.00512185
 0.53557 0.368777 0.0670763 0.0224418 0.00613492
 0.507824 0.265068 0.180333 0.0328006 0.0139741
 0.596318 0.205195 0.106898 0.0727258 0.0188635
 0.752458 0.148062 0.0505665 0.0263429 0.0225705
 0.847981 0.114666 0.0223416 0.00763015 0.00738071
 0.777195 0.189 0.0254988 0.0049682 0.00333802
 0.728699 0.211327 0.0508745 0.00686369 0.00223584
 0.680788 0.233208 0.0669921 0.0161276 0.00288461
 0.77773 0.152083 0.0512762 0.0147298 0.00418027
 0.948777 0.0399336 0.00772463 0.00260442 0.000960481
 0.428562 0.542402 0.0226364 0.00437871 0.00202077
 0.917241 0.0355834 0.0447787 0.00186878 0.000528317
 0.650645 0.32059 0.0123681 0.0155642 0.000833181
 0.667323 0.217062 0.106095 0.00409305 0.00542649
 0.773186 0.151713 0.0490014 0.0239508 0.00214902
 0.779891 0.170392 0.033255 0.0107409 0.00572098
 0.368403 0.493321 0.107043 0.0208913 0.0103416
 0.78152 0.0806997 0.107616 0.0233509 0.00681331
 0.679375 0.250768 0.0258029 0.0344091 0.00964472
 0.480783 0.353151 0.129884 0.0133645 0.0228175
 0.736504 0.126878 0.0929222 0.0341756 0.00952033
 0.728185 0.200398 0.0343886 0.0251854 0.0118432
pobs_pel_tallas
 0 0 0 0 0 0 0 0 0 0 0 0 0 0 0 0 0 0 0 0 0 0 0 0 0 0
 0 0 0 0 0 0 0 0 0 0 0 0 0 0 0 0 0 0 0 0 0 0 0 0 0 0
 0 0 0 0 0 0 0 0 0 0 0 0 0 0 0 0 0 0 0 0 0 0 0 0 0 0
 0 0 0 0 0 0 0 0 0 0 0 0 0 0 0 0 0 0 0 0 0 0 0 0 0 0
 0 0 0 0 0 0 0 0 0 0 0 0 0 0 0 0 0 0 0 0 0 0 0 0 0 0
 0 0 0 0 0 0 0 0 0 0 0 0 0 0 0 0 0 0 0 0 0 0 0 0 0 0
 0 0 0 0 0 0 0 0 0 0 0 0 0 0 0 0 0 0 0 0 0 0 0 0 0 0
 0 0 0 0 0 0 0 0 0 0 0 0 0 0 0 0 0 0 0 0 0 0 0 0 0 0
 0 0 0 0 0 0 0 0 0 0 0 0 0 0 0 0 0 0 0 0 0 0 0 0 0 0
 0 0 0 0 0 0 0 0 0 0 0 0 0 0 0 0 0 0 0 0 0 0 0 0 0 0
 0 0 0 0 0 0 0 0 0 0 0 0 0 0 0 0 0 0 0 0 0 0 0 0 0 0
 0 0 0 0 0 0 0 0 0 0 0 0 0 0 0 0 0 0 0 0 0 0 0 0 0 0
 0.00862536 0 0 0.000197151 0.00414017 0.0128641 0.00837892 0.0270097 0.101434 0.158115 0.152841 0.127902 0.109271 0.109419 0.0830992 0.0579132 0.0238553 0.00714673 0.00463305 0.00128148 0.00103504 0.000492878 0.000147863 0.000147863 4.92878e-05 0
 0 0 0 0 0 0 0 0 0 0 0 0 0 0 0 0 0 0 0 0 0 0 0 0 0 0
 0 0 0 0 0 0 0 0.0054083 0.00873648 0.0413646 0.0450493 0.0745869 0.0622846 0.0627006 0.0613931 0.0827291 0.12552 0.122667 0.0946155 0.0697135 0.0546179 0.0294188 0.0215738 0.0213955 0.0102223 0.00600262
 0 0 0 0 0.00359764 0.0251062 0.0480494 0.140153 0.205849 0.193036 0.1447 0.116669 0.0760912 0.0342217 0.00950174 0.001854 0.000860785 0 0 0 0.000165536 0 0.000143464 0 0 0
 0 0 0 0 0 0 0 0.000145254 0.000435761 0.0275982 0.070085 0.0708112 0.156366 0.174668 0.174014 0.160142 0.0824315 0.0480064 0.0283245 0.00493863 0.00203355 0 0 0 0 0
 0 0 0 0 0 0 0 0 0 0 0 0 0 0 0 0 0 0 0 0 0 0 0 0 0 0
 0 0 1.00437e-05 0.000401748 0.00122533 0.00171747 0.00176769 0.0269171 0.070346 0.194647 0.189555 0.159765 0.064822 0.0314167 0.0384472 0.0292271 0.0345202 0.0313363 0.0194345 0.0106764 0.0143323 0.0359363 0.0279516 0.0138201 0.00172751 0
 0 0.0021121 0.0136068 0.0755702 0.200478 0.177729 0.0527432 0.0373336 0.0318909 0.0142505 0.0149659 0.0166563 0.0217959 0.0798694 0.0677717 0.0528807 0.04013 0.0224614 0.0357745 0.0225083 0.00881397 0.00855152 0.00135912 0.000746735 0 0
 0 0 0 0 5.4009e-05 0.00500934 0.000945158 0.0243581 0.138947 0.33067 0.221406 0.137944 0.0707744 0.0437923 0.0131692 0.00525238 0.0047753 0.00276346 9.45158e-05 9.00151e-06 2.25038e-05 9.00151e-06 4.50075e-06 0 0 0
 0.000866109 0.00284123 0.00948549 0.0512746 0.133035 0.25785 0.225252 0.132002 0.0553304 0.0519788 0.0540692 0.017754 0.00435017 0.00159236 0.00146478 0.000404838 0.000125132 0.000115318 0.000107957 0.000100596 0 0 0 0 0 0
 0 0 0 0 0.00144013 0.00171154 0.00461396 0.0210425 0.0478622 0.0707936 0.0888783 0.103762 0.0637923 0.0337046 0.0602308 0.124433 0.169614 0.0934646 0.0462172 0.0250306 0.0313229 0.00938855 0.002487 0.000210481 0 0
 0 0.00764035 0.051015 0.0998891 0.058973 0.0496711 0.0374665 0.0718981 0.12319 0.153886 0.159021 0.0857701 0.0377988 0.023471 0.0147837 0.00900784 0.00315554 0.000888139 0.00291439 0.00214683 0.00393193 0.00274676 0.000635225 9.99891e-05 0 0
 0 0 0 0 0 0 0 0 0 0 0 0 0 0 0 0 0 0 0 0 0 0 0 0 0 0
 0 0 0 0 0 0 0 0 0 0 0 0 0 0 0 0 0 0 0 0 0 0 0 0 0 0
 0 0 0 0 0 0 0 0 0 0 0 0 0 0 0 0 0 0 0 0 0 0 0 0 0 0
 0 0 0 0 0 0 0 0 0 0 0 0 0 0 0 0 0 0 0 0 0 0 0 0 0 0
ppred_pel_tallas
 1.12591e-16 4.15058e-05 0.000403451 0.00268107 0.0121878 0.0379207 0.0807946 0.117924 0.117936 0.0808515 0.0381134 0.012751 0.00412058 0.00363082 0.00641914 0.0111924 0.0176192 0.0252719 0.0336235 0.0422436 0.0507197 0.0582954 0.0636487 0.0652272 0.0620416 0.0543407
 1.22435e-16 3.95137e-05 0.000384088 0.0025524 0.0116028 0.0361009 0.0769177 0.112269 0.112294 0.0770419 0.0365183 0.0128098 0.00558785 0.00703086 0.0127261 0.0211523 0.0309099 0.0398789 0.0460107 0.0485797 0.0486887 0.0484758 0.049603 0.0521887 0.0548732 0.0557634
 1.18238e-16 5.04577e-05 0.000490466 0.00325932 0.0148164 0.0460995 0.0982205 0.143359 0.143378 0.098309 0.0463971 0.0156779 0.00542876 0.00524981 0.00915938 0.0152498 0.0224136 0.0291623 0.0340381 0.0364543 0.0370454 0.0371505 0.037836 0.0392336 0.0406055 0.0409153
 1.07012e-16 6.45706e-05 0.000627649 0.00417095 0.0189605 0.0589934 0.125692 0.183454 0.183467 0.125755 0.059204 0.0195696 0.0057021 0.00397781 0.00645013 0.0106232 0.0154473 0.019755 0.0224145 0.0229424 0.0217924 0.0200183 0.0185779 0.0178241 0.0174883 0.0170281
 1.04575e-16 5.77121e-05 0.000560982 0.00372792 0.0169466 0.0527273 0.112342 0.163971 0.163994 0.112453 0.0530993 0.0180213 0.00642626 0.00645385 0.0112566 0.0185376 0.0267463 0.0337397 0.0373774 0.0366865 0.0324392 0.0266142 0.0211878 0.0171953 0.0146086 0.0128298
 1.03121e-16 6.53323e-05 0.000635053 0.00422015 0.0191842 0.0596892 0.127175 0.185618 0.185632 0.127243 0.0599195 0.01985 0.0058935 0.00429526 0.00703809 0.0115878 0.016817 0.0214214 0.0241109 0.0242821 0.0223488 0.0194051 0.0165088 0.0141617 0.0122951 0.0106022
 1.05319e-16 4.41143e-05 0.000428807 0.00284957 0.0129538 0.0403042 0.0858736 0.125342 0.125378 0.0860474 0.0408879 0.0146401 0.00708394 0.00967706 0.0176218 0.0290987 0.0419993 0.0529983 0.0587319 0.0576501 0.0509232 0.0416037 0.0327486 0.0259743 0.0212864 0.0178527
 1.10927e-16 4.18289e-05 0.000406591 0.00270194 0.0122827 0.0382161 0.0814243 0.118847 0.118872 0.0815504 0.0386401 0.0135103 0.00579464 0.00719525 0.0130442 0.0217851 0.0320487 0.0417076 0.0485843 0.0516314 0.0514307 0.0495304 0.0472125 0.0447456 0.0415981 0.0371984
 1.13623e-16 4.91179e-05 0.000477444 0.00317278 0.014423 0.0448755 0.0956127 0.139554 0.139574 0.0957101 0.0452031 0.0153711 0.00556011 0.00571414 0.0100696 0.0167694 0.0246313 0.0320068 0.037263 0.0397049 0.0399575 0.0394017 0.0391247 0.0392397 0.0390125 0.0375223
 1.07959e-16 6.1979e-05 0.000602458 0.00400354 0.0181995 0.0566256 0.120647 0.176091 0.176106 0.120717 0.0568609 0.0188801 0.00571475 0.00434806 0.00720561 0.0118949 0.0173235 0.0222079 0.0252955 0.026048 0.0249581 0.0231708 0.0217121 0.0209356 0.0205205 0.0198689
 1.02689e-16 6.98471e-05 0.000678939 0.00451179 0.0205099 0.0638141 0.135963 0.198444 0.198455 0.136017 0.0639957 0.0210346 0.0058293 0.00355719 0.00554254 0.00906949 0.0130995 0.0165632 0.0184238 0.018213 0.016306 0.0136545 0.0111974 0.0094082 0.00824433 0.00739651
 1.01848e-16 6.40165e-05 0.000622264 0.00413516 0.0187979 0.0584872 0.124614 0.181881 0.1819 0.124703 0.058786 0.0196609 0.00630154 0.00535116 0.00904407 0.0148478 0.0213764 0.0268684 0.0295721 0.0286792 0.0248001 0.0195437 0.014552 0.0107409 0.00818447 0.006487
 1.02589e-16 6.0022e-05 0.000583435 0.00387713 0.0176249 0.0548377 0.116838 0.170533 0.170554 0.116938 0.0551726 0.0185925 0.00630744 0.00589391 0.0101605 0.0167409 0.0241994 0.0306158 0.0340653 0.033645 0.0299832 0.0247638 0.0196719 0.0155981 0.0125664 0.0101773
 1.04099e-16 5.60756e-05 0.000545075 0.00362222 0.0164661 0.0512322 0.109157 0.159322 0.159344 0.109267 0.0516022 0.0175353 0.00630884 0.00641897 0.0112381 0.0185591 0.0268913 0.0341552 0.0382597 0.0382284 0.0347442 0.0296121 0.0245982 0.0205735 0.0174686 0.0147953
 1.03704e-16 6.40606e-05 0.000622692 0.00413801 0.0188108 0.0585275 0.124699 0.182006 0.18202 0.124771 0.058769 0.0195091 0.00589327 0.00446261 0.00738083 0.0121639 0.0176651 0.0225281 0.0254105 0.0256901 0.0238069 0.0209046 0.0180738 0.015808 0.0139952 0.0122791
 1.00657e-16 7.81495e-05 0.000759641 0.00504808 0.0229478 0.0713993 0.152124 0.22203 0.222034 0.152143 0.0714625 0.0231305 0.0055068 0.00176167 0.00198309 0.00315977 0.0045561 0.00575474 0.00638848 0.00629034 0.00558696 0.00460715 0.00367842 0.00297125 0.00248178 0.00211683
 1.01574e-16 3.53002e-05 0.000343131 0.00228023 0.0103656 0.0322515 0.0687173 0.100306 0.100358 0.0689722 0.0331074 0.0128365 0.00847807 0.0138586 0.0256612 0.0422558 0.0606055 0.075661 0.0822995 0.0781594 0.0650764 0.0479078 0.0317248 0.0195289 0.0117893 0.00742055
 1.01579e-16 7.55519e-05 0.000734391 0.00488029 0.0221851 0.0690261 0.147067 0.21465 0.214653 0.147085 0.0690836 0.0223521 0.00530248 0.00166577 0.00187285 0.0030505 0.00455839 0.0060874 0.0073642 0.00824107 0.00874022 0.00896337 0.00895339 0.0086442 0.0079381 0.00682545
 1.02141e-16 5.35928e-05 0.000520941 0.00346184 0.015737 0.0489639 0.104324 0.15227 0.152301 0.104475 0.0494699 0.0171977 0.00712594 0.00851196 0.0152074 0.0249976 0.0358696 0.0448275 0.0488637 0.0466087 0.0391704 0.0294248 0.0203431 0.0136347 0.00948401 0.00715519
 1.04447e-16 5.49666e-05 0.000534295 0.00355058 0.0161404 0.050219 0.106998 0.156171 0.156192 0.1071 0.0505646 0.0171403 0.00606591 0.00604354 0.0105713 0.0175279 0.0255647 0.0328115 0.0373705 0.038319 0.0361788 0.0324143 0.0284082 0.0247675 0.0213769 0.0179158
 1.04219e-16 6.36863e-05 0.000619054 0.00411383 0.0187009 0.0581855 0.123971 0.180942 0.180957 0.124043 0.0584264 0.0193975 0.00586481 0.00444971 0.00736333 0.0121372 0.0176319 0.0225009 0.0254156 0.0257702 0.0240189 0.0213101 0.0187227 0.0167165 0.0151289 0.0135501
 1.03049e-16 6.42386e-05 0.000624422 0.0041495 0.0188631 0.0586901 0.125046 0.182512 0.182528 0.125126 0.0589599 0.0196425 0.00610698 0.00490046 0.00819368 0.0134667 0.0194468 0.0245701 0.0272887 0.0268937 0.0239283 0.0197969 0.015896 0.0129482 0.0109288 0.00942885
 1.07061e-16 3.0345e-05 0.000294964 0.00196014 0.00891055 0.0277243 0.0590713 0.0862263 0.0862739 0.059304 0.0285057 0.0111682 0.00762999 0.012682 0.0235841 0.0390158 0.0563752 0.0712583 0.079179 0.0780507 0.0693887 0.0571925 0.0454605 0.0362976 0.0297206 0.0246955
 1.06622e-16 6.43728e-05 0.000625727 0.00415817 0.0189025 0.0588126 0.125307 0.182891 0.182898 0.125346 0.0589435 0.0192826 0.0051199 0.00275058 0.00417448 0.00699491 0.0105282 0.014201 0.0174538 0.0200054 0.0219374 0.0234616 0.0245861 0.025003 0.0242944 0.0222584
 1.05892e-16 5.59593e-05 0.000543944 0.0036147 0.0164319 0.0511259 0.10893 0.158992 0.159016 0.109048 0.0515224 0.017577 0.0064891 0.0068189 0.0119743 0.019712 0.0284073 0.0357737 0.0395378 0.038697 0.0341389 0.02805 0.0225907 0.0188537 0.0167149 0.0153839
 1.09041e-16 3.96015e-05 0.000384941 0.00255807 0.0116286 0.0361812 0.0770891 0.112521 0.112555 0.0772561 0.0367423 0.013251 0.00663657 0.00930891 0.0170482 0.0282795 0.0411036 0.052464 0.0592491 0.0600009 0.0557146 0.0490138 0.0424125 0.0370678 0.0327636 0.0287297
 1.07753e-16 6.06649e-05 0.000589684 0.00391866 0.0178137 0.055425 0.118089 0.172357 0.17237 0.11815 0.0556283 0.0184026 0.00540324 0.00385162 0.006318 0.0105132 0.0155265 0.0203463 0.0239769 0.0259627 0.0266041 0.0266152 0.026519 0.0262947 0.025513 0.0237506
 1.05574e-16 5.99797e-05 0.000583024 0.0038744 0.0176125 0.054799 0.116756 0.170413 0.170432 0.11685 0.0551163 0.0185291 0.00617635 0.00561167 0.00962098 0.01584 0.0228857 0.0289448 0.0322226 0.0319233 0.0287302 0.0243292 0.0203612 0.0176191 0.0159583 0.0147518
pSPR Fmed_Fpbrs
0.626197   0.196867 0.196867
Fs Fmed_Fpbrs
0.24284   1.005 1.005
SSBpbr Bo_Bmed_Bpbrs
1.88754e+06  1.0876e+06  277218 277218
Ro
179119
SPR SPRFo_SPRFmed_SPRFpbrs
1.27007e+06 795313 250035
Fref
1.005
log_Ro
11.9158
likeval ReclasPelacesDesembMPH_pf_preclas_ppelaces_ptallas_desvR_qrecl_qpela
 12.9235 16.6857 0.0574779 0.00276089 203.957 86.2106 61.1067 0 22.2641 6.3247e-07 0 0.294935 0 0 0
q_reclas_q_pelaces
0.893424 1
M
1
N
 194831 45048.9 141155 8555.04 0.29013
 113330 63779.3 14478.8 45367.4 2749.69
 107798 33703.1 18343.1 4164.12 13838.6
 182888 32220.6 9750.01 5306.48 5208.02
 145234 49403.7 8291.03 2508.88 2705.6
 256186 48082.4 16087 2699.75 1697.95
 105724 77204.2 14042.6 4698.23 1284.36
 47059.7 24797.2 16870.3 3068.51 1307.29
 45103.6 16101.8 8388.32 5706.83 1480.23
 60632.6 12519.4 4275.64 2227.42 1908.44
 112808 15425.2 3005.46 1026.43 992.874
 149139 38101.7 5140.46 1001.57 672.933
 123785 37603 9052.48 1221.31 397.84
 86230 31920.1 9169.49 2207.45 394.829
 84952.2 17516.3 5905.78 1696.51 481.466
 474699 20825.9 4028.49 1358.24 500.903
 97667.6 127111 5304.79 1026.14 473.562
 727869 29013.1 36510.6 1523.72 430.766
 424514 217550 8392.88 10561.7 565.39
 343338 115590 56497.7 2179.63 2889.72
 481713 97032.2 31340.2 15318.4 1374.46
 641599 144967 28292.8 9138.22 4867.32
 133544 182486 39596.5 7727.94 3825.49
 400415 42066.6 56097.2 12172.2 3551.6
 343558 129065 13280.2 17709.6 4963.94
 148215 110442 40619.3 4179.54 7135.8
 278236 48850.5 35777 13158.3 3665.52
 316256 88504.6 15187.5 11123 5230.49
pred_Ctot
 13696.2 3637.63 11398.1 690.807 0.0234276
 13967 8975.75 2037.62 6384.62 386.968
 12995.6 4641.11 2525.94 573.422 1905.65
 31498.2 6301.01 1906.7 1037.73 1018.47
 9265.81 3623.07 608.031 183.991 198.418
 29761.7 6383.69 2135.8 358.434 225.43
 25118.9 20664.1 3758.56 1257.5 343.765
 2092.38 1269.99 864.015 157.154 66.953
 7161.27 2907.45 1514.65 1030.46 267.281
 12181.1 2846.13 972.016 506.378 433.861
 5879.48 925.301 180.286 61.5716 59.5587
 30583.1 8837.13 1192.25 232.299 156.077
 24083.5 8285.09 1994.54 269.091 87.6563
 25602.8 10596.7 3044.04 732.816 131.073
 18513.8 4310.82 1453.43 417.517 118.49
 83789 4171.85 806.988 272.083 100.341
 12093.9 17972.3 750.048 145.087 66.9573
 87762.3 3995.91 5028.51 209.858 59.3284
 71453.4 41597.3 1604.79 2019.49 108.107
 51392.9 19697.9 9627.9 371.436 492.443
 56321.1 12964.2 4187.26 2046.64 183.638
 93952.7 24176.7 4718.49 1524.01 811.74
 12288.2 19241.9 4175.2 814.861 403.373
 31680.5 3819.38 5093.28 1105.16 322.463
 27702.3 11940.7 1228.64 1638.43 459.246
 9838.97 8425.04 3098.62 318.834 544.352
 24087.3 4849.1 3551.36 1306.15 363.854
 24327.8 7814.64 1341 982.12 461.834
F
 0.116706 0.135065 0.135065 0.135065 0.135065
 0.212716 0.246177 0.246177 0.246177 0.246177
 0.207657 0.240322 0.240322 0.240322 0.240322
 0.308848 0.357432 0.357432 0.357432 0.357432
 0.10543 0.122015 0.122015 0.122015 0.122015
 0.199449 0.230823 0.230823 0.230823 0.230823
 0.450098 0.520901 0.520901 0.520901 0.520901
 0.072487 0.0838896 0.0838896 0.0838896 0.0838896
 0.281685 0.325995 0.325995 0.325995 0.325995
 0.368829 0.426848 0.426848 0.426848 0.426848
 0.0854247 0.0988625 0.0988625 0.0988625 0.0988625
 0.377791 0.43722 0.43722 0.43722 0.43722
 0.35531 0.411202 0.411202 0.411202 0.411202
 0.593885 0.687306 0.687306 0.687306 0.687306
 0.405892 0.469741 0.469741 0.469741 0.469741
 0.317623 0.367587 0.367587 0.367587 0.367587
 0.213822 0.247457 0.247457 0.247457 0.247457
 0.207694 0.240365 0.240365 0.240365 0.240365
 0.300894 0.348227 0.348227 0.348227 0.348227
 0.263672 0.305149 0.305149 0.305149 0.305149
 0.200842 0.232436 0.232436 0.232436 0.232436
 0.257291 0.297765 0.297765 0.297765 0.297765
 0.155175 0.179585 0.179585 0.179585 0.179585
 0.132184 0.152977 0.152977 0.152977 0.152977
 0.134862 0.156076 0.156076 0.156076 0.156076
 0.109901 0.127189 0.127189 0.127189 0.127189
 0.145416 0.16829 0.16829 0.16829 0.16829
 0.128315 0.148499 0.148499 0.148499 0.148499
nmprior
 8 8 7 0
nm_flota  nm_reclas  nm_pelaces    nm_pelaL
inf 9.99875 15.9918 15.9918
cv_recla  cv_pelaces  cv_mph
0.349904 0.522531 1.62155
 ------------------------------------------------
Talla a la edad & desviación 
 8 13.2811 15.8009 17.003 17.5766
 0.8 1.32811 1.58009 1.7003 1.75766
