years
 1991 1992 1993 1994 1995 1996 1997 1998 1999 2000 2001 2002 2003 2004 2005 2006 2007 2008 2009 2010 2011 2012 2013 2014 2015 2016 2017 2018 2019
reclasobs
 0 0 0 0 0 0 0 0 0 252601 567819 844713 477998 351125 339783 2.1784e+06 2.13404e+06 4.81314e+06 1.55562e+06 2.62356e+06 3.21686e+06 3.843e+06 1.13348e+06 3.07943e+06 1.97215e+06 2.03268e+06 2.025e+06 2.42433e+06 2.27542e+06
reclaspred
 3.18992e+06 1.74433e+06 881682 912124 927371 1.61483e+06 911445 782510 553351 374853 507659 689460 673876 492400 478408 1.34599e+06 1.18357e+06 3.07248e+06 2.45047e+06 1.84119e+06 3.17745e+06 2.56306e+06 1.9346e+06 3.07397e+06 2.2798e+06 2.01484e+06 2.48018e+06 2.46935e+06 1.94552e+06
pelacesobs
 0 0 0 0 0 0 0 0 0 0 0 0 0 0 0 552880 188675 0 991730 2.46772e+06 1.41603e+06 1.21717e+06 2.29649e+06 1.80582e+06 0 1.4828e+06 1.56532e+06 1.57751e+06 1.42118e+06
pelacespred
 1.824e+06 1.08875e+06 535457 443943 496251 880181 448470 504797 327367 202441 292732 330242 357999 262839 263113 622558 581610 1.70292e+06 1.40702e+06 964995 1.66164e+06 1.41682e+06 1.11513e+06 1.90333e+06 1.38166e+06 1.22701e+06 1.689e+06 1.66707e+06 1.11876e+06
mphobs
 0 0 0 0 0 0 0 0 0 0 0 498337 0 5186 125008 0 168611 109162 213762 579715 649985 157893 87575 83554 0 0 0 0 0
mphpred
 489749 328010 157587 87270.1 96432.1 116351 160860 86587.3 77975.4 48803.2 30006.9 61694.9 65908.1 53494.9 31973.9 40383.5 150615 131388 306498 216076 237471 288503 271537 215068 312193 256663 210220 232621 302615
desembarqueobs
 494567 514787 250237 358949 120608 361735 552515 73892 212993 205616 52469 317467 293654 387597 252695 516296 358380 742168 942051 627588 828172 859565 418607 520667 417249 300574 407403 355545 319650
desembarquepred
 494572 513854 250677 358984 120614 361743 552540 73897.5 213055 205672 52471.8 317526 293687 387574 252671 516230 358415 742030 941772 627379 828245 859526 418603 520687 417233 300569 407390 355512 319636
Reclutas
 169356 94503.2 93551 144364 116248 213484 83987.1 35360 34603 46778.7 87104.3 126272 105377 73471.5 66886.5 361644 70864.9 582263 329827 276327 360331 494933 97239.6 286440 244996 108484 248071 242941 82684.1
log_desv_Rt
 0.199816 -0.383554 -0.39368 0.040151 -0.17646 0.431374 -0.501524 -1.36661 -1.38825 -1.08676 -0.465081 -0.0937477 -0.274644 -0.63529 -0.72919 0.958473 -0.671413 1.43474 0.866382 0.689396 0.954835 1.27223 -0.35501 0.725342 0.569053 -0.245581 0.581527 0.560629 -0.51716
SSB
 1.98867e+06 1.33191e+06 639897 354368 391571 472452 653186 351596 316626 198170 121846 250518 267626 217221 129833 163981 611586 533514 1.24456e+06 877399 964275 1.17149e+06 1.1026e+06 873305 1.26769e+06 1.0422e+06 853620 944580 1.2288e+06
BT
 2.81945e+06 1.93621e+06 947378 902615 764029 1.52432e+06 1.08631e+06 750399 653959 472760 451646 718055 757811 766188 621119 1.29714e+06 1.05675e+06 3.05282e+06 2.81159e+06 1.85911e+06 2.96822e+06 2.72263e+06 1.85188e+06 3.13059e+06 2.23611e+06 1.91526e+06 2.75409e+06 2.65399e+06 1.74102e+06
Ftot
 0.209502 0.386518 0.379549 0.567567 0.188549 0.338924 0.786993 0.135206 0.539811 0.759026 0.165506 0.668028 0.628623 1.09996 0.803727 0.620624 0.416143 0.385084 0.54475 0.49194 0.384672 0.489651 0.296511 0.26076 0.260686 0.209784 0.250674 0.220575 0.220007
BD_Bspro_t
 0.967151 0.775179 0.566955 0.466424 0.462226 0.558501 0.561777 0.367652 0.42403 0.361402 0.317277 0.574755 0.45225 0.356276 0.240471 0.287912 0.48191 0.435894 0.575249 0.459398 0.435338 0.4806 0.494496 0.47625 0.600602 0.610181 0.617717 0.668589 0.710895
BD_Bspro
 2.01769 1.35135 0.649235 0.35954 0.397286 0.479347 0.662718 0.356727 0.321247 0.201062 0.123624 0.254174 0.271532 0.220391 0.131728 0.166374 0.620511 0.5413 1.26272 0.890203 0.978347 1.18859 1.11869 0.886049 1.28619 1.05741 0.866077 0.958364 1.24673
BD_Bo
 1.32669 0.888554 0.426891 0.236408 0.261227 0.315185 0.435757 0.234558 0.21123 0.132204 0.0812865 0.167127 0.17854 0.144914 0.0866148 0.109396 0.408005 0.355921 0.830279 0.585335 0.643292 0.781533 0.735573 0.582604 0.845706 0.695281 0.569471 0.630153 0.819761
BD_Brms
 7.38354 4.94513 2.37581 1.3157 1.45382 1.75412 2.42515 1.3054 1.17557 0.735765 0.452389 0.930122 0.993641 0.806498 0.482043 0.608827 2.2707 1.98083 4.6208 3.2576 3.58016 4.34952 4.09373 3.2424 4.70666 3.86949 3.16932 3.50703 4.56227
Sel_flota
 0.724365 0.980366 0.998947 0.999945 0.999997
 0.724365 0.980366 0.998947 0.999945 0.999997
 0.724365 0.980366 0.998947 0.999945 0.999997
 0.724365 0.980366 0.998947 0.999945 0.999997
 0.724365 0.980366 0.998947 0.999945 0.999997
 0.724365 0.980366 0.998947 0.999945 0.999997
 0.724365 0.980366 0.998947 0.999945 0.999997
 0.724365 0.980366 0.998947 0.999945 0.999997
 0.724365 0.980366 0.998947 0.999945 0.999997
 0.724365 0.980366 0.998947 0.999945 0.999997
 0.724365 0.980366 0.998947 0.999945 0.999997
 0.724365 0.980366 0.998947 0.999945 0.999997
 0.724365 0.980366 0.998947 0.999945 0.999997
 0.724365 0.980366 0.998947 0.999945 0.999997
 0.724365 0.980366 0.998947 0.999945 0.999997
 0.724365 0.980366 0.998947 0.999945 0.999997
 0.724365 0.980366 0.998947 0.999945 0.999997
 0.724365 0.980366 0.998947 0.999945 0.999997
 0.724365 0.980366 0.998947 0.999945 0.999997
 0.724365 0.980366 0.998947 0.999945 0.999997
 0.724365 0.980366 0.998947 0.999945 0.999997
 0.724365 0.980366 0.998947 0.999945 0.999997
 0.724365 0.980366 0.998947 0.999945 0.999997
 0.724365 0.980366 0.998947 0.999945 0.999997
 0.724365 0.980366 0.998947 0.999945 0.999997
 0.724365 0.980366 0.998947 0.999945 0.999997
 0.724365 0.980366 0.998947 0.999945 0.999997
 0.724365 0.980366 0.998947 0.999945 0.999997
 0.724365 0.980366 0.998947 0.999945 0.999997
Sel_reclas
 1 1 1 1 1
 1 1 1 1 1
 1 1 1 1 1
 1 1 1 1 1
 1 1 1 1 1
 1 1 1 1 1
 1 1 1 1 1
 1 1 1 1 1
 1 1 1 1 1
 1 1 1 1 1
 1 1 1 1 1
 1 1 1 1 1
 1 1 1 1 1
 1 1 1 1 1
 1 1 1 1 1
 1 1 1 1 1
 1 1 1 1 1
 1 1 1 1 1
 1 1 1 1 1
 1 1 1 1 1
 1 1 1 1 1
 1 1 1 1 1
 1 1 1 1 1
 1 1 1 1 1
 1 1 1 1 1
 1 1 1 1 1
 1 1 1 1 1
 1 1 1 1 1
 1 1 1 1 1
Sel_pelaces
 0.904039 1 1 1 1
 0.904039 1 1 1 1
 0.904039 1 1 1 1
 0.904039 1 1 1 1
 0.904039 1 1 1 1
 0.904039 1 1 1 1
 0.904039 1 1 1 1
 0.904039 1 1 1 1
 0.904039 1 1 1 1
 0.904039 1 1 1 1
 0.904039 1 1 1 1
 0.904039 1 1 1 1
 0.904039 1 1 1 1
 0.904039 1 1 1 1
 0.904039 1 1 1 1
 0.904039 1 1 1 1
 0.904039 1 1 1 1
 0.904039 1 1 1 1
 0.904039 1 1 1 1
 0.904039 1 1 1 1
 0.904039 1 1 1 1
 0.904039 1 1 1 1
 0.904039 1 1 1 1
 0.904039 1 1 1 1
 0.904039 1 1 1 1
 0.904039 1 1 1 1
 0.904039 1 1 1 1
 0.904039 1 1 1 1
 0.904039 1 1 1 1
pf_obs 
 0.8446 0.082 0.0669 0.0065 0
 0.8095 0.147 0.0364 0.0071 0
 0.9664 0.0169 0.016 0.0007 0
 0.9276 0.0648 0.0075 0.0001 0
 0.7033 0.2144 0.0806 0.0017 0
 0.9318 0.0425 0.0243 0.0014 0
 0.5671 0.3108 0.0964 0.0239 0.0018
 0.0768 0.2599 0.5324 0.112 0.0189
 0.490249 0.384438 0.106611 0.0170017 0.00170017
 0.7925 0.1577 0.0466 0.003 0.0002
 0.840416 0.127587 0.0312969 0.00059994 9.999e-05
 0.8084 0.0986 0.0794 0.0134 0.0002
 0.7335 0.1905 0.0724 0.0035 0.0001
 0.4001 0.4547 0.1325 0.0127 0
 0.49795 0.308269 0.164784 0.0264974 0.00249975
 0.9179 0.0499 0.0305 0.0017 0
 0.2467 0.6533 0.0926 0.0074 0
 0.9418 0.0223 0.034 0.0019 0
 0.707729 0.231977 0.0356964 0.0245975 0
 0.517169 0.277429 0.184464 0.0207286 0.00020938
 0.811772 0.124168 0.05621 0.00726502 0.000585176
 0.764997 0.148141 0.077277 0.00933861 0.000247198
 0.163321 0.427699 0.378323 0.0303852 0.000271297
 0.753843 0.0900009 0.118128 0.0371064 0.000921714
 0.721811 0.176058 0.0630433 0.0369309 0.00215725
 0.143369 0.312575 0.442814 0.0836902 0.0175525
 0.692698 0.0596174 0.167031 0.0765114 0.00414204
 0.394062 0.376323 0.152708 0.0712218 0.00568511
 0.125707 0.32114 0.495352 0.0537591 0.00404204
pf_pred 
 0.492366 0.13896 0.34527 0.0234032 8.77886e-07
 0.438171 0.323122 0.0663127 0.161462 0.0109329
 0.590189 0.215951 0.11259 0.0225963 0.058674
 0.743758 0.172478 0.0446153 0.022748 0.0163998
 0.668306 0.268619 0.0428025 0.0108044 0.00946771
 0.762785 0.174318 0.0511318 0.00798615 0.00377827
 0.471347 0.43342 0.0703903 0.0202002 0.00464215
 0.46587 0.307168 0.186993 0.0295538 0.0104149
 0.554576 0.242665 0.117575 0.0701956 0.0149882
 0.736077 0.170687 0.0513686 0.0242914 0.0175762
 0.842117 0.127717 0.0196982 0.00577111 0.00469681
 0.75485 0.215706 0.0239094 0.00361514 0.00191906
 0.703441 0.243466 0.0468613 0.00506161 0.00116994
 0.654792 0.268886 0.0629437 0.0118101 0.00156833
 0.7673 0.175452 0.0449027 0.0101843 0.00216095
 0.94513 0.045794 0.00688966 0.00171525 0.000470877
 0.382271 0.594365 0.0195808 0.00287263 0.000910262
 0.915655 0.0394879 0.0431976 0.0013912 0.000268442
 0.59843 0.377308 0.0114944 0.0122962 0.000471849
 0.64205 0.244969 0.106313 0.00316106 0.00350678
 0.737387 0.189675 0.0502878 0.0213153 0.00133515
 0.753714 0.19701 0.035813 0.00928524 0.00417724
 0.321064 0.553687 0.100666 0.0178737 0.00671033
 0.749908 0.0995545 0.123249 0.0219375 0.00535131
 0.632603 0.296825 0.0284487 0.0344946 0.00762898
 0.436397 0.397537 0.134716 0.0126461 0.018704
 0.739315 0.134766 0.0893493 0.0296725 0.0068975
 0.658293 0.272824 0.0359712 0.023361 0.00955087
 0.373585 0.455354 0.137148 0.0177189 0.0161941
pobs_RECLAS
 0 0 0 0 0
 0 0 0 0 0
 0 0 0 0 0
 0 0 0 0 0
 0 0 0 0 0
 0 0 0 0 0
 0 0 0 0 0
 0 0 0 0 0
 0 0 0 0 0
 0 0 0 0 0
 0.991045 0.00858322 0.000360255 1.14367e-05 0
 0.934742 0.0480273 0.0164251 0.00080598 0
 0.827803 0.169806 0.00239088 0 0
 0.941827 0.0461693 0.0120037 0 0
 0.791401 0.0380133 0.147996 0.0225897 0
 0.846168 0.0940531 0.0597789 0 0
 0.134021 0.677848 0.182769 0.00536245 0
 0.80878 0.0450904 0.141981 0.00414843 0
 0.846168 0.0940531 0.0597789 0 0
 0.905697 0.0802665 0.012482 0.00150086 5.37128e-05
 0.989698 0.0102097 9.19794e-05 0 0
 0.975433 0.0193895 0.00387452 0.00125025 5.28907e-05
 0.303575 0.632131 0.0575291 0.00676475 0
 0.966965 0.00978017 0.0227588 0.000495775 0
 0.843318 0.132988 0.00938335 0.0141283 0.000182051
 0.564624 0.303363 0.111486 0.0197234 0.00080311
 0.826376 0.0876187 0.0782897 0.00655872 0.00115652
 0.89761 0.0855135 0.0140674 0.00269457 0.000114338
 0.34875 0.467042 0.161289 0.0227151 0.000203297
ppred_RECLAS
 0.572282 0.118725 0.289397 0.019596 7.35032e-07
 0.518312 0.27942 0.0562322 0.136775 0.00926075
 0.665346 0.178016 0.0910137 0.018247 0.0473781
 0.800952 0.13488 0.0341956 0.0174167 0.0125556
 0.733294 0.216783 0.0338888 0.00854569 0.00748803
 0.815309 0.136425 0.0392457 0.00612334 0.00289681
 0.554406 0.366705 0.0583272 0.0167198 0.00384211
 0.544174 0.264271 0.15785 0.0249226 0.00878239
 0.633512 0.201519 0.0957049 0.0570775 0.0121865
 0.795969 0.13294 0.0391874 0.0185106 0.0133927
 0.879141 0.0981277 0.0148487 0.00434591 0.00353672
 0.810188 0.167425 0.0181827 0.00274627 0.00145775
 0.766709 0.192221 0.0362547 0.00391174 0.000904109
 0.729193 0.211968 0.0485352 0.00909591 0.00120783
 0.821791 0.135062 0.033851 0.00766912 0.00162718
 0.959761 0.0336963 0.00496789 0.00123547 0.000339147
 0.458875 0.521046 0.0168312 0.00246667 0.000781581
 0.937517 0.0295581 0.0317081 0.00102011 0.000196828
 0.672437 0.308152 0.00920146 0.00983286 0.000377301
 0.712502 0.197987 0.0842331 0.0025019 0.00277538
 0.794315 0.149375 0.0388356 0.016444 0.00102996
 0.808374 0.153901 0.0274262 0.00710329 0.00319545
 0.392944 0.496842 0.0885993 0.015715 0.0058996
 0.80519 0.0784583 0.0952778 0.0169414 0.00413238
 0.701919 0.241738 0.0227268 0.0275284 0.00608798
 0.51441 0.344457 0.114513 0.0107387 0.015882
 0.795885 0.106517 0.069274 0.022982 0.00534199
 0.724666 0.220698 0.0285457 0.0185197 0.00757114
 0.449292 0.402431 0.118906 0.0153464 0.014025
pobs_PELACES
 0 0 0 0 0
 0 0 0 0 0
 0 0 0 0 0
 0 0 0 0 0
 0 0 0 0 0
 0 0 0 0 0
 0 0 0 0 0
 0 0 0 0 0
 0 0 0 0 0
 0 0 0 0 0
 0 0 0 0 0
 0 0 0 0 0
 0 0 0 0 0
 0 0 0 0 0
 0 0 0 0 0
 0 0 0 0 0
 0.505614 0.472636 0.0217494 0 0
 0 0 0 0 0
 0.443492 0.261883 0.143347 0.151278 0
 0.227955 0.32914 0.350689 0.0885471 0.00366901
 0.970185 0.0296113 0.000203453 0 0
 0.997202 0.00247181 0.000326279 0 0
 0.445219 0.490057 0.0546422 0.010081 0
 0.90214 0.0892962 0.00764917 0.000914606 0
 0 0 0 0 0
 0.581667 0.319106 0.0959925 0.00289975 0.000334073
 0.762889 0.0836404 0.116647 0.0363945 0.000428098
 0.88444 0.0763242 0.0277011 0.0115352 0
 0.521256 0.241999 0.230069 0.00667565 0
ppred_PELACES
 0.552039 0.12446 0.302986 0.0205147 7.69491e-07
 0.501521 0.289459 0.0581147 0.141336 0.00956948
 0.650106 0.18633 0.095043 0.0190525 0.0494691
 0.792567 0.140724 0.0355531 0.0181047 0.0130514
 0.716399 0.230567 0.036002 0.00907799 0.00795443
 0.804268 0.14466 0.0415284 0.00647878 0.00306495
 0.546108 0.373857 0.0591785 0.0169595 0.00389713
 0.521998 0.277226 0.16545 0.0261215 0.00920482
 0.620944 0.208748 0.0988102 0.058919 0.0125796
 0.79021 0.13692 0.0401731 0.0189715 0.013726
 0.869621 0.105878 0.0160052 0.00468413 0.00381196
 0.803335 0.173555 0.0187713 0.00283454 0.00150459
 0.75818 0.199384 0.0374611 0.00404107 0.000933992
 0.727911 0.213286 0.0485087 0.00908765 0.00120671
 0.817089 0.138793 0.034615 0.00784014 0.00166344
 0.957873 0.0352996 0.0051845 0.00128908 0.000353859
 0.442627 0.536742 0.0172941 0.00253415 0.000802957
 0.933469 0.0315124 0.0337249 0.00108486 0.000209319
 0.660286 0.319648 0.0095129 0.0101638 0.000389998
 0.700396 0.206518 0.0875981 0.00260143 0.00288576
 0.783029 0.157675 0.0408969 0.0173146 0.00108448
 0.799082 0.161461 0.0286872 0.00742869 0.0033418
 0.375087 0.511628 0.0910702 0.0161517 0.00606351
 0.792681 0.0835767 0.101331 0.0180163 0.00439453
 0.685228 0.255353 0.0239685 0.02903 0.00642003
 0.493718 0.35927 0.119284 0.0111853 0.0165425
 0.782758 0.113452 0.0736708 0.0244387 0.00568056
 0.708012 0.234111 0.0302396 0.0196173 0.00801981
 0.429115 0.417328 0.123141 0.0158919 0.0145235
pobs_pel_tallas
 0 0 0 0 0 0 0 0 0 0 0 0 0 0 0 0 0 0 0 0 0 0 0 0 0 0
 0 0 0 0 0 0 0 0 0 0 0 0 0 0 0 0 0 0 0 0 0 0 0 0 0 0
 0 0 0 0 0 0 0 0 0 0 0 0 0 0 0 0 0 0 0 0 0 0 0 0 0 0
 0 0 0 0 0 0 0 0 0 0 0 0 0 0 0 0 0 0 0 0 0 0 0 0 0 0
 0 0 0 0 0 0 0 0 0 0 0 0 0 0 0 0 0 0 0 0 0 0 0 0 0 0
 0 0 0 0 0 0 0 0 0 0 0 0 0 0 0 0 0 0 0 0 0 0 0 0 0 0
 0 0 0 0 0 0 0 0 0 0 0 0 0 0 0 0 0 0 0 0 0 0 0 0 0 0
 0 0 0 0 0 0 0 0 0 0 0 0 0 0 0 0 0 0 0 0 0 0 0 0 0 0
 0 0 0 0 0 0 0 0 0 0 0 0 0 0 0 0 0 0 0 0 0 0 0 0 0 0
 0 0 0 0 0 0 0 0 0 0 0 0 0 0 0 0 0 0 0 0 0 0 0 0 0 0
 0 0 0 0 0 0 0 0 0 0 0 0 0 0 0 0 0 0 0 0 0 0 0 0 0 0
 0 0 0 0 0 0 0 0 0 0 0 0 0 0 0 0 0 0 0 0 0 0 0 0 0 0
 0.00862536 0 0 0.000197151 0.00414017 0.0128641 0.00837892 0.0270097 0.101434 0.158115 0.152841 0.127902 0.109271 0.109419 0.0830992 0.0579132 0.0238553 0.00714673 0.00463305 0.00128148 0.00103504 0.000492878 0.000147863 0.000147863 4.92878e-05 0
 0 0 0 0 0 0 0 0 0 0 0 0 0 0 0 0 0 0 0 0 0 0 0 0 0 0
 0 0 0 0 0 0 0 0.0054083 0.00873648 0.0413646 0.0450493 0.0745869 0.0622846 0.0627006 0.0613931 0.0827291 0.12552 0.122667 0.0946155 0.0697135 0.0546179 0.0294188 0.0215738 0.0213955 0.0102223 0.00600262
 0 0 0 0 0.00359764 0.0251062 0.0480494 0.140153 0.205849 0.193036 0.1447 0.116669 0.0760912 0.0342217 0.00950174 0.001854 0.000860785 0 0 0 0.000165536 0 0.000143464 0 0 0
 0 0 0 0 0 0 0 0.000145254 0.000435761 0.0275982 0.070085 0.0708112 0.156366 0.174668 0.174014 0.160142 0.0824315 0.0480064 0.0283245 0.00493863 0.00203355 0 0 0 0 0
 0 0 0 0 0 0 0 0 0 0 0 0 0 0 0 0 0 0 0 0 0 0 0 0 0 0
 0 0 1.00437e-05 0.000401748 0.00122533 0.00171747 0.00176769 0.0269171 0.070346 0.194647 0.189555 0.159765 0.064822 0.0314167 0.0384472 0.0292271 0.0345202 0.0313363 0.0194345 0.0106764 0.0143323 0.0359363 0.0279516 0.0138201 0.00172751 0
 0 0.0021121 0.0136068 0.0755702 0.200478 0.177729 0.0527432 0.0373336 0.0318909 0.0142505 0.0149659 0.0166563 0.0217959 0.0798694 0.0677717 0.0528807 0.04013 0.0224614 0.0357745 0.0225083 0.00881397 0.00855152 0.00135912 0.000746735 0 0
 0 0 0 0 5.4009e-05 0.00500934 0.000945158 0.0243581 0.138947 0.33067 0.221406 0.137944 0.0707744 0.0437923 0.0131692 0.00525238 0.0047753 0.00276346 9.45158e-05 9.00151e-06 2.25038e-05 9.00151e-06 4.50075e-06 0 0 0
 0.000866109 0.00284123 0.00948549 0.0512746 0.133035 0.25785 0.225252 0.132002 0.0553304 0.0519788 0.0540692 0.017754 0.00435017 0.00159236 0.00146478 0.000404838 0.000125132 0.000115318 0.000107957 0.000100596 0 0 0 0 0 0
 0 0 0 0 0.00144013 0.00171154 0.00461396 0.0210425 0.0478622 0.0707936 0.0888783 0.103762 0.0637923 0.0337046 0.0602308 0.124433 0.169614 0.0934646 0.0462172 0.0250306 0.0313229 0.00938855 0.002487 0.000210481 0 0
 0 0.00764035 0.051015 0.0998891 0.058973 0.0496711 0.0374665 0.0718981 0.12319 0.153886 0.159021 0.0857701 0.0377988 0.023471 0.0147837 0.00900784 0.00315554 0.000888139 0.00291439 0.00214683 0.00393193 0.00274676 0.000635225 9.99891e-05 0 0
 0 0 0 0 0 0 0 0 0 0 0 0 0 0 0 0 0 0 0 0 0 0 0 0 0 0
 0 0 0 0 0 0 0 0 0 0 0 0 0 0 0 0 0 0 0 0 0 0 0 0 0 0
 0 0 0 0 0 0 0 0 0 0 0 0 0 0 0 0 0 0 0 0 0 0 0 0 0 0
 0 0 0 0 0 0 0 0 0 0 0 0 0 0 0 0 0 0 0 0 0 0 0 0 0 0
 0 0 0 0 0 0 0 0 0 0 0 0 0 0 0 0 0 0 0 0 0 0 0 0 0 0
ppred_pel_tallas
 1.10833e-16 4.54708e-05 0.000441992 0.00293719 0.0133521 0.0415433 0.0885128 0.12919 0.129202 0.0885738 0.0417494 0.0139531 0.00446723 0.00385275 0.00672982 0.0115916 0.017943 0.0251585 0.0325331 0.0395869 0.0460719 0.0516051 0.0553349 0.056103 0.0530892 0.0464322
 1.17545e-16 4.13097e-05 0.000401545 0.00266841 0.0121302 0.0377417 0.0804138 0.117372 0.1174 0.0805505 0.0382011 0.013458 0.00600575 0.0077022 0.0139537 0.0231343 0.0336521 0.04307 0.0489935 0.050479 0.0486469 0.0458828 0.0442338 0.04424 0.0449279 0.0446993
 1.13073e-16 5.35484e-05 0.000520509 0.00345897 0.015724 0.0489232 0.104237 0.15214 0.152159 0.104325 0.0492204 0.0165839 0.00562347 0.00526581 0.00912574 0.0151614 0.0222155 0.0287526 0.033253 0.0350599 0.0347487 0.0336402 0.0328534 0.0326625 0.0325514 0.031741
 1.05087e-16 6.52827e-05 0.000634571 0.00421695 0.0191696 0.059644 0.127078 0.185477 0.185491 0.127145 0.0598671 0.0198147 0.00583779 0.00417836 0.00681209 0.0112028 0.016239 0.0206551 0.0232146 0.0233715 0.021591 0.0190083 0.0166993 0.0151373 0.0141567 0.0132928
 1.03355e-16 5.90088e-05 0.000573587 0.00381169 0.0173274 0.0539121 0.114866 0.167655 0.167677 0.114975 0.0542768 0.018381 0.00645676 0.00634902 0.0110313 0.0181536 0.0261695 0.032962 0.036415 0.0355577 0.031138 0.0251015 0.019411 0.0151266 0.0122781 0.0103346
 1.02404e-16 6.62465e-05 0.000643939 0.0042792 0.0194527 0.0605245 0.128954 0.188216 0.18823 0.129023 0.0607539 0.0201158 0.00594546 0.00428674 0.00700025 0.0115088 0.0166676 0.0211582 0.0236772 0.0236142 0.0213902 0.0181273 0.01493 0.0123543 0.0103756 0.00870562
 1.04164e-16 4.49823e-05 0.000437244 0.00290564 0.0132086 0.0410972 0.0875632 0.127809 0.127845 0.0877393 0.0416886 0.014917 0.00719453 0.00980185 0.0178357 0.0294298 0.0424256 0.053426 0.0589929 0.0575369 0.0502499 0.0402663 0.0307581 0.0234547 0.0184437 0.0149289
 1.09023e-16 4.29964e-05 0.00041794 0.00277736 0.0126255 0.0392827 0.083697 0.122164 0.122191 0.0838286 0.0397253 0.0139065 0.00600261 0.00749109 0.0135713 0.0226163 0.0331553 0.0429053 0.0495307 0.0519049 0.0506638 0.0475325 0.044026 0.0406222 0.0369227 0.032397
 1.10943e-16 5.11464e-05 0.000497161 0.00330381 0.0150186 0.0467287 0.0995612 0.145317 0.145337 0.0996602 0.0470615 0.0159815 0.00572716 0.00580896 0.0102035 0.0169585 0.0248322 0.0321019 0.0370525 0.0389296 0.038351 0.0367584 0.0353622 0.0344389 0.0334243 0.0315335
 1.0542e-16 6.50885e-05 0.000632684 0.00420441 0.0191126 0.0594666 0.1267 0.184926 0.184939 0.126765 0.0596839 0.0197409 0.0057836 0.00408694 0.00664588 0.0109389 0.0158838 0.0202607 0.0228791 0.0232131 0.0217073 0.0194399 0.0174175 0.0160572 0.0151665 0.0142838
 1.01604e-16 7.16296e-05 0.000696265 0.00462693 0.0210333 0.0654426 0.139433 0.203508 0.203518 0.139483 0.0656101 0.0215171 0.00584142 0.00334801 0.00510926 0.00833733 0.0120133 0.0151294 0.0167116 0.0163155 0.0142868 0.0115221 0.00892475 0.0069814 0.00570214 0.00483713
 1.01126e-16 6.61697e-05 0.000643193 0.00427424 0.0194301 0.0604543 0.128805 0.187998 0.188015 0.128887 0.0607286 0.0202221 0.00626168 0.00498013 0.00829791 0.0136004 0.0195547 0.0245248 0.0268894 0.0258984 0.0221165 0.0170417 0.0122169 0.00852443 0.00606783 0.00450199
 1.01696e-16 6.24503e-05 0.000607039 0.00403399 0.0183379 0.0570562 0.121565 0.177432 0.177451 0.121659 0.0573718 0.0192496 0.0063229 0.00560575 0.00956164 0.0157231 0.0226767 0.0285828 0.0316029 0.0308765 0.0270143 0.0216558 0.0164666 0.0123657 0.0094292 0.00729019
 1.02571e-16 5.99571e-05 0.000582804 0.00387294 0.0176058 0.0547784 0.116712 0.170349 0.170369 0.116813 0.0551163 0.0185821 0.00632491 0.00594004 0.0102477 0.0168814 0.0243932 0.0308423 0.0342841 0.0338093 0.0300597 0.0247473 0.0195859 0.0154826 0.0124592 0.0101011
 1.02103e-16 6.73025e-05 0.000654205 0.00434742 0.0197628 0.0614893 0.13101 0.191216 0.191229 0.131076 0.0617093 0.0203985 0.00594431 0.00414416 0.00670687 0.0110114 0.0159261 0.0201744 0.0224989 0.0223138 0.0200351 0.0167632 0.0135884 0.0110695 0.00919282 0.00767184
 1.00348e-16 7.88987e-05 0.000766924 0.00509648 0.0231679 0.0720838 0.153582 0.224159 0.224162 0.153599 0.0721396 0.0233291 0.00550126 0.00165063 0.00175738 0.00278085 0.00399919 0.00503084 0.00554546 0.00539203 0.00468348 0.00371774 0.00279777 0.00209099 0.00160916 0.00127883
 1.01027e-16 3.64587e-05 0.000354392 0.00235506 0.0107058 0.03331 0.0709724 0.103597 0.103649 0.0712246 0.0341567 0.0131502 0.00848618 0.0137229 0.0253794 0.0417779 0.059893 0.0747137 0.081158 0.076882 0.0637081 0.0464665 0.0302139 0.0179636 0.0102149 0.0059084
 1.01126e-16 7.68886e-05 0.000747384 0.00496663 0.0225776 0.0702473 0.149669 0.218447 0.218451 0.149684 0.070298 0.0227248 0.00533834 0.00156595 0.00165226 0.00266378 0.00395478 0.00523182 0.00624204 0.00685233 0.00709476 0.0070887 0.00691275 0.00654698 0.00592646 0.00503863
 1.01442e-16 5.43869e-05 0.00052866 0.00351313 0.0159702 0.0496894 0.10587 0.154526 0.154557 0.10602 0.0501937 0.0174261 0.00716494 0.00849172 0.0151517 0.0248952 0.0356996 0.0445646 0.0484764 0.0460573 0.0384083 0.0284102 0.0190576 0.0121024 0.00777899 0.00539217
 1.0333e-16 5.76908e-05 0.000560775 0.00372655 0.0169403 0.0527078 0.1123 0.16391 0.16393 0.112398 0.0530362 0.0178901 0.0061147 0.00578804 0.0100257 0.0165882 0.0241327 0.0308474 0.0349005 0.0354051 0.0328814 0.0287853 0.0245242 0.0207673 0.0174647 0.0143174
 1.03141e-16 6.44971e-05 0.000626935 0.0041662 0.018939 0.0589262 0.125549 0.183246 0.183261 0.125624 0.0591763 0.0196616 0.00598165 0.00459554 0.00761782 0.0125346 0.0181517 0.0230416 0.0257929 0.0257566 0.0234131 0.0200038 0.0167355 0.01419 0.0122893 0.0106558
 1.0218e-16 6.58193e-05 0.000639787 0.00425161 0.0193272 0.0601342 0.128123 0.187002 0.187018 0.128199 0.0603898 0.0200654 0.00610511 0.00468766 0.00775844 0.0127352 0.0183701 0.0231664 0.0256441 0.0251208 0.0221082 0.0179473 0.013987 0.0109503 0.00885522 0.00734807
 1.05405e-16 3.08955e-05 0.000300316 0.00199571 0.00907222 0.0282273 0.0601431 0.0877909 0.0878402 0.0603842 0.0290369 0.0114111 0.00786808 0.0131243 0.0243992 0.0403221 0.0581615 0.0733025 0.0810449 0.0792011 0.0693686 0.0557871 0.0427491 0.0325989 0.0254783 0.0203613
 1.05497e-16 6.52921e-05 0.000634663 0.00421756 0.0191724 0.0596525 0.127096 0.185502 0.185511 0.127136 0.0597877 0.0195647 0.00520925 0.00282273 0.00428891 0.00716509 0.0107312 0.0143653 0.0174572 0.0196959 0.0211729 0.0221531 0.0227276 0.022679 0.0216646 0.0195266
 1.04755e-16 5.64414e-05 0.000548631 0.00364584 0.0165735 0.0515664 0.109869 0.160362 0.160386 0.109989 0.05197 0.0177391 0.00657123 0.00693368 0.0121801 0.0200413 0.0288563 0.0362815 0.0399817 0.0389156 0.0339737 0.0273878 0.0213883 0.017145 0.014605 0.0130336
 1.07456e-16 4.0667e-05 0.000395298 0.00262689 0.0119415 0.0371546 0.0791631 0.115548 0.115583 0.0793329 0.037725 0.0135903 0.0067709 0.00945896 0.0173048 0.028676 0.0416128 0.052972 0.0595536 0.059853 0.0548924 0.047393 0.0400036 0.0340103 0.0292886 0.0251087
 1.05568e-16 6.44748e-05 0.000626718 0.00416476 0.0189324 0.0589058 0.125505 0.183181 0.183192 0.125559 0.0590872 0.0194577 0.00548817 0.00353165 0.00562845 0.00932656 0.0137202 0.0178685 0.0208505 0.0222389 0.022307 0.0217355 0.0210697 0.0203886 0.0193975 0.0177715
 1.04258e-16 5.83181e-05 0.000566873 0.00376707 0.0171246 0.053281 0.113522 0.165693 0.165715 0.113632 0.0536512 0.0181939 0.00645151 0.00642757 0.0111908 0.0184144 0.0265382 0.0334161 0.0369096 0.0360545 0.0316417 0.0256793 0.0201753 0.0161858 0.0136797 0.0120306
 1.07712e-16 3.53457e-05 0.000343573 0.00228317 0.010379 0.032293 0.0688052 0.100432 0.100472 0.0690023 0.0329551 0.0122925 0.00709137 0.0108562 0.0200485 0.0332131 0.0481323 0.0611356 0.0684815 0.0684165 0.0621574 0.0529342 0.0439184 0.0366925 0.0311609 0.0264687
pSPR Fmed_Fpbrs
0.523086   0.229683 0.229683
Fs Fmed_Fpbrs
0.382221   1.005 1.005
SSBpbr Bo_Bmed_Bpbrs
1.49897e+06  709141  269339 269339
Ro
138683
SPR SPRFo_SPRFmed_SPRFpbrs
985617 515562 226379
Fref
1.005
log_Ro
11.6599
likeval ReclasPelacesDesembMPH_pf_preclas_ppelaces_ptallas_desvR_qrecl_qpela
 12.2707 16.4478 0.0345045 0.00081858 217.228 93.9004 70.2795 0 22.4506 4.27859e-06 1.63522e-05 0.174245 0 0 0
q_reclas_q_pelaces
1.34059 1.77768
M
1
N
 169356 36089.5 88140.6 5968.9 0.223891
 94503.2 53530.3 10811.5 26302.2 1780.88
 93551 26275.9 13481.5 2703.37 7019.34
 144364 26142.8 6662.91 3394.54 2447.15
 116248 35205.9 5513.24 1390.39 1218.32
 213484 37305.8 10765.7 1680.01 794.783
 83987.1 61439.7 9844.17 2823 648.721
 35360 17471.9 10449.1 1649.9 581.405
 34603 11794.6 5629.62 3358.36 717.047
 46778.7 8609.96 2555.96 1207.8 873.877
 87104.3 9930.55 1505.01 440.521 358.499
 126272 28423.6 3106.07 469.29 249.108
 105377 28632.5 5432 586.276 135.507
 73471.5 24586.3 5687.46 1066.46 141.617
 66886.5 12184 3076.6 697.3 147.951
 361644 13746.8 2038.43 507.096 139.204
 70864.9 84868.4 2752.11 403.414 127.826
 582263 19285.1 20762.1 668.086 128.906
 329827 162062 4863.76 5198.92 199.493
 276327 81775 34950.3 1038.35 1151.87
 360331 71182 18572.7 7865.66 492.666
 494933 100321 17959.5 4652.59 2093.01
 97239.6 127707 22836.1 4051.09 1520.83
 286440 28858.2 35129.7 6247.27 1523.85
 244996 87238.3 8221.53 9959.85 2202.66
 108484 74620 24855.4 2331.11 3447.62
 248071 34282.9 22348.2 7415.06 1723.58
 242941 76106.6 9864.03 6400.23 2616.53
 82684.1 76175.5 22553.5 2911.16 2660.51
pred_Ctot
 15261.3 4307.16 10701.9 725.399 0.0272107
 14923.9 11005.4 2258.58 5499.33 372.369
 14536.2 5318.82 2773.06 556.54 1445.13
 31802.8 7375.11 1907.73 972.694 701.249
 9486.2 3812.88 607.555 153.362 134.388
 29969.8 6848.96 2008.97 313.776 148.448
 24150.7 22207.4 3606.64 1035.01 237.853
 2102.09 1386 843.745 133.352 46.994
 7306.73 3197.2 1549.1 924.851 197.474
 13072.3 3031.3 912.274 431.4 312.142
 6281.92 952.728 146.942 43.0506 35.0367
 31840.1 9098.65 1008.52 152.489 80.9473
 25277.9 8748.86 1683.94 181.887 42.0414
 27177.8 11160.4 2612.54 490.188 65.0951
 19553.6 4471.15 1144.28 259.532 55.0688
 85837.8 4159.06 625.727 155.781 42.7656
 11946.9 18575.4 611.948 89.7767 28.4479
 91647.2 3952.31 4323.62 139.244 26.8682
 70185.7 44251.9 1348.09 1442.14 55.34
 53896.4 20563.8 8924.36 265.353 294.374
 56661.5 14574.8 3864.16 1637.89 102.594
 96147.7 25131.7 4568.49 1184.47 532.871
 12090.3 20850.2 3790.76 673.068 252.691
 31648.4 4201.5 5201.47 925.827 225.841
 27062.2 12697.9 1217.01 1475.65 326.361
 9788.26 8916.66 3021.63 283.648 419.525
 26426.6 4817.16 3193.77 1060.64 246.55
 22974.4 9521.56 1255.4 815.299 333.325
 7800.46 9507.79 2863.65 369.971 338.133
F
 0.151756 0.205389 0.209281 0.20949 0.209501
 0.279981 0.37893 0.386111 0.386497 0.386517
 0.274932 0.372097 0.379149 0.379528 0.379548
 0.411126 0.556424 0.56697 0.567536 0.567566
 0.136578 0.184847 0.18835 0.188538 0.188548
 0.245505 0.332269 0.338567 0.338905 0.338923
 0.57007 0.771541 0.786164 0.786949 0.78699
 0.0979388 0.132552 0.135064 0.135199 0.135206
 0.39102 0.529212 0.539243 0.539781 0.53981
 0.549812 0.744123 0.758227 0.758984 0.759024
 0.119887 0.162256 0.165332 0.165497 0.165505
 0.483896 0.654912 0.667324 0.667991 0.668026
 0.455353 0.616281 0.627961 0.628588 0.628621
 0.796774 1.07836 1.0988 1.0999 1.09996
 0.582192 0.787947 0.802881 0.803682 0.803725
 0.449559 0.608439 0.619971 0.62059 0.620622
 0.30144 0.407973 0.415705 0.41612 0.416142
 0.278941 0.377523 0.384678 0.385062 0.385082
 0.394598 0.534054 0.544176 0.544719 0.544748
 0.356344 0.482281 0.491422 0.491912 0.491938
 0.278643 0.37712 0.384267 0.384651 0.384671
 0.354686 0.480037 0.489135 0.489623 0.489649
 0.214782 0.290689 0.296198 0.296494 0.29651
 0.188885 0.25564 0.260485 0.260745 0.260759
 0.188832 0.255568 0.260412 0.260672 0.260686
 0.15196 0.205665 0.209563 0.209772 0.209783
 0.181579 0.245752 0.25041 0.25066 0.250673
 0.159777 0.216244 0.220343 0.220563 0.220574
 0.159366 0.215688 0.219776 0.219995 0.220007
nmprior
 8 8 7 0
nm_flota  nm_reclas  nm_pelaces    nm_pelaL
inf 12.9854 15.8449 20.8872
cv_recla  cv_pelaces  cv_mph
0.332319 0.496707 0.88295
 ------------------------------------------------
Talla a la edad & desviación 
 8 13.2811 15.8009 17.003 17.5766
 0.8 1.32811 1.58009 1.7003 1.75766
