years
 1991 1992 1993 1994 1995 1996 1997 1998 1999 2000 2001 2002 2003 2004 2005 2006 2007 2008 2009 2010 2011 2012 2013 2014 2015 2016 2017
reclasobs
 0 0 0 0 0 0 0 0 0 252601 567819 844713 477998 351125 339783 2.1784e+06 2.13404e+06 4.81314e+06 1.55562e+06 2.62356e+06 3.21686e+06 3.843e+06 1.13348e+06 3.07943e+06 1.97215e+06 2.03268e+06 2.025e+06
reclaspred
 3.15346e+06 1.77409e+06 890056 884804 873961 1.42566e+06 895704 782639 571249 416149 493941 642179 629680 485826 483525 1.31632e+06 1.25786e+06 2.87422e+06 2.38505e+06 1.82296e+06 3.2075e+06 2.58623e+06 2.03329e+06 3.15584e+06 2.3717e+06 2.02637e+06 2.13853e+06
pelacesobs
 0 0 0 0 0 0 0 0 0 0 0 0 0 0 0 552880 188675 0 991730 2.46772e+06 1.41603e+06 1.21717e+06 2.29649e+06 1.80582e+06 0 1.4828e+06 1.56532e+06
pelacespred
 1.61783e+06 1.01075e+06 508111 412718 425730 717184 416037 451931 316905 218426 268708 291856 314569 254704 260713 592478 567930 1.49572e+06 1.28055e+06 908559 1.54572e+06 1.361e+06 1.06457e+06 1.80593e+06 1.30946e+06 1.11332e+06 1.32935e+06
mphobs
 0 0 0 0 0 0 0 0 0 0 0 498337 0 5186 125008 0 168611 109162 213762 579715 649985 157893 87575 83554 0 0 0
mphpred
 469437 313411 156764 84513.7 91612.8 103799 140939 86755.8 76523.9 52389.4 34624.2 57833.1 62384.5 52557.8 35060.5 43812.7 149424 140074 281860 214330 236061 288703 271427 222002 311922 256771 202884
desembarqueobs
 494567 514787 250237 358949 120608 361735 552515 73892 212993 205616 52469 317467 293654 387597 252695 516296 358380 742168 942051 627588 828172 859565 418607 520667 417249 300574 407403
desembarquepred
 494575 513605 250820 358973 120613 361743 552548 73896.1 213039 205657 52471.4 317525 293698 387625 252689 516261 358405 742084 941859 627462 828217 859554 418608 520680 417240 300571 407405
Reclutas
 193255 115449 105652 182798 143822 258490 106364 46548.1 44874 60518.9 112771 149611 123694 86208.2 84333 475576 96660.8 729540 425164 342353 482101 646091 132774 403571 338263 137055 273122
log_desv_Rt
 0.102142 -0.413039 -0.501712 0.0465157 -0.193289 0.39299 -0.494997 -1.32138 -1.35801 -1.05891 -0.436506 -0.15383 -0.344057 -0.705102 -0.727094 1.00266 -0.590659 1.43055 0.890607 0.673975 1.01629 1.30907 -0.27322 0.838485 0.661958 -0.241488 0.448052
SSB
 3.07025e+06 2.04979e+06 1.02528e+06 552743 599173 678873 921782 567407 500487 342641 226451 378244 408012 343742 229305 286547 977277 916120 1.84344e+06 1.40178e+06 1.5439e+06 1.8882e+06 1.77521e+06 1.45195e+06 2.04005e+06 1.67935e+06 1.32691e+06
BT
 4.14536e+06 2.83669e+06 1.41931e+06 1.25277e+06 1.07642e+06 1.96306e+06 1.4508e+06 1.10762e+06 941345 702428 664536 938898 992927 992012 854432 1.78235e+06 1.58891e+06 4.10659e+06 3.8573e+06 2.64971e+06 4.24088e+06 3.93597e+06 2.82032e+06 4.65015e+06 3.40061e+06 2.83411e+06 3.4842e+06
Ftot
 0.134851 0.245682 0.239965 0.350763 0.120878 0.223746 0.513008 0.0826862 0.320718 0.420737 0.095545 0.424973 0.400844 0.668188 0.45474 0.349797 0.24452 0.230542 0.339881 0.298093 0.226291 0.289159 0.177312 0.147041 0.153294 0.128811 0.168331
BD_Bspro_t
 0.978655 0.842146 0.678974 0.584222 0.572433 0.648625 0.647793 0.481259 0.535699 0.492785 0.460358 0.672461 0.557675 0.467925 0.357901 0.413561 0.597545 0.569086 0.668806 0.575 0.55228 0.59839 0.610532 0.601629 0.707534 0.714752 0.71318
BD_Bspro
 2.47668 1.65351 0.827061 0.445881 0.483335 0.547627 0.743575 0.45771 0.403728 0.276398 0.182672 0.305118 0.329131 0.277287 0.184974 0.231149 0.78834 0.739007 1.48705 1.13077 1.24542 1.52315 1.43201 1.17125 1.64565 1.35469 1.07038
BD_Bo
 1.62198 1.08288 0.541643 0.292008 0.316537 0.358642 0.486968 0.299755 0.264402 0.181013 0.119632 0.199822 0.215548 0.181595 0.121139 0.15138 0.516285 0.483976 0.97387 0.740544 0.815628 0.997513 0.937822 0.76705 1.07774 0.887185 0.700994
BD_Brms
 11.9373 7.96972 3.98634 2.1491 2.32962 2.6395 3.58395 2.20611 1.94593 1.33221 0.880458 1.47064 1.58638 1.33649 0.891553 1.11411 3.79971 3.56193 7.16741 5.4502 6.0028 7.34142 6.90211 5.64528 7.93186 6.52944 5.15913
Sel_flota
 0.918622 1 1 1 1
 0.918622 1 1 1 1
 0.918622 1 1 1 1
 0.918622 1 1 1 1
 0.918622 1 1 1 1
 0.918622 1 1 1 1
 0.918622 1 1 1 1
 0.918622 1 1 1 1
 0.918622 1 1 1 1
 0.918622 1 1 1 1
 0.918622 1 1 1 1
 0.918622 1 1 1 1
 0.918622 1 1 1 1
 0.918622 1 1 1 1
 0.918622 1 1 1 1
 0.918622 1 1 1 1
 0.918622 1 1 1 1
 0.918622 1 1 1 1
 0.918622 1 1 1 1
 0.918622 1 1 1 1
 0.918622 1 1 1 1
 0.918622 1 1 1 1
 0.918622 1 1 1 1
 0.918622 1 1 1 1
 0.918622 1 1 1 1
 0.918622 1 1 1 1
 0.918622 1 1 1 1
Sel_reclas
 1 1 1 1 1
 1 1 1 1 1
 1 1 1 1 1
 1 1 1 1 1
 1 1 1 1 1
 1 1 1 1 1
 1 1 1 1 1
 1 1 1 1 1
 1 1 1 1 1
 1 1 1 1 1
 1 1 1 1 1
 1 1 1 1 1
 1 1 1 1 1
 1 1 1 1 1
 1 1 1 1 1
 1 1 1 1 1
 1 1 1 1 1
 1 1 1 1 1
 1 1 1 1 1
 1 1 1 1 1
 1 1 1 1 1
 1 1 1 1 1
 1 1 1 1 1
 1 1 1 1 1
 1 1 1 1 1
 1 1 1 1 1
 1 1 1 1 1
Sel_pelaces
 1 1 1 1 1
 1 1 1 1 1
 1 1 1 1 1
 1 1 1 1 1
 1 1 1 1 1
 1 1 1 1 1
 1 1 1 1 1
 1 1 1 1 1
 1 1 1 1 1
 1 1 1 1 1
 1 1 1 1 1
 1 1 1 1 1
 1 1 1 1 1
 1 1 1 1 1
 1 1 1 1 1
 1 1 1 1 1
 1 1 1 1 1
 1 1 1 1 1
 1 1 1 1 1
 1 1 1 1 1
 1 1 1 1 1
 1 1 1 1 1
 1 1 1 1 1
 1 1 1 1 1
 1 1 1 1 1
 1 1 1 1 1
 1 1 1 1 1
pf_obs 
 0.8446 0.082 0.0669 0.0065 0
 0.8095 0.147 0.0364 0.0071 0
 0.9664 0.0169 0.016 0.0007 0
 0.9276 0.0648 0.0075 0.0001 0
 0.7033 0.2144 0.0806 0.0017 0
 0.9318 0.0425 0.0243 0.0014 0
 0.5671 0.3108 0.0964 0.0239 0.0018
 0.0768 0.2599 0.5324 0.112 0.0189
 0.490249 0.384438 0.106611 0.0170017 0.00170017
 0.7925 0.1577 0.0466 0.003 0.0002
 0.840416 0.127587 0.0312969 0.00059994 9.999e-05
 0.8084 0.0986 0.0794 0.0134 0.0002
 0.7335 0.1905 0.0724 0.0035 0.0001
 0.4001 0.4547 0.1325 0.0127 0
 0.49795 0.308269 0.164784 0.0264974 0.00249975
 0.9179 0.0499 0.0305 0.0017 0
 0.2467 0.6533 0.0926 0.0074 0
 0.9418 0.0223 0.034 0.0019 0
 0.707729 0.231977 0.0356964 0.0245975 0
 0.517169 0.277429 0.184464 0.0207286 0.00020938
 0.811772 0.124168 0.05621 0.00726502 0.000585176
 0.764997 0.148141 0.077277 0.00933861 0.000247198
 0.163321 0.427699 0.378323 0.0303852 0.000271297
 0.753843 0.0900009 0.118128 0.0371064 0.000921714
 0.721811 0.176058 0.0630433 0.0369309 0.00215725
 0.143369 0.312575 0.442814 0.0836902 0.0175525
 0.692698 0.0596174 0.167031 0.0765114 0.00414204
pf_pred 
 0.47915 0.123439 0.374514 0.0228957 7.59866e-07
 0.460735 0.270702 0.0636485 0.193109 0.011806
 0.583241 0.202078 0.107766 0.0253384 0.0815766
 0.767624 0.14094 0.0443356 0.0236437 0.023457
 0.681342 0.250262 0.0414836 0.0130496 0.0138634
 0.779726 0.154346 0.0517771 0.00858261 0.00556807
 0.505012 0.39388 0.0708466 0.0237662 0.00649532
 0.483228 0.275262 0.192178 0.0345668 0.0147649
 0.570132 0.217269 0.113242 0.0790619 0.020295
 0.731499 0.159655 0.0550141 0.0286738 0.0251579
 0.837794 0.121943 0.0239412 0.00824965 0.00807235
 0.75693 0.206509 0.0274857 0.00539627 0.00367894
 0.705626 0.22841 0.0560426 0.00745909 0.00246284
 0.650999 0.253697 0.0739479 0.0181438 0.00321224
 0.756192 0.165196 0.0571444 0.0166565 0.00481037
 0.943721 0.0436441 0.0085612 0.00296147 0.00111251
 0.400986 0.568409 0.0237335 0.00465556 0.00221542
 0.909825 0.0382747 0.0492484 0.00205633 0.000595319
 0.625185 0.343858 0.0131397 0.016907 0.000910313
 0.642794 0.231717 0.115125 0.00439922 0.0059653
 0.756051 0.162302 0.0529639 0.0263142 0.00236904
 0.762788 0.183437 0.0357772 0.0116751 0.00632282
 0.344377 0.511548 0.111414 0.0217299 0.0109314
 0.766534 0.0853963 0.115531 0.0251623 0.00737639
 0.653303 0.271321 0.0275706 0.0372997 0.0105053
 0.440804 0.376842 0.142708 0.0145015 0.0251443
 0.72298 0.12836 0.100182 0.0379383 0.0105396
pobs_RECLAS
 0 0 0 0 0
 0 0 0 0 0
 0 0 0 0 0
 0 0 0 0 0
 0 0 0 0 0
 0 0 0 0 0
 0 0 0 0 0
 0 0 0 0 0
 0 0 0 0 0
 0 0 0 0 0
 0.991045 0.00858322 0.000360255 1.14367e-05 0
 0.934742 0.0480273 0.0164251 0.00080598 0
 0.827803 0.169806 0.00239088 0 0
 0.941827 0.0461693 0.0120037 0 0
 0.791401 0.0380133 0.147996 0.0225897 0
 0.846168 0.0940531 0.0597789 0 0
 0.134021 0.677848 0.182769 0.00536245 0
 0.80878 0.0450904 0.141981 0.00414843 0
 0.846168 0.0940531 0.0597789 0 0
 0.905697 0.0802665 0.012482 0.00150086 5.37128e-05
 0.989698 0.0102097 9.19794e-05 0 0
 0.975433 0.0193895 0.00387452 0.00125025 5.28907e-05
 0.303575 0.632131 0.0575291 0.00676475 0
 0.966965 0.00978017 0.0227588 0.000495775 0
 0.843318 0.132988 0.00938335 0.0141283 0.000182051
 0.564624 0.303363 0.111486 0.0197234 0.00080311
 0.826376 0.0876187 0.0782897 0.00655872 0.00115652
ppred_RECLAS
 0.500611 0.118353 0.359083 0.0219523 7.28557e-07
 0.482383 0.259835 0.0610934 0.185357 0.011332
 0.604183 0.191923 0.102351 0.0240652 0.0774774
 0.782945 0.131647 0.0414124 0.0220848 0.0219104
 0.699669 0.235868 0.0390978 0.012299 0.0130661
 0.794252 0.144168 0.0483626 0.00801662 0.00520088
 0.527457 0.37602 0.0676342 0.0226886 0.0062008
 0.504591 0.263883 0.184234 0.0331379 0.0141546
 0.591468 0.206485 0.107622 0.0751378 0.0192877
 0.74857 0.149505 0.0515164 0.0268508 0.0235584
 0.849089 0.113451 0.022274 0.00767517 0.00751021
 0.772895 0.192945 0.0256804 0.00504184 0.0034373
 0.723674 0.214406 0.0526065 0.00700176 0.00231184
 0.671601 0.238721 0.0695826 0.0170728 0.00302261
 0.772254 0.154314 0.0533799 0.0155592 0.00449348
 0.948214 0.0401595 0.00787767 0.00272503 0.00102368
 0.422021 0.548449 0.0229001 0.00449207 0.00213762
 0.916693 0.0353595 0.0454974 0.00189971 0.000549976
 0.645534 0.325189 0.0124264 0.0159891 0.000860892
 0.662604 0.218866 0.10874 0.00415524 0.00563447
 0.771685 0.1519 0.0495695 0.0246278 0.00221721
 0.778224 0.1715 0.0334491 0.0109154 0.00591138
 0.364104 0.496156 0.108061 0.021076 0.0106024
 0.78157 0.0798967 0.108091 0.0235418 0.00690134
 0.672527 0.256277 0.0260418 0.0352315 0.00992275
 0.462058 0.362519 0.137284 0.0139503 0.0241886
 0.739904 0.120518 0.0940613 0.0356206 0.00989574
pobs_PELACES
 0 0 0 0 0
 0 0 0 0 0
 0 0 0 0 0
 0 0 0 0 0
 0 0 0 0 0
 0 0 0 0 0
 0 0 0 0 0
 0 0 0 0 0
 0 0 0 0 0
 0 0 0 0 0
 0 0 0 0 0
 0 0 0 0 0
 0 0 0 0 0
 0 0 0 0 0
 0 0 0 0 0
 0 0 0 0 0
 0.505614 0.472636 0.0217494 0 0
 0 0 0 0 0
 0.443492 0.261883 0.143347 0.151278 0
 0.227955 0.32914 0.350689 0.0885471 0.00366901
 0.970185 0.0296113 0.000203453 0 0
 0.997202 0.00247181 0.000326279 0 0
 0.445219 0.490057 0.0546422 0.010081 0
 0.90214 0.0892962 0.00764917 0.000914606 0
 0 0 0 0 0
 0.581667 0.319106 0.0959925 0.00289975 0.000334073
 0.762889 0.0836404 0.116647 0.0363945 0.000428098
ppred_PELACES
 0.501516 0.118139 0.358432 0.0219125 7.27236e-07
 0.48403 0.259008 0.0608989 0.184767 0.011296
 0.605723 0.191177 0.101953 0.0239715 0.0771759
 0.784542 0.130679 0.0411078 0.0219224 0.0217493
 0.70035 0.235333 0.039009 0.0122711 0.0130365
 0.795232 0.143481 0.0481322 0.00797843 0.0051761
 0.530889 0.373288 0.0671429 0.0225238 0.00615576
 0.505146 0.263587 0.184028 0.0331008 0.0141387
 0.593547 0.205434 0.107074 0.0747553 0.0191896
 0.75069 0.148244 0.0510819 0.0266243 0.0233597
 0.849418 0.113204 0.0222255 0.00765846 0.00749386
 0.774892 0.191249 0.0254546 0.00499751 0.00340708
 0.725822 0.212739 0.0521977 0.00694735 0.00229387
 0.675546 0.235853 0.0687467 0.0168677 0.0029863
 0.774394 0.152863 0.0528782 0.015413 0.00445125
 0.948673 0.0398033 0.0078078 0.00270086 0.0010146
 0.423624 0.546928 0.0228366 0.00447962 0.00213169
 0.917165 0.0351593 0.0452398 0.00188896 0.000546862
 0.64762 0.323276 0.0123532 0.015895 0.000855826
 0.664392 0.217707 0.108164 0.00413323 0.00560462
 0.772754 0.151189 0.0493374 0.0245125 0.00220683
 0.779561 0.170466 0.0332474 0.0108496 0.00587574
 0.365208 0.495295 0.107874 0.0210395 0.010584
 0.782243 0.0796504 0.107757 0.0234692 0.00688007
 0.673433 0.255568 0.0259698 0.035134 0.0098953
 0.462918 0.361939 0.137065 0.013928 0.0241499
 0.740773 0.120116 0.093747 0.0355016 0.00986268
pobs_pel_tallas
 0 0 0 0 0 0 0 0 0 0 0 0 0 0 0 0 0 0 0 0 0 0 0 0 0 0
 0 0 0 0 0 0 0 0 0 0 0 0 0 0 0 0 0 0 0 0 0 0 0 0 0 0
 0 0 0 0 0 0 0 0 0 0 0 0 0 0 0 0 0 0 0 0 0 0 0 0 0 0
 0 0 0 0 0 0 0 0 0 0 0 0 0 0 0 0 0 0 0 0 0 0 0 0 0 0
 0 0 0 0 0 0 0 0 0 0 0 0 0 0 0 0 0 0 0 0 0 0 0 0 0 0
 0 0 0 0 0 0 0 0 0 0 0 0 0 0 0 0 0 0 0 0 0 0 0 0 0 0
 0 0 0 0 0 0 0 0 0 0 0 0 0 0 0 0 0 0 0 0 0 0 0 0 0 0
 0 0 0 0 0 0 0 0 0 0 0 0 0 0 0 0 0 0 0 0 0 0 0 0 0 0
 0 0 0 0 0 0 0 0 0 0 0 0 0 0 0 0 0 0 0 0 0 0 0 0 0 0
 0 0 0 0 0 0 0 0 0 0 0 0 0 0 0 0 0 0 0 0 0 0 0 0 0 0
 0 0 0 0 0 0 0 0 0 0 0 0 0 0 0 0 0 0 0 0 0 0 0 0 0 0
 0 0 0 0 0 0 0 0 0 0 0 0 0 0 0 0 0 0 0 0 0 0 0 0 0 0
 0.00862536 0 0 0.000197151 0.00414017 0.0128641 0.00837892 0.0270097 0.101434 0.158115 0.152841 0.127902 0.109271 0.109419 0.0830992 0.0579132 0.0238553 0.00714673 0.00463305 0.00128148 0.00103504 0.000492878 0.000147863 0.000147863 4.92878e-05 0
 0 0 0 0 0 0 0 0 0 0 0 0 0 0 0 0 0 0 0 0 0 0 0 0 0 0
 0 0 0 0 0 0 0 0.0054083 0.00873648 0.0413646 0.0450493 0.0745869 0.0622846 0.0627006 0.0613931 0.0827291 0.12552 0.122667 0.0946155 0.0697135 0.0546179 0.0294188 0.0215738 0.0213955 0.0102223 0.00600262
 0 0 0 0 0.00359764 0.0251062 0.0480494 0.140153 0.205849 0.193036 0.1447 0.116669 0.0760912 0.0342217 0.00950174 0.001854 0.000860785 0 0 0 0.000165536 0 0.000143464 0 0 0
 0 0 0 0 0 0 0 0.000145254 0.000435761 0.0275982 0.070085 0.0708112 0.156366 0.174668 0.174014 0.160142 0.0824315 0.0480064 0.0283245 0.00493863 0.00203355 0 0 0 0 0
 0 0 0 0 0 0 0 0 0 0 0 0 0 0 0 0 0 0 0 0 0 0 0 0 0 0
 0 0 1.00437e-05 0.000401748 0.00122533 0.00171747 0.00176769 0.0269171 0.070346 0.194647 0.189555 0.159765 0.064822 0.0314167 0.0384472 0.0292271 0.0345202 0.0313363 0.0194345 0.0106764 0.0143323 0.0359363 0.0279516 0.0138201 0.00172751 0
 0 0.0021121 0.0136068 0.0755702 0.200478 0.177729 0.0527432 0.0373336 0.0318909 0.0142505 0.0149659 0.0166563 0.0217959 0.0798694 0.0677717 0.0528807 0.04013 0.0224614 0.0357745 0.0225083 0.00881397 0.00855152 0.00135912 0.000746735 0 0
 0 0 0 0 5.4009e-05 0.00500934 0.000945158 0.0243581 0.138947 0.33067 0.221406 0.137944 0.0707744 0.0437923 0.0131692 0.00525238 0.0047753 0.00276346 9.45158e-05 9.00151e-06 2.25038e-05 9.00151e-06 4.50075e-06 0 0 0
 0.000866109 0.00284123 0.00948549 0.0512746 0.133035 0.25785 0.225252 0.132002 0.0553304 0.0519788 0.0540692 0.017754 0.00435017 0.00159236 0.00146478 0.000404838 0.000125132 0.000115318 0.000107957 0.000100596 0 0 0 0 0 0
 0 0 0 0 0.00144013 0.00171154 0.00461396 0.0210425 0.0478622 0.0707936 0.0888783 0.103762 0.0637923 0.0337046 0.0602308 0.124433 0.169614 0.0934646 0.0462172 0.0250306 0.0313229 0.00938855 0.002487 0.000210481 0 0
 0 0.00764035 0.051015 0.0998891 0.058973 0.0496711 0.0374665 0.0718981 0.12319 0.153886 0.159021 0.0857701 0.0377988 0.023471 0.0147837 0.00900784 0.00315554 0.000888139 0.00291439 0.00214683 0.00393193 0.00274676 0.000635225 9.99891e-05 0 0
 0 0 0 0 0 0 0 0 0 0 0 0 0 0 0 0 0 0 0 0 0 0 0 0 0 0
 0 0 0 0 0 0 0 0 0 0 0 0 0 0 0 0 0 0 0 0 0 0 0 0 0 0
 0 0 0 0 0 0 0 0 0 0 0 0 0 0 0 0 0 0 0 0 0 0 0 0 0 0
ppred_pel_tallas
 1.12572e-16 4.13092e-05 0.00040154 0.00266838 0.0121301 0.0377412 0.0804121 0.117366 0.117378 0.0804706 0.0379391 0.0127086 0.00414616 0.00371208 0.00657576 0.0114487 0.0179815 0.0257132 0.0340831 0.0426462 0.0510045 0.0584382 0.0636653 0.0651589 0.0619354 0.0542339
 1.22265e-16 3.9869e-05 0.000387541 0.00257535 0.0117072 0.0364255 0.0776093 0.113278 0.113303 0.0777318 0.0368372 0.012898 0.00557034 0.00694626 0.01256 0.0208791 0.0305204 0.0393968 0.0454917 0.0480908 0.0482782 0.0481529 0.0493387 0.0519371 0.0545964 0.0554479
 1.18456e-16 4.98927e-05 0.000484974 0.00322283 0.0146505 0.0455833 0.0971207 0.141754 0.141773 0.0972115 0.0458885 0.0155338 0.00544706 0.00536399 0.00938627 0.0156264 0.0229575 0.0298502 0.0348045 0.0372161 0.0377384 0.0377527 0.0383656 0.0397268 0.041091 0.0414003
 1.07099e-16 6.46217e-05 0.000628146 0.00417425 0.0189755 0.05904 0.125791 0.183599 0.183612 0.125853 0.0592476 0.0195758 0.00568327 0.00393033 0.00636005 0.0104768 0.0152424 0.01951 0.0221688 0.0227447 0.0216834 0.0200163 0.0186757 0.0179957 0.0177007 0.0172506
 1.04623e-16 5.7687e-05 0.000560738 0.0037263 0.0169392 0.0527044 0.112293 0.1639 0.163923 0.112404 0.0530768 0.018015 0.0064274 0.00645955 0.0112676 0.0185553 0.0267706 0.033768 0.0374049 0.0367083 0.0324533 0.0266236 0.0211998 0.0172189 0.0146509 0.0128924
 1.03102e-16 6.55023e-05 0.000636705 0.00423113 0.0192341 0.0598446 0.127506 0.186101 0.186115 0.127573 0.0600724 0.0198927 0.00588654 0.0042577 0.00696364 0.0114641 0.0166379 0.0211944 0.0238575 0.0240303 0.0221221 0.0192148 0.0163541 0.0140357 0.0121914 0.0105173
 1.05334e-16 4.37287e-05 0.000425059 0.00282467 0.0128405 0.0399519 0.0851231 0.124247 0.124283 0.085299 0.0405427 0.0145474 0.00711055 0.00978562 0.0178343 0.0294495 0.042502 0.0536251 0.059412 0.0582935 0.0514554 0.0419912 0.0330007 0.026126 0.0213762 0.0179096
 1.11091e-16 4.16082e-05 0.000404447 0.00268769 0.0122179 0.0380145 0.0809948 0.11822 0.118245 0.0811202 0.0384363 0.0134392 0.00576485 0.00716017 0.0129843 0.021694 0.0319351 0.0416014 0.0485359 0.0516988 0.0516591 0.0499331 0.0477636 0.0453865 0.0422558 0.0378056
 1.13887e-16 4.88897e-05 0.000475226 0.00315804 0.014356 0.044667 0.0951685 0.138905 0.138925 0.095266 0.044995 0.0153053 0.00554836 0.00571867 0.0100829 0.0167936 0.024671 0.032068 0.0373538 0.0398375 0.0401487 0.0396704 0.0394856 0.0396957 0.0395488 0.0381063
 1.08136e-16 6.18334e-05 0.000601043 0.00399414 0.0181568 0.0564926 0.120364 0.175678 0.175692 0.120434 0.0567282 0.0188382 0.00570767 0.0043519 0.00721598 0.0119137 0.0173544 0.0222548 0.0253633 0.0261433 0.0250893 0.0233467 0.0219394 0.0212148 0.0208438 0.0202202
 1.02707e-16 6.99654e-05 0.000680089 0.00451943 0.0205447 0.0639222 0.136193 0.198781 0.198791 0.136247 0.0641015 0.0210626 0.00582023 0.00352189 0.00547353 0.00895551 0.012936 0.0163592 0.0182021 0.0180034 0.0161337 0.0135322 0.0111242 0.00937493 0.00823971 0.00741068
 1.01862e-16 6.38269e-05 0.00062042 0.00412291 0.0187422 0.0583139 0.124245 0.181343 0.181361 0.124335 0.0586163 0.0196155 0.00631494 0.00540521 0.00914978 0.0150221 0.0216261 0.027179 0.0299083 0.0289957 0.0250598 0.0197305 0.0146718 0.0108123 0.00822815 0.0065182
 1.02646e-16 5.9785e-05 0.000581132 0.00386183 0.0175553 0.0546212 0.116377 0.16986 0.16988 0.116477 0.0549583 0.0185295 0.00630873 0.00592812 0.0102304 0.016859 0.0243744 0.0308462 0.0343381 0.0339416 0.0302869 0.0250645 0.019964 0.015876 0.0128213 0.010399
 1.04242e-16 5.56439e-05 0.000540878 0.00359433 0.0163393 0.0508378 0.108316 0.158095 0.158118 0.108427 0.0512119 0.0174208 0.00631184 0.00648259 0.0113676 0.018777 0.0272124 0.0345743 0.0387507 0.0387551 0.0352773 0.0301378 0.0251147 0.0210798 0.0179557 0.0152457
 1.03865e-16 6.37859e-05 0.000620021 0.00412026 0.0187301 0.0582764 0.124165 0.181225 0.18124 0.124237 0.0585192 0.0194322 0.00588507 0.00448122 0.00742224 0.0122361 0.0177771 0.022686 0.0256169 0.0259463 0.0241151 0.0212666 0.0184865 0.0162589 0.0144617 0.0127322
 1.00679e-16 7.8141e-05 0.000759558 0.00504753 0.0229453 0.0713915 0.152107 0.222006 0.22201 0.152126 0.0714545 0.0231274 0.00550481 0.00175847 0.00197726 0.00315044 0.00454336 0.00574024 0.0063755 0.00628307 0.00558925 0.00462132 0.00370474 0.00300806 0.00252598 0.00216452
 1.01609e-16 3.48934e-05 0.000339177 0.00225395 0.0102462 0.0318799 0.0679255 0.0991502 0.0992029 0.0681826 0.0327429 0.0127376 0.00850353 0.0139675 0.0258748 0.0426087 0.0611121 0.076294 0.0829896 0.0788176 0.0656296 0.0483233 0.0320122 0.019722 0.0119247 0.00752458
 1.01597e-16 7.55457e-05 0.000734331 0.00487989 0.0221833 0.0690204 0.147055 0.214632 0.214636 0.147072 0.0690773 0.0223484 0.00529741 0.00165564 0.0018541 0.00302052 0.00451751 0.00604084 0.00732194 0.00821507 0.00873998 0.0089922 0.00900744 0.00871426 0.00801304 0.00689546
 1.02179e-16 5.33437e-05 0.00051852 0.00344575 0.0156639 0.0487363 0.103839 0.151563 0.151594 0.103991 0.0492465 0.0171368 0.00714052 0.00857643 0.015334 0.0252067 0.0361696 0.0452023 0.0492722 0.046999 0.0395003 0.0296769 0.0205252 0.0137684 0.00959121 0.00724979
 1.04541e-16 5.47251e-05 0.000531948 0.00353498 0.0160695 0.0499983 0.106528 0.155484 0.155506 0.106631 0.0503451 0.0170726 0.00605842 0.00605938 0.010607 0.017591 0.0256644 0.0329551 0.0375625 0.0385617 0.0364726 0.0327551 0.0287846 0.0251589 0.0217564 0.0182572
 1.04295e-16 6.36508e-05 0.000618708 0.00411153 0.0186904 0.058153 0.123902 0.180841 0.180856 0.123973 0.0583931 0.0193847 0.0058567 0.00443684 0.00733996 0.0120998 0.0175811 0.0224433 0.0253647 0.025743 0.0240311 0.0213709 0.0188324 0.0168674 0.0153071 0.0137388
 1.03086e-16 6.42114e-05 0.000624158 0.00414775 0.0188551 0.0586652 0.124993 0.182435 0.182451 0.125073 0.0589352 0.0196349 0.00610609 0.00490208 0.00819728 0.0134728 0.0194559 0.0245824 0.027304 0.0269122 0.0239509 0.0198257 0.0159333 0.012996 0.0109871 0.00949558
 1.07141e-16 3.00818e-05 0.000292405 0.00194314 0.00883326 0.0274838 0.0585589 0.0854785 0.0855263 0.0587925 0.0282683 0.0111 0.00763584 0.0127295 0.0236793 0.0391748 0.0566071 0.0715559 0.0795182 0.0783996 0.0697212 0.057497 0.0457383 0.0365554 0.029962 0.0249187
 1.06649e-16 6.44323e-05 0.000626305 0.00416202 0.0189199 0.058867 0.125423 0.18306 0.183067 0.125461 0.0589962 0.0192953 0.00511184 0.00272525 0.00412559 0.00691467 0.0104143 0.0140612 0.0173065 0.0198741 0.0218419 0.0234114 0.0245796 0.0250305 0.0243435 0.0223178
 1.06013e-16 5.54699e-05 0.000539187 0.00358309 0.0162882 0.0506788 0.107977 0.157601 0.157626 0.108098 0.0510828 0.0174552 0.00651239 0.00693394 0.0122011 0.0200873 0.0289472 0.0364512 0.0402823 0.0394191 0.034767 0.0285564 0.0229908 0.0191852 0.0170132 0.0156674
 1.09532e-16 3.813e-05 0.000370637 0.00246302 0.0111965 0.0348368 0.0742248 0.108341 0.108376 0.0743959 0.035412 0.0128597 0.00664449 0.00952091 0.017481 0.0290091 0.0421823 0.0538782 0.0609156 0.0618024 0.0575519 0.0508343 0.0441996 0.038807 0.034418 0.0302416
 1.07966e-16 6.10165e-05 0.000593102 0.00394137 0.0179169 0.0557462 0.118774 0.173356 0.173368 0.118831 0.0559389 0.0184752 0.00534923 0.00368813 0.00600309 0.00999665 0.0147934 0.0194485 0.0230345 0.0251293 0.0260109 0.0263282 0.02653 0.0265428 0.0259159 0.024228
pSPR Fmed_Fpbrs
0.617909   0.185875 0.185875
Fs Fmed_Fpbrs
0.242425   1.005 1.005
SSBpbr Bo_Bmed_Bpbrs
1.8929e+06  1.075e+06  257197 257197
Ro
174490
SPR SPRFo_SPRFmed_SPRFpbrs
1.23966e+06 766000 230422
Fref
1.005
log_Ro
11.8896
likeval ReclasPelacesDesembMPH_pf_preclas_ppelaces_ptallas_desvR_qrecl_qpela
 12.7767 16.6828 0.0548845 0.000819311 191.627 82.4255 57.3355 0 21.96 6.29426e-07 0 0.282216 0 0 0
q_reclas_q_pelaces
0.893666 1
M
1
N
 193255 45940.2 139382 8521.04 0.282798
 115449 62811.1 14768.4 44807.2 2739.35
 105652 33890.6 18073.5 4249.52 13681.3
 182798 31178.2 9807.75 5230.38 5189.07
 143822 48723.6 8076.47 2540.62 2699.08
 258490 47348.6 15883.6 2632.88 1708.11
 106364 77425.7 13926.5 4671.78 1276.8
 46548.1 24425.1 17052.7 3067.25 1310.15
 44874 15871.6 8272.39 5775.5 1482.56
 60518.9 12295.6 4236.81 2208.26 1937.49
 112771 15126.6 2969.82 1023.34 1001.35
 149611 38000.2 5057.71 992.982 676.97
 123694 37249.8 9139.61 1216.45 401.648
 86208.2 31487.3 9177.95 2251.9 398.683
 84333 17166.4 5938.15 1730.85 499.869
 475576 20430.7 4007.68 1386.33 520.787
 96660.8 126874 5297.54 1039.16 494.501
 729540 28405.6 36549.8 1526.11 441.817
 425164 217160 8298.25 10677.4 574.899
 342353 114463 56869 2173.12 2946.73
 482101 95775.5 31254.4 15528.2 1397.98
 646091 144067 28098.5 9169.37 4965.79
 132774 182238 39690.8 7741.2 3894.27
 403571 41503 56148.5 12229 3584.96
 338263 129707 13180.3 17831.4 5022.1
 137055 108094 40934.9 4159.65 7212.46
 273122 44792.9 34959.6 13239.1 3677.94
pred_Ctot
 14377.9 3704.06 11238.1 687.034 0.0228014
 15017.5 8823.46 2074.61 6294.35 384.813
 13451.6 4660.65 2485.48 584.396 1881.45
 32673.4 5999 1887.11 1006.38 998.43
 9641.89 3541.54 587.048 184.668 196.186
 30870.5 6110.8 2049.93 339.799 220.448
 26246 20470.3 3681.97 1235.16 337.569
 2165.62 1233.6 861.258 154.913 66.17
 7413.93 2825.34 1472.59 1028.11 263.915
 12653.5 2761.73 951.637 496.001 435.183
 6033.11 878.135 172.405 59.4073 58.1305
 31548.4 8607.16 1145.59 224.913 153.336
 24815.1 8032.61 1970.88 262.318 86.6121
 26260 10233.7 2982.91 731.887 129.575
 18828.7 4113.3 1422.86 414.736 119.776
 84800 3921.73 769.284 266.109 99.9664
 12519.4 17746.7 741 145.354 69.1689
 89548 3767.12 4847.19 202.391 58.5932
 73926.3 40660.1 1553.73 1999.2 107.642
 53006.4 19107.9 9493.47 362.771 491.914
 58175.8 12488.6 4075.41 2024.8 182.29
 97352.7 23411.6 4566.15 1490.07 806.966
 12784.1 18990 4135.95 806.667 405.8
 32590.1 3630.72 4911.93 1069.8 313.616
 28411.3 11799.4 1199.01 1622.11 456.859
 9762.09 8345.59 3160.44 321.152 556.848
 25049.2 4447.32 3471.01 1314.46 365.169
F
 0.123877 0.134851 0.134851 0.134851 0.134851
 0.225689 0.245682 0.245682 0.245682 0.245682
 0.220437 0.239965 0.239965 0.239965 0.239965
 0.322219 0.350763 0.350763 0.350763 0.350763
 0.111041 0.120878 0.120878 0.120878 0.120878
 0.205538 0.223746 0.223746 0.223746 0.223746
 0.47126 0.513008 0.513008 0.513008 0.513008
 0.0759574 0.0826862 0.0826862 0.0826862 0.0826862
 0.294619 0.320718 0.320718 0.320718 0.320718
 0.386499 0.420737 0.420737 0.420737 0.420737
 0.0877698 0.095545 0.095545 0.095545 0.095545
 0.39039 0.424973 0.424973 0.424973 0.424973
 0.368224 0.400844 0.400844 0.400844 0.400844
 0.613813 0.668188 0.668188 0.668188 0.668188
 0.417734 0.45474 0.45474 0.45474 0.45474
 0.321331 0.349797 0.349797 0.349797 0.349797
 0.224621 0.24452 0.24452 0.24452 0.24452
 0.211781 0.230542 0.230542 0.230542 0.230542
 0.312222 0.339881 0.339881 0.339881 0.339881
 0.273835 0.298093 0.298093 0.298093 0.298093
 0.207876 0.226291 0.226291 0.226291 0.226291
 0.265628 0.289159 0.289159 0.289159 0.289159
 0.162883 0.177312 0.177312 0.177312 0.177312
 0.135075 0.147041 0.147041 0.147041 0.147041
 0.140819 0.153294 0.153294 0.153294 0.153294
 0.118329 0.128811 0.128811 0.128811 0.128811
 0.154632 0.168331 0.168331 0.168331 0.168331
nmprior
 8 8 7 0
nm_flota  nm_reclas  nm_pelaces    nm_pelaL
inf 9.85835 16.3494 12.3638
cv_recla  cv_pelaces  cv_mph
0.357445 0.547987 0.883344
 ------------------------------------------------
Talla a la edad & desviación 
 8 13.2811 15.8009 17.003 17.5766
 0.8 1.32811 1.58009 1.7003 1.75766
