years
 1991 1992 1993 1994 1995 1996 1997 1998 1999 2000 2001 2002 2003 2004 2005 2006 2007 2008 2009 2010 2011 2012 2013 2014 2015 2016 2017
reclasobs
 0 0 0 0 0 0 0 0 0 252601 567819 844713 477998 351125 339783 2.1784e+06 2.13404e+06 4.81314e+06 1.55562e+06 2.62356e+06 3.21686e+06 3.843e+06 1.13348e+06 3.07943e+06 1.97215e+06 2.03268e+06 2.025e+06
reclaspred
 3.22923e+06 2.42478e+06 1.84797e+06 2.01643e+06 2.107e+06 2.42946e+06 2.03127e+06 2.86363e+06 2.99877e+06 3.18627e+06 2.33431e+06 2.3465e+06 2.163e+06 2.02405e+06 2.08974e+06 2.13069e+06 2.22149e+06 2.56957e+06 1.47486e+06 1.08468e+06 1.73471e+06 1.08608e+06 1.37166e+06 2.06922e+06 1.83114e+06 2.21031e+06 2.38362e+06
pelacesobs
 0 0 0 0 0 0 0 0 0 0 0 0 0 0 0 552880 188675 0 991730 2.46772e+06 1.41603e+06 1.21717e+06 2.29649e+06 1.80582e+06 0 1.4828e+06 1.56532e+06
pelacespred
 1.48356e+06 1.20829e+06 907019 872761 987749 1.12338e+06 955479 1.48051e+06 1.64157e+06 1.63104e+06 1.33674e+06 1.12542e+06 1.09283e+06 1.11558e+06 1.15735e+06 1.01145e+06 1.01239e+06 1.11162e+06 723475 468884 682293 476614 630659 1.01639e+06 914627 1.07708e+06 1.29168e+06
mphobs
 0 0 0 0 0 0 0 0 0 0 0 498337 0 5186 125008 0 168611 109162 213762 579715 649985 157893 87575 83554 0 0 0
mphpred
 2.8606e+06 2.27861e+06 1.71595e+06 1.47496e+06 1.6619e+06 1.80084e+06 1.84342e+06 1.68474e+06 2.37342e+06 2.70796e+06 2.17764e+06 1.96703e+06 1.78726e+06 1.57579e+06 1.51655e+06 1.87634e+06 1.61958e+06 2.01458e+06 1.51056e+06 892530 1.05579e+06 1.09685e+06 756846 1.30141e+06 1.66709e+06 1.46257e+06 1.84805e+06
desembarqueobs
 494567 514787 250237 358949 120608 361735 552515 73892 212993 205616 52469 317467 293654 387597 252695 516296 358380 742168 942051 627588 828172 859565 418607 520667 417249 300574 407403
desembarquepred
 493791 496194 259698 359039 120630 361807 552654 73906 213075 205701 52481.3 317665 293825 387864 252809 516518 358427 741710 940163 626468 827236 858012 418553 520713 417293 300626 407475
Reclutas
 315198 315198 315198 315198 315198 315198 315198 315198 315198 315198 315198 315198 315198 315198 315198 315198 315198 315198 315198 315198 315198 315198 315198 315198 315198 315198 315198
log_desv_Rt
 0 0 0 0 0 0 0 0 0 0 0 0 0 0 0 0 0 0 0 0 0 0 0 0 0 0 0
SSB
 2.8606e+06 2.27861e+06 1.71595e+06 1.47496e+06 1.6619e+06 1.80084e+06 1.84342e+06 1.68474e+06 2.37342e+06 2.70796e+06 2.17764e+06 1.96703e+06 1.78726e+06 1.57579e+06 1.51655e+06 1.87634e+06 1.61958e+06 2.01458e+06 1.51056e+06 892530 1.05579e+06 1.09685e+06 756846 1.30141e+06 1.66709e+06 1.46257e+06 1.84805e+06
BT
 4.19223e+06 3.67204e+06 2.56144e+06 2.75533e+06 2.7554e+06 3.54852e+06 3.07312e+06 4.91623e+06 5.08505e+06 4.62771e+06 3.6675e+06 3.33342e+06 3.3704e+06 3.88942e+06 3.92461e+06 3.22944e+06 3.24002e+06 3.76114e+06 3.11161e+06 1.99127e+06 2.87412e+06 2.23013e+06 2.53741e+06 3.85576e+06 2.90737e+06 3.6434e+06 4.40054e+06
Ftot
 0.14502 0.19328 0.133406 0.168616 0.0547078 0.141357 0.25567 0.0247222 0.0678528 0.0616529 0.0215384 0.128595 0.129058 0.181442 0.11516 0.228347 0.153068 0.270825 0.581094 0.53084 0.441441 0.710501 0.286998 0.237382 0.214979 0.129303 0.162078
BD_Bspro_t
 0.977064 0.858866 0.775846 0.765647 0.778377 0.829608 0.799007 0.747385 0.85692 0.887977 0.890848 0.91319 0.855788 0.814458 0.797809 0.811855 0.736246 0.768941 0.653576 0.501773 0.492489 0.484034 0.427389 0.594229 0.676051 0.696608 0.777177
BD_Bspro
 1.27744 1.01755 0.766281 0.658664 0.742147 0.804191 0.823206 0.752344 1.05988 1.20928 0.972457 0.878403 0.798126 0.703692 0.677236 0.837906 0.723244 0.899639 0.674562 0.398572 0.471476 0.489816 0.33798 0.581162 0.744463 0.653129 0.82527
BD_Bo
 1.20075 0.956459 0.720278 0.619122 0.697593 0.755912 0.773786 0.707178 0.996253 1.13668 0.914076 0.825669 0.750211 0.661446 0.636579 0.787604 0.679825 0.84563 0.634066 0.374644 0.443172 0.46041 0.31769 0.546272 0.69977 0.613919 0.775726
BD_Brms
 5.15131 4.10328 3.09004 2.65607 2.99272 3.24291 3.31959 3.03384 4.27399 4.87643 3.92145 3.54217 3.21846 2.83765 2.73097 3.37887 2.91649 3.62781 2.72018 1.60725 1.90124 1.97519 1.36291 2.34354 3.00206 2.63376 3.32792
Sel_flota
 0.5 1 1 1 1
 0.5 1 1 1 1
 0.5 1 1 1 1
 0.5 1 1 1 1
 0.5 1 1 1 1
 0.5 1 1 1 1
 0.5 1 1 1 1
 0.5 1 1 1 1
 0.5 1 1 1 1
 0.5 1 1 1 1
 0.5 1 1 1 1
 0.5 1 1 1 1
 0.5 1 1 1 1
 0.5 1 1 1 1
 0.5 1 1 1 1
 0.5 1 1 1 1
 0.5 1 1 1 1
 0.5 1 1 1 1
 0.5 1 1 1 1
 0.5 1 1 1 1
 0.5 1 1 1 1
 0.5 1 1 1 1
 0.5 1 1 1 1
 0.5 1 1 1 1
 0.5 1 1 1 1
 0.5 1 1 1 1
 0.5 1 1 1 1
Sel_reclas
 0.5 1 1 1 1
 0.5 1 1 1 1
 0.5 1 1 1 1
 0.5 1 1 1 1
 0.5 1 1 1 1
 0.5 1 1 1 1
 0.5 1 1 1 1
 0.5 1 1 1 1
 0.5 1 1 1 1
 0.5 1 1 1 1
 0.5 1 1 1 1
 0.5 1 1 1 1
 0.5 1 1 1 1
 0.5 1 1 1 1
 0.5 1 1 1 1
 0.5 1 1 1 1
 0.5 1 1 1 1
 0.5 1 1 1 1
 0.5 1 1 1 1
 0.5 1 1 1 1
 0.5 1 1 1 1
 0.5 1 1 1 1
 0.5 1 1 1 1
 0.5 1 1 1 1
 0.5 1 1 1 1
 0.5 1 1 1 1
 0.5 1 1 1 1
Sel_pelaces
 0.5 1 1 1 1
 0.5 1 1 1 1
 0.5 1 1 1 1
 0.5 1 1 1 1
 0.5 1 1 1 1
 0.5 1 1 1 1
 0.5 1 1 1 1
 0.5 1 1 1 1
 0.5 1 1 1 1
 0.5 1 1 1 1
 0.5 1 1 1 1
 0.5 1 1 1 1
 0.5 1 1 1 1
 0.5 1 1 1 1
 0.5 1 1 1 1
 0.5 1 1 1 1
 0.5 1 1 1 1
 0.5 1 1 1 1
 0.5 1 1 1 1
 0.5 1 1 1 1
 0.5 1 1 1 1
 0.5 1 1 1 1
 0.5 1 1 1 1
 0.5 1 1 1 1
 0.5 1 1 1 1
 0.5 1 1 1 1
 0.5 1 1 1 1
pf_obs 
 0.8446 0.082 0.0669 0.0065 0
 0.8095 0.147 0.0364 0.0071 0
 0.9664 0.0169 0.016 0.0007 0
 0.9276 0.0648 0.0075 0.0001 0
 0.7033 0.2144 0.0806 0.0017 0
 0.9318 0.0425 0.0243 0.0014 0
 0.5671 0.3108 0.0964 0.0239 0.0018
 0.0768 0.2599 0.5324 0.112 0.0189
 0.490249 0.384438 0.106611 0.0170017 0.00170017
 0.7925 0.1577 0.0466 0.003 0.0002
 0.840416 0.127587 0.0312969 0.00059994 9.999e-05
 0.8084 0.0986 0.0794 0.0134 0.0002
 0.7335 0.1905 0.0724 0.0035 0.0001
 0.4001 0.4547 0.1325 0.0127 0
 0.49795 0.308269 0.164784 0.0264974 0.00249975
 0.9179 0.0499 0.0305 0.0017 0
 0.2467 0.6533 0.0926 0.0074 0
 0.9418 0.0223 0.034 0.0019 0
 0.707729 0.231977 0.0356964 0.0245975 0
 0.517169 0.277429 0.184464 0.0207286 0.00020938
 0.811772 0.124168 0.05621 0.00726502 0.000585176
 0.764997 0.148141 0.077277 0.00933861 0.000247198
 0.163321 0.427699 0.378323 0.0303852 0.000271297
 0.753843 0.0900009 0.118128 0.0371064 0.000921714
 0.721811 0.176058 0.0630433 0.0369309 0.00215725
 0.143369 0.312575 0.442814 0.0836902 0.0175525
 0.692698 0.0596174 0.167031 0.0765114 0.00414204
pf_pred 
 0.425036 0.363447 0.133705 0.0491871 0.0286258
 0.479782 0.315663 0.129304 0.0475682 0.0276836
 0.504366 0.327816 0.10183 0.0417122 0.0242755
 0.505268 0.336007 0.104982 0.0326106 0.0211323
 0.505036 0.337688 0.106817 0.0333738 0.0170849
 0.492401 0.342453 0.112671 0.0356397 0.0168357
 0.506835 0.330016 0.110069 0.036214 0.0168663
 0.51693 0.332976 0.10044 0.0334993 0.0161549
 0.488043 0.349724 0.111826 0.0337316 0.0166758
 0.484675 0.340334 0.119539 0.0382232 0.0172297
 0.480528 0.341285 0.117679 0.0413337 0.0191743
 0.478535 0.339244 0.119716 0.0412797 0.021225
 0.493977 0.331908 0.113272 0.0399727 0.02087
 0.501874 0.333625 0.107899 0.0368231 0.0197791
 0.508948 0.333984 0.105198 0.0340224 0.0178477
 0.506963 0.336237 0.106646 0.0335912 0.0165628
 0.51944 0.33044 0.102378 0.0324717 0.015271
 0.517923 0.334284 0.101625 0.0314856 0.014683
 0.549044 0.31553 0.0939074 0.0285484 0.0129697
 0.599876 0.297843 0.0715651 0.021299 0.00941668
 0.600921 0.310945 0.0656048 0.0157634 0.00676563
 0.600271 0.309779 0.0700856 0.014787 0.00507794
 0.618486 0.30115 0.0622798 0.0140904 0.00399377
 0.561951 0.341418 0.076276 0.0157744 0.00458041
 0.539747 0.337642 0.095564 0.0213499 0.00569737
 0.526084 0.338521 0.0993259 0.0281126 0.00795663
 0.511107 0.341031 0.105619 0.0309897 0.0112536
pobs_RECLAS
 0 0 0 0 0
 0 0 0 0 0
 0 0 0 0 0
 0 0 0 0 0
 0 0 0 0 0
 0 0 0 0 0
 0 0 0 0 0
 0 0 0 0 0
 0 0 0 0 0
 0 0 0 0 0
 0.991045 0.00858322 0.000360255 1.14367e-05 0
 0.934742 0.0480273 0.0164251 0.00080598 0
 0.827803 0.169806 0.00239088 0 0
 0.941827 0.0461693 0.0120037 0 0
 0.791401 0.0380133 0.147996 0.0225897 0
 0.846168 0.0940531 0.0597789 0 0
 0.134021 0.677848 0.182769 0.00536245 0
 0.80878 0.0450904 0.141981 0.00414843 0
 0.846168 0.0940531 0.0597789 0 0
 0.905697 0.0802665 0.012482 0.00150086 5.37128e-05
 0.989698 0.0102097 9.19794e-05 0 0
 0.975433 0.0193895 0.00387452 0.00125025 5.28907e-05
 0.303575 0.632131 0.0575291 0.00676475 0
 0.966965 0.00978017 0.0227588 0.000495775 0
 0.843318 0.132988 0.00938335 0.0141283 0.000182051
 0.564624 0.303363 0.111486 0.0197234 0.00080311
 0.826376 0.0876187 0.0782897 0.00655872 0.00115652
ppred_RECLAS
 0.426641 0.362432 0.133331 0.0490498 0.0285458
 0.482035 0.314296 0.128744 0.0473622 0.0275637
 0.505865 0.326825 0.101522 0.0415861 0.0242021
 0.507206 0.334691 0.104571 0.0324829 0.0210496
 0.505619 0.337291 0.106691 0.0333345 0.0170648
 0.493997 0.341376 0.112317 0.0355277 0.0167828
 0.509935 0.327941 0.109377 0.0359864 0.0167603
 0.517188 0.332799 0.100386 0.0334815 0.0161463
 0.488772 0.349226 0.111667 0.0336835 0.0166521
 0.485334 0.339898 0.119386 0.0381743 0.0172076
 0.480751 0.341138 0.117629 0.0413159 0.0191661
 0.479973 0.338309 0.119386 0.0411659 0.0211665
 0.495423 0.33096 0.112948 0.0398585 0.0208104
 0.503977 0.332217 0.107443 0.0366677 0.0196956
 0.510225 0.333115 0.104924 0.0339338 0.0178013
 0.509687 0.334379 0.106057 0.0334057 0.0164714
 0.521178 0.329244 0.102007 0.0323542 0.0152157
 0.521232 0.331989 0.100927 0.0312695 0.0145821
 0.557353 0.309717 0.0921772 0.0280224 0.0127308
 0.607044 0.292508 0.0702831 0.0209175 0.00924799
 0.606611 0.306511 0.0646694 0.0155386 0.00666917
 0.610703 0.301694 0.0682565 0.0144011 0.00494541
 0.621828 0.298512 0.0617343 0.013967 0.00395879
 0.564753 0.339234 0.0757881 0.0156735 0.00455112
 0.542273 0.335789 0.0950394 0.0212327 0.00566609
 0.527528 0.337489 0.0990232 0.0280269 0.00793238
 0.512961 0.339738 0.105218 0.0308721 0.0112109
pobs_PELACES
 0 0 0 0 0
 0 0 0 0 0
 0 0 0 0 0
 0 0 0 0 0
 0 0 0 0 0
 0 0 0 0 0
 0 0 0 0 0
 0 0 0 0 0
 0 0 0 0 0
 0 0 0 0 0
 0 0 0 0 0
 0 0 0 0 0
 0 0 0 0 0
 0 0 0 0 0
 0 0 0 0 0
 0 0 0 0 0
 0.505614 0.472636 0.0217494 0 0
 0 0 0 0 0
 0.443492 0.261883 0.143347 0.151278 0
 0.227955 0.32914 0.350689 0.0885471 0.00366901
 0.970185 0.0296113 0.000203453 0 0
 0.997202 0.00247181 0.000326279 0 0
 0.445219 0.490057 0.0546422 0.010081 0
 0.90214 0.0892962 0.00764917 0.000914606 0
 0 0 0 0 0
 0.581667 0.319106 0.0959925 0.00289975 0.000334073
 0.762889 0.0836404 0.116647 0.0363945 0.000428098
ppred_PELACES
 0.432505 0.358725 0.131968 0.0485482 0.0282539
 0.490001 0.309462 0.126764 0.0466337 0.0271397
 0.511366 0.323186 0.100392 0.0411231 0.0239327
 0.514158 0.329969 0.103096 0.0320247 0.0207526
 0.507875 0.335752 0.106204 0.0331823 0.0169869
 0.499828 0.337442 0.111022 0.0351183 0.0165894
 0.520471 0.320891 0.107026 0.0352127 0.0164
 0.518206 0.332096 0.100174 0.0334108 0.0161122
 0.491569 0.347314 0.111056 0.0334992 0.0165609
 0.487876 0.33822 0.118796 0.0379858 0.0171227
 0.481639 0.340555 0.117428 0.0412453 0.0191333
 0.485271 0.334862 0.11817 0.0407465 0.0209509
 0.500746 0.327468 0.111757 0.0394379 0.0205909
 0.511459 0.327205 0.105822 0.0361145 0.0193985
 0.514973 0.329886 0.103907 0.0336049 0.0176287
 0.519098 0.327961 0.104021 0.0327645 0.0161552
 0.527477 0.324913 0.100666 0.0319286 0.0150156
 0.532371 0.324265 0.0985787 0.030542 0.0142429
 0.58086 0.293269 0.087282 0.0265343 0.0120547
 0.62773 0.277109 0.0665832 0.0198163 0.00876115
 0.623851 0.293079 0.0618353 0.0148576 0.0063769
 0.638187 0.280395 0.0634377 0.0133844 0.00459628
 0.632898 0.289774 0.0599272 0.0135582 0.00384291
 0.574355 0.33175 0.0741161 0.0153277 0.00445071
 0.551064 0.32934 0.0932142 0.0208249 0.00555728
 0.532842 0.333693 0.0979094 0.0277116 0.00784316
 0.519639 0.33508 0.103775 0.0304488 0.0110572
pobs_pel_tallas
 0 0 0 0 0 0 0 0 0 0 0 0 0 0 0 0 0 0 0 0 0 0 0 0 0 0
 0 0 0 0 0 0 0 0 0 0 0 0 0 0 0 0 0 0 0 0 0 0 0 0 0 0
 0 0 0 0 0 0 0 0 0 0 0 0 0 0 0 0 0 0 0 0 0 0 0 0 0 0
 0 0 0 0 0 0 0 0 0 0 0 0 0 0 0 0 0 0 0 0 0 0 0 0 0 0
 0 0 0 0 0 0 0 0 0 0 0 0 0 0 0 0 0 0 0 0 0 0 0 0 0 0
 0 0 0 0 0 0 0 0 0 0 0 0 0 0 0 0 0 0 0 0 0 0 0 0 0 0
 0 0 0 0 0 0 0 0 0 0 0 0 0 0 0 0 0 0 0 0 0 0 0 0 0 0
 0 0 0 0 0 0 0 0 0 0 0 0 0 0 0 0 0 0 0 0 0 0 0 0 0 0
 0 0 0 0 0 0 0 0 0 0 0 0 0 0 0 0 0 0 0 0 0 0 0 0 0 0
 0 0 0 0 0 0 0 0 0 0 0 0 0 0 0 0 0 0 0 0 0 0 0 0 0 0
 0 0 0 0 0 0 0 0 0 0 0 0 0 0 0 0 0 0 0 0 0 0 0 0 0 0
 0 0 0 0 0 0 0 0 0 0 0 0 0 0 0 0 0 0 0 0 0 0 0 0 0 0
 0.00862536 0 0 0.000197151 0.00414017 0.0128641 0.00837892 0.0270097 0.101434 0.158115 0.152841 0.127902 0.109271 0.109419 0.0830992 0.0579132 0.0238553 0.00714673 0.00463305 0.00128148 0.00103504 0.000492878 0.000147863 0.000147863 4.92878e-05 0
 0 0 0 0 0 0 0 0 0 0 0 0 0 0 0 0 0 0 0 0 0 0 0 0 0 0
 0 0 0 0 0 0 0 0.0054083 0.00873648 0.0413646 0.0450493 0.0745869 0.0622846 0.0627006 0.0613931 0.0827291 0.12552 0.122667 0.0946155 0.0697135 0.0546179 0.0294188 0.0215738 0.0213955 0.0102223 0.00600262
 0 0 0 0 0.00359764 0.0251062 0.0480494 0.140153 0.205849 0.193036 0.1447 0.116669 0.0760912 0.0342217 0.00950174 0.001854 0.000860785 0 0 0 0.000165536 0 0.000143464 0 0 0
 0 0 0 0 0 0 0 0.000145254 0.000435761 0.0275982 0.070085 0.0708112 0.156366 0.174668 0.174014 0.160142 0.0824315 0.0480064 0.0283245 0.00493863 0.00203355 0 0 0 0 0
 0 0 0 0 0 0 0 0 0 0 0 0 0 0 0 0 0 0 0 0 0 0 0 0 0 0
 0 0 1.00437e-05 0.000401748 0.00122533 0.00171747 0.00176769 0.0269171 0.070346 0.194647 0.189555 0.159765 0.064822 0.0314167 0.0384472 0.0292271 0.0345202 0.0313363 0.0194345 0.0106764 0.0143323 0.0359363 0.0279516 0.0138201 0.00172751 0
 0 0.0021121 0.0136068 0.0755702 0.200478 0.177729 0.0527432 0.0373336 0.0318909 0.0142505 0.0149659 0.0166563 0.0217959 0.0798694 0.0677717 0.0528807 0.04013 0.0224614 0.0357745 0.0225083 0.00881397 0.00855152 0.00135912 0.000746735 0 0
 0 0 0 0 5.4009e-05 0.00500934 0.000945158 0.0243581 0.138947 0.33067 0.221406 0.137944 0.0707744 0.0437923 0.0131692 0.00525238 0.0047753 0.00276346 9.45158e-05 9.00151e-06 2.25038e-05 9.00151e-06 4.50075e-06 0 0 0
 0.000866109 0.00284123 0.00948549 0.0512746 0.133035 0.25785 0.225252 0.132002 0.0553304 0.0519788 0.0540692 0.017754 0.00435017 0.00159236 0.00146478 0.000404838 0.000125132 0.000115318 0.000107957 0.000100596 0 0 0 0 0 0
 0 0 0 0 0.00144013 0.00171154 0.00461396 0.0210425 0.0478622 0.0707936 0.0888783 0.103762 0.0637923 0.0337046 0.0602308 0.124433 0.169614 0.0934646 0.0462172 0.0250306 0.0313229 0.00938855 0.002487 0.000210481 0 0
 0 0.00764035 0.051015 0.0998891 0.058973 0.0496711 0.0374665 0.0718981 0.12319 0.153886 0.159021 0.0857701 0.0377988 0.023471 0.0147837 0.00900784 0.00315554 0.000888139 0.00291439 0.00214683 0.00393193 0.00274676 0.000635225 9.99891e-05 0 0
 0 0 0 0 0 0 0 0 0 0 0 0 0 0 0 0 0 0 0 0 0 0 0 0 0 0
 0 0 0 0 0 0 0 0 0 0 0 0 0 0 0 0 0 0 0 0 0 0 0 0 0 0
 0 0 0 0 0 0 0 0 0 0 0 0 0 0 0 0 0 0 0 0 0 0 0 0 0 0
ppred_pel_tallas
 1.13551e-16 3.56249e-05 0.000346287 0.0023012 0.0104609 0.0325481 0.0693484 0.101223 0.101258 0.0695181 0.0331183 0.01211 0.00644763 0.00942196 0.0173432 0.0288041 0.0419382 0.0536962 0.0609912 0.0624278 0.0590867 0.0536445 0.0485652 0.0448153 0.0418791 0.0386711
 1.13007e-16 4.03608e-05 0.000392322 0.00260712 0.0118516 0.0368749 0.0785669 0.114677 0.114707 0.0787134 0.0373673 0.0132758 0.00618931 0.00823664 0.0150104 0.0249428 0.0363817 0.0467213 0.0533307 0.0550231 0.0527153 0.0486567 0.0448754 0.0420949 0.0397826 0.0369655
 1.11154e-16 4.21206e-05 0.000409427 0.00272079 0.0123683 0.0384827 0.0819925 0.119677 0.119708 0.0821453 0.0389958 0.0138518 0.00644951 0.00856608 0.0155832 0.0258286 0.0375209 0.0478662 0.0540483 0.0547995 0.0511291 0.0455385 0.0403765 0.036641 0.0339458 0.0313128
 1.09784e-16 4.23506e-05 0.000411663 0.00273565 0.0124359 0.0386928 0.0824402 0.120331 0.120362 0.0825961 0.0392166 0.0139502 0.00654171 0.00873665 0.0159014 0.0263492 0.0382564 0.048755 0.0549462 0.055506 0.0514382 0.045286 0.0394693 0.0350698 0.0317903 0.0287394
 1.09354e-16 4.18331e-05 0.000406633 0.00270222 0.0122839 0.03822 0.0814329 0.11886 0.118893 0.0815916 0.038753 0.0138249 0.00657527 0.00887831 0.0161807 0.0268148 0.0389337 0.0496192 0.0559174 0.0564734 0.0522961 0.0459593 0.0399152 0.0352663 0.0317291 0.0284309
 1.0962e-16 4.11702e-05 0.000400189 0.0026594 0.0120893 0.0376144 0.0801426 0.116977 0.11701 0.0803021 0.0381503 0.0136385 0.00655362 0.00891931 0.0162738 0.0269794 0.0391935 0.0499933 0.0564191 0.0571121 0.0530777 0.0468805 0.0409522 0.0363677 0.0328204 0.0294321
 1.09478e-16 4.28706e-05 0.000416717 0.00276924 0.0125886 0.0391679 0.0834524 0.121808 0.121839 0.0836041 0.0396775 0.014062 0.00647316 0.00852008 0.0154849 0.0256699 0.0373011 0.0476017 0.0537635 0.0544997 0.0507677 0.045 0.0394951 0.0352545 0.0319652 0.0287758
 1.09054e-16 4.2684e-05 0.000414904 0.00275718 0.0125338 0.0389974 0.0830893 0.121278 0.12131 0.0832462 0.0395245 0.0140574 0.00658636 0.00878943 0.0159931 0.026493 0.038446 0.0489559 0.0550937 0.0555187 0.0512393 0.0448246 0.0387308 0.034076 0.0305922 0.0274096
 1.09456e-16 4.049e-05 0.000393577 0.00261546 0.0118895 0.0369929 0.0788185 0.115045 0.115079 0.0789827 0.0375443 0.0134837 0.00662219 0.00915782 0.0167372 0.0277425 0.0402832 0.0513425 0.0578638 0.0584416 0.0541125 0.0475314 0.041229 0.0363466 0.0326003 0.0291047
 1.10222e-16 4.01858e-05 0.00039062 0.00259581 0.0118002 0.0367149 0.0782263 0.11418 0.114213 0.0783862 0.0372523 0.0133539 0.00650197 0.00893792 0.0163326 0.0270947 0.0393984 0.0503331 0.0569491 0.0578923 0.0541583 0.0482811 0.0426413 0.0382552 0.0347715 0.0312986
 1.10851e-16 3.9672e-05 0.000385626 0.00256262 0.0116493 0.0362456 0.0772262 0.112721 0.112754 0.0773873 0.0367866 0.0132137 0.00649535 0.00899088 0.0164421 0.0272767 0.039662 0.0506698 0.0573359 0.058307 0.0546006 0.0487828 0.0432572 0.0390379 0.0357419 0.0324286
 1.11128e-16 3.99712e-05 0.000388534 0.00258195 0.0117372 0.0365189 0.0778086 0.113571 0.113603 0.0779669 0.037051 0.0132757 0.00645003 0.00885312 0.0161766 0.0268408 0.0390425 0.0499092 0.0565338 0.0575914 0.0540817 0.0485181 0.0432457 0.039238 0.0360964 0.0328802
 1.10749e-16 4.12459e-05 0.000400925 0.00266429 0.0121115 0.0376835 0.0802898 0.117192 0.117224 0.0804447 0.0382037 0.0136156 0.00644558 0.00867463 0.0158112 0.0262239 0.0381284 0.0487066 0.0551093 0.0560399 0.0524846 0.0469205 0.0416672 0.0377009 0.034644 0.0315723
 1.10043e-16 4.21283e-05 0.000409502 0.00272129 0.0123706 0.0384897 0.0820075 0.119699 0.119731 0.0821621 0.0390093 0.0138727 0.00649709 0.00866946 0.0157807 0.0261582 0.0380008 0.0484754 0.0547188 0.0554251 0.0515851 0.0457011 0.0401377 0.0359264 0.0327376 0.0296722
 1.09437e-16 4.24177e-05 0.000412315 0.00273998 0.0124556 0.0387541 0.0825708 0.120521 0.120553 0.0827267 0.0392778 0.0139696 0.00654536 0.00873599 0.0158994 0.026347 0.0382556 0.0487584 0.0549559 0.0555212 0.0514503 0.0452763 0.0394087 0.0349252 0.0315344 0.0283626
 1.09106e-16 4.27575e-05 0.000415618 0.00276193 0.0125553 0.0390645 0.0832322 0.121487 0.121518 0.0833872 0.0395852 0.0140606 0.00654523 0.00869104 0.015808 0.0261947 0.0380344 0.0484756 0.0546332 0.0551836 0.0511109 0.0449271 0.0390248 0.0344787 0.0310111 0.0277715
 1.08732e-16 4.34477e-05 0.000422327 0.00280651 0.012758 0.0396951 0.0845758 0.123447 0.123479 0.0847293 0.0402109 0.014249 0.00655369 0.00861807 0.0156549 0.025934 0.0376435 0.0479514 0.0539932 0.054454 0.0503111 0.0440633 0.0380981 0.0335002 0.0300111 0.0267968
 1.08401e-16 4.38508e-05 0.000426245 0.00283255 0.0128764 0.0400634 0.0853604 0.124593 0.124624 0.0855136 0.040578 0.0143641 0.00657143 0.00860323 0.0156178 0.025867 0.0375348 0.0477885 0.0537629 0.0541411 0.0498989 0.043538 0.037457 0.0327592 0.0292063 0.0259788
 1.07295e-16 4.78447e-05 0.000465068 0.00309054 0.0140492 0.0437123 0.0931348 0.135939 0.135967 0.0932733 0.0441777 0.0153944 0.00647121 0.00785806 0.0141268 0.02338 0.0339142 0.0431553 0.0485053 0.0487689 0.044829 0.0389562 0.033335 0.0289826 0.025702 0.0227642
 1.05463e-16 5.17054e-05 0.000502595 0.00333992 0.0151828 0.0472395 0.10065 0.146907 0.146934 0.10078 0.0476787 0.016452 0.00652801 0.00747005 0.0133073 0.021979 0.0318012 0.040298 0.0449766 0.0446892 0.0402923 0.0340062 0.0280134 0.0234049 0.0200932 0.0174231
 1.04429e-16 5.13859e-05 0.000499489 0.00331928 0.015089 0.0469476 0.100028 0.146 0.146028 0.100166 0.0474118 0.0164301 0.00668732 0.00785748 0.0140419 0.0231758 0.0334815 0.0423166 0.047016 0.0463457 0.0412145 0.0340082 0.0271072 0.0217584 0.0179563 0.0150633
 1.04023e-16 5.25666e-05 0.000510967 0.00339555 0.0154357 0.0480264 0.102326 0.149354 0.149381 0.102459 0.0484706 0.0167192 0.00661919 0.0075544 0.0134476 0.022196 0.0320804 0.0405748 0.0451317 0.0445655 0.0397305 0.0328848 0.02628 0.0210931 0.0173234 0.0143882
 1.03814e-16 5.2131e-05 0.000506732 0.00336741 0.0153078 0.0476284 0.101478 0.148116 0.148144 0.101615 0.0480872 0.0166336 0.0066968 0.00777978 0.0138796 0.0229015 0.0330746 0.0417789 0.0463714 0.0456237 0.0404295 0.0331488 0.0261465 0.0206761 0.0167599 0.0137956
 1.04515e-16 4.73089e-05 0.00045986 0.00305593 0.0138918 0.0432228 0.092092 0.134418 0.13445 0.0922485 0.0437484 0.0154103 0.00686955 0.00879205 0.0158923 0.026252 0.0379379 0.0479698 0.0533305 0.0526138 0.0468297 0.0386525 0.0307538 0.0245373 0.0200154 0.016509
 1.05804e-16 4.53905e-05 0.000441211 0.00293201 0.0133285 0.0414701 0.0883575 0.128967 0.128999 0.088513 0.0419924 0.0148383 0.0067255 0.0087347 0.0158323 0.0261964 0.037953 0.0481892 0.0539507 0.0538576 0.0488783 0.0415715 0.0344453 0.0287441 0.0243787 0.0206585
 1.07018e-16 4.38896e-05 0.000426623 0.00283506 0.0128878 0.0400988 0.085436 0.124703 0.124735 0.0855936 0.0406283 0.0144181 0.00668067 0.00883553 0.016055 0.0265805 0.0385396 0.0489998 0.054989 0.0551284 0.0504073 0.0434054 0.0366242 0.0312609 0.0271519 0.0235352
 1.08006e-16 4.28021e-05 0.000416051 0.00276481 0.0125684 0.0391053 0.0833191 0.121613 0.121646 0.0834774 0.0396371 0.0141059 0.00662875 0.00886675 0.0161385 0.0267343 0.0387948 0.0493929 0.0555627 0.0559327 0.0514958 0.0448209 0.0383769 0.0333101 0.0294013 0.0258476
pSPR Fmed_Fpbrs
0.77336   0.283097 0.283097
Fs Fmed_Fpbrs
0.158929   1.005 1.005
SSBpbr Bo_Bmed_Bpbrs
2.38234e+06  1.72329e+06  555316 555316
Ro
315198
SPR SPRFo_SPRFmed_SPRFpbrs
2.23932e+06 1.7318e+06 633944
Fref
1.005
log_Ro
12.481
likeval ReclasPelacesDesembMPH_pf_preclas_ppelaces_ptallas_desvR_qrecl_qpela
 119.475 53.3143 13.7371 0.00373013 221.495 109.532 61.0488 0 0 0 0 68.9379 0 0 0
q_reclas_q_pelaces
1 1
M
1
N
 315198 138823 51070.1 18787.6 10934
 315198 107844 44175.9 16251.4 9457.94
 315198 105273 32701.1 13395.2 7795.72
 315198 108473 33891.2 10527.6 6822.11
 315198 106580 33712.9 10533.3 5392.25
 315198 112826 37121 11742 5546.76
 315198 108042 36034.9 11855.9 5521.78
 315198 102040 30779.6 10265.8 4950.64
 315198 114530 36621.8 11046.7 5461.13
 315198 112087 39369.3 12588.6 5674.49
 315198 112435 38769 13617.2 6316.89
 315198 114713 40481.1 13958.4 7177.08
 315198 108734 37108.1 13095.1 6837.07
 315198 108709 35157.7 11998.5 6444.83
 315198 105898 33355.7 10787.7 5659.06
 315198 109467 34720.1 10936.1 5392.27
 315198 103444 32049.2 10165.2 4780.56
 315198 107411 32653.7 10116.9 4717.89
 315198 101270 30139.6 9162.64 4162.64
 315198 86717.2 20836.2 6201.22 2741.67
 315198 88923.8 18761.6 4508 1934.83
 315198 92988.8 21038.2 4438.74 1524.29
 315198 81284 16810.1 3803.18 1077.97
 315198 100454 22442.4 4641.23 1347.68
 315198 102977 29146 6511.49 1737.64
 315198 104137 30555 8648.1 2447.65
 315198 108695 33663.3 9877.18 3586.8
pred_Ctot
 14018.7 11987.3 4409.89 1622.31 944.145
 18499.3 12171.2 4985.65 1834.12 1067.41
 12926.9 8401.93 2609.9 1069.08 622.181
 16220.6 10786.8 3370.23 1046.9 678.41
 5388.27 3602.82 1139.63 356.067 182.28
 13674.9 9510.54 3129.08 989.781 467.559
 24160.5 15731.6 5246.92 1726.3 804.006
 2450.18 1578.26 476.071 158.782 76.5722
 6664.7 4775.82 1527.1 460.638 227.725
 6063.54 4257.75 1495.49 478.192 215.552
 2136.06 1517.09 523.113 183.738 85.2343
 12473.1 8842.44 3120.42 1075.96 553.234
 12516.8 8410.15 2870.18 1012.86 528.822
 17408.5 11572.4 3742.68 1277.28 686.077
 11201 7350.4 2315.22 748.771 392.796
 21699.2 14391.7 4564.7 1437.78 708.928
 14772.1 9397.22 2911.48 923.449 434.285
 25513.6 16467.3 5006.17 1551.03 723.304
 51438.9 29561.4 8798 2674.65 1215.11
 47460.6 23564.6 5662.04 1685.12 745.023
 40177.9 20789.9 4386.37 1053.95 452.354
 61315.6 31642.8 7159 1510.44 518.694
 26948.4 13121.6 2713.63 613.943 174.015
 22516.1 13679.9 3056.21 632.044 183.527
 20484.8 12814.4 3626.91 810.286 216.231
 12540 8069.15 2367.58 670.104 189.658
 15612.7 10417.4 3226.31 946.635 343.761
F
 0.07251 0.14502 0.14502 0.14502 0.14502
 0.0966399 0.19328 0.19328 0.19328 0.19328
 0.0667029 0.133406 0.133406 0.133406 0.133406
 0.0843079 0.168616 0.168616 0.168616 0.168616
 0.0273539 0.0547078 0.0547078 0.0547078 0.0547078
 0.0706784 0.141357 0.141357 0.141357 0.141357
 0.127835 0.25567 0.25567 0.25567 0.25567
 0.0123611 0.0247222 0.0247222 0.0247222 0.0247222
 0.0339264 0.0678528 0.0678528 0.0678528 0.0678528
 0.0308265 0.0616529 0.0616529 0.0616529 0.0616529
 0.0107692 0.0215384 0.0215384 0.0215384 0.0215384
 0.0642973 0.128595 0.128595 0.128595 0.128595
 0.0645288 0.129058 0.129058 0.129058 0.129058
 0.090721 0.181442 0.181442 0.181442 0.181442
 0.0575799 0.11516 0.11516 0.11516 0.11516
 0.114173 0.228347 0.228347 0.228347 0.228347
 0.0765338 0.153068 0.153068 0.153068 0.153068
 0.135412 0.270825 0.270825 0.270825 0.270825
 0.290547 0.581094 0.581094 0.581094 0.581094
 0.26542 0.53084 0.53084 0.53084 0.53084
 0.22072 0.441441 0.441441 0.441441 0.441441
 0.355251 0.710501 0.710501 0.710501 0.710501
 0.143499 0.286998 0.286998 0.286998 0.286998
 0.118691 0.237382 0.237382 0.237382 0.237382
 0.107489 0.214979 0.214979 0.214979 0.214979
 0.0646516 0.129303 0.129303 0.129303 0.129303
 0.0810391 0.162078 0.162078 0.162078 0.162078
nmprior
 8 8 7 0
nm_flota  nm_reclas  nm_pelaces    nm_pelaL
inf 3.72354 7.56601 6.17988
cv_recla  cv_pelaces  cv_mph
1.09304 0.979621 1.88481
 ------------------------------------------------
Talla a la edad & desviación 
 8 13.2811 15.8009 17.003 17.5766
 0.8 1.32811 1.58009 1.7003 1.75766
