years
 1991 1992 1993 1994 1995 1996 1997 1998 1999 2000 2001 2002 2003 2004 2005 2006 2007 2008 2009 2010 2011 2012 2013 2014 2015 2016
reclasobs
 0 0 0 0 0 0 0 0 0 252601 567819 844713 477998 351125 339783 2.1784e+06 2.13404e+06 4.81314e+06 1.55562e+06 2.62356e+06 3.21686e+06 3.843e+06 1.13348e+06 3.07943e+06 1.97215e+06 2.03268e+06
reclaspred
 3.10004e+06 1.74076e+06 872903 869556 859925 1.41627e+06 883663 770937 562854 409536 492023 642383 629516 484072 481631 1.32986e+06 1.26797e+06 2.90343e+06 2.40958e+06 1.84121e+06 3.24212e+06 2.61768e+06 2.05673e+06 3.16672e+06 2.33765e+06 2.047e+06
pelacesobs
 0 0 0 0 0 0 0 0 0 0 0 0 0 0 0 552880 188675 0 991730 2.46772e+06 1.41603e+06 1.21717e+06 2.29649e+06 1.80582e+06 0 1.4828e+06
pelacespred
 1.54976e+06 965048 483953 394223 408412 695177 398548 434893 303959 208986 260945 284485 306639 246958 252979 584217 558990 1.47658e+06 1.26338e+06 895686 1.5273e+06 1.34492e+06 1.05213e+06 1.77039e+06 1.26377e+06 1.10296e+06
mphobs
 0 0 0 0 0 0 0 0 0 0 0 498337 0 5186 125008 0 168611 109162 213762 579715 649985 157893 87575 83554 0 0
mphpred
 2.94329e+06 1.96487e+06 980063 528718 572984 652381 891371 543554 480592 328021 216585 368197 397368 333988 221406 277420 964276 901571 1.81842e+06 1.38209e+06 1.52247e+06 1.86463e+06 1.75562e+06 1.43493e+06 1.99703e+06 1.60789e+06
desembarqueobs
 494567 514787 250237 358949 120608 361735 552515 73892 212993 205616 52469 317467 293654 387597 252695 516296 358380 742168 942051 627588 828172 859565 418607 520667 417249 300574
desembarquepred
 494576 513634 250803 358974 120613 361743 552546 73896.2 213039 205657 52471.5 317525 293698 387623 252688 516259 358405 742082 941852 627458 828216 859551 418607 520680 417241 300571
Reclutas
 190069 113389 103707 178052 140195 254097 104315 45355.5 43977.5 59491.6 110980 147905 122210 85185.3 83068.7 472831 95324.1 722990 422366 339887 478583 642251 131644 394942 318988 147411
log_desv_Rt
 0.115958 -0.4006 -0.489861 0.0506467 -0.188393 0.406288 -0.484018 -1.3169 -1.34775 -1.04559 -0.422079 -0.134862 -0.325691 -0.686601 -0.711761 1.02731 -0.574147 1.45197 0.914443 0.697185 1.0394 1.33355 -0.251327 0.847311 0.633726 -0.138202
SSB
 2.94329e+06 1.96487e+06 980063 528718 572984 652381 891371 543554 480592 328021 216585 368197 397368 333988 221406 277420 964276 901571 1.81842e+06 1.38209e+06 1.52247e+06 1.86463e+06 1.75562e+06 1.43493e+06 1.99703e+06 1.60789e+06
BT
 3.9886e+06 2.73105e+06 1.36303e+06 1.20979e+06 1.03657e+06 1.91243e+06 1.41008e+06 1.06851e+06 911507 680564 646632 921756 974612 974115 836594 1.76311e+06 1.56828e+06 4.06267e+06 3.81768e+06 2.62002e+06 4.19853e+06 3.89877e+06 2.79163e+06 4.56847e+06 3.29713e+06 2.81127e+06
Ftot
 0.140364 0.256026 0.250226 0.365523 0.125869 0.230996 0.531388 0.0859901 0.333268 0.437563 0.0984778 0.43533 0.410785 0.686588 0.468197 0.355705 0.248302 0.234282 0.344692 0.302449 0.229523 0.292854 0.179438 0.150276 0.159127 0.130858
BD_Bspro_t
 0.977792 0.836392 0.668703 0.572383 0.560658 0.638889 0.63961 0.470324 0.525209 0.481594 0.44907 0.666111 0.550878 0.460593 0.349861 0.405832 0.594175 0.564947 0.665695 0.571523 0.548797 0.595343 0.607861 0.598677 0.702931 0.706572
BD_Bspro
 2.45348 1.63789 0.816966 0.440732 0.477631 0.543815 0.743034 0.453099 0.400614 0.273434 0.180542 0.306924 0.33124 0.278407 0.184561 0.231253 0.803806 0.751536 1.51581 1.15209 1.26911 1.55433 1.46346 1.19613 1.66469 1.34031
BD_Bo
 1.57976 1.05461 0.526031 0.28378 0.307539 0.350154 0.478427 0.291743 0.257949 0.176059 0.116248 0.197623 0.21328 0.179262 0.118836 0.1489 0.517558 0.483902 0.976002 0.741814 0.817161 1.00081 0.942297 0.770171 1.07187 0.863005
BD_Brms
 11.6037 7.7464 3.86384 2.08444 2.25895 2.57197 3.51418 2.14293 1.8947 1.2932 0.853875 1.45159 1.5666 1.31673 0.87288 1.09371 3.8016 3.55439 7.169 5.44883 6.00227 7.3512 6.92143 5.65711 7.87315 6.33901
Sel_flota
 0.91319 1 1 1 1
 0.91319 1 1 1 1
 0.91319 1 1 1 1
 0.91319 1 1 1 1
 0.91319 1 1 1 1
 0.91319 1 1 1 1
 0.91319 1 1 1 1
 0.91319 1 1 1 1
 0.91319 1 1 1 1
 0.91319 1 1 1 1
 0.91319 1 1 1 1
 0.91319 1 1 1 1
 0.91319 1 1 1 1
 0.91319 1 1 1 1
 0.91319 1 1 1 1
 0.91319 1 1 1 1
 0.91319 1 1 1 1
 0.91319 1 1 1 1
 0.91319 1 1 1 1
 0.91319 1 1 1 1
 0.91319 1 1 1 1
 0.91319 1 1 1 1
 0.91319 1 1 1 1
 0.91319 1 1 1 1
 0.91319 1 1 1 1
 0.91319 1 1 1 1
Sel_reclas
 1 1 1 1 1
 1 1 1 1 1
 1 1 1 1 1
 1 1 1 1 1
 1 1 1 1 1
 1 1 1 1 1
 1 1 1 1 1
 1 1 1 1 1
 1 1 1 1 1
 1 1 1 1 1
 1 1 1 1 1
 1 1 1 1 1
 1 1 1 1 1
 1 1 1 1 1
 1 1 1 1 1
 1 1 1 1 1
 1 1 1 1 1
 1 1 1 1 1
 1 1 1 1 1
 1 1 1 1 1
 1 1 1 1 1
 1 1 1 1 1
 1 1 1 1 1
 1 1 1 1 1
 1 1 1 1 1
 1 1 1 1 1
Sel_pelaces
 1 1 1 1 1
 1 1 1 1 1
 1 1 1 1 1
 1 1 1 1 1
 1 1 1 1 1
 1 1 1 1 1
 1 1 1 1 1
 1 1 1 1 1
 1 1 1 1 1
 1 1 1 1 1
 1 1 1 1 1
 1 1 1 1 1
 1 1 1 1 1
 1 1 1 1 1
 1 1 1 1 1
 1 1 1 1 1
 1 1 1 1 1
 1 1 1 1 1
 1 1 1 1 1
 1 1 1 1 1
 1 1 1 1 1
 1 1 1 1 1
 1 1 1 1 1
 1 1 1 1 1
 1 1 1 1 1
 1 1 1 1 1
pf_obs 
 0.8446 0.082 0.0669 0.0065 0
 0.8095 0.147 0.0364 0.0071 0
 0.9664 0.0169 0.016 0.0007 0
 0.9276 0.0648 0.0075 0.0001 0
 0.7033 0.2144 0.0806 0.0017 0
 0.9318 0.0425 0.0243 0.0014 0
 0.5671 0.3108 0.0964 0.0239 0.0018
 0.0768 0.2599 0.5324 0.112 0.0189
 0.490249 0.384438 0.106611 0.0170017 0.00170017
 0.7925 0.1577 0.0466 0.003 0.0002
 0.840416 0.127587 0.0312969 0.00059994 9.999e-05
 0.8084 0.0986 0.0794 0.0134 0.0002
 0.7335 0.1905 0.0724 0.0035 0.0001
 0.4001 0.4547 0.1325 0.0127 0
 0.49795 0.308269 0.164784 0.0264974 0.00249975
 0.9179 0.0499 0.0305 0.0017 0
 0.2467 0.6533 0.0926 0.0074 0
 0.9418 0.0223 0.034 0.0019 0
 0.707729 0.231977 0.0356964 0.0245975 0
 0.517169 0.277429 0.184464 0.0207286 0.00020938
 0.811772 0.124168 0.05621 0.00726502 0.000585176
 0.764997 0.148141 0.077277 0.00933861 0.000247198
 0.163321 0.427699 0.378323 0.0303852 0.000271297
 0.753843 0.0900009 0.118128 0.0371064 0.000921714
 0.721811 0.176058 0.0630433 0.0369309 0.00215725
 0.143369 0.312575 0.442814 0.0836902 0.0175525
pf_pred 
 0.483297 0.124693 0.369242 0.0227672 7.59922e-07
 0.463068 0.272653 0.0637771 0.188857 0.0116452
 0.585914 0.202507 0.107439 0.0251314 0.079008
 0.76812 0.141648 0.0441275 0.0234117 0.0226927
 0.683321 0.249276 0.0411744 0.012827 0.0134017
 0.781742 0.15365 0.0508561 0.00840021 0.00535106
 0.505657 0.39487 0.0700271 0.023178 0.00626723
 0.485009 0.275759 0.191093 0.0338888 0.0142497
 0.572618 0.217454 0.112409 0.077896 0.0196229
 0.73452 0.158998 0.0541787 0.0280067 0.0242969
 0.839742 0.121183 0.0234021 0.00797429 0.0076983
 0.757865 0.206354 0.0270572 0.00522509 0.00349929
 0.706596 0.228319 0.0554679 0.00727296 0.00234511
 0.652442 0.253507 0.0731874 0.0177802 0.00308307
 0.758115 0.164719 0.0562847 0.0162493 0.00463214
 0.944685 0.0430754 0.00833516 0.00284814 0.00105665
 0.398918 0.571113 0.0233381 0.00451596 0.0021156
 0.909887 0.0382112 0.0493137 0.00201517 0.000572613
 0.625222 0.34404 0.013034 0.0168211 0.000882701
 0.642654 0.232415 0.114684 0.00434482 0.00590148
 0.755888 0.162765 0.0529074 0.0261069 0.00233248
 0.762651 0.18379 0.035711 0.011608 0.00623965
 0.343279 0.513116 0.1112 0.0216065 0.0107985
 0.763573 0.0865754 0.117083 0.0253737 0.00739421
 0.643626 0.278293 0.0285921 0.0386675 0.0108218
 0.470222 0.352833 0.138177 0.0141964 0.0245722
pobs_RECLAS
 0 0 0 0 0
 0 0 0 0 0
 0 0 0 0 0
 0 0 0 0 0
 0 0 0 0 0
 0 0 0 0 0
 0 0 0 0 0
 0 0 0 0 0
 0 0 0 0 0
 0 0 0 0 0
 0.991045 0.00858322 0.000360255 1.14367e-05 0
 0.934742 0.0480273 0.0164251 0.00080598 0
 0.827803 0.169806 0.00239088 0 0
 0.941827 0.0461693 0.0120037 0 0
 0.791401 0.0380133 0.147996 0.0225897 0
 0.846168 0.0940531 0.0597789 0 0
 0.134021 0.677848 0.182769 0.00536245 0
 0.80878 0.0450904 0.141981 0.00414843 0
 0.846168 0.0940531 0.0597789 0 0
 0.905697 0.0802665 0.012482 0.00150086 5.37128e-05
 0.989698 0.0102097 9.19794e-05 0 0
 0.975433 0.0193895 0.00387452 0.00125025 5.28907e-05
 0.303575 0.632131 0.0575291 0.00676475 0
 0.966965 0.00978017 0.0227588 0.000495775 0
 0.843318 0.132988 0.00938335 0.0141283 0.000182051
 0.564624 0.303363 0.111486 0.0197234 0.00080311
ppred_RECLAS
 0.506276 0.119148 0.352821 0.0217547 7.26127e-07
 0.486269 0.260872 0.0610212 0.180696 0.011142
 0.608283 0.191567 0.101636 0.0237739 0.07474
 0.784486 0.131651 0.041013 0.0217594 0.021091
 0.702846 0.233907 0.0386358 0.0120362 0.0125754
 0.797162 0.142795 0.0472631 0.00780673 0.00497301
 0.529723 0.375647 0.066618 0.0220496 0.00596213
 0.507872 0.263517 0.18261 0.0323843 0.0136171
 0.595427 0.205849 0.10641 0.0737389 0.0185757
 0.752658 0.148135 0.0504772 0.0260933 0.0226369
 0.851686 0.112152 0.0216579 0.00737997 0.00712455
 0.774891 0.191844 0.0251546 0.00485767 0.00325323
 0.725862 0.213326 0.0518255 0.00679537 0.00219112
 0.674471 0.237439 0.0685486 0.0166532 0.00288765
 0.775203 0.153083 0.0523086 0.0151014 0.00430491
 0.949404 0.0394003 0.00762402 0.00260514 0.000966501
 0.421408 0.549744 0.0224648 0.00434699 0.00203644
 0.917215 0.0351039 0.0453036 0.0018513 0.000526049
 0.646984 0.324063 0.0122772 0.0158444 0.000831447
 0.663842 0.218635 0.107884 0.00408721 0.00555158
 0.7726 0.151622 0.0492852 0.0243195 0.00217279
 0.779151 0.171014 0.0332286 0.0108011 0.0058059
 0.364377 0.496631 0.107628 0.0209124 0.0104516
 0.779783 0.0806399 0.109056 0.0236341 0.00688727
 0.664463 0.262021 0.0269203 0.0364066 0.0101891
 0.493151 0.337562 0.132197 0.013582 0.0235087
pobs_PELACES
 0 0 0 0 0
 0 0 0 0 0
 0 0 0 0 0
 0 0 0 0 0
 0 0 0 0 0
 0 0 0 0 0
 0 0 0 0 0
 0 0 0 0 0
 0 0 0 0 0
 0 0 0 0 0
 0 0 0 0 0
 0 0 0 0 0
 0 0 0 0 0
 0 0 0 0 0
 0 0 0 0 0
 0 0 0 0 0
 0.505614 0.472636 0.0217494 0 0
 0 0 0 0 0
 0.443492 0.261883 0.143347 0.151278 0
 0.227955 0.32914 0.350689 0.0885471 0.00366901
 0.970185 0.0296113 0.000203453 0 0
 0.997202 0.00247181 0.000326279 0 0
 0.445219 0.490057 0.0546422 0.010081 0
 0.90214 0.0892962 0.00764917 0.000914606 0
 0 0 0 0 0
 0.581667 0.319106 0.0959925 0.00289975 0.000334073
ppred_PELACES
 0.507281 0.118905 0.352103 0.0217105 7.24649e-07
 0.488102 0.259941 0.0608036 0.180051 0.0111022
 0.60999 0.190733 0.101193 0.0236703 0.0744144
 0.786251 0.130572 0.0406771 0.0215811 0.0209183
 0.703599 0.233314 0.0385379 0.0120057 0.0125435
 0.79823 0.142043 0.0470143 0.00776563 0.00494682
 0.533513 0.37262 0.0660811 0.0218719 0.00591407
 0.508488 0.263187 0.182381 0.0323438 0.0136
 0.597724 0.20468 0.105806 0.0733201 0.0184702
 0.754984 0.146742 0.0500025 0.0258479 0.022424
 0.852042 0.111882 0.0216059 0.00736226 0.00710745
 0.777059 0.189996 0.0249123 0.00481089 0.0032219
 0.728198 0.211508 0.051384 0.00673748 0.00217245
 0.678775 0.2343 0.0676423 0.0164331 0.00284948
 0.777531 0.151497 0.0517667 0.014945 0.00426032
 0.949891 0.0390209 0.0075506 0.00258005 0.000957193
 0.423143 0.548095 0.0223975 0.00433395 0.00203033
 0.917723 0.0348884 0.0450255 0.00183993 0.00052282
 0.649236 0.321996 0.0121988 0.0157433 0.000826143
 0.665772 0.217379 0.107265 0.00406373 0.00551969
 0.773754 0.150853 0.0490353 0.0241962 0.00216178
 0.780591 0.169899 0.0330119 0.0107306 0.00576804
 0.365569 0.4957 0.107426 0.0208732 0.010432
 0.780521 0.0803695 0.10869 0.0235549 0.00686418
 0.665478 0.261228 0.0268388 0.0362964 0.0101582
 0.494088 0.336938 0.131952 0.0135569 0.0234653
pobs_pel_tallas
 0 0 0 0 0 0 0 0 0 0 0 0 0 0 0 0 0 0 0 0 0 0 0 0 0 0
 0 0 0 0 0 0 0 0 0 0 0 0 0 0 0 0 0 0 0 0 0 0 0 0 0 0
 0 0 0 0 0 0 0 0 0 0 0 0 0 0 0 0 0 0 0 0 0 0 0 0 0 0
 0 0 0 0 0 0 0 0 0 0 0 0 0 0 0 0 0 0 0 0 0 0 0 0 0 0
 0 0 0 0 0 0 0 0 0 0 0 0 0 0 0 0 0 0 0 0 0 0 0 0 0 0
 0 0 0 0 0 0 0 0 0 0 0 0 0 0 0 0 0 0 0 0 0 0 0 0 0 0
 0 0 0 0 0 0 0 0 0 0 0 0 0 0 0 0 0 0 0 0 0 0 0 0 0 0
 0 0 0 0 0 0 0 0 0 0 0 0 0 0 0 0 0 0 0 0 0 0 0 0 0 0
 0 0 0 0 0 0 0 0 0 0 0 0 0 0 0 0 0 0 0 0 0 0 0 0 0 0
 0 0 0 0 0 0 0 0 0 0 0 0 0 0 0 0 0 0 0 0 0 0 0 0 0 0
 0 0 0 0 0 0 0 0 0 0 0 0 0 0 0 0 0 0 0 0 0 0 0 0 0 0
 0 0 0 0 0 0 0 0 0 0 0 0 0 0 0 0 0 0 0 0 0 0 0 0 0 0
 0.00862536 0 0 0.000197151 0.00414017 0.0128641 0.00837892 0.0270097 0.101434 0.158115 0.152841 0.127902 0.109271 0.109419 0.0830992 0.0579132 0.0238553 0.00714673 0.00463305 0.00128148 0.00103504 0.000492878 0.000147863 0.000147863 4.92878e-05 0
 0 0 0 0 0 0 0 0 0 0 0 0 0 0 0 0 0 0 0 0 0 0 0 0 0 0
 0 0 0 0 0 0 0 0.0054083 0.00873648 0.0413646 0.0450493 0.0745869 0.0622846 0.0627006 0.0613931 0.0827291 0.12552 0.122667 0.0946155 0.0697135 0.0546179 0.0294188 0.0215738 0.0213955 0.0102223 0.00600262
 0 0 0 0 0.00359764 0.0251062 0.0480494 0.140153 0.205849 0.193036 0.1447 0.116669 0.0760912 0.0342217 0.00950174 0.001854 0.000860785 0 0 0 0.000165536 0 0.000143464 0 0 0
 0 0 0 0 0 0 0 0.000145254 0.000435761 0.0275982 0.070085 0.0708112 0.156366 0.174668 0.174014 0.160142 0.0824315 0.0480064 0.0283245 0.00493863 0.00203355 0 0 0 0 0
 0 0 0 0 0 0 0 0 0 0 0 0 0 0 0 0 0 0 0 0 0 0 0 0 0 0
 0 0 1.00437e-05 0.000401748 0.00122533 0.00171747 0.00176769 0.0269171 0.070346 0.194647 0.189555 0.159765 0.064822 0.0314167 0.0384472 0.0292271 0.0345202 0.0313363 0.0194345 0.0106764 0.0143323 0.0359363 0.0279516 0.0138201 0.00172751 0
 0 0.0021121 0.0136068 0.0755702 0.200478 0.177729 0.0527432 0.0373336 0.0318909 0.0142505 0.0149659 0.0166563 0.0217959 0.0798694 0.0677717 0.0528807 0.04013 0.0224614 0.0357745 0.0225083 0.00881397 0.00855152 0.00135912 0.000746735 0 0
 0 0 0 0 5.4009e-05 0.00500934 0.000945158 0.0243581 0.138947 0.33067 0.221406 0.137944 0.0707744 0.0437923 0.0131692 0.00525238 0.0047753 0.00276346 9.45158e-05 9.00151e-06 2.25038e-05 9.00151e-06 4.50075e-06 0 0 0
 0.000866109 0.00284123 0.00948549 0.0512746 0.133035 0.25785 0.225252 0.132002 0.0553304 0.0519788 0.0540692 0.017754 0.00435017 0.00159236 0.00146478 0.000404838 0.000125132 0.000115318 0.000107957 0.000100596 0 0 0 0 0 0
 0 0 0 0 0.00144013 0.00171154 0.00461396 0.0210425 0.0478622 0.0707936 0.0888783 0.103762 0.0637923 0.0337046 0.0602308 0.124433 0.169614 0.0934646 0.0462172 0.0250306 0.0313229 0.00938855 0.002487 0.000210481 0 0
 0 0.00764035 0.051015 0.0998891 0.058973 0.0496711 0.0374665 0.0718981 0.12319 0.153886 0.159021 0.0857701 0.0377988 0.023471 0.0147837 0.00900784 0.00315554 0.000888139 0.00291439 0.00214683 0.00393193 0.00274676 0.000635225 9.99891e-05 0 0
 0 0 0 0 0 0 0 0 0 0 0 0 0 0 0 0 0 0 0 0 0 0 0 0 0 0
 0 0 0 0 0 0 0 0 0 0 0 0 0 0 0 0 0 0 0 0 0 0 0 0 0 0
ppred_pel_tallas
 1.12369e-16 4.17841e-05 0.000406156 0.00269905 0.0122695 0.038175 0.0813364 0.118715 0.118727 0.0813952 0.038374 0.0128508 0.00418331 0.00372925 0.00659544 0.0114684 0.0179819 0.0256557 0.0339121 0.0423017 0.0504439 0.0576577 0.0627107 0.0641187 0.0609171 0.0533337
 1.21757e-16 4.02043e-05 0.0003908 0.00259701 0.0118056 0.0367318 0.078262 0.114231 0.114256 0.078385 0.037145 0.0130005 0.00560217 0.00697127 0.0126002 0.0209411 0.0305995 0.0394727 0.0455259 0.0480305 0.0480657 0.0477387 0.0486953 0.0510694 0.0535474 0.054295
 1.17936e-16 5.02441e-05 0.00048839 0.00324553 0.0147537 0.0459044 0.0978048 0.142753 0.142771 0.0978953 0.0462088 0.0156349 0.00546425 0.00535503 0.0093621 0.015583 0.0228879 0.0297464 0.0346565 0.0370089 0.0374498 0.0373552 0.0378334 0.0390461 0.0402694 0.0404719
 1.06912e-16 6.47625e-05 0.000629514 0.00418335 0.0190169 0.0591687 0.126066 0.183999 0.184012 0.126127 0.0593761 0.0196166 0.00569092 0.00392837 0.00635335 0.010464 0.0152206 0.0194747 0.0221141 0.0226624 0.0215634 0.0198481 0.0184515 0.017714 0.0173692 0.016886
 1.04499e-16 5.79545e-05 0.000563339 0.00374358 0.0170178 0.0529488 0.112814 0.16466 0.164682 0.112924 0.053318 0.0180844 0.00642143 0.0064113 0.011171 0.0183945 0.0265371 0.0334704 0.0370689 0.0363667 0.0321314 0.0263296 0.0209264 0.0169526 0.0143825 0.0126223
 1.0301e-16 6.57492e-05 0.000639106 0.00424708 0.0193066 0.0600702 0.127986 0.186803 0.186816 0.128053 0.0602957 0.0199586 0.00588565 0.0042231 0.00689289 0.0113449 0.0164616 0.0209632 0.0235847 0.0237346 0.021819 0.0189116 0.0160523 0.0137368 0.0119014 0.0102467
 1.05197e-16 4.39449e-05 0.00042716 0.00283863 0.012904 0.0401494 0.0855438 0.124861 0.124897 0.0857194 0.0407391 0.0146077 0.00711643 0.00976978 0.0177996 0.0293893 0.0424097 0.0534969 0.0592475 0.058093 0.0512178 0.0417141 0.0326841 0.0257763 0.0210085 0.0175454
 1.10876e-16 4.18835e-05 0.000407123 0.00270547 0.0122987 0.038266 0.0815307 0.119002 0.119027 0.0816559 0.0386871 0.013518 0.00577738 0.00715091 0.0129605 0.0216505 0.0318635 0.0414923 0.0483789 0.0514825 0.0513717 0.0495667 0.047319 0.0448778 0.0417101 0.0372583
 1.13585e-16 4.92338e-05 0.00047857 0.00318027 0.014457 0.0449814 0.0958383 0.139883 0.139903 0.0959354 0.0453081 0.0154027 0.00556135 0.00570143 0.0100428 0.0167233 0.0245612 0.0319111 0.0371437 0.0395668 0.0398061 0.0392425 0.038964 0.0390851 0.0388719 0.037402
 1.07868e-16 6.21871e-05 0.00060448 0.00401698 0.0182606 0.0568157 0.121052 0.176682 0.176697 0.121122 0.0570489 0.0189351 0.00571287 0.00431649 0.00714162 0.0117877 0.0171664 0.0220046 0.0250603 0.0257994 0.0247104 0.0229285 0.0214723 0.0206938 0.0202772 0.0196312
 1.02594e-16 7.01816e-05 0.00068219 0.00453339 0.0206082 0.0641197 0.136614 0.199395 0.199405 0.136667 0.0642968 0.02112 0.00581883 0.00349033 0.00540938 0.00884795 0.0127783 0.0161546 0.0179647 0.0177514 0.0158806 0.0132819 0.0108727 0.00911696 0.00797495 0.00714595
 1.01796e-16 6.40054e-05 0.000622155 0.00413444 0.0187946 0.058477 0.124592 0.18185 0.181868 0.124682 0.0587774 0.0196621 0.00631195 0.00537515 0.00908925 0.0149209 0.0214782 0.0269887 0.0296901 0.0287689 0.0248398 0.0195237 0.0144764 0.0106242 0.00804575 0.00634457
 1.02581e-16 5.99807e-05 0.000583034 0.00387447 0.0176128 0.0548 0.116758 0.170416 0.170436 0.116858 0.0551351 0.0185812 0.00630701 0.00589849 0.0101702 0.0167578 0.0242254 0.0306521 0.0341115 0.0336997 0.0300439 0.0248272 0.0197332 0.0156517 0.0126066 0.0102008
 1.04143e-16 5.59098e-05 0.000543463 0.00361151 0.0164174 0.0510807 0.108834 0.158851 0.158873 0.108944 0.0514524 0.0174917 0.00631085 0.00644528 0.0112913 0.0186485 0.0270227 0.0343258 0.038458 0.0384385 0.0349529 0.029813 0.0247903 0.0207568 0.0176404 0.0149501
 1.03753e-16 6.40442e-05 0.000622533 0.00413695 0.018806 0.0585125 0.124668 0.181959 0.181974 0.124739 0.0587531 0.0195017 0.00588572 0.00444844 0.00735468 0.0121219 0.0176077 0.0224623 0.0253503 0.0256525 0.0238065 0.0209483 0.0181589 0.0159242 0.0141282 0.0124142
 1.00649e-16 7.82413e-05 0.000760533 0.00505401 0.0229748 0.0714832 0.152303 0.222291 0.222295 0.152321 0.0715449 0.0231533 0.00550225 0.00173968 0.00193968 0.00308779 0.00445223 0.00562378 0.00624359 0.00614861 0.00546272 0.00450719 0.00360196 0.00291335 0.0024372 0.00208202
 1.01565e-16 3.48538e-05 0.000338792 0.00225139 0.0102345 0.0318437 0.0678484 0.0990378 0.0990905 0.068106 0.0327086 0.0127313 0.00851412 0.0139957 0.0259284 0.0426961 0.0612349 0.076442 0.0831401 0.0789425 0.0657052 0.0483388 0.0319711 0.0196385 0.011817 0.00740971
 1.01582e-16 7.55917e-05 0.000734778 0.00488286 0.0221968 0.0690624 0.147145 0.214763 0.214766 0.147162 0.0691188 0.0223606 0.0052972 0.00164911 0.00184076 0.00299803 0.00448426 0.00599722 0.00727049 0.00815933 0.00868292 0.00893534 0.00895122 0.00865916 0.00796032 0.00684712
 1.02154e-16 5.34768e-05 0.000519813 0.00345434 0.015703 0.0488579 0.104098 0.151941 0.151972 0.104249 0.049366 0.01717 0.00713444 0.00854568 0.0152733 0.0251061 0.0360245 0.0450195 0.0490702 0.0468014 0.0393263 0.0295348 0.0204122 0.0136762 0.00951192 0.00717906
 1.04493e-16 5.48388e-05 0.000533053 0.00354233 0.0161029 0.0501022 0.106749 0.155808 0.155829 0.106852 0.0504484 0.0171044 0.0060617 0.00605139 0.0105893 0.0175598 0.0256156 0.0328856 0.0374708 0.0384474 0.0363358 0.0325974 0.0286105 0.0249769 0.0215781 0.0180945
 1.04247e-16 6.37331e-05 0.000619508 0.00411685 0.0187146 0.0582282 0.124062 0.181075 0.18109 0.124133 0.0584678 0.0194073 0.00585805 0.00442889 0.00732314 0.0120712 0.0175381 0.0223855 0.0252938 0.0256612 0.0239396 0.0212693 0.01872 0.0167448 0.0151783 0.0136106
 1.03049e-16 6.42963e-05 0.000624983 0.00415323 0.01888 0.0587428 0.125158 0.182676 0.182692 0.125238 0.0590118 0.0196572 0.00610499 0.00488849 0.00816983 0.0134269 0.0193887 0.0244959 0.0272045 0.0268081 0.0238488 0.0197279 0.0158385 0.012902 0.0108933 0.00940383
 1.07086e-16 3.01115e-05 0.000292695 0.00194506 0.00884199 0.027511 0.0586168 0.085563 0.0856108 0.0588506 0.0282961 0.0111105 0.0076422 0.0127393 0.023697 0.039203 0.0566449 0.0715977 0.0795531 0.0784145 0.0697045 0.0574428 0.0456481 0.036437 0.0298273 0.0247801
 1.06682e-16 6.42905e-05 0.000624927 0.00415286 0.0188783 0.0587374 0.125147 0.182657 0.182665 0.125185 0.0588678 0.019257 0.00511122 0.00274273 0.00416187 0.00697644 0.0105069 0.0141853 0.0174572 0.0200437 0.022023 0.0235987 0.024768 0.0252136 0.0245124 0.0224633
 1.06201e-16 5.48146e-05 0.000532818 0.00354076 0.0160958 0.0500802 0.106702 0.15574 0.155765 0.106825 0.0504932 0.0172887 0.00653509 0.00706962 0.0124706 0.0205348 0.0295943 0.0372704 0.0411963 0.0403288 0.0355933 0.0292684 0.0236035 0.0197342 0.0175274 0.0161551
 1.09225e-16 4.06974e-05 0.000395593 0.00262886 0.0119504 0.0371824 0.0792222 0.115634 0.115667 0.0793816 0.037718 0.0134992 0.00652315 0.00891859 0.0162912 0.0270353 0.0393322 0.0502809 0.0569286 0.0578903 0.0541022 0.0480302 0.0420178 0.0371123 0.0330696 0.0291478
pSPR Fmed_Fpbrs
0.606338   0.186142 0.186142
Fs Fmed_Fpbrs
0.252698   1.005 1.005
SSBpbr Bo_Bmed_Bpbrs
1.86313e+06  1.03653e+06  253650 253650
Ro
169259
SPR SPRFo_SPRFmed_SPRFpbrs
1.19964e+06 727386 223303
Fref
1.005
log_Ro
11.8592
likeval ReclasPelacesDesembMPH_pf_preclas_ppelaces_ptallas_desvR_qrecl_qpela
 12.4933 16.5628 0.0520386 0.00272482 183.767 77.1689 51.6563 0 21.7384 4.05504e-07 0 0.267862 0 0 0
q_reclas_q_pelaces
0.913715 1
M
1
N
 190069 45004.6 133268 8217.21 0.274273
 113389 61510.5 14388.1 42606 2627.15
 103707 33017.2 17517.2 4097.49 12881.7
 178052 30358.1 9457.45 5017.62 4863.51
 140195 46912.5 7748.82 2413.99 2522.13
 254097 45974.8 15217 2513.49 1601.13
 104315 75699.7 13424.7 4443.39 1201.47
 45355.5 23621.4 16368.9 2902.9 1220.62
 43977.5 15425.3 7973.82 5525.62 1391.96
 59491.6 11933.4 4066.32 2102.01 1823.57
 110980 14676.6 2834.25 965.776 932.35
 147905 37315.9 4892.87 944.877 632.794
 122210 36562.7 8882.57 1164.68 375.544
 85185.3 30895.6 8919.53 2166.92 375.741
 83068.7 16740.7 5720.33 1651.45 470.774
 472831 19927.8 3856.06 1317.62 488.835
 95324.1 125702 5136.7 993.96 465.642
 722990 27953.3 36075.3 1474.19 418.894
 422366 214745 8135.63 10499.5 550.97
 339887 113421 55966.8 2120.31 2879.97
 478583 94861.7 30835.1 15215.4 1359.4
 642251 142769 27740.6 9017.17 4847.01
 131644 180828 39188.2 7614.41 3805.53
 394942 41109.6 55595.9 12048.5 3511.08
 318988 126660 13013.2 17598.9 4925.37
 147411 101478 39740.9 4083.02 7067.2
pred_Ctot
 14606.3 3768.5 11159.3 688.076 0.0229665
 15230.2 8967.52 2097.62 6211.46 383.008
 13643 4715.35 2501.72 585.184 1839.69
 32818.7 6052.06 1885.39 1000.29 969.567
 9713.46 3543.48 585.298 182.337 190.506
 31076.4 6108.01 2021.66 333.931 212.719
 26363.8 20587.6 3651.05 1208.45 326.759
 2179.16 1239 858.588 152.264 64.0243
 7476.75 2839.32 1467.74 1017.1 256.218
 12794.6 2769.58 943.738 487.849 423.227
 6077.94 877.109 169.381 57.7169 55.7193
 31671.9 8623.73 1130.74 218.362 146.239
 24909.9 8048.99 1955.43 256.396 82.673
 26376.2 10248.5 2958.74 718.798 124.639
 18910.7 4108.82 1403.99 405.33 115.546
 85110.5 3880.84 750.949 256.6 95.1981
 12452.5 17827.8 728.517 140.969 66.0402
 89572.5 3761.64 4854.61 198.38 56.37
 73964.8 40700.5 1541.94 1989.96 104.425
 53028.4 19177.7 9463.12 358.511 486.958
 58189.4 12529.9 4072.89 2009.75 179.558
 97361.5 23463 4558.93 1481.9 796.565
 12746.4 19052.7 4129.01 802.281 400.964
 32373.9 3670.61 4964.08 1075.79 313.499
 27597 11932.5 1225.95 1657.96 464.011
 10598.4 7952.58 3114.4 319.976 553.839
F
 0.128179 0.140364 0.140364 0.140364 0.140364
 0.2338 0.256026 0.256026 0.256026 0.256026
 0.228504 0.250226 0.250226 0.250226 0.250226
 0.333792 0.365523 0.365523 0.365523 0.365523
 0.114943 0.125869 0.125869 0.125869 0.125869
 0.210943 0.230996 0.230996 0.230996 0.230996
 0.485258 0.531388 0.531388 0.531388 0.531388
 0.0785253 0.0859901 0.0859901 0.0859901 0.0859901
 0.304337 0.333268 0.333268 0.333268 0.333268
 0.399578 0.437563 0.437563 0.437563 0.437563
 0.0899289 0.0984778 0.0984778 0.0984778 0.0984778
 0.397539 0.43533 0.43533 0.43533 0.43533
 0.375125 0.410785 0.410785 0.410785 0.410785
 0.626985 0.686588 0.686588 0.686588 0.686588
 0.427552 0.468197 0.468197 0.468197 0.468197
 0.324826 0.355705 0.355705 0.355705 0.355705
 0.226747 0.248302 0.248302 0.248302 0.248302
 0.213944 0.234282 0.234282 0.234282 0.234282
 0.31477 0.344692 0.344692 0.344692 0.344692
 0.276194 0.302449 0.302449 0.302449 0.302449
 0.209598 0.229523 0.229523 0.229523 0.229523
 0.267431 0.292854 0.292854 0.292854 0.292854
 0.163861 0.179438 0.179438 0.179438 0.179438
 0.137231 0.150276 0.150276 0.150276 0.150276
 0.145313 0.159127 0.159127 0.159127 0.159127
 0.119498 0.130858 0.130858 0.130858 0.130858
nmprior
 8 8 7 0
nm_flota  nm_reclas  nm_pelaces    nm_pelaL
inf 9.37354 13.0302 7.79762
cv_recla  cv_pelaces  cv_mph
0.363705 0.575549 1.61092
 ------------------------------------------------
Talla a la edad & desviación 
 8 13.2811 15.8009 17.003 17.5766
 0.8 1.32811 1.58009 1.7003 1.75766
