years
 1991 1992 1993 1994 1995 1996 1997 1998 1999 2000 2001 2002 2003 2004 2005 2006 2007 2008 2009 2010 2011 2012 2013 2014 2015 2016 2017
reclasobs
 0 0 0 0 0 0 0 0 0 252601 567819 844713 477998 351125 339783 2.1784e+06 2.13404e+06 4.81314e+06 1.55562e+06 2.62356e+06 3.21686e+06 3.843e+06 1.13348e+06 3.07943e+06 1.97215e+06 2.03268e+06 2.025e+06
reclaspred
 3.16673e+06 1.7351e+06 870138 921530 941583 1.6997e+06 959650 809243 565707 373301 511169 701621 682457 494977 473328 1.35754e+06 1.18363e+06 3.10573e+06 2.48657e+06 1.83149e+06 3.17925e+06 2.58422e+06 1.91616e+06 3.1301e+06 2.29574e+06 1.93564e+06 2.07468e+06
pelacesobs
 0 0 0 0 0 0 0 0 0 0 0 0 0 0 0 552880 188675 0 991730 2.46772e+06 1.41603e+06 1.21717e+06 2.29649e+06 1.80582e+06 0 1.4828e+06 1.56532e+06
pelacespred
 1.95891e+06 1.16509e+06 567577 449308 514714 912225 496967 537879 346176 202747 286500 329681 357461 255046 246850 586382 593118 1.64067e+06 1.42588e+06 977355 1.63723e+06 1.42941e+06 1.14804e+06 1.90176e+06 1.44057e+06 1.22736e+06 1.39337e+06
mphobs
 0 0 0 0 0 0 0 0 0 0 0 498337 0 5186 125008 0 168611 109162 213762 579715 649985 157893 87575 83554 0 0 0
mphpred
 485086 325873 156451 85968.8 97179.6 119220 170794 91151.8 81126.4 49466.8 29404.7 62453.4 66679.8 53800.8 31504.2 39395.6 150764 131246 309453 218111 234225 288414 272367 212732 319078 257664 199345
desembarqueobs
 494567 514787 250237 358949 120608 361735 552515 73892 212993 205616 52469 317467 293654 387597 252695 516296 358380 742168 942051 627588 828172 859565 418607 520667 417249 300574 407403
desembarquepred
 494572 513925 250649 358976 120613 361738 552530 73897.4 213054 205671 52471.8 317521 293680 387563 252668 516232 358422 742029 941756 627370 828239 859519 418601 520681 417228 300568 407406
Reclutas
 166410 95996.4 89605.8 143829 113420 215601 84249.9 34018 33453.6 45200.4 83517.3 124229 103158 72413.7 64109.3 348542 69701.7 559317 326101 262444 350221 482901 91722.3 280501 231500 93358.3 186965
log_desv_Rt
 0.223962 -0.326183 -0.395073 0.0781332 -0.159396 0.482938 -0.456706 -1.3636 -1.38033 -1.07939 -0.46544 -0.068366 -0.254227 -0.608099 -0.729904 0.963265 -0.646269 1.43622 0.896714 0.679543 0.968072 1.28932 -0.371728 0.746082 0.554085 -0.354049 0.340429
SSB
 1.82485e+06 1.22591e+06 588555 323407 365581 448494 642511 342905 305190 186090 110618 234944 250844 202394 118516 148203 567162 493737 1.16414e+06 820514 881136 1.08499e+06 1.02462e+06 800280 1.20034e+06 969308 749920
BT
 2.61789e+06 1.81382e+06 879714 861569 725773 1.50295e+06 1.07207e+06 727496 631225 450473 425551 691465 727640 738996 587569 1.23703e+06 998396 2.90848e+06 2.69703e+06 1.7516e+06 2.81641e+06 2.58427e+06 1.73107e+06 2.99816e+06 2.11764e+06 1.73904e+06 2.21288e+06
Ftot
 0.22085 0.407043 0.400174 0.569046 0.189541 0.32382 0.771234 0.134084 0.538323 0.77153 0.162962 0.658716 0.624902 1.09055 0.798622 0.598633 0.426882 0.375486 0.544408 0.499539 0.38842 0.489674 0.308691 0.257004 0.264219 0.223387 0.296703
BD_Bspro_t
 0.965281 0.760366 0.543023 0.438167 0.438808 0.539554 0.554254 0.358432 0.410996 0.344376 0.294811 0.558311 0.435287 0.339753 0.223756 0.26781 0.462713 0.41617 0.558445 0.441726 0.41204 0.459861 0.47289 0.451113 0.584155 0.589415 0.582933
BD_Bspro
 1.93099 1.29721 0.622786 0.342217 0.386844 0.474579 0.67988 0.362849 0.322941 0.196913 0.117052 0.248609 0.265433 0.214165 0.125409 0.156823 0.60015 0.522454 1.23184 0.868236 0.932384 1.1481 1.08421 0.846825 1.27016 1.02568 0.793536
BD_Bo
 1.25895 0.845746 0.406041 0.223117 0.252212 0.309413 0.443264 0.236568 0.210549 0.128382 0.0763148 0.162087 0.173056 0.13963 0.0817634 0.102244 0.391282 0.340627 0.803131 0.566068 0.60789 0.748529 0.70688 0.552109 0.828111 0.66872 0.517365
BD_Brms
 7.97499 5.35747 2.57211 1.41336 1.59767 1.96001 2.80791 1.49857 1.33375 0.813253 0.483425 1.02676 1.09624 0.884504 0.51794 0.647678 2.47862 2.15774 5.08752 3.58582 3.85075 4.74164 4.47781 3.49739 5.24576 4.23608 3.27731
Sel_flota
 0.807373 1 1 1 1
 0.807373 1 1 1 1
 0.807373 1 1 1 1
 0.807373 1 1 1 1
 0.807373 1 1 1 1
 0.807373 1 1 1 1
 0.807373 1 1 1 1
 0.807373 1 1 1 1
 0.807373 1 1 1 1
 0.807373 1 1 1 1
 0.807373 1 1 1 1
 0.807373 1 1 1 1
 0.807373 1 1 1 1
 0.807373 1 1 1 1
 0.807373 1 1 1 1
 0.807373 1 1 1 1
 0.807373 1 1 1 1
 0.807373 1 1 1 1
 0.807373 1 1 1 1
 0.807373 1 1 1 1
 0.807373 1 1 1 1
 0.807373 1 1 1 1
 0.807373 1 1 1 1
 0.807373 1 1 1 1
 0.807373 1 1 1 1
 0.807373 1 1 1 1
 0.807373 1 1 1 1
Sel_reclas
 1 1 1 1 1
 1 1 1 1 1
 1 1 1 1 1
 1 1 1 1 1
 1 1 1 1 1
 1 1 1 1 1
 1 1 1 1 1
 1 1 1 1 1
 1 1 1 1 1
 1 1 1 1 1
 1 1 1 1 1
 1 1 1 1 1
 1 1 1 1 1
 1 1 1 1 1
 1 1 1 1 1
 1 1 1 1 1
 1 1 1 1 1
 1 1 1 1 1
 1 1 1 1 1
 1 1 1 1 1
 1 1 1 1 1
 1 1 1 1 1
 1 1 1 1 1
 1 1 1 1 1
 1 1 1 1 1
 1 1 1 1 1
 1 1 1 1 1
Sel_pelaces
 0.721356 0.928717 0.984978 0.996979 0.999398
 0.721356 0.928717 0.984978 0.996979 0.999398
 0.721356 0.928717 0.984978 0.996979 0.999398
 0.721356 0.928717 0.984978 0.996979 0.999398
 0.721356 0.928717 0.984978 0.996979 0.999398
 0.721356 0.928717 0.984978 0.996979 0.999398
 0.721356 0.928717 0.984978 0.996979 0.999398
 0.721356 0.928717 0.984978 0.996979 0.999398
 0.721356 0.928717 0.984978 0.996979 0.999398
 0.721356 0.928717 0.984978 0.996979 0.999398
 0.721356 0.928717 0.984978 0.996979 0.999398
 0.721356 0.928717 0.984978 0.996979 0.999398
 0.721356 0.928717 0.984978 0.996979 0.999398
 0.721356 0.928717 0.984978 0.996979 0.999398
 0.721356 0.928717 0.984978 0.996979 0.999398
 0.721356 0.928717 0.984978 0.996979 0.999398
 0.721356 0.928717 0.984978 0.996979 0.999398
 0.721356 0.928717 0.984978 0.996979 0.999398
 0.721356 0.928717 0.984978 0.996979 0.999398
 0.721356 0.928717 0.984978 0.996979 0.999398
 0.721356 0.928717 0.984978 0.996979 0.999398
 0.721356 0.928717 0.984978 0.996979 0.999398
 0.721356 0.928717 0.984978 0.996979 0.999398
 0.721356 0.928717 0.984978 0.996979 0.999398
 0.721356 0.928717 0.984978 0.996979 0.999398
 0.721356 0.928717 0.984978 0.996979 0.999398
 0.721356 0.928717 0.984978 0.996979 0.999398
pf_obs 
 0.8446 0.082 0.0669 0.0065 0
 0.8095 0.147 0.0364 0.0071 0
 0.9664 0.0169 0.016 0.0007 0
 0.9276 0.0648 0.0075 0.0001 0
 0.7033 0.2144 0.0806 0.0017 0
 0.9318 0.0425 0.0243 0.0014 0
 0.5671 0.3108 0.0964 0.0239 0.0018
 0.0768 0.2599 0.5324 0.112 0.0189
 0.490249 0.384438 0.106611 0.0170017 0.00170017
 0.7925 0.1577 0.0466 0.003 0.0002
 0.840416 0.127587 0.0312969 0.00059994 9.999e-05
 0.8084 0.0986 0.0794 0.0134 0.0002
 0.7335 0.1905 0.0724 0.0035 0.0001
 0.4001 0.4547 0.1325 0.0127 0
 0.49795 0.308269 0.164784 0.0264974 0.00249975
 0.9179 0.0499 0.0305 0.0017 0
 0.2467 0.6533 0.0926 0.0074 0
 0.9418 0.0223 0.034 0.0019 0
 0.707729 0.231977 0.0356964 0.0245975 0
 0.517169 0.277429 0.184464 0.0207286 0.00020938
 0.811772 0.124168 0.05621 0.00726502 0.000585176
 0.764997 0.148141 0.077277 0.00933861 0.000247198
 0.163321 0.427699 0.378323 0.0303852 0.000271297
 0.753843 0.0900009 0.118128 0.0371064 0.000921714
 0.721811 0.176058 0.0630433 0.0369309 0.00215725
 0.143369 0.312575 0.442814 0.0836902 0.0175525
 0.692698 0.0596174 0.167031 0.0765114 0.00414204
pf_pred 
 0.530243 0.138544 0.309602 0.0216096 8.33162e-07
 0.478932 0.306995 0.063136 0.141089 0.0098481
 0.614794 0.209654 0.103429 0.021271 0.0508518
 0.773816 0.152556 0.040073 0.0197693 0.0137855
 0.694976 0.249928 0.0371611 0.00976138 0.00817362
 0.787239 0.157983 0.0448837 0.00667363 0.00322088
 0.492832 0.419104 0.0653906 0.0185778 0.00409543
 0.487324 0.291947 0.182402 0.0284592 0.00986779
 0.576677 0.230505 0.109801 0.0686012 0.0144148
 0.75655 0.15648 0.0473566 0.0225583 0.0170554
 0.860978 0.11244 0.0170855 0.0051707 0.00432527
 0.775828 0.198741 0.0205684 0.0031254 0.00173707
 0.727504 0.224197 0.0428195 0.00443152 0.00104763
 0.681749 0.24854 0.0573551 0.0109543 0.0014017
 0.788614 0.159127 0.040812 0.00941812 0.00202894
 0.952039 0.0400936 0.00592218 0.00151889 0.000426022
 0.414492 0.564154 0.017851 0.00263675 0.000865938
 0.924628 0.0361578 0.0377837 0.00119555 0.000234589
 0.629123 0.348903 0.0105415 0.0110155 0.000416946
 0.662949 0.233092 0.0977994 0.00295484 0.00320458
 0.764964 0.169478 0.0453373 0.0190223 0.00119803
 0.776325 0.180819 0.0309024 0.00826673 0.00368695
 0.341968 0.539598 0.0957417 0.0163625 0.00632934
 0.778518 0.0886352 0.108936 0.0193288 0.00458112
 0.650349 0.285904 0.025511 0.0313541 0.00688174
 0.439587 0.394378 0.135764 0.0121141 0.0181566
 0.728858 0.135358 0.0955549 0.0328945 0.00733435
pobs_RECLAS
 0 0 0 0 0
 0 0 0 0 0
 0 0 0 0 0
 0 0 0 0 0
 0 0 0 0 0
 0 0 0 0 0
 0 0 0 0 0
 0 0 0 0 0
 0 0 0 0 0
 0 0 0 0 0
 0.991045 0.00858322 0.000360255 1.14367e-05 0
 0.934742 0.0480273 0.0164251 0.00080598 0
 0.827803 0.169806 0.00239088 0 0
 0.941827 0.0461693 0.0120037 0 0
 0.791401 0.0380133 0.147996 0.0225897 0
 0.846168 0.0940531 0.0597789 0 0
 0.134021 0.677848 0.182769 0.00536245 0
 0.80878 0.0450904 0.141981 0.00414843 0
 0.846168 0.0940531 0.0597789 0 0
 0.905697 0.0802665 0.012482 0.00150086 5.37128e-05
 0.989698 0.0102097 9.19794e-05 0 0
 0.975433 0.0193895 0.00387452 0.00125025 5.28907e-05
 0.303575 0.632131 0.0575291 0.00676475 0
 0.966965 0.00978017 0.0227588 0.000495775 0
 0.843318 0.132988 0.00938335 0.0141283 0.000182051
 0.564624 0.303363 0.111486 0.0197234 0.00080311
 0.826376 0.0876187 0.0782897 0.00655872 0.00115652
ppred_RECLAS
 0.584007 0.122688 0.274168 0.0191364 7.37807e-07
 0.534525 0.274242 0.0564001 0.126036 0.00879741
 0.66596 0.181806 0.0896911 0.0184457 0.0440974
 0.811117 0.127397 0.0334643 0.0165091 0.011512
 0.739031 0.21383 0.0317938 0.00835151 0.00699308
 0.821841 0.13229 0.0375841 0.00558827 0.00269706
 0.55116 0.370904 0.0578702 0.0164412 0.00362443
 0.54131 0.261204 0.163194 0.0254624 0.00882868
 0.630768 0.201052 0.0957712 0.0598356 0.0125729
 0.797041 0.130454 0.0394802 0.0188064 0.0142187
 0.884969 0.093037 0.0141371 0.00427842 0.00357888
 0.813312 0.165509 0.0171291 0.00260279 0.00144661
 0.770486 0.188834 0.0360655 0.00373253 0.000882388
 0.732718 0.208736 0.0481696 0.00919993 0.00117722
 0.825146 0.131626 0.0337588 0.00779045 0.00167829
 0.961449 0.0322278 0.00476033 0.0012209 0.000342442
 0.469475 0.511177 0.0161747 0.00238914 0.000784621
 0.938703 0.0294057 0.030728 0.000972298 0.000190782
 0.680268 0.300788 0.00908778 0.00949643 0.000359448
 0.711295 0.199658 0.0837712 0.002531 0.00274492
 0.802539 0.142384 0.0380893 0.0159813 0.0010065
 0.812953 0.151209 0.025842 0.00691302 0.0030832
 0.393077 0.497688 0.0883055 0.0150916 0.00583774
 0.813965 0.0744498 0.0915019 0.0162353 0.00384795
 0.698396 0.246617 0.0220055 0.0270457 0.00593611
 0.493836 0.356202 0.122621 0.0109414 0.016399
 0.770067 0.114786 0.0810322 0.0278951 0.00621965
pobs_PELACES
 0 0 0 0 0
 0 0 0 0 0
 0 0 0 0 0
 0 0 0 0 0
 0 0 0 0 0
 0 0 0 0 0
 0 0 0 0 0
 0 0 0 0 0
 0 0 0 0 0
 0 0 0 0 0
 0 0 0 0 0
 0 0 0 0 0
 0 0 0 0 0
 0 0 0 0 0
 0 0 0 0 0
 0 0 0 0 0
 0.505614 0.472636 0.0217494 0 0
 0 0 0 0 0
 0.443492 0.261883 0.143347 0.151278 0
 0.227955 0.32914 0.350689 0.0885471 0.00366901
 0.970185 0.0296113 0.000203453 0 0
 0.997202 0.00247181 0.000326279 0 0
 0.445219 0.490057 0.0546422 0.010081 0
 0.90214 0.0892962 0.00764917 0.000914606 0
 0 0 0 0 0
 0.581667 0.319106 0.0959925 0.00289975 0.000334073
 0.762889 0.0836404 0.116647 0.0363945 0.000428098
ppred_PELACES
 0.51455 0.13723 0.325241 0.0229778 8.88063e-07
 0.470844 0.303068 0.0661042 0.149521 0.010462
 0.606546 0.207831 0.108741 0.022636 0.0542462
 0.771928 0.150549 0.0419413 0.0209431 0.0146394
 0.687534 0.253047 0.0399041 0.0106096 0.00890545
 0.782565 0.158874 0.0478711 0.00720455 0.00348556
 0.497664 0.410547 0.0679359 0.019536 0.00431713
 0.473708 0.291794 0.19335 0.030535 0.0106132
 0.571334 0.226569 0.114464 0.072386 0.0152469
 0.757795 0.152042 0.0488009 0.0235295 0.0178329
 0.856383 0.114718 0.0184875 0.00566318 0.00474873
 0.777945 0.195462 0.0214544 0.00329976 0.00183843
 0.728527 0.220924 0.0447505 0.00468779 0.00111091
 0.692412 0.236947 0.0579923 0.0112109 0.00143803
 0.791522 0.154512 0.0420289 0.00981711 0.00212003
 0.952184 0.0395579 0.00619702 0.00160874 0.000452319
 0.413364 0.563949 0.0189255 0.00282953 0.000931503
 0.921918 0.0363047 0.0402355 0.00128865 0.000253469
 0.630173 0.346532 0.0111041 0.0117448 0.00044563
 0.659709 0.230957 0.102774 0.00314297 0.00341689
 0.760678 0.169514 0.048094 0.0204248 0.00128948
 0.77478 0.179848 0.0325985 0.00882671 0.00394625
 0.33654 0.537931 0.101228 0.0175109 0.00679001
 0.76898 0.0890864 0.116124 0.0208551 0.00495487
 0.643678 0.287759 0.0272321 0.0338771 0.00745356
 0.430041 0.393722 0.143748 0.0129829 0.0195059
 0.719719 0.135539 0.101479 0.0353596 0.00790312
pobs_pel_tallas
 0 0 0 0 0 0 0 0 0 0 0 0 0 0 0 0 0 0 0 0 0 0 0 0 0 0
 0 0 0 0 0 0 0 0 0 0 0 0 0 0 0 0 0 0 0 0 0 0 0 0 0 0
 0 0 0 0 0 0 0 0 0 0 0 0 0 0 0 0 0 0 0 0 0 0 0 0 0 0
 0 0 0 0 0 0 0 0 0 0 0 0 0 0 0 0 0 0 0 0 0 0 0 0 0 0
 0 0 0 0 0 0 0 0 0 0 0 0 0 0 0 0 0 0 0 0 0 0 0 0 0 0
 0 0 0 0 0 0 0 0 0 0 0 0 0 0 0 0 0 0 0 0 0 0 0 0 0 0
 0 0 0 0 0 0 0 0 0 0 0 0 0 0 0 0 0 0 0 0 0 0 0 0 0 0
 0 0 0 0 0 0 0 0 0 0 0 0 0 0 0 0 0 0 0 0 0 0 0 0 0 0
 0 0 0 0 0 0 0 0 0 0 0 0 0 0 0 0 0 0 0 0 0 0 0 0 0 0
 0 0 0 0 0 0 0 0 0 0 0 0 0 0 0 0 0 0 0 0 0 0 0 0 0 0
 0 0 0 0 0 0 0 0 0 0 0 0 0 0 0 0 0 0 0 0 0 0 0 0 0 0
 0 0 0 0 0 0 0 0 0 0 0 0 0 0 0 0 0 0 0 0 0 0 0 0 0 0
 0.00862536 0 0 0.000197151 0.00414017 0.0128641 0.00837892 0.0270097 0.101434 0.158115 0.152841 0.127902 0.109271 0.109419 0.0830992 0.0579132 0.0238553 0.00714673 0.00463305 0.00128148 0.00103504 0.000492878 0.000147863 0.000147863 4.92878e-05 0
 0 0 0 0 0 0 0 0 0 0 0 0 0 0 0 0 0 0 0 0 0 0 0 0 0 0
 0 0 0 0 0 0 0 0.0054083 0.00873648 0.0413646 0.0450493 0.0745869 0.0622846 0.0627006 0.0613931 0.0827291 0.12552 0.122667 0.0946155 0.0697135 0.0546179 0.0294188 0.0215738 0.0213955 0.0102223 0.00600262
 0 0 0 0 0.00359764 0.0251062 0.0480494 0.140153 0.205849 0.193036 0.1447 0.116669 0.0760912 0.0342217 0.00950174 0.001854 0.000860785 0 0 0 0.000165536 0 0.000143464 0 0 0
 0 0 0 0 0 0 0 0.000145254 0.000435761 0.0275982 0.070085 0.0708112 0.156366 0.174668 0.174014 0.160142 0.0824315 0.0480064 0.0283245 0.00493863 0.00203355 0 0 0 0 0
 0 0 0 0 0 0 0 0 0 0 0 0 0 0 0 0 0 0 0 0 0 0 0 0 0 0
 0 0 1.00437e-05 0.000401748 0.00122533 0.00171747 0.00176769 0.0269171 0.070346 0.194647 0.189555 0.159765 0.064822 0.0314167 0.0384472 0.0292271 0.0345202 0.0313363 0.0194345 0.0106764 0.0143323 0.0359363 0.0279516 0.0138201 0.00172751 0
 0 0.0021121 0.0136068 0.0755702 0.200478 0.177729 0.0527432 0.0373336 0.0318909 0.0142505 0.0149659 0.0166563 0.0217959 0.0798694 0.0677717 0.0528807 0.04013 0.0224614 0.0357745 0.0225083 0.00881397 0.00855152 0.00135912 0.000746735 0 0
 0 0 0 0 5.4009e-05 0.00500934 0.000945158 0.0243581 0.138947 0.33067 0.221406 0.137944 0.0707744 0.0437923 0.0131692 0.00525238 0.0047753 0.00276346 9.45158e-05 9.00151e-06 2.25038e-05 9.00151e-06 4.50075e-06 0 0 0
 0.000866109 0.00284123 0.00948549 0.0512746 0.133035 0.25785 0.225252 0.132002 0.0553304 0.0519788 0.0540692 0.017754 0.00435017 0.00159236 0.00146478 0.000404838 0.000125132 0.000115318 0.000107957 0.000100596 0 0 0 0 0 0
 0 0 0 0 0.00144013 0.00171154 0.00461396 0.0210425 0.0478622 0.0707936 0.0888783 0.103762 0.0637923 0.0337046 0.0602308 0.124433 0.169614 0.0934646 0.0462172 0.0250306 0.0313229 0.00938855 0.002487 0.000210481 0 0
 0 0.00764035 0.051015 0.0998891 0.058973 0.0496711 0.0374665 0.0718981 0.12319 0.153886 0.159021 0.0857701 0.0377988 0.023471 0.0147837 0.00900784 0.00315554 0.000888139 0.00291439 0.00214683 0.00393193 0.00274676 0.000635225 9.99891e-05 0 0
 0 0 0 0 0 0 0 0 0 0 0 0 0 0 0 0 0 0 0 0 0 0 0 0 0 0
 0 0 0 0 0 0 0 0 0 0 0 0 0 0 0 0 0 0 0 0 0 0 0 0 0 0
 0 0 0 0 0 0 0 0 0 0 0 0 0 0 0 0 0 0 0 0 0 0 0 0 0 0
ppred_pel_tallas
 1.11726e-16 4.23829e-05 0.000411976 0.00273773 0.0124453 0.0387221 0.082502 0.120417 0.120431 0.0825692 0.0389491 0.013107 0.00442163 0.00416377 0.00738944 0.0127261 0.0196687 0.0275183 0.0354857 0.0430418 0.0499345 0.0557861 0.0597149 0.0604935 0.057238 0.0500829
 1.18751e-16 3.87829e-05 0.000376984 0.00250519 0.0113882 0.0354332 0.0754953 0.110194 0.110223 0.0756385 0.0359143 0.0127791 0.00600148 0.00802675 0.0146206 0.0242581 0.0353127 0.0452484 0.0515696 0.0532931 0.0515831 0.0489121 0.0473845 0.0475255 0.0482872 0.0479905
 1.14642e-16 4.99604e-05 0.000485633 0.0032272 0.0146704 0.0456452 0.0972526 0.141947 0.141967 0.0973513 0.0459767 0.0156299 0.00564253 0.00578154 0.0101769 0.0169288 0.0248189 0.0321479 0.0372266 0.0393232 0.0390733 0.0379344 0.0371335 0.0369555 0.0368131 0.0358403
 1.05827e-16 6.35827e-05 0.000618046 0.00410714 0.0186705 0.0580908 0.123769 0.180648 0.180662 0.12384 0.0583297 0.0193611 0.00584271 0.0044138 0.00729335 0.0120129 0.0174342 0.0222181 0.0250521 0.0253571 0.0236259 0.0210547 0.0187648 0.0172286 0.0162427 0.0152991
 1.03788e-16 5.66313e-05 0.000550476 0.00365811 0.0166293 0.0517399 0.110238 0.160901 0.160925 0.110357 0.0521402 0.0177857 0.00656128 0.00688962 0.0121004 0.019927 0.0287298 0.0361938 0.0399989 0.0390817 0.0342635 0.0276779 0.021475 0.0168118 0.0137138 0.011593
 1.02735e-16 6.44589e-05 0.000626563 0.00416373 0.0189277 0.0588913 0.125475 0.183137 0.183153 0.12555 0.0591434 0.0196563 0.00599453 0.00462964 0.00768588 0.0126534 0.018336 0.0232966 0.0261079 0.0261002 0.0237311 0.0202215 0.0167696 0.0139717 0.0117935 0.00992069
 1.04756e-16 4.0992e-05 0.000398457 0.00264789 0.0120369 0.0374516 0.0797961 0.116473 0.116513 0.0799895 0.0381012 0.0139134 0.00735883 0.0106854 0.0195863 0.0323377 0.0466328 0.0587542 0.0649332 0.0634266 0.0555379 0.0446942 0.0343573 0.0264039 0.0209152 0.0170151
 1.10513e-16 3.90187e-05 0.000379276 0.00252042 0.0114575 0.0356487 0.0759543 0.110863 0.110892 0.076093 0.0361152 0.0128081 0.00592234 0.00784476 0.014332 0.0239314 0.0351696 0.0456884 0.0530654 0.0561244 0.0554971 0.0529046 0.0498068 0.0465749 0.0427101 0.0376574
 1.13201e-16 4.706e-05 0.00045744 0.00303985 0.0138187 0.0429954 0.091607 0.133708 0.13373 0.0917145 0.0433568 0.0148649 0.00567354 0.00623277 0.0110928 0.01847 0.0270937 0.0351267 0.0407369 0.0431274 0.0429699 0.0417962 0.0408507 0.0403401 0.0395588 0.0375917
 1.06825e-16 6.24186e-05 0.000606731 0.00403194 0.0183286 0.0570272 0.121503 0.17734 0.177355 0.121575 0.0572688 0.0190269 0.00578741 0.00444791 0.00738435 0.0121809 0.0177137 0.0226497 0.0256827 0.02624 0.0248159 0.0225917 0.020651 0.0194109 0.0186114 0.0177062
 1.01935e-16 7.05391e-05 0.000685666 0.00455649 0.0207131 0.0644463 0.13731 0.200411 0.200422 0.137364 0.0646279 0.0212375 0.00587289 0.00356026 0.00553259 0.0090421 0.0130363 0.0164325 0.0181795 0.0177985 0.0156641 0.0127429 0.0100048 0.00796514 0.0066234 0.00570114
 1.01312e-16 6.40784e-05 0.000622865 0.00413915 0.018816 0.0585437 0.124734 0.182057 0.182076 0.124826 0.0588525 0.019708 0.00637759 0.00550762 0.00933588 0.0153188 0.0220282 0.0276307 0.0303019 0.0291977 0.024954 0.0192563 0.01384 0.00969607 0.00693841 0.0051769
 1.02007e-16 6.00079e-05 0.000583298 0.00387622 0.0176207 0.0548248 0.116811 0.170493 0.170515 0.116915 0.0551746 0.0186312 0.00641358 0.0061254 0.0105942 0.0174417 0.0251706 0.031756 0.0351667 0.0344501 0.0302758 0.0244441 0.0187788 0.0142776 0.0110145 0.00858636
 1.03102e-16 5.70331e-05 0.000554382 0.00368406 0.0167472 0.052107 0.11102 0.162042 0.162065 0.111132 0.0524825 0.0178323 0.00640961 0.00651045 0.0113868 0.0187815 0.0271593 0.0343808 0.0382947 0.0378935 0.0338826 0.0281437 0.0225509 0.0180811 0.014739 0.0120622
 1.02596e-16 6.51967e-05 0.000633735 0.00421139 0.0191444 0.0595654 0.126911 0.185233 0.185248 0.126984 0.0598104 0.0198525 0.0059905 0.00452286 0.00746698 0.0122821 0.0177821 0.0225618 0.0252291 0.0251356 0.0227383 0.0192455 0.0158448 0.0131313 0.0110705 0.00933929
 1.00427e-16 7.84301e-05 0.000762369 0.00506621 0.0230303 0.0716557 0.15267 0.222827 0.222831 0.152689 0.0717183 0.023211 0.00551998 0.00175313 0.00196057 0.00311842 0.00448768 0.00564971 0.0062359 0.00607753 0.00530068 0.00423735 0.00322409 0.00244518 0.00191118 0.00153877
 1.01132e-16 3.40484e-05 0.000330962 0.00219936 0.00999803 0.0311079 0.0662806 0.0967498 0.0968041 0.0665456 0.0319975 0.0125665 0.00864156 0.014378 0.0266638 0.0439005 0.06294 0.0785226 0.0853103 0.0808411 0.0670285 0.0489439 0.0318948 0.0190419 0.0109058 0.00637277
 1.01343e-16 7.59371e-05 0.000738136 0.00490517 0.0222982 0.069378 0.147817 0.215744 0.215748 0.147835 0.0694366 0.022468 0.00533391 0.00168261 0.00189459 0.00307669 0.0045747 0.00606322 0.00725379 0.00799335 0.00831566 0.00835134 0.00818171 0.00777549 0.00705387 0.00600442
 1.01663e-16 5.19066e-05 0.00050455 0.00335292 0.0152419 0.0474234 0.101042 0.14748 0.147514 0.101205 0.0479701 0.0168203 0.00731222 0.00913838 0.0164217 0.026995 0.0387162 0.0483408 0.0526044 0.0500149 0.0417656 0.0309756 0.0208844 0.0133822 0.00871586 0.00612723
 1.03919e-16 5.43394e-05 0.000528198 0.00351006 0.0159563 0.0496459 0.105777 0.154389 0.154411 0.105886 0.0500134 0.0170189 0.00618257 0.00637905 0.011215 0.0185811 0.0270539 0.0346243 0.0392522 0.0399472 0.0372804 0.0328563 0.0282164 0.0240791 0.0203731 0.0167691
 1.03698e-16 6.2656e-05 0.000609039 0.00404728 0.0183984 0.0572442 0.121965 0.178016 0.178032 0.122045 0.0575131 0.0191757 0.00600068 0.00488038 0.00819557 0.0135048 0.0195784 0.0248968 0.0279528 0.0280529 0.0257074 0.0222303 0.0188872 0.0162692 0.014267 0.0124677
 1.0254e-16 6.38176e-05 0.00062033 0.00412231 0.0187394 0.0583055 0.124227 0.181316 0.181333 0.124311 0.0585901 0.0195618 0.00618719 0.00513005 0.00863476 0.0141903 0.020474 0.0258285 0.028608 0.0280543 0.0247374 0.0201479 0.015783 0.0124403 0.0101326 0.00846108
 1.05964e-16 2.77205e-05 0.000269453 0.00179061 0.00813989 0.0253265 0.0539627 0.078771 0.0788229 0.0542162 0.0261779 0.0105997 0.00796692 0.0137586 0.025664 0.0424305 0.0612281 0.0772194 0.0854724 0.0836898 0.0735402 0.0594544 0.045908 0.0353299 0.0278479 0.0223855
 1.06304e-16 6.33399e-05 0.000615686 0.00409145 0.0185991 0.0578689 0.123296 0.179956 0.179965 0.123339 0.0580133 0.0190183 0.00515158 0.00295679 0.00458833 0.00769123 0.0115549 0.0155385 0.0190074 0.0216349 0.0235028 0.0248533 0.0257258 0.0258309 0.0247682 0.022369
 1.05519e-16 5.30189e-05 0.000515363 0.00342477 0.0155685 0.0484396 0.103207 0.150639 0.150667 0.103342 0.0488944 0.0168821 0.00672161 0.00771132 0.0137169 0.022588 0.0325276 0.0409053 0.0450931 0.0439204 0.0383929 0.0310247 0.0243251 0.0196037 0.0167902 0.0150467
 1.08852e-16 3.5422e-05 0.000344314 0.00228809 0.0104013 0.0323627 0.0689535 0.100648 0.100686 0.0691397 0.0329882 0.0122098 0.00683427 0.0102909 0.0189908 0.0315096 0.0457835 0.0584015 0.0658798 0.0665752 0.061582 0.0538193 0.0461022 0.0397557 0.0345945 0.0298245
 1.07847e-16 5.92823e-05 0.000576245 0.00382935 0.0174077 0.0541619 0.115398 0.16843 0.168443 0.115463 0.0543791 0.018037 0.00541584 0.00406241 0.00674762 0.011239 0.0166029 0.0217634 0.0256542 0.0277813 0.0284529 0.0284165 0.0282191 0.027839 0.0268349 0.0247872
pSPR Fmed_Fpbrs
0.486298   0.207863 0.207863
Fs Fmed_Fpbrs
0.402795   1.005 1.005
SSBpbr Bo_Bmed_Bpbrs
1.4495e+06  632413  228822 228822
Ro
133019
SPR SPRFo_SPRFmed_SPRFpbrs
945035 459569 196438
Fref
1.005
log_Ro
11.6182
likeval ReclasPelacesDesembMPH_pf_preclas_ppelaces_ptallas_desvR_qrecl_qpela
 11.8022 16.0254 0.0302167 0.00081949 192.239 80.8781 58.1885 0 21.418 6.48472e-06 3.026e-05 0.152656 0 0 0
q_reclas_q_pelaces
1.43455 2.18718
M
1
N
 166410 35710.9 79802.4 5570.05 0.214754
 95996.4 51220.9 10534 23540.1 1643.11
 89605.8 25423.5 12542.3 2579.42 6166.51
 143829 23863 6268.28 3092.35 2156.35
 113420 33421.3 4969.33 1305.33 1093.01
 215601 35804.3 10172.1 1512.47 729.96
 84249.9 61068 9528.11 2706.98 596.748
 34018 16628.4 10389.1 1620.95 562.039
 33453.6 11230.5 5349.64 3342.33 702.304
 45200.4 7968.78 2411.65 1148.79 868.549
 83517.3 8919.1 1355.27 410.155 343.094
 124229 26936.5 2787.74 423.602 235.435
 103158 26850.9 5128.26 530.74 125.47
 72413.7 22913.8 5287.77 1009.91 129.228
 64109.3 11044.3 2832.58 653.669 140.82
 348542 12376.6 1828.13 468.868 131.509
 69701.7 79078.4 2502.2 369.597 121.38
 559317 18166.4 18983.2 600.669 117.862
 326101 151951 4590.94 4797.38 181.585
 262444 77298 32432.2 979.882 1062.7
 350221 64503.7 17255.5 7239.93 455.972
 482901 94157.3 16091.7 4304.7 1919.89
 91722.3 119637 21227.4 3627.81 1403.31
 280501 26299.2 32322.8 5735.08 1359.27
 231500 83854.1 7482.24 9195.99 2018.38
 93358.3 68803.5 23685.4 2113.43 3167.61
 186965 28676.8 20244.2 6969 1553.85
pred_Ctot
 17431.1 4554.46 10177.8 710.388 0.0273891
 17456 11189.3 2301.17 5142.38 358.942
 16054 5474.64 2700.82 555.445 1327.88
 34756.7 6852.18 1799.91 887.957 619.187
 10301.2 3704.52 550.815 144.687 121.152
 32028.2 6427.42 1826.06 271.512 131.039
 25948.6 22066.7 3442.95 978.158 215.633
 2225.91 1333.5 833.142 129.991 45.0723
 7720.74 3086.08 1470.05 918.455 192.989
 13925.6 2880.29 871.682 415.226 313.934
 6578.81 859.166 130.552 39.5097 33.0498
 33808.3 8660.58 896.311 136.196 75.6966
 26909.3 8292.7 1583.83 163.915 38.7504
 28734.4 10475.5 2417.41 461.703 59.0792
 20280.2 4092.15 1049.53 242.199 52.1768
 87801.1 3697.61 546.169 140.078 39.2895
 13209.2 17978.7 568.884 84.0292 27.5961
 94766.8 3705.88 3872.52 122.535 24.0435
 75968 42130.8 1272.91 1330.15 50.3472
 56888.3 20001.9 8392.26 253.558 274.988
 61131 13543.6 3623.06 1520.14 95.7387
 102925 23972.9 4097.03 1096 488.815
 13052.3 20595.5 3654.29 624.527 241.58
 33792 3847.26 4728.44 838.975 198.846
 28604.8 12575.1 1122.07 1379.07 302.685
 9883.25 8866.81 3052.37 272.361 408.214
 25671.3 4767.47 3365.57 1158.59 258.325
F
 0.178308 0.22085 0.22085 0.22085 0.22085
 0.328635 0.407043 0.407043 0.407043 0.407043
 0.32309 0.400174 0.400174 0.400174 0.400174
 0.459432 0.569046 0.569046 0.569046 0.569046
 0.15303 0.189541 0.189541 0.189541 0.189541
 0.261444 0.32382 0.32382 0.32382 0.32382
 0.622674 0.771234 0.771234 0.771234 0.771234
 0.108256 0.134084 0.134084 0.134084 0.134084
 0.434627 0.538323 0.538323 0.538323 0.538323
 0.622912 0.77153 0.77153 0.77153 0.77153
 0.131571 0.162962 0.162962 0.162962 0.162962
 0.531829 0.658716 0.658716 0.658716 0.658716
 0.504528 0.624902 0.624902 0.624902 0.624902
 0.880481 1.09055 1.09055 1.09055 1.09055
 0.644786 0.798622 0.798622 0.798622 0.798622
 0.48332 0.598633 0.598633 0.598633 0.598633
 0.344653 0.426882 0.426882 0.426882 0.426882
 0.303157 0.375486 0.375486 0.375486 0.375486
 0.43954 0.544408 0.544408 0.544408 0.544408
 0.403314 0.499539 0.499539 0.499539 0.499539
 0.313599 0.38842 0.38842 0.38842 0.38842
 0.395349 0.489674 0.489674 0.489674 0.489674
 0.249229 0.308691 0.308691 0.308691 0.308691
 0.207498 0.257004 0.257004 0.257004 0.257004
 0.213323 0.264219 0.264219 0.264219 0.264219
 0.180357 0.223387 0.223387 0.223387 0.223387
 0.23955 0.296703 0.296703 0.296703 0.296703
nmprior
 8 8 7 0
nm_flota  nm_reclas  nm_pelaces    nm_pelaL
inf 11.6014 12.6193 9.79333
cv_recla  cv_pelaces  cv_mph
0.343543 0.537083 0.88344
 ------------------------------------------------
Talla a la edad & desviación 
 8 13.2811 15.8009 17.003 17.5766
 0.8 1.32811 1.58009 1.7003 1.75766
