years
 1991 1992 1993 1994 1995 1996 1997 1998 1999 2000 2001 2002 2003 2004 2005 2006 2007 2008 2009 2010 2011 2012 2013 2014 2015 2016 2017 2018
reclasobs
 0 0 0 0 0 0 0 0 0 252601 567819 844713 477998 351125 339783 2.1784e+06 2.13404e+06 4.81314e+06 1.55562e+06 2.62356e+06 3.21686e+06 3.843e+06 1.13348e+06 3.07943e+06 1.97215e+06 2.03268e+06 2.025e+06 2.42433e+06
reclaspred
 3.29639e+06 1.84226e+06 927130 925941 918706 1.49387e+06 915088 797441 577050 413349 500957 655593 641852 489436 489678 1.39916e+06 1.33312e+06 3.04948e+06 2.53285e+06 1.94356e+06 3.42542e+06 2.74459e+06 2.14956e+06 3.31395e+06 2.49648e+06 2.19717e+06 2.33066e+06 2.33876e+06
pelacesobs
 0 0 0 0 0 0 0 0 0 0 0 0 0 0 0 552880 188675 0 991730 2.46772e+06 1.41603e+06 1.21717e+06 2.29649e+06 1.80582e+06 0 1.4828e+06 1.56532e+06 1.57751e+06
pelacespred
 1.50092e+06 929241 466133 381054 397424 667713 373066 410275 282374 190269 241272 262363 282864 224534 232123 557782 533858 1.41212e+06 1.207e+06 856320 1.47162e+06 1.28042e+06 1.00115e+06 1.68944e+06 1.22394e+06 1.07462e+06 1.29071e+06 1.28546e+06
mphobs
 0 0 0 0 0 0 0 0 0 0 0 498337 0 5186 125008 0 168611 109162 213762 579715 649985 157893 87575 83554 0 0 0 0
mphpred
 2.85053e+06 1.90437e+06 944334 512776 556434 635546 850699 508307 450898 302700 196680 339867 364278 304118 198195 252278 922108 861899 1.73262e+06 1.31736e+06 1.46092e+06 1.79184e+06 1.67213e+06 1.36331e+06 1.90319e+06 1.57766e+06 1.28678e+06 1.20805e+06
desembarqueobs
 494567 514787 250237 358949 120608 361735 552515 73892 212993 205616 52469 317467 293654 387597 252695 516296 358380 742168 942051 627588 828172 859565 418607 520667 417249 300574 407403 355545
desembarquepred
 494575 513630 250804 358977 120613 361746 552555 73896.5 213045 205663 52471.6 317529 293699 387619 252686 516252 358405 742074 941833 627447 828219 859550 418608 520683 417241 300568 407398 355543
Reclutas
 188973 109227 104122 173826 137807 243782 99838.3 43685.5 41876.3 56295.6 104753 141889 117868 82245 79922.2 462375 93105.4 697514 413807 334407 466229 616798 127691 380521 325566 142054 266698 301774
log_desv_Rt
 0.101352 -0.446825 -0.494687 0.0178049 -0.214393 0.356024 -0.536698 -1.36323 -1.40553 -1.10963 -0.488646 -0.185202 -0.37068 -0.730546 -0.759195 0.996127 -0.606517 1.40727 0.88515 0.672108 1.00443 1.28429 -0.290634 0.801292 0.645317 -0.184045 0.445866 0.569429
SSB
 2.85053e+06 1.90437e+06 944334 512776 556434 635546 850699 508307 450898 302700 196680 339867 364278 304118 198195 252278 922108 861899 1.73262e+06 1.31736e+06 1.46092e+06 1.79184e+06 1.67213e+06 1.36331e+06 1.90319e+06 1.57766e+06 1.28678e+06 1.20805e+06
BT
 3.87785e+06 2.64914e+06 1.32205e+06 1.17918e+06 1.01148e+06 1.84879e+06 1.3531e+06 1.01174e+06 862458 637293 601579 870735 919481 921724 788590 1.7024e+06 1.51039e+06 3.91368e+06 3.68813e+06 2.53093e+06 4.06779e+06 3.75371e+06 2.67436e+06 4.38215e+06 3.2056e+06 2.74449e+06 3.39435e+06 3.32511e+06
Ftot
 0.146239 0.267122 0.261056 0.38833 0.132392 0.249129 0.569372 0.0931722 0.364923 0.486291 0.111075 0.482937 0.455382 0.768499 0.528584 0.393284 0.263235 0.256812 0.369383 0.323425 0.24613 0.31579 0.190936 0.164003 0.167307 0.136131 0.179856 0.158666
BD_Bspro_t
 0.976873 0.831944 0.661127 0.565815 0.55501 0.634148 0.629432 0.45581 0.511765 0.463442 0.427232 0.648767 0.530052 0.437747 0.325578 0.383433 0.583316 0.553438 0.654967 0.560332 0.539157 0.586174 0.597601 0.588127 0.694362 0.703498 0.707624 0.722238
BD_Bspro
 2.35428 1.57284 0.779934 0.423507 0.459564 0.524903 0.7026 0.419815 0.372401 0.250002 0.16244 0.280699 0.300861 0.251174 0.163691 0.208359 0.761577 0.71185 1.43099 1.08802 1.20659 1.47989 1.38102 1.12597 1.57186 1.303 1.06276 0.99774
BD_Bo
 1.56984 1.04877 0.520062 0.282395 0.306439 0.350007 0.468495 0.279934 0.248318 0.166702 0.108315 0.187171 0.200615 0.167483 0.10915 0.138934 0.507822 0.474664 0.954187 0.725492 0.804555 0.986797 0.920871 0.750801 1.04812 0.868845 0.708654 0.665296
BD_Brms
 10.4612 6.98888 3.46563 1.88185 2.04207 2.3324 3.12199 1.86544 1.65476 1.11088 0.721798 1.24728 1.33687 1.11609 0.72736 0.92584 3.38406 3.1631 6.35858 4.83459 5.36145 6.57588 6.13656 5.00324 6.98455 5.78987 4.72238 4.43344
Sel_flota
 0.848054 1 1 1 1
 0.848054 1 1 1 1
 0.848054 1 1 1 1
 0.848054 1 1 1 1
 0.848054 1 1 1 1
 0.848054 1 1 1 1
 0.848054 1 1 1 1
 0.848054 1 1 1 1
 0.848054 1 1 1 1
 0.848054 1 1 1 1
 0.848054 1 1 1 1
 0.848054 1 1 1 1
 0.848054 1 1 1 1
 0.848054 1 1 1 1
 0.848054 1 1 1 1
 0.848054 1 1 1 1
 0.848054 1 1 1 1
 0.848054 1 1 1 1
 0.848054 1 1 1 1
 0.848054 1 1 1 1
 0.848054 1 1 1 1
 0.848054 1 1 1 1
 0.848054 1 1 1 1
 0.848054 1 1 1 1
 0.848054 1 1 1 1
 0.848054 1 1 1 1
 0.848054 1 1 1 1
 0.848054 1 1 1 1
Sel_reclas
 1 1 1 1 1
 1 1 1 1 1
 1 1 1 1 1
 1 1 1 1 1
 1 1 1 1 1
 1 1 1 1 1
 1 1 1 1 1
 1 1 1 1 1
 1 1 1 1 1
 1 1 1 1 1
 1 1 1 1 1
 1 1 1 1 1
 1 1 1 1 1
 1 1 1 1 1
 1 1 1 1 1
 1 1 1 1 1
 1 1 1 1 1
 1 1 1 1 1
 1 1 1 1 1
 1 1 1 1 1
 1 1 1 1 1
 1 1 1 1 1
 1 1 1 1 1
 1 1 1 1 1
 1 1 1 1 1
 1 1 1 1 1
 1 1 1 1 1
 1 1 1 1 1
Sel_pelaces
 1 1 1 1 1
 1 1 1 1 1
 1 1 1 1 1
 1 1 1 1 1
 1 1 1 1 1
 1 1 1 1 1
 1 1 1 1 1
 1 1 1 1 1
 1 1 1 1 1
 1 1 1 1 1
 1 1 1 1 1
 1 1 1 1 1
 1 1 1 1 1
 1 1 1 1 1
 1 1 1 1 1
 1 1 1 1 1
 1 1 1 1 1
 1 1 1 1 1
 1 1 1 1 1
 1 1 1 1 1
 1 1 1 1 1
 1 1 1 1 1
 1 1 1 1 1
 1 1 1 1 1
 1 1 1 1 1
 1 1 1 1 1
 1 1 1 1 1
 1 1 1 1 1
pf_obs 
 0.8446 0.082 0.0669 0.0065 0
 0.8095 0.147 0.0364 0.0071 0
 0.9664 0.0169 0.016 0.0007 0
 0.9276 0.0648 0.0075 0.0001 0
 0.7033 0.2144 0.0806 0.0017 0
 0.9318 0.0425 0.0243 0.0014 0
 0.5671 0.3108 0.0964 0.0239 0.0018
 0.0768 0.2599 0.5324 0.112 0.0189
 0.490249 0.384438 0.106611 0.0170017 0.00170017
 0.7925 0.1577 0.0466 0.003 0.0002
 0.840416 0.127587 0.0312969 0.00059994 9.999e-05
 0.8084 0.0986 0.0794 0.0134 0.0002
 0.7335 0.1905 0.0724 0.0035 0.0001
 0.4001 0.4547 0.1325 0.0127 0
 0.49795 0.308269 0.164784 0.0264974 0.00249975
 0.9179 0.0499 0.0305 0.0017 0
 0.2467 0.6533 0.0926 0.0074 0
 0.9418 0.0223 0.034 0.0019 0
 0.707729 0.231977 0.0356964 0.0245975 0
 0.517169 0.277429 0.184464 0.0207286 0.00020938
 0.811772 0.124168 0.05621 0.00726502 0.000585176
 0.764997 0.148141 0.077277 0.00933861 0.000247198
 0.163321 0.427699 0.378323 0.0303852 0.000271297
 0.753843 0.0900009 0.118128 0.0371064 0.000921714
 0.721811 0.176058 0.0630433 0.0369309 0.00215725
 0.143369 0.312575 0.442814 0.0836902 0.0175525
 0.692698 0.0596174 0.167031 0.0765114 0.00414204
 0.394062 0.376323 0.152708 0.0712218 0.00568511
pf_pred 
 0.472596 0.125972 0.378061 0.0233698 8.0528e-07
 0.442163 0.288434 0.0643481 0.193118 0.0119379
 0.578038 0.206427 0.111444 0.0248625 0.0792283
 0.753856 0.15341 0.0453665 0.024492 0.0228761
 0.669027 0.261202 0.0434847 0.0128593 0.0134267
 0.766059 0.165379 0.0541087 0.00900796 0.00544521
 0.490184 0.406823 0.0728085 0.0238215 0.00636306
 0.472494 0.287348 0.191641 0.0342977 0.014219
 0.557616 0.228159 0.116695 0.0778274 0.0197031
 0.724682 0.16681 0.0559628 0.0286229 0.0239223
 0.833011 0.127683 0.0238145 0.00798947 0.00750156
 0.751271 0.212894 0.0273997 0.00511036 0.00332423
 0.700193 0.236375 0.0542932 0.00698757 0.00215103
 0.646889 0.261952 0.0718721 0.0165083 0.00277867
 0.756077 0.170601 0.054393 0.0149239 0.00400486
 0.944313 0.0441851 0.00804453 0.00256485 0.000892566
 0.385785 0.58596 0.0224189 0.00408167 0.00175424
 0.904395 0.0412423 0.0518618 0.00198424 0.000516522
 0.615118 0.353891 0.013369 0.0168114 0.000810641
 0.632005 0.243252 0.114698 0.00433298 0.00571143
 0.743678 0.17327 0.054899 0.025886 0.0022669
 0.748637 0.195489 0.0377696 0.0119669 0.0061368
 0.330836 0.524177 0.112759 0.0217856 0.0104423
 0.752341 0.0922066 0.121771 0.0261948 0.00748681
 0.642359 0.280488 0.0287249 0.0379349 0.0104927
 0.443798 0.379638 0.138474 0.0141812 0.0239083
 0.705539 0.143646 0.10294 0.0375476 0.010328
 0.694721 0.226429 0.0384649 0.0275648 0.01282
pobs_RECLAS
 0 0 0 0 0
 0 0 0 0 0
 0 0 0 0 0
 0 0 0 0 0
 0 0 0 0 0
 0 0 0 0 0
 0 0 0 0 0
 0 0 0 0 0
 0 0 0 0 0
 0 0 0 0 0
 0.991045 0.00858322 0.000360255 1.14367e-05 0
 0.934742 0.0480273 0.0164251 0.00080598 0
 0.827803 0.169806 0.00239088 0 0
 0.941827 0.0461693 0.0120037 0 0
 0.791401 0.0380133 0.147996 0.0225897 0
 0.846168 0.0940531 0.0597789 0 0
 0.134021 0.677848 0.182769 0.00536245 0
 0.80878 0.0450904 0.141981 0.00414843 0
 0.846168 0.0940531 0.0597789 0 0
 0.905697 0.0802665 0.012482 0.00150086 5.37128e-05
 0.989698 0.0102097 9.19794e-05 0 0
 0.975433 0.0193895 0.00387452 0.00125025 5.28907e-05
 0.303575 0.632131 0.0575291 0.00676475 0
 0.966965 0.00978017 0.0227588 0.000495775 0
 0.843318 0.132988 0.00938335 0.0141283 0.000182051
 0.564624 0.303363 0.111486 0.0197234 0.00080311
 0.826376 0.0876187 0.0782897 0.00655872 0.00115652
 0.89761 0.0855135 0.0140674 0.00269457 0.000114338
ppred_RECLAS
 0.514282 0.116016 0.348179 0.0215226 7.41631e-07
 0.484139 0.26673 0.059506 0.178586 0.0110396
 0.618583 0.186592 0.100735 0.0224735 0.0716156
 0.784245 0.13447 0.0397655 0.0214681 0.0200517
 0.704838 0.232941 0.0387797 0.011468 0.0119739
 0.794912 0.144982 0.0474354 0.007897 0.00477365
 0.533982 0.371873 0.0665535 0.021775 0.0058164
 0.51398 0.264749 0.17657 0.0316004 0.0131007
 0.599242 0.20669 0.105714 0.0705044 0.0178492
 0.757908 0.146679 0.0492091 0.0251686 0.0210353
 0.854887 0.110957 0.0206948 0.00694286 0.00651887
 0.78224 0.186388 0.0239882 0.00447409 0.00291035
 0.735159 0.208807 0.047961 0.00617262 0.00190015
 0.68699 0.232203 0.0637099 0.0146336 0.00246311
 0.786795 0.149117 0.0475431 0.0130445 0.00350051
 0.952669 0.0375547 0.00683737 0.00217997 0.000758628
 0.426484 0.547134 0.0209334 0.00381122 0.001638
 0.918023 0.0353636 0.0444695 0.00170141 0.000442897
 0.654704 0.317492 0.011994 0.0150823 0.000727265
 0.670581 0.217753 0.102675 0.00387876 0.00511271
 0.774469 0.152456 0.0483042 0.0227764 0.00199459
 0.779232 0.171695 0.0331725 0.0105104 0.00538986
 0.368929 0.494338 0.10634 0.0205454 0.00984785
 0.782158 0.0811053 0.10711 0.023041 0.00658543
 0.679794 0.25113 0.0257182 0.0339642 0.00939446
 0.485242 0.35135 0.128156 0.0131245 0.0221268
 0.739086 0.12728 0.0912119 0.0332699 0.00915139
 0.72896 0.201034 0.0341509 0.0244732 0.0113821
pobs_PELACES
 0 0 0 0 0
 0 0 0 0 0
 0 0 0 0 0
 0 0 0 0 0
 0 0 0 0 0
 0 0 0 0 0
 0 0 0 0 0
 0 0 0 0 0
 0 0 0 0 0
 0 0 0 0 0
 0 0 0 0 0
 0 0 0 0 0
 0 0 0 0 0
 0 0 0 0 0
 0 0 0 0 0
 0 0 0 0 0
 0.505614 0.472636 0.0217494 0 0
 0 0 0 0 0
 0.443492 0.261883 0.143347 0.151278 0
 0.227955 0.32914 0.350689 0.0885471 0.00366901
 0.970185 0.0296113 0.000203453 0 0
 0.997202 0.00247181 0.000326279 0 0
 0.445219 0.490057 0.0546422 0.010081 0
 0.90214 0.0892962 0.00764917 0.000914606 0
 0 0 0 0 0
 0.581667 0.319106 0.0959925 0.00289975 0.000334073
 0.762889 0.0836404 0.116647 0.0363945 0.000428098
 0.88444 0.0763242 0.0277011 0.0115352 0
ppred_PELACES
 0.516114 0.115578 0.346866 0.0214415 7.38835e-07
 0.487484 0.265 0.0591201 0.177428 0.010968
 0.621667 0.185084 0.0999209 0.0222919 0.0710366
 0.787522 0.132427 0.0391616 0.0211421 0.0197472
 0.706217 0.231852 0.0385985 0.0114144 0.011918
 0.796941 0.143548 0.0469661 0.00781887 0.00472642
 0.541079 0.36621 0.0655399 0.0214434 0.00572782
 0.515147 0.264113 0.176146 0.0315245 0.0130693
 0.603628 0.204428 0.104557 0.0697327 0.0176538
 0.762354 0.143985 0.0483054 0.0247064 0.020649
 0.855576 0.11043 0.0205965 0.00690987 0.00648789
 0.786336 0.182881 0.0235369 0.00438992 0.00285559
 0.739581 0.205321 0.0471603 0.00606956 0.00186843
 0.695216 0.226101 0.0620356 0.014249 0.00239838
 0.791207 0.146031 0.0465592 0.0127745 0.00342807
 0.953551 0.0368554 0.00671006 0.00213938 0.000744502
 0.429715 0.544051 0.0208154 0.00378974 0.00162877
 0.918987 0.0349478 0.0439466 0.0016814 0.00043769
 0.658879 0.313653 0.0118489 0.0149 0.000718471
 0.674154 0.215391 0.101561 0.0038367 0.00505726
 0.776617 0.151004 0.0478441 0.0225595 0.00197559
 0.781944 0.169586 0.032765 0.0103813 0.00532365
 0.371161 0.492589 0.105964 0.0204728 0.00981302
 0.783556 0.0805848 0.106423 0.0228932 0.00654317
 0.681617 0.2497 0.0255718 0.0337708 0.00934096
 0.486947 0.350186 0.127732 0.013081 0.0220535
 0.740822 0.126434 0.0906052 0.0330487 0.00909053
 0.730529 0.19987 0.0339532 0.0243316 0.0113163
pobs_pel_tallas
 0 0 0 0 0 0 0 0 0 0 0 0 0 0 0 0 0 0 0 0 0 0 0 0 0 0
 0 0 0 0 0 0 0 0 0 0 0 0 0 0 0 0 0 0 0 0 0 0 0 0 0 0
 0 0 0 0 0 0 0 0 0 0 0 0 0 0 0 0 0 0 0 0 0 0 0 0 0 0
 0 0 0 0 0 0 0 0 0 0 0 0 0 0 0 0 0 0 0 0 0 0 0 0 0 0
 0 0 0 0 0 0 0 0 0 0 0 0 0 0 0 0 0 0 0 0 0 0 0 0 0 0
 0 0 0 0 0 0 0 0 0 0 0 0 0 0 0 0 0 0 0 0 0 0 0 0 0 0
 0 0 0 0 0 0 0 0 0 0 0 0 0 0 0 0 0 0 0 0 0 0 0 0 0 0
 0 0 0 0 0 0 0 0 0 0 0 0 0 0 0 0 0 0 0 0 0 0 0 0 0 0
 0 0 0 0 0 0 0 0 0 0 0 0 0 0 0 0 0 0 0 0 0 0 0 0 0 0
 0 0 0 0 0 0 0 0 0 0 0 0 0 0 0 0 0 0 0 0 0 0 0 0 0 0
 0 0 0 0 0 0 0 0 0 0 0 0 0 0 0 0 0 0 0 0 0 0 0 0 0 0
 0 0 0 0 0 0 0 0 0 0 0 0 0 0 0 0 0 0 0 0 0 0 0 0 0 0
 0.00862536 0 0 0.000197151 0.00414017 0.0128641 0.00837892 0.0270097 0.101434 0.158115 0.152841 0.127902 0.109271 0.109419 0.0830992 0.0579132 0.0238553 0.00714673 0.00463305 0.00128148 0.00103504 0.000492878 0.000147863 0.000147863 4.92878e-05 0
 0 0 0 0 0 0 0 0 0 0 0 0 0 0 0 0 0 0 0 0 0 0 0 0 0 0
 0 0 0 0 0 0 0 0.0054083 0.00873648 0.0413646 0.0450493 0.0745869 0.0622846 0.0627006 0.0613931 0.0827291 0.12552 0.122667 0.0946155 0.0697135 0.0546179 0.0294188 0.0215738 0.0213955 0.0102223 0.00600262
 0 0 0 0 0.00359764 0.0251062 0.0480494 0.140153 0.205849 0.193036 0.1447 0.116669 0.0760912 0.0342217 0.00950174 0.001854 0.000860785 0 0 0 0.000165536 0 0.000143464 0 0 0
 0 0 0 0 0 0 0 0.000145254 0.000435761 0.0275982 0.070085 0.0708112 0.156366 0.174668 0.174014 0.160142 0.0824315 0.0480064 0.0283245 0.00493863 0.00203355 0 0 0 0 0
 0 0 0 0 0 0 0 0 0 0 0 0 0 0 0 0 0 0 0 0 0 0 0 0 0 0
 0 0 1.00437e-05 0.000401748 0.00122533 0.00171747 0.00176769 0.0269171 0.070346 0.194647 0.189555 0.159765 0.064822 0.0314167 0.0384472 0.0292271 0.0345202 0.0313363 0.0194345 0.0106764 0.0143323 0.0359363 0.0279516 0.0138201 0.00172751 0
 0 0.0021121 0.0136068 0.0755702 0.200478 0.177729 0.0527432 0.0373336 0.0318909 0.0142505 0.0149659 0.0166563 0.0217959 0.0798694 0.0677717 0.0528807 0.04013 0.0224614 0.0357745 0.0225083 0.00881397 0.00855152 0.00135912 0.000746735 0 0
 0 0 0 0 5.4009e-05 0.00500934 0.000945158 0.0243581 0.138947 0.33067 0.221406 0.137944 0.0707744 0.0437923 0.0131692 0.00525238 0.0047753 0.00276346 9.45158e-05 9.00151e-06 2.25038e-05 9.00151e-06 4.50075e-06 0 0 0
 0.000866109 0.00284123 0.00948549 0.0512746 0.133035 0.25785 0.225252 0.132002 0.0553304 0.0519788 0.0540692 0.017754 0.00435017 0.00159236 0.00146478 0.000404838 0.000125132 0.000115318 0.000107957 0.000100596 0 0 0 0 0 0
 0 0 0 0 0.00144013 0.00171154 0.00461396 0.0210425 0.0478622 0.0707936 0.0888783 0.103762 0.0637923 0.0337046 0.0602308 0.124433 0.169614 0.0934646 0.0462172 0.0250306 0.0313229 0.00938855 0.002487 0.000210481 0 0
 0 0.00764035 0.051015 0.0998891 0.058973 0.0496711 0.0374665 0.0718981 0.12319 0.153886 0.159021 0.0857701 0.0377988 0.023471 0.0147837 0.00900784 0.00315554 0.000888139 0.00291439 0.00214683 0.00393193 0.00274676 0.000635225 9.99891e-05 0 0
 0 0 0 0 0 0 0 0 0 0 0 0 0 0 0 0 0 0 0 0 0 0 0 0 0 0
 0 0 0 0 0 0 0 0 0 0 0 0 0 0 0 0 0 0 0 0 0 0 0 0 0 0
 0 0 0 0 0 0 0 0 0 0 0 0 0 0 0 0 0 0 0 0 0 0 0 0 0 0
 0 0 0 0 0 0 0 0 0 0 0 0 0 0 0 0 0 0 0 0 0 0 0 0 0 0
ppred_pel_tallas
 1.1219e-16 4.25116e-05 0.000413228 0.00274605 0.0124831 0.0388397 0.0827526 0.120782 0.120794 0.0828098 0.0390333 0.0130487 0.00419045 0.00364814 0.00642527 0.011177 0.0175415 0.025059 0.0331755 0.0414552 0.0495177 0.056678 0.0617067 0.0631325 0.0600028 0.052545
 1.21424e-16 4.01535e-05 0.000390306 0.00259372 0.0117907 0.0366854 0.0781631 0.114087 0.114112 0.0782884 0.0371065 0.0130084 0.00565576 0.00709411 0.012832 0.0213177 0.0311262 0.0401009 0.0461513 0.0485205 0.0483046 0.0476652 0.0483147 0.0504411 0.0527614 0.0534488
 1.17188e-16 5.12059e-05 0.00049774 0.00330766 0.0150361 0.0467831 0.099677 0.145485 0.145503 0.0997649 0.0470786 0.0158914 0.00546115 0.00522162 0.00909073 0.0151295 0.0222259 0.0288938 0.033675 0.0359743 0.0364105 0.0363081 0.0367327 0.0378388 0.038932 0.0390298
 1.06627e-16 6.48671e-05 0.000630532 0.00419011 0.0190476 0.0592643 0.126269 0.184296 0.184309 0.126332 0.0594746 0.0196555 0.00571821 0.00397366 0.00643594 0.0105962 0.0154008 0.0196796 0.0222975 0.0227665 0.0215365 0.019661 0.018104 0.0172319 0.0167949 0.0162691
 1.04335e-16 5.81702e-05 0.000565435 0.00375752 0.0170811 0.0531459 0.113234 0.165273 0.165295 0.113343 0.0535128 0.018141 0.00641861 0.00637682 0.0111017 0.0182794 0.0263706 0.033259 0.036831 0.0361245 0.0318994 0.0261073 0.0207002 0.0167055 0.0141042 0.0123154
 1.02977e-16 6.5643e-05 0.000638073 0.00424022 0.0192754 0.0599731 0.12778 0.186501 0.186515 0.127847 0.060201 0.0199342 0.00589594 0.00425942 0.00696351 0.0114612 0.0166277 0.0211691 0.0238056 0.0239387 0.0219794 0.019015 0.0161002 0.0137401 0.0118737 0.0102001
 1.05105e-16 4.4568e-05 0.000433217 0.00287888 0.013087 0.0407187 0.0867568 0.126632 0.126667 0.0869294 0.0412983 0.0147615 0.0070833 0.0096157 0.0174962 0.0288874 0.0416875 0.0525907 0.0582525 0.0571311 0.0503889 0.0410618 0.0321947 0.0254049 0.0207093 0.0172891
 1.10524e-16 4.2432e-05 0.000412454 0.00274091 0.0124598 0.0387671 0.0825984 0.12056 0.120586 0.082724 0.0391895 0.0136825 0.00582106 0.00717259 0.0129873 0.0216812 0.0318782 0.0414489 0.048215 0.0511282 0.0507724 0.0487063 0.046234 0.0436524 0.0404556 0.0360839
 1.13051e-16 4.97201e-05 0.000483297 0.00321168 0.0145998 0.0454256 0.0967848 0.141264 0.141284 0.0968819 0.0457519 0.0155441 0.00558907 0.00569746 0.0100249 0.0166877 0.0244967 0.031801 0.0369635 0.0392836 0.0393812 0.0386394 0.0381613 0.0380894 0.0377252 0.0361782
 1.07403e-16 6.27941e-05 0.000610381 0.0040562 0.0184389 0.0573703 0.122234 0.178407 0.178421 0.122302 0.0575991 0.0191005 0.00571982 0.00425148 0.00700606 0.0115586 0.0168265 0.0215554 0.0245218 0.0251974 0.0240587 0.0222209 0.0206901 0.019824 0.0193284 0.0186385
 1.02414e-16 7.04727e-05 0.00068502 0.0045522 0.0206936 0.0643856 0.137181 0.200222 0.200232 0.137233 0.0645605 0.0211987 0.00582063 0.00345576 0.00533787 0.0087272 0.0125993 0.0159188 0.0176837 0.0174408 0.0155513 0.0129352 0.0105038 0.00872286 0.00756118 0.00672794
 1.0165e-16 6.47695e-05 0.000629583 0.0041838 0.019019 0.0591751 0.12608 0.18402 0.184038 0.126166 0.0594642 0.019854 0.00627958 0.00520403 0.00875056 0.0143588 0.0206661 0.0259624 0.0285498 0.0276442 0.0238372 0.0186907 0.0138022 0.0100679 0.00756808 0.00592426
 1.02339e-16 6.09183e-05 0.000592148 0.00393503 0.0178881 0.0556566 0.118583 0.17308 0.173099 0.11868 0.0559819 0.0188279 0.00629538 0.00574916 0.00986765 0.0162495 0.0234777 0.0296793 0.0329792 0.0324978 0.0288493 0.0236806 0.0186453 0.0146263 0.0116592 0.0093592
 1.03683e-16 5.72641e-05 0.000556627 0.00369899 0.0168151 0.052318 0.11147 0.162698 0.16272 0.111577 0.0526766 0.0178513 0.00630254 0.00624808 0.0108895 0.0179722 0.0260252 0.0330225 0.0369292 0.0367943 0.0332836 0.028161 0.0231616 0.0191556 0.0160965 0.0135197
 1.03243e-16 6.51707e-05 0.000633483 0.00420972 0.0191368 0.0595417 0.12686 0.185159 0.185173 0.126929 0.0597735 0.0198069 0.00589401 0.00431736 0.00708228 0.0116598 0.0169181 0.0215447 0.0242428 0.0244106 0.0224732 0.019541 0.0166825 0.0143964 0.0125965 0.0109511
 1.00544e-16 7.85427e-05 0.000763463 0.00507348 0.0230633 0.0717585 0.152889 0.223147 0.223151 0.152907 0.0718169 0.0232318 0.00549666 0.00168773 0.00183525 0.00291333 0.00419765 0.00529667 0.00586975 0.00576185 0.00509006 0.00415965 0.00327634 0.00260182 0.00213654 0.00179696
 1.01396e-16 3.53952e-05 0.000344054 0.00228636 0.0103935 0.0323383 0.0689021 0.100576 0.100628 0.0691579 0.0331967 0.0128716 0.0085023 0.0138985 0.0257335 0.0423707 0.0607606 0.0758336 0.0824471 0.0782298 0.0650255 0.047715 0.0313991 0.0191037 0.0113118 0.00693904
 1.0152e-16 7.56957e-05 0.000735789 0.00488958 0.0222273 0.0691574 0.147347 0.215059 0.215062 0.147364 0.069214 0.0223913 0.0053042 0.00165044 0.00184064 0.00299549 0.00447553 0.00597563 0.00722679 0.00808338 0.00856687 0.00877713 0.00875691 0.00844257 0.00773995 0.00664135
 1.02039e-16 5.42711e-05 0.000527534 0.00350565 0.0159362 0.0495836 0.105644 0.154197 0.154227 0.105792 0.0500786 0.0173652 0.00709035 0.00834529 0.0148793 0.0244546 0.0350883 0.0438471 0.047787 0.0455674 0.0382718 0.0287153 0.0198071 0.0132232 0.00914793 0.00686411
 1.04227e-16 5.55292e-05 0.000539764 0.00358692 0.0163056 0.050733 0.108093 0.157769 0.15779 0.108195 0.0510759 0.0172974 0.00608153 0.00600268 0.0104807 0.017369 0.0253165 0.0324594 0.0369078 0.0377448 0.0354957 0.0316316 0.0275498 0.0238765 0.0205109 0.017133
 1.04017e-16 6.39689e-05 0.000621801 0.00413209 0.0187839 0.0584437 0.124521 0.181745 0.18176 0.124592 0.0586835 0.0194771 0.00587442 0.00443321 0.00732593 0.0120719 0.0175305 0.0223575 0.0252264 0.0255311 0.0237234 0.0209507 0.0182961 0.0162302 0.0146045 0.0130202
 1.02931e-16 6.44077e-05 0.000626066 0.00416043 0.0189127 0.0588446 0.125375 0.182992 0.183009 0.125455 0.0591131 0.0196885 0.00610848 0.00488138 0.00815407 0.0133998 0.0193477 0.0244395 0.0271328 0.0267206 0.023743 0.0195985 0.0156802 0.012712 0.0106747 0.00916664
 1.06898e-16 3.05721e-05 0.000297172 0.00197482 0.00897725 0.0279318 0.0595135 0.0868716 0.0869191 0.0597458 0.028712 0.0112314 0.00763586 0.0126647 0.0235464 0.0389508 0.0562759 0.0711214 0.0790049 0.0778407 0.0691422 0.0569067 0.0451337 0.0359341 0.0293332 0.0243045
 1.06495e-16 6.45405e-05 0.000627357 0.00416901 0.0189517 0.0589658 0.125633 0.183367 0.183375 0.125672 0.0590965 0.0193311 0.00512894 0.00274795 0.00416558 0.00697728 0.0104966 0.0141479 0.0173699 0.0198802 0.0217613 0.0232294 0.0243007 0.0246768 0.023948 0.0219165
 1.0577e-16 5.61439e-05 0.000545739 0.00362663 0.0164861 0.0512946 0.10929 0.159516 0.15954 0.109407 0.0516894 0.0176264 0.00648867 0.00679365 0.0119228 0.0196259 0.0282815 0.0356111 0.0393497 0.0384973 0.0339364 0.0278444 0.0223746 0.018619 0.0164601 0.0151164
 1.0882e-16 4.01093e-05 0.000389877 0.00259087 0.0117777 0.0366451 0.0780775 0.113963 0.113997 0.0782431 0.0372015 0.0133863 0.00663471 0.0092377 0.0169027 0.0280345 0.0407418 0.0519906 0.0586923 0.0593995 0.0550999 0.0483992 0.0417978 0.0364521 0.0321556 0.0281489
 1.075e-16 6.10205e-05 0.000593141 0.00394163 0.0179181 0.0557499 0.118782 0.173368 0.17338 0.118842 0.0559524 0.0185047 0.0054202 0.00384129 0.0062902 0.0104615 0.0154396 0.020211 0.0237775 0.0256822 0.0262263 0.0261309 0.0259327 0.0256295 0.0248088 0.0230563
 1.05387e-16 6.01727e-05 0.0005849 0.00388687 0.0176692 0.0549754 0.117132 0.170961 0.17098 0.117226 0.0552918 0.0185833 0.00618253 0.00559964 0.00959421 0.0157939 0.0228155 0.028848 0.0320985 0.0317707 0.0285443 0.0241013 0.020083 0.0172878 0.0155816 0.0143486
pSPR Fmed_Fpbrs
0.606026   0.200063 0.200063
Fs Fmed_Fpbrs
0.263623   1.005 1.005
SSBpbr Bo_Bmed_Bpbrs
1.81581e+06  1.00964e+06  272486 272486
Ro
170758
SPR SPRFo_SPRFmed_SPRFpbrs
1.21079e+06 733769 242234
Fref
1.005
log_Ro
11.868
likeval ReclasPelacesDesembMPH_pf_preclas_ppelaces_ptallas_desvR_qrecl_qpela
 12.341 17.3403 0.0526272 0.00260979 204.01 85.9152 61.2315 0 22.827 0 0 0.269671 0 0 0
q_reclas_q_pelaces
1 1
M
1
N
 188973 43106.1 129367 7996.83 0.275556
 109227 61410.6 13700.4 41116.8 2541.72
 104122 32037 17295.7 3858.59 12296
 173826 30697.3 9077.83 4900.83 4577.49
 137807 46004.1 7658.71 2264.84 2364.76
 243782 45312.4 14825.3 2468.11 1491.94
 99838.3 72602.5 12993.5 4251.24 1135.56
 43685.5 22662.1 15114.1 2704.94 1121.4
 41876.3 14850 7595.24 5065.51 1282.4
 56295.6 11305 3792.7 1939.83 1621.26
 104753 13711.2 2557.31 857.947 805.554
 141889 35072.1 4513.8 841.878 547.632
 117868 34656.7 7960.31 1024.5 315.377
 82245 29470.2 8085.8 1857.23 312.608
 79922.2 15767.9 5027.29 1379.35 370.15
 462375 18779.9 3419.15 1090.13 379.365
 93105.4 121857 4662.27 848.832 364.815
 697514 27398.7 34453.6 1318.2 343.144
 413807 206383 7796.56 9804.12 472.751
 334407 111290 52475.7 1982.38 2613.04
 466229 93510.7 29628 13970.2 1223.4
 616798 139205 26895.1 8521.47 4369.91
 127691 173597 37343.4 7214.96 3458.27
 380521 39952.5 52762.5 11350 3243.99
 325566 121809 12474.5 16474.2 4556.74
 142054 103926 37907.5 3882.12 6544.91
 266698 46560.8 33366.4 12170.6 3347.69
 301774 84233.1 14309.2 10254.3 4769.11
pred_Ctot
 14074.5 3751.63 11259.2 695.983 0.0239823
 14256.5 9299.87 2074.75 6226.63 384.911
 13309 4752.85 2565.92 572.443 1824.18
 31666.4 6444.11 1905.66 1028.81 960.928
 9336.6 3645.2 606.85 179.458 187.376
 29857.6 6445.74 2108.92 351.091 212.231
 25130.6 20856.9 3732.73 1221.28 326.22
 2111.59 1284.16 856.45 153.277 63.545
 7225.07 2956.26 1512.02 1008.41 255.294
 12434 2862.11 960.205 491.109 410.457
 5998.71 919.477 171.493 57.534 54.0205
 31157.2 8829.29 1136.34 211.94 137.865
 24627.5 8313.9 1909.62 245.77 75.6568
 26230.1 10621.6 2914.28 669.382 112.67
 18924.8 4270.19 1361.47 373.549 100.242
 85166.4 3985 725.526 231.32 80.4995
 11991.3 18213.3 696.843 126.87 54.5269
 87834.2 4005.42 5036.78 192.708 50.1643
 72160.5 41515.5 1568.34 1972.18 95.0976
 51851.4 19957.1 9410.16 355.49 468.581
 56472.6 13157.6 4168.86 1965.7 172.141
 93620.1 24446.7 4723.25 1496.52 767.431
 12227.1 19372.7 4167.37 805.159 385.929
 31589 3871.54 5112.87 1099.86 314.354
 27540 12025.4 1231.53 1626.39 449.858
 9883.3 8454.45 3083.8 315.812 532.432
 24147.7 4916.4 3523.2 1285.1 353.486
 24281.2 7913.92 1344.39 963.416 448.071
F
 0.124019 0.146239 0.146239 0.146239 0.146239
 0.226534 0.267122 0.267122 0.267122 0.267122
 0.221389 0.261056 0.261056 0.261056 0.261056
 0.329324 0.38833 0.38833 0.38833 0.38833
 0.112275 0.132392 0.132392 0.132392 0.132392
 0.211274 0.249129 0.249129 0.249129 0.249129
 0.482858 0.569372 0.569372 0.569372 0.569372
 0.079015 0.0931722 0.0931722 0.0931722 0.0931722
 0.309474 0.364923 0.364923 0.364923 0.364923
 0.412401 0.486291 0.486291 0.486291 0.486291
 0.0941979 0.111075 0.111075 0.111075 0.111075
 0.409557 0.482937 0.482937 0.482937 0.482937
 0.386188 0.455382 0.455382 0.455382 0.455382
 0.651728 0.768499 0.768499 0.768499 0.768499
 0.448268 0.528584 0.528584 0.528584 0.528584
 0.333526 0.393284 0.393284 0.393284 0.393284
 0.223238 0.263235 0.263235 0.263235 0.263235
 0.21779 0.256812 0.256812 0.256812 0.256812
 0.313256 0.369383 0.369383 0.369383 0.369383
 0.274282 0.323425 0.323425 0.323425 0.323425
 0.208731 0.24613 0.24613 0.24613 0.24613
 0.267806 0.31579 0.31579 0.31579 0.31579
 0.161924 0.190936 0.190936 0.190936 0.190936
 0.139084 0.164003 0.164003 0.164003 0.164003
 0.141886 0.167307 0.167307 0.167307 0.167307
 0.115446 0.136131 0.136131 0.136131 0.136131
 0.152528 0.179856 0.179856 0.179856 0.179856
 0.134557 0.158666 0.158666 0.158666 0.158666
nmprior
 8 8 7 0
nm_flota  nm_reclas  nm_pelaces    nm_pelaL
inf 10.2446 16.2671 16.2671
cv_recla  cv_pelaces  cv_mph
0.341928 0.532683 1.57655
 ------------------------------------------------
Talla a la edad & desviación 
 8 13.2811 15.8009 17.003 17.5766
 0.8 1.32811 1.58009 1.7003 1.75766
