    unsorted:	 2.359643891e-06 5.958493051e-05 0.0001037160794 0.001099921065 2.680904203 3.507075088 8.469486893 13.38892311 14.68806176 40.17490799 113.4013713 139.2602073 220.2170776 233.7637140 469.6009967 501.0085935 621.3480241 745.3534869 872.2440970 848.2510474 937.4060706 1004.944465 1112.928962 1183.006971 1220.419209 1332.060794 1461.468424 1589.953159 1661.961559 1841.995349 2317.832210 2320.104802 2252.059582 2372.716743 2406.083064 2533.746200 2802.511314 3092.756018 3385.611009 11002.10418 41685.03451 188681.9753 385399.9688 392322.2714 413558.4753 372714.8434 420345.7918 323083.0461 463239.5665 477524.7333 514121.3573 619243.4548 657318.6445 682203.9218 765083.3210 805249.2996 1079825.214 1109226.231 1242930.282 1540973.945 1700895.980 1815388.032 2185132.095 2459802.834 2501974.781 2759055.200 3205290.237 36232503.25
      sorted:	 2.359643891e-06 5.958493051e-05 0.0001037160794 0.001099921065 2.680904203 3.507075088 8.469486893 13.38892311 14.68806176 40.17490799 113.4013713 139.2602073 220.2170776 233.7637140 469.6009967 501.0085935 621.3480241 745.3534869 848.2510474 872.2440970 937.4060706 1004.944465 1112.928962 1183.006971 1220.419209 1332.060794 1461.468424 1589.953159 1661.961559 1841.995349 2252.059582 2317.832210 2320.104802 2372.716743 2406.083064 2533.746200 2802.511314 3092.756018 3385.611009 11002.10418 41685.03451 188681.9753 323083.0461 372714.8434 385399.9688 392322.2714 413558.4753 420345.7918 463239.5665 477524.7333 514121.3573 619243.4548 657318.6445 682203.9218 765083.3210 805249.2996 1079825.214 1109226.231 1242930.282 1540973.945 1700895.980 1815388.032 2185132.095 2459802.834 2501974.781 2759055.200 3205290.237 36232503.25
