years
 1991 1992 1993 1994 1995 1996 1997 1998 1999 2000 2001 2002 2003 2004 2005 2006 2007 2008 2009 2010 2011 2012 2013 2014 2015 2016
reclasobs
 0 0 0 0 0 0 0 0 0 252601 567819 844713 477998 351125 339783 2.1784e+06 2.13404e+06 4.81314e+06 1.55562e+06 2.62356e+06 3.21686e+06 3.843e+06 1.13348e+06 3.07943e+06 1.97215e+06 2.03268e+06
reclaspred
 3.09238e+06 1.69061e+06 848443 900995 922930 1.67873e+06 942728 796675 557982 369048 509509 700570 681750 494224 473596 1.36525e+06 1.19705e+06 3.11815e+06 2.50715e+06 1.83913e+06 3.20188e+06 2.60153e+06 1.93003e+06 3.12544e+06 2.24437e+06 1.95948e+06
pelacesobs
 0 0 0 0 0 0 0 0 0 0 0 0 0 0 0 552880 188675 0 991730 2.46772e+06 1.41603e+06 1.21717e+06 2.29649e+06 1.80582e+06 0 1.4828e+06
pelacespred
 1.90193e+06 1.12581e+06 547143 427491 494873 875778 480537 520534 335301 195729 276977 320775 348461 247490 238988 568115 591646 1.59464e+06 1.41014e+06 967691 1.61007e+06 1.41257e+06 1.14512e+06 1.85119e+06 1.39741e+06 1.22355e+06
mphobs
 0 0 0 0 0 0 0 0 0 0 0 498337 0 5186 125008 0 168611 109162 213762 579715 649985 157893 87575 83554 0 0
mphpred
 470298 315682 151084 83228.3 94170.8 116180 167269 88713.8 79268.4 48365.8 28852.5 61936.6 66187 53364.1 31231.2 39187.4 151151 132379 309213 219230 234213 289478 273229 213344 316560 248913
desembarqueobs
 494567 514787 250237 358949 120608 361735 552515 73892 212993 205616 52469 317467 293654 387597 252695 516296 358380 742168 942051 627588 828172 859565 418607 520667 417249 300574
desembarquepred
 494572 513938 250641 358978 120613 361738 552528 73897.5 213054 205671 52471.8 317521 293680 387561 252667 516231 358424 742029 941751 627367 828240 859522 418601 520682 417232 300570
Reclutas
 164488 95134.4 89105.7 141654 112034 213919 83524.9 33738.1 33326.1 45129.2 83336.6 124001 102976 72291.4 64095.1 349612 70588.7 558185 328854 260972 351950 483076 91803.9 278121 220070 103325
log_desv_Rt
 0.226462 -0.321083 -0.386551 0.0770159 -0.157574 0.489221 -0.45123 -1.35775 -1.37003 -1.06685 -0.453487 -0.0560864 -0.24188 -0.59567 -0.716007 0.98045 -0.619504 1.44832 0.91924 0.68804 0.987115 1.3038 -0.356719 0.751681 0.51757 -0.238493
SSB
 1.77266e+06 1.18988e+06 569472 313707 354952 437908 630477 334383 298781 182302 108752 233453 249474 201141 117718 147706 569725 498967 1.1655e+06 826327 882804 1.09111e+06 1.02986e+06 804141 1.19319e+06 938211
BT
 2.55225e+06 1.76935e+06 856556 843671 709845 1.4832e+06 1.05661e+06 714903 622911 445782 422736 689192 725541 737148 586688 1.23977e+06 1.00505e+06 2.91084e+06 2.70911e+06 1.75554e+06 2.8273e+06 2.59295e+06 1.73794e+06 2.98641e+06 2.07862e+06 1.76116e+06
Ftot
 0.228491 0.422056 0.415066 0.592504 0.197089 0.334887 0.796781 0.138416 0.554438 0.794332 0.16741 0.674014 0.638362 1.11517 0.817279 0.611122 0.430613 0.382616 0.551516 0.50652 0.393415 0.49642 0.311495 0.262364 0.274399 0.225762
BD_Bspro_t
 0.964198 0.754833 0.534905 0.430397 0.431467 0.533551 0.549395 0.352818 0.405957 0.339819 0.291367 0.556526 0.433868 0.338316 0.222653 0.267211 0.463899 0.41852 0.558905 0.443485 0.412713 0.461456 0.47458 0.45277 0.58297 0.582966
BD_Bspro
 1.90697 1.28003 0.61262 0.337476 0.381846 0.471088 0.678247 0.359718 0.321419 0.196115 0.116992 0.251142 0.268376 0.216382 0.126637 0.158898 0.612892 0.536773 1.2538 0.888937 0.949693 1.17378 1.10789 0.86507 1.28359 1.0093
BD_Bo
 1.22613 0.823027 0.393898 0.216988 0.245517 0.302897 0.436095 0.231289 0.206664 0.126096 0.0752224 0.161477 0.172559 0.139128 0.0814243 0.102167 0.394073 0.345131 0.806162 0.571563 0.610627 0.754711 0.712346 0.556217 0.825316 0.648952
BD_Brms
 2.22933 1.49641 0.716179 0.394523 0.446394 0.550722 0.7929 0.420526 0.375753 0.229266 0.136768 0.293595 0.313743 0.252959 0.148044 0.185758 0.716497 0.627511 1.46575 1.03921 1.11023 1.3722 1.29517 1.0113 1.50057 1.17991
Sel_flota
 0.787012 0.985956 0.999251 0.999961 0.999998
 0.787012 0.985956 0.999251 0.999961 0.999998
 0.787012 0.985956 0.999251 0.999961 0.999998
 0.787012 0.985956 0.999251 0.999961 0.999998
 0.787012 0.985956 0.999251 0.999961 0.999998
 0.787012 0.985956 0.999251 0.999961 0.999998
 0.787012 0.985956 0.999251 0.999961 0.999998
 0.787012 0.985956 0.999251 0.999961 0.999998
 0.787012 0.985956 0.999251 0.999961 0.999998
 0.787012 0.985956 0.999251 0.999961 0.999998
 0.787012 0.985956 0.999251 0.999961 0.999998
 0.787012 0.985956 0.999251 0.999961 0.999998
 0.787012 0.985956 0.999251 0.999961 0.999998
 0.787012 0.985956 0.999251 0.999961 0.999998
 0.787012 0.985956 0.999251 0.999961 0.999998
 0.787012 0.985956 0.999251 0.999961 0.999998
 0.787012 0.985956 0.999251 0.999961 0.999998
 0.787012 0.985956 0.999251 0.999961 0.999998
 0.787012 0.985956 0.999251 0.999961 0.999998
 0.787012 0.985956 0.999251 0.999961 0.999998
 0.787012 0.985956 0.999251 0.999961 0.999998
 0.787012 0.985956 0.999251 0.999961 0.999998
 0.787012 0.985956 0.999251 0.999961 0.999998
 0.787012 0.985956 0.999251 0.999961 0.999998
 0.787012 0.985956 0.999251 0.999961 0.999998
 0.787012 0.985956 0.999251 0.999961 0.999998
Sel_reclas
 1 1 1 1 1
 1 1 1 1 1
 1 1 1 1 1
 1 1 1 1 1
 1 1 1 1 1
 1 1 1 1 1
 1 1 1 1 1
 1 1 1 1 1
 1 1 1 1 1
 1 1 1 1 1
 1 1 1 1 1
 1 1 1 1 1
 1 1 1 1 1
 1 1 1 1 1
 1 1 1 1 1
 1 1 1 1 1
 1 1 1 1 1
 1 1 1 1 1
 1 1 1 1 1
 1 1 1 1 1
 1 1 1 1 1
 1 1 1 1 1
 1 1 1 1 1
 1 1 1 1 1
 1 1 1 1 1
 1 1 1 1 1
Sel_pelaces
 0.683074 0.91559 0.982011 0.996373 0.999277
 0.683074 0.91559 0.982011 0.996373 0.999277
 0.683074 0.91559 0.982011 0.996373 0.999277
 0.683074 0.91559 0.982011 0.996373 0.999277
 0.683074 0.91559 0.982011 0.996373 0.999277
 0.683074 0.91559 0.982011 0.996373 0.999277
 0.683074 0.91559 0.982011 0.996373 0.999277
 0.683074 0.91559 0.982011 0.996373 0.999277
 0.683074 0.91559 0.982011 0.996373 0.999277
 0.683074 0.91559 0.982011 0.996373 0.999277
 0.683074 0.91559 0.982011 0.996373 0.999277
 0.683074 0.91559 0.982011 0.996373 0.999277
 0.683074 0.91559 0.982011 0.996373 0.999277
 0.683074 0.91559 0.982011 0.996373 0.999277
 0.683074 0.91559 0.982011 0.996373 0.999277
 0.683074 0.91559 0.982011 0.996373 0.999277
 0.683074 0.91559 0.982011 0.996373 0.999277
 0.683074 0.91559 0.982011 0.996373 0.999277
 0.683074 0.91559 0.982011 0.996373 0.999277
 0.683074 0.91559 0.982011 0.996373 0.999277
 0.683074 0.91559 0.982011 0.996373 0.999277
 0.683074 0.91559 0.982011 0.996373 0.999277
 0.683074 0.91559 0.982011 0.996373 0.999277
 0.683074 0.91559 0.982011 0.996373 0.999277
 0.683074 0.91559 0.982011 0.996373 0.999277
 0.683074 0.91559 0.982011 0.996373 0.999277
pf_obs 
 0.8446 0.082 0.0669 0.0065 0
 0.8095 0.147 0.0364 0.0071 0
 0.9664 0.0169 0.016 0.0007 0
 0.9276 0.0648 0.0075 0.0001 0
 0.7033 0.2144 0.0806 0.0017 0
 0.9318 0.0425 0.0243 0.0014 0
 0.5671 0.3108 0.0964 0.0239 0.0018
 0.0768 0.2599 0.5324 0.112 0.0189
 0.490249 0.384438 0.106611 0.0170017 0.00170017
 0.7925 0.1577 0.0466 0.003 0.0002
 0.840416 0.127587 0.0312969 0.00059994 9.999e-05
 0.8084 0.0986 0.0794 0.0134 0.0002
 0.7335 0.1905 0.0724 0.0035 0.0001
 0.4001 0.4547 0.1325 0.0127 0
 0.49795 0.308269 0.164784 0.0264974 0.00249975
 0.9179 0.0499 0.0305 0.0017 0
 0.2467 0.6533 0.0926 0.0074 0
 0.9418 0.0223 0.034 0.0019 0
 0.707729 0.231977 0.0356964 0.0245975 0
 0.517169 0.277429 0.184464 0.0207286 0.00020938
 0.811772 0.124168 0.05621 0.00726502 0.000585176
 0.764997 0.148141 0.077277 0.00933861 0.000247198
 0.163321 0.427699 0.378323 0.0303852 0.000271297
 0.753843 0.0900009 0.118128 0.0371064 0.000921714
 0.721811 0.176058 0.0630433 0.0369309 0.00215725
 0.143369 0.312575 0.442814 0.0836902 0.0175525
pf_pred 
 0.528711 0.140238 0.309425 0.0216241 8.47619e-07
 0.478265 0.308153 0.0642113 0.139621 0.00975018
 0.615074 0.210242 0.103884 0.0212981 0.0495017
 0.772023 0.154415 0.040481 0.0196804 0.0134007
 0.694865 0.250014 0.0375529 0.00967221 0.00789654
 0.786852 0.158411 0.0449664 0.00665793 0.00311242
 0.491455 0.420686 0.0655594 0.0183217 0.0039776
 0.486175 0.292988 0.183305 0.0280138 0.0095186
 0.576104 0.231154 0.110566 0.0682182 0.0139575
 0.756563 0.157123 0.0474505 0.0223031 0.0165608
 0.860177 0.113348 0.0172083 0.00509646 0.00416978
 0.774363 0.200005 0.020835 0.00311858 0.00167798
 0.72545 0.225863 0.0432475 0.00442252 0.00101712
 0.679701 0.250142 0.0579034 0.0108861 0.0013679
 0.787222 0.160381 0.0411245 0.00930564 0.00196694
 0.951727 0.0403756 0.00598165 0.00150368 0.000411733
 0.413811 0.564816 0.0179295 0.00260911 0.000834671
 0.922481 0.0371851 0.0388867 0.00121444 0.000233058
 0.628593 0.349003 0.0108361 0.0111527 0.00041479
 0.656565 0.237678 0.0994834 0.00303556 0.00323745
 0.763179 0.169789 0.0466328 0.0191903 0.00120894
 0.773054 0.183367 0.0313871 0.00848351 0.00370789
 0.338176 0.541421 0.0976014 0.0164271 0.00637484
 0.772993 0.0901271 0.11229 0.0199358 0.00465363
 0.637266 0.295422 0.0269667 0.0331025 0.00724303
 0.471357 0.366143 0.132722 0.0119354 0.0178425
pobs_RECLAS
 0 0 0 0 0
 0 0 0 0 0
 0 0 0 0 0
 0 0 0 0 0
 0 0 0 0 0
 0 0 0 0 0
 0 0 0 0 0
 0 0 0 0 0
 0 0 0 0 0
 0 0 0 0 0
 0.991045 0.00858322 0.000360255 1.14367e-05 0
 0.934742 0.0480273 0.0164251 0.00080598 0
 0.827803 0.169806 0.00239088 0 0
 0.941827 0.0461693 0.0120037 0 0
 0.791401 0.0380133 0.147996 0.0225897 0
 0.846168 0.0940531 0.0597789 0 0
 0.134021 0.677848 0.182769 0.00536245 0
 0.80878 0.0450904 0.141981 0.00414843 0
 0.846168 0.0940531 0.0597789 0 0
 0.905697 0.0802665 0.012482 0.00150086 5.37128e-05
 0.989698 0.0102097 9.19794e-05 0 0
 0.975433 0.0193895 0.00387452 0.00125025 5.28907e-05
 0.303575 0.632131 0.0575291 0.00676475 0
 0.966965 0.00978017 0.0227588 0.000495775 0
 0.843318 0.132988 0.00938335 0.0141283 0.000182051
 0.564624 0.303363 0.111486 0.0197234 0.00080311
ppred_RECLAS
 0.58769 0.123876 0.269605 0.0188276 7.37975e-07
 0.538333 0.274298 0.0563601 0.122458 0.00855131
 0.670328 0.181233 0.0883036 0.0180903 0.0420444
 0.81219 0.127813 0.0330281 0.0160448 0.0109247
 0.741653 0.212206 0.031442 0.00809241 0.00660652
 0.823756 0.131454 0.0368002 0.00544479 0.00254521
 0.553616 0.370223 0.0568422 0.0158729 0.00344584
 0.544491 0.261262 0.161254 0.0246261 0.00836719
 0.634605 0.200578 0.0945778 0.0583093 0.0119296
 0.799969 0.129803 0.0386208 0.0181386 0.0134679
 0.885731 0.0928749 0.0139095 0.00411651 0.00336789
 0.814161 0.165002 0.0169398 0.00253358 0.00136316
 0.771276 0.188648 0.0356017 0.00363785 0.00083662
 0.734151 0.208341 0.0474702 0.00891713 0.00112044
 0.826298 0.131413 0.0331967 0.00750576 0.00158644
 0.961735 0.0320816 0.00468476 0.00117676 0.000322205
 0.471833 0.509171 0.0159375 0.00231751 0.000741358
 0.938046 0.0299348 0.0308706 0.000963386 0.000184871
 0.682562 0.298552 0.00913801 0.00939789 0.000349511
 0.708792 0.202417 0.0835289 0.00254681 0.0027161
 0.803466 0.14147 0.0383155 0.0157559 0.000992541
 0.812329 0.152051 0.0256601 0.00693037 0.00302894
 0.392427 0.498297 0.0885935 0.0149001 0.00578202
 0.81218 0.0751942 0.0924059 0.0163936 0.00382662
 0.689338 0.253677 0.0228395 0.0280158 0.00612979
 0.529787 0.327055 0.11694 0.0105086 0.0157089
pobs_PELACES
 0 0 0 0 0
 0 0 0 0 0
 0 0 0 0 0
 0 0 0 0 0
 0 0 0 0 0
 0 0 0 0 0
 0 0 0 0 0
 0 0 0 0 0
 0 0 0 0 0
 0 0 0 0 0
 0 0 0 0 0
 0 0 0 0 0
 0 0 0 0 0
 0 0 0 0 0
 0 0 0 0 0
 0 0 0 0 0
 0.505614 0.472636 0.0217494 0 0
 0 0 0 0 0
 0.443492 0.261883 0.143347 0.151278 0
 0.227955 0.32914 0.350689 0.0885471 0.00366901
 0.970185 0.0296113 0.000203453 0 0
 0.997202 0.00247181 0.000326279 0 0
 0.445219 0.490057 0.0546422 0.010081 0
 0.90214 0.0892962 0.00764917 0.000914606 0
 0 0 0 0 0
 0.581667 0.319106 0.0959925 0.00289975 0.000334073
ppred_PELACES
 0.506748 0.141042 0.328905 0.0233034 9.16071e-07
 0.464013 0.308249 0.067805 0.149466 0.0104676
 0.600975 0.211936 0.110553 0.0229774 0.0535582
 0.765996 0.155412 0.0429614 0.0211726 0.0144581
 0.681546 0.258028 0.0409692 0.0106982 0.0087593
 0.777717 0.162735 0.0487905 0.00732382 0.00343354
 0.490572 0.417323 0.0684821 0.0193994 0.00422363
 0.465855 0.296908 0.19643 0.0304358 0.0103713
 0.564984 0.230803 0.116441 0.0728289 0.0149436
 0.753772 0.15561 0.0494852 0.0235767 0.0175565
 0.852134 0.118458 0.0190141 0.00570927 0.00468459
 0.772146 0.200676 0.0220315 0.00334278 0.00180377
 0.721527 0.226844 0.0457873 0.00474636 0.00109472
 0.685894 0.242485 0.0589687 0.0112362 0.00141592
 0.786322 0.158867 0.0428891 0.00983717 0.00208525
 0.950712 0.0408375 0.00637883 0.0016255 0.000446365
 0.4061 0.571037 0.0191345 0.0028228 0.000905623
 0.917841 0.0382863 0.0422764 0.00133851 0.000257604
 0.623442 0.352519 0.0115446 0.012045 0.00044926
 0.647562 0.239773 0.105887 0.00327534 0.0035032
 0.753995 0.173413 0.0502872 0.0209793 0.00132544
 0.766874 0.186235 0.0336356 0.00921621 0.00403969
 0.326756 0.544885 0.103762 0.0177052 0.00689056
 0.758588 0.0925317 0.121821 0.0219267 0.00513309
 0.624182 0.302392 0.0291655 0.0362963 0.00796466
 0.454789 0.370788 0.142054 0.0129514 0.019417
pobs_pel_tallas
 0 0 0 0 0 0 0 0 0 0 0 0 0 0 0 0 0 0 0 0 0 0 0 0 0 0
 0 0 0 0 0 0 0 0 0 0 0 0 0 0 0 0 0 0 0 0 0 0 0 0 0 0
 0 0 0 0 0 0 0 0 0 0 0 0 0 0 0 0 0 0 0 0 0 0 0 0 0 0
 0 0 0 0 0 0 0 0 0 0 0 0 0 0 0 0 0 0 0 0 0 0 0 0 0 0
 0 0 0 0 0 0 0 0 0 0 0 0 0 0 0 0 0 0 0 0 0 0 0 0 0 0
 0 0 0 0 0 0 0 0 0 0 0 0 0 0 0 0 0 0 0 0 0 0 0 0 0 0
 0 0 0 0 0 0 0 0 0 0 0 0 0 0 0 0 0 0 0 0 0 0 0 0 0 0
 0 0 0 0 0 0 0 0 0 0 0 0 0 0 0 0 0 0 0 0 0 0 0 0 0 0
 0 0 0 0 0 0 0 0 0 0 0 0 0 0 0 0 0 0 0 0 0 0 0 0 0 0
 0 0 0 0 0 0 0 0 0 0 0 0 0 0 0 0 0 0 0 0 0 0 0 0 0 0
 0 0 0 0 0 0 0 0 0 0 0 0 0 0 0 0 0 0 0 0 0 0 0 0 0 0
 0 0 0 0 0 0 0 0 0 0 0 0 0 0 0 0 0 0 0 0 0 0 0 0 0 0
 0.00862536 0 0 0.000197151 0.00414017 0.0128641 0.00837892 0.0270097 0.101434 0.158115 0.152841 0.127902 0.109271 0.109419 0.0830992 0.0579132 0.0238553 0.00714673 0.00463305 0.00128148 0.00103504 0.000492878 0.000147863 0.000147863 4.92878e-05 0
 0 0 0 0 0 0 0 0 0 0 0 0 0 0 0 0 0 0 0 0 0 0 0 0 0 0
 0 0 0 0 0 0 0 0.0054083 0.00873648 0.0413646 0.0450493 0.0745869 0.0622846 0.0627006 0.0613931 0.0827291 0.12552 0.122667 0.0946155 0.0697135 0.0546179 0.0294188 0.0215738 0.0213955 0.0102223 0.00600262
 0 0 0 0 0.00359764 0.0251062 0.0480494 0.140153 0.205849 0.193036 0.1447 0.116669 0.0760912 0.0342217 0.00950174 0.001854 0.000860785 0 0 0 0.000165536 0 0.000143464 0 0 0
 0 0 0 0 0 0 0 0.000145254 0.000435761 0.0275982 0.070085 0.0708112 0.156366 0.174668 0.174014 0.160142 0.0824315 0.0480064 0.0283245 0.00493863 0.00203355 0 0 0 0 0
 0 0 0 0 0 0 0 0 0 0 0 0 0 0 0 0 0 0 0 0 0 0 0 0 0 0
 0 0 1.00437e-05 0.000401748 0.00122533 0.00171747 0.00176769 0.0269171 0.070346 0.194647 0.189555 0.159765 0.064822 0.0314167 0.0384472 0.0292271 0.0345202 0.0313363 0.0194345 0.0106764 0.0143323 0.0359363 0.0279516 0.0138201 0.00172751 0
 0 0.0021121 0.0136068 0.0755702 0.200478 0.177729 0.0527432 0.0373336 0.0318909 0.0142505 0.0149659 0.0166563 0.0217959 0.0798694 0.0677717 0.0528807 0.04013 0.0224614 0.0357745 0.0225083 0.00881397 0.00855152 0.00135912 0.000746735 0 0
 0 0 0 0 5.4009e-05 0.00500934 0.000945158 0.0243581 0.138947 0.33067 0.221406 0.137944 0.0707744 0.0437923 0.0131692 0.00525238 0.0047753 0.00276346 9.45158e-05 9.00151e-06 2.25038e-05 9.00151e-06 4.50075e-06 0 0 0
 0.000866109 0.00284123 0.00948549 0.0512746 0.133035 0.25785 0.225252 0.132002 0.0553304 0.0519788 0.0540692 0.017754 0.00435017 0.00159236 0.00146478 0.000404838 0.000125132 0.000115318 0.000107957 0.000100596 0 0 0 0 0 0
 0 0 0 0 0.00144013 0.00171154 0.00461396 0.0210425 0.0478622 0.0707936 0.0888783 0.103762 0.0637923 0.0337046 0.0602308 0.124433 0.169614 0.0934646 0.0462172 0.0250306 0.0313229 0.00938855 0.002487 0.000210481 0 0
 0 0.00764035 0.051015 0.0998891 0.058973 0.0496711 0.0374665 0.0718981 0.12319 0.153886 0.159021 0.0857701 0.0377988 0.023471 0.0147837 0.00900784 0.00315554 0.000888139 0.00291439 0.00214683 0.00393193 0.00274676 0.000635225 9.99891e-05 0 0
 0 0 0 0 0 0 0 0 0 0 0 0 0 0 0 0 0 0 0 0 0 0 0 0 0 0
 0 0 0 0 0 0 0 0 0 0 0 0 0 0 0 0 0 0 0 0 0 0 0 0 0 0
ppred_pel_tallas
 1.11865e-16 4.17402e-05 0.00040573 0.00269622 0.0122566 0.038135 0.0812511 0.118591 0.118605 0.0813201 0.0383681 0.0129361 0.00442496 0.00425619 0.00757844 0.0130455 0.0201425 0.0281425 0.036226 0.0438482 0.0507622 0.0566065 0.0605114 0.0612485 0.0579257 0.0506742
 1.18797e-16 3.82202e-05 0.000371514 0.00246884 0.011223 0.0349191 0.0744 0.108595 0.108625 0.0745457 0.0354085 0.0126377 0.00602485 0.00815186 0.0148687 0.0246706 0.0359107 0.0460078 0.0524195 0.0541398 0.0523469 0.0495521 0.0478988 0.0479325 0.0486071 0.0482362
 1.14613e-16 4.95016e-05 0.000481173 0.00319756 0.0145357 0.045226 0.0963595 0.140644 0.140664 0.09646 0.0455641 0.015514 0.00566037 0.00588102 0.0103747 0.0172585 0.0252986 0.0327606 0.0379184 0.0400214 0.0397142 0.0384814 0.0375767 0.0372988 0.0370617 0.0359981
 1.0585e-16 6.30941e-05 0.000613297 0.00407558 0.018527 0.0576444 0.122818 0.17926 0.179275 0.122892 0.057891 0.0192398 0.00586702 0.00453108 0.00752483 0.0123969 0.0179887 0.0229179 0.0258273 0.0261167 0.0242933 0.0215924 0.0191747 0.0175344 0.0164702 0.015466
 1.03804e-16 5.61381e-05 0.000545682 0.00362625 0.0164844 0.0512893 0.109278 0.1595 0.159525 0.1094 0.0516975 0.0176636 0.00658663 0.00700979 0.0123374 0.0203201 0.0292974 0.0369097 0.0407913 0.0398568 0.0349418 0.0282202 0.0218828 0.0171092 0.0139279 0.0117435
 1.02766e-16 6.40596e-05 0.000622682 0.00413794 0.0188105 0.0585265 0.124697 0.182003 0.182019 0.124774 0.0587847 0.0195567 0.00601313 0.00472276 0.00786995 0.012959 0.0187777 0.023855 0.0267284 0.0267113 0.0242727 0.0206643 0.0171148 0.0142375 0.0119989 0.0100785
 1.04744e-16 4.04078e-05 0.000392779 0.00261015 0.0118654 0.0369179 0.078659 0.114814 0.114854 0.0788556 0.0375782 0.0137727 0.00739859 0.0108487 0.0199063 0.0328666 0.0473921 0.0597033 0.0659673 0.0644108 0.056359 0.0452982 0.0347522 0.0266352 0.0210355 0.0170668
 1.10552e-16 3.83719e-05 0.000372989 0.00247864 0.0112676 0.0350577 0.0746952 0.109026 0.109055 0.0748364 0.0355324 0.0126417 0.00593999 0.00796875 0.0145803 0.024347 0.0357774 0.0464716 0.053962 0.0570499 0.0563763 0.0536934 0.0504905 0.0471515 0.0431776 0.0380119
 1.13252e-16 4.6537e-05 0.000452356 0.00300607 0.0136652 0.0425175 0.0905889 0.132222 0.132244 0.0906984 0.0428857 0.0147308 0.00568879 0.00633508 0.0112973 0.0188114 0.0275915 0.0357651 0.0414631 0.0438703 0.0436683 0.0424174 0.0413886 0.0408002 0.0399446 0.037901
 1.06804e-16 6.20872e-05 0.00060351 0.00401053 0.0182313 0.0567245 0.120858 0.176399 0.176414 0.120932 0.0569716 0.0189459 0.00580695 0.0045341 0.00755389 0.0124618 0.0181186 0.0231592 0.0262439 0.0267841 0.0252841 0.0229539 0.020907 0.0195778 0.0187097 0.0177527
 1.01945e-16 7.01892e-05 0.000682264 0.00453388 0.0206104 0.0641266 0.136629 0.199416 0.199428 0.136685 0.064314 0.0211518 0.00589315 0.00365042 0.0057099 0.00933568 0.013459 0.0169633 0.0187626 0.0183618 0.016147 0.0131164 0.0102723 0.00814872 0.00674781 0.00578486
 1.01328e-16 6.36007e-05 0.000618222 0.0041083 0.0186758 0.0581073 0.123804 0.1807 0.18072 0.123899 0.0584244 0.0195915 0.00640644 0.00563325 0.00958264 0.0157271 0.0226153 0.0283668 0.0311082 0.0299727 0.0256129 0.0197591 0.014193 0.00993252 0.00709547 0.00528238
 1.02041e-16 5.94313e-05 0.000577694 0.00383898 0.0174514 0.054298 0.115689 0.168855 0.168877 0.115795 0.0546572 0.018489 0.00644427 0.00626812 0.0108754 0.0179078 0.0258425 0.0326019 0.0360998 0.035358 0.0310642 0.0250676 0.0192421 0.0146138 0.0112597 0.0087664
 1.03131e-16 5.64963e-05 0.000549164 0.00364939 0.0165896 0.0516165 0.109975 0.160517 0.160541 0.11009 0.0520008 0.0177 0.00643848 0.00664398 0.0116498 0.0192174 0.0277877 0.0351718 0.0391671 0.0387419 0.0346185 0.0287243 0.0229803 0.0183901 0.0149614 0.0122228
 1.02618e-16 6.47683e-05 0.000629571 0.00418372 0.0190186 0.059174 0.126077 0.184016 0.184032 0.126152 0.0594259 0.0197466 0.00601283 0.0046279 0.00767408 0.0126255 0.0182775 0.0231861 0.0259191 0.0258088 0.0233255 0.0197126 0.0161944 0.0133862 0.0112559 0.00947336
 1.00434e-16 7.83089e-05 0.00076119 0.00505838 0.0229946 0.0715449 0.152434 0.222483 0.222487 0.152453 0.0716095 0.0231812 0.00552681 0.00178397 0.00202125 0.00321889 0.00463236 0.00583147 0.00643574 0.00627088 0.00546696 0.0043668 0.00331804 0.00251129 0.00195789 0.00157223
 1.01135e-16 3.34501e-05 0.000325146 0.00216072 0.00982233 0.0305612 0.0651159 0.0950501 0.0951051 0.0653843 0.0314621 0.012423 0.00868386 0.0145487 0.0269978 0.0444518 0.0637303 0.079508 0.0863798 0.0818523 0.0678634 0.0495479 0.0322806 0.0192623 0.0110208 0.00642889
 1.01408e-16 7.56014e-05 0.000734872 0.00488348 0.0221996 0.0690713 0.147164 0.214791 0.214794 0.147182 0.069133 0.0223786 0.00533556 0.00173073 0.00199309 0.00324329 0.0048222 0.00638991 0.00764224 0.00841768 0.00875215 0.00878416 0.00860055 0.00816938 0.00740816 0.00630374
 1.01708e-16 5.13522e-05 0.000499161 0.0033171 0.0150791 0.0469168 0.0999625 0.145905 0.145939 0.100128 0.047473 0.0166848 0.0073449 0.00928244 0.0167047 0.027463 0.0393888 0.0491832 0.0535262 0.0509 0.0425181 0.0315523 0.021296 0.0136704 0.00892485 0.00628818
 1.04039e-16 5.33389e-05 0.000518473 0.00344544 0.0156625 0.0487319 0.103829 0.151547 0.15157 0.103943 0.0491133 0.0167656 0.00621966 0.00659182 0.0116378 0.0192851 0.0280757 0.0359251 0.040714 0.0414142 0.0386205 0.0340025 0.0291659 0.0248614 0.0210172 0.0172902
 1.03824e-16 6.21056e-05 0.000603689 0.00401172 0.0182367 0.0567413 0.120894 0.176452 0.176469 0.120976 0.0570165 0.0190321 0.00601045 0.00497441 0.00838503 0.0138223 0.0200435 0.0254981 0.0286459 0.028778 0.0264136 0.0228919 0.0194999 0.0168357 0.0147838 0.0129231
 1.02627e-16 6.31664e-05 0.000614 0.00408025 0.0185482 0.0577105 0.122959 0.179466 0.179484 0.123047 0.0580053 0.0193998 0.0062184 0.00528375 0.00893818 0.0146933 0.0211997 0.026743 0.0296194 0.0290436 0.0256061 0.0208512 0.0163296 0.0128678 0.0104791 0.00875008
 1.06076e-16 2.69146e-05 0.00026162 0.00173856 0.00790326 0.0245902 0.0523941 0.0764817 0.0765342 0.0526509 0.0254528 0.010395 0.00799515 0.0139263 0.0259978 0.0429865 0.0620358 0.0782486 0.0866315 0.084857 0.0746127 0.0603804 0.0466856 0.0359817 0.0283948 0.022837
 1.06607e-16 6.24839e-05 0.000607366 0.00403616 0.0183478 0.0570868 0.12163 0.177524 0.177533 0.121674 0.0572368 0.0187833 0.00513774 0.00304032 0.00476587 0.00799648 0.012019 0.0161729 0.0198015 0.0225661 0.0245492 0.0259963 0.0269396 0.0270702 0.025967 0.0234552
 1.05907e-16 5.14131e-05 0.000499753 0.00332104 0.015097 0.0469725 0.100081 0.146077 0.146106 0.100223 0.0474504 0.0164774 0.00678579 0.0080624 0.0144121 0.0237413 0.0341927 0.0430076 0.047427 0.0462226 0.0404514 0.032753 0.0257587 0.0208374 0.0179077 0.0160834
 1.08779e-16 3.74605e-05 0.000364129 0.00241977 0.0109999 0.0342251 0.0729215 0.106439 0.106474 0.0730969 0.0348144 0.0127038 0.00670364 0.0097385 0.0179075 0.0297188 0.0432119 0.0551851 0.0623703 0.0632244 0.058766 0.0517125 0.0446692 0.0388375 0.0340131 0.0294455
pSPR Fmed_Fpbrs
0.479449   0.6 0.325
Fs Fmed_Fpbrs
0.417699   0.27899 0.682107
SSBpbr Bo_Bmed_Bpbrs
1.44573e+06  620869  795153 397577
Ro
131154
SPR SPRFo_SPRFmed_SPRFpbrs
929568 445681 302110
Fref
0.27899
log_Ro
11.6041
likeval ReclasPelacesDesembMPH_pf_preclas_ppelaces_ptallas_desvR_qrecl_qpela
 11.625 15.9311 0.0292649 0.000820981 184.208 75.8498 52.465 0 21.1435 6.57816e-06 3.12195e-05 0.147649 7.38052e-16 0 0
q_reclas_q_pelaces
1.43827 2.21427
M
1
N
 164488 35468.5 77311.5 5399.4 0.211638
 95134.4 50552.4 10416.2 22635.6 1580.66
 89105.7 25106.5 12266.6 2513.37 5841.48
 141654 23645.2 6134.27 2980.61 2029.48
 112034 32690.4 4850 1248.36 1019.15
 213919 35293.1 9902.24 1465.27 684.954
 83524.9 60463.2 9332.52 2606.81 565.917
 33738.1 16412.9 10139.6 1548.55 526.152
 33326.1 11130.5 5267.71 3248.3 664.585
 45129.2 7924.74 2370.36 1113.57 826.839
 83336.6 8885.14 1332.18 394.28 322.577
 124001 26873.3 2771.31 414.588 223.066
 102976 26838.3 5086.47 519.864 119.558
 72291.4 22922 5261.59 988.765 124.241
 64095.1 11056.9 2808.33 635.148 134.248
 349612 12393.3 1817.12 456.541 125.005
 70588.7 79508.5 2495.83 362.979 116.116
 558185 18503.7 19130.8 597.1 114.583
 328854 151952 4668 4801.69 178.579
 260972 78379.7 32453.1 989.681 1055.47
 351950 64442.7 17499.2 7196.94 453.374
 483076 94999 16085 4345.05 1899.04
 91803.9 120240 21422 3603.26 1398.26
 278121 26430.1 32536.6 5772.8 1347.51
 220070 83227 7506.93 9209.16 2014.95
 103325 65234.6 23360 2099.36 3138.28
pred_Ctot
 17365.7 4606.16 10163.2 710.248 0.0278403
 17460.8 11250.3 2344.27 5097.39 355.966
 16118.2 5509.48 2722.33 558.124 1297.21
 34652.1 6930.92 1816.99 883.352 601.488
 10305 3707.74 556.915 143.44 117.107
 32008.5 6444.06 1829.2 270.839 126.611
 25865 22140.5 3450.35 964.259 209.339
 2220.83 1338.36 837.332 127.966 43.4807
 7716.68 3096.22 1480.99 913.754 186.955
 13942 2895.48 874.424 411.005 305.184
 6573.21 866.174 131.501 38.9456 31.8642
 33676.5 8698.1 906.102 135.625 72.9744
 26769.8 8334.57 1595.88 163.195 37.5326
 28622.2 10533.5 2438.31 458.414 57.6023
 20237.8 4123.06 1057.23 239.229 50.5661
 87719.4 3721.37 551.32 138.592 37.9488
 13183.6 17994.5 571.215 83.1235 26.5918
 94015.9 3789.77 3963.19 123.772 23.7524
 75812.1 42091.9 1306.9 1345.08 50.0261
 56014.6 20277.4 8487.38 258.977 276.202
 60748.7 13515.1 3711.95 1527.54 96.2308
 101932 24178.2 4138.59 1118.61 488.91
 12871 20606.6 3714.73 625.221 242.628
 33355 3889.03 4845.39 860.238 200.806
 27498.9 12747.8 1163.65 1428.42 312.547
 10787.5 8379.58 3037.47 273.153 408.344
F
 0.179825 0.225282 0.22832 0.228482 0.228491
 0.332163 0.416128 0.421739 0.422039 0.422055
 0.326662 0.409237 0.414755 0.41505 0.415065
 0.466307 0.584183 0.59206 0.59248 0.592502
 0.155112 0.194321 0.196942 0.197082 0.197089
 0.26356 0.330184 0.334636 0.334874 0.334886
 0.627076 0.785592 0.796184 0.79675 0.79678
 0.108935 0.136472 0.138312 0.138411 0.138416
 0.436349 0.546652 0.554023 0.554416 0.554437
 0.625148 0.783176 0.793737 0.7943 0.79433
 0.131754 0.165059 0.167285 0.167404 0.16741
 0.530457 0.664548 0.673509 0.673987 0.674012
 0.502398 0.629397 0.637884 0.638337 0.638361
 0.87765 1.09951 1.11433 1.11512 1.11516
 0.643209 0.805802 0.816667 0.817247 0.817277
 0.48096 0.602539 0.610664 0.611098 0.61112
 0.338898 0.424566 0.430291 0.430596 0.430612
 0.301124 0.377243 0.38233 0.382601 0.382615
 0.43405 0.543771 0.551103 0.551494 0.551515
 0.398638 0.499407 0.506141 0.5065 0.506519
 0.309623 0.38789 0.393121 0.3934 0.393415
 0.390688 0.489448 0.496048 0.4964 0.496419
 0.24515 0.30712 0.311261 0.311482 0.311494
 0.206483 0.258679 0.262167 0.262353 0.262363
 0.215955 0.270545 0.274193 0.274388 0.274398
 0.177677 0.222591 0.225592 0.225753 0.225761
nmprior
 8 8 7 0
nm_flota  nm_reclas  nm_pelaces    nm_pelaL
inf 11.051 9.78512 6.20087
cv_recla  cv_pelaces  cv_mph
0.350839 0.564467 0.884243
 ------------------------------------------------
Talla a la edad & desviación 
 8 13.2811 15.8009 17.003 17.5766
 0.8 1.32811 1.58009 1.7003 1.75766
