years
 1991 1992 1993 1994 1995 1996 1997 1998 1999 2000 2001 2002 2003 2004 2005 2006 2007 2008 2009 2010 2011 2012 2013 2014 2015 2016
reclasobs
 0 0 0 0 0 0 0 0 0 252601 567819 844713 477998 351125 339783 2.1784e+06 2.13404e+06 4.81314e+06 1.55562e+06 2.62356e+06 3.21686e+06 3.843e+06 1.13348e+06 3.07943e+06 1.97215e+06 2.03268e+06
reclaspred
 3.09714e+06 1.69695e+06 851104 898799 917347 1.65555e+06 936986 792934 557271 371664 507749 695600 676723 492497 473695 1.36247e+06 1.18767e+06 3.10363e+06 2.48626e+06 1.85509e+06 3.20732e+06 2.61046e+06 1.9536e+06 3.12252e+06 2.25888e+06 1.97076e+06
pelacesobs
 0 0 0 0 0 0 0 0 0 0 0 0 0 0 0 552880 188675 0 991730 2.46772e+06 1.41603e+06 1.21717e+06 2.29649e+06 1.80582e+06 0 1.4828e+06
pelacespred
 1.75503e+06 1.04579e+06 509699 424446 482436 877912 458916 504470 324758 195839 283768 324278 349960 253401 250085 604241 577812 1.65828e+06 1.40085e+06 957726 1.63359e+06 1.41542e+06 1.11768e+06 1.8793e+06 1.36252e+06 1.18933e+06
mphobs
 0 0 0 0 0 0 0 0 0 0 0 498337 0 5186 125008 0 168611 109162 213762 579715 649985 157893 87575 83554 0 0
mphpred
 470418 315380 151475 83248.1 93788.2 114877 164655 88201.7 78744.6 48491.4 29184.7 61543.7 65791.2 53180.3 31404.3 39463.9 151013 130848 307728 217529 237104 289514 274483 216018 315343 250376
desembarqueobs
 494567 514787 250237 358949 120608 361735 552515 73892 212993 205616 52469 317467 293654 387597 252695 516296 358380 742168 942051 627588 828172 859565 418607 520667 417249 300574
desembarquepred
 494573 513919 250651 358977 120613 361738 552530 73897.4 213053 205670 52471.8 317522 293682 387567 252669 516231 358417 742032 941758 627375 828235 859516 418599 520681 417230 300569
Reclutas
 165565 96169.2 89722.7 143626 113420 215875 84682.9 34310.5 33863.9 45885.2 84855.3 125234 103896 72906.1 65107.5 356345 69497.8 570961 329491 270958 355748 494636 94869.6 282333 228308 104960
log_desv_Rt
 0.218223 -0.325035 -0.39442 0.0760685 -0.160046 0.483555 -0.45223 -1.35569 -1.36879 -1.065 -0.450196 -0.0609589 -0.247755 -0.601972 -0.715105 0.984755 -0.649848 1.45618 0.906404 0.710821 0.983079 1.31268 -0.33864 0.751945 0.539552 -0.237565
SSB
 1.8395e+06 1.23324e+06 592322 325529 366745 449208 643860 344899 307919 189618 114122 240657 257266 207954 122802 154317 590515 511660 1.20333e+06 850615 927160 1.1321e+06 1.07333e+06 844706 1.2331e+06 979057
BT
 2.63333e+06 1.8231e+06 884434 863658 727166 1.50504e+06 1.07467e+06 732562 637320 457619 434384 701406 738237 748868 599425 1.26775e+06 1.02529e+06 2.97766e+06 2.75609e+06 1.80968e+06 2.89842e+06 2.66941e+06 1.80427e+06 3.06467e+06 2.14798e+06 1.81891e+06
Ftot
 0.220438 0.406958 0.400055 0.571673 0.190931 0.326153 0.775741 0.134082 0.535441 0.761234 0.160915 0.652965 0.61878 1.07761 0.78436 0.586288 0.418275 0.36868 0.535364 0.484547 0.377417 0.47636 0.297492 0.251922 0.263209 0.216459
BD_Bspro_t
 0.965429 0.761494 0.545037 0.440406 0.4402 0.54053 0.555111 0.359858 0.413222 0.348659 0.301223 0.564098 0.441461 0.34589 0.230027 0.275818 0.472626 0.424947 0.566679 0.450796 0.424457 0.470733 0.484942 0.464809 0.591095 0.593109
BD_Bspro
 1.94986 1.30723 0.627859 0.345059 0.388748 0.476159 0.682489 0.365592 0.326393 0.200995 0.120969 0.255096 0.272701 0.22043 0.13017 0.163576 0.625944 0.542358 1.27552 0.901649 0.982787 1.20002 1.13772 0.895386 1.30708 1.0378
BD_Bo
 1.25225 0.839539 0.403227 0.221606 0.249664 0.305801 0.438312 0.234792 0.209617 0.129084 0.0776894 0.163829 0.175136 0.141566 0.0835981 0.105053 0.401997 0.348316 0.819171 0.579061 0.63117 0.770685 0.730673 0.575039 0.83944 0.666499
BD_Brms
 7.84658 5.26053 2.52661 1.38858 1.56439 1.91614 2.74645 1.4712 1.31346 0.808837 0.486801 1.02655 1.0974 0.887048 0.523824 0.658257 2.5189 2.18254 5.13291 3.62839 3.9549 4.8291 4.57838 3.60318 5.25991 4.17627
Sel_flota
 0.799995 0.987013 0.999308 0.999964 0.999998
 0.799995 0.987013 0.999308 0.999964 0.999998
 0.799995 0.987013 0.999308 0.999964 0.999998
 0.799995 0.987013 0.999308 0.999964 0.999998
 0.799995 0.987013 0.999308 0.999964 0.999998
 0.799995 0.987013 0.999308 0.999964 0.999998
 0.799995 0.987013 0.999308 0.999964 0.999998
 0.799995 0.987013 0.999308 0.999964 0.999998
 0.799995 0.987013 0.999308 0.999964 0.999998
 0.799995 0.987013 0.999308 0.999964 0.999998
 0.799995 0.987013 0.999308 0.999964 0.999998
 0.799995 0.987013 0.999308 0.999964 0.999998
 0.799995 0.987013 0.999308 0.999964 0.999998
 0.799995 0.987013 0.999308 0.999964 0.999998
 0.799995 0.987013 0.999308 0.999964 0.999998
 0.799995 0.987013 0.999308 0.999964 0.999998
 0.799995 0.987013 0.999308 0.999964 0.999998
 0.799995 0.987013 0.999308 0.999964 0.999998
 0.799995 0.987013 0.999308 0.999964 0.999998
 0.799995 0.987013 0.999308 0.999964 0.999998
 0.799995 0.987013 0.999308 0.999964 0.999998
 0.799995 0.987013 0.999308 0.999964 0.999998
 0.799995 0.987013 0.999308 0.999964 0.999998
 0.799995 0.987013 0.999308 0.999964 0.999998
 0.799995 0.987013 0.999308 0.999964 0.999998
 0.799995 0.987013 0.999308 0.999964 0.999998
Sel_reclas
 1 1 1 1 1
 1 1 1 1 1
 1 1 1 1 1
 1 1 1 1 1
 1 1 1 1 1
 1 1 1 1 1
 1 1 1 1 1
 1 1 1 1 1
 1 1 1 1 1
 1 1 1 1 1
 1 1 1 1 1
 1 1 1 1 1
 1 1 1 1 1
 1 1 1 1 1
 1 1 1 1 1
 1 1 1 1 1
 1 1 1 1 1
 1 1 1 1 1
 1 1 1 1 1
 1 1 1 1 1
 1 1 1 1 1
 1 1 1 1 1
 1 1 1 1 1
 1 1 1 1 1
 1 1 1 1 1
 1 1 1 1 1
Sel_pelaces
 0.855679 1 1 1 1
 0.855679 1 1 1 1
 0.855679 1 1 1 1
 0.855679 1 1 1 1
 0.855679 1 1 1 1
 0.855679 1 1 1 1
 0.855679 1 1 1 1
 0.855679 1 1 1 1
 0.855679 1 1 1 1
 0.855679 1 1 1 1
 0.855679 1 1 1 1
 0.855679 1 1 1 1
 0.855679 1 1 1 1
 0.855679 1 1 1 1
 0.855679 1 1 1 1
 0.855679 1 1 1 1
 0.855679 1 1 1 1
 0.855679 1 1 1 1
 0.855679 1 1 1 1
 0.855679 1 1 1 1
 0.855679 1 1 1 1
 0.855679 1 1 1 1
 0.855679 1 1 1 1
 0.855679 1 1 1 1
 0.855679 1 1 1 1
 0.855679 1 1 1 1
pf_obs 
 0.8446 0.082 0.0669 0.0065 0
 0.8095 0.147 0.0364 0.0071 0
 0.9664 0.0169 0.016 0.0007 0
 0.9276 0.0648 0.0075 0.0001 0
 0.7033 0.2144 0.0806 0.0017 0
 0.9318 0.0425 0.0243 0.0014 0
 0.5671 0.3108 0.0964 0.0239 0.0018
 0.0768 0.2599 0.5324 0.112 0.0189
 0.490249 0.384438 0.106611 0.0170017 0.00170017
 0.7925 0.1577 0.0466 0.003 0.0002
 0.840416 0.127587 0.0312969 0.00059994 9.999e-05
 0.8084 0.0986 0.0794 0.0134 0.0002
 0.7335 0.1905 0.0724 0.0035 0.0001
 0.4001 0.4547 0.1325 0.0127 0
 0.49795 0.308269 0.164784 0.0264974 0.00249975
 0.9179 0.0499 0.0305 0.0017 0
 0.2467 0.6533 0.0926 0.0074 0
 0.9418 0.0223 0.034 0.0019 0
 0.707729 0.231977 0.0356964 0.0245975 0
 0.517169 0.277429 0.184464 0.0207286 0.00020938
 0.811772 0.124168 0.05621 0.00726502 0.000585176
 0.764997 0.148141 0.077277 0.00933861 0.000247198
 0.163321 0.427699 0.378323 0.0303852 0.000271297
 0.753843 0.0900009 0.118128 0.0371064 0.000921714
 0.721811 0.176058 0.0630433 0.0369309 0.00215725
 0.143369 0.312575 0.442814 0.0836902 0.0175525
pf_pred 
 0.525713 0.139021 0.313554 0.0217113 8.37592e-07
 0.47846 0.304264 0.0642962 0.143079 0.00990049
 0.613446 0.209306 0.104071 0.0216668 0.051511
 0.772522 0.152738 0.0407509 0.0199629 0.0140255
 0.694855 0.249164 0.0377922 0.00992129 0.0082676
 0.787388 0.15733 0.0452509 0.0067734 0.00325761
 0.493937 0.417533 0.0657574 0.0186437 0.00412964
 0.487448 0.290583 0.183715 0.0284209 0.0098334
 0.577047 0.229449 0.110319 0.0688573 0.014328
 0.755838 0.15659 0.0478628 0.022647 0.0170622
 0.859419 0.11333 0.0175908 0.00528214 0.00437809
 0.773863 0.199921 0.0211886 0.00324617 0.00178141
 0.724965 0.225241 0.0441082 0.00459625 0.00108959
 0.6787 0.249563 0.0589275 0.0113479 0.0014615
 0.786063 0.15992 0.0421509 0.00974918 0.00211689
 0.951418 0.040418 0.00613082 0.00158703 0.000446337
 0.405297 0.572406 0.0186017 0.00277585 0.000919838
 0.923746 0.0355457 0.0392042 0.0012551 0.000249155
 0.625025 0.352322 0.0106424 0.0115674 0.000443491
 0.663334 0.230398 0.0999459 0.00297127 0.00335049
 0.759008 0.173217 0.0466091 0.0199077 0.00125813
 0.774554 0.180645 0.0323366 0.00857433 0.00389068
 0.340463 0.538355 0.0974009 0.0171686 0.00661257
 0.77005 0.0908394 0.113845 0.0203107 0.00495528
 0.642653 0.289128 0.0271743 0.0335944 0.00745028
 0.468565 0.368705 0.132018 0.0122388 0.0184722
pobs_RECLAS
 0 0 0 0 0
 0 0 0 0 0
 0 0 0 0 0
 0 0 0 0 0
 0 0 0 0 0
 0 0 0 0 0
 0 0 0 0 0
 0 0 0 0 0
 0 0 0 0 0
 0 0 0 0 0
 0.991045 0.00858322 0.000360255 1.14367e-05 0
 0.934742 0.0480273 0.0164251 0.00080598 0
 0.827803 0.169806 0.00239088 0 0
 0.941827 0.0461693 0.0120037 0 0
 0.791401 0.0380133 0.147996 0.0225897 0
 0.846168 0.0940531 0.0597789 0 0
 0.134021 0.677848 0.182769 0.00536245 0
 0.80878 0.0450904 0.141981 0.00414843 0
 0.846168 0.0940531 0.0597789 0 0
 0.905697 0.0802665 0.012482 0.00150086 5.37128e-05
 0.989698 0.0102097 9.19794e-05 0 0
 0.975433 0.0193895 0.00387452 0.00125025 5.28907e-05
 0.303575 0.632131 0.0575291 0.00676475 0
 0.966965 0.00978017 0.0227588 0.000495775 0
 0.843318 0.132988 0.00938335 0.0141283 0.000182051
 0.564624 0.303363 0.111486 0.0197234 0.00080311
ppred_RECLAS
 0.580784 0.123984 0.276125 0.0191068 7.37086e-07
 0.534403 0.273145 0.0569778 0.126707 0.00876725
 0.665111 0.18243 0.089542 0.0186292 0.0442878
 0.810015 0.128133 0.0337357 0.0165147 0.0116024
 0.738607 0.213939 0.0320428 0.00840634 0.00700492
 0.82187 0.132256 0.037555 0.00561762 0.00270165
 0.551763 0.370719 0.0575891 0.0163159 0.0036139
 0.541805 0.261188 0.163074 0.025211 0.00872249
 0.631533 0.201124 0.0954331 0.0595245 0.0123856
 0.79643 0.131212 0.0395607 0.0187052 0.0140919
 0.883482 0.0941638 0.0144333 0.00433113 0.00358972
 0.81113 0.167235 0.0174878 0.00267729 0.00146917
 0.767835 0.190593 0.0368278 0.00383488 0.000909065
 0.729514 0.210779 0.0490524 0.00943894 0.0012156
 0.822704 0.132994 0.0345756 0.00799123 0.00173511
 0.960851 0.0326437 0.00488618 0.00126395 0.000355461
 0.459044 0.520927 0.0167107 0.00249195 0.000825732
 0.938123 0.0290426 0.0316218 0.00101166 0.000200822
 0.675623 0.305029 0.00909314 0.00987656 0.00037865
 0.711537 0.198227 0.0848718 0.00252138 0.00284308
 0.79716 0.146331 0.0388701 0.0165909 0.00104848
 0.811096 0.151762 0.0268135 0.00710491 0.0032238
 0.391008 0.49827 0.0890053 0.0156781 0.00603829
 0.807072 0.0768058 0.0950429 0.0169449 0.00413397
 0.690917 0.250702 0.0232651 0.0287422 0.00637399
 0.522984 0.332241 0.117468 0.0108826 0.0164246
pobs_PELACES
 0 0 0 0 0
 0 0 0 0 0
 0 0 0 0 0
 0 0 0 0 0
 0 0 0 0 0
 0 0 0 0 0
 0 0 0 0 0
 0 0 0 0 0
 0 0 0 0 0
 0 0 0 0 0
 0 0 0 0 0
 0 0 0 0 0
 0 0 0 0 0
 0 0 0 0 0
 0 0 0 0 0
 0 0 0 0 0
 0.505614 0.472636 0.0217494 0 0
 0 0 0 0 0
 0.443492 0.261883 0.143347 0.151278 0
 0.227955 0.32914 0.350689 0.0885471 0.00366901
 0.970185 0.0296113 0.000203453 0 0
 0.997202 0.00247181 0.000326279 0 0
 0.445219 0.490057 0.0546422 0.010081 0
 0.90214 0.0892962 0.00764917 0.000914606 0
 0 0 0 0 0
 0.581667 0.319106 0.0959925 0.00289975 0.000334073
ppred_PELACES
 0.545962 0.134367 0.298982 0.0206874 7.98062e-07
 0.501948 0.292392 0.0608919 0.135399 0.00936866
 0.635466 0.198729 0.0973837 0.0202589 0.0481619
 0.79089 0.14114 0.0370742 0.0181467 0.0127489
 0.709881 0.237484 0.0355417 0.00932388 0.00776948
 0.801179 0.147669 0.0418761 0.00626355 0.00301228
 0.525069 0.393012 0.0608604 0.0172398 0.00381851
 0.505065 0.282198 0.176095 0.0272233 0.00941869
 0.602764 0.217046 0.102765 0.06409 0.0133355
 0.778401 0.142993 0.0429797 0.0203184 0.0153072
 0.867614 0.107001 0.0163903 0.00491821 0.0040763
 0.792838 0.183489 0.0191367 0.00292931 0.00160746
 0.746287 0.208377 0.0401631 0.00418163 0.000991254
 0.711725 0.22486 0.052101 0.0100232 0.00129083
 0.80661 0.145184 0.0376247 0.00869448 0.00188779
 0.956109 0.0366122 0.00546717 0.00141406 0.000397674
 0.426983 0.551837 0.0176722 0.0026351 0.000873161
 0.929983 0.0328895 0.0357569 0.00114386 0.000227064
 0.648179 0.33088 0.00984239 0.0106891 0.000409799
 0.685146 0.216496 0.0925117 0.00274806 0.00309866
 0.774955 0.16242 0.0430779 0.0183854 0.00116188
 0.791018 0.167957 0.0296176 0.0078471 0.00356054
 0.358851 0.524697 0.0936128 0.0164886 0.00635044
 0.784385 0.085891 0.106177 0.0189289 0.00461798
 0.660383 0.275525 0.0255415 0.0315527 0.00699722
 0.487445 0.35709 0.126142 0.0116857 0.0176367
pobs_pel_tallas
 0 0 0 0 0 0 0 0 0 0 0 0 0 0 0 0 0 0 0 0 0 0 0 0 0 0
 0 0 0 0 0 0 0 0 0 0 0 0 0 0 0 0 0 0 0 0 0 0 0 0 0 0
 0 0 0 0 0 0 0 0 0 0 0 0 0 0 0 0 0 0 0 0 0 0 0 0 0 0
 0 0 0 0 0 0 0 0 0 0 0 0 0 0 0 0 0 0 0 0 0 0 0 0 0 0
 0 0 0 0 0 0 0 0 0 0 0 0 0 0 0 0 0 0 0 0 0 0 0 0 0 0
 0 0 0 0 0 0 0 0 0 0 0 0 0 0 0 0 0 0 0 0 0 0 0 0 0 0
 0 0 0 0 0 0 0 0 0 0 0 0 0 0 0 0 0 0 0 0 0 0 0 0 0 0
 0 0 0 0 0 0 0 0 0 0 0 0 0 0 0 0 0 0 0 0 0 0 0 0 0 0
 0 0 0 0 0 0 0 0 0 0 0 0 0 0 0 0 0 0 0 0 0 0 0 0 0 0
 0 0 0 0 0 0 0 0 0 0 0 0 0 0 0 0 0 0 0 0 0 0 0 0 0 0
 0 0 0 0 0 0 0 0 0 0 0 0 0 0 0 0 0 0 0 0 0 0 0 0 0 0
 0 0 0 0 0 0 0 0 0 0 0 0 0 0 0 0 0 0 0 0 0 0 0 0 0 0
 0.00862536 0 0 0.000197151 0.00414017 0.0128641 0.00837892 0.0270097 0.101434 0.158115 0.152841 0.127902 0.109271 0.109419 0.0830992 0.0579132 0.0238553 0.00714673 0.00463305 0.00128148 0.00103504 0.000492878 0.000147863 0.000147863 4.92878e-05 0
 0 0 0 0 0 0 0 0 0 0 0 0 0 0 0 0 0 0 0 0 0 0 0 0 0 0
 0 0 0 0 0 0 0 0.0054083 0.00873648 0.0413646 0.0450493 0.0745869 0.0622846 0.0627006 0.0613931 0.0827291 0.12552 0.122667 0.0946155 0.0697135 0.0546179 0.0294188 0.0215738 0.0213955 0.0102223 0.00600262
 0 0 0 0 0.00359764 0.0251062 0.0480494 0.140153 0.205849 0.193036 0.1447 0.116669 0.0760912 0.0342217 0.00950174 0.001854 0.000860785 0 0 0 0.000165536 0 0.000143464 0 0 0
 0 0 0 0 0 0 0 0.000145254 0.000435761 0.0275982 0.070085 0.0708112 0.156366 0.174668 0.174014 0.160142 0.0824315 0.0480064 0.0283245 0.00493863 0.00203355 0 0 0 0 0
 0 0 0 0 0 0 0 0 0 0 0 0 0 0 0 0 0 0 0 0 0 0 0 0 0 0
 0 0 1.00437e-05 0.000401748 0.00122533 0.00171747 0.00176769 0.0269171 0.070346 0.194647 0.189555 0.159765 0.064822 0.0314167 0.0384472 0.0292271 0.0345202 0.0313363 0.0194345 0.0106764 0.0143323 0.0359363 0.0279516 0.0138201 0.00172751 0
 0 0.0021121 0.0136068 0.0755702 0.200478 0.177729 0.0527432 0.0373336 0.0318909 0.0142505 0.0149659 0.0166563 0.0217959 0.0798694 0.0677717 0.0528807 0.04013 0.0224614 0.0357745 0.0225083 0.00881397 0.00855152 0.00135912 0.000746735 0 0
 0 0 0 0 5.4009e-05 0.00500934 0.000945158 0.0243581 0.138947 0.33067 0.221406 0.137944 0.0707744 0.0437923 0.0131692 0.00525238 0.0047753 0.00276346 9.45158e-05 9.00151e-06 2.25038e-05 9.00151e-06 4.50075e-06 0 0 0
 0.000866109 0.00284123 0.00948549 0.0512746 0.133035 0.25785 0.225252 0.132002 0.0553304 0.0519788 0.0540692 0.017754 0.00435017 0.00159236 0.00146478 0.000404838 0.000125132 0.000115318 0.000107957 0.000100596 0 0 0 0 0 0
 0 0 0 0 0.00144013 0.00171154 0.00461396 0.0210425 0.0478622 0.0707936 0.0888783 0.103762 0.0637923 0.0337046 0.0602308 0.124433 0.169614 0.0934646 0.0462172 0.0250306 0.0313229 0.00938855 0.002487 0.000210481 0 0
 0 0.00764035 0.051015 0.0998891 0.058973 0.0496711 0.0374665 0.0718981 0.12319 0.153886 0.159021 0.0857701 0.0377988 0.023471 0.0147837 0.00900784 0.00315554 0.000888139 0.00291439 0.00214683 0.00393193 0.00274676 0.000635225 9.99891e-05 0 0
 0 0 0 0 0 0 0 0 0 0 0 0 0 0 0 0 0 0 0 0 0 0 0 0 0 0
 0 0 0 0 0 0 0 0 0 0 0 0 0 0 0 0 0 0 0 0 0 0 0 0 0 0
ppred_pel_tallas
 1.10738e-16 4.49702e-05 0.000437127 0.00290486 0.0132051 0.041086 0.0875385 0.127768 0.127781 0.0876041 0.0413076 0.0138507 0.00454654 0.00409027 0.00718575 0.012336 0.0189918 0.0264285 0.0338413 0.0407067 0.0468208 0.0519116 0.0552488 0.0557546 0.0526284 0.0459808
 1.16997e-16 4.13449e-05 0.000401887 0.00267068 0.0121406 0.0377739 0.0804824 0.117472 0.117501 0.0806205 0.0382379 0.0134818 0.00604192 0.0077766 0.0140945 0.0233668 0.0339854 0.0434828 0.0494292 0.0508552 0.0488748 0.0458856 0.0439599 0.0436721 0.0440903 0.0436611
 1.13044e-16 5.23426e-05 0.000508788 0.00338108 0.0153699 0.0478216 0.10189 0.148715 0.148734 0.101984 0.0481384 0.0162865 0.00568794 0.005565 0.00971539 0.016139 0.0236261 0.0305305 0.0352182 0.0369776 0.0364205 0.0349668 0.0338369 0.0333609 0.0330291 0.0320446
 1.05084e-16 6.51446e-05 0.000633229 0.00420803 0.0191291 0.0595178 0.126809 0.185085 0.185099 0.126876 0.0597417 0.0197762 0.00583414 0.00418888 0.00683546 0.0112442 0.0163046 0.0207496 0.0233409 0.0235297 0.0217788 0.0192188 0.0169196 0.0153485 0.0143382 0.0134281
 1.03337e-16 5.8472e-05 0.000568369 0.00377701 0.0171698 0.0534216 0.113821 0.16613 0.166153 0.113933 0.0537973 0.0182548 0.00650085 0.00651541 0.0113556 0.0186878 0.0269326 0.0339082 0.0374319 0.0365029 0.0318939 0.0256158 0.0197007 0.0152508 0.0123039 0.0103143
 1.02385e-16 6.59921e-05 0.000641467 0.00426277 0.019378 0.0602921 0.128459 0.187493 0.187507 0.128529 0.0605263 0.0200548 0.00596346 0.00435938 0.0071425 0.011744 0.0170053 0.0215806 0.0241376 0.0240524 0.021755 0.0183931 0.0150987 0.0124444 0.01041 0.00870398
 1.04232e-16 4.32494e-05 0.000420399 0.0027937 0.0126998 0.039514 0.0841901 0.122886 0.122924 0.0843752 0.0401356 0.0144955 0.00730179 0.0102632 0.0187413 0.0309274 0.0445777 0.0561207 0.0619389 0.0603596 0.0526371 0.0420726 0.0320113 0.024283 0.0189896 0.0152987
 1.09478e-16 4.16016e-05 0.000404382 0.00268726 0.0122159 0.0380084 0.080982 0.118201 0.118229 0.0811161 0.0384592 0.0135208 0.00597315 0.00761242 0.0138334 0.023071 0.0338548 0.0438776 0.0507746 0.0534008 0.0523867 0.04945 0.0460804 0.0427158 0.0389256 0.034178
 1.11706e-16 4.96489e-05 0.000482605 0.00320708 0.0145789 0.0453606 0.0966463 0.141063 0.141084 0.0967493 0.0457066 0.0155802 0.00572705 0.00600644 0.0106081 0.0176387 0.0258342 0.0334102 0.0385895 0.0405941 0.0400716 0.0385217 0.0371953 0.0363636 0.0354166 0.0335154
 1.05905e-16 6.41159e-05 0.00062323 0.00414158 0.018827 0.058578 0.124807 0.182162 0.182176 0.124875 0.058805 0.0194834 0.00579129 0.00423206 0.00694041 0.0114326 0.0166074 0.0211978 0.0239647 0.0243621 0.0228553 0.020567 0.0185402 0.0171989 0.0163291 0.0154385
 1.01684e-16 7.14642e-05 0.000694658 0.00461625 0.0209848 0.0652915 0.139111 0.203039 0.203049 0.139161 0.0654608 0.0214737 0.00584374 0.00337485 0.00516338 0.00842776 0.0121453 0.015299 0.0169058 0.0165172 0.0144833 0.0117093 0.00910633 0.00716319 0.0058867 0.00502141
 1.01166e-16 6.5305e-05 0.000634788 0.00421839 0.0191762 0.0596644 0.127122 0.185542 0.18556 0.127208 0.0599543 0.0200134 0.00631933 0.00521923 0.0087663 0.014374 0.0206643 0.0259099 0.0283958 0.0273289 0.0233077 0.0179197 0.0128008 0.00888847 0.0062943 0.00465258
 1.018e-16 6.14707e-05 0.000597518 0.00397072 0.0180503 0.0561613 0.119658 0.174649 0.174669 0.119757 0.0564911 0.0190032 0.00636322 0.0058227 0.00999174 0.0164382 0.0237127 0.0298974 0.0330726 0.0323391 0.0283325 0.0227614 0.0173598 0.0130825 0.0100066 0.0077506
 1.02785e-16 5.86239e-05 0.000569845 0.00378682 0.0172144 0.0535604 0.114117 0.166561 0.166583 0.114223 0.0539166 0.0182437 0.00637223 0.0062189 0.0108021 0.0178041 0.0257318 0.0325452 0.0361967 0.0357288 0.0318165 0.0262599 0.0208587 0.0165606 0.0133829 0.0108869
 1.02315e-16 6.64394e-05 0.000645815 0.00429167 0.0195093 0.0607007 0.12933 0.188764 0.188778 0.129398 0.0609309 0.0201744 0.00596265 0.00429808 0.00701595 0.0115282 0.016681 0.0211458 0.0236104 0.0234638 0.0211389 0.01778 0.014517 0.011923 0.00997515 0.00837142
 1.00377e-16 7.87534e-05 0.000765511 0.00508709 0.0231252 0.0719511 0.153299 0.223746 0.223749 0.153317 0.072009 0.0232924 0.00550697 0.00168219 0.00181996 0.00288479 0.00414954 0.00522122 0.00575772 0.00560266 0.00487315 0.0038778 0.00293006 0.00220252 0.00170638 0.00136477
 1.01064e-16 3.51701e-05 0.000341866 0.00227182 0.0103274 0.0321327 0.068464 0.0999364 0.0999895 0.0687234 0.0330032 0.0128406 0.00857534 0.0140863 0.0260906 0.0429521 0.0615763 0.0768129 0.083437 0.0790391 0.0654934 0.0477662 0.0310573 0.0184651 0.0105026 0.00607978
 1.01194e-16 7.66014e-05 0.000744593 0.00494808 0.0224933 0.0699849 0.14911 0.217632 0.217635 0.149126 0.070038 0.022647 0.00533624 0.0015995 0.00172231 0.00278344 0.00413507 0.00547488 0.00654003 0.0071917 0.00746207 0.00747296 0.00730268 0.00692707 0.00627677 0.00533947
 1.0151e-16 5.33897e-05 0.000518967 0.00344872 0.0156774 0.0487784 0.103929 0.151694 0.151725 0.104084 0.0493004 0.0171844 0.00722886 0.00876189 0.0156814 0.0257701 0.0369548 0.0461322 0.0501833 0.0476819 0.0397684 0.0294249 0.0197506 0.012558 0.0080887 0.0056216
 1.03526e-16 5.64346e-05 0.000548564 0.0036454 0.0165715 0.0515602 0.109855 0.160341 0.160362 0.109958 0.0519045 0.0175672 0.00614919 0.00602908 0.0105079 0.0173937 0.0253079 0.0323559 0.0366185 0.0371664 0.0345435 0.030273 0.0258252 0.0218978 0.0184358 0.0151264
 1.03326e-16 6.3832e-05 0.00062047 0.00412324 0.0187437 0.0583186 0.124255 0.181356 0.181372 0.124331 0.0585762 0.0194881 0.00599371 0.00470964 0.00784745 0.0129187 0.0187133 0.0237653 0.0266236 0.0266207 0.0242505 0.0207871 0.0174657 0.0148772 0.012934 0.0112447
 1.02288e-16 6.51551e-05 0.000633331 0.00420871 0.0191322 0.0595274 0.12683 0.185116 0.185132 0.126909 0.0597932 0.0199001 0.00613671 0.00484389 0.00806682 0.0132463 0.019107 0.0240946 0.0266696 0.0261227 0.0229871 0.018659 0.0145429 0.011391 0.0092214 0.00766407
 1.05564e-16 2.95582e-05 0.000287316 0.00190932 0.00867952 0.0270055 0.0575399 0.0839917 0.0840423 0.0577871 0.0278358 0.0110782 0.00793179 0.0134391 0.0250209 0.0413534 0.0596502 0.0751807 0.0831252 0.0812404 0.0711644 0.0572441 0.0438805 0.0334767 0.026177 0.0209293
 1.05766e-16 6.46088e-05 0.000628021 0.00417342 0.0189718 0.0590282 0.125766 0.183561 0.18357 0.125807 0.0591672 0.0193752 0.00519334 0.00287889 0.00441096 0.007377 0.0110577 0.0148202 0.0180415 0.0204032 0.0219957 0.0230809 0.0237382 0.0237293 0.0226932 0.0204672
 1.05156e-16 5.4395e-05 0.000528738 0.00351365 0.0159726 0.0496967 0.105885 0.154548 0.154575 0.106015 0.0501322 0.0172302 0.00667005 0.00741794 0.0131351 0.0216226 0.0311329 0.0391424 0.0431318 0.041978 0.0366435 0.029538 0.0230697 0.018501 0.0157737 0.014092
 1.07889e-16 4.01503e-05 0.000390275 0.00259352 0.0117898 0.0366825 0.0781573 0.11408 0.114115 0.0783261 0.0372497 0.0134295 0.0067152 0.00940705 0.0172206 0.0285519 0.0414672 0.0528585 0.0595594 0.0600788 0.0554188 0.0482481 0.0411482 0.035346 0.0306858 0.0264409
pSPR Fmed_Fpbrs
0.488185   0.209592 0.209592
Fs Fmed_Fpbrs
0.402685   1.005 1.005
SSBpbr Bo_Bmed_Bpbrs
1.46895e+06  643674  234433 234433
Ro
133106
SPR SPRFo_SPRFmed_SPRFpbrs
943399 460553 197729
Fref
1.005
log_Ro
11.6189
likeval ReclasPelacesDesembMPH_pf_preclas_ppelaces_ptallas_desvR_qrecl_qpela
 11.7043 16.0427 0.0304588 0.000821578 184.15 75.8533 52.5061 0 21.2811 5.52332e-06 1.92323e-05 0.154345 0 0 0
q_reclas_q_pelaces
1.39519 1.86623
M
1
N
 165565 36080.4 80463.9 5568.19 0.214806
 96169.2 51060.8 10677.9 23748.6 1643.25
 89722.7 25547.7 12570.4 2615.62 6218.22
 143626 23967.1 6332.44 3100.51 2178.29
 113420 33444.2 5015 1315.75 1096.41
 215875 35814.6 10190.2 1524.45 733.15
 84682.9 61177.4 9549.01 2706.07 599.391
 34310.5 16748.8 10465.8 1618.07 559.82
 33863.9 11338.3 5397.77 3367.34 700.667
 45885.2 8117.32 2458.87 1162.9 876.104
 84855.3 9181.22 1408.68 422.737 350.373
 125234 27445.9 2881.57 441.247 242.138
 103896 27325.4 5300.13 552.016 130.858
 72906.1 23298 5457.95 1050.62 135.307
 65107.5 11325.9 2958.72 684.006 148.518
 356345 12788.6 1921.14 497.052 139.788
 69497.8 82012.6 2637.63 393.386 130.353
 570961 18295.9 19966 638.839 126.815
 329491 156394 4677.6 5081.49 194.817
 270958 78985.2 33918.8 1007.82 1136.42
 355748 67648.8 18011.4 7688.74 485.9
 494636 96765.6 17146.9 4544.19 2061.91
 94869.6 124305 22245 3918.8 1509.3
 282333 27509 34093.6 6078.96 1483.06
 228308 84906.6 7892.1 9750.92 2162.41
 104960 68042.3 24089.2 2231.86 3368.46
pred_Ctot
 17165.7 4539.32 10238.2 708.92 0.0273492
 17344.9 11030.1 2330.84 5186.86 358.909
 15942.3 5439.47 2704.61 563.08 1338.67
 34576.8 6836.32 1823.95 893.507 627.757
 10283.1 3687.35 559.281 146.824 122.351
 32011.3 6396.26 1839.68 275.373 132.438
 26014.7 21990.7 3463.32 981.927 217.501
 2225.4 1326.63 838.734 129.753 44.8936
 7721.18 3070.14 1476.12 921.346 191.717
 13892.1 2878.08 879.703 416.245 313.599
 6547.51 863.411 134.016 40.2422 33.3547
 33595.3 8679.07 919.849 140.924 77.3355
 26687 8291.45 1623.68 169.194 40.1093
 28509.5 10483.1 2475.31 476.68 61.392
 20171.8 4103.83 1081.67 250.181 54.3232
 87588.1 3720.91 564.407 146.103 41.0901
 12837.4 18130.5 589.193 87.9227 29.1351
 94423.8 3633.42 4007.4 128.294 25.4683
 75116.8 42342.9 1279.03 1390.2 53.2997
 56794.4 19726.6 8557.33 254.399 286.867
 60060.7 13706.8 3688.21 1575.31 99.5567
 102186 23832.3 4266.14 1131.2 513.294
 12949.4 20476.2 3704.61 653.002 251.507
 33114.8 3906.41 4895.73 873.433 213.094
 27876.6 12541.6 1178.75 1457.24 323.174
 10699.5 8419.19 3014.57 279.467 421.803
F
 0.176349 0.217575 0.220286 0.22043 0.220438
 0.325564 0.401672 0.406676 0.406943 0.406957
 0.320042 0.394859 0.399778 0.40004 0.400054
 0.457336 0.564249 0.571278 0.571653 0.571672
 0.152744 0.188451 0.190799 0.190924 0.19093
 0.26092 0.321917 0.325927 0.326141 0.326152
 0.620588 0.765666 0.775204 0.775712 0.775739
 0.107265 0.132341 0.133989 0.134077 0.134082
 0.42835 0.528487 0.53507 0.535421 0.53544
 0.608983 0.751348 0.760707 0.761206 0.761233
 0.128731 0.158825 0.160804 0.160909 0.160915
 0.522368 0.644485 0.652513 0.652941 0.652964
 0.49502 0.610743 0.618351 0.618757 0.618778
 0.86208 1.06361 1.07686 1.07757 1.07761
 0.627484 0.774174 0.783818 0.784332 0.784359
 0.469027 0.578673 0.585882 0.586266 0.586286
 0.334618 0.412843 0.417986 0.41826 0.418274
 0.294942 0.363892 0.368425 0.368667 0.36868
 0.428288 0.528411 0.534993 0.535344 0.535363
 0.387635 0.478254 0.484212 0.48453 0.484546
 0.301931 0.372515 0.377155 0.377403 0.377416
 0.381085 0.470173 0.47603 0.476343 0.476359
 0.237992 0.293628 0.297286 0.297481 0.297491
 0.201536 0.24865 0.251748 0.251913 0.251922
 0.210566 0.259791 0.263027 0.263199 0.263208
 0.173166 0.213647 0.216309 0.216451 0.216458
nmprior
 8 8 7 0
nm_flota  nm_reclas  nm_pelaces    nm_pelaL
inf 10.7579 12.3335 7.46226
cv_recla  cv_pelaces  cv_mph
0.352034 0.56644 0.884565
 ------------------------------------------------
Talla a la edad & desviación 
 8 13.2811 15.8009 17.003 17.5766
 0.8 1.32811 1.58009 1.7003 1.75766
