years
 1991 1992 1993 1994 1995 1996 1997 1998 1999 2000 2001 2002 2003 2004 2005 2006 2007 2008 2009 2010 2011 2012 2013 2014 2015 2016 2017 2018 2019
reclasobs
 0 0 0 0 0 0 0 0 0 252601 567819 844713 477998 351125 339783 2.1784e+06 2.13404e+06 4.81314e+06 1.55562e+06 2.62356e+06 3.21686e+06 3.843e+06 1.13348e+06 3.07943e+06 1.97215e+06 2.03268e+06 2.025e+06 2.42433e+06 2.27542e+06
reclaspred
 3.25816e+06 2.44957e+06 1.86825e+06 2.03832e+06 2.12892e+06 2.45377e+06 2.05329e+06 2.89246e+06 3.02734e+06 3.21604e+06 2.35573e+06 2.36835e+06 2.18414e+06 2.0445e+06 2.11055e+06 2.15339e+06 2.24545e+06 2.5981e+06 1.49514e+06 1.10146e+06 1.76236e+06 1.10548e+06 1.39243e+06 2.09568e+06 1.85368e+06 2.23467e+06 2.40865e+06 2.02418e+06 2.42298e+06
pelacesobs
 0 0 0 0 0 0 0 0 0 0 0 0 0 0 0 552880 188675 0 991730 2.46772e+06 1.41603e+06 1.21717e+06 2.29649e+06 1.80582e+06 0 1.4828e+06 1.56532e+06 1.57751e+06 1.42118e+06
pelacespred
 1.49747e+06 1.22153e+06 917657 882943 998471 1.13527e+06 966822 1.49554e+06 1.6576e+06 1.64671e+06 1.34923e+06 1.1364e+06 1.10398e+06 1.12742e+06 1.16929e+06 1.02301e+06 1.02406e+06 1.1251e+06 735107 477526 694065 487178 641075 1.03012e+06 926991 1.08966e+06 1.30592e+06 1.16491e+06 1.10378e+06
mphobs
 0 0 0 0 0 0 0 0 0 0 0 498337 0 5186 125008 0 168611 109162 213762 579715 649985 157893 87575 83554 0 0 0 0 0
mphpred
 2.88512e+06 2.30092e+06 1.73486e+06 1.49151e+06 1.68009e+06 1.81923e+06 1.86287e+06 1.70368e+06 2.3967e+06 2.73355e+06 2.19813e+06 1.98507e+06 1.80473e+06 1.59195e+06 1.53243e+06 1.8957e+06 1.63793e+06 2.03661e+06 1.52999e+06 907179 1.07375e+06 1.11616e+06 771907 1.32042e+06 1.68836e+06 1.48055e+06 1.86826e+06 1.66927e+06 1.92662e+06
desembarqueobs
 494567 514787 250237 358949 120608 361735 552515 73892 212993 205616 52469 317467 293654 387597 252695 516296 358380 742168 942051 627588 828172 859565 418607 520667 417249 300574 407403 355545 319650
desembarquepred
 493743 495555 259436 359067 120639 361835 552701 73910.8 213089 205715 52484.7 317689 293847 387895 252828 516569 358461 741812 940374 626594 827379 858189 418596 520762 417329 300649 407497 355589 319711
Reclutas
 317833 317833 317833 317833 317833 317833 317833 317833 317833 317833 317833 317833 317833 317833 317833 317833 317833 317833 317833 317833 317833 317833 317833 317833 317833 317833 317833 317833 317833
log_desv_Rt
 0 0 0 0 0 0 0 0 0 0 0 0 0 0 0 0 0 0 0 0 0 0 0 0 0 0 0 0 0
SSB
 2.88512e+06 2.30092e+06 1.73486e+06 1.49151e+06 1.68009e+06 1.81923e+06 1.86287e+06 1.70368e+06 2.3967e+06 2.73355e+06 2.19813e+06 1.98507e+06 1.80473e+06 1.59195e+06 1.53243e+06 1.8957e+06 1.63793e+06 2.03661e+06 1.52999e+06 907179 1.07375e+06 1.11616e+06 771907 1.32042e+06 1.68836e+06 1.48055e+06 1.86826e+06 1.66927e+06 1.92662e+06
BT
 4.22728e+06 3.70571e+06 2.58781e+06 2.78294e+06 2.78334e+06 3.58171e+06 3.10278e+06 4.96298e+06 5.13136e+06 4.6696e+06 3.70077e+06 3.36277e+06 3.40118e+06 3.92501e+06 3.96092e+06 3.26004e+06 3.27239e+06 3.79779e+06 3.14408e+06 2.01569e+06 2.90823e+06 2.25941e+06 2.56872e+06 3.89715e+06 2.93975e+06 3.68036e+06 4.44247e+06 3.98238e+06 3.26022e+06
Ftot
 0.143734 0.191113 0.131841 0.166842 0.0541506 0.139983 0.253008 0.0244778 0.06722 0.0610891 0.0213442 0.12743 0.12783 0.179665 0.114043 0.226008 0.151467 0.267956 0.573766 0.523207 0.43484 0.699019 0.282826 0.234457 0.212428 0.127916 0.160422 0.166572 0.125376
BD_Bspro_t
 0.977265 0.860083 0.77789 0.767817 0.780367 0.831129 0.800743 0.749519 0.858151 0.888935 0.891773 0.913925 0.856986 0.815988 0.79948 0.813429 0.738414 0.770902 0.656494 0.50578 0.496717 0.48847 0.432279 0.597909 0.679 0.699326 0.779161 0.781953 0.801299
BD_Bspro
 1.27726 1.01863 0.76803 0.660299 0.743783 0.805383 0.824704 0.754228 1.06103 1.21016 0.973124 0.878801 0.798962 0.704766 0.678417 0.839235 0.725119 0.901616 0.677337 0.401613 0.475356 0.494131 0.341727 0.584555 0.747448 0.655447 0.827087 0.738993 0.852923
BD_Bo
 1.20264 0.959124 0.723163 0.621725 0.700332 0.758333 0.776527 0.710167 0.999049 1.13946 0.916276 0.827463 0.752288 0.663595 0.638785 0.790208 0.682759 0.848945 0.637768 0.378152 0.447587 0.465265 0.321764 0.550406 0.703783 0.617157 0.77877 0.695823 0.803097
BD_Brms
 5.10274 4.06952 3.06835 2.63795 2.97147 3.21757 3.29476 3.0132 4.23891 4.83467 3.88771 3.51088 3.19192 2.8156 2.71033 3.35281 2.89691 3.60203 2.70602 1.60448 1.89909 1.97409 1.36523 2.33535 2.98612 2.61857 3.30428 2.95234 3.4075
Sel_flota
 0.5 1 1 1 1
 0.5 1 1 1 1
 0.5 1 1 1 1
 0.5 1 1 1 1
 0.5 1 1 1 1
 0.5 1 1 1 1
 0.5 1 1 1 1
 0.5 1 1 1 1
 0.5 1 1 1 1
 0.5 1 1 1 1
 0.5 1 1 1 1
 0.5 1 1 1 1
 0.5 1 1 1 1
 0.5 1 1 1 1
 0.5 1 1 1 1
 0.5 1 1 1 1
 0.5 1 1 1 1
 0.5 1 1 1 1
 0.5 1 1 1 1
 0.5 1 1 1 1
 0.5 1 1 1 1
 0.5 1 1 1 1
 0.5 1 1 1 1
 0.5 1 1 1 1
 0.5 1 1 1 1
 0.5 1 1 1 1
 0.5 1 1 1 1
 0.5 1 1 1 1
 0.5 1 1 1 1
Sel_reclas
 0.5 1 1 1 1
 0.5 1 1 1 1
 0.5 1 1 1 1
 0.5 1 1 1 1
 0.5 1 1 1 1
 0.5 1 1 1 1
 0.5 1 1 1 1
 0.5 1 1 1 1
 0.5 1 1 1 1
 0.5 1 1 1 1
 0.5 1 1 1 1
 0.5 1 1 1 1
 0.5 1 1 1 1
 0.5 1 1 1 1
 0.5 1 1 1 1
 0.5 1 1 1 1
 0.5 1 1 1 1
 0.5 1 1 1 1
 0.5 1 1 1 1
 0.5 1 1 1 1
 0.5 1 1 1 1
 0.5 1 1 1 1
 0.5 1 1 1 1
 0.5 1 1 1 1
 0.5 1 1 1 1
 0.5 1 1 1 1
 0.5 1 1 1 1
 0.5 1 1 1 1
 0.5 1 1 1 1
Sel_pelaces
 0.5 1 1 1 1
 0.5 1 1 1 1
 0.5 1 1 1 1
 0.5 1 1 1 1
 0.5 1 1 1 1
 0.5 1 1 1 1
 0.5 1 1 1 1
 0.5 1 1 1 1
 0.5 1 1 1 1
 0.5 1 1 1 1
 0.5 1 1 1 1
 0.5 1 1 1 1
 0.5 1 1 1 1
 0.5 1 1 1 1
 0.5 1 1 1 1
 0.5 1 1 1 1
 0.5 1 1 1 1
 0.5 1 1 1 1
 0.5 1 1 1 1
 0.5 1 1 1 1
 0.5 1 1 1 1
 0.5 1 1 1 1
 0.5 1 1 1 1
 0.5 1 1 1 1
 0.5 1 1 1 1
 0.5 1 1 1 1
 0.5 1 1 1 1
 0.5 1 1 1 1
 0.5 1 1 1 1
pf_obs 
 0.8446 0.082 0.0669 0.0065 0
 0.8095 0.147 0.0364 0.0071 0
 0.9664 0.0169 0.016 0.0007 0
 0.9276 0.0648 0.0075 0.0001 0
 0.7033 0.2144 0.0806 0.0017 0
 0.9318 0.0425 0.0243 0.0014 0
 0.5671 0.3108 0.0964 0.0239 0.0018
 0.0768 0.2599 0.5324 0.112 0.0189
 0.490249 0.384438 0.106611 0.0170017 0.00170017
 0.7925 0.1577 0.0466 0.003 0.0002
 0.840416 0.127587 0.0312969 0.00059994 9.999e-05
 0.8084 0.0986 0.0794 0.0134 0.0002
 0.7335 0.1905 0.0724 0.0035 0.0001
 0.4001 0.4547 0.1325 0.0127 0
 0.49795 0.308269 0.164784 0.0264974 0.00249975
 0.9179 0.0499 0.0305 0.0017 0
 0.2467 0.6533 0.0926 0.0074 0
 0.9418 0.0223 0.034 0.0019 0
 0.707729 0.231977 0.0356964 0.0245975 0
 0.517169 0.277429 0.184464 0.0207286 0.00020938
 0.811772 0.124168 0.05621 0.00726502 0.000585176
 0.764997 0.148141 0.077277 0.00933861 0.000247198
 0.163321 0.427699 0.378323 0.0303852 0.000271297
 0.753843 0.0900009 0.118128 0.0371064 0.000921714
 0.721811 0.176058 0.0630433 0.0369309 0.00215725
 0.143369 0.312575 0.442814 0.0836902 0.0175525
 0.692698 0.0596174 0.167031 0.0765114 0.00414204
 0.394062 0.376323 0.152708 0.0712218 0.00568511
 0.125707 0.32114 0.495352 0.0537591 0.00404204
pf_pred 
 0.424973 0.363486 0.133719 0.0491925 0.0286289
 0.479451 0.315783 0.129436 0.047617 0.027712
 0.503849 0.327938 0.102044 0.0418267 0.0243422
 0.504781 0.336064 0.105196 0.0327336 0.0212256
 0.504589 0.337727 0.107007 0.0334958 0.0171813
 0.492104 0.342435 0.112797 0.0357391 0.0169255
 0.506401 0.330131 0.110214 0.0363039 0.0169502
 0.516387 0.333086 0.100676 0.0336105 0.0162403
 0.487802 0.349639 0.111962 0.0338407 0.0167566
 0.48447 0.340336 0.119592 0.0382959 0.0173065
 0.480362 0.341278 0.117747 0.0413757 0.0192369
 0.47839 0.339253 0.119765 0.0413212 0.0212708
 0.49369 0.33199 0.113377 0.0400249 0.020918
 0.501508 0.333703 0.108053 0.0369009 0.0198351
 0.508509 0.334069 0.105383 0.0341229 0.0179171
 0.506543 0.3363 0.10682 0.0336967 0.0166401
 0.518881 0.330576 0.102597 0.0325885 0.0153566
 0.517376 0.334384 0.101855 0.0316117 0.0147726
 0.548141 0.315871 0.094219 0.0286996 0.0130696
 0.598298 0.298557 0.0721033 0.0215072 0.0095346
 0.599234 0.311635 0.0662442 0.0159984 0.0068876
 0.598518 0.310497 0.07075 0.0150393 0.00519576
 0.616386 0.302097 0.0630432 0.014365 0.00410851
 0.560742 0.34159 0.076914 0.0160508 0.00470336
 0.538874 0.337759 0.0959368 0.0216016 0.00582889
 0.52539 0.338601 0.0996217 0.0282965 0.0080906
 0.510609 0.341048 0.105832 0.0311374 0.011373
 0.511165 0.335504 0.106854 0.0331583 0.013319
 0.510189 0.336603 0.105152 0.0334897 0.0145667
pobs_RECLAS
 0 0 0 0 0
 0 0 0 0 0
 0 0 0 0 0
 0 0 0 0 0
 0 0 0 0 0
 0 0 0 0 0
 0 0 0 0 0
 0 0 0 0 0
 0 0 0 0 0
 0 0 0 0 0
 0.991045 0.00858322 0.000360255 1.14367e-05 0
 0.934742 0.0480273 0.0164251 0.00080598 0
 0.827803 0.169806 0.00239088 0 0
 0.941827 0.0461693 0.0120037 0 0
 0.791401 0.0380133 0.147996 0.0225897 0
 0.846168 0.0940531 0.0597789 0 0
 0.134021 0.677848 0.182769 0.00536245 0
 0.80878 0.0450904 0.141981 0.00414843 0
 0.846168 0.0940531 0.0597789 0 0
 0.905697 0.0802665 0.012482 0.00150086 5.37128e-05
 0.989698 0.0102097 9.19794e-05 0 0
 0.975433 0.0193895 0.00387452 0.00125025 5.28907e-05
 0.303575 0.632131 0.0575291 0.00676475 0
 0.966965 0.00978017 0.0227588 0.000495775 0
 0.843318 0.132988 0.00938335 0.0141283 0.000182051
 0.564624 0.303363 0.111486 0.0197234 0.00080311
 0.826376 0.0876187 0.0782897 0.00655872 0.00115652
 0.89761 0.0855135 0.0140674 0.00269457 0.000114338
 0.34875 0.467042 0.161289 0.0227151 0.000203297
ppred_RECLAS
 0.426563 0.362481 0.133349 0.0490565 0.0285498
 0.481676 0.314434 0.128883 0.0474135 0.0275935
 0.505329 0.32696 0.101739 0.041702 0.0242696
 0.506696 0.334764 0.104789 0.032607 0.0211435
 0.505165 0.337334 0.106883 0.0334568 0.0171613
 0.493683 0.341371 0.112446 0.035628 0.0168729
 0.509464 0.328082 0.10953 0.0360786 0.0168451
 0.516642 0.332911 0.100623 0.0335928 0.0162317
 0.488524 0.349146 0.111804 0.033793 0.016733
 0.485123 0.339905 0.11944 0.0382474 0.0172845
 0.480584 0.341132 0.117697 0.041358 0.0192287
 0.479813 0.338328 0.119438 0.0412085 0.0212128
 0.495121 0.331052 0.113057 0.0399118 0.0208589
 0.503587 0.332311 0.107602 0.0367469 0.0197524
 0.509773 0.333209 0.105112 0.0340351 0.017871
 0.509235 0.334465 0.106238 0.0335129 0.0165493
 0.5206 0.329395 0.102231 0.032472 0.0153018
 0.520645 0.332119 0.101165 0.0313976 0.0146725
 0.556319 0.310154 0.0925138 0.0281802 0.0128331
 0.605345 0.293319 0.0708384 0.0211299 0.00936733
 0.604828 0.307286 0.0653196 0.0157751 0.00679146
 0.608745 0.302588 0.0689477 0.0146562 0.0050634
 0.619678 0.299505 0.0625022 0.0142418 0.00407325
 0.563506 0.33944 0.07643 0.0159498 0.00467377
 0.541367 0.335932 0.0954181 0.0214848 0.00579737
 0.526818 0.337582 0.099322 0.0282114 0.00806626
 0.512442 0.339771 0.105436 0.0310208 0.0113304
 0.513076 0.334192 0.106436 0.0330286 0.0132669
 0.51159 0.33564 0.104851 0.0333939 0.014525
pobs_PELACES
 0 0 0 0 0
 0 0 0 0 0
 0 0 0 0 0
 0 0 0 0 0
 0 0 0 0 0
 0 0 0 0 0
 0 0 0 0 0
 0 0 0 0 0
 0 0 0 0 0
 0 0 0 0 0
 0 0 0 0 0
 0 0 0 0 0
 0 0 0 0 0
 0 0 0 0 0
 0 0 0 0 0
 0 0 0 0 0
 0.505614 0.472636 0.0217494 0 0
 0 0 0 0 0
 0.443492 0.261883 0.143347 0.151278 0
 0.227955 0.32914 0.350689 0.0885471 0.00366901
 0.970185 0.0296113 0.000203453 0 0
 0.997202 0.00247181 0.000326279 0 0
 0.445219 0.490057 0.0546422 0.010081 0
 0.90214 0.0892962 0.00764917 0.000914606 0
 0 0 0 0 0
 0.581667 0.319106 0.0959925 0.00289975 0.000334073
 0.762889 0.0836404 0.116647 0.0363945 0.000428098
 0.88444 0.0763242 0.0277011 0.0115352 0
 0.521256 0.241999 0.230069 0.00667565 0
ppred_PELACES
 0.432374 0.358808 0.131998 0.0485594 0.0282604
 0.489553 0.309655 0.126925 0.046693 0.0271742
 0.510766 0.323367 0.100621 0.0412436 0.0240028
 0.513575 0.330096 0.103328 0.0321523 0.0208487
 0.507399 0.335812 0.1064 0.0333058 0.0170839
 0.499457 0.337478 0.111164 0.0352217 0.0166805
 0.519892 0.321108 0.107202 0.0353117 0.016487
 0.517651 0.332216 0.100413 0.0335227 0.0161978
 0.491295 0.347254 0.111198 0.0336098 0.0166423
 0.487641 0.338243 0.118856 0.0380603 0.0172
 0.481463 0.340554 0.117498 0.041288 0.0191962
 0.485063 0.334913 0.118233 0.0407926 0.0209987
 0.500393 0.327595 0.111876 0.039495 0.020641
 0.510997 0.327351 0.105996 0.0361985 0.0194576
 0.514475 0.330013 0.104104 0.0337087 0.0176996
 0.51855 0.328117 0.104221 0.0328768 0.0162352
 0.526834 0.325112 0.100901 0.0320498 0.0151028
 0.531668 0.324482 0.0988391 0.0306756 0.0143351
 0.579545 0.293918 0.0876708 0.026705 0.0121613
 0.625771 0.278138 0.067172 0.0200363 0.00888252
 0.621842 0.294056 0.0625074 0.0150959 0.00649907
 0.635846 0.281629 0.064172 0.013641 0.00471268
 0.630613 0.290893 0.0607051 0.0138323 0.00395614
 0.572997 0.33206 0.0747682 0.015603 0.00457214
 0.550057 0.329568 0.0936103 0.0210777 0.00568753
 0.532076 0.333831 0.0982183 0.0278979 0.00797663
 0.519053 0.335164 0.104006 0.0306002 0.0111768
 0.519939 0.329482 0.104936 0.0325631 0.0130799
 0.516757 0.332089 0.103742 0.0330406 0.0143713
pobs_pel_tallas
 0 0 0 0 0 0 0 0 0 0 0 0 0 0 0 0 0 0 0 0 0 0 0 0 0 0
 0 0 0 0 0 0 0 0 0 0 0 0 0 0 0 0 0 0 0 0 0 0 0 0 0 0
 0 0 0 0 0 0 0 0 0 0 0 0 0 0 0 0 0 0 0 0 0 0 0 0 0 0
 0 0 0 0 0 0 0 0 0 0 0 0 0 0 0 0 0 0 0 0 0 0 0 0 0 0
 0 0 0 0 0 0 0 0 0 0 0 0 0 0 0 0 0 0 0 0 0 0 0 0 0 0
 0 0 0 0 0 0 0 0 0 0 0 0 0 0 0 0 0 0 0 0 0 0 0 0 0 0
 0 0 0 0 0 0 0 0 0 0 0 0 0 0 0 0 0 0 0 0 0 0 0 0 0 0
 0 0 0 0 0 0 0 0 0 0 0 0 0 0 0 0 0 0 0 0 0 0 0 0 0 0
 0 0 0 0 0 0 0 0 0 0 0 0 0 0 0 0 0 0 0 0 0 0 0 0 0 0
 0 0 0 0 0 0 0 0 0 0 0 0 0 0 0 0 0 0 0 0 0 0 0 0 0 0
 0 0 0 0 0 0 0 0 0 0 0 0 0 0 0 0 0 0 0 0 0 0 0 0 0 0
 0 0 0 0 0 0 0 0 0 0 0 0 0 0 0 0 0 0 0 0 0 0 0 0 0 0
 0.00862536 0 0 0.000197151 0.00414017 0.0128641 0.00837892 0.0270097 0.101434 0.158115 0.152841 0.127902 0.109271 0.109419 0.0830992 0.0579132 0.0238553 0.00714673 0.00463305 0.00128148 0.00103504 0.000492878 0.000147863 0.000147863 4.92878e-05 0
 0 0 0 0 0 0 0 0 0 0 0 0 0 0 0 0 0 0 0 0 0 0 0 0 0 0
 0 0 0 0 0 0 0 0.0054083 0.00873648 0.0413646 0.0450493 0.0745869 0.0622846 0.0627006 0.0613931 0.0827291 0.12552 0.122667 0.0946155 0.0697135 0.0546179 0.0294188 0.0215738 0.0213955 0.0102223 0.00600262
 0 0 0 0 0.00359764 0.0251062 0.0480494 0.140153 0.205849 0.193036 0.1447 0.116669 0.0760912 0.0342217 0.00950174 0.001854 0.000860785 0 0 0 0.000165536 0 0.000143464 0 0 0
 0 0 0 0 0 0 0 0.000145254 0.000435761 0.0275982 0.070085 0.0708112 0.156366 0.174668 0.174014 0.160142 0.0824315 0.0480064 0.0283245 0.00493863 0.00203355 0 0 0 0 0
 0 0 0 0 0 0 0 0 0 0 0 0 0 0 0 0 0 0 0 0 0 0 0 0 0 0
 0 0 1.00437e-05 0.000401748 0.00122533 0.00171747 0.00176769 0.0269171 0.070346 0.194647 0.189555 0.159765 0.064822 0.0314167 0.0384472 0.0292271 0.0345202 0.0313363 0.0194345 0.0106764 0.0143323 0.0359363 0.0279516 0.0138201 0.00172751 0
 0 0.0021121 0.0136068 0.0755702 0.200478 0.177729 0.0527432 0.0373336 0.0318909 0.0142505 0.0149659 0.0166563 0.0217959 0.0798694 0.0677717 0.0528807 0.04013 0.0224614 0.0357745 0.0225083 0.00881397 0.00855152 0.00135912 0.000746735 0 0
 0 0 0 0 5.4009e-05 0.00500934 0.000945158 0.0243581 0.138947 0.33067 0.221406 0.137944 0.0707744 0.0437923 0.0131692 0.00525238 0.0047753 0.00276346 9.45158e-05 9.00151e-06 2.25038e-05 9.00151e-06 4.50075e-06 0 0 0
 0.000866109 0.00284123 0.00948549 0.0512746 0.133035 0.25785 0.225252 0.132002 0.0553304 0.0519788 0.0540692 0.017754 0.00435017 0.00159236 0.00146478 0.000404838 0.000125132 0.000115318 0.000107957 0.000100596 0 0 0 0 0 0
 0 0 0 0 0.00144013 0.00171154 0.00461396 0.0210425 0.0478622 0.0707936 0.0888783 0.103762 0.0637923 0.0337046 0.0602308 0.124433 0.169614 0.0934646 0.0462172 0.0250306 0.0313229 0.00938855 0.002487 0.000210481 0 0
 0 0.00764035 0.051015 0.0998891 0.058973 0.0496711 0.0374665 0.0718981 0.12319 0.153886 0.159021 0.0857701 0.0377988 0.023471 0.0147837 0.00900784 0.00315554 0.000888139 0.00291439 0.00214683 0.00393193 0.00274676 0.000635225 9.99891e-05 0 0
 0 0 0 0 0 0 0 0 0 0 0 0 0 0 0 0 0 0 0 0 0 0 0 0 0 0
 0 0 0 0 0 0 0 0 0 0 0 0 0 0 0 0 0 0 0 0 0 0 0 0 0 0
 0 0 0 0 0 0 0 0 0 0 0 0 0 0 0 0 0 0 0 0 0 0 0 0 0 0
 0 0 0 0 0 0 0 0 0 0 0 0 0 0 0 0 0 0 0 0 0 0 0 0 0 0
 0 0 0 0 0 0 0 0 0 0 0 0 0 0 0 0 0 0 0 0 0 0 0 0 0 0
ppred_pel_tallas
 1.13554e-16 3.56141e-05 0.000346182 0.0023005 0.0104578 0.0325382 0.0693274 0.101193 0.101227 0.0694971 0.0331086 0.0121072 0.00644789 0.00942394 0.0173471 0.0288107 0.0419479 0.0537086 0.0610053 0.0624422 0.0591003 0.0536569 0.0485764 0.0448256 0.0418887 0.03868
 1.13024e-16 4.03239e-05 0.000391962 0.00260473 0.0118407 0.0368411 0.078495 0.114572 0.114602 0.0786416 0.0373338 0.0132658 0.0061892 0.00824129 0.01502 0.024959 0.0364058 0.0467531 0.0533686 0.0550649 0.0527593 0.0487022 0.0449223 0.042143 0.0398306 0.0370114
 1.11185e-16 4.20712e-05 0.000408947 0.0027176 0.0123538 0.0384375 0.0818962 0.119537 0.119568 0.0820491 0.0389509 0.0138381 0.00644847 0.00857036 0.0155923 0.0258444 0.0375448 0.0478987 0.054089 0.0548476 0.0511842 0.0456008 0.0404462 0.0367171 0.0340255 0.0313918
 1.09819e-16 4.23026e-05 0.000411196 0.00273254 0.0124218 0.0386489 0.0823468 0.120194 0.120226 0.0825028 0.039173 0.0139367 0.00654015 0.00873963 0.0159081 0.0263609 0.0382744 0.0487805 0.0549796 0.0555478 0.0514892 0.0453472 0.039541 0.0351508 0.0318772 0.0288273
 1.09388e-16 4.17938e-05 0.000406251 0.00269968 0.0122724 0.0381841 0.0813564 0.118749 0.118781 0.0815151 0.0387172 0.0138136 0.00657351 0.00887967 0.0161842 0.0268211 0.0389439 0.0496345 0.0559391 0.0565032 0.0523356 0.04601 0.0399776 0.0353391 0.0318089 0.0285128
 1.0965e-16 4.11396e-05 0.000399892 0.00265742 0.0120803 0.0375864 0.0800831 0.11689 0.116923 0.0802426 0.0381224 0.0136297 0.00655212 0.00892009 0.016276 0.0269834 0.0392001 0.0500036 0.0564343 0.0571336 0.0531073 0.0469196 0.0410015 0.0364263 0.0328857 0.0295002
 1.09508e-16 4.28229e-05 0.000416253 0.00276615 0.0125745 0.0391242 0.0833595 0.121672 0.121703 0.0835113 0.0396343 0.014049 0.00647264 0.00852525 0.0154957 0.0256882 0.0373283 0.0476379 0.0538072 0.054549 0.0508212 0.0450577 0.0395577 0.0353221 0.0320364 0.0288474
 1.09086e-16 4.26383e-05 0.000414459 0.00275423 0.0125203 0.0389556 0.0830002 0.121148 0.12118 0.0831572 0.0394829 0.0140446 0.00658486 0.00879225 0.0159994 0.0265041 0.0384633 0.0489803 0.0551259 0.055559 0.0512885 0.0448835 0.0387996 0.0341531 0.0306742 0.0274918
 1.09485e-16 4.04674e-05 0.000393358 0.002614 0.0118829 0.0369723 0.0787746 0.114981 0.115014 0.0789387 0.0375236 0.0134768 0.00662011 0.00915629 0.0167348 0.0277391 0.0402792 0.0513396 0.0578647 0.0584497 0.0541312 0.0475627 0.0412733 0.0364022 0.0326638 0.0291715
 1.10245e-16 4.01664e-05 0.000390432 0.00259456 0.0117945 0.0366972 0.0781886 0.114125 0.114158 0.0783485 0.0372347 0.0133484 0.00650101 0.00893841 0.0163339 0.0270971 0.0394024 0.0503391 0.056958 0.0579048 0.0541758 0.0483047 0.0426718 0.0382926 0.0348148 0.0313452
 1.10867e-16 3.96576e-05 0.000385486 0.00256169 0.0116451 0.0362324 0.0771981 0.11268 0.112713 0.0773592 0.0367734 0.0132094 0.00649445 0.00899083 0.0164423 0.0272772 0.0396633 0.0506724 0.0573408 0.0583153 0.0546136 0.0488014 0.0432818 0.0390681 0.0357763 0.0324651
 1.11143e-16 3.99541e-05 0.000388368 0.00258084 0.0117322 0.0365033 0.0777753 0.113522 0.113554 0.0779337 0.0370355 0.0132709 0.00644954 0.00885431 0.0161792 0.0268453 0.0390494 0.0499187 0.0565459 0.0576061 0.0540993 0.048539 0.0432703 0.0392663 0.0361275 0.0329127
 1.10767e-16 4.12168e-05 0.000400642 0.00266241 0.0121029 0.0376569 0.0802332 0.117109 0.117141 0.0803881 0.0381774 0.0136077 0.00644519 0.00867764 0.0158175 0.0262346 0.0381445 0.0487281 0.0551355 0.0560697 0.0525173 0.0469562 0.0417061 0.0377428 0.0346878 0.031616
 1.10066e-16 4.20902e-05 0.000409132 0.00271882 0.0123594 0.0384548 0.0819333 0.119591 0.119622 0.082088 0.0389747 0.0138622 0.00649636 0.00867293 0.0157881 0.0261709 0.0380199 0.0485014 0.054751 0.0554627 0.0516277 0.0457488 0.0401907 0.035984 0.0327979 0.029732
 1.09465e-16 4.23767e-05 0.000411916 0.00273733 0.0124435 0.0387166 0.082491 0.120405 0.120437 0.082647 0.0392406 0.0139582 0.00654425 0.008739 0.015906 0.0263584 0.0382731 0.0487826 0.0549869 0.0555589 0.0514949 0.0453283 0.0394684 0.0349916 0.0316048 0.0284332
 1.09137e-16 4.27124e-05 0.000415179 0.00275901 0.0125421 0.0390233 0.0831444 0.121358 0.12139 0.0832995 0.0395442 0.0140481 0.00654417 0.00869472 0.0158159 0.0262083 0.0380551 0.0485039 0.0546689 0.0552261 0.0511602 0.0449836 0.0390889 0.0345496 0.0310864 0.0278472
 1.08765e-16 4.33947e-05 0.000421812 0.00280309 0.0127425 0.0396467 0.0844726 0.123297 0.123328 0.0846262 0.0401628 0.0142343 0.00655264 0.0086228 0.015665 0.0259513 0.0376697 0.0479869 0.0540373 0.0545058 0.05037 0.0441295 0.038172 0.033581 0.0300961 0.0268816
 1.08438e-16 4.37928e-05 0.000425682 0.00282881 0.0128594 0.0400104 0.0852477 0.124428 0.124459 0.085401 0.0405255 0.0143481 0.00657027 0.00860838 0.0156288 0.0258858 0.0375633 0.0478272 0.0538112 0.0541977 0.0499633 0.0436105 0.0375379 0.0328476 0.0292991 0.0260714
 1.07342e-16 4.77364e-05 0.000464015 0.00308355 0.0140174 0.0436134 0.092924 0.135631 0.13566 0.0930628 0.0440798 0.0153656 0.00647177 0.0078736 0.0141585 0.0234332 0.0339926 0.0432575 0.0486248 0.0488971 0.0449591 0.0390855 0.0334643 0.0291127 0.0258315 0.0228888
 1.05523e-16 5.1544e-05 0.000501026 0.00332949 0.0151354 0.047092 0.100336 0.146448 0.146475 0.100467 0.0475329 0.0164093 0.00652956 0.00749476 0.0133575 0.0220632 0.0319248 0.0404585 0.0451632 0.0448872 0.0404901 0.0341987 0.0282011 0.0235891 0.0202724 0.0175922
 1.04493e-16 5.12203e-05 0.00049788 0.00330859 0.0150404 0.0467964 0.0997056 0.145529 0.145558 0.0998443 0.0472621 0.016386 0.00668804 0.00788096 0.0140898 0.0232564 0.0336006 0.0424723 0.047199 0.0465431 0.041416 0.0342092 0.0273076 0.0219581 0.0181519 0.0152479
 1.0409e-16 5.23738e-05 0.000509092 0.0033831 0.0153791 0.0478502 0.101951 0.148806 0.148833 0.102084 0.0482964 0.0166683 0.00662111 0.00758406 0.0135077 0.022297 0.0322288 0.0407677 0.0453561 0.0448038 0.0399686 0.0331162 0.0265047 0.021312 0.0175345 0.0145852
 1.03883e-16 5.19428e-05 0.000504903 0.00335526 0.0152525 0.0474564 0.101112 0.147582 0.14761 0.101249 0.0479171 0.0165835 0.00669773 0.00780669 0.0139345 0.0229939 0.033211 0.0419573 0.046581 0.0458497 0.0406597 0.0333779 0.026374 0.0209016 0.0169794 0.0140011
 1.04582e-16 4.71971e-05 0.000458772 0.00304871 0.013859 0.0431206 0.0918743 0.1341 0.134132 0.0920309 0.0436467 0.0153789 0.00686612 0.00879943 0.0159087 0.0262808 0.0379826 0.048033 0.0534133 0.0527172 0.0469546 0.0387998 0.0309224 0.0247222 0.0202071 0.0166958
 1.05862e-16 4.53075e-05 0.000440405 0.00292665 0.0133041 0.0413943 0.0881961 0.128731 0.128763 0.0883517 0.041917 0.014815 0.00672291 0.00874006 0.0158442 0.0262172 0.0379853 0.0482344 0.0540096 0.0539309 0.0489671 0.0416774 0.0345687 0.0288828 0.0245268 0.0208074
 1.07068e-16 4.38265e-05 0.000426009 0.00283098 0.0128693 0.0400412 0.0853132 0.124524 0.124556 0.0854709 0.0405709 0.0144003 0.00667829 0.00883873 0.0160624 0.0265936 0.0385603 0.0490296 0.0550292 0.0551804 0.0504729 0.0434863 0.036721 0.0313717 0.0272719 0.0236573
 1.08048e-16 4.27538e-05 0.000415582 0.00276169 0.0125543 0.0390611 0.0832251 0.121476 0.121509 0.0833835 0.0395932 0.0140921 0.0066267 0.00886868 0.0161432 0.0267428 0.0388084 0.0494129 0.0555906 0.05597 0.0515445 0.0448827 0.0384525 0.0333981 0.0294978 0.025947
 1.08592e-16 4.28268e-05 0.000416292 0.00276641 0.0125757 0.0391278 0.0833672 0.121683 0.121715 0.0835229 0.0396509 0.0140879 0.00656719 0.00872988 0.0158805 0.026314 0.0382047 0.048685 0.0548511 0.0553653 0.0512069 0.0448916 0.0388211 0.0340843 0.0304242 0.0270175
 1.08825e-16 4.25647e-05 0.000413744 0.00274947 0.0124987 0.0388884 0.082857 0.120939 0.120971 0.0830139 0.0394156 0.0140227 0.0065797 0.00879132 0.0160009 0.0265116 0.0384851 0.0490295 0.0552175 0.0557039 0.0514838 0.0451051 0.0390014 0.0342771 0.0306692 0.0273321
pSPR Fmed_Fpbrs
0.777945   0.285685 0.285685
Fs Fmed_Fpbrs
0.156271   1.005 1.005
SSBpbr Bo_Bmed_Bpbrs
2.39898e+06  1.74633e+06  565405 565405
Ro
317833
SPR SPRFo_SPRFmed_SPRFpbrs
2.25884e+06 1.75725e+06 645317
Fref
1.005
log_Ro
12.4893
likeval ReclasPelacesDesembMPH_pf_preclas_ppelaces_ptallas_desvR_qrecl_qpela
 120.166 53.3376 13.842 0.00376127 245.755 125 74.5085 0 0 0 0 69.4091 0 0 0
q_reclas_q_pelaces
1 1
M
1
N
 317833 139984 51497.1 18944.7 11025.4
 317833 108816 44602.6 16408.4 9549.29
 317833 106269 33067.3 13554 7888.09
 317833 109465 34265.1 10662.2 6913.75
 317833 107566 34081.8 10668.4 5472.25
 317833 113801 37485.5 11877.1 5624.83
 317833 109020 36396.3 11988.8 5597.55
 317833 103030 31141 10396.4 5023.43
 317833 115502 36986.2 11179.1 5535.47
 317833 113060 39728.4 12721.9 5749.21
 317833 113407 39127.6 13749.2 6392.45
 317833 115683 40839 14090.2 7253.21
 317833 109707 37465.6 13226.3 6912.39
 317833 109685 35515.9 12128.9 6519.6
 317833 106879 33715.1 10916.9 5732.22
 317833 110444 35080.7 11066.3 5464.74
 317833 104431 32411 10294.8 4851.22
 317833 108396 33018.1 10247.5 4788.77
 317833 102263 30503.4 9291.49 4231.29
 317833 87763.3 21195.4 6322.22 2802.77
 317833 90010.2 19133.4 4620.84 1989.36
 317833 94076.3 21436.2 4556.69 1574.24
 317833 82435.5 17203.1 3919.89 1121.12
 317833 101505 22855.5 4769.59 1397.63
 317833 103990 29537.4 6650.78 1794.62
 317833 105142 30934.4 8786.6 2512.29
 317833 109680 34035.2 10013.7 3657.53
 317833 107912 34368.7 10665.1 4283.93
 317833 107581 33607.3 10703.5 4655.61
pred_Ctot
 14014.3 11986.6 4409.64 1622.22 944.092
 18453.1 12153.8 4981.73 1832.68 1066.57
 12886.3 8387.24 2609.84 1069.74 622.567
 16190.1 10778.8 3374.01 1049.88 680.781
 5378.6 3599.96 1140.63 357.044 183.142
 13659.1 9504.81 3130.84 991.992 469.793
 24121.9 15725.5 5249.93 1729.3 807.408
 2446.37 1577.99 476.949 159.229 76.9377
 6658.63 4772.68 1528.31 461.935 228.732
 6059.03 4256.42 1495.68 478.948 216.444
 2134.58 1516.53 523.232 183.86 85.483
 12466.5 8840.67 3120.98 1076.8 554.301
 12504.6 8408.93 2871.71 1013.78 529.829
 17388.5 11570.3 3746.47 1279.45 687.733
 11187.7 7349.83 2318.52 750.736 394.193
 21666.9 14384.9 4569.14 1441.34 711.763
 14744.7 9393.78 2915.44 926.046 436.379
 25469.3 16461 5014.12 1556.18 727.222
 51289.1 29555.8 8815.99 2685.4 1222.92
 47240.9 23573.7 5693.19 1698.18 752.84
 39960.9 20781.9 4417.6 1066.88 459.31
 60965.6 31627.6 7206.66 1531.92 529.245
 26801.5 13135.7 2741.22 624.615 178.645
 22438.1 13668.7 3077.71 642.272 188.205
 20421.7 12800 3635.72 818.635 220.897
 12512.8 8064.17 2372.61 673.914 192.687
 15587.7 10411.4 3230.8 950.552 347.192
 16164.8 10609.8 3379.1 1048.58 421.192
 12270.7 8095.74 2529.04 805.47 350.347
F
 0.0718671 0.143734 0.143734 0.143734 0.143734
 0.0955566 0.191113 0.191113 0.191113 0.191113
 0.0659206 0.131841 0.131841 0.131841 0.131841
 0.0834212 0.166842 0.166842 0.166842 0.166842
 0.0270753 0.0541506 0.0541506 0.0541506 0.0541506
 0.0699914 0.139983 0.139983 0.139983 0.139983
 0.126504 0.253008 0.253008 0.253008 0.253008
 0.0122389 0.0244778 0.0244778 0.0244778 0.0244778
 0.03361 0.06722 0.06722 0.06722 0.06722
 0.0305445 0.0610891 0.0610891 0.0610891 0.0610891
 0.0106721 0.0213442 0.0213442 0.0213442 0.0213442
 0.0637149 0.12743 0.12743 0.12743 0.12743
 0.0639152 0.12783 0.12783 0.12783 0.12783
 0.0898326 0.179665 0.179665 0.179665 0.179665
 0.0570213 0.114043 0.114043 0.114043 0.114043
 0.113004 0.226008 0.226008 0.226008 0.226008
 0.0757334 0.151467 0.151467 0.151467 0.151467
 0.133978 0.267956 0.267956 0.267956 0.267956
 0.286883 0.573766 0.573766 0.573766 0.573766
 0.261603 0.523207 0.523207 0.523207 0.523207
 0.21742 0.43484 0.43484 0.43484 0.43484
 0.34951 0.699019 0.699019 0.699019 0.699019
 0.141413 0.282826 0.282826 0.282826 0.282826
 0.117228 0.234457 0.234457 0.234457 0.234457
 0.106214 0.212428 0.212428 0.212428 0.212428
 0.0639581 0.127916 0.127916 0.127916 0.127916
 0.0802111 0.160422 0.160422 0.160422 0.160422
 0.0832862 0.166572 0.166572 0.166572 0.166572
 0.062688 0.125376 0.125376 0.125376 0.125376
nmprior
 8 8 7 0
nm_flota  nm_reclas  nm_pelaces    nm_pelaL
inf 3.90804 7.73614 9.49241
cv_recla  cv_pelaces  cv_mph
1.03995 0.894463 1.89266
 ------------------------------------------------
Talla a la edad & desviación 
 8 13.2811 15.8009 17.003 17.5766
 0.8 1.32811 1.58009 1.7003 1.75766
