years
 1991 1992 1993 1994 1995 1996 1997 1998 1999 2000 2001 2002 2003 2004 2005 2006 2007 2008 2009 2010 2011 2012 2013 2014 2015 2016 2017
reclasobs
 0 0 0 0 0 0 0 0 0 252601 567819 844713 477998 351125 339783 2.1784e+06 2.13404e+06 4.81314e+06 1.55562e+06 2.62356e+06 3.21686e+06 3.843e+06 1.13348e+06 3.07943e+06 1.97215e+06 2.03268e+06 2.025e+06
reclaspred
 3.15346e+06 1.77409e+06 890054 884804 873962 1.42566e+06 895703 782638 571247 416146 493938 642175 629674 485819 483522 1.31632e+06 1.25786e+06 2.87422e+06 2.38505e+06 1.82297e+06 3.20751e+06 2.58623e+06 2.0333e+06 3.15587e+06 2.37172e+06 2.02639e+06 2.13855e+06
pelacesobs
 0 0 0 0 0 0 0 0 0 0 0 0 0 0 0 552880 188675 0 991730 2.46772e+06 1.41603e+06 1.21717e+06 2.29649e+06 1.80582e+06 0 1.4828e+06 1.56532e+06
pelacespred
 1.6178e+06 1.01073e+06 508098 412708 425721 717172 416027 451920 316896 218418 268700 291848 314558 254693 260705 592466 567917 1.49569e+06 1.28053e+06 908540 1.5457e+06 1.36097e+06 1.06455e+06 1.8059e+06 1.30944e+06 1.1133e+06 1.32933e+06
mphobs
 0 0 0 0 0 0 0 0 0 0 0 498337 0 5186 125008 0 168611 109162 213762 579715 649985 157893 87575 83554 0 0 0
mphpred
 3.07018e+06 2.04975e+06 1.02525e+06 552730 599160 678860 921765 567393 500475 342631 226444 378233 407999 343729 229295 286537 977257 916099 1.8434e+06 1.40175e+06 1.54387e+06 1.88816e+06 1.77517e+06 1.45192e+06 2.04003e+06 1.67933e+06 1.3269e+06
desembarqueobs
 494567 514787 250237 358949 120608 361735 552515 73892 212993 205616 52469 317467 293654 387597 252695 516296 358380 742168 942051 627588 828172 859565 418607 520667 417249 300574 407403
desembarquepred
 494575 513605 250820 358973 120613 361743 552548 73896.1 213039 205657 52471.4 317525 293698 387625 252689 516261 358405 742084 941859 627462 828217 859554 418608 520680 417240 300571 407405
Reclutas
 193253 115448 105651 182796 143820 258487 106363 46547.4 44873.3 60517.9 112769 149609 123692 86206.8 84332 475571 96659.2 729529 425160 342350 482095 646083 132772 403567 338260 137053 273120
log_desv_Rt
 0.102146 -0.413038 -0.501708 0.0465155 -0.193289 0.392991 -0.494997 -1.32138 -1.35801 -1.05892 -0.436517 -0.153831 -0.344063 -0.705105 -0.727092 1.00266 -0.590662 1.43054 0.890611 0.673979 1.01629 1.30907 -0.273219 0.838489 0.66196 -0.241483 0.448056
SSB
 3.07018e+06 2.04975e+06 1.02525e+06 552730 599160 678860 921765 567393 500475 342631 226444 378233 407999 343729 229295 286537 977257 916099 1.8434e+06 1.40175e+06 1.54387e+06 1.88816e+06 1.77517e+06 1.45192e+06 2.04003e+06 1.67933e+06 1.3269e+06
BT
 4.14528e+06 2.83664e+06 1.41928e+06 1.25275e+06 1.0764e+06 1.96303e+06 1.45078e+06 1.1076e+06 941326 702412 664518 938878 992903 991988 854413 1.78232e+06 1.58888e+06 4.10652e+06 3.85724e+06 2.64967e+06 4.24082e+06 3.93591e+06 2.82027e+06 4.65009e+06 3.40056e+06 2.83407e+06 3.48416e+06
Ftot
 0.134854 0.245688 0.23997 0.350771 0.12088 0.22375 0.513018 0.0826882 0.320726 0.42075 0.095548 0.424985 0.400856 0.668212 0.454754 0.349804 0.244525 0.230548 0.339888 0.298099 0.226295 0.289165 0.177315 0.147043 0.153296 0.128813 0.168333
BD_Bspro_t
 0.978654 0.842143 0.678969 0.584216 0.572427 0.64862 0.647788 0.481253 0.535693 0.492778 0.46035 0.672455 0.557667 0.467915 0.35789 0.413553 0.597541 0.569081 0.668801 0.574995 0.552275 0.598385 0.610527 0.601625 0.707531 0.714749 0.713177
BD_Bspro
 2.47665 1.65349 0.827051 0.445876 0.48333 0.547623 0.74357 0.457705 0.403723 0.276394 0.182668 0.305113 0.329125 0.27728 0.184967 0.231144 0.788335 0.739 1.48704 1.13076 1.24541 1.52314 1.432 1.17124 1.64565 1.35468 1.07038
BD_Bo
 1.62196 1.08287 0.541636 0.292004 0.316533 0.358638 0.486964 0.299751 0.264398 0.18101 0.119629 0.199819 0.215544 0.181591 0.121135 0.151376 0.51628 0.483971 0.97386 0.740536 0.815621 0.997506 0.937815 0.767044 1.07774 0.887183 0.700993
BD_Brms
 11.9371 7.96957 3.98626 2.14906 2.32958 2.63946 3.58389 2.20607 1.94588 1.33218 0.880432 1.4706 1.58633 1.33645 0.891515 1.11408 3.79965 3.56187 7.16729 5.4501 6.0027 7.34132 6.902 5.64519 7.93178 6.52937 5.15908
Sel_flota
 0.918617 1 1 1 1
 0.918617 1 1 1 1
 0.918617 1 1 1 1
 0.918617 1 1 1 1
 0.918617 1 1 1 1
 0.918617 1 1 1 1
 0.918617 1 1 1 1
 0.918617 1 1 1 1
 0.918617 1 1 1 1
 0.918617 1 1 1 1
 0.918617 1 1 1 1
 0.918617 1 1 1 1
 0.918617 1 1 1 1
 0.918617 1 1 1 1
 0.918617 1 1 1 1
 0.918617 1 1 1 1
 0.918617 1 1 1 1
 0.918617 1 1 1 1
 0.918617 1 1 1 1
 0.918617 1 1 1 1
 0.918617 1 1 1 1
 0.918617 1 1 1 1
 0.918617 1 1 1 1
 0.918617 1 1 1 1
 0.918617 1 1 1 1
 0.918617 1 1 1 1
 0.918617 1 1 1 1
Sel_reclas
 1 1 1 1 1
 1 1 1 1 1
 1 1 1 1 1
 1 1 1 1 1
 1 1 1 1 1
 1 1 1 1 1
 1 1 1 1 1
 1 1 1 1 1
 1 1 1 1 1
 1 1 1 1 1
 1 1 1 1 1
 1 1 1 1 1
 1 1 1 1 1
 1 1 1 1 1
 1 1 1 1 1
 1 1 1 1 1
 1 1 1 1 1
 1 1 1 1 1
 1 1 1 1 1
 1 1 1 1 1
 1 1 1 1 1
 1 1 1 1 1
 1 1 1 1 1
 1 1 1 1 1
 1 1 1 1 1
 1 1 1 1 1
 1 1 1 1 1
Sel_pelaces
 1 1 1 1 1
 1 1 1 1 1
 1 1 1 1 1
 1 1 1 1 1
 1 1 1 1 1
 1 1 1 1 1
 1 1 1 1 1
 1 1 1 1 1
 1 1 1 1 1
 1 1 1 1 1
 1 1 1 1 1
 1 1 1 1 1
 1 1 1 1 1
 1 1 1 1 1
 1 1 1 1 1
 1 1 1 1 1
 1 1 1 1 1
 1 1 1 1 1
 1 1 1 1 1
 1 1 1 1 1
 1 1 1 1 1
 1 1 1 1 1
 1 1 1 1 1
 1 1 1 1 1
 1 1 1 1 1
 1 1 1 1 1
 1 1 1 1 1
pf_obs 
 0.8446 0.082 0.0669 0.0065 0
 0.8095 0.147 0.0364 0.0071 0
 0.9664 0.0169 0.016 0.0007 0
 0.9276 0.0648 0.0075 0.0001 0
 0.7033 0.2144 0.0806 0.0017 0
 0.9318 0.0425 0.0243 0.0014 0
 0.5671 0.3108 0.0964 0.0239 0.0018
 0.0768 0.2599 0.5324 0.112 0.0189
 0.490249 0.384438 0.106611 0.0170017 0.00170017
 0.7925 0.1577 0.0466 0.003 0.0002
 0.840416 0.127587 0.0312969 0.00059994 9.999e-05
 0.8084 0.0986 0.0794 0.0134 0.0002
 0.7335 0.1905 0.0724 0.0035 0.0001
 0.4001 0.4547 0.1325 0.0127 0
 0.49795 0.308269 0.164784 0.0264974 0.00249975
 0.9179 0.0499 0.0305 0.0017 0
 0.2467 0.6533 0.0926 0.0074 0
 0.9418 0.0223 0.034 0.0019 0
 0.707729 0.231977 0.0356964 0.0245975 0
 0.517169 0.277429 0.184464 0.0207286 0.00020938
 0.811772 0.124168 0.05621 0.00726502 0.000585176
 0.764997 0.148141 0.077277 0.00933861 0.000247198
 0.163321 0.427699 0.378323 0.0303852 0.000271297
 0.753843 0.0900009 0.118128 0.0371064 0.000921714
 0.721811 0.176058 0.0630433 0.0369309 0.00215725
 0.143369 0.312575 0.442814 0.0836902 0.0175525
 0.692698 0.0596174 0.167031 0.0765114 0.00414204
pf_pred 
 0.479151 0.12344 0.374512 0.0228956 7.59869e-07
 0.460735 0.270703 0.0636486 0.193107 0.0118059
 0.583242 0.202078 0.107766 0.0253383 0.0815753
 0.767624 0.14094 0.0443355 0.0236436 0.0234566
 0.681342 0.250262 0.0414835 0.0130494 0.0138632
 0.779726 0.154347 0.0517768 0.00858255 0.00556797
 0.505012 0.393881 0.0708465 0.023766 0.00649522
 0.483229 0.275262 0.192178 0.0345666 0.0147647
 0.570132 0.21727 0.113242 0.0790614 0.0202948
 0.731499 0.159656 0.055014 0.0286736 0.0251576
 0.837794 0.121944 0.023941 0.00824958 0.00807222
 0.756932 0.206508 0.0274854 0.00539619 0.00367885
 0.705626 0.22841 0.0560418 0.00745897 0.00246277
 0.651001 0.253696 0.073947 0.0181434 0.00321213
 0.756197 0.165194 0.0571427 0.0166559 0.00481012
 0.943721 0.0436439 0.00856093 0.00296132 0.00111244
 0.400985 0.568411 0.0237333 0.00465539 0.00221529
 0.909825 0.0382747 0.0492484 0.0020563 0.000595291
 0.625187 0.343857 0.0131396 0.0169068 0.000910285
 0.642795 0.231717 0.115123 0.00439915 0.00596519
 0.756051 0.162303 0.0529637 0.0263138 0.00236898
 0.762788 0.183438 0.0357772 0.0116751 0.0063227
 0.344377 0.511549 0.111413 0.0217297 0.0109312
 0.766535 0.0853964 0.11553 0.0251621 0.00737629
 0.653302 0.271322 0.0275705 0.0372994 0.0105051
 0.440803 0.376843 0.142709 0.0145014 0.025144
 0.72298 0.128361 0.100182 0.0379383 0.0105395
pobs_RECLAS
 0 0 0 0 0
 0 0 0 0 0
 0 0 0 0 0
 0 0 0 0 0
 0 0 0 0 0
 0 0 0 0 0
 0 0 0 0 0
 0 0 0 0 0
 0 0 0 0 0
 0 0 0 0 0
 0.991045 0.00858322 0.000360255 1.14367e-05 0
 0.934742 0.0480273 0.0164251 0.00080598 0
 0.827803 0.169806 0.00239088 0 0
 0.941827 0.0461693 0.0120037 0 0
 0.791401 0.0380133 0.147996 0.0225897 0
 0.846168 0.0940531 0.0597789 0 0
 0.134021 0.677848 0.182769 0.00536245 0
 0.80878 0.0450904 0.141981 0.00414843 0
 0.846168 0.0940531 0.0597789 0 0
 0.905697 0.0802665 0.012482 0.00150086 5.37128e-05
 0.989698 0.0102097 9.19794e-05 0 0
 0.975433 0.0193895 0.00387452 0.00125025 5.28907e-05
 0.303575 0.632131 0.0575291 0.00676475 0
 0.966965 0.00978017 0.0227588 0.000495775 0
 0.843318 0.132988 0.00938335 0.0141283 0.000182051
 0.564624 0.303363 0.111486 0.0197234 0.00080311
 0.826376 0.0876187 0.0782897 0.00655872 0.00115652
ppred_RECLAS
 0.500614 0.118353 0.35908 0.0219522 7.28558e-07
 0.482385 0.259835 0.0610933 0.185355 0.011332
 0.604186 0.191923 0.102351 0.024065 0.0774759
 0.782946 0.131647 0.0414121 0.0220847 0.0219099
 0.69967 0.235868 0.0390975 0.0122989 0.0130658
 0.794253 0.144167 0.0483621 0.00801653 0.00520076
 0.527458 0.376019 0.0676338 0.0226883 0.00620068
 0.504592 0.263883 0.184233 0.0331376 0.0141543
 0.591469 0.206485 0.107621 0.0751371 0.0192874
 0.748571 0.149504 0.051516 0.0268504 0.023558
 0.84909 0.113451 0.0222737 0.00767506 0.00751005
 0.772898 0.192943 0.02568 0.00504174 0.0034372
 0.723676 0.214405 0.0526056 0.00700161 0.00231177
 0.671605 0.238719 0.0695815 0.0170722 0.0030225
 0.772259 0.154311 0.053378 0.0155585 0.00449322
 0.948215 0.0401591 0.00787738 0.00272488 0.00102362
 0.422022 0.548449 0.0228998 0.0044919 0.00213749
 0.916694 0.0353593 0.0454971 0.00189967 0.000549947
 0.645537 0.325187 0.0124262 0.0159889 0.000860862
 0.662607 0.218865 0.108738 0.00415516 0.00563434
 0.771686 0.1519 0.0495691 0.0246273 0.00221715
 0.778224 0.1715 0.0334489 0.0109153 0.00591124
 0.364106 0.496156 0.108061 0.0210759 0.0106022
 0.781571 0.0798964 0.10809 0.0235415 0.00690121
 0.672528 0.256277 0.0260417 0.0352311 0.00992258
 0.462059 0.362518 0.137284 0.0139502 0.0241882
 0.739905 0.120518 0.0940609 0.0356204 0.00989558
pobs_PELACES
 0 0 0 0 0
 0 0 0 0 0
 0 0 0 0 0
 0 0 0 0 0
 0 0 0 0 0
 0 0 0 0 0
 0 0 0 0 0
 0 0 0 0 0
 0 0 0 0 0
 0 0 0 0 0
 0 0 0 0 0
 0 0 0 0 0
 0 0 0 0 0
 0 0 0 0 0
 0 0 0 0 0
 0 0 0 0 0
 0.505614 0.472636 0.0217494 0 0
 0 0 0 0 0
 0.443492 0.261883 0.143347 0.151278 0
 0.227955 0.32914 0.350689 0.0885471 0.00366901
 0.970185 0.0296113 0.000203453 0 0
 0.997202 0.00247181 0.000326279 0 0
 0.445219 0.490057 0.0546422 0.010081 0
 0.90214 0.0892962 0.00764917 0.000914606 0
 0 0 0 0 0
 0.581667 0.319106 0.0959925 0.00289975 0.000334073
 0.762889 0.0836404 0.116647 0.0363945 0.000428098
ppred_PELACES
 0.501519 0.118139 0.358429 0.0219124 7.27237e-07
 0.484032 0.259008 0.0608988 0.184765 0.0112959
 0.605726 0.191176 0.101952 0.0239713 0.0771744
 0.784543 0.130679 0.0411075 0.0219222 0.0217488
 0.700352 0.235332 0.0390088 0.012271 0.0130362
 0.795233 0.14348 0.0481317 0.00797834 0.00517598
 0.530891 0.373288 0.0671425 0.0225235 0.00615564
 0.505147 0.263587 0.184027 0.0331005 0.0141385
 0.593549 0.205434 0.107073 0.0747546 0.0191892
 0.750692 0.148243 0.0510814 0.0266239 0.0233593
 0.849419 0.113204 0.0222252 0.00765835 0.0074937
 0.774895 0.191246 0.0254542 0.0049974 0.00340697
 0.725824 0.212739 0.0521967 0.00694719 0.0022938
 0.67555 0.235851 0.0687455 0.0168671 0.00298618
 0.7744 0.152861 0.0528762 0.0154123 0.00445098
 0.948674 0.0398028 0.0078075 0.0027007 0.00101454
 0.423624 0.546928 0.0228363 0.00447944 0.00213156
 0.917166 0.0351591 0.0452395 0.00188892 0.000546833
 0.647623 0.323273 0.0123531 0.0158948 0.000855796
 0.664394 0.217706 0.108162 0.00413314 0.00560449
 0.772755 0.151189 0.049337 0.024512 0.00220676
 0.779562 0.170466 0.0332472 0.0108495 0.00587559
 0.365209 0.495295 0.107873 0.0210393 0.0105838
 0.782245 0.07965 0.107756 0.0234689 0.00687993
 0.673434 0.255568 0.0259696 0.0351336 0.00989513
 0.462919 0.361939 0.137064 0.0139279 0.0241495
 0.740774 0.120116 0.0937466 0.0355014 0.00986251
pobs_pel_tallas
 0 0 0 0 0 0 0 0 0 0 0 0 0 0 0 0 0 0 0 0 0 0 0 0 0 0
 0 0 0 0 0 0 0 0 0 0 0 0 0 0 0 0 0 0 0 0 0 0 0 0 0 0
 0 0 0 0 0 0 0 0 0 0 0 0 0 0 0 0 0 0 0 0 0 0 0 0 0 0
 0 0 0 0 0 0 0 0 0 0 0 0 0 0 0 0 0 0 0 0 0 0 0 0 0 0
 0 0 0 0 0 0 0 0 0 0 0 0 0 0 0 0 0 0 0 0 0 0 0 0 0 0
 0 0 0 0 0 0 0 0 0 0 0 0 0 0 0 0 0 0 0 0 0 0 0 0 0 0
 0 0 0 0 0 0 0 0 0 0 0 0 0 0 0 0 0 0 0 0 0 0 0 0 0 0
 0 0 0 0 0 0 0 0 0 0 0 0 0 0 0 0 0 0 0 0 0 0 0 0 0 0
 0 0 0 0 0 0 0 0 0 0 0 0 0 0 0 0 0 0 0 0 0 0 0 0 0 0
 0 0 0 0 0 0 0 0 0 0 0 0 0 0 0 0 0 0 0 0 0 0 0 0 0 0
 0 0 0 0 0 0 0 0 0 0 0 0 0 0 0 0 0 0 0 0 0 0 0 0 0 0
 0 0 0 0 0 0 0 0 0 0 0 0 0 0 0 0 0 0 0 0 0 0 0 0 0 0
 0.00862536 0 0 0.000197151 0.00414017 0.0128641 0.00837892 0.0270097 0.101434 0.158115 0.152841 0.127902 0.109271 0.109419 0.0830992 0.0579132 0.0238553 0.00714673 0.00463305 0.00128148 0.00103504 0.000492878 0.000147863 0.000147863 4.92878e-05 0
 0 0 0 0 0 0 0 0 0 0 0 0 0 0 0 0 0 0 0 0 0 0 0 0 0 0
 0 0 0 0 0 0 0 0.0054083 0.00873648 0.0413646 0.0450493 0.0745869 0.0622846 0.0627006 0.0613931 0.0827291 0.12552 0.122667 0.0946155 0.0697135 0.0546179 0.0294188 0.0215738 0.0213955 0.0102223 0.00600262
 0 0 0 0 0.00359764 0.0251062 0.0480494 0.140153 0.205849 0.193036 0.1447 0.116669 0.0760912 0.0342217 0.00950174 0.001854 0.000860785 0 0 0 0.000165536 0 0.000143464 0 0 0
 0 0 0 0 0 0 0 0.000145254 0.000435761 0.0275982 0.070085 0.0708112 0.156366 0.174668 0.174014 0.160142 0.0824315 0.0480064 0.0283245 0.00493863 0.00203355 0 0 0 0 0
 0 0 0 0 0 0 0 0 0 0 0 0 0 0 0 0 0 0 0 0 0 0 0 0 0 0
 0 0 1.00437e-05 0.000401748 0.00122533 0.00171747 0.00176769 0.0269171 0.070346 0.194647 0.189555 0.159765 0.064822 0.0314167 0.0384472 0.0292271 0.0345202 0.0313363 0.0194345 0.0106764 0.0143323 0.0359363 0.0279516 0.0138201 0.00172751 0
 0 0.0021121 0.0136068 0.0755702 0.200478 0.177729 0.0527432 0.0373336 0.0318909 0.0142505 0.0149659 0.0166563 0.0217959 0.0798694 0.0677717 0.0528807 0.04013 0.0224614 0.0357745 0.0225083 0.00881397 0.00855152 0.00135912 0.000746735 0 0
 0 0 0 0 5.4009e-05 0.00500934 0.000945158 0.0243581 0.138947 0.33067 0.221406 0.137944 0.0707744 0.0437923 0.0131692 0.00525238 0.0047753 0.00276346 9.45158e-05 9.00151e-06 2.25038e-05 9.00151e-06 4.50075e-06 0 0 0
 0.000866109 0.00284123 0.00948549 0.0512746 0.133035 0.25785 0.225252 0.132002 0.0553304 0.0519788 0.0540692 0.017754 0.00435017 0.00159236 0.00146478 0.000404838 0.000125132 0.000115318 0.000107957 0.000100596 0 0 0 0 0 0
 0 0 0 0 0.00144013 0.00171154 0.00461396 0.0210425 0.0478622 0.0707936 0.0888783 0.103762 0.0637923 0.0337046 0.0602308 0.124433 0.169614 0.0934646 0.0462172 0.0250306 0.0313229 0.00938855 0.002487 0.000210481 0 0
 0 0.00764035 0.051015 0.0998891 0.058973 0.0496711 0.0374665 0.0718981 0.12319 0.153886 0.159021 0.0857701 0.0377988 0.023471 0.0147837 0.00900784 0.00315554 0.000888139 0.00291439 0.00214683 0.00393193 0.00274676 0.000635225 9.99891e-05 0 0
 0 0 0 0 0 0 0 0 0 0 0 0 0 0 0 0 0 0 0 0 0 0 0 0 0 0
 0 0 0 0 0 0 0 0 0 0 0 0 0 0 0 0 0 0 0 0 0 0 0 0 0 0
 0 0 0 0 0 0 0 0 0 0 0 0 0 0 0 0 0 0 0 0 0 0 0 0 0 0
ppred_pel_tallas
 1.12572e-16 4.13095e-05 0.000401543 0.0026684 0.0121301 0.0377414 0.0804126 0.117367 0.117379 0.0804711 0.0379394 0.0127087 0.00414618 0.00371208 0.00657576 0.0114486 0.0179815 0.0257131 0.034083 0.042646 0.0510042 0.0584378 0.0636647 0.0651583 0.0619348 0.0542335
 1.22265e-16 3.98692e-05 0.000387543 0.00257536 0.0117072 0.0364256 0.0776096 0.113279 0.113304 0.0777321 0.0368374 0.012898 0.00557036 0.00694628 0.01256 0.0208792 0.0305205 0.0393969 0.0454917 0.0480908 0.0482781 0.0481527 0.0493384 0.0519367 0.0545959 0.0554473
 1.18456e-16 4.98929e-05 0.000484977 0.00322284 0.0146506 0.0455835 0.0971211 0.141755 0.141774 0.0972119 0.0458887 0.0155339 0.00544707 0.00536398 0.00938625 0.0156263 0.0229575 0.0298501 0.0348043 0.037216 0.0377382 0.0377524 0.0383653 0.0397264 0.0410905 0.0413998
 1.07099e-16 6.46218e-05 0.000628147 0.00417426 0.0189756 0.0590401 0.125792 0.183599 0.183612 0.125853 0.0592477 0.0195758 0.00568328 0.00393033 0.00636004 0.0104767 0.0152424 0.01951 0.0221687 0.0227447 0.0216833 0.0200162 0.0186755 0.0179955 0.0177005 0.0172504
 1.04623e-16 5.76871e-05 0.000560739 0.00372631 0.0169393 0.0527045 0.112293 0.1639 0.163923 0.112404 0.0530769 0.0180151 0.0064274 0.00645953 0.0112675 0.0185552 0.0267705 0.0337678 0.0374047 0.0367081 0.0324531 0.0266234 0.0211996 0.0172187 0.0146507 0.0128923
 1.03102e-16 6.55024e-05 0.000636706 0.00423114 0.0192341 0.0598446 0.127506 0.186101 0.186115 0.127574 0.0600725 0.0198928 0.00588654 0.00425769 0.00696362 0.0114641 0.0166379 0.0211944 0.0238574 0.0240302 0.022122 0.0192147 0.0163539 0.0140356 0.0121913 0.0105172
 1.05334e-16 4.37288e-05 0.00042506 0.00282467 0.0128406 0.039952 0.0851233 0.124247 0.124283 0.0852992 0.0405428 0.0145475 0.00711055 0.0097856 0.0178343 0.0294494 0.0425019 0.053625 0.0594119 0.0582934 0.0514552 0.041991 0.0330006 0.0261258 0.021376 0.0179094
 1.11091e-16 4.16084e-05 0.000404448 0.0026877 0.0122179 0.0380146 0.0809951 0.11822 0.118246 0.0811205 0.0384364 0.0134392 0.00576486 0.00716016 0.0129843 0.021694 0.0319351 0.0416014 0.0485358 0.0516987 0.051659 0.0499329 0.0477634 0.0453863 0.0422555 0.0378053
 1.13887e-16 4.88899e-05 0.000475227 0.00315805 0.0143561 0.0446671 0.0951688 0.138906 0.138926 0.0952663 0.0449951 0.0153053 0.00554837 0.00571867 0.0100828 0.0167936 0.024671 0.032068 0.0373537 0.0398374 0.0401486 0.0396702 0.0394854 0.0396954 0.0395485 0.038106
 1.08136e-16 6.18336e-05 0.000601044 0.00399415 0.0181568 0.0564927 0.120364 0.175678 0.175693 0.120434 0.0567284 0.0188383 0.00570767 0.00435188 0.00721595 0.0119137 0.0173543 0.0222547 0.0253632 0.0261431 0.0250891 0.0233465 0.0219392 0.0212146 0.0208436 0.0202199
 1.02707e-16 6.99655e-05 0.00068009 0.00451944 0.0205447 0.0639223 0.136194 0.198781 0.198792 0.136247 0.0641015 0.0210627 0.00582023 0.00352188 0.00547351 0.00895549 0.012936 0.0163591 0.0182021 0.0180034 0.0161336 0.0135321 0.0111241 0.00937484 0.00823961 0.00741058
 1.01862e-16 6.38271e-05 0.000620422 0.00412292 0.0187422 0.0583141 0.124245 0.181343 0.181362 0.124335 0.0586165 0.0196155 0.00631493 0.00540516 0.00914967 0.015022 0.0216258 0.0271787 0.029908 0.0289954 0.0250595 0.0197303 0.0146716 0.0108122 0.00822802 0.00651808
 1.02646e-16 5.97852e-05 0.000581133 0.00386184 0.0175554 0.0546213 0.116377 0.16986 0.169881 0.116478 0.0549585 0.0185295 0.00630873 0.0059281 0.0102303 0.0168589 0.0243743 0.030846 0.034338 0.0339414 0.0302867 0.0250643 0.0199638 0.0158758 0.0128211 0.0103988
 1.04242e-16 5.56442e-05 0.000540882 0.00359435 0.0163394 0.0508381 0.108317 0.158096 0.158119 0.108428 0.0512123 0.0174209 0.00631183 0.00648253 0.0113675 0.0187768 0.0272121 0.034574 0.0387502 0.0387547 0.0352768 0.0301373 0.0251143 0.0210794 0.0179553 0.0152453
 1.03864e-16 6.37863e-05 0.000620026 0.00412029 0.0187302 0.0582768 0.124166 0.181226 0.181241 0.124238 0.0585197 0.0194323 0.00588507 0.00448115 0.0074221 0.0122359 0.0177768 0.0226855 0.0256163 0.0259457 0.0241145 0.021266 0.0184859 0.0162584 0.0144611 0.0127317
 1.00679e-16 7.81411e-05 0.000759559 0.00504754 0.0229454 0.0713916 0.152107 0.222006 0.22201 0.152126 0.0714546 0.0231275 0.00550481 0.00175846 0.00197724 0.00315041 0.0045433 0.00574017 0.00637542 0.00628298 0.00558915 0.00462122 0.00370464 0.00300796 0.00252588 0.00216443
 1.01609e-16 3.48935e-05 0.000339177 0.00225395 0.0102462 0.0318799 0.0679255 0.0991503 0.099203 0.0681826 0.0327429 0.0127377 0.00850354 0.0139675 0.0258748 0.0426087 0.0611121 0.0762941 0.0829896 0.0788176 0.0656295 0.0483232 0.0320121 0.0197219 0.0119246 0.00752446
 1.01597e-16 7.55457e-05 0.000734331 0.00487989 0.0221833 0.0690204 0.147055 0.214632 0.214636 0.147072 0.0690773 0.0223484 0.00529741 0.00165564 0.00185409 0.0030205 0.00451749 0.0060408 0.0073219 0.00821502 0.00873992 0.00899214 0.00900737 0.00871419 0.00801297 0.0068954
 1.02179e-16 5.33439e-05 0.000518522 0.00344576 0.0156639 0.0487365 0.103839 0.151563 0.151594 0.103991 0.0492467 0.0171368 0.00714051 0.00857637 0.0153339 0.0252065 0.0361693 0.045202 0.0492719 0.0469987 0.0394999 0.0296767 0.020525 0.0137682 0.0095911 0.00724969
 1.0454e-16 5.47253e-05 0.00053195 0.00353499 0.0160696 0.0499985 0.106528 0.155485 0.155506 0.106631 0.0503453 0.0170726 0.00605842 0.00605936 0.010607 0.017591 0.0256643 0.032955 0.0375623 0.0385615 0.0364723 0.0327548 0.0287843 0.0251586 0.0217561 0.018257
 1.04295e-16 6.36509e-05 0.000618709 0.00411154 0.0186905 0.0581531 0.123902 0.180841 0.180856 0.123973 0.0583932 0.0193847 0.00585671 0.00443684 0.00733995 0.0120998 0.017581 0.0224433 0.0253647 0.025743 0.024031 0.0213707 0.0188323 0.0168672 0.0153069 0.0137386
 1.03086e-16 6.42115e-05 0.000624159 0.00414776 0.0188551 0.0586653 0.124993 0.182435 0.182451 0.125074 0.0589352 0.0196349 0.00610609 0.00490207 0.00819726 0.0134727 0.0194558 0.0245824 0.0273039 0.0269121 0.0239509 0.0198256 0.0159332 0.0129959 0.010987 0.00949549
 1.07141e-16 3.00819e-05 0.000292407 0.00194315 0.00883329 0.0274839 0.0585591 0.0854788 0.0855266 0.0587927 0.0282684 0.0111 0.00763584 0.0127295 0.0236793 0.0391748 0.056607 0.0715558 0.0795181 0.0783995 0.0697211 0.0574969 0.0457382 0.0365552 0.0299619 0.0249185
 1.06648e-16 6.44325e-05 0.000626307 0.00416203 0.01892 0.0588671 0.125423 0.18306 0.183068 0.125461 0.0589964 0.0192953 0.00511185 0.00272524 0.00412557 0.00691464 0.0104142 0.0140611 0.0173064 0.019874 0.0218417 0.0234112 0.0245793 0.0250302 0.0243433 0.0223175
 1.06013e-16 5.54699e-05 0.000539187 0.00358309 0.0162882 0.0506788 0.107978 0.157602 0.157626 0.108098 0.0510829 0.0174552 0.00651239 0.00693394 0.0122011 0.0200873 0.0289472 0.0364512 0.0402823 0.0394191 0.034767 0.0285563 0.0229907 0.019185 0.017013 0.0156672
 1.09532e-16 3.81301e-05 0.000370638 0.00246302 0.0111966 0.0348369 0.0742249 0.108341 0.108376 0.0743961 0.0354121 0.0128597 0.00664449 0.0095209 0.017481 0.0290091 0.0421822 0.0538782 0.0609155 0.0618023 0.0575518 0.0508342 0.0441995 0.0388068 0.0344178 0.0302414
 1.07966e-16 6.10166e-05 0.000593103 0.00394138 0.0179169 0.0557463 0.118774 0.173356 0.173368 0.118831 0.055939 0.0184752 0.00534923 0.00368813 0.00600309 0.00999663 0.0147934 0.0194484 0.0230344 0.0251292 0.0260108 0.0263281 0.0265298 0.0265427 0.0259158 0.0242279
pSPR Fmed_Fpbrs
0.617904   0.185876 0.185876
Fs Fmed_Fpbrs
0.24243   1.005 1.005
SSBpbr Bo_Bmed_Bpbrs
1.89288e+06  1.07497e+06  257196 257196
Ro
174488
SPR SPRFo_SPRFmed_SPRFpbrs
1.23965e+06 765983 230420
Fref
1.005
log_Ro
11.8896
likeval ReclasPelacesDesembMPH_pf_preclas_ppelaces_ptallas_desvR_qrecl_qpela
 12.7766 16.6828 0.0548833 0.002759 191.627 82.4254 57.3356 0 21.9601 6.29196e-07 0 0.28221 0 0 0
q_reclas_q_pelaces
0.893685 1
M
1
N
 193253 45939.6 139379 8520.88 0.282794
 115448 62810.4 14768.2 44806 2739.29
 105651 33890.1 18073.2 4249.43 13680.8
 182796 31177.8 9807.56 5230.27 5188.89
 143820 48722.7 8076.3 2540.55 2698.98
 258487 47347.9 15883.2 2632.81 1708.05
 106363 77424.6 13926.2 4671.66 1276.76
 46547.4 24424.6 17052.3 3067.16 1310.1
 44873.3 15871.3 8272.21 5775.34 1482.51
 60517.9 12295.3 4236.7 2208.19 1937.42
 112769 15126.2 2969.72 1023.3 1001.3
 149609 37999.2 5057.56 992.945 676.94
 123692 37249 9139.27 1216.4 401.627
 86206.8 31486.4 9177.62 2251.79 398.66
 84332 17165.8 5937.84 1730.75 499.832
 475571 20430.3 4007.49 1386.24 520.747
 96659.2 126872 5297.38 1039.11 494.463
 729529 28405 36549 1526.06 441.787
 425160 217155 8298.04 10677.2 574.872
 342350 114461 56867.6 2173.05 2946.63
 482095 95774.3 31253.8 15527.7 1397.93
 646083 144065 28098 9169.15 4965.6
 132772 182235 39690 7741.03 3894.14
 403567 41502.4 56147.4 12228.7 3584.85
 338260 129706 13180.1 17831 5021.97
 137053 108093 40934.4 4159.57 7212.27
 273120 44792.5 34959.2 13238.9 3677.84
pred_Ctot
 14378 3704.09 11238.1 687.035 0.0228016
 15017.6 8823.54 2074.62 6294.31 384.813
 13451.7 4660.67 2485.49 584.395 1881.43
 32673.4 5999.04 1887.11 1006.38 998.415
 9641.91 3541.54 587.048 184.667 196.183
 30870.6 6110.82 2049.93 339.797 220.445
 26246 20470.4 3681.97 1235.15 337.564
 2165.62 1233.61 861.256 154.912 66.1691
 7413.95 2825.35 1472.59 1028.11 263.911
 12653.5 2761.74 951.636 495.998 435.178
 6033.11 878.139 172.404 59.4068 58.1296
 31548.5 8607.14 1145.58 224.91 153.333
 24815.2 8032.64 1970.86 262.314 86.6099
 26260.2 10233.6 2982.89 731.87 129.571
 18828.9 4113.26 1422.82 414.722 119.77
 84800.2 3921.72 769.262 266.096 99.9607
 12519.4 17746.7 740.992 145.349 69.165
 89548 3767.12 4847.19 202.388 58.5905
 73926.5 40660.1 1553.72 1999.19 107.639
 53006.6 19108 9493.39 362.765 491.905
 58175.9 12488.7 4075.4 2024.77 182.286
 97352.7 23411.7 4566.15 1490.06 806.95
 12784.1 18990 4135.94 806.664 405.793
 32590.1 3630.73 4911.92 1069.79 313.612
 28411.2 11799.4 1199.01 1622.1 456.854
 9762.09 8345.61 3160.44 321.15 556.842
 25049.2 4447.34 3471.01 1314.46 365.164
F
 0.123879 0.134854 0.134854 0.134854 0.134854
 0.225693 0.245688 0.245688 0.245688 0.245688
 0.220441 0.23997 0.23997 0.23997 0.23997
 0.322224 0.350771 0.350771 0.350771 0.350771
 0.111043 0.12088 0.12088 0.12088 0.12088
 0.205541 0.22375 0.22375 0.22375 0.22375
 0.471267 0.513018 0.513018 0.513018 0.513018
 0.0759588 0.0826882 0.0826882 0.0826882 0.0826882
 0.294625 0.320726 0.320726 0.320726 0.320726
 0.386508 0.42075 0.42075 0.42075 0.42075
 0.087772 0.095548 0.095548 0.095548 0.095548
 0.390399 0.424985 0.424985 0.424985 0.424985
 0.368233 0.400856 0.400856 0.400856 0.400856
 0.613831 0.668212 0.668212 0.668212 0.668212
 0.417744 0.454754 0.454754 0.454754 0.454754
 0.321336 0.349804 0.349804 0.349804 0.349804
 0.224625 0.244525 0.244525 0.244525 0.244525
 0.211785 0.230548 0.230548 0.230548 0.230548
 0.312227 0.339888 0.339888 0.339888 0.339888
 0.273838 0.298099 0.298099 0.298099 0.298099
 0.207879 0.226295 0.226295 0.226295 0.226295
 0.265632 0.289165 0.289165 0.289165 0.289165
 0.162885 0.177315 0.177315 0.177315 0.177315
 0.135077 0.147043 0.147043 0.147043 0.147043
 0.14082 0.153296 0.153296 0.153296 0.153296
 0.11833 0.128813 0.128813 0.128813 0.128813
 0.154634 0.168333 0.168333 0.168333 0.168333
nmprior
 8 8 7 0
nm_flota  nm_reclas  nm_pelaces    nm_pelaL
inf 9.85841 16.3495 12.3638
cv_recla  cv_pelaces  cv_mph
0.357444 0.547988 1.62099
 ------------------------------------------------
Talla a la edad & desviación 
 8 13.2811 15.8009 17.003 17.5766
 0.8 1.32811 1.58009 1.7003 1.75766
