years
 1991 1992 1993 1994 1995 1996 1997 1998 1999 2000 2001 2002 2003 2004 2005 2006 2007 2008 2009 2010 2011 2012 2013 2014 2015 2016
reclasobs
 0 0 0 0 0 0 0 0 0 252601 567819 844713 477998 351125 339783 2.1784e+06 2.13404e+06 4.81314e+06 1.55562e+06 2.62356e+06 3.21686e+06 3.843e+06 1.13348e+06 3.07943e+06 1.97215e+06 2.03268e+06
reclaspred
 3.12556e+06 1.71887e+06 860978 902788 916802 1.64151e+06 938986 794192 559431 375578 506233 690797 671771 490703 472138 1.36639e+06 1.18483e+06 3.10393e+06 2.4653e+06 1.86744e+06 3.21348e+06 2.61609e+06 1.97249e+06 3.11125e+06 2.26812e+06 1.97623e+06
pelacesobs
 0 0 0 0 0 0 0 0 0 0 0 0 0 0 0 552880 188675 0 991730 2.46772e+06 1.41603e+06 1.21717e+06 2.29649e+06 1.80582e+06 0 1.4828e+06
pelacespred
 1.67204e+06 1.00309e+06 490623 420694 466175 863193 438835 489424 316168 194212 282462 317890 342429 251845 251230 617729 551885 1.67581e+06 1.35254e+06 936288 1.6165e+06 1.38869e+06 1.07755e+06 1.86128e+06 1.30832e+06 1.14497e+06
mphobs
 0 0 0 0 0 0 0 0 0 0 0 498337 0 5186 125008 0 168611 109162 213762 579715 649985 157893 87575 83554 0 0
mphpred
 451461 302773 146188 80002.9 89657 108829 155519 84380.9 75069.3 46596.7 28226.7 58285.3 62334.9 50538.1 30088.3 37732.6 144687 124034 293371 205524 228016 276012 262082 207701 298316 239260
desembarqueobs
 494567 514787 250237 358949 120608 361735 552515 73892 212993 205616 52469 317467 293654 387597 252695 516296 358380 742168 942051 627588 828172 859565 418607 520667 417249 300574
desembarquepred
 494536 513875 250656 358933 120607 361677 552535 73895.6 213041 205659 52460.4 317480 293659 387542 252636 516097 358429 741859 941705 627333 828144 859421 418610 520587 417203 300551
Reclutas
 167970 97841.9 90415 146512 115289 219138 86301.5 34975.9 34466.1 46714.3 86477.9 126658 104947 73584.6 66001.8 365524 68366.1 587034 328145 281176 361110 505954 98114.5 286430 237120 106427
log_desv_Rt
 0.21593 -0.324505 -0.403447 0.0792505 -0.160418 0.481843 -0.45001 -1.3532 -1.36788 -1.06381 -0.447969 -0.0663654 -0.254399 -0.609422 -0.718175 0.993475 -0.682981 1.46723 0.885597 0.731123 0.981324 1.31859 -0.321722 0.749638 0.560708 -0.2404
SSB
 1.92603e+06 1.2917e+06 623671 341310 382497 464290 663480 359988 320262 198792 120421 248658 265935 215607 128363 160976 617267 529157 1.25159e+06 876812 972767 1.17753e+06 1.1181e+06 886101 1.27268e+06 1.02074e+06
BT
 2.74039e+06 1.89607e+06 922309 890865 750295 1.53684e+06 1.10084e+06 756429 655820 471853 447463 714968 752284 761666 611818 1.30281e+06 1.05231e+06 3.06327e+06 2.80806e+06 1.86627e+06 2.97803e+06 2.74995e+06 1.87287e+06 3.14265e+06 2.21826e+06 1.87645e+06
Ftot
 0.209483 0.385767 0.379041 0.540016 0.181268 0.310812 0.739933 0.127466 0.508143 0.71693 0.15179 0.62182 0.590299 1.02446 0.741322 0.54858 0.398077 0.347098 0.511165 0.457495 0.356665 0.450263 0.281181 0.238844 0.249466 0.205505
BD_Bspro_t
 0.967038 0.769921 0.557816 0.452664 0.450903 0.549067 0.562935 0.36942 0.422443 0.359195 0.312263 0.572207 0.44965 0.354183 0.237867 0.28434 0.483381 0.433399 0.576053 0.458465 0.436123 0.48056 0.494985 0.476329 0.598654 0.602668
BD_Bspro
 2.00775 1.3465 0.650132 0.355791 0.398725 0.483988 0.69163 0.375261 0.33385 0.207226 0.125531 0.259208 0.277218 0.224755 0.13381 0.167806 0.643457 0.551608 1.30469 0.914013 1.01404 1.22749 1.16554 0.923696 1.32668 1.06404
BD_Bo
 1.28607 0.862503 0.416443 0.227902 0.255404 0.310019 0.443024 0.240374 0.213848 0.132739 0.0804088 0.166036 0.177572 0.143967 0.0857119 0.107488 0.412167 0.353333 0.83572 0.585472 0.649544 0.78627 0.746589 0.591674 0.849806 0.681574
BD_Brms
 8.44023 5.66045 2.73304 1.49568 1.67617 2.0346 2.90749 1.57753 1.40345 0.871141 0.527708 1.08966 1.16537 0.944828 0.562511 0.705425 2.70498 2.31886 5.48468 3.84235 4.26284 5.16015 4.89972 3.88305 5.57712 4.47304
Sel_flota
 0.83 1 1 1 1
 0.83 1 1 1 1
 0.83 1 1 1 1
 0.83 1 1 1 1
 0.83 1 1 1 1
 0.83 1 1 1 1
 0.83 1 1 1 1
 0.83 1 1 1 1
 0.83 1 1 1 1
 0.83 1 1 1 1
 0.83 1 1 1 1
 0.83 1 1 1 1
 0.83 1 1 1 1
 0.83 1 1 1 1
 0.83 1 1 1 1
 0.83 1 1 1 1
 0.83 1 1 1 1
 0.83 1 1 1 1
 0.83 1 1 1 1
 0.83 1 1 1 1
 0.83 1 1 1 1
 0.83 1 1 1 1
 0.83 1 1 1 1
 0.83 1 1 1 1
 0.83 1 1 1 1
 0.83 1 1 1 1
Sel_reclas
 1 1 1 1 1
 1 1 1 1 1
 1 1 1 1 1
 1 1 1 1 1
 1 1 1 1 1
 1 1 1 1 1
 1 1 1 1 1
 1 1 1 1 1
 1 1 1 1 1
 1 1 1 1 1
 1 1 1 1 1
 1 1 1 1 1
 1 1 1 1 1
 1 1 1 1 1
 1 1 1 1 1
 1 1 1 1 1
 1 1 1 1 1
 1 1 1 1 1
 1 1 1 1 1
 1 1 1 1 1
 1 1 1 1 1
 1 1 1 1 1
 1 1 1 1 1
 1 1 1 1 1
 1 1 1 1 1
 1 1 1 1 1
Sel_pelaces
 0.955557 1 1 1 1
 0.955557 1 1 1 1
 0.955557 1 1 1 1
 0.955557 1 1 1 1
 0.955557 1 1 1 1
 0.955557 1 1 1 1
 0.955557 1 1 1 1
 0.955557 1 1 1 1
 0.955557 1 1 1 1
 0.955557 1 1 1 1
 0.955557 1 1 1 1
 0.955557 1 1 1 1
 0.955557 1 1 1 1
 0.955557 1 1 1 1
 0.955557 1 1 1 1
 0.955557 1 1 1 1
 0.955557 1 1 1 1
 0.955557 1 1 1 1
 0.955557 1 1 1 1
 0.955557 1 1 1 1
 0.955557 1 1 1 1
 0.955557 1 1 1 1
 0.955557 1 1 1 1
 0.955557 1 1 1 1
 0.955557 1 1 1 1
 0.955557 1 1 1 1
pf_obs 
 0.8446 0.082 0.0669 0.0065 0
 0.8095 0.147 0.0364 0.0071 0
 0.9664 0.0169 0.016 0.0007 0
 0.9276 0.0648 0.0075 0.0001 0
 0.7033 0.2144 0.0806 0.0017 0
 0.9318 0.0425 0.0243 0.0014 0
 0.5671 0.3108 0.0964 0.0239 0.0018
 0.0768 0.2599 0.5324 0.112 0.0189
 0.490249 0.384438 0.106611 0.0170017 0.00170017
 0.7925 0.1577 0.0466 0.003 0.0002
 0.840416 0.127587 0.0312969 0.00059994 9.999e-05
 0.8084 0.0986 0.0794 0.0134 0.0002
 0.7335 0.1905 0.0724 0.0035 0.0001
 0.4001 0.4547 0.1325 0.0127 0
 0.49795 0.308269 0.164784 0.0264974 0.00249975
 0.9179 0.0499 0.0305 0.0017 0
 0.2467 0.6533 0.0926 0.0074 0
 0.9418 0.0223 0.034 0.0019 0
 0.707729 0.231977 0.0356964 0.0245975 0
 0.517169 0.277429 0.184464 0.0207286 0.00020938
 0.811772 0.124168 0.05621 0.00726502 0.000585176
 0.764997 0.148141 0.077277 0.00933861 0.000247198
 0.163321 0.427699 0.378323 0.0303852 0.000271297
 0.753843 0.0900009 0.118128 0.0371064 0.000921714
 0.721811 0.176058 0.0630433 0.0369309 0.00215725
 0.143369 0.312575 0.442814 0.0836902 0.0175525
pf_pred 
 0.526625 0.136978 0.314775 0.0216215 7.95712e-07
 0.481104 0.299874 0.0633771 0.14564 0.0100042
 0.612888 0.208111 0.103446 0.0218629 0.0536921
 0.775159 0.149489 0.0405096 0.0201363 0.0147071
 0.696308 0.247422 0.037412 0.0101382 0.00872012
 0.789711 0.155146 0.0449256 0.00679308 0.0034242
 0.497975 0.413505 0.0653082 0.0189113 0.00430092
 0.490254 0.287562 0.183008 0.0289039 0.0102732
 0.579693 0.226945 0.10908 0.06942 0.014861
 0.756382 0.15512 0.0477846 0.0229674 0.0177458
 0.859835 0.112356 0.0177071 0.00545463 0.00464744
 0.774822 0.198701 0.0212235 0.00334477 0.00190823
 0.726304 0.223284 0.0444847 0.00475144 0.00117602
 0.679526 0.2477 0.0593701 0.0118283 0.00157609
 0.786124 0.158496 0.0428046 0.0102596 0.00231638
 0.951966 0.0397471 0.00614084 0.00165844 0.000487251
 0.396552 0.580504 0.0189858 0.00293326 0.00102492
 0.925781 0.0335539 0.0391192 0.00127942 0.000266735
 0.620364 0.356733 0.010354 0.0120713 0.00047711
 0.672715 0.220935 0.099934 0.00290053 0.00351527
 0.757996 0.174737 0.0454092 0.0205396 0.00131865
 0.777136 0.177522 0.0327382 0.00850773 0.00409529
 0.345573 0.533313 0.0964734 0.0177913 0.00684903
 0.769869 0.0910612 0.113332 0.0205012 0.00523623
 0.650926 0.281026 0.0269263 0.0335117 0.0076104
 0.468365 0.370755 0.129518 0.0124097 0.0189522
pobs_RECLAS
 0 0 0 0 0
 0 0 0 0 0
 0 0 0 0 0
 0 0 0 0 0
 0 0 0 0 0
 0 0 0 0 0
 0 0 0 0 0
 0 0 0 0 0
 0 0 0 0 0
 0 0 0 0 0
 0.991045 0.00858322 0.000360255 1.14367e-05 0
 0.934742 0.0480273 0.0164251 0.00080598 0
 0.827803 0.169806 0.00239088 0 0
 0.941827 0.0461693 0.0120037 0 0
 0.791401 0.0380133 0.147996 0.0225897 0
 0.846168 0.0940531 0.0597789 0 0
 0.134021 0.677848 0.182769 0.00536245 0
 0.80878 0.0450904 0.141981 0.00414843 0
 0.846168 0.0940531 0.0597789 0 0
 0.905697 0.0802665 0.012482 0.00150086 5.37128e-05
 0.989698 0.0102097 9.19794e-05 0 0
 0.975433 0.0193895 0.00387452 0.00125025 5.28907e-05
 0.303575 0.632131 0.0575291 0.00676475 0
 0.966965 0.00978017 0.0227588 0.000495775 0
 0.843318 0.132988 0.00938335 0.0141283 0.000182051
 0.564624 0.303363 0.111486 0.0197234 0.00080311
ppred_RECLAS
 0.573559 0.123397 0.283566 0.0194778 7.16819e-07
 0.529438 0.271942 0.0574737 0.132074 0.00907238
 0.657645 0.184049 0.091486 0.0193352 0.0474842
 0.807683 0.127864 0.0346496 0.0172234 0.0125796
 0.734784 0.216075 0.032672 0.00885372 0.00761531
 0.819804 0.132945 0.0384967 0.00582097 0.00293419
 0.548604 0.371803 0.0587218 0.017004 0.00386717
 0.537259 0.261044 0.166132 0.0262386 0.00932584
 0.626687 0.201571 0.0968842 0.0616583 0.0131994
 0.791728 0.132614 0.0408517 0.0196352 0.0151711
 0.881075 0.0953304 0.0150238 0.00462807 0.00394319
 0.807735 0.169659 0.0181214 0.00285589 0.00162932
 0.76399 0.19254 0.0383595 0.00409721 0.0010141
 0.724006 0.21332 0.0511298 0.0101866 0.00135733
 0.818303 0.134649 0.0363642 0.00871597 0.00196786
 0.960236 0.0329042 0.00508363 0.00137292 0.000403365
 0.443724 0.535125 0.0175016 0.00270396 0.000944801
 0.937978 0.0280395 0.0326902 0.00106915 0.000222899
 0.665452 0.314365 0.00912428 0.0106377 0.000420445
 0.714169 0.192952 0.0872763 0.00253315 0.00307003
 0.791595 0.150477 0.0391047 0.0176879 0.00113557
 0.80909 0.15207 0.0280443 0.00728792 0.00350812
 0.389992 0.497114 0.0899253 0.0165838 0.00638415
 0.801855 0.0784048 0.0975805 0.0176518 0.00450846
 0.692892 0.24724 0.0236891 0.0294828 0.00669546
 0.515745 0.337713 0.117975 0.0113037 0.0172632
pobs_PELACES
 0 0 0 0 0
 0 0 0 0 0
 0 0 0 0 0
 0 0 0 0 0
 0 0 0 0 0
 0 0 0 0 0
 0 0 0 0 0
 0 0 0 0 0
 0 0 0 0 0
 0 0 0 0 0
 0 0 0 0 0
 0 0 0 0 0
 0 0 0 0 0
 0 0 0 0 0
 0 0 0 0 0
 0 0 0 0 0
 0.505614 0.472636 0.0217494 0 0
 0 0 0 0 0
 0.443492 0.261883 0.143347 0.151278 0
 0.227955 0.32914 0.350689 0.0885471 0.00366901
 0.970185 0.0296113 0.000203453 0 0
 0.997202 0.00247181 0.000326279 0 0
 0.445219 0.490057 0.0546422 0.010081 0
 0.90214 0.0892962 0.00764917 0.000914606 0
 0 0 0 0 0
 0.581667 0.319106 0.0959925 0.00289975 0.000334073
ppred_PELACES
 0.565295 0.125788 0.289061 0.0198553 7.30711e-07
 0.5235 0.275374 0.058199 0.133741 0.00918686
 0.652177 0.186989 0.0929473 0.019644 0.0482427
 0.805317 0.129437 0.035076 0.0174354 0.0127344
 0.72785 0.221724 0.0335263 0.00908521 0.00781442
 0.815627 0.136026 0.039389 0.0059559 0.0030022
 0.547626 0.372608 0.0588491 0.0170409 0.00387555
 0.527723 0.266424 0.169556 0.0267793 0.00951803
 0.622712 0.203717 0.0979157 0.0623148 0.0133399
 0.790862 0.133165 0.0410214 0.0197168 0.0152342
 0.877149 0.0984775 0.0155198 0.00478085 0.00407337
 0.806087 0.171113 0.0182767 0.00288037 0.00164328
 0.761757 0.194361 0.0387225 0.00413598 0.00102369
 0.7264 0.21147 0.0506863 0.0100982 0.00134556
 0.817727 0.135076 0.0364796 0.00874362 0.0019741
 0.959671 0.0333714 0.0051558 0.00139241 0.000409092
 0.438023 0.54061 0.017681 0.00273168 0.000954484
 0.936449 0.0287308 0.0334962 0.00109552 0.000228395
 0.661706 0.317886 0.00922647 0.0107568 0.000425154
 0.710111 0.195691 0.0885153 0.00256911 0.00311361
 0.787365 0.153531 0.0398984 0.0180469 0.00115862
 0.80595 0.154571 0.0285055 0.00740778 0.00356582
 0.382954 0.502851 0.0909629 0.0167751 0.00645782
 0.796711 0.08044 0.100113 0.01811 0.00462549
 0.686157 0.252663 0.0242087 0.0301295 0.00684232
 0.507267 0.343625 0.120041 0.0115016 0.0175654
pobs_pel_tallas
 0 0 0 0 0 0 0 0 0 0 0 0 0 0 0 0 0 0 0 0 0 0 0 0 0 0
 0 0 0 0 0 0 0 0 0 0 0 0 0 0 0 0 0 0 0 0 0 0 0 0 0 0
 0 0 0 0 0 0 0 0 0 0 0 0 0 0 0 0 0 0 0 0 0 0 0 0 0 0
 0 0 0 0 0 0 0 0 0 0 0 0 0 0 0 0 0 0 0 0 0 0 0 0 0 0
 0 0 0 0 0 0 0 0 0 0 0 0 0 0 0 0 0 0 0 0 0 0 0 0 0 0
 0 0 0 0 0 0 0 0 0 0 0 0 0 0 0 0 0 0 0 0 0 0 0 0 0 0
 0 0 0 0 0 0 0 0 0 0 0 0 0 0 0 0 0 0 0 0 0 0 0 0 0 0
 0 0 0 0 0 0 0 0 0 0 0 0 0 0 0 0 0 0 0 0 0 0 0 0 0 0
 0 0 0 0 0 0 0 0 0 0 0 0 0 0 0 0 0 0 0 0 0 0 0 0 0 0
 0 0 0 0 0 0 0 0 0 0 0 0 0 0 0 0 0 0 0 0 0 0 0 0 0 0
 0 0 0 0 0 0 0 0 0 0 0 0 0 0 0 0 0 0 0 0 0 0 0 0 0 0
 0 0 0 0 0 0 0 0 0 0 0 0 0 0 0 0 0 0 0 0 0 0 0 0 0 0
 0.00862536 0 0 0.000197151 0.00414017 0.0128641 0.00837892 0.0270097 0.101434 0.158115 0.152841 0.127902 0.109271 0.109419 0.0830992 0.0579132 0.0238553 0.00714673 0.00463305 0.00128148 0.00103504 0.000492878 0.000147863 0.000147863 4.92878e-05 0
 0 0 0 0 0 0 0 0 0 0 0 0 0 0 0 0 0 0 0 0 0 0 0 0 0 0
 0 0 0 0 0 0 0 0.0054083 0.00873648 0.0413646 0.0450493 0.0745869 0.0622846 0.0627006 0.0613931 0.0827291 0.12552 0.122667 0.0946155 0.0697135 0.0546179 0.0294188 0.0215738 0.0213955 0.0102223 0.00600262
 0 0 0 0 0.00359764 0.0251062 0.0480494 0.140153 0.205849 0.193036 0.1447 0.116669 0.0760912 0.0342217 0.00950174 0.001854 0.000860785 0 0 0 0.000165536 0 0.000143464 0 0 0
 0 0 0 0 0 0 0 0.000145254 0.000435761 0.0275982 0.070085 0.0708112 0.156366 0.174668 0.174014 0.160142 0.0824315 0.0480064 0.0283245 0.00493863 0.00203355 0 0 0 0 0
 0 0 0 0 0 0 0 0 0 0 0 0 0 0 0 0 0 0 0 0 0 0 0 0 0 0
 0 0 1.00437e-05 0.000401748 0.00122533 0.00171747 0.00176769 0.0269171 0.070346 0.194647 0.189555 0.159765 0.064822 0.0314167 0.0384472 0.0292271 0.0345202 0.0313363 0.0194345 0.0106764 0.0143323 0.0359363 0.0279516 0.0138201 0.00172751 0
 0 0.0021121 0.0136068 0.0755702 0.200478 0.177729 0.0527432 0.0373336 0.0318909 0.0142505 0.0149659 0.0166563 0.0217959 0.0798694 0.0677717 0.0528807 0.04013 0.0224614 0.0357745 0.0225083 0.00881397 0.00855152 0.00135912 0.000746735 0 0
 0 0 0 0 5.4009e-05 0.00500934 0.000945158 0.0243581 0.138947 0.33067 0.221406 0.137944 0.0707744 0.0437923 0.0131692 0.00525238 0.0047753 0.00276346 9.45158e-05 9.00151e-06 2.25038e-05 9.00151e-06 4.50075e-06 0 0 0
 0.000866109 0.00284123 0.00948549 0.0512746 0.133035 0.25785 0.225252 0.132002 0.0553304 0.0519788 0.0540692 0.017754 0.00435017 0.00159236 0.00146478 0.000404838 0.000125132 0.000115318 0.000107957 0.000100596 0 0 0 0 0 0
 0 0 0 0 0.00144013 0.00171154 0.00461396 0.0210425 0.0478622 0.0707936 0.0888783 0.103762 0.0637923 0.0337046 0.0602308 0.124433 0.169614 0.0934646 0.0462172 0.0250306 0.0313229 0.00938855 0.002487 0.000210481 0 0
 0 0.00764035 0.051015 0.0998891 0.058973 0.0496711 0.0374665 0.0718981 0.12319 0.153886 0.159021 0.0857701 0.0377988 0.023471 0.0147837 0.00900784 0.00315554 0.000888139 0.00291439 0.00214683 0.00393193 0.00274676 0.000635225 9.99891e-05 0 0
 0 0 0 0 0 0 0 0 0 0 0 0 0 0 0 0 0 0 0 0 0 0 0 0 0 0
 0 0 0 0 0 0 0 0 0 0 0 0 0 0 0 0 0 0 0 0 0 0 0 0 0 0
ppred_pel_tallas
 1.10366e-16 4.65626e-05 0.000452605 0.00300772 0.0136727 0.0425408 0.0906381 0.132292 0.132304 0.0906997 0.0427486 0.0142781 0.00454789 0.003882 0.0067561 0.0116068 0.017903 0.0249802 0.0320987 0.0387705 0.0447838 0.0498377 0.0531871 0.0537666 0.0507989 0.0444001
 1.16717e-16 4.312e-05 0.000419142 0.00278535 0.0126618 0.0393957 0.0839377 0.122515 0.122542 0.0840678 0.0398328 0.0139253 0.00596127 0.00736731 0.0132857 0.0220256 0.0320499 0.0410415 0.0467253 0.0482023 0.0465308 0.0439657 0.042437 0.0424453 0.0430617 0.0427752
 1.12865e-16 5.3719e-05 0.000522168 0.00346999 0.0157741 0.0490791 0.104569 0.152625 0.152643 0.104658 0.0493773 0.0166367 0.00564126 0.00528169 0.0091513 0.0151991 0.0222599 0.0287877 0.0332523 0.0349924 0.0345887 0.033376 0.0324923 0.0322284 0.0320778 0.0312629
 1.04949e-16 6.63329e-05 0.000644779 0.00428479 0.019478 0.0606034 0.129122 0.188461 0.188473 0.129184 0.0608088 0.0200717 0.00577659 0.00390712 0.0062793 0.0103221 0.0149742 0.0190725 0.0214857 0.0217147 0.0201853 0.0179308 0.0159233 0.0145776 0.0137245 0.0129286
 1.03258e-16 5.99521e-05 0.000582756 0.00387262 0.0176044 0.0547738 0.116702 0.170335 0.170356 0.116807 0.0551246 0.0186175 0.00641589 0.00613569 0.0106089 0.0174517 0.0251535 0.0316748 0.0349795 0.0341353 0.0298649 0.024045 0.0185697 0.0144621 0.0117501 0.00991729
 1.02277e-16 6.71821e-05 0.000653034 0.00433964 0.0197274 0.0613793 0.130776 0.190874 0.190887 0.13084 0.0615951 0.020351 0.00590657 0.00407875 0.00658818 0.0108242 0.015677 0.0199035 0.0222781 0.0222269 0.0201452 0.0170863 0.0140872 0.011669 0.00980776 0.00823323
 1.04159e-16 4.51073e-05 0.000438459 0.00291372 0.0132454 0.0412114 0.0878066 0.128164 0.1282 0.0879821 0.0418009 0.014948 0.00718825 0.00977169 0.0177762 0.029331 0.0422828 0.0532456 0.0587928 0.0573405 0.0500773 0.0401275 0.0306532 0.0233782 0.0183889 0.0148909
 1.09258e-16 4.34679e-05 0.000422523 0.00280782 0.0127639 0.0397135 0.0846148 0.123503 0.123529 0.0847414 0.0401392 0.0139963 0.00591135 0.00723145 0.0130743 0.0218053 0.0320134 0.0415252 0.0481154 0.0507071 0.0498913 0.0472739 0.0442372 0.0411672 0.0376364 0.0331354
 1.11385e-16 5.1292e-05 0.000498577 0.00331322 0.0150614 0.0468618 0.0998447 0.14573 0.14575 0.0999414 0.0471866 0.0160014 0.00567921 0.00568544 0.00996731 0.0165704 0.0242802 0.0314244 0.0363422 0.0383099 0.0379377 0.0366272 0.0355376 0.0349001 0.034117 0.0323802
 1.05774e-16 6.51423e-05 0.000633206 0.00420788 0.0191284 0.0595157 0.126805 0.185078 0.185091 0.126868 0.0597271 0.0197398 0.00574469 0.00399542 0.00647258 0.0106563 0.0154862 0.0197817 0.0223932 0.0228163 0.0214855 0.0194433 0.0176525 0.0164945 0.0157553 0.0149634
 1.01642e-16 7.22496e-05 0.000702292 0.00466698 0.0212154 0.066009 0.14064 0.20527 0.205279 0.140686 0.0661648 0.0216655 0.00579688 0.00316955 0.00476006 0.0077605 0.0111858 0.0140964 0.0155885 0.015251 0.013406 0.0108852 0.00852347 0.00676582 0.00561337 0.00482705
 1.01139e-16 6.63963e-05 0.000645396 0.00428888 0.0194967 0.0606614 0.129246 0.188642 0.188658 0.129327 0.0609318 0.0202775 0.0062483 0.00492114 0.00818186 0.0134081 0.0192775 0.024176 0.026505 0.0255257 0.0217959 0.0167938 0.0120421 0.00841097 0.00600147 0.0044709
 1.01756e-16 6.27449e-05 0.000609903 0.00405302 0.0184245 0.0573254 0.122139 0.178269 0.178287 0.12223 0.0576331 0.0193134 0.00628508 0.00548501 0.00932868 0.0153414 0.022136 0.0279218 0.0309107 0.0302644 0.0265737 0.0214259 0.0164297 0.0124665 0.00960261 0.00748167
 1.02758e-16 5.98326e-05 0.000581595 0.0038649 0.0175693 0.0546647 0.11647 0.169995 0.170016 0.116569 0.0549998 0.0185376 0.00629702 0.0058962 0.0101686 0.0167563 0.0242256 0.0306583 0.0341324 0.0337492 0.030141 0.0249927 0.0199836 0.0159913 0.0130216 0.0106587
 1.02299e-16 6.73551e-05 0.000654716 0.00435082 0.0197782 0.0615373 0.131112 0.191365 0.191378 0.131176 0.0617515 0.0203972 0.00590606 0.00405444 0.00653758 0.0107368 0.0155431 0.0197196 0.0220491 0.021965 0.0198682 0.0168164 0.0138493 0.0114874 0.00969911 0.00819927
 1.00367e-16 7.90469e-05 0.000768364 0.00510605 0.0232113 0.0722191 0.153871 0.224579 0.224583 0.153886 0.0722719 0.0233638 0.00548883 0.00160412 0.00166669 0.00263129 0.0037852 0.00476488 0.0052586 0.00512414 0.00446812 0.00357106 0.00271726 0.00206232 0.00161488 0.00130403
 1.01084e-16 3.60795e-05 0.000350706 0.00233056 0.0105944 0.0329635 0.0702342 0.10252 0.102572 0.0704883 0.0338164 0.0130565 0.00850598 0.0138159 0.0255626 0.0420811 0.0603294 0.0752618 0.0817605 0.0774655 0.0642125 0.0468654 0.030515 0.0181936 0.0104009 0.00606779
 1.01123e-16 7.71341e-05 0.000749771 0.00498249 0.0226497 0.0704716 0.150147 0.219145 0.219148 0.150161 0.0705179 0.0227842 0.00532238 0.00149892 0.00152084 0.00244652 0.00364275 0.00484151 0.00581611 0.00644572 0.00675334 0.00683409 0.00674121 0.00643976 0.00586227 0.00500102
 1.01499e-16 5.45039e-05 0.000529797 0.00352069 0.0160046 0.0497963 0.106097 0.154859 0.154889 0.106247 0.0502978 0.0174524 0.00715235 0.00844892 0.0150686 0.0247579 0.035503 0.0443201 0.048213 0.0458128 0.0382163 0.0282899 0.0190113 0.0121204 0.0078461 0.00549121
 1.0339e-16 5.84909e-05 0.000568553 0.00377823 0.0171753 0.0534389 0.113858 0.166183 0.166202 0.113951 0.0537503 0.0180759 0.00604317 0.00552747 0.00951877 0.0157537 0.0229421 0.0293745 0.0333237 0.0339509 0.0317372 0.0280351 0.0241415 0.0206567 0.0175157 0.0144407
 1.03197e-16 6.48542e-05 0.000630406 0.00418927 0.0190438 0.0592525 0.126244 0.18426 0.184275 0.126317 0.059496 0.0197475 0.00595715 0.00449515 0.00742088 0.0122084 0.0176818 0.0224512 0.0251448 0.0251332 0.0228864 0.019613 0.0164844 0.01406 0.0122539 0.0106891
 1.02209e-16 6.63851e-05 0.000645286 0.00428816 0.0194933 0.0606511 0.129224 0.18861 0.188624 0.129297 0.0608958 0.0202002 0.00606298 0.00452164 0.00743393 0.0121996 0.0176026 0.0222102 0.0246078 0.0241439 0.0213072 0.0173769 0.0136368 0.0107701 0.00878662 0.00734431
 1.05529e-16 3.15435e-05 0.000306614 0.00203756 0.00926248 0.0288193 0.0614043 0.0896315 0.08968 0.0616413 0.0296151 0.0115615 0.00780983 0.0129124 0.0239866 0.039642 0.057189 0.0720952 0.0797456 0.0779933 0.0684078 0.0551496 0.0424256 0.032525 0.0255733 0.0205536
 1.05509e-16 6.56241e-05 0.000637889 0.004239 0.0192699 0.0599558 0.127742 0.186445 0.186453 0.127781 0.060086 0.0196478 0.00519449 0.00274676 0.00413838 0.00691456 0.0103677 0.013903 0.016939 0.019179 0.0207074 0.0217667 0.0224258 0.0224545 0.0215082 0.0194303
 1.04943e-16 5.65179e-05 0.000549374 0.00365078 0.0165959 0.0516363 0.110017 0.160579 0.160603 0.110136 0.0520356 0.0177493 0.00654568 0.00686814 0.0120551 0.0198368 0.0285672 0.0359301 0.0396191 0.0386078 0.03378 0.0273423 0.0214948 0.0173827 0.0149387 0.0134221
 1.07679e-16 4.1783e-05 0.000406145 0.00269898 0.0122692 0.0381742 0.0813354 0.118718 0.118752 0.0814978 0.03872 0.0138469 0.00666482 0.00908172 0.0165714 0.0274684 0.0398889 0.050838 0.057268 0.0577458 0.0532408 0.046329 0.0395026 0.033947 0.0295101 0.0254831
pSPR Fmed_Fpbrs
0.497756   0.202374 0.202374
Fs Fmed_Fpbrs
0.381646   1.005 1.005
SSBpbr Bo_Bmed_Bpbrs
1.49762e+06  670566  228197 228197
Ro
135349
SPR SPRFo_SPRFmed_SPRFpbrs
959299 477497 194137
Fref
1.005
log_Ro
11.6356
likeval ReclasPelacesDesembMPH_pf_preclas_ppelaces_ptallas_desvR_qrecl_qpela
 11.7005 15.9725 0.0344648 0.000823622 184.196 75.8847 52.5079 0 21.4398 4.51177e-06 1.29583e-05 0.162243 0 0 0
q_reclas_q_pelaces
1.3512 1.66886
M
1
N
 167970 36786.8 84535.9 5806.68 0.213696
 97841.9 51931 10975.4 25221.4 1732.49
 90415 26132.1 12989.6 2745.29 6742.03
 146512 24283.7 6580.59 3271.04 2389.1
 115289 34428.8 5205.89 1410.73 1213.41
 219138 36488.1 10565.8 1597.63 805.32
 86301.5 62285.4 9837.24 2848.56 647.838
 34975.9 17179.2 10933.1 1726.75 613.73
 34466.1 11575.2 5563.55 3540.71 757.972
 46714.3 8316.29 2561.82 1231.33 951.387
 86477.9 9478.23 1493.75 460.146 392.052
 126658 28047.6 2995.79 472.129 269.355
 104947 27809.6 5540.49 591.784 146.472
 73584.6 23653.5 5669.39 1129.51 150.504
 66001.8 11566.7 3123.79 748.727 169.045
 365524 13123.2 2027.51 547.564 160.875
 68366.1 85286.1 2789.34 430.947 150.578
 587034 18074 21071.8 689.167 143.678
 328145 161902 4699.12 5478.53 216.534
 281176 78979.5 35724.2 1036.87 1256.63
 361110 70757.6 18387.9 8317.25 533.971
 505954 98805.2 18221.4 4735.22 2279.35
 98114.5 128089 23170.7 4273.07 1644.98
 286430 28581.4 35571.6 6434.71 1643.49
 237120 86423.1 8280.56 10305.8 2340.41
 106427 70916.8 24773.8 2373.69 3625.12
pred_Ctot
 17187.5 4470.55 10273.3 705.662 0.0259697
 17391.9 10840.4 2291.08 5264.88 361.652
 15826.2 5373.91 2671.23 564.552 1386.45
 34689.1 6689.76 1812.84 901.117 658.156
 10305.3 3661.83 553.695 150.045 129.057
 32165.9 6319.3 1829.87 276.69 139.472
 26299.4 21838.3 3449.11 998.756 227.143
 2238.85 1313.21 835.745 131.996 46.9147
 7757.23 3036.89 1459.67 928.951 198.864
 13891.3 2848.86 877.586 421.808 325.91
 6537.74 854.298 134.635 41.4742 35.3367
 33649.8 8629.42 921.716 145.26 82.8726
 26732.3 8218.17 1637.3 174.881 43.2847
 28500.2 10388.9 2490.06 496.094 66.1032
 20142.5 4061.06 1096.76 262.877 59.3515
 87677.2 3660.75 565.578 152.744 44.8763
 12490 18283.9 597.986 92.3875 32.2814
 95083.9 3446.21 4017.81 131.405 27.3955
 74222.4 42680.8 1238.79 1444.25 57.083
 57910.5 19019.2 8602.79 249.691 302.612
 59914.1 13811.7 3589.27 1623.5 104.23
 102798 23482.2 4330.52 1125.38 541.715
 13157.1 20304.9 3673.05 677.373 260.764
 33089.8 3913.9 4871.14 881.163 225.059
 28510.3 12308.8 1179.36 1467.8 333.332
 10697.5 8468.08 2958.21 283.439 432.871
F
 0.173871 0.209483 0.209483 0.209483 0.209483
 0.320187 0.385767 0.385767 0.385767 0.385767
 0.314604 0.379041 0.379041 0.379041 0.379041
 0.448214 0.540016 0.540016 0.540016 0.540016
 0.150453 0.181268 0.181268 0.181268 0.181268
 0.257974 0.310812 0.310812 0.310812 0.310812
 0.614145 0.739933 0.739933 0.739933 0.739933
 0.105797 0.127466 0.127466 0.127466 0.127466
 0.421759 0.508143 0.508143 0.508143 0.508143
 0.595052 0.71693 0.71693 0.71693 0.71693
 0.125986 0.15179 0.15179 0.15179 0.15179
 0.516111 0.62182 0.62182 0.62182 0.62182
 0.489949 0.590299 0.590299 0.590299 0.590299
 0.850305 1.02446 1.02446 1.02446 1.02446
 0.615298 0.741322 0.741322 0.741322 0.741322
 0.455321 0.54858 0.54858 0.54858 0.54858
 0.330404 0.398077 0.398077 0.398077 0.398077
 0.288091 0.347098 0.347098 0.347098 0.347098
 0.424267 0.511164 0.511165 0.511165 0.511165
 0.379721 0.457495 0.457495 0.457495 0.457495
 0.296032 0.356665 0.356665 0.356665 0.356665
 0.373718 0.450262 0.450263 0.450263 0.450263
 0.233381 0.281181 0.281181 0.281181 0.281181
 0.19824 0.238844 0.238844 0.238844 0.238844
 0.207057 0.249466 0.249466 0.249466 0.249466
 0.170569 0.205505 0.205505 0.205505 0.205505
nmprior
 8 8 7 0
nm_flota  nm_reclas  nm_pelaces    nm_pelaL
inf 10.4781 14.9176 8.68879
cv_recla  cv_pelaces  cv_mph
0.351977 0.565199 0.885665
 ------------------------------------------------
Talla a la edad & desviación 
 8 13.2811 15.8009 17.003 17.5766
 0.8 1.32811 1.58009 1.7003 1.75766
