years
 1991 1992 1993 1994 1995 1996 1997 1998 1999 2000 2001 2002 2003 2004 2005 2006 2007 2008 2009 2010 2011 2012 2013 2014 2015 2016 2017 2018 2019
reclasobs
 0 0 0 0 0 0 0 0 0 252601 567819 844713 477998 351125 339783 2.1784e+06 2.13404e+06 4.81314e+06 1.55562e+06 2.62356e+06 3.21686e+06 3.843e+06 1.13348e+06 3.07943e+06 1.97215e+06 2.03268e+06 2.025e+06 2.42433e+06 2.27542e+06
reclaspred
 3.19395e+06 1.74912e+06 883687 910953 923891 1.6002e+06 908469 780772 553444 376981 506530 686089 670349 491067 477767 1.34763e+06 1.181e+06 3.06964e+06 2.43507e+06 1.84804e+06 3.17912e+06 2.56363e+06 1.94491e+06 3.06427e+06 2.28479e+06 2.02329e+06 2.48158e+06 2.47483e+06 1.95166e+06
pelacesobs
 0 0 0 0 0 0 0 0 0 0 0 0 0 0 0 552880 188675 0 991730 2.46772e+06 1.41603e+06 1.21717e+06 2.29649e+06 1.80582e+06 0 1.4828e+06 1.56532e+06 1.57751e+06 1.42118e+06
pelacespred
 1.75861e+06 1.05255e+06 518886 438368 483155 865793 433353 493316 320884 200982 291262 325669 352618 261553 263818 629865 564298 1.71004e+06 1.37359e+06 950191 1.64757e+06 1.3968e+06 1.08829e+06 1.88777e+06 1.3462e+06 1.19962e+06 1.67776e+06 1.6529e+06 1.07937e+06
mphobs
 0 0 0 0 0 0 0 0 0 0 0 498337 0 5186 125008 0 168611 109162 213762 579715 649985 157893 87575 83554 0 0 0 0 0
mphpred
 492820 329809 158817 87810.6 96778.9 116205 160211 86880.5 78184.8 49247.6 30448.9 61805.4 66036.3 53684.7 32271.4 40755.6 151968 131632 308129 215993 240215 290115 273228 217434 312373 258633 212081 233754 304591
desembarqueobs
 494567 514787 250237 358949 120608 361735 552515 73892 212993 205616 52469 317467 293654 387597 252695 516296 358380 742168 942051 627588 828172 859565 418607 520667 417249 300574 407403 355545 319650
desembarquepred
 494572 513841 250685 358983 120614 361743 552539 73897.4 213054 205670 52471.9 317526 293688 387578 252672 516232 358411 742033 941776 627385 828241 859523 418601 520685 417231 300569 407391 355512 319634
Reclutas
 170276 95302.6 94160.4 145922 117370 215043 84883.7 35826.1 35035.3 47369.1 88252.4 127215 106074 73933.2 67589.8 367722 70147.2 592891 328966 283228 363783 501941 99452.7 289183 251319 110305 251952 248093 83271
log_desv_Rt
 0.193905 -0.386457 -0.398513 0.0395557 -0.178178 0.427325 -0.502231 -1.36484 -1.38716 -1.08554 -0.463313 -0.0976338 -0.279373 -0.640351 -0.730055 0.963814 -0.692917 1.4415 0.852441 0.70274 0.953045 1.27497 -0.343831 0.723546 0.583209 -0.240263 0.585726 0.570289 -0.521413
SSB
 2.04204e+06 1.36659e+06 658070 363850 401010 481504 663848 359996 323964 204061 126167 256095 273626 222447 133719 168874 629690 545429 1.27675e+06 894983 995348 1.20211e+06 1.13214e+06 900953 1.29434e+06 1.07167e+06 878773 968578 1.2621e+06
BT
 2.88431e+06 1.97913e+06 969727 918567 777925 1.5418e+06 1.10069e+06 764592 665558 482236 460761 727487 767556 775134 630403 1.32105e+06 1.07527e+06 3.11011e+06 2.84669e+06 1.89757e+06 3.02179e+06 2.77588e+06 1.89764e+06 3.18298e+06 2.2847e+06 1.96068e+06 2.81038e+06 2.7139e+06 1.78185e+06
Ftot
 0.204162 0.376542 0.36964 0.553161 0.184251 0.332454 0.77133 0.132026 0.526011 0.735784 0.160899 0.653063 0.61484 1.07365 0.781659 0.601346 0.406067 0.374311 0.533219 0.477858 0.373808 0.476483 0.287895 0.253999 0.253711 0.203652 0.243494 0.214032 0.214108
BD_Bspro_t
 0.967969 0.779688 0.574069 0.47366 0.46865 0.56363 0.566136 0.373129 0.429656 0.368187 0.324762 0.580231 0.457795 0.361826 0.24589 0.293998 0.489041 0.441497 0.581339 0.464463 0.443162 0.487155 0.501203 0.484011 0.605757 0.616724 0.62433 0.674077 0.71628
BD_Bspro
 2.0485 1.37092 0.660154 0.365002 0.402281 0.483029 0.665951 0.361136 0.32499 0.204707 0.126567 0.256907 0.274493 0.223151 0.134142 0.169409 0.631684 0.547156 1.2808 0.897817 0.998501 1.20592 1.13573 0.903806 1.29844 1.07506 0.881556 0.971646 1.26609
BD_Bo
 1.34543 0.900401 0.433581 0.239729 0.264213 0.317247 0.437388 0.23719 0.213449 0.134449 0.0831274 0.168733 0.180283 0.146563 0.0881029 0.111265 0.414882 0.359365 0.841211 0.589675 0.655802 0.792033 0.745931 0.593608 0.852797 0.706085 0.578995 0.638164 0.831554
BD_Brms
 7.56696 5.06403 2.43854 1.34828 1.48598 1.78426 2.45995 1.334 1.20048 0.756168 0.467525 0.948986 1.01395 0.824298 0.495508 0.625778 2.33338 2.02114 4.73113 3.31644 3.68836 4.45455 4.19526 3.33857 4.7963 3.97116 3.25638 3.58916 4.67682
Sel_flota
 0.732261 0.981119 0.998988 0.999947 0.999997
 0.732261 0.981119 0.998988 0.999947 0.999997
 0.732261 0.981119 0.998988 0.999947 0.999997
 0.732261 0.981119 0.998988 0.999947 0.999997
 0.732261 0.981119 0.998988 0.999947 0.999997
 0.732261 0.981119 0.998988 0.999947 0.999997
 0.732261 0.981119 0.998988 0.999947 0.999997
 0.732261 0.981119 0.998988 0.999947 0.999997
 0.732261 0.981119 0.998988 0.999947 0.999997
 0.732261 0.981119 0.998988 0.999947 0.999997
 0.732261 0.981119 0.998988 0.999947 0.999997
 0.732261 0.981119 0.998988 0.999947 0.999997
 0.732261 0.981119 0.998988 0.999947 0.999997
 0.732261 0.981119 0.998988 0.999947 0.999997
 0.732261 0.981119 0.998988 0.999947 0.999997
 0.732261 0.981119 0.998988 0.999947 0.999997
 0.732261 0.981119 0.998988 0.999947 0.999997
 0.732261 0.981119 0.998988 0.999947 0.999997
 0.732261 0.981119 0.998988 0.999947 0.999997
 0.732261 0.981119 0.998988 0.999947 0.999997
 0.732261 0.981119 0.998988 0.999947 0.999997
 0.732261 0.981119 0.998988 0.999947 0.999997
 0.732261 0.981119 0.998988 0.999947 0.999997
 0.732261 0.981119 0.998988 0.999947 0.999997
 0.732261 0.981119 0.998988 0.999947 0.999997
 0.732261 0.981119 0.998988 0.999947 0.999997
 0.732261 0.981119 0.998988 0.999947 0.999997
 0.732261 0.981119 0.998988 0.999947 0.999997
 0.732261 0.981119 0.998988 0.999947 0.999997
Sel_reclas
 1 1 1 1 1
 1 1 1 1 1
 1 1 1 1 1
 1 1 1 1 1
 1 1 1 1 1
 1 1 1 1 1
 1 1 1 1 1
 1 1 1 1 1
 1 1 1 1 1
 1 1 1 1 1
 1 1 1 1 1
 1 1 1 1 1
 1 1 1 1 1
 1 1 1 1 1
 1 1 1 1 1
 1 1 1 1 1
 1 1 1 1 1
 1 1 1 1 1
 1 1 1 1 1
 1 1 1 1 1
 1 1 1 1 1
 1 1 1 1 1
 1 1 1 1 1
 1 1 1 1 1
 1 1 1 1 1
 1 1 1 1 1
 1 1 1 1 1
 1 1 1 1 1
 1 1 1 1 1
Sel_pelaces
 0.96779 1 1 1 1
 0.96779 1 1 1 1
 0.96779 1 1 1 1
 0.96779 1 1 1 1
 0.96779 1 1 1 1
 0.96779 1 1 1 1
 0.96779 1 1 1 1
 0.96779 1 1 1 1
 0.96779 1 1 1 1
 0.96779 1 1 1 1
 0.96779 1 1 1 1
 0.96779 1 1 1 1
 0.96779 1 1 1 1
 0.96779 1 1 1 1
 0.96779 1 1 1 1
 0.96779 1 1 1 1
 0.96779 1 1 1 1
 0.96779 1 1 1 1
 0.96779 1 1 1 1
 0.96779 1 1 1 1
 0.96779 1 1 1 1
 0.96779 1 1 1 1
 0.96779 1 1 1 1
 0.96779 1 1 1 1
 0.96779 1 1 1 1
 0.96779 1 1 1 1
 0.96779 1 1 1 1
 0.96779 1 1 1 1
 0.96779 1 1 1 1
pf_obs 
 0.8446 0.082 0.0669 0.0065 0
 0.8095 0.147 0.0364 0.0071 0
 0.9664 0.0169 0.016 0.0007 0
 0.9276 0.0648 0.0075 0.0001 0
 0.7033 0.2144 0.0806 0.0017 0
 0.9318 0.0425 0.0243 0.0014 0
 0.5671 0.3108 0.0964 0.0239 0.0018
 0.0768 0.2599 0.5324 0.112 0.0189
 0.490249 0.384438 0.106611 0.0170017 0.00170017
 0.7925 0.1577 0.0466 0.003 0.0002
 0.840416 0.127587 0.0312969 0.00059994 9.999e-05
 0.8084 0.0986 0.0794 0.0134 0.0002
 0.7335 0.1905 0.0724 0.0035 0.0001
 0.4001 0.4547 0.1325 0.0127 0
 0.49795 0.308269 0.164784 0.0264974 0.00249975
 0.9179 0.0499 0.0305 0.0017 0
 0.2467 0.6533 0.0926 0.0074 0
 0.9418 0.0223 0.034 0.0019 0
 0.707729 0.231977 0.0356964 0.0245975 0
 0.517169 0.277429 0.184464 0.0207286 0.00020938
 0.811772 0.124168 0.05621 0.00726502 0.000585176
 0.764997 0.148141 0.077277 0.00933861 0.000247198
 0.163321 0.427699 0.378323 0.0303852 0.000271297
 0.753843 0.0900009 0.118128 0.0371064 0.000921714
 0.721811 0.176058 0.0630433 0.0369309 0.00215725
 0.143369 0.312575 0.442814 0.0836902 0.0175525
 0.692698 0.0596174 0.167031 0.0765114 0.00414204
 0.394062 0.376323 0.152708 0.0712218 0.00568511
 0.125707 0.32114 0.495352 0.0537591 0.00404204
pf_pred 
 0.490154 0.13802 0.348361 0.0234652 8.51534e-07
 0.438171 0.320286 0.0663204 0.164174 0.0110476
 0.589149 0.215161 0.11262 0.0228274 0.0602425
 0.744045 0.171299 0.0447946 0.0229518 0.0169096
 0.668178 0.268054 0.0430132 0.0109885 0.00976597
 0.763042 0.173591 0.0513798 0.00808803 0.00389851
 0.472851 0.431338 0.0705851 0.0204584 0.00476739
 0.466478 0.305551 0.187422 0.0298842 0.0106651
 0.554964 0.241519 0.117493 0.0707356 0.0152885
 0.735257 0.17042 0.0517431 0.0245947 0.0179849
 0.841391 0.127778 0.0200309 0.00592849 0.00487178
 0.754348 0.215716 0.0242072 0.00372328 0.00200544
 0.702909 0.24312 0.0475368 0.00520447 0.00123
 0.653897 0.268537 0.0637551 0.0121661 0.00164462
 0.766215 0.17524 0.04573 0.0105358 0.0022786
 0.945092 0.0456487 0.00698675 0.001776 0.000496964
 0.375518 0.60049 0.0200272 0.00299261 0.000972312
 0.916409 0.0382693 0.0436162 0.00142347 0.000281485
 0.59405 0.381344 0.0113958 0.0127134 0.000496395
 0.646717 0.239314 0.107215 0.00313046 0.00362428
 0.735088 0.191668 0.0499757 0.0218912 0.00137749
 0.754101 0.195707 0.0365315 0.00932412 0.00433637
 0.323006 0.5509 0.10082 0.0184014 0.00687262
 0.74798 0.100123 0.124075 0.0222507 0.0055718
 0.636632 0.292299 0.0285774 0.0347155 0.00777627
 0.436063 0.398434 0.133664 0.0128107 0.0190278
 0.739016 0.134078 0.0901743 0.0296712 0.00706008
 0.660144 0.270603 0.0359258 0.0236885 0.00963892
 0.371483 0.456473 0.13754 0.0179082 0.0165955
pobs_RECLAS
 0 0 0 0 0
 0 0 0 0 0
 0 0 0 0 0
 0 0 0 0 0
 0 0 0 0 0
 0 0 0 0 0
 0 0 0 0 0
 0 0 0 0 0
 0 0 0 0 0
 0 0 0 0 0
 0.991045 0.00858322 0.000360255 1.14367e-05 0
 0.934742 0.0480273 0.0164251 0.00080598 0
 0.827803 0.169806 0.00239088 0 0
 0.941827 0.0461693 0.0120037 0 0
 0.791401 0.0380133 0.147996 0.0225897 0
 0.846168 0.0940531 0.0597789 0 0
 0.134021 0.677848 0.182769 0.00536245 0
 0.80878 0.0450904 0.141981 0.00414843 0
 0.846168 0.0940531 0.0597789 0 0
 0.905697 0.0802665 0.012482 0.00150086 5.37128e-05
 0.989698 0.0102097 9.19794e-05 0 0
 0.975433 0.0193895 0.00387452 0.00125025 5.28907e-05
 0.303575 0.632131 0.0575291 0.00676475 0
 0.966965 0.00978017 0.0227588 0.000495775 0
 0.843318 0.132988 0.00938335 0.0141283 0.000182051
 0.564624 0.303363 0.111486 0.0197234 0.00080311
 0.826376 0.0876187 0.0782897 0.00655872 0.00115652
 0.89761 0.0855135 0.0140674 0.00269457 0.000114338
 0.34875 0.467042 0.161289 0.0227151 0.000203297
ppred_RECLAS
 0.567452 0.118678 0.294079 0.0197895 7.18109e-07
 0.515584 0.27847 0.056588 0.139942 0.00941646
 0.661935 0.178663 0.0917765 0.018584 0.0490415
 0.799388 0.135135 0.0346631 0.0177425 0.013071
 0.731139 0.217969 0.0343398 0.00876419 0.0077887
 0.813911 0.137011 0.0398018 0.00625925 0.00301686
 0.553031 0.367069 0.05888 0.0170477 0.00397237
 0.542172 0.264263 0.159163 0.0253537 0.0090478
 0.631237 0.201921 0.0963619 0.0579546 0.0125254
 0.79332 0.134005 0.0398869 0.0189392 0.0138485
 0.877449 0.0990854 0.015251 0.00450939 0.00370544
 0.80802 0.168988 0.0185958 0.00285722 0.00153887
 0.764232 0.193619 0.0371284 0.00406072 0.000959643
 0.725883 0.213695 0.0496737 0.00946837 0.00127986
 0.81914 0.136253 0.0348515 0.00802093 0.00173461
 0.959288 0.0339578 0.00509745 0.00129441 0.000362185
 0.449098 0.53012 0.0173498 0.00258993 0.000841435
 0.937451 0.0289285 0.0323566 0.00105494 0.000208599
 0.665977 0.31415 0.00920912 0.0102634 0.000400713
 0.7144 0.194655 0.0855607 0.00249567 0.0028892
 0.790567 0.152325 0.0389782 0.0170569 0.00107323
 0.806988 0.154218 0.0282436 0.00720146 0.003349
 0.392526 0.496047 0.0891101 0.0162481 0.00606806
 0.801852 0.0796091 0.0968443 0.0173503 0.00434446
 0.703348 0.239518 0.0229877 0.0278977 0.00624876
 0.511416 0.347072 0.114311 0.010945 0.0162559
 0.793878 0.10686 0.070552 0.0231918 0.00551807
 0.724212 0.220432 0.0287306 0.0189257 0.00770052
 0.444455 0.405525 0.119958 0.0156036 0.0144591
pobs_PELACES
 0 0 0 0 0
 0 0 0 0 0
 0 0 0 0 0
 0 0 0 0 0
 0 0 0 0 0
 0 0 0 0 0
 0 0 0 0 0
 0 0 0 0 0
 0 0 0 0 0
 0 0 0 0 0
 0 0 0 0 0
 0 0 0 0 0
 0 0 0 0 0
 0 0 0 0 0
 0 0 0 0 0
 0 0 0 0 0
 0.505614 0.472636 0.0217494 0 0
 0 0 0 0 0
 0.443492 0.261883 0.143347 0.151278 0
 0.227955 0.32914 0.350689 0.0885471 0.00366901
 0.970185 0.0296113 0.000203453 0 0
 0.997202 0.00247181 0.000326279 0 0
 0.445219 0.490057 0.0546422 0.010081 0
 0.90214 0.0892962 0.00764917 0.000914606 0
 0 0 0 0 0
 0.581667 0.319106 0.0959925 0.00289975 0.000334073
 0.762889 0.0836404 0.116647 0.0363945 0.000428098
 0.88444 0.0763242 0.0277011 0.0115352 0
 0.521256 0.241999 0.230069 0.00667565 0
ppred_PELACES
 0.563743 0.119801 0.296504 0.0199514 7.23981e-07
 0.515375 0.278863 0.0565422 0.139812 0.00940766
 0.661636 0.179009 0.0917539 0.0185773 0.0490234
 0.801589 0.133799 0.0342085 0.0175067 0.0128972
 0.727705 0.220799 0.0347479 0.00886783 0.00788078
 0.813165 0.137632 0.0399039 0.00627464 0.00302426
 0.560786 0.360997 0.0576433 0.0166855 0.00388793
 0.536815 0.267445 0.160953 0.0256379 0.0091492
 0.634001 0.200695 0.0954803 0.0574148 0.0124086
 0.798074 0.131127 0.0388613 0.0184479 0.0134891
 0.875354 0.100798 0.0154999 0.00458275 0.0037657
 0.811311 0.166168 0.0182152 0.00279817 0.00150705
 0.767532 0.191034 0.0365 0.00399122 0.000943208
 0.737046 0.205281 0.0474167 0.00903509 0.00122127
 0.82392 0.132804 0.0338132 0.00778005 0.00168249
 0.959956 0.0334205 0.00499904 0.00126918 0.000355122
 0.449271 0.530002 0.0173044 0.00258283 0.000839122
 0.937404 0.028985 0.0323483 0.00105455 0.00020852
 0.668473 0.311862 0.00911336 0.010155 0.000396476
 0.715908 0.193801 0.0849458 0.00247736 0.00286798
 0.79033 0.152591 0.0389602 0.0170469 0.0010726
 0.80807 0.153442 0.0280225 0.00714401 0.00332226
 0.390434 0.497912 0.0892934 0.01628 0.00607996
 0.800102 0.0803847 0.0976415 0.0174918 0.00437986
 0.700921 0.241549 0.023148 0.02809 0.00629181
 0.507502 0.349976 0.115129 0.0110227 0.0163712
 0.791901 0.107961 0.0711766 0.0233953 0.00556647
 0.721225 0.222876 0.0290127 0.0191102 0.00777556
 0.4408 0.408333 0.120636 0.0156908 0.0145398
pobs_pel_tallas
 0 0 0 0 0 0 0 0 0 0 0 0 0 0 0 0 0 0 0 0 0 0 0 0 0 0
 0 0 0 0 0 0 0 0 0 0 0 0 0 0 0 0 0 0 0 0 0 0 0 0 0 0
 0 0 0 0 0 0 0 0 0 0 0 0 0 0 0 0 0 0 0 0 0 0 0 0 0 0
 0 0 0 0 0 0 0 0 0 0 0 0 0 0 0 0 0 0 0 0 0 0 0 0 0 0
 0 0 0 0 0 0 0 0 0 0 0 0 0 0 0 0 0 0 0 0 0 0 0 0 0 0
 0 0 0 0 0 0 0 0 0 0 0 0 0 0 0 0 0 0 0 0 0 0 0 0 0 0
 0 0 0 0 0 0 0 0 0 0 0 0 0 0 0 0 0 0 0 0 0 0 0 0 0 0
 0 0 0 0 0 0 0 0 0 0 0 0 0 0 0 0 0 0 0 0 0 0 0 0 0 0
 0 0 0 0 0 0 0 0 0 0 0 0 0 0 0 0 0 0 0 0 0 0 0 0 0 0
 0 0 0 0 0 0 0 0 0 0 0 0 0 0 0 0 0 0 0 0 0 0 0 0 0 0
 0 0 0 0 0 0 0 0 0 0 0 0 0 0 0 0 0 0 0 0 0 0 0 0 0 0
 0 0 0 0 0 0 0 0 0 0 0 0 0 0 0 0 0 0 0 0 0 0 0 0 0 0
 0.00862536 0 0 0.000197151 0.00414017 0.0128641 0.00837892 0.0270097 0.101434 0.158115 0.152841 0.127902 0.109271 0.109419 0.0830992 0.0579132 0.0238553 0.00714673 0.00463305 0.00128148 0.00103504 0.000492878 0.000147863 0.000147863 4.92878e-05 0
 0 0 0 0 0 0 0 0 0 0 0 0 0 0 0 0 0 0 0 0 0 0 0 0 0 0
 0 0 0 0 0 0 0 0.0054083 0.00873648 0.0413646 0.0450493 0.0745869 0.0622846 0.0627006 0.0613931 0.0827291 0.12552 0.122667 0.0946155 0.0697135 0.0546179 0.0294188 0.0215738 0.0213955 0.0102223 0.00600262
 0 0 0 0 0.00359764 0.0251062 0.0480494 0.140153 0.205849 0.193036 0.1447 0.116669 0.0760912 0.0342217 0.00950174 0.001854 0.000860785 0 0 0 0.000165536 0 0.000143464 0 0 0
 0 0 0 0 0 0 0 0.000145254 0.000435761 0.0275982 0.070085 0.0708112 0.156366 0.174668 0.174014 0.160142 0.0824315 0.0480064 0.0283245 0.00493863 0.00203355 0 0 0 0 0
 0 0 0 0 0 0 0 0 0 0 0 0 0 0 0 0 0 0 0 0 0 0 0 0 0 0
 0 0 1.00437e-05 0.000401748 0.00122533 0.00171747 0.00176769 0.0269171 0.070346 0.194647 0.189555 0.159765 0.064822 0.0314167 0.0384472 0.0292271 0.0345202 0.0313363 0.0194345 0.0106764 0.0143323 0.0359363 0.0279516 0.0138201 0.00172751 0
 0 0.0021121 0.0136068 0.0755702 0.200478 0.177729 0.0527432 0.0373336 0.0318909 0.0142505 0.0149659 0.0166563 0.0217959 0.0798694 0.0677717 0.0528807 0.04013 0.0224614 0.0357745 0.0225083 0.00881397 0.00855152 0.00135912 0.000746735 0 0
 0 0 0 0 5.4009e-05 0.00500934 0.000945158 0.0243581 0.138947 0.33067 0.221406 0.137944 0.0707744 0.0437923 0.0131692 0.00525238 0.0047753 0.00276346 9.45158e-05 9.00151e-06 2.25038e-05 9.00151e-06 4.50075e-06 0 0 0
 0.000866109 0.00284123 0.00948549 0.0512746 0.133035 0.25785 0.225252 0.132002 0.0553304 0.0519788 0.0540692 0.017754 0.00435017 0.00159236 0.00146478 0.000404838 0.000125132 0.000115318 0.000107957 0.000100596 0 0 0 0 0 0
 0 0 0 0 0.00144013 0.00171154 0.00461396 0.0210425 0.0478622 0.0707936 0.0888783 0.103762 0.0637923 0.0337046 0.0602308 0.124433 0.169614 0.0934646 0.0462172 0.0250306 0.0313229 0.00938855 0.002487 0.000210481 0 0
 0 0.00764035 0.051015 0.0998891 0.058973 0.0496711 0.0374665 0.0718981 0.12319 0.153886 0.159021 0.0857701 0.0377988 0.023471 0.0147837 0.00900784 0.00315554 0.000888139 0.00291439 0.00214683 0.00393193 0.00274676 0.000635225 9.99891e-05 0 0
 0 0 0 0 0 0 0 0 0 0 0 0 0 0 0 0 0 0 0 0 0 0 0 0 0 0
 0 0 0 0 0 0 0 0 0 0 0 0 0 0 0 0 0 0 0 0 0 0 0 0 0 0
 0 0 0 0 0 0 0 0 0 0 0 0 0 0 0 0 0 0 0 0 0 0 0 0 0 0
 0 0 0 0 0 0 0 0 0 0 0 0 0 0 0 0 0 0 0 0 0 0 0 0 0 0
 0 0 0 0 0 0 0 0 0 0 0 0 0 0 0 0 0 0 0 0 0 0 0 0 0 0
ppred_pel_tallas
 1.10589e-16 4.64348e-05 0.000451363 0.00299947 0.0136351 0.0424241 0.0903894 0.131928 0.13194 0.0904481 0.0426226 0.0142142 0.00447397 0.00373946 0.00649358 0.0111885 0.0173366 0.0243428 0.0315358 0.0384543 0.0448486 0.0503257 0.054033 0.0548264 0.0519018 0.0453998
 1.17317e-16 4.24508e-05 0.000412637 0.00274212 0.0124653 0.0387843 0.082635 0.120614 0.120641 0.0827667 0.0392268 0.0137447 0.00595784 0.00744767 0.01345 0.0222988 0.0324458 0.0415471 0.0473036 0.0488144 0.0471641 0.0446487 0.0432274 0.0433966 0.0441883 0.0440349
 1.12853e-16 5.44982e-05 0.000529741 0.00352032 0.0160029 0.049791 0.106086 0.154839 0.154856 0.10617 0.0500765 0.0168291 0.00560005 0.00508939 0.00877238 0.0145712 0.0213546 0.0276479 0.0319945 0.0337674 0.0335226 0.0325294 0.0318593 0.0317669 0.0317435 0.0310262
 1.0496e-16 6.60258e-05 0.000641795 0.00426495 0.0193879 0.0603229 0.128525 0.187588 0.187601 0.128588 0.0605351 0.0200012 0.00580623 0.00401177 0.00648236 0.0106555 0.0154482 0.0196555 0.0221037 0.022275 0.0206129 0.0181954 0.016042 0.0145972 0.0136973 0.0128945
 1.03283e-16 5.99401e-05 0.000582639 0.00387184 0.0176009 0.0547629 0.116679 0.170301 0.170322 0.116783 0.0551122 0.0186099 0.00640498 0.00611376 0.0105684 0.0173871 0.0250661 0.0315762 0.0348919 0.0340846 0.0298707 0.0241126 0.0186877 0.0146078 0.0118976 0.0100458
 1.02328e-16 6.69794e-05 0.000651064 0.00432655 0.0196679 0.0611941 0.130381 0.190298 0.190311 0.130446 0.0614124 0.0202989 0.005912 0.00411733 0.00666527 0.0109527 0.0158639 0.0201422 0.0225482 0.0225018 0.0204031 0.0173177 0.0142937 0.0118568 0.009981 0.00839105
 1.04088e-16 4.61913e-05 0.000448995 0.00298373 0.0135636 0.0422017 0.0899165 0.131243 0.131278 0.0900866 0.0427728 0.0152134 0.00712532 0.00949211 0.0172266 0.0284216 0.0409748 0.0516052 0.0569943 0.0556084 0.0485979 0.0389872 0.0298351 0.0228065 0.0179815 0.0145889
 1.08833e-16 4.42168e-05 0.000429803 0.00285619 0.0129839 0.0403977 0.0860726 0.125631 0.125657 0.0861996 0.0408248 0.0142198 0.00596818 0.00725494 0.0130992 0.0218282 0.0320062 0.0414323 0.047856 0.0501923 0.0490527 0.0460955 0.0427721 0.0395323 0.0359835 0.0316104
 1.10665e-16 5.22219e-05 0.000507615 0.00337328 0.0153345 0.0477113 0.101655 0.148372 0.148392 0.10175 0.0480313 0.0162603 0.00570341 0.00561527 0.00981501 0.0163095 0.0238854 0.0308862 0.0356654 0.0375001 0.0369851 0.0355049 0.0342178 0.0333818 0.0324452 0.030646
 1.05288e-16 6.57363e-05 0.000638981 0.00424625 0.0193029 0.0600584 0.127961 0.186766 0.186779 0.128023 0.0602666 0.0199046 0.00575882 0.00394764 0.00636955 0.0104798 0.0152194 0.0194188 0.0219394 0.0222789 0.0208634 0.0187243 0.0168222 0.0155518 0.0147233 0.0138904
 1.0157e-16 7.21017e-05 0.000700855 0.00465743 0.021172 0.065874 0.140352 0.20485 0.204859 0.140399 0.0660334 0.0216326 0.00581377 0.0032257 0.00486891 0.00793968 0.0114415 0.0144125 0.0159262 0.0155598 0.0136426 0.011027 0.00857108 0.00673536 0.00552699 0.00470647
 1.01104e-16 6.68267e-05 0.000649579 0.00431668 0.019623 0.0610546 0.130084 0.189865 0.189881 0.130162 0.0613172 0.0203813 0.00621963 0.00480222 0.00794897 0.0130236 0.0187263 0.0234886 0.0257585 0.0248183 0.0212084 0.0163619 0.0117541 0.00822786 0.00588053 0.00438094
 1.01663e-16 6.32206e-05 0.000614527 0.00408375 0.0185641 0.05776 0.123065 0.17962 0.179639 0.123155 0.0580624 0.0194377 0.00627703 0.00540455 0.0091663 0.0150689 0.0217358 0.0274028 0.0303096 0.029632 0.0259541 0.0208437 0.0158923 0.0119761 0.00916533 0.00710803
 1.02534e-16 6.07095e-05 0.000590118 0.00392154 0.0178268 0.0554658 0.118177 0.172486 0.172506 0.118273 0.0557911 0.0187665 0.00628177 0.00574713 0.00986829 0.0162533 0.0234889 0.0297068 0.0330367 0.0326043 0.0290262 0.0239465 0.0190095 0.0150817 0.01218 0.00990387
 1.02075e-16 6.78652e-05 0.000659674 0.00438377 0.019928 0.0620034 0.132105 0.192814 0.192827 0.132168 0.0622139 0.0205363 0.00591204 0.00399984 0.00642305 0.0105415 0.0152497 0.0193252 0.021566 0.0214128 0.0192625 0.0161648 0.0131576 0.0107698 0.00898376 0.00752372
 1.00341e-16 7.90703e-05 0.000768592 0.00510756 0.0232182 0.0722406 0.153916 0.224646 0.224649 0.153932 0.0722934 0.0233709 0.00549084 0.00160536 0.00166849 0.00263381 0.00378782 0.004766 0.0052556 0.00511379 0.0044474 0.00353807 0.00267193 0.00200662 0.00155254 0.00123978
 1.01036e-16 3.7006e-05 0.000359711 0.00239041 0.0108665 0.03381 0.0720376 0.105152 0.105203 0.0722867 0.0346461 0.0132803 0.00844464 0.0135607 0.0250625 0.041255 0.0591445 0.0737826 0.0801515 0.075937 0.0629386 0.0459245 0.0298862 0.0177976 0.0101498 0.00589629
 1.01083e-16 7.72127e-05 0.000750535 0.00498757 0.0226728 0.0705434 0.1503 0.219368 0.219371 0.150314 0.0705901 0.0228083 0.00532994 0.00150482 0.00152981 0.002459 0.00365553 0.0048468 0.00580192 0.0063987 0.00666363 0.00669986 0.00657078 0.00624994 0.00567358 0.00483193
 1.01429e-16 5.50613e-05 0.000535215 0.0035567 0.0161682 0.0503056 0.107182 0.156442 0.156472 0.107329 0.0507976 0.0175887 0.00711952 0.00830423 0.0147845 0.0242884 0.034829 0.0434775 0.0472935 0.0449332 0.0374719 0.0277211 0.0186029 0.0118259 0.00761776 0.00529773
 1.03235e-16 5.89684e-05 0.000573194 0.00380908 0.0173155 0.0538751 0.114787 0.167539 0.167558 0.114879 0.0541834 0.0182071 0.00605116 0.0054814 0.00942054 0.0155844 0.0226836 0.0290193 0.0328765 0.0334235 0.0311426 0.0273865 0.0234576 0.0199673 0.0168603 0.0138592
 1.03055e-16 6.50984e-05 0.00063278 0.00420505 0.0191155 0.0594756 0.12672 0.184954 0.184969 0.126792 0.0597176 0.0198148 0.00596176 0.00447287 0.00737347 0.0121274 0.0175597 0.022286 0.0249401 0.0248944 0.0226158 0.0193088 0.0161447 0.0136885 0.0118639 0.0103021
 1.02127e-16 6.65597e-05 0.000646984 0.00429943 0.0195446 0.0608106 0.129564 0.189106 0.18912 0.129636 0.0610535 0.0202462 0.00606116 0.00449464 0.00737927 0.0121081 0.0174687 0.0220371 0.0244082 0.0239339 0.0210994 0.0171754 0.0134385 0.0105707 0.00858521 0.00714554
 1.05366e-16 3.21596e-05 0.000312603 0.00207736 0.00944341 0.0293822 0.0626037 0.091382 0.09143 0.0628383 0.0301702 0.0117197 0.00779262 0.0127937 0.0237495 0.0392469 0.0566145 0.0713616 0.0789163 0.0771511 0.0676208 0.0544482 0.0418048 0.0319649 0.025059 0.0200843
 1.05334e-16 6.59034e-05 0.000640604 0.00425704 0.0193519 0.060211 0.128286 0.187239 0.187247 0.128325 0.060341 0.0197292 0.00521095 0.00274536 0.00412889 0.00689332 0.0103251 0.0138241 0.0168042 0.018967 0.0204006 0.0213594 0.0219292 0.0218985 0.0209351 0.018885
 1.04612e-16 5.7734e-05 0.000561195 0.00372934 0.016953 0.0527473 0.112385 0.164034 0.164057 0.112498 0.0531291 0.0180557 0.00649682 0.00660178 0.0115279 0.0189627 0.0273064 0.0343405 0.037858 0.0368755 0.0322363 0.0260492 0.0204195 0.0164466 0.0140733 0.0125988
 1.07288e-16 4.18023e-05 0.000406333 0.00270023 0.0122749 0.0381919 0.0813731 0.118773 0.118807 0.0815385 0.0387475 0.0138809 0.00673668 0.00923451 0.0168567 0.0279282 0.0405235 0.0515775 0.0579719 0.0582417 0.0533862 0.0460618 0.0388558 0.0330257 0.0284503 0.0244136
 1.0537e-16 6.52279e-05 0.000634038 0.00421341 0.0191535 0.0595938 0.126971 0.185321 0.185331 0.127023 0.0597665 0.0196536 0.00547316 0.00339953 0.00536294 0.0088826 0.0130715 0.0170337 0.0198944 0.0212477 0.0213522 0.0208501 0.0202531 0.0196288 0.0186919 0.0171327
 1.04127e-16 5.94064e-05 0.000577451 0.00383737 0.0174441 0.0542753 0.11564 0.168785 0.168806 0.115745 0.0546278 0.0184622 0.00639311 0.00615729 0.0106587 0.0175335 0.0252702 0.0318239 0.0351596 0.0343607 0.0301808 0.0245305 0.0193192 0.0155481 0.0131826 0.0116226
 1.0762e-16 3.63082e-05 0.000352929 0.00234534 0.0106616 0.0331724 0.0706787 0.103166 0.103205 0.0708716 0.0338202 0.0125339 0.00704999 0.0106392 0.0196188 0.0324989 0.0470985 0.0598255 0.0670199 0.0669672 0.0608585 0.0518542 0.0430561 0.0360098 0.0306181 0.026041
pSPR Fmed_Fpbrs
0.529354   0.227803 0.227803
Fs Fmed_Fpbrs
0.372306   1.005 1.005
SSBpbr Bo_Bmed_Bpbrs
1.51776e+06  727542  269862 269862
Ro
140262
SPR SPRFo_SPRFmed_SPRFpbrs
996843 527682 227084
Fref
1.005
log_Ro
11.6713
likeval ReclasPelacesDesembMPH_pf_preclas_ppelaces_ptallas_desvR_qrecl_qpela
 12.2711 16.4628 0.0354407 0.000818876 217.2 93.9121 70.2178 0 22.5634 3.6625e-06 1.24701e-05 0.179608 0 0 0
q_reclas_q_pelaces
1.31152 1.65268
M
1
N
 170276 36528 90680.2 6102.74 0.221454
 95302.6 53942.5 10998.6 27204.5 1830.56
 94160.4 26611.1 13714.9 2777.66 7330.05
 145922 26425.4 6811.88 3487.62 2569.38
 117370 35802.2 5649.74 1442.05 1281.55
 215043 37728.5 10992.8 1729 833.359
 84883.7 62016.1 10016.5 2901.19 676.033
 35826.1 17751.5 10704.1 1705.21 608.529
 35035.3 11965.2 5736.99 3451.25 745.906
 47369.1 8768.6 2627.2 1247.89 912.487
 88252.4 10167.4 1567.19 463.421 380.801
 127215 28857.8 3194.16 490.931 264.415
 106074 29010.8 5593.74 611.966 144.624
 73933.2 24876.3 5838.28 1113.41 150.507
 67589.8 12391 3191.66 734.824 158.916
 367722 14028.3 2117.15 537.769 150.474
 70147.2 87093.7 2860.76 427.131 138.771
 592891 19168.1 21511.4 701.476 138.708
 328966 165822 4884.2 5444.75 212.582
 283228 81899.9 36153.2 1054.77 1221.11
 363783 73430.3 18852.8 8251.47 519.194
 501941 101782 18719.9 4774.23 2220.26
 99452.7 130265 23461.2 4278.43 1597.85
 289183 29632.4 36129.6 6473.67 1620.99
 251319 88328.7 8496.59 10312.7 2309.93
 110305 76779.6 25333.9 2425.92 3603.08
 251952 34957.2 23130.1 7604.19 1809.29
 248093 77551.2 10127.2 6671.77 2714.64
 83271 78028.6 23125.8 3008.41 2787.76
pred_Ctot
 15129.9 4260.34 10753.1 724.314 0.0262848
 14846.5 10852.2 2247.12 5562.7 374.323
 14428.6 5269.41 2758.12 559.057 1475.37
 31745.8 7308.75 1911.23 979.276 721.476
 9467.9 3798.25 609.485 155.705 138.381
 29959.9 6815.84 2017.36 317.566 153.07
 24231.2 22103.8 3617.12 1048.39 244.304
 2103.47 1377.81 845.134 134.756 48.0918
 7303.99 3178.68 1546.35 930.966 201.215
 13025.7 3019.14 916.674 435.716 318.617
 6260.3 950.722 149.039 44.1104 36.2481
 31769.8 9084.99 1019.5 156.808 84.4601
 25208 8718.87 1704.78 186.645 44.1109
 27087.7 11124.2 2641.06 503.982 68.1286
 19497.5 4459.25 1163.67 268.099 57.9824
 85793.8 4143.91 634.245 161.222 45.1135
 11684.2 18684.2 623.144 93.115 30.2534
 91874.6 3836.69 4372.75 142.71 28.2202
 69378.9 44537 1330.91 1484.79 57.9737
 54382.5 20123.9 9015.7 263.24 304.766
 56304.4 14680.9 3827.91 1676.77 105.509
 96137.9 24950.1 4657.28 1188.7 552.83
 12156.4 20733.2 3794.39 692.541 258.652
 31499 4216.38 5225.04 937.025 234.64
 27345.9 12555.4 1227.52 1491.17 334.023
 9778.16 8934.39 2997.26 287.263 426.675
 26390.5 4787.97 3220.15 1059.57 252.118
 23042.3 9445.39 1253.99 826.846 336.446
 7736.61 9506.63 2864.45 372.96 345.622
F
 0.1495 0.200307 0.203955 0.204151 0.204161
 0.275727 0.369432 0.376161 0.376522 0.376541
 0.270673 0.362661 0.369266 0.36962 0.369639
 0.405059 0.542717 0.552602 0.553132 0.55316
 0.13492 0.180773 0.184065 0.184242 0.184251
 0.243444 0.326178 0.332118 0.332437 0.332454
 0.564815 0.756766 0.770549 0.771288 0.771327
 0.0966778 0.129534 0.131893 0.132019 0.132026
 0.385178 0.51608 0.525479 0.525983 0.52601
 0.538786 0.721892 0.735039 0.735745 0.735782
 0.11782 0.157862 0.160737 0.160891 0.160899
 0.478213 0.640733 0.652402 0.653028 0.653061
 0.450223 0.603231 0.614218 0.614807 0.614838
 0.786189 1.05337 1.07256 1.07359 1.07364
 0.572378 0.766901 0.780868 0.781617 0.781657
 0.440342 0.589992 0.600737 0.601314 0.601344
 0.297347 0.3984 0.405656 0.406045 0.406066
 0.274094 0.367244 0.373933 0.374291 0.37431
 0.390456 0.523152 0.53268 0.533191 0.533218
 0.349917 0.468835 0.477374 0.477832 0.477856
 0.273725 0.36675 0.37343 0.373788 0.373807
 0.34891 0.467487 0.476001 0.476458 0.476482
 0.210814 0.282459 0.287604 0.28788 0.287894
 0.185994 0.249203 0.253742 0.253986 0.253998
 0.185783 0.248921 0.253454 0.253697 0.25371
 0.149126 0.199807 0.203446 0.203641 0.203651
 0.178301 0.238897 0.243248 0.243481 0.243494
 0.156727 0.209991 0.213815 0.21402 0.214031
 0.156783 0.210065 0.213891 0.214096 0.214107
nmprior
 8 8 7 0
nm_flota  nm_reclas  nm_pelaces    nm_pelaL
inf 12.8711 17.5716 23.4042
cv_recla  cv_pelaces  cv_mph
0.332326 0.496933 0.883109
 ------------------------------------------------
Talla a la edad & desviación 
 8 13.2811 15.8009 17.003 17.5766
 0.8 1.32811 1.58009 1.7003 1.75766
