    unsorted:	 2.343377681e-06 5.759921035e-05 0.0001049598062 0.001099933791 4.917882818 4.135311185 2.288325806 13.44696774 11.08289582 49.84889537 124.2265943 146.3550474 220.5333983 237.4114349 462.8720877 497.7179666 615.5043305 783.7807448 875.1951419 837.9962471 900.2268610 923.4639236 1036.451387 1138.438586 1245.325679 1314.085116 1370.226176 1509.363938 1702.184094 1662.496329 1947.723906 2256.941121 2385.016052 2335.204715 2421.289540 2479.560170 2488.722550 2646.615239 2893.432606 3463.298788 3787.406797 10798.62823 41791.18404 175256.7287 384681.5019 381565.0550 396754.7023 362941.6112 406251.0356 444593.5736 317449.4473 463561.5269 488150.9956 616819.9239 623956.4163 652124.5587 673536.6375 744239.1687 891982.8955 1076717.432 1097489.668 1227219.444 1498524.866 1542055.457 1695637.456 1944264.119 2210736.976 2466671.476 2534734.623 2777276.490 3233699.750 38994183.65
      sorted:	 2.343377681e-06 5.759921035e-05 0.0001049598062 0.001099933791 2.288325806 4.135311185 4.917882818 11.08289582 13.44696774 49.84889537 124.2265943 146.3550474 220.5333983 237.4114349 462.8720877 497.7179666 615.5043305 783.7807448 837.9962471 875.1951419 900.2268610 923.4639236 1036.451387 1138.438586 1245.325679 1314.085116 1370.226176 1509.363938 1662.496329 1702.184094 1947.723906 2256.941121 2335.204715 2385.016052 2421.289540 2479.560170 2488.722550 2646.615239 2893.432606 3463.298788 3787.406797 10798.62823 41791.18404 175256.7287 317449.4473 362941.6112 381565.0550 384681.5019 396754.7023 406251.0356 444593.5736 463561.5269 488150.9956 616819.9239 623956.4163 652124.5587 673536.6375 744239.1687 891982.8955 1076717.432 1097489.668 1227219.444 1498524.866 1542055.457 1695637.456 1944264.119 2210736.976 2466671.476 2534734.623 2777276.490 3233699.750 38994183.65
