years
 1991 1992 1993 1994 1995 1996 1997 1998 1999 2000 2001 2002 2003 2004 2005 2006 2007 2008 2009 2010 2011 2012 2013 2014 2015 2016 2017
reclasobs
 0 0 0 0 0 0 0 0 0 252601 567819 844713 477998 351125 339783 2.1784e+06 2.13404e+06 4.81314e+06 1.55562e+06 2.62356e+06 3.21686e+06 3.843e+06 1.13348e+06 3.07943e+06 1.97215e+06 2.03268e+06 2.025e+06
reclaspred
 3.1661e+06 1.73471e+06 869969 921130 941357 1.69964e+06 959491 809231 565659 373259 511129 701703 682487 494996 473328 1.35764e+06 1.18364e+06 3.10601e+06 2.48694e+06 1.83132e+06 3.17914e+06 2.58413e+06 1.91602e+06 3.12994e+06 2.29576e+06 1.9357e+06 2.07486e+06
pelacesobs
 0 0 0 0 0 0 0 0 0 0 0 0 0 0 0 552880 188675 0 991730 2.46772e+06 1.41603e+06 1.21717e+06 2.29649e+06 1.80582e+06 0 1.4828e+06 1.56532e+06
pelacespred
 1.95869e+06 1.16488e+06 567468 449071 514563 912124 496867 537889 346148 202708 286460 329698 357460 255030 246818 586346 593143 1.64069e+06 1.42608e+06 977291 1.63714e+06 1.42929e+06 1.14802e+06 1.90159e+06 1.44061e+06 1.22746e+06 1.39349e+06
mphobs
 0 0 0 0 0 0 0 0 0 0 0 498337 0 5186 125008 0 168611 109162 213762 579715 649985 157893 87575 83554 0 0 0
mphpred
 483765 325005 156032 85737.2 96887.3 118904 170361 90907.7 80924.4 49337.6 29327.8 62294.9 66523.4 53666.2 31424 39295 150403 130923 308722 217604 233613 287694 271684 212191 318279 257046 198864
desembarqueobs
 494567 514787 250237 358949 120608 361735 552515 73892 212993 205616 52469 317467 293654 387597 252695 516296 358380 742168 942051 627588 828172 859565 418607 520667 417249 300574 407403
desembarquepred
 494562 513919 250648 358972 120612 361733 552528 73897.2 213053 205668 52470.5 317515 293679 387559 252664 516219 358422 742012 941745 627365 828228 859510 418603 520671 417224 300568 407400
Reclutas
 166435 95981.5 89584.6 143734 113418 215555 84230.2 34019.6 33445.3 45193.8 83489.6 124234 103135 72408.6 64098.6 348487 69687.3 559229 326097 262317 350172 482784 91701.1 280421 231481 93332.3 186941
log_desv_Rt
 0.224292 -0.326157 -0.395129 0.0776508 -0.159232 0.482905 -0.456759 -1.36338 -1.3804 -1.07935 -0.46559 -0.0681484 -0.254272 -0.607987 -0.72989 0.963288 -0.646294 1.43625 0.896881 0.67924 0.968113 1.28926 -0.371778 0.745981 0.554183 -0.354146 0.340478
SSB
 1.8237e+06 1.2252e+06 588209 323212 365246 448244 642227 342704 305069 185993 110560 234840 250780 202311 118462 148134 566990 493553 1.16382e+06 820326 880676 1.08455e+06 1.02419e+06 799917 1.19985e+06 969013 749678
BT
 2.6166e+06 1.81295e+06 879276 861059 725373 1.50245e+06 1.0717e+06 727275 631030 450333 425387 691357 727483 738875 587439 1.23678e+06 998141 2.90791e+06 2.69666e+06 1.75107e+06 2.81563e+06 2.58348e+06 1.73046e+06 2.99718e+06 2.11701e+06 1.73854e+06 2.21244e+06
Ftot
 0.220988 0.407292 0.40042 0.569596 0.189695 0.324034 0.771692 0.134157 0.538645 0.772021 0.163085 0.659042 0.625235 1.09117 0.799166 0.599038 0.427085 0.375715 0.544631 0.499854 0.388664 0.489975 0.308857 0.25718 0.264353 0.223486 0.296854
BD_Bspro_t
 0.96526 0.760264 0.542875 0.438006 0.438589 0.539427 0.554147 0.358304 0.410904 0.344262 0.294706 0.558206 0.435225 0.339661 0.22368 0.267723 0.462643 0.416084 0.558384 0.441671 0.411921 0.459766 0.472798 0.451012 0.584065 0.58935 0.58286
BD_Bspro
 1.93012 1.2967 0.622533 0.342073 0.386559 0.474401 0.679703 0.362702 0.322871 0.196846 0.117011 0.248543 0.265414 0.214117 0.125375 0.156779 0.600075 0.522353 1.23173 0.868195 0.932067 1.14784 1.08396 0.846595 1.26987 1.02556 0.793424
BD_Bo
 1.25844 0.845449 0.405892 0.223032 0.252037 0.30931 0.443167 0.236482 0.210512 0.128344 0.0762916 0.16205 0.17305 0.139604 0.0817445 0.10222 0.39125 0.340575 0.803091 0.566064 0.607708 0.748391 0.706743 0.551981 0.827954 0.668665 0.517313
BD_Brms
 2.28804 1.53716 0.737976 0.405507 0.458243 0.562374 0.805748 0.429962 0.382744 0.23335 0.13871 0.294633 0.314633 0.253823 0.148624 0.185852 0.711354 0.619219 1.46015 1.02919 1.10491 1.36069 1.28497 1.00359 1.50535 1.21574 0.940557
Sel_flota
 0.806937 0.999953 1 1 1
 0.806937 0.999953 1 1 1
 0.806937 0.999953 1 1 1
 0.806937 0.999953 1 1 1
 0.806937 0.999953 1 1 1
 0.806937 0.999953 1 1 1
 0.806937 0.999953 1 1 1
 0.806937 0.999953 1 1 1
 0.806937 0.999953 1 1 1
 0.806937 0.999953 1 1 1
 0.806937 0.999953 1 1 1
 0.806937 0.999953 1 1 1
 0.806937 0.999953 1 1 1
 0.806937 0.999953 1 1 1
 0.806937 0.999953 1 1 1
 0.806937 0.999953 1 1 1
 0.806937 0.999953 1 1 1
 0.806937 0.999953 1 1 1
 0.806937 0.999953 1 1 1
 0.806937 0.999953 1 1 1
 0.806937 0.999953 1 1 1
 0.806937 0.999953 1 1 1
 0.806937 0.999953 1 1 1
 0.806937 0.999953 1 1 1
 0.806937 0.999953 1 1 1
 0.806937 0.999953 1 1 1
 0.806937 0.999953 1 1 1
Sel_reclas
 1 1 1 1 1
 1 1 1 1 1
 1 1 1 1 1
 1 1 1 1 1
 1 1 1 1 1
 1 1 1 1 1
 1 1 1 1 1
 1 1 1 1 1
 1 1 1 1 1
 1 1 1 1 1
 1 1 1 1 1
 1 1 1 1 1
 1 1 1 1 1
 1 1 1 1 1
 1 1 1 1 1
 1 1 1 1 1
 1 1 1 1 1
 1 1 1 1 1
 1 1 1 1 1
 1 1 1 1 1
 1 1 1 1 1
 1 1 1 1 1
 1 1 1 1 1
 1 1 1 1 1
 1 1 1 1 1
 1 1 1 1 1
 1 1 1 1 1
Sel_pelaces
 0.721077 0.928625 0.984957 0.996974 0.999397
 0.721077 0.928625 0.984957 0.996974 0.999397
 0.721077 0.928625 0.984957 0.996974 0.999397
 0.721077 0.928625 0.984957 0.996974 0.999397
 0.721077 0.928625 0.984957 0.996974 0.999397
 0.721077 0.928625 0.984957 0.996974 0.999397
 0.721077 0.928625 0.984957 0.996974 0.999397
 0.721077 0.928625 0.984957 0.996974 0.999397
 0.721077 0.928625 0.984957 0.996974 0.999397
 0.721077 0.928625 0.984957 0.996974 0.999397
 0.721077 0.928625 0.984957 0.996974 0.999397
 0.721077 0.928625 0.984957 0.996974 0.999397
 0.721077 0.928625 0.984957 0.996974 0.999397
 0.721077 0.928625 0.984957 0.996974 0.999397
 0.721077 0.928625 0.984957 0.996974 0.999397
 0.721077 0.928625 0.984957 0.996974 0.999397
 0.721077 0.928625 0.984957 0.996974 0.999397
 0.721077 0.928625 0.984957 0.996974 0.999397
 0.721077 0.928625 0.984957 0.996974 0.999397
 0.721077 0.928625 0.984957 0.996974 0.999397
 0.721077 0.928625 0.984957 0.996974 0.999397
 0.721077 0.928625 0.984957 0.996974 0.999397
 0.721077 0.928625 0.984957 0.996974 0.999397
 0.721077 0.928625 0.984957 0.996974 0.999397
 0.721077 0.928625 0.984957 0.996974 0.999397
 0.721077 0.928625 0.984957 0.996974 0.999397
 0.721077 0.928625 0.984957 0.996974 0.999397
pf_obs 
 0.8446 0.082 0.0669 0.0065 0
 0.8095 0.147 0.0364 0.0071 0
 0.9664 0.0169 0.016 0.0007 0
 0.9276 0.0648 0.0075 0.0001 0
 0.7033 0.2144 0.0806 0.0017 0
 0.9318 0.0425 0.0243 0.0014 0
 0.5671 0.3108 0.0964 0.0239 0.0018
 0.0768 0.2599 0.5324 0.112 0.0189
 0.490249 0.384438 0.106611 0.0170017 0.00170017
 0.7925 0.1577 0.0466 0.003 0.0002
 0.840416 0.127587 0.0312969 0.00059994 9.999e-05
 0.8084 0.0986 0.0794 0.0134 0.0002
 0.7335 0.1905 0.0724 0.0035 0.0001
 0.4001 0.4547 0.1325 0.0127 0
 0.49795 0.308269 0.164784 0.0264974 0.00249975
 0.9179 0.0499 0.0305 0.0017 0
 0.2467 0.6533 0.0926 0.0074 0
 0.9418 0.0223 0.034 0.0019 0
 0.707729 0.231977 0.0356964 0.0245975 0
 0.517169 0.277429 0.184464 0.0207286 0.00020938
 0.811772 0.124168 0.05621 0.00726502 0.000585176
 0.764997 0.148141 0.077277 0.00933861 0.000247198
 0.163321 0.427699 0.378323 0.0303852 0.000271297
 0.753843 0.0900009 0.118128 0.0371064 0.000921714
 0.721811 0.176058 0.0630433 0.0369309 0.00215725
 0.143369 0.312575 0.442814 0.0836902 0.0175525
 0.692698 0.0596174 0.167031 0.0765114 0.00414204
pf_pred 
 0.530351 0.138424 0.309598 0.0216265 1.08446e-06
 0.478858 0.307163 0.0630703 0.141054 0.00985367
 0.614716 0.209726 0.103477 0.0212459 0.0508351
 0.773696 0.152651 0.0400935 0.0197807 0.013779
 0.695058 0.24986 0.0371554 0.00975821 0.00816797
 0.787181 0.158063 0.0448659 0.00667143 0.00321873
 0.492756 0.419184 0.0654044 0.0185638 0.00409218
 0.48733 0.291995 0.182367 0.0284524 0.00985587
 0.57657 0.230621 0.109818 0.0685841 0.0144069
 0.756523 0.15651 0.0473683 0.0225547 0.0170448
 0.860922 0.112498 0.0170861 0.00517083 0.00432278
 0.775832 0.198738 0.0205695 0.00312392 0.00173575
 0.727397 0.224313 0.0428125 0.00443083 0.00104681
 0.681721 0.248569 0.0573622 0.0109475 0.00140067
 0.788573 0.159185 0.0407999 0.00941464 0.00202665
 0.95203 0.0401044 0.00592195 0.00151771 0.000425604
 0.4144 0.564252 0.0178475 0.00263525 0.000864771
 0.924608 0.0361713 0.0377908 0.00119526 0.0002344
 0.629074 0.348956 0.0105412 0.0110126 0.000416616
 0.66277 0.233245 0.097826 0.00295493 0.00320385
 0.764949 0.169481 0.0453521 0.0190201 0.00119744
 0.77626 0.180889 0.0308977 0.00826758 0.00368561
 0.34189 0.539686 0.0957445 0.0163531 0.00632643
 0.778455 0.0886716 0.108965 0.0193301 0.00457883
 0.650309 0.285947 0.0255138 0.0313511 0.00687904
 0.439453 0.394515 0.135768 0.0121133 0.0181507
 0.728796 0.135388 0.0955893 0.0328942 0.00733246
pobs_RECLAS
 0 0 0 0 0
 0 0 0 0 0
 0 0 0 0 0
 0 0 0 0 0
 0 0 0 0 0
 0 0 0 0 0
 0 0 0 0 0
 0 0 0 0 0
 0 0 0 0 0
 0 0 0 0 0
 0.991045 0.00858322 0.000360255 1.14367e-05 0
 0.934742 0.0480273 0.0164251 0.00080598 0
 0.827803 0.169806 0.00239088 0 0
 0.941827 0.0461693 0.0120037 0 0
 0.791401 0.0380133 0.147996 0.0225897 0
 0.846168 0.0940531 0.0597789 0 0
 0.134021 0.677848 0.182769 0.00536245 0
 0.80878 0.0450904 0.141981 0.00414843 0
 0.846168 0.0940531 0.0597789 0 0
 0.905697 0.0802665 0.012482 0.00150086 5.37128e-05
 0.989698 0.0102097 9.19794e-05 0 0
 0.975433 0.0193895 0.00387452 0.00125025 5.28907e-05
 0.303575 0.632131 0.0575291 0.00676475 0
 0.966965 0.00978017 0.0227588 0.000495775 0
 0.843318 0.132988 0.00938335 0.0141283 0.000182051
 0.564624 0.303363 0.111486 0.0197234 0.00080311
 0.826376 0.0876187 0.0782897 0.00655872 0.00115652
ppred_RECLAS
 0.584242 0.122544 0.274068 0.0191446 9.60002e-07
 0.534584 0.274324 0.0563245 0.125968 0.00879976
 0.666005 0.181811 0.0896999 0.0184171 0.0440666
 0.811097 0.127424 0.0334662 0.016511 0.0115014
 0.739205 0.213689 0.0317752 0.00834517 0.00698521
 0.821867 0.132303 0.0375521 0.0055839 0.00269403
 0.551223 0.37087 0.0578632 0.0164234 0.00362035
 0.541445 0.261179 0.163113 0.0254484 0.00881529
 0.630794 0.201092 0.0957526 0.0597997 0.0125616
 0.797108 0.130423 0.039471 0.0187944 0.0142031
 0.884973 0.0930449 0.0141309 0.00427648 0.00357511
 0.813398 0.165435 0.0171217 0.0026003 0.00144481
 0.770486 0.188859 0.0360439 0.00373032 0.00088131
 0.732809 0.208673 0.0481528 0.00918988 0.0011758
 0.825193 0.131616 0.0337319 0.0077837 0.00167557
 0.961461 0.03222 0.00475748 0.00121928 0.000341915
 0.46951 0.511152 0.0161671 0.00238714 0.000783352
 0.938718 0.0294027 0.0307177 0.000971551 0.000190528
 0.680337 0.30073 0.00908396 0.00949015 0.000359022
 0.711242 0.199723 0.0837622 0.00253012 0.00274325
 0.80261 0.142328 0.0380844 0.0159721 0.00100555
 0.812976 0.151206 0.0258262 0.00691056 0.00308066
 0.393118 0.49768 0.0882882 0.0150796 0.00583374
 0.81399 0.074451 0.0914851 0.0162293 0.00384432
 0.698467 0.24657 0.0219993 0.0270325 0.00593146
 0.493829 0.35625 0.122593 0.0109379 0.0163895
 0.770106 0.114768 0.0810272 0.0278831 0.00621543
pobs_PELACES
 0 0 0 0 0
 0 0 0 0 0
 0 0 0 0 0
 0 0 0 0 0
 0 0 0 0 0
 0 0 0 0 0
 0 0 0 0 0
 0 0 0 0 0
 0 0 0 0 0
 0 0 0 0 0
 0 0 0 0 0
 0 0 0 0 0
 0 0 0 0 0
 0 0 0 0 0
 0 0 0 0 0
 0 0 0 0 0
 0.505614 0.472636 0.0217494 0 0
 0 0 0 0 0
 0.443492 0.261883 0.143347 0.151278 0
 0.227955 0.32914 0.350689 0.0885471 0.00366901
 0.970185 0.0296113 0.000203453 0 0
 0.997202 0.00247181 0.000326279 0 0
 0.445219 0.490057 0.0546422 0.010081 0
 0.90214 0.0892962 0.00764917 0.000914606 0
 0 0 0 0 0
 0.581667 0.319106 0.0959925 0.00289975 0.000334073
 0.762889 0.0836404 0.116647 0.0363945 0.000428098
ppred_PELACES
 0.514713 0.137092 0.325201 0.0229936 1.15581e-06
 0.470844 0.303191 0.0660275 0.14947 0.0104669
 0.606535 0.207864 0.108774 0.022606 0.0542207
 0.771869 0.1506 0.041952 0.0209502 0.0146291
 0.68767 0.252935 0.0398924 0.0106048 0.00889821
 0.782554 0.15892 0.0478429 0.0072009 0.00348262
 0.497685 0.410546 0.0679382 0.0195183 0.00431303
 0.47377 0.291809 0.193297 0.0305255 0.0105997
 0.571305 0.226639 0.114463 0.0723567 0.0152363
 0.757839 0.152025 0.0487992 0.0235195 0.0178172
 0.856355 0.114753 0.0184849 0.0056624 0.00474523
 0.77801 0.195405 0.0214501 0.00329741 0.0018366
 0.728489 0.220983 0.0447328 0.00468605 0.0011098
 0.692485 0.236897 0.057981 0.0112006 0.00143654
 0.791549 0.154519 0.0420037 0.00981067 0.00211704
 0.952191 0.0395554 0.00619484 0.00160702 0.000451744
 0.413344 0.563978 0.0189199 0.00282768 0.000930173
 0.921917 0.0363085 0.0402332 0.00128804 0.000253208
 0.630198 0.346515 0.0111018 0.0117398 0.000445206
 0.659601 0.231059 0.102782 0.00314252 0.00341551
 0.760714 0.169479 0.0481001 0.0204187 0.00128861
 0.77477 0.179874 0.0325863 0.00882579 0.00394401
 0.336522 0.537968 0.101224 0.0174999 0.00678654
 0.768958 0.0891043 0.116133 0.0208531 0.00495159
 0.643696 0.287754 0.0272311 0.0338696 0.0074497
 0.429967 0.393813 0.14374 0.0129811 0.0194983
 0.719706 0.135542 0.101498 0.0353537 0.00789985
pobs_pel_tallas
 0 0 0 0 0 0 0 0 0 0 0 0 0 0 0 0 0 0 0 0 0 0 0 0 0 0
 0 0 0 0 0 0 0 0 0 0 0 0 0 0 0 0 0 0 0 0 0 0 0 0 0 0
 0 0 0 0 0 0 0 0 0 0 0 0 0 0 0 0 0 0 0 0 0 0 0 0 0 0
 0 0 0 0 0 0 0 0 0 0 0 0 0 0 0 0 0 0 0 0 0 0 0 0 0 0
 0 0 0 0 0 0 0 0 0 0 0 0 0 0 0 0 0 0 0 0 0 0 0 0 0 0
 0 0 0 0 0 0 0 0 0 0 0 0 0 0 0 0 0 0 0 0 0 0 0 0 0 0
 0 0 0 0 0 0 0 0 0 0 0 0 0 0 0 0 0 0 0 0 0 0 0 0 0 0
 0 0 0 0 0 0 0 0 0 0 0 0 0 0 0 0 0 0 0 0 0 0 0 0 0 0
 0 0 0 0 0 0 0 0 0 0 0 0 0 0 0 0 0 0 0 0 0 0 0 0 0 0
 0 0 0 0 0 0 0 0 0 0 0 0 0 0 0 0 0 0 0 0 0 0 0 0 0 0
 0 0 0 0 0 0 0 0 0 0 0 0 0 0 0 0 0 0 0 0 0 0 0 0 0 0
 0 0 0 0 0 0 0 0 0 0 0 0 0 0 0 0 0 0 0 0 0 0 0 0 0 0
 0.00862536 0 0 0.000197151 0.00414017 0.0128641 0.00837892 0.0270097 0.101434 0.158115 0.152841 0.127902 0.109271 0.109419 0.0830992 0.0579132 0.0238553 0.00714673 0.00463305 0.00128148 0.00103504 0.000492878 0.000147863 0.000147863 4.92878e-05 0
 0 0 0 0 0 0 0 0 0 0 0 0 0 0 0 0 0 0 0 0 0 0 0 0 0 0
 0 0 0 0 0 0 0 0.0054083 0.00873648 0.0413646 0.0450493 0.0745869 0.0622846 0.0627006 0.0613931 0.0827291 0.12552 0.122667 0.0946155 0.0697135 0.0546179 0.0294188 0.0215738 0.0213955 0.0102223 0.00600262
 0 0 0 0 0.00359764 0.0251062 0.0480494 0.140153 0.205849 0.193036 0.1447 0.116669 0.0760912 0.0342217 0.00950174 0.001854 0.000860785 0 0 0 0.000165536 0 0.000143464 0 0 0
 0 0 0 0 0 0 0 0.000145254 0.000435761 0.0275982 0.070085 0.0708112 0.156366 0.174668 0.174014 0.160142 0.0824315 0.0480064 0.0283245 0.00493863 0.00203355 0 0 0 0 0
 0 0 0 0 0 0 0 0 0 0 0 0 0 0 0 0 0 0 0 0 0 0 0 0 0 0
 0 0 1.00437e-05 0.000401748 0.00122533 0.00171747 0.00176769 0.0269171 0.070346 0.194647 0.189555 0.159765 0.064822 0.0314167 0.0384472 0.0292271 0.0345202 0.0313363 0.0194345 0.0106764 0.0143323 0.0359363 0.0279516 0.0138201 0.00172751 0
 0 0.0021121 0.0136068 0.0755702 0.200478 0.177729 0.0527432 0.0373336 0.0318909 0.0142505 0.0149659 0.0166563 0.0217959 0.0798694 0.0677717 0.0528807 0.04013 0.0224614 0.0357745 0.0225083 0.00881397 0.00855152 0.00135912 0.000746735 0 0
 0 0 0 0 5.4009e-05 0.00500934 0.000945158 0.0243581 0.138947 0.33067 0.221406 0.137944 0.0707744 0.0437923 0.0131692 0.00525238 0.0047753 0.00276346 9.45158e-05 9.00151e-06 2.25038e-05 9.00151e-06 4.50075e-06 0 0 0
 0.000866109 0.00284123 0.00948549 0.0512746 0.133035 0.25785 0.225252 0.132002 0.0553304 0.0519788 0.0540692 0.017754 0.00435017 0.00159236 0.00146478 0.000404838 0.000125132 0.000115318 0.000107957 0.000100596 0 0 0 0 0 0
 0 0 0 0 0.00144013 0.00171154 0.00461396 0.0210425 0.0478622 0.0707936 0.0888783 0.103762 0.0637923 0.0337046 0.0602308 0.124433 0.169614 0.0934646 0.0462172 0.0250306 0.0313229 0.00938855 0.002487 0.000210481 0 0
 0 0.00764035 0.051015 0.0998891 0.058973 0.0496711 0.0374665 0.0718981 0.12319 0.153886 0.159021 0.0857701 0.0377988 0.023471 0.0147837 0.00900784 0.00315554 0.000888139 0.00291439 0.00214683 0.00393193 0.00274676 0.000635225 9.99891e-05 0 0
 0 0 0 0 0 0 0 0 0 0 0 0 0 0 0 0 0 0 0 0 0 0 0 0 0 0
 0 0 0 0 0 0 0 0 0 0 0 0 0 0 0 0 0 0 0 0 0 0 0 0 0 0
 0 0 0 0 0 0 0 0 0 0 0 0 0 0 0 0 0 0 0 0 0 0 0 0 0 0
ppred_pel_tallas
 1.11726e-16 4.23963e-05 0.000412107 0.00273859 0.0124493 0.0387343 0.0825281 0.120455 0.120469 0.0825952 0.0389611 0.0131103 0.00442091 0.00416043 0.00738286 0.0127152 0.0196529 0.0274984 0.0354635 0.0430201 0.0499156 0.0557711 0.0597039 0.060486 0.0572333 0.0500804
 1.18744e-16 3.87829e-05 0.000376984 0.00250519 0.0113882 0.0354332 0.0754953 0.110194 0.110223 0.0756386 0.0359145 0.0127797 0.00600285 0.00802972 0.0146262 0.024267 0.0353251 0.0452629 0.0515836 0.0533032 0.0515866 0.0489075 0.0473726 0.0475081 0.0482671 0.0479702
 1.14635e-16 4.99595e-05 0.000485624 0.00322714 0.0146701 0.0456444 0.0972509 0.141945 0.141965 0.0973495 0.045976 0.0156298 0.00564285 0.00578238 0.0101785 0.0169315 0.0248228 0.0321529 0.037232 0.0393283 0.0390772 0.0379364 0.0371328 0.0369518 0.0368064 0.035831
 1.05826e-16 6.35778e-05 0.000617999 0.00410682 0.018669 0.0580863 0.12376 0.180634 0.180648 0.123831 0.0583253 0.0193599 0.00584299 0.00441505 0.00729581 0.012017 0.0174401 0.0222255 0.0250603 0.025365 0.0236328 0.0210602 0.0187687 0.0172311 0.0162441 0.0152996
 1.03786e-16 5.66425e-05 0.000550585 0.00365883 0.0166325 0.0517501 0.11026 0.160933 0.160957 0.110379 0.0521503 0.0177884 0.00656072 0.00688693 0.0120951 0.0199182 0.0287172 0.0361779 0.0399814 0.0390648 0.0342488 0.0276662 0.021466 0.0168047 0.0137078 0.0115877
 1.02733e-16 6.44579e-05 0.000626554 0.00416367 0.0189275 0.0588904 0.125473 0.183135 0.18315 0.125548 0.0591426 0.0196563 0.00599499 0.00463075 0.00768798 0.0126568 0.0183407 0.0233022 0.0261134 0.0261045 0.0237332 0.020221 0.0167667 0.0139672 0.0117882 0.00991546
 1.04753e-16 4.09937e-05 0.000398474 0.002648 0.0120374 0.0374532 0.0797994 0.116478 0.116517 0.0799928 0.0381027 0.0139139 0.00735893 0.0106854 0.0195862 0.0323376 0.0466326 0.0587539 0.0649327 0.0634258 0.0555366 0.0446923 0.0343546 0.0264003 0.0209108 0.0170101
 1.10508e-16 3.90238e-05 0.000379326 0.00252075 0.011459 0.0356533 0.0759643 0.110878 0.110906 0.076103 0.0361199 0.0128096 0.00592281 0.00784511 0.0143325 0.0239321 0.0351704 0.0456889 0.0530647 0.0561219 0.0554921 0.0528967 0.0497964 0.0465625 0.0426968 0.0376444
 1.13196e-16 4.70577e-05 0.000457418 0.0030397 0.0138181 0.0429932 0.0916024 0.133701 0.133723 0.09171 0.0433548 0.0148645 0.00567418 0.00623447 0.0110961 0.0184754 0.0271012 0.0351359 0.0407465 0.0431357 0.0429753 0.0417979 0.0408486 0.0403346 0.0395508 0.0375822
 1.06822e-16 6.24222e-05 0.000606766 0.00403217 0.0183297 0.0570305 0.12151 0.177351 0.177365 0.121582 0.057272 0.0190279 0.00578745 0.00444753 0.00738356 0.0121795 0.0177117 0.0226472 0.0256797 0.0262367 0.0248124 0.0225878 0.0206465 0.0194056 0.0186052 0.0176993
 1.01934e-16 7.05368e-05 0.000685643 0.00455634 0.0207125 0.0644442 0.137306 0.200404 0.200415 0.13736 0.0646258 0.0212369 0.00587314 0.00356111 0.00553424 0.00904481 0.0130402 0.0164373 0.0181846 0.0178031 0.0156676 0.012745 0.0100056 0.00796491 0.00662247 0.00569983
 1.01311e-16 6.40837e-05 0.000622917 0.0041395 0.0188176 0.0585486 0.124745 0.182072 0.182091 0.124837 0.0588574 0.0197093 0.00637729 0.00550626 0.0093332 0.0153144 0.0220218 0.0276227 0.0302932 0.0291893 0.0249468 0.0192507 0.0138359 0.00969309 0.00693611 0.00517499
 1.02006e-16 6.00047e-05 0.000583267 0.00387602 0.0176198 0.0548219 0.116805 0.170484 0.170506 0.116909 0.0551718 0.0186306 0.00641405 0.00612682 0.0105969 0.0174462 0.0251769 0.0317637 0.0351747 0.0344571 0.0302806 0.0244464 0.0187786 0.0142759 0.0110119 0.00858356
 1.03101e-16 5.70391e-05 0.00055444 0.00368445 0.016749 0.0521125 0.111032 0.162059 0.162082 0.111144 0.0524879 0.0178338 0.00640942 0.00650925 0.0113844 0.0187775 0.0271535 0.0343735 0.0382865 0.0378852 0.033875 0.028137 0.022545 0.0180758 0.0147341 0.0120576
 1.02594e-16 6.51989e-05 0.000633757 0.00421154 0.019145 0.0595674 0.126915 0.18524 0.185255 0.126988 0.0598124 0.0198532 0.00599072 0.00452305 0.00746727 0.0122825 0.0177826 0.0225621 0.025229 0.0251346 0.0227361 0.0192419 0.01584 0.0131258 0.0110646 0.00933361
 1.00427e-16 7.84307e-05 0.000762375 0.00506625 0.0230304 0.0716562 0.152671 0.222829 0.222833 0.15269 0.0717188 0.0232112 0.00551999 0.00175307 0.00196045 0.00311821 0.00448737 0.00564929 0.00623539 0.00607695 0.00530004 0.00423665 0.00322333 0.00244436 0.00191032 0.0015379
 1.01132e-16 3.40467e-05 0.000330947 0.00219926 0.00999754 0.0311064 0.0662774 0.0967452 0.0967994 0.0665425 0.0319961 0.0125661 0.00864178 0.0143787 0.0266652 0.0439027 0.0629431 0.0785264 0.0853143 0.0808446 0.0670311 0.0489452 0.031895 0.0190412 0.0109046 0.00637136
 1.01343e-16 7.59371e-05 0.000738136 0.00490517 0.0222982 0.069378 0.147817 0.215744 0.215748 0.147835 0.0694365 0.022468 0.00533395 0.0016827 0.00189476 0.00307697 0.00457509 0.00606368 0.00725424 0.0079937 0.00831582 0.00835128 0.00818144 0.00777508 0.00705338 0.00600392
 1.01662e-16 5.19086e-05 0.00050457 0.00335305 0.0152425 0.0474252 0.101046 0.147486 0.14752 0.101209 0.047972 0.0168209 0.00731215 0.00913797 0.0164209 0.0269936 0.0387142 0.0483383 0.0526016 0.0500121 0.041763 0.0309734 0.0208824 0.0133804 0.0087141 0.00612554
 1.03919e-16 5.43305e-05 0.000528112 0.00350949 0.0159536 0.0496378 0.105759 0.154364 0.154386 0.105869 0.0500054 0.0170168 0.00618316 0.0063815 0.0112198 0.0185891 0.0270653 0.0346386 0.0392678 0.039962 0.0372928 0.0328655 0.0282225 0.0240829 0.0203753 0.0167702
 1.03698e-16 6.2659e-05 0.000609068 0.00404747 0.0183992 0.0572469 0.121971 0.178024 0.17804 0.122051 0.0575158 0.0191764 0.00600047 0.00487953 0.00819391 0.0135021 0.0195745 0.024892 0.0279476 0.0280481 0.0257035 0.0222276 0.0188854 0.016268 0.014266 0.0124667
 1.02539e-16 6.38168e-05 0.000620322 0.00412226 0.0187392 0.0583047 0.124225 0.181314 0.181331 0.12431 0.0585894 0.0195617 0.00618742 0.00513067 0.00863594 0.0141922 0.0204767 0.0258317 0.0286113 0.028057 0.0247389 0.0201481 0.015782 0.0124384 0.0101303 0.00845873
 1.05963e-16 2.7719e-05 0.000269438 0.00179052 0.00813946 0.0253252 0.0539598 0.0787668 0.0788187 0.0542134 0.0261767 0.0105994 0.00796724 0.0137594 0.0256656 0.0424333 0.061232 0.0772241 0.0854774 0.0836941 0.0735431 0.0594554 0.0459072 0.0353277 0.0278446 0.0223816
 1.06304e-16 6.33381e-05 0.000615669 0.00409134 0.0185986 0.0578673 0.123293 0.179951 0.17996 0.123336 0.0580117 0.0190178 0.00515167 0.00295723 0.00458919 0.00769267 0.011557 0.0155412 0.0190104 0.0216379 0.0235055 0.0248555 0.0257274 0.0258319 0.0247686 0.0223689
 1.05517e-16 5.30204e-05 0.000515378 0.00342487 0.015569 0.048441 0.10321 0.150643 0.150671 0.103345 0.0488958 0.0168825 0.00672164 0.00771118 0.0137166 0.0225875 0.0325269 0.0409044 0.045092 0.0439191 0.0383914 0.031023 0.0243231 0.0196013 0.0167875 0.0150437
 1.08851e-16 3.54159e-05 0.000344255 0.0022877 0.0103996 0.0323571 0.0689417 0.10063 0.100668 0.0691279 0.0329828 0.0122084 0.00683492 0.0102931 0.0189951 0.0315166 0.0457935 0.0584138 0.0658929 0.0665872 0.0615912 0.0538249 0.0461044 0.0397551 0.0345922 0.0298213
 1.07847e-16 5.92813e-05 0.000576235 0.00382929 0.0174074 0.0541609 0.115396 0.168427 0.16844 0.115461 0.0543782 0.0180367 0.00541581 0.00406249 0.0067478 0.0112393 0.0166034 0.0217642 0.0256553 0.0277828 0.0284546 0.0284183 0.0282209 0.0278405 0.0268359 0.0247875
pSPR Fmed_Fpbrs
0.486199   0.600007 0.325005
Fs Fmed_Fpbrs
0.40304   0.275278 0.671651
SSBpbr Bo_Bmed_Bpbrs
1.44918e+06  632128  797057 398531
Ro
132995
SPR SPRFo_SPRFmed_SPRFpbrs
944864 459392 307086
Fref
0.275278
log_Ro
11.6181
likeval ReclasPelacesDesembMPH_pf_preclas_ppelaces_ptallas_desvR_qrecl_qpela
 11.8019 16.0267 0.0303747 0.000819501 192.239 80.8773 58.1883 0 21.4174 6.49601e-06 3.03047e-05 0.152681 7.71599e-08 0 0
q_reclas_q_pelaces
1.435 2.18844
M
1
N
 166435 35662.1 79758 5571.39 0.279376
 95981.5 51227.8 10518.3 23523.7 1643.3
 89584.6 25419 12541.1 2574.92 6161.02
 143734 23856.8 6265.73 3091.29 2153.35
 113418 33392.6 4965.44 1304.08 1091.56
 215555 35802.2 10161.9 1511.05 729.029
 84230.2 61053 9525.66 2703.68 595.995
 34019.6 16624 10382.1 1619.79 561.094
 33445.3 11231 5347.86 3339.86 701.576
 45193.8 7966.61 2411.05 1148.03 867.583
 83489.6 8917.25 1354.28 409.851 342.633
 124234 26926.8 2786.84 423.242 235.167
 103135 26852.5 5124.9 530.395 125.309
 72408.6 22908.7 5286.48 1008.92 129.085
 64098.6 11043.3 2830.34 653.105 140.591
 348487 12373.4 1827.03 468.242 131.307
 69687.3 79060.6 2500.61 369.225 121.163
 559229 18163 18975.5 600.166 117.697
 326097 151924 4589.13 4794.33 181.374
 262317 77301.3 32419.9 979.277 1061.77
 350172 64470.1 17251.2 7234.93 455.485
 482784 94141.4 16079.7 4302.58 1918.05
 91701.1 119604 21217.9 3624.01 1402
 280421 26293.1 32309 5731.56 1357.67
 231481 83827.9 7479.29 9190.47 2016.57
 93332.3 68798.3 23675.1 2112.32 3165.11
 186941 28669.3 20240.9 6965.28 1552.63
pred_Ctot
 17435.1 4550.65 10177.9 710.964 0.0356511
 17454.4 11196.1 2298.92 5141.46 359.168
 16051.2 5476.28 2701.96 554.764 1327.38
 34745.8 6855.35 1800.55 888.327 618.797
 10303.6 3703.95 550.796 144.657 121.083
 32024.9 6430.49 1825.28 271.414 130.948
 25943.6 22070 3443.54 977.385 215.453
 2226.02 1333.77 833.015 129.965 45.0196
 7719.21 3087.59 1470.26 918.214 192.881
 13924.6 2880.73 871.866 415.144 313.729
 6577.99 859.559 130.549 39.5085 33.0288
 33808.4 8660.41 896.357 136.131 75.6388
 26903.1 8296.3 1583.44 163.876 38.7167
 28733 10476.6 2417.69 461.412 59.0353
 20279 4093.62 1049.21 242.107 52.1175
 87797.1 3698.46 546.128 139.965 39.2496
 13205.8 17981.1 568.748 83.9779 27.5578
 94757.7 3706.98 3872.96 122.496 24.0223
 75958.7 42135.3 1272.82 1329.73 50.3051
 56865 20012.2 8393.37 253.53 274.887
 61127.2 13543.2 3624.1 1519.9 95.6876
 102906 23980 4096.01 1096.01 488.59
 13049.3 20598.8 3654.39 624.168 241.468
 33786.9 3848.57 4729.34 838.976 198.733
 28601.6 12576.4 1122.14 1378.87 302.551
 9879.61 8869.34 3052.28 272.327 408.058
 25667.2 4768.18 3366.53 1158.49 258.239
F
 0.178324 0.220978 0.220988 0.220988 0.220988
 0.328659 0.407273 0.407292 0.407292 0.407292
 0.323114 0.400401 0.40042 0.40042 0.40042
 0.459628 0.569569 0.569596 0.569596 0.569596
 0.153072 0.189686 0.189695 0.189695 0.189695
 0.261475 0.324019 0.324034 0.324034 0.324034
 0.622707 0.771656 0.771692 0.771692 0.771692
 0.108256 0.134151 0.134157 0.134157 0.134157
 0.434653 0.53862 0.538645 0.538645 0.538645
 0.622973 0.771985 0.772021 0.772021 0.772021
 0.1316 0.163078 0.163085 0.163085 0.163085
 0.531806 0.659012 0.659042 0.659042 0.659042
 0.504526 0.625206 0.625235 0.625235 0.625235
 0.880506 1.09112 1.09117 1.09117 1.09117
 0.644877 0.799129 0.799166 0.799166 0.799166
 0.483387 0.599011 0.599038 0.599038 0.599038
 0.344631 0.427065 0.427085 0.427085 0.427085
 0.303179 0.375698 0.375715 0.375715 0.375715
 0.439483 0.544605 0.544631 0.544631 0.544631
 0.403351 0.499831 0.499854 0.499854 0.499854
 0.313628 0.388646 0.388664 0.388664 0.388664
 0.395379 0.489952 0.489975 0.489975 0.489975
 0.249229 0.308843 0.308857 0.308857 0.308857
 0.207528 0.257168 0.25718 0.25718 0.25718
 0.213316 0.264341 0.264353 0.264353 0.264353
 0.18034 0.223476 0.223486 0.223486 0.223486
 0.239543 0.296841 0.296854 0.296854 0.296854
nmprior
 8 8 7 0
nm_flota  nm_reclas  nm_pelaces    nm_pelaL
inf 11.6025 12.6167 9.79153
cv_recla  cv_pelaces  cv_mph
0.343539 0.537105 0.883446
 ------------------------------------------------
Talla a la edad & desviación 
 8 13.2811 15.8009 17.003 17.5766
 0.8 1.32811 1.58009 1.7003 1.75766
