years
 1991 1992 1993 1994 1995 1996 1997 1998 1999 2000 2001 2002 2003 2004 2005 2006 2007 2008 2009 2010 2011 2012 2013 2014 2015 2016 2017 2018
reclasobs
 0 0 0 0 0 0 0 0 0 252601 567819 844713 477998 351125 339783 2.1784e+06 2.13404e+06 4.81314e+06 1.55562e+06 2.62356e+06 3.21686e+06 3.843e+06 1.13348e+06 3.07943e+06 1.97215e+06 2.03268e+06 2.025e+06 2.42433e+06
reclaspred
 3.15842e+06 1.72218e+06 868222 920448 946021 1.69446e+06 945653 804210 562448 371480 513230 704167 687042 497495 477661 1.36434e+06 1.18001e+06 3.13425e+06 2.48841e+06 1.85031e+06 3.19245e+06 2.58505e+06 1.92422e+06 3.10984e+06 2.30722e+06 2.01034e+06 2.12513e+06 2.16154e+06
pelacesobs
 0 0 0 0 0 0 0 0 0 0 0 0 0 0 0 552880 188675 0 991730 2.46772e+06 1.41603e+06 1.21717e+06 2.29649e+06 1.80582e+06 0 1.4828e+06 1.56532e+06 1.57751e+06
pelacespred
 1.88815e+06 1.11708e+06 544820 447190 513042 921450 476768 530482 338933 200175 292472 333908 362711 259897 255073 610130 585498 1.70351e+06 1.42837e+06 976343 1.66446e+06 1.42711e+06 1.13386e+06 1.91879e+06 1.42422e+06 1.25363e+06 1.44075e+06 1.43675e+06
mphobs
 0 0 0 0 0 0 0 0 0 0 0 498337 0 5186 125008 0 168611 109162 213762 579715 649985 157893 87575 83554 0 0 0 0
mphpred
 482576 324147 154769 85771.8 96987.4 119588 169054 89339.7 80179.4 48872.8 29173.8 62454.8 66638.1 53730.4 31401.3 39458.8 151037 130059 311635 217157 236293 288466 272044 213033 315917 260100 208020 192669
desembarqueobs
 494567 514787 250237 358949 120608 361735 552515 73892 212993 205616 52469 317467 293654 387597 252695 516296 358380 742168 942051 627588 828172 859565 418607 520667 417249 300574 407403 355545
desembarquepred
 494572 513915 250652 358981 120614 361740 552535 73897.6 213057 205673 52471.8 317523 293681 387560 252667 516227 358420 742023 941752 627363 828246 859517 418601 520685 417228 300567 407397 355545
Reclutas
 165624 93481.8 90363.9 141473 113086 211379 82464.9 33915.3 33225.3 44830.8 83011.9 123369 102896 72042 64061.3 346297 68004.4 559655 319615 264781 345370 477014 91780.4 274191 234978 99601.5 185165 210787
log_desv_Rt
 0.207897 -0.364055 -0.397977 0.050288 -0.17367 0.45183 -0.489449 -1.37796 -1.39851 -1.09893 -0.482838 -0.0866409 -0.268107 -0.624572 -0.741982 0.945475 -0.68225 1.4255 0.865294 0.677082 0.942794 1.26572 -0.382423 0.712001 0.557669 -0.300645 0.319425 0.449028
SSB
 1.79213e+06 1.20377e+06 574761 318528 360179 444111 627810 331778 297760 181497 108342 231937 247472 199537 116614 146537 560902 482996 1.15731e+06 806451 877514 1.07127e+06 1.01028e+06 791136 1.17321e+06 965925 772519 715509
BT
 2.57876e+06 1.78206e+06 865214 850008 718909 1.48065e+06 1.05241e+06 713611 621724 444219 421258 686394 723661 735149 585873 1.22942e+06 985216 2.89881e+06 2.66953e+06 1.74329e+06 2.79128e+06 2.55745e+06 1.71537e+06 2.94428e+06 2.09632e+06 1.77243e+06 2.22951e+06 2.18332e+06
Ftot
 0.228903 0.422815 0.415629 0.603869 0.199102 0.346483 0.814875 0.141569 0.569286 0.818252 0.175188 0.699974 0.660443 1.15909 0.855473 0.649891 0.448862 0.40273 0.575215 0.524542 0.41067 0.520266 0.320944 0.276229 0.277124 0.22581 0.307017 0.271009
BD_Bspro_t
 0.964159 0.756885 0.538338 0.435966 0.437277 0.539014 0.549403 0.352687 0.407134 0.340161 0.291792 0.555414 0.432457 0.336701 0.22124 0.265598 0.460132 0.411367 0.556917 0.438097 0.411687 0.457528 0.471103 0.44992 0.580274 0.590215 0.590382 0.605861
BD_Bspro
 1.87866 1.2619 0.602514 0.333909 0.377571 0.465556 0.658124 0.347799 0.312137 0.190261 0.113573 0.243136 0.259422 0.209172 0.122245 0.153613 0.587985 0.506318 1.21319 0.845391 0.919886 1.12299 1.05906 0.829337 1.22986 1.01257 0.809821 0.750059
BD_Bo
 1.25751 0.844671 0.403301 0.223507 0.252733 0.311626 0.440525 0.232804 0.208934 0.127354 0.0760219 0.162747 0.173648 0.140012 0.0818265 0.102823 0.393577 0.338911 0.812067 0.565875 0.615739 0.751692 0.7089 0.555129 0.823227 0.677776 0.542065 0.502063
BD_Brms
 7.22118 4.85048 2.31594 1.28348 1.4513 1.7895 2.52969 1.33686 1.19979 0.731324 0.436552 0.934564 0.997162 0.804013 0.469884 0.590455 2.26009 1.94618 4.66325 3.2495 3.53585 4.31655 4.07082 3.1878 4.72733 3.89209 3.11278 2.88307
Sel_flota
 0.741677 0.981999 0.999036 0.999949 0.999997
 0.741677 0.981999 0.999036 0.999949 0.999997
 0.741677 0.981999 0.999036 0.999949 0.999997
 0.741677 0.981999 0.999036 0.999949 0.999997
 0.741677 0.981999 0.999036 0.999949 0.999997
 0.741677 0.981999 0.999036 0.999949 0.999997
 0.741677 0.981999 0.999036 0.999949 0.999997
 0.741677 0.981999 0.999036 0.999949 0.999997
 0.741677 0.981999 0.999036 0.999949 0.999997
 0.741677 0.981999 0.999036 0.999949 0.999997
 0.741677 0.981999 0.999036 0.999949 0.999997
 0.741677 0.981999 0.999036 0.999949 0.999997
 0.741677 0.981999 0.999036 0.999949 0.999997
 0.741677 0.981999 0.999036 0.999949 0.999997
 0.741677 0.981999 0.999036 0.999949 0.999997
 0.741677 0.981999 0.999036 0.999949 0.999997
 0.741677 0.981999 0.999036 0.999949 0.999997
 0.741677 0.981999 0.999036 0.999949 0.999997
 0.741677 0.981999 0.999036 0.999949 0.999997
 0.741677 0.981999 0.999036 0.999949 0.999997
 0.741677 0.981999 0.999036 0.999949 0.999997
 0.741677 0.981999 0.999036 0.999949 0.999997
 0.741677 0.981999 0.999036 0.999949 0.999997
 0.741677 0.981999 0.999036 0.999949 0.999997
 0.741677 0.981999 0.999036 0.999949 0.999997
 0.741677 0.981999 0.999036 0.999949 0.999997
 0.741677 0.981999 0.999036 0.999949 0.999997
 0.741677 0.981999 0.999036 0.999949 0.999997
Sel_reclas
 1 1 1 1 1
 1 1 1 1 1
 1 1 1 1 1
 1 1 1 1 1
 1 1 1 1 1
 1 1 1 1 1
 1 1 1 1 1
 1 1 1 1 1
 1 1 1 1 1
 1 1 1 1 1
 1 1 1 1 1
 1 1 1 1 1
 1 1 1 1 1
 1 1 1 1 1
 1 1 1 1 1
 1 1 1 1 1
 1 1 1 1 1
 1 1 1 1 1
 1 1 1 1 1
 1 1 1 1 1
 1 1 1 1 1
 1 1 1 1 1
 1 1 1 1 1
 1 1 1 1 1
 1 1 1 1 1
 1 1 1 1 1
 1 1 1 1 1
 1 1 1 1 1
Sel_pelaces
 0.79856 0.952269 0.990138 0.998025 0.999607
 0.79856 0.952269 0.990138 0.998025 0.999607
 0.79856 0.952269 0.990138 0.998025 0.999607
 0.79856 0.952269 0.990138 0.998025 0.999607
 0.79856 0.952269 0.990138 0.998025 0.999607
 0.79856 0.952269 0.990138 0.998025 0.999607
 0.79856 0.952269 0.990138 0.998025 0.999607
 0.79856 0.952269 0.990138 0.998025 0.999607
 0.79856 0.952269 0.990138 0.998025 0.999607
 0.79856 0.952269 0.990138 0.998025 0.999607
 0.79856 0.952269 0.990138 0.998025 0.999607
 0.79856 0.952269 0.990138 0.998025 0.999607
 0.79856 0.952269 0.990138 0.998025 0.999607
 0.79856 0.952269 0.990138 0.998025 0.999607
 0.79856 0.952269 0.990138 0.998025 0.999607
 0.79856 0.952269 0.990138 0.998025 0.999607
 0.79856 0.952269 0.990138 0.998025 0.999607
 0.79856 0.952269 0.990138 0.998025 0.999607
 0.79856 0.952269 0.990138 0.998025 0.999607
 0.79856 0.952269 0.990138 0.998025 0.999607
 0.79856 0.952269 0.990138 0.998025 0.999607
 0.79856 0.952269 0.990138 0.998025 0.999607
 0.79856 0.952269 0.990138 0.998025 0.999607
 0.79856 0.952269 0.990138 0.998025 0.999607
 0.79856 0.952269 0.990138 0.998025 0.999607
 0.79856 0.952269 0.990138 0.998025 0.999607
 0.79856 0.952269 0.990138 0.998025 0.999607
 0.79856 0.952269 0.990138 0.998025 0.999607
pf_obs 
 0.8446 0.082 0.0669 0.0065 0
 0.8095 0.147 0.0364 0.0071 0
 0.9664 0.0169 0.016 0.0007 0
 0.9276 0.0648 0.0075 0.0001 0
 0.7033 0.2144 0.0806 0.0017 0
 0.9318 0.0425 0.0243 0.0014 0
 0.5671 0.3108 0.0964 0.0239 0.0018
 0.0768 0.2599 0.5324 0.112 0.0189
 0.490249 0.384438 0.106611 0.0170017 0.00170017
 0.7925 0.1577 0.0466 0.003 0.0002
 0.840416 0.127587 0.0312969 0.00059994 9.999e-05
 0.8084 0.0986 0.0794 0.0134 0.0002
 0.7335 0.1905 0.0724 0.0035 0.0001
 0.4001 0.4547 0.1325 0.0127 0
 0.49795 0.308269 0.164784 0.0264974 0.00249975
 0.9179 0.0499 0.0305 0.0017 0
 0.2467 0.6533 0.0926 0.0074 0
 0.9418 0.0223 0.034 0.0019 0
 0.707729 0.231977 0.0356964 0.0245975 0
 0.517169 0.277429 0.184464 0.0207286 0.00020938
 0.811772 0.124168 0.05621 0.00726502 0.000585176
 0.764997 0.148141 0.077277 0.00933861 0.000247198
 0.163321 0.427699 0.378323 0.0303852 0.000271297
 0.753843 0.0900009 0.118128 0.0371064 0.000921714
 0.721811 0.176058 0.0630433 0.0369309 0.00215725
 0.143369 0.312575 0.442814 0.0836902 0.0175525
 0.692698 0.0596174 0.167031 0.0765114 0.00414204
 0.394062 0.376323 0.152708 0.0712218 0.00568511
pf_pred 
 0.51529 0.140851 0.321491 0.0223671 8.89011e-07
 0.458361 0.320832 0.0650251 0.145658 0.0101242
 0.604973 0.214266 0.108013 0.0214399 0.0513069
 0.759208 0.164281 0.0419046 0.0206888 0.0139178
 0.682038 0.26047 0.0395147 0.00985194 0.00812604
 0.773484 0.168266 0.0478787 0.00713075 0.00324102
 0.478591 0.430276 0.0680496 0.0189768 0.00410638
 0.474515 0.302841 0.184545 0.0284582 0.00964021
 0.56326 0.239359 0.114622 0.0686086 0.0141502
 0.746806 0.164518 0.0491066 0.0229899 0.0165788
 0.852502 0.120155 0.0179273 0.00521728 0.00419813
 0.766199 0.20715 0.021785 0.00319141 0.00167446
 0.716306 0.234554 0.0436584 0.0044821 0.000999809
 0.66981 0.259457 0.0587212 0.0106735 0.00133849
 0.77981 0.167844 0.0413946 0.00909416 0.00185733
 0.949178 0.0427669 0.00617824 0.00148472 0.000392256
 0.396292 0.582129 0.0182258 0.00257197 0.000780391
 0.921267 0.0376347 0.0396589 0.00121569 0.000223354
 0.610897 0.366725 0.0108125 0.0111608 0.000404525
 0.653955 0.239132 0.100898 0.00290839 0.00310712
 0.749489 0.182505 0.0473139 0.0195291 0.00116292
 0.764936 0.189621 0.0332957 0.00845447 0.00369334
 0.329834 0.550578 0.0968802 0.0166426 0.00606478
 0.762993 0.0954833 0.11668 0.0201305 0.00471327
 0.64393 0.290363 0.0267789 0.0321004 0.00682783
 0.437225 0.400233 0.133029 0.0120352 0.0174773
 0.704368 0.15158 0.103003 0.0336018 0.00744689
 0.697727 0.231634 0.0365688 0.0243685 0.00970108
pobs_RECLAS
 0 0 0 0 0
 0 0 0 0 0
 0 0 0 0 0
 0 0 0 0 0
 0 0 0 0 0
 0 0 0 0 0
 0 0 0 0 0
 0 0 0 0 0
 0 0 0 0 0
 0 0 0 0 0
 0.991045 0.00858322 0.000360255 1.14367e-05 0
 0.934742 0.0480273 0.0164251 0.00080598 0
 0.827803 0.169806 0.00239088 0 0
 0.941827 0.0461693 0.0120037 0 0
 0.791401 0.0380133 0.147996 0.0225897 0
 0.846168 0.0940531 0.0597789 0 0
 0.134021 0.677848 0.182769 0.00536245 0
 0.80878 0.0450904 0.141981 0.00414843 0
 0.846168 0.0940531 0.0597789 0 0
 0.905697 0.0802665 0.012482 0.00150086 5.37128e-05
 0.989698 0.0102097 9.19794e-05 0 0
 0.975433 0.0193895 0.00387452 0.00125025 5.28907e-05
 0.303575 0.632131 0.0575291 0.00676475 0
 0.966965 0.00978017 0.0227588 0.000495775 0
 0.843318 0.132988 0.00938335 0.0141283 0.000182051
 0.564624 0.303363 0.111486 0.0197234 0.00080311
 0.826376 0.0876187 0.0782897 0.00655872 0.00115652
 0.89761 0.0855135 0.0140674 0.00269457 0.000114338
ppred_RECLAS
 0.588969 0.120942 0.271235 0.018853 7.49302e-07
 0.533083 0.278676 0.0554722 0.124141 0.00862811
 0.673984 0.178323 0.0882896 0.0175081 0.0418957
 0.810417 0.13012 0.032582 0.0160703 0.0108103
 0.741081 0.212782 0.0317192 0.00790098 0.00651654
 0.820852 0.133692 0.0373683 0.00556013 0.00252703
 0.555984 0.367647 0.0570397 0.0158902 0.00343831
 0.547154 0.262921 0.157451 0.0242576 0.00821686
 0.636439 0.200947 0.0944717 0.0564919 0.0116506
 0.801523 0.12985 0.0380217 0.0177821 0.0128226
 0.885164 0.0938552 0.0137606 0.00400095 0.00321924
 0.816282 0.163126 0.0168355 0.00246386 0.00129266
 0.77383 0.187599 0.0342721 0.00351498 0.000784035
 0.73807 0.206725 0.0458379 0.00832265 0.00104363
 0.828951 0.130988 0.0316867 0.00695423 0.00142021
 0.961964 0.0321028 0.00455197 0.00109282 0.000288703
 0.46816 0.513162 0.0157784 0.00222447 0.000674918
 0.940491 0.0287131 0.0297184 0.000910109 0.000167202
 0.679061 0.302808 0.00876491 0.00903836 0.000327581
 0.718598 0.195559 0.0810174 0.00233306 0.00249236
 0.80096 0.145724 0.0371047 0.0153006 0.000911072
 0.814384 0.150265 0.0259073 0.00657202 0.00287084
 0.397214 0.4968 0.0858764 0.0147383 0.00537059
 0.812622 0.0762954 0.0915977 0.0157883 0.00369643
 0.707482 0.239337 0.021686 0.025971 0.00552382
 0.509654 0.350506 0.11447 0.0103464 0.0150243
 0.762273 0.122961 0.0820854 0.0267526 0.00592868
 0.755454 0.188188 0.0291893 0.0194327 0.00773577
pobs_PELACES
 0 0 0 0 0
 0 0 0 0 0
 0 0 0 0 0
 0 0 0 0 0
 0 0 0 0 0
 0 0 0 0 0
 0 0 0 0 0
 0 0 0 0 0
 0 0 0 0 0
 0 0 0 0 0
 0 0 0 0 0
 0 0 0 0 0
 0 0 0 0 0
 0 0 0 0 0
 0 0 0 0 0
 0 0 0 0 0
 0.505614 0.472636 0.0217494 0 0
 0 0 0 0 0
 0.443492 0.261883 0.143347 0.151278 0
 0.227955 0.32914 0.350689 0.0885471 0.00366901
 0.970185 0.0296113 0.000203453 0 0
 0.997202 0.00247181 0.000326279 0 0
 0.445219 0.490057 0.0546422 0.010081 0
 0.90214 0.0892962 0.00764917 0.000914606 0
 0 0 0 0 0
 0.581667 0.319106 0.0959925 0.00289975 0.000334073
 0.762889 0.0836404 0.116647 0.0363945 0.000428098
 0.88444 0.0763242 0.0277011 0.0115352 0
ppred_PELACES
 0.543563 0.130708 0.304403 0.0213255 8.4891e-07
 0.493198 0.297314 0.0613896 0.13846 0.00963853
 0.63755 0.194629 0.0999614 0.019978 0.0478816
 0.787856 0.143793 0.0373105 0.0185457 0.0124951
 0.70765 0.238496 0.0369249 0.00927039 0.00765809
 0.796353 0.150475 0.0436468 0.00654537 0.00297951
 0.526751 0.389368 0.0625248 0.0175527 0.003804
 0.501889 0.28438 0.176934 0.0274752 0.00932148
 0.60141 0.216441 0.105465 0.0635567 0.0131283
 0.780974 0.141395 0.0428508 0.0201953 0.0145857
 0.866749 0.10808 0.0164601 0.00482371 0.0038874
 0.796841 0.179638 0.0192012 0.00283186 0.00148807
 0.750287 0.205834 0.0389539 0.00402617 0.000899473
 0.720034 0.219371 0.0502477 0.00919279 0.00115455
 0.811762 0.142929 0.0357776 0.00791258 0.00161846
 0.956894 0.0361673 0.00531279 0.00128538 0.000340109
 0.433074 0.546278 0.0174206 0.00247521 0.000752181
 0.930659 0.0328168 0.0352367 0.00108757 0.00020012
 0.649479 0.329962 0.00989865 0.010287 0.000373423
 0.688217 0.214241 0.092015 0.00267044 0.00285727
 0.775253 0.162806 0.0430034 0.017872 0.00106587
 0.791926 0.167204 0.0298866 0.00764064 0.00334291
 0.360177 0.523686 0.0939541 0.0162515 0.00593134
 0.78411 0.0858864 0.107047 0.0185965 0.0043608
 0.672896 0.265552 0.0249792 0.0301507 0.00642294
 0.467326 0.376456 0.127672 0.0116308 0.0169161
 0.729913 0.137026 0.0949491 0.0311887 0.00692268
 0.723853 0.210452 0.033889 0.0227394 0.00906639
pobs_pel_tallas
 0 0 0 0 0 0 0 0 0 0 0 0 0 0 0 0 0 0 0 0 0 0 0 0 0 0
 0 0 0 0 0 0 0 0 0 0 0 0 0 0 0 0 0 0 0 0 0 0 0 0 0 0
 0 0 0 0 0 0 0 0 0 0 0 0 0 0 0 0 0 0 0 0 0 0 0 0 0 0
 0 0 0 0 0 0 0 0 0 0 0 0 0 0 0 0 0 0 0 0 0 0 0 0 0 0
 0 0 0 0 0 0 0 0 0 0 0 0 0 0 0 0 0 0 0 0 0 0 0 0 0 0
 0 0 0 0 0 0 0 0 0 0 0 0 0 0 0 0 0 0 0 0 0 0 0 0 0 0
 0 0 0 0 0 0 0 0 0 0 0 0 0 0 0 0 0 0 0 0 0 0 0 0 0 0
 0 0 0 0 0 0 0 0 0 0 0 0 0 0 0 0 0 0 0 0 0 0 0 0 0 0
 0 0 0 0 0 0 0 0 0 0 0 0 0 0 0 0 0 0 0 0 0 0 0 0 0 0
 0 0 0 0 0 0 0 0 0 0 0 0 0 0 0 0 0 0 0 0 0 0 0 0 0 0
 0 0 0 0 0 0 0 0 0 0 0 0 0 0 0 0 0 0 0 0 0 0 0 0 0 0
 0 0 0 0 0 0 0 0 0 0 0 0 0 0 0 0 0 0 0 0 0 0 0 0 0 0
 0.00862536 0 0 0.000197151 0.00414017 0.0128641 0.00837892 0.0270097 0.101434 0.158115 0.152841 0.127902 0.109271 0.109419 0.0830992 0.0579132 0.0238553 0.00714673 0.00463305 0.00128148 0.00103504 0.000492878 0.000147863 0.000147863 4.92878e-05 0
 0 0 0 0 0 0 0 0 0 0 0 0 0 0 0 0 0 0 0 0 0 0 0 0 0 0
 0 0 0 0 0 0 0 0.0054083 0.00873648 0.0413646 0.0450493 0.0745869 0.0622846 0.0627006 0.0613931 0.0827291 0.12552 0.122667 0.0946155 0.0697135 0.0546179 0.0294188 0.0215738 0.0213955 0.0102223 0.00600262
 0 0 0 0 0.00359764 0.0251062 0.0480494 0.140153 0.205849 0.193036 0.1447 0.116669 0.0760912 0.0342217 0.00950174 0.001854 0.000860785 0 0 0 0.000165536 0 0.000143464 0 0 0
 0 0 0 0 0 0 0 0.000145254 0.000435761 0.0275982 0.070085 0.0708112 0.156366 0.174668 0.174014 0.160142 0.0824315 0.0480064 0.0283245 0.00493863 0.00203355 0 0 0 0 0
 0 0 0 0 0 0 0 0 0 0 0 0 0 0 0 0 0 0 0 0 0 0 0 0 0 0
 0 0 1.00437e-05 0.000401748 0.00122533 0.00171747 0.00176769 0.0269171 0.070346 0.194647 0.189555 0.159765 0.064822 0.0314167 0.0384472 0.0292271 0.0345202 0.0313363 0.0194345 0.0106764 0.0143323 0.0359363 0.0279516 0.0138201 0.00172751 0
 0 0.0021121 0.0136068 0.0755702 0.200478 0.177729 0.0527432 0.0373336 0.0318909 0.0142505 0.0149659 0.0166563 0.0217959 0.0798694 0.0677717 0.0528807 0.04013 0.0224614 0.0357745 0.0225083 0.00881397 0.00855152 0.00135912 0.000746735 0 0
 0 0 0 0 5.4009e-05 0.00500934 0.000945158 0.0243581 0.138947 0.33067 0.221406 0.137944 0.0707744 0.0437923 0.0131692 0.00525238 0.0047753 0.00276346 9.45158e-05 9.00151e-06 2.25038e-05 9.00151e-06 4.50075e-06 0 0 0
 0.000866109 0.00284123 0.00948549 0.0512746 0.133035 0.25785 0.225252 0.132002 0.0553304 0.0519788 0.0540692 0.017754 0.00435017 0.00159236 0.00146478 0.000404838 0.000125132 0.000115318 0.000107957 0.000100596 0 0 0 0 0 0
 0 0 0 0 0.00144013 0.00171154 0.00461396 0.0210425 0.0478622 0.0707936 0.0888783 0.103762 0.0637923 0.0337046 0.0602308 0.124433 0.169614 0.0934646 0.0462172 0.0250306 0.0313229 0.00938855 0.002487 0.000210481 0 0
 0 0.00764035 0.051015 0.0998891 0.058973 0.0496711 0.0374665 0.0718981 0.12319 0.153886 0.159021 0.0857701 0.0377988 0.023471 0.0147837 0.00900784 0.00315554 0.000888139 0.00291439 0.00214683 0.00393193 0.00274676 0.000635225 9.99891e-05 0 0
 0 0 0 0 0 0 0 0 0 0 0 0 0 0 0 0 0 0 0 0 0 0 0 0 0 0
 0 0 0 0 0 0 0 0 0 0 0 0 0 0 0 0 0 0 0 0 0 0 0 0 0 0
 0 0 0 0 0 0 0 0 0 0 0 0 0 0 0 0 0 0 0 0 0 0 0 0 0 0
 0 0 0 0 0 0 0 0 0 0 0 0 0 0 0 0 0 0 0 0 0 0 0 0 0 0
ppred_pel_tallas
 1.10957e-16 4.47726e-05 0.000435205 0.00289209 0.013147 0.0409054 0.0871537 0.127206 0.127219 0.0872177 0.0411214 0.0137767 0.004494 0.00400305 0.00702797 0.012087 0.01866 0.0260674 0.0335481 0.0405968 0.0469851 0.05238 0.0559788 0.0566471 0.0535612 0.0468441
 1.17365e-16 4.06241e-05 0.000394881 0.00262412 0.0119289 0.0371154 0.0790793 0.115425 0.115453 0.0792198 0.0375872 0.0132927 0.00605201 0.00789345 0.0143296 0.0237585 0.0345547 0.0442104 0.0502558 0.0517073 0.0497002 0.0466755 0.0447418 0.0444815 0.0449421 0.0445362
 1.13041e-16 5.25142e-05 0.000510457 0.00339216 0.0154203 0.0479784 0.102224 0.149202 0.149221 0.102316 0.0482888 0.0163185 0.00565312 0.0054672 0.00952882 0.0158359 0.0232023 0.0300242 0.0347093 0.0365629 0.0361754 0.0349157 0.0339483 0.0335669 0.0332543 0.0322311
 1.05088e-16 6.48947e-05 0.000630799 0.00419188 0.0190557 0.0592894 0.126323 0.184375 0.184389 0.126391 0.0595175 0.0197149 0.00584838 0.00425275 0.00696106 0.0114521 0.0166037 0.021125 0.0237529 0.0239276 0.0221202 0.0194842 0.0171124 0.0154849 0.0144351 0.0134969
 1.03353e-16 5.82883e-05 0.000566583 0.00376514 0.0171158 0.0532537 0.113464 0.165608 0.165631 0.113576 0.053631 0.0182056 0.00650102 0.00654019 0.0114067 0.0187748 0.0270629 0.0340822 0.0376422 0.0367374 0.0321403 0.025864 0.0199413 0.0154729 0.012495 0.0104641
 1.02459e-16 6.55946e-05 0.000637603 0.00423709 0.0192612 0.0599289 0.127685 0.186364 0.186378 0.127756 0.0601676 0.0199511 0.00597046 0.00442721 0.00727926 0.0119733 0.0173419 0.0220166 0.0246418 0.0245816 0.0222721 0.0188779 0.0155453 0.0128518 0.0107735 0.00901458
 1.04308e-16 4.33878e-05 0.000421745 0.00280265 0.0127405 0.0396405 0.0844596 0.123279 0.123317 0.0846431 0.0402565 0.0145198 0.00726978 0.0101757 0.0185744 0.0306556 0.0441962 0.0556623 0.0614739 0.0599751 0.0524042 0.0420205 0.0321223 0.024507 0.0192656 0.0155739
 1.09512e-16 4.134e-05 0.00040184 0.00267037 0.0121391 0.0377695 0.0804728 0.117458 0.117486 0.0806079 0.0382237 0.013454 0.00598148 0.00766507 0.0139383 0.023246 0.0341093 0.0442028 0.0511423 0.0537737 0.0527332 0.049754 0.046341 0.0429385 0.0391149 0.0343346
 1.11695e-16 4.95374e-05 0.000481521 0.00319988 0.0145462 0.0452587 0.0964292 0.140746 0.140767 0.0965319 0.0456039 0.0155449 0.00571384 0.00599287 0.0105861 0.0176072 0.0257994 0.0333883 0.0386048 0.0406723 0.0402286 0.0387537 0.0374764 0.0366521 0.0356683 0.033698
 1.05767e-16 6.43278e-05 0.000625289 0.00415527 0.0188892 0.0587715 0.125219 0.182764 0.182778 0.125286 0.058996 0.0195383 0.00578664 0.00419407 0.00686449 0.0113065 0.0164252 0.0209669 0.0237063 0.0241025 0.0226134 0.0203466 0.0183307 0.0169841 0.0160971 0.0151874
 1.01645e-16 7.1393e-05 0.000693965 0.00461164 0.0209639 0.0652264 0.138972 0.202836 0.202846 0.139023 0.0653974 0.0214577 0.00585145 0.00340101 0.00521418 0.0085115 0.0122651 0.0154477 0.0170655 0.0166649 0.0145988 0.0117814 0.00913435 0.00715323 0.00584781 0.00496299
 1.01136e-16 6.56348e-05 0.000637994 0.00423969 0.019273 0.0599657 0.127764 0.186479 0.186496 0.127848 0.0602495 0.0200927 0.00629669 0.00512667 0.00858517 0.0140752 0.0202364 0.025377 0.0278185 0.0267842 0.0228587 0.0175935 0.0125873 0.0087557 0.00620744 0.00458637
 1.01733e-16 6.18002e-05 0.00060072 0.00399199 0.018147 0.0564623 0.1203 0.175585 0.175605 0.120397 0.0567881 0.0190882 0.00635503 0.00576136 0.00986885 0.0162329 0.023413 0.0295125 0.0326336 0.0318876 0.0279038 0.0223731 0.0170137 0.0127736 0.00973215 0.00751268
 1.02624e-16 5.93083e-05 0.000576498 0.00383103 0.0174153 0.0541856 0.115449 0.168506 0.168527 0.115552 0.0545332 0.0184195 0.00635306 0.00608689 0.0105385 0.0173647 0.0250928 0.0317291 0.0352736 0.0347905 0.0309387 0.0254771 0.0201666 0.0159388 0.0128173 0.0103781
 1.02137e-16 6.68638e-05 0.00064994 0.00431908 0.0196339 0.0610885 0.130156 0.189969 0.189983 0.130223 0.0613151 0.0202886 0.00596359 0.00424397 0.00690447 0.0113397 0.0164014 0.0207767 0.0231704 0.0229791 0.0206302 0.0172561 0.013979 0.011375 0.00943124 0.0078551
 1.0035e-16 7.88181e-05 0.00076614 0.00509127 0.0231442 0.0720102 0.153425 0.22393 0.223933 0.153442 0.0720674 0.0233094 0.005506 0.00167155 0.00179852 0.00284896 0.00409726 0.00515399 0.00568074 0.00552264 0.00479529 0.00380388 0.00285892 0.0021322 0.00163618 0.00129607
 1.01018e-16 3.56718e-05 0.000346743 0.00230423 0.0104747 0.0325911 0.0694407 0.101362 0.101414 0.0696974 0.0334528 0.0129626 0.0085442 0.0139526 0.0258283 0.0425187 0.060954 0.076035 0.0825888 0.0782294 0.064812 0.0472529 0.0307005 0.0182234 0.0103313 0.00594708
 1.01169e-16 7.66571e-05 0.000745135 0.00495168 0.0225096 0.0700358 0.149219 0.21779 0.217793 0.149235 0.0700887 0.022663 0.00533881 0.00159768 0.00171751 0.00277442 0.00411975 0.00545077 0.00650442 0.00714199 0.00739647 0.00739156 0.00720845 0.006826 0.00617674 0.00524824
 1.01465e-16 5.34968e-05 0.000520008 0.00345564 0.0157088 0.0488762 0.104137 0.151998 0.152029 0.104292 0.0493968 0.0172117 0.00722529 0.00874004 0.0156381 0.0256983 0.0368515 0.0460023 0.0500395 0.0475404 0.039641 0.0293147 0.0196526 0.0124638 0.00799207 0.00552146
 1.03462e-16 5.66875e-05 0.000551023 0.00366174 0.0166458 0.0517913 0.110348 0.16106 0.161081 0.110449 0.052132 0.0176311 0.00613959 0.00597488 0.0104004 0.0172151 0.0250496 0.0320287 0.0362536 0.0368042 0.0342168 0.0299959 0.025594 0.0216993 0.0182581 0.0149636
 1.03256e-16 6.38566e-05 0.000620709 0.00412483 0.0187509 0.058341 0.124302 0.181426 0.181442 0.124379 0.0585992 0.0194971 0.00599962 0.00471924 0.007865 0.012947 0.0187524 0.0238107 0.0266658 0.0266475 0.0242498 0.0207506 0.0173907 0.0147667 0.0127962 0.0110915
 1.02238e-16 6.52299e-05 0.000634058 0.00421354 0.0191541 0.0595957 0.126976 0.185328 0.185344 0.127054 0.0598604 0.0199186 0.00613302 0.00482607 0.00803186 0.0131889 0.0190253 0.0239936 0.0265614 0.0260215 0.0229032 0.0185939 0.0144896 0.0113385 0.00915993 0.00758945
 1.05479e-16 2.96674e-05 0.000288378 0.00191638 0.0087116 0.0271053 0.0577525 0.0843021 0.0843526 0.0579993 0.027934 0.0111057 0.00792738 0.0134152 0.0249739 0.041276 0.0595399 0.0750441 0.0829778 0.0811009 0.0710456 0.0571472 0.0437952 0.0333875 0.0260708 0.020801
 1.05715e-16 6.45861e-05 0.0006278 0.00417195 0.0189651 0.0590075 0.125722 0.183497 0.183505 0.125763 0.0591465 0.0193685 0.00519209 0.00287931 0.00441264 0.00738104 0.0110663 0.0148364 0.0180687 0.0204436 0.0220481 0.0231395 0.0237919 0.0237648 0.0226989 0.0204379
 1.049e-16 5.54256e-05 0.000538756 0.00358023 0.0162752 0.0506383 0.107891 0.157476 0.157501 0.108016 0.051058 0.0174873 0.00662245 0.00717882 0.0126633 0.0208414 0.0300085 0.0377297 0.0415763 0.0404648 0.0353204 0.0284634 0.022213 0.0177863 0.0151302 0.0134832
 1.0781e-16 3.84931e-05 0.000374166 0.00248647 0.0113031 0.0351685 0.0749315 0.109372 0.109409 0.0751094 0.0357662 0.0130311 0.00682963 0.00987403 0.0181353 0.0300634 0.043637 0.0555704 0.0625135 0.062889 0.0577605 0.0499649 0.0422606 0.0359811 0.0309922 0.0265383
 1.07075e-16 6.0122e-05 0.000584407 0.00388359 0.0176543 0.054929 0.117033 0.170815 0.170829 0.117098 0.0551484 0.0182895 0.00548428 0.00409955 0.00679745 0.011304 0.0166584 0.0217518 0.0254846 0.0273448 0.0276518 0.0271976 0.0265971 0.0259017 0.0247265 0.022677
 1.04847e-16 5.96229e-05 0.000579556 0.00385135 0.0175077 0.054473 0.116061 0.169399 0.169419 0.116161 0.0548061 0.0184699 0.00626747 0.00585659 0.0100898 0.0166086 0.0239757 0.0302771 0.0336122 0.0331299 0.0295385 0.0246129 0.0201011 0.0168792 0.0148512 0.0134118
pSPR Fmed_Fpbrs
0.490252   0.224142 0.224142
Fs Fmed_Fpbrs
0.418339   1.005 1.005
SSBpbr Bo_Bmed_Bpbrs
1.42514e+06  627421  248176 248176
Ro
134535
SPR SPRFo_SPRFmed_SPRFpbrs
953938 467670 213817
Fref
1.005
log_Ro
11.6296
likeval ReclasPelacesDesembMPH_pf_preclas_ppelaces_ptallas_desvR_qrecl_qpela
 11.8635 16.0112 0.0309426 0.000819255 204.453 84.4907 62.0678 0 21.6301 6.96871e-06 2.74846e-05 0.155498 0 0 0
q_reclas_q_pelaces
1.45365 2.10826
M
1
N
 165624 34958.5 78554.1 5460.71 0.217034
 93481.8 51415.9 10271.6 22991.1 1597.96
 90363.9 25132.8 12487.7 2476.81 5926.92
 141473 24424.4 6147.39 3032.89 2040.21
 113086 33256 4965.85 1237.06 1020.31
 211379 35890.9 10061.5 1497.32 680.521
 82464.9 60139.9 9395.56 2618.41 566.579
 33915.3 16576.7 9939.01 1531.35 518.72
 33225.3 11233.1 5306.74 3174.13 654.626
 44830.8 8013.16 2362.76 1105.44 797.143
 83011.9 8989.13 1319.91 383.8 308.814
 123369 26817.4 2784.26 407.605 213.853
 102896 27005.1 4961.35 508.995 113.536
 72042 23193.7 5193.84 943.529 118.318
 64061.3 11218.7 2733.7 600.197 122.576
 346297 12495.3 1781.59 427.846 113.031
 68004.4 78672.1 2428.23 342.407 103.889
 559655 17933.3 18625 570.487 104.809
 319615 152723 4442.34 4582.13 166.075
 264781 76745.4 31937 919.91 982.731
 345370 66013.8 16867.6 6956.85 414.25
 477014 93693.8 16225.5 4116.97 1798.43
 91780.4 119304 20679.3 3549.55 1293.45
 274191 26612 32024.7 5520.65 1292.53
 234978 82183.2 7464.1 8940.09 1901.5
 99601.5 70383.3 23030.4 2081.83 3023.09
 185165 30991.1 20743 6761.35 1498.4
 210787 54246.6 8433.47 5615.26 2235.33
pred_Ctot
 16575.3 4530.76 10341.4 719.483 0.0285968
 16316.9 11421.1 2314.78 5185.19 360.403
 15537.2 5502.87 2774.04 550.627 1317.68
 33475.2 7243.51 1847.66 912.213 613.666
 9932.67 3793.28 575.461 143.476 118.341
 30919.5 6726.31 1913.92 285.047 129.558
 24820.4 22314.7 3529.14 984.16 212.963
 2155.29 1375.53 838.223 129.26 43.7867
 7484.9 3180.73 1523.16 911.707 188.035
 13536.5 2982.04 890.101 416.712 300.506
 6461.89 910.766 135.887 39.5466 31.8215
 32931.4 8903.35 936.321 137.167 71.9684
 26204.8 8580.74 1597.17 163.97 36.5763
 28116.8 10891.3 2464.95 448.043 56.1861
 20017.2 4308.45 1062.57 233.441 47.6764
 87042.5 3921.85 566.563 136.154 35.9711
 12505.9 18370.4 575.153 81.1641 24.6269
 93593 3823.36 4029.01 123.504 22.6909
 72628.8 43599.5 1285.48 1326.89 48.0935
 55670.6 20357.1 8589.35 247.589 264.507
 58759.5 14308.3 3709.38 1531.07 91.1723
 99597.5 24689.3 4335.22 1100.8 480.887
 12529.9 20915.7 3680.34 632.227 230.392
 32648.3 4085.71 4992.7 861.378 201.68
 28062.3 12654 1167.02 1398.93 297.556
 9842.38 9009.65 2994.62 270.924 393.432
 24282 5225.47 3550.88 1158.37 256.72
 24662.9 8187.69 1292.61 861.365 342.908
F
 0.169772 0.224783 0.228683 0.228892 0.228903
 0.313592 0.415204 0.422407 0.422793 0.422814
 0.308263 0.408147 0.415228 0.415608 0.415628
 0.447876 0.592999 0.603287 0.603839 0.603868
 0.147669 0.195518 0.19891 0.199092 0.199101
 0.256978 0.340246 0.346149 0.346465 0.346482
 0.604374 0.800206 0.81409 0.814834 0.814873
 0.104999 0.139021 0.141433 0.141562 0.141569
 0.422226 0.559038 0.568737 0.569257 0.569284
 0.606879 0.803523 0.817464 0.818211 0.81825
 0.129933 0.172034 0.175019 0.175179 0.175187
 0.519154 0.687373 0.699299 0.699938 0.699972
 0.489836 0.648554 0.659807 0.66041 0.660441
 0.859668 1.13822 1.15797 1.15903 1.15908
 0.634485 0.840074 0.854649 0.85543 0.855471
 0.482009 0.638192 0.649264 0.649858 0.649889
 0.332911 0.440782 0.44843 0.44884 0.448861
 0.298696 0.395481 0.402342 0.40271 0.402729
 0.426624 0.56486 0.574661 0.575186 0.575214
 0.389041 0.5151 0.524037 0.524516 0.524541
 0.304585 0.403278 0.410275 0.41065 0.410669
 0.385869 0.5109 0.519764 0.520239 0.520264
 0.238037 0.315167 0.320635 0.320928 0.320944
 0.204873 0.271257 0.275963 0.276215 0.276228
 0.205536 0.272135 0.276857 0.27711 0.277123
 0.167478 0.221746 0.225593 0.225799 0.22581
 0.227708 0.301491 0.306721 0.307002 0.307017
 0.201001 0.266131 0.270748 0.270995 0.271008
nmprior
 8 8 7 0
nm_flota  nm_reclas  nm_pelaces    nm_pelaL
inf 11.8241 14.4357 14.4357
cv_recla  cv_pelaces  cv_mph
0.335248 0.51186 0.883313
 ------------------------------------------------
Talla a la edad & desviación 
 8 13.2811 15.8009 17.003 17.5766
 0.8 1.32811 1.58009 1.7003 1.75766
