years
 1991 1992 1993 1994 1995 1996 1997 1998 1999 2000 2001 2002 2003 2004 2005 2006 2007 2008 2009 2010 2011 2012 2013 2014 2015 2016 2017
reclasobs
 0 0 0 0 0 0 0 0 0 252601 567819 844713 477998 351125 339783 2.1784e+06 2.13404e+06 4.81314e+06 1.55562e+06 2.62356e+06 3.21686e+06 3.843e+06 1.13348e+06 3.07943e+06 1.97215e+06 2.03268e+06 2.025e+06
reclaspred
 3.26771e+06 1.83092e+06 918169 917524 907704 1.49327e+06 917597 794404 574212 410325 498854 655078 640381 487902 485708 1.39883e+06 1.32789e+06 3.04736e+06 2.53293e+06 1.9392e+06 3.419e+06 2.74946e+06 2.1477e+06 3.32849e+06 2.48861e+06 2.1269e+06 2.25788e+06
pelacesobs
 0 0 0 0 0 0 0 0 0 0 0 0 0 0 0 552880 188675 0 991730 2.46772e+06 1.41603e+06 1.21717e+06 2.29649e+06 1.80582e+06 0 1.4828e+06 1.56532e+06
pelacespred
 1.48708e+06 922698 461748 377684 392693 667626 374520 408825 281047 188836 240235 262159 282163 223623 230066 557739 531957 1.41158e+06 1.20731e+06 855806 1.46855e+06 1.2838e+06 1.0006e+06 1.69746e+06 1.22251e+06 1.04069e+06 1.25013e+06
mphobs
 0 0 0 0 0 0 0 0 0 0 0 498337 0 5186 125008 0 168611 109162 213762 579715 649985 157893 87575 83554 0 0 0
mphpred
 2.82593e+06 1.8867e+06 938169 506848 549916 627907 851825 509237 449525 300805 194775 339018 364192 303927 197723 250454 921898 858148 1.73318e+06 1.31789e+06 1.4572e+06 1.789e+06 1.6748e+06 1.36268e+06 1.91278e+06 1.56688e+06 1.2388e+06
desembarqueobs
 494567 514787 250237 358949 120608 361735 552515 73892 212993 205616 52469 317467 293654 387597 252695 516296 358380 742168 942051 627588 828172 859565 418607 520667 417249 300574 407403
desembarquepred
 494575 513657 250792 358974 120613 361743 552549 73896.4 213043 205661 52471.5 317526 293697 387616 252685 516252 358404 742075 941830 627447 828213 859544 418606 520680 417239 300569 407403
Reclutas
 187397 111244 102143 173902 136561 246169 100589 43253.1 41706.3 56233.4 104705 142347 117781 82269 79384.7 463140 92184.5 698972 414540 333557 466665 621238 126995 383505 320294 131251 261751
log_desv_Rt
 0.11892 -0.402589 -0.487938 0.044183 -0.197536 0.391707 -0.503271 -1.34724 -1.38366 -1.0848 -0.463167 -0.156043 -0.345481 -0.704317 -0.740005 1.02372 -0.590519 1.4353 0.912857 0.695503 1.0313 1.3174 -0.270167 0.835041 0.654927 -0.237202 0.453084
SSB
 2.82593e+06 1.8867e+06 938169 506848 549916 627907 851825 509237 449525 300805 194775 339018 364192 303927 197723 250454 921898 858148 1.73318e+06 1.31789e+06 1.4572e+06 1.789e+06 1.6748e+06 1.36268e+06 1.91278e+06 1.56688e+06 1.2388e+06
BT
 3.84442e+06 2.63319e+06 1.31129e+06 1.17129e+06 1.00042e+06 1.84901e+06 1.35487e+06 1.00868e+06 858954 634143 598994 870132 918177 920208 783685 1.70146e+06 1.50579e+06 3.91333e+06 3.68848e+06 2.52735e+06 4.06354e+06 3.75811e+06 2.67325e+06 4.40121e+06 3.20132e+06 2.66731e+06 3.30233e+06
Ftot
 0.146044 0.266696 0.26077 0.381117 0.131125 0.241372 0.560072 0.0917146 0.358538 0.478637 0.107269 0.469177 0.443738 0.74654 0.511236 0.374107 0.260143 0.246435 0.360524 0.315908 0.239636 0.306721 0.188514 0.157699 0.164407 0.138002 0.180114
BD_Bspro_t
 0.976904 0.830703 0.658692 0.561207 0.549917 0.629461 0.628639 0.454453 0.508801 0.460286 0.423417 0.64764 0.529255 0.437156 0.32464 0.381728 0.58288 0.552007 0.654743 0.559818 0.53774 0.585022 0.596451 0.586289 0.694042 0.700627 0.699166
BD_Bspro
 2.39062 1.59607 0.793653 0.428772 0.465206 0.531184 0.720609 0.430793 0.380279 0.254468 0.164772 0.286795 0.308091 0.25711 0.167266 0.211874 0.779887 0.725958 1.4662 1.11488 1.23273 1.51342 1.41681 1.15277 1.61813 1.32552 1.04797
BD_Bo
 1.55105 1.03554 0.514926 0.27819 0.301829 0.344635 0.467535 0.279501 0.246727 0.1651 0.106905 0.186074 0.199891 0.166815 0.108523 0.137465 0.505995 0.471006 0.951279 0.723343 0.799805 0.981916 0.919234 0.747924 1.04985 0.860004 0.67993
BD_Brms
 11.1438 7.44004 3.6996 1.99871 2.16855 2.4761 3.3591 2.00813 1.77266 1.1862 0.768081 1.33689 1.43616 1.19851 0.779705 0.987646 3.63543 3.38404 6.83466 5.19701 5.74637 7.05478 6.60443 5.37361 7.54288 6.17887 4.8851
Sel_flota
 0.90106 1 1 1 1
 0.90106 1 1 1 1
 0.90106 1 1 1 1
 0.90106 1 1 1 1
 0.90106 1 1 1 1
 0.90106 1 1 1 1
 0.90106 1 1 1 1
 0.90106 1 1 1 1
 0.90106 1 1 1 1
 0.90106 1 1 1 1
 0.90106 1 1 1 1
 0.90106 1 1 1 1
 0.90106 1 1 1 1
 0.90106 1 1 1 1
 0.90106 1 1 1 1
 0.90106 1 1 1 1
 0.90106 1 1 1 1
 0.90106 1 1 1 1
 0.90106 1 1 1 1
 0.90106 1 1 1 1
 0.90106 1 1 1 1
 0.90106 1 1 1 1
 0.90106 1 1 1 1
 0.90106 1 1 1 1
 0.90106 1 1 1 1
 0.90106 1 1 1 1
 0.90106 1 1 1 1
Sel_reclas
 1 1 1 1 1
 1 1 1 1 1
 1 1 1 1 1
 1 1 1 1 1
 1 1 1 1 1
 1 1 1 1 1
 1 1 1 1 1
 1 1 1 1 1
 1 1 1 1 1
 1 1 1 1 1
 1 1 1 1 1
 1 1 1 1 1
 1 1 1 1 1
 1 1 1 1 1
 1 1 1 1 1
 1 1 1 1 1
 1 1 1 1 1
 1 1 1 1 1
 1 1 1 1 1
 1 1 1 1 1
 1 1 1 1 1
 1 1 1 1 1
 1 1 1 1 1
 1 1 1 1 1
 1 1 1 1 1
 1 1 1 1 1
 1 1 1 1 1
Sel_pelaces
 1 1 1 1 1
 1 1 1 1 1
 1 1 1 1 1
 1 1 1 1 1
 1 1 1 1 1
 1 1 1 1 1
 1 1 1 1 1
 1 1 1 1 1
 1 1 1 1 1
 1 1 1 1 1
 1 1 1 1 1
 1 1 1 1 1
 1 1 1 1 1
 1 1 1 1 1
 1 1 1 1 1
 1 1 1 1 1
 1 1 1 1 1
 1 1 1 1 1
 1 1 1 1 1
 1 1 1 1 1
 1 1 1 1 1
 1 1 1 1 1
 1 1 1 1 1
 1 1 1 1 1
 1 1 1 1 1
 1 1 1 1 1
 1 1 1 1 1
pf_obs 
 0.8446 0.082 0.0669 0.0065 0
 0.8095 0.147 0.0364 0.0071 0
 0.9664 0.0169 0.016 0.0007 0
 0.9276 0.0648 0.0075 0.0001 0
 0.7033 0.2144 0.0806 0.0017 0
 0.9318 0.0425 0.0243 0.0014 0
 0.5671 0.3108 0.0964 0.0239 0.0018
 0.0768 0.2599 0.5324 0.112 0.0189
 0.490249 0.384438 0.106611 0.0170017 0.00170017
 0.7925 0.1577 0.0466 0.003 0.0002
 0.840416 0.127587 0.0312969 0.00059994 9.999e-05
 0.8084 0.0986 0.0794 0.0134 0.0002
 0.7335 0.1905 0.0724 0.0035 0.0001
 0.4001 0.4547 0.1325 0.0127 0
 0.49795 0.308269 0.164784 0.0264974 0.00249975
 0.9179 0.0499 0.0305 0.0017 0
 0.2467 0.6533 0.0926 0.0074 0
 0.9418 0.0223 0.034 0.0019 0
 0.707729 0.231977 0.0356964 0.0245975 0
 0.517169 0.277429 0.184464 0.0207286 0.00020938
 0.811772 0.124168 0.05621 0.00726502 0.000585176
 0.764997 0.148141 0.077277 0.00933861 0.000247198
 0.163321 0.427699 0.378323 0.0303852 0.000271297
 0.753843 0.0900009 0.118128 0.0371064 0.000921714
 0.721811 0.176058 0.0630433 0.0369309 0.00215725
 0.143369 0.312575 0.442814 0.0836902 0.0175525
 0.692698 0.0596174 0.167031 0.0765114 0.00414204
pf_pred 
 0.486096 0.125745 0.365385 0.0227741 7.68815e-07
 0.462921 0.276207 0.0638317 0.185479 0.0115612
 0.587478 0.203319 0.107588 0.0248637 0.076751
 0.767339 0.143355 0.0440163 0.0232915 0.0219984
 0.682689 0.250445 0.0412 0.0126503 0.0130163
 0.779921 0.155466 0.0509969 0.00838938 0.00522637
 0.503891 0.396683 0.070236 0.0230392 0.00615128
 0.485316 0.277152 0.189927 0.0336282 0.0139761
 0.571468 0.219704 0.112451 0.0770609 0.0193149
 0.736586 0.158564 0.0537562 0.0275141 0.0235808
 0.843011 0.11957 0.0225248 0.00763636 0.0072583
 0.761909 0.204063 0.0259171 0.00488232 0.00322846
 0.711808 0.226276 0.053067 0.00673979 0.00210923
 0.659221 0.251478 0.0701148 0.0164436 0.00274199
 0.765728 0.162191 0.0531923 0.0148306 0.0040581
 0.94774 0.0412412 0.00762832 0.00250179 0.00088839
 0.396875 0.575184 0.0220497 0.00407849 0.00181256
 0.909874 0.0383794 0.0493495 0.00189181 0.00050544
 0.628336 0.341617 0.0127954 0.0164527 0.000799224
 0.644724 0.233498 0.111932 0.00419246 0.00565267
 0.755625 0.164316 0.0526169 0.025223 0.00221852
 0.760841 0.185784 0.0358888 0.0114922 0.00599359
 0.342267 0.514624 0.11117 0.0214753 0.0104632
 0.764837 0.0866986 0.116162 0.0250934 0.0072092
 0.650639 0.274118 0.0277402 0.0371673 0.0103356
 0.441744 0.377412 0.141895 0.0143595 0.0245895
 0.723472 0.129853 0.0991602 0.0372811 0.0102334
pobs_RECLAS
 0 0 0 0 0
 0 0 0 0 0
 0 0 0 0 0
 0 0 0 0 0
 0 0 0 0 0
 0 0 0 0 0
 0 0 0 0 0
 0 0 0 0 0
 0 0 0 0 0
 0 0 0 0 0
 0.991045 0.00858322 0.000360255 1.14367e-05 0
 0.934742 0.0480273 0.0164251 0.00080598 0
 0.827803 0.169806 0.00239088 0 0
 0.941827 0.0461693 0.0120037 0 0
 0.791401 0.0380133 0.147996 0.0225897 0
 0.846168 0.0940531 0.0597789 0 0
 0.134021 0.677848 0.182769 0.00536245 0
 0.80878 0.0450904 0.141981 0.00414843 0
 0.846168 0.0940531 0.0597789 0 0
 0.905697 0.0802665 0.012482 0.00150086 5.37128e-05
 0.989698 0.0102097 9.19794e-05 0 0
 0.975433 0.0193895 0.00387452 0.00125025 5.28907e-05
 0.303575 0.632131 0.0575291 0.00676475 0
 0.966965 0.00978017 0.0227588 0.000495775 0
 0.843318 0.132988 0.00938335 0.0141283 0.000182051
 0.564624 0.303363 0.111486 0.0197234 0.00080311
 0.826376 0.0876187 0.0782897 0.00655872 0.00115652
ppred_RECLAS
 0.512471 0.119291 0.346632 0.0216052 7.29357e-07
 0.489572 0.262501 0.0606643 0.176275 0.0109875
 0.613097 0.190693 0.100906 0.0233196 0.0719846
 0.786118 0.131784 0.0404636 0.0214115 0.0202228
 0.705064 0.232784 0.0382948 0.0117582 0.0120985
 0.797667 0.14293 0.0468848 0.0077129 0.00480494
 0.531598 0.374529 0.0663134 0.0217525 0.00580774
 0.511557 0.263022 0.180244 0.0319137 0.0132635
 0.597697 0.206257 0.105569 0.0723443 0.0181327
 0.757318 0.146084 0.0495253 0.0253486 0.0217248
 0.856429 0.10935 0.0205996 0.00698366 0.00663792
 0.781216 0.187515 0.0238155 0.00448642 0.00296667
 0.733685 0.209099 0.0490386 0.00622817 0.00194911
 0.684397 0.2329 0.064935 0.0152288 0.00253942
 0.78492 0.148904 0.0488347 0.0136156 0.00372565
 0.952849 0.0372098 0.00688263 0.00225723 0.000801548
 0.422698 0.550558 0.0211056 0.00390388 0.00173496
 0.918244 0.034815 0.0447663 0.00171612 0.000458498
 0.653202 0.318761 0.0119393 0.0153519 0.000745752
 0.668943 0.217581 0.104302 0.00390667 0.00526734
 0.774761 0.151449 0.0484967 0.0232479 0.0020448
 0.779827 0.171035 0.0330397 0.0105799 0.00551778
 0.366507 0.495659 0.107073 0.0206838 0.0100776
 0.783305 0.07989 0.107039 0.0231228 0.00664304
 0.674271 0.255575 0.0258638 0.0346531 0.00963647
 0.467884 0.35974 0.135251 0.0136872 0.0234382
 0.744147 0.120144 0.0917464 0.0344938 0.00946828
pobs_PELACES
 0 0 0 0 0
 0 0 0 0 0
 0 0 0 0 0
 0 0 0 0 0
 0 0 0 0 0
 0 0 0 0 0
 0 0 0 0 0
 0 0 0 0 0
 0 0 0 0 0
 0 0 0 0 0
 0 0 0 0 0
 0 0 0 0 0
 0 0 0 0 0
 0 0 0 0 0
 0 0 0 0 0
 0 0 0 0 0
 0.505614 0.472636 0.0217494 0 0
 0 0 0 0 0
 0.443492 0.261883 0.143347 0.151278 0
 0.227955 0.32914 0.350689 0.0885471 0.00366901
 0.970185 0.0296113 0.000203453 0 0
 0.997202 0.00247181 0.000326279 0 0
 0.445219 0.490057 0.0546422 0.010081 0
 0.90214 0.0892962 0.00764917 0.000914606 0
 0 0 0 0 0
 0.581667 0.319106 0.0959925 0.00289975 0.000334073
 0.762889 0.0836404 0.116647 0.0363945 0.000428098
ppred_PELACES
 0.513662 0.119 0.345785 0.0215525 7.27575e-07
 0.491748 0.261382 0.0604056 0.175524 0.0109406
 0.615115 0.189698 0.10038 0.0231979 0.0716092
 0.788203 0.130499 0.0400692 0.0212028 0.0200257
 0.705954 0.232082 0.0381793 0.0117228 0.012062
 0.798936 0.142034 0.0465907 0.00766453 0.00477481
 0.536148 0.37089 0.0656692 0.0215412 0.00575131
 0.512306 0.262619 0.179968 0.0318648 0.0132432
 0.600509 0.204816 0.104831 0.0718387 0.018006
 0.760178 0.144362 0.0489415 0.0250498 0.0214688
 0.856859 0.109022 0.0205379 0.00696274 0.00661804
 0.783823 0.185281 0.0235317 0.00443296 0.00293132
 0.736506 0.206884 0.0485191 0.00616219 0.00192847
 0.689638 0.229032 0.0638566 0.0149759 0.00249725
 0.787725 0.146962 0.0481979 0.0134381 0.00367707
 0.953395 0.0367791 0.00680297 0.00223111 0.00079227
 0.424772 0.54858 0.0210298 0.00388985 0.00172873
 0.918846 0.0345587 0.0444366 0.00170348 0.000455122
 0.655864 0.316314 0.0118477 0.0152341 0.000740028
 0.671223 0.216082 0.103584 0.00387976 0.00523106
 0.776124 0.150533 0.0482034 0.0231073 0.00203243
 0.781542 0.169703 0.0327824 0.0104975 0.00547481
 0.367937 0.49454 0.106831 0.0206371 0.0100549
 0.784178 0.0795682 0.106608 0.0230297 0.00661629
 0.675449 0.254651 0.0257703 0.0345278 0.00960162
 0.469006 0.358981 0.134966 0.0136583 0.0233887
 0.745265 0.119619 0.0913455 0.0343431 0.0094269
pobs_pel_tallas
 0 0 0 0 0 0 0 0 0 0 0 0 0 0 0 0 0 0 0 0 0 0 0 0 0 0
 0 0 0 0 0 0 0 0 0 0 0 0 0 0 0 0 0 0 0 0 0 0 0 0 0 0
 0 0 0 0 0 0 0 0 0 0 0 0 0 0 0 0 0 0 0 0 0 0 0 0 0 0
 0 0 0 0 0 0 0 0 0 0 0 0 0 0 0 0 0 0 0 0 0 0 0 0 0 0
 0 0 0 0 0 0 0 0 0 0 0 0 0 0 0 0 0 0 0 0 0 0 0 0 0 0
 0 0 0 0 0 0 0 0 0 0 0 0 0 0 0 0 0 0 0 0 0 0 0 0 0 0
 0 0 0 0 0 0 0 0 0 0 0 0 0 0 0 0 0 0 0 0 0 0 0 0 0 0
 0 0 0 0 0 0 0 0 0 0 0 0 0 0 0 0 0 0 0 0 0 0 0 0 0 0
 0 0 0 0 0 0 0 0 0 0 0 0 0 0 0 0 0 0 0 0 0 0 0 0 0 0
 0 0 0 0 0 0 0 0 0 0 0 0 0 0 0 0 0 0 0 0 0 0 0 0 0 0
 0 0 0 0 0 0 0 0 0 0 0 0 0 0 0 0 0 0 0 0 0 0 0 0 0 0
 0 0 0 0 0 0 0 0 0 0 0 0 0 0 0 0 0 0 0 0 0 0 0 0 0 0
 0.00862536 0 0 0.000197151 0.00414017 0.0128641 0.00837892 0.0270097 0.101434 0.158115 0.152841 0.127902 0.109271 0.109419 0.0830992 0.0579132 0.0238553 0.00714673 0.00463305 0.00128148 0.00103504 0.000492878 0.000147863 0.000147863 4.92878e-05 0
 0 0 0 0 0 0 0 0 0 0 0 0 0 0 0 0 0 0 0 0 0 0 0 0 0 0
 0 0 0 0 0 0 0 0.0054083 0.00873648 0.0413646 0.0450493 0.0745869 0.0622846 0.0627006 0.0613931 0.0827291 0.12552 0.122667 0.0946155 0.0697135 0.0546179 0.0294188 0.0215738 0.0213955 0.0102223 0.00600262
 0 0 0 0 0.00359764 0.0251062 0.0480494 0.140153 0.205849 0.193036 0.1447 0.116669 0.0760912 0.0342217 0.00950174 0.001854 0.000860785 0 0 0 0.000165536 0 0.000143464 0 0 0
 0 0 0 0 0 0 0 0.000145254 0.000435761 0.0275982 0.070085 0.0708112 0.156366 0.174668 0.174014 0.160142 0.0824315 0.0480064 0.0283245 0.00493863 0.00203355 0 0 0 0 0
 0 0 0 0 0 0 0 0 0 0 0 0 0 0 0 0 0 0 0 0 0 0 0 0 0 0
 0 0 1.00437e-05 0.000401748 0.00122533 0.00171747 0.00176769 0.0269171 0.070346 0.194647 0.189555 0.159765 0.064822 0.0314167 0.0384472 0.0292271 0.0345202 0.0313363 0.0194345 0.0106764 0.0143323 0.0359363 0.0279516 0.0138201 0.00172751 0
 0 0.0021121 0.0136068 0.0755702 0.200478 0.177729 0.0527432 0.0373336 0.0318909 0.0142505 0.0149659 0.0166563 0.0217959 0.0798694 0.0677717 0.0528807 0.04013 0.0224614 0.0357745 0.0225083 0.00881397 0.00855152 0.00135912 0.000746735 0 0
 0 0 0 0 5.4009e-05 0.00500934 0.000945158 0.0243581 0.138947 0.33067 0.221406 0.137944 0.0707744 0.0437923 0.0131692 0.00525238 0.0047753 0.00276346 9.45158e-05 9.00151e-06 2.25038e-05 9.00151e-06 4.50075e-06 0 0 0
 0.000866109 0.00284123 0.00948549 0.0512746 0.133035 0.25785 0.225252 0.132002 0.0553304 0.0519788 0.0540692 0.017754 0.00435017 0.00159236 0.00146478 0.000404838 0.000125132 0.000115318 0.000107957 0.000100596 0 0 0 0 0 0
 0 0 0 0 0.00144013 0.00171154 0.00461396 0.0210425 0.0478622 0.0707936 0.0888783 0.103762 0.0637923 0.0337046 0.0602308 0.124433 0.169614 0.0934646 0.0462172 0.0250306 0.0313229 0.00938855 0.002487 0.000210481 0 0
 0 0.00764035 0.051015 0.0998891 0.058973 0.0496711 0.0374665 0.0718981 0.12319 0.153886 0.159021 0.0857701 0.0377988 0.023471 0.0147837 0.00900784 0.00315554 0.000888139 0.00291439 0.00214683 0.00393193 0.00274676 0.000635225 9.99891e-05 0 0
 0 0 0 0 0 0 0 0 0 0 0 0 0 0 0 0 0 0 0 0 0 0 0 0 0 0
 0 0 0 0 0 0 0 0 0 0 0 0 0 0 0 0 0 0 0 0 0 0 0 0 0 0
 0 0 0 0 0 0 0 0 0 0 0 0 0 0 0 0 0 0 0 0 0 0 0 0 0 0
ppred_pel_tallas
 1.12171e-16 4.23097e-05 0.000411265 0.002733 0.0124238 0.0386553 0.0823595 0.120209 0.120221 0.0824183 0.0388541 0.0130049 0.00421608 0.00373021 0.00658356 0.0114361 0.017908 0.0255059 0.0336418 0.0418651 0.0498099 0.0568281 0.0617301 0.0630701 0.0599014 0.0524418
 1.21265e-16 4.05047e-05 0.00039372 0.00261641 0.0118938 0.0370063 0.0788467 0.115084 0.11511 0.0789703 0.0374217 0.0130951 0.00563744 0.0070083 0.0126637 0.021041 0.0307319 0.0396131 0.0456269 0.0480283 0.0478947 0.0473478 0.0480614 0.0502058 0.0525049 0.053156
 1.17391e-16 5.06662e-05 0.000492494 0.00327279 0.0148777 0.04629 0.0986265 0.143952 0.14397 0.0987165 0.0465928 0.015754 0.00547923 0.00533196 0.00930987 0.0154931 0.022751 0.0295574 0.0344135 0.0367071 0.0370748 0.0368822 0.0372341 0.0383023 0.0393857 0.0394818
 1.06706e-16 6.49233e-05 0.000631077 0.00419373 0.0190641 0.0593156 0.126379 0.184456 0.184468 0.12644 0.0595228 0.0196634 0.00570017 0.00392723 0.00634772 0.0104527 0.0151997 0.0194387 0.0220548 0.0225692 0.021424 0.0196508 0.0181889 0.017387 0.0169885 0.0164721
 1.04379e-16 5.81485e-05 0.000565224 0.00375612 0.0170748 0.0531261 0.113192 0.165211 0.165233 0.113301 0.0534933 0.0181357 0.00641972 0.00638202 0.0111117 0.0182954 0.0263926 0.0332844 0.0368554 0.0361434 0.0319108 0.0261139 0.0207089 0.0167247 0.0141404 0.0123705
 1.02958e-16 6.58073e-05 0.000639671 0.00425084 0.0193237 0.0601233 0.1281 0.186968 0.186982 0.128167 0.0603488 0.0199755 0.00588913 0.00422294 0.00689122 0.0113411 0.0164539 0.0209488 0.0235598 0.0236948 0.0217601 0.0188313 0.0159513 0.0136192 0.0117744 0.0101189
 1.05124e-16 4.41619e-05 0.00042927 0.00285265 0.0129677 0.0403477 0.0859663 0.125478 0.125514 0.0861411 0.0409347 0.0146635 0.00711053 0.00972832 0.0177168 0.0292516 0.0422099 0.0532425 0.058961 0.0578033 0.0509479 0.041473 0.0324674 0.0255745 0.0208149 0.0173597
 1.10698e-16 4.2198e-05 0.000410179 0.00272579 0.0123911 0.0385533 0.0821428 0.119895 0.119921 0.0822677 0.0389734 0.0136074 0.00579029 0.00713716 0.0129271 0.0215899 0.0317649 0.0413445 0.0481711 0.0512043 0.051015 0.0491292 0.0468105 0.0443224 0.0411436 0.0367201
 1.1333e-16 4.94631e-05 0.000480799 0.00319508 0.0145244 0.0451909 0.0962847 0.140534 0.140554 0.0963819 0.0455178 0.0154705 0.00557721 0.00570554 0.0100454 0.0167242 0.0245547 0.0318862 0.0370829 0.0394477 0.0396056 0.0389427 0.0385584 0.0385835 0.0383008 0.036801
 1.07595e-16 6.26149e-05 0.000608639 0.00404462 0.0183863 0.0572066 0.121885 0.177898 0.177912 0.121953 0.057436 0.0190497 0.00571285 0.00425999 0.00702597 0.0115935 0.016881 0.0216331 0.0246259 0.0253319 0.02423 0.0224372 0.0209581 0.0201446 0.0196932 0.0190298
 1.02439e-16 7.05784e-05 0.000686047 0.00455902 0.0207247 0.0644822 0.137387 0.200522 0.200532 0.137438 0.0646548 0.0212234 0.00581138 0.00342176 0.0052716 0.00861787 0.0124428 0.0157241 0.0174735 0.0172444 0.0153935 0.0128286 0.0104476 0.00870781 0.00757532 0.00676052
 1.01668e-16 6.45625e-05 0.00062757 0.00417043 0.0189582 0.058986 0.125677 0.183432 0.18345 0.125764 0.0592789 0.0198041 0.0062936 0.00526173 0.00886351 0.0145453 0.0209332 0.0262953 0.0289108 0.0279854 0.0241194 0.0188969 0.0139383 0.0101533 0.00762418 0.00596651
 1.02398e-16 6.06651e-05 0.000589686 0.00391867 0.0178137 0.0554252 0.11809 0.17236 0.17238 0.118188 0.055753 0.0187608 0.00629736 0.005787 0.00994477 0.0163796 0.02367 0.0299316 0.0332764 0.0328186 0.0291747 0.0239994 0.018952 0.014916 0.011924 0.00958913
 1.03826e-16 5.68046e-05 0.000552161 0.00366931 0.0166801 0.0518983 0.110576 0.161393 0.161415 0.110684 0.0522615 0.01773 0.00630703 0.0063186 0.0110326 0.0182127 0.0263789 0.0334828 0.0374655 0.0373653 0.0338553 0.0287172 0.0237005 0.0196776 0.0165942 0.0139767
 1.03399e-16 6.48839e-05 0.000630694 0.00419119 0.0190525 0.0592796 0.126302 0.184344 0.184358 0.126371 0.0595129 0.0197271 0.00588677 0.00433965 0.00713089 0.011744 0.0170474 0.0217241 0.0244727 0.0246893 0.0228002 0.0199164 0.0171029 0.01485 0.0130614 0.0113994
 1.00564e-16 7.85299e-05 0.000763338 0.00507265 0.0230595 0.0717468 0.152864 0.223111 0.223114 0.152882 0.071805 0.0232277 0.00549501 0.00168583 0.00183198 0.00290823 0.00419099 0.00528979 0.00586509 0.0057625 0.00509891 0.0041785 0.00330542 0.0026397 0.00218048 0.00184343
 1.0143e-16 3.4988e-05 0.000340096 0.00226006 0.0102739 0.0319663 0.0681095 0.0994189 0.0994717 0.0683674 0.0328318 0.0127727 0.00852777 0.0140074 0.0259473 0.0427239 0.0612676 0.0764673 0.083138 0.0788891 0.0655798 0.0481316 0.0316872 0.0192971 0.0114467 0.00704182
 1.0154e-16 7.56841e-05 0.000735677 0.00488883 0.0222239 0.0691469 0.147325 0.215026 0.215029 0.147341 0.0692028 0.0223862 0.00529919 0.00164116 0.00182361 0.00296841 0.00443894 0.00593467 0.00719108 0.00806439 0.00857363 0.00881269 0.00881726 0.0085184 0.00781997 0.00671559
 1.02076e-16 5.40227e-05 0.00052512 0.00348961 0.0158633 0.0493567 0.105161 0.153492 0.153522 0.105309 0.0498559 0.0173044 0.0071047 0.00840916 0.0150047 0.0246618 0.0353857 0.0442187 0.0481924 0.0459552 0.0386003 0.0289673 0.0199902 0.0133588 0.00925737 0.00696087
 1.04319e-16 5.52878e-05 0.000537417 0.00357133 0.0162347 0.0505124 0.107623 0.157083 0.157104 0.107725 0.0508565 0.0172299 0.00607456 0.00601964 0.0105185 0.0174355 0.0254209 0.0326083 0.0371048 0.0379909 0.0357901 0.0319701 0.0279213 0.0242614 0.0208835 0.0174678
 1.04091e-16 6.39283e-05 0.000621406 0.00412946 0.0187719 0.0584066 0.124442 0.18163 0.181644 0.124513 0.0586456 0.019463 0.00586661 0.00442165 0.00730513 0.0120388 0.0174858 0.0223077 0.0251842 0.0255126 0.0237432 0.0210174 0.01841 0.0163837 0.0147838 0.0132088
 1.02969e-16 6.43746e-05 0.000625744 0.00415829 0.018903 0.0588143 0.125311 0.182898 0.182914 0.125391 0.059083 0.0196793 0.0061077 0.00488405 0.00815977 0.0134094 0.0193619 0.0244584 0.0271558 0.0267471 0.0237734 0.0196345 0.0157241 0.0127657 0.0107383 0.00923776
 1.06981e-16 3.03066e-05 0.000294591 0.00195766 0.00889928 0.0276892 0.0589966 0.0861172 0.0861649 0.0592298 0.0284725 0.0111624 0.0076413 0.0127116 0.0236406 0.0391082 0.0565057 0.0714168 0.0793424 0.0781894 0.0694767 0.0572156 0.0454181 0.0361999 0.0295834 0.0245361
 1.06527e-16 6.45917e-05 0.000627854 0.00417231 0.0189667 0.0590126 0.125733 0.183512 0.18352 0.125771 0.0591417 0.0193416 0.00512073 0.00272341 0.00411836 0.00689991 0.010387 0.014014 0.0172299 0.0197574 0.0216754 0.0231899 0.0243058 0.0247166 0.0240097 0.0219879
 1.05897e-16 5.56359e-05 0.000540801 0.00359381 0.016337 0.0508305 0.108301 0.158073 0.158098 0.108421 0.0512331 0.0174998 0.00651251 0.00691233 0.0121569 0.0200134 0.0288389 0.0363109 0.0401193 0.0392446 0.0345878 0.0283713 0.0227929 0.0189673 0.0167744 0.0154152
 1.09315e-16 3.86315e-05 0.000375512 0.00249541 0.0113438 0.0352949 0.0752008 0.109765 0.1098 0.0753706 0.0358654 0.0129932 0.00664231 0.00944987 0.017336 0.028765 0.0418221 0.0534073 0.0603625 0.0612063 0.0569443 0.0502287 0.0435957 0.0382031 0.0338219 0.0296719
 1.07707e-16 6.13865e-05 0.000596699 0.00396527 0.0180256 0.0560843 0.119494 0.174407 0.174419 0.119551 0.0562761 0.0185813 0.00536648 0.00367653 0.00597257 0.00994026 0.0146995 0.0193033 0.0228227 0.024834 0.0256163 0.025825 0.025923 0.0258558 0.0251898 0.023513
pSPR Fmed_Fpbrs
0.597444   0.189185 0.189185
Fs Fmed_Fpbrs
0.263279   1.005 1.005
SSBpbr Bo_Bmed_Bpbrs
1.82195e+06  997415  253587 253587
Ro
166386
SPR SPRFo_SPRFmed_SPRFpbrs
1.18209e+06 706233 223633
Fref
1.005
log_Ro
11.8421
likeval ReclasPelacesDesembMPH_pf_preclas_ppelaces_ptallas_desvR_qrecl_qpela
 12.1986 17.2709 0.0502311 0.00260843 191.703 82.1404 57.4667 0 22.5055 0 0 0.257957 0 0 0
q_reclas_q_pelaces
1 1
M
1
N
 187397 43938.1 127673 7957.77 0.268641
 111244 60439.2 13967.6 40586.4 2529.8
 102143 32182.2 17029.4 3935.52 12148.5
 173902 29707.6 9121.58 4826.74 4558.77
 136561 45380.6 7465.46 2292.23 2358.56
 246169 44639.7 14643 2408.88 1500.67
 100589 72859.1 12900.3 4231.64 1129.81
 43253.1 22340.1 15309.2 2710.63 1126.55
 41706.3 14649.8 7498.23 5138.4 1287.91
 56233.4 11107.1 3765.53 1927.32 1651.79
 104705 13439.9 2531.85 858.347 815.852
 142347 34969.9 4441.36 836.675 553.256
 117781 34312.6 8047.1 1022.02 319.844
 82269 29049.4 8099.27 1899.47 316.74
 79384.7 15445.5 5065.52 1412.32 386.454
 463140 18424 3407.85 1117.64 396.876
 92184.5 121624 4662.47 862.409 383.272
 698972 26826.4 34494.3 1322.34 353.292
 414540 205934 7713.35 9918.07 481.791
 333557 110202 52827.6 1978.68 2667.84
 466665 92310.9 29559.6 14170 1246.34
 621238 138336 26723.1 8557.19 4462.87
 126995 173355 37448.4 7234.1 3524.61
 383505 39420.3 52816.6 11409.5 3277.9
 320294 122395 12386.2 16595.4 4614.91
 131251 101605 38200.5 3865.82 6619.91
 261751 42638.6 32560.3 12241.7 3360.24
pred_Ctot
 14764.1 3819.23 11097.7 691.713 0.0233511
 15318.1 9139.7 2112.2 6137.53 382.56
 13781.8 4769.72 2523.93 583.283 1800.52
 32853.4 6137.68 1884.55 997.219 941.856
 9713.08 3563.25 586.181 179.984 185.192
 30959.8 6171.39 2024.37 333.025 207.466
 26244.4 20660.6 3658.14 1199.96 320.38
 2183.35 1246.86 854.448 151.287 62.8759
 7471.66 2872.52 1470.25 1007.53 252.533
 12894.7 2775.83 941.061 481.664 412.807
 6146.2 871.754 164.223 55.6749 52.9186
 32101.3 8597.72 1091.96 205.705 136.024
 25344.5 8056.74 1889.49 239.976 75.1008
 26873.5 10251.6 2858.27 670.33 111.779
 19225.5 4072.22 1335.53 372.359 101.889
 86099.1 3746.63 693.008 227.279 80.7073
 12411 17987 689.533 127.542 56.6822
 89587.3 3778.89 4859.01 186.27 49.7662
 74623.6 40571.7 1519.63 1953.99 94.9188
 53455.1 19359.7 9280.47 347.603 468.671
 58305.1 12678.9 4059.99 1946.24 171.184
 96980.4 23680.9 4574.56 1464.85 763.971
 12715.7 19119 4130.11 797.835 388.723
 32486.5 3682.52 4933.97 1065.84 306.211
 28216.6 11887.8 1203.03 1611.85 448.23
 9800.14 8372.91 3147.95 318.568 545.521
 25117.6 4508.24 3442.65 1294.33 355.283
F
 0.131594 0.146044 0.146044 0.146044 0.146044
 0.240309 0.266696 0.266696 0.266696 0.266696
 0.23497 0.26077 0.26077 0.26077 0.26077
 0.343409 0.381117 0.381117 0.381117 0.381117
 0.118152 0.131125 0.131125 0.131125 0.131125
 0.21749 0.241372 0.241372 0.241372 0.241372
 0.504658 0.560072 0.560072 0.560072 0.560072
 0.0826403 0.0917146 0.0917146 0.0917146 0.0917146
 0.323064 0.358538 0.358538 0.358538 0.358538
 0.431281 0.478637 0.478637 0.478637 0.478637
 0.0966557 0.107269 0.107269 0.107269 0.107269
 0.422757 0.469177 0.469177 0.469177 0.469177
 0.399834 0.443738 0.443738 0.443738 0.443738
 0.672677 0.74654 0.74654 0.74654 0.74654
 0.460655 0.511236 0.511236 0.511236 0.511236
 0.337093 0.374107 0.374107 0.374107 0.374107
 0.234404 0.260143 0.260143 0.260143 0.260143
 0.222053 0.246435 0.246435 0.246435 0.246435
 0.324854 0.360524 0.360524 0.360524 0.360524
 0.284652 0.315908 0.315908 0.315908 0.315908
 0.215926 0.239636 0.239636 0.239636 0.239636
 0.276374 0.306721 0.306721 0.306721 0.306721
 0.169863 0.188514 0.188514 0.188514 0.188514
 0.142096 0.157699 0.157699 0.157699 0.157699
 0.148141 0.164407 0.164407 0.164407 0.164407
 0.124348 0.138002 0.138002 0.138002 0.138002
 0.162293 0.180114 0.180114 0.180114 0.180114
nmprior
 8 8 7 0
nm_flota  nm_reclas  nm_pelaces    nm_pelaL
inf 10.0985 16.5907 12.5279
cv_recla  cv_pelaces  cv_mph
0.349266 0.557562 1.57614
 ------------------------------------------------
Talla a la edad & desviación 
 8 13.2811 15.8009 17.003 17.5766
 0.8 1.32811 1.58009 1.7003 1.75766
