years
 1991 1992 1993 1994 1995 1996 1997 1998 1999 2000 2001 2002 2003 2004 2005 2006 2007 2008 2009 2010 2011 2012 2013 2014 2015 2016
reclasobs
 0 0 0 0 0 0 0 0 0 252601 567819 844713 477998 351125 339783 2.1784e+06 2.13404e+06 4.81314e+06 1.55562e+06 2.62356e+06 3.21686e+06 3.843e+06 1.13348e+06 3.07943e+06 1.97215e+06 2.03268e+06
reclaspred
 3.18795e+06 1.78421e+06 894389 895026 886458 1.47105e+06 901491 780610 565373 404896 496044 652894 638292 485878 483424 1.39664e+06 1.32443e+06 3.04318e+06 2.52899e+06 1.93509e+06 3.41295e+06 2.74948e+06 2.14884e+06 3.30186e+06 2.42432e+06 2.1243e+06
pelacesobs
 0 0 0 0 0 0 0 0 0 0 0 0 0 0 0 552880 188675 0 991730 2.46772e+06 1.41603e+06 1.21717e+06 2.29649e+06 1.80582e+06 0 1.4828e+06
pelacespred
 1.44712e+06 896059 447677 366906 382697 656830 366431 401452 276058 185865 238543 261063 281089 222501 228808 556676 530425 1.4096e+06 1.20512e+06 853768 1.46592e+06 1.28332e+06 1.00094e+06 1.68276e+06 1.19328e+06 1.04303e+06
mphobs
 0 0 0 0 0 0 0 0 0 0 0 498337 0 5186 125008 0 168611 109162 213762 579715 649985 157893 87575 83554 0 0
mphpred
 2.75131e+06 1.83691e+06 911811 492761 534572 612747 837221 498544 441038 295424 191807 337244 362774 302597 196566 248964 920295 855488 1.73063e+06 1.31538e+06 1.45359e+06 1.78572e+06 1.67538e+06 1.36339e+06 1.89409e+06 1.51665e+06
desembarqueobs
 494567 514787 250237 358949 120608 361735 552515 73892 212993 205616 52469 317467 293654 387597 252695 516296 358380 742168 942051 627588 828172 859565 418607 520667 417249 300574
desembarquepred
 494575 513677 250780 358975 120613 361743 552547 73896.5 213043 205660 52471.6 317526 293696 387615 252685 516252 358404 742075 941828 627446 828213 859542 418605 520680 417240 300569
Reclutas
 185539 110140 100985 171166 134574 244617 99826.3 42784 41494.2 56115.7 104585 142181 117561 82096 79154.1 462910 91770 698636 413941 332919 466284 622307 126991 378627 304325 142325
log_desv_Rt
 0.129996 -0.391519 -0.478298 0.0493613 -0.191158 0.406422 -0.489838 -1.3371 -1.36772 -1.06585 -0.443267 -0.136172 -0.326311 -0.68538 -0.721873 1.04426 -0.573984 1.45586 0.932454 0.714631 1.05153 1.34016 -0.249151 0.843282 0.624827 -0.135158
SSB
 2.75131e+06 1.83691e+06 911811 492761 534572 612747 837221 498544 441038 295424 191807 337244 362774 302597 196566 248964 920295 855488 1.73063e+06 1.31538e+06 1.45359e+06 1.78572e+06 1.67538e+06 1.36339e+06 1.89409e+06 1.51665e+06
BT
 3.75228e+06 2.57151e+06 1.27842e+06 1.14619e+06 977395 1.82417e+06 1.33582e+06 991748 847391 627197 595061 867512 915668 917600 780791 1.69898e+06 1.50228e+06 3.90883e+06 3.68339e+06 2.52277e+06 4.05747e+06 3.75685e+06 2.67394e+06 4.36733e+06 3.13565e+06 2.67367e+06
Ftot
 0.149742 0.273638 0.267673 0.390829 0.134382 0.245344 0.569817 0.09341 0.364364 0.485316 0.108064 0.471235 0.445609 0.750304 0.514337 0.375404 0.26094 0.247169 0.361392 0.31686 0.24032 0.307066 0.188509 0.159108 0.168662 0.138613
BD_Bspro_t
 0.976326 0.826877 0.651982 0.553533 0.54231 0.623302 0.624241 0.448931 0.503647 0.455503 0.419393 0.646087 0.528061 0.435961 0.323325 0.380339 0.582423 0.55123 0.654388 0.559339 0.53714 0.584614 0.596538 0.5863 0.691774 0.694528
BD_Bspro
 2.38266 1.59078 0.789636 0.426735 0.462944 0.530645 0.725041 0.431744 0.381943 0.25584 0.166106 0.292056 0.314165 0.262052 0.170228 0.215605 0.796984 0.74086 1.49874 1.13913 1.25883 1.54645 1.4509 1.18071 1.6403 1.31343
BD_Bo
 1.52167 1.01594 0.504296 0.272531 0.295656 0.338892 0.463042 0.27573 0.243925 0.16339 0.106083 0.18652 0.200639 0.167358 0.108715 0.137695 0.508988 0.473145 0.957161 0.727496 0.80394 0.987627 0.926606 0.754053 1.04757 0.838814
BD_Brms
 10.9624 7.319 3.63303 1.96336 2.12996 2.44144 3.33583 1.98641 1.75728 1.17709 0.764237 1.34372 1.44544 1.20567 0.783201 0.991977 3.66684 3.40862 6.89555 5.24101 5.79172 7.11503 6.67543 5.43233 7.54686 6.04296
Sel_flota
 0.899037 1 1 1 1
 0.899037 1 1 1 1
 0.899037 1 1 1 1
 0.899037 1 1 1 1
 0.899037 1 1 1 1
 0.899037 1 1 1 1
 0.899037 1 1 1 1
 0.899037 1 1 1 1
 0.899037 1 1 1 1
 0.899037 1 1 1 1
 0.899037 1 1 1 1
 0.899037 1 1 1 1
 0.899037 1 1 1 1
 0.899037 1 1 1 1
 0.899037 1 1 1 1
 0.899037 1 1 1 1
 0.899037 1 1 1 1
 0.899037 1 1 1 1
 0.899037 1 1 1 1
 0.899037 1 1 1 1
 0.899037 1 1 1 1
 0.899037 1 1 1 1
 0.899037 1 1 1 1
 0.899037 1 1 1 1
 0.899037 1 1 1 1
 0.899037 1 1 1 1
Sel_reclas
 1 1 1 1 1
 1 1 1 1 1
 1 1 1 1 1
 1 1 1 1 1
 1 1 1 1 1
 1 1 1 1 1
 1 1 1 1 1
 1 1 1 1 1
 1 1 1 1 1
 1 1 1 1 1
 1 1 1 1 1
 1 1 1 1 1
 1 1 1 1 1
 1 1 1 1 1
 1 1 1 1 1
 1 1 1 1 1
 1 1 1 1 1
 1 1 1 1 1
 1 1 1 1 1
 1 1 1 1 1
 1 1 1 1 1
 1 1 1 1 1
 1 1 1 1 1
 1 1 1 1 1
 1 1 1 1 1
 1 1 1 1 1
Sel_pelaces
 1 1 1 1 1
 1 1 1 1 1
 1 1 1 1 1
 1 1 1 1 1
 1 1 1 1 1
 1 1 1 1 1
 1 1 1 1 1
 1 1 1 1 1
 1 1 1 1 1
 1 1 1 1 1
 1 1 1 1 1
 1 1 1 1 1
 1 1 1 1 1
 1 1 1 1 1
 1 1 1 1 1
 1 1 1 1 1
 1 1 1 1 1
 1 1 1 1 1
 1 1 1 1 1
 1 1 1 1 1
 1 1 1 1 1
 1 1 1 1 1
 1 1 1 1 1
 1 1 1 1 1
 1 1 1 1 1
 1 1 1 1 1
pf_obs 
 0.8446 0.082 0.0669 0.0065 0
 0.8095 0.147 0.0364 0.0071 0
 0.9664 0.0169 0.016 0.0007 0
 0.9276 0.0648 0.0075 0.0001 0
 0.7033 0.2144 0.0806 0.0017 0
 0.9318 0.0425 0.0243 0.0014 0
 0.5671 0.3108 0.0964 0.0239 0.0018
 0.0768 0.2599 0.5324 0.112 0.0189
 0.490249 0.384438 0.106611 0.0170017 0.00170017
 0.7925 0.1577 0.0466 0.003 0.0002
 0.840416 0.127587 0.0312969 0.00059994 9.999e-05
 0.8084 0.0986 0.0794 0.0134 0.0002
 0.7335 0.1905 0.0724 0.0035 0.0001
 0.4001 0.4547 0.1325 0.0127 0
 0.49795 0.308269 0.164784 0.0264974 0.00249975
 0.9179 0.0499 0.0305 0.0017 0
 0.2467 0.6533 0.0926 0.0074 0
 0.9418 0.0223 0.034 0.0019 0
 0.707729 0.231977 0.0356964 0.0245975 0
 0.517169 0.277429 0.184464 0.0207286 0.00020938
 0.811772 0.124168 0.05621 0.00726502 0.000585176
 0.764997 0.148141 0.077277 0.00933861 0.000247198
 0.163321 0.427699 0.378323 0.0303852 0.000271297
 0.753843 0.0900009 0.118128 0.0371064 0.000921714
 0.721811 0.176058 0.0630433 0.0369309 0.00215725
 0.143369 0.312575 0.442814 0.0836902 0.0175525
pf_pred 
 0.489159 0.12659 0.361597 0.0226541 7.6655e-07
 0.465028 0.277115 0.0638988 0.182523 0.0114355
 0.589489 0.203506 0.107228 0.0247253 0.0750513
 0.768043 0.14354 0.0438317 0.0230951 0.0214901
 0.684567 0.249344 0.0408974 0.0124885 0.0127032
 0.782042 0.154477 0.0501804 0.0082306 0.00506984
 0.504726 0.397215 0.0694991 0.0225762 0.00598387
 0.486673 0.277307 0.18929 0.0331194 0.0136101
 0.573728 0.219386 0.111763 0.0762897 0.0188334
 0.738666 0.15808 0.0531409 0.0270719 0.0230412
 0.84396 0.119243 0.0222584 0.0074825 0.00705618
 0.761914 0.204338 0.0257893 0.00481397 0.00314437
 0.711605 0.226581 0.0530522 0.00669567 0.00206622
 0.659105 0.251691 0.070084 0.0164096 0.00271015
 0.76577 0.162309 0.0531013 0.0147862 0.00403385
 0.947887 0.0411544 0.00759388 0.00248442 0.000880522
 0.395598 0.576555 0.0219908 0.00405779 0.00179806
 0.909925 0.0382974 0.0493916 0.00188388 0.000501651
 0.627759 0.342236 0.0127573 0.016453 0.000794651
 0.644202 0.233864 0.112106 0.00417891 0.00564978
 0.755519 0.16441 0.0526302 0.025229 0.00221191
 0.761046 0.185708 0.0358072 0.0114624 0.00597641
 0.341518 0.515632 0.111019 0.021406 0.0104252
 0.76199 0.0877008 0.117701 0.0253418 0.00726596
 0.640986 0.280885 0.0287884 0.0386363 0.0107037
 0.471649 0.352592 0.13751 0.0140936 0.0241548
pobs_RECLAS
 0 0 0 0 0
 0 0 0 0 0
 0 0 0 0 0
 0 0 0 0 0
 0 0 0 0 0
 0 0 0 0 0
 0 0 0 0 0
 0 0 0 0 0
 0 0 0 0 0
 0 0 0 0 0
 0.991045 0.00858322 0.000360255 1.14367e-05 0
 0.934742 0.0480273 0.0164251 0.00080598 0
 0.827803 0.169806 0.00239088 0 0
 0.941827 0.0461693 0.0120037 0 0
 0.791401 0.0380133 0.147996 0.0225897 0
 0.846168 0.0940531 0.0597789 0 0
 0.134021 0.677848 0.182769 0.00536245 0
 0.80878 0.0450904 0.141981 0.00414843 0
 0.846168 0.0940531 0.0597789 0 0
 0.905697 0.0802665 0.012482 0.00150086 5.37128e-05
 0.989698 0.0102097 9.19794e-05 0 0
 0.975433 0.0193895 0.00387452 0.00125025 5.28907e-05
 0.303575 0.632131 0.0575291 0.00676475 0
 0.966965 0.00978017 0.0227588 0.000495775 0
 0.843318 0.132988 0.00938335 0.0141283 0.000182051
 0.564624 0.303363 0.111486 0.0197234 0.00080311
ppred_RECLAS
 0.516111 0.119911 0.342518 0.0214589 7.26106e-07
 0.492286 0.262995 0.0606431 0.173223 0.0108529
 0.615629 0.190547 0.1004 0.0231509 0.0702722
 0.787195 0.131688 0.0402127 0.0211882 0.0197158
 0.707344 0.231339 0.0379442 0.0115867 0.0117859
 0.800037 0.141723 0.0460377 0.0075511 0.00465128
 0.533063 0.374488 0.0655227 0.0212845 0.0056415
 0.513484 0.262824 0.179404 0.0313895 0.0128993
 0.600492 0.205612 0.104746 0.0714998 0.0176509
 0.759737 0.145334 0.0488561 0.0248891 0.0211834
 0.857589 0.108828 0.0203143 0.00682896 0.00643988
 0.781629 0.187418 0.0236539 0.00441536 0.00288401
 0.733956 0.209021 0.0489406 0.00617676 0.00190609
 0.684829 0.232698 0.0647954 0.0151713 0.00250564
 0.785367 0.148729 0.0486584 0.013549 0.00369635
 0.953087 0.0370479 0.00683615 0.00223652 0.000792662
 0.421958 0.551409 0.0210317 0.00388081 0.00171964
 0.918464 0.0346669 0.0447094 0.0017053 0.000454096
 0.653172 0.318871 0.0118864 0.0153297 0.0007404
 0.668953 0.217595 0.104307 0.0038882 0.00525675
 0.775063 0.151267 0.048423 0.0232122 0.00203509
 0.780417 0.170653 0.0329044 0.0105332 0.00549192
 0.366264 0.496255 0.106846 0.0206015 0.0100334
 0.78101 0.0806926 0.108296 0.0233167 0.00668533
 0.665453 0.261743 0.0268265 0.0360033 0.00997427
 0.49855 0.334641 0.130509 0.0133761 0.022925
pobs_PELACES
 0 0 0 0 0
 0 0 0 0 0
 0 0 0 0 0
 0 0 0 0 0
 0 0 0 0 0
 0 0 0 0 0
 0 0 0 0 0
 0 0 0 0 0
 0 0 0 0 0
 0 0 0 0 0
 0 0 0 0 0
 0 0 0 0 0
 0 0 0 0 0
 0 0 0 0 0
 0 0 0 0 0
 0 0 0 0 0
 0.505614 0.472636 0.0217494 0 0
 0 0 0 0 0
 0.443492 0.261883 0.143347 0.151278 0
 0.227955 0.32914 0.350689 0.0885471 0.00366901
 0.970185 0.0296113 0.000203453 0 0
 0.997202 0.00247181 0.000326279 0 0
 0.445219 0.490057 0.0546422 0.010081 0
 0.90214 0.0892962 0.00764917 0.000914606 0
 0 0 0 0 0
 0.581667 0.319106 0.0959925 0.00289975 0.000334073
ppred_PELACES
 0.517357 0.119602 0.341636 0.0214036 7.24237e-07
 0.494564 0.261815 0.0603709 0.172446 0.0108041
 0.617737 0.189502 0.0998496 0.0230239 0.0698868
 0.789368 0.130344 0.039802 0.0209719 0.0195145
 0.70827 0.230607 0.0378242 0.0115501 0.0117486
 0.801341 0.140799 0.0457373 0.00750184 0.00462094
 0.537785 0.370701 0.06486 0.0210692 0.00558444
 0.514261 0.262404 0.179117 0.0313394 0.0128786
 0.603401 0.204114 0.103983 0.0709792 0.0175224
 0.762677 0.143556 0.0482585 0.0245846 0.0209243
 0.858028 0.108492 0.0202517 0.00680791 0.00642002
 0.784297 0.185128 0.0233649 0.00436141 0.00284877
 0.736844 0.206751 0.0484092 0.00610968 0.00188539
 0.6902 0.228733 0.0636913 0.0149128 0.00246294
 0.788241 0.146737 0.0480068 0.0133676 0.00364684
 0.953643 0.0366088 0.00675511 0.00221001 0.000783266
 0.42408 0.549385 0.0209545 0.00386657 0.00171332
 0.919079 0.0344056 0.0443724 0.00169244 0.000450674
 0.655895 0.316368 0.0117931 0.0152094 0.000734588
 0.671286 0.216061 0.103572 0.00386079 0.00521969
 0.776455 0.150331 0.0481232 0.0230685 0.00202249
 0.782165 0.169295 0.0326424 0.0104494 0.0054482
 0.367723 0.495112 0.1066 0.0205541 0.0100103
 0.781915 0.080359 0.107848 0.0232203 0.0066577
 0.666702 0.260765 0.0267263 0.0358688 0.00993701
 0.499704 0.33387 0.130208 0.0133453 0.0228722
pobs_pel_tallas
 0 0 0 0 0 0 0 0 0 0 0 0 0 0 0 0 0 0 0 0 0 0 0 0 0 0
 0 0 0 0 0 0 0 0 0 0 0 0 0 0 0 0 0 0 0 0 0 0 0 0 0 0
 0 0 0 0 0 0 0 0 0 0 0 0 0 0 0 0 0 0 0 0 0 0 0 0 0 0
 0 0 0 0 0 0 0 0 0 0 0 0 0 0 0 0 0 0 0 0 0 0 0 0 0 0
 0 0 0 0 0 0 0 0 0 0 0 0 0 0 0 0 0 0 0 0 0 0 0 0 0 0
 0 0 0 0 0 0 0 0 0 0 0 0 0 0 0 0 0 0 0 0 0 0 0 0 0 0
 0 0 0 0 0 0 0 0 0 0 0 0 0 0 0 0 0 0 0 0 0 0 0 0 0 0
 0 0 0 0 0 0 0 0 0 0 0 0 0 0 0 0 0 0 0 0 0 0 0 0 0 0
 0 0 0 0 0 0 0 0 0 0 0 0 0 0 0 0 0 0 0 0 0 0 0 0 0 0
 0 0 0 0 0 0 0 0 0 0 0 0 0 0 0 0 0 0 0 0 0 0 0 0 0 0
 0 0 0 0 0 0 0 0 0 0 0 0 0 0 0 0 0 0 0 0 0 0 0 0 0 0
 0 0 0 0 0 0 0 0 0 0 0 0 0 0 0 0 0 0 0 0 0 0 0 0 0 0
 0.00862536 0 0 0.000197151 0.00414017 0.0128641 0.00837892 0.0270097 0.101434 0.158115 0.152841 0.127902 0.109271 0.109419 0.0830992 0.0579132 0.0238553 0.00714673 0.00463305 0.00128148 0.00103504 0.000492878 0.000147863 0.000147863 4.92878e-05 0
 0 0 0 0 0 0 0 0 0 0 0 0 0 0 0 0 0 0 0 0 0 0 0 0 0 0
 0 0 0 0 0 0 0 0.0054083 0.00873648 0.0413646 0.0450493 0.0745869 0.0622846 0.0627006 0.0613931 0.0827291 0.12552 0.122667 0.0946155 0.0697135 0.0546179 0.0294188 0.0215738 0.0213955 0.0102223 0.00600262
 0 0 0 0 0.00359764 0.0251062 0.0480494 0.140153 0.205849 0.193036 0.1447 0.116669 0.0760912 0.0342217 0.00950174 0.001854 0.000860785 0 0 0 0.000165536 0 0.000143464 0 0 0
 0 0 0 0 0 0 0 0.000145254 0.000435761 0.0275982 0.070085 0.0708112 0.156366 0.174668 0.174014 0.160142 0.0824315 0.0480064 0.0283245 0.00493863 0.00203355 0 0 0 0 0
 0 0 0 0 0 0 0 0 0 0 0 0 0 0 0 0 0 0 0 0 0 0 0 0 0 0
 0 0 1.00437e-05 0.000401748 0.00122533 0.00171747 0.00176769 0.0269171 0.070346 0.194647 0.189555 0.159765 0.064822 0.0314167 0.0384472 0.0292271 0.0345202 0.0313363 0.0194345 0.0106764 0.0143323 0.0359363 0.0279516 0.0138201 0.00172751 0
 0 0.0021121 0.0136068 0.0755702 0.200478 0.177729 0.0527432 0.0373336 0.0318909 0.0142505 0.0149659 0.0166563 0.0217959 0.0798694 0.0677717 0.0528807 0.04013 0.0224614 0.0357745 0.0225083 0.00881397 0.00855152 0.00135912 0.000746735 0 0
 0 0 0 0 5.4009e-05 0.00500934 0.000945158 0.0243581 0.138947 0.33067 0.221406 0.137944 0.0707744 0.0437923 0.0131692 0.00525238 0.0047753 0.00276346 9.45158e-05 9.00151e-06 2.25038e-05 9.00151e-06 4.50075e-06 0 0 0
 0.000866109 0.00284123 0.00948549 0.0512746 0.133035 0.25785 0.225252 0.132002 0.0553304 0.0519788 0.0540692 0.017754 0.00435017 0.00159236 0.00146478 0.000404838 0.000125132 0.000115318 0.000107957 0.000100596 0 0 0 0 0 0
 0 0 0 0 0.00144013 0.00171154 0.00461396 0.0210425 0.0478622 0.0707936 0.0888783 0.103762 0.0637923 0.0337046 0.0602308 0.124433 0.169614 0.0934646 0.0462172 0.0250306 0.0313229 0.00938855 0.002487 0.000210481 0 0
 0 0.00764035 0.051015 0.0998891 0.058973 0.0496711 0.0374665 0.0718981 0.12319 0.153886 0.159021 0.0857701 0.0377988 0.023471 0.0147837 0.00900784 0.00315554 0.000888139 0.00291439 0.00214683 0.00393193 0.00274676 0.000635225 9.99891e-05 0 0
 0 0 0 0 0 0 0 0 0 0 0 0 0 0 0 0 0 0 0 0 0 0 0 0 0 0
 0 0 0 0 0 0 0 0 0 0 0 0 0 0 0 0 0 0 0 0 0 0 0 0 0 0
ppred_pel_tallas
 1.12037e-16 4.2614e-05 0.000414224 0.00275266 0.0125132 0.0389333 0.082952 0.121073 0.121085 0.083011 0.039133 0.0130965 0.00424112 0.00374387 0.00660114 0.0114568 0.0179193 0.0254818 0.0335443 0.0416527 0.049453 0.0563231 0.0611072 0.0623882 0.0592318 0.0518485
 1.20932e-16 4.07367e-05 0.000395975 0.00263139 0.0119619 0.0372182 0.0792982 0.115743 0.115769 0.0794221 0.0376343 0.0131651 0.00565706 0.0070204 0.0126817 0.0210679 0.0307643 0.0396389 0.045624 0.0479658 0.0477379 0.0470658 0.0476354 0.0496372 0.0518199 0.0524035
 1.17066e-16 5.08823e-05 0.000494594 0.00328675 0.0149411 0.0464874 0.099047 0.144566 0.144584 0.0991369 0.0467898 0.0158164 0.00549065 0.00532831 0.00929846 0.015472 0.0227158 0.0295026 0.0343311 0.0365858 0.0368993 0.0366349 0.0368996 0.0378733 0.0388685 0.0388987
 1.06588e-16 6.50192e-05 0.00063201 0.00419993 0.0190923 0.0594032 0.126565 0.184728 0.184741 0.126627 0.0596102 0.0196908 0.00570445 0.00392387 0.00633934 0.0104378 0.0151761 0.0194043 0.0220071 0.022505 0.0213382 0.0195376 0.0180432 0.0172072 0.0167785 0.0162422
 1.04298e-16 5.83393e-05 0.000567079 0.00376844 0.0171308 0.0533004 0.113563 0.165753 0.165775 0.113672 0.0536653 0.0181849 0.00641505 0.00634671 0.0110412 0.018178 0.0262221 0.0330672 0.0366105 0.0358951 0.0316782 0.0259037 0.0205163 0.0165405 0.0139579 0.0121893
 1.02891e-16 6.60054e-05 0.000641596 0.00426363 0.0193819 0.0603043 0.128485 0.187531 0.187544 0.128552 0.0605278 0.020028 0.00588751 0.00419321 0.00683076 0.0112394 0.0163041 0.0207534 0.0233313 0.0234503 0.0215139 0.0185904 0.0157166 0.0133911 0.0115561 0.00991732
 1.05025e-16 4.42967e-05 0.00043058 0.00286136 0.0130073 0.0404709 0.0862288 0.125861 0.125897 0.0864035 0.0410575 0.0147022 0.00711674 0.00972394 0.0177055 0.0292308 0.0421754 0.0531896 0.0588844 0.0576971 0.0508062 0.041292 0.032248 0.0253243 0.020548 0.0170943
 1.10559e-16 4.23591e-05 0.000411745 0.00273619 0.0124384 0.0387005 0.0824564 0.120353 0.120378 0.0825812 0.0391202 0.0136536 0.00579786 0.0071323 0.0129143 0.0215664 0.031726 0.0412849 0.0480846 0.0510837 0.0508525 0.0489188 0.0465509 0.04402 0.0408133 0.0363827
 1.13137e-16 4.97014e-05 0.000483115 0.00321047 0.0145943 0.0454085 0.0967484 0.141211 0.141231 0.0968453 0.0457343 0.0155371 0.00558419 0.00568923 0.0100095 0.0166621 0.0244599 0.0317551 0.036915 0.0392428 0.0393601 0.0386501 0.0382133 0.0381874 0.0378665 0.0363516
 1.07436e-16 6.28207e-05 0.000610639 0.00405791 0.0184467 0.0573946 0.122286 0.178483 0.178496 0.122354 0.0576227 0.0191064 0.00571663 0.00424102 0.00698576 0.011525 0.0167784 0.0214955 0.0244571 0.025137 0.024011 0.022191 0.0206795 0.019832 0.0193529 0.0186768
 1.02382e-16 7.06747e-05 0.000686983 0.00456524 0.0207529 0.0645702 0.137574 0.200795 0.200806 0.137625 0.0647419 0.0212492 0.00581143 0.00340914 0.00524573 0.00857437 0.0123787 0.0156404 0.0173753 0.0171381 0.0152837 0.0127162 0.0103306 0.00858414 0.00744574 0.00662915
 1.01642e-16 6.46015e-05 0.00062795 0.00417295 0.0189696 0.0590216 0.125753 0.183543 0.183561 0.12584 0.0593143 0.0198148 0.0062943 0.00525811 0.00885581 0.0145321 0.0209134 0.0262685 0.0288778 0.0279471 0.0240763 0.0188487 0.0138847 0.0100947 0.00756215 0.00590404
 1.02382e-16 6.06929e-05 0.000589957 0.00392047 0.0178219 0.0554507 0.118144 0.172439 0.172459 0.118242 0.0557782 0.0187684 0.0062976 0.00578383 0.00993818 0.0163684 0.0236534 0.0299096 0.0332499 0.0327889 0.0291428 0.0239654 0.0189158 0.0148775 0.0118841 0.00954965
 1.03809e-16 5.68509e-05 0.000552611 0.00367229 0.0166937 0.0519405 0.110666 0.161524 0.161546 0.110774 0.0523033 0.0177422 0.00630654 0.00631143 0.011018 0.0181883 0.0263431 0.0334363 0.0374116 0.0373083 0.0337985 0.0286622 0.023647 0.0196253 0.0165434 0.0139288
 1.03381e-16 6.49264e-05 0.000631108 0.00419394 0.019065 0.0593185 0.126385 0.184465 0.184479 0.126454 0.0595515 0.0197386 0.00588688 0.00433424 0.00711975 0.0117251 0.0170194 0.0216872 0.0244286 0.0246406 0.022749 0.0198637 0.0170488 0.014795 0.0130069 0.0113478
 1.00559e-16 7.85503e-05 0.000763537 0.00507397 0.0230655 0.0717655 0.152904 0.223169 0.223172 0.152921 0.0718234 0.023233 0.00549436 0.00168174 0.00182383 0.00289466 0.0041713 0.00526472 0.0058369 0.00573411 0.00507269 0.00415552 0.00328545 0.00262195 0.00216433 0.00182873
 1.01423e-16 3.49311e-05 0.000339542 0.00225638 0.0102572 0.0319143 0.0679987 0.0992572 0.09931 0.0682569 0.0327811 0.0127596 0.00853325 0.0140268 0.0259849 0.0427859 0.0613559 0.0765764 0.0832544 0.0789958 0.0656626 0.0481841 0.0317112 0.0192998 0.0114368 0.00702617
 1.01536e-16 7.57033e-05 0.000735863 0.00489007 0.0222295 0.0691644 0.147362 0.21508 0.215083 0.147379 0.0692201 0.0223912 0.00529866 0.00163747 0.00181624 0.0029561 0.00442102 0.00591172 0.00716502 0.00803779 0.00854863 0.00879036 0.00879764 0.00850109 0.00780468 0.00670234
 1.02071e-16 5.40252e-05 0.000525145 0.00348977 0.015864 0.049359 0.105166 0.153499 0.153529 0.105314 0.0498583 0.0173054 0.00710546 0.00841046 0.0150071 0.0246656 0.0353908 0.0442245 0.0481975 0.0459578 0.0385991 0.0289617 0.0199805 0.013346 0.00924305 0.00694654
 1.04315e-16 5.5293e-05 0.000537468 0.00357166 0.0162363 0.0505172 0.107633 0.157098 0.157119 0.107735 0.0508612 0.0172313 0.00607464 0.00601914 0.0105175 0.0174337 0.0254182 0.0326048 0.0371005 0.037986 0.0357847 0.031964 0.0279144 0.0242535 0.0208747 0.0174586
 1.04083e-16 6.39556e-05 0.000621672 0.00413123 0.01878 0.0584315 0.124495 0.181707 0.181722 0.124566 0.0586702 0.0194701 0.00586602 0.00441677 0.00729535 0.0120225 0.017462 0.0222771 0.0251494 0.0254766 0.0237088 0.0209857 0.0183809 0.0163565 0.0147582 0.0131852
 1.02956e-16 6.4426e-05 0.000626243 0.00416161 0.0189181 0.0588612 0.125411 0.183044 0.18306 0.125491 0.0591293 0.0196925 0.0061063 0.00487422 0.00814014 0.0133767 0.0193144 0.0243976 0.027087 0.0266771 0.0237078 0.0195759 0.015672 0.0127185 0.010695 0.00919828
 1.06959e-16 3.0289e-05 0.000294419 0.00195652 0.0088941 0.0276731 0.0589622 0.0860671 0.0861149 0.0591957 0.0284573 0.0111598 0.0076466 0.0127254 0.0236668 0.039151 0.0565657 0.0714889 0.0794154 0.0782493 0.0695118 0.0572205 0.0453947 0.0361553 0.0295268 0.0244763
 1.06589e-16 6.44053e-05 0.000626043 0.00416027 0.018912 0.0588423 0.12537 0.182983 0.182991 0.125409 0.0589727 0.0192906 0.00511818 0.00274259 0.00415889 0.00696944 0.0104923 0.0141573 0.017408 0.0199643 0.0219052 0.023438 0.0245664 0.0249803 0.0242627 0.0222154
 1.06117e-16 5.49155e-05 0.000533798 0.00354728 0.0161254 0.0501723 0.106898 0.156026 0.156052 0.107021 0.0505846 0.0173162 0.00653623 0.00705882 0.0124481 0.020497 0.0295386 0.0371975 0.0411098 0.040233 0.0354901 0.0291554 0.0234757 0.0195875 0.0173624 0.0159781
 1.09052e-16 4.116e-05 0.00040009 0.00265874 0.0120863 0.0376051 0.0801228 0.116948 0.116981 0.0802807 0.0381358 0.0136209 0.00651735 0.00884484 0.016142 0.0267851 0.0389653 0.0498056 0.0563786 0.0573108 0.05353 0.0474817 0.0414919 0.0366032 0.0325782 0.028685
pSPR Fmed_Fpbrs
0.589518   0.188808 0.188808
Fs Fmed_Fpbrs
0.270181   1.005 1.005
SSBpbr Bo_Bmed_Bpbrs
1.80809e+06  975497  250978 250978
Ro
162922
SPR SPRFo_SPRFmed_SPRFpbrs
1.15472e+06 680730 218021
Fref
1.005
log_Ro
11.821
likeval ReclasPelacesDesembMPH_pf_preclas_ppelaces_ptallas_desvR_qrecl_qpela
 11.9943 16.9744 0.0483525 0.00260479 183.816 76.9645 51.768 0 22.1572 0 0 0.24861 0 0 0
q_reclas_q_pelaces
1 1
M
1
N
 185539 43434.4 124068 7772.89 0.263012
 110140 59658.9 13756.5 39294.6 2461.9
 100985 31681.7 16693.2 3849.23 11684
 171166 29204.5 8917.96 4698.91 4372.37
 134574 44312.3 7268.1 2219.4 2257.56
 244617 43872.9 14251.7 2337.57 1439.88
 99826.3 72176.8 12628.5 4102.25 1087.31
 42784 22002.3 15018.8 2627.77 1079.86
 41494.2 14471.6 7372.34 5032.37 1242.32
 56115.7 11000.9 3698.11 1883.95 1603.46
 104585 13344.4 2490.94 837.366 789.656
 142181 34912.6 4406.29 822.502 537.239
 117561 34241.6 8017.39 1011.87 312.253
 82096 28972.3 8067.4 1888.92 311.966
 79154.1 15384.2 5033.1 1401.48 382.34
 462910 18338.2 3383.81 1107.05 392.358
 91770 121514 4634.76 855.214 378.956
 698636 26700.7 34435.5 1313.43 349.748
 413941 205802 7671.57 9893.91 477.86
 332919 110037 52747.8 1966.25 2658.32
 466284 92114.4 29487.3 14135.1 1239.27
 622307 138205 26647.9 8530.42 4447.68
 126991 173707 37400.1 7211.27 3512.04
 378627 39434.5 52924.2 11394.9 3267.13
 304325 120724 12373.2 16605.8 4600.44
 142325 96203.3 37518.9 3845.38 6590.54
pred_Ctot
 14935.7 3865.24 11040.8 691.711 0.0234055
 15490.7 9231.06 2128.55 6080.08 380.932
 13923.2 4806.65 2532.64 583.992 1772.65
 32983.1 6164.23 1882.32 991.804 922.88
 9776.8 3561.06 584.085 178.357 181.424
 31162.1 6155.43 1999.54 327.965 202.018
 26362.9 20747.4 3630.08 1179.2 312.55
 2193.45 1249.83 853.139 149.27 61.3413
 7524.16 2877.14 1465.72 1000.5 246.99
 12992.8 2780.56 934.726 476.183 405.286
 6169.56 871.692 162.715 54.6989 51.5824
 32120.9 8614.52 1087.23 202.948 132.561
 25339.1 8068.19 1889.1 238.422 73.5748
 26873.2 10262 2857.49 669.058 110.499
 19229.8 4075.86 1333.46 371.305 101.297
 86147 3740.24 690.156 225.792 80.0247
 12364.3 18020.1 687.319 126.825 56.1979
 89603.6 3771.28 4863.76 185.513 49.3994
 74526.1 40629.4 1514.52 1953.26 94.3391
 53389.1 19381.8 9290.92 346.332 468.233
 58289.7 12684.5 4060.52 1946.47 170.653
 97050.1 23681.9 4566.21 1461.71 762.125
 12688.4 19157.3 4124.67 795.295 387.326
 32274.7 3714.63 4985.33 1073.37 307.755
 27403 12008.2 1230.74 1651.75 457.598
 10648.9 7960.85 3104.7 318.207 545.369
F
 0.134623 0.149742 0.149742 0.149742 0.149742
 0.246011 0.273638 0.273638 0.273638 0.273638
 0.240648 0.267673 0.267673 0.267673 0.267673
 0.351369 0.390829 0.390829 0.390829 0.390829
 0.120815 0.134382 0.134382 0.134382 0.134382
 0.220573 0.245344 0.245344 0.245344 0.245344
 0.512287 0.569817 0.569817 0.569817 0.569817
 0.0839791 0.09341 0.09341 0.09341 0.09341
 0.327577 0.364364 0.364364 0.364364 0.364364
 0.436317 0.485316 0.485316 0.485316 0.485316
 0.0971537 0.108064 0.108064 0.108064 0.108064
 0.423658 0.471235 0.471235 0.471235 0.471235
 0.400619 0.445609 0.445609 0.445609 0.445609
 0.674552 0.750304 0.750304 0.750304 0.750304
 0.462408 0.514337 0.514337 0.514337 0.514337
 0.337502 0.375404 0.375404 0.375404 0.375404
 0.234595 0.26094 0.26094 0.26094 0.26094
 0.222215 0.247169 0.247169 0.247169 0.247169
 0.324905 0.361392 0.361392 0.361392 0.361392
 0.284869 0.31686 0.31686 0.31686 0.31686
 0.216056 0.24032 0.24032 0.24032 0.24032
 0.276064 0.307066 0.307066 0.307066 0.307066
 0.169476 0.188509 0.188509 0.188509 0.188509
 0.143044 0.159108 0.159108 0.159108 0.159108
 0.151633 0.168662 0.168662 0.168662 0.168662
 0.124619 0.138613 0.138613 0.138613 0.138613
nmprior
 8 8 7 0
nm_flota  nm_reclas  nm_pelaces    nm_pelaL
inf 9.56461 13.2308 7.89349
cv_recla  cv_pelaces  cv_mph
0.356369 0.582656 1.57504
 ------------------------------------------------
Talla a la edad & desviación 
 8 13.2811 15.8009 17.003 17.5766
 0.8 1.32811 1.58009 1.7003 1.75766
