    unsorted:	 2.192839879e-06 4.802734041e-05 0.0001004066845 0.001099938797 6.177315677 6.194741057 3.416149546 13.46355073 12.65813368 56.36667972 131.2960167 155.3281944 221.8952646 246.8277075 461.3118701 501.6089813 623.8356325 892.8955329 899.8285418 912.6852552 785.1699356 820.0867946 1039.189522 1172.107706 1246.677668 1360.885820 1437.936908 1574.833073 1730.845724 1754.899926 2029.684330 2183.660613 2421.231699 2394.575789 2321.180367 2477.929633 2641.442463 2666.180504 2835.326713 2962.869800 3534.214133 3939.888599 10389.98335 41482.12886 169216.7401 386634.7837 387731.7158 379240.7451 364452.7571 357294.0581 402035.6731 432684.8748 315574.5815 450836.6112 464915.2617 609533.4011 623439.7113 660782.6428 700902.7132 717591.7625 973147.1769 1057104.301 1119801.656 1201397.816 1519306.595 1665571.013 1801690.620 2259328.963 2345985.674 2452060.691 2566302.591 2779903.246 3242128.743 40443068.33
      sorted:	 2.192839879e-06 4.802734041e-05 0.0001004066845 0.001099938797 3.416149546 6.177315677 6.194741057 12.65813368 13.46355073 56.36667972 131.2960167 155.3281944 221.8952646 246.8277075 461.3118701 501.6089813 623.8356325 785.1699356 820.0867946 892.8955329 899.8285418 912.6852552 1039.189522 1172.107706 1246.677668 1360.885820 1437.936908 1574.833073 1730.845724 1754.899926 2029.684330 2183.660613 2321.180367 2394.575789 2421.231699 2477.929633 2641.442463 2666.180504 2835.326713 2962.869800 3534.214133 3939.888599 10389.98335 41482.12886 169216.7401 315574.5815 357294.0581 364452.7571 379240.7451 386634.7837 387731.7158 402035.6731 432684.8748 450836.6112 464915.2617 609533.4011 623439.7113 660782.6428 700902.7132 717591.7625 973147.1769 1057104.301 1119801.656 1201397.816 1519306.595 1665571.013 1801690.620 2259328.963 2345985.674 2452060.691 2566302.591 2779903.246 3242128.743 40443068.33
