years
 1991 1992 1993 1994 1995 1996 1997 1998 1999 2000 2001 2002 2003 2004 2005 2006 2007 2008 2009 2010 2011 2012 2013 2014 2015 2016 2017 2018 2019 2020 2021
reclasobs
 0 0 0 0 0 0 0 0 0 252601 567819 844713 477998 351125 339783 2.1784e+06 2.13404e+06 4.81314e+06 1.55562e+06 2.62356e+06 3.21686e+06 3.843e+06 1.13348e+06 3.07943e+06 1.97215e+06 2.03268e+06 2.025e+06 2.42433e+06 2.27542e+06 1.05018e+06 2.36338e+06
reclaspred
 3.47302e+06 1.86664e+06 940764 1.03481e+06 1.07587e+06 2.0808e+06 1.05158e+06 842515 534420 281966 724356 771918 433221 466464 395909 1.99634e+06 1.53255e+06 3.28773e+06 1.86765e+06 2.15114e+06 2.57055e+06 2.67359e+06 1.89041e+06 3.08285e+06 2.22032e+06 1.96434e+06 2.30703e+06 2.77353e+06 2.09159e+06 1.12874e+06 2.24962e+06
pelacesobs
 0 0 0 0 0 0 0 0 0 0 0 0 0 0 0 552880 188675 0 991730 2.46772e+06 1.41603e+06 1.21717e+06 2.29649e+06 1.80582e+06 0 1.4828e+06 1.56532e+06 1.57751e+06 1.42118e+06 867257 0
pelacespred
 1.94783e+06 1.12274e+06 537364 493770 583733 1.18024e+06 499508 564372 303185 132041 417749 367127 199847 229058 197264 964008 777682 1.88195e+06 986189 1.01316e+06 1.27244e+06 1.37906e+06 1.04907e+06 1.95225e+06 1.32246e+06 1.19771e+06 1.59487e+06 1.89956e+06 1.20512e+06 699528 1.3466e+06
mphobs
 0 0 0 0 0 0 0 0 0 0 0 7.67 0 0.13 0.76 0 40.65 1.12 3.01 1.25 6.66 0.48 5.37 5.68 0 0 0 0 0 0 0
mphpred
 9.33555 6.34976 2.94866 1.65359 1.91169 2.47245 3.65354 1.68018 1.4512 0.697771 0.324811 1.62458 1.10223 0.413707 0.401409 0.488302 4.14905 2.92251 5.29228 2.39728 4.72816 3.55983 4.98695 3.63328 5.42175 4.39272 3.57006 3.73601 6.15285 3.65978 1.69195
desembarqueobs
 494567 514787 250237 358949 120608 361735 552515 73892 212993 205616 52469 317467 293654 387597 252695 516296 358380 742168 942051 627588 828172 859565 418607 520667 417249 300574 407403 355545 319650 289779 219260
desembarquepred
 494564 514127 250528 358972 120612 361729 552504 73898.3 213071 205677 52465.6 317566 293895 387301 252580 516143 358612 742145 941841 627299 828859 859607 418566 520658 417185 300542 407367 355455 319566 289757 219262
Reclutas
 158184 89750.6 85609.2 126661 99354.1 196275 71038.4 26742.1 26096.5 35519.3 97878.4 83224.2 53017.7 81415 50022.2 380747 42648.4 422766 186464 337054 172375 501973 63918.9 208066 184362 81745.9 164094 210949 59280 40145.2 211914
log_desv_Rt
 0.378045 -0.188682 -0.235923 0.155794 -0.0870257 0.5938 -0.422496 -1.39948 -1.42392 -1.11564 -0.10199 -0.264178 -0.71509 -0.286156 -0.773249 1.25642 -0.932726 1.3611 0.54252 1.13453 0.463956 1.53283 -0.528101 0.652139 0.531187 -0.2821 0.414722 0.665901 -0.603444 -0.993213 0.670466
SSB
 1.31312e+06 893148 414754 232592 268896 347772 513901 236332 204124 98147.4 45687.5 228511 155037 58191.4 56461.6 68683.9 583599 411076 744404 337198 665056 500721 701457 511052 762615 617873 502160 525501 865451 514779 237987
BT
 1.99665e+06 1.40589e+06 668376 701580 576981 1.29951e+06 894475 534804 462155 305525 397849 566293 432809 604256 418696 1.23195e+06 913822 2.26017e+06 1.72002e+06 1.35266e+06 1.71608e+06 1.91837e+06 1.21167e+06 2.13797e+06 1.47227e+06 1.2552e+06 1.76206e+06 1.95616e+06 1.24522e+06 853948 1.32897e+06
Ftot
 0.301041 0.555867 0.548954 0.773978 0.253154 0.411612 1.01823 0.19446 0.845947 1.46875 0.190501 0.871768 1.35654 1.81795 1.44906 0.66886 0.475208 0.550665 1.03018 0.700163 0.689228 0.758655 0.457524 0.405229 0.412926 0.332712 0.415622 0.31226 0.3107 0.526911 0.247994
BD_Bspro_t
 0.952975 0.697081 0.451814 0.350293 0.358069 0.469446 0.492711 0.278694 0.318142 0.217478 0.149772 0.538644 0.317025 0.14102 0.127302 0.152094 0.467118 0.367139 0.442075 0.256265 0.346593 0.290163 0.377117 0.331011 0.460703 0.471417 0.479482 0.528573 0.629805 0.506993 0.405088
BD_Bspro
 1.7014 1.15724 0.53739 0.301366 0.348404 0.450602 0.665854 0.306211 0.26448 0.127168 0.0591966 0.296079 0.200879 0.0753978 0.0731564 0.0889926 0.756161 0.532625 0.964513 0.436903 0.861703 0.648776 0.908868 0.662161 0.988108 0.800568 0.650641 0.680883 1.12135 0.666991 0.308356
BD_Bo
 1.0745 0.730846 0.339385 0.190325 0.220032 0.284575 0.420515 0.193386 0.167031 0.0803121 0.0373852 0.186986 0.126864 0.0476169 0.0462014 0.0562027 0.477548 0.336375 0.609131 0.275923 0.544202 0.40973 0.573989 0.418183 0.624033 0.505593 0.410907 0.430007 0.708181 0.421234 0.19474
BD_Brms
 1.95364 1.32881 0.617063 0.346046 0.400058 0.517408 0.764574 0.35161 0.303692 0.146022 0.0679731 0.339975 0.230662 0.0865762 0.0840026 0.102187 0.868269 0.611591 1.10751 0.501678 0.989459 0.744963 1.04362 0.760333 1.13461 0.919261 0.747105 0.781831 1.2876 0.765879 0.354073
Sel_flota
 0.717415 1 1 1 1
 0.717415 1 1 1 1
 0.717415 1 1 1 1
 0.717415 1 1 1 1
 0.717415 1 1 1 1
 0.717415 1 1 1 1
 0.717415 1 1 1 1
 0.717415 1 1 1 1
 0.717415 1 1 1 1
 0.717415 1 1 1 1
 0.717415 1 1 1 1
 0.717415 1 1 1 1
 0.717415 1 1 1 1
 0.717415 1 1 1 1
 0.717415 1 1 1 1
 0.717415 1 1 1 1
 0.717415 1 1 1 1
 0.717415 1 1 1 1
 0.717415 1 1 1 1
 0.717415 1 1 1 1
 0.717415 1 1 1 1
 0.717415 1 1 1 1
 0.717415 1 1 1 1
 0.717415 1 1 1 1
 0.717415 1 1 1 1
 0.717415 1 1 1 1
 0.717415 1 1 1 1
 0.717415 1 1 1 1
 0.717415 1 1 1 1
 0.717415 1 1 1 1
 0.717415 1 1 1 1
Sel_reclas
 1 1 1 1 1
 1 1 1 1 1
 1 1 1 1 1
 1 1 1 1 1
 1 1 1 1 1
 1 1 1 1 1
 1 1 1 1 1
 1 1 1 1 1
 1 1 1 1 1
 1 1 1 1 1
 1 1 1 1 1
 1 1 1 1 1
 1 1 1 1 1
 1 1 1 1 1
 1 1 1 1 1
 1 1 1 1 1
 1 1 1 1 1
 1 1 1 1 1
 1 1 1 1 1
 1 1 1 1 1
 1 1 1 1 1
 1 1 1 1 1
 1 1 1 1 1
 1 1 1 1 1
 1 1 1 1 1
 1 1 1 1 1
 1 1 1 1 1
 1 1 1 1 1
 1 1 1 1 1
 1 1 1 1 1
 1 1 1 1 1
Sel_pelaces
 0.937564 1 1 1 1
 0.937564 1 1 1 1
 0.937564 1 1 1 1
 0.937564 1 1 1 1
 0.937564 1 1 1 1
 0.937564 1 1 1 1
 0.937564 1 1 1 1
 0.937564 1 1 1 1
 0.937564 1 1 1 1
 0.937564 1 1 1 1
 0.937564 1 1 1 1
 0.937564 1 1 1 1
 0.937564 1 1 1 1
 0.937564 1 1 1 1
 0.937564 1 1 1 1
 0.937564 1 1 1 1
 0.937564 1 1 1 1
 0.937564 1 1 1 1
 0.937564 1 1 1 1
 0.937564 1 1 1 1
 0.937564 1 1 1 1
 0.937564 1 1 1 1
 0.937564 1 1 1 1
 0.937564 1 1 1 1
 0.937564 1 1 1 1
 0.937564 1 1 1 1
 0.937564 1 1 1 1
 0.937564 1 1 1 1
 0.937564 1 1 1 1
 0.937564 1 1 1 1
 0.937564 1 1 1 1
pf_obs 
 0.8446 0.082 0.0669 0.0065 0
 0.8095 0.147 0.0364 0.0071 0
 0.9664 0.0169 0.016 0.0007 0
 0.9276 0.0648 0.0075 0.0001 0
 0.7033 0.2144 0.0806 0.0017 0
 0.9318 0.0425 0.0243 0.0014 0
 0.5671 0.3108 0.0964 0.0239 0.0018
 0.0768 0.2599 0.5324 0.112 0.0189
 0.490249 0.384438 0.106611 0.0170017 0.00170017
 0.7925 0.1577 0.0466 0.003 0.0002
 0.840416 0.127587 0.0312969 0.00059994 9.999e-05
 0.8084 0.0986 0.0794 0.0134 0.0002
 0.7335 0.1905 0.0724 0.0035 0.0001
 0.4001 0.4547 0.1325 0.0127 0
 0.49795 0.308269 0.164784 0.0264974 0.00249975
 0.9179 0.0499 0.0305 0.0017 0
 0.2467 0.6533 0.0926 0.0074 0
 0.9418 0.0223 0.034 0.0019 0
 0.707729 0.231977 0.0356964 0.0245975 0
 0.517169 0.277429 0.184464 0.0207286 0.00020938
 0.811772 0.124168 0.05621 0.00726502 0.000585176
 0.764997 0.148141 0.077277 0.00933861 0.000247198
 0.163321 0.427699 0.378323 0.0303852 0.000271297
 0.753843 0.0900009 0.118128 0.0371064 0.000921714
 0.721811 0.176058 0.0630433 0.0369309 0.00215725
 0.143369 0.312575 0.442814 0.0836902 0.0175525
 0.692698 0.0596174 0.167031 0.0765114 0.00414204
 0.394062 0.376323 0.152708 0.0712218 0.00568511
 0.125707 0.32114 0.495352 0.0537591 0.00404204
 0.23352 0.215282 0.420074 0.123614 0.00750983
 0 0 0 0 0
pf_pred 
 0.563607 0.148799 0.266782 0.0208117 8.39322e-07
 0.488308 0.334933 0.0602701 0.108059 0.00843003
 0.636124 0.216319 0.0965854 0.0173802 0.0335921
 0.771518 0.166431 0.0368887 0.0164707 0.00869228
 0.698314 0.254587 0.0343081 0.00760426 0.00518711
 0.788475 0.163096 0.0408683 0.00550741 0.00205338
 0.470871 0.448684 0.0620265 0.0155425 0.00287543
 0.482851 0.309837 0.175794 0.0243019 0.00721612
 0.577794 0.242139 0.107883 0.06121 0.0109743
 0.793588 0.142337 0.0367477 0.0163726 0.0109549
 0.932459 0.0591908 0.00575777 0.00148651 0.00110544
 0.664245 0.319668 0.0140989 0.00137147 0.000617389
 0.668168 0.253339 0.0747314 0.00329603 0.000464952
 0.879118 0.0947472 0.0199528 0.00588578 0.000296211
 0.825225 0.163479 0.00885362 0.00186448 0.000577674
 0.975841 0.0216603 0.00233699 0.000126566 3.49114e-05
 0.267927 0.720701 0.0101958 0.00110005 7.60092e-05
 0.911375 0.0315932 0.0561457 0.000794293 9.16202e-05
 0.570841 0.403587 0.00911602 0.0162005 0.000255625
 0.845975 0.106476 0.0447161 0.00101002 0.00182328
 0.613735 0.346315 0.0276166 0.011598 0.000734872
 0.878041 0.0871391 0.0312183 0.00248947 0.00111173
 0.292742 0.650636 0.0404566 0.0144939 0.00167195
 0.779908 0.0846085 0.124637 0.00774994 0.00309676
 0.670459 0.2772 0.0201208 0.0296401 0.00257946
 0.476036 0.394429 0.108961 0.007909 0.0126647
 0.74874 0.143904 0.0808158 0.0223253 0.00421541
 0.740789 0.211755 0.0271796 0.0152639 0.00501283
 0.364456 0.513353 0.0998202 0.0128123 0.00955839
 0.444169 0.254205 0.243634 0.0473741 0.010617
 0.894678 0.0579018 0.0216871 0.0207853 0.00494742
pobs_RECLAS
 0 0 0 0 0
 0 0 0 0 0
 0 0 0 0 0
 0 0 0 0 0
 0 0 0 0 0
 0 0 0 0 0
 0 0 0 0 0
 0 0 0 0 0
 0 0 0 0 0
 0 0 0 0 0
 0.991045 0.00858322 0.000360255 1.14367e-05 0
 0.934742 0.0480273 0.0164251 0.00080598 0
 0.827803 0.169806 0.00239088 0 0
 0.941827 0.0461693 0.0120037 0 0
 0.791401 0.0380133 0.147996 0.0225897 0
 0.846168 0.0940531 0.0597789 0 0
 0.134021 0.677848 0.182769 0.00536245 0
 0.80878 0.0450904 0.141981 0.00414843 0
 0.846168 0.0940531 0.0597789 0 0
 0.905697 0.0802665 0.012482 0.00150086 5.37128e-05
 0.989698 0.0102097 9.19794e-05 0 0
 0.975433 0.0193895 0.00387452 0.00125025 5.28907e-05
 0.303575 0.632131 0.0575291 0.00676475 0
 0.966965 0.00978017 0.0227588 0.000495775 0
 0.843318 0.132988 0.00938335 0.0141283 0.000182051
 0.564624 0.303363 0.111486 0.0197234 0.00080311
 0.826376 0.0876187 0.0782897 0.00655872 0.00115652
 0.89761 0.0855135 0.0140674 0.00269457 0.000114338
 0.34875 0.467042 0.161289 0.0227151 0.000203297
 0.318654 0.224769 0.449479 0.00709798 0
 0.937255 0.0296025 0.0250945 0.00804832 0
ppred_RECLAS
 0.64488 0.121086 0.217097 0.0169358 6.83007e-07
 0.575418 0.277914 0.0500097 0.0896627 0.0069949
 0.712805 0.170733 0.0762315 0.0137176 0.026513
 0.828924 0.124615 0.0276204 0.0123324 0.00650834
 0.764672 0.198588 0.0267618 0.00593165 0.00404616
 0.840318 0.123123 0.0308519 0.0041576 0.00155011
 0.564134 0.369601 0.0510939 0.0128031 0.00236861
 0.566775 0.259556 0.147266 0.0203581 0.00604508
 0.663429 0.193026 0.0860013 0.0487949 0.00874842
 0.852081 0.102002 0.0263342 0.011733 0.00785051
 0.950842 0.043081 0.00419069 0.00108193 0.000804578
 0.740497 0.247069 0.010897 0.00106 0.000477176
 0.749562 0.191199 0.0564009 0.00248756 0.000350906
 0.917994 0.0642764 0.0135359 0.00399291 0.00020095
 0.875997 0.115988 0.00628163 0.00132284 0.000409859
 0.982953 0.0152841 0.00164905 8.93082e-05 2.46345e-05
 0.341232 0.648535 0.00917481 0.000989899 6.83981e-05
 0.935901 0.0228501 0.040608 0.000574481 6.62652e-05
 0.659394 0.320311 0.00723501 0.0128577 0.000202879
 0.887035 0.0780914 0.0327956 0.00074077 0.00133723
 0.694225 0.27415 0.0218619 0.0091812 0.00058174
 0.911682 0.0631026 0.022607 0.00180278 0.000805073
 0.369244 0.580258 0.0360805 0.0129261 0.0014911
 0.833372 0.0640555 0.0943604 0.00586734 0.0023445
 0.741762 0.217222 0.0157672 0.0232268 0.00202134
 0.561187 0.33033 0.0912534 0.0066237 0.0106065
 0.807973 0.109979 0.0617639 0.0170622 0.00322165
 0.800793 0.162736 0.0208878 0.0117305 0.00385243
 0.44647 0.447107 0.0869389 0.011159 0.00832492
 0.531274 0.214369 0.205454 0.0399501 0.00895321
 0.922618 0.0425416 0.015934 0.0152714 0.00363497
pobs_PELACES
 0 0 0 0 0
 0 0 0 0 0
 0 0 0 0 0
 0 0 0 0 0
 0 0 0 0 0
 0 0 0 0 0
 0 0 0 0 0
 0 0 0 0 0
 0 0 0 0 0
 0 0 0 0 0
 0 0 0 0 0
 0 0 0 0 0
 0 0 0 0 0
 0 0 0 0 0
 0 0 0 0 0
 0 0 0 0 0
 0.505614 0.472636 0.0217494 0 0
 0 0 0 0 0
 0.443492 0.261883 0.143347 0.151278 0
 0.227955 0.32914 0.350689 0.0885471 0.00366901
 0.970185 0.0296113 0.000203453 0 0
 0.997202 0.00247181 0.000326279 0 0
 0.445219 0.490057 0.0546422 0.010081 0
 0.90214 0.0892962 0.00764917 0.000914606 0
 0 0 0 0 0
 0.581667 0.319106 0.0959925 0.00289975 0.000334073
 0.762889 0.0836404 0.116647 0.0363945 0.000428098
 0.88444 0.0763242 0.0277011 0.0115352 0
 0.521256 0.241999 0.230069 0.00667565 0
 0.616807 0.101726 0.260614 0.0208532 0
 0 0 0 0 0
ppred_PELACES
 0.636502 0.123943 0.222219 0.0173354 6.99122e-07
 0.572329 0.279936 0.0503736 0.0903151 0.0070458
 0.710079 0.172353 0.076955 0.0138478 0.0267647
 0.830014 0.123821 0.0274444 0.0122538 0.00646687
 0.757239 0.204861 0.027607 0.00611899 0.00417396
 0.836786 0.125845 0.0315342 0.00424955 0.0015844
 0.571614 0.363258 0.050217 0.0125833 0.00232796
 0.555364 0.266393 0.151144 0.0208943 0.0062043
 0.666641 0.191184 0.0851806 0.0483293 0.00866494
 0.860987 0.0958602 0.0247486 0.0110265 0.00737784
 0.948612 0.0450349 0.00438076 0.001131 0.000841071
 0.743717 0.244003 0.0107617 0.00104685 0.000471254
 0.761025 0.182447 0.0538192 0.00237369 0.000334844
 0.925563 0.0583434 0.0122865 0.00362434 0.000182401
 0.883471 0.108998 0.00590303 0.00124312 0.000385156
 0.982918 0.0153156 0.00165245 8.94925e-05 2.46853e-05
 0.336716 0.652981 0.00923771 0.000996685 6.8867e-05
 0.93511 0.0231323 0.0411094 0.000581574 6.70835e-05
 0.666454 0.313671 0.00708503 0.0125911 0.000198673
 0.887117 0.0780345 0.0327716 0.000740229 0.00133625
 0.694183 0.274188 0.0218649 0.00918245 0.00058182
 0.912187 0.0627425 0.022478 0.00179249 0.000800477
 0.36418 0.584917 0.0363701 0.0130299 0.00150307
 0.829634 0.0654925 0.0964773 0.00599896 0.00239709
 0.736758 0.221432 0.0160728 0.0236769 0.00206051
 0.552935 0.336542 0.0929694 0.00674826 0.010806
 0.803952 0.112282 0.0630572 0.0174195 0.00328911
 0.795094 0.167392 0.0214854 0.0120661 0.00396264
 0.437715 0.454179 0.0883139 0.0113355 0.00845659
 0.527454 0.216116 0.207129 0.0402757 0.00902618
 0.919614 0.044193 0.0165525 0.0158642 0.00377607
pobs_pel_tallas
 0 0 0 0 0 0 0 0 0 0 0 0 0 0 0 0 0 0 0 0 0 0 0 0 0 0
 0 0 0 0 0 0 0 0 0 0 0 0 0 0 0 0 0 0 0 0 0 0 0 0 0 0
 0 0 0 0 0 0 0 0 0 0 0 0 0 0 0 0 0 0 0 0 0 0 0 0 0 0
 0 0 0 0 0 0 0 0 0 0 0 0 0 0 0 0 0 0 0 0 0 0 0 0 0 0
 0 0 0 0 0 0 0 0 0 0 0 0 0 0 0 0 0 0 0 0 0 0 0 0 0 0
 0 0 0 0 0 0 0 0 0 0 0 0 0 0 0 0 0 0 0 0 0 0 0 0 0 0
 0 0 0 0 0 0 0 0 0 0 0 0 0 0 0 0 0 0 0 0 0 0 0 0 0 0
 0 0 0 0 0 0 0 0 0 0 0 0 0 0 0 0 0 0 0 0 0 0 0 0 0 0
 0 0 0 0 0 0 0 0 0 0 0 0 0 0 0 0 0 0 0 0 0 0 0 0 0 0
 0 0 0 0 0 0 0 0 0 0 0 0 0 0 0 0 0 0 0 0 0 0 0 0 0 0
 0 0 0 0 0 0 0 0 0 0 0 0 0 0 0 0 0 0 0 0 0 0 0 0 0 0
 0 0 0 0 0 0 0 0 0 0 0 0 0 0 0 0 0 0 0 0 0 0 0 0 0 0
 0.00862536 0 0 0.000197151 0.00414017 0.0128641 0.00837892 0.0270097 0.101434 0.158115 0.152841 0.127902 0.109271 0.109419 0.0830992 0.0579132 0.0238553 0.00714673 0.00463305 0.00128148 0.00103504 0.000492878 0.000147863 0.000147863 4.92878e-05 0
 0 0 0 0 0 0 0 0 0 0 0 0 0 0 0 0 0 0 0 0 0 0 0 0 0 0
 0 0 0 0 0 0 0 0.0054083 0.00873648 0.0413646 0.0450493 0.0745869 0.0622846 0.0627006 0.0613931 0.0827291 0.12552 0.122667 0.0946155 0.0697135 0.0546179 0.0294188 0.0215738 0.0213955 0.0102223 0.00600262
 0 0 0 0 0.00359764 0.0251062 0.0480494 0.140153 0.205849 0.193036 0.1447 0.116669 0.0760912 0.0342217 0.00950174 0.001854 0.000860785 0 0 0 0.000165536 0 0.000143464 0 0 0
 0 0 0 0 0 0 0 0.000145254 0.000435761 0.0275982 0.070085 0.0708112 0.156366 0.174668 0.174014 0.160142 0.0824315 0.0480064 0.0283245 0.00493863 0.00203355 0 0 0 0 0
 0 0 0 0 0 0 0 0 0 0 0 0 0 0 0 0 0 0 0 0 0 0 0 0 0 0
 0 0 1.00437e-05 0.000401748 0.00122533 0.00171747 0.00176769 0.0269171 0.070346 0.194647 0.189555 0.159765 0.064822 0.0314167 0.0384472 0.0292271 0.0345202 0.0313363 0.0194345 0.0106764 0.0143323 0.0359363 0.0279516 0.0138201 0.00172751 0
 0 0.0021121 0.0136068 0.0755702 0.200478 0.177729 0.0527432 0.0373336 0.0318909 0.0142505 0.0149659 0.0166563 0.0217959 0.0798694 0.0677717 0.0528807 0.04013 0.0224614 0.0357745 0.0225083 0.00881397 0.00855152 0.00135912 0.000746735 0 0
 0 0 0 0 5.4009e-05 0.00500934 0.000945158 0.0243581 0.138947 0.33067 0.221406 0.137944 0.0707744 0.0437923 0.0131692 0.00525238 0.0047753 0.00276346 9.45158e-05 9.00151e-06 2.25038e-05 9.00151e-06 4.50075e-06 0 0 0
 0.000866109 0.00284123 0.00948549 0.0512746 0.133035 0.25785 0.225252 0.132002 0.0553304 0.0519788 0.0540692 0.017754 0.00435017 0.00159236 0.00146478 0.000404838 0.000125132 0.000115318 0.000107957 0.000100596 0 0 0 0 0 0
 0 0 0 0 0.00144013 0.00171154 0.00461396 0.0210425 0.0478622 0.0707936 0.0888783 0.103762 0.0637923 0.0337046 0.0602308 0.124433 0.169614 0.0934646 0.0462172 0.0250306 0.0313229 0.00938855 0.002487 0.000210481 0 0
 0 0.00764035 0.051015 0.0998891 0.058973 0.0496711 0.0374665 0.0718981 0.12319 0.153886 0.159021 0.0857701 0.0377988 0.023471 0.0147837 0.00900784 0.00315554 0.000888139 0.00291439 0.00214683 0.00393193 0.00274676 0.000635225 9.99891e-05 0 0
 0 0 0 0 0 0 0 0 0 0 0 0 0 0 0 0 0 0 0 0 0 0 0 0 0 0
 0 0 0 0 0 0 0 0 0 0 0 0 0 0 0 0 0 0 0 0 0 0 0 0 0 0
 0 0 0 0 0 0 0 0 0 0 0 0 0 0 0 0 0 0 0 0 0 0 0 0 0 0
 0 0 0 0 0 0 0 0 0 0 0 0 0 0 0 0 0 0 0 0 0 0 0 0 0 0
 0 0 0 0 0 0 0 0 0 0 0 0 0 0 0 0 0 0 0 0 0 0 0 0 0 0
 0 0 0 0 0 0 0 0 0 0 0 0 0 0 0 0 0 0 0 0 0 0 0 0 0 0
 0 0 0 0 0 0 0 0 0 0 0 0 0 0 0 0 0 0 0 0 0 0 0 0 0 0
ppred_pel_tallas
 1.08184e-16 5.24279e-05 0.000509617 0.00338659 0.0153949 0.0478994 0.102055 0.148955 0.148968 0.102115 0.0481021 0.0159844 0.00488166 0.00382417 0.00649593 0.0110428 0.0168007 0.0229935 0.0287962 0.0337184 0.037695 0.0407443 0.0425509 0.0424434 0.0398373 0.0347528
 1.11775e-16 4.7142e-05 0.000458237 0.00304515 0.0138428 0.0430703 0.0917669 0.133942 0.133969 0.0918989 0.043514 0.015125 0.00626619 0.00749921 0.0134484 0.0222395 0.0322364 0.0410023 0.0461225 0.0465807 0.0433927 0.0388878 0.0352028 0.0331565 0.0321866 0.0310988
 1.08183e-16 5.84883e-05 0.000568527 0.00377807 0.0171745 0.0534365 0.113853 0.166175 0.166192 0.113934 0.0537109 0.0179683 0.00577492 0.0049424 0.00840886 0.0139241 0.0203253 0.0261401 0.0299072 0.030967 0.0298243 0.0277204 0.0257735 0.0243804 0.0232437 0.0218193
 1.03147e-16 6.83672e-05 0.000664554 0.00441619 0.0200754 0.062462 0.133082 0.19424 0.194252 0.133141 0.0626582 0.0206423 0.00584036 0.00377686 0.00598922 0.00981999 0.0142039 0.0180015 0.0201034 0.0200095 0.0181198 0.0154429 0.0129604 0.0111468 0.00992685 0.00895612
 1.0217e-16 6.23729e-05 0.000606286 0.00402899 0.0183152 0.0569855 0.121414 0.177212 0.177232 0.121511 0.0573094 0.0192507 0.00637725 0.00573229 0.00979678 0.0160953 0.0231752 0.029134 0.032076 0.0311277 0.0269534 0.0212984 0.0159406 0.0118673 0.00914979 0.00734868
 1.01637e-16 6.8925e-05 0.000669976 0.00445222 0.0202392 0.0629716 0.134168 0.195825 0.195837 0.134228 0.0631711 0.0208155 0.00589994 0.00383372 0.00608727 0.00997991 0.0144288 0.0182668 0.0203482 0.0201361 0.0180028 0.0149452 0.0119582 0.00956326 0.00776852 0.00633494
 1.03198e-16 4.70832e-05 0.000457665 0.00304135 0.0138255 0.0430166 0.0916527 0.133777 0.133812 0.0918238 0.043591 0.0154846 0.00720561 0.00954798 0.0173103 0.0285405 0.0411029 0.0516742 0.0568932 0.0552035 0.0477703 0.0376727 0.028051 0.0206542 0.0156251 0.0122191
 1.07576e-16 4.57447e-05 0.000444655 0.00295489 0.0134325 0.0417936 0.0890467 0.129972 0.129998 0.0891732 0.0422187 0.0146624 0.00605078 0.00723177 0.01302 0.0216721 0.0317271 0.0409656 0.0471191 0.0490893 0.0474925 0.0440206 0.040192 0.0365429 0.0327602 0.0283744
 1.08821e-16 5.49104e-05 0.000533748 0.00354695 0.0161239 0.0501676 0.106888 0.15601 0.156029 0.106979 0.0504721 0.017005 0.00576383 0.00539112 0.00933314 0.0154839 0.0226362 0.0291858 0.0335383 0.0349838 0.0340845 0.0321818 0.0304338 0.0291649 0.0279329 0.0260767
 1.03094e-16 7.09184e-05 0.000689352 0.00458099 0.0208245 0.0647928 0.138048 0.201487 0.201497 0.138094 0.0649448 0.0212639 0.00568507 0.00310327 0.00466642 0.00763179 0.0110579 0.014059 0.0157873 0.0158643 0.0145999 0.0127618 0.011083 0.00989426 0.00910139 0.00841154
 1.00394e-16 7.81359e-05 0.000759509 0.00504721 0.0229439 0.0713869 0.152098 0.221992 0.221996 0.152119 0.0714581 0.0231493 0.0055628 0.00188457 0.00221339 0.00353174 0.00507123 0.00635874 0.00697062 0.0067139 0.00573803 0.00443503 0.00320745 0.00228358 0.00168565 0.00131634
 1.00558e-16 6.1259e-05 0.00059546 0.00395704 0.0179881 0.0559679 0.119246 0.174049 0.174072 0.119361 0.0563529 0.0190997 0.00674528 0.00667576 0.0115898 0.0190134 0.0272658 0.0340385 0.0370229 0.0351534 0.0292519 0.0214996 0.0141766 0.00863592 0.00509707 0.0030834
 1.01895e-16 6.26847e-05 0.000609318 0.00404913 0.0184068 0.0572704 0.122021 0.178097 0.178115 0.122107 0.0575598 0.0192431 0.00615041 0.00520288 0.00880539 0.0145061 0.0210011 0.0266355 0.0297522 0.0295611 0.0265717 0.0221848 0.0177989 0.0141497 0.0112688 0.00886934
 1.00764e-16 7.62374e-05 0.000741055 0.00492457 0.0223864 0.0696524 0.148402 0.216598 0.216604 0.14843 0.0697448 0.0226534 0.00559504 0.0022058 0.00286128 0.00461806 0.00666487 0.00842257 0.00935605 0.00921836 0.00818888 0.00674067 0.00534615 0.0042533 0.00346311 0.00285332
 1.00389e-16 7.27704e-05 0.000707354 0.00470062 0.0213683 0.0664848 0.141653 0.206749 0.20676 0.141705 0.0666569 0.021865 0.00594661 0.00342483 0.00522626 0.00850521 0.0121987 0.0152426 0.0166059 0.0158148 0.0132355 0.00983721 0.00662925 0.00420488 0.00265221 0.00175301
 1.00065e-16 8.09616e-05 0.000786976 0.00522973 0.0237736 0.0739685 0.157598 0.230019 0.23002 0.157605 0.0739927 0.0238435 0.00540509 0.00116963 0.000807194 0.00120498 0.00172472 0.00216168 0.00236775 0.00227592 0.00193551 0.0014785 0.0010415 0.000703623 0.000475909 0.000330047
 1.00546e-16 2.7735e-05 0.000269594 0.00179155 0.00814417 0.0253399 0.0539916 0.0788155 0.0788783 0.0542984 0.0263696 0.0111166 0.009246 0.0165205 0.0308257 0.0507454 0.0726943 0.0905646 0.0981517 0.092597 0.0761397 0.0547134 0.0345531 0.0194084 0.00993893 0.00485851
 1.01263e-16 7.70238e-05 0.000748698 0.00497536 0.0226173 0.0703708 0.149932 0.218831 0.218834 0.149944 0.0704086 0.0227272 0.00525402 0.0013662 0.00127657 0.00205808 0.00311839 0.00425478 0.00530386 0.00616842 0.00683296 0.00730268 0.00752791 0.00739987 0.00683002 0.00584048
 1.01582e-16 5.4895e-05 0.000533599 0.00354596 0.0161194 0.0501537 0.106859 0.15597 0.156 0.107006 0.0506485 0.0175479 0.00712891 0.00834618 0.014866 0.0244209 0.0350143 0.0437 0.0475217 0.0451322 0.0376213 0.027827 0.0186961 0.0119469 0.00779705 0.00554244
 1.01267e-16 7.30707e-05 0.000710273 0.00472002 0.0214565 0.0667592 0.142238 0.207602 0.207609 0.142275 0.0668833 0.0218153 0.00562227 0.00268507 0.00383862 0.00626934 0.00911415 0.0116468 0.0131714 0.0133529 0.0123887 0.010831 0.00921445 0.00779436 0.00655298 0.00537639
 1.01721e-16 5.7179e-05 0.0005558 0.00369349 0.0167901 0.0522403 0.111304 0.162458 0.162484 0.111433 0.0526733 0.0180405 0.00683088 0.00740053 0.0130442 0.0214419 0.030807 0.0385829 0.0422053 0.0404948 0.0343651 0.0262189 0.0185332 0.0127272 0.00896093 0.00665667
 1.00981e-16 7.51356e-05 0.000730345 0.0048534 0.0220629 0.0686457 0.146257 0.213468 0.213474 0.146287 0.0687454 0.0223509 0.00557756 0.00231449 0.00309333 0.00501992 0.0072818 0.00927625 0.0104389 0.0105018 0.00963415 0.00829903 0.00694868 0.00580537 0.00485773 0.00400089
 1.02761e-16 2.99972e-05 0.000291583 0.00193768 0.00880842 0.0274066 0.0583947 0.0852406 0.0852969 0.0586698 0.02833 0.0114745 0.00862632 0.0148809 0.0277025 0.0456579 0.0655523 0.0819788 0.0894455 0.0854226 0.0718735 0.0539753 0.0370969 0.0243611 0.0161842 0.0113615
 1.03809e-16 6.83359e-05 0.000664249 0.00441417 0.0200662 0.0624334 0.133021 0.19415 0.194156 0.133053 0.0625398 0.0203753 0.00519655 0.00239381 0.0034163 0.00570419 0.00859273 0.0115998 0.0142544 0.0162945 0.0177357 0.0186973 0.0191588 0.0188979 0.0176692 0.0154484
 1.03244e-16 6.06858e-05 0.000589888 0.00392001 0.0178198 0.0554442 0.118131 0.172419 0.172441 0.118235 0.055794 0.0188299 0.00645478 0.00612091 0.0105584 0.0173429 0.0249422 0.0313007 0.034377 0.0332566 0.0287116 0.0226945 0.0171745 0.0132124 0.010809 0.00936062
 1.05275e-16 4.55446e-05 0.00044271 0.00294196 0.0133738 0.0416109 0.0886576 0.129405 0.129438 0.0888165 0.0421445 0.014916 0.00681652 0.00891196 0.0161625 0.0267318 0.0386987 0.0490692 0.0548029 0.0544703 0.0490553 0.0411926 0.033497 0.0273179 0.0226464 0.0188347
 1.04153e-16 6.62205e-05 0.000643687 0.00427753 0.019445 0.0605007 0.128904 0.188141 0.188152 0.128957 0.0606799 0.0199636 0.00558302 0.00350629 0.0055402 0.00915235 0.0134081 0.0173452 0.0200211 0.0209923 0.0205359 0.0193701 0.0181172 0.0169574 0.0156912 0.01405
 1.02544e-16 6.54909e-05 0.000636595 0.0042304 0.0192308 0.0598342 0.127484 0.186069 0.186086 0.127562 0.0600988 0.0199953 0.00614947 0.00482606 0.00802255 0.013161 0.0189583 0.0238561 0.0263173 0.025644 0.0223945 0.0180019 0.013908 0.010885 0.008937 0.00764628
 1.05233e-16 3.60541e-05 0.000350459 0.00232893 0.010587 0.0329403 0.0701843 0.102445 0.102489 0.0703984 0.0336592 0.0126641 0.00754446 0.0117418 0.021687 0.0358394 0.051725 0.0652528 0.0722606 0.0708074 0.0622967 0.0504598 0.0390656 0.0301586 0.0238476 0.0192302
 1.116e-16 4.34457e-05 0.000422308 0.00280638 0.0127574 0.0396932 0.0845714 0.123439 0.12346 0.0846747 0.0400409 0.0137654 0.00535047 0.00602205 0.0108134 0.0181613 0.0269838 0.035663 0.0425323 0.0467653 0.0487115 0.0493273 0.049227 0.0482108 0.0456003 0.0409573
 1.0272e-16 7.57474e-05 0.000736292 0.00489292 0.0222425 0.0692047 0.147448 0.215206 0.21521 0.147469 0.069275 0.022446 0.00540478 0.00185752 0.00221674 0.00357599 0.00521946 0.00672834 0.00773737 0.00809602 0.00795367 0.00763978 0.00743071 0.00738841 0.00737214 0.00717316
pSPR Fmed_Fpbrs
0.409418   0.6 0.325
Fs Fmed_Fpbrs
0.551238   0.29317 0.723638
SSBpbr Bo_Bmed_Bpbrs
1.22208e+06  439235  672141 336071
Ro
108388
SPR SPRFo_SPRFmed_SPRFpbrs
771793 315986 250833
Fref
0.29317
Nvult_r0
 146662 7214.58 2702.22 2589.85 616.45
CTP_r0
 22152.1 1433.64 536.97 514.641 122.497
YTP_r0
219262
Np
 136070 65252.7 2905.18 1088.14 1342.28
Nvult_p0
 95507.5 47347.4 2108 789.552 973.957
CTP_p0
 16596.9 10734 477.897 178.996 220.803
YTP_p0
 316927
CBA_c0
248561
log_Ro
11.4135
likeval ReclasPelacesDesembMPH_pf_preclas_ppelaces_ptallas_desvR_qrecl_qpela
 23.0493 31.2662 0.032265 85.3565 244.934 120.293 88.4513 0 26.7058 2.66234e-05 5.48791e-05 0.0871585 7.08451e-16 0 0
q_reclas_q_pelaces
2.0775 2.86894
M
1
N
 158184 30992.2 55566.1 4334.73 0.174816
 89750.6 46889.3 8437.57 15127.8 1180.17
 85609.2 22159.1 9893.94 1780.38 3441.08
 126661 21241.7 4708.14 2102.17 1109.4
 99354.1 26742.3 3603.79 798.767 544.864
 196275 30480.1 7637.67 1029.25 383.745
 71038.4 53743.4 7429.53 1861.68 344.418
 26742.1 12587.8 7141.98 987.313 293.17
 26096.5 8556.83 3812.43 2163.07 387.817
 35519.3 5232.58 1350.92 601.89 402.723
 97878.4 4555.69 443.153 114.411 85.0818
 83224.2 31407.9 1385.24 134.749 60.6594
 53017.7 16380.9 4832.14 213.121 30.0639
 81415 7370.05 1552.06 457.834 23.0412
 50022.2 8128.16 440.2 92.7015 28.7218
 380747 6507.09 702.07 38.0223 10.4879
 42648.4 86685.4 1226.34 132.313 9.14233
 422766 11157 19827.6 280.502 32.3553
 186464 104769 2366.48 4205.58 66.3591
 337054 32758.7 13757.4 310.746 560.955
 172375 75033.6 5983.49 2512.85 159.219
 501973 38675.6 13855.8 1104.92 493.429
 63918.9 107155 6662.9 2387.04 275.358
 208066 16935 24947 1551.2 619.838
 184362 57233.4 4154.33 6119.76 532.58
 81745.9 50433.9 13932.3 1011.29 1619.38
 164094 23686.9 13302.5 3674.81 693.868
 210949 44802.5 5750.58 3229.51 1060.6
 59280 62028.7 12061.3 1548.12 1154.94
 40145.2 17450.5 16724.9 3252.11 728.831
 211914 10119.8 3790.36 3632.74 864.683
pred_Ctot
 19767.4 5218.81 9356.82 729.929 0.0294375
 19270 13217.4 2378.42 4264.29 332.672
 18187.1 6184.67 2761.43 496.91 960.416
 35673 7695.32 1705.64 761.562 401.909
 10586.1 3859.39 520.092 115.276 78.6337
 32493.8 6721.31 1684.22 226.965 84.6214
 24673.8 23511.2 3250.2 814.433 150.673
 2226.4 1428.64 810.574 112.054 33.2731
 7879.91 3302.27 1471.3 834.778 149.667
 15886.6 2849.4 735.642 327.759 219.303
 7992.14 507.326 49.35 12.7409 9.4748
 25719.6 12377.5 545.91 53.1033 23.9053
 22513.8 8536.23 2518.06 111.059 15.6665
 41481.4 4470.67 941.476 277.722 13.9768
 22179.7 4393.87 237.961 50.112 15.5263
 95351.3 2116.47 228.352 12.367 3.41126
 8006.5 21536.9 304.682 32.873 2.2714
 90051 3121.66 5547.64 78.4824 9.05279
 65321.4 46182.6 1043.15 1853.83 29.2512
 87608.5 11026.6 4630.76 104.597 188.818
 44236.2 24961.4 1990.52 835.947 52.9674
 139152 13809.8 4947.46 394.531 176.187
 11610.7 25805.5 1604.59 574.856 66.3129
 33973 3685.58 5429.24 337.59 134.896
 30607.7 12654.7 918.551 1353.12 117.757
 11187.8 9269.85 2560.79 185.877 297.645
 27399.6 5266.05 2957.4 816.979 154.26
 27255.4 7790.96 1000 561.597 184.434
 7624.33 10739.2 2088.21 268.031 199.959
 8236.52 4713.9 4517.87 878.49 196.878
 22152.1 1433.64 536.97 514.641 122.497
F
 0.215972 0.301041 0.301041 0.301041 0.301041
 0.398787 0.555867 0.555867 0.555867 0.555867
 0.393828 0.548954 0.548954 0.548954 0.548954
 0.555264 0.773978 0.773978 0.773978 0.773978
 0.181616 0.253154 0.253154 0.253154 0.253154
 0.295296 0.411612 0.411612 0.411612 0.411612
 0.730494 1.01823 1.01823 1.01823 1.01823
 0.139509 0.19446 0.19446 0.19446 0.19446
 0.606895 0.845947 0.845947 0.845947 0.845947
 1.0537 1.46875 1.46875 1.46875 1.46875
 0.136668 0.190501 0.190501 0.190501 0.190501
 0.625419 0.871768 0.871768 0.871768 0.871768
 0.973201 1.35654 1.35654 1.35654 1.35654
 1.30422 1.81795 1.81795 1.81795 1.81795
 1.03958 1.44906 1.44906 1.44906 1.44906
 0.47985 0.66886 0.66886 0.66886 0.66886
 0.340921 0.475208 0.475208 0.475208 0.475208
 0.395055 0.550665 0.550665 0.550665 0.550665
 0.739068 1.03018 1.03018 1.03018 1.03018
 0.502307 0.700163 0.700163 0.700163 0.700163
 0.494463 0.689228 0.689228 0.689228 0.689228
 0.54427 0.758655 0.758655 0.758655 0.758655
 0.328234 0.457524 0.457524 0.457524 0.457524
 0.290717 0.405229 0.405229 0.405229 0.405229
 0.296239 0.412926 0.412926 0.412926 0.412926
 0.238692 0.332712 0.332712 0.332712 0.332712
 0.298173 0.415622 0.415622 0.415622 0.415622
 0.22402 0.31226 0.31226 0.31226 0.31226
 0.222901 0.3107 0.3107 0.3107 0.3107
 0.378014 0.526911 0.526911 0.526911 0.526911
 0.177915 0.247994 0.247994 0.247994 0.247994
nmprior
 8 9 7.5 0
nm_flota  nm_reclas  nm_pelaces    nm_pelaL
inf 23.5982 13.8665 23.4617
cv_recla  cv_pelaces  cv_mph
0.217132 0.548304 0.855352
 ------------------------------------------------
Talla a la edad & desviaci?n 
 8 13.2811 15.8009 17.003 17.5766
 0.8 1.32811 1.58009 1.7003 1.75766
