years
 1991 1992 1993 1994 1995 1996 1997 1998 1999 2000 2001 2002 2003 2004 2005 2006 2007 2008 2009 2010 2011 2012 2013 2014 2015 2016 2017 2018 2019 2020 2021
reclasobs
 0 0 0 0 0 0 0 0 0 252601 567819 844713 477998 351125 339783 2.1784e+06 2.13404e+06 4.81314e+06 1.55562e+06 2.62356e+06 3.21686e+06 3.843e+06 1.13348e+06 3.07943e+06 1.97215e+06 2.03268e+06 2.025e+06 2.42433e+06 2.27542e+06 1.05018e+06 2.36338e+06
reclaspred
 3.28051e+06 1.78046e+06 900138 933036 946062 1.67414e+06 876336 722212 477664 283137 534477 724176 588919 395646 378753 1.7762e+06 1.69025e+06 3.49051e+06 2.24723e+06 2.09218e+06 3.46818e+06 2.5985e+06 1.729e+06 2.97414e+06 2.18723e+06 1.94598e+06 2.29196e+06 2.64446e+06 2.05166e+06 1.15944e+06 2.23307e+06
pelacesobs
 0 0 0 0 0 0 0 0 0 0 0 0 0 0 0 552880 188675 0 991730 2.46772e+06 1.41603e+06 1.21717e+06 2.29649e+06 1.80582e+06 0 1.4828e+06 1.56532e+06 1.57751e+06 1.42118e+06 867257 0
pelacespred
 1.78894e+06 1.05332e+06 513676 432974 488139 886839 399787 451680 261445 134451 290356 332579 291456 187001 186718 812945 823672 1.90811e+06 1.23631e+06 1.01152e+06 1.76284e+06 1.38838e+06 951217 1.79196e+06 1.26009e+06 1.13735e+06 1.5076e+06 1.71849e+06 1.13362e+06 705676 1.26206e+06
mphobs
 0 0 0 0 0 0 0 0 0 0 0 498337 0 5186 125008 0 168611 109162 213762 579715 649985 157893 87575 83554 0 0 0 0 0 0 0
mphpred
 496597 333684 158351 88056.7 96464 117776 161306 78395.8 69065 37203.2 19821 65298.4 66013.2 40066.3 20552.7 28307 210230 195073 334947 184315 270588 309333 264882 183151 296319 241818 199160 209477 325846 202599 98983.6
desembarqueobs
 494567 514787 250237 358949 120608 361735 552515 73892 212993 205616 52469 317467 293654 387597 252695 516296 358380 742168 942051 627588 828172 859565 418607 520667 417249 300574 407403 355545 319650 289779 219260
desembarquepred
 494569 513957 250615 358984 120614 361740 552534 73898.4 213070 205679 52471.1 317558 293713 387475 252634 516226 358410 742084 941842 627342 828272 859650 418658 520674 417221 300560 407385 355491 319615 289786 219262
Reclutas
 164342 91419.8 90186.7 133581 106585 197471 74651.4 29679.8 28634.1 38936.1 90084.4 116937 78919.6 66847.2 56624 428873 82764 519420 232113 343036 329396 430534 65278.3 261934 214322 97642.1 200947 249648 67435.1 47008.2 267729
log_desv_Rt
 0.275971 -0.310515 -0.324096 0.0687319 -0.157039 0.459612 -0.513148 -1.43551 -1.47138 -1.16406 -0.325231 -0.0643429 -0.457548 -0.623569 -0.789545 1.23518 -0.409984 1.42673 0.621247 1.01186 0.971282 1.23905 -0.647318 0.742115 0.541504 -0.244669 0.477061 0.694074 -0.614811 -0.975657 0.763997
SSB
 1.72797e+06 1.16109e+06 551000 306404 335658 409814 561283 272787 240320 129453 68969.3 227213 229701 139415 71515.7 98497.6 731521 678781 1.16549e+06 641345 941541 1.07636e+06 921687 637297 1.03108e+06 841433 693002 728899 1.13382e+06 704967 344425
BT
 2.50102e+06 1.72693e+06 837273 812975 674166 1.38022e+06 958372 605032 522692 357536 398748 662391 614685 630994 480697 1.41323e+06 1.24536e+06 2.97752e+06 2.37976e+06 1.74529e+06 2.79342e+06 2.45714e+06 1.48153e+06 2.67337e+06 1.87259e+06 1.6141e+06 2.24205e+06 2.43751e+06 1.58461e+06 1.11082e+06 1.7285e+06
Ftot
 0.239333 0.442523 0.435545 0.654095 0.21848 0.388122 0.943752 0.172837 0.728035 1.15458 0.194088 0.748795 0.822991 1.57678 1.19696 0.580338 0.344419 0.393945 0.675486 0.534646 0.41402 0.564757 0.381001 0.32429 0.320132 0.256217 0.319716 0.249611 0.24247 0.391614 0.190959
BD_Bspro_t
 0.962588 0.750038 0.528184 0.426126 0.421078 0.520478 0.521328 0.311447 0.3583 0.270196 0.20995 0.547526 0.409606 0.264102 0.152132 0.201857 0.525216 0.485993 0.554521 0.391607 0.435225 0.461535 0.450359 0.401531 0.552338 0.559423 0.566438 0.610805 0.692579 0.587095 0.498598
BD_Bspro
 1.9459 1.30753 0.620492 0.345047 0.377991 0.4615 0.632071 0.307191 0.270629 0.145779 0.0776677 0.255869 0.25867 0.156998 0.0805352 0.11092 0.82378 0.764388 1.31248 0.722231 1.06029 1.21211 1.03793 0.717672 1.16111 0.947554 0.780403 0.820827 1.27682 0.793877 0.387864
BD_Bo
 1.24618 0.837358 0.397371 0.220973 0.24207 0.295551 0.404787 0.196729 0.173314 0.093359 0.0497394 0.163862 0.165656 0.100544 0.0515758 0.0710347 0.52756 0.489524 0.840528 0.462526 0.679022 0.776251 0.664704 0.459607 0.743593 0.606826 0.499781 0.525669 0.81769 0.50841 0.248393
BD_Brms
 2.26578 1.52247 0.722493 0.401769 0.440128 0.537365 0.735976 0.35769 0.315117 0.169744 0.0904353 0.297931 0.301193 0.182807 0.0937742 0.129154 0.9592 0.890044 1.52823 0.840957 1.23459 1.41137 1.20855 0.835649 1.35199 1.10332 0.908692 0.955762 1.48671 0.924381 0.451624
Sel_flota
 0.699194 0.977858 0.99881 0.999937 0.999997
 0.699194 0.977858 0.99881 0.999937 0.999997
 0.699194 0.977858 0.99881 0.999937 0.999997
 0.699194 0.977858 0.99881 0.999937 0.999997
 0.699194 0.977858 0.99881 0.999937 0.999997
 0.699194 0.977858 0.99881 0.999937 0.999997
 0.699194 0.977858 0.99881 0.999937 0.999997
 0.699194 0.977858 0.99881 0.999937 0.999997
 0.699194 0.977858 0.99881 0.999937 0.999997
 0.699194 0.977858 0.99881 0.999937 0.999997
 0.699194 0.977858 0.99881 0.999937 0.999997
 0.699194 0.977858 0.99881 0.999937 0.999997
 0.699194 0.977858 0.99881 0.999937 0.999997
 0.699194 0.977858 0.99881 0.999937 0.999997
 0.699194 0.977858 0.99881 0.999937 0.999997
 0.699194 0.977858 0.99881 0.999937 0.999997
 0.699194 0.977858 0.99881 0.999937 0.999997
 0.699194 0.977858 0.99881 0.999937 0.999997
 0.699194 0.977858 0.99881 0.999937 0.999997
 0.699194 0.977858 0.99881 0.999937 0.999997
 0.699194 0.977858 0.99881 0.999937 0.999997
 0.699194 0.977858 0.99881 0.999937 0.999997
 0.699194 0.977858 0.99881 0.999937 0.999997
 0.699194 0.977858 0.99881 0.999937 0.999997
 0.699194 0.977858 0.99881 0.999937 0.999997
 0.699194 0.977858 0.99881 0.999937 0.999997
 0.699194 0.977858 0.99881 0.999937 0.999997
 0.699194 0.977858 0.99881 0.999937 0.999997
 0.699194 0.977858 0.99881 0.999937 0.999997
 0.699194 0.977858 0.99881 0.999937 0.999997
 0.699194 0.977858 0.99881 0.999937 0.999997
Sel_reclas
 1 1 1 1 1
 1 1 1 1 1
 1 1 1 1 1
 1 1 1 1 1
 1 1 1 1 1
 1 1 1 1 1
 1 1 1 1 1
 1 1 1 1 1
 1 1 1 1 1
 1 1 1 1 1
 1 1 1 1 1
 1 1 1 1 1
 1 1 1 1 1
 1 1 1 1 1
 1 1 1 1 1
 1 1 1 1 1
 1 1 1 1 1
 1 1 1 1 1
 1 1 1 1 1
 1 1 1 1 1
 1 1 1 1 1
 1 1 1 1 1
 1 1 1 1 1
 1 1 1 1 1
 1 1 1 1 1
 1 1 1 1 1
 1 1 1 1 1
 1 1 1 1 1
 1 1 1 1 1
 1 1 1 1 1
 1 1 1 1 1
Sel_pelaces
 0.926369 1 1 1 1
 0.926369 1 1 1 1
 0.926369 1 1 1 1
 0.926369 1 1 1 1
 0.926369 1 1 1 1
 0.926369 1 1 1 1
 0.926369 1 1 1 1
 0.926369 1 1 1 1
 0.926369 1 1 1 1
 0.926369 1 1 1 1
 0.926369 1 1 1 1
 0.926369 1 1 1 1
 0.926369 1 1 1 1
 0.926369 1 1 1 1
 0.926369 1 1 1 1
 0.926369 1 1 1 1
 0.926369 1 1 1 1
 0.926369 1 1 1 1
 0.926369 1 1 1 1
 0.926369 1 1 1 1
 0.926369 1 1 1 1
 0.926369 1 1 1 1
 0.926369 1 1 1 1
 0.926369 1 1 1 1
 0.926369 1 1 1 1
 0.926369 1 1 1 1
 0.926369 1 1 1 1
 0.926369 1 1 1 1
 0.926369 1 1 1 1
 0.926369 1 1 1 1
 0.926369 1 1 1 1
pf_obs 
 0.8446 0.082 0.0669 0.0065 0
 0.8095 0.147 0.0364 0.0071 0
 0.9664 0.0169 0.016 0.0007 0
 0.9276 0.0648 0.0075 0.0001 0
 0.7033 0.2144 0.0806 0.0017 0
 0.9318 0.0425 0.0243 0.0014 0
 0.5671 0.3108 0.0964 0.0239 0.0018
 0.0768 0.2599 0.5324 0.112 0.0189
 0.490249 0.384438 0.106611 0.0170017 0.00170017
 0.7925 0.1577 0.0466 0.003 0.0002
 0.840416 0.127587 0.0312969 0.00059994 9.999e-05
 0.8084 0.0986 0.0794 0.0134 0.0002
 0.7335 0.1905 0.0724 0.0035 0.0001
 0.4001 0.4547 0.1325 0.0127 0
 0.49795 0.308269 0.164784 0.0264974 0.00249975
 0.9179 0.0499 0.0305 0.0017 0
 0.2467 0.6533 0.0926 0.0074 0
 0.9418 0.0223 0.034 0.0019 0
 0.707729 0.231977 0.0356964 0.0245975 0
 0.517169 0.277429 0.184464 0.0207286 0.00020938
 0.811772 0.124168 0.05621 0.00726502 0.000585176
 0.764997 0.148141 0.077277 0.00933861 0.000247198
 0.163321 0.427699 0.378323 0.0303852 0.000271297
 0.753843 0.0900009 0.118128 0.0371064 0.000921714
 0.721811 0.176058 0.0630433 0.0369309 0.00215725
 0.143369 0.312575 0.442814 0.0836902 0.0175525
 0.692698 0.0596174 0.167031 0.0765114 0.00414204
 0.394062 0.376323 0.152708 0.0712218 0.00568511
 0.125707 0.32114 0.495352 0.0537591 0.00404204
 0.23352 0.215282 0.420074 0.123614 0.00750983
 0 0 0 0 0
pf_pred 
 0.508489 0.144186 0.324185 0.0231394 8.66172e-07
 0.446116 0.332676 0.0659679 0.144908 0.0103307
 0.599609 0.218896 0.11018 0.021288 0.0500265
 0.743102 0.177755 0.0437876 0.0214755 0.0138801
 0.672491 0.267811 0.0416798 0.00997559 0.00804198
 0.765561 0.174892 0.048899 0.0074373 0.00321101
 0.467425 0.441363 0.0684851 0.0186677 0.00405949
 0.47309 0.310329 0.180506 0.0270984 0.00897672
 0.5619 0.246278 0.114029 0.0648488 0.0129446
 0.767275 0.156129 0.043639 0.0196039 0.0133525
 0.897485 0.0870965 0.0104696 0.00282208 0.00212702
 0.74295 0.237999 0.0162421 0.0019084 0.000900996
 0.663764 0.275669 0.0562044 0.00372074 0.000642512
 0.719452 0.213369 0.05539 0.0109406 0.000847891
 0.821567 0.147768 0.0235644 0.00585735 0.0012437
 0.969794 0.0268255 0.00281779 0.000432988 0.000130218
 0.364212 0.623042 0.0113547 0.00115997 0.000231501
 0.880516 0.0543447 0.0638647 0.00113559 0.000138977
 0.529454 0.431311 0.0180929 0.0207291 0.000413132
 0.756117 0.155029 0.0816464 0.00332621 0.00388072
 0.700691 0.246941 0.0336194 0.0172301 0.00151863
 0.736641 0.204437 0.0488328 0.00648003 0.0036088
 0.269725 0.59146 0.108426 0.0251932 0.00519708
 0.787907 0.0746742 0.111831 0.0199926 0.0055961
 0.636051 0.307712 0.0201163 0.0294015 0.00671871
 0.449902 0.394714 0.131879 0.00841483 0.0150896
 0.728466 0.146955 0.0899839 0.0293681 0.00522744
 0.712232 0.229373 0.0319603 0.0191012 0.00733415
 0.33395 0.519892 0.117059 0.0159347 0.0131635
 0.412382 0.246133 0.267918 0.0589355 0.0146314
 0.883665 0.0594106 0.0241973 0.025684 0.00704294
pobs_RECLAS
 0 0 0 0 0
 0 0 0 0 0
 0 0 0 0 0
 0 0 0 0 0
 0 0 0 0 0
 0 0 0 0 0
 0 0 0 0 0
 0 0 0 0 0
 0 0 0 0 0
 0 0 0 0 0
 0.991045 0.00858322 0.000360255 1.14367e-05 0
 0.934742 0.0480273 0.0164251 0.00080598 0
 0.827803 0.169806 0.00239088 0 0
 0.941827 0.0461693 0.0120037 0 0
 0.791401 0.0380133 0.147996 0.0225897 0
 0.846168 0.0940531 0.0597789 0 0
 0.134021 0.677848 0.182769 0.00536245 0
 0.80878 0.0450904 0.141981 0.00414843 0
 0.846168 0.0940531 0.0597789 0 0
 0.905697 0.0802665 0.012482 0.00150086 5.37128e-05
 0.989698 0.0102097 9.19794e-05 0 0
 0.975433 0.0193895 0.00387452 0.00125025 5.28907e-05
 0.303575 0.632131 0.0575291 0.00676475 0
 0.966965 0.00978017 0.0227588 0.000495775 0
 0.843318 0.132988 0.00938335 0.0141283 0.000182051
 0.564624 0.303363 0.111486 0.0197234 0.00080311
 0.826376 0.0876187 0.0782897 0.00655872 0.00115652
 0.89761 0.0855135 0.0140674 0.00269457 0.000114338
 0.34875 0.467042 0.161289 0.0227151 0.000203297
 0.318654 0.224769 0.449479 0.00709798 0
 0.937255 0.0296025 0.0250945 0.00804832 0
ppred_RECLAS
 0.596585 0.120172 0.264392 0.0188498 7.05557e-07
 0.535414 0.281611 0.0546119 0.119821 0.0085417
 0.681986 0.17565 0.0864669 0.0166866 0.0392107
 0.806499 0.134856 0.0324648 0.0159028 0.0102777
 0.743598 0.210501 0.0320588 0.00766408 0.00617814
 0.822895 0.132866 0.0363365 0.0055201 0.00238312
 0.561292 0.365087 0.0552949 0.0150528 0.00327319
 0.559976 0.261467 0.148844 0.0223195 0.00739318
 0.650395 0.198574 0.0898256 0.051021 0.0101837
 0.83012 0.114932 0.0313242 0.0140528 0.00957088
 0.925077 0.0638627 0.00751276 0.00202273 0.00152445
 0.806222 0.179726 0.011982 0.0014061 0.000663807
 0.740898 0.213331 0.0424773 0.00280845 0.000484943
 0.796082 0.156115 0.0394246 0.0077757 0.000602564
 0.872036 0.106437 0.0165471 0.0041075 0.000872089
 0.978675 0.018986 0.00194949 0.000299201 8.99769e-05
 0.44739 0.541769 0.00965885 0.000985573 0.000196683
 0.913458 0.0398377 0.045792 0.000813274 9.95252e-05
 0.617504 0.35129 0.0143999 0.0164778 0.000328381
 0.816457 0.117634 0.0605691 0.00246457 0.00287525
 0.768973 0.191354 0.02548 0.0130432 0.00114953
 0.800234 0.155861 0.0363951 0.00482373 0.00268622
 0.344111 0.533454 0.0956557 0.0222 0.00457932
 0.841764 0.056514 0.0827988 0.0147851 0.00413823
 0.712254 0.24413 0.0156137 0.022794 0.00520848
 0.536826 0.334392 0.109321 0.0069674 0.0124933
 0.792753 0.113306 0.0678759 0.0221268 0.00393827
 0.77782 0.177889 0.0242539 0.0144787 0.00555893
 0.414949 0.458854 0.101097 0.0137459 0.0113546
 0.501498 0.211526 0.22521 0.0494826 0.0122838
 0.915204 0.0437754 0.0174485 0.0184993 0.00507248
pobs_PELACES
 0 0 0 0 0
 0 0 0 0 0
 0 0 0 0 0
 0 0 0 0 0
 0 0 0 0 0
 0 0 0 0 0
 0 0 0 0 0
 0 0 0 0 0
 0 0 0 0 0
 0 0 0 0 0
 0 0 0 0 0
 0 0 0 0 0
 0 0 0 0 0
 0 0 0 0 0
 0 0 0 0 0
 0 0 0 0 0
 0.505614 0.472636 0.0217494 0 0
 0 0 0 0 0
 0.443492 0.261883 0.143347 0.151278 0
 0.227955 0.32914 0.350689 0.0885471 0.00366901
 0.970185 0.0296113 0.000203453 0 0
 0.997202 0.00247181 0.000326279 0 0
 0.445219 0.490057 0.0546422 0.010081 0
 0.90214 0.0892962 0.00764917 0.000914606 0
 0 0 0 0 0
 0.581667 0.319106 0.0959925 0.00289975 0.000334073
 0.762889 0.0836404 0.116647 0.0363945 0.000428098
 0.88444 0.0763242 0.0277011 0.0115352 0
 0.521256 0.241999 0.230069 0.00667565 0
 0.616807 0.101726 0.260614 0.0208532 0
 0 0 0 0 0
ppred_PELACES
 0.583692 0.124158 0.272709 0.019441 7.27682e-07
 0.526813 0.287184 0.0555224 0.121799 0.0086826
 0.674335 0.180124 0.0884024 0.0170573 0.0400816
 0.804158 0.136679 0.0327551 0.0160411 0.0103669
 0.732753 0.219465 0.0333735 0.00797772 0.00643094
 0.816972 0.137401 0.0374762 0.00569242 0.00245749
 0.5641 0.363152 0.0546442 0.0148705 0.00323347
 0.545119 0.270428 0.153761 0.0230553 0.00763691
 0.64873 0.199963 0.0899997 0.051106 0.0102006
 0.83463 0.112176 0.03033 0.0136009 0.0092629
 0.920925 0.0674153 0.00792005 0.00213224 0.00160698
 0.805087 0.180847 0.0119945 0.00140717 0.000664302
 0.740938 0.213514 0.0422724 0.00279405 0.000482448
 0.807379 0.147846 0.0369314 0.0072797 0.00056411
 0.875891 0.103376 0.0159388 0.00395474 0.000839635
 0.978197 0.0194205 0.00198612 0.000304757 9.16466e-05
 0.436351 0.552618 0.00982882 0.00100279 0.000200117
 0.910342 0.0413326 0.0473811 0.000841374 0.000102963
 0.614198 0.354465 0.0144624 0.016545 0.000329718
 0.812531 0.12031 0.0617186 0.00251085 0.00292921
 0.76217 0.197087 0.0261685 0.0133936 0.0011804
 0.796421 0.158974 0.0369771 0.00489985 0.00272858
 0.334929 0.541191 0.0967878 0.0224595 0.00463282
 0.835649 0.0587834 0.0859307 0.0153426 0.00429422
 0.70259 0.252417 0.0161081 0.0235128 0.0053727
 0.523769 0.343989 0.11226 0.00715401 0.0128279
 0.785083 0.117619 0.070304 0.0229157 0.00407865
 0.768494 0.185421 0.0252371 0.0150643 0.00578373
 0.401946 0.469223 0.103208 0.0140318 0.0115907
 0.491775 0.215991 0.229343 0.0503833 0.0125073
 0.910572 0.0461973 0.0183896 0.0194956 0.00534564
pobs_pel_tallas
 0 0 0 0 0 0 0 0 0 0 0 0 0 0 0 0 0 0 0 0 0 0 0 0 0 0
 0 0 0 0 0 0 0 0 0 0 0 0 0 0 0 0 0 0 0 0 0 0 0 0 0 0
 0 0 0 0 0 0 0 0 0 0 0 0 0 0 0 0 0 0 0 0 0 0 0 0 0 0
 0 0 0 0 0 0 0 0 0 0 0 0 0 0 0 0 0 0 0 0 0 0 0 0 0 0
 0 0 0 0 0 0 0 0 0 0 0 0 0 0 0 0 0 0 0 0 0 0 0 0 0 0
 0 0 0 0 0 0 0 0 0 0 0 0 0 0 0 0 0 0 0 0 0 0 0 0 0 0
 0 0 0 0 0 0 0 0 0 0 0 0 0 0 0 0 0 0 0 0 0 0 0 0 0 0
 0 0 0 0 0 0 0 0 0 0 0 0 0 0 0 0 0 0 0 0 0 0 0 0 0 0
 0 0 0 0 0 0 0 0 0 0 0 0 0 0 0 0 0 0 0 0 0 0 0 0 0 0
 0 0 0 0 0 0 0 0 0 0 0 0 0 0 0 0 0 0 0 0 0 0 0 0 0 0
 0 0 0 0 0 0 0 0 0 0 0 0 0 0 0 0 0 0 0 0 0 0 0 0 0 0
 0 0 0 0 0 0 0 0 0 0 0 0 0 0 0 0 0 0 0 0 0 0 0 0 0 0
 0.00862536 0 0 0.000197151 0.00414017 0.0128641 0.00837892 0.0270097 0.101434 0.158115 0.152841 0.127902 0.109271 0.109419 0.0830992 0.0579132 0.0238553 0.00714673 0.00463305 0.00128148 0.00103504 0.000492878 0.000147863 0.000147863 4.92878e-05 0
 0 0 0 0 0 0 0 0 0 0 0 0 0 0 0 0 0 0 0 0 0 0 0 0 0 0
 0 0 0 0 0 0 0 0.0054083 0.00873648 0.0413646 0.0450493 0.0745869 0.0622846 0.0627006 0.0613931 0.0827291 0.12552 0.122667 0.0946155 0.0697135 0.0546179 0.0294188 0.0215738 0.0213955 0.0102223 0.00600262
 0 0 0 0 0.00359764 0.0251062 0.0480494 0.140153 0.205849 0.193036 0.1447 0.116669 0.0760912 0.0342217 0.00950174 0.001854 0.000860785 0 0 0 0.000165536 0 0.000143464 0 0 0
 0 0 0 0 0 0 0 0.000145254 0.000435761 0.0275982 0.070085 0.0708112 0.156366 0.174668 0.174014 0.160142 0.0824315 0.0480064 0.0283245 0.00493863 0.00203355 0 0 0 0 0
 0 0 0 0 0 0 0 0 0 0 0 0 0 0 0 0 0 0 0 0 0 0 0 0 0 0
 0 0 1.00437e-05 0.000401748 0.00122533 0.00171747 0.00176769 0.0269171 0.070346 0.194647 0.189555 0.159765 0.064822 0.0314167 0.0384472 0.0292271 0.0345202 0.0313363 0.0194345 0.0106764 0.0143323 0.0359363 0.0279516 0.0138201 0.00172751 0
 0 0.0021121 0.0136068 0.0755702 0.200478 0.177729 0.0527432 0.0373336 0.0318909 0.0142505 0.0149659 0.0166563 0.0217959 0.0798694 0.0677717 0.0528807 0.04013 0.0224614 0.0357745 0.0225083 0.00881397 0.00855152 0.00135912 0.000746735 0 0
 0 0 0 0 5.4009e-05 0.00500934 0.000945158 0.0243581 0.138947 0.33067 0.221406 0.137944 0.0707744 0.0437923 0.0131692 0.00525238 0.0047753 0.00276346 9.45158e-05 9.00151e-06 2.25038e-05 9.00151e-06 4.50075e-06 0 0 0
 0.000866109 0.00284123 0.00948549 0.0512746 0.133035 0.25785 0.225252 0.132002 0.0553304 0.0519788 0.0540692 0.017754 0.00435017 0.00159236 0.00146478 0.000404838 0.000125132 0.000115318 0.000107957 0.000100596 0 0 0 0 0 0
 0 0 0 0 0.00144013 0.00171154 0.00461396 0.0210425 0.0478622 0.0707936 0.0888783 0.103762 0.0637923 0.0337046 0.0602308 0.124433 0.169614 0.0934646 0.0462172 0.0250306 0.0313229 0.00938855 0.002487 0.000210481 0 0
 0 0.00764035 0.051015 0.0998891 0.058973 0.0496711 0.0374665 0.0718981 0.12319 0.153886 0.159021 0.0857701 0.0377988 0.023471 0.0147837 0.00900784 0.00315554 0.000888139 0.00291439 0.00214683 0.00393193 0.00274676 0.000635225 9.99891e-05 0 0
 0 0 0 0 0 0 0 0 0 0 0 0 0 0 0 0 0 0 0 0 0 0 0 0 0 0
 0 0 0 0 0 0 0 0 0 0 0 0 0 0 0 0 0 0 0 0 0 0 0 0 0 0
 0 0 0 0 0 0 0 0 0 0 0 0 0 0 0 0 0 0 0 0 0 0 0 0 0 0
 0 0 0 0 0 0 0 0 0 0 0 0 0 0 0 0 0 0 0 0 0 0 0 0 0 0
 0 0 0 0 0 0 0 0 0 0 0 0 0 0 0 0 0 0 0 0 0 0 0 0 0 0
 0 0 0 0 0 0 0 0 0 0 0 0 0 0 0 0 0 0 0 0 0 0 0 0 0 0
 0 0 0 0 0 0 0 0 0 0 0 0 0 0 0 0 0 0 0 0 0 0 0 0 0 0
ppred_pel_tallas
 1.09852e-16 4.8078e-05 0.000467335 0.0031056 0.0141176 0.0439253 0.0935879 0.136597 0.136609 0.0936485 0.0441299 0.0147138 0.00462131 0.00383937 0.00663713 0.0113777 0.0175033 0.0243332 0.0311185 0.0373762 0.0429267 0.0475364 0.0505534 0.0510006 0.0481452 0.0420807
 1.1536e-16 4.33929e-05 0.000421795 0.00280298 0.0127419 0.039645 0.084469 0.123291 0.123319 0.0846046 0.0401005 0.0140585 0.00611156 0.0076575 0.0138257 0.0229005 0.0332675 0.0424779 0.048117 0.0492076 0.0468341 0.0433714 0.0409117 0.0401074 0.0401425 0.0395704
 1.11091e-16 5.55441e-05 0.000539909 0.00358788 0.01631 0.0507466 0.108122 0.15781 0.157828 0.108207 0.0510337 0.0171407 0.00567851 0.00512191 0.0088115 0.0146222 0.0213983 0.0276363 0.0318462 0.0333723 0.0327577 0.031282 0.030054 0.0293903 0.0288613 0.0277864
 1.04344e-16 6.62375e-05 0.000643852 0.00427862 0.01945 0.0605162 0.128937 0.18819 0.188203 0.129001 0.0607329 0.0200762 0.00585197 0.00408314 0.00661204 0.0108638 0.0157339 0.0199832 0.0224015 0.0224493 0.0205749 0.0178851 0.0154407 0.0137274 0.0126157 0.0116827
 1.02908e-16 6.0356e-05 0.000586681 0.00389871 0.017723 0.0551428 0.117488 0.171482 0.171503 0.117592 0.05549 0.0187257 0.00641596 0.00608272 0.0105009 0.0172713 0.0248907 0.0313368 0.0345907 0.0337244 0.0294478 0.0236153 0.0181028 0.0139317 0.011145 0.00925107
 1.02104e-16 6.7293e-05 0.000654112 0.0043468 0.0197599 0.0614806 0.130991 0.191188 0.191202 0.131056 0.0616984 0.0203896 0.00592868 0.00411191 0.00664756 0.0109178 0.0158015 0.0200382 0.0223851 0.0222603 0.0200664 0.0168783 0.0137591 0.0112525 0.00934654 0.00777158
 1.03709e-16 4.64643e-05 0.000451649 0.00300137 0.0136438 0.0424511 0.0904479 0.132019 0.132054 0.090619 0.0430255 0.0153029 0.00716626 0.00954466 0.0173187 0.0285656 0.0411637 0.0518029 0.0571356 0.0556129 0.0483952 0.0385403 0.0291523 0.0219383 0.0170063 0.0135949
 1.08111e-16 4.49008e-05 0.000436451 0.00290037 0.0131847 0.0410226 0.087404 0.127574 0.1276 0.0875323 0.0414541 0.0144333 0.00604352 0.00732746 0.0132187 0.0220078 0.0322252 0.0416235 0.047906 0.0499648 0.0484311 0.0450234 0.0412762 0.0377176 0.0340063 0.0296409
 1.095e-16 5.34351e-05 0.000519408 0.00345165 0.0156907 0.0488197 0.104016 0.151819 0.151838 0.104111 0.0491383 0.0166124 0.00577077 0.00560111 0.00976112 0.0162029 0.023694 0.0305632 0.0351474 0.0367081 0.0358348 0.0339281 0.0321919 0.0309534 0.0297363 0.0278366
 1.03836e-16 6.87474e-05 0.000668249 0.00444075 0.020187 0.0628094 0.133822 0.19532 0.195331 0.133875 0.0629874 0.0207014 0.00573335 0.00349473 0.00545091 0.00894051 0.0129634 0.0164987 0.0185592 0.0187053 0.0172992 0.0152334 0.0133547 0.0120368 0.0111561 0.0103619
 1.00732e-16 7.58554e-05 0.000737342 0.0048999 0.0222742 0.0693034 0.147658 0.215513 0.21552 0.14769 0.0694099 0.022582 0.00567227 0.00242308 0.00327637 0.00529381 0.00761254 0.0095606 0.0105097 0.0101729 0.00877232 0.00688859 0.00511422 0.00377947 0.00290847 0.00235166
 1.00646e-16 6.6314e-05 0.000644596 0.00428357 0.0194725 0.0605862 0.129086 0.188408 0.188426 0.129171 0.0608717 0.0202968 0.00635162 0.00515544 0.00862221 0.0141202 0.0202658 0.0253396 0.0276368 0.02637 0.0221406 0.0165459 0.0112474 0.00722023 0.00460952 0.00306174
 1.01637e-16 6.10301e-05 0.000593234 0.00394225 0.0179209 0.0557587 0.118801 0.173397 0.173418 0.118901 0.0560967 0.0188973 0.00639397 0.00594786 0.0102376 0.0168465 0.0243032 0.0306435 0.0338986 0.0331428 0.0290211 0.0232772 0.0176846 0.0132248 0.00998853 0.0076026
 1.0193e-16 6.65028e-05 0.000646431 0.00429576 0.0195279 0.0607586 0.129453 0.188944 0.188958 0.129523 0.060993 0.020205 0.00599667 0.00436357 0.00713786 0.0117259 0.0169566 0.0214719 0.0239285 0.0236977 0.0212174 0.0176575 0.0141815 0.0113943 0.00929674 0.00760245
 1.01026e-16 7.2146e-05 0.000701285 0.00466028 0.021185 0.0659144 0.140438 0.204975 0.204985 0.140487 0.0660779 0.0216573 0.00584598 0.00329003 0.00498968 0.00813745 0.0117215 0.0147527 0.0162745 0.015845 0.013793 0.0109869 0.00830836 0.00624299 0.00482312 0.00383543
 1.00109e-16 8.05728e-05 0.000783196 0.00520461 0.0236594 0.0736133 0.156841 0.228914 0.228916 0.15685 0.0736439 0.023748 0.00542696 0.00126836 0.00100134 0.00152617 0.00218657 0.0027407 0.00300238 0.00288726 0.00245857 0.00188438 0.0013381 0.000919469 0.000640939 0.000464468
 1.0056e-16 3.59417e-05 0.000349366 0.00232167 0.010554 0.0328377 0.0699661 0.102129 0.102182 0.0702257 0.0337092 0.0130698 0.00863111 0.0141046 0.0261058 0.0429598 0.0615491 0.0766988 0.0831608 0.0785163 0.0646565 0.0465931 0.0295891 0.0168047 0.00879067 0.00445974
 1.0148e-16 7.49837e-05 0.000728868 0.00484358 0.0220182 0.0685069 0.145961 0.213036 0.21304 0.145981 0.0685736 0.0222117 0.00533219 0.00180554 0.00214908 0.00351025 0.00522544 0.00693516 0.00831255 0.00918174 0.00957598 0.00963569 0.00944468 0.00896214 0.00810014 0.00685356
 1.02224e-16 5.05907e-05 0.00049176 0.00326792 0.0148555 0.0462212 0.0984804 0.143742 0.143776 0.098647 0.0467806 0.0164706 0.00731937 0.00932767 0.0168069 0.0276412 0.0396651 0.0495731 0.0540392 0.0515467 0.0433158 0.0325216 0.0224457 0.0149789 0.010332 0.00770284
 1.0256e-16 6.69272e-05 0.000650556 0.00432317 0.0196525 0.0611464 0.130279 0.190149 0.19016 0.130336 0.061338 0.020207 0.00571839 0.00370717 0.00590364 0.00973617 0.0142092 0.0182626 0.0208467 0.0214506 0.0203568 0.0183623 0.0162136 0.0142289 0.0123354 0.0103595
 1.02349e-16 6.2779e-05 0.000610234 0.00405522 0.0184345 0.0573565 0.122205 0.178366 0.178385 0.122298 0.0576682 0.0193346 0.00631479 0.00554299 0.00943139 0.015494 0.022318 0.0280769 0.0309555 0.0301227 0.026224 0.0209355 0.0159514 0.012191 0.0096856 0.00798162
 1.02061e-16 6.56002e-05 0.000637657 0.00423745 0.0192629 0.059934 0.127696 0.18638 0.186395 0.127771 0.0601859 0.0199906 0.00606526 0.00463132 0.00766066 0.0125878 0.0181893 0.0230029 0.0255788 0.0252392 0.0224622 0.018523 0.0146982 0.0116637 0.00943606 0.00770532
 1.05968e-16 2.75878e-05 0.000268163 0.00178204 0.00810093 0.0252053 0.0537044 0.0783941 0.0784463 0.0539595 0.0260618 0.0105752 0.00799431 0.0138348 0.0258086 0.0426632 0.0615486 0.0775933 0.0858335 0.0839625 0.0736736 0.0594461 0.0458039 0.0352001 0.0277542 0.0223581
 1.04761e-16 6.88313e-05 0.000669065 0.00444617 0.0202117 0.062886 0.133985 0.195557 0.195563 0.134014 0.0629816 0.0204893 0.00514921 0.00222396 0.00308105 0.00513944 0.00775872 0.0105144 0.0130044 0.0150195 0.0165968 0.0178514 0.0187437 0.0190166 0.0183627 0.0166666
 1.03797e-16 5.78714e-05 0.000562531 0.00373822 0.0169934 0.0528729 0.112652 0.164424 0.164449 0.112771 0.0532716 0.0181446 0.00662672 0.00686477 0.0120174 0.0197519 0.0283958 0.0356094 0.0390618 0.0377098 0.0324406 0.0254965 0.0191454 0.0146196 0.0119323 0.0103904
 1.06216e-16 4.31422e-05 0.000419358 0.00278678 0.0126683 0.039416 0.0839813 0.12258 0.122613 0.0841438 0.0399621 0.0142467 0.00675335 0.00909401 0.0165635 0.0274333 0.0397903 0.0506103 0.0568145 0.0569479 0.0519804 0.0445215 0.0371295 0.031076 0.0262931 0.0221316
 1.05048e-16 6.46663e-05 0.000628579 0.00417713 0.0189886 0.0590807 0.125878 0.183725 0.183737 0.125934 0.0592686 0.0195325 0.00554666 0.00363301 0.00581412 0.00962387 0.0141262 0.0183315 0.0212686 0.0224846 0.0222689 0.0213541 0.020352 0.0193989 0.0182352 0.0165472
 1.03266e-16 6.32999e-05 0.000615298 0.00408887 0.0185874 0.0578324 0.123219 0.179845 0.179863 0.123306 0.0581257 0.0194345 0.00621538 0.00525817 0.0088832 0.0145921 0.0210318 0.02649 0.029272 0.0286119 0.0251308 0.0204117 0.0160377 0.0128421 0.010804 0.00943828
 1.06467e-16 3.31079e-05 0.00032182 0.00213861 0.00972184 0.0302485 0.0644493 0.0940751 0.0941204 0.0646706 0.0309917 0.0118692 0.00753155 0.0121038 0.0224362 0.0371093 0.0536172 0.0677645 0.0752779 0.0741646 0.0658574 0.0541562 0.0428697 0.0340187 0.0276482 0.0228046
 1.13843e-16 4.05069e-05 0.000393741 0.00261655 0.0118945 0.0370082 0.0788507 0.115089 0.115111 0.0789542 0.0373566 0.0129047 0.00516826 0.00601653 0.0108732 0.0183149 0.0273242 0.0363435 0.043765 0.0487939 0.0517521 0.0534904 0.0544491 0.0542314 0.0520018 0.0472561
 1.03403e-16 7.50026e-05 0.000729052 0.00484481 0.0220238 0.0685242 0.145998 0.21309 0.213094 0.14602 0.0685978 0.0222367 0.00538061 0.00190331 0.00231897 0.00375242 0.00548908 0.00710179 0.00821833 0.00869076 0.00868096 0.00853063 0.00851399 0.00866908 0.00881494 0.00870146
pSPR Fmed_Fpbrs
0.487425   0.6 0.325
Fs Fmed_Fpbrs
0.438066   0.298939 0.739536
SSBpbr Bo_Bmed_Bpbrs
1.38661e+06  606540  762637 381319
Ro
124708
SPR SPRFo_SPRFmed_SPRFpbrs
888005 432836 288602
Fref
0.298939
Nvult_r0
 181547 9137.17 3655.69 3876.63 1062.98
CTP_r0
 21384.5 1437.72 585.57 621.549 170.438
YTP_r0
219262
Np
 163533 86181.6 4013.95 1596.73 2207.17
Nvult_p0
 114720 62513.3 2918.47 1161.1 1605.01
CTP_p0
 19833 14140.4 671.044 267.204 369.377
YTP_p0
 406666
CBA_c0
275483
log_Ro
11.5537
likeval ReclasPelacesDesembMPH_pf_preclas_ppelaces_ptallas_desvR_qrecl_qpela
 19.8506 23.2192 0.0286569 0.00082658 233.807 119.877 84.3064 0 26.7462 9.80786e-06 2.38967e-05 0.135791 1.61528e-15 0 0
q_reclas_q_pelaces
1.55859 2.00466
M
1
N
 164342 34226.6 75491 5382.86 0.201484
 91419.8 51142.1 9963.89 21866.7 1558.83
 90186.7 24681.5 12205.5 2356.01 5536.32
 133581 24467.6 5930.76 2906.23 1878.28
 106585 31105.1 4748.07 1135.23 915.133
 197471 33655.6 9241.72 1404.27 606.255
 74651.4 55379.9 8471.02 2307.28 501.723
 29679.8 14196 8095.93 1214.12 402.173
 28634.1 9675.73 4410.35 2506.11 500.228
 38936.1 6331.65 1746.66 784.103 534.045
 90084.4 6389.45 753.18 202.808 152.849
 116937 28934.7 1944.21 228.251 107.758
 78919.6 25484.8 5118.32 338.563 58.4619
 66847.2 16329.9 4192.56 827.633 64.1389
 56624 8165.6 1285.47 319.309 67.797
 428873 9020.71 931.9 143.071 43.0258
 82764 105151 1881.44 192.016 38.3195
 519420 23931.1 27621.7 490.675 60.0475
 232113 145078 5989.19 6856 136.634
 343036 53246.3 27570.3 1122.18 1309.2
 329396 86835.4 11612.9 5946.06 524.048
 430534 90720.1 21309.7 2825.24 1573.33
 65278.3 106714 19211.8 4459.68 919.934
 261934 18398.4 27047.3 4830.64 1352.07
 214322 76811.2 4929.1 7197.13 1644.58
 97642.1 63032.3 20662.2 1317.06 2361.66
 200947 30029 18049.2 5884.93 1047.45
 249648 59115.6 8081.09 4824.79 1852.44
 67435.1 77132.6 17037.4 2316.86 1913.83
 47008.2 20939.4 22385.7 4919.62 1221.28
 267729 13151.1 5252.42 5569.34 1527.11
pred_Ctot
 16227.4 4601.41 10345.7 738.449 0.0276421
 15770.1 11760 2331.94 5122.47 365.189
 15341.5 5600.63 2819.05 544.671 1279.97
 32158.9 7692.59 1894.98 929.385 600.684
 9664.3 3848.69 598.976 143.358 115.57
 30329 6928.63 1937.22 294.642 127.21
 24033.5 22693.5 3521.29 959.832 208.726
 2156.78 1414.77 822.916 123.54 40.9243
 7523.2 3297.38 1526.71 868.25 173.313
 14537.9 2958.25 826.849 371.443 252.996
 7306.78 709.087 85.2374 22.9757 17.3169
 31426.6 10067.3 687.036 80.7247 38.1119
 22861.1 9494.46 1935.77 128.148 22.1291
 30770.9 9125.79 2369.02 467.931 36.2642
 21688.4 3900.91 622.073 154.627 32.8323
 93441.2 2584.68 271.498 41.7191 12.5467
 11418.2 19532.7 355.975 36.3657 7.25766
 80842.7 4989.54 5863.6 104.261 12.7599
 57378.4 46742.3 1960.78 2246.47 44.7722
 69713.1 14293.5 7527.69 306.672 357.797
 53581.2 18883.3 2570.84 1317.57 116.128
 91670.2 25440.8 6076.92 806.397 449.091
 9861.46 21624.5 3964.17 921.095 190.011
 34216.7 3242.91 4856.51 868.226 243.024
 27670.4 13386.5 875.128 1279.06 292.287
 10272.3 9012.26 3011.1 192.13 344.532
 25912.8 5227.44 3200.88 1044.67 185.949
 25634.6 8255.56 1150.31 687.488 263.97
 6739.94 10492.7 2362.54 321.601 265.671
 7277.78 4343.8 4728.26 1040.1 258.216
 21384.5 1437.72 585.57 621.549 170.438
F
 0.167341 0.234034 0.239049 0.239318 0.239333
 0.30941 0.432725 0.441996 0.442495 0.442522
 0.30453 0.425901 0.435026 0.435517 0.435543
 0.457339 0.639612 0.653316 0.654054 0.654093
 0.15276 0.213642 0.21822 0.218466 0.218479
 0.271372 0.379528 0.38766 0.388097 0.38812
 0.659866 0.922856 0.942629 0.943693 0.943749
 0.120846 0.16901 0.172631 0.172826 0.172836
 0.509038 0.711915 0.727168 0.727989 0.728033
 0.807273 1.12901 1.1532 1.1545 1.15457
 0.135705 0.189791 0.193857 0.194076 0.194088
 0.523553 0.732216 0.747904 0.748748 0.748793
 0.575431 0.804769 0.822011 0.82294 0.822988
 1.10248 1.54187 1.57491 1.57669 1.57678
 0.83691 1.17046 1.19554 1.19689 1.19696
 0.405769 0.567488 0.579647 0.580302 0.580336
 0.240816 0.336793 0.344009 0.344397 0.344417
 0.275444 0.385222 0.393476 0.39392 0.393943
 0.472296 0.660529 0.674682 0.675443 0.675484
 0.373821 0.522808 0.53401 0.534613 0.534644
 0.289481 0.404853 0.413527 0.413994 0.414019
 0.394875 0.552252 0.564085 0.564721 0.564755
 0.266393 0.372565 0.380547 0.380977 0.380999
 0.226742 0.31711 0.323904 0.32427 0.324289
 0.223835 0.313044 0.319751 0.320112 0.320131
 0.179145 0.250544 0.255912 0.256201 0.256216
 0.223544 0.312637 0.319336 0.319696 0.319715
 0.174526 0.244084 0.249313 0.249595 0.24961
 0.169533 0.237101 0.242181 0.242455 0.242469
 0.273814 0.382943 0.391148 0.39159 0.391613
 0.133517 0.186731 0.190732 0.190947 0.190958
nmprior
 8 9 7.5 0
nm_flota  nm_reclas  nm_pelaces    nm_pelaL
inf 16.6775 15.0754 25.9372
cv_recla  cv_pelaces  cv_mph
0.201503 0.567007 0.887254
 ------------------------------------------------
Talla a la edad & desviaci?n 
 8 13.2811 15.8009 17.003 17.5766
 0.8 1.32811 1.58009 1.7003 1.75766
