years
 1991 1992 1993 1994 1995 1996 1997 1998 1999 2000 2001 2002 2003 2004 2005 2006 2007 2008 2009 2010 2011 2012 2013 2014 2015 2016 2017 2018 2019 2020 2021
reclasobs
 0 0 0 0 0 0 0 0 0 252601 567819 844713 477998 351125 339783 2.1784e+06 2.13404e+06 4.81314e+06 1.55562e+06 2.62356e+06 3.21686e+06 3.843e+06 1.13348e+06 3.07943e+06 1.97215e+06 2.03268e+06 2.025e+06 2.42433e+06 2.27542e+06 1.05018e+06 2.36338e+06
reclaspred
 3.39718e+06 1.83386e+06 925135 990591 1.01914e+06 1.90134e+06 974145 788611 508725 283914 662260 672004 493908 522222 401231 1.97801e+06 1.70889e+06 3.20785e+06 1.79247e+06 2.0998e+06 2.71005e+06 2.61112e+06 1.86022e+06 3.06223e+06 2.20646e+06 1.95386e+06 2.29679e+06 2.70256e+06 2.06131e+06 1.13703e+06 2.24285e+06
pelacesobs
 0 0 0 0 0 0 0 0 0 0 0 0 0 0 0 552880 188675 0 991730 2.46772e+06 1.41603e+06 1.21717e+06 2.29649e+06 1.80582e+06 0 1.4828e+06 1.56532e+06 1.57751e+06 1.42118e+06 867257 0
pelacespred
 2.00112e+06 1.16177e+06 559659 471715 552609 1.0432e+06 472642 524466 291428 134840 362791 311752 237430 260337 198229 905992 887013 1.77551e+06 960707 970055 1.34783e+06 1.34627e+06 1.05598e+06 1.88719e+06 1.33616e+06 1.20415e+06 1.55565e+06 1.80075e+06 1.2228e+06 737162 1.29136e+06
mphobs
 0 0 0 0 0 0 0 0 0 0 0 1168 78 65 283 0 4175 652 601 182 1200 132 988 1028 0 0 0 0 0 0 0
mphpred
 1811.85 1227.44 575.475 321.181 362.09 457.305 655.031 307.707 267.847 135.113 67.3328 288.444 191.516 109.129 101.616 103.684 830.001 675.85 1018.79 462.847 932.063 773.06 966.977 711.05 1072.07 862.637 704.929 739.002 1182.22 716.539 340.283
desembarqueobs
 494567 514787 250237 358949 120608 361735 552515 73892 212993 205616 52469 317467 293654 387597 252695 516296 358380 742168 942051 627588 828172 859565 418607 520667 417249 300574 407403 355545 319650 289779 219260
desembarquepred
 494566 514060 250563 358977 120613 361733 552516 73898.4 213071 205677 52467.2 317665 293762 387248 252596 516168 358486 742110 942006 627330 828732 859625 418590 520669 417203 300551 407378 355474 319593 289775 219262
Reclutas
 161139 90163.2 87101.5 129141 102116 196643 72372.9 27810 27020.6 37034.7 98355.8 78282.5 71962.7 85745.1 49730.6 410893 61513.6 419782 185686 358528 199114 504174 66594.1 226615 193617 87843.8 177606 224049 62163.4 42840.2 232995
log_desv_Rt
 0.33997 -0.240679 -0.275227 0.118607 -0.116193 0.539091 -0.460469 -1.41691 -1.4457 -1.13044 -0.153708 -0.381976 -0.466152 -0.290922 -0.83568 1.27603 -0.623042 1.29743 0.481756 1.13971 0.55158 1.48062 -0.543684 0.680954 0.523582 -0.26674 0.437267 0.669562 -0.612534 -0.984823 0.708717
SSB
 1.4704e+06 996123 467023 260653 293852 371123 531587 249717 217369 109650 54643.5 234085 155423 88563.1 82465.7 84144.4 673582 548482 826792 375621 756410 627372 784744 577048 870030 700068 572081 599733 959426 581502 276154
BT
 2.18932e+06 1.52857e+06 732770 743513 613462 1.3295e+06 918182 560476 484199 325580 410290 559098 499105 671903 451771 1.34143e+06 1.09325e+06 2.41771e+06 1.81786e+06 1.45641e+06 1.95111e+06 2.08197e+06 1.32364e+06 2.34938e+06 1.62522e+06 1.38868e+06 1.93796e+06 2.12567e+06 1.36413e+06 945278 1.47743e+06
Ftot
 0.273053 0.503831 0.4969 0.719066 0.237124 0.399598 0.982474 0.184872 0.794228 1.31955 0.184393 0.883712 1.12754 1.48051 1.26983 0.602999 0.387716 0.494133 0.95716 0.640761 0.589439 0.685202 0.414221 0.363695 0.369041 0.297733 0.371715 0.284504 0.280804 0.467165 0.221325
BD_Bspro_t
 0.957252 0.719841 0.483424 0.380729 0.382791 0.489673 0.503769 0.290988 0.333273 0.237632 0.173865 0.543591 0.323387 0.197042 0.171072 0.176842 0.502027 0.432482 0.468515 0.279187 0.379743 0.338554 0.405494 0.362077 0.496799 0.505302 0.514356 0.562137 0.654478 0.538397 0.442146
BD_Bspro
 1.80036 1.21966 0.571825 0.319144 0.359793 0.454405 0.650877 0.305755 0.266148 0.134257 0.0669058 0.286614 0.190301 0.108437 0.100971 0.103027 0.824737 0.671564 1.01233 0.459912 0.926152 0.768157 0.960844 0.70654 1.06527 0.857166 0.700458 0.734316 1.17473 0.711994 0.338124
BD_Bo
 1.15649 0.783464 0.36732 0.205007 0.231118 0.291893 0.4181 0.196406 0.170964 0.0862416 0.0429779 0.184111 0.122242 0.069656 0.0648604 0.0661807 0.529782 0.431388 0.650283 0.295431 0.594926 0.493437 0.617212 0.453856 0.68429 0.550613 0.449949 0.471698 0.754601 0.457359 0.217199
BD_Brms
 2.10271 1.42448 0.667854 0.37274 0.420215 0.530715 0.760182 0.357102 0.310843 0.156803 0.0781416 0.334747 0.222259 0.126647 0.117928 0.120329 0.963239 0.784343 1.18233 0.537147 1.08168 0.897157 1.1222 0.825193 1.24416 1.00111 0.818089 0.857632 1.372 0.831563 0.394907
Sel_flota
 0.716632 1 1 1 1
 0.716632 1 1 1 1
 0.716632 1 1 1 1
 0.716632 1 1 1 1
 0.716632 1 1 1 1
 0.716632 1 1 1 1
 0.716632 1 1 1 1
 0.716632 1 1 1 1
 0.716632 1 1 1 1
 0.716632 1 1 1 1
 0.716632 1 1 1 1
 0.716632 1 1 1 1
 0.716632 1 1 1 1
 0.716632 1 1 1 1
 0.716632 1 1 1 1
 0.716632 1 1 1 1
 0.716632 1 1 1 1
 0.716632 1 1 1 1
 0.716632 1 1 1 1
 0.716632 1 1 1 1
 0.716632 1 1 1 1
 0.716632 1 1 1 1
 0.716632 1 1 1 1
 0.716632 1 1 1 1
 0.716632 1 1 1 1
 0.716632 1 1 1 1
 0.716632 1 1 1 1
 0.716632 1 1 1 1
 0.716632 1 1 1 1
 0.716632 1 1 1 1
 0.716632 1 1 1 1
Sel_reclas
 1 1 1 1 1
 1 1 1 1 1
 1 1 1 1 1
 1 1 1 1 1
 1 1 1 1 1
 1 1 1 1 1
 1 1 1 1 1
 1 1 1 1 1
 1 1 1 1 1
 1 1 1 1 1
 1 1 1 1 1
 1 1 1 1 1
 1 1 1 1 1
 1 1 1 1 1
 1 1 1 1 1
 1 1 1 1 1
 1 1 1 1 1
 1 1 1 1 1
 1 1 1 1 1
 1 1 1 1 1
 1 1 1 1 1
 1 1 1 1 1
 1 1 1 1 1
 1 1 1 1 1
 1 1 1 1 1
 1 1 1 1 1
 1 1 1 1 1
 1 1 1 1 1
 1 1 1 1 1
 1 1 1 1 1
 1 1 1 1 1
Sel_pelaces
 0.811196 0.955797 0.990894 0.998177 0.999637
 0.811196 0.955797 0.990894 0.998177 0.999637
 0.811196 0.955797 0.990894 0.998177 0.999637
 0.811196 0.955797 0.990894 0.998177 0.999637
 0.811196 0.955797 0.990894 0.998177 0.999637
 0.811196 0.955797 0.990894 0.998177 0.999637
 0.811196 0.955797 0.990894 0.998177 0.999637
 0.811196 0.955797 0.990894 0.998177 0.999637
 0.811196 0.955797 0.990894 0.998177 0.999637
 0.811196 0.955797 0.990894 0.998177 0.999637
 0.811196 0.955797 0.990894 0.998177 0.999637
 0.811196 0.955797 0.990894 0.998177 0.999637
 0.811196 0.955797 0.990894 0.998177 0.999637
 0.811196 0.955797 0.990894 0.998177 0.999637
 0.811196 0.955797 0.990894 0.998177 0.999637
 0.811196 0.955797 0.990894 0.998177 0.999637
 0.811196 0.955797 0.990894 0.998177 0.999637
 0.811196 0.955797 0.990894 0.998177 0.999637
 0.811196 0.955797 0.990894 0.998177 0.999637
 0.811196 0.955797 0.990894 0.998177 0.999637
 0.811196 0.955797 0.990894 0.998177 0.999637
 0.811196 0.955797 0.990894 0.998177 0.999637
 0.811196 0.955797 0.990894 0.998177 0.999637
 0.811196 0.955797 0.990894 0.998177 0.999637
 0.811196 0.955797 0.990894 0.998177 0.999637
 0.811196 0.955797 0.990894 0.998177 0.999637
 0.811196 0.955797 0.990894 0.998177 0.999637
 0.811196 0.955797 0.990894 0.998177 0.999637
 0.811196 0.955797 0.990894 0.998177 0.999637
 0.811196 0.955797 0.990894 0.998177 0.999637
 0.811196 0.955797 0.990894 0.998177 0.999637
pf_obs 
 0.8446 0.082 0.0669 0.0065 0
 0.8095 0.147 0.0364 0.0071 0
 0.9664 0.0169 0.016 0.0007 0
 0.9276 0.0648 0.0075 0.0001 0
 0.7033 0.2144 0.0806 0.0017 0
 0.9318 0.0425 0.0243 0.0014 0
 0.5671 0.3108 0.0964 0.0239 0.0018
 0.0768 0.2599 0.5324 0.112 0.0189
 0.490249 0.384438 0.106611 0.0170017 0.00170017
 0.7925 0.1577 0.0466 0.003 0.0002
 0.840416 0.127587 0.0312969 0.00059994 9.999e-05
 0.8084 0.0986 0.0794 0.0134 0.0002
 0.7335 0.1905 0.0724 0.0035 0.0001
 0.4001 0.4547 0.1325 0.0127 0
 0.49795 0.308269 0.164784 0.0264974 0.00249975
 0.9179 0.0499 0.0305 0.0017 0
 0.2467 0.6533 0.0926 0.0074 0
 0.9418 0.0223 0.034 0.0019 0
 0.707729 0.231977 0.0356964 0.0245975 0
 0.517169 0.277429 0.184464 0.0207286 0.00020938
 0.811772 0.124168 0.05621 0.00726502 0.000585176
 0.764997 0.148141 0.077277 0.00933861 0.000247198
 0.163321 0.427699 0.378323 0.0303852 0.000271297
 0.753843 0.0900009 0.118128 0.0371064 0.000921714
 0.721811 0.176058 0.0630433 0.0369309 0.00215725
 0.143369 0.312575 0.442814 0.0836902 0.0175525
 0.692698 0.0596174 0.167031 0.0765114 0.00414204
 0.394062 0.376323 0.152708 0.0712218 0.00568511
 0.125707 0.32114 0.495352 0.0537591 0.00404204
 0.23352 0.215282 0.420074 0.123614 0.00750983
 0 0 0 0 0
pf_pred 
 0.543572 0.146682 0.288026 0.0217183 8.44762e-07
 0.470744 0.336157 0.0620562 0.121854 0.0091886
 0.621244 0.217935 0.102145 0.0188565 0.0398189
 0.760484 0.171001 0.039423 0.0184774 0.010614
 0.688522 0.25988 0.0368381 0.00849275 0.00626705
 0.779923 0.167815 0.0436047 0.00618098 0.00247651
 0.469886 0.445943 0.0641832 0.0166772 0.00331118
 0.479905 0.310412 0.17639 0.0253872 0.00790627
 0.5724 0.243948 0.10961 0.0622853 0.0117564
 0.784997 0.146843 0.0388853 0.0174719 0.0118022
 0.921865 0.067764 0.00708292 0.00187562 0.00141203
 0.646513 0.33383 0.0170476 0.00178187 0.000827083
 0.738529 0.196028 0.061804 0.00315613 0.000483012
 0.831931 0.139377 0.0215108 0.00678195 0.000399335
 0.768684 0.208564 0.0188678 0.00291196 0.000972146
 0.973305 0.0228183 0.00349562 0.000316232 6.50993e-05
 0.315489 0.672623 0.0101614 0.00155667 0.000169815
 0.883003 0.0476682 0.0681251 0.00102918 0.000174863
 0.554352 0.409934 0.0145509 0.0207954 0.000367537
 0.843476 0.10549 0.0469442 0.00166631 0.0024235
 0.619866 0.339789 0.0271907 0.0121001 0.00105417
 0.852825 0.105413 0.0373299 0.00298722 0.00144515
 0.284032 0.64531 0.0506082 0.0179219 0.00212795
 0.775984 0.0835355 0.126617 0.00992986 0.00393398
 0.653305 0.290279 0.0210374 0.0318868 0.00349144
 0.467374 0.392525 0.117303 0.0085013 0.0142965
 0.740984 0.145822 0.0834192 0.0249292 0.00484498
 0.728412 0.219911 0.0290936 0.0166433 0.00594036
 0.352875 0.51582 0.106321 0.0140659 0.0109186
 0.434079 0.251202 0.250861 0.0517074 0.0121508
 0.890811 0.0586577 0.0224299 0.0223994 0.00570192
pobs_RECLAS
 0 0 0 0 0
 0 0 0 0 0
 0 0 0 0 0
 0 0 0 0 0
 0 0 0 0 0
 0 0 0 0 0
 0 0 0 0 0
 0 0 0 0 0
 0 0 0 0 0
 0 0 0 0 0
 0.991045 0.00858322 0.000360255 1.14367e-05 0
 0.934742 0.0480273 0.0164251 0.00080598 0
 0.827803 0.169806 0.00239088 0 0
 0.941827 0.0461693 0.0120037 0 0
 0.791401 0.0380133 0.147996 0.0225897 0
 0.846168 0.0940531 0.0597789 0 0
 0.134021 0.677848 0.182769 0.00536245 0
 0.80878 0.0450904 0.141981 0.00414843 0
 0.846168 0.0940531 0.0597789 0 0
 0.905697 0.0802665 0.012482 0.00150086 5.37128e-05
 0.989698 0.0102097 9.19794e-05 0 0
 0.975433 0.0193895 0.00387452 0.00125025 5.28907e-05
 0.303575 0.632131 0.0575291 0.00676475 0
 0.966965 0.00978017 0.0227588 0.000495775 0
 0.843318 0.132988 0.00938335 0.0141283 0.000182051
 0.564624 0.303363 0.111486 0.0197234 0.00080311
 0.826376 0.0876187 0.0782897 0.00655872 0.00115652
 0.89761 0.0855135 0.0140674 0.00269457 0.000114338
 0.34875 0.467042 0.161289 0.0227151 0.000203297
 0.318654 0.224769 0.449479 0.00709798 0
 0.937255 0.0296025 0.0250945 0.00804832 0
ppred_RECLAS
 0.626139 0.120148 0.235923 0.0177895 6.91946e-07
 0.55787 0.280819 0.0518405 0.101794 0.00767598
 0.699354 0.172991 0.0810803 0.0149678 0.0316072
 0.81978 0.128667 0.0296632 0.0139031 0.00798633
 0.756391 0.203254 0.0288113 0.00664224 0.0049015
 0.833511 0.126953 0.0329871 0.00467593 0.00187349
 0.56294 0.367663 0.0529167 0.0137498 0.00272995
 0.564075 0.260176 0.147843 0.0212787 0.00662675
 0.658133 0.195037 0.0876337 0.0497972 0.00939923
 0.844237 0.106383 0.0281712 0.0126578 0.00855036
 0.943004 0.0494309 0.00516668 0.00136818 0.00103001
 0.725492 0.259243 0.0132387 0.00138376 0.000642291
 0.805465 0.145845 0.0459822 0.00234816 0.000359361
 0.881408 0.0983463 0.0151783 0.00478543 0.000281776
 0.830981 0.152394 0.0137864 0.00212772 0.000710331
 0.981113 0.0161438 0.00247314 0.000223733 4.60575e-05
 0.394238 0.595242 0.00899243 0.00137759 0.000150279
 0.914546 0.0348165 0.049758 0.000751703 0.000127719
 0.643483 0.327946 0.0116406 0.0166362 0.000294028
 0.884941 0.0775447 0.0345081 0.00122488 0.00178148
 0.698966 0.269084 0.0215327 0.00958224 0.000834811
 0.892333 0.0771155 0.0273089 0.00218532 0.00105721
 0.359281 0.577487 0.0452892 0.0160383 0.0019043
 0.830132 0.0633436 0.0960112 0.00752964 0.00298307
 0.726701 0.228826 0.0165837 0.0251363 0.00275229
 0.552582 0.32973 0.0985373 0.00714129 0.0120094
 0.801475 0.111767 0.0639374 0.0191072 0.00371348
 0.790497 0.169639 0.0224428 0.0128386 0.00458239
 0.434084 0.451089 0.0929783 0.0123008 0.00954836
 0.520722 0.212743 0.212454 0.0437909 0.0102905
 0.919703 0.0431364 0.0164948 0.0164724 0.00419314
pobs_PELACES
 0 0 0 0 0
 0 0 0 0 0
 0 0 0 0 0
 0 0 0 0 0
 0 0 0 0 0
 0 0 0 0 0
 0 0 0 0 0
 0 0 0 0 0
 0 0 0 0 0
 0 0 0 0 0
 0 0 0 0 0
 0 0 0 0 0
 0 0 0 0 0
 0 0 0 0 0
 0 0 0 0 0
 0 0 0 0 0
 0.505614 0.472636 0.0217494 0 0
 0 0 0 0 0
 0.443492 0.261883 0.143347 0.151278 0
 0.227955 0.32914 0.350689 0.0885471 0.00366901
 0.970185 0.0296113 0.000203453 0 0
 0.997202 0.00247181 0.000326279 0 0
 0.445219 0.490057 0.0546422 0.010081 0
 0.90214 0.0892962 0.00764917 0.000914606 0
 0 0 0 0 0
 0.581667 0.319106 0.0959925 0.00289975 0.000334073
 0.762889 0.0836404 0.116647 0.0363945 0.000428098
 0.88444 0.0763242 0.0277011 0.0115352 0
 0.521256 0.241999 0.230069 0.00667565 0
 0.616807 0.101726 0.260614 0.0208532 0
 0 0 0 0 0
ppred_PELACES
 0.587156 0.129404 0.26343 0.0200096 7.79439e-07
 0.52508 0.297097 0.0568594 0.11247 0.00849341
 0.670371 0.18651 0.0906264 0.016853 0.0356402
 0.803234 0.138883 0.0331942 0.0156724 0.00901585
 0.728035 0.225453 0.0331315 0.00769436 0.0056862
 0.813824 0.140693 0.0378998 0.00541179 0.0021715
 0.543597 0.381597 0.056939 0.0149036 0.00296337
 0.523924 0.279854 0.164864 0.0239029 0.00745488
 0.633725 0.205442 0.0956985 0.0547797 0.0103548
 0.837096 0.109859 0.0301597 0.013651 0.00923469
 0.934263 0.0567159 0.00614582 0.00163943 0.00123602
 0.708554 0.274662 0.0145412 0.00153106 0.000711704
 0.794612 0.152563 0.0498665 0.00256524 0.000393156
 0.878004 0.100506 0.0160812 0.00510736 0.000301171
 0.823983 0.158112 0.0148289 0.00230544 0.000770787
 0.9789 0.0179381 0.00284892 0.000259623 5.35238e-05
 0.364017 0.624527 0.0097813 0.00150945 0.000164904
 0.903001 0.0386758 0.0573032 0.000872054 0.000148384
 0.625435 0.343412 0.0126372 0.0181932 0.000322017
 0.872566 0.0848503 0.0391457 0.00139971 0.00203873
 0.674653 0.28961 0.0240263 0.0107705 0.000939704
 0.88124 0.0841631 0.0308991 0.00249079 0.00120675
 0.330125 0.601455 0.048901 0.0174446 0.00207431
 0.807413 0.070165 0.110256 0.00871032 0.00345588
 0.698819 0.250477 0.0188194 0.0287346 0.00315088
 0.516229 0.352982 0.109359 0.00798386 0.013446
 0.777205 0.12334 0.0731486 0.0220206 0.00428595
 0.765463 0.188467 0.0258493 0.014896 0.0053245
 0.398738 0.475567 0.101623 0.0135433 0.0105282
 0.485378 0.223664 0.231562 0.0480804 0.011315
 0.906881 0.0490905 0.0194608 0.0195773 0.0049908
pobs_pel_tallas
 0 0 0 0 0 0 0 0 0 0 0 0 0 0 0 0 0 0 0 0 0 0 0 0 0 0
 0 0 0 0 0 0 0 0 0 0 0 0 0 0 0 0 0 0 0 0 0 0 0 0 0 0
 0 0 0 0 0 0 0 0 0 0 0 0 0 0 0 0 0 0 0 0 0 0 0 0 0 0
 0 0 0 0 0 0 0 0 0 0 0 0 0 0 0 0 0 0 0 0 0 0 0 0 0 0
 0 0 0 0 0 0 0 0 0 0 0 0 0 0 0 0 0 0 0 0 0 0 0 0 0 0
 0 0 0 0 0 0 0 0 0 0 0 0 0 0 0 0 0 0 0 0 0 0 0 0 0 0
 0 0 0 0 0 0 0 0 0 0 0 0 0 0 0 0 0 0 0 0 0 0 0 0 0 0
 0 0 0 0 0 0 0 0 0 0 0 0 0 0 0 0 0 0 0 0 0 0 0 0 0 0
 0 0 0 0 0 0 0 0 0 0 0 0 0 0 0 0 0 0 0 0 0 0 0 0 0 0
 0 0 0 0 0 0 0 0 0 0 0 0 0 0 0 0 0 0 0 0 0 0 0 0 0 0
 0 0 0 0 0 0 0 0 0 0 0 0 0 0 0 0 0 0 0 0 0 0 0 0 0 0
 0 0 0 0 0 0 0 0 0 0 0 0 0 0 0 0 0 0 0 0 0 0 0 0 0 0
 0.00862536 0 0 0.000197151 0.00414017 0.0128641 0.00837892 0.0270097 0.101434 0.158115 0.152841 0.127902 0.109271 0.109419 0.0830992 0.0579132 0.0238553 0.00714673 0.00463305 0.00128148 0.00103504 0.000492878 0.000147863 0.000147863 4.92878e-05 0
 0 0 0 0 0 0 0 0 0 0 0 0 0 0 0 0 0 0 0 0 0 0 0 0 0 0
 0 0 0 0 0 0 0 0.0054083 0.00873648 0.0413646 0.0450493 0.0745869 0.0622846 0.0627006 0.0613931 0.0827291 0.12552 0.122667 0.0946155 0.0697135 0.0546179 0.0294188 0.0215738 0.0213955 0.0102223 0.00600262
 0 0 0 0 0.00359764 0.0251062 0.0480494 0.140153 0.205849 0.193036 0.1447 0.116669 0.0760912 0.0342217 0.00950174 0.001854 0.000860785 0 0 0 0.000165536 0 0.000143464 0 0 0
 0 0 0 0 0 0 0 0.000145254 0.000435761 0.0275982 0.070085 0.0708112 0.156366 0.174668 0.174014 0.160142 0.0824315 0.0480064 0.0283245 0.00493863 0.00203355 0 0 0 0 0
 0 0 0 0 0 0 0 0 0 0 0 0 0 0 0 0 0 0 0 0 0 0 0 0 0 0
 0 0 1.00437e-05 0.000401748 0.00122533 0.00171747 0.00176769 0.0269171 0.070346 0.194647 0.189555 0.159765 0.064822 0.0314167 0.0384472 0.0292271 0.0345202 0.0313363 0.0194345 0.0106764 0.0143323 0.0359363 0.0279516 0.0138201 0.00172751 0
 0 0.0021121 0.0136068 0.0755702 0.200478 0.177729 0.0527432 0.0373336 0.0318909 0.0142505 0.0149659 0.0166563 0.0217959 0.0798694 0.0677717 0.0528807 0.04013 0.0224614 0.0357745 0.0225083 0.00881397 0.00855152 0.00135912 0.000746735 0 0
 0 0 0 0 5.4009e-05 0.00500934 0.000945158 0.0243581 0.138947 0.33067 0.221406 0.137944 0.0707744 0.0437923 0.0131692 0.00525238 0.0047753 0.00276346 9.45158e-05 9.00151e-06 2.25038e-05 9.00151e-06 4.50075e-06 0 0 0
 0.000866109 0.00284123 0.00948549 0.0512746 0.133035 0.25785 0.225252 0.132002 0.0553304 0.0519788 0.0540692 0.017754 0.00435017 0.00159236 0.00146478 0.000404838 0.000125132 0.000115318 0.000107957 0.000100596 0 0 0 0 0 0
 0 0 0 0 0.00144013 0.00171154 0.00461396 0.0210425 0.0478622 0.0707936 0.0888783 0.103762 0.0637923 0.0337046 0.0602308 0.124433 0.169614 0.0934646 0.0462172 0.0250306 0.0313229 0.00938855 0.002487 0.000210481 0 0
 0 0.00764035 0.051015 0.0998891 0.058973 0.0496711 0.0374665 0.0718981 0.12319 0.153886 0.159021 0.0857701 0.0377988 0.023471 0.0147837 0.00900784 0.00315554 0.000888139 0.00291439 0.00214683 0.00393193 0.00274676 0.000635225 9.99891e-05 0 0
 0 0 0 0 0 0 0 0 0 0 0 0 0 0 0 0 0 0 0 0 0 0 0 0 0 0
 0 0 0 0 0 0 0 0 0 0 0 0 0 0 0 0 0 0 0 0 0 0 0 0 0 0
 0 0 0 0 0 0 0 0 0 0 0 0 0 0 0 0 0 0 0 0 0 0 0 0 0 0
 0 0 0 0 0 0 0 0 0 0 0 0 0 0 0 0 0 0 0 0 0 0 0 0 0 0
 0 0 0 0 0 0 0 0 0 0 0 0 0 0 0 0 0 0 0 0 0 0 0 0 0 0
 0 0 0 0 0 0 0 0 0 0 0 0 0 0 0 0 0 0 0 0 0 0 0 0 0 0
 0 0 0 0 0 0 0 0 0 0 0 0 0 0 0 0 0 0 0 0 0 0 0 0 0 0
ppred_pel_tallas
 1.09642e-16 4.83633e-05 0.000470108 0.00312403 0.0142014 0.0441859 0.0941433 0.137408 0.13742 0.0942063 0.0443986 0.0148205 0.00469635 0.00396332 0.00686053 0.0117283 0.0179662 0.0248281 0.0315027 0.0374843 0.0426344 0.0468141 0.0494818 0.0497423 0.0468884 0.0409825
 1.14434e-16 4.32502e-05 0.000420408 0.00279376 0.0127 0.0395147 0.0841913 0.122886 0.122914 0.0843315 0.0399858 0.0140616 0.00621506 0.00790135 0.0142887 0.0236589 0.0343411 0.043784 0.0494627 0.0503365 0.0475052 0.0434267 0.040304 0.0388914 0.0384514 0.0375908
 1.10385e-16 5.52176e-05 0.000536734 0.00356679 0.0162141 0.0504482 0.107486 0.156883 0.156901 0.107574 0.0507455 0.0170741 0.00573082 0.00527903 0.00911569 0.0151255 0.0221223 0.0285422 0.0328299 0.0342912 0.0334747 0.0316993 0.0301212 0.0290962 0.0282258 0.0268614
 1.04091e-16 6.61614e-05 0.000643112 0.00427371 0.0194277 0.0604467 0.128789 0.187974 0.187987 0.128854 0.0606669 0.020064 0.00587225 0.00413734 0.00671606 0.0110351 0.0159786 0.0202857 0.0227229 0.0227373 0.0207797 0.0179725 0.0153958 0.0135517 0.0123236 0.0112995
 1.02748e-16 5.99674e-05 0.000582904 0.0038736 0.0176089 0.0547878 0.116732 0.170378 0.1704 0.116838 0.0551444 0.0186388 0.00645904 0.00622742 0.0107814 0.017733 0.0255492 0.0321505 0.0354589 0.0345179 0.0300563 0.023983 0.0182343 0.0138717 0.0109521 0.00898027
 1.0204e-16 6.70336e-05 0.000651591 0.00433005 0.0196838 0.0612436 0.130487 0.190452 0.190465 0.130553 0.0614667 0.0203284 0.0059496 0.00419156 0.00680318 0.011175 0.0161707 0.0204993 0.0228864 0.0227344 0.0204552 0.017151 0.0139148 0.0113093 0.00932892 0.00770286
 1.03737e-16 4.47754e-05 0.000435233 0.00289228 0.0131479 0.0409082 0.0871606 0.127221 0.127258 0.0873404 0.0415118 0.0148912 0.00726846 0.00998932 0.0181923 0.0300112 0.0432432 0.0544112 0.0599947 0.0583638 0.0507367 0.040328 0.0304046 0.0227683 0.0175423 0.0139346
 1.08488e-16 4.3155e-05 0.000419482 0.00278761 0.0126721 0.0394277 0.0840058 0.122615 0.122642 0.0841387 0.0398744 0.0139649 0.00604233 0.00755647 0.0136911 0.0228099 0.0334233 0.043218 0.0498254 0.0520986 0.050676 0.0473065 0.0435399 0.0398903 0.035992 0.03134
 1.10061e-16 5.21992e-05 0.000507394 0.00337182 0.0153278 0.0476906 0.101611 0.148308 0.148328 0.101708 0.048018 0.0162751 0.00575583 0.00573224 0.0100362 0.0166712 0.0243965 0.0315059 0.0362997 0.0380238 0.0372798 0.0354903 0.033865 0.0327091 0.0315084 0.0295294
 1.03831e-16 6.89505e-05 0.000670223 0.00445387 0.0202467 0.0629949 0.134218 0.195897 0.195908 0.13427 0.0631692 0.0207505 0.00571997 0.00343891 0.00534149 0.00875967 0.0127038 0.0161742 0.0182055 0.0183683 0.0170172 0.0150243 0.013215 0.0119503 0.0111044 0.0103308
 1.00566e-16 7.6954e-05 0.00074802 0.00497086 0.0225968 0.0703071 0.149797 0.218634 0.218639 0.149824 0.0703967 0.0228556 0.00562044 0.00216563 0.00276797 0.00445087 0.00639644 0.0080276 0.00881374 0.00851279 0.00731231 0.00570313 0.00418755 0.00304763 0.00230697 0.00184098
 1.00764e-16 5.83627e-05 0.000567306 0.00376995 0.0171377 0.0533218 0.113609 0.165821 0.165847 0.113738 0.0537553 0.0183892 0.00690944 0.00741421 0.0130423 0.0214177 0.0307261 0.0383824 0.0417929 0.0397597 0.0332031 0.0245666 0.0163999 0.0102094 0.00623177 0.00393072
 1.01802e-16 6.54512e-05 0.000636209 0.00422783 0.0192191 0.0597979 0.127406 0.185956 0.185971 0.127478 0.06004 0.019919 0.00598673 0.00448251 0.00738954 0.0121626 0.0176288 0.0224037 0.0251091 0.0250862 0.0227507 0.01925 0.0157198 0.0127433 0.0103291 0.00824052
 1.01054e-16 7.23201e-05 0.000702977 0.00467153 0.0212361 0.0660734 0.140777 0.20547 0.20548 0.140824 0.0662324 0.0216954 0.00582461 0.00322072 0.00485562 0.00791722 0.0114083 0.0143675 0.0158672 0.0154793 0.0135228 0.0108381 0.00827555 0.00629833 0.00493017 0.00395995
 1.00831e-16 6.78704e-05 0.000659724 0.0043841 0.0199295 0.0620081 0.132115 0.19283 0.192845 0.13219 0.0622579 0.0206507 0.00619384 0.00460828 0.00756064 0.0123753 0.0177815 0.0222775 0.024381 0.0234065 0.0198719 0.0151521 0.0106685 0.0072417 0.00497782 0.00356584
 1.00122e-16 8.06307e-05 0.000783759 0.00520835 0.0236764 0.0736661 0.156954 0.229079 0.22908 0.156962 0.0736945 0.0237584 0.00541408 0.00123291 0.000933771 0.00141634 0.00203292 0.00255692 0.00281742 0.00273642 0.00236984 0.00186775 0.00138369 0.00100408 0.000738103 0.000552866
 1.00622e-16 2.99838e-05 0.000291453 0.00193681 0.00880449 0.0273944 0.0583688 0.0852036 0.0852637 0.0586623 0.0283793 0.0116475 0.00906682 0.0158354 0.0294889 0.0485416 0.0695422 0.0866489 0.0939299 0.0886526 0.0729575 0.0525151 0.0332812 0.0188329 0.00979395 0.00493077
 1.01777e-16 7.4379e-05 0.00072299 0.00480452 0.0218407 0.0679544 0.144784 0.211318 0.211321 0.144803 0.0680173 0.0220231 0.00526635 0.00174372 0.0020496 0.00336587 0.00506186 0.00682141 0.00835771 0.00950741 0.0102714 0.010716 0.0108338 0.0105101 0.00962763 0.00820342
 1.02332e-16 5.15164e-05 0.000500757 0.00332771 0.0151273 0.0470668 0.100282 0.146372 0.146405 0.100444 0.0476088 0.0166919 0.00725255 0.00906036 0.0162834 0.0267754 0.0384206 0.048015 0.0523382 0.0499252 0.0419651 0.0315409 0.0218354 0.0146767 0.0102562 0.00777833
 1.01637e-16 7.18721e-05 0.000698622 0.00464259 0.0211046 0.0656641 0.139905 0.204197 0.204205 0.139945 0.0657992 0.0214951 0.00562499 0.00284976 0.00417638 0.00684023 0.00996142 0.0127641 0.0144993 0.0148055 0.0138916 0.0123415 0.0107117 0.0092544 0.00793263 0.00661921
 1.02007e-16 5.55703e-05 0.000540164 0.00358958 0.0163177 0.0507706 0.108173 0.157888 0.157916 0.108309 0.051228 0.0176386 0.00690389 0.00777121 0.0137766 0.0226561 0.0325584 0.0407905 0.044648 0.0428882 0.0364767 0.0279472 0.0199072 0.0138434 0.00991215 0.00749411
 1.01368e-16 7.25866e-05 0.000705568 0.00468875 0.0213144 0.0663169 0.141296 0.206227 0.206235 0.141335 0.0664506 0.0217009 0.00566042 0.00283136 0.00412332 0.00673677 0.00977849 0.0124641 0.0140398 0.0141468 0.0130107 0.0112492 0.00946382 0.00794743 0.0066813 0.00552428
 1.03666e-16 2.71921e-05 0.000264317 0.00175648 0.00798474 0.0248438 0.0529345 0.0772716 0.0773295 0.0532174 0.0257937 0.0107276 0.00863875 0.0152792 0.0285161 0.0470292 0.0675794 0.0846364 0.0925786 0.0888153 0.0753464 0.0574387 0.0405265 0.0277299 0.0194127 0.0143221
 1.04659e-16 6.65056e-05 0.000646458 0.00429594 0.0195287 0.0607611 0.129458 0.18895 0.188956 0.129492 0.0608754 0.0198607 0.00513686 0.00250725 0.00367384 0.00615943 0.00931092 0.0126336 0.015639 0.018054 0.0198849 0.0212267 0.022006 0.0219289 0.0206916 0.0182556
 1.04023e-16 5.75608e-05 0.000559512 0.00371815 0.0169022 0.0525891 0.112048 0.163542 0.163566 0.112165 0.0529848 0.0180449 0.00658585 0.00681737 0.0119359 0.0196259 0.0282343 0.035449 0.0389676 0.0377616 0.0327083 0.0260146 0.0198988 0.0155439 0.0129289 0.0113507
 1.06323e-16 4.25212e-05 0.000413321 0.00274666 0.012486 0.0388486 0.0827724 0.120816 0.12085 0.0829391 0.0394087 0.0141049 0.00681492 0.00930901 0.0169799 0.0281157 0.0407572 0.0517932 0.0580578 0.0580592 0.0528085 0.045013 0.037335 0.0311089 0.0262738 0.0221458
 1.05077e-16 6.40174e-05 0.000622272 0.00413522 0.0187981 0.0584879 0.124615 0.181882 0.181894 0.124674 0.0586849 0.0193683 0.00557097 0.00377168 0.00609 0.010084 0.014796 0.0191875 0.0222357 0.0234616 0.0231667 0.0221219 0.0209778 0.0198916 0.0186079 0.0168112
 1.0319e-16 6.30502e-05 0.000612871 0.00407274 0.0185141 0.0576043 0.122733 0.179136 0.179154 0.122822 0.0579024 0.0193751 0.0062342 0.00533202 0.00902779 0.0148314 0.0213762 0.026922 0.0297448 0.029064 0.0255086 0.0206853 0.0162032 0.012912 0.0107968 0.00937261
 1.06195e-16 3.28436e-05 0.000319252 0.00212154 0.00964426 0.0300071 0.063935 0.0933246 0.0933705 0.0641593 0.0307602 0.0118203 0.0075862 0.0122571 0.0227298 0.0375894 0.0542954 0.0685887 0.0761306 0.0748969 0.0663424 0.0543315 0.0427455 0.0336577 0.0271343 0.0222195
 1.13477e-16 3.998e-05 0.00038862 0.00258252 0.0117398 0.0365269 0.0778252 0.113593 0.113615 0.0779323 0.0368874 0.0127851 0.00522229 0.00620366 0.0112377 0.018918 0.0281913 0.0374286 0.044946 0.0499077 0.05265 0.0540806 0.0547051 0.0541748 0.0516816 0.0467375
 1.03383e-16 7.46986e-05 0.000726097 0.00482517 0.0219345 0.0682464 0.145406 0.212226 0.212231 0.14543 0.0683246 0.0221607 0.00539436 0.00197337 0.00245775 0.00398334 0.00582407 0.00752761 0.00869534 0.0091661 0.00910851 0.00888472 0.0087896 0.00887246 0.00895424 0.00878354
pSPR Fmed_Fpbrs
0.440615   0.6 0.325
Fs Fmed_Fpbrs
0.499283   0.293315 0.724077
SSBpbr Bo_Bmed_Bpbrs
1.27143e+06  496641  699289 349644
Ro
114698
SPR SPRFo_SPRFmed_SPRFpbrs
816723 359860 265435
Fref
0.293315
Nvult_r0
 159853 7951.52 3040.55 3036.42 772.94
CTP_r0
 21883.1 1440.95 551 550.251 140.07
YTP_r0
219262
Np
 145873 73142.5 3324.66 1271.3 1643.9
Nvult_p0
 102383 53075.1 2412.51 922.51 1192.88
CTP_p0
 17782.9 12037.1 547.14 209.219 270.537
YTP_p0
 350430
CBA_c0
258612
log_Ro
11.4701
likeval ReclasPelacesDesembMPH_pf_preclas_ppelaces_ptallas_desvR_qrecl_qpela
 23.4171 33.9244 0.0314723 62.0307 240.644 119.526 87.1484 0 25.8939 1.87955e-05 4.97028e-05 0.105125 1.3542e-15 0 0
q_reclas_q_pelaces
1.84844 2.72647
M
1
N
 161139 32140.2 63110.6 4758.78 0.185099
 90163.2 48744.4 8998.46 17669.4 1332.39
 87101.5 23116.8 10834.8 2000.15 4223.67
 129141 22443 5174.07 2425.07 1393.03
 102116 28377.7 4022.54 927.368 684.332
 196643 31695.6 8235.7 1167.41 467.744
 72372.9 54327.3 7819.17 2031.72 403.387
 27810 13167.6 7482.39 1076.92 335.382
 27020.6 8961.24 4026.46 2288.01 431.861
 37034.7 5626.18 1489.86 669.422 452.194
 98355.8 5292.14 553.151 146.479 110.274
 78282.5 31704.2 1619.03 169.227 78.549
 71962.7 15287.4 4819.83 246.133 37.668
 85745.1 11800.2 1821.18 574.185 33.8092
 49730.6 10917.9 987.686 152.435 50.8896
 410893 7364.12 1128.14 102.057 21.0094
 61513.6 98121.4 1482.34 227.085 24.7723
 419782 17139.9 24495.5 370.058 62.875
 185686 108378 3846.93 5497.85 97.1689
 358528 34402.3 15309.4 543.414 790.346
 199114 83330.6 6668.3 2967.45 258.526
 504174 48012.9 17002.8 1360.6 658.229
 66594.1 113509 8901.93 3152.44 374.305
 226615 18206.4 27595.8 2164.19 857.403
 193617 64239.5 4655.63 7056.64 772.664
 87843.8 54675.5 16339.4 1184.16 1991.39
 177606 26106.8 14934.6 4463.11 867.403
 224049 50058.1 6622.55 3788.49 1352.2
 62163.4 67220.5 13855.5 1833.04 1422.88
 42840.2 18700.2 18674.8 3849.24 904.541
 232995 11276.2 4311.86 4306 1096.12
pred_Ctot
 18394 4963.6 9746.55 734.926 0.028586
 17786 12700.9 2344.66 4603.98 347.171
 16978.5 5956.14 2791.62 515.346 1088.24
 34266.4 7705.08 1776.35 832.568 478.252
 10228.4 3860.69 547.253 126.165 93.1011
 31681.7 6816.92 1771.29 251.081 100.6
 24461.9 23215.4 3341.32 868.202 172.377
 2205.04 1426.26 810.464 116.648 36.3273
 7760.18 3307.26 1486.02 844.418 159.384
 15427.8 2885.96 764.225 343.381 231.953
 7779.48 571.85 59.7716 15.828 11.9159
 24425.8 12612.4 644.073 67.3206 31.2479
 26887.4 7136.73 2250.08 114.904 17.5849
 38520.5 6453.52 996.005 314.022 18.4902
 20185.1 5476.75 495.455 76.4661 25.5279
 94375.3 2212.55 338.949 30.6631 6.31227
 9648.42 20570.5 310.762 47.6068 5.19335
 81434.7 4396.19 6282.82 94.9157 16.1267
 61550.6 45515.7 1615.6 2308.94 40.8082
 86601.2 10830.9 4819.84 171.083 248.825
 44872.3 24597.5 1968.34 875.931 76.3116
 128656 15902.5 5631.54 450.648 218.014
 11075.8 25163.8 1973.46 698.862 82.9795
 33571.1 3613.96 5477.76 429.591 170.194
 29060 12912 935.774 1418.37 155.304
 10856.2 9117.57 2724.72 197.468 332.08
 26829.6 5279.95 3020.45 902.638 175.427
 26559.7 8018.5 1060.83 606.855 216.6
 7281.05 10643.2 2193.77 290.23 225.288
 7916.77 4581.44 4575.22 943.043 221.607
 21883.1 1440.95 551 550.251 140.07
F
 0.195679 0.273053 0.273053 0.273053 0.273053
 0.361061 0.503831 0.503831 0.503831 0.503831
 0.356094 0.4969 0.4969 0.4969 0.4969
 0.515305 0.719066 0.719066 0.719066 0.719066
 0.169931 0.237124 0.237124 0.237124 0.237124
 0.286364 0.399598 0.399598 0.399598 0.399598
 0.704072 0.982474 0.982474 0.982474 0.982474
 0.132485 0.184872 0.184872 0.184872 0.184872
 0.569169 0.794228 0.794228 0.794228 0.794228
 0.945634 1.31955 1.31955 1.31955 1.31955
 0.132142 0.184393 0.184393 0.184393 0.184393
 0.633296 0.883712 0.883712 0.883712 0.883712
 0.808031 1.12754 1.12754 1.12754 1.12754
 1.06098 1.48051 1.48051 1.48051 1.48051
 0.910001 1.26983 1.26983 1.26983 1.26983
 0.432128 0.602999 0.602999 0.602999 0.602999
 0.27785 0.387716 0.387716 0.387716 0.387716
 0.354111 0.494133 0.494133 0.494133 0.494133
 0.685931 0.95716 0.95716 0.95716 0.95716
 0.459189 0.640761 0.640761 0.640761 0.640761
 0.422411 0.589439 0.589439 0.589439 0.589439
 0.491037 0.685202 0.685202 0.685202 0.685202
 0.296844 0.414221 0.414221 0.414221 0.414221
 0.260635 0.363695 0.363695 0.363695 0.363695
 0.264466 0.369041 0.369041 0.369041 0.369041
 0.213365 0.297733 0.297733 0.297733 0.297733
 0.266383 0.371715 0.371715 0.371715 0.371715
 0.203885 0.284504 0.284504 0.284504 0.284504
 0.201233 0.280804 0.280804 0.280804 0.280804
 0.334785 0.467165 0.467165 0.467165 0.467165
 0.158608 0.221325 0.221325 0.221325 0.221325
nmprior
 8 9 7.5 0
nm_flota  nm_reclas  nm_pelaces    nm_pelaL
inf 22.5222 11.5465 18.8338
cv_recla  cv_pelaces  cv_mph
0.218857 0.571136 0.712407
 ------------------------------------------------
Talla a la edad & desviaci?n 
 8 13.2811 15.8009 17.003 17.5766
 0.8 1.32811 1.58009 1.7003 1.75766
