years
 1991 1992 1993 1994 1995 1996 1997 1998 1999 2000 2001 2002 2003 2004 2005 2006 2007 2008 2009 2010 2011 2012 2013 2014 2015 2016 2017 2018 2019 2020 2021
reclasobs
 0 0 0 0 0 0 0 0 0 252601 567819 844713 477998 351125 339783 2.1784e+06 2.13404e+06 4.81314e+06 1.55562e+06 2.62356e+06 3.21686e+06 3.843e+06 1.13348e+06 3.07943e+06 1.97215e+06 2.03268e+06 2.025e+06 2.42433e+06 2.27542e+06 1.05018e+06 2.36338e+06
reclaspred
 3.47518e+06 1.86958e+06 944001 1.00793e+06 1.06869e+06 2.03391e+06 1.09524e+06 913666 618193 394338 768034 715894 313241 722459 598218 1.33431e+06 999395 3.00337e+06 2.98014e+06 2.26661e+06 3.10905e+06 2.13967e+06 1.47544e+06 2.93449e+06 2.22674e+06 1.9751e+06 2.39634e+06 2.64724e+06 2.05775e+06 1.14487e+06 2.01296e+06
pelacesobs
 0 0 0 0 0 0 0 0 0 0 0 0 0 0 0 552880 188675 0 991730 2.46772e+06 1.41603e+06 1.21717e+06 2.29649e+06 1.80582e+06 0 1.4828e+06 1.56532e+06 1.57751e+06 1.42118e+06 867257 0
pelacespred
 2.31469e+06 1.322e+06 632521 495664 617433 1.14418e+06 591033 652373 393063 212218 433370 358791 136606 374113 329953 577376 504411 1.58074e+06 1.71667e+06 1.26181e+06 1.65465e+06 1.15714e+06 869999 1.78689e+06 1.42509e+06 1.30521e+06 1.66832e+06 1.82033e+06 1.3562e+06 815786 1.16816e+06
mphobs
 0 0 0 0 0 0 0 0 0 0 0 498337 0 5186 125008 0 168611 109162 213762 579715 649985 157893 87575 83554 0 0 0 0 0 0 0
mphpred
 568086 385986 179149 101333 117094 152306 226590 110620 99213.1 56160.5 33333.3 108881 57529.5 17578.6 54746.3 54677.4 153123 108718 330361 294601 320111 277626 224284 163529 331940 274236 221942 246719 367320 217893 105642
desembarqueobs
 494567 514787 250237 358949 120608 361735 552515 73892 212993 205616 52469 317467 293654 387597 252695 516296 358380 742168 942051 627588 828172 859565 418607 520667 417249 300574 407403 355545 319650 289779 219260
desembarquepred
 494565 514081 250551 358980 120613 361732 552506 73897.8 213060 205666 52468.6 317679 293978 387372 252647 516205 358480 741953 941478 627235 828470 859518 418538 520673 417208 300563 407389 355500 319613 289777 219263
Reclutas
 159062 87724.3 86904.1 127232 102920 201425 74267.2 29920.1 29791.4 42329.4 103804 66222.5 43619.8 117635 57750.6 271072 49060.5 462820 374651 250461 223328 355434 71883 237254 189363 82379.3 181850 204652 58763.4 44280.9 199498
log_desv_Rt
 0.342781 -0.252314 -0.261708 0.119498 -0.0925656 0.578905 -0.418845 -1.32798 -1.3323 -0.981032 -0.0840107 -0.533494 -0.951004 0.0410731 -0.67038 0.87587 -0.83346 1.41082 1.19948 0.79679 0.682128 1.14683 -0.451474 0.742618 0.517151 -0.31518 0.476666 0.594799 -0.652995 -0.93596 0.569292
SSB
 1.36229e+06 925605 429604 242999 280794 365234 543370 265271 237916 134674 79934.3 261100 137957 42153.9 131283 131118 367192 260710 792216 706461 767636 665754 537840 392147 796002 657626 532223 591640 880844 522514 253333
BT
 2.05832e+06 1.44016e+06 688808 717609 600251 1.3442e+06 937530 598494 528347 378399 459750 558636 383927 801883 566320 991758 684694 2.23497e+06 2.42541e+06 1.58947e+06 2.08174e+06 1.78717e+06 1.05958e+06 2.20139e+06 1.52647e+06 1.30714e+06 1.92029e+06 1.99927e+06 1.26255e+06 883126 1.28803e+06
Ftot
 0.29916 0.553466 0.546112 0.791997 0.254641 0.420182 0.986981 0.179077 0.739585 1.0993 0.176152 0.912405 1.7632 1.3099 0.976553 0.949162 0.738815 0.619701 0.713579 0.615912 0.583235 0.889164 0.595615 0.437498 0.411636 0.329704 0.401887 0.323361 0.316482 0.521766 0.274572
BD_Bspro_t
 0.953527 0.70448 0.462833 0.363889 0.372121 0.485553 0.50923 0.303818 0.35428 0.277333 0.234507 0.566118 0.292686 0.113337 0.251586 0.245335 0.36001 0.278707 0.468305 0.403123 0.371149 0.341821 0.324681 0.292554 0.484195 0.493177 0.496885 0.556803 0.635227 0.512801 0.420455
BD_Bspro
 1.69453 1.15135 0.534379 0.302263 0.349276 0.45431 0.675891 0.329967 0.29594 0.16752 0.0994292 0.324779 0.171603 0.0524347 0.163301 0.163096 0.456746 0.324294 0.985427 0.878757 0.954852 0.828123 0.669012 0.487786 0.990137 0.818013 0.662026 0.735933 1.09567 0.649948 0.315118
BD_Bo
 1.1195 0.760646 0.353041 0.199692 0.230752 0.300143 0.446532 0.217995 0.195515 0.110673 0.0656886 0.214567 0.113371 0.0346413 0.107886 0.10775 0.301752 0.214247 0.651029 0.580557 0.63083 0.547105 0.441988 0.322259 0.654141 0.540426 0.437372 0.486199 0.723862 0.429393 0.208185
BD_Brms
 2.03546 1.38299 0.641893 0.363077 0.419548 0.545715 0.811876 0.396354 0.355482 0.201224 0.119434 0.390123 0.206129 0.0629842 0.196157 0.19591 0.548641 0.38954 1.18369 1.05556 1.14696 0.994736 0.803614 0.585926 1.18935 0.982593 0.795222 0.883999 1.31611 0.780714 0.378518
Sel_flota
 0.6523 0.972711 0.998526 0.999922 0.999996
 0.6523 0.972711 0.998526 0.999922 0.999996
 0.6523 0.972711 0.998526 0.999922 0.999996
 0.6523 0.972711 0.998526 0.999922 0.999996
 0.6523 0.972711 0.998526 0.999922 0.999996
 0.6523 0.972711 0.998526 0.999922 0.999996
 0.6523 0.972711 0.998526 0.999922 0.999996
 0.6523 0.972711 0.998526 0.999922 0.999996
 0.6523 0.972711 0.998526 0.999922 0.999996
 0.6523 0.972711 0.998526 0.999922 0.999996
 0.6523 0.972711 0.998526 0.999922 0.999996
 0.6523 0.972711 0.998526 0.999922 0.999996
 0.6523 0.972711 0.998526 0.999922 0.999996
 0.6523 0.972711 0.998526 0.999922 0.999996
 0.6523 0.972711 0.998526 0.999922 0.999996
 0.6523 0.972711 0.998526 0.999922 0.999996
 0.6523 0.972711 0.998526 0.999922 0.999996
 0.6523 0.972711 0.998526 0.999922 0.999996
 0.6523 0.972711 0.998526 0.999922 0.999996
 0.6523 0.972711 0.998526 0.999922 0.999996
 0.6523 0.972711 0.998526 0.999922 0.999996
 0.6523 0.972711 0.998526 0.999922 0.999996
 0.6523 0.972711 0.998526 0.999922 0.999996
 0.6523 0.972711 0.998526 0.999922 0.999996
 0.6523 0.972711 0.998526 0.999922 0.999996
 0.6523 0.972711 0.998526 0.999922 0.999996
 0.6523 0.972711 0.998526 0.999922 0.999996
 0.6523 0.972711 0.998526 0.999922 0.999996
 0.6523 0.972711 0.998526 0.999922 0.999996
 0.6523 0.972711 0.998526 0.999922 0.999996
 0.6523 0.972711 0.998526 0.999922 0.999996
Sel_reclas
 0.913727 0.981584 0.996286 0.99926 0.999853
 0.913727 0.981584 0.996286 0.99926 0.999853
 0.913727 0.981584 0.996286 0.99926 0.999853
 0.913727 0.981584 0.996286 0.99926 0.999853
 0.913727 0.981584 0.996286 0.99926 0.999853
 0.913727 0.981584 0.996286 0.99926 0.999853
 0.913727 0.981584 0.996286 0.99926 0.999853
 0.913727 0.981584 0.996286 0.99926 0.999853
 0.913727 0.981584 0.996286 0.99926 0.999853
 0.913727 0.981584 0.996286 0.99926 0.999853
 0.913727 0.981584 0.996286 0.99926 0.999853
 0.913727 0.981584 0.996286 0.99926 0.999853
 0.913727 0.981584 0.996286 0.99926 0.999853
 0.913727 0.981584 0.996286 0.99926 0.999853
 0.913727 0.981584 0.996286 0.99926 0.999853
 0.913727 0.981584 0.996286 0.99926 0.999853
 0.913727 0.981584 0.996286 0.99926 0.999853
 0.913727 0.981584 0.996286 0.99926 0.999853
 0.913727 0.981584 0.996286 0.99926 0.999853
 0.913727 0.981584 0.996286 0.99926 0.999853
 0.913727 0.981584 0.996286 0.99926 0.999853
 0.913727 0.981584 0.996286 0.99926 0.999853
 0.913727 0.981584 0.996286 0.99926 0.999853
 0.913727 0.981584 0.996286 0.99926 0.999853
 0.913727 0.981584 0.996286 0.99926 0.999853
 0.913727 0.981584 0.996286 0.99926 0.999853
 0.913727 0.981584 0.996286 0.99926 0.999853
 0.913727 0.981584 0.996286 0.99926 0.999853
 0.913727 0.981584 0.996286 0.99926 0.999853
 0.913727 0.981584 0.996286 0.99926 0.999853
 0.913727 0.981584 0.996286 0.99926 0.999853
Sel_pelaces
 0.58867 0.878084 0.973152 0.994548 0.998912
 0.58867 0.878084 0.973152 0.994548 0.998912
 0.58867 0.878084 0.973152 0.994548 0.998912
 0.58867 0.878084 0.973152 0.994548 0.998912
 0.58867 0.878084 0.973152 0.994548 0.998912
 0.58867 0.878084 0.973152 0.994548 0.998912
 0.58867 0.878084 0.973152 0.994548 0.998912
 0.58867 0.878084 0.973152 0.994548 0.998912
 0.58867 0.878084 0.973152 0.994548 0.998912
 0.58867 0.878084 0.973152 0.994548 0.998912
 0.58867 0.878084 0.973152 0.994548 0.998912
 0.58867 0.878084 0.973152 0.994548 0.998912
 0.58867 0.878084 0.973152 0.994548 0.998912
 0.58867 0.878084 0.973152 0.994548 0.998912
 0.58867 0.878084 0.973152 0.994548 0.998912
 0.58867 0.878084 0.973152 0.994548 0.998912
 0.58867 0.878084 0.973152 0.994548 0.998912
 0.58867 0.878084 0.973152 0.994548 0.998912
 0.58867 0.878084 0.973152 0.994548 0.998912
 0.58867 0.878084 0.973152 0.994548 0.998912
 0.58867 0.878084 0.973152 0.994548 0.998912
 0.58867 0.878084 0.973152 0.994548 0.998912
 0.58867 0.878084 0.973152 0.994548 0.998912
 0.58867 0.878084 0.973152 0.994548 0.998912
 0.58867 0.878084 0.973152 0.994548 0.998912
 0.58867 0.878084 0.973152 0.994548 0.998912
 0.58867 0.878084 0.973152 0.994548 0.998912
 0.58867 0.878084 0.973152 0.994548 0.998912
 0.58867 0.878084 0.973152 0.994548 0.998912
 0.58867 0.878084 0.973152 0.994548 0.998912
 0.58867 0.878084 0.973152 0.994548 0.998912
pf_obs 
 0.8446 0.082 0.0669 0.0065 0
 0.8095 0.147 0.0364 0.0071 0
 0.9664 0.0169 0.016 0.0007 0
 0.9276 0.0648 0.0075 0.0001 0
 0.7033 0.2144 0.0806 0.0017 0
 0.9318 0.0425 0.0243 0.0014 0
 0.5671 0.3108 0.0964 0.0239 0.0018
 0.0768 0.2599 0.5324 0.112 0.0189
 0.490249 0.384438 0.106611 0.0170017 0.00170017
 0.7925 0.1577 0.0466 0.003 0.0002
 0.840416 0.127587 0.0312969 0.00059994 9.999e-05
 0.8084 0.0986 0.0794 0.0134 0.0002
 0.7335 0.1905 0.0724 0.0035 0.0001
 0.4001 0.4547 0.1325 0.0127 0
 0.49795 0.308269 0.164784 0.0264974 0.00249975
 0.9179 0.0499 0.0305 0.0017 0
 0.2467 0.6533 0.0926 0.0074 0
 0.9418 0.0223 0.034 0.0019 0
 0.707729 0.231977 0.0356964 0.0245975 0
 0.517169 0.277429 0.184464 0.0207286 0.00020938
 0.811772 0.124168 0.05621 0.00726502 0.000585176
 0.764997 0.148141 0.077277 0.00933861 0.000247198
 0.163321 0.427699 0.378323 0.0303852 0.000271297
 0.753843 0.0900009 0.118128 0.0371064 0.000921714
 0.721811 0.176058 0.0630433 0.0369309 0.00215725
 0.143369 0.312575 0.442814 0.0836902 0.0175525
 0.692698 0.0596174 0.167031 0.0765114 0.00414204
 0.394062 0.376323 0.152708 0.0712218 0.00568511
 0.125707 0.32114 0.495352 0.0537591 0.00404204
 0.23352 0.215282 0.420074 0.123614 0.00750983
 0 0 0 0 0
pf_pred 
 0.537904 0.151298 0.288764 0.0220339 9.05324e-07
 0.45856 0.350607 0.0637433 0.118092 0.00899698
 0.617569 0.222874 0.104596 0.0183808 0.03658
 0.752754 0.179878 0.0398262 0.0180662 0.00947516
 0.682152 0.267067 0.0373328 0.00795716 0.00549126
 0.773149 0.174126 0.0445069 0.00604385 0.00217373
 0.455529 0.460205 0.065161 0.0161318 0.00297335
 0.462074 0.32289 0.182922 0.0248455 0.00726829
 0.55857 0.250714 0.115762 0.0637751 0.0111794
 0.765217 0.161164 0.0425023 0.0189026 0.0122144
 0.889374 0.0949217 0.0109297 0.00275918 0.00201523
 0.572724 0.394968 0.0278326 0.00311644 0.00135927
 0.647017 0.248725 0.0966696 0.00653966 0.00104929
 0.93483 0.052216 0.00928154 0.00340605 0.000266557
 0.694311 0.29515 0.00852527 0.00144419 0.000569967
 0.935446 0.0518307 0.012302 0.00034081 8.03358e-05
 0.39186 0.585584 0.0182563 0.00415844 0.000142043
 0.940065 0.0313127 0.0275981 0.000828925 0.000194873
 0.698783 0.290217 0.00584353 0.00497209 0.000184097
 0.624974 0.298759 0.0735817 0.00142801 0.00125755
 0.657162 0.251927 0.0729358 0.017344 0.000631796
 0.781698 0.166078 0.0387292 0.0108306 0.00266436
 0.379457 0.535915 0.0650005 0.014564 0.00506377
 0.824768 0.0880013 0.0756908 0.00886761 0.00267266
 0.642993 0.315484 0.0211873 0.0176501 0.00268637
 0.444783 0.411185 0.127752 0.00831356 0.00796616
 0.74495 0.141945 0.084419 0.0254485 0.00323759
 0.695884 0.25046 0.0302813 0.0174538 0.0059209
 0.344538 0.51199 0.118794 0.0139375 0.0107411
 0.448131 0.248837 0.238259 0.0536465 0.0111264
 0.87239 0.0729653 0.025096 0.0232416 0.00630709
pobs_RECLAS
 0 0 0 0 0
 0 0 0 0 0
 0 0 0 0 0
 0 0 0 0 0
 0 0 0 0 0
 0 0 0 0 0
 0 0 0 0 0
 0 0 0 0 0
 0 0 0 0 0
 0 0 0 0 0
 0.991045 0.00858322 0.000360255 1.14367e-05 0
 0.934742 0.0480273 0.0164251 0.00080598 0
 0.827803 0.169806 0.00239088 0 0
 0.941827 0.0461693 0.0120037 0 0
 0.791401 0.0380133 0.147996 0.0225897 0
 0.846168 0.0940531 0.0597789 0 0
 0.134021 0.677848 0.182769 0.00536245 0
 0.80878 0.0450904 0.141981 0.00414843 0
 0.846168 0.0940531 0.0597789 0 0
 0.905697 0.0802665 0.012482 0.00150086 5.37128e-05
 0.989698 0.0102097 9.19794e-05 0 0
 0.975433 0.0193895 0.00387452 0.00125025 5.28907e-05
 0.303575 0.632131 0.0575291 0.00676475 0
 0.966965 0.00978017 0.0227588 0.000495775 0
 0.843318 0.132988 0.00938335 0.0141283 0.000182051
 0.564624 0.303363 0.111486 0.0197234 0.00080311
 0.826376 0.0876187 0.0782897 0.00655872 0.00115652
 0.89761 0.0855135 0.0140674 0.00269457 0.000114338
 0.34875 0.467042 0.161289 0.0227151 0.000203297
 0.318654 0.224769 0.449479 0.00709798 0
 0.937255 0.0296025 0.0250945 0.00804832 0
ppred_RECLAS
 0.621897 0.1248 0.235318 0.0179834 7.39281e-07
 0.546554 0.294876 0.0529133 0.098174 0.00748335
 0.696928 0.17754 0.0822391 0.0144735 0.0288189
 0.814309 0.135593 0.0295975 0.0134454 0.00705528
 0.750536 0.209993 0.0290046 0.00619163 0.00427508
 0.82801 0.132393 0.0334172 0.0045448 0.00163543
 0.549085 0.382005 0.0532691 0.0132058 0.00243528
 0.546341 0.273561 0.153163 0.0208359 0.00609848
 0.645517 0.202492 0.0922014 0.0508684 0.00892151
 0.827312 0.119106 0.0309142 0.0137672 0.00890057
 0.918277 0.0702333 0.00799242 0.00202081 0.00147672
 0.659806 0.314816 0.0218575 0.00245081 0.00106949
 0.739705 0.184521 0.0702531 0.00475771 0.000763754
 0.955304 0.0359311 0.00627744 0.00230653 0.0001806
 0.767318 0.224774 0.00639453 0.00108473 0.000428318
 0.954657 0.0365132 0.0085369 0.000236831 5.58542e-05
 0.479821 0.501137 0.0154072 0.00351453 0.00012011
 0.957343 0.0224279 0.0195044 0.000586689 0.000137996
 0.76832 0.223326 0.00443496 0.00377904 0.000139995
 0.703735 0.236652 0.0575112 0.00111777 0.000984849
 0.731882 0.197694 0.0564828 0.0134514 0.000490251
 0.838342 0.123405 0.0283574 0.00794125 0.00195456
 0.465211 0.462665 0.0553758 0.0124259 0.00432258
 0.869718 0.0658318 0.055912 0.00656032 0.00197827
 0.717467 0.250011 0.0165811 0.0138339 0.00210663
 0.530003 0.349156 0.10716 0.00698425 0.00669586
 0.805179 0.109006 0.0640243 0.0193298 0.00246043
 0.762849 0.195705 0.0233739 0.0134931 0.00457967
 0.425009 0.450298 0.103213 0.0121282 0.00935153
 0.536394 0.21049 0.198946 0.0448617 0.0093092
 0.905828 0.0541034 0.0183855 0.0170533 0.00463016
pobs_PELACES
 0 0 0 0 0
 0 0 0 0 0
 0 0 0 0 0
 0 0 0 0 0
 0 0 0 0 0
 0 0 0 0 0
 0 0 0 0 0
 0 0 0 0 0
 0 0 0 0 0
 0 0 0 0 0
 0 0 0 0 0
 0 0 0 0 0
 0 0 0 0 0
 0 0 0 0 0
 0 0 0 0 0
 0 0 0 0 0
 0.505614 0.472636 0.0217494 0 0
 0 0 0 0 0
 0.443492 0.261883 0.143347 0.151278 0
 0.227955 0.32914 0.350689 0.0885471 0.00366901
 0.970185 0.0296113 0.000203453 0 0
 0.997202 0.00247181 0.000326279 0 0
 0.445219 0.490057 0.0546422 0.010081 0
 0.90214 0.0892962 0.00764917 0.000914606 0
 0 0 0 0 0
 0.581667 0.319106 0.0959925 0.00289975 0.000334073
 0.762889 0.0836404 0.116647 0.0363945 0.000428098
 0.88444 0.0763242 0.0277011 0.0115352 0
 0.521256 0.241999 0.230069 0.00667565 0
 0.616807 0.101726 0.260614 0.0208532 0
 0 0 0 0 0
ppred_PELACES
 0.535461 0.144558 0.296867 0.0231137 9.53777e-07
 0.470657 0.332543 0.0648507 0.122571 0.00937828
 0.628012 0.209677 0.10556 0.0189251 0.037825
 0.770099 0.163749 0.0387663 0.0179376 0.00944803
 0.686793 0.259728 0.0390865 0.0085009 0.00589176
 0.780222 0.165693 0.0455034 0.00630457 0.00227725
 0.489955 0.426399 0.0643813 0.0162555 0.00300898
 0.460125 0.313903 0.191612 0.0265579 0.00780271
 0.576922 0.232385 0.114813 0.0645213 0.0113587
 0.790326 0.140651 0.0394901 0.0179105 0.0116228
 0.890513 0.0928269 0.0115172 0.00296694 0.00217631
 0.604497 0.363655 0.0273556 0.00312409 0.00136844
 0.706912 0.203207 0.0832191 0.00573791 0.000924558
 0.945617 0.0429978 0.00811148 0.00303505 0.000238535
 0.724181 0.265661 0.00818398 0.00141394 0.000560417
 0.94284 0.0452905 0.0114692 0.000324065 7.67156e-05
 0.417236 0.559609 0.0186684 0.00433763 0.000148799
 0.943099 0.0287326 0.0271403 0.000831602 0.000196341
 0.719633 0.269336 0.00580487 0.00503839 0.000187352
 0.642143 0.280933 0.0741574 0.00146819 0.00129848
 0.67131 0.236726 0.0734851 0.0178273 0.000652188
 0.800729 0.148977 0.0370981 0.0105815 0.00261422
 0.397261 0.515105 0.0669782 0.0153099 0.00534595
 0.828154 0.0831058 0.0767839 0.00917811 0.00277814
 0.653839 0.302886 0.0218574 0.0185779 0.00283976
 0.451045 0.39845 0.133155 0.00884152 0.00850851
 0.748925 0.134926 0.0862363 0.0265242 0.00338895
 0.702091 0.241691 0.0314327 0.0184863 0.00629814
 0.350475 0.498632 0.124461 0.0148998 0.0115321
 0.456107 0.235184 0.24164 0.0555081 0.0115619
 0.872413 0.0702823 0.0260177 0.0245866 0.00670079
pobs_pel_tallas
 0 0 0 0 0 0 0 0 0 0 0 0 0 0 0 0 0 0 0 0 0 0 0 0 0 0
 0 0 0 0 0 0 0 0 0 0 0 0 0 0 0 0 0 0 0 0 0 0 0 0 0 0
 0 0 0 0 0 0 0 0 0 0 0 0 0 0 0 0 0 0 0 0 0 0 0 0 0 0
 0 0 0 0 0 0 0 0 0 0 0 0 0 0 0 0 0 0 0 0 0 0 0 0 0 0
 0 0 0 0 0 0 0 0 0 0 0 0 0 0 0 0 0 0 0 0 0 0 0 0 0 0
 0 0 0 0 0 0 0 0 0 0 0 0 0 0 0 0 0 0 0 0 0 0 0 0 0 0
 0 0 0 0 0 0 0 0 0 0 0 0 0 0 0 0 0 0 0 0 0 0 0 0 0 0
 0 0 0 0 0 0 0 0 0 0 0 0 0 0 0 0 0 0 0 0 0 0 0 0 0 0
 0 0 0 0 0 0 0 0 0 0 0 0 0 0 0 0 0 0 0 0 0 0 0 0 0 0
 0 0 0 0 0 0 0 0 0 0 0 0 0 0 0 0 0 0 0 0 0 0 0 0 0 0
 0 0 0 0 0 0 0 0 0 0 0 0 0 0 0 0 0 0 0 0 0 0 0 0 0 0
 0 0 0 0 0 0 0 0 0 0 0 0 0 0 0 0 0 0 0 0 0 0 0 0 0 0
 0.00862536 0 0 0.000197151 0.00414017 0.0128641 0.00837892 0.0270097 0.101434 0.158115 0.152841 0.127902 0.109271 0.109419 0.0830992 0.0579132 0.0238553 0.00714673 0.00463305 0.00128148 0.00103504 0.000492878 0.000147863 0.000147863 4.92878e-05 0
 0 0 0 0 0 0 0 0 0 0 0 0 0 0 0 0 0 0 0 0 0 0 0 0 0 0
 0 0 0 0 0 0 0 0.0054083 0.00873648 0.0413646 0.0450493 0.0745869 0.0622846 0.0627006 0.0613931 0.0827291 0.12552 0.122667 0.0946155 0.0697135 0.0546179 0.0294188 0.0215738 0.0213955 0.0102223 0.00600262
 0 0 0 0 0.00359764 0.0251062 0.0480494 0.140153 0.205849 0.193036 0.1447 0.116669 0.0760912 0.0342217 0.00950174 0.001854 0.000860785 0 0 0 0.000165536 0 0.000143464 0 0 0
 0 0 0 0 0 0 0 0.000145254 0.000435761 0.0275982 0.070085 0.0708112 0.156366 0.174668 0.174014 0.160142 0.0824315 0.0480064 0.0283245 0.00493863 0.00203355 0 0 0 0 0
 0 0 0 0 0 0 0 0 0 0 0 0 0 0 0 0 0 0 0 0 0 0 0 0 0 0
 0 0 1.00437e-05 0.000401748 0.00122533 0.00171747 0.00176769 0.0269171 0.070346 0.194647 0.189555 0.159765 0.064822 0.0314167 0.0384472 0.0292271 0.0345202 0.0313363 0.0194345 0.0106764 0.0143323 0.0359363 0.0279516 0.0138201 0.00172751 0
 0 0.0021121 0.0136068 0.0755702 0.200478 0.177729 0.0527432 0.0373336 0.0318909 0.0142505 0.0149659 0.0166563 0.0217959 0.0798694 0.0677717 0.0528807 0.04013 0.0224614 0.0357745 0.0225083 0.00881397 0.00855152 0.00135912 0.000746735 0 0
 0 0 0 0 5.4009e-05 0.00500934 0.000945158 0.0243581 0.138947 0.33067 0.221406 0.137944 0.0707744 0.0437923 0.0131692 0.00525238 0.0047753 0.00276346 9.45158e-05 9.00151e-06 2.25038e-05 9.00151e-06 4.50075e-06 0 0 0
 0.000866109 0.00284123 0.00948549 0.0512746 0.133035 0.25785 0.225252 0.132002 0.0553304 0.0519788 0.0540692 0.017754 0.00435017 0.00159236 0.00146478 0.000404838 0.000125132 0.000115318 0.000107957 0.000100596 0 0 0 0 0 0
 0 0 0 0 0.00144013 0.00171154 0.00461396 0.0210425 0.0478622 0.0707936 0.0888783 0.103762 0.0637923 0.0337046 0.0602308 0.124433 0.169614 0.0934646 0.0462172 0.0250306 0.0313229 0.00938855 0.002487 0.000210481 0 0
 0 0.00764035 0.051015 0.0998891 0.058973 0.0496711 0.0374665 0.0718981 0.12319 0.153886 0.159021 0.0857701 0.0377988 0.023471 0.0147837 0.00900784 0.00315554 0.000888139 0.00291439 0.00214683 0.00393193 0.00274676 0.000635225 9.99891e-05 0 0
 0 0 0 0 0 0 0 0 0 0 0 0 0 0 0 0 0 0 0 0 0 0 0 0 0 0
 0 0 0 0 0 0 0 0 0 0 0 0 0 0 0 0 0 0 0 0 0 0 0 0 0 0
 0 0 0 0 0 0 0 0 0 0 0 0 0 0 0 0 0 0 0 0 0 0 0 0 0 0
 0 0 0 0 0 0 0 0 0 0 0 0 0 0 0 0 0 0 0 0 0 0 0 0 0 0
 0 0 0 0 0 0 0 0 0 0 0 0 0 0 0 0 0 0 0 0 0 0 0 0 0 0
 0 0 0 0 0 0 0 0 0 0 0 0 0 0 0 0 0 0 0 0 0 0 0 0 0 0
 0 0 0 0 0 0 0 0 0 0 0 0 0 0 0 0 0 0 0 0 0 0 0 0 0 0
ppred_pel_tallas
 1.10923e-16 4.41053e-05 0.000428719 0.00284899 0.0129511 0.0402957 0.0858549 0.125311 0.125325 0.0859253 0.0405334 0.013643 0.00460642 0.00433385 0.00766145 0.0131187 0.020108 0.0278095 0.0353227 0.0420847 0.0479356 0.0527074 0.0557762 0.0561225 0.0529436 0.0463085
 1.15836e-16 3.87675e-05 0.000376834 0.00250419 0.0113837 0.0354192 0.0754654 0.110151 0.110183 0.0756224 0.0359465 0.0129078 0.00633381 0.0087506 0.0159844 0.0264815 0.0384379 0.049003 0.0553467 0.056297 0.0530763 0.0484293 0.0448221 0.0431108 0.0424926 0.0414358
 1.11399e-16 5.17286e-05 0.00050282 0.00334142 0.0151896 0.0472606 0.100694 0.146971 0.146991 0.100794 0.0475949 0.0161567 0.00577544 0.00583756 0.0102463 0.0170236 0.0249117 0.0321651 0.0370374 0.0387434 0.0378857 0.0359241 0.0341346 0.0329025 0.031785 0.0300793
 1.04559e-16 6.34321e-05 0.000616582 0.00409741 0.0186262 0.0579532 0.123476 0.18022 0.180236 0.123553 0.0582128 0.0193764 0.00598192 0.00473569 0.00790196 0.0130049 0.0188281 0.0238941 0.0267457 0.0267275 0.0243677 0.0209895 0.0178703 0.0156108 0.0140862 0.0128246
 1.03044e-16 5.65703e-05 0.000549883 0.00365417 0.0166113 0.0516842 0.11012 0.160728 0.160753 0.110242 0.052095 0.0177979 0.00663292 0.00705325 0.0124098 0.0204322 0.0294417 0.0370532 0.0408731 0.0397972 0.0346609 0.0276575 0.0210123 0.0159469 0.0125317 0.010206
 1.02374e-16 6.42659e-05 0.000624687 0.00415127 0.0188711 0.058715 0.125099 0.182589 0.182605 0.125177 0.0589777 0.0196304 0.00605888 0.0047945 0.00799948 0.0131646 0.0190543 0.0241613 0.0269862 0.0268245 0.0241585 0.0202813 0.0164746 0.0133973 0.011043 0.00909696
 1.04107e-16 4.0357e-05 0.000392285 0.00260687 0.0118505 0.0368715 0.0785601 0.114669 0.11471 0.0787609 0.0375459 0.0137985 0.00749706 0.0110687 0.02032 0.0335376 0.0483274 0.0608124 0.0670593 0.0652454 0.0567287 0.0450969 0.0339963 0.0254391 0.0195658 0.0154986
 1.09594e-16 3.78999e-05 0.000368401 0.00244816 0.011129 0.0346265 0.0737766 0.107686 0.107716 0.0739257 0.0351278 0.0125798 0.00610121 0.0083804 0.0153636 0.0256248 0.0375753 0.0486402 0.0561715 0.0588815 0.0574688 0.0538604 0.0497511 0.0456818 0.04123 0.0358479
 1.11766e-16 4.75204e-05 0.000461915 0.00306959 0.0139539 0.0434159 0.092503 0.135016 0.135038 0.0926133 0.0437865 0.0150263 0.00576882 0.00637936 0.0113601 0.0189025 0.0276942 0.0358295 0.0414004 0.0435588 0.0429732 0.0412193 0.0396155 0.0384557 0.0371241 0.0347868
 1.04939e-16 6.50981e-05 0.000632777 0.00420503 0.0191154 0.0594753 0.126719 0.184953 0.184966 0.126785 0.0596985 0.0197606 0.00582634 0.00417847 0.00681803 0.0112194 0.0162775 0.020733 0.0233533 0.023589 0.0218923 0.019375 0.0170871 0.0154836 0.0143994 0.0133909
 1.01023e-16 7.33504e-05 0.000712992 0.00473808 0.0215386 0.0670147 0.142782 0.208397 0.208406 0.142826 0.0671615 0.0219624 0.00580181 0.00303479 0.00448189 0.00729089 0.01049 0.01318 0.0144985 0.0140506 0.0121405 0.00956473 0.00713492 0.0053022 0.00409822 0.0033182
 1.01428e-16 4.97917e-05 0.000483993 0.0032163 0.0146209 0.0454911 0.096925 0.141472 0.141507 0.097096 0.0460654 0.0162788 0.00737603 0.00955801 0.0172632 0.0284086 0.0407955 0.0510399 0.0557239 0.0532655 0.0448671 0.0337239 0.0231553 0.0151013 0.0098428 0.00667219
 1.03186e-16 5.82274e-05 0.000565991 0.00376121 0.0170979 0.0531981 0.113345 0.165434 0.165454 0.113441 0.0535212 0.0180322 0.0061102 0.00570697 0.00986012 0.0163078 0.0237156 0.0302964 0.034246 0.0346939 0.0321593 0.0280866 0.023872 0.0201799 0.0169574 0.0138984
 1.0059e-16 7.78892e-05 0.000757111 0.00503127 0.0228714 0.0711615 0.151617 0.221291 0.221295 0.151638 0.0712296 0.0230681 0.0055251 0.00183575 0.00212825 0.00339995 0.00490154 0.00618776 0.00686238 0.00674431 0.00596878 0.00488942 0.00385966 0.00306546 0.00250661 0.00208773
 1.00541e-16 5.96499e-05 0.000579818 0.0038531 0.0175156 0.0544978 0.116114 0.169477 0.169503 0.116239 0.0549169 0.0187255 0.00688759 0.00719628 0.0126024 0.0206791 0.0296405 0.0369729 0.0401583 0.0380372 0.0315132 0.0229791 0.0149399 0.00888786 0.00506874 0.00295491
 1.00389e-16 7.76605e-05 0.000754887 0.00501649 0.0228042 0.0709525 0.151172 0.220641 0.220645 0.151193 0.0710243 0.0230116 0.00553741 0.00189318 0.00224272 0.00359302 0.00518716 0.00656094 0.00729593 0.00719511 0.00638894 0.00523464 0.00409256 0.00315782 0.00244529 0.00188244
 1.01142e-16 3.43673e-05 0.000334062 0.00221996 0.0100917 0.0313992 0.0669013 0.0976557 0.0977096 0.0671643 0.0322821 0.0126403 0.00861264 0.0142732 0.0264598 0.0435641 0.0624591 0.077926 0.0846691 0.0802469 0.0665591 0.0486372 0.0317447 0.0190128 0.0109515 0.00645129
 1.00908e-16 7.76818e-05 0.000755095 0.00501787 0.0228105 0.070972 0.151213 0.220701 0.220704 0.151227 0.0710182 0.0229443 0.00535549 0.00149772 0.0015044 0.00240655 0.0035574 0.00467662 0.00552761 0.00598841 0.00609648 0.00597883 0.00573134 0.00535781 0.00480968 0.00407022
 1.00774e-16 5.92753e-05 0.000576177 0.0038289 0.0174056 0.0541555 0.115385 0.168413 0.168439 0.115512 0.0545804 0.018632 0.0069048 0.0072826 0.0127716 0.0209565 0.0300338 0.0374559 0.0406724 0.0385145 0.0319089 0.0232937 0.0152158 0.009184 0.00542926 0.00338905
 1.02579e-16 5.28925e-05 0.000514134 0.0034166 0.0155314 0.0483241 0.102961 0.15028 0.150307 0.103093 0.0487694 0.0168182 0.00664891 0.00757794 0.0134905 0.0222758 0.032214 0.040774 0.0453912 0.0448456 0.0399407 0.0328785 0.0258757 0.0201254 0.0157108 0.0121839
 1.0408e-16 5.52949e-05 0.000537486 0.00357179 0.0162368 0.050519 0.107637 0.157104 0.157127 0.107749 0.0508947 0.0173228 0.0063009 0.00650562 0.0114205 0.0188731 0.0273694 0.0348092 0.039077 0.0391799 0.0357949 0.0307228 0.0257163 0.0216266 0.0183724 0.0154774
 1.02613e-16 6.5955e-05 0.000641106 0.00426038 0.0193671 0.0602582 0.128387 0.187388 0.187402 0.128457 0.0604944 0.0200495 0.00597467 0.00438784 0.00719471 0.0118241 0.0171071 0.0216821 0.0242049 0.0240536 0.0216801 0.0182678 0.0149817 0.0124075 0.0105088 0.00895476
 1.04505e-16 3.2722e-05 0.000318069 0.00211369 0.00960854 0.029896 0.0636984 0.0929801 0.0930297 0.0639409 0.0307103 0.0119605 0.00801704 0.0132036 0.0245 0.0404395 0.0582226 0.073155 0.0804651 0.0779449 0.0672577 0.0527944 0.0390424 0.0285142 0.0214294 0.0167251
 1.03628e-16 6.8214e-05 0.000663064 0.00440629 0.0200304 0.062322 0.132784 0.193804 0.193812 0.132824 0.0624556 0.0204175 0.00538296 0.00281157 0.00419678 0.00695575 0.0103059 0.0135697 0.016086 0.0175218 0.0180061 0.0179194 0.0175329 0.0168236 0.0155901 0.0137115
 1.03052e-16 5.38559e-05 0.000523499 0.00347884 0.0158143 0.0492043 0.104836 0.153017 0.153047 0.104979 0.0496827 0.0171956 0.00694469 0.00808506 0.0144019 0.0236913 0.0340487 0.0426668 0.0467294 0.0449563 0.0383816 0.0296756 0.021568 0.0155868 0.0118371 0.0095949
 1.06271e-16 3.71521e-05 0.000361131 0.00239985 0.0109094 0.0339433 0.0723213 0.105563 0.105602 0.0725096 0.0345759 0.0127379 0.00699522 0.0104114 0.0191786 0.031788 0.0461137 0.0586627 0.0658645 0.0660207 0.0602326 0.0514953 0.0427507 0.0354697 0.0296024 0.0244543
 1.05757e-16 6.1688e-05 0.000599629 0.00398475 0.0181141 0.0563597 0.120081 0.175264 0.175277 0.120145 0.0565754 0.0187386 0.00555774 0.0040517 0.0066715 0.0110727 0.0162758 0.0211647 0.0246323 0.0261573 0.0260558 0.0251376 0.0240671 0.0229706 0.0215423 0.0194417
 1.03889e-16 5.78304e-05 0.000562132 0.00373557 0.0169814 0.0528354 0.112572 0.164307 0.164331 0.112686 0.0532176 0.0180853 0.00650673 0.00661198 0.011549 0.0190057 0.0273855 0.0344708 0.0380477 0.0371124 0.0324734 0.0261986 0.0203645 0.0160759 0.0133261 0.0114996
 1.07165e-16 2.88683e-05 0.00028061 0.00186476 0.00847694 0.0263752 0.0561969 0.082031 0.0820792 0.0564321 0.0271654 0.0107605 0.00760092 0.012816 0.0238748 0.0395256 0.0571708 0.072383 0.0806417 0.0798285 0.0714293 0.0594065 0.0477097 0.0384027 0.0314993 0.0260196
 1.14557e-16 3.75689e-05 0.000365184 0.00242677 0.0110318 0.0343241 0.0731319 0.106743 0.106766 0.0732445 0.0347031 0.0121309 0.00520229 0.00647919 0.011811 0.0198902 0.0296417 0.0393587 0.0472769 0.0525269 0.0554742 0.057082 0.0578817 0.0574911 0.0550303 0.0499492
 1.04369e-16 7.18595e-05 0.0006985 0.00464178 0.0211008 0.0656526 0.13988 0.20416 0.204167 0.139913 0.0657645 0.0214244 0.00545568 0.00248127 0.0034758 0.00568133 0.00829564 0.0106909 0.0122885 0.0128496 0.0126131 0.0121057 0.0117706 0.0117094 0.0116996 0.0114072
pSPR Fmed_Fpbrs
0.428959   0.6 0.325
Fs Fmed_Fpbrs
0.548555   0.308871 0.769637
SSBpbr Bo_Bmed_Bpbrs
1.21687e+06  461143  669277 334638
Ro
112901
SPR SPRFo_SPRFmed_SPRFpbrs
803932 344854 261278
Fref
0.308871
Nvult_r0
 138142 8326.17 2805.31 2595.18 704.213
CTP_r0
 20983.4 1755.02 603.628 559.026 151.703
YTP_r0
219263
Np
 137255 61356.6 3264.57 1089.13 1288.53
Nvult_p0
 95975.8 44642.4 2382.33 794.925 940.465
CTP_p0
 16094.3 10313.8 561.555 187.578 221.933
YTP_p0
 308632
CBA_c0
246074
log_Ro
11.4543
likeval ReclasPelacesDesembMPH_pf_preclas_ppelaces_ptallas_desvR_qrecl_qpela
 18.4959 21.8855 0.0337339 40.5436 241.616 122.957 86.1368 0 24.3989 2.6557e-05 8.35014e-05 0.0993735 7.46798e-16 0 0
q_reclas_q_pelaces
2.0756 3.66948
M
1
N
 159062 31172.2 58133.6 4430.38 0.182022
 87724.3 48141.9 8572.26 15863.6 1208.51
 86904.1 22492.3 10337.6 1814.63 3611.12
 127232 22389.2 4864.5 2204.46 1156.11
 102920 27921.4 3812.15 811.505 559.985
 201425 32067.6 8018.09 1087.55 391.124
 74267.2 56336.1 7839.15 1938.93 357.36
 29920.1 14351.6 7935.04 1076.38 314.863
 29791.4 9793.48 4435.64 2441.16 427.899
 42329.4 6765.17 1754.73 779.718 503.813
 103804 7602 854.268 215.378 157.296
 66222.5 34042.1 2356.24 263.579 114.957
 43619.8 13434.9 5155.65 348.543 55.922
 117635 5080.33 889.387 326.115 25.5206
 57750.6 18414.6 522.687 88.4616 34.9108
 271072 11236.1 2620.17 72.5205 17.0937
 49060.5 53691 1641.93 373.617 12.7612
 462820 11146.5 9627.2 288.848 67.9015
 374651 113648 2244.17 1907.52 70.6241
 250461 86533.2 20884.4 404.869 356.52
 223328 61654.4 17486.4 4153.69 151.299
 355434 56159.6 12861.3 3593.22 883.896
 71883 73210.4 8699.79 1947.16 676.97
 237254 17930.8 15089.2 1765.73 532.15
 189363 65611.6 4310.1 3586.31 545.809
 82379.3 53258.3 16173.1 1051.2 1007.21
 181850 24441.1 14217.1 4280.76 544.57
 204652 51471.6 6082.09 3501.37 1187.7
 58763.4 60970.2 13825.2 1620.06 1248.44
 44280.9 17585.5 16486.5 3707.94 768.989
 199498 11590.7 3894.44 3602.19 977.464
pred_Ctot
 18111 5094.14 9722.56 741.874 0.0304819
 17303.5 13229.9 2405.31 4456.13 339.495
 16945.6 6115.46 2870.02 504.353 1003.72
 33829 8083.8 1789.8 811.903 425.817
 10092.3 3951.21 552.333 117.725 81.2422
 31212 7029.48 1796.74 243.99 87.7535
 23466.3 23707.2 3356.73 831.02 153.171
 2105.12 1471.03 833.361 113.191 33.113
 7493.47 3363.44 1553 855.571 149.977
 14502.6 3054.42 805.515 358.248 231.492
 7189.77 767.353 88.3565 22.3054 16.2913
 19695.2 13582.4 957.128 107.17 46.7436
 20615.2 7924.86 3080.08 208.366 33.4325
 45716.3 2553.54 453.899 166.567 13.0355
 18100.1 7694.31 222.247 37.6488 14.8586
 83123.6 4605.66 1093.15 30.2844 7.13863
 12329.8 18425.3 574.429 130.844 4.46935
 100515 3348.06 2950.88 88.6313 20.8364
 91513.1 38007 765.273 651.148 24.1094
 54114 25868.4 6371.16 123.646 108.886
 46070.9 17661.5 5113.23 1215.92 44.2926
 103601 22010.8 5132.91 1435.42 353.117
 15096.3 21320.8 2585.97 579.415 201.457
 38108.1 4066.06 3497.26 409.724 123.489
 28809.7 14135.5 949.309 790.822 120.365
 10255 9480.37 2945.47 191.679 183.67
 27079.7 5159.83 3068.72 925.079 117.69
 25027.6 9007.86 1089.07 627.729 212.946
 7046.18 10470.8 2429.46 285.038 219.667
 8300.85 4609.27 4413.33 993.709 206.097
 20983.4 1755.02 603.628 559.026 151.703
F
 0.195142 0.290997 0.298719 0.299137 0.299159
 0.361026 0.538363 0.55265 0.553423 0.553464
 0.356228 0.531209 0.545307 0.546069 0.546109
 0.516619 0.770384 0.790829 0.791935 0.791994
 0.166102 0.247692 0.254266 0.254621 0.25464
 0.274084 0.408715 0.419562 0.420149 0.42018
 0.643807 0.960047 0.985525 0.986904 0.986977
 0.116812 0.17419 0.178813 0.179063 0.179077
 0.482431 0.719402 0.738495 0.739528 0.739582
 0.71707 1.0693 1.09768 1.09921 1.09929
 0.114904 0.171345 0.175892 0.176138 0.176151
 0.595161 0.887506 0.911059 0.912334 0.912401
 1.15013 1.71508 1.7606 1.76306 1.76319
 0.854444 1.27415 1.30796 1.30979 1.30989
 0.637005 0.949904 0.975113 0.976477 0.976549
 0.619138 0.92326 0.947762 0.949088 0.949158
 0.481929 0.718653 0.737726 0.738757 0.738812
 0.404231 0.60279 0.618787 0.619653 0.619698
 0.465467 0.694106 0.712527 0.713523 0.713576
 0.401759 0.599105 0.615004 0.615864 0.61591
 0.380444 0.567319 0.582375 0.58319 0.583233
 0.580001 0.864899 0.887853 0.889095 0.88916
 0.388519 0.579361 0.594737 0.595569 0.595613
 0.28538 0.425559 0.436853 0.437464 0.437496
 0.26851 0.400403 0.411029 0.411604 0.411635
 0.215066 0.320707 0.329218 0.329679 0.329703
 0.26215 0.39092 0.401294 0.401855 0.401885
 0.210928 0.314537 0.322884 0.323336 0.323359
 0.206441 0.307846 0.316016 0.316458 0.316481
 0.340347 0.507527 0.520996 0.521725 0.521763
 0.179103 0.267079 0.274167 0.274551 0.274571
nmprior
 8 9 7.5 0
nm_flota  nm_reclas  nm_pelaces    nm_pelaL
inf 15.8351 13.5784 22.878
cv_recla  cv_pelaces  cv_mph
0.389012 0.458735 0.589506
 ------------------------------------------------
Talla a la edad & desviaci?n 
 8 13.2811 15.8009 17.003 17.5766
 0.8 1.32811 1.58009 1.7003 1.75766
