years
 1991 1992 1993 1994 1995 1996 1997 1998 1999 2000 2001 2002 2003 2004 2005 2006 2007 2008 2009 2010 2011 2012 2013 2014 2015 2016 2017 2018 2019 2020 2021
reclasobs
 0 0 0 0 0 0 0 0 0 252601 567819 844713 477998 351125 339783 2.1784e+06 2.13404e+06 4.81314e+06 1.55562e+06 2.62356e+06 3.21686e+06 3.843e+06 1.13348e+06 3.07943e+06 1.97215e+06 2.03268e+06 2.025e+06 2.42433e+06 2.27542e+06 1.05018e+06 2.36338e+06
reclaspred
 3.39024e+06 1.82655e+06 921773 980257 1.01939e+06 1.89813e+06 975430 789638 506459 282880 715319 745309 397482 546958 410361 1.61414e+06 1.40535e+06 3.43924e+06 2.58917e+06 2.3635e+06 3.35503e+06 2.33483e+06 1.48479e+06 2.95117e+06 2.19224e+06 1.9546e+06 2.2933e+06 2.66136e+06 2.06127e+06 1.13548e+06 2.24213e+06
pelacesobs
 0 0 0 0 0 0 0 0 0 0 0 0 0 0 0 552880 188675 0 991730 2.46772e+06 1.41603e+06 1.21717e+06 2.29649e+06 1.80582e+06 0 1.4828e+06 1.56532e+06 1.57751e+06 1.42118e+06 867257 0
pelacespred
 2.10413e+06 1.20964e+06 580136 459837 556290 1.01533e+06 484131 528191 292273 131373 371072 352119 180702 258804 195319 674956 710586 1.81311e+06 1.45676e+06 1.18697e+06 1.71441e+06 1.2493e+06 853898 1.73465e+06 1.33131e+06 1.21953e+06 1.52289e+06 1.7328e+06 1.27077e+06 765327 1.24185e+06
mphobs
 0 0 0 0 0 0 0 0 0 0 0 498337 0 5186 125008 0 168611 109162 213762 579715 649985 157893 87575 83554 0 0 0 0 0 0 0
mphpred
 523676 354731 165449 92909.6 105304 134254 192322 89310.4 78027.5 39035.1 19758.3 94658.8 61754.5 22824.9 32258.7 31112.1 189899 158688 348395 225612 320143 290430 233783 154203 308576 250860 206002 217583 343826 206746 98698.2
desembarqueobs
 494567 514787 250237 358949 120608 361735 552515 73892 212993 205616 52469 317467 293654 387597 252695 516296 358380 742168 942051 627588 828172 859565 418607 520667 417249 300574 407403 355545 319650 289779 219260
desembarquepred
 494565 514070 250556 358980 120613 361733 552515 73898.5 213073 205678 52466.2 317600 293984 387253 252582 516261 358516 742097 941487 627195 828447 859725 418641 520673 417208 300554 407382 355480 319603 289782 219262
Reclutas
 159339 88881.9 86871.6 127149 101277 194512 71242.9 27546.8 26770.3 37182.1 106592 79754.1 49376.1 95192.6 49384.9 345714 62953.1 487095 277417 322020 241639 371676 58535.7 244298 189650 86869.6 176091 217879 60749.9 42974.6 232549
log_desv_Rt
 0.336333 -0.24739 -0.270267 0.110661 -0.116838 0.535793 -0.468603 -1.41881 -1.44741 -1.11887 -0.0656904 -0.35575 -0.835232 -0.178797 -0.835054 1.11091 -0.592309 1.45376 0.890824 1.03991 0.752748 1.18333 -0.665062 0.763689 0.510484 -0.270291 0.436304 0.64924 -0.627933 -0.974089 0.714402
SSB
 1.41548e+06 958830 447205 251133 284634 362884 519842 241404 210907 105511 53406.4 255861 166921 61695.3 87194.6 84095.2 513293 428931 941704 609824 865339 785025 631910 416807 834074 678070 556819 588121 929354 558829 266779
BT
 2.12118e+06 1.48195e+06 709361 726797 600645 1.31103e+06 902950 548340 475386 321630 437557 589934 435891 691986 456469 1.14848e+06 909846 2.54188e+06 2.26718e+06 1.65332e+06 2.28441e+06 1.96894e+06 1.10654e+06 2.28083e+06 1.57197e+06 1.35739e+06 1.91031e+06 2.07487e+06 1.32496e+06 919699 1.46438e+06
Ftot
 0.287153 0.531551 0.524366 0.764754 0.250585 0.422163 1.03387 0.19463 0.8383 1.39563 0.181242 0.845037 1.37412 1.53814 1.30963 0.768855 0.504229 0.499719 0.738925 0.577259 0.510395 0.767492 0.545549 0.40856 0.39259 0.31421 0.392317 0.304509 0.297167 0.49188 0.233778
BD_Bspro_t
 0.955321 0.711945 0.472983 0.372033 0.375671 0.484318 0.498055 0.284699 0.327252 0.231257 0.171033 0.564883 0.332509 0.150989 0.182257 0.178122 0.437853 0.378193 0.503951 0.375288 0.406138 0.382439 0.360375 0.305738 0.497545 0.502782 0.509057 0.557007 0.647565 0.528957 0.434187
BD_Bspro
 1.74635 1.18295 0.551739 0.309834 0.351167 0.447708 0.641354 0.297832 0.260206 0.130174 0.06589 0.315667 0.205939 0.0761164 0.107576 0.103752 0.633275 0.529193 1.16183 0.752369 1.06761 0.968523 0.779618 0.514235 1.02904 0.836568 0.686974 0.725594 1.14659 0.689454 0.329138
BD_Bo
 1.11918 0.758121 0.353593 0.198564 0.225052 0.286923 0.411025 0.190872 0.166758 0.0834248 0.042227 0.202302 0.13198 0.0487808 0.0689424 0.0664918 0.405847 0.339144 0.74458 0.482172 0.6842 0.620698 0.499634 0.329558 0.65948 0.536132 0.440262 0.465012 0.734815 0.441851 0.210935
BD_Brms
 2.03488 1.3784 0.642897 0.361025 0.409186 0.521678 0.747318 0.34704 0.303196 0.151681 0.0767763 0.367822 0.239964 0.0886923 0.12535 0.120894 0.737904 0.616626 1.35378 0.876675 1.244 1.12854 0.908426 0.599196 1.19905 0.974785 0.800476 0.845476 1.33603 0.803365 0.383518
Sel_flota
 0.677175 0.975523 0.998681 0.999931 0.999996
 0.677175 0.975523 0.998681 0.999931 0.999996
 0.677175 0.975523 0.998681 0.999931 0.999996
 0.677175 0.975523 0.998681 0.999931 0.999996
 0.677175 0.975523 0.998681 0.999931 0.999996
 0.677175 0.975523 0.998681 0.999931 0.999996
 0.677175 0.975523 0.998681 0.999931 0.999996
 0.677175 0.975523 0.998681 0.999931 0.999996
 0.677175 0.975523 0.998681 0.999931 0.999996
 0.677175 0.975523 0.998681 0.999931 0.999996
 0.677175 0.975523 0.998681 0.999931 0.999996
 0.677175 0.975523 0.998681 0.999931 0.999996
 0.677175 0.975523 0.998681 0.999931 0.999996
 0.677175 0.975523 0.998681 0.999931 0.999996
 0.677175 0.975523 0.998681 0.999931 0.999996
 0.677175 0.975523 0.998681 0.999931 0.999996
 0.677175 0.975523 0.998681 0.999931 0.999996
 0.677175 0.975523 0.998681 0.999931 0.999996
 0.677175 0.975523 0.998681 0.999931 0.999996
 0.677175 0.975523 0.998681 0.999931 0.999996
 0.677175 0.975523 0.998681 0.999931 0.999996
 0.677175 0.975523 0.998681 0.999931 0.999996
 0.677175 0.975523 0.998681 0.999931 0.999996
 0.677175 0.975523 0.998681 0.999931 0.999996
 0.677175 0.975523 0.998681 0.999931 0.999996
 0.677175 0.975523 0.998681 0.999931 0.999996
 0.677175 0.975523 0.998681 0.999931 0.999996
 0.677175 0.975523 0.998681 0.999931 0.999996
 0.677175 0.975523 0.998681 0.999931 0.999996
 0.677175 0.975523 0.998681 0.999931 0.999996
 0.677175 0.975523 0.998681 0.999931 0.999996
Sel_reclas
 0.956244 0.99418 0.999252 0.999904 0.999988
 0.956244 0.99418 0.999252 0.999904 0.999988
 0.956244 0.99418 0.999252 0.999904 0.999988
 0.956244 0.99418 0.999252 0.999904 0.999988
 0.956244 0.99418 0.999252 0.999904 0.999988
 0.956244 0.99418 0.999252 0.999904 0.999988
 0.956244 0.99418 0.999252 0.999904 0.999988
 0.956244 0.99418 0.999252 0.999904 0.999988
 0.956244 0.99418 0.999252 0.999904 0.999988
 0.956244 0.99418 0.999252 0.999904 0.999988
 0.956244 0.99418 0.999252 0.999904 0.999988
 0.956244 0.99418 0.999252 0.999904 0.999988
 0.956244 0.99418 0.999252 0.999904 0.999988
 0.956244 0.99418 0.999252 0.999904 0.999988
 0.956244 0.99418 0.999252 0.999904 0.999988
 0.956244 0.99418 0.999252 0.999904 0.999988
 0.956244 0.99418 0.999252 0.999904 0.999988
 0.956244 0.99418 0.999252 0.999904 0.999988
 0.956244 0.99418 0.999252 0.999904 0.999988
 0.956244 0.99418 0.999252 0.999904 0.999988
 0.956244 0.99418 0.999252 0.999904 0.999988
 0.956244 0.99418 0.999252 0.999904 0.999988
 0.956244 0.99418 0.999252 0.999904 0.999988
 0.956244 0.99418 0.999252 0.999904 0.999988
 0.956244 0.99418 0.999252 0.999904 0.999988
 0.956244 0.99418 0.999252 0.999904 0.999988
 0.956244 0.99418 0.999252 0.999904 0.999988
 0.956244 0.99418 0.999252 0.999904 0.999988
 0.956244 0.99418 0.999252 0.999904 0.999988
 0.956244 0.99418 0.999252 0.999904 0.999988
 0.956244 0.99418 0.999252 0.999904 0.999988
Sel_pelaces
 0.652461 0.904289 0.979402 0.995838 0.99917
 0.652461 0.904289 0.979402 0.995838 0.99917
 0.652461 0.904289 0.979402 0.995838 0.99917
 0.652461 0.904289 0.979402 0.995838 0.99917
 0.652461 0.904289 0.979402 0.995838 0.99917
 0.652461 0.904289 0.979402 0.995838 0.99917
 0.652461 0.904289 0.979402 0.995838 0.99917
 0.652461 0.904289 0.979402 0.995838 0.99917
 0.652461 0.904289 0.979402 0.995838 0.99917
 0.652461 0.904289 0.979402 0.995838 0.99917
 0.652461 0.904289 0.979402 0.995838 0.99917
 0.652461 0.904289 0.979402 0.995838 0.99917
 0.652461 0.904289 0.979402 0.995838 0.99917
 0.652461 0.904289 0.979402 0.995838 0.99917
 0.652461 0.904289 0.979402 0.995838 0.99917
 0.652461 0.904289 0.979402 0.995838 0.99917
 0.652461 0.904289 0.979402 0.995838 0.99917
 0.652461 0.904289 0.979402 0.995838 0.99917
 0.652461 0.904289 0.979402 0.995838 0.99917
 0.652461 0.904289 0.979402 0.995838 0.99917
 0.652461 0.904289 0.979402 0.995838 0.99917
 0.652461 0.904289 0.979402 0.995838 0.99917
 0.652461 0.904289 0.979402 0.995838 0.99917
 0.652461 0.904289 0.979402 0.995838 0.99917
 0.652461 0.904289 0.979402 0.995838 0.99917
 0.652461 0.904289 0.979402 0.995838 0.99917
 0.652461 0.904289 0.979402 0.995838 0.99917
 0.652461 0.904289 0.979402 0.995838 0.99917
 0.652461 0.904289 0.979402 0.995838 0.99917
 0.652461 0.904289 0.979402 0.995838 0.99917
 0.652461 0.904289 0.979402 0.995838 0.99917
pf_obs 
 0.8446 0.082 0.0669 0.0065 0
 0.8095 0.147 0.0364 0.0071 0
 0.9664 0.0169 0.016 0.0007 0
 0.9276 0.0648 0.0075 0.0001 0
 0.7033 0.2144 0.0806 0.0017 0
 0.9318 0.0425 0.0243 0.0014 0
 0.5671 0.3108 0.0964 0.0239 0.0018
 0.0768 0.2599 0.5324 0.112 0.0189
 0.490249 0.384438 0.106611 0.0170017 0.00170017
 0.7925 0.1577 0.0466 0.003 0.0002
 0.840416 0.127587 0.0312969 0.00059994 9.999e-05
 0.8084 0.0986 0.0794 0.0134 0.0002
 0.7335 0.1905 0.0724 0.0035 0.0001
 0.4001 0.4547 0.1325 0.0127 0
 0.49795 0.308269 0.164784 0.0264974 0.00249975
 0.9179 0.0499 0.0305 0.0017 0
 0.2467 0.6533 0.0926 0.0074 0
 0.9418 0.0223 0.034 0.0019 0
 0.707729 0.231977 0.0356964 0.0245975 0
 0.517169 0.277429 0.184464 0.0207286 0.00020938
 0.811772 0.124168 0.05621 0.00726502 0.000585176
 0.764997 0.148141 0.077277 0.00933861 0.000247198
 0.163321 0.427699 0.378323 0.0303852 0.000271297
 0.753843 0.0900009 0.118128 0.0371064 0.000921714
 0.721811 0.176058 0.0630433 0.0369309 0.00215725
 0.143369 0.312575 0.442814 0.0836902 0.0175525
 0.692698 0.0596174 0.167031 0.0765114 0.00414204
 0.394062 0.376323 0.152708 0.0712218 0.00568511
 0.125707 0.32114 0.495352 0.0537591 0.00404204
 0.23352 0.215282 0.420074 0.123614 0.00750983
 0 0 0 0 0
pf_pred 
 0.537903 0.149649 0.29047 0.0219768 8.82091e-07
 0.464424 0.341795 0.0638887 0.120768 0.00912469
 0.618485 0.220323 0.104026 0.0188678 0.0382982
 0.755033 0.176168 0.0402451 0.0184384 0.0101156
 0.684661 0.263369 0.0377327 0.00833465 0.0059026
 0.774887 0.171779 0.0447355 0.00624532 0.00235314
 0.463307 0.451624 0.065356 0.0165394 0.00317405
 0.474042 0.315102 0.178503 0.0248671 0.00748529
 0.567231 0.24746 0.11215 0.0619465 0.011212
 0.785445 0.147875 0.0387151 0.0169377 0.0110279
 0.92553 0.0650513 0.00658205 0.00164852 0.00118791
 0.623928 0.356529 0.0171258 0.0016899 0.000727238
 0.635722 0.267731 0.0916964 0.00425152 0.000598905
 0.891537 0.0832402 0.0187548 0.00614413 0.000324224
 0.748767 0.236537 0.0114031 0.00245045 0.000842985
 0.96723 0.0277133 0.00477263 0.000220385 6.35021e-05
 0.375189 0.612178 0.0107386 0.00178781 0.000106148
 0.912993 0.0419593 0.0441637 0.000752039 0.000132426
 0.606718 0.370851 0.010984 0.0112226 0.000224394
 0.733968 0.19026 0.0715882 0.00205071 0.00213331
 0.643726 0.290006 0.0478076 0.0174425 0.00101771
 0.767239 0.171919 0.0498022 0.00796813 0.00307184
 0.309957 0.58276 0.0799415 0.0223875 0.00495365
 0.831672 0.0695851 0.0837847 0.0111505 0.0038074
 0.641391 0.317102 0.0174455 0.0204212 0.0036402
 0.461111 0.393989 0.128551 0.00687751 0.00947144
 0.736065 0.148565 0.0849564 0.0269864 0.00342701
 0.71903 0.227729 0.0303385 0.0168713 0.00603065
 0.346953 0.517933 0.110072 0.0142787 0.0107632
 0.43371 0.251043 0.251403 0.0520258 0.0118189
 0.888848 0.0606604 0.0227544 0.0221272 0.00561037
pobs_RECLAS
 0 0 0 0 0
 0 0 0 0 0
 0 0 0 0 0
 0 0 0 0 0
 0 0 0 0 0
 0 0 0 0 0
 0 0 0 0 0
 0 0 0 0 0
 0 0 0 0 0
 0 0 0 0 0
 0.991045 0.00858322 0.000360255 1.14367e-05 0
 0.934742 0.0480273 0.0164251 0.00080598 0
 0.827803 0.169806 0.00239088 0 0
 0.941827 0.0461693 0.0120037 0 0
 0.791401 0.0380133 0.147996 0.0225897 0
 0.846168 0.0940531 0.0597789 0 0
 0.134021 0.677848 0.182769 0.00536245 0
 0.80878 0.0450904 0.141981 0.00414843 0
 0.846168 0.0940531 0.0597789 0 0
 0.905697 0.0802665 0.012482 0.00150086 5.37128e-05
 0.989698 0.0102097 9.19794e-05 0 0
 0.975433 0.0193895 0.00387452 0.00125025 5.28907e-05
 0.303575 0.632131 0.0575291 0.00676475 0
 0.966965 0.00978017 0.0227588 0.000495775 0
 0.843318 0.132988 0.00938335 0.0141283 0.000182051
 0.564624 0.303363 0.111486 0.0197234 0.00080311
 0.826376 0.0876187 0.0782897 0.00655872 0.00115652
 0.89761 0.0855135 0.0140674 0.00269457 0.000114338
 0.34875 0.467042 0.161289 0.0227151 0.000203297
 0.318654 0.224769 0.449479 0.00709798 0
 0.937255 0.0296025 0.0250945 0.00804832 0
ppred_RECLAS
 0.622352 0.123886 0.235923 0.0178385 7.16001e-07
 0.552134 0.287917 0.0527585 0.0996607 0.00753004
 0.697575 0.176129 0.0815255 0.0147767 0.0299944
 0.815687 0.133332 0.0298311 0.0136572 0.00749266
 0.75248 0.207375 0.0291523 0.00643531 0.00455756
 0.82929 0.130867 0.033423 0.00466297 0.00175696
 0.556689 0.374354 0.052987 0.0133985 0.0025713
 0.558542 0.266479 0.148145 0.0206252 0.00620853
 0.654648 0.199287 0.0884252 0.0488055 0.00883364
 0.84565 0.10719 0.0273913 0.0119726 0.00779522
 0.945502 0.0477184 0.00473845 0.00118604 0.000854664
 0.704237 0.280701 0.0132005 0.00130159 0.000560134
 0.72257 0.205199 0.0686053 0.00317801 0.000447682
 0.92544 0.0575568 0.0126458 0.00413882 0.000218404
 0.815009 0.17441 0.00821106 0.00176293 0.000606471
 0.976892 0.0196047 0.00330652 0.000152573 4.39631e-05
 0.458523 0.53074 0.00912771 0.0015186 9.01657e-05
 0.937266 0.0305635 0.0315397 0.00053671 9.45099e-05
 0.68767 0.294867 0.0085544 0.00873382 0.000174634
 0.796917 0.146068 0.0538692 0.00154207 0.00160421
 0.71887 0.229685 0.0371213 0.0135345 0.000789704
 0.825525 0.129571 0.0367603 0.00587718 0.00226577
 0.388871 0.517718 0.0696176 0.019483 0.00431104
 0.875259 0.052159 0.0615931 0.00819177 0.00279716
 0.715527 0.252118 0.013604 0.0159141 0.00283682
 0.546116 0.333548 0.106767 0.00570838 0.00786148
 0.797834 0.114768 0.0643693 0.0204336 0.00259491
 0.782225 0.177154 0.0231539 0.0128677 0.00459964
 0.427171 0.456108 0.0950994 0.0123286 0.00929332
 0.521755 0.214359 0.210472 0.0435262 0.00988814
 0.918388 0.0449284 0.0165374 0.0160715 0.004075
pobs_PELACES
 0 0 0 0 0
 0 0 0 0 0
 0 0 0 0 0
 0 0 0 0 0
 0 0 0 0 0
 0 0 0 0 0
 0 0 0 0 0
 0 0 0 0 0
 0 0 0 0 0
 0 0 0 0 0
 0 0 0 0 0
 0 0 0 0 0
 0 0 0 0 0
 0 0 0 0 0
 0 0 0 0 0
 0 0 0 0 0
 0.505614 0.472636 0.0217494 0 0
 0 0 0 0 0
 0.443492 0.261883 0.143347 0.151278 0
 0.227955 0.32914 0.350689 0.0885471 0.00366901
 0.970185 0.0296113 0.000203453 0 0
 0.997202 0.00247181 0.000326279 0 0
 0.445219 0.490057 0.0546422 0.010081 0
 0.90214 0.0892962 0.00764917 0.000914606 0
 0 0 0 0 0
 0.581667 0.319106 0.0959925 0.00289975 0.000334073
 0.762889 0.0836404 0.116647 0.0363945 0.000428098
 0.88444 0.0763242 0.0277011 0.0115352 0
 0.521256 0.241999 0.230069 0.00667565 0
 0.616807 0.101726 0.260614 0.0208532 0
 0 0 0 0 0
ppred_PELACES
 0.547419 0.141217 0.28915 0.0222129 8.94483e-07
 0.486079 0.32067 0.0630613 0.121016 0.00917332
 0.638067 0.203959 0.101323 0.018657 0.037994
 0.777928 0.157219 0.0376832 0.0175246 0.00964558
 0.697637 0.250053 0.0378061 0.00847926 0.00602466
 0.788659 0.159154 0.0436593 0.00618817 0.00233923
 0.507681 0.411065 0.0622028 0.0159756 0.0030758
 0.484051 0.302019 0.180658 0.0255549 0.00771754
 0.59924 0.223916 0.106376 0.0596389 0.0108295
 0.821793 0.121035 0.0329745 0.0146369 0.00956069
 0.929156 0.0614071 0.00656163 0.00166873 0.00120641
 0.659161 0.322285 0.0162265 0.00162518 0.000701662
 0.687339 0.227283 0.0810277 0.00381179 0.000538697
 0.914272 0.0651495 0.0152441 0.0050664 0.000268215
 0.789232 0.197912 0.00994025 0.00216741 0.000748032
 0.971294 0.0240904 0.0043526 0.000204015 5.89766e-05
 0.399957 0.58726 0.0108413 0.00183239 0.00010915
 0.918984 0.0380309 0.0421286 0.000728306 0.000128665
 0.638771 0.33951 0.0105538 0.0109455 0.000219566
 0.753237 0.173879 0.0687956 0.00200063 0.002088
 0.665392 0.269521 0.0467556 0.0173182 0.00101376
 0.789733 0.153214 0.0465656 0.00756244 0.00292493
 0.332337 0.558981 0.0806596 0.0229319 0.00509067
 0.839864 0.0640897 0.0812979 0.0109849 0.00376311
 0.660151 0.298326 0.017294 0.0205535 0.00367574
 0.477062 0.376591 0.129583 0.00703904 0.0097256
 0.748453 0.138088 0.0832059 0.0268345 0.00341886
 0.732203 0.214529 0.0301435 0.01702 0.00610372
 0.361808 0.500143 0.112115 0.0147669 0.0111675
 0.451736 0.235713 0.248455 0.0521988 0.0118969
 0.892684 0.0568923 0.0225251 0.0222412 0.00565773
pobs_pel_tallas
 0 0 0 0 0 0 0 0 0 0 0 0 0 0 0 0 0 0 0 0 0 0 0 0 0 0
 0 0 0 0 0 0 0 0 0 0 0 0 0 0 0 0 0 0 0 0 0 0 0 0 0 0
 0 0 0 0 0 0 0 0 0 0 0 0 0 0 0 0 0 0 0 0 0 0 0 0 0 0
 0 0 0 0 0 0 0 0 0 0 0 0 0 0 0 0 0 0 0 0 0 0 0 0 0 0
 0 0 0 0 0 0 0 0 0 0 0 0 0 0 0 0 0 0 0 0 0 0 0 0 0 0
 0 0 0 0 0 0 0 0 0 0 0 0 0 0 0 0 0 0 0 0 0 0 0 0 0 0
 0 0 0 0 0 0 0 0 0 0 0 0 0 0 0 0 0 0 0 0 0 0 0 0 0 0
 0 0 0 0 0 0 0 0 0 0 0 0 0 0 0 0 0 0 0 0 0 0 0 0 0 0
 0 0 0 0 0 0 0 0 0 0 0 0 0 0 0 0 0 0 0 0 0 0 0 0 0 0
 0 0 0 0 0 0 0 0 0 0 0 0 0 0 0 0 0 0 0 0 0 0 0 0 0 0
 0 0 0 0 0 0 0 0 0 0 0 0 0 0 0 0 0 0 0 0 0 0 0 0 0 0
 0 0 0 0 0 0 0 0 0 0 0 0 0 0 0 0 0 0 0 0 0 0 0 0 0 0
 0.00862536 0 0 0.000197151 0.00414017 0.0128641 0.00837892 0.0270097 0.101434 0.158115 0.152841 0.127902 0.109271 0.109419 0.0830992 0.0579132 0.0238553 0.00714673 0.00463305 0.00128148 0.00103504 0.000492878 0.000147863 0.000147863 4.92878e-05 0
 0 0 0 0 0 0 0 0 0 0 0 0 0 0 0 0 0 0 0 0 0 0 0 0 0 0
 0 0 0 0 0 0 0 0.0054083 0.00873648 0.0413646 0.0450493 0.0745869 0.0622846 0.0627006 0.0613931 0.0827291 0.12552 0.122667 0.0946155 0.0697135 0.0546179 0.0294188 0.0215738 0.0213955 0.0102223 0.00600262
 0 0 0 0 0.00359764 0.0251062 0.0480494 0.140153 0.205849 0.193036 0.1447 0.116669 0.0760912 0.0342217 0.00950174 0.001854 0.000860785 0 0 0 0.000165536 0 0.000143464 0 0 0
 0 0 0 0 0 0 0 0.000145254 0.000435761 0.0275982 0.070085 0.0708112 0.156366 0.174668 0.174014 0.160142 0.0824315 0.0480064 0.0283245 0.00493863 0.00203355 0 0 0 0 0
 0 0 0 0 0 0 0 0 0 0 0 0 0 0 0 0 0 0 0 0 0 0 0 0 0 0
 0 0 1.00437e-05 0.000401748 0.00122533 0.00171747 0.00176769 0.0269171 0.070346 0.194647 0.189555 0.159765 0.064822 0.0314167 0.0384472 0.0292271 0.0345202 0.0313363 0.0194345 0.0106764 0.0143323 0.0359363 0.0279516 0.0138201 0.00172751 0
 0 0.0021121 0.0136068 0.0755702 0.200478 0.177729 0.0527432 0.0373336 0.0318909 0.0142505 0.0149659 0.0166563 0.0217959 0.0798694 0.0677717 0.0528807 0.04013 0.0224614 0.0357745 0.0225083 0.00881397 0.00855152 0.00135912 0.000746735 0 0
 0 0 0 0 5.4009e-05 0.00500934 0.000945158 0.0243581 0.138947 0.33067 0.221406 0.137944 0.0707744 0.0437923 0.0131692 0.00525238 0.0047753 0.00276346 9.45158e-05 9.00151e-06 2.25038e-05 9.00151e-06 4.50075e-06 0 0 0
 0.000866109 0.00284123 0.00948549 0.0512746 0.133035 0.25785 0.225252 0.132002 0.0553304 0.0519788 0.0540692 0.017754 0.00435017 0.00159236 0.00146478 0.000404838 0.000125132 0.000115318 0.000107957 0.000100596 0 0 0 0 0 0
 0 0 0 0 0.00144013 0.00171154 0.00461396 0.0210425 0.0478622 0.0707936 0.0888783 0.103762 0.0637923 0.0337046 0.0602308 0.124433 0.169614 0.0934646 0.0462172 0.0250306 0.0313229 0.00938855 0.002487 0.000210481 0 0
 0 0.00764035 0.051015 0.0998891 0.058973 0.0496711 0.0374665 0.0718981 0.12319 0.153886 0.159021 0.0857701 0.0377988 0.023471 0.0147837 0.00900784 0.00315554 0.000888139 0.00291439 0.00214683 0.00393193 0.00274676 0.000635225 9.99891e-05 0 0
 0 0 0 0 0 0 0 0 0 0 0 0 0 0 0 0 0 0 0 0 0 0 0 0 0 0
 0 0 0 0 0 0 0 0 0 0 0 0 0 0 0 0 0 0 0 0 0 0 0 0 0 0
 0 0 0 0 0 0 0 0 0 0 0 0 0 0 0 0 0 0 0 0 0 0 0 0 0 0
 0 0 0 0 0 0 0 0 0 0 0 0 0 0 0 0 0 0 0 0 0 0 0 0 0 0
 0 0 0 0 0 0 0 0 0 0 0 0 0 0 0 0 0 0 0 0 0 0 0 0 0 0
 0 0 0 0 0 0 0 0 0 0 0 0 0 0 0 0 0 0 0 0 0 0 0 0 0 0
 0 0 0 0 0 0 0 0 0 0 0 0 0 0 0 0 0 0 0 0 0 0 0 0 0 0
ppred_pel_tallas
 1.10609e-16 4.50902e-05 0.000438293 0.00291261 0.0132403 0.0411956 0.0877722 0.128109 0.128123 0.0878409 0.0414277 0.0139161 0.00462909 0.00425219 0.00748383 0.0128096 0.0196302 0.0271412 0.0344607 0.041038 0.0467184 0.0513421 0.054306 0.0546214 0.051509 0.0450375
 1.15591e-16 4.00378e-05 0.000389181 0.00258625 0.0117567 0.0365797 0.0779381 0.113759 0.11379 0.0780895 0.0370882 0.0132265 0.00627958 0.00846532 0.01542 0.0255454 0.0370865 0.0472973 0.0534547 0.054435 0.0514205 0.0470558 0.0437083 0.0421844 0.0416865 0.0407165
 1.11277e-16 5.25568e-05 0.000510871 0.00339492 0.0154328 0.0480173 0.102307 0.149324 0.149344 0.102403 0.0483424 0.0163734 0.00576216 0.005699 0.00996625 0.016553 0.0242193 0.0312644 0.03599 0.0376354 0.0367934 0.0348931 0.0331838 0.0320434 0.0310349 0.02946
 1.04518e-16 6.40769e-05 0.00062285 0.00413906 0.0188156 0.0585423 0.124731 0.182052 0.182067 0.124805 0.0587916 0.0195359 0.00594864 0.00457835 0.00759176 0.0124907 0.0180867 0.0229604 0.0257147 0.0257223 0.0234912 0.0202907 0.0173432 0.0152195 0.0137925 0.0126025
 1.03025e-16 5.74635e-05 0.000558566 0.00371187 0.0168736 0.0525002 0.111858 0.163265 0.163289 0.111976 0.0528957 0.0180161 0.00657977 0.00682 0.0119514 0.0196735 0.0283498 0.0356831 0.0393698 0.0383485 0.0334243 0.0267087 0.020342 0.0154969 0.0122357 0.0100141
 1.02318e-16 6.49609e-05 0.000631443 0.00419616 0.0190751 0.0593499 0.126452 0.184563 0.184579 0.126527 0.0596023 0.0198045 0.0060285 0.00463671 0.00768706 0.0126454 0.0183028 0.023209 0.025924 0.0257719 0.0232164 0.0195004 0.0158548 0.0129115 0.0106626 0.0088035
 1.04023e-16 4.18171e-05 0.000406477 0.00270118 0.0122792 0.0382054 0.0814021 0.118817 0.118857 0.0815958 0.0388556 0.0141572 0.0074156 0.0106992 0.0195929 0.0323334 0.0465933 0.0586334 0.0646628 0.0629253 0.0547308 0.0435374 0.0328589 0.024632 0.0189884 0.015078
 1.0916e-16 3.98707e-05 0.000387558 0.00257546 0.0117077 0.0364271 0.0776128 0.113284 0.113314 0.0777563 0.0369093 0.0131032 0.0060889 0.00809248 0.0147757 0.0246321 0.0361044 0.0467058 0.0538835 0.0563985 0.0549323 0.0513579 0.0473305 0.0433912 0.039142 0.0340475
 1.10941e-16 4.93587e-05 0.000479784 0.00318833 0.0144937 0.0450954 0.0960814 0.140238 0.14026 0.0961876 0.0454524 0.0155264 0.00578743 0.00617648 0.0109363 0.018182 0.0266159 0.0343879 0.0396478 0.0415729 0.0408126 0.0389062 0.0371588 0.0358926 0.0345452 0.0323255
 1.04069e-16 6.76901e-05 0.000657971 0.00437245 0.0198765 0.0618434 0.131764 0.192316 0.192328 0.131821 0.0620354 0.0204316 0.00576719 0.00370783 0.0058753 0.00964701 0.0139889 0.0178044 0.0200287 0.0201861 0.0186657 0.0164286 0.0143868 0.0129437 0.0119683 0.0110868
 1.00577e-16 7.65334e-05 0.000743932 0.00494369 0.0224733 0.0699228 0.148978 0.217439 0.217445 0.149007 0.0700198 0.0227535 0.00564695 0.00227865 0.00298974 0.00481758 0.00692334 0.00868718 0.00953445 0.00920257 0.00789429 0.0061413 0.00448831 0.00324225 0.00243056 0.00192014
 1.00833e-16 5.42943e-05 0.00052776 0.00350715 0.015943 0.0496048 0.105689 0.154263 0.154294 0.105841 0.0501134 0.0174114 0.00719067 0.00856091 0.0152871 0.0251246 0.0360413 0.0450134 0.0489965 0.0465844 0.0388583 0.0286894 0.0190752 0.0117898 0.00711518 0.00442295
 1.0287e-16 5.66152e-05 0.00055032 0.00365707 0.0166245 0.0517252 0.110207 0.160855 0.160877 0.110314 0.0520861 0.017668 0.00627981 0.00628729 0.0109856 0.0181584 0.0263517 0.0335477 0.0377056 0.0378443 0.0345673 0.0295497 0.0244392 0.0200654 0.0164237 0.0131741
 1.01011e-16 7.53074e-05 0.000732014 0.00486449 0.0221133 0.0688027 0.146592 0.213956 0.213962 0.146622 0.0689059 0.0224116 0.00561382 0.00236949 0.00319013 0.00516776 0.00746766 0.00945516 0.0105375 0.0104415 0.00936558 0.00783057 0.00635132 0.00519001 0.00433564 0.00364628
 1.00682e-16 6.5008e-05 0.000631901 0.00419921 0.019089 0.059393 0.126544 0.184698 0.184718 0.126637 0.0597054 0.0199908 0.00646134 0.00556534 0.00942035 0.0154337 0.0221391 0.0276562 0.0301164 0.028659 0.0239509 0.017756 0.0119122 0.00750163 0.00468674 0.00307012
 1.00163e-16 8.00042e-05 0.000777669 0.00516789 0.0234925 0.0730938 0.155734 0.227299 0.227301 0.155745 0.0731319 0.0236026 0.00544435 0.00138137 0.00122702 0.00190309 0.00273629 0.0034457 0.00380394 0.00370606 0.00322566 0.00256158 0.00191695 0.00140555 0.00103952 0.000776796
 1.00666e-16 3.29441e-05 0.000320228 0.00212803 0.00967375 0.0300989 0.0641311 0.093613 0.0936695 0.064407 0.0310251 0.0123473 0.0088332 0.0149384 0.0277387 0.0456563 0.0654161 0.0815243 0.088406 0.0834924 0.0687931 0.0496318 0.0315972 0.0180409 0.00954252 0.0049423
 1.01321e-16 7.56955e-05 0.000735787 0.00488956 0.0222272 0.0691572 0.147347 0.215058 0.215062 0.147365 0.0692185 0.0224051 0.00533861 0.00172494 0.00198021 0.00322113 0.0047885 0.00634349 0.00758278 0.0083444 0.0086624 0.00867341 0.00846436 0.00800644 0.00722271 0.00610592
 1.01527e-16 5.26148e-05 0.000511435 0.00339866 0.0154499 0.0480704 0.10242 0.149492 0.149525 0.10258 0.0486061 0.0169963 0.00727755 0.00896978 0.0160893 0.0264446 0.0379239 0.0473454 0.0515089 0.0489509 0.0408396 0.0302323 0.0203063 0.0129194 0.00831956 0.00576979
 1.02584e-16 6.20431e-05 0.000603082 0.00400769 0.0182184 0.0566842 0.120772 0.176274 0.176291 0.120855 0.0569606 0.0190174 0.0060166 0.00499902 0.00844121 0.0139357 0.020251 0.0258412 0.0291549 0.029444 0.0271568 0.0235436 0.0198223 0.0165876 0.0138142 0.0112459
 1.03327e-16 5.48075e-05 0.000532748 0.0035403 0.0160937 0.0500736 0.106688 0.15572 0.155746 0.106815 0.0505002 0.0173259 0.00663408 0.0072892 0.0128945 0.0212517 0.0306587 0.0386607 0.0427904 0.0419088 0.0368695 0.0299084 0.0232726 0.0181622 0.0146028 0.0120061
 1.02637e-16 6.50493e-05 0.000632302 0.00420187 0.0191011 0.0594307 0.126624 0.184814 0.184829 0.126696 0.0596738 0.0198038 0.00596762 0.00449328 0.0074163 0.0122061 0.0176897 0.0224802 0.0252019 0.0252092 0.0229426 0.0195766 0.0162624 0.0135709 0.011466 0.00964466
 1.05632e-16 2.73743e-05 0.000266088 0.00176825 0.00803825 0.0250103 0.053289 0.0777881 0.077842 0.0535523 0.0258943 0.0105916 0.00817784 0.014259 0.0266046 0.0439452 0.0633158 0.0796508 0.0877949 0.0853644 0.074154 0.0588878 0.0443666 0.0332375 0.0256749 0.0204992
 1.04102e-16 6.91785e-05 0.00067244 0.0044686 0.0203136 0.0632032 0.134661 0.196544 0.19655 0.134692 0.063307 0.0206148 0.00523011 0.00235326 0.00331546 0.00551288 0.0082643 0.0110807 0.0134936 0.0152597 0.016437 0.0172112 0.0176356 0.0175368 0.0166615 0.0149123
 1.03259e-16 5.43758e-05 0.000528552 0.00351242 0.0159669 0.0496793 0.105848 0.154494 0.154523 0.105988 0.0501503 0.017327 0.00692484 0.00797275 0.0141774 0.0233142 0.0334938 0.0419465 0.0458978 0.0440933 0.0375673 0.0289729 0.0210211 0.0152263 0.0116806 0.00963884
 1.06188e-16 3.9295e-05 0.000381962 0.00253827 0.0115386 0.0359012 0.0764926 0.111651 0.111687 0.0766706 0.0364991 0.0132672 0.00688283 0.0098846 0.0181403 0.030067 0.0436322 0.0555379 0.062415 0.0626596 0.0573058 0.0491688 0.0410075 0.0341926 0.028666 0.0237728
 1.05707e-16 6.16491e-05 0.000599251 0.00398224 0.0181027 0.0563242 0.120005 0.175154 0.175167 0.120071 0.0565448 0.0187412 0.00559026 0.00412697 0.0068127 0.0112999 0.0165886 0.0215282 0.0249775 0.0264021 0.0261365 0.0250349 0.0238114 0.0226266 0.0211835 0.0191275
 1.03665e-16 6.03107e-05 0.000586241 0.00389578 0.0177097 0.0551014 0.1174 0.171353 0.171374 0.117501 0.0554408 0.0186898 0.0063564 0.00595874 0.0102667 0.0168863 0.0243422 0.0306642 0.0338921 0.0331374 0.0291147 0.0236493 0.018568 0.0148332 0.0124253 0.0107928
 1.06735e-16 2.98018e-05 0.000289684 0.00192505 0.00875105 0.027228 0.0580139 0.0846832 0.0847314 0.0582498 0.0280202 0.0110401 0.00767403 0.01285 0.023914 0.0395654 0.0571734 0.072273 0.0803102 0.0791581 0.0703355 0.0578801 0.0458381 0.036356 0.0294851 0.0242248
 1.14479e-16 3.7209e-05 0.000361684 0.00240352 0.0109261 0.0339952 0.0724312 0.10572 0.105743 0.0725441 0.0343752 0.0120283 0.00518722 0.00649492 0.0118511 0.0199673 0.0297758 0.0395735 0.0475953 0.052964 0.0560262 0.0577161 0.0585336 0.058077 0.0554717 0.0502002
 1.03853e-16 7.35292e-05 0.00071473 0.00474963 0.0215911 0.0671781 0.14313 0.208904 0.208909 0.143157 0.0672687 0.0218533 0.00540922 0.00216005 0.00283481 0.00461423 0.00674667 0.00871761 0.0100648 0.0106002 0.0105182 0.0102386 0.0101042 0.0101754 0.0102489 0.0100376
pSPR Fmed_Fpbrs
0.435437   0.6 0.325
Fs Fmed_Fpbrs
0.526787   0.303507 0.753312
SSBpbr Bo_Bmed_Bpbrs
1.26475e+06  487480  695610 347805
Ro
113829
SPR SPRFo_SPRFmed_SPRFpbrs
810538 352939 263425
Fref
0.303507
Nvult_r0
 159525 8012.41 2948.79 2864.61 726.285
CTP_r0
 21802.6 1487.94 558.143 542.76 137.617
YTP_r0
219262
Np
 143823 73024.3 3318.34 1211.94 1519.55
Nvult_p0
 100743 53044.6 2416.79 882.796 1106.87
CTP_p0
 17175.5 12117.6 562.153 205.538 257.721
YTP_p0
 346948
CBA_c0
257568
log_Ro
11.4625
likeval ReclasPelacesDesembMPH_pf_preclas_ppelaces_ptallas_desvR_qrecl_qpela
 30.5786 28.6024 0.0368683 57.1428 239.959 121.68 85.712 0 26.4756 2.16029e-05 6.4435e-05 0.102274 7.76347e-16 0 0
q_reclas_q_pelaces
1.93213 3.13309
M
1
N
 159339 31843.1 60533.6 4574.87 0.183613
 88881.9 48258.8 8852.48 16717 1263
 86871.6 22813.6 10570.2 1915.25 3887.4
 127149 22406.3 5032.03 2303.35 1263.6
 101277 27868.2 3909.11 862.499 610.785
 194512 31442.8 8028.81 1119.69 421.861
 71242.9 53764.5 7662.52 1937.56 371.818
 27546.8 13013.4 7214.16 1003.84 302.149
 26770.3 8882.54 3959.49 2185.12 395.478
 37182.1 5582.38 1442.4 630.603 410.562
 106592 5316.1 526.314 131.666 94.8716
 79754.1 34683.9 1638.75 161.563 69.5244
 49376.1 16555.4 5595.28 259.243 36.5179
 95192.6 7163.14 1593.97 521.846 27.5367
 49384.9 12358.1 587.699 126.201 43.4131
 345714 7484.18 1267.1 58.458 16.8434
 62953.1 75562.8 1300.51 216.296 12.8415
 487095 16460.1 16997.7 289.15 50.9135
 277417 127748 3718.98 3796.26 75.9021
 322020 61876.5 22856.2 654.096 680.408
 241639 80134.6 12961.9 4724.33 275.635
 371676 62917.2 17918 2864.2 1104.14
 58535.7 81312.3 10947.5 3062.79 677.664
 244298 14882.8 17568.4 2335.63 797.469
 189650 68150.7 3675.34 4297.7 766.045
 86869.6 53481.2 17094.2 913.54 1258.02
 176091 25832.5 14480.6 4594.89 583.475
 217879 49666.7 6481.28 3600.28 1286.85
 60749.9 65217.8 13575.7 1759.11 1325.93
 42974.6 18274.9 17954.5 3711.75 843.168
 232549 11330.7 4160.73 4041.47 1024.65
pred_Ctot
 18083.4 5030.96 9765.11 738.824 0.0296544
 17487 12869.6 2405.61 4547.28 343.573
 16892.5 6017.61 2841.25 515.331 1046.03
 33872.9 7903.38 1805.51 827.198 453.815
 10131 3897.12 558.336 123.329 87.3417
 31291.1 6936.7 1806.48 252.195 95.0234
 23979.1 23374.5 3382.59 856.023 164.278
 2173.46 1444.73 818.428 114.014 34.3197
 7672.41 3347.16 1516.95 837.893 151.655
 15483.2 2915 763.176 333.887 217.389
 7860.68 552.492 55.9025 14.0011 10.0891
 23002.1 13144 631.37 62.3008 26.8107
 20346.8 8568.96 2934.82 136.074 19.1685
 42260.9 3945.78 889.02 291.246 15.369
 19694 6221.37 299.925 64.4515 22.1722
 92496.2 2650.22 456.406 21.0754 6.07271
 11834.3 19309.4 338.718 56.3914 3.34815
 90856.4 4175.58 4394.95 74.8391 13.1783
 71883.5 43938 1301.38 1329.64 26.586
 67980.3 17621.9 6630.51 189.937 197.588
 45905.1 20680.8 3409.24 1243.85 72.5747
 99300.7 22250.8 6445.71 1031.28 397.576
 11776.3 22140.9 3037.24 850.572 188.205
 38172.8 3193.88 3845.62 511.796 174.755
 28598.1 14138.8 777.851 910.533 162.307
 10708.6 9149.82 2985.42 159.72 219.96
 26536.9 5356.12 3062.88 972.922 123.552
 26098 8265.69 1101.17 612.362 218.889
 7115.51 10622.1 2257.42 292.836 220.737
 7906.62 4576.56 4583.13 948.441 215.461
 21802.6 1487.94 558.143 542.76 137.617
F
 0.194453 0.280125 0.286775 0.287133 0.287152
 0.359953 0.518541 0.53085 0.531514 0.531549
 0.355088 0.511531 0.523674 0.52433 0.524364
 0.517872 0.746035 0.763745 0.7647 0.764751
 0.16969 0.244451 0.250254 0.250567 0.250584
 0.285878 0.41183 0.421606 0.422134 0.422161
 0.700113 1.00857 1.03251 1.0338 1.03387
 0.131798 0.189866 0.194373 0.194616 0.194629
 0.567676 0.817782 0.837195 0.838242 0.838297
 0.945087 1.36147 1.39379 1.39553 1.39563
 0.122732 0.176806 0.181003 0.181229 0.181241
 0.572238 0.824353 0.843922 0.844978 0.845033
 0.930518 1.34048 1.37231 1.37402 1.37411
 1.04159 1.50049 1.53611 1.53803 1.53813
 0.886852 1.27758 1.30791 1.30954 1.30963
 0.520649 0.750036 0.767841 0.768801 0.768852
 0.341452 0.491888 0.503564 0.504194 0.504228
 0.338397 0.487488 0.49906 0.499684 0.499717
 0.500382 0.720839 0.737951 0.738874 0.738922
 0.390905 0.563129 0.576497 0.577218 0.577256
 0.345627 0.497902 0.509722 0.51036 0.510393
 0.519727 0.748707 0.76648 0.767439 0.76749
 0.369432 0.532196 0.54483 0.545511 0.545547
 0.276666 0.39856 0.408021 0.408531 0.408558
 0.265852 0.382981 0.392073 0.392563 0.392589
 0.212775 0.306519 0.313795 0.314188 0.314209
 0.265667 0.382714 0.391799 0.39229 0.392315
 0.206206 0.297056 0.304108 0.304488 0.304508
 0.201234 0.289893 0.296775 0.297146 0.297166
 0.333089 0.479841 0.491232 0.491846 0.491879
 0.158308 0.228056 0.233469 0.233762 0.233777
nmprior
 8 9 7.5 0
nm_flota  nm_reclas  nm_pelaces    nm_pelaL
inf 18.4543 11.4882 18.7199
cv_recla  cv_pelaces  cv_mph
0.250094 0.524427 0.699854
 ------------------------------------------------
Talla a la edad & desviaci?n 
 8 13.2811 15.8009 17.003 17.5766
 0.8 1.32811 1.58009 1.7003 1.75766
