years
 1991 1992 1993 1994 1995 1996 1997 1998 1999 2000 2001 2002 2003 2004 2005 2006 2007 2008 2009 2010 2011 2012 2013 2014 2015 2016 2017 2018 2019 2020 2021
reclasobs
 0 0 0 0 0 0 0 0 0 252601 567819 844713 477998 351125 339783 2.1784e+06 2.13404e+06 4.81314e+06 1.55562e+06 2.62356e+06 3.21686e+06 3.843e+06 1.13348e+06 3.07943e+06 1.97215e+06 2.03268e+06 2.025e+06 2.42433e+06 2.27542e+06 1.05018e+06 2.36338e+06
reclaspred
 3.36235e+06 1.81092e+06 914940 982828 1.01456e+06 1.89554e+06 967797 786917 508319 283059 627533 628057 446602 518319 402544 1.99686e+06 1.70479e+06 3.18008e+06 1.79454e+06 2.14029e+06 2.76431e+06 2.6668e+06 1.91402e+06 3.12404e+06 2.31009e+06 2.01999e+06 2.3169e+06 2.73062e+06 2.0856e+06 1.1498e+06 2.24341e+06
pelacesobs
 0 0 0 0 0 0 0 0 0 0 0 0 0 0 0 552880 188675 0 991730 2.46772e+06 1.41603e+06 1.21717e+06 2.29649e+06 1.80582e+06 0 1.4828e+06 1.56532e+06 1.57751e+06 1.42118e+06 867257 0
pelacespred
 1.84188e+06 1.06788e+06 515066 460736 535180 1.04344e+06 445963 509696 282110 133069 353621 282670 208055 265550 203562 954138 851614 1.77812e+06 938471 995867 1.36363e+06 1.38018e+06 1.04543e+06 1.9409e+06 1.35333e+06 1.20405e+06 1.57069e+06 1.83047e+06 1.16888e+06 701737 1.31447e+06
mphobs
 0 0 0 0 0 0 0 0 0 0 0 246.4 17.6 13.1 84.8 0 1304.8 192.8 157.4 59.5 402.8 43.2 356.7 335.8 342.3 403.6 0 0 0 0 0
mphpred
 540.58 365.44 170.883 95.6924 108.198 137.204 196.428 92.0369 80.4334 40.6218 20.1881 81.1655 51.7581 28.435 30.1854 31.362 252.986 202.152 303.707 139.913 288.193 238.579 299.689 221.705 331.035 275.795 220.042 224.669 360.584 218.816 103.875
desembarqueobs
 494567 514787 250237 358949 120608 361735 552515 73892 212993 205616 52469 317467 293654 387597 252695 516296 358380 742168 942051 627588 828172 859565 418607 520667 417249 300574 407403 355545 319650 289779 219260
desembarquepred
 494566 514062 250561 358979 120613 361733 552516 73898.4 213071 205678 52468 317695 293804 387253 252591 516159 358478 742115 941959 627329 828714 859602 418587 520662 417182 300554 407379 355470 319584 289768 219262
Reclutas
 159468 89521.9 87006.6 128250 101816 195680 72051.7 27836.6 27038.6 36842.6 92586.9 76420.9 69483.6 88042.4 49993.4 413009 58896.2 416124 188675 364250 199273 509602 67528.1 228098 205872 85062.5 175668 225677 62436.3 42743.9 231619
log_desv_Rt
 0.332477 -0.244882 -0.273382 0.114619 -0.116203 0.537117 -0.461981 -1.41301 -1.4421 -1.13271 -0.211217 -0.403109 -0.498275 -0.261547 -0.827474 1.28411 -0.663588 1.29162 0.500658 1.15848 0.555309 1.49426 -0.526822 0.690408 0.587891 -0.295979 0.429231 0.679738 -0.605219 -0.984139 0.705727
SSB
 1.44988e+06 980138 458321 256654 290194 367992 526834 246850 215728 108951 54145.9 217692 138819 76264.9 80959.6 84115.1 678526 542187 814564 375257 772955 639887 803787 594630 887860 739703 590168 602579 967113 586882 278601
BT
 2.16177e+06 1.50853e+06 722596 736473 608482 1.32194e+06 912422 557401 482685 324261 389640 534369 470151 669020 451673 1.34784e+06 1.08898e+06 2.39639e+06 1.8141e+06 1.47154e+06 1.97223e+06 2.1117e+06 1.35094e+06 2.3819e+06 1.67976e+06 1.41959e+06 1.94738e+06 2.13947e+06 1.37409e+06 951575 1.47394e+06
Ftot
 0.280077 0.518702 0.511592 0.744566 0.244988 0.413034 1.01269 0.189742 0.813764 1.35943 0.201093 0.971202 1.27311 1.55668 1.31265 0.620558 0.398604 0.513449 0.985807 0.650571 0.594204 0.692593 0.413328 0.36608 0.364018 0.293428 0.377642 0.290842 0.2842 0.46972 0.2284
BD_Bspro_t
 0.956382 0.716534 0.479262 0.377587 0.38041 0.487993 0.501664 0.288992 0.331974 0.236661 0.172769 0.52578 0.299685 0.175739 0.168451 0.176365 0.503295 0.429382 0.465282 0.279156 0.384636 0.342861 0.411563 0.369316 0.502717 0.518966 0.521594 0.563592 0.656879 0.541346 0.445062
BD_Bspro
 1.78045 1.20361 0.562819 0.315173 0.356359 0.451896 0.646954 0.303133 0.264915 0.133792 0.0664913 0.267327 0.17047 0.0936536 0.0994187 0.103294 0.833233 0.665807 1.00029 0.460817 0.949192 0.785784 0.987054 0.730207 1.0903 0.908358 0.724728 0.739969 1.18762 0.720693 0.342122
BD_Bo
 1.13522 0.767425 0.358855 0.200954 0.227215 0.288129 0.412499 0.193278 0.16891 0.0853058 0.042395 0.170448 0.108692 0.0597136 0.0633895 0.0658602 0.531271 0.42452 0.637785 0.293818 0.605206 0.501017 0.629347 0.465581 0.695174 0.57917 0.462088 0.471806 0.757227 0.459515 0.218138
BD_Brms
 2.06403 1.39532 0.652463 0.365372 0.413119 0.523872 0.749998 0.351414 0.30711 0.155102 0.0770818 0.309905 0.197622 0.10857 0.115254 0.119746 0.965946 0.771854 1.15961 0.534214 1.10037 0.91094 1.14427 0.846511 1.26395 1.05304 0.84016 0.857828 1.37678 0.835482 0.396614
Sel_flota
 0.691386 0.977046 0.998765 0.999935 0.999997
 0.691386 0.977046 0.998765 0.999935 0.999997
 0.691386 0.977046 0.998765 0.999935 0.999997
 0.691386 0.977046 0.998765 0.999935 0.999997
 0.691386 0.977046 0.998765 0.999935 0.999997
 0.691386 0.977046 0.998765 0.999935 0.999997
 0.691386 0.977046 0.998765 0.999935 0.999997
 0.691386 0.977046 0.998765 0.999935 0.999997
 0.691386 0.977046 0.998765 0.999935 0.999997
 0.691386 0.977046 0.998765 0.999935 0.999997
 0.691386 0.977046 0.998765 0.999935 0.999997
 0.691386 0.977046 0.998765 0.999935 0.999997
 0.691386 0.977046 0.998765 0.999935 0.999997
 0.691386 0.977046 0.998765 0.999935 0.999997
 0.691386 0.977046 0.998765 0.999935 0.999997
 0.691386 0.977046 0.998765 0.999935 0.999997
 0.691386 0.977046 0.998765 0.999935 0.999997
 0.691386 0.977046 0.998765 0.999935 0.999997
 0.691386 0.977046 0.998765 0.999935 0.999997
 0.691386 0.977046 0.998765 0.999935 0.999997
 0.691386 0.977046 0.998765 0.999935 0.999997
 0.691386 0.977046 0.998765 0.999935 0.999997
 0.691386 0.977046 0.998765 0.999935 0.999997
 0.691386 0.977046 0.998765 0.999935 0.999997
 0.691386 0.977046 0.998765 0.999935 0.999997
 0.691386 0.977046 0.998765 0.999935 0.999997
 0.691386 0.977046 0.998765 0.999935 0.999997
 0.691386 0.977046 0.998765 0.999935 0.999997
 0.691386 0.977046 0.998765 0.999935 0.999997
 0.691386 0.977046 0.998765 0.999935 0.999997
 0.691386 0.977046 0.998765 0.999935 0.999997
Sel_reclas
 1 1 1 1 1
 1 1 1 1 1
 1 1 1 1 1
 1 1 1 1 1
 1 1 1 1 1
 1 1 1 1 1
 1 1 1 1 1
 1 1 1 1 1
 1 1 1 1 1
 1 1 1 1 1
 1 1 1 1 1
 1 1 1 1 1
 1 1 1 1 1
 1 1 1 1 1
 1 1 1 1 1
 1 1 1 1 1
 1 1 1 1 1
 1 1 1 1 1
 1 1 1 1 1
 1 1 1 1 1
 1 1 1 1 1
 1 1 1 1 1
 1 1 1 1 1
 1 1 1 1 1
 1 1 1 1 1
 1 1 1 1 1
 1 1 1 1 1
 1 1 1 1 1
 1 1 1 1 1
 1 1 1 1 1
 1 1 1 1 1
Sel_pelaces
 0.952237 1 1 1 1
 0.952237 1 1 1 1
 0.952237 1 1 1 1
 0.952237 1 1 1 1
 0.952237 1 1 1 1
 0.952237 1 1 1 1
 0.952237 1 1 1 1
 0.952237 1 1 1 1
 0.952237 1 1 1 1
 0.952237 1 1 1 1
 0.952237 1 1 1 1
 0.952237 1 1 1 1
 0.952237 1 1 1 1
 0.952237 1 1 1 1
 0.952237 1 1 1 1
 0.952237 1 1 1 1
 0.952237 1 1 1 1
 0.952237 1 1 1 1
 0.952237 1 1 1 1
 0.952237 1 1 1 1
 0.952237 1 1 1 1
 0.952237 1 1 1 1
 0.952237 1 1 1 1
 0.952237 1 1 1 1
 0.952237 1 1 1 1
 0.952237 1 1 1 1
 0.952237 1 1 1 1
 0.952237 1 1 1 1
 0.952237 1 1 1 1
 0.952237 1 1 1 1
 0.952237 1 1 1 1
pf_obs 
 0.8446 0.082 0.0669 0.0065 0
 0.8095 0.147 0.0364 0.0071 0
 0.9664 0.0169 0.016 0.0007 0
 0.9276 0.0648 0.0075 0.0001 0
 0.7033 0.2144 0.0806 0.0017 0
 0.9318 0.0425 0.0243 0.0014 0
 0.5671 0.3108 0.0964 0.0239 0.0018
 0.0768 0.2599 0.5324 0.112 0.0189
 0.490249 0.384438 0.106611 0.0170017 0.00170017
 0.7925 0.1577 0.0466 0.003 0.0002
 0.840416 0.127587 0.0312969 0.00059994 9.999e-05
 0.8084 0.0986 0.0794 0.0134 0.0002
 0.7335 0.1905 0.0724 0.0035 0.0001
 0.4001 0.4547 0.1325 0.0127 0
 0.49795 0.308269 0.164784 0.0264974 0.00249975
 0.9179 0.0499 0.0305 0.0017 0
 0.2467 0.6533 0.0926 0.0074 0
 0.9418 0.0223 0.034 0.0019 0
 0.707729 0.231977 0.0356964 0.0245975 0
 0.517169 0.277429 0.184464 0.0207286 0.00020938
 0.811772 0.124168 0.05621 0.00726502 0.000585176
 0.764997 0.148141 0.077277 0.00933861 0.000247198
 0.163321 0.427699 0.378323 0.0303852 0.000271297
 0.753843 0.0900009 0.118128 0.0371064 0.000921714
 0.721811 0.176058 0.0630433 0.0369309 0.00215725
 0.143369 0.312575 0.442814 0.0836902 0.0175525
 0.692698 0.0596174 0.167031 0.0765114 0.00414204
 0.394062 0.376323 0.152708 0.0712218 0.00568511
 0.125707 0.32114 0.495352 0.0537591 0.00404204
 0.23352 0.215282 0.420074 0.123614 0.00750983
 0 0 0 0 0
pf_pred 
 0.537283 0.148707 0.29203 0.0219786 8.68715e-07
 0.467324 0.336839 0.064002 0.122618 0.00921665
 0.619104 0.218706 0.103653 0.0191502 0.0393875
 0.757408 0.173335 0.0402493 0.0185484 0.0104589
 0.686455 0.261199 0.0377409 0.00849403 0.00611115
 0.777227 0.169476 0.0445801 0.00628741 0.00242992
 0.467284 0.447551 0.0652048 0.0166996 0.00326076
 0.476759 0.311605 0.178807 0.0251462 0.007683
 0.569062 0.245324 0.1116 0.0625446 0.0114686
 0.781848 0.149248 0.0397883 0.017518 0.0115975
 0.916517 0.0723689 0.00770333 0.0019712 0.00143922
 0.654572 0.324953 0.0178059 0.00185075 0.0008183
 0.746381 0.192745 0.0573838 0.00303595 0.000454211
 0.850872 0.125372 0.0182263 0.00521349 0.000316408
 0.768983 0.211491 0.0165324 0.00229838 0.000695661
 0.973011 0.0231055 0.00356707 0.000267809 4.83943e-05
 0.302059 0.685712 0.0105138 0.00157601 0.000139483
 0.881258 0.0465229 0.0709864 0.00106011 0.000172729
 0.558506 0.406193 0.0140687 0.0208709 0.000361923
 0.842386 0.106992 0.0467069 0.0015619 0.00235283
 0.611351 0.347378 0.0282856 0.0119831 0.0010027
 0.849928 0.106407 0.0391495 0.00309604 0.00141915
 0.279376 0.648359 0.0516937 0.0184471 0.00212401
 0.767704 0.0852015 0.132697 0.0103034 0.00409432
 0.659753 0.283188 0.0212731 0.0322869 0.00349823
 0.43952 0.415831 0.120925 0.00885276 0.0148714
 0.730947 0.143977 0.0933932 0.0264928 0.00519045
 0.726943 0.219188 0.0291792 0.0184426 0.00624783
 0.348494 0.518479 0.107314 0.0139366 0.0117769
 0.42583 0.252219 0.257513 0.0519964 0.012442
 0.887178 0.059917 0.0235991 0.0234474 0.00585869
pobs_RECLAS
 0 0 0 0 0
 0 0 0 0 0
 0 0 0 0 0
 0 0 0 0 0
 0 0 0 0 0
 0 0 0 0 0
 0 0 0 0 0
 0 0 0 0 0
 0 0 0 0 0
 0 0 0 0 0
 0.991045 0.00858322 0.000360255 1.14367e-05 0
 0.934742 0.0480273 0.0164251 0.00080598 0
 0.827803 0.169806 0.00239088 0 0
 0.941827 0.0461693 0.0120037 0 0
 0.791401 0.0380133 0.147996 0.0225897 0
 0.846168 0.0940531 0.0597789 0 0
 0.134021 0.677848 0.182769 0.00536245 0
 0.80878 0.0450904 0.141981 0.00414843 0
 0.846168 0.0940531 0.0597789 0 0
 0.905697 0.0802665 0.012482 0.00150086 5.37128e-05
 0.989698 0.0102097 9.19794e-05 0 0
 0.975433 0.0193895 0.00387452 0.00125025 5.28907e-05
 0.303575 0.632131 0.0575291 0.00676475 0
 0.966965 0.00978017 0.0227588 0.000495775 0
 0.843318 0.132988 0.00938335 0.0141283 0.000182051
 0.564624 0.303363 0.111486 0.0197234 0.00080311
 0.826376 0.0876187 0.0782897 0.00655872 0.00115652
 0.89761 0.0855135 0.0140674 0.00269457 0.000114338
 0.34875 0.467042 0.161289 0.0227151 0.000203297
 0.318654 0.224769 0.449479 0.00709798 0
 0.937255 0.0296025 0.0250945 0.00804832 0
ppred_RECLAS
 0.626825 0.121785 0.233813 0.017576 6.94653e-07
 0.559932 0.280745 0.0521124 0.0997156 0.00749466
 0.702338 0.172642 0.0799347 0.0147499 0.030335
 0.820378 0.129245 0.0292933 0.013482 0.00760162
 0.757693 0.202619 0.0286245 0.00643456 0.00462914
 0.833932 0.127034 0.032656 0.00460004 0.00177768
 0.564878 0.367051 0.0521339 0.0133339 0.00260339
 0.566354 0.260601 0.146229 0.0205402 0.00627532
 0.660529 0.195334 0.0867079 0.0485306 0.0088983
 0.844924 0.107025 0.027764 0.0122062 0.00808025
 0.939927 0.052232 0.00543663 0.00138952 0.00101445
 0.736187 0.248545 0.0132799 0.00137845 0.000609434
 0.816088 0.140664 0.0407712 0.00215396 0.000322231
 0.89755 0.0865214 0.0122252 0.00349162 0.00021189
 0.833659 0.152628 0.0116131 0.00161215 0.000487918
 0.981216 0.0161356 0.00243265 0.000182408 3.29598e-05
 0.38249 0.606933 0.00909469 0.00136161 0.000120501
 0.915387 0.0336232 0.0501201 0.000747565 0.000121796
 0.651028 0.321732 0.010865 0.0160965 0.000279109
 0.886205 0.0778385 0.0331796 0.00110813 0.00166917
 0.69461 0.27365 0.021762 0.00920781 0.000770423
 0.892047 0.0770778 0.0276859 0.00218667 0.00100225
 0.357425 0.579478 0.045151 0.0160926 0.00185279
 0.827324 0.0642583 0.0978173 0.00758584 0.00301425
 0.735545 0.220972 0.0162243 0.0245942 0.00266457
 0.529229 0.351323 0.0998778 0.00730308 0.0122673
 0.796973 0.109815 0.0696215 0.0197254 0.00386434
 0.792149 0.167604 0.0218126 0.0137699 0.00466457
 0.433634 0.452814 0.0916254 0.0118849 0.0100425
 0.518768 0.214175 0.213659 0.0430882 0.0103097
 0.918728 0.0436299 0.0168022 0.0166742 0.00416605
pobs_PELACES
 0 0 0 0 0
 0 0 0 0 0
 0 0 0 0 0
 0 0 0 0 0
 0 0 0 0 0
 0 0 0 0 0
 0 0 0 0 0
 0 0 0 0 0
 0 0 0 0 0
 0 0 0 0 0
 0 0 0 0 0
 0 0 0 0 0
 0 0 0 0 0
 0 0 0 0 0
 0 0 0 0 0
 0 0 0 0 0
 0.505614 0.472636 0.0217494 0 0
 0 0 0 0 0
 0.443492 0.261883 0.143347 0.151278 0
 0.227955 0.32914 0.350689 0.0885471 0.00366901
 0.970185 0.0296113 0.000203453 0 0
 0.997202 0.00247181 0.000326279 0 0
 0.445219 0.490057 0.0546422 0.010081 0
 0.90214 0.0892962 0.00764917 0.000914606 0
 0 0 0 0 0
 0.581667 0.319106 0.0959925 0.00289975 0.000334073
 0.762889 0.0836404 0.116647 0.0363945 0.000428098
 0.88444 0.0763242 0.0277011 0.0115352 0
 0.521256 0.241999 0.230069 0.00667565 0
 0.616807 0.101726 0.260614 0.0208532 0
 0 0 0 0 0
ppred_PELACES
 0.621857 0.123574 0.236772 0.0177964 7.03363e-07
 0.560265 0.280924 0.0519522 0.099389 0.00747004
 0.702517 0.172809 0.0797194 0.0147072 0.030247
 0.82371 0.127042 0.0286407 0.0131779 0.00743001
 0.752971 0.206628 0.0291397 0.00654975 0.00471199
 0.832639 0.128113 0.0328359 0.00462464 0.00178718
 0.576557 0.357609 0.0504255 0.0128919 0.00251704
 0.558847 0.265258 0.14864 0.0208773 0.00637828
 0.667289 0.191929 0.0847007 0.0473923 0.00868944
 0.855403 0.100101 0.025716 0.0112999 0.00748008
 0.938223 0.0537242 0.0055839 0.00142705 0.00104185
 0.744456 0.240852 0.0127796 0.00132602 0.000586242
 0.826824 0.132737 0.0381241 0.00201313 0.000301155
 0.906349 0.079229 0.0110706 0.00315996 0.000191757
 0.843877 0.143364 0.010806 0.00149935 0.000453769
 0.981403 0.0159852 0.00239927 0.000179862 3.24994e-05
 0.379821 0.609586 0.0091084 0.00136346 0.000120663
 0.915517 0.0336461 0.04997 0.000745179 0.000121406
 0.661081 0.31264 0.0104836 0.0155256 0.000269205
 0.887595 0.0770009 0.0326699 0.00109083 0.00164309
 0.696203 0.272345 0.0215661 0.00912284 0.000763305
 0.893747 0.0759724 0.0271538 0.00214407 0.000982713
 0.355205 0.581652 0.0451864 0.0161026 0.00185393
 0.825491 0.0650479 0.0987599 0.00765786 0.00304284
 0.732777 0.223383 0.0163586 0.0247944 0.00268624
 0.524059 0.355372 0.100817 0.00737091 0.0123812
 0.795011 0.111016 0.0701926 0.0198843 0.00389544
 0.788652 0.170495 0.0221426 0.0139767 0.00473458
 0.428303 0.457264 0.0923377 0.011976 0.0101194
 0.518075 0.214889 0.21365 0.0430786 0.0103074
 0.916717 0.0447442 0.0172032 0.0170706 0.00426507
pobs_pel_tallas
 0 0 0 0 0 0 0 0 0 0 0 0 0 0 0 0 0 0 0 0 0 0 0 0 0 0
 0 0 0 0 0 0 0 0 0 0 0 0 0 0 0 0 0 0 0 0 0 0 0 0 0 0
 0 0 0 0 0 0 0 0 0 0 0 0 0 0 0 0 0 0 0 0 0 0 0 0 0 0
 0 0 0 0 0 0 0 0 0 0 0 0 0 0 0 0 0 0 0 0 0 0 0 0 0 0
 0 0 0 0 0 0 0 0 0 0 0 0 0 0 0 0 0 0 0 0 0 0 0 0 0 0
 0 0 0 0 0 0 0 0 0 0 0 0 0 0 0 0 0 0 0 0 0 0 0 0 0 0
 0 0 0 0 0 0 0 0 0 0 0 0 0 0 0 0 0 0 0 0 0 0 0 0 0 0
 0 0 0 0 0 0 0 0 0 0 0 0 0 0 0 0 0 0 0 0 0 0 0 0 0 0
 0 0 0 0 0 0 0 0 0 0 0 0 0 0 0 0 0 0 0 0 0 0 0 0 0 0
 0 0 0 0 0 0 0 0 0 0 0 0 0 0 0 0 0 0 0 0 0 0 0 0 0 0
 0 0 0 0 0 0 0 0 0 0 0 0 0 0 0 0 0 0 0 0 0 0 0 0 0 0
 0 0 0 0 0 0 0 0 0 0 0 0 0 0 0 0 0 0 0 0 0 0 0 0 0 0
 0.00862536 0 0 0.000197151 0.00414017 0.0128641 0.00837892 0.0270097 0.101434 0.158115 0.152841 0.127902 0.109271 0.109419 0.0830992 0.0579132 0.0238553 0.00714673 0.00463305 0.00128148 0.00103504 0.000492878 0.000147863 0.000147863 4.92878e-05 0
 0 0 0 0 0 0 0 0 0 0 0 0 0 0 0 0 0 0 0 0 0 0 0 0 0 0
 0 0 0 0 0 0 0 0.0054083 0.00873648 0.0413646 0.0450493 0.0745869 0.0622846 0.0627006 0.0613931 0.0827291 0.12552 0.122667 0.0946155 0.0697135 0.0546179 0.0294188 0.0215738 0.0213955 0.0102223 0.00600262
 0 0 0 0 0.00359764 0.0251062 0.0480494 0.140153 0.205849 0.193036 0.1447 0.116669 0.0760912 0.0342217 0.00950174 0.001854 0.000860785 0 0 0 0.000165536 0 0.000143464 0 0 0
 0 0 0 0 0 0 0 0.000145254 0.000435761 0.0275982 0.070085 0.0708112 0.156366 0.174668 0.174014 0.160142 0.0824315 0.0480064 0.0283245 0.00493863 0.00203355 0 0 0 0 0
 0 0 0 0 0 0 0 0 0 0 0 0 0 0 0 0 0 0 0 0 0 0 0 0 0 0
 0 0 1.00437e-05 0.000401748 0.00122533 0.00171747 0.00176769 0.0269171 0.070346 0.194647 0.189555 0.159765 0.064822 0.0314167 0.0384472 0.0292271 0.0345202 0.0313363 0.0194345 0.0106764 0.0143323 0.0359363 0.0279516 0.0138201 0.00172751 0
 0 0.0021121 0.0136068 0.0755702 0.200478 0.177729 0.0527432 0.0373336 0.0318909 0.0142505 0.0149659 0.0166563 0.0217959 0.0798694 0.0677717 0.0528807 0.04013 0.0224614 0.0357745 0.0225083 0.00881397 0.00855152 0.00135912 0.000746735 0 0
 0 0 0 0 5.4009e-05 0.00500934 0.000945158 0.0243581 0.138947 0.33067 0.221406 0.137944 0.0707744 0.0437923 0.0131692 0.00525238 0.0047753 0.00276346 9.45158e-05 9.00151e-06 2.25038e-05 9.00151e-06 4.50075e-06 0 0 0
 0.000866109 0.00284123 0.00948549 0.0512746 0.133035 0.25785 0.225252 0.132002 0.0553304 0.0519788 0.0540692 0.017754 0.00435017 0.00159236 0.00146478 0.000404838 0.000125132 0.000115318 0.000107957 0.000100596 0 0 0 0 0 0
 0 0 0 0 0.00144013 0.00171154 0.00461396 0.0210425 0.0478622 0.0707936 0.0888783 0.103762 0.0637923 0.0337046 0.0602308 0.124433 0.169614 0.0934646 0.0462172 0.0250306 0.0313229 0.00938855 0.002487 0.000210481 0 0
 0 0.00764035 0.051015 0.0998891 0.058973 0.0496711 0.0374665 0.0718981 0.12319 0.153886 0.159021 0.0857701 0.0377988 0.023471 0.0147837 0.00900784 0.00315554 0.000888139 0.00291439 0.00214683 0.00393193 0.00274676 0.000635225 9.99891e-05 0 0
 0 0 0 0 0 0 0 0 0 0 0 0 0 0 0 0 0 0 0 0 0 0 0 0 0 0
 0 0 0 0 0 0 0 0 0 0 0 0 0 0 0 0 0 0 0 0 0 0 0 0 0 0
 0 0 0 0 0 0 0 0 0 0 0 0 0 0 0 0 0 0 0 0 0 0 0 0 0 0
 0 0 0 0 0 0 0 0 0 0 0 0 0 0 0 0 0 0 0 0 0 0 0 0 0 0
 0 0 0 0 0 0 0 0 0 0 0 0 0 0 0 0 0 0 0 0 0 0 0 0 0 0
 0 0 0 0 0 0 0 0 0 0 0 0 0 0 0 0 0 0 0 0 0 0 0 0 0 0
 0 0 0 0 0 0 0 0 0 0 0 0 0 0 0 0 0 0 0 0 0 0 0 0 0 0
ppred_pel_tallas
 1.0865e-16 5.12216e-05 0.000497892 0.00330867 0.0150407 0.0467973 0.0997071 0.145528 0.14554 0.0997672 0.0469999 0.0156302 0.00480475 0.00381825 0.00651625 0.0111055 0.0169546 0.0233185 0.029398 0.0347065 0.0391441 0.0426525 0.0448156 0.0448722 0.0421955 0.036829
 1.12803e-16 4.61483e-05 0.000448578 0.00298096 0.013551 0.0421624 0.0898325 0.131119 0.131146 0.0899651 0.0426078 0.0148381 0.0062147 0.00751838 0.0135056 0.0223451 0.0324124 0.0412774 0.0465361 0.0471881 0.0442649 0.0400983 0.0368009 0.0351368 0.0344694 0.0335346
 1.08939e-16 5.78654e-05 0.000562473 0.00373783 0.0169916 0.0528674 0.11264 0.164405 0.164422 0.112722 0.0531426 0.0177879 0.00574114 0.00495135 0.00843944 0.013983 0.0204278 0.0263077 0.0301686 0.0313589 0.0303883 0.0284951 0.026781 0.0256142 0.0246613 0.0233452
 1.03438e-16 6.78479e-05 0.000659506 0.00438265 0.0199229 0.0619876 0.132072 0.192765 0.192777 0.132131 0.0621889 0.0205047 0.00584413 0.00385358 0.00614488 0.0100806 0.0145853 0.0184942 0.0206724 0.0206099 0.018719 0.0160336 0.0135561 0.0117647 0.0105711 0.00961148
 1.02349e-16 6.20212e-05 0.000602868 0.00400627 0.018212 0.0566642 0.12073 0.176213 0.176233 0.120827 0.056991 0.0191557 0.00637532 0.00577461 0.00988439 0.0162436 0.0233957 0.0294259 0.0324258 0.0315161 0.0273659 0.0217299 0.0163919 0.0123363 0.00962569 0.00781192
 1.01747e-16 6.85834e-05 0.000666655 0.00443016 0.0201389 0.0626596 0.133503 0.194855 0.194867 0.133564 0.0628626 0.0207257 0.00590426 0.00388827 0.00619763 0.010165 0.0147005 0.0186191 0.0207563 0.0205668 0.0184288 0.0153538 0.012349 0.00993873 0.00812603 0.0066651
 1.03266e-16 4.74903e-05 0.000461623 0.00306765 0.0139451 0.0433886 0.0924452 0.134934 0.134968 0.0926136 0.043954 0.0155784 0.00716756 0.00941177 0.0170454 0.0281042 0.04048 0.0509027 0.0560664 0.0544403 0.0471706 0.037284 0.0278641 0.0206235 0.0156949 0.0123413
 1.07531e-16 4.60315e-05 0.000447443 0.00297342 0.0135167 0.0420557 0.0896051 0.130787 0.130812 0.089731 0.0424789 0.0147412 0.00605547 0.00720379 0.0129602 0.0215686 0.0315683 0.0407458 0.04684 0.048758 0.0471181 0.0436149 0.0397725 0.0361346 0.0323923 0.0280729
 1.08717e-16 5.49638e-05 0.000534267 0.00355039 0.0161396 0.0502164 0.106992 0.156162 0.15618 0.107083 0.0505221 0.0170239 0.00577552 0.0054094 0.00936626 0.0155368 0.0227081 0.0292668 0.0336091 0.0350199 0.0340634 0.0320905 0.0302719 0.0289442 0.0276743 0.0258052
 1.03167e-16 7.04584e-05 0.000684881 0.00455128 0.0206894 0.0643726 0.137153 0.200181 0.20019 0.1372 0.0645314 0.0211483 0.00570413 0.00320536 0.00486864 0.00796764 0.0115436 0.0146739 0.0164722 0.0165425 0.0152078 0.0132699 0.0114956 0.0102331 0.00938719 0.00865557
 1.00495e-16 7.72802e-05 0.000751191 0.00499193 0.0226926 0.0706051 0.150432 0.219561 0.219566 0.150457 0.07069 0.0229377 0.00560715 0.00209372 0.00262555 0.0042145 0.00605489 0.00759585 0.00833369 0.00803854 0.00688806 0.00534817 0.00389656 0.0028029 0.00209195 0.00164733
 1.00663e-16 6.13199e-05 0.000596051 0.00396097 0.018006 0.0560235 0.119365 0.174221 0.174245 0.119478 0.0564036 0.0191035 0.00671401 0.00660014 0.011447 0.0187821 0.026944 0.0336579 0.0366487 0.0348656 0.0291157 0.0215414 0.0143783 0.00894751 0.00545687 0.00343654
 1.01388e-16 6.81044e-05 0.000661999 0.00439922 0.0199982 0.062222 0.132571 0.193494 0.193507 0.132634 0.0624325 0.0206066 0.00592765 0.00400304 0.00642629 0.0105496 0.0152671 0.0193555 0.0216069 0.021447 0.0192495 0.016039 0.012839 0.0101889 0.00811197 0.00639505
 1.0069e-16 7.46548e-05 0.000725671 0.00482234 0.0219217 0.0682064 0.145321 0.212102 0.21211 0.145359 0.0683317 0.0222835 0.00573066 0.00270852 0.00384038 0.00623057 0.00896761 0.0112756 0.012418 0.0120552 0.0104411 0.00824608 0.00615319 0.00454192 0.00344203 0.00269103
 1.00576e-16 6.95091e-05 0.000675653 0.00448995 0.0204107 0.0635053 0.135305 0.197485 0.197499 0.135373 0.0637316 0.0210643 0.00612987 0.00425298 0.00685577 0.0112036 0.0160843 0.0201242 0.0219733 0.0210081 0.0177027 0.0133168 0.00915786 0.00598948 0.00392089 0.00267192
 1.00097e-16 8.08369e-05 0.000785763 0.00522167 0.023737 0.0738545 0.157355 0.229664 0.229666 0.157362 0.0738798 0.02381 0.00540495 0.00118586 0.000840677 0.00126178 0.00180948 0.00227434 0.00250317 0.0024263 0.00209376 0.00163993 0.00120272 0.000860263 0.000621611 0.00045771
 1.00576e-16 3.12855e-05 0.000304106 0.00202089 0.00918673 0.0285836 0.0609026 0.0889015 0.0889601 0.061189 0.0295449 0.0119617 0.00898017 0.0154757 0.0287842 0.0473774 0.0678721 0.0845634 0.0916604 0.0864956 0.071159 0.0511876 0.0323978 0.0182845 0.00945875 0.00471692
 1.01546e-16 7.541e-05 0.000733012 0.00487112 0.0221434 0.0688964 0.146791 0.214247 0.21425 0.146807 0.068951 0.0223022 0.00527293 0.00162112 0.00179406 0.0029296 0.00440509 0.00593714 0.0072757 0.00827861 0.00894635 0.00933593 0.00944017 0.00915879 0.00838947 0.00714748
 1.01986e-16 5.44524e-05 0.000529297 0.00351737 0.0159895 0.0497493 0.105997 0.154712 0.154742 0.106144 0.0502426 0.0174137 0.00709005 0.00832057 0.0148284 0.0243681 0.0349593 0.0436755 0.047581 0.0453397 0.0380348 0.0284782 0.0195768 0.0130065 0.00895239 0.00669625
 1.01351e-16 7.31101e-05 0.000710656 0.00472256 0.0214681 0.0667952 0.142314 0.207714 0.207721 0.142351 0.0669176 0.0218222 0.00561303 0.00265979 0.00379011 0.00618961 0.00900061 0.0115071 0.0130241 0.0132225 0.0122976 0.0107935 0.00923426 0.00786716 0.00666892 0.00552219
 1.01737e-16 5.73454e-05 0.000557417 0.00370424 0.0168389 0.0523923 0.111628 0.16293 0.162957 0.111756 0.0528224 0.0180809 0.00682049 0.00735602 0.0129568 0.0212971 0.0305985 0.038321 0.0419177 0.0402174 0.0341286 0.0260388 0.0184094 0.0126505 0.00892007 0.00664244
 1.01185e-16 7.36168e-05 0.000715581 0.00475529 0.0216169 0.0672581 0.143301 0.209153 0.209161 0.143337 0.0673788 0.0219657 0.00563213 0.00263369 0.00372805 0.00607678 0.00881627 0.0112304 0.0126369 0.0127111 0.0116582 0.0100392 0.00840221 0.00701683 0.00586957 0.00483342
 1.03382e-16 2.92579e-05 0.000284397 0.00188992 0.00859133 0.0267311 0.0569556 0.0831401 0.0831961 0.0572292 0.0276497 0.0112437 0.00854476 0.0148025 0.0275739 0.0454661 0.0653223 0.0817869 0.0894185 0.0857096 0.0725974 0.0551858 0.0387457 0.0263118 0.0182481 0.0133462
 1.0415e-16 6.79947e-05 0.000660932 0.00439213 0.019966 0.0621216 0.132357 0.19318 0.193186 0.132388 0.0622274 0.0202734 0.00517044 0.00238235 0.00340269 0.00568811 0.00858363 0.0116186 0.0143337 0.0164741 0.0180528 0.0191748 0.019796 0.019667 0.0185193 0.0163157
 1.03471e-16 6.0358e-05 0.000586701 0.00389883 0.0177235 0.0551447 0.117492 0.171488 0.171509 0.117597 0.0554975 0.0187426 0.00645611 0.00616698 0.010652 0.0174992 0.0251703 0.0315942 0.0347145 0.0336119 0.0290682 0.0230534 0.0175508 0.0136229 0.0112591 0.00983885
 1.05835e-16 4.31661e-05 0.00041959 0.00278832 0.0126753 0.0394378 0.0840278 0.122648 0.122683 0.0841956 0.0400014 0.0143042 0.0068807 0.00936567 0.0170696 0.0282455 0.0409034 0.0518919 0.0580067 0.0577414 0.0521315 0.0439474 0.0359324 0.0294914 0.0246 0.0205685
 1.04708e-16 6.5484e-05 0.000636528 0.00422995 0.0192288 0.0598279 0.12747 0.186048 0.186059 0.127523 0.0600053 0.0197425 0.00552381 0.00347574 0.00550099 0.00910431 0.0133758 0.0173824 0.0202096 0.0214268 0.0212954 0.0204873 0.0195593 0.0186271 0.0174483 0.0157462
 1.02886e-16 6.49602e-05 0.000631437 0.00419612 0.019075 0.0593494 0.126451 0.184562 0.184578 0.126531 0.059619 0.0198537 0.00615105 0.00489942 0.00817187 0.0134108 0.0193235 0.0243276 0.0268622 0.0262218 0.022979 0.0185934 0.0145274 0.0115546 0.00966152 0.00840427
 1.05696e-16 3.52788e-05 0.000342923 0.00227885 0.0103593 0.0322319 0.0686752 0.100243 0.100287 0.0688908 0.0329559 0.012451 0.00753117 0.0118156 0.0218436 0.0361074 0.0521295 0.0658009 0.0729396 0.0715968 0.0631823 0.0514385 0.0401357 0.0313044 0.0250305 0.0203931
 1.12285e-16 4.26732e-05 0.000414799 0.00275648 0.0125306 0.0389874 0.0830676 0.121244 0.121265 0.0831704 0.0393335 0.0135338 0.00528922 0.00599169 0.010775 0.018114 0.0269515 0.0356983 0.0427165 0.0471945 0.04947 0.0504579 0.0507103 0.0499627 0.0474891 0.042833
 1.02942e-16 7.55088e-05 0.000733972 0.0048775 0.0221724 0.0689867 0.146984 0.214528 0.214532 0.147005 0.0690579 0.0223785 0.00539602 0.00187 0.0022454 0.00362592 0.00529673 0.00683735 0.00788131 0.00827937 0.00818449 0.00792889 0.00778683 0.00781152 0.00784885 0.00767692
pSPR Fmed_Fpbrs
0.439676   0.6 0.325
Fs Fmed_Fpbrs
0.514016   0.30054 0.744352
SSBpbr Bo_Bmed_Bpbrs
1.27718e+06  497685  702447 351224
Ro
114362
SPR SPRFo_SPRFmed_SPRFpbrs
814330 358041 264657
Fref
0.30054
Nvult_r0
 158858 8019.73 3102.52 3079.63 769.457
CTP_r0
 21664.5 1463.15 576.281 572.576 143.067
YTP_r0
219262
Np
 147011 72761 3344.48 1284.79 1648.06
Nvult_p0
 103076 52804.8 2433.16 934.829 1199.15
CTP_p0
 17733.3 11986.1 561.741 216.018 277.11
YTP_p0
 349983
CBA_c0
258478
log_Ro
11.4671
likeval ReclasPelacesDesembMPH_pf_preclas_ppelaces_ptallas_desvR_qrecl_qpela
 24.3218 33.487 0.0326266 62.7882 240.709 119.492 87.573 0 26.2495 1.90013e-05 3.97819e-05 0.104711 1.92686e-15 0 0
q_reclas_q_pelaces
1.85465 2.45306
M
1
N
 159468 32247.4 62099.8 4668.87 0.184529
 89521.9 48337.2 9023.12 17270.7 1298.09
 87006.6 23008.4 10712.4 1977.29 4066.62
 128250 22472.1 5134.64 2364.21 1333.05
 101816 28196.6 3994.03 897.954 646.01
 195680 31619.7 8164.84 1150.41 444.58
 72051.7 54104.4 7769.67 1988.37 388.233
 27836.6 13160.5 7399.92 1039.55 317.599
 27038.6 8981.49 4022.23 2252.32 412.984
 36842.6 5666.89 1491.95 656.441 434.569
 92586.9 5295 552.341 141.187 103.077
 76420.9 29639.7 1600.45 166.221 73.4911
 69483.6 14364.8 4221.57 223.193 33.3909
 88042.4 10600.3 1523.33 435.47 26.4279
 49993.4 11040.3 852.09 118.38 35.8292
 413009 7421.2 1126.41 84.4923 15.2674
 58896.2 98931.3 1488.88 222.961 19.732
 416124 16447.7 24654.8 367.848 59.9323
 188675 107339 3663.89 5431.18 94.1784
 364250 35108.8 15071.6 503.554 758.512
 199273 85459.7 6840.17 2895.18 242.246
 509602 48611 17592.6 1390.05 637.14
 67528.1 116138 9089.81 3240.55 373.1
 228098 18667.3 28529.6 2212.97 879.338
 205872 65148.6 4802.31 7281.33 788.878
 85062.5 58884.6 16793.8 1228.18 2063.04
 175668 25546.9 16262.9 4608.69 902.883
 225677 49774.3 6498.3 4102.97 1389.9
 62436.3 67898.9 13781.6 1787.93 1510.78
 42743.9 18871.5 18922.3 3817.08 913.329
 231619 11364.2 4387.31 4354.47 1087.97
pred_Ctot
 18028.4 4989.83 9799.01 737.489 0.0291496
 17557 12654.7 2404.5 4606.66 346.261
 16862.1 5956.72 2823.11 521.58 1072.77
 34002.2 7781.51 1806.9 832.689 469.53
 10167.6 3868.83 559.011 125.812 90.5171
 31448.6 6857.43 1803.82 254.405 98.321
 24252.6 23228.4 3384.2 866.727 169.237
 2186.65 1429.17 820.097 115.333 35.238
 7694.91 3317.29 1509.07 845.733 155.08
 15285.1 2917.79 777.859 342.477 226.73
 7683.49 606.694 64.5798 16.5253 12.0655
 24929.5 12375.9 678.143 70.4862 31.1651
 27565.9 7118.6 2119.34 112.126 16.7753
 39915.2 5881.31 855.012 244.57 14.843
 20254.5 5570.52 435.453 60.5378 18.3232
 94296.4 2239.19 345.691 25.9539 4.68999
 9170.93 20819.2 319.214 47.8497 4.23491
 80898 4270.73 6516.43 97.3166 15.8563
 62243.1 45268.5 1567.9 2325.98 40.3348
 86494 10985.7 4795.74 160.372 241.582
 43871.9 24928.6 2029.84 859.934 71.956
 127403 15950.3 5868.45 464.092 212.729
 10859.6 25202.2 2009.37 717.054 82.5622
 32912.5 3652.71 5688.92 441.72 175.529
 29555.1 12686 952.973 1446.36 156.711
 10037.7 9496.69 2761.68 202.178 339.63
 26064.9 5134.08 3330.32 944.71 185.087
 26415 7964.63 1060.29 670.15 227.028
 7154.35 10644 2203.08 286.109 241.771
 7692.58 4556.31 4651.95 939.31 224.764
 21664.5 1463.15 576.281 572.576 143.067
F
 0.193641 0.273648 0.279731 0.280059 0.280076
 0.358623 0.506796 0.518062 0.518669 0.518701
 0.353707 0.499849 0.51096 0.511559 0.51159
 0.514783 0.727476 0.743647 0.744518 0.744564
 0.169381 0.239364 0.244685 0.244972 0.244987
 0.285566 0.403553 0.412524 0.413007 0.413033
 0.700161 0.989446 1.01144 1.01263 1.01269
 0.131185 0.185387 0.189508 0.18973 0.189742
 0.562625 0.795085 0.812759 0.813711 0.813761
 0.939893 1.32823 1.35775 1.35935 1.35943
 0.139033 0.196478 0.200845 0.20108 0.201093
 0.671475 0.948909 0.970002 0.971139 0.971198
 0.880209 1.24389 1.27154 1.27303 1.2731
 1.07626 1.52094 1.55475 1.55657 1.55667
 0.90755 1.28252 1.31103 1.31257 1.31265
 0.429045 0.606314 0.619792 0.620518 0.620556
 0.275589 0.389454 0.398111 0.398578 0.398602
 0.354991 0.501663 0.512815 0.513416 0.513447
 0.681573 0.963179 0.98459 0.985743 0.985804
 0.449795 0.635638 0.649768 0.650529 0.650569
 0.410824 0.580565 0.593471 0.594166 0.594202
 0.478849 0.676695 0.691737 0.692547 0.69259
 0.285769 0.40384 0.412817 0.413301 0.413326
 0.253102 0.357677 0.365628 0.366056 0.366079
 0.251677 0.355662 0.363568 0.363994 0.364017
 0.202872 0.286692 0.293065 0.293409 0.293427
 0.261096 0.368974 0.377176 0.377617 0.377641
 0.201084 0.284166 0.290483 0.290823 0.290841
 0.196492 0.277676 0.283849 0.284181 0.284199
 0.324758 0.458938 0.46914 0.46969 0.469719
 0.157913 0.223158 0.228118 0.228386 0.2284
nmprior
 8 9 7.5 0
nm_flota  nm_reclas  nm_pelaces    nm_pelaL
inf 22.2824 13.0831 21.8803
cv_recla  cv_pelaces  cv_mph
0.223045 0.567442 0.68623
 ------------------------------------------------
Talla a la edad & desviaci?n 
 8 13.2811 15.8009 17.003 17.5766
 0.8 1.32811 1.58009 1.7003 1.75766
