years
 1991 1992 1993 1994 1995 1996 1997 1998 1999 2000 2001 2002 2003 2004 2005 2006 2007 2008 2009 2010 2011 2012 2013 2014 2015 2016 2017 2018 2019 2020 2021
reclasobs
 0 0 0 0 0 0 0 0 0 252601 567819 844713 477998 351125 339783 2.1784e+06 2.13404e+06 4.81314e+06 1.55562e+06 2.62356e+06 3.21686e+06 3.843e+06 1.13348e+06 3.07943e+06 1.97215e+06 2.03268e+06 2.025e+06 2.42433e+06 2.27542e+06 1.05018e+06 2.36338e+06
reclaspred
 3.47342e+06 1.8693e+06 943782 1.00431e+06 1.06449e+06 2.02072e+06 1.09026e+06 910000 616307 394419 765342 714378 313900 720339 599710 1.40158e+06 1.1011e+06 3.06391e+06 3.01257e+06 2.22017e+06 3.06798e+06 2.05614e+06 1.3692e+06 2.87558e+06 2.20573e+06 1.96393e+06 2.40971e+06 2.65384e+06 2.06599e+06 1.14529e+06 2.00984e+06
pelacesobs
 0 0 0 0 0 0 0 0 0 0 0 0 0 0 0 552880 188675 0 991730 2.46772e+06 1.41603e+06 1.21717e+06 2.29649e+06 1.80582e+06 0 1.4828e+06 1.56532e+06 1.57751e+06 1.42118e+06 867257 0
pelacespred
 2.26805e+06 1.2972e+06 621432 494270 612023 1.14274e+06 581008 645185 388916 212491 437442 356923 137181 381638 335017 622323 563230 1.65226e+06 1.75453e+06 1.24097e+06 1.6303e+06 1.10576e+06 793131 1.75969e+06 1.39474e+06 1.28465e+06 1.684e+06 1.83615e+06 1.34211e+06 804427 1.17757e+06
mphobs
 0 0 0 0 0 0 0 0 0 0 0 498337 0 5186 125008 0 168611 109162 213762 579715 649985 157893 87575 83554 0 0 0 0 0 0 0
mphpred
 564898 383711 178180 100774 116207 150938 224189 109570 98329.8 55817.9 33275.5 108177 57286.6 17623.9 54609.6 55189.6 164891 122763 336220 297143 309805 272101 210505 148104 324700 270733 219788 247831 367093 217572 104995
desembarqueobs
 494567 514787 250237 358949 120608 361735 552515 73892 212993 205616 52469 317467 293654 387597 252695 516296 358380 742168 942051 627588 828172 859565 418607 520667 417249 300574 407403 355545 319650 289779 219260
desembarquepred
 494565 514077 250552 358980 120613 361732 552506 73897.8 213060 205666 52468.6 317681 293979 387374 252647 516196 358442 741966 941476 627274 828431 859552 418561 520661 417208 300563 407385 355500 319617 289779 219263
Reclutas
 159224 87702.7 87022.6 127280 103056 201444 74324.1 29994.2 29872.4 42504.8 104180 66206.9 43686.1 117970 58139.1 283713 52607.1 462480 376653 240114 226668 342169 67713.8 240708 190510 82483 184967 205750 58511.7 44007.5 200826
log_desv_Rt
 0.341747 -0.254611 -0.262395 0.117828 -0.0932953 0.576947 -0.420129 -1.32756 -1.33163 -0.978947 -0.0824417 -0.535779 -0.951534 0.0418631 -0.665724 0.919399 -0.765713 1.40804 1.20276 0.75255 0.694923 1.10674 -0.513274 0.75502 0.521142 -0.315972 0.491612 0.598097 -0.659338 -0.944204 0.573875
SSB
 1.37146e+06 931576 432587 244659 282128 366447 544286 266014 238725 135515 80786.5 262633 139081 42787.3 132582 133989 400323 298045 816275 721406 752147 660608 511064 359568 788307 657286 533602 601685 891230 528222 254908
BT
 2.06957e+06 1.44717e+06 692550 719837 602183 1.34578e+06 938776 600060 529887 380164 462084 560448 385509 804854 570457 1.03226e+06 737296 2.28069e+06 2.46227e+06 1.5816e+06 2.07905e+06 1.75051e+06 1.00788e+06 2.18591e+06 1.52028e+06 1.30731e+06 1.94307e+06 2.0181e+06 1.27405e+06 888688 1.2964e+06
Ftot
 0.297546 0.550455 0.543104 0.789513 0.253967 0.420008 0.985735 0.178699 0.737402 1.0928 0.175472 0.908648 1.75099 1.30481 0.968155 0.902422 0.670873 0.599749 0.700816 0.621032 0.588739 0.913998 0.634815 0.446162 0.413369 0.329571 0.397618 0.320165 0.313325 0.518238 0.27315
BD_Bspro_t
 0.953773 0.70583 0.464711 0.365742 0.373535 0.486696 0.509837 0.304515 0.355182 0.278659 0.236427 0.567546 0.294412 0.114835 0.253467 0.249673 0.379885 0.304743 0.475912 0.408438 0.367645 0.340422 0.314219 0.276469 0.482522 0.493059 0.49725 0.560362 0.63771 0.515384 0.422176
BD_Bspro
 1.70245 1.1564 0.536987 0.303705 0.350216 0.454885 0.675644 0.330213 0.296339 0.16822 0.100284 0.326017 0.172646 0.0531136 0.164579 0.166327 0.496937 0.369975 1.01328 0.89551 0.93367 0.82004 0.634404 0.446346 0.978557 0.815915 0.662382 0.746895 1.10632 0.655703 0.316427
BD_Bo
 1.12644 0.765146 0.355304 0.20095 0.231725 0.30098 0.447048 0.218489 0.196076 0.111305 0.0663537 0.215713 0.114233 0.0351432 0.108895 0.110052 0.328804 0.244798 0.670445 0.592524 0.617773 0.542588 0.419761 0.29533 0.647473 0.539859 0.438272 0.494191 0.732008 0.433853 0.209367
BD_Brms
 2.04808 1.39117 0.646006 0.365363 0.421317 0.547236 0.812814 0.397253 0.356502 0.202372 0.120643 0.392205 0.207697 0.0638967 0.197991 0.200094 0.597825 0.445087 1.21899 1.07732 1.12322 0.986524 0.763201 0.536963 1.17722 0.981562 0.796858 0.89853 1.33092 0.788824 0.380668
Sel_flota
 0.650951 0.972553 0.998517 0.999922 0.999996
 0.650951 0.972553 0.998517 0.999922 0.999996
 0.650951 0.972553 0.998517 0.999922 0.999996
 0.650951 0.972553 0.998517 0.999922 0.999996
 0.650951 0.972553 0.998517 0.999922 0.999996
 0.650951 0.972553 0.998517 0.999922 0.999996
 0.650951 0.972553 0.998517 0.999922 0.999996
 0.650951 0.972553 0.998517 0.999922 0.999996
 0.650951 0.972553 0.998517 0.999922 0.999996
 0.650951 0.972553 0.998517 0.999922 0.999996
 0.650951 0.972553 0.998517 0.999922 0.999996
 0.650951 0.972553 0.998517 0.999922 0.999996
 0.650951 0.972553 0.998517 0.999922 0.999996
 0.650951 0.972553 0.998517 0.999922 0.999996
 0.650951 0.972553 0.998517 0.999922 0.999996
 0.650951 0.972553 0.998517 0.999922 0.999996
 0.650951 0.972553 0.998517 0.999922 0.999996
 0.650951 0.972553 0.998517 0.999922 0.999996
 0.650951 0.972553 0.998517 0.999922 0.999996
 0.650951 0.972553 0.998517 0.999922 0.999996
 0.650951 0.972553 0.998517 0.999922 0.999996
 0.650951 0.972553 0.998517 0.999922 0.999996
 0.650951 0.972553 0.998517 0.999922 0.999996
 0.650951 0.972553 0.998517 0.999922 0.999996
 0.650951 0.972553 0.998517 0.999922 0.999996
 0.650951 0.972553 0.998517 0.999922 0.999996
 0.650951 0.972553 0.998517 0.999922 0.999996
 0.650951 0.972553 0.998517 0.999922 0.999996
 0.650951 0.972553 0.998517 0.999922 0.999996
 0.650951 0.972553 0.998517 0.999922 0.999996
 0.650951 0.972553 0.998517 0.999922 0.999996
Sel_reclas
 0.909424 0.980594 0.996083 0.999219 0.999845
 0.909424 0.980594 0.996083 0.999219 0.999845
 0.909424 0.980594 0.996083 0.999219 0.999845
 0.909424 0.980594 0.996083 0.999219 0.999845
 0.909424 0.980594 0.996083 0.999219 0.999845
 0.909424 0.980594 0.996083 0.999219 0.999845
 0.909424 0.980594 0.996083 0.999219 0.999845
 0.909424 0.980594 0.996083 0.999219 0.999845
 0.909424 0.980594 0.996083 0.999219 0.999845
 0.909424 0.980594 0.996083 0.999219 0.999845
 0.909424 0.980594 0.996083 0.999219 0.999845
 0.909424 0.980594 0.996083 0.999219 0.999845
 0.909424 0.980594 0.996083 0.999219 0.999845
 0.909424 0.980594 0.996083 0.999219 0.999845
 0.909424 0.980594 0.996083 0.999219 0.999845
 0.909424 0.980594 0.996083 0.999219 0.999845
 0.909424 0.980594 0.996083 0.999219 0.999845
 0.909424 0.980594 0.996083 0.999219 0.999845
 0.909424 0.980594 0.996083 0.999219 0.999845
 0.909424 0.980594 0.996083 0.999219 0.999845
 0.909424 0.980594 0.996083 0.999219 0.999845
 0.909424 0.980594 0.996083 0.999219 0.999845
 0.909424 0.980594 0.996083 0.999219 0.999845
 0.909424 0.980594 0.996083 0.999219 0.999845
 0.909424 0.980594 0.996083 0.999219 0.999845
 0.909424 0.980594 0.996083 0.999219 0.999845
 0.909424 0.980594 0.996083 0.999219 0.999845
 0.909424 0.980594 0.996083 0.999219 0.999845
 0.909424 0.980594 0.996083 0.999219 0.999845
 0.909424 0.980594 0.996083 0.999219 0.999845
 0.909424 0.980594 0.996083 0.999219 0.999845
Sel_pelaces
 0.621888 0.89221 0.976557 0.995253 0.999053
 0.621888 0.89221 0.976557 0.995253 0.999053
 0.621888 0.89221 0.976557 0.995253 0.999053
 0.621888 0.89221 0.976557 0.995253 0.999053
 0.621888 0.89221 0.976557 0.995253 0.999053
 0.621888 0.89221 0.976557 0.995253 0.999053
 0.621888 0.89221 0.976557 0.995253 0.999053
 0.621888 0.89221 0.976557 0.995253 0.999053
 0.621888 0.89221 0.976557 0.995253 0.999053
 0.621888 0.89221 0.976557 0.995253 0.999053
 0.621888 0.89221 0.976557 0.995253 0.999053
 0.621888 0.89221 0.976557 0.995253 0.999053
 0.621888 0.89221 0.976557 0.995253 0.999053
 0.621888 0.89221 0.976557 0.995253 0.999053
 0.621888 0.89221 0.976557 0.995253 0.999053
 0.621888 0.89221 0.976557 0.995253 0.999053
 0.621888 0.89221 0.976557 0.995253 0.999053
 0.621888 0.89221 0.976557 0.995253 0.999053
 0.621888 0.89221 0.976557 0.995253 0.999053
 0.621888 0.89221 0.976557 0.995253 0.999053
 0.621888 0.89221 0.976557 0.995253 0.999053
 0.621888 0.89221 0.976557 0.995253 0.999053
 0.621888 0.89221 0.976557 0.995253 0.999053
 0.621888 0.89221 0.976557 0.995253 0.999053
 0.621888 0.89221 0.976557 0.995253 0.999053
 0.621888 0.89221 0.976557 0.995253 0.999053
 0.621888 0.89221 0.976557 0.995253 0.999053
 0.621888 0.89221 0.976557 0.995253 0.999053
 0.621888 0.89221 0.976557 0.995253 0.999053
 0.621888 0.89221 0.976557 0.995253 0.999053
 0.621888 0.89221 0.976557 0.995253 0.999053
pf_obs 
 0.8446 0.082 0.0669 0.0065 0
 0.8095 0.147 0.0364 0.0071 0
 0.9664 0.0169 0.016 0.0007 0
 0.9276 0.0648 0.0075 0.0001 0
 0.7033 0.2144 0.0806 0.0017 0
 0.9318 0.0425 0.0243 0.0014 0
 0.5671 0.3108 0.0964 0.0239 0.0018
 0.0768 0.2599 0.5324 0.112 0.0189
 0.490249 0.384438 0.106611 0.0170017 0.00170017
 0.7925 0.1577 0.0466 0.003 0.0002
 0.840416 0.127587 0.0312969 0.00059994 9.999e-05
 0.8084 0.0986 0.0794 0.0134 0.0002
 0.7335 0.1905 0.0724 0.0035 0.0001
 0.4001 0.4547 0.1325 0.0127 0
 0.49795 0.308269 0.164784 0.0264974 0.00249975
 0.9179 0.0499 0.0305 0.0017 0
 0.2467 0.6533 0.0926 0.0074 0
 0.9418 0.0223 0.034 0.0019 0
 0.707729 0.231977 0.0356964 0.0245975 0
 0.517169 0.277429 0.184464 0.0207286 0.00020938
 0.811772 0.124168 0.05621 0.00726502 0.000585176
 0.764997 0.148141 0.077277 0.00933861 0.000247198
 0.163321 0.427699 0.378323 0.0303852 0.000271297
 0.753843 0.0900009 0.118128 0.0371064 0.000921714
 0.721811 0.176058 0.0630433 0.0369309 0.00215725
 0.143369 0.312575 0.442814 0.0836902 0.0175525
 0.692698 0.0596174 0.167031 0.0765114 0.00414204
 0.394062 0.376323 0.152708 0.0712218 0.00568511
 0.125707 0.32114 0.495352 0.0537591 0.00404204
 0.23352 0.215282 0.420074 0.123614 0.00750983
 0 0 0 0 0
pf_pred 
 0.536244 0.151239 0.290399 0.0221167 9.05468e-07
 0.456964 0.351034 0.0638882 0.11906 0.00905343
 0.616365 0.223127 0.105048 0.018477 0.0369833
 0.751556 0.18058 0.0400433 0.0182198 0.00960097
 0.68121 0.267663 0.0375541 0.00801528 0.00555714
 0.772391 0.174608 0.0447098 0.00609282 0.0021985
 0.455048 0.460455 0.0653058 0.0161936 0.00299783
 0.461534 0.323256 0.183016 0.0248945 0.00729922
 0.558035 0.250986 0.115943 0.0638251 0.0112102
 0.764657 0.161535 0.042609 0.0189557 0.0122427
 0.888543 0.0956079 0.01103 0.00278472 0.00203408
 0.571032 0.396332 0.0281074 0.00315281 0.00137529
 0.645746 0.249232 0.097332 0.00662547 0.00106498
 0.934104 0.0527415 0.00941128 0.00346999 0.000273318
 0.693492 0.295836 0.00862445 0.00146639 0.000581733
 0.936957 0.0505825 0.0120442 0.000336746 7.9788e-05
 0.388126 0.589541 0.0180604 0.00412974 0.000142508
 0.93211 0.0349914 0.0317398 0.000937705 0.000221385
 0.695412 0.291924 0.00663829 0.00581392 0.000211913
 0.610533 0.309238 0.0770119 0.00168794 0.00152918
 0.666761 0.24108 0.0737037 0.0177168 0.000738669
 0.775129 0.172973 0.0379091 0.0111915 0.00279709
 0.377527 0.535361 0.067639 0.0142329 0.00524039
 0.838691 0.0811149 0.0693146 0.00845143 0.00242847
 0.644515 0.317774 0.0192696 0.0159429 0.00249809
 0.443867 0.412797 0.128567 0.00755289 0.00721577
 0.74726 0.140548 0.0839259 0.0253576 0.00290799
 0.692752 0.253636 0.0302345 0.0174952 0.00588228
 0.340651 0.513503 0.121039 0.0139998 0.010807
 0.444384 0.248353 0.240894 0.0550958 0.0112732
 0.872618 0.0724117 0.0250316 0.0234811 0.00645759
pobs_RECLAS
 0 0 0 0 0
 0 0 0 0 0
 0 0 0 0 0
 0 0 0 0 0
 0 0 0 0 0
 0 0 0 0 0
 0 0 0 0 0
 0 0 0 0 0
 0 0 0 0 0
 0 0 0 0 0
 0.991045 0.00858322 0.000360255 1.14367e-05 0
 0.934742 0.0480273 0.0164251 0.00080598 0
 0.827803 0.169806 0.00239088 0 0
 0.941827 0.0461693 0.0120037 0 0
 0.791401 0.0380133 0.147996 0.0225897 0
 0.846168 0.0940531 0.0597789 0 0
 0.134021 0.677848 0.182769 0.00536245 0
 0.80878 0.0450904 0.141981 0.00414843 0
 0.846168 0.0940531 0.0597789 0 0
 0.905697 0.0802665 0.012482 0.00150086 5.37128e-05
 0.989698 0.0102097 9.19794e-05 0 0
 0.975433 0.0193895 0.00387452 0.00125025 5.28907e-05
 0.303575 0.632131 0.0575291 0.00676475 0
 0.966965 0.00978017 0.0227588 0.000495775 0
 0.843318 0.132988 0.00938335 0.0141283 0.000182051
 0.564624 0.303363 0.111486 0.0197234 0.00080311
 0.826376 0.0876187 0.0782897 0.00655872 0.00115652
 0.89761 0.0855135 0.0140674 0.00269457 0.000114338
 0.34875 0.467042 0.161289 0.0227151 0.000203297
 0.318654 0.224769 0.449479 0.00709798 0
 0.937255 0.0296025 0.0250945 0.00804832 0
ppred_RECLAS
 0.619794 0.124944 0.237168 0.0180933 7.41154e-07
 0.544431 0.29567 0.0531465 0.0992044 0.00754775
 0.695393 0.178031 0.0827829 0.0145847 0.0292085
 0.813029 0.136374 0.0298333 0.0135957 0.0071682
 0.749365 0.210803 0.0292428 0.006252 0.00433701
 0.827122 0.13298 0.0336473 0.00459294 0.0016582
 0.548151 0.382628 0.0534796 0.0132813 0.00246002
 0.545291 0.274157 0.153501 0.0209156 0.00613596
 0.644534 0.202967 0.0925214 0.0510131 0.00896479
 0.826538 0.119603 0.0310704 0.013843 0.00894545
 0.917499 0.0708752 0.00808633 0.00204504 0.00149461
 0.657816 0.316485 0.0221283 0.00248598 0.001085
 0.738106 0.185331 0.0709499 0.00483558 0.000777681
 0.954705 0.0363694 0.0063828 0.0023567 0.000185728
 0.766233 0.225738 0.00648598 0.00110448 0.000438396
 0.955539 0.0357721 0.00839794 0.000235163 5.57492e-05
 0.474554 0.506501 0.0153164 0.00350793 0.000121117
 0.951425 0.0251891 0.022561 0.000667618 0.000157706
 0.765041 0.225305 0.00505659 0.00443575 0.000161768
 0.690494 0.246388 0.0605824 0.00133 0.00120556
 0.73993 0.188783 0.0569923 0.0137221 0.00057243
 0.833058 0.12882 0.0278338 0.00822976 0.00205798
 0.46323 0.46245 0.0576833 0.0121577 0.00447876
 0.880408 0.0604891 0.0510718 0.00623749 0.00179329
 0.718432 0.251992 0.0150999 0.012514 0.00196189
 0.528591 0.350934 0.10804 0.0063577 0.00607726
 0.806736 0.108017 0.0637417 0.0192913 0.00221354
 0.759797 0.198661 0.0234091 0.0135686 0.00456456
 0.420306 0.452583 0.105456 0.012218 0.0094368
 0.532064 0.210542 0.201721 0.0462125 0.00946072
 0.905822 0.0537768 0.018379 0.0172698 0.00475203
pobs_PELACES
 0 0 0 0 0
 0 0 0 0 0
 0 0 0 0 0
 0 0 0 0 0
 0 0 0 0 0
 0 0 0 0 0
 0 0 0 0 0
 0 0 0 0 0
 0 0 0 0 0
 0 0 0 0 0
 0 0 0 0 0
 0 0 0 0 0
 0 0 0 0 0
 0 0 0 0 0
 0 0 0 0 0
 0 0 0 0 0
 0.505614 0.472636 0.0217494 0 0
 0 0 0 0 0
 0.443492 0.261883 0.143347 0.151278 0
 0.227955 0.32914 0.350689 0.0885471 0.00366901
 0.970185 0.0296113 0.000203453 0 0
 0.997202 0.00247181 0.000326279 0 0
 0.445219 0.490057 0.0546422 0.010081 0
 0.90214 0.0892962 0.00764917 0.000914606 0
 0 0 0 0 0
 0.581667 0.319106 0.0959925 0.00289975 0.000334073
 0.762889 0.0836404 0.116647 0.0363945 0.000428098
 0.88444 0.0763242 0.0277011 0.0115352 0
 0.521256 0.241999 0.230069 0.00667565 0
 0.616807 0.101726 0.260614 0.0208532 0
 0 0 0 0 0
ppred_PELACES
 0.546096 0.141923 0.289543 0.022438 9.22052e-07
 0.480514 0.327515 0.0631357 0.119699 0.00913597
 0.637642 0.205042 0.102256 0.0182982 0.0367619
 0.77682 0.159437 0.0373289 0.0172766 0.00913776
 0.695073 0.253244 0.0377712 0.00820315 0.00570864
 0.786987 0.161012 0.0437403 0.00606469 0.00219651
 0.500301 0.41851 0.062499 0.0157616 0.00292867
 0.471112 0.309236 0.186279 0.0257843 0.00758839
 0.587843 0.227764 0.111169 0.0622506 0.0109743
 0.797162 0.136675 0.0379011 0.017147 0.0111155
 0.893827 0.090175 0.0110692 0.0028438 0.002085
 0.61279 0.356214 0.0266286 0.00303799 0.00133012
 0.71468 0.198275 0.0805712 0.00557436 0.000899317
 0.947217 0.0418031 0.00781722 0.00293058 0.000231684
 0.731422 0.258714 0.00794351 0.00137363 0.000546955
 0.946053 0.0428203 0.0107484 0.000305653 7.26897e-05
 0.420931 0.556693 0.0180352 0.00419517 0.000145305
 0.938112 0.0310085 0.0297728 0.000894827 0.000212049
 0.724333 0.263484 0.00633371 0.00564283 0.000206442
 0.638316 0.283728 0.0747726 0.00166722 0.00151603
 0.690405 0.220177 0.0712621 0.0174267 0.00072928
 0.802526 0.149856 0.0346166 0.0103941 0.00260744
 0.407095 0.505519 0.0675747 0.0144653 0.00534578
 0.848294 0.0739617 0.0670309 0.00831543 0.0023983
 0.66516 0.297103 0.0191153 0.0160912 0.00253073
 0.461212 0.393412 0.130138 0.007779 0.00745954
 0.759809 0.129769 0.082233 0.0252799 0.0029099
 0.708024 0.238088 0.0301469 0.0177501 0.00599024
 0.356459 0.494005 0.123698 0.014558 0.0112799
 0.464214 0.231334 0.237765 0.055325 0.0113623
 0.877759 0.0673548 0.0247459 0.0236203 0.00652015
pobs_pel_tallas
 0 0 0 0 0 0 0 0 0 0 0 0 0 0 0 0 0 0 0 0 0 0 0 0 0 0
 0 0 0 0 0 0 0 0 0 0 0 0 0 0 0 0 0 0 0 0 0 0 0 0 0 0
 0 0 0 0 0 0 0 0 0 0 0 0 0 0 0 0 0 0 0 0 0 0 0 0 0 0
 0 0 0 0 0 0 0 0 0 0 0 0 0 0 0 0 0 0 0 0 0 0 0 0 0 0
 0 0 0 0 0 0 0 0 0 0 0 0 0 0 0 0 0 0 0 0 0 0 0 0 0 0
 0 0 0 0 0 0 0 0 0 0 0 0 0 0 0 0 0 0 0 0 0 0 0 0 0 0
 0 0 0 0 0 0 0 0 0 0 0 0 0 0 0 0 0 0 0 0 0 0 0 0 0 0
 0 0 0 0 0 0 0 0 0 0 0 0 0 0 0 0 0 0 0 0 0 0 0 0 0 0
 0 0 0 0 0 0 0 0 0 0 0 0 0 0 0 0 0 0 0 0 0 0 0 0 0 0
 0 0 0 0 0 0 0 0 0 0 0 0 0 0 0 0 0 0 0 0 0 0 0 0 0 0
 0 0 0 0 0 0 0 0 0 0 0 0 0 0 0 0 0 0 0 0 0 0 0 0 0 0
 0 0 0 0 0 0 0 0 0 0 0 0 0 0 0 0 0 0 0 0 0 0 0 0 0 0
 0.00862536 0 0 0.000197151 0.00414017 0.0128641 0.00837892 0.0270097 0.101434 0.158115 0.152841 0.127902 0.109271 0.109419 0.0830992 0.0579132 0.0238553 0.00714673 0.00463305 0.00128148 0.00103504 0.000492878 0.000147863 0.000147863 4.92878e-05 0
 0 0 0 0 0 0 0 0 0 0 0 0 0 0 0 0 0 0 0 0 0 0 0 0 0 0
 0 0 0 0 0 0 0 0.0054083 0.00873648 0.0413646 0.0450493 0.0745869 0.0622846 0.0627006 0.0613931 0.0827291 0.12552 0.122667 0.0946155 0.0697135 0.0546179 0.0294188 0.0215738 0.0213955 0.0102223 0.00600262
 0 0 0 0 0.00359764 0.0251062 0.0480494 0.140153 0.205849 0.193036 0.1447 0.116669 0.0760912 0.0342217 0.00950174 0.001854 0.000860785 0 0 0 0.000165536 0 0.000143464 0 0 0
 0 0 0 0 0 0 0 0.000145254 0.000435761 0.0275982 0.070085 0.0708112 0.156366 0.174668 0.174014 0.160142 0.0824315 0.0480064 0.0283245 0.00493863 0.00203355 0 0 0 0 0
 0 0 0 0 0 0 0 0 0 0 0 0 0 0 0 0 0 0 0 0 0 0 0 0 0 0
 0 0 1.00437e-05 0.000401748 0.00122533 0.00171747 0.00176769 0.0269171 0.070346 0.194647 0.189555 0.159765 0.064822 0.0314167 0.0384472 0.0292271 0.0345202 0.0313363 0.0194345 0.0106764 0.0143323 0.0359363 0.0279516 0.0138201 0.00172751 0
 0 0.0021121 0.0136068 0.0755702 0.200478 0.177729 0.0527432 0.0373336 0.0318909 0.0142505 0.0149659 0.0166563 0.0217959 0.0798694 0.0677717 0.0528807 0.04013 0.0224614 0.0357745 0.0225083 0.00881397 0.00855152 0.00135912 0.000746735 0 0
 0 0 0 0 5.4009e-05 0.00500934 0.000945158 0.0243581 0.138947 0.33067 0.221406 0.137944 0.0707744 0.0437923 0.0131692 0.00525238 0.0047753 0.00276346 9.45158e-05 9.00151e-06 2.25038e-05 9.00151e-06 4.50075e-06 0 0 0
 0.000866109 0.00284123 0.00948549 0.0512746 0.133035 0.25785 0.225252 0.132002 0.0553304 0.0519788 0.0540692 0.017754 0.00435017 0.00159236 0.00146478 0.000404838 0.000125132 0.000115318 0.000107957 0.000100596 0 0 0 0 0 0
 0 0 0 0 0.00144013 0.00171154 0.00461396 0.0210425 0.0478622 0.0707936 0.0888783 0.103762 0.0637923 0.0337046 0.0602308 0.124433 0.169614 0.0934646 0.0462172 0.0250306 0.0313229 0.00938855 0.002487 0.000210481 0 0
 0 0.00764035 0.051015 0.0998891 0.058973 0.0496711 0.0374665 0.0718981 0.12319 0.153886 0.159021 0.0857701 0.0377988 0.023471 0.0147837 0.00900784 0.00315554 0.000888139 0.00291439 0.00214683 0.00393193 0.00274676 0.000635225 9.99891e-05 0 0
 0 0 0 0 0 0 0 0 0 0 0 0 0 0 0 0 0 0 0 0 0 0 0 0 0 0
 0 0 0 0 0 0 0 0 0 0 0 0 0 0 0 0 0 0 0 0 0 0 0 0 0 0
 0 0 0 0 0 0 0 0 0 0 0 0 0 0 0 0 0 0 0 0 0 0 0 0 0 0
 0 0 0 0 0 0 0 0 0 0 0 0 0 0 0 0 0 0 0 0 0 0 0 0 0 0
 0 0 0 0 0 0 0 0 0 0 0 0 0 0 0 0 0 0 0 0 0 0 0 0 0 0
 0 0 0 0 0 0 0 0 0 0 0 0 0 0 0 0 0 0 0 0 0 0 0 0 0 0
 0 0 0 0 0 0 0 0 0 0 0 0 0 0 0 0 0 0 0 0 0 0 0 0 0 0
ppred_pel_tallas
 1.10643e-16 4.49812e-05 0.000437233 0.00290557 0.0132083 0.041096 0.0875599 0.127799 0.127813 0.087629 0.0413293 0.0138873 0.00463026 0.00426916 0.00751822 0.0128673 0.019715 0.0272512 0.0345885 0.0411735 0.0468535 0.051473 0.0544327 0.0547443 0.0516268 0.0451464
 1.15456e-16 3.95794e-05 0.000384726 0.00255664 0.0116221 0.0361609 0.0770459 0.112457 0.112489 0.0772005 0.0366802 0.0131231 0.00632799 0.00863082 0.0157413 0.0260744 0.0378417 0.0482319 0.0544544 0.0553525 0.0521299 0.0474933 0.0438788 0.0421401 0.0414964 0.0404466
 1.1106e-16 5.25218e-05 0.00051053 0.00339265 0.0154225 0.0479853 0.102239 0.149224 0.149244 0.102336 0.0483121 0.0163682 0.00577248 0.00572623 0.0100188 0.0166406 0.0243464 0.0314254 0.0361676 0.0378042 0.0369256 0.0349641 0.0331742 0.0319403 0.030835 0.0291727
 1.04398e-16 6.39857e-05 0.000621964 0.00413317 0.0187888 0.058459 0.124554 0.181793 0.181808 0.124629 0.0587117 0.0195191 0.00596788 0.0046321 0.00769479 0.0126595 0.0183257 0.0232518 0.026018 0.0259854 0.0236689 0.0203589 0.0173023 0.0150876 0.0135962 0.01237
 1.02944e-16 5.72523e-05 0.000556512 0.00369822 0.0168116 0.0523072 0.111447 0.162665 0.16269 0.111566 0.0527078 0.0179685 0.00660248 0.00689716 0.0121012 0.01992 0.0287017 0.0361185 0.0398354 0.0387757 0.0337543 0.0269115 0.0204196 0.0154722 0.0121396 0.0098756
 1.02284e-16 6.48231e-05 0.000630104 0.00418726 0.0190347 0.0592241 0.126184 0.184172 0.184188 0.12626 0.0594794 0.0197725 0.00604081 0.0046816 0.00777451 0.0127897 0.0185093 0.0234657 0.0262009 0.0260302 0.0234232 0.0196387 0.0159257 0.0129276 0.0106398 0.00875649
 1.03987e-16 4.12092e-05 0.000400568 0.00266192 0.0121007 0.0376501 0.0802189 0.11709 0.117131 0.080416 0.038312 0.0140126 0.00746136 0.0108787 0.0199437 0.0329124 0.047423 0.0596674 0.0657834 0.0639816 0.0555961 0.0441515 0.033232 0.0248176 0.0190496 0.0150667
 1.09325e-16 3.8805e-05 0.000377198 0.00250662 0.0113947 0.0354534 0.0755383 0.110257 0.110287 0.0756852 0.0359471 0.0128237 0.00610443 0.00826742 0.0151297 0.0252275 0.0369817 0.047849 0.0552165 0.0578143 0.0563357 0.0526911 0.0485677 0.0445152 0.0401274 0.0348639
 1.11367e-16 4.84199e-05 0.000470659 0.00312769 0.014218 0.0442377 0.094254 0.137571 0.137593 0.094362 0.0446009 0.0152689 0.00577266 0.00626873 0.0111316 0.018516 0.0271201 0.0350708 0.0404935 0.0425548 0.0419108 0.0401124 0.0384635 0.0372658 0.0359278 0.0336388
 1.0473e-16 6.56612e-05 0.00063825 0.0042414 0.0192808 0.0599897 0.127815 0.186552 0.186566 0.12788 0.0602066 0.0199076 0.00581667 0.00408313 0.00662616 0.0108987 0.0158093 0.0201309 0.0226641 0.0228741 0.0212004 0.0187256 0.0164736 0.0148915 0.0138232 0.01284
 1.00981e-16 7.36234e-05 0.000715645 0.00475572 0.0216188 0.0672641 0.143314 0.209172 0.209181 0.143356 0.0674067 0.0220305 0.00578901 0.00297098 0.00435586 0.00708192 0.0101885 0.0127999 0.0140778 0.0136385 0.0117778 0.0092698 0.00690393 0.00511942 0.00394779 0.00319045
 1.0139e-16 5.04747e-05 0.000490632 0.00326043 0.0148214 0.0461152 0.0982546 0.143413 0.143447 0.0984221 0.0466777 0.0164455 0.00733497 0.00937879 0.0169112 0.0278263 0.0399584 0.0499909 0.0545756 0.0521627 0.0439302 0.033009 0.0226516 0.0147594 0.00960829 0.00650506
 1.03088e-16 5.88673e-05 0.000572211 0.00380255 0.0172858 0.0537828 0.114591 0.167252 0.167271 0.114684 0.054098 0.0181973 0.0060943 0.00558776 0.00962118 0.0159082 0.0231316 0.0295448 0.0333863 0.0338067 0.031314 0.0273206 0.0231931 0.0195836 0.0164422 0.0134696
 1.0057e-16 7.80211e-05 0.000758392 0.00503978 0.0229101 0.0712819 0.151874 0.221665 0.221669 0.151894 0.0713481 0.0231013 0.00551986 0.00180699 0.00207121 0.00330517 0.00476434 0.00601386 0.00666822 0.0065513 0.00579472 0.00474261 0.00373911 0.0029655 0.00242192 0.00201567
 1.00526e-16 6.02463e-05 0.000585616 0.00389162 0.0176908 0.0550427 0.117275 0.171172 0.171197 0.117397 0.0554508 0.018869 0.00684676 0.00702904 0.0122749 0.0201384 0.0288651 0.0360054 0.039107 0.0370406 0.0306864 0.0223746 0.0145449 0.00865079 0.00493164 0.00287361
 1.00365e-16 7.79251e-05 0.00075746 0.00503359 0.022882 0.0711943 0.151687 0.221393 0.221397 0.151707 0.0712622 0.023078 0.00552607 0.00183357 0.00212465 0.00339677 0.00490299 0.00620066 0.00689374 0.00679596 0.00603087 0.00493668 0.00385473 0.00297006 0.00229698 0.00176674
 1.01109e-16 3.46717e-05 0.000337021 0.00223963 0.010181 0.0316773 0.0674938 0.0985204 0.098574 0.0677554 0.0325555 0.0127164 0.00859879 0.0142029 0.0263208 0.0433336 0.062126 0.0775049 0.0842015 0.0797864 0.0661507 0.048302 0.0314807 0.018805 0.010785 0.00631658
 1.00993e-16 7.7271e-05 0.000751102 0.00499134 0.0226899 0.0705967 0.150414 0.219534 0.219537 0.150429 0.0706465 0.0228344 0.00535587 0.00155304 0.00161828 0.00259971 0.00384555 0.00505935 0.00598689 0.00649658 0.00662773 0.00651497 0.00625861 0.00585992 0.00526527 0.00445744
 1.00852e-16 5.96624e-05 0.00057994 0.0038539 0.0175193 0.0545092 0.116139 0.169513 0.169538 0.116262 0.0549248 0.0187191 0.00686328 0.00714153 0.0124981 0.0205069 0.0293935 0.0366665 0.0398331 0.0377515 0.0313281 0.0229447 0.0150867 0.00922228 0.00557018 0.00357576
 1.02655e-16 5.25773e-05 0.00051107 0.00339624 0.0154388 0.0480361 0.102347 0.149384 0.149412 0.102481 0.0484858 0.0167384 0.00666069 0.00764513 0.0136238 0.0224972 0.0325344 0.04118 0.0458443 0.0452962 0.040348 0.033225 0.026166 0.0203752 0.0159342 0.0123871
 1.03984e-16 5.68678e-05 0.000552775 0.00367339 0.0166987 0.0519559 0.110698 0.161572 0.161593 0.110802 0.0523055 0.0177091 0.00621284 0.00610693 0.0106361 0.0175742 0.0254991 0.0324598 0.0364944 0.0366814 0.0336456 0.0290473 0.0244955 0.0207596 0.0177494 0.0150194
 1.02521e-16 6.6103e-05 0.000642545 0.00426994 0.0194105 0.0603934 0.128675 0.187808 0.187823 0.128746 0.0606309 0.0200967 0.00599336 0.00440855 0.00722953 0.0118765 0.0171709 0.0217383 0.024222 0.0239955 0.0215196 0.0179979 0.0146208 0.0119948 0.0100923 0.00857789
 1.04435e-16 3.3532e-05 0.000325943 0.00216601 0.00984639 0.030636 0.0652751 0.0952812 0.0953299 0.0655132 0.0314353 0.0121548 0.00796012 0.0129734 0.02405 0.0396975 0.0571611 0.0718354 0.0790395 0.0766055 0.0661606 0.0520053 0.0385323 0.0281996 0.0212213 0.016561
 1.03194e-16 6.98728e-05 0.000679189 0.00451345 0.0205175 0.0638376 0.136013 0.198516 0.198524 0.136048 0.0639564 0.0208619 0.0053822 0.00258999 0.00374079 0.00618313 0.00915521 0.0120444 0.01426 0.0155057 0.0158994 0.0157862 0.0154157 0.0147744 0.013686 0.01204
 1.0267e-16 5.47884e-05 0.000532563 0.00353907 0.0160881 0.0500563 0.106651 0.155667 0.155695 0.106791 0.0505254 0.0174427 0.00693771 0.00794673 0.0141209 0.02322 0.0333567 0.0417687 0.0456855 0.0438461 0.0372663 0.0285763 0.0204747 0.0144863 0.010738 0.00853358
 1.05899e-16 3.79895e-05 0.000369271 0.00245394 0.0111553 0.0347084 0.0739513 0.107942 0.10798 0.0741372 0.0353329 0.0129604 0.00699059 0.0102907 0.0189327 0.0313746 0.0455053 0.0578701 0.0649384 0.0650288 0.059228 0.0504983 0.0417554 0.0344677 0.0286027 0.0234876
 1.05434e-16 6.25845e-05 0.000608343 0.00404265 0.0183773 0.0571788 0.121826 0.177811 0.177824 0.121888 0.0573862 0.0189778 0.00555523 0.00392763 0.00641753 0.0106444 0.0156421 0.0203327 0.0236493 0.025089 0.0249562 0.0240328 0.0229629 0.0218747 0.0204797 0.0184541
 1.03725e-16 5.83191e-05 0.000566882 0.00376713 0.0171249 0.0532819 0.113524 0.165696 0.165719 0.113636 0.0536584 0.0182122 0.00649664 0.00652554 0.0113755 0.0187161 0.0269635 0.0339298 0.0374313 0.0364781 0.0318669 0.0256386 0.0198454 0.0155835 0.0128533 0.0110524
 1.07065e-16 2.93611e-05 0.000285401 0.00189659 0.00862165 0.0268254 0.0571562 0.0834311 0.0834788 0.0573893 0.0276084 0.0108841 0.00757964 0.0127048 0.0236549 0.0391608 0.0566441 0.0717182 0.0799045 0.0791035 0.0707855 0.0588741 0.0472802 0.0380476 0.0311915 0.0257446
 1.14392e-16 3.82368e-05 0.000371675 0.00246991 0.0112279 0.0349342 0.0744318 0.10864 0.108663 0.0745426 0.035307 0.012309 0.00520009 0.00638588 0.0116197 0.0195667 0.029161 0.038724 0.0465215 0.0517 0.0546199 0.0562282 0.0570454 0.056691 0.0542937 0.0493076
 1.04204e-16 7.22998e-05 0.00070278 0.00467022 0.0212302 0.0660549 0.140737 0.205411 0.205418 0.140769 0.0661621 0.0215402 0.00545016 0.00241114 0.00333405 0.005444 0.00794822 0.0102421 0.011771 0.0123062 0.0120776 0.011591 0.0112722 0.0112191 0.0112179 0.0109468
pSPR Fmed_Fpbrs
0.430997   0.6 0.325
Fs Fmed_Fpbrs
0.545549   0.309169 0.770547
SSBpbr Bo_Bmed_Bpbrs
1.21751e+06  463869  669632 334816
Ro
113133
SPR SPRFo_SPRFmed_SPRFpbrs
805581 347203 261814
Fref
0.309169
Nvult_r0
 138981 8294.97 2808.54 2631.66 723.697
CTP_r0
 20981.2 1741.07 601.86 564.579 155.266
YTP_r0
219263
Np
 138151 61845 3258.8 1092.54 1309.63
Nvult_p0
 96592.6 45001.8 2378.38 797.501 955.972
CTP_p0
 16182.8 10403.2 561.033 188.324 225.758
YTP_p0
 310845
CBA_c0
246738
log_Ro
11.4563
likeval ReclasPelacesDesembMPH_pf_preclas_ppelaces_ptallas_desvR_qrecl_qpela
 17.5655 17.9223 0.0331264 39.5764 241.362 122.679 85.3501 0 24.3271 2.6218e-05 7.852e-05 0.100305 2.16221e-16 0 0
q_reclas_q_pelaces
2.06592 3.5278
M
1
N
 159224 31227 58579.3 4455.86 0.182413
 87702.7 48260.9 8601.22 16011 1217.43
 87022.6 22547.7 10394.5 1826.25 3655.19
 127280 22480.2 4891.19 2223.27 1171.49
 103056 28007.1 3837.39 817.99 567.089
 201444 32135.1 8048.31 1095.49 395.266
 74324.1 56379.6 7857.5 1946.59 360.342
 29994.2 14393.4 7952.03 1080.25 316.715
 29872.4 9822.53 4450.32 2447.32 429.822
 42504.8 6800 1763.88 784.011 506.336
 104180 7677.24 864.262 217.913 159.162
 66206.9 34188.8 2381.2 266.844 116.394
 43686.1 13481.2 5197.56 353.562 56.8297
 117970 5140.86 903.36 332.802 26.2125
 58139.1 18561 531.647 90.31 35.8252
 283713 11388.7 2663.07 74.3855 17.6239
 52607.1 58005.1 1741.88 397.88 13.7292
 462480 12505.2 11112.5 327.944 77.4206
 376653 115145 2567.31 2246.14 81.8653
 240114 87805.8 21426.2 469.109 424.963
 226668 58959.6 17657.2 4239.75 176.758
 342169 56840.4 12234.7 3608.44 901.815
 67713.8 69431.3 8596.33 1806.93 665.254
 240708 16478.5 13776.3 1677.76 482.065
 190510 66231.4 3928.04 3246.08 508.594
 82483 53550.4 16299.5 956.366 913.621
 184967 24484.9 14297.7 4314.79 494.788
 205750 52527.9 6118.72 3536.26 1188.89
 58511.7 61451.5 14153.6 1635.03 1262.07
 44007.5 17553.7 16668.5 3808.01 779.112
 200826 11553.8 3901.08 3654.85 1005.06
pred_Ctot
 18004.8 5077.98 9750.37 742.587 0.0304018
 17187.6 13203.3 2403 4478.14 340.523
 16858.1 6102.7 2873.15 505.36 1011.52
 33700.2 8097.29 1795.56 816.986 430.513
 10061.2 3953.3 554.662 118.383 82.0771
 31145.8 7040.85 1802.87 245.686 88.6519
 23424.6 23702.9 3361.77 833.604 154.32
 2101.94 1472.19 833.501 113.376 33.2425
 7483.07 3365.65 1554.76 855.873 150.325
 14476.7 3058.23 806.685 358.875 231.782
 7175.1 772.046 89.0688 22.4869 16.4254
 19595.8 13600.7 964.545 108.193 47.195
 20531.8 7924.46 3094.72 210.66 33.8616
 45655.8 2577.82 459.991 169.601 13.3589
 18073.1 7709.78 224.762 38.2157 15.1606
 83523.6 4509.1 1073.66 30.0187 7.11258
 12189.5 18515.1 567.206 129.699 4.47562
 97526.7 3661.15 3320.94 98.1122 23.1635
 90489.9 37986.4 863.802 756.531 27.575
 52151 26414.7 6578.26 144.182 130.621
 47052.4 17012.7 5201.17 1250.25 52.1268
 101739 22703.4 4975.72 1468.93 367.13
 14981.3 21244.7 2684.11 564.802 207.954
 39268.4 3797.88 3245.38 395.705 113.703
 29039.5 14317.7 868.216 718.329 112.555
 10244.7 9527.63 2967.42 174.326 166.545
 27230.9 5121.71 3058.35 924.054 105.97
 24886.7 9111.73 1086.16 628.507 211.318
 6938.56 10459.3 2465.4 285.155 220.124
 8186.47 4575.17 4437.77 1014.98 207.675
 20981.2 1741.07 601.86 564.579 155.266
F
 0.193688 0.289379 0.297105 0.297523 0.297545
 0.358319 0.535346 0.549638 0.550412 0.550453
 0.353534 0.528198 0.542299 0.543062 0.543102
 0.513934 0.767843 0.788342 0.789451 0.789509
 0.16532 0.246996 0.25359 0.253947 0.253966
 0.273404 0.40848 0.419385 0.419975 0.420006
 0.641665 0.958679 0.984273 0.985658 0.985731
 0.116324 0.173794 0.178434 0.178685 0.178698
 0.480012 0.717163 0.736309 0.737345 0.737399
 0.711356 1.0628 1.09118 1.09271 1.09279
 0.114224 0.170656 0.175212 0.175458 0.175471
 0.591485 0.883708 0.907301 0.908577 0.908645
 1.13981 1.70293 1.7484 1.75086 1.75099
 0.849366 1.26899 1.30287 1.30471 1.3048
 0.630221 0.941582 0.966719 0.968079 0.968151
 0.587432 0.877653 0.901084 0.902351 0.902418
 0.436705 0.652459 0.669878 0.67082 0.67087
 0.390407 0.583288 0.59886 0.599703 0.599747
 0.456197 0.681581 0.699777 0.700761 0.700813
 0.404261 0.603986 0.620111 0.620983 0.621029
 0.38324 0.57258 0.587866 0.588693 0.588737
 0.594968 0.888911 0.912642 0.913927 0.913994
 0.413233 0.617391 0.633873 0.634765 0.634812
 0.290429 0.433916 0.4455 0.446127 0.44616
 0.269083 0.402023 0.412756 0.413336 0.413367
 0.214534 0.320525 0.329082 0.329545 0.32957
 0.25883 0.386705 0.397029 0.397587 0.397617
 0.208412 0.311378 0.31969 0.32014 0.320164
 0.203959 0.304725 0.31286 0.313301 0.313324
 0.337347 0.504013 0.517469 0.518197 0.518235
 0.177807 0.265653 0.272745 0.273129 0.273149
nmprior
 8 9 7.5 0
nm_flota  nm_reclas  nm_pelaces    nm_pelaL
inf 16.1232 15.2301 26.2568
cv_recla  cv_pelaces  cv_mph
0.379101 0.498152 0.582431
 ------------------------------------------------
Talla a la edad & desviaci?n 
 8 13.2811 15.8009 17.003 17.5766
 0.8 1.32811 1.58009 1.7003 1.75766
