years
 1991 1992 1993 1994 1995 1996 1997 1998 1999 2000 2001 2002 2003 2004 2005 2006 2007 2008 2009 2010 2011 2012 2013 2014 2015 2016 2017 2018 2019 2020 2021
reclasobs
 0 0 0 0 0 0 0 0 0 252601 567819 844713 477998 351125 339783 2.1784e+06 2.13404e+06 4.81314e+06 1.55562e+06 2.62356e+06 3.21686e+06 3.843e+06 1.13348e+06 3.07943e+06 1.97215e+06 2.03268e+06 2.025e+06 2.42433e+06 2.27542e+06 1.05018e+06 2.36338e+06
reclaspred
 3.27886e+06 1.79019e+06 906586 930264 942489 1.63442e+06 912665 782005 550415 368104 505188 691544 677350 498320 487661 1.24949e+06 1.03141e+06 3.026e+06 2.47368e+06 1.92374e+06 3.21429e+06 2.62438e+06 2.01202e+06 3.11161e+06 2.28431e+06 2.00809e+06 2.41065e+06 2.62995e+06 2.0639e+06 1.22384e+06 1.98567e+06
pelacesobs
 0 0 0 0 0 0 0 0 0 0 0 0 0 0 0 552880 188675 0 991730 2.46772e+06 1.41603e+06 1.21717e+06 2.29649e+06 1.80582e+06 0 1.4828e+06 1.56532e+06 1.57751e+06 1.42118e+06 867257 0
pelacespred
 1.96412e+06 1.16918e+06 575024 458431 512954 891616 458005 512926 330659 199260 289148 329701 359429 264427 265198 561399 504527 1.6492e+06 1.41799e+06 1.0166e+06 1.67923e+06 1.461e+06 1.18426e+06 1.92969e+06 1.41259e+06 1.24856e+06 1.64332e+06 1.76542e+06 1.22632e+06 809811 1.15067e+06
mphobs
 0 0 0 0 0 0 0 0 0 0 0 498337 0 5186 125008 0 168611 109162 213762 579715 649985 157893 87575 83554 0 0 0 0 0 0 0
mphpred
 511657 342519 164297 91198.5 99746 119857 164561 87496.5 78762.3 48756.6 29576.7 62118.3 66718.2 54162.8 32620.3 41255.8 137047 112207 307102 221512 253592 293909 283748 227857 319739 260211 211701 228314 331072 210952 108931
desembarqueobs
 494567 514787 250237 358949 120608 361735 552515 73892 212993 205616 52469 317467 293654 387597 252695 516296 358380 742168 942051 627588 828172 859565 418607 520667 417249 300574 407403 355545 319650 289779 219260
desembarquepred
 494570 513861 250666 358985 120614 361742 552538 73897.5 213056 205673 52471.9 317527 293686 387567 252667 516232 358449 742008 941745 627338 828290 859522 418591 520697 417234 300570 407398 355516 319627 289785 219263
Reclutas
 169354 93681.6 94134 142290 114979 210733 82318.6 34703.7 33956.2 45606.6 85370.2 125434 104540 73598 66886.9 331125 61232.3 587212 332490 288422 343326 504898 99870.1 277909 238532 105732 233699 266121 74951.5 56036 253664
log_desv_Rt
 0.22514 -0.36695 -0.362132 0.0510161 -0.162103 0.44374 -0.496254 -1.36001 -1.38178 -1.0868 -0.459855 -0.07507 -0.257277 -0.608233 -0.703849 0.895644 -0.792177 1.46854 0.899758 0.757574 0.93183 1.3175 -0.302981 0.720441 0.56765 -0.245941 0.547183 0.677098 -0.590011 -0.880857 0.62916
SSB
 1.99267e+06 1.33395e+06 639863 355176 388465 466786 640890 340759 306743 189884 115188 241922 259837 210939 127041 160673 533737 436996 1.19602e+06 862689 987623 1.14464e+06 1.10507e+06 887399 1.24524e+06 1.0134e+06 824480 889178 1.28937e+06 821561 424237
BT
 2.82461e+06 1.93677e+06 948474 897995 757386 1.50614e+06 1.06874e+06 731631 638106 458193 437754 705554 745656 759834 618025 1.20382e+06 927511 2.9553e+06 2.76338e+06 1.87318e+06 2.91567e+06 2.71582e+06 1.86801e+06 3.08764e+06 2.19263e+06 1.86536e+06 2.62215e+06 2.7301e+06 1.78957e+06 1.29063e+06 1.75571e+06
Ftot
 0.21039 0.38827 0.381388 0.578738 0.192665 0.349565 0.811375 0.140407 0.563441 0.801985 0.174791 0.695538 0.652307 1.13646 0.828431 0.698563 0.490806 0.415382 0.562785 0.493115 0.393756 0.500356 0.295505 0.268168 0.269686 0.218024 0.268492 0.2192 0.212988 0.329755 0.185812
BD_Bspro_t
 0.967026 0.775425 0.567482 0.467673 0.461429 0.556807 0.557615 0.361356 0.417299 0.352239 0.305979 0.566568 0.445014 0.349587 0.236484 0.282775 0.448549 0.390854 0.565504 0.454397 0.43884 0.474319 0.495223 0.479552 0.59619 0.603989 0.610001 0.657172 0.72042 0.625174 0.548985
BD_Bspro
 2.06965 1.38549 0.664581 0.368897 0.403472 0.484819 0.665649 0.353923 0.318593 0.19722 0.119637 0.251268 0.269874 0.219088 0.131949 0.16688 0.554356 0.453878 1.24222 0.896015 1.02578 1.18886 1.14776 0.92168 1.29334 1.05255 0.85633 0.923528 1.33918 0.853299 0.440625
BD_Bo
 1.37454 0.920158 0.441376 0.245 0.267962 0.321988 0.442084 0.235054 0.211591 0.130982 0.0794561 0.166877 0.179235 0.145505 0.0876328 0.110832 0.36817 0.301439 0.825012 0.59508 0.68126 0.789571 0.762273 0.612125 0.858962 0.699041 0.568724 0.613353 0.889406 0.56671 0.292637
BD_Brms
 2.49916 1.67301 0.802501 0.445454 0.487204 0.585433 0.80379 0.427372 0.38471 0.238149 0.144466 0.303413 0.325881 0.264555 0.159332 0.201512 0.669401 0.54807 1.50002 1.08196 1.23865 1.43558 1.38595 1.11296 1.56175 1.27098 1.03404 1.11519 1.6171 1.03038 0.532068
Sel_flota
 0.701761 0.978122 0.998824 0.999938 0.999997
 0.701761 0.978122 0.998824 0.999938 0.999997
 0.701761 0.978122 0.998824 0.999938 0.999997
 0.701761 0.978122 0.998824 0.999938 0.999997
 0.701761 0.978122 0.998824 0.999938 0.999997
 0.701761 0.978122 0.998824 0.999938 0.999997
 0.701761 0.978122 0.998824 0.999938 0.999997
 0.701761 0.978122 0.998824 0.999938 0.999997
 0.701761 0.978122 0.998824 0.999938 0.999997
 0.701761 0.978122 0.998824 0.999938 0.999997
 0.701761 0.978122 0.998824 0.999938 0.999997
 0.701761 0.978122 0.998824 0.999938 0.999997
 0.701761 0.978122 0.998824 0.999938 0.999997
 0.701761 0.978122 0.998824 0.999938 0.999997
 0.701761 0.978122 0.998824 0.999938 0.999997
 0.701761 0.978122 0.998824 0.999938 0.999997
 0.701761 0.978122 0.998824 0.999938 0.999997
 0.701761 0.978122 0.998824 0.999938 0.999997
 0.701761 0.978122 0.998824 0.999938 0.999997
 0.701761 0.978122 0.998824 0.999938 0.999997
 0.701761 0.978122 0.998824 0.999938 0.999997
 0.701761 0.978122 0.998824 0.999938 0.999997
 0.701761 0.978122 0.998824 0.999938 0.999997
 0.701761 0.978122 0.998824 0.999938 0.999997
 0.701761 0.978122 0.998824 0.999938 0.999997
 0.701761 0.978122 0.998824 0.999938 0.999997
 0.701761 0.978122 0.998824 0.999938 0.999997
 0.701761 0.978122 0.998824 0.999938 0.999997
 0.701761 0.978122 0.998824 0.999938 0.999997
 0.701761 0.978122 0.998824 0.999938 0.999997
 0.701761 0.978122 0.998824 0.999938 0.999997
Sel_reclas
 1 1 1 1 1
 1 1 1 1 1
 1 1 1 1 1
 1 1 1 1 1
 1 1 1 1 1
 1 1 1 1 1
 1 1 1 1 1
 1 1 1 1 1
 1 1 1 1 1
 1 1 1 1 1
 1 1 1 1 1
 1 1 1 1 1
 1 1 1 1 1
 1 1 1 1 1
 1 1 1 1 1
 1 1 1 1 1
 1 1 1 1 1
 1 1 1 1 1
 1 1 1 1 1
 1 1 1 1 1
 1 1 1 1 1
 1 1 1 1 1
 1 1 1 1 1
 1 1 1 1 1
 1 1 1 1 1
 1 1 1 1 1
 1 1 1 1 1
 1 1 1 1 1
 1 1 1 1 1
 1 1 1 1 1
 1 1 1 1 1
Sel_pelaces
 0.820924 0.958456 0.991461 0.998292 0.99966
 0.820924 0.958456 0.991461 0.998292 0.99966
 0.820924 0.958456 0.991461 0.998292 0.99966
 0.820924 0.958456 0.991461 0.998292 0.99966
 0.820924 0.958456 0.991461 0.998292 0.99966
 0.820924 0.958456 0.991461 0.998292 0.99966
 0.820924 0.958456 0.991461 0.998292 0.99966
 0.820924 0.958456 0.991461 0.998292 0.99966
 0.820924 0.958456 0.991461 0.998292 0.99966
 0.820924 0.958456 0.991461 0.998292 0.99966
 0.820924 0.958456 0.991461 0.998292 0.99966
 0.820924 0.958456 0.991461 0.998292 0.99966
 0.820924 0.958456 0.991461 0.998292 0.99966
 0.820924 0.958456 0.991461 0.998292 0.99966
 0.820924 0.958456 0.991461 0.998292 0.99966
 0.820924 0.958456 0.991461 0.998292 0.99966
 0.820924 0.958456 0.991461 0.998292 0.99966
 0.820924 0.958456 0.991461 0.998292 0.99966
 0.820924 0.958456 0.991461 0.998292 0.99966
 0.820924 0.958456 0.991461 0.998292 0.99966
 0.820924 0.958456 0.991461 0.998292 0.99966
 0.820924 0.958456 0.991461 0.998292 0.99966
 0.820924 0.958456 0.991461 0.998292 0.99966
 0.820924 0.958456 0.991461 0.998292 0.99966
 0.820924 0.958456 0.991461 0.998292 0.99966
 0.820924 0.958456 0.991461 0.998292 0.99966
 0.820924 0.958456 0.991461 0.998292 0.99966
 0.820924 0.958456 0.991461 0.998292 0.99966
 0.820924 0.958456 0.991461 0.998292 0.99966
 0.820924 0.958456 0.991461 0.998292 0.99966
 0.820924 0.958456 0.991461 0.998292 0.99966
pf_obs 
 0.8446 0.082 0.0669 0.0065 0
 0.8095 0.147 0.0364 0.0071 0
 0.9664 0.0169 0.016 0.0007 0
 0.9276 0.0648 0.0075 0.0001 0
 0.7033 0.2144 0.0806 0.0017 0
 0.9318 0.0425 0.0243 0.0014 0
 0.5671 0.3108 0.0964 0.0239 0.0018
 0.0768 0.2599 0.5324 0.112 0.0189
 0.490249 0.384438 0.106611 0.0170017 0.00170017
 0.7925 0.1577 0.0466 0.003 0.0002
 0.840416 0.127587 0.0312969 0.00059994 9.999e-05
 0.8084 0.0986 0.0794 0.0134 0.0002
 0.7335 0.1905 0.0724 0.0035 0.0001
 0.4001 0.4547 0.1325 0.0127 0
 0.49795 0.308269 0.164784 0.0264974 0.00249975
 0.9179 0.0499 0.0305 0.0017 0
 0.2467 0.6533 0.0926 0.0074 0
 0.9418 0.0223 0.034 0.0019 0
 0.707729 0.231977 0.0356964 0.0245975 0
 0.517169 0.277429 0.184464 0.0207286 0.00020938
 0.811772 0.124168 0.05621 0.00726502 0.000585176
 0.764997 0.148141 0.077277 0.00933861 0.000247198
 0.163321 0.427699 0.378323 0.0303852 0.000271297
 0.753843 0.0900009 0.118128 0.0371064 0.000921714
 0.721811 0.176058 0.0630433 0.0369309 0.00215725
 0.143369 0.312575 0.442814 0.0836902 0.0175525
 0.692698 0.0596174 0.167031 0.0765114 0.00414204
 0.394062 0.376323 0.152708 0.0712218 0.00568511
 0.125707 0.32114 0.495352 0.0537591 0.00404204
 0.23352 0.215282 0.420074 0.123614 0.00750983
 0 0 0 0 0
pf_pred 
 0.48488 0.140028 0.351123 0.0239685 8.69551e-07
 0.428821 0.328784 0.0669853 0.164213 0.0111965
 0.585157 0.218154 0.11446 0.0227459 0.0594836
 0.734597 0.179417 0.0457634 0.0234204 0.0168023
 0.661438 0.273653 0.044277 0.0109882 0.00964338
 0.757524 0.178195 0.0521817 0.00825629 0.00384244
 0.464506 0.439488 0.0710156 0.0202913 0.00469843
 0.460732 0.312111 0.187461 0.0293758 0.01032
 0.550221 0.246215 0.118906 0.0698782 0.0147796
 0.733369 0.173824 0.051448 0.0241736 0.0171855
 0.841764 0.128787 0.0194068 0.00557106 0.0044711
 0.75448 0.216781 0.0234886 0.00346152 0.00178901
 0.700848 0.247318 0.0459233 0.00483253 0.00107852
 0.654756 0.270592 0.0620232 0.0111901 0.00143811
 0.765516 0.17895 0.0438626 0.00970028 0.00197122
 0.93966 0.0506375 0.00745957 0.00177233 0.000470812
 0.373374 0.601757 0.0209685 0.00300001 0.0009007
 0.928477 0.0336353 0.0364215 0.00123618 0.000229635
 0.598594 0.381674 0.00940463 0.00992881 0.000399049
 0.647018 0.244464 0.103325 0.00247736 0.00271658
 0.715222 0.208856 0.0530054 0.0218211 0.00109532
 0.758435 0.190186 0.0379355 0.00938963 0.00405409
 0.318293 0.562177 0.0946389 0.0183856 0.00650624
 0.734654 0.106802 0.131289 0.0215851 0.00567006
 0.624996 0.300232 0.0305198 0.0366534 0.00759958
 0.430198 0.40194 0.135031 0.0134104 0.0194205
 0.728571 0.140794 0.0927692 0.0304677 0.00739856
 0.686 0.24967 0.0337486 0.0217254 0.00885667
 0.331766 0.505717 0.129832 0.0171568 0.015528
 0.421105 0.23989 0.257976 0.0647489 0.0162802
 0.854256 0.0751894 0.0296556 0.0311332 0.00976613
pobs_RECLAS
 0 0 0 0 0
 0 0 0 0 0
 0 0 0 0 0
 0 0 0 0 0
 0 0 0 0 0
 0 0 0 0 0
 0 0 0 0 0
 0 0 0 0 0
 0 0 0 0 0
 0 0 0 0 0
 0.991045 0.00858322 0.000360255 1.14367e-05 0
 0.934742 0.0480273 0.0164251 0.00080598 0
 0.827803 0.169806 0.00239088 0 0
 0.941827 0.0461693 0.0120037 0 0
 0.791401 0.0380133 0.147996 0.0225897 0
 0.846168 0.0940531 0.0597789 0 0
 0.134021 0.677848 0.182769 0.00536245 0
 0.80878 0.0450904 0.141981 0.00414843 0
 0.846168 0.0940531 0.0597789 0 0
 0.905697 0.0802665 0.012482 0.00150086 5.37128e-05
 0.989698 0.0102097 9.19794e-05 0 0
 0.975433 0.0193895 0.00387452 0.00125025 5.28907e-05
 0.303575 0.632131 0.0575291 0.00676475 0
 0.966965 0.00978017 0.0227588 0.000495775 0
 0.843318 0.132988 0.00938335 0.0141283 0.000182051
 0.564624 0.303363 0.111486 0.0197234 0.00080311
 0.826376 0.0876187 0.0782897 0.00655872 0.00115652
 0.89761 0.0855135 0.0140674 0.00269457 0.000114338
 0.34875 0.467042 0.161289 0.0227151 0.000203297
 0.318654 0.224769 0.449479 0.00709798 0
 0.937255 0.0296025 0.0250945 0.00804832 0
ppred_RECLAS
 0.572654 0.11799 0.289608 0.0197469 7.16352e-07
 0.516611 0.280924 0.055998 0.137118 0.00934854
 0.667703 0.176594 0.0906539 0.0179942 0.0470544
 0.798449 0.137264 0.0342343 0.0174992 0.0125535
 0.7332 0.216541 0.0342968 0.00850176 0.0074608
 0.815643 0.136268 0.0390462 0.00617081 0.0028717
 0.555781 0.366113 0.0577942 0.016493 0.00381869
 0.546652 0.264746 0.155675 0.0243672 0.0085599
 0.636999 0.200769 0.0948104 0.0556515 0.0117699
 0.799251 0.131957 0.0381568 0.0179062 0.0127291
 0.882048 0.0963847 0.0142181 0.00407695 0.00327179
 0.814836 0.163928 0.0173602 0.00255526 0.00132054
 0.770241 0.190695 0.0346139 0.00363803 0.000811884
 0.736056 0.207984 0.0465037 0.00837901 0.00107676
 0.825153 0.134181 0.0321281 0.00709632 0.00144197
 0.95713 0.0361096 0.00519904 0.00123374 0.000327717
 0.457752 0.521185 0.017763 0.00253838 0.000762058
 0.948811 0.0243534 0.0257988 0.000874615 0.00016246
 0.67944 0.305143 0.00735235 0.00775288 0.000311577
 0.723187 0.193016 0.0797913 0.00191086 0.00209525
 0.780832 0.161684 0.0401465 0.0165082 0.000828586
 0.817088 0.144693 0.0282278 0.00697857 0.0030129
 0.397112 0.499067 0.0822207 0.0159548 0.00564568
 0.797495 0.0825681 0.0993388 0.0163135 0.00428503
 0.701546 0.239996 0.0238772 0.028643 0.00593838
 0.515776 0.343739 0.113035 0.0112131 0.0162374
 0.792042 0.109005 0.0702945 0.02306 0.00559939
 0.754697 0.195918 0.0259222 0.0166682 0.00679464
 0.411613 0.447617 0.112485 0.0148476 0.0134372
 0.50901 0.206084 0.216868 0.0543686 0.0136694
 0.892433 0.056084 0.0216537 0.0227068 0.00712244
pobs_PELACES
 0 0 0 0 0
 0 0 0 0 0
 0 0 0 0 0
 0 0 0 0 0
 0 0 0 0 0
 0 0 0 0 0
 0 0 0 0 0
 0 0 0 0 0
 0 0 0 0 0
 0 0 0 0 0
 0 0 0 0 0
 0 0 0 0 0
 0 0 0 0 0
 0 0 0 0 0
 0 0 0 0 0
 0 0 0 0 0
 0.505614 0.472636 0.0217494 0 0
 0 0 0 0 0
 0.443492 0.261883 0.143347 0.151278 0
 0.227955 0.32914 0.350689 0.0885471 0.00366901
 0.970185 0.0296113 0.000203453 0 0
 0.997202 0.00247181 0.000326279 0 0
 0.445219 0.490057 0.0546422 0.010081 0
 0.90214 0.0892962 0.00764917 0.000914606 0
 0 0 0 0 0
 0.581667 0.319106 0.0959925 0.00289975 0.000334073
 0.762889 0.0836404 0.116647 0.0363945 0.000428098
 0.88444 0.0763242 0.0277011 0.0115352 0
 0.521256 0.241999 0.230069 0.00667565 0
 0.616807 0.101726 0.260614 0.0208532 0
 0 0 0 0 0
ppred_PELACES
 0.533224 0.125835 0.319038 0.0219018 7.95611e-07
 0.48293 0.295937 0.0608604 0.15003 0.0102428
 0.636777 0.189908 0.100583 0.0200998 0.0526322
 0.779676 0.148447 0.0381471 0.0196294 0.0141008
 0.704106 0.238558 0.0390337 0.00974194 0.00856082
 0.795015 0.150208 0.0444165 0.00706698 0.00329323
 0.534397 0.381687 0.0619831 0.017805 0.00412804
 0.507678 0.28341 0.172223 0.0271418 0.0095476
 0.609219 0.212953 0.103627 0.0612333 0.012968
 0.783968 0.14046 0.0417845 0.0197379 0.0140502
 0.866052 0.108744 0.0165739 0.00478488 0.00384517
 0.800073 0.176374 0.0192298 0.00284922 0.00147446
 0.751957 0.204804 0.038284 0.00405052 0.000905165
 0.724819 0.215579 0.049476 0.00897221 0.00115455
 0.812349 0.143006 0.0352205 0.00783058 0.00159332
 0.95301 0.0393867 0.00583822 0.00139461 0.000370951
 0.430264 0.546923 0.0192175 0.00276466 0.00083112
 0.941923 0.0271776 0.0296977 0.00101357 0.000188529
 0.656107 0.326818 0.0081145 0.00861373 0.000346644
 0.698669 0.208138 0.0887064 0.00213861 0.00234816
 0.758179 0.17683 0.0452971 0.0187517 0.000942477
 0.799095 0.157844 0.0317451 0.00790074 0.00341567
 0.365569 0.522132 0.0888032 0.017349 0.0061474
 0.772143 0.0910814 0.113147 0.0187074 0.00492053
 0.671987 0.261876 0.0269016 0.0324903 0.0067452
 0.479555 0.365797 0.124245 0.0124091 0.0179939
 0.766833 0.120235 0.08006 0.0264419 0.00642935
 0.727429 0.216112 0.0295345 0.0191203 0.00780485
 0.37731 0.469837 0.121957 0.0162076 0.014688
 0.472971 0.21695 0.235634 0.0594728 0.0149731
 0.876549 0.0632337 0.0252228 0.02663 0.00836443
pobs_pel_tallas
 0 0 0 0 0 0 0 0 0 0 0 0 0 0 0 0 0 0 0 0 0 0 0 0 0 0
 0 0 0 0 0 0 0 0 0 0 0 0 0 0 0 0 0 0 0 0 0 0 0 0 0 0
 0 0 0 0 0 0 0 0 0 0 0 0 0 0 0 0 0 0 0 0 0 0 0 0 0 0
 0 0 0 0 0 0 0 0 0 0 0 0 0 0 0 0 0 0 0 0 0 0 0 0 0 0
 0 0 0 0 0 0 0 0 0 0 0 0 0 0 0 0 0 0 0 0 0 0 0 0 0 0
 0 0 0 0 0 0 0 0 0 0 0 0 0 0 0 0 0 0 0 0 0 0 0 0 0 0
 0 0 0 0 0 0 0 0 0 0 0 0 0 0 0 0 0 0 0 0 0 0 0 0 0 0
 0 0 0 0 0 0 0 0 0 0 0 0 0 0 0 0 0 0 0 0 0 0 0 0 0 0
 0 0 0 0 0 0 0 0 0 0 0 0 0 0 0 0 0 0 0 0 0 0 0 0 0 0
 0 0 0 0 0 0 0 0 0 0 0 0 0 0 0 0 0 0 0 0 0 0 0 0 0 0
 0 0 0 0 0 0 0 0 0 0 0 0 0 0 0 0 0 0 0 0 0 0 0 0 0 0
 0 0 0 0 0 0 0 0 0 0 0 0 0 0 0 0 0 0 0 0 0 0 0 0 0 0
 0.00862536 0 0 0.000197151 0.00414017 0.0128641 0.00837892 0.0270097 0.101434 0.158115 0.152841 0.127902 0.109271 0.109419 0.0830992 0.0579132 0.0238553 0.00714673 0.00463305 0.00128148 0.00103504 0.000492878 0.000147863 0.000147863 4.92878e-05 0
 0 0 0 0 0 0 0 0 0 0 0 0 0 0 0 0 0 0 0 0 0 0 0 0 0 0
 0 0 0 0 0 0 0 0.0054083 0.00873648 0.0413646 0.0450493 0.0745869 0.0622846 0.0627006 0.0613931 0.0827291 0.12552 0.122667 0.0946155 0.0697135 0.0546179 0.0294188 0.0215738 0.0213955 0.0102223 0.00600262
 0 0 0 0 0.00359764 0.0251062 0.0480494 0.140153 0.205849 0.193036 0.1447 0.116669 0.0760912 0.0342217 0.00950174 0.001854 0.000860785 0 0 0 0.000165536 0 0.000143464 0 0 0
 0 0 0 0 0 0 0 0.000145254 0.000435761 0.0275982 0.070085 0.0708112 0.156366 0.174668 0.174014 0.160142 0.0824315 0.0480064 0.0283245 0.00493863 0.00203355 0 0 0 0 0
 0 0 0 0 0 0 0 0 0 0 0 0 0 0 0 0 0 0 0 0 0 0 0 0 0 0
 0 0 1.00437e-05 0.000401748 0.00122533 0.00171747 0.00176769 0.0269171 0.070346 0.194647 0.189555 0.159765 0.064822 0.0314167 0.0384472 0.0292271 0.0345202 0.0313363 0.0194345 0.0106764 0.0143323 0.0359363 0.0279516 0.0138201 0.00172751 0
 0 0.0021121 0.0136068 0.0755702 0.200478 0.177729 0.0527432 0.0373336 0.0318909 0.0142505 0.0149659 0.0166563 0.0217959 0.0798694 0.0677717 0.0528807 0.04013 0.0224614 0.0357745 0.0225083 0.00881397 0.00855152 0.00135912 0.000746735 0 0
 0 0 0 0 5.4009e-05 0.00500934 0.000945158 0.0243581 0.138947 0.33067 0.221406 0.137944 0.0707744 0.0437923 0.0131692 0.00525238 0.0047753 0.00276346 9.45158e-05 9.00151e-06 2.25038e-05 9.00151e-06 4.50075e-06 0 0 0
 0.000866109 0.00284123 0.00948549 0.0512746 0.133035 0.25785 0.225252 0.132002 0.0553304 0.0519788 0.0540692 0.017754 0.00435017 0.00159236 0.00146478 0.000404838 0.000125132 0.000115318 0.000107957 0.000100596 0 0 0 0 0 0
 0 0 0 0 0.00144013 0.00171154 0.00461396 0.0210425 0.0478622 0.0707936 0.0888783 0.103762 0.0637923 0.0337046 0.0602308 0.124433 0.169614 0.0934646 0.0462172 0.0250306 0.0313229 0.00938855 0.002487 0.000210481 0 0
 0 0.00764035 0.051015 0.0998891 0.058973 0.0496711 0.0374665 0.0718981 0.12319 0.153886 0.159021 0.0857701 0.0377988 0.023471 0.0147837 0.00900784 0.00315554 0.000888139 0.00291439 0.00214683 0.00393193 0.00274676 0.000635225 9.99891e-05 0 0
 0 0 0 0 0 0 0 0 0 0 0 0 0 0 0 0 0 0 0 0 0 0 0 0 0 0
 0 0 0 0 0 0 0 0 0 0 0 0 0 0 0 0 0 0 0 0 0 0 0 0 0 0
 0 0 0 0 0 0 0 0 0 0 0 0 0 0 0 0 0 0 0 0 0 0 0 0 0 0
 0 0 0 0 0 0 0 0 0 0 0 0 0 0 0 0 0 0 0 0 0 0 0 0 0 0
 0 0 0 0 0 0 0 0 0 0 0 0 0 0 0 0 0 0 0 0 0 0 0 0 0 0
 0 0 0 0 0 0 0 0 0 0 0 0 0 0 0 0 0 0 0 0 0 0 0 0 0 0
 0 0 0 0 0 0 0 0 0 0 0 0 0 0 0 0 0 0 0 0 0 0 0 0 0 0
ppred_pel_tallas
 1.11436e-16 4.3921e-05 0.000426928 0.00283709 0.012897 0.0401274 0.0854961 0.124787 0.124799 0.0855579 0.0403362 0.0135061 0.00438866 0.00388866 0.00683669 0.011801 0.0183151 0.0257727 0.033482 0.0409611 0.0479314 0.0539418 0.0580443 0.0589875 0.0558996 0.0489349
 1.18612e-16 3.97783e-05 0.00038666 0.00256949 0.0116805 0.0363427 0.0774329 0.113022 0.11305 0.0775728 0.0368124 0.0130384 0.00598258 0.00785383 0.014272 0.0236728 0.0344526 0.0441321 0.0502765 0.051934 0.0502568 0.047678 0.0462667 0.0465348 0.0474385 0.0473015
 1.13874e-16 5.24505e-05 0.000509838 0.00338805 0.0154016 0.0479202 0.1021 0.149021 0.14904 0.10219 0.0482232 0.0162785 0.00559563 0.00535063 0.00931033 0.0154798 0.0227016 0.0294226 0.0341043 0.0360841 0.0359465 0.0350228 0.0344273 0.0344073 0.0344073 0.0336154
 1.05494e-16 6.42209e-05 0.00062425 0.00414836 0.0188579 0.0586739 0.125011 0.182461 0.182475 0.125081 0.0589093 0.0195384 0.00585845 0.0043634 0.00718359 0.0118228 0.0171424 0.021813 0.0245334 0.0247291 0.0228915 0.0202152 0.0178297 0.0162264 0.0152229 0.0143232
 1.03614e-16 5.79963e-05 0.000563745 0.00374628 0.0170301 0.052987 0.112895 0.164779 0.164802 0.113008 0.0533645 0.0181204 0.00648371 0.00654131 0.0114157 0.0187948 0.0271028 0.0341559 0.0377686 0.0369382 0.0324356 0.0262656 0.0204463 0.0160611 0.0131313 0.0111056
 1.02587e-16 6.54844e-05 0.000636531 0.00422998 0.0192289 0.0598282 0.127471 0.18605 0.186065 0.127542 0.0600665 0.0199176 0.00596064 0.00442048 0.00726917 0.0119589 0.017326 0.0220071 0.0246517 0.024627 0.0223681 0.0190337 0.0157613 0.0131184 0.0110727 0.00932384
 1.04371e-16 4.40176e-05 0.000427867 0.00284333 0.0129254 0.0402159 0.0856855 0.125068 0.125105 0.0858653 0.0408197 0.0146698 0.00722266 0.00999037 0.018212 0.030057 0.0433378 0.0545911 0.0603105 0.0588749 0.0514986 0.0413739 0.0317278 0.0243136 0.019212 0.0156079
 1.09381e-16 4.18168e-05 0.000406475 0.00270117 0.0122791 0.0382051 0.081401 0.118813 0.11884 0.0815356 0.0386577 0.0135891 0.00599951 0.0076407 0.0138804 0.023141 0.0339382 0.0439466 0.0507839 0.0532999 0.0521385 0.0490482 0.0455562 0.0421301 0.0383505 0.033676
 1.11381e-16 5.01806e-05 0.000487773 0.00324142 0.0147351 0.0458463 0.0976812 0.142573 0.142594 0.0977822 0.0461859 0.0157177 0.00571471 0.00590981 0.0104155 0.0173201 0.0253757 0.0328335 0.0379503 0.0399592 0.0394863 0.0379884 0.0366786 0.035816 0.0348079 0.0328495
 1.05599e-16 6.45744e-05 0.000627686 0.0041712 0.0189617 0.0589969 0.1257 0.183465 0.183479 0.125766 0.0592198 0.0196063 0.00579145 0.0041719 0.00681722 0.0112257 0.0163032 0.0208018 0.0235014 0.0238631 0.022342 0.0200414 0.0179894 0.0166089 0.0156993 0.0147862
 1.01637e-16 7.13356e-05 0.000693407 0.00460793 0.020947 0.065174 0.13886 0.202673 0.202684 0.138912 0.065346 0.0214439 0.00585536 0.00341706 0.00524566 0.0085636 0.01234 0.0155417 0.0171685 0.0167637 0.014682 0.0118432 0.00917451 0.00717522 0.005856 0.00496131
 1.01136e-16 6.5901e-05 0.000640581 0.00425689 0.0193512 0.0602088 0.128282 0.187235 0.187252 0.128365 0.0604875 0.020156 0.00627666 0.00504811 0.00843172 0.0138221 0.0198741 0.0249264 0.0273315 0.0263271 0.0224864 0.0173308 0.0124274 0.00867243 0.0061711 0.00457377
 1.01717e-16 6.19377e-05 0.000602057 0.00400088 0.0181874 0.0565879 0.120567 0.175976 0.175995 0.120664 0.0569121 0.0191238 0.00635193 0.0057364 0.0098187 0.0161488 0.0232898 0.0293533 0.0324503 0.0316966 0.0277198 0.0222046 0.0168636 0.0126425 0.00962133 0.00742384
 1.02579e-16 5.97024e-05 0.000580329 0.00385649 0.017531 0.0545457 0.116216 0.169625 0.169646 0.116318 0.0548872 0.0185179 0.00633494 0.00599553 0.0103579 0.0170651 0.0246601 0.0311825 0.0346671 0.0341941 0.0304107 0.0250449 0.0198267 0.0156715 0.0126023 0.010203
 1.02108e-16 6.69122e-05 0.00065041 0.0043222 0.0196481 0.0611327 0.13025 0.190107 0.190121 0.130318 0.0613593 0.0203031 0.00596739 0.00424577 0.00690662 0.0113421 0.0164021 0.0207721 0.0231551 0.0229471 0.0205766 0.0171798 0.0138834 0.0112677 0.00932233 0.00775418
 1.00382e-16 7.84981e-05 0.00076303 0.0050706 0.0230502 0.0717178 0.152803 0.223021 0.223024 0.152821 0.0717801 0.0232302 0.00552227 0.00174909 0.00195141 0.00310236 0.00446261 0.00561405 0.00618863 0.00601773 0.0052271 0.00414884 0.00312077 0.00232967 0.00178902 0.0014175
 1.01113e-16 3.54404e-05 0.000344493 0.00228928 0.0104068 0.0323796 0.0689901 0.100704 0.100757 0.0692472 0.0332425 0.0128977 0.00853728 0.0139683 0.0258635 0.0425806 0.0610511 0.0761736 0.0827724 0.0784597 0.0650892 0.0475744 0.0310572 0.0185976 0.0106987 0.00628236
 1.00998e-16 7.75849e-05 0.000754153 0.00501161 0.0227821 0.0708835 0.151025 0.220426 0.220428 0.151038 0.0709273 0.0229091 0.00533242 0.00146076 0.00143794 0.00230213 0.00341932 0.00452864 0.00541237 0.00595594 0.00618569 0.00620152 0.00606697 0.00576084 0.00522487 0.00444866
 1.01241e-16 5.40427e-05 0.000525315 0.0034909 0.0158692 0.049375 0.1052 0.153549 0.15358 0.105353 0.0498905 0.0173575 0.00722388 0.00866485 0.0154844 0.0254398 0.0364703 0.0455041 0.0494543 0.046908 0.0389919 0.0286593 0.018987 0.0117857 0.00731301 0.00486884
 1.03225e-16 5.75485e-05 0.000559391 0.00371735 0.0168986 0.0525778 0.112023 0.163506 0.163526 0.112122 0.0529088 0.0178558 0.00612431 0.00582785 0.0101042 0.0167191 0.0243234 0.031091 0.0351744 0.0356778 0.033122 0.0289714 0.0246426 0.0208122 0.017436 0.014222
 1.03393e-16 6.24502e-05 0.000607039 0.00403399 0.0183379 0.0570562 0.121565 0.177431 0.177448 0.121648 0.0573366 0.0191482 0.00606969 0.00505694 0.00853121 0.0140514 0.0203452 0.0258173 0.028883 0.0288124 0.0261438 0.0222717 0.018555 0.015654 0.0134894 0.0116444
 1.02327e-16 6.58204e-05 0.000639798 0.00425168 0.0193275 0.0601352 0.128125 0.187005 0.187021 0.128199 0.0603852 0.0200496 0.00606504 0.00460098 0.00759649 0.0124745 0.0180111 0.0227495 0.0252497 0.0248466 0.022033 0.0181017 0.0143452 0.0114448 0.00940252 0.00787315
 1.05477e-16 3.01115e-05 0.000292695 0.00194506 0.008842 0.027511 0.058617 0.0855638 0.0856141 0.058863 0.0283372 0.0112285 0.00793661 0.013376 0.0248884 0.0411258 0.0593049 0.0747107 0.0825422 0.0805682 0.0704303 0.0564757 0.0431102 0.032746 0.0255321 0.0204084
 1.05998e-16 6.36004e-05 0.000618219 0.00410828 0.0186757 0.058107 0.123803 0.180696 0.180705 0.123847 0.0582544 0.0191035 0.00518991 0.00300529 0.004673 0.00782313 0.0117267 0.0157158 0.0191283 0.0216239 0.0232948 0.0244161 0.0250716 0.0250131 0.0238662 0.0214694
 1.05244e-16 5.53507e-05 0.000538029 0.00357539 0.0162532 0.0505699 0.107746 0.157263 0.157288 0.107869 0.0509839 0.0174489 0.00657659 0.00708935 0.0124971 0.0205733 0.0296378 0.0372972 0.0411654 0.0401808 0.0352563 0.0286692 0.0226848 0.0184736 0.0159537 0.0143544
 1.07969e-16 3.95004e-05 0.000383958 0.00255154 0.0115989 0.0360888 0.0768923 0.112234 0.112269 0.0770652 0.0366696 0.0132781 0.00677198 0.00961561 0.017626 0.0292177 0.0424143 0.0540245 0.0607983 0.0612088 0.0562945 0.0488144 0.0414443 0.0354681 0.0307364 0.0264936
 1.06081e-16 6.31631e-05 0.000613968 0.00408003 0.0185472 0.0577074 0.122952 0.179455 0.179466 0.123009 0.0578997 0.0191042 0.00548335 0.00369484 0.00596573 0.00989787 0.0145707 0.0189962 0.022203 0.0237405 0.0238958 0.0233808 0.0227592 0.0220987 0.0210751 0.01934
 1.04146e-16 5.99174e-05 0.000582418 0.00387038 0.0175942 0.0547421 0.116635 0.170236 0.170257 0.116736 0.0550839 0.0185816 0.00634912 0.00599454 0.0103418 0.0170118 0.0245255 0.0309018 0.0341711 0.0334464 0.0294569 0.0240486 0.0190621 0.015456 0.013187 0.0116689
 1.07751e-16 3.10786e-05 0.000302095 0.00200753 0.00912597 0.0283945 0.0604992 0.0883099 0.0883552 0.0607209 0.0291393 0.0112783 0.00741452 0.0121197 0.022516 0.037282 0.0539541 0.0683728 0.0762959 0.0757408 0.0681097 0.0571197 0.046456 0.0380117 0.0317468 0.0266963
 1.15354e-16 3.8958e-05 0.000378686 0.0025165 0.0114397 0.0355932 0.0758358 0.110689 0.11071 0.0759397 0.0359433 0.0124553 0.00508237 0.00603474 0.010942 0.0184502 0.0275658 0.0367496 0.0444148 0.0497879 0.0532003 0.055485 0.0570269 0.0573402 0.0554893 0.0508906
 1.04831e-16 7.22002e-05 0.000701812 0.00466379 0.0212009 0.0659639 0.140543 0.205128 0.205134 0.140573 0.0660646 0.0214924 0.00539725 0.00230932 0.0031443 0.00513565 0.00751697 0.00972904 0.0112659 0.0119275 0.0119378 0.0117661 0.0117876 0.0120511 0.0123024 0.0121903
pSPR Fmed_Fpbrs
0.526904   0.6 0.325
Fs Fmed_Fpbrs
0.383997   0.298417 0.737969
SSBpbr Bo_Bmed_Bpbrs
1.4497e+06  691369  797336 398668
Ro
135213
SPR SPRFo_SPRFmed_SPRFpbrs
962806 507307 312912
Fref
0.298417
Nvult_r0
 171755 11338.8 4393.72 4608.32 1445.5
CTP_r0
 19812.6 1743.85 687.796 722.067 226.504
YTP_r0
219263
Np
 175534 81909.6 5017.03 1933.32 2646.43
Nvult_p0
 123159 59404.8 3647.09 1405.59 1924.05
CTP_p0
 21325.8 13421.9 837.457 323.033 442.207
YTP_p0
 414149
CBA_c0
277729
log_Ro
11.6346
likeval ReclasPelacesDesembMPH_pf_preclas_ppelaces_ptallas_desvR_qrecl_qpela
 14.0636 19.6674 0.0341944 0.000820271 229.676 119.801 84.1974 0 24.6145 5.06875e-06 2.2268e-05 0.168931 5.87929e-16 0 0
q_reclas_q_pelaces
1.37579 1.95689
M
1
N
 169354 35923.2 88365.9 6025.92 0.218602
 93681.6 53750.2 10757.4 26346.7 1796.3
 94134 26243.8 13525.4 2685.28 7022.03
 142290 26498.2 6648.46 3399.52 2438.78
 114979 34873.7 5534.49 1372.08 1204.09
 210733 36949.2 10625.8 1679.61 781.644
 82318.6 60659.7 9656.45 2756.96 638.344
 34703.7 17136.4 10091.1 1579.65 554.915
 33956.2 11568.8 5495.18 3226.56 682.402
 45606.6 8412.1 2452.73 1151.53 818.616
 85370.2 9556.78 1412.32 405.011 325.027
 125434 27780.5 2963.24 436.331 225.498
 104540 28323.2 5175.9 544.201 121.449
 73598 24332.4 5504.93 992.503 127.548
 66886.9 12195.8 2945.31 650.847 132.255
 331125 13758.3 1995.29 473.671 125.823
 61232.3 74609.8 2555.79 365.33 109.679
 587212 15962.6 16982.8 575.874 106.97
 332490 161400 3911.62 4126.01 165.821
 288422 82406.9 34240.7 820.229 899.39
 343326 75066.6 18715.3 7697.38 386.356
 504898 95809.3 18788.3 4646.2 2005.96
 99870.1 130742 21605.6 4193.21 1483.8
 277909 29859.3 36024 5916.78 1554.16
 238532 84698.9 8450.25 10138.4 2101.95
 105732 72620.5 23934.4 2374.59 3438.61
 233699 33378.4 21584.9 7081.95 1719.64
 266121 71208.8 9443.17 6072.78 2475.53
 74951.5 83941.8 21141 2790.86 2525.76
 56036 23745.1 25073.1 6286.94 1580.68
 253664 16355.8 6327.05 6635.46 2081.35
pred_Ctot
 14872.3 4294.95 10769.7 735.166 0.026671
 14440.4 11071.6 2255.7 5529.81 377.038
 14280.3 5323.88 2793.29 555.094 1451.65
 31025.2 7577.57 1932.79 989.145 709.636
 9293.48 3844.94 622.111 154.389 135.493
 29562.5 6954.11 2036.4 322.203 149.952
 23648.8 22375.1 3615.52 1033.06 239.204
 2075.07 1405.7 844.297 132.304 46.4796
 7238.17 3238.97 1564.21 919.25 194.426
 12982.4 3077.1 910.755 427.931 304.226
 6292.24 962.691 145.067 41.644 33.4217
 31852.7 9152.06 991.642 146.139 75.5285
 25186.7 8887.99 1650.37 173.669 38.7595
 27242.9 11258.7 2580.64 465.594 59.8363
 19531.8 4565.84 1119.14 247.499 50.2948
 84383.2 4547.34 669.883 159.159 42.2798
 11597.6 18691.6 651.319 93.1853 27.9773
 96108.3 3481.65 3770.05 127.959 23.7699
 70804.4 45146.1 1112.42 1174.42 47.2013
 54850.5 20724.3 8759.28 210.017 230.297
 53587.2 15648.3 3971.37 1634.92 82.0658
 97235.2 24382.8 4863.53 1203.8 519.755
 12024.8 21238.5 3575.36 694.591 245.799
 30601.3 4448.71 5468.71 899.107 236.18
 26402.7 12683.2 1289.3 1548.41 321.042
 9601.21 8970.54 3013.65 299.296 433.429
 25761.9 4978.4 3280.28 1077.32 261.61
 24287.8 8839.53 1194.87 769.184 313.57
 6658.43 10149.6 2605.68 344.332 311.641
 7456.79 4247.89 4568.15 1146.55 288.285
 19812.6 1743.85 687.796 722.067 226.504
F
 0.147643 0.205787 0.210143 0.210377 0.210389
 0.272473 0.379775 0.387813 0.388246 0.388268
 0.267643 0.373044 0.380939 0.381364 0.381387
 0.406136 0.566076 0.578058 0.578702 0.578736
 0.135205 0.18845 0.192439 0.192653 0.192665
 0.245311 0.341917 0.349154 0.349543 0.349563
 0.569391 0.793623 0.81042 0.811324 0.811372
 0.0985323 0.137335 0.140242 0.140398 0.140407
 0.395401 0.551113 0.562778 0.563406 0.563439
 0.562802 0.784439 0.801042 0.801936 0.801983
 0.122662 0.170967 0.174586 0.174781 0.174791
 0.488102 0.680321 0.69472 0.695495 0.695536
 0.457764 0.638035 0.65154 0.652266 0.652305
 0.797524 1.1116 1.13512 1.13639 1.13646
 0.58136 0.810306 0.827456 0.828379 0.828428
 0.490224 0.683279 0.697741 0.698519 0.69856
 0.344429 0.480068 0.490229 0.490776 0.490805
 0.291499 0.406294 0.414894 0.415356 0.415381
 0.39494 0.550472 0.562123 0.56275 0.562783
 0.346049 0.482326 0.492535 0.493084 0.493113
 0.276322 0.385141 0.393293 0.393731 0.393754
 0.35113 0.489409 0.499768 0.500325 0.500354
 0.207374 0.28904 0.295157 0.295486 0.295504
 0.18819 0.262301 0.267853 0.268151 0.268167
 0.189255 0.263786 0.269369 0.269669 0.269685
 0.153001 0.213254 0.217768 0.218011 0.218023
 0.188417 0.262618 0.268176 0.268475 0.268491
 0.153826 0.214404 0.218942 0.219186 0.219199
 0.149467 0.208328 0.212737 0.212975 0.212987
 0.231409 0.32254 0.329367 0.329735 0.329754
 0.130396 0.181747 0.185593 0.1858 0.185811
nmprior
 8 9 7.5 0
nm_flota  nm_reclas  nm_pelaces    nm_pelaL
inf 14.3115 14.3632 24.4738
cv_recla  cv_pelaces  cv_mph
0.339213 0.434868 0.883861
 ------------------------------------------------
Talla a la edad & desviaci?n 
 8 13.2811 15.8009 17.003 17.5766
 0.8 1.32811 1.58009 1.7003 1.75766
