years
 1991 1992 1993 1994 1995 1996 1997 1998 1999 2000 2001 2002 2003 2004 2005 2006 2007 2008 2009 2010 2011 2012 2013 2014 2015 2016 2017 2018 2019 2020 2021
reclasobs
 0 0 0 0 0 0 0 0 0 252601 567819 844713 477998 351125 339783 2.1784e+06 2.13404e+06 4.81314e+06 1.55562e+06 2.62356e+06 3.21686e+06 3.843e+06 1.13348e+06 3.07943e+06 1.97215e+06 2.03268e+06 2.025e+06 2.42433e+06 2.27542e+06 1.05018e+06 2.36338e+06
reclaspred
 3.43767e+06 1.8414e+06 930084 1.0309e+06 1.07861e+06 2.09961e+06 1.05424e+06 848369 537594 280815 694079 756194 407820 468520 396706 2.00613e+06 1.54189e+06 3.27241e+06 1.90126e+06 2.19767e+06 2.63778e+06 2.74516e+06 1.92855e+06 3.1173e+06 2.22211e+06 1.96182e+06 2.3144e+06 2.77143e+06 2.08254e+06 1.12243e+06 2.25075e+06
pelacesobs
 0 0 0 0 0 0 0 0 0 0 0 0 0 0 0 552880 188675 0 991730 2.46772e+06 1.41603e+06 1.21717e+06 2.29649e+06 1.80582e+06 0 1.4828e+06 1.56532e+06 1.57751e+06 1.42118e+06 867257 0
pelacespred
 2.01797e+06 1.15186e+06 549100 480665 584318 1.15414e+06 511483 570357 306293 127989 377047 350803 180621 214549 185453 901105 798341 1.78843e+06 996024 1.00039e+06 1.29209e+06 1.37392e+06 1.09195e+06 1.91357e+06 1.33744e+06 1.20671e+06 1.55837e+06 1.8364e+06 1.24349e+06 721212 1.28751e+06
mphobs
 0 0 0 0 0 0 0 0 0 0 0 1.62 0 0.03 0.23 0 12.7 0.33 0.79 0.41 2.23 0.16 1.94 1.86 0 0 0 0 0 0 0
mphpred
 2.73988 1.8631 0.861085 0.485372 0.565295 0.737861 1.09399 0.500043 0.433492 0.20721 0.095446 0.458244 0.313484 0.110999 0.118308 0.144121 1.23706 0.871845 1.55876 0.728232 1.44153 1.09011 1.52997 1.10293 1.62873 1.3033 1.05769 1.11299 1.82615 1.0803 0.499657
desembarqueobs
 494567 514787 250237 358949 120608 361735 552515 73892 212993 205616 52469 317467 293654 387597 252695 516296 358380 742168 942051 627588 828172 859565 418607 520667 417249 300574 407403 355545 319650 289779 219260
desembarquepred
 494563 514136 250523 358973 120612 361728 552502 73898.4 213072 205679 52466.2 317562 293925 387298 252574 516142 358629 742149 941764 627263 828846 859583 418570 520660 417186 300542 407368 355457 319571 289761 219262
Reclutas
 156562 88867.4 85381.3 125314 98791.7 195135 70412.8 26656 25997.9 35147.2 92054 84941.8 51141.2 82359.4 49719 376870 43274 413779 193506 337139 173178 503430 62085.6 205800 180151 80924.5 162701 207181 58503.1 39993.8 208652
log_desv_Rt
 0.37572 -0.190586 -0.230604 0.153094 -0.0847181 0.595958 -0.423357 -1.39472 -1.41971 -1.11819 -0.155357 -0.235765 -0.74314 -0.266639 -0.771344 1.25417 -0.910179 1.3476 0.587576 1.14276 0.476586 1.54371 -0.549218 0.649173 0.516066 -0.284214 0.414185 0.655863 -0.608652 -0.989008 0.662935
SSB
 1.26844e+06 862531 398643 224705 261706 341596 506467 231497 200687 95928.5 44187.1 212146 145129 51387.5 54771.2 66721.6 572704 403624 721633 337138 667360 504670 708305 510606 754029 603368 489660 515265 845421 500128 231318
BT
 1.9408e+06 1.36806e+06 649251 688514 567186 1.2876e+06 885122 528383 457840 301783 375792 551757 414980 600564 414822 1.2181e+06 903617 2.21608e+06 1.71736e+06 1.35384e+06 1.72341e+06 1.92844e+06 1.21118e+06 2.12238e+06 1.45145e+06 1.23364e+06 1.73829e+06 1.9214e+06 1.21963e+06 836414 1.30537e+06
Ftot
 0.314975 0.583554 0.576422 0.81572 0.265283 0.429897 1.05883 0.201709 0.878026 1.5434 0.210752 0.940136 1.4933 1.92633 1.53261 0.708309 0.495298 0.582957 1.06879 0.724238 0.705359 0.780464 0.468002 0.420814 0.431909 0.348462 0.43581 0.329847 0.325225 0.549194 0.26225
BD_Bspro_t
 0.951104 0.689542 0.442253 0.342375 0.351936 0.464926 0.488852 0.274914 0.314817 0.213773 0.14586 0.52144 0.302383 0.126953 0.12384 0.148209 0.462372 0.362433 0.435231 0.256188 0.347098 0.291506 0.379514 0.331145 0.458396 0.466457 0.474265 0.524258 0.624784 0.500082 0.398618
BD_Bspro
 1.65667 1.12653 0.520656 0.293481 0.341806 0.446148 0.661482 0.302352 0.262111 0.125289 0.0577115 0.277078 0.189549 0.0671157 0.071535 0.0871431 0.747992 0.527162 0.942504 0.440326 0.87162 0.659135 0.925097 0.666888 0.984815 0.788042 0.639531 0.672973 1.10418 0.653203 0.302118
BD_Bo
 1.04416 0.710022 0.328157 0.184974 0.215432 0.281196 0.416916 0.190565 0.165202 0.0789669 0.0363742 0.174635 0.119468 0.0423014 0.0450868 0.0549242 0.471441 0.332257 0.594037 0.277527 0.549361 0.415437 0.583066 0.420323 0.620705 0.496683 0.403081 0.424158 0.695938 0.411698 0.190418
BD_Brms
 1.89847 1.29095 0.596649 0.336316 0.391695 0.511266 0.758029 0.346482 0.300368 0.143576 0.0661348 0.317519 0.217214 0.0769116 0.081976 0.0998622 0.857166 0.604105 1.08007 0.504594 0.998838 0.755339 1.06012 0.764224 1.12855 0.903061 0.732874 0.771197 1.26534 0.748541 0.346214
Sel_flota
 0.685839 0.976459 0.998733 0.999933 0.999996
 0.685839 0.976459 0.998733 0.999933 0.999996
 0.685839 0.976459 0.998733 0.999933 0.999996
 0.685839 0.976459 0.998733 0.999933 0.999996
 0.685839 0.976459 0.998733 0.999933 0.999996
 0.685839 0.976459 0.998733 0.999933 0.999996
 0.685839 0.976459 0.998733 0.999933 0.999996
 0.685839 0.976459 0.998733 0.999933 0.999996
 0.685839 0.976459 0.998733 0.999933 0.999996
 0.685839 0.976459 0.998733 0.999933 0.999996
 0.685839 0.976459 0.998733 0.999933 0.999996
 0.685839 0.976459 0.998733 0.999933 0.999996
 0.685839 0.976459 0.998733 0.999933 0.999996
 0.685839 0.976459 0.998733 0.999933 0.999996
 0.685839 0.976459 0.998733 0.999933 0.999996
 0.685839 0.976459 0.998733 0.999933 0.999996
 0.685839 0.976459 0.998733 0.999933 0.999996
 0.685839 0.976459 0.998733 0.999933 0.999996
 0.685839 0.976459 0.998733 0.999933 0.999996
 0.685839 0.976459 0.998733 0.999933 0.999996
 0.685839 0.976459 0.998733 0.999933 0.999996
 0.685839 0.976459 0.998733 0.999933 0.999996
 0.685839 0.976459 0.998733 0.999933 0.999996
 0.685839 0.976459 0.998733 0.999933 0.999996
 0.685839 0.976459 0.998733 0.999933 0.999996
 0.685839 0.976459 0.998733 0.999933 0.999996
 0.685839 0.976459 0.998733 0.999933 0.999996
 0.685839 0.976459 0.998733 0.999933 0.999996
 0.685839 0.976459 0.998733 0.999933 0.999996
 0.685839 0.976459 0.998733 0.999933 0.999996
 0.685839 0.976459 0.998733 0.999933 0.999996
Sel_reclas
 1 1 1 1 1
 1 1 1 1 1
 1 1 1 1 1
 1 1 1 1 1
 1 1 1 1 1
 1 1 1 1 1
 1 1 1 1 1
 1 1 1 1 1
 1 1 1 1 1
 1 1 1 1 1
 1 1 1 1 1
 1 1 1 1 1
 1 1 1 1 1
 1 1 1 1 1
 1 1 1 1 1
 1 1 1 1 1
 1 1 1 1 1
 1 1 1 1 1
 1 1 1 1 1
 1 1 1 1 1
 1 1 1 1 1
 1 1 1 1 1
 1 1 1 1 1
 1 1 1 1 1
 1 1 1 1 1
 1 1 1 1 1
 1 1 1 1 1
 1 1 1 1 1
 1 1 1 1 1
 1 1 1 1 1
 1 1 1 1 1
Sel_pelaces
 0.784217 0.94816 0.989253 0.997846 0.999571
 0.784217 0.94816 0.989253 0.997846 0.999571
 0.784217 0.94816 0.989253 0.997846 0.999571
 0.784217 0.94816 0.989253 0.997846 0.999571
 0.784217 0.94816 0.989253 0.997846 0.999571
 0.784217 0.94816 0.989253 0.997846 0.999571
 0.784217 0.94816 0.989253 0.997846 0.999571
 0.784217 0.94816 0.989253 0.997846 0.999571
 0.784217 0.94816 0.989253 0.997846 0.999571
 0.784217 0.94816 0.989253 0.997846 0.999571
 0.784217 0.94816 0.989253 0.997846 0.999571
 0.784217 0.94816 0.989253 0.997846 0.999571
 0.784217 0.94816 0.989253 0.997846 0.999571
 0.784217 0.94816 0.989253 0.997846 0.999571
 0.784217 0.94816 0.989253 0.997846 0.999571
 0.784217 0.94816 0.989253 0.997846 0.999571
 0.784217 0.94816 0.989253 0.997846 0.999571
 0.784217 0.94816 0.989253 0.997846 0.999571
 0.784217 0.94816 0.989253 0.997846 0.999571
 0.784217 0.94816 0.989253 0.997846 0.999571
 0.784217 0.94816 0.989253 0.997846 0.999571
 0.784217 0.94816 0.989253 0.997846 0.999571
 0.784217 0.94816 0.989253 0.997846 0.999571
 0.784217 0.94816 0.989253 0.997846 0.999571
 0.784217 0.94816 0.989253 0.997846 0.999571
 0.784217 0.94816 0.989253 0.997846 0.999571
 0.784217 0.94816 0.989253 0.997846 0.999571
 0.784217 0.94816 0.989253 0.997846 0.999571
 0.784217 0.94816 0.989253 0.997846 0.999571
 0.784217 0.94816 0.989253 0.997846 0.999571
 0.784217 0.94816 0.989253 0.997846 0.999571
pf_obs 
 0.8446 0.082 0.0669 0.0065 0
 0.8095 0.147 0.0364 0.0071 0
 0.9664 0.0169 0.016 0.0007 0
 0.9276 0.0648 0.0075 0.0001 0
 0.7033 0.2144 0.0806 0.0017 0
 0.9318 0.0425 0.0243 0.0014 0
 0.5671 0.3108 0.0964 0.0239 0.0018
 0.0768 0.2599 0.5324 0.112 0.0189
 0.490249 0.384438 0.106611 0.0170017 0.00170017
 0.7925 0.1577 0.0466 0.003 0.0002
 0.840416 0.127587 0.0312969 0.00059994 9.999e-05
 0.8084 0.0986 0.0794 0.0134 0.0002
 0.7335 0.1905 0.0724 0.0035 0.0001
 0.4001 0.4547 0.1325 0.0127 0
 0.49795 0.308269 0.164784 0.0264974 0.00249975
 0.9179 0.0499 0.0305 0.0017 0
 0.2467 0.6533 0.0926 0.0074 0
 0.9418 0.0223 0.034 0.0019 0
 0.707729 0.231977 0.0356964 0.0245975 0
 0.517169 0.277429 0.184464 0.0207286 0.00020938
 0.811772 0.124168 0.05621 0.00726502 0.000585176
 0.764997 0.148141 0.077277 0.00933861 0.000247198
 0.163321 0.427699 0.378323 0.0303852 0.000271297
 0.753843 0.0900009 0.118128 0.0371064 0.000921714
 0.721811 0.176058 0.0630433 0.0369309 0.00215725
 0.143369 0.312575 0.442814 0.0836902 0.0175525
 0.692698 0.0596174 0.167031 0.0765114 0.00414204
 0.394062 0.376323 0.152708 0.0712218 0.00568511
 0.125707 0.32114 0.495352 0.0537591 0.00404204
 0.23352 0.215282 0.420074 0.123614 0.00750983
 0 0 0 0 0
pf_pred 
 0.559968 0.15144 0.26764 0.020951 8.69039e-07
 0.485124 0.338131 0.061868 0.106547 0.00832941
 0.635138 0.217695 0.0976645 0.0173459 0.0321564
 0.768755 0.169387 0.0373572 0.0162685 0.0082323
 0.696452 0.256404 0.0348434 0.00743385 0.00486671
 0.78554 0.165387 0.0416134 0.00551471 0.00194416
 0.466481 0.452459 0.0629079 0.0153963 0.00275554
 0.478408 0.312684 0.178163 0.023871 0.00687414
 0.573578 0.244525 0.110115 0.0612291 0.0105522
 0.790784 0.14504 0.0373537 0.0162494 0.0105728
 0.928468 0.0628476 0.00610512 0.00150281 0.00107644
 0.680796 0.303191 0.0141119 0.0013376 0.000564346
 0.663706 0.262874 0.0698598 0.00313802 0.000422114
 0.889144 0.0875683 0.0183805 0.00467027 0.000237426
 0.824957 0.16523 0.00783673 0.00156074 0.000415548
 0.975732 0.0218255 0.00231179 0.000104798 2.63634e-05
 0.270568 0.718235 0.0101013 0.00103667 5.87157e-05
 0.908224 0.0332091 0.0576934 0.000788645 8.53898e-05
 0.58272 0.392322 0.00920421 0.0155189 0.000234729
 0.840847 0.112305 0.0441462 0.000997697 0.00170421
 0.608915 0.350009 0.0292565 0.0111391 0.00068055
 0.874721 0.0893647 0.0322496 0.00261164 0.00105331
 0.280391 0.661417 0.0418983 0.0146337 0.00166007
 0.773054 0.0844771 0.131245 0.00808443 0.00313921
 0.662796 0.282955 0.0205421 0.0310548 0.00265177
 0.473277 0.394251 0.111662 0.00788717 0.0129226
 0.745948 0.145646 0.0816786 0.0225336 0.00419334
 0.735722 0.216059 0.0279713 0.0152611 0.00498636
 0.36111 0.514529 0.102159 0.0128866 0.00931505
 0.442019 0.254897 0.245326 0.0474589 0.0102994
 0.892278 0.0596151 0.0223279 0.020873 0.00490651
pobs_RECLAS
 0 0 0 0 0
 0 0 0 0 0
 0 0 0 0 0
 0 0 0 0 0
 0 0 0 0 0
 0 0 0 0 0
 0 0 0 0 0
 0 0 0 0 0
 0 0 0 0 0
 0 0 0 0 0
 0.991045 0.00858322 0.000360255 1.14367e-05 0
 0.934742 0.0480273 0.0164251 0.00080598 0
 0.827803 0.169806 0.00239088 0 0
 0.941827 0.0461693 0.0120037 0 0
 0.791401 0.0380133 0.147996 0.0225897 0
 0.846168 0.0940531 0.0597789 0 0
 0.134021 0.677848 0.182769 0.00536245 0
 0.80878 0.0450904 0.141981 0.00414843 0
 0.846168 0.0940531 0.0597789 0 0
 0.905697 0.0802665 0.012482 0.00150086 5.37128e-05
 0.989698 0.0102097 9.19794e-05 0 0
 0.975433 0.0193895 0.00387452 0.00125025 5.28907e-05
 0.303575 0.632131 0.0575291 0.00676475 0
 0.966965 0.00978017 0.0227588 0.000495775 0
 0.843318 0.132988 0.00938335 0.0141283 0.000182051
 0.564624 0.303363 0.111486 0.0197234 0.00080311
 0.826376 0.0876187 0.0782897 0.00655872 0.00115652
 0.89761 0.0855135 0.0140674 0.00269457 0.000114338
 0.34875 0.467042 0.161289 0.0227151 0.000203297
 0.318654 0.224769 0.449479 0.00709798 0
 0.937255 0.0296025 0.0250945 0.00804832 0
ppred_RECLAS
 0.649987 0.122314 0.211187 0.0165114 6.84839e-07
 0.579944 0.278222 0.0496895 0.0854633 0.00668072
 0.718574 0.169576 0.0742603 0.0131722 0.0244173
 0.831049 0.124602 0.0267977 0.0116543 0.005897
 0.767637 0.196985 0.026156 0.00557351 0.00364856
 0.841664 0.122768 0.0301677 0.00399286 0.00140755
 0.566746 0.368901 0.049958 0.0122097 0.00218506
 0.569954 0.260191 0.144883 0.0193883 0.0055829
 0.667259 0.192915 0.0846923 0.0470289 0.0081044
 0.854541 0.101756 0.0254542 0.0110557 0.00719293
 0.949086 0.0448589 0.00425852 0.00104698 0.000749885
 0.759613 0.228621 0.0103708 0.000981651 0.000414137
 0.752934 0.194334 0.0501788 0.0022505 0.000302704
 0.927669 0.0575177 0.011696 0.00296678 0.000150811
 0.87901 0.114393 0.00527024 0.00104797 0.000279001
 0.983307 0.0150497 0.00155521 7.0408e-05 1.77109e-05
 0.349396 0.640851 0.00880035 0.000902001 5.1085e-05
 0.935898 0.0235547 0.0399429 0.0005453 5.90377e-05
 0.675909 0.305198 0.00697384 0.0117418 0.000177586
 0.886153 0.0809191 0.0310309 0.000700367 0.00119625
 0.695226 0.273474 0.0223019 0.00848005 0.000518058
 0.911623 0.0634929 0.0223474 0.00180733 0.000728873
 0.360765 0.588678 0.0364142 0.0127021 0.00144086
 0.83301 0.0630881 0.0957263 0.00588913 0.00228661
 0.740152 0.218895 0.0155198 0.0234327 0.00200079
 0.565317 0.327279 0.0905504 0.00638796 0.0104656
 0.810694 0.109637 0.060046 0.0165447 0.00307864
 0.80081 0.16355 0.0206849 0.0112716 0.00368261
 0.449431 0.445419 0.0863976 0.0108849 0.00786762
 0.537969 0.213856 0.200931 0.0388207 0.00842415
 0.923128 0.042994 0.0157342 0.0146908 0.00345307
pobs_PELACES
 0 0 0 0 0
 0 0 0 0 0
 0 0 0 0 0
 0 0 0 0 0
 0 0 0 0 0
 0 0 0 0 0
 0 0 0 0 0
 0 0 0 0 0
 0 0 0 0 0
 0 0 0 0 0
 0 0 0 0 0
 0 0 0 0 0
 0 0 0 0 0
 0 0 0 0 0
 0 0 0 0 0
 0 0 0 0 0
 0.505614 0.472636 0.0217494 0 0
 0 0 0 0 0
 0.443492 0.261883 0.143347 0.151278 0
 0.227955 0.32914 0.350689 0.0885471 0.00366901
 0.970185 0.0296113 0.000203453 0 0
 0.997202 0.00247181 0.000326279 0 0
 0.445219 0.490057 0.0546422 0.010081 0
 0.90214 0.0892962 0.00764917 0.000914606 0
 0 0 0 0 0
 0.581667 0.319106 0.0959925 0.00289975 0.000334073
 0.762889 0.0836404 0.116647 0.0363945 0.000428098
 0.88444 0.0763242 0.0277011 0.0115352 0
 0.521256 0.241999 0.230069 0.00667565 0
 0.616807 0.101726 0.260614 0.0208532 0
 0 0 0 0 0
ppred_PELACES
 0.60651 0.133886 0.240629 0.0189743 7.88348e-07
 0.543317 0.297988 0.0552885 0.0958971 0.0075092
 0.687011 0.185479 0.0843861 0.0150948 0.0280295
 0.813183 0.136319 0.0304054 0.0133339 0.00675839
 0.735745 0.222536 0.0307693 0.00661281 0.00433637
 0.819473 0.138682 0.035443 0.00473103 0.00167064
 0.543585 0.386485 0.0541843 0.0133521 0.00239358
 0.523548 0.283435 0.164423 0.0221924 0.00640137
 0.63956 0.205508 0.0935252 0.0523667 0.00903968
 0.847908 0.105278 0.0271666 0.0118947 0.00775192
 0.939938 0.0526392 0.00520562 0.00129083 0.00092614
 0.740595 0.246259 0.0115748 0.00110472 0.000466854
 0.742846 0.200881 0.0535265 0.00242007 0.000326064
 0.926907 0.0577639 0.0120829 0.00308916 0.000157297
 0.874178 0.118745 0.00564391 0.00113134 0.000301707
 0.981114 0.0169629 0.0018194 8.30605e-05 2.09294e-05
 0.31764 0.671723 0.00958911 0.000991188 5.62326e-05
 0.92572 0.0266374 0.0469267 0.000646058 7.00666e-05
 0.655958 0.323221 0.00764546 0.012979 0.000196632
 0.872208 0.0898343 0.0357519 0.000813696 0.0013922
 0.667817 0.296834 0.0251255 0.00963396 0.000589561
 0.900957 0.0703966 0.0257033 0.00209614 0.000846795
 0.327319 0.617414 0.0397101 0.0139696 0.00158735
 0.807295 0.0709983 0.11205 0.00695212 0.00270399
 0.709133 0.243275 0.017939 0.0273159 0.00233636
 0.523974 0.354705 0.10213 0.00726643 0.0119253
 0.783954 0.122937 0.0700238 0.0194581 0.00362701
 0.772976 0.184925 0.0243427 0.0133783 0.00437843
 0.40861 0.474585 0.0958153 0.0121747 0.00881503
 0.498321 0.227218 0.221841 0.0432236 0.0093957
 0.908938 0.0499117 0.0190207 0.0179118 0.00421743
pobs_pel_tallas
 0 0 0 0 0 0 0 0 0 0 0 0 0 0 0 0 0 0 0 0 0 0 0 0 0 0
 0 0 0 0 0 0 0 0 0 0 0 0 0 0 0 0 0 0 0 0 0 0 0 0 0 0
 0 0 0 0 0 0 0 0 0 0 0 0 0 0 0 0 0 0 0 0 0 0 0 0 0 0
 0 0 0 0 0 0 0 0 0 0 0 0 0 0 0 0 0 0 0 0 0 0 0 0 0 0
 0 0 0 0 0 0 0 0 0 0 0 0 0 0 0 0 0 0 0 0 0 0 0 0 0 0
 0 0 0 0 0 0 0 0 0 0 0 0 0 0 0 0 0 0 0 0 0 0 0 0 0 0
 0 0 0 0 0 0 0 0 0 0 0 0 0 0 0 0 0 0 0 0 0 0 0 0 0 0
 0 0 0 0 0 0 0 0 0 0 0 0 0 0 0 0 0 0 0 0 0 0 0 0 0 0
 0 0 0 0 0 0 0 0 0 0 0 0 0 0 0 0 0 0 0 0 0 0 0 0 0 0
 0 0 0 0 0 0 0 0 0 0 0 0 0 0 0 0 0 0 0 0 0 0 0 0 0 0
 0 0 0 0 0 0 0 0 0 0 0 0 0 0 0 0 0 0 0 0 0 0 0 0 0 0
 0 0 0 0 0 0 0 0 0 0 0 0 0 0 0 0 0 0 0 0 0 0 0 0 0 0
 0.00862536 0 0 0.000197151 0.00414017 0.0128641 0.00837892 0.0270097 0.101434 0.158115 0.152841 0.127902 0.109271 0.109419 0.0830992 0.0579132 0.0238553 0.00714673 0.00463305 0.00128148 0.00103504 0.000492878 0.000147863 0.000147863 4.92878e-05 0
 0 0 0 0 0 0 0 0 0 0 0 0 0 0 0 0 0 0 0 0 0 0 0 0 0 0
 0 0 0 0 0 0 0 0.0054083 0.00873648 0.0413646 0.0450493 0.0745869 0.0622846 0.0627006 0.0613931 0.0827291 0.12552 0.122667 0.0946155 0.0697135 0.0546179 0.0294188 0.0215738 0.0213955 0.0102223 0.00600262
 0 0 0 0 0.00359764 0.0251062 0.0480494 0.140153 0.205849 0.193036 0.1447 0.116669 0.0760912 0.0342217 0.00950174 0.001854 0.000860785 0 0 0 0.000165536 0 0.000143464 0 0 0
 0 0 0 0 0 0 0 0.000145254 0.000435761 0.0275982 0.070085 0.0708112 0.156366 0.174668 0.174014 0.160142 0.0824315 0.0480064 0.0283245 0.00493863 0.00203355 0 0 0 0 0
 0 0 0 0 0 0 0 0 0 0 0 0 0 0 0 0 0 0 0 0 0 0 0 0 0 0
 0 0 1.00437e-05 0.000401748 0.00122533 0.00171747 0.00176769 0.0269171 0.070346 0.194647 0.189555 0.159765 0.064822 0.0314167 0.0384472 0.0292271 0.0345202 0.0313363 0.0194345 0.0106764 0.0143323 0.0359363 0.0279516 0.0138201 0.00172751 0
 0 0.0021121 0.0136068 0.0755702 0.200478 0.177729 0.0527432 0.0373336 0.0318909 0.0142505 0.0149659 0.0166563 0.0217959 0.0798694 0.0677717 0.0528807 0.04013 0.0224614 0.0357745 0.0225083 0.00881397 0.00855152 0.00135912 0.000746735 0 0
 0 0 0 0 5.4009e-05 0.00500934 0.000945158 0.0243581 0.138947 0.33067 0.221406 0.137944 0.0707744 0.0437923 0.0131692 0.00525238 0.0047753 0.00276346 9.45158e-05 9.00151e-06 2.25038e-05 9.00151e-06 4.50075e-06 0 0 0
 0.000866109 0.00284123 0.00948549 0.0512746 0.133035 0.25785 0.225252 0.132002 0.0553304 0.0519788 0.0540692 0.017754 0.00435017 0.00159236 0.00146478 0.000404838 0.000125132 0.000115318 0.000107957 0.000100596 0 0 0 0 0 0
 0 0 0 0 0.00144013 0.00171154 0.00461396 0.0210425 0.0478622 0.0707936 0.0888783 0.103762 0.0637923 0.0337046 0.0602308 0.124433 0.169614 0.0934646 0.0462172 0.0250306 0.0313229 0.00938855 0.002487 0.000210481 0 0
 0 0.00764035 0.051015 0.0998891 0.058973 0.0496711 0.0374665 0.0718981 0.12319 0.153886 0.159021 0.0857701 0.0377988 0.023471 0.0147837 0.00900784 0.00315554 0.000888139 0.00291439 0.00214683 0.00393193 0.00274676 0.000635225 9.99891e-05 0 0
 0 0 0 0 0 0 0 0 0 0 0 0 0 0 0 0 0 0 0 0 0 0 0 0 0 0
 0 0 0 0 0 0 0 0 0 0 0 0 0 0 0 0 0 0 0 0 0 0 0 0 0 0
 0 0 0 0 0 0 0 0 0 0 0 0 0 0 0 0 0 0 0 0 0 0 0 0 0 0
 0 0 0 0 0 0 0 0 0 0 0 0 0 0 0 0 0 0 0 0 0 0 0 0 0 0
 0 0 0 0 0 0 0 0 0 0 0 0 0 0 0 0 0 0 0 0 0 0 0 0 0 0
 0 0 0 0 0 0 0 0 0 0 0 0 0 0 0 0 0 0 0 0 0 0 0 0 0 0
 0 0 0 0 0 0 0 0 0 0 0 0 0 0 0 0 0 0 0 0 0 0 0 0 0 0
ppred_pel_tallas
 1.08882e-16 4.99574e-05 0.000485604 0.00322701 0.0146695 0.0456424 0.0972465 0.141937 0.14195 0.0973114 0.0458614 0.0153064 0.00484225 0.00406673 0.00701213 0.0119323 0.0181574 0.0248556 0.0311374 0.0364738 0.0407934 0.0441131 0.0460877 0.0459871 0.0431766 0.0376772
 1.1256e-16 4.47524e-05 0.000435009 0.00289079 0.0131411 0.0408871 0.0871153 0.127153 0.127182 0.0872559 0.0413594 0.0145061 0.00632011 0.00793165 0.0143144 0.0236831 0.0343361 0.0436864 0.0491659 0.0496926 0.0463434 0.0415894 0.0376947 0.0355227 0.0344722 0.0332763
 1.0874e-16 5.65882e-05 0.000550058 0.00365533 0.0166166 0.0517005 0.110154 0.160777 0.160795 0.110242 0.0519959 0.017471 0.00580479 0.00525855 0.00904682 0.0149933 0.0218924 0.0281673 0.032247 0.0334206 0.0322259 0.0299895 0.0279037 0.026388 0.0251216 0.0235272
 1.03394e-16 6.69808e-05 0.000651078 0.00432664 0.0196683 0.0611954 0.130384 0.190302 0.190315 0.130448 0.0614114 0.0202925 0.0058946 0.00407764 0.00658569 0.010811 0.0156383 0.0198192 0.0221325 0.0220263 0.0199394 0.0169807 0.01423 0.0122105 0.0108424 0.00975112
 1.02342e-16 6.06024e-05 0.000589077 0.00391462 0.0177953 0.055368 0.117968 0.172182 0.172204 0.118073 0.0557199 0.0188117 0.00646576 0.00615811 0.0106369 0.0174881 0.0251843 0.0316659 0.0348746 0.0338613 0.0293451 0.0232175 0.0174051 0.0129763 0.0100081 0.00802658
 1.01816e-16 6.7499e-05 0.000656114 0.00436011 0.0198204 0.0616688 0.131392 0.191774 0.191787 0.131458 0.0618886 0.0204556 0.00595574 0.00414328 0.00670157 0.0110016 0.0159097 0.0201477 0.0224544 0.0222383 0.0199078 0.016558 0.0132805 0.010646 0.00866156 0.00706544
 1.03407e-16 4.47745e-05 0.000435224 0.00289222 0.0131476 0.0409073 0.0871587 0.127219 0.127256 0.0873408 0.0415185 0.0149128 0.00732301 0.0101075 0.0184138 0.0303695 0.0437406 0.0549966 0.0605627 0.0587827 0.0508943 0.0401694 0.0299444 0.0220761 0.0167152 0.0130718
 1.08127e-16 4.31241e-05 0.000419181 0.00278561 0.012663 0.0393994 0.0839456 0.122527 0.122554 0.0840801 0.0398517 0.013972 0.00608083 0.00764414 0.0138568 0.0230803 0.0338038 0.0436766 0.0502903 0.0524761 0.0508807 0.0472856 0.0432828 0.0394226 0.0353636 0.030615
 1.09533e-16 5.26798e-05 0.000512066 0.00340286 0.0154689 0.0481297 0.102546 0.149673 0.149693 0.102644 0.0484571 0.0164162 0.00578656 0.00573543 0.0100314 0.0166563 0.0243592 0.0314249 0.0361429 0.0377506 0.0368477 0.0348658 0.0330358 0.0316933 0.0303567 0.0283178
 1.03316e-16 6.98411e-05 0.00067888 0.0045114 0.0205082 0.0638086 0.135951 0.198427 0.198437 0.136001 0.0639756 0.0209907 0.00572392 0.00332984 0.00511647 0.00838007 0.012142 0.0154352 0.017328 0.0174036 0.0160012 0.0139633 0.0120953 0.0107632 0.0098673 0.00909061
 1.0045e-16 7.74215e-05 0.000752564 0.00500105 0.0227341 0.0707342 0.150707 0.219962 0.219967 0.150732 0.0708173 0.0229742 0.00560374 0.00206767 0.00257339 0.00412751 0.00592827 0.00743387 0.00814991 0.00785071 0.00671056 0.00518713 0.00375046 0.00266725 0.00196384 0.0015274
 1.00587e-16 6.10019e-05 0.00059296 0.00394043 0.0179126 0.055733 0.118746 0.173318 0.173342 0.118862 0.0561216 0.0190345 0.0067547 0.00673021 0.0116981 0.0191936 0.0275275 0.0343719 0.0373978 0.0355301 0.0295966 0.0217952 0.014422 0.00883834 0.00526347 0.00321733
 1.01894e-16 6.11873e-05 0.000594762 0.00395241 0.0179671 0.0559023 0.119107 0.173844 0.173863 0.119201 0.0562208 0.0188873 0.00626394 0.00564654 0.00967189 0.0159351 0.023046 0.0291783 0.0324987 0.0321367 0.0286662 0.0236583 0.0186911 0.0146094 0.0114647 0.00893283
 1.007e-16 7.63481e-05 0.000742131 0.00493172 0.0224189 0.0697535 0.148617 0.216913 0.216918 0.148645 0.069845 0.0226832 0.00559545 0.0021921 0.0028331 0.00457069 0.00659511 0.00833144 0.00924873 0.0091014 0.00806634 0.00661226 0.00520869 0.00410444 0.00330464 0.00269198
 1.00358e-16 7.20049e-05 0.000699913 0.00465117 0.0211435 0.0657855 0.140163 0.204575 0.204586 0.140219 0.0659729 0.0216846 0.00600829 0.00365953 0.00568406 0.00925983 0.0132778 0.0165825 0.0180495 0.0171619 0.0143198 0.0105828 0.00705625 0.00439264 0.0026925 0.00171939
 1.00069e-16 8.0813e-05 0.000785531 0.00522013 0.02373 0.0738327 0.157309 0.229597 0.229598 0.157317 0.0738595 0.0238074 0.00541435 0.00120932 0.000885113 0.00133385 0.00190995 0.00239369 0.00262151 0.00251916 0.00214125 0.00163401 0.00114884 0.000773544 0.000520537 0.000358617
 1.00558e-16 2.61638e-05 0.000254321 0.00169006 0.00768279 0.0239044 0.0509332 0.074352 0.0744166 0.0512488 0.0249636 0.0107405 0.0093585 0.0169717 0.0317083 0.0522022 0.0747818 0.0931658 0.100972 0.0952591 0.0783309 0.0562904 0.0355515 0.0199707 0.010227 0.00499776
 1.01438e-16 7.62503e-05 0.00074118 0.0049254 0.0223902 0.0696641 0.148427 0.216634 0.216637 0.14844 0.0697076 0.0225167 0.00524614 0.00145182 0.00145644 0.00236644 0.00358527 0.00488869 0.00608862 0.00707305 0.00782507 0.00835273 0.00860158 0.00844894 0.00779418 0.00666224
 1.01639e-16 5.40305e-05 0.000525195 0.00349011 0.0158655 0.0493638 0.105176 0.153514 0.153545 0.105328 0.0498737 0.0173376 0.00718227 0.00857599 0.015317 0.0251664 0.0360849 0.0450393 0.0489839 0.0465305 0.0388012 0.0287189 0.0193175 0.0123659 0.00808719 0.00575671
 1.01372e-16 7.18426e-05 0.000698336 0.00464069 0.0210959 0.0656372 0.139847 0.204113 0.204122 0.13989 0.06578 0.0215088 0.00567866 0.00296969 0.00440145 0.00720392 0.0104655 0.0133561 0.0150722 0.0152276 0.0140536 0.0121958 0.0102826 0.00862024 0.00719476 0.00587303
 1.01867e-16 5.50072e-05 0.00053469 0.0035532 0.0161524 0.0502562 0.107077 0.156288 0.156317 0.107217 0.050725 0.0175062 0.00695021 0.00794615 0.0141183 0.0232208 0.0333691 0.0418033 0.045749 0.0439289 0.0373281 0.0285403 0.0202383 0.0139519 0.00985301 0.00732145
 1.01114e-16 7.42107e-05 0.000721354 0.00479365 0.0217912 0.0678007 0.144457 0.21084 0.210847 0.14449 0.0679125 0.0221145 0.00560633 0.00249927 0.00346193 0.00563473 0.00817675 0.0104207 0.0117349 0.0118187 0.0108608 0.00937831 0.00787526 0.00659787 0.00553181 0.00456009
 1.02974e-16 2.69609e-05 0.00026207 0.00174155 0.00791687 0.0246326 0.0524846 0.0766153 0.0766748 0.052775 0.0256074 0.0107312 0.0088023 0.0156634 0.0292406 0.0482029 0.0692129 0.0865694 0.0944782 0.0902695 0.076013 0.057167 0.0393891 0.0259669 0.0173347 0.0122217
 1.04407e-16 6.64958e-05 0.000646363 0.00429531 0.0195259 0.0607523 0.129439 0.188922 0.188929 0.129474 0.0608679 0.0198618 0.00514617 0.00252909 0.00371609 0.0062307 0.00941639 0.0127708 0.0157956 0.0182088 0.0200105 0.0212928 0.021983 0.0217939 0.0204355 0.0178907
 1.03715e-16 5.84104e-05 0.00056777 0.00377303 0.0171517 0.0533654 0.113701 0.165955 0.165979 0.113816 0.0537497 0.0182615 0.00655807 0.00664508 0.0115935 0.0190576 0.027413 0.0344098 0.037809 0.0366086 0.0316589 0.0251035 0.0191007 0.0148072 0.0122124 0.0106436
 1.05785e-16 4.31591e-05 0.000419522 0.00278787 0.0126733 0.0394315 0.0840142 0.122628 0.122663 0.0841817 0.0399941 0.0142992 0.00687306 0.00935022 0.0170413 0.028201 0.0408446 0.0518286 0.0579561 0.0577225 0.0521564 0.044015 0.0360263 0.029586 0.0246691 0.0205943
 1.04618e-16 6.45733e-05 0.000627675 0.00417112 0.0189613 0.0589958 0.125697 0.183461 0.183473 0.125756 0.059192 0.0195292 0.00560089 0.00376305 0.00606095 0.0100273 0.0146954 0.0190205 0.0219732 0.0230689 0.0226093 0.021376 0.0200429 0.0187993 0.017421 0.0156127
 1.02833e-16 6.3669e-05 0.000618886 0.00411271 0.0186958 0.0581697 0.123937 0.180894 0.180912 0.124024 0.0584621 0.0195405 0.00623301 0.00524779 0.00885579 0.0145428 0.0209522 0.0263708 0.0291017 0.0283744 0.0248042 0.0199712 0.0154641 0.0121321 0.00997797 0.00854077
 1.056e-16 3.36568e-05 0.000327156 0.00217407 0.00988302 0.03075 0.0655178 0.0956347 0.0956805 0.0657415 0.0315014 0.0120538 0.00762523 0.012234 0.022667 0.0374721 0.0540973 0.0682781 0.075671 0.074249 0.0654706 0.0532172 0.0414025 0.0321408 0.0255341 0.0206434
 1.12385e-16 4.10461e-05 0.000398983 0.00265138 0.0120528 0.0375009 0.0799004 0.116622 0.116644 0.0800091 0.0378666 0.0131131 0.0053277 0.0062908 0.0113758 0.019121 0.028428 0.0376076 0.0449154 0.0494846 0.0516743 0.0524693 0.0524864 0.0514871 0.0487417 0.0437907
 1.03072e-16 7.48681e-05 0.000727744 0.00483612 0.0219843 0.0684013 0.145736 0.212707 0.212712 0.14576 0.0684807 0.0222141 0.00541432 0.00199439 0.00249375 0.00403994 0.00589898 0.00760693 0.00875231 0.00916503 0.00901292 0.00866635 0.00843529 0.00838798 0.00836494 0.00813149
pSPR Fmed_Fpbrs
0.404016   0.6 0.325
Fs Fmed_Fpbrs
0.578736   0.30169 0.747819
SSBpbr Bo_Bmed_Bpbrs
1.21479e+06  430057  668137 334068
Ro
107526
SPR SPRFo_SPRFmed_SPRFpbrs
765655 309337 248838
Fref
0.30169
Nvult_r0
 144529 7220.44 2656.29 2480.84 583.129
CTP_r0
 22032.3 1472.03 551.326 515.401 121.153
YTP_r0
219262
Np
 134015 64123.1 2874.82 1049.01 1256.45
Nvult_p0
 93928.7 46552.7 2092.36 763.597 914.602
CTP_p0
 16103 10593.2 484.47 176.968 211.975
YTP_p0
 310794
CBA_c0
246721
log_Ro
11.4055
likeval ReclasPelacesDesembMPH_pf_preclas_ppelaces_ptallas_desvR_qrecl_qpela
 22.8929 30.6497 0.0334413 83.9414 244.88 120.387 88.6477 0 26.7272 2.80569e-05 6.79971e-05 0.0847787 7.1781e-16 0 0
q_reclas_q_pelaces
2.11825 3.2322
M
1
N
 156562 30841.5 53438 4178.76 0.173324
 88867.4 46406.1 8342 14352.8 1121.99
 85381.3 21909.5 9656.33 1713.42 3176.23
 125314 21153.3 4590.87 1997.55 1010.77
 98791.7 26347.5 3508.81 747.802 489.535
 195135 30297.7 7480.77 990.378 349.13
 70412.8 53455.5 7325.02 1791.38 320.596
 26656 12530.8 6993.26 935.951 269.511
 25997.9 8539.28 3785.69 2103.27 362.462
 35147.2 5237.44 1332.85 579.444 377.009
 92054 4486.27 426.889 104.966 75.1811
 84941.8 29307.2 1343.44 127.235 53.6794
 51141.2 16398.4 4305.22 193.261 25.9958
 82359.4 6755.96 1403.59 356.443 18.1202
 49719 8084.41 378.871 75.4068 20.0765
 376870 6393.37 665.913 30.1602 7.58688
 43274 85294.9 1177.77 120.753 6.83898
 413779 11334.6 19345.8 264.201 28.6047
 193506 102055 2359.91 3975.93 60.1348
 337139 34202.3 13222.1 298.553 509.949
 173178 75473.7 6203.44 2359.79 144.166
 503430 39273.7 13943.7 1128.22 455.006
 62085.6 108437 6742.72 2352.68 266.878
 205800 16569.1 25259.1 1554.35 603.525
 180151 56729.5 4041.57 6103.77 521.174
 80924.5 49282.9 13688.5 965.867 1582.43
 162701 23442 12901.2 3555.63 661.643
 207181 44390.3 5634.89 3071.18 1003.41
 58503.1 60786.8 11833.6 1491.15 1077.82
 39993.8 17219.2 16277.8 3145.98 682.695
 208652 10095.3 3705.29 3460.13 813.309
pred_Ctot
 19568.8 5292.26 9353 732.16 0.0303697
 19138.5 13339.5 2440.74 4203.35 328.601
 18197.4 6237.21 2798.2 496.979 921.317
 35504.3 7822.97 1725.31 751.346 380.202
 10543.6 3881.69 527.493 112.541 73.6769
 32260.9 6792.2 1708.99 226.48 79.8436
 24350.3 23618.4 3283.79 803.688 143.839
 2201.69 1439.01 819.925 109.857 31.6356
 7802.88 3326.49 1497.99 832.952 143.551
 15766.3 2891.75 744.74 323.973 210.796
 7924.17 536.383 52.1052 12.826 9.18708
 26870.2 11966.6 556.979 52.7936 22.274
 22457.6 8894.77 2363.82 106.18 14.2829
 42275.9 4163.58 873.934 222.056 11.2888
 22202.8 4446.98 210.917 42.0055 11.184
 95332.2 2132.43 225.87 10.2391 2.57579
 8098.62 21498.2 302.353 31.0294 1.75747
 89034.3 3255.52 5655.75 77.3119 8.37086
 67380.8 45364.8 1064.3 1794.48 27.1421
 86838.3 11598.3 4559.19 103.037 176.002
 43657.7 25094.8 2097.62 798.646 48.7938
 137714 14069.4 5077.3 411.171 165.831
 11059.7 26088.9 1652.63 577.209 65.4796
 33387.4 3648.47 5668.33 349.158 135.579
 29906.9 12767.6 926.907 1401.26 119.654
 11087.8 9236.43 2616.01 184.779 302.749
 27225.2 5315.71 2981.05 822.416 153.046
 27007.9 7931.39 1026.81 560.226 183.046
 7529.07 10727.8 2129.99 268.682 194.217
 8180.35 4717.33 4540.19 878.311 190.608
 22032.3 1472.03 551.326 515.401 121.153
F
 0.216022 0.30756 0.314575 0.314954 0.314973
 0.400224 0.569816 0.582814 0.583515 0.583552
 0.395333 0.562852 0.575691 0.576383 0.57642
 0.559453 0.796517 0.814686 0.815665 0.815717
 0.181941 0.259038 0.264947 0.265265 0.265282
 0.29484 0.419777 0.429352 0.429868 0.429896
 0.726187 1.0339 1.05749 1.05876 1.05883
 0.13834 0.19696 0.201453 0.201695 0.201708
 0.602185 0.857357 0.876914 0.877968 0.878023
 1.05852 1.50706 1.54144 1.54329 1.54339
 0.144542 0.205791 0.210485 0.210738 0.210751
 0.644782 0.918004 0.938944 0.940073 0.940133
 1.02417 1.45815 1.49141 1.4932 1.4933
 1.32116 1.88099 1.92389 1.92621 1.92633
 1.05113 1.49653 1.53067 1.53251 1.53261
 0.485786 0.691635 0.707411 0.708262 0.708307
 0.339695 0.483638 0.494671 0.495265 0.495297
 0.399815 0.569233 0.582218 0.582918 0.582955
 0.733015 1.04363 1.06743 1.06871 1.06878
 0.496711 0.707188 0.72332 0.724189 0.724235
 0.483763 0.688754 0.704465 0.705312 0.705357
 0.535273 0.762091 0.779475 0.780412 0.780461
 0.320974 0.456984 0.467408 0.46797 0.468
 0.288611 0.410908 0.420281 0.420786 0.420813
 0.29622 0.421741 0.431362 0.43188 0.431907
 0.238989 0.340259 0.34802 0.348439 0.348461
 0.298895 0.42555 0.435257 0.435781 0.435808
 0.226222 0.322082 0.329429 0.329825 0.329846
 0.223052 0.317569 0.324813 0.325203 0.325224
 0.376659 0.536265 0.548498 0.549158 0.549192
 0.179861 0.256076 0.261918 0.262233 0.262249
nmprior
 8 9 7.5 0
nm_flota  nm_reclas  nm_pelaces    nm_pelaL
inf 25.2324 10.8729 17.5232
cv_recla  cv_pelaces  cv_mph
0.216394 0.54287 0.848232
 ------------------------------------------------
Talla a la edad & desviaci?n 
 8 13.2811 15.8009 17.003 17.5766
 0.8 1.32811 1.58009 1.7003 1.75766
