years
 1991 1992 1993 1994 1995 1996 1997 1998 1999 2000 2001 2002 2003 2004 2005 2006 2007 2008 2009 2010 2011 2012 2013 2014 2015 2016 2017 2018 2019 2020 2021
reclasobs
 0 0 0 0 0 0 0 0 0 252601 567819 844713 477998 351125 339783 2.1784e+06 2.13404e+06 4.81314e+06 1.55562e+06 2.62356e+06 3.21686e+06 3.843e+06 1.13348e+06 3.07943e+06 1.97215e+06 2.03268e+06 2.025e+06 2.42433e+06 2.27542e+06 1.05018e+06 2.36338e+06
reclaspred
 3.39988e+06 1.82981e+06 928887 1.00231e+06 1.0546e+06 2.00969e+06 1.07683e+06 910848 626648 403174 671421 492333 284571 815885 632145 1.62886e+06 1.39033e+06 3.9094e+06 3.28517e+06 2.02051e+06 3.05446e+06 2.2299e+06 1.51291e+06 2.71091e+06 1.84481e+06 1.68284e+06 2.16234e+06 2.62879e+06 2.11045e+06 1.24186e+06 2.03749e+06
pelacesobs
 0 0 0 0 0 0 0 0 0 0 0 0 0 0 0 552880 188675 0 991730 2.46772e+06 1.41603e+06 1.21717e+06 2.29649e+06 1.80582e+06 0 1.4828e+06 1.56532e+06 1.57751e+06 1.42118e+06 867257 0
pelacespred
 2.16875e+06 1.25019e+06 601946 478244 585574 1.09034e+06 562035 626176 385936 213463 370807 220803 109899 420303 347472 705634 719143 2.08271e+06 1.94123e+06 1.15363e+06 1.5754e+06 1.16405e+06 874896 1.59613e+06 1.13063e+06 1.04298e+06 1.41784e+06 1.70273e+06 1.3164e+06 853658 1.15872e+06
mphobs
 0 0 0 0 0 0 0 0 0 0 0 498000 6000 5000 130000 0 198000 161000 356000 580000 0 158000 88000 84000 211000 66000 0 108000 103000 446000 0
mphpred
 406202 276798 129103 72891.8 83492.4 107799 159913 79825.1 71970.3 41903.8 24702.6 62870.7 23988.1 11787.4 46005.7 43099.1 143699 122268 318087 232818 196404 203248 170510 122383 211102 155997 134640 156916 261298 169274 85806.5
desembarqueobs
 494567 514787 250237 358949 120608 361735 552515 73892 212993 205616 52469 317467 293654 387597 252695 516296 358380 742168 942051 627588 828172 859565 418607 520667 417249 300574 407403 355545 319650 289779 219260
desembarquepred
 494565 514055 250564 358981 120613 361733 552509 73897.7 213057 205665 52469.2 317917 293815 387350 252660 516189 358404 741952 941610 627368 828324 859515 418573 520684 417262 300536 407386 355493 319544 289771 219263
Reclutas
 162458 87850 87882.4 128845 104930 204391 75809.7 31077.4 30886.4 42513.1 89855.4 47826.6 62806.7 129648 57333.2 320609 65689.8 555376 340229 190197 264745 369145 70740.5 217289 157308 87316.2 177147 219107 75596.1 46733 199336
log_desv_Rt
 0.339444 -0.275343 -0.274975 0.107637 -0.0976828 0.569061 -0.422748 -1.31449 -1.32066 -1.00116 -0.252772 -0.883392 -0.610912 0.113848 -0.702094 1.01925 -0.56603 1.56867 1.07865 0.497085 0.827793 1.16022 -0.491956 0.630253 0.30723 -0.281438 0.426006 0.638588 -0.425569 -0.906523 0.544018
SSB
 1.42714e+06 972492 453585 256095 293339 378738 561831 280454 252857 147223 86789.1 220888 84278.7 41413.5 161635 151423 504867 429572 1.11756e+06 817973 690040 714084 599062 429975 741676 548075 473038 551304 918035 594722 301469
BT
 2.14257e+06 1.49552e+06 718649 738384 620115 1.37336e+06 962550 627087 553594 394454 419488 460931 380268 875114 602125 1.16253e+06 911506 2.81912e+06 2.70025e+06 1.57395e+06 2.18489e+06 1.87647e+06 1.12686e+06 2.10636e+06 1.37679e+06 1.206e+06 1.81651e+06 2.03867e+06 1.35472e+06 978666 1.34536e+06
Ftot
 0.284211 0.522558 0.515344 0.752166 0.241364 0.402828 0.932857 0.167709 0.687079 1.01231 0.190172 1.17182 1.95953 1.14104 0.869507 0.760774 0.503572 0.453852 0.590441 0.62241 0.573823 0.807817 0.53701 0.445786 0.456573 0.367307 0.425181 0.31317 0.286887 0.447151 0.256706
BD_Bspro_t
 0.955545 0.714714 0.476659 0.377187 0.383613 0.496021 0.518637 0.315947 0.368782 0.295395 0.249464 0.51933 0.212193 0.112315 0.286316 0.2681 0.432572 0.383811 0.549275 0.438407 0.354837 0.362616 0.350938 0.312672 0.466755 0.451532 0.47159 0.542154 0.644554 0.542668 0.458329
BD_Bspro
 1.7323 1.18044 0.550575 0.310856 0.356064 0.459723 0.681967 0.340424 0.306926 0.178704 0.105347 0.26812 0.1023 0.050269 0.196197 0.183801 0.612823 0.521427 1.35652 0.99288 0.837591 0.866777 0.727159 0.521917 0.900269 0.66527 0.574187 0.66919 1.11434 0.721892 0.365932
BD_Bo
 1.13954 0.776514 0.362178 0.204486 0.234225 0.302414 0.44861 0.223937 0.201901 0.117555 0.0692992 0.176374 0.0672947 0.0330678 0.129062 0.120908 0.403125 0.343004 0.892344 0.653134 0.550982 0.57018 0.478338 0.343326 0.592212 0.437626 0.37771 0.440204 0.733031 0.474873 0.240717
BD_Brms
 2.07189 1.41184 0.658505 0.371794 0.425863 0.549843 0.815654 0.407158 0.367093 0.213736 0.125999 0.32068 0.122354 0.0601232 0.234658 0.219832 0.732955 0.623643 1.62244 1.18752 1.00178 1.03669 0.869705 0.624229 1.07675 0.795683 0.686746 0.800372 1.33278 0.863405 0.437666
Sel_flota
 0.661927 1 1 1 1
 0.661927 1 1 1 1
 0.661927 1 1 1 1
 0.661927 1 1 1 1
 0.661927 1 1 1 1
 0.661927 1 1 1 1
 0.661927 1 1 1 1
 0.661927 1 1 1 1
 0.661927 1 1 1 1
 0.661927 1 1 1 1
 0.661927 1 1 1 1
 0.661927 1 1 1 1
 0.661927 1 1 1 1
 0.661927 1 1 1 1
 0.661927 1 1 1 1
 0.661927 1 1 1 1
 0.661927 1 1 1 1
 0.661927 1 1 1 1
 0.661927 1 1 1 1
 0.661927 1 1 1 1
 0.661927 1 1 1 1
 0.661927 1 1 1 1
 0.661927 1 1 1 1
 0.661927 1 1 1 1
 0.661927 1 1 1 1
 0.661927 1 1 1 1
 0.661927 1 1 1 1
 0.661927 1 1 1 1
 0.661927 1 1 1 1
 0.661927 1 1 1 1
 0.661927 1 1 1 1
Sel_reclas
 0.983909 1 1 1 1
 0.983909 1 1 1 1
 0.983909 1 1 1 1
 0.983909 1 1 1 1
 0.983909 1 1 1 1
 0.983909 1 1 1 1
 0.983909 1 1 1 1
 0.983909 1 1 1 1
 0.983909 1 1 1 1
 0.983909 1 1 1 1
 0.983909 1 1 1 1
 0.983909 1 1 1 1
 0.983909 1 1 1 1
 0.983909 1 1 1 1
 0.983909 1 1 1 1
 0.983909 1 1 1 1
 0.983909 1 1 1 1
 0.983909 1 1 1 1
 0.983909 1 1 1 1
 0.983909 1 1 1 1
 0.983909 1 1 1 1
 0.983909 1 1 1 1
 0.983909 1 1 1 1
 0.983909 1 1 1 1
 0.983909 1 1 1 1
 0.983909 1 1 1 1
 0.983909 1 1 1 1
 0.983909 1 1 1 1
 0.983909 1 1 1 1
 0.983909 1 1 1 1
 0.983909 1 1 1 1
Sel_pelaces
 0.642169 0.900315 0.978473 0.995647 0.999132
 0.642169 0.900315 0.978473 0.995647 0.999132
 0.642169 0.900315 0.978473 0.995647 0.999132
 0.642169 0.900315 0.978473 0.995647 0.999132
 0.642169 0.900315 0.978473 0.995647 0.999132
 0.642169 0.900315 0.978473 0.995647 0.999132
 0.642169 0.900315 0.978473 0.995647 0.999132
 0.642169 0.900315 0.978473 0.995647 0.999132
 0.642169 0.900315 0.978473 0.995647 0.999132
 0.642169 0.900315 0.978473 0.995647 0.999132
 0.642169 0.900315 0.978473 0.995647 0.999132
 0.642169 0.900315 0.978473 0.995647 0.999132
 0.642169 0.900315 0.978473 0.995647 0.999132
 0.642169 0.900315 0.978473 0.995647 0.999132
 0.642169 0.900315 0.978473 0.995647 0.999132
 0.642169 0.900315 0.978473 0.995647 0.999132
 0.642169 0.900315 0.978473 0.995647 0.999132
 0.642169 0.900315 0.978473 0.995647 0.999132
 0.642169 0.900315 0.978473 0.995647 0.999132
 0.642169 0.900315 0.978473 0.995647 0.999132
 0.642169 0.900315 0.978473 0.995647 0.999132
 0.642169 0.900315 0.978473 0.995647 0.999132
 0.642169 0.900315 0.978473 0.995647 0.999132
 0.642169 0.900315 0.978473 0.995647 0.999132
 0.642169 0.900315 0.978473 0.995647 0.999132
 0.642169 0.900315 0.978473 0.995647 0.999132
 0.642169 0.900315 0.978473 0.995647 0.999132
 0.642169 0.900315 0.978473 0.995647 0.999132
 0.642169 0.900315 0.978473 0.995647 0.999132
 0.642169 0.900315 0.978473 0.995647 0.999132
 0.642169 0.900315 0.978473 0.995647 0.999132
pf_obs 
 0.8446 0.082 0.0669 0.0065 0
 0.8095 0.147 0.0364 0.0071 0
 0.9664 0.0169 0.016 0.0007 0
 0.9276 0.0648 0.0075 0.0001 0
 0.7033 0.2144 0.0806 0.0017 0
 0.9318 0.0425 0.0243 0.0014 0
 0.5671 0.3108 0.0964 0.0239 0.0018
 0.0768 0.2599 0.5324 0.112 0.0189
 0.490249 0.384438 0.106611 0.0170017 0.00170017
 0.7925 0.1577 0.0466 0.003 0.0002
 0.840416 0.127587 0.0312969 0.00059994 9.999e-05
 0.8084 0.0986 0.0794 0.0134 0.0002
 0.7335 0.1905 0.0724 0.0035 0.0001
 0.4001 0.4547 0.1325 0.0127 0
 0.49795 0.308269 0.164784 0.0264974 0.00249975
 0.9179 0.0499 0.0305 0.0017 0
 0.2467 0.6533 0.0926 0.0074 0
 0.9418 0.0223 0.034 0.0019 0
 0.707729 0.231977 0.0356964 0.0245975 0
 0.517169 0.277429 0.184464 0.0207286 0.00020938
 0.811772 0.124168 0.05621 0.00726502 0.000585176
 0.764997 0.148141 0.077277 0.00933861 0.000247198
 0.163321 0.427699 0.378323 0.0303852 0.000271297
 0.753843 0.0900009 0.118128 0.0371064 0.000921714
 0.721811 0.176058 0.0630433 0.0369309 0.00215725
 0.143369 0.312575 0.442814 0.0836902 0.0175525
 0.692698 0.0596174 0.167031 0.0765114 0.00414204
 0.394062 0.376323 0.152708 0.0712218 0.00568511
 0.125707 0.32114 0.495352 0.0537591 0.00404204
 0.23352 0.215282 0.420074 0.123614 0.00750983
 0 0 0 0 0
pf_pred 
 0.535005 0.148694 0.294058 0.0222422 8.92108e-07
 0.4489 0.357149 0.0620208 0.122653 0.00927769
 0.611408 0.224764 0.106171 0.0184371 0.0392195
 0.747379 0.183332 0.0400773 0.0189312 0.0102807
 0.676624 0.271601 0.0375741 0.00821389 0.00598699
 0.769223 0.177345 0.0448775 0.0062085 0.00234646
 0.452066 0.46325 0.0650771 0.0164679 0.00313926
 0.458123 0.327314 0.181402 0.0254832 0.00767788
 0.553674 0.254019 0.116161 0.0643776 0.0117685
 0.750947 0.170421 0.0447523 0.0204648 0.0134152
 0.866435 0.113573 0.0136798 0.0035923 0.00271957
 0.531409 0.426685 0.0356337 0.00429205 0.00198036
 0.812204 0.129484 0.0530977 0.00443434 0.000780554
 0.934077 0.0601244 0.00399807 0.0016395 0.000161021
 0.645157 0.342408 0.0113409 0.000754134 0.000339622
 0.937938 0.0476702 0.0138877 0.000459976 4.43615e-05
 0.385747 0.592197 0.0169412 0.00493546 0.000179233
 0.920384 0.0408423 0.0373816 0.00106939 0.000322857
 0.604167 0.37622 0.0100614 0.00920887 0.000342977
 0.537888 0.334088 0.121681 0.00325417 0.00308935
 0.73092 0.179514 0.0647522 0.0235839 0.00122949
 0.769267 0.18973 0.0273553 0.00986724 0.00378118
 0.350947 0.556167 0.0763796 0.0110124 0.00549445
 0.799694 0.0956313 0.0896944 0.0123179 0.0026621
 0.617419 0.332327 0.0239925 0.022503 0.00375827
 0.508185 0.358148 0.11611 0.00838259 0.00917527
 0.755423 0.153418 0.0663831 0.0215211 0.00325437
 0.71996 0.234082 0.0288283 0.0124738 0.00465546
 0.390051 0.491276 0.0991974 0.0122166 0.00725889
 0.419173 0.293863 0.231131 0.0466695 0.00916265
 0.853335 0.0798703 0.0337942 0.0265801 0.00642069
pobs_RECLAS
 0 0 0 0 0
 0 0 0 0 0
 0 0 0 0 0
 0 0 0 0 0
 0 0 0 0 0
 0 0 0 0 0
 0 0 0 0 0
 0 0 0 0 0
 0 0 0 0 0
 0 0 0 0 0
 0.991045 0.00858322 0.000360255 1.14367e-05 0
 0.934742 0.0480273 0.0164251 0.00080598 0
 0.827803 0.169806 0.00239088 0 0
 0.941827 0.0461693 0.0120037 0 0
 0.791401 0.0380133 0.147996 0.0225897 0
 0.846168 0.0940531 0.0597789 0 0
 0.134021 0.677848 0.182769 0.00536245 0
 0.80878 0.0450904 0.141981 0.00414843 0
 0.846168 0.0940531 0.0597789 0 0
 0.905697 0.0802665 0.012482 0.00150086 5.37128e-05
 0.989698 0.0102097 9.19794e-05 0 0
 0.975433 0.0193895 0.00387452 0.00125025 5.28907e-05
 0.303575 0.632131 0.0575291 0.00676475 0
 0.966965 0.00978017 0.0227588 0.000495775 0
 0.843318 0.132988 0.00938335 0.0141283 0.000182051
 0.564624 0.303363 0.111486 0.0197234 0.00080311
 0.826376 0.0876187 0.0782897 0.00655872 0.00115652
 0.89761 0.0855135 0.0140674 0.00269457 0.000114338
 0.34875 0.467042 0.161289 0.0227151 0.000203297
 0.318654 0.224769 0.449479 0.00709798 0
 0.937255 0.0296025 0.0250945 0.00804832 0
ppred_RECLAS
 0.633272 0.11727 0.231915 0.0175418 7.03578e-07
 0.552724 0.289864 0.0503364 0.0995457 0.00752982
 0.704678 0.170816 0.0806877 0.0140118 0.029806
 0.819662 0.130875 0.0286099 0.0135143 0.00733901
 0.758167 0.203114 0.0280994 0.00614268 0.00447731
 0.834107 0.127483 0.0322599 0.00446294 0.00168674
 0.561785 0.370488 0.0520459 0.0131704 0.00251065
 0.558172 0.266881 0.147909 0.0207781 0.00626028
 0.655008 0.196347 0.0897875 0.0497613 0.0090966
 0.824884 0.119828 0.0314666 0.0143894 0.00943259
 0.906552 0.0794606 0.00957098 0.00251333 0.00190273
 0.641857 0.326114 0.0272347 0.0032804 0.00151358
 0.879886 0.0828177 0.0339613 0.0028362 0.000499242
 0.957156 0.039075 0.00259836 0.00106552 0.000104648
 0.737774 0.253037 0.00838086 0.000557299 0.000250978
 0.958729 0.0317007 0.00923531 0.000305884 2.95004e-05
 0.48766 0.493943 0.0141304 0.0041166 0.000149496
 0.945886 0.02776 0.0254078 0.000726851 0.000219442
 0.69913 0.285962 0.00764763 0.00699961 0.000260695
 0.639652 0.260517 0.0948848 0.00253755 0.00240903
 0.805138 0.130001 0.0468922 0.017079 0.00089037
 0.837115 0.133939 0.0193113 0.00696572 0.0026693
 0.450822 0.470585 0.0646264 0.00931784 0.00464897
 0.857839 0.0678714 0.0636578 0.00874226 0.00188934
 0.709342 0.252479 0.0182278 0.0170962 0.00285527
 0.608797 0.28488 0.0923568 0.00666774 0.00729826
 0.823445 0.11075 0.0479207 0.0155356 0.00234927
 0.794371 0.171883 0.0211682 0.00915932 0.00341843
 0.489762 0.410965 0.0829811 0.0102195 0.00607224
 0.521729 0.241976 0.190321 0.0384292 0.00754482
 0.897149 0.0560099 0.0236986 0.0186396 0.00450258
pobs_PELACES
 0 0 0 0 0
 0 0 0 0 0
 0 0 0 0 0
 0 0 0 0 0
 0 0 0 0 0
 0 0 0 0 0
 0 0 0 0 0
 0 0 0 0 0
 0 0 0 0 0
 0 0 0 0 0
 0 0 0 0 0
 0 0 0 0 0
 0 0 0 0 0
 0 0 0 0 0
 0 0 0 0 0
 0 0 0 0 0
 0.505614 0.472636 0.0217494 0 0
 0 0 0 0 0
 0.443492 0.261883 0.143347 0.151278 0
 0.227955 0.32914 0.350689 0.0885471 0.00366901
 0.970185 0.0296113 0.000203453 0 0
 0.997202 0.00247181 0.000326279 0 0
 0.445219 0.490057 0.0546422 0.010081 0
 0.90214 0.0892962 0.00764917 0.000914606 0
 0 0 0 0 0
 0.581667 0.319106 0.0959925 0.00289975 0.000334073
 0.762889 0.0836404 0.116647 0.0363945 0.000428098
 0.88444 0.0763242 0.0277011 0.0115352 0
 0.521256 0.241999 0.230069 0.00667565 0
 0.616807 0.101726 0.260614 0.0208532 0
 0 0 0 0 0
ppred_PELACES
 0.549359 0.135951 0.292199 0.0224895 9.05183e-07
 0.478447 0.326513 0.0616229 0.124005 0.00941281
 0.637944 0.201396 0.103391 0.0182696 0.0389991
 0.777381 0.157438 0.0374046 0.0179788 0.00979764
 0.697033 0.250746 0.0377004 0.00838616 0.00613395
 0.788792 0.158992 0.0437261 0.00615538 0.00233453
 0.504197 0.413338 0.0631063 0.0162495 0.00310847
 0.473976 0.306817 0.184803 0.0264168 0.00798701
 0.58811 0.22524 0.111942 0.0631283 0.0115806
 0.787729 0.140992 0.0402384 0.0187236 0.0123167
 0.876307 0.103729 0.0135788 0.00362835 0.00275648
 0.594956 0.365881 0.0332083 0.00407013 0.00188453
 0.865432 0.0903 0.0402441 0.0034199 0.000604093
 0.948039 0.0470064 0.00339712 0.00141752 0.000139706
 0.691399 0.296865 0.0106861 0.000723062 0.000326768
 0.947278 0.0396908 0.0125669 0.000423535 4.099e-05
 0.421131 0.556261 0.0172946 0.00512685 0.000186835
 0.927456 0.0356931 0.0355047 0.00103352 0.000313122
 0.641666 0.338963 0.00985201 0.00917548 0.000342929
 0.573849 0.300769 0.119055 0.00323984 0.00308652
 0.755997 0.15794 0.0619159 0.0229467 0.00120046
 0.800415 0.161434 0.0252962 0.00928468 0.00357039
 0.38415 0.520973 0.0777574 0.0114078 0.00571166
 0.814533 0.0845845 0.0862204 0.0120487 0.00261303
 0.647664 0.302202 0.0237116 0.0226299 0.00379269
 0.534323 0.331053 0.116643 0.00856889 0.00941201
 0.774144 0.136971 0.0644116 0.0212484 0.00322439
 0.740657 0.213478 0.0285731 0.0125804 0.00471168
 0.413864 0.463956 0.101814 0.0127589 0.00760764
 0.443091 0.269685 0.230528 0.0473648 0.00933169
 0.861744 0.0721176 0.0331629 0.0265413 0.00643378
pobs_pel_tallas
 0 0 0 0 0 0 0 0 0 0 0 0 0 0 0 0 0 0 0 0 0 0 0 0 0 0
 0 0 0 0 0 0 0 0 0 0 0 0 0 0 0 0 0 0 0 0 0 0 0 0 0 0
 0 0 0 0 0 0 0 0 0 0 0 0 0 0 0 0 0 0 0 0 0 0 0 0 0 0
 0 0 0 0 0 0 0 0 0 0 0 0 0 0 0 0 0 0 0 0 0 0 0 0 0 0
 0 0 0 0 0 0 0 0 0 0 0 0 0 0 0 0 0 0 0 0 0 0 0 0 0 0
 0 0 0 0 0 0 0 0 0 0 0 0 0 0 0 0 0 0 0 0 0 0 0 0 0 0
 0 0 0 0 0 0 0 0 0 0 0 0 0 0 0 0 0 0 0 0 0 0 0 0 0 0
 0 0 0 0 0 0 0 0 0 0 0 0 0 0 0 0 0 0 0 0 0 0 0 0 0 0
 0 0 0 0 0 0 0 0 0 0 0 0 0 0 0 0 0 0 0 0 0 0 0 0 0 0
 0 0 0 0 0 0 0 0 0 0 0 0 0 0 0 0 0 0 0 0 0 0 0 0 0 0
 0 0 0 0 0 0 0 0 0 0 0 0 0 0 0 0 0 0 0 0 0 0 0 0 0 0
 0 0 0 0 0 0 0 0 0 0 0 0 0 0 0 0 0 0 0 0 0 0 0 0 0 0
 0.00862536 0 0 0.000197151 0.00414017 0.0128641 0.00837892 0.0270097 0.101434 0.158115 0.152841 0.127902 0.109271 0.109419 0.0830992 0.0579132 0.0238553 0.00714673 0.00463305 0.00128148 0.00103504 0.000492878 0.000147863 0.000147863 4.92878e-05 0
 0 0 0 0 0 0 0 0 0 0 0 0 0 0 0 0 0 0 0 0 0 0 0 0 0 0
 0 0 0 0 0 0 0 0.0054083 0.00873648 0.0413646 0.0450493 0.0745869 0.0622846 0.0627006 0.0613931 0.0827291 0.12552 0.122667 0.0946155 0.0697135 0.0546179 0.0294188 0.0215738 0.0213955 0.0102223 0.00600262
 0 0 0 0 0.00359764 0.0251062 0.0480494 0.140153 0.205849 0.193036 0.1447 0.116669 0.0760912 0.0342217 0.00950174 0.001854 0.000860785 0 0 0 0.000165536 0 0.000143464 0 0 0
 0 0 0 0 0 0 0 0.000145254 0.000435761 0.0275982 0.070085 0.0708112 0.156366 0.174668 0.174014 0.160142 0.0824315 0.0480064 0.0283245 0.00493863 0.00203355 0 0 0 0 0
 0 0 0 0 0 0 0 0 0 0 0 0 0 0 0 0 0 0 0 0 0 0 0 0 0 0
 0 0 1.00437e-05 0.000401748 0.00122533 0.00171747 0.00176769 0.0269171 0.070346 0.194647 0.189555 0.159765 0.064822 0.0314167 0.0384472 0.0292271 0.0345202 0.0313363 0.0194345 0.0106764 0.0143323 0.0359363 0.0279516 0.0138201 0.00172751 0
 0 0.0021121 0.0136068 0.0755702 0.200478 0.177729 0.0527432 0.0373336 0.0318909 0.0142505 0.0149659 0.0166563 0.0217959 0.0798694 0.0677717 0.0528807 0.04013 0.0224614 0.0357745 0.0225083 0.00881397 0.00855152 0.00135912 0.000746735 0 0
 0 0 0 0 5.4009e-05 0.00500934 0.000945158 0.0243581 0.138947 0.33067 0.221406 0.137944 0.0707744 0.0437923 0.0131692 0.00525238 0.0047753 0.00276346 9.45158e-05 9.00151e-06 2.25038e-05 9.00151e-06 4.50075e-06 0 0 0
 0.000866109 0.00284123 0.00948549 0.0512746 0.133035 0.25785 0.225252 0.132002 0.0553304 0.0519788 0.0540692 0.017754 0.00435017 0.00159236 0.00146478 0.000404838 0.000125132 0.000115318 0.000107957 0.000100596 0 0 0 0 0 0
 0 0 0 0 0.00144013 0.00171154 0.00461396 0.0210425 0.0478622 0.0707936 0.0888783 0.103762 0.0637923 0.0337046 0.0602308 0.124433 0.169614 0.0934646 0.0462172 0.0250306 0.0313229 0.00938855 0.002487 0.000210481 0 0
 0 0.00764035 0.051015 0.0998891 0.058973 0.0496711 0.0374665 0.0718981 0.12319 0.153886 0.159021 0.0857701 0.0377988 0.023471 0.0147837 0.00900784 0.00315554 0.000888139 0.00291439 0.00214683 0.00393193 0.00274676 0.000635225 9.99891e-05 0 0
 0 0 0 0 0 0 0 0 0 0 0 0 0 0 0 0 0 0 0 0 0 0 0 0 0 0
 0 0 0 0 0 0 0 0 0 0 0 0 0 0 0 0 0 0 0 0 0 0 0 0 0 0
 0 0 0 0 0 0 0 0 0 0 0 0 0 0 0 0 0 0 0 0 0 0 0 0 0 0
 0 0 0 0 0 0 0 0 0 0 0 0 0 0 0 0 0 0 0 0 0 0 0 0 0 0
 0 0 0 0 0 0 0 0 0 0 0 0 0 0 0 0 0 0 0 0 0 0 0 0 0 0
 0 0 0 0 0 0 0 0 0 0 0 0 0 0 0 0 0 0 0 0 0 0 0 0 0 0
 0 0 0 0 0 0 0 0 0 0 0 0 0 0 0 0 0 0 0 0 0 0 0 0 0 0
ppred_pel_tallas
 1.10723e-16 4.525e-05 0.000439846 0.00292293 0.0132872 0.0413416 0.0880832 0.128563 0.128576 0.0881495 0.0415655 0.0139394 0.00458044 0.00412598 0.00724415 0.0124205 0.0190868 0.0264935 0.0338141 0.0405216 0.0464364 0.0513352 0.0545432 0.0550215 0.0519755 0.0454874
 1.15891e-16 3.94091e-05 0.00038307 0.00254564 0.0115721 0.0360053 0.0767143 0.111973 0.112005 0.0768685 0.0365231 0.0130684 0.00630542 0.00860396 0.0156934 0.0259963 0.037732 0.0481018 0.054331 0.0552769 0.0521512 0.0476595 0.0442275 0.0426871 0.0422264 0.0413092
 1.11468e-16 5.25466e-05 0.000510772 0.00339426 0.0154298 0.048008 0.102287 0.149295 0.149314 0.102382 0.0483292 0.016359 0.00573302 0.00563734 0.00985115 0.0163675 0.0239633 0.0309659 0.0357056 0.0374344 0.0367333 0.0349994 0.0334445 0.0324184 0.0314727 0.0299115
 1.04581e-16 6.40318e-05 0.000622412 0.00413615 0.0188023 0.0585012 0.124643 0.181924 0.181939 0.124718 0.0587507 0.0195236 0.00594818 0.00458324 0.00760174 0.0125071 0.0181101 0.0229894 0.0257468 0.0257552 0.0235252 0.0203296 0.017394 0.0152887 0.0138833 0.0127126
 1.03032e-16 5.74138e-05 0.000558082 0.00370865 0.016859 0.0524548 0.111761 0.163124 0.163148 0.111879 0.0528514 0.0180046 0.00658442 0.00683665 0.0119837 0.0197266 0.0284254 0.0357761 0.0394686 0.0384383 0.0334932 0.0267517 0.020362 0.0155014 0.0122334 0.0100116
 1.02315e-16 6.49718e-05 0.000631549 0.00419687 0.0190783 0.0593599 0.126473 0.184594 0.18461 0.126548 0.059612 0.019807 0.00602738 0.00463284 0.00767959 0.0126332 0.0182855 0.0231879 0.025902 0.0257524 0.0232022 0.0194922 0.0158516 0.0129112 0.0106629 0.00880283
 1.04083e-16 4.15301e-05 0.000403688 0.00268265 0.012195 0.0379433 0.0808436 0.118002 0.118042 0.0810383 0.038597 0.0140834 0.00742335 0.010754 0.0197024 0.032516 0.0468593 0.058974 0.0650494 0.0633201 0.0551023 0.0438705 0.0331536 0.0248948 0.0192235 0.0152844
 1.09413e-16 3.90408e-05 0.000379491 0.00252185 0.011464 0.0356689 0.0759974 0.110927 0.110956 0.0761431 0.0361587 0.0128818 0.00609162 0.00820829 0.0150128 0.0250324 0.0366976 0.0474863 0.054808 0.0574058 0.0559698 0.0523968 0.0483587 0.0443947 0.0400929 0.0349068
 1.11579e-16 4.84418e-05 0.000470872 0.00312911 0.0142245 0.0442578 0.0942968 0.137633 0.137655 0.0944036 0.044617 0.015264 0.00574567 0.00620731 0.0110157 0.0183275 0.0268561 0.034755 0.0401776 0.0423048 0.0417851 0.0401436 0.0386524 0.0375874 0.0363417 0.0340992
 1.0516e-16 6.48843e-05 0.000630698 0.00419121 0.0190526 0.0592799 0.126303 0.184345 0.184359 0.126369 0.0595037 0.0196995 0.00581679 0.00418599 0.00683686 0.0112531 0.0163315 0.0208128 0.0234651 0.0237407 0.0220942 0.0196384 0.0174193 0.0158829 0.0148522 0.0138717
 1.01249e-16 7.21803e-05 0.000701618 0.0046625 0.021195 0.0659457 0.140505 0.205073 0.205083 0.140554 0.0661097 0.0216687 0.00585146 0.00329697 0.00500079 0.00815199 0.011734 0.0147517 0.0162443 0.0157719 0.0136743 0.0108383 0.00816566 0.00615349 0.00483084 0.00396496
 1.01779e-16 4.90058e-05 0.000476354 0.00316554 0.0143901 0.0447732 0.0953953 0.13924 0.139275 0.0955674 0.0453511 0.0160589 0.00735286 0.00961206 0.0173838 0.0286203 0.0411266 0.0515107 0.0563449 0.054041 0.0457981 0.0348035 0.024357 0.0163704 0.0111012 0.00783631
 1.0163e-16 7.12845e-05 0.000692911 0.00460464 0.020932 0.0651273 0.138761 0.202527 0.202536 0.138804 0.065271 0.0213475 0.00564972 0.00298105 0.00443644 0.00727231 0.0105868 0.0135567 0.0153843 0.0156851 0.0146841 0.0130071 0.0112507 0.00968585 0.00827251 0.00687241
 1.00276e-16 7.80887e-05 0.00075905 0.00504416 0.02293 0.0713438 0.152006 0.221858 0.221862 0.152028 0.071418 0.0231443 0.00558189 0.00193211 0.00230353 0.00367832 0.00527646 0.00660429 0.00721733 0.00691289 0.00584828 0.00443725 0.00310717 0.00210414 0.00145745 0.00106823
 1.00513e-16 5.69497e-05 0.000553571 0.00367867 0.0167227 0.0520308 0.110858 0.161807 0.161835 0.110998 0.0524992 0.0180748 0.00707005 0.00794849 0.0140762 0.0231149 0.0331374 0.0413439 0.0449215 0.0425721 0.0352996 0.0257696 0.0167732 0.00997476 0.00565317 0.00323057
 1.00423e-16 7.8026e-05 0.000758441 0.00504011 0.0229116 0.0712865 0.151884 0.221679 0.221683 0.151902 0.0713495 0.0230936 0.00549753 0.0017586 0.00198216 0.00316539 0.00457976 0.00581519 0.0065083 0.00648682 0.00585932 0.00492616 0.00398618 0.00319498 0.0025581 0.00201562
 1.01188e-16 3.46881e-05 0.000337181 0.00224069 0.0101859 0.0316923 0.0675258 0.0985671 0.0986206 0.0677872 0.0325698 0.0127192 0.00859474 0.0141919 0.0262993 0.0432974 0.0620728 0.0774363 0.0841239 0.0797102 0.066088 0.0482651 0.0314799 0.0188473 0.0108717 0.00644112
 1.01191e-16 7.63933e-05 0.00074257 0.00493464 0.0224322 0.0697948 0.148705 0.21704 0.217044 0.148722 0.0698522 0.0225986 0.00535469 0.00166694 0.00185352 0.00299936 0.00444305 0.0058557 0.00694737 0.00756689 0.00775677 0.00766592 0.00740163 0.00695793 0.00626935 0.00531765
 1.0135e-16 5.28533e-05 0.000513753 0.00341407 0.0155199 0.0482883 0.102884 0.15017 0.150202 0.103044 0.048823 0.0170637 0.00728631 0.0089573 0.0160606 0.0263944 0.0378457 0.0472342 0.0513608 0.0487608 0.0405998 0.0299334 0.0199429 0.0124964 0.00785578 0.00529572
 1.0436e-16 4.72673e-05 0.000459455 0.00305324 0.0138796 0.0431847 0.0920107 0.134298 0.134328 0.092153 0.0436628 0.0152618 0.00652815 0.00806329 0.0145409 0.0241005 0.0350272 0.0446944 0.050421 0.0509114 0.0469393 0.0406661 0.0341987 0.0285685 0.0237364 0.0192658
 1.04332e-16 6.22705e-05 0.000605291 0.00402237 0.0182851 0.0568919 0.121215 0.17692 0.176935 0.12129 0.0571431 0.0190115 0.00584886 0.00460358 0.00768833 0.0126975 0.0184871 0.0236743 0.0268869 0.0274884 0.0259203 0.0233213 0.0207475 0.0186281 0.0167868 0.0148402
 1.02307e-16 6.59291e-05 0.000640855 0.0042587 0.0193595 0.0602346 0.128337 0.187314 0.18733 0.128413 0.06049 0.0200972 0.00611087 0.00468518 0.00774991 0.0127161 0.0183319 0.0230973 0.0255313 0.024956 0.0218944 0.017705 0.013754 0.0107731 0.0087738 0.00738074
 1.04488e-16 3.1642e-05 0.000307572 0.00204393 0.00929142 0.0289093 0.0615963 0.0899121 0.0899623 0.0618416 0.0297333 0.0116712 0.00801774 0.013349 0.0248011 0.0409545 0.0589998 0.0742033 0.081747 0.0793904 0.0687862 0.0543254 0.0404907 0.0297862 0.0224365 0.0174116
 1.04161e-16 6.70921e-05 0.000652159 0.00433382 0.0197009 0.061297 0.1306 0.190616 0.190625 0.13064 0.0614332 0.0200959 0.00533098 0.00284787 0.00429255 0.00713485 0.0106086 0.0140439 0.0167845 0.0184974 0.0192988 0.0195351 0.0194223 0.0188754 0.0176493 0.015617
 1.03673e-16 5.33473e-05 0.000518555 0.00344598 0.0156649 0.0487396 0.103846 0.151572 0.151601 0.103988 0.049217 0.0170434 0.00690512 0.00806632 0.0143778 0.0236593 0.03402 0.0426689 0.0468084 0.0451721 0.0387964 0.030338 0.0224975 0.0167627 0.0131964 0.0110408
 1.05903e-16 4.40116e-05 0.000427808 0.00284294 0.0129236 0.0402103 0.0856734 0.12505 0.125082 0.0858299 0.040736 0.0144435 0.00666339 0.008785 0.0159658 0.026455 0.0384066 0.048923 0.0550518 0.0553901 0.0508466 0.0438842 0.036904 0.0310792 0.0263281 0.0220545
 1.04571e-16 6.37653e-05 0.000619821 0.00411893 0.0187241 0.0582576 0.124124 0.181166 0.181179 0.124189 0.0584758 0.0193552 0.00570699 0.00409896 0.00670787 0.0110847 0.0161881 0.0208344 0.0238549 0.0247063 0.0237538 0.0219352 0.020092 0.0185199 0.0170132 0.0152294
 1.02939e-16 6.10069e-05 0.000593009 0.00394076 0.0179141 0.0557376 0.118756 0.173332 0.173352 0.118856 0.0560752 0.0188892 0.00638833 0.00593626 0.0102095 0.016784 0.0241786 0.0304222 0.0335514 0.0326699 0.0284815 0.022807 0.0174845 0.0135087 0.0109051 0.00916678
 1.05624e-16 3.40895e-05 0.000331362 0.00220202 0.0100101 0.0311454 0.0663601 0.0968639 0.0969087 0.0665789 0.0318802 0.0121332 0.00753402 0.0119799 0.0221823 0.036684 0.0529945 0.0669584 0.0743413 0.0731617 0.0648253 0.0530836 0.041707 0.032713 0.02618 0.0212071
 1.13051e-16 3.64969e-05 0.000354762 0.00235752 0.010717 0.0333446 0.0710452 0.103698 0.103724 0.0711739 0.0337776 0.0119716 0.00552189 0.00731285 0.0133988 0.0224793 0.0332822 0.0437459 0.0517423 0.0562279 0.0576946 0.0574729 0.0565211 0.0547752 0.0514967 0.0461273
 1.04727e-16 7.09808e-05 0.000689958 0.00458502 0.0208428 0.0648498 0.13817 0.201664 0.201671 0.138204 0.0649648 0.0211756 0.00542257 0.00252618 0.00358177 0.00587186 0.00860282 0.0111455 0.0129178 0.0136766 0.013653 0.0133543 0.0131891 0.0132181 0.0131888 0.0127643
pSPR Fmed_Fpbrs
0.441554   0.6 0.325
Fs Fmed_Fpbrs
0.517783   0.303839 0.756287
SSBpbr Bo_Bmed_Bpbrs
1.25238e+06  490375  688810 344405
Ro
115697
SPR SPRFo_SPRFmed_SPRFpbrs
823838 363769 267747
Fref
0.303839
Nvult_r0
 137464 9148.32 3870.78 3044.47 735.425
CTP_r0
 19965.4 1868.72 790.681 621.891 150.224
YTP_r0
219263
Np
 137506 61872.2 3639.2 1539.8 1555.76
Nvult_p0
 96136.5 45074.7 2651.2 1121.76 1133.39
CTP_p0
 16097.4 10504 617.821 261.409 264.118
YTP_p0
 316389
CBA_c0
248401
log_Ro
11.4787
likeval ReclasPelacesDesembMPH_pf_preclas_ppelaces_ptallas_desvR_qrecl_qpela
 18.595 22.1363 0.0364513 68.719 243.181 123.395 82.0651 0 23.5429 2.04605e-05 6.69322e-05 0.106563 3.86809e-17 0 0
q_reclas_q_pelaces
1.89833 3.20252
M
1
N
 162458 31056.9 61418.3 4645.61 0.18633
 87850 49515.8 8598.68 17004.8 1286.28
 87882.4 22867.9 10802 1875.83 3990.26
 128845 22985.9 5024.83 2373.56 1288.97
 104930 28810.3 3985.7 871.296 635.075
 204391 32901.8 8325.88 1151.83 435.326
 75809.7 57592.5 8090.56 2047.34 390.282
 31077.4 15040.5 8335.6 1170.98 352.807
 30886.4 10231.5 4678.77 2593.03 474.018
 42513.1 7210.37 1893.43 865.849 567.585
 89855.4 8002.38 963.881 253.114 191.621
 47826.6 29146.1 2434.07 293.183 135.275
 62806.7 8100.48 3321.79 277.412 48.8313
 129648 6315.42 419.954 172.212 16.9135
 57333.2 22410.6 742.264 49.358 22.2283
 320609 11861.9 3455.7 114.457 11.0386
 65689.8 71282.2 2039.2 594.076 21.5741
 555376 17315.7 15848.5 453.384 136.88
 340229 151294 4046.14 3703.29 137.926
 190197 84672.5 30839.2 824.748 782.977
 264745 46343 16716.2 6088.35 317.401
 369145 66615.5 9604.64 3464.46 1327.6
 70740.5 79557.1 10925.7 1575.27 785.955
 217289 18238.9 17106.6 2349.29 507.719
 157308 59510.3 4296.37 4029.65 672.999
 87316.2 42776.4 13867.9 1001.2 1095.87
 177147 25189 10899.1 3533.43 534.318
 219107 49182.7 6057.06 2620.85 978.151
 75596.1 65514.1 13228.5 1629.14 968.009
 46733 23000.3 18090.3 3652.76 717.149
 199336 12787.5 5410.58 4255.56 1027.98
pred_Ctot
 17883.1 4970.26 9829.22 743.471 0.0298197
 16700.4 13287 2307.35 4563.05 345.157
 16506.7 6068.15 2866.39 497.763 1058.84
 33250.5 8156.34 1783.02 842.237 457.381
 9922.32 3982.87 551.002 120.452 87.7958
 30902.7 7124.63 1802.91 249.42 94.2666
 23199 23772.9 3339.61 845.096 161.1
 2082.91 1488.17 824.761 115.862 34.9083
 7401.57 3395.76 1552.85 860.606 157.323
 13846.5 3142.35 825.176 377.345 247.359
 6787.66 889.734 107.168 28.1421 21.3052
 17353.5 13933.7 1163.64 140.16 64.6698
 31898.5 5085.35 2085.36 174.154 30.6555
 46143.4 2970.15 197.505 80.9913 7.95442
 16610.7 8815.91 291.993 19.4165 8.74418
 83504.4 4244.07 1236.42 40.9515 3.9495
 12093.4 18565.7 531.116 154.729 5.61906
 93349.2 4142.4 3791.4 108.462 32.7455
 71812.5 44718.2 1195.92 1094.59 40.7669
 41973.6 26070.3 9495.24 253.936 241.075
 54539.6 13395 4831.66 1759.78 91.7415
 100896 24884.8 3587.89 1294.18 495.936
 13768.2 21819.3 2996.49 432.035 215.556
 35949.1 4298.96 4032.08 553.734 119.671
 26580.4 14306.9 1032.89 968.771 161.796
 12150.8 8563.37 2776.2 200.429 219.382
 28104.5 5707.71 2469.69 800.661 121.074
 26372.3 8574.51 1055.99 456.919 170.531
 8393.89 10572.2 2134.72 262.9 156.211
 7752.6 5434.99 4274.77 863.152 169.463
 19965.4 1868.72 790.681 621.891 150.224
F
 0.188127 0.284211 0.284211 0.284211 0.284211
 0.345895 0.522558 0.522558 0.522558 0.522558
 0.34112 0.515344 0.515344 0.515344 0.515344
 0.497879 0.752166 0.752166 0.752166 0.752166
 0.159765 0.241364 0.241364 0.241364 0.241364
 0.266642 0.402828 0.402828 0.402828 0.402828
 0.617483 0.932857 0.932857 0.932857 0.932857
 0.111011 0.167709 0.167709 0.167709 0.167709
 0.454796 0.687079 0.687079 0.687079 0.687079
 0.670074 1.01231 1.01231 1.01231 1.01231
 0.12588 0.190172 0.190172 0.190172 0.190172
 0.775658 1.17182 1.17182 1.17182 1.17182
 1.29707 1.95953 1.95953 1.95953 1.95953
 0.755288 1.14104 1.14104 1.14104 1.14104
 0.57555 0.869507 0.869507 0.869507 0.869507
 0.503577 0.760774 0.760774 0.760774 0.760774
 0.333328 0.503572 0.503572 0.503572 0.503572
 0.300417 0.453852 0.453852 0.453852 0.453852
 0.390829 0.590441 0.590441 0.590441 0.590441
 0.41199 0.62241 0.62241 0.62241 0.62241
 0.379829 0.573823 0.573823 0.573823 0.573823
 0.534715 0.807817 0.807817 0.807817 0.807817
 0.355461 0.53701 0.53701 0.53701 0.53701
 0.295077 0.445786 0.445786 0.445786 0.445786
 0.302218 0.456573 0.456573 0.456573 0.456573
 0.24313 0.367307 0.367307 0.367307 0.367307
 0.281439 0.425181 0.425181 0.425181 0.425181
 0.207296 0.31317 0.31317 0.31317 0.31317
 0.189898 0.286887 0.286887 0.286887 0.286887
 0.295981 0.447151 0.447151 0.447151 0.447151
 0.169921 0.256706 0.256706 0.256706 0.256706
nmprior
 8 9 7.5 0
nm_flota  nm_reclas  nm_pelaces    nm_pelaL
inf 13.8944 16.9755 29.908
cv_recla  cv_pelaces  cv_mph
0.390053 0.553627 0.689744
 ------------------------------------------------
Talla a la edad & desviaci?n 
 8 13.2811 15.8009 17.003 17.5766
 0.8 1.32811 1.58009 1.7003 1.75766
