years
 1991 1992 1993 1994 1995 1996 1997 1998 1999 2000 2001 2002 2003 2004 2005 2006 2007 2008 2009 2010 2011 2012 2013 2014 2015 2016 2017 2018 2019 2020 2021
reclasobs
 0 0 0 0 0 0 0 0 0 252601 567819 844713 477998 351125 339783 2.1784e+06 2.13404e+06 4.81314e+06 1.55562e+06 2.62356e+06 3.21686e+06 3.843e+06 1.13348e+06 3.07943e+06 1.97215e+06 2.03268e+06 2.025e+06 2.42433e+06 2.27542e+06 1.05018e+06 2.36338e+06
reclaspred
 3.31141e+06 1.78234e+06 903051 965658 998437 1.85092e+06 943462 772395 501163 285689 680312 586888 376043 584968 415001 1.7463e+06 1.58903e+06 3.8943e+06 2.79748e+06 2.19938e+06 3.33758e+06 2.44484e+06 1.57388e+06 2.88374e+06 1.98096e+06 1.84002e+06 2.18502e+06 2.63477e+06 2.09232e+06 1.19702e+06 2.24552e+06
pelacesobs
 0 0 0 0 0 0 0 0 0 0 0 0 0 0 0 552880 188675 0 991730 2.46772e+06 1.41603e+06 1.21717e+06 2.29649e+06 1.80582e+06 0 1.4828e+06 1.56532e+06 1.57751e+06 1.42118e+06 867257 0
pelacespred
 2.03286e+06 1.17222e+06 563831 441836 531704 956936 460851 504210 283354 130710 338971 262247 158849 269978 193699 705886 800912 2.01194e+06 1.59488e+06 1.12194e+06 1.66714e+06 1.27879e+06 906769 1.64387e+06 1.18902e+06 1.11184e+06 1.39264e+06 1.64254e+06 1.26048e+06 799030 1.20914e+06
mphobs
 0 0 0 0 0 0 0 0 0 0 0 498000 6000 5000 130000 0 198000 161000 356000 580000 0 158000 88000 84000 211000 66000 0 108000 103000 446000 0
mphpred
 379919 257162 120244 67525.5 76027.9 96332.4 136701 64127.2 56335.3 28806.4 14840.5 63105.8 32414.8 16305.8 26167.2 23435.5 153023 138055 294804 182124 213216 217926 183667 123397 216687 162320 142794 150564 248768 160146 78481.7
desembarqueobs
 494567 514787 250237 358949 120608 361735 552515 73892 212993 205616 52469 317467 293654 387597 252695 516296 358380 742168 942051 627588 828172 859565 418607 520667 417249 300574 407403 355545 319650 289779 219260
desembarquepred
 494566 514046 250568 358982 120613 361735 552520 73898.5 213072 205676 52466.8 317827 293907 387209 252586 516229 358464 742029 941530 627230 828367 859682 418633 520686 417265 300542 407396 355486 319545 289782 219262
Reclutas
 160434 88774.7 87549.9 127878 102400 194812 71758.7 28112.5 27259.2 37568.7 102857 60302.9 64792.3 100654 48413.8 374148 73800.6 540823 271569 278921 274859 391479 60429.4 235507 168225 96817.7 173812 225961 75053.1 43552.4 233750
log_desv_Rt
 0.321393 -0.270388 -0.284282 0.0945889 -0.127605 0.515543 -0.483181 -1.42027 -1.4511 -1.13032 -0.123149 -0.65711 -0.585303 -0.144801 -0.876706 1.16816 -0.455124 1.5366 0.847728 0.874439 0.859768 1.21344 -0.655015 0.705249 0.368812 -0.183661 0.401482 0.663874 -0.438295 -0.982526 0.697761
SSB
 1.46419e+06 991090 463415 260240 293007 371260 526839 247143 217113 111018 57194.4 243206 124925 62841.8 100847 90319.2 589744 532055 1.13616e+06 701897 821724 839876 707842 475567 835098 625572 550319 580264 958739 617192 302464
BT
 2.18142e+06 1.51988e+06 729739 740359 613415 1.32269e+06 912526 560366 486233 330063 429117 520281 437671 726549 468449 1.24084e+06 1.0428e+06 2.8858e+06 2.48166e+06 1.65652e+06 2.39065e+06 2.08129e+06 1.20554e+06 2.29062e+06 1.5165e+06 1.3537e+06 1.88718e+06 2.11492e+06 1.4009e+06 990549 1.51333e+06
Ftot
 0.279414 0.516929 0.509703 0.750977 0.246123 0.42007 1.02197 0.190896 0.817065 1.34287 0.186654 0.99294 1.47235 1.43768 1.25861 0.70579 0.430731 0.430855 0.652938 0.585392 0.503403 0.71252 0.491161 0.403325 0.412391 0.32534 0.399554 0.301196 0.280632 0.443633 0.227086
BD_Bspro_t
 0.956503 0.718736 0.48265 0.381854 0.38405 0.491544 0.502386 0.290038 0.334346 0.240684 0.181033 0.547307 0.279362 0.154888 0.201842 0.186137 0.470134 0.427778 0.548838 0.40742 0.398171 0.401192 0.388166 0.334484 0.497795 0.485848 0.509252 0.555973 0.655393 0.552445 0.462101
BD_Bspro
 1.7675 1.1964 0.559413 0.314149 0.353704 0.448167 0.635975 0.298339 0.262089 0.134016 0.0690423 0.293587 0.150803 0.0758596 0.121738 0.109029 0.711911 0.642272 1.37151 0.847297 0.991947 1.01386 0.854474 0.574082 1.00809 0.755162 0.664319 0.700468 1.15734 0.745046 0.365121
BD_Bo
 1.13092 0.765505 0.357936 0.201006 0.226315 0.286756 0.406924 0.19089 0.167696 0.0857493 0.0441762 0.18785 0.0964904 0.0485382 0.0778929 0.0697614 0.455511 0.410953 0.877553 0.542137 0.63469 0.648709 0.546728 0.367322 0.64502 0.483184 0.425059 0.448189 0.740518 0.476712 0.23362
BD_Brms
 2.05622 1.39183 0.650793 0.365465 0.411482 0.521375 0.739861 0.347073 0.304901 0.155908 0.0803204 0.341545 0.175437 0.0882513 0.141624 0.126839 0.828201 0.747187 1.59555 0.985703 1.15398 1.17947 0.994052 0.667858 1.17276 0.878517 0.772835 0.814889 1.3464 0.866749 0.424763
Sel_flota
 0.66907 0.974628 0.998632 0.999928 0.999996
 0.66907 0.974628 0.998632 0.999928 0.999996
 0.66907 0.974628 0.998632 0.999928 0.999996
 0.66907 0.974628 0.998632 0.999928 0.999996
 0.66907 0.974628 0.998632 0.999928 0.999996
 0.66907 0.974628 0.998632 0.999928 0.999996
 0.66907 0.974628 0.998632 0.999928 0.999996
 0.66907 0.974628 0.998632 0.999928 0.999996
 0.66907 0.974628 0.998632 0.999928 0.999996
 0.66907 0.974628 0.998632 0.999928 0.999996
 0.66907 0.974628 0.998632 0.999928 0.999996
 0.66907 0.974628 0.998632 0.999928 0.999996
 0.66907 0.974628 0.998632 0.999928 0.999996
 0.66907 0.974628 0.998632 0.999928 0.999996
 0.66907 0.974628 0.998632 0.999928 0.999996
 0.66907 0.974628 0.998632 0.999928 0.999996
 0.66907 0.974628 0.998632 0.999928 0.999996
 0.66907 0.974628 0.998632 0.999928 0.999996
 0.66907 0.974628 0.998632 0.999928 0.999996
 0.66907 0.974628 0.998632 0.999928 0.999996
 0.66907 0.974628 0.998632 0.999928 0.999996
 0.66907 0.974628 0.998632 0.999928 0.999996
 0.66907 0.974628 0.998632 0.999928 0.999996
 0.66907 0.974628 0.998632 0.999928 0.999996
 0.66907 0.974628 0.998632 0.999928 0.999996
 0.66907 0.974628 0.998632 0.999928 0.999996
 0.66907 0.974628 0.998632 0.999928 0.999996
 0.66907 0.974628 0.998632 0.999928 0.999996
 0.66907 0.974628 0.998632 0.999928 0.999996
 0.66907 0.974628 0.998632 0.999928 0.999996
 0.66907 0.974628 0.998632 0.999928 0.999996
Sel_reclas
 1 1 1 1 1
 1 1 1 1 1
 1 1 1 1 1
 1 1 1 1 1
 1 1 1 1 1
 1 1 1 1 1
 1 1 1 1 1
 1 1 1 1 1
 1 1 1 1 1
 1 1 1 1 1
 1 1 1 1 1
 1 1 1 1 1
 1 1 1 1 1
 1 1 1 1 1
 1 1 1 1 1
 1 1 1 1 1
 1 1 1 1 1
 1 1 1 1 1
 1 1 1 1 1
 1 1 1 1 1
 1 1 1 1 1
 1 1 1 1 1
 1 1 1 1 1
 1 1 1 1 1
 1 1 1 1 1
 1 1 1 1 1
 1 1 1 1 1
 1 1 1 1 1
 1 1 1 1 1
 1 1 1 1 1
 1 1 1 1 1
Sel_pelaces
 0.648962 0.902948 0.979089 0.995774 0.999157
 0.648962 0.902948 0.979089 0.995774 0.999157
 0.648962 0.902948 0.979089 0.995774 0.999157
 0.648962 0.902948 0.979089 0.995774 0.999157
 0.648962 0.902948 0.979089 0.995774 0.999157
 0.648962 0.902948 0.979089 0.995774 0.999157
 0.648962 0.902948 0.979089 0.995774 0.999157
 0.648962 0.902948 0.979089 0.995774 0.999157
 0.648962 0.902948 0.979089 0.995774 0.999157
 0.648962 0.902948 0.979089 0.995774 0.999157
 0.648962 0.902948 0.979089 0.995774 0.999157
 0.648962 0.902948 0.979089 0.995774 0.999157
 0.648962 0.902948 0.979089 0.995774 0.999157
 0.648962 0.902948 0.979089 0.995774 0.999157
 0.648962 0.902948 0.979089 0.995774 0.999157
 0.648962 0.902948 0.979089 0.995774 0.999157
 0.648962 0.902948 0.979089 0.995774 0.999157
 0.648962 0.902948 0.979089 0.995774 0.999157
 0.648962 0.902948 0.979089 0.995774 0.999157
 0.648962 0.902948 0.979089 0.995774 0.999157
 0.648962 0.902948 0.979089 0.995774 0.999157
 0.648962 0.902948 0.979089 0.995774 0.999157
 0.648962 0.902948 0.979089 0.995774 0.999157
 0.648962 0.902948 0.979089 0.995774 0.999157
 0.648962 0.902948 0.979089 0.995774 0.999157
 0.648962 0.902948 0.979089 0.995774 0.999157
 0.648962 0.902948 0.979089 0.995774 0.999157
 0.648962 0.902948 0.979089 0.995774 0.999157
 0.648962 0.902948 0.979089 0.995774 0.999157
 0.648962 0.902948 0.979089 0.995774 0.999157
 0.648962 0.902948 0.979089 0.995774 0.999157
pf_obs 
 0.8446 0.082 0.0669 0.0065 0
 0.8095 0.147 0.0364 0.0071 0
 0.9664 0.0169 0.016 0.0007 0
 0.9276 0.0648 0.0075 0.0001 0
 0.7033 0.2144 0.0806 0.0017 0
 0.9318 0.0425 0.0243 0.0014 0
 0.5671 0.3108 0.0964 0.0239 0.0018
 0.0768 0.2599 0.5324 0.112 0.0189
 0.490249 0.384438 0.106611 0.0170017 0.00170017
 0.7925 0.1577 0.0466 0.003 0.0002
 0.840416 0.127587 0.0312969 0.00059994 9.999e-05
 0.8084 0.0986 0.0794 0.0134 0.0002
 0.7335 0.1905 0.0724 0.0035 0.0001
 0.4001 0.4547 0.1325 0.0127 0
 0.49795 0.308269 0.164784 0.0264974 0.00249975
 0.9179 0.0499 0.0305 0.0017 0
 0.2467 0.6533 0.0926 0.0074 0
 0.9418 0.0223 0.034 0.0019 0
 0.707729 0.231977 0.0356964 0.0245975 0
 0.517169 0.277429 0.184464 0.0207286 0.00020938
 0.811772 0.124168 0.05621 0.00726502 0.000585176
 0.764997 0.148141 0.077277 0.00933861 0.000247198
 0.163321 0.427699 0.378323 0.0303852 0.000271297
 0.753843 0.0900009 0.118128 0.0371064 0.000921714
 0.721811 0.176058 0.0630433 0.0369309 0.00215725
 0.143369 0.312575 0.442814 0.0836902 0.0175525
 0.692698 0.0596174 0.167031 0.0765114 0.00414204
 0.394062 0.376323 0.152708 0.0712218 0.00568511
 0.125707 0.32114 0.495352 0.0537591 0.00404204
 0.23352 0.215282 0.420074 0.123614 0.00750983
 0 0 0 0 0
pf_pred 
 0.529633 0.149134 0.29888 0.0223513 8.92386e-07
 0.45575 0.344508 0.0645228 0.125824 0.00939618
 0.612133 0.22165 0.10645 0.0193285 0.0404392
 0.749222 0.179508 0.0412775 0.0192192 0.0107724
 0.679384 0.266893 0.0388402 0.00862692 0.00625633
 0.769989 0.174953 0.046039 0.0065228 0.00249583
 0.460548 0.452813 0.0663684 0.0169542 0.00331583
 0.470656 0.317335 0.179081 0.0252373 0.00769155
 0.562712 0.249749 0.113611 0.0624592 0.0114686
 0.77809 0.152549 0.040241 0.0176548 0.0114657
 0.917779 0.0714734 0.00749373 0.00188981 0.00136419
 0.565725 0.409613 0.0215127 0.00219732 0.000952778
 0.758541 0.167876 0.0695573 0.00351254 0.000513241
 0.885471 0.0986082 0.0112295 0.00443529 0.000256038
 0.715137 0.267047 0.0154401 0.00167729 0.000698937
 0.967584 0.0266676 0.00540333 0.000299053 4.59147e-05
 0.378478 0.609106 0.010275 0.0020123 0.000128237
 0.903075 0.0470238 0.0489328 0.000801369 0.000166679
 0.557839 0.413921 0.0139107 0.0140518 0.000277544
 0.680837 0.214388 0.0982936 0.00319547 0.00328578
 0.691035 0.239366 0.0472424 0.0209761 0.00138067
 0.758931 0.187985 0.0414149 0.0079254 0.00374436
 0.291937 0.593714 0.0898408 0.0191284 0.00537993
 0.806571 0.0760765 0.0988865 0.0145135 0.0039527
 0.613982 0.334745 0.0205271 0.0259147 0.0048317
 0.51137 0.347352 0.122999 0.00732492 0.0109542
 0.728828 0.166813 0.0747862 0.0257516 0.0038211
 0.726206 0.220874 0.0329227 0.0143372 0.00566048
 0.385851 0.49175 0.0992732 0.0143952 0.00873077
 0.401485 0.291484 0.247181 0.0485555 0.0112943
 0.876729 0.0632609 0.0296757 0.0244287 0.00590541
pobs_RECLAS
 0 0 0 0 0
 0 0 0 0 0
 0 0 0 0 0
 0 0 0 0 0
 0 0 0 0 0
 0 0 0 0 0
 0 0 0 0 0
 0 0 0 0 0
 0 0 0 0 0
 0 0 0 0 0
 0.991045 0.00858322 0.000360255 1.14367e-05 0
 0.934742 0.0480273 0.0164251 0.00080598 0
 0.827803 0.169806 0.00239088 0 0
 0.941827 0.0461693 0.0120037 0 0
 0.791401 0.0380133 0.147996 0.0225897 0
 0.846168 0.0940531 0.0597789 0 0
 0.134021 0.677848 0.182769 0.00536245 0
 0.80878 0.0450904 0.141981 0.00414843 0
 0.846168 0.0940531 0.0597789 0 0
 0.905697 0.0802665 0.012482 0.00150086 5.37128e-05
 0.989698 0.0102097 9.19794e-05 0 0
 0.975433 0.0193895 0.00387452 0.00125025 5.28907e-05
 0.303575 0.632131 0.0575291 0.00676475 0
 0.966965 0.00978017 0.0227588 0.000495775 0
 0.843318 0.132988 0.00938335 0.0141283 0.000182051
 0.564624 0.303363 0.111486 0.0197234 0.00080311
 0.826376 0.0876187 0.0782897 0.00655872 0.00115652
 0.89761 0.0855135 0.0140674 0.00269457 0.000114338
 0.34875 0.467042 0.161289 0.0227151 0.000203297
 0.318654 0.224769 0.449479 0.00709798 0
 0.937255 0.0296025 0.0250945 0.00804832 0
ppred_RECLAS
 0.627255 0.120219 0.234976 0.0175489 7.00599e-07
 0.556407 0.283541 0.05175 0.100777 0.0075252
 0.702968 0.171652 0.0803375 0.0145671 0.0304752
 0.818766 0.130734 0.0292664 0.0136073 0.0076263
 0.757434 0.20277 0.0287821 0.00638439 0.0046297
 0.832644 0.128074 0.0328548 0.00464854 0.00177855
 0.566583 0.36546 0.0520765 0.0132832 0.00259767
 0.568096 0.261504 0.143963 0.0202615 0.00617465
 0.66226 0.195182 0.0864114 0.0474371 0.00870963
 0.846491 0.106536 0.0272706 0.0119451 0.00775695
 0.942531 0.0501193 0.00512631 0.00129107 0.000931922
 0.665018 0.316458 0.0161609 0.00164821 0.000714624
 0.832991 0.117205 0.0470838 0.00237373 0.000346811
 0.924132 0.0656015 0.00724493 0.00285681 0.000164902
 0.795685 0.191888 0.0107715 0.00116828 0.000486791
 0.97821 0.01801 0.0035533 0.000196382 3.0149e-05
 0.473793 0.515957 0.00848441 0.00165935 0.000105737
 0.933114 0.0328775 0.0333502 0.00054543 0.000113438
 0.653592 0.324839 0.0106326 0.0107253 0.000211826
 0.761989 0.161245 0.0720233 0.00233818 0.00240408
 0.769328 0.179758 0.0345748 0.0153304 0.001009
 0.82585 0.136602 0.0293034 0.0055997 0.00264538
 0.380208 0.521864 0.076962 0.0163638 0.00460206
 0.862096 0.0550841 0.0698027 0.010231 0.00278618
 0.702108 0.259217 0.0154962 0.0195367 0.00364229
 0.608055 0.280652 0.0969103 0.00576354 0.00861862
 0.800246 0.124096 0.0542393 0.0186512 0.00276733
 0.796709 0.164803 0.0239563 0.0104186 0.00411307
 0.481246 0.417444 0.0821896 0.0119021 0.00721817
 0.501252 0.246116 0.203441 0.0399088 0.00928235
 0.913493 0.0449465 0.0205664 0.0169076 0.00408697
pobs_PELACES
 0 0 0 0 0
 0 0 0 0 0
 0 0 0 0 0
 0 0 0 0 0
 0 0 0 0 0
 0 0 0 0 0
 0 0 0 0 0
 0 0 0 0 0
 0 0 0 0 0
 0 0 0 0 0
 0 0 0 0 0
 0 0 0 0 0
 0 0 0 0 0
 0 0 0 0 0
 0 0 0 0 0
 0 0 0 0 0
 0.505614 0.472636 0.0217494 0 0
 0 0 0 0 0
 0.443492 0.261883 0.143347 0.151278 0
 0.227955 0.32914 0.350689 0.0885471 0.00366901
 0.970185 0.0296113 0.000203453 0 0
 0.997202 0.00247181 0.000326279 0 0
 0.445219 0.490057 0.0546422 0.010081 0
 0.90214 0.0892962 0.00764917 0.000914606 0
 0 0 0 0 0
 0.581667 0.319106 0.0959925 0.00289975 0.000334073
 0.762889 0.0836404 0.116647 0.0363945 0.000428098
 0.88444 0.0763242 0.0277011 0.0115352 0
 0.521256 0.241999 0.230069 0.00667565 0
 0.616807 0.101726 0.260614 0.0208532 0
 0 0 0 0 0
ppred_PELACES
 0.540786 0.140204 0.296491 0.0225177 9.02015e-07
 0.478923 0.322327 0.063529 0.125795 0.00942519
 0.633289 0.20438 0.103303 0.0190464 0.0399811
 0.773775 0.159368 0.0384555 0.0181785 0.0102227
 0.694003 0.252165 0.0387362 0.00873789 0.00635786
 0.785339 0.161104 0.0446642 0.00642595 0.00246692
 0.507058 0.410509 0.0629171 0.0163147 0.00320127
 0.482458 0.30311 0.180666 0.0258583 0.007907
 0.596374 0.225212 0.107417 0.0599524 0.0110447
 0.81578 0.124762 0.0342627 0.0152548 0.00993957
 0.92234 0.0669685 0.0074163 0.00189949 0.00137574
 0.610937 0.365965 0.0201063 0.00208466 0.000906907
 0.802768 0.135476 0.0583288 0.00298887 0.000438155
 0.909218 0.0776843 0.00919745 0.00368626 0.000213496
 0.759793 0.224558 0.0135328 0.00149198 0.000623761
 0.97157 0.0231789 0.00493107 0.000277088 4.26831e-05
 0.402896 0.58452 0.0103869 0.00206567 0.000132074
 0.909564 0.0426946 0.0468004 0.000778305 0.000162419
 0.590238 0.382155 0.0134935 0.0138393 0.000274251
 0.70406 0.195414 0.094208 0.00310973 0.0032082
 0.712223 0.220085 0.0457183 0.0206124 0.00136124
 0.782523 0.167608 0.0387671 0.00753211 0.00357031
 0.31375 0.570237 0.0908331 0.0196381 0.0055416
 0.816686 0.069712 0.0954827 0.0142309 0.00388861
 0.635704 0.313256 0.0202395 0.0259471 0.0048538
 0.529475 0.329054 0.122888 0.00743201 0.0111513
 0.743779 0.154144 0.0728226 0.0254638 0.00379094
 0.740624 0.206784 0.0325158 0.0143802 0.00569632
 0.402843 0.472631 0.100678 0.0148261 0.00902197
 0.420112 0.27445 0.24513 0.0488971 0.0114114
 0.881467 0.0589788 0.0292104 0.0244206 0.00592307
pobs_pel_tallas
 0 0 0 0 0 0 0 0 0 0 0 0 0 0 0 0 0 0 0 0 0 0 0 0 0 0
 0 0 0 0 0 0 0 0 0 0 0 0 0 0 0 0 0 0 0 0 0 0 0 0 0 0
 0 0 0 0 0 0 0 0 0 0 0 0 0 0 0 0 0 0 0 0 0 0 0 0 0 0
 0 0 0 0 0 0 0 0 0 0 0 0 0 0 0 0 0 0 0 0 0 0 0 0 0 0
 0 0 0 0 0 0 0 0 0 0 0 0 0 0 0 0 0 0 0 0 0 0 0 0 0 0
 0 0 0 0 0 0 0 0 0 0 0 0 0 0 0 0 0 0 0 0 0 0 0 0 0 0
 0 0 0 0 0 0 0 0 0 0 0 0 0 0 0 0 0 0 0 0 0 0 0 0 0 0
 0 0 0 0 0 0 0 0 0 0 0 0 0 0 0 0 0 0 0 0 0 0 0 0 0 0
 0 0 0 0 0 0 0 0 0 0 0 0 0 0 0 0 0 0 0 0 0 0 0 0 0 0
 0 0 0 0 0 0 0 0 0 0 0 0 0 0 0 0 0 0 0 0 0 0 0 0 0 0
 0 0 0 0 0 0 0 0 0 0 0 0 0 0 0 0 0 0 0 0 0 0 0 0 0 0
 0 0 0 0 0 0 0 0 0 0 0 0 0 0 0 0 0 0 0 0 0 0 0 0 0 0
 0.00862536 0 0 0.000197151 0.00414017 0.0128641 0.00837892 0.0270097 0.101434 0.158115 0.152841 0.127902 0.109271 0.109419 0.0830992 0.0579132 0.0238553 0.00714673 0.00463305 0.00128148 0.00103504 0.000492878 0.000147863 0.000147863 4.92878e-05 0
 0 0 0 0 0 0 0 0 0 0 0 0 0 0 0 0 0 0 0 0 0 0 0 0 0 0
 0 0 0 0 0 0 0 0.0054083 0.00873648 0.0413646 0.0450493 0.0745869 0.0622846 0.0627006 0.0613931 0.0827291 0.12552 0.122667 0.0946155 0.0697135 0.0546179 0.0294188 0.0215738 0.0213955 0.0102223 0.00600262
 0 0 0 0 0.00359764 0.0251062 0.0480494 0.140153 0.205849 0.193036 0.1447 0.116669 0.0760912 0.0342217 0.00950174 0.001854 0.000860785 0 0 0 0.000165536 0 0.000143464 0 0 0
 0 0 0 0 0 0 0 0.000145254 0.000435761 0.0275982 0.070085 0.0708112 0.156366 0.174668 0.174014 0.160142 0.0824315 0.0480064 0.0283245 0.00493863 0.00203355 0 0 0 0 0
 0 0 0 0 0 0 0 0 0 0 0 0 0 0 0 0 0 0 0 0 0 0 0 0 0 0
 0 0 1.00437e-05 0.000401748 0.00122533 0.00171747 0.00176769 0.0269171 0.070346 0.194647 0.189555 0.159765 0.064822 0.0314167 0.0384472 0.0292271 0.0345202 0.0313363 0.0194345 0.0106764 0.0143323 0.0359363 0.0279516 0.0138201 0.00172751 0
 0 0.0021121 0.0136068 0.0755702 0.200478 0.177729 0.0527432 0.0373336 0.0318909 0.0142505 0.0149659 0.0166563 0.0217959 0.0798694 0.0677717 0.0528807 0.04013 0.0224614 0.0357745 0.0225083 0.00881397 0.00855152 0.00135912 0.000746735 0 0
 0 0 0 0 5.4009e-05 0.00500934 0.000945158 0.0243581 0.138947 0.33067 0.221406 0.137944 0.0707744 0.0437923 0.0131692 0.00525238 0.0047753 0.00276346 9.45158e-05 9.00151e-06 2.25038e-05 9.00151e-06 4.50075e-06 0 0 0
 0.000866109 0.00284123 0.00948549 0.0512746 0.133035 0.25785 0.225252 0.132002 0.0553304 0.0519788 0.0540692 0.017754 0.00435017 0.00159236 0.00146478 0.000404838 0.000125132 0.000115318 0.000107957 0.000100596 0 0 0 0 0 0
 0 0 0 0 0.00144013 0.00171154 0.00461396 0.0210425 0.0478622 0.0707936 0.0888783 0.103762 0.0637923 0.0337046 0.0602308 0.124433 0.169614 0.0934646 0.0462172 0.0250306 0.0313229 0.00938855 0.002487 0.000210481 0 0
 0 0.00764035 0.051015 0.0998891 0.058973 0.0496711 0.0374665 0.0718981 0.12319 0.153886 0.159021 0.0857701 0.0377988 0.023471 0.0147837 0.00900784 0.00315554 0.000888139 0.00291439 0.00214683 0.00393193 0.00274676 0.000635225 9.99891e-05 0 0
 0 0 0 0 0 0 0 0 0 0 0 0 0 0 0 0 0 0 0 0 0 0 0 0 0 0
 0 0 0 0 0 0 0 0 0 0 0 0 0 0 0 0 0 0 0 0 0 0 0 0 0 0
 0 0 0 0 0 0 0 0 0 0 0 0 0 0 0 0 0 0 0 0 0 0 0 0 0 0
 0 0 0 0 0 0 0 0 0 0 0 0 0 0 0 0 0 0 0 0 0 0 0 0 0 0
 0 0 0 0 0 0 0 0 0 0 0 0 0 0 0 0 0 0 0 0 0 0 0 0 0 0
 0 0 0 0 0 0 0 0 0 0 0 0 0 0 0 0 0 0 0 0 0 0 0 0 0 0
 0 0 0 0 0 0 0 0 0 0 0 0 0 0 0 0 0 0 0 0 0 0 0 0 0 0
ppred_pel_tallas
 1.10851e-16 4.45439e-05 0.000432982 0.00287732 0.0130799 0.0406965 0.0867086 0.126557 0.126571 0.086777 0.0409272 0.0137519 0.00458488 0.00422928 0.00745526 0.0127773 0.0196164 0.0271915 0.0346421 0.0414229 0.0473589 0.0522441 0.0554166 0.055837 0.0527034 0.0460972
 1.16127e-16 3.94484e-05 0.000383452 0.00254818 0.0115837 0.0360412 0.0767908 0.112085 0.112116 0.076943 0.0365524 0.0130612 0.00626105 0.00850269 0.0155027 0.025687 0.0373008 0.0475903 0.0538269 0.0548902 0.0519757 0.0477414 0.0445556 0.0432045 0.0428531 0.0419638
 1.1171e-16 5.21632e-05 0.000507045 0.00336949 0.0153172 0.0476577 0.101541 0.148206 0.148225 0.101638 0.0479836 0.0162601 0.00574239 0.00570813 0.00999226 0.0166014 0.0243006 0.0313916 0.0361792 0.0379062 0.0371678 0.0353908 0.0338144 0.032799 0.0318871 0.0303627
 1.04704e-16 6.37349e-05 0.000619526 0.00411697 0.0187151 0.0582298 0.124065 0.18108 0.181096 0.124141 0.0584825 0.0194453 0.00595144 0.00462955 0.00769555 0.0126644 0.0183408 0.0232883 0.026093 0.0261206 0.0238875 0.0206796 0.0177336 0.0156226 0.0142112 0.0130271
 1.03135e-16 5.71641e-05 0.000555656 0.00369253 0.0167857 0.0522267 0.111275 0.162415 0.162439 0.111394 0.0526256 0.0179379 0.00658491 0.00687071 0.0120535 0.0198442 0.0285992 0.0360041 0.0397377 0.0387307 0.0337945 0.0270559 0.0206689 0.0158104 0.0125387 0.0103017
 1.02393e-16 6.46874e-05 0.000628784 0.00417849 0.0189948 0.0591001 0.125919 0.183786 0.183802 0.125996 0.0593555 0.0197332 0.00603347 0.00468366 0.0077816 0.0128037 0.0185344 0.0235078 0.0262674 0.0261297 0.0235635 0.0198246 0.0161557 0.0131924 0.0109235 0.00903954
 1.04099e-16 4.17657e-05 0.000405978 0.00269787 0.0122641 0.0381585 0.0813022 0.118671 0.118711 0.0814956 0.0388078 0.0141397 0.00740623 0.0106857 0.0195689 0.0322955 0.046543 0.0585792 0.0646204 0.0629138 0.0547667 0.0436287 0.0330027 0.0248156 0.0191933 0.0152847
 1.09223e-16 3.97395e-05 0.000386282 0.00256698 0.0116692 0.0363072 0.0773575 0.112912 0.112941 0.0775014 0.0367911 0.0130696 0.00609293 0.00811849 0.0148273 0.0247178 0.036228 0.0468616 0.0540564 0.0565698 0.0550879 0.0514939 0.0474529 0.0435101 0.039265 0.0341761
 1.11039e-16 4.91226e-05 0.000477489 0.00317308 0.0144244 0.0448797 0.0956218 0.139567 0.139589 0.0957286 0.0452387 0.0154631 0.00578739 0.00620762 0.0110003 0.01829 0.026776 0.0345986 0.0398979 0.0418467 0.0410974 0.0391966 0.0374539 0.0361907 0.0348396 0.0326045
 1.04233e-16 6.71948e-05 0.000653157 0.00434046 0.0197311 0.0613909 0.1308 0.190909 0.190921 0.130859 0.0615888 0.0203033 0.00577827 0.0037973 0.00605458 0.00994611 0.0144244 0.0183621 0.0206624 0.0208358 0.0192829 0.0169935 0.0149054 0.0134314 0.0124342 0.0115269
 1.00655e-16 7.59719e-05 0.000738474 0.00490742 0.0223084 0.0694098 0.147885 0.215844 0.215851 0.147917 0.0695157 0.0226141 0.00567448 0.00241248 0.00325379 0.00525522 0.00755435 0.00948184 0.0104121 0.0100591 0.00864357 0.00674423 0.00495317 0.00360298 0.00272191 0.00216414
 1.01037e-16 5.03221e-05 0.000489149 0.00325057 0.0147766 0.0459758 0.0979576 0.142979 0.143015 0.0981297 0.0465534 0.0164443 0.00743395 0.00961285 0.0173523 0.0285401 0.0409497 0.0511603 0.0557185 0.0530284 0.0443146 0.0328291 0.021964 0.0137222 0.00841715 0.00533549
 1.02092e-16 6.6123e-05 0.000642739 0.00427123 0.0194164 0.0604116 0.128714 0.187864 0.187878 0.128778 0.0606271 0.0200395 0.0058382 0.00407282 0.00660775 0.01089 0.0158442 0.0202609 0.0229381 0.0232932 0.021664 0.0189986 0.0162112 0.0137335 0.0115299 0.00940931
 1.00692e-16 7.48911e-05 0.000727969 0.00483761 0.0219911 0.0684224 0.145781 0.212774 0.212781 0.145818 0.0685452 0.0223457 0.00572768 0.00267064 0.00376329 0.00610014 0.00877375 0.0110198 0.0121148 0.0117268 0.0101098 0.00792942 0.0058649 0.00429468 0.0032477 0.00255716
 1.00704e-16 6.25832e-05 0.000608331 0.00404258 0.018377 0.0571777 0.121824 0.17781 0.177832 0.12193 0.0575322 0.0194004 0.00660997 0.00620797 0.0106826 0.0175225 0.0251441 0.0314254 0.0342478 0.0326326 0.0273288 0.0203261 0.0136975 0.00866359 0.0054115 0.00350345
 1.00184e-16 8.0027e-05 0.000777891 0.00516936 0.0234991 0.0731146 0.155778 0.227364 0.227366 0.155789 0.0731513 0.0236052 0.00543563 0.00135952 0.00118567 0.00183607 0.00264295 0.00333503 0.00369454 0.00362071 0.0031827 0.00256807 0.00196713 0.00148463 0.00112978 0.000862943
 1.00679e-16 3.31861e-05 0.000322581 0.00214367 0.00974483 0.0303201 0.0646022 0.0943006 0.0943568 0.0648769 0.0312419 0.0124059 0.00881743 0.0148722 0.0276088 0.0454413 0.0651067 0.0811363 0.0879809 0.0830842 0.0684481 0.0493734 0.0314245 0.0179388 0.00949188 0.00492692
 1.01468e-16 7.49196e-05 0.000728245 0.00483945 0.0219994 0.0684484 0.145837 0.212854 0.212858 0.145857 0.0685172 0.022199 0.00534338 0.00183819 0.00221165 0.00361229 0.00536899 0.00710849 0.00849011 0.00933195 0.00967341 0.00967038 0.00942381 0.0089044 0.00802727 0.00678353
 1.01922e-16 4.86172e-05 0.000472577 0.00314044 0.014276 0.0444182 0.094639 0.138136 0.138173 0.0948186 0.0450212 0.0160169 0.00750726 0.00999542 0.0181051 0.0297787 0.0427162 0.0533496 0.0580826 0.0552714 0.0462297 0.0343907 0.0233164 0.0150799 0.00994461 0.00707229
 1.03624e-16 5.79925e-05 0.000563708 0.00374604 0.017029 0.0529835 0.112888 0.164767 0.164786 0.11298 0.0532947 0.0179289 0.0060099 0.00552172 0.00952077 0.0157689 0.0229896 0.0294877 0.0335482 0.0343352 0.0323165 0.0288139 0.0250825 0.0216844 0.0185347 0.0153614
 1.03674e-16 5.86649e-05 0.000570244 0.00378947 0.0172264 0.0535978 0.114197 0.166678 0.166699 0.1143 0.0539464 0.0182336 0.00631911 0.00609705 0.0105687 0.0174155 0.0251681 0.0318335 0.0354201 0.0350132 0.031304 0.026082 0.0211155 0.0173034 0.0145944 0.012469
 1.02522e-16 6.44554e-05 0.00062653 0.00416351 0.0189267 0.0588881 0.125468 0.183128 0.183144 0.125547 0.0591537 0.019694 0.00609076 0.00483765 0.00807365 0.0132755 0.0191879 0.0242764 0.027018 0.0267047 0.0238466 0.0197907 0.0158784 0.0128084 0.0105763 0.00883136
 1.05675e-16 2.58433e-05 0.000251206 0.00166936 0.00758868 0.0236115 0.0503088 0.0734387 0.0734937 0.0505775 0.0245136 0.0101944 0.00821073 0.0145336 0.0271581 0.044876 0.064687 0.081436 0.0898702 0.0875513 0.0762849 0.0608475 0.0460897 0.0346816 0.0268048 0.0212955
 1.04859e-16 6.72693e-05 0.000653882 0.00434528 0.019753 0.0614589 0.130945 0.19112 0.191126 0.130979 0.061572 0.0200814 0.0051763 0.00248997 0.00361873 0.00604425 0.00909305 0.0122551 0.0150356 0.0171748 0.0187225 0.0198449 0.0205476 0.0205888 0.0196586 0.0176486
 1.04088e-16 5.23621e-05 0.000508979 0.00338234 0.0153757 0.0478396 0.101928 0.148774 0.148804 0.102076 0.0483343 0.0168042 0.00696675 0.00832925 0.0148917 0.0245038 0.0352218 0.0441517 0.0483932 0.0466409 0.0399855 0.0312047 0.0231201 0.0172826 0.0137441 0.011685
 1.06263e-16 4.36122e-05 0.000423926 0.00281714 0.0128063 0.0398454 0.0848961 0.123915 0.123947 0.0850517 0.0403682 0.0143179 0.006617 0.00873774 0.0158877 0.0263386 0.0382672 0.0488064 0.0550328 0.0555545 0.051261 0.0445684 0.0378203 0.0321425 0.0274323 0.0231014
 1.05337e-16 6.12641e-05 0.000595509 0.00395737 0.0179896 0.0559725 0.119256 0.174061 0.174076 0.119329 0.0562181 0.0187 0.00574479 0.00451165 0.00754056 0.0124792 0.01823 0.0234724 0.0268954 0.0278911 0.0268728 0.0248945 0.0228972 0.0212024 0.0195652 0.0175877
 1.03398e-16 6.10042e-05 0.000592983 0.00394058 0.0179133 0.0557351 0.11875 0.173324 0.173344 0.118848 0.0560623 0.0188584 0.00631339 0.00577444 0.00990639 0.016294 0.0234988 0.0296228 0.0327773 0.0321017 0.0282726 0.0230316 0.0181218 0.0144625 0.0120422 0.0103518
 1.0604e-16 3.31818e-05 0.000322539 0.00214338 0.00974354 0.030316 0.0645932 0.0942852 0.0943308 0.064816 0.0310645 0.0119061 0.00757424 0.0121865 0.0225895 0.0373563 0.053958 0.0681611 0.0756533 0.0744224 0.0659139 0.053967 0.042438 0.033386 0.0268768 0.0219625
 1.13979e-16 3.46041e-05 0.000336364 0.00223526 0.0101612 0.0316153 0.0673608 0.0983207 0.0983475 0.0674919 0.0320563 0.0114392 0.00545946 0.00742868 0.0136624 0.0229458 0.0340191 0.0448085 0.0531683 0.058043 0.0599146 0.0600876 0.0594659 0.0579131 0.0546322 0.0490519
 1.0431e-16 7.26053e-05 0.000705749 0.00468995 0.0213198 0.066334 0.141332 0.206279 0.206285 0.14136 0.0664281 0.0215923 0.00537595 0.00221046 0.0029518 0.00482254 0.00707847 0.0092015 0.0107239 0.0114542 0.0115825 0.0115147 0.0115642 0.0117514 0.0118396 0.0115309
pSPR Fmed_Fpbrs
0.446139   0.6 0.325
Fs Fmed_Fpbrs
0.512164   0.30523 0.75854
SSBpbr Bo_Bmed_Bpbrs
1.29469e+06  512876  712078 356039
Ro
116337
SPR SPRFo_SPRFmed_SPRFpbrs
828395 369579 269229
Fref
0.30523
Nvult_r0
 159879 8396.49 3861.27 3175.19 767.531
CTP_r0
 21087.6 1521.59 713.776 587.571 142.04
YTP_r0
219262
Np
 145310 73870.6 3510.71 1602.04 1702.87
Nvult_p0
 101728 53687.8 2558.52 1167.7 1241.2
CTP_p0
 17251.7 12309.5 597.687 273.054 290.256
YTP_p0
 354328
CBA_c0
259782
log_Ro
11.4842
likeval ReclasPelacesDesembMPH_pf_preclas_ppelaces_ptallas_desvR_qrecl_qpela
 32.4914 32.1406 0.0412496 89.3756 240.049 122.151 83.7957 0 26.016 1.7504e-05 5.6877e-05 0.108954 2.10439e-15 0 0
q_reclas_q_pelaces
1.80915 2.924
M
1
N
 160434 32089.6 62932.2 4700.87 0.187673
 88774.7 48956.7 8990.85 17514.4 1307.86
 87549.9 23109.4 10882.1 1973.85 4129.47
 127878 22901 5173.09 2406.37 1348.7
 102400 28463.5 4052.19 898.993 651.919
 194812 31951.3 8237.89 1165.88 446.075
 71758.7 54107.7 7805.28 1992.22 389.613
 28112.5 13323.7 7351.74 1034.82 315.361
 27259.2 9101.99 4069.37 2235.14 410.391
 37568.7 5804.98 1510.07 662.02 429.925
 102857 5627.67 576.901 145.311 104.889
 60302.9 33396.7 1725.95 176.139 76.3722
 64792.3 11416.2 4667.9 235.557 34.4175
 100654 8900.26 1000.04 394.701 22.7842
 48413.8 14151 806.444 87.5388 36.4765
 374148 7672.83 1526.69 84.415 12.9599
 73800.6 85835 1418.79 277.559 17.6869
 540823 20352 20751.6 339.48 70.6055
 271569 149130 4919.73 4964.73 98.0558
 278921 64544.6 29033.4 942.904 969.5
 274859 69356.6 13421 5952.77 391.798
 391479 72200.5 15621.2 2986.5 1410.9
 60429.4 89407.5 13263.3 2820.98 793.367
 235507 16004.2 20379 2987.73 813.653
 168225 66147.5 3973.96 5011.48 934.32
 96817.7 46964.1 16280.3 968.444 1448.2
 173812 28650 12582.4 4327.82 642.139
 225961 48942.4 7140.18 3105.86 1226.15
 75053.1 67954.8 13424.6 1944.4 1179.22
 43552.4 22883.9 19017 3731.62 867.946
 233750 11907.2 5463.32 4492.04 1085.84
pred_Ctot
 17558 4943.99 9908.26 740.975 0.0295837
 16874.8 12755.9 2389.05 4658.8 347.907
 16440.4 5952.98 2858.98 519.117 1086.1
 33246.6 7965.65 1831.68 852.851 478.023
 9960.74 3913.03 569.453 126.483 91.7268
 30869.6 7014.03 1845.75 261.505 100.06
 23730.2 23331.6 3419.69 873.579 170.851
 2153.09 1451.7 819.231 115.452 35.1862
 7583.01 3365.58 1531 841.689 154.549
 15116.4 2963.66 781.787 342.991 222.752
 7711.49 600.544 62.9649 15.8788 11.4624
 19513.8 14129 742.047 75.793 32.8646
 27736.4 6138.47 2543.39 128.438 18.7669
 42411.8 4723.08 537.866 212.439 12.2636
 18624.4 6954.71 402.107 43.6818 18.2025
 92477.8 2548.78 516.429 28.5823 4.38834
 11957.3 19243.6 324.621 63.5749 4.05141
 87647.7 4563.88 4749.15 77.7766 16.177
 62943.6 46704.7 1569.61 1585.53 31.3166
 58979.4 18572 8514.96 276.817 284.64
 51060.1 17686.6 3490.71 1549.91 102.017
 97516.6 24154.5 5321.48 1018.35 481.121
 10988.1 22346.6 3381.49 719.968 202.494
 35990.1 3394.62 4412.42 647.607 176.374
 26222.8 14296.7 876.701 1106.8 206.359
 12185.9 8277.34 2931.04 174.552 261.038
 26339.8 6028.63 2702.78 930.662 138.095
 26501.1 8060.25 1201.43 523.202 206.566
 8246.94 10510.4 2121.81 307.674 186.606
 7243.07 5258.57 4459.33 875.976 203.757
 21087.6 1521.59 713.776 587.571 142.04
F
 0.186948 0.272325 0.279032 0.279394 0.279413
 0.345862 0.503814 0.516222 0.516892 0.516927
 0.341027 0.496771 0.509005 0.509666 0.509701
 0.502456 0.731923 0.749949 0.750923 0.750974
 0.164673 0.239878 0.245786 0.246105 0.246122
 0.281056 0.409412 0.419495 0.420039 0.420068
 0.683769 0.99604 1.02057 1.02189 1.02196
 0.127723 0.186053 0.190635 0.190883 0.190896
 0.546674 0.796335 0.815947 0.817006 0.817062
 0.898475 1.3088 1.34103 1.34277 1.34287
 0.124884 0.181918 0.186398 0.18664 0.186653
 0.664347 0.967748 0.991582 0.992869 0.992937
 0.985106 1.435 1.47034 1.47224 1.47235
 0.961908 1.4012 1.43571 1.43757 1.43767
 0.842099 1.22668 1.25689 1.25852 1.25861
 0.472223 0.687883 0.704825 0.70574 0.705788
 0.288189 0.419803 0.430142 0.4307 0.430729
 0.288272 0.419923 0.430265 0.430824 0.430853
 0.436862 0.636372 0.652045 0.652891 0.652936
 0.391668 0.570539 0.584591 0.58535 0.58539
 0.336812 0.49063 0.502714 0.503366 0.503401
 0.476726 0.694443 0.711546 0.712469 0.712518
 0.328621 0.478699 0.490489 0.491126 0.491159
 0.269853 0.393092 0.402773 0.403296 0.403324
 0.275918 0.401928 0.411826 0.412361 0.412389
 0.217676 0.317086 0.324895 0.325317 0.325339
 0.26733 0.389416 0.399007 0.399525 0.399552
 0.201521 0.293554 0.300784 0.301174 0.301195
 0.187762 0.273511 0.280248 0.280611 0.280631
 0.296822 0.432377 0.443026 0.443601 0.443631
 0.151937 0.221325 0.226776 0.22707 0.227085
nmprior
 8 9 7.5 0
nm_flota  nm_reclas  nm_pelaces    nm_pelaL
inf 16.4025 12.4567 20.6292
cv_recla  cv_pelaces  cv_mph
0.257798 0.555917 0.786609
 ------------------------------------------------
Talla a la edad & desviaci?n 
 8 13.2811 15.8009 17.003 17.5766
 0.8 1.32811 1.58009 1.7003 1.75766
