years
 1991 1992 1993 1994 1995 1996 1997 1998 1999 2000 2001 2002 2003 2004 2005 2006 2007 2008 2009 2010 2011 2012 2013 2014 2015 2016 2017 2018 2019 2020 2021
reclasobs
 0 0 0 0 0 0 0 0 0 252601 567819 844713 477998 351125 339783 2.1784e+06 2.13404e+06 4.81314e+06 1.55562e+06 2.62356e+06 3.21686e+06 3.843e+06 1.13348e+06 3.07943e+06 1.97215e+06 2.03268e+06 2.025e+06 2.42433e+06 2.27542e+06 1.05018e+06 2.36338e+06
reclaspred
 7.34628e+06 1.98718e+06 1.05257e+06 853297 187401 3.30491e+06 1.50254e+06 478703 938300 246291 378779 849938 761674 588081 410774 1.86029e+06 855482 4.36735e+06 2.88556e+06 2.10798e+06 3.0325e+06 3.23545e+06 1.65119e+06 3.30943e+06 2.4576e+06 1.57289e+06 2.13632e+06 3.49159e+06 2.79306e+06 784448 1.44846e+06
pelacesobs
 0 0 0 0 0 0 0 0 0 0 0 0 0 0 0 552880 188675 0 991730 2.46772e+06 1.41603e+06 1.21717e+06 2.29649e+06 1.80582e+06 0 1.4828e+06 1.56532e+06 1.57751e+06 1.42118e+06 867257 1.10002e+06
pelacespred
 7.70529e+06 1.90645e+06 584824 347673 80693.2 1.81244e+06 882529 419240 504448 97550.6 199645 357075 364732 255204 169329 775246 409664 2.36683e+06 1.64044e+06 1.00338e+06 1.53506e+06 1.61616e+06 1.01558e+06 2.07445e+06 1.62369e+06 1.0702e+06 1.43648e+06 2.41815e+06 2.07898e+06 562738 762279
mphobs
 0 0 0 0 0 0 0 0 0 0 0 498337 0 5186 125008 0 168611 109162 213762 579715 649985 157893 87575 83554 0 0 0 0 0 0 0
mphpred
 1.64336e+06 650912 105229 135003 58604 11163.5 471061 107225 38941.2 87968.5 10202.6 52654 81831.9 51088.4 28669.8 27905.8 224530 62372.4 543268 222574 268261 276753 384771 148328 403780 294277 143066 233789 572632 241545 46721.4
desembarqueobs
 494567 514787 250237 358949 120608 361735 552515 73892 212993 205616 52469 317467 293654 387597 252695 516296 358380 742168 942051 627588 828172 859565 418607 520667 417249 300574 407403 355545 319650 289779 391294
desembarquepred
 494493 514350 249992 358484 120498 361531 551800 73862.8 212812 205364 52449.5 317110 293254 386820 252323 515691 358057 741386 940211 626295 827487 858367 418134 520273 416735 300226 406982 355238 319245 289110 390971
Reclutas
 14080.5 8720.63 167954 56359.3 8564.53 286429 11295.5 3031.91 51561.4 12285.4 36221 111882 75864.3 68871.2 41827.6 255035 13879 437784 182938 213130 197206 409151 18231.8 174337 134821 30608.5 126427 180409 29637.3 13509.7 109066
log_desv_Rt
 -1.40647 -1.88557 1.07242 -0.0195182 -1.90364 1.60623 -1.62686 -2.94207 -0.108491 -1.54286 -0.461625 0.666178 0.277681 0.180973 -0.317707 1.49014 -1.42089 2.03046 1.15788 1.31064 1.23299 1.96282 -1.1481 1.10972 0.852685 -0.629989 0.788401 1.14396 -0.66223 -1.44786 0.640692
SSB
 1.65284e+06 654668 105836 135782 58942.1 11227.9 473779 107843 39165.9 88476.1 10261.5 52957.8 82304.1 51383.2 28835.2 28066.8 225826 62732.3 546402 223859 269809 278350 386992 149184 406110 295975 143891 235138 575936 242939 46991
BT
 2.07294e+06 941129 416767 382020 119627 1.27467e+06 722976 169512 425780 212730 140193 427308 420891 524250 330168 805597 397056 1.87891e+06 1.47162e+06 899463 1.34992e+06 1.41822e+06 628549 1.45282e+06 915407 580059 1.06725e+06 1.41709e+06 820885 426545 743594
Ftot
 0.312727 1.0982 1.09749 1.64466 2.1913 0.54601 1.38229 0.689449 1.06932 2.60219 0.676767 1.61525 1.61285 2.52821 2.43048 1.29052 1.56019 0.824541 1.34171 1.31102 1.19948 1.19294 1.03077 0.756689 0.756649 0.826064 0.896672 0.492273 0.498416 1.46413 1.25272
BD_Bspro_t
 0.951195 0.616134 0.214436 0.267092 0.10668 0.0297106 0.457386 0.149657 0.0883958 0.190843 0.0399273 0.245221 0.204254 0.117063 0.0655446 0.0665878 0.248999 0.0873676 0.365302 0.180566 0.17648 0.181393 0.243338 0.126242 0.308752 0.293579 0.210982 0.334957 0.523719 0.316526 0.105952
BD_Bspro
 4.02355 1.59367 0.25764 0.330537 0.143484 0.0273324 1.15333 0.262526 0.0953423 0.215379 0.0249798 0.128916 0.200355 0.125083 0.0701942 0.0683237 0.549732 0.152711 1.33012 0.544944 0.656801 0.677593 0.942062 0.363161 0.988601 0.720499 0.350278 0.572401 1.40201 0.591391 0.114391
BD_Bo
 1.15255 0.456508 0.073801 0.0946824 0.041101 0.00782936 0.330371 0.0752005 0.0273108 0.0616954 0.00715545 0.0369281 0.0573916 0.0358301 0.0201071 0.0195713 0.157471 0.0437439 0.381012 0.156099 0.188141 0.194096 0.269854 0.104028 0.283185 0.206387 0.100337 0.163964 0.401607 0.169404 0.0327674
BD_Brms
 5.87794 2.32817 0.376382 0.482877 0.209614 0.0399295 1.68488 0.38352 0.139284 0.314644 0.0364925 0.188332 0.292695 0.182732 0.102546 0.099813 0.803095 0.223092 1.94315 0.7961 0.95951 0.989884 1.37624 0.530537 1.44423 1.05257 0.511715 0.836212 2.04818 0.863954 0.167112
Sel_flota
 0.648099 1 1 1 1
 0.648099 1 1 1 1
 0.648099 1 1 1 1
 0.648099 1 1 1 1
 0.648099 1 1 1 1
 0.648099 1 1 1 1
 0.648099 1 1 1 1
 0.648099 1 1 1 1
 0.648099 1 1 1 1
 0.648099 1 1 1 1
 0.648099 1 1 1 1
 0.648099 1 1 1 1
 0.648099 1 1 1 1
 0.648099 1 1 1 1
 0.648099 1 1 1 1
 0.648099 1 1 1 1
 0.648099 1 1 1 1
 0.648099 1 1 1 1
 0.648099 1 1 1 1
 0.648099 1 1 1 1
 0.648099 1 1 1 1
 0.648099 1 1 1 1
 0.648099 1 1 1 1
 0.648099 1 1 1 1
 0.648099 1 1 1 1
 0.648099 1 1 1 1
 0.648099 1 1 1 1
 0.648099 1 1 1 1
 0.648099 1 1 1 1
 0.648099 1 1 1 1
 0.648099 1 1 1 1
Sel_reclas
 0.686049 0.916648 0.982252 0.996423 0.999287
 0.686049 0.916648 0.982252 0.996423 0.999287
 0.686049 0.916648 0.982252 0.996423 0.999287
 0.686049 0.916648 0.982252 0.996423 0.999287
 0.686049 0.916648 0.982252 0.996423 0.999287
 0.686049 0.916648 0.982252 0.996423 0.999287
 0.686049 0.916648 0.982252 0.996423 0.999287
 0.686049 0.916648 0.982252 0.996423 0.999287
 0.686049 0.916648 0.982252 0.996423 0.999287
 0.686049 0.916648 0.982252 0.996423 0.999287
 0.686049 0.916648 0.982252 0.996423 0.999287
 0.686049 0.916648 0.982252 0.996423 0.999287
 0.686049 0.916648 0.982252 0.996423 0.999287
 0.686049 0.916648 0.982252 0.996423 0.999287
 0.686049 0.916648 0.982252 0.996423 0.999287
 0.686049 0.916648 0.982252 0.996423 0.999287
 0.686049 0.916648 0.982252 0.996423 0.999287
 0.686049 0.916648 0.982252 0.996423 0.999287
 0.686049 0.916648 0.982252 0.996423 0.999287
 0.686049 0.916648 0.982252 0.996423 0.999287
 0.686049 0.916648 0.982252 0.996423 0.999287
 0.686049 0.916648 0.982252 0.996423 0.999287
 0.686049 0.916648 0.982252 0.996423 0.999287
 0.686049 0.916648 0.982252 0.996423 0.999287
 0.686049 0.916648 0.982252 0.996423 0.999287
 0.686049 0.916648 0.982252 0.996423 0.999287
 0.686049 0.916648 0.982252 0.996423 0.999287
 0.686049 0.916648 0.982252 0.996423 0.999287
 0.686049 0.916648 0.982252 0.996423 0.999287
 0.686049 0.916648 0.982252 0.996423 0.999287
 0.686049 0.916648 0.982252 0.996423 0.999287
Sel_pelaces
 0.358597 0.737784 0.934037 0.986162 0.997219
 0.358597 0.737784 0.934037 0.986162 0.997219
 0.358597 0.737784 0.934037 0.986162 0.997219
 0.358597 0.737784 0.934037 0.986162 0.997219
 0.358597 0.737784 0.934037 0.986162 0.997219
 0.358597 0.737784 0.934037 0.986162 0.997219
 0.358597 0.737784 0.934037 0.986162 0.997219
 0.358597 0.737784 0.934037 0.986162 0.997219
 0.358597 0.737784 0.934037 0.986162 0.997219
 0.358597 0.737784 0.934037 0.986162 0.997219
 0.358597 0.737784 0.934037 0.986162 0.997219
 0.358597 0.737784 0.934037 0.986162 0.997219
 0.358597 0.737784 0.934037 0.986162 0.997219
 0.358597 0.737784 0.934037 0.986162 0.997219
 0.358597 0.737784 0.934037 0.986162 0.997219
 0.358597 0.737784 0.934037 0.986162 0.997219
 0.358597 0.737784 0.934037 0.986162 0.997219
 0.358597 0.737784 0.934037 0.986162 0.997219
 0.358597 0.737784 0.934037 0.986162 0.997219
 0.358597 0.737784 0.934037 0.986162 0.997219
 0.358597 0.737784 0.934037 0.986162 0.997219
 0.358597 0.737784 0.934037 0.986162 0.997219
 0.358597 0.737784 0.934037 0.986162 0.997219
 0.358597 0.737784 0.934037 0.986162 0.997219
 0.358597 0.737784 0.934037 0.986162 0.997219
 0.358597 0.737784 0.934037 0.986162 0.997219
 0.358597 0.737784 0.934037 0.986162 0.997219
 0.358597 0.737784 0.934037 0.986162 0.997219
 0.358597 0.737784 0.934037 0.986162 0.997219
 0.358597 0.737784 0.934037 0.986162 0.997219
 0.358597 0.737784 0.934037 0.986162 0.997219
pf_obs 
 0.8446 0.082 0.0669 0.0065 0
 0.8095 0.147 0.0364 0.0071 0
 0.9664 0.0169 0.016 0.0007 0
 0.9276 0.0648 0.0075 0.0001 0
 0.7033 0.2144 0.0806 0.0017 0
 0.9318 0.0425 0.0243 0.0014 0
 0.5671 0.3108 0.0964 0.0239 0.0018
 0.0768 0.2599 0.5324 0.112 0.0189
 0.490249 0.384438 0.106611 0.0170017 0.00170017
 0.7925 0.1577 0.0466 0.003 0.0002
 0.840416 0.127587 0.0312969 0.00059994 9.999e-05
 0.8084 0.0986 0.0794 0.0134 0.0002
 0.7335 0.1905 0.0724 0.0035 0.0001
 0.4001 0.4547 0.1325 0.0127 0
 0.49795 0.308269 0.164784 0.0264974 0.00249975
 0.9179 0.0499 0.0305 0.0017 0
 0.2467 0.6533 0.0926 0.0074 0
 0.9418 0.0223 0.034 0.0019 0
 0.707729 0.231977 0.0356964 0.0245975 0
 0.517169 0.277429 0.184464 0.0207286 0.00020938
 0.811772 0.124168 0.05621 0.00726502 0.000585176
 0.764997 0.148141 0.077277 0.00933861 0.000247198
 0.163321 0.427699 0.378323 0.0303852 0.000271297
 0.753843 0.0900009 0.118128 0.0371064 0.000921714
 0.721811 0.176058 0.0630433 0.0369309 0.00215725
 0.143369 0.312575 0.442814 0.0836902 0.0175525
 0.692698 0.0596174 0.167031 0.0765114 0.00414204
 0.394062 0.376323 0.152708 0.0712218 0.00568511
 0.125707 0.32114 0.495352 0.0537591 0.00404204
 0.23352 0.215282 0.420074 0.123614 0.00750983
 0.774587 0.0839891 0.0768558 0.0609784 0.00358967
pf_pred 
 0.0863443 0.173348 0.651229 0.0890778 9.16331e-07
 0.170973 0.111756 0.136088 0.511251 0.0699318
 0.958292 0.0121081 0.00399019 0.00485895 0.0207508
 0.586396 0.404721 0.00257862 0.000849778 0.00545403
 0.426716 0.438159 0.132223 0.000842437 0.00205946
 0.994299 0.0037889 0.00146108 0.000440907 9.67661e-06
 0.103986 0.893066 0.00195909 0.000755462 0.000232978
 0.201089 0.158534 0.638271 0.00140015 0.000706434
 0.943327 0.0176427 0.00774503 0.0311821 0.000102915
 0.511323 0.47421 0.00450389 0.00197719 0.00798657
 0.958786 0.0312594 0.00965954 9.17433e-05 0.00020296
 0.90819 0.089658 0.00163254 0.000504476 1.5391e-05
 0.796343 0.19497 0.00848266 0.000154457 4.91853e-05
 0.839461 0.144269 0.0155766 0.000677698 1.62694e-05
 0.868016 0.123913 0.00725237 0.000783033 3.48856e-05
 0.982901 0.0162342 0.000812195 4.75359e-05 5.36107e-06
 0.207751 0.785687 0.00623006 0.000311688 2.02997e-05
 0.984323 0.0057944 0.00980115 7.77176e-05 4.14142e-06
 0.593478 0.40306 0.00127944 0.00216416 1.80751e-05
 0.812072 0.141884 0.0456523 0.000144915 0.000247169
 0.798805 0.181173 0.0151165 0.00486386 4.17732e-05
 0.891052 0.0969485 0.0108056 0.000901584 0.000292584
 0.15427 0.797719 0.0427234 0.00476183 0.000526248
 0.904901 0.0249548 0.0661625 0.00354347 0.000438591
 0.698942 0.284662 0.00430236 0.0114068 0.000686531
 0.370168 0.509545 0.113736 0.001719 0.00483187
 0.879044 0.0630909 0.0468136 0.0104493 0.00060185
 0.81751 0.170088 0.00646897 0.00479999 0.00113312
 0.2738 0.642605 0.0779139 0.0029633 0.00271784
 0.340736 0.259195 0.354016 0.0429233 0.00312978
 0.957663 0.0224272 0.00782756 0.0106911 0.00139078
pobs_RECLAS
 0 0 0 0 0
 0 0 0 0 0
 0 0 0 0 0
 0 0 0 0 0
 0 0 0 0 0
 0 0 0 0 0
 0 0 0 0 0
 0 0 0 0 0
 0 0 0 0 0
 0 0 0 0 0
 0.991045 0.00858322 0.000360255 1.14367e-05 0
 0.934742 0.0480273 0.0164251 0.00080598 0
 0.827803 0.169806 0.00239088 0 0
 0.941827 0.0461693 0.0120037 0 0
 0.791401 0.0380133 0.147996 0.0225897 0
 0.846168 0.0940531 0.0597789 0 0
 0.134021 0.677848 0.182769 0.00536245 0
 0.80878 0.0450904 0.141981 0.00414843 0
 0.846168 0.0940531 0.0597789 0 0
 0.905697 0.0802665 0.012482 0.00150086 5.37128e-05
 0.989698 0.0102097 9.19794e-05 0 0
 0.975433 0.0193895 0.00387452 0.00125025 5.28907e-05
 0.303575 0.632131 0.0575291 0.00676475 0
 0.966965 0.00978017 0.0227588 0.000495775 0
 0.843318 0.132988 0.00938335 0.0141283 0.000182051
 0.564624 0.303363 0.111486 0.0197234 0.00080311
 0.826376 0.0876187 0.0782897 0.00655872 0.00115652
 0.89761 0.0855135 0.0140674 0.00269457 0.000114338
 0.34875 0.467042 0.161289 0.0227151 0.000203297
 0.318654 0.224769 0.449479 0.00709798 0
 0.937255 0.0296025 0.0250945 0.00804832 0
ppred_RECLAS
 0.0943426 0.162181 0.652883 0.0905924 9.34591e-07
 0.190405 0.10171 0.132718 0.505785 0.0693829
 0.963605 0.0099504 0.00351382 0.00434059 0.0185904
 0.644608 0.347131 0.00236998 0.000792289 0.00509967
 0.497988 0.377288 0.122002 0.000788531 0.00193322
 0.995048 0.00321058 0.00132667 0.000406124 8.93884e-06
 0.126825 0.870082 0.00204527 0.000800074 0.000247446
 0.220816 0.146225 0.630845 0.00140383 0.000710325
 0.950527 0.0145593 0.0068489 0.027972 9.25858e-05
 0.597296 0.389813 0.0039673 0.00176675 0.00715706
 0.964542 0.0264338 0.00875296 8.43321e-05 0.0001871
 0.926584 0.0715689 0.00139643 0.00043774 1.33934e-05
 0.832814 0.159566 0.00743916 0.000137411 4.38828e-05
 0.879689 0.107332 0.0124179 0.000548067 1.31952e-05
 0.901158 0.0923847 0.00579404 0.000634603 2.83541e-05
 0.986139 0.0131112 0.000702896 4.17323e-05 4.72008e-06
 0.249962 0.74338 0.00631646 0.000320569 2.09382e-05
 0.986323 0.00483643 0.00876624 7.05142e-05 3.76837e-06
 0.645395 0.351342 0.00119509 0.00205064 1.71762e-05
 0.840874 0.118064 0.0407069 0.000131081 0.000224216
 0.829346 0.152527 0.0136372 0.00445119 3.8339e-05
 0.909093 0.0802472 0.00958424 0.000811214 0.000264014
 0.181119 0.769192 0.044144 0.00499114 0.000553176
 0.915235 0.0211145 0.059987 0.00325907 0.00040455
 0.734235 0.250159 0.00405149 0.0108966 0.000657711
 0.410376 0.470498 0.112537 0.00172541 0.00486383
 0.89434 0.0532145 0.0423112 0.00958058 0.0005534
 0.83994 0.148383 0.00604735 0.00455188 0.00107764
 0.305793 0.609195 0.0791494 0.00305372 0.00280882
 0.384174 0.231796 0.339252 0.0417267 0.00305127
 0.964266 0.0182338 0.00681942 0.0094485 0.00123267
pobs_PELACES
 0 0 0 0 0
 0 0 0 0 0
 0 0 0 0 0
 0 0 0 0 0
 0 0 0 0 0
 0 0 0 0 0
 0 0 0 0 0
 0 0 0 0 0
 0 0 0 0 0
 0 0 0 0 0
 0 0 0 0 0
 0 0 0 0 0
 0 0 0 0 0
 0 0 0 0 0
 0 0 0 0 0
 0 0 0 0 0
 0.505614 0.472636 0.0217494 0 0
 0 0 0 0 0
 0.443492 0.261883 0.143347 0.151278 0
 0.227955 0.32914 0.350689 0.0885471 0.00366901
 0.970185 0.0296113 0.000203453 0 0
 0.997202 0.00247181 0.000326279 0 0
 0.445219 0.490057 0.0546422 0.010081 0
 0.90214 0.0892962 0.00764917 0.000914606 0
 0 0 0 0 0
 0.581667 0.319106 0.0959925 0.00289975 0.000334073
 0.762889 0.0836404 0.116647 0.0363945 0.000428098
 0.88444 0.0763242 0.0277011 0.0115352 0
 0.521256 0.241999 0.230069 0.00667565 0
 0.616807 0.101726 0.260614 0.0208532 0
 0.833518 0.0704572 0.0857862 0.0102388 0
ppred_PELACES
 0.0573171 0.146312 0.695873 0.100496 1.04538e-06
 0.126901 0.0918836 0.141652 0.56185 0.0777147
 0.943599 0.0132085 0.00551073 0.00708502 0.0305969
 0.586516 0.401797 0.00324095 0.00112765 0.00731864
 0.442842 0.400556 0.153029 0.00102941 0.00254476
 0.992377 0.0046276 0.00225917 0.000719794 1.59745e-05
 0.0996437 0.896537 0.00248985 0.00101372 0.000316127
 0.148028 0.139328 0.71016 0.00164479 0.000839169
 0.924397 0.0192567 0.0107023 0.0454927 0.00015183
 0.564067 0.419021 0.00503836 0.00233524 0.00953867
 0.948076 0.036985 0.0144689 0.00014509 0.000324575
 0.907744 0.0894986 0.00206313 0.00067311 2.07662e-05
 0.794624 0.194396 0.0107075 0.000205848 6.62852e-05
 0.861975 0.120744 0.0165044 0.000758136 1.84046e-05
 0.885808 0.105448 0.00781328 0.000890671 4.01261e-05
 0.981531 0.0172981 0.00109562 6.77028e-05 7.72111e-06
 0.205716 0.78595 0.00788992 0.000416758 2.74472e-05
 0.978777 0.00671554 0.0143808 0.000120396 6.48758e-06
 0.579578 0.415742 0.00167075 0.00298375 2.51997e-05
 0.792397 0.147125 0.0599309 0.000200857 0.000346425
 0.780448 0.192282 0.0203109 0.00689993 5.99245e-05
 0.879513 0.104082 0.0146865 0.00129378 0.000424567
 0.137996 0.800618 0.0542846 0.00638805 0.000713884
 0.870556 0.0283242 0.0950712 0.00537588 0.000672859
 0.659195 0.316746 0.00606072 0.0169654 0.00103253
 0.32415 0.51992 0.146922 0.00234449 0.00666393
 0.847845 0.0699998 0.0657562 0.0154966 0.000902569
 0.780466 0.200511 0.00965459 0.0075635 0.00180552
 0.228628 0.661906 0.101602 0.00407988 0.00378388
 0.300713 0.235703 0.407564 0.0521736 0.00384692
 0.948361 0.0238754 0.0105496 0.015213 0.00200122
pobs_pel_tallas
 0 0 0 0 0 0 0 0 0 0 0 0 0 0 0 0 0 0 0 0 0 0 0 0 0 0
 0 0 0 0 0 0 0 0 0 0 0 0 0 0 0 0 0 0 0 0 0 0 0 0 0 0
 0 0 0 0 0 0 0 0 0 0 0 0 0 0 0 0 0 0 0 0 0 0 0 0 0 0
 0 0 0 0 0 0 0 0 0 0 0 0 0 0 0 0 0 0 0 0 0 0 0 0 0 0
 0 0 0 0 0 0 0 0 0 0 0 0 0 0 0 0 0 0 0 0 0 0 0 0 0 0
 0 0 0 0 0 0 0 0 0 0 0 0 0 0 0 0 0 0 0 0 0 0 0 0 0 0
 0 0 0 0 0 0 0 0 0 0 0 0 0 0 0 0 0 0 0 0 0 0 0 0 0 0
 0 0 0 0 0 0 0 0 0 0 0 0 0 0 0 0 0 0 0 0 0 0 0 0 0 0
 0 0 0 0 0 0 0 0 0 0 0 0 0 0 0 0 0 0 0 0 0 0 0 0 0 0
 0 0 0 0 0 0 0 0 0 0 0 0 0 0 0 0 0 0 0 0 0 0 0 0 0 0
 0 0 0 0 0 0 0 0 0 0 0 0 0 0 0 0 0 0 0 0 0 0 0 0 0 0
 0 0 0 0 0 0 0 0 0 0 0 0 0 0 0 0 0 0 0 0 0 0 0 0 0 0
 0.00862536 0 0 0.000197151 0.00414017 0.0128641 0.00837892 0.0270097 0.101434 0.158115 0.152841 0.127902 0.109271 0.109419 0.0830992 0.0579132 0.0238553 0.00714673 0.00463305 0.00128148 0.00103504 0.000492878 0.000147863 0.000147863 4.92878e-05 0
 0 0 0 0 0 0 0 0 0 0 0 0 0 0 0 0 0 0 0 0 0 0 0 0 0 0
 0 0 0 0 0 0 0 0.0054083 0.00873648 0.0413646 0.0450493 0.0745869 0.0622846 0.0627006 0.0613931 0.0827291 0.12552 0.122667 0.0946155 0.0697135 0.0546179 0.0294188 0.0215738 0.0213955 0.0102223 0.00600262
 0 0 0 0 0.00359764 0.0251062 0.0480494 0.140153 0.205849 0.193036 0.1447 0.116669 0.0760912 0.0342217 0.00950174 0.001854 0.000860785 0 0 0 0.000165536 0 0.000143464 0 0 0
 0 0 0 0 0 0 0 0.000145254 0.000435761 0.0275982 0.070085 0.0708112 0.156366 0.174668 0.174014 0.160142 0.0824315 0.0480064 0.0283245 0.00493863 0.00203355 0 0 0 0 0
 0 0 0 0 0 0 0 0 0 0 0 0 0 0 0 0 0 0 0 0 0 0 0 0 0 0
 0 0 1.00437e-05 0.000401748 0.00122533 0.00171747 0.00176769 0.0269171 0.070346 0.194647 0.189555 0.159765 0.064822 0.0314167 0.0384472 0.0292271 0.0345202 0.0313363 0.0194345 0.0106764 0.0143323 0.0359363 0.0279516 0.0138201 0.00172751 0
 0 0.0021121 0.0136068 0.0755702 0.200478 0.177729 0.0527432 0.0373336 0.0318909 0.0142505 0.0149659 0.0166563 0.0217959 0.0798694 0.0677717 0.0528807 0.04013 0.0224614 0.0357745 0.0225083 0.00881397 0.00855152 0.00135912 0.000746735 0 0
 0 0 0 0 5.4009e-05 0.00500934 0.000945158 0.0243581 0.138947 0.33067 0.221406 0.137944 0.0707744 0.0437923 0.0131692 0.00525238 0.0047753 0.00276346 9.45158e-05 9.00151e-06 2.25038e-05 9.00151e-06 4.50075e-06 0 0 0
 0.000866109 0.00284123 0.00948549 0.0512746 0.133035 0.25785 0.225252 0.132002 0.0553304 0.0519788 0.0540692 0.017754 0.00435017 0.00159236 0.00146478 0.000404838 0.000125132 0.000115318 0.000107957 0.000100596 0 0 0 0 0 0
 0 0 0 0 0.00144013 0.00171154 0.00461396 0.0210425 0.0478622 0.0707936 0.0888783 0.103762 0.0637923 0.0337046 0.0602308 0.124433 0.169614 0.0934646 0.0462172 0.0250306 0.0313229 0.00938855 0.002487 0.000210481 0 0
 0 0.00764035 0.051015 0.0998891 0.058973 0.0496711 0.0374665 0.0718981 0.12319 0.153886 0.159021 0.0857701 0.0377988 0.023471 0.0147837 0.00900784 0.00315554 0.000888139 0.00291439 0.00214683 0.00393193 0.00274676 0.000635225 9.99891e-05 0 0
 0 0 0 0 0 0 0 0 0 0 0 0 0 0 0 0 0 0 0 0 0 0 0 0 0 0
 0 0 0 0 0 0 0 0 0 0 0 0 0 0 0 0 0 0 0 0 0 0 0 0 0 0
 0 0 0 0 0 0 0 0 0 0 0 0 0 0 0 0 0 0 0 0 0 0 0 0 0 0
 0 0 0 0 0 0 0 0 0 0 0 0 0 0 0 0 0 0 0 0 0 0 0 0 0 0
 0 0 0 0 0 0 0 0 0 0 0 0 0 0 0 0 0 0 0 0 0 0 0 0 0 0
 0 0 0 0 0 0 0 0 0 0 0 0 0 0 0 0 0 0 0 0 0 0 0 0 0 0
 0 0 0 0 0 0 0 0 0 0 0 0 0 0 0 0 0 0 0 0 0 0 0 0 0 0
ppred_pel_tallas
 1.30198e-16 4.72117e-06 4.58914e-05 0.000304965 0.00138634 0.00431349 0.00919091 0.0134176 0.0134327 0.00926558 0.00456732 0.00213325 0.00223175 0.00442399 0.00882341 0.0158943 0.0259609 0.0390414 0.0549505 0.0733108 0.0931576 0.112337 0.12741 0.13461 0.131501 0.118285
 1.73609e-16 1.04527e-05 0.000101604 0.000675192 0.00306933 0.00954987 0.0203474 0.0296995 0.0297088 0.0203929 0.00970395 0.00352034 0.00183062 0.00270442 0.00520137 0.00926662 0.0150527 0.0227719 0.032933 0.0465089 0.0645992 0.0875139 0.113766 0.139726 0.16038 0.170966
 1.06051e-16 7.7723e-05 0.000755495 0.00502053 0.0228226 0.0710096 0.151294 0.220818 0.220819 0.1513 0.0710308 0.022884 0.00517554 0.00109686 0.000735389 0.00111924 0.00167275 0.00226199 0.00282907 0.00340086 0.00409788 0.00507012 0.00638918 0.00796673 0.00955104 0.0108029
 1.01548e-16 4.83106e-05 0.000469596 0.00312063 0.014186 0.044138 0.0940422 0.137265 0.137304 0.0942309 0.0447716 0.0160148 0.00770714 0.0104681 0.0189967 0.0312226 0.0447242 0.0557224 0.0604068 0.0570359 0.0470122 0.0340125 0.021888 0.0129348 0.0075144 0.00476293
 1.05053e-16 3.64764e-05 0.000354563 0.0023562 0.010711 0.033326 0.071006 0.103643 0.103682 0.0711954 0.0339624 0.012551 0.00698163 0.0104743 0.0193207 0.0320513 0.046554 0.059336 0.0668114 0.0672437 0.0616674 0.0529853 0.0440485 0.0362857 0.0296943 0.0237211
 1.00142e-16 8.17408e-05 0.00079455 0.00528006 0.0240024 0.0746804 0.159114 0.232232 0.232233 0.159117 0.0746878 0.0240237 0.00533374 0.000912163 0.000306389 0.000380493 0.000547998 0.00070537 0.00080828 0.000837923 0.000806211 0.000744235 0.000679882 0.000622924 0.000566789 0.000500852
 1.00457e-16 8.2077e-06 7.97819e-05 0.000530183 0.00241019 0.00749945 0.0159816 0.0233436 0.0234298 0.0164027 0.00891291 0.00649012 0.0107614 0.0223817 0.0422664 0.069607 0.0996726 0.124082 0.134304 0.126412 0.103504 0.0737788 0.0458657 0.0249731 0.0120351 0.00526822
 1.20837e-16 1.21929e-05 0.000118519 0.000787604 0.00358034 0.0111398 0.0237352 0.0346452 0.0346597 0.0238065 0.0113824 0.00429433 0.00263064 0.00430955 0.00846127 0.0152401 0.0248984 0.0374094 0.0524927 0.0695951 0.087534 0.104015 0.115689 0.119209 0.112832 0.0975224
 1.04902e-16 7.61413e-05 0.000740121 0.00491836 0.0223582 0.0695646 0.148215 0.216324 0.216326 0.148224 0.0695956 0.0224483 0.00514615 0.00124296 0.0010483 0.00166008 0.0025026 0.00341455 0.00430861 0.00519752 0.00619772 0.00743506 0.00890846 0.0104164 0.0116071 0.0121245
 1.02101e-16 4.64615e-05 0.000451622 0.00300119 0.013643 0.0424487 0.0904429 0.132012 0.132053 0.0906397 0.0431095 0.0155505 0.00778511 0.0108811 0.0198133 0.0325759 0.0466751 0.0581792 0.0631229 0.0596966 0.049366 0.0359605 0.0234825 0.0143046 0.00877831 0.0059803
 1.00497e-16 7.80918e-05 0.00075908 0.00504435 0.0229309 0.0713466 0.152012 0.221866 0.22187 0.152029 0.0714054 0.0231008 0.00547157 0.00169385 0.00185967 0.00296701 0.0043038 0.00548857 0.00618645 0.00623722 0.00573587 0.00494893 0.00413725 0.00343023 0.00282577 0.00227224
 1.00154e-16 7.47697e-05 0.000726788 0.00482976 0.0219554 0.0683115 0.145545 0.212429 0.212438 0.145587 0.0684526 0.0223629 0.00585182 0.00295513 0.00429853 0.00696631 0.00997702 0.012439 0.0134996 0.0127682 0.0105507 0.00765628 0.00493301 0.00288713 0.00160284 0.000901197
 1.00391e-16 6.54522e-05 0.000636218 0.0042279 0.0192194 0.0597988 0.127408 0.18596 0.185979 0.1275 0.0601056 0.0201052 0.00644996 0.00548232 0.00925523 0.0151606 0.0217468 0.027164 0.0295732 0.0281237 0.0234633 0.0173187 0.0114936 0.00705829 0.00418851 0.00251573
 1.00587e-16 7.09998e-05 0.000690143 0.00458625 0.0208484 0.0648672 0.138207 0.201719 0.201731 0.138264 0.0650581 0.0213997 0.00596998 0.00371039 0.00580556 0.00948132 0.013641 0.0171299 0.0188197 0.0181839 0.0156026 0.0120987 0.008726 0.00608813 0.0042638 0.00303707
 1.00349e-16 7.29629e-05 0.000709225 0.00471305 0.0214249 0.0666607 0.142028 0.207296 0.207306 0.142078 0.0668272 0.0219056 0.00591917 0.00334019 0.00506376 0.0082404 0.0118267 0.0147941 0.0161471 0.0154259 0.0129787 0.00973177 0.00664852 0.00429336 0.00275049 0.00181777
 1.00045e-16 8.08474e-05 0.000785866 0.00522235 0.0237401 0.0738641 0.157375 0.229694 0.229696 0.157384 0.0738914 0.0238189 0.00542014 0.00121725 0.000899006 0.00135532 0.0019375 0.00242134 0.00263894 0.00251452 0.00210544 0.00156465 0.00105158 0.000660354 0.000405847 0.00025514
 1.00476e-16 1.69447e-05 0.000164709 0.00109455 0.00497572 0.0154817 0.0329882 0.0481632 0.0482387 0.0333575 0.016721 0.00855302 0.0100658 0.0197213 0.0370772 0.061056 0.0874506 0.108916 0.117978 0.111195 0.0912672 0.0653535 0.0409816 0.0226879 0.0112813 0.00521407
 1.0043e-16 8.06205e-05 0.00078366 0.0052077 0.0236734 0.0736569 0.156934 0.22905 0.22905 0.156937 0.0736679 0.0237056 0.00528946 0.000965408 0.000435296 0.000616688 0.000937615 0.00129701 0.0016474 0.00196042 0.00222572 0.00243246 0.0025502 0.00253338 0.00235029 0.00201217
 1.00459e-16 4.77392e-05 0.000464042 0.00308372 0.0140182 0.043616 0.0929299 0.135642 0.135682 0.0931252 0.0442714 0.0159102 0.00782857 0.0108071 0.019647 0.0322895 0.046239 0.0575781 0.062353 0.058748 0.0482026 0.0345158 0.0216793 0.0120919 0.00616731 0.00306185
 1.01846e-16 6.52688e-05 0.000634436 0.00421605 0.0191655 0.0596312 0.127051 0.185438 0.185452 0.127121 0.0598651 0.0198418 0.00591625 0.00435507 0.00715782 0.0117982 0.0171461 0.0218831 0.024693 0.0249366 0.0229831 0.019879 0.0166474 0.0137942 0.0113136 0.0090156
 1.01338e-16 6.42845e-05 0.000624868 0.00415247 0.0188765 0.058732 0.125135 0.182643 0.182661 0.125226 0.0590358 0.019754 0.00635444 0.00543007 0.00918517 0.0150699 0.0216713 0.0271866 0.0298234 0.0287553 0.024611 0.01905 0.0137753 0.00975155 0.00707671 0.00535408
 1.00653e-16 7.24444e-05 0.000704185 0.00467956 0.0212726 0.066187 0.141019 0.205823 0.205833 0.141068 0.0663516 0.0217479 0.0058726 0.00330838 0.0050176 0.00817847 0.0117691 0.0147875 0.0162627 0.0157431 0.0135575 0.0105861 0.00773254 0.00550969 0.00397673 0.00294
 1.02533e-16 1.13667e-05 0.000110488 0.000734237 0.00333778 0.0103855 0.0221302 0.0323159 0.0323929 0.0225068 0.0116494 0.00698722 0.00988994 0.0200811 0.0378909 0.062496 0.0897261 0.112195 0.122372 0.116766 0.0980324 0.0732315 0.0497114 0.0317878 0.0201136 0.013144
 1.03404e-16 7.17065e-05 0.000697013 0.0046319 0.0210559 0.0655128 0.139582 0.203725 0.203728 0.139596 0.0655606 0.0211957 0.0049895 0.0015002 0.00166299 0.00280719 0.00443504 0.00640399 0.00859066 0.0108906 0.0131888 0.015268 0.0167601 0.0172429 0.0164514 0.0144521
 1.02133e-16 5.42971e-05 0.000527787 0.00350733 0.0159438 0.0496074 0.105695 0.154271 0.154302 0.105844 0.0501071 0.0173863 0.00712547 0.0084172 0.0150115 0.0246632 0.0353664 0.0441511 0.0480401 0.0456837 0.0381939 0.028444 0.0194059 0.0127952 0.00879705 0.00665993
 1.05736e-16 2.66999e-05 0.000259533 0.00172469 0.00784021 0.0243941 0.051976 0.0758711 0.0759213 0.0522215 0.0252185 0.0102228 0.00771033 0.013343 0.024923 0.0412856 0.0597577 0.0757337 0.0844918 0.0837845 0.0750857 0.0624298 0.0498562 0.0395054 0.0314809 0.0249361
 1.03623e-16 6.98359e-05 0.00067883 0.00451106 0.0205066 0.0638038 0.135941 0.198411 0.198418 0.135974 0.0639164 0.020833 0.00533473 0.00249158 0.00355566 0.00588045 0.00872803 0.0115284 0.0137376 0.0150884 0.0156961 0.0158734 0.0158222 0.015478 0.0146194 0.0131018
 1.01395e-16 6.4286e-05 0.000624882 0.00415256 0.018877 0.0587334 0.125138 0.182647 0.182666 0.125233 0.0590498 0.0197907 0.0064448 0.00562437 0.00954614 0.0156459 0.0224535 0.0280725 0.0306209 0.0292405 0.0246194 0.0185489 0.0128801 0.00867903 0.006064 0.00458283
 1.04151e-16 1.88319e-05 0.000183053 0.00121645 0.00552986 0.0172058 0.0366611 0.0535214 0.0535852 0.0369729 0.0182526 0.00855342 0.00880614 0.0167518 0.0314864 0.0520236 0.074936 0.0942142 0.103717 0.100568 0.0868345 0.0680745 0.0499914 0.0358184 0.0259344 0.0191433
 1.17705e-16 2.47694e-05 0.000240767 0.00159998 0.0072733 0.0226301 0.0482166 0.0703784 0.0704018 0.0483308 0.0230152 0.00839324 0.00443981 0.00653482 0.0122558 0.0209456 0.0318558 0.0435725 0.0545512 0.0639082 0.0715959 0.0777332 0.0817702 0.0824001 0.0783815 0.0695503
 1.02175e-16 7.81152e-05 0.000759308 0.00504587 0.0229378 0.071368 0.152057 0.221932 0.221935 0.152068 0.0714061 0.0230481 0.00532359 0.00136858 0.00124432 0.00195811 0.00287324 0.00374536 0.00438953 0.00473839 0.00487968 0.00498367 0.0051721 0.00543252 0.00563486 0.00562053
pSPR Fmed_Fpbrs
0.222585   0.24608 0.24608
Fs Fmed_Fpbrs
1.09676   1.005 1.005
SSBpbr Bo_Bmed_Bpbrs
1.43408e+06  247500  281194 281194
Ro
57470.1
SPR SPRFo_SPRFmed_SPRFpbrs
410792 91436 101088
Fref
1.005
Nvult_r0
 91250.8 1721.93 600.99 820.847 106.782
CTP_r0
 40888.4 957.552 334.205 456.466 59.3807
YTP_r0
390971
Np
 89211.3 17815.6 202.258 70.5923 106.551
Nvult_p0
 72101.2 15416.5 175.022 61.0863 92.2031
CTP_p0
 28439 7727.48 87.7292 30.6193 46.2165
YTP_p0
 342954
CBA_c0
376566
log_Ro
10.779
likeval ReclasPelacesDesembMPH_pf_preclas_ppelaces_ptallas_desvR_qrecl_qpela
 15.4442 18.4047 0.2312 0.000912648 308.984 118.602 115.629 0 73.3234 0.000132004 0.000306203 0.00216592 0 0 0
q_reclas_q_pelaces
5.09409 12.0556
M
1
N
 14080.5 19140.9 71907.8 9835.85 0.10118
 8720.63 4229.64 5150.52 19349.3 2646.71
 167954 1574.52 518.88 631.852 2698.41
 56359.3 30338.3 193.295 63.7001 408.839
 8564.53 7140.96 2154.92 13.7297 33.5644
 286429 761.435 293.624 88.6068 1.94466
 11295.5 73967.3 162.259 62.5704 19.2962
 3031.91 1696.46 6830.08 14.9829 7.5595
 51561.4 713.454 313.202 1260.98 4.1618
 12285.4 9485.34 90.0887 39.5485 159.751
 36221 836.886 258.608 2.45618 5.43369
 111882 8593.69 156.479 48.3538 1.47523
 75864.3 14448.6 628.623 11.4463 3.64497
 68871.2 9812.54 1059.45 46.0941 1.10658
 41827.6 4921.97 288.071 31.1028 1.38569
 255035 3184.72 159.331 9.32526 1.0517
 13879 40650.8 322.338 16.1265 1.05029
 437784 1857.49 3141.91 24.9136 1.3276
 182938 94381.2 299.597 506.764 4.23248
 213130 28207.5 9076.01 28.8102 49.1391
 197206 33523 2797.05 899.975 7.72943
 409151 33343.8 3716.4 310.084 100.629
 18231.8 69473.3 3720.78 414.708 45.8309
 174337 3438.83 9117.32 488.297 60.4387
 134821 39274.6 593.594 1573.79 94.7202
 30608.5 30373.4 6779.67 102.468 288.022
 126427 6592.32 4891.52 1091.84 62.8869
 180409 26011.4 989.291 734.057 173.287
 29637.3 48239.9 5848.94 222.453 204.026
 13509.7 7893.28 10780.8 1307.14 95.3112
 109066 1924.19 671.582 917.264 119.325
pred_Ctot
 1660.1 3332.87 12520.8 1712.65 0.0176178
 2971.35 1942.21 2365.08 8885.05 1215.35
 57198.7 722.709 238.168 290.022 1238.58
 25394.2 17526.6 111.668 36.8 236.189
 4578.92 4701.71 1418.83 9.03985 22.0993
 55532.4 211.613 81.6022 24.625 0.540446
 4535.86 38955.4 85.4549 32.9531 10.1625
 716.02 564.495 2272.7 4.98554 2.51541
 17223.5 322.124 141.411 569.331 1.87905
 7186.96 6665.31 63.305 27.7905 112.256
 8423.18 274.622 84.8615 0.805988 1.78305
 49831.4 4919.44 89.576 27.6801 0.844491
 33757.1 8264.82 359.581 6.54746 2.08497
 39712.5 6824.95 736.885 32.06 0.769661
 23637.1 3374.31 197.49 21.3229 0.949976
 97641.8 1612.72 80.6838 4.72224 0.532572
 6044.11 22858 181.251 9.06796 0.590582
 119598 704.036 1190.87 9.44291 0.503194
 71967.4 48876.6 155.15 262.434 2.19185
 82505 14415.1 4638.19 14.7231 25.112
 71669.1 16254.9 1356.26 436.387 3.74791
 148109 16114.6 1796.09 149.86 48.6328
 5924.5 30635.2 1640.73 182.871 20.2098
 44441.3 1225.58 3249.36 174.026 21.54
 34366.6 13996.7 211.545 560.867 33.7564
 8374.23 11527.3 2573.03 38.8886 109.31
 36907 2648.89 1965.48 438.718 25.2689
 31968.3 6651.21 252.966 187.701 44.3101
 5308.92 12460 1510.73 57.4577 52.6982
 5640.87 4290.97 5860.71 710.594 51.8134
 40888.4 957.552 334.205 456.466 59.3807
F
 0.202678 0.312727 0.312727 0.312727 0.312727
 0.711742 1.0982 1.0982 1.0982 1.0982
 0.711279 1.09749 1.09749 1.09749 1.09749
 1.0659 1.64466 1.64466 1.64466 1.64466
 1.42018 2.1913 2.1913 2.1913 2.1913
 0.353868 0.54601 0.54601 0.54601 0.54601
 0.895858 1.38229 1.38229 1.38229 1.38229
 0.446831 0.689449 0.689449 0.689449 0.689449
 0.693027 1.06932 1.06932 1.06932 1.06932
 1.68648 2.60219 2.60219 2.60219 2.60219
 0.438612 0.676767 0.676767 0.676767 0.676767
 1.04684 1.61525 1.61525 1.61525 1.61525
 1.04528 1.61285 1.61285 1.61285 1.61285
 1.63853 2.52821 2.52821 2.52821 2.52821
 1.57519 2.43048 2.43048 2.43048 2.43048
 0.836385 1.29052 1.29052 1.29052 1.29052
 1.01116 1.56019 1.56019 1.56019 1.56019
 0.534384 0.824541 0.824541 0.824541 0.824541
 0.86956 1.34171 1.34171 1.34171 1.34171
 0.849672 1.31102 1.31102 1.31102 1.31102
 0.777379 1.19948 1.19948 1.19948 1.19948
 0.773141 1.19294 1.19294 1.19294 1.19294
 0.668039 1.03077 1.03077 1.03077 1.03077
 0.49041 0.756689 0.756689 0.756689 0.756689
 0.490383 0.756649 0.756649 0.756649 0.756649
 0.535371 0.826064 0.826064 0.826064 0.826064
 0.581132 0.896672 0.896672 0.896672 0.896672
 0.319042 0.492273 0.492273 0.492273 0.492273
 0.323023 0.498416 0.498416 0.498416 0.498416
 0.948901 1.46413 1.46413 1.46413 1.46413
 0.811884 1.25272 1.25272 1.25272 1.25272
nmprior
 8.19 8.8 8.5 0
nm_flota  nm_reclas  nm_pelaces    nm_pelaL
inf 18.9986 4.94654 7.99083
cv_recla  cv_pelaces  cv_mph
0.355474 0.486448 0.932303
 ------------------------------------------------
Talla a la edad & desviaci?n 
 8 13.2811 15.8009 17.003 17.5766
 0.8 1.32811 1.58009 1.7003 1.75766
