years
 1991 1992 1993 1994 1995 1996 1997 1998 1999 2000 2001 2002 2003 2004 2005 2006 2007 2008 2009 2010 2011 2012 2013 2014 2015 2016 2017 2018 2019 2020 2021
reclasobs
 0 0 0 0 0 0 0 0 0 252601 567819 844713 477998 351125 339783 2.1784e+06 2.13404e+06 4.81314e+06 1.55562e+06 2.62356e+06 3.21686e+06 3.843e+06 1.13348e+06 3.07943e+06 1.97215e+06 2.03268e+06 2.025e+06 2.42433e+06 2.27542e+06 1.05018e+06 2.36338e+06
reclaspred
 6.67924e+06 1.97637e+06 1.02838e+06 799663 238578 3.19778e+06 1.59068e+06 670738 682570 248586 412357 823961 770434 574251 422109 1.76297e+06 901007 4.115e+06 2.97979e+06 2.04651e+06 3.09775e+06 3.11989e+06 1.69105e+06 3.25566e+06 2.38751e+06 1.63352e+06 2.17469e+06 3.27556e+06 2.59902e+06 836141 1.49825e+06
pelacesobs
 0 0 0 0 0 0 0 0 0 0 0 0 0 0 0 552880 188675 0 991730 2.46772e+06 1.41603e+06 1.21717e+06 2.29649e+06 1.80582e+06 0 1.4828e+06 1.56532e+06 1.57751e+06 1.42118e+06 867257 1.10002e+06
pelacespred
 6.70529e+06 1.82771e+06 584805 322568 110725 1.72292e+06 941921 591596 368058 94271.9 217903 346358 370607 248151 176658 721113 435227 2.186e+06 1.69613e+06 999138 1.57056e+06 1.56604e+06 1.04186e+06 2.02359e+06 1.57479e+06 1.10919e+06 1.46366e+06 2.25091e+06 1.89404e+06 596385 795654
mphobs
 0 0 0 0 0 0 0 0 0 0 0 498337 0 5186 125008 0 168611 109162 213762 579715 649985 157893 87575 83554 0 0 0 0 0 0 0
mphpred
 1.41802e+06 591314 112519 123475 55843.3 17871.2 444442 125621 57954.1 52204.8 13029 56909.7 76879 52173 28074.2 28948 207342 70014.8 494630 235571 251577 281757 355972 155536 382970 277262 152194 230547 508955 224935 54387.5
desembarqueobs
 494567 514787 250237 358949 120608 361735 552515 73892 212993 205616 52469 317467 293654 387597 252695 516296 358380 742168 942051 627588 828172 859565 418607 520667 417249 300574 407403 355545 319650 289779 391294
desembarquepred
 494500 514434 249959 358620 120529 361562 551904 73872.1 212819 205408 52455.4 317178 293328 386932 252384 515781 358141 741478 940480 626434 827646 858555 418217 520352 416826 300300 407065 355281 319311 289268 391037
Reclutas
 27242.9 17805.7 158887 56372.8 14420.1 288391 21425.1 5949.43 37257.4 27676.9 39291.4 108473 79412.9 68059.4 43065.3 253589 19379.2 429739 208709 202580 210629 399307 25987 175383 134792 37143.3 129356 174635 33538.8 17942.5 112791
log_desv_Rt
 -0.913523 -1.3388 0.84988 -0.186328 -1.54969 1.446 -1.15375 -2.43502 -0.600464 -0.897718 -0.54731 0.468189 0.156346 0.00206616 -0.455596 1.3174 -1.25411 1.84486 1.12263 1.09282 1.13179 1.77142 -0.96072 0.948656 0.685415 -0.603532 0.644252 0.944385 -0.705611 -1.33114 0.507218
SSB
 1.57672e+06 657492 125111 137294 62093.1 19871.3 494182 139680 64440 58047.4 14487.1 63278.8 85482.9 58011.9 31216.2 32187.7 230547 77850.6 549987 261935 279732 313290 395811 172943 425831 308292 169227 256348 565915 250109 60474.3
BT
 2.01301e+06 962623 427573 383766 132801 1.29425e+06 764527 232075 361362 227883 156139 430976 436921 528460 340643 806800 419207 1.86584e+06 1.5573e+06 921842 1.42316e+06 1.43903e+06 673748 1.49017e+06 938252 630831 1.1188e+06 1.40754e+06 820115 450378 784255
Ftot
 0.321689 1.04046 1.04232 1.66504 1.80145 0.524444 1.28791 0.473741 1.30818 2.66629 0.580461 1.55865 1.51997 2.43546 2.25516 1.2671 1.46126 0.812581 1.25641 1.26216 1.11716 1.15838 0.977557 0.716511 0.738407 0.764105 0.824481 0.490229 0.512169 1.3279 1.13526
BD_Bspro_t
 0.950022 0.619799 0.236879 0.263392 0.112446 0.0510263 0.469872 0.183725 0.132477 0.139019 0.0540641 0.263209 0.20673 0.128652 0.0704362 0.0752538 0.254191 0.105302 0.369233 0.203133 0.181305 0.19819 0.248101 0.143927 0.319968 0.303361 0.238536 0.353692 0.520049 0.324862 0.130383
BD_Bspro
 3.24775 1.35431 0.257707 0.282801 0.127901 0.0409313 1.01793 0.287715 0.132735 0.119567 0.0298409 0.130343 0.176079 0.119494 0.0642997 0.0663009 0.474884 0.160358 1.13287 0.539539 0.576198 0.64532 0.815299 0.356232 0.877134 0.635027 0.348577 0.528031 1.16568 0.51518 0.124566
BD_Bo
 1.14713 0.478356 0.0910245 0.0998881 0.0451756 0.0144573 0.359541 0.101624 0.0468832 0.0422322 0.0105401 0.0460383 0.0621928 0.0422064 0.0227112 0.0234181 0.167733 0.05664 0.400141 0.19057 0.203518 0.227933 0.287971 0.125824 0.309812 0.224297 0.12312 0.186505 0.41173 0.181966 0.0439979
BD_Brms
 5.86412 2.44534 0.465315 0.510625 0.230937 0.0739054 1.83796 0.519497 0.239665 0.21589 0.0538805 0.235347 0.317928 0.215758 0.116099 0.119713 0.857449 0.289542 2.04551 0.97419 1.04038 1.16519 1.4721 0.643211 1.58375 1.1466 0.629389 0.953411 2.10475 0.930207 0.224916
Sel_flota
 0.659781 0.973578 0.998574 0.999925 0.999996
 0.659781 0.973578 0.998574 0.999925 0.999996
 0.659781 0.973578 0.998574 0.999925 0.999996
 0.659781 0.973578 0.998574 0.999925 0.999996
 0.659781 0.973578 0.998574 0.999925 0.999996
 0.659781 0.973578 0.998574 0.999925 0.999996
 0.659781 0.973578 0.998574 0.999925 0.999996
 0.659781 0.973578 0.998574 0.999925 0.999996
 0.659781 0.973578 0.998574 0.999925 0.999996
 0.659781 0.973578 0.998574 0.999925 0.999996
 0.659781 0.973578 0.998574 0.999925 0.999996
 0.659781 0.973578 0.998574 0.999925 0.999996
 0.659781 0.973578 0.998574 0.999925 0.999996
 0.659781 0.973578 0.998574 0.999925 0.999996
 0.659781 0.973578 0.998574 0.999925 0.999996
 0.659781 0.973578 0.998574 0.999925 0.999996
 0.659781 0.973578 0.998574 0.999925 0.999996
 0.659781 0.973578 0.998574 0.999925 0.999996
 0.659781 0.973578 0.998574 0.999925 0.999996
 0.659781 0.973578 0.998574 0.999925 0.999996
 0.659781 0.973578 0.998574 0.999925 0.999996
 0.659781 0.973578 0.998574 0.999925 0.999996
 0.659781 0.973578 0.998574 0.999925 0.999996
 0.659781 0.973578 0.998574 0.999925 0.999996
 0.659781 0.973578 0.998574 0.999925 0.999996
 0.659781 0.973578 0.998574 0.999925 0.999996
 0.659781 0.973578 0.998574 0.999925 0.999996
 0.659781 0.973578 0.998574 0.999925 0.999996
 0.659781 0.973578 0.998574 0.999925 0.999996
 0.659781 0.973578 0.998574 0.999925 0.999996
 0.659781 0.973578 0.998574 0.999925 0.999996
Sel_reclas
 0.697519 0.920668 0.983166 0.996609 0.999324
 0.697519 0.920668 0.983166 0.996609 0.999324
 0.697519 0.920668 0.983166 0.996609 0.999324
 0.697519 0.920668 0.983166 0.996609 0.999324
 0.697519 0.920668 0.983166 0.996609 0.999324
 0.697519 0.920668 0.983166 0.996609 0.999324
 0.697519 0.920668 0.983166 0.996609 0.999324
 0.697519 0.920668 0.983166 0.996609 0.999324
 0.697519 0.920668 0.983166 0.996609 0.999324
 0.697519 0.920668 0.983166 0.996609 0.999324
 0.697519 0.920668 0.983166 0.996609 0.999324
 0.697519 0.920668 0.983166 0.996609 0.999324
 0.697519 0.920668 0.983166 0.996609 0.999324
 0.697519 0.920668 0.983166 0.996609 0.999324
 0.697519 0.920668 0.983166 0.996609 0.999324
 0.697519 0.920668 0.983166 0.996609 0.999324
 0.697519 0.920668 0.983166 0.996609 0.999324
 0.697519 0.920668 0.983166 0.996609 0.999324
 0.697519 0.920668 0.983166 0.996609 0.999324
 0.697519 0.920668 0.983166 0.996609 0.999324
 0.697519 0.920668 0.983166 0.996609 0.999324
 0.697519 0.920668 0.983166 0.996609 0.999324
 0.697519 0.920668 0.983166 0.996609 0.999324
 0.697519 0.920668 0.983166 0.996609 0.999324
 0.697519 0.920668 0.983166 0.996609 0.999324
 0.697519 0.920668 0.983166 0.996609 0.999324
 0.697519 0.920668 0.983166 0.996609 0.999324
 0.697519 0.920668 0.983166 0.996609 0.999324
 0.697519 0.920668 0.983166 0.996609 0.999324
 0.697519 0.920668 0.983166 0.996609 0.999324
 0.697519 0.920668 0.983166 0.996609 0.999324
Sel_pelaces
 0.362222 0.740815 0.935 0.986375 0.997263
 0.362222 0.740815 0.935 0.986375 0.997263
 0.362222 0.740815 0.935 0.986375 0.997263
 0.362222 0.740815 0.935 0.986375 0.997263
 0.362222 0.740815 0.935 0.986375 0.997263
 0.362222 0.740815 0.935 0.986375 0.997263
 0.362222 0.740815 0.935 0.986375 0.997263
 0.362222 0.740815 0.935 0.986375 0.997263
 0.362222 0.740815 0.935 0.986375 0.997263
 0.362222 0.740815 0.935 0.986375 0.997263
 0.362222 0.740815 0.935 0.986375 0.997263
 0.362222 0.740815 0.935 0.986375 0.997263
 0.362222 0.740815 0.935 0.986375 0.997263
 0.362222 0.740815 0.935 0.986375 0.997263
 0.362222 0.740815 0.935 0.986375 0.997263
 0.362222 0.740815 0.935 0.986375 0.997263
 0.362222 0.740815 0.935 0.986375 0.997263
 0.362222 0.740815 0.935 0.986375 0.997263
 0.362222 0.740815 0.935 0.986375 0.997263
 0.362222 0.740815 0.935 0.986375 0.997263
 0.362222 0.740815 0.935 0.986375 0.997263
 0.362222 0.740815 0.935 0.986375 0.997263
 0.362222 0.740815 0.935 0.986375 0.997263
 0.362222 0.740815 0.935 0.986375 0.997263
 0.362222 0.740815 0.935 0.986375 0.997263
 0.362222 0.740815 0.935 0.986375 0.997263
 0.362222 0.740815 0.935 0.986375 0.997263
 0.362222 0.740815 0.935 0.986375 0.997263
 0.362222 0.740815 0.935 0.986375 0.997263
 0.362222 0.740815 0.935 0.986375 0.997263
 0.362222 0.740815 0.935 0.986375 0.997263
pf_obs 
 0.8446 0.082 0.0669 0.0065 0
 0.8095 0.147 0.0364 0.0071 0
 0.9664 0.0169 0.016 0.0007 0
 0.9276 0.0648 0.0075 0.0001 0
 0.7033 0.2144 0.0806 0.0017 0
 0.9318 0.0425 0.0243 0.0014 0
 0.5671 0.3108 0.0964 0.0239 0.0018
 0.0768 0.2599 0.5324 0.112 0.0189
 0.490249 0.384438 0.106611 0.0170017 0.00170017
 0.7925 0.1577 0.0466 0.003 0.0002
 0.840416 0.127587 0.0312969 0.00059994 9.999e-05
 0.8084 0.0986 0.0794 0.0134 0.0002
 0.7335 0.1905 0.0724 0.0035 0.0001
 0.4001 0.4547 0.1325 0.0127 0
 0.49795 0.308269 0.164784 0.0264974 0.00249975
 0.9179 0.0499 0.0305 0.0017 0
 0.2467 0.6533 0.0926 0.0074 0
 0.9418 0.0223 0.034 0.0019 0
 0.707729 0.231977 0.0356964 0.0245975 0
 0.517169 0.277429 0.184464 0.0207286 0.00020938
 0.811772 0.124168 0.05621 0.00726502 0.000585176
 0.764997 0.148141 0.077277 0.00933861 0.000247198
 0.163321 0.427699 0.378323 0.0303852 0.000271297
 0.753843 0.0900009 0.118128 0.0371064 0.000921714
 0.721811 0.176058 0.0630433 0.0369309 0.00215725
 0.143369 0.312575 0.442814 0.0836902 0.0175525
 0.692698 0.0596174 0.167031 0.0765114 0.00414204
 0.394062 0.376323 0.152708 0.0712218 0.00568511
 0.125707 0.32114 0.495352 0.0537591 0.00404204
 0.23352 0.215282 0.420074 0.123614 0.00750983
 0.774587 0.0839891 0.0768558 0.0609784 0.00358967
pf_pred 
 0.160386 0.185777 0.577716 0.07612 9.94671e-07
 0.279081 0.167003 0.125405 0.378693 0.049819
 0.938703 0.0256016 0.00854754 0.00615695 0.0209913
 0.597402 0.38884 0.00589279 0.00188681 0.0059788
 0.560361 0.33221 0.10395 0.00149288 0.00198668
 0.989531 0.00768069 0.00213531 0.00063172 2.10802e-05
 0.180659 0.814034 0.0039277 0.0010568 0.000322514
 0.271403 0.214118 0.511297 0.00235617 0.000825365
 0.872496 0.0481439 0.0238509 0.0551664 0.000342679
 0.79129 0.194347 0.00558913 0.0026418 0.00613285
 0.936785 0.0575397 0.00531146 0.000141799 0.000221693
 0.893598 0.102183 0.0038512 0.000343713 2.34783e-05
 0.806363 0.182903 0.0103287 0.000369709 3.51518e-05
 0.826725 0.154865 0.0174374 0.00093571 3.65766e-05
 0.86835 0.12164 0.00901115 0.00094614 5.25569e-05
 0.981046 0.0178343 0.00104004 7.21418e-05 7.96704e-06
 0.272263 0.720397 0.0069251 0.000385715 2.9636e-05
 0.980366 0.008333 0.0111929 0.000102407 6.12576e-06
 0.633706 0.362138 0.00180222 0.00233141 2.25609e-05
 0.78209 0.166777 0.0505796 0.000240476 0.000313328
 0.812862 0.16326 0.0184689 0.00535077 5.84383e-05
 0.880341 0.106317 0.0117029 0.00126812 0.000370552
 0.211123 0.734836 0.0482471 0.0050835 0.000710114
 0.892214 0.0346233 0.0683373 0.00430947 0.000516363
 0.698099 0.281962 0.00656165 0.0124962 0.000880755
 0.417962 0.462865 0.111574 0.00250432 0.00509555
 0.865161 0.0740832 0.0486755 0.0113115 0.000768925
 0.806651 0.177385 0.00892059 0.0056454 0.00139827
 0.311348 0.598578 0.0828567 0.0040362 0.00318148
 0.40137 0.252349 0.302259 0.0405005 0.00352173
 0.947109 0.0300785 0.00988057 0.0112915 0.00164038
pobs_RECLAS
 0 0 0 0 0
 0 0 0 0 0
 0 0 0 0 0
 0 0 0 0 0
 0 0 0 0 0
 0 0 0 0 0
 0 0 0 0 0
 0 0 0 0 0
 0 0 0 0 0
 0 0 0 0 0
 0.991045 0.00858322 0.000360255 1.14367e-05 0
 0.934742 0.0480273 0.0164251 0.00080598 0
 0.827803 0.169806 0.00239088 0 0
 0.941827 0.0461693 0.0120037 0 0
 0.791401 0.0380133 0.147996 0.0225897 0
 0.846168 0.0940531 0.0597789 0 0
 0.134021 0.677848 0.182769 0.00536245 0
 0.80878 0.0450904 0.141981 0.00414843 0
 0.846168 0.0940531 0.0597789 0 0
 0.905697 0.0802665 0.012482 0.00150086 5.37128e-05
 0.989698 0.0102097 9.19794e-05 0 0
 0.975433 0.0193895 0.00387452 0.00125025 5.28907e-05
 0.303575 0.632131 0.0575291 0.00676475 0
 0.966965 0.00978017 0.0227588 0.000495775 0
 0.843318 0.132988 0.00938335 0.0141283 0.000182051
 0.564624 0.303363 0.111486 0.0197234 0.00080311
 0.826376 0.0876187 0.0782897 0.00655872 0.00115652
 0.89761 0.0855135 0.0140674 0.00269457 0.000114338
 0.34875 0.467042 0.161289 0.0227151 0.000203297
 0.318654 0.224769 0.449479 0.00709798 0
 0.937255 0.0296025 0.0250945 0.00804832 0
ppred_RECLAS
 0.172859 0.177255 0.573407 0.0764782 1.002e-06
 0.30466 0.155485 0.121061 0.369991 0.0488028
 0.945857 0.0219985 0.00761532 0.0055517 0.0189777
 0.645428 0.341978 0.00535158 0.00173383 0.00550846
 0.611187 0.291526 0.0940959 0.00136729 0.00182434
 0.990697 0.00674928 0.00195047 0.000584085 1.95422e-05
 0.208172 0.786502 0.00392887 0.00106979 0.000327341
 0.291716 0.202462 0.502654 0.00234467 0.00082351
 0.888342 0.0410402 0.0210469 0.0492644 0.000306824
 0.836596 0.151823 0.00447026 0.00213699 0.00497388
 0.944034 0.0507586 0.00486942 0.000131584 0.000206268
 0.910816 0.0855314 0.00333129 0.000300847 2.06043e-05
 0.834591 0.155945 0.00910304 0.000329717 3.14318e-05
 0.862708 0.122359 0.0141358 0.000767263 3.00704e-05
 0.895125 0.0966886 0.0073609 0.000781824 4.35429e-05
 0.984001 0.0150215 0.000907061 6.36728e-05 7.0503e-06
 0.311247 0.681566 0.00677534 0.000381876 2.94183e-05
 0.982607 0.00722247 0.0100713 9.32635e-05 5.59358e-06
 0.672948 0.323184 0.0016655 0.00218041 2.11553e-05
 0.809051 0.14493 0.0455137 0.000218988 0.000286083
 0.835886 0.14246 0.0167027 0.0048974 5.3628e-05
 0.896458 0.091612 0.0104488 0.00114585 0.000335709
 0.237642 0.70826 0.0482341 0.0051436 0.000720408
 0.90266 0.0304518 0.0624254 0.00398456 0.000478696
 0.726384 0.254753 0.00615679 0.0118678 0.000838678
 0.451017 0.433091 0.108404 0.00246277 0.00502426
 0.879392 0.0650733 0.0443838 0.0104394 0.000711517
 0.825423 0.159563 0.00834236 0.00534399 0.00132712
 0.338666 0.571792 0.0822786 0.00405701 0.00320635
 0.43988 0.231213 0.286649 0.038869 0.00338877
 0.953999 0.0256778 0.00874114 0.0101097 0.00147257
pobs_PELACES
 0 0 0 0 0
 0 0 0 0 0
 0 0 0 0 0
 0 0 0 0 0
 0 0 0 0 0
 0 0 0 0 0
 0 0 0 0 0
 0 0 0 0 0
 0 0 0 0 0
 0 0 0 0 0
 0 0 0 0 0
 0 0 0 0 0
 0 0 0 0 0
 0 0 0 0 0
 0 0 0 0 0
 0 0 0 0 0
 0.505614 0.472636 0.0217494 0 0
 0 0 0 0 0
 0.443492 0.261883 0.143347 0.151278 0
 0.227955 0.32914 0.350689 0.0885471 0.00366901
 0.970185 0.0296113 0.000203453 0 0
 0.997202 0.00247181 0.000326279 0 0
 0.445219 0.490057 0.0546422 0.010081 0
 0.90214 0.0892962 0.00764917 0.000914606 0
 0 0 0 0 0
 0.581667 0.319106 0.0959925 0.00289975 0.000334073
 0.762889 0.0836404 0.116647 0.0363945 0.000428098
 0.88444 0.0763242 0.0277011 0.0115352 0
 0.521256 0.241999 0.230069 0.00667565 0
 0.616807 0.101726 0.260614 0.0208532 0
 0.833518 0.0704572 0.0857862 0.0102388 0
ppred_PELACES
 0.108573 0.166858 0.636264 0.0883043 1.16653e-06
 0.213167 0.151352 0.138088 0.439009 0.0583851
 0.917664 0.0296868 0.0120421 0.0091321 0.031475
 0.580914 0.401393 0.0073226 0.00246717 0.00790303
 0.539961 0.33116 0.124467 0.00188075 0.00253012
 0.985714 0.0098553 0.00335159 0.00104428 3.52287e-05
 0.162225 0.831121 0.00485507 0.00137502 0.000424213
 0.198557 0.203306 0.594232 0.00288409 0.00102136
 0.839044 0.052453 0.0314514 0.076571 0.000480832
 0.81123 0.173079 0.00589204 0.00292787 0.00687073
 0.919162 0.0721104 0.00813698 0.000228776 0.000361591
 0.884947 0.109573 0.00497949 0.00046768 3.22947e-05
 0.790571 0.195555 0.0133235 0.000501892 4.82402e-05
 0.836839 0.142913 0.0191254 0.00107919 4.26434e-05
 0.872919 0.115673 0.0102162 0.00112814 6.3348e-05
 0.978158 0.0202922 0.00143315 0.00010464 1.16822e-05
 0.252999 0.737894 0.00856563 0.000502112 3.90001e-05
 0.972966 0.010187 0.0166768 0.000160663 9.71563e-06
 0.601426 0.392948 0.00236868 0.00322544 3.15532e-05
 0.74959 0.182571 0.0670613 0.000335612 0.000442061
 0.782787 0.184135 0.0252817 0.00771082 8.51336e-05
 0.860607 0.12087 0.0161384 0.00184091 0.000543801
 0.180217 0.752128 0.0600522 0.0066617 0.000940745
 0.851689 0.0413366 0.099562 0.0066116 0.000800875
 0.64582 0.325121 0.00923022 0.0185105 0.00131893
 0.356121 0.489562 0.143918 0.00340155 0.00699686
 0.825349 0.0868894 0.0695685 0.0170231 0.00116983
 0.759399 0.216206 0.0133059 0.00886868 0.00222068
 0.253816 0.62971 0.106643 0.00547122 0.00435984
 0.345256 0.245069 0.355178 0.0500928 0.00440338
 0.932617 0.0345817 0.0137837 0.0165825 0.00243535
pobs_pel_tallas
 0 0 0 0 0 0 0 0 0 0 0 0 0 0 0 0 0 0 0 0 0 0 0 0 0 0
 0 0 0 0 0 0 0 0 0 0 0 0 0 0 0 0 0 0 0 0 0 0 0 0 0 0
 0 0 0 0 0 0 0 0 0 0 0 0 0 0 0 0 0 0 0 0 0 0 0 0 0 0
 0 0 0 0 0 0 0 0 0 0 0 0 0 0 0 0 0 0 0 0 0 0 0 0 0 0
 0 0 0 0 0 0 0 0 0 0 0 0 0 0 0 0 0 0 0 0 0 0 0 0 0 0
 0 0 0 0 0 0 0 0 0 0 0 0 0 0 0 0 0 0 0 0 0 0 0 0 0 0
 0 0 0 0 0 0 0 0 0 0 0 0 0 0 0 0 0 0 0 0 0 0 0 0 0 0
 0 0 0 0 0 0 0 0 0 0 0 0 0 0 0 0 0 0 0 0 0 0 0 0 0 0
 0 0 0 0 0 0 0 0 0 0 0 0 0 0 0 0 0 0 0 0 0 0 0 0 0 0
 0 0 0 0 0 0 0 0 0 0 0 0 0 0 0 0 0 0 0 0 0 0 0 0 0 0
 0 0 0 0 0 0 0 0 0 0 0 0 0 0 0 0 0 0 0 0 0 0 0 0 0 0
 0 0 0 0 0 0 0 0 0 0 0 0 0 0 0 0 0 0 0 0 0 0 0 0 0 0
 0.00862536 0 0 0.000197151 0.00414017 0.0128641 0.00837892 0.0270097 0.101434 0.158115 0.152841 0.127902 0.109271 0.109419 0.0830992 0.0579132 0.0238553 0.00714673 0.00463305 0.00128148 0.00103504 0.000492878 0.000147863 0.000147863 4.92878e-05 0
 0 0 0 0 0 0 0 0 0 0 0 0 0 0 0 0 0 0 0 0 0 0 0 0 0 0
 0 0 0 0 0 0 0 0.0054083 0.00873648 0.0413646 0.0450493 0.0745869 0.0622846 0.0627006 0.0613931 0.0827291 0.12552 0.122667 0.0946155 0.0697135 0.0546179 0.0294188 0.0215738 0.0213955 0.0102223 0.00600262
 0 0 0 0 0.00359764 0.0251062 0.0480494 0.140153 0.205849 0.193036 0.1447 0.116669 0.0760912 0.0342217 0.00950174 0.001854 0.000860785 0 0 0 0.000165536 0 0.000143464 0 0 0
 0 0 0 0 0 0 0 0.000145254 0.000435761 0.0275982 0.070085 0.0708112 0.156366 0.174668 0.174014 0.160142 0.0824315 0.0480064 0.0283245 0.00493863 0.00203355 0 0 0 0 0
 0 0 0 0 0 0 0 0 0 0 0 0 0 0 0 0 0 0 0 0 0 0 0 0 0 0
 0 0 1.00437e-05 0.000401748 0.00122533 0.00171747 0.00176769 0.0269171 0.070346 0.194647 0.189555 0.159765 0.064822 0.0314167 0.0384472 0.0292271 0.0345202 0.0313363 0.0194345 0.0106764 0.0143323 0.0359363 0.0279516 0.0138201 0.00172751 0
 0 0.0021121 0.0136068 0.0755702 0.200478 0.177729 0.0527432 0.0373336 0.0318909 0.0142505 0.0149659 0.0166563 0.0217959 0.0798694 0.0677717 0.0528807 0.04013 0.0224614 0.0357745 0.0225083 0.00881397 0.00855152 0.00135912 0.000746735 0 0
 0 0 0 0 5.4009e-05 0.00500934 0.000945158 0.0243581 0.138947 0.33067 0.221406 0.137944 0.0707744 0.0437923 0.0131692 0.00525238 0.0047753 0.00276346 9.45158e-05 9.00151e-06 2.25038e-05 9.00151e-06 4.50075e-06 0 0 0
 0.000866109 0.00284123 0.00948549 0.0512746 0.133035 0.25785 0.225252 0.132002 0.0553304 0.0519788 0.0540692 0.017754 0.00435017 0.00159236 0.00146478 0.000404838 0.000125132 0.000115318 0.000107957 0.000100596 0 0 0 0 0 0
 0 0 0 0 0.00144013 0.00171154 0.00461396 0.0210425 0.0478622 0.0707936 0.0888783 0.103762 0.0637923 0.0337046 0.0602308 0.124433 0.169614 0.0934646 0.0462172 0.0250306 0.0313229 0.00938855 0.002487 0.000210481 0 0
 0 0.00764035 0.051015 0.0998891 0.058973 0.0496711 0.0374665 0.0718981 0.12319 0.153886 0.159021 0.0857701 0.0377988 0.023471 0.0147837 0.00900784 0.00315554 0.000888139 0.00291439 0.00214683 0.00393193 0.00274676 0.000635225 9.99891e-05 0 0
 0 0 0 0 0 0 0 0 0 0 0 0 0 0 0 0 0 0 0 0 0 0 0 0 0 0
 0 0 0 0 0 0 0 0 0 0 0 0 0 0 0 0 0 0 0 0 0 0 0 0 0 0
 0 0 0 0 0 0 0 0 0 0 0 0 0 0 0 0 0 0 0 0 0 0 0 0 0 0
 0 0 0 0 0 0 0 0 0 0 0 0 0 0 0 0 0 0 0 0 0 0 0 0 0 0
 0 0 0 0 0 0 0 0 0 0 0 0 0 0 0 0 0 0 0 0 0 0 0 0 0 0
 0 0 0 0 0 0 0 0 0 0 0 0 0 0 0 0 0 0 0 0 0 0 0 0 0 0
 0 0 0 0 0 0 0 0 0 0 0 0 0 0 0 0 0 0 0 0 0 0 0 0 0 0
ppred_pel_tallas
 1.2726e-16 8.94301e-06 8.69293e-05 0.000577676 0.00262604 0.00817069 0.0174091 0.0254127 0.0254298 0.0174929 0.0084549 0.0034594 0.00271654 0.00491174 0.00962827 0.0170933 0.0273959 0.0402349 0.055119 0.0715506 0.088756 0.105069 0.117673 0.123336 0.119894 0.107493
 1.57931e-16 1.75583e-05 0.000170673 0.00113418 0.00515583 0.0160418 0.0341793 0.0498888 0.0499037 0.0342524 0.0162885 0.0058733 0.00295444 0.00421078 0.00789428 0.013584 0.0209585 0.0294795 0.0388226 0.0493962 0.0622643 0.0782556 0.0967946 0.115357 0.130052 0.13707
 1.06598e-16 7.55868e-05 0.00073473 0.00488254 0.0221953 0.0690579 0.147135 0.214749 0.214752 0.147149 0.0691053 0.0223325 0.00522815 0.00149334 0.00152918 0.0024441 0.00360319 0.00473559 0.0056415 0.00628239 0.00682598 0.00754207 0.00861282 0.00999386 0.0114126 0.0124859
 1.01899e-16 4.78492e-05 0.000465112 0.00309083 0.0140505 0.0437165 0.0931441 0.135955 0.135993 0.0933327 0.0443496 0.015878 0.00767433 0.0104582 0.0189893 0.03122 0.0447417 0.0557888 0.0605646 0.0573336 0.0474911 0.0346909 0.0227496 0.0139282 0.00856314 0.00578337
 1.04294e-16 4.4476e-05 0.000432322 0.00287294 0.01306 0.0406346 0.0865774 0.126369 0.126401 0.086734 0.0411607 0.014581 0.00669641 0.0087971 0.0159834 0.0264894 0.0384679 0.0490178 0.0551731 0.0555014 0.0508652 0.0436759 0.0363013 0.0299275 0.0245474 0.0196886
 1.00211e-16 8.11919e-05 0.000789214 0.00524461 0.0238412 0.0741789 0.158046 0.230673 0.230674 0.158051 0.0741946 0.0238865 0.00535836 0.00103806 0.000555365 0.000793714 0.00114506 0.00145985 0.00164626 0.00166339 0.00153923 0.00134733 0.00115795 0.00100313 0.000876384 0.0007561
 1.00563e-16 1.33624e-05 0.000129888 0.000863153 0.00392382 0.0122089 0.0260153 0.0379868 0.0380667 0.0264057 0.0135193 0.00770636 0.0103488 0.0208072 0.0391953 0.0645454 0.0924362 0.115099 0.124629 0.117387 0.096242 0.0687805 0.0429844 0.0236645 0.0116759 0.0053654
 1.17663e-16 1.63549e-05 0.000158975 0.00105645 0.00480247 0.0149424 0.0318371 0.0464714 0.0464919 0.0319375 0.015282 0.00579457 0.00358835 0.00582332 0.0111744 0.0194875 0.0304798 0.0433158 0.0569379 0.0705071 0.0833372 0.0943028 0.101435 0.102429 0.0959055 0.0824849
 1.08682e-16 6.91109e-05 0.000671783 0.00446423 0.0202938 0.0631414 0.13453 0.196351 0.196356 0.134555 0.0632257 0.0205381 0.00508112 0.00203036 0.00268558 0.00442952 0.00661792 0.00886362 0.0108525 0.0125197 0.0140997 0.0159207 0.0180853 0.0202921 0.0219336 0.0223921
 1.01671e-16 6.682e-05 0.000649514 0.00431625 0.0196211 0.0610485 0.130071 0.189846 0.189862 0.130152 0.0613216 0.0204095 0.00629397 0.00496241 0.00824472 0.0134905 0.0193488 0.0241701 0.0263277 0.0250852 0.0210495 0.0157888 0.0109258 0.00739859 0.00530856 0.00424064
 1.00338e-16 7.57102e-05 0.00073593 0.00489051 0.0222316 0.0691707 0.147376 0.215101 0.215108 0.14741 0.0692847 0.0225606 0.00571629 0.00253792 0.00349593 0.00565406 0.00812401 0.0101866 0.0111636 0.0107405 0.00914912 0.00700946 0.00496281 0.00337989 0.00231164 0.00162463
 1.00225e-16 7.2892e-05 0.000708536 0.00470847 0.021404 0.0665959 0.14189 0.207095 0.207105 0.141942 0.0667688 0.0219032 0.00596061 0.0034391 0.00525027 0.00854209 0.0122456 0.0152879 0.0166295 0.0157912 0.0131414 0.00965846 0.00636536 0.00386948 0.00227009 0.00135504
 1.00494e-16 6.51183e-05 0.000632973 0.00420633 0.0191214 0.0594938 0.126759 0.185012 0.185031 0.126851 0.0598025 0.0200128 0.00644258 0.00551065 0.00931667 0.0152674 0.0219116 0.027394 0.0298689 0.0284813 0.0238775 0.0177813 0.0119898 0.00756303 0.00466908 0.00293968
 1.00704e-16 6.89294e-05 0.000670018 0.00445251 0.0202405 0.0629756 0.134177 0.195838 0.195852 0.134244 0.0632016 0.020893 0.00609019 0.00424445 0.00685548 0.011219 0.0161411 0.0202668 0.0222611 0.0215014 0.0184389 0.0142865 0.0102935 0.00717593 0.00502637 0.00358706
 1.00449e-16 7.19012e-05 0.000698905 0.00464447 0.0211131 0.0656908 0.139962 0.20428 0.204291 0.140016 0.0658735 0.0216406 0.00596815 0.00358674 0.00555117 0.00904951 0.0129962 0.0162724 0.0177896 0.0170438 0.0144132 0.010906 0.00756752 0.00500654 0.00330979 0.00225716
 1.0006e-16 8.05696e-05 0.000783165 0.00520441 0.0236585 0.0736103 0.156835 0.228905 0.228907 0.156844 0.0736424 0.023751 0.00543648 0.00128938 0.00104076 0.00158988 0.0022749 0.0028445 0.00310286 0.00296118 0.00248648 0.0018574 0.00125998 0.000803575 0.00050507 0.00032589
 1.00493e-16 2.08394e-05 0.000202566 0.00134613 0.00611934 0.0190399 0.0405692 0.0592268 0.0592978 0.0409159 0.0202035 0.00947804 0.00976922 0.0185646 0.0348183 0.0573306 0.0821195 0.102287 0.110818 0.104482 0.0858109 0.0615202 0.0386695 0.0215104 0.0107983 0.00508142
 1.00502e-16 8.01419e-05 0.000779008 0.00517678 0.0235329 0.0732196 0.156002 0.22769 0.227691 0.156007 0.0732362 0.0235811 0.00529898 0.00104946 0.000604532 0.000900486 0.00135401 0.00183619 0.00226995 0.00261199 0.00285863 0.0030193 0.00308179 0.00300712 0.0027609 0.00235123
 1.00498e-16 4.95387e-05 0.000481534 0.00319997 0.0145466 0.0452601 0.0964328 0.140754 0.140792 0.0966174 0.0458797 0.016335 0.00768498 0.0102584 0.0185767 0.0305252 0.0437163 0.0544457 0.058978 0.0555981 0.0456653 0.0327665 0.0206681 0.0116306 0.00603991 0.00309688
 1.02091e-16 6.17428e-05 0.000600162 0.00398829 0.0181302 0.0564098 0.120188 0.175421 0.175439 0.120274 0.0566998 0.0189685 0.00609552 0.00520977 0.00884382 0.014594 0.0211807 0.0269699 0.0303191 0.0304346 0.0277921 0.0237271 0.0195571 0.0159518 0.012923 0.010221
 1.01565e-16 6.44772e-05 0.000626741 0.00416492 0.0189331 0.058908 0.12551 0.18319 0.183208 0.125597 0.0591992 0.0197741 0.00627578 0.00523464 0.00881529 0.0144703 0.0208359 0.0261953 0.0288428 0.0279895 0.024226 0.0191119 0.014237 0.0104848 0.00792512 0.00618016
 1.00774e-16 7.0887e-05 0.000689047 0.00457896 0.0208153 0.0647642 0.137987 0.201399 0.201411 0.138044 0.0649553 0.0213672 0.00596414 0.00371247 0.00581156 0.00949177 0.0136571 0.0171532 0.0188529 0.0182324 0.0156764 0.0122118 0.00889315 0.00631948 0.00455899 0.00338223
 1.02753e-16 1.48444e-05 0.000144293 0.000958881 0.00435898 0.0135628 0.0288996 0.042195 0.0422675 0.0292534 0.0147505 0.00778844 0.00956336 0.0189149 0.0356248 0.0587693 0.0844158 0.10564 0.115381 0.110363 0.0930608 0.0700617 0.0482074 0.0314949 0.020507 0.0138012
 1.03683e-16 7.01525e-05 0.000681907 0.00453151 0.0205996 0.064093 0.136557 0.19931 0.199314 0.136577 0.0641615 0.0207991 0.00503933 0.0018137 0.00228761 0.00384774 0.00594698 0.00833225 0.0107655 0.0130884 0.0152228 0.0170483 0.0182896 0.018567 0.017607 0.0154484
 1.0243e-16 5.31954e-05 0.000517078 0.00343617 0.0156203 0.0486008 0.10355 0.151141 0.151173 0.103703 0.0491138 0.0171014 0.00715115 0.0086185 0.0154148 0.0253364 0.0363474 0.0454085 0.0494708 0.0471521 0.0395892 0.0297167 0.0205624 0.0138629 0.00979033 0.00756823
 1.05804e-16 2.93333e-05 0.00028513 0.00189479 0.00861348 0.0268 0.057102 0.0833519 0.0833992 0.0573331 0.0275765 0.0108576 0.00753308 0.0126108 0.0234881 0.0389134 0.0563505 0.0714717 0.0798423 0.0793505 0.0713748 0.0596877 0.0480524 0.0384434 0.0309297 0.0247087
 1.03936e-16 6.79829e-05 0.000660818 0.00439137 0.0199625 0.0621109 0.132334 0.193147 0.193156 0.132376 0.0622503 0.0203662 0.00540928 0.00289802 0.0043612 0.00721849 0.0106637 0.0139797 0.0164706 0.0177994 0.0181337 0.0179228 0.0175021 0.0168742 0.0158123 0.0141314
 1.01705e-16 6.25507e-05 0.000608016 0.00404048 0.0183674 0.057148 0.121761 0.177718 0.177738 0.121862 0.0574894 0.019353 0.00651325 0.00600204 0.010295 0.01689 0.0242537 0.0303532 0.0331655 0.0317678 0.0268969 0.0204704 0.0144634 0.0100035 0.00720362 0.00557363
 1.04525e-16 2.09066e-05 0.00020322 0.00135047 0.00613908 0.0191013 0.0406995 0.0594149 0.0594756 0.0409962 0.0200975 0.00901675 0.00857473 0.0159768 0.0299859 0.0495597 0.0714333 0.0899083 0.0991606 0.0964599 0.0837541 0.0662817 0.0493989 0.0361121 0.0267386 0.0201399
 1.16082e-16 2.84383e-05 0.000276431 0.00183698 0.00835067 0.0259822 0.0553586 0.0808026 0.0808267 0.0554768 0.0263803 0.00950728 0.00476485 0.00674947 0.0125607 0.0213432 0.0321947 0.0435139 0.0535872 0.0614827 0.0673065 0.0715275 0.0740373 0.0738996 0.0700331 0.0621726
 1.02482e-16 7.68184e-05 0.000746702 0.0049621 0.022557 0.0701832 0.149533 0.218248 0.218252 0.149549 0.0702383 0.0227164 0.00536329 0.00162603 0.00175744 0.00281254 0.00411389 0.0053262 0.00617069 0.00653722 0.00654627 0.0064508 0.00645094 0.00656892 0.00666436 0.00654924
pSPR Fmed_Fpbrs
0.236296   0.245619 0.245619
Fs Fmed_Fpbrs
1.03986   1.005 1.005
SSBpbr Bo_Bmed_Bpbrs
1.37448e+06  256061  268875 268875
Ro
67918.9
SPR SPRFo_SPRFmed_SPRFpbrs
485480 114717 119243
Fref
1.005
Nvult_r0
 93171.4 2413.68 783.448 894.758 129.982
CTP_r0
 39900.9 1267.18 416.26 475.702 69.1078
YTP_r0
391037
Np
 91456.8 19619.2 334.802 105.223 134.146
Nvult_p0
 74120.8 16906.2 289.653 91.0529 116.081
CTP_p0
 29552.4 8360.99 145.084 45.6383 58.1854
YTP_p0
 363730
CBA_c0
382845
log_Ro
10.9461
likeval ReclasPelacesDesembMPH_pf_preclas_ppelaces_ptallas_desvR_qrecl_qpela
 14.3472 17.3855 0.160418 0.000880611 285.558 117.36 110.939 0 51.5699 0.000120612 0.000284344 0.00590322 0 0 0
q_reclas_q_pelaces
4.74097 11.0124
M
1
N
 27242.9 22260.4 67704.8 8910.26 0.116424
 17805.7 8105.54 5987.18 18064.1 2376.32
 158887 3297.1 1082.83 779.305 2656.81
 56372.8 29385.3 439.67 140.683 445.769
 14420.1 6913.12 2137.09 30.6721 40.8163
 288391 1616.17 440.243 130.102 4.34119
 21425.1 75060.9 356.819 95.9312 29.2751
 5949.43 3369.71 7880.71 36.2759 12.7067
 37257.4 1601.16 781.611 1806.43 11.2206
 27676.9 5781.93 164.822 77.8701 180.768
 39291.4 1753.17 158.642 4.23076 6.61413
 108473 9855.48 366.522 32.6884 2.23279
 79412.9 14269.6 794.976 28.4352 2.7035
 68059.4 10716.8 1195.21 64.1041 2.50574
 43065.3 5020.41 368.139 38.6325 2.14593
 253589 3578 205.55 14.2465 1.57326
 19379.2 40435.4 383.347 21.3361 1.63927
 429739 2718.52 3586.07 32.7783 1.96063
 208709 92485.6 453.381 586.041 5.67084
 202580 33514.8 10012.6 47.566 61.9736
 210629 32407.2 3608.07 1044.44 11.4063
 399307 37077.9 4017.84 435.008 127.106
 25987 68405.3 4416.04 464.874 64.9352
 175383 5015.94 9715.5 612.064 73.334
 134792 40214.6 918.55 1747.58 123.166
 37143.3 30463.9 7209.03 161.652 328.895
 129356 8253.52 5326.14 1236.54 84.0521
 174635 27621.4 1360.62 860.124 213.026
 33538.8 46490.8 6304.81 306.792 241.81
 17942.5 8800.29 10387.7 1390.79 120.932
 112791 2748.48 888.672 1014.72 147.407
pred_Ctot
 3350.64 3881.08 12069.1 1590.23 0.0207797
 5905.68 3533.97 2653.71 8013.59 1054.23
 52769.2 1439.2 480.5 346.113 1180.03
 25891.3 16852.3 255.393 81.7744 259.121
 6953.53 4122.4 1289.92 18.5251 24.6528
 54840.5 425.669 118.341 35.0103 1.16828
 8294.37 37373.7 180.327 48.5195 14.8072
 1035.47 816.912 1950.72 8.98935 3.14896
 14581.5 804.597 398.604 921.96 5.72696
 16528.2 4059.45 116.744 55.1811 128.101
 8151.46 500.683 46.2178 1.23387 1.92907
 47760.6 5461.45 205.837 18.3706 1.25486
 34396.9 7802.07 440.59 15.7706 1.49946
 38857.1 7278.84 819.579 43.9795 1.71915
 23615.7 3308.14 245.068 25.7313 1.42934
 97057.1 1764.39 102.894 7.13716 0.788198
 8178.12 21639 208.013 11.586 0.890194
 117705 1000.48 1343.86 12.2952 0.735476
 79404.8 45376.6 225.822 292.131 2.82693
 77321.8 16488.5 5000.59 23.7748 30.9774
 73641.5 14790.6 1673.19 484.755 5.29423
 143346 17311.6 1905.58 206.487 60.3368
 8222.48 28619.1 1879.05 197.984 27.6563
 43388.1 1683.72 3323.23 209.568 25.1106
 34176.6 13804 321.237 611.773 43.1189
 9682.95 10723.2 2584.83 58.0178 118.049
 35843.3 3069.24 2016.61 468.633 31.8563
 31318 6886.92 346.339 219.181 54.2874
 6248.23 12012.5 1662.8 80.9998 63.847
 7095.39 4461 5343.31 715.965 62.2569
 39900.9 1267.18 416.26 475.702 69.1078
F
 0.212244 0.313189 0.32123 0.321664 0.321687
 0.686475 1.01297 1.03897 1.04038 1.04045
 0.687701 1.01478 1.04083 1.04224 1.04231
 1.09857 1.62105 1.66267 1.66492 1.66504
 1.18856 1.75385 1.79888 1.80131 1.80144
 0.346019 0.510587 0.523696 0.524405 0.524442
 0.84974 1.25388 1.28607 1.28781 1.28791
 0.312566 0.461224 0.473066 0.473706 0.473739
 0.863113 1.27362 1.30632 1.30808 1.30818
 1.75917 2.59584 2.66249 2.66609 2.66628
 0.382977 0.565124 0.579633 0.580418 0.580459
 1.02837 1.51747 1.55643 1.55854 1.55865
 1.00285 1.47981 1.5178 1.51986 1.51997
 1.60687 2.37111 2.43198 2.43527 2.43545
 1.48792 2.19558 2.25195 2.255 2.25516
 0.836007 1.23362 1.26529 1.267 1.26709
 0.964111 1.42265 1.45917 1.46115 1.46125
 0.536126 0.791111 0.811422 0.81252 0.812578
 0.828953 1.22321 1.25461 1.25631 1.2564
 0.832752 1.22881 1.26036 1.26207 1.26216
 0.737079 1.08764 1.11556 1.11707 1.11715
 0.76428 1.12778 1.15673 1.1583 1.15838
 0.644974 0.951728 0.976163 0.977484 0.977554
 0.472741 0.697579 0.715489 0.716457 0.716508
 0.487187 0.718896 0.737353 0.738351 0.738404
 0.504142 0.743916 0.763015 0.764048 0.764102
 0.543977 0.802697 0.823305 0.824419 0.824478
 0.323444 0.477276 0.48953 0.490193 0.490228
 0.337919 0.498636 0.511438 0.51213 0.512167
 0.876123 1.29281 1.326 1.3278 1.32789
 0.749025 1.10527 1.13364 1.13518 1.13526
nmprior
 8.19 8.8 8.5 0
nm_flota  nm_reclas  nm_pelaces    nm_pelaL
inf 18.7572 6.17395 10.6594
cv_recla  cv_pelaces  cv_mph
0.342617 0.472787 0.915793
 ------------------------------------------------
Talla a la edad & desviaci?n 
 8 13.2811 15.8009 17.003 17.5766
 0.8 1.32811 1.58009 1.7003 1.75766
