years
 1991 1992 1993 1994 1995 1996 1997 1998 1999 2000 2001 2002 2003 2004 2005 2006 2007 2008 2009 2010 2011 2012 2013 2014 2015 2016 2017 2018 2019 2020 2021
reclasobs
 0 0 0 0 0 0 0 0 0 252601 567819 844713 477998 351125 339783 2.1784e+06 2.13404e+06 4.81314e+06 1.55562e+06 2.62356e+06 3.21686e+06 3.843e+06 1.13348e+06 3.07943e+06 1.97215e+06 2.03268e+06 2.025e+06 2.42433e+06 2.27542e+06 1.05018e+06 2.36338e+06
reclaspred
 1.12252e+06 1.00155e+06 399748 56628.2 19690.6 545411 416856 134272 219063 132766 220883 402720 291910 210728 218539 678670 1.09112e+06 959210 2.04115e+06 1.8903e+06 2.49956e+06 1.76744e+06 1.20111e+06 2.01273e+06 1.83458e+06 950505 1.15712e+06 1.83349e+06 2.13704e+06 885944 677195
pelacesobs
 0 0 0 0 0 0 0 0 0 0 0 0 0 0 0 552880 188675 0 991730 2.46772e+06 1.41603e+06 1.21717e+06 2.29649e+06 1.80582e+06 0 1.4828e+06 1.56532e+06 1.57751e+06 1.42118e+06 867257 1.10002e+06
pelacespred
 392710 416623 177971 12028.1 3816.65 242226 143237 59933.7 93018.7 43570.8 100872 152125 111367 88744 97172 265572 432018 368293 1.00277e+06 914382 1.01796e+06 847773 540535 1.03219e+06 941264 488904 642948 1.00036e+06 963674 488565 336311
mphobs
 0 0 0 0 0 0 0 0 0 0 0 498337 0 5186 125008 0 168611 109162 213762 579715 649985 157893 87575 83554 0 0 0 0 0 0 0
mphpred
 499845 1.117e+06 497759 104169 12693.3 10352.2 581015 159951 59140.4 191345 39245 280899 288759 128280 118963 167446 801402 848588 503521 2.19027e+06 1.42833e+06 1.69812e+06 1.30564e+06 687878 2.00295e+06 1.078e+06 519752 1.01817e+06 2.04541e+06 1.15692e+06 424953
desembarqueobs
 494567 514787 250237 358949 120608 361735 552515 73892 212993 205616 52469 317467 293654 387597 252695 516296 358380 742168 942051 627588 828172 859565 418607 520667 417249 300574 407403 355545 319650 289779 391294
desembarquepred
 493956 522435 246484 358090 120773 361265 551411 74074.7 213168 204829 52377.4 317181 292657 386005 253127 516240 359030 743258 939316 626421 825745 858863 418788 520652 417689 300631 407344 355861 319898 289412 390358
Reclutas
 449904 2752.54 10106.1 49674.1 30512.1 321459 4659.24 918.521 70141.6 2563.66 120279 124903 49863.6 90321.9 69899.8 433336 125030 143090 1.20051e+06 6030.12 451246 452158 3047.18 517148 95784.6 31435.8 327822 431039 19339.9 6231.64 169899
log_desv_Rt
 2.05777 -3.03874 -1.73813 -0.14578 -0.633141 1.72161 -2.51241 -4.13625 0.199251 -3.10983 0.738549 0.77627 -0.141973 0.452116 0.195798 2.02025 0.777289 0.91221 3.03924 -2.2545 2.06075 2.06277 -2.93705 2.19706 0.510837 -0.603317 1.74121 2.01493 -1.08909 -2.22163 1.08394
SSB
 499845 1.117e+06 497759 104169 12693.3 10352.2 581015 159951 59140.4 191345 39245 280899 288759 128280 118963 167446 801402 848588 503521 2.19027e+06 1.42833e+06 1.69812e+06 1.30564e+06 687878 2.00295e+06 1.078e+06 519752 1.01817e+06 2.04541e+06 1.15692e+06 424953
BT
 1.70621e+06 1.42278e+06 654917 373049 103966 1.42783e+06 826120 211986 584969 286256 468719 756546 584564 761718 632916 1.5198e+06 1.50056e+06 1.69974e+06 5.07497e+06 2.71681e+06 3.97236e+06 3.27157e+06 1.62937e+06 4.56293e+06 2.70072e+06 1.51491e+06 2.90508e+06 3.903e+06 2.51344e+06 1.45602e+06 1.59642e+06
Ftot
 0.410991 0.477099 0.558698 3.64579 3.87392 0.616932 1.10744 0.503241 0.884284 1.26045 0.225022 0.710882 0.880005 1.54291 1.02894 0.70009 0.307835 0.69565 0.431184 0.308885 0.309521 0.448957 0.324456 0.244683 0.214423 0.295536 0.330948 0.184083 0.141871 0.304669 0.532592
BD_Bspro_t
 0.936357 0.724515 0.451797 0.167459 0.0297259 0.0338359 0.521668 0.206382 0.127027 0.340199 0.137615 0.617354 0.46863 0.260906 0.234355 0.298975 0.553216 0.528827 0.397282 0.679827 0.527377 0.570789 0.547271 0.451245 0.716737 0.633649 0.53202 0.699873 0.806213 0.69986 0.510243
BD_Bspro
 1.21678 2.71915 1.21171 0.253581 0.0308995 0.0252006 1.41438 0.389373 0.143967 0.465796 0.0955349 0.683799 0.702931 0.312276 0.289593 0.407618 1.95087 2.06574 1.22573 5.33182 3.47701 4.13377 3.17836 1.67452 4.87582 2.62419 1.26524 2.47857 4.97919 2.81633 1.03447
BD_Bo
 0.298898 0.667948 0.297651 0.0622911 0.00759034 0.00619043 0.347436 0.0956479 0.0353649 0.114421 0.0234678 0.167973 0.172672 0.0767093 0.0711374 0.10013 0.479223 0.50744 0.301096 1.30974 0.854113 1.01544 0.780751 0.411338 1.19773 0.644621 0.310802 0.60885 1.22312 0.691819 0.254114
BD_Brms
 1.26881 2.83543 1.26352 0.264424 0.0322208 0.0262782 1.47486 0.406023 0.150123 0.485714 0.0996202 0.71304 0.73299 0.325629 0.301977 0.425049 2.03429 2.15407 1.27815 5.55982 3.62569 4.31054 3.31427 1.74612 5.08432 2.7364 1.31935 2.58455 5.19211 2.93676 1.07871
Sel_flota
 0.5 1 1 1 1
 0.5 1 1 1 1
 0.5 1 1 1 1
 0.5 1 1 1 1
 0.5 1 1 1 1
 0.5 1 1 1 1
 0.5 1 1 1 1
 0.5 1 1 1 1
 0.5 1 1 1 1
 0.5 1 1 1 1
 0.5 1 1 1 1
 0.5 1 1 1 1
 0.5 1 1 1 1
 0.5 1 1 1 1
 0.5 1 1 1 1
 0.5 1 1 1 1
 0.5 1 1 1 1
 0.5 1 1 1 1
 0.5 1 1 1 1
 0.5 1 1 1 1
 0.5 1 1 1 1
 0.5 1 1 1 1
 0.5 1 1 1 1
 0.5 1 1 1 1
 0.5 1 1 1 1
 0.5 1 1 1 1
 0.5 1 1 1 1
 0.5 1 1 1 1
 0.5 1 1 1 1
 0.5 1 1 1 1
 0.5 1 1 1 1
Sel_reclas
 0.5 1 1 1 1
 0.5 1 1 1 1
 0.5 1 1 1 1
 0.5 1 1 1 1
 0.5 1 1 1 1
 0.5 1 1 1 1
 0.5 1 1 1 1
 0.5 1 1 1 1
 0.5 1 1 1 1
 0.5 1 1 1 1
 0.5 1 1 1 1
 0.5 1 1 1 1
 0.5 1 1 1 1
 0.5 1 1 1 1
 0.5 1 1 1 1
 0.5 1 1 1 1
 0.5 1 1 1 1
 0.5 1 1 1 1
 0.5 1 1 1 1
 0.5 1 1 1 1
 0.5 1 1 1 1
 0.5 1 1 1 1
 0.5 1 1 1 1
 0.5 1 1 1 1
 0.5 1 1 1 1
 0.5 1 1 1 1
 0.5 1 1 1 1
 0.5 1 1 1 1
 0.5 1 1 1 1
 0.5 1 1 1 1
 0.5 1 1 1 1
Sel_pelaces
 0.5 1 1 1 1
 0.5 1 1 1 1
 0.5 1 1 1 1
 0.5 1 1 1 1
 0.5 1 1 1 1
 0.5 1 1 1 1
 0.5 1 1 1 1
 0.5 1 1 1 1
 0.5 1 1 1 1
 0.5 1 1 1 1
 0.5 1 1 1 1
 0.5 1 1 1 1
 0.5 1 1 1 1
 0.5 1 1 1 1
 0.5 1 1 1 1
 0.5 1 1 1 1
 0.5 1 1 1 1
 0.5 1 1 1 1
 0.5 1 1 1 1
 0.5 1 1 1 1
 0.5 1 1 1 1
 0.5 1 1 1 1
 0.5 1 1 1 1
 0.5 1 1 1 1
 0.5 1 1 1 1
 0.5 1 1 1 1
 0.5 1 1 1 1
 0.5 1 1 1 1
 0.5 1 1 1 1
 0.5 1 1 1 1
 0.5 1 1 1 1
pf_obs 
 0.8446 0.082 0.0669 0.0065 0
 0.8095 0.147 0.0364 0.0071 0
 0.9664 0.0169 0.016 0.0007 0
 0.9276 0.0648 0.0075 0.0001 0
 0.7033 0.2144 0.0806 0.0017 0
 0.9318 0.0425 0.0243 0.0014 0
 0.5671 0.3108 0.0964 0.0239 0.0018
 0.0768 0.2599 0.5324 0.112 0.0189
 0.490249 0.384438 0.106611 0.0170017 0.00170017
 0.7925 0.1577 0.0466 0.003 0.0002
 0.840416 0.127587 0.0312969 0.00059994 9.999e-05
 0.8084 0.0986 0.0794 0.0134 0.0002
 0.7335 0.1905 0.0724 0.0035 0.0001
 0.4001 0.4547 0.1325 0.0127 0
 0.49795 0.308269 0.164784 0.0264974 0.00249975
 0.9179 0.0499 0.0305 0.0017 0
 0.2467 0.6533 0.0926 0.0074 0
 0.9418 0.0223 0.034 0.0019 0
 0.707729 0.231977 0.0356964 0.0245975 0
 0.517169 0.277429 0.184464 0.0207286 0.00020938
 0.811772 0.124168 0.05621 0.00726502 0.000585176
 0.764997 0.148141 0.077277 0.00933861 0.000247198
 0.163321 0.427699 0.378323 0.0303852 0.000271297
 0.753843 0.0900009 0.118128 0.0371064 0.000921714
 0.721811 0.176058 0.0630433 0.0369309 0.00215725
 0.143369 0.312575 0.442814 0.0836902 0.0175525
 0.692698 0.0596174 0.167031 0.0765114 0.00414204
 0.394062 0.376323 0.152708 0.0712218 0.00568511
 0.125707 0.32114 0.495352 0.0537591 0.00404204
 0.23352 0.215282 0.420074 0.123614 0.00750983
 0.774587 0.0839891 0.0768558 0.0609784 0.00358967
pf_pred 
 0.858988 0.0891365 0.0327915 0.0120633 0.00702057
 0.0103431 0.922783 0.0422721 0.0155511 0.00905035
 0.142755 0.0202349 0.780452 0.035752 0.0208068
 0.796429 0.0576859 0.00344356 0.132817 0.00962514
 0.887986 0.108512 0.000992296 5.9235e-05 0.00245024
 0.991006 0.00886613 0.000123656 1.13078e-06 2.8597e-06
 0.031505 0.964876 0.00356736 4.97539e-05 1.6056e-06
 0.0418897 0.0814916 0.873343 0.00322894 4.64872e-05
 0.935619 0.00595808 0.00496915 0.0532542 0.000199727
 0.0857412 0.89108 0.00214506 0.00178902 0.0192448
 0.965089 0.00770001 0.0265209 6.38426e-05 0.000626021
 0.63976 0.354248 0.00132165 0.00455211 0.00011841
 0.426144 0.468216 0.103882 0.00038757 0.00136962
 0.766016 0.154978 0.0644624 0.0143021 0.000241924
 0.714973 0.261181 0.0157946 0.00656969 0.00148226
 0.933639 0.0580396 0.00762565 0.000461152 0.000235091
 0.365242 0.61712 0.0154266 0.00202686 0.000185058
 0.535846 0.258972 0.19948 0.00498657 0.00071499
 0.928718 0.0528475 0.0102856 0.00792279 0.00022645
 0.00864026 0.95907 0.0239393 0.00465927 0.00369151
 0.703217 0.00556916 0.281729 0.00703221 0.00245306
 0.592836 0.341495 0.0012323 0.0623387 0.00209883
 0.00932396 0.762305 0.191538 0.000691176 0.0361419
 0.852819 0.0029921 0.110951 0.0278777 0.00536091
 0.215728 0.72603 0.00118401 0.0439046 0.0131529
 0.162988 0.309378 0.488451 0.000796568 0.0383865
 0.839716 0.0478448 0.04156 0.0656155 0.00526362
 0.668334 0.305289 0.00787343 0.00683919 0.011664
 0.0527945 0.766998 0.165876 0.00427796 0.0100535
 0.0494611 0.098986 0.689543 0.149125 0.0128842
 0.830409 0.0173587 0.015853 0.110433 0.0259465
pobs_RECLAS
 0 0 0 0 0
 0 0 0 0 0
 0 0 0 0 0
 0 0 0 0 0
 0 0 0 0 0
 0 0 0 0 0
 0 0 0 0 0
 0 0 0 0 0
 0 0 0 0 0
 0 0 0 0 0
 0.991045 0.00858322 0.000360255 1.14367e-05 0
 0.934742 0.0480273 0.0164251 0.00080598 0
 0.827803 0.169806 0.00239088 0 0
 0.941827 0.0461693 0.0120037 0 0
 0.791401 0.0380133 0.147996 0.0225897 0
 0.846168 0.0940531 0.0597789 0 0
 0.134021 0.677848 0.182769 0.00536245 0
 0.80878 0.0450904 0.141981 0.00414843 0
 0.846168 0.0940531 0.0597789 0 0
 0.905697 0.0802665 0.012482 0.00150086 5.37128e-05
 0.989698 0.0102097 9.19794e-05 0 0
 0.975433 0.0193895 0.00387452 0.00125025 5.28907e-05
 0.303575 0.632131 0.0575291 0.00676475 0
 0.966965 0.00978017 0.0227588 0.000495775 0
 0.843318 0.132988 0.00938335 0.0141283 0.000182051
 0.564624 0.303363 0.111486 0.0197234 0.00080311
 0.826376 0.0876187 0.0782897 0.00655872 0.00115652
 0.89761 0.0855135 0.0140674 0.00269457 0.000114338
 0.34875 0.467042 0.161289 0.0227151 0.000203297
 0.318654 0.224769 0.449479 0.00709798 0
 0.937255 0.0296025 0.0250945 0.00804832 0
ppred_RECLAS
 0.861606 0.0874815 0.0321826 0.0118393 0.00689022
 0.0106146 0.92253 0.0422605 0.0155468 0.00904787
 0.146712 0.0201415 0.776849 0.035587 0.0207108
 0.861642 0.0392065 0.00234043 0.0902693 0.00654176
 0.929505 0.0682915 0.000624498 3.72794e-05 0.00154205
 0.991324 0.00855271 0.000119284 1.09081e-06 2.7586e-06
 0.0340402 0.962351 0.00355803 4.96236e-05 1.6014e-06
 0.0430281 0.0813947 0.872306 0.00322511 4.6432e-05
 0.939059 0.00563969 0.0047036 0.0504084 0.000189054
 0.0935828 0.883437 0.00212666 0.00177367 0.0190797
 0.965448 0.00762077 0.026248 6.31857e-05 0.000619579
 0.649771 0.344404 0.00128492 0.00442562 0.000115119
 0.440435 0.456556 0.101295 0.000377918 0.00133551
 0.788298 0.140219 0.0583235 0.0129401 0.000218885
 0.729454 0.247911 0.0149921 0.00623591 0.00140695
 0.936244 0.0557612 0.0073263 0.000443049 0.000225863
 0.36882 0.613641 0.0153397 0.00201543 0.000184015
 0.546393 0.253087 0.194948 0.00487326 0.000698743
 0.930232 0.0517247 0.0100671 0.00775446 0.000221638
 0.00877372 0.958941 0.0239361 0.00465864 0.00369101
 0.706442 0.00550865 0.278667 0.0069558 0.0024264
 0.598685 0.336589 0.0012146 0.0614432 0.00206868
 0.00947657 0.762187 0.191509 0.000691069 0.0361363
 0.854293 0.00296213 0.109839 0.0275985 0.00530722
 0.21745 0.724437 0.00118142 0.0438082 0.0131241
 0.165001 0.308634 0.487276 0.000794652 0.0382942
 0.841962 0.0471745 0.0409777 0.0646962 0.00518988
 0.670226 0.303548 0.00782853 0.00680018 0.0115975
 0.053116 0.766737 0.16582 0.00427651 0.0100501
 0.0501814 0.098911 0.689021 0.149012 0.0128745
 0.834603 0.0169295 0.0154609 0.107702 0.0253048
pobs_PELACES
 0 0 0 0 0
 0 0 0 0 0
 0 0 0 0 0
 0 0 0 0 0
 0 0 0 0 0
 0 0 0 0 0
 0 0 0 0 0
 0 0 0 0 0
 0 0 0 0 0
 0 0 0 0 0
 0 0 0 0 0
 0 0 0 0 0
 0 0 0 0 0
 0 0 0 0 0
 0 0 0 0 0
 0 0 0 0 0
 0.505614 0.472636 0.0217494 0 0
 0 0 0 0 0
 0.443492 0.261883 0.143347 0.151278 0
 0.227955 0.32914 0.350689 0.0885471 0.00366901
 0.970185 0.0296113 0.000203453 0 0
 0.997202 0.00247181 0.000326279 0 0
 0.445219 0.490057 0.0546422 0.010081 0
 0.90214 0.0892962 0.00764917 0.000914606 0
 0 0 0 0 0
 0.581667 0.319106 0.0959925 0.00289975 0.000334073
 0.762889 0.0836404 0.116647 0.0363945 0.000428098
 0.88444 0.0763242 0.0277011 0.0115352 0
 0.521256 0.241999 0.230069 0.00667565 0
 0.616807 0.101726 0.260614 0.0208532 0
 0.833518 0.0704572 0.0857862 0.0102388 0
ppred_PELACES
 0.869496 0.0824943 0.0303479 0.0111644 0.00649741
 0.011474 0.921729 0.0422238 0.0155333 0.00904001
 0.158632 0.0198601 0.765997 0.0350898 0.0204215
 0.919127 0.0229168 0.00136802 0.0527639 0.00382377
 0.961517 0.0372797 0.000340908 2.03505e-05 0.000841791
 0.992157 0.00773144 0.00010783 9.86062e-07 2.49371e-06
 0.0405878 0.955827 0.00353391 4.92873e-05 1.59054e-06
 0.0465799 0.0810926 0.869068 0.00321314 4.62597e-05
 0.946893 0.00491469 0.00409895 0.0439283 0.000164751
 0.112778 0.864729 0.00208162 0.00173611 0.0186757
 0.966666 0.00735227 0.0253232 6.09595e-05 0.00059775
 0.675973 0.318637 0.00118879 0.00409451 0.000106507
 0.476469 0.427156 0.0947723 0.000353582 0.00124951
 0.827681 0.114134 0.0474737 0.0105329 0.000178166
 0.761629 0.218428 0.0132092 0.00549431 0.00123963
 0.942801 0.050026 0.00657277 0.00039748 0.000202632
 0.380721 0.602071 0.0150505 0.00197743 0.000180545
 0.57466 0.237316 0.182799 0.00456958 0.0006552
 0.934711 0.0484045 0.00942088 0.0072567 0.000207411
 0.00922824 0.958501 0.0239251 0.0046565 0.00368932
 0.71692 0.00531202 0.26872 0.00670752 0.00233979
 0.616345 0.321777 0.00116115 0.0587392 0.00197764
 0.00999252 0.76179 0.191409 0.000690709 0.0361175
 0.859247 0.00286142 0.106105 0.0266602 0.00512678
 0.22353 0.718808 0.00117224 0.0434678 0.0130221
 0.171829 0.30611 0.483291 0.000788154 0.0379811
 0.849093 0.0450459 0.0391287 0.0617769 0.00495569
 0.676904 0.297401 0.00766999 0.00666247 0.0113626
 0.0543058 0.765774 0.165611 0.00427113 0.0100375
 0.0526324 0.0986558 0.687243 0.148628 0.0128413
 0.84638 0.015724 0.0143601 0.100033 0.023503
pobs_pel_tallas
 0 0 0 0 0 0 0 0 0 0 0 0 0 0 0 0 0 0 0 0 0 0 0 0 0 0
 0 0 0 0 0 0 0 0 0 0 0 0 0 0 0 0 0 0 0 0 0 0 0 0 0 0
 0 0 0 0 0 0 0 0 0 0 0 0 0 0 0 0 0 0 0 0 0 0 0 0 0 0
 0 0 0 0 0 0 0 0 0 0 0 0 0 0 0 0 0 0 0 0 0 0 0 0 0 0
 0 0 0 0 0 0 0 0 0 0 0 0 0 0 0 0 0 0 0 0 0 0 0 0 0 0
 0 0 0 0 0 0 0 0 0 0 0 0 0 0 0 0 0 0 0 0 0 0 0 0 0 0
 0 0 0 0 0 0 0 0 0 0 0 0 0 0 0 0 0 0 0 0 0 0 0 0 0 0
 0 0 0 0 0 0 0 0 0 0 0 0 0 0 0 0 0 0 0 0 0 0 0 0 0 0
 0 0 0 0 0 0 0 0 0 0 0 0 0 0 0 0 0 0 0 0 0 0 0 0 0 0
 0 0 0 0 0 0 0 0 0 0 0 0 0 0 0 0 0 0 0 0 0 0 0 0 0 0
 0 0 0 0 0 0 0 0 0 0 0 0 0 0 0 0 0 0 0 0 0 0 0 0 0 0
 0 0 0 0 0 0 0 0 0 0 0 0 0 0 0 0 0 0 0 0 0 0 0 0 0 0
 0.00862536 0 0 0.000197151 0.00414017 0.0128641 0.00837892 0.0270097 0.101434 0.158115 0.152841 0.127902 0.109271 0.109419 0.0830992 0.0579132 0.0238553 0.00714673 0.00463305 0.00128148 0.00103504 0.000492878 0.000147863 0.000147863 4.92878e-05 0
 0 0 0 0 0 0 0 0 0 0 0 0 0 0 0 0 0 0 0 0 0 0 0 0 0 0
 0 0 0 0 0 0 0 0.0054083 0.00873648 0.0413646 0.0450493 0.0745869 0.0622846 0.0627006 0.0613931 0.0827291 0.12552 0.122667 0.0946155 0.0697135 0.0546179 0.0294188 0.0215738 0.0213955 0.0102223 0.00600262
 0 0 0 0 0.00359764 0.0251062 0.0480494 0.140153 0.205849 0.193036 0.1447 0.116669 0.0760912 0.0342217 0.00950174 0.001854 0.000860785 0 0 0 0.000165536 0 0.000143464 0 0 0
 0 0 0 0 0 0 0 0.000145254 0.000435761 0.0275982 0.070085 0.0708112 0.156366 0.174668 0.174014 0.160142 0.0824315 0.0480064 0.0283245 0.00493863 0.00203355 0 0 0 0 0
 0 0 0 0 0 0 0 0 0 0 0 0 0 0 0 0 0 0 0 0 0 0 0 0 0 0
 0 0 1.00437e-05 0.000401748 0.00122533 0.00171747 0.00176769 0.0269171 0.070346 0.194647 0.189555 0.159765 0.064822 0.0314167 0.0384472 0.0292271 0.0345202 0.0313363 0.0194345 0.0106764 0.0143323 0.0359363 0.0279516 0.0138201 0.00172751 0
 0 0.0021121 0.0136068 0.0755702 0.200478 0.177729 0.0527432 0.0373336 0.0318909 0.0142505 0.0149659 0.0166563 0.0217959 0.0798694 0.0677717 0.0528807 0.04013 0.0224614 0.0357745 0.0225083 0.00881397 0.00855152 0.00135912 0.000746735 0 0
 0 0 0 0 5.4009e-05 0.00500934 0.000945158 0.0243581 0.138947 0.33067 0.221406 0.137944 0.0707744 0.0437923 0.0131692 0.00525238 0.0047753 0.00276346 9.45158e-05 9.00151e-06 2.25038e-05 9.00151e-06 4.50075e-06 0 0 0
 0.000866109 0.00284123 0.00948549 0.0512746 0.133035 0.25785 0.225252 0.132002 0.0553304 0.0519788 0.0540692 0.017754 0.00435017 0.00159236 0.00146478 0.000404838 0.000125132 0.000115318 0.000107957 0.000100596 0 0 0 0 0 0
 0 0 0 0 0.00144013 0.00171154 0.00461396 0.0210425 0.0478622 0.0707936 0.0888783 0.103762 0.0637923 0.0337046 0.0602308 0.124433 0.169614 0.0934646 0.0462172 0.0250306 0.0313229 0.00938855 0.002487 0.000210481 0 0
 0 0.00764035 0.051015 0.0998891 0.058973 0.0496711 0.0374665 0.0718981 0.12319 0.153886 0.159021 0.0857701 0.0377988 0.023471 0.0147837 0.00900784 0.00315554 0.000888139 0.00291439 0.00214683 0.00393193 0.00274676 0.000635225 9.99891e-05 0 0
 0 0 0 0 0 0 0 0 0 0 0 0 0 0 0 0 0 0 0 0 0 0 0 0 0 0
 0 0 0 0 0 0 0 0 0 0 0 0 0 0 0 0 0 0 0 0 0 0 0 0 0 0
 0 0 0 0 0 0 0 0 0 0 0 0 0 0 0 0 0 0 0 0 0 0 0 0 0 0
 0 0 0 0 0 0 0 0 0 0 0 0 0 0 0 0 0 0 0 0 0 0 0 0 0 0
 0 0 0 0 0 0 0 0 0 0 0 0 0 0 0 0 0 0 0 0 0 0 0 0 0 0
 0 0 0 0 0 0 0 0 0 0 0 0 0 0 0 0 0 0 0 0 0 0 0 0 0 0
 0 0 0 0 0 0 0 0 0 0 0 0 0 0 0 0 0 0 0 0 0 0 0 0 0 0
ppred_pel_tallas
 1.03117e-16 7.16192e-05 0.000696165 0.00462626 0.0210303 0.0654331 0.139412 0.203478 0.203486 0.139452 0.0655643 0.0214095 0.00557979 0.00278325 0.00405175 0.00662838 0.00964453 0.0123482 0.0140258 0.0143562 0.0135879 0.0123364 0.0111683 0.010306 0.00963072 0.00889299
 1.04542e-16 9.45292e-07 9.18867e-06 6.10662e-05 0.000277653 0.000864357 0.00184488 0.00271125 0.00279995 0.00227822 0.00231896 0.00447723 0.0105958 0.0229838 0.0435674 0.0718503 0.103096 0.128795 0.140275 0.133554 0.111769 0.0831656 0.0563173 0.03624 0.0236241 0.0165224
 1.29085e-16 1.30663e-05 0.000127009 0.00084402 0.00383679 0.0119377 0.0254346 0.0371232 0.0371263 0.0254504 0.011994 0.00401469 0.00134789 0.00141642 0.00301616 0.00640871 0.0125852 0.0228009 0.0380898 0.0585418 0.0825334 0.106433 0.125286 0.134474 0.131606 0.117559
 1.05985e-16 7.57073e-05 0.000735902 0.00489033 0.0222307 0.069168 0.14737 0.215091 0.215093 0.147381 0.0692046 0.0223367 0.00515743 0.00132294 0.00120322 0.00190571 0.00283262 0.00378537 0.00464781 0.00543969 0.00633312 0.00754167 0.00914244 0.0109584 0.0125878 0.0135645
 1.00164e-16 7.91989e-05 0.000769842 0.00511587 0.023256 0.0723581 0.154167 0.225011 0.225015 0.154184 0.0724168 0.0234257 0.00554143 0.00169757 0.00183739 0.00290244 0.00415052 0.00517137 0.00560716 0.00529625 0.00436894 0.00316646 0.00204607 0.00122055 0.000722908 0.000472251
 1.00006e-16 8.17227e-05 0.000794374 0.00527889 0.0239971 0.0746638 0.159079 0.232181 0.232182 0.159083 0.074676 0.0240323 0.00536715 0.000986783 0.000446366 0.000606528 0.000860924 0.00107217 0.00116187 0.0010959 0.000900753 0.0006467 0.000407601 0.000227914 0.000115526 5.52699e-05
 1.00352e-16 3.34337e-06 3.24988e-05 0.00021597 0.000981826 0.00305532 0.00651308 0.0095253 0.00961721 0.00696207 0.00456228 0.00533164 0.011124 0.0238098 0.0450575 0.0742129 0.10627 0.132297 0.143198 0.134784 0.110354 0.0786432 0.0488478 0.0265229 0.0126718 0.00540538
 1.25431e-16 3.83675e-06 3.72946e-05 0.000247836 0.00112663 0.00350542 0.00746899 0.0109031 0.0109122 0.00751427 0.00366125 0.00159354 0.00148306 0.00294241 0.00613031 0.0117107 0.0205359 0.0334187 0.0508684 0.0726003 0.0968576 0.120011 0.137099 0.143496 0.136977 0.118895
 1.04553e-16 7.79943e-05 0.000758133 0.00503806 0.0229023 0.0712575 0.151822 0.221588 0.221589 0.151824 0.0712657 0.0229263 0.0050997 0.000897067 0.000355536 0.000502704 0.000813788 0.00124608 0.00183613 0.00265576 0.00378478 0.00525086 0.00696213 0.00868057 0.0100684 0.0107976
 1.03616e-16 9.28952e-06 9.02975e-05 0.000600063 0.00272785 0.0084878 0.0180872 0.0264163 0.0264994 0.0184934 0.00985119 0.00666331 0.0104693 0.0216039 0.0407769 0.067161 0.0961942 0.119812 0.129816 0.122464 0.100792 0.0727424 0.0466376 0.0274427 0.015935 0.0102258
 1.00841e-16 7.9623e-05 0.000773964 0.00514326 0.0233805 0.0727455 0.154992 0.226215 0.226216 0.154996 0.0727579 0.0234168 0.00523622 0.000982803 0.000493535 0.000734796 0.00115487 0.00166784 0.00223716 0.00283372 0.00342502 0.00395209 0.00431853 0.00441704 0.00418442 0.00364522
 1.00545e-16 5.56791e-05 0.00054122 0.0035966 0.0163496 0.05087 0.108385 0.158198 0.158228 0.108535 0.0513724 0.0177998 0.00723333 0.00846888 0.0150784 0.0247522 0.0354468 0.0441468 0.0478241 0.045091 0.0370543 0.0266264 0.0168625 0.00959149 0.00511649 0.00277665
 1.03092e-16 3.92462e-05 0.000381487 0.00253512 0.0115243 0.0358566 0.0763978 0.111513 0.111555 0.0765992 0.036533 0.0134787 0.00744319 0.0111029 0.0204216 0.0337505 0.0487314 0.0615129 0.0681667 0.0668314 0.0587657 0.0474069 0.0362489 0.0272238 0.0205239 0.0154568
 1.02486e-16 6.8175e-05 0.000662685 0.00440378 0.0200189 0.0622864 0.132708 0.193694 0.193705 0.132762 0.0624679 0.0205439 0.00572405 0.00355297 0.00558117 0.00918112 0.0133644 0.0171093 0.0194147 0.0198061 0.0185846 0.0165577 0.014486 0.0126992 0.0111127 0.00950516
 1.01198e-16 6.27344e-05 0.000609801 0.00405234 0.0184214 0.0573158 0.122118 0.178239 0.17826 0.122221 0.0576606 0.019417 0.00655008 0.00605789 0.0103965 0.0170537 0.02448 0.0306157 0.0334088 0.0319171 0.0268775 0.0202265 0.0139698 0.00927011 0.00627489 0.00452292
 1.00277e-16 7.76573e-05 0.000754857 0.00501629 0.0228033 0.0709496 0.151166 0.220632 0.220637 0.151189 0.0710287 0.0230317 0.00558952 0.00200598 0.00245303 0.00393043 0.00564934 0.00709271 0.00779018 0.00752404 0.00645309 0.00500277 0.00361125 0.0025291 0.00178773 0.00129489
 1.00818e-16 3.13596e-05 0.000304826 0.00202568 0.00920849 0.0286513 0.0610468 0.0891118 0.0891697 0.0613298 0.029601 0.0119499 0.00890138 0.0152957 0.0284464 0.0468324 0.0671187 0.0836823 0.0908138 0.0858803 0.0709333 0.051411 0.0330167 0.0191631 0.0104325 0.00564168
 1.05906e-16 4.7334e-05 0.000460104 0.00305755 0.0138992 0.0432457 0.0921404 0.134486 0.134509 0.0922534 0.0436257 0.0149998 0.00583111 0.00655074 0.0117194 0.0195716 0.0288183 0.0375402 0.0437524 0.0464393 0.0460015 0.0436941 0.040588 0.036972 0.0325776 0.0272186
 1.01048e-16 7.69909e-05 0.000748379 0.00497324 0.0226076 0.0703408 0.149869 0.218739 0.218743 0.149891 0.0704174 0.0228292 0.00552962 0.00196403 0.00238896 0.0038363 0.00554005 0.00701302 0.00781729 0.00775701 0.00698992 0.00591277 0.00491174 0.00417348 0.00366844 0.00326198
 1.02027e-16 7.60317e-07 7.39065e-06 4.91179e-05 0.00022334 0.000695387 0.001485 0.00218673 0.00227894 0.00193543 0.00220727 0.0045878 0.0109956 0.023874 0.0452404 0.0745614 0.106871 0.133262 0.144657 0.136875 0.113194 0.0822766 0.0531997 0.0313776 0.0177041 0.0102542
 1.08825e-16 5.90518e-05 0.000574004 0.00381446 0.01734 0.0539511 0.114949 0.167771 0.167772 0.114953 0.0539682 0.0173946 0.00397155 0.000982766 0.00102775 0.00210586 0.00418882 0.00767643 0.0129254 0.0199515 0.0281583 0.0362473 0.0424789 0.0452693 0.0438508 0.038619
 1.06342e-16 5.07676e-05 0.000493479 0.00327935 0.0149074 0.0463828 0.0988245 0.144244 0.144275 0.0989758 0.0468905 0.0163735 0.00695707 0.00851504 0.0152658 0.0251098 0.0360656 0.0451667 0.04946 0.0476641 0.0409907 0.0323885 0.0248033 0.0197757 0.0171879 0.0159532
 1.119e-16 8.2323e-07 8.00216e-06 5.31807e-05 0.000241797 0.000752715 0.00160646 0.00236008 0.00243363 0.0019659 0.00195999 0.0037304 0.00881607 0.0191573 0.0364266 0.0603693 0.087312 0.110518 0.123075 0.121743 0.108798 0.090321 0.0723924 0.0582227 0.0478768 0.0398588
 1.06605e-16 7.0775e-05 0.000687958 0.00457172 0.0207824 0.0646618 0.137769 0.201078 0.201078 0.137771 0.0646699 0.0208082 0.00464493 0.000875897 0.000510451 0.000948801 0.00186858 0.00341872 0.00578166 0.00902051 0.0129522 0.0170805 0.0206642 0.0229371 0.0233888 0.0219596
 1.06781e-16 1.8412e-05 0.000178972 0.00118933 0.00540658 0.0168222 0.0358441 0.05233 0.0523991 0.0361818 0.0179559 0.00867901 0.00939671 0.0180732 0.0339374 0.0559078 0.0801497 0.100002 0.108724 0.103286 0.0862765 0.0642991 0.044168 0.0297896 0.021511 0.0174732
 1.20532e-16 1.41534e-05 0.000137576 0.000914245 0.00415604 0.0129312 0.0275523 0.0402197 0.0402499 0.0277001 0.0134295 0.005604 0.00458153 0.00825133 0.0157395 0.0268201 0.040543 0.0549495 0.0678982 0.0781713 0.0857875 0.0911888 0.0941344 0.093464 0.087978 0.0775843
 1.08175e-16 6.99387e-05 0.000679829 0.0045177 0.0205368 0.0638977 0.136141 0.198703 0.198707 0.136163 0.0639704 0.020748 0.00505167 0.00185857 0.00234808 0.00387792 0.00583907 0.00791202 0.00984432 0.0115832 0.0133061 0.0152421 0.0174093 0.019486 0.0209191 0.0211891
 1.02889e-16 5.57558e-05 0.000541966 0.00360155 0.0163722 0.05094 0.108534 0.158415 0.158443 0.108674 0.0514092 0.0177267 0.00699912 0.00795068 0.0141024 0.0231641 0.0332208 0.0414827 0.045157 0.0429807 0.0360039 0.0269329 0.0185682 0.0125283 0.00898452 0.00721106
 1.07102e-16 4.47325e-06 4.34817e-05 0.000288955 0.00131359 0.00408747 0.00871151 0.0127302 0.0128041 0.00907259 0.0053001 0.0048171 0.00908703 0.0192621 0.0365397 0.0604917 0.0873474 0.110261 0.122206 0.119873 0.105552 0.085443 0.0658271 0.0501493 0.0386881 0.0300984
 1.36936e-16 4.33528e-06 4.21405e-05 0.000280039 0.00127302 0.0039609 0.0084395 0.0123199 0.0123305 0.00849182 0.00413975 0.00180366 0.00166513 0.00324196 0.0065989 0.0122568 0.0208242 0.0328266 0.048631 0.0681993 0.0905329 0.113112 0.131972 0.142812 0.142723 0.131519
 1.14428e-16 6.97152e-05 0.000677656 0.00450326 0.0204712 0.0636935 0.135706 0.198067 0.198068 0.135713 0.0637196 0.0205475 0.00469839 0.00111582 0.000939941 0.00155027 0.00249661 0.00375907 0.00543044 0.00770771 0.0108341 0.0149313 0.0197996 0.0248231 0.0290745 0.0316023
pSPR Fmed_Fpbrs
0.473733   0.285572 0.285572
Fs Fmed_Fpbrs
0.528485   1.005 1.005
SSBpbr Bo_Bmed_Bpbrs
1.67229e+06  708606  393946 393946
Ro
57470.1
SPR SPRFo_SPRFmed_SPRFpbrs
410792 194606 117311
Fref
1.005
Nvult_r0
 122009 1543.4 1409.52 9818.83 2306.95
CTP_r0
 25657.9 536.349 489.824 3412.15 801.691
YTP_r0
390358
Np
 154507 47890.1 425.161 388.281 3288.96
Nvult_p0
 120118 41441.2 367.908 335.995 2846.07
CTP_p0
 40172.7 20772.3 184.413 168.416 1426.58
YTP_p0
 694731
CBA_c0
481670
log_Ro
10.779
likeval ReclasPelacesDesembMPH_pf_preclas_ppelaces_ptallas_desvR_qrecl_qpela
 58.7004 49.8318 2.77103 0.00188836 368.962 187.734 152.734 0 154.478 0 0 13.5541 0 0 0
q_reclas_q_pelaces
1 1
M
1
N
 449904 25311.6 9311.64 3425.56 1993.6
 2752.54 134766 6173.55 2271.12 1321.74
 10106.1 797.699 30766.9 1409.41 820.246
 49674.1 2811.69 167.844 6473.66 469.142
 30512.1 2952.32 26.9977 1.61163 66.6645
 321459 1617.96 22.5655 0.206353 0.521858
 4659.24 86869.3 321.175 4.47941 0.144555
 918.521 985.241 10558.8 39.0382 0.562035
 70141.6 262.735 219.126 2348.36 8.80742
 2563.66 16582.9 39.9193 33.2935 358.143
 120279 502.182 1729.65 4.16371 40.8281
 124903 39539.6 147.517 508.088 13.2164
 49863.6 32204.1 7145.06 26.6572 94.2029
 90321.9 11814.1 4914.01 1090.26 18.442
 69899.8 15362.4 929.025 386.424 87.1854
 433336 15372.7 2019.77 122.143 62.2675
 125030 112333 2808.08 368.945 33.6857
 143090 39434.3 30375.4 759.318 108.873
 1.20051e+06 37175.5 7235.41 5573.28 159.296
 6030.12 355992 8885.9 1729.45 1370.23
 451246 1900.89 96161 2400.27 837.289
 452158 142203 513.145 25958.6 873.977
 3047.18 132894 33391.3 120.494 6300.69
 517148 953.124 35342.9 8880.34 1707.7
 95784.6 168340 274.53 10179.9 3049.7
 31435.8 31654.8 49977.1 81.5029 3927.62
 327822 9975.98 8665.54 13681.3 1097.5
 431039 102207 2635.92 2289.67 3904.95
 19339.9 144627 31278 806.662 1895.72
 6231.64 6627.55 46168 9984.6 862.657
 169899 1968.56 1797.8 12523.6 2942.45
pred_Ctot
 53720.3 5574.52 2050.75 754.429 439.06
 376.511 33591.4 1538.8 566.093 329.453
 1592.74 225.765 8707.66 398.892 232.146
 30170.8 2185.29 130.451 5031.44 364.625
 19056 2328.64 21.2945 1.27117 52.5817
 55303.7 494.78 6.90067 0.0631038 0.159587
 1309.36 40100.5 148.261 2.06778 0.0667292
 131.837 256.473 2748.61 10.1622 0.146306
 16420.4 104.566 87.21 934.627 3.50527
 796.942 8282.35 19.9377 16.6284 178.875
 8165.36 65.1477 224.386 0.540155 5.2966
 24308.6 13460.1 50.2179 172.964 4.49915
 11626.3 12774.1 2834.17 10.5739 37.3667
 32644.3 6604.48 2747.11 609.495 10.3097
 18523.1 6766.51 409.196 170.204 38.4015
 83230.8 5174.04 679.802 41.1102 20.9576
 11417.4 19291 482.233 63.3591 5.78486
 27332.7 13209.8 10175.2 254.358 36.4706
 149780 8523.04 1658.82 1277.76 36.5209
 552.411 61317.7 1530.55 297.888 236.015
 41417.9 328.011 16593.2 414.182 144.48
 58529.3 33715 121.662 6154.55 207.212
 292.296 23897.5 6004.53 21.6676 1133.01
 38022 133.399 4946.61 1242.89 239.01
 6209.7 20898.7 34.0816 1263.79 378.605
 2762.82 5244.28 8279.75 13.5027 650.692
 32032.8 1825.15 1585.4 2503.05 200.792
 24139.9 11026.9 284.385 247.028 421.299
 842.029 12233 2645.59 68.2299 160.346
 563.564 1127.85 7856.71 1699.14 146.804
 25657.9 536.349 489.824 3412.15 801.691
F
 0.205496 0.410991 0.410991 0.410991 0.410991
 0.23855 0.477099 0.477099 0.477099 0.477099
 0.279349 0.558698 0.558698 0.558698 0.558698
 1.82289 3.64579 3.64579 3.64579 3.64579
 1.93696 3.87392 3.87392 3.87392 3.87392
 0.308466 0.616932 0.616932 0.616932 0.616932
 0.553722 1.10744 1.10744 1.10744 1.10744
 0.25162 0.503241 0.503241 0.503241 0.503241
 0.442142 0.884284 0.884284 0.884284 0.884284
 0.630227 1.26045 1.26045 1.26045 1.26045
 0.112511 0.225022 0.225022 0.225022 0.225022
 0.355441 0.710882 0.710882 0.710882 0.710882
 0.440002 0.880005 0.880005 0.880005 0.880005
 0.771454 1.54291 1.54291 1.54291 1.54291
 0.514472 1.02894 1.02894 1.02894 1.02894
 0.350045 0.70009 0.70009 0.70009 0.70009
 0.153918 0.307835 0.307835 0.307835 0.307835
 0.347825 0.69565 0.69565 0.69565 0.69565
 0.215592 0.431184 0.431184 0.431184 0.431184
 0.154442 0.308885 0.308885 0.308885 0.308885
 0.154761 0.309521 0.309521 0.309521 0.309521
 0.224478 0.448957 0.448957 0.448957 0.448957
 0.162228 0.324456 0.324456 0.324456 0.324456
 0.122341 0.244683 0.244683 0.244683 0.244683
 0.107212 0.214423 0.214423 0.214423 0.214423
 0.147768 0.295536 0.295536 0.295536 0.295536
 0.165474 0.330948 0.330948 0.330948 0.330948
 0.0920415 0.184083 0.184083 0.184083 0.184083
 0.0709356 0.141871 0.141871 0.141871 0.141871
 0.152335 0.304669 0.304669 0.304669 0.304669
 0.266296 0.532592 0.532592 0.532592 0.532592
nmprior
 8.19 8.8 8.5 0
nm_flota  nm_reclas  nm_pelaces    nm_pelaL
inf 4.24723 2.53641 3.3534
cv_recla  cv_pelaces  cv_mph
0.69302 0.800434 1.34106
 ------------------------------------------------
Talla a la edad & desviaci?n 
 8 13.2811 15.8009 17.003 17.5766
 0.8 1.32811 1.58009 1.7003 1.75766
