years
 1991 1992 1993 1994 1995 1996 1997 1998 1999 2000 2001 2002 2003 2004 2005 2006 2007 2008 2009 2010 2011 2012 2013 2014 2015 2016 2017 2018 2019 2020 2021
reclasobs
 0 0 0 0 0 0 0 0 0 252601 567819 844713 477998 351125 339783 2.1784e+06 2.13404e+06 4.81314e+06 1.55562e+06 2.62356e+06 3.21686e+06 3.843e+06 1.13348e+06 3.07943e+06 1.97215e+06 2.03268e+06 2.025e+06 2.42433e+06 2.27542e+06 1.05018e+06 2.36338e+06
reclaspred
 1.22837e+06 941613 450452 145047 85999.3 482533 285679 101416 200001 131526 225568 336117 341430 232687 239986 653241 1.03401e+06 1.88855e+06 1.75509e+06 1.25569e+06 1.98296e+06 1.79678e+06 1.70122e+06 1.75612e+06 1.61621e+06 1.43921e+06 1.34965e+06 1.63524e+06 1.77615e+06 760874 764359
pelacesobs
 0 0 0 0 0 0 0 0 0 0 0 0 0 0 0 552880 188675 0 991730 2.46772e+06 1.41603e+06 1.21717e+06 2.29649e+06 1.80582e+06 0 1.4828e+06 1.56532e+06 1.57751e+06 1.42118e+06 867257 1.10002e+06
pelacespred
 480710 403782 199406 43778.7 27516.9 206942 86314.7 44164.3 83774.8 43802.9 103052 121556 142899 93589.1 108256 255440 407866 838970 819694 561605 789592 828822 749971 856506 795201 653783 743363 900725 800268 402472 378533
mphobs
 0 0 0 0 0 0 0 0 0 0 0 498337 0 5186 125008 0 168611 109162 213762 579715 649985 157893 87575 83554 0 0 0 0 0 0 0
mphpred
 868281 983101 534789 174532 67964.4 61168.8 441994 97015.5 50881.5 173775 46225.3 277023 213478 215683 116310 189843 746335 861955 1.62139e+06 1.10868e+06 1.20008e+06 1.31474e+06 1.64541e+06 1.09298e+06 1.38017e+06 1.37124e+06 831099 1.0638e+06 1.70697e+06 969682 373397
desembarqueobs
 494567 514787 250237 358949 120608 361735 552515 73892 212993 205616 52469 317467 293654 387597 252695 516296 358380 742168 942051 627588 828172 859565 418607 520667 417249 300574 407403 355545 319650 289779 391294
desembarquepred
 494831 514701 249540 358408 120335 362295 552216 73977.3 212493 205615 52652.1 316801 293081 386123 252508 515638 359487 743561 941224 627800 828883 857594 417240 522988 418511 300366 405704 355729 320115 289800 392552
Reclutas
 302025 85525.7 15368.4 61282.2 35909.1 260304 14111.3 7914.17 66536.6 10663.3 118751 84909.6 126236 64807.1 77597.7 403993 128855 644417 339843 298859 347938 725026 28205.4 281136 354188 32191.5 292678 343672 34499.6 11831.2 216286
log_desv_Rt
 1.11271 -0.148988 -1.86549 -0.482315 -1.01681 0.964047 -1.95083 -2.52915 -0.400053 -2.23099 0.179225 -0.156218 0.240352 -0.42639 -0.246266 1.40359 0.260884 1.87054 1.23068 1.10217 1.25422 1.9884 -1.25829 1.04103 1.27202 -1.1261 1.08127 1.24188 -1.05686 -2.12707 0.778799
SSB
 868281 983101 534789 174532 67964.4 61168.8 441994 97015.5 50881.5 173775 46225.3 277023 213478 215683 116310 189843 746335 861955 1.62139e+06 1.10868e+06 1.20008e+06 1.31474e+06 1.64541e+06 1.09298e+06 1.38017e+06 1.37124e+06 831099 1.0638e+06 1.70697e+06 969682 373397
BT
 1.80689e+06 1.49781e+06 705020 467650 186354 1.22554e+06 697487 200085 548697 298355 471832 634812 775861 724328 678637 1.46213e+06 1.45086e+06 3.71504e+06 3.31632e+06 2.20773e+06 3.20359e+06 3.46874e+06 2.14731e+06 3.36558e+06 2.67581e+06 1.8538e+06 3.03995e+06 3.42096e+06 2.16201e+06 1.26212e+06 1.81396e+06
Ftot
 0.375506 0.500073 0.505331 1.90216 1.19627 0.693364 1.51345 0.657733 0.960931 1.28239 0.221478 0.835591 0.773826 1.38794 0.943511 0.724259 0.324846 0.368411 0.493044 0.461766 0.388782 0.442966 0.230532 0.28004 0.243849 0.196844 0.282927 0.205894 0.170379 0.353488 0.477664
BD_Bspro_t
 0.941688 0.711275 0.49033 0.26467 0.134873 0.163362 0.45384 0.140428 0.114031 0.321623 0.154751 0.597957 0.407935 0.3598 0.223946 0.317357 0.534354 0.550904 0.639002 0.523625 0.498591 0.523254 0.602442 0.536311 0.627537 0.677685 0.61928 0.699598 0.776028 0.665279 0.483977
BD_Bspro
 1.22371 1.38553 0.753705 0.245976 0.0957856 0.0862081 0.622923 0.136729 0.0717098 0.244909 0.0651476 0.390423 0.300866 0.303972 0.163921 0.267556 1.05185 1.2148 2.28511 1.56252 1.69133 1.85293 2.31896 1.54039 1.94514 1.93255 1.17131 1.49927 2.40572 1.36662 0.526246
BD_Bo
 0.540335 0.611788 0.332802 0.108612 0.0422945 0.0380656 0.275054 0.0603732 0.0316637 0.108141 0.0287662 0.172393 0.132848 0.13422 0.0723799 0.11814 0.464447 0.536398 1.009 0.689936 0.746815 0.818168 1.02395 0.680165 0.858883 0.853325 0.517197 0.662007 1.06226 0.603437 0.232366
BD_Brms
 2.29371 2.59703 1.41274 0.461054 0.179539 0.161588 1.1676 0.256283 0.134412 0.459055 0.122112 0.731804 0.563939 0.569762 0.307251 0.501503 1.97157 2.277 4.28317 2.92876 3.17022 3.47311 4.34664 2.88728 3.64594 3.62235 2.19549 2.81021 4.50926 2.56158 0.98639
Sel_flota
 0.5 1 1 1 1
 0.5 1 1 1 1
 0.5 1 1 1 1
 0.5 1 1 1 1
 0.5 1 1 1 1
 0.5 1 1 1 1
 0.5 1 1 1 1
 0.5 1 1 1 1
 0.5 1 1 1 1
 0.5 1 1 1 1
 0.5 1 1 1 1
 0.5 1 1 1 1
 0.5 1 1 1 1
 0.5 1 1 1 1
 0.5 1 1 1 1
 0.5 1 1 1 1
 0.5 1 1 1 1
 0.5 1 1 1 1
 0.5 1 1 1 1
 0.5 1 1 1 1
 0.5 1 1 1 1
 0.5 1 1 1 1
 0.5 1 1 1 1
 0.5 1 1 1 1
 0.5 1 1 1 1
 0.5 1 1 1 1
 0.5 1 1 1 1
 0.5 1 1 1 1
 0.5 1 1 1 1
 0.5 1 1 1 1
 0.5 1 1 1 1
Sel_reclas
 0.5 1 1 1 1
 0.5 1 1 1 1
 0.5 1 1 1 1
 0.5 1 1 1 1
 0.5 1 1 1 1
 0.5 1 1 1 1
 0.5 1 1 1 1
 0.5 1 1 1 1
 0.5 1 1 1 1
 0.5 1 1 1 1
 0.5 1 1 1 1
 0.5 1 1 1 1
 0.5 1 1 1 1
 0.5 1 1 1 1
 0.5 1 1 1 1
 0.5 1 1 1 1
 0.5 1 1 1 1
 0.5 1 1 1 1
 0.5 1 1 1 1
 0.5 1 1 1 1
 0.5 1 1 1 1
 0.5 1 1 1 1
 0.5 1 1 1 1
 0.5 1 1 1 1
 0.5 1 1 1 1
 0.5 1 1 1 1
 0.5 1 1 1 1
 0.5 1 1 1 1
 0.5 1 1 1 1
 0.5 1 1 1 1
 0.5 1 1 1 1
Sel_pelaces
 0.5 1 1 1 1
 0.5 1 1 1 1
 0.5 1 1 1 1
 0.5 1 1 1 1
 0.5 1 1 1 1
 0.5 1 1 1 1
 0.5 1 1 1 1
 0.5 1 1 1 1
 0.5 1 1 1 1
 0.5 1 1 1 1
 0.5 1 1 1 1
 0.5 1 1 1 1
 0.5 1 1 1 1
 0.5 1 1 1 1
 0.5 1 1 1 1
 0.5 1 1 1 1
 0.5 1 1 1 1
 0.5 1 1 1 1
 0.5 1 1 1 1
 0.5 1 1 1 1
 0.5 1 1 1 1
 0.5 1 1 1 1
 0.5 1 1 1 1
 0.5 1 1 1 1
 0.5 1 1 1 1
 0.5 1 1 1 1
 0.5 1 1 1 1
 0.5 1 1 1 1
 0.5 1 1 1 1
 0.5 1 1 1 1
 0.5 1 1 1 1
pf_obs 
 0.8446 0.082 0.0669 0.0065 0
 0.8095 0.147 0.0364 0.0071 0
 0.9664 0.0169 0.016 0.0007 0
 0.9276 0.0648 0.0075 0.0001 0
 0.7033 0.2144 0.0806 0.0017 0
 0.9318 0.0425 0.0243 0.0014 0
 0.5671 0.3108 0.0964 0.0239 0.0018
 0.0768 0.2599 0.5324 0.112 0.0189
 0.490249 0.384438 0.106611 0.0170017 0.00170017
 0.7925 0.1577 0.0466 0.003 0.0002
 0.840416 0.127587 0.0312969 0.00059994 9.999e-05
 0.8084 0.0986 0.0794 0.0134 0.0002
 0.7335 0.1905 0.0724 0.0035 0.0001
 0.4001 0.4547 0.1325 0.0127 0
 0.49795 0.308269 0.164784 0.0264974 0.00249975
 0.9179 0.0499 0.0305 0.0017 0
 0.2467 0.6533 0.0926 0.0074 0
 0.9418 0.0223 0.034 0.0019 0
 0.707729 0.231977 0.0356964 0.0245975 0
 0.517169 0.277429 0.184464 0.0207286 0.00020938
 0.811772 0.124168 0.05621 0.00726502 0.000585176
 0.764997 0.148141 0.077277 0.00933861 0.000247198
 0.163321 0.427699 0.378323 0.0303852 0.000271297
 0.753843 0.0900009 0.118128 0.0371064 0.000921714
 0.721811 0.176058 0.0630433 0.0369309 0.00215725
 0.143369 0.312575 0.442814 0.0836902 0.0175525
 0.692698 0.0596174 0.167031 0.0765114 0.00414204
 0.394062 0.376323 0.152708 0.0712218 0.00568511
 0.125707 0.32114 0.495352 0.0537591 0.00404204
 0.23352 0.215282 0.420074 0.123614 0.00750983
 0.774587 0.0839891 0.0768558 0.0609784 0.00358967
pf_pred 
 0.701665 0.188584 0.0693761 0.025522 0.0148532
 0.30077 0.587687 0.0705087 0.0259387 0.0150957
 0.147616 0.426684 0.357791 0.0429265 0.0249822
 0.7306 0.0775499 0.096036 0.0805298 0.0152846
 0.698771 0.274802 0.00760744 0.00942088 0.00939914
 0.946872 0.0463521 0.00618142 0.000171122 0.000423339
 0.116036 0.864417 0.0170539 0.00227427 0.000218714
 0.357935 0.194441 0.437726 0.00863579 0.0012624
 0.916094 0.0484598 0.0107345 0.0241656 0.000546452
 0.298443 0.678668 0.0132196 0.00292834 0.00674136
 0.9443 0.0314165 0.0234909 0.000457574 0.000334699
 0.552198 0.435769 0.00678666 0.00507456 0.000171149
 0.729967 0.205871 0.0624371 0.000972395 0.000751607
 0.531975 0.408702 0.0452276 0.0137167 0.000378743
 0.7516 0.194302 0.0472414 0.0052278 0.00162928
 0.920506 0.0708235 0.00678247 0.00164905 0.00023936
 0.391075 0.588647 0.0180669 0.00173019 0.000481729
 0.834483 0.0970138 0.0662218 0.0020325 0.000248838
 0.465591 0.490852 0.0255301 0.0174269 0.000600354
 0.528446 0.315697 0.143154 0.00744568 0.00525752
 0.608023 0.282474 0.0733099 0.0332426 0.00294988
 0.744652 0.19847 0.0409892 0.0106378 0.00525179
 0.0567123 0.820351 0.0955525 0.0197341 0.00765
 0.647243 0.0402476 0.271781 0.0316564 0.00907231
 0.62327 0.301238 0.00861314 0.0581622 0.0087161
 0.101834 0.70113 0.157553 0.00450481 0.0349784
 0.736634 0.0510428 0.165744 0.0372448 0.00933367
 0.62214 0.324553 0.0103314 0.0335479 0.00942783
 0.108567 0.693365 0.170125 0.00541555 0.0225271
 0.0999393 0.183554 0.557306 0.136741 0.0224594
 0.865722 0.0266001 0.0219594 0.0666728 0.0190458
pobs_RECLAS
 0 0 0 0 0
 0 0 0 0 0
 0 0 0 0 0
 0 0 0 0 0
 0 0 0 0 0
 0 0 0 0 0
 0 0 0 0 0
 0 0 0 0 0
 0 0 0 0 0
 0 0 0 0 0
 0.991045 0.00858322 0.000360255 1.14367e-05 0
 0.934742 0.0480273 0.0164251 0.00080598 0
 0.827803 0.169806 0.00239088 0 0
 0.941827 0.0461693 0.0120037 0 0
 0.791401 0.0380133 0.147996 0.0225897 0
 0.846168 0.0940531 0.0597789 0 0
 0.134021 0.677848 0.182769 0.00536245 0
 0.80878 0.0450904 0.141981 0.00414843 0
 0.846168 0.0940531 0.0597789 0 0
 0.905697 0.0802665 0.012482 0.00150086 5.37128e-05
 0.989698 0.0102097 9.19794e-05 0 0
 0.975433 0.0193895 0.00387452 0.00125025 5.28907e-05
 0.303575 0.632131 0.0575291 0.00676475 0
 0.966965 0.00978017 0.0227588 0.000495775 0
 0.843318 0.132988 0.00938335 0.0141283 0.000182051
 0.564624 0.303363 0.111486 0.0197234 0.00080311
 0.826376 0.0876187 0.0782897 0.00655872 0.00115652
 0.89761 0.0855135 0.0140674 0.00269457 0.000114338
 0.34875 0.467042 0.161289 0.0227151 0.000203297
 0.318654 0.224769 0.449479 0.00709798 0
 0.937255 0.0296025 0.0250945 0.00804832 0
ppred_RECLAS
 0.705735 0.186011 0.0684296 0.0251738 0.0146506
 0.306644 0.58275 0.0699163 0.0257208 0.0149689
 0.151193 0.424894 0.356289 0.0427464 0.0248774
 0.763679 0.0680275 0.0842438 0.0706415 0.0134078
 0.717214 0.257977 0.00714167 0.00884408 0.00882367
 0.94896 0.0445306 0.00593851 0.000164398 0.000406703
 0.129506 0.851245 0.016794 0.00223961 0.000215382
 0.367055 0.191679 0.431509 0.00851313 0.00124447
 0.921005 0.0456232 0.0101062 0.0227511 0.000514465
 0.319473 0.658324 0.0128234 0.00284056 0.00653928
 0.944851 0.0311057 0.0232585 0.000453048 0.000331388
 0.565572 0.422755 0.00658397 0.004923 0.000166037
 0.739502 0.198602 0.0602324 0.000938059 0.000725067
 0.559338 0.384808 0.0425834 0.0129148 0.000356601
 0.763361 0.185102 0.0450046 0.00498028 0.00155214
 0.923723 0.0679573 0.00650799 0.00158232 0.000229673
 0.39499 0.584862 0.0179507 0.00171907 0.000478632
 0.837101 0.0954792 0.0651743 0.00200035 0.000244902
 0.472387 0.484609 0.0252054 0.0172052 0.000592719
 0.534708 0.311505 0.141253 0.0073468 0.0051877
 0.612865 0.278985 0.0724044 0.0328319 0.00291344
 0.749167 0.19496 0.0402643 0.0104497 0.00515893
 0.0573045 0.819836 0.0954925 0.0197217 0.0076452
 0.650384 0.0398892 0.269361 0.0313745 0.00899153
 0.626024 0.299036 0.00855017 0.057737 0.00865238
 0.102679 0.70047 0.157404 0.00450057 0.0349455
 0.739332 0.05052 0.164047 0.0368633 0.00923807
 0.624415 0.322599 0.0102692 0.0333459 0.00937106
 0.109329 0.692773 0.169979 0.00541092 0.0225078
 0.101584 0.183219 0.556288 0.136491 0.0224184
 0.868742 0.0260019 0.0214654 0.0651732 0.0186174
pobs_PELACES
 0 0 0 0 0
 0 0 0 0 0
 0 0 0 0 0
 0 0 0 0 0
 0 0 0 0 0
 0 0 0 0 0
 0 0 0 0 0
 0 0 0 0 0
 0 0 0 0 0
 0 0 0 0 0
 0 0 0 0 0
 0 0 0 0 0
 0 0 0 0 0
 0 0 0 0 0
 0 0 0 0 0
 0 0 0 0 0
 0.505614 0.472636 0.0217494 0 0
 0 0 0 0 0
 0.443492 0.261883 0.143347 0.151278 0
 0.227955 0.32914 0.350689 0.0885471 0.00366901
 0.970185 0.0296113 0.000203453 0 0
 0.997202 0.00247181 0.000326279 0 0
 0.445219 0.490057 0.0546422 0.010081 0
 0.90214 0.0892962 0.00764917 0.000914606 0
 0 0 0 0 0
 0.581667 0.319106 0.0959925 0.00289975 0.000334073
 0.762889 0.0836404 0.116647 0.0363945 0.000428098
 0.88444 0.0763242 0.0277011 0.0115352 0
 0.521256 0.241999 0.230069 0.00667565 0
 0.616807 0.101726 0.260614 0.0208532 0
 0.833518 0.0704572 0.0857862 0.0102388 0
ppred_PELACES
 0.718436 0.177982 0.065476 0.0240873 0.0140182
 0.324462 0.567775 0.0681197 0.0250598 0.0145842
 0.162207 0.41938 0.351666 0.0421917 0.0245546
 0.8156 0.0530816 0.0657351 0.0551213 0.010462
 0.755482 0.223066 0.00617522 0.00764725 0.0076296
 0.954225 0.039937 0.00532592 0.000147439 0.00036475
 0.160351 0.821082 0.0161989 0.00216025 0.00020775
 0.392612 0.183939 0.414085 0.00816939 0.00119422
 0.931798 0.03939 0.00872546 0.0196428 0.000444178
 0.367118 0.612233 0.0119256 0.00264168 0.00608145
 0.946725 0.0300489 0.0224684 0.000437657 0.00032013
 0.599092 0.390136 0.00607597 0.00454316 0.000153226
 0.763338 0.18043 0.0547213 0.000852228 0.000658724
 0.614788 0.336386 0.037225 0.0112897 0.000311728
 0.790323 0.164012 0.0398769 0.00441284 0.00137529
 0.931728 0.0608253 0.00582499 0.00141625 0.000205569
 0.407868 0.572412 0.0175686 0.00168248 0.000468444
 0.845222 0.0907197 0.0619254 0.00190063 0.000232694
 0.492698 0.465954 0.0242351 0.0165429 0.000569902
 0.553604 0.298854 0.135516 0.00704843 0.00497702
 0.62797 0.2681 0.0695792 0.0315509 0.00279977
 0.76265 0.18448 0.0381 0.009888 0.00488162
 0.0593942 0.818019 0.0952809 0.019678 0.00762825
 0.660816 0.038699 0.261323 0.0304383 0.00872323
 0.635395 0.291543 0.00833592 0.0562902 0.00843557
 0.105711 0.698104 0.156873 0.00448537 0.0348274
 0.748228 0.0487959 0.158448 0.0356053 0.00892281
 0.632348 0.315785 0.0100523 0.0326416 0.00917313
 0.112096 0.690621 0.169451 0.00539411 0.0224379
 0.107032 0.182108 0.552914 0.135663 0.0222824
 0.877471 0.0242727 0.0200379 0.060839 0.0173793
pobs_pel_tallas
 0 0 0 0 0 0 0 0 0 0 0 0 0 0 0 0 0 0 0 0 0 0 0 0 0 0
 0 0 0 0 0 0 0 0 0 0 0 0 0 0 0 0 0 0 0 0 0 0 0 0 0 0
 0 0 0 0 0 0 0 0 0 0 0 0 0 0 0 0 0 0 0 0 0 0 0 0 0 0
 0 0 0 0 0 0 0 0 0 0 0 0 0 0 0 0 0 0 0 0 0 0 0 0 0 0
 0 0 0 0 0 0 0 0 0 0 0 0 0 0 0 0 0 0 0 0 0 0 0 0 0 0
 0 0 0 0 0 0 0 0 0 0 0 0 0 0 0 0 0 0 0 0 0 0 0 0 0 0
 0 0 0 0 0 0 0 0 0 0 0 0 0 0 0 0 0 0 0 0 0 0 0 0 0 0
 0 0 0 0 0 0 0 0 0 0 0 0 0 0 0 0 0 0 0 0 0 0 0 0 0 0
 0 0 0 0 0 0 0 0 0 0 0 0 0 0 0 0 0 0 0 0 0 0 0 0 0 0
 0 0 0 0 0 0 0 0 0 0 0 0 0 0 0 0 0 0 0 0 0 0 0 0 0 0
 0 0 0 0 0 0 0 0 0 0 0 0 0 0 0 0 0 0 0 0 0 0 0 0 0 0
 0 0 0 0 0 0 0 0 0 0 0 0 0 0 0 0 0 0 0 0 0 0 0 0 0 0
 0.00862536 0 0 0.000197151 0.00414017 0.0128641 0.00837892 0.0270097 0.101434 0.158115 0.152841 0.127902 0.109271 0.109419 0.0830992 0.0579132 0.0238553 0.00714673 0.00463305 0.00128148 0.00103504 0.000492878 0.000147863 0.000147863 4.92878e-05 0
 0 0 0 0 0 0 0 0 0 0 0 0 0 0 0 0 0 0 0 0 0 0 0 0 0 0
 0 0 0 0 0 0 0 0.0054083 0.00873648 0.0413646 0.0450493 0.0745869 0.0622846 0.0627006 0.0613931 0.0827291 0.12552 0.122667 0.0946155 0.0697135 0.0546179 0.0294188 0.0215738 0.0213955 0.0102223 0.00600262
 0 0 0 0 0.00359764 0.0251062 0.0480494 0.140153 0.205849 0.193036 0.1447 0.116669 0.0760912 0.0342217 0.00950174 0.001854 0.000860785 0 0 0 0.000165536 0 0.000143464 0 0 0
 0 0 0 0 0 0 0 0.000145254 0.000435761 0.0275982 0.070085 0.0708112 0.156366 0.174668 0.174014 0.160142 0.0824315 0.0480064 0.0283245 0.00493863 0.00203355 0 0 0 0 0
 0 0 0 0 0 0 0 0 0 0 0 0 0 0 0 0 0 0 0 0 0 0 0 0 0 0
 0 0 1.00437e-05 0.000401748 0.00122533 0.00171747 0.00176769 0.0269171 0.070346 0.194647 0.189555 0.159765 0.064822 0.0314167 0.0384472 0.0292271 0.0345202 0.0313363 0.0194345 0.0106764 0.0143323 0.0359363 0.0279516 0.0138201 0.00172751 0
 0 0.0021121 0.0136068 0.0755702 0.200478 0.177729 0.0527432 0.0373336 0.0318909 0.0142505 0.0149659 0.0166563 0.0217959 0.0798694 0.0677717 0.0528807 0.04013 0.0224614 0.0357745 0.0225083 0.00881397 0.00855152 0.00135912 0.000746735 0 0
 0 0 0 0 5.4009e-05 0.00500934 0.000945158 0.0243581 0.138947 0.33067 0.221406 0.137944 0.0707744 0.0437923 0.0131692 0.00525238 0.0047753 0.00276346 9.45158e-05 9.00151e-06 2.25038e-05 9.00151e-06 4.50075e-06 0 0 0
 0.000866109 0.00284123 0.00948549 0.0512746 0.133035 0.25785 0.225252 0.132002 0.0553304 0.0519788 0.0540692 0.017754 0.00435017 0.00159236 0.00146478 0.000404838 0.000125132 0.000115318 0.000107957 0.000100596 0 0 0 0 0 0
 0 0 0 0 0.00144013 0.00171154 0.00461396 0.0210425 0.0478622 0.0707936 0.0888783 0.103762 0.0637923 0.0337046 0.0602308 0.124433 0.169614 0.0934646 0.0462172 0.0250306 0.0313229 0.00938855 0.002487 0.000210481 0 0
 0 0.00764035 0.051015 0.0998891 0.058973 0.0496711 0.0374665 0.0718981 0.12319 0.153886 0.159021 0.0857701 0.0377988 0.023471 0.0147837 0.00900784 0.00315554 0.000888139 0.00291439 0.00214683 0.00393193 0.00274676 0.000635225 9.99891e-05 0 0
 0 0 0 0 0 0 0 0 0 0 0 0 0 0 0 0 0 0 0 0 0 0 0 0 0 0
 0 0 0 0 0 0 0 0 0 0 0 0 0 0 0 0 0 0 0 0 0 0 0 0 0 0
 0 0 0 0 0 0 0 0 0 0 0 0 0 0 0 0 0 0 0 0 0 0 0 0 0 0
 0 0 0 0 0 0 0 0 0 0 0 0 0 0 0 0 0 0 0 0 0 0 0 0 0 0
 0 0 0 0 0 0 0 0 0 0 0 0 0 0 0 0 0 0 0 0 0 0 0 0 0 0
 0 0 0 0 0 0 0 0 0 0 0 0 0 0 0 0 0 0 0 0 0 0 0 0 0 0
 0 0 0 0 0 0 0 0 0 0 0 0 0 0 0 0 0 0 0 0 0 0 0 0 0 0
ppred_pel_tallas
 1.06723e-16 5.91767e-05 0.000575218 0.00382253 0.0173767 0.0540654 0.115193 0.168131 0.168148 0.115277 0.0543483 0.0181948 0.00587979 0.00507813 0.00864634 0.0142941 0.0208078 0.0266415 0.0302609 0.0309736 0.029316 0.0266158 0.0240957 0.0222352 0.0207784 0.0191867
 1.07093e-16 2.67256e-05 0.000259782 0.00172635 0.00784776 0.0244176 0.0520263 0.0759453 0.076 0.0522936 0.0253151 0.01044 0.00823253 0.0144608 0.0269915 0.0445664 0.0641676 0.0806379 0.0887399 0.0860766 0.0745297 0.0589843 0.0444032 0.0335171 0.0264652 0.0219288
 1.18643e-16 1.33609e-05 0.000129873 0.000863052 0.00392333 0.0122072 0.0260102 0.0379712 0.0380121 0.0262102 0.0128801 0.00587284 0.00577907 0.010936 0.0207545 0.0348601 0.0515455 0.0675966 0.0796546 0.0860527 0.0875455 0.0862525 0.0837891 0.080238 0.074641 0.0662614
 1.09209e-16 6.71799e-05 0.000653012 0.0043395 0.0197267 0.0613772 0.130771 0.190865 0.19087 0.130796 0.0614635 0.0199774 0.00497432 0.00205783 0.00279189 0.00466057 0.00706973 0.00967202 0.0121746 0.0144897 0.0167631 0.019173 0.0216565 0.0238027 0.0250117 0.0247956
 1.02294e-16 6.22281e-05 0.000604879 0.00401964 0.0182727 0.0568533 0.121133 0.176801 0.176823 0.121238 0.0572052 0.0192888 0.00656833 0.00616283 0.0106007 0.0173826 0.024933 0.0311463 0.0339307 0.0323424 0.0271701 0.0204402 0.0142437 0.00978006 0.00716254 0.0058359
 1.00241e-16 7.85982e-05 0.000764003 0.00507707 0.0230796 0.0718093 0.152997 0.223305 0.223309 0.153016 0.0718724 0.023262 0.00553471 0.00176287 0.00197509 0.00313933 0.00451094 0.00566398 0.0062221 0.00601157 0.00515918 0.00400456 0.00289738 0.00203756 0.00144994 0.00106045
 1.0093e-16 1.32081e-05 0.000128387 0.000853184 0.0038785 0.0120679 0.0257148 0.037548 0.037627 0.0261006 0.0133628 0.00761665 0.0102284 0.0205678 0.0387526 0.0638382 0.0914739 0.114007 0.123644 0.116795 0.0962654 0.0694939 0.0442881 0.0253306 0.0134313 0.00697315
 1.13019e-16 3.23389e-05 0.000314346 0.00208894 0.00949603 0.0295458 0.0629511 0.0918827 0.0919011 0.0630409 0.0298491 0.0103799 0.00433618 0.00531462 0.00980482 0.0168752 0.0259683 0.0360986 0.0461377 0.0553298 0.0633542 0.0698151 0.0737327 0.073711 0.0687854 0.0592542
 1.02308e-16 7.67509e-05 0.000746046 0.00495774 0.0225372 0.0701215 0.149401 0.218057 0.21806 0.14942 0.0701841 0.022718 0.00541217 0.00174033 0.00197204 0.00315796 0.00458974 0.00588 0.00669912 0.00691743 0.00668403 0.00631788 0.00609116 0.00607297 0.00613113 0.00605418
 1.01795e-16 3.02391e-05 0.000293935 0.00195331 0.00887948 0.0276277 0.0588659 0.0859288 0.0859877 0.0591536 0.0285933 0.0116669 0.00894423 0.0155356 0.0289193 0.0476107 0.0682287 0.0850577 0.0922981 0.0872871 0.0721345 0.0523982 0.0338981 0.0201026 0.0115701 0.00703443
 1.00755e-16 7.79805e-05 0.000757998 0.00503716 0.0228982 0.0712449 0.151795 0.22155 0.221553 0.151809 0.071293 0.0230375 0.00538811 0.0015285 0.00155411 0.00247902 0.00364032 0.00473629 0.0055104 0.00583403 0.00575983 0.00545057 0.00504668 0.00458871 0.00404399 0.0033867
 1.00757e-16 4.93465e-05 0.000479665 0.00318755 0.0144901 0.0450844 0.0960585 0.140208 0.140246 0.0962418 0.0456997 0.0162662 0.00764192 0.0101908 0.0184549 0.0303328 0.0434596 0.054166 0.0587514 0.0555164 0.0458044 0.033158 0.0212889 0.0124118 0.00688906 0.00392293
 1.01823e-16 6.28751e-05 0.000611169 0.00406143 0.0184627 0.0574444 0.122392 0.178638 0.178656 0.122477 0.0577306 0.0192899 0.0061399 0.00515511 0.00871188 0.0143525 0.0207826 0.026366 0.0294637 0.0292922 0.02635 0.0220155 0.0176657 0.0140267 0.0111348 0.00871722
 1.02346e-16 5.06394e-05 0.000492233 0.00327106 0.0148698 0.0462656 0.0985749 0.14388 0.143912 0.0987333 0.0467972 0.016405 0.00712383 0.0089002 0.0160111 0.0263688 0.0379318 0.0475978 0.0522365 0.0504008 0.0431865 0.033488 0.0242756 0.0172309 0.0125252 0.00947138
 1.01869e-16 6.50979e-05 0.000632775 0.00420501 0.0191154 0.0594751 0.126719 0.184953 0.184969 0.126796 0.059735 0.0198663 0.00609122 0.00475434 0.00790422 0.0129941 0.0187809 0.0237589 0.0264313 0.0260944 0.0232328 0.0191505 0.0151552 0.0119418 0.00953721 0.00764203
 1.00361e-16 7.67452e-05 0.000745991 0.00495737 0.0225355 0.0701163 0.14939 0.218041 0.218047 0.149419 0.0702124 0.022813 0.00565366 0.00226524 0.00295989 0.00476603 0.00684452 0.00857806 0.00939431 0.00903036 0.00768579 0.0058888 0.00418402 0.0028838 0.00202525 0.00148584
 1.00902e-16 3.35957e-05 0.000326562 0.00217012 0.00986509 0.0306943 0.0653994 0.0954639 0.095519 0.0656684 0.0315972 0.0124718 0.00870827 0.0145823 0.0270575 0.0445459 0.0638555 0.0796432 0.0864856 0.0818799 0.0677692 0.0493082 0.031898 0.0187644 0.010452 0.00584053
 1.02041e-16 6.96198e-05 0.000676729 0.0044971 0.0204432 0.0636064 0.13552 0.197798 0.197807 0.135564 0.0637514 0.020863 0.00555454 0.00299694 0.0045106 0.00743613 0.010912 0.0141492 0.0163745 0.017199 0.0167949 0.0156819 0.0143216 0.0128699 0.0112443 0.00935832
 1.02574e-16 4.0583e-05 0.000394481 0.00262147 0.0119168 0.0370779 0.0790001 0.115312 0.115357 0.0792192 0.0378134 0.0140403 0.0079486 0.0120134 0.022077 0.0363553 0.0521852 0.0652449 0.071162 0.0679324 0.05714 0.0429319 0.0296006 0.0196295 0.0133203 0.00966494
 1.05537e-16 4.55997e-05 0.000443246 0.00294552 0.0133899 0.0416612 0.0887647 0.129561 0.12959 0.0889063 0.0421368 0.0147654 0.0064049 0.00801765 0.0144966 0.0240644 0.0350568 0.0449029 0.0509745 0.051998 0.0487126 0.0431832 0.0373797 0.0321994 0.0275167 0.0228834
 1.05715e-16 5.17252e-05 0.000502787 0.0033412 0.0151886 0.0472575 0.100688 0.146963 0.146989 0.100815 0.0476827 0.0164173 0.00642831 0.00725153 0.0128971 0.0213147 0.0308775 0.0392084 0.0439167 0.0439056 0.0399978 0.0343057 0.0288755 0.0246819 0.0215698 0.0188734
 1.02965e-16 6.28185e-05 0.000610618 0.00405777 0.0184461 0.0573927 0.122282 0.178478 0.178495 0.122369 0.0576848 0.0192902 0.00617761 0.00524161 0.00886791 0.0145874 0.0210697 0.0266273 0.0295821 0.0291603 0.0259388 0.0214252 0.017122 0.0138131 0.0114875 0.00973106
 1.06224e-16 4.89239e-06 4.75559e-05 0.000316029 0.00143667 0.00447044 0.00952766 0.0139224 0.0140012 0.00991273 0.00576329 0.00517039 0.0096865 0.0204978 0.038827 0.0641376 0.092289 0.115837 0.127181 0.122801 0.105356 0.0818723 0.0595611 0.0425055 0.0311239 0.0237506
 1.1208e-16 5.44305e-05 0.000529084 0.00351595 0.015983 0.0497291 0.105953 0.154643 0.154647 0.105974 0.0497988 0.0161895 0.00405394 0.00176853 0.00259897 0.00470788 0.00793634 0.0124004 0.0181833 0.0252185 0.0330973 0.0408777 0.0471299 0.0503576 0.0496279 0.0450255
 1.07388e-16 5.23367e-05 0.000508732 0.0033807 0.0153682 0.0478163 0.101879 0.148701 0.148729 0.102016 0.0482767 0.0166975 0.00671612 0.00778603 0.0138628 0.0228112 0.0328094 0.0411887 0.0453007 0.0440064 0.0384082 0.0311535 0.0248553 0.0208291 0.0188832 0.0179644
 1.1105e-16 8.7074e-06 8.46391e-05 0.00056246 0.0025569 0.00795584 0.0169532 0.0247579 0.0248252 0.0172825 0.00906162 0.00575191 0.00858661 0.0176155 0.033344 0.0552177 0.0797913 0.100858 0.112068 0.110459 0.0981748 0.0808818 0.0642661 0.0513511 0.0422048 0.0353799
 1.09666e-16 6.16305e-05 0.000599071 0.00398104 0.0180972 0.0563072 0.119969 0.175099 0.175104 0.119993 0.0563895 0.0183382 0.00459808 0.00198613 0.00281368 0.00486262 0.00772181 0.0112285 0.015228 0.0196137 0.0242625 0.028843 0.0326886 0.0349342 0.0348883 0.0323931
 1.05197e-16 5.20857e-05 0.000506292 0.00336449 0.0152945 0.047587 0.10139 0.147988 0.148019 0.101539 0.0480855 0.0167336 0.00697498 0.00838171 0.014991 0.024656 0.0354142 0.0443429 0.0485229 0.0466607 0.0399016 0.0311059 0.0231697 0.017668 0.0146038 0.0130467
 1.09405e-16 9.23336e-06 8.97516e-05 0.000596434 0.00271135 0.00843636 0.017977 0.026252 0.0263186 0.0183028 0.0095307 0.00587354 0.00853909 0.0174455 0.0330199 0.054701 0.0790912 0.100065 0.11134 0.109966 0.0979985 0.0809508 0.0643517 0.0511406 0.0414176 0.0338754
 1.33379e-16 8.81614e-06 8.5696e-05 0.000569481 0.00258879 0.00805478 0.0171622 0.0250526 0.0250711 0.0172526 0.00836081 0.00348384 0.00285828 0.00522195 0.0101746 0.0178842 0.028287 0.0408749 0.0550148 0.0702869 0.0862993 0.101989 0.115114 0.12269 0.122288 0.113326
 1.09627e-16 7.22761e-05 0.00070255 0.00466869 0.0212232 0.0660332 0.140691 0.205343 0.205345 0.140703 0.0660727 0.0213379 0.00495941 0.00134696 0.0013262 0.00216106 0.00331271 0.00463135 0.00605328 0.00764163 0.00957627 0.0120148 0.0149029 0.0178761 0.0203364 0.0216688
pSPR Fmed_Fpbrs
0.48762   0.285572 0.285572
Fs Fmed_Fpbrs
0.504316   1.005 1.005
SSBpbr Bo_Bmed_Bpbrs
1.60693e+06  703225  378549 378549
Ro
99266.2
SPR SPRFo_SPRFmed_SPRFpbrs
709547 345990 202627
Fref
1.005
Nvult_r0
 153623 2815.12 2323.98 7056.04 2015.63
CTP_r0
 29616.8 910.004 751.24 2280.91 651.566
YTP_r0
392552
Np
 183621 62663 832.211 687.019 2561.87
Nvult_p0
 142752 54224.8 720.145 594.505 2216.88
CTP_p0
 47742.3 27180 360.97 297.994 1111.21
YTP_p0
 852175
CBA_c0
530439
log_Ro
11.3256
likeval ReclasPelacesDesembMPH_pf_preclas_ppelaces_ptallas_desvR_qrecl_qpela
 50.8301 51.7331 0.761127 0.00226692 274.598 141.712 122.202 0 70.7479 0 0 0.0754248 0 0 0
q_reclas_q_pelaces
1 1
M
1
N
 302025 43720 16083.7 5916.85 3443.47
 85525.7 92089.1 11048.5 4064.53 2365.46
 15368.4 24502.6 20546.4 2465.08 1434.62
 61282.2 4391.4 5438.21 4560.14 865.516
 35909.1 8709.44 241.107 298.581 297.892
 260304 7263.45 968.639 26.8152 66.338
 14111.3 67705.7 1335.75 178.133 17.1309
 7914.17 2435.75 5483.36 108.18 15.814
 66536.6 2095.49 464.181 1044.97 23.6296
 10663.3 15139.2 294.893 65.323 150.381
 118751 2066 1544.8 30.0909 22.0104
 84909.6 39106.6 609.046 455.399 15.3592
 126236 20569.1 6238.25 97.1544 75.0949
 64807.1 31539.6 3490.22 1058.52 29.2277
 77597.7 11910.8 2895.92 320.467 99.8757
 403993 17810.4 1705.63 414.697 60.1932
 128855 103469 3175.69 304.122 84.6753
 644417 40296.5 27506.5 844.237 103.36
 339843 197185 10255.9 7000.7 241.174
 298859 97705.9 44305 2304.38 1627.16
 347938 87277.1 22650.8 10271.1 911.435
 725026 105386 21765.1 5648.63 2788.68
 28205.4 213732 24895 5141.48 1993.11
 281136 9246.51 62439.2 7272.76 2084.28
 354188 89910.9 2570.77 17359.7 2601.5
 32191.5 115342 25918.9 741.083 5754.27
 292678 10732.5 34850.3 7831.29 1962.55
 343672 93467.1 2975.32 9661.36 2715.09
 34499.6 114062 27986.3 890.883 3705.81
 11831.2 11655.3 35387.6 8682.73 1426.12
 216286 3647.33 3011 9141.96 2611.5
pred_Ctot
 33185.4 8919.13 3281.16 1207.07 702.488
 12206 23849.9 2861.43 1052.66 612.625
 2214.08 6399.81 5366.48 643.852 374.707
 25627.3 2720.22 3368.66 2824.75 536.138
 10721.2 4216.28 116.721 144.544 144.211
 49581.5 2427.15 323.68 8.96056 22.1675
 5029.37 37466.6 739.169 98.5741 9.47978
 1440 782.251 1761.01 34.7425 5.07875
 16680.3 882.362 195.456 440.011 9.94986
 3358.87 7638.17 148.782 32.9574 75.8716
 7940.43 264.175 197.53 3.84765 2.81442
 18959.8 14962.2 233.021 174.236 5.87643
 26418 7450.62 2259.64 35.1916 27.2011
 21670.1 16648.5 1842.35 558.753 15.4282
 19164.2 4954.27 1204.55 133.298 41.5431
 79896 6147.18 588.69 143.131 20.7754
 12374.1 18625.5 571.66 54.7456 15.2425
 69567.9 8087.7 5520.68 169.442 20.7447
 47886.9 50485 2625.81 1792.38 61.7475
 39687.4 23709.6 10751.2 559.187 394.852
 39476.1 18339.7 4759.67 2158.28 191.522
 92709.4 24709.5 5103.16 1324.41 653.85
 1959.45 28343.7 3301.41 681.827 264.313
 23486.8 1460.48 9862.24 1148.73 329.211
 25956.4 12545.2 358.699 2422.2 362.987
 1922.78 13238.4 2974.84 85.058 660.448
 24688.6 1710.72 5554.98 1248.27 312.821
 21431.4 11180.2 355.897 1155.66 324.769
 1793.32 11453.1 2810.13 89.4544 372.103
 1229.19 2257.61 6854.53 1681.83 276.237
 29616.8 910.004 751.24 2280.91 651.566
F
 0.187753 0.375506 0.375506 0.375506 0.375506
 0.250037 0.500073 0.500073 0.500073 0.500073
 0.252665 0.505331 0.505331 0.505331 0.505331
 0.951082 1.90216 1.90216 1.90216 1.90216
 0.598135 1.19627 1.19627 1.19627 1.19627
 0.346682 0.693364 0.693364 0.693364 0.693364
 0.756726 1.51345 1.51345 1.51345 1.51345
 0.328867 0.657733 0.657733 0.657733 0.657733
 0.480466 0.960931 0.960931 0.960931 0.960931
 0.641195 1.28239 1.28239 1.28239 1.28239
 0.110739 0.221478 0.221478 0.221478 0.221478
 0.417796 0.835591 0.835591 0.835591 0.835591
 0.386913 0.773826 0.773826 0.773826 0.773826
 0.69397 1.38794 1.38794 1.38794 1.38794
 0.471756 0.943511 0.943511 0.943511 0.943511
 0.362129 0.724259 0.724259 0.724259 0.724259
 0.162423 0.324846 0.324846 0.324846 0.324846
 0.184206 0.368411 0.368411 0.368411 0.368411
 0.246522 0.493044 0.493044 0.493044 0.493044
 0.230883 0.461766 0.461766 0.461766 0.461766
 0.194391 0.388782 0.388782 0.388782 0.388782
 0.221483 0.442966 0.442966 0.442966 0.442966
 0.115266 0.230532 0.230532 0.230532 0.230532
 0.14002 0.28004 0.28004 0.28004 0.28004
 0.121924 0.243849 0.243849 0.243849 0.243849
 0.0984218 0.196844 0.196844 0.196844 0.196844
 0.141464 0.282927 0.282927 0.282927 0.282927
 0.102947 0.205894 0.205894 0.205894 0.205894
 0.0851893 0.170379 0.170379 0.170379 0.170379
 0.176744 0.353488 0.353488 0.353488 0.353488
 0.238832 0.477664 0.477664 0.477664 0.477664
nmprior
 8.19 8.8 8.5 0
nm_flota  nm_reclas  nm_pelaces    nm_pelaL
inf 6.26176 4.98789 8.07778
cv_recla  cv_pelaces  cv_mph
0.64489 0.815561 1.46934
 ------------------------------------------------
Talla a la edad & desviaci?n 
 8 13.2811 15.8009 17.003 17.5766
 0.8 1.32811 1.58009 1.7003 1.75766
