    unsorted:	 2.358750232e-06 2.254484341e-06 5.948720055e-05 5.214857602e-05 9.014854310e-05 0.001099992141 3.627948515 13.56404918 51.07310632 67.42530265 165.5299802 232.3207726 264.4566823 333.8858916 507.7156464 635.9893243 846.2912272 858.0626992 793.7195174 930.3265159 986.6609626 1081.736207 1200.993073 1207.377454 1482.677710 1455.146964 1734.510612 1932.490084 2029.121132 2094.964381 2322.986693 2413.257086 2542.135358 2496.085785 2621.619059 2677.429821 2891.065620 3264.724275 3288.908213 3307.405873 3894.115976 4021.371989 4350.799283 7936.151560 39243.93837 398262.2139 393844.4316 406154.5609 383423.5718 366639.7408 424428.3560 445948.4907 450389.8657 457301.8332 347296.7920 158324.7738 289754.9916 503822.4878 578670.3782 593754.7319 635188.2405 651063.3300 680221.8314 903555.2697 967057.1908 1047958.885 1144199.961 1331901.066 1416769.589 1604416.370 1722154.887 2315164.392 2376942.779 2682713.357 2751270.635 2977510.246 3248539.904
      sorted:	 2.254484341e-06 2.358750232e-06 5.214857602e-05 5.948720055e-05 9.014854310e-05 0.001099992141 3.627948515 13.56404918 51.07310632 67.42530265 165.5299802 232.3207726 264.4566823 333.8858916 507.7156464 635.9893243 793.7195174 846.2912272 858.0626992 930.3265159 986.6609626 1081.736207 1200.993073 1207.377454 1455.146964 1482.677710 1734.510612 1932.490084 2029.121132 2094.964381 2322.986693 2413.257086 2496.085785 2542.135358 2621.619059 2677.429821 2891.065620 3264.724275 3288.908213 3307.405873 3894.115976 4021.371989 4350.799283 7936.151560 39243.93837 158324.7738 289754.9916 347296.7920 366639.7408 383423.5718 393844.4316 398262.2139 406154.5609 424428.3560 445948.4907 450389.8657 457301.8332 503822.4878 578670.3782 593754.7319 635188.2405 651063.3300 680221.8314 903555.2697 967057.1908 1047958.885 1144199.961 1331901.066 1416769.589 1604416.370 1722154.887 2315164.392 2376942.779 2682713.357 2751270.635 2977510.246 3248539.904
