    unsorted:	 2.352713297e-06 2.003243581e-06 3.580468967e-05 5.910832235e-05 8.999388598e-05 0.001099993743 3.643619892 13.56415525 51.16636050 67.41998019 165.5113793 232.3073360 264.3568985 333.6456421 507.6963096 635.8240252 846.0623778 857.7834655 793.6667150 930.2971760 986.3634438 1082.207254 1200.993226 1207.166928 1482.346541 1454.771020 1734.479726 1932.568003 2028.741084 2094.522814 2322.318537 2413.383748 2542.165036 2496.673686 2621.637535 2677.671887 2891.171938 3265.510470 3289.003481 3302.673787 3894.449127 4021.156364 4348.681721 7940.947653 39255.08958 398206.6986 393870.4758 406124.1868 383370.4863 367206.0470 424464.2911 445910.9729 450548.0717 457181.8877 347284.8756 158323.8960 290016.3078 504075.6653 578683.8044 593757.2294 635124.2789 651118.3550 680632.8545 903800.1882 967011.9902 1048207.599 1144419.407 1330760.436 1417071.945 1604540.669 1722275.782 2315270.797 2377209.054 2682558.935 2751240.976 2978283.708 3248955.443
      sorted:	 2.003243581e-06 2.352713297e-06 3.580468967e-05 5.910832235e-05 8.999388598e-05 0.001099993743 3.643619892 13.56415525 51.16636050 67.41998019 165.5113793 232.3073360 264.3568985 333.6456421 507.6963096 635.8240252 793.6667150 846.0623778 857.7834655 930.2971760 986.3634438 1082.207254 1200.993226 1207.166928 1454.771020 1482.346541 1734.479726 1932.568003 2028.741084 2094.522814 2322.318537 2413.383748 2496.673686 2542.165036 2621.637535 2677.671887 2891.171938 3265.510470 3289.003481 3302.673787 3894.449127 4021.156364 4348.681721 7940.947653 39255.08958 158323.8960 290016.3078 347284.8756 367206.0470 383370.4863 393870.4758 398206.6986 406124.1868 424464.2911 445910.9729 450548.0717 457181.8877 504075.6653 578683.8044 593757.2294 635124.2789 651118.3550 680632.8545 903800.1882 967011.9902 1048207.599 1144419.407 1330760.436 1417071.945 1604540.669 1722275.782 2315270.797 2377209.054 2682558.935 2751240.976 2978283.708 3248955.443
