years
 1991 1992 1993 1994 1995 1996 1997 1998 1999 2000 2001 2002 2003 2004 2005 2006 2007 2008 2009 2010 2011 2012 2013 2014 2015 2016 2017 2018 2019 2020 2021
reclasobs
 0 0 0 0 0 0 0 0 0 252601 567819 844713 477998 351125 339783 2.1784e+06 2.13404e+06 4.81314e+06 1.55562e+06 2.62356e+06 3.21686e+06 3.843e+06 1.13348e+06 3.07943e+06 1.97215e+06 2.03268e+06 2.025e+06 2.42433e+06 2.27542e+06 1.05018e+06 2.36338e+06
reclaspred
 3.31761e+06 1.89757e+06 963665 959040 956790 1.45178e+06 990789 893288 656989 490952 509230 629832 629692 517469 529057 1.25857e+06 1.27923e+06 2.66533e+06 2.23496e+06 1.69665e+06 3.0165e+06 2.45458e+06 2.00603e+06 3.0356e+06 2.29785e+06 2.03431e+06 2.37285e+06 2.491e+06 2.09089e+06 1.35883e+06 1.93556e+06
pelacesobs
 0 0 0 0 0 0 0 0 0 0 0 0 0 0 0 552880 188675 0 991730 2.46772e+06 1.41603e+06 1.21717e+06 2.29649e+06 1.80582e+06 0 1.4828e+06 1.56532e+06 1.57751e+06 1.42118e+06 867257 1.10002e+06
pelacespred
 1.86776e+06 1.2023e+06 621268 502826 509089 797416 527791 555123 407590 292786 306870 320780 349748 310586 321496 628015 635412 1.50054e+06 1.32427e+06 940975 1.57454e+06 1.42568e+06 1.1433e+06 1.87193e+06 1.38126e+06 1.21212e+06 1.60345e+06 1.66468e+06 1.14969e+06 853083 1.19492e+06
mphobs
 0 0 0 0 0 0 0 0 0 0 0 498337 0 5186 125008 0 168611 109162 213762 579715 649985 157893 87575 83554 0 0 0 0 0 0 0
mphpred
 492884 331186 169616 91866.3 102294 113126 148068 101896 88351.8 63374.5 42921.2 58825.2 63739.8 56037.9 41487.9 51384 146012 145193 262874 206357 222880 274244 261449 220166 299816 247922 204812 215473 295425 207364 134874
desembarqueobs
 494567 514787 250237 358949 120608 361735 552515 73892 212993 205616 52469 317467 293654 387597 252695 516296 358380 742168 942051 627588 828172 859565 418607 520667 417249 300574 407403 355545 319650 289779 391294
desembarquepred
 494573 513183 251060 358969 120612 361747 552561 73895 213029 205650 52471 317527 293705 387654 252700 516282 358400 742106 941932 627511 828229 859600 418619 520687 417253 300577 407406 355538 319649 289788 391298
Reclutas
 245553 142955 140260 259716 207687 342750 144745 69305.3 63357.5 82257.4 149124 186102 156820 110829 115723 600613 139316 904253 531101 404680 620532 827664 181339 535513 448766 203405 451149 504778 153605 112615 416888
log_desv_Rt
 0.0434769 -0.497507 -0.516533 0.0995522 -0.124004 0.376966 -0.485064 -1.22151 -1.31124 -1.05018 -0.45526 -0.233742 -0.404938 -0.752047 -0.708834 0.937915 -0.523288 1.34708 0.814917 0.543062 0.970542 1.25857 -0.259664 0.82319 0.646467 -0.144837 0.651762 0.764084 -0.425652 -0.736059 0.572783
SSB
 4.85274e+06 3.26073e+06 1.66998e+06 904480 1.00714e+06 1.11379e+06 1.45782e+06 1.00323e+06 869878 623961 422585 579170 627557 551727 408474 505907 1.43758e+06 1.42951e+06 2.58815e+06 2.03171e+06 2.19439e+06 2.7001e+06 2.57413e+06 2.16766e+06 2.95187e+06 2.44094e+06 2.0165e+06 2.12146e+06 2.90864e+06 2.04163e+06 1.32791e+06
BT
 6.36464e+06 4.33888e+06 2.23263e+06 1.90571e+06 1.71561e+06 2.84753e+06 2.17825e+06 1.83127e+06 1.50916e+06 1.13214e+06 1.02297e+06 1.29035e+06 1.38178e+06 1.39349e+06 1.27775e+06 2.42058e+06 2.30376e+06 5.43235e+06 5.12747e+06 3.56313e+06 5.68567e+06 5.34723e+06 4.00605e+06 6.44322e+06 4.78171e+06 4.12581e+06 5.5199e+06 5.65488e+06 3.92359e+06 2.99655e+06 4.17484e+06
Ftot
 0.0878111 0.157758 0.152728 0.226501 0.0762089 0.152976 0.324433 0.0498498 0.193935 0.248962 0.0642893 0.303076 0.279987 0.445294 0.293676 0.258361 0.166518 0.17403 0.25241 0.222117 0.167443 0.212291 0.123847 0.106587 0.109301 0.0886287 0.106305 0.0889715 0.0899053 0.126186 0.12632
BD_Bspro_t
 0.986048 0.89482 0.778424 0.706658 0.700724 0.757788 0.748833 0.625027 0.673022 0.64362 0.618589 0.762842 0.663727 0.588396 0.499526 0.553511 0.688078 0.675465 0.741471 0.663863 0.640023 0.683557 0.698026 0.696486 0.780286 0.78717 0.793725 0.820707 0.853585 0.805827 0.757028
BD_Bspro
 2.88765 1.94031 0.993728 0.538215 0.599305 0.662766 0.867482 0.596976 0.517625 0.371291 0.251461 0.344638 0.373431 0.328308 0.243064 0.301042 0.855438 0.850638 1.54009 1.20898 1.30578 1.60671 1.53175 1.28988 1.75652 1.45249 1.19993 1.26239 1.7308 1.21488 0.790181
BD_Bo
 1.95169 1.31141 0.671636 0.363766 0.405055 0.447948 0.586309 0.403482 0.34985 0.250946 0.169957 0.232932 0.252393 0.221895 0.164281 0.203467 0.57817 0.574925 1.04091 0.81712 0.882546 1.08593 1.03527 0.871798 1.18719 0.981705 0.811 0.853217 1.16981 0.821107 0.534064
BD_Brms
 13.4706 9.05139 4.63566 2.51073 2.79571 3.09175 4.04673 2.78485 2.41468 1.73204 1.17305 1.60771 1.74202 1.53153 1.13387 1.40434 3.99055 3.96816 7.18441 5.63979 6.09137 7.49515 7.14547 6.01718 8.19404 6.77577 5.59755 5.88894 8.07404 5.66731 3.68613
Sel_flota
 0.880187 1 1 1 1
 0.880187 1 1 1 1
 0.880187 1 1 1 1
 0.880187 1 1 1 1
 0.880187 1 1 1 1
 0.880187 1 1 1 1
 0.880187 1 1 1 1
 0.880187 1 1 1 1
 0.880187 1 1 1 1
 0.880187 1 1 1 1
 0.880187 1 1 1 1
 0.880187 1 1 1 1
 0.880187 1 1 1 1
 0.880187 1 1 1 1
 0.880187 1 1 1 1
 0.880187 1 1 1 1
 0.880187 1 1 1 1
 0.880187 1 1 1 1
 0.880187 1 1 1 1
 0.880187 1 1 1 1
 0.880187 1 1 1 1
 0.880187 1 1 1 1
 0.880187 1 1 1 1
 0.880187 1 1 1 1
 0.880187 1 1 1 1
 0.880187 1 1 1 1
 0.880187 1 1 1 1
 0.880187 1 1 1 1
 0.880187 1 1 1 1
 0.880187 1 1 1 1
 0.880187 1 1 1 1
Sel_reclas
 1 1 1 1 1
 1 1 1 1 1
 1 1 1 1 1
 1 1 1 1 1
 1 1 1 1 1
 1 1 1 1 1
 1 1 1 1 1
 1 1 1 1 1
 1 1 1 1 1
 1 1 1 1 1
 1 1 1 1 1
 1 1 1 1 1
 1 1 1 1 1
 1 1 1 1 1
 1 1 1 1 1
 1 1 1 1 1
 1 1 1 1 1
 1 1 1 1 1
 1 1 1 1 1
 1 1 1 1 1
 1 1 1 1 1
 1 1 1 1 1
 1 1 1 1 1
 1 1 1 1 1
 1 1 1 1 1
 1 1 1 1 1
 1 1 1 1 1
 1 1 1 1 1
 1 1 1 1 1
 1 1 1 1 1
 1 1 1 1 1
Sel_pelaces
 1 1 1 1 1
 1 1 1 1 1
 1 1 1 1 1
 1 1 1 1 1
 1 1 1 1 1
 1 1 1 1 1
 1 1 1 1 1
 1 1 1 1 1
 1 1 1 1 1
 1 1 1 1 1
 1 1 1 1 1
 1 1 1 1 1
 1 1 1 1 1
 1 1 1 1 1
 1 1 1 1 1
 1 1 1 1 1
 1 1 1 1 1
 1 1 1 1 1
 1 1 1 1 1
 1 1 1 1 1
 1 1 1 1 1
 1 1 1 1 1
 1 1 1 1 1
 1 1 1 1 1
 1 1 1 1 1
 1 1 1 1 1
 1 1 1 1 1
 1 1 1 1 1
 1 1 1 1 1
 1 1 1 1 1
 1 1 1 1 1
pf_obs 
 0.8446 0.082 0.0669 0.0065 0
 0.8095 0.147 0.0364 0.0071 0
 0.9664 0.0169 0.016 0.0007 0
 0.9276 0.0648 0.0075 0.0001 0
 0.7033 0.2144 0.0806 0.0017 0
 0.9318 0.0425 0.0243 0.0014 0
 0.5671 0.3108 0.0964 0.0239 0.0018
 0.0768 0.2599 0.5324 0.112 0.0189
 0.490249 0.384438 0.106611 0.0170017 0.00170017
 0.7925 0.1577 0.0466 0.003 0.0002
 0.840416 0.127587 0.0312969 0.00059994 9.999e-05
 0.8084 0.0986 0.0794 0.0134 0.0002
 0.7335 0.1905 0.0724 0.0035 0.0001
 0.4001 0.4547 0.1325 0.0127 0
 0.49795 0.308269 0.164784 0.0264974 0.00249975
 0.9179 0.0499 0.0305 0.0017 0
 0.2467 0.6533 0.0926 0.0074 0
 0.9418 0.0223 0.034 0.0019 0
 0.707729 0.231977 0.0356964 0.0245975 0
 0.517169 0.277429 0.184464 0.0207286 0.00020938
 0.811772 0.124168 0.05621 0.00726502 0.000585176
 0.764997 0.148141 0.077277 0.00933861 0.000247198
 0.163321 0.427699 0.378323 0.0303852 0.000271297
 0.753843 0.0900009 0.118128 0.0371064 0.000921714
 0.721811 0.176058 0.0630433 0.0369309 0.00215725
 0.143369 0.312575 0.442814 0.0836902 0.0175525
 0.692698 0.0596174 0.167031 0.0765114 0.00414204
 0.394062 0.376323 0.152708 0.0712218 0.00568511
 0.125707 0.32114 0.495352 0.0537591 0.00404204
 0.23352 0.215282 0.420074 0.123614 0.00750983
 0.774587 0.0839891 0.0768558 0.0609784 0.00358967
pf_pred 
 0.422844 0.111327 0.441847 0.0239812 7.43327e-07
 0.408697 0.269511 0.0620703 0.246351 0.0133711
 0.546025 0.200941 0.115331 0.0265615 0.111142
 0.74823 0.146047 0.046796 0.0268587 0.0320689
 0.644792 0.275057 0.0464941 0.0148975 0.0187596
 0.741599 0.174326 0.0651042 0.0110049 0.00796645
 0.473865 0.403672 0.0826178 0.0308547 0.00899102
 0.438762 0.287147 0.210294 0.0430399 0.0207577
 0.520881 0.225792 0.12961 0.0949206 0.0287964
 0.674612 0.180924 0.0680806 0.0390799 0.0373031
 0.792666 0.146318 0.0339265 0.0127663 0.0143232
 0.722821 0.225497 0.0364722 0.00845673 0.00675249
 0.667289 0.250121 0.0671903 0.0108674 0.00453181
 0.60696 0.274838 0.0888605 0.0238707 0.00547089
 0.707279 0.188659 0.0727667 0.0235269 0.00776854
 0.923081 0.0566985 0.013032 0.0050265 0.00216179
 0.395836 0.563589 0.0299082 0.00687431 0.00379179
 0.886243 0.0488734 0.0605265 0.00321198 0.00114548
 0.598613 0.361093 0.0173112 0.0214388 0.00154343
 0.592963 0.257689 0.134356 0.00644116 0.00855122
 0.73824 0.164148 0.0617963 0.0322198 0.00359532
 0.740626 0.198239 0.0383374 0.0144328 0.00836475
 0.327819 0.515635 0.119648 0.0231387 0.0137595
 0.73958 0.0933731 0.128143 0.0297342 0.00916974
 0.6287 0.283955 0.0313176 0.0429795 0.0130485
 0.441689 0.368322 0.145295 0.0160248 0.0286687
 0.732547 0.127016 0.092647 0.0365473 0.0112421
 0.691218 0.234112 0.0354617 0.0258661 0.0133423
 0.362518 0.458376 0.135794 0.0205692 0.0227424
 0.42945 0.224802 0.248607 0.07365 0.0234907
 0.821837 0.0825223 0.0376835 0.0416739 0.0162837
pobs_RECLAS
 0 0 0 0 0
 0 0 0 0 0
 0 0 0 0 0
 0 0 0 0 0
 0 0 0 0 0
 0 0 0 0 0
 0 0 0 0 0
 0 0 0 0 0
 0 0 0 0 0
 0 0 0 0 0
 0.991045 0.00858322 0.000360255 1.14367e-05 0
 0.934742 0.0480273 0.0164251 0.00080598 0
 0.827803 0.169806 0.00239088 0 0
 0.941827 0.0461693 0.0120037 0 0
 0.791401 0.0380133 0.147996 0.0225897 0
 0.846168 0.0940531 0.0597789 0 0
 0.134021 0.677848 0.182769 0.00536245 0
 0.80878 0.0450904 0.141981 0.00414843 0
 0.846168 0.0940531 0.0597789 0 0
 0.905697 0.0802665 0.012482 0.00150086 5.37128e-05
 0.989698 0.0102097 9.19794e-05 0 0
 0.975433 0.0193895 0.00387452 0.00125025 5.28907e-05
 0.303575 0.632131 0.0575291 0.00676475 0
 0.966965 0.00978017 0.0227588 0.000495775 0
 0.843318 0.132988 0.00938335 0.0141283 0.000182051
 0.564624 0.303363 0.111486 0.0197234 0.00080311
 0.826376 0.0876187 0.0782897 0.00655872 0.00115652
 0.89761 0.0855135 0.0140674 0.00269457 0.000114338
 0.34875 0.467042 0.161289 0.0227151 0.000203297
 0.318654 0.224769 0.449479 0.00709798 0
 0.937255 0.0296025 0.0250945 0.00804832 0
ppred_RECLAS
 0.454487 0.105224 0.417622 0.0226665 7.02574e-07
 0.440295 0.255109 0.0587533 0.233186 0.0126566
 0.577849 0.186855 0.107246 0.0246995 0.103351
 0.771974 0.132273 0.0423826 0.0243256 0.0290445
 0.673629 0.252726 0.0427195 0.0136881 0.0172367
 0.765599 0.158135 0.0590573 0.00998272 0.00722652
 0.506774 0.378423 0.0774502 0.0289247 0.00842864
 0.470521 0.270898 0.198394 0.0406044 0.0195831
 0.553157 0.210582 0.120879 0.0885263 0.0268566
 0.702605 0.165359 0.0622237 0.0357179 0.0340939
 0.81296 0.131996 0.0306057 0.0115167 0.0129212
 0.748364 0.204717 0.0331112 0.00767742 0.00613023
 0.695723 0.228746 0.0614482 0.0099387 0.00414452
 0.638366 0.252877 0.0817601 0.0219633 0.00503374
 0.733698 0.171632 0.0661991 0.0214035 0.00706738
 0.931866 0.050223 0.0115436 0.00445242 0.00191489
 0.427186 0.534345 0.0283563 0.00651761 0.00359503
 0.898669 0.0435347 0.0539148 0.00286112 0.00102035
 0.629565 0.333248 0.0159763 0.0197856 0.00142442
 0.623978 0.238054 0.124118 0.00595036 0.00789965
 0.762486 0.148944 0.0560724 0.0292354 0.0032623
 0.764828 0.179742 0.0347603 0.0130861 0.00758426
 0.356844 0.49337 0.114481 0.0221396 0.0131654
 0.763607 0.0847584 0.11632 0.0269909 0.00832373
 0.658236 0.261366 0.0288263 0.0395605 0.0120105
 0.473588 0.347278 0.136994 0.0151092 0.0270307
 0.757009 0.115399 0.0841733 0.0332046 0.0102139
 0.717964 0.213834 0.0323901 0.0236257 0.0121867
 0.392724 0.436657 0.12936 0.0195945 0.0216648
 0.461304 0.212251 0.234727 0.069538 0.0221792
 0.839948 0.0741332 0.0338527 0.0374374 0.0146283
pobs_PELACES
 0 0 0 0 0
 0 0 0 0 0
 0 0 0 0 0
 0 0 0 0 0
 0 0 0 0 0
 0 0 0 0 0
 0 0 0 0 0
 0 0 0 0 0
 0 0 0 0 0
 0 0 0 0 0
 0 0 0 0 0
 0 0 0 0 0
 0 0 0 0 0
 0 0 0 0 0
 0 0 0 0 0
 0 0 0 0 0
 0.505614 0.472636 0.0217494 0 0
 0 0 0 0 0
 0.443492 0.261883 0.143347 0.151278 0
 0.227955 0.32914 0.350689 0.0885471 0.00366901
 0.970185 0.0296113 0.000203453 0 0
 0.997202 0.00247181 0.000326279 0 0
 0.445219 0.490057 0.0546422 0.010081 0
 0.90214 0.0892962 0.00764917 0.000914606 0
 0 0 0 0 0
 0.581667 0.319106 0.0959925 0.00289975 0.000334073
 0.762889 0.0836404 0.116647 0.0363945 0.000428098
 0.88444 0.0763242 0.0277011 0.0115352 0
 0.521256 0.241999 0.230069 0.00667565 0
 0.616807 0.101726 0.260614 0.0208532 0
 0.833518 0.0704572 0.0857862 0.0102388 0
ppred_PELACES
 0.455348 0.105058 0.416963 0.0226307 7.01465e-07
 0.441833 0.254408 0.0585919 0.232546 0.0126218
 0.579321 0.186203 0.106872 0.0246134 0.10299
 0.773547 0.131361 0.0420903 0.0241579 0.0288442
 0.674291 0.252214 0.0426328 0.0136603 0.0172017
 0.766683 0.157403 0.0587843 0.00993657 0.00719311
 0.50998 0.375963 0.0769468 0.0287367 0.00837386
 0.471012 0.270647 0.19821 0.0405668 0.0195649
 0.555051 0.209689 0.120366 0.088151 0.0267427
 0.704658 0.164218 0.0617942 0.0354713 0.0338586
 0.813346 0.131724 0.0305425 0.011493 0.0128945
 0.750614 0.202887 0.0328151 0.00760878 0.00607542
 0.698061 0.226988 0.0609759 0.00986232 0.00411267
 0.64242 0.250042 0.0808434 0.021717 0.0049773
 0.735961 0.170173 0.0656367 0.0212216 0.00700734
 0.932512 0.049747 0.0114342 0.00441023 0.00189675
 0.428798 0.532841 0.0282765 0.00649927 0.00358492
 0.899294 0.0432663 0.0535824 0.00284347 0.00101406
 0.63189 0.331157 0.0158761 0.0196614 0.00141548
 0.626036 0.236751 0.123439 0.00591779 0.0078564
 0.763683 0.148193 0.0557899 0.0290881 0.00324586
 0.766334 0.17859 0.0345376 0.0130023 0.00753568
 0.357968 0.492507 0.114281 0.0221008 0.0131424
 0.764367 0.0844859 0.115946 0.0269041 0.00829697
 0.659208 0.260623 0.0287444 0.0394481 0.0119764
 0.474461 0.346702 0.136767 0.0150841 0.0269859
 0.757781 0.115032 0.0839058 0.0330991 0.0101814
 0.718676 0.213294 0.0323084 0.023566 0.0121559
 0.393572 0.436047 0.129179 0.0195672 0.0216346
 0.462544 0.211763 0.234187 0.069378 0.0221281
 0.840619 0.0738227 0.0337109 0.0372807 0.014567
pobs_pel_tallas
 0 0 0 0 0 0 0 0 0 0 0 0 0 0 0 0 0 0 0 0 0 0 0 0 0 0
 0 0 0 0 0 0 0 0 0 0 0 0 0 0 0 0 0 0 0 0 0 0 0 0 0 0
 0 0 0 0 0 0 0 0 0 0 0 0 0 0 0 0 0 0 0 0 0 0 0 0 0 0
 0 0 0 0 0 0 0 0 0 0 0 0 0 0 0 0 0 0 0 0 0 0 0 0 0 0
 0 0 0 0 0 0 0 0 0 0 0 0 0 0 0 0 0 0 0 0 0 0 0 0 0 0
 0 0 0 0 0 0 0 0 0 0 0 0 0 0 0 0 0 0 0 0 0 0 0 0 0 0
 0 0 0 0 0 0 0 0 0 0 0 0 0 0 0 0 0 0 0 0 0 0 0 0 0 0
 0 0 0 0 0 0 0 0 0 0 0 0 0 0 0 0 0 0 0 0 0 0 0 0 0 0
 0 0 0 0 0 0 0 0 0 0 0 0 0 0 0 0 0 0 0 0 0 0 0 0 0 0
 0 0 0 0 0 0 0 0 0 0 0 0 0 0 0 0 0 0 0 0 0 0 0 0 0 0
 0 0 0 0 0 0 0 0 0 0 0 0 0 0 0 0 0 0 0 0 0 0 0 0 0 0
 0 0 0 0 0 0 0 0 0 0 0 0 0 0 0 0 0 0 0 0 0 0 0 0 0 0
 0.00862536 0 0 0.000197151 0.00414017 0.0128641 0.00837892 0.0270097 0.101434 0.158115 0.152841 0.127902 0.109271 0.109419 0.0830992 0.0579132 0.0238553 0.00714673 0.00463305 0.00128148 0.00103504 0.000492878 0.000147863 0.000147863 4.92878e-05 0
 0 0 0 0 0 0 0 0 0 0 0 0 0 0 0 0 0 0 0 0 0 0 0 0 0 0
 0 0 0 0 0 0 0 0.0054083 0.00873648 0.0413646 0.0450493 0.0745869 0.0622846 0.0627006 0.0613931 0.0827291 0.12552 0.122667 0.0946155 0.0697135 0.0546179 0.0294188 0.0215738 0.0213955 0.0102223 0.00600262
 0 0 0 0 0.00359764 0.0251062 0.0480494 0.140153 0.205849 0.193036 0.1447 0.116669 0.0760912 0.0342217 0.00950174 0.001854 0.000860785 0 0 0 0.000165536 0 0.000143464 0 0 0
 0 0 0 0 0 0 0 0.000145254 0.000435761 0.0275982 0.070085 0.0708112 0.156366 0.174668 0.174014 0.160142 0.0824315 0.0480064 0.0283245 0.00493863 0.00203355 0 0 0 0 0
 0 0 0 0 0 0 0 0 0 0 0 0 0 0 0 0 0 0 0 0 0 0 0 0 0 0
 0 0 1.00437e-05 0.000401748 0.00122533 0.00171747 0.00176769 0.0269171 0.070346 0.194647 0.189555 0.159765 0.064822 0.0314167 0.0384472 0.0292271 0.0345202 0.0313363 0.0194345 0.0106764 0.0143323 0.0359363 0.0279516 0.0138201 0.00172751 0
 0 0.0021121 0.0136068 0.0755702 0.200478 0.177729 0.0527432 0.0373336 0.0318909 0.0142505 0.0149659 0.0166563 0.0217959 0.0798694 0.0677717 0.0528807 0.04013 0.0224614 0.0357745 0.0225083 0.00881397 0.00855152 0.00135912 0.000746735 0 0
 0 0 0 0 5.4009e-05 0.00500934 0.000945158 0.0243581 0.138947 0.33067 0.221406 0.137944 0.0707744 0.0437923 0.0131692 0.00525238 0.0047753 0.00276346 9.45158e-05 9.00151e-06 2.25038e-05 9.00151e-06 4.50075e-06 0 0 0
 0.000866109 0.00284123 0.00948549 0.0512746 0.133035 0.25785 0.225252 0.132002 0.0553304 0.0519788 0.0540692 0.017754 0.00435017 0.00159236 0.00146478 0.000404838 0.000125132 0.000115318 0.000107957 0.000100596 0 0 0 0 0 0
 0 0 0 0 0.00144013 0.00171154 0.00461396 0.0210425 0.0478622 0.0707936 0.0888783 0.103762 0.0637923 0.0337046 0.0602308 0.124433 0.169614 0.0934646 0.0462172 0.0250306 0.0313229 0.00938855 0.002487 0.000210481 0 0
 0 0.00764035 0.051015 0.0998891 0.058973 0.0496711 0.0374665 0.0718981 0.12319 0.153886 0.159021 0.0857701 0.0377988 0.023471 0.0147837 0.00900784 0.00315554 0.000888139 0.00291439 0.00214683 0.00393193 0.00274676 0.000635225 9.99891e-05 0 0
 0 0 0 0 0 0 0 0 0 0 0 0 0 0 0 0 0 0 0 0 0 0 0 0 0 0
 0 0 0 0 0 0 0 0 0 0 0 0 0 0 0 0 0 0 0 0 0 0 0 0 0 0
 0 0 0 0 0 0 0 0 0 0 0 0 0 0 0 0 0 0 0 0 0 0 0 0 0 0
 0 0 0 0 0 0 0 0 0 0 0 0 0 0 0 0 0 0 0 0 0 0 0 0 0 0
 0 0 0 0 0 0 0 0 0 0 0 0 0 0 0 0 0 0 0 0 0 0 0 0 0 0
 0 0 0 0 0 0 0 0 0 0 0 0 0 0 0 0 0 0 0 0 0 0 0 0 0 0
 0 0 0 0 0 0 0 0 0 0 0 0 0 0 0 0 0 0 0 0 0 0 0 0 0 0
ppred_pel_tallas
 1.1433e-16 3.75064e-05 0.000364576 0.00242273 0.0110134 0.0342668 0.0730095 0.106562 0.106573 0.0730624 0.0344461 0.011539 0.00377217 0.00340972 0.00611112 0.0107988 0.0173063 0.0254044 0.0347446 0.0449449 0.0554257 0.0650531 0.0720307 0.0744092 0.0710316 0.0622614
 1.27213e-16 3.63933e-05 0.000353755 0.00235083 0.0106865 0.03325 0.0708434 0.103403 0.103428 0.0709639 0.0336548 0.0118575 0.00529703 0.00680951 0.0123723 0.0206071 0.0302141 0.0392122 0.0457166 0.0491373 0.0506295 0.0522671 0.0555229 0.0602175 0.0646315 0.0665372
 1.2303e-16 4.7718e-05 0.000463836 0.00308235 0.0140119 0.0435964 0.0928875 0.135576 0.135594 0.092976 0.0438941 0.0148736 0.00525305 0.00522874 0.00917587 0.0153056 0.0225552 0.0294802 0.0346801 0.0376328 0.0390281 0.0402246 0.0422458 0.0451006 0.0478536 0.0492328
 1.08553e-16 6.37161e-05 0.000619343 0.00411575 0.0187096 0.0582126 0.124029 0.181026 0.181039 0.124091 0.0584214 0.0193132 0.0056335 0.00394133 0.00639913 0.0105495 0.0153646 0.0197038 0.0224677 0.0232 0.0223677 0.0210169 0.0200737 0.0198365 0.0199652 0.0198406
 1.05576e-16 5.55405e-05 0.000539874 0.00358765 0.016309 0.0507434 0.108115 0.157802 0.157826 0.108234 0.0511425 0.0174621 0.00648302 0.00686335 0.0120737 0.0198962 0.0287145 0.0362398 0.0401838 0.0395122 0.0350626 0.0289628 0.0233287 0.019254 0.0166796 0.0149282
 1.03951e-16 6.31507e-05 0.000613847 0.00407923 0.0185436 0.0576961 0.122928 0.17942 0.179436 0.123003 0.0579462 0.0192669 0.00589759 0.0045929 0.00764818 0.0126176 0.0183421 0.0234269 0.026486 0.0268712 0.025023 0.0221011 0.01921 0.0168476 0.0149044 0.0130356
 1.06616e-16 4.20064e-05 0.000408317 0.00271341 0.0123348 0.0383784 0.0817705 0.119354 0.11939 0.0819478 0.0389738 0.0140552 0.00703401 0.00984755 0.0179906 0.0297336 0.0429662 0.0543262 0.0604113 0.0596593 0.0532581 0.0442807 0.0357723 0.0292918 0.0247645 0.0212952
 1.13169e-16 3.87967e-05 0.000377118 0.00250608 0.0113923 0.0354458 0.075522 0.110232 0.110258 0.0756509 0.0358792 0.0126476 0.00566983 0.00732594 0.0133604 0.0223524 0.0329608 0.0430569 0.0504604 0.0541299 0.0546511 0.053544 0.0520068 0.0501757 0.0473834 0.0429723
 1.16894e-16 4.57189e-05 0.000444404 0.00295322 0.0134249 0.04177 0.0889962 0.129897 0.129917 0.0890959 0.0421053 0.0143955 0.00539848 0.00581233 0.0103298 0.0172436 0.0254087 0.0331903 0.0389746 0.0420985 0.0432156 0.0436961 0.0445416 0.0457036 0.04625 0.0450914
 1.11113e-16 5.80418e-05 0.000564187 0.00374922 0.0170434 0.0530285 0.112983 0.164906 0.164922 0.113061 0.0532898 0.0177992 0.00565024 0.00472759 0.00800556 0.0132518 0.0193477 0.0249059 0.0285726 0.0297846 0.0291072 0.0277982 0.0269416 0.0268344 0.0270018 0.0266664
 1.0425e-16 6.69943e-05 0.000651208 0.00432751 0.0196722 0.0612077 0.13041 0.19034 0.190352 0.130472 0.0614165 0.0202756 0.00584324 0.00396413 0.00637105 0.0104594 0.01514 0.019212 0.0215047 0.0214966 0.0196225 0.0169596 0.0145471 0.0128716 0.0118225 0.0109939
 1.02791e-16 6.18271e-05 0.000600982 0.00399373 0.018155 0.0564869 0.120352 0.175661 0.175681 0.120448 0.0568079 0.0190822 0.00632157 0.00568395 0.00971913 0.01598 0.023038 0.0290231 0.032072 0.0313275 0.0274422 0.0221206 0.0170836 0.013262 0.0106881 0.00890777
 1.03503e-16 5.74984e-05 0.000558905 0.00371412 0.0168839 0.0525321 0.111926 0.163364 0.163386 0.112033 0.052892 0.017924 0.00632711 0.00627038 0.010926 0.0180277 0.026094 0.0330845 0.036949 0.0367273 0.0330878 0.0278106 0.0226575 0.0185291 0.0154045 0.0128326
 1.05418e-16 5.29154e-05 0.000514356 0.00341808 0.0155381 0.0483449 0.103005 0.150344 0.150368 0.103123 0.0487419 0.0166857 0.00630236 0.00682304 0.0120704 0.0199659 0.0289792 0.0369106 0.0415432 0.0418442 0.0385368 0.0335147 0.0286005 0.0246451 0.021505 0.0186233
 1.05252e-16 6.06202e-05 0.00058925 0.00391577 0.0178005 0.0553842 0.118002 0.172231 0.172248 0.118083 0.0556547 0.018583 0.00588333 0.0048961 0.0082745 0.0136741 0.019906 0.025485 0.0289344 0.029574 0.0278905 0.0251264 0.0224355 0.0202883 0.018487 0.0165919
 1.01107e-16 7.68098e-05 0.000746618 0.00496154 0.0225545 0.0701753 0.149516 0.218224 0.218229 0.14954 0.0702541 0.0227823 0.00553378 0.00199719 0.00245594 0.00394939 0.00570751 0.00723239 0.00807381 0.00802801 0.00725218 0.00614815 0.00510896 0.00432783 0.00378186 0.00334338
 1.02211e-16 3.53196e-05 0.000343319 0.00228148 0.0103713 0.0322693 0.068755 0.100361 0.100412 0.0690055 0.0331103 0.0127994 0.00837253 0.0136277 0.0252281 0.0415552 0.059633 0.074516 0.0811874 0.077336 0.0647584 0.0481991 0.0325943 0.0208404 0.0133553 0.00905318
 1.02015e-16 7.40737e-05 0.000720022 0.0047848 0.021751 0.0676755 0.14419 0.21045 0.210455 0.144211 0.0677455 0.021954 0.00529791 0.00185184 0.00225777 0.00370416 0.00553503 0.00738834 0.00893323 0.00999213 0.010596 0.0108734 0.010881 0.0105389 0.00972408 0.0084157
 1.02755e-16 5.2048e-05 0.000505925 0.00336205 0.0152834 0.0475526 0.101317 0.147882 0.147914 0.101473 0.0480753 0.0167927 0.0071484 0.00876463 0.0157167 0.0258488 0.0371121 0.0464258 0.0506954 0.0485153 0.0410299 0.0311959 0.0220524 0.0153258 0.0111678 0.00879235
 1.05546e-16 5.15658e-05 0.000501238 0.00333091 0.0151418 0.047112 0.100378 0.146509 0.146532 0.10049 0.0474893 0.0162333 0.00607738 0.00651882 0.0115443 0.0191707 0.0279989 0.0360138 0.0411631 0.0424485 0.0404283 0.0366644 0.0326104 0.028869 0.0252708 0.0214518
 1.05115e-16 6.29036e-05 0.000611445 0.00406327 0.018471 0.0574703 0.122447 0.178718 0.178733 0.122517 0.057706 0.0191525 0.00577704 0.00436314 0.00721928 0.0119181 0.017359 0.022249 0.0253145 0.0259789 0.0246796 0.0225009 0.0204297 0.018834 0.0174836 0.0159404
 1.03622e-16 6.3122e-05 0.000613568 0.00407738 0.0185352 0.0576699 0.122872 0.179339 0.179357 0.122957 0.0579527 0.0193522 0.00612917 0.00509577 0.00858499 0.0141179 0.0203915 0.0257735 0.028647 0.0282762 0.025238 0.0210087 0.0170497 0.0141059 0.012129 0.0106635
 1.07865e-16 2.94855e-05 0.000286609 0.00190462 0.00865817 0.026939 0.0573982 0.0837843 0.0838318 0.0576305 0.0277194 0.010913 0.00756803 0.0126616 0.0235664 0.0390038 0.0563953 0.0713633 0.0794466 0.0785718 0.0702433 0.0584221 0.0470476 0.0381626 0.0317364 0.0267161
 1.0747e-16 6.29599e-05 0.000611993 0.00406691 0.0184876 0.0575217 0.122556 0.178876 0.178885 0.122597 0.0576589 0.018886 0.00507522 0.00284078 0.00437713 0.00734975 0.0110812 0.0149851 0.0184874 0.0213017 0.0235128 0.025328 0.0267281 0.0273541 0.026734 0.0246338
 1.0688e-16 5.42981e-05 0.000527797 0.0035074 0.0159441 0.0496083 0.105697 0.154273 0.154298 0.105819 0.0500204 0.0171346 0.00649589 0.00705271 0.01245 0.0205085 0.0295733 0.0372815 0.0412836 0.04055 0.0360095 0.0299287 0.0245308 0.0209136 0.0189029 0.017636
 1.10115e-16 3.90808e-05 0.000379879 0.00252443 0.0114757 0.0357054 0.0760755 0.111041 0.111075 0.0762395 0.0362566 0.0130696 0.00653219 0.00915167 0.0167654 0.0278307 0.0404996 0.0517956 0.0586887 0.0597628 0.0559879 0.0499015 0.0439056 0.039057 0.0350749 0.0311643
 1.07494e-16 6.24175e-05 0.00060672 0.00403187 0.0183283 0.0570262 0.121501 0.177336 0.177347 0.121556 0.0572105 0.0188623 0.00537801 0.00356464 0.00573711 0.00953642 0.0140876 0.0184714 0.0217906 0.0236402 0.0243004 0.0244237 0.0244809 0.0244387 0.0238827 0.0223995
 1.05408e-16 5.91964e-05 0.00057541 0.0038238 0.0173825 0.0540834 0.115231 0.168188 0.168208 0.115332 0.054421 0.0183575 0.00627203 0.00592228 0.0102213 0.016825 0.0242845 0.0306608 0.0340309 0.0335397 0.0299182 0.0249811 0.0205118 0.0173984 0.0155257 0.0142467
 1.09463e-16 3.24181e-05 0.000315116 0.00209406 0.00951931 0.0296183 0.0631065 0.0921146 0.0921568 0.0633125 0.0303101 0.0115189 0.00711874 0.0113017 0.0209501 0.0347201 0.0503328 0.0639684 0.0717347 0.0718209 0.0655178 0.05621 0.0471999 0.0401018 0.0347502 0.030174
 1.17515e-16 3.80992e-05 0.000370338 0.00246103 0.0111875 0.0348085 0.074164 0.108249 0.10827 0.0742655 0.0351505 0.0121797 0.0049685 0.00589993 0.0107042 0.0180681 0.0270409 0.0361505 0.0438882 0.04954 0.053457 0.0564457 0.0588249 0.0600105 0.0589443 0.0549138
 1.07196e-16 6.92407e-05 0.000673044 0.00447261 0.0203319 0.06326 0.134782 0.19672 0.196727 0.134817 0.0633778 0.0206729 0.00533126 0.00255667 0.00367436 0.00604006 0.00887741 0.0115665 0.0135434 0.014599 0.0150066 0.0153023 0.0158796 0.0167217 0.0174431 0.0175531
pSPR Fmed_Fpbrs
0.734896   0.194885 0.194885
Fs Fmed_Fpbrs
0.155063   1.005 1.005
SSBpbr Bo_Bmed_Bpbrs
2.48643e+06  1.70295e+06  360246 360246
Ro
235106
SPR SPRFo_SPRFmed_SPRFpbrs
1.68052e+06 1.23501e+06 327507
Fref
1.005
Nvult_r0
 279662 25053.5 11440.6 12652.1 4943.67
CTP_r0
 27983 2809.83 1283.1 1418.97 554.449
YTP_r0
391298
Np
 327315 137226 12020.2 5488.98 8038.34
Nvult_p0
 277599 118747 10401.5 4749.83 6955.89
CTP_p0
 130299 59521.8 5213.74 2380.84 3486.62
YTP_p0
 2.25002e+06
CBA_c0
948914
log_Ro
12.1878
likeval ReclasPelacesDesembMPH_pf_preclas_ppelaces_ptallas_desvR_qrecl_qpela
 16.0522 17.3554 0.103639 0.000812198 241.517 120.58 98.0995 0 22.8109 1.23666e-05 5.18467e-06 0.527231 0 0 0
q_reclas_q_pelaces
0.60755 0.723289
M
1
N
 245553 57150.7 226825 12311 0.381593
 142955 83614.9 19257.1 76429.6 4148.34
 140260 45771.9 26270.9 6050.39 25316.8
 259716 45108.6 14453.6 8295.69 9904.94
 207687 78274.7 13231.1 4239.49 5338.56
 342750 71446.8 26682.7 4510.3 3265.01
 144745 110206 22555.5 8423.62 2454.63
 69305.3 40021.2 29309.8 5998.71 2893.11
 63357.5 24401.5 14007 10258.1 3112.05
 82257.4 19650.3 7394.29 4244.5 4051.52
 149124 24305.9 5635.76 2120.7 2379.32
 186102 51841.4 8384.88 1944.19 1552.38
 156820 52432.6 14085 2278.13 949.999
 110829 45089.8 14578.4 3916.21 897.552
 115723 27551.2 10626.6 3435.79 1134.49
 600613 32875 7556.22 2914.47 1253.45
 139316 176011 9340.41 2146.87 1184.19
 904253 44264.3 54818.4 2909.07 1037.46
 531101 285411 13682.9 16945.4 1219.94
 404680 156457 81574.9 3910.79 5191.93
 620532 122437 46093.3 24032.4 2681.72
 827664 196998 38097.5 14342.5 8312.41
 181339 252586 58609.9 11334.6 6740.16
 535513 59821.3 82097.2 19049.8 5874.78
 448766 179362 19782.1 27148.4 8242.2
 203405 149949 59151.9 6523.91 11671.4
 451149 69212.9 50484.6 19915.1 6125.97
 504778 151143 22894.2 16699.2 8613.85
 153605 171710 50869.2 7705.32 8519.43
 112615 52208.7 57737.2 17104.7 5455.55
 416888 37073.7 16929.6 18722.3 7315.55
pred_Ctot
 11618.2 3058.88 12140.4 658.919 0.020424
 11849.1 7813.79 1799.57 7142.32 387.662
 11275.4 4149.44 2381.58 548.496 2295.08
 30159.8 5886.89 1886.26 1082.63 1292.64
 8564.24 3653.35 617.543 197.872 249.169
 27595.7 6486.85 2422.6 409.502 296.44
 23262.2 19816.4 4055.75 1514.67 441.373
 1887.43 1235.22 904.624 185.146 89.2937
 6372.94 2762.54 1585.76 1161.34 352.322
 10416.5 2793.6 1051.21 603.421 575.986
 5210.04 961.723 222.993 83.9107 94.1435
 28148.9 8781.56 1420.34 329.331 262.963
 22090.8 8280.31 2224.35 359.769 150.027
 23449.3 10618.1 3433.03 922.219 211.362
 17016.7 4539.04 1750.73 566.044 186.907
 78667.5 4832.01 1110.62 428.372 184.234
 12150.6 17299.9 918.06 211.014 116.393
 82201.8 4533.17 5614.02 297.921 106.247
 68103.4 41081.1 1969.47 2439.06 175.594
 46156 20058.4 10458.2 501.377 665.624
 54403 12096.5 4553.94 2374.37 264.949
 90539.1 24234 4686.62 1764.36 1022.56
 11944.5 18787.7 4359.5 843.084 501.344
 30546.9 3856.59 5292.69 1228.11 378.738
 26224.7 11844.5 1306.34 1792.79 544.287
 9710.74 8097.73 3194.39 352.312 630.295
 25669.2 4450.78 3246.44 1280.65 393.934
 24188.8 8192.63 1240.96 905.171 466.908
 7435.42 9401.52 2785.2 421.884 466.458
 7551.46 3952.93 4371.52 1295.06 413.062
 27983 2809.83 1283.1 1418.97 554.449
F
 0.0772902 0.0878111 0.0878111 0.0878111 0.0878111
 0.138857 0.157758 0.157758 0.157758 0.157758
 0.134429 0.152728 0.152728 0.152728 0.152728
 0.199363 0.226501 0.226501 0.226501 0.226501
 0.0670781 0.0762089 0.0762089 0.0762089 0.0762089
 0.134647 0.152976 0.152976 0.152976 0.152976
 0.285562 0.324433 0.324433 0.324433 0.324433
 0.0438771 0.0498498 0.0498498 0.0498498 0.0498498
 0.170699 0.193935 0.193935 0.193935 0.193935
 0.219133 0.248962 0.248962 0.248962 0.248962
 0.0565866 0.0642893 0.0642893 0.0642893 0.0642893
 0.266763 0.303076 0.303076 0.303076 0.303076
 0.246441 0.279987 0.279987 0.279987 0.279987
 0.391942 0.445294 0.445294 0.445294 0.445294
 0.258489 0.293676 0.293676 0.293676 0.293676
 0.227406 0.258361 0.258361 0.258361 0.258361
 0.146567 0.166518 0.166518 0.166518 0.166518
 0.153179 0.17403 0.17403 0.17403 0.17403
 0.222168 0.25241 0.25241 0.25241 0.25241
 0.195504 0.222117 0.222117 0.222117 0.222117
 0.147381 0.167443 0.167443 0.167443 0.167443
 0.186856 0.212291 0.212291 0.212291 0.212291
 0.109009 0.123847 0.123847 0.123847 0.123847
 0.0938162 0.106587 0.106587 0.106587 0.106587
 0.096205 0.109301 0.109301 0.109301 0.109301
 0.0780098 0.0886287 0.0886287 0.0886287 0.0886287
 0.0935683 0.106305 0.106305 0.106305 0.106305
 0.0783115 0.0889715 0.0889715 0.0889715 0.0889715
 0.0791334 0.0899053 0.0899053 0.0899053 0.0899053
 0.111067 0.126186 0.126186 0.126186 0.126186
 0.111186 0.12632 0.12632 0.12632 0.12632
nmprior
 8.19 8.8 8.5 0
nm_flota  nm_reclas  nm_pelaces    nm_pelaL
inf 11.6245 17.655 41.7763
cv_recla  cv_pelaces  cv_mph
0.362403 0.472377 0.879501
 ------------------------------------------------
Talla a la edad & desviaci?n 
 8 13.2811 15.8009 17.003 17.5766
 0.8 1.32811 1.58009 1.7003 1.75766
