years
 1991 1992 1993 1994 1995 1996 1997 1998 1999 2000 2001 2002 2003 2004 2005 2006 2007 2008 2009 2010 2011 2012 2013 2014 2015 2016 2017 2018 2019 2020 2021
reclasobs
 0 0 0 0 0 0 0 0 0 252601 567819 844713 477998 351125 339783 2.1784e+06 2.13404e+06 4.81314e+06 1.55562e+06 2.62356e+06 3.21686e+06 3.843e+06 1.13348e+06 3.07943e+06 1.97215e+06 2.03268e+06 2.025e+06 2.42433e+06 2.27542e+06 1.05018e+06 2.36338e+06
reclaspred
 7.09004e+06 1.70907e+06 1.11776e+06 900748 113788 3.61822e+06 1.39452e+06 306338 1.14468e+06 235119 318992 1.00829e+06 699989 633034 392011 2.09349e+06 762386 5.40711e+06 2.36992e+06 2.36035e+06 2.79221e+06 3.49797e+06 1.5655e+06 3.39318e+06 2.60865e+06 1.42596e+06 2.09563e+06 4.19471e+06 3.14314e+06 666867 1.34187e+06
pelacesobs
 0 0 0 0 0 0 0 0 0 0 0 0 0 0 0 552880 188675 0 991730 2.46772e+06 1.41603e+06 1.21717e+06 2.29649e+06 1.80582e+06 0 1.4828e+06 1.56532e+06 1.57751e+06 1.42118e+06 867257 1.10002e+06
pelacespred
 7.02246e+06 1.48825e+06 570422 378530 39508.6 2.18792e+06 805861 240475 644862 93867.7 173180 463251 341703 297624 166641 960510 358734 3.26128e+06 1.33534e+06 1.0805e+06 1.43888e+06 1.78232e+06 941613 2.23564e+06 1.68942e+06 940999 1.45339e+06 3.04629e+06 2.37356e+06 470238 725770
mphobs
 0 0 0 0 0 0 0 0 0 0 0 498337 0 5186 125008 0 168611 109162 213762 579715 649985 157893 87575 83554 0 0 0 0 0 0 0
mphpred
 1.89563e+06 707634 93593.2 160748 61252.5 4622.43 531529 99499.8 23723.4 120730 8291.28 43623.1 105552 44573.1 30724.4 25790.2 262294 54357 702182 163941 329692 251363 455297 149572 434157 351328 129707 241708 759866 293154 35538.8
desembarqueobs
 494567 514787 250237 358949 120608 361735 552515 73892 212993 205616 52469 317467 293654 387597 252695 516296 358380 742168 942051 627588 828172 859565 418607 520667 417249 300574 407403 355545 319650 289779 391294
desembarquepred
 494480 514232 250084 358174 120433 361468 551633 73847.1 212770 205295 52435.3 316986 293074 386589 252183 515501 357883 741238 939615 626125 827103 857992 417992 520103 416558 300081 406802 355158 319131 288792 390825
Reclutas
 2901.71 1747.89 182688 52357.6 2208.55 289418 2371.62 651.857 60112.7 2893.38 30346.3 127150 61181.9 72342.2 39661.3 262501 4963.48 492007 93398 256317 160669 441280 5955.8 170735 148147 15788.7 123883 208101 15695.4 4749.19 102096
log_desv_Rt
 -2.53397 -3.04086 1.6085 0.358822 -2.80694 2.0686 -2.7357 -4.0272 0.496947 -2.53685 -0.186599 1.24609 0.514577 0.682133 0.0811013 1.97098 -1.99717 2.59922 0.937595 1.94714 1.48007 2.49041 -1.81491 1.54084 1.39893 -0.839982 1.22006 1.73875 -0.845907 -2.0413 1.02664
SSB
 1.67872e+06 626665 82884 142355 54243.8 4093.52 470710 88114.7 21008.9 106916 7342.57 38631.6 93474.3 39473 27208.9 22839.2 232281 48137.3 621836 145182 291968 222601 403201 132457 384479 311128 114866 214051 672920 259610 31472.3
BT
 2.07858e+06 897578 410210 380079 107126 1.27873e+06 702995 127478 462037 202712 116234 453129 386417 528031 316422 820936 377183 2.0815e+06 1.28557e+06 905044 1.21539e+06 1.42436e+06 591316 1.40761e+06 925964 516316 1.01445e+06 1.56149e+06 894573 418679 680593
Ftot
 0.314331 1.21015 1.20298 1.65697 2.9225 0.602665 1.45186 1.00362 1.06296 2.58347 0.944521 1.64301 1.86392 2.78039 2.88876 1.38193 1.68324 0.806122 1.58253 1.39527 1.3921 1.29088 1.06364 0.858301 0.779867 0.898834 1.05793 0.480519 0.441548 1.6296 1.58543
BD_Bspro_t
 0.950951 0.602351 0.181925 0.27954 0.0976098 0.0112453 0.456314 0.127097 0.0511553 0.219393 0.0296115 0.204467 0.222707 0.0935746 0.0622876 0.0555833 0.252666 0.0693053 0.384459 0.129423 0.190341 0.155067 0.252232 0.112931 0.296464 0.301278 0.176425 0.31597 0.561175 0.326979 0.0765047
BD_Bspro
 6.42176 2.39723 0.317063 0.544563 0.207503 0.0156593 1.80065 0.337072 0.0803672 0.408995 0.0280881 0.147781 0.357575 0.150999 0.104084 0.0873685 0.888565 0.184144 2.37876 0.555378 1.11689 0.851535 1.5424 0.5067 1.47078 1.19018 0.439406 0.818827 2.57418 0.993109 0.120394
BD_Bo
 1.11751 0.417164 0.055175 0.0947643 0.0361095 0.00272501 0.313346 0.058657 0.0139854 0.0711728 0.00488786 0.0257166 0.0622248 0.0262767 0.0181126 0.0152038 0.154627 0.0320445 0.41395 0.0966464 0.19436 0.148183 0.268406 0.0881754 0.255944 0.207115 0.0764649 0.142491 0.447956 0.17282 0.0209508
BD_Brms
 5.28164 1.97163 0.260771 0.447881 0.170663 0.0128791 1.48096 0.277228 0.0660988 0.336382 0.0231013 0.121544 0.294091 0.124191 0.0856051 0.0718571 0.730809 0.151451 1.95643 0.456776 0.918596 0.700353 1.26856 0.41674 1.20966 0.978878 0.361393 0.673452 2.11716 0.816792 0.0990189
Sel_flota
 0.587305 1 1 1 1
 0.587305 1 1 1 1
 0.587305 1 1 1 1
 0.587305 1 1 1 1
 0.587305 1 1 1 1
 0.587305 1 1 1 1
 0.587305 1 1 1 1
 0.587305 1 1 1 1
 0.587305 1 1 1 1
 0.587305 1 1 1 1
 0.587305 1 1 1 1
 0.587305 1 1 1 1
 0.587305 1 1 1 1
 0.587305 1 1 1 1
 0.587305 1 1 1 1
 0.587305 1 1 1 1
 0.587305 1 1 1 1
 0.587305 1 1 1 1
 0.587305 1 1 1 1
 0.587305 1 1 1 1
 0.587305 1 1 1 1
 0.587305 1 1 1 1
 0.587305 1 1 1 1
 0.587305 1 1 1 1
 0.587305 1 1 1 1
 0.587305 1 1 1 1
 0.587305 1 1 1 1
 0.587305 1 1 1 1
 0.587305 1 1 1 1
 0.587305 1 1 1 1
 0.587305 1 1 1 1
Sel_reclas
 0.7813 0.94731 0.989069 0.997809 0.999564
 0.7813 0.94731 0.989069 0.997809 0.999564
 0.7813 0.94731 0.989069 0.997809 0.999564
 0.7813 0.94731 0.989069 0.997809 0.999564
 0.7813 0.94731 0.989069 0.997809 0.999564
 0.7813 0.94731 0.989069 0.997809 0.999564
 0.7813 0.94731 0.989069 0.997809 0.999564
 0.7813 0.94731 0.989069 0.997809 0.999564
 0.7813 0.94731 0.989069 0.997809 0.999564
 0.7813 0.94731 0.989069 0.997809 0.999564
 0.7813 0.94731 0.989069 0.997809 0.999564
 0.7813 0.94731 0.989069 0.997809 0.999564
 0.7813 0.94731 0.989069 0.997809 0.999564
 0.7813 0.94731 0.989069 0.997809 0.999564
 0.7813 0.94731 0.989069 0.997809 0.999564
 0.7813 0.94731 0.989069 0.997809 0.999564
 0.7813 0.94731 0.989069 0.997809 0.999564
 0.7813 0.94731 0.989069 0.997809 0.999564
 0.7813 0.94731 0.989069 0.997809 0.999564
 0.7813 0.94731 0.989069 0.997809 0.999564
 0.7813 0.94731 0.989069 0.997809 0.999564
 0.7813 0.94731 0.989069 0.997809 0.999564
 0.7813 0.94731 0.989069 0.997809 0.999564
 0.7813 0.94731 0.989069 0.997809 0.999564
 0.7813 0.94731 0.989069 0.997809 0.999564
 0.7813 0.94731 0.989069 0.997809 0.999564
 0.7813 0.94731 0.989069 0.997809 0.999564
 0.7813 0.94731 0.989069 0.997809 0.999564
 0.7813 0.94731 0.989069 0.997809 0.999564
 0.7813 0.94731 0.989069 0.997809 0.999564
 0.7813 0.94731 0.989069 0.997809 0.999564
Sel_pelaces
 0.499472 0.833943 0.96194 0.992199 0.99844
 0.499472 0.833943 0.96194 0.992199 0.99844
 0.499472 0.833943 0.96194 0.992199 0.99844
 0.499472 0.833943 0.96194 0.992199 0.99844
 0.499472 0.833943 0.96194 0.992199 0.99844
 0.499472 0.833943 0.96194 0.992199 0.99844
 0.499472 0.833943 0.96194 0.992199 0.99844
 0.499472 0.833943 0.96194 0.992199 0.99844
 0.499472 0.833943 0.96194 0.992199 0.99844
 0.499472 0.833943 0.96194 0.992199 0.99844
 0.499472 0.833943 0.96194 0.992199 0.99844
 0.499472 0.833943 0.96194 0.992199 0.99844
 0.499472 0.833943 0.96194 0.992199 0.99844
 0.499472 0.833943 0.96194 0.992199 0.99844
 0.499472 0.833943 0.96194 0.992199 0.99844
 0.499472 0.833943 0.96194 0.992199 0.99844
 0.499472 0.833943 0.96194 0.992199 0.99844
 0.499472 0.833943 0.96194 0.992199 0.99844
 0.499472 0.833943 0.96194 0.992199 0.99844
 0.499472 0.833943 0.96194 0.992199 0.99844
 0.499472 0.833943 0.96194 0.992199 0.99844
 0.499472 0.833943 0.96194 0.992199 0.99844
 0.499472 0.833943 0.96194 0.992199 0.99844
 0.499472 0.833943 0.96194 0.992199 0.99844
 0.499472 0.833943 0.96194 0.992199 0.99844
 0.499472 0.833943 0.96194 0.992199 0.99844
 0.499472 0.833943 0.96194 0.992199 0.99844
 0.499472 0.833943 0.96194 0.992199 0.99844
 0.499472 0.833943 0.96194 0.992199 0.99844
 0.499472 0.833943 0.96194 0.992199 0.99844
 0.499472 0.833943 0.96194 0.992199 0.99844
pf_obs 
 0.8446 0.082 0.0669 0.0065 0
 0.8095 0.147 0.0364 0.0071 0
 0.9664 0.0169 0.016 0.0007 0
 0.9276 0.0648 0.0075 0.0001 0
 0.7033 0.2144 0.0806 0.0017 0
 0.9318 0.0425 0.0243 0.0014 0
 0.5671 0.3108 0.0964 0.0239 0.0018
 0.0768 0.2599 0.5324 0.112 0.0189
 0.490249 0.384438 0.106611 0.0170017 0.00170017
 0.7925 0.1577 0.0466 0.003 0.0002
 0.840416 0.127587 0.0312969 0.00059994 9.999e-05
 0.8084 0.0986 0.0794 0.0134 0.0002
 0.7335 0.1905 0.0724 0.0035 0.0001
 0.4001 0.4547 0.1325 0.0127 0
 0.49795 0.308269 0.164784 0.0264974 0.00249975
 0.9179 0.0499 0.0305 0.0017 0
 0.2467 0.6533 0.0926 0.0074 0
 0.9418 0.0223 0.034 0.0019 0
 0.707729 0.231977 0.0356964 0.0245975 0
 0.517169 0.277429 0.184464 0.0207286 0.00020938
 0.811772 0.124168 0.05621 0.00726502 0.000585176
 0.764997 0.148141 0.077277 0.00933861 0.000247198
 0.163321 0.427699 0.378323 0.0303852 0.000271297
 0.753843 0.0900009 0.118128 0.0371064 0.000921714
 0.721811 0.176058 0.0630433 0.0369309 0.00215725
 0.143369 0.312575 0.442814 0.0836902 0.0175525
 0.692698 0.0596174 0.167031 0.0765114 0.00414204
 0.394062 0.376323 0.152708 0.0712218 0.00568511
 0.125707 0.32114 0.495352 0.0537591 0.00404204
 0.23352 0.215282 0.420074 0.123614 0.00750983
 0.774587 0.0839891 0.0768558 0.0609784 0.00358967
pf_pred 
 0.0175706 0.159851 0.718052 0.104525 6.80134e-07
 0.0419882 0.030536 0.15091 0.677887 0.0986793
 0.974239 0.00241482 0.000744145 0.00367759 0.0189245
 0.533469 0.461351 0.000485585 0.000149637 0.00454494
 0.156321 0.637606 0.203784 0.000214489 0.00207365
 0.998202 0.000779927 0.000769475 0.000245931 2.76137e-06
 0.0222317 0.976882 0.000384318 0.000379168 0.000122546
 0.0611682 0.0512357 0.886792 0.000348875 0.000455444
 0.975129 0.00314458 0.00118567 0.0205217 1.86132e-05
 0.160334 0.830296 0.00118474 0.000446708 0.00773867
 0.973145 0.0110719 0.0156073 2.22698e-05 0.000153863
 0.93474 0.0644458 0.000335709 0.000473226 5.34049e-06
 0.714183 0.278597 0.00712988 3.71407e-05 5.29456e-05
 0.871083 0.113237 0.0152841 0.000391154 4.94224e-06
 0.855664 0.139102 0.0045975 0.000620549 1.60818e-05
 0.985313 0.0141045 0.000561252 1.855e-05 2.56868e-06
 0.0778776 0.916624 0.00527999 0.000210103 7.90572e-06
 0.989017 0.00205679 0.00887298 5.11106e-05 2.11033e-06
 0.374618 0.622093 0.00061597 0.00265729 1.59387e-05
 0.89196 0.0662211 0.0415992 4.11898e-05 0.000178759
 0.724339 0.262899 0.00782228 0.00491386 2.59811e-05
 0.911799 0.0765194 0.0111412 0.000331495 0.000209342
 0.0491249 0.914293 0.0317373 0.00462093 0.000224318
 0.910521 0.00935684 0.07704 0.00267424 0.00040827
 0.71181 0.275488 0.0013283 0.0109366 0.000437595
 0.204955 0.665764 0.123583 0.000595872 0.00510245
 0.898553 0.0362398 0.0546039 0.0101359 0.000467358
 0.836991 0.155242 0.00277444 0.00418035 0.000811762
 0.134708 0.785688 0.0758106 0.00135486 0.00243784
 0.151033 0.194 0.594713 0.0573834 0.00287082
 0.972786 0.00879214 0.00420975 0.0129051 0.0013075
pobs_RECLAS
 0 0 0 0 0
 0 0 0 0 0
 0 0 0 0 0
 0 0 0 0 0
 0 0 0 0 0
 0 0 0 0 0
 0 0 0 0 0
 0 0 0 0 0
 0 0 0 0 0
 0 0 0 0 0
 0.991045 0.00858322 0.000360255 1.14367e-05 0
 0.934742 0.0480273 0.0164251 0.00080598 0
 0.827803 0.169806 0.00239088 0 0
 0.941827 0.0461693 0.0120037 0 0
 0.791401 0.0380133 0.147996 0.0225897 0
 0.846168 0.0940531 0.0597789 0 0
 0.134021 0.677848 0.182769 0.00536245 0
 0.80878 0.0450904 0.141981 0.00414843 0
 0.846168 0.0940531 0.0597789 0 0
 0.905697 0.0802665 0.012482 0.00150086 5.37128e-05
 0.989698 0.0102097 9.19794e-05 0 0
 0.975433 0.0193895 0.00387452 0.00125025 5.28907e-05
 0.303575 0.632131 0.0575291 0.00676475 0
 0.966965 0.00978017 0.0227588 0.000495775 0
 0.843318 0.132988 0.00938335 0.0141283 0.000182051
 0.564624 0.303363 0.111486 0.0197234 0.00080311
 0.826376 0.0876187 0.0782897 0.00655872 0.00115652
 0.89761 0.0855135 0.0140674 0.00269457 0.000114338
 0.34875 0.467042 0.161289 0.0227151 0.000203297
 0.318654 0.224769 0.449479 0.00709798 0
 0.937255 0.0296025 0.0250945 0.00804832 0
ppred_RECLAS
 0.0239328 0.153018 0.717657 0.105391 6.86973e-07
 0.0595071 0.0285407 0.147267 0.667367 0.0973188
 0.982017 0.00160632 0.00051682 0.00257672 0.0132828
 0.644354 0.351486 0.000386256 0.00012008 0.00365362
 0.25483 0.557143 0.185917 0.000197412 0.00191192
 0.998724 0.000539481 0.000555713 0.00017918 2.01542e-06
 0.0340797 0.965002 0.000396379 0.000394523 0.000127733
 0.0852215 0.0479252 0.86606 0.00034373 0.000449516
 0.982487 0.00211665 0.000833266 0.0145497 1.32198e-05
 0.253334 0.737892 0.0010993 0.000418156 0.00725679
 0.981258 0.00753129 0.0110843 1.59559e-05 0.000110433
 0.957735 0.0417123 0.000226865 0.000322622 3.64728e-06
 0.801974 0.192808 0.00515188 2.70741e-05 3.86631e-05
 0.924717 0.0657713 0.00926884 0.000239305 3.02895e-06
 0.916579 0.080264 0.00276976 0.000377153 9.79128e-06
 0.990404 0.00919963 0.000382212 1.27442e-05 1.76783e-06
 0.118354 0.876157 0.00526936 0.000211533 7.97353e-06
 0.992218 0.00140678 0.00633638 3.68217e-05 1.52303e-06
 0.485043 0.51211 0.000529421 0.0023041 1.38445e-05
 0.926066 0.0445552 0.0292228 2.91909e-05 0.000126908
 0.801765 0.188641 0.00586023 0.00371385 1.96708e-05
 0.94012 0.0516446 0.0078509 0.000235659 0.000149083
 0.0716685 0.891063 0.0322944 0.0047436 0.000230678
 0.935108 0.00652601 0.0561008 0.0019646 0.000300458
 0.782968 0.206988 0.00104201 0.00865529 0.000346923
 0.274329 0.603299 0.116924 0.000568749 0.00487876
 0.927929 0.0250128 0.039349 0.00736874 0.000340365
 0.880302 0.113723 0.00212201 0.00322557 0.000627458
 0.181741 0.739948 0.0745444 0.00134401 0.00242256
 0.213708 0.173658 0.555818 0.0541045 0.00271154
 0.981933 0.00564083 0.00281993 0.00872095 0.000885131
pobs_PELACES
 0 0 0 0 0
 0 0 0 0 0
 0 0 0 0 0
 0 0 0 0 0
 0 0 0 0 0
 0 0 0 0 0
 0 0 0 0 0
 0 0 0 0 0
 0 0 0 0 0
 0 0 0 0 0
 0 0 0 0 0
 0 0 0 0 0
 0 0 0 0 0
 0 0 0 0 0
 0 0 0 0 0
 0 0 0 0 0
 0.505614 0.472636 0.0217494 0 0
 0 0 0 0 0
 0.443492 0.261883 0.143347 0.151278 0
 0.227955 0.32914 0.350689 0.0885471 0.00366901
 0.970185 0.0296113 0.000203453 0 0
 0.997202 0.00247181 0.000326279 0 0
 0.445219 0.490057 0.0546422 0.010081 0
 0.90214 0.0892962 0.00764917 0.000914606 0
 0 0 0 0 0
 0.581667 0.319106 0.0959925 0.00289975 0.000334073
 0.762889 0.0836404 0.116647 0.0363945 0.000428098
 0.88444 0.0763242 0.0277011 0.0115352 0
 0.521256 0.241999 0.230069 0.00667565 0
 0.616807 0.101726 0.260614 0.0208532 0
 0.833518 0.0704572 0.0857862 0.0102388 0
ppred_PELACES
 0.0167488 0.141283 0.732052 0.109916 7.19706e-07
 0.0460536 0.0257949 0.147045 0.681305 0.0998008
 0.976565 0.0018673 0.00066374 0.00338341 0.0175202
 0.622104 0.372901 0.000452729 0.0001439 0.00439821
 0.264808 0.53548 0.197412 0.000214318 0.00208503
 0.998278 0.000684049 0.000778466 0.000256631 2.89964e-06
 0.0302744 0.968693 0.000439588 0.00044734 0.000145489
 0.0659039 0.0445161 0.888746 0.000360643 0.000473768
 0.976914 0.0025076 0.00109061 0.0194702 1.77706e-05
 0.25912 0.731051 0.00120323 0.000467952 0.00815769
 0.976009 0.00907038 0.0147483 2.17062e-05 0.000150912
 0.953596 0.0457253 0.000274749 0.000399478 4.53658e-06
 0.79081 0.203116 0.00599599 3.22166e-05 4.6215e-05
 0.927823 0.0622291 0.00968857 0.000255751 3.25175e-06
 0.921735 0.0749977 0.00285921 0.000398063 1.03809e-05
 0.98902 0.0104804 0.000481048 1.63993e-05 2.28515e-06
 0.109148 0.884723 0.00587842 0.000241274 9.13573e-06
 0.989601 0.00173121 0.00861474 5.11841e-05 2.12666e-06
 0.458854 0.537783 0.000614218 0.00273309 1.64964e-05
 0.913488 0.0500479 0.0362649 3.70375e-05 0.000161749
 0.779282 0.208879 0.00716889 0.00464507 2.47144e-05
 0.930542 0.0590442 0.00991628 0.00030433 0.000193396
 0.0606107 0.89778 0.0359473 0.00539855 0.000263715
 0.914824 0.00782183 0.074286 0.00265976 0.000408613
 0.743348 0.243342 0.00135339 0.0114937 0.000462778
 0.233611 0.625953 0.134027 0.000666556 0.00574362
 0.909764 0.0292384 0.0508163 0.00972955 0.000451444
 0.85002 0.141636 0.00291979 0.00453775 0.000886705
 0.144982 0.765415 0.0851898 0.00157038 0.00284339
 0.185295 0.166074 0.587244 0.0584452 0.00294233
 0.978319 0.00623619 0.00344423 0.0108905 0.00111033
pobs_pel_tallas
 0 0 0 0 0 0 0 0 0 0 0 0 0 0 0 0 0 0 0 0 0 0 0 0 0 0
 0 0 0 0 0 0 0 0 0 0 0 0 0 0 0 0 0 0 0 0 0 0 0 0 0 0
 0 0 0 0 0 0 0 0 0 0 0 0 0 0 0 0 0 0 0 0 0 0 0 0 0 0
 0 0 0 0 0 0 0 0 0 0 0 0 0 0 0 0 0 0 0 0 0 0 0 0 0 0
 0 0 0 0 0 0 0 0 0 0 0 0 0 0 0 0 0 0 0 0 0 0 0 0 0 0
 0 0 0 0 0 0 0 0 0 0 0 0 0 0 0 0 0 0 0 0 0 0 0 0 0 0
 0 0 0 0 0 0 0 0 0 0 0 0 0 0 0 0 0 0 0 0 0 0 0 0 0 0
 0 0 0 0 0 0 0 0 0 0 0 0 0 0 0 0 0 0 0 0 0 0 0 0 0 0
 0 0 0 0 0 0 0 0 0 0 0 0 0 0 0 0 0 0 0 0 0 0 0 0 0 0
 0 0 0 0 0 0 0 0 0 0 0 0 0 0 0 0 0 0 0 0 0 0 0 0 0 0
 0 0 0 0 0 0 0 0 0 0 0 0 0 0 0 0 0 0 0 0 0 0 0 0 0 0
 0 0 0 0 0 0 0 0 0 0 0 0 0 0 0 0 0 0 0 0 0 0 0 0 0 0
 0.00862536 0 0 0.000197151 0.00414017 0.0128641 0.00837892 0.0270097 0.101434 0.158115 0.152841 0.127902 0.109271 0.109419 0.0830992 0.0579132 0.0238553 0.00714673 0.00463305 0.00128148 0.00103504 0.000492878 0.000147863 0.000147863 4.92878e-05 0
 0 0 0 0 0 0 0 0 0 0 0 0 0 0 0 0 0 0 0 0 0 0 0 0 0 0
 0 0 0 0 0 0 0 0.0054083 0.00873648 0.0413646 0.0450493 0.0745869 0.0622846 0.0627006 0.0613931 0.0827291 0.12552 0.122667 0.0946155 0.0697135 0.0546179 0.0294188 0.0215738 0.0213955 0.0102223 0.00600262
 0 0 0 0 0.00359764 0.0251062 0.0480494 0.140153 0.205849 0.193036 0.1447 0.116669 0.0760912 0.0342217 0.00950174 0.001854 0.000860785 0 0 0 0.000165536 0 0.000143464 0 0 0
 0 0 0 0 0 0 0 0.000145254 0.000435761 0.0275982 0.070085 0.0708112 0.156366 0.174668 0.174014 0.160142 0.0824315 0.0480064 0.0283245 0.00493863 0.00203355 0 0 0 0 0
 0 0 0 0 0 0 0 0 0 0 0 0 0 0 0 0 0 0 0 0 0 0 0 0 0 0
 0 0 1.00437e-05 0.000401748 0.00122533 0.00171747 0.00176769 0.0269171 0.070346 0.194647 0.189555 0.159765 0.064822 0.0314167 0.0384472 0.0292271 0.0345202 0.0313363 0.0194345 0.0106764 0.0143323 0.0359363 0.0279516 0.0138201 0.00172751 0
 0 0.0021121 0.0136068 0.0755702 0.200478 0.177729 0.0527432 0.0373336 0.0318909 0.0142505 0.0149659 0.0166563 0.0217959 0.0798694 0.0677717 0.0528807 0.04013 0.0224614 0.0357745 0.0225083 0.00881397 0.00855152 0.00135912 0.000746735 0 0
 0 0 0 0 5.4009e-05 0.00500934 0.000945158 0.0243581 0.138947 0.33067 0.221406 0.137944 0.0707744 0.0437923 0.0131692 0.00525238 0.0047753 0.00276346 9.45158e-05 9.00151e-06 2.25038e-05 9.00151e-06 4.50075e-06 0 0 0
 0.000866109 0.00284123 0.00948549 0.0512746 0.133035 0.25785 0.225252 0.132002 0.0553304 0.0519788 0.0540692 0.017754 0.00435017 0.00159236 0.00146478 0.000404838 0.000125132 0.000115318 0.000107957 0.000100596 0 0 0 0 0 0
 0 0 0 0 0.00144013 0.00171154 0.00461396 0.0210425 0.0478622 0.0707936 0.0888783 0.103762 0.0637923 0.0337046 0.0602308 0.124433 0.169614 0.0934646 0.0462172 0.0250306 0.0313229 0.00938855 0.002487 0.000210481 0 0
 0 0.00764035 0.051015 0.0998891 0.058973 0.0496711 0.0374665 0.0718981 0.12319 0.153886 0.159021 0.0857701 0.0377988 0.023471 0.0147837 0.00900784 0.00315554 0.000888139 0.00291439 0.00214683 0.00393193 0.00274676 0.000635225 9.99891e-05 0 0
 0 0 0 0 0 0 0 0 0 0 0 0 0 0 0 0 0 0 0 0 0 0 0 0 0 0
 0 0 0 0 0 0 0 0 0 0 0 0 0 0 0 0 0 0 0 0 0 0 0 0 0 0
 0 0 0 0 0 0 0 0 0 0 0 0 0 0 0 0 0 0 0 0 0 0 0 0 0 0
 0 0 0 0 0 0 0 0 0 0 0 0 0 0 0 0 0 0 0 0 0 0 0 0 0 0
 0 0 0 0 0 0 0 0 0 0 0 0 0 0 0 0 0 0 0 0 0 0 0 0 0 0
 0 0 0 0 0 0 0 0 0 0 0 0 0 0 0 0 0 0 0 0 0 0 0 0 0 0
 0 0 0 0 0 0 0 0 0 0 0 0 0 0 0 0 0 0 0 0 0 0 0 0 0 0
ppred_pel_tallas
 1.32185e-16 1.37961e-06 1.34103e-05 8.91167e-05 0.000405121 0.00126056 0.00268629 0.0039238 0.00393855 0.00275892 0.0015077 0.00113348 0.00197228 0.00430605 0.00868642 0.0157482 0.0259267 0.0393674 0.0560039 0.0755033 0.096814 0.117554 0.133975 0.142015 0.139068 0.125341
 1.89465e-16 3.79338e-06 3.6873e-05 0.000245034 0.00111389 0.00346575 0.00738425 0.0107781 0.0107811 0.00739901 0.00351683 0.00126847 0.000660566 0.0010391 0.00220042 0.00444343 0.0084278 0.0151797 0.0261048 0.0427693 0.0662821 0.0963697 0.130566 0.164097 0.190823 0.205044
 1.03324e-16 8.04384e-05 0.00078189 0.00519593 0.02362 0.0734905 0.156579 0.228532 0.228532 0.15658 0.0734935 0.0236289 0.00521875 0.000832947 0.000181453 0.000184399 0.000288689 0.000436766 0.00064264 0.000944943 0.00139772 0.0020472 0.0028976 0.00388338 0.00486601 0.00566308
 1.00868e-16 5.1242e-05 0.00049809 0.00330999 0.0150467 0.0468162 0.0997482 0.145593 0.145629 0.0999234 0.0474041 0.0167437 0.00756552 0.00977427 0.0176282 0.0289567 0.041462 0.0516231 0.055894 0.0526509 0.0431939 0.0309438 0.0194941 0.011003 0.00583522 0.00321207
 1.06209e-16 2.1812e-05 0.000212021 0.00140895 0.00640493 0.0199284 0.0424615 0.0619846 0.0620364 0.0427146 0.0207789 0.00886385 0.0075897 0.0137326 0.0257813 0.042797 0.0621307 0.0791186 0.0889537 0.0893088 0.0815782 0.0696764 0.057465 0.0469063 0.0380328 0.0301128
 1.00049e-16 8.22268e-05 0.000799274 0.00531146 0.0241451 0.0751244 0.160061 0.233613 0.233613 0.160061 0.0751255 0.0241483 0.00531956 0.000817156 0.000116732 6.42498e-05 8.78562e-05 0.000117193 0.000142396 0.000160825 0.000173435 0.000182598 0.000189117 0.000191009 0.000184997 0.000169183
 1.0033e-16 2.49386e-06 2.42413e-05 0.000161097 0.000732379 0.0022792 0.00485952 0.00711214 0.00720529 0.00531453 0.00380635 0.0051404 0.0112149 0.0241185 0.0456552 0.0751932 0.107661 0.134003 0.144997 0.136397 0.111557 0.079344 0.0490993 0.0264679 0.0124709 0.00518382
 1.25775e-16 5.42843e-06 5.27663e-05 0.000350651 0.00159401 0.00495959 0.0105671 0.0154242 0.0154299 0.0105954 0.00505838 0.00189662 0.00117528 0.00206749 0.00445824 0.00898891 0.0167192 0.0288346 0.0462171 0.0687386 0.0944657 0.119336 0.137912 0.145256 0.139068 0.120829
 1.01988e-16 8.04671e-05 0.000782169 0.00519779 0.0236284 0.0735167 0.156635 0.228613 0.228614 0.156636 0.0735208 0.0236405 0.0052286 0.000851187 0.000217048 0.000247005 0.000387649 0.000578924 0.000829961 0.00117083 0.00163961 0.00225513 0.00298465 0.00372899 0.00434107 0.00467404
 1.0165e-16 2.13435e-05 0.000207467 0.00137869 0.00626738 0.0195005 0.0415505 0.0606589 0.0607292 0.0418939 0.0206531 0.00959424 0.00972152 0.0183932 0.0344808 0.0567641 0.0812872 0.101211 0.109588 0.103235 0.0846989 0.0606837 0.0382316 0.0215724 0.0114216 0.00625609
 1.00456e-16 8.03925e-05 0.000781444 0.00519297 0.0236065 0.0734486 0.15649 0.228402 0.228403 0.156494 0.0734633 0.0236494 0.00530174 0.00102213 0.000547009 0.000801725 0.00120416 0.00163211 0.00201627 0.00231811 0.00253477 0.00267538 0.00273004 0.00266487 0.0024495 0.00209061
 1.00061e-16 7.85464e-05 0.000763499 0.00507372 0.0230644 0.071762 0.152897 0.223158 0.223162 0.152918 0.071834 0.0232725 0.00559562 0.00190119 0.00223447 0.00355722 0.00508738 0.0063358 0.00686344 0.00647054 0.00531532 0.00381518 0.00240834 0.00135772 0.000708023 0.000366077
 1.00237e-16 6.5138e-05 0.000633165 0.0042076 0.0191272 0.0595118 0.126797 0.185068 0.185087 0.126892 0.0598322 0.0200521 0.00652747 0.00569127 0.0096532 0.0158077 0.0226525 0.0282479 0.0306645 0.0290127 0.0239813 0.0174002 0.0111891 0.00649747 0.00352425 0.00187668
 1.00322e-16 7.64236e-05 0.000742865 0.0049366 0.0224411 0.0698225 0.148764 0.217127 0.217133 0.148794 0.0699209 0.0227253 0.00565016 0.00230061 0.00303493 0.00489638 0.00704543 0.00885716 0.00974905 0.00944941 0.00815119 0.00637554 0.00465814 0.00330393 0.00235142 0.00169247
 1.00144e-16 7.59221e-05 0.00073799 0.0049042 0.0222938 0.0693643 0.147788 0.215703 0.21571 0.147823 0.0694826 0.0226354 0.00576104 0.00260639 0.0036182 0.00584522 0.0083747 0.0104506 0.0113591 0.0107724 0.00894385 0.00654599 0.00428233 0.00257144 0.00148219 0.000867945
 1.00019e-16 8.14643e-05 0.000791862 0.0052622 0.0239212 0.0744277 0.158576 0.231447 0.231448 0.158581 0.0744442 0.0239689 0.00538196 0.00105303 0.000576657 0.000822236 0.00117144 0.00146208 0.00159018 0.00150962 0.00125557 0.000921586 0.000605543 0.00036567 0.000211669 0.000123472
 1.00422e-16 8.99055e-06 8.73915e-05 0.000580751 0.00264006 0.00821467 0.0175054 0.0255674 0.0256525 0.017921 0.00960961 0.00666659 0.0106783 0.0220986 0.0417186 0.0687092 0.0983999 0.122524 0.132666 0.124949 0.10242 0.0731519 0.0456397 0.0250084 0.0121783 0.00540386
 1.00255e-16 8.15121e-05 0.000792327 0.00526529 0.0239352 0.0744714 0.158669 0.231582 0.231583 0.15867 0.0744744 0.0239441 0.00528812 0.000844196 0.000185962 0.000193834 0.000306999 0.000459762 0.00064345 0.000850973 0.00106815 0.00126751 0.00140876 0.00145135 0.00137404 0.00118826
 1.00433e-16 3.77953e-05 0.000367384 0.0024414 0.0110983 0.0345311 0.0735741 0.107394 0.107446 0.0738267 0.0353789 0.0135455 0.00857842 0.0137447 0.0253854 0.0417543 0.0597862 0.0744286 0.080564 0.0758413 0.0621243 0.0443349 0.0276496 0.0151867 0.00749398 0.00348584
 1.01091e-16 7.52428e-05 0.000731387 0.00486033 0.0220943 0.0687437 0.146466 0.213772 0.213777 0.14649 0.0688238 0.0223262 0.00544435 0.00201326 0.00253 0.00411597 0.00604307 0.00784905 0.00910633 0.00959846 0.00941381 0.00882856 0.00808603 0.00726548 0.00632316 0.00522239
 1.00731e-16 6.41885e-05 0.000623935 0.00414627 0.0188483 0.0586443 0.124949 0.18237 0.18239 0.125047 0.0589738 0.0197998 0.00653274 0.00582791 0.00993064 0.0162717 0.0233308 0.0291232 0.0316751 0.0300812 0.0250552 0.0184741 0.0122937 0.00766474 0.00475466 0.00312749
 1.00365e-16 7.66475e-05 0.000745041 0.00495106 0.0225068 0.070027 0.1492 0.217763 0.217769 0.149228 0.0701205 0.0227766 0.00562838 0.00222385 0.0028858 0.00465095 0.00669534 0.00842432 0.00928643 0.00902448 0.00782042 0.00616545 0.00456289 0.00329691 0.00240046 0.00177007
 1.01853e-16 4.99261e-06 4.85301e-05 0.000322504 0.00146611 0.00456207 0.00972316 0.0142093 0.0142957 0.0101452 0.0059786 0.00555558 0.0105803 0.0224167 0.0424138 0.0699204 0.100275 0.125153 0.136069 0.129103 0.107285 0.078658 0.0516304 0.0311987 0.0181773 0.0108077
 1.02482e-16 7.53528e-05 0.000732456 0.00486743 0.0221266 0.0688442 0.14668 0.214084 0.214084 0.146684 0.0688589 0.0221707 0.00498342 0.00100367 0.00064308 0.00108078 0.00186737 0.00300761 0.00453714 0.00643346 0.00855438 0.0105988 0.012145 0.0127884 0.0123192 0.0108302
 1.01333e-16 6.12286e-05 0.000595164 0.00395508 0.0179792 0.0559401 0.119187 0.173962 0.173986 0.119302 0.0563239 0.019087 0.00673339 0.00665239 0.0115421 0.0189249 0.0271182 0.0338166 0.0367231 0.0347965 0.0288957 0.0212439 0.0141501 0.008961 0.00584142 0.00422236
 1.05067e-16 1.92423e-05 0.000187042 0.00124296 0.00565037 0.0175807 0.0374598 0.0546864 0.0547468 0.037755 0.0185719 0.00851391 0.00843373 0.015894 0.0298766 0.0494303 0.0713595 0.0900467 0.0997372 0.0977123 0.085838 0.0691829 0.0528985 0.0398313 0.0302499 0.0230949
 1.02527e-16 7.49361e-05 0.000728405 0.00484051 0.0220043 0.0684634 0.145869 0.2129 0.212903 0.145883 0.0685112 0.0221433 0.00519318 0.00151035 0.00159543 0.00261155 0.00397099 0.00544564 0.006846 0.00806905 0.00911356 0.00999315 0.0106296 0.0108413 0.0104493 0.00940994
 1.00726e-16 7.0015e-05 0.000680571 0.00452263 0.0205592 0.0639675 0.13629 0.198922 0.198936 0.136357 0.0641909 0.0212042 0.00614033 0.00420782 0.00675661 0.0110272 0.0158039 0.0197191 0.0214338 0.0203389 0.0169274 0.0124836 0.00834265 0.00528607 0.00341634 0.00241649
 1.03293e-16 1.19421e-05 0.000116082 0.000771408 0.00350675 0.0109112 0.0232502 0.0339498 0.0340235 0.0236104 0.0121206 0.00699938 0.00953608 0.0192417 0.0363115 0.0599489 0.0862066 0.108079 0.11841 0.113861 0.0968889 0.0740804 0.0522523 0.0353542 0.0239428 0.0166147
 1.23349e-16 1.52625e-05 0.000148357 0.000985887 0.00448171 0.0139443 0.0297105 0.0433669 0.0433838 0.0297935 0.0142255 0.00530519 0.00309573 0.00489564 0.00944543 0.0166704 0.0265246 0.0385841 0.0522424 0.066945 0.0819893 0.0959512 0.106407 0.110563 0.106588 0.0947367
 1.01382e-16 8.05828e-05 0.000783294 0.00520526 0.0236624 0.0736224 0.15686 0.228942 0.228943 0.156863 0.0736324 0.0236915 0.00527872 0.000945202 0.000392814 0.000534909 0.000795145 0.0010726 0.0013302 0.0015662 0.00181467 0.0021182 0.00248633 0.00287184 0.00318299 0.00332337
pSPR Fmed_Fpbrs
0.213005   0.261584 0.261584
Fs Fmed_Fpbrs
1.20719   1.005 1.005
SSBpbr Bo_Bmed_Bpbrs
1.5022e+06  244867  317842 317842
Ro
36571.7
SPR SPRFo_SPRFmed_SPRFpbrs
261412 55682.1 68381.1
Fref
1.005
Nvult_r0
 87293.8 620.363 297.035 910.567 92.2556
CTP_r0
 42090.3 380.417 182.147 558.375 56.5727
YTP_r0
390825
Np
 88351.4 14802.3 50.5635 24.2102 79.8103
Nvult_p0
 70338.6 12809 43.7546 20.9501 69.063
CTP_p0
 26107.2 6420.49 21.9319 10.5012 34.6176
YTP_p0
 301824
CBA_c0
364125
log_Ro
10.327
likeval ReclasPelacesDesembMPH_pf_preclas_ppelaces_ptallas_desvR_qrecl_qpela
 19.0255 21.8372 0.418943 0.000997701 379.259 128.686 135.358 0 152.392 0.000125712 0.000273507 0.0182248 0 0 0
q_reclas_q_pelaces
4.8979 10.5157
M
1
N
 2901.71 16326.7 73339.4 10675.9 0.0694666
 1747.89 887.535 4386.23 19702.9 2868.14
 182688 315.904 97.3481 481.098 2475.68
 52357.6 33157.3 34.899 10.7544 326.645
 2208.55 7278.67 2326.33 2.44852 23.672
 289418 146.012 144.056 46.0414 0.516964
 2371.62 74733.1 29.4009 29.0069 9.37496
 651.857 371.906 6436.99 2.53239 3.30595
 60112.7 133.006 50.1501 868.003 0.787278
 2893.38 11845.4 16.9021 6.37296 110.404
 30346.3 233.433 329.055 0.469524 3.24395
 127150 6410.6 33.3939 47.0731 0.531233
 61181.9 17821.7 456.095 2.37587 3.3869
 72342.2 7532.03 1016.64 26.0179 0.328737
 39661.3 5199.01 171.833 23.1933 0.601065
 262501 2674.59 106.428 3.51757 0.487089
 4963.48 42889.9 247.057 9.83096 0.369918
 492007 679.451 2931.15 16.8842 0.69714
 93398 112737 111.627 481.558 2.88843
 256317 13564.3 8520.94 8.43707 36.6158
 160669 41552.8 1236.36 776.667 4.10648
 441280 26095.4 3799.48 113.05 71.3919
 5955.8 76061.3 2640.27 384.422 18.6613
 170735 1173.14 9659.14 335.292 51.1881
 148147 37940.8 182.937 1506.22 60.2666
 15788.7 34473.2 6399.12 30.8542 264.204
 123883 3426.03 5162.13 958.225 44.183
 208101 24483.7 437.565 659.296 128.025
 15695.4 57732 5570.52 99.5547 179.131
 4749.19 4455.08 13657.1 1317.77 65.9262
 102096 670.927 321.245 984.784 99.775
pred_Ctot
 313.888 2855.64 12827.5 1867.28 0.0121502
 594.927 432.661 2138.23 9604.91 1398.18
 61907.3 153.448 47.2862 233.69 1202.54
 22232.7 19227.2 20.2371 6.23623 189.414
 1303.25 5315.72 1698.95 1.78819 17.288
 56122.7 43.8505 43.2628 13.8272 0.155255
 920.354 40441.3 15.9101 15.6969 5.0732
 192.413 161.169 2789.52 1.09743 1.43266
 18551.2 59.8236 22.5566 390.412 0.354103
 1603.28 8302.62 11.8469 4.4669 77.3836
 8540.23 97.1658 136.968 0.195438 1.35029
 53688.8 3701.58 19.2821 27.1807 0.306742
 28037.5 10937.2 279.906 1.45808 2.07855
 41642 5413.26 730.656 18.699 0.236263
 23270.6 3783.02 125.033 16.8764 0.43736
 98387 1408.39 56.043 1.85229 0.256492
 2129.71 25066.8 144.391 5.74565 0.216197
 121866 253.435 1093.32 6.2978 0.260034
 38456.8 63861.5 63.2329 272.787 1.6362
 96726.2 7181.17 4511.12 4.46672 19.385
 60534 21970.8 653.72 410.658 2.17128
 157489 13216.7 1924.34 57.2568 36.1582
 1838.9 34224.9 1188.03 172.976 8.39694
 44505.1 457.351 3765.62 130.714 19.9557
 35709.2 13820.3 66.6366 548.656 21.9527
 4271.32 13874.7 2575.51 12.4182 106.337
 38091.9 1536.3 2314.8 429.686 19.8125
 33095.7 6138.48 109.705 165.297 32.0981
 2314.64 13500.2 1302.62 23.2801 41.8884
 1994.4 2561.79 7853.23 757.753 37.9094
 42090.3 380.417 182.147 558.375 56.5727
F
 0.184608 0.314331 0.314331 0.314331 0.314331
 0.71073 1.21015 1.21015 1.21015 1.21015
 0.706516 1.20298 1.20298 1.20298 1.20298
 0.973149 1.65697 1.65697 1.65697 1.65697
 1.7164 2.9225 2.9225 2.9225 2.9225
 0.353948 0.602665 0.602665 0.602665 0.602665
 0.852686 1.45186 1.45186 1.45186 1.45186
 0.589431 1.00362 1.00362 1.00362 1.00362
 0.62428 1.06296 1.06296 1.06296 1.06296
 1.51729 2.58347 2.58347 2.58347 2.58347
 0.554722 0.944521 0.944521 0.944521 0.944521
 0.964947 1.64301 1.64301 1.64301 1.64301
 1.09469 1.86392 1.86392 1.86392 1.86392
 1.63294 2.78039 2.78039 2.78039 2.78039
 1.69658 2.88876 2.88876 2.88876 2.88876
 0.811616 1.38193 1.38193 1.38193 1.38193
 0.988577 1.68324 1.68324 1.68324 1.68324
 0.47344 0.806122 0.806122 0.806122 0.806122
 0.929427 1.58253 1.58253 1.58253 1.58253
 0.819449 1.39527 1.39527 1.39527 1.39527
 0.817588 1.3921 1.3921 1.3921 1.3921
 0.75814 1.29088 1.29088 1.29088 1.29088
 0.624678 1.06364 1.06364 1.06364 1.06364
 0.504085 0.858301 0.858301 0.858301 0.858301
 0.45802 0.779867 0.779867 0.779867 0.779867
 0.52789 0.898834 0.898834 0.898834 0.898834
 0.621329 1.05793 1.05793 1.05793 1.05793
 0.282211 0.480519 0.480519 0.480519 0.480519
 0.259323 0.441548 0.441548 0.441548 0.441548
 0.95707 1.6296 1.6296 1.6296 1.6296
 0.931131 1.58543 1.58543 1.58543 1.58543
nmprior
 8.19 8.8 8.5 0
nm_flota  nm_reclas  nm_pelaces    nm_pelaL
inf 13.7822 2.80154 3.81607
cv_recla  cv_pelaces  cv_mph
0.394541 0.529871 0.974777
 ------------------------------------------------
Talla a la edad & desviaci?n 
 8 13.2811 15.8009 17.003 17.5766
 0.8 1.32811 1.58009 1.7003 1.75766
