years
 1991 1992 1993 1994 1995 1996 1997 1998 1999 2000 2001 2002 2003 2004 2005 2006 2007 2008 2009 2010 2011 2012 2013 2014 2015 2016 2017 2018 2019 2020 2021
reclasobs
 0 0 0 0 0 0 0 0 0 252601 567819 844713 477998 351125 339783 2.1784e+06 2.13404e+06 4.81314e+06 1.55562e+06 2.62356e+06 3.21686e+06 3.843e+06 1.13348e+06 3.07943e+06 1.97215e+06 2.03268e+06 2.025e+06 2.42433e+06 2.27542e+06 1.05018e+06 2.36338e+06
reclaspred
 2.67431e+06 1.10671e+06 568597 308159 92842 1.01995e+06 422312 179210 73022.7 174681 311038 491575 454359 313129 259276 1.19828e+06 887248 3.04535e+06 2.3624e+06 1.31696e+06 2.53997e+06 2.26297e+06 1.44192e+06 2.57362e+06 1.76992e+06 1.2527e+06 1.78648e+06 2.36469e+06 1.78266e+06 807433 1.13658e+06
pelacesobs
 0 0 0 0 0 0 0 0 0 0 0 0 0 0 0 552880 188675 0 991730 2.46772e+06 1.41603e+06 1.21717e+06 2.29649e+06 1.80582e+06 0 1.4828e+06 1.56532e+06 1.57751e+06 1.42118e+06 867257 1.10002e+06
pelacespred
 1.28823e+06 565573 261255 94214.4 31672.5 452617 142818 83051 19482.3 66505.3 137978 184912 188348 128747 108109 461053 343008 1.43162e+06 1.10109e+06 585814 1.09662e+06 1.00154e+06 642140 1.29938e+06 853881 599673 984632 1.27052e+06 796023 422047 554829
mphobs
 0 0 0 0 0 0 0 0 0 0 0 498337 0 5186 125008 0 168611 109162 213762 579715 649985 157893 87575 83554 0 0 0 0 0 0 0
mphpred
 2.75956e+06 1.41586e+06 456952 302528 108737 35087.3 540434 166933 65113.3 15478.6 70608.8 209163 254458 188090 99935.6 109335 769226 518619 1.7839e+06 1.1799e+06 897178 1.3044e+06 1.34501e+06 871520 1.44503e+06 1.05146e+06 682263 927213 1.6445e+06 949456 397510
desembarqueobs
 494567 514787 250237 358949 120608 361735 552515 73892 212993 205616 52469 317467 293654 387597 252695 516296 358380 742168 942051 627588 828172 859565 418607 520667 417249 300574 407403 355545 319650 289779 391294
desembarquepred
 494541 515117 249324 358922 120569 361586 551895 73873.5 212761 205494 52465.2 317306 293481 387176 252511 516045 358304 741870 941207 626933 827869 859074 418462 520551 417095 300457 407271 355446 319547 289645 391171
Reclutas
 35812.1 24613.8 168991 23794.2 11021.5 300195 22120.4 5616.15 18641.2 72845.8 78911.5 133913 94460.2 68765.5 54445.5 444598 27749.2 813236 324410 166922 431703 583570 38207.9 337519 213756 62814.1 270245 349213 39367.8 20657.7 188282
log_desv_Rt
 -0.908298 -1.28328 0.643262 -1.31714 -2.08674 1.21785 -1.39009 -2.76094 -1.56121 -0.19824 -0.118257 0.410602 0.0615934 -0.255883 -0.489385 1.61058 -1.16338 2.21444 1.29542 0.630939 1.58115 1.88258 -0.843543 1.33504 0.878249 -0.346406 1.11275 1.3691 -0.813637 -1.45849 0.751358
SSB
 2.75956e+06 1.41586e+06 456952 302528 108737 35087.3 540434 166933 65113.3 15478.6 70608.8 209163 254458 188090 99935.6 109335 769226 518619 1.7839e+06 1.1799e+06 897178 1.3044e+06 1.34501e+06 871520 1.44503e+06 1.05146e+06 682263 927213 1.6445e+06 949456 397510
BT
 3.41685e+06 1.85189e+06 845950 491796 180465 1.36477e+06 815569 260873 244613 349854 361569 687809 699464 699774 502078 1.47233e+06 1.07339e+06 3.96984e+06 3.43038e+06 1.94214e+06 3.22748e+06 3.08862e+06 1.84476e+06 3.48923e+06 2.35946e+06 1.65814e+06 2.69745e+06 3.28204e+06 2.10162e+06 1.27764e+06 1.66232e+06
Ftot
 0.176075 0.43224 0.442336 1.02119 1.13082 0.401608 1.11491 0.393932 2.29968 1.21101 0.187166 0.657426 0.644949 1.17903 0.98498 0.479378 0.382163 0.27099 0.395164 0.464487 0.342385 0.39155 0.276951 0.218338 0.235771 0.235406 0.245767 0.163413 0.171483 0.339608 0.37052
BD_Bspro_t
 0.972221 0.783904 0.517948 0.446979 0.200594 0.102681 0.515358 0.217031 0.131572 0.0467314 0.211553 0.505438 0.419839 0.314897 0.194204 0.215894 0.532908 0.430115 0.655368 0.524659 0.420484 0.510455 0.542256 0.475428 0.628285 0.611 0.57172 0.669584 0.763615 0.653122 0.493426
BD_Bspro
 4.34671 2.23019 0.719766 0.476525 0.171276 0.0552676 0.851262 0.262944 0.102563 0.0243811 0.111219 0.329462 0.400809 0.29627 0.157413 0.172218 1.21164 0.816901 2.8099 1.85852 1.41319 2.05462 2.11859 1.37277 2.27613 1.6562 1.07466 1.4605 2.59032 1.49553 0.626136
BD_Bo
 1.56497 0.802949 0.259141 0.171566 0.0616654 0.0198983 0.306484 0.0946692 0.0369263 0.00877805 0.0400428 0.118618 0.144305 0.106668 0.0566743 0.0620047 0.436235 0.294113 1.01166 0.669133 0.508797 0.739737 0.762767 0.494246 0.819487 0.596291 0.386917 0.52583 0.932607 0.538444 0.225431
BD_Brms
 9.90395 5.08148 1.63998 1.08576 0.390251 0.125927 1.93959 0.599116 0.233689 0.0555521 0.253412 0.750676 0.913239 0.675048 0.358665 0.392398 2.76072 1.8613 6.40234 4.23462 3.21994 4.68145 4.82719 3.12785 5.18614 3.77364 2.44861 3.32773 5.90202 3.40756 1.42665
Sel_flota
 0.81531 1 1 1 1
 0.81531 1 1 1 1
 0.81531 1 1 1 1
 0.81531 1 1 1 1
 0.81531 1 1 1 1
 0.81531 1 1 1 1
 0.81531 1 1 1 1
 0.81531 1 1 1 1
 0.81531 1 1 1 1
 0.81531 1 1 1 1
 0.81531 1 1 1 1
 0.81531 1 1 1 1
 0.81531 1 1 1 1
 0.81531 1 1 1 1
 0.81531 1 1 1 1
 0.81531 1 1 1 1
 0.81531 1 1 1 1
 0.81531 1 1 1 1
 0.81531 1 1 1 1
 0.81531 1 1 1 1
 0.81531 1 1 1 1
 0.81531 1 1 1 1
 0.81531 1 1 1 1
 0.81531 1 1 1 1
 0.81531 1 1 1 1
 0.81531 1 1 1 1
 0.81531 1 1 1 1
 0.81531 1 1 1 1
 0.81531 1 1 1 1
 0.81531 1 1 1 1
 0.81531 1 1 1 1
Sel_reclas
 1 1 1 1 1
 1 1 1 1 1
 1 1 1 1 1
 1 1 1 1 1
 1 1 1 1 1
 1 1 1 1 1
 1 1 1 1 1
 1 1 1 1 1
 1 1 1 1 1
 1 1 1 1 1
 1 1 1 1 1
 1 1 1 1 1
 1 1 1 1 1
 1 1 1 1 1
 1 1 1 1 1
 1 1 1 1 1
 1 1 1 1 1
 1 1 1 1 1
 1 1 1 1 1
 1 1 1 1 1
 1 1 1 1 1
 1 1 1 1 1
 1 1 1 1 1
 1 1 1 1 1
 1 1 1 1 1
 1 1 1 1 1
 1 1 1 1 1
 1 1 1 1 1
 1 1 1 1 1
 1 1 1 1 1
 1 1 1 1 1
Sel_pelaces
 1 1 1 1 1
 1 1 1 1 1
 1 1 1 1 1
 1 1 1 1 1
 1 1 1 1 1
 1 1 1 1 1
 1 1 1 1 1
 1 1 1 1 1
 1 1 1 1 1
 1 1 1 1 1
 1 1 1 1 1
 1 1 1 1 1
 1 1 1 1 1
 1 1 1 1 1
 1 1 1 1 1
 1 1 1 1 1
 1 1 1 1 1
 1 1 1 1 1
 1 1 1 1 1
 1 1 1 1 1
 1 1 1 1 1
 1 1 1 1 1
 1 1 1 1 1
 1 1 1 1 1
 1 1 1 1 1
 1 1 1 1 1
 1 1 1 1 1
 1 1 1 1 1
 1 1 1 1 1
 1 1 1 1 1
 1 1 1 1 1
pf_obs 
 0.8446 0.082 0.0669 0.0065 0
 0.8095 0.147 0.0364 0.0071 0
 0.9664 0.0169 0.016 0.0007 0
 0.9276 0.0648 0.0075 0.0001 0
 0.7033 0.2144 0.0806 0.0017 0
 0.9318 0.0425 0.0243 0.0014 0
 0.5671 0.3108 0.0964 0.0239 0.0018
 0.0768 0.2599 0.5324 0.112 0.0189
 0.490249 0.384438 0.106611 0.0170017 0.00170017
 0.7925 0.1577 0.0466 0.003 0.0002
 0.840416 0.127587 0.0312969 0.00059994 9.999e-05
 0.8084 0.0986 0.0794 0.0134 0.0002
 0.7335 0.1905 0.0724 0.0035 0.0001
 0.4001 0.4547 0.1325 0.0127 0
 0.49795 0.308269 0.164784 0.0264974 0.00249975
 0.9179 0.0499 0.0305 0.0017 0
 0.2467 0.6533 0.0926 0.0074 0
 0.9418 0.0223 0.034 0.0019 0
 0.707729 0.231977 0.0356964 0.0245975 0
 0.517169 0.277429 0.184464 0.0207286 0.00020938
 0.811772 0.124168 0.05621 0.00726502 0.000585176
 0.764997 0.148141 0.077277 0.00933861 0.000247198
 0.163321 0.427699 0.378323 0.0303852 0.000271297
 0.753843 0.0900009 0.118128 0.0371064 0.000921714
 0.721811 0.176058 0.0630433 0.0369309 0.00215725
 0.143369 0.312575 0.442814 0.0836902 0.0175525
 0.692698 0.0596174 0.167031 0.0765114 0.00414204
 0.394062 0.376323 0.152708 0.0712218 0.00568511
 0.125707 0.32114 0.495352 0.0537591 0.00404204
 0.23352 0.215282 0.420074 0.123614 0.00750983
 0.774587 0.0839891 0.0768558 0.0609784 0.00358967
pf_pred 
 0.144291 0.236387 0.549231 0.0700908 7.54431e-07
 0.240019 0.132342 0.173383 0.402846 0.0514102
 0.865945 0.0387625 0.0165941 0.0217402 0.0569583
 0.299102 0.625774 0.0217224 0.00929929 0.0441025
 0.485192 0.191402 0.288743 0.0100231 0.0246405
 0.988897 0.00633012 0.00177443 0.00267684 0.000321354
 0.194218 0.798794 0.00398435 0.00111687 0.00188714
 0.266494 0.185491 0.543262 0.00270977 0.00204304
 0.783753 0.0687217 0.0373065 0.109262 0.000955899
 0.981219 0.016115 0.000847144 0.000459883 0.00135868
 0.865736 0.132482 0.00152938 8.03978e-05 0.00017259
 0.803086 0.175211 0.021415 0.000247216 4.0894e-05
 0.702098 0.251343 0.0414274 0.00506342 6.81217e-05
 0.689867 0.234763 0.0635904 0.0104812 0.00129829
 0.787811 0.16107 0.0386957 0.0104815 0.00194161
 0.972202 0.0232589 0.00344526 0.000827694 0.000265729
 0.170577 0.811509 0.0149891 0.00222029 0.000704652
 0.949648 0.0104953 0.0389962 0.000720286 0.000140555
 0.521268 0.459459 0.00401728 0.0149266 0.000329505
 0.486619 0.299141 0.205615 0.00179779 0.00682733
 0.825348 0.0961757 0.0457273 0.0314306 0.00131845
 0.777474 0.190839 0.017449 0.00829622 0.00594161
 0.142798 0.700734 0.134187 0.0122691 0.0100112
 0.812744 0.0325895 0.126435 0.0242117 0.0040201
 0.590526 0.346022 0.011043 0.0428427 0.00956639
 0.341204 0.424813 0.197726 0.00631024 0.0299478
 0.822791 0.0699393 0.0691709 0.032195 0.00590378
 0.751578 0.212166 0.0143091 0.0141519 0.00779476
 0.186082 0.643566 0.145491 0.00981236 0.0150497
 0.233523 0.170341 0.471365 0.106562 0.0182097
 0.884429 0.0323165 0.0185024 0.0511997 0.0135526
pobs_RECLAS
 0 0 0 0 0
 0 0 0 0 0
 0 0 0 0 0
 0 0 0 0 0
 0 0 0 0 0
 0 0 0 0 0
 0 0 0 0 0
 0 0 0 0 0
 0 0 0 0 0
 0 0 0 0 0
 0.991045 0.00858322 0.000360255 1.14367e-05 0
 0.934742 0.0480273 0.0164251 0.00080598 0
 0.827803 0.169806 0.00239088 0 0
 0.941827 0.0461693 0.0120037 0 0
 0.791401 0.0380133 0.147996 0.0225897 0
 0.846168 0.0940531 0.0597789 0 0
 0.134021 0.677848 0.182769 0.00536245 0
 0.80878 0.0450904 0.141981 0.00414843 0
 0.846168 0.0940531 0.0597789 0 0
 0.905697 0.0802665 0.012482 0.00150086 5.37128e-05
 0.989698 0.0102097 9.19794e-05 0 0
 0.975433 0.0193895 0.00387452 0.00125025 5.28907e-05
 0.303575 0.632131 0.0575291 0.00676475 0
 0.966965 0.00978017 0.0227588 0.000495775 0
 0.843318 0.132988 0.00938335 0.0141283 0.000182051
 0.564624 0.303363 0.111486 0.0197234 0.00080311
 0.826376 0.0876187 0.0782897 0.00655872 0.00115652
 0.89761 0.0855135 0.0140674 0.00269457 0.000114338
 0.34875 0.467042 0.161289 0.0227151 0.000203297
 0.318654 0.224769 0.449479 0.00709798 0
 0.937255 0.0296025 0.0250945 0.00804832 0
ppred_RECLAS
 0.171812 0.228784 0.531566 0.0678365 7.30167e-07
 0.281019 0.125202 0.16403 0.381113 0.0486367
 0.888845 0.0321408 0.0137594 0.0180264 0.0472282
 0.350047 0.580289 0.0201435 0.00862337 0.0408969
 0.544383 0.169395 0.255544 0.00887067 0.0218074
 0.991002 0.00512984 0.00143797 0.00216927 0.000260421
 0.23393 0.759426 0.00378799 0.00106183 0.00179414
 0.30996 0.174499 0.51107 0.0025492 0.00192198
 0.830182 0.0539671 0.0292967 0.0858037 0.000750667
 0.985177 0.0127187 0.000668604 0.00036296 0.00107233
 0.888077 0.110437 0.00127489 6.70195e-05 0.000143871
 0.835537 0.146336 0.0178858 0.000206475 3.41548e-05
 0.745852 0.214428 0.0353428 0.00431974 5.81164e-05
 0.73862 0.197858 0.053594 0.00883357 0.0010942
 0.823914 0.133665 0.0321118 0.00869815 0.00161125
 0.977446 0.0188713 0.00279533 0.000671554 0.000215601
 0.202674 0.780105 0.0144091 0.00213436 0.000677383
 0.958763 0.00859537 0.0319369 0.000589897 0.000115111
 0.573789 0.409052 0.00357654 0.013289 0.000293355
 0.540036 0.268016 0.184221 0.00161073 0.00611695
 0.853699 0.0805636 0.0383044 0.0263285 0.00110443
 0.81201 0.161221 0.0147409 0.00700866 0.00501949
 0.170391 0.678178 0.129868 0.0118742 0.00968898
 0.842382 0.0274314 0.106424 0.0203796 0.00338382
 0.63983 0.304358 0.00971333 0.0376841 0.00841452
 0.38949 0.393676 0.183233 0.00584773 0.0277528
 0.851204 0.0587256 0.0580804 0.027033 0.0049572
 0.788192 0.180896 0.0122002 0.0120661 0.00664593
 0.219513 0.617131 0.139515 0.00940932 0.0144316
 0.273351 0.161489 0.446872 0.101024 0.0172635
 0.904361 0.026743 0.0153114 0.0423695 0.0112153
pobs_PELACES
 0 0 0 0 0
 0 0 0 0 0
 0 0 0 0 0
 0 0 0 0 0
 0 0 0 0 0
 0 0 0 0 0
 0 0 0 0 0
 0 0 0 0 0
 0 0 0 0 0
 0 0 0 0 0
 0 0 0 0 0
 0 0 0 0 0
 0 0 0 0 0
 0 0 0 0 0
 0 0 0 0 0
 0 0 0 0 0
 0.505614 0.472636 0.0217494 0 0
 0 0 0 0 0
 0.443492 0.261883 0.143347 0.151278 0
 0.227955 0.32914 0.350689 0.0885471 0.00366901
 0.970185 0.0296113 0.000203453 0 0
 0.997202 0.00247181 0.000326279 0 0
 0.445219 0.490057 0.0546422 0.010081 0
 0.90214 0.0892962 0.00764917 0.000914606 0
 0 0 0 0 0
 0.581667 0.319106 0.0959925 0.00289975 0.000334073
 0.762889 0.0836404 0.116647 0.0363945 0.000428098
 0.88444 0.0763242 0.0277011 0.0115352 0
 0.521256 0.241999 0.230069 0.00667565 0
 0.616807 0.101726 0.260614 0.0208532 0
 0.833518 0.0704572 0.0857862 0.0102388 0
ppred_PELACES
 0.173345 0.228361 0.530583 0.067711 7.28816e-07
 0.286372 0.12427 0.162808 0.378275 0.0482746
 0.891481 0.0313787 0.0134331 0.0175989 0.0461083
 0.364336 0.567532 0.0197007 0.00843379 0.0399978
 0.561418 0.163062 0.245989 0.008539 0.020992
 0.991218 0.00500689 0.00140351 0.00211728 0.00025418
 0.246326 0.747137 0.00372669 0.00104465 0.00176511
 0.315118 0.173195 0.50725 0.00253014 0.00190761
 0.849038 0.0479747 0.0260437 0.0762762 0.000667314
 0.986218 0.0118262 0.000621689 0.000337492 0.000997087
 0.889206 0.109323 0.00126203 6.63436e-05 0.00014242
 0.84097 0.141503 0.017295 0.000199656 3.30266e-05
 0.753231 0.208202 0.0343167 0.00419432 5.64291e-05
 0.752254 0.187538 0.0507985 0.00837281 0.00103713
 0.832455 0.127181 0.0305542 0.00827626 0.0015331
 0.978081 0.0183398 0.00271661 0.000652641 0.000209529
 0.206464 0.776397 0.0143406 0.00212422 0.000674163
 0.959411 0.00846028 0.031435 0.000580626 0.000113302
 0.579668 0.403409 0.00352721 0.0131057 0.000289308
 0.547059 0.263923 0.181408 0.00158614 0.00602355
 0.856286 0.0791389 0.037627 0.025863 0.0010849
 0.815625 0.15812 0.0144574 0.00687386 0.00492294
 0.172791 0.676216 0.129492 0.0118399 0.00966096
 0.84414 0.0271253 0.105236 0.0201522 0.00334606
 0.643135 0.301566 0.00962421 0.0373383 0.00833731
 0.392907 0.391473 0.182208 0.005815 0.0275975
 0.853091 0.0579808 0.0573437 0.0266902 0.00489432
 0.78985 0.17948 0.0121047 0.0119717 0.00659391
 0.221309 0.615711 0.139194 0.00938766 0.0143984
 0.277481 0.160571 0.444332 0.10045 0.0171653
 0.906296 0.0262018 0.0150015 0.0415121 0.0109883
pobs_pel_tallas
 0 0 0 0 0 0 0 0 0 0 0 0 0 0 0 0 0 0 0 0 0 0 0 0 0 0
 0 0 0 0 0 0 0 0 0 0 0 0 0 0 0 0 0 0 0 0 0 0 0 0 0 0
 0 0 0 0 0 0 0 0 0 0 0 0 0 0 0 0 0 0 0 0 0 0 0 0 0 0
 0 0 0 0 0 0 0 0 0 0 0 0 0 0 0 0 0 0 0 0 0 0 0 0 0 0
 0 0 0 0 0 0 0 0 0 0 0 0 0 0 0 0 0 0 0 0 0 0 0 0 0 0
 0 0 0 0 0 0 0 0 0 0 0 0 0 0 0 0 0 0 0 0 0 0 0 0 0 0
 0 0 0 0 0 0 0 0 0 0 0 0 0 0 0 0 0 0 0 0 0 0 0 0 0 0
 0 0 0 0 0 0 0 0 0 0 0 0 0 0 0 0 0 0 0 0 0 0 0 0 0 0
 0 0 0 0 0 0 0 0 0 0 0 0 0 0 0 0 0 0 0 0 0 0 0 0 0 0
 0 0 0 0 0 0 0 0 0 0 0 0 0 0 0 0 0 0 0 0 0 0 0 0 0 0
 0 0 0 0 0 0 0 0 0 0 0 0 0 0 0 0 0 0 0 0 0 0 0 0 0 0
 0 0 0 0 0 0 0 0 0 0 0 0 0 0 0 0 0 0 0 0 0 0 0 0 0 0
 0.00862536 0 0 0.000197151 0.00414017 0.0128641 0.00837892 0.0270097 0.101434 0.158115 0.152841 0.127902 0.109271 0.109419 0.0830992 0.0579132 0.0238553 0.00714673 0.00463305 0.00128148 0.00103504 0.000492878 0.000147863 0.000147863 4.92878e-05 0
 0 0 0 0 0 0 0 0 0 0 0 0 0 0 0 0 0 0 0 0 0 0 0 0 0 0
 0 0 0 0 0 0 0 0.0054083 0.00873648 0.0413646 0.0450493 0.0745869 0.0622846 0.0627006 0.0613931 0.0827291 0.12552 0.122667 0.0946155 0.0697135 0.0546179 0.0294188 0.0215738 0.0213955 0.0102223 0.00600262
 0 0 0 0 0.00359764 0.0251062 0.0480494 0.140153 0.205849 0.193036 0.1447 0.116669 0.0760912 0.0342217 0.00950174 0.001854 0.000860785 0 0 0 0.000165536 0 0.000143464 0 0 0
 0 0 0 0 0 0 0 0.000145254 0.000435761 0.0275982 0.070085 0.0708112 0.156366 0.174668 0.174014 0.160142 0.0824315 0.0480064 0.0283245 0.00493863 0.00203355 0 0 0 0 0
 0 0 0 0 0 0 0 0 0 0 0 0 0 0 0 0 0 0 0 0 0 0 0 0 0 0
 0 0 1.00437e-05 0.000401748 0.00122533 0.00171747 0.00176769 0.0269171 0.070346 0.194647 0.189555 0.159765 0.064822 0.0314167 0.0384472 0.0292271 0.0345202 0.0313363 0.0194345 0.0106764 0.0143323 0.0359363 0.0279516 0.0138201 0.00172751 0
 0 0.0021121 0.0136068 0.0755702 0.200478 0.177729 0.0527432 0.0373336 0.0318909 0.0142505 0.0149659 0.0166563 0.0217959 0.0798694 0.0677717 0.0528807 0.04013 0.0224614 0.0357745 0.0225083 0.00881397 0.00855152 0.00135912 0.000746735 0 0
 0 0 0 0 5.4009e-05 0.00500934 0.000945158 0.0243581 0.138947 0.33067 0.221406 0.137944 0.0707744 0.0437923 0.0131692 0.00525238 0.0047753 0.00276346 9.45158e-05 9.00151e-06 2.25038e-05 9.00151e-06 4.50075e-06 0 0 0
 0.000866109 0.00284123 0.00948549 0.0512746 0.133035 0.25785 0.225252 0.132002 0.0553304 0.0519788 0.0540692 0.017754 0.00435017 0.00159236 0.00146478 0.000404838 0.000125132 0.000115318 0.000107957 0.000100596 0 0 0 0 0 0
 0 0 0 0 0.00144013 0.00171154 0.00461396 0.0210425 0.0478622 0.0707936 0.0888783 0.103762 0.0637923 0.0337046 0.0602308 0.124433 0.169614 0.0934646 0.0462172 0.0250306 0.0313229 0.00938855 0.002487 0.000210481 0 0
 0 0.00764035 0.051015 0.0998891 0.058973 0.0496711 0.0374665 0.0718981 0.12319 0.153886 0.159021 0.0857701 0.0377988 0.023471 0.0147837 0.00900784 0.00315554 0.000888139 0.00291439 0.00214683 0.00393193 0.00274676 0.000635225 9.99891e-05 0 0
 0 0 0 0 0 0 0 0 0 0 0 0 0 0 0 0 0 0 0 0 0 0 0 0 0 0
 0 0 0 0 0 0 0 0 0 0 0 0 0 0 0 0 0 0 0 0 0 0 0 0 0 0
 0 0 0 0 0 0 0 0 0 0 0 0 0 0 0 0 0 0 0 0 0 0 0 0 0 0
 0 0 0 0 0 0 0 0 0 0 0 0 0 0 0 0 0 0 0 0 0 0 0 0 0 0
 0 0 0 0 0 0 0 0 0 0 0 0 0 0 0 0 0 0 0 0 0 0 0 0 0 0
 0 0 0 0 0 0 0 0 0 0 0 0 0 0 0 0 0 0 0 0 0 0 0 0 0 0
 0 0 0 0 0 0 0 0 0 0 0 0 0 0 0 0 0 0 0 0 0 0 0 0 0 0
ppred_pel_tallas
 1.22161e-16 1.42782e-05 0.000138789 0.000922305 0.00419268 0.0130451 0.0277948 0.0405721 0.0405949 0.0279066 0.0134227 0.00529343 0.00372341 0.00637958 0.0122356 0.0211675 0.0327318 0.0458301 0.0591918 0.0719983 0.0839034 0.094334 0.101818 0.104212 0.0998519 0.0887249
 1.50836e-16 2.35881e-05 0.000229285 0.00152368 0.00692643 0.0215508 0.0459167 0.0670193 0.0670316 0.0459772 0.021755 0.00752159 0.00303752 0.00360206 0.00663619 0.0114986 0.0179502 0.0256547 0.0344516 0.0447182 0.0572421 0.0724568 0.089518 0.105965 0.118336 0.123458
 1.09964e-16 7.34301e-05 0.000713767 0.00474323 0.021562 0.0670875 0.142937 0.208622 0.208625 0.142952 0.0671378 0.0217076 0.00511022 0.00152077 0.00162433 0.00262028 0.00389715 0.00519915 0.00635287 0.00736364 0.00845209 0.00992401 0.0119464 0.014385 0.0168069 0.0186361
 1.08329e-16 3.001e-05 0.000291708 0.0019385 0.00881219 0.0274183 0.0584195 0.0852765 0.0853311 0.0586863 0.0283139 0.0113978 0.0084245 0.0144369 0.0268542 0.0442453 0.0634998 0.0793778 0.0865845 0.082743 0.0698839 0.0531795 0.037951 0.0272243 0.0212269 0.0184525
 1.1155e-16 4.62433e-05 0.000449501 0.0029871 0.0135789 0.0422491 0.0900168 0.131386 0.131402 0.0900955 0.0425143 0.0143492 0.00493733 0.00476235 0.00839949 0.0142358 0.021487 0.0290694 0.0358397 0.041167 0.0451035 0.0479442 0.0496157 0.0495196 0.0469811 0.0418641
 1.00298e-16 8.16453e-05 0.000793622 0.00527389 0.0239744 0.0745931 0.158929 0.231961 0.231961 0.158931 0.0746011 0.0239974 0.00533174 0.000920233 0.000323131 0.000407774 0.000586338 0.000752372 0.000859685 0.000891245 0.000865173 0.000820871 0.000791952 0.000786963 0.000789912 0.000775491
 1.00703e-16 2.02897e-05 0.000197223 0.00131062 0.00595794 0.0185378 0.0394993 0.0576655 0.0577373 0.0398503 0.0197157 0.00935821 0.00983761 0.0187847 0.0352418 0.0580212 0.0830907 0.10346 0.112024 0.105513 0.0865117 0.0618453 0.0386937 0.0213822 0.0106737 0.00507005
 1.15259e-16 2.59559e-05 0.000252301 0.00167663 0.00762171 0.0237141 0.050526 0.0737478 0.0737652 0.0506115 0.0240035 0.00846701 0.00383396 0.00507896 0.00953473 0.01661 0.0259828 0.0369349 0.0485678 0.0601694 0.0711556 0.0805641 0.0867113 0.0876226 0.0821147 0.0707075
 1.08527e-16 6.99341e-05 0.000679785 0.00451741 0.0205355 0.0638936 0.136132 0.19869 0.198695 0.136155 0.0639706 0.0207589 0.00508125 0.0019214 0.00246089 0.00404796 0.0060478 0.00810451 0.00993834 0.0115036 0.0130319 0.0148378 0.0170173 0.0192755 0.0210154 0.0216192
 1.00224e-16 8.12334e-05 0.000789618 0.00524729 0.0238534 0.0742168 0.158127 0.230791 0.230792 0.158132 0.0742355 0.0239073 0.00538254 0.00108466 0.000640964 0.000929505 0.00132758 0.00166234 0.00181947 0.00174992 0.00149617 0.00116525 0.000866239 0.000659548 0.00054709 0.000495211
 1.00096e-16 7.32428e-05 0.000711946 0.00473113 0.021507 0.0669164 0.142573 0.208092 0.208102 0.142624 0.0670888 0.0220046 0.00597906 0.0034324 0.00522871 0.00849888 0.012167 0.0151551 0.0164199 0.0154827 0.0127192 0.00912436 0.00574434 0.00320864 0.00162839 0.000787307
 1.00561e-16 6.92696e-05 0.000673325 0.00447448 0.0203404 0.0632865 0.134839 0.196804 0.196818 0.134906 0.0635101 0.0209862 0.00609533 0.00421055 0.00678379 0.0110963 0.0159558 0.0200157 0.0219501 0.0211405 0.0180361 0.013846 0.00982035 0.00668231 0.00453462 0.00312558
 1.01474e-16 6.20427e-05 0.000603077 0.00400766 0.0182182 0.0566838 0.120772 0.176274 0.176294 0.12087 0.0570132 0.0191696 0.00639604 0.00581779 0.00996814 0.0163871 0.0236129 0.0297175 0.0327726 0.0318771 0.0276778 0.021909 0.0163418 0.011967 0.00888272 0.00670565
 1.0253e-16 6.19622e-05 0.000602295 0.00400246 0.0181946 0.0566103 0.120615 0.176045 0.176063 0.120703 0.0569076 0.019054 0.00616136 0.00532122 0.0090417 0.0148956 0.0215581 0.0273306 0.0305153 0.030314 0.0272724 0.0228549 0.0185137 0.0149965 0.0122986 0.0100671
 1.02004e-16 6.85682e-05 0.000666508 0.00442918 0.0201344 0.0626457 0.133474 0.194811 0.194824 0.133534 0.0628472 0.0207168 0.00589216 0.00386362 0.00615047 0.0100857 0.0145837 0.0184685 0.0205877 0.020407 0.018312 0.0153169 0.0124259 0.0101517 0.00847643 0.0071275
 1.00185e-16 8.05633e-05 0.000783104 0.005204 0.0236566 0.0736046 0.156822 0.228887 0.228889 0.156831 0.0736336 0.0237404 0.00541431 0.00124225 0.000952673 0.0014477 0.0020782 0.00261435 0.00288218 0.00280312 0.00243583 0.00193502 0.001458 0.00109161 0.000841876 0.00067058
 1.0094e-16 1.70063e-05 0.000165308 0.00109853 0.00499381 0.015538 0.0331081 0.0483379 0.0484126 0.0334729 0.0167624 0.00852842 0.00996322 0.0194915 0.0366459 0.060359 0.0864847 0.107781 0.116881 0.110387 0.090958 0.0656331 0.0418011 0.0238936 0.0126753 0.00661057
 1.00987e-16 7.90254e-05 0.000768155 0.00510466 0.023205 0.0721995 0.153829 0.224518 0.224519 0.153833 0.0722139 0.0232471 0.00521246 0.00101086 0.000561522 0.000859235 0.0013599 0.00197895 0.00267845 0.00342487 0.00417481 0.00484787 0.00531669 0.00544332 0.00514886 0.00446696
 1.01569e-16 4.77466e-05 0.000464114 0.0030842 0.0140204 0.0436228 0.0929443 0.135663 0.135702 0.0931339 0.0442589 0.0158568 0.00768994 0.0105052 0.0190789 0.0313649 0.0449428 0.0560276 0.060805 0.0575353 0.0476283 0.0347621 0.022771 0.0139146 0.00851048 0.00566582
 1.06481e-16 4.50606e-05 0.000438005 0.0029107 0.0132316 0.0411686 0.0877151 0.128028 0.128054 0.0878406 0.0415906 0.0144532 0.00598739 0.00718908 0.0129676 0.0216289 0.0317594 0.0411923 0.0476907 0.0501283 0.0490095 0.0458496 0.041993 0.0378915 0.0332964 0.0279408
 1.03884e-16 7.05312e-05 0.000685588 0.00455597 0.0207108 0.064439 0.137294 0.200387 0.200395 0.137332 0.0645652 0.0210759 0.00547489 0.00269991 0.00392088 0.00643627 0.00942193 0.012185 0.0140727 0.014798 0.0145914 0.013992 0.0134488 0.0130575 0.012601 0.0117887
 1.01981e-16 6.7182e-05 0.000653033 0.00433963 0.0197274 0.0613792 0.130775 0.190874 0.190889 0.13085 0.061629 0.0204488 0.00614998 0.00460341 0.00756502 0.0123884 0.0178128 0.022347 0.0245233 0.0236754 0.02034 0.0159018 0.0117729 0.00873808 0.00684325 0.00570628
 1.06732e-16 1.42327e-05 0.000138347 0.000919365 0.00417934 0.0130038 0.0277084 0.040455 0.0405202 0.0280272 0.0140742 0.00727147 0.00868332 0.0170947 0.0322391 0.0533312 0.0769519 0.0970286 0.107349 0.105007 0.09208 0.0741285 0.0567899 0.0431567 0.0334532 0.0263952
 1.05632e-16 6.95307e-05 0.000675863 0.00449135 0.020417 0.063525 0.135347 0.197543 0.197546 0.13536 0.0635713 0.0205529 0.00484042 0.00146426 0.00164432 0.002811 0.0045164 0.00667161 0.00921169 0.0120755 0.015151 0.0181646 0.0206318 0.0219742 0.0217701 0.0199738
 1.05511e-16 5.29742e-05 0.000514928 0.00342188 0.0155554 0.0483987 0.10312 0.150512 0.150541 0.103262 0.0488748 0.0169299 0.00687035 0.00803743 0.014324 0.0235582 0.0338483 0.0424085 0.0464613 0.0447837 0.0384785 0.0302767 0.022928 0.0179037 0.0151628 0.0137751
 1.10612e-16 3.23633e-05 0.000314583 0.00209052 0.00950321 0.0295682 0.0629996 0.0919577 0.0919956 0.063185 0.0301914 0.0113057 0.0066245 0.0102438 0.0189819 0.0315699 0.0460339 0.0590545 0.0672263 0.0689222 0.0651465 0.0586188 0.0518964 0.0460811 0.0408858 0.0355703
 1.05175e-16 7.0268e-05 0.00068303 0.00453897 0.0206335 0.0641986 0.136782 0.199639 0.199644 0.13681 0.064292 0.0209046 0.00522376 0.00219211 0.00297826 0.00492334 0.0073478 0.00979747 0.011858 0.013347 0.0143861 0.0152286 0.015987 0.016502 0.0164514 0.0155815
 1.02712e-16 6.50589e-05 0.000632396 0.00420249 0.0191039 0.0594395 0.126643 0.184843 0.18486 0.126727 0.059723 0.0199224 0.0062563 0.00511337 0.00856814 0.0140441 0.0201853 0.0253068 0.0277464 0.0267588 0.0229723 0.0179828 0.0134107 0.0101459 0.00821395 0.00713377
 1.07553e-16 1.82291e-05 0.000177193 0.00117751 0.00535284 0.016655 0.0354874 0.0518074 0.0518668 0.0357778 0.0176303 0.00817074 0.00825454 0.0156386 0.0294178 0.0486966 0.0703595 0.0889156 0.0987462 0.097216 0.0861791 0.070601 0.0554775 0.0434907 0.0347627 0.0281229
 1.25843e-16 2.28558e-05 0.000222166 0.00147637 0.0067114 0.0208817 0.0444913 0.0649398 0.0649559 0.0445706 0.02115 0.00749516 0.0034772 0.00470103 0.00885552 0.0154589 0.0242691 0.0347204 0.0461501 0.0581386 0.0704046 0.0822216 0.0919484 0.0973179 0.0964621 0.0889573
 1.06463e-16 7.46504e-05 0.000725629 0.00482206 0.0219204 0.0682024 0.145313 0.212089 0.212091 0.145325 0.0682446 0.0220426 0.00513085 0.00140631 0.00138763 0.00223172 0.00334657 0.0045211 0.005619 0.00663914 0.00773232 0.00908605 0.0107475 0.0125192 0.0140054 0.0147774
pSPR Fmed_Fpbrs
0.462808   0.208015 0.208015
Fs Fmed_Fpbrs
0.435095   1.005 1.005
SSBpbr Bo_Bmed_Bpbrs
1.76333e+06  727918  278632 278632
Ro
88817.6
SPR SPRFo_SPRFmed_SPRFpbrs
634862 293819 132061
Fref
1.005
Nvult_r0
 137077 4298.25 2460.91 6809.81 1802.57
CTP_r0
 31802.2 1162.03 665.308 1841.03 487.325
YTP_r0
391171
Np
 163477 51205.9 1463.28 837.786 2907.11
Nvult_p0
 136973 44310.5 1266.24 724.969 2515.63
CTP_p0
 61687.7 22210.5 634.698 363.389 1260.95
YTP_p0
 890356
CBA_c0
540927
log_Ro
11.2143
likeval ReclasPelacesDesembMPH_pf_preclas_ppelaces_ptallas_desvR_qrecl_qpela
 23.4452 37.2734 0.11551 0.002048 272.605 120.176 106.232 0 69.1727 0 0 0.31574 0 0 0
q_reclas_q_pelaces
1 1
M
1
N
 35812.1 48469 112615 14371.5 0.154689
 24613.8 11412.7 14952.1 34740.2 4433.46
 168991 6365.53 2725.06 3570.15 9353.62
 23794.2 43345.6 1504.65 644.136 3054.86
 11021.5 3807.05 5743.17 199.362 490.106
 300195 1612.65 452.05 681.946 81.8677
 22120.4 79598.7 397.035 111.295 188.051
 5616.15 3278.88 9603.12 47.9 36.1144
 18641.2 1498.51 813.483 2382.51 20.8438
 72845.8 1051.72 55.2874 30.0135 88.672
 78911.5 9984.12 115.258 6.05895 13.0067
 133913 24921.5 3046 35.1633 5.81665
 94460.2 28823.2 4750.75 580.657 7.81197
 68765.5 20539.4 5563.52 917.002 113.588
 54445.5 9673.85 2324.06 629.52 116.612
 444598 8972.24 1329.03 319.287 102.506
 27749.2 110645 2043.69 302.725 96.0757
 813236 7475.46 27775.8 513.038 100.113
 324410 239866 2097.27 7792.6 172.022
 166922 86472.6 59437 519.687 1973.57
 431703 42048.5 19992.2 13741.6 576.434
 583570 120132 10984 5222.4 3740.19
 38207.9 156011 29875.5 2731.6 2228.9
 337519 11214.9 43509.5 8331.86 1383.42
 213756 103919 3316.48 12866.7 2873.02
 62814.1 64884.4 30199.9 963.804 4574.12
 270245 19072.5 18863 8779.62 1609.97
 349213 81365.7 5487.56 5427.26 2989.29
 39367.8 112444 25420.1 1714.41 2629.48
 20657.7 12592.9 34847 7877.87 1346.2
 188282 5761.54 3298.7 9128.12 2416.23
pred_Ctot
 3062.97 5017.97 11658.9 1487.87 0.0160149
 4755.13 2621.88 3434.98 7980.96 1018.51
 33302.6 1490.74 638.178 836.089 2190.51
 9080.67 18998.4 659.489 282.325 1338.94
 4513.41 1780.48 2685.98 93.238 229.213
 54414.1 348.315 97.6378 147.293 17.6825
 8971.66 36899.4 184.053 51.5927 87.1744
 1000.99 696.732 2040.58 10.1783 7.67398
 11471.3 1005.84 546.032 1599.21 13.9909
 31230.7 512.916 26.9633 14.6374 43.2448
 7148.01 1093.85 12.6275 0.66381 1.425
 36672.1 8000.8 977.891 11.2889 1.86738
 25474.6 9119.62 1503.13 183.719 2.4717
 28962.4 9855.96 2669.69 440.029 54.5057
 20253.3 4140.84 994.8 269.462 49.9153
 93844.3 2245.13 332.563 79.8953 25.6502
 4816.26 22913.1 423.22 62.6901 19.8959
 103757 1146.7 4260.66 78.6973 15.3568
 57979.2 51104.4 446.831 1660.24 36.6499
 34300.1 21085.4 14493.1 126.72 481.234
 67994.5 7923.22 3767.14 2589.35 108.618
 103463 25396 2322.03 1104.02 790.683
 4972.29 24399.9 4672.47 427.218 348.596
 35300 1415.47 5491.48 1051.59 174.606
 24003 14064.7 448.862 1741.42 388.843
 7043.42 8769.36 4081.62 130.261 618.209
 31529.3 2680.07 2650.62 1233.71 226.232
 27836.7 7858.13 529.977 524.154 288.7
 3284.25 11358.6 2567.85 173.184 265.621
 3230.16 2356.21 6520.08 1474 251.883
 31802.2 1162.03 665.308 1841.03 487.325
F
 0.143556 0.176075 0.176075 0.176075 0.176075
 0.35241 0.43224 0.43224 0.43224 0.43224
 0.360641 0.442336 0.442336 0.442336 0.442336
 0.83259 1.02119 1.02119 1.02119 1.02119
 0.921967 1.13082 1.13082 1.13082 1.13082
 0.327435 0.401608 0.401608 0.401608 0.401608
 0.908998 1.11491 1.11491 1.11491 1.11491
 0.321176 0.393932 0.393932 0.393932 0.393932
 1.87495 2.29968 2.29968 2.29968 2.29968
 0.987349 1.21101 1.21101 1.21101 1.21101
 0.152598 0.187166 0.187166 0.187166 0.187166
 0.536006 0.657426 0.657426 0.657426 0.657426
 0.525834 0.644949 0.644949 0.644949 0.644949
 0.961275 1.17903 1.17903 1.17903 1.17903
 0.803064 0.98498 0.98498 0.98498 0.98498
 0.390842 0.479378 0.479378 0.479378 0.479378
 0.311581 0.382163 0.382163 0.382163 0.382163
 0.220941 0.27099 0.27099 0.27099 0.27099
 0.322181 0.395164 0.395164 0.395164 0.395164
 0.378701 0.464487 0.464487 0.464487 0.464487
 0.27915 0.342385 0.342385 0.342385 0.342385
 0.319235 0.39155 0.39155 0.39155 0.39155
 0.225801 0.276951 0.276951 0.276951 0.276951
 0.178013 0.218338 0.218338 0.218338 0.218338
 0.192226 0.235771 0.235771 0.235771 0.235771
 0.191929 0.235406 0.235406 0.235406 0.235406
 0.200376 0.245767 0.245767 0.245767 0.245767
 0.133232 0.163413 0.163413 0.163413 0.163413
 0.139812 0.171483 0.171483 0.171483 0.171483
 0.276886 0.339608 0.339608 0.339608 0.339608
 0.302089 0.37052 0.37052 0.37052 0.37052
nmprior
 8.19 8.8 8.5 0
nm_flota  nm_reclas  nm_pelaces    nm_pelaL
inf 11.4095 7.3793 13.4406
cv_recla  cv_pelaces  cv_mph
0.437978 0.692264 1.39659
 ------------------------------------------------
Talla a la edad & desviaci?n 
 8 13.2811 15.8009 17.003 17.5766
 0.8 1.32811 1.58009 1.7003 1.75766
