years
 1991 1992 1993 1994 1995 1996 1997 1998 1999 2000 2001 2002 2003 2004 2005 2006 2007 2008 2009 2010 2011 2012 2013 2014 2015 2016 2017 2018 2019 2020 2021
reclasobs
 0 0 0 0 0 0 0 0 0 252601 567819 844713 477998 351125 339783 2.1784e+06 2.13404e+06 4.81314e+06 1.55562e+06 2.62356e+06 3.21686e+06 3.843e+06 1.13348e+06 3.07943e+06 1.97215e+06 2.03268e+06 2.025e+06 2.42433e+06 2.27542e+06 1.05018e+06 2.36338e+06
reclaspred
 1.61596e+06 1.21245e+06 575333 399964 367719 563667 339567 211332 212623 167385 266668 461917 497652 323627 331842 741419 1.12976e+06 1.7573e+06 1.81799e+06 1.25038e+06 2.15344e+06 2.07003e+06 1.84555e+06 2.21465e+06 1.87537e+06 1.46992e+06 1.56973e+06 1.9025e+06 2.11476e+06 1.01667e+06 1.03134e+06
pelacesobs
 0 0 0 0 0 0 0 0 0 0 0 0 0 0 0 552880 188675 0 991730 2.46772e+06 1.41603e+06 1.21717e+06 2.29649e+06 1.80582e+06 0 1.4828e+06 1.56532e+06 1.57751e+06 1.42118e+06 867257 1.10002e+06
pelacespred
 656299 543206 270844 158471 152946 243444 110525 97066.8 90679.8 63782.8 124641 179009 214890 139173 157751 297232 452409 768395 863917 573518 904755 965596 843727 1.10829e+06 959997 721017 864432 1.05466e+06 960901 548076 521831
mphobs
 0 0 0 0 0 0 0 0 0 0 0 498337 0 5186 125008 0 168611 109162 213762 579715 649985 157893 87575 83554 0 0 0 0 0 0 0
mphpred
 1.15873e+06 1.31588e+06 661775 289826 331793 236863 453136 162295 126284 162133 89368.2 316548 357275 318189 170642 276185 822130 936979 1.40049e+06 1.32096e+06 1.03339e+06 1.69377e+06 1.73045e+06 1.25829e+06 1.86602e+06 1.3329e+06 966345 1.23974e+06 2.00384e+06 1.19803e+06 568061
desembarqueobs
 494567 514787 250237 358949 120608 361735 552515 73892 212993 205616 52469 317467 293654 387597 252695 516296 358380 742168 942051 627588 828172 859565 418607 520667 417249 300574 415391 372974 316634 284311 391294
desembarquepred
 494418 515075 249687 359184 120320 361413 552134 73920.7 213193 205508 52410.6 317388 293284 386973 252411 515896 358109 741324 941410 627861 827134 858776 418687 520240 416315 299869 416010 372562 316089 284330 391428
Reclutas
 359922 47738.6 40561.2 148907 30397.8 215642 46928.1 17139.3 51147.4 36320.5 119349 139047 129017 64865.4 94044.4 409317 136161 526874 519771 159540 531338 638381 75047.2 386556 232489 100664 329036 395083 46008.7 35262.8 251042
log_desv_Rt
 1.01364 -1.0065 -1.16943 0.131077 -1.45788 0.501374 -1.02363 -2.03087 -0.937533 -1.27986 -0.0901955 0.0625668 -0.012299 -0.69993 -0.328478 1.14224 0.04159 1.39472 1.38114 0.200049 1.40315 1.58669 -0.554128 1.08503 0.576599 -0.26046 0.923922 1.10685 -1.04341 -1.30942 0.653376
SSB
 1.15873e+06 1.31588e+06 661775 289826 331793 236863 453136 162295 126284 162133 89368.2 316548 357275 318189 170642 276185 822130 936979 1.40049e+06 1.32096e+06 1.03339e+06 1.69377e+06 1.73045e+06 1.25829e+06 1.86602e+06 1.3329e+06 966345 1.23974e+06 2.00384e+06 1.19803e+06 568061
BT
 2.28754e+06 1.78279e+06 892949 848528 484866 1.25435e+06 779735 360071 539377 388825 525774 841625 960334 849477 853909 1.58704e+06 1.56997e+06 3.33117e+06 3.69738e+06 2.09986e+06 3.88797e+06 3.71027e+06 2.48408e+06 4.31321e+06 2.91537e+06 2.21713e+06 3.45065e+06 3.94821e+06 2.54347e+06 1.63892e+06 2.26212e+06
Ftot
 0.287239 0.392733 0.400931 0.805805 0.305558 0.59102 1.32869 0.326713 0.898794 1.05865 0.186634 0.625592 0.540891 1.03751 0.695226 0.6406 0.296899 0.393408 0.478382 0.462031 0.359116 0.386109 0.2137 0.222002 0.209377 0.192678 0.25001 0.185608 0.141679 0.26217 0.355655
BD_Bspro_t
 0.955082 0.766115 0.547759 0.393742 0.424383 0.406407 0.47071 0.219214 0.239426 0.315759 0.257237 0.627372 0.523409 0.443727 0.296193 0.401697 0.56238 0.57477 0.616375 0.564379 0.462673 0.578779 0.613561 0.579523 0.696361 0.67928 0.66388 0.732581 0.799773 0.709326 0.583236
BD_Bspro
 1.24112 1.40944 0.708829 0.310433 0.355384 0.253704 0.485355 0.173835 0.135263 0.173661 0.0957225 0.339056 0.382678 0.340813 0.182775 0.295822 0.880586 1.0036 1.50007 1.41488 1.10686 1.8142 1.85349 1.34776 1.9987 1.42767 1.03505 1.32789 2.14632 1.28322 0.608451
BD_Bo
 0.707239 0.803158 0.40392 0.176897 0.202513 0.144571 0.276575 0.0990583 0.0770783 0.098959 0.0545466 0.193208 0.218066 0.194209 0.104153 0.168572 0.501794 0.571893 0.854802 0.806259 0.630737 1.03381 1.05619 0.768007 1.13894 0.813547 0.589817 0.756684 1.22306 0.73123 0.346721
BD_Brms
 3.00221 3.40939 1.71463 0.750926 0.859662 0.613702 1.17406 0.420501 0.327196 0.420079 0.231549 0.820163 0.925685 0.824414 0.442126 0.715583 2.1301 2.42767 3.62862 3.42255 2.67746 4.38848 4.48353 3.26018 4.83479 3.45349 2.50376 3.21211 5.19187 3.10405 1.47182
Sel_flota
 0.5 1 1 1 1
 0.5 1 1 1 1
 0.5 1 1 1 1
 0.5 1 1 1 1
 0.5 1 1 1 1
 0.5 1 1 1 1
 0.5 1 1 1 1
 0.5 1 1 1 1
 0.5 1 1 1 1
 0.5 1 1 1 1
 0.5 1 1 1 1
 0.5 1 1 1 1
 0.5 1 1 1 1
 0.5 1 1 1 1
 0.5 1 1 1 1
 0.5 1 1 1 1
 0.5 1 1 1 1
 0.5 1 1 1 1
 0.5 1 1 1 1
 0.5 1 1 1 1
 0.5 1 1 1 1
 0.5 1 1 1 1
 0.5 1 1 1 1
 0.5 1 1 1 1
 0.5 1 1 1 1
 0.5 1 1 1 1
 0.5 1 1 1 1
 0.5 1 1 1 1
 0.5 1 1 1 1
 0.5 1 1 1 1
 0.5 1 1 1 1
Sel_reclas
 0.5 1 1 1 1
 0.5 1 1 1 1
 0.5 1 1 1 1
 0.5 1 1 1 1
 0.5 1 1 1 1
 0.5 1 1 1 1
 0.5 1 1 1 1
 0.5 1 1 1 1
 0.5 1 1 1 1
 0.5 1 1 1 1
 0.5 1 1 1 1
 0.5 1 1 1 1
 0.5 1 1 1 1
 0.5 1 1 1 1
 0.5 1 1 1 1
 0.5 1 1 1 1
 0.5 1 1 1 1
 0.5 1 1 1 1
 0.5 1 1 1 1
 0.5 1 1 1 1
 0.5 1 1 1 1
 0.5 1 1 1 1
 0.5 1 1 1 1
 0.5 1 1 1 1
 0.5 1 1 1 1
 0.5 1 1 1 1
 0.5 1 1 1 1
 0.5 1 1 1 1
 0.5 1 1 1 1
 0.5 1 1 1 1
 0.5 1 1 1 1
Sel_pelaces
 0.5 1 1 1 1
 0.5 1 1 1 1
 0.5 1 1 1 1
 0.5 1 1 1 1
 0.5 1 1 1 1
 0.5 1 1 1 1
 0.5 1 1 1 1
 0.5 1 1 1 1
 0.5 1 1 1 1
 0.5 1 1 1 1
 0.5 1 1 1 1
 0.5 1 1 1 1
 0.5 1 1 1 1
 0.5 1 1 1 1
 0.5 1 1 1 1
 0.5 1 1 1 1
 0.5 1 1 1 1
 0.5 1 1 1 1
 0.5 1 1 1 1
 0.5 1 1 1 1
 0.5 1 1 1 1
 0.5 1 1 1 1
 0.5 1 1 1 1
 0.5 1 1 1 1
 0.5 1 1 1 1
 0.5 1 1 1 1
 0.5 1 1 1 1
 0.5 1 1 1 1
 0.5 1 1 1 1
 0.5 1 1 1 1
 0.5 1 1 1 1
pf_obs 
 0.8446 0.082 0.0669 0.0065 0
 0.8095 0.147 0.0364 0.0071 0
 0.9664 0.0169 0.016 0.0007 0
 0.9276 0.0648 0.0075 0.0001 0
 0.7033 0.2144 0.0806 0.0017 0
 0.9318 0.0425 0.0243 0.0014 0
 0.5671 0.3108 0.0964 0.0239 0.0018
 0.0768 0.2599 0.5324 0.112 0.0189
 0.490249 0.384438 0.106611 0.0170017 0.00170017
 0.7925 0.1577 0.0466 0.003 0.0002
 0.840416 0.127587 0.0312969 0.00059994 9.999e-05
 0.8084 0.0986 0.0794 0.0134 0.0002
 0.7335 0.1905 0.0724 0.0035 0.0001
 0.4001 0.4547 0.1325 0.0127 0
 0.49795 0.308269 0.164784 0.0264974 0.00249975
 0.9179 0.0499 0.0305 0.0017 0
 0.2467 0.6533 0.0926 0.0074 0
 0.9418 0.0223 0.034 0.0019 0
 0.707729 0.231977 0.0356964 0.0245975 0
 0.517169 0.277429 0.184464 0.0207286 0.00020938
 0.811772 0.124168 0.05621 0.00726502 0.000585176
 0.764997 0.148141 0.077277 0.00933861 0.000247198
 0.163321 0.427699 0.378323 0.0303852 0.000271297
 0.753843 0.0900009 0.118128 0.0371064 0.000921714
 0.721811 0.176058 0.0630433 0.0369309 0.00215725
 0.143369 0.312575 0.442814 0.0836902 0.0175525
 0.692698 0.0596174 0.167031 0.0765114 0.00414204
 0.394062 0.376323 0.152708 0.0712218 0.00568511
 0.125707 0.32114 0.495352 0.0537591 0.00404204
 0.23352 0.215282 0.420074 0.123614 0.00750983
 0.774587 0.0839891 0.0768558 0.0609784 0.00358967
pf_pred 
 0.676872 0.204256 0.0751416 0.0276431 0.0160876
 0.155756 0.692559 0.0958832 0.0352734 0.0205283
 0.308674 0.202938 0.400639 0.0554676 0.0322808
 0.780496 0.110201 0.0320856 0.0633432 0.0138735
 0.284614 0.644973 0.0353511 0.0102926 0.0247701
 0.854252 0.0678938 0.0701908 0.00384717 0.00381578
 0.318033 0.636696 0.021089 0.0218025 0.00238025
 0.378099 0.367252 0.237744 0.0078747 0.0090299
 0.763382 0.135561 0.0596778 0.0386329 0.00274697
 0.620856 0.339554 0.0226813 0.00998499 0.00692348
 0.866125 0.10997 0.021409 0.00143006 0.00106608
 0.646064 0.329818 0.0198109 0.0038568 0.000449678
 0.609634 0.31847 0.0669973 0.00402426 0.000874792
 0.4591 0.425496 0.0941491 0.0198064 0.00144831
 0.726318 0.192397 0.0639428 0.0141486 0.00319412
 0.891477 0.0942235 0.0100528 0.00334102 0.000906157
 0.386333 0.584489 0.0253329 0.00270278 0.00114189
 0.792485 0.120187 0.0831756 0.00360499 0.000547115
 0.616173 0.343858 0.0231489 0.0160203 0.000799727
 0.313656 0.540776 0.13041 0.00877936 0.00637907
 0.758441 0.123843 0.0927493 0.0223668 0.00259984
 0.648559 0.307498 0.0225287 0.0168724 0.00454178
 0.140206 0.692772 0.146138 0.0107067 0.0101771
 0.677571 0.0831549 0.192793 0.0406691 0.0058118
 0.438023 0.459611 0.0264002 0.0612084 0.0147569
 0.297739 0.438148 0.216005 0.0124074 0.0357016
 0.708787 0.137767 0.0957363 0.0471975 0.0105119
 0.617288 0.321428 0.0289928 0.0201474 0.0121448
 0.12144 0.679265 0.167381 0.0150978 0.0168159
 0.208709 0.177058 0.474898 0.117022 0.022312
 0.811335 0.0685336 0.0268805 0.0720977 0.0211533
pobs_RECLAS
 0 0 0 0 0
 0 0 0 0 0
 0 0 0 0 0
 0 0 0 0 0
 0 0 0 0 0
 0 0 0 0 0
 0 0 0 0 0
 0 0 0 0 0
 0 0 0 0 0
 0 0 0 0 0
 0.991045 0.00858322 0.000360255 1.14367e-05 0
 0.934742 0.0480273 0.0164251 0.00080598 0
 0.827803 0.169806 0.00239088 0 0
 0.941827 0.0461693 0.0120037 0 0
 0.791401 0.0380133 0.147996 0.0225897 0
 0.846168 0.0940531 0.0597789 0 0
 0.134021 0.677848 0.182769 0.00536245 0
 0.80878 0.0450904 0.141981 0.00414843 0
 0.846168 0.0940531 0.0597789 0 0
 0.905697 0.0802665 0.012482 0.00150086 5.37128e-05
 0.989698 0.0102097 9.19794e-05 0 0
 0.975433 0.0193895 0.00387452 0.00125025 5.28907e-05
 0.303575 0.632131 0.0575291 0.00676475 0
 0.966965 0.00978017 0.0227588 0.000495775 0
 0.843318 0.132988 0.00938335 0.0141283 0.000182051
 0.564624 0.303363 0.111486 0.0197234 0.00080311
 0.826376 0.0876187 0.0782897 0.00655872 0.00115652
 0.89761 0.0855135 0.0140674 0.00269457 0.000114338
 0.34875 0.467042 0.161289 0.0227151 0.000203297
 0.318654 0.224769 0.449479 0.00709798 0
 0.937255 0.0296025 0.0250945 0.00804832 0
ppred_RECLAS
 0.679969 0.202298 0.0744213 0.027378 0.0159334
 0.158486 0.69032 0.0955732 0.0351594 0.020462
 0.313203 0.201609 0.398015 0.0551042 0.0320694
 0.789218 0.105822 0.0308106 0.0608263 0.0133222
 0.287732 0.642161 0.035197 0.0102477 0.0246621
 0.858478 0.0659254 0.0681558 0.00373563 0.00370516
 0.340929 0.615319 0.020381 0.0210705 0.00230033
 0.381993 0.364953 0.236255 0.0078254 0.00897337
 0.774031 0.129459 0.0569918 0.0368941 0.00262333
 0.638371 0.323868 0.0216335 0.00952372 0.00660364
 0.867128 0.109146 0.0212486 0.00141935 0.00105809
 0.654472 0.321983 0.0193403 0.00376518 0.000438995
 0.616909 0.312535 0.0657487 0.00394927 0.000858489
 0.477283 0.411193 0.0909843 0.0191406 0.00139962
 0.734673 0.186523 0.0619907 0.0137166 0.00309661
 0.895111 0.0910682 0.00971613 0.00322914 0.000875813
 0.389839 0.581151 0.0251882 0.00268734 0.00113537
 0.795862 0.118232 0.0818223 0.00354633 0.000538214
 0.622369 0.338307 0.0227752 0.0157616 0.000786817
 0.319099 0.536487 0.129376 0.00870973 0.00632848
 0.761814 0.122113 0.0914542 0.0220545 0.00256354
 0.653147 0.303484 0.0222346 0.0166521 0.00448249
 0.141428 0.691787 0.14593 0.0106915 0.0101626
 0.679872 0.0825614 0.191417 0.0403789 0.00577032
 0.440456 0.457622 0.0262859 0.0609435 0.014693
 0.299622 0.436973 0.215425 0.0123741 0.0356058
 0.711276 0.13659 0.0949181 0.0467941 0.0104221
 0.619323 0.319718 0.0288385 0.0200403 0.0120802
 0.122125 0.678736 0.167251 0.015086 0.0168028
 0.210826 0.176585 0.473628 0.116709 0.0222523
 0.814118 0.0675226 0.026484 0.0710341 0.0208413
pobs_PELACES
 0 0 0 0 0
 0 0 0 0 0
 0 0 0 0 0
 0 0 0 0 0
 0 0 0 0 0
 0 0 0 0 0
 0 0 0 0 0
 0 0 0 0 0
 0 0 0 0 0
 0 0 0 0 0
 0 0 0 0 0
 0 0 0 0 0
 0 0 0 0 0
 0 0 0 0 0
 0 0 0 0 0
 0 0 0 0 0
 0.505614 0.472636 0.0217494 0 0
 0 0 0 0 0
 0.443492 0.261883 0.143347 0.151278 0
 0.227955 0.32914 0.350689 0.0885471 0.00366901
 0.970185 0.0296113 0.000203453 0 0
 0.997202 0.00247181 0.000326279 0 0
 0.445219 0.490057 0.0546422 0.010081 0
 0.90214 0.0892962 0.00764917 0.000914606 0
 0 0 0 0 0
 0.581667 0.319106 0.0959925 0.00289975 0.000334073
 0.762889 0.0836404 0.116647 0.0363945 0.000428098
 0.88444 0.0763242 0.0277011 0.0115352 0
 0.521256 0.241999 0.230069 0.00667565 0
 0.616807 0.101726 0.260614 0.0208532 0
 0.833518 0.0704572 0.0857862 0.0102388 0
ppred_PELACES
 0.690194 0.195835 0.0720436 0.0265034 0.0154243
 0.16732 0.683072 0.0945698 0.0347903 0.0202471
 0.327606 0.197381 0.389668 0.0539486 0.0313968
 0.810487 0.0951446 0.0277017 0.0546886 0.011978
 0.298174 0.632747 0.034681 0.0100975 0.0243005
 0.869917 0.0605968 0.0626469 0.00343369 0.00340568
 0.39176 0.567863 0.0188091 0.0194454 0.00212292
 0.394797 0.357391 0.23136 0.00766326 0.00878745
 0.798913 0.115204 0.0507163 0.0328316 0.00233447
 0.677647 0.288693 0.019284 0.00848937 0.00588643
 0.870637 0.106264 0.0206875 0.00138187 0.00103016
 0.677429 0.300591 0.0180553 0.00351503 0.000409829
 0.637769 0.295516 0.0621685 0.00373422 0.000811741
 0.520054 0.377547 0.0835395 0.0175744 0.0012851
 0.756424 0.171232 0.0569088 0.0125922 0.00284275
 0.904628 0.0828048 0.0088345 0.00293613 0.000796343
 0.401552 0.569994 0.0247046 0.00263575 0.00111357
 0.806205 0.112241 0.0776764 0.00336664 0.000510942
 0.640734 0.321855 0.0216677 0.0149952 0.000748554
 0.335886 0.52326 0.126186 0.008495 0.00617245
 0.772399 0.116687 0.0873901 0.0210744 0.00244962
 0.667436 0.290982 0.0213186 0.0159661 0.00429783
 0.145764 0.688294 0.145193 0.0106375 0.0101113
 0.687792 0.080519 0.186682 0.03938 0.00562758
 0.448987 0.450645 0.0258852 0.0600143 0.014469
 0.306336 0.432784 0.21336 0.0122555 0.0352645
 0.719673 0.132617 0.0921575 0.0454331 0.0101189
 0.626517 0.313676 0.0282936 0.0196616 0.0118519
 0.124653 0.676781 0.166769 0.0150426 0.0167544
 0.218113 0.174954 0.469254 0.115631 0.0220469
 0.822835 0.064356 0.0252419 0.0677029 0.0198639
pobs_pel_tallas
 0 0 0 0 0 0 0 0 0 0 0 0 0 0 0 0 0 0 0 0 0 0 0 0 0 0
 0 0 0 0 0 0 0 0 0 0 0 0 0 0 0 0 0 0 0 0 0 0 0 0 0 0
 0 0 0 0 0 0 0 0 0 0 0 0 0 0 0 0 0 0 0 0 0 0 0 0 0 0
 0 0 0 0 0 0 0 0 0 0 0 0 0 0 0 0 0 0 0 0 0 0 0 0 0 0
 0 0 0 0 0 0 0 0 0 0 0 0 0 0 0 0 0 0 0 0 0 0 0 0 0 0
 0 0 0 0 0 0 0 0 0 0 0 0 0 0 0 0 0 0 0 0 0 0 0 0 0 0
 0 0 0 0 0 0 0 0 0 0 0 0 0 0 0 0 0 0 0 0 0 0 0 0 0 0
 0 0 0 0 0 0 0 0 0 0 0 0 0 0 0 0 0 0 0 0 0 0 0 0 0 0
 0 0 0 0 0 0 0 0 0 0 0 0 0 0 0 0 0 0 0 0 0 0 0 0 0 0
 0 0 0 0 0 0 0 0 0 0 0 0 0 0 0 0 0 0 0 0 0 0 0 0 0 0
 0 0 0 0 0 0 0 0 0 0 0 0 0 0 0 0 0 0 0 0 0 0 0 0 0 0
 0 0 0 0 0 0 0 0 0 0 0 0 0 0 0 0 0 0 0 0 0 0 0 0 0 0
 0.00862536 0 0 0.000197151 0.00414017 0.0128641 0.00837892 0.0270097 0.101434 0.158115 0.152841 0.127902 0.109271 0.109419 0.0830992 0.0579132 0.0238553 0.00714673 0.00463305 0.00128148 0.00103504 0.000492878 0.000147863 0.000147863 4.92878e-05 0
 0 0 0 0 0 0 0 0 0 0 0 0 0 0 0 0 0 0 0 0 0 0 0 0 0 0
 0 0 0 0 0 0 0 0.0054083 0.00873648 0.0413646 0.0450493 0.0745869 0.0622846 0.0627006 0.0613931 0.0827291 0.12552 0.122667 0.0946155 0.0697135 0.0546179 0.0294188 0.0215738 0.0213955 0.0102223 0.00600262
 0 0 0 0 0.00359764 0.0251062 0.0480494 0.140153 0.205849 0.193036 0.1447 0.116669 0.0760912 0.0342217 0.00950174 0.001854 0.000860785 0 0 0 0.000165536 0 0.000143464 0 0 0
 0 0 0 0 0 0 0 0.000145254 0.000435761 0.0275982 0.070085 0.0708112 0.156366 0.174668 0.174014 0.160142 0.0824315 0.0480064 0.0283245 0.00493863 0.00203355 0 0 0 0 0
 0 0 0 0 0 0 0 0 0 0 0 0 0 0 0 0 0 0 0 0 0 0 0 0 0 0
 0 0 1.00437e-05 0.000401748 0.00122533 0.00171747 0.00176769 0.0269171 0.070346 0.194647 0.189555 0.159765 0.064822 0.0314167 0.0384472 0.0292271 0.0345202 0.0313363 0.0194345 0.0106764 0.0143323 0.0359363 0.0279516 0.0138201 0.00172751 0
 0 0.0021121 0.0136068 0.0755702 0.200478 0.177729 0.0527432 0.0373336 0.0318909 0.0142505 0.0149659 0.0166563 0.0217959 0.0798694 0.0677717 0.0528807 0.04013 0.0224614 0.0357745 0.0225083 0.00881397 0.00855152 0.00135912 0.000746735 0 0
 0 0 0 0 5.4009e-05 0.00500934 0.000945158 0.0243581 0.138947 0.33067 0.221406 0.137944 0.0707744 0.0437923 0.0131692 0.00525238 0.0047753 0.00276346 9.45158e-05 9.00151e-06 2.25038e-05 9.00151e-06 4.50075e-06 0 0 0
 0.000866109 0.00284123 0.00948549 0.0512746 0.133035 0.25785 0.225252 0.132002 0.0553304 0.0519788 0.0540692 0.017754 0.00435017 0.00159236 0.00146478 0.000404838 0.000125132 0.000115318 0.000107957 0.000100596 0 0 0 0 0 0
 0 0 0 0 0.00144013 0.00171154 0.00461396 0.0210425 0.0478622 0.0707936 0.0888783 0.103762 0.0637923 0.0337046 0.0602308 0.124433 0.169614 0.0934646 0.0462172 0.0250306 0.0313229 0.00938855 0.002487 0.000210481 0 0
 0 0.00764035 0.051015 0.0998891 0.058973 0.0496711 0.0374665 0.0718981 0.12319 0.153886 0.159021 0.0857701 0.0377988 0.023471 0.0147837 0.00900784 0.00315554 0.000888139 0.00291439 0.00214683 0.00393193 0.00274676 0.000635225 9.99891e-05 0 0
 0 0 0 0 0 0 0 0 0 0 0 0 0 0 0 0 0 0 0 0 0 0 0 0 0 0
 0 0 0 0 0 0 0 0 0 0 0 0 0 0 0 0 0 0 0 0 0 0 0 0 0 0
 0 0 0 0 0 0 0 0 0 0 0 0 0 0 0 0 0 0 0 0 0 0 0 0 0 0
 0 0 0 0 0 0 0 0 0 0 0 0 0 0 0 0 0 0 0 0 0 0 0 0 0 0
 0 0 0 0 0 0 0 0 0 0 0 0 0 0 0 0 0 0 0 0 0 0 0 0 0 0
 0 0 0 0 0 0 0 0 0 0 0 0 0 0 0 0 0 0 0 0 0 0 0 0 0 0
 0 0 0 0 0 0 0 0 0 0 0 0 0 0 0 0 0 0 0 0 0 0 0 0 0 0
ppred_pel_tallas
 1.07398e-16 5.68504e-05 0.000552606 0.00367226 0.0166936 0.05194 0.110664 0.161522 0.161541 0.110757 0.0522514 0.0175938 0.00593587 0.00550718 0.00950536 0.0157273 0.022895 0.0293137 0.0332962 0.0340805 0.0322565 0.0292855 0.0265126 0.0244655 0.0228626 0.0211113
 1.0982e-16 1.37821e-05 0.000133967 0.000890261 0.00404704 0.0125922 0.0268314 0.039175 0.0392409 0.0271531 0.0136724 0.00716724 0.00872272 0.0172335 0.0324927 0.0537067 0.0773961 0.0974029 0.107459 0.104697 0.0913666 0.0732859 0.0563302 0.0436772 0.0354089 0.0299027
 1.22019e-16 2.69845e-05 0.000262299 0.00174307 0.00792375 0.0246538 0.0525283 0.0766707 0.0766903 0.0526244 0.0249781 0.00886779 0.00414089 0.0055901 0.0104194 0.0178992 0.0274562 0.0380322 0.0484709 0.0581213 0.066917 0.0747667 0.0808633 0.0836865 0.0818098 0.0748568
 1.08336e-16 6.67588e-05 0.000648919 0.0043123 0.0196031 0.0609925 0.129951 0.18967 0.189679 0.129996 0.0611438 0.0200409 0.00541358 0.00306124 0.00467339 0.00768978 0.0112433 0.0145262 0.0167909 0.0177652 0.0178326 0.0177509 0.0181148 0.0189788 0.0198814 0.0201734
 1.06288e-16 2.45604e-05 0.000238736 0.00158648 0.00721197 0.0224394 0.0478118 0.0697955 0.0698564 0.0481094 0.0234382 0.0100958 0.00882127 0.016019 0.0299555 0.0493831 0.0709037 0.0886847 0.0968093 0.0925839 0.078193 0.0593021 0.041759 0.0289216 0.0211359 0.0169196
 1.02745e-16 7.16539e-05 0.000696502 0.0046285 0.0210405 0.0654648 0.13948 0.203576 0.203582 0.139509 0.0655624 0.0213234 0.00534278 0.0022692 0.00309773 0.00510991 0.00759149 0.0100401 0.0119783 0.01316 0.0136616 0.0137296 0.0135258 0.0130084 0.0120286 0.0105219
 1.02998e-16 3.22689e-05 0.000313665 0.00208442 0.00947548 0.029482 0.0628166 0.0916942 0.0917488 0.0630836 0.030378 0.0120622 0.00857283 0.0144628 0.02686 0.044239 0.0634576 0.0792437 0.0862551 0.0820503 0.0685871 0.0509764 0.0345218 0.0223123 0.0147399 0.0105498
 1.09024e-16 3.2519e-05 0.000316096 0.00210057 0.00954892 0.0297104 0.0633025 0.0923991 0.0924338 0.0634723 0.0302814 0.0112016 0.00626232 0.00944514 0.0174984 0.0292099 0.0428463 0.0554783 0.0640689 0.0671051 0.0653139 0.0608211 0.0555271 0.050095 0.04418 0.0373491
 1.05181e-16 6.58055e-05 0.000639653 0.00425072 0.0193231 0.0601215 0.128096 0.186962 0.186973 0.12815 0.0603051 0.019854 0.00558654 0.00356655 0.00565662 0.00933266 0.0136409 0.0175893 0.0202163 0.0210952 0.0205651 0.0194324 0.0183896 0.0176242 0.016862 0.0157017
 1.02478e-16 5.58169e-05 0.000542561 0.00360551 0.0163901 0.0509959 0.108653 0.158588 0.158616 0.108789 0.0514518 0.0177063 0.00690772 0.00774615 0.0137216 0.0225571 0.0323983 0.0405543 0.0443265 0.0424822 0.0360036 0.0274489 0.0194534 0.0135238 0.0098131 0.00766843
 1.00938e-16 7.17132e-05 0.000697078 0.00463233 0.0210579 0.065519 0.139595 0.203746 0.203756 0.139646 0.0656872 0.0215438 0.00585244 0.0033618 0.00513596 0.0083861 0.0120934 0.0152477 0.0168671 0.0164927 0.0144483 0.0116049 0.0088475 0.00666416 0.00509602 0.00394973
 1.0102e-16 5.5799e-05 0.000542386 0.00360435 0.0163849 0.0509795 0.108618 0.158538 0.158567 0.10876 0.051454 0.0177548 0.00704113 0.0080383 0.0142724 0.0234557 0.0336628 0.0420771 0.0458664 0.0437229 0.0366509 0.0273134 0.0184817 0.011783 0.00745936 0.00491712
 1.02382e-16 5.25323e-05 0.000510632 0.00339333 0.0154256 0.047995 0.102259 0.149257 0.149285 0.102399 0.0484629 0.0167775 0.00678796 0.00792549 0.0141472 0.0233371 0.0336853 0.0425056 0.0470801 0.046128 0.0405337 0.0326925 0.025035 0.0188985 0.0143993 0.0110269
 1.04488e-16 4.28362e-05 0.000416383 0.00276701 0.0125785 0.0391365 0.0833858 0.121712 0.121748 0.0835638 0.0397345 0.0143064 0.00710661 0.00989738 0.0180712 0.0298656 0.043153 0.0545455 0.0606026 0.0597158 0.0530272 0.0435774 0.0344119 0.027144 0.0218131 0.0176775
 1.0343e-16 6.23057e-05 0.000605633 0.00402465 0.0182955 0.0569241 0.121283 0.17702 0.177037 0.121364 0.057196 0.0190815 0.00600015 0.00492675 0.00829406 0.013679 0.0198531 0.0252884 0.0284621 0.0286611 0.0263716 0.0228815 0.0194347 0.0166193 0.0143535 0.0122806
 1.00706e-16 7.4513e-05 0.000724293 0.00481318 0.02188 0.068077 0.145045 0.2117 0.211708 0.145084 0.0682078 0.0222579 0.00576152 0.00279383 0.00400294 0.00649452 0.00933622 0.0117151 0.012858 0.0124104 0.0106448 0.00827668 0.00603903 0.00434457 0.00323052 0.00251964
 1.01312e-16 3.30754e-05 0.000321505 0.00213652 0.00971233 0.0302189 0.0643867 0.0939858 0.0940406 0.0646546 0.0311184 0.0123089 0.00864974 0.0145248 0.026963 0.0444054 0.063688 0.0795054 0.0864707 0.0820958 0.0683018 0.0501865 0.0330782 0.0201395 0.0118825 0.00719147
 1.02695e-16 6.64061e-05 0.000645491 0.00428951 0.0194995 0.0606703 0.129265 0.188668 0.188679 0.129318 0.0608498 0.0200191 0.00559829 0.00351753 0.00556462 0.00920775 0.0135202 0.0175451 0.0203306 0.0213986 0.0209618 0.0196582 0.0180494 0.016316 0.0143435 0.0120179
 1.02339e-16 5.27764e-05 0.000513006 0.00340911 0.0154973 0.0482181 0.102735 0.149951 0.149982 0.102886 0.0487263 0.0169648 0.0070909 0.00854481 0.0152904 0.0251524 0.0361303 0.0452332 0.0494536 0.0474161 0.0402098 0.0306753 0.0217361 0.0150579 0.0108071 0.00826655
 1.05672e-16 2.76666e-05 0.000268929 0.00178713 0.00812407 0.0252773 0.0538578 0.0786176 0.0786681 0.0541046 0.0261063 0.0105197 0.00780405 0.0134159 0.0250312 0.0414278 0.0598826 0.0757278 0.0841901 0.0830176 0.0737533 0.0605663 0.0476491 0.0372508 0.0294896 0.0234346
 1.0508e-16 6.36215e-05 0.000618424 0.00410964 0.0186818 0.0581262 0.123844 0.180757 0.180768 0.1239 0.0583132 0.0192233 0.00547436 0.00361632 0.00581216 0.00965193 0.0142348 0.0186075 0.0218264 0.0234367 0.0236773 0.0231831 0.0224488 0.0215207 0.0201177 0.017986
 1.03019e-16 5.49758e-05 0.000534385 0.00355118 0.0161431 0.0502275 0.107016 0.156199 0.156227 0.107153 0.050687 0.0174702 0.00688084 0.00779882 0.0138392 0.0227606 0.0327107 0.0409897 0.0448915 0.0431858 0.0368661 0.028499 0.0207095 0.0149692 0.0113823 0.00925372
 1.07144e-16 1.20066e-05 0.000116708 0.000775569 0.00352566 0.01097 0.0233752 0.0341307 0.0341971 0.0236997 0.0120599 0.00667449 0.00868284 0.0173892 0.0328469 0.0543643 0.0784976 0.0990902 0.109837 0.107777 0.0949939 0.0770792 0.0596863 0.0458919 0.0358978 0.0284286
 1.1031e-16 5.66525e-05 0.000550682 0.00365948 0.0166355 0.0517591 0.110279 0.160957 0.160965 0.110318 0.0518924 0.0170241 0.00464874 0.00275611 0.00437989 0.00750378 0.0116289 0.0163524 0.0212608 0.0261109 0.030821 0.0352025 0.038699 0.0404546 0.0397299 0.0363557
 1.0933e-16 3.69825e-05 0.000359483 0.0023889 0.0108596 0.0337885 0.0719915 0.105083 0.105126 0.0722035 0.0345003 0.012915 0.00754673 0.011614 0.0213977 0.0352842 0.0507603 0.0637252 0.0700594 0.0679495 0.0590282 0.047323 0.0368559 0.029729 0.0258059 0.0236682
 1.13465e-16 2.52326e-05 0.00024527 0.00162991 0.00740934 0.0230534 0.0491193 0.0716999 0.0717419 0.0493245 0.0237428 0.00940361 0.0066474 0.0112369 0.021013 0.034993 0.0510929 0.0656858 0.075044 0.0773925 0.073835 0.0673273 0.0606029 0.0547633 0.049385 0.0435857
 1.08963e-16 5.92785e-05 0.000576208 0.00382911 0.0174066 0.0541584 0.115391 0.168419 0.168432 0.115454 0.0543708 0.0180218 0.00537999 0.00398343 0.00659434 0.0109777 0.0162106 0.0212431 0.0250455 0.0271625 0.0279358 0.0281381 0.0283238 0.0284461 0.0279952 0.0264467
 1.04875e-16 5.16054e-05 0.000501623 0.00333346 0.0151535 0.0471482 0.100455 0.146624 0.146654 0.100603 0.0476438 0.0165847 0.00692533 0.00833998 0.0149305 0.0245827 0.0353671 0.0443998 0.0487885 0.0472292 0.0408024 0.0322612 0.0243941 0.0187206 0.0152738 0.013232
 1.0933e-16 1.02677e-05 9.98054e-05 0.000663245 0.00301506 0.00938131 0.0199903 0.0291901 0.0292554 0.0203096 0.0104538 0.00611415 0.0084476 0.0171103 0.0323665 0.0536225 0.0775463 0.0981422 0.109265 0.108032 0.0964589 0.0799357 0.063851 0.0510436 0.0415699 0.0341245
 1.28914e-16 1.79657e-05 0.000174633 0.0011605 0.00527548 0.0164141 0.0349726 0.0510472 0.0510648 0.0350589 0.016706 0.006128 0.003336 0.00504182 0.00960893 0.0167674 0.0262865 0.0375397 0.049801 0.0626329 0.075782 0.0885383 0.0991959 0.105327 0.104868 0.0972544
 1.10897e-16 6.77759e-05 0.000658806 0.004378 0.0199017 0.0619217 0.131931 0.192558 0.192565 0.131962 0.0620246 0.0201996 0.00512872 0.00230787 0.00323115 0.00532166 0.00787725 0.0103981 0.0124637 0.0139821 0.0152769 0.0168518 0.0189871 0.0214763 0.0236823 0.0248471
pSPR Fmed_Fpbrs
0.557943   0.285572 0.285572
Fs Fmed_Fpbrs
0.395827   1.005 1.005
SSBpbr Bo_Bmed_Bpbrs
1.63838e+06  832204  385958 385958
Ro
130614
SPR SPRFo_SPRFmed_SPRFpbrs
933618 520905 266615
Fref
1.005
Nvult_r0
 173734 8445.53 3312.53 8884.74 2606.77
CTP_r0
 26230.3 2215.68 869.041 2330.91 683.883
YTP_r0
391428
Np
 198512 77307.6 2933.19 1150.46 3881.16
Nvult_p0
 154329 66897.4 2538.2 995.543 3358.52
CTP_p0
 51614.1 33532.1 1272.27 499.013 1683.45
YTP_p0
 1.03038e+06
CBA_c0
583114
log_Ro
11.6
likeval ReclasPelacesDesembMPH_pf_preclas_ppelaces_ptallas_desvR_qrecl_qpela
 33.7999 37.4899 0.220113 0.00253478 255.476 136.938 109.321 0 43.0286 0 0 0.225707 0 0 0
q_reclas_q_pelaces
1 1
M
1
N
 359922 57526.4 21162.8 7785.36 4530.9
 47738.6 114694 15879.1 5841.6 3399.68
 40561.2 14430.9 28489.5 3944.3 2295.49
 148907 12211.1 3555.31 7018.89 1537.28
 30397.8 36613.6 2006.8 584.288 1406.14
 215642 9598.34 9923.06 543.885 539.448
 46928.1 59033.7 1955.35 2021.5 220.694
 17139.3 8884.17 5751.24 190.496 218.442
 51147.4 5354.92 2357.4 1526.08 108.511
 36320.5 12004.9 801.895 353.018 244.779
 119349 7869.99 1532.14 102.343 76.2944
 139047 39994.1 2402.29 467.68 54.5284
 129017 37412.9 7870.64 472.759 102.768
 64865.4 36216 8013.47 1685.81 123.272
 94044.4 14204.5 4720.84 1044.57 235.819
 409317 24438.4 2607.34 866.546 235.026
 136161 109310 4737.71 505.469 213.555
 526874 43180.3 29883 1295.19 196.566
 519771 159215 10718.6 7417.8 370.295
 159540 150535 36302.1 2443.9 1775.73
 531338 46585 34888.8 8413.55 977.964
 638381 163341 11967.1 8962.5 2412.56
 75047.2 193617 40842.8 2992.33 2844.29
 386556 24810.5 57522.7 12134.2 1734.04
 232489 127265 7310.16 16948.5 4086.15
 100664 77026.9 37973.8 2181.23 6276.37
 329036 33630.9 23370.5 11521.5 2566.1
 395083 106822 9635.32 6695.71 4036.14
 46008.7 132461 32640.5 2944.17 3279.23
 35262.8 15768.1 42292.6 10421.6 1987.02
 251042 11378.7 4463 11970.5 3512.11
pred_Ctot
 30796.6 9293.34 3418.83 1257.72 731.962
 5466.99 24308.6 3365.47 1238.09 720.538
 4734.17 3112.48 6144.65 850.712 495.095
 32249.8 4553.47 1325.76 2617.31 573.247
 2756.57 6246.75 342.386 99.687 239.905
 35722.8 2839.16 2935.21 160.88 159.567
 15185.8 30401.6 1006.98 1041.05 113.655
 1654.74 1607.26 1040.48 34.4633 39.519
 12136.4 2155.18 948.773 614.196 43.6719
 9847.21 5385.57 359.742 158.369 109.811
 6773.1 859.962 167.418 11.1831 8.33676
 24216.1 12362.4 742.56 144.562 16.855
 19755 10319.9 2171.03 130.405 28.3474
 17304.1 16037.5 3548.6 746.528 54.5886
 17954.7 4756.08 1580.68 349.755 78.9591
 72780.5 7692.45 820.712 272.762 73.9791
 12018.7 18183.2 788.096 84.0824 35.5239
 60432.6 9165.1 6342.72 274.906 41.7214
 71270.5 39772.8 2677.55 1853.01 92.5016
 21197.4 36546.6 8813.34 593.325 431.109
 56018.3 9147 6850.45 1652.01 192.024
 71969.7 34122.7 2499.98 1872.31 503.995
 4849.61 23962.5 5054.81 370.339 352.017
 25905.9 3179.3 7371.16 1554.92 222.206
 14732.8 15458.9 887.963 2058.73 496.343
 5890.41 8668.24 4273.4 245.465 706.313
 24691.3 4799.27 3335.07 1644.17 366.193
 22302.5 11613.1 1047.5 727.923 438.788
 2000.51 11189.7 2757.31 248.709 277.013
 2768.01 2348.23 6298.33 1552.01 295.913
 26230.3 2215.68 869.041 2330.91 683.883
F
 0.14362 0.287239 0.287239 0.287239 0.287239
 0.196367 0.392733 0.392733 0.392733 0.392733
 0.200465 0.400931 0.400931 0.400931 0.400931
 0.402903 0.805805 0.805805 0.805805 0.805805
 0.152779 0.305558 0.305558 0.305558 0.305558
 0.29551 0.59102 0.59102 0.59102 0.59102
 0.664346 1.32869 1.32869 1.32869 1.32869
 0.163356 0.326713 0.326713 0.326713 0.326713
 0.449397 0.898794 0.898794 0.898794 0.898794
 0.529326 1.05865 1.05865 1.05865 1.05865
 0.0933172 0.186634 0.186634 0.186634 0.186634
 0.312796 0.625592 0.625592 0.625592 0.625592
 0.270446 0.540891 0.540891 0.540891 0.540891
 0.518757 1.03751 1.03751 1.03751 1.03751
 0.347613 0.695226 0.695226 0.695226 0.695226
 0.3203 0.6406 0.6406 0.6406 0.6406
 0.148449 0.296899 0.296899 0.296899 0.296899
 0.196704 0.393408 0.393408 0.393408 0.393408
 0.239191 0.478382 0.478382 0.478382 0.478382
 0.231016 0.462031 0.462031 0.462031 0.462031
 0.179558 0.359116 0.359116 0.359116 0.359116
 0.193055 0.386109 0.386109 0.386109 0.386109
 0.10685 0.2137 0.2137 0.2137 0.2137
 0.111001 0.222002 0.222002 0.222002 0.222002
 0.104689 0.209377 0.209377 0.209377 0.209377
 0.0963392 0.192678 0.192678 0.192678 0.192678
 0.125005 0.25001 0.25001 0.25001 0.25001
 0.0928038 0.185608 0.185608 0.185608 0.185608
 0.0708394 0.141679 0.141679 0.141679 0.141679
 0.131085 0.26217 0.26217 0.26217 0.26217
 0.177828 0.355655 0.355655 0.355655 0.355655
nmprior
 8.19 8.8 8.5 0
nm_flota  nm_reclas  nm_pelaces    nm_pelaL
inf 6.8486 7.23505 13.1001
cv_recla  cv_pelaces  cv_mph
0.525875 0.694272 1.55373
 ------------------------------------------------
Talla a la edad & desviaci?n 
 8 13.2811 15.8009 17.003 17.5766
 0.8 1.32811 1.58009 1.7003 1.75766
