years
 1991 1992 1993 1994 1995 1996 1997 1998 1999 2000 2001 2002 2003 2004 2005 2006 2007 2008 2009 2010 2011 2012 2013 2014 2015 2016 2017 2018 2019 2020 2021
reclasobs
 0 0 0 0 0 0 0 0 0 252601 567819 844713 477998 351125 339783 2.1784e+06 2.13404e+06 4.81314e+06 1.55562e+06 2.62356e+06 3.21686e+06 3.843e+06 1.13348e+06 3.07943e+06 1.97215e+06 2.03268e+06 2.025e+06 2.42433e+06 2.27542e+06 1.05018e+06 2.36338e+06
reclaspred
 2.7733e+06 1.10939e+06 566701 294652 72566.6 1.19112e+06 546820 242237 52925.3 171480 294532 484563 440188 303428 244579 1.18393e+06 849287 3.1564e+06 2.4049e+06 1.24343e+06 2.46156e+06 2.24226e+06 1.39151e+06 2.55594e+06 1.73354e+06 1.17162e+06 1.7205e+06 2.34562e+06 1.75281e+06 763514 1.07502e+06
pelacesobs
 0 0 0 0 0 0 0 0 0 0 0 0 0 0 0 552880 188675 0 991730 2.46772e+06 1.41603e+06 1.21717e+06 2.29649e+06 1.80582e+06 0 1.4828e+06 1.56532e+06 1.57751e+06 1.42118e+06 867257 1.10002e+06
pelacespred
 1.35211e+06 574974 262145 88089 23165 536679 200348 115979 12560.2 65089 130334 181776 181128 123584 100491 454399 327114 1.48965e+06 1.12145e+06 559145 1.06625e+06 987404 616666 1.29068e+06 837161 560183 947401 1.25746e+06 781950 400479 522490
mphobs
 0 0 0 0 0 0 0 0 0 0 0 498337 0 5186 125008 0 168611 109162 213762 579715 649985 157893 87575 83554 0 0 0 0 0 0 0
mphpred
 2.91434e+06 1.46333e+06 448130 300377 97376.9 23933.1 671611 241724 87119.3 8273.08 69058.9 197350 250110 180393 94961.5 101006 757351 490755 1.86708e+06 1.19753e+06 830317 1.26542e+06 1.3304e+06 837664 1.4353e+06 1.02048e+06 629926 891748 1.63214e+06 925266 369092
desembarqueobs
 494567 514787 250237 358949 120608 361735 552515 73892 212993 205616 52469 317467 293654 387597 252695 516296 358380 742168 942051 627588 828172 859565 418607 520667 417249 300574 407403 355545 319650 289779 391294
desembarquepred
 494541 515058 249351 358870 120553 361592 551895 73872.7 212692 205479 52463.9 317275 293449 387118 252484 516021 358286 741857 941131 626836 827811 859010 418437 520531 417069 300433 407251 355435 319532 289619 391149
Reclutas
 22242.5 14161.5 177932 18711.1 7827.44 347268 16782.8 4260.13 10717 74542.3 74408.3 136592 91505.6 68631 52740.4 442819 22025.5 854694 309773 137602 435604 588192 29744 340638 204046 53763.1 267207 351138 33292 16584.9 181932
log_desv_Rt
 -1.25941 -1.71089 0.819988 -1.4323 -2.30378 1.48868 -1.54106 -2.91211 -1.98958 -0.0500475 -0.0518468 0.555581 0.154985 -0.132671 -0.396033 1.73175 -1.26921 2.38933 1.37442 0.562949 1.71532 2.01564 -0.968786 1.4694 0.956932 -0.376828 1.22661 1.49976 -0.856096 -1.55292 0.842219
SSB
 2.91434e+06 1.46333e+06 448130 300377 97376.9 23933.1 671611 241724 87119.3 8273.08 69058.9 197350 250110 180393 94961.5 101006 757351 490755 1.86708e+06 1.19753e+06 830317 1.26542e+06 1.3304e+06 837664 1.4353e+06 1.02048e+06 629926 891748 1.63214e+06 925266 369092
BT
 3.56725e+06 1.88032e+06 848791 475049 161833 1.55761e+06 951457 336732 233989 347192 343992 680553 682623 688295 484323 1.45622e+06 1.03714e+06 4.10406e+06 3.4754e+06 1.88947e+06 3.16439e+06 3.05056e+06 1.78571e+06 3.46997e+06 2.32093e+06 1.5687e+06 2.61304e+06 3.25081e+06 2.0692e+06 1.23079e+06 1.58835e+06
Ftot
 0.169219 0.429022 0.438409 1.05096 1.36935 0.3337 0.883556 0.28947 2.67412 1.19333 0.191482 0.653509 0.651461 1.1858 1.00901 0.468532 0.395639 0.25419 0.382297 0.481854 0.34653 0.387928 0.284765 0.214787 0.237587 0.248547 0.249303 0.16084 0.173734 0.356376 0.381153
BD_Bspro_t
 0.973288 0.788978 0.51834 0.450086 0.183917 0.073544 0.571801 0.28535 0.16321 0.0267363 0.215016 0.497688 0.415968 0.305808 0.186239 0.203105 0.528397 0.417424 0.66457 0.526492 0.40273 0.503624 0.538717 0.46451 0.625156 0.60256 0.552817 0.661215 0.761585 0.64621 0.476237
BD_Bspro
 5.20262 2.6123 0.799993 0.536227 0.173835 0.0427248 1.19894 0.43152 0.155524 0.0147689 0.123282 0.352305 0.44649 0.322033 0.169523 0.180314 1.35201 0.876086 3.33307 2.13781 1.48226 2.25901 2.37499 1.49538 2.56227 1.82174 1.12453 1.59193 2.91366 1.65176 0.658895
BD_Bo
 1.63278 0.81984 0.251068 0.168289 0.0545562 0.0134087 0.376275 0.135428 0.0488093 0.00463505 0.0386907 0.110567 0.140126 0.101066 0.0532029 0.0565895 0.424312 0.274949 1.04604 0.670926 0.465192 0.708963 0.745364 0.469307 0.804138 0.571731 0.352921 0.499608 0.914418 0.518387 0.206786
BD_Brms
 10.7843 5.41491 1.65827 1.11152 0.360335 0.0885623 2.48523 0.894477 0.322377 0.0306138 0.255546 0.730275 0.925508 0.667527 0.351396 0.373764 2.80251 1.816 6.90895 4.43136 3.07251 4.68259 4.92301 3.0997 5.3112 3.77619 2.33098 3.29983 6.03959 3.42386 1.36579
Sel_flota
 0.847445 1 1 1 1
 0.847445 1 1 1 1
 0.847445 1 1 1 1
 0.847445 1 1 1 1
 0.847445 1 1 1 1
 0.847445 1 1 1 1
 0.847445 1 1 1 1
 0.847445 1 1 1 1
 0.847445 1 1 1 1
 0.847445 1 1 1 1
 0.847445 1 1 1 1
 0.847445 1 1 1 1
 0.847445 1 1 1 1
 0.847445 1 1 1 1
 0.847445 1 1 1 1
 0.847445 1 1 1 1
 0.847445 1 1 1 1
 0.847445 1 1 1 1
 0.847445 1 1 1 1
 0.847445 1 1 1 1
 0.847445 1 1 1 1
 0.847445 1 1 1 1
 0.847445 1 1 1 1
 0.847445 1 1 1 1
 0.847445 1 1 1 1
 0.847445 1 1 1 1
 0.847445 1 1 1 1
 0.847445 1 1 1 1
 0.847445 1 1 1 1
 0.847445 1 1 1 1
 0.847445 1 1 1 1
Sel_reclas
 1 1 1 1 1
 1 1 1 1 1
 1 1 1 1 1
 1 1 1 1 1
 1 1 1 1 1
 1 1 1 1 1
 1 1 1 1 1
 1 1 1 1 1
 1 1 1 1 1
 1 1 1 1 1
 1 1 1 1 1
 1 1 1 1 1
 1 1 1 1 1
 1 1 1 1 1
 1 1 1 1 1
 1 1 1 1 1
 1 1 1 1 1
 1 1 1 1 1
 1 1 1 1 1
 1 1 1 1 1
 1 1 1 1 1
 1 1 1 1 1
 1 1 1 1 1
 1 1 1 1 1
 1 1 1 1 1
 1 1 1 1 1
 1 1 1 1 1
 1 1 1 1 1
 1 1 1 1 1
 1 1 1 1 1
 1 1 1 1 1
Sel_pelaces
 1 1 1 1 1
 1 1 1 1 1
 1 1 1 1 1
 1 1 1 1 1
 1 1 1 1 1
 1 1 1 1 1
 1 1 1 1 1
 1 1 1 1 1
 1 1 1 1 1
 1 1 1 1 1
 1 1 1 1 1
 1 1 1 1 1
 1 1 1 1 1
 1 1 1 1 1
 1 1 1 1 1
 1 1 1 1 1
 1 1 1 1 1
 1 1 1 1 1
 1 1 1 1 1
 1 1 1 1 1
 1 1 1 1 1
 1 1 1 1 1
 1 1 1 1 1
 1 1 1 1 1
 1 1 1 1 1
 1 1 1 1 1
 1 1 1 1 1
 1 1 1 1 1
 1 1 1 1 1
 1 1 1 1 1
 1 1 1 1 1
pf_obs 
 0.8446 0.082 0.0669 0.0065 0
 0.8095 0.147 0.0364 0.0071 0
 0.9664 0.0169 0.016 0.0007 0
 0.9276 0.0648 0.0075 0.0001 0
 0.7033 0.2144 0.0806 0.0017 0
 0.9318 0.0425 0.0243 0.0014 0
 0.5671 0.3108 0.0964 0.0239 0.0018
 0.0768 0.2599 0.5324 0.112 0.0189
 0.490249 0.384438 0.106611 0.0170017 0.00170017
 0.7925 0.1577 0.0466 0.003 0.0002
 0.840416 0.127587 0.0312969 0.00059994 9.999e-05
 0.8084 0.0986 0.0794 0.0134 0.0002
 0.7335 0.1905 0.0724 0.0035 0.0001
 0.4001 0.4547 0.1325 0.0127 0
 0.49795 0.308269 0.164784 0.0264974 0.00249975
 0.9179 0.0499 0.0305 0.0017 0
 0.2467 0.6533 0.0926 0.0074 0
 0.9418 0.0223 0.034 0.0019 0
 0.707729 0.231977 0.0356964 0.0245975 0
 0.517169 0.277429 0.184464 0.0207286 0.00020938
 0.811772 0.124168 0.05621 0.00726502 0.000585176
 0.764997 0.148141 0.077277 0.00933861 0.000247198
 0.163321 0.427699 0.378323 0.0303852 0.000271297
 0.753843 0.0900009 0.118128 0.0371064 0.000921714
 0.721811 0.176058 0.0630433 0.0369309 0.00215725
 0.143369 0.312575 0.442814 0.0836902 0.0175525
 0.692698 0.0596174 0.167031 0.0765114 0.00414204
 0.394062 0.376323 0.152708 0.0712218 0.00568511
 0.125707 0.32114 0.495352 0.0537591 0.00404204
 0.23352 0.215282 0.420074 0.123614 0.00750983
 0.774587 0.0839891 0.0768558 0.0609784 0.00358967
pf_pred 
 0.0946881 0.228302 0.601257 0.0757444 8.2131e-06
 0.162036 0.0933243 0.187784 0.494547 0.0623083
 0.891306 0.0208616 0.00978195 0.0196829 0.0583678
 0.252473 0.68007 0.012947 0.00607081 0.0484393
 0.435408 0.173231 0.356044 0.00677829 0.0285383
 0.994161 0.00298759 0.000874951 0.0017983 0.000178376
 0.133628 0.862211 0.00212907 0.000623524 0.00140866
 0.172455 0.13706 0.687168 0.00169684 0.00161961
 0.623742 0.0758628 0.0497523 0.249439 0.00120386
 0.991684 0.00603741 0.000459406 0.000301288 0.00151783
 0.864066 0.135083 0.000617637 4.6998e-05 0.000186099
 0.820261 0.158918 0.020691 9.46045e-05 3.57038e-05
 0.703469 0.252491 0.0389384 0.00506973 3.19283e-05
 0.704843 0.220991 0.0631506 0.0097389 0.00127598
 0.795101 0.155845 0.036728 0.0104954 0.00183064
 0.975024 0.0208561 0.00313358 0.000738493 0.000247841
 0.14598 0.83664 0.0145131 0.00218057 0.00068636
 0.956464 0.00753419 0.0352689 0.000611805 0.000120856
 0.50519 0.47684 0.00310986 0.0145578 0.000302418
 0.446901 0.307099 0.237066 0.0015461 0.00738793
 0.848339 0.0757409 0.0421531 0.0325403 0.00122631
 0.788289 0.184624 0.0135277 0.00752876 0.00603089
 0.11895 0.72245 0.138308 0.0101341 0.010158
 0.82707 0.0243059 0.12187 0.0233311 0.00342306
 0.588638 0.350467 0.00855902 0.042915 0.00942114
 0.323028 0.428598 0.211606 0.0051678 0.0315997
 0.839866 0.0585273 0.064328 0.0317598 0.00551841
 0.765348 0.202647 0.0116974 0.0128567 0.00745051
 0.167657 0.66266 0.14654 0.00845874 0.0146848
 0.208974 0.153854 0.507277 0.112179 0.0177167
 0.894963 0.0255963 0.0154511 0.0509442 0.013045
pobs_RECLAS
 0 0 0 0 0
 0 0 0 0 0
 0 0 0 0 0
 0 0 0 0 0
 0 0 0 0 0
 0 0 0 0 0
 0 0 0 0 0
 0 0 0 0 0
 0 0 0 0 0
 0 0 0 0 0
 0.991045 0.00858322 0.000360255 1.14367e-05 0
 0.934742 0.0480273 0.0164251 0.00080598 0
 0.827803 0.169806 0.00239088 0 0
 0.941827 0.0461693 0.0120037 0 0
 0.791401 0.0380133 0.147996 0.0225897 0
 0.846168 0.0940531 0.0597789 0 0
 0.134021 0.677848 0.182769 0.00536245 0
 0.80878 0.0450904 0.141981 0.00414843 0
 0.846168 0.0940531 0.0597789 0 0
 0.905697 0.0802665 0.012482 0.00150086 5.37128e-05
 0.989698 0.0102097 9.19794e-05 0 0
 0.975433 0.0193895 0.00387452 0.00125025 5.28907e-05
 0.303575 0.632131 0.0575291 0.00676475 0
 0.966965 0.00978017 0.0227588 0.000495775 0
 0.843318 0.132988 0.00938335 0.0141283 0.000182051
 0.564624 0.303363 0.111486 0.0197234 0.00080311
 0.826376 0.0876187 0.0782897 0.00655872 0.00115652
 0.89761 0.0855135 0.0140674 0.00269457 0.000114338
 0.34875 0.467042 0.161289 0.0227151 0.000203297
 0.318654 0.224769 0.449479 0.00709798 0
 0.937255 0.0296025 0.0250945 0.00804832 0
ppred_RECLAS
 0.110099 0.224416 0.591022 0.074455 8.07329e-06
 0.186905 0.0905546 0.182211 0.47987 0.0604591
 0.906976 0.017854 0.00837167 0.0168452 0.0499528
 0.290044 0.645889 0.0122963 0.00576568 0.0460047
 0.485536 0.157851 0.324433 0.00617647 0.0260045
 0.995074 0.0025205 0.000738158 0.00151715 0.000150488
 0.156518 0.839431 0.00207282 0.00060705 0.00137144
 0.198094 0.132814 0.665879 0.00164427 0.00156944
 0.683623 0.0637894 0.0418343 0.209741 0.00101227
 0.993149 0.00497367 0.000378463 0.000248203 0.0012504
 0.882654 0.116611 0.000533177 4.05712e-05 0.000160651
 0.845068 0.136985 0.0178353 8.15475e-05 3.07761e-05
 0.739261 0.222014 0.0342384 0.0044578 2.80745e-05
 0.743738 0.19187 0.0548288 0.00845554 0.00110783
 0.824168 0.133737 0.0315178 0.00900654 0.00157094
 0.978924 0.0175992 0.00264424 0.000623169 0.000209138
 0.168781 0.814303 0.0141256 0.00212235 0.000668035
 0.962998 0.00640345 0.0299757 0.000519985 0.000102718
 0.54802 0.435565 0.00284067 0.0132977 0.000276241
 0.490223 0.283045 0.218498 0.001425 0.00680926
 0.869077 0.0653845 0.0363893 0.0280909 0.00105863
 0.815579 0.160826 0.011784 0.00655831 0.00525351
 0.13795 0.70687 0.135325 0.00991553 0.00993894
 0.849889 0.0210986 0.105789 0.0202525 0.00297138
 0.628891 0.316173 0.00772149 0.0387156 0.00849925
 0.361105 0.404491 0.199704 0.00487713 0.0298223
 0.861352 0.0506744 0.0556967 0.0274984 0.00477797
 0.794139 0.177783 0.0102622 0.0112793 0.00653637
 0.192431 0.642936 0.142178 0.00820696 0.0142477
 0.238714 0.148069 0.488204 0.107961 0.0170506
 0.91006 0.0219175 0.0132304 0.0436223 0.0111701
pobs_PELACES
 0 0 0 0 0
 0 0 0 0 0
 0 0 0 0 0
 0 0 0 0 0
 0 0 0 0 0
 0 0 0 0 0
 0 0 0 0 0
 0 0 0 0 0
 0 0 0 0 0
 0 0 0 0 0
 0 0 0 0 0
 0 0 0 0 0
 0 0 0 0 0
 0 0 0 0 0
 0 0 0 0 0
 0 0 0 0 0
 0.505614 0.472636 0.0217494 0 0
 0 0 0 0 0
 0.443492 0.261883 0.143347 0.151278 0
 0.227955 0.32914 0.350689 0.0885471 0.00366901
 0.970185 0.0296113 0.000203453 0 0
 0.997202 0.00247181 0.000326279 0 0
 0.445219 0.490057 0.0546422 0.010081 0
 0.90214 0.0892962 0.00764917 0.000914606 0
 0 0 0 0 0
 0.581667 0.319106 0.0959925 0.00289975 0.000334073
 0.762889 0.0836404 0.116647 0.0363945 0.000428098
 0.88444 0.0763242 0.0277011 0.0115352 0
 0.521256 0.241999 0.230069 0.00667565 0
 0.616807 0.101726 0.260614 0.0208532 0
 0.833518 0.0704572 0.0857862 0.0102388 0
ppred_PELACES
 0.110937 0.224205 0.590466 0.074385 8.06569e-06
 0.19021 0.0901866 0.18147 0.47792 0.0602134
 0.908822 0.0174998 0.00820559 0.016511 0.0489618
 0.301059 0.635868 0.0121055 0.00567623 0.045291
 0.502766 0.152564 0.313567 0.00596961 0.0251336
 0.995155 0.00247871 0.000725921 0.001492 0.000147993
 0.16248 0.833497 0.00205817 0.000602759 0.00136174
 0.200419 0.132429 0.663948 0.0016395 0.00156489
 0.711995 0.0580688 0.0380826 0.190932 0.000921486
 0.993546 0.00468554 0.000356538 0.000233825 0.00117797
 0.883649 0.115623 0.000528658 4.02273e-05 0.000159289
 0.849326 0.133219 0.017345 7.93059e-05 2.99301e-05
 0.745533 0.216674 0.0334148 0.00435057 2.73992e-05
 0.754949 0.183476 0.0524301 0.00808562 0.00105937
 0.831409 0.12823 0.0302199 0.00863566 0.00150625
 0.979405 0.0171973 0.00258387 0.000608941 0.000204363
 0.171594 0.811547 0.0140778 0.00211517 0.000665774
 0.963451 0.006325 0.0296085 0.000513615 0.00010146
 0.552783 0.430975 0.00281074 0.0131576 0.00027333
 0.496287 0.279678 0.215899 0.00140805 0.00672827
 0.871049 0.0643996 0.0358412 0.0276678 0.00104268
 0.818498 0.15828 0.0115975 0.00645449 0.00517035
 0.139664 0.705465 0.135056 0.00989582 0.00991918
 0.851263 0.0209055 0.10482 0.0200671 0.00294417
 0.631678 0.313798 0.0076635 0.0384248 0.00843542
 0.363997 0.40266 0.1988 0.00485505 0.0296874
 0.862845 0.050129 0.0550974 0.0272025 0.00472655
 0.79546 0.176643 0.0101963 0.0112069 0.00649444
 0.193794 0.641851 0.141938 0.00819311 0.0142236
 0.24199 0.147432 0.486104 0.107497 0.0169773
 0.911618 0.0215378 0.0130011 0.0428665 0.0109766
pobs_pel_tallas
 0 0 0 0 0 0 0 0 0 0 0 0 0 0 0 0 0 0 0 0 0 0 0 0 0 0
 0 0 0 0 0 0 0 0 0 0 0 0 0 0 0 0 0 0 0 0 0 0 0 0 0 0
 0 0 0 0 0 0 0 0 0 0 0 0 0 0 0 0 0 0 0 0 0 0 0 0 0 0
 0 0 0 0 0 0 0 0 0 0 0 0 0 0 0 0 0 0 0 0 0 0 0 0 0 0
 0 0 0 0 0 0 0 0 0 0 0 0 0 0 0 0 0 0 0 0 0 0 0 0 0 0
 0 0 0 0 0 0 0 0 0 0 0 0 0 0 0 0 0 0 0 0 0 0 0 0 0 0
 0 0 0 0 0 0 0 0 0 0 0 0 0 0 0 0 0 0 0 0 0 0 0 0 0 0
 0 0 0 0 0 0 0 0 0 0 0 0 0 0 0 0 0 0 0 0 0 0 0 0 0 0
 0 0 0 0 0 0 0 0 0 0 0 0 0 0 0 0 0 0 0 0 0 0 0 0 0 0
 0 0 0 0 0 0 0 0 0 0 0 0 0 0 0 0 0 0 0 0 0 0 0 0 0 0
 0 0 0 0 0 0 0 0 0 0 0 0 0 0 0 0 0 0 0 0 0 0 0 0 0 0
 0 0 0 0 0 0 0 0 0 0 0 0 0 0 0 0 0 0 0 0 0 0 0 0 0 0
 0.00862536 0 0 0.000197151 0.00414017 0.0128641 0.00837892 0.0270097 0.101434 0.158115 0.152841 0.127902 0.109271 0.109419 0.0830992 0.0579132 0.0238553 0.00714673 0.00463305 0.00128148 0.00103504 0.000492878 0.000147863 0.000147863 4.92878e-05 0
 0 0 0 0 0 0 0 0 0 0 0 0 0 0 0 0 0 0 0 0 0 0 0 0 0 0
 0 0 0 0 0 0 0 0.0054083 0.00873648 0.0413646 0.0450493 0.0745869 0.0622846 0.0627006 0.0613931 0.0827291 0.12552 0.122667 0.0946155 0.0697135 0.0546179 0.0294188 0.0215738 0.0213955 0.0102223 0.00600262
 0 0 0 0 0.00359764 0.0251062 0.0480494 0.140153 0.205849 0.193036 0.1447 0.116669 0.0760912 0.0342217 0.00950174 0.001854 0.000860785 0 0 0 0.000165536 0 0.000143464 0 0 0
 0 0 0 0 0 0 0 0.000145254 0.000435761 0.0275982 0.070085 0.0708112 0.156366 0.174668 0.174014 0.160142 0.0824315 0.0480064 0.0283245 0.00493863 0.00203355 0 0 0 0 0
 0 0 0 0 0 0 0 0 0 0 0 0 0 0 0 0 0 0 0 0 0 0 0 0 0 0
 0 0 1.00437e-05 0.000401748 0.00122533 0.00171747 0.00176769 0.0269171 0.070346 0.194647 0.189555 0.159765 0.064822 0.0314167 0.0384472 0.0292271 0.0345202 0.0313363 0.0194345 0.0106764 0.0143323 0.0359363 0.0279516 0.0138201 0.00172751 0
 0 0.0021121 0.0136068 0.0755702 0.200478 0.177729 0.0527432 0.0373336 0.0318909 0.0142505 0.0149659 0.0166563 0.0217959 0.0798694 0.0677717 0.0528807 0.04013 0.0224614 0.0357745 0.0225083 0.00881397 0.00855152 0.00135912 0.000746735 0 0
 0 0 0 0 5.4009e-05 0.00500934 0.000945158 0.0243581 0.138947 0.33067 0.221406 0.137944 0.0707744 0.0437923 0.0131692 0.00525238 0.0047753 0.00276346 9.45158e-05 9.00151e-06 2.25038e-05 9.00151e-06 4.50075e-06 0 0 0
 0.000866109 0.00284123 0.00948549 0.0512746 0.133035 0.25785 0.225252 0.132002 0.0553304 0.0519788 0.0540692 0.017754 0.00435017 0.00159236 0.00146478 0.000404838 0.000125132 0.000115318 0.000107957 0.000100596 0 0 0 0 0 0
 0 0 0 0 0.00144013 0.00171154 0.00461396 0.0210425 0.0478622 0.0707936 0.0888783 0.103762 0.0637923 0.0337046 0.0602308 0.124433 0.169614 0.0934646 0.0462172 0.0250306 0.0313229 0.00938855 0.002487 0.000210481 0 0
 0 0.00764035 0.051015 0.0998891 0.058973 0.0496711 0.0374665 0.0718981 0.12319 0.153886 0.159021 0.0857701 0.0377988 0.023471 0.0147837 0.00900784 0.00315554 0.000888139 0.00291439 0.00214683 0.00393193 0.00274676 0.000635225 9.99891e-05 0 0
 0 0 0 0 0 0 0 0 0 0 0 0 0 0 0 0 0 0 0 0 0 0 0 0 0 0
 0 0 0 0 0 0 0 0 0 0 0 0 0 0 0 0 0 0 0 0 0 0 0 0 0 0
 0 0 0 0 0 0 0 0 0 0 0 0 0 0 0 0 0 0 0 0 0 0 0 0 0 0
 0 0 0 0 0 0 0 0 0 0 0 0 0 0 0 0 0 0 0 0 0 0 0 0 0 0
 0 0 0 0 0 0 0 0 0 0 0 0 0 0 0 0 0 0 0 0 0 0 0 0 0 0
 0 0 0 0 0 0 0 0 0 0 0 0 0 0 0 0 0 0 0 0 0 0 0 0 0 0
 0 0 0 0 0 0 0 0 0 0 0 0 0 0 0 0 0 0 0 0 0 0 0 0 0 0
ppred_pel_tallas
 1.24558e-16 9.13776e-06 8.88223e-05 0.000590256 0.00268323 0.00834866 0.0177885 0.0259676 0.0259901 0.0178989 0.00872169 0.003772 0.00336589 0.00628927 0.0121986 0.021231 0.0330952 0.0468527 0.0613733 0.0758749 0.0898674 0.102439 0.111664 0.11499 0.110538 0.0983625
 1.63379e-16 1.56673e-05 0.000152292 0.00101204 0.00460057 0.0143141 0.0304981 0.0445148 0.0445239 0.030543 0.0144661 0.00504571 0.00215352 0.00272673 0.00515669 0.00918839 0.0149296 0.022547 0.032438 0.0453685 0.0621575 0.0828611 0.105928 0.128004 0.144713 0.152142
 1.10183e-16 7.48585e-05 0.000727651 0.0048355 0.0219815 0.0683925 0.145718 0.212679 0.212681 0.145726 0.0684207 0.0220633 0.00504231 0.00118429 0.000958378 0.00151205 0.00228936 0.00315526 0.00406348 0.00508401 0.00640705 0.00824275 0.0106614 0.0134756 0.0162412 0.0183833
 1.08746e-16 2.4798e-05 0.000241045 0.00160183 0.00728174 0.0226565 0.0482744 0.0704707 0.0705318 0.0485732 0.0236596 0.0101775 0.00886493 0.0160783 0.0300497 0.0495031 0.0709971 0.0886453 0.0964952 0.091876 0.0770812 0.0579569 0.0405401 0.0282989 0.0215396 0.0185807
 1.1394e-16 4.14122e-05 0.000402541 0.00267503 0.0121603 0.0378353 0.0806127 0.11766 0.117675 0.080687 0.0380861 0.0128904 0.00452954 0.00452325 0.00807893 0.0138414 0.0212159 0.029344 0.0372839 0.0444597 0.0507344 0.0559745 0.0595656 0.0604545 0.05777 0.051499
 1.00197e-16 8.19696e-05 0.000796774 0.00529484 0.0240696 0.0748894 0.15956 0.232882 0.232883 0.159561 0.0748934 0.024081 0.00532353 0.000859616 0.000201966 0.000205925 0.000293043 0.00037808 0.000436565 0.000460931 0.000460854 0.000455755 0.000460935 0.000477928 0.000495245 0.000496943
 1.00564e-16 1.33835e-05 0.000130092 0.000864512 0.00393 0.0122281 0.0260562 0.0380466 0.0381268 0.0264478 0.0135422 0.00772302 0.0103763 0.0208636 0.0392997 0.0647121 0.0926625 0.115355 0.124858 0.117523 0.0962334 0.0686144 0.0426908 0.023305 0.0113218 0.00507572
 1.19624e-16 1.65083e-05 0.000160466 0.00106635 0.0048475 0.0150824 0.0321353 0.0469052 0.046919 0.0322029 0.0153126 0.00552491 0.00281424 0.00413284 0.00801837 0.0144182 0.023522 0.0352816 0.049415 0.0653978 0.082134 0.0974992 0.108384 0.111667 0.105718 0.091424
 1.20418e-16 5.86461e-05 0.000570061 0.00378826 0.0172209 0.0535806 0.114159 0.16662 0.166626 0.114187 0.0536748 0.0174947 0.00448225 0.00210766 0.00304864 0.00514088 0.00788452 0.0110116 0.0143786 0.0181397 0.0227214 0.0284788 0.0352328 0.0420439 0.0474281 0.0499211
 1.00235e-16 8.18371e-05 0.000795486 0.00528628 0.0240307 0.0747683 0.159302 0.232506 0.232506 0.159304 0.0747757 0.0240521 0.00533996 0.000912657 0.000304357 0.000373667 0.000530589 0.00066812 0.000739623 0.000727516 0.000650479 0.00055181 0.000473704 0.000436495 0.000434835 0.000447923
 1.00076e-16 7.2785e-05 0.000707496 0.00470156 0.0213726 0.0664982 0.141682 0.206791 0.206802 0.141736 0.0666805 0.0218988 0.00602112 0.00358389 0.00552319 0.00898324 0.0128573 0.0160076 0.0173298 0.0163174 0.0133696 0.00954309 0.00594939 0.00325922 0.0015924 0.000718914
 1.00548e-16 6.99579e-05 0.000680016 0.00451895 0.0205425 0.0639153 0.136179 0.19876 0.198773 0.136242 0.0641259 0.0211506 0.00604528 0.00401123 0.00639415 0.0104535 0.0150353 0.0188699 0.0207101 0.0199734 0.0170801 0.013163 0.00939236 0.00644352 0.00441116 0.00306104
 1.01461e-16 6.14086e-05 0.000596914 0.0039667 0.0180321 0.0561046 0.119537 0.174473 0.174494 0.11964 0.0564473 0.0190219 0.00645145 0.00602146 0.0103645 0.0170393 0.0245432 0.0308678 0.0340031 0.0330113 0.0285706 0.0224975 0.0166503 0.0120736 0.00887623 0.00665531
 1.02551e-16 6.21842e-05 0.000604453 0.0040168 0.0182598 0.0568131 0.121047 0.176675 0.176693 0.121134 0.0571041 0.0191008 0.0061299 0.00522393 0.0088546 0.0145899 0.0211269 0.0268075 0.0299744 0.0298466 0.0269517 0.0227086 0.0185204 0.015103 0.0124451 0.0102068
 1.02026e-16 6.8482e-05 0.00066567 0.00442361 0.0201091 0.0625669 0.133306 0.194567 0.194579 0.133366 0.0627701 0.0206963 0.00589847 0.00388861 0.00619916 0.0101656 0.0146974 0.0186085 0.0207368 0.0205439 0.0184205 0.0153921 0.0124741 0.0101855 0.00850785 0.0071635
 1.00175e-16 8.06723e-05 0.000784164 0.00521104 0.0236887 0.0737042 0.157035 0.229197 0.229199 0.157043 0.0737314 0.0237672 0.00540827 0.00121475 0.000898553 0.00135811 0.00194926 0.00245245 0.00270431 0.00263118 0.00228797 0.0018196 0.00137332 0.00103038 0.000796275 0.000635197
 1.00939e-16 1.41341e-05 0.000137389 0.000913002 0.00415042 0.0129139 0.0275174 0.0401788 0.0402568 0.0278987 0.0141938 0.00784495 0.0101787 0.0203376 0.0382988 0.0630854 0.0903874 0.112636 0.122129 0.115315 0.0949757 0.0684723 0.043535 0.0248019 0.0130759 0.00675133
 1.00925e-16 7.93582e-05 0.00077139 0.00512616 0.0233028 0.0725036 0.154477 0.225463 0.225464 0.15448 0.0725145 0.0233349 0.00520893 0.000959098 0.000456329 0.000681998 0.00109806 0.00163623 0.00227606 0.00299309 0.00374069 0.00442804 0.00491943 0.00507554 0.00482059 0.00418982
 1.01558e-16 4.55321e-05 0.000442588 0.00294116 0.0133701 0.0415995 0.0886337 0.129372 0.129414 0.0888362 0.0422792 0.0153319 0.00786119 0.0111686 0.0203739 0.0335 0.047997 0.0598226 0.0648992 0.0613664 0.0507311 0.0369273 0.0240599 0.0145532 0.00875561 0.00571816
 1.07582e-16 4.08785e-05 0.000397354 0.00264056 0.0120036 0.0373478 0.0795745 0.116147 0.116174 0.0797076 0.0377957 0.0133007 0.00590933 0.00757557 0.0137975 0.0230667 0.0339684 0.0442544 0.0515898 0.0547829 0.0543129 0.0516673 0.0481151 0.0439973 0.0389879 0.0328449
 1.04002e-16 7.17472e-05 0.000697408 0.00463452 0.0210679 0.06555 0.139661 0.203841 0.203847 0.139692 0.0656529 0.0213657 0.00538477 0.00234381 0.00322417 0.00528483 0.00776887 0.0101193 0.0118245 0.0126654 0.0128286 0.0127273 0.0126755 0.0126835 0.01251 0.0118774
 1.01898e-16 6.74186e-05 0.000655333 0.00435492 0.0197968 0.0615954 0.131236 0.191546 0.191561 0.131311 0.0618454 0.0205186 0.00616604 0.00460668 0.00756498 0.0123824 0.0177914 0.0222934 0.0244149 0.0234881 0.020057 0.0155226 0.0113184 0.00824842 0.00636786 0.00529009
 1.06749e-16 1.15041e-05 0.000111824 0.00074311 0.00337811 0.0105109 0.0223972 0.0327036 0.0327716 0.0227297 0.0116275 0.00660391 0.00884264 0.0178008 0.0336281 0.0556322 0.0802675 0.101198 0.111937 0.109448 0.0958944 0.0770761 0.0588809 0.0445498 0.0343361 0.0269196
 1.05541e-16 7.01174e-05 0.000681566 0.00452925 0.0205893 0.064061 0.136489 0.19921 0.199212 0.136499 0.0640975 0.0206968 0.00480716 0.00131475 0.00135042 0.00232498 0.00381799 0.0057969 0.00825457 0.011156 0.0143674 0.0175596 0.020191 0.0216513 0.0215163 0.0197562
 1.05583e-16 5.20306e-05 0.000505756 0.00336093 0.0152783 0.0475366 0.101283 0.147832 0.147862 0.10143 0.0480319 0.0167083 0.00694839 0.00833083 0.0148953 0.0244978 0.0351873 0.0440625 0.0482288 0.0464119 0.0397635 0.0311368 0.0234097 0.0181299 0.0152659 0.0138508
 1.11351e-16 2.9982e-05 0.000291436 0.0019367 0.00880397 0.0273926 0.0583643 0.0851926 0.0852317 0.0585552 0.028034 0.0106592 0.00660428 0.0105159 0.019551 0.0325422 0.0474989 0.0610301 0.0696501 0.0716866 0.0681473 0.0617745 0.0551265 0.0492719 0.0438856 0.0382233
 1.05131e-16 7.10714e-05 0.000690839 0.00459087 0.0208694 0.0649326 0.138346 0.201921 0.201926 0.13837 0.0650136 0.0211046 0.0051853 0.00200245 0.00260341 0.0043008 0.00644742 0.00865831 0.0105912 0.0120986 0.0132808 0.0143302 0.0152969 0.0159869 0.0160726 0.0153097
 1.02563e-16 6.5521e-05 0.000636887 0.00423234 0.0192396 0.0598617 0.127542 0.186155 0.186172 0.127625 0.0601406 0.020045 0.00625301 0.00504511 0.00842918 0.0138103 0.0198407 0.0248569 0.0272195 0.0261934 0.0224003 0.0174192 0.0128579 0.00960547 0.00769573 0.00665646
 1.07489e-16 1.59627e-05 0.000155163 0.00103112 0.00468735 0.0145844 0.0310759 0.0453692 0.0454311 0.0313786 0.015601 0.00762447 0.00840728 0.0162692 0.0306536 0.0507398 0.0732945 0.0925874 0.102753 0.101038 0.0893779 0.0729644 0.0570298 0.0443998 0.0352273 0.0283049
 1.2772e-16 1.99324e-05 0.00019375 0.00128754 0.00585298 0.0182109 0.0388007 0.0566339 0.0566489 0.0388742 0.0184598 0.00658185 0.00315396 0.00439043 0.00834957 0.014713 0.0233956 0.034041 0.0461863 0.0594869 0.0735288 0.0872553 0.0986048 0.104951 0.10425 0.0961284
 1.06538e-16 7.50888e-05 0.00072989 0.00485037 0.0220491 0.0686029 0.146166 0.213334 0.213336 0.146176 0.0686377 0.0221499 0.00510535 0.0012929 0.00116404 0.00186004 0.00280827 0.00383907 0.00486008 0.00589331 0.00708029 0.00857597 0.0103923 0.0123088 0.01392 0.0147929
pSPR Fmed_Fpbrs
0.45898   0.201404 0.201404
Fs Fmed_Fpbrs
0.43155   1.005 1.005
SSBpbr Bo_Bmed_Bpbrs
1.78489e+06  729986  270240 270240
Ro
78367.9
SPR SPRFo_SPRFmed_SPRFpbrs
560168 257106 112820
Fref
1.005
Nvult_r0
 133478 3377.32 2038.7 6721.86 1721.23
CTP_r0
 32588 932.028 562.614 1855.01 475.003
YTP_r0
391149
Np
 158280 48454.6 1133.52 684.244 2822.96
Nvult_p0
 133435 41929.7 980.882 592.104 2442.82
CTP_p0
 61373.4 21017.1 491.664 296.79 1224.46
YTP_p0
 862206
CBA_c0
532466
log_Ro
11.0892
likeval ReclasPelacesDesembMPH_pf_preclas_ppelaces_ptallas_desvR_qrecl_qpela
 26.3821 40.4758 0.125634 0.00201886 287.424 122.467 108.922 0 85.2495 0 0 0.283164 0 0 0
q_reclas_q_pelaces
1 1
M
1
N
 22242.5 45926.1 120951 15237 1.65218
 14161.5 7089.42 14265.1 37568.5 4733.27
 177932 3621.74 1698.22 3417.1 10133.1
 18711.1 45144.8 859.457 402.996 3215.53
 7827.44 2824.93 5806.11 110.535 465.382
 347268 902.299 264.249 543.115 53.8724
 16782.8 96284.2 237.756 69.6298 157.306
 4260.13 2920.02 14639.9 36.1505 34.5053
 10717 1226.29 804.222 4032.06 19.4598
 74542.3 408.881 31.1131 20.4046 102.794
 74408.3 9975.04 45.6085 3.4705 13.7422
 136592 23273.1 3030.13 13.8545 5.22872
 91505.6 28881 4453.94 579.897 3.6521
 68631 19381.6 5538.49 854.129 111.907
 52740.4 9242.8 2178.25 622.459 108.571
 442819 8250.7 1239.65 292.149 98.0463
 22025.5 109520 1899.83 285.446 89.8476
 854694 5794.55 27125.3 470.54 92.9508
 309773 253492 1653.22 7739.04 160.768
 137602 82422.9 63626.8 414.961 1982.86
 435604 33650.2 18727.8 14457 544.824
 588192 119470 8753.81 4871.88 3902.6
 29744 155758 29818.8 2184.88 2190.04
 340638 8596.07 43100.8 8251.33 1210.61
 204046 104460 2551.09 12791.2 2808.05
 53763.1 61375.1 30302 740.027 4525.07
 267207 16021.9 17609.8 8694.28 1510.67
 351138 79579.2 4593.55 5048.82 2925.81
 33292 112716 24926.1 1438.81 2497.84
 16584.9 10570.7 34853.1 7707.39 1217.25
 181932 4510.84 2722.94 8977.9 2298.92
pred_Ctot
 1900.48 4582.24 12067.8 1520.26 0.164845
 2810.24 1618.55 3256.79 8577.07 1080.63
 35970.2 841.908 394.768 794.338 2355.54
 7483.61 20158.1 383.766 179.946 1435.8
 3719.72 1479.93 3041.71 57.9074 243.804
 55329.5 166.273 48.695 100.083 9.92743
 5935.6 38298.5 94.5711 27.6963 62.571
 597.628 474.97 2381.32 5.88023 5.61263
 7152.12 869.878 570.483 2860.18 13.804
 32464.7 197.646 15.0396 9.86324 49.6892
 7139.25 1116.11 5.10315 0.388316 1.53762
 38390.4 7437.81 968.394 4.42775 1.67104
 25654.7 9208.04 1420.04 184.887 1.16439
 29766.6 9332.82 2666.95 411.29 53.8866
 20507.1 4019.53 947.284 270.696 47.2155
 94726.6 2026.23 304.437 71.7469 24.0785
 4075.5 23357.4 405.179 60.8774 19.1619
 106553 839.334 3929.07 68.1572 13.4638
 55632.3 52510.3 342.462 1603.13 33.3027
 30140.4 20711.7 15988.5 104.274 498.265
 71763 6407.1 3565.83 2752.66 103.736
 106989 25057.7 1836.03 1021.83 818.533
 4111.33 24970.3 4780.38 350.268 351.095
 36369.2 1068.82 5359.05 1025.95 150.524
 23911.4 14236.5 347.68 1743.27 382.701
 6566.34 8712.3 4301.41 105.048 642.341
 32726.2 2280.57 2506.6 1237.55 215.03
 28599.3 7572.45 437.105 480.426 278.408
 2915.94 11525.2 2548.67 147.117 255.402
 2800.65 2061.94 6798.49 1503.41 237.438
 32588 932.028 562.614 1855.01 475.003
F
 0.143404 0.169219 0.169219 0.169219 0.169219
 0.363572 0.429022 0.429022 0.429022 0.429022
 0.371527 0.438409 0.438409 0.438409 0.438409
 0.890634 1.05096 1.05096 1.05096 1.05096
 1.16044 1.36935 1.36935 1.36935 1.36935
 0.282792 0.3337 0.3337 0.3337 0.3337
 0.748765 0.883556 0.883556 0.883556 0.883556
 0.24531 0.28947 0.28947 0.28947 0.28947
 2.26617 2.67412 2.67412 2.67412 2.67412
 1.01128 1.19333 1.19333 1.19333 1.19333
 0.16227 0.191482 0.191482 0.191482 0.191482
 0.553813 0.653509 0.653509 0.653509 0.653509
 0.552077 0.651461 0.651461 0.651461 0.651461
 1.0049 1.1858 1.1858 1.1858 1.1858
 0.855084 1.00901 1.00901 1.00901 1.00901
 0.397055 0.468532 0.468532 0.468532 0.468532
 0.335282 0.395639 0.395639 0.395639 0.395639
 0.215412 0.25419 0.25419 0.25419 0.25419
 0.323976 0.382297 0.382297 0.382297 0.382297
 0.408344 0.481854 0.481854 0.481854 0.481854
 0.293665 0.34653 0.34653 0.34653 0.34653
 0.328748 0.387928 0.387928 0.387928 0.387928
 0.241323 0.284765 0.284765 0.284765 0.284765
 0.18202 0.214787 0.214787 0.214787 0.214787
 0.201342 0.237587 0.237587 0.237587 0.237587
 0.21063 0.248547 0.248547 0.248547 0.248547
 0.211271 0.249303 0.249303 0.249303 0.249303
 0.136303 0.16084 0.16084 0.16084 0.16084
 0.14723 0.173734 0.173734 0.173734 0.173734
 0.302009 0.356376 0.356376 0.356376 0.356376
 0.323006 0.381153 0.381153 0.381153 0.381153
nmprior
 8.19 8.8 8.5 0
nm_flota  nm_reclas  nm_pelaces    nm_pelaL
inf 9.9663 6.72728 11.9177
cv_recla  cv_pelaces  cv_mph
0.4646 0.72139 1.38662
 ------------------------------------------------
Talla a la edad & desviaci?n 
 8 13.2811 15.8009 17.003 17.5766
 0.8 1.32811 1.58009 1.7003 1.75766
