years
 1991 1992 1993 1994 1995 1996 1997 1998 1999 2000 2001 2002 2003 2004 2005 2006 2007 2008 2009 2010 2011 2012 2013 2014 2015 2016 2017 2018 2019 2020 2021
reclasobs
 0 0 0 0 0 0 0 0 0 252601 567819 844713 477998 351125 339783 2.1784e+06 2.13404e+06 4.81314e+06 1.55562e+06 2.62356e+06 3.21686e+06 3.843e+06 1.13348e+06 3.07943e+06 1.97215e+06 2.03268e+06 2.025e+06 2.42433e+06 2.27542e+06 1.05018e+06 2.36338e+06
reclaspred
 1.20343e+06 959285 448641 190657 25987 476625 310785 78941.3 198493 145212 159088 347256 424122 216948 417572 716923 1.19447e+06 1.69798e+06 1.72875e+06 1.22744e+06 1.9363e+06 1.86014e+06 1.50142e+06 1.97222e+06 1.81142e+06 1.23306e+06 1.18289e+06 1.92029e+06 2.36006e+06 1.0168e+06 751799
pelacesobs
 0 0 0 0 0 0 0 0 0 0 0 0 0 0 0 552880 188675 0 991730 2.46772e+06 1.41603e+06 1.21717e+06 2.29649e+06 1.80582e+06 0 1.4828e+06 1.56532e+06 1.57751e+06 1.42118e+06 867257 1.10002e+06
pelacespred
 445842 404152 197611 56861.1 5271.9 209441 96612.9 31708.5 82693.6 49927.1 73418.3 130904 176308 82618.4 205246 291519 480801 694890 839829 566815 811063 854405 671706 992710 916122 595120 651460 1.0493e+06 1.06412e+06 565506 377749
mphobs
 0 0 0 0 0 0 0 0 0 0 0 498337 0 5186 125008 0 168611 109162 213762 579715 649985 157893 87575 83554 0 0 0 0 0 0 0
mphpred
 684611 1.08881e+06 472471 239853 56973.4 5845.21 475868 100182 30571 182465 53636.1 178746 299494 251328 98773.2 405781 697277 1.1843e+06 1.07937e+06 1.42005e+06 908629 1.51922e+06 1.5363e+06 920633 1.78527e+06 1.27987e+06 686787 958275 2.23119e+06 1.29948e+06 507557
desembarqueobs
 494567 514787 250237 358949 120608 361735 552515 73892 212993 205616 52469 317467 293654 387597 252695 516296 358380 742168 942051 627588 828172 859565 418607 520667 417249 300574 407403 355545 319650 289779 391294
desembarquepred
 494200 515509 249142 358960 120589 361536 551532 73954.1 213137 205895 52550.8 318077 293835 386718 252468 516773 358842 743001 941615 626913 826801 859138 418571 521070 417201 300141 406967 355807 319868 289635 391040
Reclutas
 391896 6066.31 90733.1 33002.8 4576.26 289728 6376.36 1480.02 71156.4 12766.7 76264.8 163040 115890 45531.6 147433 317503 233319 308761 681195 74168.4 502375 593751 11801.6 419764 226290 28000.3 280036 488192 26878.9 9798.91 171417
log_desv_Rt
 1.60958 -2.55866 0.146508 -0.864823 -2.84053 1.30753 -2.50882 -3.96936 -0.0965338 -1.81457 -0.027203 0.732579 0.39123 -0.543007 0.631957 1.39907 1.09099 1.37115 2.16243 -0.055076 1.85793 2.02505 -1.89318 1.67828 1.0604 -1.0292 1.2735 1.82929 -1.07007 -2.07914 0.782687
SSB
 684611 1.08881e+06 472471 239853 56973.4 5845.21 475868 100182 30571 182465 53636.1 178746 299494 251328 98773.2 405781 697277 1.1843e+06 1.07937e+06 1.42005e+06 908629 1.51922e+06 1.5363e+06 920633 1.78527e+06 1.27987e+06 686787 958275 2.23119e+06 1.29948e+06 507557
BT
 1.79478e+06 1.3997e+06 746605 460184 115960 1.28248e+06 716471 147833 554254 316199 333085 744766 840735 659212 1.11462e+06 1.48164e+06 1.81269e+06 2.74898e+06 3.89345e+06 1.99642e+06 3.59805e+06 3.39365e+06 1.93999e+06 4.14667e+06 2.80269e+06 1.72596e+06 2.78096e+06 4.18344e+06 2.7534e+06 1.63946e+06 1.70616e+06
Ftot
 0.383469 0.490776 0.508357 1.50099 2.79245 0.7034 1.41116 0.821031 0.974331 1.18312 0.311424 0.824552 0.63046 1.45693 0.562004 0.658907 0.282375 0.406002 0.504029 0.468549 0.398107 0.428286 0.261185 0.249475 0.217083 0.228879 0.323049 0.1759 0.128612 0.266729 0.481997
BD_Bspro_t
 0.940489 0.723511 0.453205 0.325359 0.10934 0.0200026 0.482427 0.145681 0.0730823 0.333673 0.174713 0.510558 0.478962 0.374248 0.197635 0.484735 0.529593 0.628828 0.567085 0.585099 0.433052 0.552893 0.583124 0.505062 0.686207 0.666934 0.585581 0.685787 0.819098 0.724973 0.552715
BD_Bspro
 1.22215 1.94372 0.843445 0.42818 0.101708 0.0104347 0.84951 0.178843 0.0545748 0.325733 0.0957499 0.319094 0.534651 0.448665 0.176328 0.724392 1.24476 2.11418 1.92687 2.53503 1.62206 2.71207 2.74257 1.64349 3.18703 2.2848 1.22604 1.71069 3.98307 2.3198 0.90608
BD_Bo
 0.412689 0.656343 0.28481 0.144585 0.0343441 0.00352354 0.286857 0.0603905 0.0184285 0.109991 0.0323323 0.10775 0.180538 0.151503 0.0595413 0.244608 0.420325 0.713904 0.650654 0.856015 0.547729 0.915797 0.926093 0.554965 1.07618 0.771516 0.414001 0.577656 1.34498 0.783337 0.30596
BD_Brms
 1.75186 2.78616 1.20901 0.613762 0.14579 0.0149574 1.2177 0.256356 0.0782285 0.466911 0.13725 0.457396 0.766379 0.643126 0.252752 1.03836 1.78427 3.03051 2.76201 3.63377 2.3251 3.88754 3.93125 2.35582 4.56835 3.27507 1.75743 2.45214 5.70942 3.32525 1.29879
Sel_flota
 0.5 1 1 1 1
 0.5 1 1 1 1
 0.5 1 1 1 1
 0.5 1 1 1 1
 0.5 1 1 1 1
 0.5 1 1 1 1
 0.5 1 1 1 1
 0.5 1 1 1 1
 0.5 1 1 1 1
 0.5 1 1 1 1
 0.5 1 1 1 1
 0.5 1 1 1 1
 0.5 1 1 1 1
 0.5 1 1 1 1
 0.5 1 1 1 1
 0.5 1 1 1 1
 0.5 1 1 1 1
 0.5 1 1 1 1
 0.5 1 1 1 1
 0.5 1 1 1 1
 0.5 1 1 1 1
 0.5 1 1 1 1
 0.5 1 1 1 1
 0.5 1 1 1 1
 0.5 1 1 1 1
 0.5 1 1 1 1
 0.5 1 1 1 1
 0.5 1 1 1 1
 0.5 1 1 1 1
 0.5 1 1 1 1
 0.5 1 1 1 1
Sel_reclas
 0.5 1 1 1 1
 0.5 1 1 1 1
 0.5 1 1 1 1
 0.5 1 1 1 1
 0.5 1 1 1 1
 0.5 1 1 1 1
 0.5 1 1 1 1
 0.5 1 1 1 1
 0.5 1 1 1 1
 0.5 1 1 1 1
 0.5 1 1 1 1
 0.5 1 1 1 1
 0.5 1 1 1 1
 0.5 1 1 1 1
 0.5 1 1 1 1
 0.5 1 1 1 1
 0.5 1 1 1 1
 0.5 1 1 1 1
 0.5 1 1 1 1
 0.5 1 1 1 1
 0.5 1 1 1 1
 0.5 1 1 1 1
 0.5 1 1 1 1
 0.5 1 1 1 1
 0.5 1 1 1 1
 0.5 1 1 1 1
 0.5 1 1 1 1
 0.5 1 1 1 1
 0.5 1 1 1 1
 0.5 1 1 1 1
 0.5 1 1 1 1
Sel_pelaces
 0.5 1 1 1 1
 0.5 1 1 1 1
 0.5 1 1 1 1
 0.5 1 1 1 1
 0.5 1 1 1 1
 0.5 1 1 1 1
 0.5 1 1 1 1
 0.5 1 1 1 1
 0.5 1 1 1 1
 0.5 1 1 1 1
 0.5 1 1 1 1
 0.5 1 1 1 1
 0.5 1 1 1 1
 0.5 1 1 1 1
 0.5 1 1 1 1
 0.5 1 1 1 1
 0.5 1 1 1 1
 0.5 1 1 1 1
 0.5 1 1 1 1
 0.5 1 1 1 1
 0.5 1 1 1 1
 0.5 1 1 1 1
 0.5 1 1 1 1
 0.5 1 1 1 1
 0.5 1 1 1 1
 0.5 1 1 1 1
 0.5 1 1 1 1
 0.5 1 1 1 1
 0.5 1 1 1 1
 0.5 1 1 1 1
 0.5 1 1 1 1
pf_obs 
 0.8446 0.082 0.0669 0.0065 0
 0.8095 0.147 0.0364 0.0071 0
 0.9664 0.0169 0.016 0.0007 0
 0.9276 0.0648 0.0075 0.0001 0
 0.7033 0.2144 0.0806 0.0017 0
 0.9318 0.0425 0.0243 0.0014 0
 0.5671 0.3108 0.0964 0.0239 0.0018
 0.0768 0.2599 0.5324 0.112 0.0189
 0.490249 0.384438 0.106611 0.0170017 0.00170017
 0.7925 0.1577 0.0466 0.003 0.0002
 0.840416 0.127587 0.0312969 0.00059994 9.999e-05
 0.8084 0.0986 0.0794 0.0134 0.0002
 0.7335 0.1905 0.0724 0.0035 0.0001
 0.4001 0.4547 0.1325 0.0127 0
 0.49795 0.308269 0.164784 0.0264974 0.00249975
 0.9179 0.0499 0.0305 0.0017 0
 0.2467 0.6533 0.0926 0.0074 0
 0.9418 0.0223 0.034 0.0019 0
 0.707729 0.231977 0.0356964 0.0245975 0
 0.517169 0.277429 0.184464 0.0207286 0.00020938
 0.811772 0.124168 0.05621 0.00726502 0.000585176
 0.764997 0.148141 0.077277 0.00933861 0.000247198
 0.163321 0.427699 0.378323 0.0303852 0.000271297
 0.753843 0.0900009 0.118128 0.0371064 0.000921714
 0.721811 0.176058 0.0630433 0.0369309 0.00215725
 0.143369 0.312575 0.442814 0.0836902 0.0175525
 0.692698 0.0596174 0.167031 0.0765114 0.00414204
 0.394062 0.376323 0.152708 0.0712218 0.00568511
 0.125707 0.32114 0.495352 0.0537591 0.00404204
 0.23352 0.215282 0.420074 0.123614 0.00750983
 0.774587 0.0839891 0.0768558 0.0609784 0.00358967
pf_pred 
 0.794718 0.129763 0.0477371 0.0175615 0.0102204
 0.0245312 0.874843 0.0636074 0.0233998 0.0136182
 0.612863 0.0213703 0.328036 0.0238505 0.0138805
 0.392208 0.478437 0.00714052 0.109608 0.0126072
 0.285467 0.485923 0.179955 0.00268578 0.0459689
 0.996346 0.00250981 0.000778177 0.000288188 7.79176e-05
 0.0511953 0.947409 0.000958626 0.000297226 0.000139834
 0.0984085 0.132284 0.768176 0.000777271 0.000354376
 0.962827 0.00819098 0.00425237 0.0246935 3.63776e-05
 0.325165 0.665419 0.0020749 0.00107719 0.00626446
 0.901433 0.0577407 0.0402567 0.000125528 0.000444158
 0.790279 0.199774 0.00582725 0.00406275 5.74933e-05
 0.598829 0.363918 0.0354867 0.00103512 0.000731896
 0.423164 0.452197 0.113065 0.0110253 0.00054899
 0.87734 0.0863423 0.0284703 0.00711855 0.000728715
 0.805807 0.183406 0.00759334 0.00250381 0.000690124
 0.572289 0.389454 0.0361318 0.00149592 0.000629219
 0.625518 0.278757 0.0871631 0.00808661 0.000475624
 0.762103 0.188105 0.037064 0.0115894 0.00113845
 0.155423 0.744912 0.0788046 0.0155276 0.0053322
 0.789528 0.062723 0.130314 0.013786 0.00364919
 0.655994 0.307654 0.0108335 0.0225077 0.00301139
 0.0278722 0.790192 0.162709 0.00572951 0.0134964
 0.771775 0.0133229 0.174682 0.0359691 0.00425013
 0.432681 0.49885 0.0039969 0.0524053 0.0120659
 0.108419 0.5522 0.298422 0.00239103 0.038568
 0.770538 0.0474006 0.112759 0.0609378 0.00836382
 0.71774 0.248661 0.00694082 0.0165112 0.0101478
 0.0660318 0.787063 0.129418 0.00361241 0.0138749
 0.0666371 0.119524 0.685829 0.112772 0.015238
 0.799882 0.0268012 0.0221946 0.127352 0.0237702
pobs_RECLAS
 0 0 0 0 0
 0 0 0 0 0
 0 0 0 0 0
 0 0 0 0 0
 0 0 0 0 0
 0 0 0 0 0
 0 0 0 0 0
 0 0 0 0 0
 0 0 0 0 0
 0 0 0 0 0
 0.991045 0.00858322 0.000360255 1.14367e-05 0
 0.934742 0.0480273 0.0164251 0.00080598 0
 0.827803 0.169806 0.00239088 0 0
 0.941827 0.0461693 0.0120037 0 0
 0.791401 0.0380133 0.147996 0.0225897 0
 0.846168 0.0940531 0.0597789 0 0
 0.134021 0.677848 0.182769 0.00536245 0
 0.80878 0.0450904 0.141981 0.00414843 0
 0.846168 0.0940531 0.0597789 0 0
 0.905697 0.0802665 0.012482 0.00150086 5.37128e-05
 0.989698 0.0102097 9.19794e-05 0 0
 0.975433 0.0193895 0.00387452 0.00125025 5.28907e-05
 0.303575 0.632131 0.0575291 0.00676475 0
 0.966965 0.00978017 0.0227588 0.000495775 0
 0.843318 0.132988 0.00938335 0.0141283 0.000182051
 0.564624 0.303363 0.111486 0.0197234 0.00080311
 0.826376 0.0876187 0.0782897 0.00655872 0.00115652
 0.89761 0.0855135 0.0140674 0.00269457 0.000114338
 0.34875 0.467042 0.161289 0.0227151 0.000203297
 0.318654 0.224769 0.449479 0.00709798 0
 0.937255 0.0296025 0.0250945 0.00804832 0
ppred_RECLAS
 0.797965 0.12771 0.046982 0.0172837 0.0100587
 0.025189 0.874254 0.0635645 0.0233841 0.013609
 0.61957 0.021 0.322353 0.0234373 0.01364
 0.422051 0.454945 0.00678992 0.104226 0.0119882
 0.353011 0.439989 0.162944 0.00243189 0.0416235
 0.9965 0.0024043 0.000745464 0.000276073 7.46421e-05
 0.0569753 0.941638 0.000952786 0.000295415 0.000138983
 0.10321 0.13158 0.764085 0.000773131 0.000352489
 0.96515 0.00767916 0.00398665 0.0231505 3.41045e-05
 0.344728 0.646128 0.00201475 0.00104596 0.00608286
 0.902812 0.0569331 0.0396936 0.000123772 0.000437945
 0.798973 0.191491 0.00558566 0.00389431 5.51097e-05
 0.607767 0.35581 0.0346961 0.00101206 0.00071559
 0.452305 0.429353 0.107353 0.0104683 0.000521256
 0.880764 0.0839319 0.0276755 0.00691983 0.000708372
 0.811922 0.177631 0.00735422 0.00242496 0.000668392
 0.575693 0.386355 0.0358443 0.00148402 0.000624212
 0.630532 0.275024 0.0859961 0.00797834 0.000469256
 0.767153 0.184112 0.0362774 0.0113434 0.00111429
 0.158815 0.741921 0.0784882 0.0154653 0.00531079
 0.792989 0.0616915 0.128171 0.0135593 0.00358918
 0.661146 0.303046 0.0106712 0.0221706 0.00296628
 0.0282188 0.789911 0.162651 0.00572747 0.0134915
 0.773892 0.0131993 0.173062 0.0356354 0.00421071
 0.435209 0.496628 0.0039791 0.0521719 0.0120122
 0.109479 0.551543 0.298067 0.00238818 0.0385221
 0.773409 0.0468077 0.111349 0.0601756 0.00825921
 0.719383 0.247213 0.00690042 0.0164151 0.0100887
 0.066388 0.786763 0.129368 0.00361104 0.0138696
 0.0674519 0.11942 0.68523 0.112673 0.0152247
 0.804094 0.026237 0.0217273 0.124671 0.0232698
pobs_PELACES
 0 0 0 0 0
 0 0 0 0 0
 0 0 0 0 0
 0 0 0 0 0
 0 0 0 0 0
 0 0 0 0 0
 0 0 0 0 0
 0 0 0 0 0
 0 0 0 0 0
 0 0 0 0 0
 0 0 0 0 0
 0 0 0 0 0
 0 0 0 0 0
 0 0 0 0 0
 0 0 0 0 0
 0 0 0 0 0
 0.505614 0.472636 0.0217494 0 0
 0 0 0 0 0
 0.443492 0.261883 0.143347 0.151278 0
 0.227955 0.32914 0.350689 0.0885471 0.00366901
 0.970185 0.0296113 0.000203453 0 0
 0.997202 0.00247181 0.000326279 0 0
 0.445219 0.490057 0.0546422 0.010081 0
 0.90214 0.0892962 0.00764917 0.000914606 0
 0 0 0 0 0
 0.581667 0.319106 0.0959925 0.00289975 0.000334073
 0.762889 0.0836404 0.116647 0.0363945 0.000428098
 0.88444 0.0763242 0.0277011 0.0115352 0
 0.521256 0.241999 0.230069 0.00667565 0
 0.616807 0.101726 0.260614 0.0208532 0
 0.833518 0.0704572 0.0857862 0.0102388 0
ppred_PELACES
 0.807974 0.121384 0.0446545 0.0164275 0.00956042
 0.0272557 0.8724 0.0634297 0.0233345 0.0135801
 0.639133 0.0199201 0.305776 0.0222321 0.0129386
 0.483332 0.406707 0.00606997 0.0931747 0.010717
 0.463795 0.36465 0.135043 0.00201548 0.0344964
 0.996882 0.00214166 0.000664031 0.000245915 6.64884e-05
 0.0708547 0.927779 0.000938763 0.000291067 0.000136937
 0.11644 0.129639 0.752813 0.000761726 0.000347289
 0.970171 0.00657276 0.00341227 0.0198151 2.91908e-05
 0.390056 0.601433 0.00187538 0.000973609 0.00566209
 0.907228 0.054346 0.0378899 0.000118148 0.000418045
 0.81994 0.171519 0.00500309 0.00348814 4.93618e-05
 0.632268 0.333583 0.0325287 0.000948838 0.000670889
 0.512256 0.382356 0.0956021 0.00932244 0.0004642
 0.890164 0.0773153 0.0254937 0.00637431 0.000652529
 0.827964 0.16248 0.00672694 0.00221813 0.000611382
 0.587032 0.37603 0.0348864 0.00144436 0.000607531
 0.645997 0.263512 0.0823965 0.00764438 0.000449614
 0.781677 0.172628 0.0340144 0.0106358 0.00104478
 0.169417 0.73257 0.0774989 0.0152703 0.00524385
 0.803564 0.0585399 0.121623 0.0128666 0.00340582
 0.676793 0.289052 0.0101784 0.0211469 0.00282931
 0.0294249 0.78893 0.16245 0.00572036 0.0134748
 0.781014 0.0127835 0.167611 0.034513 0.00407809
 0.444032 0.488869 0.00391693 0.0513568 0.0118245
 0.113216 0.549229 0.296817 0.00237816 0.0383605
 0.782614 0.0449062 0.106825 0.057731 0.00792369
 0.725204 0.242085 0.00675727 0.0160746 0.0098794
 0.0677155 0.785644 0.129184 0.0036059 0.0138499
 0.0702735 0.119058 0.683157 0.112332 0.0151787
 0.81632 0.0245996 0.0203714 0.116891 0.0218176
pobs_pel_tallas
 0 0 0 0 0 0 0 0 0 0 0 0 0 0 0 0 0 0 0 0 0 0 0 0 0 0
 0 0 0 0 0 0 0 0 0 0 0 0 0 0 0 0 0 0 0 0 0 0 0 0 0 0
 0 0 0 0 0 0 0 0 0 0 0 0 0 0 0 0 0 0 0 0 0 0 0 0 0 0
 0 0 0 0 0 0 0 0 0 0 0 0 0 0 0 0 0 0 0 0 0 0 0 0 0 0
 0 0 0 0 0 0 0 0 0 0 0 0 0 0 0 0 0 0 0 0 0 0 0 0 0 0
 0 0 0 0 0 0 0 0 0 0 0 0 0 0 0 0 0 0 0 0 0 0 0 0 0 0
 0 0 0 0 0 0 0 0 0 0 0 0 0 0 0 0 0 0 0 0 0 0 0 0 0 0
 0 0 0 0 0 0 0 0 0 0 0 0 0 0 0 0 0 0 0 0 0 0 0 0 0 0
 0 0 0 0 0 0 0 0 0 0 0 0 0 0 0 0 0 0 0 0 0 0 0 0 0 0
 0 0 0 0 0 0 0 0 0 0 0 0 0 0 0 0 0 0 0 0 0 0 0 0 0 0
 0 0 0 0 0 0 0 0 0 0 0 0 0 0 0 0 0 0 0 0 0 0 0 0 0 0
 0 0 0 0 0 0 0 0 0 0 0 0 0 0 0 0 0 0 0 0 0 0 0 0 0 0
 0.00862536 0 0 0.000197151 0.00414017 0.0128641 0.00837892 0.0270097 0.101434 0.158115 0.152841 0.127902 0.109271 0.109419 0.0830992 0.0579132 0.0238553 0.00714673 0.00463305 0.00128148 0.00103504 0.000492878 0.000147863 0.000147863 4.92878e-05 0
 0 0 0 0 0 0 0 0 0 0 0 0 0 0 0 0 0 0 0 0 0 0 0 0 0 0
 0 0 0 0 0 0 0 0.0054083 0.00873648 0.0413646 0.0450493 0.0745869 0.0622846 0.0627006 0.0613931 0.0827291 0.12552 0.122667 0.0946155 0.0697135 0.0546179 0.0294188 0.0215738 0.0213955 0.0102223 0.00600262
 0 0 0 0 0.00359764 0.0251062 0.0480494 0.140153 0.205849 0.193036 0.1447 0.116669 0.0760912 0.0342217 0.00950174 0.001854 0.000860785 0 0 0 0.000165536 0 0.000143464 0 0 0
 0 0 0 0 0 0 0 0.000145254 0.000435761 0.0275982 0.070085 0.0708112 0.156366 0.174668 0.174014 0.160142 0.0824315 0.0480064 0.0283245 0.00493863 0.00203355 0 0 0 0 0
 0 0 0 0 0 0 0 0 0 0 0 0 0 0 0 0 0 0 0 0 0 0 0 0 0 0
 0 0 1.00437e-05 0.000401748 0.00122533 0.00171747 0.00176769 0.0269171 0.070346 0.194647 0.189555 0.159765 0.064822 0.0314167 0.0384472 0.0292271 0.0345202 0.0313363 0.0194345 0.0106764 0.0143323 0.0359363 0.0279516 0.0138201 0.00172751 0
 0 0.0021121 0.0136068 0.0755702 0.200478 0.177729 0.0527432 0.0373336 0.0318909 0.0142505 0.0149659 0.0166563 0.0217959 0.0798694 0.0677717 0.0528807 0.04013 0.0224614 0.0357745 0.0225083 0.00881397 0.00855152 0.00135912 0.000746735 0 0
 0 0 0 0 5.4009e-05 0.00500934 0.000945158 0.0243581 0.138947 0.33067 0.221406 0.137944 0.0707744 0.0437923 0.0131692 0.00525238 0.0047753 0.00276346 9.45158e-05 9.00151e-06 2.25038e-05 9.00151e-06 4.50075e-06 0 0 0
 0.000866109 0.00284123 0.00948549 0.0512746 0.133035 0.25785 0.225252 0.132002 0.0553304 0.0519788 0.0540692 0.017754 0.00435017 0.00159236 0.00146478 0.000404838 0.000125132 0.000115318 0.000107957 0.000100596 0 0 0 0 0 0
 0 0 0 0 0.00144013 0.00171154 0.00461396 0.0210425 0.0478622 0.0707936 0.0888783 0.103762 0.0637923 0.0337046 0.0602308 0.124433 0.169614 0.0934646 0.0462172 0.0250306 0.0313229 0.00938855 0.002487 0.000210481 0 0
 0 0.00764035 0.051015 0.0998891 0.058973 0.0496711 0.0374665 0.0718981 0.12319 0.153886 0.159021 0.0857701 0.0377988 0.023471 0.0147837 0.00900784 0.00315554 0.000888139 0.00291439 0.00214683 0.00393193 0.00274676 0.000635225 9.99891e-05 0 0
 0 0 0 0 0 0 0 0 0 0 0 0 0 0 0 0 0 0 0 0 0 0 0 0 0 0
 0 0 0 0 0 0 0 0 0 0 0 0 0 0 0 0 0 0 0 0 0 0 0 0 0 0
 0 0 0 0 0 0 0 0 0 0 0 0 0 0 0 0 0 0 0 0 0 0 0 0 0 0
 0 0 0 0 0 0 0 0 0 0 0 0 0 0 0 0 0 0 0 0 0 0 0 0 0 0
 0 0 0 0 0 0 0 0 0 0 0 0 0 0 0 0 0 0 0 0 0 0 0 0 0 0
 0 0 0 0 0 0 0 0 0 0 0 0 0 0 0 0 0 0 0 0 0 0 0 0 0 0
 0 0 0 0 0 0 0 0 0 0 0 0 0 0 0 0 0 0 0 0 0 0 0 0 0 0
ppred_pel_tallas
 1.04586e-16 6.65518e-05 0.000646907 0.00429892 0.0195423 0.0608034 0.129548 0.189082 0.189094 0.129606 0.0609964 0.0201003 0.00570197 0.00371788 0.00592299 0.0097504 0.014191 0.0181694 0.0206379 0.021124 0.0199934 0.0181519 0.0164332 0.0151644 0.0141708 0.0130853
 1.06692e-16 2.2452e-06 2.18242e-05 0.000145034 0.000659353 0.00205194 0.00437498 0.00640302 0.00648702 0.00478535 0.00342955 0.00463715 0.0101254 0.0217942 0.0413086 0.0681754 0.0979474 0.122628 0.134068 0.128529 0.108953 0.0830364 0.0587154 0.0405381 0.0289982 0.0221864
 1.13249e-16 5.26445e-05 0.000511724 0.00340058 0.0154586 0.0480973 0.102477 0.149568 0.14957 0.102488 0.0481388 0.0155844 0.00373959 0.00132787 0.00182548 0.0035155 0.00641176 0.0108812 0.017243 0.0255084 0.0350964 0.0446765 0.0523651 0.0563289 0.0555326 0.0502002
 1.11437e-16 3.98115e-05 0.000386982 0.00257163 0.0116903 0.036373 0.077498 0.113119 0.113158 0.0776893 0.0370152 0.0135444 0.00722391 0.0105372 0.019302 0.0318137 0.0457634 0.0574631 0.0632374 0.0615259 0.0539009 0.0440824 0.035715 0.0305889 0.0283476 0.0274132
 1.10031e-16 3.82022e-05 0.000371339 0.00246768 0.0112177 0.0349028 0.0743653 0.108546 0.108581 0.0745378 0.0354821 0.0128929 0.00667882 0.00958534 0.0175991 0.029196 0.0424321 0.0541512 0.0611383 0.061888 0.0574335 0.0504986 0.0437026 0.038266 0.0339817 0.0300461
 1.00056e-16 8.21118e-05 0.000798156 0.00530403 0.0241113 0.0750194 0.159837 0.233286 0.233287 0.159838 0.0750228 0.0241212 0.00532873 0.000852184 0.000185028 0.000176729 0.000248478 0.000316231 0.00035617 0.000359378 0.000332265 0.000291242 0.000251953 0.000221451 0.000197972 0.000176045
 1.00317e-16 5.8364e-06 5.6732e-05 0.000377008 0.00171388 0.005333 0.0113658 0.0166074 0.0166966 0.0118016 0.00679565 0.00593577 0.0109641 0.0231338 0.0437316 0.0720204 0.10312 0.128355 0.138892 0.130667 0.106888 0.0760465 0.0470852 0.0254088 0.011995 0.00500254
 1.21893e-16 9.59102e-06 9.32281e-05 0.000619534 0.00281632 0.00876269 0.0186703 0.0272527 0.0272664 0.0187375 0.0089913 0.00349099 0.00236709 0.00408647 0.00811408 0.0147509 0.0243805 0.0371444 0.0529145 0.0711803 0.0906229 0.108643 0.121521 0.125606 0.119047 0.102912
 1.02093e-16 7.99117e-05 0.00077677 0.00516191 0.0234653 0.0730092 0.155554 0.227036 0.227036 0.155557 0.0730199 0.0234961 0.00523997 0.000949369 0.0004145 0.000577673 0.000871864 0.00120412 0.00154897 0.00191959 0.00236325 0.00292439 0.00359326 0.00427891 0.00482977 0.00509239
 1.01264e-16 3.21285e-05 0.0003123 0.00207535 0.00943427 0.0293538 0.0625436 0.0912963 0.0913541 0.0628261 0.0303021 0.0121714 0.00893928 0.0152745 0.0283841 0.046706 0.066886 0.083287 0.0901936 0.0849852 0.069754 0.0500087 0.0315355 0.0178093 0.00941855 0.00511685
 1.01191e-16 7.47272e-05 0.000726375 0.00482702 0.0219429 0.0682726 0.145462 0.212307 0.212313 0.145488 0.0683595 0.0221945 0.00546068 0.00211688 0.00273654 0.00446017 0.00654346 0.0084877 0.00982739 0.0103281 0.0100901 0.00942107 0.00859498 0.0077054 0.00670657 0.00555332
 1.00547e-16 6.75374e-05 0.000656488 0.00436259 0.0198317 0.0617039 0.131467 0.191884 0.1919 0.131548 0.0619745 0.0206129 0.00632188 0.00492869 0.00816669 0.0133563 0.0191447 0.0238885 0.025964 0.0246273 0.0204658 0.0150254 0.00991873 0.00609763 0.00370413 0.00238084
 1.01233e-16 5.20792e-05 0.000506228 0.00336406 0.0152926 0.047581 0.101378 0.14797 0.148002 0.101535 0.048108 0.0168142 0.00718225 0.00883683 0.0158599 0.0261014 0.0375093 0.0469846 0.051398 0.0492934 0.0417517 0.0316655 0.0220353 0.0146095 0.00964478 0.00652428
 1.03871e-16 4.21939e-05 0.00041014 0.00272552 0.0123899 0.0385496 0.0821355 0.119887 0.119924 0.0823159 0.0391556 0.0141408 0.00712348 0.0100206 0.0183222 0.0302959 0.0438045 0.0554258 0.0616745 0.0609025 0.0542245 0.0446626 0.0352502 0.0276059 0.0218102 0.0172014
 1.01506e-16 7.33217e-05 0.000712713 0.00473623 0.0215302 0.0669885 0.142726 0.208315 0.208322 0.142763 0.0671112 0.0218851 0.00562817 0.00266368 0.00378985 0.00617889 0.00896293 0.0114158 0.0128472 0.0129349 0.0118985 0.0103195 0.00875906 0.00748203 0.00645096 0.00550494
 1.00562e-16 6.81983e-05 0.000662912 0.00440528 0.0200258 0.0623078 0.132754 0.193761 0.193777 0.13283 0.0625641 0.020766 0.00626195 0.00471177 0.00774517 0.0126635 0.0181586 0.0226729 0.0246699 0.023444 0.0195467 0.0144333 0.00962111 0.00600442 0.0037171 0.00242712
 1.01351e-16 4.83531e-05 0.000470009 0.00312338 0.0141984 0.0441768 0.0941248 0.137385 0.137422 0.0943017 0.0447708 0.0159135 0.0074268 0.0098589 0.0178632 0.0294114 0.0422599 0.0529206 0.0578645 0.0554506 0.0469017 0.0354872 0.0246002 0.0162206 0.0106403 0.00715937
 1.03288e-16 5.321e-05 0.00051722 0.00343711 0.0156246 0.0486141 0.103578 0.151181 0.151207 0.103703 0.0490323 0.0168332 0.0064741 0.00715777 0.0126962 0.0209865 0.0304143 0.0386333 0.0432668 0.043183 0.0391137 0.0330588 0.0269968 0.0219397 0.0178894 0.014409
 1.0227e-16 6.43858e-05 0.000625853 0.00415901 0.0189063 0.0588245 0.125332 0.18293 0.182947 0.125414 0.0590978 0.0196959 0.006142 0.00495744 0.00829881 0.0136386 0.0196898 0.0248639 0.0275846 0.0271224 0.0240148 0.0196741 0.0155138 0.0122803 0.0099799 0.00824304
 1.04843e-16 1.39548e-05 0.000135646 0.000901418 0.00409776 0.01275 0.0271679 0.0396671 0.0397377 0.0275127 0.0139075 0.00744049 0.00928997 0.0184407 0.0347574 0.0573829 0.0825286 0.103501 0.113475 0.109288 0.0933327 0.0719374 0.051618 0.0360945 0.0257904 0.0192314
 1.05392e-16 6.61886e-05 0.000643376 0.00427546 0.0194356 0.0604715 0.128841 0.188049 0.188054 0.12887 0.0605678 0.0197161 0.00498816 0.0022278 0.00315907 0.00533628 0.00818948 0.0113588 0.014491 0.0173731 0.0199515 0.0221575 0.02372 0.0241881 0.0231848 0.0206844
 1.02968e-16 5.57466e-05 0.000541877 0.00360096 0.0163695 0.0509317 0.108516 0.158389 0.158416 0.108652 0.0513879 0.0176866 0.00690504 0.00774817 0.0137229 0.0225503 0.0323692 0.0404824 0.044193 0.0422861 0.0357794 0.0272755 0.0194412 0.0137779 0.0103875 0.00853378
 1.07744e-16 2.42386e-06 2.35608e-05 0.000156574 0.000711807 0.00221511 0.00472233 0.00690833 0.00698444 0.00509427 0.00346417 0.00432043 0.00921807 0.0198159 0.0376234 0.0622767 0.0898969 0.113423 0.125613 0.123065 0.108169 0.0873573 0.0671536 0.0511371 0.039586 0.0310626
 1.08992e-16 6.43311e-05 0.000625321 0.00415548 0.0188902 0.0587744 0.125225 0.18277 0.182772 0.125233 0.0588003 0.0189683 0.00436449 0.00112489 0.00114028 0.00211606 0.00382035 0.0064348 0.0101509 0.0150071 0.0207203 0.0265742 0.0314975 0.0343823 0.0345143 0.0318744
 1.0739e-16 3.65745e-05 0.000355517 0.00236254 0.0107398 0.0334157 0.0711974 0.103925 0.103972 0.0714272 0.034187 0.0129664 0.00794777 0.0125355 0.0231323 0.0380932 0.054667 0.0683421 0.0745821 0.0713802 0.0605323 0.0465208 0.0339038 0.0251906 0.0204255 0.0181627
 1.15437e-16 9.32554e-06 9.06476e-05 0.000602388 0.0027384 0.00852047 0.0181557 0.02651 0.0265632 0.0184162 0.00939606 0.00527171 0.0069776 0.0140615 0.0266995 0.0445335 0.0651008 0.0838396 0.0960236 0.0993599 0.0951504 0.0870024 0.0782469 0.0702217 0.0624616 0.0540468
 1.10225e-16 6.44629e-05 0.000626602 0.00416399 0.0189289 0.0588948 0.125482 0.183145 0.18315 0.125504 0.0589696 0.019147 0.00472026 0.00187033 0.00251359 0.00428363 0.00670985 0.00959846 0.0127955 0.016252 0.0199866 0.0238915 0.0275472 0.0302484 0.031275 0.0302313
 1.03541e-16 5.97342e-05 0.000580637 0.00385854 0.0175404 0.0545747 0.116278 0.169716 0.169739 0.116392 0.0549568 0.0186433 0.00662537 0.006615 0.0115039 0.0188824 0.0271022 0.0338963 0.0370122 0.0354459 0.0300699 0.0230864 0.0167445 0.0122979 0.00980034 0.00857781
 1.06635e-16 5.5778e-06 5.42183e-05 0.000360303 0.00163793 0.00509662 0.0108617 0.0158688 0.0159446 0.0112318 0.00633942 0.0052278 0.00937228 0.0197303 0.0373821 0.0618109 0.0890822 0.1121 0.123603 0.120195 0.104333 0.0825855 0.0616697 0.0453506 0.0340042 0.0261524
 1.33579e-16 5.78836e-06 5.62649e-05 0.000373901 0.00169971 0.00528848 0.0112681 0.0164488 0.0164613 0.0113299 0.0054991 0.00232175 0.0019871 0.00374946 0.00752326 0.0137438 0.0228694 0.0351807 0.0507809 0.0694707 0.0902779 0.110892 0.127664 0.136631 0.135173 0.123304
 1.16009e-16 6.72392e-05 0.000653589 0.00434333 0.0197442 0.0614314 0.130886 0.191033 0.191035 0.130898 0.0614718 0.019862 0.00464335 0.00132315 0.00138427 0.00230879 0.00363877 0.00530466 0.00735225 0.00997194 0.0134469 0.017948 0.0232785 0.0287513 0.0333164 0.035906
pSPR Fmed_Fpbrs
0.490237   0.285572 0.285572
Fs Fmed_Fpbrs
0.499874   1.005 1.005
SSBpbr Bo_Bmed_Bpbrs
1.6589e+06  730310  390791 390791
Ro
78367.9
SPR SPRFo_SPRFmed_SPRFpbrs
560168 274615 159969
Fref
1.005
Nvult_r0
 121861 2438.04 2018.98 11584.9 2162.32
CTP_r0
 23665.1 792.934 656.643 3767.82 703.261
YTP_r0
391040
Np
 175802 49556 716.706 593.518 4179.3
Nvult_p0
 136673 42882.8 620.194 513.594 3616.51
CTP_p0
 45709.3 21494.9 310.87 257.438 1812.77
YTP_p0
 766728
CBA_c0
503746
log_Ro
11.0892
likeval ReclasPelacesDesembMPH_pf_preclas_ppelaces_ptallas_desvR_qrecl_qpela
 51.2571 49.7686 0.271941 0.00232466 312.193 153.825 129.517 0 115.715 0 0 0.620589 0 0 0
q_reclas_q_pelaces
1 1
M
1
N
 391896 34515.7 12697.6 4671.19 2718.53
 6066.31 119016 8653.34 3183.39 1852.66
 90733.1 1746.06 26802.2 1948.71 1134.11
 33002.8 25887.1 386.357 5930.62 682.145
 4576.26 5732.19 2122.84 31.6828 542.272
 289728 416.72 129.206 47.8496 12.9372
 6376.36 74981.7 75.8694 23.5236 11.067
 1480.02 1158.37 6726.68 6.80632 3.10316
 71156.4 361.152 187.493 1088.77 1.60394
 12766.7 16082.2 50.1475 26.0342 151.403
 76264.8 2599.41 1812.3 5.6511 19.9954
 163040 24010.7 700.374 488.299 6.91008
 115890 39714.6 3872.68 112.963 79.8723
 45531.6 31106.4 7777.68 758.425 37.7648
 147433 8084.44 2665.74 666.527 68.2314
 317503 40950.7 1695.43 559.048 154.09
 233319 84018.3 7794.85 322.72 135.744
 308761 74531.2 23304.8 2162.12 127.168
 681195 92718.5 18269.2 5712.5 561.153
 74168.4 194773 20605.1 4060.01 1394.21
 502375 21586.4 44848.3 4744.52 1255.89
 593751 151456 5333.23 11080.4 1482.49
 11801.6 176323 36306.9 1278.48 3011.57
 419764 3810.06 49955.5 10286.4 1215.45
 226290 136313 1092.17 14320 3297.06
 28000.3 74684.6 40361.3 323.384 5216.28
 280036 9186.87 21854.2 11810.6 1621.02
 488192 87653.8 2446.67 5820.27 3577.13
 26878.9 164475 27044.8 754.898 2899.48
 9798.91 9272.35 53204.7 8748.51 1182.13
 171417 3154.74 2612.5 14990.5 2797.97
pred_Ctot
 43902.7 7168.52 2637.15 970.153 564.607
 851.251 30357.7 2207.22 811.991 472.56
 13142.1 458.257 7034.3 511.444 297.648
 11691.8 14262.3 212.86 3267.43 375.823
 2423.67 4125.58 1527.85 22.8028 390.285
 55875.1 140.75 43.6402 16.1616 4.36962
 2158.63 39947.1 40.42 12.5324 5.89605
 325.636 437.731 2541.91 2.57201 1.17264
 18041.2 153.48 79.6797 462.701 0.681633
 3779.04 7733.44 24.1143 12.519 72.8051
 7040.32 450.963 314.411 0.980392 3.46894
 36001.5 9100.78 265.463 185.08 2.61913
 20320.7 12349.2 1204.21 35.1259 24.8363
 15782.2 16865 4216.83 411.196 20.475
 23358 2298.74 757.982 189.522 19.401
 57860.2 13169.3 545.232 179.783 49.5537
 19645.1 13368.9 1240.31 51.351 21.5994
 36456.3 16246.4 5080.01 471.301 27.7202
 97910.5 24166.6 4761.77 1488.93 146.261
 9980.45 47834.2 5060.41 997.099 342.405
 58255.7 4628.05 9615.3 1017.21 269.258
 73623.4 34528.5 1215.86 2526.08 337.974
 923.09 26170.1 5388.72 189.754 446.981
 31435.8 542.663 7115.12 1465.08 173.115
 14844.2 17114.3 137.124 1797.89 413.951
 1931.91 9839.66 5317.59 42.6057 687.243
 26753.2 1645.76 3915.01 2115.77 290.393
 26169.3 9066.36 253.068 602.012 369.995
 1063.8 12679.9 2084.98 58.1976 223.531
 781.828 1402.33 8046.58 1323.11 178.782
 23665.1 792.934 656.643 3767.82 703.261
F
 0.191735 0.383469 0.383469 0.383469 0.383469
 0.245388 0.490776 0.490776 0.490776 0.490776
 0.254179 0.508357 0.508357 0.508357 0.508357
 0.750494 1.50099 1.50099 1.50099 1.50099
 1.39622 2.79245 2.79245 2.79245 2.79245
 0.3517 0.7034 0.7034 0.7034 0.7034
 0.705581 1.41116 1.41116 1.41116 1.41116
 0.410515 0.821031 0.821031 0.821031 0.821031
 0.487165 0.974331 0.974331 0.974331 0.974331
 0.591559 1.18312 1.18312 1.18312 1.18312
 0.155712 0.311424 0.311424 0.311424 0.311424
 0.412276 0.824552 0.824552 0.824552 0.824552
 0.31523 0.63046 0.63046 0.63046 0.63046
 0.728466 1.45693 1.45693 1.45693 1.45693
 0.281002 0.562004 0.562004 0.562004 0.562004
 0.329453 0.658907 0.658907 0.658907 0.658907
 0.141187 0.282375 0.282375 0.282375 0.282375
 0.203001 0.406002 0.406002 0.406002 0.406002
 0.252015 0.504029 0.504029 0.504029 0.504029
 0.234274 0.468549 0.468549 0.468549 0.468549
 0.199053 0.398107 0.398107 0.398107 0.398107
 0.214143 0.428286 0.428286 0.428286 0.428286
 0.130593 0.261185 0.261185 0.261185 0.261185
 0.124738 0.249475 0.249475 0.249475 0.249475
 0.108541 0.217083 0.217083 0.217083 0.217083
 0.114439 0.228879 0.228879 0.228879 0.228879
 0.161524 0.323049 0.323049 0.323049 0.323049
 0.08795 0.1759 0.1759 0.1759 0.1759
 0.0643061 0.128612 0.128612 0.128612 0.128612
 0.133364 0.266729 0.266729 0.266729 0.266729
 0.240998 0.481997 0.481997 0.481997 0.481997
nmprior
 8.19 8.8 8.5 0
nm_flota  nm_reclas  nm_pelaces    nm_pelaL
inf 5.12042 4.76566 7.61307
cv_recla  cv_pelaces  cv_mph
0.647593 0.799926 1.48794
 ------------------------------------------------
Talla a la edad & desviaci?n 
 8 13.2811 15.8009 17.003 17.5766
 0.8 1.32811 1.58009 1.7003 1.75766
