years
 1991 1992 1993 1994 1995 1996 1997 1998 1999 2000 2001 2002 2003 2004 2005 2006 2007 2008 2009 2010 2011 2012 2013 2014 2015 2016 2017 2018 2019 2020 2021
reclasobs
 0 0 0 0 0 0 0 0 0 252601 567819 844713 477998 351125 339783 2.1784e+06 2.13404e+06 4.81314e+06 1.55562e+06 2.62356e+06 3.21686e+06 3.843e+06 1.13348e+06 3.07943e+06 1.97215e+06 2.03268e+06 2.025e+06 2.42433e+06 2.27542e+06 1.05018e+06 2.36338e+06
reclaspred
 3.18331e+06 1.72961e+06 875462 889471 897331 1.6234e+06 887266 751255 527523 349683 499242 692689 680875 495729 479827 1.38348e+06 1.18357e+06 3.21011e+06 2.50938e+06 1.81567e+06 3.12959e+06 2.56503e+06 1.91794e+06 3.05836e+06 2.26408e+06 1.98603e+06 2.41779e+06 2.66269e+06 2.08988e+06 1.23248e+06 1.83745e+06
pelacesobs
 0 0 0 0 0 0 0 0 0 0 0 0 0 0 0 552880 188675 0 991730 2.46772e+06 1.41603e+06 1.21717e+06 2.29649e+06 1.80582e+06 0 1.4828e+06 1.56532e+06 1.57751e+06 1.42118e+06 867257 1.10002e+06
pelacespred
 1.74496e+06 1.03108e+06 505274 421631 468063 879585 414014 475851 300523 181117 284969 326052 356522 261082 262363 644373 563568 1.79675e+06 1.41307e+06 928090 1.62663e+06 1.3784e+06 1.06803e+06 1.88833e+06 1.33021e+06 1.1772e+06 1.63348e+06 1.77071e+06 1.16087e+06 761035 1.10835e+06
mphobs
 0 0 0 0 0 0 0 0 0 0 0 498337 0 5186 125008 0 168611 109162 213762 579715 649985 157893 87575 83554 0 0 0 0 0 0 0
mphpred
 490189 328363 156297 86840.2 93171 112868 160880 83010 74371.5 45240.9 27286.6 60845.2 65768 53317.2 31461.8 39884.8 154867 130786 322757 220042 231595 283441 272106 213290 311168 256156 207090 226325 331911 212702 121440
desembarqueobs
 494567 514787 250237 358949 120608 361735 552515 73892 212993 205616 52469 317467 293654 387597 252695 516296 358380 742168 942051 627588 828172 859565 418607 520667 417249 300574 415391 372974 316634 284311 391294
desembarquepred
 494568 513932 250608 358984 120613 361736 552513 73897.3 213052 205668 52471.7 317519 293676 387546 252659 516204 358400 741991 941697 627328 828241 859502 418597 520685 417225 300565 415375 372932 316605 284305 391292
Reclutas
 165748 91746.5 91956.3 133723 108281 208602 79058.8 32519.5 32771.2 44531.7 82914.9 123769 103291 72282.2 64773 353476 65385.2 580622 312797 255994 344334 482227 91336.2 270823 233596 100549 229704 262979 75317.9 53007.1 200457
log_desv_Rt
 0.238223 -0.353216 -0.350931 0.0235234 -0.187511 0.468181 -0.502053 -1.3904 -1.38269 -1.07604 -0.45443 -0.0538257 -0.234698 -0.591666 -0.701356 0.99557 -0.691948 1.49186 0.873309 0.67291 0.969368 1.30617 -0.357698 0.729222 0.58135 -0.261596 0.564545 0.699829 -0.550526 -0.901819 0.428357
SSB
 1.83888e+06 1.23181e+06 586327 325770 349519 423411 603520 311401 278995 169715 102362 228253 246720 200013 118025 149623 580962 490627 1.21078e+06 825460 868799 1.06329e+06 1.02077e+06 800129 1.16731e+06 960936 776871 849031 1.24512e+06 797925 455568
BT
 2.63529e+06 1.81142e+06 881959 837321 694878 1.44491e+06 1.01773e+06 676864 597048 429506 413942 684190 725295 739022 593294 1.25567e+06 999614 2.99511e+06 2.71329e+06 1.74674e+06 2.77834e+06 2.5638e+06 1.72639e+06 2.93304e+06 2.08706e+06 1.77289e+06 2.53927e+06 2.6652e+06 1.73814e+06 1.24746e+06 1.8096e+06
Ftot
 0.227258 0.420239 0.413592 0.634896 0.21311 0.373307 0.869902 0.153548 0.617888 0.886944 0.188086 0.732562 0.684215 1.20123 0.889154 0.675784 0.450041 0.411582 0.579108 0.5436 0.429667 0.538547 0.323856 0.289343 0.286393 0.231021 0.288445 0.240046 0.218204 0.335657 0.36771
BD_Bspro_t
 0.964446 0.761073 0.54501 0.443641 0.433767 0.531972 0.541465 0.340374 0.393505 0.326541 0.281285 0.551113 0.431495 0.336943 0.223286 0.269433 0.468654 0.41585 0.567593 0.44394 0.410653 0.457395 0.475731 0.454195 0.580248 0.590652 0.594877 0.643386 0.707362 0.614823 0.518342
BD_Bspro
 1.96963 1.31939 0.628017 0.348933 0.374371 0.453517 0.646431 0.333543 0.298832 0.181783 0.10964 0.244482 0.264262 0.214234 0.126417 0.160261 0.62227 0.525512 1.29687 0.884152 0.930573 1.1389 1.09335 0.85702 1.2503 1.02926 0.832108 0.909398 1.33365 0.854659 0.48796
BD_Bo
 1.28075 0.857938 0.408368 0.226894 0.243435 0.2949 0.420343 0.216887 0.194316 0.118204 0.0712937 0.158975 0.171837 0.139306 0.0822026 0.10421 0.404632 0.341715 0.843292 0.574921 0.605106 0.740568 0.710952 0.557278 0.813012 0.669278 0.541079 0.591337 0.867208 0.555743 0.317296
BD_Brms
 6.78971 4.54822 2.1649 1.20284 1.29053 1.56336 2.22838 1.14979 1.03013 0.626641 0.377952 0.842779 0.910966 0.738507 0.435784 0.552452 2.14509 1.81155 4.47058 3.04785 3.20787 3.926 3.76899 2.95432 4.31005 3.54807 2.86844 3.13488 4.59736 2.94618 1.68209
Sel_flota
 0.687363 0.976621 0.998742 0.999934 0.999997
 0.687363 0.976621 0.998742 0.999934 0.999997
 0.687363 0.976621 0.998742 0.999934 0.999997
 0.687363 0.976621 0.998742 0.999934 0.999997
 0.687363 0.976621 0.998742 0.999934 0.999997
 0.687363 0.976621 0.998742 0.999934 0.999997
 0.687363 0.976621 0.998742 0.999934 0.999997
 0.687363 0.976621 0.998742 0.999934 0.999997
 0.687363 0.976621 0.998742 0.999934 0.999997
 0.687363 0.976621 0.998742 0.999934 0.999997
 0.687363 0.976621 0.998742 0.999934 0.999997
 0.687363 0.976621 0.998742 0.999934 0.999997
 0.687363 0.976621 0.998742 0.999934 0.999997
 0.687363 0.976621 0.998742 0.999934 0.999997
 0.687363 0.976621 0.998742 0.999934 0.999997
 0.687363 0.976621 0.998742 0.999934 0.999997
 0.687363 0.976621 0.998742 0.999934 0.999997
 0.687363 0.976621 0.998742 0.999934 0.999997
 0.687363 0.976621 0.998742 0.999934 0.999997
 0.687363 0.976621 0.998742 0.999934 0.999997
 0.687363 0.976621 0.998742 0.999934 0.999997
 0.687363 0.976621 0.998742 0.999934 0.999997
 0.687363 0.976621 0.998742 0.999934 0.999997
 0.687363 0.976621 0.998742 0.999934 0.999997
 0.687363 0.976621 0.998742 0.999934 0.999997
 0.687363 0.976621 0.998742 0.999934 0.999997
 0.687363 0.976621 0.998742 0.999934 0.999997
 0.687363 0.976621 0.998742 0.999934 0.999997
 0.687363 0.976621 0.998742 0.999934 0.999997
 0.687363 0.976621 0.998742 0.999934 0.999997
 0.687363 0.976621 0.998742 0.999934 0.999997
Sel_reclas
 1 1 1 1 1
 1 1 1 1 1
 1 1 1 1 1
 1 1 1 1 1
 1 1 1 1 1
 1 1 1 1 1
 1 1 1 1 1
 1 1 1 1 1
 1 1 1 1 1
 1 1 1 1 1
 1 1 1 1 1
 1 1 1 1 1
 1 1 1 1 1
 1 1 1 1 1
 1 1 1 1 1
 1 1 1 1 1
 1 1 1 1 1
 1 1 1 1 1
 1 1 1 1 1
 1 1 1 1 1
 1 1 1 1 1
 1 1 1 1 1
 1 1 1 1 1
 1 1 1 1 1
 1 1 1 1 1
 1 1 1 1 1
 1 1 1 1 1
 1 1 1 1 1
 1 1 1 1 1
 1 1 1 1 1
 1 1 1 1 1
Sel_pelaces
 0.96632 1 1 1 1
 0.96632 1 1 1 1
 0.96632 1 1 1 1
 0.96632 1 1 1 1
 0.96632 1 1 1 1
 0.96632 1 1 1 1
 0.96632 1 1 1 1
 0.96632 1 1 1 1
 0.96632 1 1 1 1
 0.96632 1 1 1 1
 0.96632 1 1 1 1
 0.96632 1 1 1 1
 0.96632 1 1 1 1
 0.96632 1 1 1 1
 0.96632 1 1 1 1
 0.96632 1 1 1 1
 0.96632 1 1 1 1
 0.96632 1 1 1 1
 0.96632 1 1 1 1
 0.96632 1 1 1 1
 0.96632 1 1 1 1
 0.96632 1 1 1 1
 0.96632 1 1 1 1
 0.96632 1 1 1 1
 0.96632 1 1 1 1
 0.96632 1 1 1 1
 0.96632 1 1 1 1
 0.96632 1 1 1 1
 0.96632 1 1 1 1
 0.96632 1 1 1 1
 0.96632 1 1 1 1
pf_obs 
 0.8446 0.082 0.0669 0.0065 0
 0.8095 0.147 0.0364 0.0071 0
 0.9664 0.0169 0.016 0.0007 0
 0.9276 0.0648 0.0075 0.0001 0
 0.7033 0.2144 0.0806 0.0017 0
 0.9318 0.0425 0.0243 0.0014 0
 0.5671 0.3108 0.0964 0.0239 0.0018
 0.0768 0.2599 0.5324 0.112 0.0189
 0.490249 0.384438 0.106611 0.0170017 0.00170017
 0.7925 0.1577 0.0466 0.003 0.0002
 0.840416 0.127587 0.0312969 0.00059994 9.999e-05
 0.8084 0.0986 0.0794 0.0134 0.0002
 0.7335 0.1905 0.0724 0.0035 0.0001
 0.4001 0.4547 0.1325 0.0127 0
 0.49795 0.308269 0.164784 0.0264974 0.00249975
 0.9179 0.0499 0.0305 0.0017 0
 0.2467 0.6533 0.0926 0.0074 0
 0.9418 0.0223 0.034 0.0019 0
 0.707729 0.231977 0.0356964 0.0245975 0
 0.517169 0.277429 0.184464 0.0207286 0.00020938
 0.811772 0.124168 0.05621 0.00726502 0.000585176
 0.764997 0.148141 0.077277 0.00933861 0.000247198
 0.163321 0.427699 0.378323 0.0303852 0.000271297
 0.753843 0.0900009 0.118128 0.0371064 0.000921714
 0.721811 0.176058 0.0630433 0.0369309 0.00215725
 0.143369 0.312575 0.442814 0.0836902 0.0175525
 0.692698 0.0596174 0.167031 0.0765114 0.00414204
 0.394062 0.376323 0.152708 0.0712218 0.00568511
 0.125707 0.32114 0.495352 0.0537591 0.00404204
 0.23352 0.215282 0.420074 0.123614 0.00750983
 0.774587 0.0839891 0.0768558 0.0609784 0.00358967
pf_pred 
 0.492651 0.14463 0.33864 0.0240776 8.66984e-07
 0.433315 0.333761 0.0675687 0.154391 0.0109635
 0.590383 0.220095 0.112911 0.0222471 0.0543643
 0.73127 0.18456 0.0458053 0.0228702 0.0154944
 0.665835 0.270968 0.043821 0.0105527 0.00882397
 0.767938 0.172474 0.0485414 0.00766244 0.00338368
 0.460918 0.448875 0.0675039 0.0184995 0.00420368
 0.459769 0.31553 0.188158 0.0273578 0.0091843
 0.558588 0.243657 0.116639 0.0679393 0.0131777
 0.744307 0.170622 0.047606 0.0221118 0.0153527
 0.84733 0.126468 0.0176863 0.00476972 0.00374665
 0.757712 0.2155 0.0222826 0.00304227 0.00146301
 0.70339 0.247251 0.0440562 0.00441269 0.000890648
 0.6563 0.271819 0.0602296 0.0104016 0.00125
 0.768325 0.178821 0.0421427 0.0089776 0.00173307
 0.945994 0.0457003 0.0064613 0.00147147 0.000373285
 0.363771 0.614089 0.0188243 0.00258054 0.000735536
 0.91831 0.0378652 0.0423404 0.00126266 0.000222099
 0.579358 0.397425 0.010918 0.0118826 0.000416081
 0.62776 0.253536 0.112337 0.00299649 0.0033701
 0.739534 0.188416 0.0495255 0.0213188 0.0012063
 0.756179 0.197879 0.0334874 0.00856527 0.00388994
 0.310537 0.570233 0.0972912 0.0159977 0.00594084
 0.745642 0.101753 0.126777 0.0210816 0.00474714
 0.628629 0.302077 0.0281444 0.034193 0.00695683
 0.423562 0.411209 0.135044 0.0122696 0.0179151
 0.732687 0.138339 0.0926518 0.0296939 0.00662818
 0.687865 0.250471 0.0323058 0.0210987 0.00826005
 0.335805 0.506558 0.127118 0.0159989 0.0145202
 0.407961 0.250949 0.261641 0.0640841 0.0153652
 0.828484 0.0871837 0.036287 0.0368663 0.0111791
pobs_RECLAS
 0 0 0 0 0
 0 0 0 0 0
 0 0 0 0 0
 0 0 0 0 0
 0 0 0 0 0
 0 0 0 0 0
 0 0 0 0 0
 0 0 0 0 0
 0 0 0 0 0
 0 0 0 0 0
 0.991045 0.00858322 0.000360255 1.14367e-05 0
 0.934742 0.0480273 0.0164251 0.00080598 0
 0.827803 0.169806 0.00239088 0 0
 0.941827 0.0461693 0.0120037 0 0
 0.791401 0.0380133 0.147996 0.0225897 0
 0.846168 0.0940531 0.0597789 0 0
 0.134021 0.677848 0.182769 0.00536245 0
 0.80878 0.0450904 0.141981 0.00414843 0
 0.846168 0.0940531 0.0597789 0 0
 0.905697 0.0802665 0.012482 0.00150086 5.37128e-05
 0.989698 0.0102097 9.19794e-05 0 0
 0.975433 0.0193895 0.00387452 0.00125025 5.28907e-05
 0.303575 0.632131 0.0575291 0.00676475 0
 0.966965 0.00978017 0.0227588 0.000495775 0
 0.843318 0.132988 0.00938335 0.0141283 0.000182051
 0.564624 0.303363 0.111486 0.0197234 0.00080311
 0.826376 0.0876187 0.0782897 0.00655872 0.00115652
 0.89761 0.0855135 0.0140674 0.00269457 0.000114338
 0.34875 0.467042 0.161289 0.0227151 0.000203297
 0.318654 0.224769 0.449479 0.00709798 0
 0.937255 0.0296025 0.0250945 0.00804832 0
ppred_RECLAS
 0.585303 0.12017 0.274998 0.0195288 7.03146e-07
 0.526502 0.281662 0.0556992 0.127111 0.0090257
 0.677173 0.175382 0.0878883 0.0172952 0.0422609
 0.799399 0.138836 0.0336326 0.0167708 0.0113614
 0.74095 0.210975 0.0333478 0.00802085 0.00670646
 0.827128 0.129256 0.0355397 0.00560311 0.00247413
 0.558058 0.36955 0.0541906 0.014831 0.00336984
 0.550705 0.264914 0.154426 0.0224261 0.0075282
 0.650079 0.195288 0.0912533 0.0530845 0.0102957
 0.812092 0.126466 0.0344042 0.0159583 0.0110795
 0.888362 0.0928431 0.0126912 0.00341848 0.00268507
 0.820743 0.159872 0.0161287 0.00219918 0.0010575
 0.776199 0.187314 0.0325713 0.00325812 0.000657567
 0.742317 0.204938 0.0442053 0.00762327 0.000916048
 0.830816 0.131344 0.0301802 0.00642057 0.00123936
 0.962406 0.0319318 0.00440589 0.00100207 0.000254191
 0.452017 0.529345 0.0158488 0.00216992 0.000618454
 0.942475 0.027 0.0294919 0.000878397 0.000154498
 0.666564 0.315457 0.00846057 0.00919628 0.000321995
 0.710913 0.198397 0.0858317 0.00228657 0.0025715
 0.80455 0.142313 0.036539 0.0157089 0.000888816
 0.818433 0.148022 0.0244593 0.00624817 0.00283743
 0.393478 0.503649 0.0839632 0.0137891 0.00512034
 0.809856 0.0771293 0.0939063 0.0155964 0.00351177
 0.708954 0.237783 0.0216492 0.0262696 0.0053444
 0.51403 0.348961 0.112006 0.010164 0.0148397
 0.798858 0.10527 0.0688965 0.0220535 0.00492239
 0.760018 0.193461 0.0243869 0.0159075 0.00622732
 0.420847 0.444108 0.108926 0.0136926 0.0124262
 0.500595 0.214553 0.218566 0.0534675 0.0128189
 0.875354 0.0641069 0.0260678 0.0264511 0.00802034
pobs_PELACES
 0 0 0 0 0
 0 0 0 0 0
 0 0 0 0 0
 0 0 0 0 0
 0 0 0 0 0
 0 0 0 0 0
 0 0 0 0 0
 0 0 0 0 0
 0 0 0 0 0
 0 0 0 0 0
 0 0 0 0 0
 0 0 0 0 0
 0 0 0 0 0
 0 0 0 0 0
 0 0 0 0 0
 0 0 0 0 0
 0.505614 0.472636 0.0217494 0 0
 0 0 0 0 0
 0.443492 0.261883 0.143347 0.151278 0
 0.227955 0.32914 0.350689 0.0885471 0.00366901
 0.970185 0.0296113 0.000203453 0 0
 0.997202 0.00247181 0.000326279 0 0
 0.445219 0.490057 0.0546422 0.010081 0
 0.90214 0.0892962 0.00764917 0.000914606 0
 0 0 0 0 0
 0.581667 0.319106 0.0959925 0.00289975 0.000334073
 0.762889 0.0836404 0.116647 0.0363945 0.000428098
 0.88444 0.0763242 0.0277011 0.0115352 0
 0.521256 0.241999 0.230069 0.00667565 0
 0.616807 0.101726 0.260614 0.0208532 0
 0.833518 0.0704572 0.0857862 0.0102388 0
ppred_PELACES
 0.582536 0.121114 0.276701 0.0196479 7.07432e-07
 0.528282 0.280965 0.0553912 0.126387 0.00897422
 0.678621 0.174842 0.0873535 0.0171872 0.0419965
 0.803821 0.135974 0.032787 0.0163451 0.0110728
 0.738326 0.213175 0.0336431 0.00809119 0.00676524
 0.827423 0.129124 0.0354069 0.00558136 0.00246451
 0.570309 0.359684 0.0524099 0.0143387 0.00325794
 0.545965 0.267833 0.155953 0.0226464 0.00760214
 0.65614 0.192296 0.0894508 0.0520233 0.0100898
 0.819982 0.121418 0.0328178 0.0152172 0.0105647
 0.886758 0.0941991 0.0128589 0.0034634 0.00272034
 0.826014 0.155261 0.01558 0.00212375 0.00102121
 0.781686 0.182871 0.0316403 0.00316413 0.000638589
 0.757726 0.193031 0.0412734 0.0071143 0.000854866
 0.83801 0.125943 0.0287519 0.00611457 0.00118027
 0.963512 0.031016 0.00425848 0.000968287 0.000245617
 0.454201 0.527296 0.0157356 0.00215405 0.000613924
 0.942833 0.0268748 0.0292671 0.00087156 0.000153294
 0.671271 0.311077 0.0083079 0.00902827 0.000316109
 0.714777 0.19599 0.0844543 0.0022494 0.00252966
 0.805745 0.141566 0.0362332 0.0155748 0.00088122
 0.821075 0.145975 0.0240265 0.0061363 0.0027866
 0.392777 0.504436 0.0838958 0.0137763 0.00511555
 0.809027 0.0775637 0.094236 0.0156494 0.00352368
 0.707605 0.238979 0.0217127 0.0263436 0.00535943
 0.511099 0.351233 0.112545 0.0102121 0.0149098
 0.797939 0.105859 0.069136 0.0221276 0.00493891
 0.758006 0.19515 0.0245569 0.0160168 0.00627009
 0.417668 0.446713 0.109391 0.0137498 0.0124781
 0.500393 0.214944 0.218427 0.0534266 0.012809
 0.875592 0.0640706 0.0259832 0.0263614 0.00799309
pobs_pel_tallas
 0 0 0 0 0 0 0 0 0 0 0 0 0 0 0 0 0 0 0 0 0 0 0 0 0 0
 0 0 0 0 0 0 0 0 0 0 0 0 0 0 0 0 0 0 0 0 0 0 0 0 0 0
 0 0 0 0 0 0 0 0 0 0 0 0 0 0 0 0 0 0 0 0 0 0 0 0 0 0
 0 0 0 0 0 0 0 0 0 0 0 0 0 0 0 0 0 0 0 0 0 0 0 0 0 0
 0 0 0 0 0 0 0 0 0 0 0 0 0 0 0 0 0 0 0 0 0 0 0 0 0 0
 0 0 0 0 0 0 0 0 0 0 0 0 0 0 0 0 0 0 0 0 0 0 0 0 0 0
 0 0 0 0 0 0 0 0 0 0 0 0 0 0 0 0 0 0 0 0 0 0 0 0 0 0
 0 0 0 0 0 0 0 0 0 0 0 0 0 0 0 0 0 0 0 0 0 0 0 0 0 0
 0 0 0 0 0 0 0 0 0 0 0 0 0 0 0 0 0 0 0 0 0 0 0 0 0 0
 0 0 0 0 0 0 0 0 0 0 0 0 0 0 0 0 0 0 0 0 0 0 0 0 0 0
 0 0 0 0 0 0 0 0 0 0 0 0 0 0 0 0 0 0 0 0 0 0 0 0 0 0
 0 0 0 0 0 0 0 0 0 0 0 0 0 0 0 0 0 0 0 0 0 0 0 0 0 0
 0.00862536 0 0 0.000197151 0.00414017 0.0128641 0.00837892 0.0270097 0.101434 0.158115 0.152841 0.127902 0.109271 0.109419 0.0830992 0.0579132 0.0238553 0.00714673 0.00463305 0.00128148 0.00103504 0.000492878 0.000147863 0.000147863 4.92878e-05 0
 0 0 0 0 0 0 0 0 0 0 0 0 0 0 0 0 0 0 0 0 0 0 0 0 0 0
 0 0 0 0 0 0 0 0.0054083 0.00873648 0.0413646 0.0450493 0.0745869 0.0622846 0.0627006 0.0613931 0.0827291 0.12552 0.122667 0.0946155 0.0697135 0.0546179 0.0294188 0.0215738 0.0213955 0.0102223 0.00600262
 0 0 0 0 0.00359764 0.0251062 0.0480494 0.140153 0.205849 0.193036 0.1447 0.116669 0.0760912 0.0342217 0.00950174 0.001854 0.000860785 0 0 0 0.000165536 0 0.000143464 0 0 0
 0 0 0 0 0 0 0 0.000145254 0.000435761 0.0275982 0.070085 0.0708112 0.156366 0.174668 0.174014 0.160142 0.0824315 0.0480064 0.0283245 0.00493863 0.00203355 0 0 0 0 0
 0 0 0 0 0 0 0 0 0 0 0 0 0 0 0 0 0 0 0 0 0 0 0 0 0 0
 0 0 1.00437e-05 0.000401748 0.00122533 0.00171747 0.00176769 0.0269171 0.070346 0.194647 0.189555 0.159765 0.064822 0.0314167 0.0384472 0.0292271 0.0345202 0.0313363 0.0194345 0.0106764 0.0143323 0.0359363 0.0279516 0.0138201 0.00172751 0
 0 0.0021121 0.0136068 0.0755702 0.200478 0.177729 0.0527432 0.0373336 0.0318909 0.0142505 0.0149659 0.0166563 0.0217959 0.0798694 0.0677717 0.0528807 0.04013 0.0224614 0.0357745 0.0225083 0.00881397 0.00855152 0.00135912 0.000746735 0 0
 0 0 0 0 5.4009e-05 0.00500934 0.000945158 0.0243581 0.138947 0.33067 0.221406 0.137944 0.0707744 0.0437923 0.0131692 0.00525238 0.0047753 0.00276346 9.45158e-05 9.00151e-06 2.25038e-05 9.00151e-06 4.50075e-06 0 0 0
 0.000866109 0.00284123 0.00948549 0.0512746 0.133035 0.25785 0.225252 0.132002 0.0553304 0.0519788 0.0540692 0.017754 0.00435017 0.00159236 0.00146478 0.000404838 0.000125132 0.000115318 0.000107957 0.000100596 0 0 0 0 0 0
 0 0 0 0 0.00144013 0.00171154 0.00461396 0.0210425 0.0478622 0.0707936 0.0888783 0.103762 0.0637923 0.0337046 0.0602308 0.124433 0.169614 0.0934646 0.0462172 0.0250306 0.0313229 0.00938855 0.002487 0.000210481 0 0
 0 0.00764035 0.051015 0.0998891 0.058973 0.0496711 0.0374665 0.0718981 0.12319 0.153886 0.159021 0.0857701 0.0377988 0.023471 0.0147837 0.00900784 0.00315554 0.000888139 0.00291439 0.00214683 0.00393193 0.00274676 0.000635225 9.99891e-05 0 0
 0 0 0 0 0 0 0 0 0 0 0 0 0 0 0 0 0 0 0 0 0 0 0 0 0 0
 0 0 0 0 0 0 0 0 0 0 0 0 0 0 0 0 0 0 0 0 0 0 0 0 0 0
 0 0 0 0 0 0 0 0 0 0 0 0 0 0 0 0 0 0 0 0 0 0 0 0 0 0
 0 0 0 0 0 0 0 0 0 0 0 0 0 0 0 0 0 0 0 0 0 0 0 0 0 0
 0 0 0 0 0 0 0 0 0 0 0 0 0 0 0 0 0 0 0 0 0 0 0 0 0 0
 0 0 0 0 0 0 0 0 0 0 0 0 0 0 0 0 0 0 0 0 0 0 0 0 0 0
 0 0 0 0 0 0 0 0 0 0 0 0 0 0 0 0 0 0 0 0 0 0 0 0 0 0
ppred_pel_tallas
 1.09987e-16 4.79828e-05 0.00046641 0.00309946 0.0140897 0.0438383 0.0934026 0.136326 0.136338 0.0934618 0.0440383 0.0146725 0.00458187 0.00376688 0.00650434 0.0111667 0.0172189 0.0240162 0.030845 0.0372362 0.0429908 0.0478271 0.0510371 0.0516014 0.0487719 0.0426537
 1.15864e-16 4.3514e-05 0.000422971 0.0028108 0.0127775 0.0397556 0.0847046 0.123635 0.123662 0.0848373 0.0402014 0.0140659 0.00604882 0.00750521 0.0135362 0.0224267 0.0325978 0.0416646 0.0472806 0.0485061 0.0464127 0.0433197 0.0412485 0.0407898 0.0410848 0.0406628
 1.11397e-16 5.58971e-05 0.00054334 0.00361069 0.0164137 0.0510691 0.108809 0.158813 0.15883 0.108892 0.0513478 0.0172203 0.00564079 0.00499327 0.00856122 0.0142085 0.0208042 0.0268942 0.0310407 0.0326156 0.0321512 0.0308877 0.0298893 0.0294414 0.0290982 0.0281697
 1.04495e-16 6.62097e-05 0.000643582 0.00427683 0.0194418 0.0604909 0.128883 0.188111 0.188124 0.128947 0.0607065 0.0200649 0.00584221 0.00406558 0.00657949 0.0108108 0.0156598 0.0198949 0.0223144 0.0223844 0.0205526 0.0179209 0.015542 0.0138935 0.0128383 0.0119463
 1.02982e-16 6.0815e-05 0.000591143 0.00392835 0.0178577 0.0555622 0.118382 0.172786 0.172807 0.118482 0.0558994 0.0188319 0.00637396 0.0059311 0.0102059 0.0167855 0.0241968 0.0304773 0.0336688 0.032872 0.0287755 0.0231752 0.0178843 0.0138844 0.0112081 0.00937273
 1.02032e-16 6.81538e-05 0.000662479 0.00440241 0.0200127 0.062267 0.132667 0.193634 0.193646 0.132728 0.0624718 0.0206045 0.00588909 0.00391226 0.00625277 0.0102623 0.0148537 0.0188394 0.0210522 0.0209458 0.0188993 0.0159218 0.0130107 0.0106742 0.00889763 0.00742491
 1.03594e-16 4.69757e-05 0.00045662 0.00303441 0.013794 0.0429184 0.0914435 0.133472 0.133506 0.0916129 0.0434872 0.0154371 0.00715889 0.00946095 0.0171495 0.0282815 0.0407462 0.0512609 0.0565065 0.0549483 0.0477391 0.037916 0.028566 0.0213917 0.0165074 0.013158
 1.08127e-16 4.49705e-05 0.000437129 0.00290488 0.0132052 0.0410863 0.0875397 0.127772 0.127798 0.0876669 0.0415138 0.0144422 0.00601916 0.00726571 0.0131019 0.0218191 0.0319638 0.0413159 0.0476061 0.049737 0.0483249 0.0450534 0.0414185 0.0379228 0.0342198 0.0298203
 1.09556e-16 5.40454e-05 0.000525341 0.00349108 0.0158699 0.0493774 0.105204 0.153553 0.153571 0.105296 0.0496838 0.0167566 0.00572259 0.00541601 0.00939961 0.0156061 0.0228387 0.0294974 0.033993 0.035622 0.03495 0.0333101 0.0318333 0.0308007 0.0297232 0.027905
 1.04293e-16 6.75409e-05 0.000656521 0.00436282 0.0198327 0.0617071 0.131474 0.191892 0.191904 0.131531 0.0618997 0.0203895 0.00576198 0.0037161 0.00589377 0.00967828 0.0140354 0.0178668 0.0201063 0.0202801 0.0187826 0.016581 0.0145905 0.0132113 0.0123024 0.0114759
 1.01203e-16 7.30411e-05 0.000709986 0.00471811 0.0214478 0.0667322 0.14218 0.207518 0.207527 0.142225 0.0668812 0.0218781 0.00579805 0.00306751 0.00455047 0.00740746 0.0106644 0.0134132 0.0147821 0.0143726 0.0124928 0.009946 0.00754687 0.00574235 0.00455472 0.00377039
 1.00876e-16 6.80377e-05 0.000661351 0.00439491 0.0199786 0.062161 0.132441 0.193305 0.19332 0.132514 0.0624063 0.020687 0.00617237 0.00453974 0.0074284 0.0121587 0.0174745 0.0219022 0.0239877 0.0230582 0.0196205 0.0150199 0.0106458 0.00729804 0.00507746 0.00367917
 1.01386e-16 6.43865e-05 0.00062586 0.00415906 0.0189065 0.0588252 0.125334 0.182932 0.18295 0.12542 0.0591145 0.0197423 0.00625737 0.0052076 0.0087691 0.0144031 0.0207593 0.0261389 0.02885 0.0281013 0.0244581 0.0194371 0.0145855 0.0107656 0.00806 0.00613314
 1.02099e-16 6.2413e-05 0.000606676 0.00403158 0.018327 0.0570221 0.121492 0.177326 0.177344 0.121583 0.0573278 0.0192102 0.00624964 0.00545212 0.00927471 0.0152599 0.0220358 0.0278329 0.0308846 0.0303648 0.026858 0.0219264 0.0171414 0.0133459 0.0105766 0.00846397
 1.01675e-16 6.90258e-05 0.000670956 0.00445874 0.0202688 0.0630637 0.134364 0.196111 0.196123 0.134424 0.0632633 0.0208453 0.00590673 0.00383475 0.00608589 0.00997347 0.0144106 0.018226 0.0202718 0.0200136 0.0178325 0.0147398 0.0117448 0.0093769 0.00764013 0.00628017
 1.0027e-16 7.93632e-05 0.000771438 0.00512648 0.0233042 0.0725081 0.154486 0.225478 0.225481 0.154501 0.0725572 0.0234459 0.00548202 0.00154754 0.00155321 0.00244182 0.00350899 0.00441058 0.0048549 0.0047087 0.00407148 0.00320637 0.00238194 0.00174816 0.00131778 0.00102756
 1.00909e-16 3.7412e-05 0.000363658 0.00241664 0.0109857 0.0341809 0.072828 0.106305 0.106356 0.0730758 0.0350127 0.013387 0.00843937 0.0134955 0.0249307 0.041034 0.0588201 0.0733621 0.0796643 0.075423 0.0624306 0.045438 0.0294222 0.0173533 0.0097286 0.00550913
 1.00965e-16 7.76599e-05 0.000754882 0.00501646 0.0228041 0.070952 0.151171 0.220639 0.220641 0.151184 0.0709953 0.0229297 0.00533364 0.00145348 0.00142248 0.00227561 0.00337917 0.00447403 0.00534441 0.00587664 0.00609672 0.00610385 0.00596188 0.00565123 0.00511576 0.00434627
 1.01279e-16 5.52918e-05 0.000537456 0.00357158 0.0162359 0.0505161 0.107631 0.157097 0.157127 0.107777 0.0510069 0.0176526 0.00712505 0.00828577 0.0147446 0.02422 0.0347254 0.0433359 0.0471154 0.0447209 0.0372247 0.0274349 0.0182744 0.0114584 0.0072247 0.00490176
 1.03142e-16 5.88753e-05 0.000572288 0.00380306 0.0172882 0.05379 0.114606 0.167275 0.167294 0.114699 0.0541017 0.0181896 0.0060699 0.00553431 0.00952194 0.0157503 0.0229182 0.0293047 0.0331723 0.0336786 0.0313131 0.0274507 0.0234186 0.0198462 0.0166855 0.0136588
 1.02793e-16 6.63682e-05 0.000645122 0.00428707 0.0194884 0.0606357 0.129191 0.188561 0.188575 0.129258 0.0608602 0.0201371 0.00591685 0.00420776 0.00684668 0.0112515 0.0162906 0.0206747 0.0231353 0.0230894 0.0209694 0.017892 0.0149439 0.0126504 0.0109431 0.00948293
 1.01818e-16 6.76309e-05 0.000657396 0.00436863 0.0198592 0.0617893 0.131649 0.192149 0.192163 0.131718 0.0620203 0.0205263 0.00604362 0.0043149 0.00701684 0.011501 0.0165794 0.0208881 0.023084 0.0225485 0.019747 0.015901 0.0122443 0.00944546 0.00753174 0.00618637
 1.04798e-16 3.23526e-05 0.000314479 0.00208982 0.00950007 0.0295585 0.0629793 0.0919303 0.0919789 0.063217 0.0303566 0.0118054 0.00787731 0.0129514 0.0240404 0.0397132 0.0572528 0.0720931 0.0795857 0.0775669 0.0676201 0.0539531 0.0408424 0.0306486 0.0235485 0.0185438
 1.04906e-16 6.66385e-05 0.00064775 0.00430453 0.0195678 0.0608826 0.129717 0.189328 0.189335 0.129754 0.0610081 0.0199318 0.00522481 0.00267819 0.00398577 0.00664832 0.00995482 0.0133216 0.0161792 0.0182358 0.0195724 0.020433 0.0209036 0.0207887 0.0197816 0.0177489
 1.04237e-16 5.82845e-05 0.000566547 0.0037649 0.0171147 0.0532503 0.113456 0.165598 0.165621 0.113569 0.053628 0.0182054 0.00650233 0.00654109 0.0114016 0.0187496 0.0269904 0.0339234 0.0373591 0.0363195 0.0316371 0.0254026 0.0197105 0.0156662 0.0132325 0.0117324
 1.06885e-16 4.20986e-05 0.000409214 0.00271937 0.0123619 0.0384626 0.0819499 0.119615 0.119649 0.0821159 0.0390201 0.0139733 0.0067691 0.00926555 0.0169081 0.0280062 0.0406205 0.0516666 0.0580063 0.0581641 0.0531446 0.0456261 0.038227 0.0322364 0.0275566 0.0234837
 1.05078e-16 6.57252e-05 0.000638872 0.00424553 0.0192996 0.0600482 0.127939 0.186733 0.186744 0.12799 0.0602175 0.0197898 0.00548042 0.00334954 0.00525766 0.00870337 0.0128028 0.0166731 0.0194532 0.0207421 0.0207922 0.0202356 0.0195805 0.0189029 0.0179344 0.0163807
 1.03426e-16 6.2436e-05 0.0006069 0.00403307 0.0183337 0.0570432 0.121537 0.177391 0.17741 0.121629 0.0573518 0.0192251 0.00627047 0.00549144 0.00934006 0.0153456 0.0221102 0.0278319 0.030725 0.0299838 0.0262679 0.0212533 0.0166192 0.0132529 0.0111354 0.00974944
 1.06762e-16 3.44029e-05 0.000334408 0.00222226 0.0101021 0.0314316 0.06697 0.0977537 0.0977968 0.0671808 0.0321395 0.0121477 0.00736057 0.0115629 0.0213933 0.0354012 0.0511989 0.0648121 0.0721918 0.0714457 0.0639158 0.0531666 0.0427494 0.0345164 0.0284689 0.0237031
 1.13884e-16 4.12168e-05 0.000400642 0.00266241 0.0121029 0.0376568 0.0802326 0.117106 0.117127 0.0803355 0.0380032 0.0131073 0.00519857 0.00598715 0.0107982 0.0181723 0.0270789 0.0359542 0.0431906 0.048004 0.0507442 0.0523081 0.0531901 0.0530334 0.0510053 0.0465591
 1.04763e-16 7.21213e-05 0.000701045 0.00465869 0.0211777 0.0658918 0.14039 0.204904 0.20491 0.14042 0.0659939 0.0214731 0.00540193 0.00233001 0.00318528 0.0052043 0.00761756 0.0098587 0.0114138 0.0120778 0.0120743 0.0118759 0.0118614 0.0120827 0.012289 0.0121341
pSPR Fmed_Fpbrs
0.50559   0.238632 0.238632
Fs Fmed_Fpbrs
0.415953   1.005 1.005
SSBpbr Bo_Bmed_Bpbrs
1.43578e+06  654127  270834 270834
Ro
130614
SPR SPRFo_SPRFmed_SPRFpbrs
933618 472027 222791
Fref
1.005
Nvult_r0
 143183 11505.2 4710.58 4781.6 1449.88
CTP_r0
 28888.1 3039.97 1265.28 1285.48 389.8
YTP_r0
391292
Np
 165087 57274.3 3977.27 1610.71 2050.21
Nvult_p0
 134650 49378.4 3441.01 1393.8 1774.13
CTP_p0
 55013 24458.7 1723.71 698.614 889.274
YTP_p0
 899117
CBA_c0
543639
log_Ro
11.6
likeval ReclasPelacesDesembMPH_pf_preclas_ppelaces_ptallas_desvR_qrecl_qpela
 12.2422 16.9546 0.0281584 0.000823742 241.728 116.798 99.6351 0 24.517 6.47857e-06 1.78983e-05 0.137487 0 0 0
q_reclas_q_pelaces
1.4343 1.82557
M
1
N
 165748 35167.1 80679.6 5730.18 0.20632
 91746.5 52157.1 10362.2 23653.6 1679.57
 91956.3 25284 12728.5 2505.42 6122.07
 133723 25457.9 6210.55 3098.05 2098.81
 108281 31796.8 5037.82 1211.85 1013.27
 208602 34406.6 9499.47 1498 661.471
 79058.8 59372.4 8790.49 2407.04 546.935
 32519.5 15994.6 9339.61 1356.44 455.344
 32771.2 10765 5064.7 2947.36 571.65
 44531.7 7884.02 2165.94 1005.2 697.904
 82914.9 8904.43 1219.73 328.581 258.087
 123769 26803.5 2726.07 371.867 178.82
 103291 27519.2 4821.55 482.497 97.3817
 72282.2 23741.9 5189.64 895.603 107.624
 64773 11645.3 2702.29 575.192 111.032
 353476 12932.2 1797.75 409.043 103.762
 65385.2 81720.6 2458.95 336.755 95.9808
 580622 17653.9 19371.2 577.099 101.505
 312797 160966 4344.87 4724.31 165.419
 255994 77284.8 33637 896.386 1008.1
 344334 64812.9 16720 7190.13 406.826
 482227 94280.6 15672.1 4004.74 1818.67
 91336.2 122516 20497.9 3366.97 1250.28
 270823 26895 32850.1 5456.85 1228.7
 233596 81661.5 7458.56 9051.91 1841.58
 100549 70579.5 22711.8 2061.29 3009.54
 229704 31558.8 20720.4 6633.65 1480.66
 262979 69305.4 8759.61 5714.68 2237.15
 75317.9 82029.2 20167.8 2535.54 2301.05
 53007.1 23848.8 24385.1 5966.5 1430.49
 200457 15482.5 6321.29 6415.64 1945.34
pred_Ctot
 15346.6 4505.38 10549 750.044 0.0270075
 14895.5 11473.3 2322.72 5307.3 376.877
 14720 5487.63 2815.2 554.686 1355.46
 30966.8 7815.5 1939.7 968.477 656.137
 9438.84 3841.22 621.204 149.595 125.088
 30472.6 6843.95 1926.17 304.054 134.268
 23598.2 22981.7 3456.09 947.141 215.221
 2076.85 1425.3 849.94 123.579 41.4869
 7418.99 3236.17 1549.16 902.35 175.022
 13493.7 3093.26 863.061 400.87 278.334
 6423.79 958.781 134.083 36.1603 28.4042
 32234.2 9167.72 947.936 129.423 62.2386
 25445.1 8944.29 1593.73 159.629 32.2192
 27423.6 11358 2516.7 434.633 52.2315
 19665 4576.86 1078.63 229.778 44.3571
 86194.5 4163.99 588.723 134.073 34.012
 11276.9 19036.8 583.552 79.9968 22.8016
 92542.4 3815.86 4266.85 127.244 22.382
 67055.4 45998.3 1263.66 1375.3 48.1576
 52003.8 21003 9306.02 248.23 279.18
 57012.2 14525.4 3818.03 1643.51 92.9965
 97182.3 25430.9 4303.72 1100.79 499.926
 11733.1 21545.4 3675.99 604.447 224.465
 31380.1 4282.24 5335.36 887.213 199.782
 26812.6 12884.3 1200.43 1458.42 296.726
 9454.09 9178.38 3014.24 273.864 399.873
 26539.6 5010.97 3356.06 1075.58 240.088
 25627.9 9331.81 1203.62 786.077 307.746
 6712.78 10126.2 2541.1 319.821 290.26
 7034.6 4327.19 4511.56 1105.02 264.947
 28888.1 3039.97 1265.28 1285.48 389.8
F
 0.156209 0.221945 0.226972 0.227243 0.227257
 0.288857 0.410415 0.419711 0.420211 0.420238
 0.284288 0.403923 0.413072 0.413565 0.413591
 0.436404 0.620053 0.634097 0.634854 0.634894
 0.146484 0.208128 0.212842 0.213096 0.21311
 0.256597 0.364579 0.372837 0.373282 0.373305
 0.597938 0.849564 0.868807 0.869844 0.869899
 0.105543 0.149958 0.153355 0.153538 0.153548
 0.424713 0.603442 0.617111 0.617847 0.617886
 0.609652 0.866208 0.885828 0.886885 0.886941
 0.129284 0.183689 0.18785 0.188074 0.188086
 0.503535 0.715435 0.73164 0.732513 0.732559
 0.470304 0.668219 0.683354 0.68417 0.684213
 0.825679 1.17314 1.19972 1.20115 1.20122
 0.611171 0.868366 0.888035 0.889095 0.889151
 0.464509 0.659985 0.674933 0.675739 0.675781
 0.309342 0.43952 0.449475 0.450011 0.45004
 0.282906 0.401959 0.411064 0.411555 0.41158
 0.398057 0.565569 0.57838 0.57907 0.579106
 0.373651 0.530892 0.542916 0.543564 0.543599
 0.295337 0.419621 0.429126 0.429638 0.429665
 0.370177 0.525956 0.537869 0.538511 0.538545
 0.222607 0.316285 0.323449 0.323835 0.323855
 0.198883 0.282578 0.288979 0.289324 0.289342
 0.196856 0.279697 0.286032 0.286374 0.286392
 0.158795 0.22562 0.23073 0.231006 0.23102
 0.198266 0.281701 0.288082 0.288426 0.288444
 0.164998 0.234434 0.239744 0.24003 0.240045
 0.149985 0.213102 0.217929 0.218189 0.218203
 0.230718 0.32781 0.335234 0.335635 0.335656
 0.25275 0.359113 0.367247 0.367686 0.367709
nmprior
 8.19 8.8 8.5 0
nm_flota  nm_reclas  nm_pelaces    nm_pelaL
inf 14.373 19.6536 48.0259
cv_recla  cv_pelaces  cv_mph
0.316487 0.466892 0.885729
 ------------------------------------------------
Talla a la edad & desviaci?n 
 8 13.2811 15.8009 17.003 17.5766
 0.8 1.32811 1.58009 1.7003 1.75766
