years
 1991 1992 1993 1994 1995 1996 1997 1998 1999 2000 2001 2002 2003 2004 2005 2006 2007 2008 2009 2010 2011 2012 2013 2014 2015 2016 2017 2018 2019 2020 2021
reclasobs
 0 0 0 0 0 0 0 0 0 252601 567819 844713 477998 351125 339783 2.1784e+06 2.13404e+06 4.81314e+06 1.55562e+06 2.62356e+06 3.21686e+06 3.843e+06 1.13348e+06 3.07943e+06 1.97215e+06 2.03268e+06 2.025e+06 2.42433e+06 2.27542e+06 1.05018e+06 2.36338e+06
reclaspred
 2.6048e+06 962468 536044 268737 36340.3 942065 301684 65847 393497 142527 219861 496675 405755 281965 208810 1.14248e+06 752417 3.80767e+06 2.57518e+06 1.02014e+06 2.27758e+06 2.17237e+06 1.25872e+06 2.58164e+06 1.65076e+06 937527 1.53451e+06 2.29083e+06 1.67256e+06 650965 921111
pelacesobs
 0 0 0 0 0 0 0 0 0 0 0 0 0 0 0 552880 188675 0 991730 2.46772e+06 1.41603e+06 1.21717e+06 2.29649e+06 1.80582e+06 0 1.4828e+06 1.56532e+06 1.57751e+06 1.42118e+06 867257 1.10002e+06
pelacespred
 1.2821e+06 497169 236540 75027.6 8943.58 414341 92485.6 25545.9 164588 47439 97498.2 187565 161925 112910 82190.4 435081 286167 1.82358e+06 1.20322e+06 477760 1.00436e+06 939363 549496 1.30788e+06 801783 447791 842640 1.2188e+06 743275 344521 440578
mphobs
 0 0 0 0 0 0 0 0 0 0 0 498337 0 5186 125008 0 168611 109162 213762 579715 649985 157893 87575 83554 0 0 0 0 0 0 0
mphpred
 2.81679e+06 1.34171e+06 363474 293425 73689.4 7214.33 469130 88667.8 23400.2 190767 41659.3 139499 261987 158662 82119.4 80150.3 723232 419648 2.3325e+06 1.25732e+06 623874 1.18154e+06 1.28209e+06 746799 1.45625e+06 939614 476893 790347 1.59842e+06 859546 295019
desembarqueobs
 494567 514787 250237 358949 120608 361735 552515 73892 212993 205616 52469 317467 293654 387597 252695 516296 358380 742168 942051 627588 828172 859565 418607 520667 417249 300574 407403 355545 319650 289779 391294
desembarquepred
 494527 514722 249644 358581 120478 361502 551622 73849.4 212825 205382 52456.2 317189 293340 386900 252378 515916 358239 741810 940901 626475 827625 858791 418365 520460 416975 300338 407171 355390 319486 289536 391059
Reclutas
 4347.25 2656.68 202574 6809.23 2479.98 288109 3368.74 877.576 74827 4396.42 62563.4 164996 73880.9 68697.8 48458.1 436172 8052.28 1.06362e+06 205196 47562 460914 579922 9414.84 361231 166313 26317.4 259164 355907 16338.3 6800.95 165972
log_desv_Rt
 -2.38105 -2.87352 1.46051 -1.93232 -2.94234 1.81274 -2.63606 -3.98119 0.464585 -2.3698 0.285586 1.25533 0.45186 0.379122 0.0301051 2.22744 -1.76464 3.11884 1.47337 0.011439 2.28262 2.5123 -1.60831 2.03892 1.26327 -0.580365 1.70687 2.02407 -1.05708 -1.93353 1.26122
SSB
 2.81679e+06 1.34171e+06 363474 293425 73689.4 7214.33 469130 88667.8 23400.2 190767 41659.3 139499 261987 158662 82119.4 80150.3 723232 419648 2.3325e+06 1.25732e+06 623874 1.18154e+06 1.28209e+06 746799 1.45625e+06 939614 476893 790347 1.59842e+06 859546 295019
BT
 3.41228e+06 1.7104e+06 785773 433503 130306 1.27679e+06 702844 129747 569138 291380 270098 694494 633162 663622 442235 1.41091e+06 943859 4.87189e+06 3.65727e+06 1.745e+06 3.03942e+06 2.93279e+06 1.62953e+06 3.50984e+06 2.24515e+06 1.31619e+06 2.37547e+06 3.16066e+06 1.98007e+06 1.11103e+06 1.40264e+06
Ftot
 0.179498 0.489144 0.494435 1.12724 2.25798 0.460668 1.44822 0.973262 0.632235 1.20789 0.279855 0.696652 0.72079 1.34308 1.24265 0.530445 0.441514 0.231499 0.356841 0.570844 0.403412 0.420212 0.311861 0.228304 0.252828 0.307672 0.300914 0.176431 0.181551 0.41366 0.476129
BD_Bspro_t
 0.971689 0.772999 0.474939 0.447478 0.142727 0.0238958 0.476771 0.131633 0.0577698 0.342092 0.142433 0.465956 0.442678 0.284117 0.165894 0.169905 0.51662 0.382766 0.707472 0.533861 0.34383 0.492748 0.534156 0.440112 0.62838 0.583834 0.492054 0.637824 0.758564 0.62865 0.425359
BD_Bspro
 8.38074 3.99198 1.08144 0.873022 0.219247 0.0214647 1.39579 0.263811 0.069622 0.567586 0.123948 0.415048 0.779486 0.472063 0.244328 0.238469 2.15182 1.24857 6.93985 3.74088 1.8562 3.51542 3.81456 2.22194 4.33276 2.79561 1.41889 2.35151 4.75575 2.55739 0.877766
BD_Bo
 1.5668 0.746311 0.202177 0.163214 0.0409887 0.00401287 0.260947 0.0493202 0.013016 0.106112 0.0231724 0.0775944 0.145727 0.0882533 0.0456778 0.0445825 0.402288 0.233424 1.29742 0.699367 0.347021 0.657217 0.713142 0.415397 0.810021 0.522647 0.265265 0.43962 0.889099 0.478111 0.164101
BD_Brms
 9.35542 4.45625 1.20721 0.974555 0.244745 0.023961 1.55812 0.294493 0.0777191 0.633596 0.138363 0.463319 0.87014 0.526964 0.272744 0.266204 2.40208 1.39378 7.74695 4.17594 2.07208 3.92426 4.2582 2.48035 4.83667 3.12075 1.58391 2.62499 5.30884 2.85482 0.97985
Sel_flota
 0.771056 1 1 1 1
 0.771056 1 1 1 1
 0.771056 1 1 1 1
 0.771056 1 1 1 1
 0.771056 1 1 1 1
 0.771056 1 1 1 1
 0.771056 1 1 1 1
 0.771056 1 1 1 1
 0.771056 1 1 1 1
 0.771056 1 1 1 1
 0.771056 1 1 1 1
 0.771056 1 1 1 1
 0.771056 1 1 1 1
 0.771056 1 1 1 1
 0.771056 1 1 1 1
 0.771056 1 1 1 1
 0.771056 1 1 1 1
 0.771056 1 1 1 1
 0.771056 1 1 1 1
 0.771056 1 1 1 1
 0.771056 1 1 1 1
 0.771056 1 1 1 1
 0.771056 1 1 1 1
 0.771056 1 1 1 1
 0.771056 1 1 1 1
 0.771056 1 1 1 1
 0.771056 1 1 1 1
 0.771056 1 1 1 1
 0.771056 1 1 1 1
 0.771056 1 1 1 1
 0.771056 1 1 1 1
Sel_reclas
 1 1 1 1 1
 1 1 1 1 1
 1 1 1 1 1
 1 1 1 1 1
 1 1 1 1 1
 1 1 1 1 1
 1 1 1 1 1
 1 1 1 1 1
 1 1 1 1 1
 1 1 1 1 1
 1 1 1 1 1
 1 1 1 1 1
 1 1 1 1 1
 1 1 1 1 1
 1 1 1 1 1
 1 1 1 1 1
 1 1 1 1 1
 1 1 1 1 1
 1 1 1 1 1
 1 1 1 1 1
 1 1 1 1 1
 1 1 1 1 1
 1 1 1 1 1
 1 1 1 1 1
 1 1 1 1 1
 1 1 1 1 1
 1 1 1 1 1
 1 1 1 1 1
 1 1 1 1 1
 1 1 1 1 1
 1 1 1 1 1
Sel_pelaces
 1 1 1 1 1
 1 1 1 1 1
 1 1 1 1 1
 1 1 1 1 1
 1 1 1 1 1
 1 1 1 1 1
 1 1 1 1 1
 1 1 1 1 1
 1 1 1 1 1
 1 1 1 1 1
 1 1 1 1 1
 1 1 1 1 1
 1 1 1 1 1
 1 1 1 1 1
 1 1 1 1 1
 1 1 1 1 1
 1 1 1 1 1
 1 1 1 1 1
 1 1 1 1 1
 1 1 1 1 1
 1 1 1 1 1
 1 1 1 1 1
 1 1 1 1 1
 1 1 1 1 1
 1 1 1 1 1
 1 1 1 1 1
 1 1 1 1 1
 1 1 1 1 1
 1 1 1 1 1
 1 1 1 1 1
 1 1 1 1 1
pf_obs 
 0.8446 0.082 0.0669 0.0065 0
 0.8095 0.147 0.0364 0.0071 0
 0.9664 0.0169 0.016 0.0007 0
 0.9276 0.0648 0.0075 0.0001 0
 0.7033 0.2144 0.0806 0.0017 0
 0.9318 0.0425 0.0243 0.0014 0
 0.5671 0.3108 0.0964 0.0239 0.0018
 0.0768 0.2599 0.5324 0.112 0.0189
 0.490249 0.384438 0.106611 0.0170017 0.00170017
 0.7925 0.1577 0.0466 0.003 0.0002
 0.840416 0.127587 0.0312969 0.00059994 9.999e-05
 0.8084 0.0986 0.0794 0.0134 0.0002
 0.7335 0.1905 0.0724 0.0035 0.0001
 0.4001 0.4547 0.1325 0.0127 0
 0.49795 0.308269 0.164784 0.0264974 0.00249975
 0.9179 0.0499 0.0305 0.0017 0
 0.2467 0.6533 0.0926 0.0074 0
 0.9418 0.0223 0.034 0.0019 0
 0.707729 0.231977 0.0356964 0.0245975 0
 0.517169 0.277429 0.184464 0.0207286 0.00020938
 0.811772 0.124168 0.05621 0.00726502 0.000585176
 0.764997 0.148141 0.077277 0.00933861 0.000247198
 0.163321 0.427699 0.378323 0.0303852 0.000271297
 0.753843 0.0900009 0.118128 0.0371064 0.000921714
 0.721811 0.176058 0.0630433 0.0369309 0.00215725
 0.143369 0.312575 0.442814 0.0836902 0.0175525
 0.692698 0.0596174 0.167031 0.0765114 0.00414204
 0.394062 0.376323 0.152708 0.0712218 0.00568511
 0.125707 0.32114 0.495352 0.0537591 0.00404204
 0.23352 0.215282 0.420074 0.123614 0.00750983
 0.774587 0.0839891 0.0768558 0.0609784 0.00358967
pf_pred 
 0.0194957 0.203727 0.693277 0.0834996 4.96819e-07
 0.0380327 0.0247654 0.19473 0.66266 0.0798124
 0.926871 0.00380814 0.00178464 0.0140326 0.0535039
 0.096382 0.855101 0.0025265 0.00118402 0.0448069
 0.228643 0.108603 0.627169 0.00185305 0.0337318
 0.998072 0.000690013 0.000174273 0.0010064 5.71022e-05
 0.0374213 0.961237 0.000480292 0.000121305 0.000740267
 0.0967059 0.0535947 0.848515 0.000423969 0.000760537
 0.982216 0.00245792 0.00090934 0.0143967 2.00975e-05
 0.178596 0.811061 0.00142959 0.000528895 0.00838519
 0.951554 0.0122535 0.0357364 6.29895e-05 0.000392767
 0.875184 0.120273 0.00114907 0.00335118 4.27385e-05
 0.608212 0.356344 0.0341539 0.000326301 0.000963772
 0.722085 0.191985 0.0781561 0.0074909 0.000282949
 0.78684 0.171687 0.0286499 0.0116632 0.00116009
 0.977737 0.0189801 0.00264408 0.000441226 0.000197486
 0.0562507 0.928625 0.0128942 0.00179626 0.000433911
 0.967955 0.00243505 0.0291357 0.000404555 6.99719e-05
 0.327557 0.656215 0.00123316 0.0147549 0.00024031
 0.211472 0.31461 0.462482 0.000869094 0.0105682
 0.899563 0.0275095 0.0290967 0.0427727 0.00105778
 0.775554 0.207557 0.0046261 0.00489301 0.0073707
 0.0384479 0.794403 0.154571 0.00344513 0.00913298
 0.842883 0.00806964 0.123138 0.0239596 0.0019497
 0.508288 0.431589 0.00308797 0.0471207 0.00991457
 0.194138 0.468396 0.296203 0.00211929 0.0391437
 0.86862 0.0323002 0.0575888 0.0364178 0.00507324
 0.768449 0.208252 0.00572815 0.0102129 0.00735807
 0.0837316 0.746861 0.152361 0.00419083 0.0128552
 0.10136 0.0973437 0.653146 0.133243 0.0149072
 0.907814 0.0123705 0.00864585 0.0580109 0.0131584
pobs_RECLAS
 0 0 0 0 0
 0 0 0 0 0
 0 0 0 0 0
 0 0 0 0 0
 0 0 0 0 0
 0 0 0 0 0
 0 0 0 0 0
 0 0 0 0 0
 0 0 0 0 0
 0 0 0 0 0
 0.991045 0.00858322 0.000360255 1.14367e-05 0
 0.934742 0.0480273 0.0164251 0.00080598 0
 0.827803 0.169806 0.00239088 0 0
 0.941827 0.0461693 0.0120037 0 0
 0.791401 0.0380133 0.147996 0.0225897 0
 0.846168 0.0940531 0.0597789 0 0
 0.134021 0.677848 0.182769 0.00536245 0
 0.80878 0.0450904 0.141981 0.00414843 0
 0.846168 0.0940531 0.0597789 0 0
 0.905697 0.0802665 0.012482 0.00150086 5.37128e-05
 0.989698 0.0102097 9.19794e-05 0 0
 0.975433 0.0193895 0.00387452 0.00125025 5.28907e-05
 0.303575 0.632131 0.0575291 0.00676475 0
 0.966965 0.00978017 0.0227588 0.000495775 0
 0.843318 0.132988 0.00938335 0.0141283 0.000182051
 0.564624 0.303363 0.111486 0.0197234 0.00080311
 0.826376 0.0876187 0.0782897 0.00655872 0.00115652
 0.89761 0.0855135 0.0140674 0.00269457 0.000114338
 0.34875 0.467042 0.161289 0.0227151 0.000203297
 0.318654 0.224769 0.449479 0.00709798 0
 0.937255 0.0296025 0.0250945 0.00804832 0
ppred_RECLAS
 0.0252342 0.202534 0.68922 0.0830109 4.93911e-07
 0.0493784 0.0244733 0.192433 0.654844 0.0788711
 0.943358 0.00294957 0.00138228 0.0108689 0.0414412
 0.125896 0.827171 0.00244398 0.00114534 0.0433434
 0.300937 0.0984246 0.568389 0.00167937 0.0305704
 0.998531 0.000525942 0.000132835 0.000767103 4.35245e-05
 0.0507282 0.947948 0.000473652 0.000119628 0.000730033
 0.125466 0.0518883 0.821499 0.00041047 0.000736323
 0.986475 0.00186928 0.000691566 0.0109489 1.52844e-05
 0.227707 0.762568 0.00134411 0.000497273 0.00788385
 0.962462 0.00949454 0.0276902 4.88071e-05 0.000304333
 0.902753 0.0937075 0.000895265 0.00261098 3.32985e-05
 0.67291 0.297499 0.0285139 0.000272417 0.000804619
 0.780208 0.151833 0.0618104 0.00592425 0.000223772
 0.833751 0.133903 0.0223448 0.00909644 0.000904785
 0.982988 0.0145035 0.00202045 0.000337159 0.000150908
 0.0725143 0.912622 0.012672 0.00176531 0.000426433
 0.975235 0.00188187 0.0225169 0.000312651 5.40762e-05
 0.38923 0.59603 0.00112006 0.0134017 0.00021827
 0.261097 0.29481 0.433376 0.000814399 0.00990309
 0.921472 0.0215088 0.0227498 0.0334426 0.000827043
 0.819151 0.16724 0.00372751 0.00394258 0.00593899
 0.0496488 0.785149 0.15277 0.003405 0.00902659
 0.874894 0.00642551 0.0980498 0.019078 0.00155246
 0.574176 0.373757 0.00267419 0.0408066 0.00858605
 0.239382 0.442099 0.279573 0.00200031 0.0369461
 0.896218 0.0255152 0.0454916 0.0287678 0.00400755
 0.812048 0.16904 0.00464958 0.00828985 0.00597259
 0.106332 0.728439 0.148603 0.00408746 0.0125382
 0.128785 0.094373 0.633213 0.129177 0.0144522
 0.928224 0.00963169 0.00673165 0.0451673 0.0102451
pobs_PELACES
 0 0 0 0 0
 0 0 0 0 0
 0 0 0 0 0
 0 0 0 0 0
 0 0 0 0 0
 0 0 0 0 0
 0 0 0 0 0
 0 0 0 0 0
 0 0 0 0 0
 0 0 0 0 0
 0 0 0 0 0
 0 0 0 0 0
 0 0 0 0 0
 0 0 0 0 0
 0 0 0 0 0
 0 0 0 0 0
 0.505614 0.472636 0.0217494 0 0
 0 0 0 0 0
 0.443492 0.261883 0.143347 0.151278 0
 0.227955 0.32914 0.350689 0.0885471 0.00366901
 0.970185 0.0296113 0.000203453 0 0
 0.997202 0.00247181 0.000326279 0 0
 0.445219 0.490057 0.0546422 0.010081 0
 0.90214 0.0892962 0.00764917 0.000914606 0
 0 0 0 0 0
 0.581667 0.319106 0.0959925 0.00289975 0.000334073
 0.762889 0.0836404 0.116647 0.0363945 0.000428098
 0.88444 0.0763242 0.0277011 0.0115352 0
 0.521256 0.241999 0.230069 0.00667565 0
 0.616807 0.101726 0.260614 0.0208532 0
 0.833518 0.0704572 0.0857862 0.0102388 0
ppred_PELACES
 0.0255699 0.202465 0.688983 0.0829823 4.93741e-07
 0.0511423 0.0244279 0.192076 0.653629 0.0787247
 0.945321 0.00284734 0.00133437 0.0104921 0.0400048
 0.135571 0.818016 0.00241693 0.00113267 0.0428637
 0.337994 0.0932071 0.538259 0.00159035 0.0289498
 0.998581 0.000507978 0.000128297 0.000740901 4.20379e-05
 0.0562637 0.942421 0.00047089 0.00011893 0.000725776
 0.133759 0.0513963 0.813709 0.000406578 0.00072934
 0.987098 0.00178322 0.000659725 0.0104448 1.45807e-05
 0.244153 0.746329 0.00131549 0.000486684 0.00771596
 0.963219 0.00930321 0.0271322 4.78236e-05 0.000298201
 0.907277 0.0893484 0.000853619 0.00248952 3.17496e-05
 0.684781 0.286702 0.027479 0.00026253 0.000775416
 0.797114 0.140155 0.0570562 0.00546858 0.000206561
 0.84636 0.123747 0.0206501 0.00840654 0.000836163
 0.983645 0.013943 0.00194238 0.000324131 0.000145076
 0.07479 0.910383 0.0126409 0.00176098 0.000425387
 0.975653 0.00185004 0.022136 0.000307363 5.31614e-05
 0.395658 0.589758 0.00110827 0.0132606 0.000215973
 0.269503 0.291456 0.428446 0.000805134 0.00979043
 0.923649 0.0209124 0.022119 0.0325153 0.000804112
 0.823806 0.162935 0.00363156 0.00384109 0.0057861
 0.0507724 0.784221 0.15259 0.00340097 0.00901592
 0.87677 0.00632917 0.0965797 0.018792 0.00152919
 0.578839 0.369664 0.0026449 0.0403597 0.00849201
 0.24364 0.439624 0.278008 0.00198911 0.0367392
 0.898313 0.025 0.044573 0.0281869 0.00392663
 0.814074 0.167218 0.00459946 0.00820049 0.00590821
 0.107643 0.727371 0.148385 0.00408147 0.0125198
 0.132332 0.0939887 0.630635 0.128651 0.0143934
 0.930584 0.009315 0.00651031 0.0436821 0.00990825
pobs_pel_tallas
 0 0 0 0 0 0 0 0 0 0 0 0 0 0 0 0 0 0 0 0 0 0 0 0 0 0
 0 0 0 0 0 0 0 0 0 0 0 0 0 0 0 0 0 0 0 0 0 0 0 0 0 0
 0 0 0 0 0 0 0 0 0 0 0 0 0 0 0 0 0 0 0 0 0 0 0 0 0 0
 0 0 0 0 0 0 0 0 0 0 0 0 0 0 0 0 0 0 0 0 0 0 0 0 0 0
 0 0 0 0 0 0 0 0 0 0 0 0 0 0 0 0 0 0 0 0 0 0 0 0 0 0
 0 0 0 0 0 0 0 0 0 0 0 0 0 0 0 0 0 0 0 0 0 0 0 0 0 0
 0 0 0 0 0 0 0 0 0 0 0 0 0 0 0 0 0 0 0 0 0 0 0 0 0 0
 0 0 0 0 0 0 0 0 0 0 0 0 0 0 0 0 0 0 0 0 0 0 0 0 0 0
 0 0 0 0 0 0 0 0 0 0 0 0 0 0 0 0 0 0 0 0 0 0 0 0 0 0
 0 0 0 0 0 0 0 0 0 0 0 0 0 0 0 0 0 0 0 0 0 0 0 0 0 0
 0 0 0 0 0 0 0 0 0 0 0 0 0 0 0 0 0 0 0 0 0 0 0 0 0 0
 0 0 0 0 0 0 0 0 0 0 0 0 0 0 0 0 0 0 0 0 0 0 0 0 0 0
 0.00862536 0 0 0.000197151 0.00414017 0.0128641 0.00837892 0.0270097 0.101434 0.158115 0.152841 0.127902 0.109271 0.109419 0.0830992 0.0579132 0.0238553 0.00714673 0.00463305 0.00128148 0.00103504 0.000492878 0.000147863 0.000147863 4.92878e-05 0
 0 0 0 0 0 0 0 0 0 0 0 0 0 0 0 0 0 0 0 0 0 0 0 0 0 0
 0 0 0 0 0 0 0 0.0054083 0.00873648 0.0413646 0.0450493 0.0745869 0.0622846 0.0627006 0.0613931 0.0827291 0.12552 0.122667 0.0946155 0.0697135 0.0546179 0.0294188 0.0215738 0.0213955 0.0102223 0.00600262
 0 0 0 0 0.00359764 0.0251062 0.0480494 0.140153 0.205849 0.193036 0.1447 0.116669 0.0760912 0.0342217 0.00950174 0.001854 0.000860785 0 0 0 0.000165536 0 0.000143464 0 0 0
 0 0 0 0 0 0 0 0.000145254 0.000435761 0.0275982 0.070085 0.0708112 0.156366 0.174668 0.174014 0.160142 0.0824315 0.0480064 0.0283245 0.00493863 0.00203355 0 0 0 0 0
 0 0 0 0 0 0 0 0 0 0 0 0 0 0 0 0 0 0 0 0 0 0 0 0 0 0
 0 0 1.00437e-05 0.000401748 0.00122533 0.00171747 0.00176769 0.0269171 0.070346 0.194647 0.189555 0.159765 0.064822 0.0314167 0.0384472 0.0292271 0.0345202 0.0313363 0.0194345 0.0106764 0.0143323 0.0359363 0.0279516 0.0138201 0.00172751 0
 0 0.0021121 0.0136068 0.0755702 0.200478 0.177729 0.0527432 0.0373336 0.0318909 0.0142505 0.0149659 0.0166563 0.0217959 0.0798694 0.0677717 0.0528807 0.04013 0.0224614 0.0357745 0.0225083 0.00881397 0.00855152 0.00135912 0.000746735 0 0
 0 0 0 0 5.4009e-05 0.00500934 0.000945158 0.0243581 0.138947 0.33067 0.221406 0.137944 0.0707744 0.0437923 0.0131692 0.00525238 0.0047753 0.00276346 9.45158e-05 9.00151e-06 2.25038e-05 9.00151e-06 4.50075e-06 0 0 0
 0.000866109 0.00284123 0.00948549 0.0512746 0.133035 0.25785 0.225252 0.132002 0.0553304 0.0519788 0.0540692 0.017754 0.00435017 0.00159236 0.00146478 0.000404838 0.000125132 0.000115318 0.000107957 0.000100596 0 0 0 0 0 0
 0 0 0 0 0.00144013 0.00171154 0.00461396 0.0210425 0.0478622 0.0707936 0.0888783 0.103762 0.0637923 0.0337046 0.0602308 0.124433 0.169614 0.0934646 0.0462172 0.0250306 0.0313229 0.00938855 0.002487 0.000210481 0 0
 0 0.00764035 0.051015 0.0998891 0.058973 0.0496711 0.0374665 0.0718981 0.12319 0.153886 0.159021 0.0857701 0.0377988 0.023471 0.0147837 0.00900784 0.00315554 0.000888139 0.00291439 0.00214683 0.00393193 0.00274676 0.000635225 9.99891e-05 0 0
 0 0 0 0 0 0 0 0 0 0 0 0 0 0 0 0 0 0 0 0 0 0 0 0 0 0
 0 0 0 0 0 0 0 0 0 0 0 0 0 0 0 0 0 0 0 0 0 0 0 0 0 0
 0 0 0 0 0 0 0 0 0 0 0 0 0 0 0 0 0 0 0 0 0 0 0 0 0 0
 0 0 0 0 0 0 0 0 0 0 0 0 0 0 0 0 0 0 0 0 0 0 0 0 0 0
 0 0 0 0 0 0 0 0 0 0 0 0 0 0 0 0 0 0 0 0 0 0 0 0 0 0
 0 0 0 0 0 0 0 0 0 0 0 0 0 0 0 0 0 0 0 0 0 0 0 0 0 0
 0 0 0 0 0 0 0 0 0 0 0 0 0 0 0 0 0 0 0 0 0 0 0 0 0 0
ppred_pel_tallas
 1.28257e-16 2.10621e-06 2.04731e-05 0.000136052 0.000618484 0.00192444 0.00410098 0.0059898 0.00601036 0.00420194 0.00226644 0.00161965 0.0026995 0.00578321 0.0114349 0.0201738 0.0320253 0.0464488 0.0626821 0.0800639 0.0978113 0.114318 0.126778 0.131887 0.12742 0.113584
 1.84422e-16 4.21253e-06 4.09473e-05 0.000272109 0.00123697 0.00384869 0.00820014 0.0119689 0.0119718 0.00821455 0.00389876 0.00138928 0.000684362 0.00104371 0.00222336 0.00453357 0.00867122 0.0156974 0.0270101 0.0440783 0.0678024 0.0976293 0.130854 0.162649 0.187099 0.198978
 1.07862e-16 7.78649e-05 0.000756874 0.0050297 0.0228643 0.0711392 0.15157 0.22122 0.221221 0.151571 0.071144 0.0228783 0.00506581 0.00083883 0.000243492 0.000308216 0.000512407 0.000825755 0.00130503 0.00205081 0.00318657 0.004806 0.00689917 0.00929401 0.0116523 0.0135396
 1.07647e-16 1.1167e-05 0.000108547 0.000721336 0.00327914 0.010203 0.0217415 0.0317489 0.0318276 0.0221258 0.0114929 0.00700244 0.0100589 0.0204646 0.0385896 0.0635675 0.0910814 0.113527 0.123191 0.11659 0.0966549 0.0709451 0.0473299 0.0304291 0.0208176 0.0164906
 1.20616e-16 2.78401e-05 0.000270616 0.00179834 0.008175 0.0254355 0.0541934 0.0790989 0.0791087 0.0542416 0.0255999 0.00866022 0.00305538 0.00314377 0.0058617 0.0106278 0.0175858 0.026847 0.0383638 0.0518363 0.0663964 0.0802433 0.0907181 0.0951206 0.0919331 0.081657
 1.00086e-16 8.22518e-05 0.000799517 0.00531307 0.0241524 0.0751472 0.160109 0.233684 0.233684 0.160109 0.075148 0.0241548 0.00531898 0.0008125 0.000107142 4.75814e-05 6.21473e-05 8.16135e-05 9.78047e-05 0.000109917 0.000120716 0.000134336 0.000152937 0.000174516 0.000193418 0.000203025
 1.0039e-16 4.63456e-06 4.50497e-05 0.000299375 0.00136097 0.00423498 0.00902642 0.0131933 0.0132839 0.00946909 0.0057207 0.00564945 0.0110534 0.0234859 0.0444193 0.0731544 0.104742 0.130371 0.141068 0.132706 0.108545 0.077216 0.0478051 0.0258045 0.0122062 0.00513524
 1.2366e-16 1.10175e-05 0.000107094 0.00071168 0.0032352 0.0100659 0.0214467 0.0313034 0.0313096 0.0214776 0.0101732 0.00356068 0.0015881 0.0022164 0.00458945 0.00905672 0.0164912 0.0278746 0.0439132 0.0644439 0.0877343 0.110163 0.126854 0.133347 0.127545 0.11078
 1.0107e-16 8.13059e-05 0.000790323 0.00525197 0.0238747 0.074283 0.158268 0.230997 0.230997 0.158269 0.074286 0.0238832 0.00527353 0.000838319 0.000175417 0.000169656 0.000257765 0.000373094 0.000514179 0.000695137 0.000937739 0.00125573 0.00163528 0.0020253 0.0023471 0.00252113
 1.01584e-16 2.01107e-05 0.000195483 0.00129906 0.00590537 0.0183742 0.0391508 0.0571568 0.0572285 0.0395014 0.0195508 0.00930176 0.00981624 0.0187613 0.0351996 0.0579501 0.0829852 0.103324 0.111873 0.105381 0.0864468 0.0619125 0.038967 0.0219299 0.0115352 0.00623367
 1.00841e-16 7.9339e-05 0.000771204 0.00512492 0.0232971 0.0724861 0.154439 0.225409 0.22541 0.154444 0.0725016 0.0233425 0.00524076 0.00103036 0.000589827 0.00089705 0.00139461 0.00198153 0.00260483 0.00322626 0.00381505 0.00432046 0.004653 0.00470719 0.00441914 0.00381552
 1.00303e-16 7.47312e-05 0.000726414 0.00482728 0.0219441 0.0682763 0.14547 0.21232 0.212328 0.145512 0.0684172 0.0223508 0.00584735 0.0029503 0.00428967 0.00695086 0.00995314 0.0124065 0.0134614 0.0127315 0.0105282 0.00766545 0.00499324 0.00301394 0.00180102 0.0011602
 1.01024e-16 5.64046e-05 0.000548273 0.00364347 0.0165627 0.0515328 0.109797 0.160258 0.160286 0.109932 0.0519857 0.0178704 0.00692483 0.00770748 0.013641 0.0224301 0.0322294 0.0403648 0.0441447 0.0423168 0.0358109 0.0271156 0.0188145 0.0124154 0.00814307 0.00546879
 1.02266e-16 6.56572e-05 0.000638212 0.00424114 0.0192796 0.0599861 0.127807 0.186541 0.186555 0.127874 0.060209 0.019924 0.00586127 0.00418404 0.00682627 0.0112499 0.0163585 0.0209 0.0236298 0.02395 0.0222206 0.019439 0.0165666 0.0140565 0.0118647 0.00977202
 1.01613e-16 6.97136e-05 0.000677641 0.00450316 0.0204707 0.0636921 0.135703 0.198065 0.198077 0.135761 0.0638879 0.0210364 0.00592341 0.00377914 0.0059633 0.00975692 0.0140693 0.0177372 0.0196254 0.0192126 0.0168942 0.0137016 0.0106708 0.00835404 0.00675925 0.00560828
 1.00117e-16 8.10216e-05 0.000787559 0.0052336 0.0237912 0.0740233 0.157714 0.230189 0.23019 0.157721 0.0740453 0.0238549 0.00539343 0.00113645 0.000743582 0.00110088 0.00157754 0.00198255 0.00218194 0.00211551 0.00182782 0.00143708 0.00106413 0.000776706 0.000581104 0.000449442
 1.00847e-16 6.16054e-06 5.98828e-05 0.000397946 0.00180906 0.00562913 0.0119967 0.0175279 0.0176154 0.0124244 0.00706475 0.00595316 0.0107909 0.0227167 0.0429444 0.0707464 0.10135 0.126265 0.136845 0.129105 0.10617 0.0763143 0.0482308 0.0271456 0.0139742 0.00691729
 1.0068e-16 8.03633e-05 0.00078116 0.00519108 0.0235979 0.0734218 0.156433 0.228319 0.228319 0.156434 0.0734255 0.0236088 0.00522011 0.00084987 0.000226461 0.000287728 0.00050065 0.00082415 0.0012689 0.00182895 0.0024593 0.00306564 0.00351893 0.00369872 0.00354602 0.00309366
 1.0155e-16 3.25899e-05 0.000316786 0.00210515 0.00956976 0.0297754 0.0634417 0.0926069 0.0926636 0.0637187 0.0307053 0.0122539 0.00883643 0.0149904 0.0278394 0.0458132 0.0656204 0.0817421 0.0885866 0.0835979 0.0688362 0.0496981 0.031831 0.0185951 0.0105113 0.00631222
 1.14177e-16 2.21986e-05 0.000215779 0.00143393 0.00651844 0.0202814 0.0432128 0.0630763 0.063105 0.0433533 0.0207547 0.00789309 0.00491292 0.00790428 0.0148979 0.0253053 0.0380986 0.0513209 0.0628421 0.0714404 0.0771426 0.0804806 0.0814355 0.0791685 0.0727911 0.0623923
 1.04041e-16 7.60798e-05 0.000739522 0.00491439 0.0223401 0.0695083 0.148095 0.216149 0.216151 0.148105 0.0695422 0.0224387 0.00516396 0.00129162 0.0011465 0.00183391 0.00277707 0.00380343 0.00480358 0.00575789 0.00674202 0.00783989 0.00902414 0.0101057 0.0107982 0.0108524
 1.01511e-16 6.78559e-05 0.000659583 0.00438316 0.0199252 0.0619949 0.132087 0.192788 0.192804 0.132164 0.0622519 0.0206673 0.00624435 0.00471794 0.00776191 0.0126896 0.0181926 0.0227111 0.0247119 0.023502 0.0196575 0.014663 0.0100562 0.00672738 0.0047733 0.00379782
 1.06471e-16 4.18222e-06 4.06528e-05 0.000270156 0.00122813 0.00382159 0.00814509 0.0119039 0.0119795 0.00851472 0.00506287 0.00481408 0.00927395 0.0197044 0.0373731 0.0618393 0.0892176 0.112464 0.124354 0.121492 0.106259 0.0850864 0.0645227 0.048204 0.036476 0.0279492
 1.04933e-16 7.22184e-05 0.000701988 0.00466496 0.0212062 0.0659805 0.140578 0.205178 0.205179 0.140582 0.0659937 0.0212465 0.00477342 0.000963607 0.000642058 0.00113798 0.00207831 0.00354701 0.00565876 0.00843593 0.011708 0.0150512 0.017841 0.0194415 0.0194536 0.0178837
 1.05656e-16 4.76783e-05 0.00046345 0.00307979 0.0140003 0.0435603 0.0928112 0.135468 0.135504 0.0929849 0.0441435 0.015684 0.00730313 0.00967348 0.0175119 0.0288066 0.0413389 0.0516824 0.0564071 0.0539977 0.0458144 0.0352475 0.0257418 0.0191896 0.0156167 0.0139218
 1.14552e-16 2.00684e-05 0.000195072 0.00129632 0.00589292 0.0183353 0.0390668 0.0570281 0.0570709 0.0392757 0.0190375 0.00792533 0.00641403 0.0114202 0.021494 0.0359069 0.0526641 0.0681839 0.0787519 0.0825496 0.0805393 0.075416 0.0695788 0.0638433 0.0576909 0.050403
 1.04785e-16 7.39929e-05 0.000719237 0.00477958 0.0217273 0.0676017 0.144033 0.21022 0.210223 0.144045 0.0676428 0.0218469 0.00508357 0.00139523 0.0013946 0.00228598 0.00351765 0.00491865 0.00637093 0.00783653 0.00935316 0.0109347 0.0124558 0.0136344 0.0141418 0.0137646
 1.01998e-16 6.70543e-05 0.000651791 0.00433138 0.0196898 0.0612625 0.130527 0.190511 0.190527 0.130605 0.0615264 0.0204516 0.0062422 0.00481892 0.00796903 0.0130371 0.0187028 0.0233748 0.0254885 0.0243422 0.0205316 0.0155764 0.011038 0.00780152 0.00593216 0.00499374
 1.06997e-16 8.86654e-06 8.6186e-05 0.00057274 0.00260364 0.00810125 0.0172632 0.0252108 0.025281 0.0176061 0.0092528 0.00593049 0.00892657 0.0183324 0.0346897 0.0574068 0.0828585 0.104525 0.115726 0.113322 0.0995177 0.0802516 0.0615495 0.0467261 0.0360499 0.0282009
 1.33561e-16 1.09e-05 0.000105952 0.00070409 0.0032007 0.00995861 0.0212182 0.0309707 0.0309808 0.0212679 0.0101281 0.00370319 0.00201398 0.00312649 0.0062204 0.0115037 0.0194643 0.0305388 0.0450209 0.0628498 0.0831152 0.10354 0.120541 0.130224 0.129967 0.119625
 1.06248e-16 7.6651e-05 0.000745075 0.00495129 0.0225078 0.0700302 0.149207 0.217772 0.217773 0.149211 0.0700455 0.0225523 0.0050645 0.000997502 0.000572517 0.000871311 0.00136454 0.00198376 0.00274312 0.003717 0.0050186 0.00672166 0.00876105 0.0108817 0.012683 0.0137482
pSPR Fmed_Fpbrs
0.43426   0.217475 0.217475
Fs Fmed_Fpbrs
0.490253   1.005 1.005
SSBpbr Bo_Bmed_Bpbrs
1.7978e+06  690821  301086 301086
Ro
47021
SPR SPRFo_SPRFmed_SPRFpbrs
336103 145956 73094
Fref
1.005
Nvult_r0
 123676 1403.07 980.614 6579.61 1492.43
CTP_r0
 33211.4 452.563 316.299 2122.27 481.386
YTP_r0
391059
Np
 142402 42296.1 415.604 290.468 2394.33
Nvult_p0
 118265 36600.5 359.639 251.354 2071.91
CTP_p0
 51633.4 18345.9 180.268 125.99 1038.54
YTP_p0
 727261
CBA_c0
491919
log_Ro
10.5784
likeval ReclasPelacesDesembMPH_pf_preclas_ppelaces_ptallas_desvR_qrecl_qpela
 38.5277 51.6229 0.150743 0.00198982 365.792 138.771 125.14 0 161.115 0 0 0.0772727 0 0 0
q_reclas_q_pelaces
1 1
M
1
N
 4347.25 35616.3 121201 14597.7 0.0868557
 2656.68 1392.56 10949.6 37261.3 4487.84
 202574 670.266 314.113 2469.86 9417.16
 6809.23 50900.3 150.391 70.4792 2667.15
 2479.98 1050.34 6065.59 17.9215 326.233
 288109 159.969 40.4025 233.319 13.2383
 3368.74 74301.9 37.1257 9.37666 57.2213
 877.576 405.709 6423.2 3.20942 5.75722
 74827 152.433 56.3946 892.843 1.24639
 4396.42 16906.4 29.7994 11.0247 174.787
 62563.4 637.27 1858.56 3.27592 20.4268
 164996 18548.6 177.211 516.823 6.59118
 73880.9 35472.7 3399.9 32.482 95.9399
 68697.8 15590.9 6346.94 608.325 22.9778
 48458.1 8972.19 1497.22 609.508 60.6252
 436172 6838.37 952.641 158.97 71.1528
 8052.28 106595 1480.09 206.189 49.8076
 1.06362e+06 2107.54 25217 350.144 60.5609
 205196 327319 615.097 7359.71 119.866
 47562 57329.7 84275.7 158.371 1925.79
 460914 11267 11917.1 17518.4 433.233
 579922 124233 2768.95 2928.71 4411.73
 9414.84 154298 30022.5 669.152 1773.91
 361231 2723.25 41555.3 8085.6 657.961
 166313 111439 797.335 12166.9 2560.02
 26317.4 50346.2 31837.8 227.795 4207.42
 259164 7636.94 13616.1 8610.49 1199.5
 355907 75598.7 2079.41 3707.42 2671.09
 16338.3 114278 23312.9 641.242 1966.99
 6800.95 5225.38 35060.7 7152.47 800.212
 165972 1818.67 1271.08 8528.56 1934.5
pred_Ctot
 359.221 3753.81 12774.1 1538.54 0.00915423
 544.012 354.24 2785.38 9478.57 1141.62
 41863.7 172.001 80.6063 633.805 2416.59
 2677.89 23758.2 70.1965 32.8968 1244.92
 1473.61 699.95 4042.12 11.9429 217.402
 56039.1 38.7424 9.78498 56.507 3.20614
 1563.17 40153 20.0628 5.06717 30.9226
 310.879 172.29 2727.71 1.36293 2.44489
 18982.1 47.5012 17.5737 278.228 0.3884
 1812.76 8232.34 14.5104 5.36834 85.1105
 7811.98 100.597 293.385 0.517125 3.2245
 45261.7 6220.13 59.4261 173.312 2.2103
 20823 12200 1169.31 11.1714 32.9961
 30384.9 8078.62 3288.76 315.212 11.9063
 20365.1 4443.62 741.521 301.869 30.0256
 95669.2 1857.15 258.717 43.1729 19.3236
 1509.8 24924.8 346.086 48.2126 11.6464
 111522 280.552 3356.84 46.6105 8.06175
 31905.8 63918.9 120.116 1437.21 23.4075
 11092.8 16502.9 24259.6 45.5885 554.357
 79879.2 2442.78 2583.72 3798.12 93.9285
 104157 27875 621.289 657.135 989.89
 1297.16 26801.7 5214.93 116.232 308.13
 37390.2 357.968 5462.4 1062.84 86.4884
 18918.9 16064.1 114.937 1753.87 369.029
 3581.87 8641.96 5464.97 39.1012 722.206
 34570.1 1285.51 2291.97 1449.39 201.909
 28934.6 7841.37 215.683 384.547 277.055
 1364.63 12172.1 2483.13 68.3006 209.51
 1204.83 1157.09 7763.73 1583.82 177.197
 33211.4 452.563 316.299 2122.27 481.386
F
 0.138403 0.179498 0.179498 0.179498 0.179498
 0.377158 0.489144 0.489144 0.489144 0.489144
 0.381237 0.494435 0.494435 0.494435 0.494435
 0.869163 1.12724 1.12724 1.12724 1.12724
 1.74103 2.25798 2.25798 2.25798 2.25798
 0.355201 0.460668 0.460668 0.460668 0.460668
 1.11666 1.44822 1.44822 1.44822 1.44822
 0.750439 0.973262 0.973262 0.973262 0.973262
 0.487489 0.632235 0.632235 0.632235 0.632235
 0.931351 1.20789 1.20789 1.20789 1.20789
 0.215784 0.279855 0.279855 0.279855 0.279855
 0.537157 0.696652 0.696652 0.696652 0.696652
 0.55577 0.72079 0.72079 0.72079 0.72079
 1.03559 1.34308 1.34308 1.34308 1.34308
 0.958151 1.24265 1.24265 1.24265 1.24265
 0.409003 0.530445 0.530445 0.530445 0.530445
 0.340432 0.441514 0.441514 0.441514 0.441514
 0.178499 0.231499 0.231499 0.231499 0.231499
 0.275145 0.356841 0.356841 0.356841 0.356841
 0.440153 0.570844 0.570844 0.570844 0.570844
 0.311053 0.403412 0.403412 0.403412 0.403412
 0.324007 0.420212 0.420212 0.420212 0.420212
 0.240463 0.311861 0.311861 0.311861 0.311861
 0.176035 0.228304 0.228304 0.228304 0.228304
 0.194945 0.252828 0.252828 0.252828 0.252828
 0.237233 0.307672 0.307672 0.307672 0.307672
 0.232022 0.300914 0.300914 0.300914 0.300914
 0.136038 0.176431 0.176431 0.176431 0.176431
 0.139986 0.181551 0.181551 0.181551 0.181551
 0.318955 0.41366 0.41366 0.41366 0.41366
 0.367122 0.476129 0.476129 0.476129 0.476129
nmprior
 8.19 8.8 8.5 0
nm_flota  nm_reclas  nm_pelaces    nm_pelaL
inf 6.93786 5.06821 8.24729
cv_recla  cv_pelaces  cv_mph
0.561451 0.814692 1.37661
 ------------------------------------------------
Talla a la edad & desviaci?n 
 8 13.2811 15.8009 17.003 17.5766
 0.8 1.32811 1.58009 1.7003 1.75766
