    unsorted:	 9.034275956e-05 3.855084841e-06 0.001099987511 11.62792823 10.27228760 14.49222905 23.41031854 28.65917851 59.65281792 107.1643095 139.8313300 195.1487396 215.2370339 283.8782308 345.9589338 443.9966015 522.3178398 598.0044066 704.1839579 745.7563174 807.7586255 831.8652218 860.8117363 884.1537813 986.9542987 953.2322833 1001.877500 1039.664921 1113.930726 1300.178210 1456.526217 1581.293664 1597.752308 1823.020079 1851.973740 1883.515278 2122.260503 2342.640275 2326.642224 2805.338989 3191.990577 3326.764951 3606.658902 12694.02308 39728.22425 158160.3492 193610.3187 342333.4715 329937.2087 353471.8394 312428.7847 277483.6937 370651.6362 398268.9372 416397.1484 436489.8065 520008.0767 531330.4061 702294.3246 744948.7103 783768.6453 819163.9116 917728.8142 1168762.949 1288333.049 1400515.713 1467120.218 1527654.498 1617890.744 1870167.207 2096323.800 2157276.662 2714025.670 2793261.481 3078083.483 3330159.669 3504707.709
      sorted:	 3.855084841e-06 9.034275956e-05 0.001099987511 10.27228760 11.62792823 14.49222905 23.41031854 28.65917851 59.65281792 107.1643095 139.8313300 195.1487396 215.2370339 283.8782308 345.9589338 443.9966015 522.3178398 598.0044066 704.1839579 745.7563174 807.7586255 831.8652218 860.8117363 884.1537813 953.2322833 986.9542987 1001.877500 1039.664921 1113.930726 1300.178210 1456.526217 1581.293664 1597.752308 1823.020079 1851.973740 1883.515278 2122.260503 2326.642224 2342.640275 2805.338989 3191.990577 3326.764951 3606.658902 12694.02308 39728.22425 158160.3492 193610.3187 277483.6937 312428.7847 329937.2087 342333.4715 353471.8394 370651.6362 398268.9372 416397.1484 436489.8065 520008.0767 531330.4061 702294.3246 744948.7103 783768.6453 819163.9116 917728.8142 1168762.949 1288333.049 1400515.713 1467120.218 1527654.498 1617890.744 1870167.207 2096323.800 2157276.662 2714025.670 2793261.481 3078083.483 3330159.669 3504707.709
