years
 1991 1992 1993 1994 1995 1996 1997 1998 1999 2000 2001 2002 2003 2004 2005 2006 2007 2008 2009 2010 2011 2012 2013 2014 2015 2016 2017 2018 2019 2020 2021
reclasobs
 0 0 0 0 0 0 0 0 0 252601 567819 844713 477998 351125 339783 2.1784e+06 2.13404e+06 4.81314e+06 1.55562e+06 2.62356e+06 3.21686e+06 3.843e+06 1.13348e+06 3.07943e+06 1.97215e+06 2.03268e+06 2.025e+06 2.42433e+06 2.27542e+06 1.05018e+06 2.36338e+06
reclaspred
 3.36093e+06 1.90794e+06 970916 1.0198e+06 1.04906e+06 1.61528e+06 1.08023e+06 967838 701354 510965 531003 656724 649875 522240 529772 1.2525e+06 1.2489e+06 2.70914e+06 2.24385e+06 1.68399e+06 2.97364e+06 2.41992e+06 1.95985e+06 3.00497e+06 2.26876e+06 2.01485e+06 2.35076e+06 2.46277e+06 2.04773e+06 1.32721e+06 1.93517e+06
pelacesobs
 0 0 0 0 0 0 0 0 0 0 0 0 0 0 0 552880 188675 0 991730 2.46772e+06 1.41603e+06 1.21717e+06 2.29649e+06 1.80582e+06 0 1.4828e+06 1.56532e+06 1.57751e+06 1.42118e+06 867257 1.10002e+06
pelacespred
 2.07331e+06 1.31757e+06 676331 569214 604128 953284 625678 656559 472730 328656 344337 356849 385585 329743 338975 654859 670024 1.61811e+06 1.42028e+06 995995 1.66264e+06 1.4945e+06 1.21169e+06 1.98332e+06 1.47801e+06 1.30344e+06 1.70314e+06 1.76591e+06 1.23595e+06 905054 1.27198e+06
mphobs
 0 0 0 0 0 0 0 0 0 0 0 498337 0 5186 125008 0 168611 109162 213762 579715 649985 157893 87575 83554 0 0 0 0 0 0 0
mphpred
 3.92795e+06 2.63918e+06 1.3385e+06 732161 862232 989283 1.29385e+06 867847 754864 527320 347606 482124 512759 442792 315714 392545 1.12011e+06 1.10443e+06 2.08221e+06 1.59457e+06 1.71225e+06 2.10314e+06 2.00447e+06 1.68387e+06 2.32839e+06 1.92674e+06 1.59464e+06 1.67328e+06 2.29548e+06 1.59423e+06 1.03107e+06
desembarqueobs
 494567 514787 250237 358949 120608 361735 552515 73892 212993 205616 52469 317467 293654 387597 252695 516296 358380 742168 942051 627588 828172 859565 418607 520667 417249 300574 407403 355545 319650 289779 391294
desembarquepred
 494574 513222 251071 358972 120612 361751 552576 73895.6 213038 205660 52471.4 317538 293713 387659 252701 516284 358407 742097 941925 627500 828253 859617 418624 520694 417255 300580 407410 355539 319650 289792 391301
Reclutas
 221853 126778 125731 242094 193863 312837 131782 62252.8 55700.4 71622.5 128461 165409 139568 98290.7 100005 503264 118874 778301 455620 349886 519461 699959 153597 443548 374427 169958 370253 412028 129406 95688 349302
log_desv_Rt
 0.0850806 -0.474497 -0.482787 0.172392 -0.0497842 0.428748 -0.435789 -1.18573 -1.29695 -1.04552 -0.461306 -0.208514 -0.378382 -0.729005 -0.711718 0.904181 -0.53887 1.34018 0.804723 0.540671 0.935857 1.23409 -0.282603 0.777871 0.608463 -0.181384 0.597251 0.704156 -0.453978 -0.755842 0.539002
SSB
 3.92795e+06 2.63918e+06 1.3385e+06 732161 862232 989283 1.29385e+06 867847 754864 527320 347606 482124 512759 442792 315714 392545 1.12011e+06 1.10443e+06 2.08221e+06 1.59457e+06 1.71225e+06 2.10314e+06 2.00447e+06 1.68387e+06 2.32839e+06 1.92674e+06 1.59464e+06 1.67328e+06 2.29548e+06 1.59423e+06 1.03107e+06
BT
 5.22222e+06 3.56277e+06 1.82001e+06 1.64743e+06 1.51073e+06 2.57007e+06 1.95358e+06 1.60681e+06 1.31967e+06 971408 862661 1.11256e+06 1.17973e+06 1.18686e+06 1.06317e+06 1.99542e+06 1.84741e+06 4.53298e+06 4.25546e+06 2.90187e+06 4.62461e+06 4.32715e+06 3.19588e+06 5.21312e+06 3.84208e+06 3.32165e+06 4.46707e+06 4.55427e+06 3.13162e+06 2.38854e+06 3.40706e+06
Ftot
 0.107923 0.194698 0.1885 0.268643 0.0873039 0.173366 0.369977 0.0576168 0.227167 0.298681 0.0780639 0.364896 0.340488 0.552326 0.370775 0.329938 0.212964 0.217434 0.314676 0.28061 0.213734 0.270571 0.158124 0.136226 0.138636 0.111924 0.135464 0.113828 0.11409 0.160993 0.160199
BD_Bspro_t
 0.982881 0.873041 0.736922 0.65843 0.663807 0.731587 0.723444 0.590123 0.640862 0.604218 0.57218 0.728255 0.617722 0.534327 0.435739 0.490162 0.632321 0.616616 0.697007 0.607732 0.580472 0.62661 0.642171 0.639465 0.736042 0.744252 0.751965 0.782795 0.821415 0.764207 0.70746
BD_Bspro
 2.69693 1.81207 0.919013 0.502702 0.592009 0.679243 0.888361 0.595864 0.51829 0.362058 0.238667 0.331027 0.352061 0.304021 0.216769 0.269522 0.769071 0.758301 1.42965 1.09483 1.17563 1.44402 1.37627 1.15614 1.59868 1.3229 1.09488 1.14887 1.57608 1.0946 0.707934
BD_Bo
 1.84658 1.24072 0.629245 0.344198 0.405347 0.465075 0.608258 0.407986 0.354872 0.2479 0.163414 0.226653 0.241055 0.208162 0.148421 0.184541 0.52658 0.519206 0.978873 0.749629 0.804952 0.988715 0.942328 0.791608 1.09461 0.905784 0.749662 0.78663 1.07914 0.749471 0.48472
BD_Brms
 12.1795 8.18336 4.1503 2.27022 2.67354 3.06749 4.01187 2.69095 2.34062 1.63507 1.07783 1.49493 1.58992 1.37297 0.978939 1.21717 3.47315 3.42451 6.45633 4.94431 5.3092 6.52125 6.21529 5.2212 7.21969 5.97426 4.94453 5.18836 7.11764 4.94327 3.19706
Sel_flota
 0.846407 1 1 1 1
 0.846407 1 1 1 1
 0.846407 1 1 1 1
 0.846407 1 1 1 1
 0.846407 1 1 1 1
 0.846407 1 1 1 1
 0.846407 1 1 1 1
 0.846407 1 1 1 1
 0.846407 1 1 1 1
 0.846407 1 1 1 1
 0.846407 1 1 1 1
 0.846407 1 1 1 1
 0.846407 1 1 1 1
 0.846407 1 1 1 1
 0.846407 1 1 1 1
 0.846407 1 1 1 1
 0.846407 1 1 1 1
 0.846407 1 1 1 1
 0.846407 1 1 1 1
 0.846407 1 1 1 1
 0.846407 1 1 1 1
 0.846407 1 1 1 1
 0.846407 1 1 1 1
 0.846407 1 1 1 1
 0.846407 1 1 1 1
 0.846407 1 1 1 1
 0.846407 1 1 1 1
 0.846407 1 1 1 1
 0.846407 1 1 1 1
 0.846407 1 1 1 1
 0.846407 1 1 1 1
Sel_reclas
 1 1 1 1 1
 1 1 1 1 1
 1 1 1 1 1
 1 1 1 1 1
 1 1 1 1 1
 1 1 1 1 1
 1 1 1 1 1
 1 1 1 1 1
 1 1 1 1 1
 1 1 1 1 1
 1 1 1 1 1
 1 1 1 1 1
 1 1 1 1 1
 1 1 1 1 1
 1 1 1 1 1
 1 1 1 1 1
 1 1 1 1 1
 1 1 1 1 1
 1 1 1 1 1
 1 1 1 1 1
 1 1 1 1 1
 1 1 1 1 1
 1 1 1 1 1
 1 1 1 1 1
 1 1 1 1 1
 1 1 1 1 1
 1 1 1 1 1
 1 1 1 1 1
 1 1 1 1 1
 1 1 1 1 1
 1 1 1 1 1
Sel_pelaces
 0.945774 1 1 1 1
 0.945774 1 1 1 1
 0.945774 1 1 1 1
 0.945774 1 1 1 1
 0.945774 1 1 1 1
 0.945774 1 1 1 1
 0.945774 1 1 1 1
 0.945774 1 1 1 1
 0.945774 1 1 1 1
 0.945774 1 1 1 1
 0.945774 1 1 1 1
 0.945774 1 1 1 1
 0.945774 1 1 1 1
 0.945774 1 1 1 1
 0.945774 1 1 1 1
 0.945774 1 1 1 1
 0.945774 1 1 1 1
 0.945774 1 1 1 1
 0.945774 1 1 1 1
 0.945774 1 1 1 1
 0.945774 1 1 1 1
 0.945774 1 1 1 1
 0.945774 1 1 1 1
 0.945774 1 1 1 1
 0.945774 1 1 1 1
 0.945774 1 1 1 1
 0.945774 1 1 1 1
 0.945774 1 1 1 1
 0.945774 1 1 1 1
 0.945774 1 1 1 1
 0.945774 1 1 1 1
pf_obs 
 0.8446 0.082 0.0669 0.0065 0
 0.8095 0.147 0.0364 0.0071 0
 0.9664 0.0169 0.016 0.0007 0
 0.9276 0.0648 0.0075 0.0001 0
 0.7033 0.2144 0.0806 0.0017 0
 0.9318 0.0425 0.0243 0.0014 0
 0.5671 0.3108 0.0964 0.0239 0.0018
 0.0768 0.2599 0.5324 0.112 0.0189
 0.490249 0.384438 0.106611 0.0170017 0.00170017
 0.7925 0.1577 0.0466 0.003 0.0002
 0.840416 0.127587 0.0312969 0.00059994 9.999e-05
 0.8084 0.0986 0.0794 0.0134 0.0002
 0.7335 0.1905 0.0724 0.0035 0.0001
 0.4001 0.4547 0.1325 0.0127 0
 0.49795 0.308269 0.164784 0.0264974 0.00249975
 0.9179 0.0499 0.0305 0.0017 0
 0.2467 0.6533 0.0926 0.0074 0
 0.9418 0.0223 0.034 0.0019 0
 0.707729 0.231977 0.0356964 0.0245975 0
 0.517169 0.277429 0.184464 0.0207286 0.00020938
 0.811772 0.124168 0.05621 0.00726502 0.000585176
 0.764997 0.148141 0.077277 0.00933861 0.000247198
 0.163321 0.427699 0.378323 0.0303852 0.000271297
 0.753843 0.0900009 0.118128 0.0371064 0.000921714
 0.721811 0.176058 0.0630433 0.0369309 0.00215725
 0.143369 0.312575 0.442814 0.0836902 0.0175525
 0.692698 0.0596174 0.167031 0.0765114 0.00414204
 0.394062 0.376323 0.152708 0.0712218 0.00568511
 0.125707 0.32114 0.495352 0.0537591 0.00404204
 0.23352 0.215282 0.420074 0.123614 0.00750983
 0.774587 0.0839891 0.0768558 0.0609784 0.00358967
pf_pred 
 0.438696 0.113309 0.424539 0.0234553 7.65987e-07
 0.412988 0.283249 0.0613197 0.22975 0.0126938
 0.5551 0.203913 0.116282 0.0251736 0.0995306
 0.760155 0.143898 0.0439761 0.0250776 0.0268938
 0.648499 0.278855 0.0435846 0.0133197 0.0157414
 0.735235 0.181948 0.0657007 0.0102689 0.00684705
 0.468869 0.408558 0.0842325 0.0304159 0.00792378
 0.436485 0.292551 0.208432 0.0429724 0.0195595
 0.512257 0.233696 0.131889 0.0939662 0.0281909
 0.671138 0.183799 0.0695052 0.0392262 0.0363316
 0.791881 0.148294 0.0334357 0.012644 0.013745
 0.726014 0.224416 0.0353213 0.00796384 0.00628544
 0.673434 0.249531 0.063097 0.00993097 0.00400634
 0.614949 0.275503 0.0837068 0.0211663 0.00467535
 0.717684 0.187864 0.0675802 0.0205331 0.00633888
 0.924429 0.0571813 0.0122374 0.00440217 0.00175044
 0.405567 0.557054 0.028283 0.00605287 0.0030432
 0.891874 0.0487811 0.0556133 0.00282362 0.000908103
 0.59991 0.363524 0.0164965 0.0188069 0.00126197
 0.602423 0.256796 0.127915 0.00580469 0.00706174
 0.739736 0.168534 0.0592488 0.029513 0.00296859
 0.745117 0.197276 0.0373032 0.0131141 0.00718945
 0.333304 0.519888 0.113627 0.0214859 0.0116944
 0.741631 0.0968107 0.125983 0.0275349 0.00804049
 0.630001 0.286545 0.0312701 0.0406928 0.0114909
 0.442364 0.374035 0.142189 0.0155168 0.0258946
 0.729926 0.131346 0.0930514 0.0353735 0.0103022
 0.688357 0.238016 0.0358077 0.0253677 0.0124521
 0.36751 0.458571 0.13283 0.0199833 0.0211062
 0.436668 0.230714 0.241156 0.0698534 0.0216084
 0.824032 0.0847628 0.0373535 0.0390441 0.014808
pobs_RECLAS
 0 0 0 0 0
 0 0 0 0 0
 0 0 0 0 0
 0 0 0 0 0
 0 0 0 0 0
 0 0 0 0 0
 0 0 0 0 0
 0 0 0 0 0
 0 0 0 0 0
 0 0 0 0 0
 0.991045 0.00858322 0.000360255 1.14367e-05 0
 0.934742 0.0480273 0.0164251 0.00080598 0
 0.827803 0.169806 0.00239088 0 0
 0.941827 0.0461693 0.0120037 0 0
 0.791401 0.0380133 0.147996 0.0225897 0
 0.846168 0.0940531 0.0597789 0 0
 0.134021 0.677848 0.182769 0.00536245 0
 0.80878 0.0450904 0.141981 0.00414843 0
 0.846168 0.0940531 0.0597789 0 0
 0.905697 0.0802665 0.012482 0.00150086 5.37128e-05
 0.989698 0.0102097 9.19794e-05 0 0
 0.975433 0.0193895 0.00387452 0.00125025 5.28907e-05
 0.303575 0.632131 0.0575291 0.00676475 0
 0.966965 0.00978017 0.0227588 0.000495775 0
 0.843318 0.132988 0.00938335 0.0141283 0.000182051
 0.564624 0.303363 0.111486 0.0197234 0.00080311
 0.826376 0.0876187 0.0782897 0.00655872 0.00115652
 0.89761 0.0855135 0.0140674 0.00269457 0.000114338
 0.34875 0.467042 0.161289 0.0227151 0.000203297
 0.318654 0.224769 0.449479 0.00709798 0
 0.937255 0.0296025 0.0250945 0.00804832 0
ppred_RECLAS
 0.480457 0.104878 0.392954 0.0217103 7.08997e-07
 0.454626 0.263157 0.0569702 0.213453 0.0117934
 0.596481 0.184947 0.105467 0.0228322 0.090273
 0.789924 0.126037 0.0385179 0.021965 0.0235558
 0.685764 0.249292 0.0389639 0.0119076 0.0140725
 0.766852 0.160221 0.057855 0.00904263 0.00602941
 0.512058 0.375337 0.0773831 0.0279427 0.00727946
 0.478034 0.270981 0.193064 0.039804 0.0181174
 0.554589 0.213413 0.120443 0.0858108 0.0257442
 0.707824 0.163295 0.0617515 0.0348502 0.0322786
 0.818186 0.12955 0.0292096 0.0110458 0.0120077
 0.759019 0.197382 0.0310663 0.00700448 0.00552827
 0.710144 0.221481 0.0560041 0.00881461 0.00355598
 0.655929 0.246181 0.0747979 0.0189135 0.00417776
 0.751372 0.165446 0.059516 0.0180829 0.00558248
 0.935608 0.0487222 0.0104271 0.00375093 0.00149148
 0.447104 0.518129 0.0263067 0.00562992 0.00283055
 0.907211 0.0418618 0.0477249 0.00242311 0.000779294
 0.640355 0.326776 0.0148289 0.0169058 0.0011344
 0.642615 0.230835 0.114984 0.00521788 0.00634785
 0.771103 0.148222 0.0521081 0.0259561 0.00261081
 0.77621 0.173211 0.0327527 0.0115143 0.00631243
 0.371858 0.489824 0.107056 0.0202434 0.0110182
 0.772616 0.0852007 0.110874 0.0242328 0.00707623
 0.668396 0.25681 0.0280252 0.0364701 0.0102985
 0.484189 0.345981 0.131525 0.014353 0.0239524
 0.761862 0.115815 0.0820483 0.0311907 0.00908402
 0.723278 0.211345 0.0317952 0.0225251 0.0110568
 0.407435 0.429624 0.124445 0.0187218 0.0197739
 0.478607 0.213538 0.223203 0.064653 0.0199997
 0.84722 0.0735929 0.0324311 0.033899 0.0128567
pobs_PELACES
 0 0 0 0 0
 0 0 0 0 0
 0 0 0 0 0
 0 0 0 0 0
 0 0 0 0 0
 0 0 0 0 0
 0 0 0 0 0
 0 0 0 0 0
 0 0 0 0 0
 0 0 0 0 0
 0 0 0 0 0
 0 0 0 0 0
 0 0 0 0 0
 0 0 0 0 0
 0 0 0 0 0
 0 0 0 0 0
 0.505614 0.472636 0.0217494 0 0
 0 0 0 0 0
 0.443492 0.261883 0.143347 0.151278 0
 0.227955 0.32914 0.350689 0.0885471 0.00366901
 0.970185 0.0296113 0.000203453 0 0
 0.997202 0.00247181 0.000326279 0 0
 0.445219 0.490057 0.0546422 0.010081 0
 0.90214 0.0892962 0.00764917 0.000914606 0
 0 0 0 0 0
 0.581667 0.319106 0.0959925 0.00289975 0.000334073
 0.762889 0.0836404 0.116647 0.0363945 0.000428098
 0.88444 0.0763242 0.0277011 0.0115352 0
 0.521256 0.241999 0.230069 0.00667565 0
 0.616807 0.101726 0.260614 0.0208532 0
 0.833518 0.0704572 0.0857862 0.0102388 0
ppred_PELACES
 0.467921 0.107409 0.402435 0.0222341 7.26105e-07
 0.443275 0.268634 0.0581559 0.217896 0.0120389
 0.585314 0.190065 0.108385 0.023464 0.0927713
 0.782846 0.130284 0.0398156 0.022705 0.0243494
 0.6746 0.258149 0.0403482 0.0123307 0.0145725
 0.75835 0.166063 0.0599646 0.00937237 0.00624927
 0.502811 0.38245 0.0788497 0.0284722 0.00741742
 0.46487 0.277815 0.197933 0.0408078 0.0185743
 0.543637 0.218661 0.123404 0.0879208 0.0263773
 0.699355 0.168029 0.0635415 0.0358605 0.0332143
 0.810354 0.135131 0.0304679 0.0115217 0.012525
 0.752139 0.203017 0.0319533 0.00720446 0.0056861
 0.702157 0.227584 0.0575474 0.0090575 0.00365397
 0.649638 0.250683 0.0761655 0.0192594 0.00425415
 0.744404 0.170083 0.0611841 0.0185897 0.00573894
 0.933217 0.0505318 0.0108144 0.00389025 0.00154688
 0.436018 0.528517 0.0268341 0.0057428 0.0028873
 0.903376 0.0435918 0.0496972 0.00252325 0.000811499
 0.631138 0.33515 0.0152089 0.017339 0.00116347
 0.633022 0.237031 0.11807 0.00535793 0.00651824
 0.763078 0.153418 0.0539348 0.026866 0.00270234
 0.768823 0.178928 0.0338338 0.0118944 0.00652079
 0.360778 0.498464 0.108945 0.0206005 0.0112125
 0.76392 0.0884589 0.115114 0.0251595 0.00734684
 0.657509 0.265242 0.0289453 0.0376674 0.0106366
 0.471694 0.354362 0.134711 0.0147007 0.0245326
 0.75288 0.120183 0.0851431 0.0323672 0.00942666
 0.713164 0.219069 0.0329573 0.0233484 0.0114609
 0.395429 0.438329 0.126966 0.0191011 0.0201745
 0.466745 0.218396 0.22828 0.0661238 0.0204547
 0.840952 0.0766121 0.0337616 0.0352897 0.0133841
pobs_pel_tallas
 0 0 0 0 0 0 0 0 0 0 0 0 0 0 0 0 0 0 0 0 0 0 0 0 0 0
 0 0 0 0 0 0 0 0 0 0 0 0 0 0 0 0 0 0 0 0 0 0 0 0 0 0
 0 0 0 0 0 0 0 0 0 0 0 0 0 0 0 0 0 0 0 0 0 0 0 0 0 0
 0 0 0 0 0 0 0 0 0 0 0 0 0 0 0 0 0 0 0 0 0 0 0 0 0 0
 0 0 0 0 0 0 0 0 0 0 0 0 0 0 0 0 0 0 0 0 0 0 0 0 0 0
 0 0 0 0 0 0 0 0 0 0 0 0 0 0 0 0 0 0 0 0 0 0 0 0 0 0
 0 0 0 0 0 0 0 0 0 0 0 0 0 0 0 0 0 0 0 0 0 0 0 0 0 0
 0 0 0 0 0 0 0 0 0 0 0 0 0 0 0 0 0 0 0 0 0 0 0 0 0 0
 0 0 0 0 0 0 0 0 0 0 0 0 0 0 0 0 0 0 0 0 0 0 0 0 0 0
 0 0 0 0 0 0 0 0 0 0 0 0 0 0 0 0 0 0 0 0 0 0 0 0 0 0
 0 0 0 0 0 0 0 0 0 0 0 0 0 0 0 0 0 0 0 0 0 0 0 0 0 0
 0 0 0 0 0 0 0 0 0 0 0 0 0 0 0 0 0 0 0 0 0 0 0 0 0 0
 0.00862536 0 0 0.000197151 0.00414017 0.0128641 0.00837892 0.0270097 0.101434 0.158115 0.152841 0.127902 0.109271 0.109419 0.0830992 0.0579132 0.0238553 0.00714673 0.00463305 0.00128148 0.00103504 0.000492878 0.000147863 0.000147863 4.92878e-05 0
 0 0 0 0 0 0 0 0 0 0 0 0 0 0 0 0 0 0 0 0 0 0 0 0 0 0
 0 0 0 0 0 0 0 0.0054083 0.00873648 0.0413646 0.0450493 0.0745869 0.0622846 0.0627006 0.0613931 0.0827291 0.12552 0.122667 0.0946155 0.0697135 0.0546179 0.0294188 0.0215738 0.0213955 0.0102223 0.00600262
 0 0 0 0 0.00359764 0.0251062 0.0480494 0.140153 0.205849 0.193036 0.1447 0.116669 0.0760912 0.0342217 0.00950174 0.001854 0.000860785 0 0 0 0.000165536 0 0.000143464 0 0 0
 0 0 0 0 0 0 0 0.000145254 0.000435761 0.0275982 0.070085 0.0708112 0.156366 0.174668 0.174014 0.160142 0.0824315 0.0480064 0.0283245 0.00493863 0.00203355 0 0 0 0 0
 0 0 0 0 0 0 0 0 0 0 0 0 0 0 0 0 0 0 0 0 0 0 0 0 0 0
 0 0 1.00437e-05 0.000401748 0.00122533 0.00171747 0.00176769 0.0269171 0.070346 0.194647 0.189555 0.159765 0.064822 0.0314167 0.0384472 0.0292271 0.0345202 0.0313363 0.0194345 0.0106764 0.0143323 0.0359363 0.0279516 0.0138201 0.00172751 0
 0 0.0021121 0.0136068 0.0755702 0.200478 0.177729 0.0527432 0.0373336 0.0318909 0.0142505 0.0149659 0.0166563 0.0217959 0.0798694 0.0677717 0.0528807 0.04013 0.0224614 0.0357745 0.0225083 0.00881397 0.00855152 0.00135912 0.000746735 0 0
 0 0 0 0 5.4009e-05 0.00500934 0.000945158 0.0243581 0.138947 0.33067 0.221406 0.137944 0.0707744 0.0437923 0.0131692 0.00525238 0.0047753 0.00276346 9.45158e-05 9.00151e-06 2.25038e-05 9.00151e-06 4.50075e-06 0 0 0
 0.000866109 0.00284123 0.00948549 0.0512746 0.133035 0.25785 0.225252 0.132002 0.0553304 0.0519788 0.0540692 0.017754 0.00435017 0.00159236 0.00146478 0.000404838 0.000125132 0.000115318 0.000107957 0.000100596 0 0 0 0 0 0
 0 0 0 0 0.00144013 0.00171154 0.00461396 0.0210425 0.0478622 0.0707936 0.0888783 0.103762 0.0637923 0.0337046 0.0602308 0.124433 0.169614 0.0934646 0.0462172 0.0250306 0.0313229 0.00938855 0.002487 0.000210481 0 0
 0 0.00764035 0.051015 0.0998891 0.058973 0.0496711 0.0374665 0.0718981 0.12319 0.153886 0.159021 0.0857701 0.0377988 0.023471 0.0147837 0.00900784 0.00315554 0.000888139 0.00291439 0.00214683 0.00393193 0.00274676 0.000635225 9.99891e-05 0 0
 0 0 0 0 0 0 0 0 0 0 0 0 0 0 0 0 0 0 0 0 0 0 0 0 0 0
 0 0 0 0 0 0 0 0 0 0 0 0 0 0 0 0 0 0 0 0 0 0 0 0 0 0
 0 0 0 0 0 0 0 0 0 0 0 0 0 0 0 0 0 0 0 0 0 0 0 0 0 0
 0 0 0 0 0 0 0 0 0 0 0 0 0 0 0 0 0 0 0 0 0 0 0 0 0 0
 0 0 0 0 0 0 0 0 0 0 0 0 0 0 0 0 0 0 0 0 0 0 0 0 0 0
 0 0 0 0 0 0 0 0 0 0 0 0 0 0 0 0 0 0 0 0 0 0 0 0 0 0
 0 0 0 0 0 0 0 0 0 0 0 0 0 0 0 0 0 0 0 0 0 0 0 0 0 0
ppred_pel_tallas
 1.13871e-16 3.8542e-05 0.000374642 0.00248963 0.0113175 0.035213 0.0750255 0.109504 0.109515 0.0750793 0.0353955 0.0118522 0.00386069 0.00346332 0.00618417 0.0108902 0.0173733 0.0253549 0.0344419 0.04424 0.0542114 0.0633166 0.0698789 0.0720498 0.0687161 0.0602138
 1.25637e-16 3.6512e-05 0.00035491 0.0023585 0.0107214 0.0333585 0.0710747 0.103741 0.103767 0.0712018 0.0337856 0.0119567 0.00546549 0.00715981 0.0130298 0.0216779 0.0317166 0.0410111 0.0475121 0.0505349 0.0512595 0.0518903 0.0540775 0.0578099 0.0614985 0.0629999
 1.2123e-16 4.82116e-05 0.000468634 0.00311424 0.0141569 0.0440474 0.0938484 0.136978 0.136997 0.0939387 0.0443511 0.0150361 0.00532888 0.00532907 0.00935646 0.0155992 0.0229663 0.0299674 0.0351479 0.0379434 0.0390261 0.0397635 0.0412096 0.0434249 0.0455489 0.0464034
 1.0758e-16 6.4482e-05 0.000626788 0.00416523 0.0189345 0.0589124 0.12552 0.183202 0.183215 0.125581 0.0591194 0.0195329 0.0056695 0.00391848 0.00633975 0.010443 0.0151934 0.0194493 0.0221075 0.0227033 0.0216916 0.0201117 0.0188983 0.0183787 0.0182575 0.0179642
 1.04934e-16 5.55659e-05 0.000540121 0.00358929 0.0163164 0.0507666 0.108164 0.157874 0.157899 0.108286 0.051175 0.0174962 0.0065513 0.00700806 0.012345 0.0203365 0.029329 0.0369696 0.0409032 0.0400604 0.0352962 0.0287992 0.0227611 0.0183392 0.0155135 0.013624
 1.03771e-16 6.24644e-05 0.000607176 0.0040349 0.0183421 0.0570691 0.121592 0.177471 0.177487 0.121671 0.0573329 0.0191048 0.00595239 0.00480251 0.00805782 0.0132947 0.0193144 0.0246421 0.0278086 0.0281243 0.0260537 0.0228281 0.0196294 0.0170048 0.0148614 0.0128518
 1.06484e-16 4.14159e-05 0.000402578 0.00267527 0.0121614 0.0378389 0.0806211 0.117677 0.117714 0.0808015 0.0384446 0.0139115 0.00707049 0.0100049 0.0183001 0.0302471 0.0437079 0.0552623 0.0614469 0.0606684 0.0541297 0.0449523 0.0362318 0.0295583 0.0248672 0.0212641
 1.13019e-16 3.82908e-05 0.0003722 0.0024734 0.0112437 0.0349836 0.0745372 0.108795 0.108822 0.0746695 0.0354283 0.0125316 0.00571882 0.00749894 0.0136967 0.0229062 0.0337518 0.0440368 0.051511 0.0550999 0.0554126 0.0540344 0.0522338 0.0501921 0.047255 0.0427572
 1.16899e-16 4.47787e-05 0.000435265 0.00289249 0.0131488 0.0409111 0.0871661 0.127226 0.127247 0.08727 0.0412605 0.0141606 0.00544117 0.00602933 0.0107593 0.017958 0.0264438 0.0345038 0.0404421 0.0435554 0.0445199 0.0447718 0.04538 0.0463328 0.0467037 0.045396
 1.11094e-16 5.7605e-05 0.000559941 0.00372101 0.0169152 0.0526294 0.112133 0.163665 0.163681 0.112213 0.0528968 0.0176885 0.00566613 0.00481991 0.00818933 0.0135584 0.0197941 0.0254769 0.029219 0.0304399 0.029713 0.028321 0.0273722 0.0271756 0.0272568 0.026837
 1.04189e-16 6.67478e-05 0.000648813 0.00431159 0.0195999 0.0609825 0.12993 0.18964 0.189653 0.129994 0.0611967 0.0202187 0.00586616 0.00404635 0.00653102 0.010723 0.0155166 0.019679 0.0220063 0.0219613 0.0199899 0.0172003 0.0146647 0.0128913 0.0117754 0.0109072
 1.02659e-16 6.19528e-05 0.000602203 0.00400185 0.0181918 0.0566017 0.120597 0.176018 0.176038 0.120692 0.0569228 0.0191195 0.00633081 0.00568735 0.00972259 0.0159834 0.0230379 0.0290121 0.0320388 0.0312586 0.0273248 0.0219467 0.0168532 0.0129844 0.0103804 0.00859184
 1.03246e-16 5.78358e-05 0.000562185 0.00373591 0.0169829 0.0528403 0.112583 0.164322 0.164344 0.11269 0.0532011 0.0180253 0.00635438 0.00628469 0.0109445 0.0180505 0.0261095 0.0330678 0.0368621 0.0365265 0.0327371 0.0272959 0.0219951 0.0177646 0.0146023 0.0120597
 1.04914e-16 5.35099e-05 0.000520135 0.00345648 0.0157127 0.0488881 0.104162 0.152033 0.152057 0.104281 0.0492859 0.0168626 0.00634614 0.00683916 0.0120865 0.0199806 0.0289743 0.0368489 0.0413688 0.0414913 0.0379468 0.0326569 0.0274877 0.0233369 0.0200971 0.0172266
 1.04645e-16 6.13156e-05 0.00059601 0.00396069 0.0180047 0.0560195 0.119356 0.174207 0.174224 0.119437 0.0562898 0.0187862 0.00592533 0.0048951 0.00825644 0.0136324 0.0198203 0.0253222 0.0286489 0.0291117 0.0271999 0.0241752 0.0212265 0.0188684 0.0169428 0.0150328
 1.00978e-16 7.68678e-05 0.000747183 0.00496529 0.0225715 0.0702283 0.149629 0.218389 0.218394 0.149653 0.0703084 0.0228028 0.0055462 0.00201644 0.00249076 0.00400493 0.00578289 0.00731716 0.00814758 0.00806502 0.0072291 0.00605129 0.00493763 0.00409349 0.00350461 0.00304759
 1.01975e-16 3.59144e-05 0.0003491 0.0023199 0.0105459 0.0328126 0.0699127 0.10205 0.102101 0.0701612 0.0336468 0.0129542 0.00836098 0.0135241 0.0250201 0.0412082 0.0591275 0.0738682 0.0804499 0.0765771 0.0640318 0.0475249 0.0319624 0.02023 0.0127553 0.00847006
 1.01836e-16 7.44099e-05 0.000723291 0.00480652 0.0218498 0.0679827 0.144845 0.211406 0.21141 0.144865 0.0680531 0.0220538 0.00532192 0.00185911 0.0022628 0.00370435 0.00551756 0.00732944 0.00879937 0.00974692 0.0102122 0.0103462 0.0102348 0.00982535 0.00900904 0.00776167
 1.02461e-16 5.19861e-05 0.000505323 0.00335805 0.0152652 0.047496 0.101196 0.147706 0.147738 0.101354 0.048025 0.0167925 0.0071895 0.00886196 0.0159011 0.0261495 0.037535 0.0469349 0.051211 0.0489348 0.0412615 0.031187 0.0217995 0.014866 0.0105634 0.00811597
 1.05109e-16 5.21413e-05 0.000506832 0.00336808 0.0153108 0.0476377 0.101498 0.148144 0.148167 0.10161 0.0480152 0.0164029 0.00611572 0.00652553 0.0115428 0.0191562 0.027952 0.0359002 0.0409345 0.0420508 0.0398167 0.0358214 0.0315578 0.027669 0.0240128 0.0202313
 1.04748e-16 6.28538e-05 0.000610961 0.00406005 0.0184564 0.0574249 0.12235 0.178577 0.178592 0.122423 0.0576687 0.0191614 0.00583255 0.00448999 0.00745852 0.0123069 0.0179027 0.0228972 0.0259594 0.0264837 0.024925 0.0224235 0.0200346 0.0181814 0.0166645 0.0150532
 1.03319e-16 6.3327e-05 0.000615561 0.00409062 0.0185954 0.0578572 0.123271 0.179922 0.179939 0.123356 0.0581405 0.0194138 0.00614585 0.00510495 0.00859787 0.0141361 0.0204111 0.0257834 0.0286279 0.0282028 0.0250833 0.0207508 0.0166769 0.0136223 0.0115555 0.0100365
 1.07235e-16 2.97169e-05 0.000288859 0.00191957 0.00872612 0.0271505 0.0578487 0.084442 0.0844901 0.0580838 0.02794 0.0110074 0.00764881 0.0128058 0.0238311 0.0394274 0.0569733 0.0720215 0.0800403 0.0789224 0.0701979 0.0579055 0.0460813 0.0368482 0.0302199 0.0251499
 1.07112e-16 6.29231e-05 0.000611635 0.00406453 0.0184768 0.0574882 0.122485 0.178772 0.178781 0.122527 0.0576315 0.0188931 0.00511767 0.00293773 0.00456026 0.00764814 0.0115003 0.0154883 0.0189943 0.0217086 0.0237264 0.0252938 0.0264398 0.0268461 0.0260663 0.0238784
 1.06481e-16 5.41582e-05 0.000526437 0.00349836 0.0159031 0.0494804 0.105424 0.153875 0.153901 0.105549 0.0498999 0.0171145 0.00653939 0.00716568 0.0126659 0.0208628 0.0300763 0.0378971 0.0419264 0.0411076 0.0363788 0.0300453 0.024378 0.0205145 0.018307 0.0169091
 1.09604e-16 3.88529e-05 0.000377664 0.00250971 0.0114088 0.0354972 0.0756318 0.110394 0.110428 0.0757994 0.0360604 0.0130373 0.00660397 0.00933735 0.0171192 0.0284085 0.041314 0.052781 0.0596987 0.060611 0.0565123 0.0500162 0.0436132 0.0384265 0.0342075 0.0301671
 1.0733e-16 6.20137e-05 0.000602795 0.00400579 0.0182097 0.0566573 0.120715 0.176189 0.176201 0.120772 0.0568498 0.0187673 0.00541104 0.00368976 0.00598178 0.00994143 0.0146705 0.0192024 0.0225899 0.0244024 0.0249321 0.0248707 0.0247325 0.0245135 0.0238119 0.0222181
 1.05289e-16 5.87424e-05 0.000570997 0.00379448 0.0172492 0.0536686 0.114348 0.166898 0.166919 0.114451 0.0540153 0.0182506 0.00630878 0.006062 0.0104942 0.017276 0.0249316 0.0314689 0.034909 0.0343698 0.0305985 0.025458 0.020784 0.0174976 0.0154942 0.0141243
 1.09106e-16 3.25711e-05 0.000316603 0.00210394 0.00956422 0.0297581 0.0634043 0.0925493 0.0925916 0.0636113 0.0304534 0.0115739 0.00715374 0.0113573 0.0210509 0.0348806 0.0505502 0.0642122 0.0719461 0.0719266 0.0654533 0.05594 0.0467271 0.0394621 0.0340008 0.0293798
 1.16737e-16 3.84452e-05 0.000373701 0.00248338 0.0112891 0.0351247 0.0748376 0.109232 0.109254 0.0749422 0.0354769 0.0123108 0.00506404 0.00606103 0.0109981 0.0185374 0.0276787 0.0368712 0.0445251 0.0498864 0.0533335 0.0557601 0.0575963 0.0583543 0.0570338 0.0529377
 1.06798e-16 6.92682e-05 0.000673311 0.00447439 0.0203399 0.0632851 0.134836 0.196798 0.196806 0.134872 0.0634073 0.0206935 0.00536464 0.0026256 0.00380382 0.00625127 0.00917467 0.0119242 0.0139038 0.0148852 0.0151451 0.0152423 0.0156024 0.016239 0.016792 0.0167906
pSPR Fmed_Fpbrs
0.691107   0.201614 0.201614
Fs Fmed_Fpbrs
0.191373   1.005 1.005
SSBpbr Bo_Bmed_Bpbrs
2.12715e+06  1.36373e+06  322506 322506
Ro
203758
SPR SPRFo_SPRFmed_SPRFpbrs
1.45645e+06 1.00656e+06 293641
Fref
1.005
Nvult_r0
 237095 21089.8 9293.91 9714.56 3684.38
CTP_r0
 28309.9 2912.05 1283.29 1341.37 508.735
YTP_r0
391301
Np
 271580 112207 9627.55 4242.69 5824.67
Nvult_p0
 228905 97096.9 8331.1 3671.37 5040.32
CTP_p0
 105215 48669.5 4175.94 1840.26 2526.44
YTP_p0
 1.81359e+06
CBA_c0
817988
log_Ro
12.0447
likeval ReclasPelacesDesembMPH_pf_preclas_ppelaces_ptallas_desvR_qrecl_qpela
 16.3134 17.507 0.103181 0.00311234 241.447 119.804 98.3364 0 21.8628 4.03648e-06 0 0.525486 0 0 0
q_reclas_q_pelaces
0.752242 1
M
1
N
 221853 48831.1 182958 10108.2 0.330107
 126778 74490.3 16126.2 60420.9 3338.29
 125731 39553.1 22555.3 4882.94 19306
 242094 39432.9 12051 6872.1 7369.83
 193863 70947.9 11089 3388.88 4005.01
 312837 66238.1 23918.2 3738.38 2492.66
 131782 99379.3 20489 7398.48 1927.41
 62252.8 35445.5 25253.6 5206.53 2369.83
 55700.4 21811.5 12309.6 8770.12 2631.14
 71622.5 16906.7 6393.42 3608.21 3341.96
 128461 20462.7 4613.7 1744.71 1896.64
 165409 44236.7 6962.51 1569.83 1238.98
 139568 44682 11298.4 1778.28 717.391
 98290.7 38488.6 11694.1 2956.99 653.161
 100005 22656.3 8150.14 2476.28 764.466
 503264 26880.2 5752.66 2069.4 822.858
 118874 140030 7109.65 1521.54 764.985
 778301 36518.2 41632.9 2113.8 679.818
 455620 238192 10809 12322.9 826.88
 349886 128421 63969.1 2902.87 3531.51
 519461 101504 35684 17774.9 1787.91
 699959 159475 30155.3 10601.2 5811.85
 153597 204795 44760 8463.74 4606.68
 443548 49426.9 64320.9 14058 4105.09
 374427 145402 15867.4 20648.8 5830.86
 169958 122493 46565.8 5081.63 8480.27
 370253 56872.8 40291.2 15316.7 4460.85
 412028 121453 18271.7 12944.5 6353.99
 129406 137654 39873 5998.6 6335.68
 95688 43223.7 45180.1 13086.9 4048.28
 349302 30717.3 13536.6 14149.3 5366.31
pred_Ctot
 12334.4 3185.79 11936.4 659.471 0.0215365
 12340.5 8463.76 1832.29 6865.16 379.305
 11874.2 4361.94 2487.41 538.492 2129.07
 31706.1 6001.99 1834.25 1045.99 1121.75
 8781.84 3776.19 590.213 180.373 213.166
 27314.4 6759.49 2440.82 381.495 254.372
 22973.5 20018.4 4127.2 1490.31 388.247
 1880.5 1260.39 897.984 185.137 84.2681
 6256.17 2854.11 1610.76 1147.6 344.294
 10323.6 2827.24 1069.15 603.386 558.862
 5220.14 977.566 220.411 83.3501 90.6083
 28488.1 8805.85 1385.97 312.493 246.635
 22613.3 8379.03 2118.74 333.473 134.529
 24094.5 10794.6 3279.75 829.323 183.187
 17466.8 4572.18 1644.75 499.729 154.274
 79293.8 4904.79 1049.68 377.6 150.145
 12577.8 17275.8 877.135 187.717 94.3781
 83950.5 4591.67 5234.78 265.782 85.478
 68818.1 41701.3 1892.38 2157.42 144.766
 47670.9 20320.7 10122.2 459.337 558.809
 55147.2 12564.2 4416.99 2200.19 221.308
 92268.5 24428.8 4619.28 1623.93 890.275
 12296.1 19179.5 4191.89 792.65 431.427
 30823.1 4023.57 5236 1144.38 334.172
 26457.9 12033.9 1313.23 1708.96 482.579
 9785.88 8274.3 3145.48 343.26 572.834
 25592.4 4605.22 3262.54 1240.25 361.213
 24111.4 8337.1 1254.25 888.568 436.167
 7589.46 9469.97 2743.08 412.675 435.865
 7791.53 4116.66 4302.98 1246.4 385.561
 28309.9 2912.05 1283.29 1341.37 508.735
F
 0.0913467 0.107923 0.107923 0.107923 0.107923
 0.164794 0.194698 0.194698 0.194698 0.194698
 0.159548 0.1885 0.1885 0.1885 0.1885
 0.227382 0.268643 0.268643 0.268643 0.268643
 0.0738946 0.0873039 0.0873039 0.0873039 0.0873039
 0.146738 0.173366 0.173366 0.173366 0.173366
 0.313151 0.369977 0.369977 0.369977 0.369977
 0.0487672 0.0576168 0.0576168 0.0576168 0.0576168
 0.192276 0.227167 0.227167 0.227167 0.227167
 0.252805 0.298681 0.298681 0.298681 0.298681
 0.0660738 0.0780639 0.0780639 0.0780639 0.0780639
 0.308851 0.364896 0.364896 0.364896 0.364896
 0.288191 0.340488 0.340488 0.340488 0.340488
 0.467493 0.552326 0.552326 0.552326 0.552326
 0.313826 0.370775 0.370775 0.370775 0.370775
 0.279262 0.329938 0.329938 0.329938 0.329938
 0.180254 0.212964 0.212964 0.212964 0.212964
 0.184038 0.217434 0.217434 0.217434 0.217434
 0.266344 0.314676 0.314676 0.314676 0.314676
 0.23751 0.28061 0.28061 0.28061 0.28061
 0.180906 0.213734 0.213734 0.213734 0.213734
 0.229013 0.270571 0.270571 0.270571 0.270571
 0.133837 0.158124 0.158124 0.158124 0.158124
 0.115303 0.136226 0.136226 0.136226 0.136226
 0.117342 0.138636 0.138636 0.138636 0.138636
 0.0947333 0.111924 0.111924 0.111924 0.111924
 0.114658 0.135464 0.135464 0.135464 0.135464
 0.0963448 0.113828 0.113828 0.113828 0.113828
 0.0965666 0.11409 0.11409 0.11409 0.11409
 0.136265 0.160993 0.160993 0.160993 0.160993
 0.135593 0.160199 0.160199 0.160199 0.160199
nmprior
 8.19 8.8 8.5 0
nm_flota  nm_reclas  nm_pelaces    nm_pelaL
inf 11.6767 17.585 41.5608
cv_recla  cv_pelaces  cv_mph
0.36534 0.474436 1.72167
 ------------------------------------------------
Talla a la edad & desviaci?n 
 8 13.2811 15.8009 17.003 17.5766
 0.8 1.32811 1.58009 1.7003 1.75766
