years
 1991 1992 1993 1994 1995 1996 1997 1998 1999 2000 2001 2002 2003 2004 2005 2006 2007 2008 2009 2010 2011 2012 2013 2014 2015 2016 2017 2018 2019 2020 2021
reclasobs
 0 0 0 0 0 0 0 0 0 252601 567819 844713 477998 351125 339783 2.1784e+06 2.13404e+06 4.81314e+06 1.55562e+06 2.62356e+06 3.21686e+06 3.843e+06 1.13348e+06 3.07943e+06 1.97215e+06 2.03268e+06 2.025e+06 2.42433e+06 2.27542e+06 1.05018e+06 2.36338e+06
reclaspred
 3.2245e+06 1.79236e+06 909114 926895 934163 1.50789e+06 918107 807390 583568 416981 503297 657833 646855 495115 496950 1.31368e+06 1.23797e+06 2.93028e+06 2.37958e+06 1.75688e+06 3.08022e+06 2.50387e+06 1.96512e+06 3.051e+06 2.28491e+06 2.02154e+06 2.4037e+06 2.57512e+06 2.09618e+06 1.30632e+06 1.90948e+06
pelacesobs
 0 0 0 0 0 0 0 0 0 0 0 0 0 0 0 552880 188675 0 991730 2.46772e+06 1.41603e+06 1.21717e+06 2.29649e+06 1.80582e+06 0 1.4828e+06 1.56532e+06 1.57751e+06 1.42118e+06 867257 1.10002e+06
pelacespred
 1.79488e+06 1.10344e+06 555021 464805 494227 826245 457658 509502 350048 235105 297366 322536 349519 278810 289007 638155 603372 1.659e+06 1.37691e+06 937635 1.61642e+06 1.40427e+06 1.11024e+06 1.89949e+06 1.36275e+06 1.20604e+06 1.63873e+06 1.73324e+06 1.15831e+06 814582 1.17774e+06
mphobs
 0 0 0 0 0 0 0 0 0 0 0 498337 0 5186 125008 0 168611 109162 213762 579715 649985 157893 87575 83554 0 0 0 0 0 0 0
mphpred
 490554 328039 161644 89019 98806.2 114374 151197 90129.8 80470.1 54007.3 35035.5 60057.3 64330.4 53816 35237.4 44769.2 150004 139664 291678 214138 227904 280212 266495 218166 306831 253291 208115 222570 314273 211396 130037
desembarqueobs
 494567 514787 250237 358949 120608 361735 552515 73892 212993 205616 52469 317467 293654 387597 252695 516296 358380 742168 942051 627588 828172 859565 418607 520667 417249 300574 407403 355545 319650 289779 391294
desembarquepred
 494574 513580 250835 358982 120614 361750 552566 73896.8 213049 205668 52471.8 317537 293705 387624 252687 516253 358406 742056 941831 627434 828252 859580 418617 520694 417247 300576 407403 355529 319640 289787 391299
Reclutas
 187098 104452 105417 173102 139124 239551 98064.7 43859.5 41623.9 55490.3 103203 140475 117448 82080.2 79849.5 427345 89547.6 673927 381414 299247 428192 580938 120130 350478 298515 132963 295873 333468 100251 72447.5 268541
log_desv_Rt
 0.144277 -0.438627 -0.429432 0.0665256 -0.151987 0.391412 -0.501728 -1.30636 -1.35868 -1.07115 -0.45066 -0.142324 -0.321359 -0.679658 -0.707211 0.970236 -0.592584 1.42577 0.85653 0.613916 0.972218 1.27729 -0.298782 0.771942 0.611464 -0.19728 0.602577 0.722193 -0.479682 -0.804493 0.505649
SSB
 2.72909e+06 1.82497e+06 899269 495237 549686 636294 841149 501417 447677 300457 194912 334116 357888 299393 196035 249064 834515 776988 1.62269e+06 1.19131e+06 1.26789e+06 1.5589e+06 1.48259e+06 1.21372e+06 1.70699e+06 1.40913e+06 1.1578e+06 1.23822e+06 1.74839e+06 1.17606e+06 723432
BT
 3.73203e+06 2.54374e+06 1.27168e+06 1.1577e+06 1.00723e+06 1.8331e+06 1.33988e+06 1.00551e+06 858115 632264 594387 861198 911726 917484 786948 1.5967e+06 1.39392e+06 3.71876e+06 3.44602e+06 2.29326e+06 3.65736e+06 3.39316e+06 2.41411e+06 3.9924e+06 2.90156e+06 2.493e+06 3.44211e+06 3.55737e+06 2.40309e+06 1.78571e+06 2.5464e+06
Ftot
 0.155341 0.284174 0.277411 0.417521 0.138939 0.267473 0.596812 0.0975574 0.383833 0.513959 0.121344 0.520819 0.487354 0.824471 0.574354 0.467031 0.300279 0.295541 0.420082 0.381747 0.295179 0.373504 0.219801 0.193918 0.194364 0.156535 0.190996 0.158021 0.15398 0.225973 0.23586
BD_Bspro_t
 0.975517 0.825781 0.651268 0.558977 0.554127 0.635888 0.627699 0.455028 0.513259 0.464119 0.427603 0.646116 0.526973 0.434583 0.323745 0.379676 0.5602 0.529763 0.64005 0.536014 0.505445 0.553893 0.570348 0.56078 0.671302 0.680628 0.687933 0.727594 0.778016 0.705181 0.630215
BD_Bspro
 2.35737 1.5764 0.776783 0.427783 0.474815 0.549626 0.726578 0.433121 0.386701 0.259533 0.168364 0.288607 0.309141 0.258614 0.169334 0.215139 0.720848 0.671157 1.40167 1.02904 1.0952 1.34656 1.28065 1.0484 1.47448 1.2172 1.0001 1.06956 1.51025 1.01587 0.624895
BD_Bo
 1.57357 1.05226 0.51851 0.285549 0.316944 0.366881 0.484998 0.289112 0.258127 0.173241 0.112384 0.192648 0.206355 0.172627 0.113032 0.143608 0.481173 0.448004 0.935626 0.686897 0.731056 0.898845 0.854845 0.699818 0.984233 0.812491 0.667578 0.713944 1.0081 0.678103 0.417124
BD_Brms
 2.86103 1.9132 0.942746 0.51918 0.576261 0.667056 0.881815 0.525659 0.469321 0.314983 0.204335 0.350269 0.375191 0.313868 0.205513 0.261105 0.874861 0.814553 1.70114 1.2489 1.32919 1.63426 1.55426 1.2724 1.78951 1.47726 1.21378 1.29808 1.83292 1.23291 0.758407
Sel_flota
 0.755189 0.983225 0.999103 0.999953 0.999998
 0.755189 0.983225 0.999103 0.999953 0.999998
 0.755189 0.983225 0.999103 0.999953 0.999998
 0.755189 0.983225 0.999103 0.999953 0.999998
 0.755189 0.983225 0.999103 0.999953 0.999998
 0.755189 0.983225 0.999103 0.999953 0.999998
 0.755189 0.983225 0.999103 0.999953 0.999998
 0.755189 0.983225 0.999103 0.999953 0.999998
 0.755189 0.983225 0.999103 0.999953 0.999998
 0.755189 0.983225 0.999103 0.999953 0.999998
 0.755189 0.983225 0.999103 0.999953 0.999998
 0.755189 0.983225 0.999103 0.999953 0.999998
 0.755189 0.983225 0.999103 0.999953 0.999998
 0.755189 0.983225 0.999103 0.999953 0.999998
 0.755189 0.983225 0.999103 0.999953 0.999998
 0.755189 0.983225 0.999103 0.999953 0.999998
 0.755189 0.983225 0.999103 0.999953 0.999998
 0.755189 0.983225 0.999103 0.999953 0.999998
 0.755189 0.983225 0.999103 0.999953 0.999998
 0.755189 0.983225 0.999103 0.999953 0.999998
 0.755189 0.983225 0.999103 0.999953 0.999998
 0.755189 0.983225 0.999103 0.999953 0.999998
 0.755189 0.983225 0.999103 0.999953 0.999998
 0.755189 0.983225 0.999103 0.999953 0.999998
 0.755189 0.983225 0.999103 0.999953 0.999998
 0.755189 0.983225 0.999103 0.999953 0.999998
 0.755189 0.983225 0.999103 0.999953 0.999998
 0.755189 0.983225 0.999103 0.999953 0.999998
 0.755189 0.983225 0.999103 0.999953 0.999998
 0.755189 0.983225 0.999103 0.999953 0.999998
 0.755189 0.983225 0.999103 0.999953 0.999998
Sel_reclas
 1 1 1 1 1
 1 1 1 1 1
 1 1 1 1 1
 1 1 1 1 1
 1 1 1 1 1
 1 1 1 1 1
 1 1 1 1 1
 1 1 1 1 1
 1 1 1 1 1
 1 1 1 1 1
 1 1 1 1 1
 1 1 1 1 1
 1 1 1 1 1
 1 1 1 1 1
 1 1 1 1 1
 1 1 1 1 1
 1 1 1 1 1
 1 1 1 1 1
 1 1 1 1 1
 1 1 1 1 1
 1 1 1 1 1
 1 1 1 1 1
 1 1 1 1 1
 1 1 1 1 1
 1 1 1 1 1
 1 1 1 1 1
 1 1 1 1 1
 1 1 1 1 1
 1 1 1 1 1
 1 1 1 1 1
 1 1 1 1 1
Sel_pelaces
 1 1 1 1 1
 1 1 1 1 1
 1 1 1 1 1
 1 1 1 1 1
 1 1 1 1 1
 1 1 1 1 1
 1 1 1 1 1
 1 1 1 1 1
 1 1 1 1 1
 1 1 1 1 1
 1 1 1 1 1
 1 1 1 1 1
 1 1 1 1 1
 1 1 1 1 1
 1 1 1 1 1
 1 1 1 1 1
 1 1 1 1 1
 1 1 1 1 1
 1 1 1 1 1
 1 1 1 1 1
 1 1 1 1 1
 1 1 1 1 1
 1 1 1 1 1
 1 1 1 1 1
 1 1 1 1 1
 1 1 1 1 1
 1 1 1 1 1
 1 1 1 1 1
 1 1 1 1 1
 1 1 1 1 1
 1 1 1 1 1
pf_obs 
 0.8446 0.082 0.0669 0.0065 0
 0.8095 0.147 0.0364 0.0071 0
 0.9664 0.0169 0.016 0.0007 0
 0.9276 0.0648 0.0075 0.0001 0
 0.7033 0.2144 0.0806 0.0017 0
 0.9318 0.0425 0.0243 0.0014 0
 0.5671 0.3108 0.0964 0.0239 0.0018
 0.0768 0.2599 0.5324 0.112 0.0189
 0.490249 0.384438 0.106611 0.0170017 0.00170017
 0.7925 0.1577 0.0466 0.003 0.0002
 0.840416 0.127587 0.0312969 0.00059994 9.999e-05
 0.8084 0.0986 0.0794 0.0134 0.0002
 0.7335 0.1905 0.0724 0.0035 0.0001
 0.4001 0.4547 0.1325 0.0127 0
 0.49795 0.308269 0.164784 0.0264974 0.00249975
 0.9179 0.0499 0.0305 0.0017 0
 0.2467 0.6533 0.0926 0.0074 0
 0.9418 0.0223 0.034 0.0019 0
 0.707729 0.231977 0.0356964 0.0245975 0
 0.517169 0.277429 0.184464 0.0207286 0.00020938
 0.811772 0.124168 0.05621 0.00726502 0.000585176
 0.764997 0.148141 0.077277 0.00933861 0.000247198
 0.163321 0.427699 0.378323 0.0303852 0.000271297
 0.753843 0.0900009 0.118128 0.0371064 0.000921714
 0.721811 0.176058 0.0630433 0.0369309 0.00215725
 0.143369 0.312575 0.442814 0.0836902 0.0175525
 0.692698 0.0596174 0.167031 0.0765114 0.00414204
 0.394062 0.376323 0.152708 0.0712218 0.00568511
 0.125707 0.32114 0.495352 0.0537591 0.00404204
 0.23352 0.215282 0.420074 0.123614 0.00750983
 0.774587 0.0839891 0.0768558 0.0609784 0.00358967
pf_pred 
 0.454758 0.127605 0.393412 0.0242236 8.30607e-07
 0.414092 0.307881 0.0659081 0.199826 0.0122934
 0.566329 0.211451 0.117808 0.0247696 0.0796422
 0.736637 0.167905 0.0469836 0.0257105 0.0227642
 0.648812 0.27846 0.0466995 0.0128179 0.0132108
 0.743358 0.181696 0.059632 0.00983632 0.00547748
 0.466876 0.423956 0.0776957 0.0250466 0.00642584
 0.44902 0.303602 0.197582 0.0354518 0.0143442
 0.532731 0.241342 0.125405 0.0803008 0.0202203
 0.703316 0.18079 0.0604236 0.0308043 0.0246664
 0.816225 0.140977 0.0262911 0.00861061 0.00789606
 0.735588 0.225671 0.0298348 0.00547303 0.00343311
 0.681953 0.252583 0.0560405 0.00725873 0.00216443
 0.62804 0.278211 0.0747628 0.0162557 0.00273041
 0.738845 0.185708 0.056771 0.0148974 0.00377839
 0.93485 0.052034 0.00938424 0.00280908 0.000923049
 0.378439 0.591595 0.0240292 0.00424844 0.0016878
 0.900924 0.044494 0.0519961 0.00207396 0.000511855
 0.586414 0.382458 0.0141195 0.0162034 0.000805026
 0.605403 0.260082 0.124576 0.00451073 0.00542805
 0.734677 0.179454 0.0569635 0.026772 0.00213367
 0.742647 0.202888 0.0370572 0.0115516 0.00585609
 0.317527 0.543613 0.109914 0.0197004 0.00924486
 0.736423 0.100591 0.130285 0.02589 0.0068116
 0.622907 0.297187 0.0308212 0.0392437 0.00984116
 0.428403 0.392038 0.142036 0.0144813 0.0230413
 0.725566 0.136335 0.0952188 0.0339262 0.00895427
 0.682221 0.247323 0.0353067 0.0242424 0.0109072
 0.346312 0.482722 0.133564 0.0187509 0.0186507
 0.415473 0.240103 0.255463 0.0695133 0.0194479
 0.820483 0.0874748 0.0382013 0.0399441 0.0138969
pobs_RECLAS
 0 0 0 0 0
 0 0 0 0 0
 0 0 0 0 0
 0 0 0 0 0
 0 0 0 0 0
 0 0 0 0 0
 0 0 0 0 0
 0 0 0 0 0
 0 0 0 0 0
 0 0 0 0 0
 0.991045 0.00858322 0.000360255 1.14367e-05 0
 0.934742 0.0480273 0.0164251 0.00080598 0
 0.827803 0.169806 0.00239088 0 0
 0.941827 0.0461693 0.0120037 0 0
 0.791401 0.0380133 0.147996 0.0225897 0
 0.846168 0.0940531 0.0597789 0 0
 0.134021 0.677848 0.182769 0.00536245 0
 0.80878 0.0450904 0.141981 0.00414843 0
 0.846168 0.0940531 0.0597789 0 0
 0.905697 0.0802665 0.012482 0.00150086 5.37128e-05
 0.989698 0.0102097 9.19794e-05 0 0
 0.975433 0.0193895 0.00387452 0.00125025 5.28907e-05
 0.303575 0.632131 0.0575291 0.00676475 0
 0.966965 0.00978017 0.0227588 0.000495775 0
 0.843318 0.132988 0.00938335 0.0141283 0.000182051
 0.564624 0.303363 0.111486 0.0197234 0.00080311
 0.826376 0.0876187 0.0782897 0.00655872 0.00115652
 0.89761 0.0855135 0.0140674 0.00269457 0.000114338
 0.34875 0.467042 0.161289 0.0227151 0.000203297
 0.318654 0.224769 0.449479 0.00709798 0
 0.937255 0.0296025 0.0250945 0.00804832 0
ppred_RECLAS
 0.524518 0.112675 0.34178 0.0210263 7.20943e-07
 0.482873 0.27395 0.0576853 0.174742 0.0107497
 0.633152 0.180419 0.0988762 0.0207709 0.066782
 0.787369 0.136406 0.0375346 0.0205214 0.0181689
 0.707649 0.232598 0.0383803 0.0105254 0.0108475
 0.792211 0.147822 0.0477226 0.00786499 0.00437952
 0.537761 0.368896 0.0664505 0.0214019 0.00549052
 0.517122 0.268026 0.171634 0.0307696 0.0124492
 0.601726 0.207407 0.105987 0.0678065 0.0170734
 0.759045 0.147829 0.0485743 0.0247411 0.0198104
 0.853356 0.112924 0.0207211 0.00678055 0.00621759
 0.786412 0.182751 0.0237527 0.00435335 0.00273063
 0.739406 0.20768 0.0453037 0.00586275 0.00174809
 0.693785 0.230077 0.0607308 0.0131922 0.00221572
 0.789949 0.150115 0.0451094 0.0118265 0.00299937
 0.949935 0.0401231 0.00711491 0.00212787 0.000699173
 0.44411 0.529513 0.0211551 0.00373702 0.00148456
 0.923252 0.0347815 0.0399804 0.00159329 0.000393208
 0.65133 0.322844 0.0117203 0.0134382 0.000667609
 0.669731 0.218924 0.103126 0.00373072 0.00448921
 0.78493 0.146254 0.0456646 0.0214429 0.00170887
 0.791888 0.164654 0.0295764 0.0092115 0.00466956
 0.379167 0.496172 0.0986933 0.0176739 0.00829349
 0.786794 0.0821988 0.10474 0.0207958 0.00547109
 0.684287 0.249698 0.0254769 0.0324109 0.00812732
 0.495986 0.347465 0.123858 0.012617 0.0200741
 0.777051 0.111682 0.0767389 0.0273182 0.00720987
 0.737862 0.20477 0.0287606 0.0197307 0.0088769
 0.410016 0.437546 0.119113 0.0167077 0.0166176
 0.484318 0.213899 0.223886 0.060868 0.0170284
 0.857832 0.069876 0.0300195 0.0313616 0.0109105
pobs_PELACES
 0 0 0 0 0
 0 0 0 0 0
 0 0 0 0 0
 0 0 0 0 0
 0 0 0 0 0
 0 0 0 0 0
 0 0 0 0 0
 0 0 0 0 0
 0 0 0 0 0
 0 0 0 0 0
 0 0 0 0 0
 0 0 0 0 0
 0 0 0 0 0
 0 0 0 0 0
 0 0 0 0 0
 0 0 0 0 0
 0.505614 0.472636 0.0217494 0 0
 0 0 0 0 0
 0.443492 0.261883 0.143347 0.151278 0
 0.227955 0.32914 0.350689 0.0885471 0.00366901
 0.970185 0.0296113 0.000203453 0 0
 0.997202 0.00247181 0.000326279 0 0
 0.445219 0.490057 0.0546422 0.010081 0
 0.90214 0.0892962 0.00764917 0.000914606 0
 0 0 0 0 0
 0.581667 0.319106 0.0959925 0.00289975 0.000334073
 0.762889 0.0836404 0.116647 0.0363945 0.000428098
 0.88444 0.0763242 0.0277011 0.0115352 0
 0.521256 0.241999 0.230069 0.00667565 0
 0.616807 0.101726 0.260614 0.0208532 0
 0.833518 0.0704572 0.0857862 0.0102388 0
ppred_PELACES
 0.527588 0.112017 0.339509 0.0208856 7.16119e-07
 0.488397 0.271221 0.0570258 0.17273 0.0106259
 0.638162 0.17809 0.097458 0.0204714 0.0658187
 0.792714 0.133084 0.0365405 0.0199756 0.0176856
 0.709838 0.230891 0.0380709 0.0104402 0.0107597
 0.795572 0.145491 0.0469043 0.00772954 0.00430408
 0.549063 0.360107 0.0646648 0.0208233 0.00534203
 0.519012 0.267038 0.170914 0.0306397 0.0123966
 0.608862 0.203892 0.103981 0.0665162 0.0167484
 0.766239 0.143569 0.0470476 0.02396 0.0191848
 0.854514 0.11205 0.0205476 0.00672352 0.00616529
 0.792987 0.177196 0.022968 0.00420891 0.00264001
 0.746509 0.202125 0.0439794 0.0056906 0.00169675
 0.70703 0.220364 0.0579163 0.0125779 0.00211252
 0.797172 0.14508 0.0434652 0.0113936 0.00288955
 0.951603 0.0388055 0.00686444 0.00205269 0.000674467
 0.449714 0.524215 0.0209105 0.00369349 0.00146726
 0.924872 0.0340762 0.039109 0.00155844 0.000384605
 0.658512 0.316247 0.0114555 0.0131331 0.000652449
 0.676202 0.21478 0.100971 0.00365239 0.00439494
 0.78874 0.143736 0.0448089 0.0210393 0.0016767
 0.79655 0.161033 0.0288694 0.00899036 0.00455743
 0.383124 0.493125 0.0979744 0.0175441 0.00823254
 0.789336 0.0812698 0.103451 0.0205388 0.00540345
 0.687486 0.247222 0.0251987 0.0320551 0.0080381
 0.498996 0.345479 0.123049 0.0125341 0.0199421
 0.779618 0.110452 0.0758178 0.0269889 0.00712293
 0.740192 0.202988 0.0284867 0.0195419 0.00879196
 0.412873 0.435519 0.118465 0.0166162 0.0165265
 0.488742 0.212213 0.221859 0.060313 0.0168731
 0.860061 0.0688251 0.0295315 0.0308498 0.0107324
pobs_pel_tallas
 0 0 0 0 0 0 0 0 0 0 0 0 0 0 0 0 0 0 0 0 0 0 0 0 0 0
 0 0 0 0 0 0 0 0 0 0 0 0 0 0 0 0 0 0 0 0 0 0 0 0 0 0
 0 0 0 0 0 0 0 0 0 0 0 0 0 0 0 0 0 0 0 0 0 0 0 0 0 0
 0 0 0 0 0 0 0 0 0 0 0 0 0 0 0 0 0 0 0 0 0 0 0 0 0 0
 0 0 0 0 0 0 0 0 0 0 0 0 0 0 0 0 0 0 0 0 0 0 0 0 0 0
 0 0 0 0 0 0 0 0 0 0 0 0 0 0 0 0 0 0 0 0 0 0 0 0 0 0
 0 0 0 0 0 0 0 0 0 0 0 0 0 0 0 0 0 0 0 0 0 0 0 0 0 0
 0 0 0 0 0 0 0 0 0 0 0 0 0 0 0 0 0 0 0 0 0 0 0 0 0 0
 0 0 0 0 0 0 0 0 0 0 0 0 0 0 0 0 0 0 0 0 0 0 0 0 0 0
 0 0 0 0 0 0 0 0 0 0 0 0 0 0 0 0 0 0 0 0 0 0 0 0 0 0
 0 0 0 0 0 0 0 0 0 0 0 0 0 0 0 0 0 0 0 0 0 0 0 0 0 0
 0 0 0 0 0 0 0 0 0 0 0 0 0 0 0 0 0 0 0 0 0 0 0 0 0 0
 0.00862536 0 0 0.000197151 0.00414017 0.0128641 0.00837892 0.0270097 0.101434 0.158115 0.152841 0.127902 0.109271 0.109419 0.0830992 0.0579132 0.0238553 0.00714673 0.00463305 0.00128148 0.00103504 0.000492878 0.000147863 0.000147863 4.92878e-05 0
 0 0 0 0 0 0 0 0 0 0 0 0 0 0 0 0 0 0 0 0 0 0 0 0 0 0
 0 0 0 0 0 0 0 0.0054083 0.00873648 0.0413646 0.0450493 0.0745869 0.0622846 0.0627006 0.0613931 0.0827291 0.12552 0.122667 0.0946155 0.0697135 0.0546179 0.0294188 0.0215738 0.0213955 0.0102223 0.00600262
 0 0 0 0 0.00359764 0.0251062 0.0480494 0.140153 0.205849 0.193036 0.1447 0.116669 0.0760912 0.0342217 0.00950174 0.001854 0.000860785 0 0 0 0.000165536 0 0.000143464 0 0 0
 0 0 0 0 0 0 0 0.000145254 0.000435761 0.0275982 0.070085 0.0708112 0.156366 0.174668 0.174014 0.160142 0.0824315 0.0480064 0.0283245 0.00493863 0.00203355 0 0 0 0 0
 0 0 0 0 0 0 0 0 0 0 0 0 0 0 0 0 0 0 0 0 0 0 0 0 0 0
 0 0 1.00437e-05 0.000401748 0.00122533 0.00171747 0.00176769 0.0269171 0.070346 0.194647 0.189555 0.159765 0.064822 0.0314167 0.0384472 0.0292271 0.0345202 0.0313363 0.0194345 0.0106764 0.0143323 0.0359363 0.0279516 0.0138201 0.00172751 0
 0 0.0021121 0.0136068 0.0755702 0.200478 0.177729 0.0527432 0.0373336 0.0318909 0.0142505 0.0149659 0.0166563 0.0217959 0.0798694 0.0677717 0.0528807 0.04013 0.0224614 0.0357745 0.0225083 0.00881397 0.00855152 0.00135912 0.000746735 0 0
 0 0 0 0 5.4009e-05 0.00500934 0.000945158 0.0243581 0.138947 0.33067 0.221406 0.137944 0.0707744 0.0437923 0.0131692 0.00525238 0.0047753 0.00276346 9.45158e-05 9.00151e-06 2.25038e-05 9.00151e-06 4.50075e-06 0 0 0
 0.000866109 0.00284123 0.00948549 0.0512746 0.133035 0.25785 0.225252 0.132002 0.0553304 0.0519788 0.0540692 0.017754 0.00435017 0.00159236 0.00146478 0.000404838 0.000125132 0.000115318 0.000107957 0.000100596 0 0 0 0 0 0
 0 0 0 0 0.00144013 0.00171154 0.00461396 0.0210425 0.0478622 0.0707936 0.0888783 0.103762 0.0637923 0.0337046 0.0602308 0.124433 0.169614 0.0934646 0.0462172 0.0250306 0.0313229 0.00938855 0.002487 0.000210481 0 0
 0 0.00764035 0.051015 0.0998891 0.058973 0.0496711 0.0374665 0.0718981 0.12319 0.153886 0.159021 0.0857701 0.0377988 0.023471 0.0147837 0.00900784 0.00315554 0.000888139 0.00291439 0.00214683 0.00393193 0.00274676 0.000635225 9.99891e-05 0 0
 0 0 0 0 0 0 0 0 0 0 0 0 0 0 0 0 0 0 0 0 0 0 0 0 0 0
 0 0 0 0 0 0 0 0 0 0 0 0 0 0 0 0 0 0 0 0 0 0 0 0 0 0
 0 0 0 0 0 0 0 0 0 0 0 0 0 0 0 0 0 0 0 0 0 0 0 0 0 0
 0 0 0 0 0 0 0 0 0 0 0 0 0 0 0 0 0 0 0 0 0 0 0 0 0 0
 0 0 0 0 0 0 0 0 0 0 0 0 0 0 0 0 0 0 0 0 0 0 0 0 0 0
 0 0 0 0 0 0 0 0 0 0 0 0 0 0 0 0 0 0 0 0 0 0 0 0 0 0
 0 0 0 0 0 0 0 0 0 0 0 0 0 0 0 0 0 0 0 0 0 0 0 0 0 0
ppred_pel_tallas
 1.11921e-16 4.34567e-05 0.000422415 0.0028071 0.0127607 0.0397032 0.0845923 0.123467 0.123479 0.0846478 0.0398909 0.0133092 0.00420819 0.00356108 0.00623847 0.0108538 0.0170456 0.024373 0.0323037 0.0404159 0.0483333 0.0553752 0.0603279 0.0617452 0.0586946 0.0514014
 1.20836e-16 4.02286e-05 0.000391037 0.00259858 0.0118128 0.0367541 0.0783094 0.1143 0.114327 0.0784376 0.0371849 0.0130584 0.0057304 0.00724605 0.0131158 0.0217775 0.0317661 0.0408564 0.0468861 0.0490604 0.0484933 0.0474128 0.0476172 0.0493701 0.051438 0.0520161
 1.1605e-16 5.25646e-05 0.000510947 0.00339542 0.0154351 0.0480244 0.102322 0.149345 0.149363 0.102406 0.0483088 0.0162581 0.00546778 0.00505694 0.00875195 0.0145609 0.0213906 0.027807 0.0324025 0.0345966 0.0349739 0.0347975 0.0350867 0.0359954 0.036876 0.0368151
 1.06085e-16 6.52948e-05 0.000634689 0.00421773 0.0191732 0.059655 0.127102 0.185511 0.185524 0.127165 0.0598662 0.0197837 0.00575218 0.0039908 0.00645845 0.0106258 0.0154269 0.0196765 0.0222239 0.0225708 0.0211684 0.0190857 0.0173134 0.0162496 0.0156744 0.0150848
 1.04026e-16 5.84685e-05 0.000568334 0.00377678 0.0171687 0.0534184 0.113814 0.16612 0.166142 0.113923 0.0537837 0.0182241 0.00642656 0.0063548 0.011054 0.018198 0.0262484 0.033094 0.036626 0.0358816 0.0316142 0.025767 0.0202889 0.0162136 0.0135372 0.0116974
 1.02895e-16 6.55302e-05 0.000636977 0.00423294 0.0192423 0.0598701 0.12756 0.186181 0.186195 0.127629 0.060101 0.0199099 0.00591077 0.00430648 0.0070545 0.0116108 0.016841 0.0214322 0.0240853 0.0241922 0.0221693 0.0191215 0.0161227 0.0136916 0.0117728 0.0100658
 1.04951e-16 4.52256e-05 0.000439609 0.00292136 0.0132801 0.0413195 0.0880369 0.1285 0.128534 0.0882066 0.0418895 0.0149267 0.00705575 0.00946917 0.0172063 0.0284065 0.0409935 0.051715 0.0572815 0.0561759 0.0495393 0.0403556 0.031618 0.024918 0.0202756 0.0168903
 1.10172e-16 4.27504e-05 0.000415549 0.00276147 0.0125533 0.039058 0.0832181 0.121465 0.121491 0.083345 0.0394848 0.0137887 0.00587301 0.00724272 0.0131106 0.021873 0.0321275 0.0417059 0.0483914 0.0511191 0.0504923 0.0481215 0.0453757 0.0426066 0.039336 0.0350018
 1.12558e-16 5.01512e-05 0.000487488 0.00323953 0.0147264 0.0458195 0.0976241 0.142489 0.142509 0.0977209 0.0461449 0.0156681 0.00561024 0.00568665 0.00999547 0.0166347 0.024411 0.0316718 0.0367769 0.0390191 0.0390101 0.0381293 0.0374866 0.0372452 0.0367378 0.0351056
 1.07044e-16 6.31141e-05 0.000613491 0.00407687 0.0185329 0.0576627 0.122857 0.179316 0.17933 0.122925 0.0578908 0.0191924 0.00573514 0.00424249 0.00698211 0.011515 0.0167553 0.0214473 0.024366 0.0249797 0.0237616 0.0218267 0.0201873 0.0192148 0.0186328 0.0178936
 1.0234e-16 7.03852e-05 0.000684169 0.00454655 0.0206679 0.0643057 0.13701 0.199973 0.199984 0.137063 0.0644831 0.0211804 0.00583341 0.00349505 0.0054137 0.00885184 0.0127768 0.0161373 0.0179152 0.017649 0.0157044 0.0130159 0.0105113 0.00866814 0.00746049 0.00659848
 1.01578e-16 6.53173e-05 0.000634908 0.00421919 0.0191798 0.0596756 0.127146 0.185577 0.185594 0.127229 0.0599557 0.0199889 0.00624986 0.00506729 0.00848144 0.0139134 0.0200252 0.0251582 0.0276668 0.0267909 0.0231032 0.0181158 0.0133756 0.0097507 0.00731957 0.00571722
 1.02179e-16 6.1489e-05 0.000597695 0.00397189 0.0180557 0.056178 0.119694 0.174701 0.17472 0.119789 0.0564981 0.0189805 0.00629459 0.00567182 0.00970878 0.0159807 0.023078 0.0291509 0.0323488 0.031805 0.0281289 0.0229538 0.0179244 0.0139262 0.0110038 0.0087773
 1.03347e-16 5.82371e-05 0.000566086 0.00376184 0.0171008 0.053207 0.113364 0.165462 0.165484 0.113468 0.0535564 0.0181104 0.00629829 0.00611011 0.0106077 0.0174976 0.0253241 0.0321044 0.0358482 0.0356255 0.0320883 0.0269682 0.0219761 0.0179832 0.0149622 0.0124672
 1.02924e-16 6.5662e-05 0.000638258 0.00424145 0.019281 0.0599905 0.127817 0.186555 0.186569 0.127885 0.0602207 0.0199465 0.00591364 0.00429484 0.0070284 0.0115632 0.0167631 0.0213159 0.023926 0.0239912 0.0219373 0.0188801 0.0159031 0.0135268 0.011686 0.0100603
 1.00529e-16 7.83823e-05 0.000761904 0.00506312 0.0230162 0.071612 0.152577 0.222691 0.222695 0.152595 0.0716734 0.0231936 0.00550859 0.00173479 0.0019273 0.00306537 0.00441576 0.00556892 0.00616558 0.00604184 0.00532085 0.00432483 0.00337752 0.00265177 0.00215079 0.00178872
 1.01357e-16 3.70425e-05 0.000360066 0.00239277 0.0108772 0.0338433 0.0721085 0.105255 0.105306 0.072355 0.0346704 0.0132651 0.00838237 0.0134212 0.0248005 0.0408314 0.0585565 0.0730902 0.0794784 0.0754362 0.0627379 0.0460819 0.0303773 0.0185348 0.0110177 0.00678357
 1.01359e-16 7.61805e-05 0.000740501 0.00492089 0.0223697 0.0696003 0.148291 0.216436 0.216439 0.148307 0.0696553 0.0225292 0.00532383 0.00162849 0.00178711 0.00289744 0.00431385 0.00573001 0.00687776 0.00761459 0.00796995 0.00805999 0.00795127 0.00760421 0.00693771 0.00593862
 1.01839e-16 5.42408e-05 0.00052724 0.0035037 0.0159273 0.049556 0.105585 0.154111 0.154142 0.105734 0.050055 0.017368 0.00711768 0.00840858 0.014999 0.0246497 0.0353625 0.0441767 0.0481198 0.0458356 0.0384147 0.0286976 0.0196256 0.0129022 0.00872912 0.00639699
 1.04079e-16 5.56979e-05 0.000541403 0.00359782 0.0163552 0.0508871 0.108421 0.158248 0.158269 0.108523 0.051229 0.017344 0.00608518 0.00598834 0.01045 0.0173166 0.0252377 0.0323531 0.0367763 0.0375911 0.0353202 0.0314309 0.027319 0.0236135 0.0202202 0.0168265
 1.03724e-16 6.49675e-05 0.000631507 0.00419659 0.0190771 0.0593559 0.126465 0.184582 0.184596 0.126533 0.0595842 0.0197368 0.00585474 0.00425856 0.006975 0.0114854 0.0166743 0.0212566 0.0239675 0.0242283 0.0224698 0.0197873 0.0172177 0.0152165 0.0136485 0.0121381
 1.02548e-16 6.56108e-05 0.00063776 0.00423814 0.019266 0.0599437 0.127717 0.18641 0.186425 0.127793 0.0601986 0.0200023 0.00608703 0.00467583 0.00774039 0.0127079 0.0183364 0.023137 0.025639 0.0251679 0.0222392 0.0181914 0.0143639 0.0114639 0.00948881 0.00806384
 1.06107e-16 3.15575e-05 0.00030675 0.00203847 0.0092666 0.0288321 0.0614316 0.0896712 0.0897187 0.0616641 0.0296128 0.0115222 0.00770242 0.0126783 0.0235483 0.0389346 0.0562104 0.0709496 0.0786448 0.0771976 0.0681333 0.0554912 0.0433361 0.0338499 0.0271119 0.0221156
 1.05981e-16 6.50166e-05 0.000631985 0.00419976 0.0190915 0.0594008 0.12656 0.18472 0.184728 0.126599 0.0595324 0.0194736 0.00516618 0.00276573 0.00418803 0.00700569 0.0105183 0.014134 0.017274 0.0196453 0.021333 0.0225723 0.0234115 0.0235903 0.0227327 0.0206614
 1.05366e-16 5.66274e-05 0.000550438 0.00365786 0.0166281 0.0517363 0.110231 0.16089 0.160914 0.110347 0.0521271 0.0177569 0.00649127 0.00673564 0.0118036 0.0194261 0.0279888 0.0352316 0.038907 0.0380195 0.0334375 0.0273154 0.0217893 0.0179526 0.0157073 0.0143004
 1.08272e-16 4.11017e-05 0.000399523 0.00265497 0.0120691 0.0375517 0.0800092 0.116783 0.116816 0.0801725 0.0381005 0.0136557 0.00664327 0.00912498 0.016668 0.0276362 0.0401474 0.0511992 0.0577365 0.0583261 0.0539443 0.0471734 0.0405009 0.0350923 0.0307664 0.0267876
 1.06129e-16 6.42161e-05 0.000624204 0.00414805 0.0188565 0.0586695 0.125002 0.182446 0.182457 0.125055 0.0588463 0.0193685 0.00543831 0.00345769 0.00549527 0.0091142 0.0134322 0.0175456 0.020572 0.0221063 0.0224142 0.0221408 0.0217818 0.0213676 0.0205663 0.019031
 1.04322e-16 6.09686e-05 0.000592637 0.00393828 0.0179029 0.0557026 0.118681 0.173222 0.173242 0.118777 0.0560237 0.0188304 0.00626699 0.00567755 0.0097224 0.0159888 0.0230583 0.0290714 0.0321841 0.0315702 0.0279189 0.0229634 0.0184232 0.0151814 0.0131737 0.0118264
 1.07994e-16 3.40079e-05 0.000330569 0.00219675 0.00998614 0.0310708 0.0662012 0.0966314 0.0966734 0.0664068 0.0317614 0.011982 0.00721103 0.0112914 0.0208936 0.0345999 0.0501017 0.0635544 0.0710408 0.0707337 0.06393 0.0540534 0.04448 0.0369154 0.0312772 0.0266431
 1.15361e-16 4.02571e-05 0.000391313 0.00260041 0.0118211 0.03678 0.0783644 0.11438 0.1144 0.0784661 0.0371222 0.0128137 0.00510751 0.00591606 0.0106851 0.0180011 0.0268671 0.0357655 0.0431392 0.0482403 0.0514224 0.053548 0.055045 0.0554699 0.0539 0.0497133
 1.0578e-16 7.08421e-05 0.000688611 0.00457606 0.0208021 0.0647231 0.1379 0.20127 0.201277 0.137932 0.0648329 0.0211197 0.00537539 0.00244119 0.00342238 0.00560809 0.00822335 0.0106736 0.0124179 0.0132463 0.0134047 0.0133968 0.0136122 0.0140767 0.0144834 0.0144259
pSPR Fmed_Fpbrs
0.607345   0.6 0.325
Fs Fmed_Fpbrs
0.280265   0.287752 0.706318
SSBpbr Bo_Bmed_Bpbrs
1.73433e+06  966621  953883 476942
Ro
161961
SPR SPRFo_SPRFmed_SPRFpbrs
1.15768e+06 703114 376247
Fref
0.287752
Nvult_r0
 185869 15915.1 6860.67 7168.72 2493.97
CTP_r0
 28101.3 2995.99 1308.39 1368.07 475.965
YTP_r0
391299
Np
 214580 82672.4 6555.51 2811.05 3789.72
Nvult_p0
 151059 59753.5 4746.44 2035.5 2744.17
CTP_p0
 26966.2 13177.5 1059.87 454.822 613.193
YTP_p0
 474253
CBA_c0
416185
log_Ro
11.8151
likeval ReclasPelacesDesembMPH_pf_preclas_ppelaces_ptallas_desvR_qrecl_qpela
 13.6966 17.1607 0.0581207 0.00081522 241.005 118.176 98.5571 0 23.5374 1.46731e-08 2.45169e-06 0.296584 7.25609e-16 0 0
q_reclas_q_pelaces
1.01731 1.24953
M
1
N
 187098 40909.8 124246 7644.12 0.2621
 104452 61210.6 12918.2 39136.8 2407.62
 105417 31004.2 17028.9 3577.68 11502.9
 173102 31450.8 8682.99 4748.13 4203.86
 139124 46459.2 7674.54 2104.8 2169.22
 239551 46082.9 14909 2457.38 1368.37
 98064.7 72007.8 13032.6 4198.52 1077.12
 43859.5 22986.8 14731.3 2641.06 1068.56
 41623.9 14989 7682.92 4916.04 1237.85
 55490.3 11459.4 3780.75 1926.13 1542.29
 103203 13847 2543.32 832.29 763.191
 140475 34641.7 4521.14 828.809 519.876
 117448 34873 7636.77 988.478 294.736
 82080.2 29902.8 7944.94 1726.43 289.973
 79849.5 16200.9 4890.58 1282.49 325.263
 427345 19037.3 3388.36 1013.56 333.04
 89547.6 110487 4424.7 781.715 310.544
 673927 26258.8 30254.7 1205.86 297.595
 381414 198330 7224.08 8284.42 411.575
 299247 102171 48274.3 1746.68 2101.81
 428192 82515 25823.9 12127.7 966.516
 580938 126047 22708.8 7073.72 3585.89
 120130 161189 32118.1 5752.21 2699.24
 350478 37434.1 47773.2 9485.98 2495.64
 298515 111369 11380.7 14479.3 3630.84
 132963 94825.4 33843.6 3447.77 5485.54
 295873 43460.9 29908.1 10647.8 2810.2
 333468 94225.8 13250.9 9091.17 4090.17
 100251 108876 29675.6 4162.81 4140.37
 72447.5 32831.5 34426.1 9360.34 2618.66
 268541 22470.6 9671.72 10105.2 3515.53
pred_Ctot
 13217.5 3708.83 11434.5 704.054 0.0241415
 12977.3 9648.72 2065.5 6262.36 385.263
 12811.7 4783.53 2665.11 560.348 1801.7
 30358.9 6919.85 1936.33 1059.6 938.177
 8835.36 3792 635.942 174.551 179.901
 28155.4 6881.92 2258.62 372.56 207.465
 23325.2 21180.9 3881.69 1251.33 321.036
 1981.06 1339.48 871.724 156.412 63.2862
 6778.74 3070.96 1595.72 1021.79 257.293
 11643.9 2993.09 1000.35 509.985 408.369
 5755.35 994.057 185.383 60.7149 55.6766
 29810.2 9145.49 1209.08 221.798 139.129
 23552.3 8723.34 1935.44 250.691 74.7518
 25279 11198.2 3009.25 654.303 109.901
 18397.3 4624.13 1413.6 370.946 94.0821
 82616.3 4598.45 829.322 248.249 81.5734
 11698.9 18288.3 742.827 131.334 52.1759
 86779.8 4285.8 5008.43 199.77 49.3035
 67252.2 43861.8 1619.27 1858.27 92.3236
 48499.9 20835.6 9980.02 361.362 434.851
 55075.8 13453 4270.32 2006.99 159.953
 92348.5 25229.2 4608.08 1436.45 728.207
 11772.6 20155 4075.16 730.411 342.761
 30543.2 4172.01 5403.57 1073.79 282.512
 26071.1 12438.4 1289.99 1642.5 411.891
 9461.91 8658.73 3137.07 319.84 508.9
 25418.9 4776.24 3335.82 1188.55 313.697
 23944.4 8680.48 1239.19 850.854 382.82
 7023.07 9789.42 2708.62 380.261 378.228
 7285.41 4210.26 4479.6 1218.93 341.023
 28101.3 2995.99 1308.39 1368.07 475.965
F
 0.117312 0.152735 0.155202 0.155334 0.155341
 0.214605 0.279406 0.283919 0.28416 0.284173
 0.209498 0.272757 0.277162 0.277398 0.27741
 0.315307 0.410516 0.417146 0.417501 0.41752
 0.104925 0.136609 0.138815 0.138933 0.138939
 0.201993 0.262986 0.267233 0.267461 0.267473
 0.450706 0.586801 0.596277 0.596784 0.596811
 0.0736743 0.0959208 0.0974699 0.0975528 0.0975571
 0.289866 0.377394 0.383488 0.383814 0.383832
 0.388136 0.505338 0.513498 0.513935 0.513958
 0.0916375 0.119308 0.121235 0.121338 0.121343
 0.393317 0.512082 0.520352 0.520795 0.520818
 0.368045 0.479179 0.486917 0.487331 0.487353
 0.622631 0.81064 0.823731 0.824432 0.824469
 0.433746 0.564719 0.573838 0.574327 0.574352
 0.352697 0.459197 0.466612 0.467009 0.46703
 0.226767 0.295242 0.30001 0.300265 0.300278
 0.223189 0.290583 0.295276 0.295527 0.29554
 0.317241 0.413035 0.419705 0.420062 0.420081
 0.288291 0.375343 0.381404 0.381728 0.381746
 0.222916 0.290228 0.294914 0.295165 0.295179
 0.282066 0.367238 0.373169 0.373486 0.373503
 0.165991 0.216114 0.219604 0.21979 0.2198
 0.146444 0.190665 0.193744 0.193909 0.193917
 0.146782 0.191104 0.19419 0.194355 0.194364
 0.118214 0.153909 0.156395 0.156528 0.156535
 0.144238 0.187792 0.190825 0.190987 0.190996
 0.119336 0.15537 0.157879 0.158013 0.15802
 0.116284 0.151397 0.153841 0.153972 0.153979
 0.170653 0.222183 0.225771 0.225963 0.225973
 0.178119 0.231903 0.235648 0.235849 0.235859
nmprior
 8.19 8.8 8.5 0
nm_flota  nm_reclas  nm_pelaces    nm_pelaL
inf 12.5859 19.6397 47.9817
cv_recla  cv_pelaces  cv_mph
0.334758 0.469721 0.881136
 ------------------------------------------------
Talla a la edad & desviaci?n 
 8 13.2811 15.8009 17.003 17.5766
 0.8 1.32811 1.58009 1.7003 1.75766
