years
 1991 1992 1993 1994 1995 1996 1997 1998 1999 2000 2001 2002 2003 2004 2005 2006 2007 2008 2009 2010 2011 2012 2013 2014 2015 2016 2017 2018 2019 2020 2021
reclasobs
 0 0 0 0 0 0 0 0 0 252601 567819 844713 477998 351125 339783 2.1784e+06 2.13404e+06 4.81314e+06 1.55562e+06 2.62356e+06 3.21686e+06 3.843e+06 1.13348e+06 3.07943e+06 1.97215e+06 2.03268e+06 2.025e+06 2.42433e+06 2.27542e+06 1.05018e+06 2.36338e+06
reclaspred
 2.93228e+06 2.29682e+06 1.30568e+06 1.13947e+06 1.36881e+06 1.83815e+06 1.4341e+06 1.38712e+06 1.04903e+06 823143 660713 749233 729080 625570 753786 1.29569e+06 1.8133e+06 2.63136e+06 2.42249e+06 1.95737e+06 3.42197e+06 2.69125e+06 2.54645e+06 3.1816e+06 2.81511e+06 2.6841e+06 2.7494e+06 2.59392e+06 2.84035e+06 2.02214e+06 2.88791e+06
pelacesobs
 0 0 0 0 0 0 0 0 0 0 0 0 0 0 0 552880 188675 0 991730 2.46772e+06 1.41603e+06 1.21717e+06 2.29649e+06 1.80582e+06 0 1.4828e+06 1.56532e+06 1.57751e+06 1.42118e+06 867257 1.10002e+06
pelacespred
 1.27248e+06 1.11269e+06 666160 513194 616406 827647 657767 715966 565859 413303 358269 322197 334531 308793 391808 563672 769019 1.18852e+06 1.19964e+06 924292 1.42472e+06 1.34431e+06 1.21301e+06 1.61518e+06 1.4652e+06 1.33371e+06 1.53059e+06 1.49147e+06 1.3179e+06 1.04871e+06 1.49665e+06
mphobs
 0 0 0 0 0 0 0 0 0 0 0 498337 0 5186 125008 0 168611 109162 213762 579715 649985 157893 87575 83554 0 0 0 0 0 0 0
mphpred
 2.22325e+06 2.38891e+06 1.38624e+06 824277 1.01326e+06 1.21432e+06 1.46786e+06 1.00006e+06 1.03404e+06 751924 532474 592297 561100 499838 423145 695624 1.35893e+06 1.5256e+06 2.09117e+06 1.70931e+06 1.96886e+06 2.45137e+06 2.1581e+06 1.95097e+06 2.6555e+06 2.17597e+06 1.97847e+06 2.04386e+06 2.53343e+06 1.87613e+06 1.46781e+06
desembarqueobs
 494567 514787 250237 358949 120608 361735 552515 73892 212993 205616 52469 317467 293654 387597 252695 516296 358380 742168 942051 627588 828172 859565 418607 520667 417249 300574 415391 372974 316634 284311 391294
desembarquepred
 494475 508159 253361 358997 120665 361859 552785 73903.8 213136 205777 52509.7 317784 293767 387623 252697 516370 358401 742143 942238 628024 829149 860404 418845 521159 417581 300717 415487 373095 316675 284325 391409
Reclutas
 511332 85529.3 119978 279637 239949 314414 136961 111521 69397.5 95139.4 134289 155798 152832 123413 168894 511102 187954 668302 519111 402549 576601 660656 209346 486264 397095 237326 431094 420567 176439 168997 630416
log_desv_Rt
 0.733505 -1.05466 -0.716208 0.129979 -0.0230888 0.247195 -0.583819 -0.789306 -1.26366 -0.948171 -0.60352 -0.454953 -0.474178 -0.687977 -0.374244 0.733054 -0.267319 1.00123 0.748603 0.494302 0.853636 0.989719 -0.159526 0.683237 0.48066 -0.0340801 0.562812 0.538088 -0.330539 -0.373634 0.942865
SSB
 2.22325e+06 2.38891e+06 1.38624e+06 824277 1.01326e+06 1.21432e+06 1.46786e+06 1.00006e+06 1.03404e+06 751924 532474 592297 561100 499838 423145 695624 1.35893e+06 1.5256e+06 2.09117e+06 1.70931e+06 1.96886e+06 2.45137e+06 2.1581e+06 1.95097e+06 2.6555e+06 2.17597e+06 1.97847e+06 2.04386e+06 2.53343e+06 1.87613e+06 1.46781e+06
BT
 3.90381e+06 3.14652e+06 1.86715e+06 1.88102e+06 1.80504e+06 2.85154e+06 2.18026e+06 2.22033e+06 1.75097e+06 1.34437e+06 1.1025e+06 1.22326e+06 1.29523e+06 1.41984e+06 1.65382e+06 2.3998e+06 2.41373e+06 4.60804e+06 4.52125e+06 3.19161e+06 5.22187e+06 4.66957e+06 3.66417e+06 5.84826e+06 4.29911e+06 4.02141e+06 5.35024e+06 5.05904e+06 3.5532e+06 3.07728e+06 5.66699e+06
Ftot
 0.159869 0.208435 0.183298 0.295574 0.0840523 0.186283 0.3582 0.0509323 0.191975 0.235307 0.0758512 0.393917 0.375113 0.567643 0.315012 0.372768 0.186869 0.26549 0.362457 0.300598 0.228523 0.299525 0.155866 0.155494 0.140768 0.106626 0.143542 0.136704 0.106052 0.133494 0.128999
BD_Bspro_t
 0.974745 0.858276 0.724011 0.652739 0.695245 0.774423 0.753714 0.637242 0.725233 0.696898 0.678899 0.767405 0.649018 0.574731 0.517647 0.623219 0.684635 0.6967 0.709134 0.636503 0.62523 0.66905 0.672369 0.688519 0.771779 0.777929 0.797276 0.816042 0.837463 0.797246 0.778736
BD_Bspro
 1.26667 1.36105 0.789792 0.46962 0.577292 0.691839 0.836294 0.569773 0.589129 0.428398 0.303369 0.337453 0.319679 0.284776 0.241081 0.396322 0.774233 0.869192 1.19142 0.973857 1.12173 1.39663 1.22955 1.11154 1.51294 1.23973 1.1272 1.16446 1.44339 1.0689 0.836264
BD_Bo
 1.01499 1.09062 0.632867 0.376311 0.462589 0.554377 0.67013 0.456564 0.472074 0.343279 0.243093 0.270404 0.256162 0.228194 0.19318 0.317576 0.620399 0.696491 0.954693 0.78036 0.898854 1.11913 0.985247 0.890685 1.21233 0.993404 0.903238 0.933093 1.1566 0.856518 0.670105
BD_Brms
 4.30862 4.62966 2.68651 1.59743 1.96368 2.35332 2.84469 1.9381 2.00394 1.45721 1.03192 1.14786 1.0874 0.968677 0.820046 1.34811 2.63358 2.95659 4.05265 3.31261 3.81562 4.7507 4.18235 3.78094 5.14631 4.21698 3.83423 3.96096 4.90974 3.6359 2.84458
Sel_flota
 0.5 1 1 1 1
 0.5 1 1 1 1
 0.5 1 1 1 1
 0.5 1 1 1 1
 0.5 1 1 1 1
 0.5 1 1 1 1
 0.5 1 1 1 1
 0.5 1 1 1 1
 0.5 1 1 1 1
 0.5 1 1 1 1
 0.5 1 1 1 1
 0.5 1 1 1 1
 0.5 1 1 1 1
 0.5 1 1 1 1
 0.5 1 1 1 1
 0.5 1 1 1 1
 0.5 1 1 1 1
 0.5 1 1 1 1
 0.5 1 1 1 1
 0.5 1 1 1 1
 0.5 1 1 1 1
 0.5 1 1 1 1
 0.5 1 1 1 1
 0.5 1 1 1 1
 0.5 1 1 1 1
 0.5 1 1 1 1
 0.5 1 1 1 1
 0.5 1 1 1 1
 0.5 1 1 1 1
 0.5 1 1 1 1
 0.5 1 1 1 1
Sel_reclas
 0.5 1 1 1 1
 0.5 1 1 1 1
 0.5 1 1 1 1
 0.5 1 1 1 1
 0.5 1 1 1 1
 0.5 1 1 1 1
 0.5 1 1 1 1
 0.5 1 1 1 1
 0.5 1 1 1 1
 0.5 1 1 1 1
 0.5 1 1 1 1
 0.5 1 1 1 1
 0.5 1 1 1 1
 0.5 1 1 1 1
 0.5 1 1 1 1
 0.5 1 1 1 1
 0.5 1 1 1 1
 0.5 1 1 1 1
 0.5 1 1 1 1
 0.5 1 1 1 1
 0.5 1 1 1 1
 0.5 1 1 1 1
 0.5 1 1 1 1
 0.5 1 1 1 1
 0.5 1 1 1 1
 0.5 1 1 1 1
 0.5 1 1 1 1
 0.5 1 1 1 1
 0.5 1 1 1 1
 0.5 1 1 1 1
 0.5 1 1 1 1
Sel_pelaces
 0.5 1 1 1 1
 0.5 1 1 1 1
 0.5 1 1 1 1
 0.5 1 1 1 1
 0.5 1 1 1 1
 0.5 1 1 1 1
 0.5 1 1 1 1
 0.5 1 1 1 1
 0.5 1 1 1 1
 0.5 1 1 1 1
 0.5 1 1 1 1
 0.5 1 1 1 1
 0.5 1 1 1 1
 0.5 1 1 1 1
 0.5 1 1 1 1
 0.5 1 1 1 1
 0.5 1 1 1 1
 0.5 1 1 1 1
 0.5 1 1 1 1
 0.5 1 1 1 1
 0.5 1 1 1 1
 0.5 1 1 1 1
 0.5 1 1 1 1
 0.5 1 1 1 1
 0.5 1 1 1 1
 0.5 1 1 1 1
 0.5 1 1 1 1
 0.5 1 1 1 1
 0.5 1 1 1 1
 0.5 1 1 1 1
 0.5 1 1 1 1
pf_obs 
 0.8446 0.082 0.0669 0.0065 0
 0.8095 0.147 0.0364 0.0071 0
 0.9664 0.0169 0.016 0.0007 0
 0.9276 0.0648 0.0075 0.0001 0
 0.7033 0.2144 0.0806 0.0017 0
 0.9318 0.0425 0.0243 0.0014 0
 0.5671 0.3108 0.0964 0.0239 0.0018
 0.0768 0.2599 0.5324 0.112 0.0189
 0.490249 0.384438 0.106611 0.0170017 0.00170017
 0.7925 0.1577 0.0466 0.003 0.0002
 0.840416 0.127587 0.0312969 0.00059994 9.999e-05
 0.8084 0.0986 0.0794 0.0134 0.0002
 0.7335 0.1905 0.0724 0.0035 0.0001
 0.4001 0.4547 0.1325 0.0127 0
 0.49795 0.308269 0.164784 0.0264974 0.00249975
 0.9179 0.0499 0.0305 0.0017 0
 0.2467 0.6533 0.0926 0.0074 0
 0.9418 0.0223 0.034 0.0019 0
 0.707729 0.231977 0.0356964 0.0245975 0
 0.517169 0.277429 0.184464 0.0207286 0.00020938
 0.811772 0.124168 0.05621 0.00726502 0.000585176
 0.764997 0.148141 0.077277 0.00933861 0.000247198
 0.163321 0.427699 0.378323 0.0303852 0.000271297
 0.753843 0.0900009 0.118128 0.0371064 0.000921714
 0.721811 0.176058 0.0630433 0.0369309 0.00215725
 0.143369 0.312575 0.442814 0.0836902 0.0175525
 0.692698 0.0596174 0.167031 0.0765114 0.00414204
 0.394062 0.376323 0.152708 0.0712218 0.00568511
 0.125707 0.32114 0.495352 0.0537591 0.00404204
 0.23352 0.215282 0.420074 0.123614 0.00750983
 0.774587 0.0839891 0.0768558 0.0609784 0.00358967
pf_pred 
 0.60691 0.24848 0.0914108 0.0336282 0.0195708
 0.164067 0.638657 0.124702 0.0458753 0.0266984
 0.392854 0.17886 0.327213 0.0638905 0.0371828
 0.680201 0.184655 0.0398122 0.072834 0.0224978
 0.530976 0.38598 0.0479502 0.0103382 0.0247553
 0.574142 0.297616 0.105537 0.0131108 0.00959543
 0.34058 0.48812 0.119715 0.0424517 0.00913348
 0.41718 0.311838 0.200588 0.0491956 0.0211984
 0.348268 0.386053 0.142152 0.0914385 0.0320892
 0.533089 0.247845 0.129763 0.0477812 0.0415211
 0.608848 0.277752 0.0601953 0.0315161 0.0216892
 0.573939 0.324208 0.072324 0.0156743 0.0138542
 0.568095 0.324869 0.0814484 0.0181694 0.00741822
 0.524396 0.355081 0.0906546 0.0227282 0.00714023
 0.6558 0.249266 0.0708767 0.0180953 0.00596195
 0.807119 0.155706 0.0269211 0.0076548 0.00259822
 0.361109 0.577258 0.0497545 0.00860239 0.00327625
 0.752901 0.134516 0.101722 0.00876751 0.0020932
 0.529403 0.408653 0.0337217 0.0255005 0.00272265
 0.489652 0.364943 0.126266 0.0104194 0.0087204
 0.616147 0.260024 0.0885484 0.0306367 0.004644
 0.589462 0.317998 0.0626868 0.0213473 0.00850549
 0.28148 0.545025 0.134387 0.0264917 0.0126159
 0.61357 0.174157 0.161017 0.039702 0.0115536
 0.486981 0.3944 0.0534594 0.0494258 0.0157334
 0.37179 0.417333 0.162119 0.0219746 0.0267838
 0.595872 0.2222 0.120858 0.0469492 0.0141203
 0.525099 0.358406 0.0640517 0.0348389 0.017604
 0.303162 0.485829 0.159247 0.0284595 0.0233015
 0.400252 0.283705 0.220343 0.0722249 0.0234756
 0.763881 0.137255 0.0467664 0.0363216 0.0157754
pobs_RECLAS
 0 0 0 0 0
 0 0 0 0 0
 0 0 0 0 0
 0 0 0 0 0
 0 0 0 0 0
 0 0 0 0 0
 0 0 0 0 0
 0 0 0 0 0
 0 0 0 0 0
 0 0 0 0 0
 0.991045 0.00858322 0.000360255 1.14367e-05 0
 0.934742 0.0480273 0.0164251 0.00080598 0
 0.827803 0.169806 0.00239088 0 0
 0.941827 0.0461693 0.0120037 0 0
 0.791401 0.0380133 0.147996 0.0225897 0
 0.846168 0.0940531 0.0597789 0 0
 0.134021 0.677848 0.182769 0.00536245 0
 0.80878 0.0450904 0.141981 0.00414843 0
 0.846168 0.0940531 0.0597789 0 0
 0.905697 0.0802665 0.012482 0.00150086 5.37128e-05
 0.989698 0.0102097 9.19794e-05 0 0
 0.975433 0.0193895 0.00387452 0.00125025 5.28907e-05
 0.303575 0.632131 0.0575291 0.00676475 0
 0.966965 0.00978017 0.0227588 0.000495775 0
 0.843318 0.132988 0.00938335 0.0141283 0.000182051
 0.564624 0.303363 0.111486 0.0197234 0.00080311
 0.826376 0.0876187 0.0782897 0.00655872 0.00115652
 0.89761 0.0855135 0.0140674 0.00269457 0.000114338
 0.34875 0.467042 0.161289 0.0227151 0.000203297
 0.318654 0.224769 0.449479 0.00709798 0
 0.937255 0.0296025 0.0250945 0.00804832 0
ppred_RECLAS
 0.608652 0.247379 0.0910057 0.0334791 0.0194841
 0.165419 0.637624 0.1245 0.0458012 0.0266552
 0.394885 0.178262 0.326118 0.0636768 0.0370584
 0.683386 0.182816 0.0394157 0.0721085 0.0222737
 0.531886 0.385231 0.0478572 0.0103182 0.0247072
 0.576258 0.296137 0.105012 0.0130456 0.00954776
 0.344734 0.485045 0.11896 0.0421842 0.00907594
 0.417706 0.311556 0.200407 0.0491511 0.0211793
 0.350304 0.384847 0.141708 0.0911529 0.031989
 0.535895 0.246356 0.128983 0.047494 0.0412716
 0.609628 0.277197 0.0600751 0.0314532 0.0216459
 0.57899 0.320365 0.0714666 0.0154885 0.0136899
 0.572873 0.321275 0.0805475 0.0179685 0.00733617
 0.532524 0.349012 0.0891052 0.0223397 0.00701819
 0.659363 0.246686 0.070143 0.017908 0.00590022
 0.810114 0.153289 0.0265032 0.00753596 0.00255788
 0.363116 0.575444 0.0495982 0.00857537 0.00326596
 0.755304 0.133209 0.100733 0.00868226 0.00207285
 0.53406 0.404608 0.033388 0.0252481 0.00269571
 0.493395 0.362266 0.12534 0.0103429 0.00865644
 0.618723 0.258279 0.0879541 0.030431 0.00461283
 0.593066 0.315206 0.0621365 0.0211599 0.00843082
 0.28292 0.543933 0.134118 0.0264386 0.0125906
 0.615249 0.173401 0.160317 0.0395295 0.0115034
 0.488569 0.393179 0.0532939 0.0492728 0.0156847
 0.37289 0.416602 0.161835 0.0219361 0.0267369
 0.597435 0.22134 0.120391 0.0467676 0.0140657
 0.526634 0.357248 0.0638447 0.0347263 0.0175471
 0.304152 0.48514 0.159021 0.0284191 0.0232684
 0.401693 0.283023 0.219813 0.0720514 0.0234192
 0.764922 0.13665 0.0465602 0.0361615 0.0157059
pobs_PELACES
 0 0 0 0 0
 0 0 0 0 0
 0 0 0 0 0
 0 0 0 0 0
 0 0 0 0 0
 0 0 0 0 0
 0 0 0 0 0
 0 0 0 0 0
 0 0 0 0 0
 0 0 0 0 0
 0 0 0 0 0
 0 0 0 0 0
 0 0 0 0 0
 0 0 0 0 0
 0 0 0 0 0
 0 0 0 0 0
 0.505614 0.472636 0.0217494 0 0
 0 0 0 0 0
 0.443492 0.261883 0.143347 0.151278 0
 0.227955 0.32914 0.350689 0.0885471 0.00366901
 0.970185 0.0296113 0.000203453 0 0
 0.997202 0.00247181 0.000326279 0 0
 0.445219 0.490057 0.0546422 0.010081 0
 0.90214 0.0892962 0.00764917 0.000914606 0
 0 0 0 0 0
 0.581667 0.319106 0.0959925 0.00289975 0.000334073
 0.762889 0.0836404 0.116647 0.0363945 0.000428098
 0.88444 0.0763242 0.0277011 0.0115352 0
 0.521256 0.241999 0.230069 0.00667565 0
 0.616807 0.101726 0.260614 0.0208532 0
 0.833518 0.0704572 0.0857862 0.0102388 0
ppred_PELACES
 0.614917 0.243419 0.0895488 0.0329432 0.0191722
 0.170222 0.633954 0.123784 0.0455376 0.0265018
 0.402134 0.176126 0.322211 0.062914 0.0366145
 0.693843 0.176778 0.0381139 0.069727 0.0215381
 0.535337 0.382391 0.0475043 0.0102421 0.0245251
 0.583745 0.290904 0.103157 0.0128151 0.00937905
 0.358205 0.475074 0.116515 0.041317 0.00888936
 0.419752 0.310462 0.199703 0.0489785 0.0211049
 0.357546 0.380557 0.140128 0.0901367 0.0316324
 0.545537 0.241238 0.126304 0.0465074 0.0404142
 0.612603 0.275085 0.0596174 0.0312136 0.021481
 0.594747 0.308375 0.0687919 0.0149088 0.0131776
 0.587944 0.309939 0.0777053 0.0173344 0.0070773
 0.555753 0.33167 0.0846776 0.0212297 0.00666947
 0.670939 0.238302 0.0677593 0.0172994 0.00569972
 0.819395 0.145796 0.0252077 0.00716761 0.00243286
 0.370277 0.568974 0.0490406 0.00847896 0.00322924
 0.763309 0.128851 0.0974371 0.00839822 0.00200503
 0.548908 0.391715 0.032324 0.0244435 0.00260981
 0.505794 0.3534 0.122272 0.0100898 0.00844458
 0.627577 0.252281 0.0859116 0.0297243 0.00450571
 0.604937 0.306012 0.060324 0.0205427 0.00818489
 0.288166 0.539954 0.133137 0.0262452 0.0124985
 0.621304 0.170672 0.157794 0.0389074 0.0113223
 0.494374 0.388717 0.052689 0.0487135 0.0155067
 0.377013 0.413863 0.160771 0.0217919 0.0265611
 0.603118 0.218216 0.118692 0.0461074 0.0138671
 0.532253 0.353007 0.0630868 0.034314 0.0173388
 0.307868 0.482549 0.158172 0.0282673 0.0231441
 0.406998 0.280514 0.217864 0.0714125 0.0232116
 0.768728 0.134438 0.0458064 0.0355761 0.0154516
pobs_pel_tallas
 0 0 0 0 0 0 0 0 0 0 0 0 0 0 0 0 0 0 0 0 0 0 0 0 0 0
 0 0 0 0 0 0 0 0 0 0 0 0 0 0 0 0 0 0 0 0 0 0 0 0 0 0
 0 0 0 0 0 0 0 0 0 0 0 0 0 0 0 0 0 0 0 0 0 0 0 0 0 0
 0 0 0 0 0 0 0 0 0 0 0 0 0 0 0 0 0 0 0 0 0 0 0 0 0 0
 0 0 0 0 0 0 0 0 0 0 0 0 0 0 0 0 0 0 0 0 0 0 0 0 0 0
 0 0 0 0 0 0 0 0 0 0 0 0 0 0 0 0 0 0 0 0 0 0 0 0 0 0
 0 0 0 0 0 0 0 0 0 0 0 0 0 0 0 0 0 0 0 0 0 0 0 0 0 0
 0 0 0 0 0 0 0 0 0 0 0 0 0 0 0 0 0 0 0 0 0 0 0 0 0 0
 0 0 0 0 0 0 0 0 0 0 0 0 0 0 0 0 0 0 0 0 0 0 0 0 0 0
 0 0 0 0 0 0 0 0 0 0 0 0 0 0 0 0 0 0 0 0 0 0 0 0 0 0
 0 0 0 0 0 0 0 0 0 0 0 0 0 0 0 0 0 0 0 0 0 0 0 0 0 0
 0 0 0 0 0 0 0 0 0 0 0 0 0 0 0 0 0 0 0 0 0 0 0 0 0 0
 0.00862536 0 0 0.000197151 0.00414017 0.0128641 0.00837892 0.0270097 0.101434 0.158115 0.152841 0.127902 0.109271 0.109419 0.0830992 0.0579132 0.0238553 0.00714673 0.00463305 0.00128148 0.00103504 0.000492878 0.000147863 0.000147863 4.92878e-05 0
 0 0 0 0 0 0 0 0 0 0 0 0 0 0 0 0 0 0 0 0 0 0 0 0 0 0
 0 0 0 0 0 0 0 0.0054083 0.00873648 0.0413646 0.0450493 0.0745869 0.0622846 0.0627006 0.0613931 0.0827291 0.12552 0.122667 0.0946155 0.0697135 0.0546179 0.0294188 0.0215738 0.0213955 0.0102223 0.00600262
 0 0 0 0 0.00359764 0.0251062 0.0480494 0.140153 0.205849 0.193036 0.1447 0.116669 0.0760912 0.0342217 0.00950174 0.001854 0.000860785 0 0 0 0.000165536 0 0.000143464 0 0 0
 0 0 0 0 0 0 0 0.000145254 0.000435761 0.0275982 0.070085 0.0708112 0.156366 0.174668 0.174014 0.160142 0.0824315 0.0480064 0.0283245 0.00493863 0.00203355 0 0 0 0 0
 0 0 0 0 0 0 0 0 0 0 0 0 0 0 0 0 0 0 0 0 0 0 0 0 0 0
 0 0 1.00437e-05 0.000401748 0.00122533 0.00171747 0.00176769 0.0269171 0.070346 0.194647 0.189555 0.159765 0.064822 0.0314167 0.0384472 0.0292271 0.0345202 0.0313363 0.0194345 0.0106764 0.0143323 0.0359363 0.0279516 0.0138201 0.00172751 0
 0 0.0021121 0.0136068 0.0755702 0.200478 0.177729 0.0527432 0.0373336 0.0318909 0.0142505 0.0149659 0.0166563 0.0217959 0.0798694 0.0677717 0.0528807 0.04013 0.0224614 0.0357745 0.0225083 0.00881397 0.00855152 0.00135912 0.000746735 0 0
 0 0 0 0 5.4009e-05 0.00500934 0.000945158 0.0243581 0.138947 0.33067 0.221406 0.137944 0.0707744 0.0437923 0.0131692 0.00525238 0.0047753 0.00276346 9.45158e-05 9.00151e-06 2.25038e-05 9.00151e-06 4.50075e-06 0 0 0
 0.000866109 0.00284123 0.00948549 0.0512746 0.133035 0.25785 0.225252 0.132002 0.0553304 0.0519788 0.0540692 0.017754 0.00435017 0.00159236 0.00146478 0.000404838 0.000125132 0.000115318 0.000107957 0.000100596 0 0 0 0 0 0
 0 0 0 0 0.00144013 0.00171154 0.00461396 0.0210425 0.0478622 0.0707936 0.0888783 0.103762 0.0637923 0.0337046 0.0602308 0.124433 0.169614 0.0934646 0.0462172 0.0250306 0.0313229 0.00938855 0.002487 0.000210481 0 0
 0 0.00764035 0.051015 0.0998891 0.058973 0.0496711 0.0374665 0.0718981 0.12319 0.153886 0.159021 0.0857701 0.0377988 0.023471 0.0147837 0.00900784 0.00315554 0.000888139 0.00291439 0.00214683 0.00393193 0.00274676 0.000635225 9.99891e-05 0 0
 0 0 0 0 0 0 0 0 0 0 0 0 0 0 0 0 0 0 0 0 0 0 0 0 0 0
 0 0 0 0 0 0 0 0 0 0 0 0 0 0 0 0 0 0 0 0 0 0 0 0 0 0
 0 0 0 0 0 0 0 0 0 0 0 0 0 0 0 0 0 0 0 0 0 0 0 0 0 0
 0 0 0 0 0 0 0 0 0 0 0 0 0 0 0 0 0 0 0 0 0 0 0 0 0 0
 0 0 0 0 0 0 0 0 0 0 0 0 0 0 0 0 0 0 0 0 0 0 0 0 0 0
 0 0 0 0 0 0 0 0 0 0 0 0 0 0 0 0 0 0 0 0 0 0 0 0 0 0
 0 0 0 0 0 0 0 0 0 0 0 0 0 0 0 0 0 0 0 0 0 0 0 0 0 0
ppred_pel_tallas
 1.09195e-16 5.06499e-05 0.000492336 0.00327174 0.0148729 0.0462752 0.0985951 0.143907 0.143931 0.0987102 0.0466622 0.0159919 0.00608537 0.00665078 0.011795 0.0195473 0.0284579 0.0364364 0.0413866 0.0423614 0.0400942 0.0364013 0.0329547 0.0304102 0.0284177 0.0262409
 1.12786e-16 1.40211e-05 0.00013629 0.0009057 0.00411722 0.0128105 0.0272964 0.0398527 0.0399139 0.0275953 0.0138144 0.0070176 0.00818943 0.016048 0.0302672 0.0501062 0.0723963 0.091512 0.101726 0.100426 0.0896557 0.0746487 0.0605861 0.0501098 0.0430512 0.0378026
 1.21849e-16 3.31233e-05 0.00032197 0.00213961 0.00972635 0.0302624 0.0644779 0.094111 0.0941284 0.0645634 0.0305511 0.0105664 0.00427198 0.00505568 0.0092549 0.0158551 0.0242609 0.0335032 0.0425542 0.050882 0.0585328 0.0655703 0.0714045 0.0747198 0.0741435 0.0691096
 1.11783e-16 5.7151e-05 0.000555528 0.00369168 0.0167818 0.0522146 0.111249 0.162375 0.162392 0.111333 0.0524952 0.0175928 0.0057301 0.00501479 0.0085551 0.0141335 0.0205564 0.0263095 0.0299277 0.0308355 0.0297227 0.0280609 0.0271246 0.0272717 0.0279242 0.0280942
 1.06647e-16 4.40951e-05 0.00042862 0.00284833 0.0129481 0.0402866 0.0858363 0.125288 0.125325 0.0860164 0.0408912 0.0146942 0.00723095 0.00999517 0.0182108 0.0300325 0.0432526 0.0543866 0.0599204 0.0582589 0.0506914 0.0405265 0.031112 0.0242689 0.0200417 0.017464
 1.05924e-16 4.80824e-05 0.000467378 0.00310589 0.0141189 0.0439294 0.0935973 0.136614 0.136642 0.0937348 0.0443915 0.0154548 0.0064638 0.0078134 0.0140454 0.0232636 0.0337867 0.04307 0.0485315 0.0489521 0.0451402 0.039259 0.0334005 0.0285593 0.0246148 0.0209956
 1.09132e-16 2.95049e-05 0.000286799 0.00190588 0.00866388 0.0269568 0.057436 0.0838391 0.083885 0.0576602 0.0277099 0.0108401 0.00737271 0.0122352 0.022764 0.0376984 0.054567 0.0691798 0.0772738 0.076883 0.0694673 0.0588101 0.0486191 0.0407294 0.0349688 0.0302184
 1.14326e-16 3.45745e-05 0.000336076 0.00223334 0.0101525 0.0315883 0.0673033 0.0982375 0.0982677 0.0674509 0.0320846 0.0115894 0.00585282 0.00827937 0.0152439 0.025471 0.0374509 0.0487014 0.0566837 0.0602034 0.0599981 0.0579484 0.0556049 0.0532763 0.0502603 0.0457473
 1.18534e-16 2.94507e-05 0.000286271 0.00190238 0.00864795 0.0269072 0.0573299 0.0836824 0.0837193 0.05751 0.0275125 0.0103984 0.00630487 0.00992565 0.0184222 0.0306385 0.0446843 0.0573843 0.0655391 0.0677538 0.0652424 0.0608491 0.0570883 0.0547666 0.0530344 0.0504408
 1.1521e-16 4.49352e-05 0.000436786 0.0029026 0.0131948 0.041054 0.0874709 0.127671 0.127695 0.0875853 0.041439 0.0143087 0.00570685 0.00658597 0.011805 0.0196618 0.0288355 0.0373674 0.0432973 0.0457674 0.0454923 0.0441233 0.0430333 0.0425104 0.0418659 0.0401449
 1.08557e-16 5.04593e-05 0.000490483 0.00325943 0.0148169 0.0461011 0.0982242 0.143367 0.143393 0.098354 0.046537 0.0160766 0.0064237 0.00740589 0.0132076 0.0218184 0.0315797 0.0400514 0.0447924 0.0447164 0.0407395 0.0351227 0.0300453 0.0265253 0.0243231 0.0225787
 1.0579e-16 4.89886e-05 0.000476187 0.00316443 0.0143851 0.0447574 0.0953615 0.139189 0.139219 0.0955069 0.0452459 0.0157967 0.00670985 0.0082229 0.0147821 0.0244151 0.0352954 0.0446592 0.0497177 0.049186 0.0440266 0.0367425 0.0298157 0.0245202 0.0208042 0.0179516
 1.05258e-16 4.84283e-05 0.00047074 0.00312823 0.0142205 0.0442455 0.0942708 0.137597 0.137627 0.094417 0.0447368 0.0156402 0.00669457 0.0082651 0.0148779 0.024589 0.0355795 0.0450844 0.0503073 0.0499483 0.0449431 0.0377533 0.0308111 0.0253531 0.0213266 0.0180643
 1.05787e-16 4.57767e-05 0.000444966 0.00295696 0.0134419 0.0418229 0.0891094 0.130064 0.130097 0.0892659 0.0423487 0.0149614 0.0067741 0.00878801 0.0159207 0.0263264 0.0381045 0.048306 0.0539448 0.0536334 0.0483717 0.0407849 0.0334588 0.0276956 0.0234208 0.0199113
 1.04716e-16 5.52644e-05 0.00053719 0.00356982 0.0162279 0.0504911 0.107577 0.157017 0.15704 0.10769 0.0508691 0.0173205 0.00631511 0.0065394 0.0114817 0.0189653 0.0274823 0.034912 0.039123 0.0391254 0.0356269 0.0304806 0.0254936 0.0215469 0.0185474 0.0159648
 1.01896e-16 6.74925e-05 0.000656052 0.00435969 0.0198185 0.0616629 0.13138 0.191756 0.19177 0.131449 0.0618936 0.0204851 0.00603313 0.00431054 0.00701204 0.0114961 0.0165791 0.0209017 0.023126 0.0226353 0.0198926 0.0161112 0.0125127 0.00975325 0.00785119 0.00648776
 1.02958e-16 3.04993e-05 0.000296464 0.00197011 0.00895588 0.0278654 0.0593721 0.0866668 0.0867216 0.0596398 0.028764 0.0115508 0.00848103 0.0145012 0.0269825 0.0444923 0.0639319 0.0800616 0.0875545 0.0839457 0.0711107 0.0540196 0.0378153 0.0254736 0.0173836 0.012413
 1.04027e-16 6.28728e-05 0.000611146 0.00406128 0.018462 0.0574422 0.122387 0.17863 0.178643 0.122448 0.0576485 0.0190596 0.00556717 0.00391817 0.00640094 0.010632 0.0156569 0.0204101 0.0238228 0.0253596 0.025256 0.0242062 0.0227883 0.021132 0.019041 0.0163528
 1.03926e-16 4.52129e-05 0.000439485 0.00292054 0.0132764 0.0413079 0.0880122 0.128464 0.128502 0.0881965 0.0419266 0.0150632 0.00740427 0.0102228 0.0186117 0.0306625 0.0440867 0.0552802 0.0606073 0.0584111 0.0500175 0.0388577 0.0284342 0.0207002 0.0157847 0.0127649
 1.0606e-16 4.16616e-05 0.000404966 0.00269114 0.0122336 0.0380633 0.0810992 0.118374 0.118408 0.0812662 0.0386245 0.0138559 0.00676869 0.00932399 0.0170322 0.0282263 0.0409689 0.0521665 0.0586636 0.0589608 0.0540311 0.0465117 0.0389785 0.0326968 0.0275883 0.0230202
 1.06288e-16 5.16928e-05 0.000502472 0.0033391 0.0151791 0.0472279 0.100625 0.14687 0.146895 0.100744 0.0476287 0.0163377 0.00625146 0.00687422 0.0121943 0.020187 0.0293324 0.0374301 0.0422636 0.0428065 0.0397897 0.0351015 0.0305325 0.0268742 0.0239147 0.0210469
 1.05265e-16 4.98279e-05 0.000484345 0.00321864 0.0146315 0.0455242 0.0969952 0.141574 0.141603 0.0971395 0.0460088 0.0160315 0.00673434 0.00816439 0.0146513 0.0241841 0.034932 0.0441395 0.0490299 0.0483284 0.0430062 0.0355785 0.0285461 0.0232031 0.0195073 0.0167348
 1.08728e-16 2.3736e-05 0.000230722 0.00153323 0.00696989 0.0216862 0.0462066 0.0674508 0.067503 0.0464614 0.0225419 0.00944282 0.00774511 0.0138061 0.0258495 0.0428111 0.0619358 0.0784456 0.0874625 0.0867138 0.0778288 0.0651074 0.0528114 0.0431295 0.0360047 0.0302981
 1.10416e-16 5.11761e-05 0.00049745 0.00330573 0.0150274 0.0467558 0.0996188 0.1454 0.145417 0.0997004 0.0470303 0.015823 0.00531368 0.00491653 0.00854887 0.0143276 0.021281 0.0281211 0.0335426 0.036917 0.0385559 0.0392519 0.0395099 0.0391539 0.0375827 0.0343505
 1.0913e-16 4.0721e-05 0.000395823 0.00263038 0.0119574 0.037204 0.0792685 0.115702 0.11574 0.0794516 0.0378189 0.0137337 0.00709011 0.0101344 0.0185455 0.0306226 0.0441816 0.0557322 0.0617643 0.0607163 0.0539279 0.0447256 0.036386 0.0305524 0.0270306 0.0246468
 1.11426e-16 3.10542e-05 0.000301858 0.00200595 0.00911879 0.0283722 0.0604514 0.088239 0.088279 0.0606472 0.0290301 0.0110212 0.00678922 0.0107704 0.0199912 0.0332057 0.0483123 0.0617646 0.0699408 0.0711453 0.066534 0.0591385 0.0518329 0.04589 0.0409889 0.0361986
 1.10452e-16 4.96781e-05 0.000482889 0.00320897 0.0145875 0.0453873 0.0967031 0.141145 0.141167 0.0968067 0.0457355 0.0155953 0.00574632 0.00604706 0.0106914 0.0177925 0.0260898 0.0337936 0.0391063 0.041209 0.040688 0.0389732 0.0372676 0.0358536 0.0342127 0.0316598
 1.08287e-16 4.38411e-05 0.000426151 0.00283192 0.0128735 0.0400545 0.0853417 0.124566 0.1246 0.0855081 0.0406134 0.0144882 0.00688664 0.00928337 0.0168827 0.0278887 0.040287 0.0509204 0.0566102 0.0559259 0.0500399 0.0419019 0.0344121 0.0290185 0.0255584 0.0230371
 1.1144e-16 2.53588e-05 0.000246496 0.00163806 0.0074464 0.0231688 0.0493652 0.0720598 0.0721064 0.0495933 0.0239349 0.00966116 0.00720458 0.0124221 0.023219 0.0385293 0.0559315 0.071242 0.0801877 0.0807779 0.0744142 0.0647644 0.0553661 0.0478825 0.042046 0.0367669
 1.17449e-16 3.35239e-05 0.000325865 0.00216549 0.009844 0.0306285 0.0652582 0.095252 0.0952794 0.065392 0.0310784 0.0111473 0.0054519 0.00754956 0.0138985 0.0233082 0.0344784 0.0452727 0.0535093 0.0581787 0.0599141 0.060236 0.0602288 0.0597903 0.0579558 0.053823
 1.07539e-16 6.33191e-05 0.000615484 0.00409011 0.0185931 0.05785 0.123256 0.179898 0.179911 0.12332 0.0580637 0.0192112 0.00564463 0.00401877 0.00655614 0.0108175 0.0157684 0.0202476 0.0231304 0.0239412 0.0231343 0.0217413 0.0206649 0.0201781 0.0199345 0.0193499
pSPR Fmed_Fpbrs
0.735599   0.285572 0.285572
Fs Fmed_Fpbrs
0.194031   1.005 1.005
SSBpbr Bo_Bmed_Bpbrs
2.19041e+06  1.50175e+06  516001 516001
Ro
245553
SPR SPRFo_SPRFmed_SPRFpbrs
1.7552e+06 1.29112e+06 501236
Fref
1.005
Nvult_r0
 412985 39351.1 13407.9 10413.4 4522.81
CTP_r0
 25023.4 4496.25 1531.99 1189.83 516.776
YTP_r0
391409
Np
 351705 217431 18805.2 6407.41 6585.54
Nvult_p0
 273425 188151 16272.9 5544.59 5698.73
CTP_p0
 91444.9 94310.3 8156.74 2779.21 2856.47
YTP_p0
 2.57776e+06
CBA_c0
1.04731e+06
log_Ro
12.2313
likeval ReclasPelacesDesembMPH_pf_preclas_ppelaces_ptallas_desvR_qrecl_qpela
 28.5011 19.7581 1.65265 0.00345057 253.003 139.601 105.082 0 19.0331 0 0 8.36631 0 0 0
q_reclas_q_pelaces
1 1
M
1
N
 511332 108150 39786 14636.4 8518.07
 85529.3 173658 33907.8 12474 7259.58
 119978 28350.4 51865.3 10127.1 5893.71
 279637 40272.1 8682.8 15884.6 4906.63
 239949 88739.7 11024.1 2376.84 5691.42
 314414 84639.4 30013.7 3728.6 2728.86
 136961 105379 25845 9164.82 1971.81
 111521 42123.1 27095.5 6645.34 2863.48
 69397.5 39994.5 14726.7 9472.9 3324.4
 95139.4 23193.3 12143.2 4471.34 3885.53
 134289 31115 6743.35 3530.58 2429.72
 155798 47563.7 10610.4 2299.53 2032.51
 152832 47068.4 11800.6 2632.47 1074.79
 123413 46608.4 11899.4 2983.33 937.235
 168894 34182.6 9719.53 2481.46 817.579
 511102 53078.1 9177.04 2609.41 885.697
 187954 156051 13450.2 2325.5 885.677
 668302 62976.5 47623 4104.68 979.972
 519111 215292 17765.7 13434.5 1434.39
 402549 159316 55121.4 4548.58 3806.89
 576601 127424 43392.7 15013.4 2275.77
 660656 189216 37300.1 12702.1 5060.96
 209346 209238 51591.9 10170.3 4843.3
 486264 71240.1 65864.9 16240.3 4726.05
 397095 165506 22433.6 20741 6602.36
 237326 136155 52891.2 7169.19 8738.2
 431094 82774.6 45022.6 17489.7 5260.14
 420567 147607 26379.3 14348.2 7250.1
 176439 144496 47363.5 8464.45 6930.34
 168997 61556.1 47808.3 15670.8 5093.56
 630416 58156.3 19815.3 15389.8 6684.18
pred_Ctot
 24993.9 10233 3764.5 1384.88 805.97
 5396.63 21007.2 4101.8 1508.97 878.184
 6691.67 3046.6 5573.56 1088.28 633.352
 24579.6 6672.66 1438.65 2631.92 812.978
 6263.82 4553.33 565.659 121.958 292.033
 17810.8 9232.53 3273.92 406.718 297.666
 14405.5 20646 5063.55 1795.57 386.317
 1776.26 1327.74 854.06 209.464 90.2581
 4046.59 4485.62 1651.69 1062.44 372.851
 6739.74 3133.46 1640.57 604.088 524.943
 3168.93 1445.64 313.304 164.035 112.888
 17891.4 10106.5 2254.56 488.615 431.876
 16776.3 9593.65 2405.24 536.559 219.066
 19726.7 13357.4 3410.24 854.987 268.601
 15759.5 5990.1 1703.23 434.847 143.271
 55779.4 10760.7 1860.5 529.017 179.561
 10679.4 17071.7 1471.43 254.405 96.8913
 53087.7 9484.88 7172.49 618.205 147.593
 55201.1 42610.4 3516.18 2658.95 283.893
 35948.1 26792.5 9269.88 764.944 640.213
 39724.2 16764.3 5708.89 1975.21 299.408
 58799.6 31720.7 6253.09 2129.42 848.433
 9984.86 19333.5 4767.08 939.732 447.52
 23139.1 6567.87 6072.31 1497.25 435.711
 17158.3 13896.3 1883.59 1741.47 554.353
 7822.56 8780.79 3411.02 462.351 563.538
 18983.7 7078.98 3850.39 1495.74 449.854
 17662.7 12055.7 2154.5 1171.87 592.143
 5785.03 9270.74 3038.81 543.073 444.646
 6935.38 4915.91 3818 1251.48 406.775
 25023.4 4496.25 1531.99 1189.83 516.776
F
 0.0799343 0.159869 0.159869 0.159869 0.159869
 0.104218 0.208435 0.208435 0.208435 0.208435
 0.091649 0.183298 0.183298 0.183298 0.183298
 0.147787 0.295574 0.295574 0.295574 0.295574
 0.0420261 0.0840523 0.0840523 0.0840523 0.0840523
 0.0931415 0.186283 0.186283 0.186283 0.186283
 0.1791 0.3582 0.3582 0.3582 0.3582
 0.0254662 0.0509323 0.0509323 0.0509323 0.0509323
 0.0959873 0.191975 0.191975 0.191975 0.191975
 0.117653 0.235307 0.235307 0.235307 0.235307
 0.0379256 0.0758512 0.0758512 0.0758512 0.0758512
 0.196959 0.393917 0.393917 0.393917 0.393917
 0.187556 0.375113 0.375113 0.375113 0.375113
 0.283821 0.567643 0.567643 0.567643 0.567643
 0.157506 0.315012 0.315012 0.315012 0.315012
 0.186384 0.372768 0.372768 0.372768 0.372768
 0.0934344 0.186869 0.186869 0.186869 0.186869
 0.132745 0.26549 0.26549 0.26549 0.26549
 0.181228 0.362457 0.362457 0.362457 0.362457
 0.150299 0.300598 0.300598 0.300598 0.300598
 0.114261 0.228523 0.228523 0.228523 0.228523
 0.149763 0.299525 0.299525 0.299525 0.299525
 0.077933 0.155866 0.155866 0.155866 0.155866
 0.0777472 0.155494 0.155494 0.155494 0.155494
 0.070384 0.140768 0.140768 0.140768 0.140768
 0.0533131 0.106626 0.106626 0.106626 0.106626
 0.0717712 0.143542 0.143542 0.143542 0.143542
 0.0683519 0.136704 0.136704 0.136704 0.136704
 0.0530261 0.106052 0.106052 0.106052 0.106052
 0.0667471 0.133494 0.133494 0.133494 0.133494
 0.0644997 0.128999 0.128999 0.128999 0.128999
nmprior
 8.19 8.8 8.5 0
nm_flota  nm_reclas  nm_pelaces    nm_pelaL
inf 7.07531 7.79931 14.4435
cv_recla  cv_pelaces  cv_mph
0.482899 0.504017 1.8128
 ------------------------------------------------
Talla a la edad & desviaci?n 
 8 13.2811 15.8009 17.003 17.5766
 0.8 1.32811 1.58009 1.7003 1.75766
