years
 1991 1992 1993 1994 1995 1996 1997 1998 1999 2000 2001 2002 2003 2004 2005 2006 2007 2008 2009 2010 2011 2012 2013 2014 2015 2016 2017 2018 2019 2020 2021
reclasobs
 0 0 0 0 0 0 0 0 0 252601 567819 844713 477998 351125 339783 2.1784e+06 2.13404e+06 4.81314e+06 1.55562e+06 2.62356e+06 3.21686e+06 3.843e+06 1.13348e+06 3.07943e+06 1.97215e+06 2.03268e+06 2.025e+06 2.42433e+06 2.27542e+06 1.05018e+06 2.36338e+06
reclaspred
 3.22999e+06 1.81348e+06 919627 918882 915573 1.4381e+06 911942 810475 592903 434659 498658 639630 631866 496157 503239 1.2962e+06 1.26362e+06 2.83255e+06 2.33534e+06 1.7414e+06 3.07647e+06 2.49894e+06 1.99262e+06 3.06024e+06 2.29967e+06 2.03449e+06 2.40498e+06 2.55783e+06 2.10853e+06 1.33543e+06 1.93008e+06
pelacesobs
 0 0 0 0 0 0 0 0 0 0 0 0 0 0 0 552880 188675 0 991730 2.46772e+06 1.41603e+06 1.21717e+06 2.29649e+06 1.80582e+06 0 1.4828e+06 1.56532e+06 1.57751e+06 1.42118e+06 867257 1.10002e+06
pelacespred
 1.76048e+06 1.10068e+06 559070 456276 472914 766865 452698 494764 350423 243794 288485 309331 335611 278651 289947 619594 604812 1.55838e+06 1.32917e+06 920384 1.57005e+06 1.38597e+06 1.1015e+06 1.84946e+06 1.3416e+06 1.18252e+06 1.59214e+06 1.67261e+06 1.13337e+06 814712 1.16098e+06
mphobs
 0 0 0 0 0 0 0 0 0 0 0 498337 0 5186 125008 0 168611 109162 213762 579715 649985 157893 87575 83554 0 0 0 0 0 0 0
mphpred
 486918 325557 162690 88964.8 97519.3 110088 144367 90674.6 80353 55746.8 37100.8 58759.7 63251.2 53835.9 36950.9 46691.5 149160 143044 280650 212362 227098 279875 266008 220189 305392 251908 207461 220868 308416 211094 132774
desembarqueobs
 494567 514787 250237 358949 120608 361735 552515 73892 212993 205616 52469 317467 293654 387597 252695 516296 358380 742168 942051 627588 828172 859565 418607 520667 417249 300574 407403 355545 319650 289779 391294
desembarquepred
 494574 513455 250899 358978 120613 361750 552565 73896.2 213041 205661 52471.6 317535 293708 387640 252693 516264 358404 742076 941868 627465 828241 859589 418618 520692 417250 300576 407404 355533 319644 289787 391299
Reclutas
 201894 114423 114958 193214 154920 263477 109466 50265.9 47415.3 62924.2 116542 152920 127875 89603.8 89980.2 483110 104691 744581 429056 330821 488976 655879 138403 407543 343698 154550 344606 387296 116207 84417.7 314310
log_desv_Rt
 0.0990302 -0.468809 -0.46415 0.0550832 -0.165808 0.365253 -0.513102 -1.29139 -1.34977 -1.06678 -0.450467 -0.178802 -0.357661 -0.713317 -0.709125 0.971529 -0.557702 1.40411 0.852874 0.592862 0.983599 1.27726 -0.278543 0.801431 0.631048 -0.168198 0.633687 0.750474 -0.453341 -0.772938 0.541666
SSB
 3.33385e+06 2.22904e+06 1.11392e+06 609128 667699 753752 988459 620835 550164 381690 254023 402318 433071 368606 252997 319690 1.02128e+06 979398 1.92157e+06 1.45401e+06 1.5549e+06 1.91626e+06 1.82132e+06 1.5076e+06 2.09097e+06 1.72477e+06 1.42045e+06 1.51225e+06 2.11167e+06 1.44532e+06 909081
BT
 4.47753e+06 3.0465e+06 1.53923e+06 1.354e+06 1.18537e+06 2.07641e+06 1.54002e+06 1.20531e+06 1.01967e+06 760865 710692 979971 1.04081e+06 1.04591e+06 922186 1.84777e+06 1.6745e+06 4.24793e+06 3.97121e+06 2.68694e+06 4.29179e+06 3.99992e+06 2.90459e+06 4.74817e+06 3.47842e+06 2.99283e+06 4.0863e+06 4.21248e+06 2.87692e+06 2.15985e+06 3.04808e+06
Ftot
 0.127831 0.232591 0.226496 0.343532 0.115661 0.227484 0.498362 0.0794866 0.309854 0.404956 0.0983527 0.436318 0.406706 0.673697 0.458669 0.379837 0.24222 0.245592 0.350694 0.314408 0.24054 0.304934 0.17846 0.156512 0.158087 0.12765 0.154857 0.128714 0.126576 0.182505 0.188515
BD_Bspro_t
 0.979796 0.852942 0.699545 0.613247 0.604907 0.677087 0.666887 0.508553 0.565228 0.524421 0.49336 0.688403 0.574892 0.487035 0.38199 0.439834 0.609589 0.586855 0.679 0.585322 0.55687 0.604731 0.620525 0.614406 0.715264 0.723444 0.730646 0.765603 0.809065 0.746301 0.681556
BD_Bspro
 2.55065 1.70538 0.852229 0.466028 0.51084 0.576677 0.756245 0.474985 0.420917 0.292021 0.194347 0.307803 0.331332 0.282011 0.193562 0.244586 0.781354 0.749313 1.47014 1.11243 1.18962 1.46608 1.39344 1.15343 1.59975 1.31958 1.08675 1.15699 1.61559 1.10578 0.695515
BD_Bo
 1.70557 1.14035 0.569868 0.311624 0.341588 0.385612 0.505686 0.317613 0.281459 0.195269 0.129956 0.205822 0.221555 0.188575 0.129431 0.16355 0.522476 0.50105 0.983056 0.743858 0.795473 0.98034 0.931767 0.771273 1.06972 0.882378 0.72669 0.773653 1.08031 0.739414 0.465077
BD_Brms
 10.3873 6.94502 3.47063 1.89786 2.08035 2.34847 3.07975 1.93434 1.71415 1.18923 0.791462 1.2535 1.34932 1.14847 0.788264 0.996059 3.182 3.05152 5.98705 4.53027 4.84462 5.9705 5.67468 4.69724 6.51485 5.37389 4.42572 4.71173 6.57935 4.50321 2.83243
Sel_flota
 0.791244 0.986304 0.99927 0.999962 0.999998
 0.791244 0.986304 0.99927 0.999962 0.999998
 0.791244 0.986304 0.99927 0.999962 0.999998
 0.791244 0.986304 0.99927 0.999962 0.999998
 0.791244 0.986304 0.99927 0.999962 0.999998
 0.791244 0.986304 0.99927 0.999962 0.999998
 0.791244 0.986304 0.99927 0.999962 0.999998
 0.791244 0.986304 0.99927 0.999962 0.999998
 0.791244 0.986304 0.99927 0.999962 0.999998
 0.791244 0.986304 0.99927 0.999962 0.999998
 0.791244 0.986304 0.99927 0.999962 0.999998
 0.791244 0.986304 0.99927 0.999962 0.999998
 0.791244 0.986304 0.99927 0.999962 0.999998
 0.791244 0.986304 0.99927 0.999962 0.999998
 0.791244 0.986304 0.99927 0.999962 0.999998
 0.791244 0.986304 0.99927 0.999962 0.999998
 0.791244 0.986304 0.99927 0.999962 0.999998
 0.791244 0.986304 0.99927 0.999962 0.999998
 0.791244 0.986304 0.99927 0.999962 0.999998
 0.791244 0.986304 0.99927 0.999962 0.999998
 0.791244 0.986304 0.99927 0.999962 0.999998
 0.791244 0.986304 0.99927 0.999962 0.999998
 0.791244 0.986304 0.99927 0.999962 0.999998
 0.791244 0.986304 0.99927 0.999962 0.999998
 0.791244 0.986304 0.99927 0.999962 0.999998
 0.791244 0.986304 0.99927 0.999962 0.999998
 0.791244 0.986304 0.99927 0.999962 0.999998
 0.791244 0.986304 0.99927 0.999962 0.999998
 0.791244 0.986304 0.99927 0.999962 0.999998
 0.791244 0.986304 0.99927 0.999962 0.999998
 0.791244 0.986304 0.99927 0.999962 0.999998
Sel_reclas
 1 1 1 1 1
 1 1 1 1 1
 1 1 1 1 1
 1 1 1 1 1
 1 1 1 1 1
 1 1 1 1 1
 1 1 1 1 1
 1 1 1 1 1
 1 1 1 1 1
 1 1 1 1 1
 1 1 1 1 1
 1 1 1 1 1
 1 1 1 1 1
 1 1 1 1 1
 1 1 1 1 1
 1 1 1 1 1
 1 1 1 1 1
 1 1 1 1 1
 1 1 1 1 1
 1 1 1 1 1
 1 1 1 1 1
 1 1 1 1 1
 1 1 1 1 1
 1 1 1 1 1
 1 1 1 1 1
 1 1 1 1 1
 1 1 1 1 1
 1 1 1 1 1
 1 1 1 1 1
 1 1 1 1 1
 1 1 1 1 1
Sel_pelaces
 1 1 1 1 1
 1 1 1 1 1
 1 1 1 1 1
 1 1 1 1 1
 1 1 1 1 1
 1 1 1 1 1
 1 1 1 1 1
 1 1 1 1 1
 1 1 1 1 1
 1 1 1 1 1
 1 1 1 1 1
 1 1 1 1 1
 1 1 1 1 1
 1 1 1 1 1
 1 1 1 1 1
 1 1 1 1 1
 1 1 1 1 1
 1 1 1 1 1
 1 1 1 1 1
 1 1 1 1 1
 1 1 1 1 1
 1 1 1 1 1
 1 1 1 1 1
 1 1 1 1 1
 1 1 1 1 1
 1 1 1 1 1
 1 1 1 1 1
 1 1 1 1 1
 1 1 1 1 1
 1 1 1 1 1
 1 1 1 1 1
pf_obs 
 0.8446 0.082 0.0669 0.0065 0
 0.8095 0.147 0.0364 0.0071 0
 0.9664 0.0169 0.016 0.0007 0
 0.9276 0.0648 0.0075 0.0001 0
 0.7033 0.2144 0.0806 0.0017 0
 0.9318 0.0425 0.0243 0.0014 0
 0.5671 0.3108 0.0964 0.0239 0.0018
 0.0768 0.2599 0.5324 0.112 0.0189
 0.490249 0.384438 0.106611 0.0170017 0.00170017
 0.7925 0.1577 0.0466 0.003 0.0002
 0.840416 0.127587 0.0312969 0.00059994 9.999e-05
 0.8084 0.0986 0.0794 0.0134 0.0002
 0.7335 0.1905 0.0724 0.0035 0.0001
 0.4001 0.4547 0.1325 0.0127 0
 0.49795 0.308269 0.164784 0.0264974 0.00249975
 0.9179 0.0499 0.0305 0.0017 0
 0.2467 0.6533 0.0926 0.0074 0
 0.9418 0.0223 0.034 0.0019 0
 0.707729 0.231977 0.0356964 0.0245975 0
 0.517169 0.277429 0.184464 0.0207286 0.00020938
 0.811772 0.124168 0.05621 0.00726502 0.000585176
 0.764997 0.148141 0.077277 0.00933861 0.000247198
 0.163321 0.427699 0.378323 0.0303852 0.000271297
 0.753843 0.0900009 0.118128 0.0371064 0.000921714
 0.721811 0.176058 0.0630433 0.0369309 0.00215725
 0.143369 0.312575 0.442814 0.0836902 0.0175525
 0.692698 0.0596174 0.167031 0.0765114 0.00414204
 0.394062 0.376323 0.152708 0.0712218 0.00568511
 0.125707 0.32114 0.495352 0.0537591 0.00404204
 0.23352 0.215282 0.420074 0.123614 0.00750983
 0.774587 0.0839891 0.0768558 0.0609784 0.00358967
pf_pred 
 0.437937 0.121973 0.415637 0.024452 8.03365e-07
 0.408567 0.293383 0.0653636 0.219766 0.0129201
 0.55664 0.207641 0.117804 0.0258747 0.0920408
 0.734831 0.163226 0.0481142 0.0269118 0.0269162
 0.644081 0.278108 0.0481827 0.0139898 0.0156382
 0.741632 0.179252 0.062003 0.0106 0.00651333
 0.469173 0.416708 0.0795226 0.0271172 0.00747878
 0.445237 0.297832 0.202414 0.0379995 0.0165169
 0.529228 0.235875 0.126879 0.0851113 0.022907
 0.692881 0.181681 0.0633282 0.0335606 0.0285489
 0.807044 0.143899 0.0292098 0.0100238 0.00982258
 0.728552 0.227902 0.032586 0.00652758 0.00443193
 0.673775 0.253648 0.0610916 0.00859671 0.00288879
 0.617302 0.278848 0.0810297 0.0192107 0.00360864
 0.725634 0.187838 0.0633583 0.0180823 0.00508739
 0.930764 0.0537191 0.0106781 0.00354408 0.00129492
 0.380831 0.585491 0.0262218 0.0051324 0.00232392
 0.893527 0.046659 0.0566049 0.00249906 0.000710072
 0.589177 0.375803 0.0154711 0.0185011 0.00104808
 0.595862 0.262067 0.130133 0.00527642 0.00666182
 0.733833 0.174217 0.0599384 0.0293229 0.00268786
 0.738206 0.20377 0.0381704 0.0129455 0.00690842
 0.317517 0.534484 0.115579 0.0213322 0.0110868
 0.734634 0.0981135 0.131378 0.0280207 0.0078537
 0.621147 0.294689 0.0313885 0.041462 0.0113134
 0.43053 0.383504 0.145103 0.0152464 0.0256159
 0.726137 0.133341 0.0950513 0.0354853 0.00998563
 0.683046 0.244041 0.0357526 0.0251418 0.0120186
 0.348152 0.475738 0.136024 0.0196628 0.0204223
 0.416101 0.23423 0.256131 0.0722596 0.0212787
 0.818859 0.0860022 0.0384859 0.0415063 0.0151467
pobs_RECLAS
 0 0 0 0 0
 0 0 0 0 0
 0 0 0 0 0
 0 0 0 0 0
 0 0 0 0 0
 0 0 0 0 0
 0 0 0 0 0
 0 0 0 0 0
 0 0 0 0 0
 0 0 0 0 0
 0.991045 0.00858322 0.000360255 1.14367e-05 0
 0.934742 0.0480273 0.0164251 0.00080598 0
 0.827803 0.169806 0.00239088 0 0
 0.941827 0.0461693 0.0120037 0 0
 0.791401 0.0380133 0.147996 0.0225897 0
 0.846168 0.0940531 0.0597789 0 0
 0.134021 0.677848 0.182769 0.00536245 0
 0.80878 0.0450904 0.141981 0.00414843 0
 0.846168 0.0940531 0.0597789 0 0
 0.905697 0.0802665 0.012482 0.00150086 5.37128e-05
 0.989698 0.0102097 9.19794e-05 0 0
 0.975433 0.0193895 0.00387452 0.00125025 5.28907e-05
 0.303575 0.632131 0.0575291 0.00676475 0
 0.966965 0.00978017 0.0227588 0.000495775 0
 0.843318 0.132988 0.00938335 0.0141283 0.000182051
 0.564624 0.303363 0.111486 0.0197234 0.00080311
 0.826376 0.0876187 0.0782897 0.00655872 0.00115652
 0.89761 0.0855135 0.0140674 0.00269457 0.000114338
 0.34875 0.467042 0.161289 0.0227151 0.000203297
 0.318654 0.224769 0.449479 0.00709798 0
 0.937255 0.0296025 0.0250945 0.00804832 0
ppred_RECLAS
 0.495862 0.110542 0.37174 0.0218542 7.1799e-07
 0.465533 0.266985 0.0586927 0.197197 0.0115928
 0.612892 0.182619 0.102234 0.0224389 0.0798162
 0.777656 0.137597 0.040014 0.022365 0.0223678
 0.693906 0.239878 0.0410144 0.0119002 0.0133019
 0.783009 0.151166 0.0515947 0.00881437 0.00541591
 0.527772 0.371823 0.0699819 0.0238463 0.00657644
 0.50198 0.269015 0.180441 0.0338508 0.0147131
 0.586746 0.208484 0.110643 0.0741669 0.0199607
 0.740462 0.154412 0.0530931 0.0281161 0.0239166
 0.839753 0.119914 0.0240226 0.00823801 0.00807231
 0.771959 0.191884 0.0270623 0.00541714 0.00367785
 0.722611 0.216335 0.051398 0.0072274 0.00242857
 0.672422 0.239615 0.0686457 0.0162624 0.0030547
 0.769853 0.158256 0.0526508 0.0150155 0.00422438
 0.944273 0.0433713 0.00850467 0.00282068 0.00103057
 0.4353 0.534375 0.0236146 0.00461881 0.00209129
 0.913719 0.0380959 0.0456021 0.00201187 0.000571622
 0.643222 0.326751 0.0132706 0.0158582 0.000898332
 0.650156 0.227938 0.111669 0.00452454 0.00571231
 0.776231 0.147154 0.0499549 0.0244215 0.00223849
 0.780089 0.171688 0.0317303 0.0107537 0.00573852
 0.3685 0.495993 0.105841 0.019521 0.0101451
 0.77728 0.0830429 0.109734 0.023388 0.00655499
 0.672755 0.255317 0.0268368 0.0354246 0.00966571
 0.486823 0.3471 0.129605 0.0136084 0.0228631
 0.769442 0.113033 0.079514 0.0296639 0.00834719
 0.72979 0.208698 0.0301733 0.0212035 0.0101356
 0.401078 0.438686 0.123784 0.0178809 0.0185709
 0.473271 0.213004 0.229846 0.0647984 0.0190808
 0.850646 0.0714216 0.0315389 0.0339902 0.0124034
pobs_PELACES
 0 0 0 0 0
 0 0 0 0 0
 0 0 0 0 0
 0 0 0 0 0
 0 0 0 0 0
 0 0 0 0 0
 0 0 0 0 0
 0 0 0 0 0
 0 0 0 0 0
 0 0 0 0 0
 0 0 0 0 0
 0 0 0 0 0
 0 0 0 0 0
 0 0 0 0 0
 0 0 0 0 0
 0 0 0 0 0
 0.505614 0.472636 0.0217494 0 0
 0 0 0 0 0
 0.443492 0.261883 0.143347 0.151278 0
 0.227955 0.32914 0.350689 0.0885471 0.00366901
 0.970185 0.0296113 0.000203453 0 0
 0.997202 0.00247181 0.000326279 0 0
 0.445219 0.490057 0.0546422 0.010081 0
 0.90214 0.0892962 0.00764917 0.000914606 0
 0 0 0 0 0
 0.581667 0.319106 0.0959925 0.00289975 0.000334073
 0.762889 0.0836404 0.116647 0.0363945 0.000428098
 0.88444 0.0763242 0.0277011 0.0115352 0
 0.521256 0.241999 0.230069 0.00667565 0
 0.616807 0.101726 0.260614 0.0208532 0
 0.833518 0.0704572 0.0857862 0.0102388 0
ppred_PELACES
 0.498027 0.110115 0.370101 0.0217572 7.14802e-07
 0.469389 0.265196 0.0582415 0.195671 0.0115031
 0.61647 0.181027 0.101244 0.0222205 0.0790392
 0.781554 0.135263 0.0392773 0.0219515 0.0219542
 0.695508 0.238648 0.040784 0.011833 0.0132268
 0.785537 0.14945 0.0509592 0.00870535 0.00534892
 0.535874 0.365612 0.0686664 0.0233954 0.00645204
 0.503299 0.268345 0.17993 0.0337544 0.0146712
 0.591736 0.206105 0.109235 0.0732183 0.0197053
 0.745577 0.151478 0.0519941 0.0275316 0.0234193
 0.840617 0.11928 0.0238855 0.00819081 0.00802605
 0.776917 0.187768 0.0264324 0.00529053 0.00359187
 0.727904 0.212289 0.0503489 0.00707924 0.00237877
 0.682072 0.232739 0.0664838 0.0157479 0.00295802
 0.775151 0.154709 0.0513699 0.0146486 0.00412115
 0.945564 0.0423816 0.0082971 0.0027516 0.00100533
 0.43915 0.530762 0.0234306 0.00458257 0.00207488
 0.915003 0.037551 0.0449027 0.0019809 0.000562822
 0.648415 0.322036 0.0130596 0.0156047 0.000883969
 0.654851 0.224985 0.110074 0.00445959 0.00563029
 0.778971 0.145404 0.0493102 0.024105 0.00220947
 0.783488 0.169084 0.0312083 0.010576 0.00564371
 0.371216 0.493942 0.105323 0.0194246 0.010095
 0.779092 0.0824021 0.108814 0.0231912 0.00649981
 0.675026 0.253585 0.0266367 0.0351592 0.00959328
 0.488921 0.345743 0.129028 0.0135474 0.0227606
 0.771266 0.112177 0.0788597 0.0294188 0.00827819
 0.731446 0.207445 0.0299758 0.0210641 0.0100689
 0.403073 0.437289 0.123323 0.0178138 0.0185012
 0.476318 0.211872 0.228446 0.064401 0.0189638
 0.852236 0.070692 0.0311916 0.0336144 0.0122663
pobs_pel_tallas
 0 0 0 0 0 0 0 0 0 0 0 0 0 0 0 0 0 0 0 0 0 0 0 0 0 0
 0 0 0 0 0 0 0 0 0 0 0 0 0 0 0 0 0 0 0 0 0 0 0 0 0 0
 0 0 0 0 0 0 0 0 0 0 0 0 0 0 0 0 0 0 0 0 0 0 0 0 0 0
 0 0 0 0 0 0 0 0 0 0 0 0 0 0 0 0 0 0 0 0 0 0 0 0 0 0
 0 0 0 0 0 0 0 0 0 0 0 0 0 0 0 0 0 0 0 0 0 0 0 0 0 0
 0 0 0 0 0 0 0 0 0 0 0 0 0 0 0 0 0 0 0 0 0 0 0 0 0 0
 0 0 0 0 0 0 0 0 0 0 0 0 0 0 0 0 0 0 0 0 0 0 0 0 0 0
 0 0 0 0 0 0 0 0 0 0 0 0 0 0 0 0 0 0 0 0 0 0 0 0 0 0
 0 0 0 0 0 0 0 0 0 0 0 0 0 0 0 0 0 0 0 0 0 0 0 0 0 0
 0 0 0 0 0 0 0 0 0 0 0 0 0 0 0 0 0 0 0 0 0 0 0 0 0 0
 0 0 0 0 0 0 0 0 0 0 0 0 0 0 0 0 0 0 0 0 0 0 0 0 0 0
 0 0 0 0 0 0 0 0 0 0 0 0 0 0 0 0 0 0 0 0 0 0 0 0 0 0
 0.00862536 0 0 0.000197151 0.00414017 0.0128641 0.00837892 0.0270097 0.101434 0.158115 0.152841 0.127902 0.109271 0.109419 0.0830992 0.0579132 0.0238553 0.00714673 0.00463305 0.00128148 0.00103504 0.000492878 0.000147863 0.000147863 4.92878e-05 0
 0 0 0 0 0 0 0 0 0 0 0 0 0 0 0 0 0 0 0 0 0 0 0 0 0 0
 0 0 0 0 0 0 0 0.0054083 0.00873648 0.0413646 0.0450493 0.0745869 0.0622846 0.0627006 0.0613931 0.0827291 0.12552 0.122667 0.0946155 0.0697135 0.0546179 0.0294188 0.0215738 0.0213955 0.0102223 0.00600262
 0 0 0 0 0.00359764 0.0251062 0.0480494 0.140153 0.205849 0.193036 0.1447 0.116669 0.0760912 0.0342217 0.00950174 0.001854 0.000860785 0 0 0 0.000165536 0 0.000143464 0 0 0
 0 0 0 0 0 0 0 0.000145254 0.000435761 0.0275982 0.070085 0.0708112 0.156366 0.174668 0.174014 0.160142 0.0824315 0.0480064 0.0283245 0.00493863 0.00203355 0 0 0 0 0
 0 0 0 0 0 0 0 0 0 0 0 0 0 0 0 0 0 0 0 0 0 0 0 0 0 0
 0 0 1.00437e-05 0.000401748 0.00122533 0.00171747 0.00176769 0.0269171 0.070346 0.194647 0.189555 0.159765 0.064822 0.0314167 0.0384472 0.0292271 0.0345202 0.0313363 0.0194345 0.0106764 0.0143323 0.0359363 0.0279516 0.0138201 0.00172751 0
 0 0.0021121 0.0136068 0.0755702 0.200478 0.177729 0.0527432 0.0373336 0.0318909 0.0142505 0.0149659 0.0166563 0.0217959 0.0798694 0.0677717 0.0528807 0.04013 0.0224614 0.0357745 0.0225083 0.00881397 0.00855152 0.00135912 0.000746735 0 0
 0 0 0 0 5.4009e-05 0.00500934 0.000945158 0.0243581 0.138947 0.33067 0.221406 0.137944 0.0707744 0.0437923 0.0131692 0.00525238 0.0047753 0.00276346 9.45158e-05 9.00151e-06 2.25038e-05 9.00151e-06 4.50075e-06 0 0 0
 0.000866109 0.00284123 0.00948549 0.0512746 0.133035 0.25785 0.225252 0.132002 0.0553304 0.0519788 0.0540692 0.017754 0.00435017 0.00159236 0.00146478 0.000404838 0.000125132 0.000115318 0.000107957 0.000100596 0 0 0 0 0 0
 0 0 0 0 0.00144013 0.00171154 0.00461396 0.0210425 0.0478622 0.0707936 0.0888783 0.103762 0.0637923 0.0337046 0.0602308 0.124433 0.169614 0.0934646 0.0462172 0.0250306 0.0313229 0.00938855 0.002487 0.000210481 0 0
 0 0.00764035 0.051015 0.0998891 0.058973 0.0496711 0.0374665 0.0718981 0.12319 0.153886 0.159021 0.0857701 0.0377988 0.023471 0.0147837 0.00900784 0.00315554 0.000888139 0.00291439 0.00214683 0.00393193 0.00274676 0.000635225 9.99891e-05 0 0
 0 0 0 0 0 0 0 0 0 0 0 0 0 0 0 0 0 0 0 0 0 0 0 0 0 0
 0 0 0 0 0 0 0 0 0 0 0 0 0 0 0 0 0 0 0 0 0 0 0 0 0 0
 0 0 0 0 0 0 0 0 0 0 0 0 0 0 0 0 0 0 0 0 0 0 0 0 0 0
 0 0 0 0 0 0 0 0 0 0 0 0 0 0 0 0 0 0 0 0 0 0 0 0 0 0
 0 0 0 0 0 0 0 0 0 0 0 0 0 0 0 0 0 0 0 0 0 0 0 0 0 0
 0 0 0 0 0 0 0 0 0 0 0 0 0 0 0 0 0 0 0 0 0 0 0 0 0 0
 0 0 0 0 0 0 0 0 0 0 0 0 0 0 0 0 0 0 0 0 0 0 0 0 0 0
ppred_pel_tallas
 1.12891e-16 4.10218e-05 0.000398747 0.00264981 0.0120457 0.0374786 0.0798525 0.116549 0.116561 0.0799074 0.0376643 0.012589 0.00404018 0.00352158 0.00622812 0.0108981 0.0172435 0.0248994 0.0333983 0.0423308 0.0512436 0.0592847 0.065018 0.0668026 0.0636167 0.0557373
 1.23319e-16 3.8663e-05 0.000375818 0.00249744 0.011353 0.0353236 0.0752617 0.109852 0.109878 0.0753871 0.0357451 0.012572 0.00556313 0.00708888 0.0128522 0.0213654 0.0312264 0.0403008 0.0465299 0.0491959 0.0494288 0.0493986 0.0507786 0.0536612 0.0566247 0.0577012
 1.18573e-16 5.07778e-05 0.000493579 0.00328 0.0149104 0.046392 0.0988437 0.144269 0.144287 0.0989297 0.0466812 0.0157475 0.00538811 0.00511923 0.00890646 0.014833 0.0218176 0.0284232 0.0332454 0.035725 0.0364833 0.0368159 0.0377404 0.0393554 0.0409077 0.041355
 1.07085e-16 6.43756e-05 0.000625754 0.00415836 0.0189033 0.0588152 0.125313 0.1829 0.182913 0.125376 0.05903 0.0195242 0.00571905 0.00404012 0.0065711 0.0108215 0.0157284 0.0200991 0.022777 0.0232683 0.0220394 0.0201732 0.0186583 0.0178654 0.0175271 0.0170889
 1.04664e-16 5.72881e-05 0.000556861 0.00370054 0.0168221 0.05234 0.111517 0.162767 0.16279 0.111629 0.0527177 0.0179132 0.00644007 0.00653985 0.0114279 0.018823 0.027161 0.0342686 0.0379737 0.0372885 0.032995 0.0270988 0.0216018 0.0175518 0.0149197 0.0131004
 1.03288e-16 6.47037e-05 0.000628943 0.00417955 0.0189996 0.0591149 0.125951 0.183832 0.183847 0.126022 0.0593523 0.0196857 0.00590415 0.00440152 0.00725229 0.0119467 0.0173428 0.022101 0.0248943 0.0251017 0.0231482 0.0201565 0.0172093 0.0148162 0.012901 0.0111464
 1.05514e-16 4.41393e-05 0.00042905 0.00285119 0.0129611 0.040327 0.0859223 0.125413 0.125449 0.0860946 0.0409058 0.0146333 0.00705012 0.00960054 0.0174779 0.0288654 0.0416743 0.0526135 0.0583537 0.0573619 0.0507958 0.0416719 0.0330034 0.0263729 0.0217691 0.0183591
 1.11129e-16 4.14561e-05 0.000402968 0.00267787 0.0121732 0.0378755 0.0806988 0.117788 0.117814 0.0808264 0.0383047 0.0134157 0.00580795 0.00727313 0.0131983 0.0220398 0.0324145 0.0421657 0.0490872 0.0521209 0.051864 0.0498981 0.0475373 0.0450639 0.0419394 0.0375717
 1.13883e-16 4.87406e-05 0.000473776 0.00314841 0.0143122 0.0445307 0.0948782 0.138482 0.138502 0.094976 0.0448598 0.0152647 0.00554703 0.00573576 0.0101191 0.0168567 0.0247684 0.0322035 0.037526 0.0400402 0.0403717 0.0398994 0.0397026 0.0398809 0.0396856 0.0381873
 1.08264e-16 6.14122e-05 0.000596949 0.00396693 0.0180331 0.0561078 0.119544 0.174481 0.174496 0.119616 0.0563486 0.0187294 0.00571778 0.00442944 0.00737115 0.0121724 0.0177304 0.0227353 0.0259077 0.0266988 0.025614 0.0238238 0.0223749 0.0216231 0.0212332 0.0205867
 1.029e-16 6.92406e-05 0.000673043 0.00447261 0.0203318 0.0632599 0.134782 0.196721 0.196733 0.134839 0.0634488 0.0208777 0.0058434 0.0036679 0.00576423 0.00943919 0.0136375 0.0172514 0.0192044 0.0190109 0.017061 0.0143421 0.0118258 0.00999858 0.00881025 0.00793526
 1.0195e-16 6.39937e-05 0.000622041 0.00413368 0.0187911 0.0584663 0.124569 0.181816 0.181834 0.124658 0.0587632 0.0196487 0.00628638 0.00532138 0.00898883 0.0147589 0.0212543 0.026727 0.0294398 0.028591 0.0247857 0.0196173 0.0147091 0.0109615 0.00844088 0.00675103
 1.0262e-16 5.99565e-05 0.000582799 0.0038729 0.0176057 0.0547779 0.116711 0.170347 0.170368 0.116811 0.0551143 0.0185776 0.00631403 0.00591675 0.0102046 0.0168129 0.0243008 0.0307387 0.0341925 0.0337558 0.0300621 0.0248072 0.0196883 0.0156031 0.0125753 0.0102
 1.04059e-16 5.61814e-05 0.000546103 0.00362905 0.0164971 0.0513288 0.109362 0.159622 0.159645 0.109472 0.051698 0.0175642 0.0063101 0.00640771 0.0112144 0.0185189 0.0268308 0.0340739 0.0381601 0.0381143 0.0346187 0.0294766 0.0244539 0.0204236 0.0173197 0.0146561
 1.03689e-16 6.38482e-05 0.000620627 0.00412429 0.0187484 0.0583334 0.124286 0.181402 0.181417 0.124359 0.058579 0.0194587 0.00590954 0.00452592 0.00750452 0.012368 0.0179576 0.0228924 0.0258051 0.0260615 0.0241103 0.0211186 0.0182021 0.0158694 0.0140122 0.0122704
 1.00697e-16 7.78849e-05 0.000757069 0.00503099 0.0228701 0.0711575 0.151609 0.221278 0.221282 0.151629 0.0712246 0.023064 0.00551787 0.00182062 0.00209984 0.00335369 0.00483658 0.00610981 0.00678403 0.00668201 0.00593787 0.00490004 0.00391549 0.00316468 0.00264345 0.00225328
 1.01623e-16 3.61723e-05 0.000351608 0.00233656 0.0106217 0.0330483 0.0704148 0.102783 0.102834 0.0706643 0.0338859 0.0130397 0.00840189 0.0135785 0.0251158 0.0413578 0.0593236 0.0740738 0.0805979 0.0765862 0.0638325 0.0470836 0.0312928 0.0193877 0.0118212 0.00753025
 1.016e-16 7.53676e-05 0.000732599 0.00486838 0.022131 0.0688576 0.146709 0.214126 0.21413 0.146727 0.0689183 0.0223069 0.00531308 0.00171308 0.00196582 0.00320426 0.00477934 0.00636413 0.00766702 0.00853198 0.00898802 0.00915431 0.00909162 0.00874386 0.00801406 0.00688773
 1.02174e-16 5.34092e-05 0.000519156 0.00344998 0.0156831 0.0487962 0.103967 0.151749 0.15178 0.104118 0.0493044 0.0171504 0.00713084 0.00854688 0.0152773 0.0251144 0.0360399 0.045046 0.0491125 0.046864 0.0394115 0.0296414 0.0205338 0.0138022 0.00963023 0.00727955
 1.04635e-16 5.39393e-05 0.000524309 0.00348422 0.0158388 0.0492804 0.104998 0.153252 0.153274 0.105104 0.0496387 0.0168751 0.00609142 0.00623481 0.0109546 0.0181685 0.0265002 0.0340142 0.0387439 0.0397336 0.0375242 0.033633 0.0294921 0.0257286 0.0222212 0.018636
 1.04252e-16 6.41628e-05 0.000623686 0.00414461 0.0188408 0.0586208 0.124898 0.182296 0.18231 0.124967 0.0588518 0.0195087 0.00582373 0.00429781 0.00706747 0.0116499 0.0169359 0.0216383 0.0244894 0.0249115 0.0233368 0.0208545 0.01848 0.0166336 0.0151436 0.0136117
 1.0296e-16 6.45349e-05 0.000627302 0.00416864 0.0189501 0.0589607 0.125623 0.183353 0.18337 0.125702 0.0592284 0.0197234 0.00611045 0.00486865 0.00812674 0.013352 0.0192732 0.0243347 0.0269973 0.0265573 0.0235577 0.019401 0.0154851 0.0125381 0.0105409 0.00908562
 1.06823e-16 3.05766e-05 0.000297216 0.00197511 0.00897858 0.0279359 0.0595222 0.0868844 0.0869321 0.0597552 0.0287182 0.0112388 0.00765128 0.0126975 0.0236077 0.03905 0.0564135 0.0712832 0.0791611 0.0779543 0.0691812 0.0568551 0.0449954 0.0357298 0.0290927 0.0240588
 1.06587e-16 6.41728e-05 0.000623783 0.00414526 0.0188437 0.0586299 0.124918 0.182322 0.182331 0.124957 0.0587635 0.0192317 0.00512681 0.0027921 0.00425741 0.00713376 0.0107315 0.0144631 0.0177538 0.0203141 0.0222275 0.0237147 0.0247929 0.0251589 0.0243966 0.022307
 1.05983e-16 5.5601e-05 0.000540462 0.00359156 0.0163267 0.0507986 0.108233 0.157974 0.157998 0.108352 0.0511996 0.0174848 0.00649846 0.00688654 0.0121094 0.0199373 0.0287349 0.0361921 0.0400113 0.0391792 0.034592 0.028458 0.0229573 0.0191901 0.0170279 0.015671
 1.09023e-16 4.02719e-05 0.000391457 0.00260137 0.0118255 0.0367936 0.0783939 0.114425 0.114459 0.0785574 0.037343 0.013414 0.00659505 0.00913034 0.0166976 0.0276995 0.0402697 0.051419 0.0581054 0.0589034 0.0547848 0.0483096 0.0419256 0.0367507 0.0325623 0.0286025
 1.06656e-16 6.35282e-05 0.000617517 0.00410362 0.0186545 0.058041 0.123663 0.180492 0.180503 0.123716 0.0582206 0.0191747 0.00541493 0.00349789 0.00558641 0.00927342 0.0136796 0.0178955 0.0210335 0.0226886 0.0231325 0.0230129 0.0228159 0.0225472 0.0218428 0.0203298
 1.04735e-16 6.02483e-05 0.000585635 0.00389175 0.0176913 0.0550444 0.117279 0.171176 0.171196 0.117376 0.0553726 0.0186394 0.00627206 0.00578359 0.00993752 0.0163488 0.0235848 0.029751 0.0329683 0.032397 0.0287441 0.0237783 0.0192487 0.016043 0.0140783 0.0127519
 1.08589e-16 3.32006e-05 0.000322722 0.0021446 0.00974908 0.0303332 0.0646297 0.0943378 0.0943801 0.0648362 0.0310268 0.0117536 0.00718104 0.0113332 0.020991 0.0347725 0.0503749 0.06395 0.0715765 0.071427 0.0647997 0.055114 0.0457277 0.0383158 0.0327632 0.0281263
 1.16315e-16 3.92337e-05 0.000381366 0.00253431 0.0115206 0.035845 0.0763724 0.111472 0.111493 0.0764739 0.036187 0.0125125 0.00504035 0.00590586 0.0106898 0.0180266 0.0269428 0.0359442 0.0434978 0.0488711 0.0524129 0.0549536 0.0568637 0.0576305 0.0562688 0.0521208
 1.06366e-16 7.01975e-05 0.000682345 0.00453442 0.0206128 0.0641342 0.136645 0.199439 0.199446 0.136679 0.064247 0.0209392 0.00535598 0.0024841 0.00351706 0.00577094 0.00847107 0.0110142 0.0128518 0.0137753 0.0140414 0.0141655 0.0145372 0.0151636 0.0157047 0.0157191
pSPR Fmed_Fpbrs
0.655163   0.214197 0.214197
Fs Fmed_Fpbrs
0.229155   1.005 1.005
SSBpbr Bo_Bmed_Bpbrs
1.95469e+06  1.18291e+06  320955 320955
Ro
182859
SPR SPRFo_SPRFmed_SPRFpbrs
1.30706e+06 856339 279969
Fref
1.005
Nvult_r0
 214705 18669 8262.95 8906.25 3250.02
CTP_r0
 27868.8 2926.97 1309.82 1412.61 515.499
YTP_r0
391299
Np
 249298 99605.7 8210.69 3621.32 5091.51
Nvult_p0
 207891 86006.9 7104.23 3133.65 4405.89
CTP_p0
 92087.1 42814.2 3559.67 1570.7 2208.43
YTP_p0
 1.58731e+06
CBA_c0
750101
log_Ro
11.9365
likeval ReclasPelacesDesembMPH_pf_preclas_ppelaces_ptallas_desvR_qrecl_qpela
 14.2493 17.2736 0.070078 0.000815437 241.014 118.979 98.3193 0 23.5916 1.38474e-06 0 0.357718 0 0 0
q_reclas_q_pelaces
0.846411 1
M
1
N
 201894 45572.8 153383 9017.63 0.296262
 114423 67127.9 14779.4 49660 2919.43
 114958 35018.2 19632.6 4309.45 15328.9
 193214 35351.8 10303.4 5759.57 5760.32
 154920 54162 9267.59 2689.07 3005.82
 263477 52007.6 17777 3037.23 1866.21
 109466 80961.4 15287.3 5210.03 1436.86
 50265.9 27147.6 18218.5 3417.89 1485.58
 47415.3 17364.6 9233.97 6190.45 1666.05
 62924.2 13650.5 4705.93 2492.44 2120.17
 116542 16802.2 3368.15 1155.07 1131.84
 152920 39663.3 5609.75 1123.09 762.504
 127875 39832.3 9488.54 1334.43 448.402
 89603.8 34098.4 9811.38 2324.9 436.708
 89980.2 19343.1 6454.51 1841.05 517.957
 483110 23027.1 4526.51 1501.47 548.585
 104691 131591 5824.28 1139.27 515.84
 744581 31796.5 38122.2 1682.02 477.905
 429056 225540 9180.93 10972.4 621.566
 330821 119594 58709.9 2379.03 3003.58
 488976 94898 32265.6 15775.1 1445.96
 655879 148709 27537.7 9333.76 4980.84
 138403 189559 40497.1 7469.63 3882.01
 407543 44210.7 58479.9 12464.7 3493.51
 343698 132463 13937.7 18398.8 5020.18
 154550 111573 41695.1 4378.15 7355.62
 344606 51393.7 36189.8 13501.9 3799.33
 387296 112154 16228.7 11404.8 5451.68
 116207 128682 36340.1 5249.64 5452.22
 84417.7 38676.1 41783.5 11780.4 3468.92
 314310 26879.7 11884.3 12808.8 4674.09
pred_Ctot
 12378.9 3447.75 11748.6 691.171 0.0227083
 12342 8862.56 1974.51 6638.71 390.292
 12098.3 4512.98 2560.41 562.374 2000.46
 29718.7 6601.34 1945.88 1088.39 1088.57
 8628.46 3725.69 645.481 187.415 209.498
 27840.8 6729.1 2327.59 397.924 244.51
 23280.2 20676.9 3945.89 1345.54 371.095
 1946.83 1302.29 885.068 166.155 72.2214
 6648.2 2963.08 1593.86 1069.17 287.759
 11192.2 2934.71 1022.95 542.107 461.153
 5550.77 989.726 200.902 68.943 67.5587
 29022.2 9078.59 1298.08 260.029 176.548
 22830.7 8594.8 2070.07 291.297 97.8861
 24430.3 11035.7 3206.82 760.281 142.815
 17828.3 4615.06 1556.67 444.27 124.994
 81232.7 4688.35 931.933 309.31 113.015
 11723.7 18024 807.225 157.998 71.5407
 84450.8 4409.93 5349.95 236.196 67.1118
 67218.7 42875 1765.09 2110.77 119.575
 46999.2 20670.7 10264.4 416.182 525.457
 54406.6 12916.5 4443.85 2174.01 199.279
 90642.6 25020.4 4686.85 1589.55 848.269
 11654.8 19618.8 4242.45 783.018 406.953
 30311.8 4048.26 5420.79 1156.16 324.052
 25807.3 12243.7 1304.12 1722.65 470.048
 9463.18 8429.54 3189.4 335.119 563.046
 25373.3 4659.32 3321.36 1239.96 348.926
 23903.8 8540.44 1251.19 879.86 420.603
 7058.05 9644.59 2757.61 398.622 414.019
 7260.38 4086.99 4469.13 1260.83 371.283
 27868.8 2926.97 1309.82 1412.61 515.499
F
 0.101145 0.12608 0.127737 0.127826 0.127831
 0.184036 0.229406 0.232421 0.232582 0.232591
 0.179214 0.223394 0.226331 0.226488 0.226496
 0.271818 0.338827 0.343281 0.343519 0.343531
 0.0915161 0.114077 0.115577 0.115657 0.115661
 0.179996 0.224369 0.227318 0.227476 0.227484
 0.394326 0.491536 0.497998 0.498342 0.498361
 0.0628933 0.0783979 0.0794285 0.0794835 0.0794864
 0.24517 0.305611 0.309628 0.309842 0.309854
 0.320419 0.39941 0.40466 0.404941 0.404955
 0.077821 0.0970057 0.0982809 0.0983489 0.0983525
 0.345234 0.430343 0.436 0.436302 0.436317
 0.321804 0.401136 0.406409 0.406691 0.406706
 0.533059 0.664471 0.673205 0.673671 0.673696
 0.362919 0.452387 0.458334 0.458651 0.458668
 0.300544 0.374635 0.379559 0.379822 0.379836
 0.191655 0.238903 0.242043 0.242211 0.24222
 0.194323 0.242228 0.245412 0.245582 0.245591
 0.277484 0.345891 0.350437 0.35068 0.350693
 0.248774 0.310102 0.314179 0.314396 0.314408
 0.190326 0.237245 0.240364 0.24053 0.240539
 0.241278 0.300758 0.304712 0.304923 0.304934
 0.141205 0.176016 0.17833 0.178453 0.17846
 0.123839 0.154368 0.156398 0.156506 0.156512
 0.125085 0.155922 0.157971 0.158081 0.158086
 0.101002 0.125901 0.127556 0.127645 0.127649
 0.12253 0.152736 0.154744 0.154851 0.154857
 0.101844 0.126951 0.12862 0.128709 0.128714
 0.100153 0.124843 0.126484 0.126571 0.126576
 0.144406 0.180005 0.182372 0.182498 0.182505
 0.149162 0.185934 0.188378 0.188508 0.188515
nmprior
 8.19 8.8 8.5 0
nm_flota  nm_reclas  nm_pelaces    nm_pelaL
inf 12.194 18.5891 44.6721
cv_recla  cv_pelaces  cv_mph
0.341446 0.471264 0.881253
 ------------------------------------------------
Talla a la edad & desviaci?n 
 8 13.2811 15.8009 17.003 17.5766
 0.8 1.32811 1.58009 1.7003 1.75766
