    unsorted:	 2.376720696e-06 2.284540966e-06 6.062601797e-05 5.214971499e-05 8.856835623e-05 0.001099993157 3.091649303 13.54520895 46.01698874 66.68046614 166.0317289 233.0556418 270.0208902 343.8714516 513.6942912 652.5405189 799.9716896 852.8364059 873.4899912 932.7668229 997.0808192 1083.925803 1206.614340 1240.376400 1473.452651 1512.554225 1747.749192 1982.631806 2041.829682 2118.009888 2359.225989 2437.185177 2496.044711 2542.629340 2632.054893 2681.100729 2897.459904 3297.695324 3304.213646 3310.359221 3911.268634 4025.177027 4343.997717 7787.915860 38850.21911 401102.6355 395882.5920 408443.4821 387010.4730 427858.7688 448953.0173 452605.7333 459559.1773 367122.1816 351687.1274 504025.7631 295858.4109 158329.2433 572884.7094 590163.4519 628219.6441 647144.1343 678304.9484 895345.0388 951270.8583 1036792.983 1135958.583 1329550.506 1401817.542 1590191.186 1708051.101 2297388.512 2367595.487 2690365.782 2784716.832 2992601.611 3237414.829
      sorted:	 2.284540966e-06 2.376720696e-06 5.214971499e-05 6.062601797e-05 8.856835623e-05 0.001099993157 3.091649303 13.54520895 46.01698874 66.68046614 166.0317289 233.0556418 270.0208902 343.8714516 513.6942912 652.5405189 799.9716896 852.8364059 873.4899912 932.7668229 997.0808192 1083.925803 1206.614340 1240.376400 1473.452651 1512.554225 1747.749192 1982.631806 2041.829682 2118.009888 2359.225989 2437.185177 2496.044711 2542.629340 2632.054893 2681.100729 2897.459904 3297.695324 3304.213646 3310.359221 3911.268634 4025.177027 4343.997717 7787.915860 38850.21911 158329.2433 295858.4109 351687.1274 367122.1816 387010.4730 395882.5920 401102.6355 408443.4821 427858.7688 448953.0173 452605.7333 459559.1773 504025.7631 572884.7094 590163.4519 628219.6441 647144.1343 678304.9484 895345.0388 951270.8583 1036792.983 1135958.583 1329550.506 1401817.542 1590191.186 1708051.101 2297388.512 2367595.487 2690365.782 2784716.832 2992601.611 3237414.829
