years
 1991 1992 1993 1994 1995 1996 1997 1998 1999 2000 2001 2002 2003 2004 2005 2006 2007 2008 2009 2010 2011 2012 2013 2014 2015 2016 2017 2018 2019 2020 2021
reclasobs
 0 0 0 0 0 0 0 0 0 252601 567819 844713 477998 351125 339783 2.1784e+06 2.13404e+06 4.81314e+06 1.55562e+06 2.62356e+06 3.21686e+06 3.843e+06 1.13348e+06 3.07943e+06 1.97215e+06 2.03268e+06 2.025e+06 2.42433e+06 2.27542e+06 1.05018e+06 2.36338e+06
reclaspred
 1.90907e+06 1.13093e+06 487176 249773 40303 1.03363e+06 371353 99227.2 436673 161764 186049 592841 405414 280493 199546 1.16485e+06 752231 4.38596e+06 2.72786e+06 979282 2.26753e+06 2.22828e+06 1.26686e+06 2.89421e+06 1.72852e+06 842934 1.49489e+06 2.37003e+06 1.71957e+06 643852 858513
pelacesobs
 0 0 0 0 0 0 0 0 0 0 0 0 0 0 0 552880 188675 0 991730 2.46772e+06 1.41603e+06 1.21717e+06 2.29649e+06 1.80582e+06 0 1.4828e+06 1.56532e+06 1.57751e+06 1.42118e+06 867257 1.10002e+06
pelacespred
 585561 471243 222348 86438.4 9690.23 459088 122984 42458.6 186555 56098.5 83687.9 230745 158059 112293 77824.9 444557 286780 2.11872e+06 1.28002e+06 473575 1.00829e+06 965590 553965 1.47869e+06 859496 414562 823221 1.25987e+06 765567 345675 409469
mphobs
 0 0 0 0 0 0 0 0 0 0 0 498337 0 5186 125008 0 168611 109162 213762 579715 649985 157893 87575 83554 0 0 0 0 0 0 0
mphpred
 284040 1.2201e+06 590571 184733 74189.5 9180.76 541909 127258 41838.7 219447 49214 116768 332488 159213 81281.3 75983.3 740468 420133 2.74129e+06 1.32144e+06 581475 1.18751e+06 1.31618e+06 756805 1.6598e+06 950754 414153 773369 1.66132e+06 879126 288927
desembarqueobs
 494567 514787 250237 358949 120608 361735 552515 73892 212993 205616 52469 317467 293654 387597 252695 516296 358380 742168 942051 627588 828172 859565 418607 520667 417249 300574 407403 355545 319650 289779 391294
desembarquepred
 494263 519028 247617 358180 120429 361444 551551 73845.6 212786 205334 52443.6 317130 293228 386744 252290 515809 358154 741711 940665 626228 827417 858567 418266 520364 416856 300222 407079 355325 319414 289450 390950
Reclutas
 540537 898.876 2365.74 86838.3 1099.47 310872 1143.15 313.872 78796 1468.25 51097.4 208004 47634.3 69614.7 47462.6 445160 3317.47 1.22977e+06 119811 19951.8 477111 601387 3439.49 415220 128563 12466 264575 374509 8610.65 3190.36 155966
log_desv_Rt
 2.69329 -3.70588 -2.73818 0.864773 -3.50445 2.14011 -3.46549 -4.75804 0.767588 -3.2152 0.334459 1.73828 0.264278 0.643701 0.260668 2.49916 -2.40007 3.51531 1.18664 -0.605954 2.56847 2.79996 -2.36395 2.42953 1.25714 -1.07627 1.97885 2.32634 -1.44627 -2.43914 1.45036
SSB
 284040 1.2201e+06 590571 184733 74189.5 9180.76 541909 127258 41838.7 219447 49214 116768 332488 159213 81281.3 75983.3 740468 420133 2.74129e+06 1.32144e+06 581475 1.18751e+06 1.31618e+06 756805 1.6598e+06 950754 414153 773369 1.66132e+06 879126 288927
BT
 1.64496e+06 1.53454e+06 750451 534117 124133 1.37925e+06 775959 169042 620422 312238 239291 793919 619732 665630 432546 1.43126e+06 945646 5.54905e+06 3.83164e+06 1.75544e+06 3.06106e+06 2.98359e+06 1.64013e+06 3.90401e+06 2.38106e+06 1.25159e+06 2.33344e+06 3.25191e+06 2.031e+06 1.1181e+06 1.3314e+06
Ftot
 0.263457 0.422488 0.465796 1.25317 2.07711 0.357731 1.21977 0.665674 0.488627 1.07041 0.285272 0.528031 0.664664 1.21851 1.14415 0.446784 0.438117 0.174492 0.324443 0.580168 0.363363 0.376646 0.308052 0.182464 0.230866 0.333104 0.274938 0.152392 0.175708 0.414858 0.450628
BD_Bspro_t
 0.958723 0.73347 0.478166 0.266601 0.134711 0.028513 0.505917 0.174686 0.0970165 0.37302 0.164184 0.435757 0.495527 0.283412 0.166004 0.1649 0.523405 0.384354 0.736961 0.54412 0.332704 0.497991 0.539893 0.441155 0.653977 0.583453 0.46237 0.635738 0.764764 0.632009 0.421766
BD_Bspro
 1.08656 4.66734 2.25916 0.706675 0.283803 0.0351199 2.07301 0.486812 0.160049 0.83947 0.188262 0.446681 1.27189 0.60905 0.310932 0.290665 2.83257 1.60717 10.4865 5.05502 2.22436 4.54269 5.0349 2.89507 6.34937 3.637 1.58429 2.95843 6.35519 3.36299 1.10525
BD_Bo
 0.171341 0.735997 0.356249 0.111436 0.0447532 0.00553809 0.326895 0.0767658 0.0252383 0.132377 0.0296873 0.0704375 0.200566 0.0960416 0.0490311 0.0458352 0.446671 0.253436 1.65362 0.79713 0.350762 0.716341 0.793958 0.456526 1.00124 0.573521 0.249828 0.466518 1.00216 0.530313 0.174289
BD_Brms
 1.22943 5.28102 2.55621 0.799592 0.321119 0.0397377 2.34558 0.55082 0.181093 0.949848 0.213016 0.505412 1.43913 0.68913 0.351815 0.328883 3.20501 1.81849 11.8653 5.71968 2.51684 5.13998 5.69691 3.27572 7.18421 4.11521 1.7926 3.34742 7.19081 3.80518 1.25058
Sel_flota
 0.908769 1 1 1 1
 0.908769 1 1 1 1
 0.908769 1 1 1 1
 0.908769 1 1 1 1
 0.908769 1 1 1 1
 0.908769 1 1 1 1
 0.908769 1 1 1 1
 0.908769 1 1 1 1
 0.908769 1 1 1 1
 0.908769 1 1 1 1
 0.908769 1 1 1 1
 0.908769 1 1 1 1
 0.908769 1 1 1 1
 0.908769 1 1 1 1
 0.908769 1 1 1 1
 0.908769 1 1 1 1
 0.908769 1 1 1 1
 0.908769 1 1 1 1
 0.908769 1 1 1 1
 0.908769 1 1 1 1
 0.908769 1 1 1 1
 0.908769 1 1 1 1
 0.908769 1 1 1 1
 0.908769 1 1 1 1
 0.908769 1 1 1 1
 0.908769 1 1 1 1
 0.908769 1 1 1 1
 0.908769 1 1 1 1
 0.908769 1 1 1 1
 0.908769 1 1 1 1
 0.908769 1 1 1 1
Sel_reclas
 1 1 1 1 1
 1 1 1 1 1
 1 1 1 1 1
 1 1 1 1 1
 1 1 1 1 1
 1 1 1 1 1
 1 1 1 1 1
 1 1 1 1 1
 1 1 1 1 1
 1 1 1 1 1
 1 1 1 1 1
 1 1 1 1 1
 1 1 1 1 1
 1 1 1 1 1
 1 1 1 1 1
 1 1 1 1 1
 1 1 1 1 1
 1 1 1 1 1
 1 1 1 1 1
 1 1 1 1 1
 1 1 1 1 1
 1 1 1 1 1
 1 1 1 1 1
 1 1 1 1 1
 1 1 1 1 1
 1 1 1 1 1
 1 1 1 1 1
 1 1 1 1 1
 1 1 1 1 1
 1 1 1 1 1
 1 1 1 1 1
Sel_pelaces
 1 1 1 1 1
 1 1 1 1 1
 1 1 1 1 1
 1 1 1 1 1
 1 1 1 1 1
 1 1 1 1 1
 1 1 1 1 1
 1 1 1 1 1
 1 1 1 1 1
 1 1 1 1 1
 1 1 1 1 1
 1 1 1 1 1
 1 1 1 1 1
 1 1 1 1 1
 1 1 1 1 1
 1 1 1 1 1
 1 1 1 1 1
 1 1 1 1 1
 1 1 1 1 1
 1 1 1 1 1
 1 1 1 1 1
 1 1 1 1 1
 1 1 1 1 1
 1 1 1 1 1
 1 1 1 1 1
 1 1 1 1 1
 1 1 1 1 1
 1 1 1 1 1
 1 1 1 1 1
 1 1 1 1 1
 1 1 1 1 1
pf_obs 
 0.8446 0.082 0.0669 0.0065 0
 0.8095 0.147 0.0364 0.0071 0
 0.9664 0.0169 0.016 0.0007 0
 0.9276 0.0648 0.0075 0.0001 0
 0.7033 0.2144 0.0806 0.0017 0
 0.9318 0.0425 0.0243 0.0014 0
 0.5671 0.3108 0.0964 0.0239 0.0018
 0.0768 0.2599 0.5324 0.112 0.0189
 0.490249 0.384438 0.106611 0.0170017 0.00170017
 0.7925 0.1577 0.0466 0.003 0.0002
 0.840416 0.127587 0.0312969 0.00059994 9.999e-05
 0.8084 0.0986 0.0794 0.0134 0.0002
 0.7335 0.1905 0.0724 0.0035 0.0001
 0.4001 0.4547 0.1325 0.0127 0
 0.49795 0.308269 0.164784 0.0264974 0.00249975
 0.9179 0.0499 0.0305 0.0017 0
 0.2467 0.6533 0.0926 0.0074 0
 0.9418 0.0223 0.034 0.0019 0
 0.707729 0.231977 0.0356964 0.0245975 0
 0.517169 0.277429 0.184464 0.0207286 0.00020938
 0.811772 0.124168 0.05621 0.00726502 0.000585176
 0.764997 0.148141 0.077277 0.00933861 0.000247198
 0.163321 0.427699 0.378323 0.0303852 0.000271297
 0.753843 0.0900009 0.118128 0.0371064 0.000921714
 0.721811 0.176058 0.0630433 0.0369309 0.00215725
 0.143369 0.312575 0.442814 0.0836902 0.0175525
 0.692698 0.0596174 0.167031 0.0765114 0.00414204
 0.394062 0.376323 0.152708 0.0712218 0.00568511
 0.125707 0.32114 0.495352 0.0537591 0.00404204
 0.23352 0.215282 0.420074 0.123614 0.00750983
 0.774587 0.0839891 0.0768558 0.0609784 0.00358967
pf_pred 
 0.948079 0.0382452 0.0122288 0.001447 1.11576e-07
 0.00502447 0.94845 0.0342705 0.0109579 0.00129672
 0.0520307 0.00536316 0.89853 0.0324667 0.0116096
 0.893553 0.00621434 0.000567066 0.0950048 0.00466034
 0.085632 0.831033 0.00486508 0.000443944 0.0780257
 0.997977 0.000213623 0.00164434 9.62635e-06 0.000155265
 0.0128562 0.985364 0.000187911 0.00144642 0.000145045
 0.0309593 0.0147312 0.952589 0.000181661 0.00153853
 0.976023 0.000844971 0.00035165 0.0227394 4.10629e-05
 0.0677046 0.912478 0.000698381 0.000290644 0.0188284
 0.947486 0.00412362 0.047362 3.62493e-05 0.00099237
 0.926714 0.069824 0.00027186 0.00312246 6.78143e-05
 0.466344 0.498861 0.0331515 0.000129075 0.0015147
 0.774015 0.11294 0.105674 0.00702251 0.000348202
 0.809015 0.153235 0.018866 0.0176523 0.00123124
 0.982291 0.0147553 0.00237005 0.000291795 0.000292067
 0.0268751 0.957821 0.0127514 0.00204818 0.000504568
 0.976444 0.000711492 0.022485 0.000299342 5.99261e-05
 0.218302 0.765083 0.000501845 0.0158596 0.000253407
 0.118393 0.210094 0.65724 0.000431108 0.0138418
 0.93072 0.00917971 0.0143222 0.0448046 0.000972996
 0.804593 0.183258 0.00160975 0.00251155 0.00802755
 0.0162726 0.8089 0.163958 0.00144022 0.00942916
 0.878356 0.00221124 0.0982072 0.0199059 0.00131963
 0.447386 0.491381 0.00111309 0.0494354 0.0106845
 0.124197 0.41538 0.409406 0.000927396 0.0500903
 0.907666 0.0126636 0.0377866 0.0372431 0.00464101
 0.805367 0.178389 0.00222787 0.00664766 0.00736853
 0.0511561 0.779135 0.155545 0.00194258 0.0122213
 0.0580021 0.0532329 0.729802 0.145696 0.0132671
 0.920631 0.00514689 0.00419433 0.0575026 0.0125251
pobs_RECLAS
 0 0 0 0 0
 0 0 0 0 0
 0 0 0 0 0
 0 0 0 0 0
 0 0 0 0 0
 0 0 0 0 0
 0 0 0 0 0
 0 0 0 0 0
 0 0 0 0 0
 0 0 0 0 0
 0.991045 0.00858322 0.000360255 1.14367e-05 0
 0.934742 0.0480273 0.0164251 0.00080598 0
 0.827803 0.169806 0.00239088 0 0
 0.941827 0.0461693 0.0120037 0 0
 0.791401 0.0380133 0.147996 0.0225897 0
 0.846168 0.0940531 0.0597789 0 0
 0.134021 0.677848 0.182769 0.00536245 0
 0.80878 0.0450904 0.141981 0.00414843 0
 0.846168 0.0940531 0.0597789 0 0
 0.905697 0.0802665 0.012482 0.00150086 5.37128e-05
 0.989698 0.0102097 9.19794e-05 0 0
 0.975433 0.0193895 0.00387452 0.00125025 5.28907e-05
 0.303575 0.632131 0.0575291 0.00676475 0
 0.966965 0.00978017 0.0227588 0.000495775 0
 0.843318 0.132988 0.00938335 0.0141283 0.000182051
 0.564624 0.303363 0.111486 0.0197234 0.00080311
 0.826376 0.0876187 0.0782897 0.00655872 0.00115652
 0.89761 0.0855135 0.0140674 0.00269457 0.000114338
 0.34875 0.467042 0.161289 0.0227151 0.000203297
 0.318654 0.224769 0.449479 0.00709798 0
 0.937255 0.0296025 0.0250945 0.00804832 0
ppred_RECLAS
 0.952701 0.0348403 0.0111401 0.00131818 1.01642e-07
 0.00555014 0.947949 0.0342524 0.0109521 0.00129604
 0.0572228 0.00533379 0.893608 0.0322889 0.011546
 0.904014 0.00560367 0.000511342 0.0856688 0.00420238
 0.0969845 0.820715 0.00480467 0.000438432 0.077057
 0.998168 0.000193484 0.00148932 8.71885e-06 0.000140628
 0.0143909 0.983832 0.000187619 0.00144417 0.000144819
 0.0342228 0.0146816 0.949381 0.000181049 0.00153335
 0.978275 0.000765616 0.000318625 0.0206038 3.72065e-05
 0.0750627 0.905276 0.000692869 0.00028835 0.0186798
 0.95217 0.00375583 0.0431378 3.30162e-05 0.00090386
 0.933315 0.0635349 0.000247373 0.00284121 6.17062e-05
 0.492188 0.474702 0.031546 0.000122824 0.00144134
 0.79338 0.103262 0.0966191 0.00642076 0.000318365
 0.825819 0.139753 0.017206 0.0160991 0.0011229
 0.983955 0.0133691 0.00214738 0.000264381 0.000264627
 0.0296247 0.955114 0.0127154 0.00204239 0.000503143
 0.978579 0.000647015 0.0204473 0.000272215 5.44955e-05
 0.235632 0.748122 0.00049072 0.015508 0.000247789
 0.12949 0.207449 0.648968 0.000425681 0.0136676
 0.936855 0.00836693 0.0130541 0.0408376 0.000886846
 0.819756 0.169038 0.00148484 0.00231666 0.00740464
 0.0179288 0.807538 0.163682 0.00143779 0.00941328
 0.888371 0.00202918 0.0901216 0.018267 0.00121098
 0.471659 0.469797 0.0010642 0.047264 0.0102152
 0.135361 0.410085 0.404187 0.000915574 0.0494517
 0.915576 0.0115788 0.0345495 0.0340526 0.00424343
 0.820118 0.164869 0.00205902 0.00614385 0.00681009
 0.0560848 0.775088 0.154737 0.00193249 0.0121579
 0.0637095 0.0529103 0.72538 0.144814 0.0131867
 0.927665 0.00469078 0.00382263 0.0524068 0.0114151
pobs_PELACES
 0 0 0 0 0
 0 0 0 0 0
 0 0 0 0 0
 0 0 0 0 0
 0 0 0 0 0
 0 0 0 0 0
 0 0 0 0 0
 0 0 0 0 0
 0 0 0 0 0
 0 0 0 0 0
 0 0 0 0 0
 0 0 0 0 0
 0 0 0 0 0
 0 0 0 0 0
 0 0 0 0 0
 0 0 0 0 0
 0.505614 0.472636 0.0217494 0 0
 0 0 0 0 0
 0.443492 0.261883 0.143347 0.151278 0
 0.227955 0.32914 0.350689 0.0885471 0.00366901
 0.970185 0.0296113 0.000203453 0 0
 0.997202 0.00247181 0.000326279 0 0
 0.445219 0.490057 0.0546422 0.010081 0
 0.90214 0.0892962 0.00764917 0.000914606 0
 0 0 0 0 0
 0.581667 0.319106 0.0959925 0.00289975 0.000334073
 0.762889 0.0836404 0.116647 0.0363945 0.000428098
 0.88444 0.0763242 0.0277011 0.0115352 0
 0.521256 0.241999 0.230069 0.00667565 0
 0.616807 0.101726 0.260614 0.0208532 0
 0.833518 0.0704572 0.0857862 0.0102388 0
ppred_PELACES
 0.953058 0.034578 0.0110562 0.00130825 1.00877e-07
 0.00562079 0.947882 0.03425 0.0109513 0.00129594
 0.0579841 0.00532948 0.892887 0.0322628 0.0115367
 0.907238 0.00541544 0.000494165 0.0827911 0.00406122
 0.102601 0.815611 0.00477479 0.000435705 0.0765777
 0.998187 0.000191416 0.00147339 8.62562e-06 0.000139124
 0.0149212 0.983303 0.000187518 0.00144339 0.000144741
 0.0348914 0.0146714 0.948724 0.000180924 0.00153229
 0.978585 0.000754675 0.000314072 0.0203094 3.66748e-05
 0.077331 0.903056 0.00069117 0.000287643 0.018634
 0.952559 0.00372524 0.0427864 3.27473e-05 0.000896498
 0.934297 0.0625987 0.000243728 0.00279935 6.07969e-05
 0.49719 0.470026 0.0312353 0.000121615 0.00142715
 0.799329 0.100289 0.0938373 0.00623589 0.000309199
 0.830719 0.135822 0.016722 0.0156463 0.00109132
 0.984166 0.0131933 0.00211915 0.000260904 0.000261147
 0.0300062 0.954739 0.0127104 0.00204159 0.000502945
 0.978689 0.000643697 0.0203425 0.000270819 5.4216e-05
 0.237395 0.746396 0.000489588 0.0154722 0.000247217
 0.131472 0.206977 0.64749 0.000424712 0.0136365
 0.937499 0.00828159 0.012921 0.040421 0.0008778
 0.821425 0.167472 0.00147109 0.0022952 0.00733606
 0.0180929 0.807403 0.163655 0.00143755 0.00941171
 0.888915 0.0020193 0.0896827 0.018178 0.00120509
 0.473392 0.468257 0.00106071 0.047109 0.0101817
 0.136539 0.409526 0.403636 0.000914326 0.0493844
 0.916213 0.0114913 0.0342886 0.0337955 0.00421139
 0.820794 0.16425 0.00205129 0.00612077 0.0067845
 0.0563655 0.774857 0.154691 0.00193191 0.0121542
 0.0644586 0.052868 0.724799 0.144698 0.0131762
 0.92857 0.00463208 0.0037748 0.051751 0.0112723
pobs_pel_tallas
 0 0 0 0 0 0 0 0 0 0 0 0 0 0 0 0 0 0 0 0 0 0 0 0 0 0
 0 0 0 0 0 0 0 0 0 0 0 0 0 0 0 0 0 0 0 0 0 0 0 0 0 0
 0 0 0 0 0 0 0 0 0 0 0 0 0 0 0 0 0 0 0 0 0 0 0 0 0 0
 0 0 0 0 0 0 0 0 0 0 0 0 0 0 0 0 0 0 0 0 0 0 0 0 0 0
 0 0 0 0 0 0 0 0 0 0 0 0 0 0 0 0 0 0 0 0 0 0 0 0 0 0
 0 0 0 0 0 0 0 0 0 0 0 0 0 0 0 0 0 0 0 0 0 0 0 0 0 0
 0 0 0 0 0 0 0 0 0 0 0 0 0 0 0 0 0 0 0 0 0 0 0 0 0 0
 0 0 0 0 0 0 0 0 0 0 0 0 0 0 0 0 0 0 0 0 0 0 0 0 0 0
 0 0 0 0 0 0 0 0 0 0 0 0 0 0 0 0 0 0 0 0 0 0 0 0 0 0
 0 0 0 0 0 0 0 0 0 0 0 0 0 0 0 0 0 0 0 0 0 0 0 0 0 0
 0 0 0 0 0 0 0 0 0 0 0 0 0 0 0 0 0 0 0 0 0 0 0 0 0 0
 0 0 0 0 0 0 0 0 0 0 0 0 0 0 0 0 0 0 0 0 0 0 0 0 0 0
 0.00862536 0 0 0.000197151 0.00414017 0.0128641 0.00837892 0.0270097 0.101434 0.158115 0.152841 0.127902 0.109271 0.109419 0.0830992 0.0579132 0.0238553 0.00714673 0.00463305 0.00128148 0.00103504 0.000492878 0.000147863 0.000147863 4.92878e-05 0
 0 0 0 0 0 0 0 0 0 0 0 0 0 0 0 0 0 0 0 0 0 0 0 0 0 0
 0 0 0 0 0 0 0 0.0054083 0.00873648 0.0413646 0.0450493 0.0745869 0.0622846 0.0627006 0.0613931 0.0827291 0.12552 0.122667 0.0946155 0.0697135 0.0546179 0.0294188 0.0215738 0.0213955 0.0102223 0.00600262
 0 0 0 0 0.00359764 0.0251062 0.0480494 0.140153 0.205849 0.193036 0.1447 0.116669 0.0760912 0.0342217 0.00950174 0.001854 0.000860785 0 0 0 0.000165536 0 0.000143464 0 0 0
 0 0 0 0 0 0 0 0.000145254 0.000435761 0.0275982 0.070085 0.0708112 0.156366 0.174668 0.174014 0.160142 0.0824315 0.0480064 0.0283245 0.00493863 0.00203355 0 0 0 0 0
 0 0 0 0 0 0 0 0 0 0 0 0 0 0 0 0 0 0 0 0 0 0 0 0 0 0
 0 0 1.00437e-05 0.000401748 0.00122533 0.00171747 0.00176769 0.0269171 0.070346 0.194647 0.189555 0.159765 0.064822 0.0314167 0.0384472 0.0292271 0.0345202 0.0313363 0.0194345 0.0106764 0.0143323 0.0359363 0.0279516 0.0138201 0.00172751 0
 0 0.0021121 0.0136068 0.0755702 0.200478 0.177729 0.0527432 0.0373336 0.0318909 0.0142505 0.0149659 0.0166563 0.0217959 0.0798694 0.0677717 0.0528807 0.04013 0.0224614 0.0357745 0.0225083 0.00881397 0.00855152 0.00135912 0.000746735 0 0
 0 0 0 0 5.4009e-05 0.00500934 0.000945158 0.0243581 0.138947 0.33067 0.221406 0.137944 0.0707744 0.0437923 0.0131692 0.00525238 0.0047753 0.00276346 9.45158e-05 9.00151e-06 2.25038e-05 9.00151e-06 4.50075e-06 0 0 0
 0.000866109 0.00284123 0.00948549 0.0512746 0.133035 0.25785 0.225252 0.132002 0.0553304 0.0519788 0.0540692 0.017754 0.00435017 0.00159236 0.00146478 0.000404838 0.000125132 0.000115318 0.000107957 0.000100596 0 0 0 0 0 0
 0 0 0 0 0.00144013 0.00171154 0.00461396 0.0210425 0.0478622 0.0707936 0.0888783 0.103762 0.0637923 0.0337046 0.0602308 0.124433 0.169614 0.0934646 0.0462172 0.0250306 0.0313229 0.00938855 0.002487 0.000210481 0 0
 0 0.00764035 0.051015 0.0998891 0.058973 0.0496711 0.0374665 0.0718981 0.12319 0.153886 0.159021 0.0857701 0.0377988 0.023471 0.0147837 0.00900784 0.00315554 0.000888139 0.00291439 0.00214683 0.00393193 0.00274676 0.000635225 9.99891e-05 0 0
 0 0 0 0 0 0 0 0 0 0 0 0 0 0 0 0 0 0 0 0 0 0 0 0 0 0
 0 0 0 0 0 0 0 0 0 0 0 0 0 0 0 0 0 0 0 0 0 0 0 0 0 0
 0 0 0 0 0 0 0 0 0 0 0 0 0 0 0 0 0 0 0 0 0 0 0 0 0 0
 0 0 0 0 0 0 0 0 0 0 0 0 0 0 0 0 0 0 0 0 0 0 0 0 0 0
 0 0 0 0 0 0 0 0 0 0 0 0 0 0 0 0 0 0 0 0 0 0 0 0 0 0
 0 0 0 0 0 0 0 0 0 0 0 0 0 0 0 0 0 0 0 0 0 0 0 0 0 0
 0 0 0 0 0 0 0 0 0 0 0 0 0 0 0 0 0 0 0 0 0 0 0 0 0 0
ppred_pel_tallas
 1.0046e-16 7.85021e-05 0.000763068 0.00507086 0.0230514 0.0717214 0.15281 0.223032 0.223035 0.152827 0.0717763 0.02321 0.00546948 0.00163476 0.00173837 0.00276093 0.00399571 0.00507845 0.00569378 0.00569351 0.00517342 0.00439464 0.00361438 0.00296252 0.00243674 0.00197841
 1.02549e-16 4.63174e-07 4.50231e-06 2.99238e-05 0.000136085 0.000423902 0.000906538 0.00134224 0.00143344 0.00135207 0.00191941 0.00445352 0.0108594 0.0236189 0.0447709 0.0738112 0.10585 0.132106 0.143623 0.136276 0.113287 0.0831659 0.0548021 0.0334603 0.0199642 0.0124029
 1.30956e-16 4.77608e-06 4.64252e-05 0.000308512 0.00140245 0.00436355 0.00929707 0.0135697 0.0135716 0.00930703 0.00440099 0.00152828 0.00069103 0.00110166 0.00265265 0.00605275 0.0126087 0.0239342 0.0413683 0.0650477 0.0929735 0.120726 0.142381 0.152537 0.148531 0.131594
 1.09006e-16 7.4728e-05 0.000726383 0.00482707 0.0219432 0.0682733 0.145464 0.212308 0.212309 0.145466 0.0682825 0.0219702 0.00489696 0.000885796 0.000399179 0.000603603 0.00102212 0.00165886 0.0026194 0.00406419 0.00615666 0.008957 0.0123025 0.0157529 0.0186623 0.0203741
 1.1335e-16 8.45126e-06 8.21494e-05 0.000545915 0.0024817 0.00772191 0.0164552 0.0240334 0.0241118 0.0168385 0.0090082 0.00619485 0.00985864 0.0203863 0.0384957 0.0634377 0.0909493 0.11349 0.123428 0.117366 0.0983036 0.0738286 0.0517719 0.0366254 0.0287426 0.0258345
 1.00068e-16 8.22194e-05 0.000799202 0.00531098 0.0241429 0.0751176 0.160046 0.233592 0.233592 0.160046 0.0751179 0.024144 0.00531369 0.000805493 9.52182e-05 3.00056e-05 4.15447e-05 6.516e-05 9.64668e-05 0.000134819 0.000177766 0.000219906 0.000253333 0.000270075 0.000265492 0.000240521
 1.00426e-16 1.22924e-06 1.19488e-05 7.94083e-05 0.000361037 0.00112383 0.00239793 0.00351966 0.00361421 0.0028598 0.002674 0.00483554 0.0112999 0.0244697 0.0463426 0.0763276 0.109286 0.136028 0.147192 0.138474 0.113276 0.0806037 0.0499367 0.0270015 0.0128281 0.00545524
 1.2766e-16 2.87397e-06 2.7936e-05 0.000185645 0.000843915 0.00262575 0.00559453 0.00816596 0.00816884 0.00560926 0.00267942 0.00101749 0.000691124 0.00136171 0.00320848 0.00704655 0.0141992 0.0262423 0.0444315 0.0687759 0.0971004 0.124769 0.145662 0.154313 0.148229 0.129047
 1.02053e-16 8.06048e-05 0.000783507 0.00520668 0.0236688 0.0736424 0.156903 0.229005 0.229005 0.156903 0.0736438 0.0236728 0.00521729 0.000808375 0.000133197 0.000107865 0.000186682 0.000325592 0.000550864 0.000902018 0.00141431 0.00209451 0.00289595 0.00370909 0.00438058 0.00475931
 1.03434e-16 6.36984e-06 6.19172e-05 0.000411466 0.00187052 0.00582034 0.0124041 0.0181223 0.0182091 0.0128283 0.0072441 0.00598018 0.0107174 0.022527 0.0425754 0.070124 0.100428 0.125062 0.135459 0.127705 0.104969 0.075551 0.0481569 0.0279914 0.015887 0.0098877
 1.01391e-16 7.8461e-05 0.000762669 0.0050682 0.0230393 0.0716839 0.15273 0.222914 0.222915 0.152732 0.0716911 0.0230611 0.00512601 0.000899167 0.000367829 0.000562214 0.000983844 0.00161346 0.00247521 0.00355778 0.00477577 0.00594968 0.00683295 0.00719426 0.00691887 0.00606705
 1.00315e-16 7.69569e-05 0.000748048 0.00497104 0.0225976 0.0703097 0.149802 0.218642 0.218648 0.149832 0.0704084 0.0228826 0.0056857 0.00230608 0.00302992 0.0048716 0.00697392 0.00869444 0.00943804 0.00893624 0.00740978 0.005431 0.00359495 0.00224976 0.00143964 0.00101971
 1.01276e-16 4.0953e-05 0.000398078 0.00264537 0.0120255 0.037416 0.0797204 0.116364 0.116409 0.0799414 0.038158 0.0141678 0.00801998 0.0121209 0.0222752 0.0366824 0.0526537 0.0658207 0.0717533 0.0683975 0.0573097 0.0426398 0.0287152 0.01809 0.0111701 0.00706543
 1.03412e-16 6.58397e-05 0.000639985 0.00425293 0.0193332 0.0601528 0.128162 0.187059 0.187068 0.12821 0.060314 0.0198003 0.00543133 0.00323203 0.00504581 0.00838623 0.0124192 0.0163328 0.0193178 0.0209552 0.0213826 0.0210471 0.0202809 0.0190853 0.0172704 0.014755
 1.02272e-16 6.84252e-05 0.000665117 0.00441994 0.0200924 0.062515 0.133195 0.194405 0.194418 0.133259 0.0627298 0.0207128 0.00597725 0.00406503 0.00652652 0.0106847 0.0153949 0.0193848 0.0214124 0.0209189 0.0183634 0.0149087 0.0117144 0.00938562 0.00789718 0.00688435
 1.00135e-16 8.10644e-05 0.000787975 0.00523637 0.0238038 0.0740624 0.157798 0.230311 0.230312 0.157804 0.0740833 0.0238641 0.00538771 0.0011184 0.000708766 0.00104381 0.00149662 0.00188352 0.00207802 0.00202335 0.00176124 0.00140234 0.00105927 0.000794345 0.000612321 0.000486558
 1.00901e-16 2.47177e-06 2.40266e-05 0.000159669 0.00072589 0.00225901 0.00481645 0.007049 0.00714082 0.00526501 0.00376456 0.00507184 0.0110588 0.0237843 0.0450315 0.0741902 0.106282 0.132405 0.143493 0.135366 0.111304 0.0799853 0.0505315 0.0284246 0.0146244 0.00724093
 1.00624e-16 8.06133e-05 0.00078359 0.00520723 0.0236713 0.0736502 0.15692 0.229029 0.229029 0.15692 0.0736519 0.0236765 0.00522185 0.000820454 0.000165081 0.000182874 0.000342665 0.000611169 0.00100784 0.00153179 0.002138 0.00273016 0.00317951 0.00336925 0.00324409 0.00283635
 1.01799e-16 1.95541e-05 0.000190073 0.0012631 0.00574193 0.0178657 0.0380674 0.0555755 0.0556472 0.038418 0.0190425 0.00913883 0.00978174 0.0187596 0.0352083 0.0579711 0.0830304 0.103415 0.112047 0.105687 0.0869424 0.0626484 0.0399617 0.0231472 0.0128766 0.0075545
 1.21089e-16 1.08292e-05 0.000105264 0.000699514 0.0031799 0.00989397 0.0210809 0.0307726 0.0307935 0.0211835 0.0102412 0.00419484 0.00329273 0.00591673 0.0114872 0.0201149 0.0316212 0.0452471 0.059995 0.0750372 0.0896024 0.102354 0.111013 0.112959 0.106613 0.0925903
 1.04578e-16 7.72205e-05 0.000750611 0.00498807 0.0226751 0.0705505 0.150315 0.21939 0.219391 0.150319 0.0705643 0.0227153 0.00509098 0.000981419 0.000534358 0.000812635 0.00129007 0.00190517 0.00267007 0.00363671 0.00487181 0.00639058 0.00808433 0.00970026 0.0109027 0.0113923
 1.01557e-16 6.76597e-05 0.000657677 0.00437049 0.0198676 0.0618157 0.131705 0.192231 0.192247 0.131784 0.0620798 0.0206301 0.00628263 0.00482651 0.00796935 0.0130272 0.0186656 0.0232786 0.0252858 0.0239749 0.0199437 0.0147323 0.00994015 0.00650037 0.00452187 0.00359341
 1.06666e-16 1.49045e-06 1.44878e-05 9.62804e-05 0.000437725 0.00136234 0.00290549 0.00425697 0.00433486 0.0032861 0.00264052 0.00413036 0.00936838 0.0202656 0.0384908 0.0637039 0.0919321 0.115934 0.128281 0.125469 0.109934 0.0882631 0.0671611 0.0503442 0.0381656 0.0292206
 1.04616e-16 7.32187e-05 0.000711712 0.00472958 0.0215 0.0668944 0.142526 0.20802 0.208021 0.142527 0.0669006 0.0215198 0.00478632 0.000858864 0.000421031 0.000758916 0.00150402 0.00276619 0.00468927 0.00731198 0.0104633 0.013714 0.0164451 0.0180403 0.0181208 0.0166967
 1.06598e-16 3.89927e-05 0.000379023 0.00251875 0.0114499 0.0356251 0.0759046 0.110794 0.11084 0.0761247 0.0363637 0.0135822 0.00786727 0.0120419 0.0221516 0.0364648 0.0523127 0.0653619 0.0712571 0.0680692 0.0575181 0.0439088 0.0316303 0.0231167 0.0184406 0.016238
 1.20202e-16 1.12467e-05 0.000109322 0.000726482 0.00330251 0.0102755 0.0218946 0.0319642 0.0320042 0.0220904 0.0109344 0.00521227 0.00554608 0.0107159 0.0204049 0.0343662 0.0510178 0.0673051 0.0800045 0.087465 0.0902794 0.0902582 0.0886832 0.085427 0.0795349 0.0704666
 1.05095e-16 7.54673e-05 0.000733569 0.00487482 0.0221602 0.0689487 0.146903 0.214409 0.21441 0.146908 0.0689682 0.0222174 0.00502154 0.00106471 0.000736826 0.0011854 0.00190827 0.0028487 0.004013 0.00543418 0.00713727 0.00906507 0.0110156 0.0126561 0.0136266 0.0136785
 1.01864e-16 6.76077e-05 0.000657171 0.00436713 0.0198524 0.0617682 0.131604 0.192083 0.192099 0.131681 0.0620273 0.0206003 0.00624303 0.00474744 0.00782174 0.0127878 0.0183319 0.0228838 0.0249008 0.0236916 0.0198466 0.0148723 0.0103238 0.00709261 0.00525732 0.00439081
 1.06913e-16 4.64291e-06 4.51308e-05 0.000299914 0.00136341 0.00424248 0.00904181 0.0132124 0.0132872 0.00940706 0.00546907 0.00490699 0.00919764 0.0194782 0.0369382 0.0611267 0.0882077 0.111229 0.123063 0.120356 0.10546 0.0847146 0.0645674 0.0485865 0.0370925 0.0287018
 1.37671e-16 5.30938e-06 5.16091e-05 0.000342961 0.00155905 0.00485083 0.0103354 0.0150861 0.0150924 0.0103665 0.00495867 0.00188546 0.0012186 0.00214986 0.00453858 0.00892899 0.0162152 0.0274125 0.0433728 0.0642536 0.088804 0.113896 0.134886 0.147007 0.14723 0.135552
 1.07208e-16 7.64851e-05 0.000743462 0.00494057 0.0224591 0.0698786 0.148884 0.2173 0.217301 0.148886 0.0698865 0.0224822 0.00500019 0.000879145 0.000351509 0.000509094 0.000851274 0.00136066 0.00210932 0.0032121 0.00478907 0.0068879 0.00939567 0.0119973 0.0142248 0.0155942
pSPR Fmed_Fpbrs
0.435306   0.189366 0.189366
Fs Fmed_Fpbrs
0.447531   1.005 1.005
SSBpbr Bo_Bmed_Bpbrs
1.65775e+06  638741  231034 231034
Ro
36571.7
SPR SPRFo_SPRFmed_SPRFpbrs
261412 113794 49502.6
Fref
1.005
Nvult_r0
 117870 616.312 502.248 6885.62 1499.81
CTP_r0
 34245.5 191.453 156.02 2138.97 465.905
YTP_r0
390950
Np
 135411 38096.5 188.717 153.791 2602.67
Nvult_p0
 115426 32966.4 163.305 133.081 2252.19
CTP_p0
 55098.2 16524.3 81.8559 66.7065 1128.9
YTP_p0
 722975
CBA_c0
490558
log_Ro
10.327
likeval ReclasPelacesDesembMPH_pf_preclas_ppelaces_ptallas_desvR_qrecl_qpela
 40.9328 52.984 1.10363 0.00207471 407.95 163.901 148.409 0 235.601 0 0 4.91622 0 0 0
q_reclas_q_pelaces
1 1
M
1
N
 540537 20006.4 6396.98 756.941 0.0583662
 898.876 156513 5655.32 1808.27 213.985
 2365.74 225.248 37737.4 1363.57 487.592
 86838.3 569.948 52.0084 8713.35 427.423
 1099.47 10228.8 59.8818 5.46428 960.379
 310872 61.2507 471.469 2.76009 44.518
 1143.15 82622.9 15.7564 121.282 12.162
 313.872 138.802 8975.63 1.71167 14.4965
 78796 63.0572 26.2424 1696.96 3.06438
 1468.25 18593.5 14.2309 5.92244 383.666
 51097.4 204.194 2345.27 1.795 49.1403
 208004 14504.9 56.475 648.645 14.0874
 47634.3 47356.2 3147.02 12.253 143.788
 69614.7 9578.55 8962.36 595.588 29.5314
 47462.6 8462.4 1041.87 974.846 67.9949
 445160 6172.95 991.521 122.074 122.187
 3317.47 109116 1452.66 233.33 57.4809
 1.22977e+06 819.594 25901.3 344.823 69.0311
 119811 386067 253.235 8002.88 127.871
 19951.8 32821 102675 67.3481 2162.38
 477111 4332.23 6759.18 21144.9 459.191
 601387 126158 1108.18 1728.99 5526.3
 3439.49 157111 31845.3 279.731 1831.41
 415220 956.355 42474.4 8609.25 570.739
 128563 129411 293.145 13019.4 2813.88
 12466 38344.6 37793.1 85.6098 4623.94
 264575 3388.17 10109.8 9964.44 1241.71
 374509 75813.1 946.817 2825.18 3131.54
 8610.65 119956 23947.9 299.081 1881.61
 3190.36 2700.19 37018.6 7390.32 672.962
 155966 805.029 656.038 8994.03 1959.06
pred_Ctot
 74182.7 2992.51 956.843 113.221 0.00873027
 186.883 35277.2 1274.68 407.573 48.2309
 534.082 55.0515 9223.18 333.263 119.169
 40791.3 283.689 25.887 4337.04 212.748
 678.677 6586.37 38.5582 3.51849 618.394
 55997.9 11.9867 92.2659 0.540148 8.71213
 528.013 40469.5 7.71762 59.4052 5.95706
 94.5384 44.9836 2908.86 0.554726 4.69811
 18512.4 16.0268 6.66982 431.303 0.778849
 623.299 8400.42 6.42941 2.67571 173.337
 7533.44 32.7868 376.574 0.288218 7.89031
 52091.4 3924.87 15.2815 175.516 3.8119
 14330.6 15329.8 1018.73 3.96644 46.5461
 32133.6 4688.75 4387.12 291.543 14.4558
 21047.3 3986.57 490.816 459.242 32.0318
 97041 1457.68 234.138 28.8265 28.8534
 711.313 25351 337.497 54.2099 13.3546
 115477 84.1427 2659.13 35.4009 7.087
 19808.1 69421.3 45.5359 1439.05 22.9934
 5392.26 9568.77 29934.2 19.6349 630.429
 87120.7 859.273 1340.64 4193.97 91.078
 113291 25803.7 226.661 353.638 1130.32
 543.107 26997.5 5472.2 48.0681 314.704
 40651.4 102.339 4545.15 921.269 61.0742
 15645.6 17184.2 38.926 1728.81 373.648
 2109.43 7055.03 6953.56 15.7514 850.76
 37734.9 526.472 1570.92 1548.33 192.944
 30964.5 6858.64 85.6564 255.587 283.303
 813.819 12394.9 2474.5 30.9036 194.424
 653.077 599.377 8217.23 1640.47 149.381
 34245.5 191.453 156.02 2138.97 465.905
F
 0.239422 0.263457 0.263457 0.263457 0.263457
 0.383944 0.422488 0.422488 0.422488 0.422488
 0.423301 0.465796 0.465796 0.465796 0.465796
 1.13884 1.25317 1.25317 1.25317 1.25317
 1.88761 2.07711 2.07711 2.07711 2.07711
 0.325094 0.357731 0.357731 0.357731 0.357731
 1.10849 1.21977 1.21977 1.21977 1.21977
 0.604943 0.665674 0.665674 0.665674 0.665674
 0.444049 0.488627 0.488627 0.488627 0.488627
 0.972756 1.07041 1.07041 1.07041 1.07041
 0.259246 0.285272 0.285272 0.285272 0.285272
 0.479858 0.528031 0.528031 0.528031 0.528031
 0.604026 0.664664 0.664664 0.664664 0.664664
 1.10734 1.21851 1.21851 1.21851 1.21851
 1.03977 1.14415 1.14415 1.14415 1.14415
 0.406024 0.446784 0.446784 0.446784 0.446784
 0.398147 0.438117 0.438117 0.438117 0.438117
 0.158572 0.174492 0.174492 0.174492 0.174492
 0.294844 0.324443 0.324443 0.324443 0.324443
 0.527239 0.580168 0.580168 0.580168 0.580168
 0.330213 0.363363 0.363363 0.363363 0.363363
 0.342284 0.376646 0.376646 0.376646 0.376646
 0.279948 0.308052 0.308052 0.308052 0.308052
 0.165817 0.182464 0.182464 0.182464 0.182464
 0.209804 0.230866 0.230866 0.230866 0.230866
 0.302714 0.333104 0.333104 0.333104 0.333104
 0.249855 0.274938 0.274938 0.274938 0.274938
 0.138489 0.152392 0.152392 0.152392 0.152392
 0.159678 0.175708 0.175708 0.175708 0.175708
 0.37701 0.414858 0.414858 0.414858 0.414858
 0.409516 0.450628 0.450628 0.450628 0.450628
nmprior
 8.19 8.8 8.5 0
nm_flota  nm_reclas  nm_pelaces    nm_pelaL
inf 5.07375 3.08912 4.33297
cv_recla  cv_pelaces  cv_mph
0.57871 0.825363 1.40567
 ------------------------------------------------
Talla a la edad & desviaci?n 
 8 13.2811 15.8009 17.003 17.5766
 0.8 1.32811 1.58009 1.7003 1.75766
