    unsorted:	 2.169533917e-06 2.286204404e-06 4.701297966e-05 5.427126312e-05 4.440008591e-05 8.548711324e-05 0.001099993640 13.52189815 65.56904004 170.3404260 155.7191150 238.5970551 285.2283434 363.2287760 677.9132904 538.8161500 807.3615136 854.7296281 908.8602091 935.8261236 1070.630017 1196.207233 1223.616141 1300.180741 1516.997075 1556.362426 2044.246787 2066.414712 1946.306652 2216.169294 2420.791602 2466.879396 2528.275620 2620.541973 2642.194703 2858.811775 3208.576722 3281.840115 3348.996519 3882.653712 4015.283834 4309.643219 5679.226053 9160.853557 38214.06391 158334.7892 412569.6709 407596.7866 401040.0975 397357.4955 381006.4428 363816.9635 449615.2158 457247.9552 467338.5640 466972.7063 332494.9091 540647.9876 589572.8046 572386.3104 623539.3587 670118.0606 840824.0193 891475.8532 1024980.874 1084741.553 1319028.227 1368428.118 1543448.264 1674386.983 2272346.977 2355796.131 2638374.263 2693630.092 3003739.487 3131203.738 4104645.527
      sorted:	 2.169533917e-06 2.286204404e-06 4.440008591e-05 4.701297966e-05 5.427126312e-05 8.548711324e-05 0.001099993640 13.52189815 65.56904004 155.7191150 170.3404260 238.5970551 285.2283434 363.2287760 538.8161500 677.9132904 807.3615136 854.7296281 908.8602091 935.8261236 1070.630017 1196.207233 1223.616141 1300.180741 1516.997075 1556.362426 1946.306652 2044.246787 2066.414712 2216.169294 2420.791602 2466.879396 2528.275620 2620.541973 2642.194703 2858.811775 3208.576722 3281.840115 3348.996519 3882.653712 4015.283834 4309.643219 5679.226053 9160.853557 38214.06391 158334.7892 332494.9091 363816.9635 381006.4428 397357.4955 401040.0975 407596.7866 412569.6709 449615.2158 457247.9552 466972.7063 467338.5640 540647.9876 572386.3104 589572.8046 623539.3587 670118.0606 840824.0193 891475.8532 1024980.874 1084741.553 1319028.227 1368428.118 1543448.264 1674386.983 2272346.977 2355796.131 2638374.263 2693630.092 3003739.487 3131203.738 4104645.527
