years
 1991 1992 1993 1994 1995 1996 1997 1998 1999 2000 2001 2002 2003 2004 2005 2006 2007 2008 2009 2010 2011 2012 2013 2014 2015 2016 2017 2018 2019 2020 2021
reclasobs
 0 0 0 0 0 0 0 0 0 252601 567819 844713 477998 351125 339783 2.1784e+06 2.13404e+06 4.81314e+06 1.55562e+06 2.62356e+06 3.21686e+06 3.843e+06 1.13348e+06 3.07943e+06 1.97215e+06 2.03268e+06 2.025e+06 2.42433e+06 2.27542e+06 1.05018e+06 2.36338e+06
reclaspred
 3.15944e+06 1.7625e+06 891385 860099 838468 1.346e+06 821155 722450 531501 390765 480223 630123 621796 480982 486409 1.32548e+06 1.27724e+06 2.90769e+06 2.39533e+06 1.7753e+06 3.14364e+06 2.55187e+06 2.01292e+06 3.10068e+06 2.31829e+06 2.04271e+06 2.43834e+06 2.61755e+06 2.14574e+06 1.33877e+06 1.93314e+06
pelacesobs
 0 0 0 0 0 0 0 0 0 0 0 0 0 0 0 552880 188675 0 991730 2.46772e+06 1.41603e+06 1.21717e+06 2.29649e+06 1.80582e+06 0 1.4828e+06 1.56532e+06 1.57751e+06 1.42118e+06 867257 1.10002e+06
pelacespred
 1.60232e+06 992095 500365 393825 403386 667000 369680 411198 287888 200019 256348 281542 306135 248698 258953 589311 569561 1.49648e+06 1.2709e+06 873649 1.50114e+06 1.31774e+06 1.03859e+06 1.75265e+06 1.2628e+06 1.10952e+06 1.50981e+06 1.59958e+06 1.07827e+06 763932 1.08619e+06
mphobs
 0 0 0 0 0 0 0 0 0 0 0 498337 0 5186 125008 0 168611 109162 213762 579715 649985 157893 87575 83554 0 0 0 0 0 0 0
mphpred
 3.04296e+06 2.02977e+06 1.0054e+06 548641 572168 638941 846644 505996 452229 311338 208617 362864 393800 332095 222202 282970 974495 920877 1.84129e+06 1.38735e+06 1.47543e+06 1.82701e+06 1.73379e+06 1.41971e+06 1.97729e+06 1.62248e+06 1.33062e+06 1.43245e+06 2.0219e+06 1.37077e+06 846779
desembarqueobs
 494567 514787 250237 358949 120608 361735 552515 73892 212993 205616 52469 317467 293654 387597 252695 516296 358380 742168 942051 627588 828172 859565 418607 520667 417249 300574 407403 355545 319650 289779 391294
desembarquepred
 494573 513606 250784 358982 120613 361746 552547 73896.4 213040 205659 52471.5 317529 293701 387622 252686 516250 358401 742062 941828 627440 828231 859569 418613 520689 417246 300573 407400 355529 319641 289784 391296
Reclutas
 192700 108629 109450 169217 135966 242129 98656.9 44139.6 43377.2 58805.2 110639 146954 122170 85329.4 84738.9 474311 98102.8 726724 417771 319879 475520 634571 130028 390929 326733 146562 332480 375341 109069 78498.4 298406
log_desv_Rt
 0.11126 -0.461937 -0.454408 -0.0186952 -0.23747 0.339596 -0.558227 -1.36252 -1.37994 -1.07564 -0.443606 -0.159754 -0.344458 -0.703356 -0.7103 1.01199 -0.563859 1.43867 0.885059 0.618068 1.01453 1.30307 -0.282122 0.81865 0.63927 -0.162428 0.656704 0.777959 -0.457897 -0.786796 0.548581
SSB
 3.04296e+06 2.02977e+06 1.0054e+06 548641 572168 638941 846644 505996 452229 311338 208617 362864 393800 332095 222202 282970 974495 920877 1.84129e+06 1.38735e+06 1.47543e+06 1.82701e+06 1.73379e+06 1.41971e+06 1.97729e+06 1.62248e+06 1.33062e+06 1.43245e+06 2.0219e+06 1.37077e+06 846779
BT
 4.11423e+06 2.79629e+06 1.40304e+06 1.21015e+06 1.02603e+06 1.84731e+06 1.34748e+06 1.01346e+06 875487 659314 636440 914972 972538 976578 850773 1.77714e+06 1.59322e+06 4.10609e+06 3.83641e+06 2.58017e+06 4.13307e+06 3.84313e+06 2.75986e+06 4.52589e+06 3.29818e+06 2.8252e+06 3.89739e+06 4.04496e+06 2.75049e+06 2.04408e+06 2.8768e+06
Ftot
 0.140196 0.256219 0.250466 0.394633 0.136281 0.264346 0.590611 0.0963591 0.373335 0.486382 0.112019 0.480121 0.447319 0.750905 0.516946 0.408029 0.257555 0.261323 0.369477 0.333197 0.255207 0.323327 0.189698 0.167943 0.169085 0.136902 0.166041 0.136914 0.133244 0.19514 0.204975
BD_Bspro_t
 0.977873 0.840685 0.677219 0.58612 0.567435 0.641278 0.631544 0.457979 0.516145 0.472958 0.443576 0.663824 0.549887 0.459966 0.351616 0.410446 0.597729 0.571104 0.66919 0.573706 0.543902 0.593286 0.609138 0.600514 0.704025 0.711528 0.718206 0.756034 0.802355 0.736219 0.666492
BD_Bspro
 2.46919 1.64704 0.815822 0.44519 0.464281 0.518464 0.687003 0.410586 0.366958 0.252633 0.16928 0.294443 0.319546 0.269476 0.180304 0.229614 0.790746 0.747239 1.4941 1.12575 1.19723 1.48251 1.40687 1.15201 1.60446 1.31655 1.07972 1.16235 1.64065 1.1123 0.687112
BD_Bo
 1.62211 1.08201 0.535946 0.292463 0.305005 0.340599 0.451319 0.26973 0.241069 0.165965 0.111207 0.193431 0.209922 0.177029 0.118449 0.150842 0.519472 0.49089 0.981531 0.739552 0.786505 0.97392 0.924228 0.7568 1.05403 0.864891 0.70931 0.763593 1.07781 0.730713 0.451391
BD_Brms
 9.53972 6.36336 3.15193 1.71999 1.79375 2.00309 2.65424 1.5863 1.41774 0.976049 0.654015 1.13758 1.23457 1.04112 0.696607 0.887113 3.05505 2.88696 5.77245 4.34936 4.62549 5.72769 5.43545 4.45079 6.19883 5.08648 4.1715 4.49074 6.33867 4.29737 2.65466
Sel_flota
 0.765292 0.984115 0.999151 0.999955 0.999998
 0.765292 0.984115 0.999151 0.999955 0.999998
 0.765292 0.984115 0.999151 0.999955 0.999998
 0.765292 0.984115 0.999151 0.999955 0.999998
 0.765292 0.984115 0.999151 0.999955 0.999998
 0.765292 0.984115 0.999151 0.999955 0.999998
 0.765292 0.984115 0.999151 0.999955 0.999998
 0.765292 0.984115 0.999151 0.999955 0.999998
 0.765292 0.984115 0.999151 0.999955 0.999998
 0.765292 0.984115 0.999151 0.999955 0.999998
 0.765292 0.984115 0.999151 0.999955 0.999998
 0.765292 0.984115 0.999151 0.999955 0.999998
 0.765292 0.984115 0.999151 0.999955 0.999998
 0.765292 0.984115 0.999151 0.999955 0.999998
 0.765292 0.984115 0.999151 0.999955 0.999998
 0.765292 0.984115 0.999151 0.999955 0.999998
 0.765292 0.984115 0.999151 0.999955 0.999998
 0.765292 0.984115 0.999151 0.999955 0.999998
 0.765292 0.984115 0.999151 0.999955 0.999998
 0.765292 0.984115 0.999151 0.999955 0.999998
 0.765292 0.984115 0.999151 0.999955 0.999998
 0.765292 0.984115 0.999151 0.999955 0.999998
 0.765292 0.984115 0.999151 0.999955 0.999998
 0.765292 0.984115 0.999151 0.999955 0.999998
 0.765292 0.984115 0.999151 0.999955 0.999998
 0.765292 0.984115 0.999151 0.999955 0.999998
 0.765292 0.984115 0.999151 0.999955 0.999998
 0.765292 0.984115 0.999151 0.999955 0.999998
 0.765292 0.984115 0.999151 0.999955 0.999998
 0.765292 0.984115 0.999151 0.999955 0.999998
 0.765292 0.984115 0.999151 0.999955 0.999998
Sel_reclas
 1 1 1 1 1
 1 1 1 1 1
 1 1 1 1 1
 1 1 1 1 1
 1 1 1 1 1
 1 1 1 1 1
 1 1 1 1 1
 1 1 1 1 1
 1 1 1 1 1
 1 1 1 1 1
 1 1 1 1 1
 1 1 1 1 1
 1 1 1 1 1
 1 1 1 1 1
 1 1 1 1 1
 1 1 1 1 1
 1 1 1 1 1
 1 1 1 1 1
 1 1 1 1 1
 1 1 1 1 1
 1 1 1 1 1
 1 1 1 1 1
 1 1 1 1 1
 1 1 1 1 1
 1 1 1 1 1
 1 1 1 1 1
 1 1 1 1 1
 1 1 1 1 1
 1 1 1 1 1
 1 1 1 1 1
 1 1 1 1 1
Sel_pelaces
 1 1 1 1 1
 1 1 1 1 1
 1 1 1 1 1
 1 1 1 1 1
 1 1 1 1 1
 1 1 1 1 1
 1 1 1 1 1
 1 1 1 1 1
 1 1 1 1 1
 1 1 1 1 1
 1 1 1 1 1
 1 1 1 1 1
 1 1 1 1 1
 1 1 1 1 1
 1 1 1 1 1
 1 1 1 1 1
 1 1 1 1 1
 1 1 1 1 1
 1 1 1 1 1
 1 1 1 1 1
 1 1 1 1 1
 1 1 1 1 1
 1 1 1 1 1
 1 1 1 1 1
 1 1 1 1 1
 1 1 1 1 1
 1 1 1 1 1
 1 1 1 1 1
 1 1 1 1 1
 1 1 1 1 1
 1 1 1 1 1
pf_obs 
 0.8446 0.082 0.0669 0.0065 0
 0.8095 0.147 0.0364 0.0071 0
 0.9664 0.0169 0.016 0.0007 0
 0.9276 0.0648 0.0075 0.0001 0
 0.7033 0.2144 0.0806 0.0017 0
 0.9318 0.0425 0.0243 0.0014 0
 0.5671 0.3108 0.0964 0.0239 0.0018
 0.0768 0.2599 0.5324 0.112 0.0189
 0.490249 0.384438 0.106611 0.0170017 0.00170017
 0.7925 0.1577 0.0466 0.003 0.0002
 0.840416 0.127587 0.0312969 0.00059994 9.999e-05
 0.8084 0.0986 0.0794 0.0134 0.0002
 0.7335 0.1905 0.0724 0.0035 0.0001
 0.4001 0.4547 0.1325 0.0127 0
 0.49795 0.308269 0.164784 0.0264974 0.00249975
 0.9179 0.0499 0.0305 0.0017 0
 0.2467 0.6533 0.0926 0.0074 0
 0.9418 0.0223 0.034 0.0019 0
 0.707729 0.231977 0.0356964 0.0245975 0
 0.517169 0.277429 0.184464 0.0207286 0.00020938
 0.811772 0.124168 0.05621 0.00726502 0.000585176
 0.764997 0.148141 0.077277 0.00933861 0.000247198
 0.163321 0.427699 0.378323 0.0303852 0.000271297
 0.753843 0.0900009 0.118128 0.0371064 0.000921714
 0.721811 0.176058 0.0630433 0.0369309 0.00215725
 0.143369 0.312575 0.442814 0.0836902 0.0175525
 0.692698 0.0596174 0.167031 0.0765114 0.00414204
 0.394062 0.376323 0.152708 0.0712218 0.00568511
 0.125707 0.32114 0.495352 0.0537591 0.00404204
 0.23352 0.215282 0.420074 0.123614 0.00750983
 0.774587 0.0839891 0.0768558 0.0609784 0.00358967
pf_pred 
 0.4394 0.128074 0.407411 0.0251138 8.21309e-07
 0.407117 0.300077 0.06771 0.212036 0.0130599
 0.557707 0.210553 0.118302 0.0262502 0.0871885
 0.719146 0.17563 0.050543 0.0279266 0.0267538
 0.643151 0.276565 0.0505532 0.0142882 0.0154426
 0.749622 0.175311 0.0583867 0.0105067 0.0061738
 0.469208 0.423761 0.0753253 0.0246657 0.00704026
 0.451614 0.30125 0.198104 0.0345179 0.0145137
 0.543666 0.235434 0.122196 0.0791342 0.0195699
 0.709927 0.178691 0.0579756 0.0295558 0.0238508
 0.817677 0.140279 0.026093 0.00830708 0.00764452
 0.730965 0.22947 0.0305514 0.0055954 0.00341778
 0.674677 0.255967 0.0593225 0.00774976 0.00228396
 0.619659 0.280556 0.078826 0.0179298 0.00302956
 0.731014 0.187705 0.0603007 0.0165782 0.0044029
 0.934824 0.0513721 0.00968957 0.00305325 0.00106125
 0.367477 0.601345 0.0246703 0.00456926 0.00193835
 0.894116 0.0458239 0.0571474 0.00230549 0.000607597
 0.584463 0.381474 0.0148831 0.0182508 0.000929493
 0.590525 0.267177 0.130828 0.00501388 0.00645542
 0.731787 0.176469 0.0602261 0.0289796 0.00253812
 0.734059 0.208141 0.0382507 0.0128372 0.00671203
 0.307128 0.544406 0.116642 0.0210666 0.0107566
 0.732067 0.0981476 0.133869 0.0282236 0.00769346
 0.614475 0.30129 0.0311717 0.0418454 0.0112175
 0.424276 0.388358 0.146952 0.0149637 0.0254506
 0.725369 0.134221 0.0952004 0.0354645 0.00974496
 0.680161 0.247955 0.0354222 0.0247282 0.0117331
 0.336164 0.486989 0.137593 0.0193515 0.0199023
 0.404419 0.235942 0.264936 0.0736956 0.0210066
 0.817494 0.0860471 0.038592 0.042639 0.0152282
pobs_RECLAS
 0 0 0 0 0
 0 0 0 0 0
 0 0 0 0 0
 0 0 0 0 0
 0 0 0 0 0
 0 0 0 0 0
 0 0 0 0 0
 0 0 0 0 0
 0 0 0 0 0
 0 0 0 0 0
 0.991045 0.00858322 0.000360255 1.14367e-05 0
 0.934742 0.0480273 0.0164251 0.00080598 0
 0.827803 0.169806 0.00239088 0 0
 0.941827 0.0461693 0.0120037 0 0
 0.791401 0.0380133 0.147996 0.0225897 0
 0.846168 0.0940531 0.0597789 0 0
 0.134021 0.677848 0.182769 0.00536245 0
 0.80878 0.0450904 0.141981 0.00414843 0
 0.846168 0.0940531 0.0597789 0 0
 0.905697 0.0802665 0.012482 0.00150086 5.37128e-05
 0.989698 0.0102097 9.19794e-05 0 0
 0.975433 0.0193895 0.00387452 0.00125025 5.28907e-05
 0.303575 0.632131 0.0575291 0.00676475 0
 0.966965 0.00978017 0.0227588 0.000495775 0
 0.843318 0.132988 0.00938335 0.0141283 0.000182051
 0.564624 0.303363 0.111486 0.0197234 0.00080311
 0.826376 0.0876187 0.0782897 0.00655872 0.00115652
 0.89761 0.0855135 0.0140674 0.00269457 0.000114338
 0.34875 0.467042 0.161289 0.0227151 0.000203297
 0.318654 0.224769 0.449479 0.00709798 0
 0.937255 0.0296025 0.0250945 0.00804832 0
ppred_RECLAS
 0.505641 0.114289 0.358018 0.0220511 7.21117e-07
 0.472312 0.269216 0.0598087 0.187138 0.0115259
 0.621781 0.181557 0.100437 0.0222677 0.0739577
 0.7698 0.14483 0.0410247 0.0226484 0.0216963
 0.699891 0.233406 0.0420142 0.0118651 0.0128232
 0.795527 0.143843 0.0471663 0.00848057 0.00498301
 0.536737 0.371077 0.0648946 0.0212317 0.00605984
 0.516529 0.267439 0.1732 0.0301542 0.0126783
 0.609013 0.203298 0.103864 0.0672061 0.0166193
 0.762246 0.147385 0.0470578 0.0239695 0.0193419
 0.852953 0.113543 0.020799 0.00661628 0.00608832
 0.779956 0.188129 0.0246492 0.00451059 0.00275503
 0.730134 0.213057 0.0485966 0.00634318 0.00186934
 0.682591 0.235169 0.064978 0.0147668 0.002495
 0.780639 0.153828 0.0486281 0.0133577 0.00354742
 0.94921 0.0401685 0.0074572 0.00234784 0.000816025
 0.429183 0.543098 0.0219368 0.00405962 0.00172208
 0.91679 0.0363303 0.044608 0.00179813 0.000473866
 0.646249 0.325182 0.0124882 0.0153013 0.000779243
 0.652651 0.22788 0.109847 0.00420629 0.00541541
 0.780081 0.145477 0.0488825 0.0235019 0.00205828
 0.782043 0.171175 0.0309679 0.0103844 0.00542932
 0.364746 0.500798 0.105655 0.0190665 0.00973499
 0.780726 0.0811178 0.10895 0.0229511 0.00625597
 0.673613 0.255957 0.0260767 0.0349772 0.00937597
 0.488504 0.346772 0.129217 0.0131471 0.0223599
 0.774537 0.111074 0.0775785 0.0288763 0.0079343
 0.733462 0.207363 0.0291719 0.0203483 0.00965447
 0.395996 0.444923 0.123794 0.0173965 0.0178909
 0.469514 0.212146 0.234564 0.0651936 0.0185824
 0.853667 0.0695745 0.0307252 0.0339195 0.0121135
pobs_PELACES
 0 0 0 0 0
 0 0 0 0 0
 0 0 0 0 0
 0 0 0 0 0
 0 0 0 0 0
 0 0 0 0 0
 0 0 0 0 0
 0 0 0 0 0
 0 0 0 0 0
 0 0 0 0 0
 0 0 0 0 0
 0 0 0 0 0
 0 0 0 0 0
 0 0 0 0 0
 0 0 0 0 0
 0 0 0 0 0
 0.505614 0.472636 0.0217494 0 0
 0 0 0 0 0
 0.443492 0.261883 0.143347 0.151278 0
 0.227955 0.32914 0.350689 0.0885471 0.00366901
 0.970185 0.0296113 0.000203453 0 0
 0.997202 0.00247181 0.000326279 0 0
 0.445219 0.490057 0.0546422 0.010081 0
 0.90214 0.0892962 0.00764917 0.000914606 0
 0 0 0 0 0
 0.581667 0.319106 0.0959925 0.00289975 0.000334073
 0.762889 0.0836404 0.116647 0.0363945 0.000428098
 0.88444 0.0763242 0.0277011 0.0115352 0
 0.521256 0.241999 0.230069 0.00667565 0
 0.616807 0.101726 0.260614 0.0208532 0
 0.833518 0.0704572 0.0857862 0.0102388 0
ppred_PELACES
 0.508306 0.113734 0.356032 0.0219279 7.17088e-07
 0.477087 0.266952 0.0592305 0.185316 0.0114137
 0.62618 0.179565 0.099211 0.0219945 0.07305
 0.774942 0.141701 0.0400599 0.0221135 0.0211837
 0.701986 0.231812 0.0416991 0.0117757 0.0127265
 0.798678 0.141682 0.0463968 0.00834164 0.00490136
 0.54747 0.362694 0.063243 0.0206881 0.00590464
 0.51832 0.266505 0.172513 0.0300338 0.0126277
 0.615628 0.20004 0.10201 0.0660002 0.016321
 0.76872 0.143507 0.0457091 0.0232795 0.018785
 0.853981 0.112764 0.0206448 0.00656704 0.00604299
 0.785908 0.183105 0.0239338 0.00437913 0.00267472
 0.736543 0.208095 0.0473597 0.006181 0.00182153
 0.694428 0.22662 0.0623829 0.0141742 0.00239485
 0.787094 0.149417 0.0471127 0.0129396 0.00343638
 0.950632 0.0390607 0.00723686 0.00227822 0.000791823
 0.433761 0.538777 0.0217344 0.0040219 0.00170607
 0.918273 0.0357088 0.0437882 0.00176496 0.000465122
 0.652359 0.319614 0.0122519 0.0150103 0.000764419
 0.658213 0.224359 0.107971 0.00413409 0.00532242
 0.7833 0.14341 0.048127 0.0231371 0.00202632
 0.786056 0.168083 0.0303597 0.0101796 0.00532221
 0.367973 0.498354 0.10504 0.0189547 0.00967786
 0.782885 0.0803616 0.107844 0.0227172 0.0061922
 0.676332 0.253872 0.0258426 0.0346616 0.00929135
 0.49103 0.345136 0.12852 0.0130757 0.0222384
 0.776698 0.110056 0.0768044 0.0285869 0.00785477
 0.735421 0.205871 0.0289424 0.0201874 0.00957814
 0.398341 0.443274 0.123253 0.0173199 0.0178121
 0.473172 0.210807 0.232858 0.0647162 0.0184462
 0.855575 0.0687055 0.0303106 0.0334599 0.0119494
pobs_pel_tallas
 0 0 0 0 0 0 0 0 0 0 0 0 0 0 0 0 0 0 0 0 0 0 0 0 0 0
 0 0 0 0 0 0 0 0 0 0 0 0 0 0 0 0 0 0 0 0 0 0 0 0 0 0
 0 0 0 0 0 0 0 0 0 0 0 0 0 0 0 0 0 0 0 0 0 0 0 0 0 0
 0 0 0 0 0 0 0 0 0 0 0 0 0 0 0 0 0 0 0 0 0 0 0 0 0 0
 0 0 0 0 0 0 0 0 0 0 0 0 0 0 0 0 0 0 0 0 0 0 0 0 0 0
 0 0 0 0 0 0 0 0 0 0 0 0 0 0 0 0 0 0 0 0 0 0 0 0 0 0
 0 0 0 0 0 0 0 0 0 0 0 0 0 0 0 0 0 0 0 0 0 0 0 0 0 0
 0 0 0 0 0 0 0 0 0 0 0 0 0 0 0 0 0 0 0 0 0 0 0 0 0 0
 0 0 0 0 0 0 0 0 0 0 0 0 0 0 0 0 0 0 0 0 0 0 0 0 0 0
 0 0 0 0 0 0 0 0 0 0 0 0 0 0 0 0 0 0 0 0 0 0 0 0 0 0
 0 0 0 0 0 0 0 0 0 0 0 0 0 0 0 0 0 0 0 0 0 0 0 0 0 0
 0 0 0 0 0 0 0 0 0 0 0 0 0 0 0 0 0 0 0 0 0 0 0 0 0 0
 0.00862536 0 0 0.000197151 0.00414017 0.0128641 0.00837892 0.0270097 0.101434 0.158115 0.152841 0.127902 0.109271 0.109419 0.0830992 0.0579132 0.0238553 0.00714673 0.00463305 0.00128148 0.00103504 0.000492878 0.000147863 0.000147863 4.92878e-05 0
 0 0 0 0 0 0 0 0 0 0 0 0 0 0 0 0 0 0 0 0 0 0 0 0 0 0
 0 0 0 0 0 0 0 0.0054083 0.00873648 0.0413646 0.0450493 0.0745869 0.0622846 0.0627006 0.0613931 0.0827291 0.12552 0.122667 0.0946155 0.0697135 0.0546179 0.0294188 0.0215738 0.0213955 0.0102223 0.00600262
 0 0 0 0 0.00359764 0.0251062 0.0480494 0.140153 0.205849 0.193036 0.1447 0.116669 0.0760912 0.0342217 0.00950174 0.001854 0.000860785 0 0 0 0.000165536 0 0.000143464 0 0 0
 0 0 0 0 0 0 0 0.000145254 0.000435761 0.0275982 0.070085 0.0708112 0.156366 0.174668 0.174014 0.160142 0.0824315 0.0480064 0.0283245 0.00493863 0.00203355 0 0 0 0 0
 0 0 0 0 0 0 0 0 0 0 0 0 0 0 0 0 0 0 0 0 0 0 0 0 0 0
 0 0 1.00437e-05 0.000401748 0.00122533 0.00171747 0.00176769 0.0269171 0.070346 0.194647 0.189555 0.159765 0.064822 0.0314167 0.0384472 0.0292271 0.0345202 0.0313363 0.0194345 0.0106764 0.0143323 0.0359363 0.0279516 0.0138201 0.00172751 0
 0 0.0021121 0.0136068 0.0755702 0.200478 0.177729 0.0527432 0.0373336 0.0318909 0.0142505 0.0149659 0.0166563 0.0217959 0.0798694 0.0677717 0.0528807 0.04013 0.0224614 0.0357745 0.0225083 0.00881397 0.00855152 0.00135912 0.000746735 0 0
 0 0 0 0 5.4009e-05 0.00500934 0.000945158 0.0243581 0.138947 0.33067 0.221406 0.137944 0.0707744 0.0437923 0.0131692 0.00525238 0.0047753 0.00276346 9.45158e-05 9.00151e-06 2.25038e-05 9.00151e-06 4.50075e-06 0 0 0
 0.000866109 0.00284123 0.00948549 0.0512746 0.133035 0.25785 0.225252 0.132002 0.0553304 0.0519788 0.0540692 0.017754 0.00435017 0.00159236 0.00146478 0.000404838 0.000125132 0.000115318 0.000107957 0.000100596 0 0 0 0 0 0
 0 0 0 0 0.00144013 0.00171154 0.00461396 0.0210425 0.0478622 0.0707936 0.0888783 0.103762 0.0637923 0.0337046 0.0602308 0.124433 0.169614 0.0934646 0.0462172 0.0250306 0.0313229 0.00938855 0.002487 0.000210481 0 0
 0 0.00764035 0.051015 0.0998891 0.058973 0.0496711 0.0374665 0.0718981 0.12319 0.153886 0.159021 0.0857701 0.0377988 0.023471 0.0147837 0.00900784 0.00315554 0.000888139 0.00291439 0.00214683 0.00393193 0.00274676 0.000635225 9.99891e-05 0 0
 0 0 0 0 0 0 0 0 0 0 0 0 0 0 0 0 0 0 0 0 0 0 0 0 0 0
 0 0 0 0 0 0 0 0 0 0 0 0 0 0 0 0 0 0 0 0 0 0 0 0 0 0
 0 0 0 0 0 0 0 0 0 0 0 0 0 0 0 0 0 0 0 0 0 0 0 0 0 0
 0 0 0 0 0 0 0 0 0 0 0 0 0 0 0 0 0 0 0 0 0 0 0 0 0 0
 0 0 0 0 0 0 0 0 0 0 0 0 0 0 0 0 0 0 0 0 0 0 0 0 0 0
 0 0 0 0 0 0 0 0 0 0 0 0 0 0 0 0 0 0 0 0 0 0 0 0 0 0
 0 0 0 0 0 0 0 0 0 0 0 0 0 0 0 0 0 0 0 0 0 0 0 0 0 0
ppred_pel_tallas
 1.12503e-16 4.18685e-05 0.000406977 0.0027045 0.0122943 0.0382522 0.0815007 0.118955 0.118967 0.0815571 0.0384431 0.0128525 0.00413118 0.00360552 0.0063624 0.0110919 0.0174603 0.0250429 0.0333175 0.0418582 0.0502574 0.0577672 0.0630787 0.0646534 0.0615092 0.0538897
 1.22294e-16 3.92971e-05 0.000381982 0.0025384 0.0115392 0.035903 0.0764961 0.111654 0.111679 0.0766223 0.0363272 0.012766 0.00562352 0.00713678 0.0129299 0.0214866 0.0313843 0.0404598 0.0466196 0.0491161 0.0490659 0.0486494 0.0495766 0.0520018 0.0545811 0.0554221
 1.17477e-16 5.15776e-05 0.000501353 0.00333167 0.0151453 0.0471227 0.100401 0.146541 0.146559 0.100486 0.0474095 0.0159753 0.00542202 0.00508749 0.00882987 0.0146987 0.0216081 0.0281237 0.0328415 0.0351945 0.0357886 0.0359049 0.0365613 0.0378795 0.0391504 0.0393858
 1.06995e-16 6.38309e-05 0.000620459 0.00412317 0.0187433 0.0583176 0.124252 0.181353 0.181366 0.124319 0.0585425 0.0193936 0.00575758 0.00419568 0.0068758 0.0113254 0.0164526 0.0210058 0.0237671 0.0242134 0.0228297 0.0207526 0.0190271 0.0180586 0.0175881 0.0170553
 1.04598e-16 5.78217e-05 0.000562048 0.00373501 0.0169788 0.0528275 0.112555 0.164283 0.164305 0.112665 0.0531945 0.0180389 0.00639682 0.00637584 0.0111084 0.0182973 0.0264115 0.0333422 0.0369827 0.0363739 0.0322709 0.0266109 0.0213242 0.0174151 0.0148486 0.0130394
 1.03042e-16 6.57861e-05 0.000639464 0.00424946 0.0193175 0.0601038 0.128058 0.186907 0.186921 0.128125 0.0603288 0.0199677 0.00588375 0.00421401 0.00687472 0.0113141 0.016416 0.0209032 0.0235146 0.0236611 0.0217498 0.0188543 0.0160136 0.0137219 0.0119126 0.0102822
 1.04992e-16 4.50945e-05 0.000438334 0.00291289 0.0132416 0.0411997 0.0877815 0.128127 0.128162 0.0879525 0.0417737 0.0148998 0.00707631 0.00953084 0.0173245 0.0285989 0.0412633 0.0520392 0.0576111 0.0564512 0.0497145 0.0404164 0.0315849 0.024834 0.0201874 0.0168332
 1.10196e-16 4.26934e-05 0.000414995 0.00275779 0.0125365 0.0390059 0.0831072 0.121303 0.121329 0.0832339 0.0394319 0.0137697 0.00586378 0.00723041 0.0130892 0.0218406 0.0320872 0.0416683 0.0483736 0.0511401 0.0505649 0.0482461 0.0455385 0.0427839 0.0395025 0.0351384
 1.12376e-16 5.07085e-05 0.000492905 0.00327553 0.0148901 0.0463287 0.0987089 0.144073 0.144092 0.0988038 0.0466479 0.0158139 0.00560152 0.00559404 0.00980868 0.0163219 0.0239531 0.0310803 0.0360957 0.0383065 0.038314 0.0374713 0.0368655 0.0366532 0.0361746 0.0345827
 1.0687e-16 6.33185e-05 0.000615478 0.00409007 0.0185929 0.0578494 0.123255 0.179897 0.179911 0.123323 0.0580773 0.019252 0.00574707 0.0042413 0.00697509 0.0114999 0.016726 0.0213945 0.0242769 0.0248394 0.023556 0.0215472 0.0198351 0.0188035 0.0181874 0.0174454
 1.02306e-16 7.03413e-05 0.000683742 0.00454371 0.020655 0.0642656 0.136925 0.199848 0.199859 0.136978 0.0644441 0.0211708 0.00583874 0.00351243 0.00544741 0.00890743 0.0128563 0.0162361 0.0180214 0.017747 0.0157801 0.0130614 0.0105251 0.00865353 0.00742338 0.00654573
 1.0163e-16 6.47342e-05 0.000629239 0.00418152 0.0190086 0.0591429 0.126011 0.18392 0.183938 0.126097 0.0594323 0.0198446 0.00627998 0.00520962 0.00876202 0.0143784 0.0206956 0.0260021 0.028598 0.0276979 0.0238928 0.0187443 0.0138495 0.0101041 0.00758888 0.00592732
 1.02349e-16 6.06681e-05 0.000589715 0.00391887 0.0178146 0.055428 0.118096 0.172369 0.172389 0.118194 0.0557576 0.0187671 0.00631095 0.00581595 0.00999873 0.0164663 0.023789 0.030069 0.0334048 0.0329052 0.0291933 0.0239404 0.0188253 0.0147455 0.0117383 0.00941349
 1.03685e-16 5.71992e-05 0.000555996 0.00369479 0.016796 0.0522587 0.111344 0.162514 0.162536 0.111451 0.0526181 0.0178347 0.00630439 0.00626069 0.0109147 0.0180145 0.0260871 0.0331024 0.0370207 0.0368888 0.0333733 0.0282411 0.02323 0.0192119 0.0161405 0.0135511
 1.03278e-16 6.48319e-05 0.00063019 0.00418783 0.0190373 0.0592321 0.126201 0.184197 0.184211 0.126271 0.0594693 0.0197229 0.00591098 0.0043989 0.00724312 0.0119264 0.0173026 0.022029 0.0247778 0.0249326 0.0229295 0.0199069 0.0169619 0.0146089 0.0127625 0.0110839
 1.00582e-16 7.83023e-05 0.000761127 0.00505795 0.0229927 0.0715389 0.152421 0.222464 0.222468 0.15244 0.0716008 0.0231714 0.0055065 0.00174083 0.00194047 0.0030881 0.00445052 0.00561693 0.00622681 0.00611591 0.00540805 0.00442614 0.00349334 0.00278022 0.00228682 0.00192472
 1.01458e-16 3.57284e-05 0.000347293 0.00230789 0.0104913 0.0326427 0.0695507 0.101522 0.101574 0.069804 0.0334929 0.0129456 0.008464 0.0137716 0.025488 0.0419677 0.060188 0.0751306 0.0817047 0.0775632 0.0645297 0.0474325 0.0313147 0.0191647 0.011455 0.00711125
 1.01529e-16 7.56369e-05 0.000735218 0.00488578 0.0222101 0.0691037 0.147233 0.214892 0.214895 0.14725 0.0691615 0.0223775 0.00530904 0.00166866 0.0018761 0.00305378 0.0045585 0.00607792 0.00733577 0.00818333 0.00864526 0.00882926 0.00878624 0.0084574 0.00774897 0.00665063
 1.02071e-16 5.3734e-05 0.000522314 0.00347096 0.0157785 0.0490929 0.104599 0.152672 0.152702 0.104749 0.0495973 0.0172347 0.00712383 0.00848878 0.0151608 0.02492 0.0357568 0.0446833 0.0487 0.0464402 0.0390076 0.0292699 0.0201909 0.0134781 0.00932016 0.00698743
 1.04489e-16 5.42162e-05 0.000527001 0.00350211 0.0159201 0.0495334 0.105537 0.154039 0.154061 0.105643 0.0498906 0.0169534 0.00610137 0.00621965 0.0109194 0.0181058 0.0264003 0.0338683 0.0385452 0.0394764 0.0372043 0.0332504 0.0290555 0.0252581 0.0217461 0.0181885
 1.04089e-16 6.45194e-05 0.000627152 0.00416764 0.0189455 0.0589466 0.125592 0.183309 0.183323 0.12566 0.0591744 0.0196042 0.00582348 0.00425014 0.00696982 0.0114855 0.0166933 0.0213207 0.0241153 0.0245055 0.0229173 0.0204272 0.0180417 0.0161822 0.0146866 0.0131671
 1.02841e-16 6.47464e-05 0.000629358 0.00418231 0.0190122 0.059154 0.126034 0.183954 0.183971 0.126114 0.0594201 0.0197808 0.00611232 0.00484477 0.00807703 0.0132677 0.0191478 0.0241681 0.0267965 0.0263323 0.0233154 0.0191428 0.0152093 0.0122454 0.0102382 0.00878601
 1.06698e-16 3.03095e-05 0.000294619 0.00195785 0.00890014 0.0276919 0.0590023 0.0861256 0.0861737 0.0592373 0.0284811 0.0111804 0.00768421 0.0128041 0.0238141 0.0393892 0.0568965 0.0718784 0.0797928 0.0785256 0.0696092 0.0570981 0.0450572 0.0356455 0.0289091 0.0238206
 1.06459e-16 6.44852e-05 0.000626819 0.00416543 0.0189355 0.0589153 0.125526 0.18321 0.183218 0.125564 0.0590457 0.019314 0.0051233 0.00274321 0.00415846 0.00696799 0.0104886 0.014149 0.0173908 0.0199318 0.0218492 0.0233493 0.0244371 0.0248069 0.0240485 0.0219714
 1.0586e-16 5.57087e-05 0.000541508 0.00359851 0.0163583 0.050897 0.108442 0.15828 0.158304 0.108562 0.0512983 0.0175176 0.00650834 0.00689372 0.0121204 0.0199532 0.0287529 0.0362041 0.040004 0.0391361 0.034498 0.028304 0.0227434 0.0189265 0.016733 0.0153673
 1.08872e-16 4.04455e-05 0.000393145 0.00261259 0.0118765 0.0369523 0.078732 0.114919 0.114952 0.0788952 0.0375007 0.0134622 0.00659909 0.00911619 0.0166672 0.0276476 0.0401916 0.0513134 0.0579743 0.0587493 0.0546071 0.0481037 0.0416857 0.0364746 0.0322556 0.0282789
 1.06441e-16 6.39756e-05 0.000621865 0.00413251 0.0187858 0.0584497 0.124534 0.181763 0.181774 0.124586 0.0586259 0.0192962 0.0054188 0.00344709 0.00548062 0.00909382 0.0134113 0.017538 0.020601 0.0222018 0.0226072 0.0224549 0.0222263 0.0219327 0.0212221 0.0197323
 1.04534e-16 6.05757e-05 0.000588817 0.0039129 0.0177875 0.0553436 0.117916 0.172106 0.172126 0.118013 0.0556692 0.0187283 0.00627477 0.00574623 0.00985999 0.0162178 0.0233904 0.0294942 0.0326611 0.0320553 0.028378 0.0233879 0.0188279 0.0155888 0.0135987 0.0122669
 1.08422e-16 3.2811e-05 0.000318934 0.00211943 0.00963466 0.0299772 0.0638712 0.0932309 0.0932737 0.0640805 0.0306802 0.0116664 0.00722405 0.011478 0.0212717 0.0352346 0.0510345 0.0647658 0.0724483 0.0722256 0.0654144 0.0554878 0.0458633 0.0382558 0.032565 0.0278452
 1.16386e-16 3.89746e-05 0.000378847 0.00251757 0.0114445 0.0356083 0.075868 0.110736 0.110757 0.0759691 0.0359487 0.0124321 0.00501304 0.00588137 0.010651 0.0179714 0.0268828 0.0359091 0.0435336 0.0490283 0.0527272 0.0554278 0.0574605 0.0582802 0.0568903 0.0526448
 1.06271e-16 7.04726e-05 0.000685018 0.00455219 0.0206936 0.0643855 0.13718 0.20022 0.200227 0.137213 0.0644951 0.0210108 0.00535074 0.00243637 0.00342111 0.00561056 0.00823688 0.0107131 0.0125074 0.0134187 0.0136981 0.0138466 0.0142407 0.014883 0.0154368 0.0154673
pSPR Fmed_Fpbrs
0.633604   0.220037 0.220037
Fs Fmed_Fpbrs
0.252838   1.005 1.005
SSBpbr Bo_Bmed_Bpbrs
1.87593e+06  1.0948e+06  318978 318978
Ro
172410
SPR SPRFo_SPRFmed_SPRFpbrs
1.23237e+06 780837 271168
Fref
1.005
Nvult_r0
 204566 17393.5 7703.28 8505.42 3037.53
CTP_r0
 27738.3 2919.66 1309.46 1446.78 516.706
YTP_r0
391296
Np
 238156 93839.9 7478.41 3297.5 4730.92
Nvult_p0
 197554 81000 6470.51 2853.44 4093.85
CTP_p0
 85886 40276.7 3241.95 1430.25 2052.03
YTP_p0
 1.48288e+06
CBA_c0
718771
log_Ro
11.8776
likeval ReclasPelacesDesembMPH_pf_preclas_ppelaces_ptallas_desvR_qrecl_qpela
 13.1764 17.6825 0.0519493 0.00271806 240.874 118.543 98.4754 0 24.7629 5.18658e-07 0 0.265342 0 0 0
q_reclas_q_pelaces
0.902982 1
M
1
N
 192700 44228.9 138696 8543.05 0.279377
 108629 63678.3 14174 44354.1 2731.8
 109450 32846.8 18205 4036.62 13406.9
 169217 33241.1 9443.89 5214.49 4995.33
 135966 46024.3 8293.1 2342.15 2531.28
 242129 45065.2 14806.3 2662.48 1564.43
 98656.9 72760.1 12781.1 4182.6 1193.79
 44139.6 23096 14968.4 2606.1 1095.74
 43377.2 15083.7 7727.84 5001.12 1236.73
 58805.2 11991.8 3842.83 1957.78 1579.83
 110639 14909.6 2733.46 869.567 800.18
 146954 37357.8 4912.42 899.104 549.172
 122170 37438.1 8568.11 1118.57 329.647
 85329.4 31915.3 8868.22 2015.98 340.626
 84738.9 17669.8 5607.53 1540.65 409.159
 474311 20988.2 3908.38 1230.72 427.759
 98102.8 127690 5167.62 956.419 405.712
 726724 29633.7 36457.2 1469.73 387.323
 417771 218888 8429.52 10329.9 526.068
 319879 115836 55977.6 2143.79 2760.05
 475520 91190.4 30700.3 14761.7 1292.83
 634571 143897 26096.4 8752 4575.86
 130028 182274 38509.7 6950.01 3548.55
 390929 41370.9 55635.7 11720.9 3194.87
 326733 126469 12901 17305.5 4638.92
 146562 105609 39393.5 4008.28 6817.1
 332480 48554 33954.4 12639.4 3472.91
 375341 107717 15169.3 10581.6 5020.58
 109069 124344 34631.7 4866.99 5005.33
 78498.4 36234.3 40122.1 11152.2 3178.77
 298406 24871.9 11000.8 12145.4 4337.47
pred_Ctot
 12501.6 3643.9 11591.4 714.523 0.0233674
 12423.5 9157.1 2066.23 6470.44 398.534
 12258 4627.82 2600.2 576.964 1916.35
 28575.2 6978.66 2008.32 1109.66 1063.06
 8585.08 3691.71 674.807 190.725 206.135
 28498.4 6664.8 2219.69 399.433 234.709
 23521.4 21243.1 3776.05 1236.49 352.928
 1995.51 1331.11 875.344 152.521 64.1303
 6974.46 3020.28 1567.6 1015.18 251.053
 11906.9 2997.02 972.371 495.712 400.027
 5786.15 992.66 184.643 58.7837 54.0952
 29427.2 9238.02 1229.94 225.26 137.593
 23017.4 8732.61 2023.86 264.393 77.9201
 24691.9 11179.5 3141.03 714.458 120.721
 18071.4 4640.25 1490.7 409.83 108.844
 82480.9 4532.64 854.925 269.393 93.6355
 11273.5 18448.1 756.84 140.176 59.465
 84635.3 4337.6 5409.46 218.233 57.5141
 66555.4 43440.2 1694.8 2078.3 105.846
 46465.6 21022.9 10294.2 394.518 507.946
 54185.7 13066.8 4459.48 2145.82 187.937
 89716.8 25439 4675.01 1568.97 820.345
 11239.1 19922.1 4268.43 770.915 393.631
 30118.8 4038 5507.64 1161.18 316.525
 25334.9 12422.2 1285.22 1725.29 462.501
 9294.48 8507.64 3219.24 327.806 557.54
 25340.5 4688.97 3325.79 1238.94 340.436
 23804.9 8678.16 1239.74 865.458 410.644
 6739.72 9763.6 2758.6 387.977 399.02
 6967.94 4065.17 4564.72 1269.74 361.933
 27738.3 2919.66 1309.46 1446.78 516.706
F
 0.107291 0.137969 0.140077 0.14019 0.140196
 0.196083 0.252149 0.256002 0.256208 0.256219
 0.191679 0.246487 0.250253 0.250454 0.250465
 0.302009 0.388364 0.394298 0.394615 0.394632
 0.104294 0.134116 0.136165 0.136275 0.13628
 0.202302 0.260147 0.264122 0.264334 0.264345
 0.45199 0.581229 0.59011 0.590584 0.590609
 0.0737428 0.0948284 0.0962773 0.0963548 0.0963588
 0.285711 0.367405 0.373018 0.373319 0.373334
 0.372224 0.478655 0.485969 0.48636 0.48638
 0.0857276 0.11024 0.111924 0.112014 0.112019
 0.367432 0.472494 0.479713 0.480099 0.480119
 0.34233 0.440214 0.44694 0.447299 0.447318
 0.574662 0.738977 0.750268 0.750872 0.750903
 0.395615 0.508734 0.516507 0.516923 0.516945
 0.312261 0.401547 0.407682 0.40801 0.408028
 0.197105 0.253463 0.257336 0.257543 0.257554
 0.199988 0.257172 0.261101 0.261311 0.261322
 0.282758 0.363607 0.369163 0.36946 0.369476
 0.254993 0.327904 0.332914 0.333182 0.333196
 0.195308 0.251153 0.254991 0.255196 0.255207
 0.24744 0.318191 0.323053 0.323313 0.323327
 0.145174 0.186684 0.189537 0.189689 0.189697
 0.128526 0.165275 0.167801 0.167936 0.167943
 0.129399 0.166399 0.168941 0.169077 0.169084
 0.10477 0.134727 0.136786 0.136896 0.136902
 0.12707 0.163403 0.1659 0.166033 0.16604
 0.104779 0.134739 0.136798 0.136908 0.136913
 0.101971 0.131128 0.133131 0.133238 0.133244
 0.149339 0.19204 0.194974 0.195131 0.195139
 0.156866 0.201719 0.204801 0.204966 0.204975
nmprior
 8.19 8.8 8.5 0
nm_flota  nm_reclas  nm_pelaces    nm_pelaL
inf 12.6005 18.0136 42.8827
cv_recla  cv_pelaces  cv_mph
0.32834 0.476809 1.60892
 ------------------------------------------------
Talla a la edad & desviaci?n 
 8 13.2811 15.8009 17.003 17.5766
 0.8 1.32811 1.58009 1.7003 1.75766
