years
 1991 1992 1993 1994 1995 1996 1997 1998 1999 2000 2001 2002 2003 2004 2005 2006 2007 2008 2009 2010 2011 2012 2013 2014 2015 2016 2017 2018 2019 2020 2021
reclasobs
 0 0 0 0 0 0 0 0 0 252601 567819 844713 477998 351125 339783 2.1784e+06 2.13404e+06 4.81314e+06 1.55562e+06 2.62356e+06 3.21686e+06 3.843e+06 1.13348e+06 3.07943e+06 1.97215e+06 2.03268e+06 2.025e+06 2.42433e+06 2.27542e+06 1.05018e+06 2.36338e+06
reclaspred
 2.82457e+06 1.51676e+06 744937 489359 341871 1.24569e+06 575634 397711 295993 225956 407735 607890 594586 418107 382873 1.56426e+06 1.30784e+06 3.50182e+06 2.85189e+06 1.9568e+06 3.55936e+06 2.92256e+06 2.06647e+06 3.32203e+06 2.36733e+06 1.96102e+06 2.57399e+06 3.04665e+06 2.37452e+06 1.26274e+06 1.8215e+06
pelacesobs
 0 0 0 0 0 0 0 0 0 0 0 0 0 0 0 552880 188675 0 991730 2.46772e+06 1.41603e+06 1.21717e+06 2.29649e+06 1.80582e+06 0 1.4828e+06 1.56532e+06 1.57751e+06 1.42118e+06 867257 1.10002e+06
pelacespred
 908538 521870 245912 122952 97413.7 397902 139224 142257 86456.2 62335.4 133383 165975 181138 126887 119866 441949 372172 1.18779e+06 969774 612360 1.11931e+06 954498 683642 1.2292e+06 831350 689757 1.04282e+06 1.21046e+06 778627 472470 659401
mphobs
 0 0 0 0 0 0 0 0 0 0 0 498337 0 5186 125008 0 168611 109162 213762 579715 649985 157893 87575 83554 0 0 0 0 0 0 0
mphpred
 1.80302e+06 1.13138e+06 533078 273876 159162 145948 464709 183565 138191 82384.7 63142.9 195665 224068 176280 97317 120496 735605 580168 1.44209e+06 1.03977e+06 1.01864e+06 1.33139e+06 1.27054e+06 923818 1.36161e+06 1.05753e+06 811099 979997 1.54785e+06 957240 484819
desembarqueobs
 494567 514787 250237 358949 120608 361735 552515 73892 212993 205616 52469 317467 293654 387597 252695 516296 358380 742168 942051 627588 828172 859565 418607 520667 417249 300574 407403 355545 319650 289779 391294
desembarquepred
 494542 514624 249919 358955 120600 361638 552185 73889.5 212949 205569 52468.3 317417 293584 387355 252586 516103 358353 741903 941406 627164 828068 859292 418538 520623 417175 300515 407331 355475 319588 289719 391236
Reclutas
 134211 96763.6 83304.2 65223.2 48475.7 237936 54391.4 18272.2 29592.2 48209.5 78500.1 123520 98731.2 68959.6 58689.2 425241 54222.2 653356 352682 247326 405641 528664 75051.2 304622 230528 95901.9 265675 316696 64301.7 41258.3 209109
log_desv_Rt
 0.110547 -0.216594 -0.366366 -0.611049 -0.907802 0.683136 -0.792659 -1.88348 -1.40135 -0.913308 -0.425765 0.0275347 -0.196463 -0.555343 -0.716609 1.26379 -0.795774 1.69326 1.0767 0.721842 1.2166 1.48149 -0.470695 0.930207 0.651509 -0.225539 0.79341 0.969077 -0.625279 -1.06901 0.553989
SSB
 1.80302e+06 1.13138e+06 533078 273876 159162 145948 464709 183565 138191 82384.7 63142.9 195665 224068 176280 97317 120496 735605 580168 1.44209e+06 1.03977e+06 1.01864e+06 1.33139e+06 1.27054e+06 923818 1.36161e+06 1.05753e+06 811099 979997 1.54785e+06 957240 484819
BT
 2.52137e+06 1.7095e+06 806773 580088 324302 1.23328e+06 801857 395037 406150 337448 351681 644586 681978 692498 529274 1.43174e+06 1.1389e+06 3.40219e+06 3.13521e+06 1.98505e+06 3.25614e+06 3.00234e+06 1.94163e+06 3.32415e+06 2.31081e+06 1.86122e+06 2.82629e+06 3.15045e+06 2.06233e+06 1.38291e+06 1.90015e+06
Ftot
 0.243192 0.462906 0.465587 1.02445 0.532782 0.537193 1.23018 0.278481 1.10378 1.40758 0.240198 0.838785 0.776744 1.41017 1.11909 0.63038 0.38598 0.383075 0.502988 0.486398 0.376878 0.465746 0.283768 0.265987 0.264212 0.224992 0.268532 0.201733 0.183869 0.31345 0.3731
BD_Bspro_t
 0.96208 0.746277 0.524816 0.396648 0.266419 0.305386 0.477523 0.232444 0.240288 0.190115 0.19222 0.500818 0.400292 0.30531 0.190971 0.231289 0.52423 0.453793 0.609661 0.499764 0.451296 0.515043 0.533875 0.496234 0.621632 0.619116 0.613329 0.681845 0.756384 0.660005 0.538545
BD_Bspro
 2.09915 1.31719 0.62063 0.318857 0.185302 0.169919 0.541032 0.213714 0.160888 0.0959155 0.0735135 0.227801 0.260868 0.205232 0.1133 0.140286 0.856421 0.675454 1.67893 1.21054 1.18594 1.55005 1.47922 1.07555 1.58524 1.23122 0.944314 1.14095 1.80207 1.11446 0.564445
BD_Bo
 1.14636 0.719325 0.338929 0.174129 0.101195 0.0927936 0.295461 0.11671 0.0878615 0.0523799 0.0401461 0.124403 0.142462 0.112078 0.0618739 0.0766111 0.467696 0.368869 0.916874 0.661082 0.647649 0.846492 0.807808 0.587361 0.865706 0.672376 0.515695 0.623079 0.984117 0.608611 0.308247
BD_Brms
 5.59926 3.51347 1.65547 0.850517 0.494274 0.453241 1.44315 0.570059 0.42915 0.255844 0.196089 0.607634 0.695839 0.547434 0.302217 0.374199 2.28441 1.8017 4.47838 3.22899 3.16338 4.1346 3.94565 2.8689 4.22845 3.28415 2.51886 3.04337 4.80682 2.9727 1.5056
Sel_flota
 0.625088 0.969399 0.998341 0.999913 0.999995
 0.625088 0.969399 0.998341 0.999913 0.999995
 0.625088 0.969399 0.998341 0.999913 0.999995
 0.625088 0.969399 0.998341 0.999913 0.999995
 0.625088 0.969399 0.998341 0.999913 0.999995
 0.625088 0.969399 0.998341 0.999913 0.999995
 0.625088 0.969399 0.998341 0.999913 0.999995
 0.625088 0.969399 0.998341 0.999913 0.999995
 0.625088 0.969399 0.998341 0.999913 0.999995
 0.625088 0.969399 0.998341 0.999913 0.999995
 0.625088 0.969399 0.998341 0.999913 0.999995
 0.625088 0.969399 0.998341 0.999913 0.999995
 0.625088 0.969399 0.998341 0.999913 0.999995
 0.625088 0.969399 0.998341 0.999913 0.999995
 0.625088 0.969399 0.998341 0.999913 0.999995
 0.625088 0.969399 0.998341 0.999913 0.999995
 0.625088 0.969399 0.998341 0.999913 0.999995
 0.625088 0.969399 0.998341 0.999913 0.999995
 0.625088 0.969399 0.998341 0.999913 0.999995
 0.625088 0.969399 0.998341 0.999913 0.999995
 0.625088 0.969399 0.998341 0.999913 0.999995
 0.625088 0.969399 0.998341 0.999913 0.999995
 0.625088 0.969399 0.998341 0.999913 0.999995
 0.625088 0.969399 0.998341 0.999913 0.999995
 0.625088 0.969399 0.998341 0.999913 0.999995
 0.625088 0.969399 0.998341 0.999913 0.999995
 0.625088 0.969399 0.998341 0.999913 0.999995
 0.625088 0.969399 0.998341 0.999913 0.999995
 0.625088 0.969399 0.998341 0.999913 0.999995
 0.625088 0.969399 0.998341 0.999913 0.999995
 0.625088 0.969399 0.998341 0.999913 0.999995
Sel_reclas
 1 1 1 1 1
 1 1 1 1 1
 1 1 1 1 1
 1 1 1 1 1
 1 1 1 1 1
 1 1 1 1 1
 1 1 1 1 1
 1 1 1 1 1
 1 1 1 1 1
 1 1 1 1 1
 1 1 1 1 1
 1 1 1 1 1
 1 1 1 1 1
 1 1 1 1 1
 1 1 1 1 1
 1 1 1 1 1
 1 1 1 1 1
 1 1 1 1 1
 1 1 1 1 1
 1 1 1 1 1
 1 1 1 1 1
 1 1 1 1 1
 1 1 1 1 1
 1 1 1 1 1
 1 1 1 1 1
 1 1 1 1 1
 1 1 1 1 1
 1 1 1 1 1
 1 1 1 1 1
 1 1 1 1 1
 1 1 1 1 1
Sel_pelaces
 1 1 1 1 1
 1 1 1 1 1
 1 1 1 1 1
 1 1 1 1 1
 1 1 1 1 1
 1 1 1 1 1
 1 1 1 1 1
 1 1 1 1 1
 1 1 1 1 1
 1 1 1 1 1
 1 1 1 1 1
 1 1 1 1 1
 1 1 1 1 1
 1 1 1 1 1
 1 1 1 1 1
 1 1 1 1 1
 1 1 1 1 1
 1 1 1 1 1
 1 1 1 1 1
 1 1 1 1 1
 1 1 1 1 1
 1 1 1 1 1
 1 1 1 1 1
 1 1 1 1 1
 1 1 1 1 1
 1 1 1 1 1
 1 1 1 1 1
 1 1 1 1 1
 1 1 1 1 1
 1 1 1 1 1
 1 1 1 1 1
pf_obs 
 0.8446 0.082 0.0669 0.0065 0
 0.8095 0.147 0.0364 0.0071 0
 0.9664 0.0169 0.016 0.0007 0
 0.9276 0.0648 0.0075 0.0001 0
 0.7033 0.2144 0.0806 0.0017 0
 0.9318 0.0425 0.0243 0.0014 0
 0.5671 0.3108 0.0964 0.0239 0.0018
 0.0768 0.2599 0.5324 0.112 0.0189
 0.490249 0.384438 0.106611 0.0170017 0.00170017
 0.7925 0.1577 0.0466 0.003 0.0002
 0.840416 0.127587 0.0312969 0.00059994 9.999e-05
 0.8084 0.0986 0.0794 0.0134 0.0002
 0.7335 0.1905 0.0724 0.0035 0.0001
 0.4001 0.4547 0.1325 0.0127 0
 0.49795 0.308269 0.164784 0.0264974 0.00249975
 0.9179 0.0499 0.0305 0.0017 0
 0.2467 0.6533 0.0926 0.0074 0
 0.9418 0.0223 0.034 0.0019 0
 0.707729 0.231977 0.0356964 0.0245975 0
 0.517169 0.277429 0.184464 0.0207286 0.00020938
 0.811772 0.124168 0.05621 0.00726502 0.000585176
 0.764997 0.148141 0.077277 0.00933861 0.000247198
 0.163321 0.427699 0.378323 0.0303852 0.000271297
 0.753843 0.0900009 0.118128 0.0371064 0.000921714
 0.721811 0.176058 0.0630433 0.0369309 0.00215725
 0.143369 0.312575 0.442814 0.0836902 0.0175525
 0.692698 0.0596174 0.167031 0.0765114 0.00414204
 0.394062 0.376323 0.152708 0.0712218 0.00568511
 0.125707 0.32114 0.495352 0.0537591 0.00404204
 0.23352 0.215282 0.420074 0.123614 0.00750983
 0.774587 0.0839891 0.0768558 0.0609784 0.00358967
pf_pred 
 0.418423 0.191835 0.354843 0.0348983 9.45596e-07
 0.457697 0.292382 0.0842429 0.150866 0.0148122
 0.558159 0.260201 0.0996296 0.0276799 0.0543307
 0.587018 0.281964 0.0783463 0.0289169 0.0237546
 0.660303 0.248942 0.0629119 0.0166673 0.0111759
 0.908357 0.0704754 0.0156701 0.00381337 0.00168421
 0.379983 0.585708 0.0266179 0.00569685 0.00199447
 0.420945 0.31885 0.246505 0.010636 0.00306459
 0.677226 0.17536 0.0823879 0.0616088 0.00341799
 0.843915 0.126008 0.0167193 0.0074742 0.00588339
 0.867357 0.121937 0.00873636 0.00109629 0.000873165
 0.764836 0.214648 0.0189097 0.00131151 0.000295129
 0.69111 0.264446 0.0407199 0.00343311 0.000290994
 0.65262 0.278775 0.0590923 0.00871674 0.000795359
 0.767317 0.186084 0.0378081 0.00757561 0.00121573
 0.960076 0.0345893 0.00430886 0.000833018 0.000193176
 0.254346 0.728246 0.0151612 0.0018154 0.000431426
 0.910401 0.0321487 0.0561545 0.00112896 0.000166991
 0.548373 0.426593 0.00918454 0.0154921 0.000356859
 0.546909 0.304463 0.140684 0.00291842 0.00502603
 0.733685 0.178906 0.0594424 0.0264747 0.00149197
 0.716249 0.232744 0.0346616 0.0111228 0.00522329
 0.218783 0.631947 0.123241 0.0176987 0.00832998
 0.732683 0.083134 0.149928 0.0282905 0.00596425
 0.570416 0.351095 0.0249674 0.0435812 0.00993959
 0.376527 0.424272 0.1638 0.0112747 0.0241262
 0.740169 0.12761 0.0908973 0.0339907 0.00733314
 0.676342 0.266081 0.0287554 0.0198246 0.00899673
 0.241288 0.58248 0.145705 0.0152588 0.0152676
 0.30583 0.232202 0.357237 0.0866152 0.0181154
 0.827173 0.0727584 0.0342345 0.05093 0.0149039
pobs_RECLAS
 0 0 0 0 0
 0 0 0 0 0
 0 0 0 0 0
 0 0 0 0 0
 0 0 0 0 0
 0 0 0 0 0
 0 0 0 0 0
 0 0 0 0 0
 0 0 0 0 0
 0 0 0 0 0
 0.991045 0.00858322 0.000360255 1.14367e-05 0
 0.934742 0.0480273 0.0164251 0.00080598 0
 0.827803 0.169806 0.00239088 0 0
 0.941827 0.0461693 0.0120037 0 0
 0.791401 0.0380133 0.147996 0.0225897 0
 0.846168 0.0940531 0.0597789 0 0
 0.134021 0.677848 0.182769 0.00536245 0
 0.80878 0.0450904 0.141981 0.00414843 0
 0.846168 0.0940531 0.0597789 0 0
 0.905697 0.0802665 0.012482 0.00150086 5.37128e-05
 0.989698 0.0102097 9.19794e-05 0 0
 0.975433 0.0193895 0.00387452 0.00125025 5.28907e-05
 0.303575 0.632131 0.0575291 0.00676475 0
 0.966965 0.00978017 0.0227588 0.000495775 0
 0.843318 0.132988 0.00938335 0.0141283 0.000182051
 0.564624 0.303363 0.111486 0.0197234 0.00080311
 0.826376 0.0876187 0.0782897 0.00655872 0.00115652
 0.89761 0.0855135 0.0140674 0.00269457 0.000114338
 0.34875 0.467042 0.161289 0.0227151 0.000203297
 0.318654 0.224769 0.449479 0.00709798 0
 0.937255 0.0296025 0.0250945 0.00804832 0
ppred_RECLAS
 0.53441 0.156708 0.281265 0.0276174 7.48252e-07
 0.5748 0.232632 0.064982 0.11618 0.0114057
 0.668893 0.197529 0.0733242 0.0203378 0.0399158
 0.700988 0.206392 0.0554266 0.0204201 0.016773
 0.756375 0.180044 0.0440978 0.0116633 0.00781988
 0.940535 0.0460623 0.00992603 0.00241148 0.00106496
 0.504202 0.469279 0.0205829 0.00439684 0.00153918
 0.535673 0.259156 0.194385 0.00837357 0.00241251
 0.777669 0.122741 0.0557049 0.0415783 0.0023065
 0.90145 0.080132 0.0102478 0.0045721 0.0035986
 0.91109 0.0819318 0.00569598 0.000713613 0.000568326
 0.840158 0.146312 0.0124722 0.0008635 0.000194295
 0.783016 0.186628 0.0278165 0.00234114 0.000198419
 0.760721 0.193416 0.039515 0.00581735 0.000530748
 0.845053 0.124777 0.024487 0.00489733 0.000785846
 0.974649 0.0220569 0.00266172 0.000513707 0.000119118
 0.34933 0.635931 0.0128395 0.00153488 0.000364729
 0.942179 0.0211564 0.0358386 0.00071934 0.000106392
 0.657962 0.323648 0.00675428 0.0113739 0.000261973
 0.658331 0.231926 0.103886 0.00215148 0.0037049
 0.813965 0.126246 0.0406807 0.0180889 0.00101931
 0.800286 0.164732 0.0237841 0.00761956 0.00357786
 0.306087 0.564571 0.106819 0.0153155 0.00720768
 0.814121 0.0590294 0.103289 0.0194585 0.00410193
 0.676327 0.266034 0.0183556 0.0319885 0.00729501
 0.48788 0.351858 0.13182 0.00905888 0.019383
 0.819103 0.0902326 0.0623603 0.0232817 0.00502237
 0.766343 0.193133 0.0202552 0.013942 0.00632659
 0.333146 0.515523 0.125153 0.0130856 0.013092
 0.413483 0.200227 0.298827 0.0723354 0.0151275
 0.884551 0.0494971 0.0225873 0.0335478 0.00981644
pobs_PELACES
 0 0 0 0 0
 0 0 0 0 0
 0 0 0 0 0
 0 0 0 0 0
 0 0 0 0 0
 0 0 0 0 0
 0 0 0 0 0
 0 0 0 0 0
 0 0 0 0 0
 0 0 0 0 0
 0 0 0 0 0
 0 0 0 0 0
 0 0 0 0 0
 0 0 0 0 0
 0 0 0 0 0
 0 0 0 0 0
 0.505614 0.472636 0.0217494 0 0
 0 0 0 0 0
 0.443492 0.261883 0.143347 0.151278 0
 0.227955 0.32914 0.350689 0.0885471 0.00366901
 0.970185 0.0296113 0.000203453 0 0
 0.997202 0.00247181 0.000326279 0 0
 0.445219 0.490057 0.0546422 0.010081 0
 0.90214 0.0892962 0.00764917 0.000914606 0
 0 0 0 0 0
 0.581667 0.319106 0.0959925 0.00289975 0.000334073
 0.762889 0.0836404 0.116647 0.0363945 0.000428098
 0.88444 0.0763242 0.0277011 0.0115352 0
 0.521256 0.241999 0.230069 0.00667565 0
 0.616807 0.101726 0.260614 0.0208532 0
 0.833518 0.0704572 0.0857862 0.0102388 0
ppred_PELACES
 0.541662 0.154505 0.276669 0.0271627 7.35928e-07
 0.588104 0.225821 0.0628012 0.112254 0.0110201
 0.680902 0.190715 0.0704805 0.0195443 0.0383581
 0.725418 0.190116 0.0505585 0.0186168 0.0152913
 0.767597 0.171982 0.0419095 0.0110815 0.00742967
 0.943921 0.0434908 0.00932395 0.00226457 0.00100007
 0.539224 0.436406 0.0189175 0.00403851 0.0014137
 0.543826 0.254906 0.190689 0.00821318 0.00236628
 0.799372 0.111295 0.0499807 0.0372844 0.00206823
 0.914973 0.0693131 0.0087458 0.00389915 0.00306881
 0.913291 0.0799185 0.00554328 0.000694396 0.000553018
 0.852631 0.134987 0.0114149 0.000789958 0.000177744
 0.797804 0.17409 0.0257559 0.00216684 0.000183643
 0.78909 0.170926 0.0344531 0.00506843 0.000462403
 0.861232 0.111982 0.0217424 0.0043459 0.00069734
 0.976378 0.0205687 0.00246724 0.000476016 0.000110376
 0.359382 0.626159 0.0125957 0.00150543 0.000357728
 0.944627 0.020308 0.0342757 0.000687832 0.000101731
 0.670764 0.311617 0.00647205 0.0108958 0.000250957
 0.670981 0.223673 0.0997252 0.00206479 0.00355556
 0.820536 0.12193 0.0391489 0.0174043 0.000980722
 0.808732 0.157891 0.0226951 0.00726893 0.00341317
 0.313087 0.559161 0.105509 0.0151254 0.00711818
 0.818911 0.0576091 0.100548 0.0189395 0.00399249
 0.682964 0.2607 0.0179423 0.0312638 0.00712969
 0.494439 0.347588 0.12994 0.00892869 0.0191043
 0.82377 0.0880198 0.0606752 0.0226494 0.00488594
 0.770483 0.189776 0.0198648 0.0136719 0.00620397
 0.337894 0.512059 0.124094 0.0129736 0.0129799
 0.422633 0.197497 0.293871 0.0711244 0.0148741
 0.889019 0.0476823 0.0216818 0.0321965 0.00942095
pobs_pel_tallas
 0 0 0 0 0 0 0 0 0 0 0 0 0 0 0 0 0 0 0 0 0 0 0 0 0 0
 0 0 0 0 0 0 0 0 0 0 0 0 0 0 0 0 0 0 0 0 0 0 0 0 0 0
 0 0 0 0 0 0 0 0 0 0 0 0 0 0 0 0 0 0 0 0 0 0 0 0 0 0
 0 0 0 0 0 0 0 0 0 0 0 0 0 0 0 0 0 0 0 0 0 0 0 0 0 0
 0 0 0 0 0 0 0 0 0 0 0 0 0 0 0 0 0 0 0 0 0 0 0 0 0 0
 0 0 0 0 0 0 0 0 0 0 0 0 0 0 0 0 0 0 0 0 0 0 0 0 0 0
 0 0 0 0 0 0 0 0 0 0 0 0 0 0 0 0 0 0 0 0 0 0 0 0 0 0
 0 0 0 0 0 0 0 0 0 0 0 0 0 0 0 0 0 0 0 0 0 0 0 0 0 0
 0 0 0 0 0 0 0 0 0 0 0 0 0 0 0 0 0 0 0 0 0 0 0 0 0 0
 0 0 0 0 0 0 0 0 0 0 0 0 0 0 0 0 0 0 0 0 0 0 0 0 0 0
 0 0 0 0 0 0 0 0 0 0 0 0 0 0 0 0 0 0 0 0 0 0 0 0 0 0
 0 0 0 0 0 0 0 0 0 0 0 0 0 0 0 0 0 0 0 0 0 0 0 0 0 0
 0.00862536 0 0 0.000197151 0.00414017 0.0128641 0.00837892 0.0270097 0.101434 0.158115 0.152841 0.127902 0.109271 0.109419 0.0830992 0.0579132 0.0238553 0.00714673 0.00463305 0.00128148 0.00103504 0.000492878 0.000147863 0.000147863 4.92878e-05 0
 0 0 0 0 0 0 0 0 0 0 0 0 0 0 0 0 0 0 0 0 0 0 0 0 0 0
 0 0 0 0 0 0 0 0.0054083 0.00873648 0.0413646 0.0450493 0.0745869 0.0622846 0.0627006 0.0613931 0.0827291 0.12552 0.122667 0.0946155 0.0697135 0.0546179 0.0294188 0.0215738 0.0213955 0.0102223 0.00600262
 0 0 0 0 0.00359764 0.0251062 0.0480494 0.140153 0.205849 0.193036 0.1447 0.116669 0.0760912 0.0342217 0.00950174 0.001854 0.000860785 0 0 0 0.000165536 0 0.000143464 0 0 0
 0 0 0 0 0 0 0 0.000145254 0.000435761 0.0275982 0.070085 0.0708112 0.156366 0.174668 0.174014 0.160142 0.0824315 0.0480064 0.0283245 0.00493863 0.00203355 0 0 0 0 0
 0 0 0 0 0 0 0 0 0 0 0 0 0 0 0 0 0 0 0 0 0 0 0 0 0 0
 0 0 1.00437e-05 0.000401748 0.00122533 0.00171747 0.00176769 0.0269171 0.070346 0.194647 0.189555 0.159765 0.064822 0.0314167 0.0384472 0.0292271 0.0345202 0.0313363 0.0194345 0.0106764 0.0143323 0.0359363 0.0279516 0.0138201 0.00172751 0
 0 0.0021121 0.0136068 0.0755702 0.200478 0.177729 0.0527432 0.0373336 0.0318909 0.0142505 0.0149659 0.0166563 0.0217959 0.0798694 0.0677717 0.0528807 0.04013 0.0224614 0.0357745 0.0225083 0.00881397 0.00855152 0.00135912 0.000746735 0 0
 0 0 0 0 5.4009e-05 0.00500934 0.000945158 0.0243581 0.138947 0.33067 0.221406 0.137944 0.0707744 0.0437923 0.0131692 0.00525238 0.0047753 0.00276346 9.45158e-05 9.00151e-06 2.25038e-05 9.00151e-06 4.50075e-06 0 0 0
 0.000866109 0.00284123 0.00948549 0.0512746 0.133035 0.25785 0.225252 0.132002 0.0553304 0.0519788 0.0540692 0.017754 0.00435017 0.00159236 0.00146478 0.000404838 0.000125132 0.000115318 0.000107957 0.000100596 0 0 0 0 0 0
 0 0 0 0 0.00144013 0.00171154 0.00461396 0.0210425 0.0478622 0.0707936 0.0888783 0.103762 0.0637923 0.0337046 0.0602308 0.124433 0.169614 0.0934646 0.0462172 0.0250306 0.0313229 0.00938855 0.002487 0.000210481 0 0
 0 0.00764035 0.051015 0.0998891 0.058973 0.0496711 0.0374665 0.0718981 0.12319 0.153886 0.159021 0.0857701 0.0377988 0.023471 0.0147837 0.00900784 0.00315554 0.000888139 0.00291439 0.00214683 0.00393193 0.00274676 0.000635225 9.99891e-05 0 0
 0 0 0 0 0 0 0 0 0 0 0 0 0 0 0 0 0 0 0 0 0 0 0 0 0 0
 0 0 0 0 0 0 0 0 0 0 0 0 0 0 0 0 0 0 0 0 0 0 0 0 0 0
 0 0 0 0 0 0 0 0 0 0 0 0 0 0 0 0 0 0 0 0 0 0 0 0 0 0
 0 0 0 0 0 0 0 0 0 0 0 0 0 0 0 0 0 0 0 0 0 0 0 0 0 0
 0 0 0 0 0 0 0 0 0 0 0 0 0 0 0 0 0 0 0 0 0 0 0 0 0 0
 0 0 0 0 0 0 0 0 0 0 0 0 0 0 0 0 0 0 0 0 0 0 0 0 0 0
 0 0 0 0 0 0 0 0 0 0 0 0 0 0 0 0 0 0 0 0 0 0 0 0 0 0
ppred_pel_tallas
 1.10748e-16 4.4616e-05 0.000433684 0.00288198 0.0131011 0.0407624 0.0868492 0.126762 0.126777 0.0869241 0.0410151 0.013836 0.0047461 0.00456677 0.00808048 0.0137735 0.0209657 0.0287127 0.0359972 0.0422197 0.047309 0.05129 0.0537576 0.0538461 0.0507862 0.0445613
 1.14993e-16 4.84414e-05 0.000470868 0.00312908 0.0142244 0.0442574 0.0942959 0.137632 0.137654 0.0944027 0.0446163 0.0152623 0.0057393 0.00618544 0.0109517 0.0181667 0.0265058 0.0340928 0.039094 0.0407866 0.0400159 0.0385618 0.0379008 0.0383303 0.0390069 0.0386685
 1.10535e-16 5.60851e-05 0.000545167 0.00362283 0.0164688 0.0512408 0.109175 0.159347 0.159366 0.109265 0.051544 0.0173458 0.00582806 0.00537272 0.00926483 0.0153356 0.0223446 0.0286578 0.0326598 0.0336486 0.0322457 0.029915 0.0279794 0.0269137 0.026339 0.0255188
 1.05963e-16 5.97517e-05 0.000580808 0.00385968 0.0175455 0.0545908 0.116312 0.169765 0.169783 0.116402 0.0548923 0.0184171 0.00604963 0.00536894 0.00917547 0.0151335 0.0219363 0.027891 0.0313181 0.031462 0.0289303 0.0252392 0.0218404 0.0193978 0.0177407 0.016309
 1.03623e-16 6.3226e-05 0.000614579 0.0040841 0.0185657 0.0577649 0.123075 0.179635 0.179652 0.123156 0.0580375 0.0193535 0.00606292 0.00493938 0.00829162 0.0136468 0.0197451 0.0250266 0.0279444 0.0277879 0.0250903 0.0212302 0.0175613 0.0147579 0.0127603 0.0111544
 1.00677e-16 7.77495e-05 0.000755753 0.00502224 0.0228304 0.0710338 0.151345 0.220894 0.220898 0.151366 0.0711027 0.0230294 0.0055221 0.00184781 0.00215431 0.00344516 0.00497108 0.00628428 0.00698549 0.00689161 0.0061374 0.00507622 0.00406022 0.00327303 0.00271266 0.00228386
 1.01302e-16 4.44153e-05 0.000431732 0.00286901 0.0130421 0.0405792 0.0864598 0.126199 0.126241 0.0866649 0.0412678 0.0150302 0.00785597 0.0113069 0.0206647 0.0340045 0.0487733 0.0608973 0.0662555 0.0629486 0.052452 0.03867 0.0256768 0.0158811 0.00965596 0.00612737
 1.06793e-16 4.47943e-05 0.000435416 0.00289349 0.0131534 0.0409253 0.0871966 0.127271 0.127296 0.0873179 0.0413334 0.0143351 0.00587101 0.00697295 0.0125705 0.0209956 0.0309007 0.040225 0.0468374 0.0496576 0.0491385 0.0466602 0.0434017 0.039683 0.0351949 0.0296883
 1.0556e-16 6.58432e-05 0.000640019 0.00425315 0.0193342 0.060156 0.128169 0.187069 0.18708 0.128222 0.0603334 0.0198474 0.00554451 0.00347016 0.00547391 0.00903346 0.0132175 0.0170746 0.0196874 0.020655 0.0203114 0.0194306 0.018661 0.0181477 0.0175827 0.0165404
 1.01181e-16 7.53651e-05 0.000732576 0.00486823 0.0221303 0.0688555 0.146704 0.21412 0.214127 0.146737 0.0689651 0.0224468 0.00566279 0.00246711 0.00336962 0.00545173 0.00784758 0.0098732 0.0108892 0.0106075 0.0092614 0.00744749 0.00576658 0.00454094 0.00377177 0.00328126
 1.00344e-16 7.52266e-05 0.000731229 0.00485927 0.0220896 0.0687289 0.146434 0.213727 0.213735 0.146472 0.068855 0.0224539 0.00577328 0.00272494 0.00385701 0.00624514 0.00896026 0.0112067 0.0122293 0.0116806 0.00982659 0.00737241 0.00505052 0.0032892 0.00214974 0.00147349
 1.00474e-16 7.02301e-05 0.000682661 0.00453653 0.0206224 0.064164 0.136709 0.199533 0.199546 0.136772 0.0643772 0.021238 0.00608099 0.00405201 0.00646263 0.0105554 0.0151571 0.0189716 0.0207278 0.0198368 0.0167405 0.0126181 0.00869422 0.00568471 0.0036955 0.00247175
 1.01037e-16 6.57141e-05 0.000638764 0.00424481 0.0192963 0.0600381 0.127918 0.186704 0.186721 0.128 0.0603134 0.0200915 0.00624071 0.00499573 0.00833999 0.0136823 0.0196992 0.0247605 0.0272464 0.0264008 0.0227694 0.0178174 0.0130485 0.0093152 0.0067167 0.00493585
 1.01625e-16 6.49963e-05 0.000631788 0.00419845 0.0190856 0.0593824 0.126521 0.184665 0.184681 0.126602 0.059653 0.0198674 0.00616163 0.00491981 0.00821567 0.0134971 0.0194777 0.0245772 0.0272246 0.0266851 0.0234784 0.0189977 0.0146515 0.011206 0.00871045 0.00684562
 1.0121e-16 7.09386e-05 0.000689548 0.00458229 0.0208304 0.0648113 0.138088 0.201545 0.201556 0.138141 0.0649886 0.0213426 0.00586829 0.00349835 0.00540965 0.00884208 0.0127561 0.0160941 0.0178266 0.0174748 0.0153841 0.0124721 0.00966429 0.00746082 0.00588583 0.00471757
 1.00143e-16 8.04229e-05 0.00078174 0.00519493 0.0236154 0.0734763 0.156549 0.228489 0.228491 0.156559 0.0735089 0.0237093 0.00543057 0.00129601 0.00105672 0.00161866 0.00232144 0.00291372 0.00319947 0.00308974 0.00265093 0.00205924 0.00149556 0.00106249 0.00077104 0.00058031
 1.00736e-16 2.9602e-05 0.000287742 0.00191215 0.00869238 0.0270456 0.0576256 0.0841189 0.0841792 0.0579199 0.0280331 0.0115431 0.0090618 0.0158751 0.029573 0.048686 0.0697614 0.0869478 0.0943022 0.0890854 0.0734377 0.0530306 0.033817 0.0193665 0.010296 0.00537207
 1.01081e-16 7.78077e-05 0.000756318 0.005026 0.0228475 0.071087 0.151458 0.221058 0.22106 0.151468 0.0711201 0.0229438 0.00527001 0.00129663 0.00112625 0.00179664 0.00271465 0.00369118 0.0045799 0.00529578 0.00582988 0.00619598 0.00636199 0.00624192 0.0057612 0.00493434
 1.01402e-16 5.525e-05 0.00053705 0.00356889 0.0162237 0.050478 0.10755 0.156978 0.157008 0.107696 0.0509695 0.0176427 0.00712803 0.00829745 0.0147666 0.0242543 0.0347699 0.0433829 0.0471525 0.0447371 0.037218 0.0274177 0.0182714 0.0114981 0.00732753 0.00507052
 1.03744e-16 5.52679e-05 0.000537223 0.00357004 0.0162289 0.0504942 0.107584 0.157027 0.157048 0.10769 0.0508501 0.017258 0.00615825 0.00620351 0.0108638 0.0179948 0.0261993 0.0335288 0.0380061 0.0386707 0.0360742 0.03177 0.027252 0.0232197 0.0196092 0.0161068
 1.03073e-16 6.75865e-05 0.000656964 0.00436576 0.0198461 0.0617487 0.131563 0.192022 0.192034 0.13162 0.0619423 0.0204059 0.00577271 0.00373474 0.00593179 0.0097495 0.0141563 0.0180531 0.0203663 0.0206031 0.0191244 0.0168529 0.0146617 0.0129344 0.0115596 0.0102277
 1.02002e-16 6.66142e-05 0.000647514 0.00430296 0.0195606 0.0608605 0.12967 0.189261 0.189276 0.129745 0.0611102 0.0202819 0.00611357 0.00460044 0.00757502 0.0124206 0.0178934 0.0225186 0.0248409 0.0241932 0.0210888 0.0168661 0.0128797 0.00986736 0.00785985 0.00650051
 1.0591e-16 2.57887e-05 0.000250675 0.00166583 0.00757264 0.0235616 0.0502025 0.0732833 0.0733372 0.050466 0.0244466 0.0101295 0.0080857 0.0142715 0.0266721 0.0441004 0.0636336 0.0802423 0.0887951 0.0868974 0.0762782 0.0615417 0.047346 0.0362311 0.0283517 0.0226116
 1.05492e-16 6.74526e-05 0.000655663 0.00435711 0.0198068 0.0616264 0.131302 0.19164 0.191646 0.13133 0.0617206 0.0200809 0.00505228 0.00219725 0.00306577 0.00514615 0.00783822 0.0107604 0.0135495 0.0160093 0.018144 0.0199838 0.0213722 0.0219408 0.0213175 0.0193911
 1.04927e-16 5.62549e-05 0.000546818 0.0036338 0.0165187 0.0513961 0.109506 0.159832 0.159857 0.109628 0.0518079 0.017708 0.00661829 0.00705945 0.012418 0.0204243 0.0293838 0.0368958 0.040571 0.0393502 0.0341623 0.0273197 0.0211385 0.0168402 0.0143722 0.0129556
 1.07968e-16 4.07264e-05 0.000395875 0.00263073 0.0119589 0.0372089 0.0792786 0.115717 0.11575 0.079443 0.0377612 0.0135558 0.00664516 0.00917964 0.016782 0.0278342 0.0404528 0.0516227 0.0582709 0.0589457 0.0546066 0.0478187 0.0410536 0.0354714 0.0309076 0.0266685
 1.04872e-16 6.78528e-05 0.000659554 0.00438297 0.0199243 0.0619921 0.132081 0.192778 0.192786 0.132123 0.062133 0.0203324 0.00541133 0.00291802 0.00439708 0.00726721 0.0107106 0.0139949 0.0164172 0.0176551 0.0179198 0.0177225 0.0174539 0.0171327 0.0164903 0.0152493
 1.03043e-16 6.34637e-05 0.00061689 0.00409945 0.0186355 0.0579821 0.123538 0.180311 0.180329 0.123627 0.0582821 0.0195018 0.00627364 0.00536229 0.00907348 0.0148944 0.0214393 0.0269439 0.0296621 0.0288066 0.0250252 0.0199681 0.0152997 0.0119163 0.00982378 0.00852519
 1.0721e-16 2.7832e-05 0.000270537 0.00179781 0.00817263 0.0254283 0.0541796 0.0790871 0.0791365 0.0544212 0.0262397 0.0105172 0.00768696 0.0131392 0.0245048 0.0405634 0.0586534 0.074221 0.0826163 0.0816612 0.0728893 0.0603904 0.0482509 0.0386212 0.0315355 0.025988
 1.18181e-16 3.48118e-05 0.000338383 0.00224867 0.0102222 0.031805 0.0677647 0.0989086 0.098928 0.06786 0.0321264 0.0111561 0.0046144 0.00557336 0.0101846 0.0173263 0.0262312 0.0356659 0.0443362 0.0515823 0.0575504 0.062603 0.0665231 0.0683073 0.0667587 0.0613503
 1.05462e-16 7.32273e-05 0.000711795 0.00473013 0.0215025 0.0669022 0.142542 0.208046 0.208051 0.142565 0.0669784 0.021723 0.00528546 0.00193065 0.00240801 0.00391937 0.00577212 0.00755365 0.00891302 0.00973217 0.0102013 0.0106677 0.0113653 0.0122391 0.012979 0.013208
pSPR Fmed_Fpbrs
0.487561   0.254734 0.254734
Fs Fmed_Fpbrs
0.462757   1.005 1.005
SSBpbr Bo_Bmed_Bpbrs
1.57283e+06  688208  322011 322011
Ro
120165
SPR SPRFo_SPRFmed_SPRFpbrs
858930 418780 218798
Fref
1.005
Nvult_r0
 148184 9280.33 4273.63 6350.52 1858.28
CTP_r0
 28023.9 2464.99 1159.83 1725.46 504.932
YTP_r0
391236
Np
 174781 60924.4 3197.07 1451.09 2700.39
Nvult_p0
 140475 52464.1 2765.84 1255.66 2336.75
CTP_p0
 54199.6 25889.8 1385.22 629.371 1171.29
YTP_p0
 915702
CBA_c0
548576
log_Ro
11.5166
likeval ReclasPelacesDesembMPH_pf_preclas_ppelaces_ptallas_desvR_qrecl_qpela
 10.7016 33.3272 0.0224982 0.00199961 243.454 116.605 100.755 0 35.1362 4.63736e-06 0 0.0372742 0 0 0
q_reclas_q_pelaces
1.35683 1
M
1
N
 134211 41038 73916.2 7259.23 0.19668
 96763.6 42410.5 11926.3 21330.6 2094.11
 83304.2 26653.3 9960.78 2763.81 5424.49
 65223.2 22907.5 6243.7 2302.14 1891.05
 48475.7 12647.3 3121.66 825.987 553.81
 237936 12781.9 2775.88 674.67 297.954
 54391.4 62565.1 2793.44 597.3 209.105
 18272.2 9274.16 6984.33 300.932 86.7026
 29592.2 5648.03 2604.58 1945.75 107.943
 48209.5 5460.55 712.698 318.327 250.562
 78500.1 7357.33 513.27 64.3164 51.2225
 123520 24852.4 2144.38 148.562 33.4289
 98731.2 26898.9 4054.54 341.453 28.9402
 68959.6 22350.9 4660.44 686.865 62.6701
 58689.2 10507 2095.62 419.487 67.3157
 425241 10726.6 1306.3 252.238 58.49
 54222.2 105490 2141.78 256.113 60.8604
 653356 15671.1 26694.1 535.957 79.2704
 352682 189174 3976.76 6699.31 154.307
 247326 94741.8 42737.2 885.426 1524.75
 405641 67132.2 21750.6 9674.36 545.157
 528664 117906 17138.4 5492.53 2579.13
 75051.2 145361 27615.9 3960.41 1863.85
 304622 23122.1 40614.9 7652.99 1613.3
 230528 94898.3 6572.81 11456.9 2612.78
 95901.9 71895.7 27022.7 1857.38 3974.21
 265675 30651.6 21266 7941.16 1713.1
 316696 82633.8 8691.72 5983.6 2715.26
 64301.7 102703 24999.6 2614.24 2615.54
 41258.3 21086.9 31613.9 7654.5 1600.81
 209109 12477.4 5724.72 8505.11 2488.73
pred_Ctot
 12113.7 5553.76 10273 1010.33 0.0273757
 15734.1 10051.2 2896 5186.3 509.195
 13615 6347 2430.24 675.188 1325.27
 20524.7 9858.68 2739.32 1011.06 830.563
 8917.48 3361.99 849.633 225.094 150.932
 44084.9 3420.35 760.512 185.072 81.7388
 19612.5 30230.8 1373.86 294.038 102.943
 1871.74 1417.77 1096.09 47.2929 13.6267
 9852.24 2551.12 1198.57 896.28 49.7247
 19120.7 2854.97 378.811 169.344 133.301
 7003.41 984.57 70.5411 8.8519 7.05031
 33234.4 9327.09 821.683 56.989 12.8242
 24964.2 9552.33 1470.88 124.011 10.5113
 27385.3 11698 2479.64 365.773 33.3749
 19741.5 4787.55 972.723 194.905 31.2783
 90381.5 3256.24 405.636 78.4203 18.1856
 7493.35 21455 446.669 53.4838 12.7103
 89677.2 3166.74 5531.38 111.206 16.4491
 61700.2 47998.2 1033.4 1743.1 40.152
 42012.8 23388.4 10807.2 224.189 386.092
 54860.9 13377.6 4444.78 1979.63 111.562
 86429.4 28085.1 4182.6 1342.18 630.292
 7823.46 22597.7 4406.97 632.887 297.871
 29898.7 3392.46 6118.16 1154.45 243.384
 22485.5 13840 984.202 1717.95 391.813
 8045.31 9065.47 3499.94 240.909 515.509
 26308.6 4535.76 3230.86 1208.17 260.65
 23963 9427.34 1018.81 702.389 318.757
 4454.86 10754.2 2690.13 281.72 281.882
 4715.27 3580.08 5507.86 1335.43 279.302
 28023.9 2464.99 1159.83 1725.46 504.932
F
 0.152016 0.23575 0.242788 0.24317 0.24319
 0.289357 0.448741 0.462138 0.462866 0.462904
 0.291033 0.451339 0.464814 0.465546 0.465585
 0.640371 0.993099 1.02275 1.02436 1.02444
 0.333036 0.516478 0.531898 0.532735 0.532779
 0.335793 0.520754 0.536302 0.537146 0.537191
 0.768974 1.19254 1.22814 1.23008 1.23018
 0.174075 0.269959 0.278019 0.278457 0.27848
 0.689961 1.07 1.10195 1.10368 1.10378
 0.87986 1.3645 1.40524 1.40745 1.40757
 0.150145 0.232848 0.2398 0.240177 0.240197
 0.524315 0.813117 0.837393 0.838711 0.838781
 0.485534 0.752975 0.775456 0.776676 0.77674
 0.881483 1.36702 1.40783 1.41005 1.41017
 0.699529 1.08484 1.11723 1.11899 1.11908
 0.394043 0.611089 0.629334 0.630325 0.630377
 0.241272 0.374169 0.38534 0.385946 0.385978
 0.239455 0.371352 0.382439 0.383041 0.383073
 0.314412 0.487596 0.502153 0.502944 0.502985
 0.304042 0.471514 0.485592 0.486356 0.486396
 0.235582 0.365345 0.376252 0.376845 0.376876
 0.291132 0.451493 0.464973 0.465705 0.465744
 0.17738 0.275085 0.283298 0.283743 0.283767
 0.166266 0.257848 0.265546 0.265964 0.265986
 0.165156 0.256127 0.263774 0.264189 0.264211
 0.14064 0.218107 0.224619 0.224973 0.224991
 0.167856 0.260315 0.268087 0.268509 0.268531
 0.126101 0.19556 0.201399 0.201716 0.201732
 0.114935 0.178243 0.183564 0.183853 0.183869
 0.195934 0.303858 0.31293 0.313422 0.313448
 0.233221 0.361683 0.372481 0.373068 0.373099
nmprior
 8.19 8.8 8.5 0
nm_flota  nm_reclas  nm_pelaces    nm_pelaL
inf 16.7914 12.215 25.8798
cv_recla  cv_pelaces  cv_mph
0.295903 0.654593 1.38
 ------------------------------------------------
Talla a la edad & desviaci?n 
 8 13.2811 15.8009 17.003 17.5766
 0.8 1.32811 1.58009 1.7003 1.75766
