years
 1991 1992 1993 1994 1995 1996 1997 1998 1999 2000 2001 2002 2003 2004 2005 2006 2007 2008 2009 2010 2011 2012 2013 2014 2015 2016 2017 2018 2019 2020 2021
reclasobs
 0 0 0 0 0 0 0 0 0 252601 567819 844713 477998 351125 339783 2.1784e+06 2.13404e+06 4.81314e+06 1.55562e+06 2.62356e+06 3.21686e+06 3.843e+06 1.13348e+06 3.07943e+06 1.97215e+06 2.03268e+06 2.025e+06 2.42433e+06 2.27542e+06 1.05018e+06 2.36338e+06
reclaspred
 2.62078e+06 1.42776e+06 709596 547099 455823 1.0037e+06 508299 399717 308921 245807 404654 572355 560565 408525 395845 1.32017e+06 1.1853e+06 2.95851e+06 2.41265e+06 1.70592e+06 3.05957e+06 2.50314e+06 1.86428e+06 2.94996e+06 2.15541e+06 1.82931e+06 2.28468e+06 2.58832e+06 2.06593e+06 1.17997e+06 1.68548e+06
pelacesobs
 0 0 0 0 0 0 0 0 0 0 0 0 0 0 0 552880 188675 0 991730 2.46772e+06 1.41603e+06 1.21717e+06 2.29649e+06 1.80582e+06 0 1.4828e+06 1.56532e+06 1.57751e+06 1.42118e+06 867257 1.10002e+06
pelacespred
 1.16828e+06 695307 338483 206953 189721 436540 177045 198813 133717 101426 185149 221906 241445 180425 180725 518599 468748 1.37285e+06 1.1373e+06 745698 1.31477e+06 1.14064e+06 854359 1.496e+06 1.04676e+06 887356 1.26882e+06 1.41245e+06 929696 606774 843621
mphobs
 0 0 0 0 0 0 0 0 0 0 0 498337 0 5186 125008 0 168611 109162 213762 579715 649985 157893 87575 83554 0 0 0 0 0 0 0
mphpred
 2.2583e+06 1.47537e+06 707364 374666 283484 289304 519070 238534 204509 138247 106190 274867 308908 250507 151412 190647 865006 745084 1.6835e+06 1.23338e+06 1.24643e+06 1.58385e+06 1.51204e+06 1.1627e+06 1.67536e+06 1.3377e+06 1.0532e+06 1.19889e+06 1.79887e+06 1.16129e+06 644751
desembarqueobs
 494567 514787 250237 358949 120608 361735 552515 73892 212993 205616 52469 317467 293654 387597 252695 516296 358380 742168 942051 627588 828172 859565 418607 520667 417249 300574 407403 355545 319650 289779 391294
desembarquepred
 494558 514315 250192 358979 120609 361685 552327 73893.4 212992 205610 52470.2 317474 293647 387498 252641 516177 358379 741986 941629 627307 828150 859433 418579 520659 417214 300549 407369 355505 319617 289755 391270
Reclutas
 160602 96276.6 92185.2 93001.2 75370.7 217252 67836.1 25406.4 34227.5 53585.4 98083.4 135009 108844 74820.6 70151.8 456332 72038.5 708710 381752 277923 442330 583875 97101.9 350737 276095 116926 299479 350132 82130.8 55286.4 246919
log_desv_Rt
 0.129722 -0.381979 -0.425405 -0.416592 -0.626786 0.431853 -0.73211 -1.7142 -1.41617 -0.967929 -0.363386 -0.0438604 -0.259286 -0.634112 -0.698543 1.17402 -0.672004 1.61424 0.995565 0.67814 1.14285 1.42048 -0.373444 0.910832 0.671539 -0.187661 0.752841 0.909106 -0.540891 -0.936677 0.559855
SSB
 2.2583e+06 1.47537e+06 707364 374666 283484 289304 519070 238534 204509 138247 106190 274867 308908 250507 151412 190647 865006 745084 1.6835e+06 1.23338e+06 1.24643e+06 1.58385e+06 1.51204e+06 1.1627e+06 1.67536e+06 1.3377e+06 1.0532e+06 1.19889e+06 1.79887e+06 1.16129e+06 644751
BT
 3.1176e+06 2.11157e+06 1.02587e+06 778846 536679 1.32e+06 893750 525321 517135 428788 471220 774478 821905 817479 670488 1.6115e+06 1.36144e+06 3.82495e+06 3.52465e+06 2.29261e+06 3.70374e+06 3.43551e+06 2.33537e+06 3.93643e+06 2.80506e+06 2.31535e+06 3.34473e+06 3.61518e+06 2.40951e+06 1.68849e+06 2.3224e+06
Ftot
 0.191421 0.356674 0.355526 0.690441 0.29001 0.442873 1.04297 0.202545 0.760176 0.92481 0.166895 0.628695 0.584343 1.03619 0.766758 0.51376 0.313636 0.31557 0.426728 0.401835 0.310802 0.388421 0.231054 0.211688 0.209838 0.174888 0.212676 0.167023 0.155243 0.247723 0.28353
BD_Bspro_t
 0.969981 0.792868 0.595151 0.482322 0.395562 0.459718 0.510372 0.284802 0.322157 0.283023 0.285274 0.587562 0.48159 0.386672 0.269219 0.321141 0.566663 0.517706 0.647272 0.543558 0.502371 0.559202 0.577747 0.554073 0.669641 0.672533 0.671913 0.723445 0.783563 0.702922 0.606567
BD_Bspro
 2.2397 1.46322 0.701537 0.371579 0.281149 0.286921 0.514794 0.236569 0.202825 0.137108 0.105316 0.272603 0.306364 0.248444 0.150165 0.189077 0.857881 0.738946 1.66963 1.22322 1.23616 1.57081 1.49959 1.15312 1.66156 1.32668 1.04453 1.18902 1.78405 1.15172 0.639439
BD_Bo
 1.33063 0.869311 0.41679 0.220759 0.167034 0.170463 0.305844 0.140548 0.1205 0.0814574 0.062569 0.161956 0.182014 0.147603 0.0892146 0.112332 0.509676 0.439015 0.991944 0.726725 0.734417 0.933231 0.890919 0.685082 0.98715 0.788193 0.620564 0.706406 1.05992 0.684248 0.379897
BD_Brms
 6.87578 4.49202 2.15369 1.14073 0.863118 0.880837 1.5804 0.72626 0.622664 0.420918 0.323315 0.836882 0.940526 0.762713 0.461002 0.580459 2.63366 2.26854 5.1257 3.75523 3.79498 4.82232 4.60368 3.54005 5.10093 4.07286 3.20666 3.65024 5.47698 3.53574 1.96306
Sel_flota
 0.667962 0.974504 0.998625 0.999928 0.999996
 0.667962 0.974504 0.998625 0.999928 0.999996
 0.667962 0.974504 0.998625 0.999928 0.999996
 0.667962 0.974504 0.998625 0.999928 0.999996
 0.667962 0.974504 0.998625 0.999928 0.999996
 0.667962 0.974504 0.998625 0.999928 0.999996
 0.667962 0.974504 0.998625 0.999928 0.999996
 0.667962 0.974504 0.998625 0.999928 0.999996
 0.667962 0.974504 0.998625 0.999928 0.999996
 0.667962 0.974504 0.998625 0.999928 0.999996
 0.667962 0.974504 0.998625 0.999928 0.999996
 0.667962 0.974504 0.998625 0.999928 0.999996
 0.667962 0.974504 0.998625 0.999928 0.999996
 0.667962 0.974504 0.998625 0.999928 0.999996
 0.667962 0.974504 0.998625 0.999928 0.999996
 0.667962 0.974504 0.998625 0.999928 0.999996
 0.667962 0.974504 0.998625 0.999928 0.999996
 0.667962 0.974504 0.998625 0.999928 0.999996
 0.667962 0.974504 0.998625 0.999928 0.999996
 0.667962 0.974504 0.998625 0.999928 0.999996
 0.667962 0.974504 0.998625 0.999928 0.999996
 0.667962 0.974504 0.998625 0.999928 0.999996
 0.667962 0.974504 0.998625 0.999928 0.999996
 0.667962 0.974504 0.998625 0.999928 0.999996
 0.667962 0.974504 0.998625 0.999928 0.999996
 0.667962 0.974504 0.998625 0.999928 0.999996
 0.667962 0.974504 0.998625 0.999928 0.999996
 0.667962 0.974504 0.998625 0.999928 0.999996
 0.667962 0.974504 0.998625 0.999928 0.999996
 0.667962 0.974504 0.998625 0.999928 0.999996
 0.667962 0.974504 0.998625 0.999928 0.999996
Sel_reclas
 1 1 1 1 1
 1 1 1 1 1
 1 1 1 1 1
 1 1 1 1 1
 1 1 1 1 1
 1 1 1 1 1
 1 1 1 1 1
 1 1 1 1 1
 1 1 1 1 1
 1 1 1 1 1
 1 1 1 1 1
 1 1 1 1 1
 1 1 1 1 1
 1 1 1 1 1
 1 1 1 1 1
 1 1 1 1 1
 1 1 1 1 1
 1 1 1 1 1
 1 1 1 1 1
 1 1 1 1 1
 1 1 1 1 1
 1 1 1 1 1
 1 1 1 1 1
 1 1 1 1 1
 1 1 1 1 1
 1 1 1 1 1
 1 1 1 1 1
 1 1 1 1 1
 1 1 1 1 1
 1 1 1 1 1
 1 1 1 1 1
Sel_pelaces
 1 1 1 1 1
 1 1 1 1 1
 1 1 1 1 1
 1 1 1 1 1
 1 1 1 1 1
 1 1 1 1 1
 1 1 1 1 1
 1 1 1 1 1
 1 1 1 1 1
 1 1 1 1 1
 1 1 1 1 1
 1 1 1 1 1
 1 1 1 1 1
 1 1 1 1 1
 1 1 1 1 1
 1 1 1 1 1
 1 1 1 1 1
 1 1 1 1 1
 1 1 1 1 1
 1 1 1 1 1
 1 1 1 1 1
 1 1 1 1 1
 1 1 1 1 1
 1 1 1 1 1
 1 1 1 1 1
 1 1 1 1 1
 1 1 1 1 1
 1 1 1 1 1
 1 1 1 1 1
 1 1 1 1 1
 1 1 1 1 1
pf_obs 
 0.8446 0.082 0.0669 0.0065 0
 0.8095 0.147 0.0364 0.0071 0
 0.9664 0.0169 0.016 0.0007 0
 0.9276 0.0648 0.0075 0.0001 0
 0.7033 0.2144 0.0806 0.0017 0
 0.9318 0.0425 0.0243 0.0014 0
 0.5671 0.3108 0.0964 0.0239 0.0018
 0.0768 0.2599 0.5324 0.112 0.0189
 0.490249 0.384438 0.106611 0.0170017 0.00170017
 0.7925 0.1577 0.0466 0.003 0.0002
 0.840416 0.127587 0.0312969 0.00059994 9.999e-05
 0.8084 0.0986 0.0794 0.0134 0.0002
 0.7335 0.1905 0.0724 0.0035 0.0001
 0.4001 0.4547 0.1325 0.0127 0
 0.49795 0.308269 0.164784 0.0264974 0.00249975
 0.9179 0.0499 0.0305 0.0017 0
 0.2467 0.6533 0.0926 0.0074 0
 0.9418 0.0223 0.034 0.0019 0
 0.707729 0.231977 0.0356964 0.0245975 0
 0.517169 0.277429 0.184464 0.0207286 0.00020938
 0.811772 0.124168 0.05621 0.00726502 0.000585176
 0.764997 0.148141 0.077277 0.00933861 0.000247198
 0.163321 0.427699 0.378323 0.0303852 0.000271297
 0.753843 0.0900009 0.118128 0.0371064 0.000921714
 0.721811 0.176058 0.0630433 0.0369309 0.00215725
 0.143369 0.312575 0.442814 0.0836902 0.0175525
 0.692698 0.0596174 0.167031 0.0765114 0.00414204
 0.394062 0.376323 0.152708 0.0712218 0.00568511
 0.125707 0.32114 0.495352 0.0537591 0.00404204
 0.23352 0.215282 0.420074 0.123614 0.00750983
 0.774587 0.0839891 0.0768558 0.0609784 0.00358967
pf_pred 
 0.427781 0.165802 0.375954 0.0304622 8.92674e-07
 0.412485 0.311231 0.0815513 0.180156 0.0145775
 0.551719 0.233421 0.115405 0.0293878 0.0700662
 0.628719 0.243674 0.0673823 0.0323718 0.0278529
 0.646276 0.260454 0.0619402 0.016558 0.0147716
 0.834775 0.121461 0.0324612 0.00750969 0.00379268
 0.437491 0.499625 0.0466001 0.0120838 0.00420044
 0.453635 0.315853 0.205653 0.0184325 0.00642723
 0.634967 0.202688 0.0949013 0.0601791 0.00726417
 0.800183 0.149058 0.0286353 0.0129427 0.00918045
 0.849451 0.131522 0.0143319 0.00265129 0.0020441
 0.733635 0.23789 0.0249581 0.00265028 0.000867055
 0.666574 0.27235 0.0547372 0.00555644 0.000781668
 0.617801 0.291764 0.0743068 0.0144576 0.00167115
 0.738486 0.193961 0.0520554 0.0127383 0.00275899
 0.946637 0.0440447 0.00697415 0.00180694 0.000536916
 0.293734 0.68196 0.0201706 0.00309637 0.00103887
 0.900768 0.038349 0.0588438 0.00169257 0.000346475
 0.548965 0.420947 0.0118285 0.0176493 0.000610658
 0.55307 0.292144 0.144752 0.00394856 0.00608579
 0.726062 0.18024 0.0618673 0.0297706 0.0020604
 0.717815 0.226301 0.0371247 0.0123926 0.00636651
 0.247755 0.59948 0.123221 0.0196367 0.00990676
 0.72688 0.0901622 0.146593 0.0293407 0.00702453
 0.581303 0.33524 0.0280436 0.0444114 0.0110015
 0.384777 0.414717 0.161404 0.0131518 0.0259505
 0.726166 0.131868 0.096507 0.036604 0.00885518
 0.672083 0.262147 0.0321114 0.0228905 0.0107672
 0.272482 0.546912 0.145139 0.0173288 0.018138
 0.338153 0.235746 0.322358 0.0833935 0.0203499
 0.816315 0.0802985 0.0374738 0.0498824 0.0160302
pobs_RECLAS
 0 0 0 0 0
 0 0 0 0 0
 0 0 0 0 0
 0 0 0 0 0
 0 0 0 0 0
 0 0 0 0 0
 0 0 0 0 0
 0 0 0 0 0
 0 0 0 0 0
 0 0 0 0 0
 0.991045 0.00858322 0.000360255 1.14367e-05 0
 0.934742 0.0480273 0.0164251 0.00080598 0
 0.827803 0.169806 0.00239088 0 0
 0.941827 0.0461693 0.0120037 0 0
 0.791401 0.0380133 0.147996 0.0225897 0
 0.846168 0.0940531 0.0597789 0 0
 0.134021 0.677848 0.182769 0.00536245 0
 0.80878 0.0450904 0.141981 0.00414843 0
 0.846168 0.0940531 0.0597789 0 0
 0.905697 0.0802665 0.012482 0.00150086 5.37128e-05
 0.989698 0.0102097 9.19794e-05 0 0
 0.975433 0.0193895 0.00387452 0.00125025 5.28907e-05
 0.303575 0.632131 0.0575291 0.00676475 0
 0.966965 0.00978017 0.0227588 0.000495775 0
 0.843318 0.132988 0.00938335 0.0141283 0.000182051
 0.564624 0.303363 0.111486 0.0197234 0.00080311
 0.826376 0.0876187 0.0782897 0.00655872 0.00115652
 0.89761 0.0855135 0.0140674 0.00269457 0.000114338
 0.34875 0.467042 0.161289 0.0227151 0.000203297
 0.318654 0.224769 0.449479 0.00709798 0
 0.937255 0.0296025 0.0250945 0.00804832 0
ppred_RECLAS
 0.527476 0.139359 0.308224 0.0249411 7.30832e-07
 0.511939 0.261747 0.0668656 0.147513 0.0119353
 0.647743 0.185709 0.0895144 0.0227638 0.0542696
 0.719162 0.186042 0.050091 0.0240304 0.0206744
 0.730282 0.199934 0.0463652 0.0123778 0.0110416
 0.882814 0.086737 0.0225931 0.0052196 0.00263591
 0.543973 0.406338 0.0368366 0.00953754 0.00331506
 0.55184 0.261816 0.166272 0.014883 0.00518921
 0.725856 0.154087 0.0702239 0.0444664 0.0053671
 0.859586 0.105498 0.0197112 0.0088959 0.00630952
 0.892438 0.0942637 0.0100199 0.00185116 0.00142711
 0.804886 0.174746 0.0178555 0.00189339 0.000619388
 0.74961 0.205505 0.0402333 0.00407842 0.0005737
 0.71321 0.220404 0.0545612 0.0105997 0.00122511
 0.81052 0.141521 0.0369687 0.00903344 0.0019564
 0.9636 0.0301809 0.00465649 0.00120479 0.000357965
 0.380145 0.599041 0.0172763 0.00264849 0.000888542
 0.931428 0.026913 0.040266 0.00115664 0.000236752
 0.643416 0.333377 0.00913076 0.0136054 0.000470707
 0.648591 0.231736 0.111925 0.00304895 0.00469892
 0.79752 0.13439 0.0449795 0.021615 0.00149585
 0.790702 0.168705 0.0269793 0.00899375 0.00462007
 0.327177 0.538918 0.108037 0.017194 0.0086738
 0.798923 0.0675055 0.107051 0.0213979 0.00512256
 0.671961 0.263995 0.0215397 0.0340661 0.00843819
 0.480385 0.353124 0.134059 0.0109091 0.0215239
 0.797748 0.0986793 0.0704382 0.0266809 0.00645414
 0.751222 0.199892 0.0238849 0.0170038 0.00799762
 0.355758 0.487304 0.126153 0.015042 0.0157433
 0.432874 0.20532 0.273807 0.0707388 0.0172606
 0.869046 0.0580868 0.0264345 0.0351405 0.0112919
pobs_PELACES
 0 0 0 0 0
 0 0 0 0 0
 0 0 0 0 0
 0 0 0 0 0
 0 0 0 0 0
 0 0 0 0 0
 0 0 0 0 0
 0 0 0 0 0
 0 0 0 0 0
 0 0 0 0 0
 0 0 0 0 0
 0 0 0 0 0
 0 0 0 0 0
 0 0 0 0 0
 0 0 0 0 0
 0 0 0 0 0
 0.505614 0.472636 0.0217494 0 0
 0 0 0 0 0
 0.443492 0.261883 0.143347 0.151278 0
 0.227955 0.32914 0.350689 0.0885471 0.00366901
 0.970185 0.0296113 0.000203453 0 0
 0.997202 0.00247181 0.000326279 0 0
 0.445219 0.490057 0.0546422 0.010081 0
 0.90214 0.0892962 0.00764917 0.000914606 0
 0 0 0 0 0
 0.581667 0.319106 0.0959925 0.00289975 0.000334073
 0.762889 0.0836404 0.116647 0.0363945 0.000428098
 0.88444 0.0763242 0.0277011 0.0115352 0
 0.521256 0.241999 0.230069 0.00667565 0
 0.616807 0.101726 0.260614 0.0208532 0
 0.833518 0.0704572 0.0857862 0.0102388 0
ppred_PELACES
 0.532568 0.138006 0.304766 0.0246593 7.22572e-07
 0.52129 0.257083 0.0654879 0.144452 0.0116875
 0.656214 0.181492 0.0872343 0.0221806 0.0528788
 0.733422 0.176931 0.0473769 0.0227216 0.0195481
 0.736139 0.195711 0.0452812 0.0120869 0.0107821
 0.887463 0.0833736 0.0216406 0.00499859 0.00252428
 0.570225 0.383296 0.0344605 0.00891834 0.00309977
 0.557068 0.258936 0.164178 0.0146944 0.0051234
 0.741408 0.145739 0.0660188 0.04179 0.00504397
 0.870713 0.0973194 0.0180498 0.00814285 0.00577529
 0.894064 0.0928545 0.00985703 0.00182093 0.00140381
 0.814759 0.16599 0.0168761 0.00178906 0.000585249
 0.760692 0.196573 0.0383061 0.00388208 0.000546075
 0.734537 0.204406 0.0501851 0.00974522 0.00112633
 0.822375 0.132874 0.0344988 0.00842713 0.00182506
 0.965403 0.028706 0.00441086 0.00114098 0.000339004
 0.387669 0.59182 0.0170255 0.00260968 0.000875517
 0.933534 0.0261263 0.038991 0.00111987 0.000229223
 0.653309 0.324202 0.00884935 0.0131836 0.000456111
 0.658044 0.225748 0.108685 0.00296017 0.00456206
 0.802683 0.131074 0.0437611 0.0210267 0.00145513
 0.797229 0.163544 0.0260732 0.00869023 0.00446412
 0.332425 0.534912 0.107037 0.0170331 0.00859262
 0.802521 0.0663728 0.105077 0.0210015 0.00502764
 0.676697 0.260272 0.0212005 0.0335266 0.00830451
 0.484915 0.350203 0.132765 0.010803 0.0213145
 0.801337 0.0970135 0.069132 0.0261837 0.00633384
 0.754416 0.197379 0.0235533 0.0167665 0.00788598
 0.359435 0.48467 0.125316 0.0149412 0.0156378
 0.43935 0.203234 0.270492 0.0698748 0.0170497
 0.872421 0.0566636 0.0257287 0.034198 0.010989
pobs_pel_tallas
 0 0 0 0 0 0 0 0 0 0 0 0 0 0 0 0 0 0 0 0 0 0 0 0 0 0
 0 0 0 0 0 0 0 0 0 0 0 0 0 0 0 0 0 0 0 0 0 0 0 0 0 0
 0 0 0 0 0 0 0 0 0 0 0 0 0 0 0 0 0 0 0 0 0 0 0 0 0 0
 0 0 0 0 0 0 0 0 0 0 0 0 0 0 0 0 0 0 0 0 0 0 0 0 0 0
 0 0 0 0 0 0 0 0 0 0 0 0 0 0 0 0 0 0 0 0 0 0 0 0 0 0
 0 0 0 0 0 0 0 0 0 0 0 0 0 0 0 0 0 0 0 0 0 0 0 0 0 0
 0 0 0 0 0 0 0 0 0 0 0 0 0 0 0 0 0 0 0 0 0 0 0 0 0 0
 0 0 0 0 0 0 0 0 0 0 0 0 0 0 0 0 0 0 0 0 0 0 0 0 0 0
 0 0 0 0 0 0 0 0 0 0 0 0 0 0 0 0 0 0 0 0 0 0 0 0 0 0
 0 0 0 0 0 0 0 0 0 0 0 0 0 0 0 0 0 0 0 0 0 0 0 0 0 0
 0 0 0 0 0 0 0 0 0 0 0 0 0 0 0 0 0 0 0 0 0 0 0 0 0 0
 0 0 0 0 0 0 0 0 0 0 0 0 0 0 0 0 0 0 0 0 0 0 0 0 0 0
 0.00862536 0 0 0.000197151 0.00414017 0.0128641 0.00837892 0.0270097 0.101434 0.158115 0.152841 0.127902 0.109271 0.109419 0.0830992 0.0579132 0.0238553 0.00714673 0.00463305 0.00128148 0.00103504 0.000492878 0.000147863 0.000147863 4.92878e-05 0
 0 0 0 0 0 0 0 0 0 0 0 0 0 0 0 0 0 0 0 0 0 0 0 0 0 0
 0 0 0 0 0 0 0 0.0054083 0.00873648 0.0413646 0.0450493 0.0745869 0.0622846 0.0627006 0.0613931 0.0827291 0.12552 0.122667 0.0946155 0.0697135 0.0546179 0.0294188 0.0215738 0.0213955 0.0102223 0.00600262
 0 0 0 0 0.00359764 0.0251062 0.0480494 0.140153 0.205849 0.193036 0.1447 0.116669 0.0760912 0.0342217 0.00950174 0.001854 0.000860785 0 0 0 0.000165536 0 0.000143464 0 0 0
 0 0 0 0 0 0 0 0.000145254 0.000435761 0.0275982 0.070085 0.0708112 0.156366 0.174668 0.174014 0.160142 0.0824315 0.0480064 0.0283245 0.00493863 0.00203355 0 0 0 0 0
 0 0 0 0 0 0 0 0 0 0 0 0 0 0 0 0 0 0 0 0 0 0 0 0 0 0
 0 0 1.00437e-05 0.000401748 0.00122533 0.00171747 0.00176769 0.0269171 0.070346 0.194647 0.189555 0.159765 0.064822 0.0314167 0.0384472 0.0292271 0.0345202 0.0313363 0.0194345 0.0106764 0.0143323 0.0359363 0.0279516 0.0138201 0.00172751 0
 0 0.0021121 0.0136068 0.0755702 0.200478 0.177729 0.0527432 0.0373336 0.0318909 0.0142505 0.0149659 0.0166563 0.0217959 0.0798694 0.0677717 0.0528807 0.04013 0.0224614 0.0357745 0.0225083 0.00881397 0.00855152 0.00135912 0.000746735 0 0
 0 0 0 0 5.4009e-05 0.00500934 0.000945158 0.0243581 0.138947 0.33067 0.221406 0.137944 0.0707744 0.0437923 0.0131692 0.00525238 0.0047753 0.00276346 9.45158e-05 9.00151e-06 2.25038e-05 9.00151e-06 4.50075e-06 0 0 0
 0.000866109 0.00284123 0.00948549 0.0512746 0.133035 0.25785 0.225252 0.132002 0.0553304 0.0519788 0.0540692 0.017754 0.00435017 0.00159236 0.00146478 0.000404838 0.000125132 0.000115318 0.000107957 0.000100596 0 0 0 0 0 0
 0 0 0 0 0.00144013 0.00171154 0.00461396 0.0210425 0.0478622 0.0707936 0.0888783 0.103762 0.0637923 0.0337046 0.0602308 0.124433 0.169614 0.0934646 0.0462172 0.0250306 0.0313229 0.00938855 0.002487 0.000210481 0 0
 0 0.00764035 0.051015 0.0998891 0.058973 0.0496711 0.0374665 0.0718981 0.12319 0.153886 0.159021 0.0857701 0.0377988 0.023471 0.0147837 0.00900784 0.00315554 0.000888139 0.00291439 0.00214683 0.00393193 0.00274676 0.000635225 9.99891e-05 0 0
 0 0 0 0 0 0 0 0 0 0 0 0 0 0 0 0 0 0 0 0 0 0 0 0 0 0
 0 0 0 0 0 0 0 0 0 0 0 0 0 0 0 0 0 0 0 0 0 0 0 0 0 0
 0 0 0 0 0 0 0 0 0 0 0 0 0 0 0 0 0 0 0 0 0 0 0 0 0 0
 0 0 0 0 0 0 0 0 0 0 0 0 0 0 0 0 0 0 0 0 0 0 0 0 0 0
 0 0 0 0 0 0 0 0 0 0 0 0 0 0 0 0 0 0 0 0 0 0 0 0 0 0
 0 0 0 0 0 0 0 0 0 0 0 0 0 0 0 0 0 0 0 0 0 0 0 0 0 0
 0 0 0 0 0 0 0 0 0 0 0 0 0 0 0 0 0 0 0 0 0 0 0 0 0 0
ppred_pel_tallas
 1.11304e-16 4.38669e-05 0.000426402 0.00283359 0.0128811 0.040078 0.0853909 0.124633 0.124647 0.0854583 0.0403056 0.0135441 0.00451922 0.00417707 0.0073746 0.0126625 0.019492 0.027121 0.0347259 0.0417763 0.0480738 0.0533506 0.0568635 0.0575001 0.0544183 0.0477028
 1.1842e-16 4.2938e-05 0.000417373 0.00277359 0.0126084 0.0392294 0.0835833 0.121998 0.122022 0.0837049 0.039638 0.0137898 0.00574452 0.00692151 0.0124526 0.0206764 0.0301735 0.0388278 0.0445732 0.0466198 0.0459692 0.0446775 0.0444228 0.0454895 0.0468131 0.046831
 1.13737e-16 5.40515e-05 0.0005254 0.00349147 0.0158717 0.0493829 0.105216 0.15357 0.153587 0.105302 0.0496723 0.0167089 0.00559846 0.00514387 0.00888173 0.0147481 0.0216004 0.0279416 0.0322981 0.0340479 0.033782 0.0328224 0.0322849 0.0324335 0.0327217 0.0323131
 1.07e-16 6.0411e-05 0.000587217 0.00390226 0.0177391 0.0551931 0.117595 0.171637 0.171655 0.117679 0.0554738 0.0185505 0.00594125 0.00504606 0.00855172 0.0141043 0.0204624 0.0260599 0.029353 0.029662 0.0275738 0.0245077 0.0217988 0.0200169 0.0189271 0.0179222
 1.04394e-16 6.06348e-05 0.000589392 0.00391672 0.0178049 0.0553976 0.118031 0.172274 0.172293 0.118123 0.0557077 0.018701 0.00616779 0.00550867 0.00941864 0.0155158 0.0224423 0.0284294 0.0317167 0.0314999 0.0283961 0.0239907 0.0198411 0.0167246 0.0145685 0.0128806
 1.01575e-16 7.30992e-05 0.00071055 0.00472185 0.0214649 0.0667852 0.142293 0.207683 0.207691 0.142333 0.0669174 0.0218469 0.00568153 0.00280819 0.00406475 0.00662475 0.00958448 0.0121545 0.0135818 0.0135187 0.0122171 0.0103368 0.00852625 0.00710997 0.00606536 0.00520627
 1.02512e-16 4.69688e-05 0.000456553 0.00303396 0.013792 0.0429121 0.0914301 0.133453 0.13349 0.0916104 0.0435175 0.0155403 0.00742097 0.0100283 0.0182103 0.0299913 0.0431059 0.0540111 0.0591262 0.0567998 0.0482994 0.0369681 0.0262527 0.018129 0.0128254 0.00954969
 1.07145e-16 4.5885e-05 0.000446018 0.00296395 0.0134737 0.0419218 0.0893198 0.13037 0.130395 0.0894428 0.0423354 0.0146709 0.00597876 0.00705903 0.0126978 0.0211603 0.0310376 0.040194 0.0464376 0.0486885 0.0474934 0.0444081 0.0408089 0.0371499 0.0331293 0.0283711
 1.06988e-16 6.10688e-05 0.000593611 0.00394475 0.0179323 0.0557941 0.118876 0.173506 0.17352 0.118945 0.0560263 0.0186041 0.00563544 0.00429862 0.00713988 0.0118195 0.0172889 0.0223166 0.0256941 0.0268874 0.0263266 0.0250263 0.0238496 0.0230149 0.022155 0.0207452
 1.0234e-16 7.17195e-05 0.000697139 0.00463273 0.0210597 0.0655247 0.139608 0.203763 0.203773 0.139654 0.0656788 0.0215049 0.00575073 0.00313942 0.00471516 0.00769543 0.0111123 0.0140482 0.0156234 0.0154429 0.0138287 0.0115923 0.00953227 0.00804825 0.00709708 0.00640666
 1.00729e-16 7.36429e-05 0.000715835 0.00475697 0.0216245 0.067282 0.143352 0.209228 0.209237 0.143395 0.0674287 0.0220482 0.00582028 0.00303617 0.0044778 0.00727937 0.0104631 0.0131239 0.0143933 0.0138719 0.0118642 0.00917368 0.00662628 0.00469168 0.00341952 0.00261732
 1.00808e-16 6.71107e-05 0.00065234 0.00433503 0.0197064 0.0613141 0.130637 0.190671 0.190687 0.130715 0.0615763 0.0204637 0.00623533 0.00479874 0.00793606 0.0129982 0.018681 0.0234126 0.0256374 0.0246341 0.0209417 0.0159966 0.0112839 0.00766161 0.005244 0.00371346
 1.01638e-16 6.26573e-05 0.000609051 0.00404736 0.0183987 0.0572453 0.121968 0.17802 0.178039 0.122061 0.0575565 0.0192976 0.00630446 0.0055386 0.0094313 0.0155094 0.0223735 0.0282111 0.0312107 0.030523 0.0267457 0.0214876 0.016382 0.0123287 0.0094023 0.00724754
 1.02669e-16 6.05029e-05 0.00058811 0.0039082 0.0177661 0.0552771 0.117774 0.171899 0.171919 0.117871 0.055601 0.0187022 0.00625949 0.00572637 0.00983471 0.0162039 0.0234315 0.0296632 0.0330423 0.0327 0.029244 0.0242967 0.0194735 0.0156163 0.0127288 0.0104129
 1.02184e-16 6.77379e-05 0.000658437 0.00437555 0.0198906 0.0618871 0.131858 0.192453 0.192465 0.13192 0.0620978 0.0204994 0.00590493 0.00400126 0.00642863 0.0105527 0.0152702 0.0193602 0.0216227 0.0214996 0.019388 0.0163351 0.0133732 0.0110238 0.00926151 0.00780568
 1.00307e-16 7.9519e-05 0.000772953 0.00513654 0.02335 0.0726505 0.15479 0.225921 0.225923 0.154803 0.0726959 0.0234811 0.0054658 0.00149182 0.00144509 0.00226396 0.00325542 0.00409743 0.00452099 0.00440354 0.00383676 0.00306203 0.00232422 0.00175765 0.00137034 0.00110179
 1.01053e-16 3.19319e-05 0.00031039 0.00206265 0.00937655 0.0291742 0.0621609 0.0907376 0.0907945 0.062439 0.0301078 0.0120716 0.00882217 0.0150486 0.0279699 0.0460513 0.0660109 0.0823264 0.0893912 0.0846204 0.0700281 0.05095 0.0329759 0.0194414 0.0109037 0.00619252
 1.01284e-16 7.68939e-05 0.000747436 0.00496698 0.0225792 0.0702522 0.14968 0.218463 0.218465 0.149692 0.0702946 0.0227025 0.00527911 0.00143742 0.00141243 0.0022786 0.00342619 0.00462169 0.00567134 0.00646616 0.0070073 0.00733836 0.00745114 0.00726325 0.00668981 0.00573781
 1.01738e-16 5.38123e-05 0.000523075 0.00347602 0.0158015 0.0491644 0.104751 0.152894 0.152925 0.104904 0.0496759 0.0172781 0.00717983 0.0085996 0.0153665 0.0252507 0.0362117 0.0452097 0.0491924 0.0467684 0.0390614 0.0289976 0.0196121 0.0126702 0.00838999 0.00604301
 1.04264e-16 5.42023e-05 0.000526866 0.00350121 0.015916 0.0495207 0.10551 0.153999 0.154021 0.105617 0.0498801 0.0169556 0.00611643 0.00625434 0.0109854 0.0182147 0.026556 0.0340609 0.038749 0.0396555 0.037322 0.0332779 0.0289755 0.0250661 0.021451 0.0178131
 1.03652e-16 6.6116e-05 0.000642671 0.00427077 0.0194143 0.0604053 0.1287 0.187844 0.187857 0.128762 0.0606135 0.0200163 0.00578406 0.00395368 0.00637655 0.0104959 0.0152525 0.0194768 0.0220224 0.0223656 0.0208952 0.0185955 0.0163881 0.0146615 0.0132715 0.0118677
 1.02422e-16 6.56667e-05 0.000638304 0.00424175 0.0192824 0.0599948 0.127826 0.186569 0.186585 0.127903 0.0602536 0.0200298 0.00611827 0.00473587 0.00785108 0.0128846 0.0185766 0.0234091 0.0258827 0.0253108 0.0222233 0.0179957 0.014011 0.011009 0.00900028 0.00760303
 1.06388e-16 2.73815e-05 0.000266158 0.00176872 0.00804036 0.0250168 0.0533029 0.0778079 0.0778595 0.0535551 0.0258637 0.0104871 0.0079127 0.0136863 0.0255372 0.0422337 0.060973 0.0769579 0.0852962 0.083707 0.0738387 0.0600683 0.0468054 0.0364242 0.0290259 0.023538
 1.06007e-16 6.61026e-05 0.000642541 0.00426991 0.0194104 0.060393 0.128674 0.187805 0.187811 0.128706 0.0605012 0.0197249 0.00506694 0.00240748 0.00349157 0.00586005 0.00888539 0.0121171 0.015121 0.0176695 0.0197922 0.021579 0.0229227 0.0234651 0.022809 0.0208096
 1.05447e-16 5.57387e-05 0.0005418 0.00360045 0.0163671 0.0509244 0.108501 0.158365 0.15839 0.108623 0.0513357 0.0175549 0.0065815 0.00704796 0.0124084 0.0204175 0.029394 0.0369519 0.0407167 0.039639 0.034645 0.0280292 0.0220762 0.0179699 0.0156241 0.0142393
 1.08612e-16 3.99419e-05 0.000388249 0.00258005 0.0117286 0.0364921 0.0777516 0.113488 0.113522 0.0779172 0.0370487 0.0133377 0.00662562 0.00924085 0.0169145 0.0280615 0.0407969 0.052092 0.0588602 0.0596475 0.0554244 0.0487699 0.0421574 0.0367285 0.0322857 0.0281016
 1.05718e-16 6.60051e-05 0.000641593 0.00426361 0.0193818 0.0603039 0.128484 0.187528 0.187538 0.12853 0.0604593 0.0198318 0.00539802 0.00313364 0.004845 0.00802693 0.0118438 0.0155021 0.0182348 0.0196915 0.0201041 0.0200264 0.0198711 0.0196359 0.0190034 0.0176545
 1.03747e-16 6.21403e-05 0.000604025 0.00401396 0.0182469 0.056773 0.120962 0.176551 0.17657 0.121055 0.0570851 0.0191483 0.0062766 0.00554345 0.0094435 0.0155159 0.0223533 0.028134 0.0310537 0.0303022 0.0265543 0.0215146 0.0168884 0.0135728 0.0115374 0.0102394
 1.07886e-16 2.96063e-05 0.000287784 0.00191243 0.00869365 0.0270494 0.0576334 0.0841274 0.0841742 0.0578621 0.0278177 0.0109139 0.0074898 0.0124775 0.0232219 0.0384527 0.0556438 0.0705036 0.0786528 0.0780438 0.0701222 0.0587258 0.0476639 0.0389008 0.0324064 0.0271934
 1.17751e-16 3.61887e-05 0.000351767 0.00233762 0.0106265 0.033063 0.070445 0.102821 0.102841 0.0705429 0.0333928 0.011584 0.00476047 0.00570557 0.0103944 0.0176264 0.02656 0.0358656 0.0441611 0.0507624 0.0558937 0.0600917 0.063352 0.0648416 0.0634266 0.0585171
 1.06047e-16 7.18601e-05 0.000698506 0.00464182 0.021101 0.0656532 0.139881 0.204162 0.204167 0.139908 0.0657437 0.0213629 0.00530134 0.00214571 0.00284298 0.00464772 0.00683849 0.00893141 0.0105024 0.0114022 0.0118496 0.0122569 0.0129128 0.0137752 0.0145076 0.0146936
pSPR Fmed_Fpbrs
0.556981   0.243523 0.243523
Fs Fmed_Fpbrs
0.354992   1.005 1.005
SSBpbr Bo_Bmed_Bpbrs
1.69717e+06  860433  328442 328442
Ro
141063
SPR SPRFo_SPRFmed_SPRFpbrs
1.00831e+06 561607 245546
Fref
1.005
Nvult_r0
 171755 12426.7 5689.57 7565.85 2431.23
CTP_r0
 27348.7 2690.21 1255.47 1671.19 537.053
YTP_r0
391270
Np
 203853 75164 4810.29 2181.62 3702.94
Nvult_p0
 165528 64779.7 4161.64 1887.82 3204.3
CTP_p0
 66486.6 32052.4 2084.58 946.232 1606.14
YTP_p0
 1.14792e+06
CBA_c0
618266
log_Ro
11.677
likeval ReclasPelacesDesembMPH_pf_preclas_ppelaces_ptallas_desvR_qrecl_qpela
 12.004 22.2449 0.00863172 0.00237029 241.282 117.283 99.4621 0 30.7601 0 0 0.0246139 0 0 0
q_reclas_q_pelaces
1 1
M
1
N
 160602 43694.2 96863 7839.03 0.229703
 96276.6 51990.7 13338.8 29433.7 2381.52
 92185.2 27909.9 13510.7 3436.63 8193.12
 93001.2 26744.3 7261.01 3484.93 2998.31
 75370.7 21572.6 5020.27 1340.48 1195.79
 217252 22844.3 5982.32 1382.47 698.162
 67836.1 59456 5458.22 1414.17 491.557
 25406.4 12433.9 7915.76 708.634 247.078
 34227.5 8163.79 3754.85 2378.78 287.127
 53585.4 7578.1 1431.77 646.565 458.598
 98083.4 10628.5 1132.05 209.166 161.254
 135009 32276.5 3323.1 352.524 115.324
 108844 32635.5 6434.49 652.507 91.7883
 74820.6 27101.8 6793.42 1320.66 152.648
 70151.8 13776.4 3632.16 887.975 192.316
 456332 15463.7 2400.67 621.34 184.615
 72038.5 119110 3448.14 528.715 177.381
 708710 21492.5 32278.7 927.401 189.83
 381752 211169 5813.48 8664.83 299.783
 277923 105608 51254.8 1396.6 2152.41
 442330 78173.7 26262.5 12623.1 873.58
 583875 132218 21243.6 7083.49 3638.83
 97101.9 165710 33312.6 5302.45 2674.94
 350737 30613 48670.5 9729.85 2329.3
 276095 112015 9162.65 14493.2 3589.99
 116926 88285.9 33587.3 2733.51 5393.28
 299479 38272.3 27389.3 10376.1 2510
 350132 95582.1 11444.1 8147.96 3832.37
 82130.8 115209 29881 3563.27 3729.41
 55286.4 27238.1 36432.5 9413.94 2297.07
 246919 17237 7871.19 10465.4 3362.96
pred_Ctot
 12312.9 4772.3 10821.1 876.797 0.0256939
 13154.1 9925.1 2600.66 5745.14 464.874
 12558.4 5313.22 2626.89 668.934 1594.87
 22544.7 8737.7 2416.2 1160.79 998.754
 8523.96 3435.22 816.951 218.389 194.828
 36023.1 5241.42 1400.8 324.066 163.666
 22748.6 25979.5 2423.11 628.333 218.414
 2054.79 1430.69 931.526 83.4919 29.1128
 8974.68 2864.81 1341.34 850.575 102.672
 16403.2 3055.59 587.004 265.315 188.193
 6600.33 1021.94 111.36 20.6008 15.8829
 30276.8 9817.6 1030.01 109.376 35.783
 22948.5 9376.33 1884.46 191.294 26.9108
 24969 11791.9 3003.18 584.319 67.541
 18522.7 4864.93 1305.65 319.502 69.2007
 86158.1 4008.73 634.752 164.459 48.8674
 8755.07 20326.5 601.207 92.2905 30.9647
 86618 3687.64 5658.43 162.758 33.3171
 61252.2 46968.3 1319.8 1969.26 68.1358
 42269.3 22327.6 11062.9 301.775 465.117
 53312.5 13234.4 4542.72 2185.96 151.289
 86143.2 27157.8 4455.23 1487.2 764.029
 8889.59 21509.7 4421.25 704.575 355.46
 29573.4 3668.29 5964.19 1193.74 285.796
 23087.9 13314.9 1113.82 1763.91 436.952
 8227.17 8867.32 3451.07 281.206 554.863
 25362.5 4605.7 3370.66 1278.45 309.282
 23578.6 9196.89 1126.56 803.065 377.743
 5157.37 10351.6 2747.11 327.99 343.305
 5402.13 3766.14 5149.81 1332.25 325.098
 27348.7 2690.21 1255.47 1671.19 537.053
F
 0.127862 0.186541 0.191158 0.191407 0.191421
 0.238244 0.34758 0.356183 0.356648 0.356672
 0.237478 0.346462 0.355037 0.3555 0.355525
 0.461188 0.672838 0.689492 0.690391 0.690438
 0.193716 0.282616 0.289611 0.289989 0.290009
 0.295822 0.431581 0.442264 0.44284 0.442871
 0.696665 1.01638 1.04154 1.0429 1.04297
 0.135292 0.197381 0.202266 0.20253 0.202544
 0.507768 0.740795 0.759131 0.760121 0.760173
 0.617738 0.901231 0.923538 0.924743 0.924807
 0.11148 0.16264 0.166666 0.166883 0.166895
 0.419944 0.612666 0.627831 0.62865 0.628693
 0.390319 0.569445 0.58354 0.584301 0.584341
 0.692136 1.00977 1.03477 1.03612 1.03619
 0.512165 0.747209 0.765704 0.766702 0.766755
 0.343172 0.500662 0.513054 0.513723 0.513758
 0.209497 0.30564 0.313205 0.313613 0.313635
 0.210789 0.307525 0.315136 0.315548 0.315569
 0.285038 0.415848 0.426141 0.426697 0.426726
 0.268411 0.39159 0.401283 0.401806 0.401834
 0.207604 0.302878 0.310374 0.310779 0.310801
 0.25945 0.378518 0.387886 0.388392 0.388419
 0.154335 0.225163 0.230736 0.231037 0.231053
 0.1414 0.206291 0.211397 0.211673 0.211687
 0.140164 0.204488 0.20955 0.209823 0.209838
 0.116819 0.170429 0.174648 0.174876 0.174888
 0.142059 0.207254 0.212384 0.212661 0.212675
 0.111565 0.162765 0.166793 0.167011 0.167022
 0.103696 0.151285 0.15503 0.155232 0.155242
 0.165469 0.241407 0.247382 0.247705 0.247722
 0.189387 0.276301 0.28314 0.283509 0.283529
nmprior
 8.19 8.8 8.5 0
nm_flota  nm_reclas  nm_pelaces    nm_pelaL
inf 14.7395 14.1463 31.3211
cv_recla  cv_pelaces  cv_mph
0.313393 0.534795 1.50247
 ------------------------------------------------
Talla a la edad & desviaci?n 
 8 13.2811 15.8009 17.003 17.5766
 0.8 1.32811 1.58009 1.7003 1.75766
