years
 1991 1992 1993 1994 1995 1996 1997 1998 1999 2000 2001 2002 2003 2004 2005 2006 2007 2008 2009 2010 2011 2012 2013 2014 2015 2016 2017 2018 2019 2020 2021
reclasobs
 0 0 0 0 0 0 0 0 0 252601 567819 844713 477998 351125 339783 2.1784e+06 2.13404e+06 4.81314e+06 1.55562e+06 2.62356e+06 3.21686e+06 3.843e+06 1.13348e+06 3.07943e+06 1.97215e+06 2.03268e+06 2.025e+06 2.42433e+06 2.27542e+06 1.05018e+06 2.36338e+06
reclaspred
 1.04538e+06 1.05196e+06 436129 120174 8034.21 450849 257181 35275.3 243533 202388 259347 643404 608267 164398 332472 817890 2.45103e+06 3.6381e+06 917604 1.2333e+06 2.76903e+06 1.7048e+06 1.15864e+06 2.17321e+06 2.06475e+06 1.0656e+06 613257 2.28344e+06 3.46919e+06 1.45676e+06 634252
pelacesobs
 0 0 0 0 0 0 0 0 0 0 0 0 0 0 0 552880 188675 0 991730 2.46772e+06 1.41603e+06 1.21717e+06 2.29649e+06 1.80582e+06 0 1.4828e+06 1.56532e+06 1.57751e+06 1.42118e+06 867257 1.10002e+06
pelacespred
 342208 434227 195694 36234.1 771.189 197115 74354.4 11170.8 104290 73714.3 122853 263196 253674 57499 160361 333916 995657 1.44484e+06 466174 485641 1.0964e+06 828750 527366 1.12312e+06 1.06112e+06 547307 317000 1.21818e+06 1.55218e+06 861728 324407
mphobs
 0 0 0 0 0 0 0 0 0 0 0 498337 0 5186 125008 0 168611 109162 213762 579715 649985 157893 87575 83554 0 0 0 0 0 0 0
mphpred
 316533 1.14842e+06 539089 137596 35051.8 621.703 432966 61938.3 9178.32 258618 68948.8 330877 607791 255797 55327.9 326768 926867 3.13682e+06 1.56921e+06 345670 1.7409e+06 1.78222e+06 1.17828e+06 725349 2.19858e+06 1.26409e+06 514252 407499 3.20982e+06 1.90354e+06 720283
desembarqueobs
 494567 514787 250237 358949 120608 361735 552515 73892 212993 205616 52469 317467 293654 387597 252695 516296 358380 742168 942051 627588 828172 859565 418607 520667 417249 300574 415391 372974 316634 284311 391294
desembarquepred
 493797 519885 246692 359324 120348 361512 551416 73484.1 212451 205481 52397.3 317034 293506 387907 252745 515751 358813 742424 943229 629381 828342 857468 419012 520402 416918 300894 415797 372417 316261 284148 389394
Reclutas
 508914 925.085 1192.08 77641.8 1013.95 279330 302.16 298.6 90303.1 482.462 130317 247893 32045.9 28236.1 130697 429799 668046 41110 44023.2 739358 376783 356217 47721.5 562907 125829 4678.15 123036 812910 3981.4 717.682 66393.9
log_desv_Rt
 2.633 -3.67714 -3.42357 0.752831 -3.58542 2.03312 -4.79607 -4.80793 0.903897 -4.32813 1.27069 1.91372 -0.132106 -0.258675 1.27361 2.46404 2.90508 0.116976 0.185442 3.00651 2.33239 2.27627 0.266107 2.73384 1.23565 -2.05637 1.2132 3.10135 -2.21764 -3.931 0.596331
SSB
 316533 1.14842e+06 539089 137596 35051.8 621.703 432966 61938.3 9178.32 258618 68948.8 330877 607791 255797 55327.9 326768 926867 3.13682e+06 1.56921e+06 345670 1.7409e+06 1.78222e+06 1.17828e+06 725349 2.19858e+06 1.26409e+06 514252 407499 3.20982e+06 1.90354e+06 720283
BT
 1.62004e+06 1.45173e+06 688870 472103 91864.9 1.22988e+06 660410 96649.2 662431 351551 539545 1.18624e+06 890721 578377 948318 1.71033e+06 3.85119e+06 3.96478e+06 2.28695e+06 2.43406e+06 3.98303e+06 3.14297e+06 1.7026e+06 4.93559e+06 3.01227e+06 1.57561e+06 1.51524e+06 5.53028e+06 3.8314e+06 2.30412e+06 1.33613e+06
Ftot
 0.4415 0.453267 0.514995 2.24927 4.84693 0.742276 1.63132 1.59873 0.803764 0.880034 0.191945 0.457427 0.443842 1.80191 0.70194 0.582597 0.139281 0.192494 0.892249 0.476677 0.280648 0.46342 0.336548 0.226782 0.190616 0.264436 0.618856 0.15531 0.0868265 0.18411 0.559986
BD_Bspro_t
 0.931797 0.726271 0.462161 0.211559 0.0693147 0.00212453 0.449431 0.0948792 0.0237889 0.415101 0.21466 0.66413 0.643131 0.373455 0.133188 0.463927 0.610007 0.807099 0.617994 0.300495 0.641336 0.615262 0.530728 0.460981 0.737788 0.668812 0.514564 0.49937 0.865186 0.792038 0.623277
BD_Bspro
 1.21086 4.39313 2.06222 0.526358 0.134087 0.00237825 1.65626 0.236938 0.0351106 0.989314 0.263756 1.26573 2.32503 0.978519 0.21165 1.25001 3.54562 11.9995 6.00282 1.32232 6.65962 6.81769 4.50737 2.77474 8.41039 4.83564 1.96721 1.55884 12.2788 7.28175 2.75536
BD_Bo
 0.16752 0.607781 0.285304 0.0728205 0.0185506 0.000329026 0.22914 0.0327798 0.00485747 0.13687 0.03649 0.175111 0.321663 0.135376 0.0292814 0.172936 0.490529 1.66011 0.830478 0.18294 0.921344 0.943212 0.623586 0.383879 1.16356 0.669001 0.27216 0.215662 1.69875 1.00742 0.381198
BD_Brms
 0.711117 2.58002 1.21111 0.309122 0.078747 0.00139671 0.972694 0.13915 0.0206199 0.581008 0.154899 0.743344 1.36545 0.574669 0.124299 0.734111 2.08229 7.04712 3.52536 0.776577 3.91109 4.00392 2.64711 1.62956 4.93929 2.8399 1.15531 0.915481 7.21114 4.27646 1.61818
Sel_flota
 0.5 1 1 1 1
 0.5 1 1 1 1
 0.5 1 1 1 1
 0.5 1 1 1 1
 0.5 1 1 1 1
 0.5 1 1 1 1
 0.5 1 1 1 1
 0.5 1 1 1 1
 0.5 1 1 1 1
 0.5 1 1 1 1
 0.5 1 1 1 1
 0.5 1 1 1 1
 0.5 1 1 1 1
 0.5 1 1 1 1
 0.5 1 1 1 1
 0.5 1 1 1 1
 0.5 1 1 1 1
 0.5 1 1 1 1
 0.5 1 1 1 1
 0.5 1 1 1 1
 0.5 1 1 1 1
 0.5 1 1 1 1
 0.5 1 1 1 1
 0.5 1 1 1 1
 0.5 1 1 1 1
 0.5 1 1 1 1
 0.5 1 1 1 1
 0.5 1 1 1 1
 0.5 1 1 1 1
 0.5 1 1 1 1
 0.5 1 1 1 1
Sel_reclas
 0.5 1 1 1 1
 0.5 1 1 1 1
 0.5 1 1 1 1
 0.5 1 1 1 1
 0.5 1 1 1 1
 0.5 1 1 1 1
 0.5 1 1 1 1
 0.5 1 1 1 1
 0.5 1 1 1 1
 0.5 1 1 1 1
 0.5 1 1 1 1
 0.5 1 1 1 1
 0.5 1 1 1 1
 0.5 1 1 1 1
 0.5 1 1 1 1
 0.5 1 1 1 1
 0.5 1 1 1 1
 0.5 1 1 1 1
 0.5 1 1 1 1
 0.5 1 1 1 1
 0.5 1 1 1 1
 0.5 1 1 1 1
 0.5 1 1 1 1
 0.5 1 1 1 1
 0.5 1 1 1 1
 0.5 1 1 1 1
 0.5 1 1 1 1
 0.5 1 1 1 1
 0.5 1 1 1 1
 0.5 1 1 1 1
 0.5 1 1 1 1
Sel_pelaces
 0.5 1 1 1 1
 0.5 1 1 1 1
 0.5 1 1 1 1
 0.5 1 1 1 1
 0.5 1 1 1 1
 0.5 1 1 1 1
 0.5 1 1 1 1
 0.5 1 1 1 1
 0.5 1 1 1 1
 0.5 1 1 1 1
 0.5 1 1 1 1
 0.5 1 1 1 1
 0.5 1 1 1 1
 0.5 1 1 1 1
 0.5 1 1 1 1
 0.5 1 1 1 1
 0.5 1 1 1 1
 0.5 1 1 1 1
 0.5 1 1 1 1
 0.5 1 1 1 1
 0.5 1 1 1 1
 0.5 1 1 1 1
 0.5 1 1 1 1
 0.5 1 1 1 1
 0.5 1 1 1 1
 0.5 1 1 1 1
 0.5 1 1 1 1
 0.5 1 1 1 1
 0.5 1 1 1 1
 0.5 1 1 1 1
 0.5 1 1 1 1
pf_obs 
 0.8446 0.082 0.0669 0.0065 0
 0.8095 0.147 0.0364 0.0071 0
 0.9664 0.0169 0.016 0.0007 0
 0.9276 0.0648 0.0075 0.0001 0
 0.7033 0.2144 0.0806 0.0017 0
 0.9318 0.0425 0.0243 0.0014 0
 0.5671 0.3108 0.0964 0.0239 0.0018
 0.0768 0.2599 0.5324 0.112 0.0189
 0.490249 0.384438 0.106611 0.0170017 0.00170017
 0.7925 0.1577 0.0466 0.003 0.0002
 0.840416 0.127587 0.0312969 0.00059994 9.999e-05
 0.8084 0.0986 0.0794 0.0134 0.0002
 0.7335 0.1905 0.0724 0.0035 0.0001
 0.4001 0.4547 0.1325 0.0127 0
 0.49795 0.308269 0.164784 0.0264974 0.00249975
 0.9179 0.0499 0.0305 0.0017 0
 0.2467 0.6533 0.0926 0.0074 0
 0.9418 0.0223 0.034 0.0019 0
 0.707729 0.231977 0.0356964 0.0245975 0
 0.517169 0.277429 0.184464 0.0207286 0.00020938
 0.811772 0.124168 0.05621 0.00726502 0.000585176
 0.764997 0.148141 0.077277 0.00933861 0.000247198
 0.163321 0.427699 0.378323 0.0303852 0.000271297
 0.753843 0.0900009 0.118128 0.0371064 0.000921714
 0.721811 0.176058 0.0630433 0.0369309 0.00215725
 0.143369 0.312575 0.442814 0.0836902 0.0175525
 0.692698 0.0596174 0.167031 0.0765114 0.00414204
 0.394062 0.376323 0.152708 0.0712218 0.00568511
 0.125707 0.32114 0.495352 0.0537591 0.00404204
 0.23352 0.215282 0.420074 0.123614 0.00750983
 0.774587 0.0839891 0.0768558 0.0609784 0.00358967
pf_pred 
 0.91589 0.0531678 0.0195594 0.00719548 0.0041876
 0.00322636 0.958296 0.0243225 0.00894776 0.00520739
 0.0175921 0.00724616 0.937518 0.0237952 0.0138482
 0.865881 0.00539691 0.000949447 0.122841 0.00493232
 0.0804404 0.888259 0.00125952 0.000221579 0.0298193
 0.999621 0.000205818 0.000166857 2.36597e-07 5.64311e-06
 0.00277806 0.997072 8.1405e-05 6.59954e-05 2.32554e-06
 0.0363544 0.00919438 0.954308 7.79135e-05 6.53907e-05
 0.991816 0.000934299 6.91739e-05 0.00717974 1.07815e-06
 0.0125589 0.984286 0.00036018 2.66671e-05 0.00276827
 0.950657 0.00160389 0.0475868 1.74135e-05 0.000135125
 0.75234 0.241733 0.000192631 0.00571531 1.83203e-05
 0.174066 0.722474 0.100985 8.04721e-05 0.00239524
 0.393707 0.197293 0.357767 0.0500073 0.00122596
 0.92579 0.0523552 0.00711172 0.0128963 0.00184678
 0.87308 0.122959 0.00279446 0.000379588 0.000786909
 0.732776 0.25192 0.0148264 0.000336957 0.000140657
 0.0735267 0.788492 0.130079 0.00765564 0.000246616
 0.213576 0.113146 0.573005 0.0945301 0.00574265
 0.942488 0.0240822 0.00480971 0.0243579 0.00426249
 0.475364 0.511149 0.00564705 0.00112783 0.0067112
 0.517811 0.319887 0.15813 0.00174698 0.0024251
 0.148789 0.606136 0.162585 0.0803707 0.00212049
 0.847093 0.0426517 0.0785112 0.0210592 0.0106849
 0.245979 0.695359 0.0163631 0.0301205 0.0121785
 0.0233827 0.398874 0.532796 0.0125377 0.0324102
 0.693479 0.0151019 0.119023 0.158984 0.0134123
 0.914394 0.0723915 0.000651074 0.00513132 0.00743239
 0.00696205 0.950539 0.0359383 0.000323221 0.00623717
 0.00375256 0.0141266 0.940089 0.0355432 0.00648827
 0.547957 0.00356805 0.00635927 0.423194 0.0189211
pobs_RECLAS
 0 0 0 0 0
 0 0 0 0 0
 0 0 0 0 0
 0 0 0 0 0
 0 0 0 0 0
 0 0 0 0 0
 0 0 0 0 0
 0 0 0 0 0
 0 0 0 0 0
 0 0 0 0 0
 0.991045 0.00858322 0.000360255 1.14367e-05 0
 0.934742 0.0480273 0.0164251 0.00080598 0
 0.827803 0.169806 0.00239088 0 0
 0.941827 0.0461693 0.0120037 0 0
 0.791401 0.0380133 0.147996 0.0225897 0
 0.846168 0.0940531 0.0597789 0 0
 0.134021 0.677848 0.182769 0.00536245 0
 0.80878 0.0450904 0.141981 0.00414843 0
 0.846168 0.0940531 0.0597789 0 0
 0.905697 0.0802665 0.012482 0.00150086 5.37128e-05
 0.989698 0.0102097 9.19794e-05 0 0
 0.975433 0.0193895 0.00387452 0.00125025 5.28907e-05
 0.303575 0.632131 0.0575291 0.00676475 0
 0.966965 0.00978017 0.0227588 0.000495775 0
 0.843318 0.132988 0.00938335 0.0141283 0.000182051
 0.564624 0.303363 0.111486 0.0197234 0.00080311
 0.826376 0.0876187 0.0782897 0.00655872 0.00115652
 0.89761 0.0855135 0.0140674 0.00269457 0.000114338
 0.34875 0.467042 0.161289 0.0227151 0.000203297
 0.318654 0.224769 0.449479 0.00709798 0
 0.937255 0.0296025 0.0250945 0.00804832 0
ppred_RECLAS
 0.917704 0.0520208 0.0191374 0.00704025 0.00409726
 0.00330636 0.958219 0.0243206 0.00894704 0.00520697
 0.0180973 0.00724244 0.937036 0.0237829 0.0138411
 0.889944 0.00442861 0.000779101 0.100801 0.00404738
 0.150631 0.820458 0.00116338 0.000204666 0.0275432
 0.999639 0.000196512 0.000159313 2.259e-07 5.38797e-06
 0.00319324 0.996657 8.13711e-05 6.59679e-05 2.32457e-06
 0.0414161 0.00914608 0.949295 7.75043e-05 6.50472e-05
 0.992223 0.00088778 6.57297e-05 0.00682226 1.02447e-06
 0.0133016 0.983546 0.000359909 2.66471e-05 0.00276618
 0.951075 0.00159029 0.0471833 1.72658e-05 0.00013398
 0.756942 0.237241 0.000189052 0.00560911 1.79799e-05
 0.177536 0.719439 0.10056 8.01341e-05 0.00238518
 0.432909 0.184536 0.334634 0.0467739 0.0011467
 0.92869 0.0503096 0.00683385 0.0123924 0.00177462
 0.876771 0.119383 0.0027132 0.00036855 0.000764028
 0.734004 0.250762 0.0147583 0.000335408 0.00014001
 0.074141 0.787969 0.129993 0.00765056 0.000246453
 0.223707 0.111688 0.565624 0.0933123 0.00566868
 0.94389 0.0234952 0.00469247 0.0237642 0.00415859
 0.478812 0.50779 0.00560994 0.00112042 0.0066671
 0.524115 0.315705 0.156063 0.00172414 0.00239339
 0.15097 0.604582 0.162168 0.0801647 0.00211505
 0.848488 0.0422626 0.0777949 0.020867 0.0105874
 0.247631 0.693835 0.0163273 0.0300545 0.0121518
 0.0236791 0.398753 0.532634 0.0125339 0.0324003
 0.701173 0.0147228 0.116035 0.154994 0.0130756
 0.914946 0.0719242 0.000646872 0.0050982 0.00738442
 0.00698825 0.950514 0.0359373 0.000323213 0.00623701
 0.00378466 0.0141261 0.940059 0.035542 0.00648806
 0.555886 0.00350547 0.00624773 0.415772 0.0185892
pobs_PELACES
 0 0 0 0 0
 0 0 0 0 0
 0 0 0 0 0
 0 0 0 0 0
 0 0 0 0 0
 0 0 0 0 0
 0 0 0 0 0
 0 0 0 0 0
 0 0 0 0 0
 0 0 0 0 0
 0 0 0 0 0
 0 0 0 0 0
 0 0 0 0 0
 0 0 0 0 0
 0 0 0 0 0
 0 0 0 0 0
 0.505614 0.472636 0.0217494 0 0
 0 0 0 0 0
 0.443492 0.261883 0.143347 0.151278 0
 0.227955 0.32914 0.350689 0.0885471 0.00366901
 0.970185 0.0296113 0.000203453 0 0
 0.997202 0.00247181 0.000326279 0 0
 0.445219 0.490057 0.0546422 0.010081 0
 0.90214 0.0892962 0.00764917 0.000914606 0
 0 0 0 0 0
 0.581667 0.319106 0.0959925 0.00289975 0.000334073
 0.762889 0.0836404 0.116647 0.0363945 0.000428098
 0.88444 0.0763242 0.0277011 0.0115352 0
 0.521256 0.241999 0.230069 0.00667565 0
 0.616807 0.101726 0.260614 0.0208532 0
 0.833518 0.0704572 0.0857862 0.0102388 0
ppred_PELACES
 0.923041 0.0486472 0.0178963 0.00658369 0.00383155
 0.00356221 0.957973 0.0243143 0.00894475 0.00520563
 0.0196708 0.00723083 0.935535 0.0237448 0.0138189
 0.921384 0.00316349 0.000556534 0.0720052 0.00289116
 0.282942 0.692651 0.000982151 0.000172784 0.0232527
 0.99968 0.000173867 0.000140955 1.99868e-07 4.76708e-06
 0.00417543 0.995675 8.12909e-05 6.59029e-05 2.32228e-06
 0.053252 0.00903315 0.937574 7.65473e-05 6.4244e-05
 0.993183 0.000778266 5.76216e-05 0.00598069 8.98094e-07
 0.0153484 0.981505 0.000359163 2.65918e-05 0.00276044
 0.952528 0.00154306 0.0457822 1.67531e-05 0.000130001
 0.770558 0.223952 0.000178462 0.0052949 1.69727e-05
 0.188483 0.709863 0.0992219 7.90675e-05 0.00235343
 0.50683 0.160481 0.291014 0.0406768 0.000997222
 0.935989 0.0451597 0.00613431 0.0111238 0.00159297
 0.886786 0.10968 0.00249268 0.000338596 0.00070193
 0.738467 0.246555 0.0145107 0.000329781 0.000137661
 0.076351 0.786088 0.129683 0.0076323 0.000245865
 0.250308 0.107861 0.546242 0.0901148 0.00547443
 0.947913 0.0218107 0.00435603 0.0220603 0.00386043
 0.490377 0.496522 0.00548546 0.00109556 0.00651916
 0.543142 0.303082 0.149823 0.00165521 0.0022977
 0.158226 0.599415 0.160782 0.0794796 0.00209698
 0.853236 0.0409382 0.075357 0.0202131 0.0102556
 0.253537 0.688389 0.0161991 0.0298186 0.0120564
 0.024709 0.398332 0.532072 0.0125207 0.0323661
 0.72212 0.0136908 0.107901 0.144129 0.0121591
 0.916919 0.0702557 0.000631865 0.00497993 0.00721312
 0.00708838 0.950418 0.0359337 0.00032318 0.00623638
 0.00390093 0.0141244 0.939949 0.0355379 0.00648731
 0.578563 0.00332647 0.00592871 0.394542 0.01764
pobs_pel_tallas
 0 0 0 0 0 0 0 0 0 0 0 0 0 0 0 0 0 0 0 0 0 0 0 0 0 0
 0 0 0 0 0 0 0 0 0 0 0 0 0 0 0 0 0 0 0 0 0 0 0 0 0 0
 0 0 0 0 0 0 0 0 0 0 0 0 0 0 0 0 0 0 0 0 0 0 0 0 0 0
 0 0 0 0 0 0 0 0 0 0 0 0 0 0 0 0 0 0 0 0 0 0 0 0 0 0
 0 0 0 0 0 0 0 0 0 0 0 0 0 0 0 0 0 0 0 0 0 0 0 0 0 0
 0 0 0 0 0 0 0 0 0 0 0 0 0 0 0 0 0 0 0 0 0 0 0 0 0 0
 0 0 0 0 0 0 0 0 0 0 0 0 0 0 0 0 0 0 0 0 0 0 0 0 0 0
 0 0 0 0 0 0 0 0 0 0 0 0 0 0 0 0 0 0 0 0 0 0 0 0 0 0
 0 0 0 0 0 0 0 0 0 0 0 0 0 0 0 0 0 0 0 0 0 0 0 0 0 0
 0 0 0 0 0 0 0 0 0 0 0 0 0 0 0 0 0 0 0 0 0 0 0 0 0 0
 0 0 0 0 0 0 0 0 0 0 0 0 0 0 0 0 0 0 0 0 0 0 0 0 0 0
 0 0 0 0 0 0 0 0 0 0 0 0 0 0 0 0 0 0 0 0 0 0 0 0 0 0
 0.00862536 0 0 0.000197151 0.00414017 0.0128641 0.00837892 0.0270097 0.101434 0.158115 0.152841 0.127902 0.109271 0.109419 0.0830992 0.0579132 0.0238553 0.00714673 0.00463305 0.00128148 0.00103504 0.000492878 0.000147863 0.000147863 4.92878e-05 0
 0 0 0 0 0 0 0 0 0 0 0 0 0 0 0 0 0 0 0 0 0 0 0 0 0 0
 0 0 0 0 0 0 0 0.0054083 0.00873648 0.0413646 0.0450493 0.0745869 0.0622846 0.0627006 0.0613931 0.0827291 0.12552 0.122667 0.0946155 0.0697135 0.0546179 0.0294188 0.0215738 0.0213955 0.0102223 0.00600262
 0 0 0 0 0.00359764 0.0251062 0.0480494 0.140153 0.205849 0.193036 0.1447 0.116669 0.0760912 0.0342217 0.00950174 0.001854 0.000860785 0 0 0 0.000165536 0 0.000143464 0 0 0
 0 0 0 0 0 0 0 0.000145254 0.000435761 0.0275982 0.070085 0.0708112 0.156366 0.174668 0.174014 0.160142 0.0824315 0.0480064 0.0283245 0.00493863 0.00203355 0 0 0 0 0
 0 0 0 0 0 0 0 0 0 0 0 0 0 0 0 0 0 0 0 0 0 0 0 0 0 0
 0 0 1.00437e-05 0.000401748 0.00122533 0.00171747 0.00176769 0.0269171 0.070346 0.194647 0.189555 0.159765 0.064822 0.0314167 0.0384472 0.0292271 0.0345202 0.0313363 0.0194345 0.0106764 0.0143323 0.0359363 0.0279516 0.0138201 0.00172751 0
 0 0.0021121 0.0136068 0.0755702 0.200478 0.177729 0.0527432 0.0373336 0.0318909 0.0142505 0.0149659 0.0166563 0.0217959 0.0798694 0.0677717 0.0528807 0.04013 0.0224614 0.0357745 0.0225083 0.00881397 0.00855152 0.00135912 0.000746735 0 0
 0 0 0 0 5.4009e-05 0.00500934 0.000945158 0.0243581 0.138947 0.33067 0.221406 0.137944 0.0707744 0.0437923 0.0131692 0.00525238 0.0047753 0.00276346 9.45158e-05 9.00151e-06 2.25038e-05 9.00151e-06 4.50075e-06 0 0 0
 0.000866109 0.00284123 0.00948549 0.0512746 0.133035 0.25785 0.225252 0.132002 0.0553304 0.0519788 0.0540692 0.017754 0.00435017 0.00159236 0.00146478 0.000404838 0.000125132 0.000115318 0.000107957 0.000100596 0 0 0 0 0 0
 0 0 0 0 0.00144013 0.00171154 0.00461396 0.0210425 0.0478622 0.0707936 0.0888783 0.103762 0.0637923 0.0337046 0.0602308 0.124433 0.169614 0.0934646 0.0462172 0.0250306 0.0313229 0.00938855 0.002487 0.000210481 0 0
 0 0.00764035 0.051015 0.0998891 0.058973 0.0496711 0.0374665 0.0718981 0.12319 0.153886 0.159021 0.0857701 0.0377988 0.023471 0.0147837 0.00900784 0.00315554 0.000888139 0.00291439 0.00214683 0.00393193 0.00274676 0.000635225 9.99891e-05 0 0
 0 0 0 0 0 0 0 0 0 0 0 0 0 0 0 0 0 0 0 0 0 0 0 0 0 0
 0 0 0 0 0 0 0 0 0 0 0 0 0 0 0 0 0 0 0 0 0 0 0 0 0 0
 0 0 0 0 0 0 0 0 0 0 0 0 0 0 0 0 0 0 0 0 0 0 0 0 0 0
 0 0 0 0 0 0 0 0 0 0 0 0 0 0 0 0 0 0 0 0 0 0 0 0 0 0
 0 0 0 0 0 0 0 0 0 0 0 0 0 0 0 0 0 0 0 0 0 0 0 0 0 0
 0 0 0 0 0 0 0 0 0 0 0 0 0 0 0 0 0 0 0 0 0 0 0 0 0 0
 0 0 0 0 0 0 0 0 0 0 0 0 0 0 0 0 0 0 0 0 0 0 0 0 0 0
ppred_pel_tallas
 1.01838e-16 7.60297e-05 0.000739036 0.00491115 0.0223254 0.0694626 0.147998 0.216008 0.216012 0.148021 0.0695399 0.022549 0.00547345 0.0019698 0.00242313 0.00391116 0.00568754 0.00728182 0.0082711 0.00846591 0.00801283 0.0072748 0.00658599 0.00607746 0.00567928 0.00524424
 1.02725e-16 2.93614e-07 2.85412e-06 1.89711e-05 8.62966e-05 0.000268995 0.000576528 0.000860779 0.000952933 0.00102672 0.0017801 0.00444854 0.01096 0.0238582 0.0452203 0.0745335 0.106843 0.133255 0.144708 0.137035 0.113523 0.0828318 0.0540181 0.032463 0.0190167 0.011711
 1.3172e-16 1.62026e-06 1.57495e-05 0.000104661 0.000475776 0.00148032 0.00315406 0.00460387 0.00460602 0.00316525 0.00152208 0.000614861 0.0005234 0.00115978 0.00284641 0.00645107 0.0133508 0.0252122 0.043407 0.0680538 0.0970519 0.125788 0.148097 0.158377 0.153907 0.136031
 1.07728e-16 7.58932e-05 0.000737708 0.00490233 0.0222853 0.0693378 0.147732 0.215619 0.215619 0.147733 0.0693434 0.0223018 0.00494548 0.000837911 0.000285219 0.000405657 0.000716781 0.00122747 0.00204274 0.00330742 0.00515641 0.00762607 0.0105592 0.0135651 0.0160841 0.0175541
 1.04158e-16 2.33057e-05 0.00022654 0.00150544 0.00684355 0.0212932 0.0453698 0.0662325 0.0662991 0.0456952 0.0223853 0.00999588 0.0094108 0.0174594 0.0326796 0.0538013 0.0770634 0.0959992 0.104052 0.0982398 0.0810146 0.0587576 0.0381419 0.02313 0.0143018 0.0100788
 1.00006e-16 8.23423e-05 0.000800397 0.00531892 0.024179 0.0752299 0.160285 0.233941 0.233941 0.160285 0.0752302 0.0241798 0.00532095 0.000804866 9.0912e-05 2.01668e-05 2.14825e-05 2.76896e-05 3.23664e-05 3.45213e-05 3.44285e-05 3.29795e-05 3.09204e-05 2.84258e-05 2.52767e-05 2.13342e-05
 1.00264e-16 3.44132e-07 3.34518e-06 2.22345e-05 0.000101134 0.000315178 0.000675059 0.00100534 0.00110108 0.00114274 0.00188484 0.00463188 0.0113838 0.0247682 0.0469233 0.0772842 0.110652 0.137721 0.149008 0.140151 0.114594 0.0814549 0.0503373 0.0270485 0.0126431 0.00514664
 1.27078e-16 4.3863e-06 4.26364e-05 0.000283334 0.001288 0.00400745 0.00853837 0.0124625 0.0124648 0.00855036 0.00405187 0.00143463 0.000720415 0.00122451 0.00291394 0.0065375 0.0134198 0.0251664 0.0430674 0.0671525 0.0952492 0.122724 0.143475 0.152075 0.146063 0.127083
 1.00602e-16 8.18071e-05 0.000795194 0.00528435 0.0240219 0.074741 0.159244 0.232421 0.232421 0.159244 0.0747422 0.0240256 0.0052938 0.00081631 0.000123401 7.87742e-05 0.000116469 0.000171834 0.000243728 0.000341151 0.000476459 0.000656896 0.000874312 0.00109993 0.00128934 0.00139695
 1.00732e-16 1.26443e-06 1.22908e-05 8.16814e-05 0.00037137 0.00115598 0.00246642 0.00361959 0.00371397 0.00292745 0.00270332 0.00483771 0.0112818 0.0244255 0.0462585 0.0761896 0.10909 0.135788 0.146941 0.138254 0.113131 0.0805607 0.05001 0.0271931 0.0131314 0.00585483
 1.01346e-16 7.84585e-05 0.000762644 0.00506804 0.0230386 0.0716815 0.152725 0.222907 0.222907 0.152726 0.0716854 0.0230507 0.00510196 0.00084779 0.000272538 0.000410454 0.000778491 0.00138237 0.00227009 0.00343836 0.00478523 0.00609477 0.00707963 0.00748073 0.00717819 0.00624881
 1.00597e-16 6.34699e-05 0.00061695 0.00409985 0.0186373 0.0579878 0.12355 0.180329 0.180351 0.123655 0.0583409 0.0196566 0.00665589 0.00618885 0.0106222 0.0173994 0.0249164 0.0310364 0.0336331 0.031736 0.0261284 0.0188605 0.0120779 0.00705678 0.00399394 0.00240646
 1.03451e-16 1.55252e-05 0.000150911 0.00100286 0.00455889 0.0141848 0.0302246 0.0441281 0.0441965 0.0305589 0.015307 0.00780026 0.00913848 0.0179086 0.0337329 0.0557209 0.0802101 0.100735 0.110683 0.106957 0.0917857 0.0711749 0.0513168 0.0357645 0.0249936 0.0177508
 1.12688e-16 4.1747e-05 0.000405796 0.00269665 0.0122586 0.0381412 0.0812644 0.118611 0.118627 0.0813423 0.0384039 0.0130228 0.00463539 0.00470617 0.0084085 0.0143554 0.0218883 0.0300541 0.0378265 0.0446118 0.0503503 0.0550524 0.0582412 0.0589247 0.0561936 0.0499364
 1.01574e-16 7.70962e-05 0.000749403 0.00498004 0.0226386 0.070437 0.150074 0.219038 0.219042 0.150095 0.0705085 0.0228451 0.00549866 0.00188232 0.0022312 0.00357372 0.00515906 0.0065309 0.00728692 0.00725659 0.00660392 0.0057153 0.00495737 0.00449147 0.00425516 0.00407362
 1.00253e-16 7.30435e-05 0.000710008 0.00471826 0.0214485 0.0667343 0.142185 0.207525 0.207536 0.142236 0.0669073 0.0219479 0.00597076 0.00344078 0.00524911 0.00853555 0.0122261 0.0152428 0.0165422 0.015646 0.01293 0.00938751 0.00605907 0.00356592 0.00201066 0.00117154
 1.00539e-16 6.08266e-05 0.000591256 0.00392911 0.0178612 0.0555728 0.118405 0.17282 0.172844 0.118521 0.055962 0.0189847 0.00674771 0.0067386 0.0117189 0.0192329 0.0275945 0.0344772 0.0375516 0.0357391 0.0298594 0.0220977 0.0147357 0.00912456 0.00548401 0.00334727
 1.04751e-16 6.28909e-06 6.11323e-05 0.000406249 0.0018468 0.00574648 0.0122463 0.0178897 0.0179655 0.0126166 0.00698996 0.00543864 0.0094231 0.0197476 0.0374016 0.0618391 0.0891143 0.112119 0.123571 0.120052 0.103991 0.0819342 0.0605891 0.0437405 0.0318208 0.0234429
 1.25755e-16 2.06176e-05 0.00020041 0.0013318 0.00605416 0.0188368 0.0401342 0.0585794 0.0585906 0.0401895 0.0190251 0.00660906 0.00276585 0.00346736 0.00662525 0.0119653 0.0196736 0.0298367 0.0424049 0.0571486 0.0733185 0.0891706 0.101909 0.108458 0.106777 0.0969077
 1.02998e-16 7.80783e-05 0.000758949 0.00504348 0.0229269 0.0713342 0.151985 0.221827 0.221829 0.151996 0.0713689 0.0230274 0.00529617 0.0013128 0.00113694 0.00177575 0.00260082 0.00338696 0.00397566 0.00432689 0.00455163 0.00483631 0.00530603 0.00592906 0.00652578 0.00686379
 1.01499e-16 4.03918e-05 0.000392623 0.00260912 0.0118607 0.0369033 0.0786282 0.11477 0.114818 0.0788615 0.0376863 0.0141209 0.00827727 0.0127493 0.0234583 0.0385874 0.0552782 0.0688756 0.0746697 0.070502 0.0580955 0.0419817 0.0269108 0.0157209 0.00887368 0.00532849
 1.04956e-16 4.4738e-05 0.000434869 0.00288986 0.0131369 0.0408739 0.0870873 0.127113 0.127142 0.0872309 0.0413566 0.014533 0.00640193 0.00812705 0.0147273 0.024467 0.0356814 0.0457768 0.0520911 0.0533156 0.0501553 0.0446362 0.0386888 0.0331891 0.0280366 0.0228632
 1.13119e-16 1.3033e-05 0.000126686 0.000841874 0.00382707 0.0119077 0.0253729 0.0370446 0.0371025 0.0256559 0.0128585 0.00657501 0.00774649 0.0152226 0.0287516 0.0476934 0.0691344 0.0878586 0.0985445 0.09875 0.0903064 0.0779036 0.0660591 0.056885 0.0499808 0.0438378
 1.05948e-16 7.02799e-05 0.000683146 0.00453975 0.020637 0.0642095 0.136805 0.199672 0.199676 0.136825 0.0642766 0.0208325 0.00503617 0.00178579 0.00222029 0.00370631 0.00567807 0.00787035 0.0100545 0.0121225 0.0140976 0.0159957 0.0176623 0.0187528 0.0188934 0.0178968
 1.05675e-16 2.08837e-05 0.000202997 0.00134899 0.00613234 0.0190804 0.0406552 0.0593513 0.0594175 0.0409787 0.0201664 0.00926765 0.00921329 0.0173519 0.0325348 0.0536112 0.076899 0.0960281 0.104541 0.0995131 0.0833665 0.062348 0.0429142 0.0287847 0.0203436 0.0159282
 1.2219e-16 2.03533e-06 1.97842e-05 0.000131475 0.000597689 0.00185984 0.00396403 0.00579381 0.00583295 0.00415559 0.00250517 0.00247102 0.00486925 0.0104795 0.0202093 0.0342978 0.0514766 0.0690322 0.0840298 0.094863 0.10176 0.105753 0.107139 0.104963 0.097942 0.0858511
 1.1963e-16 5.94801e-05 0.000578168 0.00384213 0.0174658 0.0543424 0.115782 0.168988 0.16899 0.11579 0.0543687 0.0175444 0.00405086 0.00107186 0.00111127 0.0020496 0.00368655 0.00624455 0.0100368 0.0153434 0.0222249 0.030296 0.0386077 0.0457772 0.0503697 0.0513786
 1.01757e-16 7.55254e-05 0.000734134 0.00487858 0.0221773 0.0690019 0.147016 0.214576 0.214583 0.147049 0.0691128 0.0224973 0.00568134 0.00248485 0.00339559 0.005482 0.0078633 0.00983777 0.0107541 0.0103311 0.00883653 0.00692419 0.00525455 0.0041841 0.00370148 0.00356799
 1.02368e-16 5.84058e-07 5.67734e-06 3.77324e-05 0.000171582 0.000534346 0.00114186 0.00168575 0.00177719 0.00158859 0.00203385 0.00450053 0.010896 0.0236827 0.0448889 0.0740032 0.106119 0.132423 0.14393 0.13649 0.113325 0.0829681 0.0543492 0.0327814 0.0191347 0.0115308
 1.31791e-16 3.21322e-07 3.12336e-06 2.0756e-05 9.43551e-05 0.000293588 0.000625618 0.000913676 0.000916496 0.000640093 0.000346411 0.000265518 0.000520427 0.00132522 0.00318749 0.00702819 0.0142091 0.0263492 0.0447708 0.0695709 0.0986633 0.127463 0.149812 0.160082 0.155504 0.137395
 1.42725e-16 4.76555e-05 0.000463228 0.00307832 0.0139936 0.0435392 0.0927649 0.135393 0.135394 0.0927673 0.0435478 0.0140207 0.00315605 0.000667119 0.000543015 0.00112987 0.00241344 0.00487464 0.00925176 0.0164053 0.0270235 0.0411664 0.0578182 0.074734 0.0888135 0.0969938
pSPR Fmed_Fpbrs
0.49744   0.285572 0.285572
Fs Fmed_Fpbrs
0.487826   1.005 1.005
SSBpbr Bo_Bmed_Bpbrs
1.88953e+06  845448  445120 445120
Ro
36571.7
SPR SPRFo_SPRFmed_SPRFpbrs
261412 130037 74652
Fref
1.005
Nvult_r0
 47933.8 190.199 338.989 22558.9 1008.61
CTP_r0
 10485.3 68.2756 121.686 8097.94 362.06
YTP_r0
389394
Np
 162507 18460.1 50.6017 90.1866 7262.9
Nvult_p0
 126337 15974.3 43.7877 78.042 6284.87
CTP_p0
 42252.5 8007.06 21.9484 39.1183 3150.27
YTP_p0
 555589
CBA_c0
439252
log_Ro
10.327
likeval ReclasPelacesDesembMPH_pf_preclas_ppelaces_ptallas_desvR_qrecl_qpela
 44.152 77.4778 2.02683 0.00263622 493.671 217.328 184.696 0 280.165 0 0 8.33641 0 0 0
q_reclas_q_pelaces
1 1
M
1
N
 508914 16107.3 5925.56 2179.89 1268.65
 925.085 150134 3810.55 1401.82 815.829
 1192.08 271.307 35102.1 890.928 518.499
 77641.8 338.986 59.6359 7715.77 309.805
 1013.95 9276.38 13.1535 2.31403 311.413
 279330 33.0541 26.7971 0.0379973 0.906279
 302.16 70899 5.78848 4.69275 0.165363
 298.6 49.1705 5103.54 0.416673 0.349702
 90303.1 49.3897 3.65673 379.541 0.056994
 482.462 22226.6 8.13339 0.602182 62.5114
 130317 114.307 3391.44 1.24103 9.63018
 247893 43553.8 34.7069 1029.74 3.30083
 32045.9 72550.4 10140.8 8.08097 240.529
 28236.1 9442.75 17123.3 2393.43 58.6767
 130697 4219.19 573.118 1039.28 148.828
 429799 33849.2 769.284 104.496 216.627
 668046 118158 6954 158.042 65.9719
 41110 229228 37816.3 2225.62 71.6955
 44023.2 13735.8 69562.3 11475.9 697.153
 739358 10366.6 2070.43 10485.3 1834.87
 376783 214314 2367.69 472.876 2813.87
 356217 120463 59548.7 657.88 913.245
 47721.5 103942 27880.4 13782.2 363.626
 562907 14836.8 27310.8 7325.61 3716.82
 125829 184883 4350.65 8008.48 3238.03
 4678.15 42081.7 56210.7 1322.75 3419.32
 123036 1507.85 11883.8 15873.8 1339.15
 812910 33216.6 298.743 2354.49 3410.33
 3981.4 276709 10461.9 94.0921 1815.69
 717.682 1402.45 93329.8 3528.64 644.14
 66393.9 240.801 429.175 28560.6 1276.95
pred_Ctot
 64878.6 3766.24 1385.52 509.705 296.636
 120.792 35877.9 910.617 334.997 194.961
 174.688 71.9539 9309.49 236.284 137.512
 36187.9 225.554 39.6804 5133.9 206.138
 694.377 7667.63 10.8724 1.91272 257.406
 56418 11.6162 9.41732 0.0133534 0.318493
 113.652 40790.8 3.33032 2.69991 0.0951392
 110.711 27.9999 2906.18 0.237272 0.199136
 19515.7 18.384 1.36112 141.274 0.0212145
 112.495 8816.64 3.22627 0.238868 24.7964
 7597.71 12.8184 380.317 0.139169 1.07993
 32638.3 10487 8.35681 247.944 0.79478
 4105.1 17038.5 2381.57 1.89782 56.4882
 11382.8 5704.07 10343.6 1445.8 35.4447
 25160.3 1422.86 193.276 350.483 50.1902
 70302 9900.86 225.015 30.5651 63.3633
 28569.8 9821.99 578.06 13.1374 5.48399
 2403.36 25773.4 4251.9 250.239 8.06114
 10382.9 5500.54 27856.5 4595.55 279.177
 101053 2582.09 515.696 2611.65 457.024
 31541.7 33916.2 374.697 74.8346 445.307
 47458.1 29318.1 14492.9 160.114 222.264
 4736.6 19295.9 5175.78 2558.55 67.5044
 38499 1938.45 3568.21 957.105 485.61
 7287.21 20600.2 484.763 892.328 360.791
 370.22 6315.4 8435.8 198.511 513.153
 21225 462.217 3642.87 4865.97 410.504
 38638.3 3058.95 27.5115 216.827 314.06
 107.302 14650.1 553.897 4.98163 96.1301
 40.1987 151.328 10070.5 380.75 69.5045
 10485.3 68.2756 121.686 8097.94 362.06
F
 0.22075 0.4415 0.4415 0.4415 0.4415
 0.226633 0.453267 0.453267 0.453267 0.453267
 0.257497 0.514995 0.514995 0.514995 0.514995
 1.12463 2.24927 2.24927 2.24927 2.24927
 2.42347 4.84693 4.84693 4.84693 4.84693
 0.371138 0.742276 0.742276 0.742276 0.742276
 0.815662 1.63132 1.63132 1.63132 1.63132
 0.799363 1.59873 1.59873 1.59873 1.59873
 0.401882 0.803764 0.803764 0.803764 0.803764
 0.440017 0.880034 0.880034 0.880034 0.880034
 0.0959726 0.191945 0.191945 0.191945 0.191945
 0.228714 0.457427 0.457427 0.457427 0.457427
 0.221921 0.443842 0.443842 0.443842 0.443842
 0.900955 1.80191 1.80191 1.80191 1.80191
 0.35097 0.70194 0.70194 0.70194 0.70194
 0.291299 0.582597 0.582597 0.582597 0.582597
 0.0696403 0.139281 0.139281 0.139281 0.139281
 0.0962468 0.192494 0.192494 0.192494 0.192494
 0.446125 0.892249 0.892249 0.892249 0.892249
 0.238339 0.476677 0.476677 0.476677 0.476677
 0.140324 0.280648 0.280648 0.280648 0.280648
 0.23171 0.46342 0.46342 0.46342 0.46342
 0.168274 0.336548 0.336548 0.336548 0.336548
 0.113391 0.226782 0.226782 0.226782 0.226782
 0.0953078 0.190616 0.190616 0.190616 0.190616
 0.132218 0.264436 0.264436 0.264436 0.264436
 0.309428 0.618856 0.618856 0.618856 0.618856
 0.077655 0.15531 0.15531 0.15531 0.15531
 0.0434133 0.0868265 0.0868265 0.0868265 0.0868265
 0.0920549 0.18411 0.18411 0.18411 0.18411
 0.279993 0.559986 0.559986 0.559986 0.559986
nmprior
 8.19 8.8 8.5 0
nm_flota  nm_reclas  nm_pelaces    nm_pelaL
0 2.97363 2.22555 2.82923
cv_recla  cv_pelaces  cv_mph
0.601036 0.99807 1.58451
 ------------------------------------------------
Talla a la edad & desviaci?n 
 8 13.2811 15.8009 17.003 17.5766
 0.8 1.32811 1.58009 1.7003 1.75766
