years
 1991 1992 1993 1994 1995 1996 1997 1998 1999 2000 2001 2002 2003 2004 2005 2006 2007 2008 2009 2010 2011 2012 2013 2014 2015 2016 2017 2018 2019 2020 2021
reclasobs
 0 0 0 0 0 0 0 0 0 252601 567819 844713 477998 351125 339783 2.1784e+06 2.13404e+06 4.81314e+06 1.55562e+06 2.62356e+06 3.21686e+06 3.843e+06 1.13348e+06 3.07943e+06 1.97215e+06 2.03268e+06 2.025e+06 2.42433e+06 2.27542e+06 1.05018e+06 2.36338e+06
reclaspred
 3.23224e+06 1.71031e+06 862495 819057 789181 1.87711e+06 935852 737839 501893 295597 496106 737068 727412 512930 465368 1.48764e+06 1.09881e+06 3.57967e+06 2.63662e+06 1.88519e+06 3.1615e+06 2.67209e+06 1.85381e+06 3.0711e+06 2.23823e+06 1.90451e+06 2.39164e+06 2.80088e+06 2.11013e+06 1.12048e+06 1.70713e+06
pelacesobs
 0 0 0 0 0 0 0 0 0 0 0 0 0 0 0 552880 188675 0 991730 2.46772e+06 1.41603e+06 1.21717e+06 2.29649e+06 1.80582e+06 0 1.4828e+06 1.56532e+06 1.57751e+06 1.42118e+06 867257 1.10002e+06
pelacespred
 1.76345e+06 990194 469916 362037 403718 1.01887e+06 418197 471629 270491 137280 275258 334942 371109 254322 237623 668036 509909 1.99199e+06 1.45179e+06 920892 1.62881e+06 1.37577e+06 1.01767e+06 1.88442e+06 1.29512e+06 1.1226e+06 1.60688e+06 1.85752e+06 1.18639e+06 680903 999472
mphobs
 0 0 0 0 0 0 0 0 0 0 0 498337 0 5186 125008 0 168611 109162 213762 579715 649985 157893 87575 83554 0 0 0 0 0 0 0
mphpred
 514465 337272 154026 85831.6 81288.3 100966 189061 85048.1 72439.8 38639.3 20619.3 61255.2 67945.7 53668.4 28897.8 35221.5 162641 116456 365585 224113 235336 283746 283018 204760 315587 257958 199934 227807 361309 214339 105893
desembarqueobs
 494567 514787 250237 358949 120608 361735 552515 73892 212993 205616 52469 317467 293654 387597 252695 516296 358380 742168 942051 627588 828172 859565 418607 520667 417249 300574 407403 355545 319650 289779 391294
desembarquepred
 494551 514296 250321 358959 120608 361691 552373 73894.9 213022 205636 52469.9 317461 293611 387403 252607 516117 358365 741886 941463 627151 828168 859316 418542 520640 417166 300532 407342 355461 319569 289722 391261
Reclutas
 145950 88344.4 86663.4 102821 81290.7 211769 67214.8 24765.2 28286.6 38701.6 67706.7 114867 95113.8 67849.4 54873.3 307563 46837.8 526477 262071 231284 287777 430660 69357 220485 191904 76436.8 183978 219127 57962.1 38670.8 154545
log_desv_Rt
 0.285368 -0.216652 -0.235863 -0.0649051 -0.299863 0.657603 -0.490002 -1.48845 -1.35551 -1.04201 -0.482709 0.0458761 -0.14282 -0.480604 -0.692868 1.03079 -0.851203 1.56831 0.87072 0.74575 0.964291 1.36742 -0.458628 0.697937 0.5591 -0.361431 0.516924 0.691757 -0.638105 -1.04281 0.34259
SSB
 1.33668e+06 876299 400189 223007 211203 262330 491217 220972 188213 100392 53573 159153 176536 139441 75082.2 91512.4 422573 302575 949861 582290 611448 737228 735336 532006 819955 670225 519467 591886 938752 556894 275130
BT
 1.99816e+06 1.38445e+06 653630 622425 464698 1.26337e+06 860498 498676 458365 321668 302617 573480 609551 638031 475351 1.04625e+06 741259 2.54491e+06 2.22441e+06 1.39187e+06 2.19832e+06 2.0467e+06 1.28095e+06 2.25368e+06 1.56248e+06 1.28744e+06 1.91939e+06 2.08777e+06 1.32815e+06 898217 1.31116e+06
Ftot
 0.310031 0.585032 0.581401 0.941793 0.340716 0.472108 1.10914 0.216969 0.901003 1.42964 0.275401 0.972066 0.901672 1.60741 1.28171 0.897664 0.655491 0.533778 0.758619 0.736696 0.597596 0.729726 0.458353 0.409527 0.404275 0.332727 0.405193 0.309959 0.297865 0.510517 0.562407
BD_Bspro_t
 0.951893 0.693435 0.446618 0.342358 0.30935 0.409801 0.483112 0.265163 0.299786 0.220528 0.169829 0.458503 0.349546 0.25986 0.154174 0.184894 0.389265 0.306439 0.504324 0.359874 0.327975 0.368034 0.392225 0.352001 0.48851 0.498164 0.493319 0.559245 0.649947 0.527845 0.395344
BD_Bspro
 1.70442 1.11738 0.510287 0.28436 0.269309 0.334501 0.626359 0.281765 0.239993 0.128012 0.0683118 0.202939 0.225104 0.177804 0.0957386 0.116689 0.53883 0.385818 1.21118 0.742488 0.779668 0.940052 0.937639 0.678371 1.04554 0.854616 0.662381 0.754724 1.19702 0.710105 0.350823
BD_Bo
 1.04966 0.688132 0.314257 0.175121 0.165852 0.206 0.385738 0.173523 0.147798 0.0788353 0.0420693 0.124978 0.138629 0.109499 0.0589599 0.0718621 0.331835 0.237603 0.745898 0.457255 0.480152 0.578924 0.577438 0.417769 0.643887 0.526308 0.407923 0.464791 0.737175 0.437313 0.216052
BD_Brms
 5.29563 3.4717 1.58546 0.883505 0.83674 1.03929 1.94609 0.875441 0.745658 0.397733 0.212244 0.630529 0.699397 0.552434 0.297459 0.362552 1.67414 1.19873 3.76314 2.3069 2.42242 2.92073 2.91324 2.10769 3.24848 2.65528 2.05801 2.34492 3.71913 2.20629 1.09001
Sel_flota
 0.649768 0.972414 0.998509 0.999921 0.999996
 0.649768 0.972414 0.998509 0.999921 0.999996
 0.649768 0.972414 0.998509 0.999921 0.999996
 0.649768 0.972414 0.998509 0.999921 0.999996
 0.649768 0.972414 0.998509 0.999921 0.999996
 0.649768 0.972414 0.998509 0.999921 0.999996
 0.649768 0.972414 0.998509 0.999921 0.999996
 0.649768 0.972414 0.998509 0.999921 0.999996
 0.649768 0.972414 0.998509 0.999921 0.999996
 0.649768 0.972414 0.998509 0.999921 0.999996
 0.649768 0.972414 0.998509 0.999921 0.999996
 0.649768 0.972414 0.998509 0.999921 0.999996
 0.649768 0.972414 0.998509 0.999921 0.999996
 0.649768 0.972414 0.998509 0.999921 0.999996
 0.649768 0.972414 0.998509 0.999921 0.999996
 0.649768 0.972414 0.998509 0.999921 0.999996
 0.649768 0.972414 0.998509 0.999921 0.999996
 0.649768 0.972414 0.998509 0.999921 0.999996
 0.649768 0.972414 0.998509 0.999921 0.999996
 0.649768 0.972414 0.998509 0.999921 0.999996
 0.649768 0.972414 0.998509 0.999921 0.999996
 0.649768 0.972414 0.998509 0.999921 0.999996
 0.649768 0.972414 0.998509 0.999921 0.999996
 0.649768 0.972414 0.998509 0.999921 0.999996
 0.649768 0.972414 0.998509 0.999921 0.999996
 0.649768 0.972414 0.998509 0.999921 0.999996
 0.649768 0.972414 0.998509 0.999921 0.999996
 0.649768 0.972414 0.998509 0.999921 0.999996
 0.649768 0.972414 0.998509 0.999921 0.999996
 0.649768 0.972414 0.998509 0.999921 0.999996
 0.649768 0.972414 0.998509 0.999921 0.999996
Sel_reclas
 0.999992 1 1 1 1
 0.999992 1 1 1 1
 0.999992 1 1 1 1
 0.999992 1 1 1 1
 0.999992 1 1 1 1
 0.999992 1 1 1 1
 0.999992 1 1 1 1
 0.999992 1 1 1 1
 0.999992 1 1 1 1
 0.999992 1 1 1 1
 0.999992 1 1 1 1
 0.999992 1 1 1 1
 0.999992 1 1 1 1
 0.999992 1 1 1 1
 0.999992 1 1 1 1
 0.999992 1 1 1 1
 0.999992 1 1 1 1
 0.999992 1 1 1 1
 0.999992 1 1 1 1
 0.999992 1 1 1 1
 0.999992 1 1 1 1
 0.999992 1 1 1 1
 0.999992 1 1 1 1
 0.999992 1 1 1 1
 0.999992 1 1 1 1
 0.999992 1 1 1 1
 0.999992 1 1 1 1
 0.999992 1 1 1 1
 0.999992 1 1 1 1
 0.999992 1 1 1 1
 0.999992 1 1 1 1
Sel_pelaces
 0.92848 1 1 1 1
 0.92848 1 1 1 1
 0.92848 1 1 1 1
 0.92848 1 1 1 1
 0.92848 1 1 1 1
 0.92848 1 1 1 1
 0.92848 1 1 1 1
 0.92848 1 1 1 1
 0.92848 1 1 1 1
 0.92848 1 1 1 1
 0.92848 1 1 1 1
 0.92848 1 1 1 1
 0.92848 1 1 1 1
 0.92848 1 1 1 1
 0.92848 1 1 1 1
 0.92848 1 1 1 1
 0.92848 1 1 1 1
 0.92848 1 1 1 1
 0.92848 1 1 1 1
 0.92848 1 1 1 1
 0.92848 1 1 1 1
 0.92848 1 1 1 1
 0.92848 1 1 1 1
 0.92848 1 1 1 1
 0.92848 1 1 1 1
 0.92848 1 1 1 1
 0.92848 1 1 1 1
 0.92848 1 1 1 1
 0.92848 1 1 1 1
 0.92848 1 1 1 1
 0.92848 1 1 1 1
pf_obs 
 0.8446 0.082 0.0669 0.0065 0
 0.8095 0.147 0.0364 0.0071 0
 0.9664 0.0169 0.016 0.0007 0
 0.9276 0.0648 0.0075 0.0001 0
 0.7033 0.2144 0.0806 0.0017 0
 0.9318 0.0425 0.0243 0.0014 0
 0.5671 0.3108 0.0964 0.0239 0.0018
 0.0768 0.2599 0.5324 0.112 0.0189
 0.490249 0.384438 0.106611 0.0170017 0.00170017
 0.7925 0.1577 0.0466 0.003 0.0002
 0.840416 0.127587 0.0312969 0.00059994 9.999e-05
 0.8084 0.0986 0.0794 0.0134 0.0002
 0.7335 0.1905 0.0724 0.0035 0.0001
 0.4001 0.4547 0.1325 0.0127 0
 0.49795 0.308269 0.164784 0.0264974 0.00249975
 0.9179 0.0499 0.0305 0.0017 0
 0.2467 0.6533 0.0926 0.0074 0
 0.9418 0.0223 0.034 0.0019 0
 0.707729 0.231977 0.0356964 0.0245975 0
 0.517169 0.277429 0.184464 0.0207286 0.00020938
 0.811772 0.124168 0.05621 0.00726502 0.000585176
 0.764997 0.148141 0.077277 0.00933861 0.000247198
 0.163321 0.427699 0.378323 0.0303852 0.000271297
 0.753843 0.0900009 0.118128 0.0371064 0.000921714
 0.721811 0.176058 0.0630433 0.0369309 0.00215725
 0.143369 0.312575 0.442814 0.0836902 0.0175525
 0.692698 0.0596174 0.167031 0.0765114 0.00414204
 0.394062 0.376323 0.152708 0.0712218 0.00568511
 0.125707 0.32114 0.495352 0.0537591 0.00404204
 0.23352 0.215282 0.420074 0.123614 0.00750983
 0.774587 0.0839891 0.0768558 0.0609784 0.00358967
pf_pred 
 0.518672 0.164506 0.291656 0.025165 9.83216e-07
 0.477031 0.330079 0.0672509 0.115675 0.00996502
 0.628188 0.224415 0.094266 0.0185466 0.034584
 0.721572 0.205701 0.0445153 0.0180551 0.0101565
 0.694822 0.251201 0.0403121 0.00837114 0.00529323
 0.830422 0.132569 0.0306293 0.00476657 0.00161299
 0.441077 0.496601 0.0490743 0.010968 0.00228033
 0.456624 0.322629 0.197097 0.0186318 0.00501783
 0.600248 0.226149 0.104291 0.0618971 0.00741539
 0.791753 0.152169 0.0322992 0.0142973 0.00948115
 0.880589 0.105629 0.0102099 0.00205993 0.00151229
 0.791373 0.191904 0.014844 0.00139256 0.000486432
 0.732776 0.233137 0.0314589 0.00233307 0.000294649
 0.695677 0.252727 0.0452473 0.00586013 0.000488405
 0.79927 0.166289 0.0288641 0.00489217 0.000684378
 0.958392 0.0368515 0.00397262 0.000657198 0.000126641
 0.343817 0.640491 0.0139617 0.00144519 0.000284525
 0.939759 0.0281384 0.0313616 0.000659358 8.15285e-05
 0.574202 0.409983 0.0075217 0.00810202 0.00019105
 0.666816 0.232582 0.0970035 0.00171315 0.00188498
 0.752604 0.191732 0.0392957 0.0157838 0.000584251
 0.785164 0.179448 0.0276442 0.00546964 0.002274
 0.300243 0.603118 0.081218 0.012052 0.00336908
 0.769871 0.0939897 0.117866 0.0153621 0.00291167
 0.646928 0.297956 0.0229387 0.0278643 0.00431261
 0.422302 0.430145 0.125148 0.00933394 0.0130706
 0.753446 0.13189 0.0860436 0.0242803 0.00433944
 0.708767 0.241952 0.0267558 0.0169101 0.00561499
 0.325855 0.533641 0.117333 0.0125898 0.0105818
 0.40266 0.256942 0.27114 0.0578517 0.0114061
 0.851053 0.0784977 0.0308917 0.0315204 0.00803669
pobs_RECLAS
 0 0 0 0 0
 0 0 0 0 0
 0 0 0 0 0
 0 0 0 0 0
 0 0 0 0 0
 0 0 0 0 0
 0 0 0 0 0
 0 0 0 0 0
 0 0 0 0 0
 0 0 0 0 0
 0.991045 0.00858322 0.000360255 1.14367e-05 0
 0.934742 0.0480273 0.0164251 0.00080598 0
 0.827803 0.169806 0.00239088 0 0
 0.941827 0.0461693 0.0120037 0 0
 0.791401 0.0380133 0.147996 0.0225897 0
 0.846168 0.0940531 0.0597789 0 0
 0.134021 0.677848 0.182769 0.00536245 0
 0.80878 0.0450904 0.141981 0.00414843 0
 0.846168 0.0940531 0.0597789 0 0
 0.905697 0.0802665 0.012482 0.00150086 5.37128e-05
 0.989698 0.0102097 9.19794e-05 0 0
 0.975433 0.0193895 0.00387452 0.00125025 5.28907e-05
 0.303575 0.632131 0.0575291 0.00676475 0
 0.966965 0.00978017 0.0227588 0.000495775 0
 0.843318 0.132988 0.00938335 0.0141283 0.000182051
 0.564624 0.303363 0.111486 0.0197234 0.00080311
 0.826376 0.0876187 0.0782897 0.00655872 0.00115652
 0.89761 0.0855135 0.0140674 0.00269457 0.000114338
 0.34875 0.467042 0.161289 0.0227151 0.000203297
 0.318654 0.224769 0.449479 0.00709798 0
 0.937255 0.0296025 0.0250945 0.00804832 0
ppred_RECLAS
 0.623877 0.130882 0.225787 0.0194532 7.59992e-07
 0.585247 0.264604 0.052401 0.0899953 0.00775221
 0.723362 0.168882 0.0689533 0.0135458 0.0252569
 0.803117 0.14662 0.0307855 0.0124662 0.00701199
 0.775942 0.185329 0.028936 0.006 0.00379362
 0.882351 0.0925347 0.0207907 0.00323064 0.00109315
 0.555599 0.39622 0.037952 0.00846804 0.00176041
 0.561409 0.263283 0.156551 0.0147776 0.00397952
 0.703246 0.170108 0.0761303 0.0451114 0.00540397
 0.861153 0.102382 0.0210189 0.0092875 0.00615834
 0.917826 0.0729188 0.00685891 0.00138184 0.00101439
 0.856092 0.132693 0.00995681 0.00093256 0.000325723
 0.810875 0.165627 0.0216891 0.00160594 0.000202802
 0.790418 0.175066 0.0302758 0.00391385 0.000326163
 0.864857 0.112575 0.0189193 0.00320108 0.000447766
 0.972967 0.0240245 0.00251341 0.000415133 7.99887e-05
 0.446086 0.541037 0.0114597 0.00118439 0.000233161
 0.960276 0.0188344 0.0204083 0.000428427 5.29701e-05
 0.675872 0.312433 0.00556689 0.00598703 0.000141166
 0.756956 0.171145 0.0693312 0.00122253 0.00134504
 0.824214 0.137114 0.027313 0.0109541 0.000405442
 0.849916 0.125964 0.0188486 0.00372356 0.00154794
 0.395859 0.522708 0.0684544 0.0101428 0.00283518
 0.837725 0.0673729 0.0821802 0.0106951 0.00202696
 0.736363 0.223464 0.0167342 0.0202975 0.00314124
 0.526945 0.3547 0.100407 0.00747772 0.0104705
 0.824516 0.0950961 0.0603459 0.0170036 0.00303869
 0.78708 0.177722 0.019123 0.0120684 0.00400701
 0.423491 0.458953 0.0981935 0.0105208 0.0088421
 0.510908 0.213791 0.219356 0.0467325 0.0092131
 0.898531 0.0542131 0.0207393 0.0211294 0.00538688
pobs_PELACES
 0 0 0 0 0
 0 0 0 0 0
 0 0 0 0 0
 0 0 0 0 0
 0 0 0 0 0
 0 0 0 0 0
 0 0 0 0 0
 0 0 0 0 0
 0 0 0 0 0
 0 0 0 0 0
 0 0 0 0 0
 0 0 0 0 0
 0 0 0 0 0
 0 0 0 0 0
 0 0 0 0 0
 0 0 0 0 0
 0.505614 0.472636 0.0217494 0 0
 0 0 0 0 0
 0.443492 0.261883 0.143347 0.151278 0
 0.227955 0.32914 0.350689 0.0885471 0.00366901
 0.970185 0.0296113 0.000203453 0 0
 0.997202 0.00247181 0.000326279 0 0
 0.445219 0.490057 0.0546422 0.010081 0
 0.90214 0.0892962 0.00764917 0.000914606 0
 0 0 0 0 0
 0.581667 0.319106 0.0959925 0.00289975 0.000334073
 0.762889 0.0836404 0.116647 0.0363945 0.000428098
 0.88444 0.0763242 0.0277011 0.0115352 0
 0.521256 0.241999 0.230069 0.00667565 0
 0.616807 0.101726 0.260614 0.0208532 0
 0.833518 0.0704572 0.0857862 0.0102388 0
ppred_PELACES
 0.614578 0.134353 0.231156 0.0199129 7.77946e-07
 0.582812 0.26666 0.0525427 0.0902141 0.00777095
 0.721294 0.170483 0.0692591 0.0136022 0.0253617
 0.807535 0.143632 0.0299145 0.0121082 0.00681046
 0.769371 0.190862 0.0297126 0.00616004 0.00389478
 0.879936 0.0945166 0.0211498 0.00328572 0.00111177
 0.566665 0.386757 0.0366934 0.00818299 0.00170111
 0.548977 0.270949 0.160809 0.0151779 0.00408732
 0.708459 0.167685 0.0744658 0.0441065 0.00528348
 0.870593 0.0957358 0.019414 0.00857263 0.00568412
 0.914399 0.0759809 0.00713 0.00143627 0.00105434
 0.859743 0.129411 0.0096296 0.000901505 0.000314869
 0.814342 0.162748 0.0211472 0.00156516 0.000197647
 0.806383 0.1621 0.0276481 0.00357148 0.000297619
 0.872177 0.106674 0.0177308 0.0029982 0.000419375
 0.973546 0.0235304 0.00244276 0.000403295 7.77059e-05
 0.445029 0.54214 0.0114184 0.00117977 0.000232246
 0.959702 0.0191529 0.0206582 0.000433565 5.36047e-05
 0.677363 0.311071 0.00550653 0.00592002 0.000139583
 0.75808 0.170674 0.0687031 0.00121104 0.00133237
 0.822844 0.138341 0.027416 0.0109923 0.000406851
 0.850492 0.125609 0.0186777 0.00368855 0.00153336
 0.389929 0.528122 0.0688909 0.0102053 0.00285261
 0.83381 0.0691415 0.0840406 0.0109352 0.00207243
 0.730378 0.228662 0.017064 0.0206936 0.0032025
 0.517451 0.36208 0.102203 0.00761028 0.010656
 0.820216 0.0975842 0.0617091 0.0173844 0.00310672
 0.780172 0.183571 0.0196997 0.0124306 0.00412722
 0.413281 0.467327 0.0997289 0.0106839 0.00897905
 0.506573 0.216226 0.22088 0.0470461 0.00927481
 0.897432 0.0549277 0.0209111 0.0212989 0.00543001
pobs_pel_tallas
 0 0 0 0 0 0 0 0 0 0 0 0 0 0 0 0 0 0 0 0 0 0 0 0 0 0
 0 0 0 0 0 0 0 0 0 0 0 0 0 0 0 0 0 0 0 0 0 0 0 0 0 0
 0 0 0 0 0 0 0 0 0 0 0 0 0 0 0 0 0 0 0 0 0 0 0 0 0 0
 0 0 0 0 0 0 0 0 0 0 0 0 0 0 0 0 0 0 0 0 0 0 0 0 0 0
 0 0 0 0 0 0 0 0 0 0 0 0 0 0 0 0 0 0 0 0 0 0 0 0 0 0
 0 0 0 0 0 0 0 0 0 0 0 0 0 0 0 0 0 0 0 0 0 0 0 0 0 0
 0 0 0 0 0 0 0 0 0 0 0 0 0 0 0 0 0 0 0 0 0 0 0 0 0 0
 0 0 0 0 0 0 0 0 0 0 0 0 0 0 0 0 0 0 0 0 0 0 0 0 0 0
 0 0 0 0 0 0 0 0 0 0 0 0 0 0 0 0 0 0 0 0 0 0 0 0 0 0
 0 0 0 0 0 0 0 0 0 0 0 0 0 0 0 0 0 0 0 0 0 0 0 0 0 0
 0 0 0 0 0 0 0 0 0 0 0 0 0 0 0 0 0 0 0 0 0 0 0 0 0 0
 0 0 0 0 0 0 0 0 0 0 0 0 0 0 0 0 0 0 0 0 0 0 0 0 0 0
 0.00862536 0 0 0.000197151 0.00414017 0.0128641 0.00837892 0.0270097 0.101434 0.158115 0.152841 0.127902 0.109271 0.109419 0.0830992 0.0579132 0.0238553 0.00714673 0.00463305 0.00128148 0.00103504 0.000492878 0.000147863 0.000147863 4.92878e-05 0
 0 0 0 0 0 0 0 0 0 0 0 0 0 0 0 0 0 0 0 0 0 0 0 0 0 0
 0 0 0 0 0 0 0 0.0054083 0.00873648 0.0413646 0.0450493 0.0745869 0.0622846 0.0627006 0.0613931 0.0827291 0.12552 0.122667 0.0946155 0.0697135 0.0546179 0.0294188 0.0215738 0.0213955 0.0102223 0.00600262
 0 0 0 0 0.00359764 0.0251062 0.0480494 0.140153 0.205849 0.193036 0.1447 0.116669 0.0760912 0.0342217 0.00950174 0.001854 0.000860785 0 0 0 0.000165536 0 0.000143464 0 0 0
 0 0 0 0 0 0 0 0.000145254 0.000435761 0.0275982 0.070085 0.0708112 0.156366 0.174668 0.174014 0.160142 0.0824315 0.0480064 0.0283245 0.00493863 0.00203355 0 0 0 0 0
 0 0 0 0 0 0 0 0 0 0 0 0 0 0 0 0 0 0 0 0 0 0 0 0 0 0
 0 0 1.00437e-05 0.000401748 0.00122533 0.00171747 0.00176769 0.0269171 0.070346 0.194647 0.189555 0.159765 0.064822 0.0314167 0.0384472 0.0292271 0.0345202 0.0313363 0.0194345 0.0106764 0.0143323 0.0359363 0.0279516 0.0138201 0.00172751 0
 0 0.0021121 0.0136068 0.0755702 0.200478 0.177729 0.0527432 0.0373336 0.0318909 0.0142505 0.0149659 0.0166563 0.0217959 0.0798694 0.0677717 0.0528807 0.04013 0.0224614 0.0357745 0.0225083 0.00881397 0.00855152 0.00135912 0.000746735 0 0
 0 0 0 0 5.4009e-05 0.00500934 0.000945158 0.0243581 0.138947 0.33067 0.221406 0.137944 0.0707744 0.0437923 0.0131692 0.00525238 0.0047753 0.00276346 9.45158e-05 9.00151e-06 2.25038e-05 9.00151e-06 4.50075e-06 0 0 0
 0.000866109 0.00284123 0.00948549 0.0512746 0.133035 0.25785 0.225252 0.132002 0.0553304 0.0519788 0.0540692 0.017754 0.00435017 0.00159236 0.00146478 0.000404838 0.000125132 0.000115318 0.000107957 0.000100596 0 0 0 0 0 0
 0 0 0 0 0.00144013 0.00171154 0.00461396 0.0210425 0.0478622 0.0707936 0.0888783 0.103762 0.0637923 0.0337046 0.0602308 0.124433 0.169614 0.0934646 0.0462172 0.0250306 0.0313229 0.00938855 0.002487 0.000210481 0 0
 0 0.00764035 0.051015 0.0998891 0.058973 0.0496711 0.0374665 0.0718981 0.12319 0.153886 0.159021 0.0857701 0.0377988 0.023471 0.0147837 0.00900784 0.00315554 0.000888139 0.00291439 0.00214683 0.00393193 0.00274676 0.000635225 9.99891e-05 0 0
 0 0 0 0 0 0 0 0 0 0 0 0 0 0 0 0 0 0 0 0 0 0 0 0 0 0
 0 0 0 0 0 0 0 0 0 0 0 0 0 0 0 0 0 0 0 0 0 0 0 0 0 0
 0 0 0 0 0 0 0 0 0 0 0 0 0 0 0 0 0 0 0 0 0 0 0 0 0 0
 0 0 0 0 0 0 0 0 0 0 0 0 0 0 0 0 0 0 0 0 0 0 0 0 0 0
 0 0 0 0 0 0 0 0 0 0 0 0 0 0 0 0 0 0 0 0 0 0 0 0 0 0
 0 0 0 0 0 0 0 0 0 0 0 0 0 0 0 0 0 0 0 0 0 0 0 0 0 0
 0 0 0 0 0 0 0 0 0 0 0 0 0 0 0 0 0 0 0 0 0 0 0 0 0 0
ppred_pel_tallas
 1.08703e-16 5.0622e-05 0.000492064 0.00326994 0.0148647 0.0462496 0.0985401 0.143825 0.143838 0.0986051 0.046469 0.0155026 0.00488722 0.00407539 0.00701043 0.0119115 0.0180884 0.0246883 0.0308054 0.0359096 0.0399551 0.0430108 0.0447961 0.0446338 0.0419076 0.0366138
 1.11947e-16 4.80055e-05 0.000466631 0.00310093 0.0140964 0.0438592 0.0934476 0.136395 0.136421 0.0935735 0.044282 0.0153184 0.00617128 0.00717969 0.0128296 0.0212233 0.0307915 0.0392255 0.0442409 0.0448815 0.0421137 0.0381353 0.0349412 0.0332584 0.0325009 0.0314988
 1.07699e-16 5.94121e-05 0.000577507 0.00383774 0.0174458 0.0542804 0.115651 0.168799 0.168816 0.115732 0.0545517 0.0182302 0.00581041 0.00489669 0.00830036 0.0137288 0.0200099 0.0256723 0.0292587 0.0301131 0.028748 0.026424 0.0242923 0.0227897 0.0216481 0.0203275
 1.03267e-16 6.65156e-05 0.000646556 0.00429659 0.0195317 0.0607704 0.129478 0.18898 0.188994 0.129546 0.0609979 0.0201891 0.0059477 0.00425415 0.00692759 0.0113731 0.0164386 0.0208056 0.0231802 0.0229759 0.0206562 0.0173993 0.014362 0.0121196 0.0106102 0.0094526
 1.02184e-16 6.33721e-05 0.000616 0.00409353 0.0186086 0.0578984 0.123359 0.180051 0.180069 0.123449 0.0582003 0.0194807 0.0062828 0.00539593 0.00914353 0.0150216 0.0216466 0.0272498 0.0300714 0.0292988 0.0255422 0.0204078 0.0155244 0.0117859 0.00924477 0.00749524
 1.01153e-16 7.24792e-05 0.000704524 0.00468181 0.0212828 0.0662188 0.141087 0.205922 0.205931 0.141131 0.0663685 0.0217154 0.00576822 0.00307809 0.0045859 0.00748121 0.0108035 0.0136551 0.0151706 0.0149466 0.0132684 0.0108976 0.00859774 0.00677511 0.00544222 0.00441507
 1.02267e-16 4.66755e-05 0.000453703 0.00301502 0.0137059 0.0426442 0.0908594 0.13262 0.132657 0.0910413 0.0432552 0.0154701 0.00744217 0.0101133 0.0183777 0.0302704 0.0435121 0.0545289 0.0597071 0.0573754 0.0488033 0.0373517 0.0264882 0.0182039 0.0127396 0.00931807
 1.06924e-16 4.52185e-05 0.00043954 0.0029209 0.013278 0.041313 0.0880226 0.128477 0.128503 0.0881512 0.0417454 0.0145295 0.00607158 0.00734786 0.0132542 0.0220714 0.0323271 0.0417672 0.04808 0.050131 0.0485148 0.0449123 0.0408367 0.0368323 0.0326221 0.0278057
 1.0751e-16 5.83549e-05 0.00056723 0.00376945 0.0171354 0.0533146 0.113593 0.165796 0.165812 0.113672 0.0535817 0.0179081 0.00571379 0.00482741 0.00819574 0.0135804 0.0198516 0.0255935 0.029406 0.0306649 0.0298607 0.0281672 0.0265975 0.025435 0.0242947 0.022604
 1.02407e-16 7.17096e-05 0.000697043 0.0046321 0.0210569 0.0655157 0.139589 0.203735 0.203745 0.139634 0.0656674 0.021495 0.00573255 0.00310144 0.00464444 0.00758176 0.0109562 0.0138678 0.0154547 0.0153296 0.0138062 0.0116746 0.00970806 0.00828676 0.0073597 0.00665796
 1.00548e-16 7.53178e-05 0.000732116 0.00486517 0.0221164 0.0688122 0.146612 0.213986 0.213993 0.146648 0.0689322 0.022463 0.00573491 0.00262981 0.00367658 0.00595156 0.00854886 0.0107139 0.0117336 0.0112805 0.00960591 0.00737167 0.00525996 0.00366117 0.00261941 0.00197675
 1.00455e-16 7.08159e-05 0.000688356 0.00457437 0.0207944 0.0646992 0.137849 0.201197 0.20121 0.13791 0.0649036 0.0213844 0.00605459 0.00391725 0.00619588 0.0101119 0.0145148 0.018157 0.0198184 0.0189348 0.0159337 0.0119523 0.00817305 0.00528869 0.00340215 0.00226449
 1.00843e-16 6.70763e-05 0.000652006 0.00433281 0.0196963 0.0612827 0.13057 0.190574 0.190589 0.130646 0.0615399 0.0204393 0.00619759 0.004722 0.00779418 0.0127722 0.0183749 0.023068 0.0253318 0.0244581 0.0209635 0.0162324 0.0116911 0.00815609 0.00573114 0.00411774
 1.01248e-16 6.64207e-05 0.000645633 0.00429046 0.0195038 0.0606837 0.129294 0.188711 0.188727 0.12937 0.0609401 0.0202447 0.00615036 0.00470674 0.00778186 0.0127665 0.018399 0.023166 0.0255674 0.0249029 0.0216751 0.0172301 0.0129398 0.00956761 0.00718378 0.00548687
 1.00911e-16 7.18401e-05 0.000698311 0.00464053 0.0210952 0.0656349 0.139843 0.204106 0.204117 0.139893 0.0658037 0.0215827 0.00586439 0.00337058 0.00514859 0.00840208 0.0121058 0.0152416 0.0168215 0.0163866 0.0142701 0.0113607 0.00856262 0.00637678 0.0048442 0.00375897
 1.00131e-16 8.01897e-05 0.000779472 0.00517987 0.0235469 0.0732632 0.156095 0.227826 0.227828 0.156106 0.0733004 0.0236543 0.00544928 0.00136735 0.00119592 0.00184818 0.00264978 0.00332174 0.00363959 0.00350116 0.00298298 0.00228841 0.00162727 0.00112008 0.000781813 0.00056647
 1.00626e-16 3.66566e-05 0.000356315 0.00236784 0.0107639 0.0334908 0.0713576 0.104159 0.104212 0.0716123 0.0343458 0.0132322 0.00855831 0.0138527 0.0256171 0.0421568 0.0604067 0.0752922 0.0816677 0.0771609 0.0636234 0.045963 0.0293306 0.016815 0.00895027 0.00467093
 1.00654e-16 7.90494e-05 0.000768388 0.00510621 0.0232121 0.0722214 0.153875 0.224586 0.224588 0.153885 0.0722523 0.0233016 0.00533216 0.00126599 0.00103675 0.00162173 0.00240458 0.00318105 0.00379517 0.00416534 0.00431009 0.00430101 0.00418541 0.00395171 0.00356219 0.00301181
 1.00856e-16 5.57936e-05 0.000542333 0.003604 0.0163833 0.0509746 0.108608 0.158523 0.158553 0.108754 0.0514652 0.0177996 0.0071561 0.00828673 0.0147348 0.0241956 0.034672 0.0432298 0.0469224 0.0443998 0.0367354 0.0267508 0.017395 0.0104175 0.00608793 0.00375435
 1.02374e-16 6.2442e-05 0.000606959 0.00403346 0.0183355 0.0570487 0.121549 0.177408 0.177424 0.12163 0.05732 0.0191199 0.00600565 0.00492273 0.00828932 0.0136838 0.0198874 0.0253818 0.0286433 0.0289345 0.0266895 0.0231284 0.0194407 0.0162099 0.013418 0.0108279
 1.01998e-16 6.77766e-05 0.000658813 0.00437804 0.019902 0.0619225 0.131933 0.192563 0.192576 0.131998 0.0621415 0.0205349 0.00596744 0.00413085 0.00666886 0.0109363 0.0157918 0.0199523 0.0221578 0.0218279 0.019396 0.0159924 0.0127426 0.0102314 0.00844785 0.00708144
 1.01201e-16 7.00539e-05 0.000680949 0.00452514 0.0205707 0.064003 0.136366 0.199032 0.199044 0.136425 0.0642017 0.0211445 0.00596553 0.00382551 0.00604272 0.00988038 0.0142294 0.0178999 0.0197283 0.0191766 0.0166454 0.013194 0.00990132 0.00736582 0.00563375 0.00444839
 1.0363e-16 3.21181e-05 0.000312199 0.00207467 0.0094312 0.0293442 0.0625229 0.0912647 0.0913155 0.0627715 0.0301791 0.0118425 0.00812664 0.0135216 0.0251127 0.0414481 0.0596619 0.0749328 0.0823543 0.0796452 0.0684945 0.0533979 0.0389689 0.0278205 0.0202356 0.0151888
 1.03891e-16 6.86799e-05 0.000667593 0.00443639 0.0201672 0.0627476 0.133691 0.195127 0.195134 0.133724 0.0628594 0.0204916 0.00525642 0.00247656 0.00355943 0.00591973 0.00885641 0.0118367 0.0143452 0.0161126 0.0172039 0.0178338 0.0180867 0.017808 0.0167538 0.014837
 1.03169e-16 6.01603e-05 0.00058478 0.00388607 0.0176655 0.0549641 0.117108 0.170927 0.170949 0.117215 0.0553253 0.0187086 0.00650347 0.00629599 0.0108994 0.0179056 0.0257481 0.032303 0.0354581 0.0342634 0.0295118 0.0232189 0.0174246 0.0132391 0.0106832 0.0091528
 1.05609e-16 4.26218e-05 0.000414299 0.00275317 0.0125155 0.0389406 0.0829684 0.121102 0.121137 0.0831393 0.0395148 0.014175 0.0069225 0.00952839 0.0173882 0.0287729 0.0416628 0.0528451 0.0590512 0.0587421 0.0529692 0.0445544 0.0362958 0.0296334 0.0245557 0.0203755
 1.04075e-16 6.75601e-05 0.000656708 0.00436406 0.0198384 0.0617246 0.131511 0.191946 0.191956 0.131558 0.0618806 0.0202899 0.00550134 0.00315232 0.0048452 0.00800291 0.0117561 0.0152762 0.0177581 0.0188222 0.0186974 0.0179738 0.0171407 0.0163015 0.0152458 0.0137339
 1.02561e-16 6.42617e-05 0.000624647 0.004151 0.0188699 0.0587112 0.125091 0.182578 0.182596 0.125178 0.0590014 0.0197078 0.0062541 0.00521483 0.00877941 0.0144066 0.0207349 0.0260534 0.0286691 0.0278143 0.0241087 0.0191425 0.0145246 0.0111294 0.00897926 0.00761688
 1.05589e-16 3.40415e-05 0.000330896 0.00219892 0.00999601 0.0311015 0.0662668 0.0967277 0.0967728 0.0664871 0.0318416 0.0121342 0.00756852 0.0120608 0.0223346 0.0369302 0.0533358 0.0673595 0.0747303 0.0734503 0.064942 0.0530005 0.0414476 0.0323402 0.0257722 0.0208357
 1.12718e-16 4.17258e-05 0.00040559 0.00269529 0.0122524 0.0381219 0.0812234 0.118552 0.118574 0.0813269 0.0384703 0.0132626 0.00524617 0.00602407 0.0108588 0.0182695 0.0272117 0.0361018 0.0433054 0.0480118 0.05055 0.0518093 0.0522969 0.0516951 0.049237 0.0444562
 1.03673e-16 7.39203e-05 0.000718532 0.0047749 0.021706 0.0675354 0.143892 0.210015 0.21002 0.143918 0.0676229 0.021959 0.00541139 0.00211303 0.00273748 0.00444949 0.00650169 0.00839318 0.00967588 0.0101678 0.0100582 0.00975644 0.0095996 0.00965174 0.00972038 0.0095285
pSPR Fmed_Fpbrs
0.411008   0.248212 0.248212
Fs Fmed_Fpbrs
0.581828   1.005 1.005
SSBpbr Bo_Bmed_Bpbrs
1.27345e+06  459723  252412 252412
Ro
109716
SPR SPRFo_SPRFmed_SPRFpbrs
784242 322329 194658
Fref
1.005
Nvult_r0
 115094 8036.2 3109.1 3169.52 808.085
CTP_r0
 30802.9 2841.14 1118.09 1140.85 290.879
YTP_r0
391261
Np
 131803 39450.6 2173.8 825.508 1016.94
Nvult_p0
 106567 33988.9 1880.63 714.336 879.998
CTP_p0
 42098.8 16799.1 941.96 358.045 441.096
YTP_p0
 634967
CBA_c0
464373
log_Ro
11.4256
likeval ReclasPelacesDesembMPH_pf_preclas_ppelaces_ptallas_desvR_qrecl_qpela
 11.6701 16.9169 0.0151524 0.000837599 244.337 116.133 101.496 0 26.2708 2.22945e-05 4.53677e-05 0.0306975 0 0 0
q_reclas_q_pelaces
1.95245 2.60717
M
1
N
 145950 32188.7 55754.2 4804.69 0.187711
 88344.4 43895.6 8759.49 15050.1 1296.44
 86663.4 22222.5 9142.39 1796.75 3350.22
 102821 21851.2 4644.79 1882.1 1058.68
 81290.7 20512.7 3216.98 667.215 421.865
 211769 23966.2 5417.99 842.177 284.972
 67214.8 57325 5570.92 1243.99 258.622
 24765.2 12027.7 7172.09 677.109 182.344
 28286.6 7912.63 3583.1 2124.53 254.51
 38701.6 5794.7 1212.05 536.101 355.496
 67706.7 5623.45 530.858 106.971 78.5269
 114867 20826.8 1582.71 148.34 51.8137
 95113.8 22469.4 2977.22 220.584 27.8568
 67849.4 19476.3 3439.6 445.152 37.0992
 54873.3 8783.25 1501 254.194 35.5583
 307563 8777.66 929.127 153.558 29.5889
 46837.8 63143.2 1348.93 139.48 27.4588
 526477 11254.6 12280.3 257.894 31.8864
 262071 136917 2463.84 2651.21 62.5136
 231284 58891 24087.3 424.957 467.554
 287777 52718.3 10583.7 4246.46 157.177
 430660 71800.1 10846.6 2143.86 891.26
 69357 98609.4 12991.4 1925.56 538.25
 220485 18943.2 23230.3 3024.13 573.145
 191904 62161.4 4679.61 5677.67 878.689
 76436.8 54288.3 15434.6 1149.75 1609.93
 183978 22652.5 14451 4073 727.891
 219127 52015.2 5619.56 3547.25 1177.79
 57962.1 65907.4 14155.9 1517.03 1274.99
 38670.8 17570.9 18148.7 3867.88 762.55
 154545 10210 3934.61 4010.22 1022.41
pred_Ctot
 17111.6 5427.23 9622.05 830.223 0.0324374
 18212.2 12601.8 2567.52 4416.24 380.446
 17771 6348.56 2666.72 524.669 978.357
 31246.9 8907.68 1927.69 781.856 439.816
 10390.5 3756.52 602.837 125.184 79.1563
 36255.7 5787.87 1337.26 208.105 70.4219
 23114.3 26024 2571.7 574.77 119.499
 2082.3 1471.26 898.807 84.965 22.8824
 8305.39 3129.13 1443.03 856.445 102.604
 15929.8 3061.59 649.847 287.657 190.757
 7115.7 853.543 82.5019 16.6455 12.2202
 35768 8673.58 670.909 62.94 21.9854
 27943.1 8890.29 1199.63 88.9674 11.2359
 30175.1 10962.1 1962.61 254.184 21.1846
 20945.5 4357.74 756.406 128.203 17.9347
 90043.6 3462.3 373.238 61.7455 11.8983
 10628.6 19799.9 431.604 44.676 8.79568
 100318 3003.75 3347.82 70.3858 8.70309
 67084.8 47898.9 878.771 946.571 22.3207
 57805.5 20162.3 8409.12 148.511 163.406
 60407.4 15389.2 3154.05 1266.88 46.8946
 106802 24409.5 3760.31 744.01 309.321
 11568.9 23239.2 3129.47 464.383 129.817
 33275.2 4062.4 5094.38 663.977 125.848
 28629.1 13185.8 1015.13 1233.11 190.85
 9560.9 9738.45 2833.34 211.32 295.919
 27502.5 4814.31 3140.79 886.287 158.4
 25685.5 8768.29 969.623 612.818 203.486
 6549.79 10726.3 2358.42 253.059 212.697
 7089.31 4523.78 4773.75 1018.55 200.818
 30802.9 2841.14 1118.09 1140.85 290.879
F
 0.201449 0.301479 0.309569 0.310007 0.31003
 0.380135 0.568893 0.58416 0.584986 0.585029
 0.377776 0.565362 0.580534 0.581355 0.581398
 0.611947 0.915813 0.940389 0.941719 0.941789
 0.221386 0.331317 0.340208 0.340689 0.340715
 0.306761 0.459085 0.471405 0.472071 0.472107
 0.720682 1.07854 1.10748 1.10905 1.10913
 0.140979 0.210983 0.216645 0.216952 0.216968
 0.585444 0.876148 0.89966 0.900933 0.901
 0.928937 1.3902 1.42751 1.42953 1.42964
 0.178947 0.267804 0.274991 0.27538 0.2754
 0.631617 0.94525 0.970616 0.971989 0.972062
 0.585878 0.876798 0.900328 0.901601 0.901668
 1.04444 1.56307 1.60501 1.60728 1.6074
 0.832817 1.24636 1.2798 1.28161 1.28171
 0.583274 0.872901 0.896326 0.897594 0.897661
 0.425917 0.637408 0.654514 0.655439 0.655488
 0.346832 0.519053 0.532983 0.533736 0.533776
 0.492927 0.737692 0.757488 0.75856 0.758616
 0.478681 0.716373 0.735597 0.736638 0.736693
 0.388299 0.581111 0.596705 0.597549 0.597594
 0.474153 0.709595 0.728638 0.729669 0.729723
 0.297823 0.445708 0.457669 0.458317 0.458351
 0.266098 0.39823 0.408916 0.409495 0.409525
 0.262685 0.393123 0.403673 0.404244 0.404274
 0.216195 0.323548 0.332231 0.332701 0.332726
 0.263281 0.394015 0.404589 0.405161 0.405191
 0.201401 0.301408 0.309496 0.309934 0.309957
 0.193544 0.289648 0.297421 0.297842 0.297864
 0.331718 0.496434 0.509756 0.510477 0.510515
 0.365434 0.546892 0.561568 0.562363 0.562405
nmprior
 8.19 8.8 8.5 0
nm_flota  nm_reclas  nm_pelaces    nm_pelaL
inf 17.941 17.4881 41.2635
cv_recla  cv_pelaces  cv_mph
0.309002 0.466372 0.893148
 ------------------------------------------------
Talla a la edad & desviaci?n 
 8 13.2811 15.8009 17.003 17.5766
 0.8 1.32811 1.58009 1.7003 1.75766
