    unsorted:	 2.638455020e-06 2.026668076e-05 -2.687543429e-05 0.001099981975 49.68414198 48.89835782 16.29266386 7.143269551 80.18347642 103.7686584 143.4821181 224.0202532 395.3852078 388.0159117 403.3810402 371.2908441 244.3487007 459.0912925 467.0995415 737.2005375 734.9006761 726.8895758 754.5703973 768.0156161 792.1375571 809.2514795 861.4413198 953.0273727 943.8937724 1034.759400 1056.871708 1087.340671 1116.609072 1165.908878 1252.007751 1255.844371 1294.945214 1361.022698 1450.468794 1526.780833 1802.840134 2891.971932 19407.87566 27765.57824 32408.07524 257929.0645 261259.1029 265326.6688 247210.7276 281900.5266 235064.6736 291296.7134 155210.8739 308941.3575 327821.6239 474529.6399 675660.3528 693949.2493 751170.3017 871580.8272 1048189.146 1415588.883 1643023.147 1852068.638 1951679.045 2028155.359 2286293.465 2580774.027 2732232.055 3007287.435 3298342.766 3359145.469 3833244.700 4097872.190 4315843.612 6336502.121 567589282.4
      sorted:	 -2.687543429e-05 2.638455020e-06 2.026668076e-05 0.001099981975 7.143269551 16.29266386 48.89835782 49.68414198 80.18347642 103.7686584 143.4821181 224.0202532 244.3487007 371.2908441 388.0159117 395.3852078 403.3810402 459.0912925 467.0995415 726.8895758 734.9006761 737.2005375 754.5703973 768.0156161 792.1375571 809.2514795 861.4413198 943.8937724 953.0273727 1034.759400 1056.871708 1087.340671 1116.609072 1165.908878 1252.007751 1255.844371 1294.945214 1361.022698 1450.468794 1526.780833 1802.840134 2891.971932 19407.87566 27765.57824 32408.07524 155210.8739 235064.6736 247210.7276 257929.0645 261259.1029 265326.6688 281900.5266 291296.7134 308941.3575 327821.6239 474529.6399 675660.3528 693949.2493 751170.3017 871580.8272 1048189.146 1415588.883 1643023.147 1852068.638 1951679.045 2028155.359 2286293.465 2580774.027 2732232.055 3007287.435 3298342.766 3359145.469 3833244.700 4097872.190 4315843.612 6336502.121 567589282.4
