years
 1991 1992 1993 1994 1995 1996 1997 1998 1999 2000 2001 2002 2003 2004 2005 2006 2007 2008 2009 2010 2011 2012 2013 2014 2015 2016 2017 2018 2019 2020 2021
reclasobs
 0 0 0 0 0 0 0 0 0 252601 567819 844713 477998 351125 339783 2.1784e+06 2.13404e+06 4.81314e+06 1.55562e+06 2.62356e+06 3.21686e+06 3.843e+06 1.13348e+06 3.07943e+06 1.97215e+06 2.03268e+06 2.025e+06 2.42433e+06 2.27542e+06 1.05018e+06 2.36338e+06
reclaspred
 5.12112e+06 1.80282e+06 983475 731733 316777 2.98329e+06 1.49007e+06 784554 511469 253522 449653 816837 780962 566046 435180 1.69972e+06 937004 4.04748e+06 2.95987e+06 1.99325e+06 3.1528e+06 3.01744e+06 1.69945e+06 3.22714e+06 2.3061e+06 1.66831e+06 2.23888e+06 3.12987e+06 2.35123e+06 860415 1.56091e+06
pelacesobs
 0 0 0 0 0 0 0 0 0 0 0 0 0 0 0 552880 188675 0 991730 2.46772e+06 1.41603e+06 1.21717e+06 2.29649e+06 1.80582e+06 0 1.4828e+06 1.56532e+06 1.57751e+06 1.42118e+06 867257 1.10002e+06
pelacespred
 4.86255e+06 1.58576e+06 578741 298492 159864 1.56652e+06 868035 673767 281245 95660.2 234899 345774 379946 246413 184740 679658 463251 2.11064e+06 1.69257e+06 991074 1.6076e+06 1.52075e+06 1.06531e+06 1.99155e+06 1.51658e+06 1.14224e+06 1.51102e+06 2.12017e+06 1.69866e+06 635391 837205
mphobs
 0 0 0 0 0 0 0 0 0 0 0 498337 0 5186 125008 0 168611 109162 213762 579715 649985 157893 87575 83554 0 0 0 0 0 0 0
mphpred
 1.09076e+06 500546 128436 109067 54436.4 30637.4 379832 130483 73414.6 32801.8 14771.8 59666.6 74040.2 53211.6 27518.7 29435.8 190039 80883.1 457263 237750 240838 284422 330350 167492 361462 266043 164070 228285 454590 215060 64653.2
desembarqueobs
 494567 514787 250237 358949 120608 361735 552515 73892 212993 205616 52469 317467 293654 387597 252695 516296 358380 742168 942051 627588 828172 859565 418607 520667 417249 300574 407403 355545 319650 289779 391294
desembarquepred
 494507 514550 249921 358758 120561 361591 552020 73880.1 212859 205473 52460.5 317253 293403 387044 252444 515874 358228 741586 940751 626610 827808 858757 418317 520435 416927 300378 407149 355328 319389 289430 391105
Reclutas
 52519 39986.2 139527 58766.6 23661 280910 36280.5 10618.7 26287.3 37308.1 44059.1 107750 82848.6 67281 44533.8 256950 25604.6 439459 223272 199927 225639 395337 34541.6 180045 139649 44347.9 136122 175473 37413.8 21900.4 118203
log_desv_Rt
 -0.40024 -0.67288 0.576842 -0.287841 -1.19759 1.27662 -0.770133 -1.9988 -1.09233 -0.742205 -0.575883 0.318402 0.0555997 -0.152537 -0.565167 1.18747 -1.11864 1.72413 1.04698 0.936536 1.05752 1.61832 -0.819252 0.831794 0.577717 -0.56935 0.552137 0.806072 -0.739376 -1.27491 0.410989
SSB
 1.42792e+06 655269 168136 142781 71263.1 40107.6 497242 170816 96107.7 42941 19337.9 78110 96926.7 69659.8 36024.9 38534.6 248781 105885 598607 311241 315284 372339 432464 219266 473193 348279 214786 298850 595108 281537 84638
BT
 1.89483e+06 1.00919e+06 452507 397766 161624 1.28705e+06 798119 310433 331438 242648 178702 448641 463948 540539 356581 825512 460277 1.94186e+06 1.66446e+06 977929 1.53783e+06 1.50565e+06 755862 1.5816e+06 1.00789e+06 718965 1.22169e+06 1.46495e+06 865304 501563 849196
Ftot
 0.339485 0.940089 0.944435 1.608 1.29074 0.515743 1.20108 0.343153 1.45813 2.51491 0.488304 1.43008 1.3652 2.26908 2.04392 1.21326 1.25874 0.757309 1.13291 1.15598 0.990101 1.07721 0.849329 0.649875 0.671991 0.651959 0.719995 0.461863 0.481482 1.1121 0.997727
BD_Bspro_t
 0.947364 0.623984 0.27979 0.260028 0.127487 0.0973649 0.47441 0.213986 0.178335 0.109044 0.0698184 0.295582 0.225581 0.149218 0.0802658 0.0883878 0.270272 0.136726 0.389564 0.231277 0.199716 0.226297 0.266775 0.176874 0.345308 0.33184 0.284427 0.389149 0.534039 0.353776 0.171443
BD_Bspro
 2.5491 1.16977 0.300153 0.254889 0.127217 0.0715992 0.887665 0.304937 0.171569 0.0766574 0.0345215 0.13944 0.173031 0.124355 0.0643109 0.0687911 0.444119 0.189023 1.06862 0.55562 0.562837 0.664691 0.772025 0.391428 0.844734 0.621739 0.383431 0.5335 1.06237 0.502594 0.151094
BD_Bo
 1.09869 0.504187 0.12937 0.10986 0.0548323 0.0308602 0.382595 0.131432 0.0739486 0.0330403 0.0148792 0.0601005 0.0745787 0.0535986 0.0277188 0.0296498 0.191421 0.0814713 0.460589 0.239479 0.24259 0.28649 0.332753 0.168711 0.364091 0.267977 0.165263 0.229945 0.457897 0.216624 0.0651234
BD_Brms
 5.67024 2.60206 0.667664 0.566978 0.282984 0.159266 1.97453 0.678305 0.381641 0.170518 0.0767901 0.310173 0.384893 0.276617 0.143054 0.15302 0.987903 0.420465 2.37705 1.23593 1.25198 1.47855 1.7173 0.870699 1.87904 1.38301 0.852909 1.18672 2.36316 1.11798 0.336095
Sel_flota
 0.667016 0.974398 0.998619 0.999927 0.999996
 0.667016 0.974398 0.998619 0.999927 0.999996
 0.667016 0.974398 0.998619 0.999927 0.999996
 0.667016 0.974398 0.998619 0.999927 0.999996
 0.667016 0.974398 0.998619 0.999927 0.999996
 0.667016 0.974398 0.998619 0.999927 0.999996
 0.667016 0.974398 0.998619 0.999927 0.999996
 0.667016 0.974398 0.998619 0.999927 0.999996
 0.667016 0.974398 0.998619 0.999927 0.999996
 0.667016 0.974398 0.998619 0.999927 0.999996
 0.667016 0.974398 0.998619 0.999927 0.999996
 0.667016 0.974398 0.998619 0.999927 0.999996
 0.667016 0.974398 0.998619 0.999927 0.999996
 0.667016 0.974398 0.998619 0.999927 0.999996
 0.667016 0.974398 0.998619 0.999927 0.999996
 0.667016 0.974398 0.998619 0.999927 0.999996
 0.667016 0.974398 0.998619 0.999927 0.999996
 0.667016 0.974398 0.998619 0.999927 0.999996
 0.667016 0.974398 0.998619 0.999927 0.999996
 0.667016 0.974398 0.998619 0.999927 0.999996
 0.667016 0.974398 0.998619 0.999927 0.999996
 0.667016 0.974398 0.998619 0.999927 0.999996
 0.667016 0.974398 0.998619 0.999927 0.999996
 0.667016 0.974398 0.998619 0.999927 0.999996
 0.667016 0.974398 0.998619 0.999927 0.999996
 0.667016 0.974398 0.998619 0.999927 0.999996
 0.667016 0.974398 0.998619 0.999927 0.999996
 0.667016 0.974398 0.998619 0.999927 0.999996
 0.667016 0.974398 0.998619 0.999927 0.999996
 0.667016 0.974398 0.998619 0.999927 0.999996
 0.667016 0.974398 0.998619 0.999927 0.999996
Sel_reclas
 0.83915 1 1 1 1
 0.83915 1 1 1 1
 0.83915 1 1 1 1
 0.83915 1 1 1 1
 0.83915 1 1 1 1
 0.83915 1 1 1 1
 0.83915 1 1 1 1
 0.83915 1 1 1 1
 0.83915 1 1 1 1
 0.83915 1 1 1 1
 0.83915 1 1 1 1
 0.83915 1 1 1 1
 0.83915 1 1 1 1
 0.83915 1 1 1 1
 0.83915 1 1 1 1
 0.83915 1 1 1 1
 0.83915 1 1 1 1
 0.83915 1 1 1 1
 0.83915 1 1 1 1
 0.83915 1 1 1 1
 0.83915 1 1 1 1
 0.83915 1 1 1 1
 0.83915 1 1 1 1
 0.83915 1 1 1 1
 0.83915 1 1 1 1
 0.83915 1 1 1 1
 0.83915 1 1 1 1
 0.83915 1 1 1 1
 0.83915 1 1 1 1
 0.83915 1 1 1 1
 0.83915 1 1 1 1
Sel_pelaces
 0.415246 0.781362 0.947328 0.989073 0.99781
 0.415246 0.781362 0.947328 0.989073 0.99781
 0.415246 0.781362 0.947328 0.989073 0.99781
 0.415246 0.781362 0.947328 0.989073 0.99781
 0.415246 0.781362 0.947328 0.989073 0.99781
 0.415246 0.781362 0.947328 0.989073 0.99781
 0.415246 0.781362 0.947328 0.989073 0.99781
 0.415246 0.781362 0.947328 0.989073 0.99781
 0.415246 0.781362 0.947328 0.989073 0.99781
 0.415246 0.781362 0.947328 0.989073 0.99781
 0.415246 0.781362 0.947328 0.989073 0.99781
 0.415246 0.781362 0.947328 0.989073 0.99781
 0.415246 0.781362 0.947328 0.989073 0.99781
 0.415246 0.781362 0.947328 0.989073 0.99781
 0.415246 0.781362 0.947328 0.989073 0.99781
 0.415246 0.781362 0.947328 0.989073 0.99781
 0.415246 0.781362 0.947328 0.989073 0.99781
 0.415246 0.781362 0.947328 0.989073 0.99781
 0.415246 0.781362 0.947328 0.989073 0.99781
 0.415246 0.781362 0.947328 0.989073 0.99781
 0.415246 0.781362 0.947328 0.989073 0.99781
 0.415246 0.781362 0.947328 0.989073 0.99781
 0.415246 0.781362 0.947328 0.989073 0.99781
 0.415246 0.781362 0.947328 0.989073 0.99781
 0.415246 0.781362 0.947328 0.989073 0.99781
 0.415246 0.781362 0.947328 0.989073 0.99781
 0.415246 0.781362 0.947328 0.989073 0.99781
 0.415246 0.781362 0.947328 0.989073 0.99781
 0.415246 0.781362 0.947328 0.989073 0.99781
 0.415246 0.781362 0.947328 0.989073 0.99781
 0.415246 0.781362 0.947328 0.989073 0.99781
pf_obs 
 0.8446 0.082 0.0669 0.0065 0
 0.8095 0.147 0.0364 0.0071 0
 0.9664 0.0169 0.016 0.0007 0
 0.9276 0.0648 0.0075 0.0001 0
 0.7033 0.2144 0.0806 0.0017 0
 0.9318 0.0425 0.0243 0.0014 0
 0.5671 0.3108 0.0964 0.0239 0.0018
 0.0768 0.2599 0.5324 0.112 0.0189
 0.490249 0.384438 0.106611 0.0170017 0.00170017
 0.7925 0.1577 0.0466 0.003 0.0002
 0.840416 0.127587 0.0312969 0.00059994 9.999e-05
 0.8084 0.0986 0.0794 0.0134 0.0002
 0.7335 0.1905 0.0724 0.0035 0.0001
 0.4001 0.4547 0.1325 0.0127 0
 0.49795 0.308269 0.164784 0.0264974 0.00249975
 0.9179 0.0499 0.0305 0.0017 0
 0.2467 0.6533 0.0926 0.0074 0
 0.9418 0.0223 0.034 0.0019 0
 0.707729 0.231977 0.0356964 0.0245975 0
 0.517169 0.277429 0.184464 0.0207286 0.00020938
 0.811772 0.124168 0.05621 0.00726502 0.000585176
 0.764997 0.148141 0.077277 0.00933861 0.000247198
 0.163321 0.427699 0.378323 0.0303852 0.000271297
 0.753843 0.0900009 0.118128 0.0371064 0.000921714
 0.721811 0.176058 0.0630433 0.0369309 0.00215725
 0.143369 0.312575 0.442814 0.0836902 0.0175525
 0.692698 0.0596174 0.167031 0.0765114 0.00414204
 0.394062 0.376323 0.152708 0.0712218 0.00568511
 0.125707 0.32114 0.495352 0.0537591 0.00404204
 0.23352 0.215282 0.420074 0.123614 0.00750983
 0.774587 0.0839891 0.0768558 0.0609784 0.00358967
pf_pred 
 0.283096 0.197992 0.459856 0.059055 1.01521e-06
 0.429277 0.21776 0.0995284 0.224631 0.0288035
 0.885165 0.0656072 0.0192499 0.00846589 0.0215124
 0.616489 0.35728 0.0152428 0.00430224 0.00668551
 0.657017 0.262227 0.0754944 0.00306116 0.00220042
 0.977517 0.0175983 0.00377373 0.00103906 7.224e-05
 0.275111 0.7146 0.00810897 0.0016849 0.000495336
 0.340951 0.269481 0.38427 0.00417749 0.00112058
 0.750106 0.111702 0.0574739 0.0796214 0.00109605
 0.881314 0.101801 0.00775583 0.00380245 0.00532639
 0.922081 0.0739771 0.00341455 0.000242837 0.000284736
 0.873781 0.119821 0.00608419 0.000272212 4.19867e-05
 0.799132 0.186927 0.0132647 0.000642305 3.30847e-05
 0.802488 0.174626 0.0213649 0.0014472 7.35016e-05
 0.859638 0.127259 0.0116693 0.00133889 9.49694e-05
 0.978012 0.0204981 0.00135803 0.000117345 1.43726e-05
 0.319533 0.672271 0.00766253 0.000486062 4.70336e-05
 0.974025 0.0120834 0.0137315 0.000149756 1.03941e-05
 0.63523 0.359127 0.00267479 0.00293372 3.4151e-05
 0.752788 0.187583 0.058745 0.000419546 0.000464468
 0.811014 0.160243 0.0220302 0.00661312 9.92841e-05
 0.862269 0.121624 0.0137392 0.00181583 0.000552098
 0.25193 0.686726 0.0544269 0.00590203 0.00101495
 0.870169 0.0472204 0.0760628 0.00581043 0.000736965
 0.688231 0.286043 0.00955813 0.0148891 0.00127932
 0.438614 0.439633 0.112024 0.00361868 0.00611017
 0.843194 0.0880021 0.0542718 0.0133728 0.00115922
 0.786634 0.191986 0.0121828 0.00725798 0.00193981
 0.327666 0.573095 0.0895688 0.00551362 0.00415585
 0.424222 0.250669 0.278381 0.0421821 0.0045461
 0.931175 0.0395877 0.0130304 0.0138819 0.00232496
pobs_RECLAS
 0 0 0 0 0
 0 0 0 0 0
 0 0 0 0 0
 0 0 0 0 0
 0 0 0 0 0
 0 0 0 0 0
 0 0 0 0 0
 0 0 0 0 0
 0 0 0 0 0
 0 0 0 0 0
 0.991045 0.00858322 0.000360255 1.14367e-05 0
 0.934742 0.0480273 0.0164251 0.00080598 0
 0.827803 0.169806 0.00239088 0 0
 0.941827 0.0461693 0.0120037 0 0
 0.791401 0.0380133 0.147996 0.0225897 0
 0.846168 0.0940531 0.0597789 0 0
 0.134021 0.677848 0.182769 0.00536245 0
 0.80878 0.0450904 0.141981 0.00414843 0
 0.846168 0.0940531 0.0597789 0 0
 0.905697 0.0802665 0.012482 0.00150086 5.37128e-05
 0.989698 0.0102097 9.19794e-05 0 0
 0.975433 0.0193895 0.00387452 0.00125025 5.28907e-05
 0.303575 0.632131 0.0575291 0.00676475 0
 0.966965 0.00978017 0.0227588 0.000495775 0
 0.843318 0.132988 0.00938335 0.0141283 0.000182051
 0.564624 0.303363 0.111486 0.0197234 0.00080311
 0.826376 0.0876187 0.0782897 0.00655872 0.00115652
 0.89761 0.0855135 0.0140674 0.00269457 0.000114338
 0.34875 0.467042 0.161289 0.0227151 0.000203297
 0.318654 0.224769 0.449479 0.00709798 0
 0.937255 0.0296025 0.0250945 0.00804832 0
ppred_RECLAS
 0.33265 0.187741 0.425092 0.0545166 9.37121e-07
 0.494324 0.196423 0.0872972 0.196731 0.0252241
 0.9088 0.0527499 0.0150497 0.00660879 0.016792
 0.683176 0.295809 0.0122211 0.00344342 0.00535047
 0.71593 0.218713 0.0611047 0.00247371 0.00177799
 0.982009 0.0141619 0.00295869 0.000813512 5.65549e-05
 0.330175 0.660592 0.00727842 0.00150995 0.000443864
 0.394252 0.251424 0.349512 0.00379447 0.00101776
 0.80163 0.0902471 0.0450124 0.0622541 0.000856904
 0.915761 0.0726664 0.00532206 0.00260372 0.00364683
 0.936605 0.0602663 0.00271041 0.000192493 0.000225689
 0.901495 0.0936569 0.00461087 0.000205953 3.1764e-05
 0.839661 0.149524 0.0102919 0.00049754 2.56258e-05
 0.852829 0.130675 0.0154022 0.00104121 5.28764e-05
 0.895193 0.0953344 0.0084375 0.00096625 6.85305e-05
 0.983025 0.0158563 0.00101993 8.7991e-05 1.07764e-05
 0.379772 0.612975 0.00678139 0.000429483 4.15552e-05
 0.979618 0.00961925 0.010639 0.000115862 8.04094e-06
 0.692451 0.302929 0.00219159 0.00240001 2.79358e-05
 0.798746 0.153779 0.0467724 0.000333518 0.000369199
 0.846599 0.130631 0.0174585 0.00523285 7.85557e-05
 0.889965 0.0974925 0.0107011 0.00141213 0.000429319
 0.300019 0.644023 0.049656 0.00537676 0.00092455
 0.895444 0.0386769 0.0606647 0.00462758 0.000586895
 0.735642 0.24309 0.00790876 0.0123022 0.00105697
 0.496817 0.396321 0.0983342 0.00317195 0.00535546
 0.87279 0.072244 0.04337 0.0106712 0.000924962
 0.821543 0.160996 0.00995546 0.00592285 0.00158286
 0.378801 0.531527 0.0809452 0.00497589 0.00375026
 0.491489 0.225037 0.242784 0.0367314 0.00395834
 0.946084 0.0313956 0.0100455 0.0106858 0.00178953
pobs_PELACES
 0 0 0 0 0
 0 0 0 0 0
 0 0 0 0 0
 0 0 0 0 0
 0 0 0 0 0
 0 0 0 0 0
 0 0 0 0 0
 0 0 0 0 0
 0 0 0 0 0
 0 0 0 0 0
 0 0 0 0 0
 0 0 0 0 0
 0 0 0 0 0
 0 0 0 0 0
 0 0 0 0 0
 0 0 0 0 0
 0.505614 0.472636 0.0217494 0 0
 0 0 0 0 0
 0.443492 0.261883 0.143347 0.151278 0
 0.227955 0.32914 0.350689 0.0885471 0.00366901
 0.970185 0.0296113 0.000203453 0 0
 0.997202 0.00247181 0.000326279 0 0
 0.445219 0.490057 0.0546422 0.010081 0
 0.90214 0.0892962 0.00764917 0.000914606 0
 0 0 0 0 0
 0.581667 0.319106 0.0959925 0.00289975 0.000334073
 0.762889 0.0836404 0.116647 0.0363945 0.000428098
 0.88444 0.0763242 0.0277011 0.0115352 0
 0.521256 0.241999 0.230069 0.00667565 0
 0.616807 0.101726 0.260614 0.0208532 0
 0.833518 0.0704572 0.0857862 0.0102388 0
ppred_PELACES
 0.220566 0.189907 0.519919 0.0696059 1.20706e-06
 0.372355 0.212379 0.11358 0.267133 0.0345525
 0.863143 0.0718816 0.0246771 0.0113094 0.0289888
 0.613046 0.356058 0.017607 0.00517598 0.0081133
 0.634761 0.268621 0.090055 0.00380424 0.00275839
 0.972066 0.0210072 0.00529912 0.0015209 0.000106665
 0.260132 0.727541 0.00962587 0.00208385 0.000617964
 0.275431 0.267864 0.450222 0.00510245 0.00138067
 0.725137 0.111181 0.0664532 0.0958973 0.00133161
 0.896109 0.0869981 0.00757136 0.00386318 0.00545834
 0.906788 0.0876796 0.00476225 0.000353043 0.000417578
 0.869023 0.123309 0.00727649 0.000339131 5.27641e-05
 0.789824 0.193368 0.0159616 0.000805158 4.18345e-05
 0.818885 0.157391 0.0220872 0.0015574 7.97848e-05
 0.867343 0.118541 0.0125137 0.00149488 0.000106955
 0.976147 0.0219833 0.00169783 0.00015285 1.88845e-05
 0.305336 0.684909 0.00909469 0.000601044 5.86668e-05
 0.967372 0.01389 0.0185132 0.00021043 1.47328e-05
 0.614504 0.378404 0.00328918 0.00375887 4.41382e-05
 0.729553 0.197245 0.0720667 0.000536261 0.00059886
 0.789243 0.17392 0.0279589 0.0087457 0.000132447
 0.848024 0.131504 0.0173501 0.00238933 0.000732808
 0.22539 0.700903 0.065077 0.00735436 0.00127575
 0.836474 0.0534101 0.101041 0.00804496 0.0010293
 0.649242 0.316439 0.012415 0.0201569 0.00174709
 0.390024 0.459841 0.13761 0.00463317 0.00789153
 0.810391 0.0984591 0.0712512 0.0182982 0.00160004
 0.749221 0.221226 0.0165244 0.0102621 0.00276671
 0.282329 0.595725 0.109569 0.0070308 0.00534577
 0.380266 0.245596 0.318403 0.0502705 0.00546508
 0.918079 0.0434764 0.0167317 0.0185744 0.00313803
pobs_pel_tallas
 0 0 0 0 0 0 0 0 0 0 0 0 0 0 0 0 0 0 0 0 0 0 0 0 0 0
 0 0 0 0 0 0 0 0 0 0 0 0 0 0 0 0 0 0 0 0 0 0 0 0 0 0
 0 0 0 0 0 0 0 0 0 0 0 0 0 0 0 0 0 0 0 0 0 0 0 0 0 0
 0 0 0 0 0 0 0 0 0 0 0 0 0 0 0 0 0 0 0 0 0 0 0 0 0 0
 0 0 0 0 0 0 0 0 0 0 0 0 0 0 0 0 0 0 0 0 0 0 0 0 0 0
 0 0 0 0 0 0 0 0 0 0 0 0 0 0 0 0 0 0 0 0 0 0 0 0 0 0
 0 0 0 0 0 0 0 0 0 0 0 0 0 0 0 0 0 0 0 0 0 0 0 0 0 0
 0 0 0 0 0 0 0 0 0 0 0 0 0 0 0 0 0 0 0 0 0 0 0 0 0 0
 0 0 0 0 0 0 0 0 0 0 0 0 0 0 0 0 0 0 0 0 0 0 0 0 0 0
 0 0 0 0 0 0 0 0 0 0 0 0 0 0 0 0 0 0 0 0 0 0 0 0 0 0
 0 0 0 0 0 0 0 0 0 0 0 0 0 0 0 0 0 0 0 0 0 0 0 0 0 0
 0 0 0 0 0 0 0 0 0 0 0 0 0 0 0 0 0 0 0 0 0 0 0 0 0 0
 0.00862536 0 0 0.000197151 0.00414017 0.0128641 0.00837892 0.0270097 0.101434 0.158115 0.152841 0.127902 0.109271 0.109419 0.0830992 0.0579132 0.0238553 0.00714673 0.00463305 0.00128148 0.00103504 0.000492878 0.000147863 0.000147863 4.92878e-05 0
 0 0 0 0 0 0 0 0 0 0 0 0 0 0 0 0 0 0 0 0 0 0 0 0 0 0
 0 0 0 0 0 0 0 0.0054083 0.00873648 0.0413646 0.0450493 0.0745869 0.0622846 0.0627006 0.0613931 0.0827291 0.12552 0.122667 0.0946155 0.0697135 0.0546179 0.0294188 0.0215738 0.0213955 0.0102223 0.00600262
 0 0 0 0 0.00359764 0.0251062 0.0480494 0.140153 0.205849 0.193036 0.1447 0.116669 0.0760912 0.0342217 0.00950174 0.001854 0.000860785 0 0 0 0.000165536 0 0.000143464 0 0 0
 0 0 0 0 0 0 0 0.000145254 0.000435761 0.0275982 0.070085 0.0708112 0.156366 0.174668 0.174014 0.160142 0.0824315 0.0480064 0.0283245 0.00493863 0.00203355 0 0 0 0 0
 0 0 0 0 0 0 0 0 0 0 0 0 0 0 0 0 0 0 0 0 0 0 0 0 0 0
 0 0 1.00437e-05 0.000401748 0.00122533 0.00171747 0.00176769 0.0269171 0.070346 0.194647 0.189555 0.159765 0.064822 0.0314167 0.0384472 0.0292271 0.0345202 0.0313363 0.0194345 0.0106764 0.0143323 0.0359363 0.0279516 0.0138201 0.00172751 0
 0 0.0021121 0.0136068 0.0755702 0.200478 0.177729 0.0527432 0.0373336 0.0318909 0.0142505 0.0149659 0.0166563 0.0217959 0.0798694 0.0677717 0.0528807 0.04013 0.0224614 0.0357745 0.0225083 0.00881397 0.00855152 0.00135912 0.000746735 0 0
 0 0 0 0 5.4009e-05 0.00500934 0.000945158 0.0243581 0.138947 0.33067 0.221406 0.137944 0.0707744 0.0437923 0.0131692 0.00525238 0.0047753 0.00276346 9.45158e-05 9.00151e-06 2.25038e-05 9.00151e-06 4.50075e-06 0 0 0
 0.000866109 0.00284123 0.00948549 0.0512746 0.133035 0.25785 0.225252 0.132002 0.0553304 0.0519788 0.0540692 0.017754 0.00435017 0.00159236 0.00146478 0.000404838 0.000125132 0.000115318 0.000107957 0.000100596 0 0 0 0 0 0
 0 0 0 0 0.00144013 0.00171154 0.00461396 0.0210425 0.0478622 0.0707936 0.0888783 0.103762 0.0637923 0.0337046 0.0602308 0.124433 0.169614 0.0934646 0.0462172 0.0250306 0.0313229 0.00938855 0.002487 0.000210481 0 0
 0 0.00764035 0.051015 0.0998891 0.058973 0.0496711 0.0374665 0.0718981 0.12319 0.153886 0.159021 0.0857701 0.0377988 0.023471 0.0147837 0.00900784 0.00315554 0.000888139 0.00291439 0.00214683 0.00393193 0.00274676 0.000635225 9.99891e-05 0 0
 0 0 0 0 0 0 0 0 0 0 0 0 0 0 0 0 0 0 0 0 0 0 0 0 0 0
 0 0 0 0 0 0 0 0 0 0 0 0 0 0 0 0 0 0 0 0 0 0 0 0 0 0
 0 0 0 0 0 0 0 0 0 0 0 0 0 0 0 0 0 0 0 0 0 0 0 0 0 0
 0 0 0 0 0 0 0 0 0 0 0 0 0 0 0 0 0 0 0 0 0 0 0 0 0 0
 0 0 0 0 0 0 0 0 0 0 0 0 0 0 0 0 0 0 0 0 0 0 0 0 0 0
 0 0 0 0 0 0 0 0 0 0 0 0 0 0 0 0 0 0 0 0 0 0 0 0 0 0
 0 0 0 0 0 0 0 0 0 0 0 0 0 0 0 0 0 0 0 0 0 0 0 0 0 0
ppred_pel_tallas
 1.22033e-16 1.81678e-05 0.000176597 0.00117355 0.00533481 0.0165987 0.035366 0.0516216 0.0516407 0.0354596 0.0169153 0.00625943 0.00353224 0.00545061 0.0104006 0.0181205 0.0283263 0.0402592 0.0530023 0.0659087 0.0785276 0.0899872 0.0985099 0.101781 0.0981077 0.0875217
 1.35969e-16 3.06705e-05 0.000298128 0.00198117 0.0090061 0.0280214 0.0597034 0.0871432 0.0871639 0.0598046 0.0283621 0.00999332 0.00447178 0.00577822 0.0105699 0.0177861 0.0265086 0.035322 0.0429239 0.0490355 0.0546487 0.0612187 0.0693605 0.0780699 0.0850358 0.0877622
 1.06771e-16 7.1096e-05 0.000691078 0.00459246 0.0208767 0.064955 0.138394 0.201991 0.201998 0.138428 0.0650694 0.0212073 0.00542411 0.00251227 0.00354717 0.0057988 0.0084623 0.0108991 0.0125262 0.0131201 0.0129621 0.0126406 0.0126558 0.0131313 0.0138056 0.0142402
 1.02492e-16 5.04959e-05 0.000490838 0.00326179 0.0148276 0.0461345 0.0982957 0.143473 0.143507 0.0984631 0.0466965 0.0164501 0.00733191 0.00936766 0.016885 0.0277712 0.0398535 0.0498104 0.0542974 0.0517844 0.0434907 0.0326038 0.0224282 0.0148848 0.0102129 0.00762797
 1.03516e-16 5.22845e-05 0.000508224 0.00337733 0.0153529 0.0477686 0.101777 0.148552 0.148578 0.101904 0.048195 0.0165855 0.00647511 0.00728295 0.0129544 0.0214257 0.0310722 0.0395116 0.0443266 0.0443608 0.040345 0.0342915 0.0281871 0.023043 0.0188602 0.0152133
 1.00329e-16 8.00678e-05 0.000778288 0.00517199 0.0235111 0.0731519 0.155858 0.22748 0.227482 0.155868 0.0731852 0.0236074 0.00541374 0.00130665 0.00108536 0.00167243 0.0024127 0.00305753 0.00341281 0.00339007 0.0030523 0.00256551 0.00209348 0.00171906 0.00143841 0.00120711
 1.00778e-16 2.14269e-05 0.000208277 0.00138408 0.00629185 0.0195767 0.0417127 0.0608956 0.0609656 0.0420545 0.0207239 0.00960361 0.00968959 0.0183145 0.0343353 0.0565376 0.0809924 0.100903 0.109358 0.103176 0.0848565 0.061015 0.0386003 0.021787 0.011301 0.00569603
 1.13807e-16 2.26869e-05 0.000220525 0.00146547 0.00666182 0.0207275 0.0441632 0.064463 0.0644894 0.0442927 0.0211644 0.00793155 0.00468296 0.00734426 0.0138436 0.0236076 0.0357592 0.0485977 0.0602437 0.06957 0.0764571 0.0810959 0.0830855 0.0813246 0.0748642 0.0639213
 1.11789e-16 5.97286e-05 0.000580583 0.00385818 0.0175387 0.0545696 0.116267 0.169697 0.169708 0.11632 0.0547477 0.0180548 0.00515952 0.00344124 0.00555238 0.00924586 0.0137041 0.0180882 0.0216141 0.024005 0.02565 0.0272419 0.0291696 0.0311602 0.0324253 0.0321427
 1.01552e-16 7.38113e-05 0.000717472 0.00476786 0.021674 0.0674359 0.14368 0.209706 0.209715 0.143721 0.0675733 0.0220709 0.00576393 0.00289107 0.00419953 0.00682004 0.00980481 0.0123062 0.0135187 0.0130819 0.0112991 0.00893908 0.00678096 0.0052499 0.00435377 0.00385672
 1.00267e-16 7.46909e-05 0.000726022 0.00482467 0.0219323 0.0682395 0.145392 0.212205 0.212214 0.145433 0.0683779 0.0223318 0.00582692 0.00291186 0.00421982 0.00684178 0.00981034 0.0122557 0.0133468 0.0127012 0.0106125 0.00786074 0.00525917 0.00328822 0.00202294 0.00129161
 1.00285e-16 7.15803e-05 0.000695786 0.00462374 0.0210189 0.0653975 0.139337 0.203369 0.203381 0.139395 0.0655922 0.0215808 0.00603343 0.00377031 0.00590227 0.00962223 0.013802 0.0172452 0.0187849 0.0178816 0.0149457 0.0110699 0.00739469 0.00459485 0.00277902 0.00171263
 1.00598e-16 6.50568e-05 0.000632375 0.00420236 0.0191033 0.0594376 0.126639 0.184837 0.184855 0.12673 0.0597429 0.019985 0.00641461 0.00545842 0.00922074 0.0151147 0.0217049 0.0271618 0.0296651 0.0283701 0.0239098 0.0179747 0.0123227 0.00798387 0.00511488 0.00335426
 1.00848e-16 6.74505e-05 0.000655643 0.00435698 0.0198062 0.0616245 0.131298 0.191637 0.191652 0.131372 0.0618734 0.0205249 0.00616096 0.00459332 0.0075445 0.012362 0.0177916 0.02235 0.0245699 0.0237664 0.0204349 0.0159058 0.0115476 0.00814051 0.00578086 0.00418357
 1.0056e-16 7.14419e-05 0.000694441 0.00461481 0.0209782 0.0652712 0.139068 0.202976 0.202987 0.139123 0.0654585 0.0215191 0.00597206 0.00365606 0.00569226 0.00928718 0.0133472 0.0167319 0.0183293 0.0176241 0.0149997 0.011479 0.00811909 0.00552972 0.00379161 0.00267995
 1.00074e-16 8.0404e-05 0.000781555 0.00519371 0.0236098 0.073459 0.156512 0.228435 0.228437 0.156523 0.0734937 0.0237101 0.00544518 0.00133011 0.00112103 0.00172288 0.00246659 0.00308571 0.00336882 0.00321983 0.00271112 0.00203548 0.00139338 0.000902228 0.000579582 0.000383567
 1.00508e-16 2.51503e-05 0.00024447 0.00162459 0.00738519 0.0229784 0.0489604 0.0714729 0.0715388 0.0492822 0.0240585 0.0105029 0.00944329 0.0172893 0.0323271 0.0532218 0.0762388 0.094973 0.102915 0.0970656 0.079774 0.0572667 0.0360889 0.0201792 0.0102349 0.00490891
 1.00562e-16 7.96811e-05 0.000774529 0.00514702 0.0233976 0.0727986 0.155105 0.226381 0.226382 0.155112 0.0728211 0.0234629 0.00531213 0.00113897 0.000783487 0.00119941 0.00179011 0.00239577 0.00290691 0.00326425 0.0034727 0.00356637 0.00355651 0.00341474 0.00310534 0.00263191
 1.00577e-16 5.0616e-05 0.000492005 0.00326955 0.0148629 0.0462443 0.0985296 0.143814 0.143851 0.0987074 0.0468409 0.0165853 0.00758898 0.00990824 0.0178952 0.0294032 0.0421147 0.0524631 0.0568537 0.0536363 0.0441187 0.0317499 0.0201487 0.0114825 0.00611507 0.00327374
 1.02286e-16 6.00924e-05 0.000584119 0.00388168 0.0176456 0.054902 0.116975 0.170733 0.170752 0.117068 0.0552153 0.0185512 0.00615817 0.0055639 0.00954719 0.0157647 0.0228792 0.0291305 0.0327443 0.0328638 0.0300046 0.0256113 0.0211097 0.0172243 0.0139666 0.0110637
 1.01751e-16 6.5009e-05 0.00063191 0.00419927 0.0190893 0.0593939 0.126546 0.1847 0.184717 0.126628 0.059669 0.0198841 0.00619462 0.00498875 0.00834232 0.0136962 0.0197412 0.0248618 0.0274554 0.0267805 0.0233877 0.01873 0.0142781 0.0108344 0.00844301 0.00674283
 1.00899e-16 6.98506e-05 0.000678973 0.00451202 0.020511 0.0638173 0.13597 0.198455 0.198468 0.136032 0.0640252 0.0211114 0.00601903 0.0039683 0.00631539 0.010326 0.0148581 0.0186621 0.0205124 0.0198405 0.0170665 0.0133088 0.00971517 0.00693599 0.00504216 0.0037796
 1.03011e-16 1.85652e-05 0.00018046 0.00119923 0.00545155 0.0169622 0.0361422 0.0527647 0.0528322 0.036472 0.0180693 0.0086485 0.00922106 0.0176823 0.0332285 0.0548266 0.078794 0.0986927 0.107958 0.103542 0.0877321 0.0666216 0.0465236 0.0311018 0.0208639 0.0144702
 1.03911e-16 6.88993e-05 0.000669726 0.00445056 0.0202316 0.0629481 0.134118 0.19575 0.195755 0.134144 0.0630356 0.0204863 0.00509682 0.00210378 0.00286051 0.00479723 0.00731598 0.0100566 0.0126714 0.0149528 0.0168639 0.0183879 0.0193525 0.0194311 0.0183471 0.0161052
 1.02757e-16 5.34773e-05 0.000519818 0.00345438 0.0157031 0.0488584 0.104099 0.151942 0.151972 0.104248 0.0493578 0.017145 0.00707161 0.00840911 0.0150159 0.0246864 0.0354341 0.0443093 0.0483541 0.046229 0.0390371 0.0296183 0.0208915 0.0145136 0.0106239 0.00845306
 1.05889e-16 3.21259e-05 0.000312275 0.00207518 0.00943349 0.0293513 0.0625377 0.0912849 0.0913294 0.0627549 0.0300807 0.0115417 0.00737224 0.0118928 0.0220749 0.036571 0.0529728 0.0672192 0.0751529 0.0747967 0.0674452 0.0566321 0.0458726 0.0369949 0.0300382 0.0242307
 1.04188e-16 6.67509e-05 0.000648842 0.00431179 0.0196008 0.0609853 0.129936 0.189647 0.189657 0.129983 0.061143 0.0200573 0.00546246 0.00317597 0.00491089 0.00813008 0.0119793 0.0156394 0.01831 0.019607 0.0197376 0.0192492 0.0185744 0.0177653 0.0165903 0.0148315
 1.02031e-16 6.17124e-05 0.000599866 0.00398632 0.0181213 0.0563821 0.120129 0.175336 0.175357 0.120233 0.0567315 0.0191301 0.00651769 0.00612253 0.0105406 0.0173032 0.0248627 0.0311482 0.0340973 0.0327694 0.0279148 0.0214822 0.0154701 0.0110072 0.00818941 0.00650705
 1.04924e-16 2.32552e-05 0.000226049 0.00150218 0.00682871 0.021247 0.045271 0.0660865 0.0661439 0.0455518 0.0221897 0.00955213 0.00833988 0.0151579 0.0283962 0.0469447 0.067706 0.0853057 0.0942523 0.0919699 0.0802872 0.0641185 0.048469 0.036118 0.0273209 0.0209917
 1.15218e-16 3.1322e-05 0.000304461 0.00202325 0.00919743 0.0286167 0.0609719 0.0889953 0.0890194 0.06109 0.0290146 0.0103523 0.00494411 0.00675329 0.0124916 0.0211571 0.0317705 0.0426582 0.0520496 0.0590104 0.063738 0.0668932 0.0686148 0.0681803 0.0645976 0.0575246
 1.02888e-16 7.5621e-05 0.000735063 0.00488475 0.0222054 0.0690892 0.147202 0.214846 0.214851 0.147223 0.0691584 0.0224057 0.00538871 0.00183932 0.00218516 0.0035262 0.00515327 0.00665762 0.00768503 0.0080924 0.0080291 0.00781612 0.00771481 0.00776894 0.0078202 0.00764728
pSPR Fmed_Fpbrs
0.262251   0.243765 0.243765
Fs Fmed_Fpbrs
0.940563   1.005 1.005
SSBpbr Bo_Bmed_Bpbrs
1.29966e+06  275853  251827 251827
Ro
78367.9
SPR SPRFo_SPRFmed_SPRFpbrs
560168 146904 136549
Fref
1.005
Nvult_r0
 95851.3 3303.16 1073.87 1143.3 191.474
CTP_r0
 38300.2 1628.28 535.953 570.977 95.6281
YTP_r0
391105
Np
 96158.4 22351.7 533.943 168.791 203.771
Nvult_p0
 78063.3 19263.4 461.942 146.06 176.331
CTP_p0
 31328.6 9530.82 231.387 73.2094 88.3854
YTP_p0
 399803
CBA_c0
393714
log_Ro
11.0892
likeval ReclasPelacesDesembMPH_pf_preclas_ppelaces_ptallas_desvR_qrecl_qpela
 13.4501 16.6254 0.100263 0.000863602 267.623 117.097 107.381 0 38.7012 8.48145e-05 0.000230431 0.0171344 0 0 0
q_reclas_q_pelaces
3.68777 8.66812
M
1
N
 52519 26205.2 59579.6 7642.57 0.131375
 39986.2 15405.6 6925.18 15616 2002.29
 139527 7857.59 2267.58 996.38 2531.75
 58766.6 27338.7 1151.68 324.841 504.774
 23661 7396.56 2099.03 85.0471 61.1308
 280910 3679.9 773.619 212.784 14.7929
 36280.5 73260.7 819.015 170.042 49.9878
 10618.7 5990.3 8361.96 90.8019 24.3554
 26287.3 3107.22 1577.39 2183.68 30.0591
 37308.1 3656.43 276.077 135.288 189.504
 44059.1 2564.4 116.015 8.24201 9.66353
 107750 11702.8 586.21 26.2087 4.04234
 82848.6 15270.6 1068.61 51.706 2.66324
 67281 12260.7 1485.39 100.564 5.10739
 44533.8 5448.64 494.313 56.6838 4.02053
 256950 4190.92 273.562 23.6195 2.89282
 25604.6 42081.8 472.706 29.9623 2.89917
 439459 4068.09 4540.8 49.4753 3.43373
 223272 97554.1 715.519 784.147 9.12773
 199927 38579.5 11899.5 84.9157 94.004
 225639 34018 4601.26 1380.04 20.7178
 395337 42885.1 4769 629.769 191.471
 34541.6 70896.4 5522.83 598.345 102.89
 180045 7211.28 11400.3 869.997 110.34
 139649 42936.9 1408.34 2191.66 188.305
 44347.9 32815.6 8206.66 264.834 447.15
 136122 10561.3 6395.76 1574.42 136.471
 175473 30978.8 1926.37 1146.41 306.379
 37413.8 47437.7 7266.43 446.825 336.771
 21900.4 9982.99 10916.3 1652.76 178.116
 118203 3837.1 1242.66 1322.73 221.523
pred_Ctot
 6852.36 4792.4 11130.8 1429.43 0.0245731
 12382.1 6281.11 2870.81 6479.28 830.813
 43359.1 3213.71 942.94 414.695 1053.77
 26584.2 15406.6 657.301 185.521 288.293
 9244.01 3689.44 1062.18 43.0695 30.9591
 53149.3 956.853 205.184 56.4954 3.92782
 13473 34996.1 397.12 82.5147 24.258
 1399.06 1105.79 1576.82 17.142 4.5982
 11158.3 1661.64 854.957 1184.41 16.3044
 21767.4 2514.36 191.56 93.9161 131.556
 7949.47 637.773 29.4376 2.09355 2.45477
 45148.5 6191.16 314.372 14.0653 2.16946
 33642.7 7869.47 558.433 27.0405 1.39283
 37232.4 8101.99 991.251 67.1446 3.41019
 23272.5 3445.2 315.916 36.2471 2.57105
 96108.4 2014.33 133.453 11.5314 1.41239
 9829.33 20680.1 235.711 14.952 1.44682
 114746 1423.5 1617.65 17.6423 1.22449
 79494.9 44942.4 334.733 367.137 4.27377
 72231.1 17998.9 5636.67 40.256 44.5664
 72688.7 14362.1 1974.5 592.713 8.89853
 135650 19133.5 2161.41 285.661 86.8544
 9883.74 26941.6 2135.28 231.549 39.8186
 41461 2249.91 3624.17 276.85 35.1142
 33065.1 13742.5 459.206 715.324 61.4631
 10239.7 10263.5 2615.28 84.4806 142.646
 34112.4 3560.23 2195.63 541.012 46.8976
 30154.3 7359.44 467.007 278.222 74.3594
 6668.07 11662.6 1822.74 112.203 84.5723
 7692.75 4545.56 5048.09 764.921 82.4379
 38300.2 1628.28 535.953 570.977 95.6281
F
 0.226442 0.330793 0.339016 0.33946 0.339483
 0.627054 0.916021 0.938791 0.94002 0.940085
 0.629953 0.920256 0.943131 0.944366 0.944431
 1.07256 1.56683 1.60577 1.60788 1.60799
 0.860942 1.25769 1.28895 1.29064 1.29073
 0.344009 0.502539 0.515031 0.515706 0.515741
 0.801141 1.17033 1.19942 1.20099 1.20108
 0.228889 0.334368 0.342679 0.343128 0.343152
 0.972599 1.4208 1.45612 1.45803 1.45813
 1.67748 2.45052 2.51144 2.51473 2.5149
 0.325706 0.475802 0.487629 0.488268 0.488302
 0.953886 1.39347 1.4281 1.42997 1.43007
 0.910614 1.33025 1.36332 1.36511 1.3652
 1.51351 2.21099 2.26595 2.26891 2.26907
 1.36333 1.99159 2.0411 2.04377 2.04391
 0.809266 1.1822 1.21159 1.21318 1.21326
 0.839598 1.22651 1.257 1.25865 1.25873
 0.505138 0.737921 0.756263 0.757254 0.757306
 0.755671 1.10391 1.13135 1.13283 1.13291
 0.771061 1.12639 1.15439 1.1559 1.15598
 0.660413 0.964752 0.988733 0.990029 0.990097
 0.718519 1.04963 1.07573 1.07713 1.07721
 0.566516 0.827585 0.848156 0.849267 0.849326
 0.433477 0.633237 0.648977 0.649827 0.649872
 0.448229 0.654787 0.671063 0.671942 0.671988
 0.434867 0.635268 0.651059 0.651911 0.651956
 0.480248 0.701562 0.719001 0.719943 0.719992
 0.30807 0.450038 0.461225 0.461829 0.461861
 0.321156 0.469155 0.480817 0.481447 0.48148
 0.741788 1.08363 1.11056 1.11202 1.11209
 0.6655 0.972183 0.996349 0.997654 0.997723
nmprior
 8.19 8.8 8.5 0
nm_flota  nm_reclas  nm_pelaces    nm_pelaL
inf 22.6527 7.6343 14.0475
cv_recla  cv_pelaces  cv_mph
0.331732 0.462337 0.906906
 ------------------------------------------------
Talla a la edad & desviaci?n 
 8 13.2811 15.8009 17.003 17.5766
 0.8 1.32811 1.58009 1.7003 1.75766
