years
 1991 1992 1993 1994 1995 1996 1997 1998 1999 2000 2001 2002 2003 2004 2005 2006 2007 2008 2009 2010 2011 2012 2013 2014 2015 2016 2017 2018 2019 2020 2021
reclasobs
 0 0 0 0 0 0 0 0 0 252601 567819 844713 477998 351125 339783 2.1784e+06 2.13404e+06 4.81314e+06 1.55562e+06 2.62356e+06 3.21686e+06 3.843e+06 1.13348e+06 3.07943e+06 1.97215e+06 2.03268e+06 2.025e+06 2.42433e+06 2.27542e+06 1.05018e+06 2.36338e+06
reclaspred
 1.67828e+06 1.25223e+06 618692 343572 274040 574722 480291 377354 266660 162548 300377 503603 430246 275515 338986 795134 1.25846e+06 2.01772e+06 1.945e+06 1.38643e+06 2.29313e+06 2.07252e+06 1.95524e+06 2.42287e+06 2.07172e+06 1.62994e+06 1.63375e+06 1.76045e+06 1.91452e+06 1.07209e+06 1.20944e+06
pelacesobs
 0 0 0 0 0 0 0 0 0 0 0 0 0 0 0 552880 188675 0 991730 2.46772e+06 1.41603e+06 1.21717e+06 2.29649e+06 1.80582e+06 0 1.4828e+06 1.56532e+06 1.57751e+06 1.42118e+06 867257 1.10002e+06
pelacespred
 692207 566509 292990 133507 111762 248642 170637 168826 118767 62570.5 139588 196241 180783 118363 162357 321492 508094 889726 932841 639531 947721 976416 893988 1.21514e+06 1.06692e+06 804071 900994 979362 867757 554579 610120
mphobs
 0 0 0 0 0 0 0 0 0 0 0 498337 0 5186 125008 0 168611 109162 213762 579715 649985 157893 87575 83554 0 0 0 0 0 0 0
mphpred
 1.25348e+06 1.33065e+06 711049 303832 242884 184601 520519 305837 226250 172708 82251.7 373921 364560 235756 153831 294698 893535 1.07911e+06 1.6206e+06 1.35981e+06 1.23552e+06 1.68349e+06 1.76891e+06 1.3818e+06 2.04929e+06 1.48799e+06 1.0679e+06 1.25603e+06 1.77025e+06 1.15414e+06 653440
desembarqueobs
 494567 514787 250237 358949 120608 361735 552515 73892 212993 205616 52469 317467 293654 387597 252695 516296 358380 742168 942051 627588 828172 859565 418607 520667 417249 300574 415391 372974 316634 284311 391294
desembarquepred
 494913 514051 250566 358721 120494 361582 552325 73863.2 212790 205485 52442.1 317203 293586 387908 252687 516551 358712 740941 942734 627976 827879 858573 418534 520673 417532 300848 415968 373153 316667 284485 390860
Reclutas
 341800 71707.9 33479.5 107539 37212.2 245083 90003.3 16277.5 40640.7 31662.9 143106 124142 87605 77730.6 102311 432606 157451 582065 475978 230610 477614 669914 101069 414578 255066 104142 320062 335650 85061.4 56889.1 283115
log_desv_Rt
 0.885022 -0.676604 -1.43827 -0.271348 -1.33257 0.552391 -0.449359 -2.15942 -1.24443 -1.49406 0.0143808 -0.127779 -0.476366 -0.595956 -0.321187 1.12062 0.10991 1.41738 1.21617 0.491524 1.2196 1.55795 -0.333402 1.07806 0.592316 -0.303453 0.819311 0.866865 -0.505831 -0.908101 0.696648
SSB
 1.25348e+06 1.33065e+06 711049 303832 242884 184601 520519 305837 226250 172708 82251.7 373921 364560 235756 153831 294698 893535 1.07911e+06 1.6206e+06 1.35981e+06 1.23552e+06 1.68349e+06 1.76891e+06 1.3818e+06 2.04929e+06 1.48799e+06 1.0679e+06 1.25603e+06 1.77025e+06 1.15414e+06 653440
BT
 2.35795e+06 1.86742e+06 939603 746506 397231 1.31613e+06 950123 521063 590552 383530 599993 865935 814051 825364 886860 1.67849e+06 1.74002e+06 3.72442e+06 3.80438e+06 2.32908e+06 3.87071e+06 3.77614e+06 2.65944e+06 4.66015e+06 3.19344e+06 2.42049e+06 3.51073e+06 3.60307e+06 2.3853e+06 1.68824e+06 2.56034e+06
Ftot
 0.276978 0.38019 0.375096 0.920603 0.406873 0.581827 0.993833 0.184956 0.720284 1.08368 0.166054 0.57513 0.619476 1.20817 0.683249 0.599859 0.267724 0.343763 0.448419 0.419158 0.33772 0.385699 0.201906 0.203357 0.190407 0.174593 0.240274 0.200607 0.156606 0.249186 0.303925
BD_Bspro_t
 0.956651 0.769818 0.567731 0.400814 0.355843 0.361978 0.516666 0.335711 0.338813 0.320921 0.243514 0.667132 0.527954 0.382438 0.282987 0.422008 0.584121 0.607511 0.647363 0.574271 0.508353 0.580937 0.621662 0.602104 0.71559 0.701631 0.683827 0.733918 0.781041 0.704001 0.612881
BD_Bspro
 1.24316 1.31969 0.705192 0.301329 0.240884 0.18308 0.516231 0.303317 0.224386 0.171285 0.0815742 0.37084 0.361557 0.233814 0.152564 0.29227 0.886175 1.07022 1.60725 1.3486 1.22535 1.66963 1.75434 1.37041 2.03241 1.47573 1.0591 1.24568 1.75567 1.14463 0.648057
BD_Bo
 0.746592 0.792554 0.423511 0.180967 0.144666 0.109951 0.310029 0.182161 0.134758 0.102867 0.0489903 0.222713 0.217137 0.14042 0.0916239 0.175526 0.532203 0.642735 0.965256 0.80992 0.735897 1.00271 1.05359 0.823018 1.22059 0.886268 0.636055 0.748109 1.05439 0.687423 0.389198
BD_Brms
 3.16927 3.36437 1.7978 0.768201 0.614102 0.46674 1.31607 0.773269 0.572045 0.43667 0.207963 0.94541 0.921743 0.596078 0.388941 0.745106 2.25919 2.7284 4.09749 3.43809 3.12387 4.2565 4.47247 3.4937 5.18137 3.76219 2.70004 3.17571 4.47585 2.9181 1.65214
Sel_flota
 0.5 1 1 1 1
 0.5 1 1 1 1
 0.5 1 1 1 1
 0.5 1 1 1 1
 0.5 1 1 1 1
 0.5 1 1 1 1
 0.5 1 1 1 1
 0.5 1 1 1 1
 0.5 1 1 1 1
 0.5 1 1 1 1
 0.5 1 1 1 1
 0.5 1 1 1 1
 0.5 1 1 1 1
 0.5 1 1 1 1
 0.5 1 1 1 1
 0.5 1 1 1 1
 0.5 1 1 1 1
 0.5 1 1 1 1
 0.5 1 1 1 1
 0.5 1 1 1 1
 0.5 1 1 1 1
 0.5 1 1 1 1
 0.5 1 1 1 1
 0.5 1 1 1 1
 0.5 1 1 1 1
 0.5 1 1 1 1
 0.5 1 1 1 1
 0.5 1 1 1 1
 0.5 1 1 1 1
 0.5 1 1 1 1
 0.5 1 1 1 1
Sel_reclas
 0.5 1 1 1 1
 0.5 1 1 1 1
 0.5 1 1 1 1
 0.5 1 1 1 1
 0.5 1 1 1 1
 0.5 1 1 1 1
 0.5 1 1 1 1
 0.5 1 1 1 1
 0.5 1 1 1 1
 0.5 1 1 1 1
 0.5 1 1 1 1
 0.5 1 1 1 1
 0.5 1 1 1 1
 0.5 1 1 1 1
 0.5 1 1 1 1
 0.5 1 1 1 1
 0.5 1 1 1 1
 0.5 1 1 1 1
 0.5 1 1 1 1
 0.5 1 1 1 1
 0.5 1 1 1 1
 0.5 1 1 1 1
 0.5 1 1 1 1
 0.5 1 1 1 1
 0.5 1 1 1 1
 0.5 1 1 1 1
 0.5 1 1 1 1
 0.5 1 1 1 1
 0.5 1 1 1 1
 0.5 1 1 1 1
 0.5 1 1 1 1
Sel_pelaces
 0.5 1 1 1 1
 0.5 1 1 1 1
 0.5 1 1 1 1
 0.5 1 1 1 1
 0.5 1 1 1 1
 0.5 1 1 1 1
 0.5 1 1 1 1
 0.5 1 1 1 1
 0.5 1 1 1 1
 0.5 1 1 1 1
 0.5 1 1 1 1
 0.5 1 1 1 1
 0.5 1 1 1 1
 0.5 1 1 1 1
 0.5 1 1 1 1
 0.5 1 1 1 1
 0.5 1 1 1 1
 0.5 1 1 1 1
 0.5 1 1 1 1
 0.5 1 1 1 1
 0.5 1 1 1 1
 0.5 1 1 1 1
 0.5 1 1 1 1
 0.5 1 1 1 1
 0.5 1 1 1 1
 0.5 1 1 1 1
 0.5 1 1 1 1
 0.5 1 1 1 1
 0.5 1 1 1 1
 0.5 1 1 1 1
 0.5 1 1 1 1
pf_obs 
 0.8446 0.082 0.0669 0.0065 0
 0.8095 0.147 0.0364 0.0071 0
 0.9664 0.0169 0.016 0.0007 0
 0.9276 0.0648 0.0075 0.0001 0
 0.7033 0.2144 0.0806 0.0017 0
 0.9318 0.0425 0.0243 0.0014 0
 0.5671 0.3108 0.0964 0.0239 0.0018
 0.0768 0.2599 0.5324 0.112 0.0189
 0.490249 0.384438 0.106611 0.0170017 0.00170017
 0.7925 0.1577 0.0466 0.003 0.0002
 0.840416 0.127587 0.0312969 0.00059994 9.999e-05
 0.8084 0.0986 0.0794 0.0134 0.0002
 0.7335 0.1905 0.0724 0.0035 0.0001
 0.4001 0.4547 0.1325 0.0127 0
 0.49795 0.308269 0.164784 0.0264974 0.00249975
 0.9179 0.0499 0.0305 0.0017 0
 0.2467 0.6533 0.0926 0.0074 0
 0.9418 0.0223 0.034 0.0019 0
 0.707729 0.231977 0.0356964 0.0245975 0
 0.517169 0.277429 0.184464 0.0207286 0.00020938
 0.811772 0.124168 0.05621 0.00726502 0.000585176
 0.764997 0.148141 0.077277 0.00933861 0.000247198
 0.163321 0.427699 0.378323 0.0303852 0.000271297
 0.753843 0.0900009 0.118128 0.0371064 0.000921714
 0.721811 0.176058 0.0630433 0.0369309 0.00215725
 0.143369 0.312575 0.442814 0.0836902 0.0175525
 0.692698 0.0596174 0.167031 0.0765114 0.00414204
 0.394062 0.376323 0.152708 0.0712218 0.00568511
 0.125707 0.32114 0.495352 0.0537591 0.00404204
 0.23352 0.215282 0.420074 0.123614 0.00750983
 0.774587 0.0839891 0.0768558 0.0609784 0.00358967
pf_pred 
 0.647675 0.222712 0.0819312 0.0301408 0.0175412
 0.220202 0.623656 0.0987004 0.0363098 0.0211315
 0.242752 0.293677 0.370748 0.0586749 0.0341474
 0.722552 0.115957 0.0626299 0.0790661 0.0197954
 0.413906 0.512604 0.0307144 0.0165893 0.0261862
 0.882981 0.0719714 0.0393994 0.00236075 0.00328777
 0.430886 0.539242 0.0183725 0.0100577 0.00144193
 0.220755 0.526208 0.239755 0.00816869 0.0051129
 0.614801 0.144227 0.162723 0.0741412 0.00410717
 0.595637 0.323422 0.0303062 0.0341929 0.0164423
 0.898099 0.0822082 0.0157509 0.00147594 0.00246598
 0.575842 0.402423 0.017535 0.00335967 0.00084081
 0.523798 0.363912 0.106536 0.00464213 0.00111202
 0.596237 0.293562 0.084215 0.024654 0.0013316
 0.751963 0.201875 0.0335627 0.00962822 0.00297091
 0.888947 0.0979838 0.0106368 0.00176842 0.00066385
 0.401145 0.5693 0.0260767 0.00283081 0.000647307
 0.784555 0.127555 0.0835522 0.0038271 0.000510459
 0.561846 0.389884 0.028578 0.0187194 0.000971805
 0.400366 0.447415 0.13545 0.00992834 0.00684096
 0.691096 0.186146 0.0915958 0.0277297 0.00343305
 0.66961 0.274891 0.0334437 0.0164564 0.00559882
 0.175212 0.676303 0.123543 0.0150304 0.00991215
 0.666453 0.103692 0.188475 0.0344294 0.00695108
 0.437819 0.454996 0.0333213 0.0605665 0.0132976
 0.282449 0.44658 0.219308 0.0160609 0.0356025
 0.684418 0.143042 0.107383 0.0527342 0.0124228
 0.579534 0.346173 0.0336745 0.0252799 0.0153391
 0.226613 0.576386 0.162192 0.0157775 0.0190312
 0.282207 0.273008 0.331487 0.093279 0.020019
 0.788747 0.0968768 0.0435023 0.0528207 0.0180534
pobs_RECLAS
 0 0 0 0 0
 0 0 0 0 0
 0 0 0 0 0
 0 0 0 0 0
 0 0 0 0 0
 0 0 0 0 0
 0 0 0 0 0
 0 0 0 0 0
 0 0 0 0 0
 0 0 0 0 0
 0.991045 0.00858322 0.000360255 1.14367e-05 0
 0.934742 0.0480273 0.0164251 0.00080598 0
 0.827803 0.169806 0.00239088 0 0
 0.941827 0.0461693 0.0120037 0 0
 0.791401 0.0380133 0.147996 0.0225897 0
 0.846168 0.0940531 0.0597789 0 0
 0.134021 0.677848 0.182769 0.00536245 0
 0.80878 0.0450904 0.141981 0.00414843 0
 0.846168 0.0940531 0.0597789 0 0
 0.905697 0.0802665 0.012482 0.00150086 5.37128e-05
 0.989698 0.0102097 9.19794e-05 0 0
 0.975433 0.0193895 0.00387452 0.00125025 5.28907e-05
 0.303575 0.632131 0.0575291 0.00676475 0
 0.966965 0.00978017 0.0227588 0.000495775 0
 0.843318 0.132988 0.00938335 0.0141283 0.000182051
 0.564624 0.303363 0.111486 0.0197234 0.00080311
 0.826376 0.0876187 0.0782897 0.00655872 0.00115652
 0.89761 0.0855135 0.0140674 0.00269457 0.000114338
 0.34875 0.467042 0.161289 0.0227151 0.000203297
 0.318654 0.224769 0.449479 0.00709798 0
 0.937255 0.0296025 0.0250945 0.00804832 0
ppred_RECLAS
 0.650774 0.220753 0.0812104 0.0298757 0.0173869
 0.223624 0.62092 0.0982673 0.0361505 0.0210388
 0.246354 0.29228 0.368985 0.0583959 0.033985
 0.734789 0.110842 0.0598674 0.0755787 0.0189223
 0.419136 0.50803 0.0304403 0.0164412 0.0259525
 0.886415 0.0698591 0.0382431 0.00229146 0.00319128
 0.44783 0.523187 0.0178255 0.00975824 0.001399
 0.222237 0.525208 0.239299 0.00815316 0.00510318
 0.625278 0.140304 0.158298 0.0721247 0.00399546
 0.614184 0.308588 0.0289162 0.0326246 0.0156881
 0.898794 0.0816472 0.0156435 0.00146587 0.00244915
 0.583923 0.394756 0.0172009 0.00329566 0.00082479
 0.532895 0.35696 0.104501 0.00455345 0.00109077
 0.61782 0.27787 0.0797133 0.0233362 0.00126042
 0.759619 0.195644 0.0325267 0.00933103 0.00287921
 0.892357 0.094975 0.0103102 0.00171412 0.000643465
 0.404292 0.566308 0.0259397 0.00281593 0.000643905
 0.787508 0.125807 0.0824071 0.00377465 0.000503463
 0.567807 0.38458 0.0281893 0.0184648 0.000958585
 0.405735 0.443408 0.134237 0.00983944 0.0067797
 0.694753 0.183942 0.0905113 0.0274014 0.0033924
 0.674056 0.271192 0.0329936 0.016235 0.00552348
 0.176586 0.675177 0.123337 0.0150053 0.00989564
 0.668574 0.103032 0.187277 0.0342104 0.00690689
 0.440004 0.453227 0.0331918 0.0603311 0.0132459
 0.284084 0.445562 0.218808 0.0160243 0.0355214
 0.686907 0.141913 0.106536 0.0523183 0.0123249
 0.581825 0.344286 0.033491 0.0251421 0.0152555
 0.227868 0.575451 0.161929 0.0157519 0.0190003
 0.284653 0.272077 0.330358 0.0929612 0.0199507
 0.791264 0.0957226 0.042984 0.0521914 0.0178383
pobs_PELACES
 0 0 0 0 0
 0 0 0 0 0
 0 0 0 0 0
 0 0 0 0 0
 0 0 0 0 0
 0 0 0 0 0
 0 0 0 0 0
 0 0 0 0 0
 0 0 0 0 0
 0 0 0 0 0
 0 0 0 0 0
 0 0 0 0 0
 0 0 0 0 0
 0 0 0 0 0
 0 0 0 0 0
 0 0 0 0 0
 0.505614 0.472636 0.0217494 0 0
 0 0 0 0 0
 0.443492 0.261883 0.143347 0.151278 0
 0.227955 0.32914 0.350689 0.0885471 0.00366901
 0.970185 0.0296113 0.000203453 0 0
 0.997202 0.00247181 0.000326279 0 0
 0.445219 0.490057 0.0546422 0.010081 0
 0.90214 0.0892962 0.00764917 0.000914606 0
 0 0 0 0 0
 0.581667 0.319106 0.0959925 0.00289975 0.000334073
 0.762889 0.0836404 0.116647 0.0363945 0.000428098
 0.88444 0.0763242 0.0277011 0.0115352 0
 0.521256 0.241999 0.230069 0.00667565 0
 0.616807 0.101726 0.260614 0.0208532 0
 0.833518 0.0704572 0.0857862 0.0102388 0
ppred_PELACES
 0.661088 0.214233 0.0788121 0.0289933 0.0168735
 0.234703 0.612058 0.0968649 0.0356346 0.0207385
 0.258024 0.287754 0.363271 0.0574916 0.0334588
 0.763318 0.098919 0.0534274 0.0674486 0.0168868
 0.435563 0.493663 0.0295795 0.0159763 0.0252186
 0.895728 0.0641312 0.0351074 0.00210358 0.00292962
 0.488637 0.484522 0.0165082 0.00903708 0.00129561
 0.227556 0.521616 0.237662 0.0080974 0.00506827
 0.652685 0.130042 0.14672 0.0668497 0.00370324
 0.655598 0.275463 0.0258122 0.0291226 0.0140041
 0.901259 0.0796584 0.0152624 0.00143016 0.0023895
 0.60678 0.37307 0.016256 0.00311461 0.000779481
 0.55823 0.337599 0.0988325 0.00430647 0.00103161
 0.663662 0.24454 0.0701519 0.0205371 0.00110924
 0.779599 0.179383 0.0298232 0.00855547 0.0026399
 0.901502 0.0869064 0.0094343 0.0015685 0.0005888
 0.414975 0.556153 0.0254745 0.00276544 0.000632359
 0.796845 0.120279 0.0787862 0.00360879 0.000481341
 0.585865 0.368511 0.0270114 0.0176932 0.000918532
 0.422513 0.430889 0.130447 0.00956164 0.00658828
 0.706441 0.176899 0.0870458 0.0263522 0.00326251
 0.68788 0.25969 0.0315943 0.0155464 0.00528921
 0.181482 0.671162 0.122603 0.0149161 0.00983679
 0.675966 0.100734 0.183099 0.0334474 0.00675283
 0.447759 0.44695 0.0327321 0.0594955 0.0130625
 0.28998 0.441893 0.217006 0.0158923 0.0352289
 0.69537 0.138078 0.103657 0.0509042 0.0119917
 0.589856 0.337674 0.0328478 0.0246593 0.0149625
 0.232446 0.572039 0.160969 0.0156585 0.0188877
 0.293098 0.268865 0.326458 0.0918636 0.0197152
 0.799425 0.0919798 0.0413033 0.0501507 0.0171408
pobs_pel_tallas
 0 0 0 0 0 0 0 0 0 0 0 0 0 0 0 0 0 0 0 0 0 0 0 0 0 0
 0 0 0 0 0 0 0 0 0 0 0 0 0 0 0 0 0 0 0 0 0 0 0 0 0 0
 0 0 0 0 0 0 0 0 0 0 0 0 0 0 0 0 0 0 0 0 0 0 0 0 0 0
 0 0 0 0 0 0 0 0 0 0 0 0 0 0 0 0 0 0 0 0 0 0 0 0 0 0
 0 0 0 0 0 0 0 0 0 0 0 0 0 0 0 0 0 0 0 0 0 0 0 0 0 0
 0 0 0 0 0 0 0 0 0 0 0 0 0 0 0 0 0 0 0 0 0 0 0 0 0 0
 0 0 0 0 0 0 0 0 0 0 0 0 0 0 0 0 0 0 0 0 0 0 0 0 0 0
 0 0 0 0 0 0 0 0 0 0 0 0 0 0 0 0 0 0 0 0 0 0 0 0 0 0
 0 0 0 0 0 0 0 0 0 0 0 0 0 0 0 0 0 0 0 0 0 0 0 0 0 0
 0 0 0 0 0 0 0 0 0 0 0 0 0 0 0 0 0 0 0 0 0 0 0 0 0 0
 0 0 0 0 0 0 0 0 0 0 0 0 0 0 0 0 0 0 0 0 0 0 0 0 0 0
 0 0 0 0 0 0 0 0 0 0 0 0 0 0 0 0 0 0 0 0 0 0 0 0 0 0
 0.00862536 0 0 0.000197151 0.00414017 0.0128641 0.00837892 0.0270097 0.101434 0.158115 0.152841 0.127902 0.109271 0.109419 0.0830992 0.0579132 0.0238553 0.00714673 0.00463305 0.00128148 0.00103504 0.000492878 0.000147863 0.000147863 4.92878e-05 0
 0 0 0 0 0 0 0 0 0 0 0 0 0 0 0 0 0 0 0 0 0 0 0 0 0 0
 0 0 0 0 0 0 0 0.0054083 0.00873648 0.0413646 0.0450493 0.0745869 0.0622846 0.0627006 0.0613931 0.0827291 0.12552 0.122667 0.0946155 0.0697135 0.0546179 0.0294188 0.0215738 0.0213955 0.0102223 0.00600262
 0 0 0 0 0.00359764 0.0251062 0.0480494 0.140153 0.205849 0.193036 0.1447 0.116669 0.0760912 0.0342217 0.00950174 0.001854 0.000860785 0 0 0 0.000165536 0 0.000143464 0 0 0
 0 0 0 0 0 0 0 0.000145254 0.000435761 0.0275982 0.070085 0.0708112 0.156366 0.174668 0.174014 0.160142 0.0824315 0.0480064 0.0283245 0.00493863 0.00203355 0 0 0 0 0
 0 0 0 0 0 0 0 0 0 0 0 0 0 0 0 0 0 0 0 0 0 0 0 0 0 0
 0 0 1.00437e-05 0.000401748 0.00122533 0.00171747 0.00176769 0.0269171 0.070346 0.194647 0.189555 0.159765 0.064822 0.0314167 0.0384472 0.0292271 0.0345202 0.0313363 0.0194345 0.0106764 0.0143323 0.0359363 0.0279516 0.0138201 0.00172751 0
 0 0.0021121 0.0136068 0.0755702 0.200478 0.177729 0.0527432 0.0373336 0.0318909 0.0142505 0.0149659 0.0166563 0.0217959 0.0798694 0.0677717 0.0528807 0.04013 0.0224614 0.0357745 0.0225083 0.00881397 0.00855152 0.00135912 0.000746735 0 0
 0 0 0 0 5.4009e-05 0.00500934 0.000945158 0.0243581 0.138947 0.33067 0.221406 0.137944 0.0707744 0.0437923 0.0131692 0.00525238 0.0047753 0.00276346 9.45158e-05 9.00151e-06 2.25038e-05 9.00151e-06 4.50075e-06 0 0 0
 0.000866109 0.00284123 0.00948549 0.0512746 0.133035 0.25785 0.225252 0.132002 0.0553304 0.0519788 0.0540692 0.017754 0.00435017 0.00159236 0.00146478 0.000404838 0.000125132 0.000115318 0.000107957 0.000100596 0 0 0 0 0 0
 0 0 0 0 0.00144013 0.00171154 0.00461396 0.0210425 0.0478622 0.0707936 0.0888783 0.103762 0.0637923 0.0337046 0.0602308 0.124433 0.169614 0.0934646 0.0462172 0.0250306 0.0313229 0.00938855 0.002487 0.000210481 0 0
 0 0.00764035 0.051015 0.0998891 0.058973 0.0496711 0.0374665 0.0718981 0.12319 0.153886 0.159021 0.0857701 0.0377988 0.023471 0.0147837 0.00900784 0.00315554 0.000888139 0.00291439 0.00214683 0.00393193 0.00274676 0.000635225 9.99891e-05 0 0
 0 0 0 0 0 0 0 0 0 0 0 0 0 0 0 0 0 0 0 0 0 0 0 0 0 0
 0 0 0 0 0 0 0 0 0 0 0 0 0 0 0 0 0 0 0 0 0 0 0 0 0 0
 0 0 0 0 0 0 0 0 0 0 0 0 0 0 0 0 0 0 0 0 0 0 0 0 0 0
 0 0 0 0 0 0 0 0 0 0 0 0 0 0 0 0 0 0 0 0 0 0 0 0 0 0
 0 0 0 0 0 0 0 0 0 0 0 0 0 0 0 0 0 0 0 0 0 0 0 0 0 0
 0 0 0 0 0 0 0 0 0 0 0 0 0 0 0 0 0 0 0 0 0 0 0 0 0 0
 0 0 0 0 0 0 0 0 0 0 0 0 0 0 0 0 0 0 0 0 0 0 0 0 0 0
ppred_pel_tallas
 1.08093e-16 5.4453e-05 0.000529302 0.0035174 0.0159896 0.0497497 0.105998 0.154711 0.154732 0.106099 0.0500903 0.0169744 0.00599368 0.00594936 0.0103906 0.0172043 0.0250459 0.0320678 0.0364244 0.0372823 0.035287 0.0320369 0.0290035 0.026764 0.0250105 0.0230946
 1.10035e-16 1.93323e-05 0.000187917 0.00124878 0.00567681 0.017663 0.037635 0.0549418 0.0550008 0.0379234 0.0186314 0.00847416 0.00827183 0.0155238 0.0291586 0.0482117 0.0695403 0.0876515 0.0969588 0.0949097 0.0835041 0.0679003 0.0532709 0.04236 0.0351584 0.030178
 1.21985e-16 2.12532e-05 0.000206588 0.00137285 0.00624081 0.0194176 0.0413724 0.0603901 0.0604184 0.0415107 0.0198836 0.00759325 0.00479295 0.0077566 0.0146066 0.0247591 0.0371738 0.049911 0.0609258 0.0691812 0.0749966 0.0792452 0.0821565 0.082866 0.0800723 0.0731288
 1.1119e-16 6.28735e-05 0.000611153 0.00406133 0.0184622 0.0574428 0.122388 0.178631 0.178641 0.122435 0.0576011 0.0189205 0.0052163 0.00314808 0.00492809 0.00817512 0.0120808 0.0158736 0.01884 0.0207314 0.0219171 0.0230697 0.0246178 0.0264022 0.0277696 0.0279716
 1.0685e-16 3.58769e-05 0.000348736 0.00231748 0.0105349 0.0327783 0.0698395 0.101943 0.10199 0.0700717 0.0335578 0.0127855 0.00796398 0.0126663 0.0234039 0.0385698 0.0554109 0.0693852 0.0759047 0.0728993 0.0620965 0.0479157 0.0348815 0.0255354 0.020039 0.0171251
 1.01737e-16 7.378e-05 0.000717167 0.00476583 0.0216648 0.0674072 0.143618 0.209617 0.209623 0.143649 0.0675095 0.0219607 0.00551048 0.0023492 0.00319217 0.00520963 0.00761165 0.00980907 0.0112471 0.0116581 0.0111922 0.0102656 0.00925965 0.00832274 0.00739555 0.00637172
 1.01726e-16 4.02485e-05 0.00039123 0.00259986 0.0118186 0.0367724 0.0783491 0.114363 0.114409 0.0785769 0.0375368 0.0140255 0.00813546 0.0124621 0.0229256 0.037734 0.0541124 0.0675426 0.0734513 0.0697384 0.0580595 0.0427715 0.0284162 0.0176696 0.0109252 0.00717368
 1.08662e-16 1.87436e-05 0.000182195 0.00121075 0.00550393 0.017125 0.0364885 0.0532667 0.0533172 0.0367355 0.0179551 0.00790455 0.00724852 0.0134018 0.0252392 0.0419912 0.0611705 0.0783317 0.0888787 0.0905716 0.0846824 0.0748021 0.0643728 0.0549878 0.0464804 0.038133
 1.11599e-16 5.37608e-05 0.000522574 0.00347269 0.0157863 0.0491173 0.10465 0.152742 0.152755 0.104712 0.0493275 0.0163965 0.00501527 0.00392645 0.00662594 0.0111526 0.0167301 0.0224571 0.0274378 0.031263 0.0341564 0.0365822 0.0386554 0.0398971 0.039531 0.0370332
 1.06106e-16 5.40008e-05 0.000524907 0.00348819 0.0158568 0.0493367 0.105118 0.153428 0.153455 0.105248 0.049772 0.0171143 0.00664412 0.00741333 0.013134 0.0216235 0.0311401 0.0391656 0.043189 0.0420985 0.0368689 0.0299208 0.0236659 0.0193566 0.0169068 0.0154773
 1.01009e-16 7.42356e-05 0.000721596 0.00479526 0.0217986 0.0678235 0.144505 0.210911 0.210919 0.144543 0.0679496 0.0221628 0.00570993 0.00271928 0.003871 0.00628927 0.00906946 0.0114396 0.0126657 0.0124079 0.0109144 0.00884238 0.00685562 0.00531441 0.00423676 0.00346011
 1.01009e-16 4.99797e-05 0.000485821 0.00322845 0.0146761 0.045663 0.0972911 0.142007 0.142043 0.0974665 0.0462516 0.0163756 0.00749162 0.00978258 0.0176774 0.0290695 0.0416929 0.0520547 0.0566301 0.0537934 0.0448045 0.0329994 0.0218617 0.013453 0.00809745 0.0050542
 1.03545e-16 4.59808e-05 0.00044695 0.00297014 0.0135018 0.0420094 0.0895067 0.130644 0.130677 0.0896661 0.0425448 0.0150493 0.00685809 0.00894613 0.0162216 0.0268327 0.038851 0.0492691 0.0550242 0.0546555 0.0491081 0.0409788 0.0328607 0.0261185 0.0208107 0.0164022
 1.04335e-16 5.4665e-05 0.000531363 0.0035311 0.0160519 0.0499434 0.106411 0.155314 0.155338 0.106526 0.0503314 0.0171731 0.00634847 0.0066913 0.0117817 0.019465 0.0282082 0.0358367 0.0401615 0.0401619 0.0365554 0.0312322 0.0260354 0.0218649 0.0186331 0.0158182
 1.02212e-16 6.42145e-05 0.000624188 0.00414795 0.018856 0.0586681 0.124999 0.182444 0.182461 0.125084 0.0589519 0.0196759 0.00620642 0.00511919 0.00860501 0.0141347 0.0203801 0.025681 0.0283896 0.0277457 0.0243205 0.0196121 0.015132 0.0116971 0.00933737 0.00766353
 1.00552e-16 7.42555e-05 0.00072179 0.00479655 0.0218044 0.0678417 0.144544 0.210968 0.210977 0.144585 0.067979 0.022201 0.00579177 0.00289354 0.00419638 0.00681353 0.0097927 0.0122819 0.0134669 0.0129718 0.0110792 0.00853877 0.00612241 0.00427151 0.00303772 0.00224866
 1.01262e-16 3.4181e-05 0.000332252 0.00220793 0.010037 0.031229 0.0665388 0.0971265 0.09718 0.0668002 0.0321067 0.0125707 0.00856348 0.014192 0.0263137 0.0433356 0.0621591 0.0776085 0.0844291 0.0801928 0.0667699 0.0491267 0.0324527 0.019826 0.011744 0.00712333
 1.02748e-16 6.56351e-05 0.000637996 0.00423971 0.0192731 0.0599659 0.127764 0.186478 0.186489 0.127821 0.060158 0.0198294 0.00564062 0.00371116 0.00594579 0.009839 0.0144293 0.0186876 0.0215875 0.0226164 0.0220122 0.0204813 0.0186546 0.0167518 0.0146628 0.0122576
 1.02804e-16 4.8257e-05 0.000469076 0.00311717 0.0141702 0.0440891 0.0939377 0.137112 0.137148 0.0941111 0.044671 0.0158507 0.00733352 0.00966759 0.017501 0.0288125 0.0413997 0.0518523 0.0567324 0.0544661 0.0462965 0.0354651 0.0253032 0.0177021 0.012842 0.00990145
 1.05949e-16 3.4802e-05 0.000338287 0.00224804 0.0102193 0.0317962 0.0677468 0.0988871 0.0989288 0.0679503 0.0324798 0.0121951 0.00721257 0.0111925 0.0206975 0.0342878 0.0496802 0.0630742 0.0705848 0.0703682 0.0636408 0.0537051 0.0438316 0.0356985 0.0293044 0.0238973
 1.05753e-16 5.81886e-05 0.000565614 0.0037587 0.0170865 0.0531626 0.113269 0.165323 0.165341 0.113353 0.0534445 0.0179021 0.00581091 0.00506242 0.00864799 0.0143349 0.0209498 0.0269882 0.0309441 0.0321118 0.0309499 0.0286485 0.0262718 0.0241876 0.0221346 0.0196929
 1.03433e-16 5.66598e-05 0.000550753 0.00365995 0.0166376 0.051766 0.110294 0.160982 0.161007 0.110416 0.0521765 0.0178234 0.00663623 0.00704744 0.0123936 0.0203963 0.0293704 0.0369264 0.040672 0.0395161 0.0343218 0.0273189 0.020764 0.0158852 0.0127234 0.010658
 1.06871e-16 1.49486e-05 0.000145306 0.000965609 0.00438956 0.0136579 0.029102 0.0424888 0.0425535 0.0294183 0.0147201 0.007458 0.00866973 0.0169698 0.0319859 0.0529025 0.0763144 0.0961873 0.106353 0.103933 0.0910112 0.073135 0.0559311 0.0424855 0.0330108 0.0261964
 1.09807e-16 5.56785e-05 0.000541215 0.00359656 0.0163495 0.0508693 0.108383 0.15819 0.1582 0.108432 0.0510342 0.0168295 0.00481473 0.00324429 0.00531792 0.0090398 0.0138029 0.019003 0.0240198 0.0285113 0.0324673 0.0359038 0.0384983 0.0395629 0.0384266 0.0349076
 1.09236e-16 3.68814e-05 0.000358501 0.00238237 0.0108299 0.0336961 0.0717947 0.104796 0.104839 0.0720051 0.0344023 0.0128693 0.00750035 0.0115278 0.0212406 0.0350371 0.0504334 0.0633733 0.0697792 0.0678501 0.0591856 0.0477422 0.0374624 0.0303941 0.0263918 0.0240728
 1.13931e-16 2.38853e-05 0.000232174 0.00154288 0.00701374 0.0218226 0.0464969 0.0678725 0.0679153 0.0467063 0.0225265 0.00904997 0.00666595 0.0114551 0.0214535 0.0357301 0.0521709 0.0670766 0.0766446 0.0790681 0.0754795 0.0688999 0.0621172 0.0562448 0.0508322 0.044959
 1.10161e-16 5.72767e-05 0.00055675 0.0036998 0.0168188 0.0523295 0.111494 0.162732 0.162745 0.11156 0.0525509 0.0174604 0.0053177 0.00411339 0.0068854 0.0114866 0.0170021 0.0223625 0.0265165 0.0290013 0.0301644 0.0307743 0.0313481 0.0317679 0.0314458 0.0298103
 1.0604e-16 4.85857e-05 0.000472271 0.00313841 0.0142668 0.0443893 0.0945774 0.138045 0.138078 0.0947363 0.044923 0.0158079 0.00700637 0.00891412 0.016076 0.0264878 0.0381284 0.04791 0.0527334 0.0512071 0.0444999 0.0355682 0.0273885 0.0215569 0.0180619 0.0159782
 1.09559e-16 1.91464e-05 0.00018611 0.00123677 0.0056222 0.0174931 0.0372728 0.0544124 0.0544676 0.0375429 0.0184002 0.00824407 0.00782404 0.0145861 0.0274254 0.0454611 0.0658391 0.0835285 0.0933776 0.0929674 0.0839715 0.0708543 0.0580305 0.0477518 0.0399604 0.0335249
 1.22039e-16 2.41422e-05 0.000234671 0.00155947 0.00708914 0.0220571 0.0469959 0.0685975 0.0686239 0.0471251 0.0224923 0.00835222 0.00475336 0.00728472 0.0136424 0.0231166 0.0347097 0.0466208 0.0569713 0.0648461 0.0706077 0.0751185 0.0785818 0.0800906 0.0782504 0.0722546
 1.09146e-16 6.58476e-05 0.000640062 0.00425344 0.0193355 0.06016 0.128178 0.187081 0.18709 0.128221 0.0603068 0.0197604 0.00532332 0.00298715 0.00455827 0.00752614 0.0110662 0.014425 0.0169054 0.0182521 0.0188113 0.0192524 0.0200611 0.0212033 0.022179 0.0223574
pSPR Fmed_Fpbrs
0.572962   0.285572 0.285572
Fs Fmed_Fpbrs
0.37524   1.005 1.005
SSBpbr Bo_Bmed_Bpbrs
1.67894e+06  878021  395512 395512
Ro
141063
SPR SPRFo_SPRFmed_SPRFpbrs
1.00831e+06 577721 287944
Fref
1.005
Nvult_r0
 193646 13460.9 6044.6 7339.39 2508.51
CTP_r0
 25545 3137.54 1408.9 1710.7 584.694
YTP_r0
390860
Np
 205712 89468.9 5015.77 2252.32 3477.17
Nvult_p0
 159926 77421 4340.34 1949.02 3008.93
CTP_p0
 53486.1 38807 2175.58 976.94 1508.22
YTP_p0
 1.15875e+06
CBA_c0
621227
log_Ro
11.677
likeval ReclasPelacesDesembMPH_pf_preclas_ppelaces_ptallas_desvR_qrecl_qpela
 27.6318 33.6492 0.101325 0.00252366 254.222 135.358 105.222 0 39.4844 0 0 0.171932 0 0 0
q_reclas_q_pelaces
1 1
M
1
N
 341800 62128.5 22855.8 8408.18 4893.36
 71707.9 109480 17326.3 6374 3709.52
 33479.5 21813 27537.5 4358.1 2536.31
 107539 10210.2 5514.65 6961.89 1743.01
 37212.2 24967 1495.98 807.999 1275.43
 245083 11169.7 6114.62 366.378 510.248
 90003.3 67402.5 2296.47 1257.16 180.234
 16277.5 20144.5 9178.37 312.716 195.733
 40640.7 5459.23 6159.36 2806.37 155.463
 31662.9 10429.4 977.286 1102.62 530.214
 143106 6775.45 1298.16 121.644 203.242
 124142 48451.3 2111.19 404.5 101.233
 87605 34256 10028.5 436.975 104.677
 77730.6 23643.8 6782.76 1985.66 107.248
 102311 15629.5 2598.48 745.434 230.013
 432606 26746.2 2903.49 482.718 181.208
 157451 117907 5400.73 586.287 134.063
 582065 50665.9 33187.5 1520.15 202.758
 475978 180314 13216.8 8657.38 449.442
 230610 139933 42363.3 3105.17 2139.57
 477614 68796.3 33852.2 10248.4 1268.8
 669914 148405 18055.1 8884.29 3022.62
 101069 203222 37123.3 4516.47 2978.5
 414578 33610.9 61092.8 11160 2253.14
 255066 137770 10089.5 18339.1 4026.43
 104142 85312.2 41895.4 3068.19 6801.32
 320062 35108.9 26356.7 12943.4 3049.13
 335650 104416 10157.2 7625.13 4626.71
 85061.4 111694 31430.3 3057.43 3687.94
 56889.1 28935.5 35133.7 9886.45 2121.77
 283115 18476.7 8296.92 10074.2 3443.21
pred_Ctot
 28260.1 9717.64 3574.92 1315.14 765.38
 7969.77 22571.9 3572.26 1314.16 764.81
 3674.9 4445.83 5612.57 888.25 516.941
 26027.6 4176.98 2256.04 2848.1 713.066
 4402.4 5452.18 326.686 176.447 278.522
 40041.1 3263.73 1786.67 107.054 149.093
 23190.3 29022 988.81 541.305 77.6046
 915.766 2182.89 994.583 33.8864 21.21
 7999.43 1876.59 2117.26 964.682 53.44
 8746.03 4748.97 445.002 502.072 241.43
 7256.42 664.222 127.264 11.9252 19.9245
 20075.2 14029.4 611.309 117.126 29.3125
 15126.1 10509 3076.51 134.054 32.1125
 23386.8 11514.7 3303.24 967.029 52.2306
 19241.4 5165.64 858.811 246.37 76.0206
 72609.8 8003.38 868.823 144.446 54.2237
 12606.9 17891.5 819.518 88.9644 20.3431
 58925.4 9580.26 6275.34 287.441 38.3389
 61545.5 42708.5 3130.48 2050.55 106.453
 28036.8 31331.6 9485.33 695.263 479.059
 47559.4 12810.1 6303.39 1908.29 236.254
 75450.7 30974.4 3768.38 1854.29 630.867
 6185.64 23876.1 4361.52 530.629 349.937
 25547.8 3974.92 7225.01 1319.82 266.463
 14756.2 15335.2 1123.06 2041.33 448.183
 5542.49 8763.23 4303.48 315.163 698.628
 23128.6 4833.82 3628.81 1782.05 419.806
 20415.8 12195 1186.28 890.559 540.365
 4075.69 10366.4 2917.06 283.762 342.28
 4255.69 4116.97 4998.84 1406.65 301.887
 25545 3137.54 1408.9 1710.7 584.694
F
 0.138489 0.276978 0.276978 0.276978 0.276978
 0.190095 0.38019 0.38019 0.38019 0.38019
 0.187548 0.375096 0.375096 0.375096 0.375096
 0.460302 0.920603 0.920603 0.920603 0.920603
 0.203436 0.406873 0.406873 0.406873 0.406873
 0.290913 0.581827 0.581827 0.581827 0.581827
 0.496917 0.993833 0.993833 0.993833 0.993833
 0.0924779 0.184956 0.184956 0.184956 0.184956
 0.360142 0.720284 0.720284 0.720284 0.720284
 0.541839 1.08368 1.08368 1.08368 1.08368
 0.083027 0.166054 0.166054 0.166054 0.166054
 0.287565 0.57513 0.57513 0.57513 0.57513
 0.309738 0.619476 0.619476 0.619476 0.619476
 0.604087 1.20817 1.20817 1.20817 1.20817
 0.341625 0.683249 0.683249 0.683249 0.683249
 0.29993 0.599859 0.599859 0.599859 0.599859
 0.133862 0.267724 0.267724 0.267724 0.267724
 0.171881 0.343763 0.343763 0.343763 0.343763
 0.22421 0.448419 0.448419 0.448419 0.448419
 0.209579 0.419158 0.419158 0.419158 0.419158
 0.16886 0.33772 0.33772 0.33772 0.33772
 0.192849 0.385699 0.385699 0.385699 0.385699
 0.100953 0.201906 0.201906 0.201906 0.201906
 0.101679 0.203357 0.203357 0.203357 0.203357
 0.0952033 0.190407 0.190407 0.190407 0.190407
 0.0872967 0.174593 0.174593 0.174593 0.174593
 0.120137 0.240274 0.240274 0.240274 0.240274
 0.100304 0.200607 0.200607 0.200607 0.200607
 0.078303 0.156606 0.156606 0.156606 0.156606
 0.124593 0.249186 0.249186 0.249186 0.249186
 0.151962 0.303925 0.303925 0.303925 0.303925
nmprior
 8.19 8.8 8.5 0
nm_flota  nm_reclas  nm_pelaces    nm_pelaL
inf 7.15246 8.16487 15.3297
cv_recla  cv_pelaces  cv_mph
0.475477 0.657748 1.55032
 ------------------------------------------------
Talla a la edad & desviaci?n 
 8 13.2811 15.8009 17.003 17.5766
 0.8 1.32811 1.58009 1.7003 1.75766
