    unsorted:	 1.603527451e-06 4.192329180e-05 0.001099981612 4.553636191 7.458528012 15.69467371 46.58247586 44.49844807 56.55765260 87.62946979 110.5943690 136.0650298 217.3432969 244.6272308 387.8162087 417.5688258 469.0504284 498.4364953 553.7493232 705.0839854 792.4403692 782.7749680 821.7272791 850.8276385 900.4437855 944.1488857 992.4992435 1015.042906 1083.975507 1111.776311 1202.109263 1228.974286 1266.778607 1429.645738 1542.739270 1622.255501 1700.574557 1923.239140 2062.796042 2481.522118 2531.749513 2648.349767 13484.50697 19457.40702 33159.30298 157747.6632 317947.9549 307882.1229 299701.4504 332715.2206 344417.9689 347528.5046 265146.8803 225408.8432 452153.4376 530010.8162 607758.6712 721578.3719 757650.5984 768344.3422 830737.5431 961852.5750 1210932.316 1404272.756 1468964.580 1602753.153 1679552.730 1880413.213 1942232.557 2127879.222 2389890.893 2416793.646 2834947.890 2999535.581 3429094.844 3691656.713 4788568.250
      sorted:	 1.603527451e-06 4.192329180e-05 0.001099981612 4.553636191 7.458528012 15.69467371 44.49844807 46.58247586 56.55765260 87.62946979 110.5943690 136.0650298 217.3432969 244.6272308 387.8162087 417.5688258 469.0504284 498.4364953 553.7493232 705.0839854 782.7749680 792.4403692 821.7272791 850.8276385 900.4437855 944.1488857 992.4992435 1015.042906 1083.975507 1111.776311 1202.109263 1228.974286 1266.778607 1429.645738 1542.739270 1622.255501 1700.574557 1923.239140 2062.796042 2481.522118 2531.749513 2648.349767 13484.50697 19457.40702 33159.30298 157747.6632 225408.8432 265146.8803 299701.4504 307882.1229 317947.9549 332715.2206 344417.9689 347528.5046 452153.4376 530010.8162 607758.6712 721578.3719 757650.5984 768344.3422 830737.5431 961852.5750 1210932.316 1404272.756 1468964.580 1602753.153 1679552.730 1880413.213 1942232.557 2127879.222 2389890.893 2416793.646 2834947.890 2999535.581 3429094.844 3691656.713 4788568.250
