years
 1991 1992 1993 1994 1995 1996 1997 1998 1999 2000 2001 2002 2003 2004 2005 2006 2007 2008 2009 2010 2011 2012 2013 2014 2015 2016 2017 2018 2019 2020 2021
reclasobs
 0 0 0 0 0 0 0 0 0 252601 567819 844713 477998 351125 339783 2.1784e+06 2.13404e+06 4.81314e+06 1.55562e+06 2.62356e+06 3.21686e+06 3.843e+06 1.13348e+06 3.07943e+06 1.97215e+06 2.03268e+06 2.025e+06 2.42433e+06 2.27542e+06 1.05018e+06 2.36338e+06
reclaspred
 4.09582e+06 1.47157e+06 856576 469536 91982.2 1.72724e+06 587614 173790 546883 189868 315787 636732 566653 410814 312207 1.83441e+06 1.20927e+06 4.53407e+06 3.61844e+06 1.88505e+06 3.77186e+06 3.40737e+06 2.00585e+06 3.68898e+06 2.44692e+06 1.64425e+06 2.56897e+06 3.60474e+06 2.61938e+06 1.06578e+06 1.60714e+06
pelacesobs
 0 0 0 0 0 0 0 0 0 0 0 0 0 0 0 552880 188675 0 991730 2.46772e+06 1.41603e+06 1.21717e+06 2.29649e+06 1.80582e+06 0 1.4828e+06 1.56532e+06 1.57751e+06 1.42118e+06 867257 1.10002e+06
pelacespred
 1.06112e+06 389429 190118 69094.4 13202.3 407195 97363.3 39240.2 117600 30967.4 72126.3 119360 115752 81717.1 61335.8 366643 239832 1.12541e+06 879629 426020 862116 775407 461221 983782 612527 407034 744594 1.01966e+06 616826 289714 405830
mphobs
 0 0 0 0 0 0 0 0 0 0 0 498337 0 5186 125008 0 168611 109162 213762 579715 649985 157893 87575 83554 0 0 0 0 0 0 0
mphpred
 2.35769e+06 1.10468e+06 286988 248692 74177.9 13294.3 462951 101017 36288.3 121450 26479.8 100385 154409 103630 54282.2 56988.5 599365 349704 1.37752e+06 923181 644164 1.00451e+06 1.04634e+06 618708 1.07361e+06 748298 454779 692517 1.32183e+06 716513 257631
desembarqueobs
 494567 514787 250237 358949 120608 361735 552515 73892 212993 205616 52469 317467 293654 387597 252695 516296 358380 742168 942051 627588 828172 859565 418607 520667 417249 300574 415391 372974 316634 284311 391294
desembarquepred
 494524 514659 249683 358706 120520 361543 551778 73863.2 212832 205397 52457.3 317195 293356 386955 252399 515912 358235 741710 940788 626605 827692 858805 418364 520464 416992 300358 415163 372797 316467 284082 391085
Reclutas
 16453.5 10512.4 188026 20577.7 7189.91 282576 11565.2 2931.85 57540.1 15349.7 50813.5 128375 81307.3 68156.9 46243.5 392877 17489.8 690800 315218 139567 383032 513007 24221.5 278050 170655 47840.7 230502 303324 27176.3 13284 159691
log_desv_Rt
 -1.41777 -1.86575 1.01826 -1.19411 -2.24564 1.42563 -1.77032 -3.14268 -0.165833 -1.48722 -0.290152 0.636643 0.179921 0.00349789 -0.384394 1.75518 -1.3567 2.31954 1.53495 0.720231 1.7298 2.02197 -1.03107 1.40949 0.92133 -0.350438 1.22194 1.49649 -0.915968 -1.63176 0.854925
SSB
 2.35769e+06 1.10468e+06 286988 248692 74177.9 13294.3 462951 101017 36288.3 121450 26479.8 100385 154409 103630 54282.2 56988.5 599365 349704 1.37752e+06 923181 644164 1.00451e+06 1.04634e+06 618708 1.07361e+06 748298 454779 692517 1.32183e+06 716513 257631
BT
 2.90221e+06 1.45572e+06 671458 419012 135805 1.26022e+06 711337 160611 463241 255606 210878 536627 529762 590120 391898 1.25276e+06 835653 3.26808e+06 2.91742e+06 1.57241e+06 2.69069e+06 2.56172e+06 1.42611e+06 2.76466e+06 1.80522e+06 1.21419e+06 2.1552e+06 2.7232e+06 1.68702e+06 971079 1.31939e+06
Ftot
 0.21368 0.592857 0.598944 1.24808 1.90225 0.499955 1.44343 0.737562 0.874006 1.71455 0.385008 1.03809 1.0177 1.76737 1.60923 0.654935 0.526713 0.37693 0.509139 0.622226 0.464969 0.518743 0.374196 0.308547 0.331248 0.342751 0.355572 0.229555 0.218496 0.467613 0.535456
BD_Bspro_t
 0.966486 0.736479 0.414051 0.401559 0.141002 0.0404133 0.468185 0.145037 0.0840166 0.248783 0.09464 0.373111 0.320617 0.207217 0.11593 0.126087 0.468773 0.336996 0.595189 0.462058 0.341798 0.44385 0.47786 0.390682 0.555775 0.528051 0.472739 0.599993 0.715664 0.582234 0.389583
BD_Bspro
 4.85642 2.27544 0.591144 0.512261 0.152793 0.0273838 0.953595 0.208077 0.0747473 0.250166 0.0545437 0.206775 0.318055 0.21346 0.111812 0.117386 1.23458 0.720326 2.83744 1.90159 1.32686 2.06911 2.15527 1.27443 2.21145 1.54136 0.936763 1.42646 2.72273 1.47589 0.530674
BD_Bo
 1.44012 0.67476 0.175298 0.151906 0.0453093 0.00812039 0.282779 0.0617031 0.0221656 0.0741842 0.0161744 0.061317 0.0943162 0.0632995 0.0331566 0.0348097 0.366104 0.213606 0.841414 0.563897 0.393468 0.613576 0.639126 0.377919 0.655783 0.457075 0.277788 0.423003 0.807398 0.43766 0.157366
BD_Brms
 7.96032 3.72975 0.968964 0.839665 0.250448 0.0448857 1.56307 0.341066 0.122521 0.410055 0.0894044 0.338931 0.521335 0.349889 0.183274 0.192411 2.02365 1.18071 4.65094 3.11695 2.1749 3.39156 3.53278 2.08896 3.62486 2.52649 1.53548 2.33816 4.46291 2.41918 0.869846
Sel_flota
 0.718882 0.979834 0.998918 0.999943 0.999997
 0.718882 0.979834 0.998918 0.999943 0.999997
 0.718882 0.979834 0.998918 0.999943 0.999997
 0.718882 0.979834 0.998918 0.999943 0.999997
 0.718882 0.979834 0.998918 0.999943 0.999997
 0.718882 0.979834 0.998918 0.999943 0.999997
 0.718882 0.979834 0.998918 0.999943 0.999997
 0.718882 0.979834 0.998918 0.999943 0.999997
 0.718882 0.979834 0.998918 0.999943 0.999997
 0.718882 0.979834 0.998918 0.999943 0.999997
 0.718882 0.979834 0.998918 0.999943 0.999997
 0.718882 0.979834 0.998918 0.999943 0.999997
 0.718882 0.979834 0.998918 0.999943 0.999997
 0.718882 0.979834 0.998918 0.999943 0.999997
 0.718882 0.979834 0.998918 0.999943 0.999997
 0.718882 0.979834 0.998918 0.999943 0.999997
 0.718882 0.979834 0.998918 0.999943 0.999997
 0.718882 0.979834 0.998918 0.999943 0.999997
 0.718882 0.979834 0.998918 0.999943 0.999997
 0.718882 0.979834 0.998918 0.999943 0.999997
 0.718882 0.979834 0.998918 0.999943 0.999997
 0.718882 0.979834 0.998918 0.999943 0.999997
 0.718882 0.979834 0.998918 0.999943 0.999997
 0.718882 0.979834 0.998918 0.999943 0.999997
 0.718882 0.979834 0.998918 0.999943 0.999997
 0.718882 0.979834 0.998918 0.999943 0.999997
 0.718882 0.979834 0.998918 0.999943 0.999997
 0.718882 0.979834 0.998918 0.999943 0.999997
 0.718882 0.979834 0.998918 0.999943 0.999997
 0.718882 0.979834 0.998918 0.999943 0.999997
 0.718882 0.979834 0.998918 0.999943 0.999997
Sel_reclas
 1 1 1 1 1
 1 1 1 1 1
 1 1 1 1 1
 1 1 1 1 1
 1 1 1 1 1
 1 1 1 1 1
 1 1 1 1 1
 1 1 1 1 1
 1 1 1 1 1
 1 1 1 1 1
 1 1 1 1 1
 1 1 1 1 1
 1 1 1 1 1
 1 1 1 1 1
 1 1 1 1 1
 1 1 1 1 1
 1 1 1 1 1
 1 1 1 1 1
 1 1 1 1 1
 1 1 1 1 1
 1 1 1 1 1
 1 1 1 1 1
 1 1 1 1 1
 1 1 1 1 1
 1 1 1 1 1
 1 1 1 1 1
 1 1 1 1 1
 1 1 1 1 1
 1 1 1 1 1
 1 1 1 1 1
 1 1 1 1 1
Sel_pelaces
 1 1 1 1 1
 1 1 1 1 1
 1 1 1 1 1
 1 1 1 1 1
 1 1 1 1 1
 1 1 1 1 1
 1 1 1 1 1
 1 1 1 1 1
 1 1 1 1 1
 1 1 1 1 1
 1 1 1 1 1
 1 1 1 1 1
 1 1 1 1 1
 1 1 1 1 1
 1 1 1 1 1
 1 1 1 1 1
 1 1 1 1 1
 1 1 1 1 1
 1 1 1 1 1
 1 1 1 1 1
 1 1 1 1 1
 1 1 1 1 1
 1 1 1 1 1
 1 1 1 1 1
 1 1 1 1 1
 1 1 1 1 1
 1 1 1 1 1
 1 1 1 1 1
 1 1 1 1 1
 1 1 1 1 1
 1 1 1 1 1
pf_obs 
 0.8446 0.082 0.0669 0.0065 0
 0.8095 0.147 0.0364 0.0071 0
 0.9664 0.0169 0.016 0.0007 0
 0.9276 0.0648 0.0075 0.0001 0
 0.7033 0.2144 0.0806 0.0017 0
 0.9318 0.0425 0.0243 0.0014 0
 0.5671 0.3108 0.0964 0.0239 0.0018
 0.0768 0.2599 0.5324 0.112 0.0189
 0.490249 0.384438 0.106611 0.0170017 0.00170017
 0.7925 0.1577 0.0466 0.003 0.0002
 0.840416 0.127587 0.0312969 0.00059994 9.999e-05
 0.8084 0.0986 0.0794 0.0134 0.0002
 0.7335 0.1905 0.0724 0.0035 0.0001
 0.4001 0.4547 0.1325 0.0127 0
 0.49795 0.308269 0.164784 0.0264974 0.00249975
 0.9179 0.0499 0.0305 0.0017 0
 0.2467 0.6533 0.0926 0.0074 0
 0.9418 0.0223 0.034 0.0019 0
 0.707729 0.231977 0.0356964 0.0245975 0
 0.517169 0.277429 0.184464 0.0207286 0.00020938
 0.811772 0.124168 0.05621 0.00726502 0.000585176
 0.764997 0.148141 0.077277 0.00933861 0.000247198
 0.163321 0.427699 0.378323 0.0303852 0.000271297
 0.753843 0.0900009 0.118128 0.0371064 0.000921714
 0.721811 0.176058 0.0630433 0.0369309 0.00215725
 0.143369 0.312575 0.442814 0.0836902 0.0175525
 0.692698 0.0596174 0.167031 0.0765114 0.00414204
 0.394062 0.376323 0.152708 0.0712218 0.00568511
 0.125707 0.32114 0.495352 0.0537591 0.00404204
 0.23352 0.215282 0.420074 0.123614 0.00750983
 0.774587 0.0839891 0.0768558 0.0609784 0.00358967
pf_pred 
 0.077187 0.200089 0.646482 0.076241 7.55871e-07
 0.142603 0.0905095 0.169038 0.534844 0.0630056
 0.920989 0.0158904 0.00682373 0.0124223 0.0438744
 0.261933 0.698568 0.0081174 0.00339685 0.0279842
 0.425885 0.214322 0.34119 0.00382891 0.0147733
 0.994799 0.00307473 0.000816113 0.00124289 6.75969e-05
 0.116489 0.880393 0.00186219 0.000482239 0.000773343
 0.221631 0.144629 0.631587 0.00128687 0.000865883
 0.95679 0.0132462 0.00569365 0.0241881 8.2321e-05
 0.527361 0.459627 0.00407469 0.00170039 0.00723684
 0.940469 0.0399249 0.0190888 0.000162368 0.000355308
 0.875032 0.119711 0.003552 0.00165946 4.49461e-05
 0.728777 0.249079 0.0212411 0.000610608 0.0002925
 0.765041 0.19079 0.0406659 0.00336019 0.000142621
 0.825614 0.149779 0.0201399 0.00411398 0.000353556
 0.980919 0.017075 0.00173278 0.000223892 4.95586e-05
 0.128874 0.859955 0.0100246 0.000990834 0.000156142
 0.955025 0.00798754 0.0365247 0.000415398 4.74653e-05
 0.548808 0.437013 0.00256595 0.0114682 0.000145154
 0.464017 0.342765 0.187295 0.00107307 0.00485028
 0.835156 0.0930767 0.0463238 0.0246649 0.00077892
 0.775909 0.197418 0.0152206 0.007396 0.00405714
 0.10605 0.746451 0.130327 0.00980418 0.00736755
 0.817491 0.0264262 0.130818 0.0223265 0.00293807
 0.577735 0.365372 0.00839507 0.0406555 0.00784244
 0.32651 0.44427 0.198953 0.00447075 0.0257964
 0.839022 0.065795 0.063268 0.0277055 0.00420965
 0.753837 0.217148 0.0120197 0.011301 0.00569385
 0.148689 0.689503 0.143098 0.00775638 0.0109544
 0.189676 0.158614 0.529941 0.107703 0.0140665
 0.900828 0.0254487 0.0147139 0.0479952 0.0110141
pobs_RECLAS
 0 0 0 0 0
 0 0 0 0 0
 0 0 0 0 0
 0 0 0 0 0
 0 0 0 0 0
 0 0 0 0 0
 0 0 0 0 0
 0 0 0 0 0
 0 0 0 0 0
 0 0 0 0 0
 0.991045 0.00858322 0.000360255 1.14367e-05 0
 0.934742 0.0480273 0.0164251 0.00080598 0
 0.827803 0.169806 0.00239088 0 0
 0.941827 0.0461693 0.0120037 0 0
 0.791401 0.0380133 0.147996 0.0225897 0
 0.846168 0.0940531 0.0597789 0 0
 0.134021 0.677848 0.182769 0.00536245 0
 0.80878 0.0450904 0.141981 0.00414843 0
 0.846168 0.0940531 0.0597789 0 0
 0.905697 0.0802665 0.012482 0.00150086 5.37128e-05
 0.989698 0.0102097 9.19794e-05 0 0
 0.975433 0.0193895 0.00387452 0.00125025 5.28907e-05
 0.303575 0.632131 0.0575291 0.00676475 0
 0.966965 0.00978017 0.0227588 0.000495775 0
 0.843318 0.132988 0.00938335 0.0141283 0.000182051
 0.564624 0.303363 0.111486 0.0197234 0.00080311
 0.826376 0.0876187 0.0782897 0.00655872 0.00115652
 0.89761 0.0855135 0.0140674 0.00269457 0.000114338
 0.34875 0.467042 0.161289 0.0227151 0.000203297
 0.318654 0.224769 0.449479 0.00709798 0
 0.937255 0.0296025 0.0250945 0.00804832 0
ppred_RECLAS
 0.104269 0.197246 0.624869 0.073615 7.29796e-07
 0.190591 0.0871079 0.159348 0.503628 0.0593249
 0.942775 0.0117103 0.00492544 0.00895662 0.0316322
 0.3379 0.627477 0.00712271 0.0029769 0.0245229
 0.531314 0.177943 0.275731 0.00308985 0.0119209
 0.996267 0.00222559 0.000578778 0.000880485 4.78841e-05
 0.160885 0.836226 0.00172616 0.000446432 0.000715872
 0.288178 0.134566 0.575298 0.00117086 0.000787775
 0.969362 0.00954037 0.00401257 0.0170267 5.79446e-05
 0.623268 0.366628 0.00316719 0.00131986 0.00561691
 0.956351 0.0294668 0.0138081 0.000117325 0.000256727
 0.908628 0.0876121 0.00254192 0.00118614 3.21243e-05
 0.792319 0.19107 0.0159342 0.000457508 0.000219147
 0.82955 0.139087 0.0288793 0.00238294 0.000101135
 0.874797 0.107919 0.014149 0.00288632 0.000248033
 0.986252 0.01233 0.00122533 0.000158149 3.50042e-05
 0.170091 0.81948 0.00935878 0.000924015 0.000145604
 0.967464 0.0058745 0.0263281 0.000299112 3.4176e-05
 0.627509 0.361024 0.00207684 0.00927208 0.000117351
 0.548073 0.291177 0.155828 0.000891791 0.00403068
 0.875984 0.0706545 0.0344566 0.0183264 0.000578718
 0.827763 0.152112 0.0114897 0.00557698 0.00305913
 0.140841 0.719777 0.123171 0.00925598 0.0069552
 0.8623 0.020283 0.0984279 0.0167807 0.00220814
 0.653609 0.300557 0.0067693 0.0327475 0.00631662
 0.401757 0.39733 0.174409 0.00391505 0.0225888
 0.878943 0.0500763 0.047198 0.0206463 0.00313688
 0.808001 0.169772 0.00921376 0.00865374 0.00435981
 0.193724 0.655473 0.133381 0.00722215 0.0101993
 0.247465 0.149751 0.490256 0.0995297 0.0129983
 0.927466 0.0189112 0.0107117 0.0349022 0.00800904
pobs_PELACES
 0 0 0 0 0
 0 0 0 0 0
 0 0 0 0 0
 0 0 0 0 0
 0 0 0 0 0
 0 0 0 0 0
 0 0 0 0 0
 0 0 0 0 0
 0 0 0 0 0
 0 0 0 0 0
 0 0 0 0 0
 0 0 0 0 0
 0 0 0 0 0
 0 0 0 0 0
 0 0 0 0 0
 0 0 0 0 0
 0.505614 0.472636 0.0217494 0 0
 0 0 0 0 0
 0.443492 0.261883 0.143347 0.151278 0
 0.227955 0.32914 0.350689 0.0885471 0.00366901
 0.970185 0.0296113 0.000203453 0 0
 0.997202 0.00247181 0.000326279 0 0
 0.445219 0.490057 0.0546422 0.010081 0
 0.90214 0.0892962 0.00764917 0.000914606 0
 0 0 0 0 0
 0.581667 0.319106 0.0959925 0.00289975 0.000334073
 0.762889 0.0836404 0.116647 0.0363945 0.000428098
 0.88444 0.0763242 0.0277011 0.0115352 0
 0.521256 0.241999 0.230069 0.00667565 0
 0.616807 0.101726 0.260614 0.0208532 0
 0.833518 0.0704572 0.0857862 0.0102388 0
ppred_PELACES
 0.1061 0.197051 0.623411 0.0734378 7.28038e-07
 0.199145 0.0864871 0.157623 0.498075 0.0586702
 0.945657 0.0111556 0.00467447 0.00849853 0.0300141
 0.362447 0.604473 0.00680786 0.0028441 0.0234285
 0.573628 0.163087 0.249701 0.00279636 0.0107882
 0.996429 0.00213215 0.000552735 0.000840724 4.57213e-05
 0.178385 0.818812 0.00167492 0.000432968 0.000694264
 0.302173 0.132417 0.563491 0.00114654 0.000771405
 0.97163 0.00886937 0.00370988 0.0157377 5.35569e-05
 0.657323 0.333586 0.0028508 0.00118732 0.00505272
 0.957746 0.0285474 0.0133449 0.000113375 0.000248081
 0.915804 0.0807528 0.00232764 0.00108577 2.94054e-05
 0.806451 0.17816 0.0147626 0.000423724 0.000202961
 0.850265 0.122434 0.0251401 0.00207316 8.79846e-05
 0.889342 0.0955164 0.0123966 0.00252746 0.000217189
 0.987001 0.0116627 0.00115425 0.000148941 3.29658e-05
 0.176596 0.813091 0.00925506 0.000913612 0.000143964
 0.96853 0.00569314 0.0254548 0.000289153 3.30379e-05
 0.637723 0.351162 0.00201364 0.00898836 0.000113759
 0.561651 0.282823 0.150765 0.000862635 0.00389886
 0.880404 0.0682239 0.033174 0.0176415 0.000557083
 0.834092 0.146579 0.0110357 0.00535565 0.00293769
 0.144833 0.716708 0.122357 0.00919366 0.00690833
 0.865619 0.0198272 0.0960292 0.01637 0.00215409
 0.660104 0.295007 0.00663046 0.0320722 0.00618634
 0.409048 0.392774 0.172038 0.00386137 0.0222789
 0.882302 0.0487518 0.0458469 0.0200529 0.0030467
 0.811076 0.167082 0.00905468 0.00850368 0.00428419
 0.196721 0.653206 0.132737 0.00718674 0.0101493
 0.255493 0.148507 0.484753 0.098397 0.0128503
 0.930675 0.0181215 0.0102298 0.0333261 0.00764729
pobs_pel_tallas
 0 0 0 0 0 0 0 0 0 0 0 0 0 0 0 0 0 0 0 0 0 0 0 0 0 0
 0 0 0 0 0 0 0 0 0 0 0 0 0 0 0 0 0 0 0 0 0 0 0 0 0 0
 0 0 0 0 0 0 0 0 0 0 0 0 0 0 0 0 0 0 0 0 0 0 0 0 0 0
 0 0 0 0 0 0 0 0 0 0 0 0 0 0 0 0 0 0 0 0 0 0 0 0 0 0
 0 0 0 0 0 0 0 0 0 0 0 0 0 0 0 0 0 0 0 0 0 0 0 0 0 0
 0 0 0 0 0 0 0 0 0 0 0 0 0 0 0 0 0 0 0 0 0 0 0 0 0 0
 0 0 0 0 0 0 0 0 0 0 0 0 0 0 0 0 0 0 0 0 0 0 0 0 0 0
 0 0 0 0 0 0 0 0 0 0 0 0 0 0 0 0 0 0 0 0 0 0 0 0 0 0
 0 0 0 0 0 0 0 0 0 0 0 0 0 0 0 0 0 0 0 0 0 0 0 0 0 0
 0 0 0 0 0 0 0 0 0 0 0 0 0 0 0 0 0 0 0 0 0 0 0 0 0 0
 0 0 0 0 0 0 0 0 0 0 0 0 0 0 0 0 0 0 0 0 0 0 0 0 0 0
 0 0 0 0 0 0 0 0 0 0 0 0 0 0 0 0 0 0 0 0 0 0 0 0 0 0
 0.00862536 0 0 0.000197151 0.00414017 0.0128641 0.00837892 0.0270097 0.101434 0.158115 0.152841 0.127902 0.109271 0.109419 0.0830992 0.0579132 0.0238553 0.00714673 0.00463305 0.00128148 0.00103504 0.000492878 0.000147863 0.000147863 4.92878e-05 0
 0 0 0 0 0 0 0 0 0 0 0 0 0 0 0 0 0 0 0 0 0 0 0 0 0 0
 0 0 0 0 0 0 0 0.0054083 0.00873648 0.0413646 0.0450493 0.0745869 0.0622846 0.0627006 0.0613931 0.0827291 0.12552 0.122667 0.0946155 0.0697135 0.0546179 0.0294188 0.0215738 0.0213955 0.0102223 0.00600262
 0 0 0 0 0.00359764 0.0251062 0.0480494 0.140153 0.205849 0.193036 0.1447 0.116669 0.0760912 0.0342217 0.00950174 0.001854 0.000860785 0 0 0 0.000165536 0 0.000143464 0 0 0
 0 0 0 0 0 0 0 0.000145254 0.000435761 0.0275982 0.070085 0.0708112 0.156366 0.174668 0.174014 0.160142 0.0824315 0.0480064 0.0283245 0.00493863 0.00203355 0 0 0 0 0
 0 0 0 0 0 0 0 0 0 0 0 0 0 0 0 0 0 0 0 0 0 0 0 0 0 0
 0 0 1.00437e-05 0.000401748 0.00122533 0.00171747 0.00176769 0.0269171 0.070346 0.194647 0.189555 0.159765 0.064822 0.0314167 0.0384472 0.0292271 0.0345202 0.0313363 0.0194345 0.0106764 0.0143323 0.0359363 0.0279516 0.0138201 0.00172751 0
 0 0.0021121 0.0136068 0.0755702 0.200478 0.177729 0.0527432 0.0373336 0.0318909 0.0142505 0.0149659 0.0166563 0.0217959 0.0798694 0.0677717 0.0528807 0.04013 0.0224614 0.0357745 0.0225083 0.00881397 0.00855152 0.00135912 0.000746735 0 0
 0 0 0 0 5.4009e-05 0.00500934 0.000945158 0.0243581 0.138947 0.33067 0.221406 0.137944 0.0707744 0.0437923 0.0131692 0.00525238 0.0047753 0.00276346 9.45158e-05 9.00151e-06 2.25038e-05 9.00151e-06 4.50075e-06 0 0 0
 0.000866109 0.00284123 0.00948549 0.0512746 0.133035 0.25785 0.225252 0.132002 0.0553304 0.0519788 0.0540692 0.017754 0.00435017 0.00159236 0.00146478 0.000404838 0.000125132 0.000115318 0.000107957 0.000100596 0 0 0 0 0 0
 0 0 0 0 0.00144013 0.00171154 0.00461396 0.0210425 0.0478622 0.0707936 0.0888783 0.103762 0.0637923 0.0337046 0.0602308 0.124433 0.169614 0.0934646 0.0462172 0.0250306 0.0313229 0.00938855 0.002487 0.000210481 0 0
 0 0.00764035 0.051015 0.0998891 0.058973 0.0496711 0.0374665 0.0718981 0.12319 0.153886 0.159021 0.0857701 0.0377988 0.023471 0.0147837 0.00900784 0.00315554 0.000888139 0.00291439 0.00214683 0.00393193 0.00274676 0.000635225 9.99891e-05 0 0
 0 0 0 0 0 0 0 0 0 0 0 0 0 0 0 0 0 0 0 0 0 0 0 0 0 0
 0 0 0 0 0 0 0 0 0 0 0 0 0 0 0 0 0 0 0 0 0 0 0 0 0 0
 0 0 0 0 0 0 0 0 0 0 0 0 0 0 0 0 0 0 0 0 0 0 0 0 0 0
 0 0 0 0 0 0 0 0 0 0 0 0 0 0 0 0 0 0 0 0 0 0 0 0 0 0
 0 0 0 0 0 0 0 0 0 0 0 0 0 0 0 0 0 0 0 0 0 0 0 0 0 0
 0 0 0 0 0 0 0 0 0 0 0 0 0 0 0 0 0 0 0 0 0 0 0 0 0 0
 0 0 0 0 0 0 0 0 0 0 0 0 0 0 0 0 0 0 0 0 0 0 0 0 0 0
ppred_pel_tallas
 1.25406e-16 8.73936e-06 8.49497e-05 0.000564521 0.00256624 0.00798464 0.0170129 0.0248349 0.0248549 0.0171107 0.00831592 0.00353513 0.00304195 0.00564337 0.011005 0.0193264 0.0305091 0.0439273 0.0587556 0.0743315 0.0899919 0.10441 0.115185 0.119416 0.115119 0.102464
 1.6445e-16 1.64033e-05 0.000159446 0.00105958 0.00481668 0.0149865 0.0319307 0.0466056 0.0466144 0.0319737 0.015132 0.00524284 0.00215214 0.00262299 0.00493521 0.00879216 0.0142953 0.0216272 0.0312204 0.0438943 0.0605405 0.0812998 0.104691 0.127371 0.144882 0.153138
 1.0607e-16 7.78925e-05 0.000757143 0.00503148 0.0228724 0.0711645 0.151624 0.221299 0.2213 0.151629 0.0711824 0.0229244 0.00516287 0.00104689 0.000637437 0.000956834 0.00143852 0.00196733 0.00250536 0.00309007 0.00383771 0.00488271 0.0062788 0.00792454 0.00956136 0.0108473
 1.04601e-16 2.98544e-05 0.000290195 0.00192845 0.0087665 0.0272761 0.0581168 0.0848354 0.0848936 0.0584009 0.0282294 0.0115183 0.00882996 0.0153366 0.0285483 0.0469994 0.0673547 0.0839807 0.0911738 0.0863447 0.0716318 0.0525797 0.0349659 0.022189 0.0146989 0.011081
 1.09354e-16 4.7249e-05 0.000459277 0.00305206 0.0138742 0.043168 0.0919745 0.134243 0.134259 0.0920532 0.0434332 0.0146447 0.00500282 0.00477318 0.00840194 0.0142359 0.0214787 0.0290339 0.0357356 0.0409177 0.0445889 0.0470067 0.0480884 0.0472772 0.0439978 0.0382533
 1.00109e-16 8.20745e-05 0.000797793 0.00530162 0.0241004 0.0749852 0.159764 0.23318 0.23318 0.159765 0.0749886 0.0241102 0.00532623 0.000851636 0.000184711 0.000176487 0.000248758 0.000318162 0.000361882 0.000372247 0.000356818 0.000332482 0.000314006 0.000305822 0.000302102 0.000292989
 1.00419e-16 1.46935e-05 0.000142827 0.000949136 0.00431468 0.013425 0.0286063 0.0417682 0.041847 0.0289909 0.0147159 0.00804083 0.0102932 0.0205106 0.0386076 0.0635688 0.0910226 0.113308 0.12263 0.115403 0.0944599 0.0672906 0.0417817 0.0226952 0.0108869 0.00472687
 1.16541e-16 2.48896e-05 0.000241936 0.00160775 0.00730861 0.0227399 0.0484502 0.0707173 0.0707309 0.0485171 0.0229668 0.00797463 0.00331963 0.0041112 0.00775931 0.0137906 0.0221856 0.0327067 0.0449218 0.0582962 0.0719672 0.0843144 0.0928927 0.0951724 0.0897965 0.0774858
 1.01697e-16 8.00318e-05 0.000777938 0.00516967 0.0235006 0.073119 0.155788 0.227377 0.227378 0.155792 0.0731332 0.0235418 0.00527367 0.00100681 0.000520404 0.000749471 0.00111138 0.0014868 0.00182126 0.00210933 0.00239891 0.00275372 0.00319463 0.00366475 0.00404473 0.00420699
 1.01142e-16 5.41429e-05 0.000526288 0.00349737 0.0158986 0.0494665 0.105395 0.153833 0.153866 0.105552 0.0499925 0.017417 0.00730527 0.00882748 0.0157859 0.0259232 0.0371318 0.046262 0.0501489 0.0473444 0.0390107 0.0281975 0.0181007 0.0106274 0.00608211 0.00375494
 1.00446e-16 7.88883e-05 0.000766822 0.0050958 0.0231648 0.0720743 0.153562 0.224129 0.224131 0.153575 0.0721197 0.0232962 0.00542633 0.00149056 0.00145979 0.00230499 0.00335084 0.00429197 0.00487195 0.00496723 0.00464601 0.00410303 0.0035253 0.00299995 0.00251964 0.00204839
 1.00202e-16 7.54336e-05 0.000733242 0.00487265 0.0221504 0.068918 0.146837 0.214315 0.214323 0.146875 0.0690454 0.0225181 0.00579504 0.00274444 0.00388807 0.00629002 0.00901062 0.0112404 0.0122113 0.0115718 0.00959753 0.0070165 0.0045895 0.00276791 0.00162282 0.00098997
 1.00549e-16 6.64263e-05 0.000645688 0.00429082 0.0195055 0.0606888 0.129305 0.188727 0.188745 0.129388 0.0609702 0.0203178 0.00632908 0.00509217 0.00850201 0.0139263 0.0199976 0.0250249 0.0273304 0.0261355 0.0220232 0.016551 0.0113391 0.00733749 0.00469154 0.00306929
 1.0098e-16 7.00352e-05 0.000680767 0.00452394 0.0205652 0.063986 0.136329 0.198979 0.198991 0.136387 0.0641798 0.0211252 0.00593016 0.00375225 0.0059082 0.00966897 0.0139497 0.0175982 0.0194853 0.0190805 0.0167521 0.013495 0.010319 0.00777974 0.00592449 0.00453903
 1.00673e-16 7.3254e-05 0.000712055 0.00473185 0.0215103 0.0669267 0.142595 0.208123 0.208132 0.14264 0.0670777 0.0219464 0.00582644 0.00310118 0.00460956 0.00750168 0.0107922 0.0135558 0.0149016 0.0144175 0.0124097 0.00969095 0.00709438 0.00509011 0.00372627 0.00281488
 1.00057e-16 8.1298e-05 0.000790245 0.00525146 0.0238724 0.0742758 0.158252 0.230974 0.230975 0.158258 0.0742942 0.0239256 0.00538497 0.00108155 0.000634112 0.000918496 0.00131248 0.00164439 0.00180028 0.00172926 0.00146929 0.00112143 0.000790187 0.000535919 0.000366614 0.000259804
 1.00591e-16 1.45461e-05 0.000141394 0.000939615 0.0042714 0.0132903 0.0283194 0.0413493 0.0414275 0.0287014 0.0145725 0.00797238 0.0102211 0.0203746 0.038358 0.0631722 0.0904877 0.112711 0.122113 0.115133 0.0945654 0.0678095 0.0426449 0.0237552 0.0119699 0.00568539
 1.00771e-16 7.97765e-05 0.000775456 0.00515318 0.0234256 0.0728858 0.155291 0.226652 0.226652 0.155294 0.0728955 0.0234544 0.00522724 0.000943133 0.000415754 0.00060658 0.000971534 0.00144004 0.001991 0.00260179 0.00323282 0.00380825 0.00421425 0.00433354 0.00410276 0.00355328
 1.01069e-16 5.25284e-05 0.000510595 0.00339309 0.0154245 0.0479915 0.102252 0.149247 0.149281 0.102417 0.0485452 0.0170229 0.0074017 0.00924945 0.0166141 0.0272917 0.0390959 0.0487179 0.0528302 0.0499133 0.0411923 0.0298738 0.0193088 0.0114841 0.00669809 0.00419082
 1.0517e-16 4.62625e-05 0.000449688 0.00298834 0.0135846 0.0422668 0.0900548 0.131443 0.131471 0.0901889 0.0427175 0.0148886 0.00626958 0.00763898 0.0137767 0.022901 0.0334437 0.0430019 0.0491087 0.0505464 0.0479503 0.0431591 0.0379034 0.0329352 0.0281255 0.0231399
 1.02839e-16 7.25177e-05 0.000704898 0.00468429 0.0212941 0.066254 0.141161 0.20603 0.206037 0.141194 0.0663627 0.0216088 0.00547628 0.00244076 0.00338987 0.00554394 0.0081085 0.0104717 0.0120618 0.0126208 0.0123369 0.0116704 0.0110151 0.0104763 0.00990232 0.00908154
 1.01391e-16 6.87031e-05 0.000667819 0.00443789 0.020174 0.0627689 0.133736 0.195195 0.195209 0.133805 0.0630004 0.0208425 0.00611507 0.00432686 0.00701137 0.0114656 0.0164711 0.020633 0.0225823 0.0216953 0.0184692 0.0141966 0.0102048 0.00724578 0.00538644 0.00429023
 1.05806e-16 1.19299e-05 0.000115963 0.000770615 0.00350315 0.0109 0.0232261 0.0339136 0.0339827 0.0235638 0.0120339 0.0067786 0.00899368 0.0180709 0.0341227 0.0564205 0.0813357 0.1024 0.112995 0.110024 0.0957127 0.076021 0.0570312 0.0421371 0.0316621 0.0242732
 1.04783e-16 7.12999e-05 0.000693061 0.00460563 0.0209365 0.0651413 0.138791 0.202569 0.202571 0.138801 0.0651758 0.0210381 0.00486773 0.00128926 0.00127417 0.00217805 0.00356135 0.00537908 0.00761316 0.0102231 0.0130838 0.0158991 0.0181843 0.019397 0.0191679 0.0174882
 1.04531e-16 5.43719e-05 0.000528515 0.00351217 0.0159658 0.0496757 0.10584 0.154483 0.154512 0.105979 0.0501413 0.01731 0.00688413 0.00788298 0.0140032 0.0230171 0.0330475 0.0413543 0.0452045 0.0433877 0.0369769 0.0286538 0.0211382 0.0159163 0.0130016 0.0115296
 1.09223e-16 3.36928e-05 0.000327506 0.00217639 0.0098936 0.0307829 0.0655875 0.0957349 0.0957729 0.0657735 0.0314077 0.0117007 0.00672114 0.0102772 0.0190135 0.0315968 0.0460175 0.0589163 0.066848 0.0681627 0.0638766 0.0567626 0.0494628 0.0431733 0.0376841 0.032296
 1.03863e-16 7.2674e-05 0.000706418 0.00469439 0.02134 0.0663968 0.141466 0.206474 0.206479 0.141489 0.0664753 0.0215676 0.00526906 0.00197201 0.00250909 0.0041196 0.00613194 0.00814481 0.00979929 0.0109342 0.011651 0.0121724 0.0126146 0.0128743 0.0127114 0.0119357
 1.01882e-16 6.68073e-05 0.00064939 0.00431543 0.0196173 0.0610368 0.130046 0.189809 0.189825 0.130125 0.0613006 0.0203789 0.00622622 0.0048175 0.00797364 0.0130528 0.018743 0.0234611 0.0256484 0.0246007 0.0208994 0.0160377 0.0115454 0.00828417 0.00631555 0.00522365
 1.06436e-16 1.62038e-05 0.000157506 0.00104669 0.00475813 0.0148047 0.0315452 0.0460544 0.0461174 0.0318531 0.0158388 0.00774579 0.00854883 0.0165436 0.0311618 0.0515566 0.0744167 0.0938834 0.10396 0.101833 0.0894866 0.0722541 0.0555415 0.0423126 0.0327904 0.0257722
 1.2607e-16 2.10447e-05 0.000204562 0.00135939 0.00617958 0.019227 0.0409658 0.0597939 0.059809 0.0410398 0.0194776 0.00691286 0.00323651 0.0044233 0.00838848 0.0147641 0.02344 0.0340301 0.0460353 0.0590777 0.0727248 0.0859285 0.0966698 0.102399 0.101174 0.0927178
 1.04937e-16 7.66585e-05 0.000745148 0.00495177 0.02251 0.0700371 0.149221 0.217793 0.217795 0.14923 0.0700662 0.0225947 0.00516571 0.00121708 0.000988042 0.00155386 0.00233517 0.00317187 0.00397664 0.00475847 0.0056297 0.00672112 0.00805457 0.00946867 0.010655 0.0112824
pSPR Fmed_Fpbrs
0.387568   0.230913 0.230913
Fs Fmed_Fpbrs
0.593908   1.005 1.005
SSBpbr Bo_Bmed_Bpbrs
1.63714e+06  552648  296180 296180
Ro
67918.9
SPR SPRFo_SPRFmed_SPRFpbrs
485480 188156 112103
Fref
1.005
Nvult_r0
 119714 2731.6 1559.56 5083.73 1166.59
CTP_r0
 33273.4 939.986 543.479 1772.77 406.823
YTP_r0
391085
Np
 136067 39977.2 760.136 428.362 1695.87
Nvult_p0
 111763 34483.6 657.664 370.675 1467.5
CTP_p0
 46877.8 17109.2 329.474 185.795 735.579
YTP_p0
 666515
CBA_c0
473714
log_Ro
10.9461
likeval ReclasPelacesDesembMPH_pf_preclas_ppelaces_ptallas_desvR_qrecl_qpela
 14.536 66.8244 0.127157 0.00162349 297.478 120.437 110.008 0 87.7668 1.92282e-05 0 0.0744404 0 0 0
q_reclas_q_pelaces
1.86148 1
M
1
N
 16453.5 32005.3 101599 11970.5 0.118673
 10512.4 5191.02 9549.89 30192.1 3556.54
 188026 2525.31 1068.26 1943.16 6862.79
 20577.7 44970.6 516.593 216.045 1779.78
 7189.91 3086.35 4870.03 54.627 210.766
 282576 673.804 176.065 267.913 14.5703
 11565.2 72569 151.876 39.3084 63.0351
 2931.85 1507.33 6489.7 13.2129 8.8901
 57540.1 634.709 269.187 1142.77 3.88911
 15349.7 11292.9 99.1652 41.3614 176.029
 50813.5 1646.31 774.298 6.58039 14.3991
 128375 14173.7 415.319 193.904 5.25167
 81307.3 22391.8 1885.58 54.1676 25.9471
 68156.9 14391.4 3038.97 250.984 10.6525
 46243.5 7037.68 936.969 191.294 16.4394
 392877 5349.88 534.995 69.0729 15.2887
 17489.8 90258.3 1035.98 102.312 16.1224
 690800 4406.02 19817.9 225.193 25.7304
 315218 193811 1120.35 5003.12 63.3223
 139567 80419.2 43293.8 247.847 1120.22
 383032 32826.6 16080 8554.5 270.14
 513007 100873 7657.21 3717.72 2039.3
 24221.5 129979 22322.1 1677.77 1260.74
 278050 6808.95 33139.4 5650.74 743.578
 170655 81940.4 1851.35 8957.67 1727.85
 47840.7 49477.4 21789.4 489.203 2822.6
 230502 13756.1 13009.5 5691.9 864.802
 303324 65670.1 3571.83 3355.13 1690.35
 27176.3 94611.4 19292.5 1044.74 1475.42
 13284 8544.38 28097.7 5705.65 745.153
 159691 3491.74 1987.92 6479.1 1486.78
pred_Ctot
 1499.68 3887.57 12560.6 1481.3 0.014686
 2386.82 1514.91 2829.28 8951.97 1054.56
 43056.5 742.879 319.011 580.744 2051.14
 8271.9 22060.9 256.349 107.273 883.746
 3763.78 1894.08 3015.29 33.8382 130.56
 55522.9 171.611 45.5499 69.3696 3.7728
 5121.85 38709.6 81.8776 21.2033 34.0027
 795.957 519.416 2268.26 4.62162 3.1097
 17845.2 247.056 106.193 451.135 1.53538
 7565.41 6593.71 58.4546 24.3934 103.818
 7942.67 337.183 161.213 1.37127 3.00074
 45291.9 6196.3 183.853 85.8941 2.32642
 28272.1 9662.74 824.023 23.6878 11.3472
 34200.8 8529.18 1817.95 150.216 6.37578
 21933.7 3979.11 535.049 109.294 9.39275
 96870.7 1686.24 171.121 22.1105 4.89416
 3593.45 23978.6 279.521 27.6279 4.3538
 105957 886.195 4052.31 46.0872 5.26614
 62912.3 50096.7 294.146 1314.65 16.6397
 32989.4 24369 13315.8 76.2901 344.833
 70686.3 7877.87 3920.78 2087.6 65.9267
 104039 26471.1 2040.88 991.705 544.008
 3691.11 25980.5 4536.07 341.238 256.43
 35602.1 1150.87 5697.2 972.328 127.954
 23306 14739.2 338.66 1640.06 316.366
 6738.11 9168.28 4105.74 92.2617 532.355
 33556 2631.41 2530.35 1108.06 168.361
 29563.7 8516.03 471.385 443.199 223.299
 2529.3 11728.9 2434.19 131.941 186.341
 2463.59 2060.14 6883.07 1398.89 182.701
 33273.4 939.986 543.479 1772.77 406.823
F
 0.153611 0.209371 0.213449 0.213668 0.21368
 0.426195 0.580902 0.592216 0.592824 0.592856
 0.43057 0.586866 0.598296 0.59891 0.598942
 0.897221 1.22291 1.24673 1.24801 1.24807
 1.3675 1.86389 1.90019 1.90214 1.90225
 0.359409 0.489873 0.499414 0.499927 0.499954
 1.03766 1.41432 1.44187 1.44335 1.44343
 0.530221 0.722688 0.736764 0.73752 0.73756
 0.628308 0.856381 0.87306 0.873956 0.874003
 1.23256 1.67997 1.71269 1.71445 1.71454
 0.276776 0.377244 0.384592 0.384986 0.385007
 0.746263 1.01715 1.03696 1.03803 1.03808
 0.731607 0.997177 1.0166 1.01764 1.0177
 1.27053 1.73173 1.76546 1.76727 1.76737
 1.15685 1.57678 1.60749 1.60914 1.60922
 0.470821 0.641728 0.654227 0.654898 0.654933
 0.378645 0.516091 0.526143 0.526683 0.526711
 0.270969 0.369329 0.376522 0.376909 0.376929
 0.366011 0.498871 0.508588 0.50911 0.509137
 0.447307 0.609678 0.621552 0.62219 0.622224
 0.334258 0.455592 0.464465 0.464942 0.464967
 0.372915 0.508282 0.518182 0.518713 0.518741
 0.269003 0.36665 0.373791 0.374175 0.374195
 0.221809 0.302325 0.308214 0.30853 0.308547
 0.238128 0.324568 0.33089 0.331229 0.331247
 0.246397 0.335839 0.34238 0.342731 0.34275
 0.255615 0.348402 0.355188 0.355552 0.355571
 0.165023 0.224926 0.229307 0.229542 0.229554
 0.157073 0.21409 0.21826 0.218484 0.218496
 0.336159 0.458183 0.467107 0.467586 0.467612
 0.38493 0.524658 0.534877 0.535426 0.535455
nmprior
 8.19 8.8 8.5 0
nm_flota  nm_reclas  nm_pelaces    nm_pelaL
inf 13.0778 6.36676 11.0942
cv_recla  cv_pelaces  cv_mph
0.344864 0.926915 1.24346
 ------------------------------------------------
Talla a la edad & desviaci?n 
 8 13.2811 15.8009 17.003 17.5766
 0.8 1.32811 1.58009 1.7003 1.75766
