years
 1991 1992 1993 1994 1995 1996 1997 1998 1999 2000 2001 2002 2003 2004 2005 2006 2007 2008 2009 2010 2011 2012 2013 2014 2015 2016 2017 2018 2019 2020 2021
reclasobs
 0 0 0 0 0 0 0 0 0 252601 567819 844713 477998 351125 339783 2.1784e+06 2.13404e+06 4.81314e+06 1.55562e+06 2.62356e+06 3.21686e+06 3.843e+06 1.13348e+06 3.07943e+06 1.97215e+06 2.03268e+06 2.025e+06 2.42433e+06 2.27542e+06 1.05018e+06 2.36338e+06
reclaspred
 3.34221e+06 1.95412e+06 816473 489079 94461.7 2.11136e+06 823648 256180 732042 215205 237890 780408 510498 398810 279589 1.89592e+06 1.13438e+06 7.11894e+06 4.4908e+06 1.52639e+06 3.58085e+06 3.59804e+06 1.95207e+06 4.39841e+06 2.66319e+06 1.30188e+06 2.36479e+06 3.84411e+06 2.72933e+06 958125 1.39053e+06
pelacesobs
 0 0 0 0 0 0 0 0 0 0 0 0 0 0 0 552880 188675 0 991730 2.46772e+06 1.41603e+06 1.21717e+06 2.29649e+06 1.80582e+06 0 1.4828e+06 1.56532e+06 1.57751e+06 1.42118e+06 867257 1.10002e+06
pelacespred
 519945 417666 190093 87993.5 12935.9 495339 150174 60691 162424 35033.8 53068.5 148803 95753.9 75796.8 51298.8 370097 218192 1.78659e+06 1.08572e+06 368392 817518 794731 434692 1.1619e+06 673478 320200 670274 1.06085e+06 628667 259582 337676
mphobs
 0 0 0 0 0 0 0 0 0 0 0 498337 0 5186 125008 0 168611 109162 213762 579715 649985 157893 87575 83554 0 0 0 0 0 0 0
mphpred
 165905 1.11212e+06 524047 160517 81957.3 13192.1 600193 163343 61281 174359 28066.8 72311.8 199523 88559.7 50513.6 47573.4 603271 315003 2.2916e+06 1.10024e+06 449144 950363 1.0787e+06 590275 1.2867e+06 755281 324999 625175 1.39259e+06 707789 212685
desembarqueobs
 494567 514787 250237 358949 120608 361735 552515 73892 212993 205616 52469 317467 293654 387597 252695 516296 358380 742168 942051 627588 828172 859565 418607 520667 417249 300574 407403 355545 319650 289779 391294
desembarquepred
 494224 520135 247049 358232 120441 361446 551583 73847.5 212761 205279 52435.1 317039 293109 386679 252230 515715 358064 741607 940294 625866 827261 858376 418167 520284 416752 300119 407009 355275 319342 289339 390891
Reclutas
 533950 1010.59 3114.67 97143.4 1220.99 328677 1287.49 354.212 67848.5 1589.97 37985.2 164525 53041.7 71440.3 43892 399380 3558.61 1.07459e+06 143430 22840.5 421148 555077 3788.08 341836 131452 13710.7 229114 329057 8744.36 3303.52 143963
log_desv_Rt
 2.68103 -3.58874 -2.46315 0.976913 -3.39961 2.1958 -3.34658 -4.63713 0.618003 -3.13556 0.0379209 1.50379 0.371804 0.669588 0.182458 2.39064 -2.3299 3.38042 1.36657 -0.470741 2.44371 2.71983 -2.26741 2.23506 1.27937 -0.9811 1.83495 2.19696 -1.43087 -2.40429 1.37028
SSB
 165905 1.11212e+06 524047 160517 81957.3 13192.1 600193 163343 61281 174359 28066.8 72311.8 199523 88559.7 50513.6 47573.4 603271 315003 2.2916e+06 1.10024e+06 449144 950363 1.0787e+06 590275 1.2867e+06 755281 324999 625175 1.39259e+06 707789 212685
BT
 1.48463e+06 1.40878e+06 673810 528061 131146 1.46244e+06 839713 210986 566516 264637 168009 604849 479131 581403 368023 1.2584e+06 787152 4.78682e+06 3.38394e+06 1.50484e+06 2.62629e+06 2.58059e+06 1.36408e+06 3.17798e+06 1.94706e+06 1.02802e+06 1.98152e+06 2.79373e+06 1.71631e+06 919384 1.16261e+06
Ftot
 0.265703 0.464818 0.524645 1.16364 1.79102 0.30649 1.07385 0.501255 0.508252 1.43648 0.390649 0.693694 0.942855 1.46265 1.38183 0.477691 0.545911 0.188637 0.370046 0.695738 0.408342 0.420589 0.377866 0.213433 0.279435 0.405579 0.307671 0.167492 0.210059 0.523717 0.492213
BD_Bspro_t
 0.958379 0.712945 0.44393 0.239561 0.143916 0.0385045 0.528207 0.211502 0.134109 0.31886 0.102417 0.328778 0.37569 0.18459 0.110195 0.109432 0.469953 0.318279 0.701316 0.496988 0.276819 0.44082 0.485134 0.375859 0.591144 0.522099 0.397145 0.58217 0.729025 0.577612 0.350905
BD_Bspro
 0.634652 4.25428 2.00468 0.61404 0.313518 0.0504647 2.29597 0.62485 0.234423 0.666989 0.107366 0.27662 0.763252 0.338775 0.193234 0.181986 2.30774 1.20501 8.76624 4.20883 1.71815 3.6355 4.12644 2.25803 4.92212 2.88924 1.24325 2.39153 5.32718 2.70756 0.813602
BD_Bo
 0.105565 0.707636 0.333448 0.102136 0.052149 0.00839404 0.3819 0.103934 0.0389928 0.110944 0.0178588 0.0460117 0.126956 0.0563501 0.0321416 0.0302707 0.383858 0.200435 1.45813 0.700076 0.285788 0.604711 0.686372 0.375589 0.818721 0.480582 0.206795 0.397796 0.886097 0.450362 0.135331
BD_Brms
 0.851328 5.70674 2.6891 0.823679 0.420556 0.0676938 3.07983 0.838181 0.314458 0.894706 0.144022 0.371061 1.02383 0.454436 0.259206 0.244118 3.09563 1.61641 11.7591 5.64577 2.30474 4.8767 5.53526 3.02894 6.60258 3.87565 1.6677 3.20803 7.14594 3.63195 1.09137
Sel_flota
 0.992975 1 1 1 1
 0.992975 1 1 1 1
 0.992975 1 1 1 1
 0.992975 1 1 1 1
 0.992975 1 1 1 1
 0.992975 1 1 1 1
 0.992975 1 1 1 1
 0.992975 1 1 1 1
 0.992975 1 1 1 1
 0.992975 1 1 1 1
 0.992975 1 1 1 1
 0.992975 1 1 1 1
 0.992975 1 1 1 1
 0.992975 1 1 1 1
 0.992975 1 1 1 1
 0.992975 1 1 1 1
 0.992975 1 1 1 1
 0.992975 1 1 1 1
 0.992975 1 1 1 1
 0.992975 1 1 1 1
 0.992975 1 1 1 1
 0.992975 1 1 1 1
 0.992975 1 1 1 1
 0.992975 1 1 1 1
 0.992975 1 1 1 1
 0.992975 1 1 1 1
 0.992975 1 1 1 1
 0.992975 1 1 1 1
 0.992975 1 1 1 1
 0.992975 1 1 1 1
 0.992975 1 1 1 1
Sel_reclas
 1 1 1 1 1
 1 1 1 1 1
 1 1 1 1 1
 1 1 1 1 1
 1 1 1 1 1
 1 1 1 1 1
 1 1 1 1 1
 1 1 1 1 1
 1 1 1 1 1
 1 1 1 1 1
 1 1 1 1 1
 1 1 1 1 1
 1 1 1 1 1
 1 1 1 1 1
 1 1 1 1 1
 1 1 1 1 1
 1 1 1 1 1
 1 1 1 1 1
 1 1 1 1 1
 1 1 1 1 1
 1 1 1 1 1
 1 1 1 1 1
 1 1 1 1 1
 1 1 1 1 1
 1 1 1 1 1
 1 1 1 1 1
 1 1 1 1 1
 1 1 1 1 1
 1 1 1 1 1
 1 1 1 1 1
 1 1 1 1 1
Sel_pelaces
 1 1 1 1 1
 1 1 1 1 1
 1 1 1 1 1
 1 1 1 1 1
 1 1 1 1 1
 1 1 1 1 1
 1 1 1 1 1
 1 1 1 1 1
 1 1 1 1 1
 1 1 1 1 1
 1 1 1 1 1
 1 1 1 1 1
 1 1 1 1 1
 1 1 1 1 1
 1 1 1 1 1
 1 1 1 1 1
 1 1 1 1 1
 1 1 1 1 1
 1 1 1 1 1
 1 1 1 1 1
 1 1 1 1 1
 1 1 1 1 1
 1 1 1 1 1
 1 1 1 1 1
 1 1 1 1 1
 1 1 1 1 1
 1 1 1 1 1
 1 1 1 1 1
 1 1 1 1 1
 1 1 1 1 1
 1 1 1 1 1
pf_obs 
 0.8446 0.082 0.0669 0.0065 0
 0.8095 0.147 0.0364 0.0071 0
 0.9664 0.0169 0.016 0.0007 0
 0.9276 0.0648 0.0075 0.0001 0
 0.7033 0.2144 0.0806 0.0017 0
 0.9318 0.0425 0.0243 0.0014 0
 0.5671 0.3108 0.0964 0.0239 0.0018
 0.0768 0.2599 0.5324 0.112 0.0189
 0.490249 0.384438 0.106611 0.0170017 0.00170017
 0.7925 0.1577 0.0466 0.003 0.0002
 0.840416 0.127587 0.0312969 0.00059994 9.999e-05
 0.8084 0.0986 0.0794 0.0134 0.0002
 0.7335 0.1905 0.0724 0.0035 0.0001
 0.4001 0.4547 0.1325 0.0127 0
 0.49795 0.308269 0.164784 0.0264974 0.00249975
 0.9179 0.0499 0.0305 0.0017 0
 0.2467 0.6533 0.0926 0.0074 0
 0.9418 0.0223 0.034 0.0019 0
 0.707729 0.231977 0.0356964 0.0245975 0
 0.517169 0.277429 0.184464 0.0207286 0.00020938
 0.811772 0.124168 0.05621 0.00726502 0.000585176
 0.764997 0.148141 0.077277 0.00933861 0.000247198
 0.163321 0.427699 0.378323 0.0303852 0.000271297
 0.753843 0.0900009 0.118128 0.0371064 0.000921714
 0.721811 0.176058 0.0630433 0.0369309 0.00215725
 0.143369 0.312575 0.442814 0.0836902 0.0175525
 0.692698 0.0596174 0.167031 0.0765114 0.00414204
 0.394062 0.376323 0.152708 0.0712218 0.00568511
 0.125707 0.32114 0.495352 0.0537591 0.00404204
 0.23352 0.215282 0.420074 0.123614 0.00750983
 0.774587 0.0839891 0.0768558 0.0609784 0.00358967
pf_pred 
 0.971072 0.0211365 0.00703122 0.00075985 1.06145e-07
 0.00642667 0.965059 0.0208345 0.00693078 0.000749101
 0.0789421 0.0059729 0.888823 0.0191887 0.0070732
 0.918808 0.00646487 0.000484594 0.0721122 0.00213069
 0.0904556 0.83654 0.00581287 0.000435722 0.0667553
 0.997476 0.000231674 0.00210865 1.46524e-05 0.000169367
 0.0141325 0.983399 0.000226504 0.0020616 0.000179913
 0.0299628 0.0138727 0.953771 0.00021968 0.00217398
 0.962613 0.00113029 0.000518513 0.0356486 8.94665e-05
 0.0919118 0.874439 0.00101729 0.000466673 0.032165
 0.961566 0.00357757 0.0335646 3.90478e-05 0.00125254
 0.943195 0.0546401 0.000201525 0.0018907 7.27554e-05
 0.62109 0.357591 0.0205065 7.56326e-05 0.000736888
 0.852984 0.0917031 0.0522009 0.00299353 0.000118611
 0.858675 0.120797 0.0128048 0.00728896 0.000434557
 0.988157 0.010189 0.00141391 0.000149878 9.04029e-05
 0.0368405 0.951855 0.00972552 0.0013496 0.000229351
 0.98118 0.00069968 0.0179079 0.000182972 2.97057e-05
 0.299134 0.687777 0.000486624 0.0124548 0.000147917
 0.157632 0.253509 0.577862 0.000408855 0.0105887
 0.940499 0.0094598 0.0150599 0.0343283 0.000653316
 0.834086 0.156124 0.00155656 0.00247803 0.00575605
 0.0228523 0.81622 0.151431 0.00150978 0.00798659
 0.891001 0.00251208 0.0889496 0.0165026 0.00103489
 0.533805 0.415739 0.00116285 0.0411752 0.00811818
 0.166195 0.446797 0.345122 0.000965332 0.0409204
 0.918737 0.0136048 0.0362547 0.0280044 0.00339875
 0.828761 0.157431 0.00231185 0.00616072 0.0053363
 0.0657143 0.775324 0.146143 0.00214609 0.0106727
 0.076879 0.0611134 0.715344 0.134837 0.0118271
 0.938887 0.004739 0.00373215 0.0436855 0.00895667
pobs_RECLAS
 0 0 0 0 0
 0 0 0 0 0
 0 0 0 0 0
 0 0 0 0 0
 0 0 0 0 0
 0 0 0 0 0
 0 0 0 0 0
 0 0 0 0 0
 0 0 0 0 0
 0 0 0 0 0
 0.991045 0.00858322 0.000360255 1.14367e-05 0
 0.934742 0.0480273 0.0164251 0.00080598 0
 0.827803 0.169806 0.00239088 0 0
 0.941827 0.0461693 0.0120037 0 0
 0.791401 0.0380133 0.147996 0.0225897 0
 0.846168 0.0940531 0.0597789 0 0
 0.134021 0.677848 0.182769 0.00536245 0
 0.80878 0.0450904 0.141981 0.00414843 0
 0.846168 0.0940531 0.0597789 0 0
 0.905697 0.0802665 0.012482 0.00150086 5.37128e-05
 0.989698 0.0102097 9.19794e-05 0 0
 0.975433 0.0193895 0.00387452 0.00125025 5.28907e-05
 0.303575 0.632131 0.0575291 0.00676475 0
 0.966965 0.00978017 0.0227588 0.000495775 0
 0.843318 0.132988 0.00938335 0.0141283 0.000182051
 0.564624 0.303363 0.111486 0.0197234 0.00080311
 0.826376 0.0876187 0.0782897 0.00655872 0.00115652
 0.89761 0.0855135 0.0140674 0.00269457 0.000114338
 0.34875 0.467042 0.161289 0.0227151 0.000203297
 0.318654 0.224769 0.449479 0.00709798 0
 0.937255 0.0296025 0.0250945 0.00804832 0
ppred_RECLAS
 0.971275 0.0209883 0.00698194 0.000754525 1.05401e-07
 0.00647431 0.965013 0.0208335 0.00693045 0.000749065
 0.0794892 0.00596935 0.888295 0.0191773 0.007069
 0.919433 0.00641504 0.000480859 0.0715564 0.00211426
 0.0912528 0.835807 0.00580778 0.00043534 0.0666968
 0.997494 0.000229998 0.0020934 1.45464e-05 0.000168142
 0.0142481 0.983284 0.000226478 0.00206136 0.000179892
 0.0301808 0.0138696 0.953556 0.000219631 0.00217349
 0.962881 0.00112218 0.000514791 0.0353927 8.88243e-05
 0.0926588 0.87372 0.00101645 0.000466289 0.0321386
 0.961837 0.00355234 0.033328 3.87725e-05 0.00124371
 0.943606 0.0542443 0.000200065 0.00187701 7.22284e-05
 0.622985 0.355803 0.020404 7.52544e-05 0.000733203
 0.854105 0.0910038 0.0518028 0.0029707 0.000117707
 0.859741 0.119886 0.0127082 0.00723398 0.000431279
 0.988244 0.0101143 0.00140354 0.000148779 8.97399e-05
 0.0371085 0.95159 0.00972281 0.00134922 0.000229288
 0.981312 0.000694769 0.0177822 0.000181688 2.94972e-05
 0.300674 0.686265 0.000485554 0.0124274 0.000147591
 0.158658 0.2532 0.577158 0.000408357 0.0105758
 0.94091 0.0093944 0.0149557 0.0340909 0.000648798
 0.835105 0.155164 0.00154699 0.00246279 0.00572067
 0.0230169 0.816083 0.151406 0.00150952 0.00798524
 0.891698 0.00249602 0.0883808 0.0163971 0.00102827
 0.535609 0.41413 0.00115835 0.0410158 0.00808675
 0.167219 0.446249 0.344698 0.000964146 0.0408701
 0.919279 0.0135141 0.036013 0.0278177 0.00337609
 0.829775 0.156498 0.00229816 0.00612424 0.0053047
 0.0661574 0.774956 0.146073 0.00214507 0.0106676
 0.0774129 0.0610781 0.71493 0.134759 0.0118202
 0.939314 0.0047059 0.00370608 0.0433804 0.0088941
pobs_PELACES
 0 0 0 0 0
 0 0 0 0 0
 0 0 0 0 0
 0 0 0 0 0
 0 0 0 0 0
 0 0 0 0 0
 0 0 0 0 0
 0 0 0 0 0
 0 0 0 0 0
 0 0 0 0 0
 0 0 0 0 0
 0 0 0 0 0
 0 0 0 0 0
 0 0 0 0 0
 0 0 0 0 0
 0 0 0 0 0
 0.505614 0.472636 0.0217494 0 0
 0 0 0 0 0
 0.443492 0.261883 0.143347 0.151278 0
 0.227955 0.32914 0.350689 0.0885471 0.00366901
 0.970185 0.0296113 0.000203453 0 0
 0.997202 0.00247181 0.000326279 0 0
 0.445219 0.490057 0.0546422 0.010081 0
 0.90214 0.0892962 0.00764917 0.000914606 0
 0 0 0 0 0
 0.581667 0.319106 0.0959925 0.00289975 0.000334073
 0.762889 0.0836404 0.116647 0.0363945 0.000428098
 0.88444 0.0763242 0.0277011 0.0115352 0
 0.521256 0.241999 0.230069 0.00667565 0
 0.616807 0.101726 0.260614 0.0208532 0
 0.833518 0.0704572 0.0857862 0.0102388 0
ppred_PELACES
 0.971292 0.0209758 0.00697776 0.000754073 1.05338e-07
 0.00648125 0.965006 0.0208334 0.0069304 0.00074906
 0.0795782 0.00596877 0.888209 0.0191754 0.00706832
 0.919633 0.00639915 0.000479668 0.0713791 0.00210902
 0.0915977 0.83549 0.00580558 0.000435175 0.0666715
 0.997496 0.000229835 0.00209192 1.45361e-05 0.000168023
 0.0142831 0.983249 0.00022647 0.00206128 0.000179886
 0.0302148 0.0138691 0.953523 0.000219623 0.00217341
 0.962924 0.00112091 0.000514207 0.0353526 8.87236e-05
 0.0929392 0.87345 0.00101614 0.000466145 0.0321286
 0.96187 0.00354925 0.0332989 3.87387e-05 0.00124263
 0.943692 0.0541621 0.000199762 0.00187416 7.21189e-05
 0.623498 0.355318 0.0203762 7.51519e-05 0.000732205
 0.854527 0.0907405 0.0516529 0.0029621 0.000117366
 0.860127 0.119556 0.0126732 0.00721408 0.000430092
 0.988257 0.0101032 0.00140201 0.000148617 8.96417e-05
 0.0371537 0.951545 0.00972235 0.00134916 0.000229277
 0.98132 0.000694471 0.0177745 0.00018161 2.94846e-05
 0.300855 0.686088 0.000485429 0.0124242 0.000147553
 0.158874 0.253135 0.57701 0.000408253 0.0105731
 0.940963 0.00938603 0.0149424 0.0340606 0.000648221
 0.83524 0.155038 0.00154574 0.00246079 0.00571601
 0.0230366 0.816066 0.151403 0.00150949 0.00798508
 0.891746 0.00249492 0.0883418 0.0163898 0.00102782
 0.535771 0.413986 0.00115795 0.0410015 0.00808395
 0.16735 0.446178 0.344644 0.000963994 0.0408637
 0.919332 0.0135052 0.0359894 0.0277994 0.00337388
 0.829829 0.156448 0.00229742 0.00612226 0.00530299
 0.0661875 0.774931 0.146069 0.002145 0.0106673
 0.0774997 0.0610723 0.714863 0.134746 0.0118191
 0.939379 0.00470085 0.00370211 0.0433339 0.00888458
pobs_pel_tallas
 0 0 0 0 0 0 0 0 0 0 0 0 0 0 0 0 0 0 0 0 0 0 0 0 0 0
 0 0 0 0 0 0 0 0 0 0 0 0 0 0 0 0 0 0 0 0 0 0 0 0 0 0
 0 0 0 0 0 0 0 0 0 0 0 0 0 0 0 0 0 0 0 0 0 0 0 0 0 0
 0 0 0 0 0 0 0 0 0 0 0 0 0 0 0 0 0 0 0 0 0 0 0 0 0 0
 0 0 0 0 0 0 0 0 0 0 0 0 0 0 0 0 0 0 0 0 0 0 0 0 0 0
 0 0 0 0 0 0 0 0 0 0 0 0 0 0 0 0 0 0 0 0 0 0 0 0 0 0
 0 0 0 0 0 0 0 0 0 0 0 0 0 0 0 0 0 0 0 0 0 0 0 0 0 0
 0 0 0 0 0 0 0 0 0 0 0 0 0 0 0 0 0 0 0 0 0 0 0 0 0 0
 0 0 0 0 0 0 0 0 0 0 0 0 0 0 0 0 0 0 0 0 0 0 0 0 0 0
 0 0 0 0 0 0 0 0 0 0 0 0 0 0 0 0 0 0 0 0 0 0 0 0 0 0
 0 0 0 0 0 0 0 0 0 0 0 0 0 0 0 0 0 0 0 0 0 0 0 0 0 0
 0 0 0 0 0 0 0 0 0 0 0 0 0 0 0 0 0 0 0 0 0 0 0 0 0 0
 0.00862536 0 0 0.000197151 0.00414017 0.0128641 0.00837892 0.0270097 0.101434 0.158115 0.152841 0.127902 0.109271 0.109419 0.0830992 0.0579132 0.0238553 0.00714673 0.00463305 0.00128148 0.00103504 0.000492878 0.000147863 0.000147863 4.92878e-05 0
 0 0 0 0 0 0 0 0 0 0 0 0 0 0 0 0 0 0 0 0 0 0 0 0 0 0
 0 0 0 0 0 0 0 0.0054083 0.00873648 0.0413646 0.0450493 0.0745869 0.0622846 0.0627006 0.0613931 0.0827291 0.12552 0.122667 0.0946155 0.0697135 0.0546179 0.0294188 0.0215738 0.0213955 0.0102223 0.00600262
 0 0 0 0 0.00359764 0.0251062 0.0480494 0.140153 0.205849 0.193036 0.1447 0.116669 0.0760912 0.0342217 0.00950174 0.001854 0.000860785 0 0 0 0.000165536 0 0.000143464 0 0 0
 0 0 0 0 0 0 0 0.000145254 0.000435761 0.0275982 0.070085 0.0708112 0.156366 0.174668 0.174014 0.160142 0.0824315 0.0480064 0.0283245 0.00493863 0.00203355 0 0 0 0 0
 0 0 0 0 0 0 0 0 0 0 0 0 0 0 0 0 0 0 0 0 0 0 0 0 0 0
 0 0 1.00437e-05 0.000401748 0.00122533 0.00171747 0.00176769 0.0269171 0.070346 0.194647 0.189555 0.159765 0.064822 0.0314167 0.0384472 0.0292271 0.0345202 0.0313363 0.0194345 0.0106764 0.0143323 0.0359363 0.0279516 0.0138201 0.00172751 0
 0 0.0021121 0.0136068 0.0755702 0.200478 0.177729 0.0527432 0.0373336 0.0318909 0.0142505 0.0149659 0.0166563 0.0217959 0.0798694 0.0677717 0.0528807 0.04013 0.0224614 0.0357745 0.0225083 0.00881397 0.00855152 0.00135912 0.000746735 0 0
 0 0 0 0 5.4009e-05 0.00500934 0.000945158 0.0243581 0.138947 0.33067 0.221406 0.137944 0.0707744 0.0437923 0.0131692 0.00525238 0.0047753 0.00276346 9.45158e-05 9.00151e-06 2.25038e-05 9.00151e-06 4.50075e-06 0 0 0
 0.000866109 0.00284123 0.00948549 0.0512746 0.133035 0.25785 0.225252 0.132002 0.0553304 0.0519788 0.0540692 0.017754 0.00435017 0.00159236 0.00146478 0.000404838 0.000125132 0.000115318 0.000107957 0.000100596 0 0 0 0 0 0
 0 0 0 0 0.00144013 0.00171154 0.00461396 0.0210425 0.0478622 0.0707936 0.0888783 0.103762 0.0637923 0.0337046 0.0602308 0.124433 0.169614 0.0934646 0.0462172 0.0250306 0.0313229 0.00938855 0.002487 0.000210481 0 0
 0 0.00764035 0.051015 0.0998891 0.058973 0.0496711 0.0374665 0.0718981 0.12319 0.153886 0.159021 0.0857701 0.0377988 0.023471 0.0147837 0.00900784 0.00315554 0.000888139 0.00291439 0.00214683 0.00393193 0.00274676 0.000635225 9.99891e-05 0 0
 0 0 0 0 0 0 0 0 0 0 0 0 0 0 0 0 0 0 0 0 0 0 0 0 0 0
 0 0 0 0 0 0 0 0 0 0 0 0 0 0 0 0 0 0 0 0 0 0 0 0 0 0
 0 0 0 0 0 0 0 0 0 0 0 0 0 0 0 0 0 0 0 0 0 0 0 0 0 0
 0 0 0 0 0 0 0 0 0 0 0 0 0 0 0 0 0 0 0 0 0 0 0 0 0 0
 0 0 0 0 0 0 0 0 0 0 0 0 0 0 0 0 0 0 0 0 0 0 0 0 0 0
 0 0 0 0 0 0 0 0 0 0 0 0 0 0 0 0 0 0 0 0 0 0 0 0 0 0
 0 0 0 0 0 0 0 0 0 0 0 0 0 0 0 0 0 0 0 0 0 0 0 0 0 0
ppred_pel_tallas
 1.00283e-16 8.00041e-05 0.000777668 0.00516788 0.0234924 0.0730936 0.155734 0.227298 0.227301 0.155744 0.0731269 0.0235887 0.00540978 0.00130672 0.0010876 0.00167872 0.00242739 0.0030872 0.0034652 0.00347134 0.00316301 0.00269725 0.00222842 0.00183392 0.00151194 0.00122769
 1.0167e-16 5.34053e-07 5.19127e-06 3.45024e-05 0.0001569 0.000488671 0.0010446 0.00154408 0.0016369 0.00149806 0.00201071 0.00455063 0.0110541 0.0240305 0.0455389 0.0750479 0.107555 0.134086 0.145496 0.137575 0.113625 0.0823813 0.052996 0.0309364 0.0171136 0.00959325
 1.28753e-16 6.55476e-06 6.37146e-05 0.000423406 0.00192474 0.0059886 0.0127594 0.0186231 0.0186251 0.0127696 0.00602678 0.00205252 0.000810092 0.00112559 0.00265956 0.00604076 0.0125403 0.0237339 0.0409159 0.0641818 0.0915136 0.118512 0.139322 0.148661 0.144006 0.126714
 1.07531e-16 7.5749e-05 0.000736307 0.00489302 0.0222429 0.0692061 0.147451 0.215209 0.21521 0.147454 0.0692167 0.0222742 0.00497296 0.000916598 0.000436476 0.000654019 0.00106983 0.00166086 0.00249874 0.003711 0.00544095 0.00775348 0.0105247 0.0133892 0.0158006 0.017202
 1.11708e-16 7.54496e-06 7.33397e-05 0.000487372 0.00221557 0.0068939 0.0146912 0.021459 0.0215394 0.0150837 0.00821152 0.00601914 0.0100268 0.0208713 0.0394296 0.0649742 0.0931406 0.116194 0.1263 0.119949 0.100186 0.0747536 0.0516701 0.0355674 0.0268815 0.0233735
 1.00091e-16 8.21624e-05 0.000798648 0.0053073 0.0241262 0.0750655 0.159935 0.23343 0.23343 0.159935 0.075066 0.0241275 0.00531067 0.000806533 9.86292e-05 3.68832e-05 5.41251e-05 8.65212e-05 0.000130292 0.000184746 0.000246194 0.000306529 0.000354115 0.000377468 0.000370129 0.000333755
 1.00496e-16 1.17669e-06 1.14379e-05 7.60136e-05 0.000345605 0.00107581 0.00229563 0.00337035 0.0034649 0.00275748 0.00262591 0.00481988 0.011296 0.024468 0.0463406 0.076325 0.109284 0.136028 0.1472 0.138493 0.113315 0.0806678 0.0500297 0.0271231 0.0129728 0.00561291
 1.2791e-16 2.48876e-06 2.41917e-05 0.000160762 0.000730803 0.00227381 0.0048447 0.00707154 0.00707435 0.00485909 0.00232638 0.000901275 0.000658835 0.00134303 0.00318334 0.00701503 0.0141758 0.0262588 0.0445353 0.0690202 0.0975257 0.125386 0.146441 0.15519 0.149121 0.129877
 1.03576e-16 7.93147e-05 0.000770968 0.00512335 0.02329 0.0724639 0.154392 0.22534 0.22534 0.154393 0.0724659 0.0232962 0.00513962 0.000809432 0.000161705 0.000168341 0.000302979 0.000539439 0.000928972 0.00154145 0.00243772 0.00362801 0.00502945 0.00645035 0.00762349 0.00828593
 1.05737e-16 7.65546e-06 7.44139e-05 0.00049451 0.00224802 0.00699489 0.0149064 0.021774 0.021858 0.0153168 0.00837204 0.00622323 0.0104635 0.0218058 0.041189 0.067846 0.097186 0.121075 0.13125 0.123958 0.102299 0.0743267 0.0484563 0.0296757 0.018697 0.0135026
 1.01177e-16 7.9228e-05 0.000770124 0.00511775 0.0232645 0.0723846 0.154223 0.225093 0.225094 0.154225 0.0723913 0.0232845 0.00517018 0.000892619 0.000335343 0.000490016 0.000839787 0.00134967 0.0020321 0.00287664 0.00382045 0.0047308 0.005422 0.00571607 0.00552078 0.00487683
 1.0022e-16 7.77307e-05 0.00075557 0.00502103 0.0228249 0.0710166 0.151309 0.22084 0.220846 0.151334 0.071102 0.0230714 0.00563931 0.00210346 0.00263226 0.00421466 0.00603133 0.00751678 0.00815443 0.00771082 0.00637612 0.00464559 0.00303556 0.00185026 0.00113198 0.000759219
 1.00811e-16 5.13568e-05 0.000499206 0.0033174 0.0150805 0.0469211 0.0999716 0.145919 0.145953 0.100139 0.0474819 0.0166996 0.00737919 0.00935777 0.0168507 0.0277111 0.0397598 0.0496722 0.0540927 0.0514673 0.0429795 0.0317819 0.0211672 0.0130865 0.00785734 0.00480431
 1.01831e-16 7.03863e-05 0.00068418 0.00454662 0.0206683 0.0643067 0.137012 0.199976 0.199984 0.137056 0.0644514 0.0210871 0.00560072 0.00299471 0.00448592 0.00737588 0.0107831 0.0139004 0.0159409 0.0165172 0.0158269 0.0144415 0.0128878 0.0113765 0.00984476 0.00818127
 1.01193e-16 7.08475e-05 0.000688663 0.00457641 0.0208037 0.0647281 0.13791 0.201287 0.201298 0.137967 0.064917 0.0213494 0.00594585 0.00367736 0.00574462 0.00937902 0.0134908 0.0169385 0.0186123 0.018005 0.0155135 0.01217 0.00902586 0.00666319 0.0051182 0.00411928
 1.00074e-16 8.14014e-05 0.00079125 0.00525814 0.0239027 0.0743703 0.158454 0.231268 0.231269 0.158459 0.0743862 0.0239489 0.00537394 0.00104403 0.000561406 0.000799072 0.00114263 0.00143542 0.00157877 0.0015288 0.00131761 0.00103086 0.000756353 0.000543745 0.000398351 0.000300734
 1.00698e-16 3.0605e-06 2.97492e-05 0.000197699 0.000898766 0.00279688 0.00596244 0.00872154 0.00881305 0.00640948 0.0042973 0.00522983 0.0110592 0.0237073 0.044873 0.073922 0.105883 0.131878 0.142863 0.134673 0.110578 0.0792445 0.0497839 0.0276816 0.0139091 0.00658475
 1.00537e-16 8.083e-05 0.000785697 0.00522123 0.023735 0.0738482 0.157342 0.229645 0.229645 0.157342 0.0738499 0.0237401 0.0052355 0.000821172 0.000160804 0.000170631 0.000313793 0.000551575 0.000898953 0.00135439 0.00187888 0.00238942 0.00277493 0.00293449 0.00282045 0.00246136
 1.01461e-16 2.47811e-05 0.000240882 0.00160075 0.0072768 0.0226412 0.0482419 0.0704242 0.0704902 0.0485642 0.0237229 0.0103992 0.00943093 0.0173096 0.0323689 0.053284 0.0763132 0.095041 0.102956 0.097079 0.0798025 0.0574084 0.0364797 0.020947 0.0114415 0.00651084
 1.18547e-16 1.30863e-05 0.000127203 0.000845312 0.00384268 0.0119561 0.0254748 0.0371864 0.0372117 0.0255984 0.0123738 0.00505968 0.00393996 0.00701425 0.0134765 0.0232551 0.0358077 0.0498115 0.0637205 0.0764926 0.0876743 0.0967006 0.102203 0.102251 0.0955224 0.0824409
 1.0396e-16 7.75059e-05 0.000753385 0.00500651 0.0227588 0.0708112 0.150871 0.220201 0.220202 0.150875 0.0708268 0.0228042 0.00512213 0.00101188 0.000586868 0.000897632 0.00140808 0.00204116 0.00278924 0.00368557 0.00478495 0.00610168 0.00754063 0.00887942 0.0098277 0.0101363
 1.01299e-16 6.87976e-05 0.000668737 0.004444 0.0202018 0.0628553 0.13392 0.195464 0.195479 0.133993 0.0630998 0.0209076 0.0062142 0.00452814 0.00738403 0.0120608 0.0172804 0.0215507 0.0234074 0.0221894 0.0184475 0.0136046 0.0091394 0.00591606 0.00403935 0.00313593
 1.06081e-16 1.89767e-06 1.84461e-05 0.000122584 0.0005573 0.00173439 0.0036982 0.00541413 0.00549284 0.00408278 0.00302582 0.00428795 0.0094891 0.0204723 0.0388664 0.0642984 0.0927284 0.116811 0.129012 0.125789 0.109631 0.0872646 0.0655582 0.0483544 0.0360565 0.0272329
 1.04368e-16 7.34519e-05 0.000713979 0.00474464 0.0215684 0.0671074 0.142979 0.208683 0.208683 0.142981 0.0671143 0.0215902 0.00480616 0.000871053 0.000438615 0.000783609 0.0015299 0.00277775 0.00466085 0.00721155 0.0102602 0.0133884 0.015995 0.0174848 0.0174976 0.016055
 1.0562e-16 4.41308e-05 0.000428967 0.00285064 0.0129586 0.0403193 0.085906 0.125391 0.12543 0.0861005 0.0409723 0.0148438 0.00757924 0.01074 0.0195935 0.0322381 0.0462466 0.0577787 0.062981 0.0601442 0.0507855 0.0387077 0.0277914 0.0201939 0.0159895 0.0139855
 1.17072e-16 1.37845e-05 0.00013399 0.000890415 0.00404772 0.0125942 0.0268349 0.0391754 0.0392188 0.0270474 0.0133089 0.0061175 0.00610678 0.0115906 0.0219743 0.0368332 0.0542831 0.0708092 0.082738 0.0882344 0.0881354 0.0848682 0.0804579 0.0753616 0.0688734 0.0603509
 1.04401e-16 7.57242e-05 0.000736066 0.00489142 0.0222357 0.0691834 0.147403 0.215139 0.21514 0.147409 0.0692061 0.022302 0.00506111 0.00111719 0.000831311 0.00133895 0.00212293 0.00310175 0.00425247 0.0055848 0.00711482 0.00879328 0.0104417 0.0117649 0.0124511 0.0123023
 1.01618e-16 6.8352e-05 0.000664406 0.00441521 0.0200709 0.0624481 0.133053 0.194198 0.194213 0.133126 0.0626949 0.0207833 0.00620209 0.00456062 0.00745474 0.0121819 0.0174635 0.0218003 0.023722 0.022568 0.0188974 0.0141415 0.00977837 0.00665713 0.00485713 0.00398017
 1.06434e-16 5.45194e-06 5.29949e-05 0.000352173 0.00160097 0.00498163 0.0106166 0.015511 0.0155857 0.0109819 0.00620806 0.00514391 0.00924761 0.0194789 0.0369191 0.0610774 0.088098 0.111011 0.122673 0.119726 0.10454 0.0834945 0.0630958 0.0469657 0.0354556 0.0271778
 1.36159e-16 6.38356e-06 6.20505e-05 0.000412348 0.00187448 0.00583223 0.0124264 0.0181382 0.0181452 0.0124613 0.00595261 0.0022368 0.00137707 0.00235116 0.00489138 0.00948187 0.0169429 0.0281798 0.0439307 0.0642923 0.0880459 0.112185 0.132237 0.143599 0.143363 0.131574
 1.05958e-16 7.73754e-05 0.000752116 0.00499808 0.0227205 0.070692 0.150617 0.21983 0.21983 0.150619 0.0706999 0.0227437 0.00505755 0.000886638 0.000347576 0.000493694 0.000809634 0.00126289 0.00190504 0.00282738 0.00413065 0.00585855 0.0079209 0.0100572 0.0118786 0.0129841
pSPR Fmed_Fpbrs
0.383075   0.174 0.174
Fs Fmed_Fpbrs
0.500011   1.005 1.005
SSBpbr Bo_Bmed_Bpbrs
1.5716e+06  523461  194878 194878
Ro
36571.7
SPR SPRFo_SPRFmed_SPRFpbrs
261412 100140 45485.7
Fref
1.005
Nvult_r0
 111477 560.021 441.039 5162.44 1058.43
CTP_r0
 36597.6 184.725 145.479 1702.85 349.129
YTP_r0
390891
Np
 122764 32485.7 162.47 127.952 1834.49
Nvult_p0
 106115 28111.1 140.592 110.722 1587.46
CTP_p0
 53002.8 14090.6 70.4711 55.4988 795.708
YTP_p0
 656061
CBA_c0
470442
log_Ro
10.327
likeval ReclasPelacesDesembMPH_pf_preclas_ppelaces_ptallas_desvR_qrecl_qpela
 22.906 77.7629 1.63982 0.00174357 396.642 155.3 142.254 0 219.348 2.07401e-05 0 7.63946 0 0 0
q_reclas_q_pelaces
1.90663 1
M
1
N
 533950 11548.9 3841.85 415.181 0.0579975
 1010.59 150877 3257.27 1083.56 117.114
 3114.67 234.332 34870.7 752.82 277.499
 97143.4 680.561 51.0136 7591.3 224.299
 1220.99 11253.9 78.2004 5.86175 898.057
 328677 75.8667 690.524 4.79825 55.463
 1287.49 89187.4 20.5423 186.972 16.3169
 354.212 163.065 11211 2.5822 25.5537
 67848.5 79.2147 36.3391 2498.37 6.2701
 1589.97 15068.3 17.5299 8.0417 554.268
 37985.2 140.483 1318.01 1.53332 49.1844
 164525 9481.02 34.9681 328.07 12.6243
 53041.7 30394 1742.98 6.42851 62.6329
 71440.3 7651.08 4355.28 249.759 9.89611
 43892 6150.25 651.943 371.11 22.125
 399380 4094.35 568.168 60.2273 36.3276
 3558.61 91430.4 934.184 129.635 22.0303
 1.07459e+06 761.317 19485.4 199.091 32.3226
 143430 327794 231.925 5935.96 70.4969
 22840.5 36539.8 83291 58.931 1526.21
 421148 4210.93 6703.74 15280.9 290.817
 555077 103287 1029.78 1639.39 3808.03
 3788.08 134488 24951.2 248.765 1315.94
 341836 957.575 33906.5 6290.59 394.488
 131452 101738 284.568 10076.2 1986.64
 13710.7 36641.1 28302.8 79.1652 3355.81
 229114 3371.79 8985.31 6940.57 842.342
 329057 62097.9 911.899 2430.07 2104.88
 8744.36 102505 19321.5 283.734 1411.03
 3303.52 2611.24 30565.1 5761.29 505.345
 143963 722.491 568.991 6660.14 1365.5
pred_Ctot
 79969.7 1740.63 579.034 62.5751 0.00874125
 245.14 36811.3 794.716 264.369 28.5738
 833.731 63.0815 9387.12 202.657 74.7022
 46042.2 323.96 24.2834 3613.6 106.77
 732.978 6778.64 47.1028 3.53073 540.93
 55879.4 12.9786 118.128 0.820839 9.48808
 580.253 40376.5 9.29983 84.6453 7.3869
 91.3884 42.3126 2909.06 0.670037 6.63077
 17702.9 20.7866 9.53567 655.593 1.64533
 852.101 8106.8 9.43114 4.32645 298.197
 7966.6 29.6402 278.084 0.323512 10.3773
 54708.3 3169.3 11.6891 109.667 4.22004
 21947.9 12636.4 724.652 2.67268 26.0399
 38666.8 4157.02 2366.33 135.7 5.37679
 23020.4 3238.47 343.287 195.412 11.6501
 99076.1 1021.58 141.764 15.0273 9.06411
 983.315 25406.1 259.585 36.0222 6.12165
 117816 84.0148 2150.3 21.9706 3.56695
 28722.5 66039.7 46.7252 1195.9 14.2028
 7611.69 12241.3 27903.6 19.7427 511.302
 91701.6 922.361 1468.39 3347.12 63.7004
 123906 23192.6 231.231 368.117 855.076
 772.273 27583.4 5117.48 51.0216 269.899
 41986.4 118.376 4191.56 777.649 48.7669
 20593.3 16038.5 44.861 1588.47 313.186
 2968.33 7980.05 6164.07 17.2414 730.861
 39084.4 578.768 1542.33 1191.35 144.588
 32306.1 6136.84 90.1187 240.152 208.016
 1058.48 12488.4 2353.97 34.5677 171.908
 883.025 701.943 8216.37 1548.72 135.845
 36597.6 184.725 145.479 1702.85 349.129
F
 0.263836 0.265703 0.265703 0.265703 0.265703
 0.461553 0.464818 0.464818 0.464818 0.464818
 0.52096 0.524645 0.524645 0.524645 0.524645
 1.15547 1.16364 1.16364 1.16364 1.16364
 1.77844 1.79102 1.79102 1.79102 1.79102
 0.304337 0.30649 0.30649 0.30649 0.30649
 1.0663 1.07385 1.07385 1.07385 1.07385
 0.497734 0.501255 0.501255 0.501255 0.501255
 0.504682 0.508252 0.508252 0.508252 0.508252
 1.42638 1.43648 1.43648 1.43648 1.43648
 0.387904 0.390649 0.390649 0.390649 0.390649
 0.68882 0.693694 0.693694 0.693694 0.693694
 0.936231 0.942855 0.942855 0.942855 0.942855
 1.45237 1.46265 1.46265 1.46265 1.46265
 1.37212 1.38183 1.38183 1.38183 1.38183
 0.474335 0.477691 0.477691 0.477691 0.477691
 0.542076 0.545911 0.545911 0.545911 0.545911
 0.187312 0.188637 0.188637 0.188637 0.188637
 0.367446 0.370046 0.370046 0.370046 0.370046
 0.69085 0.695738 0.695738 0.695738 0.695738
 0.405474 0.408342 0.408342 0.408342 0.408342
 0.417634 0.420589 0.420589 0.420589 0.420589
 0.375211 0.377866 0.377866 0.377866 0.377866
 0.211933 0.213433 0.213433 0.213433 0.213433
 0.277472 0.279435 0.279435 0.279435 0.279435
 0.40273 0.405579 0.405579 0.405579 0.405579
 0.305509 0.307671 0.307671 0.307671 0.307671
 0.166316 0.167492 0.167492 0.167492 0.167492
 0.208583 0.210059 0.210059 0.210059 0.210059
 0.520038 0.523717 0.523717 0.523717 0.523717
 0.488755 0.492213 0.492213 0.492213 0.492213
nmprior
 8.19 8.8 8.5 0
nm_flota  nm_reclas  nm_pelaces    nm_pelaL
inf 5.94005 3.48921 5.07627
cv_recla  cv_pelaces  cv_mph
0.432912 0.999904 1.28862
 ------------------------------------------------
Talla a la edad & desviaci?n 
 8 13.2811 15.8009 17.003 17.5766
 0.8 1.32811 1.58009 1.7003 1.75766
