years
 1991 1992 1993 1994 1995 1996 1997 1998 1999 2000 2001 2002 2003 2004 2005 2006 2007 2008 2009 2010 2011 2012 2013 2014 2015 2016 2017 2018 2019 2020 2021
reclasobs
 0 0 0 0 0 0 0 0 0 252601 567819 844713 477998 351125 339783 2.1784e+06 2.13404e+06 4.81314e+06 1.55562e+06 2.62356e+06 3.21686e+06 3.843e+06 1.13348e+06 3.07943e+06 1.97215e+06 2.03268e+06 2.025e+06 2.42433e+06 2.27542e+06 1.05018e+06 2.36338e+06
reclaspred
 3.41122e+06 1.74994e+06 881511 768256 685909 2.16711e+06 1.07155e+06 791531 523806 277830 494677 770786 765773 537674 465427 1.51729e+06 1.06642e+06 3.70486e+06 2.81668e+06 1.89604e+06 3.19341e+06 2.73001e+06 1.78632e+06 3.11646e+06 2.2126e+06 1.81892e+06 2.33403e+06 2.7897e+06 2.09246e+06 1.02169e+06 1.71246e+06
pelacesobs
 0 0 0 0 0 0 0 0 0 0 0 0 0 0 0 552880 188675 0 991730 2.46772e+06 1.41603e+06 1.21717e+06 2.29649e+06 1.80582e+06 0 1.4828e+06 1.56532e+06 1.57751e+06 1.42118e+06 867257 1.10002e+06
pelacespred
 2.34185e+06 1.20145e+06 546094 337960 372481 1.14959e+06 550440 571033 300260 121878 262726 341693 386887 251180 217549 619987 536948 1.9436e+06 1.61963e+06 975575 1.64861e+06 1.42017e+06 1.09898e+06 1.91046e+06 1.42252e+06 1.20165e+06 1.58237e+06 1.87286e+06 1.40257e+06 725120 967256
mphobs
 0 0 0 0 0 0 0 0 0 0 0 498337 0 5186 125008 0 168611 109162 213762 579715 649985 157893 87575 83554 0 0 0 0 0 0 0
mphpred
 557525 346160 151617 85770 71440.4 86947.3 229645 96020.3 76668.9 37463 18041.2 62345.3 69981.2 54464.9 28468.2 33622.1 165211 107394 387107 234498 229563 285413 287247 188845 325846 251586 186103 224601 368235 203003 89661.9
desembarqueobs
 494567 514787 250237 358949 120608 361735 552515 73892 212993 205616 52469 317467 293654 387597 252695 516296 358380 742168 942051 627588 828172 859565 418607 520667 417249 300574 407403 355545 319650 289779 391294
desembarquepred
 494534 514466 250159 358925 120601 361657 552271 73892.1 212989 205602 52468 317412 293557 387294 252564 516056 358368 741796 941289 626984 828110 859191 418502 520599 417119 300506 407304 355433 319542 289677 391227
Reclutas
 127527 88443.2 87748.5 86973.3 63851.9 226546 60126.5 21039.5 26830.5 36342.9 59203.6 110116 91199.9 66914 50724.7 278743 41873.5 480064 256666 205644 266037 397838 55996.3 201926 161059 64041.9 161348 189358 49110.7 32803.8 142893
log_desv_Rt
 0.250522 -0.115444 -0.123329 -0.132204 -0.441239 0.825143 -0.501354 -1.5514 -1.30826 -1.00481 -0.516822 0.103729 -0.084751 -0.394396 -0.671391 1.03249 -0.863152 1.57612 0.94997 0.72834 0.985829 1.38824 -0.572519 0.710098 0.483968 -0.438267 0.485757 0.645837 -0.703728 -1.10726 0.364295
SSB
 1.12451e+06 698191 305805 172995 144092 175369 463184 193669 154638 75561.3 36388.3 125748 141149 109854 57419.3 67814.4 333224 216610 780780 472974 463019 575667 579366 380894 657219 507438 375362 453012 742714 409448 180845
BT
 1.70671e+06 1.17652e+06 543272 516362 342420 1.22061e+06 812999 432311 408819 282380 252332 518560 551900 595557 426282 930734 617858 2.25016e+06 2.00408e+06 1.19659e+06 1.91515e+06 1.77269e+06 1.03213e+06 1.93909e+06 1.28696e+06 1.02265e+06 1.59226e+06 1.73952e+06 1.07256e+06 698408 1.12378e+06
Ftot
 0.375257 0.732888 0.732182 1.24046 0.497907 0.535344 1.21487 0.256086 1.09248 1.87022 0.352894 1.17714 1.08643 1.92017 1.59734 1.10529 0.85044 0.656091 0.904413 0.921468 0.755216 0.905306 0.599232 0.518773 0.516957 0.443306 0.530948 0.395829 0.382799 0.70894 0.720864
BD_Bspro_t
 0.94215 0.643574 0.38181 0.282364 0.23026 0.315721 0.463513 0.238301 0.257861 0.174592 0.122498 0.400627 0.300124 0.216421 0.122251 0.144243 0.33429 0.241218 0.455276 0.312593 0.269314 0.311499 0.33486 0.278519 0.430647 0.427528 0.413104 0.492437 0.59373 0.449624 0.302515
BD_Bspro
 1.58482 0.983994 0.430987 0.24381 0.203077 0.247157 0.652788 0.272948 0.217939 0.106492 0.0512839 0.177223 0.198929 0.154822 0.0809239 0.0955741 0.469628 0.305279 1.10039 0.666585 0.652556 0.811316 0.816529 0.536812 0.926251 0.715158 0.529017 0.638452 1.04674 0.577056 0.254873
BD_Bo
 0.936854 0.58168 0.254774 0.144126 0.120047 0.146104 0.38589 0.161351 0.128833 0.062952 0.030316 0.104764 0.117595 0.0915217 0.0478374 0.0564978 0.277617 0.180463 0.650487 0.394046 0.385753 0.479602 0.482684 0.317332 0.547545 0.422759 0.312724 0.377415 0.618774 0.341122 0.150666
BD_Brms
 4.51184 2.80134 1.22698 0.694105 0.578141 0.703632 1.85843 0.777057 0.620453 0.303174 0.146001 0.504537 0.566332 0.440764 0.230383 0.272091 1.33699 0.869101 3.13272 1.89771 1.85777 2.30974 2.32459 1.52826 2.63695 2.03599 1.50606 1.81761 2.97999 1.64283 0.725601
Sel_flota
 0.614307 0.968012 0.998264 0.999908 0.999995
 0.614307 0.968012 0.998264 0.999908 0.999995
 0.614307 0.968012 0.998264 0.999908 0.999995
 0.614307 0.968012 0.998264 0.999908 0.999995
 0.614307 0.968012 0.998264 0.999908 0.999995
 0.614307 0.968012 0.998264 0.999908 0.999995
 0.614307 0.968012 0.998264 0.999908 0.999995
 0.614307 0.968012 0.998264 0.999908 0.999995
 0.614307 0.968012 0.998264 0.999908 0.999995
 0.614307 0.968012 0.998264 0.999908 0.999995
 0.614307 0.968012 0.998264 0.999908 0.999995
 0.614307 0.968012 0.998264 0.999908 0.999995
 0.614307 0.968012 0.998264 0.999908 0.999995
 0.614307 0.968012 0.998264 0.999908 0.999995
 0.614307 0.968012 0.998264 0.999908 0.999995
 0.614307 0.968012 0.998264 0.999908 0.999995
 0.614307 0.968012 0.998264 0.999908 0.999995
 0.614307 0.968012 0.998264 0.999908 0.999995
 0.614307 0.968012 0.998264 0.999908 0.999995
 0.614307 0.968012 0.998264 0.999908 0.999995
 0.614307 0.968012 0.998264 0.999908 0.999995
 0.614307 0.968012 0.998264 0.999908 0.999995
 0.614307 0.968012 0.998264 0.999908 0.999995
 0.614307 0.968012 0.998264 0.999908 0.999995
 0.614307 0.968012 0.998264 0.999908 0.999995
 0.614307 0.968012 0.998264 0.999908 0.999995
 0.614307 0.968012 0.998264 0.999908 0.999995
 0.614307 0.968012 0.998264 0.999908 0.999995
 0.614307 0.968012 0.998264 0.999908 0.999995
 0.614307 0.968012 0.998264 0.999908 0.999995
 0.614307 0.968012 0.998264 0.999908 0.999995
Sel_reclas
 0.918633 0.982705 0.996515 0.999306 0.999862
 0.918633 0.982705 0.996515 0.999306 0.999862
 0.918633 0.982705 0.996515 0.999306 0.999862
 0.918633 0.982705 0.996515 0.999306 0.999862
 0.918633 0.982705 0.996515 0.999306 0.999862
 0.918633 0.982705 0.996515 0.999306 0.999862
 0.918633 0.982705 0.996515 0.999306 0.999862
 0.918633 0.982705 0.996515 0.999306 0.999862
 0.918633 0.982705 0.996515 0.999306 0.999862
 0.918633 0.982705 0.996515 0.999306 0.999862
 0.918633 0.982705 0.996515 0.999306 0.999862
 0.918633 0.982705 0.996515 0.999306 0.999862
 0.918633 0.982705 0.996515 0.999306 0.999862
 0.918633 0.982705 0.996515 0.999306 0.999862
 0.918633 0.982705 0.996515 0.999306 0.999862
 0.918633 0.982705 0.996515 0.999306 0.999862
 0.918633 0.982705 0.996515 0.999306 0.999862
 0.918633 0.982705 0.996515 0.999306 0.999862
 0.918633 0.982705 0.996515 0.999306 0.999862
 0.918633 0.982705 0.996515 0.999306 0.999862
 0.918633 0.982705 0.996515 0.999306 0.999862
 0.918633 0.982705 0.996515 0.999306 0.999862
 0.918633 0.982705 0.996515 0.999306 0.999862
 0.918633 0.982705 0.996515 0.999306 0.999862
 0.918633 0.982705 0.996515 0.999306 0.999862
 0.918633 0.982705 0.996515 0.999306 0.999862
 0.918633 0.982705 0.996515 0.999306 0.999862
 0.918633 0.982705 0.996515 0.999306 0.999862
 0.918633 0.982705 0.996515 0.999306 0.999862
 0.918633 0.982705 0.996515 0.999306 0.999862
 0.918633 0.982705 0.996515 0.999306 0.999862
Sel_pelaces
 0.549291 0.859814 0.96862 0.993604 0.998723
 0.549291 0.859814 0.96862 0.993604 0.998723
 0.549291 0.859814 0.96862 0.993604 0.998723
 0.549291 0.859814 0.96862 0.993604 0.998723
 0.549291 0.859814 0.96862 0.993604 0.998723
 0.549291 0.859814 0.96862 0.993604 0.998723
 0.549291 0.859814 0.96862 0.993604 0.998723
 0.549291 0.859814 0.96862 0.993604 0.998723
 0.549291 0.859814 0.96862 0.993604 0.998723
 0.549291 0.859814 0.96862 0.993604 0.998723
 0.549291 0.859814 0.96862 0.993604 0.998723
 0.549291 0.859814 0.96862 0.993604 0.998723
 0.549291 0.859814 0.96862 0.993604 0.998723
 0.549291 0.859814 0.96862 0.993604 0.998723
 0.549291 0.859814 0.96862 0.993604 0.998723
 0.549291 0.859814 0.96862 0.993604 0.998723
 0.549291 0.859814 0.96862 0.993604 0.998723
 0.549291 0.859814 0.96862 0.993604 0.998723
 0.549291 0.859814 0.96862 0.993604 0.998723
 0.549291 0.859814 0.96862 0.993604 0.998723
 0.549291 0.859814 0.96862 0.993604 0.998723
 0.549291 0.859814 0.96862 0.993604 0.998723
 0.549291 0.859814 0.96862 0.993604 0.998723
 0.549291 0.859814 0.96862 0.993604 0.998723
 0.549291 0.859814 0.96862 0.993604 0.998723
 0.549291 0.859814 0.96862 0.993604 0.998723
 0.549291 0.859814 0.96862 0.993604 0.998723
 0.549291 0.859814 0.96862 0.993604 0.998723
 0.549291 0.859814 0.96862 0.993604 0.998723
 0.549291 0.859814 0.96862 0.993604 0.998723
 0.549291 0.859814 0.96862 0.993604 0.998723
pf_obs 
 0.8446 0.082 0.0669 0.0065 0
 0.8095 0.147 0.0364 0.0071 0
 0.9664 0.0169 0.016 0.0007 0
 0.9276 0.0648 0.0075 0.0001 0
 0.7033 0.2144 0.0806 0.0017 0
 0.9318 0.0425 0.0243 0.0014 0
 0.5671 0.3108 0.0964 0.0239 0.0018
 0.0768 0.2599 0.5324 0.112 0.0189
 0.490249 0.384438 0.106611 0.0170017 0.00170017
 0.7925 0.1577 0.0466 0.003 0.0002
 0.840416 0.127587 0.0312969 0.00059994 9.999e-05
 0.8084 0.0986 0.0794 0.0134 0.0002
 0.7335 0.1905 0.0724 0.0035 0.0001
 0.4001 0.4547 0.1325 0.0127 0
 0.49795 0.308269 0.164784 0.0264974 0.00249975
 0.9179 0.0499 0.0305 0.0017 0
 0.2467 0.6533 0.0926 0.0074 0
 0.9418 0.0223 0.034 0.0019 0
 0.707729 0.231977 0.0356964 0.0245975 0
 0.517169 0.277429 0.184464 0.0207286 0.00020938
 0.811772 0.124168 0.05621 0.00726502 0.000585176
 0.764997 0.148141 0.077277 0.00933861 0.000247198
 0.163321 0.427699 0.378323 0.0303852 0.000271297
 0.753843 0.0900009 0.118128 0.0371064 0.000921714
 0.721811 0.176058 0.0630433 0.0369309 0.00215725
 0.143369 0.312575 0.442814 0.0836902 0.0175525
 0.692698 0.0596174 0.167031 0.0765114 0.00414204
 0.394062 0.376323 0.152708 0.0712218 0.00568511
 0.125707 0.32114 0.495352 0.0537591 0.00404204
 0.23352 0.215282 0.420074 0.123614 0.00750983
 0.774587 0.0839891 0.0768558 0.0609784 0.00358967
pf_pred 
 0.512367 0.177613 0.282031 0.027988 9.92822e-07
 0.515946 0.310866 0.0645589 0.0988388 0.00978964
 0.662062 0.223861 0.0744382 0.0147982 0.024841
 0.709597 0.227517 0.0422818 0.0134557 0.00714783
 0.708124 0.243752 0.0381501 0.00671288 0.00326132
 0.878255 0.0982482 0.0197481 0.00297321 0.000775687
 0.40618 0.550257 0.0354249 0.00684221 0.00129609
 0.434651 0.329185 0.219693 0.0134014 0.00306972
 0.622952 0.211104 0.0980137 0.0632014 0.00472958
 0.812533 0.144587 0.0245661 0.0108292 0.00748442
 0.894903 0.0960758 0.00706852 0.00112033 0.000831983
 0.811495 0.176136 0.0113417 0.000804713 0.000221818
 0.751668 0.222875 0.0238683 0.00145687 0.000131476
 0.72324 0.237565 0.0353608 0.00359587 0.000238622
 0.816031 0.159573 0.021148 0.00293111 0.000316619
 0.963521 0.0331974 0.00287023 0.000357069 5.46476e-05
 0.358961 0.629103 0.0109119 0.000895836 0.000128141
 0.948956 0.0260673 0.0245321 0.000406334 3.80353e-05
 0.600928 0.387611 0.00597392 0.00538989 9.74091e-05
 0.667485 0.246191 0.0839592 0.00123408 0.00113066
 0.775132 0.178537 0.0347236 0.0112904 0.00031716
 0.799263 0.173412 0.0218926 0.00407366 0.00135851
 0.288477 0.628381 0.0722841 0.00870431 0.00215422
 0.800758 0.0829897 0.103153 0.0113914 0.00170742
 0.640196 0.315239 0.0189909 0.0226976 0.00287612
 0.430473 0.429677 0.123131 0.00713315 0.00958544
 0.775594 0.126424 0.074605 0.020588 0.00278958
 0.717851 0.242175 0.0229115 0.0129985 0.00406444
 0.32783 0.544709 0.109977 0.0100297 0.00745453
 0.41927 0.261811 0.260232 0.0506512 0.00803638
 0.879495 0.0688281 0.0238567 0.0227108 0.00510977
pobs_RECLAS
 0 0 0 0 0
 0 0 0 0 0
 0 0 0 0 0
 0 0 0 0 0
 0 0 0 0 0
 0 0 0 0 0
 0 0 0 0 0
 0 0 0 0 0
 0 0 0 0 0
 0 0 0 0 0
 0.991045 0.00858322 0.000360255 1.14367e-05 0
 0.934742 0.0480273 0.0164251 0.00080598 0
 0.827803 0.169806 0.00239088 0 0
 0.941827 0.0461693 0.0120037 0 0
 0.791401 0.0380133 0.147996 0.0225897 0
 0.846168 0.0940531 0.0597789 0 0
 0.134021 0.677848 0.182769 0.00536245 0
 0.80878 0.0450904 0.141981 0.00414843 0
 0.846168 0.0940531 0.0597789 0 0
 0.905697 0.0802665 0.012482 0.00150086 5.37128e-05
 0.989698 0.0102097 9.19794e-05 0 0
 0.975433 0.0193895 0.00387452 0.00125025 5.28907e-05
 0.303575 0.632131 0.0575291 0.00676475 0
 0.966965 0.00978017 0.0227588 0.000495775 0
 0.843318 0.132988 0.00938335 0.0141283 0.000182051
 0.564624 0.303363 0.111486 0.0197234 0.00080311
 0.826376 0.0876187 0.0782897 0.00655872 0.00115652
 0.89761 0.0855135 0.0140674 0.00269457 0.000114338
 0.34875 0.467042 0.161289 0.0227151 0.000203297
 0.318654 0.224769 0.449479 0.00709798 0
 0.937255 0.0296025 0.0250945 0.00804832 0
ppred_RECLAS
 0.613525 0.142381 0.222036 0.0220581 7.82834e-07
 0.620282 0.245532 0.0499884 0.076607 0.00759116
 0.750086 0.166632 0.0543196 0.0108093 0.0181534
 0.794741 0.161604 0.0293424 0.00934534 0.0049666
 0.785236 0.179893 0.0276361 0.00486796 0.0023661
 0.915957 0.0680651 0.0134264 0.00202355 0.000528172
 0.518808 0.446632 0.0280984 0.0054315 0.00102933
 0.535086 0.272683 0.178809 0.0109195 0.00250239
 0.72227 0.156986 0.0712902 0.046009 0.00344457
 0.879172 0.0937913 0.0154849 0.00682946 0.00472213
 0.927144 0.0667028 0.00482003 0.000764783 0.000568212
 0.87121 0.120517 0.00758555 0.000538651 0.000148546
 0.825411 0.157043 0.0164504 0.00100496 9.07343e-05
 0.814767 0.159649 0.0230801 0.00234814 0.00015589
 0.878554 0.105702 0.0136466 0.00189263 0.000204532
 0.97636 0.0215558 0.00182269 0.000226944 3.47484e-05
 0.462052 0.528131 0.0089742 0.000737454 0.000105534
 0.966031 0.017512 0.0161636 0.000267994 2.50975e-05
 0.698647 0.292869 0.00442043 0.00399197 7.21783e-05
 0.756636 0.18116 0.0604979 0.000890053 0.000815837
 0.840641 0.127036 0.0242185 0.00788236 0.000221527
 0.860025 0.121259 0.014992 0.00279222 0.000931597
 0.380334 0.548462 0.0618959 0.00746102 0.00184737
 0.859369 0.0592132 0.072235 0.00798537 0.00119746
 0.728407 0.238483 0.0141006 0.0168705 0.00213872
 0.532201 0.3545 0.0997385 0.00578416 0.0077763
 0.839842 0.0909569 0.0526768 0.0145519 0.00197263
 0.792248 0.178761 0.0166077 0.00943232 0.00295071
 0.42238 0.469671 0.0931253 0.00850202 0.00632206
 0.525873 0.216044 0.210549 0.0410217 0.00651156
 0.917982 0.047231 0.0160502 0.0152944 0.00344272
pobs_PELACES
 0 0 0 0 0
 0 0 0 0 0
 0 0 0 0 0
 0 0 0 0 0
 0 0 0 0 0
 0 0 0 0 0
 0 0 0 0 0
 0 0 0 0 0
 0 0 0 0 0
 0 0 0 0 0
 0 0 0 0 0
 0 0 0 0 0
 0 0 0 0 0
 0 0 0 0 0
 0 0 0 0 0
 0 0 0 0 0
 0.505614 0.472636 0.0217494 0 0
 0 0 0 0 0
 0.443492 0.261883 0.143347 0.151278 0
 0.227955 0.32914 0.350689 0.0885471 0.00366901
 0.970185 0.0296113 0.000203453 0 0
 0.997202 0.00247181 0.000326279 0 0
 0.445219 0.490057 0.0546422 0.010081 0
 0.90214 0.0892962 0.00764917 0.000914606 0
 0 0 0 0 0
 0.581667 0.319106 0.0959925 0.00289975 0.000334073
 0.762889 0.0836404 0.116647 0.0363945 0.000428098
 0.88444 0.0763242 0.0277011 0.0115352 0
 0.521256 0.241999 0.230069 0.00667565 0
 0.616807 0.101726 0.260614 0.0208532 0
 0.833518 0.0704572 0.0857862 0.0102388 0
ppred_PELACES
 0.514666 0.167279 0.288719 0.0293344 1.04584e-06
 0.538555 0.286364 0.064297 0.100754 0.0100296
 0.682877 0.203796 0.0732669 0.014908 0.0251514
 0.749436 0.192931 0.0384374 0.0125143 0.00668106
 0.722328 0.228471 0.0387991 0.00698907 0.00341263
 0.885939 0.0904975 0.019726 0.00304027 0.000797181
 0.457376 0.499981 0.0345227 0.00682187 0.00129871
 0.43668 0.316036 0.229639 0.0143431 0.00330205
 0.658422 0.184335 0.091987 0.0606914 0.00456454
 0.858124 0.107685 0.0193857 0.008737 0.00606849
 0.899769 0.0908992 0.00727149 0.00117998 0.000880708
 0.84051 0.148292 0.010248 0.000743926 0.00020609
 0.784069 0.192288 0.0221353 0.00138244 0.000125385
 0.787863 0.180538 0.0284447 0.00295721 0.000197216
 0.854723 0.124879 0.0176276 0.00249863 0.00027125
 0.969536 0.0275302 0.00255773 0.000325571 5.0077e-05
 0.392843 0.594951 0.0111362 0.000935663 0.000134511
 0.952323 0.0233987 0.0238362 0.000404124 3.80191e-05
 0.637052 0.351613 0.00584283 0.00539484 9.79886e-05
 0.697537 0.219459 0.0806722 0.00121347 0.00111736
 0.79391 0.160741 0.0337878 0.0112444 0.000317458
 0.821481 0.152487 0.0207557 0.0039524 0.0013247
 0.307645 0.605307 0.0754364 0.00929869 0.00231292
 0.806784 0.0765632 0.103226 0.0116696 0.00175795
 0.657397 0.296502 0.0193755 0.0237064 0.0030191
 0.443718 0.410673 0.127794 0.00757927 0.0102363
 0.78439 0.116836 0.0747734 0.0211235 0.00287658
 0.728646 0.229712 0.0236152 0.0137168 0.00431069
 0.338625 0.526897 0.115619 0.0107954 0.00806416
 0.43749 0.24211 0.260279 0.0518533 0.00826854
 0.887986 0.061458 0.0230354 0.0224451 0.00507542
pobs_pel_tallas
 0 0 0 0 0 0 0 0 0 0 0 0 0 0 0 0 0 0 0 0 0 0 0 0 0 0
 0 0 0 0 0 0 0 0 0 0 0 0 0 0 0 0 0 0 0 0 0 0 0 0 0 0
 0 0 0 0 0 0 0 0 0 0 0 0 0 0 0 0 0 0 0 0 0 0 0 0 0 0
 0 0 0 0 0 0 0 0 0 0 0 0 0 0 0 0 0 0 0 0 0 0 0 0 0 0
 0 0 0 0 0 0 0 0 0 0 0 0 0 0 0 0 0 0 0 0 0 0 0 0 0 0
 0 0 0 0 0 0 0 0 0 0 0 0 0 0 0 0 0 0 0 0 0 0 0 0 0 0
 0 0 0 0 0 0 0 0 0 0 0 0 0 0 0 0 0 0 0 0 0 0 0 0 0 0
 0 0 0 0 0 0 0 0 0 0 0 0 0 0 0 0 0 0 0 0 0 0 0 0 0 0
 0 0 0 0 0 0 0 0 0 0 0 0 0 0 0 0 0 0 0 0 0 0 0 0 0 0
 0 0 0 0 0 0 0 0 0 0 0 0 0 0 0 0 0 0 0 0 0 0 0 0 0 0
 0 0 0 0 0 0 0 0 0 0 0 0 0 0 0 0 0 0 0 0 0 0 0 0 0 0
 0 0 0 0 0 0 0 0 0 0 0 0 0 0 0 0 0 0 0 0 0 0 0 0 0 0
 0.00862536 0 0 0.000197151 0.00414017 0.0128641 0.00837892 0.0270097 0.101434 0.158115 0.152841 0.127902 0.109271 0.109419 0.0830992 0.0579132 0.0238553 0.00714673 0.00463305 0.00128148 0.00103504 0.000492878 0.000147863 0.000147863 4.92878e-05 0
 0 0 0 0 0 0 0 0 0 0 0 0 0 0 0 0 0 0 0 0 0 0 0 0 0 0
 0 0 0 0 0 0 0 0.0054083 0.00873648 0.0413646 0.0450493 0.0745869 0.0622846 0.0627006 0.0613931 0.0827291 0.12552 0.122667 0.0946155 0.0697135 0.0546179 0.0294188 0.0215738 0.0213955 0.0102223 0.00600262
 0 0 0 0 0.00359764 0.0251062 0.0480494 0.140153 0.205849 0.193036 0.1447 0.116669 0.0760912 0.0342217 0.00950174 0.001854 0.000860785 0 0 0 0.000165536 0 0.000143464 0 0 0
 0 0 0 0 0 0 0 0.000145254 0.000435761 0.0275982 0.070085 0.0708112 0.156366 0.174668 0.174014 0.160142 0.0824315 0.0480064 0.0283245 0.00493863 0.00203355 0 0 0 0 0
 0 0 0 0 0 0 0 0 0 0 0 0 0 0 0 0 0 0 0 0 0 0 0 0 0 0
 0 0 1.00437e-05 0.000401748 0.00122533 0.00171747 0.00176769 0.0269171 0.070346 0.194647 0.189555 0.159765 0.064822 0.0314167 0.0384472 0.0292271 0.0345202 0.0313363 0.0194345 0.0106764 0.0143323 0.0359363 0.0279516 0.0138201 0.00172751 0
 0 0.0021121 0.0136068 0.0755702 0.200478 0.177729 0.0527432 0.0373336 0.0318909 0.0142505 0.0149659 0.0166563 0.0217959 0.0798694 0.0677717 0.0528807 0.04013 0.0224614 0.0357745 0.0225083 0.00881397 0.00855152 0.00135912 0.000746735 0 0
 0 0 0 0 5.4009e-05 0.00500934 0.000945158 0.0243581 0.138947 0.33067 0.221406 0.137944 0.0707744 0.0437923 0.0131692 0.00525238 0.0047753 0.00276346 9.45158e-05 9.00151e-06 2.25038e-05 9.00151e-06 4.50075e-06 0 0 0
 0.000866109 0.00284123 0.00948549 0.0512746 0.133035 0.25785 0.225252 0.132002 0.0553304 0.0519788 0.0540692 0.017754 0.00435017 0.00159236 0.00146478 0.000404838 0.000125132 0.000115318 0.000107957 0.000100596 0 0 0 0 0 0
 0 0 0 0 0.00144013 0.00171154 0.00461396 0.0210425 0.0478622 0.0707936 0.0888783 0.103762 0.0637923 0.0337046 0.0602308 0.124433 0.169614 0.0934646 0.0462172 0.0250306 0.0313229 0.00938855 0.002487 0.000210481 0 0
 0 0.00764035 0.051015 0.0998891 0.058973 0.0496711 0.0374665 0.0718981 0.12319 0.153886 0.159021 0.0857701 0.0377988 0.023471 0.0147837 0.00900784 0.00315554 0.000888139 0.00291439 0.00214683 0.00393193 0.00274676 0.000635225 9.99891e-05 0 0
 0 0 0 0 0 0 0 0 0 0 0 0 0 0 0 0 0 0 0 0 0 0 0 0 0 0
 0 0 0 0 0 0 0 0 0 0 0 0 0 0 0 0 0 0 0 0 0 0 0 0 0 0
 0 0 0 0 0 0 0 0 0 0 0 0 0 0 0 0 0 0 0 0 0 0 0 0 0 0
 0 0 0 0 0 0 0 0 0 0 0 0 0 0 0 0 0 0 0 0 0 0 0 0 0 0
 0 0 0 0 0 0 0 0 0 0 0 0 0 0 0 0 0 0 0 0 0 0 0 0 0 0
 0 0 0 0 0 0 0 0 0 0 0 0 0 0 0 0 0 0 0 0 0 0 0 0 0 0
 0 0 0 0 0 0 0 0 0 0 0 0 0 0 0 0 0 0 0 0 0 0 0 0 0 0
ppred_pel_tallas
 1.11317e-16 4.23924e-05 0.000412069 0.00273835 0.0124481 0.0387308 0.0825208 0.120445 0.120461 0.0826018 0.0390041 0.0132426 0.00475273 0.00487579 0.0087139 0.0148443 0.0225553 0.0308097 0.0384903 0.044947 0.0501281 0.0541151 0.056541 0.0565322 0.0532848 0.0467622
 1.13731e-16 4.43602e-05 0.000431196 0.00286545 0.013026 0.0405287 0.0863517 0.126039 0.126066 0.086487 0.0409831 0.0143392 0.00616593 0.00764972 0.0137952 0.0228502 0.0331951 0.0423775 0.0479663 0.0489471 0.0463498 0.0424986 0.0394736 0.0379831 0.0373369 0.0362492
 1.07918e-16 5.62478e-05 0.000546748 0.00363334 0.0165166 0.0513895 0.109491 0.15981 0.15983 0.109588 0.0517133 0.0174531 0.00598768 0.00569895 0.0098787 0.0163417 0.0237708 0.0303946 0.0344464 0.0351272 0.0330568 0.0297802 0.0267406 0.0245388 0.0229231 0.0212867
 1.03545e-16 6.17301e-05 0.000600039 0.00398747 0.0181265 0.0563983 0.120163 0.175386 0.175404 0.120254 0.0567038 0.0190092 0.00620419 0.00544262 0.00926894 0.015253 0.0220317 0.0278453 0.0309435 0.0305254 0.0272051 0.0225692 0.0181928 0.0148871 0.0126179 0.0109193
 1.02457e-16 5.94973e-05 0.000578335 0.00384324 0.0174708 0.0543583 0.115817 0.169043 0.169065 0.115925 0.0547198 0.0185151 0.00646494 0.00630312 0.0109365 0.0179982 0.025949 0.0326888 0.036114 0.0352484 0.0308113 0.0247065 0.0188639 0.0143402 0.0112009 0.00897988
 1.01033e-16 7.29736e-05 0.00070933 0.00471375 0.021428 0.0666705 0.142049 0.207326 0.207335 0.142092 0.0668139 0.0218421 0.00575375 0.00298136 0.00439287 0.00715952 0.0103359 0.0130581 0.014496 0.0142624 0.012631 0.0103331 0.00810345 0.00633559 0.00504538 0.00405887
 1.02029e-16 3.76735e-05 0.0003662 0.00243353 0.0110625 0.0344198 0.0733369 0.107047 0.107096 0.073572 0.0352092 0.0133417 0.00815174 0.0128393 0.0236975 0.0390413 0.0560582 0.0701171 0.0765201 0.0730959 0.0615075 0.0461628 0.0316394 0.0206104 0.013455 0.00918125
 1.08705e-16 3.59688e-05 0.00034963 0.00232341 0.0105619 0.0328622 0.0700175 0.102199 0.10223 0.0701679 0.0333679 0.0120263 0.00601297 0.00844927 0.015551 0.025996 0.0382425 0.0497448 0.0578603 0.0612587 0.0605255 0.0574064 0.0533977 0.0489113 0.0435482 0.0369535
 1.09561e-16 5.42334e-05 0.000527168 0.00350322 0.0159251 0.0495491 0.10557 0.154087 0.154104 0.105658 0.0498431 0.0167761 0.0056453 0.00522394 0.00903554 0.0150146 0.0220119 0.0285121 0.0330122 0.0348497 0.034557 0.033372 0.0323103 0.031561 0.0305902 0.0287073
 1.02491e-16 7.06826e-05 0.00068706 0.00456575 0.0207553 0.0645774 0.137589 0.200818 0.200828 0.13764 0.0647479 0.0212478 0.00580258 0.00338874 0.00520677 0.00850982 0.0122857 0.0155244 0.0172509 0.0170268 0.0152086 0.0126967 0.0103793 0.00870431 0.0076298 0.00685848
 1.00501e-16 7.41128e-05 0.000720403 0.00478733 0.0217625 0.0677113 0.144266 0.210563 0.210572 0.144309 0.0678548 0.022177 0.00582731 0.00298919 0.0043785 0.00710955 0.0102068 0.0127771 0.0139644 0.0133755 0.0113117 0.00857053 0.00597787 0.00401222 0.00273617 0.0019659
 1.00444e-16 6.92317e-05 0.000672957 0.00447204 0.0203292 0.0632519 0.134765 0.196697 0.196711 0.134835 0.063486 0.0210052 0.0061679 0.00437204 0.00708555 0.0115807 0.0166201 0.0207819 0.0226665 0.0216266 0.018153 0.0135524 0.00918587 0.00585371 0.0036792 0.00237918
 1.00848e-16 6.45828e-05 0.000627768 0.00417174 0.0189641 0.0590045 0.125716 0.18349 0.183509 0.125807 0.0593084 0.0198416 0.00637392 0.00543343 0.00918622 0.0150705 0.0216697 0.0271766 0.0297915 0.0286763 0.0244469 0.0187531 0.0133001 0.00907226 0.00620382 0.00434145
 1.01198e-16 6.48953e-05 0.000630805 0.00419192 0.0190559 0.05929 0.126324 0.184378 0.184395 0.126409 0.0595756 0.0198807 0.00626243 0.00515112 0.00865081 0.0142011 0.0204553 0.0257294 0.0283477 0.0275278 0.0238327 0.0187731 0.0138953 0.0100693 0.00738786 0.00551994
 1.00838e-16 7.04024e-05 0.000684337 0.00454766 0.020673 0.0643215 0.137044 0.200022 0.200034 0.137103 0.0645189 0.0212433 0.00597917 0.00380914 0.00600435 0.00981318 0.0141247 0.0177507 0.0195287 0.0189184 0.0163153 0.0127748 0.00937896 0.00673846 0.00491871 0.0036825
 1.00123e-16 7.98594e-05 0.000776262 0.00515853 0.02345 0.0729615 0.155452 0.226888 0.22689 0.155465 0.073005 0.0235755 0.00547362 0.00146372 0.00138432 0.00215914 0.00309535 0.00387691 0.00424125 0.00406847 0.00344846 0.00262058 0.00183268 0.00122844 0.00082754 0.000577076
 1.00591e-16 3.23581e-05 0.000314532 0.00209018 0.00950169 0.0295636 0.0629904 0.0919484 0.0920056 0.06327 0.0305019 0.0122102 0.00888313 0.015124 0.0281006 0.0462533 0.0662704 0.0825864 0.0895517 0.0845622 0.0696519 0.0502136 0.0319101 0.0181416 0.00950121 0.00482106
 1.00741e-16 7.84416e-05 0.00076248 0.00506695 0.0230336 0.0716661 0.152692 0.222859 0.222862 0.152704 0.0717038 0.0231428 0.00534248 0.00136892 0.00124463 0.00197095 0.00291832 0.00384896 0.00457111 0.00498467 0.00511532 0.00505753 0.00487863 0.00457346 0.00410076 0.00345306
 1.00817e-16 5.24732e-05 0.000510058 0.00338952 0.0154083 0.047941 0.102145 0.14909 0.149124 0.10231 0.0484956 0.0170091 0.0074043 0.00926301 0.0166426 0.0273431 0.0391793 0.0488401 0.0529929 0.0501086 0.0413991 0.0300556 0.0194172 0.011471 0.00653287 0.00387541
 1.02695e-16 5.74553e-05 0.000558486 0.00371134 0.0168712 0.0524927 0.111842 0.163241 0.163262 0.111946 0.0528413 0.017879 0.00624447 0.00609986 0.010615 0.0175444 0.0254668 0.0324334 0.0364735 0.036636 0.0334954 0.0286578 0.0237045 0.019434 0.0158502 0.0126419
 1.02198e-16 6.53933e-05 0.000635647 0.0042241 0.0192021 0.059745 0.127294 0.185792 0.185808 0.12737 0.0599996 0.0199377 0.00607138 0.00467139 0.00773915 0.0127149 0.0183664 0.0232151 0.0257973 0.0254355 0.0226254 0.0186706 0.0148698 0.0119002 0.00975637 0.0080937
 1.01259e-16 6.76643e-05 0.000657721 0.00437079 0.019869 0.0618199 0.131714 0.192244 0.192259 0.131786 0.0620609 0.0205653 0.00611862 0.00447296 0.0073126 0.0119796 0.0172445 0.0216718 0.0238454 0.0231097 0.0199534 0.015671 0.0115863 0.00844176 0.00630588 0.00487224
 1.03656e-16 2.53404e-05 0.000246318 0.00163687 0.00744102 0.0231521 0.0493301 0.0720109 0.0720693 0.0496151 0.0241088 0.0102042 0.00857181 0.0153818 0.0287597 0.0474769 0.0683202 0.0857624 0.0941694 0.090919 0.077949 0.0604283 0.0436736 0.0307169 0.0219159 0.0161151
 1.04467e-16 6.64537e-05 0.000645954 0.00429259 0.0195135 0.0607138 0.129357 0.188802 0.18881 0.129394 0.0608379 0.0198739 0.00520419 0.00265926 0.00395822 0.00661615 0.00993779 0.013358 0.01632 0.0185241 0.0200162 0.0209821 0.0214492 0.021191 0.0199175 0.0175582
 1.03524e-16 5.4149e-05 0.000526347 0.00349776 0.0159003 0.049472 0.105406 0.15385 0.153878 0.105546 0.0499403 0.0172524 0.00689038 0.00792809 0.0140989 0.0231912 0.0333318 0.0417756 0.0457733 0.0440837 0.0377336 0.0293479 0.0215981 0.0159606 0.0125004 0.0104624
 1.06286e-16 3.65485e-05 0.000355265 0.00236086 0.0107322 0.0333919 0.0711465 0.103849 0.103888 0.0713405 0.0340436 0.0126156 0.00709378 0.010704 0.0197397 0.032703 0.0474004 0.0602158 0.0674548 0.0673664 0.0611089 0.0518197 0.0425967 0.0350154 0.0290513 0.0239701
 1.04793e-16 6.46092e-05 0.000628025 0.00417345 0.0189719 0.0590286 0.125767 0.183563 0.183575 0.125823 0.0592154 0.0195126 0.0055354 0.00361684 0.005787 0.0095857 0.0140859 0.0183098 0.0212949 0.0225855 0.0224519 0.0215947 0.0205933 0.0195668 0.0182644 0.0164056
 1.02846e-16 6.00176e-05 0.000583393 0.00387685 0.0176236 0.0548337 0.11683 0.170521 0.170543 0.116938 0.0551967 0.018672 0.00650798 0.00632561 0.0109611 0.018015 0.0259213 0.0325501 0.0357778 0.0346381 0.0299033 0.0235672 0.0176545 0.0132783 0.0104886 0.00873242
 1.05919e-16 2.78922e-05 0.000271122 0.0018017 0.00819032 0.0254834 0.0542969 0.0792586 0.0793095 0.0545454 0.0263179 0.0106014 0.00785667 0.0134988 0.0251775 0.0416515 0.060164 0.075999 0.0843405 0.0829292 0.0733539 0.0598737 0.0467802 0.0363867 0.0288137 0.0230706
 1.14173e-16 3.60355e-05 0.000350278 0.00232772 0.0105815 0.0329231 0.070147 0.102387 0.10241 0.070263 0.0333136 0.0117141 0.00518839 0.00665398 0.0121807 0.020532 0.03063 0.0407301 0.049017 0.0545771 0.0577418 0.0594378 0.0601496 0.059457 0.0564868 0.0507647
 1.03791e-16 7.31423e-05 0.000710969 0.00472464 0.0214775 0.0668246 0.142377 0.207805 0.207811 0.142406 0.0669224 0.0217605 0.0054365 0.00227033 0.00305082 0.00497143 0.00725996 0.00936009 0.0107662 0.0112696 0.011078 0.0106493 0.0103667 0.0103147 0.0102958 0.0100185
pSPR Fmed_Fpbrs
0.350327   0.257643 0.257643
Fs Fmed_Fpbrs
0.730939   1.005 1.005
SSBpbr Bo_Bmed_Bpbrs
1.2003e+06  360482  249234 249234
Ro
99266.2
SPR SPRFo_SPRFmed_SPRFpbrs
709547 248573 182810
Fref
1.005
Nvult_r0
 109134 6377.76 2171.16 2064.89 464.563
CTP_r0
 33495.2 2621.29 908.573 864.931 194.603
YTP_r0
391227
Np
 114374 33759.7 1429.37 473.807 530.472
Nvult_p0
 91679.8 29065.1 1236.55 409.999 459.038
CTP_p0
 34995.6 14332.6 619.281 205.501 230.091
YTP_p0
 522572
CBA_c0
430631
log_Ro
11.3256
likeval ReclasPelacesDesembMPH_pf_preclas_ppelaces_ptallas_desvR_qrecl_qpela
 12.1037 16.2477 0.0233038 0.000836091 247.793 116.703 102.688 0 27.2884 4.32705e-05 0.000122044 0.0099822 0 0 0
q_reclas_q_pelaces
2.53992 4.81484
M
1
N
 127527 29563.9 45723.3 4531.08 0.16072
 88443.2 37255.7 7563.23 11565.2 1145.42
 87748.5 20741.6 6742.02 1338.68 2247.04
 86973.3 20587.6 3756.1 1194.17 634.323
 63851.9 14933.1 2279.4 400.548 194.584
 226546 17299.9 3392.61 510.11 133.074
 60126.5 59984.3 3790.43 731.385 138.535
 21039.5 10487.1 6807.86 414.668 94.9767
 26830.5 6613.33 3010.95 1939.51 145.132
 36342.9 5045.12 844.973 372.197 257.228
 59203.6 4238.07 303.621 48.0543 35.6836
 110116 17535 1107.94 78.5314 21.6459
 91199.9 19656.6 2064.14 125.859 11.3576
 66914 17212.7 2526.23 256.704 17.0342
 50724.7 7567.31 986.991 136.681 14.7637
 278743 6994.72 593.09 73.7066 11.2798
 41873.5 52003 882.689 72.383 10.3531
 480064 9135.99 8398.6 138.935 13.0044
 256666 118023 1780.9 1604.98 29.0044
 205644 54173.3 18090.7 265.61 243.337
 266037 42951.9 8167.76 2652.57 74.5091
 397838 61540.8 7606.64 1413.81 471.461
 55996.3 83923.8 9424.87 1133.47 280.503
 201926 14255.9 17285.1 1906.29 285.709
 161059 54012.6 3174.01 3788.51 480.026
 64041.9 43129.3 12046.8 696.934 936.464
 161348 17943.2 10330.3 2846.98 385.727
 189358 42836.8 3948.15 2236.81 699.363
 49110.7 54624.4 10742.7 978.344 727.098
 32803.8 14280.9 13872.8 2696.88 427.862
 142893 7807.13 2644.97 2514.86 565.79
pred_Ctot
 16911.2 5862.3 9308.71 923.772 0.0327691
 21017.8 12663.6 2629.9 4026.35 398.796
 20836.1 7045.27 2342.69 465.722 781.786
 31155.2 9989.25 1856.4 590.779 313.829
 10903.7 3753.28 587.434 103.365 50.2176
 41220.4 4611.23 926.867 139.546 36.4065
 21213.9 28738.8 1850.17 357.354 67.6918
 1960.97 1485.15 991.168 60.4615 13.8494
 8749.01 2964.83 1376.55 887.629 66.4243
 17164.6 3054.37 518.953 228.764 158.107
 7423.79 797.009 58.6378 9.29383 6.90183
 37962.1 8239.73 530.569 37.6448 10.3767
 29614.5 8780.91 940.373 57.3983 5.17994
 32118.1 10549.9 1570.32 159.688 10.5969
 21658.2 4235.2 561.286 77.7942 8.40334
 91694.5 3159.27 273.149 33.9809 5.2006
 11234.1 19688.5 341.499 28.0361 4.01032
 104001 2856.85 2688.59 44.5322 4.16848
 72321.4 46648.8 718.959 648.671 11.7231
 58806 21689.6 7396.87 108.723 99.6121
 64806.6 14927 2903.14 943.956 26.5169
 112187 24340.7 3072.92 571.793 190.686
 11230.9 24464 2814.15 338.874 83.8677
 35746.2 3704.69 4604.81 508.516 76.22
 28424.4 13996.4 843.185 1007.76 127.698
 9866.86 9848.62 2822.28 163.499 219.708
 29147.3 4751.08 2803.7 773.709 104.834
 26353.8 8890.74 841.129 477.203 149.214
 6631.1 11018 2224.53 202.873 150.785
 7583.53 4735.49 4706.94 916.153 145.358
 33495.2 2621.29 908.573 864.931 194.603
F
 0.230523 0.363254 0.374606 0.375223 0.375255
 0.450218 0.709444 0.731615 0.732821 0.732884
 0.449784 0.708761 0.730911 0.732115 0.732178
 0.762021 1.20078 1.2383 1.24034 1.24045
 0.305868 0.48198 0.497042 0.497861 0.497904
 0.328866 0.51822 0.534415 0.535295 0.535342
 0.7463 1.176 1.21276 1.21475 1.21486
 0.157315 0.247895 0.255642 0.256063 0.256085
 0.67112 1.05754 1.09059 1.09238 1.09248
 1.14889 1.8104 1.86697 1.87005 1.87021
 0.216785 0.341606 0.352282 0.352862 0.352893
 0.723123 1.13948 1.17509 1.17703 1.17713
 0.667403 1.05168 1.08455 1.08633 1.08643
 1.17957 1.85874 1.91683 1.91999 1.92016
 0.981258 1.54625 1.59457 1.5972 1.59733
 0.678989 1.06994 1.10337 1.10519 1.10529
 0.522431 0.823237 0.848964 0.850362 0.850436
 0.403041 0.635104 0.654952 0.656031 0.656088
 0.555587 0.875483 0.902843 0.90433 0.904409
 0.566064 0.891992 0.919868 0.921384 0.921464
 0.463934 0.731058 0.753905 0.755147 0.755212
 0.556136 0.876348 0.903735 0.905224 0.905302
 0.368112 0.580064 0.598191 0.599177 0.599229
 0.318686 0.502179 0.517872 0.518726 0.518771
 0.31757 0.500421 0.51606 0.51691 0.516955
 0.272326 0.429126 0.442536 0.443265 0.443304
 0.326165 0.513965 0.530027 0.5309 0.530946
 0.24316 0.383167 0.395142 0.395793 0.395827
 0.235156 0.370554 0.382135 0.382764 0.382797
 0.435507 0.686263 0.707709 0.708875 0.708937
 0.442832 0.697805 0.719613 0.720798 0.720861
nmprior
 8.19 8.8 8.5 0
nm_flota  nm_reclas  nm_pelaces    nm_pelaL
inf 19.0937 11.3826 23.6109
cv_recla  cv_pelaces  cv_mph
0.314691 0.457055 0.892344
 ------------------------------------------------
Talla a la edad & desviaci?n 
 8 13.2811 15.8009 17.003 17.5766
 0.8 1.32811 1.58009 1.7003 1.75766
