years
 1991 1992 1993 1994 1995 1996 1997 1998 1999 2000 2001 2002 2003 2004 2005 2006 2007 2008 2009 2010 2011 2012 2013 2014 2015 2016 2017 2018 2019 2020 2021
reclasobs
 0 0 0 0 0 0 0 0 0 252601 567819 844713 477998 351125 339783 2.1784e+06 2.13404e+06 4.81314e+06 1.55562e+06 2.62356e+06 3.21686e+06 3.843e+06 1.13348e+06 3.07943e+06 1.97215e+06 2.03268e+06 2.025e+06 2.42433e+06 2.27542e+06 1.05018e+06 2.36338e+06
reclaspred
 3.19631e+06 1.75217e+06 887769 906516 915528 1.56637e+06 892765 769122 546976 375333 500559 677909 665730 493405 485782 1.35324e+06 1.20792e+06 3.09287e+06 2.45833e+06 1.79185e+06 3.1116e+06 2.53799e+06 1.9383e+06 3.05572e+06 2.27245e+06 2.00194e+06 2.41065e+06 2.62554e+06 2.09635e+06 1.26513e+06 1.87178e+06
pelacesobs
 0 0 0 0 0 0 0 0 0 0 0 0 0 0 0 552880 188675 0 991730 2.46772e+06 1.41603e+06 1.21717e+06 2.29649e+06 1.80582e+06 0 1.4828e+06 1.56532e+06 1.57751e+06 1.42118e+06 867257 1.10002e+06
pelacespred
 1.76345e+06 1.05863e+06 524399 440430 480857 853117 427398 486953 318734 201932 290144 324580 353275 267108 272915 642176 580969 1.74228e+06 1.40029e+06 932827 1.62618e+06 1.38906e+06 1.08636e+06 1.89637e+06 1.34434e+06 1.19065e+06 1.63854e+06 1.76065e+06 1.16161e+06 783818 1.14195e+06
mphobs
 0 0 0 0 0 0 0 0 0 0 0 498337 0 5186 125008 0 168611 109162 213762 579715 649985 157893 87575 83554 0 0 0 0 0 0 0
mphpred
 490541 328401 158512 87821.8 95962.1 114108 155866 85163.1 76513.5 48614.8 30334.3 60632.3 65190.6 53446.8 32814.5 41788.1 152937 134999 309982 218133 230486 282791 269930 215870 309947 255382 208162 225457 325613 212810 125366
desembarqueobs
 494567 514787 250237 358949 120608 361735 552515 73892 212993 205616 52469 317467 293654 387597 252695 516296 358380 742168 942051 627588 828172 859565 418607 520667 417249 300574 407403 355545 319650 289779 391294
desembarquepred
 494572 513793 250703 358986 120614 361745 552542 73897.4 213053 205671 52471.8 317530 293691 387583 252672 516226 358404 742020 941756 627377 828251 859543 418608 520692 417237 300571 407396 355518 319630 289781 391297
Reclutas
 172856 95421.9 96168.7 147290 118949 216413 85205.6 36326 35586.2 48051.6 89878.5 129042 107768 75245.4 69801 378004 73859.6 610928 336433 270096 372560 513886 101352 297311 255066 111563 250869 285140 84054.3 59877.3 223762
log_desv_Rt
 0.203252 -0.390896 -0.383101 0.0431975 -0.170507 0.427983 -0.504138 -1.35667 -1.37725 -1.07693 -0.450746 -0.0890688 -0.269227 -0.628449 -0.703557 0.985701 -0.647039 1.46577 0.869196 0.649573 0.971193 1.2928 -0.330601 0.745574 0.592318 -0.234614 0.575726 0.703774 -0.517741 -0.856907 0.46138
SSB
 2.13275e+06 1.42781e+06 689170 381828 417220 496115 677667 370268 332662 211365 131886 263614 283433 232374 142669 181684 664932 586942 1.34773e+06 948387 1.0021e+06 1.22951e+06 1.17359e+06 938552 1.34758e+06 1.11034e+06 905038 980232 1.41569e+06 925244 545062
BT
 2.99758e+06 2.05191e+06 1.00979e+06 944925 801153 1.56579e+06 1.11833e+06 781408 680068 494236 473300 742508 786208 795867 656329 1.36801e+06 1.13188e+06 3.23462e+06 2.95963e+06 1.92941e+06 3.07308e+06 2.83875e+06 1.95635e+06 3.28654e+06 2.35858e+06 2.01419e+06 2.83509e+06 2.95499e+06 1.96465e+06 1.43082e+06 2.05932e+06
Ftot
 0.197175 0.363133 0.356195 0.541715 0.180655 0.331714 0.761655 0.130115 0.518191 0.720654 0.159605 0.646269 0.604704 1.0487 0.756807 0.590872 0.386148 0.364729 0.514567 0.476729 0.373498 0.470453 0.28001 0.249206 0.247739 0.199579 0.244516 0.19967 0.192403 0.291913 0.310425
BD_Bspro_t
 0.969057 0.787162 0.586351 0.487698 0.480859 0.573259 0.572555 0.380923 0.437665 0.377451 0.335407 0.587882 0.466952 0.372175 0.258104 0.309014 0.502905 0.459718 0.594721 0.478676 0.446072 0.49405 0.511419 0.495236 0.615858 0.625887 0.632032 0.678637 0.739039 0.65258 0.562633
BD_Bspro
 2.11518 1.41605 0.683492 0.378682 0.413783 0.492028 0.672084 0.367218 0.329922 0.209624 0.1308 0.261443 0.281098 0.23046 0.141494 0.180188 0.659454 0.582107 1.33662 0.940575 0.993842 1.21938 1.16392 0.93082 1.33647 1.10119 0.897583 0.972157 1.40402 0.917622 0.540572
BD_Bo
 1.39269 0.932361 0.450029 0.249334 0.272445 0.323963 0.442517 0.241786 0.217229 0.138022 0.0861219 0.172141 0.185082 0.15174 0.0931632 0.11864 0.434201 0.383274 0.880067 0.619298 0.654371 0.80287 0.766355 0.612875 0.879968 0.725053 0.590991 0.640092 0.924445 0.604185 0.355926
BD_Brms
 7.61579 5.09852 2.46094 1.36346 1.48984 1.77156 2.41986 1.32218 1.18789 0.754758 0.470949 0.941333 1.0121 0.829777 0.509454 0.648772 2.37439 2.09589 4.81256 3.38657 3.57836 4.39041 4.19074 3.35145 4.81202 3.96488 3.23178 3.50028 5.05523 3.30393 1.94635
Sel_flota
 0.710787 0.979034 0.998874 0.999941 0.999997
 0.710787 0.979034 0.998874 0.999941 0.999997
 0.710787 0.979034 0.998874 0.999941 0.999997
 0.710787 0.979034 0.998874 0.999941 0.999997
 0.710787 0.979034 0.998874 0.999941 0.999997
 0.710787 0.979034 0.998874 0.999941 0.999997
 0.710787 0.979034 0.998874 0.999941 0.999997
 0.710787 0.979034 0.998874 0.999941 0.999997
 0.710787 0.979034 0.998874 0.999941 0.999997
 0.710787 0.979034 0.998874 0.999941 0.999997
 0.710787 0.979034 0.998874 0.999941 0.999997
 0.710787 0.979034 0.998874 0.999941 0.999997
 0.710787 0.979034 0.998874 0.999941 0.999997
 0.710787 0.979034 0.998874 0.999941 0.999997
 0.710787 0.979034 0.998874 0.999941 0.999997
 0.710787 0.979034 0.998874 0.999941 0.999997
 0.710787 0.979034 0.998874 0.999941 0.999997
 0.710787 0.979034 0.998874 0.999941 0.999997
 0.710787 0.979034 0.998874 0.999941 0.999997
 0.710787 0.979034 0.998874 0.999941 0.999997
 0.710787 0.979034 0.998874 0.999941 0.999997
 0.710787 0.979034 0.998874 0.999941 0.999997
 0.710787 0.979034 0.998874 0.999941 0.999997
 0.710787 0.979034 0.998874 0.999941 0.999997
 0.710787 0.979034 0.998874 0.999941 0.999997
 0.710787 0.979034 0.998874 0.999941 0.999997
 0.710787 0.979034 0.998874 0.999941 0.999997
 0.710787 0.979034 0.998874 0.999941 0.999997
 0.710787 0.979034 0.998874 0.999941 0.999997
 0.710787 0.979034 0.998874 0.999941 0.999997
 0.710787 0.979034 0.998874 0.999941 0.999997
Sel_reclas
 1 1 1 1 1
 1 1 1 1 1
 1 1 1 1 1
 1 1 1 1 1
 1 1 1 1 1
 1 1 1 1 1
 1 1 1 1 1
 1 1 1 1 1
 1 1 1 1 1
 1 1 1 1 1
 1 1 1 1 1
 1 1 1 1 1
 1 1 1 1 1
 1 1 1 1 1
 1 1 1 1 1
 1 1 1 1 1
 1 1 1 1 1
 1 1 1 1 1
 1 1 1 1 1
 1 1 1 1 1
 1 1 1 1 1
 1 1 1 1 1
 1 1 1 1 1
 1 1 1 1 1
 1 1 1 1 1
 1 1 1 1 1
 1 1 1 1 1
 1 1 1 1 1
 1 1 1 1 1
 1 1 1 1 1
 1 1 1 1 1
Sel_pelaces
 0.98321 1 1 1 1
 0.98321 1 1 1 1
 0.98321 1 1 1 1
 0.98321 1 1 1 1
 0.98321 1 1 1 1
 0.98321 1 1 1 1
 0.98321 1 1 1 1
 0.98321 1 1 1 1
 0.98321 1 1 1 1
 0.98321 1 1 1 1
 0.98321 1 1 1 1
 0.98321 1 1 1 1
 0.98321 1 1 1 1
 0.98321 1 1 1 1
 0.98321 1 1 1 1
 0.98321 1 1 1 1
 0.98321 1 1 1 1
 0.98321 1 1 1 1
 0.98321 1 1 1 1
 0.98321 1 1 1 1
 0.98321 1 1 1 1
 0.98321 1 1 1 1
 0.98321 1 1 1 1
 0.98321 1 1 1 1
 0.98321 1 1 1 1
 0.98321 1 1 1 1
 0.98321 1 1 1 1
 0.98321 1 1 1 1
 0.98321 1 1 1 1
 0.98321 1 1 1 1
 0.98321 1 1 1 1
pf_obs 
 0.8446 0.082 0.0669 0.0065 0
 0.8095 0.147 0.0364 0.0071 0
 0.9664 0.0169 0.016 0.0007 0
 0.9276 0.0648 0.0075 0.0001 0
 0.7033 0.2144 0.0806 0.0017 0
 0.9318 0.0425 0.0243 0.0014 0
 0.5671 0.3108 0.0964 0.0239 0.0018
 0.0768 0.2599 0.5324 0.112 0.0189
 0.490249 0.384438 0.106611 0.0170017 0.00170017
 0.7925 0.1577 0.0466 0.003 0.0002
 0.840416 0.127587 0.0312969 0.00059994 9.999e-05
 0.8084 0.0986 0.0794 0.0134 0.0002
 0.7335 0.1905 0.0724 0.0035 0.0001
 0.4001 0.4547 0.1325 0.0127 0
 0.49795 0.308269 0.164784 0.0264974 0.00249975
 0.9179 0.0499 0.0305 0.0017 0
 0.2467 0.6533 0.0926 0.0074 0
 0.9418 0.0223 0.034 0.0019 0
 0.707729 0.231977 0.0356964 0.0245975 0
 0.517169 0.277429 0.184464 0.0207286 0.00020938
 0.811772 0.124168 0.05621 0.00726502 0.000585176
 0.764997 0.148141 0.077277 0.00933861 0.000247198
 0.163321 0.427699 0.378323 0.0303852 0.000271297
 0.753843 0.0900009 0.118128 0.0371064 0.000921714
 0.721811 0.176058 0.0630433 0.0369309 0.00215725
 0.143369 0.312575 0.442814 0.0836902 0.0175525
 0.692698 0.0596174 0.167031 0.0765114 0.00414204
 0.394062 0.376323 0.152708 0.0712218 0.00568511
 0.125707 0.32114 0.495352 0.0537591 0.00404204
 0.23352 0.215282 0.420074 0.123614 0.00750983
 0.774587 0.0839891 0.0768558 0.0609784 0.00358967
pf_pred 
 0.477419 0.137636 0.360826 0.0241188 9.06346e-07
 0.42374 0.325358 0.0671363 0.172264 0.0115019
 0.579874 0.216893 0.115966 0.0233724 0.0638946
 0.733084 0.178105 0.0463831 0.0242231 0.0182047
 0.65756 0.27526 0.04522 0.0114768 0.0104834
 0.755005 0.178533 0.0536485 0.00862796 0.00418512
 0.464009 0.437501 0.0722268 0.0212043 0.00505791
 0.456319 0.311145 0.190814 0.0306098 0.0111127
 0.546866 0.24447 0.120484 0.0723726 0.015807
 0.727017 0.175688 0.0531254 0.0255189 0.0186508
 0.834483 0.133106 0.0210726 0.00619511 0.00514285
 0.747885 0.220772 0.0253108 0.00392327 0.00210845
 0.694164 0.250205 0.0488813 0.00545303 0.00129756
 0.644151 0.275521 0.0660374 0.0125589 0.00173189
 0.756744 0.181996 0.0477854 0.0110815 0.00239383
 0.941528 0.0484416 0.00755903 0.00192834 0.00054294
 0.369857 0.605104 0.0208385 0.00316668 0.0010338
 0.911011 0.0408097 0.0463089 0.00155722 0.00031349
 0.581908 0.391814 0.0122052 0.0135266 0.000545732
 0.617538 0.257327 0.117461 0.00356673 0.00410676
 0.736797 0.185419 0.0527619 0.0234894 0.00153241
 0.749418 0.201049 0.0351416 0.00976539 0.00462526
 0.313402 0.559297 0.102644 0.0175003 0.00715677
 0.740586 0.102063 0.128712 0.0230971 0.00554163
 0.625008 0.301085 0.0294721 0.0363558 0.00807963
 0.424775 0.403802 0.13825 0.0132378 0.0199352
 0.727825 0.138615 0.0943615 0.0316205 0.00757836
 0.683481 0.250602 0.0339383 0.0226007 0.00937748
 0.339789 0.496307 0.130361 0.0172799 0.016263
 0.410807 0.247028 0.258593 0.0664849 0.017087
 0.824431 0.0878835 0.0372537 0.0381252 0.0123063
pobs_RECLAS
 0 0 0 0 0
 0 0 0 0 0
 0 0 0 0 0
 0 0 0 0 0
 0 0 0 0 0
 0 0 0 0 0
 0 0 0 0 0
 0 0 0 0 0
 0 0 0 0 0
 0 0 0 0 0
 0.991045 0.00858322 0.000360255 1.14367e-05 0
 0.934742 0.0480273 0.0164251 0.00080598 0
 0.827803 0.169806 0.00239088 0 0
 0.941827 0.0461693 0.0120037 0 0
 0.791401 0.0380133 0.147996 0.0225897 0
 0.846168 0.0940531 0.0597789 0 0
 0.134021 0.677848 0.182769 0.00536245 0
 0.80878 0.0450904 0.141981 0.00414843 0
 0.846168 0.0940531 0.0597789 0 0
 0.905697 0.0802665 0.012482 0.00150086 5.37128e-05
 0.989698 0.0102097 9.19794e-05 0 0
 0.975433 0.0193895 0.00387452 0.00125025 5.28907e-05
 0.303575 0.632131 0.0575291 0.00676475 0
 0.966965 0.00978017 0.0227588 0.000495775 0
 0.843318 0.132988 0.00938335 0.0141283 0.000182051
 0.564624 0.303363 0.111486 0.0197234 0.00080311
 0.826376 0.0876187 0.0782897 0.00655872 0.00115652
 0.89761 0.0855135 0.0140674 0.00269457 0.000114338
 0.34875 0.467042 0.161289 0.0227151 0.000203297
 0.318654 0.224769 0.449479 0.00709798 0
 0.937255 0.0296025 0.0250945 0.00804832 0
ppred_RECLAS
 0.562153 0.117069 0.300699 0.0200778 7.54451e-07
 0.508112 0.280338 0.0566528 0.145203 0.00969454
 0.659887 0.177397 0.0928927 0.0187014 0.0511222
 0.794917 0.137841 0.0351378 0.0183295 0.0137746
 0.727352 0.220047 0.0354193 0.00897965 0.0082019
 0.811621 0.138054 0.040632 0.00652737 0.00316601
 0.551534 0.367561 0.0593503 0.0174035 0.00415103
 0.539145 0.266052 0.159882 0.02562 0.00930069
 0.630484 0.201356 0.0971438 0.0582862 0.0127296
 0.791266 0.135414 0.0400559 0.0192184 0.0140452
 0.875002 0.100928 0.0156562 0.00459777 0.0038166
 0.807174 0.169311 0.0189935 0.00294066 0.00158028
 0.76196 0.195505 0.0373789 0.00416507 0.000991027
 0.723258 0.215405 0.0504359 0.00957988 0.00132099
 0.815667 0.138685 0.0356161 0.00824969 0.00178199
 0.95779 0.0350997 0.00536034 0.00136587 0.000384551
 0.449998 0.528587 0.0178266 0.00270596 0.000883344
 0.935104 0.0300979 0.0334486 0.00112352 0.000226167
 0.661084 0.318048 0.00969855 0.0107364 0.000433134
 0.694383 0.207049 0.09253 0.00280653 0.00323126
 0.796813 0.144034 0.0401387 0.0178497 0.00116442
 0.807548 0.155062 0.0265358 0.00736565 0.00348844
 0.388723 0.499854 0.0898607 0.015304 0.00625825
 0.800327 0.0795506 0.0982794 0.0176167 0.0042265
 0.698831 0.242816 0.0232847 0.0286919 0.00637604
 0.50705 0.348168 0.11679 0.0111708 0.0168214
 0.789255 0.108429 0.0723109 0.0242049 0.00580075
 0.750156 0.198672 0.026361 0.0175356 0.00727544
 0.417253 0.44031 0.113314 0.0150039 0.0141201
 0.4949 0.21435 0.219795 0.0564478 0.0145066
 0.868299 0.0666281 0.0276645 0.0282805 0.00912801
pobs_PELACES
 0 0 0 0 0
 0 0 0 0 0
 0 0 0 0 0
 0 0 0 0 0
 0 0 0 0 0
 0 0 0 0 0
 0 0 0 0 0
 0 0 0 0 0
 0 0 0 0 0
 0 0 0 0 0
 0 0 0 0 0
 0 0 0 0 0
 0 0 0 0 0
 0 0 0 0 0
 0 0 0 0 0
 0 0 0 0 0
 0.505614 0.472636 0.0217494 0 0
 0 0 0 0 0
 0.443492 0.261883 0.143347 0.151278 0
 0.227955 0.32914 0.350689 0.0885471 0.00366901
 0.970185 0.0296113 0.000203453 0 0
 0.997202 0.00247181 0.000326279 0 0
 0.445219 0.490057 0.0546422 0.010081 0
 0.90214 0.0892962 0.00764917 0.000914606 0
 0 0 0 0 0
 0.581667 0.319106 0.0959925 0.00289975 0.000334073
 0.762889 0.0836404 0.116647 0.0363945 0.000428098
 0.88444 0.0763242 0.0277011 0.0115352 0
 0.521256 0.241999 0.230069 0.00667565 0
 0.616807 0.101726 0.260614 0.0208532 0
 0.833518 0.0704572 0.0857862 0.0102388 0
ppred_PELACES
 0.562515 0.117084 0.300348 0.020053 7.53515e-07
 0.512179 0.278316 0.0561105 0.143795 0.00960046
 0.663411 0.175759 0.091821 0.0184833 0.0505257
 0.800118 0.134506 0.034166 0.0178192 0.0133909
 0.727212 0.220212 0.0354039 0.00897517 0.00819778
 0.813603 0.136682 0.0401407 0.0064477 0.00312735
 0.564211 0.357497 0.057438 0.0168382 0.00401614
 0.53789 0.266874 0.160239 0.0256761 0.00932102
 0.637565 0.19781 0.0951095 0.0570553 0.0124606
 0.799173 0.130506 0.0384223 0.0184299 0.0134688
 0.874717 0.101178 0.0156787 0.00460411 0.00382185
 0.813445 0.163891 0.0183078 0.00283385 0.00152286
 0.76866 0.190137 0.0362089 0.00403385 0.000959793
 0.738486 0.203864 0.0474072 0.00900127 0.00124118
 0.823255 0.133141 0.0340232 0.00787863 0.00170181
 0.959222 0.0339305 0.00516178 0.00131501 0.000370225
 0.454295 0.524508 0.0176444 0.00267794 0.000874191
 0.936106 0.0296711 0.0328956 0.00110481 0.000222398
 0.667514 0.312081 0.00948459 0.0104976 0.000423498
 0.699931 0.203496 0.0906586 0.00274931 0.00316535
 0.799528 0.142213 0.0395342 0.0175786 0.00114672
 0.811453 0.152008 0.0259332 0.0071972 0.00340863
 0.390671 0.498429 0.0894404 0.0152309 0.00622833
 0.801303 0.0792402 0.0977364 0.0175178 0.00420276
 0.69995 0.241993 0.0231681 0.0285457 0.00634353
 0.507331 0.348105 0.116616 0.0111534 0.0167951
 0.790168 0.108044 0.0719391 0.0240783 0.0057704
 0.750347 0.198575 0.0263137 0.0175029 0.00726185
 0.417352 0.440371 0.113187 0.0149861 0.0141033
 0.497406 0.213525 0.218531 0.0561173 0.0144216
 0.869618 0.0660292 0.0273602 0.0279664 0.00902656
pobs_pel_tallas
 0 0 0 0 0 0 0 0 0 0 0 0 0 0 0 0 0 0 0 0 0 0 0 0 0 0
 0 0 0 0 0 0 0 0 0 0 0 0 0 0 0 0 0 0 0 0 0 0 0 0 0 0
 0 0 0 0 0 0 0 0 0 0 0 0 0 0 0 0 0 0 0 0 0 0 0 0 0 0
 0 0 0 0 0 0 0 0 0 0 0 0 0 0 0 0 0 0 0 0 0 0 0 0 0 0
 0 0 0 0 0 0 0 0 0 0 0 0 0 0 0 0 0 0 0 0 0 0 0 0 0 0
 0 0 0 0 0 0 0 0 0 0 0 0 0 0 0 0 0 0 0 0 0 0 0 0 0 0
 0 0 0 0 0 0 0 0 0 0 0 0 0 0 0 0 0 0 0 0 0 0 0 0 0 0
 0 0 0 0 0 0 0 0 0 0 0 0 0 0 0 0 0 0 0 0 0 0 0 0 0 0
 0 0 0 0 0 0 0 0 0 0 0 0 0 0 0 0 0 0 0 0 0 0 0 0 0 0
 0 0 0 0 0 0 0 0 0 0 0 0 0 0 0 0 0 0 0 0 0 0 0 0 0 0
 0 0 0 0 0 0 0 0 0 0 0 0 0 0 0 0 0 0 0 0 0 0 0 0 0 0
 0 0 0 0 0 0 0 0 0 0 0 0 0 0 0 0 0 0 0 0 0 0 0 0 0 0
 0.00862536 0 0 0.000197151 0.00414017 0.0128641 0.00837892 0.0270097 0.101434 0.158115 0.152841 0.127902 0.109271 0.109419 0.0830992 0.0579132 0.0238553 0.00714673 0.00463305 0.00128148 0.00103504 0.000492878 0.000147863 0.000147863 4.92878e-05 0
 0 0 0 0 0 0 0 0 0 0 0 0 0 0 0 0 0 0 0 0 0 0 0 0 0 0
 0 0 0 0 0 0 0 0.0054083 0.00873648 0.0413646 0.0450493 0.0745869 0.0622846 0.0627006 0.0613931 0.0827291 0.12552 0.122667 0.0946155 0.0697135 0.0546179 0.0294188 0.0215738 0.0213955 0.0102223 0.00600262
 0 0 0 0 0.00359764 0.0251062 0.0480494 0.140153 0.205849 0.193036 0.1447 0.116669 0.0760912 0.0342217 0.00950174 0.001854 0.000860785 0 0 0 0.000165536 0 0.000143464 0 0 0
 0 0 0 0 0 0 0 0.000145254 0.000435761 0.0275982 0.070085 0.0708112 0.156366 0.174668 0.174014 0.160142 0.0824315 0.0480064 0.0283245 0.00493863 0.00203355 0 0 0 0 0
 0 0 0 0 0 0 0 0 0 0 0 0 0 0 0 0 0 0 0 0 0 0 0 0 0 0
 0 0 1.00437e-05 0.000401748 0.00122533 0.00171747 0.00176769 0.0269171 0.070346 0.194647 0.189555 0.159765 0.064822 0.0314167 0.0384472 0.0292271 0.0345202 0.0313363 0.0194345 0.0106764 0.0143323 0.0359363 0.0279516 0.0138201 0.00172751 0
 0 0.0021121 0.0136068 0.0755702 0.200478 0.177729 0.0527432 0.0373336 0.0318909 0.0142505 0.0149659 0.0166563 0.0217959 0.0798694 0.0677717 0.0528807 0.04013 0.0224614 0.0357745 0.0225083 0.00881397 0.00855152 0.00135912 0.000746735 0 0
 0 0 0 0 5.4009e-05 0.00500934 0.000945158 0.0243581 0.138947 0.33067 0.221406 0.137944 0.0707744 0.0437923 0.0131692 0.00525238 0.0047753 0.00276346 9.45158e-05 9.00151e-06 2.25038e-05 9.00151e-06 4.50075e-06 0 0 0
 0.000866109 0.00284123 0.00948549 0.0512746 0.133035 0.25785 0.225252 0.132002 0.0553304 0.0519788 0.0540692 0.017754 0.00435017 0.00159236 0.00146478 0.000404838 0.000125132 0.000115318 0.000107957 0.000100596 0 0 0 0 0 0
 0 0 0 0 0.00144013 0.00171154 0.00461396 0.0210425 0.0478622 0.0707936 0.0888783 0.103762 0.0637923 0.0337046 0.0602308 0.124433 0.169614 0.0934646 0.0462172 0.0250306 0.0313229 0.00938855 0.002487 0.000210481 0 0
 0 0.00764035 0.051015 0.0998891 0.058973 0.0496711 0.0374665 0.0718981 0.12319 0.153886 0.159021 0.0857701 0.0377988 0.023471 0.0147837 0.00900784 0.00315554 0.000888139 0.00291439 0.00214683 0.00393193 0.00274676 0.000635225 9.99891e-05 0 0
 0 0 0 0 0 0 0 0 0 0 0 0 0 0 0 0 0 0 0 0 0 0 0 0 0 0
 0 0 0 0 0 0 0 0 0 0 0 0 0 0 0 0 0 0 0 0 0 0 0 0 0 0
 0 0 0 0 0 0 0 0 0 0 0 0 0 0 0 0 0 0 0 0 0 0 0 0 0 0
 0 0 0 0 0 0 0 0 0 0 0 0 0 0 0 0 0 0 0 0 0 0 0 0 0 0
 0 0 0 0 0 0 0 0 0 0 0 0 0 0 0 0 0 0 0 0 0 0 0 0 0 0
 0 0 0 0 0 0 0 0 0 0 0 0 0 0 0 0 0 0 0 0 0 0 0 0 0 0
 0 0 0 0 0 0 0 0 0 0 0 0 0 0 0 0 0 0 0 0 0 0 0 0 0 0
ppred_pel_tallas
 1.10709e-16 4.63336e-05 0.000450379 0.00299293 0.0136054 0.0423316 0.0901924 0.131641 0.131653 0.0902499 0.042526 0.0141726 0.00443781 0.00367485 0.00637571 0.0110018 0.0170861 0.0240661 0.0313023 0.0383458 0.0449286 0.0506134 0.054496 0.0553932 0.0524872 0.04593
 1.17736e-16 4.21875e-05 0.000410078 0.00272511 0.012388 0.0385438 0.0821225 0.119866 0.119893 0.082254 0.0389855 0.0136649 0.00593482 0.00743222 0.0134261 0.022262 0.0323991 0.0415035 0.0472884 0.0488641 0.0473214 0.044954 0.0437086 0.0440583 0.0450043 0.0449484
 1.13099e-16 5.46443e-05 0.000531162 0.00352976 0.0160458 0.0499245 0.10637 0.155254 0.155271 0.106453 0.0502049 0.0168572 0.0055725 0.00501029 0.00862023 0.0143211 0.0209987 0.02721 0.0315318 0.0333546 0.0332266 0.0323898 0.0318839 0.0319403 0.0320376 0.0314067
 1.05074e-16 6.59047e-05 0.000640617 0.00425713 0.0193523 0.0602122 0.128289 0.187244 0.187257 0.128353 0.0604256 0.0199689 0.00580651 0.0040283 0.00651592 0.0107114 0.0155293 0.019759 0.0222215 0.0223977 0.0207352 0.0183199 0.0161774 0.0147533 0.0138793 0.0130994
 1.03366e-16 5.98995e-05 0.000582245 0.00386922 0.0175889 0.0547258 0.1166 0.170185 0.170207 0.116704 0.0550742 0.0185953 0.00639591 0.00609951 0.0105426 0.0173463 0.025011 0.0315151 0.0348401 0.0340613 0.0298922 0.0241871 0.0188133 0.0147737 0.0120878 0.010243
 1.0237e-16 6.70154e-05 0.000651414 0.00432887 0.0196784 0.061227 0.130451 0.1904 0.190413 0.130516 0.0614438 0.0203051 0.00590359 0.00409435 0.00662134 0.0108809 0.0157626 0.0200193 0.0224217 0.0223943 0.0203339 0.0172964 0.0143189 0.0119187 0.0100662 0.00848645
 1.04118e-16 4.64734e-05 0.000451738 0.00300196 0.0136465 0.0424595 0.0904657 0.132045 0.132079 0.0906341 0.0430251 0.0152803 0.00710354 0.00940763 0.0170616 0.0281491 0.0405842 0.0511182 0.0564664 0.0551107 0.0481907 0.0386999 0.0296643 0.0227284 0.017967 0.0146134
 1.08845e-16 4.43053e-05 0.000430664 0.00286191 0.0130099 0.0404786 0.086245 0.125882 0.125908 0.0863717 0.0409047 0.0142431 0.00596715 0.00724092 0.0130706 0.0217798 0.0319341 0.0413367 0.0477422 0.0500682 0.0489265 0.0459741 0.0426614 0.0394385 0.0359126 0.0315665
 1.10626e-16 5.25154e-05 0.000510469 0.00339224 0.0154207 0.0479795 0.102226 0.149206 0.149225 0.10232 0.0482949 0.0163333 0.00568929 0.00554589 0.00967808 0.0160826 0.0235583 0.0304743 0.0352104 0.0370557 0.0365956 0.0351898 0.0339724 0.0331885 0.0322866 0.0305119
 1.0527e-16 6.58268e-05 0.00063986 0.0042521 0.0193294 0.0601411 0.128137 0.187023 0.187036 0.128199 0.0603483 0.0199283 0.00575742 0.0039326 0.00633916 0.0104288 0.0151444 0.0193214 0.0218262 0.0221593 0.0207456 0.0186128 0.0167188 0.015457 0.0146387 0.013818
 1.01587e-16 7.20493e-05 0.000700345 0.00465404 0.0211566 0.0658261 0.14025 0.204701 0.20471 0.140297 0.0659861 0.0216189 0.00581479 0.00323485 0.00488729 0.00797043 0.0114864 0.0144703 0.0159923 0.0156283 0.0137086 0.0110882 0.00862769 0.00678845 0.00557706 0.00475291
 1.01113e-16 6.70024e-05 0.000651287 0.00432803 0.0196746 0.0612151 0.130426 0.190364 0.190379 0.130503 0.0614741 0.0204226 0.00620503 0.00474739 0.00784209 0.0128475 0.0184747 0.0231765 0.0254228 0.0245061 0.0209587 0.0161924 0.0116601 0.00819023 0.00587729 0.00439435
 1.01661e-16 6.33136e-05 0.00061543 0.00408975 0.0185914 0.0578449 0.123245 0.179884 0.179903 0.123335 0.0581459 0.0194608 0.0062727 0.00538287 0.00912341 0.0149976 0.0216325 0.0272719 0.0301636 0.0294875 0.0258252 0.020738 0.0158106 0.0119153 0.00912153 0.00707839
 1.02533e-16 6.08282e-05 0.000591271 0.00392921 0.0178616 0.0555742 0.118407 0.172823 0.172843 0.118504 0.0558972 0.0187949 0.00627326 0.00571303 0.0098016 0.0161432 0.0233313 0.0295104 0.0328239 0.0324035 0.028861 0.0238278 0.0189343 0.0150392 0.0121579 0.00989289
 1.02095e-16 6.78105e-05 0.000659142 0.00438023 0.0199119 0.0619534 0.131999 0.192659 0.192672 0.132062 0.0621645 0.0205218 0.00591243 0.00400793 0.00643951 0.0105692 0.0152905 0.0193783 0.0216281 0.0214793 0.0193296 0.0162309 0.0132227 0.010834 0.00904608 0.00758199
 1.00353e-16 7.90099e-05 0.000768004 0.00510366 0.0232005 0.0721854 0.153799 0.224474 0.224478 0.153815 0.072239 0.0233555 0.00549282 0.00161764 0.00169294 0.00267452 0.00384692 0.00484128 0.00534035 0.00519919 0.00452614 0.00360672 0.00273078 0.0020577 0.00159753 0.00127919
 1.0106e-16 3.74198e-05 0.000363734 0.00241714 0.010988 0.034188 0.0728431 0.106327 0.106378 0.0730896 0.0350155 0.0133768 0.00840881 0.0134284 0.024805 0.040831 0.058539 0.0730326 0.079347 0.0751923 0.0623484 0.0455316 0.029678 0.0177267 0.0101614 0.00594568
 1.01106e-16 7.71058e-05 0.000749496 0.00498066 0.0226414 0.0704458 0.150092 0.219065 0.219068 0.150106 0.0704936 0.0227801 0.00533107 0.00152142 0.00156353 0.00251577 0.00373932 0.0049563 0.00593021 0.00653605 0.0068015 0.00683328 0.00669765 0.00636864 0.00578132 0.00492503
 1.01478e-16 5.49823e-05 0.000534447 0.00355159 0.016145 0.0502334 0.107029 0.156218 0.156248 0.107175 0.0507257 0.0175665 0.00711707 0.00830937 0.0147959 0.0243084 0.03486 0.043521 0.0473502 0.0450039 0.0375576 0.0278231 0.0187213 0.011958 0.00775728 0.00543586
 1.0348e-16 5.76524e-05 0.000560402 0.00372407 0.0169291 0.0526728 0.112226 0.163801 0.16382 0.112322 0.0529965 0.0178654 0.00607886 0.00571571 0.00989162 0.0163733 0.023839 0.030511 0.0345916 0.0352085 0.0328649 0.0289744 0.0248943 0.021257 0.0179983 0.014827
 1.03135e-16 6.58561e-05 0.000640144 0.00425399 0.019338 0.0601678 0.128194 0.187106 0.18712 0.128262 0.0603934 0.0199901 0.00589253 0.00422286 0.00688713 0.0113267 0.0164168 0.0208714 0.0234248 0.0234964 0.0215168 0.018593 0.0157907 0.013608 0.0119516 0.0104698
 1.02086e-16 6.68383e-05 0.000649692 0.00431743 0.0196264 0.0610652 0.130106 0.189897 0.189912 0.130178 0.0613058 0.0203213 0.00606207 0.0044596 0.00730655 0.011984 0.0172822 0.0217867 0.0241031 0.0235899 0.0207324 0.0167988 0.0130658 0.0102184 0.00827301 0.00689105
 1.0529e-16 3.21792e-05 0.000312793 0.00207862 0.00944914 0.0294 0.0626417 0.0914374 0.0914855 0.0628766 0.0301888 0.0117278 0.00779974 0.0128066 0.0237735 0.0392859 0.0566693 0.0714269 0.0789805 0.0771986 0.0676358 0.0544193 0.0417274 0.0318416 0.0248997 0.0199045
 1.05309e-16 6.60023e-05 0.000641566 0.00426343 0.0193809 0.0603013 0.128479 0.18752 0.187528 0.128517 0.0604295 0.0197531 0.0052043 0.00271793 0.00407524 0.0068049 0.0101987 0.0136672 0.016635 0.0188084 0.020271 0.0212657 0.0218669 0.0218559 0.0209003 0.0188497
 1.04667e-16 5.7654e-05 0.000560417 0.00372417 0.0169296 0.0526743 0.112229 0.163806 0.16383 0.112343 0.0530568 0.0180342 0.00649677 0.00661219 0.0115491 0.0189983 0.0273583 0.0344075 0.0379355 0.0369582 0.032321 0.026137 0.0205145 0.0165526 0.0141907 0.0127234
 1.07416e-16 4.17882e-05 0.000406197 0.00269932 0.0122707 0.038179 0.0813457 0.118733 0.118767 0.0815102 0.0387317 0.0138685 0.00671499 0.00918946 0.0167728 0.0277931 0.0403373 0.0513611 0.0577671 0.0581001 0.0533504 0.0461508 0.0390603 0.0333146 0.0287831 0.0247514
 1.05495e-16 6.50851e-05 0.000632651 0.00420419 0.0191116 0.0594634 0.126693 0.184915 0.184926 0.126745 0.0596363 0.0196121 0.00546524 0.00340123 0.0053694 0.00889548 0.0130948 0.0170733 0.0199581 0.0213449 0.0214924 0.0210402 0.0204939 0.019913 0.0190035 0.0174502
 1.03795e-16 6.18051e-05 0.000600768 0.00399231 0.0181485 0.0564668 0.120309 0.175599 0.175618 0.120403 0.0567809 0.0190557 0.00626962 0.00557286 0.00950713 0.0156266 0.0225244 0.0283731 0.0313615 0.0306745 0.0269841 0.0219911 0.017392 0.0140727 0.0119954 0.0106197
 1.07269e-16 3.43769e-05 0.000334155 0.00222058 0.0100945 0.0314079 0.0669193 0.0976796 0.0977222 0.0671272 0.0321059 0.0121117 0.00728807 0.0114094 0.0211062 0.0349372 0.0505555 0.0640564 0.0714618 0.0709138 0.0637297 0.0533998 0.043386 0.0354695 0.0296149 0.0249144
 1.1443e-16 4.09707e-05 0.00039825 0.00264651 0.0120307 0.037432 0.0797535 0.116407 0.116428 0.0798558 0.0377761 0.0130287 0.00516686 0.00595061 0.0107343 0.0180704 0.0269407 0.0358004 0.0430631 0.0479606 0.0508457 0.0526049 0.0537115 0.0537799 0.0519449 0.0476288
 1.05139e-16 7.16293e-05 0.000696262 0.00462691 0.0210332 0.0654423 0.139432 0.203506 0.203513 0.139463 0.0655475 0.0213377 0.00539319 0.00237598 0.00328252 0.0053695 0.00786452 0.010189 0.0118172 0.0125412 0.0125934 0.0124595 0.0125239 0.0128299 0.0131062 0.0129843
pSPR Fmed_Fpbrs
0.544879   0.232869 0.232869
Fs Fmed_Fpbrs
0.358883   1.005 1.005
SSBpbr Bo_Bmed_Bpbrs
1.53139e+06  757853  280044 280044
Ro
141063
SPR SPRFo_SPRFmed_SPRFpbrs
1.00831e+06 549404 234803
Fref
1.005
Nvult_r0
 157744 13040.9 5443.79 5566.62 1796.75
CTP_r0
 28514 3039.56 1288.46 1318.61 425.627
YTP_r0
391297
Np
 181476 66018.7 4859.3 2011.41 2610.34
Nvult_p0
 148795 56939.3 4204.2 1740.54 2258.83
CTP_p0
 62000.9 28239 2106.16 872.414 1132.23
YTP_p0
 1.03493e+06
CBA_c0
584388
log_Ro
11.677
likeval ReclasPelacesDesembMPH_pf_preclas_ppelaces_ptallas_desvR_qrecl_qpela
 12.7181 17.0369 0.0386514 0.00081992 241.27 117.267 99.1351 0 24.0605 2.68997e-06 1.0379e-05 0.195119 0 0 0
q_reclas_q_pelaces
1.26164 1.58145
M
1
N
 172856 36962.2 95125.3 6352.24 0.238695
 95421.9 55274.3 11210.5 28738.6 1918.76
 96168.7 27118 14250.4 2869.48 7844.09
 147290 27465.3 7039.04 3672.95 2760.25
 118949 36868.5 5945.1 1507.37 1376.82
 216413 38485.9 11364.5 1825.98 885.675
 85205.6 62891.4 10232.1 3001.62 715.953
 36326 18241.4 10976.1 1758.98 638.555
 35586.2 12183.1 5907.99 3545.77 774.399
 48051.6 9057.89 2698.57 1295.24 946.607
 89878.5 10591.4 1645.58 483.299 401.187
 129042 29518.4 3332.71 516.162 277.385
 107768 29987.4 5767.82 642.907 152.974
 75245.4 25794.5 6102.82 1159.83 159.936
 69801 13136 3398.9 787.6 170.131
 378004 14995 2303.47 587.134 165.306
 73859.6 91370.4 3093.29 469.639 153.312
 610928 20649.6 23031.7 773.773 155.763
 336433 173423 5315.44 5885.85 237.454
 270096 85854.4 38550 1169.56 1346.58
 372560 70804.7 19804.7 8808.92 574.652
 513886 105101 18070.1 5017.05 2376.15
 101352 135315 24393.8 4155.09 1699.15
 297311 30556.4 37843.9 6784.47 1627.7
 255066 91619.7 8807.42 10854.1 2412.07
 111563 78683.5 26445.9 2529.79 3809.48
 250869 35613.8 23808.4 7970.5 1910.16
 285140 77566.2 10312.4 6860.62 2846.46
 84054.3 91017.9 23468.2 3107.74 2924.7
 59877.3 26969.5 27734.8 7123.94 1830.8
 223762 17900.2 7455.21 7622.48 2460.3
pred_Ctot
 14453.3 4166.77 10923.6 730.17 0.0274387
 14013 10759.5 2220.19 5696.75 380.368
 13880.1 5191.62 2775.8 559.45 1529.4
 30697.3 7458.01 1942.25 1014.32 762.307
 9156.35 3832.92 629.676 159.811 145.978
 29290.8 6926.28 2081.32 334.726 162.364
 23519.7 22176.1 3661.04 1074.81 256.376
 2043.81 1393.59 854.639 137.099 49.7729
 7140.87 3192.24 1573.26 945.027 206.404
 12688.7 3066.3 927.206 445.385 325.516
 6149.89 980.955 155.299 45.6561 37.9012
 31179.1 9203.93 1055.2 163.56 87.9008
 24641.9 8881.94 1735.22 193.576 46.0617
 26524.8 11345.4 2719.28 517.148 71.3156
 19169.7 4610.29 1210.49 280.715 60.6402
 84776.8 4361.76 680.628 173.631 48.8872
 11459.3 18747.9 645.638 98.113 32.0302
 90070.4 4034.8 4578.5 153.96 30.9943
 67105.2 45183.7 1407.5 1559.88 62.9334
 50439 21017.9 9593.92 291.322 335.43
 56108.7 14120.1 4017.93 1788.76 116.696
 94867.8 25450.5 4448.52 1236.19 585.505
 11751.5 20971.7 3848.77 656.198 268.353
 30952 4265.62 5379.37 965.315 231.606
 26408.8 12721.9 1245.3 1536.16 341.394
 9435.53 8969.68 3070.95 294.052 442.821
 25660.1 4886.99 3326.8 1114.81 267.182
 24126.3 8846.03 1197.99 797.785 331.017
 6867.61 10031.1 2634.79 349.251 328.698
 7213.13 4337.43 4540.49 1167.37 300.022
 28514 3039.56 1288.46 1318.61 425.627
F
 0.140149 0.193041 0.196953 0.197163 0.197174
 0.25811 0.355519 0.362724 0.363112 0.363132
 0.253179 0.348727 0.355794 0.356174 0.356194
 0.385044 0.530357 0.541105 0.541683 0.541713
 0.128407 0.176867 0.180451 0.180644 0.180654
 0.235778 0.324759 0.33134 0.331694 0.331713
 0.541374 0.745686 0.760797 0.76161 0.761653
 0.0924842 0.127387 0.129969 0.130107 0.130115
 0.368323 0.507326 0.517608 0.51816 0.518189
 0.512232 0.705545 0.719843 0.720612 0.720652
 0.113445 0.156259 0.159425 0.159596 0.159605
 0.45936 0.632719 0.645541 0.646231 0.646267
 0.429816 0.592026 0.604024 0.604669 0.604703
 0.7454 1.02671 1.04752 1.04863 1.04869
 0.537928 0.740939 0.755955 0.756762 0.756804
 0.419984 0.578483 0.590207 0.590837 0.59087
 0.274469 0.378052 0.385713 0.386125 0.386147
 0.259244 0.357082 0.364318 0.364707 0.364727
 0.365748 0.503779 0.513988 0.514537 0.514566
 0.338853 0.466733 0.476192 0.4767 0.476727
 0.265477 0.365667 0.373077 0.373475 0.373496
 0.334392 0.46059 0.469924 0.470425 0.470452
 0.199028 0.27414 0.279695 0.279994 0.280009
 0.177132 0.243981 0.248925 0.249191 0.249205
 0.17609 0.242545 0.24746 0.247724 0.247738
 0.141858 0.195395 0.199354 0.199567 0.199579
 0.173799 0.239389 0.244241 0.244502 0.244515
 0.141923 0.195484 0.199445 0.199658 0.19967
 0.136758 0.188369 0.192187 0.192392 0.192403
 0.207488 0.285793 0.291585 0.291896 0.291912
 0.220646 0.303916 0.310075 0.310406 0.310424
nmprior
 8.19 8.8 8.5 0
nm_flota  nm_reclas  nm_pelaces    nm_pelaL
inf 13.4929 19.932 48.9121
cv_recla  cv_pelaces  cv_mph
0.322579 0.468024 0.883672
 ------------------------------------------------
Talla a la edad & desviaci?n 
 8 13.2811 15.8009 17.003 17.5766
 0.8 1.32811 1.58009 1.7003 1.75766
