years
 1991 1992 1993 1994 1995 1996 1997 1998 1999 2000 2001 2002 2003 2004 2005 2006 2007 2008 2009 2010 2011 2012 2013 2014 2015 2016 2017 2018 2019 2020 2021
reclasobs
 0 0 0 0 0 0 0 0 0 252601 567819 844713 477998 351125 339783 2.1784e+06 2.13404e+06 4.81314e+06 1.55562e+06 2.62356e+06 3.21686e+06 3.843e+06 1.13348e+06 3.07943e+06 1.97215e+06 2.03268e+06 2.025e+06 2.42433e+06 2.27542e+06 1.05018e+06 2.36338e+06
reclaspred
 3.45556e+06 1.99146e+06 1.01991e+06 1.12562e+06 1.1973e+06 1.81388e+06 1.28634e+06 1.16296e+06 837991 610632 571024 674388 671209 558058 563281 1.20545e+06 1.28004e+06 2.51863e+06 2.11009e+06 1.59478e+06 2.84878e+06 2.32542e+06 1.92832e+06 2.96265e+06 2.22527e+06 1.97867e+06 2.27844e+06 2.32358e+06 1.96032e+06 1.32745e+06 2.03154e+06
pelacesobs
 0 0 0 0 0 0 0 0 0 0 0 0 0 0 0 552880 188675 0 991730 2.46772e+06 1.41603e+06 1.21717e+06 2.29649e+06 1.80582e+06 0 1.4828e+06 1.56532e+06 1.57751e+06 1.42118e+06 867257 1.10002e+06
pelacespred
 2.67525e+06 1.74342e+06 909154 704907 778922 1.15223e+06 916077 902473 676505 470356 416161 411122 444097 392385 384026 636164 775481 1.52629e+06 1.48002e+06 1.09318e+06 1.69017e+06 1.60937e+06 1.38282e+06 2.03889e+06 1.67238e+06 1.46961e+06 1.7429e+06 1.74902e+06 1.40002e+06 1.08237e+06 1.37919e+06
mphobs
 0 0 0 0 0 0 0 0 0 0 0 498337 0 5186 125008 0 168611 109162 213762 579715 649985 157893 87575 83554 0 0 0 0 0 0 0
mphpred
 517334 349343 180762 98953.8 125431 145819 191663 138019 117416 83120.4 54769.4 65841.2 69503.4 61388.2 46251.9 55924.8 140076 148131 248009 196110 210615 261154 249599 213647 295657 241346 200984 207930 276232 196997 134331
desembarqueobs
 494567 514787 250237 358949 120608 361735 552515 73892 212993 205616 52469 317467 293654 387597 252695 516296 358380 742168 942051 627588 828172 859565 418607 520667 417249 300574 415391 372974 316634 284311 391294
desembarquepred
 494572 512894 251289 358962 120610 361747 552568 73894.3 213028 205651 52470.8 317532 293711 387670 252708 516308 358409 742124 941995 627547 828261 859652 418630 520694 417262 300584 415404 372977 316643 284328 391301
Reclutas
 264962 155049 152746 343642 276522 426132 180479 88128 75212.5 93301.3 160098 198444 169290 119971 124136 582929 166063 862415 540389 398606 621784 826520 191578 553628 445416 212855 450511 488534 163100 126979 470149
log_desv_Rt
 0.034402 -0.501441 -0.516405 0.294415 0.0771066 0.509564 -0.349572 -1.06639 -1.22487 -1.00935 -0.469398 -0.254677 -0.413573 -0.757933 -0.723805 0.822881 -0.432819 1.21455 0.747104 0.442789 0.887408 1.17204 -0.289887 0.771308 0.553824 -0.184574 0.565197 0.646224 -0.450822 -0.701159 0.607864
SSB
 5.31666e+06 3.59021e+06 1.8577e+06 1.01695e+06 1.28906e+06 1.49859e+06 1.96972e+06 1.41843e+06 1.20669e+06 854232 562868 676653 714290 630889 475332 574742 1.43957e+06 1.52235e+06 2.5488e+06 2.01543e+06 2.1645e+06 2.68389e+06 2.56513e+06 2.19566e+06 3.03848e+06 2.48032e+06 2.06552e+06 2.1369e+06 2.83884e+06 2.02455e+06 1.38052e+06
BT
 6.9555e+06 4.76018e+06 2.47282e+06 2.29435e+06 2.21808e+06 3.66646e+06 2.87071e+06 2.49381e+06 1.99061e+06 1.45321e+06 1.22659e+06 1.444e+06 1.53249e+06 1.54406e+06 1.41324e+06 2.45112e+06 2.41359e+06 5.37253e+06 5.11412e+06 3.52745e+06 5.65584e+06 5.32444e+06 4.04675e+06 6.60562e+06 4.87429e+06 4.22833e+06 5.57408e+06 5.57469e+06 3.86918e+06 3.04429e+06 4.56475e+06
Ftot
 0.0800547 0.142818 0.13723 0.183981 0.0577807 0.115724 0.238653 0.0362266 0.144042 0.18976 0.0538234 0.267822 0.248753 0.391676 0.260297 0.252991 0.15846 0.172986 0.253136 0.223445 0.167599 0.211799 0.122307 0.103126 0.106779 0.0864021 0.106464 0.0942408 0.0902714 0.120528 0.113804
BD_Bspro_t
 0.987273 0.903612 0.796367 0.732294 0.748221 0.804565 0.799437 0.701236 0.74113 0.713115 0.68546 0.79228 0.694837 0.622373 0.538359 0.584177 0.690268 0.689624 0.739747 0.663035 0.637714 0.682478 0.696957 0.698738 0.784586 0.789576 0.79722 0.819733 0.847162 0.80278 0.76375
BD_Bspro
 2.90547 1.96199 1.0152 0.555747 0.704449 0.818955 1.07642 0.775149 0.659438 0.466823 0.307598 0.369779 0.390347 0.34477 0.259761 0.314087 0.7867 0.831937 1.39288 1.1014 1.18286 1.4667 1.4018 1.19989 1.66048 1.35545 1.12877 1.16778 1.55138 1.10638 0.754434
BD_Bo
 2.04727 1.38247 0.715337 0.391594 0.496373 0.577057 0.758474 0.54619 0.464657 0.328936 0.216741 0.260556 0.275049 0.242934 0.183034 0.221314 0.55433 0.586205 0.981458 0.776072 0.833476 1.03348 0.987747 0.845474 1.17002 0.955087 0.795363 0.82285 1.09314 0.779586 0.531593
BD_Brms
 14.3707 9.70418 5.02128 2.74878 3.48427 4.05063 5.32408 3.83396 3.26164 2.30895 1.52141 1.82896 1.93069 1.70526 1.2848 1.5535 3.89109 4.11484 6.8893 5.44761 5.85055 7.25444 6.93344 5.93477 8.21287 6.70419 5.58302 5.77596 7.67327 5.47227 3.7315
Sel_flota
 0.892638 1 1 1 1
 0.892638 1 1 1 1
 0.892638 1 1 1 1
 0.892638 1 1 1 1
 0.892638 1 1 1 1
 0.892638 1 1 1 1
 0.892638 1 1 1 1
 0.892638 1 1 1 1
 0.892638 1 1 1 1
 0.892638 1 1 1 1
 0.892638 1 1 1 1
 0.892638 1 1 1 1
 0.892638 1 1 1 1
 0.892638 1 1 1 1
 0.892638 1 1 1 1
 0.892638 1 1 1 1
 0.892638 1 1 1 1
 0.892638 1 1 1 1
 0.892638 1 1 1 1
 0.892638 1 1 1 1
 0.892638 1 1 1 1
 0.892638 1 1 1 1
 0.892638 1 1 1 1
 0.892638 1 1 1 1
 0.892638 1 1 1 1
 0.892638 1 1 1 1
 0.892638 1 1 1 1
 0.892638 1 1 1 1
 0.892638 1 1 1 1
 0.892638 1 1 1 1
 0.892638 1 1 1 1
Sel_reclas
 1 1 1 1 1
 1 1 1 1 1
 1 1 1 1 1
 1 1 1 1 1
 1 1 1 1 1
 1 1 1 1 1
 1 1 1 1 1
 1 1 1 1 1
 1 1 1 1 1
 1 1 1 1 1
 1 1 1 1 1
 1 1 1 1 1
 1 1 1 1 1
 1 1 1 1 1
 1 1 1 1 1
 1 1 1 1 1
 1 1 1 1 1
 1 1 1 1 1
 1 1 1 1 1
 1 1 1 1 1
 1 1 1 1 1
 1 1 1 1 1
 1 1 1 1 1
 1 1 1 1 1
 1 1 1 1 1
 1 1 1 1 1
 1 1 1 1 1
 1 1 1 1 1
 1 1 1 1 1
 1 1 1 1 1
 1 1 1 1 1
Sel_pelaces
 0.639641 0.899325 0.97824 0.9956 0.999123
 0.639641 0.899325 0.97824 0.9956 0.999123
 0.639641 0.899325 0.97824 0.9956 0.999123
 0.639641 0.899325 0.97824 0.9956 0.999123
 0.639641 0.899325 0.97824 0.9956 0.999123
 0.639641 0.899325 0.97824 0.9956 0.999123
 0.639641 0.899325 0.97824 0.9956 0.999123
 0.639641 0.899325 0.97824 0.9956 0.999123
 0.639641 0.899325 0.97824 0.9956 0.999123
 0.639641 0.899325 0.97824 0.9956 0.999123
 0.639641 0.899325 0.97824 0.9956 0.999123
 0.639641 0.899325 0.97824 0.9956 0.999123
 0.639641 0.899325 0.97824 0.9956 0.999123
 0.639641 0.899325 0.97824 0.9956 0.999123
 0.639641 0.899325 0.97824 0.9956 0.999123
 0.639641 0.899325 0.97824 0.9956 0.999123
 0.639641 0.899325 0.97824 0.9956 0.999123
 0.639641 0.899325 0.97824 0.9956 0.999123
 0.639641 0.899325 0.97824 0.9956 0.999123
 0.639641 0.899325 0.97824 0.9956 0.999123
 0.639641 0.899325 0.97824 0.9956 0.999123
 0.639641 0.899325 0.97824 0.9956 0.999123
 0.639641 0.899325 0.97824 0.9956 0.999123
 0.639641 0.899325 0.97824 0.9956 0.999123
 0.639641 0.899325 0.97824 0.9956 0.999123
 0.639641 0.899325 0.97824 0.9956 0.999123
 0.639641 0.899325 0.97824 0.9956 0.999123
 0.639641 0.899325 0.97824 0.9956 0.999123
 0.639641 0.899325 0.97824 0.9956 0.999123
 0.639641 0.899325 0.97824 0.9956 0.999123
 0.639641 0.899325 0.97824 0.9956 0.999123
pf_obs 
 0.8446 0.082 0.0669 0.0065 0
 0.8095 0.147 0.0364 0.0071 0
 0.9664 0.0169 0.016 0.0007 0
 0.9276 0.0648 0.0075 0.0001 0
 0.7033 0.2144 0.0806 0.0017 0
 0.9318 0.0425 0.0243 0.0014 0
 0.5671 0.3108 0.0964 0.0239 0.0018
 0.0768 0.2599 0.5324 0.112 0.0189
 0.490249 0.384438 0.106611 0.0170017 0.00170017
 0.7925 0.1577 0.0466 0.003 0.0002
 0.840416 0.127587 0.0312969 0.00059994 9.999e-05
 0.8084 0.0986 0.0794 0.0134 0.0002
 0.7335 0.1905 0.0724 0.0035 0.0001
 0.4001 0.4547 0.1325 0.0127 0
 0.49795 0.308269 0.164784 0.0264974 0.00249975
 0.9179 0.0499 0.0305 0.0017 0
 0.2467 0.6533 0.0926 0.0074 0
 0.9418 0.0223 0.034 0.0019 0
 0.707729 0.231977 0.0356964 0.0245975 0
 0.517169 0.277429 0.184464 0.0207286 0.00020938
 0.811772 0.124168 0.05621 0.00726502 0.000585176
 0.764997 0.148141 0.077277 0.00933861 0.000247198
 0.163321 0.427699 0.378323 0.0303852 0.000271297
 0.753843 0.0900009 0.118128 0.0371064 0.000921714
 0.721811 0.176058 0.0630433 0.0369309 0.00215725
 0.143369 0.312575 0.442814 0.0836902 0.0175525
 0.692698 0.0596174 0.167031 0.0765114 0.00414204
 0.394062 0.376323 0.152708 0.0712218 0.00568511
 0.125707 0.32114 0.495352 0.0537591 0.00404204
 0.23352 0.215282 0.420074 0.123614 0.00750983
 0.774587 0.0839891 0.0768558 0.0609784 0.00358967
pf_pred 
 0.424349 0.103492 0.449298 0.0228599 7.41845e-07
 0.410391 0.26742 0.057924 0.25147 0.012795
 0.546069 0.199895 0.11522 0.0249569 0.11386
 0.781835 0.125702 0.0407175 0.0234697 0.0282764
 0.649271 0.281445 0.0399196 0.0129308 0.0164332
 0.727744 0.183902 0.0709006 0.0100564 0.00739727
 0.463699 0.402779 0.090191 0.0347718 0.00855979
 0.42136 0.28693 0.219083 0.0490575 0.0235693
 0.491928 0.228547 0.138607 0.105833 0.0350839
 0.64332 0.1864 0.0765975 0.0464542 0.0472281
 0.768542 0.155452 0.0397206 0.0163224 0.0199631
 0.715706 0.22422 0.0403467 0.0103093 0.00941771
 0.663355 0.249645 0.0686157 0.0123469 0.00603684
 0.601524 0.27561 0.0911138 0.0250429 0.00670956
 0.695556 0.193135 0.0769882 0.0254515 0.00886964
 0.913029 0.0628317 0.0153139 0.00610448 0.00272136
 0.445994 0.51124 0.0308964 0.00753035 0.00433996
 0.874565 0.0597971 0.060571 0.00366056 0.00140638
 0.614204 0.342436 0.0206702 0.0209377 0.0017515
 0.593489 0.261993 0.128275 0.00774297 0.00849928
 0.743857 0.15982 0.0620796 0.0303949 0.00384862
 0.74351 0.196679 0.037319 0.014496 0.00799607
 0.343815 0.503295 0.117237 0.0222453 0.0134072
 0.744906 0.0948141 0.122935 0.0286364 0.00870848
 0.622575 0.289504 0.0326787 0.0423709 0.0128713
 0.454378 0.354876 0.146311 0.0165154 0.0279186
 0.729556 0.130899 0.0907612 0.0374197 0.0113642
 0.686211 0.236167 0.0375703 0.02605 0.0140018
 0.386253 0.436595 0.13333 0.0212106 0.0226116
 0.460633 0.223775 0.224499 0.0685589 0.0225336
 0.83152 0.0826996 0.0355888 0.035704 0.0144872
pobs_RECLAS
 0 0 0 0 0
 0 0 0 0 0
 0 0 0 0 0
 0 0 0 0 0
 0 0 0 0 0
 0 0 0 0 0
 0 0 0 0 0
 0 0 0 0 0
 0 0 0 0 0
 0 0 0 0 0
 0.991045 0.00858322 0.000360255 1.14367e-05 0
 0.934742 0.0480273 0.0164251 0.00080598 0
 0.827803 0.169806 0.00239088 0 0
 0.941827 0.0461693 0.0120037 0 0
 0.791401 0.0380133 0.147996 0.0225897 0
 0.846168 0.0940531 0.0597789 0 0
 0.134021 0.677848 0.182769 0.00536245 0
 0.80878 0.0450904 0.141981 0.00414843 0
 0.846168 0.0940531 0.0597789 0 0
 0.905697 0.0802665 0.012482 0.00150086 5.37128e-05
 0.989698 0.0102097 9.19794e-05 0 0
 0.975433 0.0193895 0.00387452 0.00125025 5.28907e-05
 0.303575 0.632131 0.0575291 0.00676475 0
 0.966965 0.00978017 0.0227588 0.000495775 0
 0.843318 0.132988 0.00938335 0.0141283 0.000182051
 0.564624 0.303363 0.111486 0.0197234 0.00080311
 0.826376 0.0876187 0.0782897 0.00655872 0.00115652
 0.89761 0.0855135 0.0140674 0.00269457 0.000114338
 0.34875 0.467042 0.161289 0.0227151 0.000203297
 0.318654 0.224769 0.449479 0.00709798 0
 0.937255 0.0296025 0.0250945 0.00804832 0
ppred_RECLAS
 0.45249 0.0984328 0.427334 0.0217424 7.0558e-07
 0.438475 0.254683 0.055165 0.239492 0.0121855
 0.574377 0.187429 0.108034 0.0234005 0.10676
 0.800888 0.114724 0.0371615 0.02142 0.0258069
 0.674793 0.260965 0.0370147 0.0119899 0.0152373
 0.749868 0.168958 0.0651392 0.00923921 0.00679616
 0.492667 0.381023 0.0853192 0.0328935 0.00809743
 0.449352 0.27305 0.208485 0.0466843 0.0224291
 0.520668 0.215619 0.130767 0.0998462 0.0330993
 0.66937 0.172786 0.0710033 0.0430615 0.0437789
 0.78821 0.142243 0.0363454 0.0149355 0.0182668
 0.738804 0.206003 0.0370687 0.00947167 0.00865255
 0.688805 0.230773 0.0634285 0.0114135 0.00558047
 0.629495 0.256263 0.084718 0.023285 0.00623857
 0.71963 0.177863 0.0709002 0.0234389 0.00816826
 0.921832 0.056472 0.0137639 0.0054866 0.00244591
 0.474596 0.484845 0.0293013 0.00714156 0.00411589
 0.886681 0.0540214 0.0547205 0.00330699 0.00127054
 0.641374 0.31832 0.0192145 0.0194632 0.00162815
 0.62113 0.244179 0.119553 0.00721649 0.00792137
 0.765197 0.146505 0.0569075 0.0278626 0.00352798
 0.764964 0.180228 0.0341975 0.0132835 0.00732725
 0.370151 0.483095 0.112532 0.0213525 0.0128691
 0.76606 0.0869517 0.112741 0.0262617 0.00798633
 0.649103 0.269155 0.0303819 0.0393928 0.0119667
 0.482857 0.336354 0.138675 0.0156534 0.0264614
 0.751564 0.120247 0.0833752 0.0343746 0.0104394
 0.71032 0.218022 0.0346837 0.0240486 0.012926
 0.413709 0.417064 0.127366 0.0202617 0.0216001
 0.489241 0.211906 0.212592 0.0649226 0.0213384
 0.846982 0.0751103 0.0323229 0.0324275 0.0131577
pobs_PELACES
 0 0 0 0 0
 0 0 0 0 0
 0 0 0 0 0
 0 0 0 0 0
 0 0 0 0 0
 0 0 0 0 0
 0 0 0 0 0
 0 0 0 0 0
 0 0 0 0 0
 0 0 0 0 0
 0 0 0 0 0
 0 0 0 0 0
 0 0 0 0 0
 0 0 0 0 0
 0 0 0 0 0
 0 0 0 0 0
 0.505614 0.472636 0.0217494 0 0
 0 0 0 0 0
 0.443492 0.261883 0.143347 0.151278 0
 0.227955 0.32914 0.350689 0.0885471 0.00366901
 0.970185 0.0296113 0.000203453 0 0
 0.997202 0.00247181 0.000326279 0 0
 0.445219 0.490057 0.0546422 0.010081 0
 0.90214 0.0892962 0.00764917 0.000914606 0
 0 0 0 0 0
 0.581667 0.319106 0.0959925 0.00289975 0.000334073
 0.762889 0.0836404 0.116647 0.0363945 0.000428098
 0.88444 0.0763242 0.0277011 0.0115352 0
 0.521256 0.241999 0.230069 0.00667565 0
 0.616807 0.101726 0.260614 0.0208532 0
 0.833518 0.0704572 0.0857862 0.0102388 0
ppred_PELACES
 0.354634 0.108158 0.510759 0.0264481 8.61327e-07
 0.34566 0.280858 0.0661729 0.29238 0.0149291
 0.477359 0.217948 0.136649 0.0301239 0.13792
 0.734237 0.146915 0.051765 0.0303669 0.0367157
 0.592015 0.321244 0.0495629 0.0163394 0.0208384
 0.675218 0.213029 0.0893369 0.0128962 0.00951975
 0.404966 0.436641 0.106353 0.0417304 0.0103092
 0.356979 0.304594 0.252978 0.0576525 0.0277967
 0.424235 0.245752 0.16212 0.125982 0.0419113
 0.580526 0.209279 0.0935457 0.0577396 0.0589092
 0.719839 0.182296 0.0506669 0.0211901 0.0260082
 0.665678 0.258504 0.0505976 0.013158 0.0120626
 0.608042 0.283906 0.0848797 0.0155445 0.00762716
 0.543622 0.306864 0.110348 0.0308676 0.00829939
 0.64045 0.220514 0.0956154 0.0321703 0.0112508
 0.891836 0.0761297 0.0201832 0.00818827 0.00366322
 0.390784 0.558159 0.0366919 0.00910156 0.00526406
 0.842505 0.0717282 0.079032 0.004861 0.00187419
 0.55937 0.386846 0.0253999 0.0261852 0.00219822
 0.532449 0.291976 0.155499 0.00955283 0.010523
 0.692443 0.185296 0.078291 0.0390124 0.00495725
 0.695259 0.228586 0.0471793 0.0186512 0.0103245
 0.291251 0.532132 0.134832 0.0260377 0.0157484
 0.688398 0.109458 0.154376 0.0365984 0.0111692
 0.56341 0.327229 0.0401783 0.0530192 0.0161631
 0.392167 0.382914 0.171724 0.0197279 0.0334673
 0.6731 0.150844 0.113768 0.0477377 0.014549
 0.630762 0.271295 0.0469457 0.0331283 0.0178694
 0.329005 0.464838 0.154411 0.0250002 0.0267458
 0.393451 0.238582 0.260357 0.0809203 0.0266905
 0.789995 0.0981024 0.0459218 0.046888 0.0190925
pobs_pel_tallas
 0 0 0 0 0 0 0 0 0 0 0 0 0 0 0 0 0 0 0 0 0 0 0 0 0 0
 0 0 0 0 0 0 0 0 0 0 0 0 0 0 0 0 0 0 0 0 0 0 0 0 0 0
 0 0 0 0 0 0 0 0 0 0 0 0 0 0 0 0 0 0 0 0 0 0 0 0 0 0
 0 0 0 0 0 0 0 0 0 0 0 0 0 0 0 0 0 0 0 0 0 0 0 0 0 0
 0 0 0 0 0 0 0 0 0 0 0 0 0 0 0 0 0 0 0 0 0 0 0 0 0 0
 0 0 0 0 0 0 0 0 0 0 0 0 0 0 0 0 0 0 0 0 0 0 0 0 0 0
 0 0 0 0 0 0 0 0 0 0 0 0 0 0 0 0 0 0 0 0 0 0 0 0 0 0
 0 0 0 0 0 0 0 0 0 0 0 0 0 0 0 0 0 0 0 0 0 0 0 0 0 0
 0 0 0 0 0 0 0 0 0 0 0 0 0 0 0 0 0 0 0 0 0 0 0 0 0 0
 0 0 0 0 0 0 0 0 0 0 0 0 0 0 0 0 0 0 0 0 0 0 0 0 0 0
 0 0 0 0 0 0 0 0 0 0 0 0 0 0 0 0 0 0 0 0 0 0 0 0 0 0
 0 0 0 0 0 0 0 0 0 0 0 0 0 0 0 0 0 0 0 0 0 0 0 0 0 0
 0.00862536 0 0 0.000197151 0.00414017 0.0128641 0.00837892 0.0270097 0.101434 0.158115 0.152841 0.127902 0.109271 0.109419 0.0830992 0.0579132 0.0238553 0.00714673 0.00463305 0.00128148 0.00103504 0.000492878 0.000147863 0.000147863 4.92878e-05 0
 0 0 0 0 0 0 0 0 0 0 0 0 0 0 0 0 0 0 0 0 0 0 0 0 0 0
 0 0 0 0 0 0 0 0.0054083 0.00873648 0.0413646 0.0450493 0.0745869 0.0622846 0.0627006 0.0613931 0.0827291 0.12552 0.122667 0.0946155 0.0697135 0.0546179 0.0294188 0.0215738 0.0213955 0.0102223 0.00600262
 0 0 0 0 0.00359764 0.0251062 0.0480494 0.140153 0.205849 0.193036 0.1447 0.116669 0.0760912 0.0342217 0.00950174 0.001854 0.000860785 0 0 0 0.000165536 0 0.000143464 0 0 0
 0 0 0 0 0 0 0 0.000145254 0.000435761 0.0275982 0.070085 0.0708112 0.156366 0.174668 0.174014 0.160142 0.0824315 0.0480064 0.0283245 0.00493863 0.00203355 0 0 0 0 0
 0 0 0 0 0 0 0 0 0 0 0 0 0 0 0 0 0 0 0 0 0 0 0 0 0 0
 0 0 1.00437e-05 0.000401748 0.00122533 0.00171747 0.00176769 0.0269171 0.070346 0.194647 0.189555 0.159765 0.064822 0.0314167 0.0384472 0.0292271 0.0345202 0.0313363 0.0194345 0.0106764 0.0143323 0.0359363 0.0279516 0.0138201 0.00172751 0
 0 0.0021121 0.0136068 0.0755702 0.200478 0.177729 0.0527432 0.0373336 0.0318909 0.0142505 0.0149659 0.0166563 0.0217959 0.0798694 0.0677717 0.0528807 0.04013 0.0224614 0.0357745 0.0225083 0.00881397 0.00855152 0.00135912 0.000746735 0 0
 0 0 0 0 5.4009e-05 0.00500934 0.000945158 0.0243581 0.138947 0.33067 0.221406 0.137944 0.0707744 0.0437923 0.0131692 0.00525238 0.0047753 0.00276346 9.45158e-05 9.00151e-06 2.25038e-05 9.00151e-06 4.50075e-06 0 0 0
 0.000866109 0.00284123 0.00948549 0.0512746 0.133035 0.25785 0.225252 0.132002 0.0553304 0.0519788 0.0540692 0.017754 0.00435017 0.00159236 0.00146478 0.000404838 0.000125132 0.000115318 0.000107957 0.000100596 0 0 0 0 0 0
 0 0 0 0 0.00144013 0.00171154 0.00461396 0.0210425 0.0478622 0.0707936 0.0888783 0.103762 0.0637923 0.0337046 0.0602308 0.124433 0.169614 0.0934646 0.0462172 0.0250306 0.0313229 0.00938855 0.002487 0.000210481 0 0
 0 0.00764035 0.051015 0.0998891 0.058973 0.0496711 0.0374665 0.0718981 0.12319 0.153886 0.159021 0.0857701 0.0377988 0.023471 0.0147837 0.00900784 0.00315554 0.000888139 0.00291439 0.00214683 0.00393193 0.00274676 0.000635225 9.99891e-05 0 0
 0 0 0 0 0 0 0 0 0 0 0 0 0 0 0 0 0 0 0 0 0 0 0 0 0 0
 0 0 0 0 0 0 0 0 0 0 0 0 0 0 0 0 0 0 0 0 0 0 0 0 0 0
 0 0 0 0 0 0 0 0 0 0 0 0 0 0 0 0 0 0 0 0 0 0 0 0 0 0
 0 0 0 0 0 0 0 0 0 0 0 0 0 0 0 0 0 0 0 0 0 0 0 0 0 0
 0 0 0 0 0 0 0 0 0 0 0 0 0 0 0 0 0 0 0 0 0 0 0 0 0 0
 0 0 0 0 0 0 0 0 0 0 0 0 0 0 0 0 0 0 0 0 0 0 0 0 0 0
 0 0 0 0 0 0 0 0 0 0 0 0 0 0 0 0 0 0 0 0 0 0 0 0 0 0
ppred_pel_tallas
 1.1742e-16 2.92107e-05 0.000283939 0.00188687 0.00857746 0.0266877 0.0568614 0.0829933 0.0830045 0.0569165 0.0268749 0.00912785 0.00330546 0.00350304 0.00650046 0.0116306 0.0189113 0.0282658 0.0394612 0.0521168 0.0654497 0.0778827 0.0870205 0.0903625 0.0864794 0.0758667
 1.3383e-16 2.84716e-05 0.000276754 0.00183913 0.00836044 0.0260126 0.0554235 0.080898 0.0809252 0.0555566 0.0264598 0.00965432 0.00509555 0.00741554 0.0136798 0.0228324 0.0335508 0.043708 0.0512943 0.0557361 0.058366 0.0614706 0.0665747 0.0732718 0.0793847 0.0821849
 1.30361e-16 3.93195e-05 0.000382199 0.00253985 0.0115458 0.0359234 0.0765393 0.111716 0.111737 0.0766431 0.0362722 0.012556 0.00508581 0.00597457 0.0107638 0.018011 0.0266152 0.0349398 0.0413951 0.0454132 0.0478197 0.0501788 0.053608 0.0579895 0.062076 0.0642355
 1.10791e-16 6.04782e-05 0.000587869 0.0039066 0.0177588 0.0552544 0.117726 0.171827 0.171842 0.117795 0.0554881 0.0184346 0.00560629 0.00430971 0.00716335 0.0118398 0.0172764 0.0222238 0.0254735 0.026533 0.02593 0.0248192 0.0241969 0.0243372 0.0247931 0.0248165
 1.06678e-16 4.87636e-05 0.000473999 0.00314989 0.014319 0.0445518 0.0949235 0.13855 0.138581 0.0950749 0.0450601 0.0157871 0.00683587 0.00852288 0.0153424 0.0253072 0.0365022 0.0460189 0.050933 0.0499224 0.0440605 0.0360794 0.0287079 0.0233762 0.0200364 0.0178345
 1.05537e-16 5.56169e-05 0.000540616 0.00359258 0.0163314 0.0508131 0.108263 0.158018 0.158039 0.108364 0.0511519 0.0173113 0.00605697 0.00593563 0.0103465 0.0171339 0.0249501 0.0319479 0.0362663 0.0370271 0.0348022 0.0311114 0.0273865 0.0242477 0.0215267 0.0187803
 1.09111e-16 3.33566e-05 0.000324238 0.00215468 0.00979489 0.0304758 0.0649334 0.094781 0.0948232 0.0651395 0.0311679 0.0117951 0.00717945 0.0113067 0.0209307 0.034655 0.0501678 0.0636192 0.0711001 0.0708163 0.0641228 0.0545048 0.0453652 0.0383677 0.0333139 0.0291273
 1.17865e-16 2.9404e-05 0.000285817 0.00189936 0.00863421 0.0268644 0.0572385 0.0835475 0.0835772 0.0573838 0.0273533 0.0100508 0.00547202 0.00814115 0.0151135 0.0253732 0.0375674 0.0493878 0.0584571 0.0636443 0.0655722 0.0658126 0.0654855 0.0644856 0.0618553 0.0567679
 1.24469e-16 3.49437e-05 0.000339665 0.0022572 0.0102609 0.0319256 0.0680217 0.0992847 0.0993086 0.0681388 0.0323194 0.0114016 0.00513319 0.00666052 0.0121667 0.0203992 0.0302007 0.0397493 0.0472456 0.0519862 0.054751 0.0570609 0.0598925 0.0629083 0.0647213 0.0638314
 1.18513e-16 4.78172e-05 0.0004648 0.00308876 0.0140411 0.0436871 0.0930808 0.135858 0.135879 0.09318 0.0440208 0.0150065 0.00551872 0.00579198 0.010233 0.0170245 0.0249633 0.0323622 0.0375691 0.0399297 0.0401895 0.0399067 0.0403325 0.0416413 0.0429926 0.0431903
 1.08036e-16 5.92922e-05 0.000576342 0.00382999 0.0174106 0.054171 0.115418 0.168459 0.168477 0.115504 0.0544602 0.0182468 0.00593158 0.00517263 0.00881405 0.0145464 0.0211152 0.0269162 0.0303672 0.0307768 0.0287561 0.025769 0.0231841 0.0215719 0.0206643 0.0198033
 1.04888e-16 5.4831e-05 0.000532977 0.00354182 0.0161006 0.0500952 0.106734 0.155787 0.155811 0.106856 0.0505045 0.0172832 0.00651148 0.00702003 0.0123876 0.0204263 0.0295003 0.0372708 0.0413919 0.0407895 0.0362906 0.0300311 0.0241365 0.0197092 0.0167129 0.014521
 1.05372e-16 5.00837e-05 0.000486831 0.00323517 0.0147066 0.0457579 0.097493 0.1423 0.142327 0.0976271 0.0462084 0.0160086 0.00650688 0.00764062 0.0136706 0.0226102 0.0327746 0.0416519 0.0467017 0.0467361 0.0425824 0.0364285 0.0304128 0.0255861 0.0218593 0.0186379
 1.07763e-16 4.47775e-05 0.000435253 0.00289241 0.0131485 0.04091 0.0871642 0.127225 0.127255 0.0873093 0.0413976 0.0145583 0.00643662 0.00819051 0.0148271 0.0245825 0.0357394 0.0456424 0.0515999 0.0523592 0.048794 0.0431766 0.0376595 0.0331921 0.0295227 0.0259374
 1.07946e-16 5.2753e-05 0.000512778 0.00340759 0.0154904 0.0481966 0.102689 0.149882 0.149903 0.102793 0.0485476 0.0165057 0.00596151 0.00610614 0.0107292 0.0177955 0.0259638 0.0333579 0.0380936 0.0393052 0.0376114 0.0345737 0.0316054 0.0292218 0.0270898 0.0246047
 1.02044e-16 7.34593e-05 0.000714051 0.00474512 0.0215706 0.0671143 0.142994 0.208706 0.208713 0.14303 0.067235 0.0219196 0.00562197 0.00263113 0.00372296 0.00606145 0.00877921 0.011157 0.0125165 0.012551 0.0114988 0.00996308 0.00852375 0.00745054 0.0066856 0.00602096
 1.03006e-16 3.21885e-05 0.000312883 0.00207922 0.00945188 0.0294086 0.0626601 0.0914655 0.0915192 0.0629226 0.0302898 0.0119962 0.00846249 0.0142366 0.0264433 0.0435799 0.0625759 0.0782718 0.08543 0.0816383 0.0687695 0.0517609 0.0357309 0.0236544 0.0159239 0.011384
 1.03104e-16 6.9396e-05 0.000674554 0.00448265 0.0203775 0.0634019 0.135085 0.197162 0.197169 0.135119 0.0635176 0.0207129 0.00532984 0.00254099 0.00366385 0.00607668 0.00904753 0.0120016 0.0143798 0.015888 0.0166011 0.0167823 0.0165892 0.0159459 0.0146714 0.0127112
 1.0383e-16 4.60747e-05 0.000447862 0.0029762 0.0135294 0.0420952 0.0896897 0.130913 0.13095 0.0898717 0.0427061 0.0152934 0.00740205 0.0101034 0.018366 0.0302445 0.0434611 0.0544455 0.0596007 0.0572936 0.0488514 0.0376946 0.0273201 0.019685 0.0149209 0.012093
 1.07301e-16 4.38572e-05 0.000426308 0.00283297 0.0128783 0.0400692 0.0853728 0.12461 0.124638 0.0855112 0.0405347 0.0142248 0.00622151 0.00785169 0.0142283 0.0236671 0.0345867 0.0445274 0.0509698 0.0526896 0.0503735 0.0459329 0.0411333 0.0366837 0.0323442 0.0276479
 1.07059e-16 5.70357e-05 0.000554407 0.00368423 0.016748 0.0521093 0.111025 0.162048 0.162066 0.111113 0.0524043 0.0176011 0.0058304 0.00525501 0.00903028 0.0149602 0.0218337 0.0280712 0.0321006 0.0332092 0.0319304 0.029579 0.0273256 0.0255634 0.0239563 0.0219441
 1.05038e-16 5.72676e-05 0.000556662 0.00369921 0.0168161 0.0523212 0.111477 0.162708 0.16273 0.111585 0.0526833 0.0178623 0.00632668 0.00629735 0.0109746 0.018092 0.0261512 0.0330905 0.0368509 0.036497 0.0327648 0.0275308 0.0226403 0.0190164 0.0165697 0.0147019
 1.09304e-16 2.39901e-05 0.000233192 0.00154964 0.00704449 0.0219183 0.0467012 0.0681725 0.0682239 0.0469523 0.0227618 0.00948207 0.00767303 0.0136163 0.0254871 0.0422184 0.0610983 0.0774282 0.0864119 0.085818 0.0772528 0.0649417 0.0530605 0.0437333 0.036871 0.0313261
 1.10044e-16 5.67025e-05 0.000551168 0.00366271 0.0166501 0.0518048 0.110376 0.161099 0.16111 0.110429 0.0519827 0.0171668 0.00497073 0.00344356 0.00565866 0.00955045 0.0144214 0.0195418 0.0241795 0.0279687 0.0310131 0.0335615 0.0355567 0.0364989 0.0357495 0.0329963
 1.09296e-16 4.64074e-05 0.000451097 0.0029977 0.0136271 0.0423992 0.0903371 0.131856 0.131888 0.0904913 0.0429168 0.0151224 0.00675178 0.00864889 0.0156241 0.0257822 0.0372057 0.0469582 0.0521056 0.0513656 0.0459031 0.0385459 0.0320491 0.0277447 0.0253696 0.0238121
 1.12696e-16 3.23024e-05 0.000313991 0.00208658 0.00948532 0.0295125 0.062881 0.0917844 0.0918215 0.0630623 0.030122 0.0112482 0.00652078 0.0100246 0.0185647 0.0308765 0.0450299 0.0577913 0.0658572 0.06768 0.0642964 0.058412 0.0525353 0.0476843 0.0434478 0.0389293
 1.10572e-16 5.54424e-05 0.00053892 0.00358131 0.0162801 0.0506536 0.107923 0.157521 0.157535 0.107995 0.0508955 0.0169809 0.00534834 0.00442296 0.00751073 0.0125372 0.0185476 0.0243715 0.0288493 0.0314622 0.0325793 0.0330394 0.0334243 0.0336409 0.0330956 0.0312101
 1.07771e-16 5.1955e-05 0.000505022 0.00335605 0.0152561 0.0474676 0.101136 0.147616 0.147642 0.101264 0.0478971 0.0164971 0.00647253 0.00731315 0.0129966 0.0214447 0.0309885 0.039198 0.0436471 0.0432609 0.0389665 0.0330473 0.0277249 0.0240698 0.0218808 0.0203007
 1.11609e-16 2.70998e-05 0.00026342 0.00175052 0.00795763 0.0247594 0.0527541 0.0770056 0.0770505 0.0529738 0.0254975 0.0100913 0.0071135 0.0119943 0.0223753 0.0371293 0.0539091 0.0686881 0.077356 0.0780007 0.0719751 0.0628103 0.0539057 0.0468503 0.0413689 0.0363926
 1.20207e-16 3.24081e-05 0.000315018 0.00209341 0.00951634 0.029609 0.0630859 0.0920807 0.092104 0.0632003 0.0299942 0.010634 0.00491755 0.00654243 0.0120431 0.0203418 0.0304382 0.0406814 0.0493751 0.0557246 0.0601426 0.0635586 0.0663478 0.0678519 0.0668555 0.0625141
 1.09284e-16 6.50709e-05 0.000632512 0.00420327 0.0191074 0.0594504 0.126666 0.184874 0.184884 0.126712 0.059607 0.0195606 0.00534446 0.003136 0.00485662 0.00802591 0.0117982 0.0153695 0.0179884 0.0193707 0.0198724 0.020199 0.0208732 0.0218815 0.0227302 0.0227914
pSPR Fmed_Fpbrs
0.754963   0.192461 0.192461
Fs Fmed_Fpbrs
0.139958   1.005 1.005
SSBpbr Bo_Bmed_Bpbrs
2.59696e+06  1.83076e+06  369965 369965
Ro
256002
SPR SPRFo_SPRFmed_SPRFpbrs
1.82988e+06 1.38149e+06 352181
Fref
1.005
Nvult_r0
 313898 28176.3 12125.4 12164.6 4935.9
CTP_r0
 28947 2878.95 1238.92 1242.93 504.331
YTP_r0
391301
Np
 336792 156251 13771.9 5926.6 7897.82
Nvult_p0
 286272 135210 11917.4 5128.52 6834.3
CTP_p0
 135372 67773.6 5973.56 2570.65 3425.67
YTP_p0
 2.44248e+06
CBA_c0
1.00665e+06
log_Ro
12.2729
likeval ReclasPelacesDesembMPH_pf_preclas_ppelaces_ptallas_desvR_qrecl_qpela
 19.2714 18.5828 0.157066 0.000800915 242.213 121.534 100.777 0 19.8345 1.49918e-05 0 0.79653 0 0 0
q_reclas_q_pelaces
0.577719 1
M
1
N
 264962 57887 251309 12786.4 0.414941
 155049 90751.7 19657.1 85338.8 4342.1
 152746 50212.2 28942.4 6269.02 28600.9
 343642 49713.8 16103.4 9282.02 11183
 276522 107272 15215.3 4928.56 6263.48
 426132 96613.1 37247.7 5283.14 3886.16
 180479 141380 31658 12205.3 3004.58
 88128 53655.4 40968.2 9173.66 4407.42
 75212.5 31388.9 19036.4 14535.1 4818.44
 93301.3 24330.7 9998.26 6063.66 6164.68
 160098 28975.4 7403.7 3042.41 3721.01
 198444 56134 10100.9 2580.95 2357.74
 169290 57480.2 15798.6 2842.84 1389.97
 119971 49877.3 16488.9 4532.02 1214.23
 124136 31113 12402.4 4100.1 1428.85
 582929 36198.9 8822.72 3516.95 1567.84
 166063 171098 10340.2 2520.2 1452.47
 862415 53033.2 53719.5 3246.5 1247.3
 540389 271870 16410.7 16623.1 1390.57
 398606 158591 77648.1 4687.02 5144.83
 621784 120123 46659.9 22845.2 2892.67
 826520 196958 37371.9 14516.5 8007.4
 191578 251681 58626.6 11124.2 6704.49
 553628 63188.4 81929.3 19084.6 5803.73
 445416 185757 20967.9 27186.8 8258.74
 212855 148962 61415.3 6932.47 11719.1
 450511 72492.6 50264.1 20723.3 6293.56
 488534 150709 23975.2 16623.7 8935.17
 163100 165221 50456.3 8026.75 8556.94
 126979 55355.9 55535 16959.6 5574.2
 470149 41948.3 18052 18110.4 7348.45
pred_Ctot
 11618.8 2833.63 12301.9 625.908 0.0203119
 11853.9 7724.29 1673.1 7263.58 369.576
 11243.9 4115.94 2372.44 513.876 2344.44
 33342.8 5360.79 1736.48 1000.91 1205.9
 8824.1 3825.06 542.539 175.74 223.34
 26660.8 6737.22 2597.43 368.415 270.998
 22272.5 19346.4 4332.08 1670.17 411.147
 1777.32 1210.28 924.103 206.927 99.4164
 5796.89 2693.21 1633.35 1247.13 413.429
 9317.7 2699.77 1109.42 672.832 684.041
 4765.95 964.004 246.319 101.22 123.797
 27197.8 8520.68 1533.23 391.767 357.886
 21697.3 8165.5 2244.31 403.847 197.455
 23019 10547 3486.73 958.337 256.76
 16579.9 4603.75 1835.16 606.686 211.425
 75870 5221.13 1272.54 507.265 226.137
 14006.6 16055.7 970.312 236.493 136.298
 78990.9 5400.89 5470.78 330.623 127.024
 70369.9 39233.2 2368.21 2398.85 200.671
 46308.5 20442.7 10009 604.165 663.178
 55285.2 11878.2 4613.9 2259.02 286.038
 91399.1 24177.6 4587.6 1781.98 982.951
 12637.4 18499.3 4309.22 817.657 492.799
 31009.6 3947 5117.64 1192.1 362.524
 25797.6 11996.1 1354.11 1755.72 533.349
 10050.4 7849.52 3236.26 365.304 617.533
 26018.7 4668.34 3236.88 1334.53 405.289
 25087.5 8634.16 1373.55 952.377 511.9
 8034.55 9081.71 2773.43 441.206 470.349
 8259.7 4012.55 4025.53 1229.34 404.053
 28947 2878.95 1238.92 1242.93 504.331
F
 0.0714598 0.0800547 0.0800547 0.0800547 0.0800547
 0.127485 0.142818 0.142818 0.142818 0.142818
 0.122497 0.13723 0.13723 0.13723 0.13723
 0.164229 0.183981 0.183981 0.183981 0.183981
 0.0515773 0.0577807 0.0577807 0.0577807 0.0577807
 0.1033 0.115724 0.115724 0.115724 0.115724
 0.213031 0.238653 0.238653 0.238653 0.238653
 0.0323373 0.0362266 0.0362266 0.0362266 0.0362266
 0.128577 0.144042 0.144042 0.144042 0.144042
 0.169387 0.18976 0.18976 0.18976 0.18976
 0.0480448 0.0538234 0.0538234 0.0538234 0.0538234
 0.239068 0.267822 0.267822 0.267822 0.267822
 0.222046 0.248753 0.248753 0.248753 0.248753
 0.349625 0.391676 0.391676 0.391676 0.391676
 0.232351 0.260297 0.260297 0.260297 0.260297
 0.22583 0.252991 0.252991 0.252991 0.252991
 0.141448 0.15846 0.15846 0.15846 0.15846
 0.154413 0.172986 0.172986 0.172986 0.172986
 0.225959 0.253136 0.253136 0.253136 0.253136
 0.199456 0.223445 0.223445 0.223445 0.223445
 0.149605 0.167599 0.167599 0.167599 0.167599
 0.18906 0.211799 0.211799 0.211799 0.211799
 0.109176 0.122307 0.122307 0.122307 0.122307
 0.0920545 0.103126 0.103126 0.103126 0.103126
 0.0953152 0.106779 0.106779 0.106779 0.106779
 0.0771258 0.0864021 0.0864021 0.0864021 0.0864021
 0.0950338 0.106464 0.106464 0.106464 0.106464
 0.0841229 0.0942408 0.0942408 0.0942408 0.0942408
 0.0805797 0.0902714 0.0902714 0.0902714 0.0902714
 0.107588 0.120528 0.120528 0.120528 0.120528
 0.101586 0.113804 0.113804 0.113804 0.113804
nmprior
 8.19 8.8 8.5 0
nm_flota  nm_reclas  nm_pelaces    nm_pelaL
inf 11.1237 10.6463 21.6451
cv_recla  cv_pelaces  cv_mph
0.397083 0.488796 0.873371
 ------------------------------------------------
Talla a la edad & desviaci?n 
 8 13.2811 15.8009 17.003 17.5766
 0.8 1.32811 1.58009 1.7003 1.75766
