years
 1991 1992 1993 1994 1995 1996 1997 1998 1999 2000 2001 2002 2003 2004 2005 2006 2007 2008 2009 2010 2011 2012 2013 2014 2015 2016 2017 2018 2019 2020 2021
reclasobs
 0 0 0 0 0 0 0 0 0 252601 567819 844713 477998 351125 339783 2.1784e+06 2.13404e+06 4.81314e+06 1.55562e+06 2.62356e+06 3.21686e+06 3.843e+06 1.13348e+06 3.07943e+06 1.97215e+06 2.03268e+06 2.025e+06 2.42433e+06 2.27542e+06 1.05018e+06 2.36338e+06
reclaspred
 1.77024e+06 1.31643e+06 670582 362650 298958 570532 436855 373121 270629 176535 316208 538308 479561 317079 443598 906108 1.27783e+06 1.91094e+06 1.92377e+06 1.51742e+06 2.46255e+06 2.05596e+06 2.02085e+06 2.40723e+06 2.03438e+06 1.69074e+06 1.84941e+06 2.11509e+06 2.32765e+06 1.30078e+06 1.27909e+06
pelacesobs
 0 0 0 0 0 0 0 0 0 0 0 0 0 0 0 552880 188675 0 991730 2.46772e+06 1.41603e+06 1.21717e+06 2.29649e+06 1.80582e+06 0 1.4828e+06 1.56532e+06 1.57751e+06 1.42118e+06 867257 1.10002e+06
pelacespred
 738589 601571 320268 142301 123699 242123 151631 170499 121518 69579.6 147854 212161 204472 140168 219689 375713 522901 849096 919665 696547 1.00027e+06 980023 925880 1.20036e+06 1.04364e+06 823731 1.0287e+06 1.18408e+06 1.06604e+06 691273 650661
mphobs
 0 0 0 0 0 0 0 0 0 0 0 498337 0 5186 125008 0 168611 109162 213762 579715 649985 157893 87575 83554 0 0 0 0 0 0 0
mphpred
 1.34942e+06 1.38768e+06 760932 340254 243724 223808 481199 275178 237228 176084 95329.5 390059 402394 272654 185026 410349 976594 1.02417e+06 1.54611e+06 1.38173e+06 1.4452e+06 1.69151e+06 1.76514e+06 1.47332e+06 1.96455e+06 1.51682e+06 1.11669e+06 1.48713e+06 2.16208e+06 1.39664e+06 808577
desembarqueobs
 494567 514787 250237 358949 120608 361735 552515 73892 212993 205616 52469 317467 293654 387597 252695 516296 358380 742168 942051 627588 828172 859565 418607 520667 417249 300574 415391 372974 316634 284311 391294
desembarquepred
 494581 512553 250926 358077 120748 361138 552727 73935.6 213013 205327 52427.8 317625 293771 387196 253088 516718 358683 742058 942356 626762 827798 859636 417900 520020 417865 300725 415262 373173 316405 284319 392666
Reclutas
 339952 81166.9 39050.9 96225 57290.9 218724 89308.5 24678.2 39451.1 36784.9 145460 135618 93364.6 81233.2 130711 434625 129876 569887 502263 298545 428108 675220 130080 376455 285694 106850 387007 399539 82748.1 70125.9 258254
log_desv_Rt
 0.80814 -0.624158 -1.3558 -0.453976 -0.972522 0.367144 -0.528569 -1.81474 -1.3456 -1.41558 -0.0407622 -0.110823 -0.484152 -0.62334 -0.147679 1.05382 -0.154082 1.32477 1.19846 0.678257 1.03871 1.49437 -0.152515 0.910135 0.634258 -0.349236 0.937778 0.969646 -0.604864 -0.770373 0.533278
SSB
 1.34942e+06 1.38768e+06 760932 340254 243724 223808 481199 275178 237228 176084 95329.5 390059 402394 272654 185026 410349 976594 1.02417e+06 1.54611e+06 1.38173e+06 1.4452e+06 1.69151e+06 1.76514e+06 1.47332e+06 1.96455e+06 1.51682e+06 1.11669e+06 1.48713e+06 2.16208e+06 1.39664e+06 808577
BT
 2.46741e+06 1.96077e+06 1.00652e+06 757424 446948 1.25074e+06 903562 562257 595961 408366 623840 919527 880561 891095 1.11208e+06 1.82789e+06 1.7279e+06 3.6103e+06 3.80921e+06 2.53026e+06 3.88128e+06 3.8006e+06 2.80055e+06 4.49689e+06 3.17807e+06 2.4697e+06 4.0261e+06 4.26967e+06 2.83839e+06 2.03753e+06 2.59491e+06
Ftot
 0.262674 0.361359 0.347615 0.872715 0.375458 0.583848 1.08141 0.187315 0.710653 1.00883 0.157741 0.54082 0.559532 1.0637 0.529352 0.528203 0.263577 0.363042 0.453225 0.383902 0.314747 0.389208 0.195223 0.204329 0.194037 0.168337 0.212413 0.167384 0.129014 0.206095 0.288713
BD_Bspro_t
 0.958843 0.778145 0.586376 0.427573 0.359266 0.408299 0.499174 0.315001 0.351077 0.326671 0.268965 0.674249 0.551083 0.415494 0.32183 0.499375 0.606726 0.601239 0.640462 0.580341 0.544168 0.581484 0.621991 0.616728 0.708212 0.705431 0.693198 0.764638 0.811965 0.741301 0.659256
BD_Bspro
 1.246 1.28134 0.702617 0.314178 0.225046 0.206656 0.444321 0.25409 0.219048 0.16259 0.0880239 0.360167 0.371556 0.251759 0.170846 0.378902 0.901752 0.945686 1.42763 1.27584 1.33444 1.56188 1.62987 1.36041 1.814 1.40058 1.03111 1.37316 1.99639 1.28961 0.746611
BD_Bo
 0.779262 0.80136 0.439424 0.19649 0.140746 0.129245 0.277883 0.15891 0.136995 0.101685 0.0550509 0.225252 0.232375 0.157452 0.106849 0.236969 0.563964 0.591441 0.89285 0.797921 0.834573 0.976816 1.01934 0.850812 1.13449 0.875936 0.644866 0.858786 1.24856 0.806531 0.466937
BD_Brms
 3.30795 3.40176 1.86534 0.834095 0.597463 0.548642 1.17961 0.67457 0.581539 0.431652 0.23369 0.956188 0.986426 0.668382 0.453571 1.00593 2.39402 2.51065 3.79013 3.38716 3.54275 4.14656 4.32706 3.61168 4.81589 3.71833 2.73744 3.64553 5.30011 3.42371 1.98214
Sel_flota
 0.5 1 1 1 1
 0.5 1 1 1 1
 0.5 1 1 1 1
 0.5 1 1 1 1
 0.5 1 1 1 1
 0.5 1 1 1 1
 0.5 1 1 1 1
 0.5 1 1 1 1
 0.5 1 1 1 1
 0.5 1 1 1 1
 0.5 1 1 1 1
 0.5 1 1 1 1
 0.5 1 1 1 1
 0.5 1 1 1 1
 0.5 1 1 1 1
 0.5 1 1 1 1
 0.5 1 1 1 1
 0.5 1 1 1 1
 0.5 1 1 1 1
 0.5 1 1 1 1
 0.5 1 1 1 1
 0.5 1 1 1 1
 0.5 1 1 1 1
 0.5 1 1 1 1
 0.5 1 1 1 1
 0.5 1 1 1 1
 0.5 1 1 1 1
 0.5 1 1 1 1
 0.5 1 1 1 1
 0.5 1 1 1 1
 0.5 1 1 1 1
Sel_reclas
 0.5 1 1 1 1
 0.5 1 1 1 1
 0.5 1 1 1 1
 0.5 1 1 1 1
 0.5 1 1 1 1
 0.5 1 1 1 1
 0.5 1 1 1 1
 0.5 1 1 1 1
 0.5 1 1 1 1
 0.5 1 1 1 1
 0.5 1 1 1 1
 0.5 1 1 1 1
 0.5 1 1 1 1
 0.5 1 1 1 1
 0.5 1 1 1 1
 0.5 1 1 1 1
 0.5 1 1 1 1
 0.5 1 1 1 1
 0.5 1 1 1 1
 0.5 1 1 1 1
 0.5 1 1 1 1
 0.5 1 1 1 1
 0.5 1 1 1 1
 0.5 1 1 1 1
 0.5 1 1 1 1
 0.5 1 1 1 1
 0.5 1 1 1 1
 0.5 1 1 1 1
 0.5 1 1 1 1
 0.5 1 1 1 1
 0.5 1 1 1 1
Sel_pelaces
 0.5 1 1 1 1
 0.5 1 1 1 1
 0.5 1 1 1 1
 0.5 1 1 1 1
 0.5 1 1 1 1
 0.5 1 1 1 1
 0.5 1 1 1 1
 0.5 1 1 1 1
 0.5 1 1 1 1
 0.5 1 1 1 1
 0.5 1 1 1 1
 0.5 1 1 1 1
 0.5 1 1 1 1
 0.5 1 1 1 1
 0.5 1 1 1 1
 0.5 1 1 1 1
 0.5 1 1 1 1
 0.5 1 1 1 1
 0.5 1 1 1 1
 0.5 1 1 1 1
 0.5 1 1 1 1
 0.5 1 1 1 1
 0.5 1 1 1 1
 0.5 1 1 1 1
 0.5 1 1 1 1
 0.5 1 1 1 1
 0.5 1 1 1 1
 0.5 1 1 1 1
 0.5 1 1 1 1
 0.5 1 1 1 1
 0.5 1 1 1 1
pf_obs 
 0.8446 0.082 0.0669 0.0065 0
 0.8095 0.147 0.0364 0.0071 0
 0.9664 0.0169 0.016 0.0007 0
 0.9276 0.0648 0.0075 0.0001 0
 0.7033 0.2144 0.0806 0.0017 0
 0.9318 0.0425 0.0243 0.0014 0
 0.5671 0.3108 0.0964 0.0239 0.0018
 0.0768 0.2599 0.5324 0.112 0.0189
 0.490249 0.384438 0.106611 0.0170017 0.00170017
 0.7925 0.1577 0.0466 0.003 0.0002
 0.840416 0.127587 0.0312969 0.00059994 9.999e-05
 0.8084 0.0986 0.0794 0.0134 0.0002
 0.7335 0.1905 0.0724 0.0035 0.0001
 0.4001 0.4547 0.1325 0.0127 0
 0.49795 0.308269 0.164784 0.0264974 0.00249975
 0.9179 0.0499 0.0305 0.0017 0
 0.2467 0.6533 0.0926 0.0074 0
 0.9418 0.0223 0.034 0.0019 0
 0.707729 0.231977 0.0356964 0.0245975 0
 0.517169 0.277429 0.184464 0.0207286 0.00020938
 0.811772 0.124168 0.05621 0.00726502 0.000585176
 0.764997 0.148141 0.077277 0.00933861 0.000247198
 0.163321 0.427699 0.378323 0.0303852 0.000271297
 0.753843 0.0900009 0.118128 0.0371064 0.000921714
 0.721811 0.176058 0.0630433 0.0369309 0.00215725
 0.143369 0.312575 0.442814 0.0836902 0.0175525
 0.692698 0.0596174 0.167031 0.0765114 0.00414204
 0.394062 0.376323 0.152708 0.0712218 0.00568511
 0.125707 0.32114 0.495352 0.0537591 0.00404204
 0.23352 0.215282 0.420074 0.123614 0.00750983
 0.774587 0.0839891 0.0768558 0.0609784 0.00358967
pf_pred 
 0.629294 0.234331 0.0862055 0.0317132 0.0184564
 0.238078 0.598848 0.103083 0.0379219 0.0220697
 0.256371 0.3054 0.344435 0.0592892 0.0345049
 0.669858 0.143158 0.0767923 0.0866075 0.0235844
 0.531843 0.394389 0.0319877 0.0171587 0.0246216
 0.8341 0.1191 0.0394259 0.00319771 0.00417665
 0.454183 0.503947 0.0300587 0.00995039 0.00186116
 0.319897 0.47747 0.187089 0.0111592 0.00438501
 0.576323 0.21125 0.149135 0.0584363 0.00485516
 0.626209 0.288735 0.04241 0.02994 0.0127062
 0.883148 0.0960797 0.0160452 0.00235676 0.00236988
 0.588791 0.386787 0.020081 0.00335351 0.000987885
 0.513158 0.375701 0.10454 0.00542748 0.00117339
 0.57485 0.303801 0.0936464 0.0260575 0.00164532
 0.76558 0.185635 0.0348605 0.0107457 0.00317884
 0.852323 0.130667 0.01347 0.00252955 0.0010104
 0.341864 0.612967 0.0399663 0.00411999 0.00108274
 0.794637 0.108676 0.0900514 0.00587148 0.000764337
 0.584484 0.372388 0.0228231 0.0189117 0.00139359
 0.454975 0.416153 0.115496 0.00707856 0.00629768
 0.621208 0.247036 0.100602 0.0279203 0.00323361
 0.679611 0.250815 0.0453739 0.0184779 0.00572214
 0.214839 0.649138 0.106485 0.0192638 0.0102743
 0.623943 0.13803 0.196791 0.0322817 0.00895468
 0.480737 0.404534 0.042111 0.0600383 0.0125807
 0.277421 0.478575 0.190092 0.0197881 0.0341239
 0.714035 0.127719 0.104809 0.0416305 0.0118068
 0.576109 0.356813 0.0299588 0.0245848 0.0125347
 0.188822 0.600822 0.177068 0.014867 0.0184205
 0.294569 0.229945 0.352183 0.103791 0.0195121
 0.734401 0.124912 0.0458587 0.0702371 0.0245909
pobs_RECLAS
 0 0 0 0 0
 0 0 0 0 0
 0 0 0 0 0
 0 0 0 0 0
 0 0 0 0 0
 0 0 0 0 0
 0 0 0 0 0
 0 0 0 0 0
 0 0 0 0 0
 0 0 0 0 0
 0.991045 0.00858322 0.000360255 1.14367e-05 0
 0.934742 0.0480273 0.0164251 0.00080598 0
 0.827803 0.169806 0.00239088 0 0
 0.941827 0.0461693 0.0120037 0 0
 0.791401 0.0380133 0.147996 0.0225897 0
 0.846168 0.0940531 0.0597789 0 0
 0.134021 0.677848 0.182769 0.00536245 0
 0.80878 0.0450904 0.141981 0.00414843 0
 0.846168 0.0940531 0.0597789 0 0
 0.905697 0.0802665 0.012482 0.00150086 5.37128e-05
 0.989698 0.0102097 9.19794e-05 0 0
 0.975433 0.0193895 0.00387452 0.00125025 5.28907e-05
 0.303575 0.632131 0.0575291 0.00676475 0
 0.966965 0.00978017 0.0227588 0.000495775 0
 0.843318 0.132988 0.00938335 0.0141283 0.000182051
 0.564624 0.303363 0.111486 0.0197234 0.00080311
 0.826376 0.0876187 0.0782897 0.00655872 0.00115652
 0.89761 0.0855135 0.0140674 0.00269457 0.000114338
 0.34875 0.467042 0.161289 0.0227151 0.000203297
 0.318654 0.224769 0.449479 0.00709798 0
 0.937255 0.0296025 0.0250945 0.00804832 0
ppred_RECLAS
 0.632274 0.232447 0.0855124 0.0314583 0.018308
 0.241476 0.596177 0.102623 0.0377528 0.0219713
 0.259778 0.304001 0.342857 0.0590176 0.0343469
 0.682458 0.137695 0.0738615 0.0833021 0.0226843
 0.536699 0.390298 0.0316558 0.0169807 0.0243661
 0.838727 0.115778 0.0383263 0.00310852 0.00406015
 0.473426 0.48618 0.028999 0.00959959 0.00179554
 0.321796 0.476137 0.186567 0.0111281 0.00437276
 0.586954 0.20595 0.145393 0.0569701 0.00473334
 0.642498 0.276152 0.0405618 0.0286352 0.0121525
 0.88389 0.0954703 0.0159435 0.00234181 0.00235485
 0.596196 0.379822 0.0197194 0.00329312 0.000970095
 0.521155 0.36953 0.102823 0.00533833 0.00115411
 0.593218 0.290675 0.0896005 0.0249317 0.00157423
 0.770894 0.181426 0.0340702 0.0105021 0.00310678
 0.85603 0.127387 0.0131319 0.00246605 0.00098503
 0.34476 0.610269 0.0397904 0.00410186 0.00107797
 0.797679 0.107066 0.0887176 0.00578451 0.000753016
 0.590439 0.367051 0.022496 0.0186407 0.00137362
 0.459951 0.412354 0.114441 0.00701393 0.00624018
 0.624922 0.244614 0.0996158 0.0276466 0.00320191
 0.684034 0.247353 0.0447476 0.0182228 0.00564315
 0.216383 0.647861 0.106276 0.0192259 0.0102541
 0.626194 0.137203 0.195613 0.0320885 0.00890107
 0.483 0.40277 0.0419274 0.0597766 0.0125258
 0.278975 0.477546 0.189683 0.0197456 0.0340505
 0.71608 0.126805 0.104059 0.0413327 0.0117224
 0.577985 0.355233 0.0298262 0.024476 0.0124792
 0.189709 0.600165 0.176874 0.0148507 0.0184004
 0.296589 0.229286 0.351174 0.103494 0.0194562
 0.737178 0.123606 0.0453793 0.0695027 0.0243338
pobs_PELACES
 0 0 0 0 0
 0 0 0 0 0
 0 0 0 0 0
 0 0 0 0 0
 0 0 0 0 0
 0 0 0 0 0
 0 0 0 0 0
 0 0 0 0 0
 0 0 0 0 0
 0 0 0 0 0
 0 0 0 0 0
 0 0 0 0 0
 0 0 0 0 0
 0 0 0 0 0
 0 0 0 0 0
 0 0 0 0 0
 0.505614 0.472636 0.0217494 0 0
 0 0 0 0 0
 0.443492 0.261883 0.143347 0.151278 0
 0.227955 0.32914 0.350689 0.0885471 0.00366901
 0.970185 0.0296113 0.000203453 0 0
 0.997202 0.00247181 0.000326279 0 0
 0.445219 0.490057 0.0546422 0.010081 0
 0.90214 0.0892962 0.00764917 0.000914606 0
 0 0 0 0 0
 0.581667 0.319106 0.0959925 0.00289975 0.000334073
 0.762889 0.0836404 0.116647 0.0363945 0.000428098
 0.88444 0.0763242 0.0277011 0.0115352 0
 0.521256 0.241999 0.230069 0.00667565 0
 0.616807 0.101726 0.260614 0.0208532 0
 0.833518 0.0704572 0.0857862 0.0102388 0
ppred_PELACES
 0.642292 0.226114 0.0831828 0.0306012 0.0178092
 0.252565 0.587462 0.101123 0.0372009 0.0216501
 0.270958 0.299409 0.337678 0.0581262 0.0338281
 0.712813 0.124532 0.0668007 0.0753388 0.0205157
 0.552064 0.377354 0.030606 0.0164175 0.0235581
 0.851336 0.106726 0.0353297 0.00286548 0.0037427
 0.518001 0.445024 0.0265441 0.00878697 0.00164354
 0.328578 0.471375 0.184701 0.0110168 0.00432903
 0.615063 0.191934 0.135499 0.0530931 0.00441122
 0.679763 0.247367 0.0363338 0.0256504 0.0108858
 0.886534 0.0932959 0.0155803 0.00228847 0.00230122
 0.617482 0.3598 0.0186799 0.00311953 0.000918957
 0.544133 0.351797 0.0978891 0.00508216 0.00109873
 0.634784 0.260974 0.080445 0.0223842 0.00141338
 0.785955 0.1695 0.0318306 0.00981177 0.00290255
 0.866441 0.118175 0.0121822 0.00228771 0.000913797
 0.35465 0.601058 0.0391899 0.00403995 0.0010617
 0.807174 0.102042 0.084554 0.00551304 0.000717676
 0.608393 0.35096 0.0215098 0.0178235 0.0013134
 0.47572 0.400313 0.1111 0.00680913 0.00605797
 0.637013 0.236728 0.0964044 0.0267553 0.00309869
 0.697747 0.236617 0.0428055 0.017432 0.00539824
 0.221895 0.643305 0.105528 0.0190907 0.010182
 0.634052 0.134319 0.191501 0.0314139 0.00871397
 0.490998 0.396539 0.0412788 0.0588518 0.012332
 0.284596 0.473823 0.188204 0.0195916 0.0337851
 0.723152 0.123647 0.101468 0.0403033 0.0114304
 0.584707 0.349575 0.0293511 0.0240862 0.0122804
 0.193003 0.597726 0.176155 0.0147904 0.0183256
 0.303732 0.226958 0.347608 0.102443 0.0192586
 0.746303 0.119315 0.0438037 0.0670897 0.0234889
pobs_pel_tallas
 0 0 0 0 0 0 0 0 0 0 0 0 0 0 0 0 0 0 0 0 0 0 0 0 0 0
 0 0 0 0 0 0 0 0 0 0 0 0 0 0 0 0 0 0 0 0 0 0 0 0 0 0
 0 0 0 0 0 0 0 0 0 0 0 0 0 0 0 0 0 0 0 0 0 0 0 0 0 0
 0 0 0 0 0 0 0 0 0 0 0 0 0 0 0 0 0 0 0 0 0 0 0 0 0 0
 0 0 0 0 0 0 0 0 0 0 0 0 0 0 0 0 0 0 0 0 0 0 0 0 0 0
 0 0 0 0 0 0 0 0 0 0 0 0 0 0 0 0 0 0 0 0 0 0 0 0 0 0
 0 0 0 0 0 0 0 0 0 0 0 0 0 0 0 0 0 0 0 0 0 0 0 0 0 0
 0 0 0 0 0 0 0 0 0 0 0 0 0 0 0 0 0 0 0 0 0 0 0 0 0 0
 0 0 0 0 0 0 0 0 0 0 0 0 0 0 0 0 0 0 0 0 0 0 0 0 0 0
 0 0 0 0 0 0 0 0 0 0 0 0 0 0 0 0 0 0 0 0 0 0 0 0 0 0
 0 0 0 0 0 0 0 0 0 0 0 0 0 0 0 0 0 0 0 0 0 0 0 0 0 0
 0 0 0 0 0 0 0 0 0 0 0 0 0 0 0 0 0 0 0 0 0 0 0 0 0 0
 0.00862536 0 0 0.000197151 0.00414017 0.0128641 0.00837892 0.0270097 0.101434 0.158115 0.152841 0.127902 0.109271 0.109419 0.0830992 0.0579132 0.0238553 0.00714673 0.00463305 0.00128148 0.00103504 0.000492878 0.000147863 0.000147863 4.92878e-05 0
 0 0 0 0 0 0 0 0 0 0 0 0 0 0 0 0 0 0 0 0 0 0 0 0 0 0
 0 0 0 0 0 0 0 0.0054083 0.00873648 0.0413646 0.0450493 0.0745869 0.0622846 0.0627006 0.0613931 0.0827291 0.12552 0.122667 0.0946155 0.0697135 0.0546179 0.0294188 0.0215738 0.0213955 0.0102223 0.00600262
 0 0 0 0 0.00359764 0.0251062 0.0480494 0.140153 0.205849 0.193036 0.1447 0.116669 0.0760912 0.0342217 0.00950174 0.001854 0.000860785 0 0 0 0.000165536 0 0.000143464 0 0 0
 0 0 0 0 0 0 0 0.000145254 0.000435761 0.0275982 0.070085 0.0708112 0.156366 0.174668 0.174014 0.160142 0.0824315 0.0480064 0.0283245 0.00493863 0.00203355 0 0 0 0 0
 0 0 0 0 0 0 0 0 0 0 0 0 0 0 0 0 0 0 0 0 0 0 0 0 0 0
 0 0 1.00437e-05 0.000401748 0.00122533 0.00171747 0.00176769 0.0269171 0.070346 0.194647 0.189555 0.159765 0.064822 0.0314167 0.0384472 0.0292271 0.0345202 0.0313363 0.0194345 0.0106764 0.0143323 0.0359363 0.0279516 0.0138201 0.00172751 0
 0 0.0021121 0.0136068 0.0755702 0.200478 0.177729 0.0527432 0.0373336 0.0318909 0.0142505 0.0149659 0.0166563 0.0217959 0.0798694 0.0677717 0.0528807 0.04013 0.0224614 0.0357745 0.0225083 0.00881397 0.00855152 0.00135912 0.000746735 0 0
 0 0 0 0 5.4009e-05 0.00500934 0.000945158 0.0243581 0.138947 0.33067 0.221406 0.137944 0.0707744 0.0437923 0.0131692 0.00525238 0.0047753 0.00276346 9.45158e-05 9.00151e-06 2.25038e-05 9.00151e-06 4.50075e-06 0 0 0
 0.000866109 0.00284123 0.00948549 0.0512746 0.133035 0.25785 0.225252 0.132002 0.0553304 0.0519788 0.0540692 0.017754 0.00435017 0.00159236 0.00146478 0.000404838 0.000125132 0.000115318 0.000107957 0.000100596 0 0 0 0 0 0
 0 0 0 0 0.00144013 0.00171154 0.00461396 0.0210425 0.0478622 0.0707936 0.0888783 0.103762 0.0637923 0.0337046 0.0602308 0.124433 0.169614 0.0934646 0.0462172 0.0250306 0.0313229 0.00938855 0.002487 0.000210481 0 0
 0 0.00764035 0.051015 0.0998891 0.058973 0.0496711 0.0374665 0.0718981 0.12319 0.153886 0.159021 0.0857701 0.0377988 0.023471 0.0147837 0.00900784 0.00315554 0.000888139 0.00291439 0.00214683 0.00393193 0.00274676 0.000635225 9.99891e-05 0 0
 0 0 0 0 0 0 0 0 0 0 0 0 0 0 0 0 0 0 0 0 0 0 0 0 0 0
 0 0 0 0 0 0 0 0 0 0 0 0 0 0 0 0 0 0 0 0 0 0 0 0 0 0
 0 0 0 0 0 0 0 0 0 0 0 0 0 0 0 0 0 0 0 0 0 0 0 0 0 0
 0 0 0 0 0 0 0 0 0 0 0 0 0 0 0 0 0 0 0 0 0 0 0 0 0 0
 0 0 0 0 0 0 0 0 0 0 0 0 0 0 0 0 0 0 0 0 0 0 0 0 0 0
 0 0 0 0 0 0 0 0 0 0 0 0 0 0 0 0 0 0 0 0 0 0 0 0 0 0
 0 0 0 0 0 0 0 0 0 0 0 0 0 0 0 0 0 0 0 0 0 0 0 0 0 0
ppred_pel_tallas
 1.08542e-16 5.29048e-05 0.000514254 0.0034174 0.015535 0.0483353 0.102984 0.150313 0.150335 0.103091 0.0486947 0.0165744 0.006031 0.00623489 0.0109623 0.0181581 0.0264349 0.0338462 0.0384444 0.0393499 0.0372439 0.0338136 0.0306119 0.0282483 0.0263975 0.0243754
 1.10463e-16 2.08035e-05 0.000202218 0.00134381 0.00610881 0.0190071 0.0404987 0.0591208 0.0591775 0.0407755 0.0199368 0.00879477 0.00808791 0.0149313 0.0280139 0.0463335 0.0668737 0.0843809 0.0935137 0.0918328 0.0812479 0.0666726 0.0530099 0.0428242 0.0360512 0.0312397
 1.21376e-16 2.23185e-05 0.000216944 0.00144167 0.00655364 0.020391 0.0434462 0.0634171 0.0634465 0.0435898 0.0208744 0.00795625 0.00498573 0.00803096 0.0150898 0.0255063 0.0381344 0.0508796 0.0615501 0.0690583 0.0738259 0.0769623 0.0789768 0.0792177 0.0764565 0.0699697
 1.12987e-16 5.87135e-05 0.000570716 0.00379261 0.0172407 0.0536422 0.114291 0.166813 0.166825 0.11435 0.0538413 0.0178173 0.00524554 0.0037612 0.00617445 0.010267 0.015154 0.0198662 0.023487 0.0256812 0.0268975 0.0279829 0.0295045 0.0313197 0.0326841 0.0327319
 1.06613e-16 4.54728e-05 0.000442012 0.00293733 0.0133527 0.0415454 0.0885182 0.129202 0.129239 0.0886957 0.0421415 0.0150741 0.00725698 0.00986762 0.0179345 0.0295479 0.0424959 0.0533167 0.0585291 0.0565697 0.0487577 0.0384395 0.0290098 0.0223281 0.0184377 0.0163153
 1.01968e-16 7.01235e-05 0.000681625 0.00452964 0.0205911 0.0640666 0.136501 0.199229 0.19924 0.136551 0.064236 0.0210809 0.00576053 0.00337367 0.00519744 0.00851953 0.0123545 0.0157201 0.0176594 0.0177214 0.0162066 0.0139215 0.011655 0.00979579 0.00831825 0.00701911
 1.0204e-16 4.26672e-05 0.00041474 0.0027561 0.0125288 0.0389821 0.0830571 0.121233 0.121276 0.0832664 0.0396846 0.0145571 0.00784456 0.0115134 0.0210932 0.0347308 0.0498557 0.0623352 0.0679869 0.0648847 0.0545243 0.0408514 0.0279607 0.0182398 0.0120134 0.00836703
 1.07288e-16 2.70646e-05 0.000263078 0.00174825 0.00794731 0.0247273 0.0526857 0.0769059 0.0769515 0.0529087 0.0254764 0.0101134 0.0071941 0.0121797 0.0227415 0.0377675 0.0548977 0.070057 0.0790537 0.0798687 0.0737275 0.0640265 0.0540651 0.0454394 0.0380517 0.031175
 1.10031e-16 5.06619e-05 0.000492452 0.00327252 0.0148764 0.0462861 0.0986182 0.14394 0.143959 0.0987095 0.0465935 0.0157666 0.0055161 0.00542047 0.00949924 0.0158592 0.0233953 0.0305923 0.0359246 0.038683 0.0393113 0.0388971 0.0382618 0.0374265 0.0358094 0.0328391
 1.05527e-16 5.59912e-05 0.000544254 0.00361676 0.0164413 0.0511551 0.108992 0.159082 0.159106 0.109109 0.0515465 0.0175719 0.00645536 0.0067431 0.0118355 0.0194972 0.0281304 0.035489 0.0393334 0.038661 0.0343113 0.0283887 0.0229736 0.0191215 0.0167352 0.0151033
 1.01093e-16 7.30227e-05 0.000709806 0.00471691 0.0214424 0.0667153 0.142144 0.207466 0.207475 0.142188 0.0668629 0.0218688 0.00578739 0.00304724 0.00451395 0.00735134 0.0105931 0.0133423 0.0147372 0.0143799 0.0125659 0.0100758 0.00770055 0.00587375 0.00462109 0.00374796
 1.011e-16 5.08613e-05 0.00049439 0.00328539 0.0149349 0.0464683 0.099007 0.144511 0.144545 0.0991762 0.0470362 0.0165744 0.00739801 0.00946357 0.0170594 0.0280548 0.0402507 0.050282 0.0547541 0.0521001 0.0435283 0.0322416 0.0215793 0.0135111 0.0083396 0.00535349
 1.03611e-16 4.48196e-05 0.000435662 0.00289513 0.0131609 0.0409485 0.0872464 0.127346 0.12738 0.0874125 0.0415063 0.0147729 0.00694484 0.00928726 0.0168877 0.0279305 0.0404203 0.0512175 0.0571242 0.056619 0.0507001 0.042099 0.03355 0.0265017 0.0210239 0.0165453
 1.04873e-16 5.22864e-05 0.000508242 0.00337745 0.0153534 0.0477703 0.101781 0.148557 0.148582 0.101904 0.0481845 0.0165506 0.00638619 0.007088 0.0125827 0.0208087 0.0301807 0.0383938 0.0431218 0.0432772 0.0396141 0.0341219 0.0287297 0.0243619 0.0209054 0.0178077
 1.02438e-16 6.47381e-05 0.000629277 0.00418177 0.0190097 0.0591464 0.126018 0.183931 0.183947 0.126098 0.0594147 0.0197849 0.00612832 0.00488093 0.00814625 0.013383 0.0193153 0.0243804 0.0270301 0.0265512 0.0234785 0.0192101 0.0151458 0.0120253 0.00985169 0.0082472
 1.00766e-16 7.13677e-05 0.000693719 0.00461001 0.0209564 0.0652033 0.138923 0.202764 0.202776 0.138979 0.06539 0.0214956 0.00596308 0.00364625 0.00567507 0.00925935 0.0133085 0.0166868 0.0182883 0.0176027 0.0150162 0.0115516 0.00826244 0.00575155 0.00408893 0.00303688
 1.0187e-16 2.92122e-05 0.000283953 0.00188697 0.00857792 0.0266894 0.0568667 0.0830108 0.0830687 0.0571494 0.0276383 0.0113175 0.00875995 0.015275 0.0284625 0.0469093 0.0673386 0.084186 0.0917925 0.0875379 0.0734189 0.0547449 0.0370446 0.0235697 0.0148168 0.00962434
 1.03141e-16 6.64859e-05 0.000646266 0.00429467 0.0195229 0.0607432 0.12942 0.188894 0.188904 0.129469 0.0609068 0.019997 0.00548972 0.00327229 0.00510408 0.00846358 0.0124889 0.0163338 0.0191581 0.020534 0.0206265 0.0199464 0.0189059 0.0175733 0.015788 0.0134505
 1.02721e-16 5.01126e-05 0.000487112 0.00323703 0.0147151 0.0457843 0.0975496 0.142384 0.142417 0.0977147 0.0463385 0.0163151 0.00725118 0.00924358 0.0166615 0.0274169 0.0393783 0.0492886 0.0538697 0.0516256 0.0437526 0.0333599 0.0236455 0.0164286 0.0118817 0.00920387
 1.05017e-16 3.91845e-05 0.000380887 0.00253113 0.0115062 0.0358002 0.0762776 0.111337 0.111376 0.0764666 0.036435 0.0133406 0.00713958 0.010454 0.0192072 0.0317881 0.046011 0.0583188 0.0650829 0.0645851 0.0579756 0.0483729 0.0388877 0.0311495 0.0251995 0.0203372
 1.06051e-16 5.247e-05 0.000510027 0.00338931 0.0154073 0.047938 0.102138 0.149078 0.149101 0.10225 0.0483145 0.0164962 0.00612758 0.00650457 0.0114869 0.0190373 0.0277241 0.0355053 0.0403199 0.041201 0.0387926 0.0347852 0.0307574 0.0273696 0.0243972 0.0213169
 1.03958e-16 5.74725e-05 0.000558654 0.00371245 0.0168763 0.0525085 0.111876 0.163291 0.163313 0.111987 0.052883 0.0179584 0.00642962 0.00649346 0.0113383 0.0186793 0.0269642 0.0340416 0.0377589 0.0371312 0.0329187 0.0270841 0.0215823 0.0174308 0.0146014 0.0125244
 1.06848e-16 1.82773e-05 0.000177662 0.00118063 0.00536701 0.0166991 0.0355815 0.0519452 0.0520072 0.0358846 0.0177168 0.00830689 0.0085612 0.0162931 0.0306347 0.0506432 0.0730138 0.0919449 0.101517 0.0989816 0.0863735 0.069073 0.0525396 0.0397726 0.0309662 0.024801
 1.10186e-16 5.2226e-05 0.000507656 0.00337355 0.0153357 0.0477151 0.101662 0.148382 0.148395 0.101727 0.0479333 0.0159695 0.00497786 0.0040544 0.00691881 0.0116971 0.0176429 0.0238554 0.0294067 0.0338082 0.0371476 0.0397099 0.0414462 0.0418205 0.0401779 0.0362826
 1.09282e-16 4.0443e-05 0.00039312 0.00261242 0.0118757 0.03695 0.0787272 0.114913 0.114951 0.0789139 0.0375769 0.0136866 0.00715812 0.0103169 0.0188902 0.0311754 0.0449388 0.0566066 0.062591 0.0613096 0.0541645 0.0446062 0.0360364 0.0301645 0.0267788 0.0246229
 1.13235e-16 2.34419e-05 0.000227864 0.00151424 0.00688353 0.0214174 0.0456338 0.0666135 0.0666594 0.045858 0.0221708 0.00906189 0.00699166 0.0122164 0.0228837 0.0380349 0.0553513 0.0707868 0.080197 0.0816376 0.0764217 0.0680051 0.0596646 0.0528523 0.0472086 0.0416844
 1.08937e-16 5.95651e-05 0.000578994 0.00384762 0.0174907 0.0544202 0.115948 0.169233 0.169245 0.116007 0.0546187 0.0180661 0.00529905 0.00377137 0.00619311 0.0103306 0.0153163 0.0201955 0.0240301 0.0263968 0.0275795 0.0282238 0.0287492 0.0290265 0.0285419 0.0268316
 1.05431e-16 4.81616e-05 0.000468148 0.00311101 0.0141422 0.0440019 0.0937519 0.136841 0.136874 0.0939164 0.0445542 0.0157371 0.00711333 0.00920181 0.0166254 0.0273851 0.0393934 0.0494416 0.0543066 0.0525371 0.0453438 0.0358045 0.0270354 0.0207336 0.0169313 0.0147013
 1.09821e-16 1.58976e-05 0.00015453 0.00102691 0.00466821 0.0145248 0.0309489 0.0451829 0.0452406 0.0312311 0.015473 0.00740865 0.00791259 0.0152085 0.028672 0.0475466 0.0688888 0.0874556 0.0978708 0.0976006 0.0883691 0.0747985 0.0614532 0.0506524 0.042336 0.0353597
 1.23622e-16 2.5018e-05 0.000243184 0.00161605 0.00734632 0.0228573 0.0487006 0.0710847 0.0711071 0.0488103 0.0232271 0.00842137 0.00434024 0.00627542 0.0117326 0.0200166 0.0303823 0.0414714 0.0518546 0.060823 0.0685607 0.07544 0.0810931 0.0841881 0.0831536 0.0772294
 1.11998e-16 6.1472e-05 0.00059753 0.0039708 0.0180507 0.0561624 0.11966 0.17465 0.174662 0.119717 0.0563525 0.0186008 0.0053554 0.00363294 0.00586531 0.00970605 0.0142392 0.0184929 0.0215558 0.0231033 0.0236138 0.0240073 0.0249732 0.0265093 0.0279691 0.028491
pSPR Fmed_Fpbrs
0.589993   0.285572 0.285572
Fs Fmed_Fpbrs
0.352841   1.005 1.005
SSBpbr Bo_Bmed_Bpbrs
1.73166e+06  935084  407931 407931
Ro
151512
SPR SPRFo_SPRFmed_SPRFpbrs
1.083e+06 638960 309274
Fref
1.005
Nvult_r0
 176018 16857.5 6188.87 9478.86 3318.67
CTP_r0
 22204.1 3776.63 1386.51 2123.57 743.488
YTP_r0
392666
Np
 227174 82235.4 6414.31 2354.87 4600.82
Nvult_p0
 176611 71161.6 5550.56 2037.76 3981.27
CTP_p0
 59066.3 35669.5 2782.2 1021.42 1995.6
YTP_p0
 1.1822e+06
CBA_c0
629526
log_Ro
11.7484
likeval ReclasPelacesDesembMPH_pf_preclas_ppelaces_ptallas_desvR_qrecl_qpela
 24.0495 27.5984 0.334457 0.00260994 251.755 134.432 107.477 0 34.3755 0 0 0.791681 0 0 0
q_reclas_q_pelaces
1 1
M
1
N
 339952 66730.7 24548.8 9031.01 5255.84
 81166.9 109669 18877.9 6944.78 4041.7
 39050.9 24923.9 28109.5 4838.63 2815.97
 96225 12074.1 6476.71 7304.52 1989.12
 57290.9 22881.6 1855.85 995.508 1428.49
 218724 17468.8 5782.72 469.018 612.601
 89308.5 60092.5 3584.31 1186.52 221.931
 24678.2 19132.5 7496.78 447.157 175.71
 39451.1 8266.93 5836.17 2286.81 189.999
 36784.9 10173 1494.23 1054.87 447.677
 145460 8171.68 1364.66 200.444 201.561
 135618 49453.5 2567.5 428.77 126.308
 93364.6 38070.2 10593.2 549.973 118.901
 81233.2 25964.9 8003.67 2227.06 140.62
 130711 17557.4 3297.12 1016.34 300.656
 434625 36903.6 3804.27 714.407 285.361
 129876 122778 8005.33 825.242 216.875
 569887 41879.4 34702.3 2262.64 294.545
 502263 174848 10716.2 8879.66 654.335
 298545 147306 40882.1 2505.6 2229.19
 428108 90646.8 36914.7 10245 1186.53
 675220 134559 24342.5 9913.15 3069.85
 130080 204473 33541.8 6067.92 3236.31
 376455 43403.4 61880.9 10151 2815.8
 285694 125040 13016.4 18557.7 3888.65
 106850 95383.4 37886.6 3943.91 6801.14
 387007 36134.9 29653.1 11778.3 3340.46
 399539 128026 10749.4 8821.17 4497.52
 82748.1 135182 39839.2 3344.99 4144.51
 70125.9 28539.6 43711.2 12882.1 2421.74
 258254 23271.8 8543.74 13085.6 4581.42
pred_Ctot
 26733.6 9954.81 3662.17 1347.24 784.061
 8606.87 21649.2 3726.58 1370.93 797.85
 3994.51 4758.43 5366.62 923.783 537.62
 22281.3 4761.84 2554.33 2880.81 784.482
 6294.18 4667.46 378.563 203.067 291.388
 35844.4 5118.17 1694.28 137.418 179.486
 24628 27326.5 1629.93 539.559 100.921
 1405.41 2097.68 821.944 49.0261 19.2648
 7675.86 2813.57 1986.28 778.293 64.6642
 9593.72 4423.51 649.735 458.691 194.663
 7018.56 763.565 127.515 18.7296 18.8339
 20763.3 13639.7 708.142 118.259 34.837
 14734.1 10787.3 3001.62 155.837 33.691
 22107.9 11683.7 3601.5 1002.13 63.2765
 19632.3 4760.35 893.951 275.56 81.5171
 65152.3 9988.32 1029.66 193.361 77.2355
 10246.6 18372.3 1197.9 123.488 32.4527
 60691.1 8300.23 6877.76 448.44 58.3769
 65577.1 41780.7 2560.67 2121.83 156.356
 33479.8 30623.1 8498.9 520.884 463.422
 39915.2 15873.1 6464.1 1794 207.773
 76685.9 28301.5 5119.9 2085.01 645.675
 7708.23 23290.4 3820.57 691.165 368.631
 23304.8 5155.53 7350.31 1205.75 334.465
 16830.8 14162.9 1474.32 2101.96 440.454
 5489.92 9470.57 3761.75 391.589 675.282
 24864.6 4447.51 3649.72 1449.68 411.146
 20415.9 12644.6 1061.67 871.229 444.2
 3284.91 10452.4 3080.42 258.639 320.459
 4377.13 3416.85 5233.24 1542.28 289.939
 22204.1 3776.63 1386.51 2123.57 743.488
F
 0.131337 0.262674 0.262674 0.262674 0.262674
 0.18068 0.361359 0.361359 0.361359 0.361359
 0.173808 0.347615 0.347615 0.347615 0.347615
 0.436357 0.872715 0.872715 0.872715 0.872715
 0.187729 0.375458 0.375458 0.375458 0.375458
 0.291924 0.583848 0.583848 0.583848 0.583848
 0.540706 1.08141 1.08141 1.08141 1.08141
 0.0936577 0.187315 0.187315 0.187315 0.187315
 0.355327 0.710653 0.710653 0.710653 0.710653
 0.504414 1.00883 1.00883 1.00883 1.00883
 0.0788707 0.157741 0.157741 0.157741 0.157741
 0.27041 0.54082 0.54082 0.54082 0.54082
 0.279766 0.559532 0.559532 0.559532 0.559532
 0.531848 1.0637 1.0637 1.0637 1.0637
 0.264676 0.529352 0.529352 0.529352 0.529352
 0.264102 0.528203 0.528203 0.528203 0.528203
 0.131788 0.263577 0.263577 0.263577 0.263577
 0.181521 0.363042 0.363042 0.363042 0.363042
 0.226612 0.453225 0.453225 0.453225 0.453225
 0.191951 0.383902 0.383902 0.383902 0.383902
 0.157374 0.314747 0.314747 0.314747 0.314747
 0.194604 0.389208 0.389208 0.389208 0.389208
 0.0976116 0.195223 0.195223 0.195223 0.195223
 0.102164 0.204329 0.204329 0.204329 0.204329
 0.0970183 0.194037 0.194037 0.194037 0.194037
 0.0841684 0.168337 0.168337 0.168337 0.168337
 0.106206 0.212413 0.212413 0.212413 0.212413
 0.083692 0.167384 0.167384 0.167384 0.167384
 0.0645068 0.129014 0.129014 0.129014 0.129014
 0.103047 0.206095 0.206095 0.206095 0.206095
 0.144357 0.288713 0.288713 0.288713 0.288713
nmprior
 8.19 8.8 8.5 0
nm_flota  nm_reclas  nm_pelaces    nm_pelaL
inf 7.7721 7.13937 12.8753
cv_recla  cv_pelaces  cv_mph
0.443586 0.595682 1.5766
 ------------------------------------------------
Talla a la edad & desviaci?n 
 8 13.2811 15.8009 17.003 17.5766
 0.8 1.32811 1.58009 1.7003 1.75766
