years
 1991 1992 1993 1994 1995 1996 1997 1998 1999 2000 2001 2002 2003 2004 2005 2006 2007 2008 2009 2010 2011 2012 2013 2014 2015 2016 2017 2018 2019 2020 2021
reclasobs
 0 0 0 0 0 0 0 0 0 252601 567819 844713 477998 351125 339783 2.1784e+06 2.13404e+06 4.81314e+06 1.55562e+06 2.62356e+06 3.21686e+06 3.843e+06 1.13348e+06 3.07943e+06 1.97215e+06 2.03268e+06 2.025e+06 2.42433e+06 2.27542e+06 1.05018e+06 2.36338e+06
reclaspred
 2.49593e+06 1.96575e+06 1.05255e+06 870976 1.01394e+06 1.55871e+06 1.48586e+06 1.42471e+06 862116 519175 490359 609855 566896 518677 662426 1.042e+06 1.42959e+06 2.34041e+06 2.14095e+06 1.72671e+06 3.12229e+06 2.38758e+06 2.1691e+06 2.71744e+06 2.47691e+06 2.47697e+06 2.55239e+06 2.14003e+06 2.11153e+06 1.42238e+06 1.98802e+06
pelacesobs
 0 0 0 0 0 0 0 0 0 0 0 0 0 0 0 552880 188675 0 991730 2.46772e+06 1.41603e+06 1.21717e+06 2.29649e+06 1.80582e+06 0 1.4828e+06 1.56532e+06 1.57751e+06 1.42118e+06 867257 1.10002e+06
pelacespred
 1.06171e+06 934852 531871 389554 450853 713284 664744 698529 461272 264357 254822 251461 250897 252848 341036 444407 596433 1.04601e+06 1.03823e+06 797696 1.29365e+06 1.17935e+06 1.02913e+06 1.37362e+06 1.26994e+06 1.21217e+06 1.4156e+06 1.23493e+06 979256 723046 1.01773e+06
mphobs
 0 0 0 0 0 0 0 0 0 0 0 498337 0 5186 125008 0 168611 109162 213762 579715 649985 157893 87575 83554 0 0 0 0 0 0 0
mphpred
 1.83677e+06 2.06437e+06 1.15879e+06 607632 801090 828233 1.41889e+06 1.12376e+06 989709 488853 341654 470801 449286 366645 362709 604278 1.03204e+06 1.24041e+06 1.9186e+06 1.44142e+06 1.77804e+06 2.23668e+06 1.84744e+06 1.64549e+06 2.26952e+06 1.97318e+06 1.82957e+06 1.89038e+06 1.92851e+06 1.36442e+06 978890
desembarqueobs
 494567 514787 250237 358949 120608 361735 552515 73892 212993 205616 52469 317467 293654 387597 252695 516296 358380 742168 942051 627588 828172 859565 418607 520667 417249 300574 407403 355545 319650 289779 391294
desembarquepred
 494012 509933 251874 358752 120671 361420 552378 73952.3 213004 205130 52401.1 317958 294322 386344 252705 516868 357723 742086 940287 626314 827684 859448 418097 519486 415961 299079 406905 356437 320226 289797 391362
Reclutas
 480550 65686.9 68992.4 258797 136265 396563 181172 71637.9 19515.3 81730 125119 138785 120581 128914 154809 402152 179459 666029 427125 410487 543946 560134 186669 431183 395614 222285 403227 288126 134788 110833 460209
log_desv_Rt
 0.857997 -1.13203 -1.08294 0.239109 -0.402335 0.665899 -0.117486 -1.04531 -2.34574 -0.913514 -0.48767 -0.384007 -0.524617 -0.457791 -0.274743 0.679895 -0.12699 1.1844 0.740142 0.70041 0.981916 1.01124 -0.0875991 0.749597 0.663504 0.0870278 0.682564 0.346465 -0.41323 -0.608909 0.814747
SSB
 1.83677e+06 2.06437e+06 1.15879e+06 607632 801090 828233 1.41889e+06 1.12376e+06 989709 488853 341654 470801 449286 366645 362709 604278 1.03204e+06 1.24041e+06 1.9186e+06 1.44142e+06 1.77804e+06 2.23668e+06 1.84744e+06 1.64549e+06 2.26952e+06 1.97318e+06 1.82957e+06 1.89038e+06 1.92851e+06 1.36442e+06 978890
BT
 3.37435e+06 2.70931e+06 1.52011e+06 1.56051e+06 1.29793e+06 2.7515e+06 2.23094e+06 1.99548e+06 1.34592e+06 976228 845437 1.02687e+06 1.03946e+06 1.29167e+06 1.48792e+06 1.9698e+06 1.99344e+06 4.25741e+06 3.9835e+06 2.89409e+06 4.8369e+06 4.17009e+06 3.18416e+06 5.09231e+06 3.83971e+06 3.6922e+06 4.98191e+06 4.06155e+06 2.72016e+06 2.19431e+06 4.03687e+06
Ftot
 0.18727 0.243543 0.225104 0.383956 0.113183 0.219169 0.346112 0.0496158 0.232281 0.367754 0.101835 0.480391 0.478578 0.677376 0.357455 0.460488 0.235693 0.297902 0.407356 0.338902 0.249606 0.336051 0.182251 0.181146 0.159152 0.114839 0.151342 0.157973 0.143785 0.192436 0.186686
BD_Bspro_t
 0.970481 0.838736 0.683754 0.581214 0.643598 0.704182 0.747311 0.654772 0.699479 0.591055 0.57842 0.724992 0.592887 0.499452 0.478587 0.585989 0.623627 0.653523 0.68831 0.596243 0.600371 0.646829 0.637112 0.6519 0.744406 0.760647 0.783463 0.803587 0.801522 0.743823 0.703167
BD_Bspro
 1.26113 1.4174 0.795627 0.417201 0.55003 0.568666 0.974211 0.771572 0.679535 0.335647 0.23458 0.323253 0.308481 0.251739 0.249036 0.414898 0.708603 0.851666 1.31731 0.989679 1.2208 1.5357 1.26846 1.1298 1.55825 1.35479 1.25618 1.29794 1.32412 0.936813 0.672107
BD_Bo
 0.935995 1.05198 0.590506 0.309642 0.408226 0.422057 0.723048 0.572652 0.504344 0.249114 0.174103 0.239915 0.228951 0.186838 0.184832 0.307933 0.525917 0.632097 0.977696 0.734529 0.906068 1.13978 0.941434 0.838523 1.15652 1.00551 0.932326 0.963314 0.982744 0.695292 0.49883
BD_Brms
 3.97328 4.46561 2.50668 1.31442 1.73291 1.79162 3.06933 2.4309 2.14093 1.05748 0.739062 1.01843 0.971892 0.793123 0.784608 1.30717 2.23251 2.68324 4.1503 3.11806 3.84624 4.83835 3.99637 3.55951 4.9094 4.26835 3.9577 4.08925 4.17173 2.9515 2.11752
Sel_flota
 0.5 1 1 1 1
 0.5 1 1 1 1
 0.5 1 1 1 1
 0.5 1 1 1 1
 0.5 1 1 1 1
 0.5 1 1 1 1
 0.5 1 1 1 1
 0.5 1 1 1 1
 0.5 1 1 1 1
 0.5 1 1 1 1
 0.5 1 1 1 1
 0.5 1 1 1 1
 0.5 1 1 1 1
 0.5 1 1 1 1
 0.5 1 1 1 1
 0.5 1 1 1 1
 0.5 1 1 1 1
 0.5 1 1 1 1
 0.5 1 1 1 1
 0.5 1 1 1 1
 0.5 1 1 1 1
 0.5 1 1 1 1
 0.5 1 1 1 1
 0.5 1 1 1 1
 0.5 1 1 1 1
 0.5 1 1 1 1
 0.5 1 1 1 1
 0.5 1 1 1 1
 0.5 1 1 1 1
 0.5 1 1 1 1
 0.5 1 1 1 1
Sel_reclas
 0.5 1 1 1 1
 0.5 1 1 1 1
 0.5 1 1 1 1
 0.5 1 1 1 1
 0.5 1 1 1 1
 0.5 1 1 1 1
 0.5 1 1 1 1
 0.5 1 1 1 1
 0.5 1 1 1 1
 0.5 1 1 1 1
 0.5 1 1 1 1
 0.5 1 1 1 1
 0.5 1 1 1 1
 0.5 1 1 1 1
 0.5 1 1 1 1
 0.5 1 1 1 1
 0.5 1 1 1 1
 0.5 1 1 1 1
 0.5 1 1 1 1
 0.5 1 1 1 1
 0.5 1 1 1 1
 0.5 1 1 1 1
 0.5 1 1 1 1
 0.5 1 1 1 1
 0.5 1 1 1 1
 0.5 1 1 1 1
 0.5 1 1 1 1
 0.5 1 1 1 1
 0.5 1 1 1 1
 0.5 1 1 1 1
 0.5 1 1 1 1
Sel_pelaces
 0.5 1 1 1 1
 0.5 1 1 1 1
 0.5 1 1 1 1
 0.5 1 1 1 1
 0.5 1 1 1 1
 0.5 1 1 1 1
 0.5 1 1 1 1
 0.5 1 1 1 1
 0.5 1 1 1 1
 0.5 1 1 1 1
 0.5 1 1 1 1
 0.5 1 1 1 1
 0.5 1 1 1 1
 0.5 1 1 1 1
 0.5 1 1 1 1
 0.5 1 1 1 1
 0.5 1 1 1 1
 0.5 1 1 1 1
 0.5 1 1 1 1
 0.5 1 1 1 1
 0.5 1 1 1 1
 0.5 1 1 1 1
 0.5 1 1 1 1
 0.5 1 1 1 1
 0.5 1 1 1 1
 0.5 1 1 1 1
 0.5 1 1 1 1
 0.5 1 1 1 1
 0.5 1 1 1 1
 0.5 1 1 1 1
 0.5 1 1 1 1
pf_obs 
 0.8446 0.082 0.0669 0.0065 0
 0.8095 0.147 0.0364 0.0071 0
 0.9664 0.0169 0.016 0.0007 0
 0.9276 0.0648 0.0075 0.0001 0
 0.7033 0.2144 0.0806 0.0017 0
 0.9318 0.0425 0.0243 0.0014 0
 0.5671 0.3108 0.0964 0.0239 0.0018
 0.0768 0.2599 0.5324 0.112 0.0189
 0.490249 0.384438 0.106611 0.0170017 0.00170017
 0.7925 0.1577 0.0466 0.003 0.0002
 0.840416 0.127587 0.0312969 0.00059994 9.999e-05
 0.8084 0.0986 0.0794 0.0134 0.0002
 0.7335 0.1905 0.0724 0.0035 0.0001
 0.4001 0.4547 0.1325 0.0127 0
 0.49795 0.308269 0.164784 0.0264974 0.00249975
 0.9179 0.0499 0.0305 0.0017 0
 0.2467 0.6533 0.0926 0.0074 0
 0.9418 0.0223 0.034 0.0019 0
 0.707729 0.231977 0.0356964 0.0245975 0
 0.517169 0.277429 0.184464 0.0207286 0.00020938
 0.811772 0.124168 0.05621 0.00726502 0.000585176
 0.764997 0.148141 0.077277 0.00933861 0.000247198
 0.163321 0.427699 0.378323 0.0303852 0.000271297
 0.753843 0.0900009 0.118128 0.0371064 0.000921714
 0.721811 0.176058 0.0630433 0.0369309 0.00215725
 0.143369 0.312575 0.442814 0.0836902 0.0175525
 0.692698 0.0596174 0.167031 0.0765114 0.00414204
 0.394062 0.376323 0.152708 0.0712218 0.00568511
 0.125707 0.32114 0.495352 0.0537591 0.00404204
 0.23352 0.215282 0.420074 0.123614 0.00750983
 0.774587 0.0839891 0.0768558 0.0609784 0.00358967
pf_pred 
 0.637442 0.22918 0.0843106 0.0310162 0.0180507
 0.144472 0.674163 0.114645 0.0421755 0.0245452
 0.310151 0.183788 0.39878 0.0678146 0.0394665
 0.751086 0.122014 0.0338085 0.073357 0.0197348
 0.43611 0.491387 0.0355398 0.00984766 0.0271155
 0.729161 0.166638 0.0908035 0.00656741 0.00683044
 0.387333 0.521863 0.0558682 0.0304434 0.00449186
 0.27376 0.424058 0.257396 0.0275556 0.0172309
 0.147055 0.369671 0.282188 0.171283 0.029803
 0.649786 0.0944929 0.110831 0.0846025 0.0602875
 0.672935 0.263512 0.0171476 0.0201124 0.0262931
 0.585006 0.335798 0.0638075 0.00415217 0.0112368
 0.557877 0.338441 0.0838956 0.0159416 0.00384477
 0.609879 0.290605 0.0761792 0.0188839 0.0044537
 0.661304 0.268986 0.0519278 0.0136124 0.00417018
 0.789735 0.170958 0.0312168 0.00602642 0.00206373
 0.417838 0.521785 0.0490896 0.0089637 0.00232304
 0.785049 0.130321 0.0758529 0.00713625 0.00164077
 0.493467 0.450168 0.034173 0.0198902 0.00230152
 0.540953 0.315787 0.127319 0.00966499 0.0062764
 0.618639 0.275718 0.0726737 0.0293006 0.00366868
 0.568636 0.335403 0.0693783 0.0182867 0.00829599
 0.292841 0.52662 0.140376 0.0290369 0.0111257
 0.624673 0.175066 0.149135 0.0397534 0.0113737
 0.52331 0.371046 0.0492757 0.041977 0.0143908
 0.371155 0.438367 0.148265 0.0196899 0.0225237
 0.596881 0.221618 0.126524 0.0427932 0.012184
 0.449885 0.415834 0.0738222 0.042146 0.0183132
 0.30916 0.436275 0.192427 0.0341611 0.0279774
 0.376187 0.301235 0.203712 0.0898507 0.0290146
 0.783529 0.1214 0.045909 0.0310462 0.0181154
pobs_RECLAS
 0 0 0 0 0
 0 0 0 0 0
 0 0 0 0 0
 0 0 0 0 0
 0 0 0 0 0
 0 0 0 0 0
 0 0 0 0 0
 0 0 0 0 0
 0 0 0 0 0
 0 0 0 0 0
 0.991045 0.00858322 0.000360255 1.14367e-05 0
 0.934742 0.0480273 0.0164251 0.00080598 0
 0.827803 0.169806 0.00239088 0 0
 0.941827 0.0461693 0.0120037 0 0
 0.791401 0.0380133 0.147996 0.0225897 0
 0.846168 0.0940531 0.0597789 0 0
 0.134021 0.677848 0.182769 0.00536245 0
 0.80878 0.0450904 0.141981 0.00414843 0
 0.846168 0.0940531 0.0597789 0 0
 0.905697 0.0802665 0.012482 0.00150086 5.37128e-05
 0.989698 0.0102097 9.19794e-05 0 0
 0.975433 0.0193895 0.00387452 0.00125025 5.28907e-05
 0.303575 0.632131 0.0575291 0.00676475 0
 0.966965 0.00978017 0.0227588 0.000495775 0
 0.843318 0.132988 0.00938335 0.0141283 0.000182051
 0.564624 0.303363 0.111486 0.0197234 0.00080311
 0.826376 0.0876187 0.0782897 0.00655872 0.00115652
 0.89761 0.0855135 0.0140674 0.00269457 0.000114338
 0.34875 0.467042 0.161289 0.0227151 0.000203297
 0.318654 0.224769 0.449479 0.00709798 0
 0.937255 0.0296025 0.0250945 0.00804832 0
ppred_RECLAS
 0.639453 0.227909 0.083843 0.0308441 0.0179506
 0.145928 0.673016 0.11445 0.0421037 0.0245034
 0.312449 0.183176 0.397451 0.0675887 0.039335
 0.754816 0.120185 0.0333018 0.0722577 0.019439
 0.437345 0.490311 0.035462 0.0098261 0.0270562
 0.73121 0.165377 0.0901166 0.00651773 0.00677877
 0.391542 0.518278 0.0554844 0.0302343 0.004461
 0.274179 0.423813 0.257247 0.0275397 0.017221
 0.148454 0.369064 0.281725 0.171002 0.0297541
 0.654106 0.0933275 0.109464 0.083559 0.0595439
 0.673921 0.262718 0.0170959 0.0200518 0.0262139
 0.591405 0.33062 0.0628236 0.00408814 0.0110635
 0.564352 0.333484 0.0826669 0.0157082 0.00378846
 0.619592 0.283369 0.0742825 0.0184138 0.00434281
 0.665412 0.265723 0.051298 0.0134473 0.0041196
 0.793866 0.167599 0.0306034 0.00590801 0.00202318
 0.420589 0.51932 0.0488577 0.00892135 0.00231206
 0.787539 0.128812 0.0749742 0.00705358 0.00162177
 0.498855 0.44538 0.0338095 0.0196787 0.00227704
 0.545236 0.312841 0.126131 0.00957481 0.00621783
 0.621482 0.273663 0.0721321 0.0290822 0.00364133
 0.572822 0.332148 0.068705 0.0181093 0.00821547
 0.294594 0.525315 0.140028 0.0289649 0.0110981
 0.626639 0.174149 0.148354 0.0395452 0.0113141
 0.525124 0.369634 0.0490882 0.0418172 0.014336
 0.372346 0.437537 0.147984 0.0196526 0.0224811
 0.598535 0.220708 0.126005 0.0426175 0.012134
 0.45167 0.414484 0.0735825 0.0420092 0.0182538
 0.310551 0.435396 0.192039 0.0340923 0.0279211
 0.378297 0.300217 0.203023 0.0895468 0.0289165
 0.784998 0.120576 0.0455975 0.0308355 0.0179924
pobs_PELACES
 0 0 0 0 0
 0 0 0 0 0
 0 0 0 0 0
 0 0 0 0 0
 0 0 0 0 0
 0 0 0 0 0
 0 0 0 0 0
 0 0 0 0 0
 0 0 0 0 0
 0 0 0 0 0
 0 0 0 0 0
 0 0 0 0 0
 0 0 0 0 0
 0 0 0 0 0
 0 0 0 0 0
 0 0 0 0 0
 0.505614 0.472636 0.0217494 0 0
 0 0 0 0 0
 0.443492 0.261883 0.143347 0.151278 0
 0.227955 0.32914 0.350689 0.0885471 0.00366901
 0.970185 0.0296113 0.000203453 0 0
 0.997202 0.00247181 0.000326279 0 0
 0.445219 0.490057 0.0546422 0.010081 0
 0.90214 0.0892962 0.00764917 0.000914606 0
 0 0 0 0 0
 0.581667 0.319106 0.0959925 0.00289975 0.000334073
 0.762889 0.0836404 0.116647 0.0363945 0.000428098
 0.88444 0.0763242 0.0277011 0.0115352 0
 0.521256 0.241999 0.230069 0.00667565 0
 0.616807 0.101726 0.260614 0.0208532 0
 0.833518 0.0704572 0.0857862 0.0102388 0
ppred_PELACES
 0.646546 0.223425 0.0821936 0.0302373 0.0175974
 0.151007 0.669013 0.113769 0.0418533 0.0243577
 0.320484 0.181035 0.392807 0.0667989 0.0388754
 0.766351 0.114531 0.0317352 0.0688583 0.0185245
 0.441945 0.486302 0.035172 0.00974575 0.0268349
 0.738258 0.161041 0.0877537 0.00634683 0.00660103
 0.405228 0.50662 0.0542364 0.0295542 0.00436066
 0.275811 0.42286 0.256669 0.0274777 0.0171823
 0.153365 0.366936 0.280101 0.170016 0.0295826
 0.667703 0.0896587 0.105161 0.0802742 0.0572031
 0.677602 0.259752 0.0169029 0.0198254 0.0259179
 0.610411 0.315241 0.0599013 0.00389798 0.0105489
 0.583658 0.318705 0.0790034 0.0150121 0.00362057
 0.645561 0.264024 0.0692115 0.0171567 0.00404634
 0.678413 0.255398 0.0493047 0.0129248 0.00395953
 0.806023 0.157715 0.0287986 0.00555959 0.00190387
 0.430094 0.5108 0.0480561 0.008775 0.00227413
 0.795647 0.123896 0.0721129 0.00678439 0.00155988
 0.515653 0.430451 0.0326763 0.0190191 0.00220072
 0.559062 0.303329 0.122296 0.0092837 0.00602879
 0.631121 0.266694 0.0702952 0.0283416 0.00354861
 0.586332 0.321643 0.0665321 0.0175365 0.00795565
 0.300882 0.520633 0.13878 0.0287067 0.0109992
 0.633605 0.170899 0.145586 0.0388074 0.011103
 0.531668 0.364541 0.0484118 0.041241 0.0141384
 0.376785 0.434442 0.146937 0.0195136 0.0223221
 0.604521 0.217418 0.124126 0.0419822 0.0119531
 0.458134 0.409599 0.0727152 0.041514 0.0180386
 0.315653 0.432174 0.190618 0.03384 0.0277144
 0.385793 0.296597 0.200575 0.0884671 0.0285679
 0.790151 0.117686 0.0445046 0.0300965 0.0175612
pobs_pel_tallas
 0 0 0 0 0 0 0 0 0 0 0 0 0 0 0 0 0 0 0 0 0 0 0 0 0 0
 0 0 0 0 0 0 0 0 0 0 0 0 0 0 0 0 0 0 0 0 0 0 0 0 0 0
 0 0 0 0 0 0 0 0 0 0 0 0 0 0 0 0 0 0 0 0 0 0 0 0 0 0
 0 0 0 0 0 0 0 0 0 0 0 0 0 0 0 0 0 0 0 0 0 0 0 0 0 0
 0 0 0 0 0 0 0 0 0 0 0 0 0 0 0 0 0 0 0 0 0 0 0 0 0 0
 0 0 0 0 0 0 0 0 0 0 0 0 0 0 0 0 0 0 0 0 0 0 0 0 0 0
 0 0 0 0 0 0 0 0 0 0 0 0 0 0 0 0 0 0 0 0 0 0 0 0 0 0
 0 0 0 0 0 0 0 0 0 0 0 0 0 0 0 0 0 0 0 0 0 0 0 0 0 0
 0 0 0 0 0 0 0 0 0 0 0 0 0 0 0 0 0 0 0 0 0 0 0 0 0 0
 0 0 0 0 0 0 0 0 0 0 0 0 0 0 0 0 0 0 0 0 0 0 0 0 0 0
 0 0 0 0 0 0 0 0 0 0 0 0 0 0 0 0 0 0 0 0 0 0 0 0 0 0
 0 0 0 0 0 0 0 0 0 0 0 0 0 0 0 0 0 0 0 0 0 0 0 0 0 0
 0.00862536 0 0 0.000197151 0.00414017 0.0128641 0.00837892 0.0270097 0.101434 0.158115 0.152841 0.127902 0.109271 0.109419 0.0830992 0.0579132 0.0238553 0.00714673 0.00463305 0.00128148 0.00103504 0.000492878 0.000147863 0.000147863 4.92878e-05 0
 0 0 0 0 0 0 0 0 0 0 0 0 0 0 0 0 0 0 0 0 0 0 0 0 0 0
 0 0 0 0 0 0 0 0.0054083 0.00873648 0.0413646 0.0450493 0.0745869 0.0622846 0.0627006 0.0613931 0.0827291 0.12552 0.122667 0.0946155 0.0697135 0.0546179 0.0294188 0.0215738 0.0213955 0.0102223 0.00600262
 0 0 0 0 0.00359764 0.0251062 0.0480494 0.140153 0.205849 0.193036 0.1447 0.116669 0.0760912 0.0342217 0.00950174 0.001854 0.000860785 0 0 0 0.000165536 0 0.000143464 0 0 0
 0 0 0 0 0 0 0 0.000145254 0.000435761 0.0275982 0.070085 0.0708112 0.156366 0.174668 0.174014 0.160142 0.0824315 0.0480064 0.0283245 0.00493863 0.00203355 0 0 0 0 0
 0 0 0 0 0 0 0 0 0 0 0 0 0 0 0 0 0 0 0 0 0 0 0 0 0 0
 0 0 1.00437e-05 0.000401748 0.00122533 0.00171747 0.00176769 0.0269171 0.070346 0.194647 0.189555 0.159765 0.064822 0.0314167 0.0384472 0.0292271 0.0345202 0.0313363 0.0194345 0.0106764 0.0143323 0.0359363 0.0279516 0.0138201 0.00172751 0
 0 0.0021121 0.0136068 0.0755702 0.200478 0.177729 0.0527432 0.0373336 0.0318909 0.0142505 0.0149659 0.0166563 0.0217959 0.0798694 0.0677717 0.0528807 0.04013 0.0224614 0.0357745 0.0225083 0.00881397 0.00855152 0.00135912 0.000746735 0 0
 0 0 0 0 5.4009e-05 0.00500934 0.000945158 0.0243581 0.138947 0.33067 0.221406 0.137944 0.0707744 0.0437923 0.0131692 0.00525238 0.0047753 0.00276346 9.45158e-05 9.00151e-06 2.25038e-05 9.00151e-06 4.50075e-06 0 0 0
 0.000866109 0.00284123 0.00948549 0.0512746 0.133035 0.25785 0.225252 0.132002 0.0553304 0.0519788 0.0540692 0.017754 0.00435017 0.00159236 0.00146478 0.000404838 0.000125132 0.000115318 0.000107957 0.000100596 0 0 0 0 0 0
 0 0 0 0 0.00144013 0.00171154 0.00461396 0.0210425 0.0478622 0.0707936 0.0888783 0.103762 0.0637923 0.0337046 0.0602308 0.124433 0.169614 0.0934646 0.0462172 0.0250306 0.0313229 0.00938855 0.002487 0.000210481 0 0
 0 0.00764035 0.051015 0.0998891 0.058973 0.0496711 0.0374665 0.0718981 0.12319 0.153886 0.159021 0.0857701 0.0377988 0.023471 0.0147837 0.00900784 0.00315554 0.000888139 0.00291439 0.00214683 0.00393193 0.00274676 0.000635225 9.99891e-05 0 0
 0 0 0 0 0 0 0 0 0 0 0 0 0 0 0 0 0 0 0 0 0 0 0 0 0 0
 0 0 0 0 0 0 0 0 0 0 0 0 0 0 0 0 0 0 0 0 0 0 0 0 0 0
 0 0 0 0 0 0 0 0 0 0 0 0 0 0 0 0 0 0 0 0 0 0 0 0 0 0
 0 0 0 0 0 0 0 0 0 0 0 0 0 0 0 0 0 0 0 0 0 0 0 0 0 0
 0 0 0 0 0 0 0 0 0 0 0 0 0 0 0 0 0 0 0 0 0 0 0 0 0 0
 0 0 0 0 0 0 0 0 0 0 0 0 0 0 0 0 0 0 0 0 0 0 0 0 0 0
 0 0 0 0 0 0 0 0 0 0 0 0 0 0 0 0 0 0 0 0 0 0 0 0 0 0
ppred_pel_tallas
 1.0844e-16 5.32552e-05 0.000517659 0.00344003 0.0156379 0.0486554 0.103666 0.151308 0.15133 0.103772 0.0490106 0.0166649 0.00602255 0.00617027 0.0108329 0.0179423 0.0261205 0.0334437 0.0379872 0.038882 0.036801 0.0334115 0.0302479 0.0279124 0.0260836 0.0240856
 1.11774e-16 1.24384e-05 0.000120906 0.000803466 0.00365248 0.0113646 0.0242158 0.0353572 0.0354217 0.0245311 0.0124233 0.00671113 0.00848321 0.016893 0.0318873 0.0527546 0.0761351 0.0960516 0.106418 0.104455 0.092339 0.0756718 0.0600478 0.0483991 0.0406622 0.0351881
 1.2466e-16 2.63978e-05 0.000256596 0.00170517 0.00775149 0.0241178 0.0513863 0.0750036 0.0750216 0.0514747 0.0244166 0.00862198 0.0039192 0.00518597 0.00967076 0.016686 0.0257673 0.03604 0.0465446 0.0567464 0.0665545 0.0757269 0.0832449 0.0873806 0.0865367 0.080214
 1.10986e-16 6.31233e-05 0.000613581 0.00407746 0.0185356 0.0576711 0.122875 0.179342 0.179353 0.122929 0.0578533 0.0190625 0.00540308 0.00351735 0.00560854 0.00925692 0.0135406 0.0175062 0.0202653 0.0215057 0.0217082 0.0218007 0.0225018 0.0238575 0.0252667 0.0258868
 1.06658e-16 3.64026e-05 0.000353846 0.00235143 0.0106893 0.0332586 0.0708628 0.103436 0.103483 0.0710915 0.0340266 0.0129068 0.00791544 0.0124926 0.0230681 0.0380226 0.054642 0.068456 0.0749464 0.072066 0.0614974 0.0475673 0.0347081 0.025415 0.0198636 0.0168431
 1.04328e-16 6.08093e-05 0.000591088 0.00392799 0.0178561 0.055557 0.118371 0.172769 0.172784 0.118447 0.0558138 0.018599 0.00579781 0.00468907 0.00789085 0.0130719 0.0191107 0.0246271 0.0282355 0.0292649 0.0280931 0.0257659 0.0232409 0.0208895 0.0185607 0.0159856
 1.05397e-16 3.33782e-05 0.000324448 0.00215608 0.00980124 0.0304955 0.0649758 0.0948443 0.0948931 0.0652143 0.0312962 0.0121136 0.00795935 0.0129898 0.024078 0.0397296 0.0571768 0.0717987 0.0789107 0.0763689 0.065858 0.0517547 0.0385121 0.0285922 0.0221382 0.0179851
 1.13179e-16 2.27183e-05 0.00022083 0.00146749 0.00667104 0.0207563 0.044225 0.0645563 0.0645974 0.0444258 0.0214315 0.00862516 0.00638761 0.0110111 0.0206609 0.0344999 0.0505797 0.0654474 0.0755315 0.0790948 0.0770848 0.0721163 0.0665032 0.0610074 0.0550834 0.0479926
 1.30234e-16 1.26325e-05 0.000122793 0.000816002 0.00370945 0.0115417 0.0245921 0.0359003 0.0359361 0.0247671 0.0121306 0.00541591 0.00512026 0.00958865 0.0181969 0.0306124 0.0454041 0.0598935 0.0713627 0.0786513 0.0827227 0.0855941 0.0885206 0.0909772 0.0911423 0.0872688
 1.20789e-16 5.49979e-05 0.000534599 0.0035526 0.0161496 0.0502474 0.107058 0.156256 0.156265 0.107101 0.050393 0.0165726 0.00462372 0.0029045 0.00465077 0.00785641 0.011927 0.0163369 0.0206288 0.024717 0.0289388 0.0336967 0.038954 0.0440005 0.0476794 0.0489012
 1.06929e-16 5.58133e-05 0.000542525 0.00360527 0.016389 0.0509925 0.108646 0.158577 0.158602 0.108768 0.0514028 0.0175739 0.00657853 0.00703045 0.0123702 0.0203451 0.029269 0.0367534 0.0404266 0.039252 0.0341857 0.0275705 0.0217485 0.0179472 0.0160803 0.0152873
 1.03986e-16 5.02788e-05 0.000488728 0.00324777 0.0147639 0.0459362 0.097873 0.142855 0.142885 0.0980216 0.0464352 0.0162054 0.00686721 0.00839356 0.0150734 0.0248668 0.0358791 0.0452477 0.0500807 0.0490329 0.0430868 0.0348476 0.0269505 0.0208302 0.0165656 0.0135157
 1.0448e-16 4.80752e-05 0.000467308 0.00310543 0.0141169 0.0439229 0.0935836 0.136594 0.136625 0.093734 0.044428 0.0155765 0.00677187 0.00847981 0.0152906 0.0252683 0.0365488 0.0462809 0.0515767 0.0510851 0.0457567 0.0381204 0.0306905 0.0247703 0.0203532 0.0168044
 1.04471e-16 5.31741e-05 0.000516871 0.00343479 0.0156141 0.0485813 0.103509 0.151079 0.151105 0.103633 0.0489999 0.0168238 0.006474 0.00716 0.0126947 0.0209683 0.030354 0.0384934 0.0430091 0.0427946 0.0386388 0.03262 0.0267843 0.0221601 0.0186896 0.0158096
 1.03455e-16 5.588e-05 0.000543174 0.00360958 0.0164087 0.0510535 0.108776 0.158767 0.158791 0.108896 0.0514579 0.0175768 0.00654287 0.00695021 0.0122347 0.0201662 0.029111 0.0367474 0.040743 0.0400182 0.0353719 0.028903 0.0227166 0.0179307 0.0145634 0.0120651
 1.01752e-16 6.63911e-05 0.000645345 0.00428854 0.0194951 0.0606566 0.129236 0.188627 0.188642 0.12931 0.0609062 0.0202162 0.00609909 0.0045994 0.00758061 0.0124395 0.0179417 0.0226212 0.0250279 0.0244887 0.0214953 0.0173512 0.0133731 0.0102764 0.00809814 0.00651878
 1.02783e-16 3.54264e-05 0.000344357 0.00228838 0.0104027 0.0323668 0.0689627 0.100663 0.100713 0.0692031 0.0331737 0.0127327 0.0081351 0.0131011 0.0242431 0.0399705 0.0574523 0.0719863 0.0787967 0.0756721 0.0642869 0.0490819 0.0346445 0.0236182 0.016337 0.0117885
 1.03058e-16 6.55364e-05 0.000637037 0.00423334 0.0192441 0.0598757 0.127572 0.186198 0.18621 0.127631 0.0600734 0.0198163 0.0056735 0.00379443 0.00610151 0.0100861 0.0147617 0.0190586 0.0219143 0.0228086 0.0220157 0.0203109 0.0183957 0.0165294 0.014592 0.0124019
 1.03333e-16 4.24737e-05 0.00041286 0.0027436 0.012472 0.0388054 0.0826805 0.120683 0.120725 0.082883 0.0394852 0.014435 0.00766894 0.0111583 0.0204309 0.0336595 0.0483686 0.0605872 0.0663006 0.0636698 0.054144 0.0415061 0.0296439 0.0207658 0.0150843 0.0116441
 1.05559e-16 4.60493e-05 0.000447616 0.00297456 0.013522 0.042072 0.0896399 0.130838 0.130868 0.0897834 0.0425542 0.0149164 0.00648056 0.00812064 0.0146752 0.0243354 0.0353932 0.0452157 0.0511184 0.0518144 0.0480958 0.0421369 0.0360324 0.0307673 0.0262321 0.0219202
 1.0554e-16 5.19846e-05 0.000505309 0.00335796 0.0152648 0.0474946 0.101193 0.1477 0.147726 0.101319 0.0479176 0.0164871 0.00642903 0.00721904 0.0128309 0.0212044 0.0307176 0.0390039 0.0436825 0.0436576 0.0397419 0.0340327 0.0285659 0.0243192 0.0211536 0.0184243
 1.05108e-16 4.82955e-05 0.000469449 0.00311966 0.0141815 0.0441242 0.0940123 0.13722 0.137251 0.094164 0.0446335 0.0156532 0.00681565 0.00854374 0.0154003 0.0254295 0.0367361 0.0464268 0.0515792 0.0508438 0.0452255 0.0373509 0.0298384 0.0240542 0.0199804 0.0168975
 1.08879e-16 2.47833e-05 0.000240903 0.00160089 0.00727743 0.022643 0.0482453 0.0704259 0.0704762 0.048491 0.0234686 0.00966312 0.00759445 0.013342 0.0249562 0.0413497 0.0598705 0.0759322 0.084851 0.0844411 0.0762522 0.0643759 0.0528446 0.0436919 0.0368169 0.0311241
 1.10016e-16 5.21892e-05 0.000507298 0.00337117 0.0153249 0.0476815 0.101591 0.148279 0.148295 0.101673 0.0479559 0.0161202 0.00537736 0.00491951 0.00852809 0.0142689 0.0211435 0.0278386 0.0330281 0.0360811 0.0373378 0.037654 0.0376175 0.0371264 0.035614 0.032615
 1.08019e-16 4.37929e-05 0.000425682 0.00282881 0.0128594 0.0400105 0.0852479 0.124429 0.124464 0.0854196 0.0405871 0.014525 0.00701038 0.00955622 0.0173913 0.0287026 0.0413978 0.052191 0.0577797 0.0566892 0.0501696 0.0413447 0.0333053 0.027624 0.0241575 0.0218395
 1.10086e-16 3.10353e-05 0.000301675 0.00200474 0.00911326 0.028355 0.0604148 0.088186 0.088228 0.0606202 0.0290448 0.0111076 0.00701746 0.0112666 0.0209205 0.0347068 0.0503916 0.0642038 0.0722939 0.0728606 0.0671493 0.0584417 0.0499076 0.0430464 0.0376401 0.0327464
 1.09871e-16 4.97936e-05 0.000484012 0.00321643 0.0146214 0.0454928 0.096928 0.141474 0.141495 0.0970313 0.0458399 0.0156261 0.00574612 0.00603238 0.010664 0.0177534 0.026047 0.0337648 0.0391139 0.0412662 0.040781 0.0390496 0.0372423 0.0356334 0.033733 0.0309144
 1.0942e-16 3.77359e-05 0.000366807 0.00243756 0.0110808 0.0344768 0.0734579 0.107222 0.107262 0.073651 0.0351252 0.0129543 0.00714218 0.0106436 0.0195752 0.0323565 0.0467407 0.0590741 0.0656682 0.0648619 0.0580145 0.0485472 0.0398242 0.0335253 0.0294638 0.0264905
 1.13696e-16 2.6e-05 0.00025273 0.00167948 0.0076347 0.0237546 0.0506132 0.0738803 0.0739221 0.0508179 0.0244424 0.00962412 0.00668351 0.0112109 0.0209383 0.0348386 0.0508044 0.0651933 0.0742775 0.0763115 0.0724671 0.0657962 0.0591218 0.0535791 0.0486898 0.0434403
 1.19571e-16 3.17773e-05 0.000308887 0.00205266 0.00933113 0.0290328 0.0618584 0.0902902 0.0903191 0.0619996 0.0295076 0.0107063 0.00551832 0.00792071 0.0146251 0.0244907 0.0361364 0.0472736 0.0555829 0.0600314 0.0613898 0.0614239 0.0614435 0.0614307 0.0603203 0.0569743
 1.07305e-16 6.50837e-05 0.000632637 0.0042041 0.0191112 0.0594622 0.126691 0.184911 0.184923 0.126747 0.0596494 0.0196529 0.00556661 0.00361675 0.00576168 0.00950078 0.0138697 0.0178551 0.0204831 0.0213445 0.0208351 0.019843 0.019132 0.0189086 0.0188399 0.0183941
pSPR Fmed_Fpbrs
0.695829   0.285572 0.285572
Fs Fmed_Fpbrs
0.232442   1.005 1.005
SSBpbr Bo_Bmed_Bpbrs
1.96237e+06  1.26736e+06  462280 462280
Ro
203758
SPR SPRFo_SPRFmed_SPRFpbrs
1.45645e+06 1.01344e+06 415922
Fref
1.005
Nvult_r0
 305996 25729.3 9729.87 6579.87 3839.34
CTP_r0
 26124 4047.66 1530.67 1035.13 603.993
YTP_r0
391362
Np
 287869 154214 11303.6 4274.6 3773.06
Nvult_p0
 223797 133447 9781.46 3698.98 3264.98
CTP_p0
 74847.3 66889.9 4902.93 1854.1 1636.56
YTP_p0
 1.86609e+06
CBA_c0
833780
log_Ro
12.0447
likeval ReclasPelacesDesembMPH_pf_preclas_ppelaces_ptallas_desvR_qrecl_qpela
 20.7046 20.37 1.12808 0.00301625 256.191 139.153 106.474 0 27.7179 0 0 3.20525 0 0 0
q_reclas_q_pelaces
1 1
M
1
N
 480550 89741.6 33014.1 12145.2 7068.23
 65686.9 160983 27376 10071.1 5861.12
 68992.4 21394.4 46421.1 7894.15 4594.21
 258797 22679.1 6284.11 13635.1 3668.17
 136265 78576 5683.05 1574.71 4335.95
 396563 47370.9 25813.1 1866.95 1941.72
 181172 130745 13996.9 7627.15 1125.37
 71637.9 56058.3 34026.4 3642.7 2277.84
 19515.3 25708.4 19624.5 11911.7 2072.62
 81730 6392.06 7497.24 5723.02 4078.2
 125119 25016.7 1627.92 1909.39 2496.16
 138785 43743.7 8312.07 540.894 1463.79
 120581 40154.4 9953.82 1891.4 456.163
 128914 34918.9 9153.66 2269.09 535.155
 154809 33799.8 6525.08 1710.49 524.011
 402152 47630.1 8697.2 1679 574.969
 179459 117517 11056 2018.82 523.198
 666029 58680 34154.4 3213.25 738.795
 427125 211110 16025.7 9327.72 1079.32
 410487 128175 51677.6 3922.94 2547.53
 543946 127472 33599 13546.4 1696.13
 560134 176628 36535.6 9630.07 4368.79
 186669 174191 46432.3 9604.54 3680.04
 431183 62690.5 53404.7 14235.6 4072.89
 395614 144888 19241.4 16391.3 5619.36
 222285 134406 45458.8 6037.03 6905.9
 403227 77211.1 44080.8 14909 4244.87
 288126 137528 24415.1 13938.9 6056.7
 134788 97945.7 43200.6 7669.32 6281.05
 110833 46146.1 31206.6 13764.2 4444.74
 460209 37032.9 14004.5 9470.6 5526.06
pred_Ctot
 27360.7 9837.03 3618.84 1331.3 774.784
 4808.08 22436.4 3815.43 1403.62 816.873
 4685.32 2776.41 6024.19 1024.45 596.203
 29026.1 4715.28 1306.55 2834.92 762.66
 4761.19 5364.67 388.002 107.511 296.031
 26252.6 5999.62 3269.28 236.453 245.923
 18457.5 24868.3 2662.28 1450.72 214.05
 1111.83 1722.24 1045.37 111.913 69.9807
 1365.54 3432.73 2620.37 1590.52 276.748
 8808.57 1280.96 1502.43 1146.88 817.263
 3942.67 1543.89 100.466 117.837 154.049
 19102.4 10964.9 2083.52 135.582 366.917
 16540 10034.2 2487.35 472.641 113.99
 24063.8 11466.3 3005.78 745.099 175.728
 16251.3 6610.21 1276.11 334.519 102.48
 53270.2 11531.7 2105.68 406.502 139.206
 12732.8 15900.4 1495.91 273.151 70.79
 58976 9790.26 5698.38 536.104 123.262
 50586.2 46147.4 3503.13 2038.98 235.933
 41008.3 23939.1 9651.74 732.68 475.798
 40756 18164.3 4787.75 1930.32 241.692
 55519.7 32747.6 6773.86 1785.46 809.992
 10354 18619.8 4963.31 1026.66 393.372
 23777 6663.56 5676.54 1513.14 432.92
 19253.8 13651.7 1812.97 1544.43 529.47
 7877.75 9304.31 3146.91 417.917 478.065
 18691.4 6939.97 3962.12 1340.07 381.542
 13922 12868.3 2284.49 1304.24 566.717
 5945.29 8389.76 3700.45 656.933 538.018
 6477.65 5187.04 3507.76 1547.16 499.61
 26124 4047.66 1530.67 1035.13 603.993
F
 0.0936349 0.18727 0.18727 0.18727 0.18727
 0.121771 0.243543 0.243543 0.243543 0.243543
 0.112552 0.225104 0.225104 0.225104 0.225104
 0.191978 0.383956 0.383956 0.383956 0.383956
 0.0565914 0.113183 0.113183 0.113183 0.113183
 0.109585 0.219169 0.219169 0.219169 0.219169
 0.173056 0.346112 0.346112 0.346112 0.346112
 0.0248079 0.0496158 0.0496158 0.0496158 0.0496158
 0.11614 0.232281 0.232281 0.232281 0.232281
 0.183877 0.367754 0.367754 0.367754 0.367754
 0.0509175 0.101835 0.101835 0.101835 0.101835
 0.240195 0.480391 0.480391 0.480391 0.480391
 0.239289 0.478578 0.478578 0.478578 0.478578
 0.338688 0.677376 0.677376 0.677376 0.677376
 0.178728 0.357455 0.357455 0.357455 0.357455
 0.230244 0.460488 0.460488 0.460488 0.460488
 0.117846 0.235693 0.235693 0.235693 0.235693
 0.148951 0.297902 0.297902 0.297902 0.297902
 0.203678 0.407356 0.407356 0.407356 0.407356
 0.169451 0.338902 0.338902 0.338902 0.338902
 0.124803 0.249606 0.249606 0.249606 0.249606
 0.168026 0.336051 0.336051 0.336051 0.336051
 0.0911254 0.182251 0.182251 0.182251 0.182251
 0.090573 0.181146 0.181146 0.181146 0.181146
 0.0795762 0.159152 0.159152 0.159152 0.159152
 0.0574194 0.114839 0.114839 0.114839 0.114839
 0.0756712 0.151342 0.151342 0.151342 0.151342
 0.0789864 0.157973 0.157973 0.157973 0.157973
 0.0718925 0.143785 0.143785 0.143785 0.143785
 0.0962181 0.192436 0.192436 0.192436 0.192436
 0.0933429 0.186686 0.186686 0.186686 0.186686
nmprior
 8.19 8.8 8.5 0
nm_flota  nm_reclas  nm_pelaces    nm_pelaL
inf 6.6259 8.5907 16.3771
cv_recla  cv_pelaces  cv_mph
0.411584 0.511762 1.69488
 ------------------------------------------------
Talla a la edad & desviaci?n 
 8 13.2811 15.8009 17.003 17.5766
 0.8 1.32811 1.58009 1.7003 1.75766
