years
 1991 1992 1993 1994 1995 1996 1997 1998 1999 2000 2001 2002 2003 2004 2005 2006 2007 2008 2009 2010 2011 2012 2013 2014 2015 2016 2017 2018 2019 2020 2021
reclasobs
 0 0 0 0 0 0 0 0 0 252601 567819 844713 477998 351125 339783 2.1784e+06 2.13404e+06 4.81314e+06 1.55562e+06 2.62356e+06 3.21686e+06 3.843e+06 1.13348e+06 3.07943e+06 1.97215e+06 2.03268e+06 2.025e+06 2.42433e+06 2.27542e+06 1.05018e+06 2.36338e+06
reclaspred
 2.94535e+06 1.60464e+06 802291 664967 587522 1.18481e+06 614846 497135 370706 273071 432171 610316 599054 436961 426065 1.45006e+06 1.31208e+06 3.2134e+06 2.63522e+06 1.89174e+06 3.38804e+06 2.7536e+06 2.06421e+06 3.23367e+06 2.36245e+06 2.03233e+06 2.53708e+06 2.84811e+06 2.27736e+06 1.32089e+06 1.90184e+06
pelacesobs
 0 0 0 0 0 0 0 0 0 0 0 0 0 0 0 552880 188675 0 991730 2.46772e+06 1.41603e+06 1.21717e+06 2.29649e+06 1.80582e+06 0 1.4828e+06 1.56532e+06 1.57751e+06 1.42118e+06 867257 1.10002e+06
pelacespred
 1.1476e+06 683222 334169 222213 215254 452111 191364 218095 142881 98378.7 173347 205353 224070 166631 168627 496813 452827 1.30108e+06 1.08404e+06 718420 1.27301e+06 1.09567e+06 827851 1.43453e+06 1.00224e+06 862355 1.23291e+06 1.36124e+06 896630 591825 832950
mphobs
 0 0 0 0 0 0 0 0 0 0 0 498337 0 5186 125008 0 168611 109162 213762 579715 649985 157893 87575 83554 0 0 0 0 0 0 0
mphpred
 2.21135e+06 1.45343e+06 696522 374199 311726 334256 541796 258783 226121 146441 101639 254235 283134 229754 137944 176710 827452 721995 1.58789e+06 1.17266e+06 1.20793e+06 1.53094e+06 1.44972e+06 1.12517e+06 1.60335e+06 1.28295e+06 1.02555e+06 1.16402e+06 1.73018e+06 1.12256e+06 634148
desembarqueobs
 494567 514787 250237 358949 120608 361735 552515 73892 212993 205616 52469 317467 293654 387597 252695 516296 358380 742168 942051 627588 828172 859565 418607 520667 417249 300574 407403 355545 319650 289779 391294
desembarquepred
 494561 514180 250323 358981 120611 361701 552385 73894.6 213010 205627 52470.6 317486 293654 387508 252644 516180 358382 741988 941630 627316 828164 859450 418583 520665 417219 300550 407372 355506 319618 289759 391274
Reclutas
 163561 95298.1 93660 104980 85441.9 212627 71524.2 27631 33640.6 49620.6 91897.5 130742 106571 73845 68434.3 445153 73889.8 674853 379644 280425 432128 567133 99650.3 337276 269667 118122 292243 337789 83740.8 57407.5 244922
log_desv_Rt
 0.147979 -0.392195 -0.409534 -0.295433 -0.501369 0.410336 -0.679169 -1.63027 -1.43347 -1.0448 -0.42853 -0.0759781 -0.280392 -0.647236 -0.72333 1.14921 -0.646629 1.56529 0.990029 0.687103 1.11952 1.39139 -0.347537 0.871696 0.647983 -0.177489 0.72838 0.873216 -0.521478 -0.899029 0.551735
SSB
 2.21135e+06 1.45343e+06 696522 374199 311726 334256 541796 258783 226121 146441 101639 254235 283134 229754 137944 176710 827452 721995 1.58789e+06 1.17266e+06 1.20793e+06 1.53094e+06 1.44972e+06 1.12517e+06 1.60335e+06 1.28295e+06 1.02555e+06 1.16402e+06 1.73018e+06 1.12256e+06 634148
BT
 3.0691e+06 2.08275e+06 1.01517e+06 812609 594545 1.35463e+06 928452 569691 539291 422237 444269 736589 782009 785685 642287 1.56075e+06 1.32431e+06 3.65932e+06 3.40259e+06 2.22604e+06 3.60802e+06 3.33118e+06 2.27452e+06 3.79541e+06 2.70214e+06 2.25761e+06 3.26205e+06 3.49767e+06 2.33351e+06 1.65269e+06 2.2971e+06
Ftot
 0.194177 0.36105 0.358409 0.654661 0.256756 0.41874 0.987587 0.185232 0.712799 0.928871 0.176156 0.6679 0.621138 1.09614 0.806047 0.527902 0.323174 0.327409 0.444543 0.412973 0.318096 0.39992 0.238103 0.218387 0.217605 0.179489 0.216802 0.171608 0.160548 0.252683 0.284333
BD_Bspro_t
 0.969547 0.790299 0.590819 0.482185 0.415886 0.489704 0.520002 0.301602 0.344748 0.29486 0.277693 0.571831 0.461716 0.367012 0.251269 0.30467 0.555412 0.508711 0.633884 0.531212 0.493961 0.549982 0.566606 0.545054 0.659388 0.662806 0.665239 0.717011 0.776644 0.695587 0.601845
BD_Bspro
 2.19314 1.44146 0.690785 0.371117 0.309158 0.331502 0.537333 0.256651 0.224259 0.145235 0.100802 0.252141 0.280802 0.227861 0.136808 0.175254 0.820635 0.716047 1.57481 1.163 1.19798 1.51833 1.43778 1.1159 1.59014 1.27238 1.0171 1.15443 1.71592 1.11331 0.628924
BD_Bo
 1.32771 0.872648 0.418196 0.224671 0.187162 0.200689 0.325297 0.155375 0.135764 0.0879242 0.0610247 0.152644 0.169995 0.137946 0.0828223 0.106098 0.496807 0.43349 0.953378 0.704069 0.725249 0.919186 0.870423 0.675558 0.96266 0.770288 0.615746 0.698881 1.03881 0.67399 0.380746
BD_Brms
 6.9407 4.56184 2.18615 1.17449 0.978405 1.04912 1.70052 0.812233 0.70972 0.459631 0.319011 0.79796 0.888664 0.721122 0.43296 0.554634 2.5971 2.2661 4.98386 3.68058 3.7913 4.80512 4.5502 3.53153 5.03238 4.02674 3.21886 3.65346 5.43045 3.52334 1.99038
Sel_flota
 0.676753 0.975477 0.998679 0.99993 0.999996
 0.676753 0.975477 0.998679 0.99993 0.999996
 0.676753 0.975477 0.998679 0.99993 0.999996
 0.676753 0.975477 0.998679 0.99993 0.999996
 0.676753 0.975477 0.998679 0.99993 0.999996
 0.676753 0.975477 0.998679 0.99993 0.999996
 0.676753 0.975477 0.998679 0.99993 0.999996
 0.676753 0.975477 0.998679 0.99993 0.999996
 0.676753 0.975477 0.998679 0.99993 0.999996
 0.676753 0.975477 0.998679 0.99993 0.999996
 0.676753 0.975477 0.998679 0.99993 0.999996
 0.676753 0.975477 0.998679 0.99993 0.999996
 0.676753 0.975477 0.998679 0.99993 0.999996
 0.676753 0.975477 0.998679 0.99993 0.999996
 0.676753 0.975477 0.998679 0.99993 0.999996
 0.676753 0.975477 0.998679 0.99993 0.999996
 0.676753 0.975477 0.998679 0.99993 0.999996
 0.676753 0.975477 0.998679 0.99993 0.999996
 0.676753 0.975477 0.998679 0.99993 0.999996
 0.676753 0.975477 0.998679 0.99993 0.999996
 0.676753 0.975477 0.998679 0.99993 0.999996
 0.676753 0.975477 0.998679 0.99993 0.999996
 0.676753 0.975477 0.998679 0.99993 0.999996
 0.676753 0.975477 0.998679 0.99993 0.999996
 0.676753 0.975477 0.998679 0.99993 0.999996
 0.676753 0.975477 0.998679 0.99993 0.999996
 0.676753 0.975477 0.998679 0.99993 0.999996
 0.676753 0.975477 0.998679 0.99993 0.999996
 0.676753 0.975477 0.998679 0.99993 0.999996
 0.676753 0.975477 0.998679 0.99993 0.999996
 0.676753 0.975477 0.998679 0.99993 0.999996
Sel_reclas
 1 1 1 1 1
 1 1 1 1 1
 1 1 1 1 1
 1 1 1 1 1
 1 1 1 1 1
 1 1 1 1 1
 1 1 1 1 1
 1 1 1 1 1
 1 1 1 1 1
 1 1 1 1 1
 1 1 1 1 1
 1 1 1 1 1
 1 1 1 1 1
 1 1 1 1 1
 1 1 1 1 1
 1 1 1 1 1
 1 1 1 1 1
 1 1 1 1 1
 1 1 1 1 1
 1 1 1 1 1
 1 1 1 1 1
 1 1 1 1 1
 1 1 1 1 1
 1 1 1 1 1
 1 1 1 1 1
 1 1 1 1 1
 1 1 1 1 1
 1 1 1 1 1
 1 1 1 1 1
 1 1 1 1 1
 1 1 1 1 1
Sel_pelaces
 1 1 1 1 1
 1 1 1 1 1
 1 1 1 1 1
 1 1 1 1 1
 1 1 1 1 1
 1 1 1 1 1
 1 1 1 1 1
 1 1 1 1 1
 1 1 1 1 1
 1 1 1 1 1
 1 1 1 1 1
 1 1 1 1 1
 1 1 1 1 1
 1 1 1 1 1
 1 1 1 1 1
 1 1 1 1 1
 1 1 1 1 1
 1 1 1 1 1
 1 1 1 1 1
 1 1 1 1 1
 1 1 1 1 1
 1 1 1 1 1
 1 1 1 1 1
 1 1 1 1 1
 1 1 1 1 1
 1 1 1 1 1
 1 1 1 1 1
 1 1 1 1 1
 1 1 1 1 1
 1 1 1 1 1
 1 1 1 1 1
pf_obs 
 0.8446 0.082 0.0669 0.0065 0
 0.8095 0.147 0.0364 0.0071 0
 0.9664 0.0169 0.016 0.0007 0
 0.9276 0.0648 0.0075 0.0001 0
 0.7033 0.2144 0.0806 0.0017 0
 0.9318 0.0425 0.0243 0.0014 0
 0.5671 0.3108 0.0964 0.0239 0.0018
 0.0768 0.2599 0.5324 0.112 0.0189
 0.490249 0.384438 0.106611 0.0170017 0.00170017
 0.7925 0.1577 0.0466 0.003 0.0002
 0.840416 0.127587 0.0312969 0.00059994 9.999e-05
 0.8084 0.0986 0.0794 0.0134 0.0002
 0.7335 0.1905 0.0724 0.0035 0.0001
 0.4001 0.4547 0.1325 0.0127 0
 0.49795 0.308269 0.164784 0.0264974 0.00249975
 0.9179 0.0499 0.0305 0.0017 0
 0.2467 0.6533 0.0926 0.0074 0
 0.9418 0.0223 0.034 0.0019 0
 0.707729 0.231977 0.0356964 0.0245975 0
 0.517169 0.277429 0.184464 0.0207286 0.00020938
 0.811772 0.124168 0.05621 0.00726502 0.000585176
 0.764997 0.148141 0.077277 0.00933861 0.000247198
 0.163321 0.427699 0.378323 0.0303852 0.000271297
 0.753843 0.0900009 0.118128 0.0371064 0.000921714
 0.721811 0.176058 0.0630433 0.0369309 0.00215725
 0.143369 0.312575 0.442814 0.0836902 0.0175525
 0.692698 0.0596174 0.167031 0.0765114 0.00414204
 0.394062 0.376323 0.152708 0.0712218 0.00568511
 0.125707 0.32114 0.495352 0.0537591 0.00404204
 0.23352 0.215282 0.420074 0.123614 0.00750983
 0.774587 0.0839891 0.0768558 0.0609784 0.00358967
pf_pred 
 0.441269 0.157708 0.372334 0.0286875 8.90079e-07
 0.414041 0.316644 0.0774004 0.178203 0.0137121
 0.56168 0.227527 0.115404 0.0274432 0.0679451
 0.657633 0.226784 0.0608149 0.0300055 0.0247633
 0.65076 0.263979 0.0570988 0.01483 0.0133322
 0.811685 0.138427 0.037951 0.00799783 0.00393906
 0.44852 0.479402 0.0533879 0.0142234 0.00446678
 0.458398 0.315336 0.197653 0.0212044 0.00740825
 0.610363 0.216616 0.101801 0.0622247 0.00899551
 0.782022 0.157052 0.03438 0.0156301 0.0109153
 0.851823 0.127322 0.0151809 0.00320453 0.00246935
 0.744399 0.228489 0.0233779 0.00271859 0.00101469
 0.68108 0.262824 0.0503177 0.00498443 0.000794579
 0.63325 0.283818 0.0687246 0.0127458 0.00146136
 0.751256 0.187396 0.0478983 0.0111496 0.00230001
 0.949371 0.0422154 0.00639269 0.00157854 0.00044242
 0.310155 0.667097 0.0190632 0.00280133 0.000884164
 0.89968 0.0403752 0.0580196 0.00161388 0.000311557
 0.565076 0.405267 0.0121297 0.0169649 0.000562174
 0.568149 0.287664 0.134624 0.00391491 0.0056482
 0.727527 0.182292 0.0606383 0.0275866 0.00195658
 0.72047 0.223971 0.0375063 0.0121448 0.00590847
 0.26273 0.587804 0.120432 0.0196096 0.00942449
 0.726634 0.0943799 0.143445 0.0286445 0.00689609
 0.588988 0.328222 0.0290658 0.0430685 0.0106562
 0.398986 0.407877 0.155043 0.013386 0.0247085
 0.727462 0.134516 0.0944206 0.0350107 0.00859042
 0.673004 0.261114 0.032942 0.0225441 0.0103961
 0.286643 0.535323 0.142886 0.0175865 0.0175619
 0.354623 0.238712 0.307055 0.0799664 0.0196444
 0.816994 0.0827266 0.0377073 0.0472617 0.0153106
pobs_RECLAS
 0 0 0 0 0
 0 0 0 0 0
 0 0 0 0 0
 0 0 0 0 0
 0 0 0 0 0
 0 0 0 0 0
 0 0 0 0 0
 0 0 0 0 0
 0 0 0 0 0
 0 0 0 0 0
 0.991045 0.00858322 0.000360255 1.14367e-05 0
 0.934742 0.0480273 0.0164251 0.00080598 0
 0.827803 0.169806 0.00239088 0 0
 0.941827 0.0461693 0.0120037 0 0
 0.791401 0.0380133 0.147996 0.0225897 0
 0.846168 0.0940531 0.0597789 0 0
 0.134021 0.677848 0.182769 0.00536245 0
 0.80878 0.0450904 0.141981 0.00414843 0
 0.846168 0.0940531 0.0597789 0 0
 0.905697 0.0802665 0.012482 0.00150086 5.37128e-05
 0.989698 0.0102097 9.19794e-05 0 0
 0.975433 0.0193895 0.00387452 0.00125025 5.28907e-05
 0.303575 0.632131 0.0575291 0.00676475 0
 0.966965 0.00978017 0.0227588 0.000495775 0
 0.843318 0.132988 0.00938335 0.0141283 0.000182051
 0.564624 0.303363 0.111486 0.0197234 0.00080311
 0.826376 0.0876187 0.0782897 0.00655872 0.00115652
 0.89761 0.0855135 0.0140674 0.00269457 0.000114338
 0.34875 0.467042 0.161289 0.0227151 0.000203297
 0.318654 0.224769 0.449479 0.00709798 0
 0.937255 0.0296025 0.0250945 0.00804832 0
ppred_RECLAS
 0.537998 0.132666 0.305803 0.0235314 7.30053e-07
 0.510315 0.267699 0.0638576 0.146831 0.0112974
 0.654033 0.181748 0.0899609 0.021365 0.0528927
 0.741025 0.173053 0.0452379 0.0222896 0.0183941
 0.731354 0.20427 0.043131 0.0111878 0.0100572
 0.863749 0.100814 0.0269669 0.00567557 0.00279511
 0.551038 0.391669 0.0424534 0.0112939 0.00354653
 0.553302 0.262692 0.160764 0.0172249 0.00601752
 0.701223 0.168041 0.0769651 0.0469796 0.0067911
 0.844167 0.113131 0.0241116 0.0109461 0.0076437
 0.893108 0.0921587 0.0107288 0.00226186 0.00174283
 0.811853 0.168645 0.0168195 0.00195325 0.000728984
 0.759756 0.198867 0.0371196 0.00367206 0.00058533
 0.724546 0.2145 0.0505244 0.00935653 0.00107268
 0.818969 0.137268 0.0341794 0.00794506 0.00163884
 0.965085 0.0292339 0.00431759 0.00106472 0.000298389
 0.395788 0.584754 0.0163088 0.00239348 0.000755385
 0.929816 0.0286587 0.0401933 0.00111657 0.000215538
 0.655613 0.321455 0.00938646 0.0131108 0.00043443
 0.659595 0.228611 0.104389 0.00303168 0.00437362
 0.796666 0.137144 0.0445252 0.02023 0.00143471
 0.790873 0.168386 0.0275142 0.00889767 0.00432842
 0.342 0.527172 0.105441 0.0171468 0.00824028
 0.796624 0.0713355 0.105849 0.0211099 0.00508181
 0.676253 0.259819 0.0224626 0.0332416 0.00822423
 0.492163 0.347307 0.1289 0.0111147 0.0205148
 0.796719 0.101573 0.0696063 0.0257767 0.00632428
 0.749715 0.200839 0.0247397 0.0169093 0.00779708
 0.369182 0.476215 0.124112 0.0152564 0.0152341
 0.447588 0.20748 0.260525 0.0677617 0.0166451
 0.868056 0.0604623 0.0269004 0.033673 0.0109078
pobs_PELACES
 0 0 0 0 0
 0 0 0 0 0
 0 0 0 0 0
 0 0 0 0 0
 0 0 0 0 0
 0 0 0 0 0
 0 0 0 0 0
 0 0 0 0 0
 0 0 0 0 0
 0 0 0 0 0
 0 0 0 0 0
 0 0 0 0 0
 0 0 0 0 0
 0 0 0 0 0
 0 0 0 0 0
 0 0 0 0 0
 0.505614 0.472636 0.0217494 0 0
 0 0 0 0 0
 0.443492 0.261883 0.143347 0.151278 0
 0.227955 0.32914 0.350689 0.0885471 0.00366901
 0.970185 0.0296113 0.000203453 0 0
 0.997202 0.00247181 0.000326279 0 0
 0.445219 0.490057 0.0546422 0.010081 0
 0.90214 0.0892962 0.00764917 0.000914606 0
 0 0 0 0 0
 0.581667 0.319106 0.0959925 0.00289975 0.000334073
 0.762889 0.0836404 0.116647 0.0363945 0.000428098
 0.88444 0.0763242 0.0277011 0.0115352 0
 0.521256 0.241999 0.230069 0.00667565 0
 0.616807 0.101726 0.260614 0.0208532 0
 0.833518 0.0704572 0.0857862 0.0102388 0
ppred_PELACES
 0.543017 0.131365 0.302354 0.0232641 7.21756e-07
 0.519529 0.263004 0.0625643 0.143836 0.0110669
 0.662282 0.177652 0.0876922 0.0208231 0.0515508
 0.753533 0.164976 0.0429109 0.0211373 0.017443
 0.736391 0.200536 0.0422595 0.0109606 0.0098529
 0.868631 0.0972836 0.0259393 0.00545836 0.00268812
 0.575223 0.370931 0.0399028 0.0106111 0.00333202
 0.557955 0.260108 0.158957 0.01703 0.00594941
 0.716229 0.159991 0.0728791 0.0444724 0.00642858
 0.856082 0.10469 0.0221542 0.0100537 0.00702036
 0.894772 0.0907409 0.0105495 0.0022239 0.00171357
 0.821783 0.15983 0.0158591 0.00184121 0.000687157
 0.7709 0.189799 0.0352589 0.0034871 0.000555839
 0.745935 0.198214 0.0462981 0.00856999 0.000982483
 0.830665 0.128593 0.0318225 0.00739472 0.00152529
 0.966818 0.0278013 0.00408945 0.00100824 0.000282557
 0.40345 0.577385 0.0160635 0.00235716 0.000743918
 0.931987 0.0278133 0.03891 0.00108077 0.000208627
 0.665491 0.312308 0.00908838 0.0126921 0.000420552
 0.668906 0.22259 0.101318 0.00294201 0.00424422
 0.801827 0.133771 0.0433245 0.0196819 0.00139583
 0.797417 0.163216 0.026588 0.0085967 0.00418198
 0.347384 0.523049 0.104426 0.01698 0.0081601
 0.800265 0.0701353 0.103894 0.0207182 0.00498749
 0.681005 0.256092 0.0221035 0.0327072 0.008092
 0.496696 0.344358 0.127631 0.0110044 0.0203111
 0.800294 0.0998717 0.0683266 0.0253005 0.00620743
 0.752925 0.198316 0.0243968 0.0166737 0.00768844
 0.372947 0.473517 0.123258 0.0151504 0.0151281
 0.454058 0.205301 0.257291 0.0669134 0.0164366
 0.871371 0.0590156 0.0261996 0.032792 0.0106223
pobs_pel_tallas
 0 0 0 0 0 0 0 0 0 0 0 0 0 0 0 0 0 0 0 0 0 0 0 0 0 0
 0 0 0 0 0 0 0 0 0 0 0 0 0 0 0 0 0 0 0 0 0 0 0 0 0 0
 0 0 0 0 0 0 0 0 0 0 0 0 0 0 0 0 0 0 0 0 0 0 0 0 0 0
 0 0 0 0 0 0 0 0 0 0 0 0 0 0 0 0 0 0 0 0 0 0 0 0 0 0
 0 0 0 0 0 0 0 0 0 0 0 0 0 0 0 0 0 0 0 0 0 0 0 0 0 0
 0 0 0 0 0 0 0 0 0 0 0 0 0 0 0 0 0 0 0 0 0 0 0 0 0 0
 0 0 0 0 0 0 0 0 0 0 0 0 0 0 0 0 0 0 0 0 0 0 0 0 0 0
 0 0 0 0 0 0 0 0 0 0 0 0 0 0 0 0 0 0 0 0 0 0 0 0 0 0
 0 0 0 0 0 0 0 0 0 0 0 0 0 0 0 0 0 0 0 0 0 0 0 0 0 0
 0 0 0 0 0 0 0 0 0 0 0 0 0 0 0 0 0 0 0 0 0 0 0 0 0 0
 0 0 0 0 0 0 0 0 0 0 0 0 0 0 0 0 0 0 0 0 0 0 0 0 0 0
 0 0 0 0 0 0 0 0 0 0 0 0 0 0 0 0 0 0 0 0 0 0 0 0 0 0
 0.00862536 0 0 0.000197151 0.00414017 0.0128641 0.00837892 0.0270097 0.101434 0.158115 0.152841 0.127902 0.109271 0.109419 0.0830992 0.0579132 0.0238553 0.00714673 0.00463305 0.00128148 0.00103504 0.000492878 0.000147863 0.000147863 4.92878e-05 0
 0 0 0 0 0 0 0 0 0 0 0 0 0 0 0 0 0 0 0 0 0 0 0 0 0 0
 0 0 0 0 0 0 0 0.0054083 0.00873648 0.0413646 0.0450493 0.0745869 0.0622846 0.0627006 0.0613931 0.0827291 0.12552 0.122667 0.0946155 0.0697135 0.0546179 0.0294188 0.0215738 0.0213955 0.0102223 0.00600262
 0 0 0 0 0.00359764 0.0251062 0.0480494 0.140153 0.205849 0.193036 0.1447 0.116669 0.0760912 0.0342217 0.00950174 0.001854 0.000860785 0 0 0 0.000165536 0 0.000143464 0 0 0
 0 0 0 0 0 0 0 0.000145254 0.000435761 0.0275982 0.070085 0.0708112 0.156366 0.174668 0.174014 0.160142 0.0824315 0.0480064 0.0283245 0.00493863 0.00203355 0 0 0 0 0
 0 0 0 0 0 0 0 0 0 0 0 0 0 0 0 0 0 0 0 0 0 0 0 0 0 0
 0 0 1.00437e-05 0.000401748 0.00122533 0.00171747 0.00176769 0.0269171 0.070346 0.194647 0.189555 0.159765 0.064822 0.0314167 0.0384472 0.0292271 0.0345202 0.0313363 0.0194345 0.0106764 0.0143323 0.0359363 0.0279516 0.0138201 0.00172751 0
 0 0.0021121 0.0136068 0.0755702 0.200478 0.177729 0.0527432 0.0373336 0.0318909 0.0142505 0.0149659 0.0166563 0.0217959 0.0798694 0.0677717 0.0528807 0.04013 0.0224614 0.0357745 0.0225083 0.00881397 0.00855152 0.00135912 0.000746735 0 0
 0 0 0 0 5.4009e-05 0.00500934 0.000945158 0.0243581 0.138947 0.33067 0.221406 0.137944 0.0707744 0.0437923 0.0131692 0.00525238 0.0047753 0.00276346 9.45158e-05 9.00151e-06 2.25038e-05 9.00151e-06 4.50075e-06 0 0 0
 0.000866109 0.00284123 0.00948549 0.0512746 0.133035 0.25785 0.225252 0.132002 0.0553304 0.0519788 0.0540692 0.017754 0.00435017 0.00159236 0.00146478 0.000404838 0.000125132 0.000115318 0.000107957 0.000100596 0 0 0 0 0 0
 0 0 0 0 0.00144013 0.00171154 0.00461396 0.0210425 0.0478622 0.0707936 0.0888783 0.103762 0.0637923 0.0337046 0.0602308 0.124433 0.169614 0.0934646 0.0462172 0.0250306 0.0313229 0.00938855 0.002487 0.000210481 0 0
 0 0.00764035 0.051015 0.0998891 0.058973 0.0496711 0.0374665 0.0718981 0.12319 0.153886 0.159021 0.0857701 0.0377988 0.023471 0.0147837 0.00900784 0.00315554 0.000888139 0.00291439 0.00214683 0.00393193 0.00274676 0.000635225 9.99891e-05 0 0
 0 0 0 0 0 0 0 0 0 0 0 0 0 0 0 0 0 0 0 0 0 0 0 0 0 0
 0 0 0 0 0 0 0 0 0 0 0 0 0 0 0 0 0 0 0 0 0 0 0 0 0 0
 0 0 0 0 0 0 0 0 0 0 0 0 0 0 0 0 0 0 0 0 0 0 0 0 0 0
 0 0 0 0 0 0 0 0 0 0 0 0 0 0 0 0 0 0 0 0 0 0 0 0 0 0
 0 0 0 0 0 0 0 0 0 0 0 0 0 0 0 0 0 0 0 0 0 0 0 0 0 0
 0 0 0 0 0 0 0 0 0 0 0 0 0 0 0 0 0 0 0 0 0 0 0 0 0 0
 0 0 0 0 0 0 0 0 0 0 0 0 0 0 0 0 0 0 0 0 0 0 0 0 0 0
ppred_pel_tallas
 1.11093e-16 4.47276e-05 0.000434768 0.00288919 0.0131338 0.0408643 0.0870662 0.127078 0.127091 0.0871304 0.0410813 0.0137663 0.00449804 0.00401741 0.007055 0.0121292 0.0187153 0.0261263 0.0335957 0.040619 0.0469783 0.0523569 0.0559672 0.0566797 0.0536623 0.0470187
 1.18171e-16 4.2793e-05 0.000415963 0.00276422 0.0125658 0.0390969 0.083301 0.121586 0.121611 0.0834254 0.0395147 0.0137738 0.00580159 0.00706411 0.012723 0.0211157 0.0307878 0.0395613 0.045307 0.0472064 0.0462857 0.0446688 0.0441118 0.0449561 0.0461598 0.0461534
 1.13389e-16 5.45513e-05 0.000530258 0.00352375 0.0160185 0.0498396 0.106189 0.15499 0.155007 0.106273 0.0501228 0.0168382 0.00558689 0.00505307 0.00870074 0.0144484 0.0211689 0.0273983 0.0316955 0.0334495 0.0332313 0.032323 0.0318038 0.0319241 0.0321512 0.0316787
 1.06353e-16 6.20675e-05 0.000603319 0.00400927 0.0182255 0.0567065 0.12082 0.176343 0.176359 0.120898 0.0569682 0.018982 0.00590998 0.00475944 0.00797584 0.0131427 0.0190603 0.0242606 0.0273005 0.0275443 0.0255401 0.0226162 0.0200261 0.0183111 0.017261 0.0163145
 1.04038e-16 6.06556e-05 0.000589594 0.00391806 0.0178109 0.0554166 0.118072 0.172333 0.172352 0.118166 0.0557342 0.0187287 0.00622295 0.00562533 0.0096367 0.015868 0.0229301 0.0290012 0.0322669 0.031897 0.0285283 0.0238036 0.01935 0.0159995 0.0137069 0.0119818
 1.01776e-16 7.1548e-05 0.000695472 0.00462165 0.0210094 0.065368 0.139274 0.203276 0.203286 0.13932 0.0655223 0.0214552 0.00574164 0.00314363 0.00473056 0.00773223 0.01119 0.0141942 0.0158668 0.0158008 0.0142875 0.0120926 0.00996922 0.00829489 0.00704589 0.00601125
 1.02875e-16 4.73805e-05 0.000460555 0.00306055 0.0139128 0.0432882 0.0922314 0.134622 0.134658 0.092406 0.0438744 0.0156056 0.00730857 0.0097308 0.0176438 0.0290691 0.0418127 0.0524589 0.0575566 0.0555128 0.047543 0.03685 0.0267213 0.0190186 0.0139286 0.0106786
 1.07369e-16 4.59581e-05 0.000446729 0.00296867 0.0134952 0.0419886 0.0894621 0.130578 0.130603 0.0895856 0.0424039 0.0146972 0.00599526 0.00708436 0.0127415 0.0212246 0.0311127 0.0402533 0.0464418 0.0485993 0.0472949 0.044123 0.0404998 0.036901 0.0330172 0.0284361
 1.07692e-16 5.89949e-05 0.000573451 0.00381079 0.0173233 0.0538993 0.114839 0.167614 0.167629 0.114915 0.0541542 0.0180609 0.00566686 0.00464093 0.00783043 0.0129756 0.0189809 0.0245009 0.0282088 0.0295175 0.028898 0.0274639 0.0261633 0.0252386 0.0242908 0.0227467
 1.02863e-16 7.05144e-05 0.000685425 0.00455489 0.0207059 0.0644237 0.137262 0.20034 0.20035 0.137311 0.0645896 0.0211851 0.00575869 0.00331597 0.00507429 0.00829848 0.0119989 0.0152013 0.0169675 0.0168774 0.0152749 0.0130211 0.0109535 0.00947622 0.00852082 0.0077827
 1.00841e-16 7.37012e-05 0.000716402 0.00476074 0.0216417 0.0673353 0.143465 0.209394 0.209402 0.143508 0.0674787 0.0220558 0.00580023 0.00298504 0.00438056 0.00712086 0.0102404 0.0128557 0.0141209 0.0136473 0.0117321 0.00915646 0.00672026 0.00487365 0.00365718 0.00287808
 1.008e-16 6.76892e-05 0.000657963 0.0043724 0.0198763 0.0618426 0.131763 0.192315 0.19233 0.131838 0.0620951 0.0206054 0.00620205 0.00465014 0.00764372 0.012514 0.0179835 0.0225359 0.0246729 0.0237005 0.0201392 0.0153741 0.0108377 0.00735722 0.00504212 0.0035839
 1.0151e-16 6.3498e-05 0.000617223 0.00410167 0.0186456 0.0580135 0.123604 0.180408 0.180427 0.123694 0.0583138 0.0195133 0.00628034 0.00537504 0.00910449 0.0149638 0.0215784 0.0271922 0.0300532 0.0293406 0.0256352 0.0204992 0.0155216 0.0115825 0.00876056 0.00671114
 1.02413e-16 6.14417e-05 0.000597236 0.00396884 0.0180418 0.0561348 0.119602 0.174566 0.174586 0.119695 0.0564489 0.0189492 0.00624798 0.00557716 0.00953253 0.0156965 0.0226858 0.0286942 0.0319161 0.0315064 0.0280586 0.0231573 0.018387 0.0145831 0.0117628 0.00954316
 1.01951e-16 6.84208e-05 0.000665074 0.00441965 0.0200911 0.062511 0.133187 0.194392 0.194405 0.133247 0.0627148 0.0206801 0.00589911 0.00389833 0.00621949 0.0102013 0.014753 0.0186868 0.0208369 0.020661 0.0185453 0.0155104 0.0125679 0.0102363 0.00850267 0.00710029
 1.00275e-16 7.96356e-05 0.000774086 0.00514407 0.0233842 0.072757 0.155017 0.226252 0.226254 0.15503 0.0728009 0.0235112 0.00546288 0.00147008 0.00140159 0.0021914 0.00314981 0.00396231 0.00436769 0.00424694 0.003689 0.00292847 0.00220394 0.00164726 0.00126771 0.00100746
 1.00974e-16 3.32318e-05 0.000323025 0.00214662 0.00975825 0.0303618 0.0646911 0.0944302 0.0944858 0.0649625 0.0312726 0.0123875 0.00874105 0.0147012 0.0272881 0.0449243 0.0643924 0.0803017 0.087181 0.0825077 0.0682474 0.0496084 0.0320481 0.0188253 0.0104873 0.00589361
 1.01274e-16 7.67666e-05 0.000746198 0.00495875 0.0225418 0.0701358 0.149432 0.218101 0.218103 0.149445 0.0701809 0.0226727 0.0052901 0.00147805 0.00149155 0.00240891 0.00361233 0.00485239 0.00591906 0.00669582 0.00718974 0.00746024 0.00751601 0.00728527 0.00668555 0.00572084
 1.01687e-16 5.48157e-05 0.000532828 0.00354083 0.0160961 0.0500812 0.106704 0.155744 0.155774 0.106851 0.0505739 0.0175186 0.00710897 0.00831363 0.0148072 0.0243281 0.0348906 0.0435653 0.0474123 0.0450914 0.0376836 0.0280048 0.0189751 0.0122919 0.00816394 0.00589072
 1.03995e-16 5.50969e-05 0.000535562 0.003559 0.0161787 0.050338 0.107251 0.156541 0.156562 0.107357 0.0506922 0.0172031 0.00613553 0.00617689 0.0108178 0.0179233 0.0261064 0.0334337 0.0379435 0.0386834 0.0362009 0.0320326 0.0276493 0.0237278 0.0201877 0.0167081
 1.03495e-16 6.60454e-05 0.000641985 0.00426622 0.0193936 0.0603408 0.128563 0.187644 0.187657 0.128626 0.0605532 0.0200078 0.00581 0.00401925 0.00650133 0.0106997 0.0155398 0.0198243 0.0223777 0.0226617 0.021073 0.0186226 0.0162645 0.014413 0.0129385 0.0114949
 1.02379e-16 6.56822e-05 0.000638455 0.00424276 0.019287 0.060009 0.127856 0.186613 0.186629 0.127933 0.0602672 0.020033 0.00611569 0.00472833 0.00783682 0.0128619 0.0185457 0.023374 0.0258504 0.0252891 0.0222169 0.018003 0.014024 0.0110165 0.00899164 0.00757243
 1.06232e-16 2.86137e-05 0.000278135 0.00184831 0.00840218 0.0261426 0.0557014 0.0813084 0.0813588 0.055948 0.0269707 0.0107946 0.00785597 0.0134004 0.0249722 0.0412961 0.0596184 0.0752468 0.0833971 0.0818393 0.0721855 0.0587167 0.0457451 0.0355929 0.0283587 0.022993
 1.05938e-16 6.59168e-05 0.000640735 0.00425791 0.0193558 0.0602232 0.128312 0.187277 0.187284 0.128346 0.0603373 0.0196873 0.00509742 0.00249796 0.00366531 0.00614408 0.00928635 0.0126041 0.0156249 0.018104 0.0200862 0.0217016 0.0228881 0.0233178 0.0226031 0.0205921
 1.05353e-16 5.60936e-05 0.00054525 0.00362338 0.0164714 0.0512486 0.109192 0.159373 0.159398 0.109312 0.0516534 0.0176402 0.00655696 0.00694809 0.0122134 0.0200967 0.0289368 0.0363867 0.0401111 0.0390768 0.0341916 0.0277066 0.0218624 0.0178184 0.0154888 0.0140924
 1.08313e-16 4.09123e-05 0.000397682 0.00264274 0.0120135 0.0373787 0.0796405 0.116245 0.116278 0.0798033 0.0379258 0.0135955 0.00661975 0.00909955 0.0166261 0.027575 0.0400772 0.0511475 0.0577462 0.0584427 0.0541971 0.0475591 0.0409788 0.0355959 0.0312251 0.0271489
 1.05586e-16 6.59192e-05 0.000640758 0.00425806 0.0193565 0.0602254 0.128317 0.187284 0.187294 0.128364 0.0603853 0.0198195 0.00542471 0.0032028 0.00497671 0.00824179 0.0121461 0.0158667 0.0186064 0.02 0.0202893 0.0200583 0.0197545 0.0194026 0.0186976 0.0173211
 1.03729e-16 6.20175e-05 0.000602832 0.00400603 0.0182109 0.0566608 0.120723 0.176202 0.176221 0.120816 0.0569744 0.0191166 0.00627964 0.00556636 0.00948961 0.0155935 0.0224676 0.0282828 0.0312266 0.0304842 0.0267308 0.0216753 0.0170264 0.013683 0.0116156 0.0102831
 1.07758e-16 3.07192e-05 0.000298602 0.00198432 0.00902045 0.0280662 0.0597997 0.087289 0.0873347 0.0600232 0.0288168 0.0111897 0.00743369 0.0122088 0.0226919 0.0375741 0.0543765 0.068907 0.0768889 0.0763226 0.068619 0.0575234 0.0467503 0.0382115 0.0318722 0.0267666
 1.1697e-16 3.74002e-05 0.000363544 0.00241588 0.0109822 0.0341699 0.0728033 0.106263 0.106283 0.072902 0.0345024 0.0119475 0.0048573 0.00575433 0.0104554 0.0176978 0.0265986 0.0357793 0.0438122 0.0499954 0.0545851 0.0582017 0.0609559 0.0621217 0.0606286 0.0558866
 1.05858e-16 7.17736e-05 0.000697665 0.00463623 0.0210756 0.0655742 0.139713 0.203916 0.203922 0.139741 0.0656684 0.0213482 0.00532261 0.00220339 0.00295369 0.00482985 0.00709814 0.00925137 0.0108405 0.0117022 0.0120592 0.0123419 0.0128625 0.0135986 0.0142279 0.0143439
pSPR Fmed_Fpbrs
0.552105   0.241293 0.241293
Fs Fmed_Fpbrs
0.358698   1.005 1.005
SSBpbr Bo_Bmed_Bpbrs
1.66554e+06  836276  318606 318606
Ro
141063
SPR SPRFo_SPRFmed_SPRFpbrs
1.00831e+06 556690 243297
Fref
1.005
Nvult_r0
 170592 12837.5 5744.98 7193.65 2330.29
CTP_r0
 27528.6 2787.48 1270.55 1592.48 515.892
YTP_r0
391274
Np
 200556 74330.1 4962.01 2200.38 3516.26
Nvult_p0
 163183 64071.1 4292.94 1904.06 3042.76
CTP_p0
 66058 31717.7 2150.4 954.371 1525.17
YTP_p0
 1.13833e+06
CBA_c0
615391
log_Ro
11.677
likeval ReclasPelacesDesembMPH_pf_preclas_ppelaces_ptallas_desvR_qrecl_qpela
 10.9511 23.5166 0.0112775 0.00228174 241.085 117.201 99.3758 0 29.3976 8.58738e-07 0 0.043345 0 0 0
q_reclas_q_pelaces
1.14033 1
M
1
N
 163561 41519.7 95921.1 7381.98 0.229024
 95298.1 52761.1 12638.6 29067.1 2236.49
 93660 27458.3 13647.8 3241.97 8026.15
 104980 27034.6 7121 3510.1 2896.71
 85441.9 24797.1 5251.48 1362.41 1224.74
 212627 26418.8 7101.23 1494.95 736.245
 71524.2 58918.6 6459.84 1719.58 540.002
 27631 13486.4 8271.27 886.32 309.638
 33640.6 8967.27 4141.23 2528.94 365.578
 49620.6 7639.59 1645.86 747.617 522.079
 91897.5 9735.61 1135.7 239.457 184.51
 130742 30007.9 3016.07 350.403 130.779
 106571 30606.8 5754.25 569.462 90.7746
 73845 25750.5 6143.02 1138.4 130.516
 68434.3 12937.8 3251.76 756.257 155.998
 445153 14590.6 2168.15 534.841 149.893
 73889.8 114567 3207.28 470.795 148.585
 674853 21842.7 30750.6 854.427 164.937
 379644 198923 5838.57 8157.46 270.303
 280425 103378 47431.1 1377.86 1987.78
 432128 78009.2 25420.2 11551.9 819.27
 567133 128182 21042.2 6806.43 3311.15
 99650.3 159166 31923.3 5192.11 2495.21
 337276 31203.5 46417.8 9258.56 2228.84
 269667 107030 9276.63 13730 3396.94
 118122 85620.3 31843.6 2746.1 5068.58
 292243 38484.1 26438.9 9792.19 2402.52
 337789 92838.7 11458.8 7832.8 3611.83
 83740.8 110640 28889.1 3551.54 3546.36
 57407.5 27634.8 34802 9053.29 2223.89
 244922 17799.5 7945.37 9947.54 3222.36
pred_Ctot
 12869 4599.34 10858.6 836.635 0.025958
 13321.2 10187.5 2490.24 5733.4 441.168
 13005.7 5268.38 2672.17 635.446 1573.27
 24617.9 8489.43 2276.55 1123.23 926.993
 8737.62 3544.38 766.653 199.119 179.009
 33940.3 5788.3 1586.91 334.427 164.71
 23250.3 24851.2 2767.51 737.31 231.548
 2079 1430.16 896.429 96.1695 33.5991
 8461.07 3002.81 1411.2 862.582 124.699
 15394.9 3091.73 676.805 307.694 214.879
 6592.23 985.342 117.484 24.7998 19.1102
 31171.8 9568.01 978.952 113.841 42.4902
 23919 9230.16 1767.12 175.049 27.905
 25939.6 11625.9 2815.14 522.101 59.8609
 19004.6 4740.56 1211.68 282.051 58.1834
 87017.3 3869.37 585.941 144.686 40.5513
 9340.35 20089.7 574.089 84.3625 26.6267
 86326.4 3874.09 5567.12 154.855 29.8946
 63891.9 45822.7 1371.48 1918.18 63.5638
 44214.3 22386.5 10476.7 304.665 439.552
 53840.7 13490.5 4487.54 2041.55 144.797
 86896.7 27013.4 4523.68 1464.8 712.628
 9498.72 21251.4 4354.07 708.963 340.732
 29647.4 3850.79 5852.7 1168.72 281.367
 23624.6 13165.1 1165.84 1727.5 427.426
 8625.79 8818.01 3351.92 289.396 534.181
 25513.4 4717.72 3311.5 1227.89 301.282
 23635.2 9170.06 1156.89 791.726 365.1
 5498.57 10268.9 2740.92 337.356 336.884
 5784.03 3893.48 5008.18 1304.28 320.408
 27528.6 2787.48 1270.55 1592.48 515.892
F
 0.13141 0.189415 0.19392 0.194163 0.194176
 0.244342 0.352196 0.360573 0.361025 0.361048
 0.242554 0.349619 0.357935 0.358384 0.358407
 0.443044 0.638607 0.653796 0.654616 0.654659
 0.17376 0.25046 0.256417 0.256738 0.256755
 0.283384 0.408471 0.418187 0.418711 0.418738
 0.668353 0.963369 0.986282 0.987518 0.987584
 0.125356 0.18069 0.184987 0.185219 0.185231
 0.482389 0.69532 0.711858 0.71275 0.712797
 0.628616 0.906093 0.927644 0.928806 0.928868
 0.119214 0.171836 0.175923 0.176144 0.176155
 0.452003 0.651521 0.667018 0.667854 0.667898
 0.420357 0.605906 0.620318 0.621095 0.621136
 0.741816 1.06926 1.09469 1.09606 1.09614
 0.545495 0.78628 0.804982 0.805991 0.806044
 0.35726 0.514957 0.527205 0.527866 0.527901
 0.218709 0.315249 0.322747 0.323151 0.323172
 0.221575 0.31938 0.326977 0.327386 0.327408
 0.300846 0.433641 0.443955 0.444512 0.444541
 0.27948 0.402845 0.412427 0.412944 0.412971
 0.215272 0.310295 0.317675 0.318073 0.318094
 0.270647 0.390113 0.399391 0.399892 0.399918
 0.161137 0.232264 0.237788 0.238086 0.238102
 0.147794 0.213032 0.218099 0.218372 0.218387
 0.147265 0.212269 0.217318 0.21759 0.217605
 0.12147 0.175088 0.179252 0.179477 0.179488
 0.146721 0.211485 0.216515 0.216787 0.216801
 0.116136 0.167399 0.171381 0.171596 0.171607
 0.108651 0.156611 0.160336 0.160537 0.160547
 0.171004 0.246486 0.252349 0.252665 0.252682
 0.192423 0.27736 0.283957 0.284313 0.284332
nmprior
 8.19 8.8 8.5 0
nm_flota  nm_reclas  nm_pelaces    nm_pelaL
inf 14.8238 15.1706 34.3006
cv_recla  cv_pelaces  cv_mph
0.299333 0.549869 1.47414
 ------------------------------------------------
Talla a la edad & desviaci?n 
 8 13.2811 15.8009 17.003 17.5766
 0.8 1.32811 1.58009 1.7003 1.75766
