years
 1991 1992 1993 1994 1995 1996 1997 1998 1999 2000 2001 2002 2003 2004 2005 2006 2007 2008 2009 2010 2011 2012 2013 2014 2015 2016 2017 2018 2019 2020 2021
reclasobs
 0 0 0 0 0 0 0 0 0 252601 567819 844713 477998 351125 339783 2.1784e+06 2.13404e+06 4.81314e+06 1.55562e+06 2.62356e+06 3.21686e+06 3.843e+06 1.13348e+06 3.07943e+06 1.97215e+06 2.03268e+06 2.025e+06 2.42433e+06 2.27542e+06 1.05018e+06 2.36338e+06
reclaspred
 2.91785e+06 1.60318e+06 802472 688148 621288 1.13865e+06 623263 519908 390864 293452 434278 600314 590116 439526 434404 1.35474e+06 1.25426e+06 3.00341e+06 2.46297e+06 1.78262e+06 3.1799e+06 2.58902e+06 1.975e+06 3.08386e+06 2.27432e+06 1.9676e+06 2.41681e+06 2.66787e+06 2.1473e+06 1.27778e+06 1.83366e+06
pelacesobs
 0 0 0 0 0 0 0 0 0 0 0 0 0 0 0 552880 188675 0 991730 2.46772e+06 1.41603e+06 1.21717e+06 2.29649e+06 1.80582e+06 0 1.4828e+06 1.56532e+06 1.57751e+06 1.42118e+06 867257 1.10002e+06
pelacespred
 1.31432e+06 794653 392685 271532 264440 499696 231055 262650 178425 126092 201987 235205 256373 197238 201693 535430 498711 1.39232e+06 1.16663e+06 782340 1.36699e+06 1.18937e+06 910789 1.56677e+06 1.10909e+06 958286 1.34382e+06 1.45836e+06 969057 657586 922474
mphobs
 0 0 0 0 0 0 0 0 0 0 0 498337 0 5186 125008 0 168611 109162 213762 579715 649985 157893 87575 83554 0 0 0 0 0 0 0
mphpred
 2.51673e+06 1.66376e+06 806614 433775 382713 410477 609136 313514 278646 187815 131415 295401 327835 270035 169145 215466 890558 799640 1.70705e+06 1.26747e+06 1.31473e+06 1.65271e+06 1.56998e+06 1.2409e+06 1.75863e+06 1.42084e+06 1.14215e+06 1.26964e+06 1.84979e+06 1.22077e+06 712601
desembarqueobs
 494567 514787 250237 358949 120608 361735 552515 73892 212993 205616 52469 317467 293654 387597 252695 516296 358380 742168 942051 627588 828172 859565 418607 520667 417249 300574 415391 372974 316634 284311 391294
desembarquepred
 494566 514031 250442 358982 120612 361717 552438 73895.3 213020 205636 52470.9 317501 293672 387554 252661 516207 358389 742018 941710 627365 828186 859492 418594 520673 417229 300559 415369 372940 316612 284301 391283
Reclutas
 174010 99267.5 98500.6 120210 97387.7 216738 78604.9 31757 36581.1 53165 100739 137537 112345 77770.5 74362.8 459540 81859.9 703715 393950 293981 451035 596919 109591 360776 292229 127934 310506 356463 91781.8 63756.1 263260
log_desv_Rt
 0.138447 -0.422847 -0.430602 -0.231429 -0.441964 0.358026 -0.656231 -1.56255 -1.42113 -1.04726 -0.408135 -0.0967695 -0.299093 -0.666902 -0.711709 1.10956 -0.615655 1.53571 0.955559 0.662851 1.09088 1.37112 -0.32391 0.867593 0.656873 -0.169151 0.717538 0.855566 -0.50125 -0.8656 0.552477
SSB
 2.51673e+06 1.66376e+06 806614 433775 382713 410477 609136 313514 278646 187815 131415 295401 327835 270035 169145 215466 890558 799640 1.70705e+06 1.26747e+06 1.31473e+06 1.65271e+06 1.56998e+06 1.2409e+06 1.75863e+06 1.42084e+06 1.14215e+06 1.26964e+06 1.84979e+06 1.22077e+06 712601
BT
 3.45202e+06 2.34031e+06 1.15209e+06 927794 707592 1.46389e+06 1.02216e+06 672214 621754 486937 510399 806020 856897 857072 718767 1.65091e+06 1.43e+06 3.86829e+06 3.59359e+06 2.37217e+06 3.82495e+06 3.54619e+06 2.4652e+06 4.09929e+06 2.94636e+06 2.47766e+06 3.52516e+06 3.73871e+06 2.49697e+06 1.79673e+06 2.50208e+06
Ftot
 0.169093 0.312158 0.308631 0.5419 0.205398 0.359763 0.841032 0.150414 0.572656 0.729639 0.14412 0.568303 0.529814 0.919563 0.658178 0.46285 0.288045 0.290707 0.40098 0.371277 0.285186 0.358251 0.213069 0.192252 0.191895 0.157988 0.194414 0.160255 0.144787 0.221745 0.246418
BD_Bspro_t
 0.973308 0.811963 0.626112 0.522048 0.467045 0.5396 0.550862 0.343439 0.39406 0.349227 0.331782 0.609777 0.499455 0.4063 0.291547 0.347465 0.574284 0.535156 0.650979 0.550671 0.515072 0.568809 0.585543 0.568464 0.679242 0.68431 0.687439 0.731246 0.783062 0.710326 0.628553
BD_Bspro
 2.32385 1.53626 0.744798 0.400532 0.353383 0.37902 0.562454 0.289487 0.257292 0.173421 0.121343 0.272763 0.302711 0.249341 0.156182 0.198953 0.82231 0.738359 1.57623 1.17033 1.21397 1.52605 1.44967 1.1458 1.62386 1.31195 1.05462 1.17234 1.70803 1.12721 0.65799
BD_Bo
 1.44126 0.952789 0.461925 0.24841 0.219169 0.235068 0.348835 0.17954 0.159573 0.107556 0.0752573 0.169168 0.187742 0.154642 0.0968645 0.123391 0.509997 0.457931 0.977578 0.725841 0.752908 0.946459 0.899085 0.710628 1.00712 0.813673 0.654077 0.727089 1.05932 0.699097 0.408086
BD_Brms
 8.1333 5.37678 2.60673 1.40183 1.23681 1.32654 1.96854 1.01318 0.9005 0.60696 0.424692 0.954646 1.05946 0.872672 0.546625 0.696321 2.87802 2.58419 5.51667 4.09606 4.24881 5.34105 5.07371 4.01021 5.68336 4.59172 3.69108 4.10311 5.97796 3.94514 2.30291
Sel_flota
 0.727507 1 1 1 1
 0.727507 1 1 1 1
 0.727507 1 1 1 1
 0.727507 1 1 1 1
 0.727507 1 1 1 1
 0.727507 1 1 1 1
 0.727507 1 1 1 1
 0.727507 1 1 1 1
 0.727507 1 1 1 1
 0.727507 1 1 1 1
 0.727507 1 1 1 1
 0.727507 1 1 1 1
 0.727507 1 1 1 1
 0.727507 1 1 1 1
 0.727507 1 1 1 1
 0.727507 1 1 1 1
 0.727507 1 1 1 1
 0.727507 1 1 1 1
 0.727507 1 1 1 1
 0.727507 1 1 1 1
 0.727507 1 1 1 1
 0.727507 1 1 1 1
 0.727507 1 1 1 1
 0.727507 1 1 1 1
 0.727507 1 1 1 1
 0.727507 1 1 1 1
 0.727507 1 1 1 1
 0.727507 1 1 1 1
 0.727507 1 1 1 1
 0.727507 1 1 1 1
 0.727507 1 1 1 1
Sel_reclas
 1 1 1 1 1
 1 1 1 1 1
 1 1 1 1 1
 1 1 1 1 1
 1 1 1 1 1
 1 1 1 1 1
 1 1 1 1 1
 1 1 1 1 1
 1 1 1 1 1
 1 1 1 1 1
 1 1 1 1 1
 1 1 1 1 1
 1 1 1 1 1
 1 1 1 1 1
 1 1 1 1 1
 1 1 1 1 1
 1 1 1 1 1
 1 1 1 1 1
 1 1 1 1 1
 1 1 1 1 1
 1 1 1 1 1
 1 1 1 1 1
 1 1 1 1 1
 1 1 1 1 1
 1 1 1 1 1
 1 1 1 1 1
 1 1 1 1 1
 1 1 1 1 1
 1 1 1 1 1
 1 1 1 1 1
 1 1 1 1 1
Sel_pelaces
 1 1 1 1 1
 1 1 1 1 1
 1 1 1 1 1
 1 1 1 1 1
 1 1 1 1 1
 1 1 1 1 1
 1 1 1 1 1
 1 1 1 1 1
 1 1 1 1 1
 1 1 1 1 1
 1 1 1 1 1
 1 1 1 1 1
 1 1 1 1 1
 1 1 1 1 1
 1 1 1 1 1
 1 1 1 1 1
 1 1 1 1 1
 1 1 1 1 1
 1 1 1 1 1
 1 1 1 1 1
 1 1 1 1 1
 1 1 1 1 1
 1 1 1 1 1
 1 1 1 1 1
 1 1 1 1 1
 1 1 1 1 1
 1 1 1 1 1
 1 1 1 1 1
 1 1 1 1 1
 1 1 1 1 1
 1 1 1 1 1
pf_obs 
 0.8446 0.082 0.0669 0.0065 0
 0.8095 0.147 0.0364 0.0071 0
 0.9664 0.0169 0.016 0.0007 0
 0.9276 0.0648 0.0075 0.0001 0
 0.7033 0.2144 0.0806 0.0017 0
 0.9318 0.0425 0.0243 0.0014 0
 0.5671 0.3108 0.0964 0.0239 0.0018
 0.0768 0.2599 0.5324 0.112 0.0189
 0.490249 0.384438 0.106611 0.0170017 0.00170017
 0.7925 0.1577 0.0466 0.003 0.0002
 0.840416 0.127587 0.0312969 0.00059994 9.999e-05
 0.8084 0.0986 0.0794 0.0134 0.0002
 0.7335 0.1905 0.0724 0.0035 0.0001
 0.4001 0.4547 0.1325 0.0127 0
 0.49795 0.308269 0.164784 0.0264974 0.00249975
 0.9179 0.0499 0.0305 0.0017 0
 0.2467 0.6533 0.0926 0.0074 0
 0.9418 0.0223 0.034 0.0019 0
 0.707729 0.231977 0.0356964 0.0245975 0
 0.517169 0.277429 0.184464 0.0207286 0.00020938
 0.811772 0.124168 0.05621 0.00726502 0.000585176
 0.764997 0.148141 0.077277 0.00933861 0.000247198
 0.163321 0.427699 0.378323 0.0303852 0.000271297
 0.753843 0.0900009 0.118128 0.0371064 0.000921714
 0.721811 0.176058 0.0630433 0.0369309 0.00215725
 0.143369 0.312575 0.442814 0.0836902 0.0175525
 0.692698 0.0596174 0.167031 0.0765114 0.00414204
 0.394062 0.376323 0.152708 0.0712218 0.00568511
 0.125707 0.32114 0.495352 0.0537591 0.00404204
 0.23352 0.215282 0.420074 0.123614 0.00750983
 0.774587 0.0839891 0.0768558 0.0609784 0.00358967
pf_pred 
 0.443276 0.147188 0.381994 0.0275414 8.3556e-07
 0.411269 0.311654 0.073254 0.190115 0.0137075
 0.56139 0.220479 0.115471 0.0271414 0.0755185
 0.674802 0.211127 0.0573411 0.0300311 0.0266993
 0.648065 0.266615 0.0553921 0.0150442 0.014884
 0.79352 0.149394 0.0432465 0.00898493 0.00485454
 0.462161 0.456422 0.0589074 0.0170525 0.00545703
 0.46383 0.309636 0.192241 0.0248113 0.00948081
 0.596935 0.221367 0.10493 0.0651471 0.011621
 0.764432 0.162919 0.0398996 0.0189128 0.0138368
 0.843878 0.130342 0.0178296 0.00436654 0.00358406
 0.737576 0.231926 0.0254623 0.00348301 0.00155315
 0.676348 0.262034 0.0544566 0.00597859 0.0011825
 0.62545 0.284085 0.0732428 0.0152215 0.00200164
 0.742252 0.18801 0.0528939 0.0136371 0.00320678
 0.944127 0.0455805 0.00750786 0.00211223 0.000672633
 0.328624 0.645647 0.0209896 0.00345733 0.00128241
 0.899484 0.0415741 0.0566832 0.00184274 0.000416116
 0.569861 0.399196 0.0127984 0.0174496 0.000695377
 0.575915 0.280149 0.133582 0.00428269 0.00607182
 0.731646 0.17845 0.0593902 0.0283187 0.00219511
 0.727341 0.217318 0.0368007 0.0122477 0.00629269
 0.277305 0.574912 0.117788 0.0199462 0.010049
 0.732787 0.0943733 0.137496 0.0281701 0.00717365
 0.599491 0.318586 0.0289332 0.042154 0.0108358
 0.407802 0.402542 0.150862 0.013701 0.0250926
 0.730465 0.132786 0.0929544 0.0348368 0.00895814
 0.678724 0.254959 0.0326713 0.0228709 0.0107755
 0.303304 0.521648 0.138915 0.017801 0.0183323
 0.372678 0.238296 0.291281 0.077568 0.0201764
 0.818814 0.0830666 0.0372717 0.0455591 0.0152881
pobs_RECLAS
 0 0 0 0 0
 0 0 0 0 0
 0 0 0 0 0
 0 0 0 0 0
 0 0 0 0 0
 0 0 0 0 0
 0 0 0 0 0
 0 0 0 0 0
 0 0 0 0 0
 0 0 0 0 0
 0.991045 0.00858322 0.000360255 1.14367e-05 0
 0.934742 0.0480273 0.0164251 0.00080598 0
 0.827803 0.169806 0.00239088 0 0
 0.941827 0.0461693 0.0120037 0 0
 0.791401 0.0380133 0.147996 0.0225897 0
 0.846168 0.0940531 0.0597789 0 0
 0.134021 0.677848 0.182769 0.00536245 0
 0.80878 0.0450904 0.141981 0.00414843 0
 0.846168 0.0940531 0.0597789 0 0
 0.905697 0.0802665 0.012482 0.00150086 5.37128e-05
 0.989698 0.0102097 9.19794e-05 0 0
 0.975433 0.0193895 0.00387452 0.00125025 5.28907e-05
 0.303575 0.632131 0.0575291 0.00676475 0
 0.966965 0.00978017 0.0227588 0.000495775 0
 0.843318 0.132988 0.00938335 0.0141283 0.000182051
 0.564624 0.303363 0.111486 0.0197234 0.00080311
 0.826376 0.0876187 0.0782897 0.00655872 0.00115652
 0.89761 0.0855135 0.0140674 0.00269457 0.000114338
 0.34875 0.467042 0.161289 0.0227151 0.000203297
 0.318654 0.224769 0.449479 0.00709798 0
 0.937255 0.0296025 0.0250945 0.00804832 0
ppred_RECLAS
 0.523622 0.125945 0.326865 0.0235666 7.14972e-07
 0.492045 0.268894 0.0632033 0.164031 0.0118268
 0.63959 0.18117 0.0948837 0.0223023 0.0620543
 0.743752 0.166363 0.0451834 0.0236638 0.0210384
 0.717895 0.213714 0.0444013 0.0120592 0.0119308
 0.842217 0.11416 0.0330471 0.00686588 0.00370962
 0.549319 0.382458 0.0493613 0.0142891 0.0045727
 0.54413 0.263264 0.16345 0.0210954 0.00806092
 0.674715 0.178649 0.0846818 0.0525756 0.00937847
 0.820707 0.123999 0.0303679 0.0143947 0.0105313
 0.88175 0.0987237 0.0135045 0.00330731 0.00271465
 0.797396 0.179058 0.0196581 0.00268905 0.00119911
 0.744999 0.206454 0.0429057 0.00471045 0.000931676
 0.70401 0.224499 0.0578805 0.0120288 0.0015818
 0.801925 0.144483 0.0406481 0.0104799 0.00246436
 0.959284 0.0332157 0.00547118 0.00153923 0.000490165
 0.404121 0.573043 0.0186293 0.00306855 0.0011382
 0.925372 0.0308665 0.0420841 0.00136813 0.000308943
 0.648241 0.326454 0.0104662 0.0142699 0.000568665
 0.653618 0.228819 0.109106 0.00349799 0.00495931
 0.790674 0.139198 0.0463266 0.0220897 0.00171227
 0.787457 0.169404 0.0286868 0.00954733 0.00490528
 0.346573 0.519809 0.106498 0.0180344 0.00908583
 0.791158 0.0737581 0.107461 0.0220166 0.00560662
 0.674025 0.259298 0.0235489 0.0343092 0.00881929
 0.487269 0.348525 0.130618 0.0118624 0.0217254
 0.789207 0.103847 0.0726958 0.0272444 0.0070058
 0.744616 0.202668 0.0259706 0.0181802 0.00856551
 0.375227 0.467796 0.124574 0.0159634 0.0164398
 0.450971 0.208556 0.254928 0.0678872 0.0176583
 0.86213 0.0632082 0.0283613 0.0346675 0.0116333
pobs_PELACES
 0 0 0 0 0
 0 0 0 0 0
 0 0 0 0 0
 0 0 0 0 0
 0 0 0 0 0
 0 0 0 0 0
 0 0 0 0 0
 0 0 0 0 0
 0 0 0 0 0
 0 0 0 0 0
 0 0 0 0 0
 0 0 0 0 0
 0 0 0 0 0
 0 0 0 0 0
 0 0 0 0 0
 0 0 0 0 0
 0.505614 0.472636 0.0217494 0 0
 0 0 0 0 0
 0.443492 0.261883 0.143347 0.151278 0
 0.227955 0.32914 0.350689 0.0885471 0.00366901
 0.970185 0.0296113 0.000203453 0 0
 0.997202 0.00247181 0.000326279 0 0
 0.445219 0.490057 0.0546422 0.010081 0
 0.90214 0.0892962 0.00764917 0.000914606 0
 0 0 0 0 0
 0.581667 0.319106 0.0959925 0.00289975 0.000334073
 0.762889 0.0836404 0.116647 0.0363945 0.000428098
 0.88444 0.0763242 0.0277011 0.0115352 0
 0.521256 0.241999 0.230069 0.00667565 0
 0.616807 0.101726 0.260614 0.0208532 0
 0.833518 0.0704572 0.0857862 0.0102388 0
ppred_PELACES
 0.527414 0.124943 0.324263 0.023379 7.09281e-07
 0.499062 0.26518 0.0623303 0.161765 0.0116634
 0.645962 0.177967 0.0932061 0.021908 0.0609571
 0.752928 0.160405 0.0435653 0.0228164 0.020285
 0.72162 0.210892 0.043815 0.0118999 0.0117732
 0.846469 0.111084 0.0321566 0.00668087 0.00360966
 0.567964 0.366636 0.0473192 0.013698 0.00438353
 0.547483 0.261327 0.162248 0.0209403 0.00800163
 0.685913 0.172499 0.0817664 0.0507656 0.00905559
 0.830159 0.117462 0.0287669 0.0136359 0.00997613
 0.883094 0.0976011 0.0133509 0.0032697 0.00268378
 0.805527 0.171872 0.0188692 0.00258113 0.00115098
 0.753943 0.199212 0.0414006 0.00454522 0.000898995
 0.720945 0.211654 0.0545687 0.0113406 0.0014913
 0.811158 0.137747 0.0387532 0.00999138 0.00234948
 0.960879 0.0319146 0.00525686 0.00147894 0.000470965
 0.410374 0.56703 0.0184338 0.00303635 0.00112626
 0.927158 0.030128 0.0410773 0.0013354 0.000301552
 0.656419 0.318865 0.0102229 0.0139382 0.000555445
 0.661137 0.223851 0.106738 0.00342206 0.00485165
 0.794887 0.136396 0.0453943 0.0216451 0.00167781
 0.792799 0.165146 0.0279659 0.00930737 0.00478199
 0.350925 0.516347 0.105789 0.0179143 0.00902533
 0.794 0.0727544 0.105999 0.021717 0.00553032
 0.677805 0.256291 0.0232758 0.0339114 0.00871703
 0.490819 0.346112 0.129713 0.0117803 0.021575
 0.792101 0.102421 0.0716979 0.0268704 0.00690963
 0.747346 0.200501 0.0256929 0.0179858 0.00847393
 0.378284 0.465507 0.123964 0.0158853 0.0163594
 0.455912 0.206678 0.252634 0.0672762 0.0174994
 0.864742 0.0620104 0.0278238 0.0340105 0.0114128
pobs_pel_tallas
 0 0 0 0 0 0 0 0 0 0 0 0 0 0 0 0 0 0 0 0 0 0 0 0 0 0
 0 0 0 0 0 0 0 0 0 0 0 0 0 0 0 0 0 0 0 0 0 0 0 0 0 0
 0 0 0 0 0 0 0 0 0 0 0 0 0 0 0 0 0 0 0 0 0 0 0 0 0 0
 0 0 0 0 0 0 0 0 0 0 0 0 0 0 0 0 0 0 0 0 0 0 0 0 0 0
 0 0 0 0 0 0 0 0 0 0 0 0 0 0 0 0 0 0 0 0 0 0 0 0 0 0
 0 0 0 0 0 0 0 0 0 0 0 0 0 0 0 0 0 0 0 0 0 0 0 0 0 0
 0 0 0 0 0 0 0 0 0 0 0 0 0 0 0 0 0 0 0 0 0 0 0 0 0 0
 0 0 0 0 0 0 0 0 0 0 0 0 0 0 0 0 0 0 0 0 0 0 0 0 0 0
 0 0 0 0 0 0 0 0 0 0 0 0 0 0 0 0 0 0 0 0 0 0 0 0 0 0
 0 0 0 0 0 0 0 0 0 0 0 0 0 0 0 0 0 0 0 0 0 0 0 0 0 0
 0 0 0 0 0 0 0 0 0 0 0 0 0 0 0 0 0 0 0 0 0 0 0 0 0 0
 0 0 0 0 0 0 0 0 0 0 0 0 0 0 0 0 0 0 0 0 0 0 0 0 0 0
 0.00862536 0 0 0.000197151 0.00414017 0.0128641 0.00837892 0.0270097 0.101434 0.158115 0.152841 0.127902 0.109271 0.109419 0.0830992 0.0579132 0.0238553 0.00714673 0.00463305 0.00128148 0.00103504 0.000492878 0.000147863 0.000147863 4.92878e-05 0
 0 0 0 0 0 0 0 0 0 0 0 0 0 0 0 0 0 0 0 0 0 0 0 0 0 0
 0 0 0 0 0 0 0 0.0054083 0.00873648 0.0413646 0.0450493 0.0745869 0.0622846 0.0627006 0.0613931 0.0827291 0.12552 0.122667 0.0946155 0.0697135 0.0546179 0.0294188 0.0215738 0.0213955 0.0102223 0.00600262
 0 0 0 0 0.00359764 0.0251062 0.0480494 0.140153 0.205849 0.193036 0.1447 0.116669 0.0760912 0.0342217 0.00950174 0.001854 0.000860785 0 0 0 0.000165536 0 0.000143464 0 0 0
 0 0 0 0 0 0 0 0.000145254 0.000435761 0.0275982 0.070085 0.0708112 0.156366 0.174668 0.174014 0.160142 0.0824315 0.0480064 0.0283245 0.00493863 0.00203355 0 0 0 0 0
 0 0 0 0 0 0 0 0 0 0 0 0 0 0 0 0 0 0 0 0 0 0 0 0 0 0
 0 0 1.00437e-05 0.000401748 0.00122533 0.00171747 0.00176769 0.0269171 0.070346 0.194647 0.189555 0.159765 0.064822 0.0314167 0.0384472 0.0292271 0.0345202 0.0313363 0.0194345 0.0106764 0.0143323 0.0359363 0.0279516 0.0138201 0.00172751 0
 0 0.0021121 0.0136068 0.0755702 0.200478 0.177729 0.0527432 0.0373336 0.0318909 0.0142505 0.0149659 0.0166563 0.0217959 0.0798694 0.0677717 0.0528807 0.04013 0.0224614 0.0357745 0.0225083 0.00881397 0.00855152 0.00135912 0.000746735 0 0
 0 0 0 0 5.4009e-05 0.00500934 0.000945158 0.0243581 0.138947 0.33067 0.221406 0.137944 0.0707744 0.0437923 0.0131692 0.00525238 0.0047753 0.00276346 9.45158e-05 9.00151e-06 2.25038e-05 9.00151e-06 4.50075e-06 0 0 0
 0.000866109 0.00284123 0.00948549 0.0512746 0.133035 0.25785 0.225252 0.132002 0.0553304 0.0519788 0.0540692 0.017754 0.00435017 0.00159236 0.00146478 0.000404838 0.000125132 0.000115318 0.000107957 0.000100596 0 0 0 0 0 0
 0 0 0 0 0.00144013 0.00171154 0.00461396 0.0210425 0.0478622 0.0707936 0.0888783 0.103762 0.0637923 0.0337046 0.0602308 0.124433 0.169614 0.0934646 0.0462172 0.0250306 0.0313229 0.00938855 0.002487 0.000210481 0 0
 0 0.00764035 0.051015 0.0998891 0.058973 0.0496711 0.0374665 0.0718981 0.12319 0.153886 0.159021 0.0857701 0.0377988 0.023471 0.0147837 0.00900784 0.00315554 0.000888139 0.00291439 0.00214683 0.00393193 0.00274676 0.000635225 9.99891e-05 0 0
 0 0 0 0 0 0 0 0 0 0 0 0 0 0 0 0 0 0 0 0 0 0 0 0 0 0
 0 0 0 0 0 0 0 0 0 0 0 0 0 0 0 0 0 0 0 0 0 0 0 0 0 0
 0 0 0 0 0 0 0 0 0 0 0 0 0 0 0 0 0 0 0 0 0 0 0 0 0 0
 0 0 0 0 0 0 0 0 0 0 0 0 0 0 0 0 0 0 0 0 0 0 0 0 0 0
 0 0 0 0 0 0 0 0 0 0 0 0 0 0 0 0 0 0 0 0 0 0 0 0 0 0
 0 0 0 0 0 0 0 0 0 0 0 0 0 0 0 0 0 0 0 0 0 0 0 0 0 0
 0 0 0 0 0 0 0 0 0 0 0 0 0 0 0 0 0 0 0 0 0 0 0 0 0 0
ppred_pel_tallas
 1.11735e-16 4.34424e-05 0.000422276 0.00280617 0.0127565 0.0396901 0.0845645 0.123427 0.123439 0.0846259 0.0398977 0.0133621 0.00434956 0.00386759 0.00680921 0.0117673 0.0182923 0.0257981 0.0336118 0.0412589 0.0484479 0.0546932 0.0590002 0.0600734 0.0570153 0.0499801
 1.20064e-16 4.11071e-05 0.000399576 0.00265532 0.0120707 0.0375567 0.0800194 0.116796 0.116822 0.0801448 0.037978 0.0132891 0.00571913 0.0071068 0.0128378 0.0213205 0.0311152 0.0400485 0.046005 0.0481956 0.0476856 0.0466224 0.0467387 0.0482892 0.0500961 0.0504474
 1.15249e-16 5.32071e-05 0.000517192 0.00343692 0.0156238 0.0486114 0.103572 0.151171 0.151188 0.103657 0.0488954 0.0164457 0.00550623 0.00505537 0.0087343 0.0145215 0.0213121 0.0276616 0.0321518 0.0341946 0.0343742 0.0339652 0.0340103 0.0346947 0.0354023 0.0352448
 1.0702e-16 6.20177e-05 0.000602834 0.00400605 0.0182109 0.056661 0.120723 0.176202 0.176217 0.120799 0.0569155 0.0189467 0.00585515 0.0046469 0.00776485 0.0127991 0.0185782 0.0236832 0.0267233 0.0270931 0.0253329 0.0227315 0.0204894 0.0190994 0.0183137 0.0175439
 1.04505e-16 5.9439e-05 0.000577768 0.00383947 0.0174537 0.054305 0.115703 0.168877 0.168897 0.115803 0.054639 0.0184188 0.00626328 0.00587325 0.0101293 0.0166858 0.0241122 0.0304969 0.0339343 0.0335551 0.0300349 0.0251068 0.0204852 0.0170423 0.0147204 0.0129872
 1.02238e-16 6.97225e-05 0.000677728 0.00450374 0.0204734 0.0637003 0.135721 0.19809 0.198101 0.135773 0.0638765 0.0209827 0.00578358 0.00347599 0.005397 0.00884569 0.0128148 0.016281 0.0182479 0.0182532 0.0166256 0.0142276 0.0119013 0.0100588 0.0086595 0.0074589
 1.03575e-16 4.67825e-05 0.000454743 0.00302193 0.0137373 0.0427419 0.0910674 0.132923 0.132958 0.0912401 0.0433215 0.0154114 0.00722392 0.00962678 0.0174634 0.0287895 0.0414518 0.0520939 0.0573239 0.0555772 0.0480446 0.0378544 0.0281959 0.0208421 0.0159253 0.0126629
 1.08204e-16 4.50955e-05 0.000438344 0.00291295 0.0132419 0.0412005 0.087783 0.128127 0.128153 0.0879071 0.0416179 0.01445 0.0059551 0.00711113 0.0128109 0.0213504 0.0313172 0.0405617 0.046883 0.0492103 0.0481205 0.0452068 0.0418651 0.0385316 0.0348463 0.0303535
 1.09028e-16 5.64978e-05 0.000549179 0.00364949 0.0165901 0.0516179 0.109978 0.16052 0.160536 0.11006 0.0518929 0.0173858 0.00565219 0.00493907 0.00844724 0.0140179 0.0205275 0.0265426 0.0306467 0.0322179 0.0317664 0.0304808 0.0293552 0.0286101 0.0277719 0.0261889
 1.03916e-16 6.83791e-05 0.00066467 0.00441696 0.0200789 0.0624729 0.133106 0.194274 0.194285 0.133161 0.0626592 0.0206172 0.00576936 0.00362116 0.00569589 0.00934206 0.0135326 0.0171955 0.0192922 0.0193615 0.0177894 0.015526 0.0134793 0.0120604 0.0111509 0.01038
 1.01193e-16 7.27393e-05 0.000707052 0.00469861 0.0213592 0.0664565 0.141593 0.206661 0.20667 0.141639 0.0666108 0.021805 0.00581753 0.00314964 0.00471162 0.00767412 0.011048 0.013894 0.0153085 0.0148776 0.0129196 0.0102662 0.00776242 0.0058732 0.00462487 0.00379971
 1.01043e-16 6.63502e-05 0.000644948 0.0042859 0.0194831 0.0606193 0.129156 0.188511 0.188528 0.129237 0.0608909 0.0202674 0.00625413 0.00494 0.00821868 0.0134695 0.0193667 0.0242894 0.0266313 0.0256485 0.0218984 0.0168622 0.0120667 0.00838633 0.00592677 0.00435145
 1.01854e-16 6.21014e-05 0.000603647 0.00401145 0.0182355 0.0567374 0.120886 0.17644 0.17646 0.12098 0.0570529 0.0191468 0.00629984 0.00560223 0.00956399 0.0157352 0.022712 0.0286645 0.0317623 0.0311472 0.0274206 0.0222006 0.0171239 0.0130827 0.0101392 0.00793013
 1.03019e-16 5.93834e-05 0.000577227 0.00383588 0.0174374 0.0542542 0.115595 0.168719 0.168739 0.115695 0.0545897 0.018407 0.00627161 0.00590075 0.0101882 0.0167974 0.0243039 0.0307968 0.0343608 0.0340993 0.0306389 0.0256468 0.0207752 0.016873 0.0139255 0.011513
 1.02554e-16 6.68141e-05 0.000649457 0.00431587 0.0196193 0.061043 0.130059 0.189828 0.189841 0.130124 0.0612615 0.0202508 0.00590255 0.00411836 0.00667014 0.0109613 0.0158773 0.0201629 0.0225817 0.0225591 0.0205029 0.0174846 0.0145514 0.012218 0.010438 0.00891234
 1.00388e-16 7.91463e-05 0.00076933 0.00511247 0.0232405 0.07231 0.154064 0.224862 0.224865 0.154079 0.0723605 0.0233864 0.00547868 0.00156899 0.0015985 0.00251911 0.00362526 0.00456732 0.00504783 0.00493128 0.00431933 0.00347875 0.00267891 0.00206563 0.00164473 0.00134714
 1.01173e-16 3.38021e-05 0.000328568 0.00218345 0.0099257 0.0308828 0.0658011 0.0960501 0.0961046 0.0660676 0.0317773 0.0125081 0.00866065 0.0144518 0.0268077 0.0441372 0.0632775 0.0789397 0.0857567 0.0812536 0.0673568 0.0491686 0.0320289 0.0191176 0.010957 0.00642303
 1.01379e-16 7.63688e-05 0.000742331 0.00493305 0.0224249 0.0697724 0.148657 0.216971 0.216974 0.148672 0.0698212 0.0225667 0.00529161 0.00153405 0.00160623 0.00260269 0.00389981 0.00523119 0.00636859 0.00718629 0.00769489 0.00796429 0.00801057 0.00776108 0.00712759 0.00611064
 1.01869e-16 5.40684e-05 0.000525564 0.00349256 0.0158767 0.0493984 0.10525 0.153621 0.153652 0.1054 0.0499016 0.0173292 0.00713605 0.00847098 0.0151195 0.0248467 0.0356408 0.0445152 0.0484721 0.0461453 0.0386385 0.0288221 0.0196688 0.0129004 0.00871921 0.00640346
 1.04302e-16 5.4457e-05 0.000529342 0.00351766 0.0159908 0.0497534 0.106006 0.154723 0.154745 0.106112 0.0501098 0.0170216 0.0061106 0.00620782 0.0108916 0.0180567 0.0263226 0.0337558 0.0383925 0.0392776 0.0369524 0.0329391 0.0286834 0.0248335 0.0212885 0.0177256
 1.038e-16 6.54738e-05 0.000636429 0.00422929 0.0192258 0.0598185 0.12745 0.18602 0.186033 0.127515 0.0600352 0.0198522 0.00580396 0.0040817 0.00663166 0.0109206 0.0158693 0.0202628 0.0229078 0.0232595 0.0217227 0.0193226 0.01702 0.0152206 0.0137756 0.0123203
 1.02592e-16 6.53018e-05 0.000634757 0.00421818 0.0191753 0.0596614 0.127116 0.185532 0.185548 0.127193 0.0599228 0.0199302 0.00611373 0.00477434 0.00793189 0.0130225 0.0187838 0.0236878 0.0262243 0.0257019 0.0226536 0.0184602 0.0145064 0.0115259 0.00951917 0.00809727
 1.06509e-16 2.89053e-05 0.00028097 0.00186715 0.0084878 0.026409 0.056269 0.0821366 0.0821864 0.0565124 0.0272266 0.0108499 0.00779894 0.0132384 0.0246614 0.0407874 0.0588989 0.0743705 0.0824872 0.0810522 0.0716551 0.0585102 0.0458537 0.0359528 0.0288829 0.0235956
 1.06192e-16 6.54007e-05 0.000635718 0.00422457 0.0192043 0.0597517 0.127308 0.185811 0.185818 0.127343 0.05987 0.019548 0.00509484 0.00256062 0.00379486 0.00636319 0.00961185 0.0130344 0.0161395 0.0186742 0.0206906 0.0223332 0.0235486 0.0240049 0.0233005 0.0212701
 1.05614e-16 5.58299e-05 0.000542687 0.00360635 0.0163939 0.0510078 0.108678 0.158624 0.158649 0.108799 0.0514129 0.0175639 0.00654276 0.00695213 0.0122269 0.0201227 0.0289823 0.0364613 0.0402275 0.0392511 0.0344411 0.028046 0.0222973 0.0183402 0.016073 0.0147016
 1.08665e-16 4.04282e-05 0.000392976 0.00261147 0.0118714 0.0369364 0.0786982 0.114869 0.114903 0.0788619 0.0374864 0.0134616 0.00660938 0.00914104 0.016715 0.0277273 0.0403075 0.0514605 0.0581365 0.058902 0.0547227 0.048156 0.0416535 0.0363446 0.0320263 0.0279646
 1.0596e-16 6.52443e-05 0.000634198 0.00421447 0.0191584 0.0596089 0.127003 0.185367 0.185377 0.127052 0.0597729 0.0196334 0.0054116 0.00326366 0.0051067 0.00846473 0.0124839 0.0163268 0.0191812 0.0206757 0.0210575 0.0209183 0.020704 0.0204234 0.0197492 0.018346
 1.04031e-16 6.1558e-05 0.000598366 0.00397635 0.0180759 0.056241 0.119828 0.174897 0.174916 0.119923 0.0565581 0.0189918 0.00627552 0.00561808 0.00959699 0.0157748 0.0227364 0.0286375 0.0316504 0.0309554 0.0272365 0.0222173 0.017616 0.0143267 0.0123039 0.0109881
 1.08058e-16 3.11588e-05 0.000302875 0.00201271 0.00914953 0.0284678 0.0606553 0.0885377 0.0885826 0.0608751 0.0292059 0.0112824 0.00737107 0.012015 0.0223179 0.0369599 0.0535032 0.0678337 0.0757555 0.0753085 0.0678784 0.057136 0.0467119 0.0384592 0.0323194 0.0273273
 1.17052e-16 3.75529e-05 0.000365028 0.00242574 0.0110271 0.0343094 0.0731006 0.106697 0.106717 0.0731999 0.034644 0.0119981 0.00488132 0.00578561 0.010509 0.0177779 0.0266952 0.0358625 0.0438347 0.0499066 0.0543534 0.0578336 0.0605008 0.0616591 0.0602422 0.0556368
 1.06162e-16 7.12277e-05 0.000692359 0.00460097 0.0209153 0.0650754 0.13865 0.202365 0.202371 0.13868 0.0651744 0.0212018 0.00532225 0.00227471 0.00309993 0.0050759 0.00746087 0.00972549 0.0113982 0.0123071 0.0126853 0.0129841 0.0135307 0.0143015 0.0149588 0.0150771
pSPR Fmed_Fpbrs
0.582583   0.227205 0.227205
Fs Fmed_Fpbrs
0.309565   1.005 1.005
SSBpbr Bo_Bmed_Bpbrs
1.7462e+06  929998  309435 309435
Ro
151512
SPR SPRFo_SPRFmed_SPRFpbrs
1.083e+06 630936 246062
Fref
1.005
Nvult_r0
 182307 14221 6380.93 7799.74 2617.33
CTP_r0
 27713.9 2811.51 1261.51 1542.01 517.449
YTP_r0
391283
Np
 215133 80953.2 5739.23 2575.17 4052.86
Nvult_p0
 177037 70052 4966.39 2228.4 3507.1
CTP_p0
 74771 35113.3 2489.39 1116.98 1757.92
YTP_p0
 1.27923e+06
CBA_c0
657666
log_Ro
11.7484
likeval ReclasPelacesDesembMPH_pf_preclas_ppelaces_ptallas_desvR_qrecl_qpela
 11.6094 20.2406 0.0164835 0.00246363 241.064 117.618 98.9656 0 28.0931 0 0 0.0787164 0 0 0
q_reclas_q_pelaces
1 1
M
1
N
 174010 42829.5 111155 8014.16 0.243136
 99267.5 56604.9 13304.9 34530.2 2489.66
 98500.6 29099.5 15240.2 3582.2 9967.16
 120210 28948.9 7862.38 4117.75 3660.9
 97387.7 29814.7 6194.31 1682.35 1664.43
 216738 30854.2 8931.65 1855.65 1002.6
 78604.9 61372.4 7920.93 2292.95 733.774
 31757 15683 9736.95 1256.68 480.2
 36581.1 10471.8 4963.76 3081.8 549.734
 53165 8872.17 2172.83 1029.95 753.52
 100739 11502.7 1573.46 385.348 316.295
 137537 33370.8 3663.66 501.155 223.476
 112345 33463.3 6954.43 763.501 151.012
 77770.5 28110.1 7247.36 1506.16 198.062
 74362.8 14654.9 4122.94 1062.98 249.96
 459540 16947.6 2791.55 785.36 250.096
 81859.9 120723 3924.64 646.453 239.786
 703715 24421.3 33296.6 1082.45 244.433
 393950 209533 6717.71 9159.1 364.995
 293981 108257 51619.6 1654.95 2346.31
 451035 82550.4 27473.8 13100.2 1015.45
 596919 134837 22833.4 7599.22 3904.37
 109591 169212 34668 5870.69 2957.69
 360776 34527.1 50303.9 10306.2 2624.53
 292229 115399 10480.3 15269.1 3924.96
 127934 93497.3 35040.3 3182.28 5828.19
 310506 41954.1 29369.2 11006.8 2830.35
 356463 99163 12707.1 8895.37 4191
 91781.8 116704 31078.3 3982.49 4101.35
 63756.1 30389 37146 9891.97 2573.02
 263260 19960.3 8956.1 10947.5 3673.62
pred_Ctot
 12860.6 4270.32 11082.7 799.051 0.0242419
 12985.9 9840.52 2313.01 6002.92 432.817
 12753.1 5008.62 2623.15 616.57 1715.55
 25560.2 7997.08 2171.97 1137.52 1011.32
 8649.55 3558.44 739.303 200.791 198.653
 32228.7 6067.62 1756.45 364.922 197.167
 23885 23588.4 3044.4 881.293 282.026
 2099.45 1401.52 870.146 112.304 42.9133
 8148.91 3021.93 1432.43 889.339 158.641
 14446.6 3078.92 754.041 357.424 261.495
 6393.12 987.454 135.075 33.0804 27.1524
 30442.5 9572.46 1050.92 143.757 64.1044
 23434.9 9079.27 1886.87 207.153 40.9725
 25298.9 11491 2962.61 615.697 80.9647
 18590.4 4708.9 1324.78 341.555 80.3171
 85349.5 4120.5 678.714 190.946 60.8063
 9951.22 19551.2 635.598 104.693 38.8335
 86270 3987.39 5436.51 176.738 39.9099
 64519.7 45197 1449.03 1975.65 78.7306
 44963.8 21872.3 10429.2 334.366 474.05
 54330.8 13251.4 4410.21 2102.9 163.005
 88426.8 26420.6 4474.06 1489.02 765.037
 10074 20885.6 4279.02 724.61 365.063
 30108.5 3877.58 5649.4 1157.44 294.749
 24345.2 12937.7 1174.97 1711.86 440.039
 8863.55 8749.22 3278.97 297.789 545.385
 26187.8 4760.5 3332.5 1248.93 321.157
 25034 9403.88 1205.05 843.571 397.444
 5850.49 10062.2 2679.55 343.368 353.616
 6083.77 3890.05 4755 1266.25 329.368
 27713.9 2811.51 1261.51 1542.01 517.449
F
 0.123016 0.169093 0.169093 0.169093 0.169093
 0.227097 0.312158 0.312158 0.312158 0.312158
 0.224532 0.308631 0.308631 0.308631 0.308631
 0.394236 0.5419 0.5419 0.5419 0.5419
 0.149429 0.205398 0.205398 0.205398 0.205398
 0.26173 0.359763 0.359763 0.359763 0.359763
 0.611857 0.841032 0.841032 0.841032 0.841032
 0.109427 0.150414 0.150414 0.150414 0.150414
 0.416611 0.572656 0.572656 0.572656 0.572656
 0.530818 0.729639 0.729639 0.729639 0.729639
 0.104849 0.14412 0.14412 0.14412 0.14412
 0.413445 0.568303 0.568303 0.568303 0.568303
 0.385443 0.529814 0.529814 0.529814 0.529814
 0.668989 0.919563 0.919563 0.919563 0.919563
 0.47883 0.658178 0.658178 0.658178 0.658178
 0.336727 0.46285 0.46285 0.46285 0.46285
 0.209555 0.288045 0.288045 0.288045 0.288045
 0.211492 0.290707 0.290707 0.290707 0.290707
 0.291716 0.400979 0.40098 0.40098 0.40098
 0.270107 0.371277 0.371277 0.371277 0.371277
 0.207475 0.285186 0.285186 0.285186 0.285186
 0.26063 0.358251 0.358251 0.358251 0.358251
 0.15501 0.213069 0.213069 0.213069 0.213069
 0.139865 0.192252 0.192252 0.192252 0.192252
 0.139605 0.191895 0.191895 0.191895 0.191895
 0.114938 0.157988 0.157988 0.157988 0.157988
 0.141437 0.194414 0.194414 0.194414 0.194414
 0.116587 0.160255 0.160255 0.160255 0.160255
 0.105334 0.144787 0.144787 0.144787 0.144787
 0.161321 0.221745 0.221745 0.221745 0.221745
 0.179271 0.246418 0.246418 0.246418 0.246418
nmprior
 8.19 8.8 8.5 0
nm_flota  nm_reclas  nm_pelaces    nm_pelaL
inf 13.9819 15.8585 36.3363
cv_recla  cv_pelaces  cv_mph
0.308198 0.510134 1.53177
 ------------------------------------------------
Talla a la edad & desviaci?n 
 8 13.2811 15.8009 17.003 17.5766
 0.8 1.32811 1.58009 1.7003 1.75766
