years
 1991 1992 1993 1994 1995 1996 1997 1998 1999 2000 2001 2002 2003 2004 2005 2006 2007 2008 2009 2010 2011 2012 2013 2014 2015 2016 2017 2018 2019 2020 2021
reclasobs
 0 0 0 0 0 0 0 0 0 252601 567819 844713 477998 351125 339783 2.1784e+06 2.13404e+06 4.81314e+06 1.55562e+06 2.62356e+06 3.21686e+06 3.843e+06 1.13348e+06 3.07943e+06 1.97215e+06 2.03268e+06 2.025e+06 2.42433e+06 2.27542e+06 1.05018e+06 2.36338e+06
reclaspred
 3.45557e+06 1.99146e+06 1.01991e+06 1.12564e+06 1.19733e+06 1.81392e+06 1.28636e+06 1.16298e+06 838007 610641 571025 674386 671205 558054 563280 1.20544e+06 1.28003e+06 2.51861e+06 2.11008e+06 1.59477e+06 2.84877e+06 2.32541e+06 1.92831e+06 2.96266e+06 2.22528e+06 1.97868e+06 2.27845e+06 2.32359e+06 1.96033e+06 1.32746e+06 2.03155e+06
pelacesobs
 0 0 0 0 0 0 0 0 0 0 0 0 0 0 0 552880 188675 0 991730 2.46772e+06 1.41603e+06 1.21717e+06 2.29649e+06 1.80582e+06 0 1.4828e+06 1.56532e+06 1.57751e+06 1.42118e+06 867257 1.10002e+06
pelacespred
 2.67525e+06 1.74342e+06 909155 704915 778936 1.15225e+06 916097 902491 676517 470363 416163 411120 444093 392381 384024 636160 775473 1.52628e+06 1.48e+06 1.09317e+06 1.69016e+06 1.60936e+06 1.38281e+06 2.03889e+06 1.67238e+06 1.46961e+06 1.7429e+06 1.74902e+06 1.40002e+06 1.08238e+06 1.3792e+06
mphobs
 0 0 0 0 0 0 0 0 0 0 0 498337 0 5186 125008 0 168611 109162 213762 579715 649985 157893 87575 83554 0 0 0 0 0 0 0
mphpred
 5.31666e+06 3.59021e+06 1.8577e+06 1.01695e+06 1.28908e+06 1.49862e+06 1.96976e+06 1.41846e+06 1.20672e+06 854244 562873 676649 714283 630880 475325 574737 1.43955e+06 1.52233e+06 2.54877e+06 2.0154e+06 2.16448e+06 2.68386e+06 2.56511e+06 2.19564e+06 3.03847e+06 2.48032e+06 2.06552e+06 2.13691e+06 2.83884e+06 2.02455e+06 1.38053e+06
desembarqueobs
 494567 514787 250237 358949 120608 361735 552515 73892 212993 205616 52469 317467 293654 387597 252695 516296 358380 742168 942051 627588 828172 859565 418607 520667 417249 300574 415391 372974 316634 284311 391294
desembarquepred
 494572 512893 251289 358962 120610 361747 552568 73894.3 213028 205651 52470.8 317532 293711 387670 252708 516308 358409 742124 941995 627547 828261 859652 418630 520694 417262 300584 415404 372977 316643 284328 391301
Reclutas
 264962 155050 152747 343648 276527 426137 180481 88129 75212.9 93301.2 160096 198443 169288 119970 124136 582924 166061 862407 540385 398604 621779 826515 191578 553628 445417 212855 450510 488533 163100 126980 470149
log_desv_Rt
 0.0344034 -0.50144 -0.516404 0.294434 0.0771253 0.509576 -0.349561 -1.06638 -1.22486 -1.00935 -0.469411 -0.254685 -0.413583 -0.75794 -0.723804 0.822871 -0.432828 1.21454 0.747098 0.442784 0.887401 1.17203 -0.289889 0.771308 0.553825 -0.184572 0.565196 0.646223 -0.450819 -0.701155 0.607865
SSB
 5.31666e+06 3.59021e+06 1.8577e+06 1.01695e+06 1.28908e+06 1.49862e+06 1.96976e+06 1.41846e+06 1.20672e+06 854244 562873 676649 714283 630880 475325 574737 1.43955e+06 1.52233e+06 2.54877e+06 2.0154e+06 2.16448e+06 2.68386e+06 2.56511e+06 2.19564e+06 3.03847e+06 2.48032e+06 2.06552e+06 2.13691e+06 2.83884e+06 2.02455e+06 1.38053e+06
BT
 6.95549e+06 4.76017e+06 2.47282e+06 2.29437e+06 2.21811e+06 3.66651e+06 2.87075e+06 2.49385e+06 1.99064e+06 1.45322e+06 1.22659e+06 1.44399e+06 1.53248e+06 1.54404e+06 1.41323e+06 2.45109e+06 2.41356e+06 5.37247e+06 5.11407e+06 3.52741e+06 5.65579e+06 5.32439e+06 4.04672e+06 6.6056e+06 4.87428e+06 4.22833e+06 5.57408e+06 5.57469e+06 3.86918e+06 3.0443e+06 4.56476e+06
Ftot
 0.0800547 0.142818 0.13723 0.183979 0.0577798 0.115722 0.238649 0.036226 0.14404 0.189759 0.0538235 0.267824 0.248755 0.391681 0.260298 0.252993 0.158462 0.172987 0.253139 0.223447 0.1676 0.211801 0.122308 0.103127 0.106779 0.0864021 0.106464 0.0942407 0.0902714 0.120528 0.113804
BD_Bspro_t
 0.987273 0.903612 0.796367 0.732294 0.748224 0.804567 0.79944 0.701239 0.741133 0.713118 0.685463 0.79228 0.694835 0.62237 0.538356 0.584176 0.690265 0.689621 0.739745 0.663032 0.637712 0.682476 0.696954 0.698736 0.784585 0.789576 0.79722 0.819733 0.847162 0.80278 0.76375
BD_Bspro
 2.90546 1.96199 1.0152 0.555748 0.704459 0.81897 1.07644 0.775164 0.659449 0.46683 0.307601 0.369777 0.390343 0.344766 0.259757 0.314084 0.786691 0.831927 1.39286 1.10138 1.18285 1.46669 1.40179 1.19988 1.66047 1.35545 1.12877 1.16778 1.55138 1.10638 0.754435
BD_Bo
 2.04727 1.38247 0.715338 0.391595 0.496381 0.577068 0.758489 0.546201 0.464666 0.328941 0.216744 0.260555 0.275047 0.242931 0.183032 0.221312 0.554324 0.586198 0.981447 0.776064 0.833468 1.03347 0.987738 0.845468 1.17001 0.955087 0.795365 0.822851 1.09314 0.779587 0.531595
BD_Brms
 14.3707 9.7042 5.02129 2.74879 3.48433 4.05071 5.32419 3.83404 3.26171 2.30899 1.52143 1.82896 1.93068 1.70525 1.28479 1.55349 3.89106 4.1148 6.88924 5.44756 5.8505 7.25439 6.9334 5.93474 8.21287 6.70421 5.58304 5.77598 7.67329 5.47229 3.73152
Sel_flota
 0.89264 1 1 1 1
 0.89264 1 1 1 1
 0.89264 1 1 1 1
 0.89264 1 1 1 1
 0.89264 1 1 1 1
 0.89264 1 1 1 1
 0.89264 1 1 1 1
 0.89264 1 1 1 1
 0.89264 1 1 1 1
 0.89264 1 1 1 1
 0.89264 1 1 1 1
 0.89264 1 1 1 1
 0.89264 1 1 1 1
 0.89264 1 1 1 1
 0.89264 1 1 1 1
 0.89264 1 1 1 1
 0.89264 1 1 1 1
 0.89264 1 1 1 1
 0.89264 1 1 1 1
 0.89264 1 1 1 1
 0.89264 1 1 1 1
 0.89264 1 1 1 1
 0.89264 1 1 1 1
 0.89264 1 1 1 1
 0.89264 1 1 1 1
 0.89264 1 1 1 1
 0.89264 1 1 1 1
 0.89264 1 1 1 1
 0.89264 1 1 1 1
 0.89264 1 1 1 1
 0.89264 1 1 1 1
Sel_reclas
 1 1 1 1 1
 1 1 1 1 1
 1 1 1 1 1
 1 1 1 1 1
 1 1 1 1 1
 1 1 1 1 1
 1 1 1 1 1
 1 1 1 1 1
 1 1 1 1 1
 1 1 1 1 1
 1 1 1 1 1
 1 1 1 1 1
 1 1 1 1 1
 1 1 1 1 1
 1 1 1 1 1
 1 1 1 1 1
 1 1 1 1 1
 1 1 1 1 1
 1 1 1 1 1
 1 1 1 1 1
 1 1 1 1 1
 1 1 1 1 1
 1 1 1 1 1
 1 1 1 1 1
 1 1 1 1 1
 1 1 1 1 1
 1 1 1 1 1
 1 1 1 1 1
 1 1 1 1 1
 1 1 1 1 1
 1 1 1 1 1
Sel_pelaces
 0.639645 0.899327 0.978241 0.9956 0.999123
 0.639645 0.899327 0.978241 0.9956 0.999123
 0.639645 0.899327 0.978241 0.9956 0.999123
 0.639645 0.899327 0.978241 0.9956 0.999123
 0.639645 0.899327 0.978241 0.9956 0.999123
 0.639645 0.899327 0.978241 0.9956 0.999123
 0.639645 0.899327 0.978241 0.9956 0.999123
 0.639645 0.899327 0.978241 0.9956 0.999123
 0.639645 0.899327 0.978241 0.9956 0.999123
 0.639645 0.899327 0.978241 0.9956 0.999123
 0.639645 0.899327 0.978241 0.9956 0.999123
 0.639645 0.899327 0.978241 0.9956 0.999123
 0.639645 0.899327 0.978241 0.9956 0.999123
 0.639645 0.899327 0.978241 0.9956 0.999123
 0.639645 0.899327 0.978241 0.9956 0.999123
 0.639645 0.899327 0.978241 0.9956 0.999123
 0.639645 0.899327 0.978241 0.9956 0.999123
 0.639645 0.899327 0.978241 0.9956 0.999123
 0.639645 0.899327 0.978241 0.9956 0.999123
 0.639645 0.899327 0.978241 0.9956 0.999123
 0.639645 0.899327 0.978241 0.9956 0.999123
 0.639645 0.899327 0.978241 0.9956 0.999123
 0.639645 0.899327 0.978241 0.9956 0.999123
 0.639645 0.899327 0.978241 0.9956 0.999123
 0.639645 0.899327 0.978241 0.9956 0.999123
 0.639645 0.899327 0.978241 0.9956 0.999123
 0.639645 0.899327 0.978241 0.9956 0.999123
 0.639645 0.899327 0.978241 0.9956 0.999123
 0.639645 0.899327 0.978241 0.9956 0.999123
 0.639645 0.899327 0.978241 0.9956 0.999123
 0.639645 0.899327 0.978241 0.9956 0.999123
pf_obs 
 0.8446 0.082 0.0669 0.0065 0
 0.8095 0.147 0.0364 0.0071 0
 0.9664 0.0169 0.016 0.0007 0
 0.9276 0.0648 0.0075 0.0001 0
 0.7033 0.2144 0.0806 0.0017 0
 0.9318 0.0425 0.0243 0.0014 0
 0.5671 0.3108 0.0964 0.0239 0.0018
 0.0768 0.2599 0.5324 0.112 0.0189
 0.490249 0.384438 0.106611 0.0170017 0.00170017
 0.7925 0.1577 0.0466 0.003 0.0002
 0.840416 0.127587 0.0312969 0.00059994 9.999e-05
 0.8084 0.0986 0.0794 0.0134 0.0002
 0.7335 0.1905 0.0724 0.0035 0.0001
 0.4001 0.4547 0.1325 0.0127 0
 0.49795 0.308269 0.164784 0.0264974 0.00249975
 0.9179 0.0499 0.0305 0.0017 0
 0.2467 0.6533 0.0926 0.0074 0
 0.9418 0.0223 0.034 0.0019 0
 0.707729 0.231977 0.0356964 0.0245975 0
 0.517169 0.277429 0.184464 0.0207286 0.00020938
 0.811772 0.124168 0.05621 0.00726502 0.000585176
 0.764997 0.148141 0.077277 0.00933861 0.000247198
 0.163321 0.427699 0.378323 0.0303852 0.000271297
 0.753843 0.0900009 0.118128 0.0371064 0.000921714
 0.721811 0.176058 0.0630433 0.0369309 0.00215725
 0.143369 0.312575 0.442814 0.0836902 0.0175525
 0.692698 0.0596174 0.167031 0.0765114 0.00414204
 0.394062 0.376323 0.152708 0.0712218 0.00568511
 0.125707 0.32114 0.495352 0.0537591 0.00404204
 0.23352 0.215282 0.420074 0.123614 0.00750983
 0.774587 0.0839891 0.0768558 0.0609784 0.00358967
pf_pred 
 0.42435 0.103492 0.449298 0.0228598 7.41845e-07
 0.410392 0.26742 0.0579236 0.251469 0.0127949
 0.546069 0.199895 0.11522 0.0249568 0.11386
 0.781838 0.1257 0.040717 0.0234693 0.0282759
 0.649272 0.281446 0.039919 0.0129306 0.0164329
 0.727743 0.183903 0.070901 0.0100563 0.00739718
 0.463698 0.402779 0.0901916 0.0347721 0.00855972
 0.421359 0.28693 0.219084 0.049058 0.0235695
 0.491926 0.228548 0.138608 0.105834 0.0350844
 0.643318 0.1864 0.0765983 0.0464548 0.047229
 0.768539 0.155453 0.0397212 0.0163228 0.0199637
 0.715707 0.224219 0.040347 0.0103094 0.00941796
 0.663355 0.249645 0.0686154 0.012347 0.00603697
 0.601526 0.275609 0.0911134 0.0250427 0.00670961
 0.695559 0.193133 0.076987 0.0254511 0.0088695
 0.913028 0.0628321 0.0153138 0.00610442 0.00272133
 0.445995 0.511238 0.0308966 0.00753031 0.00433991
 0.874565 0.059797 0.0605706 0.00366058 0.00140636
 0.614206 0.342435 0.0206701 0.0209376 0.0017515
 0.593491 0.261993 0.128274 0.0077429 0.00849918
 0.743857 0.15982 0.0620793 0.0303946 0.00384857
 0.743511 0.196678 0.037319 0.0144959 0.00799598
 0.343817 0.503293 0.117237 0.0222452 0.013407
 0.744908 0.094814 0.122934 0.0286361 0.00870837
 0.622577 0.289503 0.0326786 0.0423704 0.0128711
 0.454379 0.354876 0.146311 0.0165153 0.0279183
 0.729556 0.130899 0.0907613 0.0374197 0.0113641
 0.686211 0.236167 0.0375703 0.0260501 0.0140018
 0.386255 0.436593 0.13333 0.0212106 0.0226115
 0.460635 0.223775 0.224498 0.0685587 0.0225335
 0.83152 0.0826997 0.0355889 0.0357039 0.0144872
pobs_RECLAS
 0 0 0 0 0
 0 0 0 0 0
 0 0 0 0 0
 0 0 0 0 0
 0 0 0 0 0
 0 0 0 0 0
 0 0 0 0 0
 0 0 0 0 0
 0 0 0 0 0
 0 0 0 0 0
 0.991045 0.00858322 0.000360255 1.14367e-05 0
 0.934742 0.0480273 0.0164251 0.00080598 0
 0.827803 0.169806 0.00239088 0 0
 0.941827 0.0461693 0.0120037 0 0
 0.791401 0.0380133 0.147996 0.0225897 0
 0.846168 0.0940531 0.0597789 0 0
 0.134021 0.677848 0.182769 0.00536245 0
 0.80878 0.0450904 0.141981 0.00414843 0
 0.846168 0.0940531 0.0597789 0 0
 0.905697 0.0802665 0.012482 0.00150086 5.37128e-05
 0.989698 0.0102097 9.19794e-05 0 0
 0.975433 0.0193895 0.00387452 0.00125025 5.28907e-05
 0.303575 0.632131 0.0575291 0.00676475 0
 0.966965 0.00978017 0.0227588 0.000495775 0
 0.843318 0.132988 0.00938335 0.0141283 0.000182051
 0.564624 0.303363 0.111486 0.0197234 0.00080311
 0.826376 0.0876187 0.0782897 0.00655872 0.00115652
 0.89761 0.0855135 0.0140674 0.00269457 0.000114338
 0.34875 0.467042 0.161289 0.0227151 0.000203297
 0.318654 0.224769 0.449479 0.00709798 0
 0.937255 0.0296025 0.0250945 0.00804832 0
ppred_RECLAS
 0.452491 0.0984324 0.427334 0.0217423 7.0558e-07
 0.438475 0.254683 0.0551647 0.239492 0.0121855
 0.574377 0.187429 0.108034 0.0234004 0.106759
 0.800891 0.114722 0.037161 0.0214197 0.0258064
 0.674794 0.260965 0.0370141 0.0119897 0.0152371
 0.749866 0.168959 0.0651397 0.00923911 0.00679609
 0.492666 0.381023 0.0853199 0.0328939 0.00809737
 0.44935 0.27305 0.208486 0.0466848 0.0224293
 0.520665 0.21562 0.130768 0.0998471 0.0330999
 0.669367 0.172787 0.0710041 0.0430621 0.0437797
 0.788207 0.142244 0.0363461 0.0149358 0.0182673
 0.738804 0.206002 0.037069 0.00947183 0.00865278
 0.688805 0.230773 0.0634282 0.0114136 0.00558059
 0.629496 0.256262 0.0847177 0.0232848 0.00623863
 0.719633 0.177861 0.0708993 0.0234386 0.00816814
 0.921831 0.0564725 0.0137638 0.00548655 0.00244589
 0.474597 0.484844 0.0293015 0.00714153 0.00411585
 0.886681 0.0540213 0.0547203 0.00330701 0.00127053
 0.641375 0.318319 0.0192145 0.0194631 0.00162815
 0.621132 0.244179 0.119552 0.00721643 0.00792128
 0.765197 0.146505 0.0569074 0.0278624 0.00352794
 0.764964 0.180228 0.0341975 0.0132834 0.00732717
 0.370153 0.483094 0.112531 0.0213524 0.0128689
 0.766061 0.0869517 0.11274 0.0262615 0.00798624
 0.649104 0.269155 0.0303818 0.0393924 0.0119665
 0.482857 0.336354 0.138674 0.0156533 0.0264611
 0.751564 0.120247 0.0833753 0.0343745 0.0104393
 0.71032 0.218022 0.0346838 0.0240486 0.012926
 0.41371 0.417063 0.127365 0.0202618 0.0216
 0.489242 0.211906 0.212591 0.0649224 0.0213384
 0.846981 0.0751106 0.032323 0.0324274 0.0131577
pobs_PELACES
 0 0 0 0 0
 0 0 0 0 0
 0 0 0 0 0
 0 0 0 0 0
 0 0 0 0 0
 0 0 0 0 0
 0 0 0 0 0
 0 0 0 0 0
 0 0 0 0 0
 0 0 0 0 0
 0 0 0 0 0
 0 0 0 0 0
 0 0 0 0 0
 0 0 0 0 0
 0 0 0 0 0
 0 0 0 0 0
 0.505614 0.472636 0.0217494 0 0
 0 0 0 0 0
 0.443492 0.261883 0.143347 0.151278 0
 0.227955 0.32914 0.350689 0.0885471 0.00366901
 0.970185 0.0296113 0.000203453 0 0
 0.997202 0.00247181 0.000326279 0 0
 0.445219 0.490057 0.0546422 0.010081 0
 0.90214 0.0892962 0.00764917 0.000914606 0
 0 0 0 0 0
 0.581667 0.319106 0.0959925 0.00289975 0.000334073
 0.762889 0.0836404 0.116647 0.0363945 0.000428098
 0.88444 0.0763242 0.0277011 0.0115352 0
 0.521256 0.241999 0.230069 0.00667565 0
 0.616807 0.101726 0.260614 0.0208532 0
 0.833518 0.0704572 0.0857862 0.0102388 0
ppred_PELACES
 0.354636 0.108158 0.510757 0.0264479 8.61325e-07
 0.345662 0.280858 0.0661724 0.292378 0.014929
 0.477361 0.217948 0.136649 0.0301236 0.137919
 0.734242 0.146913 0.0517641 0.0303664 0.0367149
 0.592017 0.321244 0.0495619 0.0163391 0.020838
 0.675218 0.213029 0.0893371 0.012896 0.00951959
 0.404967 0.43664 0.106353 0.0417306 0.010309
 0.356979 0.304593 0.252978 0.0576529 0.0277969
 0.424233 0.245752 0.16212 0.125983 0.0419117
 0.580524 0.209279 0.0935463 0.0577401 0.05891
 0.719837 0.182296 0.0506675 0.0211905 0.0260088
 0.665679 0.258502 0.0505978 0.0131581 0.0120628
 0.608044 0.283906 0.084879 0.0155445 0.00762729
 0.543625 0.306862 0.110347 0.0308672 0.00829943
 0.640454 0.220512 0.0956137 0.0321698 0.0112506
 0.891836 0.07613 0.020183 0.00818814 0.00366317
 0.390786 0.558157 0.036692 0.00910149 0.00526398
 0.842506 0.0717278 0.0790312 0.00486099 0.00187416
 0.559373 0.386844 0.0253997 0.0261849 0.00219821
 0.532453 0.291975 0.155497 0.00955272 0.0105229
 0.692445 0.185296 0.0782903 0.0390119 0.00495717
 0.695261 0.228585 0.047179 0.018651 0.0103244
 0.291254 0.53213 0.134831 0.0260376 0.0157482
 0.688401 0.109458 0.154374 0.0365979 0.011169
 0.563413 0.327228 0.0401781 0.0530184 0.0161628
 0.392169 0.382913 0.171723 0.0197277 0.0334667
 0.673101 0.150844 0.113768 0.0477374 0.0145488
 0.630763 0.271294 0.0469456 0.0331282 0.0178692
 0.329007 0.464836 0.154411 0.0250002 0.0267457
 0.393453 0.238581 0.260355 0.0809198 0.0266904
 0.789996 0.0981024 0.0459217 0.0468876 0.0190924
pobs_pel_tallas
 0 0 0 0 0 0 0 0 0 0 0 0 0 0 0 0 0 0 0 0 0 0 0 0 0 0
 0 0 0 0 0 0 0 0 0 0 0 0 0 0 0 0 0 0 0 0 0 0 0 0 0 0
 0 0 0 0 0 0 0 0 0 0 0 0 0 0 0 0 0 0 0 0 0 0 0 0 0 0
 0 0 0 0 0 0 0 0 0 0 0 0 0 0 0 0 0 0 0 0 0 0 0 0 0 0
 0 0 0 0 0 0 0 0 0 0 0 0 0 0 0 0 0 0 0 0 0 0 0 0 0 0
 0 0 0 0 0 0 0 0 0 0 0 0 0 0 0 0 0 0 0 0 0 0 0 0 0 0
 0 0 0 0 0 0 0 0 0 0 0 0 0 0 0 0 0 0 0 0 0 0 0 0 0 0
 0 0 0 0 0 0 0 0 0 0 0 0 0 0 0 0 0 0 0 0 0 0 0 0 0 0
 0 0 0 0 0 0 0 0 0 0 0 0 0 0 0 0 0 0 0 0 0 0 0 0 0 0
 0 0 0 0 0 0 0 0 0 0 0 0 0 0 0 0 0 0 0 0 0 0 0 0 0 0
 0 0 0 0 0 0 0 0 0 0 0 0 0 0 0 0 0 0 0 0 0 0 0 0 0 0
 0 0 0 0 0 0 0 0 0 0 0 0 0 0 0 0 0 0 0 0 0 0 0 0 0 0
 0.00862536 0 0 0.000197151 0.00414017 0.0128641 0.00837892 0.0270097 0.101434 0.158115 0.152841 0.127902 0.109271 0.109419 0.0830992 0.0579132 0.0238553 0.00714673 0.00463305 0.00128148 0.00103504 0.000492878 0.000147863 0.000147863 4.92878e-05 0
 0 0 0 0 0 0 0 0 0 0 0 0 0 0 0 0 0 0 0 0 0 0 0 0 0 0
 0 0 0 0 0 0 0 0.0054083 0.00873648 0.0413646 0.0450493 0.0745869 0.0622846 0.0627006 0.0613931 0.0827291 0.12552 0.122667 0.0946155 0.0697135 0.0546179 0.0294188 0.0215738 0.0213955 0.0102223 0.00600262
 0 0 0 0 0.00359764 0.0251062 0.0480494 0.140153 0.205849 0.193036 0.1447 0.116669 0.0760912 0.0342217 0.00950174 0.001854 0.000860785 0 0 0 0.000165536 0 0.000143464 0 0 0
 0 0 0 0 0 0 0 0.000145254 0.000435761 0.0275982 0.070085 0.0708112 0.156366 0.174668 0.174014 0.160142 0.0824315 0.0480064 0.0283245 0.00493863 0.00203355 0 0 0 0 0
 0 0 0 0 0 0 0 0 0 0 0 0 0 0 0 0 0 0 0 0 0 0 0 0 0 0
 0 0 1.00437e-05 0.000401748 0.00122533 0.00171747 0.00176769 0.0269171 0.070346 0.194647 0.189555 0.159765 0.064822 0.0314167 0.0384472 0.0292271 0.0345202 0.0313363 0.0194345 0.0106764 0.0143323 0.0359363 0.0279516 0.0138201 0.00172751 0
 0 0.0021121 0.0136068 0.0755702 0.200478 0.177729 0.0527432 0.0373336 0.0318909 0.0142505 0.0149659 0.0166563 0.0217959 0.0798694 0.0677717 0.0528807 0.04013 0.0224614 0.0357745 0.0225083 0.00881397 0.00855152 0.00135912 0.000746735 0 0
 0 0 0 0 5.4009e-05 0.00500934 0.000945158 0.0243581 0.138947 0.33067 0.221406 0.137944 0.0707744 0.0437923 0.0131692 0.00525238 0.0047753 0.00276346 9.45158e-05 9.00151e-06 2.25038e-05 9.00151e-06 4.50075e-06 0 0 0
 0.000866109 0.00284123 0.00948549 0.0512746 0.133035 0.25785 0.225252 0.132002 0.0553304 0.0519788 0.0540692 0.017754 0.00435017 0.00159236 0.00146478 0.000404838 0.000125132 0.000115318 0.000107957 0.000100596 0 0 0 0 0 0
 0 0 0 0 0.00144013 0.00171154 0.00461396 0.0210425 0.0478622 0.0707936 0.0888783 0.103762 0.0637923 0.0337046 0.0602308 0.124433 0.169614 0.0934646 0.0462172 0.0250306 0.0313229 0.00938855 0.002487 0.000210481 0 0
 0 0.00764035 0.051015 0.0998891 0.058973 0.0496711 0.0374665 0.0718981 0.12319 0.153886 0.159021 0.0857701 0.0377988 0.023471 0.0147837 0.00900784 0.00315554 0.000888139 0.00291439 0.00214683 0.00393193 0.00274676 0.000635225 9.99891e-05 0 0
 0 0 0 0 0 0 0 0 0 0 0 0 0 0 0 0 0 0 0 0 0 0 0 0 0 0
 0 0 0 0 0 0 0 0 0 0 0 0 0 0 0 0 0 0 0 0 0 0 0 0 0 0
 0 0 0 0 0 0 0 0 0 0 0 0 0 0 0 0 0 0 0 0 0 0 0 0 0 0
 0 0 0 0 0 0 0 0 0 0 0 0 0 0 0 0 0 0 0 0 0 0 0 0 0 0
 0 0 0 0 0 0 0 0 0 0 0 0 0 0 0 0 0 0 0 0 0 0 0 0 0 0
 0 0 0 0 0 0 0 0 0 0 0 0 0 0 0 0 0 0 0 0 0 0 0 0 0 0
 0 0 0 0 0 0 0 0 0 0 0 0 0 0 0 0 0 0 0 0 0 0 0 0 0 0
ppred_pel_tallas
 1.1742e-16 2.92109e-05 0.000283941 0.00188689 0.00857752 0.0266879 0.0568618 0.0829938 0.083005 0.0569169 0.026875 0.0091279 0.00330547 0.00350303 0.00650043 0.0116305 0.0189113 0.0282657 0.039461 0.0521167 0.0654495 0.0778825 0.0870202 0.0903623 0.0864792 0.0758664
 1.3383e-16 2.84718e-05 0.000276756 0.00183914 0.00836048 0.0260127 0.0554238 0.0808984 0.0809256 0.0555569 0.0264599 0.00965436 0.00509555 0.00741553 0.0136798 0.0228324 0.0335508 0.043708 0.0512943 0.055736 0.0583659 0.0614704 0.0665744 0.0732715 0.0793844 0.0821845
 1.3036e-16 3.93196e-05 0.000382201 0.00253986 0.0115458 0.0359235 0.0765396 0.111716 0.111737 0.0766433 0.0362723 0.012556 0.00508582 0.00597456 0.0107638 0.018011 0.0266151 0.0349397 0.041395 0.0454131 0.0478195 0.0501787 0.0536078 0.0579893 0.0620757 0.0642352
 1.1079e-16 6.04785e-05 0.000587873 0.00390662 0.017759 0.0552548 0.117727 0.171828 0.171843 0.117796 0.0554884 0.0184347 0.00560629 0.00430966 0.00716323 0.0118396 0.0172761 0.0222235 0.0254731 0.0265325 0.0259296 0.0248188 0.0241965 0.0243367 0.0247926 0.024816
 1.06678e-16 4.87637e-05 0.000474001 0.0031499 0.014319 0.044552 0.0949238 0.138551 0.138582 0.0950752 0.0450602 0.0157872 0.00683588 0.00852288 0.0153424 0.0253072 0.0365022 0.0460188 0.050933 0.0499223 0.0440603 0.0360792 0.0287077 0.0233759 0.0200361 0.0178342
 1.05537e-16 5.56169e-05 0.000540616 0.00359258 0.0163314 0.0508131 0.108263 0.158018 0.158039 0.108364 0.0511519 0.0173113 0.00605697 0.00593564 0.0103465 0.0171339 0.0249502 0.031948 0.0362664 0.0370272 0.0348023 0.0311114 0.0273865 0.0242476 0.0215267 0.0187802
 1.09111e-16 3.33567e-05 0.000324239 0.00215468 0.00979489 0.0304758 0.0649334 0.0947811 0.0948232 0.0651395 0.0311679 0.0117951 0.00717945 0.0113067 0.0209307 0.0346549 0.0501677 0.0636191 0.0711 0.0708163 0.0641227 0.0545048 0.0453653 0.0383678 0.0333139 0.0291274
 1.17865e-16 2.9404e-05 0.000285817 0.00189936 0.00863421 0.0268644 0.0572385 0.0835475 0.0835772 0.0573838 0.0273533 0.0100508 0.00547202 0.00814114 0.0151135 0.0253732 0.0375674 0.0493877 0.058457 0.0636442 0.0655721 0.0658126 0.0654856 0.0644857 0.0618554 0.056768
 1.24469e-16 3.49436e-05 0.000339664 0.00225719 0.0102609 0.0319255 0.0680215 0.0992844 0.0993084 0.0681386 0.0323193 0.0114016 0.00513318 0.00666052 0.0121667 0.0203992 0.0302007 0.0397493 0.0472456 0.0519862 0.0547511 0.057061 0.0598927 0.0629085 0.0647216 0.0638317
 1.18513e-16 4.78171e-05 0.000464799 0.00308875 0.014041 0.043687 0.0930805 0.135858 0.135878 0.0931797 0.0440206 0.0150064 0.00551871 0.00579198 0.010233 0.0170245 0.0249633 0.0323622 0.0375692 0.0399298 0.0401897 0.0399069 0.0403327 0.0416416 0.0429929 0.0431907
 1.08036e-16 5.9292e-05 0.00057634 0.00382998 0.0174106 0.0541708 0.115417 0.168458 0.168476 0.115503 0.0544601 0.0182468 0.00593157 0.00517265 0.00881409 0.0145464 0.0211153 0.0269164 0.0303674 0.030777 0.0287563 0.0257692 0.0231843 0.0215722 0.0206646 0.0198036
 1.04888e-16 5.48312e-05 0.000532978 0.00354183 0.0161007 0.0500953 0.106734 0.155787 0.155812 0.106856 0.0505046 0.0172832 0.00651146 0.00701998 0.0123875 0.0204261 0.0295 0.0372705 0.0413916 0.0407892 0.0362904 0.030031 0.0241364 0.0197092 0.016713 0.0145211
 1.05372e-16 5.00838e-05 0.000486832 0.00323517 0.0147066 0.045758 0.0974933 0.1423 0.142327 0.0976273 0.0462084 0.0160086 0.00650687 0.0076406 0.0136705 0.0226101 0.0327745 0.0416518 0.0467015 0.046736 0.0425822 0.0364284 0.0304127 0.025586 0.0218592 0.0186378
 1.07763e-16 4.47777e-05 0.000435255 0.00289243 0.0131486 0.0409102 0.0871647 0.127226 0.127255 0.0873098 0.0413978 0.0145583 0.00643661 0.00819047 0.0148271 0.0245824 0.0357392 0.0456421 0.0515996 0.0523589 0.0487937 0.0431763 0.0376593 0.0331919 0.0295225 0.0259372
 1.07946e-16 5.27534e-05 0.000512782 0.00340762 0.0154905 0.048197 0.10269 0.149883 0.149904 0.102794 0.048548 0.0165058 0.00596151 0.00610609 0.0107291 0.0177953 0.0259636 0.0333576 0.0380932 0.0393047 0.037611 0.0345733 0.0316049 0.0292213 0.0270893 0.0246043
 1.02044e-16 7.34593e-05 0.000714051 0.00474512 0.0215706 0.0671143 0.142994 0.208706 0.208713 0.14303 0.067235 0.0219196 0.00562198 0.00263114 0.00372298 0.00606147 0.00877924 0.0111571 0.0125166 0.012551 0.0114988 0.00996306 0.00852371 0.00745048 0.00668554 0.00602089
 1.03006e-16 3.21886e-05 0.000312885 0.00207923 0.00945193 0.0294087 0.0626604 0.091466 0.0915197 0.0629229 0.0302899 0.0119962 0.00846248 0.0142365 0.0264432 0.0435798 0.0625757 0.0782715 0.0854297 0.081638 0.0687693 0.0517608 0.0357308 0.0236543 0.0159239 0.011384
 1.03104e-16 6.93961e-05 0.000674555 0.00448265 0.0203775 0.063402 0.135085 0.197162 0.197169 0.135119 0.0635177 0.020713 0.00532984 0.00254098 0.00366383 0.00607665 0.00904748 0.0120015 0.0143797 0.0158879 0.016601 0.0167821 0.0165891 0.0159457 0.0146713 0.0127111
 1.0383e-16 4.60749e-05 0.000447864 0.00297622 0.0135295 0.0420954 0.0896901 0.130913 0.13095 0.0898721 0.0427063 0.0152934 0.00740204 0.0101033 0.0183659 0.0302444 0.0434608 0.0544452 0.0596004 0.0572933 0.0488511 0.0376943 0.0273199 0.0196849 0.0149208 0.0120929
 1.07301e-16 4.38575e-05 0.00042631 0.00283298 0.0128783 0.0400695 0.0853733 0.124611 0.124639 0.0855117 0.0405349 0.0142249 0.00622151 0.00785166 0.0142283 0.023667 0.0345866 0.0445272 0.0509695 0.0526893 0.0503731 0.0459326 0.0411329 0.0366833 0.0323438 0.0276476
 1.07058e-16 5.70358e-05 0.000554408 0.00368424 0.016748 0.0521094 0.111025 0.162048 0.162066 0.111113 0.0524044 0.0176012 0.00583041 0.005255 0.00903026 0.0149602 0.0218337 0.0280712 0.0321005 0.0332091 0.0319303 0.0295788 0.0273254 0.0255632 0.0239561 0.0219439
 1.05038e-16 5.72678e-05 0.000556663 0.00369922 0.0168161 0.0523214 0.111477 0.162709 0.162731 0.111585 0.0526834 0.0178623 0.00632667 0.00629733 0.0109746 0.0180919 0.0261511 0.0330903 0.0368508 0.0364968 0.0327647 0.0275306 0.0226401 0.0190162 0.0165696 0.0147018
 1.09304e-16 2.39903e-05 0.000233194 0.00154966 0.00704456 0.0219185 0.0467016 0.0681731 0.0682245 0.0469527 0.022762 0.00948213 0.00767302 0.0136163 0.025487 0.0422182 0.0610981 0.0774279 0.0864116 0.0858177 0.0772525 0.0649414 0.0530603 0.0437331 0.0368708 0.0313259
 1.10044e-16 5.67027e-05 0.00055117 0.00366272 0.0166502 0.051805 0.110377 0.1611 0.161111 0.110429 0.0519829 0.0171669 0.00497074 0.00344355 0.00565864 0.00955041 0.0144213 0.0195417 0.0241793 0.0279685 0.0310128 0.0335611 0.0355563 0.0364985 0.0357491 0.0329958
 1.09296e-16 4.64076e-05 0.000451099 0.00299771 0.0136272 0.0423994 0.0903375 0.131857 0.131888 0.0904917 0.042917 0.0151225 0.00675178 0.00864886 0.0156241 0.0257821 0.0372056 0.0469581 0.0521055 0.0513654 0.0459029 0.0385456 0.0320488 0.0277444 0.0253693 0.0238118
 1.12696e-16 3.23025e-05 0.000313992 0.00208659 0.00948536 0.0295127 0.0628813 0.0917848 0.0918219 0.0630626 0.0301222 0.0112482 0.00652079 0.0100246 0.0185646 0.0308764 0.0450298 0.0577912 0.0658571 0.0676799 0.0642962 0.0584118 0.052535 0.047684 0.0434475 0.0389291
 1.10572e-16 5.54425e-05 0.000538921 0.00358132 0.0162802 0.0506537 0.107924 0.157521 0.157536 0.107996 0.0508956 0.0169809 0.00534834 0.00442295 0.00751072 0.0125371 0.0185475 0.0243714 0.0288492 0.0314622 0.0325792 0.0330393 0.0334242 0.0336408 0.0330954 0.0312099
 1.07771e-16 5.19551e-05 0.000505022 0.00335605 0.0152561 0.0474677 0.101136 0.147616 0.147642 0.101264 0.0478972 0.0164971 0.00647253 0.00731313 0.0129966 0.0214446 0.0309884 0.0391979 0.043647 0.0432608 0.0389664 0.0330472 0.0277248 0.0240698 0.0218807 0.0203007
 1.11609e-16 2.71e-05 0.000263421 0.00175053 0.00795768 0.0247595 0.0527545 0.0770061 0.077051 0.0529742 0.0254976 0.0100914 0.00711349 0.0119943 0.0223752 0.0371292 0.0539089 0.0686878 0.0773557 0.0780005 0.0719749 0.0628101 0.0539055 0.0468501 0.0413688 0.0363924
 1.20207e-16 3.24083e-05 0.00031502 0.00209342 0.00951639 0.0296092 0.0630863 0.0920812 0.0921046 0.0632007 0.0299944 0.010634 0.00491756 0.00654243 0.0120431 0.0203418 0.0304381 0.0406813 0.049375 0.0557245 0.0601424 0.0635583 0.0663475 0.0678515 0.0668551 0.0625137
 1.09284e-16 6.50709e-05 0.000632513 0.00420327 0.0191075 0.0594505 0.126666 0.184874 0.184884 0.126712 0.059607 0.0195607 0.00534446 0.003136 0.00485662 0.0080259 0.0117982 0.0153695 0.0179884 0.0193707 0.0198723 0.0201989 0.0208731 0.0218814 0.0227301 0.0227913
pSPR Fmed_Fpbrs
0.754963   0.192461 0.192461
Fs Fmed_Fpbrs
0.139958   1.005 1.005
SSBpbr Bo_Bmed_Bpbrs
2.59695e+06  1.83076e+06  369964 369964
Ro
256002
SPR SPRFo_SPRFmed_SPRFpbrs
1.82988e+06 1.38149e+06 352181
Fref
1.005
Nvult_r0
 313898 28176.5 12125.4 12164.6 4935.9
CTP_r0
 28947 2878.96 1238.93 1242.93 504.33
YTP_r0
391301
Np
 336792 156251 13772 5926.62 7897.82
Nvult_p0
 286272 135210 11917.5 5128.54 6834.3
CTP_p0
 135373 67773.7 5973.59 2570.66 3425.67
YTP_p0
 2.44248e+06
CBA_c0
1.00666e+06
log_Ro
12.2729
likeval ReclasPelacesDesembMPH_pf_preclas_ppelaces_ptallas_desvR_qrecl_qpela
 19.2716 18.5827 0.157071 0.00378656 242.213 121.534 100.777 0 19.8344 1.49915e-05 0 0.796553 0 0 0
q_reclas_q_pelaces
0.577722 1
M
1
N
 264962 57886.7 251309 12786.3 0.414941
 155050 90751.8 19657 85338.7 4342.08
 152747 50212.3 28942.5 6268.99 28600.9
 343648 49713.8 16103.4 9282.03 11183
 276527 107275 15215.3 4928.58 6263.49
 426137 96615 37248.5 5283.16 3886.18
 180481 141382 31658.6 12205.5 3004.59
 88129 53656.2 40968.9 9173.9 4407.52
 75212.9 31389.2 19036.7 14535.4 4818.57
 93301.2 24330.9 9998.4 6063.76 6164.81
 160096 28975.4 7403.77 3042.46 3721.09
 198443 56133.3 10100.9 2580.97 2357.79
 169288 57479.6 15798.4 2842.83 1389.98
 119970 49876.6 16488.7 4531.94 1214.23
 124136 31112.7 12402.2 4100.03 1428.83
 582924 36198.9 8822.61 3516.88 1567.82
 166061 171096 10340.2 2520.16 1452.44
 862407 53032.6 53718.7 3246.48 1247.27
 540385 271867 16410.5 16622.8 1390.55
 398604 158590 77647 4686.95 5144.74
 621779 120122 46659.4 22844.9 2892.62
 826515 196956 37371.6 14516.3 8007.25
 191578 251679 58626 11124.1 6704.38
 553628 63188.3 81928.5 19084.4 5803.65
 445417 185757 20967.9 27186.5 8258.64
 212855 148963 61415.2 6932.45 11718.9
 450510 72492.8 50264.2 20723.2 6293.51
 488533 150708 23975.3 16623.7 8935.15
 163100 165221 50456.2 8026.77 8556.94
 126980 55356.1 55535 16959.6 5574.2
 470149 41948.5 18052 18110.4 7348.45
pred_Ctot
 11618.8 2833.62 12301.9 625.906 0.0203119
 11854 7724.3 1673.1 7263.57 369.575
 11243.9 4115.94 2372.44 513.874 2344.44
 33343.2 5360.74 1736.46 1000.9 1205.88
 8824.14 3825.08 542.532 175.738 223.337
 26660.7 6737.24 2597.45 368.41 270.994
 22272.5 19346.4 4332.11 1670.18 411.143
 1777.31 1210.28 924.104 206.929 99.4171
 5796.85 2693.2 1633.36 1247.14 413.434
 9317.61 2699.77 1109.43 672.837 684.05
 4765.91 964.005 246.322 101.222 123.8
 27197.8 8520.63 1533.24 391.772 357.895
 21697.3 8165.5 2244.3 403.85 197.459
 23019.1 10547 3486.72 958.33 256.763
 16580.1 4603.72 1835.14 606.679 211.422
 75870 5221.17 1272.53 507.259 226.135
 14006.6 16055.6 970.319 236.492 136.296
 78991 5400.88 5470.76 330.624 127.023
 70370.2 39233.1 2368.2 2398.84 200.671
 46308.7 20442.7 10008.9 604.161 663.171
 55285.3 11878.2 4613.89 2259 286.035
 91399.4 24177.6 4587.6 1781.97 982.941
 12637.5 18499.3 4309.2 817.655 492.794
 31009.7 3947.01 5117.6 1192.09 362.52
 25797.7 11996.2 1354.11 1755.7 533.342
 10050.4 7849.53 3236.25 365.303 617.526
 26018.7 4668.35 3236.88 1334.52 405.286
 25087.6 8634.15 1373.55 952.378 511.899
 8034.6 9081.7 2773.43 441.207 470.349
 8259.73 4012.55 4025.52 1229.34 404.053
 28947 2878.96 1238.93 1242.93 504.33
F
 0.07146 0.0800547 0.0800547 0.0800547 0.0800547
 0.127485 0.142818 0.142818 0.142818 0.142818
 0.122497 0.13723 0.13723 0.13723 0.13723
 0.164227 0.183979 0.183979 0.183979 0.183979
 0.0515765 0.0577798 0.0577798 0.0577798 0.0577798
 0.103298 0.115722 0.115722 0.115722 0.115722
 0.213027 0.238649 0.238649 0.238649 0.238649
 0.0323368 0.036226 0.036226 0.036226 0.036226
 0.128576 0.14404 0.14404 0.14404 0.14404
 0.169386 0.189759 0.189759 0.189759 0.189759
 0.0480449 0.0538235 0.0538235 0.0538235 0.0538235
 0.23907 0.267824 0.267824 0.267824 0.267824
 0.222049 0.248755 0.248755 0.248755 0.248755
 0.34963 0.391681 0.391681 0.391681 0.391681
 0.232352 0.260298 0.260298 0.260298 0.260298
 0.225832 0.252993 0.252993 0.252993 0.252993
 0.14145 0.158462 0.158462 0.158462 0.158462
 0.154415 0.172987 0.172987 0.172987 0.172987
 0.225962 0.253139 0.253139 0.253139 0.253139
 0.199458 0.223447 0.223447 0.223447 0.223447
 0.149606 0.1676 0.1676 0.1676 0.1676
 0.189062 0.211801 0.211801 0.211801 0.211801
 0.109177 0.122308 0.122308 0.122308 0.122308
 0.0920549 0.103127 0.103127 0.103127 0.103127
 0.0953155 0.106779 0.106779 0.106779 0.106779
 0.0771259 0.0864021 0.0864021 0.0864021 0.0864021
 0.0950338 0.106464 0.106464 0.106464 0.106464
 0.084123 0.0942407 0.0942407 0.0942407 0.0942407
 0.0805798 0.0902714 0.0902714 0.0902714 0.0902714
 0.107588 0.120528 0.120528 0.120528 0.120528
 0.101586 0.113804 0.113804 0.113804 0.113804
nmprior
 8.19 8.8 8.5 0
nm_flota  nm_reclas  nm_pelaces    nm_pelaL
inf 11.1237 10.6465 21.6454
cv_recla  cv_pelaces  cv_mph
0.397085 0.488795 1.89901
 ------------------------------------------------
Talla a la edad & desviaci?n 
 8 13.2811 15.8009 17.003 17.5766
 0.8 1.32811 1.58009 1.7003 1.75766
