years
 1991 1992 1993 1994 1995 1996 1997 1998 1999 2000 2001 2002 2003 2004 2005 2006 2007 2008 2009 2010 2011 2012 2013 2014 2015 2016 2017 2018 2019 2020 2021
reclasobs
 0 0 0 0 0 0 0 0 0 252601 567819 844713 477998 351125 339783 2.1784e+06 2.13404e+06 4.81314e+06 1.55562e+06 2.62356e+06 3.21686e+06 3.843e+06 1.13348e+06 3.07943e+06 1.97215e+06 2.03268e+06 2.025e+06 2.42433e+06 2.27542e+06 1.05018e+06 2.36338e+06
reclaspred
 3.22471e+06 1.81035e+06 918050 917624 914546 1.43711e+06 911240 809923 592558 434451 498561 639556 631801 496090 503179 1.29615e+06 1.26356e+06 2.8325e+06 2.33528e+06 1.74133e+06 3.07635e+06 2.49882e+06 1.99251e+06 3.06057e+06 2.30068e+06 2.03646e+06 2.40884e+06 2.55731e+06 2.10438e+06 1.33562e+06 1.93077e+06
pelacesobs
 0 0 0 0 0 0 0 0 0 0 0 0 0 0 0 552880 188675 0 991730 2.46772e+06 1.41603e+06 1.21717e+06 2.29649e+06 1.80582e+06 0 1.4828e+06 1.56532e+06 1.57751e+06 1.42118e+06 867257 1.10002e+06
pelacespred
 1.75728e+06 1.09852e+06 557928 455525 472301 766252 452250 494391 350174 243645 288401 309271 335555 278594 289894 619538 604750 1.55829e+06 1.32907e+06 920294 1.56993e+06 1.38582e+06 1.10139e+06 1.8496e+06 1.34207e+06 1.1836e+06 1.5934e+06 1.66884e+06 1.13123e+06 815671 1.16141e+06
mphobs
 0 0 0 0 0 0 0 0 0 0 0 498337 0 5186 125008 0 168611 109162 213762 579715 649985 157893 87575 83554 0 0 0 0 0 0 0
mphpred
 486109 325013 162399 88812.9 97384.2 109975 144267 90602.3 80300.7 55715 37084.2 58753.7 63247.6 53832 36946.5 46687.5 149167 143046 280667 212372 227105 279885 266017 220195 305458 252073 207610 220787 307660 210913 133023
desembarqueobs
 494567 514787 250237 358949 120608 361735 552515 73892 212993 205616 52469 317467 293654 387597 252695 516296 358380 742168 942051 627588 828172 859565 418607 520667 417249 300574 415391 372974 316634 284311 391294
desembarquepred
 494574 513456 250898 358978 120613 361750 552565 73896.2 213041 205661 52471.6 317535 293708 387640 252693 516264 358404 742076 941868 627465 828241 859589 418618 520692 417250 300576 415392 372960 316628 284319 391299
Reclutas
 201741 114320 114869 193073 154828 263387 109424 50245.9 47405 62916.4 116535 152907 127863 89594.1 89972.1 483093 104678 744557 429026 330795 488946 655824 138389 407610 343999 154782 346004 388717 115976 84286.4 314164
log_desv_Rt
 0.098272 -0.469717 -0.464926 0.0543531 -0.166401 0.364911 -0.513483 -1.29178 -1.34999 -1.06691 -0.450527 -0.178885 -0.357752 -0.713425 -0.709215 0.971494 -0.557828 1.40407 0.852804 0.592785 0.983538 1.27718 -0.278643 0.801597 0.631924 -0.166696 0.637736 0.754138 -0.455329 -0.774494 0.541199
SSB
 3.3279e+06 2.22504e+06 1.11178e+06 608013 666692 752885 987653 620263 549738 381425 253879 402228 432993 368534 252936 319622 1.0212e+06 979294 1.92145e+06 1.4539e+06 1.55476e+06 1.91609e+06 1.82115e+06 1.50745e+06 2.09117e+06 1.72569e+06 1.42129e+06 1.51151e+06 2.10624e+06 1.44391e+06 910675
BT
 4.47018e+06 3.04151e+06 1.53658e+06 1.35225e+06 1.18396e+06 2.07499e+06 1.53897e+06 1.20445e+06 1.0191e+06 760519 710497 979830 1.04068e+06 1.04578e+06 922065 1.84764e+06 1.67435e+06 4.24772e+06 3.97097e+06 2.68675e+06 4.29149e+06 3.99961e+06 2.90433e+06 4.74849e+06 3.47948e+06 2.99529e+06 4.09773e+06 4.22222e+06 2.86935e+06 2.15655e+06 3.04909e+06
Ftot
 0.128056 0.233013 0.226911 0.344092 0.115819 0.227711 0.49881 0.0795569 0.310102 0.405237 0.0984063 0.436485 0.40685 0.67397 0.458881 0.380009 0.242274 0.245684 0.350782 0.314492 0.240611 0.305026 0.178496 0.156545 0.158056 0.127555 0.157679 0.135052 0.125657 0.179113 0.188489
BD_Bspro_t
 0.979761 0.852715 0.699132 0.612784 0.604516 0.676807 0.666685 0.508312 0.565025 0.524239 0.493211 0.688344 0.574843 0.486984 0.381934 0.439783 0.609572 0.586831 0.678988 0.585306 0.556853 0.604716 0.620514 0.614396 0.715294 0.723555 0.730504 0.763238 0.804287 0.743691 0.68191
BD_Bspro
 2.54609 1.70232 0.850595 0.465175 0.510069 0.576014 0.755628 0.474548 0.420591 0.291819 0.194236 0.307734 0.331272 0.281956 0.193515 0.244535 0.781292 0.749233 1.47005 1.11234 1.18951 1.46595 1.39332 1.15331 1.5999 1.32028 1.0874 1.15641 1.61143 1.1047 0.696734
BD_Bo
 1.70243 1.13824 0.568744 0.311036 0.341054 0.385147 0.505245 0.317303 0.281225 0.195122 0.129874 0.205764 0.221502 0.188528 0.129392 0.163506 0.522405 0.500969 0.982938 0.743757 0.795354 0.980199 0.931629 0.771154 1.06976 0.882796 0.727079 0.773228 1.07747 0.738648 0.465866
BD_Brms
 10.363 6.92868 3.46204 1.89333 2.07605 2.34446 3.07551 1.93148 1.71186 1.18774 0.790568 1.25252 1.34832 1.1476 0.787633 0.995292 3.17997 3.04948 5.98332 4.52738 4.84146 5.96664 5.67099 4.69415 6.51181 5.37373 4.42586 4.70677 6.55874 4.49628 2.83581
Sel_flota
 0.790871 0.986274 0.999268 0.999961 0.999998
 0.790871 0.986274 0.999268 0.999961 0.999998
 0.790871 0.986274 0.999268 0.999961 0.999998
 0.790871 0.986274 0.999268 0.999961 0.999998
 0.790871 0.986274 0.999268 0.999961 0.999998
 0.790871 0.986274 0.999268 0.999961 0.999998
 0.790871 0.986274 0.999268 0.999961 0.999998
 0.790871 0.986274 0.999268 0.999961 0.999998
 0.790871 0.986274 0.999268 0.999961 0.999998
 0.790871 0.986274 0.999268 0.999961 0.999998
 0.790871 0.986274 0.999268 0.999961 0.999998
 0.790871 0.986274 0.999268 0.999961 0.999998
 0.790871 0.986274 0.999268 0.999961 0.999998
 0.790871 0.986274 0.999268 0.999961 0.999998
 0.790871 0.986274 0.999268 0.999961 0.999998
 0.790871 0.986274 0.999268 0.999961 0.999998
 0.790871 0.986274 0.999268 0.999961 0.999998
 0.790871 0.986274 0.999268 0.999961 0.999998
 0.790871 0.986274 0.999268 0.999961 0.999998
 0.790871 0.986274 0.999268 0.999961 0.999998
 0.790871 0.986274 0.999268 0.999961 0.999998
 0.790871 0.986274 0.999268 0.999961 0.999998
 0.790871 0.986274 0.999268 0.999961 0.999998
 0.790871 0.986274 0.999268 0.999961 0.999998
 0.790871 0.986274 0.999268 0.999961 0.999998
 0.790871 0.986274 0.999268 0.999961 0.999998
 0.790871 0.986274 0.999268 0.999961 0.999998
 0.790871 0.986274 0.999268 0.999961 0.999998
 0.790871 0.986274 0.999268 0.999961 0.999998
 0.790871 0.986274 0.999268 0.999961 0.999998
 0.790871 0.986274 0.999268 0.999961 0.999998
Sel_reclas
 1 1 1 1 1
 1 1 1 1 1
 1 1 1 1 1
 1 1 1 1 1
 1 1 1 1 1
 1 1 1 1 1
 1 1 1 1 1
 1 1 1 1 1
 1 1 1 1 1
 1 1 1 1 1
 1 1 1 1 1
 1 1 1 1 1
 1 1 1 1 1
 1 1 1 1 1
 1 1 1 1 1
 1 1 1 1 1
 1 1 1 1 1
 1 1 1 1 1
 1 1 1 1 1
 1 1 1 1 1
 1 1 1 1 1
 1 1 1 1 1
 1 1 1 1 1
 1 1 1 1 1
 1 1 1 1 1
 1 1 1 1 1
 1 1 1 1 1
 1 1 1 1 1
 1 1 1 1 1
 1 1 1 1 1
 1 1 1 1 1
Sel_pelaces
 1 1 1 1 1
 1 1 1 1 1
 1 1 1 1 1
 1 1 1 1 1
 1 1 1 1 1
 1 1 1 1 1
 1 1 1 1 1
 1 1 1 1 1
 1 1 1 1 1
 1 1 1 1 1
 1 1 1 1 1
 1 1 1 1 1
 1 1 1 1 1
 1 1 1 1 1
 1 1 1 1 1
 1 1 1 1 1
 1 1 1 1 1
 1 1 1 1 1
 1 1 1 1 1
 1 1 1 1 1
 1 1 1 1 1
 1 1 1 1 1
 1 1 1 1 1
 1 1 1 1 1
 1 1 1 1 1
 1 1 1 1 1
 1 1 1 1 1
 1 1 1 1 1
 1 1 1 1 1
 1 1 1 1 1
 1 1 1 1 1
pf_obs 
 0.8446 0.082 0.0669 0.0065 0
 0.8095 0.147 0.0364 0.0071 0
 0.9664 0.0169 0.016 0.0007 0
 0.9276 0.0648 0.0075 0.0001 0
 0.7033 0.2144 0.0806 0.0017 0
 0.9318 0.0425 0.0243 0.0014 0
 0.5671 0.3108 0.0964 0.0239 0.0018
 0.0768 0.2599 0.5324 0.112 0.0189
 0.490249 0.384438 0.106611 0.0170017 0.00170017
 0.7925 0.1577 0.0466 0.003 0.0002
 0.840416 0.127587 0.0312969 0.00059994 9.999e-05
 0.8084 0.0986 0.0794 0.0134 0.0002
 0.7335 0.1905 0.0724 0.0035 0.0001
 0.4001 0.4547 0.1325 0.0127 0
 0.49795 0.308269 0.164784 0.0264974 0.00249975
 0.9179 0.0499 0.0305 0.0017 0
 0.2467 0.6533 0.0926 0.0074 0
 0.9418 0.0223 0.034 0.0019 0
 0.707729 0.231977 0.0356964 0.0245975 0
 0.517169 0.277429 0.184464 0.0207286 0.00020938
 0.811772 0.124168 0.05621 0.00726502 0.000585176
 0.764997 0.148141 0.077277 0.00933861 0.000247198
 0.163321 0.427699 0.378323 0.0303852 0.000271297
 0.753843 0.0900009 0.118128 0.0371064 0.000921714
 0.721811 0.176058 0.0630433 0.0369309 0.00215725
 0.143369 0.312575 0.442814 0.0836902 0.0175525
 0.692698 0.0596174 0.167031 0.0765114 0.00414204
 0.394062 0.376323 0.152708 0.0712218 0.00568511
 0.125707 0.32114 0.495352 0.0537591 0.00404204
 0.23352 0.215282 0.420074 0.123614 0.00750983
 0.774587 0.0839891 0.0768558 0.0609784 0.00358967
pf_pred 
 0.438058 0.122018 0.415473 0.0244507 8.04514e-07
 0.408591 0.293517 0.0653684 0.219608 0.0129153
 0.556722 0.207672 0.117807 0.0258647 0.0919341
 0.734884 0.163248 0.048096 0.0268975 0.0268744
 0.644132 0.278119 0.048161 0.0139758 0.0156122
 0.741661 0.179269 0.0619782 0.0105903 0.00650145
 0.469136 0.416796 0.0795048 0.0270967 0.00746666
 0.44522 0.297901 0.202403 0.0379795 0.0164963
 0.529232 0.235918 0.126881 0.0850856 0.0228842
 0.692888 0.181718 0.0633196 0.0335492 0.028526
 0.807023 0.143937 0.0292075 0.0100193 0.00981402
 0.728485 0.22797 0.0325905 0.00652608 0.00442833
 0.673694 0.253722 0.0611009 0.00859636 0.00288692
 0.61722 0.27892 0.0810418 0.0192102 0.00360729
 0.725574 0.187895 0.0633643 0.0180813 0.00508591
 0.930747 0.0537355 0.0106797 0.00354374 0.00129454
 0.380717 0.585607 0.0262221 0.00513146 0.0023228
 0.893493 0.0466737 0.0566243 0.00249936 0.000709955
 0.589073 0.375902 0.0154733 0.0185036 0.00104793
 0.595758 0.262141 0.130163 0.00527679 0.00666215
 0.733753 0.174274 0.0599561 0.029329 0.00268795
 0.738122 0.203838 0.0381818 0.0129486 0.00690933
 0.317419 0.534569 0.115593 0.0213332 0.0110863
 0.734598 0.098127 0.131398 0.0280231 0.00785353
 0.621222 0.294649 0.031376 0.0414449 0.0113077
 0.430619 0.383541 0.145015 0.0152327 0.0255921
 0.726662 0.133141 0.094856 0.0353866 0.00995472
 0.683622 0.243792 0.0356079 0.0250248 0.0119532
 0.34812 0.476256 0.135759 0.0195635 0.0203014
 0.415878 0.234343 0.256477 0.072136 0.0211668
 0.818483 0.0861414 0.0385856 0.0416498 0.0151404
pobs_RECLAS
 0 0 0 0 0
 0 0 0 0 0
 0 0 0 0 0
 0 0 0 0 0
 0 0 0 0 0
 0 0 0 0 0
 0 0 0 0 0
 0 0 0 0 0
 0 0 0 0 0
 0 0 0 0 0
 0.991045 0.00858322 0.000360255 1.14367e-05 0
 0.934742 0.0480273 0.0164251 0.00080598 0
 0.827803 0.169806 0.00239088 0 0
 0.941827 0.0461693 0.0120037 0 0
 0.791401 0.0380133 0.147996 0.0225897 0
 0.846168 0.0940531 0.0597789 0 0
 0.134021 0.677848 0.182769 0.00536245 0
 0.80878 0.0450904 0.141981 0.00414843 0
 0.846168 0.0940531 0.0597789 0 0
 0.905697 0.0802665 0.012482 0.00150086 5.37128e-05
 0.989698 0.0102097 9.19794e-05 0 0
 0.975433 0.0193895 0.00387452 0.00125025 5.28907e-05
 0.303575 0.632131 0.0575291 0.00676475 0
 0.966965 0.00978017 0.0227588 0.000495775 0
 0.843318 0.132988 0.00938335 0.0141283 0.000182051
 0.564624 0.303363 0.111486 0.0197234 0.00080311
 0.826376 0.0876187 0.0782897 0.00655872 0.00115652
 0.89761 0.0855135 0.0140674 0.00269457 0.000114338
 0.34875 0.467042 0.161289 0.0227151 0.000203297
 0.318654 0.224769 0.449479 0.00709798 0
 0.937255 0.0296025 0.0250945 0.00804832 0
ppred_RECLAS
 0.496103 0.110556 0.371493 0.0218472 7.18822e-07
 0.465674 0.267049 0.0586828 0.197008 0.0115857
 0.613083 0.182593 0.102203 0.022423 0.0796977
 0.777785 0.137565 0.0399827 0.0223441 0.022324
 0.694049 0.23981 0.0409816 0.0118841 0.0132751
 0.783113 0.151127 0.051554 0.00880283 0.00540392
 0.527854 0.371812 0.0699474 0.0238218 0.006564
 0.502076 0.269021 0.180387 0.0338247 0.0146912
 0.586864 0.208467 0.110612 0.0741226 0.0199349
 0.740559 0.15439 0.0530662 0.0280961 0.0238885
 0.839794 0.119902 0.0240111 0.00823099 0.00806206
 0.771981 0.191875 0.027056 0.00541388 0.0036735
 0.72263 0.216331 0.0513882 0.00722462 0.00242616
 0.672453 0.239605 0.0686332 0.0162566 0.00305254
 0.769884 0.158249 0.0526362 0.015009 0.00422157
 0.944283 0.0433659 0.00850203 0.00281911 0.00102979
 0.435291 0.534392 0.0236101 0.00461704 0.00208986
 0.913727 0.0380925 0.045598 0.00201124 0.000571279
 0.643228 0.32675 0.0132686 0.0158557 0.000897928
 0.650162 0.227942 0.111661 0.0045235 0.00571088
 0.776239 0.147154 0.0499517 0.0244177 0.00223776
 0.780094 0.171688 0.0317283 0.0107523 0.00573718
 0.368499 0.496003 0.105836 0.0195187 0.0101429
 0.777329 0.0830266 0.109711 0.0233814 0.00655245
 0.672925 0.255203 0.0268169 0.0353978 0.00965749
 0.487026 0.347052 0.129493 0.0135927 0.0228358
 0.770002 0.112807 0.0793085 0.0295657 0.00831692
 0.730426 0.208373 0.0300339 0.0210927 0.0100746
 0.401146 0.439091 0.123519 0.0177871 0.0184574
 0.473139 0.213082 0.230124 0.0646784 0.0189778
 0.850383 0.0715161 0.0316104 0.0340966 0.0123942
pobs_PELACES
 0 0 0 0 0
 0 0 0 0 0
 0 0 0 0 0
 0 0 0 0 0
 0 0 0 0 0
 0 0 0 0 0
 0 0 0 0 0
 0 0 0 0 0
 0 0 0 0 0
 0 0 0 0 0
 0 0 0 0 0
 0 0 0 0 0
 0 0 0 0 0
 0 0 0 0 0
 0 0 0 0 0
 0 0 0 0 0
 0.505614 0.472636 0.0217494 0 0
 0 0 0 0 0
 0.443492 0.261883 0.143347 0.151278 0
 0.227955 0.32914 0.350689 0.0885471 0.00366901
 0.970185 0.0296113 0.000203453 0 0
 0.997202 0.00247181 0.000326279 0 0
 0.445219 0.490057 0.0546422 0.010081 0
 0.90214 0.0892962 0.00764917 0.000914606 0
 0 0 0 0 0
 0.581667 0.319106 0.0959925 0.00289975 0.000334073
 0.762889 0.0836404 0.116647 0.0363945 0.000428098
 0.88444 0.0763242 0.0277011 0.0115352 0
 0.521256 0.241999 0.230069 0.00667565 0
 0.616807 0.101726 0.260614 0.0208532 0
 0.833518 0.0704572 0.0857862 0.0102388 0
ppred_PELACES
 0.498275 0.110127 0.369848 0.0217498 7.15617e-07
 0.469544 0.265253 0.0582299 0.195477 0.0114956
 0.616673 0.180994 0.10121 0.0222039 0.0789188
 0.781694 0.135222 0.039244 0.0219295 0.0219097
 0.695656 0.238577 0.0407506 0.0118168 0.0131999
 0.785647 0.149406 0.0509172 0.00869364 0.00533688
 0.535977 0.365584 0.0686288 0.0233701 0.00643948
 0.503398 0.268349 0.179875 0.0337281 0.0146492
 0.591867 0.206081 0.109201 0.0731719 0.0196792
 0.745685 0.151449 0.0519649 0.0275105 0.0233904
 0.840661 0.119266 0.0238738 0.00818373 0.00801576
 0.77695 0.187751 0.0264249 0.00528707 0.00358743
 0.727934 0.212276 0.0503371 0.00707619 0.0023763
 0.682122 0.232714 0.0664669 0.015741 0.00295571
 0.775193 0.154695 0.0513527 0.0146415 0.00411818
 0.945577 0.0423742 0.00829407 0.00274992 0.00100451
 0.439149 0.530771 0.0234258 0.00458074 0.00207343
 0.915014 0.0375466 0.0448972 0.00198022 0.000562466
 0.648432 0.322026 0.0130571 0.0156017 0.000883542
 0.654867 0.224982 0.110063 0.00445843 0.00562871
 0.778984 0.145401 0.0493057 0.0241006 0.00220869
 0.783499 0.169079 0.0312053 0.0105743 0.00564219
 0.37122 0.493948 0.105317 0.0194221 0.0100927
 0.779144 0.0823846 0.10879 0.0231842 0.00649718
 0.675198 0.253468 0.0266166 0.0351321 0.00958499
 0.489126 0.345693 0.128916 0.0135317 0.0227333
 0.77186 0.111935 0.0786424 0.0293163 0.00824675
 0.732164 0.207057 0.0298271 0.0209468 0.0100049
 0.403129 0.4377 0.123062 0.0177207 0.0183885
 0.476134 0.211968 0.228745 0.0642884 0.0188634
 0.851978 0.0707846 0.0312618 0.0337191 0.012257
pobs_pel_tallas
 0 0 0 0 0 0 0 0 0 0 0 0 0 0 0 0 0 0 0 0 0 0 0 0 0 0
 0 0 0 0 0 0 0 0 0 0 0 0 0 0 0 0 0 0 0 0 0 0 0 0 0 0
 0 0 0 0 0 0 0 0 0 0 0 0 0 0 0 0 0 0 0 0 0 0 0 0 0 0
 0 0 0 0 0 0 0 0 0 0 0 0 0 0 0 0 0 0 0 0 0 0 0 0 0 0
 0 0 0 0 0 0 0 0 0 0 0 0 0 0 0 0 0 0 0 0 0 0 0 0 0 0
 0 0 0 0 0 0 0 0 0 0 0 0 0 0 0 0 0 0 0 0 0 0 0 0 0 0
 0 0 0 0 0 0 0 0 0 0 0 0 0 0 0 0 0 0 0 0 0 0 0 0 0 0
 0 0 0 0 0 0 0 0 0 0 0 0 0 0 0 0 0 0 0 0 0 0 0 0 0 0
 0 0 0 0 0 0 0 0 0 0 0 0 0 0 0 0 0 0 0 0 0 0 0 0 0 0
 0 0 0 0 0 0 0 0 0 0 0 0 0 0 0 0 0 0 0 0 0 0 0 0 0 0
 0 0 0 0 0 0 0 0 0 0 0 0 0 0 0 0 0 0 0 0 0 0 0 0 0 0
 0 0 0 0 0 0 0 0 0 0 0 0 0 0 0 0 0 0 0 0 0 0 0 0 0 0
 0.00862536 0 0 0.000197151 0.00414017 0.0128641 0.00837892 0.0270097 0.101434 0.158115 0.152841 0.127902 0.109271 0.109419 0.0830992 0.0579132 0.0238553 0.00714673 0.00463305 0.00128148 0.00103504 0.000492878 0.000147863 0.000147863 4.92878e-05 0
 0 0 0 0 0 0 0 0 0 0 0 0 0 0 0 0 0 0 0 0 0 0 0 0 0 0
 0 0 0 0 0 0 0 0.0054083 0.00873648 0.0413646 0.0450493 0.0745869 0.0622846 0.0627006 0.0613931 0.0827291 0.12552 0.122667 0.0946155 0.0697135 0.0546179 0.0294188 0.0215738 0.0213955 0.0102223 0.00600262
 0 0 0 0 0.00359764 0.0251062 0.0480494 0.140153 0.205849 0.193036 0.1447 0.116669 0.0760912 0.0342217 0.00950174 0.001854 0.000860785 0 0 0 0.000165536 0 0.000143464 0 0 0
 0 0 0 0 0 0 0 0.000145254 0.000435761 0.0275982 0.070085 0.0708112 0.156366 0.174668 0.174014 0.160142 0.0824315 0.0480064 0.0283245 0.00493863 0.00203355 0 0 0 0 0
 0 0 0 0 0 0 0 0 0 0 0 0 0 0 0 0 0 0 0 0 0 0 0 0 0 0
 0 0 1.00437e-05 0.000401748 0.00122533 0.00171747 0.00176769 0.0269171 0.070346 0.194647 0.189555 0.159765 0.064822 0.0314167 0.0384472 0.0292271 0.0345202 0.0313363 0.0194345 0.0106764 0.0143323 0.0359363 0.0279516 0.0138201 0.00172751 0
 0 0.0021121 0.0136068 0.0755702 0.200478 0.177729 0.0527432 0.0373336 0.0318909 0.0142505 0.0149659 0.0166563 0.0217959 0.0798694 0.0677717 0.0528807 0.04013 0.0224614 0.0357745 0.0225083 0.00881397 0.00855152 0.00135912 0.000746735 0 0
 0 0 0 0 5.4009e-05 0.00500934 0.000945158 0.0243581 0.138947 0.33067 0.221406 0.137944 0.0707744 0.0437923 0.0131692 0.00525238 0.0047753 0.00276346 9.45158e-05 9.00151e-06 2.25038e-05 9.00151e-06 4.50075e-06 0 0 0
 0.000866109 0.00284123 0.00948549 0.0512746 0.133035 0.25785 0.225252 0.132002 0.0553304 0.0519788 0.0540692 0.017754 0.00435017 0.00159236 0.00146478 0.000404838 0.000125132 0.000115318 0.000107957 0.000100596 0 0 0 0 0 0
 0 0 0 0 0.00144013 0.00171154 0.00461396 0.0210425 0.0478622 0.0707936 0.0888783 0.103762 0.0637923 0.0337046 0.0602308 0.124433 0.169614 0.0934646 0.0462172 0.0250306 0.0313229 0.00938855 0.002487 0.000210481 0 0
 0 0.00764035 0.051015 0.0998891 0.058973 0.0496711 0.0374665 0.0718981 0.12319 0.153886 0.159021 0.0857701 0.0377988 0.023471 0.0147837 0.00900784 0.00315554 0.000888139 0.00291439 0.00214683 0.00393193 0.00274676 0.000635225 9.99891e-05 0 0
 0 0 0 0 0 0 0 0 0 0 0 0 0 0 0 0 0 0 0 0 0 0 0 0 0 0
 0 0 0 0 0 0 0 0 0 0 0 0 0 0 0 0 0 0 0 0 0 0 0 0 0 0
 0 0 0 0 0 0 0 0 0 0 0 0 0 0 0 0 0 0 0 0 0 0 0 0 0 0
 0 0 0 0 0 0 0 0 0 0 0 0 0 0 0 0 0 0 0 0 0 0 0 0 0 0
 0 0 0 0 0 0 0 0 0 0 0 0 0 0 0 0 0 0 0 0 0 0 0 0 0 0
 0 0 0 0 0 0 0 0 0 0 0 0 0 0 0 0 0 0 0 0 0 0 0 0 0 0
 0 0 0 0 0 0 0 0 0 0 0 0 0 0 0 0 0 0 0 0 0 0 0 0 0 0
ppred_pel_tallas
 1.12883e-16 4.10422e-05 0.000398945 0.00265113 0.0120517 0.0374973 0.0798923 0.116607 0.116619 0.0799471 0.0376829 0.012595 0.00404155 0.00352182 0.00622803 0.0108975 0.0172415 0.0248945 0.0333887 0.0423144 0.0512191 0.0592521 0.0649791 0.0667607 0.063576 0.0557015
 1.23298e-16 3.86758e-05 0.000375943 0.00249827 0.0113568 0.0353354 0.0752867 0.109888 0.109914 0.0754121 0.0357569 0.012576 0.00556459 0.00709036 0.0128547 0.0213694 0.0312316 0.0403063 0.0465338 0.0491956 0.0494215 0.0493821 0.050752 0.0536249 0.0565808 0.057653
 1.1855e-16 5.07946e-05 0.000493741 0.00328109 0.0149154 0.0464073 0.0988763 0.144317 0.144334 0.0989623 0.0466964 0.0157522 0.0053888 0.00511853 0.00890478 0.0148301 0.0218131 0.0284168 0.0332369 0.0357139 0.0364689 0.036797 0.0377159 0.0393246 0.0408709 0.0413136
 1.07075e-16 6.43872e-05 0.000625866 0.0041591 0.0189067 0.0588258 0.125335 0.182933 0.182946 0.125399 0.0590405 0.0195274 0.00571932 0.00403918 0.00656908 0.010818 0.0157232 0.0200921 0.0227683 0.0232582 0.0220277 0.0201597 0.0186424 0.017847 0.0175066 0.0170669
 1.04656e-16 5.73003e-05 0.000556979 0.00370132 0.0168257 0.0523511 0.11154 0.162801 0.162824 0.111653 0.0527287 0.0179164 0.00644002 0.00653816 0.0114244 0.0188172 0.0271525 0.0342575 0.0379608 0.0372747 0.032981 0.0270847 0.0215874 0.0175368 0.014904 0.0130844
 1.03283e-16 6.47127e-05 0.00062903 0.00418013 0.0190023 0.0591232 0.125969 0.183858 0.183873 0.126039 0.0593605 0.0196882 0.00590421 0.00440046 0.0072501 0.011943 0.0173372 0.0220936 0.0248854 0.0250918 0.0231376 0.0201453 0.0171975 0.0148039 0.0128887 0.0111345
 1.05508e-16 4.41478e-05 0.000429133 0.00285174 0.0129636 0.0403348 0.0859389 0.125438 0.125473 0.0861112 0.0409136 0.0146357 0.00705034 0.00959988 0.0174764 0.0288629 0.0416705 0.0526083 0.0583471 0.0573539 0.0507866 0.0416611 0.0329911 0.0263593 0.0217547 0.0183446
 1.11121e-16 4.14643e-05 0.000403048 0.0026784 0.0121756 0.037883 0.0807147 0.117811 0.117837 0.0808423 0.0383122 0.0134181 0.0058085 0.00727322 0.0131983 0.0220397 0.0324139 0.0421644 0.0490844 0.0521159 0.0518561 0.0498869 0.0475227 0.0450466 0.0419203 0.0375522
 1.13873e-16 4.87513e-05 0.00047388 0.0031491 0.0143154 0.0445405 0.0948991 0.138512 0.138532 0.0949969 0.0448696 0.0152678 0.00554744 0.00573523 0.0101178 0.0168545 0.024765 0.0321987 0.0375196 0.040032 0.0403612 0.0398862 0.0396865 0.0398617 0.0396641 0.0381647
 1.08256e-16 6.14211e-05 0.000597035 0.00396751 0.0180357 0.0561159 0.119561 0.174506 0.174521 0.119633 0.0563567 0.0187319 0.00571802 0.00442878 0.0073697 0.0121699 0.0177267 0.0227302 0.0259012 0.0266911 0.0256049 0.0238132 0.0223624 0.0216087 0.0212172 0.0205699
 1.02897e-16 6.92441e-05 0.000673078 0.00447284 0.0203329 0.0632632 0.134789 0.196731 0.196743 0.134846 0.0634521 0.0208786 0.00584347 0.00366757 0.00576351 0.00943798 0.0136357 0.0172489 0.0192014 0.0190075 0.0170572 0.0143378 0.011821 0.0099932 0.00880438 0.00792915
 1.01948e-16 6.39964e-05 0.000622067 0.00413386 0.0187919 0.0584688 0.124575 0.181824 0.181842 0.124663 0.0587656 0.0196495 0.00628635 0.00532096 0.008988 0.0147575 0.0212522 0.0267243 0.0294368 0.0285878 0.0247825 0.0196142 0.014706 0.0109584 0.00843774 0.00674791
 1.02619e-16 5.9959e-05 0.000582823 0.00387306 0.0176064 0.0547802 0.116716 0.170354 0.170375 0.116816 0.0551165 0.0185782 0.00631404 0.00591644 0.0102039 0.0168118 0.0242992 0.0307366 0.03419 0.033753 0.0300592 0.0248042 0.0196851 0.0155999 0.0125721 0.0101969
 1.04057e-16 5.61856e-05 0.000546144 0.00362932 0.0164984 0.0513327 0.109371 0.159634 0.159657 0.10948 0.0517018 0.0175653 0.00631008 0.00640712 0.0112132 0.0185168 0.0268278 0.0340699 0.0381555 0.0381093 0.0346136 0.0294715 0.0244488 0.0204186 0.0173148 0.0146515
 1.03687e-16 6.38516e-05 0.000620661 0.00412451 0.0187494 0.0583365 0.124293 0.181412 0.181427 0.124366 0.0585822 0.0194596 0.00590959 0.00452558 0.00750379 0.0123668 0.0179557 0.0228899 0.025802 0.0260579 0.0241063 0.0211143 0.0181974 0.0158644 0.0140072 0.0122655
 1.00697e-16 7.7886e-05 0.000757079 0.00503106 0.0228705 0.0711585 0.151611 0.221281 0.221285 0.151631 0.0712256 0.0230643 0.00551785 0.00182045 0.00209949 0.00335309 0.00483571 0.00610868 0.00678274 0.00668067 0.00593657 0.00489881 0.00391431 0.00316354 0.00264234 0.00225222
 1.01622e-16 3.61723e-05 0.000351607 0.00233656 0.0106217 0.0330483 0.0704147 0.102783 0.102834 0.0706642 0.0338858 0.0130397 0.00840198 0.0135787 0.0251162 0.0413584 0.0593245 0.0740748 0.080599 0.076587 0.0638328 0.0470834 0.0312921 0.0193866 0.0118198 0.00752882
 1.016e-16 7.53685e-05 0.000732608 0.00486844 0.0221312 0.0688585 0.14671 0.214129 0.214133 0.146728 0.0689191 0.0223072 0.00531309 0.00171298 0.0019656 0.00320388 0.00477877 0.00636337 0.0076661 0.00853094 0.0089869 0.00915314 0.00909041 0.00874267 0.00801292 0.00688671
 1.02174e-16 5.34105e-05 0.000519169 0.00345006 0.0156835 0.0487974 0.103969 0.151753 0.151784 0.104121 0.0493056 0.0171508 0.0071308 0.00854663 0.0152768 0.0251135 0.0360387 0.0450445 0.0491108 0.0468622 0.0394099 0.0296399 0.0205324 0.0138009 0.00962897 0.00727834
 1.04634e-16 5.39406e-05 0.000524322 0.0034843 0.0158392 0.0492816 0.105 0.153256 0.153278 0.105107 0.0496399 0.0168755 0.00609147 0.00623476 0.0109544 0.0181683 0.0264998 0.0340135 0.038743 0.0397324 0.0375226 0.0336311 0.02949 0.0257263 0.0222188 0.0186338
 1.04251e-16 6.41639e-05 0.000623696 0.00414468 0.0188411 0.0586218 0.124901 0.182299 0.182313 0.124969 0.0588528 0.019509 0.00582375 0.00429771 0.00706727 0.0116495 0.0169354 0.0216376 0.0244885 0.0249105 0.0233356 0.0208531 0.0184784 0.0166319 0.0151418 0.0136098
 1.0296e-16 6.45358e-05 0.000627311 0.0041687 0.0189503 0.0589616 0.125625 0.183356 0.183372 0.125704 0.0592293 0.0197236 0.00611045 0.00486853 0.00812649 0.0133516 0.0192726 0.0243339 0.0269963 0.0265562 0.0235566 0.0193999 0.0154839 0.0125369 0.0105397 0.00908436
 1.06822e-16 3.0577e-05 0.00029722 0.00197513 0.00897869 0.0279363 0.059523 0.0868855 0.0869332 0.0597559 0.0287186 0.0112389 0.00765137 0.0126976 0.023608 0.0390504 0.0564141 0.0712839 0.0791617 0.0779546 0.069181 0.0568544 0.0449942 0.0357281 0.0290907 0.0240568
 1.06586e-16 6.41771e-05 0.000623824 0.00414553 0.018845 0.0586338 0.124926 0.182335 0.182343 0.124965 0.0587674 0.0192329 0.00512688 0.00279168 0.00425652 0.00713223 0.0107292 0.01446 0.0177499 0.0203096 0.0222224 0.0237092 0.024787 0.0251527 0.0243905 0.0223012
 1.05979e-16 5.56152e-05 0.0005406 0.00359248 0.0163309 0.0508116 0.10826 0.158014 0.158039 0.10838 0.0512124 0.0174884 0.00649803 0.00688374 0.0121039 0.019928 0.0287215 0.0361751 0.0399922 0.03916 0.0345743 0.0284425 0.0229435 0.0191773 0.0170156 0.0156591
 1.09013e-16 4.02887e-05 0.000391621 0.00260246 0.0118304 0.036809 0.0784268 0.114473 0.114507 0.0785903 0.0373584 0.0134187 0.00659553 0.00912915 0.016695 0.0276949 0.0402625 0.0514089 0.0580922 0.0588871 0.0547654 0.0482871 0.0419003 0.0367234 0.0325346 0.0285759
 1.06634e-16 6.35771e-05 0.000617992 0.00410677 0.0186688 0.0580856 0.123758 0.180631 0.180642 0.123811 0.0582649 0.019188 0.00541524 0.0034921 0.00557439 0.00925305 0.0136492 0.0178552 0.020985 0.0226345 0.0230747 0.0229521 0.0227523 0.0224815 0.0217769 0.0202668
 1.04708e-16 6.03074e-05 0.00058621 0.00389557 0.0177087 0.0550985 0.117394 0.171344 0.171364 0.117491 0.055426 0.018655 0.00627139 0.00577432 0.00991878 0.0163174 0.023539 0.0296919 0.0329002 0.0323257 0.0286737 0.0237104 0.0191821 0.015976 0.0140106 0.0126851
 1.08553e-16 3.32053e-05 0.000322767 0.0021449 0.00975045 0.0303375 0.0646388 0.094351 0.0943933 0.0648454 0.0310317 0.0117568 0.00718592 0.0113432 0.0210096 0.0348024 0.0504163 0.0639984 0.0716228 0.0714597 0.064809 0.0550949 0.0456813 0.0382479 0.032682 0.0280407
 1.16295e-16 3.92186e-05 0.000381219 0.00253333 0.0115162 0.0358312 0.076343 0.111429 0.11145 0.0764446 0.0361733 0.0125086 0.00504057 0.00590837 0.0106949 0.0180356 0.0269567 0.0359633 0.0435217 0.0488986 0.0524418 0.054981 0.056886 0.0576436 0.0562698 0.0521085
 1.06377e-16 7.01763e-05 0.000682138 0.00453305 0.0206066 0.0641148 0.136604 0.199378 0.199385 0.136637 0.0642277 0.0209333 0.0053557 0.0024863 0.00352167 0.00577877 0.00848276 0.0110298 0.0128709 0.0137969 0.0140653 0.0141917 0.0145659 0.0151945 0.0157369 0.0157508
pSPR Fmed_Fpbrs
0.654754   0.21428 0.21428
Fs Fmed_Fpbrs
0.229572   1.005 1.005
SSBpbr Bo_Bmed_Bpbrs
1.9548e+06  1.18217e+06  321134 321134
Ro
182859
SPR SPRFo_SPRFmed_SPRFpbrs
1.30706e+06 855803 280077
Fref
1.005
Nvult_r0
 214595 18691 8280.53 8932.9 3247.16
CTP_r0
 27839.7 2930 1312.44 1416.67 514.983
YTP_r0
391299
Np
 249704 99568.3 8220.77 3629.16 5106.97
Nvult_p0
 208214 85974.2 7112.94 3140.44 4419.27
CTP_p0
 92206.2 42797.2 3564.04 1574.11 2215.14
YTP_p0
 1.58836e+06
CBA_c0
750417
log_Ro
11.9365
likeval ReclasPelacesDesembMPH_pf_preclas_ppelaces_ptallas_desvR_qrecl_qpela
 14.2513 17.2742 0.0699898 0.000815458 241.023 118.966 98.315 0 23.6177 1.38409e-06 0 0.357283 0 0 0
q_reclas_q_pelaces
0.846444 1
M
1
N
 201741 45523.8 153098 9003.95 0.296251
 114320 67068.3 14760.3 49556.6 2914.35
 114869 34977.8 19607.2 4302.07 15290.9
 193073 35315.8 10287.4 5749.72 5744.6
 154828 54105.5 9253.14 2683.38 2997.47
 263387 51972.6 17755.7 3032.02 1861.32
 109424 80926.1 15273.7 5202.62 1433.57
 50245.9 27132.7 18202.8 3413.32 1482.52
 47405 17357.3 9228.28 6184.67 1663.35
 62916.4 13646.4 4702.83 2490.29 2117.36
 116535 16798.9 3366.26 1153.99 1130.31
 152907 39660.7 5608.37 1122.4 761.591
 127863 39830.2 9486.48 1333.88 447.946
 89594.1 34096.6 9809.6 2324.06 436.4
 89972.1 19341.8 6452.57 1840.22 517.601
 483093 23025.1 4525.3 1500.7 548.192
 104678 131587 5822.85 1138.77 515.459
 744557 31794 38119.3 1681.51 477.625
 429026 225537 9179.45 10970.6 621.284
 330795 119593 58704.6 2378.44 3002.77
 488946 94895.6 32263 15772.3 1445.46
 655824 148704 27535.3 9332.33 4979.55
 138389 189550 40492.7 7468.29 3880.92
 407610 44207.9 58475.6 12462.9 3492.63
 343999 132490 13936.5 18396.8 5019.17
 154782 111680 41704.9 4377.89 7354.92
 346004 51477.2 36228 13506.3 3799.37
 388717 112364 16209.9 11384.7 5437.73
 115976 128515 36181.5 5210.48 5406.84
 84286.4 38629.1 41767.2 11739.8 3444.68
 314164 26911.8 11909.7 12847.2 4670.03
pred_Ctot
 12384.8 3449.7 11746.3 691.274 0.0227453
 12346.2 8869.02 1975.2 6635.78 390.253
 12104.1 4515.15 2561.34 562.345 1998.81
 29727.7 6603.75 1945.59 1088.06 1087.13
 8630.74 3726.52 645.309 187.262 209.188
 27844.9 6730.48 2326.91 397.601 244.091
 23279.8 20682.5 3945.24 1344.61 370.516
 1946.84 1302.65 885.061 166.075 72.1346
 6648.71 2963.82 1594 1068.93 287.493
 11192.9 2935.48 1022.87 541.956 460.81
 5550.84 990.02 200.894 68.9144 67.5025
 29017.5 9080.65 1298.17 259.951 176.392
 22826.3 8596.69 2070.24 291.264 97.8156
 24426.3 11038.2 3207.21 760.239 142.758
 17826.6 4616.38 1556.8 444.239 124.955
 81228.6 4689.63 932.043 309.271 112.977
 11719.5 18026.6 807.188 157.961 71.5021
 84440.5 4410.95 5351.34 236.205 67.0951
 67200.9 42882.6 1765.18 2110.88 119.547
 46986.9 20674.8 10265.8 416.176 525.438
 54394.6 12919.3 4444.68 2174.22 199.264
 90620.9 25025.6 4687.67 1589.73 848.274
 11650.7 19621 4242.79 783.024 406.915
 30309.3 4048.69 5421.44 1156.22 324.034
 25813.5 12243.5 1303.76 1722.15 469.867
 9466.39 8431.45 3187.9 334.864 562.595
 25905.2 4746.42 3381.58 1261.52 354.882
 25110 8954.69 1307.91 919.183 439.049
 6991.8 9565.34 2726.65 392.922 407.743
 7118.98 4011.47 4390.36 1234.82 362.333
 27839.7 2930 1312.44 1416.67 514.983
F
 0.101276 0.126298 0.127962 0.128051 0.128056
 0.184283 0.229815 0.232842 0.233004 0.233012
 0.179457 0.223796 0.226745 0.226902 0.22691
 0.272132 0.339368 0.34384 0.344078 0.344091
 0.0915975 0.114229 0.115734 0.115814 0.115818
 0.18009 0.224586 0.227545 0.227703 0.227711
 0.394494 0.491963 0.498444 0.49879 0.498809
 0.0629193 0.0784649 0.0794987 0.0795538 0.0795568
 0.245251 0.305845 0.309875 0.31009 0.310101
 0.32049 0.399674 0.40494 0.405221 0.405236
 0.0778267 0.0970556 0.0983343 0.0984025 0.0984061
 0.345203 0.430493 0.436165 0.436468 0.436484
 0.321766 0.401265 0.406552 0.406834 0.406849
 0.533023 0.664719 0.673476 0.673944 0.673968
 0.362916 0.452583 0.458546 0.458864 0.45888
 0.300538 0.374793 0.379731 0.379995 0.380008
 0.191608 0.238949 0.242097 0.242265 0.242274
 0.194304 0.242311 0.245504 0.245674 0.245683
 0.277423 0.345967 0.350525 0.350768 0.350781
 0.248723 0.310175 0.314262 0.31448 0.314491
 0.190293 0.237309 0.240435 0.240602 0.240611
 0.241236 0.300839 0.304803 0.305014 0.305025
 0.141168 0.176046 0.178366 0.178489 0.178496
 0.123807 0.154396 0.15643 0.156539 0.156544
 0.125002 0.155886 0.15794 0.15805 0.158055
 0.10088 0.125804 0.127462 0.12755 0.127555
 0.124703 0.155514 0.157563 0.157672 0.157678
 0.106809 0.133198 0.134953 0.135047 0.135052
 0.0993784 0.123932 0.125565 0.125652 0.125657
 0.141655 0.176655 0.178982 0.179106 0.179113
 0.14907 0.185901 0.188351 0.188481 0.188488
nmprior
 8.19 8.8 8.5 0
nm_flota  nm_reclas  nm_pelaces    nm_pelaL
inf 12.2086 18.5929 44.684
cv_recla  cv_pelaces  cv_mph
0.34147 0.471272 0.881264
 ------------------------------------------------
Talla a la edad & desviaci?n 
 8 13.2811 15.8009 17.003 17.5766
 0.8 1.32811 1.58009 1.7003 1.75766
