years
 1991 1992 1993 1994 1995 1996 1997 1998 1999 2000 2001 2002 2003 2004 2005 2006 2007 2008 2009 2010 2011 2012 2013 2014 2015 2016 2017 2018 2019 2020 2021
reclasobs
 0 0 0 0 0 0 0 0 0 252601 567819 844713 477998 351125 339783 2.1784e+06 2.13404e+06 4.81314e+06 1.55562e+06 2.62356e+06 3.21686e+06 3.843e+06 1.13348e+06 3.07943e+06 1.97215e+06 2.03268e+06 2.025e+06 2.42433e+06 2.27542e+06 1.05018e+06 2.36338e+06
reclaspred
 1.89133e+06 1.41486e+06 725823 487467 498597 713639 479820 369391 250974 215780 322942 519686 484641 363559 472354 944720 1.44128e+06 2.07151e+06 2.06722e+06 1.7346e+06 2.72175e+06 2.08346e+06 1.93175e+06 2.49868e+06 2.19966e+06 1.85367e+06 1.88354e+06 2.0377e+06 2.29994e+06 1.35916e+06 1.46239e+06
pelacesobs
 0 0 0 0 0 0 0 0 0 0 0 0 0 0 0 552880 188675 0 991730 2.46772e+06 1.41603e+06 1.21717e+06 2.29649e+06 1.80582e+06 0 1.4828e+06 1.56532e+06 1.57751e+06 1.42118e+06 867257 1.10002e+06
pelacespred
 795089 653031 351345 202609 213327 306163 174468 172267 111594 91195.8 154401 205429 206652 166015 235469 393377 592781 906601 1.009e+06 807271 1.10137e+06 1.01067e+06 888051 1.25935e+06 1.13297e+06 920441 1.0384e+06 1.14359e+06 1.04933e+06 711736 747017
mphobs
 0 0 0 0 0 0 0 0 0 0 0 498337 0 5186 125008 0 168611 109162 213762 579715 649985 157893 87575 83554 0 0 0 0 0 0 0
mphpred
 1.44634e+06 1.48708e+06 824642 378598 398172 385666 555457 284197 229935 161788 146969 361654 400123 285504 226512 428936 1.02453e+06 1.24715e+06 1.55866e+06 1.5786e+06 1.66642e+06 1.80507e+06 1.73678e+06 1.37462e+06 2.15697e+06 1.59689e+06 1.2929e+06 1.41979e+06 2.09548e+06 1.42517e+06 860975
desembarqueobs
 494567 514787 250237 358949 120608 361735 552515 73892 212993 205616 52469 317467 293654 387597 252695 516296 358380 742168 942051 627588 828172 859565 418607 520667 417249 300574 415391 372974 316634 284311 391294
desembarquepred
 494095 511591 250923 358147 120535 360723 553366 73993 212812 205578 52520.2 317342 293253 387416 253607 516873 358508 742138 942217 628626 828827 858950 418294 520623 417273 300392 415235 373353 317228 284470 390462
Reclutas
 354343 83022.8 36869.9 153545 77449 205116 75883 23561.3 35757.4 64312.7 121000 145935 96639 95092.3 128376 447586 178389 510154 603469 319144 418604 637715 110592 444587 272170 149275 335619 395098 108302 74019 307877
log_desv_Rt
 0.78291 -0.668239 -1.47996 -0.0533587 -0.737735 0.236222 -0.758162 -1.92775 -1.5106 -0.923597 -0.291566 -0.104193 -0.516372 -0.532507 -0.23239 1.01651 0.0966146 1.14736 1.31534 0.678287 0.94957 1.37054 -0.381506 1.00979 0.519072 -0.0815625 0.728622 0.891778 -0.402435 -0.783033 0.642347
SSB
 1.44634e+06 1.48708e+06 824642 378598 398172 385666 555457 284197 229935 161788 146969 361654 400123 285504 226512 428936 1.02453e+06 1.24715e+06 1.55866e+06 1.5786e+06 1.66642e+06 1.80507e+06 1.73678e+06 1.37462e+06 2.15697e+06 1.59689e+06 1.2929e+06 1.41979e+06 2.09548e+06 1.42517e+06 860975
BT
 2.61585e+06 2.08239e+06 1.07788e+06 970309 678219 1.39033e+06 961539 562885 562223 506919 600289 916534 889895 988666 1.14801e+06 1.8887e+06 1.97963e+06 3.63582e+06 4.19011e+06 2.81719e+06 4.09818e+06 3.84669e+06 2.66985e+06 4.86589e+06 3.36702e+06 2.81625e+06 3.88446e+06 4.16271e+06 2.83602e+06 2.08885e+06 2.96075e+06
Ftot
 0.245947 0.336444 0.321989 0.666905 0.227701 0.468628 0.99434 0.189309 0.760998 0.849775 0.1546 0.559294 0.553184 0.942641 0.498581 0.507511 0.234312 0.335223 0.423314 0.338192 0.285697 0.38376 0.204224 0.197291 0.179396 0.153613 0.208458 0.17376 0.130899 0.197506 0.251889
BD_Bspro_t
 0.961413 0.790202 0.606527 0.459988 0.474339 0.527816 0.531178 0.328662 0.357099 0.323574 0.362595 0.652777 0.546865 0.42563 0.363654 0.507507 0.618177 0.643537 0.646123 0.614078 0.579126 0.597227 0.620069 0.605857 0.729114 0.718101 0.722296 0.757438 0.808477 0.745929 0.673565
BD_Bspro
 1.24934 1.28453 0.71232 0.32703 0.343938 0.333135 0.4798 0.245488 0.198617 0.139752 0.126951 0.312394 0.345624 0.246617 0.195659 0.370512 0.884986 1.07728 1.34636 1.36358 1.43944 1.5592 1.50022 1.18739 1.86318 1.37939 1.11679 1.2264 1.81007 1.23106 0.743704
BD_Bo
 0.815586 0.838557 0.465011 0.213489 0.224527 0.217475 0.31322 0.160257 0.129659 0.0912316 0.0828753 0.203935 0.225627 0.160994 0.127729 0.241875 0.57773 0.703263 0.878917 0.890163 0.939683 1.01787 0.97936 0.77514 1.21631 0.90048 0.729057 0.800612 1.18163 0.803649 0.485499
BD_Brms
 3.46215 3.55966 1.97396 0.906258 0.953113 0.923176 1.32961 0.68029 0.550401 0.387276 0.351804 0.865699 0.957784 0.683418 0.542206 1.02675 2.45245 2.98534 3.73099 3.77872 3.98893 4.32082 4.15736 3.29045 5.16319 3.82252 3.09483 3.39858 5.01601 3.41147 2.06093
Sel_flota
 0.5 1 1 1 1
 0.5 1 1 1 1
 0.5 1 1 1 1
 0.5 1 1 1 1
 0.5 1 1 1 1
 0.5 1 1 1 1
 0.5 1 1 1 1
 0.5 1 1 1 1
 0.5 1 1 1 1
 0.5 1 1 1 1
 0.5 1 1 1 1
 0.5 1 1 1 1
 0.5 1 1 1 1
 0.5 1 1 1 1
 0.5 1 1 1 1
 0.5 1 1 1 1
 0.5 1 1 1 1
 0.5 1 1 1 1
 0.5 1 1 1 1
 0.5 1 1 1 1
 0.5 1 1 1 1
 0.5 1 1 1 1
 0.5 1 1 1 1
 0.5 1 1 1 1
 0.5 1 1 1 1
 0.5 1 1 1 1
 0.5 1 1 1 1
 0.5 1 1 1 1
 0.5 1 1 1 1
 0.5 1 1 1 1
 0.5 1 1 1 1
Sel_reclas
 0.5 1 1 1 1
 0.5 1 1 1 1
 0.5 1 1 1 1
 0.5 1 1 1 1
 0.5 1 1 1 1
 0.5 1 1 1 1
 0.5 1 1 1 1
 0.5 1 1 1 1
 0.5 1 1 1 1
 0.5 1 1 1 1
 0.5 1 1 1 1
 0.5 1 1 1 1
 0.5 1 1 1 1
 0.5 1 1 1 1
 0.5 1 1 1 1
 0.5 1 1 1 1
 0.5 1 1 1 1
 0.5 1 1 1 1
 0.5 1 1 1 1
 0.5 1 1 1 1
 0.5 1 1 1 1
 0.5 1 1 1 1
 0.5 1 1 1 1
 0.5 1 1 1 1
 0.5 1 1 1 1
 0.5 1 1 1 1
 0.5 1 1 1 1
 0.5 1 1 1 1
 0.5 1 1 1 1
 0.5 1 1 1 1
 0.5 1 1 1 1
Sel_pelaces
 0.5 1 1 1 1
 0.5 1 1 1 1
 0.5 1 1 1 1
 0.5 1 1 1 1
 0.5 1 1 1 1
 0.5 1 1 1 1
 0.5 1 1 1 1
 0.5 1 1 1 1
 0.5 1 1 1 1
 0.5 1 1 1 1
 0.5 1 1 1 1
 0.5 1 1 1 1
 0.5 1 1 1 1
 0.5 1 1 1 1
 0.5 1 1 1 1
 0.5 1 1 1 1
 0.5 1 1 1 1
 0.5 1 1 1 1
 0.5 1 1 1 1
 0.5 1 1 1 1
 0.5 1 1 1 1
 0.5 1 1 1 1
 0.5 1 1 1 1
 0.5 1 1 1 1
 0.5 1 1 1 1
 0.5 1 1 1 1
 0.5 1 1 1 1
 0.5 1 1 1 1
 0.5 1 1 1 1
 0.5 1 1 1 1
 0.5 1 1 1 1
pf_obs 
 0.8446 0.082 0.0669 0.0065 0
 0.8095 0.147 0.0364 0.0071 0
 0.9664 0.0169 0.016 0.0007 0
 0.9276 0.0648 0.0075 0.0001 0
 0.7033 0.2144 0.0806 0.0017 0
 0.9318 0.0425 0.0243 0.0014 0
 0.5671 0.3108 0.0964 0.0239 0.0018
 0.0768 0.2599 0.5324 0.112 0.0189
 0.490249 0.384438 0.106611 0.0170017 0.00170017
 0.7925 0.1577 0.0466 0.003 0.0002
 0.840416 0.127587 0.0312969 0.00059994 9.999e-05
 0.8084 0.0986 0.0794 0.0134 0.0002
 0.7335 0.1905 0.0724 0.0035 0.0001
 0.4001 0.4547 0.1325 0.0127 0
 0.49795 0.308269 0.164784 0.0264974 0.00249975
 0.9179 0.0499 0.0305 0.0017 0
 0.2467 0.6533 0.0926 0.0074 0
 0.9418 0.0223 0.034 0.0019 0
 0.707729 0.231977 0.0356964 0.0245975 0
 0.517169 0.277429 0.184464 0.0207286 0.00020938
 0.811772 0.124168 0.05621 0.00726502 0.000585176
 0.764997 0.148141 0.077277 0.00933861 0.000247198
 0.163321 0.427699 0.378323 0.0303852 0.000271297
 0.753843 0.0900009 0.118128 0.0371064 0.000921714
 0.721811 0.176058 0.0630433 0.0369309 0.00215725
 0.143369 0.312575 0.442814 0.0836902 0.0175525
 0.692698 0.0596174 0.167031 0.0765114 0.00414204
 0.394062 0.376323 0.152708 0.0712218 0.00568511
 0.125707 0.32114 0.495352 0.0537591 0.00404204
 0.23352 0.215282 0.420074 0.123614 0.00750983
 0.774587 0.0839891 0.0768558 0.0609784 0.00358967
pf_pred 
 0.622627 0.238546 0.087756 0.0322836 0.0187883
 0.231041 0.599992 0.106808 0.0392925 0.0228673
 0.233215 0.306234 0.359352 0.0639703 0.0372292
 0.751711 0.0996201 0.0593746 0.0696735 0.0196212
 0.469038 0.468104 0.0252202 0.0150315 0.0226062
 0.743005 0.16809 0.0783803 0.00422291 0.00630212
 0.39815 0.523378 0.0513252 0.0239329 0.00321375
 0.31746 0.440279 0.210673 0.0206597 0.0109273
 0.564586 0.215946 0.14157 0.0677412 0.0101567
 0.762409 0.182215 0.0274642 0.0180049 0.00990709
 0.782921 0.19396 0.0177301 0.00267235 0.00271593
 0.635286 0.322059 0.0381115 0.00348382 0.00105875
 0.516131 0.389674 0.0831786 0.0098431 0.00117321
 0.600069 0.286582 0.0912831 0.019485 0.00258063
 0.722029 0.222918 0.0394498 0.0125657 0.00303747
 0.852035 0.126977 0.0168319 0.00297873 0.00117815
 0.405247 0.553594 0.0353211 0.00468213 0.00115632
 0.735001 0.157331 0.100217 0.00639419 0.00105694
 0.639848 0.309681 0.0299651 0.0190872 0.00141913
 0.432325 0.455043 0.0968477 0.00937109 0.00641303
 0.583928 0.261186 0.124155 0.0264242 0.00430659
 0.660068 0.256153 0.0525912 0.0249994 0.00618782
 0.194928 0.654903 0.113159 0.0232328 0.0137773
 0.681516 0.108199 0.171061 0.0295571 0.00966706
 0.438358 0.460223 0.0344551 0.0544731 0.0124906
 0.343592 0.408352 0.203264 0.0152175 0.0295754
 0.642803 0.186738 0.106042 0.0527842 0.011632
 0.593303 0.32248 0.0440278 0.0250019 0.0151876
 0.239494 0.573728 0.1481 0.02022 0.0184572
 0.289988 0.280902 0.323723 0.0835648 0.0218234
 0.752912 0.114684 0.0523828 0.0603682 0.0196529
pobs_RECLAS
 0 0 0 0 0
 0 0 0 0 0
 0 0 0 0 0
 0 0 0 0 0
 0 0 0 0 0
 0 0 0 0 0
 0 0 0 0 0
 0 0 0 0 0
 0 0 0 0 0
 0 0 0 0 0
 0.991045 0.00858322 0.000360255 1.14367e-05 0
 0.934742 0.0480273 0.0164251 0.00080598 0
 0.827803 0.169806 0.00239088 0 0
 0.941827 0.0461693 0.0120037 0 0
 0.791401 0.0380133 0.147996 0.0225897 0
 0.846168 0.0940531 0.0597789 0 0
 0.134021 0.677848 0.182769 0.00536245 0
 0.80878 0.0450904 0.141981 0.00414843 0
 0.846168 0.0940531 0.0597789 0 0
 0.905697 0.0802665 0.012482 0.00150086 5.37128e-05
 0.989698 0.0102097 9.19794e-05 0 0
 0.975433 0.0193895 0.00387452 0.00125025 5.28907e-05
 0.303575 0.632131 0.0575291 0.00676475 0
 0.966965 0.00978017 0.0227588 0.000495775 0
 0.843318 0.132988 0.00938335 0.0141283 0.000182051
 0.564624 0.303363 0.111486 0.0197234 0.00080311
 0.826376 0.0876187 0.0782897 0.00655872 0.00115652
 0.89761 0.0855135 0.0140674 0.00269457 0.000114338
 0.34875 0.467042 0.161289 0.0227151 0.000203297
 0.318654 0.224769 0.449479 0.00709798 0
 0.937255 0.0296025 0.0250945 0.00804832 0
ppred_RECLAS
 0.62541 0.236786 0.0871088 0.0320455 0.0186498
 0.234095 0.597609 0.106384 0.0391364 0.0227765
 0.236132 0.305069 0.357985 0.0637269 0.0370876
 0.759135 0.0966413 0.0575992 0.0675901 0.0190345
 0.471744 0.465719 0.0250917 0.0149549 0.022491
 0.747865 0.164911 0.0768979 0.00414305 0.00618293
 0.414757 0.508937 0.049909 0.0232726 0.00312508
 0.319374 0.439045 0.210083 0.0206018 0.0108966
 0.576309 0.210132 0.137758 0.0659172 0.0098832
 0.772316 0.174617 0.026319 0.0172542 0.00949398
 0.784116 0.192893 0.0176325 0.00265765 0.00270098
 0.64267 0.315539 0.0373399 0.00341328 0.00103732
 0.52401 0.383329 0.0818243 0.00968284 0.00115411
 0.615314 0.275658 0.0878036 0.0187423 0.00248226
 0.727549 0.218491 0.0386663 0.0123161 0.00297715
 0.855567 0.123945 0.0164301 0.00290762 0.00115002
 0.407954 0.551073 0.0351603 0.00466082 0.00115106
 0.738306 0.155369 0.0989672 0.00631444 0.00104375
 0.645036 0.305219 0.0295334 0.0188122 0.00139869
 0.436556 0.451652 0.096126 0.00930126 0.00636524
 0.587352 0.259036 0.123134 0.0262068 0.00427115
 0.664551 0.252776 0.0518978 0.0246697 0.00610623
 0.196439 0.653674 0.112946 0.0231892 0.0137514
 0.683517 0.107519 0.169986 0.0293714 0.00960632
 0.440404 0.458547 0.0343296 0.0542747 0.0124452
 0.345171 0.407369 0.202775 0.0151809 0.0295043
 0.645057 0.18556 0.105373 0.0524513 0.0115586
 0.595235 0.320948 0.0438186 0.0248831 0.0151154
 0.240565 0.57292 0.147892 0.0201915 0.0184312
 0.291895 0.280147 0.322853 0.0833403 0.0217647
 0.755173 0.113635 0.0519034 0.0598157 0.019473
pobs_PELACES
 0 0 0 0 0
 0 0 0 0 0
 0 0 0 0 0
 0 0 0 0 0
 0 0 0 0 0
 0 0 0 0 0
 0 0 0 0 0
 0 0 0 0 0
 0 0 0 0 0
 0 0 0 0 0
 0 0 0 0 0
 0 0 0 0 0
 0 0 0 0 0
 0 0 0 0 0
 0 0 0 0 0
 0 0 0 0 0
 0.505614 0.472636 0.0217494 0 0
 0 0 0 0 0
 0.443492 0.261883 0.143347 0.151278 0
 0.227955 0.32914 0.350689 0.0885471 0.00366901
 0.970185 0.0296113 0.000203453 0 0
 0.997202 0.00247181 0.000326279 0 0
 0.445219 0.490057 0.0546422 0.010081 0
 0.90214 0.0892962 0.00764917 0.000914606 0
 0 0 0 0 0
 0.581667 0.319106 0.0959925 0.00289975 0.000334073
 0.762889 0.0836404 0.116647 0.0363945 0.000428098
 0.88444 0.0763242 0.0277011 0.0115352 0
 0.521256 0.241999 0.230069 0.00667565 0
 0.616807 0.101726 0.260614 0.0208532 0
 0.833518 0.0704572 0.0857862 0.0102388 0
ppred_PELACES
 0.634867 0.230808 0.0849095 0.0312364 0.0181789
 0.244194 0.589728 0.104981 0.0386203 0.0224761
 0.245849 0.301188 0.353431 0.0629163 0.0366158
 0.778678 0.0887999 0.0529257 0.0621059 0.0174901
 0.481115 0.457457 0.0246465 0.0146896 0.022092
 0.762164 0.155558 0.0725368 0.00390809 0.00583228
 0.455054 0.473893 0.0464725 0.0216701 0.0029099
 0.326202 0.43464 0.207975 0.0203951 0.0107873
 0.606639 0.19509 0.127897 0.0611986 0.00917572
 0.796027 0.156432 0.0235781 0.0154573 0.00850526
 0.788403 0.189063 0.0172824 0.00260487 0.00264735
 0.663573 0.297081 0.0351557 0.00321362 0.000976637
 0.54671 0.365048 0.077922 0.00922105 0.00109907
 0.651409 0.249793 0.0795649 0.0169837 0.00224935
 0.743547 0.205661 0.0363958 0.0115929 0.00280233
 0.86561 0.115327 0.0152876 0.00270544 0.00107006
 0.417324 0.542352 0.0346039 0.00458705 0.00113284
 0.748851 0.149108 0.0949792 0.00605999 0.00100169
 0.660862 0.291611 0.0282166 0.0179735 0.00133633
 0.450327 0.440613 0.0937766 0.00907393 0.00620967
 0.598728 0.251895 0.119739 0.0254843 0.0041534
 0.678516 0.242252 0.0497372 0.0236427 0.00585201
 0.201813 0.649302 0.112191 0.0230341 0.0136595
 0.690517 0.105141 0.166227 0.0287218 0.00939386
 0.447711 0.452559 0.0338813 0.053566 0.0122826
 0.350922 0.403792 0.200994 0.0150476 0.0292452
 0.652892 0.181464 0.103047 0.0512934 0.0113035
 0.602123 0.315486 0.0430729 0.0244596 0.0148582
 0.244533 0.569927 0.147119 0.020086 0.0183349
 0.298676 0.277464 0.319761 0.0825422 0.0215563
 0.762776 0.110106 0.0502917 0.0579583 0.0188684
pobs_pel_tallas
 0 0 0 0 0 0 0 0 0 0 0 0 0 0 0 0 0 0 0 0 0 0 0 0 0 0
 0 0 0 0 0 0 0 0 0 0 0 0 0 0 0 0 0 0 0 0 0 0 0 0 0 0
 0 0 0 0 0 0 0 0 0 0 0 0 0 0 0 0 0 0 0 0 0 0 0 0 0 0
 0 0 0 0 0 0 0 0 0 0 0 0 0 0 0 0 0 0 0 0 0 0 0 0 0 0
 0 0 0 0 0 0 0 0 0 0 0 0 0 0 0 0 0 0 0 0 0 0 0 0 0 0
 0 0 0 0 0 0 0 0 0 0 0 0 0 0 0 0 0 0 0 0 0 0 0 0 0 0
 0 0 0 0 0 0 0 0 0 0 0 0 0 0 0 0 0 0 0 0 0 0 0 0 0 0
 0 0 0 0 0 0 0 0 0 0 0 0 0 0 0 0 0 0 0 0 0 0 0 0 0 0
 0 0 0 0 0 0 0 0 0 0 0 0 0 0 0 0 0 0 0 0 0 0 0 0 0 0
 0 0 0 0 0 0 0 0 0 0 0 0 0 0 0 0 0 0 0 0 0 0 0 0 0 0
 0 0 0 0 0 0 0 0 0 0 0 0 0 0 0 0 0 0 0 0 0 0 0 0 0 0
 0 0 0 0 0 0 0 0 0 0 0 0 0 0 0 0 0 0 0 0 0 0 0 0 0 0
 0.00862536 0 0 0.000197151 0.00414017 0.0128641 0.00837892 0.0270097 0.101434 0.158115 0.152841 0.127902 0.109271 0.109419 0.0830992 0.0579132 0.0238553 0.00714673 0.00463305 0.00128148 0.00103504 0.000492878 0.000147863 0.000147863 4.92878e-05 0
 0 0 0 0 0 0 0 0 0 0 0 0 0 0 0 0 0 0 0 0 0 0 0 0 0 0
 0 0 0 0 0 0 0 0.0054083 0.00873648 0.0413646 0.0450493 0.0745869 0.0622846 0.0627006 0.0613931 0.0827291 0.12552 0.122667 0.0946155 0.0697135 0.0546179 0.0294188 0.0215738 0.0213955 0.0102223 0.00600262
 0 0 0 0 0.00359764 0.0251062 0.0480494 0.140153 0.205849 0.193036 0.1447 0.116669 0.0760912 0.0342217 0.00950174 0.001854 0.000860785 0 0 0 0.000165536 0 0.000143464 0 0 0
 0 0 0 0 0 0 0 0.000145254 0.000435761 0.0275982 0.070085 0.0708112 0.156366 0.174668 0.174014 0.160142 0.0824315 0.0480064 0.0283245 0.00493863 0.00203355 0 0 0 0 0
 0 0 0 0 0 0 0 0 0 0 0 0 0 0 0 0 0 0 0 0 0 0 0 0 0 0
 0 0 1.00437e-05 0.000401748 0.00122533 0.00171747 0.00176769 0.0269171 0.070346 0.194647 0.189555 0.159765 0.064822 0.0314167 0.0384472 0.0292271 0.0345202 0.0313363 0.0194345 0.0106764 0.0143323 0.0359363 0.0279516 0.0138201 0.00172751 0
 0 0.0021121 0.0136068 0.0755702 0.200478 0.177729 0.0527432 0.0373336 0.0318909 0.0142505 0.0149659 0.0166563 0.0217959 0.0798694 0.0677717 0.0528807 0.04013 0.0224614 0.0357745 0.0225083 0.00881397 0.00855152 0.00135912 0.000746735 0 0
 0 0 0 0 5.4009e-05 0.00500934 0.000945158 0.0243581 0.138947 0.33067 0.221406 0.137944 0.0707744 0.0437923 0.0131692 0.00525238 0.0047753 0.00276346 9.45158e-05 9.00151e-06 2.25038e-05 9.00151e-06 4.50075e-06 0 0 0
 0.000866109 0.00284123 0.00948549 0.0512746 0.133035 0.25785 0.225252 0.132002 0.0553304 0.0519788 0.0540692 0.017754 0.00435017 0.00159236 0.00146478 0.000404838 0.000125132 0.000115318 0.000107957 0.000100596 0 0 0 0 0 0
 0 0 0 0 0.00144013 0.00171154 0.00461396 0.0210425 0.0478622 0.0707936 0.0888783 0.103762 0.0637923 0.0337046 0.0602308 0.124433 0.169614 0.0934646 0.0462172 0.0250306 0.0313229 0.00938855 0.002487 0.000210481 0 0
 0 0.00764035 0.051015 0.0998891 0.058973 0.0496711 0.0374665 0.0718981 0.12319 0.153886 0.159021 0.0857701 0.0377988 0.023471 0.0147837 0.00900784 0.00315554 0.000888139 0.00291439 0.00214683 0.00393193 0.00274676 0.000635225 9.99891e-05 0 0
 0 0 0 0 0 0 0 0 0 0 0 0 0 0 0 0 0 0 0 0 0 0 0 0 0 0
 0 0 0 0 0 0 0 0 0 0 0 0 0 0 0 0 0 0 0 0 0 0 0 0 0 0
 0 0 0 0 0 0 0 0 0 0 0 0 0 0 0 0 0 0 0 0 0 0 0 0 0 0
 0 0 0 0 0 0 0 0 0 0 0 0 0 0 0 0 0 0 0 0 0 0 0 0 0 0
 0 0 0 0 0 0 0 0 0 0 0 0 0 0 0 0 0 0 0 0 0 0 0 0 0 0
 0 0 0 0 0 0 0 0 0 0 0 0 0 0 0 0 0 0 0 0 0 0 0 0 0 0
 0 0 0 0 0 0 0 0 0 0 0 0 0 0 0 0 0 0 0 0 0 0 0 0 0 0
ppred_pel_tallas
 1.08719e-16 5.22932e-05 0.000508309 0.00337789 0.0153554 0.0477765 0.101794 0.148576 0.148598 0.101903 0.0481435 0.0164164 0.00604575 0.00634769 0.0111882 0.0185349 0.0269836 0.0345487 0.0392424 0.0401667 0.038017 0.0345154 0.0312473 0.0288347 0.0269455 0.0248814
 1.10857e-16 2.01141e-05 0.000195516 0.00129928 0.00590635 0.0183772 0.0391566 0.0571621 0.057219 0.0394346 0.0193106 0.00860312 0.00807079 0.0149854 0.0281318 0.0465374 0.0671861 0.0848137 0.0940665 0.0925008 0.0820293 0.0675685 0.0540144 0.0439113 0.0371715 0.032328
 1.22783e-16 2.02503e-05 0.00019684 0.00130807 0.00594633 0.0185014 0.0394203 0.0575412 0.0575708 0.0395648 0.0189882 0.00735899 0.00487863 0.00807302 0.0152185 0.0257558 0.0385727 0.0515977 0.0626588 0.0706784 0.0760618 0.0798612 0.0824865 0.0831695 0.0805878 0.0739825
 1.10739e-16 6.41387e-05 0.000623451 0.00414305 0.0188337 0.0585988 0.124851 0.182226 0.182234 0.124893 0.058741 0.0192458 0.00518192 0.00290676 0.00444719 0.00737649 0.0109257 0.0144095 0.0172011 0.0190861 0.0203928 0.0217044 0.0233689 0.0251986 0.026567 0.026779
 1.0604e-16 3.96289e-05 0.000385207 0.00255984 0.0116367 0.0362063 0.077143 0.112602 0.112646 0.0773581 0.0369285 0.0137218 0.00779116 0.0117963 0.0216857 0.0357224 0.0513058 0.0642155 0.0701932 0.0673173 0.0571916 0.043923 0.031723 0.0229671 0.0178217 0.0151198
 1.03513e-16 6.27785e-05 0.00061023 0.00405519 0.0184343 0.0573561 0.122204 0.178363 0.178378 0.122277 0.0576037 0.0191505 0.00585676 0.00455549 0.00759182 0.0125458 0.0182857 0.0234495 0.0266757 0.0273091 0.0257384 0.0230342 0.0202081 0.017704 0.0154286 0.0131217
 1.04128e-16 3.74823e-05 0.000364341 0.00242118 0.0110064 0.0342451 0.0729645 0.106503 0.106549 0.0731875 0.0349939 0.0131687 0.00784743 0.0122053 0.0225122 0.0371233 0.0533942 0.0669808 0.0734815 0.0708751 0.0607348 0.0471735 0.0344001 0.0247789 0.0185077 0.0145437
 1.09984e-16 2.68689e-05 0.000261175 0.0017356 0.00788983 0.0245484 0.0523046 0.0763488 0.076391 0.0525105 0.0252405 0.00989178 0.00677179 0.0112917 0.0210824 0.0350886 0.0511894 0.0657144 0.0748843 0.0768771 0.0727681 0.0655125 0.0578777 0.0510378 0.0446825 0.0380725
 1.11431e-16 4.99681e-05 0.000485708 0.0032277 0.0146727 0.0456522 0.0972675 0.141969 0.141988 0.0973604 0.0459644 0.0155767 0.00550559 0.00548757 0.00963591 0.0160796 0.0236997 0.0309542 0.0362991 0.0390392 0.039672 0.0393616 0.038989 0.0385791 0.0374812 0.0350024
 1.0371e-16 6.55677e-05 0.000637342 0.00423536 0.0192533 0.0599044 0.127633 0.186288 0.186303 0.127707 0.0601519 0.0199684 0.00603068 0.00455809 0.0075166 0.0123362 0.0177989 0.0224619 0.0249092 0.0245088 0.0217931 0.0180928 0.0147212 0.0123417 0.0108865 0.00989803
 1.01257e-16 6.49397e-05 0.000631237 0.00419479 0.0190689 0.0593306 0.126411 0.184504 0.184522 0.1265 0.0596293 0.0199313 0.0063587 0.00535251 0.00902394 0.0147958 0.021261 0.0266377 0.0291563 0.0280008 0.0237957 0.0181903 0.0128875 0.00886671 0.00624605 0.00463866
 1.01579e-16 5.46577e-05 0.000531292 0.00353062 0.0160497 0.0499368 0.106397 0.155295 0.155324 0.106537 0.0504063 0.0174056 0.00693345 0.00795738 0.0141512 0.0232897 0.0334995 0.0420287 0.0461041 0.0444353 0.0379751 0.0292692 0.0209431 0.0145036 0.0101423 0.00730028
 1.03453e-16 4.50319e-05 0.000437726 0.00290884 0.0132232 0.0411425 0.0876597 0.127949 0.127985 0.0878319 0.0417206 0.0148934 0.00710302 0.00959968 0.0174627 0.0288432 0.0416485 0.0525843 0.0583051 0.0572386 0.0504825 0.0409905 0.0317459 0.0243685 0.0189634 0.0148673
 1.04444e-16 5.36558e-05 0.000521553 0.00346591 0.0157555 0.0490214 0.104446 0.152447 0.152471 0.104564 0.0494179 0.0169016 0.0063463 0.00682093 0.0120509 0.0199255 0.028903 0.0367743 0.0413094 0.0414604 0.0379379 0.0326345 0.0273911 0.0230992 0.0196715 0.0166085
 1.0274e-16 6.12451e-05 0.000595324 0.00395614 0.017984 0.0559551 0.119219 0.174008 0.174028 0.119316 0.0562806 0.0189243 0.0063171 0.00575154 0.00986037 0.0162215 0.0234027 0.0295165 0.0326804 0.0320265 0.0282069 0.0229277 0.0179027 0.0140465 0.0113757 0.00943663
 1.00924e-16 7.12992e-05 0.000693053 0.00460558 0.0209363 0.0651407 0.13879 0.20257 0.202581 0.138844 0.0653231 0.0214629 0.00592732 0.00357806 0.00554942 0.00905868 0.0130356 0.0163776 0.0180114 0.0174405 0.0150351 0.0117767 0.00866979 0.00627957 0.00466073 0.00358225
 1.01789e-16 3.43746e-05 0.000334133 0.00222043 0.0100938 0.0314059 0.0669154 0.097676 0.0977282 0.0671705 0.032262 0.0125658 0.00842194 0.0138605 0.0256894 0.0423256 0.0607566 0.0759551 0.0828154 0.0789755 0.0662407 0.0494061 0.0334631 0.0213444 0.0134918 0.00884736
 1.03557e-16 6.16819e-05 0.00059957 0.00398435 0.0181123 0.0563542 0.120069 0.175247 0.175262 0.12014 0.0565924 0.0188017 0.00572026 0.0044071 0.00734555 0.0121829 0.0178611 0.0231176 0.0266811 0.0279202 0.0271397 0.0252298 0.0229862 0.0206871 0.0181883 0.0153089
 1.02918e-16 5.44344e-05 0.000529122 0.0035162 0.0159842 0.0497328 0.105962 0.154661 0.154689 0.106099 0.0501936 0.0173148 0.00685553 0.00781633 0.0138868 0.0228527 0.0328723 0.0412525 0.04529 0.0437498 0.0376073 0.0293948 0.021693 0.0159347 0.0122106 0.00984818
 1.0478e-16 3.70929e-05 0.000360556 0.00239603 0.010892 0.0338893 0.0722063 0.105396 0.105439 0.0724141 0.034587 0.0129079 0.00745838 0.011419 0.0210603 0.034813 0.0502717 0.0634759 0.0703926 0.0691308 0.0610248 0.0496501 0.0386142 0.0298703 0.0235299 0.0187637
 1.06779e-16 4.93165e-05 0.000479374 0.00318561 0.0144813 0.045057 0.0959995 0.140119 0.140144 0.0961189 0.0454581 0.0156418 0.0061052 0.00687479 0.0122598 0.0203583 0.0297158 0.0381926 0.0436171 0.0449574 0.0428557 0.0390257 0.0350417 0.0315199 0.028193 0.0245491
 1.04859e-16 5.58885e-05 0.000543256 0.00361013 0.0164111 0.0510613 0.108792 0.15879 0.158814 0.108907 0.051445 0.0175198 0.00639467 0.00662713 0.0116258 0.019173 0.0277137 0.0350662 0.0390468 0.0386608 0.0346827 0.0290931 0.02384 0.0198973 0.0171749 0.0150543
 1.08026e-16 1.66232e-05 0.000161584 0.00107378 0.0048813 0.0151879 0.0323617 0.0472459 0.0473085 0.0326676 0.0162153 0.00784938 0.00852572 0.0164347 0.0309382 0.0511627 0.0737987 0.0930108 0.102845 0.100545 0.0881632 0.0711097 0.0548472 0.0423386 0.0337147 0.0275964
 1.09294e-16 5.6877e-05 0.000552864 0.00367398 0.0167014 0.0519642 0.110716 0.161595 0.161605 0.110767 0.0521356 0.0171995 0.00493612 0.00334743 0.00547962 0.00927066 0.0140547 0.0191516 0.0238698 0.0278427 0.0311138 0.0338291 0.0358317 0.0365761 0.0354588 0.0322711
 1.08544e-16 3.68774e-05 0.000358462 0.00238211 0.0108287 0.0336925 0.071787 0.104784 0.104828 0.072 0.0344075 0.0128936 0.00756391 0.0116666 0.0215028 0.0354665 0.0510407 0.0641106 0.0705343 0.0684722 0.0595287 0.047704 0.0370027 0.0295333 0.0252033 0.0226715
 1.12362e-16 2.89051e-05 0.000280968 0.00186713 0.00848773 0.0264087 0.0562679 0.0821329 0.082172 0.0564593 0.027052 0.0103487 0.00654932 0.0105387 0.0196169 0.0326639 0.0477016 0.0613462 0.0701229 0.072375 0.0691246 0.0631133 0.0568696 0.0514014 0.0463048 0.0407658
 1.10078e-16 5.37779e-05 0.00052274 0.00347379 0.0157914 0.0491329 0.104683 0.152792 0.15281 0.10477 0.0494227 0.0166303 0.00558655 0.00515787 0.0089249 0.0148501 0.0218153 0.0283471 0.0329799 0.0350601 0.0350855 0.0342237 0.0334136 0.0327938 0.0318255 0.0298532
 1.06292e-16 4.95962e-05 0.000482092 0.00320368 0.0145635 0.0453125 0.0965442 0.140915 0.140946 0.0966928 0.0458115 0.0160048 0.00682206 0.00838242 0.0150582 0.0248288 0.0357967 0.045099 0.0498621 0.0487919 0.0429558 0.0350552 0.0277859 0.0225559 0.0193058 0.0171745
 1.09509e-16 2.0142e-05 0.000195787 0.00130108 0.00591455 0.0184027 0.0392108 0.0572409 0.0572959 0.0394798 0.0193061 0.00852537 0.0078597 0.0145302 0.0272935 0.0452194 0.0654407 0.0829255 0.0925294 0.0918495 0.0825906 0.0692668 0.0563524 0.0461452 0.0385917 0.0325124
 1.21225e-16 2.46016e-05 0.000239137 0.00158915 0.00722405 0.0224769 0.0478903 0.069903 0.0699302 0.0480235 0.0229253 0.00852527 0.00487801 0.00749388 0.0140239 0.0237257 0.0355374 0.0475548 0.0577935 0.0652845 0.0704251 0.074193 0.0769423 0.077901 0.0757598 0.0697356
 1.10485e-16 6.28288e-05 0.000610719 0.00405844 0.0184491 0.057402 0.122301 0.178505 0.178515 0.122354 0.0575777 0.0189577 0.00533918 0.00342033 0.00544036 0.00900706 0.0132429 0.0172558 0.0202066 0.021782 0.0223866 0.0228144 0.0236467 0.0248542 0.0258623 0.0259474
pSPR Fmed_Fpbrs
0.611013   0.285572 0.285572
Fs Fmed_Fpbrs
0.32648   1.005 1.005
SSBpbr Bo_Bmed_Bpbrs
1.77338e+06  994890  417760 417760
Ro
161961
SPR SPRFo_SPRFmed_SPRFpbrs
1.15768e+06 707360 330603
Fref
1.005
Nvult_r0
 208019 17614.9 8045.74 9272.25 3018.59
CTP_r0
 23268.3 3544.25 1618.86 1865.64 607.361
YTP_r0
390462
Np
 234623 99858.8 7054.6 3222.24 4775.35
Nvult_p0
 182402 86411.8 6104.63 2788.33 4132.3
CTP_p0
 61003.1 43313.6 3059.92 1397.64 2071.3
YTP_p0
 1.34015e+06
CBA_c0
675370
log_Ro
11.8151
likeval ReclasPelacesDesembMPH_pf_preclas_ppelaces_ptallas_desvR_qrecl_qpela
 19.931 25.4762 0.486448 0.00271255 252.487 134.903 106.38 0 32.31 0 0 1.09569 0 0 0
q_reclas_q_pelaces
1 1
M
1
N
 354343 71332.7 26241.8 9653.83 5618.3
 83022.8 115272 20520.2 7548.94 4393.31
 36869.9 25813.4 30290.9 5392.25 3138.16
 153545 11546.7 6881.97 8075.68 2274.25
 77449 40469.3 2180.38 1299.53 1954.38
 205116 25425.9 11856.1 638.774 953.283
 75883 59695.9 5854.09 2729.76 366.557
 23561.3 16979.8 8124.81 796.762 421.42
 35757.4 7884.9 5169.18 2473.45 370.853
 64312.7 8991.29 1355.2 888.443 488.859
 121000 15469.5 1414.08 213.136 216.612
 145935 41202.1 4875.73 445.696 135.449
 96639 40589.7 8664.16 1025.29 122.206
 95092.3 26961 8587.71 1833.11 242.78
 128376 21835.3 3864.18 1230.83 297.526
 447586 36806.5 4879.03 863.44 341.507
 178389 127755 8151.18 1080.51 266.848
 510154 58370.7 37181.1 2372.28 392.129
 603469 158713 15357.3 9782.33 727.314
 319144 179655 38236.3 3699.79 2531.92
 418604 99141.3 47127 10030.1 1634.7
 637715 133497 27408.4 13028.6 3224.84
 110592 193642 33458.8 6869.48 4073.68
 444587 36735.2 58078 10035.1 3282.12
 272170 148191 11094.5 17540.2 4021.96
 149275 91535.7 45563.4 3411.15 6629.6
 335619 50855.4 28879.1 14375 3167.81
 395098 111246 15188.3 8624.94 5239.29
 108302 133253 34397.6 4696.27 4286.85
 74019 37317.8 43006.6 11101.6 2899.24
 307877 24669.5 11268 12985.7 4227.5
pred_Ctot
 26180 10030.3 3689.94 1357.45 790.005
 8238.07 21393.5 3808.39 1401.03 815.365
 3511.56 4611.02 5410.82 963.212 560.567
 28276.6 3747.34 2233.45 2620.86 738.078
 5317.46 5306.88 285.92 170.411 256.285
 27605.7 6245.22 2912.15 156.899 234.149
 19560.2 25712.4 2521.49 1175.77 157.884
 1355.53 1879.96 899.56 88.2156 46.6586
 7377.38 2821.75 1849.88 885.166 132.716
 14564.6 3480.92 524.658 343.955 189.259
 5725.77 1418.5 129.667 19.5438 19.8626
 23021.6 11670.8 1381.09 126.247 38.3672
 15096.7 11397.9 2432.96 287.909 34.3162
 23467 11207.4 3569.83 762.004 100.921
 18272.3 5641.38 998.353 317.999 76.8691
 64732.7 9646.96 1278.79 226.307 89.5088
 12586.3 17193.8 1097.02 145.42 35.9135
 50449.5 10799 6878.78 438.889 72.5468
 74033.6 35831.6 3467.11 2208.49 164.201
 31820.8 33492.9 7128.36 689.748 472.024
 35636.5 15939.9 7577.06 1612.64 262.826
 71491.1 27743.6 5696.08 2707.65 670.194
 6842.92 22990.3 3972.42 815.583 483.65
 26612.9 4225.12 6679.87 1154.2 377.495
 14868.8 15610.5 1168.69 1847.69 423.675
 7020.09 8343.24 4152.98 310.917 604.27
 21178.7 6152.53 3493.82 1739.1 383.244
 20930.6 11376.5 1553.22 882.02 535.791
 4360.46 10445.9 2696.46 368.144 336.05
 4435.4 4296.43 4951.38 1278.13 333.791
 23268.3 3544.25 1618.86 1865.64 607.361
F
 0.122974 0.245947 0.245947 0.245947 0.245947
 0.168222 0.336444 0.336444 0.336444 0.336444
 0.160995 0.321989 0.321989 0.321989 0.321989
 0.333452 0.666905 0.666905 0.666905 0.666905
 0.113851 0.227701 0.227701 0.227701 0.227701
 0.234314 0.468628 0.468628 0.468628 0.468628
 0.49717 0.99434 0.99434 0.99434 0.99434
 0.0946546 0.189309 0.189309 0.189309 0.189309
 0.380499 0.760998 0.760998 0.760998 0.760998
 0.424888 0.849775 0.849775 0.849775 0.849775
 0.0773002 0.1546 0.1546 0.1546 0.1546
 0.279647 0.559294 0.559294 0.559294 0.559294
 0.276592 0.553184 0.553184 0.553184 0.553184
 0.47132 0.942641 0.942641 0.942641 0.942641
 0.24929 0.498581 0.498581 0.498581 0.498581
 0.253756 0.507511 0.507511 0.507511 0.507511
 0.117156 0.234312 0.234312 0.234312 0.234312
 0.167612 0.335223 0.335223 0.335223 0.335223
 0.211657 0.423314 0.423314 0.423314 0.423314
 0.169096 0.338192 0.338192 0.338192 0.338192
 0.142848 0.285697 0.285697 0.285697 0.285697
 0.19188 0.38376 0.38376 0.38376 0.38376
 0.102112 0.204224 0.204224 0.204224 0.204224
 0.0986456 0.197291 0.197291 0.197291 0.197291
 0.0896979 0.179396 0.179396 0.179396 0.179396
 0.0768064 0.153613 0.153613 0.153613 0.153613
 0.104229 0.208458 0.208458 0.208458 0.208458
 0.0868802 0.17376 0.17376 0.17376 0.17376
 0.0654494 0.130899 0.130899 0.130899 0.130899
 0.098753 0.197506 0.197506 0.197506 0.197506
 0.125944 0.251889 0.251889 0.251889 0.251889
nmprior
 8.19 8.8 8.5 0
nm_flota  nm_reclas  nm_pelaces    nm_pelaL
inf 7.15526 7.37881 13.4395
cv_recla  cv_pelaces  cv_mph
0.403821 0.572321 1.60729
 ------------------------------------------------
Talla a la edad & desviaci?n 
 8 13.2811 15.8009 17.003 17.5766
 0.8 1.32811 1.58009 1.7003 1.75766
