years
 1991 1992 1993 1994 1995 1996 1997 1998 1999 2000 2001 2002 2003 2004 2005 2006 2007 2008 2009 2010 2011 2012 2013 2014 2015 2016 2017 2018 2019 2020 2021
reclasobs
 0 0 0 0 0 0 0 0 0 252601 567819 844713 477998 351125 339783 2.1784e+06 2.13404e+06 4.81314e+06 1.55562e+06 2.62356e+06 3.21686e+06 3.843e+06 1.13348e+06 3.07943e+06 1.97215e+06 2.03268e+06 2.025e+06 2.42433e+06 2.27542e+06 1.05018e+06 2.36338e+06
reclaspred
 3.1895e+06 1.71431e+06 866301 864391 864184 1.71924e+06 897442 739862 511252 322321 498111 712144 701547 501797 473323 1.42598e+06 1.14871e+06 3.36713e+06 2.57016e+06 1.84598e+06 3.14784e+06 2.60615e+06 1.89069e+06 3.06205e+06 2.25173e+06 1.95568e+06 2.41385e+06 2.71685e+06 2.09149e+06 1.18584e+06 1.78414e+06
pelacesobs
 0 0 0 0 0 0 0 0 0 0 0 0 0 0 0 552880 188675 0 991730 2.46772e+06 1.41603e+06 1.21717e+06 2.29649e+06 1.80582e+06 0 1.4828e+06 1.56532e+06 1.57751e+06 1.42118e+06 867257 1.10002e+06
pelacespred
 1.73858e+06 1.0068e+06 486609 397549 447191 929479 408371 469831 283613 158972 279960 329277 362426 256496 250703 651513 540579 1.87558e+06 1.43054e+06 923738 1.62795e+06 1.37174e+06 1.04548e+06 1.88258e+06 1.31302e+06 1.15561e+06 1.62374e+06 1.79839e+06 1.16688e+06 727929 1.06171e+06
mphobs
 0 0 0 0 0 0 0 0 0 0 0 498337 0 5186 125008 0 168611 109162 213762 579715 649985 157893 87575 83554 0 0 0 0 0 0 0
mphpred
 499115 333415 155959 86818.1 89640.5 110711 172031 83127 73451.2 42132.3 24153.6 61587.5 67191.1 53828 30372.7 38014.4 159096 125835 343216 223980 234961 286178 278149 211395 315311 258914 206244 228987 345464 214694 116161
desembarqueobs
 494567 514787 250237 358949 120608 361735 552515 73892 212993 205616 52469 317467 293654 387597 252695 516296 358380 742168 942051 627588 828172 859565 418607 520667 417249 300574 415391 372974 316634 284311 391294
desembarquepred
 494562 514100 250484 358977 120612 361720 552459 73896.7 213043 205659 52471 317499 293652 387487 252639 516169 358389 741947 941603 627257 828218 859431 418577 520671 417205 300554 415358 372912 316586 284289 391282
Reclutas
 157760 89209.7 88510.7 119254 96435.5 205844 73186.7 28709.3 30269 41331.3 75568.1 118956 99111.5 69752.5 59765.7 329614 56377.2 552080 288114 242686 315972 453609 80719.1 244824 212192 88812.5 207216 240524 66554.8 45907.3 177066
log_desv_Rt
 0.27221 -0.297875 -0.305741 -0.00761299 -0.21999 0.538253 -0.495851 -1.43164 -1.37874 -1.06724 -0.463831 -0.0101138 -0.19262 -0.543912 -0.698434 1.00906 -0.756799 1.52483 0.874491 0.702903 0.966789 1.32837 -0.39789 0.711676 0.568628 -0.302338 0.544896 0.693954 -0.59084 -0.962242 0.387658
SSB
 1.56584e+06 1.046e+06 489279 272368 281223 347326 539701 260789 230434 132179 75775.6 193214 210794 168871 95286 119260 499122 394774 1.07675e+06 702679 737126 897805 872619 663196 989203 812272 647035 718386 1.0838e+06 673545 364424
BT
 2.29533e+06 1.5861e+06 761991 730246 584913 1.34126e+06 930211 582006 522227 371003 356628 627384 666242 685934 532526 1.14696e+06 868078 2.76245e+06 2.46688e+06 1.56587e+06 2.4846e+06 2.29626e+06 1.49902e+06 2.58438e+06 1.81815e+06 1.52816e+06 2.23124e+06 2.372e+06 1.52302e+06 1.06779e+06 1.55698e+06
Ftot
 0.265059 0.493116 0.487392 0.761354 0.260533 0.420789 0.990689 0.182609 0.745456 1.11843 0.225837 0.840243 0.782228 1.38752 1.06122 0.779112 0.536698 0.468324 0.659451 0.629052 0.502798 0.624525 0.381828 0.34189 0.337501 0.273824 0.341281 0.278528 0.252886 0.404071 0.448154
BD_Bspro_t
 0.95869 0.729778 0.498006 0.394638 0.377668 0.480335 0.510443 0.300629 0.346869 0.272981 0.224513 0.508109 0.392148 0.299276 0.188142 0.227561 0.43041 0.364696 0.53726 0.404363 0.370997 0.415334 0.435593 0.406381 0.537796 0.54815 0.549164 0.603829 0.677079 0.573153 0.463085
BD_Bspro
 1.82301 1.2178 0.569638 0.317102 0.327411 0.404371 0.628342 0.30362 0.26828 0.153888 0.0882209 0.224948 0.245415 0.196606 0.110936 0.138847 0.581097 0.459612 1.25359 0.818086 0.858192 1.04526 1.01594 0.772119 1.15167 0.945679 0.753303 0.836374 1.2618 0.784168 0.424276
BD_Bo
 1.16213 0.776315 0.363131 0.202145 0.208717 0.257776 0.400552 0.193551 0.171022 0.0980998 0.0562387 0.143399 0.156446 0.125332 0.0707188 0.0885118 0.370435 0.292991 0.799135 0.52151 0.547076 0.666328 0.647635 0.492207 0.734161 0.602847 0.480212 0.533168 0.804368 0.499888 0.270466
BD_Brms
 5.98865 4.00049 1.87128 1.04169 1.07555 1.32837 2.06412 0.997401 0.881306 0.505526 0.289808 0.738959 0.806194 0.645856 0.364427 0.456117 1.90892 1.50984 4.11808 2.68743 2.81918 3.43371 3.33738 2.53643 3.78326 3.10658 2.47462 2.74751 4.14505 2.57601 1.39376
Sel_flota
 0.665879 0.97427 0.998612 0.999927 0.999996
 0.665879 0.97427 0.998612 0.999927 0.999996
 0.665879 0.97427 0.998612 0.999927 0.999996
 0.665879 0.97427 0.998612 0.999927 0.999996
 0.665879 0.97427 0.998612 0.999927 0.999996
 0.665879 0.97427 0.998612 0.999927 0.999996
 0.665879 0.97427 0.998612 0.999927 0.999996
 0.665879 0.97427 0.998612 0.999927 0.999996
 0.665879 0.97427 0.998612 0.999927 0.999996
 0.665879 0.97427 0.998612 0.999927 0.999996
 0.665879 0.97427 0.998612 0.999927 0.999996
 0.665879 0.97427 0.998612 0.999927 0.999996
 0.665879 0.97427 0.998612 0.999927 0.999996
 0.665879 0.97427 0.998612 0.999927 0.999996
 0.665879 0.97427 0.998612 0.999927 0.999996
 0.665879 0.97427 0.998612 0.999927 0.999996
 0.665879 0.97427 0.998612 0.999927 0.999996
 0.665879 0.97427 0.998612 0.999927 0.999996
 0.665879 0.97427 0.998612 0.999927 0.999996
 0.665879 0.97427 0.998612 0.999927 0.999996
 0.665879 0.97427 0.998612 0.999927 0.999996
 0.665879 0.97427 0.998612 0.999927 0.999996
 0.665879 0.97427 0.998612 0.999927 0.999996
 0.665879 0.97427 0.998612 0.999927 0.999996
 0.665879 0.97427 0.998612 0.999927 0.999996
 0.665879 0.97427 0.998612 0.999927 0.999996
 0.665879 0.97427 0.998612 0.999927 0.999996
 0.665879 0.97427 0.998612 0.999927 0.999996
 0.665879 0.97427 0.998612 0.999927 0.999996
 0.665879 0.97427 0.998612 0.999927 0.999996
 0.665879 0.97427 0.998612 0.999927 0.999996
Sel_reclas
 1 1 1 1 1
 1 1 1 1 1
 1 1 1 1 1
 1 1 1 1 1
 1 1 1 1 1
 1 1 1 1 1
 1 1 1 1 1
 1 1 1 1 1
 1 1 1 1 1
 1 1 1 1 1
 1 1 1 1 1
 1 1 1 1 1
 1 1 1 1 1
 1 1 1 1 1
 1 1 1 1 1
 1 1 1 1 1
 1 1 1 1 1
 1 1 1 1 1
 1 1 1 1 1
 1 1 1 1 1
 1 1 1 1 1
 1 1 1 1 1
 1 1 1 1 1
 1 1 1 1 1
 1 1 1 1 1
 1 1 1 1 1
 1 1 1 1 1
 1 1 1 1 1
 1 1 1 1 1
 1 1 1 1 1
 1 1 1 1 1
Sel_pelaces
 0.947757 1 1 1 1
 0.947757 1 1 1 1
 0.947757 1 1 1 1
 0.947757 1 1 1 1
 0.947757 1 1 1 1
 0.947757 1 1 1 1
 0.947757 1 1 1 1
 0.947757 1 1 1 1
 0.947757 1 1 1 1
 0.947757 1 1 1 1
 0.947757 1 1 1 1
 0.947757 1 1 1 1
 0.947757 1 1 1 1
 0.947757 1 1 1 1
 0.947757 1 1 1 1
 0.947757 1 1 1 1
 0.947757 1 1 1 1
 0.947757 1 1 1 1
 0.947757 1 1 1 1
 0.947757 1 1 1 1
 0.947757 1 1 1 1
 0.947757 1 1 1 1
 0.947757 1 1 1 1
 0.947757 1 1 1 1
 0.947757 1 1 1 1
 0.947757 1 1 1 1
 0.947757 1 1 1 1
 0.947757 1 1 1 1
 0.947757 1 1 1 1
 0.947757 1 1 1 1
 0.947757 1 1 1 1
pf_obs 
 0.8446 0.082 0.0669 0.0065 0
 0.8095 0.147 0.0364 0.0071 0
 0.9664 0.0169 0.016 0.0007 0
 0.9276 0.0648 0.0075 0.0001 0
 0.7033 0.2144 0.0806 0.0017 0
 0.9318 0.0425 0.0243 0.0014 0
 0.5671 0.3108 0.0964 0.0239 0.0018
 0.0768 0.2599 0.5324 0.112 0.0189
 0.490249 0.384438 0.106611 0.0170017 0.00170017
 0.7925 0.1577 0.0466 0.003 0.0002
 0.840416 0.127587 0.0312969 0.00059994 9.999e-05
 0.8084 0.0986 0.0794 0.0134 0.0002
 0.7335 0.1905 0.0724 0.0035 0.0001
 0.4001 0.4547 0.1325 0.0127 0
 0.49795 0.308269 0.164784 0.0264974 0.00249975
 0.9179 0.0499 0.0305 0.0017 0
 0.2467 0.6533 0.0926 0.0074 0
 0.9418 0.0223 0.034 0.0019 0
 0.707729 0.231977 0.0356964 0.0245975 0
 0.517169 0.277429 0.184464 0.0207286 0.00020938
 0.811772 0.124168 0.05621 0.00726502 0.000585176
 0.764997 0.148141 0.077277 0.00933861 0.000247198
 0.163321 0.427699 0.378323 0.0303852 0.000271297
 0.753843 0.0900009 0.118128 0.0371064 0.000921714
 0.721811 0.176058 0.0630433 0.0369309 0.00215725
 0.143369 0.312575 0.442814 0.0836902 0.0175525
 0.692698 0.0596174 0.167031 0.0765114 0.00414204
 0.394062 0.376323 0.152708 0.0712218 0.00568511
 0.125707 0.32114 0.495352 0.0537591 0.00404204
 0.23352 0.215282 0.420074 0.123614 0.00750983
 0.774587 0.0839891 0.0768558 0.0609784 0.00358967
pf_pred 
 0.508773 0.153418 0.313619 0.0241894 9.38812e-07
 0.449322 0.338021 0.0676832 0.134607 0.0103673
 0.605308 0.223108 0.106626 0.0206976 0.0442594
 0.728441 0.192843 0.0451083 0.0208984 0.0127094
 0.678187 0.263267 0.0420079 0.00948495 0.00705309
 0.790649 0.159325 0.0411299 0.00638549 0.00251014
 0.454758 0.466511 0.0603491 0.0151172 0.00326422
 0.461192 0.319779 0.188463 0.0234416 0.00712478
 0.575369 0.23883 0.111459 0.0639795 0.0103619
 0.765953 0.162934 0.0406287 0.0183008 0.0121831
 0.862944 0.117293 0.0139344 0.00333322 0.00249524
 0.771693 0.20651 0.0187268 0.00216537 0.000904391
 0.716058 0.241853 0.038204 0.00333887 0.00054622
 0.672853 0.264947 0.0532614 0.00811478 0.00082361
 0.7824 0.173843 0.0357505 0.00685793 0.001148
 0.951566 0.0419235 0.0052437 0.00103527 0.000231327
 0.35572 0.625304 0.0165036 0.00199171 0.000480161
 0.927827 0.0337289 0.037346 0.000954885 0.000142775
 0.576848 0.403467 0.0093505 0.01004 0.000294604
 0.643176 0.246186 0.105659 0.00236728 0.00261169
 0.744561 0.19071 0.0451173 0.0187303 0.000881012
 0.767368 0.191378 0.0310461 0.00711871 0.00308913
 0.306665 0.584285 0.0902398 0.0141621 0.00464807
 0.754647 0.0996085 0.123386 0.0185075 0.00385173
 0.635327 0.301525 0.0260771 0.0313912 0.00567975
 0.422808 0.419858 0.130746 0.0109897 0.0155989
 0.740611 0.136564 0.0900175 0.02727 0.00553722
 0.695491 0.24827 0.0300148 0.0192275 0.00699675
 0.331253 0.518768 0.122913 0.0144553 0.0126109
 0.405315 0.25452 0.265494 0.0612118 0.0134591
 0.836608 0.0845336 0.0343306 0.0347657 0.00976233
pobs_RECLAS
 0 0 0 0 0
 0 0 0 0 0
 0 0 0 0 0
 0 0 0 0 0
 0 0 0 0 0
 0 0 0 0 0
 0 0 0 0 0
 0 0 0 0 0
 0 0 0 0 0
 0 0 0 0 0
 0.991045 0.00858322 0.000360255 1.14367e-05 0
 0.934742 0.0480273 0.0164251 0.00080598 0
 0.827803 0.169806 0.00239088 0 0
 0.941827 0.0461693 0.0120037 0 0
 0.791401 0.0380133 0.147996 0.0225897 0
 0.846168 0.0940531 0.0597789 0 0
 0.134021 0.677848 0.182769 0.00536245 0
 0.80878 0.0450904 0.141981 0.00414843 0
 0.846168 0.0940531 0.0597789 0 0
 0.905697 0.0802665 0.012482 0.00150086 5.37128e-05
 0.989698 0.0102097 9.19794e-05 0 0
 0.975433 0.0193895 0.00387452 0.00125025 5.28907e-05
 0.303575 0.632131 0.0575291 0.00676475 0
 0.966965 0.00978017 0.0227588 0.000495775 0
 0.843318 0.132988 0.00938335 0.0141283 0.000182051
 0.564624 0.303363 0.111486 0.0197234 0.00080311
 0.826376 0.0876187 0.0782897 0.00655872 0.00115652
 0.89761 0.0855135 0.0140674 0.00269457 0.000114338
 0.34875 0.467042 0.161289 0.0227151 0.000203297
 0.318654 0.224769 0.449479 0.00709798 0
 0.937255 0.0296025 0.0250945 0.00804832 0
ppred_RECLAS
 0.608543 0.124407 0.247951 0.0190986 7.41181e-07
 0.551015 0.278471 0.0543221 0.107884 0.00830856
 0.697767 0.172818 0.0804653 0.0155977 0.0333512
 0.803098 0.14095 0.0320835 0.0148425 0.0090258
 0.757421 0.199368 0.0310164 0.00699373 0.00520023
 0.849377 0.115341 0.0290156 0.00449851 0.00176824
 0.56144 0.376777 0.0473754 0.0118493 0.00255839
 0.559842 0.26391 0.15168 0.0188412 0.00572615
 0.673934 0.185617 0.0843025 0.048321 0.0078253
 0.835776 0.115356 0.027939 0.0125653 0.00836414
 0.902992 0.0833239 0.00965228 0.00230581 0.001726
 0.836982 0.147842 0.0130412 0.00150572 0.000628835
 0.792687 0.177295 0.0272506 0.00237812 0.000389016
 0.764673 0.191698 0.0373677 0.00568388 0.000576836
 0.847395 0.122625 0.0245016 0.00469284 0.000785505
 0.967504 0.0282317 0.00343594 0.000677375 0.000151345
 0.451792 0.532471 0.013689 0.00164971 0.000397683
 0.950935 0.0232482 0.0250802 0.000640376 9.57422e-05
 0.671907 0.313226 0.00706723 0.00757752 0.00022233
 0.731369 0.186867 0.0780899 0.00174711 0.00192735
 0.813775 0.139965 0.0322577 0.013373 0.000628976
 0.832327 0.138593 0.021892 0.00501259 0.00217503
 0.396849 0.510342 0.0768189 0.0120394 0.00395107
 0.822054 0.073352 0.0885669 0.0132667 0.00276082
 0.72132 0.231466 0.0195128 0.0234572 0.00424392
 0.521149 0.35074 0.106487 0.00893853 0.0126865
 0.810438 0.101027 0.0649109 0.0196374 0.00398712
 0.772034 0.18675 0.0220115 0.0140815 0.00512378
 0.423454 0.449789 0.103907 0.0122036 0.0106457
 0.506371 0.214428 0.217979 0.0501877 0.0110344
 0.885124 0.0601994 0.0238219 0.0240905 0.00676419
pobs_PELACES
 0 0 0 0 0
 0 0 0 0 0
 0 0 0 0 0
 0 0 0 0 0
 0 0 0 0 0
 0 0 0 0 0
 0 0 0 0 0
 0 0 0 0 0
 0 0 0 0 0
 0 0 0 0 0
 0 0 0 0 0
 0 0 0 0 0
 0 0 0 0 0
 0 0 0 0 0
 0 0 0 0 0
 0 0 0 0 0
 0.505614 0.472636 0.0217494 0 0
 0 0 0 0 0
 0.443492 0.261883 0.143347 0.151278 0
 0.227955 0.32914 0.350689 0.0885471 0.00366901
 0.970185 0.0296113 0.000203453 0 0
 0.997202 0.00247181 0.000326279 0 0
 0.445219 0.490057 0.0546422 0.010081 0
 0.90214 0.0892962 0.00764917 0.000914606 0
 0 0 0 0 0
 0.581667 0.319106 0.0959925 0.00289975 0.000334073
 0.762889 0.0836404 0.116647 0.0363945 0.000428098
 0.88444 0.0763242 0.0277011 0.0115352 0
 0.521256 0.241999 0.230069 0.00667565 0
 0.616807 0.101726 0.260614 0.0208532 0
 0.833518 0.0704572 0.0857862 0.0102388 0
ppred_PELACES
 0.602518 0.126506 0.251598 0.0193773 7.51993e-07
 0.550541 0.279199 0.0542489 0.107715 0.0082955
 0.697272 0.173398 0.0804195 0.0155855 0.0333249
 0.807115 0.13832 0.0312929 0.0144719 0.00880032
 0.75247 0.203515 0.0315953 0.00712345 0.00529665
 0.848088 0.116421 0.0291883 0.00452447 0.00177842
 0.573294 0.367008 0.0457813 0.0114457 0.00247119
 0.551328 0.269174 0.154479 0.0191873 0.00583132
 0.679368 0.183005 0.0826196 0.0473411 0.00766648
 0.844227 0.109719 0.0263359 0.0118386 0.00788022
 0.900295 0.0856628 0.00990523 0.002366 0.00177105
 0.841366 0.143957 0.0126131 0.00145576 0.000607959
 0.797066 0.173708 0.0265321 0.00231462 0.000378622
 0.780417 0.179245 0.0345529 0.00525256 0.000533046
 0.8545 0.117113 0.0232016 0.0044418 0.000743468
 0.968325 0.0275407 0.00333092 0.000656449 0.000146667
 0.452061 0.532276 0.0136251 0.00164163 0.00039573
 0.950748 0.0233834 0.0251314 0.000641551 9.59169e-05
 0.67492 0.310426 0.00696705 0.00746797 0.000219113
 0.733701 0.18553 0.0771406 0.0017254 0.00190337
 0.813552 0.140276 0.0321989 0.0133457 0.000627685
 0.833826 0.137475 0.0216068 0.00494593 0.00214607
 0.393425 0.513483 0.077055 0.0120743 0.00396252
 0.819518 0.0745183 0.0897283 0.0134387 0.00279659
 0.717518 0.234735 0.0197348 0.0237206 0.00429155
 0.514858 0.355558 0.107713 0.00904035 0.0128309
 0.807715 0.102611 0.0657484 0.0198878 0.00403793
 0.767622 0.190443 0.0223966 0.0143261 0.00521276
 0.416762 0.455215 0.104947 0.0123244 0.0107511
 0.503702 0.215988 0.218853 0.0503802 0.0110766
 0.884483 0.060642 0.0239108 0.0241757 0.00678804
pobs_pel_tallas
 0 0 0 0 0 0 0 0 0 0 0 0 0 0 0 0 0 0 0 0 0 0 0 0 0 0
 0 0 0 0 0 0 0 0 0 0 0 0 0 0 0 0 0 0 0 0 0 0 0 0 0 0
 0 0 0 0 0 0 0 0 0 0 0 0 0 0 0 0 0 0 0 0 0 0 0 0 0 0
 0 0 0 0 0 0 0 0 0 0 0 0 0 0 0 0 0 0 0 0 0 0 0 0 0 0
 0 0 0 0 0 0 0 0 0 0 0 0 0 0 0 0 0 0 0 0 0 0 0 0 0 0
 0 0 0 0 0 0 0 0 0 0 0 0 0 0 0 0 0 0 0 0 0 0 0 0 0 0
 0 0 0 0 0 0 0 0 0 0 0 0 0 0 0 0 0 0 0 0 0 0 0 0 0 0
 0 0 0 0 0 0 0 0 0 0 0 0 0 0 0 0 0 0 0 0 0 0 0 0 0 0
 0 0 0 0 0 0 0 0 0 0 0 0 0 0 0 0 0 0 0 0 0 0 0 0 0 0
 0 0 0 0 0 0 0 0 0 0 0 0 0 0 0 0 0 0 0 0 0 0 0 0 0 0
 0 0 0 0 0 0 0 0 0 0 0 0 0 0 0 0 0 0 0 0 0 0 0 0 0 0
 0 0 0 0 0 0 0 0 0 0 0 0 0 0 0 0 0 0 0 0 0 0 0 0 0 0
 0.00862536 0 0 0.000197151 0.00414017 0.0128641 0.00837892 0.0270097 0.101434 0.158115 0.152841 0.127902 0.109271 0.109419 0.0830992 0.0579132 0.0238553 0.00714673 0.00463305 0.00128148 0.00103504 0.000492878 0.000147863 0.000147863 4.92878e-05 0
 0 0 0 0 0 0 0 0 0 0 0 0 0 0 0 0 0 0 0 0 0 0 0 0 0 0
 0 0 0 0 0 0 0 0.0054083 0.00873648 0.0413646 0.0450493 0.0745869 0.0622846 0.0627006 0.0613931 0.0827291 0.12552 0.122667 0.0946155 0.0697135 0.0546179 0.0294188 0.0215738 0.0213955 0.0102223 0.00600262
 0 0 0 0 0.00359764 0.0251062 0.0480494 0.140153 0.205849 0.193036 0.1447 0.116669 0.0760912 0.0342217 0.00950174 0.001854 0.000860785 0 0 0 0.000165536 0 0.000143464 0 0 0
 0 0 0 0 0 0 0 0.000145254 0.000435761 0.0275982 0.070085 0.0708112 0.156366 0.174668 0.174014 0.160142 0.0824315 0.0480064 0.0283245 0.00493863 0.00203355 0 0 0 0 0
 0 0 0 0 0 0 0 0 0 0 0 0 0 0 0 0 0 0 0 0 0 0 0 0 0 0
 0 0 1.00437e-05 0.000401748 0.00122533 0.00171747 0.00176769 0.0269171 0.070346 0.194647 0.189555 0.159765 0.064822 0.0314167 0.0384472 0.0292271 0.0345202 0.0313363 0.0194345 0.0106764 0.0143323 0.0359363 0.0279516 0.0138201 0.00172751 0
 0 0.0021121 0.0136068 0.0755702 0.200478 0.177729 0.0527432 0.0373336 0.0318909 0.0142505 0.0149659 0.0166563 0.0217959 0.0798694 0.0677717 0.0528807 0.04013 0.0224614 0.0357745 0.0225083 0.00881397 0.00855152 0.00135912 0.000746735 0 0
 0 0 0 0 5.4009e-05 0.00500934 0.000945158 0.0243581 0.138947 0.33067 0.221406 0.137944 0.0707744 0.0437923 0.0131692 0.00525238 0.0047753 0.00276346 9.45158e-05 9.00151e-06 2.25038e-05 9.00151e-06 4.50075e-06 0 0 0
 0.000866109 0.00284123 0.00948549 0.0512746 0.133035 0.25785 0.225252 0.132002 0.0553304 0.0519788 0.0540692 0.017754 0.00435017 0.00159236 0.00146478 0.000404838 0.000125132 0.000115318 0.000107957 0.000100596 0 0 0 0 0 0
 0 0 0 0 0.00144013 0.00171154 0.00461396 0.0210425 0.0478622 0.0707936 0.0888783 0.103762 0.0637923 0.0337046 0.0602308 0.124433 0.169614 0.0934646 0.0462172 0.0250306 0.0313229 0.00938855 0.002487 0.000210481 0 0
 0 0.00764035 0.051015 0.0998891 0.058973 0.0496711 0.0374665 0.0718981 0.12319 0.153886 0.159021 0.0857701 0.0377988 0.023471 0.0147837 0.00900784 0.00315554 0.000888139 0.00291439 0.00214683 0.00393193 0.00274676 0.000635225 9.99891e-05 0 0
 0 0 0 0 0 0 0 0 0 0 0 0 0 0 0 0 0 0 0 0 0 0 0 0 0 0
 0 0 0 0 0 0 0 0 0 0 0 0 0 0 0 0 0 0 0 0 0 0 0 0 0 0
 0 0 0 0 0 0 0 0 0 0 0 0 0 0 0 0 0 0 0 0 0 0 0 0 0 0
 0 0 0 0 0 0 0 0 0 0 0 0 0 0 0 0 0 0 0 0 0 0 0 0 0 0
 0 0 0 0 0 0 0 0 0 0 0 0 0 0 0 0 0 0 0 0 0 0 0 0 0 0
 0 0 0 0 0 0 0 0 0 0 0 0 0 0 0 0 0 0 0 0 0 0 0 0 0 0
 0 0 0 0 0 0 0 0 0 0 0 0 0 0 0 0 0 0 0 0 0 0 0 0 0 0
ppred_pel_tallas
 1.09237e-16 4.96286e-05 0.000482408 0.00320577 0.014573 0.045342 0.0966063 0.141002 0.141015 0.0966679 0.0455497 0.0151775 0.00474074 0.00389127 0.00669336 0.0114285 0.0174844 0.0241188 0.0305294 0.0362211 0.0410719 0.044976 0.0474435 0.047635 0.044876 0.0392185
 1.13844e-16 4.53474e-05 0.000440793 0.00292922 0.0133158 0.0414307 0.0882734 0.128843 0.12887 0.0884052 0.0418734 0.0145956 0.00614492 0.00747254 0.0134366 0.0222436 0.032294 0.0411907 0.0465661 0.0474474 0.0448702 0.041141 0.0383194 0.0370976 0.036763 0.0359901
 1.09568e-16 5.74334e-05 0.000558274 0.00370992 0.0168648 0.0524727 0.111799 0.163178 0.163195 0.111881 0.0527489 0.0176638 0.00572045 0.00496327 0.0084708 0.0140388 0.0205165 0.0264383 0.0303524 0.0316133 0.0307405 0.0289797 0.0274314 0.0264487 0.0256706 0.0244862
 1.0388e-16 6.6481e-05 0.000646219 0.00429435 0.0195215 0.0607387 0.129411 0.188882 0.188895 0.129476 0.060958 0.020155 0.00588568 0.00412412 0.00668375 0.0109768 0.0158844 0.0201452 0.0225258 0.0224726 0.0204363 0.0175434 0.0148841 0.0129756 0.0117161 0.0107023
 1.02575e-16 6.198e-05 0.000602468 0.00400361 0.0181998 0.0566266 0.12065 0.176096 0.176115 0.120746 0.0569485 0.0191298 0.00633809 0.00569954 0.00974487 0.0160191 0.0230868 0.0290682 0.0320898 0.0312892 0.0273209 0.0219001 0.0167629 0.0128561 0.0102244 0.0084209
 1.01627e-16 6.98559e-05 0.000679025 0.00451236 0.0205125 0.0638221 0.13598 0.198469 0.198481 0.136035 0.0640067 0.0210457 0.00585173 0.00360607 0.00563814 0.00923464 0.0133523 0.0169077 0.018842 0.0186608 0.0167099 0.0139124 0.0111868 0.00901134 0.00738691 0.0060853
 1.02982e-16 4.72215e-05 0.00045901 0.00305029 0.0138662 0.043143 0.0919221 0.13417 0.134206 0.0920949 0.0437232 0.0155417 0.00725567 0.00963778 0.0174746 0.0288018 0.0414559 0.0520688 0.0572355 0.0553806 0.0476911 0.0373031 0.0274251 0.0198599 0.0147735 0.0114131
 1.07438e-16 4.54122e-05 0.000441423 0.00293341 0.0133349 0.0414899 0.0883996 0.129027 0.129053 0.0885274 0.0419194 0.0145778 0.00606205 0.00730057 0.013158 0.0219047 0.0320709 0.0414148 0.0476425 0.0496394 0.0480197 0.0444833 0.0405578 0.0367867 0.0328663 0.0283434
 1.08477e-16 5.59587e-05 0.000543938 0.00361466 0.0164317 0.0511253 0.108929 0.158988 0.159006 0.109015 0.0514169 0.0172752 0.00573715 0.0051948 0.00894065 0.0148298 0.0216853 0.0279715 0.0321646 0.0335861 0.0327716 0.0309986 0.029366 0.0281737 0.0269917 0.0251865
 1.03309e-16 6.95378e-05 0.000675933 0.00449181 0.0204191 0.0635315 0.135361 0.197566 0.197576 0.135413 0.0637055 0.0209218 0.00575471 0.00343649 0.00532324 0.00871958 0.0126246 0.0160285 0.0179563 0.0179718 0.0164318 0.0142237 0.0122016 0.0107621 0.00981179 0.00902291
 1.00845e-16 7.41561e-05 0.000720824 0.00479013 0.0217752 0.0677509 0.144351 0.210686 0.210694 0.144391 0.0678863 0.0221662 0.00577146 0.00286255 0.00414013 0.00672309 0.00966835 0.0121388 0.0133361 0.0128944 0.011095 0.00867606 0.00639234 0.00466716 0.00353594 0.00281329
 1.0065e-16 6.93022e-05 0.000673642 0.00447659 0.0203499 0.0633163 0.134903 0.196897 0.196911 0.13497 0.0635437 0.0210065 0.00612393 0.00426759 0.00688836 0.011261 0.0161744 0.020253 0.0221439 0.0212214 0.0179578 0.0136091 0.00947712 0.00631784 0.00423578 0.00295173
 1.01107e-16 6.56533e-05 0.000638174 0.00424089 0.0192785 0.0599826 0.1278 0.186531 0.186548 0.127882 0.0602573 0.020072 0.00623274 0.00498652 0.00832423 0.0136581 0.0196685 0.0247305 0.0272299 0.0264129 0.0228229 0.0179181 0.0131929 0.00949167 0.0069088 0.00512644
 1.0166e-16 6.42819e-05 0.000624843 0.0041523 0.0188758 0.0587297 0.12513 0.182635 0.182652 0.125215 0.0590134 0.0196955 0.00621046 0.00511994 0.00860743 0.0141439 0.0204046 0.0257328 0.0284788 0.027872 0.0244611 0.0197151 0.0151215 0.0114934 0.00888671 0.00696383
 1.01271e-16 7.03841e-05 0.000684158 0.00454647 0.0206676 0.0643047 0.137008 0.19997 0.199981 0.137064 0.0644901 0.0212033 0.00589155 0.00362211 0.00565486 0.00924963 0.0133463 0.0168424 0.018662 0.0183045 0.0161296 0.0130948 0.0101653 0.0078617 0.00620889 0.0049764
 1.00194e-16 7.97597e-05 0.000775292 0.00515209 0.0234207 0.0728704 0.155258 0.226604 0.226607 0.155271 0.0729139 0.0235464 0.00546761 0.00146391 0.00138707 0.00216556 0.00310866 0.00390224 0.00428556 0.00413965 0.00355339 0.00276257 0.00200916 0.00143028 0.00104045 0.000784835
 1.00761e-16 3.72358e-05 0.000361945 0.00240526 0.010934 0.0340199 0.072485 0.105805 0.105856 0.0727351 0.0348595 0.0133576 0.00848401 0.0136154 0.0251591 0.0414062 0.0593425 0.0739902 0.0803018 0.0759499 0.0627478 0.0455023 0.0292534 0.0170163 0.00930433 0.00507067
 1.00812e-16 7.83118e-05 0.000761219 0.00505857 0.0229955 0.0715476 0.15244 0.222491 0.222493 0.152451 0.0715853 0.0231048 0.00533441 0.00136868 0.00124742 0.00197837 0.0029351 0.00388279 0.00463226 0.00508423 0.00526179 0.00525289 0.00511557 0.0048355 0.00436584 0.00369919
 1.01067e-16 5.55923e-05 0.000540377 0.003591 0.0163242 0.0507907 0.108216 0.157951 0.157981 0.108362 0.0512804 0.0177377 0.00713641 0.00827068 0.0147094 0.0241579 0.0346275 0.0431946 0.0469244 0.0444729 0.0369107 0.0270463 0.0178092 0.0109274 0.0066541 0.00432902
 1.02769e-16 6.0434e-05 0.00058744 0.00390375 0.0177459 0.0552141 0.11764 0.171703 0.171721 0.117728 0.0555091 0.0185989 0.00604854 0.00528158 0.00901047 0.0148911 0.0216544 0.0276614 0.0312613 0.0316544 0.029309 0.0255396 0.0216222 0.0181729 0.0151597 0.0123221
 1.0241e-16 6.70112e-05 0.000651373 0.0043286 0.0196772 0.0612232 0.130443 0.190388 0.190402 0.130509 0.0614455 0.0203195 0.00594201 0.00417713 0.00677395 0.0111214 0.0160823 0.0203682 0.0227125 0.0225323 0.0202605 0.017022 0.0139231 0.0115185 0.00976728 0.00834446
 1.01518e-16 6.86812e-05 0.000667606 0.00443648 0.0201676 0.0627489 0.133694 0.195133 0.195146 0.133758 0.0629664 0.0207958 0.00601345 0.00411076 0.00660961 0.0108229 0.0155949 0.0196335 0.0216698 0.0211182 0.0184169 0.0147204 0.0111995 0.00849605 0.00664762 0.00536449
 1.04237e-16 3.2406e-05 0.000314998 0.00209328 0.00951576 0.0296073 0.0630834 0.0920824 0.0921319 0.0633252 0.0304194 0.0118614 0.00798134 0.0131693 0.0244467 0.0403679 0.0581557 0.0731438 0.0805824 0.0782615 0.0678062 0.0535392 0.039874 0.0292769 0.0219724 0.016955
 1.0443e-16 6.75026e-05 0.00065615 0.00436035 0.0198215 0.0616721 0.131399 0.191782 0.19179 0.131435 0.0617926 0.0201711 0.00524403 0.00260549 0.00382906 0.00637846 0.00954367 0.0127569 0.0154659 0.0173853 0.0185908 0.0193197 0.0196641 0.0194514 0.0184051 0.0164124
 1.03735e-16 5.9101e-05 0.000574483 0.00381764 0.0173545 0.0539963 0.115046 0.167917 0.16794 0.115156 0.0543672 0.0184256 0.00650564 0.00644052 0.0111946 0.0184011 0.0264765 0.0332507 0.0365652 0.0354525 0.0307279 0.0244513 0.0186959 0.0145716 0.0120687 0.0105439
 1.06278e-16 4.24082e-05 0.000412223 0.00273937 0.0124528 0.0387455 0.0825525 0.120495 0.120529 0.0827205 0.0393096 0.0140833 0.0068365 0.00937051 0.0170974 0.0283068 0.0410249 0.0521142 0.0583829 0.0583286 0.0529752 0.0450611 0.0372815 0.0309915 0.0261334 0.0220128
 1.04602e-16 6.65304e-05 0.0006467 0.00429755 0.019536 0.0607839 0.129507 0.189021 0.189031 0.129556 0.0609479 0.020011 0.00549391 0.00327233 0.00509421 0.00842449 0.0123833 0.0161075 0.0187562 0.0199357 0.0198891 0.019234 0.0184754 0.0177054 0.0166836 0.0151406
 1.03014e-16 6.32281e-05 0.000614599 0.00408423 0.0185663 0.0577668 0.123079 0.179641 0.17966 0.123169 0.0580679 0.0194359 0.00626693 0.00537918 0.0091114 0.014962 0.0215469 0.0271003 0.0298732 0.0290745 0.025347 0.0203325 0.0156834 0.0122848 0.0101378 0.00875262
 1.06201e-16 3.43282e-05 0.000333683 0.00221744 0.0100802 0.0313635 0.0668248 0.0975419 0.0975859 0.0670395 0.0320846 0.0121639 0.00745095 0.0117684 0.0217801 0.0360283 0.0520725 0.0658474 0.0732108 0.072226 0.0642681 0.0529987 0.0420841 0.0334653 0.027186 0.0223436
 1.13298e-16 4.14893e-05 0.000403291 0.00268001 0.0121829 0.0379058 0.0807631 0.11788 0.117902 0.0808664 0.0382538 0.013192 0.00522787 0.00601505 0.0108456 0.0182476 0.0271803 0.0360652 0.0432763 0.0480149 0.0506241 0.0520045 0.052666 0.0522775 0.0500401 0.045444
 1.04279e-16 7.28537e-05 0.000708164 0.004706 0.0213928 0.066561 0.141815 0.206985 0.206991 0.141844 0.0666576 0.0216722 0.00540911 0.00224891 0.00301661 0.00491929 0.00719469 0.00930002 0.0107449 0.0113316 0.0112703 0.0110102 0.0109165 0.0110487 0.0111823 0.0110009
pSPR Fmed_Fpbrs
0.460855   0.244055 0.244055
Fs Fmed_Fpbrs
0.489078   1.005 1.005
SSBpbr Bo_Bmed_Bpbrs
1.34739e+06  553583  261468 261468
Ro
120165
SPR SPRFo_SPRFmed_SPRFpbrs
858930 395842 209626
Fref
1.005
Nvult_r0
 128733 9836.57 3927.03 3973.19 1115.63
CTP_r0
 29586.9 2989.56 1214.12 1229.5 345.248
YTP_r0
391282
Np
 148325 48332.6 3067.73 1207.35 1507.45
Nvult_p0
 120381 41653.6 2654.05 1044.76 1304.45
CTP_p0
 48262.3 20607.3 1329.41 523.661 653.852
YTP_p0
 763884
CBA_c0
503062
log_Ro
11.5166
likeval ReclasPelacesDesembMPH_pf_preclas_ppelaces_ptallas_desvR_qrecl_qpela
 11.854 16.8937 0.0189368 0.000829321 242.616 116.398 100.374 0 25.1712 1.27597e-05 2.91348e-05 0.079537 0 0 0
q_reclas_q_pelaces
1.65894 2.15529
M
1
N
 157760 33597 67177.4 5175.28 0.200845
 89209.7 48646.4 9546.72 18966 1460.67
 88510.7 23632.8 11069 2146.34 4589.43
 119254 23537.1 5407.47 2502.86 1522.04
 96435.5 26424.2 4123.96 930.051 691.551
 205844 29826.3 7541.73 1169.58 459.734
 73186.7 57221.1 7282.17 1822.57 393.526
 28709.3 13920.1 8018.28 996.123 302.74
 30269 9352.34 4286.3 2458.05 398.077
 41331.3 6778.4 1664.21 749.014 498.604
 75568.1 7220.17 838.69 200.382 149.996
 118956 23918.5 2131.56 246.243 102.841
 99111.5 25009.4 3880.76 338.841 55.4296
 69752.5 21658 4293.7 653.696 66.3444
 59765.7 10186.1 2061.74 395.166 66.1468
 329614 10845.9 1332.58 262.844 58.7284
 56377.2 72177.5 1867.72 225.166 54.2801
 552080 14507.8 15740.5 402.029 60.1081
 288114 148687 3381.82 3627.58 106.438
 242686 68322.6 28770.9 643.959 710.406
 315972 58726.7 13617.8 5647.34 265.618
 453609 83167 13237.2 3032.16 1315.72
 80719.1 110099 16649.7 2610.06 856.582
 244824 23028.3 27920.8 4183.28 870.559
 212192 71728.1 6071.64 7300.6 1320.85
 88812.5 62349.6 18992.9 1594.56 2263.19
 207216 27226.6 17566.2 5315.48 1079.25
 240524 60734.3 7182.83 4595.93 1672.32
 66554.8 73505 17032.9 2000.81 1745.4
 45907.3 20689.6 21135.9 4867.65 1070.23
 177066 12904.3 5134.38 5193.79 1458.35
pred_Ctot
 16369.1 4936.03 10090.3 778.264 0.0302051
 16210 12194.6 2441.77 4856.13 374.017
 15920.1 5867.92 2804.36 544.363 1164.05
 31229.3 8267.48 1933.86 895.947 544.872
 9847.26 3822.63 609.953 137.721 102.411
 32528.9 6554.96 1692.16 262.712 103.272
 23556.9 24165.8 3126.14 783.084 169.09
 2098.56 1455.08 857.56 106.666 32.4198
 7792.36 3234.54 1509.51 866.489 140.334
 14560.3 3097.27 772.326 347.888 231.592
 6751.73 917.708 109.023 26.0794 19.523
 33705 9019.68 817.925 94.576 39.5008
 26526.4 8959.44 1415.27 123.689 20.2347
 28605.5 11263.9 2264.34 344.989 35.0147
 20255.5 4500.6 925.54 177.544 29.7204
 87936.1 3874.23 484.58 95.6716 21.3774
 11023.6 19377.8 511.437 61.7218 14.8799
 95893 3485.96 3859.79 98.6894 14.7561
 67064.5 46907.2 1087.09 1167.25 34.2507
 54307.5 20787.1 8921.44 199.884 220.521
 58393.5 14956.8 3538.4 1468.95 69.0949
 100894 25162.5 4081.97 935.973 406.161
 11694.6 22281.6 3441.28 540.071 177.253
 32099.1 4236.87 5248.24 787.222 163.834
 27495.6 13049.4 1128.56 1358.54 245.808
 9497.46 9431.19 2936.93 246.86 350.395
 27124.2 5001.54 3296.81 998.738 202.796
 26130.1 9327.69 1127.68 722.391 262.873
 6610.2 10352.1 2452.75 288.459 251.652
 6997.18 4393.93 4583.37 1056.73 232.352
 29586.9 2989.56 1214.12 1229.5 345.248
F
 0.176497 0.258239 0.264691 0.265039 0.265058
 0.328356 0.480429 0.492432 0.49308 0.493115
 0.324544 0.474852 0.486716 0.487357 0.48739
 0.50697 0.741765 0.760298 0.761299 0.761352
 0.173483 0.253829 0.260171 0.260514 0.260532
 0.280195 0.409962 0.420205 0.420758 0.420787
 0.659679 0.965199 0.989314 0.990617 0.990685
 0.121596 0.177911 0.182356 0.182596 0.182609
 0.496384 0.726276 0.744421 0.745401 0.745453
 0.744741 1.08966 1.11688 1.11835 1.11843
 0.15038 0.220026 0.225523 0.22582 0.225836
 0.5595 0.818624 0.839076 0.840181 0.840239
 0.52087 0.762102 0.781143 0.782171 0.782225
 0.923924 1.35182 1.3856 1.38742 1.38752
 0.706645 1.03392 1.05975 1.06114 1.06122
 0.518795 0.759066 0.778031 0.779055 0.779109
 0.357376 0.522889 0.535953 0.536659 0.536696
 0.311847 0.456274 0.467674 0.46829 0.468322
 0.439115 0.642483 0.658535 0.659402 0.659448
 0.418873 0.612866 0.628178 0.629006 0.629049
 0.334803 0.489862 0.5021 0.502762 0.502796
 0.415859 0.608457 0.623658 0.62448 0.624523
 0.254252 0.372004 0.381299 0.381801 0.381827
 0.227658 0.333094 0.341416 0.341865 0.341889
 0.224735 0.328817 0.337032 0.337476 0.337499
 0.182334 0.266778 0.273444 0.273804 0.273823
 0.227252 0.3325 0.340808 0.341256 0.34128
 0.185466 0.271361 0.278141 0.278507 0.278527
 0.168392 0.246379 0.252535 0.252868 0.252885
 0.269062 0.393674 0.40351 0.404041 0.404069
 0.298416 0.436623 0.447532 0.448121 0.448152
nmprior
 8.19 8.8 8.5 0
nm_flota  nm_reclas  nm_pelaces    nm_pelaL
inf 15.7884 18.9661 45.8534
cv_recla  cv_pelaces  cv_mph
0.311427 0.466052 0.888724
 ------------------------------------------------
Talla a la edad & desviaci?n 
 8 13.2811 15.8009 17.003 17.5766
 0.8 1.32811 1.58009 1.7003 1.75766
