years
 1991 1992 1993 1994 1995 1996 1997 1998 1999 2000 2001 2002 2003 2004 2005 2006 2007 2008 2009 2010 2011 2012 2013 2014 2015 2016 2017 2018 2019 2020 2021
reclasobs
 0 0 0 0 0 0 0 0 0 252601 567819 844713 477998 351125 339783 2.1784e+06 2.13404e+06 4.81314e+06 1.55562e+06 2.62356e+06 3.21686e+06 3.843e+06 1.13348e+06 3.07943e+06 1.97215e+06 2.03268e+06 2.025e+06 2.42433e+06 2.27542e+06 1.05018e+06 2.36338e+06
reclaspred
 2.06988e+06 1.54787e+06 785675 588314 649932 865303 581087 527701 356924 261952 362165 567054 537359 393346 473388 915270 1.38053e+06 2.1659e+06 2.09216e+06 1.68464e+06 2.85444e+06 2.22469e+06 1.97223e+06 2.36446e+06 2.05813e+06 1.87613e+06 1.92229e+06 2.03141e+06 2.27624e+06 1.37268e+06 1.62947e+06
pelacesobs
 0 0 0 0 0 0 0 0 0 0 0 0 0 0 0 552880 188675 0 991730 2.46772e+06 1.41603e+06 1.21717e+06 2.29649e+06 1.80582e+06 0 1.4828e+06 1.56532e+06 1.57751e+06 1.42118e+06 867257 1.10002e+06
pelacespred
 870959 720772 385963 246811 281994 370680 224008 255489 170749 114662 175473 227097 233597 180969 235992 379969 566225 958341 1.01518e+06 781696 1.17399e+06 1.08505e+06 919230 1.18743e+06 1.05225e+06 918188 1.0569e+06 1.14494e+06 1.03928e+06 716992 833580
mphobs
 0 0 0 0 0 0 0 0 0 0 0 498337 0 5186 125008 0 168611 109162 213762 579715 649985 157893 87575 83554 0 0 0 0 0 0 0
mphpred
 1.54474e+06 1.66961e+06 868055 447485 487850 544347 641262 370891 362760 223546 168901 406479 434047 327828 241020 422114 983175 1.19443e+06 1.72521e+06 1.49935e+06 1.64994e+06 2.00424e+06 1.77951e+06 1.40604e+06 1.96635e+06 1.55217e+06 1.33876e+06 1.43647e+06 2.07901e+06 1.40796e+06 896180
desembarqueobs
 494567 514787 250237 358949 120608 361735 552515 73892 212993 205616 52469 317467 293654 387597 252695 516296 358380 742168 942051 627588 828172 859565 418607 520667 417249 300574 407403 355545 319650 289779 391294
desembarquepred
 494532 512553 250837 359372 120701 362286 552950 73954.7 213017 205575 52463.1 317097 293157 387506 253128 516890 358527 741768 941394 627717 827212 858985 418129 519733 416763 300947 408555 355652 319052 288879 390758
Reclutas
 401383 46926.6 72110.1 166945 118588 191377 92106.1 42684.2 33528.1 59410.1 134142 145967 108433 91788 124113 432800 172252 594906 512709 341158 493134 594764 120057 389923 296388 163565 331070 386230 106837 87713.1 357307
log_desv_Rt
 0.845041 -1.30129 -0.871681 -0.0322085 -0.374223 0.104371 -0.626934 -1.39605 -1.63749 -1.06541 -0.250977 -0.166497 -0.463745 -0.630393 -0.328685 0.920401 -0.000915352 1.23853 1.08983 0.682471 1.05091 1.23829 -0.361912 0.816075 0.541796 -0.0526657 0.652456 0.806558 -0.47857 -0.675804 0.72872
SSB
 1.54474e+06 1.66961e+06 868055 447485 487850 544347 641262 370891 362760 223546 168901 406479 434047 327828 241020 422114 983175 1.19443e+06 1.72521e+06 1.49935e+06 1.64994e+06 2.00424e+06 1.77951e+06 1.40604e+06 1.96635e+06 1.55217e+06 1.33876e+06 1.43647e+06 2.07901e+06 1.40796e+06 896180
BT
 2.84264e+06 2.19463e+06 1.18384e+06 1.09186e+06 885295 1.52197e+06 1.10001e+06 841578 705944 561124 672123 970396 974802 1.02083e+06 1.13777e+06 1.837e+06 1.90602e+06 3.91468e+06 4.06144e+06 2.78125e+06 4.43881e+06 3.97832e+06 2.76849e+06 4.51326e+06 3.20916e+06 2.84774e+06 3.9068e+06 4.12574e+06 2.81272e+06 2.1354e+06 3.30583e+06
Ftot
 0.225349 0.308815 0.298249 0.559792 0.175771 0.389859 0.838213 0.133124 0.545688 0.707539 0.137849 0.514059 0.501504 0.875561 0.496329 0.523167 0.244427 0.321082 0.417518 0.347568 0.272338 0.359902 0.200044 0.2079 0.191346 0.15209 0.201057 0.166116 0.132998 0.198607 0.226708
BD_Bspro_t
 0.964586 0.807159 0.618618 0.503829 0.52485 0.607059 0.568155 0.391552 0.468764 0.398671 0.397778 0.684048 0.572377 0.460985 0.378226 0.504382 0.609247 0.636471 0.664954 0.601905 0.579048 0.621172 0.626432 0.613137 0.713794 0.714237 0.728224 0.760984 0.811276 0.74669 0.683742
BD_Bspro
 1.25347 1.35479 0.704377 0.363108 0.395862 0.441706 0.520347 0.300957 0.294359 0.181395 0.137053 0.329834 0.352204 0.266014 0.195574 0.342521 0.79779 0.969211 1.39991 1.21664 1.33883 1.62632 1.44397 1.14092 1.59558 1.25949 1.08633 1.16561 1.68699 1.14248 0.727198
BD_Bo
 0.868268 0.938454 0.487917 0.251523 0.274211 0.305967 0.360441 0.208471 0.2039 0.125651 0.0949357 0.228474 0.243969 0.184266 0.135473 0.237262 0.552624 0.671366 0.969706 0.842756 0.927397 1.12654 1.00023 0.790307 1.10525 0.872443 0.752492 0.807412 1.16857 0.791387 0.503726
BD_Brms
 3.68578 3.98372 2.0712 1.06771 1.16402 1.29882 1.53006 0.884954 0.865552 0.533386 0.403 0.969867 1.03565 0.782205 0.57508 1.00717 2.34588 2.84993 4.11638 3.57748 3.93678 4.78215 4.24595 3.35484 4.69176 3.7035 3.19431 3.42745 4.96055 3.35942 2.1383
Sel_flota
 0.5 1 1 1 1
 0.5 1 1 1 1
 0.5 1 1 1 1
 0.5 1 1 1 1
 0.5 1 1 1 1
 0.5 1 1 1 1
 0.5 1 1 1 1
 0.5 1 1 1 1
 0.5 1 1 1 1
 0.5 1 1 1 1
 0.5 1 1 1 1
 0.5 1 1 1 1
 0.5 1 1 1 1
 0.5 1 1 1 1
 0.5 1 1 1 1
 0.5 1 1 1 1
 0.5 1 1 1 1
 0.5 1 1 1 1
 0.5 1 1 1 1
 0.5 1 1 1 1
 0.5 1 1 1 1
 0.5 1 1 1 1
 0.5 1 1 1 1
 0.5 1 1 1 1
 0.5 1 1 1 1
 0.5 1 1 1 1
 0.5 1 1 1 1
 0.5 1 1 1 1
 0.5 1 1 1 1
 0.5 1 1 1 1
 0.5 1 1 1 1
Sel_reclas
 0.5 1 1 1 1
 0.5 1 1 1 1
 0.5 1 1 1 1
 0.5 1 1 1 1
 0.5 1 1 1 1
 0.5 1 1 1 1
 0.5 1 1 1 1
 0.5 1 1 1 1
 0.5 1 1 1 1
 0.5 1 1 1 1
 0.5 1 1 1 1
 0.5 1 1 1 1
 0.5 1 1 1 1
 0.5 1 1 1 1
 0.5 1 1 1 1
 0.5 1 1 1 1
 0.5 1 1 1 1
 0.5 1 1 1 1
 0.5 1 1 1 1
 0.5 1 1 1 1
 0.5 1 1 1 1
 0.5 1 1 1 1
 0.5 1 1 1 1
 0.5 1 1 1 1
 0.5 1 1 1 1
 0.5 1 1 1 1
 0.5 1 1 1 1
 0.5 1 1 1 1
 0.5 1 1 1 1
 0.5 1 1 1 1
 0.5 1 1 1 1
Sel_pelaces
 0.5 1 1 1 1
 0.5 1 1 1 1
 0.5 1 1 1 1
 0.5 1 1 1 1
 0.5 1 1 1 1
 0.5 1 1 1 1
 0.5 1 1 1 1
 0.5 1 1 1 1
 0.5 1 1 1 1
 0.5 1 1 1 1
 0.5 1 1 1 1
 0.5 1 1 1 1
 0.5 1 1 1 1
 0.5 1 1 1 1
 0.5 1 1 1 1
 0.5 1 1 1 1
 0.5 1 1 1 1
 0.5 1 1 1 1
 0.5 1 1 1 1
 0.5 1 1 1 1
 0.5 1 1 1 1
 0.5 1 1 1 1
 0.5 1 1 1 1
 0.5 1 1 1 1
 0.5 1 1 1 1
 0.5 1 1 1 1
 0.5 1 1 1 1
 0.5 1 1 1 1
 0.5 1 1 1 1
 0.5 1 1 1 1
 0.5 1 1 1 1
pf_obs 
 0.8446 0.082 0.0669 0.0065 0
 0.8095 0.147 0.0364 0.0071 0
 0.9664 0.0169 0.016 0.0007 0
 0.9276 0.0648 0.0075 0.0001 0
 0.7033 0.2144 0.0806 0.0017 0
 0.9318 0.0425 0.0243 0.0014 0
 0.5671 0.3108 0.0964 0.0239 0.0018
 0.0768 0.2599 0.5324 0.112 0.0189
 0.490249 0.384438 0.106611 0.0170017 0.00170017
 0.7925 0.1577 0.0466 0.003 0.0002
 0.840416 0.127587 0.0312969 0.00059994 9.999e-05
 0.8084 0.0986 0.0794 0.0134 0.0002
 0.7335 0.1905 0.0724 0.0035 0.0001
 0.4001 0.4547 0.1325 0.0127 0
 0.49795 0.308269 0.164784 0.0264974 0.00249975
 0.9179 0.0499 0.0305 0.0017 0
 0.2467 0.6533 0.0926 0.0074 0
 0.9418 0.0223 0.034 0.0019 0
 0.707729 0.231977 0.0356964 0.0245975 0
 0.517169 0.277429 0.184464 0.0207286 0.00020938
 0.811772 0.124168 0.05621 0.00726502 0.000585176
 0.764997 0.148141 0.077277 0.00933861 0.000247198
 0.163321 0.427699 0.378323 0.0303852 0.000271297
 0.753843 0.0900009 0.118128 0.0371064 0.000921714
 0.721811 0.176058 0.0630433 0.0369309 0.00215725
 0.143369 0.312575 0.442814 0.0836902 0.0175525
 0.692698 0.0596174 0.167031 0.0765114 0.00414204
 0.394062 0.376323 0.152708 0.0712218 0.00568511
 0.125707 0.32114 0.495352 0.0537591 0.00404204
 0.23352 0.215282 0.420074 0.123614 0.00750983
 0.774587 0.0839891 0.0768558 0.0609784 0.00358967
pf_pred 
 0.63618 0.229978 0.0846042 0.0311242 0.0181135
 0.12988 0.686544 0.116042 0.0426896 0.0248443
 0.389616 0.150591 0.362787 0.0613197 0.0356866
 0.703322 0.172857 0.0305487 0.0735945 0.0196786
 0.52924 0.399767 0.0413631 0.00731003 0.0223195
 0.645238 0.249448 0.0894324 0.0092534 0.00662845
 0.427256 0.460281 0.0790774 0.0283509 0.0050347
 0.393867 0.400161 0.165527 0.028438 0.0120062
 0.421548 0.332475 0.162391 0.0671733 0.0164128
 0.695847 0.192463 0.064196 0.0313554 0.0161393
 0.792778 0.176309 0.0195611 0.00652462 0.00482716
 0.608687 0.347684 0.0371204 0.00411844 0.00239002
 0.530325 0.36847 0.0899206 0.00960036 0.00168327
 0.557256 0.320853 0.0956264 0.0233364 0.00292835
 0.706738 0.225373 0.049199 0.0146632 0.00402739
 0.850868 0.126567 0.0173417 0.0037857 0.00143818
 0.407198 0.551616 0.0349535 0.00478921 0.00144266
 0.771314 0.136388 0.0858861 0.00544222 0.000970297
 0.568216 0.380556 0.0305522 0.0192393 0.00143647
 0.472177 0.395441 0.116676 0.00936706 0.00633903
 0.621542 0.251739 0.0949368 0.0280113 0.00377069
 0.611702 0.303206 0.0566009 0.0213456 0.00714585
 0.210265 0.6147 0.136678 0.0255144 0.0128433
 0.647556 0.127251 0.175281 0.0389738 0.0109377
 0.486912 0.408564 0.0377388 0.051983 0.0148022
 0.36243 0.425669 0.168733 0.0155858 0.0275817
 0.626816 0.202716 0.113812 0.0451145 0.0115418
 0.586179 0.323189 0.0492319 0.0276406 0.0137597
 0.239093 0.56952 0.149471 0.0227692 0.0191472
 0.329208 0.265132 0.303626 0.0796872 0.0223467
 0.765553 0.119588 0.0453986 0.05199 0.0174713
pobs_RECLAS
 0 0 0 0 0
 0 0 0 0 0
 0 0 0 0 0
 0 0 0 0 0
 0 0 0 0 0
 0 0 0 0 0
 0 0 0 0 0
 0 0 0 0 0
 0 0 0 0 0
 0 0 0 0 0
 0.991045 0.00858322 0.000360255 1.14367e-05 0
 0.934742 0.0480273 0.0164251 0.00080598 0
 0.827803 0.169806 0.00239088 0 0
 0.941827 0.0461693 0.0120037 0 0
 0.791401 0.0380133 0.147996 0.0225897 0
 0.846168 0.0940531 0.0597789 0 0
 0.134021 0.677848 0.182769 0.00536245 0
 0.80878 0.0450904 0.141981 0.00414843 0
 0.846168 0.0940531 0.0597789 0 0
 0.905697 0.0802665 0.012482 0.00150086 5.37128e-05
 0.989698 0.0102097 9.19794e-05 0 0
 0.975433 0.0193895 0.00387452 0.00125025 5.28907e-05
 0.303575 0.632131 0.0575291 0.00676475 0
 0.966965 0.00978017 0.0227588 0.000495775 0
 0.843318 0.132988 0.00938335 0.0141283 0.000182051
 0.564624 0.303363 0.111486 0.0197234 0.00080311
 0.826376 0.0876187 0.0782897 0.00655872 0.00115652
 0.89761 0.0855135 0.0140674 0.00269457 0.000114338
 0.34875 0.467042 0.161289 0.0227151 0.000203297
 0.318654 0.224769 0.449479 0.00709798 0
 0.937255 0.0296025 0.0250945 0.00804832 0
ppred_RECLAS
 0.638661 0.22841 0.0840274 0.0309119 0.01799
 0.131637 0.685157 0.115808 0.0426034 0.0247942
 0.39315 0.149719 0.360686 0.0609646 0.03548
 0.709964 0.168986 0.0298647 0.0719467 0.0192379
 0.531262 0.39805 0.0411855 0.00727864 0.0222236
 0.6499 0.24617 0.0882571 0.00913179 0.00654134
 0.440638 0.449526 0.0772298 0.0276885 0.00491706
 0.395296 0.399218 0.165137 0.028371 0.0119779
 0.429131 0.328116 0.160262 0.0662928 0.0161977
 0.704961 0.186696 0.0622724 0.0304158 0.0156557
 0.793797 0.175442 0.019465 0.00649254 0.00480343
 0.615516 0.341617 0.0364726 0.00404656 0.00234832
 0.537263 0.363027 0.0885923 0.00945854 0.0016584
 0.571467 0.310554 0.0925571 0.0225874 0.00283436
 0.712409 0.221015 0.0482475 0.0143796 0.00394951
 0.854561 0.123432 0.0169123 0.00369195 0.00140256
 0.410045 0.548968 0.0347857 0.00476622 0.00143574
 0.774156 0.134692 0.0848185 0.00537457 0.000958235
 0.573657 0.375761 0.0301672 0.0189969 0.00141837
 0.476613 0.392118 0.115695 0.00928834 0.00628576
 0.624676 0.249654 0.0941507 0.0277793 0.00373947
 0.616098 0.299773 0.0559601 0.0211039 0.00706494
 0.211826 0.613484 0.136408 0.0254639 0.0128179
 0.649788 0.126445 0.174171 0.0387269 0.0108684
 0.489142 0.406788 0.0375748 0.0517572 0.0147379
 0.36403 0.424601 0.16831 0.0155467 0.0275125
 0.62902 0.201518 0.11314 0.0448481 0.0114736
 0.588027 0.321745 0.049012 0.0275171 0.0136982
 0.240181 0.568705 0.149258 0.0227366 0.0191198
 0.331266 0.264318 0.302695 0.0794427 0.0222782
 0.767487 0.118601 0.045024 0.0515611 0.0173272
pobs_PELACES
 0 0 0 0 0
 0 0 0 0 0
 0 0 0 0 0
 0 0 0 0 0
 0 0 0 0 0
 0 0 0 0 0
 0 0 0 0 0
 0 0 0 0 0
 0 0 0 0 0
 0 0 0 0 0
 0 0 0 0 0
 0 0 0 0 0
 0 0 0 0 0
 0 0 0 0 0
 0 0 0 0 0
 0 0 0 0 0
 0.505614 0.472636 0.0217494 0 0
 0 0 0 0 0
 0.443492 0.261883 0.143347 0.151278 0
 0.227955 0.32914 0.350689 0.0885471 0.00366901
 0.970185 0.0296113 0.000203453 0 0
 0.997202 0.00247181 0.000326279 0 0
 0.445219 0.490057 0.0546422 0.010081 0
 0.90214 0.0892962 0.00764917 0.000914606 0
 0 0 0 0 0
 0.581667 0.319106 0.0959925 0.00289975 0.000334073
 0.762889 0.0836404 0.116647 0.0363945 0.000428098
 0.88444 0.0763242 0.0277011 0.0115352 0
 0.521256 0.241999 0.230069 0.00667565 0
 0.616807 0.101726 0.260614 0.0208532 0
 0.833518 0.0704572 0.0857862 0.0102388 0
ppred_PELACES
 0.647196 0.223014 0.0820424 0.0301817 0.0175651
 0.137572 0.680475 0.115016 0.0423122 0.0246247
 0.404951 0.146807 0.353673 0.0597791 0.03479
 0.728609 0.158123 0.0279448 0.0673216 0.0180013
 0.538477 0.391923 0.0405515 0.0071666 0.0218815
 0.664392 0.23598 0.0846039 0.0087538 0.00627058
 0.474954 0.421948 0.0724918 0.0259899 0.00461541
 0.400559 0.395744 0.1637 0.0281241 0.0118737
 0.451315 0.315366 0.154035 0.0637167 0.0155683
 0.728649 0.171706 0.0572727 0.0279738 0.0143987
 0.797495 0.172296 0.0191159 0.0063761 0.00471728
 0.635382 0.323965 0.0345881 0.00383748 0.00222698
 0.557761 0.346947 0.084668 0.00903956 0.00158494
 0.606424 0.285221 0.0850068 0.0207449 0.00260315
 0.728891 0.208348 0.0454823 0.0135555 0.00372315
 0.864965 0.114603 0.0157025 0.00342785 0.00130223
 0.419835 0.539858 0.0342084 0.00468712 0.00141191
 0.783284 0.129248 0.0813903 0.00515735 0.000919506
 0.590414 0.360992 0.0289815 0.0182502 0.00136262
 0.490934 0.381389 0.112529 0.00903419 0.00611377
 0.635151 0.242687 0.091523 0.027004 0.0036351
 0.630044 0.288884 0.0539273 0.0203373 0.0068083
 0.21739 0.609154 0.135445 0.0252842 0.0127274
 0.657554 0.123641 0.170309 0.0378682 0.0106274
 0.497033 0.400505 0.0369944 0.0509576 0.0145102
 0.369859 0.420709 0.166767 0.0154042 0.0272603
 0.636728 0.197331 0.110789 0.0439163 0.0112352
 0.594651 0.316573 0.048224 0.0270747 0.013478
 0.244209 0.56569 0.148466 0.0226161 0.0190184
 0.338566 0.261433 0.299391 0.0785756 0.022035
 0.774095 0.11523 0.0437444 0.0500957 0.0168347
pobs_pel_tallas
 0 0 0 0 0 0 0 0 0 0 0 0 0 0 0 0 0 0 0 0 0 0 0 0 0 0
 0 0 0 0 0 0 0 0 0 0 0 0 0 0 0 0 0 0 0 0 0 0 0 0 0 0
 0 0 0 0 0 0 0 0 0 0 0 0 0 0 0 0 0 0 0 0 0 0 0 0 0 0
 0 0 0 0 0 0 0 0 0 0 0 0 0 0 0 0 0 0 0 0 0 0 0 0 0 0
 0 0 0 0 0 0 0 0 0 0 0 0 0 0 0 0 0 0 0 0 0 0 0 0 0 0
 0 0 0 0 0 0 0 0 0 0 0 0 0 0 0 0 0 0 0 0 0 0 0 0 0 0
 0 0 0 0 0 0 0 0 0 0 0 0 0 0 0 0 0 0 0 0 0 0 0 0 0 0
 0 0 0 0 0 0 0 0 0 0 0 0 0 0 0 0 0 0 0 0 0 0 0 0 0 0
 0 0 0 0 0 0 0 0 0 0 0 0 0 0 0 0 0 0 0 0 0 0 0 0 0 0
 0 0 0 0 0 0 0 0 0 0 0 0 0 0 0 0 0 0 0 0 0 0 0 0 0 0
 0 0 0 0 0 0 0 0 0 0 0 0 0 0 0 0 0 0 0 0 0 0 0 0 0 0
 0 0 0 0 0 0 0 0 0 0 0 0 0 0 0 0 0 0 0 0 0 0 0 0 0 0
 0.00862536 0 0 0.000197151 0.00414017 0.0128641 0.00837892 0.0270097 0.101434 0.158115 0.152841 0.127902 0.109271 0.109419 0.0830992 0.0579132 0.0238553 0.00714673 0.00463305 0.00128148 0.00103504 0.000492878 0.000147863 0.000147863 4.92878e-05 0
 0 0 0 0 0 0 0 0 0 0 0 0 0 0 0 0 0 0 0 0 0 0 0 0 0 0
 0 0 0 0 0 0 0 0.0054083 0.00873648 0.0413646 0.0450493 0.0745869 0.0622846 0.0627006 0.0613931 0.0827291 0.12552 0.122667 0.0946155 0.0697135 0.0546179 0.0294188 0.0215738 0.0213955 0.0102223 0.00600262
 0 0 0 0 0.00359764 0.0251062 0.0480494 0.140153 0.205849 0.193036 0.1447 0.116669 0.0760912 0.0342217 0.00950174 0.001854 0.000860785 0 0 0 0.000165536 0 0.000143464 0 0 0
 0 0 0 0 0 0 0 0.000145254 0.000435761 0.0275982 0.070085 0.0708112 0.156366 0.174668 0.174014 0.160142 0.0824315 0.0480064 0.0283245 0.00493863 0.00203355 0 0 0 0 0
 0 0 0 0 0 0 0 0 0 0 0 0 0 0 0 0 0 0 0 0 0 0 0 0 0 0
 0 0 1.00437e-05 0.000401748 0.00122533 0.00171747 0.00176769 0.0269171 0.070346 0.194647 0.189555 0.159765 0.064822 0.0314167 0.0384472 0.0292271 0.0345202 0.0313363 0.0194345 0.0106764 0.0143323 0.0359363 0.0279516 0.0138201 0.00172751 0
 0 0.0021121 0.0136068 0.0755702 0.200478 0.177729 0.0527432 0.0373336 0.0318909 0.0142505 0.0149659 0.0166563 0.0217959 0.0798694 0.0677717 0.0528807 0.04013 0.0224614 0.0357745 0.0225083 0.00881397 0.00855152 0.00135912 0.000746735 0 0
 0 0 0 0 5.4009e-05 0.00500934 0.000945158 0.0243581 0.138947 0.33067 0.221406 0.137944 0.0707744 0.0437923 0.0131692 0.00525238 0.0047753 0.00276346 9.45158e-05 9.00151e-06 2.25038e-05 9.00151e-06 4.50075e-06 0 0 0
 0.000866109 0.00284123 0.00948549 0.0512746 0.133035 0.25785 0.225252 0.132002 0.0553304 0.0519788 0.0540692 0.017754 0.00435017 0.00159236 0.00146478 0.000404838 0.000125132 0.000115318 0.000107957 0.000100596 0 0 0 0 0 0
 0 0 0 0 0.00144013 0.00171154 0.00461396 0.0210425 0.0478622 0.0707936 0.0888783 0.103762 0.0637923 0.0337046 0.0602308 0.124433 0.169614 0.0934646 0.0462172 0.0250306 0.0313229 0.00938855 0.002487 0.000210481 0 0
 0 0.00764035 0.051015 0.0998891 0.058973 0.0496711 0.0374665 0.0718981 0.12319 0.153886 0.159021 0.0857701 0.0377988 0.023471 0.0147837 0.00900784 0.00315554 0.000888139 0.00291439 0.00214683 0.00393193 0.00274676 0.000635225 9.99891e-05 0 0
 0 0 0 0 0 0 0 0 0 0 0 0 0 0 0 0 0 0 0 0 0 0 0 0 0 0
 0 0 0 0 0 0 0 0 0 0 0 0 0 0 0 0 0 0 0 0 0 0 0 0 0 0
 0 0 0 0 0 0 0 0 0 0 0 0 0 0 0 0 0 0 0 0 0 0 0 0 0 0
 0 0 0 0 0 0 0 0 0 0 0 0 0 0 0 0 0 0 0 0 0 0 0 0 0 0
 0 0 0 0 0 0 0 0 0 0 0 0 0 0 0 0 0 0 0 0 0 0 0 0 0 0
 0 0 0 0 0 0 0 0 0 0 0 0 0 0 0 0 0 0 0 0 0 0 0 0 0 0
 0 0 0 0 0 0 0 0 0 0 0 0 0 0 0 0 0 0 0 0 0 0 0 0 0 0
ppred_pel_tallas
 1.08424e-16 5.33088e-05 0.00051818 0.00344349 0.0156536 0.0487043 0.103771 0.151461 0.151482 0.103876 0.0490589 0.0166788 0.00602126 0.00616039 0.0108132 0.0179093 0.0260725 0.0333821 0.0379174 0.0388104 0.0367333 0.03335 0.0301922 0.027861 0.0260356 0.0240412
 1.11904e-16 1.13317e-05 0.000110149 0.000731979 0.00332751 0.0103535 0.0220616 0.0322133 0.0322789 0.0223823 0.0114304 0.00643848 0.00854302 0.0171688 0.0324301 0.0536533 0.0774285 0.0976756 0.108203 0.106181 0.0938264 0.076839 0.0609148 0.0490418 0.0411604 0.0355951
 1.22127e-16 3.33553e-05 0.000324225 0.00215459 0.00979447 0.0304743 0.0649293 0.0947693 0.094784 0.0650013 0.0307178 0.0105045 0.00396323 0.00435963 0.00795342 0.0137665 0.0213983 0.0302045 0.0394736 0.0487938 0.0580264 0.0668045 0.0740557 0.0781326 0.077584 0.0719968
 1.10645e-16 6.00146e-05 0.000583363 0.00387665 0.0176227 0.0548309 0.116824 0.170511 0.170526 0.116898 0.0550817 0.0183476 0.00569817 0.00456697 0.00764825 0.0126129 0.0183258 0.0234192 0.0265804 0.0273015 0.0262191 0.0246785 0.0238476 0.0240589 0.0247826 0.0250989
 1.05693e-16 4.43537e-05 0.000431134 0.00286504 0.0130241 0.0405229 0.0863398 0.126023 0.126061 0.0865243 0.0411423 0.0148126 0.00735352 0.0102263 0.0186381 0.0307194 0.0441965 0.0554764 0.0609337 0.0589186 0.050758 0.0398777 0.0297713 0.0223812 0.0178205 0.0151378
 1.04441e-16 5.47251e-05 0.000531948 0.00353498 0.0160695 0.0499984 0.106528 0.155485 0.155508 0.106639 0.0503732 0.0171532 0.00625901 0.00649126 0.0114098 0.0188731 0.0274077 0.0349349 0.0393553 0.0396735 0.0365369 0.0316933 0.0268378 0.0227849 0.0194555 0.0164115
 1.05588e-16 3.91215e-05 0.000380275 0.00252706 0.0114877 0.0357426 0.076155 0.111159 0.1112 0.0763538 0.0364104 0.0134167 0.00737034 0.0109573 0.0201391 0.0332645 0.0479924 0.0605173 0.0669812 0.0656056 0.0577342 0.0468766 0.0365578 0.0286581 0.0232079 0.0192667
 1.09656e-16 3.29936e-05 0.000320709 0.00213123 0.00968827 0.030144 0.0642264 0.0937484 0.0937867 0.0644138 0.0307734 0.0115085 0.00670857 0.0103409 0.0191449 0.0318116 0.0463213 0.0592938 0.067271 0.0686169 0.0643917 0.0574196 0.0503653 0.0443888 0.0391898 0.0339612
 1.13551e-16 3.71742e-05 0.000361347 0.00240128 0.0109159 0.0339635 0.072364 0.105624 0.105654 0.0725136 0.0344662 0.0123703 0.00606152 0.00838325 0.0153657 0.0255906 0.0374448 0.0483295 0.0556099 0.0580855 0.0566284 0.0533849 0.0502168 0.0476642 0.0450748 0.0414886
 1.06939e-16 6.00179e-05 0.000583395 0.00387687 0.0176237 0.0548339 0.11683 0.17052 0.170537 0.116911 0.0551067 0.0184125 0.00585997 0.004923 0.00833297 0.0137644 0.0200218 0.0256076 0.0290435 0.0296728 0.0280367 0.025448 0.0231127 0.0214993 0.0203349 0.019047
 1.02034e-16 6.56886e-05 0.000638517 0.00424317 0.0192888 0.0600149 0.127869 0.186631 0.186648 0.12795 0.0602872 0.0200753 0.00621687 0.00494605 0.00824341 0.0135163 0.0194467 0.0244198 0.0268384 0.025973 0.022397 0.0176012 0.0131048 0.00975144 0.00759496 0.00623882
 1.01843e-16 5.23357e-05 0.000508721 0.00338063 0.0153679 0.0478154 0.101877 0.148699 0.14873 0.102029 0.0483273 0.0168461 0.00709015 0.00860328 0.0154154 0.0253756 0.0364866 0.0457483 0.0501338 0.0482392 0.0411158 0.0315607 0.0224608 0.0154755 0.010814 0.00784723
 1.03707e-16 4.59421e-05 0.000446573 0.00296764 0.0134905 0.0419741 0.0894314 0.130535 0.130568 0.0895951 0.0425238 0.015079 0.00695768 0.00916524 0.0166286 0.0274805 0.0397269 0.0502544 0.0559 0.055172 0.0490907 0.0404108 0.031897 0.0250236 0.019857 0.0157785
 1.05048e-16 4.99504e-05 0.000485536 0.00322656 0.0146675 0.0456361 0.0972336 0.141921 0.141949 0.0973683 0.0460887 0.0159755 0.00651353 0.00767278 0.0137344 0.0227172 0.0329316 0.0418554 0.0469371 0.0469826 0.0428196 0.0366384 0.0305761 0.0256774 0.0218474 0.0184953
 1.03356e-16 6.00379e-05 0.000583589 0.00387816 0.0176296 0.0548522 0.116869 0.170578 0.170598 0.116967 0.0551822 0.0185832 0.00627325 0.0058166 0.0100118 0.0164917 0.0238339 0.030147 0.0335414 0.0331443 0.0296013 0.0245993 0.0198129 0.0161055 0.013452 0.011387
 1.01047e-16 7.1246e-05 0.000692537 0.00460215 0.0209207 0.0650922 0.138686 0.202419 0.20243 0.13874 0.0652734 0.0214441 0.00591585 0.0035602 0.00551703 0.00900682 0.0129649 0.0162973 0.01794 0.0174019 0.0150514 0.0118617 0.00882586 0.0064976 0.00492283 0.00386535
 1.01835e-16 3.45814e-05 0.000336143 0.00223379 0.0101545 0.0315948 0.067318 0.0982634 0.0983154 0.0675718 0.032447 0.0126151 0.00840672 0.0138002 0.0255712 0.0421301 0.0604756 0.0756031 0.0824309 0.0786085 0.0659347 0.049184 0.0333262 0.0212802 0.0134839 0.00888028
 1.03055e-16 6.45181e-05 0.000627139 0.00416756 0.0189451 0.0589454 0.12559 0.183305 0.183317 0.125651 0.0591518 0.0195426 0.00567192 0.00392657 0.00637571 0.0105551 0.0154695 0.020014 0.0230845 0.0241334 0.0234273 0.0217423 0.0197748 0.0177718 0.0156112 0.0131346
 1.0299e-16 4.86317e-05 0.000472717 0.00314137 0.0142803 0.0444314 0.094667 0.138177 0.138211 0.0948368 0.0450015 0.0159267 0.00727269 0.00948645 0.0171529 0.0282429 0.0405942 0.0508715 0.055713 0.0535802 0.0456874 0.0351984 0.0253573 0.0179957 0.0132736 0.0103798
 1.05286e-16 4.04377e-05 0.000393069 0.00261208 0.0118742 0.0369451 0.0787168 0.114897 0.114934 0.0788969 0.0375501 0.0136227 0.00700531 0.00999759 0.0183222 0.0303328 0.0439378 0.0557615 0.0623617 0.0621082 0.056086 0.0472337 0.0384639 0.0312751 0.0256676 0.020964
 1.06027e-16 5.23166e-05 0.000508536 0.0033794 0.0153623 0.0477979 0.101839 0.148642 0.148666 0.101954 0.0481837 0.0164777 0.00618398 0.00664646 0.011755 0.0194706 0.0283245 0.0362114 0.0410077 0.0417217 0.0390313 0.034707 0.0304167 0.0268809 0.0238889 0.0208902
 1.04822e-16 5.18959e-05 0.000504447 0.00335223 0.0152388 0.0474136 0.101021 0.147448 0.147476 0.101157 0.0478709 0.01656 0.00667011 0.00775166 0.0138283 0.0228127 0.0329385 0.0415952 0.0461571 0.0454205 0.0403085 0.0332092 0.026501 0.0214207 0.0179352 0.0153571
 1.08754e-16 1.79062e-05 0.000174055 0.00115666 0.00525804 0.01636 0.0348589 0.05089 0.0509488 0.0351463 0.017325 0.0080461 0.00815891 0.0154728 0.0291103 0.0481947 0.0696527 0.0880676 0.0979045 0.0965861 0.0859748 0.0709928 0.056557 0.0452504 0.0370892 0.0308066
 1.10543e-16 5.41619e-05 0.000526473 0.0034986 0.0159041 0.0494837 0.105431 0.153882 0.153894 0.10549 0.0496844 0.0164871 0.00497422 0.00378816 0.00636748 0.0107522 0.0162129 0.0219194 0.0270292 0.0311171 0.0342992 0.036873 0.0388099 0.0395942 0.0385543 0.0353737
 1.08736e-16 4.094e-05 0.000397952 0.00264453 0.0120217 0.0374041 0.0796948 0.116325 0.116364 0.0798834 0.0380372 0.01385 0.00723334 0.0104142 0.019061 0.0314433 0.0452915 0.0569787 0.0628619 0.0613293 0.0537994 0.0437838 0.0347708 0.028555 0.0249854 0.0228293
 1.11079e-16 3.04649e-05 0.00029613 0.00196789 0.00894576 0.0278338 0.0593044 0.086565 0.0866057 0.0595034 0.0285027 0.0108798 0.00683086 0.0109394 0.0203244 0.0337622 0.0491238 0.0628026 0.0711094 0.0723074 0.0675533 0.0599119 0.0523003 0.0460291 0.0408126 0.0357576
 1.09554e-16 5.24465e-05 0.000509799 0.00338779 0.0154004 0.0479165 0.102092 0.14901 0.149029 0.102186 0.0482316 0.0163122 0.00568367 0.00554539 0.00968594 0.0161146 0.0236453 0.0306615 0.0355441 0.0375548 0.0372158 0.0358005 0.0343686 0.0331468 0.0316488 0.0292565
 1.06469e-16 4.89807e-05 0.000476109 0.00316392 0.0143827 0.0447501 0.0953461 0.139167 0.139197 0.0954952 0.045251 0.0158297 0.00679671 0.00840923 0.0151238 0.0249487 0.0359939 0.0453982 0.0502876 0.0493663 0.043694 0.035954 0.0288116 0.0236412 0.02036 0.0181068
 1.09916e-16 2.01153e-05 0.000195528 0.00129935 0.0059067 0.0183782 0.0391588 0.0571649 0.0572195 0.0394258 0.0192751 0.00849848 0.00781039 0.0144268 0.0270997 0.044905 0.0650021 0.0824054 0.0920183 0.0914639 0.0824347 0.0694009 0.0567805 0.0468224 0.0394419 0.0334455
 1.20316e-16 2.78873e-05 0.000271074 0.00180138 0.00818885 0.0254787 0.054286 0.0792373 0.0792629 0.0544114 0.0259012 0.00941472 0.00489972 0.00710525 0.0132148 0.0223473 0.0334684 0.0447797 0.0544127 0.0614598 0.0663055 0.0698837 0.0725384 0.0735438 0.0716537 0.0661059
 1.09165e-16 6.37612e-05 0.000619782 0.00411867 0.0187229 0.0582539 0.124116 0.181154 0.181165 0.124171 0.0584374 0.0192538 0.0054547 0.00354758 0.00565817 0.00934535 0.0136811 0.0177004 0.0204877 0.0216852 0.0217129 0.0214404 0.0215617 0.0221652 0.0227716 0.0227113
pSPR Fmed_Fpbrs
0.631658   0.285572 0.285572
Fs Fmed_Fpbrs
0.30187   1.005 1.005
SSBpbr Bo_Bmed_Bpbrs
1.7791e+06  1.03483e+06  419108 419108
Ro
172410
SPR SPRFo_SPRFmed_SPRFpbrs
1.23237e+06 778438 351932
Fref
1.005
Nvult_r0
 239947 20649.3 7839.01 8977.16 3016.78
CTP_r0
 24429.8 3816.19 1448.73 1659.07 557.531
YTP_r0
390758
Np
 247016 117359 8568.22 3252.72 4817.36
Nvult_p0
 192037 101556 7414.42 2814.71 4168.65
CTP_p0
 64225.2 50904.5 3716.46 1410.86 2089.52
YTP_p0
 1.50311e+06
CBA_c0
724464
log_Ro
11.8776
likeval ReclasPelacesDesembMPH_pf_preclas_ppelaces_ptallas_desvR_qrecl_qpela
 18.3562 24.6147 0.361112 0.00280637 251.627 135.208 105.697 0 28.2605 0 0 0.66296 0 0 0
q_reclas_q_pelaces
1 1
M
1
N
 401383 75934.8 27934.8 10276.7 5980.77
 46926.6 131926 22298.6 8203.21 4774.08
 72110.1 14793.3 35638.5 6023.75 3505.68
 166945 22852.7 4038.72 9729.64 2601.63
 118588 46421.8 4803.18 848.857 2591.78
 191377 39955.5 14324.9 1482.17 1061.72
 92106.1 57934.7 9953.33 3568.48 633.709
 42684.2 22283.2 9217.5 1583.59 668.575
 33528.1 14691.5 7175.77 2968.27 725.254
 59410.1 9389.01 3131.71 1529.62 787.331
 134142 15343.6 1702.34 567.815 420.091
 145967 46061.3 4917.73 545.612 316.631
 108433 41527.2 10134.2 1081.97 189.707
 91788 31043.1 9252.04 2257.85 283.324
 124113 21795.5 4757.95 1418.05 389.483
 432800 35624.2 4881.11 1065.55 404.799
 172252 122571 7766.8 1064.18 320.565
 594906 56078.1 35313.5 2237.66 398.954
 512709 186394 14964.3 9423.29 703.571
 341158 153078 45166 3626.06 2453.89
 493134 105484 39780.7 11737.4 1580
 594764 158319 29554.1 11145.6 3731.2
 120057 182767 40638.2 7586.14 3818.66
 389923 39962.5 55046 12239.5 3434.91
 296388 129283 11941.8 16449.1 4683.88
 163565 99086.9 39277.6 3628.05 6420.45
 331070 55766 31309 12410.8 3175.08
 386230 110146 16778.6 9420.14 4689.41
 106837 130761 34318.6 5227.8 4396.18
 87713.1 36774.6 42113.9 11052.9 3099.56
 357307 29217.5 11091.7 12702.1 4268.57
pred_Ctot
 27286.5 9864.02 3628.77 1334.95 776.91
 4297.97 22719 3840.05 1412.68 822.145
 6392.24 2470.68 5952.08 1006.04 585.494
 26356.9 6477.78 1144.81 2757.94 737.451
 6352.32 4798.3 496.47 87.7403 267.894
 21768.5 8415.69 3017.2 312.184 223.626
 20620.9 22214.7 3816.55 1368.31 242.992
 1746.97 1774.89 734.186 126.135 53.2529
 5174.4 4081.04 1993.31 824.536 201.464
 11515.6 3185.06 1062.38 518.899 267.089
 5679.46 1263.08 140.136 46.7423 34.5817
 21355.1 12198.1 1302.33 144.491 83.8513
 15515.1 10779.9 2630.71 280.867 49.2454
 21311.6 12270.6 3657.11 892.472 111.991
 17593.6 5610.45 1224.76 365.026 100.258
 64324.5 9568.26 1311.01 286.194 108.724
 12651.8 17138.9 1086.02 148.803 44.8241
 56510.6 9992.5 6292.48 398.727 71.0892
 62110 41597.5 3339.57 2102.99 157.016
 34892.6 29222 8622 692.2 468.437
 40127.3 16252.5 6129.2 1808.43 243.439
 62832.4 31144.5 5813.89 2192.56 734.002
 7282.74 21290.8 4734 883.718 444.84
 24542.4 4822.83 6643.17 1477.11 414.538
 17228.1 14456 1335.29 1839.28 523.737
 7618.25 8947.53 3546.76 327.612 579.766
 20180.5 6526.48 3664.2 1452.47 371.59
 19591.5 10801.7 1645.45 923.813 459.88
 4368.57 10406 2731.06 416.027 349.846
 5284.08 4255.59 4873.47 1279.05 358.685
 24429.8 3816.19 1448.73 1659.07 557.531
F
 0.112675 0.225349 0.225349 0.225349 0.225349
 0.154407 0.308815 0.308815 0.308815 0.308815
 0.149124 0.298249 0.298249 0.298249 0.298249
 0.279896 0.559792 0.559792 0.559792 0.559792
 0.0878853 0.175771 0.175771 0.175771 0.175771
 0.19493 0.389859 0.389859 0.389859 0.389859
 0.419107 0.838213 0.838213 0.838213 0.838213
 0.0665621 0.133124 0.133124 0.133124 0.133124
 0.272844 0.545688 0.545688 0.545688 0.545688
 0.353769 0.707539 0.707539 0.707539 0.707539
 0.0689246 0.137849 0.137849 0.137849 0.137849
 0.257029 0.514059 0.514059 0.514059 0.514059
 0.250752 0.501504 0.501504 0.501504 0.501504
 0.43778 0.875561 0.875561 0.875561 0.875561
 0.248164 0.496329 0.496329 0.496329 0.496329
 0.261583 0.523167 0.523167 0.523167 0.523167
 0.122214 0.244427 0.244427 0.244427 0.244427
 0.160541 0.321082 0.321082 0.321082 0.321082
 0.208759 0.417518 0.417518 0.417518 0.417518
 0.173784 0.347568 0.347568 0.347568 0.347568
 0.136169 0.272338 0.272338 0.272338 0.272338
 0.179951 0.359902 0.359902 0.359902 0.359902
 0.100022 0.200044 0.200044 0.200044 0.200044
 0.10395 0.2079 0.2079 0.2079 0.2079
 0.0956728 0.191346 0.191346 0.191346 0.191346
 0.0760452 0.15209 0.15209 0.15209 0.15209
 0.100528 0.201057 0.201057 0.201057 0.201057
 0.083058 0.166116 0.166116 0.166116 0.166116
 0.0664988 0.132998 0.132998 0.132998 0.132998
 0.0993034 0.198607 0.198607 0.198607 0.198607
 0.113354 0.226708 0.226708 0.226708 0.226708
nmprior
 8.19 8.8 8.5 0
nm_flota  nm_reclas  nm_pelaces    nm_pelaL
inf 7.15268 7.75993 14.3488
cv_recla  cv_pelaces  cv_mph
0.38754 0.562561 1.63485
 ------------------------------------------------
Talla a la edad & desviaci?n 
 8 13.2811 15.8009 17.003 17.5766
 0.8 1.32811 1.58009 1.7003 1.75766
