    unsorted:	 2.462083780e-06 2.257331095e-06 6.653069855e-05 5.132053081e-05 8.450126842e-05 -9.476784286e-06 0.001099992666 13.52187519 65.56891556 169.3295721 151.2072395 238.1653885 284.6528278 363.0511564 678.0329047 538.0443014 807.3143437 854.9069801 908.9605443 935.8084189 1070.133623 1194.725746 1219.803893 1299.258239 1516.447758 1555.778757 2044.442836 2064.918343 1941.755707 2211.964941 2420.974121 2466.635246 2528.172307 2619.920117 2641.253808 2857.036462 3207.570603 3281.836813 3348.183417 3877.673012 4014.860100 4311.067981 5248.656720 8597.295850 38197.95879 158335.5002 412565.4610 407606.1639 400736.8883 396885.8291 379206.4223 363285.8979 448845.1463 456996.8667 467435.7070 465178.6905 330322.2678 536862.0247 589571.9196 571323.8185 623610.1704 669337.0819 824339.2342 890943.7108 1024130.367 1072451.273 1309539.442 1362656.588 1514705.185 1658161.406 1955611.557 2273321.111 2360985.764 2691675.582 2891806.885 3045472.138 3275197.655
      sorted:	 -9.476784286e-06 2.257331095e-06 2.462083780e-06 5.132053081e-05 6.653069855e-05 8.450126842e-05 0.001099992666 13.52187519 65.56891556 151.2072395 169.3295721 238.1653885 284.6528278 363.0511564 538.0443014 678.0329047 807.3143437 854.9069801 908.9605443 935.8084189 1070.133623 1194.725746 1219.803893 1299.258239 1516.447758 1555.778757 1941.755707 2044.442836 2064.918343 2211.964941 2420.974121 2466.635246 2528.172307 2619.920117 2641.253808 2857.036462 3207.570603 3281.836813 3348.183417 3877.673012 4014.860100 4311.067981 5248.656720 8597.295850 38197.95879 158335.5002 330322.2678 363285.8979 379206.4223 396885.8291 400736.8883 407606.1639 412565.4610 448845.1463 456996.8667 465178.6905 467435.7070 536862.0247 571323.8185 589571.9196 623610.1704 669337.0819 824339.2342 890943.7108 1024130.367 1072451.273 1309539.442 1362656.588 1514705.185 1658161.406 1955611.557 2273321.111 2360985.764 2691675.582 2891806.885 3045472.138 3275197.655
