years
 1991 1992 1993 1994 1995 1996 1997 1998 1999 2000 2001 2002 2003 2004 2005 2006 2007 2008 2009 2010 2011 2012 2013 2014 2015 2016 2017 2018 2019 2020 2021
reclasobs
 0 0 0 0 0 0 0 0 0 252601 567819 844713 477998 351125 339783 2.1784e+06 2.13404e+06 4.81314e+06 1.55562e+06 2.62356e+06 3.21686e+06 3.843e+06 1.13348e+06 3.07943e+06 1.97215e+06 2.03268e+06 2.025e+06 2.42433e+06 2.27542e+06 1.05018e+06 2.36338e+06
reclaspred
 3.44011e+06 1.97749e+06 1.01147e+06 1.10337e+06 1.1649e+06 1.76738e+06 1.24205e+06 1.12188e+06 809708 590679 562236 669514 665873 550721 556920 1.21391e+06 1.2767e+06 2.55181e+06 2.1359e+06 1.61095e+06 2.87383e+06 2.3439e+06 1.93524e+06 2.97298e+06 2.23398e+06 1.98491e+06 2.29082e+06 2.3489e+06 1.97884e+06 1.32807e+06 2.01518e+06
pelacesobs
 0 0 0 0 0 0 0 0 0 0 0 0 0 0 0 552880 188675 0 991730 2.46772e+06 1.41603e+06 1.21717e+06 2.29649e+06 1.80582e+06 0 1.4828e+06 1.56532e+06 1.57751e+06 1.42118e+06 867257 1.10002e+06
pelacespred
 2.55647e+06 1.65881e+06 862636 674816 739431 1.10139e+06 851022 845736 630480 438555 398102 397250 429466 377467 372539 633823 754771 1.52938e+06 1.46395e+06 1.07188e+06 1.67693e+06 1.5824e+06 1.34797e+06 2.01806e+06 1.63128e+06 1.43361e+06 1.72576e+06 1.74438e+06 1.36927e+06 1.04706e+06 1.35237e+06
mphobs
 0 0 0 0 0 0 0 0 0 0 0 498337 0 5186 125008 0 168611 109162 213762 579715 649985 157893 87575 83554 0 0 0 0 0 0 0
mphpred
 5.04842e+06 3.40559e+06 1.75626e+06 961010 1.1987e+06 1.38787e+06 1.82145e+06 1.2977e+06 1.1084e+06 783880 517095 636425 673012 592394 442646 538160 1.37978e+06 1.44339e+06 2.46288e+06 1.93941e+06 2.08047e+06 2.57735e+06 2.46093e+06 2.09904e+06 2.90521e+06 2.37526e+06 1.97565e+06 2.05124e+06 2.7425e+06 1.945e+06 1.31223e+06
desembarqueobs
 494567 514787 250237 358949 120608 361735 552515 73892 212993 205616 52469 317467 293654 387597 252695 516296 358380 742168 942051 627588 828172 859565 418607 520667 417249 300574 407403 355545 319650 289779 391294
desembarquepred
 494573 512954 251248 358964 120611 361747 552570 73894.5 213030 205653 52470.9 317534 293711 387669 252707 516304 358409 742120 941983 627539 828260 859647 418629 520694 417261 300584 407415 355546 319658 289796 391301
Reclutas
 256283 149331 147357 321198 258197 401148 169916 82597.4 71102.5 88803.9 153705 191673 163190 115537 119400 568584 156947 847324 525412 388836 603305 802574 184116 533091 431631 204474 434683 473184 156701 120893 446553
log_desv_Rt
 0.0427682 -0.497347 -0.510657 0.268543 0.0502097 0.490815 -0.368212 -1.08954 -1.23939 -1.01708 -0.468478 -0.247726 -0.408601 -0.753926 -0.721039 0.839634 -0.447609 1.23857 0.760668 0.459643 0.898909 1.18431 -0.287951 0.775177 0.564055 -0.183073 0.571102 0.65597 -0.449174 -0.708608 0.598044
SSB
 5.04842e+06 3.40559e+06 1.75626e+06 961010 1.1987e+06 1.38787e+06 1.82145e+06 1.2977e+06 1.1084e+06 783880 517095 636425 673012 592394 442646 538160 1.37978e+06 1.44339e+06 2.46288e+06 1.93941e+06 2.08047e+06 2.57735e+06 2.46093e+06 2.09904e+06 2.90521e+06 2.37526e+06 1.97565e+06 2.05124e+06 2.7425e+06 1.945e+06 1.31223e+06
BT
 6.61988e+06 4.52706e+06 2.34512e+06 2.15959e+06 2.06629e+06 3.42658e+06 2.66964e+06 2.30065e+06 1.84562e+06 1.3503e+06 1.1504e+06 1.37567e+06 1.4602e+06 1.47096e+06 1.34296e+06 2.36461e+06 2.3064e+06 5.2173e+06 4.95822e+06 3.41194e+06 5.46681e+06 5.13972e+06 3.88656e+06 6.34448e+06 4.67932e+06 4.05484e+06 5.35864e+06 5.37719e+06 3.73753e+06 2.92234e+06 4.33858e+06
Ftot
 0.0842764 0.150651 0.14496 0.197023 0.0623412 0.124832 0.258791 0.0394174 0.156412 0.205755 0.0575464 0.283282 0.263258 0.416459 0.276913 0.264747 0.166568 0.179824 0.262507 0.232248 0.174582 0.22074 0.127781 0.108108 0.111646 0.0903676 0.109235 0.0935357 0.0945801 0.128674 0.120719
BD_Bspro_t
 0.986606 0.898884 0.786977 0.720383 0.734204 0.792466 0.786692 0.682421 0.724417 0.695048 0.666647 0.781608 0.681628 0.60713 0.520462 0.568204 0.680794 0.677972 0.732779 0.654169 0.628258 0.673493 0.688095 0.689133 0.77691 0.782281 0.790121 0.815512 0.846294 0.79839 0.754529
BD_Bspro
 2.87627 1.94029 1.00061 0.547522 0.682944 0.790718 1.03775 0.739346 0.631496 0.446605 0.294608 0.362595 0.383439 0.337508 0.252192 0.306609 0.786111 0.822351 1.40319 1.10495 1.18532 1.46841 1.40208 1.1959 1.65521 1.35327 1.1256 1.16867 1.5625 1.10814 0.747625
BD_Bo
 2.01637 1.36021 0.701462 0.383833 0.478769 0.554323 0.7275 0.518309 0.442702 0.313087 0.206531 0.254192 0.268805 0.236606 0.176796 0.214945 0.551093 0.576499 0.983691 0.774612 0.830954 1.02941 0.98291 0.83837 1.16036 0.948694 0.789089 0.819279 1.09537 0.776846 0.524113
BD_Brms
 14.0021 9.44565 4.87111 2.66543 3.32469 3.84935 5.05193 3.59926 3.07423 2.17415 1.4342 1.76517 1.86665 1.64305 1.22771 1.49263 3.82692 4.00334 6.83098 5.37909 5.77034 7.14847 6.82555 5.82183 8.05782 6.58796 5.47962 5.68927 7.60652 5.3946 3.63956
Sel_flota
 0.884692 1 1 1 1
 0.884692 1 1 1 1
 0.884692 1 1 1 1
 0.884692 1 1 1 1
 0.884692 1 1 1 1
 0.884692 1 1 1 1
 0.884692 1 1 1 1
 0.884692 1 1 1 1
 0.884692 1 1 1 1
 0.884692 1 1 1 1
 0.884692 1 1 1 1
 0.884692 1 1 1 1
 0.884692 1 1 1 1
 0.884692 1 1 1 1
 0.884692 1 1 1 1
 0.884692 1 1 1 1
 0.884692 1 1 1 1
 0.884692 1 1 1 1
 0.884692 1 1 1 1
 0.884692 1 1 1 1
 0.884692 1 1 1 1
 0.884692 1 1 1 1
 0.884692 1 1 1 1
 0.884692 1 1 1 1
 0.884692 1 1 1 1
 0.884692 1 1 1 1
 0.884692 1 1 1 1
 0.884692 1 1 1 1
 0.884692 1 1 1 1
 0.884692 1 1 1 1
 0.884692 1 1 1 1
Sel_reclas
 1 1 1 1 1
 1 1 1 1 1
 1 1 1 1 1
 1 1 1 1 1
 1 1 1 1 1
 1 1 1 1 1
 1 1 1 1 1
 1 1 1 1 1
 1 1 1 1 1
 1 1 1 1 1
 1 1 1 1 1
 1 1 1 1 1
 1 1 1 1 1
 1 1 1 1 1
 1 1 1 1 1
 1 1 1 1 1
 1 1 1 1 1
 1 1 1 1 1
 1 1 1 1 1
 1 1 1 1 1
 1 1 1 1 1
 1 1 1 1 1
 1 1 1 1 1
 1 1 1 1 1
 1 1 1 1 1
 1 1 1 1 1
 1 1 1 1 1
 1 1 1 1 1
 1 1 1 1 1
 1 1 1 1 1
 1 1 1 1 1
Sel_pelaces
 0.67986 0.914438 0.981747 0.996319 0.999266
 0.67986 0.914438 0.981747 0.996319 0.999266
 0.67986 0.914438 0.981747 0.996319 0.999266
 0.67986 0.914438 0.981747 0.996319 0.999266
 0.67986 0.914438 0.981747 0.996319 0.999266
 0.67986 0.914438 0.981747 0.996319 0.999266
 0.67986 0.914438 0.981747 0.996319 0.999266
 0.67986 0.914438 0.981747 0.996319 0.999266
 0.67986 0.914438 0.981747 0.996319 0.999266
 0.67986 0.914438 0.981747 0.996319 0.999266
 0.67986 0.914438 0.981747 0.996319 0.999266
 0.67986 0.914438 0.981747 0.996319 0.999266
 0.67986 0.914438 0.981747 0.996319 0.999266
 0.67986 0.914438 0.981747 0.996319 0.999266
 0.67986 0.914438 0.981747 0.996319 0.999266
 0.67986 0.914438 0.981747 0.996319 0.999266
 0.67986 0.914438 0.981747 0.996319 0.999266
 0.67986 0.914438 0.981747 0.996319 0.999266
 0.67986 0.914438 0.981747 0.996319 0.999266
 0.67986 0.914438 0.981747 0.996319 0.999266
 0.67986 0.914438 0.981747 0.996319 0.999266
 0.67986 0.914438 0.981747 0.996319 0.999266
 0.67986 0.914438 0.981747 0.996319 0.999266
 0.67986 0.914438 0.981747 0.996319 0.999266
 0.67986 0.914438 0.981747 0.996319 0.999266
 0.67986 0.914438 0.981747 0.996319 0.999266
 0.67986 0.914438 0.981747 0.996319 0.999266
 0.67986 0.914438 0.981747 0.996319 0.999266
 0.67986 0.914438 0.981747 0.996319 0.999266
 0.67986 0.914438 0.981747 0.996319 0.999266
 0.67986 0.914438 0.981747 0.996319 0.999266
pf_obs 
 0.8446 0.082 0.0669 0.0065 0
 0.8095 0.147 0.0364 0.0071 0
 0.9664 0.0169 0.016 0.0007 0
 0.9276 0.0648 0.0075 0.0001 0
 0.7033 0.2144 0.0806 0.0017 0
 0.9318 0.0425 0.0243 0.0014 0
 0.5671 0.3108 0.0964 0.0239 0.0018
 0.0768 0.2599 0.5324 0.112 0.0189
 0.490249 0.384438 0.106611 0.0170017 0.00170017
 0.7925 0.1577 0.0466 0.003 0.0002
 0.840416 0.127587 0.0312969 0.00059994 9.999e-05
 0.8084 0.0986 0.0794 0.0134 0.0002
 0.7335 0.1905 0.0724 0.0035 0.0001
 0.4001 0.4547 0.1325 0.0127 0
 0.49795 0.308269 0.164784 0.0264974 0.00249975
 0.9179 0.0499 0.0305 0.0017 0
 0.2467 0.6533 0.0926 0.0074 0
 0.9418 0.0223 0.034 0.0019 0
 0.707729 0.231977 0.0356964 0.0245975 0
 0.517169 0.277429 0.184464 0.0207286 0.00020938
 0.811772 0.124168 0.05621 0.00726502 0.000585176
 0.764997 0.148141 0.077277 0.00933861 0.000247198
 0.163321 0.427699 0.378323 0.0303852 0.000271297
 0.753843 0.0900009 0.118128 0.0371064 0.000921714
 0.721811 0.176058 0.0630433 0.0369309 0.00215725
 0.143369 0.312575 0.442814 0.0836902 0.0175525
 0.692698 0.0596174 0.167031 0.0765114 0.00414204
 0.394062 0.376323 0.152708 0.0712218 0.00568511
 0.125707 0.32114 0.495352 0.0537591 0.00404204
 0.23352 0.215282 0.420074 0.123614 0.00750983
 0.774587 0.0839891 0.0768558 0.0609784 0.00358967
pf_pred 
 0.426162 0.10515 0.445696 0.0229917 7.4509e-07
 0.410384 0.269913 0.0585825 0.248311 0.0128098
 0.547298 0.200484 0.115459 0.0250596 0.111699
 0.777147 0.129223 0.0414651 0.0238799 0.028285
 0.648639 0.281027 0.0407838 0.0130868 0.0164637
 0.728884 0.183532 0.0700514 0.0101662 0.00736605
 0.464664 0.403637 0.0891539 0.0340287 0.00851658
 0.423917 0.287879 0.217302 0.047997 0.0229047
 0.49545 0.229439 0.137478 0.103774 0.0338594
 0.64804 0.18609 0.0754278 0.0451958 0.0452468
 0.772603 0.1543 0.0386478 0.0156651 0.0187835
 0.71738 0.224413 0.0394966 0.00989278 0.0088179
 0.664934 0.249725 0.0677643 0.0119265 0.00564993
 0.603627 0.275692 0.0899439 0.0244067 0.00633052
 0.699348 0.192221 0.0754179 0.0246049 0.00840844
 0.915153 0.0617928 0.0147395 0.00578306 0.00253147
 0.439005 0.519185 0.0304497 0.00726321 0.00409716
 0.877513 0.0578398 0.0598292 0.00350893 0.00130913
 0.611982 0.345835 0.0199193 0.0206044 0.00165928
 0.594031 0.261779 0.128515 0.00740213 0.00827333
 0.74336 0.160904 0.0617329 0.0303064 0.00369659
 0.743419 0.197098 0.0372941 0.0143083 0.00788115
 0.34155 0.506217 0.11694 0.022127 0.0131653
 0.744398 0.0949934 0.123476 0.0285239 0.00860844
 0.623334 0.289398 0.0324326 0.0421571 0.0126777
 0.452094 0.35798 0.145923 0.0163535 0.0276494
 0.729352 0.131025 0.0912244 0.0371858 0.0112133
 0.685974 0.236847 0.0373636 0.0260139 0.0138017
 0.382574 0.440254 0.133628 0.0210803 0.0224638
 0.456257 0.224814 0.227411 0.0690249 0.0224925
 0.830365 0.0829467 0.035842 0.0362561 0.0145906
pobs_RECLAS
 0 0 0 0 0
 0 0 0 0 0
 0 0 0 0 0
 0 0 0 0 0
 0 0 0 0 0
 0 0 0 0 0
 0 0 0 0 0
 0 0 0 0 0
 0 0 0 0 0
 0 0 0 0 0
 0.991045 0.00858322 0.000360255 1.14367e-05 0
 0.934742 0.0480273 0.0164251 0.00080598 0
 0.827803 0.169806 0.00239088 0 0
 0.941827 0.0461693 0.0120037 0 0
 0.791401 0.0380133 0.147996 0.0225897 0
 0.846168 0.0940531 0.0597789 0 0
 0.134021 0.677848 0.182769 0.00536245 0
 0.80878 0.0450904 0.141981 0.00414843 0
 0.846168 0.0940531 0.0597789 0 0
 0.905697 0.0802665 0.012482 0.00150086 5.37128e-05
 0.989698 0.0102097 9.19794e-05 0 0
 0.975433 0.0193895 0.00387452 0.00125025 5.28907e-05
 0.303575 0.632131 0.0575291 0.00676475 0
 0.966965 0.00978017 0.0227588 0.000495775 0
 0.843318 0.132988 0.00938335 0.0141283 0.000182051
 0.564624 0.303363 0.111486 0.0197234 0.00080311
 0.826376 0.0876187 0.0782897 0.00655872 0.00115652
 0.89761 0.0855135 0.0140674 0.00269457 0.000114338
 0.34875 0.467042 0.161289 0.0227151 0.000203297
 0.318654 0.224769 0.449479 0.00709798 0
 0.937255 0.0296025 0.0250945 0.00804832 0
ppred_RECLAS
 0.456571 0.0995779 0.422077 0.0217733 7.05605e-07
 0.440719 0.256026 0.0555685 0.235536 0.0121508
 0.577819 0.186967 0.107675 0.0233701 0.104168
 0.797998 0.117132 0.0375855 0.0216456 0.0256386
 0.676165 0.259011 0.0375888 0.0120615 0.015174
 0.75265 0.167444 0.0639107 0.009275 0.00672033
 0.495988 0.380019 0.0839372 0.0320376 0.00801825
 0.454176 0.272758 0.205888 0.0454759 0.0217016
 0.526476 0.21533 0.129024 0.0973925 0.0317773
 0.675958 0.171329 0.0694447 0.0416108 0.0416578
 0.793501 0.14012 0.0350961 0.0142255 0.0170573
 0.742189 0.204713 0.0360295 0.00902437 0.00804384
 0.692313 0.22932 0.0622271 0.010952 0.00518826
 0.633791 0.254711 0.0830991 0.0225493 0.00584876
 0.725116 0.175746 0.0689542 0.0224961 0.00768779
 0.924412 0.0550498 0.0131311 0.00515199 0.00225523
 0.469819 0.490668 0.0287772 0.00686426 0.00387212
 0.890277 0.0518122 0.0535943 0.00314326 0.00117271
 0.641351 0.319659 0.0184116 0.0190448 0.00153369
 0.623827 0.242565 0.119082 0.00685884 0.0076661
 0.766371 0.146477 0.0561977 0.027589 0.00336514
 0.766532 0.179343 0.0339346 0.0130194 0.0071712
 0.369927 0.484401 0.1119 0.0211734 0.0125979
 0.767205 0.0865174 0.112459 0.0259788 0.00784034
 0.651901 0.26745 0.0299729 0.0389599 0.0117162
 0.482814 0.337909 0.137742 0.0154366 0.0260991
 0.753058 0.119548 0.0832341 0.0339287 0.0102311
 0.711943 0.217261 0.0342737 0.0238627 0.0126603
 0.412134 0.419176 0.12723 0.0200711 0.0213883
 0.487117 0.212055 0.214505 0.0651075 0.021216
 0.847095 0.074766 0.0323071 0.0326804 0.0131516
pobs_PELACES
 0 0 0 0 0
 0 0 0 0 0
 0 0 0 0 0
 0 0 0 0 0
 0 0 0 0 0
 0 0 0 0 0
 0 0 0 0 0
 0 0 0 0 0
 0 0 0 0 0
 0 0 0 0 0
 0 0 0 0 0
 0 0 0 0 0
 0 0 0 0 0
 0 0 0 0 0
 0 0 0 0 0
 0 0 0 0 0
 0.505614 0.472636 0.0217494 0 0
 0 0 0 0 0
 0.443492 0.261883 0.143347 0.151278 0
 0.227955 0.32914 0.350689 0.0885471 0.00366901
 0.970185 0.0296113 0.000203453 0 0
 0.997202 0.00247181 0.000326279 0 0
 0.445219 0.490057 0.0546422 0.010081 0
 0.90214 0.0892962 0.00764917 0.000914606 0
 0 0 0 0 0
 0.581667 0.319106 0.0959925 0.00289975 0.000334073
 0.762889 0.0836404 0.116647 0.0363945 0.000428098
 0.88444 0.0763242 0.0277011 0.0115352 0
 0.521256 0.241999 0.230069 0.00667565 0
 0.616807 0.101726 0.260614 0.0208532 0
 0.833518 0.0704572 0.0857862 0.0102388 0
ppred_PELACES
 0.371368 0.108593 0.494168 0.0258706 8.40866e-07
 0.360107 0.279768 0.0651911 0.280425 0.0145093
 0.494339 0.213963 0.132292 0.0291391 0.130267
 0.740859 0.145174 0.0500124 0.0292299 0.0347244
 0.604931 0.31094 0.0484465 0.0157763 0.019906
 0.689233 0.205264 0.0841129 0.012388 0.00900248
 0.420222 0.428816 0.101687 0.0393885 0.00988716
 0.373575 0.301311 0.244182 0.0547347 0.0261973
 0.443197 0.242367 0.155914 0.119437 0.0390852
 0.60066 0.203176 0.0884154 0.0537643 0.0539842
 0.736125 0.174457 0.0469129 0.0192975 0.0232073
 0.680387 0.249713 0.0471844 0.0119938 0.0107222
 0.623657 0.275087 0.0801406 0.0143141 0.00680106
 0.560827 0.29839 0.104514 0.0287815 0.00748731
 0.658385 0.212382 0.0894616 0.0296199 0.0101522
 0.899897 0.071358 0.018274 0.00727623 0.00319451
 0.397289 0.554557 0.0349183 0.00845273 0.00478227
 0.853866 0.0663834 0.073721 0.00438785 0.00164189
 0.570994 0.378982 0.0234352 0.0246011 0.00198699
 0.547796 0.283975 0.149673 0.00874875 0.00980737
 0.704531 0.17992 0.0741096 0.0369225 0.00451691
 0.707327 0.22073 0.0448399 0.0174587 0.00964485
 0.301142 0.527816 0.130904 0.0251369 0.0150004
 0.701145 0.105913 0.147803 0.0346504 0.0104883
 0.578333 0.317782 0.038235 0.0504369 0.0152125
 0.404113 0.379109 0.165911 0.0188695 0.0319976
 0.686236 0.145921 0.109074 0.0451218 0.0136466
 0.643807 0.263318 0.044597 0.031511 0.0167676
 0.338477 0.46138 0.150348 0.02407 0.0257255
 0.404191 0.23551 0.255767 0.0787838 0.0257485
 0.798731 0.0943871 0.0437876 0.044951 0.0181432
pobs_pel_tallas
 0 0 0 0 0 0 0 0 0 0 0 0 0 0 0 0 0 0 0 0 0 0 0 0 0 0
 0 0 0 0 0 0 0 0 0 0 0 0 0 0 0 0 0 0 0 0 0 0 0 0 0 0
 0 0 0 0 0 0 0 0 0 0 0 0 0 0 0 0 0 0 0 0 0 0 0 0 0 0
 0 0 0 0 0 0 0 0 0 0 0 0 0 0 0 0 0 0 0 0 0 0 0 0 0 0
 0 0 0 0 0 0 0 0 0 0 0 0 0 0 0 0 0 0 0 0 0 0 0 0 0 0
 0 0 0 0 0 0 0 0 0 0 0 0 0 0 0 0 0 0 0 0 0 0 0 0 0 0
 0 0 0 0 0 0 0 0 0 0 0 0 0 0 0 0 0 0 0 0 0 0 0 0 0 0
 0 0 0 0 0 0 0 0 0 0 0 0 0 0 0 0 0 0 0 0 0 0 0 0 0 0
 0 0 0 0 0 0 0 0 0 0 0 0 0 0 0 0 0 0 0 0 0 0 0 0 0 0
 0 0 0 0 0 0 0 0 0 0 0 0 0 0 0 0 0 0 0 0 0 0 0 0 0 0
 0 0 0 0 0 0 0 0 0 0 0 0 0 0 0 0 0 0 0 0 0 0 0 0 0 0
 0 0 0 0 0 0 0 0 0 0 0 0 0 0 0 0 0 0 0 0 0 0 0 0 0 0
 0.00862536 0 0 0.000197151 0.00414017 0.0128641 0.00837892 0.0270097 0.101434 0.158115 0.152841 0.127902 0.109271 0.109419 0.0830992 0.0579132 0.0238553 0.00714673 0.00463305 0.00128148 0.00103504 0.000492878 0.000147863 0.000147863 4.92878e-05 0
 0 0 0 0 0 0 0 0 0 0 0 0 0 0 0 0 0 0 0 0 0 0 0 0 0 0
 0 0 0 0 0 0 0 0.0054083 0.00873648 0.0413646 0.0450493 0.0745869 0.0622846 0.0627006 0.0613931 0.0827291 0.12552 0.122667 0.0946155 0.0697135 0.0546179 0.0294188 0.0215738 0.0213955 0.0102223 0.00600262
 0 0 0 0 0.00359764 0.0251062 0.0480494 0.140153 0.205849 0.193036 0.1447 0.116669 0.0760912 0.0342217 0.00950174 0.001854 0.000860785 0 0 0 0.000165536 0 0.000143464 0 0 0
 0 0 0 0 0 0 0 0.000145254 0.000435761 0.0275982 0.070085 0.0708112 0.156366 0.174668 0.174014 0.160142 0.0824315 0.0480064 0.0283245 0.00493863 0.00203355 0 0 0 0 0
 0 0 0 0 0 0 0 0 0 0 0 0 0 0 0 0 0 0 0 0 0 0 0 0 0 0
 0 0 1.00437e-05 0.000401748 0.00122533 0.00171747 0.00176769 0.0269171 0.070346 0.194647 0.189555 0.159765 0.064822 0.0314167 0.0384472 0.0292271 0.0345202 0.0313363 0.0194345 0.0106764 0.0143323 0.0359363 0.0279516 0.0138201 0.00172751 0
 0 0.0021121 0.0136068 0.0755702 0.200478 0.177729 0.0527432 0.0373336 0.0318909 0.0142505 0.0149659 0.0166563 0.0217959 0.0798694 0.0677717 0.0528807 0.04013 0.0224614 0.0357745 0.0225083 0.00881397 0.00855152 0.00135912 0.000746735 0 0
 0 0 0 0 5.4009e-05 0.00500934 0.000945158 0.0243581 0.138947 0.33067 0.221406 0.137944 0.0707744 0.0437923 0.0131692 0.00525238 0.0047753 0.00276346 9.45158e-05 9.00151e-06 2.25038e-05 9.00151e-06 4.50075e-06 0 0 0
 0.000866109 0.00284123 0.00948549 0.0512746 0.133035 0.25785 0.225252 0.132002 0.0553304 0.0519788 0.0540692 0.017754 0.00435017 0.00159236 0.00146478 0.000404838 0.000125132 0.000115318 0.000107957 0.000100596 0 0 0 0 0 0
 0 0 0 0 0.00144013 0.00171154 0.00461396 0.0210425 0.0478622 0.0707936 0.0888783 0.103762 0.0637923 0.0337046 0.0602308 0.124433 0.169614 0.0934646 0.0462172 0.0250306 0.0313229 0.00938855 0.002487 0.000210481 0 0
 0 0.00764035 0.051015 0.0998891 0.058973 0.0496711 0.0374665 0.0718981 0.12319 0.153886 0.159021 0.0857701 0.0377988 0.023471 0.0147837 0.00900784 0.00315554 0.000888139 0.00291439 0.00214683 0.00393193 0.00274676 0.000635225 9.99891e-05 0 0
 0 0 0 0 0 0 0 0 0 0 0 0 0 0 0 0 0 0 0 0 0 0 0 0 0 0
 0 0 0 0 0 0 0 0 0 0 0 0 0 0 0 0 0 0 0 0 0 0 0 0 0 0
 0 0 0 0 0 0 0 0 0 0 0 0 0 0 0 0 0 0 0 0 0 0 0 0 0 0
 0 0 0 0 0 0 0 0 0 0 0 0 0 0 0 0 0 0 0 0 0 0 0 0 0 0
 0 0 0 0 0 0 0 0 0 0 0 0 0 0 0 0 0 0 0 0 0 0 0 0 0 0
 0 0 0 0 0 0 0 0 0 0 0 0 0 0 0 0 0 0 0 0 0 0 0 0 0 0
 0 0 0 0 0 0 0 0 0 0 0 0 0 0 0 0 0 0 0 0 0 0 0 0 0 0
ppred_pel_tallas
 1.16883e-16 3.05891e-05 0.000297337 0.00197591 0.0089822 0.027947 0.0595445 0.0869092 0.0869204 0.0595996 0.0281343 0.00953268 0.00339349 0.00351014 0.00647791 0.0115599 0.0187371 0.0278967 0.0387761 0.0509903 0.063796 0.0757034 0.0844322 0.0875849 0.0837802 0.0734879
 1.32531e-16 2.96616e-05 0.000288321 0.001916 0.00870986 0.0270997 0.0577399 0.0842787 0.0843058 0.0578724 0.0275451 0.00999833 0.00515849 0.00739552 0.0136173 0.0227167 0.0333575 0.0434038 0.050832 0.0550467 0.0573586 0.0600476 0.064665 0.070871 0.0765825 0.0791634
 1.2884e-16 4.07181e-05 0.000395795 0.0026302 0.0119565 0.0372012 0.0792619 0.115689 0.11571 0.0793637 0.0375436 0.0129479 0.00512862 0.00588301 0.0105614 0.0176627 0.0260854 0.034212 0.0404693 0.0442872 0.0464671 0.0485445 0.0516299 0.0556369 0.059382 0.0613088
 1.10289e-16 6.10236e-05 0.000593172 0.00394183 0.017919 0.0557528 0.118788 0.173377 0.173391 0.118856 0.0559836 0.0185866 0.00562082 0.00426925 0.0070753 0.0116888 0.0170478 0.021912 0.0250813 0.0260639 0.0253787 0.0241696 0.0234306 0.0234482 0.0237998 0.0237635
 1.06429e-16 4.98275e-05 0.000484341 0.00321862 0.0146314 0.0455238 0.0969944 0.141572 0.141602 0.0971409 0.0460158 0.0160525 0.00678651 0.00827547 0.014854 0.0244981 0.0353366 0.0445525 0.0493156 0.0483452 0.0426787 0.0349576 0.0278202 0.0226491 0.0193985 0.0172455
 1.05246e-16 5.67712e-05 0.000551836 0.00366715 0.0166703 0.0518677 0.11051 0.161297 0.161317 0.110608 0.0521941 0.0176143 0.00604099 0.00574816 0.00996723 0.016497 0.0240139 0.0307316 0.0348536 0.0355329 0.0333248 0.0297033 0.0260612 0.0230081 0.0203887 0.0177739
 1.08668e-16 3.46132e-05 0.000336453 0.00223585 0.0101639 0.0316238 0.0673794 0.0983508 0.0983922 0.0675817 0.0323034 0.0121279 0.00716942 0.0111188 0.0205488 0.0340132 0.0492237 0.0623902 0.0696662 0.0692857 0.0625825 0.0529928 0.0438808 0.036906 0.0318943 0.0277976
 1.17047e-16 3.07709e-05 0.000299104 0.00198765 0.00903561 0.0281133 0.0598994 0.0874311 0.0874605 0.0600431 0.0285967 0.0104361 0.00551937 0.00806271 0.0149338 0.0250557 0.037067 0.0486673 0.0574897 0.0624069 0.0640425 0.0639793 0.0633711 0.0621658 0.059458 0.0544475
 1.23154e-16 3.65056e-05 0.000354848 0.00235809 0.0107195 0.0333526 0.0710621 0.103722 0.103746 0.0711776 0.0337408 0.0118439 0.00519248 0.00658282 0.0119857 0.0200808 0.0297016 0.0390338 0.046284 0.0507428 0.0531756 0.0550975 0.0575104 0.060138 0.0616738 0.0606867
 1.17131e-16 4.94756e-05 0.00048092 0.00319589 0.014528 0.0452022 0.0963089 0.14057 0.140589 0.0964052 0.045526 0.0154649 0.00555374 0.00564911 0.0099279 0.0165045 0.0241822 0.0313101 0.0362708 0.0384166 0.0384653 0.0379357 0.0380643 0.0390571 0.0401423 0.0401997
 1.07262e-16 6.06337e-05 0.000589381 0.00391664 0.0178045 0.0553965 0.118029 0.17227 0.172287 0.118111 0.0556733 0.0186046 0.00592712 0.00498586 0.00843317 0.0139072 0.0201764 0.0256963 0.0289456 0.0292568 0.0272124 0.0242181 0.0215968 0.0199141 0.018936 0.0180521
 1.04443e-16 5.60426e-05 0.000544754 0.00362009 0.0164564 0.0512021 0.109092 0.159229 0.159253 0.10921 0.0515974 0.0175985 0.00648803 0.0068091 0.0119639 0.0197186 0.0284681 0.0359459 0.03988 0.0392291 0.0347928 0.028641 0.0228398 0.0184711 0.0155154 0.0133782
 1.0497e-16 5.13699e-05 0.000499334 0.00331825 0.0150843 0.046933 0.0999967 0.145954 0.14598 0.100127 0.0473694 0.0163456 0.00648747 0.00742843 0.0132423 0.0218926 0.0317232 0.0402923 0.0451329 0.0450911 0.0409704 0.0349005 0.028969 0.0242123 0.0205591 0.0174403
 1.07246e-16 4.61946e-05 0.000449028 0.00298395 0.0135646 0.0422048 0.0899228 0.131251 0.13128 0.0900639 0.0426788 0.0149351 0.00642915 0.00798683 0.0144117 0.0238832 0.0347078 0.0442938 0.0500165 0.0506538 0.0470581 0.0414519 0.0359499 0.0315001 0.0278781 0.024399
 1.07325e-16 5.42303e-05 0.000527138 0.00350302 0.0159242 0.0495463 0.105564 0.154079 0.154099 0.105665 0.0498843 0.0169017 0.00596165 0.00591105 0.0103286 0.0171194 0.0249628 0.0320415 0.0365332 0.0375994 0.0358383 0.0327657 0.0297634 0.027353 0.0252352 0.022839
 1.01816e-16 7.41234e-05 0.000720505 0.00478801 0.0217656 0.0677209 0.144287 0.210592 0.210599 0.144321 0.0678341 0.0220926 0.00560963 0.00251661 0.00349274 0.00567676 0.00821774 0.0104354 0.0116915 0.0116969 0.0106757 0.0091956 0.00780566 0.00676536 0.00602673 0.00539873
 1.02807e-16 3.27243e-05 0.000318092 0.00211384 0.00960922 0.0298982 0.0637031 0.0929878 0.0930412 0.0639639 0.0307736 0.0121369 0.00845529 0.0141501 0.0262686 0.0432875 0.0621475 0.0777182 0.0847914 0.0809681 0.0681108 0.0511315 0.0351273 0.0230677 0.0153539 0.0108435
 1.02863e-16 7.03318e-05 0.00068365 0.0045431 0.0206523 0.0642569 0.136906 0.19982 0.199827 0.136938 0.0643639 0.0209628 0.00532735 0.00241155 0.00339834 0.00562756 0.00838021 0.0111202 0.0133303 0.0147378 0.0154103 0.0155883 0.0154141 0.014815 0.0136233 0.0117914
 1.03577e-16 4.70321e-05 0.000457169 0.00303805 0.0138106 0.04297 0.0915534 0.133633 0.133669 0.0917317 0.0435684 0.0155384 0.00737331 0.00991461 0.0179898 0.0296185 0.0425528 0.0532895 0.0583003 0.0559824 0.0476372 0.0366228 0.0263773 0.0188326 0.0141305 0.011362
 1.06929e-16 4.51213e-05 0.000438595 0.00291462 0.0132495 0.0412241 0.0878334 0.128201 0.128229 0.087968 0.0416767 0.0145589 0.00620968 0.00765868 0.0138361 0.0230074 0.0336143 0.0432586 0.0494857 0.0511028 0.0487793 0.0443815 0.039638 0.035252 0.031001 0.0264361
 1.06652e-16 5.80313e-05 0.000564085 0.00374854 0.0170404 0.0530189 0.112963 0.164877 0.164894 0.113048 0.0533053 0.0178685 0.00583167 0.00512604 0.00876497 0.0145121 0.0211694 0.0271959 0.0310599 0.0320665 0.0307358 0.0283535 0.0260714 0.0242884 0.0226925 0.020746
 1.04734e-16 5.82616e-05 0.000566324 0.00376342 0.017108 0.0532294 0.113412 0.165532 0.165553 0.113516 0.053579 0.0181181 0.00630026 0.00610877 0.0105979 0.0174643 0.0252392 0.0319268 0.0355361 0.0351618 0.0315148 0.0264098 0.021635 0.0180901 0.0156969 0.0138831
 1.08972e-16 2.48048e-05 0.000241111 0.00160227 0.00728372 0.0226626 0.048287 0.070487 0.070538 0.0485361 0.0234992 0.00970119 0.00767489 0.0135125 0.0252731 0.0418562 0.06056 0.0767163 0.0855614 0.0848788 0.0762658 0.0639266 0.0520237 0.0426861 0.0358422 0.0303593
 1.09543e-16 5.77524e-05 0.000561374 0.00373053 0.0169585 0.0527641 0.11242 0.164082 0.164093 0.112471 0.0529361 0.0174582 0.00499553 0.0033582 0.00547333 0.00922953 0.0139287 0.0188584 0.0233056 0.026914 0.0297855 0.0321682 0.0340191 0.0348689 0.0341116 0.0314509
 1.08818e-16 4.76366e-05 0.000463045 0.0030771 0.0139881 0.0435222 0.0927298 0.135348 0.135379 0.0928795 0.0440249 0.0154401 0.0067224 0.008423 0.0151725 0.0250305 0.0361146 0.0455681 0.0505374 0.0497737 0.0444073 0.0371874 0.0307974 0.0265427 0.0241809 0.022643
 1.12193e-16 3.32863e-05 0.000323555 0.00215014 0.00977424 0.0304115 0.0647962 0.0945797 0.0946164 0.0649757 0.0310148 0.0115191 0.00653869 0.00993307 0.0183695 0.0305414 0.0445212 0.0570972 0.0649893 0.0666609 0.0631443 0.0571367 0.0511505 0.0462247 0.0419754 0.0375227
 1.1002e-16 5.65244e-05 0.000549437 0.0036512 0.0165979 0.0516422 0.11003 0.160594 0.160609 0.110099 0.0518761 0.0172756 0.00536009 0.00430534 0.00726485 0.0121194 0.0179228 0.0235369 0.0278356 0.0303138 0.031328 0.0316938 0.0319831 0.0321188 0.0315399 0.0296969
 1.07353e-16 5.30296e-05 0.000515466 0.00342545 0.0155716 0.0484493 0.103227 0.150669 0.150694 0.103351 0.0488661 0.016776 0.00644986 0.00712213 0.0126137 0.0208062 0.0300595 0.0380098 0.0422986 0.0418797 0.0376529 0.031838 0.0265996 0.0229877 0.0208179 0.0192665
 1.11225e-16 2.788e-05 0.000271003 0.00180092 0.00818673 0.0254722 0.0542728 0.0792221 0.0792668 0.0544909 0.0262047 0.0103042 0.00712285 0.0119113 0.0222011 0.0368324 0.0534632 0.068089 0.0766229 0.0771635 0.0710572 0.0618217 0.0528525 0.0457505 0.040261 0.0353306
 1.197e-16 3.32927e-05 0.000323617 0.00215055 0.0097761 0.0304172 0.0648079 0.0945939 0.0946169 0.0649208 0.0307974 0.0108792 0.00493776 0.00646918 0.011885 0.0200693 0.0300227 0.0401103 0.0486526 0.0548613 0.0591434 0.0624217 0.0650773 0.0664756 0.0654323 0.0611248
 1.08867e-16 6.57904e-05 0.000639507 0.00424975 0.0193187 0.0601078 0.128066 0.186919 0.186928 0.128111 0.0602584 0.0197547 0.00534755 0.00304769 0.00467459 0.00771909 0.0113447 0.0147741 0.0172828 0.0185967 0.0190581 0.0193477 0.0199713 0.0209197 0.0217217 0.0217757
pSPR Fmed_Fpbrs
0.744701   0.194004 0.194004
Fs Fmed_Fpbrs
0.147715   1.005 1.005
SSBpbr Bo_Bmed_Bpbrs
2.50372e+06  1.73933e+06  360546 360546
Ro
245553
SPR SPRFo_SPRFmed_SPRFpbrs
1.7552e+06 1.3071e+06 340516
Fref
1.005
Nvult_r0
 298916 26748.5 11558.2 11691.8 4705.15
CTP_r0
 28843.5 2881.23 1245 1259.39 506.818
YTP_r0
391301
Np
 324017 147638 12940.4 5591.64 7500.45
Nvult_p0
 275024 127757 11197.8 4838.67 6490.43
CTP_p0
 129440 64037.6 5612.86 2425.37 3253.31
YTP_p0
 2.31907e+06
CBA_c0
969631
log_Ro
12.2313
likeval ReclasPelacesDesembMPH_pf_preclas_ppelaces_ptallas_desvR_qrecl_qpela
 18.6451 18.2319 0.146156 0.00366495 242.041 121.238 100.214 0 20.2058 1.25917e-05 0 0.741706 0 0 0
q_reclas_q_pelaces
0.604813 1
M
1
N
 256283 56167.5 238075 12281.4 0.398001
 149331 87507.5 18992.8 80504.2 4153.03
 147357 48081.1 27690.1 6009.92 26788.2
 321198 47684.8 15301.2 8811.99 10437.6
 258197 99261 14405.2 4622.36 5815.14
 401148 89888.7 34309.1 4979.09 3607.67
 169916 132144 29187.5 11140.4 2788.19
 82597.4 49717.3 37528.5 8289.16 3955.68
 71102.5 29344.5 17583 13272.4 4330.52
 88803.9 22776.9 9232.16 5531.85 5538.09
 153705 27232.2 6820.9 2764.72 3315.07
 191673 53738.3 9457.94 2368.95 2111.55
 163190 54881.2 14892.3 2621.04 1241.66
 115537 47560.9 15516.6 4210.52 1092.11
 119400 29404.6 11536.9 3763.89 1286.26
 568584 34380.6 8200.85 3217.61 1408.47
 156947 165493 9706.02 2315.19 1305.99
 847324 49826.3 51540.1 3022.78 1127.76
 525412 265866 15313.3 15840 1275.6
 388836 153231 75225.3 4332.79 4842.74
 603305 116477 44687.7 21938.4 2675.92
 802574 190180 35985.2 13806.2 7604.55
 184116 242873 56105.4 10616.1 6316.42
 533091 60492.3 78630.2 18164.2 5481.9
 431631 178225 19973.5 25962.4 7807.54
 204474 143854 58639.2 6571.63 11110.9
 434683 69442.2 48348.2 19708.2 5942.96
 473184 145180 22902.8 15945.8 8460.04
 156701 160250 48639.8 7673.12 8176.68
 120893 53019.8 53632.5 16278.8 5304.61
 446553 39688.8 17149.9 17348.1 6981.4
pred_Ctot
 11710.6 2889.44 12247.3 631.792 0.0204744
 11907.5 7831.69 1699.81 7204.92 371.685
 11329.5 4150.17 2390.1 518.753 2312.25
 32942.6 5477.63 1757.67 1012.25 1198.98
 8797.48 3811.56 553.15 177.496 223.297
 26753.5 6736.49 2571.22 373.147 270.369
 22392.7 19451.7 4296.43 1639.88 410.424
 1794.47 1218.61 919.856 203.175 96.9572
 5874.26 2720.32 1630 1230.38 401.451
 9481.89 2722.8 1103.63 661.289 662.035
 4842.85 967.188 242.253 98.1925 117.739
 27412.3 8575.19 1509.23 378.02 336.947
 21843 8203.43 2226.04 391.783 185.599
 23190.2 10591.6 3455.48 937.661 243.207
 16729.7 4598.27 1804.13 588.594 201.145
 76495 5165.08 1232.03 483.389 211.598
 13758 16270.8 954.265 227.622 128.401
 79807.2 5260.36 5441.29 319.127 119.062
 70144.4 39639.1 2283.12 2361.64 190.184
 46422.7 20457.7 10043.2 578.466 646.549
 55270.9 11963.7 4590.01 2253.36 274.852
 91444.4 24244.1 4587.37 1760 969.424
 12555.8 18609.2 4298.86 813.414 483.971
 30977.3 3953.04 5138.31 1186.99 358.23
 25869.3 12010.4 1346 1749.58 526.142
 9996.29 7915.32 3226.52 361.593 611.357
 25511.9 4583.1 3190.93 1300.72 392.229
 23916.3 8257.62 1302.67 906.969 481.193
 8005.59 9212.57 2796.24 441.118 470.067
 8299.29 4089.35 4136.6 1255.56 409.138
 28843.5 2881.23 1245 1259.39 506.818
F
 0.0745586 0.0842764 0.0842764 0.0842764 0.0842764
 0.133279 0.150651 0.150651 0.150651 0.150651
 0.128245 0.14496 0.14496 0.14496 0.14496
 0.174305 0.197023 0.197023 0.197023 0.197023
 0.0551527 0.0623412 0.0623412 0.0623412 0.0623412
 0.110437 0.124832 0.124832 0.124832 0.124832
 0.22895 0.258791 0.258791 0.258791 0.258791
 0.0348722 0.0394174 0.0394174 0.0394174 0.0394174
 0.138376 0.156412 0.156412 0.156412 0.156412
 0.18203 0.205755 0.205755 0.205755 0.205755
 0.0509108 0.0575464 0.0575464 0.0575464 0.0575464
 0.250618 0.283282 0.283282 0.283282 0.283282
 0.232902 0.263258 0.263258 0.263258 0.263258
 0.368438 0.416459 0.416459 0.416459 0.416459
 0.244982 0.276913 0.276913 0.276913 0.276913
 0.234219 0.264747 0.264747 0.264747 0.264747
 0.147362 0.166568 0.166568 0.166568 0.166568
 0.159089 0.179824 0.179824 0.179824 0.179824
 0.232238 0.262507 0.262507 0.262507 0.262507
 0.205468 0.232248 0.232248 0.232248 0.232248
 0.154451 0.174582 0.174582 0.174582 0.174582
 0.195287 0.22074 0.22074 0.22074 0.22074
 0.113047 0.127781 0.127781 0.127781 0.127781
 0.095642 0.108108 0.108108 0.108108 0.108108
 0.0987725 0.111646 0.111646 0.111646 0.111646
 0.0799474 0.0903676 0.0903676 0.0903676 0.0903676
 0.0966394 0.109235 0.109235 0.109235 0.109235
 0.0827502 0.0935357 0.0935357 0.0935357 0.0935357
 0.0836742 0.0945801 0.0945801 0.0945801 0.0945801
 0.113837 0.128674 0.128674 0.128674 0.128674
 0.106799 0.120719 0.120719 0.120719 0.120719
nmprior
 8.19 8.8 8.5 0
nm_flota  nm_reclas  nm_pelaces    nm_pelaL
inf 11.2043 11.4477 23.7868
cv_recla  cv_pelaces  cv_mph
0.390578 0.484159 1.86827
 ------------------------------------------------
Talla a la edad & desviaci?n 
 8 13.2811 15.8009 17.003 17.5766
 0.8 1.32811 1.58009 1.7003 1.75766
