    unsorted:	 2.314850355e-06 5.617121811e-05 0.0001028090193 0.001099990615 9.581941997 10.42943982 8.719877760 13.89300522 64.83411785 88.97955960 175.0646297 189.5809182 222.8810243 231.5782382 433.0245776 493.4582632 563.7905592 795.2144943 804.7011068 772.8601682 874.6397581 936.8529599 1020.155852 1011.376894 1104.107697 1237.164606 1248.258465 1334.253673 1542.100695 1731.688077 1801.393393 2005.849787 2271.457471 2305.768238 2334.227005 2438.563680 2519.712195 2702.904633 2970.902832 3223.889480 3466.973317 3811.261627 4195.023472 10078.46864 41615.65975 158269.9553 378914.6269 376390.2502 362474.3061 347751.1735 337931.5649 392476.6446 407141.5688 301213.4554 222600.4526 443487.2641 461668.2684 506228.6251 636525.2182 707461.0401 692407.7064 734265.6459 765426.4230 1025497.444 1150771.091 1239971.181 1296423.533 1445103.342 1543536.545 1802287.300 1916077.107 2165051.409 2570017.664 2538205.868 2788012.517 3019549.790 3364351.534
      sorted:	 2.314850355e-06 5.617121811e-05 0.0001028090193 0.001099990615 8.719877760 9.581941997 10.42943982 13.89300522 64.83411785 88.97955960 175.0646297 189.5809182 222.8810243 231.5782382 433.0245776 493.4582632 563.7905592 772.8601682 795.2144943 804.7011068 874.6397581 936.8529599 1011.376894 1020.155852 1104.107697 1237.164606 1248.258465 1334.253673 1542.100695 1731.688077 1801.393393 2005.849787 2271.457471 2305.768238 2334.227005 2438.563680 2519.712195 2702.904633 2970.902832 3223.889480 3466.973317 3811.261627 4195.023472 10078.46864 41615.65975 158269.9553 222600.4526 301213.4554 337931.5649 347751.1735 362474.3061 376390.2502 378914.6269 392476.6446 407141.5688 443487.2641 461668.2684 506228.6251 636525.2182 692407.7064 707461.0401 734265.6459 765426.4230 1025497.444 1150771.091 1239971.181 1296423.533 1445103.342 1543536.545 1802287.300 1916077.107 2165051.409 2538205.868 2570017.664 2788012.517 3019549.790 3364351.534
