years
 1991 1992 1993 1994 1995 1996 1997 1998 1999 2000 2001 2002 2003 2004 2005 2006 2007 2008 2009 2010 2011 2012 2013 2014 2015 2016 2017 2018 2019 2020 2021
reclasobs
 0 0 0 0 0 0 0 0 0 252601 567819 844713 477998 351125 339783 2.1784e+06 2.13404e+06 4.81314e+06 1.55562e+06 2.62356e+06 3.21686e+06 3.843e+06 1.13348e+06 3.07943e+06 1.97215e+06 2.03268e+06 2.025e+06 2.42433e+06 2.27542e+06 1.05018e+06 2.36338e+06
reclaspred
 3.98211e+06 1.50871e+06 832372 460467 114508 1.88201e+06 803530 345711 126746 205821 345245 622399 567981 405635 319117 1.78268e+06 1.22622e+06 4.22437e+06 3.39376e+06 1.93097e+06 3.74724e+06 3.31849e+06 2.01605e+06 3.59789e+06 2.4184e+06 1.7031e+06 2.56266e+06 3.49671e+06 2.57732e+06 1.09825e+06 1.63201e+06
pelacesobs
 0 0 0 0 0 0 0 0 0 0 0 0 0 0 0 552880 188675 0 991730 2.46772e+06 1.41603e+06 1.21717e+06 2.29649e+06 1.80582e+06 0 1.4828e+06 1.56532e+06 1.57751e+06 1.42118e+06 867257 1.10002e+06
pelacespred
 1.07794e+06 420802 199324 73373 19059.4 473643 157130 91353 19084.9 38823 83334.5 123425 123869 85763.7 67533.4 376535 258076 1.09977e+06 867952 457615 898979 802323 492657 1.01071e+06 639487 447115 784857 1.04752e+06 640123 313695 437283
mphobs
 0 0 0 0 0 0 0 0 0 0 0 498337 0 5186 125008 0 168611 109162 213762 579715 649985 157893 87575 83554 0 0 0 0 0 0 0
mphpred
 772737 374203 105698 81371.4 26796.2 6858.9 187625 60703.6 23170.9 4480.53 12326.1 39151.2 52389.7 36909 19204.9 20848 201709 124518 437514 298693 233055 343784 351248 215870 360833 256758 165189 239351 442161 244987 93797.2
desembarqueobs
 494567 514787 250237 358949 120608 361735 552515 73892 212993 205616 52469 317467 293654 387597 252695 516296 358380 742168 942051 627588 828172 859565 418607 520667 417249 300574 407403 355545 319650 289779 391294
desembarquepred
 494528 514774 249606 358795 120544 361579 551894 73872.3 212739 205453 52460.9 317237 293401 387037 252440 515957 358257 741748 940904 626750 827768 858901 418397 520496 417031 300395 407216 355404 319500 289578 391120
Reclutas
 27073.1 17988.3 174490 25787.5 10145 315064 19909.2 5213.68 17081.8 58543.2 54109.9 123196 84942.4 67868.1 47706.5 397772 22782.3 666754 321337 169440 382637 516240 32171.5 279691 179578 55980.7 233847 303328 33142.9 17135.7 165610
log_desv_Rt
 -1.06288 -1.4717 0.800453 -1.11152 -2.04443 1.39136 -1.37023 -2.71013 -1.5234 -0.29165 -0.370398 0.452365 0.0805581 -0.143848 -0.496346 1.62446 -1.23543 2.14101 1.41108 0.771086 1.58567 1.88516 -0.890333 1.27227 0.829197 -0.336408 1.09325 1.3534 -0.860587 -1.52025 0.748219
SSB
 2.36721e+06 1.14633e+06 323794 249273 82087.4 21011.6 574771 185959 70981.9 13725.7 37759.8 119936 160491 113067 58832.4 63865.8 617914 381450 1.34028e+06 915016 713941 1.05315e+06 1.07601e+06 661295 1.10538e+06 786552 506041 733229 1.35452e+06 750494 287339
BT
 2.93734e+06 1.52205e+06 694853 434354 148760 1.41263e+06 849609 279814 245332 284910 235967 545756 549883 599737 406474 1.27584e+06 877254 3.20828e+06 2.8926e+06 1.63445e+06 2.77187e+06 2.62644e+06 1.49961e+06 2.82658e+06 1.866e+06 1.30599e+06 2.2384e+06 2.76964e+06 1.74326e+06 1.02895e+06 1.39096e+06
Ftot
 0.209458 0.554402 0.561887 1.21437 1.55524 0.41625 1.0672 0.365457 2.40901 1.81729 0.317454 0.963669 0.943962 1.64655 1.4523 0.610506 0.494619 0.366648 0.506941 0.57832 0.429375 0.4921 0.354411 0.290055 0.31416 0.313389 0.31982 0.206697 0.212619 0.441241 0.482337
BD_Bspro_t
 0.967127 0.744575 0.437979 0.399339 0.154912 0.0619646 0.52645 0.234245 0.14013 0.0417834 0.128402 0.379164 0.315781 0.217313 0.123979 0.13869 0.476675 0.355687 0.589426 0.461657 0.364083 0.454399 0.484028 0.405762 0.563004 0.540071 0.497472 0.61545 0.726026 0.59681 0.414367
BD_Bspro
 4.22588 2.04641 0.578031 0.444997 0.146541 0.0375094 1.02607 0.331971 0.126715 0.0245028 0.0674079 0.214107 0.286505 0.201845 0.105026 0.114012 1.10309 0.680956 2.39264 1.63347 1.27451 1.88005 1.92088 1.18053 1.97329 1.40414 0.903373 1.30894 2.41805 1.33977 0.512951
BD_Bo
 1.43483 0.694827 0.196261 0.151092 0.0497556 0.0127357 0.348386 0.112716 0.0430242 0.00831953 0.0228873 0.0726966 0.0972782 0.0685334 0.0356601 0.038711 0.374536 0.231208 0.812384 0.554618 0.432741 0.638344 0.652204 0.400831 0.670001 0.476753 0.306726 0.444432 0.821012 0.454897 0.174164
BD_Brms
 8.33682 4.03716 1.14034 0.87789 0.289095 0.0739985 2.02423 0.654912 0.249984 0.048339 0.132982 0.42239 0.565216 0.3982 0.207196 0.224923 2.17617 1.34339 4.7202 3.2225 2.51436 3.70897 3.7895 2.32895 3.89291 2.77008 1.78218 2.58229 4.77033 2.64309 1.01195
Sel_flota
 0.756267 0.983321 0.999108 0.999953 0.999998
 0.756267 0.983321 0.999108 0.999953 0.999998
 0.756267 0.983321 0.999108 0.999953 0.999998
 0.756267 0.983321 0.999108 0.999953 0.999998
 0.756267 0.983321 0.999108 0.999953 0.999998
 0.756267 0.983321 0.999108 0.999953 0.999998
 0.756267 0.983321 0.999108 0.999953 0.999998
 0.756267 0.983321 0.999108 0.999953 0.999998
 0.756267 0.983321 0.999108 0.999953 0.999998
 0.756267 0.983321 0.999108 0.999953 0.999998
 0.756267 0.983321 0.999108 0.999953 0.999998
 0.756267 0.983321 0.999108 0.999953 0.999998
 0.756267 0.983321 0.999108 0.999953 0.999998
 0.756267 0.983321 0.999108 0.999953 0.999998
 0.756267 0.983321 0.999108 0.999953 0.999998
 0.756267 0.983321 0.999108 0.999953 0.999998
 0.756267 0.983321 0.999108 0.999953 0.999998
 0.756267 0.983321 0.999108 0.999953 0.999998
 0.756267 0.983321 0.999108 0.999953 0.999998
 0.756267 0.983321 0.999108 0.999953 0.999998
 0.756267 0.983321 0.999108 0.999953 0.999998
 0.756267 0.983321 0.999108 0.999953 0.999998
 0.756267 0.983321 0.999108 0.999953 0.999998
 0.756267 0.983321 0.999108 0.999953 0.999998
 0.756267 0.983321 0.999108 0.999953 0.999998
 0.756267 0.983321 0.999108 0.999953 0.999998
 0.756267 0.983321 0.999108 0.999953 0.999998
 0.756267 0.983321 0.999108 0.999953 0.999998
 0.756267 0.983321 0.999108 0.999953 0.999998
 0.756267 0.983321 0.999108 0.999953 0.999998
 0.756267 0.983321 0.999108 0.999953 0.999998
Sel_reclas
 1 1 1 1 1
 1 1 1 1 1
 1 1 1 1 1
 1 1 1 1 1
 1 1 1 1 1
 1 1 1 1 1
 1 1 1 1 1
 1 1 1 1 1
 1 1 1 1 1
 1 1 1 1 1
 1 1 1 1 1
 1 1 1 1 1
 1 1 1 1 1
 1 1 1 1 1
 1 1 1 1 1
 1 1 1 1 1
 1 1 1 1 1
 1 1 1 1 1
 1 1 1 1 1
 1 1 1 1 1
 1 1 1 1 1
 1 1 1 1 1
 1 1 1 1 1
 1 1 1 1 1
 1 1 1 1 1
 1 1 1 1 1
 1 1 1 1 1
 1 1 1 1 1
 1 1 1 1 1
 1 1 1 1 1
 1 1 1 1 1
Sel_pelaces
 1 1 1 1 1
 1 1 1 1 1
 1 1 1 1 1
 1 1 1 1 1
 1 1 1 1 1
 1 1 1 1 1
 1 1 1 1 1
 1 1 1 1 1
 1 1 1 1 1
 1 1 1 1 1
 1 1 1 1 1
 1 1 1 1 1
 1 1 1 1 1
 1 1 1 1 1
 1 1 1 1 1
 1 1 1 1 1
 1 1 1 1 1
 1 1 1 1 1
 1 1 1 1 1
 1 1 1 1 1
 1 1 1 1 1
 1 1 1 1 1
 1 1 1 1 1
 1 1 1 1 1
 1 1 1 1 1
 1 1 1 1 1
 1 1 1 1 1
 1 1 1 1 1
 1 1 1 1 1
 1 1 1 1 1
 1 1 1 1 1
pf_obs 
 0.8446 0.082 0.0669 0.0065 0
 0.8095 0.147 0.0364 0.0071 0
 0.9664 0.0169 0.016 0.0007 0
 0.9276 0.0648 0.0075 0.0001 0
 0.7033 0.2144 0.0806 0.0017 0
 0.9318 0.0425 0.0243 0.0014 0
 0.5671 0.3108 0.0964 0.0239 0.0018
 0.0768 0.2599 0.5324 0.112 0.0189
 0.490249 0.384438 0.106611 0.0170017 0.00170017
 0.7925 0.1577 0.0466 0.003 0.0002
 0.840416 0.127587 0.0312969 0.00059994 9.999e-05
 0.8084 0.0986 0.0794 0.0134 0.0002
 0.7335 0.1905 0.0724 0.0035 0.0001
 0.4001 0.4547 0.1325 0.0127 0
 0.49795 0.308269 0.164784 0.0264974 0.00249975
 0.9179 0.0499 0.0305 0.0017 0
 0.2467 0.6533 0.0926 0.0074 0
 0.9418 0.0223 0.034 0.0019 0
 0.707729 0.231977 0.0356964 0.0245975 0
 0.517169 0.277429 0.184464 0.0207286 0.00020938
 0.811772 0.124168 0.05621 0.00726502 0.000585176
 0.764997 0.148141 0.077277 0.00933861 0.000247198
 0.163321 0.427699 0.378323 0.0303852 0.000271297
 0.753843 0.0900009 0.118128 0.0371064 0.000921714
 0.721811 0.176058 0.0630433 0.0369309 0.00215725
 0.143369 0.312575 0.442814 0.0836902 0.0175525
 0.692698 0.0596174 0.167031 0.0765114 0.00414204
 0.394062 0.376323 0.152708 0.0712218 0.00568511
 0.125707 0.32114 0.495352 0.0537591 0.00404204
 0.23352 0.215282 0.420074 0.123614 0.00750983
 0.774587 0.0839891 0.0768558 0.0609784 0.00358967
pf_pred 
 0.124025 0.210645 0.593746 0.0715829 8.01925e-07
 0.21383 0.125236 0.161036 0.446157 0.0537407
 0.8999 0.0277957 0.0117284 0.0147718 0.0458045
 0.324854 0.62597 0.0138725 0.00573208 0.0295713
 0.496374 0.215161 0.268021 0.00577381 0.0146703
 0.992679 0.00454547 0.00120794 0.00145701 0.00011094
 0.163797 0.831738 0.00279336 0.000728044 0.000944048
 0.223738 0.176478 0.596666 0.0019518 0.00116665
 0.749192 0.0713469 0.0414056 0.137339 0.000717052
 0.977269 0.0194446 0.000965629 0.000536452 0.00178448
 0.885764 0.112709 0.00131329 6.29443e-05 0.000150992
 0.856474 0.130959 0.0124019 0.000141872 2.30877e-05
 0.743417 0.230558 0.0237979 0.00219738 2.9188e-05
 0.756876 0.19726 0.041317 0.00415848 0.00038855
 0.826676 0.145443 0.0227637 0.00461042 0.000506475
 0.979897 0.0177889 0.00195119 0.000296067 6.64404e-05
 0.16355 0.824392 0.0106958 0.00114846 0.000213126
 0.951146 0.0103499 0.0379599 0.000482727 6.13854e-05
 0.572535 0.41202 0.00332083 0.0119531 0.000171162
 0.524496 0.308521 0.161071 0.00127221 0.00463981
 0.82181 0.108221 0.0457316 0.0233806 0.000857176
 0.778685 0.191127 0.0184759 0.00765742 0.00405425
 0.139225 0.713553 0.127493 0.0120803 0.00764925
 0.813877 0.0333643 0.127035 0.0222797 0.00344432
 0.595313 0.346211 0.0106391 0.0397876 0.00804907
 0.360753 0.424335 0.184359 0.00556321 0.0249896
 0.831059 0.0729516 0.0641098 0.0273516 0.00452824
 0.7537 0.214126 0.0140398 0.0121155 0.00601876
 0.179196 0.658001 0.14186 0.00914372 0.0117994
 0.22848 0.173116 0.481356 0.102003 0.0150448
 0.895407 0.0304301 0.0168971 0.0460743 0.0111919
pobs_RECLAS
 0 0 0 0 0
 0 0 0 0 0
 0 0 0 0 0
 0 0 0 0 0
 0 0 0 0 0
 0 0 0 0 0
 0 0 0 0 0
 0 0 0 0 0
 0 0 0 0 0
 0 0 0 0 0
 0.991045 0.00858322 0.000360255 1.14367e-05 0
 0.934742 0.0480273 0.0164251 0.00080598 0
 0.827803 0.169806 0.00239088 0 0
 0.941827 0.0461693 0.0120037 0 0
 0.791401 0.0380133 0.147996 0.0225897 0
 0.846168 0.0940531 0.0597789 0 0
 0.134021 0.677848 0.182769 0.00536245 0
 0.80878 0.0450904 0.141981 0.00414843 0
 0.846168 0.0940531 0.0597789 0 0
 0.905697 0.0802665 0.012482 0.00150086 5.37128e-05
 0.989698 0.0102097 9.19794e-05 0 0
 0.975433 0.0193895 0.00387452 0.00125025 5.28907e-05
 0.303575 0.632131 0.0575291 0.00676475 0
 0.966965 0.00978017 0.0227588 0.000495775 0
 0.843318 0.132988 0.00938335 0.0141283 0.000182051
 0.564624 0.303363 0.111486 0.0197234 0.00080311
 0.826376 0.0876187 0.0782897 0.00655872 0.00115652
 0.89761 0.0855135 0.0140674 0.00269457 0.000114338
 0.34875 0.467042 0.161289 0.0227151 0.000203297
 0.318654 0.224769 0.449479 0.00709798 0
 0.937255 0.0296025 0.0250945 0.00804832 0
ppred_RECLAS
 0.157713 0.205069 0.568711 0.0685055 7.67415e-07
 0.267061 0.118505 0.149809 0.414678 0.0499466
 0.923209 0.0215989 0.00895973 0.0112744 0.0349583
 0.395712 0.561081 0.012198 0.00503506 0.0259741
 0.580156 0.181499 0.22147 0.00476575 0.0121083
 0.994454 0.00346589 0.000905812 0.00109162 8.31141e-05
 0.209011 0.786844 0.0025938 0.000675364 0.000875692
 0.27691 0.166503 0.553695 0.00180965 0.00108163
 0.817284 0.052952 0.0299702 0.0992756 0.000518286
 0.98381 0.0138948 0.000675083 0.000374604 0.00124603
 0.91039 0.0884312 0.00101358 4.85373e-05 0.000116426
 0.889161 0.101295 0.00941908 0.000107646 1.75169e-05
 0.795604 0.184003 0.0186501 0.00172039 2.2851e-05
 0.813258 0.152115 0.0311972 0.00313642 0.000293036
 0.868239 0.110926 0.0170144 0.0034423 0.00037813
 0.984755 0.013517 0.0014574 0.000220939 4.95784e-05
 0.20484 0.783888 0.0100003 0.00107281 0.000199078
 0.962792 0.00798616 0.0288094 0.000366039 4.65448e-05
 0.638471 0.348686 0.00276328 0.00993735 0.000142291
 0.594461 0.264703 0.135855 0.00107206 0.00390969
 0.859201 0.0860824 0.0357737 0.0182734 0.000669903
 0.822847 0.153346 0.0145759 0.00603563 0.00319544
 0.175398 0.685504 0.120472 0.011405 0.00722134
 0.852985 0.0267138 0.100058 0.0175331 0.0027104
 0.658889 0.292541 0.00884307 0.0330421 0.00668414
 0.426374 0.382892 0.163639 0.00493366 0.0221607
 0.866771 0.0580787 0.050206 0.021401 0.00354292
 0.800219 0.174061 0.0112289 0.00968147 0.00480937
 0.222461 0.625331 0.132643 0.00854222 0.0110227
 0.282908 0.163024 0.44577 0.0943787 0.0139195
 0.919434 0.0237322 0.0129579 0.0353016 0.0085747
pobs_PELACES
 0 0 0 0 0
 0 0 0 0 0
 0 0 0 0 0
 0 0 0 0 0
 0 0 0 0 0
 0 0 0 0 0
 0 0 0 0 0
 0 0 0 0 0
 0 0 0 0 0
 0 0 0 0 0
 0 0 0 0 0
 0 0 0 0 0
 0 0 0 0 0
 0 0 0 0 0
 0 0 0 0 0
 0 0 0 0 0
 0.505614 0.472636 0.0217494 0 0
 0 0 0 0 0
 0.443492 0.261883 0.143347 0.151278 0
 0.227955 0.32914 0.350689 0.0885471 0.00366901
 0.970185 0.0296113 0.000203453 0 0
 0.997202 0.00247181 0.000326279 0 0
 0.445219 0.490057 0.0546422 0.010081 0
 0.90214 0.0892962 0.00764917 0.000914606 0
 0 0 0 0 0
 0.581667 0.319106 0.0959925 0.00289975 0.000334073
 0.762889 0.0836404 0.116647 0.0363945 0.000428098
 0.88444 0.0763242 0.0277011 0.0115352 0
 0.521256 0.241999 0.230069 0.00667565 0
 0.616807 0.101726 0.260614 0.0208532 0
 0.833518 0.0704572 0.0857862 0.0102388 0
ppred_PELACES
 0.159921 0.204702 0.567073 0.0683041 7.65157e-07
 0.275773 0.117391 0.147974 0.409534 0.0493266
 0.926291 0.0207776 0.00859384 0.0108123 0.0335251
 0.417777 0.540847 0.011684 0.00482124 0.0248706
 0.609344 0.169662 0.205355 0.00441706 0.0112221
 0.994627 0.00336005 0.000876248 0.00105587 8.03916e-05
 0.222544 0.773405 0.00253537 0.000659952 0.000855695
 0.282724 0.165407 0.549003 0.00179413 0.00107235
 0.843937 0.0456487 0.0255144 0.0844591 0.000440918
 0.985861 0.0121512 0.000584809 0.000324346 0.00107883
 0.912314 0.086535 0.000990207 4.74138e-05 0.000113731
 0.89612 0.0949759 0.0087873 0.000100398 1.63373e-05
 0.806942 0.173881 0.0175378 0.00161736 2.14822e-05
 0.831499 0.137476 0.027954 0.00280907 0.000262446
 0.880324 0.100873 0.0153559 0.0031055 0.000341126
 0.985432 0.0129215 0.00138876 0.000210498 4.72352e-05
 0.210949 0.777894 0.00989825 0.00106172 0.000197019
 0.963816 0.00777802 0.0280049 0.000355782 4.52403e-05
 0.647214 0.340287 0.0026896 0.00967103 0.000138476
 0.605113 0.25802 0.132026 0.00104169 0.00379887
 0.863152 0.0837405 0.0347227 0.0177344 0.00065014
 0.828208 0.148758 0.0141036 0.00583925 0.00309144
 0.179318 0.682459 0.119716 0.0113323 0.00717526
 0.855843 0.0262271 0.0980867 0.0171863 0.00265677
 0.664214 0.288045 0.00869291 0.0324782 0.00657003
 0.432261 0.37917 0.161784 0.0048773 0.0219074
 0.869623 0.05689 0.0490966 0.0209262 0.0034643
 0.802706 0.171919 0.0110788 0.00955147 0.00474478
 0.225267 0.623211 0.132046 0.00850332 0.0109724
 0.290032 0.161694 0.441119 0.0933825 0.0137725
 0.922203 0.0229588 0.0125042 0.0340609 0.00827326
pobs_pel_tallas
 0 0 0 0 0 0 0 0 0 0 0 0 0 0 0 0 0 0 0 0 0 0 0 0 0 0
 0 0 0 0 0 0 0 0 0 0 0 0 0 0 0 0 0 0 0 0 0 0 0 0 0 0
 0 0 0 0 0 0 0 0 0 0 0 0 0 0 0 0 0 0 0 0 0 0 0 0 0 0
 0 0 0 0 0 0 0 0 0 0 0 0 0 0 0 0 0 0 0 0 0 0 0 0 0 0
 0 0 0 0 0 0 0 0 0 0 0 0 0 0 0 0 0 0 0 0 0 0 0 0 0 0
 0 0 0 0 0 0 0 0 0 0 0 0 0 0 0 0 0 0 0 0 0 0 0 0 0 0
 0 0 0 0 0 0 0 0 0 0 0 0 0 0 0 0 0 0 0 0 0 0 0 0 0 0
 0 0 0 0 0 0 0 0 0 0 0 0 0 0 0 0 0 0 0 0 0 0 0 0 0 0
 0 0 0 0 0 0 0 0 0 0 0 0 0 0 0 0 0 0 0 0 0 0 0 0 0 0
 0 0 0 0 0 0 0 0 0 0 0 0 0 0 0 0 0 0 0 0 0 0 0 0 0 0
 0 0 0 0 0 0 0 0 0 0 0 0 0 0 0 0 0 0 0 0 0 0 0 0 0 0
 0 0 0 0 0 0 0 0 0 0 0 0 0 0 0 0 0 0 0 0 0 0 0 0 0 0
 0.00862536 0 0 0.000197151 0.00414017 0.0128641 0.00837892 0.0270097 0.101434 0.158115 0.152841 0.127902 0.109271 0.109419 0.0830992 0.0579132 0.0238553 0.00714673 0.00463305 0.00128148 0.00103504 0.000492878 0.000147863 0.000147863 4.92878e-05 0
 0 0 0 0 0 0 0 0 0 0 0 0 0 0 0 0 0 0 0 0 0 0 0 0 0 0
 0 0 0 0 0 0 0 0.0054083 0.00873648 0.0413646 0.0450493 0.0745869 0.0622846 0.0627006 0.0613931 0.0827291 0.12552 0.122667 0.0946155 0.0697135 0.0546179 0.0294188 0.0215738 0.0213955 0.0102223 0.00600262
 0 0 0 0 0.00359764 0.0251062 0.0480494 0.140153 0.205849 0.193036 0.1447 0.116669 0.0760912 0.0342217 0.00950174 0.001854 0.000860785 0 0 0 0.000165536 0 0.000143464 0 0 0
 0 0 0 0 0 0 0 0.000145254 0.000435761 0.0275982 0.070085 0.0708112 0.156366 0.174668 0.174014 0.160142 0.0824315 0.0480064 0.0283245 0.00493863 0.00203355 0 0 0 0 0
 0 0 0 0 0 0 0 0 0 0 0 0 0 0 0 0 0 0 0 0 0 0 0 0 0 0
 0 0 1.00437e-05 0.000401748 0.00122533 0.00171747 0.00176769 0.0269171 0.070346 0.194647 0.189555 0.159765 0.064822 0.0314167 0.0384472 0.0292271 0.0345202 0.0313363 0.0194345 0.0106764 0.0143323 0.0359363 0.0279516 0.0138201 0.00172751 0
 0 0.0021121 0.0136068 0.0755702 0.200478 0.177729 0.0527432 0.0373336 0.0318909 0.0142505 0.0149659 0.0166563 0.0217959 0.0798694 0.0677717 0.0528807 0.04013 0.0224614 0.0357745 0.0225083 0.00881397 0.00855152 0.00135912 0.000746735 0 0
 0 0 0 0 5.4009e-05 0.00500934 0.000945158 0.0243581 0.138947 0.33067 0.221406 0.137944 0.0707744 0.0437923 0.0131692 0.00525238 0.0047753 0.00276346 9.45158e-05 9.00151e-06 2.25038e-05 9.00151e-06 4.50075e-06 0 0 0
 0.000866109 0.00284123 0.00948549 0.0512746 0.133035 0.25785 0.225252 0.132002 0.0553304 0.0519788 0.0540692 0.017754 0.00435017 0.00159236 0.00146478 0.000404838 0.000125132 0.000115318 0.000107957 0.000100596 0 0 0 0 0 0
 0 0 0 0 0.00144013 0.00171154 0.00461396 0.0210425 0.0478622 0.0707936 0.0888783 0.103762 0.0637923 0.0337046 0.0602308 0.124433 0.169614 0.0934646 0.0462172 0.0250306 0.0313229 0.00938855 0.002487 0.000210481 0 0
 0 0.00764035 0.051015 0.0998891 0.058973 0.0496711 0.0374665 0.0718981 0.12319 0.153886 0.159021 0.0857701 0.0377988 0.023471 0.0147837 0.00900784 0.00315554 0.000888139 0.00291439 0.00214683 0.00393193 0.00274676 0.000635225 9.99891e-05 0 0
 0 0 0 0 0 0 0 0 0 0 0 0 0 0 0 0 0 0 0 0 0 0 0 0 0 0
 0 0 0 0 0 0 0 0 0 0 0 0 0 0 0 0 0 0 0 0 0 0 0 0 0 0
 0 0 0 0 0 0 0 0 0 0 0 0 0 0 0 0 0 0 0 0 0 0 0 0 0 0
 0 0 0 0 0 0 0 0 0 0 0 0 0 0 0 0 0 0 0 0 0 0 0 0 0 0
 0 0 0 0 0 0 0 0 0 0 0 0 0 0 0 0 0 0 0 0 0 0 0 0 0 0
 0 0 0 0 0 0 0 0 0 0 0 0 0 0 0 0 0 0 0 0 0 0 0 0 0 0
 0 0 0 0 0 0 0 0 0 0 0 0 0 0 0 0 0 0 0 0 0 0 0 0 0 0
ppred_pel_tallas
 1.23267e-16 1.31725e-05 0.000128042 0.000850883 0.003868 0.0120349 0.0256424 0.0374301 0.0374507 0.0257434 0.0123764 0.00486521 0.00339506 0.00581779 0.0112167 0.0195593 0.0305885 0.0434946 0.057287 0.0712546 0.0848848 0.097204 0.10627 0.109584 0.105357 0.0936834
 1.53719e-16 2.27151e-05 0.000220799 0.00146729 0.00667009 0.0207532 0.0442173 0.0645388 0.0645505 0.0442745 0.0209464 0.00723316 0.00290032 0.00341641 0.00629728 0.0109377 0.0171439 0.0246602 0.0334298 0.0439275 0.0570059 0.0731142 0.0913598 0.109153 0.122822 0.128938
 1.07012e-16 7.62974e-05 0.000741638 0.00492844 0.022404 0.0697071 0.148518 0.216768 0.21677 0.148528 0.0697404 0.0225003 0.00517142 0.00127596 0.00110323 0.00173727 0.00258208 0.0034477 0.00422063 0.00490934 0.00566669 0.00670212 0.00813024 0.00985929 0.0115904 0.0129215
 1.05168e-16 3.44119e-05 0.000334496 0.00222284 0.0101048 0.0314399 0.066988 0.0977819 0.0978339 0.0672422 0.0322931 0.0125677 0.00840033 0.0138042 0.0255696 0.0420974 0.0603625 0.0753356 0.0819319 0.0778487 0.0649998 0.0483251 0.0329514 0.021862 0.0154025 0.0122657
 1.08312e-16 5.01909e-05 0.000487873 0.00324209 0.0147381 0.0458557 0.0977011 0.142601 0.142618 0.0977825 0.0461299 0.0155335 0.00525225 0.00492057 0.00859877 0.0144744 0.0216314 0.0288323 0.0347869 0.0388015 0.0410156 0.0419707 0.0419362 0.0406426 0.0376233 0.0327738
 1.00146e-16 8.19261e-05 0.000796351 0.00529203 0.0240568 0.0748497 0.159475 0.232759 0.232759 0.159477 0.074855 0.0240722 0.00533079 0.000881132 0.000243475 0.000274285 0.000390652 0.000498759 0.000565037 0.000576995 0.000546118 0.000498991 0.000459538 0.00043617 0.000421662 0.000402403
 1.00482e-16 1.83308e-05 0.000178182 0.00118409 0.00538273 0.0167481 0.0356863 0.0521008 0.0521752 0.0360496 0.0179674 0.00890236 0.0100103 0.0194175 0.0364738 0.0600506 0.0859894 0.107052 0.11588 0.109086 0.0893436 0.0637245 0.0396703 0.0216715 0.0105307 0.00470654
 1.16247e-16 2.32876e-05 0.000226364 0.00150427 0.00683819 0.0212762 0.0453319 0.0661667 0.0661835 0.0454141 0.0215547 0.00765272 0.0035875 0.00490159 0.00927466 0.0162626 0.025664 0.036909 0.0492321 0.0619548 0.0743646 0.0852165 0.0924779 0.0938913 0.0881663 0.0759249
 1.09293e-16 6.9514e-05 0.000675701 0.00449027 0.0204121 0.0635097 0.135314 0.197496 0.1975 0.135336 0.0635831 0.0206251 0.00502813 0.00186121 0.00235586 0.00388057 0.00582117 0.00785344 0.0097339 0.0114438 0.0132207 0.0153609 0.0179204 0.0205494 0.0225896 0.0233686
 1.00236e-16 8.1204e-05 0.000789332 0.00524539 0.0238448 0.07419 0.15807 0.230707 0.230709 0.158075 0.0742092 0.0239002 0.00538434 0.00109243 0.000656184 0.000954582 0.00136341 0.00170681 0.00186742 0.00179494 0.00153323 0.00119264 0.00088565 0.000674606 0.000561434 0.000511145
 1.00075e-16 7.51461e-05 0.000730447 0.00485408 0.0220659 0.0686553 0.146278 0.213498 0.213507 0.146318 0.0687918 0.0224598 0.00584188 0.00288382 0.00415595 0.00672847 0.00963074 0.0119958 0.0129968 0.0122546 0.0100667 0.00722087 0.00454504 0.00253766 0.00128674 0.0006211
 1.00291e-16 7.38122e-05 0.000717481 0.00476792 0.0216743 0.0674367 0.143681 0.209709 0.209718 0.143726 0.0675867 0.0221074 0.00585481 0.00308876 0.00457306 0.00743207 0.010672 0.0133621 0.0146065 0.0139897 0.0118199 0.00892259 0.00615572 0.00402133 0.00259609 0.00170637
 1.00717e-16 6.64668e-05 0.000646081 0.00429343 0.0195173 0.0607258 0.129383 0.188842 0.188859 0.129465 0.0610005 0.0203106 0.00628397 0.00498929 0.00830864 0.0136137 0.0195641 0.0245151 0.0268358 0.0257685 0.0218764 0.0166637 0.0116879 0.00785181 0.00528112 0.00365009
 1.01169e-16 6.84895e-05 0.000665742 0.00442409 0.0201113 0.0625737 0.13332 0.194588 0.194601 0.133385 0.0627914 0.0207401 0.00600304 0.00411448 0.00662367 0.0108557 0.0156628 0.0197596 0.0218795 0.0214285 0.0188217 0.0151782 0.0116323 0.00880625 0.00674937 0.00521554
 1.00839e-16 7.25111e-05 0.000704834 0.00468387 0.0212922 0.066248 0.141149 0.206013 0.206022 0.141196 0.0664075 0.021753 0.0058407 0.00323041 0.00486964 0.0079372 0.0114299 0.0143792 0.0158488 0.0154051 0.0133667 0.0105811 0.0079121 0.00584007 0.00440592 0.00341094
 1.00073e-16 8.11687e-05 0.000788989 0.00524311 0.0238344 0.0741577 0.158001 0.230607 0.230608 0.158007 0.0741781 0.0238934 0.00539107 0.00111186 0.000693984 0.0010178 0.00145582 0.00182524 0.0020006 0.00192568 0.00164237 0.00126213 0.000899892 0.000621603 0.000435412 0.000316191
 1.00625e-16 1.73757e-05 0.000168898 0.00112239 0.00510228 0.0158755 0.0338272 0.0493874 0.0494622 0.0341926 0.0171021 0.00864317 0.0100025 0.0195274 0.036704 0.0604448 0.0865856 0.107861 0.116878 0.110231 0.0905918 0.0650333 0.0409916 0.02294 0.0116677 0.00564031
 1.00854e-16 7.93882e-05 0.000771682 0.0051281 0.0233116 0.072531 0.154535 0.225549 0.225549 0.154539 0.0725442 0.0233501 0.00522686 0.000993839 0.000520433 0.000784404 0.00123736 0.00179424 0.00241803 0.00307731 0.00373384 0.00431808 0.00471931 0.00481711 0.00454301 0.00392819
 1.01158e-16 5.33103e-05 0.000518195 0.00344359 0.0156541 0.0487058 0.103774 0.151468 0.151501 0.103934 0.0492424 0.0172031 0.00732841 0.00898745 0.0161047 0.0264533 0.0378997 0.0472383 0.0512475 0.0484568 0.0400535 0.0291411 0.0189597 0.0114248 0.00681617 0.00439129
 1.04624e-16 4.98424e-05 0.000484486 0.00321958 0.0146358 0.0455375 0.0970233 0.141614 0.141639 0.0971456 0.0459485 0.0158248 0.00621114 0.00703777 0.0125618 0.0208596 0.0304398 0.0390944 0.0445655 0.0457427 0.0432195 0.0387017 0.033804 0.0292423 0.02491 0.0204883
 1.02913e-16 7.10967e-05 0.000691086 0.00459251 0.0208769 0.0649557 0.138395 0.201994 0.202002 0.138435 0.065089 0.0212623 0.00556211 0.00281451 0.00412392 0.00675818 0.00985413 0.012659 0.0144561 0.0149198 0.0142889 0.0131579 0.0120602 0.0111814 0.010381 0.00941801
 1.01554e-16 6.82184e-05 0.000663107 0.00440658 0.0200317 0.0623261 0.132793 0.193818 0.193832 0.132863 0.0625611 0.0207104 0.00610977 0.00437965 0.00712217 0.011655 0.0167568 0.0210189 0.0230573 0.0222404 0.0190669 0.0148343 0.0108693 0.0079155 0.00602952 0.00487093
 1.0598e-16 1.47703e-05 0.000143573 0.000954096 0.00433722 0.0134951 0.0287551 0.0419827 0.0420485 0.0290767 0.0145749 0.0074566 0.00878562 0.0172446 0.0325063 0.0537506 0.0775058 0.0976195 0.107801 0.105107 0.091656 0.073108 0.055227 0.0412097 0.0313325 0.0243073
 1.05011e-16 7.04947e-05 0.000685233 0.00455362 0.0207001 0.0644056 0.137223 0.200282 0.200284 0.137236 0.0644503 0.020831 0.00488957 0.00144303 0.00158132 0.00268987 0.00430537 0.00632894 0.00868701 0.011314 0.0141049 0.0168125 0.0189984 0.0201393 0.0198579 0.018126
 1.04694e-16 5.47105e-05 0.000531806 0.00353404 0.0160652 0.0499851 0.106499 0.155445 0.155473 0.106635 0.0504397 0.0173779 0.00682735 0.00771538 0.0136813 0.0224908 0.0323042 0.0404509 0.0442686 0.0425792 0.0364284 0.0284247 0.0212059 0.0162022 0.0134087 0.0119719
 1.08963e-16 3.56048e-05 0.000346092 0.0022999 0.010455 0.0325297 0.0693094 0.101167 0.101203 0.0694889 0.0331328 0.0121991 0.00668584 0.00994723 0.0183477 0.0304788 0.0443736 0.0567811 0.0643716 0.0655554 0.0613265 0.0543841 0.0473044 0.0412594 0.0360465 0.030971
 1.04117e-16 7.16297e-05 0.000696266 0.00462693 0.0210334 0.0654427 0.139433 0.203507 0.203513 0.13946 0.0655341 0.0212984 0.00529572 0.00216791 0.00290108 0.00477377 0.00708494 0.00936551 0.0111862 0.0123533 0.0129912 0.0133815 0.0136954 0.0138518 0.0136016 0.0127339
 1.02125e-16 6.61179e-05 0.000642689 0.0042709 0.0194149 0.060407 0.128704 0.187851 0.187867 0.128785 0.0606785 0.0201988 0.00623773 0.00493355 0.00820732 0.0134435 0.0193139 0.0241961 0.026491 0.0254769 0.0217499 0.016838 0.012302 0.00901253 0.00702009 0.00589099
 1.0668e-16 1.85551e-05 0.000180362 0.00119857 0.00544857 0.0169529 0.0361221 0.0527338 0.052794 0.0364159 0.0179397 0.00829972 0.00835836 0.0158202 0.0297502 0.049228 0.0710832 0.0897367 0.0994807 0.0976366 0.0860916 0.0699092 0.0542072 0.0417687 0.0327714 0.0260539
 1.24467e-16 2.38896e-05 0.000232215 0.00154315 0.00701496 0.0218262 0.0465037 0.0678769 0.0678932 0.0465835 0.0220961 0.00780321 0.0035548 0.00473314 0.00889366 0.0155072 0.0243064 0.0346952 0.0459768 0.0577039 0.0695863 0.0809173 0.0901061 0.0949602 0.0936966 0.0859656
 1.05183e-16 7.59606e-05 0.000738364 0.00490669 0.0223051 0.0693995 0.147863 0.215811 0.215813 0.147874 0.0694364 0.0224121 0.00517674 0.00133325 0.00122222 0.00194575 0.00290841 0.00391117 0.00482645 0.00564519 0.00649387 0.00753737 0.00882723 0.0102111 0.01137 0.0119563
pSPR Fmed_Fpbrs
0.399438   0.222108 0.222108
Fs Fmed_Fpbrs
0.556067   1.005 1.005
SSBpbr Bo_Bmed_Bpbrs
1.64981e+06  576506  283946 283946
Ro
78367.9
SPR SPRFo_SPRFmed_SPRFpbrs
560168 223752 124418
Fref
1.005
Nvult_r0
 123307 3481.55 1912.5 5211.95 1265.99
CTP_r0
 32957.3 1120.04 621.932 1695.86 411.941
YTP_r0
391120
Np
 141232 42303 1033.73 562.279 1879.34
Nvult_p0
 116935 36510.2 894.403 486.559 1626.26
CTP_p0
 50496.4 18147.1 448.117 243.88 815.159
YTP_p0
 717651
CBA_c0
489079
log_Ro
11.0892
likeval ReclasPelacesDesembMPH_pf_preclas_ppelaces_ptallas_desvR_qrecl_qpela
 12.8985 59.9554 0.110255 0.000966067 277.911 118.634 107.298 0 70.534 1.62126e-05 0 0.117398 0 0 0
q_reclas_q_pelaces
1.76928 1
M
1
N
 27073.1 36049.2 100139 12063.6 0.13514
 17988.3 8500.57 10793.2 29883.1 3599.36
 174490 4351.16 1812.99 2281.91 7075.53
 25787.5 41969 921.205 380.447 1962.64
 10145 3786.71 4677.72 100.725 255.92
 315064 1151.2 301.858 363.841 27.7025
 19909.2 84603.9 281.253 73.2645 94.9988
 5213.68 3267.73 10898 35.6236 21.2925
 17081.8 1454.85 839.235 2782.78 14.5288
 58543.2 1016.29 50.0902 27.8164 92.528
 54109.9 5448.86 62.6105 2.99863 7.19287
 123196 15657.3 1467.04 16.7729 2.72946
 84942.4 21867.2 2232.99 206.066 2.73711
 67868.1 15303.6 3179.65 319.89 29.8884
 47706.5 7187.45 1115.16 225.754 24.7995
 397772 5851.77 633.981 96.1352 21.5729
 22782.3 92219.5 1181.07 126.73 23.517
 666754 5765.65 20859.4 265.071 33.7061
 321337 185887 1479.03 5320.04 76.1774
 169440 80568.5 41539.8 327.881 1195.76
 382637 40251.1 16784.1 8574.96 314.362
 516240 101734 9707.73 4020.64 2128.67
 32171.5 130897 23068.6 2184.23 1383
 279691 9052.6 33984.8 5955.87 920.708
 179578 82626.2 2503.86 9356.93 1892.84
 55980.7 52092.6 22318.3 672.977 3022.85
 233847 16248.5 14081.5 6003.23 993.838
 303328 67545.4 4364.55 3763.41 1869.52
 33142.9 95439.7 20278.3 1306.04 1685.29
 17135.7 10381.6 28486.3 6032.25 889.679
 165610 4515.28 2474.78 6743.47 1637.99
pred_Ctot
 2539.69 4313.42 12158.3 1465.82 0.0164212
 4028.61 2359.48 3033.96 8405.7 1012.49
 39519.7 1220.67 515.061 648.712 2011.53
 10532.4 20295.3 449.775 185.846 958.765
 4860.97 2107.06 2624.72 56.5426 143.666
 55178.2 252.661 67.1435 80.9881 6.1666
 7432.49 37741.2 126.752 33.036 42.8374
 813.924 642 2170.58 7.10037 4.24411
 10372.3 987.773 573.247 1901.41 9.92734
 30732.8 611.487 30.3667 16.8701 56.1178
 7444.44 947.264 11.0376 0.529017 1.26901
 42716.5 6531.55 618.542 7.07585 1.15149
 29006.7 8995.94 928.549 85.7374 1.13886
 33654.2 8771.08 1837.14 184.905 17.2767
 21908 3854.43 603.269 122.182 13.4222
 96514.1 1752.1 192.181 29.1609 6.54398
 4632.47 23350.4 302.954 32.5295 6.03666
 104391 1135.93 4166.21 52.9806 6.73722
 66725.2 48018.3 387.021 1393.06 19.9479
 39310 23123.1 12072 95.3496 347.745
 68856.3 9067.42 3831.68 1958.98 71.8195
 104513 25652.6 2479.79 1027.76 544.151
 4886.76 25045.6 4474.97 424.017 268.488
 35451.4 1453.3 5533.48 970.474 150.03
 24474.4 14233.4 437.391 1635.74 330.911
 7612.55 8954.22 3890.31 117.394 527.325
 32389.4 2843.19 2498.59 1065.99 176.482
 28103.6 7984.23 523.51 451.755 224.425
 3152.96 11577.6 2496.04 160.884 207.611
 3157.68 2392.53 6652.52 1409.73 207.924
 32957.3 1120.04 621.932 1695.86 411.941
F
 0.158406 0.205964 0.209271 0.209448 0.209457
 0.419276 0.545155 0.553908 0.554376 0.554401
 0.424937 0.552515 0.561386 0.56186 0.561885
 0.918392 1.19412 1.21329 1.21432 1.21437
 1.17618 1.5293 1.55385 1.55517 1.55523
 0.314796 0.409307 0.415879 0.416231 0.416249
 0.807088 1.0494 1.06625 1.06715 1.0672
 0.276383 0.359362 0.365131 0.36544 0.365456
 1.82186 2.36883 2.40687 2.4089 2.40901
 1.37436 1.78698 1.81567 1.81721 1.81729
 0.24008 0.312159 0.317171 0.317439 0.317453
 0.728791 0.947596 0.962809 0.963624 0.963667
 0.713888 0.928218 0.94312 0.943918 0.94396
 1.24523 1.61908 1.64508 1.64647 1.64654
 1.09832 1.42807 1.451 1.45223 1.45229
 0.461706 0.600323 0.609962 0.610478 0.610505
 0.374064 0.486369 0.494178 0.494596 0.494618
 0.277284 0.360533 0.366321 0.366631 0.366647
 0.383383 0.498485 0.506489 0.506917 0.50694
 0.437365 0.568674 0.577804 0.578293 0.578319
 0.324723 0.422214 0.428992 0.429355 0.429374
 0.372159 0.483892 0.491661 0.492076 0.492098
 0.26803 0.3485 0.354095 0.354395 0.35441
 0.219359 0.285217 0.289796 0.290041 0.290054
 0.237589 0.30892 0.31388 0.314145 0.314159
 0.237006 0.308162 0.31311 0.313374 0.313388
 0.241869 0.314486 0.319535 0.319805 0.319819
 0.156318 0.20325 0.206513 0.206688 0.206697
 0.160797 0.209073 0.212429 0.212609 0.212618
 0.333696 0.433882 0.440848 0.441221 0.44124
 0.364776 0.474292 0.481907 0.482315 0.482336
nmprior
 8.19 8.8 8.5 0
nm_flota  nm_reclas  nm_pelaces    nm_pelaL
inf 13.8441 7.06427 12.6995
cv_recla  cv_pelaces  cv_mph
0.324859 0.877983 0.959199
 ------------------------------------------------
Talla a la edad & desviaci?n 
 8 13.2811 15.8009 17.003 17.5766
 0.8 1.32811 1.58009 1.7003 1.75766
