    unsorted:	 2.404599806e-06 2.319230133e-06 -6.477786824e-06 6.635363265e-05 4.904631772e-05 8.802592662e-05 0.001099993160 13.55056208 64.91891524 168.7663575 150.7232618 237.0550200 276.5151221 347.3216636 528.9742644 651.6630268 801.6956166 852.7585104 875.7953708 932.8618856 1063.888876 1198.789125 1176.017469 1246.952826 1484.393575 1509.073083 1921.538976 1983.344997 2035.159686 2154.188100 2367.047359 2437.608758 2531.165545 2601.335755 2638.261305 2845.252213 3285.732104 3272.400644 3201.168785 3861.244222 4014.292033 4326.924979 5619.473208 9033.317178 38924.85493 158327.6405 409346.9823 403490.8621 398214.9397 391739.5197 376696.8545 359162.5077 451748.8942 446607.8121 463348.1337 464475.1198 320999.7814 545820.5482 580275.5558 595333.0367 634306.6848 673072.0313 848793.4103 907002.3846 1043960.948 1096891.662 1318846.622 1391550.612 1554128.944 1688800.546 2308403.028 2277829.193 2398317.072 2692987.014 2851546.466 3059079.867 3391229.370
      sorted:	 -6.477786824e-06 2.319230133e-06 2.404599806e-06 4.904631772e-05 6.635363265e-05 8.802592662e-05 0.001099993160 13.55056208 64.91891524 150.7232618 168.7663575 237.0550200 276.5151221 347.3216636 528.9742644 651.6630268 801.6956166 852.7585104 875.7953708 932.8618856 1063.888876 1176.017469 1198.789125 1246.952826 1484.393575 1509.073083 1921.538976 1983.344997 2035.159686 2154.188100 2367.047359 2437.608758 2531.165545 2601.335755 2638.261305 2845.252213 3201.168785 3272.400644 3285.732104 3861.244222 4014.292033 4326.924979 5619.473208 9033.317178 38924.85493 158327.6405 320999.7814 359162.5077 376696.8545 391739.5197 398214.9397 403490.8621 409346.9823 446607.8121 451748.8942 463348.1337 464475.1198 545820.5482 580275.5558 595333.0367 634306.6848 673072.0313 848793.4103 907002.3846 1043960.948 1096891.662 1318846.622 1391550.612 1554128.944 1688800.546 2277829.193 2308403.028 2398317.072 2692987.014 2851546.466 3059079.867 3391229.370
