years
 1991 1992 1993 1994 1995 1996 1997 1998 1999 2000 2001 2002 2003 2004 2005 2006 2007 2008 2009 2010 2011 2012 2013 2014 2015 2016 2017 2018 2019 2020 2021
reclasobs
 0 0 0 0 0 0 0 0 0 252601 567819 844713 477998 351125 339783 2.1784e+06 2.13404e+06 4.81314e+06 1.55562e+06 2.62356e+06 3.21686e+06 3.843e+06 1.13348e+06 3.07943e+06 1.97215e+06 2.03268e+06 2.025e+06 2.42433e+06 2.27542e+06 1.05018e+06 2.36338e+06
reclaspred
 2.94535e+06 1.60464e+06 802288 664961 587514 1.18481e+06 614840 497128 370702 273069 432172 610317 599058 436965 426065 1.45007e+06 1.31208e+06 3.21341e+06 2.63523e+06 1.89174e+06 3.38805e+06 2.75361e+06 2.06421e+06 3.23367e+06 2.36244e+06 2.03232e+06 2.53707e+06 2.8481e+06 2.27735e+06 1.32089e+06 1.90183e+06
pelacesobs
 0 0 0 0 0 0 0 0 0 0 0 0 0 0 0 552880 188675 0 991730 2.46772e+06 1.41603e+06 1.21717e+06 2.29649e+06 1.80582e+06 0 1.4828e+06 1.56532e+06 1.57751e+06 1.42118e+06 867257 1.10002e+06
pelacespred
 1.1476e+06 683224 334169 222211 215252 452110 191363 218093 142880 98378.5 173348 205355 224072 166634 168627 496816 452831 1.30109e+06 1.08405e+06 718426 1.27302e+06 1.09568e+06 827856 1.43453e+06 1.00224e+06 862355 1.23291e+06 1.36124e+06 896630 591824 832948
mphobs
 0 0 0 0 0 0 0 0 0 0 0 498337 0 5186 125008 0 168611 109162 213762 579715 649985 157893 87575 83554 0 0 0 0 0 0 0
mphpred
 442240 290666 139295 74834.6 62340.4 66845.7 108351 51752.4 45220.6 29285.9 20326.3 50843.9 56623.3 45948.2 27587.3 35339.7 165480 144390 317558 234517 241571 306169 289926 225019 320648 256571 205095 232786 346011 224496 126820
desembarqueobs
 494567 514787 250237 358949 120608 361735 552515 73892 212993 205616 52469 317467 293654 387597 252695 516296 358380 742168 942051 627588 828172 859565 418607 520667 417249 300574 407403 355545 319650 289779 391294
desembarquepred
 494561 514180 250323 358981 120611 361701 552385 73894.6 213010 205627 52470.6 317486 293654 387508 252644 516180 358382 741988 941630 627316 828164 859450 418583 520665 417219 300550 407372 355506 319618 289759 391274
Reclutas
 163560 95298.2 93659.9 104979 85441 212627 71523.9 27630.8 33640.6 49620.8 91898.4 130742 106572 73845.3 68434.1 445155 73890 674858 379645 280425 432129 567135 99650.2 337276 269667 118121 292243 337789 83740.5 57407.2 244922
log_desv_Rt
 0.147978 -0.392194 -0.409535 -0.295443 -0.501379 0.410337 -0.679174 -1.63027 -1.43347 -1.04479 -0.428521 -0.0759755 -0.280385 -0.647232 -0.723333 1.14922 -0.646628 1.5653 0.990031 0.687103 1.11952 1.39139 -0.347539 0.871695 0.647982 -0.177492 0.72838 0.873217 -0.521482 -0.899035 0.551733
SSB
 2.21136e+06 1.45343e+06 696524 374199 311724 334252 541793 258780 226119 146440 101639 254238 283137 229757 137946 176711 827458 722001 1.5879e+06 1.17267e+06 1.20794e+06 1.53095e+06 1.44973e+06 1.12518e+06 1.60335e+06 1.28295e+06 1.02555e+06 1.16401e+06 1.73018e+06 1.12256e+06 634147
BT
 3.06911e+06 2.08275e+06 1.01518e+06 812606 594540 1.35463e+06 928448 569687 539288 422236 444272 736593 782015 785691 642289 1.56075e+06 1.32431e+06 3.65935e+06 3.40261e+06 2.22605e+06 3.60804e+06 3.3312e+06 2.27454e+06 3.79542e+06 2.70215e+06 2.25761e+06 3.26205e+06 3.49767e+06 2.33351e+06 1.65269e+06 2.2971e+06
Ftot
 0.194177 0.361049 0.358408 0.654664 0.256758 0.418742 0.987593 0.185234 0.712805 0.928874 0.176155 0.667895 0.621132 1.09613 0.806043 0.5279 0.323171 0.327407 0.444539 0.41297 0.318094 0.399917 0.238102 0.218387 0.217605 0.179489 0.216802 0.171608 0.160548 0.252683 0.284333
BD_Bspro_t
 0.969547 0.790299 0.59082 0.482185 0.415884 0.489702 0.520001 0.301601 0.344745 0.294858 0.277693 0.571833 0.461719 0.367015 0.251272 0.304671 0.555414 0.508713 0.633886 0.531214 0.493963 0.549984 0.566608 0.545056 0.659389 0.662806 0.665239 0.717011 0.776644 0.695587 0.601844
BD_Bspro
 2.19314 1.44146 0.690786 0.371117 0.309156 0.331498 0.53733 0.256649 0.224256 0.145234 0.100802 0.252143 0.280804 0.227865 0.13681 0.175255 0.820642 0.716053 1.57482 1.16301 1.19799 1.51834 1.43779 1.11591 1.59014 1.27238 1.0171 1.15443 1.71592 1.11331 0.628923
BD_Bo
 1.32771 0.872648 0.418196 0.224671 0.18716 0.200686 0.325295 0.155373 0.135763 0.0879233 0.0610244 0.152645 0.169997 0.137947 0.0828236 0.106098 0.49681 0.433492 0.953385 0.704074 0.725253 0.91919 0.870427 0.67556 0.962659 0.770287 0.615744 0.698879 1.03881 0.673988 0.380744
BD_Brms
 6.9407 4.56183 2.18615 1.17448 0.978395 1.0491 1.70051 0.812223 0.70971 0.459625 0.31901 0.797966 0.88867 0.72113 0.432966 0.554636 2.59711 2.26611 4.98389 3.6806 3.79131 4.80514 4.55022 3.53154 5.03237 4.02673 3.21885 3.65345 5.43043 3.52333 1.99037
Sel_flota
 0.676753 0.975477 0.998679 0.99993 0.999996
 0.676753 0.975477 0.998679 0.99993 0.999996
 0.676753 0.975477 0.998679 0.99993 0.999996
 0.676753 0.975477 0.998679 0.99993 0.999996
 0.676753 0.975477 0.998679 0.99993 0.999996
 0.676753 0.975477 0.998679 0.99993 0.999996
 0.676753 0.975477 0.998679 0.99993 0.999996
 0.676753 0.975477 0.998679 0.99993 0.999996
 0.676753 0.975477 0.998679 0.99993 0.999996
 0.676753 0.975477 0.998679 0.99993 0.999996
 0.676753 0.975477 0.998679 0.99993 0.999996
 0.676753 0.975477 0.998679 0.99993 0.999996
 0.676753 0.975477 0.998679 0.99993 0.999996
 0.676753 0.975477 0.998679 0.99993 0.999996
 0.676753 0.975477 0.998679 0.99993 0.999996
 0.676753 0.975477 0.998679 0.99993 0.999996
 0.676753 0.975477 0.998679 0.99993 0.999996
 0.676753 0.975477 0.998679 0.99993 0.999996
 0.676753 0.975477 0.998679 0.99993 0.999996
 0.676753 0.975477 0.998679 0.99993 0.999996
 0.676753 0.975477 0.998679 0.99993 0.999996
 0.676753 0.975477 0.998679 0.99993 0.999996
 0.676753 0.975477 0.998679 0.99993 0.999996
 0.676753 0.975477 0.998679 0.99993 0.999996
 0.676753 0.975477 0.998679 0.99993 0.999996
 0.676753 0.975477 0.998679 0.99993 0.999996
 0.676753 0.975477 0.998679 0.99993 0.999996
 0.676753 0.975477 0.998679 0.99993 0.999996
 0.676753 0.975477 0.998679 0.99993 0.999996
 0.676753 0.975477 0.998679 0.99993 0.999996
 0.676753 0.975477 0.998679 0.99993 0.999996
Sel_reclas
 1 1 1 1 1
 1 1 1 1 1
 1 1 1 1 1
 1 1 1 1 1
 1 1 1 1 1
 1 1 1 1 1
 1 1 1 1 1
 1 1 1 1 1
 1 1 1 1 1
 1 1 1 1 1
 1 1 1 1 1
 1 1 1 1 1
 1 1 1 1 1
 1 1 1 1 1
 1 1 1 1 1
 1 1 1 1 1
 1 1 1 1 1
 1 1 1 1 1
 1 1 1 1 1
 1 1 1 1 1
 1 1 1 1 1
 1 1 1 1 1
 1 1 1 1 1
 1 1 1 1 1
 1 1 1 1 1
 1 1 1 1 1
 1 1 1 1 1
 1 1 1 1 1
 1 1 1 1 1
 1 1 1 1 1
 1 1 1 1 1
Sel_pelaces
 1 1 1 1 1
 1 1 1 1 1
 1 1 1 1 1
 1 1 1 1 1
 1 1 1 1 1
 1 1 1 1 1
 1 1 1 1 1
 1 1 1 1 1
 1 1 1 1 1
 1 1 1 1 1
 1 1 1 1 1
 1 1 1 1 1
 1 1 1 1 1
 1 1 1 1 1
 1 1 1 1 1
 1 1 1 1 1
 1 1 1 1 1
 1 1 1 1 1
 1 1 1 1 1
 1 1 1 1 1
 1 1 1 1 1
 1 1 1 1 1
 1 1 1 1 1
 1 1 1 1 1
 1 1 1 1 1
 1 1 1 1 1
 1 1 1 1 1
 1 1 1 1 1
 1 1 1 1 1
 1 1 1 1 1
 1 1 1 1 1
pf_obs 
 0.8446 0.082 0.0669 0.0065 0
 0.8095 0.147 0.0364 0.0071 0
 0.9664 0.0169 0.016 0.0007 0
 0.9276 0.0648 0.0075 0.0001 0
 0.7033 0.2144 0.0806 0.0017 0
 0.9318 0.0425 0.0243 0.0014 0
 0.5671 0.3108 0.0964 0.0239 0.0018
 0.0768 0.2599 0.5324 0.112 0.0189
 0.490249 0.384438 0.106611 0.0170017 0.00170017
 0.7925 0.1577 0.0466 0.003 0.0002
 0.840416 0.127587 0.0312969 0.00059994 9.999e-05
 0.8084 0.0986 0.0794 0.0134 0.0002
 0.7335 0.1905 0.0724 0.0035 0.0001
 0.4001 0.4547 0.1325 0.0127 0
 0.49795 0.308269 0.164784 0.0264974 0.00249975
 0.9179 0.0499 0.0305 0.0017 0
 0.2467 0.6533 0.0926 0.0074 0
 0.9418 0.0223 0.034 0.0019 0
 0.707729 0.231977 0.0356964 0.0245975 0
 0.517169 0.277429 0.184464 0.0207286 0.00020938
 0.811772 0.124168 0.05621 0.00726502 0.000585176
 0.764997 0.148141 0.077277 0.00933861 0.000247198
 0.163321 0.427699 0.378323 0.0303852 0.000271297
 0.753843 0.0900009 0.118128 0.0371064 0.000921714
 0.721811 0.176058 0.0630433 0.0369309 0.00215725
 0.143369 0.312575 0.442814 0.0836902 0.0175525
 0.692698 0.0596174 0.167031 0.0765114 0.00414204
 0.394062 0.376323 0.152708 0.0712218 0.00568511
 0.125707 0.32114 0.495352 0.0537591 0.00404204
 0.23352 0.215282 0.420074 0.123614 0.00750983
 0.774587 0.0839891 0.0768558 0.0609784 0.00358967
pf_pred 
 0.441268 0.157708 0.372335 0.0286877 8.90079e-07
 0.414041 0.316643 0.0774008 0.178203 0.0137122
 0.56168 0.227528 0.115404 0.0274434 0.0679453
 0.65763 0.226785 0.0608155 0.0300057 0.0247636
 0.65076 0.263978 0.0570992 0.0148301 0.0133324
 0.811687 0.138426 0.0379505 0.0079978 0.00393905
 0.448519 0.479404 0.0533873 0.0142232 0.00446676
 0.458398 0.315336 0.197654 0.0212042 0.00740817
 0.610365 0.216615 0.1018 0.0622245 0.00899535
 0.782024 0.157051 0.0343795 0.0156298 0.0109152
 0.851824 0.127322 0.0151806 0.00320445 0.00246929
 0.744398 0.228491 0.0233779 0.00271856 0.00101467
 0.681079 0.262823 0.0503182 0.00498444 0.000794571
 0.633248 0.283819 0.0687251 0.012746 0.00146137
 0.751253 0.187398 0.0478994 0.0111498 0.00230008
 0.949371 0.0422152 0.00639277 0.00157858 0.000442431
 0.310153 0.667098 0.0190631 0.00280137 0.000884186
 0.89968 0.0403751 0.0580198 0.00161387 0.000311563
 0.565074 0.405269 0.0121297 0.016965 0.000562177
 0.568147 0.287664 0.134625 0.00391494 0.00564827
 0.727526 0.182292 0.0606385 0.0275869 0.0019566
 0.720469 0.223971 0.0375063 0.0121449 0.00590855
 0.262729 0.587805 0.120432 0.0196097 0.00942459
 0.726633 0.0943798 0.143446 0.0286448 0.00689616
 0.588987 0.328222 0.0290658 0.0430688 0.0106563
 0.398985 0.407877 0.155043 0.013386 0.0247088
 0.727463 0.134516 0.0944206 0.0350107 0.00859047
 0.673004 0.261114 0.0329419 0.0225441 0.0103961
 0.286642 0.535324 0.142886 0.0175865 0.0175619
 0.354621 0.238712 0.307056 0.0799666 0.0196444
 0.816994 0.0827264 0.0377072 0.0472618 0.0153106
pobs_RECLAS
 0 0 0 0 0
 0 0 0 0 0
 0 0 0 0 0
 0 0 0 0 0
 0 0 0 0 0
 0 0 0 0 0
 0 0 0 0 0
 0 0 0 0 0
 0 0 0 0 0
 0 0 0 0 0
 0.991045 0.00858322 0.000360255 1.14367e-05 0
 0.934742 0.0480273 0.0164251 0.00080598 0
 0.827803 0.169806 0.00239088 0 0
 0.941827 0.0461693 0.0120037 0 0
 0.791401 0.0380133 0.147996 0.0225897 0
 0.846168 0.0940531 0.0597789 0 0
 0.134021 0.677848 0.182769 0.00536245 0
 0.80878 0.0450904 0.141981 0.00414843 0
 0.846168 0.0940531 0.0597789 0 0
 0.905697 0.0802665 0.012482 0.00150086 5.37128e-05
 0.989698 0.0102097 9.19794e-05 0 0
 0.975433 0.0193895 0.00387452 0.00125025 5.28907e-05
 0.303575 0.632131 0.0575291 0.00676475 0
 0.966965 0.00978017 0.0227588 0.000495775 0
 0.843318 0.132988 0.00938335 0.0141283 0.000182051
 0.564624 0.303363 0.111486 0.0197234 0.00080311
 0.826376 0.0876187 0.0782897 0.00655872 0.00115652
 0.89761 0.0855135 0.0140674 0.00269457 0.000114338
 0.34875 0.467042 0.161289 0.0227151 0.000203297
 0.318654 0.224769 0.449479 0.00709798 0
 0.937255 0.0296025 0.0250945 0.00804832 0
ppred_RECLAS
 0.537997 0.132667 0.305804 0.0235315 7.30052e-07
 0.510315 0.267699 0.0638578 0.146831 0.0112975
 0.654033 0.181749 0.0899609 0.0213651 0.0528929
 0.741024 0.173054 0.0452383 0.0222898 0.0183943
 0.731354 0.204269 0.0431313 0.0111879 0.0100573
 0.86375 0.100812 0.0269665 0.00567554 0.0027951
 0.551037 0.39167 0.0424529 0.0112938 0.00354651
 0.553302 0.262692 0.160764 0.0172247 0.00601745
 0.701225 0.16804 0.0769645 0.0469794 0.00679098
 0.844169 0.113131 0.0241112 0.0109459 0.00764356
 0.893109 0.0921582 0.0107286 0.0022618 0.00174278
 0.811852 0.168646 0.0168195 0.00195324 0.00072897
 0.759756 0.198866 0.0371199 0.00367207 0.000585323
 0.724544 0.214502 0.0505247 0.00935668 0.00107269
 0.818966 0.137269 0.0341802 0.00794525 0.00163889
 0.965085 0.0292338 0.00431764 0.00106474 0.000298396
 0.395786 0.584756 0.0163088 0.00239352 0.000755405
 0.929816 0.0286586 0.0401935 0.00111657 0.000215542
 0.655611 0.321457 0.00938648 0.0131109 0.000434432
 0.659593 0.228612 0.10439 0.0030317 0.00437368
 0.796666 0.137144 0.0445254 0.0202302 0.00143473
 0.790873 0.168386 0.0275142 0.00889771 0.00432848
 0.341998 0.527173 0.105442 0.0171468 0.00824036
 0.796623 0.0713354 0.10585 0.0211101 0.00508186
 0.676252 0.259819 0.0224626 0.0332418 0.00822432
 0.492163 0.347307 0.128901 0.0111148 0.020515
 0.79672 0.101573 0.0696063 0.0257767 0.00632432
 0.749715 0.200839 0.0247396 0.0169092 0.00779708
 0.369181 0.476216 0.124112 0.0152564 0.0152341
 0.447587 0.207479 0.260526 0.0677618 0.0166451
 0.868057 0.0604621 0.0269003 0.0336731 0.0109078
pobs_PELACES
 0 0 0 0 0
 0 0 0 0 0
 0 0 0 0 0
 0 0 0 0 0
 0 0 0 0 0
 0 0 0 0 0
 0 0 0 0 0
 0 0 0 0 0
 0 0 0 0 0
 0 0 0 0 0
 0 0 0 0 0
 0 0 0 0 0
 0 0 0 0 0
 0 0 0 0 0
 0 0 0 0 0
 0 0 0 0 0
 0.505614 0.472636 0.0217494 0 0
 0 0 0 0 0
 0.443492 0.261883 0.143347 0.151278 0
 0.227955 0.32914 0.350689 0.0885471 0.00366901
 0.970185 0.0296113 0.000203453 0 0
 0.997202 0.00247181 0.000326279 0 0
 0.445219 0.490057 0.0546422 0.010081 0
 0.90214 0.0892962 0.00764917 0.000914606 0
 0 0 0 0 0
 0.581667 0.319106 0.0959925 0.00289975 0.000334073
 0.762889 0.0836404 0.116647 0.0363945 0.000428098
 0.88444 0.0763242 0.0277011 0.0115352 0
 0.521256 0.241999 0.230069 0.00667565 0
 0.616807 0.101726 0.260614 0.0208532 0
 0.833518 0.0704572 0.0857862 0.0102388 0
ppred_PELACES
 0.543015 0.131365 0.302354 0.0232642 7.21756e-07
 0.519529 0.263003 0.0625645 0.143836 0.0110669
 0.662282 0.177652 0.0876922 0.0208232 0.051551
 0.753531 0.164977 0.0429112 0.0211374 0.0174432
 0.736391 0.200535 0.0422598 0.0109607 0.00985299
 0.868632 0.0972825 0.0259389 0.00545833 0.00268811
 0.575223 0.370932 0.0399023 0.0106109 0.003332
 0.557955 0.260108 0.158958 0.0170298 0.00594934
 0.716231 0.15999 0.0728785 0.0444721 0.00642845
 0.856084 0.104689 0.0221538 0.0100535 0.00702023
 0.894773 0.0907404 0.0105493 0.00222384 0.00171353
 0.821782 0.159831 0.0158591 0.00184119 0.000687144
 0.770899 0.189799 0.0352592 0.00348711 0.000555833
 0.745933 0.198216 0.0462985 0.00857014 0.000982491
 0.830662 0.128595 0.0318233 0.0073949 0.00152534
 0.966818 0.0278012 0.0040895 0.00100826 0.000282564
 0.403449 0.577386 0.0160635 0.0023572 0.000743937
 0.931987 0.0278132 0.0389101 0.00108077 0.00020863
 0.665489 0.31231 0.00908839 0.0126922 0.000420555
 0.668904 0.22259 0.101319 0.00294203 0.00424427
 0.801827 0.133771 0.0433247 0.0196821 0.00139584
 0.797417 0.163217 0.026588 0.00859674 0.00418203
 0.347383 0.523051 0.104427 0.0169801 0.00816019
 0.800264 0.0701352 0.103895 0.0207183 0.00498754
 0.681005 0.256092 0.0221035 0.0327075 0.00809209
 0.496695 0.344358 0.127631 0.0110044 0.0203113
 0.800294 0.0998714 0.0683266 0.0253005 0.00620746
 0.752926 0.198316 0.0243967 0.0166737 0.00768844
 0.372946 0.473518 0.123258 0.0151503 0.0151281
 0.454057 0.2053 0.257292 0.0669136 0.0164367
 0.871371 0.0590154 0.0261995 0.0327921 0.0106223
pobs_pel_tallas
 0 0 0 0 0 0 0 0 0 0 0 0 0 0 0 0 0 0 0 0 0 0 0 0 0 0
 0 0 0 0 0 0 0 0 0 0 0 0 0 0 0 0 0 0 0 0 0 0 0 0 0 0
 0 0 0 0 0 0 0 0 0 0 0 0 0 0 0 0 0 0 0 0 0 0 0 0 0 0
 0 0 0 0 0 0 0 0 0 0 0 0 0 0 0 0 0 0 0 0 0 0 0 0 0 0
 0 0 0 0 0 0 0 0 0 0 0 0 0 0 0 0 0 0 0 0 0 0 0 0 0 0
 0 0 0 0 0 0 0 0 0 0 0 0 0 0 0 0 0 0 0 0 0 0 0 0 0 0
 0 0 0 0 0 0 0 0 0 0 0 0 0 0 0 0 0 0 0 0 0 0 0 0 0 0
 0 0 0 0 0 0 0 0 0 0 0 0 0 0 0 0 0 0 0 0 0 0 0 0 0 0
 0 0 0 0 0 0 0 0 0 0 0 0 0 0 0 0 0 0 0 0 0 0 0 0 0 0
 0 0 0 0 0 0 0 0 0 0 0 0 0 0 0 0 0 0 0 0 0 0 0 0 0 0
 0 0 0 0 0 0 0 0 0 0 0 0 0 0 0 0 0 0 0 0 0 0 0 0 0 0
 0 0 0 0 0 0 0 0 0 0 0 0 0 0 0 0 0 0 0 0 0 0 0 0 0 0
 0.00862536 0 0 0.000197151 0.00414017 0.0128641 0.00837892 0.0270097 0.101434 0.158115 0.152841 0.127902 0.109271 0.109419 0.0830992 0.0579132 0.0238553 0.00714673 0.00463305 0.00128148 0.00103504 0.000492878 0.000147863 0.000147863 4.92878e-05 0
 0 0 0 0 0 0 0 0 0 0 0 0 0 0 0 0 0 0 0 0 0 0 0 0 0 0
 0 0 0 0 0 0 0 0.0054083 0.00873648 0.0413646 0.0450493 0.0745869 0.0622846 0.0627006 0.0613931 0.0827291 0.12552 0.122667 0.0946155 0.0697135 0.0546179 0.0294188 0.0215738 0.0213955 0.0102223 0.00600262
 0 0 0 0 0.00359764 0.0251062 0.0480494 0.140153 0.205849 0.193036 0.1447 0.116669 0.0760912 0.0342217 0.00950174 0.001854 0.000860785 0 0 0 0.000165536 0 0.000143464 0 0 0
 0 0 0 0 0 0 0 0.000145254 0.000435761 0.0275982 0.070085 0.0708112 0.156366 0.174668 0.174014 0.160142 0.0824315 0.0480064 0.0283245 0.00493863 0.00203355 0 0 0 0 0
 0 0 0 0 0 0 0 0 0 0 0 0 0 0 0 0 0 0 0 0 0 0 0 0 0 0
 0 0 1.00437e-05 0.000401748 0.00122533 0.00171747 0.00176769 0.0269171 0.070346 0.194647 0.189555 0.159765 0.064822 0.0314167 0.0384472 0.0292271 0.0345202 0.0313363 0.0194345 0.0106764 0.0143323 0.0359363 0.0279516 0.0138201 0.00172751 0
 0 0.0021121 0.0136068 0.0755702 0.200478 0.177729 0.0527432 0.0373336 0.0318909 0.0142505 0.0149659 0.0166563 0.0217959 0.0798694 0.0677717 0.0528807 0.04013 0.0224614 0.0357745 0.0225083 0.00881397 0.00855152 0.00135912 0.000746735 0 0
 0 0 0 0 5.4009e-05 0.00500934 0.000945158 0.0243581 0.138947 0.33067 0.221406 0.137944 0.0707744 0.0437923 0.0131692 0.00525238 0.0047753 0.00276346 9.45158e-05 9.00151e-06 2.25038e-05 9.00151e-06 4.50075e-06 0 0 0
 0.000866109 0.00284123 0.00948549 0.0512746 0.133035 0.25785 0.225252 0.132002 0.0553304 0.0519788 0.0540692 0.017754 0.00435017 0.00159236 0.00146478 0.000404838 0.000125132 0.000115318 0.000107957 0.000100596 0 0 0 0 0 0
 0 0 0 0 0.00144013 0.00171154 0.00461396 0.0210425 0.0478622 0.0707936 0.0888783 0.103762 0.0637923 0.0337046 0.0602308 0.124433 0.169614 0.0934646 0.0462172 0.0250306 0.0313229 0.00938855 0.002487 0.000210481 0 0
 0 0.00764035 0.051015 0.0998891 0.058973 0.0496711 0.0374665 0.0718981 0.12319 0.153886 0.159021 0.0857701 0.0377988 0.023471 0.0147837 0.00900784 0.00315554 0.000888139 0.00291439 0.00214683 0.00393193 0.00274676 0.000635225 9.99891e-05 0 0
 0 0 0 0 0 0 0 0 0 0 0 0 0 0 0 0 0 0 0 0 0 0 0 0 0 0
 0 0 0 0 0 0 0 0 0 0 0 0 0 0 0 0 0 0 0 0 0 0 0 0 0 0
 0 0 0 0 0 0 0 0 0 0 0 0 0 0 0 0 0 0 0 0 0 0 0 0 0 0
 0 0 0 0 0 0 0 0 0 0 0 0 0 0 0 0 0 0 0 0 0 0 0 0 0 0
 0 0 0 0 0 0 0 0 0 0 0 0 0 0 0 0 0 0 0 0 0 0 0 0 0 0
 0 0 0 0 0 0 0 0 0 0 0 0 0 0 0 0 0 0 0 0 0 0 0 0 0 0
 0 0 0 0 0 0 0 0 0 0 0 0 0 0 0 0 0 0 0 0 0 0 0 0 0 0
ppred_pel_tallas
 1.11093e-16 4.47275e-05 0.000434767 0.00288918 0.0131338 0.0408642 0.087066 0.127078 0.127091 0.0871303 0.0410812 0.0137663 0.00449805 0.00401742 0.00705503 0.0121293 0.0187154 0.0261264 0.0335958 0.0406191 0.0469784 0.052357 0.0559673 0.0566798 0.0536624 0.0470188
 1.18171e-16 4.2793e-05 0.000415963 0.00276422 0.0125658 0.0390969 0.083301 0.121586 0.121611 0.0834254 0.0395147 0.0137738 0.00580158 0.0070641 0.0127229 0.0211157 0.0307878 0.0395612 0.045307 0.0472064 0.0462857 0.0446689 0.0441119 0.0449562 0.0461599 0.0461535
 1.13389e-16 5.45513e-05 0.000530258 0.00352375 0.0160185 0.0498395 0.106189 0.15499 0.155007 0.106273 0.0501228 0.0168381 0.00558689 0.00505308 0.00870075 0.0144485 0.0211689 0.0273983 0.0316955 0.0334496 0.0332314 0.032323 0.0318038 0.0319242 0.0321512 0.0316787
 1.06353e-16 6.20674e-05 0.000603317 0.00400926 0.0182255 0.0567064 0.12082 0.176343 0.176359 0.120897 0.0569681 0.0189819 0.00590998 0.00475946 0.00797589 0.0131428 0.0190604 0.0242608 0.0273007 0.0275445 0.0255403 0.0226164 0.0200263 0.0183113 0.0172611 0.0163147
 1.04038e-16 6.06556e-05 0.000589594 0.00391806 0.0178109 0.0554166 0.118072 0.172333 0.172352 0.118166 0.0557342 0.0187287 0.00622295 0.00562532 0.00963668 0.015868 0.02293 0.0290011 0.0322669 0.0318969 0.0285283 0.0238037 0.01935 0.0159995 0.013707 0.0119818
 1.01776e-16 7.15481e-05 0.000695473 0.00462166 0.0210094 0.0653681 0.139274 0.203277 0.203286 0.13932 0.0655224 0.0214552 0.00574163 0.00314361 0.0047305 0.00773214 0.0111899 0.014194 0.0158666 0.0158006 0.0142873 0.0120925 0.00996911 0.00829479 0.00704581 0.00601119
 1.02875e-16 4.73804e-05 0.000460555 0.00306055 0.0139128 0.0432882 0.0922314 0.134622 0.134658 0.092406 0.0438743 0.0156056 0.00730858 0.00973083 0.0176439 0.0290692 0.0418128 0.0524591 0.0575567 0.0555129 0.047543 0.03685 0.0267212 0.0190185 0.0139285 0.0106785
 1.07369e-16 4.59581e-05 0.000446729 0.00296867 0.0134952 0.0419886 0.0894621 0.130578 0.130603 0.0895857 0.0424039 0.0146972 0.00599526 0.00708436 0.0127415 0.0212246 0.0311126 0.0402533 0.0464418 0.0485993 0.0472949 0.0441231 0.0404998 0.036901 0.0330172 0.028436
 1.07692e-16 5.89951e-05 0.000573453 0.0038108 0.0173233 0.0538994 0.114839 0.167614 0.16763 0.114915 0.0541544 0.0180609 0.00566686 0.0046409 0.00783037 0.0129755 0.0189808 0.0245007 0.0282086 0.0295173 0.0288978 0.0274636 0.0261631 0.0252384 0.0242906 0.0227465
 1.02863e-16 7.05145e-05 0.000685426 0.0045549 0.0207059 0.0644238 0.137262 0.20034 0.20035 0.137312 0.0645897 0.0211852 0.00575869 0.00331595 0.00507425 0.00829842 0.0119988 0.0152012 0.0169674 0.0168772 0.0152748 0.0130209 0.0109533 0.00947608 0.00852068 0.00778256
 1.00841e-16 7.37013e-05 0.000716403 0.00476075 0.0216417 0.0673353 0.143465 0.209394 0.209402 0.143508 0.0674787 0.0220559 0.00580023 0.00298502 0.00438053 0.00712082 0.0102403 0.0128556 0.0141208 0.0136472 0.011732 0.00915639 0.0067202 0.00487359 0.00365713 0.00287803
 1.008e-16 6.76891e-05 0.000657962 0.00437239 0.0198763 0.0618425 0.131763 0.192315 0.19233 0.131838 0.062095 0.0206054 0.00620206 0.00465017 0.00764378 0.0125141 0.0179836 0.0225361 0.0246731 0.0237007 0.0201393 0.0153742 0.0108377 0.00735725 0.00504213 0.0035839
 1.0151e-16 6.3498e-05 0.000617223 0.00410167 0.0186456 0.0580134 0.123604 0.180408 0.180426 0.123694 0.0583138 0.0195133 0.00628034 0.00537504 0.00910449 0.0149638 0.0215784 0.0271922 0.0300532 0.0293406 0.0256352 0.0204992 0.0155216 0.0115826 0.00876061 0.00671118
 1.02413e-16 6.14416e-05 0.000597234 0.00396883 0.0180417 0.0561347 0.119602 0.174566 0.174585 0.119695 0.0564487 0.0189492 0.00624798 0.00557719 0.0095326 0.0156967 0.0226859 0.0286944 0.0319163 0.0315067 0.0280588 0.0231575 0.0183872 0.0145832 0.0117629 0.00954325
 1.01952e-16 6.84205e-05 0.000665072 0.00441964 0.020091 0.0625108 0.133186 0.194392 0.194404 0.133247 0.0627146 0.02068 0.00589912 0.00389837 0.00621957 0.0102014 0.0147532 0.018687 0.0208372 0.0206613 0.0185455 0.0155107 0.0125681 0.0102365 0.00850285 0.00710046
 1.00275e-16 7.96356e-05 0.000774086 0.00514407 0.0233842 0.072757 0.155017 0.226252 0.226254 0.15503 0.072801 0.0235112 0.00546288 0.00147008 0.00140158 0.00219139 0.00314979 0.00396229 0.00436767 0.00424693 0.00368899 0.00292847 0.00220395 0.00164727 0.00126772 0.00100747
 1.00974e-16 3.32317e-05 0.000323024 0.00214661 0.00975821 0.0303617 0.0646909 0.0944299 0.0944854 0.0649622 0.0312725 0.0123874 0.00874106 0.0147012 0.0272882 0.0449244 0.0643925 0.0803019 0.0871812 0.0825079 0.0682476 0.0496085 0.0320481 0.0188254 0.0104873 0.00589363
 1.01274e-16 7.67666e-05 0.000746198 0.00495875 0.0225418 0.0701358 0.149432 0.218101 0.218103 0.149445 0.0701809 0.0226727 0.0052901 0.00147804 0.00149154 0.00240891 0.00361233 0.00485238 0.00591905 0.00669582 0.00718975 0.00746025 0.00751602 0.00728528 0.00668557 0.00572086
 1.01687e-16 5.48155e-05 0.000532826 0.00354082 0.0160961 0.050081 0.106704 0.155744 0.155774 0.106851 0.0505738 0.0175186 0.00710898 0.00831366 0.0148073 0.0243282 0.0348908 0.0435655 0.0474126 0.0450917 0.0376838 0.0280049 0.0189752 0.012292 0.00816398 0.00589075
 1.03995e-16 5.50968e-05 0.00053556 0.00355899 0.0161787 0.0503379 0.107251 0.156541 0.156562 0.107356 0.0506921 0.0172031 0.00613553 0.0061769 0.0108178 0.0179233 0.0261064 0.0334338 0.0379436 0.0386836 0.0362011 0.0320328 0.0276495 0.023728 0.0201879 0.0167082
 1.03495e-16 6.60454e-05 0.000641985 0.00426622 0.0193936 0.0603408 0.128563 0.187644 0.187657 0.128626 0.0605532 0.0200078 0.00581 0.00401924 0.00650132 0.0106996 0.0155398 0.0198242 0.0223777 0.0226617 0.021073 0.0186226 0.0162645 0.0144131 0.0129385 0.0114949
 1.02379e-16 6.56822e-05 0.000638454 0.00424275 0.019287 0.060009 0.127856 0.186613 0.186629 0.127933 0.0602672 0.020033 0.00611569 0.00472833 0.00783683 0.0128619 0.0185457 0.023374 0.0258504 0.0252891 0.0222169 0.018003 0.014024 0.0110166 0.00899166 0.00757246
 1.06232e-16 2.86136e-05 0.000278134 0.0018483 0.00840214 0.0261424 0.0557011 0.0813079 0.0813584 0.0559477 0.0269705 0.0107946 0.00785597 0.0134005 0.0249723 0.0412962 0.0596185 0.075247 0.0833974 0.0818395 0.0721857 0.0587169 0.0457453 0.0355931 0.0283588 0.0229932
 1.05938e-16 6.59167e-05 0.000640734 0.0042579 0.0193558 0.0602231 0.128312 0.187277 0.187284 0.128346 0.0603372 0.0196873 0.00509741 0.00249796 0.00366531 0.00614408 0.00928635 0.0126041 0.0156249 0.018104 0.0200862 0.0217018 0.0228882 0.023318 0.0226033 0.0205923
 1.05353e-16 5.60935e-05 0.000545249 0.00362337 0.0164713 0.0512486 0.109191 0.159373 0.159398 0.109312 0.0516533 0.0176402 0.00655695 0.00694809 0.0122134 0.0200967 0.0289368 0.0363867 0.0401111 0.0390768 0.0341916 0.0277067 0.0218625 0.0178184 0.0154889 0.0140925
 1.08313e-16 4.09122e-05 0.000397681 0.00264273 0.0120135 0.0373786 0.0796404 0.116244 0.116278 0.0798032 0.0379258 0.0135955 0.00661975 0.00909956 0.0166261 0.027575 0.0400772 0.0511476 0.0577462 0.0584428 0.0541972 0.0475591 0.0409789 0.035596 0.0312251 0.027149
 1.05586e-16 6.59192e-05 0.000640758 0.00425806 0.0193565 0.0602254 0.128317 0.187284 0.187294 0.128365 0.0603853 0.0198195 0.00542471 0.00320279 0.0049767 0.00824176 0.012146 0.0158667 0.0186064 0.0199999 0.0202892 0.0200583 0.0197545 0.0194026 0.0186976 0.0173211
 1.03729e-16 6.20175e-05 0.000602832 0.00400603 0.0182109 0.0566609 0.120723 0.176202 0.176221 0.120816 0.0569744 0.0191166 0.00627964 0.00556636 0.0094896 0.0155935 0.0224676 0.0282828 0.0312265 0.0304841 0.0267308 0.0216752 0.0170264 0.013683 0.0116155 0.0102831
 1.07758e-16 3.07192e-05 0.000298601 0.00198431 0.00902042 0.0280661 0.0597996 0.0872888 0.0873345 0.060023 0.0288168 0.0111897 0.00743369 0.0122088 0.0226919 0.0375741 0.0543766 0.0689071 0.0768891 0.0763227 0.0686191 0.0575235 0.0467504 0.0382115 0.0318723 0.0267666
 1.1697e-16 3.74001e-05 0.000363543 0.00241587 0.0109822 0.0341698 0.0728032 0.106263 0.106283 0.0729019 0.0345024 0.0119475 0.0048573 0.00575432 0.0104554 0.0176978 0.0265986 0.0357793 0.0438122 0.0499955 0.0545852 0.0582019 0.060956 0.0621218 0.0606288 0.0558868
 1.05858e-16 7.17737e-05 0.000697666 0.00463623 0.0210756 0.0655742 0.139713 0.203916 0.203922 0.139741 0.0656684 0.0213482 0.00532261 0.00220339 0.00295368 0.00482983 0.00709811 0.00925134 0.0108405 0.0117022 0.0120592 0.0123419 0.0128625 0.0135986 0.0142279 0.0143439
pSPR Fmed_Fpbrs
0.552105   0.241293 0.241293
Fs Fmed_Fpbrs
0.358698   1.005 1.005
SSBpbr Bo_Bmed_Bpbrs
1.66554e+06  836278  318607 318607
Ro
141063
SPR SPRFo_SPRFmed_SPRFpbrs
1.00831e+06 556691 243297
Fref
1.005
Nvult_r0
 170592 12837.4 5744.96 7193.66 2330.29
CTP_r0
 27528.6 2787.47 1270.54 1592.49 515.892
YTP_r0
391274
Np
 200556 74330 4961.98 2200.37 3516.26
Nvult_p0
 163182 64070.9 4292.91 1904.05 3042.75
CTP_p0
 66057.9 31717.7 2150.39 954.366 1525.17
YTP_p0
 1.13833e+06
CBA_c0
615390
log_Ro
11.677
likeval ReclasPelacesDesembMPH_pf_preclas_ppelaces_ptallas_desvR_qrecl_qpela
 10.9511 23.5165 0.0112772 0.000856966 241.085 117.201 99.3758 0 29.3977 8.58684e-07 0 0.0433427 0 0 0
q_reclas_q_pelaces
1.14032 1
M
1
N
 163560 41519.9 95921.2 7382.02 0.229024
 95298.2 52761 12638.6 29067.1 2236.51
 93659.9 27458.3 13647.8 3241.98 8026.17
 104979 27034.6 7121.02 3510.1 2896.73
 85441 24796.8 5251.46 1362.41 1224.74
 212627 26418.5 7101.13 1494.94 736.243
 71523.9 58918.6 6459.75 1719.56 539.998
 27630.8 13486.3 8271.22 886.302 309.632
 33640.6 8967.19 4141.19 2528.92 365.57
 49620.8 7639.56 1645.83 747.606 522.071
 91898.4 9735.64 1135.69 239.453 184.506
 130742 30008.2 3016.08 350.401 130.776
 106572 30607 5754.34 569.467 90.7742
 73845.3 25750.8 6143.09 1138.42 130.518
 68434.1 12938 3251.84 756.275 156.003
 445155 14590.6 2168.18 534.856 149.897
 73890 114568 3207.29 470.804 148.589
 674858 21842.8 30750.9 854.432 164.941
 379645 198925 5838.61 8157.56 270.306
 280425 103378 47431.7 1377.87 1987.81
 432129 78009.4 25420.3 11552.1 819.283
 567135 128182 21042.3 6806.49 3311.2
 99650.2 159167 31923.6 5192.15 2495.25
 337276 31203.5 46418.1 9258.64 2228.86
 269667 107030 9276.63 13730.1 3396.97
 118121 85620.2 31843.6 2746.1 5068.62
 292243 38484 26438.8 9792.19 2402.53
 337789 92838.7 11458.8 7832.79 3611.83
 83740.5 110640 28889.1 3551.52 3546.35
 57407.2 27634.7 34802 9053.29 2223.88
 244922 17799.4 7945.34 9947.54 3222.35
pred_Ctot
 12869 4599.35 10858.6 836.638 0.025958
 13321.1 10187.5 2490.25 5733.41 441.17
 13005.6 5268.38 2672.17 635.449 1573.27
 24617.7 8489.45 2276.56 1123.23 926.999
 8737.6 3544.37 766.658 199.121 179.01
 33940.5 5788.26 1586.89 334.427 164.711
 23250.3 24851.3 2767.49 737.301 231.547
 2079 1430.16 896.432 96.1685 33.5987
 8461.11 3002.8 1411.19 862.58 124.697
 15395 3091.73 676.797 307.69 214.877
 6592.25 985.339 117.483 24.7992 19.1098
 31171.6 9568.05 978.95 113.84 42.4893
 23919 9230.15 1767.13 175.05 27.9047
 25939.4 11626 2815.15 522.108 59.8612
 19004.4 4740.6 1211.71 282.057 58.1852
 87017.3 3869.36 585.948 144.689 40.5523
 9340.3 20089.7 574.088 84.3637 26.6274
 86326.4 3874.08 5567.13 154.855 29.8952
 63891.6 45822.8 1371.48 1918.19 63.564
 44214.1 22386.5 10476.7 304.666 439.557
 53840.6 13490.5 4487.55 2041.57 144.798
 86896.5 27013.4 4523.68 1464.81 712.636
 9498.64 21251.4 4354.08 708.964 340.735
 29647.3 3850.78 5852.73 1168.73 281.37
 23624.5 13165.1 1165.84 1727.51 427.43
 8625.77 8818.01 3351.93 289.396 534.186
 25513.4 4717.71 3311.5 1227.89 301.284
 23635.2 9170.06 1156.89 791.726 365.1
 5498.55 10268.9 2740.92 337.354 336.884
 5784 3893.47 5008.19 1304.28 320.408
 27528.6 2787.47 1270.54 1592.49 515.892
F
 0.13141 0.189415 0.19392 0.194163 0.194176
 0.244341 0.352195 0.360572 0.361024 0.361048
 0.242554 0.349619 0.357934 0.358383 0.358407
 0.443046 0.63861 0.653799 0.654618 0.654662
 0.173762 0.250462 0.256419 0.256741 0.256758
 0.283385 0.408473 0.418189 0.418713 0.41874
 0.668356 0.963374 0.986288 0.987524 0.987589
 0.125357 0.180691 0.184989 0.185221 0.185233
 0.482393 0.695325 0.711863 0.712755 0.712802
 0.628618 0.906096 0.927647 0.928809 0.928871
 0.119213 0.171835 0.175922 0.176142 0.176154
 0.452 0.651517 0.667013 0.667849 0.667893
 0.420353 0.605901 0.620312 0.621089 0.62113
 0.741807 1.06925 1.09468 1.09605 1.09612
 0.545492 0.786277 0.804978 0.805987 0.80604
 0.357257 0.514954 0.527202 0.527863 0.527898
 0.218707 0.315246 0.322744 0.323149 0.32317
 0.221573 0.319378 0.326974 0.327384 0.327406
 0.300843 0.433638 0.443952 0.444508 0.444538
 0.279479 0.402843 0.412424 0.412941 0.412968
 0.215271 0.310293 0.317673 0.318072 0.318093
 0.270645 0.39011 0.399389 0.399889 0.399916
 0.161136 0.232263 0.237787 0.238085 0.238101
 0.147794 0.213032 0.218098 0.218372 0.218386
 0.147265 0.212269 0.217318 0.21759 0.217605
 0.12147 0.175088 0.179252 0.179477 0.179489
 0.146721 0.211485 0.216515 0.216787 0.216801
 0.116136 0.167399 0.171381 0.171596 0.171607
 0.108651 0.156611 0.160336 0.160537 0.160547
 0.171004 0.246487 0.252349 0.252665 0.252682
 0.192423 0.277361 0.283958 0.284314 0.284332
nmprior
 8.19 8.8 8.5 0
nm_flota  nm_reclas  nm_pelaces    nm_pelaL
inf 14.8238 15.1704 34.3003
cv_recla  cv_pelaces  cv_mph
0.299332 0.549868 0.903415
 ------------------------------------------------
Talla a la edad & desviaci?n 
 8 13.2811 15.8009 17.003 17.5766
 0.8 1.32811 1.58009 1.7003 1.75766
