years
 1991 1992 1993 1994 1995 1996 1997 1998 1999 2000 2001 2002 2003 2004 2005 2006 2007 2008 2009 2010 2011 2012 2013 2014 2015 2016 2017 2018 2019 2020 2021
reclasobs
 0 0 0 0 0 0 0 0 0 252601 567819 844713 477998 351125 339783 2.1784e+06 2.13404e+06 4.81314e+06 1.55562e+06 2.62356e+06 3.21686e+06 3.843e+06 1.13348e+06 3.07943e+06 1.97215e+06 2.03268e+06 2.025e+06 2.42433e+06 2.27542e+06 1.05018e+06 2.36338e+06
reclaspred
 3.97899e+06 1.50686e+06 831307 459910 114249 1.88315e+06 804668 346433 126578 205832 345241 622379 567927 405588 319086 1.78245e+06 1.22607e+06 4.22424e+06 3.39355e+06 1.93059e+06 3.74668e+06 3.31813e+06 2.01576e+06 3.59746e+06 2.41882e+06 1.70431e+06 2.57331e+06 3.49563e+06 2.56804e+06 1.09907e+06 1.6312e+06
pelacesobs
 0 0 0 0 0 0 0 0 0 0 0 0 0 0 0 552880 188675 0 991730 2.46772e+06 1.41603e+06 1.21717e+06 2.29649e+06 1.80582e+06 0 1.4828e+06 1.56532e+06 1.57751e+06 1.42118e+06 867257 1.10002e+06
pelacespred
 1.07737e+06 420340 199067 73277.5 19003.2 474082 157470 91588.2 19059.2 38839.1 83356.1 123457 123890 85776.2 67546 376585 258112 1.10002e+06 868132 457668 899073 802454 492714 1.01084e+06 639754 447563 787348 1.04444e+06 638164 314899 437238
mphobs
 0 0 0 0 0 0 0 0 0 0 0 498337 0 5186 125008 0 168611 109162 213762 579715 649985 157893 87575 83554 0 0 0 0 0 0 0
mphpred
 772253 373865 105531 81247.1 26746.5 6837.55 187820 60841.9 23229.3 4470.27 12329.8 39156.8 52395.9 36912.5 19206.7 20849.3 201698 124514 437544 298700 233022 343759 351230 215853 360818 256855 165217 239580 440407 244579 94245.5
desembarqueobs
 494567 514787 250237 358949 120608 361735 552515 73892 212993 205616 52469 317467 293654 387597 252695 516296 358380 742168 942051 627588 828172 859565 418607 520667 417249 300574 415391 372974 316634 284311 391294
desembarquepred
 494528 514772 249609 358793 120543 361579 551894 73872.3 212739 205453 52460.9 317237 293401 387037 252440 515957 358257 741748 940904 626749 827768 858900 418397 520495 417030 300395 415197 372819 316487 284119 391119
Reclutas
 27028.8 17948.8 174440 25845.5 10146.8 315311 19911.2 5213.74 17032.9 58564.1 54117.7 123206 84941.9 67869.2 47708.8 397803 22777.9 666883 321341 169402 382683 516303 32162.1 279723 179725 56065.7 235823 304690 32945.9 17060.7 165316
log_desv_Rt
 -1.06451 -1.47389 0.800164 -1.10928 -2.04425 1.39214 -1.37013 -2.71012 -1.52627 -0.291292 -0.370253 0.452446 0.0805529 -0.143833 -0.496298 1.62454 -1.23563 2.1412 1.41109 0.770859 1.58579 1.88528 -0.890625 1.27238 0.830013 -0.33489 1.10167 1.35788 -0.866547 -1.52464 0.746444
SSB
 2.36618e+06 1.14552e+06 323346 248941 81951.4 20950.3 575480 186420 71174.5 13696.9 37778.4 119977 160541 113100 58849.4 63882.4 618003 381510 1.34064e+06 915217 713978 1.05328e+06 1.07617e+06 661374 1.10555e+06 787003 506226 734074 1.34941e+06 749390 288768
BT
 2.93604e+06 1.52101e+06 694226 434119 148607 1.41363e+06 850399 280354 245314 284955 236016 545829 549935 599772 406504 1.27595e+06 877338 3.20886e+06 2.89302e+06 1.63458e+06 2.77212e+06 2.62672e+06 1.49975e+06 2.82689e+06 1.86659e+06 1.307e+06 2.25273e+06 2.78051e+06 1.73614e+06 1.02593e+06 1.39094e+06
Ftot
 0.209562 0.554888 0.562328 1.21537 1.55763 0.415687 1.06558 0.364582 2.40911 1.81601 0.317231 0.963097 0.943513 1.64571 1.45145 0.610113 0.494516 0.366403 0.506728 0.578166 0.429196 0.491888 0.354348 0.289913 0.313987 0.31307 0.324551 0.216618 0.211333 0.432854 0.482087
BD_Bspro_t
 0.967111 0.744434 0.437669 0.399033 0.154675 0.0617794 0.526735 0.234663 0.140419 0.0417063 0.128476 0.379266 0.31585 0.217363 0.12401 0.138721 0.47671 0.355726 0.589489 0.461707 0.364094 0.454428 0.484054 0.40578 0.563037 0.5402 0.49733 0.612807 0.719674 0.593398 0.415161
BD_Bspro
 4.22406 2.04496 0.577229 0.444404 0.146298 0.0373999 1.02733 0.332792 0.127059 0.0244514 0.0674412 0.21418 0.286594 0.201903 0.105057 0.114041 1.10325 0.681064 2.39327 1.63383 1.27458 1.88029 1.92115 1.18067 1.9736 1.40494 0.903703 1.31045 2.40893 1.33779 0.515503
BD_Bo
 1.43298 0.693736 0.19582 0.15076 0.0496303 0.0126876 0.348514 0.112897 0.0431037 0.00829492 0.0228789 0.0726585 0.0972246 0.068494 0.0356396 0.0386876 0.374266 0.231045 0.811897 0.554261 0.43239 0.637872 0.651735 0.400532 0.669525 0.476614 0.306573 0.44456 0.81721 0.453835 0.17488
BD_Brms
 8.33084 4.03315 1.13843 0.87647 0.288534 0.0737615 2.02614 0.656344 0.250591 0.0482239 0.13301 0.422413 0.565232 0.398201 0.207196 0.224917 2.17586 1.34322 4.7201 3.22229 2.51377 3.70837 3.78897 2.32856 3.8924 2.77087 1.78232 2.58452 4.75099 2.63845 1.01669
Sel_flota
 0.756699 0.983359 0.99911 0.999953 0.999998
 0.756699 0.983359 0.99911 0.999953 0.999998
 0.756699 0.983359 0.99911 0.999953 0.999998
 0.756699 0.983359 0.99911 0.999953 0.999998
 0.756699 0.983359 0.99911 0.999953 0.999998
 0.756699 0.983359 0.99911 0.999953 0.999998
 0.756699 0.983359 0.99911 0.999953 0.999998
 0.756699 0.983359 0.99911 0.999953 0.999998
 0.756699 0.983359 0.99911 0.999953 0.999998
 0.756699 0.983359 0.99911 0.999953 0.999998
 0.756699 0.983359 0.99911 0.999953 0.999998
 0.756699 0.983359 0.99911 0.999953 0.999998
 0.756699 0.983359 0.99911 0.999953 0.999998
 0.756699 0.983359 0.99911 0.999953 0.999998
 0.756699 0.983359 0.99911 0.999953 0.999998
 0.756699 0.983359 0.99911 0.999953 0.999998
 0.756699 0.983359 0.99911 0.999953 0.999998
 0.756699 0.983359 0.99911 0.999953 0.999998
 0.756699 0.983359 0.99911 0.999953 0.999998
 0.756699 0.983359 0.99911 0.999953 0.999998
 0.756699 0.983359 0.99911 0.999953 0.999998
 0.756699 0.983359 0.99911 0.999953 0.999998
 0.756699 0.983359 0.99911 0.999953 0.999998
 0.756699 0.983359 0.99911 0.999953 0.999998
 0.756699 0.983359 0.99911 0.999953 0.999998
 0.756699 0.983359 0.99911 0.999953 0.999998
 0.756699 0.983359 0.99911 0.999953 0.999998
 0.756699 0.983359 0.99911 0.999953 0.999998
 0.756699 0.983359 0.99911 0.999953 0.999998
 0.756699 0.983359 0.99911 0.999953 0.999998
 0.756699 0.983359 0.99911 0.999953 0.999998
Sel_reclas
 1 1 1 1 1
 1 1 1 1 1
 1 1 1 1 1
 1 1 1 1 1
 1 1 1 1 1
 1 1 1 1 1
 1 1 1 1 1
 1 1 1 1 1
 1 1 1 1 1
 1 1 1 1 1
 1 1 1 1 1
 1 1 1 1 1
 1 1 1 1 1
 1 1 1 1 1
 1 1 1 1 1
 1 1 1 1 1
 1 1 1 1 1
 1 1 1 1 1
 1 1 1 1 1
 1 1 1 1 1
 1 1 1 1 1
 1 1 1 1 1
 1 1 1 1 1
 1 1 1 1 1
 1 1 1 1 1
 1 1 1 1 1
 1 1 1 1 1
 1 1 1 1 1
 1 1 1 1 1
 1 1 1 1 1
 1 1 1 1 1
Sel_pelaces
 1 1 1 1 1
 1 1 1 1 1
 1 1 1 1 1
 1 1 1 1 1
 1 1 1 1 1
 1 1 1 1 1
 1 1 1 1 1
 1 1 1 1 1
 1 1 1 1 1
 1 1 1 1 1
 1 1 1 1 1
 1 1 1 1 1
 1 1 1 1 1
 1 1 1 1 1
 1 1 1 1 1
 1 1 1 1 1
 1 1 1 1 1
 1 1 1 1 1
 1 1 1 1 1
 1 1 1 1 1
 1 1 1 1 1
 1 1 1 1 1
 1 1 1 1 1
 1 1 1 1 1
 1 1 1 1 1
 1 1 1 1 1
 1 1 1 1 1
 1 1 1 1 1
 1 1 1 1 1
 1 1 1 1 1
 1 1 1 1 1
pf_obs 
 0.8446 0.082 0.0669 0.0065 0
 0.8095 0.147 0.0364 0.0071 0
 0.9664 0.0169 0.016 0.0007 0
 0.9276 0.0648 0.0075 0.0001 0
 0.7033 0.2144 0.0806 0.0017 0
 0.9318 0.0425 0.0243 0.0014 0
 0.5671 0.3108 0.0964 0.0239 0.0018
 0.0768 0.2599 0.5324 0.112 0.0189
 0.490249 0.384438 0.106611 0.0170017 0.00170017
 0.7925 0.1577 0.0466 0.003 0.0002
 0.840416 0.127587 0.0312969 0.00059994 9.999e-05
 0.8084 0.0986 0.0794 0.0134 0.0002
 0.7335 0.1905 0.0724 0.0035 0.0001
 0.4001 0.4547 0.1325 0.0127 0
 0.49795 0.308269 0.164784 0.0264974 0.00249975
 0.9179 0.0499 0.0305 0.0017 0
 0.2467 0.6533 0.0926 0.0074 0
 0.9418 0.0223 0.034 0.0019 0
 0.707729 0.231977 0.0356964 0.0245975 0
 0.517169 0.277429 0.184464 0.0207286 0.00020938
 0.811772 0.124168 0.05621 0.00726502 0.000585176
 0.764997 0.148141 0.077277 0.00933861 0.000247198
 0.163321 0.427699 0.378323 0.0303852 0.000271297
 0.753843 0.0900009 0.118128 0.0371064 0.000921714
 0.721811 0.176058 0.0630433 0.0369309 0.00215725
 0.143369 0.312575 0.442814 0.0836902 0.0175525
 0.692698 0.0596174 0.167031 0.0765114 0.00414204
 0.394062 0.376323 0.152708 0.0712218 0.00568511
 0.125707 0.32114 0.495352 0.0537591 0.00404204
 0.23352 0.215282 0.420074 0.123614 0.00750983
 0.774587 0.0839891 0.0768558 0.0609784 0.00358967
pf_pred 
 0.123968 0.210441 0.593993 0.0715962 8.03118e-07
 0.213692 0.125144 0.160922 0.446475 0.0537667
 0.900077 0.027718 0.0117011 0.0147384 0.0457651
 0.325651 0.625293 0.013824 0.00571497 0.0295164
 0.496716 0.215382 0.267523 0.00574944 0.0146298
 0.992706 0.00452968 0.00120474 0.00144903 0.000110187
 0.16371 0.831838 0.00278585 0.000726726 0.00093958
 0.223435 0.176319 0.597135 0.00194801 0.00116349
 0.748265 0.071482 0.0415331 0.138001 0.000718341
 0.977351 0.0193573 0.000965433 0.000537031 0.0017895
 0.885774 0.112703 0.0013088 6.30056e-05 0.000151535
 0.8565 0.130929 0.0124059 0.000141447 2.31627e-05
 0.743455 0.230509 0.0238067 0.00219955 2.91455e-05
 0.756921 0.1972 0.0413276 0.00416223 0.000389129
 0.826714 0.145391 0.0227723 0.00461515 0.000507348
 0.979904 0.0177814 0.00195159 0.000296369 6.6556e-05
 0.163569 0.82437 0.0106985 0.00114953 0.000213527
 0.951173 0.0103401 0.0379427 0.000482667 6.14287e-05
 0.572589 0.411967 0.00331922 0.0119538 0.000171245
 0.524521 0.308458 0.161107 0.00127211 0.004642
 0.821912 0.108134 0.0457137 0.0233827 0.000857365
 0.778771 0.191054 0.0184634 0.00765574 0.00405534
 0.139235 0.713526 0.127508 0.0120787 0.00765308
 0.813961 0.0333349 0.126985 0.0222754 0.00344363
 0.595597 0.345965 0.0106273 0.0397645 0.00804602
 0.361065 0.424209 0.184196 0.00555634 0.0249727
 0.832192 0.0724929 0.0636704 0.0271493 0.00449525
 0.754115 0.213995 0.0139218 0.0120067 0.00596157
 0.178922 0.658618 0.141712 0.00906243 0.0116856
 0.2282 0.172823 0.482098 0.101964 0.0149145
 0.894881 0.0305069 0.0169627 0.0464093 0.0112397
pobs_RECLAS
 0 0 0 0 0
 0 0 0 0 0
 0 0 0 0 0
 0 0 0 0 0
 0 0 0 0 0
 0 0 0 0 0
 0 0 0 0 0
 0 0 0 0 0
 0 0 0 0 0
 0 0 0 0 0
 0.991045 0.00858322 0.000360255 1.14367e-05 0
 0.934742 0.0480273 0.0164251 0.00080598 0
 0.827803 0.169806 0.00239088 0 0
 0.941827 0.0461693 0.0120037 0 0
 0.791401 0.0380133 0.147996 0.0225897 0
 0.846168 0.0940531 0.0597789 0 0
 0.134021 0.677848 0.182769 0.00536245 0
 0.80878 0.0450904 0.141981 0.00414843 0
 0.846168 0.0940531 0.0597789 0 0
 0.905697 0.0802665 0.012482 0.00150086 5.37128e-05
 0.989698 0.0102097 9.19794e-05 0 0
 0.975433 0.0193895 0.00387452 0.00125025 5.28907e-05
 0.303575 0.632131 0.0575291 0.00676475 0
 0.966965 0.00978017 0.0227588 0.000495775 0
 0.843318 0.132988 0.00938335 0.0141283 0.000182051
 0.564624 0.303363 0.111486 0.0197234 0.00080311
 0.826376 0.0876187 0.0782897 0.00655872 0.00115652
 0.89761 0.0855135 0.0140674 0.00269457 0.000114338
 0.34875 0.467042 0.161289 0.0227151 0.000203297
 0.318654 0.224769 0.449479 0.00709798 0
 0.937255 0.0296025 0.0250945 0.00804832 0
ppred_RECLAS
 0.157569 0.204888 0.569016 0.0685266 7.6865e-07
 0.266789 0.118437 0.149734 0.415059 0.0499811
 0.923309 0.0215482 0.00894328 0.0112545 0.0349454
 0.396449 0.56045 0.0121553 0.00502004 0.0259259
 0.580362 0.181713 0.221101 0.00474656 0.0120772
 0.994471 0.00345577 0.000903952 0.00108629 8.25997e-05
 0.208796 0.787071 0.00258739 0.000674289 0.00087174
 0.276441 0.166392 0.554281 0.00180662 0.00107899
 0.816435 0.053101 0.0300917 0.0998522 0.000519726
 0.983857 0.0138422 0.000675462 0.000375296 0.00125049
 0.910353 0.0884706 0.00101066 4.86108e-05 0.000116908
 0.889122 0.101326 0.00942758 0.000107386 1.7584e-05
 0.795537 0.18405 0.0186666 0.00172298 2.28295e-05
 0.813188 0.152153 0.031224 0.00314115 0.00029365
 0.868192 0.11095 0.0170314 0.00344798 0.000379019
 0.984751 0.0135189 0.00145857 0.000221298 4.96948e-05
 0.204771 0.783951 0.0100043 0.00107397 0.000199482
 0.962792 0.00798278 0.0288125 0.000366201 4.66039e-05
 0.638393 0.34876 0.002763 0.00994174 0.000142414
 0.594346 0.264734 0.135935 0.00107237 0.00391296
 0.859217 0.0860519 0.0357772 0.018284 0.000670379
 0.822837 0.153355 0.014573 0.0060372 0.00319783
 0.17533 0.685538 0.120501 0.011405 0.00722589
 0.852983 0.026702 0.100066 0.0175381 0.00271116
 0.65903 0.292417 0.00883614 0.0330337 0.00668379
 0.426566 0.382832 0.163524 0.00492845 0.0221497
 0.867654 0.0577172 0.0498665 0.0212447 0.00351743
 0.800527 0.173976 0.0111361 0.00959594 0.00476436
 0.222038 0.626039 0.132535 0.00846829 0.010919
 0.282413 0.162795 0.446613 0.0943755 0.0138039
 0.918975 0.0238075 0.0130172 0.0355828 0.00861725
pobs_PELACES
 0 0 0 0 0
 0 0 0 0 0
 0 0 0 0 0
 0 0 0 0 0
 0 0 0 0 0
 0 0 0 0 0
 0 0 0 0 0
 0 0 0 0 0
 0 0 0 0 0
 0 0 0 0 0
 0 0 0 0 0
 0 0 0 0 0
 0 0 0 0 0
 0 0 0 0 0
 0 0 0 0 0
 0 0 0 0 0
 0.505614 0.472636 0.0217494 0 0
 0 0 0 0 0
 0.443492 0.261883 0.143347 0.151278 0
 0.227955 0.32914 0.350689 0.0885471 0.00366901
 0.970185 0.0296113 0.000203453 0 0
 0.997202 0.00247181 0.000326279 0 0
 0.445219 0.490057 0.0546422 0.010081 0
 0.90214 0.0892962 0.00764917 0.000914606 0
 0 0 0 0 0
 0.581667 0.319106 0.0959925 0.00289975 0.000334073
 0.762889 0.0836404 0.116647 0.0363945 0.000428098
 0.88444 0.0763242 0.0277011 0.0115352 0
 0.521256 0.241999 0.230069 0.00667565 0
 0.616807 0.101726 0.260614 0.0208532 0
 0.833518 0.0704572 0.0857862 0.0102388 0
ppred_PELACES
 0.159773 0.204521 0.56738 0.0683256 7.66394e-07
 0.275488 0.117327 0.147903 0.40992 0.0493619
 0.926384 0.0207295 0.00857837 0.0107936 0.0335141
 0.418506 0.540221 0.0116428 0.00480674 0.0248239
 0.609538 0.169859 0.205011 0.00439923 0.0111932
 0.994644 0.00335055 0.000874539 0.00105082 7.99023e-05
 0.222273 0.773686 0.00252934 0.000658966 0.000851916
 0.282225 0.165303 0.549612 0.00179122 0.00106979
 0.843146 0.0457957 0.025629 0.0849867 0.000442336
 0.985897 0.0121091 0.000585342 0.000325059 0.00108307
 0.912273 0.0865782 0.000987414 4.74884e-05 0.000114209
 0.896067 0.0950195 0.0087967 0.000100173 1.64027e-05
 0.806854 0.173949 0.0175558 0.00162002 2.1465e-05
 0.831395 0.137542 0.0279853 0.00281404 0.000263065
 0.880253 0.100918 0.0153751 0.0031114 0.000342013
 0.985427 0.0129247 0.00139005 0.000210865 4.73516e-05
 0.210866 0.777971 0.00990245 0.0010629 0.000197424
 0.963814 0.00777522 0.02801 0.000355964 4.53009e-05
 0.647118 0.340378 0.0026895 0.00967592 0.000138605
 0.604978 0.258065 0.132113 0.00104205 0.0038023
 0.86316 0.0837157 0.0347283 0.0177458 0.000650644
 0.828187 0.148776 0.0141018 0.0058412 0.00309398
 0.179241 0.6825 0.119747 0.0113325 0.00717988
 0.855835 0.0262166 0.098099 0.017192 0.00265764
 0.664341 0.287931 0.00868642 0.0324711 0.00656993
 0.432437 0.379119 0.161674 0.00487228 0.0218972
 0.870526 0.0565194 0.0487493 0.0207669 0.0034383
 0.803125 0.171736 0.0109803 0.00946113 0.00469742
 0.224818 0.623937 0.131945 0.00843008 0.0108697
 0.289381 0.161497 0.442059 0.0934018 0.0136614
 0.921753 0.0230338 0.0125626 0.0343355 0.00831514
pobs_pel_tallas
 0 0 0 0 0 0 0 0 0 0 0 0 0 0 0 0 0 0 0 0 0 0 0 0 0 0
 0 0 0 0 0 0 0 0 0 0 0 0 0 0 0 0 0 0 0 0 0 0 0 0 0 0
 0 0 0 0 0 0 0 0 0 0 0 0 0 0 0 0 0 0 0 0 0 0 0 0 0 0
 0 0 0 0 0 0 0 0 0 0 0 0 0 0 0 0 0 0 0 0 0 0 0 0 0 0
 0 0 0 0 0 0 0 0 0 0 0 0 0 0 0 0 0 0 0 0 0 0 0 0 0 0
 0 0 0 0 0 0 0 0 0 0 0 0 0 0 0 0 0 0 0 0 0 0 0 0 0 0
 0 0 0 0 0 0 0 0 0 0 0 0 0 0 0 0 0 0 0 0 0 0 0 0 0 0
 0 0 0 0 0 0 0 0 0 0 0 0 0 0 0 0 0 0 0 0 0 0 0 0 0 0
 0 0 0 0 0 0 0 0 0 0 0 0 0 0 0 0 0 0 0 0 0 0 0 0 0 0
 0 0 0 0 0 0 0 0 0 0 0 0 0 0 0 0 0 0 0 0 0 0 0 0 0 0
 0 0 0 0 0 0 0 0 0 0 0 0 0 0 0 0 0 0 0 0 0 0 0 0 0 0
 0 0 0 0 0 0 0 0 0 0 0 0 0 0 0 0 0 0 0 0 0 0 0 0 0 0
 0.00862536 0 0 0.000197151 0.00414017 0.0128641 0.00837892 0.0270097 0.101434 0.158115 0.152841 0.127902 0.109271 0.109419 0.0830992 0.0579132 0.0238553 0.00714673 0.00463305 0.00128148 0.00103504 0.000492878 0.000147863 0.000147863 4.92878e-05 0
 0 0 0 0 0 0 0 0 0 0 0 0 0 0 0 0 0 0 0 0 0 0 0 0 0 0
 0 0 0 0 0 0 0 0.0054083 0.00873648 0.0413646 0.0450493 0.0745869 0.0622846 0.0627006 0.0613931 0.0827291 0.12552 0.122667 0.0946155 0.0697135 0.0546179 0.0294188 0.0215738 0.0213955 0.0102223 0.00600262
 0 0 0 0 0.00359764 0.0251062 0.0480494 0.140153 0.205849 0.193036 0.1447 0.116669 0.0760912 0.0342217 0.00950174 0.001854 0.000860785 0 0 0 0.000165536 0 0.000143464 0 0 0
 0 0 0 0 0 0 0 0.000145254 0.000435761 0.0275982 0.070085 0.0708112 0.156366 0.174668 0.174014 0.160142 0.0824315 0.0480064 0.0283245 0.00493863 0.00203355 0 0 0 0 0
 0 0 0 0 0 0 0 0 0 0 0 0 0 0 0 0 0 0 0 0 0 0 0 0 0 0
 0 0 1.00437e-05 0.000401748 0.00122533 0.00171747 0.00176769 0.0269171 0.070346 0.194647 0.189555 0.159765 0.064822 0.0314167 0.0384472 0.0292271 0.0345202 0.0313363 0.0194345 0.0106764 0.0143323 0.0359363 0.0279516 0.0138201 0.00172751 0
 0 0.0021121 0.0136068 0.0755702 0.200478 0.177729 0.0527432 0.0373336 0.0318909 0.0142505 0.0149659 0.0166563 0.0217959 0.0798694 0.0677717 0.0528807 0.04013 0.0224614 0.0357745 0.0225083 0.00881397 0.00855152 0.00135912 0.000746735 0 0
 0 0 0 0 5.4009e-05 0.00500934 0.000945158 0.0243581 0.138947 0.33067 0.221406 0.137944 0.0707744 0.0437923 0.0131692 0.00525238 0.0047753 0.00276346 9.45158e-05 9.00151e-06 2.25038e-05 9.00151e-06 4.50075e-06 0 0 0
 0.000866109 0.00284123 0.00948549 0.0512746 0.133035 0.25785 0.225252 0.132002 0.0553304 0.0519788 0.0540692 0.017754 0.00435017 0.00159236 0.00146478 0.000404838 0.000125132 0.000115318 0.000107957 0.000100596 0 0 0 0 0 0
 0 0 0 0 0.00144013 0.00171154 0.00461396 0.0210425 0.0478622 0.0707936 0.0888783 0.103762 0.0637923 0.0337046 0.0602308 0.124433 0.169614 0.0934646 0.0462172 0.0250306 0.0313229 0.00938855 0.002487 0.000210481 0 0
 0 0.00764035 0.051015 0.0998891 0.058973 0.0496711 0.0374665 0.0718981 0.12319 0.153886 0.159021 0.0857701 0.0377988 0.023471 0.0147837 0.00900784 0.00315554 0.000888139 0.00291439 0.00214683 0.00393193 0.00274676 0.000635225 9.99891e-05 0 0
 0 0 0 0 0 0 0 0 0 0 0 0 0 0 0 0 0 0 0 0 0 0 0 0 0 0
 0 0 0 0 0 0 0 0 0 0 0 0 0 0 0 0 0 0 0 0 0 0 0 0 0 0
 0 0 0 0 0 0 0 0 0 0 0 0 0 0 0 0 0 0 0 0 0 0 0 0 0 0
 0 0 0 0 0 0 0 0 0 0 0 0 0 0 0 0 0 0 0 0 0 0 0 0 0 0
 0 0 0 0 0 0 0 0 0 0 0 0 0 0 0 0 0 0 0 0 0 0 0 0 0 0
 0 0 0 0 0 0 0 0 0 0 0 0 0 0 0 0 0 0 0 0 0 0 0 0 0 0
 0 0 0 0 0 0 0 0 0 0 0 0 0 0 0 0 0 0 0 0 0 0 0 0 0 0
ppred_pel_tallas
 1.23278e-16 1.31603e-05 0.000127923 0.000850093 0.00386441 0.0120237 0.0256186 0.0373954 0.0374159 0.0257195 0.0123649 0.00486084 0.00339233 0.0058135 0.011209 0.0195473 0.0305727 0.0434777 0.0572741 0.0712516 0.0848963 0.0972313 0.10631 0.109633 0.105407 0.0937291
 1.53761e-16 2.26916e-05 0.000220571 0.00146577 0.00666319 0.0207317 0.0441715 0.0644721 0.0644837 0.0442287 0.0209248 0.00722597 0.00289807 0.00341462 0.00629435 0.0109331 0.0171378 0.0246538 0.0334255 0.043929 0.0570177 0.0731404 0.0914034 0.109215 0.1229 0.129027
 1.07007e-16 7.63051e-05 0.000741712 0.00492894 0.0224062 0.0697142 0.148533 0.216789 0.216791 0.148543 0.0697473 0.0225024 0.00517136 0.00127482 0.00110091 0.00173339 0.00257641 0.00344039 0.0042122 0.00490046 0.00565785 0.00669342 0.00812146 0.00985017 0.0115809 0.0129118
 1.05158e-16 3.44719e-05 0.000335079 0.00222672 0.0101224 0.0314948 0.0671049 0.0979524 0.0980044 0.0673587 0.0323469 0.0125825 0.00839704 0.0137891 0.02554 0.0420484 0.0602922 0.0752474 0.0818353 0.0777558 0.0649202 0.0482632 0.0329055 0.0218274 0.0153744 0.0122407
 1.08296e-16 5.02068e-05 0.000488028 0.00324312 0.0147428 0.0458703 0.0977321 0.142646 0.142663 0.0978136 0.0461448 0.0155391 0.00525541 0.00492528 0.00860715 0.0144875 0.0216486 0.0288504 0.0348004 0.0388036 0.0410011 0.0419378 0.0418875 0.0405839 0.0375617 0.0327162
 1.00146e-16 8.19275e-05 0.000796365 0.00529212 0.0240572 0.074851 0.159478 0.232763 0.232763 0.159479 0.0748563 0.0240726 0.00533077 0.000880906 0.00024302 0.000273526 0.000389548 0.000497345 0.000563428 0.000575332 0.000544508 0.000497457 0.000458038 0.000434647 0.000420092 0.000400821
 1.00482e-16 1.83085e-05 0.000177965 0.00118265 0.00537619 0.0167277 0.0356429 0.0520375 0.0521118 0.0360063 0.0179475 0.0088971 0.0100121 0.0194243 0.0364871 0.0600724 0.0860206 0.107091 0.115922 0.109125 0.0893752 0.0637463 0.0396829 0.0216773 0.0105323 0.00470592
 1.16264e-16 2.32465e-05 0.000225964 0.00150161 0.00682612 0.0212387 0.0452519 0.06605 0.0660667 0.0453341 0.021517 0.00764025 0.00358387 0.00489923 0.00927133 0.0162583 0.0256605 0.0369101 0.0492435 0.0619828 0.0744135 0.0852867 0.0925647 0.093986 0.0882585 0.0760054
 1.0935e-16 6.94488e-05 0.000675068 0.00448606 0.020393 0.0634502 0.135187 0.197311 0.197315 0.135209 0.0635238 0.0206066 0.00502569 0.0018645 0.00236345 0.00389377 0.00584158 0.00788224 0.00977202 0.0114927 0.0132829 0.0154396 0.0180184 0.0206666 0.0227217 0.0235075
 1.00236e-16 8.12071e-05 0.000789362 0.00524559 0.0238457 0.0741927 0.158076 0.230716 0.230717 0.158081 0.0742118 0.0239009 0.00538406 0.00109142 0.000654207 0.000951325 0.00135875 0.00170104 0.00186123 0.0017892 0.00152871 0.0011897 0.000884243 0.000674433 0.000562109 0.000512324
 1.00075e-16 7.51427e-05 0.000730414 0.00485386 0.0220649 0.0686523 0.146271 0.213489 0.213497 0.146312 0.0687888 0.022459 0.00584215 0.00288486 0.00415798 0.0067318 0.00963551 0.0120017 0.0130031 0.0122605 0.0100715 0.00722409 0.00454687 0.00253848 0.00128698 0.000621092
 1.00292e-16 7.38079e-05 0.000717439 0.00476763 0.021673 0.0674327 0.143673 0.209697 0.209706 0.143718 0.0675828 0.0221064 0.00585503 0.00308981 0.00457513 0.00743551 0.010677 0.0133683 0.0146134 0.0139965 0.0118258 0.00892736 0.00615933 0.004024 0.00259807 0.00170784
 1.00718e-16 6.64595e-05 0.00064601 0.00429297 0.0195152 0.0607192 0.129369 0.188822 0.188838 0.129451 0.060994 0.0203088 0.00628427 0.00499092 0.00831186 0.0136191 0.0195718 0.0245249 0.0268467 0.0257793 0.0218861 0.0166719 0.0116945 0.00785702 0.00528534 0.00365348
 1.0117e-16 6.8481e-05 0.000665659 0.00442354 0.0201088 0.062566 0.133304 0.194564 0.194577 0.133369 0.0627837 0.0207379 0.00600326 0.00411608 0.00662687 0.010861 0.0156706 0.0197696 0.021891 0.0214403 0.0188329 0.0151882 0.0116412 0.00881411 0.00675628 0.00522144
 1.0084e-16 7.25053e-05 0.000704778 0.0046835 0.0212905 0.0662427 0.141137 0.205996 0.206006 0.141185 0.0664023 0.0217515 0.00584084 0.00323149 0.0048718 0.0079408 0.0114352 0.0143859 0.0158565 0.0154129 0.0133742 0.0105879 0.0079182 0.00584559 0.00441092 0.00341537
 1.00073e-16 8.11683e-05 0.000788985 0.00524308 0.0238343 0.0741573 0.158 0.230606 0.230607 0.158006 0.0741778 0.0238933 0.00539108 0.00111194 0.000694139 0.00101806 0.0014562 0.00182572 0.00200114 0.00192624 0.0016429 0.00126261 0.000900316 0.000621984 0.000435757 0.000316498
 1.00625e-16 1.73689e-05 0.000168832 0.00112195 0.00510029 0.0158693 0.033814 0.0493681 0.049443 0.0341795 0.0170961 0.00864153 0.0100029 0.0195293 0.0367076 0.0604508 0.0865942 0.107871 0.116889 0.110243 0.0906011 0.0650403 0.0409963 0.022943 0.0116697 0.00564165
 1.00854e-16 7.9388e-05 0.00077168 0.00512809 0.0233115 0.0725308 0.154535 0.225548 0.225549 0.154539 0.072544 0.0233501 0.00522682 0.000993772 0.000520314 0.000784218 0.00123712 0.00179399 0.00241784 0.00307728 0.00373404 0.00431853 0.00471997 0.00481789 0.00454381 0.00392892
 1.01159e-16 5.33023e-05 0.000518118 0.00344308 0.0156517 0.0486986 0.103759 0.151446 0.151478 0.103919 0.0492353 0.0172012 0.00732894 0.00898964 0.016109 0.0264603 0.0379098 0.0472509 0.0512612 0.0484698 0.0400643 0.0291491 0.018965 0.0114282 0.00681838 0.00439292
 1.04627e-16 4.98313e-05 0.000484378 0.00321886 0.0146325 0.0455273 0.0970016 0.141582 0.141607 0.0971239 0.0459384 0.0158218 0.00621097 0.00703888 0.0125642 0.0208637 0.0304459 0.0391028 0.0445761 0.0457552 0.0432336 0.038717 0.0338199 0.0292581 0.0249249 0.0205012
 1.02914e-16 7.10973e-05 0.000691091 0.00459255 0.020877 0.0649563 0.138397 0.201996 0.202004 0.138436 0.0650895 0.0212624 0.00556187 0.00281391 0.00412277 0.00675631 0.00985151 0.0126558 0.0144529 0.0149172 0.0142873 0.0131578 0.0120614 0.0111838 0.0103841 0.00942143
 1.01555e-16 6.82167e-05 0.000663091 0.00440647 0.0200312 0.0623245 0.13279 0.193813 0.193828 0.13286 0.0625596 0.02071 0.00610987 0.00438009 0.00712303 0.0116564 0.0167588 0.0210214 0.0230601 0.022243 0.0190691 0.014836 0.0108705 0.00791651 0.00603046 0.00487193
 1.05982e-16 1.4764e-05 0.000143512 0.000953688 0.00433537 0.0134893 0.0287428 0.0419647 0.0420305 0.0290644 0.0145692 0.00745493 0.00878569 0.0172456 0.0325083 0.053754 0.0775108 0.0976259 0.107808 0.105115 0.091664 0.0731158 0.0552344 0.0412167 0.031339 0.024313
 1.05012e-16 7.0494e-05 0.000685227 0.00455357 0.0206999 0.064405 0.137222 0.20028 0.200282 0.137235 0.0644496 0.0208307 0.00488942 0.00144278 0.00158086 0.00268915 0.0043044 0.00632787 0.00868612 0.0113136 0.0141053 0.0168139 0.0190006 0.0201421 0.0198611 0.0181291
 1.04693e-16 5.4721e-05 0.000531907 0.00353471 0.0160683 0.0499946 0.10652 0.155475 0.155502 0.106655 0.0504491 0.0173805 0.00682672 0.00771265 0.013676 0.022482 0.0322915 0.0404349 0.0442511 0.0425625 0.0364143 0.0284139 0.0211982 0.0161968 0.0134047 0.0119687
 1.08957e-16 3.56194e-05 0.000346233 0.00230084 0.0104593 0.032543 0.0693377 0.101208 0.101245 0.0695171 0.033146 0.0122031 0.00668615 0.00994598 0.018345 0.0304741 0.0443664 0.0567711 0.0643588 0.0655399 0.0613087 0.0543643 0.0472831 0.0412375 0.0360253 0.0309519
 1.04086e-16 7.17041e-05 0.000696989 0.00463174 0.0210552 0.0655106 0.139578 0.203719 0.203724 0.139605 0.0656015 0.0213185 0.00529616 0.00215901 0.00288263 0.00474249 0.0070383 0.00930354 0.0111116 0.01227 0.0129021 0.0132882 0.0135984 0.0137524 0.0135031 0.012641
 1.02105e-16 6.61524e-05 0.000643025 0.00427313 0.019425 0.0604386 0.128771 0.187949 0.187966 0.128852 0.0607097 0.0202081 0.00623783 0.0049292 0.00819837 0.0134285 0.0192916 0.024167 0.0264567 0.0254394 0.0217107 0.0167974 0.0122592 0.00896705 0.0069724 0.00584288
 1.06653e-16 1.85181e-05 0.000180003 0.00119619 0.00543772 0.0169191 0.0360501 0.0526288 0.052689 0.0363443 0.0179071 0.00829215 0.00836421 0.0158377 0.029784 0.0492834 0.0711618 0.089833 0.0995818 0.097726 0.086155 0.0699396 0.0542053 0.0417406 0.0327257 0.0259989
 1.24477e-16 2.3836e-05 0.000231694 0.00153969 0.00699922 0.0217772 0.0463993 0.0677246 0.0677408 0.046479 0.0220468 0.00778668 0.00354942 0.00472867 0.00888678 0.0154976 0.0242967 0.0346913 0.0459879 0.0577397 0.0696535 0.081016 0.090228 0.0950907 0.0938189 0.086066
 1.0522e-16 7.59236e-05 0.000738004 0.0049043 0.0222942 0.0693656 0.147791 0.215706 0.215708 0.147802 0.0694026 0.0224015 0.00517525 0.0013349 0.00122612 0.00195255 0.00291898 0.00392621 0.00484663 0.00567152 0.00652803 0.00758153 0.00888322 0.0102791 0.011448 0.0120396
pSPR Fmed_Fpbrs
0.399071   0.222009 0.222009
Fs Fmed_Fpbrs
0.556537   1.005 1.005
SSBpbr Bo_Bmed_Bpbrs
1.65124e+06  576399  284027 284027
Ro
78367.9
SPR SPRFo_SPRFmed_SPRFpbrs
560168 223547 124362
Fref
1.005
Nvult_r0
 123089 3487.48 1918.39 5245.67 1270.39
CTP_r0
 32900.3 1121.59 623.633 1706.24 413.226
YTP_r0
391119
Np
 141661 42227.2 1035.8 564.194 1892.19
Nvult_p0
 117301 36444.9 896.192 488.216 1637.39
CTP_p0
 50670.8 18115 449.014 244.711 820.736
YTP_p0
 718680
CBA_c0
489388
log_Ro
11.0892
likeval ReclasPelacesDesembMPH_pf_preclas_ppelaces_ptallas_desvR_qrecl_qpela
 12.9045 59.9096 0.109999 0.000966028 277.941 118.64 107.318 0 70.6297 1.6199e-05 0 0.115941 0 0 0
q_reclas_q_pelaces
1.76885 1
M
1
N
 27028.8 35990.3 100118 12058.2 0.135256
 17948.8 8485.25 10774.4 29873.5 3597.39
 174440 4338.97 1808.82 2276.82 7069.65
 25845.5 41932.7 918.207 379.405 1959.48
 10146.8 3790.38 4668.89 100.297 255.206
 315311 1148.55 301.421 362.284 27.5478
 19911.2 84691 280.756 73.1997 94.6368
 5213.74 3270.56 10926.2 35.6181 21.2729
 17032.9 1455.6 840.672 2792.4 14.5351
 58564.1 1012.25 50.1065 27.8611 92.8373
 54117.7 5451.83 62.4359 3.00344 7.22329
 123206 15660.1 1468.14 16.7298 2.73951
 84941.9 21869.4 2234.56 206.338 2.73404
 67869.2 15302.4 3181.25 320.258 29.9404
 47708.8 7187.01 1115.93 226.056 24.85
 397803 5852.12 634.433 96.2821 21.6215
 22777.9 92230 1181.57 126.87 23.5654
 666883 5763.76 20863.5 265.21 33.7519
 321341 185928 1478.88 5322.39 76.2433
 169402 80564.8 41556.9 327.917 1196.55
 382683 40236.6 16785.5 8579.81 314.581
 516303 101741 9705.79 4021.69 2130.26
 32162.1 130906 23074.6 2184.25 1383.89
 279723 9049.01 33988.8 5957.78 921.001
 179725 82634.1 2503.19 9359.34 1893.72
 56065.7 52134.9 22324 672.912 3024.26
 235823 16274.9 14097.2 6006.66 994.516
 304690 67863.2 4351.3 3749.83 1861.79
 32945.9 95143 20175.7 1289.24 1662.35
 17060.7 10329 28433.4 6009.47 878.986
 165316 4523.28 2482.59 6787.59 1643.8
pred_Ctot
 2538.07 4308.48 12161.1 1465.83 0.0164427
 4024.64 2356.95 3030.78 8408.84 1012.63
 39553 1218.04 514.196 647.666 2011.11
 10566.1 20288.3 448.532 185.428 957.69
 4868.09 2110.86 2621.87 56.3476 143.38
 55183.4 251.8 66.9703 80.55 6.12518
 7428.23 37744.2 126.406 32.9748 42.6329
 812.609 641.253 2171.72 7.0847 4.23149
 10345.5 988.312 574.238 1908.01 9.9318
 30741.4 608.862 30.3666 16.8917 56.2867
 7444.63 947.23 11 0.529541 1.2736
 42719.2 6530.27 618.762 7.05489 1.15527
 29008.6 8994.17 928.906 85.8233 1.13722
 33655.9 8768.35 1837.6 185.07 17.3023
 21908.9 3853.04 603.492 122.307 13.4453
 96515.8 1751.38 192.222 29.1909 6.55545
 4633 23349.9 303.031 32.5599 6.04805
 104402 1134.94 4164.64 52.9781 6.74248
 66734.5 48014.2 386.851 1393.2 19.9584
 39311 23117.8 12074.4 95.3401 347.901
 68873.7 9061.29 3830.67 1959.4 71.8445
 104538 25646.2 2478.44 1027.67 544.369
 4887.05 25044.3 4475.45 423.956 268.619
 35458.1 1452.15 5531.74 970.366 150.013
 24494.8 14228.3 437.062 1635.37 330.904
 7621.02 8953.8 3887.84 117.278 527.101
 33115.9 2884.75 2533.68 1080.37 178.882
 29510.6 8374.22 544.799 469.855 233.293
 3118.15 11478 2469.67 157.935 203.65
 3093.32 2342.66 6534.98 1382.15 202.171
 32900.3 1121.59 623.633 1706.24 413.226
F
 0.158575 0.206074 0.209375 0.209552 0.209561
 0.419883 0.545654 0.554395 0.554862 0.554887
 0.425512 0.55297 0.561827 0.562301 0.562326
 0.919669 1.19515 1.21429 1.21531 1.21537
 1.17866 1.53171 1.55625 1.55756 1.55763
 0.31455 0.408769 0.415317 0.415667 0.415686
 0.806324 1.04785 1.06463 1.06553 1.06558
 0.275879 0.358515 0.364258 0.364565 0.364581
 1.82297 2.36902 2.40697 2.409 2.40911
 1.37417 1.78579 1.81439 1.81592 1.816
 0.240049 0.311952 0.316949 0.317216 0.317231
 0.728774 0.94707 0.96224 0.963052 0.963094
 0.713955 0.927812 0.942674 0.943469 0.943511
 1.24531 1.61832 1.64425 1.64563 1.64571
 1.09831 1.4273 1.45016 1.45138 1.45145
 0.461672 0.59996 0.60957 0.610084 0.610111
 0.3742 0.486287 0.494076 0.494493 0.494515
 0.277256 0.360305 0.366077 0.366385 0.366402
 0.383441 0.498296 0.506277 0.506705 0.506727
 0.437497 0.568544 0.577651 0.578139 0.578164
 0.324772 0.422054 0.428814 0.429176 0.429195
 0.372211 0.483703 0.491451 0.491865 0.491887
 0.268135 0.348452 0.354033 0.354332 0.354347
 0.219377 0.285089 0.289655 0.2899 0.289912
 0.237593 0.308762 0.313707 0.313972 0.313986
 0.2369 0.307861 0.312792 0.313056 0.31307
 0.245587 0.31915 0.324262 0.324536 0.32455
 0.163914 0.213013 0.216425 0.216607 0.216617
 0.159915 0.207816 0.211144 0.211323 0.211332
 0.32754 0.425651 0.432469 0.432834 0.432853
 0.364795 0.474065 0.481658 0.482065 0.482086
nmprior
 8.19 8.8 8.5 0
nm_flota  nm_reclas  nm_pelaces    nm_pelaL
inf 13.799 7.05603 12.6803
cv_recla  cv_pelaces  cv_mph
0.324934 0.877648 0.95918
 ------------------------------------------------
Talla a la edad & desviaci?n 
 8 13.2811 15.8009 17.003 17.5766
 0.8 1.32811 1.58009 1.7003 1.75766
