years
 1991 1992 1993 1994 1995 1996 1997 1998 1999 2000 2001 2002 2003 2004 2005 2006 2007 2008 2009 2010 2011 2012 2013 2014 2015 2016 2017 2018 2019 2020 2021
reclasobs
 0 0 0 0 0 0 0 0 0 252601 567819 844713 477998 351125 339783 2.1784e+06 2.13404e+06 4.81314e+06 1.55562e+06 2.62356e+06 3.21686e+06 3.843e+06 1.13348e+06 3.07943e+06 1.97215e+06 2.03268e+06 2.025e+06 2.42433e+06 2.27542e+06 1.05018e+06 2.36338e+06
reclaspred
 2.88261e+06 1.5577e+06 773366 582549 475240 1.19439e+06 583945 442808 330781 245530 419458 607940 595683 425701 403838 1.50533e+06 1.31427e+06 3.34942e+06 2.73883e+06 1.92851e+06 3.47688e+06 2.83591e+06 2.06997e+06 3.27826e+06 2.3675e+06 2.00451e+06 2.56047e+06 2.9441e+06 2.32591e+06 1.29702e+06 1.86734e+06
pelacesobs
 0 0 0 0 0 0 0 0 0 0 0 0 0 0 0 552880 188675 0 991730 2.46772e+06 1.41603e+06 1.21717e+06 2.29649e+06 1.80582e+06 0 1.4828e+06 1.56532e+06 1.57751e+06 1.42118e+06 867257 1.10002e+06
pelacespred
 1.01737e+06 595568 286694 170111 155097 415463 159050 175413 111160 77220.8 151612 183991 200839 144574 142164 467701 411515 1.23956e+06 1.02313e+06 663966 1.19367e+06 1.02145e+06 753574 1.32678e+06 912997 773875 1.135e+06 1.28169e+06 834847 530427 743146
mphobs
 0 0 0 0 0 0 0 0 0 0 0 498337 0 5186 125008 0 168611 109162 213762 579715 649985 157893 87575 83554 0 0 0 0 0 0 0
mphpred
 435541 282026 133701 70707.5 50982 52293.8 107684 46860.3 38808.5 24231.6 17379.8 49022 55223.2 44127 25363.3 32102.2 171307 142823 331599 242273 244389 313888 297917 224527 324580 256243 201317 235035 359112 227875 122560
desembarqueobs
 494567 514787 250237 358949 120608 361735 552515 73892 212993 205616 52469 317467 293654 387597 252695 516296 358380 742168 942051 627588 828172 859565 418607 520667 417249 300574 407403 355545 319650 289779 391294
desembarquepred
 494553 514408 250123 358972 120607 361671 552287 73892.6 212984 205602 52469.7 317456 293623 387439 252618 516144 358369 741949 941527 627248 828122 859379 418563 520647 417200 300535 407354 355492 319605 289742 391258
Reclutas
 151182 94165.9 88574.1 84479 67565.1 220567 63351.8 22796.8 31425.1 48308.5 85161.1 126568 102317 71000.2 63250.1 434912 64155.6 661649 365924 264440 417987 546149 87528.9 319807 249501 107078 278406 326233 74014.7 49296.8 226239
log_desv_Rt
 0.14624 -0.327187 -0.388405 -0.435742 -0.659154 0.523958 -0.723541 -1.74562 -1.42464 -0.994637 -0.4277 -0.0314643 -0.244171 -0.609561 -0.725147 1.2029 -0.710934 1.62249 1.03018 0.705368 1.16321 1.43065 -0.400276 0.895472 0.64722 -0.198685 0.756837 0.915368 -0.567982 -0.974385 0.549347
SSB
 1.9813e+06 1.28296e+06 608214 321653 231920 237888 489864 213170 176542 110231 79061.8 223004 251214 200737 115379 146035 779285 649712 1.50847e+06 1.10212e+06 1.11174e+06 1.4279e+06 1.35524e+06 1.02139e+06 1.47653e+06 1.16567e+06 915802 1.06919e+06 1.63362e+06 1.03662e+06 557531
BT
 2.77004e+06 1.87977e+06 903364 690948 456557 1.2716e+06 850303 471409 464781 372512 393898 686650 727923 734038 581022 1.49236e+06 1.22928e+06 3.51937e+06 3.26038e+06 2.1021e+06 3.42605e+06 3.15881e+06 2.10317e+06 3.54807e+06 2.49785e+06 2.0544e+06 3.03754e+06 3.31463e+06 2.19157e+06 1.51365e+06 2.09165e+06
Ftot
 0.218154 0.409356 0.40903 0.809246 0.351172 0.480082 1.12632 0.229424 0.89052 1.15644 0.206614 0.750968 0.697229 1.25055 0.953194 0.578923 0.353166 0.355298 0.474442 0.448466 0.346379 0.432509 0.260093 0.241422 0.240031 0.20064 0.241198 0.18652 0.172111 0.281022 0.325277
BD_Bspro_t
 0.965884 0.768908 0.55728 0.440317 0.346036 0.410445 0.492828 0.261449 0.28941 0.238887 0.229742 0.536342 0.43009 0.334887 0.218951 0.266524 0.539583 0.48199 0.621136 0.515127 0.473144 0.532597 0.55004 0.521247 0.640686 0.641522 0.640626 0.699945 0.766417 0.678159 0.571741
BD_Bspro
 2.12218 1.37418 0.651459 0.344523 0.24841 0.254802 0.524694 0.228327 0.189095 0.118069 0.0846832 0.23886 0.269076 0.215009 0.123583 0.156419 0.834693 0.695907 1.61572 1.18048 1.19079 1.52942 1.45161 1.09401 1.58152 1.24855 0.980917 1.14521 1.74978 1.11032 0.597173
BD_Bo
 1.22972 0.796282 0.377495 0.199638 0.143944 0.147648 0.30404 0.132307 0.109573 0.0684163 0.0490706 0.13841 0.155919 0.12459 0.0716114 0.0906384 0.483672 0.403251 0.936247 0.684041 0.690015 0.88624 0.841148 0.633936 0.916429 0.723485 0.568403 0.663606 1.01393 0.64339 0.346038
BD_Brms
 6.19564 4.01187 1.90192 1.00583 0.725227 0.743888 1.53183 0.666595 0.552057 0.344699 0.24723 0.697346 0.785559 0.627714 0.360796 0.45666 2.43686 2.03168 4.71705 3.44638 3.47647 4.4651 4.23792 3.19393 4.6172 3.6451 2.86376 3.34342 5.10842 3.24156 1.74343
Sel_flota
 0.648733 0.972291 0.998502 0.999921 0.999996
 0.648733 0.972291 0.998502 0.999921 0.999996
 0.648733 0.972291 0.998502 0.999921 0.999996
 0.648733 0.972291 0.998502 0.999921 0.999996
 0.648733 0.972291 0.998502 0.999921 0.999996
 0.648733 0.972291 0.998502 0.999921 0.999996
 0.648733 0.972291 0.998502 0.999921 0.999996
 0.648733 0.972291 0.998502 0.999921 0.999996
 0.648733 0.972291 0.998502 0.999921 0.999996
 0.648733 0.972291 0.998502 0.999921 0.999996
 0.648733 0.972291 0.998502 0.999921 0.999996
 0.648733 0.972291 0.998502 0.999921 0.999996
 0.648733 0.972291 0.998502 0.999921 0.999996
 0.648733 0.972291 0.998502 0.999921 0.999996
 0.648733 0.972291 0.998502 0.999921 0.999996
 0.648733 0.972291 0.998502 0.999921 0.999996
 0.648733 0.972291 0.998502 0.999921 0.999996
 0.648733 0.972291 0.998502 0.999921 0.999996
 0.648733 0.972291 0.998502 0.999921 0.999996
 0.648733 0.972291 0.998502 0.999921 0.999996
 0.648733 0.972291 0.998502 0.999921 0.999996
 0.648733 0.972291 0.998502 0.999921 0.999996
 0.648733 0.972291 0.998502 0.999921 0.999996
 0.648733 0.972291 0.998502 0.999921 0.999996
 0.648733 0.972291 0.998502 0.999921 0.999996
 0.648733 0.972291 0.998502 0.999921 0.999996
 0.648733 0.972291 0.998502 0.999921 0.999996
 0.648733 0.972291 0.998502 0.999921 0.999996
 0.648733 0.972291 0.998502 0.999921 0.999996
 0.648733 0.972291 0.998502 0.999921 0.999996
 0.648733 0.972291 0.998502 0.999921 0.999996
Sel_reclas
 1 1 1 1 1
 1 1 1 1 1
 1 1 1 1 1
 1 1 1 1 1
 1 1 1 1 1
 1 1 1 1 1
 1 1 1 1 1
 1 1 1 1 1
 1 1 1 1 1
 1 1 1 1 1
 1 1 1 1 1
 1 1 1 1 1
 1 1 1 1 1
 1 1 1 1 1
 1 1 1 1 1
 1 1 1 1 1
 1 1 1 1 1
 1 1 1 1 1
 1 1 1 1 1
 1 1 1 1 1
 1 1 1 1 1
 1 1 1 1 1
 1 1 1 1 1
 1 1 1 1 1
 1 1 1 1 1
 1 1 1 1 1
 1 1 1 1 1
 1 1 1 1 1
 1 1 1 1 1
 1 1 1 1 1
 1 1 1 1 1
Sel_pelaces
 1 1 1 1 1
 1 1 1 1 1
 1 1 1 1 1
 1 1 1 1 1
 1 1 1 1 1
 1 1 1 1 1
 1 1 1 1 1
 1 1 1 1 1
 1 1 1 1 1
 1 1 1 1 1
 1 1 1 1 1
 1 1 1 1 1
 1 1 1 1 1
 1 1 1 1 1
 1 1 1 1 1
 1 1 1 1 1
 1 1 1 1 1
 1 1 1 1 1
 1 1 1 1 1
 1 1 1 1 1
 1 1 1 1 1
 1 1 1 1 1
 1 1 1 1 1
 1 1 1 1 1
 1 1 1 1 1
 1 1 1 1 1
 1 1 1 1 1
 1 1 1 1 1
 1 1 1 1 1
 1 1 1 1 1
 1 1 1 1 1
pf_obs 
 0.8446 0.082 0.0669 0.0065 0
 0.8095 0.147 0.0364 0.0071 0
 0.9664 0.0169 0.016 0.0007 0
 0.9276 0.0648 0.0075 0.0001 0
 0.7033 0.2144 0.0806 0.0017 0
 0.9318 0.0425 0.0243 0.0014 0
 0.5671 0.3108 0.0964 0.0239 0.0018
 0.0768 0.2599 0.5324 0.112 0.0189
 0.490249 0.384438 0.106611 0.0170017 0.00170017
 0.7925 0.1577 0.0466 0.003 0.0002
 0.840416 0.127587 0.0312969 0.00059994 9.999e-05
 0.8084 0.0986 0.0794 0.0134 0.0002
 0.7335 0.1905 0.0724 0.0035 0.0001
 0.4001 0.4547 0.1325 0.0127 0
 0.49795 0.308269 0.164784 0.0264974 0.00249975
 0.9179 0.0499 0.0305 0.0017 0
 0.2467 0.6533 0.0926 0.0074 0
 0.9418 0.0223 0.034 0.0019 0
 0.707729 0.231977 0.0356964 0.0245975 0
 0.517169 0.277429 0.184464 0.0207286 0.00020938
 0.811772 0.124168 0.05621 0.00726502 0.000585176
 0.764997 0.148141 0.077277 0.00933861 0.000247198
 0.163321 0.427699 0.378323 0.0303852 0.000271297
 0.753843 0.0900009 0.118128 0.0371064 0.000921714
 0.721811 0.176058 0.0630433 0.0369309 0.00215725
 0.143369 0.312575 0.442814 0.0836902 0.0175525
 0.692698 0.0596174 0.167031 0.0765114 0.00414204
 0.394062 0.376323 0.152708 0.0712218 0.00568511
 0.125707 0.32114 0.495352 0.0537591 0.00404204
 0.23352 0.215282 0.420074 0.123614 0.00750983
 0.774587 0.0839891 0.0768558 0.0609784 0.00358967
pf_pred 
 0.435806 0.173201 0.359922 0.0310704 9.15388e-07
 0.428236 0.312395 0.0812299 0.164003 0.0141362
 0.561759 0.239716 0.110097 0.0277267 0.0607008
 0.626241 0.252146 0.0675138 0.0300263 0.0240733
 0.656683 0.256029 0.0596467 0.0153599 0.0122818
 0.855843 0.10837 0.0269008 0.00607546 0.00281072
 0.422783 0.523292 0.0408767 0.00981256 0.00323549
 0.446187 0.319523 0.213289 0.0159292 0.00507225
 0.641908 0.19926 0.0927742 0.0601448 0.00591277
 0.812113 0.143507 0.0251512 0.0112415 0.00798661
 0.861039 0.123785 0.0117175 0.0019623 0.00149643
 0.753223 0.223291 0.0209878 0.00193029 0.00056888
 0.685634 0.264012 0.0457255 0.0041372 0.000491629
 0.641811 0.282412 0.0640175 0.010681 0.00107907
 0.759346 0.18689 0.0428149 0.00925343 0.00169549
 0.954848 0.0384078 0.00528612 0.00116144 0.00029634
 0.283759 0.696323 0.0170315 0.00226373 0.000623104
 0.904237 0.0367346 0.0574364 0.00136194 0.000230462
 0.557033 0.415502 0.0107386 0.016276 0.00045049
 0.558297 0.295892 0.137056 0.00342683 0.00532817
 0.729151 0.181881 0.0602391 0.0270071 0.00172207
 0.717399 0.228934 0.0364093 0.0116914 0.00556659
 0.242162 0.608377 0.121826 0.0187591 0.00887617
 0.728167 0.089948 0.146862 0.0285559 0.00646735
 0.579536 0.339413 0.0273499 0.0433737 0.0103274
 0.38832 0.415858 0.158983 0.0124438 0.0243948
 0.732275 0.132116 0.0930398 0.0345712 0.00799799
 0.673425 0.264409 0.0311371 0.021299 0.00972979
 0.264904 0.557623 0.144475 0.0165405 0.0164577
 0.331719 0.236817 0.329517 0.0830152 0.0189316
 0.820544 0.0787861 0.0363724 0.0491237 0.0151736
pobs_RECLAS
 0 0 0 0 0
 0 0 0 0 0
 0 0 0 0 0
 0 0 0 0 0
 0 0 0 0 0
 0 0 0 0 0
 0 0 0 0 0
 0 0 0 0 0
 0 0 0 0 0
 0 0 0 0 0
 0.991045 0.00858322 0.000360255 1.14367e-05 0
 0.934742 0.0480273 0.0164251 0.00080598 0
 0.827803 0.169806 0.00239088 0 0
 0.941827 0.0461693 0.0120037 0 0
 0.791401 0.0380133 0.147996 0.0225897 0
 0.846168 0.0940531 0.0597789 0 0
 0.134021 0.677848 0.182769 0.00536245 0
 0.80878 0.0450904 0.141981 0.00414843 0
 0.846168 0.0940531 0.0597789 0 0
 0.905697 0.0802665 0.012482 0.00150086 5.37128e-05
 0.989698 0.0102097 9.19794e-05 0 0
 0.975433 0.0193895 0.00387452 0.00125025 5.28907e-05
 0.303575 0.632131 0.0575291 0.00676475 0
 0.966965 0.00978017 0.0227588 0.000495775 0
 0.843318 0.132988 0.00938335 0.0141283 0.000182051
 0.564624 0.303363 0.111486 0.0197234 0.00080311
 0.826376 0.0876187 0.0782897 0.00655872 0.00115652
 0.89761 0.0855135 0.0140674 0.00269457 0.000114338
 0.34875 0.467042 0.161289 0.0227151 0.000203297
 0.318654 0.224769 0.449479 0.00709798 0
 0.937255 0.0296025 0.0250945 0.00804832 0
ppred_RECLAS
 0.542901 0.142991 0.28918 0.0249274 7.34349e-07
 0.53565 0.257021 0.0649982 0.131036 0.0112938
 0.663742 0.186303 0.0832184 0.0209264 0.0458098
 0.724142 0.187927 0.0488502 0.0216914 0.0173895
 0.744993 0.19152 0.0434033 0.0111605 0.00892324
 0.901165 0.0748206 0.0180583 0.00407229 0.00188384
 0.537683 0.420358 0.0318196 0.00762554 0.00251414
 0.551612 0.261683 0.169992 0.0126772 0.00403642
 0.739086 0.147161 0.0664884 0.0430347 0.00423033
 0.87357 0.097299 0.0165217 0.00737199 0.00523702
 0.903602 0.0861253 0.00793439 0.00132683 0.00101175
 0.825566 0.15827 0.0144465 0.00132659 0.000390931
 0.771592 0.19271 0.0324207 0.00292884 0.000348009
 0.742372 0.204509 0.0448875 0.00747633 0.000755243
 0.832554 0.130923 0.029095 0.00627796 0.0011502
 0.970187 0.0254678 0.00340666 0.000747356 0.000190672
 0.375529 0.607569 0.014456 0.00191858 0.000528057
 0.935765 0.0250619 0.0381181 0.000902533 0.000152711
 0.65762 0.321722 0.00808471 0.0122353 0.000338623
 0.660171 0.229746 0.103483 0.00258352 0.00401665
 0.804668 0.132373 0.042649 0.0190928 0.00121733
 0.795247 0.166756 0.0257908 0.00826933 0.00393695
 0.326829 0.543322 0.105869 0.0162783 0.00770174
 0.804696 0.0658204 0.10458 0.0203051 0.00459834
 0.676653 0.262424 0.020578 0.0325869 0.00775844
 0.491274 0.348882 0.12981 0.0101457 0.0198881
 0.807269 0.096443 0.0660929 0.0245228 0.00567286
 0.757542 0.197334 0.0226176 0.015449 0.00705687
 0.353361 0.493733 0.12451 0.0142342 0.0141619
 0.433176 0.204472 0.276831 0.0696403 0.0158802
 0.875592 0.0554919 0.0249232 0.0336113 0.0103812
pobs_PELACES
 0 0 0 0 0
 0 0 0 0 0
 0 0 0 0 0
 0 0 0 0 0
 0 0 0 0 0
 0 0 0 0 0
 0 0 0 0 0
 0 0 0 0 0
 0 0 0 0 0
 0 0 0 0 0
 0 0 0 0 0
 0 0 0 0 0
 0 0 0 0 0
 0 0 0 0 0
 0 0 0 0 0
 0 0 0 0 0
 0.505614 0.472636 0.0217494 0 0
 0 0 0 0 0
 0.443492 0.261883 0.143347 0.151278 0
 0.227955 0.32914 0.350689 0.0885471 0.00366901
 0.970185 0.0296113 0.000203453 0 0
 0.997202 0.00247181 0.000326279 0 0
 0.445219 0.490057 0.0546422 0.010081 0
 0.90214 0.0892962 0.00764917 0.000914606 0
 0 0 0 0 0
 0.581667 0.319106 0.0959925 0.00289975 0.000334073
 0.762889 0.0836404 0.116647 0.0363945 0.000428098
 0.88444 0.0763242 0.0277011 0.0115352 0
 0.521256 0.241999 0.230069 0.00667565 0
 0.616807 0.101726 0.260614 0.0208532 0
 0.833518 0.0704572 0.0857862 0.0102388 0
ppred_PELACES
 0.548997 0.141268 0.285156 0.024578 7.24052e-07
 0.546909 0.251201 0.0633016 0.127592 0.0109968
 0.673774 0.181037 0.0805806 0.0202592 0.0443488
 0.741502 0.176503 0.0455605 0.020223 0.016212
 0.752194 0.186254 0.042082 0.010819 0.00865011
 0.905725 0.0714416 0.0171713 0.0038714 0.00179088
 0.567626 0.393483 0.0294965 0.00706509 0.0023293
 0.557868 0.258246 0.167427 0.0124845 0.00397506
 0.757631 0.13717 0.0614991 0.0397888 0.00391117
 0.886827 0.0873018 0.0146767 0.00654516 0.00464952
 0.905523 0.0844252 0.00776388 0.00129819 0.000989907
 0.836895 0.14808 0.0134288 0.00123271 0.000363257
 0.784606 0.181902 0.0304183 0.00274705 0.000326404
 0.767473 0.184997 0.0401679 0.00668634 0.000675419
 0.846502 0.120235 0.0265004 0.00571556 0.00104714
 0.971944 0.0239846 0.00319223 0.000700125 0.000178619
 0.384432 0.598956 0.0142076 0.0018853 0.000518893
 0.938117 0.0241896 0.0366784 0.000868302 0.000146917
 0.668989 0.311118 0.00778621 0.0117809 0.000326044
 0.671108 0.222632 0.0998901 0.00249331 0.00387635
 0.810567 0.128501 0.0412779 0.018476 0.00117799
 0.802776 0.160738 0.0247672 0.00793952 0.00377988
 0.333066 0.538524 0.104698 0.0160964 0.0076156
 0.808932 0.064483 0.102241 0.0198488 0.00449497
 0.682323 0.257927 0.0201834 0.0319584 0.00760877
 0.496767 0.345305 0.128257 0.0100233 0.0196481
 0.811406 0.0944726 0.0646077 0.023969 0.00554472
 0.761237 0.194387 0.0222439 0.0151924 0.00693962
 0.357653 0.49063 0.123543 0.0141226 0.0140508
 0.440946 0.201987 0.272803 0.0686178 0.015647
 0.879498 0.0538368 0.0241118 0.0325122 0.0100416
pobs_pel_tallas
 0 0 0 0 0 0 0 0 0 0 0 0 0 0 0 0 0 0 0 0 0 0 0 0 0 0
 0 0 0 0 0 0 0 0 0 0 0 0 0 0 0 0 0 0 0 0 0 0 0 0 0 0
 0 0 0 0 0 0 0 0 0 0 0 0 0 0 0 0 0 0 0 0 0 0 0 0 0 0
 0 0 0 0 0 0 0 0 0 0 0 0 0 0 0 0 0 0 0 0 0 0 0 0 0 0
 0 0 0 0 0 0 0 0 0 0 0 0 0 0 0 0 0 0 0 0 0 0 0 0 0 0
 0 0 0 0 0 0 0 0 0 0 0 0 0 0 0 0 0 0 0 0 0 0 0 0 0 0
 0 0 0 0 0 0 0 0 0 0 0 0 0 0 0 0 0 0 0 0 0 0 0 0 0 0
 0 0 0 0 0 0 0 0 0 0 0 0 0 0 0 0 0 0 0 0 0 0 0 0 0 0
 0 0 0 0 0 0 0 0 0 0 0 0 0 0 0 0 0 0 0 0 0 0 0 0 0 0
 0 0 0 0 0 0 0 0 0 0 0 0 0 0 0 0 0 0 0 0 0 0 0 0 0 0
 0 0 0 0 0 0 0 0 0 0 0 0 0 0 0 0 0 0 0 0 0 0 0 0 0 0
 0 0 0 0 0 0 0 0 0 0 0 0 0 0 0 0 0 0 0 0 0 0 0 0 0 0
 0.00862536 0 0 0.000197151 0.00414017 0.0128641 0.00837892 0.0270097 0.101434 0.158115 0.152841 0.127902 0.109271 0.109419 0.0830992 0.0579132 0.0238553 0.00714673 0.00463305 0.00128148 0.00103504 0.000492878 0.000147863 0.000147863 4.92878e-05 0
 0 0 0 0 0 0 0 0 0 0 0 0 0 0 0 0 0 0 0 0 0 0 0 0 0 0
 0 0 0 0 0 0 0 0.0054083 0.00873648 0.0413646 0.0450493 0.0745869 0.0622846 0.0627006 0.0613931 0.0827291 0.12552 0.122667 0.0946155 0.0697135 0.0546179 0.0294188 0.0215738 0.0213955 0.0102223 0.00600262
 0 0 0 0 0.00359764 0.0251062 0.0480494 0.140153 0.205849 0.193036 0.1447 0.116669 0.0760912 0.0342217 0.00950174 0.001854 0.000860785 0 0 0 0.000165536 0 0.000143464 0 0 0
 0 0 0 0 0 0 0 0.000145254 0.000435761 0.0275982 0.070085 0.0708112 0.156366 0.174668 0.174014 0.160142 0.0824315 0.0480064 0.0283245 0.00493863 0.00203355 0 0 0 0 0
 0 0 0 0 0 0 0 0 0 0 0 0 0 0 0 0 0 0 0 0 0 0 0 0 0 0
 0 0 1.00437e-05 0.000401748 0.00122533 0.00171747 0.00176769 0.0269171 0.070346 0.194647 0.189555 0.159765 0.064822 0.0314167 0.0384472 0.0292271 0.0345202 0.0313363 0.0194345 0.0106764 0.0143323 0.0359363 0.0279516 0.0138201 0.00172751 0
 0 0.0021121 0.0136068 0.0755702 0.200478 0.177729 0.0527432 0.0373336 0.0318909 0.0142505 0.0149659 0.0166563 0.0217959 0.0798694 0.0677717 0.0528807 0.04013 0.0224614 0.0357745 0.0225083 0.00881397 0.00855152 0.00135912 0.000746735 0 0
 0 0 0 0 5.4009e-05 0.00500934 0.000945158 0.0243581 0.138947 0.33067 0.221406 0.137944 0.0707744 0.0437923 0.0131692 0.00525238 0.0047753 0.00276346 9.45158e-05 9.00151e-06 2.25038e-05 9.00151e-06 4.50075e-06 0 0 0
 0.000866109 0.00284123 0.00948549 0.0512746 0.133035 0.25785 0.225252 0.132002 0.0553304 0.0519788 0.0540692 0.017754 0.00435017 0.00159236 0.00146478 0.000404838 0.000125132 0.000115318 0.000107957 0.000100596 0 0 0 0 0 0
 0 0 0 0 0.00144013 0.00171154 0.00461396 0.0210425 0.0478622 0.0707936 0.0888783 0.103762 0.0637923 0.0337046 0.0602308 0.124433 0.169614 0.0934646 0.0462172 0.0250306 0.0313229 0.00938855 0.002487 0.000210481 0 0
 0 0.00764035 0.051015 0.0998891 0.058973 0.0496711 0.0374665 0.0718981 0.12319 0.153886 0.159021 0.0857701 0.0377988 0.023471 0.0147837 0.00900784 0.00315554 0.000888139 0.00291439 0.00214683 0.00393193 0.00274676 0.000635225 9.99891e-05 0 0
 0 0 0 0 0 0 0 0 0 0 0 0 0 0 0 0 0 0 0 0 0 0 0 0 0 0
 0 0 0 0 0 0 0 0 0 0 0 0 0 0 0 0 0 0 0 0 0 0 0 0 0 0
 0 0 0 0 0 0 0 0 0 0 0 0 0 0 0 0 0 0 0 0 0 0 0 0 0 0
 0 0 0 0 0 0 0 0 0 0 0 0 0 0 0 0 0 0 0 0 0 0 0 0 0 0
 0 0 0 0 0 0 0 0 0 0 0 0 0 0 0 0 0 0 0 0 0 0 0 0 0 0
 0 0 0 0 0 0 0 0 0 0 0 0 0 0 0 0 0 0 0 0 0 0 0 0 0 0
 0 0 0 0 0 0 0 0 0 0 0 0 0 0 0 0 0 0 0 0 0 0 0 0 0 0
ppred_pel_tallas
 1.10731e-16 4.52202e-05 0.000439557 0.00292101 0.0132785 0.0413144 0.0880252 0.128478 0.128492 0.0880939 0.0415465 0.0139541 0.00463686 0.00425132 0.00747767 0.0127936 0.0195944 0.0270711 0.0343399 0.0408545 0.0464737 0.0510583 0.0540261 0.0543989 0.0513904 0.0450443
 1.16548e-16 4.50482e-05 0.000437885 0.0029099 0.013228 0.0411573 0.087691 0.127993 0.128017 0.0878097 0.0415564 0.0143819 0.00581133 0.00678859 0.0121579 0.0201709 0.0294071 0.0377767 0.0432338 0.0449769 0.0439629 0.0422027 0.0413752 0.0418383 0.0426587 0.042412
 1.11909e-16 5.54979e-05 0.000539459 0.0035849 0.0162964 0.0507044 0.108032 0.157679 0.157697 0.108117 0.0509927 0.0171306 0.00568369 0.00513784 0.00883843 0.0146565 0.0214254 0.0276275 0.0317658 0.0331966 0.0325003 0.0310124 0.0298937 0.0294811 0.0293148 0.0286372
 1.06132e-16 6.10765e-05 0.000593686 0.00394525 0.0179346 0.0558011 0.118891 0.173528 0.173545 0.118974 0.0560811 0.0187437 0.00597829 0.00503874 0.00852376 0.0140504 0.020368 0.0259041 0.0291058 0.0292825 0.0270113 0.0237104 0.0207295 0.0186703 0.0173427 0.0161851
 1.03811e-16 6.19573e-05 0.000602247 0.00400214 0.0181932 0.0566058 0.120605 0.176031 0.176049 0.120693 0.0569009 0.0190459 0.00614393 0.00528234 0.00896379 0.0147566 0.0213361 0.0270112 0.0301008 0.0298342 0.0267961 0.0224972 0.0184283 0.0153436 0.0131923 0.0115233
 1.01206e-16 7.46034e-05 0.000725171 0.00481902 0.0219066 0.0681595 0.145221 0.211956 0.211963 0.145255 0.0682727 0.0222337 0.0056408 0.00252103 0.00349084 0.00566762 0.00819149 0.010373 0.0115628 0.0114611 0.0102854 0.00860724 0.00699237 0.00573034 0.00481089 0.0040784
 1.02055e-16 4.67546e-05 0.000454472 0.00302013 0.0137291 0.0427165 0.0910134 0.132845 0.132882 0.0911985 0.0433378 0.0155232 0.0075214 0.0102739 0.0186751 0.0307463 0.0441608 0.0552685 0.0603796 0.0577921 0.0488153 0.0369091 0.0256561 0.0171332 0.0116115 0.00829032
 1.06823e-16 4.59509e-05 0.000446659 0.00296821 0.013493 0.041982 0.0894481 0.130557 0.130582 0.0895708 0.0423946 0.0146874 0.00597603 0.007045 0.0126716 0.0211209 0.0309896 0.0401499 0.0464155 0.0487023 0.0475405 0.044461 0.0408178 0.0370575 0.0328933 0.0279825
 1.06463e-16 6.24051e-05 0.000606599 0.00403107 0.0183247 0.0570149 0.121477 0.177302 0.177315 0.121542 0.0572334 0.0189569 0.00562212 0.00409311 0.00672328 0.0111208 0.0162635 0.0209869 0.024152 0.0252549 0.0247007 0.023446 0.0223064 0.0214909 0.020658 0.0193165
 1.0189e-16 7.30468e-05 0.000710041 0.00471847 0.0214495 0.0667373 0.142191 0.207534 0.207543 0.142232 0.0668755 0.0218487 0.00572075 0.00289908 0.00423364 0.00689223 0.00994306 0.0125517 0.013924 0.0137026 0.0121773 0.0100827 0.0081473 0.00674405 0.00584749 0.00522112
 1.00544e-16 7.45867e-05 0.00072501 0.00481794 0.0219017 0.0681443 0.145189 0.211909 0.211917 0.145229 0.0682777 0.0222868 0.00578425 0.00283333 0.00407533 0.00661053 0.00949481 0.0118962 0.0130216 0.0125065 0.0106292 0.00812585 0.00575607 0.00395682 0.00278094 0.00205648
 1.00611e-16 6.8934e-05 0.000670063 0.0044528 0.0202418 0.0629799 0.134186 0.195851 0.195865 0.134255 0.0632138 0.0209172 0.00614744 0.00436728 0.00708415 0.0115853 0.0166415 0.02084 0.0227888 0.0218434 0.0184874 0.01401 0.00974785 0.00647834 0.00431144 0.00296501
 1.01256e-16 6.4627e-05 0.000628198 0.00417459 0.0189771 0.0590449 0.125802 0.183616 0.183633 0.125888 0.0593327 0.0198083 0.00626136 0.00518442 0.00871995 0.014319 0.0206324 0.0259671 0.0286372 0.0278542 0.0241812 0.0191318 0.0142527 0.0104113 0.00769731 0.00578088
 1.01992e-16 6.32158e-05 0.00061448 0.00408344 0.0185627 0.0577556 0.123055 0.179606 0.179624 0.123142 0.0580486 0.0194093 0.00620938 0.00525882 0.00889354 0.0146284 0.0211257 0.0266877 0.0296215 0.0291348 0.0257859 0.0210684 0.0164848 0.0128404 0.0101707 0.00812486
 1.01546e-16 6.97253e-05 0.000677755 0.00450392 0.0204742 0.0637028 0.135726 0.198098 0.19811 0.135783 0.0638933 0.0210244 0.00588593 0.00369713 0.00581122 0.00951543 0.013744 0.0173739 0.0193071 0.0190329 0.0169171 0.0139296 0.0110408 0.00876236 0.00710208 0.00581711
 1.00199e-16 8.00578e-05 0.00077819 0.00517135 0.0235082 0.0731427 0.155838 0.227451 0.227453 0.15585 0.0731806 0.0236177 0.00544624 0.00137823 0.00121947 0.00188883 0.00271195 0.00340753 0.00374861 0.00363197 0.00313465 0.00246064 0.00181841 0.0013248 0.000990414 0.000766593
 1.00841e-16 3.16653e-05 0.000307798 0.00204543 0.00929825 0.0289306 0.0616419 0.0899802 0.0900378 0.0619233 0.0298753 0.0120254 0.00888529 0.0152204 0.0282978 0.0465857 0.0667621 0.0832315 0.0903134 0.085389 0.0705017 0.0510661 0.0327612 0.0189858 0.0103199 0.00558247
 1.01177e-16 7.72714e-05 0.000751106 0.00499136 0.02269 0.0705971 0.150415 0.219535 0.219537 0.150426 0.0706364 0.0228042 0.00528054 0.00139048 0.00131517 0.00211328 0.00317886 0.00429159 0.00527214 0.00601913 0.00653181 0.00684753 0.00695531 0.00677662 0.00623304 0.00533389
 1.01541e-16 5.51038e-05 0.000535629 0.00355944 0.0161807 0.0503444 0.107265 0.156563 0.156593 0.107411 0.0508352 0.0175977 0.00711345 0.00828521 0.0147471 0.0242256 0.0347364 0.0433572 0.0471558 0.044795 0.0373529 0.0276408 0.0185784 0.011869 0.00773096 0.00547142
 1.03846e-16 5.52783e-05 0.000537325 0.00357072 0.016232 0.0505038 0.107604 0.157056 0.157078 0.10771 0.050858 0.0172564 0.00614716 0.00617806 0.0108156 0.0179163 0.0260888 0.0333957 0.0378714 0.0385613 0.0360148 0.0317753 0.0273247 0.0233519 0.0197862 0.0163105
 1.03277e-16 6.67653e-05 0.000648983 0.00431272 0.019605 0.0609985 0.129964 0.189689 0.189702 0.130025 0.0612026 0.0201949 0.00579552 0.00389271 0.00624723 0.0102752 0.0149206 0.019029 0.0214697 0.021724 0.0201729 0.0177889 0.0154917 0.0136842 0.012247 0.0108519
 1.02192e-16 6.61236e-05 0.000642745 0.00427127 0.0194166 0.0604122 0.128715 0.187867 0.187882 0.128791 0.0606665 0.0201511 0.00611519 0.00466886 0.00771491 0.0126563 0.0182417 0.0229749 0.0253787 0.0247757 0.0216862 0.0174651 0.013479 0.0104653 0.008445 0.00705117
 1.06063e-16 2.74343e-05 0.000266671 0.00177213 0.00805586 0.0250651 0.0534057 0.077958 0.07801 0.0536595 0.0259176 0.0105187 0.00795635 0.0137738 0.0257001 0.0424963 0.0613357 0.077381 0.0856984 0.0839871 0.0739094 0.0598854 0.0463771 0.035802 0.0282845 0.0227563
 1.05719e-16 6.66307e-05 0.000647674 0.00430402 0.0195655 0.0608754 0.129702 0.189305 0.189311 0.129733 0.0609806 0.019871 0.00507834 0.0023623 0.00339434 0.0056927 0.00863055 0.0117675 0.01468 0.017145 0.0191889 0.0208977 0.0221675 0.0226536 0.0219766 0.0200035
 1.05142e-16 5.62021e-05 0.000546304 0.00363038 0.0165032 0.0513478 0.109403 0.159682 0.159707 0.109524 0.0517553 0.0176802 0.00658412 0.00699253 0.012294 0.020225 0.0291101 0.0365802 0.0402774 0.0391577 0.0341373 0.0274929 0.0214972 0.0173373 0.0149433 0.0135365
 1.0812e-16 4.09181e-05 0.000397739 0.00264312 0.0120152 0.037384 0.0796519 0.116261 0.116295 0.0798152 0.0379327 0.0136016 0.00663103 0.00912341 0.0166713 0.0276495 0.0401838 0.0512794 0.0578853 0.0585635 0.0542724 0.047566 0.040902 0.0354294 0.030974 0.0268305
 1.05231e-16 6.68345e-05 0.000649655 0.00431718 0.0196253 0.0610616 0.130099 0.189885 0.189894 0.130144 0.0612129 0.0200632 0.00542074 0.00307312 0.00471195 0.00779605 0.0114883 0.0150063 0.0175953 0.0189089 0.0191754 0.0189466 0.018646 0.0182978 0.0176155 0.0163004
 1.0339e-16 6.27022e-05 0.000609487 0.00405026 0.0184119 0.0572863 0.122055 0.178147 0.178166 0.122147 0.0575937 0.0192995 0.00627809 0.00547255 0.00929788 0.0152711 0.0219929 0.0276635 0.0305007 0.0297019 0.0259295 0.0208656 0.0161994 0.0128296 0.0107442 0.00942397
 1.07485e-16 2.94595e-05 0.000286357 0.00190295 0.00865054 0.0269153 0.0573476 0.0837105 0.0837579 0.0575792 0.0276929 0.0108976 0.00754754 0.012622 0.0234965 0.0389006 0.0562737 0.0712628 0.079425 0.0786811 0.0704963 0.0587688 0.0473793 0.0383466 0.031668 0.0263614
 1.17454e-16 3.63202e-05 0.000353045 0.00234611 0.0106651 0.0331831 0.0707009 0.103194 0.103214 0.0707982 0.0335109 0.0116171 0.00475536 0.00567759 0.0103402 0.0175395 0.0264415 0.0357287 0.04403 0.0506609 0.0558302 0.060049 0.0632889 0.0647073 0.0631816 0.05815
 1.0567e-16 7.24431e-05 0.000704172 0.00467947 0.0212722 0.0661858 0.141016 0.205818 0.205823 0.141042 0.0662717 0.021521 0.00530596 0.00207878 0.00270426 0.0044136 0.00649176 0.00847468 0.00995806 0.0107991 0.0112058 0.0115704 0.0121697 0.0129666 0.0136446 0.0138112
pSPR Fmed_Fpbrs
0.520101   0.248481 0.248481
Fs Fmed_Fpbrs
0.407931   1.005 1.005
SSBpbr Bo_Bmed_Bpbrs
1.61118e+06  757419  319790 319790
Ro
130614
SPR SPRFo_SPRFmed_SPRFpbrs
933618 485575 231987
Fref
1.005
Nvult_r0
 158844 11060.6 5004.41 6751.61 2085.35
CTP_r0
 27678.3 2657.58 1226.9 1657.02 511.829
YTP_r0
391258
Np
 187253 67395.1 4052.31 1812.28 3092.76
Nvult_p0
 151362 58063.4 3505.8 1568.22 2676.29
CTP_p0
 59737.2 28696.2 1755.96 786.032 1341.48
YTP_p0
 1.02166e+06
CBA_c0
580378
log_Ro
11.6
likeval ReclasPelacesDesembMPH_pf_preclas_ppelaces_ptallas_desvR_qrecl_qpela
 10.6982 27.8059 0.0109426 0.000871898 241.791 116.834 99.9531 0 31.7461 2.39546e-06 0 0.0194016 0 0 0
q_reclas_q_pelaces
1.24523 1
M
1
N
 151182 41249.3 83659.9 7212.61 0.212482
 94165.9 48277.3 12274.5 24752.6 2133.42
 88574.1 26562.4 11928.7 3000.51 6568.48
 84479 24990.3 6565.3 2916.93 2338.5
 67565.1 18384.7 4185.66 1076.55 860.752
 220567 19791.9 4807.01 1084.39 501.647
 63351.8 59427.5 4565.34 1094.95 361.022
 22796.8 11223.7 7312.97 545.455 173.675
 31425.1 7226.72 3303.42 2139.49 210.32
 48308.5 6487.62 1118.45 499.459 354.829
 85161.1 8392.89 775.302 129.669 98.8775
 126568 27399 2525.64 232.049 68.3838
 102317 28605.6 4856.64 438.96 52.1592
 71000.2 23945 5342.49 890.62 89.9728
 63250.1 11604.7 2611.34 563.842 103.307
 434912 12537.6 1689.83 370.87 94.6214
 64155.6 109901 2627.01 348.741 95.9864
 661649 18768.9 28679.9 679.233 114.929
 365924 193300 4887.82 7399.63 204.796
 264440 98952.5 44833.1 1119.65 1740.77
 417987 72724.5 23537.6 10539.7 672.009
 546149 122823 19104 6127.21 2917.15
 87528.9 151761 29672.4 4563.25 2159.02
 319807 27200.6 43355.1 8419.2 1906.65
 249501 100595 7912.99 12533 2983.94
 107078 78551 29303.8 2290.65 4490.28
 278406 34584.2 23775.8 8823.15 2041.08
 326233 87584.9 10063.2 6874.59 3140.22
 74014.7 106337 26876.6 3072.96 3057.37
 49296.8 24351.9 33091.3 8326.17 1898.65
 226239 15112.9 6816.69 9195.08 2840.03
pred_Ctot
 12757.9 5070.34 10536.5 909.562 0.0267973
 14185.8 10348.4 2690.83 5432.78 468.278
 13333.9 5689.9 2613.27 658.119 1440.79
 22753.4 9161.28 2452.99 1090.95 874.663
 8864.14 3455.97 805.133 207.334 165.784
 38267.9 4845.62 1202.83 271.656 125.678
 22008.1 27240.1 2127.85 510.796 168.424
 2017.15 1444.52 964.251 72.0137 22.931
 9131.35 2834.55 1319.74 855.58 84.1111
 17109.6 3023.41 529.886 236.836 168.262
 6827.18 981.494 92.9082 15.5591 11.8652
 32091.1 9513.31 894.187 82.2403 24.2372
 24408.5 9398.76 1627.82 147.284 17.5019
 26603.3 11706.1 2653.55 442.732 44.728
 19377 4769.06 1092.55 236.129 43.2654
 88736.9 3569.35 491.254 107.936 27.5398
 8460.24 20760.8 507.792 67.4929 18.5778
 87730.3 3564.05 5572.56 132.138 22.3598
 62831.6 46867.4 1211.28 1835.88 50.8139
 43206.3 22899 10606.7 265.201 412.345
 54156.3 13508.8 4474.14 2005.9 127.904
 86412.7 27575.8 4385.6 1408.26 670.511
 8709.67 21881.1 4381.62 674.697 319.243
 29683.7 3666.72 5986.8 1164.08 263.641
 23033.1 13489.6 1086.99 1723.84 410.452
 8349.21 8941.31 3418.28 267.552 524.509
 25818.5 4658.14 3280.39 1218.91 281.992
 23735.8 9319.44 1097.47 750.711 342.939
 4988.13 10500 2720.45 311.456 309.897
 5271.04 3763.03 5236.05 1319.12 300.824
 27678.3 2657.58 1226.9 1657.02 511.829
F
 0.141523 0.212109 0.217827 0.218136 0.218153
 0.265563 0.398013 0.408743 0.409324 0.409354
 0.265351 0.397696 0.408417 0.408998 0.409028
 0.524985 0.786823 0.808034 0.809182 0.809243
 0.227817 0.341442 0.350646 0.351145 0.351171
 0.311445 0.46678 0.479363 0.480044 0.48008
 0.730679 1.09511 1.12463 1.12623 1.12631
 0.148835 0.223067 0.229081 0.229406 0.229423
 0.57771 0.865845 0.889187 0.89045 0.890517
 0.750223 1.1244 1.15471 1.15635 1.15644
 0.134037 0.200889 0.206305 0.206598 0.206613
 0.487178 0.73016 0.749844 0.750909 0.750965
 0.452316 0.67791 0.696184 0.697174 0.697226
 0.811271 1.2159 1.24867 1.25045 1.25054
 0.618369 0.926782 0.951766 0.953119 0.95319
 0.375567 0.562882 0.578056 0.578878 0.578921
 0.22911 0.34338 0.352637 0.353138 0.353164
 0.230494 0.345453 0.354766 0.35527 0.355297
 0.307787 0.461296 0.473732 0.474405 0.47444
 0.290935 0.43604 0.447794 0.44843 0.448464
 0.224708 0.336781 0.34586 0.346351 0.346377
 0.280583 0.420525 0.431861 0.432475 0.432507
 0.168731 0.252886 0.259704 0.260073 0.260092
 0.156618 0.234732 0.24106 0.241403 0.241421
 0.155716 0.23338 0.239671 0.240012 0.24003
 0.130162 0.195081 0.20034 0.200624 0.200639
 0.156473 0.234514 0.240836 0.241179 0.241197
 0.121002 0.181351 0.18624 0.186505 0.186519
 0.111654 0.167343 0.171854 0.172098 0.172111
 0.182308 0.273235 0.280601 0.280999 0.28102
 0.211018 0.316264 0.32479 0.325252 0.325276
nmprior
 8.19 8.8 8.5 0
nm_flota  nm_reclas  nm_pelaces    nm_pelaL
inf 15.8857 13.7554 30.2006
cv_recla  cv_pelaces  cv_mph
0.295856 0.597917 0.911252
 ------------------------------------------------
Talla a la edad & desviaci?n 
 8 13.2811 15.8009 17.003 17.5766
 0.8 1.32811 1.58009 1.7003 1.75766
