years
 1991 1992 1993 1994 1995 1996 1997 1998 1999 2000 2001 2002 2003 2004 2005 2006 2007 2008 2009 2010 2011 2012 2013 2014 2015 2016 2017 2018 2019 2020 2021
reclasobs
 0 0 0 0 0 0 0 0 0 252601 567819 844713 477998 351125 339783 2.1784e+06 2.13404e+06 4.81314e+06 1.55562e+06 2.62356e+06 3.21686e+06 3.843e+06 1.13348e+06 3.07943e+06 1.97215e+06 2.03268e+06 2.025e+06 2.42433e+06 2.27542e+06 1.05018e+06 2.36338e+06
reclaspred
 2.47961e+06 885421 526502 264441 26037.4 945269 296617 56845.9 410462 144215 163317 564033 351190 277398 184905 1.11245e+06 701510 4.30871e+06 2.6199e+06 900917 2.20628e+06 2.10418e+06 1.1733e+06 2.76154e+06 1.62499e+06 766231 1.41695e+06 2.25659e+06 1.62186e+06 592821 815473
pelacesobs
 0 0 0 0 0 0 0 0 0 0 0 0 0 0 0 552880 188675 0 991730 2.46772e+06 1.41603e+06 1.21717e+06 2.29649e+06 1.80582e+06 0 1.4828e+06 1.56532e+06 1.57751e+06 1.42118e+06 867257 1.10002e+06
pelacespred
 1.22113e+06 453276 225335 72006 5520.7 415829 90637 21141.7 172459 47855.4 71955.7 217557 132335 111683 70372.7 421255 264435 2.07914e+06 1.22223e+06 430728 984341 901225 508374 1.40902e+06 802654 373046 775558 1.19126e+06 718850 316408 384485
mphobs
 0 0 0 0 0 0 0 0 0 0 0 498337 0 5186 125008 0 168611 109162 213762 579715 649985 157893 87575 83554 0 0 0 0 0 0 0
mphpred
 2.70511e+06 1.26058e+06 323923 295796 66348.8 3838.91 470167 84160.5 18893.1 202202 40924.7 99098.4 308502 127513 77001.2 66920.3 699063 383394 2.68799e+06 1.24948e+06 515321 1.15357e+06 1.23045e+06 688699 1.57697e+06 883164 365814 724187 1.57287e+06 821186 257615
desembarqueobs
 494567 514787 250237 358949 120608 361735 552515 73892 212993 205616 52469 317467 293654 387597 252695 516296 358380 742168 942051 627588 828172 859565 418607 520667 417249 300574 415391 372974 316634 284311 391294
desembarquepred
 494511 514512 249882 358343 120424 361444 551504 73841.2 212789 205343 52446.5 317139 293236 386728 252276 515816 358206 741761 940733 626218 827474 858588 418308 520406 416891 300234 415070 372757 316438 284015 390964
Reclutas
 974.619 589.243 214520 1704.73 725.397 289819 785.488 217.021 78086 1041.55 46210.9 204499 37546.2 75484.5 45036.1 430732 2375.53 1.2177e+06 98621 14583.4 480700 555593 2410.79 403455 116580 9544.6 257797 360795 6590.02 2369.08 152410
log_desv_Rt
 -3.28851 -3.79172 2.10559 -2.7294 -3.58384 2.40645 -3.50426 -4.79057 1.095 -3.2221 0.570409 2.05775 0.362766 1.06112 0.544658 2.80268 -2.39759 3.84191 1.32848 -0.582924 2.91244 3.05723 -2.38285 2.73726 1.49577 -1.00683 2.28936 2.6255 -1.37725 -2.4003 1.76377
SSB
 2.70511e+06 1.26058e+06 323923 295796 66348.8 3838.91 470167 84160.5 18893.1 202202 40924.7 99098.4 308502 127513 77001.2 66920.3 699063 383394 2.68799e+06 1.24948e+06 515321 1.15357e+06 1.23045e+06 688699 1.57697e+06 883164 365814 724187 1.57287e+06 821186 257615
BT
 3.27388e+06 1.61152e+06 756972 421416 122766 1.28008e+06 699330 119685 586824 291403 212865 763414 557614 664379 415656 1.37839e+06 894052 5.45857e+06 3.69755e+06 1.6614e+06 3.00459e+06 2.84311e+06 1.53507e+06 3.74293e+06 2.25397e+06 1.15665e+06 2.2331e+06 3.11411e+06 1.92093e+06 1.04588e+06 1.27583e+06
Ftot
 0.188232 0.528401 0.529594 1.13333 2.75298 0.492392 1.46321 1.09458 0.650929 1.18268 0.391033 0.670789 0.795699 1.4538 1.44768 0.581969 0.469193 0.219356 0.343603 0.630949 0.443019 0.447163 0.332245 0.226759 0.254622 0.368685 0.353948 0.197905 0.184779 0.441911 0.564386
BD_Bspro_t
 0.970332 0.761329 0.44912 0.448891 0.128257 0.0129417 0.477911 0.126237 0.0476372 0.355472 0.140822 0.39559 0.474472 0.242391 0.15869 0.148522 0.509521 0.363051 0.732656 0.530559 0.307947 0.490928 0.527864 0.424364 0.646611 0.570216 0.436217 0.619239 0.751561 0.614706 0.393959
BD_Bspro
 14.4873 6.75106 1.73477 1.58414 0.355332 0.0205593 2.51798 0.450723 0.101182 1.08289 0.219173 0.530723 1.65219 0.682899 0.412381 0.358393 3.74384 2.05327 14.3956 6.6916 2.75981 6.17797 6.58968 3.68833 8.4455 4.72979 1.95912 3.87839 8.42351 4.39787 1.37966
BD_Bo
 1.48811 0.693459 0.178193 0.16272 0.0364991 0.00211182 0.258643 0.0462975 0.0103933 0.111233 0.0225131 0.054515 0.16971 0.0701463 0.0423591 0.0368135 0.384561 0.210909 1.47869 0.68735 0.283483 0.634592 0.676881 0.37886 0.867509 0.485837 0.201238 0.398382 0.865249 0.451742 0.141717
BD_Brms
 8.30999 3.87246 0.995077 0.908674 0.203821 0.011793 1.44433 0.258538 0.0580388 0.621155 0.125719 0.304426 0.947707 0.391716 0.236544 0.205577 2.14749 1.17777 8.25739 3.83835 1.58304 3.54373 3.77988 2.11565 4.8444 2.71304 1.12377 2.22467 4.83178 2.52265 0.791384
Sel_flota
 0.719356 0.999986 1 1 1
 0.719356 0.999986 1 1 1
 0.719356 0.999986 1 1 1
 0.719356 0.999986 1 1 1
 0.719356 0.999986 1 1 1
 0.719356 0.999986 1 1 1
 0.719356 0.999986 1 1 1
 0.719356 0.999986 1 1 1
 0.719356 0.999986 1 1 1
 0.719356 0.999986 1 1 1
 0.719356 0.999986 1 1 1
 0.719356 0.999986 1 1 1
 0.719356 0.999986 1 1 1
 0.719356 0.999986 1 1 1
 0.719356 0.999986 1 1 1
 0.719356 0.999986 1 1 1
 0.719356 0.999986 1 1 1
 0.719356 0.999986 1 1 1
 0.719356 0.999986 1 1 1
 0.719356 0.999986 1 1 1
 0.719356 0.999986 1 1 1
 0.719356 0.999986 1 1 1
 0.719356 0.999986 1 1 1
 0.719356 0.999986 1 1 1
 0.719356 0.999986 1 1 1
 0.719356 0.999986 1 1 1
 0.719356 0.999986 1 1 1
 0.719356 0.999986 1 1 1
 0.719356 0.999986 1 1 1
 0.719356 0.999986 1 1 1
 0.719356 0.999986 1 1 1
Sel_reclas
 1 1 1 1 1
 1 1 1 1 1
 1 1 1 1 1
 1 1 1 1 1
 1 1 1 1 1
 1 1 1 1 1
 1 1 1 1 1
 1 1 1 1 1
 1 1 1 1 1
 1 1 1 1 1
 1 1 1 1 1
 1 1 1 1 1
 1 1 1 1 1
 1 1 1 1 1
 1 1 1 1 1
 1 1 1 1 1
 1 1 1 1 1
 1 1 1 1 1
 1 1 1 1 1
 1 1 1 1 1
 1 1 1 1 1
 1 1 1 1 1
 1 1 1 1 1
 1 1 1 1 1
 1 1 1 1 1
 1 1 1 1 1
 1 1 1 1 1
 1 1 1 1 1
 1 1 1 1 1
 1 1 1 1 1
 1 1 1 1 1
Sel_pelaces
 1 1 1 1 1
 1 1 1 1 1
 1 1 1 1 1
 1 1 1 1 1
 1 1 1 1 1
 1 1 1 1 1
 1 1 1 1 1
 1 1 1 1 1
 1 1 1 1 1
 1 1 1 1 1
 1 1 1 1 1
 1 1 1 1 1
 1 1 1 1 1
 1 1 1 1 1
 1 1 1 1 1
 1 1 1 1 1
 1 1 1 1 1
 1 1 1 1 1
 1 1 1 1 1
 1 1 1 1 1
 1 1 1 1 1
 1 1 1 1 1
 1 1 1 1 1
 1 1 1 1 1
 1 1 1 1 1
 1 1 1 1 1
 1 1 1 1 1
 1 1 1 1 1
 1 1 1 1 1
 1 1 1 1 1
 1 1 1 1 1
pf_obs 
 0.8446 0.082 0.0669 0.0065 0
 0.8095 0.147 0.0364 0.0071 0
 0.9664 0.0169 0.016 0.0007 0
 0.9276 0.0648 0.0075 0.0001 0
 0.7033 0.2144 0.0806 0.0017 0
 0.9318 0.0425 0.0243 0.0014 0
 0.5671 0.3108 0.0964 0.0239 0.0018
 0.0768 0.2599 0.5324 0.112 0.0189
 0.490249 0.384438 0.106611 0.0170017 0.00170017
 0.7925 0.1577 0.0466 0.003 0.0002
 0.840416 0.127587 0.0312969 0.00059994 9.999e-05
 0.8084 0.0986 0.0794 0.0134 0.0002
 0.7335 0.1905 0.0724 0.0035 0.0001
 0.4001 0.4547 0.1325 0.0127 0
 0.49795 0.308269 0.164784 0.0264974 0.00249975
 0.9179 0.0499 0.0305 0.0017 0
 0.2467 0.6533 0.0926 0.0074 0
 0.9418 0.0223 0.034 0.0019 0
 0.707729 0.231977 0.0356964 0.0245975 0
 0.517169 0.277429 0.184464 0.0207286 0.00020938
 0.811772 0.124168 0.05621 0.00726502 0.000585176
 0.764997 0.148141 0.077277 0.00933861 0.000247198
 0.163321 0.427699 0.378323 0.0303852 0.000271297
 0.753843 0.0900009 0.118128 0.0371064 0.000921714
 0.721811 0.176058 0.0630433 0.0369309 0.00215725
 0.143369 0.312575 0.442814 0.0836902 0.0175525
 0.692698 0.0596174 0.167031 0.0765114 0.00414204
 0.394062 0.376323 0.152708 0.0712218 0.00568511
 0.125707 0.32114 0.495352 0.0537591 0.00404204
 0.23352 0.215282 0.420074 0.123614 0.00750983
 0.774587 0.0839891 0.0768558 0.0609784 0.00358967
pf_pred 
 0.00436749 0.192588 0.716783 0.0862598 1.82966e-06
 0.00887967 0.00619768 0.190519 0.709071 0.0853334
 0.936862 0.000850102 0.000389508 0.0119734 0.0499253
 0.023733 0.934915 0.000556782 0.000255107 0.0405404
 0.0842089 0.036589 0.841962 0.000501412 0.0367386
 0.999093 0.000167351 2.95684e-05 0.000680381 3.00932e-05
 0.00855588 0.990849 0.00010967 1.93768e-05 0.000465588
 0.0261213 0.0151667 0.958137 0.000106047 0.000468941
 0.98633 0.000595652 0.000203616 0.0128629 7.71919e-06
 0.0442155 0.947359 0.000367162 0.000125508 0.00793337
 0.940145 0.00443329 0.054933 2.12896e-05 0.000467286
 0.921844 0.0749456 0.00023782 0.00294679 2.62088e-05
 0.374509 0.593328 0.030842 9.7867e-05 0.00122344
 0.795811 0.0999531 0.0988758 0.00513958 0.000220185
 0.768808 0.202757 0.0139195 0.0137691 0.000746381
 0.97976 0.0173797 0.00250857 0.000172211 0.000179584
 0.0167342 0.970237 0.0111877 0.00161479 0.000226454
 0.972981 0.000675643 0.0259942 0.000299731 4.93291e-05
 0.158956 0.825155 0.000397328 0.0152863 0.00020527
 0.079367 0.200551 0.706479 0.000340178 0.0132633
 0.926313 0.00869777 0.0141575 0.0498716 0.000960294
 0.756047 0.231666 0.00145027 0.00236058 0.00847556
 0.00989661 0.814923 0.166357 0.0010414 0.00778119
 0.86067 0.0020185 0.113018 0.0230709 0.00122354
 0.380985 0.556612 0.000904053 0.0506179 0.0108809
 0.0863162 0.431016 0.434011 0.000704912 0.0479521
 0.897798 0.0125379 0.0422981 0.0425912 0.0047749
 0.770222 0.213329 0.002018 0.00680785 0.00762355
 0.0336535 0.800201 0.154251 0.00145913 0.0104347
 0.0385213 0.0457206 0.758313 0.146174 0.0112711
 0.912334 0.00496866 0.00393252 0.0652228 0.0135419
pobs_RECLAS
 0 0 0 0 0
 0 0 0 0 0
 0 0 0 0 0
 0 0 0 0 0
 0 0 0 0 0
 0 0 0 0 0
 0 0 0 0 0
 0 0 0 0 0
 0 0 0 0 0
 0 0 0 0 0
 0.991045 0.00858322 0.000360255 1.14367e-05 0
 0.934742 0.0480273 0.0164251 0.00080598 0
 0.827803 0.169806 0.00239088 0 0
 0.941827 0.0461693 0.0120037 0 0
 0.791401 0.0380133 0.147996 0.0225897 0
 0.846168 0.0940531 0.0597789 0 0
 0.134021 0.677848 0.182769 0.00536245 0
 0.80878 0.0450904 0.141981 0.00414843 0
 0.846168 0.0940531 0.0597789 0 0
 0.905697 0.0802665 0.012482 0.00150086 5.37128e-05
 0.989698 0.0102097 9.19794e-05 0 0
 0.975433 0.0193895 0.00387452 0.00125025 5.28907e-05
 0.303575 0.632131 0.0575291 0.00676475 0
 0.966965 0.00978017 0.0227588 0.000495775 0
 0.843318 0.132988 0.00938335 0.0141283 0.000182051
 0.564624 0.303363 0.111486 0.0197234 0.00080311
 0.826376 0.0876187 0.0782897 0.00655872 0.00115652
 0.89761 0.0855135 0.0140674 0.00269457 0.000114338
 0.34875 0.467042 0.161289 0.0227151 0.000203297
 0.318654 0.224769 0.449479 0.00709798 0
 0.937255 0.0296025 0.0250945 0.00804832 0
ppred_RECLAS
 0.00609126 0.192257 0.71554 0.0861102 1.82649e-06
 0.0125141 0.00617504 0.18982 0.70647 0.0850205
 0.954524 0.000612306 0.000280548 0.00862399 0.0359594
 0.0342808 0.924814 0.000550758 0.000252347 0.0401017
 0.133206 0.0346322 0.796915 0.000474585 0.0347729
 0.999357 0.000118523 2.09411e-05 0.000481862 2.13128e-05
 0.0127198 0.986688 0.000109208 1.92951e-05 0.000463625
 0.0376035 0.0149881 0.94684 0.000104796 0.000463412
 0.990349 0.000420528 0.00014375 0.00908105 5.44963e-06
 0.0634612 0.928283 0.000359763 0.000122978 0.0077735
 0.956702 0.00320703 0.0397378 1.54006e-05 0.000338029
 0.94379 0.0539007 0.000171037 0.00211929 1.8849e-05
 0.461677 0.510642 0.0265434 8.4227e-05 0.00105292
 0.85326 0.0718319 0.0710564 0.00369353 0.000158235
 0.832191 0.14717 0.0101032 0.00999405 0.000541748
 0.985638 0.0123322 0.00177998 0.000122194 0.000127426
 0.0234507 0.96361 0.0111111 0.00160374 0.000224904
 0.980529 0.000486896 0.0187322 0.000215996 3.5548e-05
 0.209739 0.775332 0.000373332 0.0143631 0.000192873
 0.109128 0.19407 0.683639 0.00032918 0.0128345
 0.946579 0.0063057 0.0102637 0.0361553 0.000696183
 0.813748 0.176872 0.00110723 0.00180222 0.0064708
 0.0138366 0.811683 0.165693 0.00103725 0.00775014
 0.89627 0.00150277 0.0841402 0.017176 0.000910911
 0.462844 0.483006 0.000784491 0.0439236 0.00944188
 0.117219 0.416442 0.419329 0.000681066 0.0463299
 0.925041 0.00919595 0.0310231 0.0312381 0.00350211
 0.824081 0.163325 0.00154497 0.00521204 0.00583654
 0.0463923 0.789655 0.152216 0.00143988 0.010297
 0.0534521 0.0450112 0.746536 0.143904 0.011096
 0.936481 0.00360014 0.00284934 0.0472578 0.00981194
pobs_PELACES
 0 0 0 0 0
 0 0 0 0 0
 0 0 0 0 0
 0 0 0 0 0
 0 0 0 0 0
 0 0 0 0 0
 0 0 0 0 0
 0 0 0 0 0
 0 0 0 0 0
 0 0 0 0 0
 0 0 0 0 0
 0 0 0 0 0
 0 0 0 0 0
 0 0 0 0 0
 0 0 0 0 0
 0 0 0 0 0
 0.505614 0.472636 0.0217494 0 0
 0 0 0 0 0
 0.443492 0.261883 0.143347 0.151278 0
 0.227955 0.32914 0.350689 0.0885471 0.00366901
 0.970185 0.0296113 0.000203453 0 0
 0.997202 0.00247181 0.000326279 0 0
 0.445219 0.490057 0.0546422 0.010081 0
 0.90214 0.0892962 0.00764917 0.000914606 0
 0 0 0 0 0
 0.581667 0.319106 0.0959925 0.00289975 0.000334073
 0.762889 0.0836404 0.116647 0.0363945 0.000428098
 0.88444 0.0763242 0.0277011 0.0115352 0
 0.521256 0.241999 0.230069 0.00667565 0
 0.616807 0.101726 0.260614 0.0208532 0
 0.833518 0.0704572 0.0857862 0.0102388 0
ppred_PELACES
 0.00619771 0.192236 0.715463 0.0861009 1.82629e-06
 0.0131335 0.00617118 0.189701 0.706027 0.0849672
 0.956606 0.000584272 0.000267703 0.00822913 0.0343129
 0.0379305 0.921319 0.000548673 0.000251392 0.03995
 0.165488 0.0333428 0.767234 0.00045691 0.0334779
 0.999386 0.000113243 2.00082e-05 0.000460395 2.03633e-05
 0.0145388 0.98487 0.000109006 1.92594e-05 0.000462768
 0.0414491 0.0149283 0.943057 0.000104378 0.000461561
 0.990909 0.00039615 0.000135417 0.00855461 5.13371e-06
 0.0702904 0.921514 0.000357138 0.000122081 0.00771677
 0.958177 0.00309775 0.0383836 1.48757e-05 0.000326509
 0.946996 0.0508264 0.000161281 0.0019984 1.77739e-05
 0.480034 0.493229 0.0256382 8.13545e-05 0.00101701
 0.869329 0.063966 0.063275 0.00328905 0.000140906
 0.850089 0.131473 0.00902556 0.00892803 0.000483963
 0.986382 0.0116939 0.00168786 0.00011587 0.000120831
 0.0244666 0.962607 0.0110995 0.00160206 0.00022467
 0.980913 0.000477292 0.0183627 0.000211735 3.48468e-05
 0.215061 0.77011 0.000370817 0.0142663 0.000191574
 0.11494 0.192804 0.679178 0.000327032 0.0127508
 0.948616 0.00606525 0.00987234 0.0347766 0.000669635
 0.819943 0.170989 0.0010704 0.00174227 0.00625557
 0.0142628 0.811332 0.165622 0.0010368 0.00774678
 0.898206 0.00147472 0.0825696 0.0168554 0.000893908
 0.468711 0.47773 0.000775921 0.0434437 0.00933873
 0.120798 0.414753 0.417628 0.000678304 0.046142
 0.927282 0.00892097 0.0300954 0.030304 0.00339739
 0.826722 0.160873 0.00152177 0.00513379 0.0057489
 0.0471552 0.789023 0.152094 0.00143873 0.0102888
 0.055561 0.044911 0.744873 0.143584 0.0110713
 0.93952 0.00342789 0.00271301 0.0449966 0.00934247
pobs_pel_tallas
 0 0 0 0 0 0 0 0 0 0 0 0 0 0 0 0 0 0 0 0 0 0 0 0 0 0
 0 0 0 0 0 0 0 0 0 0 0 0 0 0 0 0 0 0 0 0 0 0 0 0 0 0
 0 0 0 0 0 0 0 0 0 0 0 0 0 0 0 0 0 0 0 0 0 0 0 0 0 0
 0 0 0 0 0 0 0 0 0 0 0 0 0 0 0 0 0 0 0 0 0 0 0 0 0 0
 0 0 0 0 0 0 0 0 0 0 0 0 0 0 0 0 0 0 0 0 0 0 0 0 0 0
 0 0 0 0 0 0 0 0 0 0 0 0 0 0 0 0 0 0 0 0 0 0 0 0 0 0
 0 0 0 0 0 0 0 0 0 0 0 0 0 0 0 0 0 0 0 0 0 0 0 0 0 0
 0 0 0 0 0 0 0 0 0 0 0 0 0 0 0 0 0 0 0 0 0 0 0 0 0 0
 0 0 0 0 0 0 0 0 0 0 0 0 0 0 0 0 0 0 0 0 0 0 0 0 0 0
 0 0 0 0 0 0 0 0 0 0 0 0 0 0 0 0 0 0 0 0 0 0 0 0 0 0
 0 0 0 0 0 0 0 0 0 0 0 0 0 0 0 0 0 0 0 0 0 0 0 0 0 0
 0 0 0 0 0 0 0 0 0 0 0 0 0 0 0 0 0 0 0 0 0 0 0 0 0 0
 0.00862536 0 0 0.000197151 0.00414017 0.0128641 0.00837892 0.0270097 0.101434 0.158115 0.152841 0.127902 0.109271 0.109419 0.0830992 0.0579132 0.0238553 0.00714673 0.00463305 0.00128148 0.00103504 0.000492878 0.000147863 0.000147863 4.92878e-05 0
 0 0 0 0 0 0 0 0 0 0 0 0 0 0 0 0 0 0 0 0 0 0 0 0 0 0
 0 0 0 0 0 0 0 0.0054083 0.00873648 0.0413646 0.0450493 0.0745869 0.0622846 0.0627006 0.0613931 0.0827291 0.12552 0.122667 0.0946155 0.0697135 0.0546179 0.0294188 0.0215738 0.0213955 0.0102223 0.00600262
 0 0 0 0 0.00359764 0.0251062 0.0480494 0.140153 0.205849 0.193036 0.1447 0.116669 0.0760912 0.0342217 0.00950174 0.001854 0.000860785 0 0 0 0.000165536 0 0.000143464 0 0 0
 0 0 0 0 0 0 0 0.000145254 0.000435761 0.0275982 0.070085 0.0708112 0.156366 0.174668 0.174014 0.160142 0.0824315 0.0480064 0.0283245 0.00493863 0.00203355 0 0 0 0 0
 0 0 0 0 0 0 0 0 0 0 0 0 0 0 0 0 0 0 0 0 0 0 0 0 0 0
 0 0 1.00437e-05 0.000401748 0.00122533 0.00171747 0.00176769 0.0269171 0.070346 0.194647 0.189555 0.159765 0.064822 0.0314167 0.0384472 0.0292271 0.0345202 0.0313363 0.0194345 0.0106764 0.0143323 0.0359363 0.0279516 0.0138201 0.00172751 0
 0 0.0021121 0.0136068 0.0755702 0.200478 0.177729 0.0527432 0.0373336 0.0318909 0.0142505 0.0149659 0.0166563 0.0217959 0.0798694 0.0677717 0.0528807 0.04013 0.0224614 0.0357745 0.0225083 0.00881397 0.00855152 0.00135912 0.000746735 0 0
 0 0 0 0 5.4009e-05 0.00500934 0.000945158 0.0243581 0.138947 0.33067 0.221406 0.137944 0.0707744 0.0437923 0.0131692 0.00525238 0.0047753 0.00276346 9.45158e-05 9.00151e-06 2.25038e-05 9.00151e-06 4.50075e-06 0 0 0
 0.000866109 0.00284123 0.00948549 0.0512746 0.133035 0.25785 0.225252 0.132002 0.0553304 0.0519788 0.0540692 0.017754 0.00435017 0.00159236 0.00146478 0.000404838 0.000125132 0.000115318 0.000107957 0.000100596 0 0 0 0 0 0
 0 0 0 0 0.00144013 0.00171154 0.00461396 0.0210425 0.0478622 0.0707936 0.0888783 0.103762 0.0637923 0.0337046 0.0602308 0.124433 0.169614 0.0934646 0.0462172 0.0250306 0.0313229 0.00938855 0.002487 0.000210481 0 0
 0 0.00764035 0.051015 0.0998891 0.058973 0.0496711 0.0374665 0.0718981 0.12319 0.153886 0.159021 0.0857701 0.0377988 0.023471 0.0147837 0.00900784 0.00315554 0.000888139 0.00291439 0.00214683 0.00393193 0.00274676 0.000635225 9.99891e-05 0 0
 0 0 0 0 0 0 0 0 0 0 0 0 0 0 0 0 0 0 0 0 0 0 0 0 0 0
 0 0 0 0 0 0 0 0 0 0 0 0 0 0 0 0 0 0 0 0 0 0 0 0 0 0
 0 0 0 0 0 0 0 0 0 0 0 0 0 0 0 0 0 0 0 0 0 0 0 0 0 0
 0 0 0 0 0 0 0 0 0 0 0 0 0 0 0 0 0 0 0 0 0 0 0 0 0 0
 0 0 0 0 0 0 0 0 0 0 0 0 0 0 0 0 0 0 0 0 0 0 0 0 0 0
 0 0 0 0 0 0 0 0 0 0 0 0 0 0 0 0 0 0 0 0 0 0 0 0 0 0
 0 0 0 0 0 0 0 0 0 0 0 0 0 0 0 0 0 0 0 0 0 0 0 0 0 0
ppred_pel_tallas
 1.29331e-16 5.10541e-07 4.96266e-06 3.29795e-05 0.000149932 0.000466599 0.000994858 0.00145612 0.00147574 0.00109123 0.000793347 0.00110762 0.00248944 0.00554122 0.0110239 0.019551 0.0312543 0.0457422 0.0623945 0.0806035 0.0994936 0.117232 0.130731 0.136454 0.132074 0.117841
 1.9066e-16 1.08179e-06 1.05154e-05 6.98785e-05 0.000317658 0.000988358 0.00210584 0.00307377 0.00307492 0.00211176 0.00101 0.000388191 0.000278175 0.00057271 0.00139835 0.00321698 0.00688424 0.0137059 0.0253585 0.0435158 0.0691223 0.101484 0.137602 0.172249 0.19906 0.212399
 1.0664e-16 7.87944e-05 0.000765909 0.00508974 0.0231372 0.0719884 0.153379 0.223861 0.223861 0.153379 0.0719896 0.0231407 0.00509913 0.000788879 0.000130361 0.000113959 0.000217728 0.000420844 0.000786243 0.0014066 0.00238221 0.00378075 0.00558356 0.00764157 0.00967083 0.0113065
 1.07038e-16 3.12448e-06 3.03711e-05 0.000201831 0.000917549 0.00285531 0.00608682 0.00890246 0.00899106 0.00651962 0.00430795 0.00511065 0.0107173 0.0229532 0.0434428 0.0715681 0.102523 0.127738 0.138506 0.130881 0.108149 0.0788194 0.0517719 0.0322538 0.02098 0.0157696
 1.27861e-16 1.3631e-05 0.000132499 0.0008805 0.00400263 0.0124537 0.026534 0.0387281 0.0387325 0.0265561 0.0125311 0.00424125 0.00153615 0.00175089 0.00363419 0.00740894 0.0139739 0.0244282 0.0396366 0.0595865 0.0826738 0.105406 0.123038 0.131174 0.127609 0.113339
 1.00051e-16 8.23181e-05 0.000800161 0.00531735 0.0241719 0.0752078 0.160238 0.233872 0.233872 0.160238 0.075208 0.0241724 0.0053187 0.000803133 8.80845e-05 1.56701e-05 1.54199e-05 2.11562e-05 2.77413e-05 3.54497e-05 4.54232e-05 5.86667e-05 7.49635e-05 9.22562e-05 0.00010701 0.000115458
 1.00336e-16 1.19775e-06 1.16426e-05 7.73739e-05 0.000351789 0.00109505 0.00233663 0.00343023 0.00352493 0.00279923 0.00264769 0.00483338 0.0113156 0.0245079 0.0464152 0.0764462 0.109453 0.13623 0.147399 0.138644 0.113374 0.080609 0.0498478 0.0268334 0.0126063 0.00520966
 1.27307e-16 3.41411e-06 3.31864e-05 0.000220535 0.00100252 0.00311924 0.00664596 0.00970056 0.00970345 0.00666077 0.00317313 0.00117661 0.000726862 0.00136736 0.00320552 0.0070297 0.0141489 0.0261248 0.0442001 0.06838 0.0965006 0.123955 0.144664 0.153198 0.147088 0.127971
 1.00863e-16 8.16198e-05 0.000793374 0.00527225 0.0239669 0.0745698 0.158879 0.231888 0.231888 0.158879 0.0745705 0.0239689 0.00527761 0.000805797 0.000107464 5.48658e-05 8.75007e-05 0.000147981 0.000243729 0.000390881 0.000604517 0.000888175 0.00122293 0.00156312 0.00184427 0.0020027
 1.01564e-16 5.78992e-06 5.62801e-05 0.000374006 0.00170023 0.00529052 0.0112753 0.0164752 0.0165638 0.0117081 0.00674332 0.00589367 0.0108898 0.0229782 0.0434383 0.07154 0.102439 0.127526 0.138039 0.129957 0.106487 0.0760808 0.0476234 0.0264643 0.0135285 0.00692044
 1.01166e-16 7.89238e-05 0.000767167 0.0050981 0.0231752 0.0721067 0.153631 0.224229 0.224229 0.153633 0.0721128 0.0231936 0.00514714 0.000883461 0.000326764 0.00048536 0.00085391 0.00141007 0.0021765 0.00314295 0.00423076 0.0052758 0.00605456 0.00635966 0.00609111 0.00530779
 1.00222e-16 7.80028e-05 0.000758215 0.00503861 0.0229048 0.0712653 0.151838 0.221614 0.221619 0.151862 0.0713454 0.0231361 0.00561882 0.00202312 0.0024753 0.00395571 0.00566055 0.00705533 0.0076553 0.00724176 0.00599351 0.00437534 0.00287135 0.00176604 0.00109765 0.000750798
 1.01047e-16 3.95399e-05 0.000384342 0.00255409 0.0116105 0.036125 0.0769698 0.11235 0.112397 0.0772017 0.0369034 0.0138578 0.00819145 0.0126785 0.0233522 0.0384479 0.0551567 0.0688839 0.0749697 0.0712567 0.0593939 0.043771 0.0289762 0.0177333 0.0104904 0.00630536
 1.02197e-16 7.16055e-05 0.000696031 0.00462537 0.0210263 0.0654205 0.139386 0.203439 0.203445 0.139416 0.0655234 0.0213246 0.00537813 0.00235257 0.00325641 0.00537079 0.00796314 0.0104971 0.0124584 0.0135784 0.0139354 0.0137975 0.0133555 0.0125942 0.0113891 0.00970003
 1.01272e-16 7.00207e-05 0.000680627 0.004523 0.0205609 0.0639727 0.136301 0.198938 0.198951 0.136363 0.0641804 0.0211605 0.0060273 0.00396251 0.00629715 0.0102849 0.0147753 0.0185122 0.02027 0.0194929 0.0166304 0.0128426 0.00931537 0.00671208 0.00507791 0.00409804
 1.00084e-16 8.12469e-05 0.000789749 0.00524816 0.0238574 0.0742292 0.158153 0.230829 0.23083 0.158159 0.0742477 0.0239108 0.00538222 0.00108238 0.000636963 0.000924284 0.00132314 0.00166261 0.00182933 0.00177244 0.00152891 0.00119757 0.000879792 0.000632901 0.000463196 0.00034856
 1.00766e-16 2.01548e-06 1.95913e-05 0.000130196 0.000591907 0.00184214 0.00392829 0.00575286 0.00584544 0.00438054 0.00336004 0.00497347 0.0111185 0.0239737 0.0453971 0.0747896 0.107132 0.133446 0.144585 0.136336 0.112005 0.0803528 0.0505873 0.0282492 0.0143162 0.00688549
 1.00558e-16 8.07965e-05 0.000785371 0.00521907 0.0237251 0.0738177 0.157276 0.229549 0.229549 0.157277 0.073819 0.0237294 0.00523108 0.000816055 0.000152121 0.000157501 0.000297609 0.000536894 0.00089333 0.00136645 0.00191518 0.00245158 0.00285851 0.00303017 0.00291687 0.00254835
 1.01671e-16 1.77145e-05 0.000172191 0.00114427 0.00520175 0.016185 0.0344865 0.0503496 0.0504237 0.0348483 0.0173992 0.00870652 0.00993335 0.0193311 0.0363227 0.0598083 0.0856582 0.106679 0.115564 0.108968 0.0895797 0.0644498 0.0409683 0.0235461 0.0128897 0.00736592
 1.2184e-16 9.46748e-06 9.20273e-05 0.000611554 0.00278005 0.00864987 0.0184302 0.0269035 0.0269231 0.0185264 0.00897574 0.00373405 0.00305428 0.00558315 0.0109014 0.0192106 0.0304625 0.0440877 0.0592685 0.0752395 0.0911035 0.105233 0.115004 0.117529 0.111141 0.0965455
 1.03888e-16 7.81363e-05 0.000759512 0.00504723 0.022944 0.0713872 0.152098 0.221991 0.221992 0.152101 0.0713973 0.0229736 0.00512322 0.000930443 0.000418152 0.000609857 0.000975431 0.00146017 0.00208196 0.00288979 0.00394011 0.00524241 0.00670116 0.00810022 0.00915354 0.0096041
 1.01309e-16 6.75376e-05 0.00065649 0.00436261 0.0198318 0.0617041 0.131468 0.191885 0.191901 0.131548 0.0619738 0.0206101 0.00631462 0.00491204 0.00813293 0.0132951 0.019045 0.0237412 0.0257665 0.0243894 0.0202174 0.0148226 0.00984256 0.00623965 0.00413869 0.00313439
 1.06402e-16 1.17497e-06 1.14212e-05 7.5902e-05 0.000345088 0.00107412 0.00229141 0.00336078 0.00343905 0.00267388 0.00235854 0.00405578 0.0093934 0.0203619 0.0386798 0.0640181 0.0923875 0.116512 0.128923 0.126097 0.110472 0.0886608 0.067392 0.0504012 0.0380543 0.0289601
 1.04225e-16 7.39841e-05 0.000719151 0.00477901 0.0217247 0.0675936 0.144015 0.210195 0.210195 0.144017 0.0675987 0.0217412 0.00482687 0.000845068 0.000376084 0.000669312 0.00134192 0.00249332 0.00425907 0.00667623 0.00958567 0.0125883 0.0151103 0.0165819 0.0166545 0.0153392
 1.06082e-16 3.86072e-05 0.000375276 0.00249384 0.0113367 0.0352729 0.0751543 0.109699 0.109745 0.0753788 0.0360264 0.013512 0.00794998 0.0122723 0.0225936 0.0371897 0.0533413 0.0666204 0.0725731 0.0692187 0.0583028 0.0442166 0.0314518 0.0225222 0.0175444 0.0151694
 1.20035e-16 9.95008e-06 9.67184e-05 0.00064273 0.00292178 0.00909096 0.0193707 0.0282807 0.0283212 0.0195691 0.00975846 0.00485685 0.00552676 0.010847 0.0206853 0.0348543 0.0517726 0.0683593 0.0813556 0.0890812 0.0921051 0.0922097 0.0906353 0.0872148 0.0809846 0.0714495
 1.04485e-16 7.6379e-05 0.000742431 0.00493372 0.022428 0.0697817 0.148677 0.216999 0.217 0.148682 0.069797 0.0224728 0.00504924 0.00100423 0.000602318 0.000951643 0.00154762 0.00234376 0.00335678 0.0046214 0.00615588 0.00789881 0.00966007 0.0111382 0.0120131 0.0120667
 1.01573e-16 6.80961e-05 0.000661918 0.00439868 0.0199958 0.0622143 0.132555 0.193471 0.193486 0.13263 0.062468 0.0207282 0.00623571 0.00466721 0.00766041 0.0125191 0.0179416 0.0223854 0.0243358 0.0231117 0.0192887 0.0143433 0.00980404 0.00655433 0.00468485 0.00379063
 1.06477e-16 3.88428e-06 3.77566e-05 0.00025091 0.00114065 0.00354938 0.00756514 0.0110575 0.0111336 0.00793703 0.00479821 0.00474835 0.00930921 0.0198201 0.0375969 0.0622066 0.0897392 0.113104 0.125029 0.122095 0.106702 0.0853299 0.0645811 0.04813 0.036335 0.0277997
 1.3778e-16 4.5765e-06 4.44852e-05 0.00029562 0.00134385 0.00418124 0.00890878 0.0130038 0.0130093 0.00893631 0.00427717 0.00163624 0.0010874 0.00196465 0.00421412 0.00843125 0.0155846 0.0267972 0.0430203 0.0644407 0.089726 0.11557 0.137123 0.149467 0.149534 0.137398
 1.06173e-16 7.7387e-05 0.000752229 0.00499883 0.0227239 0.0707026 0.150639 0.219863 0.219863 0.150641 0.0707085 0.0227413 0.0050436 0.00085463 0.000286526 0.000392733 0.000664572 0.00108232 0.00171207 0.00265522 0.00401426 0.00582718 0.00799378 0.0102414 0.0121668 0.0133536
pSPR Fmed_Fpbrs
0.421959   0.229075 0.229075
Fs Fmed_Fpbrs
0.528352   1.005 1.005
SSBpbr Bo_Bmed_Bpbrs
1.81782e+06  676153  325525 325525
Ro
26122.8
SPR SPRFo_SPRFmed_SPRFpbrs
186724 78789.6 42773.6
Fref
1.005
Nvult_r0
 115051 501.515 396.928 6583.25 1366.85
CTP_r0
 33222.1 180.931 143.2 2375.05 493.122
YTP_r0
390964
Np
 129441 37359.3 132.686 105.015 2106.12
Nvult_p0
 106331 32328.4 114.819 90.8733 1822.51
CTP_p0
 44616.5 16204.4 57.5525 45.55 913.526
YTP_p0
 630480
CBA_c0
462819
log_Ro
9.99056
likeval ReclasPelacesDesembMPH_pf_preclas_ppelaces_ptallas_desvR_qrecl_qpela
 49.3369 60.5507 0.208789 0.00195697 467.094 170.789 154.481 0 272.578 0 0 0.00552145 0 0 0
q_reclas_q_pelaces
1 1
M
1
N
 974.619 31584.9 117553 14146.6 0.300065
 589.243 313.137 9625.84 35825.3 4311.42
 214520 148.225 67.9144 2087.67 8704.95
 1704.73 53916.4 32.1092 14.7119 2337.94
 725.397 277.52 6386.07 3.80309 278.653
 289819 36.8312 6.50748 149.74 6.62298
 785.488 74817.6 8.28098 1.4631 35.1556
 217.021 100.861 6371.7 0.70522 3.1185
 78086 36.3284 12.4183 784.493 0.470782
 1041.55 17985.4 6.97044 2.38271 150.612
 46210.9 163.644 2027.69 0.785842 17.2485
 204499 12831.8 40.7178 504.527 4.48727
 37546.2 46433.7 2413.66 7.65896 95.7448
 75484.5 7792.65 7708.6 400.695 17.1662
 45036.1 9758.36 669.917 662.678 35.9218
 430732 5847.8 844.056 57.9437 60.4246
 2375.53 104255 1202.14 173.513 24.333
 1.2177e+06 623.568 23990.4 276.626 45.5264
 98621 382576 184.215 7087.27 95.1705
 14583.4 28335.4 99815.9 48.0625 1873.93
 480700 3407.59 5546.52 19538.3 376.217
 555593 128581 804.924 1310.16 4704.09
 2410.79 148171 30247.1 189.348 1414.77
 403455 698.34 39100.1 7981.72 423.302
 116580 126083 204.783 11465.8 2464.7
 9544.6 35709.4 35957 58.4007 3972.74
 257797 2693.28 9085.99 9148.96 1025.69
 360795 73519.9 695.459 2346.17 2627.28
 6590.02 115117 22190.3 209.907 1501.12
 2369.08 2122.59 35204.4 6786.09 523.255
 152410 634.201 501.942 8324.97 1728.48
pred_Ctot
 78.8867 3478.57 12946.7 1558.04 0.0330478
 121.465 84.778 2606.1 9699.37 1167.28
 44305.5 40.2025 18.4204 566.239 2361.04
 640.983 25250.3 15.0376 6.88996 1094.92
 457.532 198.799 4574.63 2.72432 199.612
 56235.8 9.41963 1.66431 38.2965 1.69385
 351.081 40658.4 4.50019 0.795105 19.1049
 79.6 46.2177 2919.75 0.323158 1.42902
 19167.1 11.5752 3.95683 249.962 0.150005
 403.557 8646.59 3.35111 1.14551 72.4083
 7327.99 34.5555 428.177 0.165942 3.64228
 51447 4182.63 13.2725 164.457 1.46268
 10831.1 17159.5 891.972 2.83039 35.3827
 33598.8 4219.98 4174.49 216.991 9.29613
 19991.5 5272.34 361.951 358.04 19.4083
 96343.5 1709.01 246.677 16.9342 17.6592
 442.1 25632.7 295.567 42.6611 5.98268
 113819 79.0364 3040.79 35.0624 5.77048
 13929.7 72310.2 34.8187 1339.57 17.9883
 3488.9 8816.02 31056.2 14.9539 583.043
 85097.1 799.033 1300.6 4581.53 88.2188
 99158.8 30384 190.209 309.6 1111.61
 330.33 27200.6 5552.69 34.7601 259.721
 38899.6 91.2302 5108.05 1042.73 55.3003
 12519.5 18290.7 29.7079 1663.34 357.555
 1436.18 7171.51 7221.33 11.7287 797.855
 37397.6 522.264 1761.92 1774.13 198.898
 30617.1 8480.04 80.2177 270.619 303.044
 524.148 12463 2402.44 22.7258 162.519
 418.475 496.684 8237.9 1587.96 122.443
 33222.1 180.931 143.2 2375.05 493.122
F
 0.135406 0.188229 0.188232 0.188232 0.188232
 0.380109 0.528394 0.528401 0.528401 0.528401
 0.380967 0.529587 0.529594 0.529594 0.529594
 0.815268 1.13331 1.13333 1.13333 1.13333
 1.98037 2.75294 2.75298 2.75298 2.75298
 0.354205 0.492385 0.492392 0.492392 0.492392
 1.05257 1.46319 1.46321 1.46321 1.46321
 0.787396 1.09457 1.09458 1.09458 1.09458
 0.46825 0.65092 0.650929 0.650929 0.650929
 0.850767 1.18266 1.18268 1.18268 1.18268
 0.281292 0.391028 0.391033 0.391033 0.391033
 0.482536 0.67078 0.670789 0.670789 0.670789
 0.572391 0.795688 0.795699 0.795699 0.795699
 1.0458 1.45378 1.4538 1.4538 1.4538
 1.0414 1.44766 1.44768 1.44768 1.44768
 0.418643 0.581961 0.581969 0.581969 0.581969
 0.337517 0.469187 0.469193 0.469193 0.469193
 0.157795 0.219353 0.219356 0.219356 0.219356
 0.247173 0.343599 0.343603 0.343603 0.343603
 0.453877 0.63094 0.630949 0.630949 0.630949
 0.318689 0.443013 0.443019 0.443019 0.443019
 0.321669 0.447156 0.447163 0.447163 0.447163
 0.239002 0.33224 0.332245 0.332245 0.332245
 0.163121 0.226756 0.226759 0.226759 0.226759
 0.183164 0.254619 0.254622 0.254622 0.254622
 0.265216 0.36868 0.368685 0.368685 0.368685
 0.254615 0.353943 0.353948 0.353948 0.353948
 0.142364 0.197903 0.197905 0.197905 0.197905
 0.132922 0.184776 0.184779 0.184779 0.184779
 0.317892 0.441905 0.441911 0.441911 0.441911
 0.405994 0.564378 0.564386 0.564386 0.564386
nmprior
 8.19 8.8 8.5 0
nm_flota  nm_reclas  nm_pelaces    nm_pelaL
inf 4.90338 2.80043 3.8141
cv_recla  cv_pelaces  cv_mph
0.635347 0.882331 1.3652
 ------------------------------------------------
Talla a la edad & desviaci?n 
 8 13.2811 15.8009 17.003 17.5766
 0.8 1.32811 1.58009 1.7003 1.75766
