    unsorted:	 2.361983051e-06 2.333237736e-06 -3.452184528e-06 6.004304008e-05 5.788551903e-05 8.342762071e-05 0.001099993567 13.49328457 66.60246746 160.9215623 173.2048039 240.4215490 294.2366140 379.9043082 706.0859885 550.1804070 809.2781614 851.4166912 928.0084106 957.0324266 1069.819051 1198.277308 1270.986830 1356.060279 1549.635244 1600.752640 1953.588859 2063.128384 2135.084391 2482.428089 2467.584566 2525.624967 2279.862251 2632.218177 2640.412444 2866.517292 3198.626694 3286.594700 3401.323725 3892.538463 4007.135131 4279.895937 5753.114049 9536.564082 37312.51127 158342.8745 402047.1587 403924.7585 411261.6765 416082.6408 386496.3843 366139.9475 451564.9583 464157.7792 468663.3624 472889.5285 343608.4270 532677.7103 562631.6336 586158.4031 614135.7034 666617.2946 831255.2331 874778.9659 1005215.775 1073203.062 1320247.760 1341766.232 1527154.325 1654533.386 2236750.898 2348838.396 2680593.564 2792415.813 3104835.755 3170611.110 21548257.44
      sorted:	 -3.452184528e-06 2.333237736e-06 2.361983051e-06 5.788551903e-05 6.004304008e-05 8.342762071e-05 0.001099993567 13.49328457 66.60246746 160.9215623 173.2048039 240.4215490 294.2366140 379.9043082 550.1804070 706.0859885 809.2781614 851.4166912 928.0084106 957.0324266 1069.819051 1198.277308 1270.986830 1356.060279 1549.635244 1600.752640 1953.588859 2063.128384 2135.084391 2279.862251 2467.584566 2482.428089 2525.624967 2632.218177 2640.412444 2866.517292 3198.626694 3286.594700 3401.323725 3892.538463 4007.135131 4279.895937 5753.114049 9536.564082 37312.51127 158342.8745 343608.4270 366139.9475 386496.3843 402047.1587 403924.7585 411261.6765 416082.6408 451564.9583 464157.7792 468663.3624 472889.5285 532677.7103 562631.6336 586158.4031 614135.7034 666617.2946 831255.2331 874778.9659 1005215.775 1073203.062 1320247.760 1341766.232 1527154.325 1654533.386 2236750.898 2348838.396 2680593.564 2792415.813 3104835.755 3170611.110 21548257.44
