years
 1991 1992 1993 1994 1995 1996 1997 1998 1999 2000 2001 2002 2003 2004 2005 2006 2007 2008 2009 2010 2011 2012 2013 2014 2015 2016 2017 2018 2019 2020 2021
reclasobs
 0 0 0 0 0 0 0 0 0 252601 567819 844713 477998 351125 339783 2.1784e+06 2.13404e+06 4.81314e+06 1.55562e+06 2.62356e+06 3.21686e+06 3.843e+06 1.13348e+06 3.07943e+06 1.97215e+06 2.03268e+06 2.025e+06 2.42433e+06 2.27542e+06 1.05018e+06 2.36338e+06
reclaspred
 2.67925e+06 2.07423e+06 1.15274e+06 1.01521e+06 1.24915e+06 1.68766e+06 1.30114e+06 1.14828e+06 781191 556610 532618 702141 682302 569000 679453 1.04849e+06 1.61096e+06 2.60858e+06 2.25563e+06 1.83479e+06 3.22009e+06 2.51813e+06 2.38e+06 2.96103e+06 2.59201e+06 2.42771e+06 2.47834e+06 2.43777e+06 2.70484e+06 1.85259e+06 2.57962e+06
pelacesobs
 0 0 0 0 0 0 0 0 0 0 0 0 0 0 0 552880 188675 0 991730 2.46772e+06 1.41603e+06 1.21717e+06 2.29649e+06 1.80582e+06 0 1.4828e+06 1.56532e+06 1.57751e+06 1.42118e+06 867257 1.10002e+06
pelacespred
 1.15536e+06 996421 583482 451742 557629 755427 589046 579733 412717 274226 277121 294100 308272 278201 350636 448333 671680 1.14363e+06 1.11706e+06 857137 1.33494e+06 1.2482e+06 1.12799e+06 1.49814e+06 1.34449e+06 1.203e+06 1.37555e+06 1.39223e+06 1.24919e+06 965190 1.33409e+06
mphobs
 0 0 0 0 0 0 0 0 0 0 0 498337 0 5186 125008 0 168611 109162 213762 579715 649985 157893 87575 83554 0 0 0 0 0 0 0
mphpred
 2.02919e+06 2.17384e+06 1.23334e+06 715334 916687 1.10977e+06 1.33983e+06 899717 803911 515737 355733 530822 535946 451809 381272 615065 1.03867e+06 1.5448e+06 1.97946e+06 1.57374e+06 1.85803e+06 2.29189e+06 2.01443e+06 1.81809e+06 2.45962e+06 1.98568e+06 1.77043e+06 1.84397e+06 2.42919e+06 1.75134e+06 1.32481e+06
desembarqueobs
 494567 514787 250237 358949 120608 361735 552515 73892 212993 205616 52469 317467 293654 387597 252695 516296 358380 742168 942051 627588 828172 859565 418607 520667 417249 300574 415391 372974 316634 284311 391294
desembarquepred
 494471 508917 252744 358904 120597 361692 552354 73914.7 212972 205720 52466.3 317346 293768 388092 252628 516450 358832 742686 942219 627659 828416 860682 419028 521174 417495 300757 415510 372907 316525 284253 392043
Reclutas
 476186 75402 106118 268963 222229 294353 129160 69777.3 46901.7 76107.2 144694 156595 136703 118542 155191 400481 256449 603834 489657 402079 545151 631688 198642 454877 363499 211937 398498 421322 152820 151404 564565
log_desv_Rt
 0.751244 -1.09173 -0.750015 0.18001 -0.0108543 0.270215 -0.55351 -1.16926 -1.56651 -1.08242 -0.439943 -0.360901 -0.496755 -0.6393 -0.369906 0.578102 0.132363 0.988735 0.77914 0.582083 0.886498 1.03383 -0.12306 0.705463 0.48121 -0.0582777 0.573138 0.628833 -0.385302 -0.394613 0.921491
SSB
 2.02919e+06 2.17384e+06 1.23334e+06 715334 916687 1.10977e+06 1.33983e+06 899717 803911 515737 355733 530822 535946 451809 381272 615065 1.03867e+06 1.5448e+06 1.97946e+06 1.57374e+06 1.85803e+06 2.29189e+06 2.01443e+06 1.81809e+06 2.45962e+06 1.98568e+06 1.77043e+06 1.84397e+06 2.42919e+06 1.75134e+06 1.32481e+06
BT
 3.59165e+06 2.8656e+06 1.66579e+06 1.71887e+06 1.64727e+06 2.64038e+06 2.0102e+06 1.71519e+06 1.32055e+06 982007 930207 1.15156e+06 1.20363e+06 1.33248e+06 1.51287e+06 1.97802e+06 2.31206e+06 4.36793e+06 4.28357e+06 3.02944e+06 4.93787e+06 4.40991e+06 3.44092e+06 5.46642e+06 3.97558e+06 3.64617e+06 4.88081e+06 4.82701e+06 3.36034e+06 2.84551e+06 5.09135e+06
Ftot
 0.174761 0.230648 0.206662 0.330803 0.0919955 0.202544 0.393109 0.0614766 0.256067 0.34455 0.0939345 0.418925 0.399786 0.621875 0.348547 0.457331 0.210411 0.267825 0.388347 0.320027 0.242359 0.319668 0.166687 0.166942 0.152699 0.117795 0.159075 0.145319 0.111258 0.145524 0.144502
BD_Bspro_t
 0.972426 0.846161 0.699663 0.620575 0.673076 0.756672 0.735058 0.611521 0.670592 0.613516 0.590663 0.749124 0.633667 0.547633 0.490226 0.59142 0.627938 0.69809 0.696867 0.618638 0.613088 0.654768 0.656721 0.6724 0.757496 0.761469 0.778929 0.800766 0.831227 0.785407 0.760918
BD_Bspro
 1.26365 1.35373 0.768048 0.445464 0.570854 0.691096 0.834364 0.560286 0.500625 0.321168 0.221528 0.330562 0.333753 0.281358 0.237432 0.383023 0.646815 0.962001 1.23268 0.980027 1.15706 1.42724 1.25446 1.13219 1.5317 1.23656 1.10251 1.14831 1.51274 1.09062 0.825008
BD_Bo
 0.984555 1.05474 0.598413 0.347076 0.444772 0.538457 0.650081 0.436538 0.390054 0.250233 0.1726 0.257552 0.260039 0.219216 0.184991 0.298426 0.503955 0.749528 0.960426 0.763572 0.901507 1.11201 0.97739 0.882129 1.1934 0.963443 0.859003 0.894684 1.17863 0.84974 0.642792
BD_Brms
 4.17942 4.47734 2.54025 1.47333 1.88805 2.28574 2.75958 1.85309 1.65577 1.06223 0.732682 1.0933 1.10386 0.930565 0.785283 1.26681 2.13928 3.18173 4.07699 3.24135 3.82688 4.72047 4.149 3.74462 5.06594 4.08979 3.64645 3.79791 5.00326 3.60713 2.72864
Sel_flota
 0.5 1 1 1 1
 0.5 1 1 1 1
 0.5 1 1 1 1
 0.5 1 1 1 1
 0.5 1 1 1 1
 0.5 1 1 1 1
 0.5 1 1 1 1
 0.5 1 1 1 1
 0.5 1 1 1 1
 0.5 1 1 1 1
 0.5 1 1 1 1
 0.5 1 1 1 1
 0.5 1 1 1 1
 0.5 1 1 1 1
 0.5 1 1 1 1
 0.5 1 1 1 1
 0.5 1 1 1 1
 0.5 1 1 1 1
 0.5 1 1 1 1
 0.5 1 1 1 1
 0.5 1 1 1 1
 0.5 1 1 1 1
 0.5 1 1 1 1
 0.5 1 1 1 1
 0.5 1 1 1 1
 0.5 1 1 1 1
 0.5 1 1 1 1
 0.5 1 1 1 1
 0.5 1 1 1 1
 0.5 1 1 1 1
 0.5 1 1 1 1
Sel_reclas
 0.5 1 1 1 1
 0.5 1 1 1 1
 0.5 1 1 1 1
 0.5 1 1 1 1
 0.5 1 1 1 1
 0.5 1 1 1 1
 0.5 1 1 1 1
 0.5 1 1 1 1
 0.5 1 1 1 1
 0.5 1 1 1 1
 0.5 1 1 1 1
 0.5 1 1 1 1
 0.5 1 1 1 1
 0.5 1 1 1 1
 0.5 1 1 1 1
 0.5 1 1 1 1
 0.5 1 1 1 1
 0.5 1 1 1 1
 0.5 1 1 1 1
 0.5 1 1 1 1
 0.5 1 1 1 1
 0.5 1 1 1 1
 0.5 1 1 1 1
 0.5 1 1 1 1
 0.5 1 1 1 1
 0.5 1 1 1 1
 0.5 1 1 1 1
 0.5 1 1 1 1
 0.5 1 1 1 1
 0.5 1 1 1 1
 0.5 1 1 1 1
Sel_pelaces
 0.5 1 1 1 1
 0.5 1 1 1 1
 0.5 1 1 1 1
 0.5 1 1 1 1
 0.5 1 1 1 1
 0.5 1 1 1 1
 0.5 1 1 1 1
 0.5 1 1 1 1
 0.5 1 1 1 1
 0.5 1 1 1 1
 0.5 1 1 1 1
 0.5 1 1 1 1
 0.5 1 1 1 1
 0.5 1 1 1 1
 0.5 1 1 1 1
 0.5 1 1 1 1
 0.5 1 1 1 1
 0.5 1 1 1 1
 0.5 1 1 1 1
 0.5 1 1 1 1
 0.5 1 1 1 1
 0.5 1 1 1 1
 0.5 1 1 1 1
 0.5 1 1 1 1
 0.5 1 1 1 1
 0.5 1 1 1 1
 0.5 1 1 1 1
 0.5 1 1 1 1
 0.5 1 1 1 1
 0.5 1 1 1 1
 0.5 1 1 1 1
pf_obs 
 0.8446 0.082 0.0669 0.0065 0
 0.8095 0.147 0.0364 0.0071 0
 0.9664 0.0169 0.016 0.0007 0
 0.9276 0.0648 0.0075 0.0001 0
 0.7033 0.2144 0.0806 0.0017 0
 0.9318 0.0425 0.0243 0.0014 0
 0.5671 0.3108 0.0964 0.0239 0.0018
 0.0768 0.2599 0.5324 0.112 0.0189
 0.490249 0.384438 0.106611 0.0170017 0.00170017
 0.7925 0.1577 0.0466 0.003 0.0002
 0.840416 0.127587 0.0312969 0.00059994 9.999e-05
 0.8084 0.0986 0.0794 0.0134 0.0002
 0.7335 0.1905 0.0724 0.0035 0.0001
 0.4001 0.4547 0.1325 0.0127 0
 0.49795 0.308269 0.164784 0.0264974 0.00249975
 0.9179 0.0499 0.0305 0.0017 0
 0.2467 0.6533 0.0926 0.0074 0
 0.9418 0.0223 0.034 0.0019 0
 0.707729 0.231977 0.0356964 0.0245975 0
 0.517169 0.277429 0.184464 0.0207286 0.00020938
 0.811772 0.124168 0.05621 0.00726502 0.000585176
 0.764997 0.148141 0.077277 0.00933861 0.000247198
 0.163321 0.427699 0.378323 0.0303852 0.000271297
 0.753843 0.0900009 0.118128 0.0371064 0.000921714
 0.721811 0.176058 0.0630433 0.0369309 0.00215725
 0.143369 0.312575 0.442814 0.0836902 0.0175525
 0.692698 0.0596174 0.167031 0.0765114 0.00414204
 0.394062 0.376323 0.152708 0.0712218 0.00568511
 0.125707 0.32114 0.495352 0.0537591 0.00404204
 0.23352 0.215282 0.420074 0.123614 0.00750983
 0.774587 0.0839891 0.0768558 0.0609784 0.00358967
pf_pred 
 0.611838 0.245365 0.0902647 0.0332065 0.0193254
 0.159039 0.646292 0.123054 0.0452692 0.0263456
 0.392251 0.175225 0.332402 0.0632895 0.036833
 0.70242 0.172155 0.0361624 0.0685999 0.0206629
 0.531192 0.393372 0.043641 0.00916715 0.0226281
 0.578766 0.294669 0.106199 0.0117819 0.00858382
 0.346918 0.486408 0.116595 0.0420212 0.00805832
 0.330252 0.364839 0.227092 0.0544355 0.0233809
 0.331996 0.334687 0.181572 0.113018 0.0387273
 0.581504 0.216612 0.101149 0.0548743 0.0458604
 0.702668 0.224507 0.0376942 0.0176016 0.0175296
 0.581306 0.347229 0.0539611 0.00905996 0.00844392
 0.545836 0.344803 0.0906949 0.0140944 0.00457195
 0.542196 0.334503 0.0936106 0.0246228 0.00506774
 0.658715 0.253109 0.0644271 0.0180299 0.00571855
 0.787342 0.172439 0.0298278 0.00759245 0.00279865
 0.505339 0.442649 0.0421751 0.00729527 0.00254145
 0.719911 0.191872 0.0789408 0.00752139 0.00175425
 0.535634 0.393675 0.048426 0.0199236 0.00234105
 0.510455 0.353347 0.115464 0.0142033 0.00653018
 0.612693 0.269794 0.0848196 0.0277167 0.00497698
 0.594214 0.313582 0.0642288 0.0201927 0.00778327
 0.283664 0.546743 0.131057 0.0268435 0.0116922
 0.613839 0.175378 0.16088 0.0385637 0.0113392
 0.483858 0.397221 0.0540092 0.0495444 0.015368
 0.36724 0.419093 0.164437 0.0223581 0.0268716
 0.604484 0.215877 0.118979 0.0466831 0.0139762
 0.549881 0.343047 0.058441 0.0322094 0.0164213
 0.280386 0.516928 0.154472 0.0263156 0.0218981
 0.395471 0.269648 0.240559 0.0718853 0.0224368
 0.764215 0.136121 0.0444545 0.0396588 0.0155501
pobs_RECLAS
 0 0 0 0 0
 0 0 0 0 0
 0 0 0 0 0
 0 0 0 0 0
 0 0 0 0 0
 0 0 0 0 0
 0 0 0 0 0
 0 0 0 0 0
 0 0 0 0 0
 0 0 0 0 0
 0.991045 0.00858322 0.000360255 1.14367e-05 0
 0.934742 0.0480273 0.0164251 0.00080598 0
 0.827803 0.169806 0.00239088 0 0
 0.941827 0.0461693 0.0120037 0 0
 0.791401 0.0380133 0.147996 0.0225897 0
 0.846168 0.0940531 0.0597789 0 0
 0.134021 0.677848 0.182769 0.00536245 0
 0.80878 0.0450904 0.141981 0.00414843 0
 0.846168 0.0940531 0.0597789 0 0
 0.905697 0.0802665 0.012482 0.00150086 5.37128e-05
 0.989698 0.0102097 9.19794e-05 0 0
 0.975433 0.0193895 0.00387452 0.00125025 5.28907e-05
 0.303575 0.632131 0.0575291 0.00676475 0
 0.966965 0.00978017 0.0227588 0.000495775 0
 0.843318 0.132988 0.00938335 0.0141283 0.000182051
 0.564624 0.303363 0.111486 0.0197234 0.00080311
 0.826376 0.0876187 0.0782897 0.00655872 0.00115652
 0.89761 0.0855135 0.0140674 0.00269457 0.000114338
 0.34875 0.467042 0.161289 0.0227151 0.000203297
 0.318654 0.224769 0.449479 0.00709798 0
 0.937255 0.0296025 0.0250945 0.00804832 0
ppred_RECLAS
 0.613752 0.244155 0.0898197 0.0330428 0.0192301
 0.160519 0.645155 0.122838 0.0451895 0.0262993
 0.394573 0.174556 0.331131 0.0630476 0.0366923
 0.705914 0.170133 0.0357379 0.0677946 0.0204204
 0.532193 0.392532 0.0435478 0.00914757 0.0225797
 0.581083 0.293048 0.105615 0.011717 0.0085366
 0.351608 0.482915 0.115758 0.0417194 0.00800045
 0.330834 0.364522 0.226895 0.0543882 0.0233606
 0.334757 0.333303 0.180821 0.112551 0.0385672
 0.585782 0.214398 0.100115 0.0543134 0.0453916
 0.703526 0.223859 0.0375854 0.0175508 0.017479
 0.586724 0.342736 0.0532629 0.00894273 0.00833466
 0.551052 0.340843 0.0896532 0.0139326 0.00451943
 0.551288 0.32786 0.0917516 0.0241338 0.0049671
 0.662717 0.250142 0.0636718 0.0178185 0.00565151
 0.791473 0.16909 0.0292484 0.00744497 0.00274429
 0.507821 0.440428 0.0419635 0.00725866 0.0025287
 0.722543 0.19007 0.0781991 0.00745073 0.00173777
 0.540688 0.389391 0.047899 0.0197068 0.00231557
 0.514484 0.350439 0.114514 0.0140864 0.00647644
 0.615457 0.267868 0.0842142 0.0275189 0.00494146
 0.598091 0.310586 0.0636151 0.0199998 0.00770891
 0.285222 0.545554 0.130772 0.0267851 0.0116667
 0.615655 0.174553 0.160124 0.0383824 0.0112859
 0.485593 0.395885 0.0538276 0.0493778 0.0153164
 0.368459 0.418286 0.16412 0.022315 0.0268199
 0.606221 0.214929 0.118457 0.0464782 0.0139148
 0.551509 0.341806 0.0582296 0.0320929 0.0163619
 0.281381 0.516213 0.154258 0.0262792 0.0218678
 0.397048 0.268945 0.239931 0.0716978 0.0223783
 0.765392 0.135442 0.0442327 0.0394609 0.0154725
pobs_PELACES
 0 0 0 0 0
 0 0 0 0 0
 0 0 0 0 0
 0 0 0 0 0
 0 0 0 0 0
 0 0 0 0 0
 0 0 0 0 0
 0 0 0 0 0
 0 0 0 0 0
 0 0 0 0 0
 0 0 0 0 0
 0 0 0 0 0
 0 0 0 0 0
 0 0 0 0 0
 0 0 0 0 0
 0 0 0 0 0
 0.505614 0.472636 0.0217494 0 0
 0 0 0 0 0
 0.443492 0.261883 0.143347 0.151278 0
 0.227955 0.32914 0.350689 0.0885471 0.00366901
 0.970185 0.0296113 0.000203453 0 0
 0.997202 0.00247181 0.000326279 0 0
 0.445219 0.490057 0.0546422 0.010081 0
 0.90214 0.0892962 0.00764917 0.000914606 0
 0 0 0 0 0
 0.581667 0.319106 0.0959925 0.00289975 0.000334073
 0.762889 0.0836404 0.116647 0.0363945 0.000428098
 0.88444 0.0763242 0.0277011 0.0115352 0
 0.521256 0.241999 0.230069 0.00667565 0
 0.616807 0.101726 0.260614 0.0208532 0
 0.833518 0.0704572 0.0857862 0.0102388 0
ppred_PELACES
 0.620565 0.239849 0.0882354 0.03246 0.0188909
 0.165713 0.641162 0.122078 0.0449099 0.0261365
 0.402747 0.172199 0.326661 0.0621964 0.0361968
 0.717116 0.163653 0.0343765 0.0652121 0.0196425
 0.53597 0.389362 0.0431962 0.00907371 0.0223974
 0.589195 0.287373 0.10357 0.0114901 0.00837128
 0.366534 0.471798 0.113093 0.040759 0.00781628
 0.333084 0.363297 0.226132 0.0542054 0.0232821
 0.344231 0.328557 0.178246 0.110948 0.038018
 0.599506 0.207295 0.0967978 0.0525139 0.0438877
 0.706749 0.221425 0.0371769 0.01736 0.017289
 0.603378 0.328924 0.0511165 0.00858235 0.00799878
 0.567311 0.328499 0.0864064 0.013428 0.00435576
 0.576515 0.309427 0.0865931 0.0227769 0.00468784
 0.675449 0.240699 0.0612682 0.0171459 0.00543817
 0.803653 0.159213 0.0275399 0.0070101 0.00258399
 0.516495 0.432666 0.0412239 0.00713074 0.00248414
 0.731314 0.184061 0.0757269 0.00721518 0.00168283
 0.556554 0.37594 0.0462444 0.019026 0.00223558
 0.527661 0.340928 0.111406 0.0137041 0.00630067
 0.624877 0.261307 0.0821514 0.0268448 0.00482041
 0.610701 0.30084 0.0616191 0.0193722 0.00746702
 0.290862 0.541249 0.12974 0.0265738 0.0115747
 0.622152 0.171603 0.157417 0.0377336 0.0110951
 0.491889 0.39104 0.0531688 0.0487735 0.0151289
 0.372993 0.415283 0.162942 0.0221548 0.0266274
 0.612468 0.211519 0.116578 0.0457407 0.013694
 0.557433 0.337292 0.0574605 0.0316691 0.0161458
 0.285108 0.513536 0.153458 0.0261429 0.0217544
 0.40281 0.266374 0.237638 0.0710126 0.0221644
 0.769646 0.132986 0.0434306 0.0387454 0.0151919
pobs_pel_tallas
 0 0 0 0 0 0 0 0 0 0 0 0 0 0 0 0 0 0 0 0 0 0 0 0 0 0
 0 0 0 0 0 0 0 0 0 0 0 0 0 0 0 0 0 0 0 0 0 0 0 0 0 0
 0 0 0 0 0 0 0 0 0 0 0 0 0 0 0 0 0 0 0 0 0 0 0 0 0 0
 0 0 0 0 0 0 0 0 0 0 0 0 0 0 0 0 0 0 0 0 0 0 0 0 0 0
 0 0 0 0 0 0 0 0 0 0 0 0 0 0 0 0 0 0 0 0 0 0 0 0 0 0
 0 0 0 0 0 0 0 0 0 0 0 0 0 0 0 0 0 0 0 0 0 0 0 0 0 0
 0 0 0 0 0 0 0 0 0 0 0 0 0 0 0 0 0 0 0 0 0 0 0 0 0 0
 0 0 0 0 0 0 0 0 0 0 0 0 0 0 0 0 0 0 0 0 0 0 0 0 0 0
 0 0 0 0 0 0 0 0 0 0 0 0 0 0 0 0 0 0 0 0 0 0 0 0 0 0
 0 0 0 0 0 0 0 0 0 0 0 0 0 0 0 0 0 0 0 0 0 0 0 0 0 0
 0 0 0 0 0 0 0 0 0 0 0 0 0 0 0 0 0 0 0 0 0 0 0 0 0 0
 0 0 0 0 0 0 0 0 0 0 0 0 0 0 0 0 0 0 0 0 0 0 0 0 0 0
 0.00862536 0 0 0.000197151 0.00414017 0.0128641 0.00837892 0.0270097 0.101434 0.158115 0.152841 0.127902 0.109271 0.109419 0.0830992 0.0579132 0.0238553 0.00714673 0.00463305 0.00128148 0.00103504 0.000492878 0.000147863 0.000147863 4.92878e-05 0
 0 0 0 0 0 0 0 0 0 0 0 0 0 0 0 0 0 0 0 0 0 0 0 0 0 0
 0 0 0 0 0 0 0 0.0054083 0.00873648 0.0413646 0.0450493 0.0745869 0.0622846 0.0627006 0.0613931 0.0827291 0.12552 0.122667 0.0946155 0.0697135 0.0546179 0.0294188 0.0215738 0.0213955 0.0102223 0.00600262
 0 0 0 0 0.00359764 0.0251062 0.0480494 0.140153 0.205849 0.193036 0.1447 0.116669 0.0760912 0.0342217 0.00950174 0.001854 0.000860785 0 0 0 0.000165536 0 0.000143464 0 0 0
 0 0 0 0 0 0 0 0.000145254 0.000435761 0.0275982 0.070085 0.0708112 0.156366 0.174668 0.174014 0.160142 0.0824315 0.0480064 0.0283245 0.00493863 0.00203355 0 0 0 0 0
 0 0 0 0 0 0 0 0 0 0 0 0 0 0 0 0 0 0 0 0 0 0 0 0 0 0
 0 0 1.00437e-05 0.000401748 0.00122533 0.00171747 0.00176769 0.0269171 0.070346 0.194647 0.189555 0.159765 0.064822 0.0314167 0.0384472 0.0292271 0.0345202 0.0313363 0.0194345 0.0106764 0.0143323 0.0359363 0.0279516 0.0138201 0.00172751 0
 0 0.0021121 0.0136068 0.0755702 0.200478 0.177729 0.0527432 0.0373336 0.0318909 0.0142505 0.0149659 0.0166563 0.0217959 0.0798694 0.0677717 0.0528807 0.04013 0.0224614 0.0357745 0.0225083 0.00881397 0.00855152 0.00135912 0.000746735 0 0
 0 0 0 0 5.4009e-05 0.00500934 0.000945158 0.0243581 0.138947 0.33067 0.221406 0.137944 0.0707744 0.0437923 0.0131692 0.00525238 0.0047753 0.00276346 9.45158e-05 9.00151e-06 2.25038e-05 9.00151e-06 4.50075e-06 0 0 0
 0.000866109 0.00284123 0.00948549 0.0512746 0.133035 0.25785 0.225252 0.132002 0.0553304 0.0519788 0.0540692 0.017754 0.00435017 0.00159236 0.00146478 0.000404838 0.000125132 0.000115318 0.000107957 0.000100596 0 0 0 0 0 0
 0 0 0 0 0.00144013 0.00171154 0.00461396 0.0210425 0.0478622 0.0707936 0.0888783 0.103762 0.0637923 0.0337046 0.0602308 0.124433 0.169614 0.0934646 0.0462172 0.0250306 0.0313229 0.00938855 0.002487 0.000210481 0 0
 0 0.00764035 0.051015 0.0998891 0.058973 0.0496711 0.0374665 0.0718981 0.12319 0.153886 0.159021 0.0857701 0.0377988 0.023471 0.0147837 0.00900784 0.00315554 0.000888139 0.00291439 0.00214683 0.00393193 0.00274676 0.000635225 9.99891e-05 0 0
 0 0 0 0 0 0 0 0 0 0 0 0 0 0 0 0 0 0 0 0 0 0 0 0 0 0
 0 0 0 0 0 0 0 0 0 0 0 0 0 0 0 0 0 0 0 0 0 0 0 0 0 0
 0 0 0 0 0 0 0 0 0 0 0 0 0 0 0 0 0 0 0 0 0 0 0 0 0 0
 0 0 0 0 0 0 0 0 0 0 0 0 0 0 0 0 0 0 0 0 0 0 0 0 0 0
 0 0 0 0 0 0 0 0 0 0 0 0 0 0 0 0 0 0 0 0 0 0 0 0 0 0
 0 0 0 0 0 0 0 0 0 0 0 0 0 0 0 0 0 0 0 0 0 0 0 0 0 0
 0 0 0 0 0 0 0 0 0 0 0 0 0 0 0 0 0 0 0 0 0 0 0 0 0 0
ppred_pel_tallas
 1.0906e-16 5.11152e-05 0.000496858 0.0033018 0.0150095 0.0467002 0.0995007 0.145229 0.145252 0.0996141 0.0470815 0.0161121 0.00607415 0.00656497 0.0116232 0.0192607 0.0280405 0.035902 0.0407795 0.04174 0.0395061 0.0358674 0.0324713 0.0299641 0.0280009 0.025856
 1.12614e-16 1.36497e-05 0.00013268 0.00088171 0.00400816 0.0124712 0.0265735 0.0387978 0.0388597 0.0268758 0.0134864 0.00694114 0.008247 0.0162217 0.0306013 0.0506533 0.0731705 0.0924562 0.10271 0.101287 0.090255 0.074924 0.0605568 0.0498519 0.0426599 0.0373635
 1.21834e-16 3.31738e-05 0.000322461 0.00214287 0.00974118 0.0303085 0.0645761 0.0942543 0.0942714 0.0646599 0.0305911 0.0105638 0.00423193 0.00496276 0.0090809 0.015576 0.0238786 0.033063 0.0421432 0.0506025 0.0584607 0.0657225 0.0717323 0.0751309 0.074538 0.069412
 1.10898e-16 5.9068e-05 0.000574162 0.00381551 0.0173447 0.053966 0.114981 0.167821 0.167837 0.115058 0.0542257 0.0180954 0.0057023 0.00470155 0.00792405 0.0130798 0.0190204 0.0243378 0.0276746 0.0284989 0.0274516 0.0258992 0.0250259 0.0251655 0.0257822 0.0259578
 1.06047e-16 4.41472e-05 0.000429127 0.0028517 0.0129634 0.0403343 0.0859378 0.125437 0.125474 0.0861211 0.0409497 0.0147407 0.00731211 0.010164 0.018526 0.0305416 0.0439578 0.0552134 0.0607157 0.0588315 0.050877 0.0402425 0.0303744 0.0231727 0.0187231 0.0160652
 1.05632e-16 4.85313e-05 0.000471742 0.00313489 0.0142508 0.0443396 0.0944712 0.137889 0.137917 0.0946071 0.0447961 0.0155706 0.00645248 0.00772982 0.013879 0.0229882 0.0333901 0.042571 0.0479787 0.0484046 0.0446391 0.0388092 0.0329736 0.028114 0.0241217 0.0204516
 1.08795e-16 3.0191e-05 0.000293467 0.00195019 0.00886533 0.0275836 0.0587714 0.0857881 0.0858337 0.058994 0.0283313 0.0110262 0.00737831 0.0121566 0.0226002 0.0374203 0.0541515 0.0686258 0.0766035 0.0761292 0.0686558 0.0579519 0.0477177 0.0397956 0.03403 0.029316
 1.15995e-16 2.74357e-05 0.000266685 0.00177222 0.00805627 0.0250662 0.0534076 0.0779573 0.0779926 0.0535802 0.0256468 0.00973676 0.00600461 0.00955295 0.0178019 0.0297496 0.0437047 0.056754 0.065908 0.0697588 0.0691787 0.0664034 0.0633055 0.0603117 0.0566528 0.0514033
 1.22789e-16 2.83539e-05 0.00027561 0.00183153 0.00832589 0.0259051 0.0551947 0.080565 0.0805969 0.0553508 0.0264298 0.00984473 0.00565653 0.00866755 0.0160912 0.0268905 0.0395313 0.0514283 0.0599829 0.0640895 0.0647424 0.0641311 0.0639634 0.0643853 0.0641936 0.061898
 1.1554e-16 4.93806e-05 0.000479997 0.00318975 0.0145001 0.0451154 0.0961239 0.1403 0.14032 0.0962222 0.0454459 0.0154565 0.00559691 0.0057571 0.0101382 0.0168606 0.0247127 0.0320078 0.0370823 0.0392456 0.0391828 0.0383895 0.0380904 0.0385043 0.0389166 0.0383121
 1.05797e-16 5.8214e-05 0.000565861 0.00376035 0.017094 0.0531859 0.113319 0.165397 0.165418 0.113423 0.0535364 0.0181065 0.0063028 0.00611906 0.010614 0.0174804 0.0252389 0.0318815 0.035412 0.0349386 0.0312116 0.0261045 0.0214628 0.018212 0.0162462 0.0149114
 1.03774e-16 4.96995e-05 0.000483097 0.00321035 0.0145938 0.0454069 0.0967455 0.141209 0.141241 0.0969004 0.0459272 0.0160967 0.0069831 0.0087202 0.0156969 0.0258805 0.0372979 0.0469471 0.0517969 0.050446 0.0439462 0.0350678 0.0266239 0.0201626 0.0157815 0.0127851
 1.04662e-16 4.67287e-05 0.00045422 0.00301845 0.0137215 0.0426927 0.0909625 0.132769 0.132801 0.0911176 0.0432135 0.0152264 0.00679917 0.00871754 0.0157695 0.0260721 0.0377299 0.047813 0.0533497 0.0529447 0.0475645 0.0397914 0.0321895 0.0260825 0.0214617 0.0176913
 1.05656e-16 4.74868e-05 0.000461589 0.00306742 0.0139441 0.0433854 0.0924382 0.134923 0.134952 0.0925843 0.0438762 0.0153626 0.00663147 0.00825344 0.0148795 0.0246126 0.0356591 0.0452802 0.0507037 0.0506387 0.0460012 0.0391993 0.0325879 0.0273258 0.023311 0.019874
 1.0447e-16 5.56359e-05 0.000540801 0.00359381 0.016337 0.0508305 0.108301 0.158073 0.158096 0.108414 0.051212 0.0174397 0.00636411 0.0065959 0.0115775 0.0191103 0.027661 0.0350744 0.0391857 0.0389932 0.0352273 0.0297951 0.0245701 0.0204869 0.0174749 0.0149909
 1.01976e-16 6.61959e-05 0.000643448 0.00427594 0.0194378 0.0604783 0.128856 0.188072 0.188088 0.128931 0.0607302 0.0201656 0.00610329 0.00463399 0.00764913 0.0125518 0.0181006 0.0228163 0.0252365 0.0246859 0.0216686 0.0175093 0.0135439 0.0104937 0.00838538 0.00687742
 1.02436e-16 4.25431e-05 0.000413534 0.00274808 0.0124924 0.0388688 0.0828155 0.12088 0.120922 0.0830191 0.0395522 0.0144661 0.00770065 0.0112195 0.0205487 0.0338606 0.0486713 0.060989 0.0667687 0.064138 0.0545148 0.041659 0.0294536 0.0201348 0.0139826 0.0101378
 1.03241e-16 6.02374e-05 0.000585529 0.00389105 0.0176881 0.0550345 0.117257 0.171144 0.171162 0.117345 0.0553272 0.0185345 0.00601908 0.00524321 0.00894156 0.0147792 0.0214982 0.0274781 0.0310896 0.0315508 0.0293364 0.0257546 0.0220625 0.0188464 0.0160365 0.0133341
 1.03718e-16 4.58427e-05 0.000445607 0.00296122 0.0134613 0.0418833 0.0892381 0.130253 0.130289 0.0894151 0.0424776 0.0151777 0.00726938 0.00984912 0.0179013 0.0295131 0.0424906 0.0533939 0.0587473 0.0569519 0.0492364 0.0388163 0.0289641 0.0214906 0.0165148 0.0132129
 1.05743e-16 4.34628e-05 0.000422474 0.00280749 0.0127625 0.0397089 0.0846053 0.123491 0.123524 0.0847664 0.0402501 0.0143268 0.00673907 0.00902087 0.0164193 0.0271953 0.0394497 0.0501868 0.056357 0.0565175 0.0516242 0.0442513 0.0369168 0.0308633 0.0260149 0.0217362
 1.05946e-16 5.14703e-05 0.00050031 0.00332474 0.0151138 0.0470247 0.100192 0.146239 0.146264 0.100316 0.0474396 0.0163129 0.00633849 0.00709194 0.0126073 0.0208586 0.0302727 0.0385547 0.0433917 0.0437122 0.0402832 0.0350951 0.0300575 0.0260515 0.0229044 0.020003
 1.05062e-16 5.03027e-05 0.00048896 0.00324931 0.0147709 0.045958 0.0979195 0.142922 0.142951 0.0980613 0.0464344 0.0161475 0.00670632 0.00804125 0.0144102 0.0237875 0.0343665 0.0434398 0.0482784 0.0476263 0.0424297 0.0351489 0.0282291 0.0229354 0.01923 0.0164168
 1.08507e-16 2.39581e-05 0.000232881 0.00154758 0.0070351 0.0218891 0.0466389 0.0680818 0.0681341 0.0468943 0.0227468 0.00951354 0.00777301 0.013837 0.0259016 0.04289 0.0620335 0.078535 0.0874983 0.0866433 0.0776101 0.0647258 0.0522864 0.042509 0.0353503 0.0296687
 1.10249e-16 5.12458e-05 0.000498128 0.00331023 0.0150479 0.0468196 0.0997546 0.145598 0.145615 0.0998366 0.0470955 0.0158477 0.00532856 0.00493961 0.00859078 0.0143948 0.0213731 0.0282264 0.0336373 0.0369704 0.0385387 0.0391449 0.0393083 0.0388677 0.0372343 0.0339704
 1.09086e-16 4.05163e-05 0.000393833 0.00261716 0.0118972 0.037017 0.0788699 0.115121 0.115159 0.0790542 0.0376356 0.0136842 0.00710356 0.0101906 0.018656 0.0308056 0.0444453 0.0560638 0.0621289 0.0610685 0.0542279 0.0449521 0.0365367 0.0306366 0.0270608 0.0246346
 1.11537e-16 3.0723e-05 0.000298639 0.00198456 0.00902155 0.0280696 0.0598068 0.0872981 0.0873383 0.0600032 0.0287298 0.0109307 0.00678485 0.0108049 0.0200639 0.0333303 0.0485008 0.0620207 0.0702585 0.0715135 0.0669421 0.0595782 0.0522944 0.0463567 0.0414371 0.036602
 1.10323e-16 5.04483e-05 0.000490375 0.00325872 0.0148137 0.0460909 0.0982023 0.143333 0.143354 0.0983027 0.0464285 0.0157908 0.00571886 0.00588569 0.0103706 0.0172586 0.0253153 0.0328083 0.0379998 0.040099 0.0396727 0.0380999 0.036534 0.0352332 0.0336812 0.0312069
 1.07653e-16 4.59151e-05 0.000446311 0.00296589 0.0134825 0.0419494 0.0893788 0.130458 0.13049 0.0895377 0.0424833 0.015025 0.00683897 0.00890596 0.0161266 0.0266271 0.0384495 0.048567 0.0539351 0.0531835 0.0474363 0.039525 0.0322423 0.0269956 0.0236481 0.0212563
 1.10863e-16 2.34841e-05 0.000228274 0.00151696 0.00689592 0.021456 0.0457162 0.0667345 0.0667841 0.0459588 0.0222709 0.00925108 0.00743513 0.0131689 0.0246626 0.0408989 0.059298 0.0753756 0.0845501 0.0846872 0.0772998 0.0663605 0.0557424 0.047333 0.0409349 0.0354166
 1.17799e-16 3.3179e-05 0.000322512 0.00214321 0.00974272 0.0303134 0.0645868 0.0942717 0.0942977 0.064714 0.0307416 0.0109839 0.00527523 0.00721442 0.0132834 0.0223315 0.0331637 0.0438096 0.052249 0.0575324 0.0601944 0.0615246 0.0623415 0.0623502 0.0605289 0.0560505
 1.07744e-16 6.33948e-05 0.00061622 0.004095 0.0186153 0.0579191 0.123403 0.180113 0.180126 0.123466 0.0581305 0.0192266 0.00563238 0.00398183 0.0064839 0.0106962 0.0155901 0.0200175 0.0228696 0.023683 0.0229171 0.0216019 0.0206338 0.0202744 0.0201599 0.0196836
pSPR Fmed_Fpbrs
0.711934   0.285572 0.285572
Fs Fmed_Fpbrs
0.216502   1.005 1.005
SSBpbr Bo_Bmed_Bpbrs
2.06103e+06  1.36426e+06  485521 485521
Ro
224655
SPR SPRFo_SPRFmed_SPRFpbrs
1.60582e+06 1.14323e+06 458577
Fref
1.005
Nvult_r0
 371350 35300.7 11528.5 10284.8 4032.64
CTP_r0
 25022.4 4456.97 1455.56 1298.53 509.15
YTP_r0
392043
Np
 323435 193215 16488.9 5384.95 6333.55
Nvult_p0
 251447 167197 14268.5 4659.81 5480.67
CTP_p0
 84094.6 83806.9 7152.05 2335.72 2747.17
YTP_p0
 2.31288e+06
CBA_c0
968294
log_Ro
12.1423
likeval ReclasPelacesDesembMPH_pf_preclas_ppelaces_ptallas_desvR_qrecl_qpela
 22.1924 19.3021 1.22014 0.00325305 253.127 139.203 104.582 0 21.6589 0 0 6.1698 0 0 0
q_reclas_q_pelaces
1 1
M
1
N
 476186 98945.1 36399.9 13390.8 7793.11
 75402 160522 30563.4 11243.7 6543.54
 106118 24717.4 46888.9 8927.67 5195.7
 268963 35206.1 7395.32 14028.9 4225.63
 222229 83862.1 9303.73 1954.32 4824.02
 294353 78078.3 28139.6 3121.83 2274.45
 129160 97857.1 23457 8453.95 1621.2
 69777.3 39036.6 24298.1 5824.42 2501.68
 46901.7 24892.6 13504.5 8405.81 2880.37
 76107.2 15180.6 7088.71 3845.7 3213.99
 144694 23567.5 3956.93 1847.72 1840.16
 156595 50787.7 7892.66 1325.16 1235.06
 136703 46721.4 12289.3 1909.82 619.506
 118542 41178.5 11523.8 3031.15 623.857
 155191 31955 8133.91 2276.27 721.967
 400481 47960.8 8296.06 2111.7 778.395
 256449 117214 11168 1931.8 672.98
 603834 84921.1 34938.5 3328.91 776.418
 489657 194297 23900.5 9833.21 1155.42
 402079 148344 48474.6 5962.87 2741.52
 545151 126044 39626.7 12948.9 2325.19
 631688 177662 36389.3 11440.3 4409.67
 198642 198059 47475.6 9724.1 4235.5
 454877 67232.8 61674.8 14783.7 4346.98
 363499 153939 20930.7 19200.4 5955.73
 211937 123894 48611.4 6609.58 7943.9
 398498 73507.7 40513.3 15895.9 4758.99
 421322 135391 23065 12712.1 6481.02
 152820 144133 43070.9 7337.48 6105.77
 151404 53177.4 47440.7 14176.5 4424.78
 564565 51789.6 16913.5 15088.9 5916.28
pred_Ctot
 25366.4 10172.7 3742.31 1376.72 801.219
 5240.77 21297.1 4054.98 1491.74 868.159
 6641.15 2966.72 5627.85 1071.55 623.615
 26270.8 6438.66 1352.49 2565.67 772.803
 6339.05 4694.36 520.796 109.397 270.035
 18069.6 9199.84 3315.64 367.84 267.994
 14804.4 20756.9 4975.58 1793.21 343.881
 1338.53 1478.72 920.421 220.631 94.7645
 3600.39 3629.57 1969.08 1225.65 419.985
 7721.13 2876.15 1343.04 728.614 608.928
 4212.66 1345.97 225.986 105.526 105.094
 19028.7 11366.3 1766.38 296.572 276.406
 15913.6 10052.6 2644.18 410.918 133.293
 20537.3 12670.3 3545.78 932.66 191.956
 15914 6114.91 1556.51 435.589 138.156
 52718.4 11546.1 1997.19 508.372 187.391
 16327.8 14302.3 1362.71 235.715 82.116
 48365.4 12890.5 5303.43 505.305 117.855
 55497.8 40789.2 5017.49 2064.31 242.559
 38076.5 26357.3 8612.85 1059.47 487.107
 39719 17489.9 5498.59 1796.79 322.642
 59757.5 31535.5 6459.21 2030.69 782.729
 10109.6 19485.5 4670.76 956.68 416.699
 23184.4 6623.96 6076.37 1456.54 428.276
 16996 13952.8 1897.13 1740.3 539.818
 7699.61 8786.76 3447.6 468.762 563.394
 19385.1 6922.91 3815.52 1497.07 448.199
 18776.1 11713.6 1995.51 1099.81 560.718
 5250.93 9680.77 2892.87 492.825 410.097
 6756.51 4606.85 4109.87 1228.14 383.326
 25022.4 4456.97 1455.56 1298.53 509.15
F
 0.0873805 0.174761 0.174761 0.174761 0.174761
 0.115324 0.230648 0.230648 0.230648 0.230648
 0.103331 0.206662 0.206662 0.206662 0.206662
 0.165402 0.330803 0.330803 0.330803 0.330803
 0.0459978 0.0919955 0.0919955 0.0919955 0.0919955
 0.101272 0.202544 0.202544 0.202544 0.202544
 0.196554 0.393109 0.393109 0.393109 0.393109
 0.0307383 0.0614766 0.0614766 0.0614766 0.0614766
 0.128034 0.256067 0.256067 0.256067 0.256067
 0.172275 0.34455 0.34455 0.34455 0.34455
 0.0469672 0.0939345 0.0939345 0.0939345 0.0939345
 0.209463 0.418925 0.418925 0.418925 0.418925
 0.199893 0.399786 0.399786 0.399786 0.399786
 0.310938 0.621875 0.621875 0.621875 0.621875
 0.174274 0.348547 0.348547 0.348547 0.348547
 0.228665 0.457331 0.457331 0.457331 0.457331
 0.105205 0.210411 0.210411 0.210411 0.210411
 0.133912 0.267825 0.267825 0.267825 0.267825
 0.194174 0.388347 0.388347 0.388347 0.388347
 0.160014 0.320027 0.320027 0.320027 0.320027
 0.121179 0.242359 0.242359 0.242359 0.242359
 0.159834 0.319668 0.319668 0.319668 0.319668
 0.0833437 0.166687 0.166687 0.166687 0.166687
 0.0834712 0.166942 0.166942 0.166942 0.166942
 0.0763493 0.152699 0.152699 0.152699 0.152699
 0.0588973 0.117795 0.117795 0.117795 0.117795
 0.0795375 0.159075 0.159075 0.159075 0.159075
 0.0726593 0.145319 0.145319 0.145319 0.145319
 0.0556291 0.111258 0.111258 0.111258 0.111258
 0.0727618 0.145524 0.145524 0.145524 0.145524
 0.0722508 0.144502 0.144502 0.144502 0.144502
nmprior
 8.19 8.8 8.5 0
nm_flota  nm_reclas  nm_pelaces    nm_pelaL
inf 6.27083 9.48502 18.6273
cv_recla  cv_pelaces  cv_mph
0.426115 0.498166 1.76015
 ------------------------------------------------
Talla a la edad & desviaci?n 
 8 13.2811 15.8009 17.003 17.5766
 0.8 1.32811 1.58009 1.7003 1.75766
