years
 1991 1992 1993 1994 1995 1996 1997 1998 1999 2000 2001 2002 2003 2004 2005 2006 2007 2008 2009 2010 2011 2012 2013 2014 2015 2016 2017 2018 2019 2020 2021
reclasobs
 0 0 0 0 0 0 0 0 0 252601 567819 844713 477998 351125 339783 2.1784e+06 2.13404e+06 4.81314e+06 1.55562e+06 2.62356e+06 3.21686e+06 3.843e+06 1.13348e+06 3.07943e+06 1.97215e+06 2.03268e+06 2.025e+06 2.42433e+06 2.27542e+06 1.05018e+06 2.36338e+06
reclaspred
 4.09581e+06 1.47157e+06 856575 469535 91982 1.72723e+06 587611 173789 546881 189868 315789 636731 566656 410816 312206 1.83441e+06 1.20927e+06 4.53408e+06 3.61845e+06 1.88505e+06 3.77186e+06 3.40737e+06 2.00585e+06 3.68898e+06 2.44691e+06 1.64424e+06 2.56896e+06 3.60473e+06 2.61937e+06 1.06578e+06 1.60713e+06
pelacesobs
 0 0 0 0 0 0 0 0 0 0 0 0 0 0 0 552880 188675 0 991730 2.46772e+06 1.41603e+06 1.21717e+06 2.29649e+06 1.80582e+06 0 1.4828e+06 1.56532e+06 1.57751e+06 1.42118e+06 867257 1.10002e+06
pelacespred
 1.06112e+06 389431 190119 69094.6 13202.3 407195 97363.2 39240.1 117600 30967.5 72127.2 119361 115753 81718.2 61336 366644 239834 1.12542e+06 879635 426022 862120 775412 461224 983785 612528 407034 744595 1.01966e+06 616826 289715 405830
mphobs
 0 0 0 0 0 0 0 0 0 0 0 498337 0 5186 125008 0 168611 109162 213762 579715 649985 157893 87575 83554 0 0 0 0 0 0 0
mphpred
 818060 383297 99578 86290 25737.9 4612.77 160632 35050.2 12591.1 42140.2 9187.85 34831.4 53576.3 35957.6 18834.8 19773.6 207965 121339 477967 320322 223509 348542 363055 214677 372516 259640 157797 240286 458641 248612 89391.5
desembarqueobs
 494567 514787 250237 358949 120608 361735 552515 73892 212993 205616 52469 317467 293654 387597 252695 516296 358380 742168 942051 627588 828172 859565 418607 520667 417249 300574 415391 372974 316634 284311 391294
desembarquepred
 494524 514659 249683 358706 120520 361543 551778 73863.2 212832 205397 52457.3 317195 293356 386955 252399 515912 358235 741710 940788 626605 827692 858805 418364 520464 416992 300358 415163 372797 316467 284082 391085
Reclutas
 16453.5 10512.4 188026 20577.6 7189.88 282576 11565.1 2931.84 57540.2 15349.6 50814 128375 81307.8 68157 46243.4 392879 17489.8 690804 315217 139566 383033 513008 24221.5 278050 170655 47840.6 230502 303324 27176.3 13284 159691
log_desv_Rt
 -1.41778 -1.86576 1.01827 -1.19411 -2.24564 1.42563 -1.77032 -3.14269 -0.165831 -1.48722 -0.290142 0.636642 0.179928 0.00349945 -0.384397 1.75519 -1.3567 2.31954 1.53495 0.720225 1.72981 2.02198 -1.03107 1.40949 0.92133 -0.35044 1.22194 1.49649 -0.915969 -1.63176 0.854925
SSB
 2.3577e+06 1.10468e+06 286990 248693 74178.1 13294.3 462951 101017 36288.2 121451 26479.9 100386 154410 103632 54283.2 56988.7 599368 349706 1.37753e+06 923187 644167 1.00452e+06 1.04635e+06 618713 1.07361e+06 748299 454779 692518 1.32183e+06 716513 257632
BT
 2.90221e+06 1.45572e+06 671460 419013 135805 1.26022e+06 711337 160611 463241 255606 210880 536628 529765 590123 391898 1.25277e+06 835657 3.2681e+06 2.91743e+06 1.57241e+06 2.6907e+06 2.56173e+06 1.42611e+06 2.76467e+06 1.80523e+06 1.21419e+06 2.1552e+06 2.7232e+06 1.68702e+06 971080 1.31939e+06
Ftot
 0.21368 0.592855 0.598942 1.24808 1.90225 0.499955 1.44343 0.737564 0.874004 1.71454 0.385004 1.03808 1.01769 1.76736 1.60922 0.654932 0.52671 0.376927 0.509135 0.622223 0.464966 0.51874 0.374194 0.308546 0.331247 0.34275 0.355572 0.229555 0.218496 0.467612 0.535455
BD_Bspro_t
 0.966486 0.73648 0.414052 0.40156 0.141003 0.0404134 0.468185 0.145037 0.0840164 0.248783 0.0946403 0.373114 0.320619 0.207219 0.115932 0.126087 0.468774 0.336998 0.595191 0.46206 0.341799 0.443851 0.477861 0.390684 0.555775 0.528051 0.472739 0.599993 0.715665 0.582235 0.389584
BD_Bspro
 4.85643 2.27545 0.591147 0.512263 0.152793 0.0273838 0.953595 0.208076 0.0747471 0.250166 0.0545439 0.206777 0.318057 0.213463 0.111813 0.117386 1.23459 0.720332 2.83746 1.9016 1.32687 2.06913 2.15529 1.27444 2.21145 1.54136 0.936763 1.42646 2.72273 1.47589 0.530675
BD_Bo
 1.44013 0.674762 0.175299 0.151906 0.0453094 0.0081204 0.282779 0.061703 0.0221655 0.0741843 0.0161744 0.0613178 0.0943166 0.0633003 0.0331572 0.0348098 0.366105 0.213607 0.841421 0.5639 0.393469 0.613578 0.639128 0.377921 0.655784 0.457075 0.277788 0.423003 0.807398 0.43766 0.157366
BD_Brms
 7.96034 3.72977 0.968969 0.839667 0.250449 0.0448858 1.56307 0.341065 0.122521 0.410056 0.0894047 0.338936 0.521338 0.349895 0.183277 0.192412 2.02366 1.18072 4.65098 3.11698 2.17491 3.39157 3.5328 2.08897 3.62486 2.5265 1.53548 2.33816 4.46292 2.41918 0.869847
Sel_flota
 0.718883 0.979834 0.998918 0.999943 0.999997
 0.718883 0.979834 0.998918 0.999943 0.999997
 0.718883 0.979834 0.998918 0.999943 0.999997
 0.718883 0.979834 0.998918 0.999943 0.999997
 0.718883 0.979834 0.998918 0.999943 0.999997
 0.718883 0.979834 0.998918 0.999943 0.999997
 0.718883 0.979834 0.998918 0.999943 0.999997
 0.718883 0.979834 0.998918 0.999943 0.999997
 0.718883 0.979834 0.998918 0.999943 0.999997
 0.718883 0.979834 0.998918 0.999943 0.999997
 0.718883 0.979834 0.998918 0.999943 0.999997
 0.718883 0.979834 0.998918 0.999943 0.999997
 0.718883 0.979834 0.998918 0.999943 0.999997
 0.718883 0.979834 0.998918 0.999943 0.999997
 0.718883 0.979834 0.998918 0.999943 0.999997
 0.718883 0.979834 0.998918 0.999943 0.999997
 0.718883 0.979834 0.998918 0.999943 0.999997
 0.718883 0.979834 0.998918 0.999943 0.999997
 0.718883 0.979834 0.998918 0.999943 0.999997
 0.718883 0.979834 0.998918 0.999943 0.999997
 0.718883 0.979834 0.998918 0.999943 0.999997
 0.718883 0.979834 0.998918 0.999943 0.999997
 0.718883 0.979834 0.998918 0.999943 0.999997
 0.718883 0.979834 0.998918 0.999943 0.999997
 0.718883 0.979834 0.998918 0.999943 0.999997
 0.718883 0.979834 0.998918 0.999943 0.999997
 0.718883 0.979834 0.998918 0.999943 0.999997
 0.718883 0.979834 0.998918 0.999943 0.999997
 0.718883 0.979834 0.998918 0.999943 0.999997
 0.718883 0.979834 0.998918 0.999943 0.999997
 0.718883 0.979834 0.998918 0.999943 0.999997
Sel_reclas
 1 1 1 1 1
 1 1 1 1 1
 1 1 1 1 1
 1 1 1 1 1
 1 1 1 1 1
 1 1 1 1 1
 1 1 1 1 1
 1 1 1 1 1
 1 1 1 1 1
 1 1 1 1 1
 1 1 1 1 1
 1 1 1 1 1
 1 1 1 1 1
 1 1 1 1 1
 1 1 1 1 1
 1 1 1 1 1
 1 1 1 1 1
 1 1 1 1 1
 1 1 1 1 1
 1 1 1 1 1
 1 1 1 1 1
 1 1 1 1 1
 1 1 1 1 1
 1 1 1 1 1
 1 1 1 1 1
 1 1 1 1 1
 1 1 1 1 1
 1 1 1 1 1
 1 1 1 1 1
 1 1 1 1 1
 1 1 1 1 1
Sel_pelaces
 1 1 1 1 1
 1 1 1 1 1
 1 1 1 1 1
 1 1 1 1 1
 1 1 1 1 1
 1 1 1 1 1
 1 1 1 1 1
 1 1 1 1 1
 1 1 1 1 1
 1 1 1 1 1
 1 1 1 1 1
 1 1 1 1 1
 1 1 1 1 1
 1 1 1 1 1
 1 1 1 1 1
 1 1 1 1 1
 1 1 1 1 1
 1 1 1 1 1
 1 1 1 1 1
 1 1 1 1 1
 1 1 1 1 1
 1 1 1 1 1
 1 1 1 1 1
 1 1 1 1 1
 1 1 1 1 1
 1 1 1 1 1
 1 1 1 1 1
 1 1 1 1 1
 1 1 1 1 1
 1 1 1 1 1
 1 1 1 1 1
pf_obs 
 0.8446 0.082 0.0669 0.0065 0
 0.8095 0.147 0.0364 0.0071 0
 0.9664 0.0169 0.016 0.0007 0
 0.9276 0.0648 0.0075 0.0001 0
 0.7033 0.2144 0.0806 0.0017 0
 0.9318 0.0425 0.0243 0.0014 0
 0.5671 0.3108 0.0964 0.0239 0.0018
 0.0768 0.2599 0.5324 0.112 0.0189
 0.490249 0.384438 0.106611 0.0170017 0.00170017
 0.7925 0.1577 0.0466 0.003 0.0002
 0.840416 0.127587 0.0312969 0.00059994 9.999e-05
 0.8084 0.0986 0.0794 0.0134 0.0002
 0.7335 0.1905 0.0724 0.0035 0.0001
 0.4001 0.4547 0.1325 0.0127 0
 0.49795 0.308269 0.164784 0.0264974 0.00249975
 0.9179 0.0499 0.0305 0.0017 0
 0.2467 0.6533 0.0926 0.0074 0
 0.9418 0.0223 0.034 0.0019 0
 0.707729 0.231977 0.0356964 0.0245975 0
 0.517169 0.277429 0.184464 0.0207286 0.00020938
 0.811772 0.124168 0.05621 0.00726502 0.000585176
 0.764997 0.148141 0.077277 0.00933861 0.000247198
 0.163321 0.427699 0.378323 0.0303852 0.000271297
 0.753843 0.0900009 0.118128 0.0371064 0.000921714
 0.721811 0.176058 0.0630433 0.0369309 0.00215725
 0.143369 0.312575 0.442814 0.0836902 0.0175525
 0.692698 0.0596174 0.167031 0.0765114 0.00414204
 0.394062 0.376323 0.152708 0.0712218 0.00568511
 0.125707 0.32114 0.495352 0.0537591 0.00404204
 0.23352 0.215282 0.420074 0.123614 0.00750983
 0.774587 0.0839891 0.0768558 0.0609784 0.00358967
pf_pred 
 0.0771867 0.200089 0.646482 0.076241 7.55869e-07
 0.142602 0.0905091 0.169039 0.534844 0.0630056
 0.920989 0.0158903 0.00682372 0.0124223 0.0438746
 0.261932 0.698569 0.0081174 0.00339686 0.0279845
 0.425884 0.214321 0.341192 0.00382892 0.0147735
 0.994799 0.00307472 0.00081611 0.0012429 6.75976e-05
 0.116489 0.880393 0.00186218 0.000482238 0.000773349
 0.221631 0.144629 0.631588 0.00128687 0.000865887
 0.95679 0.0132461 0.00569361 0.024188 8.23207e-05
 0.52736 0.459628 0.00407467 0.00170038 0.00723684
 0.940469 0.0399244 0.0190887 0.000162366 0.000355306
 0.875031 0.119713 0.00355201 0.00165948 4.49464e-05
 0.728778 0.249078 0.0212413 0.000610609 0.000292503
 0.765039 0.190792 0.0406661 0.00336027 0.000142623
 0.825611 0.149781 0.0201405 0.00411409 0.000353571
 0.980919 0.0170749 0.0017328 0.0002239 4.95601e-05
 0.128873 0.859955 0.0100246 0.000990852 0.000156148
 0.955025 0.00798751 0.0365247 0.000415398 4.74663e-05
 0.548806 0.437015 0.00256596 0.0114683 0.000145155
 0.464014 0.342765 0.187298 0.00107308 0.00485035
 0.835156 0.0930759 0.0463238 0.0246652 0.00077893
 0.775908 0.197418 0.0152205 0.00739601 0.00405719
 0.10605 0.746451 0.130327 0.00980414 0.00736761
 0.81749 0.0264261 0.130819 0.0223267 0.00293808
 0.577735 0.365371 0.00839507 0.0406558 0.00784251
 0.32651 0.44427 0.198953 0.00447075 0.0257966
 0.839022 0.0657948 0.063268 0.0277055 0.00420967
 0.753837 0.217148 0.0120197 0.011301 0.00569386
 0.148689 0.689503 0.143098 0.00775637 0.0109544
 0.189676 0.158613 0.529941 0.107703 0.0140665
 0.900828 0.0254486 0.0147139 0.0479952 0.0110141
pobs_RECLAS
 0 0 0 0 0
 0 0 0 0 0
 0 0 0 0 0
 0 0 0 0 0
 0 0 0 0 0
 0 0 0 0 0
 0 0 0 0 0
 0 0 0 0 0
 0 0 0 0 0
 0 0 0 0 0
 0.991045 0.00858322 0.000360255 1.14367e-05 0
 0.934742 0.0480273 0.0164251 0.00080598 0
 0.827803 0.169806 0.00239088 0 0
 0.941827 0.0461693 0.0120037 0 0
 0.791401 0.0380133 0.147996 0.0225897 0
 0.846168 0.0940531 0.0597789 0 0
 0.134021 0.677848 0.182769 0.00536245 0
 0.80878 0.0450904 0.141981 0.00414843 0
 0.846168 0.0940531 0.0597789 0 0
 0.905697 0.0802665 0.012482 0.00150086 5.37128e-05
 0.989698 0.0102097 9.19794e-05 0 0
 0.975433 0.0193895 0.00387452 0.00125025 5.28907e-05
 0.303575 0.632131 0.0575291 0.00676475 0
 0.966965 0.00978017 0.0227588 0.000495775 0
 0.843318 0.132988 0.00938335 0.0141283 0.000182051
 0.564624 0.303363 0.111486 0.0197234 0.00080311
 0.826376 0.0876187 0.0782897 0.00655872 0.00115652
 0.89761 0.0855135 0.0140674 0.00269457 0.000114338
 0.34875 0.467042 0.161289 0.0227151 0.000203297
 0.318654 0.224769 0.449479 0.00709798 0
 0.937255 0.0296025 0.0250945 0.00804832 0
ppred_RECLAS
 0.104268 0.197246 0.62487 0.073615 7.29794e-07
 0.19059 0.0871075 0.159348 0.503629 0.0593249
 0.942775 0.0117103 0.00492544 0.00895668 0.0316324
 0.337898 0.627479 0.00712273 0.00297691 0.0245231
 0.531313 0.177943 0.275733 0.00308987 0.0119211
 0.996267 0.00222558 0.000578776 0.000880491 4.78847e-05
 0.160885 0.836227 0.00172615 0.000446431 0.000715878
 0.288177 0.134565 0.575299 0.00117086 0.00078778
 0.969363 0.00954031 0.00401255 0.0170267 5.79445e-05
 0.623266 0.36663 0.00316719 0.00131986 0.00561692
 0.956351 0.0294665 0.0138081 0.000117324 0.000256726
 0.908626 0.0876133 0.00254193 0.00118615 3.21246e-05
 0.79232 0.191069 0.0159344 0.000457509 0.000219149
 0.829548 0.139089 0.0288796 0.002383 0.000101136
 0.874795 0.107921 0.0141495 0.0028864 0.000248044
 0.986252 0.01233 0.00122535 0.000158154 3.50054e-05
 0.17009 0.819481 0.00935878 0.000924032 0.000145609
 0.967464 0.00587448 0.0263282 0.000299112 3.41767e-05
 0.627507 0.361027 0.00207685 0.00927217 0.000117352
 0.54807 0.291177 0.15583 0.000891801 0.00403074
 0.875984 0.070654 0.0344567 0.0183267 0.000578726
 0.827762 0.152112 0.0114896 0.005577 0.00305917
 0.14084 0.719777 0.123172 0.00925595 0.00695527
 0.8623 0.020283 0.0984285 0.0167808 0.00220816
 0.653609 0.300557 0.00676931 0.0327477 0.00631669
 0.401757 0.39733 0.174409 0.00391506 0.022589
 0.878943 0.0500762 0.0471981 0.0206463 0.0031369
 0.808001 0.169772 0.00921374 0.00865375 0.00435982
 0.193724 0.655474 0.133381 0.00722214 0.0101993
 0.247465 0.149751 0.490256 0.0995299 0.0129983
 0.927466 0.0189111 0.0107117 0.0349023 0.00800905
pobs_PELACES
 0 0 0 0 0
 0 0 0 0 0
 0 0 0 0 0
 0 0 0 0 0
 0 0 0 0 0
 0 0 0 0 0
 0 0 0 0 0
 0 0 0 0 0
 0 0 0 0 0
 0 0 0 0 0
 0 0 0 0 0
 0 0 0 0 0
 0 0 0 0 0
 0 0 0 0 0
 0 0 0 0 0
 0 0 0 0 0
 0.505614 0.472636 0.0217494 0 0
 0 0 0 0 0
 0.443492 0.261883 0.143347 0.151278 0
 0.227955 0.32914 0.350689 0.0885471 0.00366901
 0.970185 0.0296113 0.000203453 0 0
 0.997202 0.00247181 0.000326279 0 0
 0.445219 0.490057 0.0546422 0.010081 0
 0.90214 0.0892962 0.00764917 0.000914606 0
 0 0 0 0 0
 0.581667 0.319106 0.0959925 0.00289975 0.000334073
 0.762889 0.0836404 0.116647 0.0363945 0.000428098
 0.88444 0.0763242 0.0277011 0.0115352 0
 0.521256 0.241999 0.230069 0.00667565 0
 0.616807 0.101726 0.260614 0.0208532 0
 0.833518 0.0704572 0.0857862 0.0102388 0
ppred_PELACES
 0.106099 0.197051 0.623411 0.0734379 7.28035e-07
 0.199144 0.0864867 0.157623 0.498076 0.0586703
 0.945657 0.0111556 0.00467447 0.00849859 0.0300142
 0.362444 0.604475 0.00680788 0.00284412 0.0234287
 0.573626 0.163086 0.249703 0.00279637 0.0107883
 0.996429 0.00213214 0.000552734 0.000840731 4.57219e-05
 0.178385 0.818813 0.00167491 0.000432967 0.00069427
 0.302173 0.132417 0.563492 0.00114654 0.00077141
 0.97163 0.00886932 0.00370986 0.0157376 5.35568e-05
 0.657321 0.333588 0.0028508 0.00118732 0.00505273
 0.957747 0.0285472 0.0133449 0.000113374 0.00024808
 0.915803 0.080754 0.00232765 0.00108578 2.94057e-05
 0.806451 0.178159 0.0147628 0.000423725 0.000202963
 0.850263 0.122435 0.0251404 0.00207322 8.79864e-05
 0.88934 0.0955179 0.012397 0.00252754 0.000217199
 0.987001 0.0116627 0.00115427 0.000148947 3.29669e-05
 0.176595 0.813092 0.00925506 0.000913629 0.000143969
 0.96853 0.00569313 0.0254549 0.000289154 3.30387e-05
 0.63772 0.351164 0.00201365 0.00898844 0.00011376
 0.561648 0.282823 0.150767 0.000862645 0.00389892
 0.880404 0.0682234 0.033174 0.0176417 0.000557091
 0.834092 0.146579 0.0110356 0.00535567 0.00293774
 0.144832 0.716708 0.122358 0.00919363 0.00690839
 0.865619 0.0198272 0.0960298 0.0163702 0.00215411
 0.660103 0.295007 0.00663046 0.0320724 0.0061864
 0.409047 0.392774 0.172038 0.00386138 0.0222791
 0.882302 0.0487517 0.0458469 0.0200529 0.00304672
 0.811076 0.167082 0.00905467 0.00850369 0.0042842
 0.19672 0.653206 0.132737 0.00718674 0.0101493
 0.255493 0.148507 0.484753 0.0983971 0.0128503
 0.930675 0.0181214 0.0102298 0.0333262 0.00764731
pobs_pel_tallas
 0 0 0 0 0 0 0 0 0 0 0 0 0 0 0 0 0 0 0 0 0 0 0 0 0 0
 0 0 0 0 0 0 0 0 0 0 0 0 0 0 0 0 0 0 0 0 0 0 0 0 0 0
 0 0 0 0 0 0 0 0 0 0 0 0 0 0 0 0 0 0 0 0 0 0 0 0 0 0
 0 0 0 0 0 0 0 0 0 0 0 0 0 0 0 0 0 0 0 0 0 0 0 0 0 0
 0 0 0 0 0 0 0 0 0 0 0 0 0 0 0 0 0 0 0 0 0 0 0 0 0 0
 0 0 0 0 0 0 0 0 0 0 0 0 0 0 0 0 0 0 0 0 0 0 0 0 0 0
 0 0 0 0 0 0 0 0 0 0 0 0 0 0 0 0 0 0 0 0 0 0 0 0 0 0
 0 0 0 0 0 0 0 0 0 0 0 0 0 0 0 0 0 0 0 0 0 0 0 0 0 0
 0 0 0 0 0 0 0 0 0 0 0 0 0 0 0 0 0 0 0 0 0 0 0 0 0 0
 0 0 0 0 0 0 0 0 0 0 0 0 0 0 0 0 0 0 0 0 0 0 0 0 0 0
 0 0 0 0 0 0 0 0 0 0 0 0 0 0 0 0 0 0 0 0 0 0 0 0 0 0
 0 0 0 0 0 0 0 0 0 0 0 0 0 0 0 0 0 0 0 0 0 0 0 0 0 0
 0.00862536 0 0 0.000197151 0.00414017 0.0128641 0.00837892 0.0270097 0.101434 0.158115 0.152841 0.127902 0.109271 0.109419 0.0830992 0.0579132 0.0238553 0.00714673 0.00463305 0.00128148 0.00103504 0.000492878 0.000147863 0.000147863 4.92878e-05 0
 0 0 0 0 0 0 0 0 0 0 0 0 0 0 0 0 0 0 0 0 0 0 0 0 0 0
 0 0 0 0 0 0 0 0.0054083 0.00873648 0.0413646 0.0450493 0.0745869 0.0622846 0.0627006 0.0613931 0.0827291 0.12552 0.122667 0.0946155 0.0697135 0.0546179 0.0294188 0.0215738 0.0213955 0.0102223 0.00600262
 0 0 0 0 0.00359764 0.0251062 0.0480494 0.140153 0.205849 0.193036 0.1447 0.116669 0.0760912 0.0342217 0.00950174 0.001854 0.000860785 0 0 0 0.000165536 0 0.000143464 0 0 0
 0 0 0 0 0 0 0 0.000145254 0.000435761 0.0275982 0.070085 0.0708112 0.156366 0.174668 0.174014 0.160142 0.0824315 0.0480064 0.0283245 0.00493863 0.00203355 0 0 0 0 0
 0 0 0 0 0 0 0 0 0 0 0 0 0 0 0 0 0 0 0 0 0 0 0 0 0 0
 0 0 1.00437e-05 0.000401748 0.00122533 0.00171747 0.00176769 0.0269171 0.070346 0.194647 0.189555 0.159765 0.064822 0.0314167 0.0384472 0.0292271 0.0345202 0.0313363 0.0194345 0.0106764 0.0143323 0.0359363 0.0279516 0.0138201 0.00172751 0
 0 0.0021121 0.0136068 0.0755702 0.200478 0.177729 0.0527432 0.0373336 0.0318909 0.0142505 0.0149659 0.0166563 0.0217959 0.0798694 0.0677717 0.0528807 0.04013 0.0224614 0.0357745 0.0225083 0.00881397 0.00855152 0.00135912 0.000746735 0 0
 0 0 0 0 5.4009e-05 0.00500934 0.000945158 0.0243581 0.138947 0.33067 0.221406 0.137944 0.0707744 0.0437923 0.0131692 0.00525238 0.0047753 0.00276346 9.45158e-05 9.00151e-06 2.25038e-05 9.00151e-06 4.50075e-06 0 0 0
 0.000866109 0.00284123 0.00948549 0.0512746 0.133035 0.25785 0.225252 0.132002 0.0553304 0.0519788 0.0540692 0.017754 0.00435017 0.00159236 0.00146478 0.000404838 0.000125132 0.000115318 0.000107957 0.000100596 0 0 0 0 0 0
 0 0 0 0 0.00144013 0.00171154 0.00461396 0.0210425 0.0478622 0.0707936 0.0888783 0.103762 0.0637923 0.0337046 0.0602308 0.124433 0.169614 0.0934646 0.0462172 0.0250306 0.0313229 0.00938855 0.002487 0.000210481 0 0
 0 0.00764035 0.051015 0.0998891 0.058973 0.0496711 0.0374665 0.0718981 0.12319 0.153886 0.159021 0.0857701 0.0377988 0.023471 0.0147837 0.00900784 0.00315554 0.000888139 0.00291439 0.00214683 0.00393193 0.00274676 0.000635225 9.99891e-05 0 0
 0 0 0 0 0 0 0 0 0 0 0 0 0 0 0 0 0 0 0 0 0 0 0 0 0 0
 0 0 0 0 0 0 0 0 0 0 0 0 0 0 0 0 0 0 0 0 0 0 0 0 0 0
 0 0 0 0 0 0 0 0 0 0 0 0 0 0 0 0 0 0 0 0 0 0 0 0 0 0
 0 0 0 0 0 0 0 0 0 0 0 0 0 0 0 0 0 0 0 0 0 0 0 0 0 0
 0 0 0 0 0 0 0 0 0 0 0 0 0 0 0 0 0 0 0 0 0 0 0 0 0 0
 0 0 0 0 0 0 0 0 0 0 0 0 0 0 0 0 0 0 0 0 0 0 0 0 0 0
 0 0 0 0 0 0 0 0 0 0 0 0 0 0 0 0 0 0 0 0 0 0 0 0 0 0
ppred_pel_tallas
 1.25406e-16 8.73931e-06 8.49492e-05 0.000564519 0.00256623 0.0079846 0.0170128 0.0248348 0.0248547 0.0171106 0.00831588 0.00353511 0.00304195 0.00564338 0.0110051 0.0193264 0.0305092 0.0439273 0.0587556 0.0743316 0.089992 0.10441 0.115185 0.119416 0.115119 0.102464
 1.6445e-16 1.64032e-05 0.000159445 0.00105957 0.00481666 0.0149865 0.0319305 0.0466054 0.0466141 0.0319735 0.015132 0.00524281 0.00215213 0.00262298 0.00493519 0.00879214 0.0142953 0.0216272 0.0312204 0.0438943 0.0605406 0.0812999 0.104691 0.127371 0.144882 0.153139
 1.0607e-16 7.78925e-05 0.000757143 0.00503148 0.0228724 0.0711645 0.151624 0.221299 0.2213 0.151629 0.0711824 0.0229244 0.00516287 0.00104689 0.000637436 0.000956833 0.00143851 0.00196733 0.00250536 0.00309008 0.00383772 0.00488273 0.00627883 0.00792458 0.00956142 0.0108474
 1.04602e-16 2.98542e-05 0.000290193 0.00192844 0.00876644 0.027276 0.0581165 0.0848349 0.084893 0.0584005 0.0282292 0.0115183 0.00882998 0.0153367 0.0285484 0.0469996 0.0673549 0.083981 0.0911741 0.086345 0.071632 0.0525799 0.034966 0.0221891 0.014699 0.0110811
 1.09354e-16 4.72489e-05 0.000459276 0.00305205 0.0138742 0.0431678 0.0919742 0.134242 0.134259 0.0920529 0.043433 0.0146447 0.0050028 0.00477317 0.00840193 0.0142359 0.0214786 0.0290339 0.0357357 0.0409178 0.0445891 0.0470069 0.0480886 0.0472775 0.0439981 0.0382536
 1.00109e-16 8.20745e-05 0.000797793 0.00530162 0.0241004 0.0749852 0.159764 0.23318 0.23318 0.159765 0.0749886 0.0241102 0.00532623 0.000851636 0.000184711 0.000176486 0.000248758 0.000318162 0.000361881 0.000372246 0.000356818 0.000332482 0.000314007 0.000305823 0.000302103 0.000292991
 1.00419e-16 1.46935e-05 0.000142826 0.000949133 0.00431467 0.013425 0.0286062 0.0417681 0.0418468 0.0289908 0.0147159 0.00804082 0.0102932 0.0205106 0.0386076 0.0635688 0.0910226 0.113308 0.12263 0.115403 0.0944599 0.0672907 0.0417817 0.0226952 0.0108869 0.00472687
 1.16541e-16 2.48896e-05 0.000241936 0.00160775 0.0073086 0.0227398 0.0484501 0.0707172 0.0707308 0.048517 0.0229667 0.00797462 0.00331962 0.00411119 0.0077593 0.0137906 0.0221856 0.0327066 0.0449218 0.0582962 0.0719673 0.0843144 0.0928928 0.0951726 0.0897967 0.0774859
 1.01697e-16 8.00318e-05 0.000777938 0.00516967 0.0235006 0.073119 0.155788 0.227377 0.227378 0.155792 0.0731332 0.0235418 0.00527367 0.00100681 0.000520402 0.000749466 0.00111138 0.00148679 0.00182125 0.00210932 0.0023989 0.00275371 0.00319462 0.00366474 0.00404472 0.00420698
 1.01142e-16 5.41428e-05 0.000526287 0.00349736 0.0158985 0.0494664 0.105395 0.153833 0.153865 0.105551 0.0499924 0.0174169 0.00730528 0.00882751 0.0157859 0.0259234 0.0371319 0.0462622 0.0501491 0.0473446 0.0390108 0.0281977 0.0181008 0.0106275 0.00608213 0.00375495
 1.00446e-16 7.88883e-05 0.000766823 0.00509581 0.0231648 0.0720743 0.153562 0.224129 0.224132 0.153576 0.0721197 0.0232962 0.00542633 0.00149056 0.00145978 0.00230497 0.00335081 0.00429193 0.00487191 0.00496719 0.00464597 0.004103 0.00352528 0.00299994 0.00251963 0.00204838
 1.00202e-16 7.54335e-05 0.000733241 0.00487264 0.0221503 0.0689179 0.146837 0.214315 0.214323 0.146875 0.0690453 0.0225181 0.00579504 0.00274447 0.00388813 0.00629011 0.00901075 0.0112406 0.0122115 0.011572 0.00959767 0.0070166 0.00458956 0.00276795 0.00162284 0.000989981
 1.00549e-16 6.64264e-05 0.000645688 0.00429082 0.0195055 0.0606889 0.129305 0.188728 0.188745 0.129388 0.0609702 0.0203178 0.00632908 0.00509215 0.00850198 0.0139263 0.0199975 0.0250248 0.0273303 0.0261354 0.0220231 0.016551 0.0113392 0.00733751 0.00469157 0.00306931
 1.0098e-16 7.00351e-05 0.000680766 0.00452393 0.0205651 0.0639858 0.136329 0.198979 0.19899 0.136387 0.0641797 0.0211252 0.00593017 0.00375229 0.00590827 0.0096691 0.0139499 0.0175985 0.0194856 0.0190808 0.0167523 0.0134952 0.0103192 0.00777984 0.00592457 0.00453909
 1.00673e-16 7.32538e-05 0.000712053 0.00473184 0.0215103 0.0669265 0.142594 0.208123 0.208132 0.142639 0.0670775 0.0219464 0.00582645 0.00310122 0.00460963 0.00750179 0.0107924 0.013556 0.0149018 0.0144178 0.0124099 0.00969113 0.00709453 0.00509023 0.00372637 0.00281496
 1.00057e-16 8.1298e-05 0.000790245 0.00525146 0.0238724 0.0742758 0.158252 0.230974 0.230975 0.158258 0.0742942 0.0239256 0.00538497 0.00108155 0.000634112 0.000918495 0.00131248 0.00164439 0.00180028 0.00172926 0.00146929 0.00112143 0.000790191 0.000535923 0.000366619 0.000259808
 1.00591e-16 1.45461e-05 0.000141393 0.000939612 0.00427139 0.0132903 0.0283192 0.0413492 0.0414274 0.0287012 0.0145724 0.00797236 0.0102211 0.0203747 0.038358 0.0631722 0.0904878 0.112711 0.122113 0.115133 0.0945655 0.0678096 0.042645 0.0237552 0.0119699 0.0056854
 1.00771e-16 7.97765e-05 0.000775456 0.00515318 0.0234256 0.0728857 0.155291 0.226652 0.226652 0.155294 0.0728955 0.0234544 0.00522724 0.000943132 0.000415753 0.000606579 0.000971533 0.00144004 0.001991 0.00260179 0.00323283 0.00380826 0.00421426 0.00433355 0.00410277 0.00355329
 1.01069e-16 5.25282e-05 0.000510593 0.00339307 0.0154244 0.0479913 0.102252 0.149247 0.14928 0.102417 0.0485451 0.0170229 0.00740171 0.0092495 0.0166142 0.0272919 0.0390962 0.0487182 0.0528306 0.0499136 0.0411926 0.029874 0.0193089 0.0114841 0.00669814 0.00419086
 1.0517e-16 4.62623e-05 0.000449686 0.00298832 0.0135845 0.0422665 0.0900544 0.131443 0.13147 0.0901884 0.0427173 0.0148885 0.00626958 0.007639 0.0137767 0.022901 0.0334438 0.043002 0.0491089 0.0505467 0.0479506 0.0431594 0.0379038 0.0329356 0.0281259 0.0231402
 1.02839e-16 7.25177e-05 0.000704898 0.0046843 0.0212941 0.066254 0.141161 0.20603 0.206037 0.141194 0.0663627 0.0216088 0.00547627 0.00244075 0.00338985 0.0055439 0.00810845 0.0104716 0.0120617 0.0126207 0.0123369 0.0116704 0.0110152 0.0104764 0.00990237 0.0090816
 1.01391e-16 6.87031e-05 0.000667819 0.00443789 0.020174 0.0627689 0.133736 0.195195 0.195209 0.133805 0.0630004 0.0208424 0.00611507 0.00432687 0.00701138 0.0114656 0.0164712 0.0206331 0.0225824 0.0216953 0.0184692 0.0141966 0.0102048 0.00724579 0.00538645 0.00429024
 1.05806e-16 1.19298e-05 0.000115962 0.000770611 0.00350313 0.0108999 0.0232259 0.0339134 0.0339825 0.0235636 0.0120338 0.00677859 0.00899368 0.0180709 0.0341227 0.0564205 0.0813358 0.1024 0.112995 0.110024 0.0957128 0.0760211 0.0570313 0.0421372 0.0316622 0.0242733
 1.04783e-16 7.12999e-05 0.00069306 0.00460563 0.0209365 0.0651413 0.13879 0.202569 0.202571 0.138801 0.0651758 0.021038 0.00486772 0.00128926 0.00127417 0.00217805 0.00356135 0.00537909 0.00761318 0.0102231 0.0130839 0.0158992 0.0181844 0.0193971 0.019168 0.0174883
 1.04531e-16 5.43719e-05 0.000528514 0.00351217 0.0159658 0.0496757 0.10584 0.154483 0.154512 0.105979 0.0501413 0.01731 0.00688413 0.00788298 0.0140032 0.0230171 0.0330475 0.0413543 0.0452045 0.0433877 0.0369769 0.0286538 0.0211382 0.0159164 0.0130017 0.0115297
 1.09223e-16 3.36927e-05 0.000327506 0.00217639 0.00989358 0.0307828 0.0655874 0.0957347 0.0957728 0.0657734 0.0314077 0.0117007 0.00672114 0.0102773 0.0190135 0.0315969 0.0460175 0.0589164 0.0668481 0.0681627 0.0638767 0.0567626 0.0494629 0.0431734 0.0376842 0.032296
 1.03863e-16 7.2674e-05 0.000706418 0.00469439 0.02134 0.0663968 0.141466 0.206474 0.206479 0.141489 0.0664753 0.0215676 0.00526905 0.00197201 0.00250909 0.00411959 0.00613193 0.0081448 0.00979928 0.0109342 0.011651 0.0121724 0.0126147 0.0128743 0.0127114 0.0119357
 1.01882e-16 6.68073e-05 0.00064939 0.00431543 0.0196173 0.0610368 0.130046 0.189809 0.189825 0.130125 0.0613006 0.0203789 0.00622622 0.0048175 0.00797364 0.0130528 0.018743 0.0234611 0.0256484 0.0246007 0.0208994 0.0160377 0.0115454 0.00828417 0.00631555 0.00522365
 1.06436e-16 1.62037e-05 0.000157506 0.00104669 0.00475812 0.0148046 0.0315451 0.0460543 0.0461173 0.0318531 0.0158388 0.00774579 0.00854883 0.0165436 0.0311618 0.0515566 0.0744168 0.0938835 0.103961 0.101833 0.0894867 0.0722542 0.0555416 0.0423126 0.0327904 0.0257722
 1.2607e-16 2.10446e-05 0.000204561 0.00135938 0.00617956 0.019227 0.0409657 0.0597938 0.0598089 0.0410397 0.0194775 0.00691285 0.00323651 0.0044233 0.00838847 0.014764 0.0234399 0.0340301 0.0460353 0.0590777 0.0727249 0.0859286 0.0966699 0.1024 0.101174 0.0927179
 1.04937e-16 7.66585e-05 0.000745148 0.00495177 0.02251 0.0700371 0.149221 0.217793 0.217795 0.14923 0.0700662 0.0225947 0.00516571 0.00121708 0.000988041 0.00155385 0.00233517 0.00317187 0.00397664 0.00475847 0.0056297 0.00672113 0.00805458 0.00946868 0.0106551 0.0112824
pSPR Fmed_Fpbrs
0.387569   0.230913 0.230913
Fs Fmed_Fpbrs
0.593905   1.005 1.005
SSBpbr Bo_Bmed_Bpbrs
1.63715e+06  552650  296180 296180
Ro
67918.9
SPR SPRFo_SPRFmed_SPRFpbrs
485480 188157 112103
Fref
1.005
Nvult_r0
 119714 2731.6 1559.56 5083.74 1166.6
CTP_r0
 33273.4 939.983 543.478 1772.77 406.823
YTP_r0
391085
Np
 136068 39977.2 760.135 428.362 1695.87
Nvult_p0
 111763 34483.7 657.664 370.676 1467.5
CTP_p0
 46877.9 17109.2 329.474 185.795 735.581
YTP_p0
 666516
CBA_c0
473715
log_Ro
10.9461
likeval ReclasPelacesDesembMPH_pf_preclas_ppelaces_ptallas_desvR_qrecl_qpela
 14.536 66.8241 0.127157 0.00100726 297.478 120.437 110.008 0 87.7671 1.92279e-05 0 0.0744422 0 0 0
q_reclas_q_pelaces
1.86147 1
M
1
N
 16453.5 32005.4 101599 11970.5 0.118673
 10512.4 5191 9549.93 30192.2 3556.55
 188026 2525.31 1068.26 1943.17 6862.83
 20577.6 44970.7 516.593 216.046 1779.8
 7189.88 3086.33 4870.05 54.6271 210.768
 282576 673.801 176.064 267.915 14.5705
 11565.1 72569 151.876 39.3083 63.0356
 2931.84 1507.32 6489.7 13.2129 8.89014
 57540.2 634.706 269.186 1142.76 3.8891
 15349.6 11292.9 99.1648 41.3612 176.029
 50814 1646.31 774.303 6.58039 14.3992
 128375 14173.9 415.32 193.906 5.25171
 81307.8 22391.8 1885.61 54.168 25.9475
 68157 14391.5 3039 250.991 10.6528
 46243.4 7037.76 936.997 191.299 16.4401
 392879 5349.88 535.005 69.0754 15.2892
 17489.8 90258.8 1035.98 102.315 16.123
 690804 4406.03 19818 225.195 25.7312
 315217 193812 1120.36 5003.18 63.3231
 139566 80419.3 43294.3 247.849 1120.24
 383033 32826.4 16080 8554.63 270.144
 513008 100873 7657.19 3717.74 2039.33
 24221.5 129980 22322.3 1677.77 1260.75
 278050 6808.95 33139.7 5650.8 743.584
 170655 81940.4 1851.35 8957.74 1727.87
 47840.6 49477.4 21789.4 489.204 2822.62
 230502 13756 13009.5 5691.91 864.809
 303324 65670.1 3571.82 3355.13 1690.35
 27176.3 94611.5 19292.5 1044.74 1475.43
 13284 8544.37 28097.8 5705.66 745.154
 159691 3491.73 1987.92 6479.11 1486.79
pred_Ctot
 1499.68 3887.58 12560.6 1481.3 0.0146859
 2386.81 1514.9 2829.29 8951.97 1054.56
 43056.4 742.876 319.011 580.746 2051.15
 8271.84 22060.9 256.349 107.273 883.752
 3763.77 1894.07 3015.3 33.8382 130.561
 55522.9 171.61 45.5497 69.3701 3.77284
 5121.84 38709.6 81.8773 21.2033 34.003
 795.956 519.415 2268.26 4.62161 3.10972
 17845.2 247.054 106.192 451.134 1.53537
 7565.38 6593.72 58.4543 24.3933 103.818
 7942.68 337.18 161.213 1.37126 3.00072
 45291.7 6196.36 183.853 85.8947 2.32643
 28272.1 9662.7 824.034 23.6879 11.3473
 34200.7 8529.24 1817.96 150.219 6.37587
 21933.6 3979.15 535.063 109.297 9.39314
 96870.7 1686.24 171.123 22.1112 4.89431
 3593.44 23978.6 279.521 27.6284 4.35395
 105957 886.191 4052.31 46.0872 5.26625
 62911.9 50096.8 294.147 1314.66 16.6398
 32989.1 24368.9 13315.9 76.2905 344.836
 70686.4 7877.81 3920.78 2087.63 65.9275
 104039 26471.1 2040.87 991.707 544.015
 3691.09 25980.5 4536.08 341.236 256.432
 35602 1150.87 5697.22 972.335 127.955
 23306 14739.2 338.659 1640.07 316.369
 6738.11 9168.28 4105.74 92.2617 532.359
 33556 2631.41 2530.35 1108.06 168.362
 29563.7 8516.02 471.384 443.199 223.299
 2529.3 11728.9 2434.19 131.941 186.342
 2463.59 2060.13 6883.08 1398.89 182.702
 33273.4 939.983 543.478 1772.77 406.823
F
 0.153611 0.209371 0.213449 0.213668 0.213679
 0.426194 0.580899 0.592214 0.592821 0.592853
 0.430569 0.586863 0.598294 0.598908 0.59894
 0.89722 1.22291 1.24672 1.248 1.24807
 1.36749 1.86389 1.90019 1.90214 1.90224
 0.359409 0.489872 0.499414 0.499926 0.499953
 1.03766 1.41432 1.44187 1.44335 1.44343
 0.530222 0.72269 0.736766 0.737522 0.737562
 0.628307 0.856379 0.873058 0.873954 0.874001
 1.23256 1.67997 1.71269 1.71445 1.71454
 0.276773 0.37724 0.384587 0.384982 0.385003
 0.74626 1.01715 1.03696 1.03802 1.03808
 0.731601 0.997168 1.01659 1.01763 1.01769
 1.27052 1.73172 1.76544 1.76726 1.76735
 1.15684 1.57677 1.60748 1.60913 1.60922
 0.47082 0.641724 0.654223 0.654895 0.65493
 0.378643 0.516088 0.52614 0.52668 0.526708
 0.270967 0.369326 0.376519 0.376906 0.376926
 0.366009 0.498868 0.508584 0.509106 0.509134
 0.447306 0.609675 0.62155 0.622187 0.622221
 0.334257 0.45559 0.464463 0.46494 0.464965
 0.372914 0.508279 0.518179 0.518711 0.518739
 0.269002 0.366648 0.373789 0.374172 0.374193
 0.221809 0.302324 0.308213 0.308529 0.308545
 0.238128 0.324567 0.330889 0.331228 0.331246
 0.246397 0.335838 0.342379 0.342731 0.342749
 0.255615 0.348401 0.355187 0.355552 0.355571
 0.165023 0.224925 0.229306 0.229541 0.229554
 0.157073 0.21409 0.21826 0.218484 0.218496
 0.336159 0.458182 0.467106 0.467586 0.467611
 0.38493 0.524657 0.534876 0.535425 0.535454
nmprior
 8.19 8.8 8.5 0
nm_flota  nm_reclas  nm_pelaces    nm_pelaL
inf 13.0777 6.36676 11.0942
cv_recla  cv_pelaces  cv_mph
0.344864 0.926912 0.979438
 ------------------------------------------------
Talla a la edad & desviaci?n 
 8 13.2811 15.8009 17.003 17.5766
 0.8 1.32811 1.58009 1.7003 1.75766
