years
 1991 1992 1993 1994 1995 1996 1997 1998 1999 2000 2001 2002 2003 2004 2005 2006 2007 2008 2009 2010 2011 2012 2013 2014 2015 2016 2017 2018 2019 2020 2021
reclasobs
 0 0 0 0 0 0 0 0 0 252601 567819 844713 477998 351125 339783 2.1784e+06 2.13404e+06 4.81314e+06 1.55562e+06 2.62356e+06 3.21686e+06 3.843e+06 1.13348e+06 3.07943e+06 1.97215e+06 2.03268e+06 2.025e+06 2.42433e+06 2.27542e+06 1.05018e+06 2.36338e+06
reclaspred
 1.96869e+06 1.06293e+06 496965 230620 64594 977116 403414 189650 95752.3 177753 329280 501964 478808 325952 278832 1.21605e+06 928526 3.02032e+06 2.35695e+06 1.37909e+06 2.61808e+06 2.26685e+06 1.48623e+06 2.58202e+06 1.79868e+06 1.33442e+06 1.85269e+06 2.37824e+06 1.80623e+06 849804 1.20619e+06
pelacesobs
 0 0 0 0 0 0 0 0 0 0 0 0 0 0 0 552880 188675 0 991730 2.46772e+06 1.41603e+06 1.21717e+06 2.29649e+06 1.80582e+06 0 1.4828e+06 1.56532e+06 1.57751e+06 1.42118e+06 867257 1.10002e+06
pelacespred
 905219 499316 219609 68998.2 18242.2 430526 133043 88050 28768.6 68051.9 146229 189748 200684 136464 118365 468786 359813 1.41706e+06 1.09833e+06 606470 1.13129e+06 1.00193e+06 662486 1.30345e+06 863850 637442 1.02058e+06 1.27548e+06 806279 443071 590255
mphobs
 0 0 0 0 0 0 0 0 0 0 0 498337 0 5186 125008 0 168611 109162 213762 579715 649985 157893 87575 83554 0 0 0 0 0 0 0
mphpred
 1.97058e+06 1.01775e+06 498320 229778 67856.5 22760.7 508937 160074 69887.5 24557 72220.2 219371 260967 197966 104902 118887 784566 545133 1.75741e+06 1.17895e+06 950445 1.34361e+06 1.35372e+06 898322 1.44876e+06 1.0799e+06 731621 957667 1.65066e+06 970564 422855
desembarqueobs
 494567 514787 250237 358949 120608 361735 552515 73892 212993 205616 52469 317467 293654 387597 252695 516296 358380 742168 942051 627588 828172 859565 418607 520667 417249 300574 415391 372974 316634 284311 391294
desembarquepred
 494519 514956 249565 358755 120544 361574 551952 73875.8 212798 205498 52464.9 317327 293505 387199 252521 516034 358319 741846 941255 626978 827913 859108 418480 520559 417113 300471 415259 372860 316542 284201 391177
Reclutas
 53050.6 129510 70148 36761.5 15678.3 291718 26303.4 7621.35 20815.9 70129.4 83753.2 131836 98353.6 67703.2 56551.4 446402 32691.6 794690 328453 184929 429552 565082 45220.9 332762 220776 71241.3 273492 347585 44102.3 24293.4 195830
log_desv_Rt
 -0.626558 0.26595 -0.347198 -0.993353 -1.84553 1.07798 -1.32811 -2.56685 -1.56209 -0.347463 -0.16993 0.283757 -0.00923535 -0.382672 -0.562654 1.50341 -1.11069 2.08015 1.19659 0.622167 1.46494 1.73917 -0.786245 1.20962 0.799342 -0.331732 1.01347 1.2532 -0.811293 -1.4076 0.679443
SSB
 1.97058e+06 1.01775e+06 498320 229778 67856.5 22760.7 508937 160074 69887.5 24557 72220.2 219371 260967 197966 104902 118887 784566 545133 1.75741e+06 1.17895e+06 950445 1.34361e+06 1.35372e+06 898322 1.44876e+06 1.0799e+06 731621 957667 1.65066e+06 970564 422855
BT
 2.53203e+06 1.67006e+06 746367 453450 143948 1.31276e+06 791582 271098 267954 352333 380905 698880 726208 713997 526406 1.49301e+06 1.11214e+06 3.93436e+06 3.42528e+06 1.99452e+06 3.29138e+06 3.10582e+06 1.89141e+06 3.49505e+06 2.38802e+06 1.74343e+06 2.78633e+06 3.31597e+06 2.12301e+06 1.31917e+06 1.74559e+06
Ftot
 0.246186 0.505407 0.513643 1.45817 1.74217 0.568981 1.23802 0.402151 2.29795 1.5646 0.226084 0.770747 0.719287 1.36068 1.15864 0.627091 0.390891 0.348753 0.445807 0.493148 0.392485 0.456242 0.284156 0.262667 0.257665 0.239626 0.292401 0.208334 0.17524 0.328635 0.430932
BD_Bspro_t
 0.961652 0.730515 0.518196 0.35555 0.136414 0.0711809 0.501371 0.209812 0.138895 0.0706434 0.214683 0.514557 0.427863 0.326178 0.20266 0.23047 0.539674 0.442222 0.652992 0.527419 0.436659 0.520607 0.551717 0.491384 0.635983 0.624653 0.592807 0.676422 0.763073 0.659484 0.508568
BD_Bspro
 2.77723 1.43437 0.702308 0.323837 0.0956336 0.0320778 0.717271 0.225601 0.098496 0.0346094 0.101784 0.30917 0.367794 0.279003 0.147844 0.167553 1.10573 0.768283 2.4768 1.66155 1.33951 1.89362 1.90786 1.26605 2.04181 1.52195 1.03111 1.34969 2.32636 1.36786 0.59595
BD_Bo
 1.17676 0.607763 0.297579 0.137215 0.0405214 0.0135919 0.303919 0.0955906 0.0417343 0.0146646 0.0431273 0.131 0.15584 0.118218 0.0626439 0.0709947 0.468514 0.325533 1.04946 0.704026 0.567571 0.802355 0.808391 0.536445 0.865147 0.644876 0.436898 0.571884 0.985715 0.579585 0.252513
BD_Brms
 5.52888 2.85552 1.39814 0.64469 0.190386 0.0638601 1.42793 0.449123 0.196084 0.0689 0.202629 0.615493 0.732199 0.555435 0.294326 0.333562 2.20127 1.52949 4.93078 3.3078 2.66668 3.76979 3.79815 2.52044 4.06481 3.02989 2.05272 2.68694 4.63129 2.72313 1.18641
Sel_flota
 0.595395 0.965469 0.998121 0.999901 0.999995
 0.595395 0.965469 0.998121 0.999901 0.999995
 0.595395 0.965469 0.998121 0.999901 0.999995
 0.595395 0.965469 0.998121 0.999901 0.999995
 0.595395 0.965469 0.998121 0.999901 0.999995
 0.595395 0.965469 0.998121 0.999901 0.999995
 0.595395 0.965469 0.998121 0.999901 0.999995
 0.595395 0.965469 0.998121 0.999901 0.999995
 0.595395 0.965469 0.998121 0.999901 0.999995
 0.595395 0.965469 0.998121 0.999901 0.999995
 0.595395 0.965469 0.998121 0.999901 0.999995
 0.595395 0.965469 0.998121 0.999901 0.999995
 0.595395 0.965469 0.998121 0.999901 0.999995
 0.595395 0.965469 0.998121 0.999901 0.999995
 0.595395 0.965469 0.998121 0.999901 0.999995
 0.595395 0.965469 0.998121 0.999901 0.999995
 0.595395 0.965469 0.998121 0.999901 0.999995
 0.595395 0.965469 0.998121 0.999901 0.999995
 0.595395 0.965469 0.998121 0.999901 0.999995
 0.595395 0.965469 0.998121 0.999901 0.999995
 0.595395 0.965469 0.998121 0.999901 0.999995
 0.595395 0.965469 0.998121 0.999901 0.999995
 0.595395 0.965469 0.998121 0.999901 0.999995
 0.595395 0.965469 0.998121 0.999901 0.999995
 0.595395 0.965469 0.998121 0.999901 0.999995
 0.595395 0.965469 0.998121 0.999901 0.999995
 0.595395 0.965469 0.998121 0.999901 0.999995
 0.595395 0.965469 0.998121 0.999901 0.999995
 0.595395 0.965469 0.998121 0.999901 0.999995
 0.595395 0.965469 0.998121 0.999901 0.999995
 0.595395 0.965469 0.998121 0.999901 0.999995
Sel_reclas
 1 1 1 1 1
 1 1 1 1 1
 1 1 1 1 1
 1 1 1 1 1
 1 1 1 1 1
 1 1 1 1 1
 1 1 1 1 1
 1 1 1 1 1
 1 1 1 1 1
 1 1 1 1 1
 1 1 1 1 1
 1 1 1 1 1
 1 1 1 1 1
 1 1 1 1 1
 1 1 1 1 1
 1 1 1 1 1
 1 1 1 1 1
 1 1 1 1 1
 1 1 1 1 1
 1 1 1 1 1
 1 1 1 1 1
 1 1 1 1 1
 1 1 1 1 1
 1 1 1 1 1
 1 1 1 1 1
 1 1 1 1 1
 1 1 1 1 1
 1 1 1 1 1
 1 1 1 1 1
 1 1 1 1 1
 1 1 1 1 1
Sel_pelaces
 1 1 1 1 1
 1 1 1 1 1
 1 1 1 1 1
 1 1 1 1 1
 1 1 1 1 1
 1 1 1 1 1
 1 1 1 1 1
 1 1 1 1 1
 1 1 1 1 1
 1 1 1 1 1
 1 1 1 1 1
 1 1 1 1 1
 1 1 1 1 1
 1 1 1 1 1
 1 1 1 1 1
 1 1 1 1 1
 1 1 1 1 1
 1 1 1 1 1
 1 1 1 1 1
 1 1 1 1 1
 1 1 1 1 1
 1 1 1 1 1
 1 1 1 1 1
 1 1 1 1 1
 1 1 1 1 1
 1 1 1 1 1
 1 1 1 1 1
 1 1 1 1 1
 1 1 1 1 1
 1 1 1 1 1
 1 1 1 1 1
pf_obs 
 0.8446 0.082 0.0669 0.0065 0
 0.8095 0.147 0.0364 0.0071 0
 0.9664 0.0169 0.016 0.0007 0
 0.9276 0.0648 0.0075 0.0001 0
 0.7033 0.2144 0.0806 0.0017 0
 0.9318 0.0425 0.0243 0.0014 0
 0.5671 0.3108 0.0964 0.0239 0.0018
 0.0768 0.2599 0.5324 0.112 0.0189
 0.490249 0.384438 0.106611 0.0170017 0.00170017
 0.7925 0.1577 0.0466 0.003 0.0002
 0.840416 0.127587 0.0312969 0.00059994 9.999e-05
 0.8084 0.0986 0.0794 0.0134 0.0002
 0.7335 0.1905 0.0724 0.0035 0.0001
 0.4001 0.4547 0.1325 0.0127 0
 0.49795 0.308269 0.164784 0.0264974 0.00249975
 0.9179 0.0499 0.0305 0.0017 0
 0.2467 0.6533 0.0926 0.0074 0
 0.9418 0.0223 0.034 0.0019 0
 0.707729 0.231977 0.0356964 0.0245975 0
 0.517169 0.277429 0.184464 0.0207286 0.00020938
 0.811772 0.124168 0.05621 0.00726502 0.000585176
 0.764997 0.148141 0.077277 0.00933861 0.000247198
 0.163321 0.427699 0.378323 0.0303852 0.000271297
 0.753843 0.0900009 0.118128 0.0371064 0.000921714
 0.721811 0.176058 0.0630433 0.0369309 0.00215725
 0.143369 0.312575 0.442814 0.0836902 0.0175525
 0.692698 0.0596174 0.167031 0.0765114 0.00414204
 0.394062 0.376323 0.152708 0.0712218 0.00568511
 0.125707 0.32114 0.495352 0.0537591 0.00404204
 0.23352 0.215282 0.420074 0.123614 0.00750983
 0.774587 0.0839891 0.0768558 0.0609784 0.00358967
pf_pred 
 0.201052 0.265044 0.470702 0.0632004 1.00007e-06
 0.604962 0.118749 0.0939298 0.16081 0.0215496
 0.492999 0.373373 0.0414031 0.0314008 0.0608244
 0.476682 0.33369 0.141263 0.0150097 0.0333546
 0.587569 0.280688 0.0859938 0.0341128 0.0116367
 0.98676 0.0103423 0.00201737 0.000575229 0.000304822
 0.19789 0.796263 0.00461144 0.00086095 0.000374678
 0.270374 0.251203 0.475135 0.00259432 0.000692898
 0.749062 0.100352 0.0532352 0.0966839 0.000667432
 0.960306 0.0357837 0.00164936 0.000801792 0.00145931
 0.837803 0.159377 0.00255932 0.000110323 0.000150675
 0.750445 0.223557 0.0255617 0.000395806 4.02828e-05
 0.650482 0.297495 0.0468323 0.00510371 8.68441e-05
 0.620662 0.295439 0.0719064 0.010798 0.00119373
 0.741969 0.202829 0.0435803 0.00996596 0.00165638
 0.961151 0.0333599 0.00436701 0.000886246 0.000235617
 0.155918 0.825857 0.0157484 0.00197158 0.000505258
 0.928869 0.0171601 0.0528503 0.00096875 0.000152033
 0.46568 0.511988 0.00554745 0.0164365 0.000347834
 0.443692 0.335854 0.211608 0.00220119 0.00664527
 0.764899 0.13831 0.0593988 0.0358956 0.00149714
 0.716816 0.240902 0.0252873 0.010438 0.00655687
 0.130337 0.70992 0.136726 0.0137774 0.00923857
 0.754105 0.04964 0.161298 0.0299286 0.00502776
 0.531781 0.393529 0.0155305 0.0486396 0.0105201
 0.299947 0.458925 0.203885 0.00775622 0.0294867
 0.764427 0.0986269 0.0909045 0.0389429 0.00709904
 0.689221 0.263454 0.0202534 0.0179823 0.00908937
 0.162686 0.658032 0.152822 0.0113367 0.0151236
 0.207012 0.192431 0.47551 0.106622 0.0184252
 0.845663 0.0483425 0.026483 0.0629829 0.0165286
pobs_RECLAS
 0 0 0 0 0
 0 0 0 0 0
 0 0 0 0 0
 0 0 0 0 0
 0 0 0 0 0
 0 0 0 0 0
 0 0 0 0 0
 0 0 0 0 0
 0 0 0 0 0
 0 0 0 0 0
 0.991045 0.00858322 0.000360255 1.14367e-05 0
 0.934742 0.0480273 0.0164251 0.00080598 0
 0.827803 0.169806 0.00239088 0 0
 0.941827 0.0461693 0.0120037 0 0
 0.791401 0.0380133 0.147996 0.0225897 0
 0.846168 0.0940531 0.0597789 0 0
 0.134021 0.677848 0.182769 0.00536245 0
 0.80878 0.0450904 0.141981 0.00414843 0
 0.846168 0.0940531 0.0597789 0 0
 0.905697 0.0802665 0.012482 0.00150086 5.37128e-05
 0.989698 0.0102097 9.19794e-05 0 0
 0.975433 0.0193895 0.00387452 0.00125025 5.28907e-05
 0.303575 0.632131 0.0575291 0.00676475 0
 0.966965 0.00978017 0.0227588 0.000495775 0
 0.843318 0.132988 0.00938335 0.0141283 0.000182051
 0.564624 0.303363 0.111486 0.0197234 0.00080311
 0.826376 0.0876187 0.0782897 0.00655872 0.00115652
 0.89761 0.0855135 0.0140674 0.00269457 0.000114338
 0.34875 0.467042 0.161289 0.0227151 0.000203297
 0.318654 0.224769 0.449479 0.00709798 0
 0.937255 0.0296025 0.0250945 0.00804832 0
ppred_RECLAS
 0.296355 0.238807 0.4099 0.0549362 8.69218e-07
 0.722324 0.0856157 0.0653765 0.111715 0.014969
 0.619259 0.283075 0.0303016 0.0229378 0.0444268
 0.621226 0.245235 0.0995395 0.0105525 0.0234469
 0.7247 0.190068 0.0556813 0.0220349 0.00751566
 0.992052 0.00625702 0.00117783 0.000335205 0.000177612
 0.300427 0.694675 0.00386468 0.000719972 0.00031329
 0.384417 0.216795 0.396053 0.0021585 0.00057644
 0.856198 0.0593287 0.0299158 0.0541833 0.000373986
 0.977531 0.0203424 0.00089812 0.000435585 0.000792691
 0.894161 0.10406 0.00161517 6.94977e-05 9.49078e-05
 0.835438 0.147975 0.0163088 0.000252033 2.56478e-05
 0.758269 0.206859 0.0313986 0.00341509 5.81047e-05
 0.743774 0.201369 0.0470319 0.00704698 0.00077896
 0.833724 0.131809 0.0272229 0.00621212 0.00103236
 0.976447 0.0203274 0.00256713 0.000519973 0.000138226
 0.23335 0.750653 0.0138263 0.00172773 0.000442723
 0.956572 0.0107538 0.0319969 0.000585421 9.18655e-05
 0.590342 0.393123 0.00411325 0.0121643 0.000257399
 0.572348 0.261776 0.159233 0.00165325 0.00499057
 0.844608 0.0927455 0.0384724 0.0232062 0.000967795
 0.807817 0.16435 0.0166584 0.00686327 0.00431091
 0.198151 0.658665 0.122587 0.01233 0.00826719
 0.837666 0.033682 0.105772 0.0195899 0.00329062
 0.65149 0.294558 0.0112347 0.0351215 0.00759559
 0.414864 0.388103 0.16665 0.00632815 0.0240553
 0.844412 0.0664642 0.059197 0.0253131 0.00461397
 0.784557 0.183597 0.0136434 0.0120915 0.00611122
 0.241995 0.60001 0.134714 0.00997534 0.0133063
 0.305554 0.172999 0.413032 0.0924421 0.0159732
 0.902596 0.0312752 0.016546 0.0392767 0.0103064
pobs_PELACES
 0 0 0 0 0
 0 0 0 0 0
 0 0 0 0 0
 0 0 0 0 0
 0 0 0 0 0
 0 0 0 0 0
 0 0 0 0 0
 0 0 0 0 0
 0 0 0 0 0
 0 0 0 0 0
 0 0 0 0 0
 0 0 0 0 0
 0 0 0 0 0
 0 0 0 0 0
 0 0 0 0 0
 0 0 0 0 0
 0.505614 0.472636 0.0217494 0 0
 0 0 0 0 0
 0.443492 0.261883 0.143347 0.151278 0
 0.227955 0.32914 0.350689 0.0885471 0.00366901
 0.970185 0.0296113 0.000203453 0 0
 0.997202 0.00247181 0.000326279 0 0
 0.445219 0.490057 0.0546422 0.010081 0
 0.90214 0.0892962 0.00764917 0.000914606 0
 0 0 0 0 0
 0.581667 0.319106 0.0959925 0.00289975 0.000334073
 0.762889 0.0836404 0.116647 0.0363945 0.000428098
 0.88444 0.0763242 0.0277011 0.0115352 0
 0.521256 0.241999 0.230069 0.00667565 0
 0.616807 0.101726 0.260614 0.0208532 0
 0.833518 0.0704572 0.0857862 0.0102388 0
ppred_PELACES
 0.303035 0.236958 0.405648 0.0543585 8.6007e-07
 0.735292 0.0819362 0.062227 0.106301 0.0142434
 0.634276 0.272311 0.0289885 0.0219372 0.0424881
 0.663387 0.21916 0.087569 0.00927551 0.0206086
 0.766122 0.162423 0.0466977 0.0184609 0.0062963
 0.992592 0.00584018 0.00109264 0.000310857 0.000164708
 0.333148 0.662245 0.00363544 0.000676774 0.000294481
 0.396775 0.21304 0.38751 0.00211144 0.000563866
 0.888912 0.0465234 0.0228851 0.0413935 0.000285687
 0.981396 0.0168707 0.000732391 0.000354881 0.000645792
 0.896749 0.101519 0.0015719 6.76268e-05 9.23523e-05
 0.848082 0.13672 0.0149438 0.000230833 2.34898e-05
 0.774199 0.193443 0.0291356 0.00316761 5.3893e-05
 0.774691 0.177628 0.0408832 0.00612081 0.000676554
 0.852753 0.117029 0.0238705 0.00544341 0.000904581
 0.978166 0.0188619 0.00236601 0.00047906 0.000127348
 0.242015 0.742235 0.0136138 0.00170078 0.000435813
 0.95842 0.0103253 0.0306067 0.000559872 8.78552e-05
 0.603489 0.380583 0.00396296 0.0117168 0.000247926
 0.58752 0.253009 0.153085 0.00158895 0.00479642
 0.851016 0.0890756 0.0367942 0.0221888 0.000925352
 0.816428 0.157101 0.0158455 0.00652659 0.00409938
 0.203811 0.654375 0.121416 0.0122102 0.0081868
 0.842282 0.0327984 0.102706 0.0190192 0.00319473
 0.658701 0.288593 0.0109767 0.0343096 0.00741995
 0.422199 0.383574 0.16428 0.0062373 0.0237097
 0.849281 0.0645025 0.0572691 0.0244845 0.0044629
 0.788884 0.179971 0.013344 0.0118248 0.00597635
 0.246015 0.597063 0.1338 0.00990661 0.0132145
 0.314715 0.171176 0.407236 0.0911272 0.0157459
 0.907402 0.0298298 0.0157082 0.0372786 0.00978191
pobs_pel_tallas
 0 0 0 0 0 0 0 0 0 0 0 0 0 0 0 0 0 0 0 0 0 0 0 0 0 0
 0 0 0 0 0 0 0 0 0 0 0 0 0 0 0 0 0 0 0 0 0 0 0 0 0 0
 0 0 0 0 0 0 0 0 0 0 0 0 0 0 0 0 0 0 0 0 0 0 0 0 0 0
 0 0 0 0 0 0 0 0 0 0 0 0 0 0 0 0 0 0 0 0 0 0 0 0 0 0
 0 0 0 0 0 0 0 0 0 0 0 0 0 0 0 0 0 0 0 0 0 0 0 0 0 0
 0 0 0 0 0 0 0 0 0 0 0 0 0 0 0 0 0 0 0 0 0 0 0 0 0 0
 0 0 0 0 0 0 0 0 0 0 0 0 0 0 0 0 0 0 0 0 0 0 0 0 0 0
 0 0 0 0 0 0 0 0 0 0 0 0 0 0 0 0 0 0 0 0 0 0 0 0 0 0
 0 0 0 0 0 0 0 0 0 0 0 0 0 0 0 0 0 0 0 0 0 0 0 0 0 0
 0 0 0 0 0 0 0 0 0 0 0 0 0 0 0 0 0 0 0 0 0 0 0 0 0 0
 0 0 0 0 0 0 0 0 0 0 0 0 0 0 0 0 0 0 0 0 0 0 0 0 0 0
 0 0 0 0 0 0 0 0 0 0 0 0 0 0 0 0 0 0 0 0 0 0 0 0 0 0
 0.00862536 0 0 0.000197151 0.00414017 0.0128641 0.00837892 0.0270097 0.101434 0.158115 0.152841 0.127902 0.109271 0.109419 0.0830992 0.0579132 0.0238553 0.00714673 0.00463305 0.00128148 0.00103504 0.000492878 0.000147863 0.000147863 4.92878e-05 0
 0 0 0 0 0 0 0 0 0 0 0 0 0 0 0 0 0 0 0 0 0 0 0 0 0 0
 0 0 0 0 0 0 0 0.0054083 0.00873648 0.0413646 0.0450493 0.0745869 0.0622846 0.0627006 0.0613931 0.0827291 0.12552 0.122667 0.0946155 0.0697135 0.0546179 0.0294188 0.0215738 0.0213955 0.0102223 0.00600262
 0 0 0 0 0.00359764 0.0251062 0.0480494 0.140153 0.205849 0.193036 0.1447 0.116669 0.0760912 0.0342217 0.00950174 0.001854 0.000860785 0 0 0 0.000165536 0 0.000143464 0 0 0
 0 0 0 0 0 0 0 0.000145254 0.000435761 0.0275982 0.070085 0.0708112 0.156366 0.174668 0.174014 0.160142 0.0824315 0.0480064 0.0283245 0.00493863 0.00203355 0 0 0 0 0
 0 0 0 0 0 0 0 0 0 0 0 0 0 0 0 0 0 0 0 0 0 0 0 0 0 0
 0 0 1.00437e-05 0.000401748 0.00122533 0.00171747 0.00176769 0.0269171 0.070346 0.194647 0.189555 0.159765 0.064822 0.0314167 0.0384472 0.0292271 0.0345202 0.0313363 0.0194345 0.0106764 0.0143323 0.0359363 0.0279516 0.0138201 0.00172751 0
 0 0.0021121 0.0136068 0.0755702 0.200478 0.177729 0.0527432 0.0373336 0.0318909 0.0142505 0.0149659 0.0166563 0.0217959 0.0798694 0.0677717 0.0528807 0.04013 0.0224614 0.0357745 0.0225083 0.00881397 0.00855152 0.00135912 0.000746735 0 0
 0 0 0 0 5.4009e-05 0.00500934 0.000945158 0.0243581 0.138947 0.33067 0.221406 0.137944 0.0707744 0.0437923 0.0131692 0.00525238 0.0047753 0.00276346 9.45158e-05 9.00151e-06 2.25038e-05 9.00151e-06 4.50075e-06 0 0 0
 0.000866109 0.00284123 0.00948549 0.0512746 0.133035 0.25785 0.225252 0.132002 0.0553304 0.0519788 0.0540692 0.017754 0.00435017 0.00159236 0.00146478 0.000404838 0.000125132 0.000115318 0.000107957 0.000100596 0 0 0 0 0 0
 0 0 0 0 0.00144013 0.00171154 0.00461396 0.0210425 0.0478622 0.0707936 0.0888783 0.103762 0.0637923 0.0337046 0.0602308 0.124433 0.169614 0.0934646 0.0462172 0.0250306 0.0313229 0.00938855 0.002487 0.000210481 0 0
 0 0.00764035 0.051015 0.0998891 0.058973 0.0496711 0.0374665 0.0718981 0.12319 0.153886 0.159021 0.0857701 0.0377988 0.023471 0.0147837 0.00900784 0.00315554 0.000888139 0.00291439 0.00214683 0.00393193 0.00274676 0.000635225 9.99891e-05 0 0
 0 0 0 0 0 0 0 0 0 0 0 0 0 0 0 0 0 0 0 0 0 0 0 0 0 0
 0 0 0 0 0 0 0 0 0 0 0 0 0 0 0 0 0 0 0 0 0 0 0 0 0 0
 0 0 0 0 0 0 0 0 0 0 0 0 0 0 0 0 0 0 0 0 0 0 0 0 0 0
 0 0 0 0 0 0 0 0 0 0 0 0 0 0 0 0 0 0 0 0 0 0 0 0 0 0
 0 0 0 0 0 0 0 0 0 0 0 0 0 0 0 0 0 0 0 0 0 0 0 0 0 0
 0 0 0 0 0 0 0 0 0 0 0 0 0 0 0 0 0 0 0 0 0 0 0 0 0 0
 0 0 0 0 0 0 0 0 0 0 0 0 0 0 0 0 0 0 0 0 0 0 0 0 0 0
ppred_pel_tallas
 1.17219e-16 2.49606e-05 0.000242626 0.00161234 0.00732947 0.0228048 0.048589 0.0709219 0.0709453 0.0487037 0.0231919 0.0084549 0.00446579 0.0065659 0.0123099 0.0210305 0.0319682 0.0436923 0.0546416 0.0639221 0.0714893 0.0774764 0.0813527 0.0818297 0.0776808 0.0687539
 1.14888e-16 6.0565e-05 0.000588714 0.00391221 0.0177843 0.0553337 0.117895 0.172072 0.17208 0.117934 0.0554658 0.0181674 0.00488 0.00272281 0.00417841 0.00698773 0.0104896 0.0141374 0.0174603 0.0203611 0.0231865 0.0264073 0.0301311 0.033842 0.0365697 0.0373519
 1.10297e-16 5.22445e-05 0.000507835 0.00337474 0.0153411 0.047732 0.101699 0.148438 0.148465 0.101827 0.0481626 0.0165848 0.00649672 0.00732389 0.0130003 0.0214207 0.0308877 0.0389402 0.0431366 0.0424285 0.0378316 0.0317735 0.0266317 0.0235735 0.0223713 0.0219989
 1.07001e-16 5.46424e-05 0.000531143 0.00352963 0.0160452 0.0499227 0.106366 0.155249 0.155271 0.10647 0.0502712 0.0170529 0.00606361 0.0060777 0.0106323 0.0176057 0.0256258 0.0327927 0.0371962 0.0379489 0.0356694 0.031963 0.0283409 0.0254554 0.0231048 0.0207594
 1.04307e-16 6.31045e-05 0.000613398 0.00407625 0.01853 0.0576539 0.122838 0.179289 0.179305 0.122915 0.0579116 0.019275 0.00594833 0.00470724 0.00785903 0.0129483 0.0187783 0.0238958 0.0268637 0.0270269 0.0248833 0.0216984 0.0186833 0.0163912 0.0146917 0.0131534
 1.00093e-16 8.17585e-05 0.000794721 0.0052812 0.0240076 0.0746965 0.159149 0.232282 0.232283 0.159152 0.0747057 0.0240343 0.00534827 0.000941212 0.000360208 0.000466708 0.000665802 0.000840118 0.000931553 0.000915377 0.000810138 0.000664147 0.000525724 0.000420332 0.000347874 0.000294957
 1.00392e-16 2.74411e-05 0.000266737 0.00177257 0.00805787 0.0250714 0.0534196 0.0779808 0.0780445 0.0537307 0.0261155 0.0110718 0.00933072 0.0167423 0.031247 0.0514293 0.0736489 0.0917014 0.0992856 0.0935017 0.0766342 0.05473 0.0341514 0.0187357 0.00916824 0.00413475
 1.11545e-16 3.26818e-05 0.000317679 0.00211109 0.00959672 0.0298591 0.0636187 0.0928578 0.0928789 0.063722 0.0302074 0.0106098 0.00468033 0.00601279 0.011101 0.0189553 0.028819 0.0393778 0.0491745 0.0573098 0.0636145 0.0680916 0.0702328 0.0690026 0.0635868 0.0542292
 1.04872e-16 7.32185e-05 0.00071171 0.00472957 0.0214999 0.0668943 0.142525 0.208021 0.208026 0.142548 0.0669687 0.0217154 0.00527245 0.00190403 0.00235944 0.00384389 0.0056747 0.00745473 0.00884766 0.00973927 0.0103053 0.01086 0.0115954 0.0124199 0.0130087 0.0130023
 1.00171e-16 8.08363e-05 0.000785758 0.00522164 0.0237368 0.073854 0.157354 0.229663 0.229664 0.157362 0.0738806 0.0238137 0.00541447 0.00120633 0.00087843 0.00132129 0.00188861 0.00236055 0.00257439 0.00245821 0.00207086 0.00156434 0.00109564 0.000754926 0.000551317 0.000444327
 1.00094e-16 7.38641e-05 0.000717985 0.00477126 0.0216895 0.0674841 0.143782 0.209857 0.209866 0.14383 0.0676442 0.0221516 0.00593025 0.00324464 0.00486235 0.00789505 0.0113037 0.0140832 0.0152651 0.0144046 0.0118497 0.00852227 0.00539103 0.00303832 0.00156651 0.000775789
 1.00494e-16 6.98554e-05 0.000679019 0.00451232 0.0205124 0.0638217 0.135979 0.198469 0.198482 0.136044 0.0640377 0.0211362 0.00607776 0.0040949 0.00655278 0.0107105 0.0153933 0.0192945 0.0211303 0.020303 0.017251 0.0131512 0.00922315 0.00617569 0.00411251 0.00278711
 1.01218e-16 6.37698e-05 0.000619865 0.00411922 0.0187254 0.0582618 0.124134 0.181181 0.181199 0.124225 0.0585677 0.019609 0.00633725 0.00546192 0.00925981 0.0152073 0.0218992 0.0275332 0.030312 0.0293967 0.0253933 0.0199271 0.0146637 0.0105435 0.00767072 0.00568951
 1.01954e-16 6.38103e-05 0.000620259 0.00412184 0.0187373 0.0582988 0.124212 0.181295 0.181312 0.124296 0.0585802 0.0195504 0.0061639 0.00508188 0.00854831 0.0140597 0.0203135 0.0256808 0.0285388 0.0281264 0.0249738 0.0205035 0.0161435 0.0126553 0.0100688 0.00805321
 1.01418e-16 7.02401e-05 0.000682759 0.00453718 0.0206253 0.0641732 0.136728 0.199561 0.199572 0.136783 0.0643585 0.0211607 0.00588163 0.00361961 0.00565341 0.00924952 0.0133512 0.0168595 0.0187025 0.0183824 0.0162593 0.0132866 0.0104219 0.0081755 0.00656165 0.00534247
 1.00143e-16 8.05702e-05 0.000783171 0.00520445 0.0236587 0.0736109 0.156836 0.228907 0.228909 0.156845 0.0736407 0.0237448 0.00542057 0.00125488 0.000976177 0.00148558 0.00213048 0.00267521 0.00293986 0.00284299 0.0024454 0.00190819 0.00139645 0.00100334 0.0007382 0.000563158
 1.00827e-16 1.99346e-05 0.000193771 0.00128768 0.00585366 0.0182133 0.038808 0.0566564 0.0567278 0.0391568 0.0193839 0.00923273 0.00976224 0.0186694 0.0350365 0.0577018 0.0826758 0.103032 0.111724 0.105505 0.0869144 0.0626828 0.039875 0.0227306 0.0119847 0.00617338
 1.00957e-16 7.89438e-05 0.000767362 0.00509939 0.0231811 0.072125 0.15367 0.224286 0.224287 0.153675 0.0721422 0.0232315 0.00522817 0.0010556 0.000647108 0.000998758 0.00155602 0.00221538 0.00291988 0.00362764 0.00430358 0.00488848 0.00527848 0.00535158 0.00503333 0.0043526
 1.01429e-16 4.97087e-05 0.000483186 0.00321094 0.0145965 0.0454153 0.0967635 0.141237 0.141273 0.0969423 0.0460155 0.0163291 0.00755624 0.00995661 0.0180052 0.0295931 0.042405 0.0528667 0.0573788 0.0542991 0.0449547 0.0328123 0.0214868 0.0131099 0.00798457 0.00527456
 1.05454e-16 4.83933e-05 0.0004704 0.00312598 0.0142103 0.0442135 0.0942025 0.137496 0.137521 0.0943226 0.0446173 0.0153789 0.00606797 0.00692089 0.012381 0.0206041 0.0301676 0.0389514 0.044779 0.0465668 0.0448449 0.0411692 0.0369655 0.0327914 0.0284691 0.023714
 1.03467e-16 7.00971e-05 0.000681369 0.00452793 0.0205833 0.0640425 0.13645 0.199154 0.199163 0.136492 0.0641842 0.0209934 0.00555958 0.00294092 0.00438352 0.0071946 0.0104969 0.0134985 0.0154437 0.0159937 0.0154089 0.0143232 0.0132961 0.012507 0.0117803 0.0108326
 1.01846e-16 6.72481e-05 0.000653676 0.00434391 0.0197468 0.0614396 0.130904 0.191062 0.191077 0.130978 0.0616879 0.0204637 0.00614303 0.00457987 0.00752002 0.0123161 0.0177135 0.0222317 0.0244128 0.0235924 0.0202976 0.0158955 0.01178 0.00872637 0.00678361 0.00558395
 1.06282e-16 1.67878e-05 0.000163184 0.00108442 0.00492963 0.0153383 0.0326821 0.0477137 0.0477769 0.0329905 0.0163739 0.00792145 0.00859623 0.0165679 0.0311906 0.0515847 0.0744148 0.0937949 0.103707 0.101337 0.0887029 0.0712035 0.0543175 0.04106 0.0316599 0.0248725
 1.05421e-16 6.93776e-05 0.000674375 0.00448146 0.0203721 0.0633851 0.135049 0.197108 0.197112 0.135065 0.0634403 0.0205335 0.00489425 0.00160095 0.00190384 0.00323306 0.0051074 0.00737878 0.00992221 0.0126488 0.0154697 0.0181758 0.0203568 0.021489 0.0211729 0.0193566
 1.05088e-16 5.42564e-05 0.000527392 0.0035047 0.0159319 0.0495702 0.105616 0.154155 0.154183 0.105751 0.0500258 0.0172474 0.0068053 0.00772759 0.0137146 0.0225524 0.0324069 0.0406102 0.0445031 0.042911 0.0368813 0.0290177 0.0219433 0.0170657 0.0143551 0.01294
 1.09477e-16 3.4776e-05 0.000338035 0.00224637 0.0102117 0.0317725 0.067696 0.0988121 0.0988493 0.0678776 0.0323826 0.0119761 0.00668366 0.0100519 0.018563 0.0308413 0.0449084 0.0574811 0.0651971 0.0664545 0.0622634 0.0553542 0.0483254 0.0423472 0.0371932 0.0321384
 1.0488e-16 6.99542e-05 0.000679979 0.0045187 0.0205414 0.0639119 0.136171 0.198747 0.198753 0.136202 0.0640156 0.0208421 0.00527765 0.00235049 0.00328313 0.00542398 0.00805953 0.0106714 0.0127782 0.0141633 0.0149664 0.0154999 0.0159455 0.0161957 0.0159549 0.0149765
 1.02629e-16 6.49793e-05 0.000631622 0.00419735 0.0190806 0.0593668 0.126488 0.184616 0.184634 0.126573 0.0596511 0.0199014 0.00625716 0.00512593 0.00859408 0.0140888 0.0202537 0.0254004 0.0278628 0.0268916 0.0231123 0.0181178 0.0135255 0.0102237 0.00824014 0.00710166
 1.07244e-16 2.02641e-05 0.000196974 0.00130897 0.0059504 0.0185142 0.0394486 0.0575885 0.0576461 0.0397302 0.0194599 0.00868284 0.00817127 0.015189 0.0285266 0.0472153 0.0682145 0.0861957 0.0957087 0.0941978 0.0834634 0.0683251 0.0536332 0.0419932 0.0335255 0.0270936
 1.236e-16 2.59227e-05 0.000251978 0.00167448 0.00761196 0.0236837 0.0504613 0.0736534 0.0736705 0.0505453 0.0239675 0.00843952 0.00378215 0.00495385 0.00925196 0.0160304 0.0249068 0.035133 0.045871 0.0566291 0.0672308 0.0772304 0.0853575 0.0896796 0.0885171 0.0814407
 1.05855e-16 7.47415e-05 0.000726514 0.00482794 0.0219471 0.0682856 0.14549 0.212347 0.21235 0.145504 0.0683335 0.0220858 0.00517792 0.00149674 0.0015566 0.00250749 0.00373479 0.00498787 0.006087 0.00700348 0.00788907 0.00895845 0.0103 0.0117603 0.0129853 0.0135823
pSPR Fmed_Fpbrs
0.466454   0.262838 0.262838
Fs Fmed_Fpbrs
0.508095   1.005 1.005
SSBpbr Bo_Bmed_Bpbrs
1.67458e+06  697387  356415 356415
Ro
99266.2
SPR SPRFo_SPRFmed_SPRFpbrs
709547 330971 186496
Fref
1.005
Nvult_r0
 140091 5565.46 2978.44 7074.62 1856.47
CTP_r0
 28604.7 1635.2 895.792 2130.41 559.082
YTP_r0
391177
Np
 168189 55738.6 1783.34 936.848 2754.53
Nvult_p0
 134177 47967.7 1542.74 810.679 2383.6
CTP_p0
 50230.8 23622.3 772.567 406.33 1194.77
YTP_p0
 829198
CBA_c0
522584
log_Ro
11.3256
likeval ReclasPelacesDesembMPH_pf_preclas_ppelaces_ptallas_desvR_qrecl_qpela
 20.7868 34.8029 0.0788256 0.00208644 258.953 118.885 104.441 0 56.8948 0 0 0.146054 0 0 0
q_reclas_q_pelaces
1 1
M
1
N
 53050.6 44741.4 77105.6 10336.2 0.163545
 129510 16855.4 12977.5 22185.8 2972.81
 70148 35263.1 3806.52 2882.79 5583.62
 36761.5 19006.6 7900.55 838.649 1863.55
 15678.3 5676.1 1710.81 678.075 231.297
 291718 2044.18 388.391 110.59 58.5991
 26303.4 76479.2 434.163 80.9718 35.2362
 7621.35 4630.16 8514.34 46.42 12.397
 20815.9 2206.74 1155.26 2096.68 14.4734
 70129.4 1949.41 88.2936 42.8817 78.0433
 83753.2 10163.3 158.335 6.8142 9.30574
 131836 26930.7 3005.7 46.4814 4.73027
 98353.6 30650.9 4707.39 512.329 8.71712
 67703.2 23577.9 5630.58 844.676 93.3748
 56551.4 11078.3 2331.74 532.639 88.5214
 446402 10436.4 1331.57 269.861 71.74
 32691.6 113052 2095.65 261.963 67.128
 794690 9529.43 28515.8 521.894 81.8979
 328453 237533 2503.46 7406.52 156.727
 184929 92662.4 56820.3 590.2 1781.65
 429552 50721.7 21175.5 12777.3 532.877
 565082 125093 12774.1 5265.08 3307.14
 45220.9 158432 29623.6 2980.34 1998.33
 332762 14046.5 44300 8206.69 1378.54
 220776 104694 4009.95 12538.6 2711.71
 71241.3 69667.5 30032.2 1140.65 4336.01
 273492 22723.5 20335.8 8698.01 1585.46
 347585 84536.2 6303.45 5587.5 2824.02
 44102.3 112953 25432.8 1883.54 2512.51
 24293.4 14616.8 35085.2 7854.84 1357.27
 195830 7348.8 3915.28 9297.65 2439.79
pred_Ctot
 4627.18 6099.94 10833.1 1454.54 0.0230165
 21800.3 4279.2 3384.83 5794.93 776.557
 11977.2 9070.94 1005.87 762.87 1477.7
 14446.1 10112.6 4281.04 454.876 1010.82
 6941.77 3316.16 1015.96 403.022 137.48
 54465 570.851 111.35 31.7503 16.8249
 9196.64 37005.1 214.31 40.0114 17.4126
 1046.01 971.845 1838.18 10.0368 2.68066
 10899.9 1460.26 774.644 1406.88 9.71204
 28920.6 1077.66 49.6722 24.1468 43.9484
 6741.38 1282.42 20.5936 0.887716 1.2124
 31828 9481.54 1084.13 16.787 1.70848
 22421.3 10254.3 1614.25 175.919 2.99341
 25342.9 12063.4 2936.08 440.902 48.7422
 18825.6 5146.26 1105.74 252.861 42.0264
 90625.1 3145.44 411.757 83.5625 22.2159
 4372.91 23162.3 441.686 55.2955 14.1706
 95799 1769.8 5450.72 99.9121 15.6799
 49458.3 54376.6 589.177 1745.66 36.9423
 30461.6 23058 14527.9 151.122 456.23
 57670.4 10428 4478.45 2706.39 112.879
 86867.2 29193.7 3064.44 1264.92 794.593
 4511.04 24570.7 4732.16 476.841 319.751
 30844.1 2030.35 6597.35 1224.13 205.643
 20098.5 14873.3 586.972 1838.32 397.605
 6057.85 9268.64 4117.75 156.648 595.524
 28018.3 3614.94 3331.9 1427.36 260.199
 25892.3 9897.29 760.869 675.55 341.465
 2785.76 11267.9 2616.85 194.124 258.97
 2772.94 2577.62 6369.47 1428.21 246.806
 28604.7 1635.2 895.792 2130.41 559.082
F
 0.146578 0.237685 0.245723 0.246161 0.246184
 0.300917 0.487955 0.504457 0.505357 0.505404
 0.30582 0.495906 0.512678 0.513592 0.51364
 0.868187 1.40782 1.45543 1.45802 1.45816
 1.03728 1.68201 1.73889 1.74199 1.74216
 0.338768 0.549333 0.567912 0.568925 0.568978
 0.737109 1.19527 1.23569 1.23789 1.23801
 0.239439 0.388264 0.401395 0.402111 0.402149
 1.36819 2.2186 2.29364 2.29773 2.29794
 0.931555 1.51057 1.56166 1.56444 1.56459
 0.134609 0.218277 0.225659 0.226061 0.226083
 0.458899 0.744132 0.769299 0.770671 0.770743
 0.42826 0.694449 0.717936 0.719216 0.719283
 0.810143 1.3137 1.35812 1.36055 1.36067
 0.689848 1.11863 1.15646 1.15853 1.15863
 0.373367 0.605437 0.625913 0.627029 0.627088
 0.232734 0.377393 0.390157 0.390852 0.390889
 0.207646 0.33671 0.348098 0.348719 0.348751
 0.265431 0.430412 0.444969 0.445762 0.445804
 0.293618 0.476119 0.492221 0.493099 0.493145
 0.233684 0.378933 0.391748 0.392447 0.392483
 0.271644 0.440488 0.455385 0.456197 0.45624
 0.169185 0.274344 0.283622 0.284128 0.284154
 0.156391 0.253597 0.262174 0.262641 0.262666
 0.153413 0.248768 0.257181 0.25764 0.257664
 0.142672 0.231351 0.239176 0.239602 0.239625
 0.174094 0.282304 0.291852 0.292372 0.292399
 0.124041 0.20114 0.207942 0.208313 0.208333
 0.104337 0.169188 0.17491 0.175222 0.175239
 0.195668 0.317287 0.328018 0.328603 0.328633
 0.256575 0.416052 0.430123 0.43089 0.43093
nmprior
 8.19 8.8 8.5 0
nm_flota  nm_reclas  nm_pelaces    nm_pelaL
inf 12.8226 8.05546 15.0632
cv_recla  cv_pelaces  cv_mph
0.4124 0.668929 1.40964
 ------------------------------------------------
Talla a la edad & desviaci?n 
 8 13.2811 15.8009 17.003 17.5766
 0.8 1.32811 1.58009 1.7003 1.75766
