years
 1991 1992 1993 1994 1995 1996 1997 1998 1999 2000 2001 2002 2003 2004 2005 2006 2007 2008 2009 2010 2011 2012 2013 2014 2015 2016 2017 2018 2019 2020 2021
reclasobs
 0 0 0 0 0 0 0 0 0 252601 567819 844713 477998 351125 339783 2.1784e+06 2.13404e+06 4.81314e+06 1.55562e+06 2.62356e+06 3.21686e+06 3.843e+06 1.13348e+06 3.07943e+06 1.97215e+06 2.03268e+06 2.025e+06 2.42433e+06 2.27542e+06 1.05018e+06 2.36338e+06
reclaspred
 2.47386e+06 2.01608e+06 1.04834e+06 720484 744770 1.63029e+06 1.92925e+06 1.86811e+06 1.13932e+06 591009 465652 581703 574279 436323 622036 1.07211e+06 1.60124e+06 2.57732e+06 2.16382e+06 1.65821e+06 3.16658e+06 2.51646e+06 2.06025e+06 2.58389e+06 2.31826e+06 2.10355e+06 2.12581e+06 2.24435e+06 2.58841e+06 1.73656e+06 1.91609e+06
pelacesobs
 0 0 0 0 0 0 0 0 0 0 0 0 0 0 0 552880 188675 0 991730 2.46772e+06 1.41603e+06 1.21717e+06 2.29649e+06 1.80582e+06 0 1.4828e+06 1.56532e+06 1.57751e+06 1.42118e+06 867257 1.10002e+06
pelacespred
 1.03804e+06 953895 533131 327693 330786 763329 867534 906022 617498 310395 248279 240592 253604 202696 317694 458918 668240 1.14417e+06 1.06023e+06 768195 1.33461e+06 1.24242e+06 984772 1.31412e+06 1.19192e+06 1.03953e+06 1.17365e+06 1.27187e+06 1.18595e+06 903405 981713
mphobs
 0 0 0 0 0 0 0 0 0 0 0 498337 0 5186 125008 0 168611 109162 213762 579715 649985 157893 87575 83554 0 0 0 0 0 0 0
mphpred
 1.74203e+06 2.11462e+06 1.18575e+06 556533 628532 565787 1.76071e+06 1.52355e+06 1.28502e+06 653930 332204 439667 439727 372056 272245 595178 1.09426e+06 1.46267e+06 2.02436e+06 1.41553e+06 1.6786e+06 2.40685e+06 1.87898e+06 1.47635e+06 2.21696e+06 1.74158e+06 1.51502e+06 1.57813e+06 2.31623e+06 1.66476e+06 1.21687e+06
desembarqueobs
 494567 514787 250237 358949 120608 361735 552515 73892 212993 205616 52469 317467 293654 387597 252695 516296 358380 742168 942051 627588 828172 859565 418607 520667 417249 300574 407403 355545 319650 289779 391294
desembarquepred
 494622 511424 251451 358865 120614 361565 552891 73898.8 213007 205503 52517.1 318272 294820 388664 252804 516540 358280 741620 942190 627021 827533 859471 419462 521393 417853 301463 407677 354935 319078 289385 391726
Reclutas
 522493 54960.3 36115.2 212459 79356.8 582174 226915 73109.9 22861.3 47949.2 123448 145900 128519 92318.6 168176 429613 222500 650743 395613 386138 628608 519301 135871 447883 316515 182794 349246 426479 144733 136962 348538
log_desv_Rt
 0.994327 -1.25767 -1.67757 0.094465 -0.89033 1.10249 0.16029 -0.972321 -2.13484 -1.39414 -0.448463 -0.281365 -0.408205 -0.739039 -0.139272 0.798601 0.140644 1.21383 0.716153 0.691909 1.17922 0.9882 -0.352575 0.840247 0.493085 -0.0559226 0.591491 0.791278 -0.289396 -0.344578 0.589462
SSB
 1.74203e+06 2.11462e+06 1.18575e+06 556533 628532 565787 1.76071e+06 1.52355e+06 1.28502e+06 653930 332204 439667 439727 372056 272245 595178 1.09426e+06 1.46267e+06 2.02436e+06 1.41553e+06 1.6786e+06 2.40685e+06 1.87898e+06 1.47635e+06 2.21696e+06 1.74158e+06 1.51502e+06 1.57813e+06 2.31623e+06 1.66476e+06 1.21687e+06
BT
 3.3611e+06 2.73734e+06 1.50041e+06 1.36172e+06 954315 3.24823e+06 2.747e+06 2.47868e+06 1.71583e+06 1.02403e+06 828674 1.01152e+06 1.05788e+06 1.07761e+06 1.46633e+06 2.03919e+06 2.24053e+06 4.46049e+06 3.99793e+06 2.80018e+06 5.12921e+06 4.27071e+06 2.96683e+06 5.01107e+06 3.55987e+06 3.18551e+06 4.24012e+06 4.54117e+06 3.20375e+06 2.6747e+06 3.63386e+06
Ftot
 0.189194 0.23826 0.225552 0.461042 0.153456 0.210166 0.2688 0.0378447 0.176684 0.324279 0.107441 0.503388 0.473655 0.797113 0.380804 0.447968 0.211257 0.270742 0.403806 0.352813 0.246277 0.319182 0.192263 0.191132 0.170609 0.136061 0.181658 0.150224 0.117139 0.157875 0.193569
BD_Bspro_t
 0.970182 0.840948 0.685107 0.556457 0.59056 0.634851 0.78712 0.713291 0.742305 0.648151 0.57311 0.721909 0.593582 0.497769 0.408602 0.58386 0.637321 0.685808 0.698123 0.593203 0.591487 0.664064 0.640544 0.629901 0.74057 0.738761 0.752219 0.778246 0.828074 0.778062 0.741427
BD_Bspro
 1.26074 1.53039 0.858152 0.402774 0.454881 0.409471 1.27426 1.10262 0.929997 0.473262 0.240423 0.318195 0.318239 0.269264 0.197029 0.430742 0.791939 1.05856 1.46507 1.02445 1.21484 1.74188 1.35985 1.06846 1.60446 1.26041 1.09645 1.14212 1.6763 1.20482 0.880671
BD_Bo
 0.871808 1.05828 0.593417 0.27852 0.314553 0.283151 0.881159 0.762468 0.643098 0.327263 0.166254 0.220034 0.220064 0.186198 0.136247 0.297861 0.547631 0.732001 1.0131 0.708411 0.840066 1.20452 0.940346 0.738848 1.10949 0.871583 0.758199 0.789782 1.15917 0.833137 0.608989
BD_Brms
 3.70081 4.49236 2.51904 1.18231 1.33527 1.20197 3.7405 3.23666 2.72994 1.38922 0.705743 0.934039 0.934167 0.790406 0.578365 1.26441 2.32468 3.10733 4.30059 3.00719 3.56606 5.11317 3.99175 3.13639 4.70977 3.69985 3.21854 3.35261 4.92067 3.53665 2.58515
Sel_flota
 0.5 1 1 1 1
 0.5 1 1 1 1
 0.5 1 1 1 1
 0.5 1 1 1 1
 0.5 1 1 1 1
 0.5 1 1 1 1
 0.5 1 1 1 1
 0.5 1 1 1 1
 0.5 1 1 1 1
 0.5 1 1 1 1
 0.5 1 1 1 1
 0.5 1 1 1 1
 0.5 1 1 1 1
 0.5 1 1 1 1
 0.5 1 1 1 1
 0.5 1 1 1 1
 0.5 1 1 1 1
 0.5 1 1 1 1
 0.5 1 1 1 1
 0.5 1 1 1 1
 0.5 1 1 1 1
 0.5 1 1 1 1
 0.5 1 1 1 1
 0.5 1 1 1 1
 0.5 1 1 1 1
 0.5 1 1 1 1
 0.5 1 1 1 1
 0.5 1 1 1 1
 0.5 1 1 1 1
 0.5 1 1 1 1
 0.5 1 1 1 1
Sel_reclas
 0.5 1 1 1 1
 0.5 1 1 1 1
 0.5 1 1 1 1
 0.5 1 1 1 1
 0.5 1 1 1 1
 0.5 1 1 1 1
 0.5 1 1 1 1
 0.5 1 1 1 1
 0.5 1 1 1 1
 0.5 1 1 1 1
 0.5 1 1 1 1
 0.5 1 1 1 1
 0.5 1 1 1 1
 0.5 1 1 1 1
 0.5 1 1 1 1
 0.5 1 1 1 1
 0.5 1 1 1 1
 0.5 1 1 1 1
 0.5 1 1 1 1
 0.5 1 1 1 1
 0.5 1 1 1 1
 0.5 1 1 1 1
 0.5 1 1 1 1
 0.5 1 1 1 1
 0.5 1 1 1 1
 0.5 1 1 1 1
 0.5 1 1 1 1
 0.5 1 1 1 1
 0.5 1 1 1 1
 0.5 1 1 1 1
 0.5 1 1 1 1
Sel_pelaces
 0.5 1 1 1 1
 0.5 1 1 1 1
 0.5 1 1 1 1
 0.5 1 1 1 1
 0.5 1 1 1 1
 0.5 1 1 1 1
 0.5 1 1 1 1
 0.5 1 1 1 1
 0.5 1 1 1 1
 0.5 1 1 1 1
 0.5 1 1 1 1
 0.5 1 1 1 1
 0.5 1 1 1 1
 0.5 1 1 1 1
 0.5 1 1 1 1
 0.5 1 1 1 1
 0.5 1 1 1 1
 0.5 1 1 1 1
 0.5 1 1 1 1
 0.5 1 1 1 1
 0.5 1 1 1 1
 0.5 1 1 1 1
 0.5 1 1 1 1
 0.5 1 1 1 1
 0.5 1 1 1 1
 0.5 1 1 1 1
 0.5 1 1 1 1
 0.5 1 1 1 1
 0.5 1 1 1 1
 0.5 1 1 1 1
 0.5 1 1 1 1
pf_obs 
 0.8446 0.082 0.0669 0.0065 0
 0.8095 0.147 0.0364 0.0071 0
 0.9664 0.0169 0.016 0.0007 0
 0.9276 0.0648 0.0075 0.0001 0
 0.7033 0.2144 0.0806 0.0017 0
 0.9318 0.0425 0.0243 0.0014 0
 0.5671 0.3108 0.0964 0.0239 0.0018
 0.0768 0.2599 0.5324 0.112 0.0189
 0.490249 0.384438 0.106611 0.0170017 0.00170017
 0.7925 0.1577 0.0466 0.003 0.0002
 0.840416 0.127587 0.0312969 0.00059994 9.999e-05
 0.8084 0.0986 0.0794 0.0134 0.0002
 0.7335 0.1905 0.0724 0.0035 0.0001
 0.4001 0.4547 0.1325 0.0127 0
 0.49795 0.308269 0.164784 0.0264974 0.00249975
 0.9179 0.0499 0.0305 0.0017 0
 0.2467 0.6533 0.0926 0.0074 0
 0.9418 0.0223 0.034 0.0019 0
 0.707729 0.231977 0.0356964 0.0245975 0
 0.517169 0.277429 0.184464 0.0207286 0.00020938
 0.811772 0.124168 0.05621 0.00726502 0.000585176
 0.764997 0.148141 0.077277 0.00933861 0.000247198
 0.163321 0.427699 0.378323 0.0303852 0.000271297
 0.753843 0.0900009 0.118128 0.0371064 0.000921714
 0.721811 0.176058 0.0630433 0.0369309 0.00215725
 0.143369 0.312575 0.442814 0.0836902 0.0175525
 0.692698 0.0596174 0.167031 0.0765114 0.00414204
 0.394062 0.376323 0.152708 0.0712218 0.00568511
 0.125707 0.32114 0.495352 0.0537591 0.00404204
 0.23352 0.215282 0.420074 0.123614 0.00750983
 0.774587 0.0839891 0.0768558 0.0609784 0.00358967
pf_pred 
 0.668408 0.209606 0.0771099 0.0283671 0.016509
 0.117834 0.714587 0.10593 0.0389695 0.0226794
 0.190097 0.180513 0.509829 0.075577 0.043984
 0.766008 0.0782077 0.0347215 0.0980652 0.0229974
 0.36803 0.557916 0.0247513 0.0109887 0.038314
 0.860554 0.0765968 0.0554844 0.0024615 0.00490312
 0.365966 0.589188 0.0246338 0.0178439 0.00236848
 0.219099 0.433986 0.322378 0.0134785 0.0110594
 0.13981 0.311382 0.305 0.226563 0.0172449
 0.458753 0.138094 0.145939 0.142947 0.114268
 0.732661 0.174147 0.0237771 0.0251278 0.0442874
 0.613663 0.328304 0.0378034 0.00516148 0.0150685
 0.570829 0.337959 0.0775105 0.00892515 0.00477618
 0.519868 0.362259 0.0928215 0.0212885 0.00376311
 0.745234 0.187387 0.0508371 0.013026 0.00351558
 0.799167 0.174281 0.0195299 0.00529835 0.00172399
 0.453057 0.492896 0.046901 0.00525571 0.00188979
 0.748573 0.160464 0.0819749 0.00780024 0.00118839
 0.470081 0.458852 0.045356 0.0231706 0.00254068
 0.537419 0.308639 0.133297 0.0131759 0.00746914
 0.666666 0.240333 0.0620513 0.026799 0.00415065
 0.523435 0.386729 0.0647715 0.0167232 0.00834114
 0.234803 0.541306 0.181686 0.0304297 0.0117753
 0.668823 0.130431 0.14201 0.0476646 0.0110723
 0.469998 0.429522 0.0395732 0.0430863 0.017821
 0.363968 0.414066 0.179885 0.0165734 0.0255081
 0.610608 0.211699 0.115681 0.0502559 0.0117567
 0.590054 0.314824 0.0517146 0.028259 0.0151487
 0.27657 0.542993 0.138569 0.0227621 0.0191058
 0.383571 0.272332 0.258273 0.0659098 0.0199143
 0.687822 0.176681 0.0598609 0.0567704 0.0188648
pobs_RECLAS
 0 0 0 0 0
 0 0 0 0 0
 0 0 0 0 0
 0 0 0 0 0
 0 0 0 0 0
 0 0 0 0 0
 0 0 0 0 0
 0 0 0 0 0
 0 0 0 0 0
 0 0 0 0 0
 0.991045 0.00858322 0.000360255 1.14367e-05 0
 0.934742 0.0480273 0.0164251 0.00080598 0
 0.827803 0.169806 0.00239088 0 0
 0.941827 0.0461693 0.0120037 0 0
 0.791401 0.0380133 0.147996 0.0225897 0
 0.846168 0.0940531 0.0597789 0 0
 0.134021 0.677848 0.182769 0.00536245 0
 0.80878 0.0450904 0.141981 0.00414843 0
 0.846168 0.0940531 0.0597789 0 0
 0.905697 0.0802665 0.012482 0.00150086 5.37128e-05
 0.989698 0.0102097 9.19794e-05 0 0
 0.975433 0.0193895 0.00387452 0.00125025 5.28907e-05
 0.303575 0.632131 0.0575291 0.00676475 0
 0.966965 0.00978017 0.0227588 0.000495775 0
 0.843318 0.132988 0.00938335 0.0141283 0.000182051
 0.564624 0.303363 0.111486 0.0197234 0.00080311
 0.826376 0.0876187 0.0782897 0.00655872 0.00115652
 0.89761 0.0855135 0.0140674 0.00269457 0.000114338
 0.34875 0.467042 0.161289 0.0227151 0.000203297
 0.318654 0.224769 0.449479 0.00709798 0
 0.937255 0.0296025 0.0250945 0.00804832 0
ppred_RECLAS
 0.670358 0.208374 0.0766564 0.0282003 0.0164119
 0.119029 0.713619 0.105787 0.0389168 0.0226487
 0.191756 0.180143 0.508785 0.0754221 0.0438939
 0.770477 0.0767141 0.0340584 0.0961923 0.0225582
 0.369657 0.55648 0.0246876 0.0109604 0.0382154
 0.86174 0.0759455 0.0550126 0.00244056 0.00486143
 0.369022 0.586348 0.0245151 0.0177579 0.00235707
 0.219371 0.433834 0.322265 0.0134738 0.0110555
 0.140795 0.311026 0.30465 0.226303 0.0172251
 0.462823 0.137055 0.144841 0.141872 0.113408
 0.73359 0.173542 0.0236945 0.0250405 0.0441335
 0.620282 0.322678 0.0371557 0.00507304 0.0148103
 0.577176 0.332961 0.0763642 0.00879316 0.00470554
 0.53256 0.352683 0.0903678 0.0207257 0.00366363
 0.748986 0.184628 0.0500885 0.0128342 0.00346381
 0.803026 0.170932 0.0191546 0.00519653 0.00169086
 0.45553 0.490668 0.046689 0.00523194 0.00188125
 0.751059 0.158877 0.0811643 0.0077231 0.00117663
 0.475395 0.45425 0.0449011 0.0229383 0.0025152
 0.541918 0.305637 0.132 0.0130478 0.0073965
 0.669301 0.238434 0.0615608 0.0265872 0.00411784
 0.527443 0.383476 0.0642267 0.0165826 0.00827099
 0.236419 0.540163 0.181302 0.0303655 0.0117504
 0.670794 0.129654 0.141164 0.0473809 0.0110064
 0.471954 0.427936 0.0394271 0.0429272 0.0177552
 0.365387 0.413142 0.179484 0.0165364 0.0254512
 0.612608 0.210611 0.115087 0.0499978 0.0116963
 0.591704 0.313557 0.0515065 0.0281453 0.0150877
 0.277613 0.54221 0.138369 0.0227292 0.0190782
 0.385277 0.271579 0.257558 0.0657274 0.0198592
 0.68976 0.175585 0.0594893 0.056418 0.0187477
pobs_PELACES
 0 0 0 0 0
 0 0 0 0 0
 0 0 0 0 0
 0 0 0 0 0
 0 0 0 0 0
 0 0 0 0 0
 0 0 0 0 0
 0 0 0 0 0
 0 0 0 0 0
 0 0 0 0 0
 0 0 0 0 0
 0 0 0 0 0
 0 0 0 0 0
 0 0 0 0 0
 0 0 0 0 0
 0 0 0 0 0
 0.505614 0.472636 0.0217494 0 0
 0 0 0 0 0
 0.443492 0.261883 0.143347 0.151278 0
 0.227955 0.32914 0.350689 0.0885471 0.00366901
 0.970185 0.0296113 0.000203453 0 0
 0.997202 0.00247181 0.000326279 0 0
 0.445219 0.490057 0.0546422 0.010081 0
 0.90214 0.0892962 0.00764917 0.000914606 0
 0 0 0 0 0
 0.581667 0.319106 0.0959925 0.00289975 0.000334073
 0.762889 0.0836404 0.116647 0.0363945 0.000428098
 0.88444 0.0763242 0.0277011 0.0115352 0
 0.521256 0.241999 0.230069 0.00667565 0
 0.616807 0.101726 0.260614 0.0208532 0
 0.833518 0.0704572 0.0857862 0.0102388 0
ppred_PELACES
 0.677219 0.204036 0.0750608 0.0276133 0.0160703
 0.123213 0.71023 0.105284 0.0387319 0.0225411
 0.197591 0.178843 0.505112 0.0748777 0.0435771
 0.783652 0.0723105 0.0321033 0.0906706 0.0212633
 0.375576 0.551255 0.0244557 0.0108575 0.0378566
 0.86582 0.0737043 0.0533891 0.00236854 0.00471797
 0.379407 0.576697 0.0241115 0.0174657 0.00231827
 0.220443 0.433239 0.321823 0.0134553 0.0110403
 0.144359 0.309736 0.303387 0.225365 0.0171537
 0.476149 0.133655 0.141248 0.138353 0.110595
 0.73704 0.171294 0.0233876 0.0247162 0.043562
 0.639641 0.306228 0.0352614 0.00481441 0.0140553
 0.596125 0.31804 0.0729419 0.00839909 0.00449466
 0.565115 0.32812 0.0840741 0.0192823 0.00340848
 0.760613 0.176076 0.0477684 0.0122397 0.00330336
 0.814456 0.161013 0.0180431 0.00489498 0.00159274
 0.464188 0.482865 0.0459466 0.00514875 0.00185133
 0.759317 0.153606 0.0784717 0.00746689 0.0011376
 0.492033 0.439844 0.0434771 0.0222108 0.00243543
 0.55633 0.296022 0.127847 0.0126373 0.00716379
 0.678232 0.231994 0.0598981 0.0258691 0.00400662
 0.540548 0.372842 0.0624456 0.0161227 0.00804162
 0.242194 0.536078 0.179931 0.0301358 0.0116615
 0.67772 0.126927 0.138194 0.046384 0.0107749
 0.478975 0.422246 0.0389029 0.0423565 0.0175192
 0.370608 0.409743 0.178007 0.0164003 0.0252418
 0.619697 0.206757 0.112981 0.0490829 0.0114822
 0.597678 0.308969 0.0507528 0.0277335 0.0148669
 0.281506 0.539288 0.137624 0.0226068 0.0189754
 0.391464 0.268845 0.254965 0.0650658 0.0196593
 0.696553 0.17174 0.0581867 0.0551827 0.0183372
pobs_pel_tallas
 0 0 0 0 0 0 0 0 0 0 0 0 0 0 0 0 0 0 0 0 0 0 0 0 0 0
 0 0 0 0 0 0 0 0 0 0 0 0 0 0 0 0 0 0 0 0 0 0 0 0 0 0
 0 0 0 0 0 0 0 0 0 0 0 0 0 0 0 0 0 0 0 0 0 0 0 0 0 0
 0 0 0 0 0 0 0 0 0 0 0 0 0 0 0 0 0 0 0 0 0 0 0 0 0 0
 0 0 0 0 0 0 0 0 0 0 0 0 0 0 0 0 0 0 0 0 0 0 0 0 0 0
 0 0 0 0 0 0 0 0 0 0 0 0 0 0 0 0 0 0 0 0 0 0 0 0 0 0
 0 0 0 0 0 0 0 0 0 0 0 0 0 0 0 0 0 0 0 0 0 0 0 0 0 0
 0 0 0 0 0 0 0 0 0 0 0 0 0 0 0 0 0 0 0 0 0 0 0 0 0 0
 0 0 0 0 0 0 0 0 0 0 0 0 0 0 0 0 0 0 0 0 0 0 0 0 0 0
 0 0 0 0 0 0 0 0 0 0 0 0 0 0 0 0 0 0 0 0 0 0 0 0 0 0
 0 0 0 0 0 0 0 0 0 0 0 0 0 0 0 0 0 0 0 0 0 0 0 0 0 0
 0 0 0 0 0 0 0 0 0 0 0 0 0 0 0 0 0 0 0 0 0 0 0 0 0 0
 0.00862536 0 0 0.000197151 0.00414017 0.0128641 0.00837892 0.0270097 0.101434 0.158115 0.152841 0.127902 0.109271 0.109419 0.0830992 0.0579132 0.0238553 0.00714673 0.00463305 0.00128148 0.00103504 0.000492878 0.000147863 0.000147863 4.92878e-05 0
 0 0 0 0 0 0 0 0 0 0 0 0 0 0 0 0 0 0 0 0 0 0 0 0 0 0
 0 0 0 0 0 0 0 0.0054083 0.00873648 0.0413646 0.0450493 0.0745869 0.0622846 0.0627006 0.0613931 0.0827291 0.12552 0.122667 0.0946155 0.0697135 0.0546179 0.0294188 0.0215738 0.0213955 0.0102223 0.00600262
 0 0 0 0 0.00359764 0.0251062 0.0480494 0.140153 0.205849 0.193036 0.1447 0.116669 0.0760912 0.0342217 0.00950174 0.001854 0.000860785 0 0 0 0.000165536 0 0.000143464 0 0 0
 0 0 0 0 0 0 0 0.000145254 0.000435761 0.0275982 0.070085 0.0708112 0.156366 0.174668 0.174014 0.160142 0.0824315 0.0480064 0.0283245 0.00493863 0.00203355 0 0 0 0 0
 0 0 0 0 0 0 0 0 0 0 0 0 0 0 0 0 0 0 0 0 0 0 0 0 0 0
 0 0 1.00437e-05 0.000401748 0.00122533 0.00171747 0.00176769 0.0269171 0.070346 0.194647 0.189555 0.159765 0.064822 0.0314167 0.0384472 0.0292271 0.0345202 0.0313363 0.0194345 0.0106764 0.0143323 0.0359363 0.0279516 0.0138201 0.00172751 0
 0 0.0021121 0.0136068 0.0755702 0.200478 0.177729 0.0527432 0.0373336 0.0318909 0.0142505 0.0149659 0.0166563 0.0217959 0.0798694 0.0677717 0.0528807 0.04013 0.0224614 0.0357745 0.0225083 0.00881397 0.00855152 0.00135912 0.000746735 0 0
 0 0 0 0 5.4009e-05 0.00500934 0.000945158 0.0243581 0.138947 0.33067 0.221406 0.137944 0.0707744 0.0437923 0.0131692 0.00525238 0.0047753 0.00276346 9.45158e-05 9.00151e-06 2.25038e-05 9.00151e-06 4.50075e-06 0 0 0
 0.000866109 0.00284123 0.00948549 0.0512746 0.133035 0.25785 0.225252 0.132002 0.0553304 0.0519788 0.0540692 0.017754 0.00435017 0.00159236 0.00146478 0.000404838 0.000125132 0.000115318 0.000107957 0.000100596 0 0 0 0 0 0
 0 0 0 0 0.00144013 0.00171154 0.00461396 0.0210425 0.0478622 0.0707936 0.0888783 0.103762 0.0637923 0.0337046 0.0602308 0.124433 0.169614 0.0934646 0.0462172 0.0250306 0.0313229 0.00938855 0.002487 0.000210481 0 0
 0 0.00764035 0.051015 0.0998891 0.058973 0.0496711 0.0374665 0.0718981 0.12319 0.153886 0.159021 0.0857701 0.0377988 0.023471 0.0147837 0.00900784 0.00315554 0.000888139 0.00291439 0.00214683 0.00393193 0.00274676 0.000635225 9.99891e-05 0 0
 0 0 0 0 0 0 0 0 0 0 0 0 0 0 0 0 0 0 0 0 0 0 0 0 0 0
 0 0 0 0 0 0 0 0 0 0 0 0 0 0 0 0 0 0 0 0 0 0 0 0 0 0
 0 0 0 0 0 0 0 0 0 0 0 0 0 0 0 0 0 0 0 0 0 0 0 0 0 0
 0 0 0 0 0 0 0 0 0 0 0 0 0 0 0 0 0 0 0 0 0 0 0 0 0 0
 0 0 0 0 0 0 0 0 0 0 0 0 0 0 0 0 0 0 0 0 0 0 0 0 0 0
 0 0 0 0 0 0 0 0 0 0 0 0 0 0 0 0 0 0 0 0 0 0 0 0 0 0
 0 0 0 0 0 0 0 0 0 0 0 0 0 0 0 0 0 0 0 0 0 0 0 0 0 0
ppred_pel_tallas
 1.07708e-16 5.57817e-05 0.000542218 0.00360323 0.0163798 0.0509636 0.108584 0.158486 0.158506 0.108681 0.051288 0.0173177 0.00596164 0.00570429 0.0099 0.0163857 0.0238538 0.0305414 0.0346907 0.0355078 0.0336074 0.030512 0.027623 0.0254901 0.0238201 0.0219954
 1.10919e-16 1.0149e-05 9.86524e-05 0.000655583 0.00298023 0.00927296 0.0197596 0.028854 0.0289225 0.0200941 0.0103964 0.00622536 0.00880224 0.0178861 0.0338015 0.0558921 0.0805824 0.10149 0.112116 0.109489 0.0959375 0.0774804 0.0601737 0.0472624 0.0387841 0.0330323
 1.29506e-16 1.62753e-05 0.000158202 0.00105131 0.0047791 0.0148697 0.031682 0.0462446 0.0462626 0.0317704 0.0151686 0.00565256 0.00328133 0.00515078 0.00986355 0.0172368 0.0270648 0.0387199 0.051452 0.0647719 0.0783423 0.0913452 0.101979 0.107786 0.106782 0.0985687
 1.13637e-16 6.45484e-05 0.000627434 0.00416952 0.018954 0.058973 0.125649 0.183389 0.183396 0.125683 0.0590889 0.0192896 0.00501567 0.00248811 0.00363995 0.00603045 0.00896768 0.0119242 0.0144592 0.016498 0.018417 0.0207622 0.0237865 0.0271589 0.0300504 0.0315177
 1.08342e-16 3.09358e-05 0.000300707 0.00199831 0.00908404 0.0282641 0.0602216 0.0879063 0.0879594 0.0604808 0.0291342 0.0115961 0.00830037 0.0140462 0.0261016 0.0430137 0.0617588 0.0772577 0.0843785 0.0808163 0.0685328 0.0525236 0.0379154 0.0276044 0.0217841 0.01899
 1.02596e-16 7.13165e-05 0.000693221 0.0046067 0.0209414 0.0651565 0.138823 0.202618 0.202625 0.138858 0.0652744 0.0212829 0.00546723 0.0025824 0.00369037 0.00606917 0.00892458 0.0116152 0.0135254 0.0143518 0.0142395 0.0136036 0.0127965 0.0119085 0.0108288 0.00944661
 1.02988e-16 3.12514e-05 0.000303775 0.00201869 0.00917672 0.0285525 0.0608361 0.0888037 0.0888592 0.0611072 0.0294625 0.0118042 0.00860964 0.0146776 0.0272879 0.0449538 0.0645006 0.0805816 0.0877747 0.0835967 0.0700204 0.0522114 0.0355285 0.0230915 0.0153014 0.0109083
 1.12616e-16 1.81577e-05 0.000176499 0.0011729 0.00533186 0.0165896 0.0353475 0.0515995 0.0516417 0.0355537 0.0172831 0.00734005 0.00623302 0.0112864 0.0213038 0.035674 0.0525084 0.0683537 0.0795988 0.0844223 0.0836163 0.0795504 0.0742448 0.0682374 0.0609673 0.0519488
 1.34339e-16 1.18907e-05 0.000115582 0.000768084 0.00349162 0.0108639 0.0231478 0.0337912 0.0338215 0.0232962 0.0113637 0.00494177 0.00443241 0.00819612 0.0156003 0.0264148 0.039584 0.0530666 0.0648059 0.0739826 0.0813674 0.0883174 0.0952415 0.100878 0.102946 0.0995546
 1.36701e-16 3.92198e-05 0.00038123 0.00253341 0.0115165 0.0358322 0.0763448 0.11143 0.111443 0.0764092 0.036049 0.0121462 0.00412774 0.00390785 0.00687636 0.0116832 0.0177452 0.0243361 0.0308311 0.0371991 0.0440727 0.0521779 0.0615136 0.0709308 0.0784412 0.0820316
 1.1057e-16 6.07091e-05 0.000590114 0.00392151 0.0178266 0.0554654 0.118175 0.172484 0.172501 0.118256 0.0557366 0.0186101 0.00588913 0.0048889 0.00823613 0.0135527 0.0196043 0.024862 0.0278443 0.0279535 0.0258762 0.0231452 0.0211935 0.0206132 0.0210563 0.0216573
 1.03958e-16 5.26864e-05 0.000512131 0.00340329 0.0154709 0.0481358 0.10256 0.149695 0.149724 0.102704 0.0486198 0.0168687 0.00691139 0.0081685 0.0145882 0.0240205 0.0345668 0.0434074 0.0477074 0.0461693 0.0398125 0.0312903 0.0233108 0.0173844 0.0136159 0.0113006
 1.0379e-16 4.91021e-05 0.00047729 0.00317176 0.0144184 0.0448611 0.0955824 0.139512 0.139542 0.0957324 0.0453649 0.0158741 0.00682787 0.00846531 0.0152393 0.0251665 0.0363653 0.0459711 0.0510826 0.0503392 0.0446947 0.0367035 0.0289304 0.0227441 0.0181974 0.0146871
 1.05021e-16 4.65478e-05 0.000452461 0.00300677 0.0136683 0.0425275 0.0906104 0.132255 0.132287 0.0907653 0.0430476 0.0151715 0.00678283 0.00870548 0.0157495 0.026039 0.0376822 0.0477557 0.0532971 0.0529229 0.0476108 0.0399505 0.0325024 0.0265726 0.02212 0.0184706
 1.03211e-16 6.26507e-05 0.000608987 0.00404693 0.0183968 0.0572393 0.121955 0.178001 0.178018 0.122038 0.0575186 0.0192038 0.00607444 0.00504121 0.00849839 0.013998 0.0202701 0.0257248 0.0287799 0.0287005 0.0260118 0.0220929 0.0182954 0.0152898 0.0130231 0.0111115
 1.01323e-16 6.70857e-05 0.000652097 0.00433341 0.0196991 0.0612912 0.130588 0.1906 0.190616 0.130664 0.0615457 0.020434 0.00617768 0.00467696 0.00770754 0.0126268 0.0181616 0.0227938 0.0250244 0.0241629 0.0207359 0.0161304 0.0117679 0.00845023 0.00625344 0.00484003
 1.0228e-16 3.82347e-05 0.000371655 0.00246978 0.0112273 0.0349325 0.0744291 0.108641 0.108688 0.0746563 0.0356952 0.0134299 0.00799663 0.0124303 0.0229207 0.0377812 0.054301 0.0680276 0.0744404 0.0714418 0.0606074 0.0461318 0.0323562 0.0217948 0.0147875 0.010404
 1.03246e-16 6.2544e-05 0.00060795 0.00404004 0.0183655 0.0571418 0.121747 0.177697 0.177712 0.12182 0.0573866 0.0190735 0.00582153 0.00451093 0.00751586 0.0124324 0.0181496 0.0233344 0.0266513 0.0274509 0.0260955 0.0235994 0.0209074 0.0184121 0.0160062 0.0134588
 1.04007e-16 4.05282e-05 0.000393948 0.00261793 0.0119007 0.0370279 0.0788934 0.115156 0.115198 0.0791004 0.0377229 0.0139078 0.0076546 0.011385 0.0209029 0.0344625 0.0495717 0.0621971 0.0682568 0.0658789 0.0565255 0.0440118 0.0322367 0.023382 0.0176161 0.0139586
 1.06245e-16 4.58242e-05 0.000445428 0.00296003 0.0134559 0.0418664 0.0892018 0.130199 0.130227 0.0893419 0.0423373 0.0148178 0.00638499 0.00794351 0.0143485 0.0238111 0.0346744 0.0443898 0.0503588 0.0513363 0.0480846 0.0426854 0.0371178 0.0322695 0.0279762 0.0237208
 1.05061e-16 5.58651e-05 0.000543029 0.00360862 0.0164043 0.0510399 0.108747 0.158724 0.158746 0.108856 0.0514078 0.0174675 0.00627983 0.00638245 0.0111702 0.0184422 0.0267132 0.0339165 0.0379824 0.0379622 0.0345701 0.0296385 0.0249435 0.0213335 0.0186757 0.01639
 1.04876e-16 4.45243e-05 0.000432792 0.00287606 0.0130742 0.0406788 0.0866717 0.126507 0.126543 0.0868474 0.0412687 0.0147784 0.00715468 0.00977596 0.0177975 0.029375 0.0423652 0.05339 0.0590312 0.0577117 0.0506211 0.0408757 0.0316181 0.0245447 0.0197126 0.0163033
 1.10326e-16 1.99493e-05 0.000193914 0.00128863 0.00585796 0.0182266 0.0388355 0.0566925 0.0567443 0.0390889 0.0190778 0.00831862 0.00747327 0.0137217 0.0257898 0.0428082 0.0621409 0.079138 0.089033 0.08958 0.0822893 0.0711884 0.0601834 0.0511475 0.0438727 0.0372894
 1.10496e-16 5.5823e-05 0.000542619 0.00360589 0.0163919 0.0510013 0.108664 0.158601 0.158613 0.108725 0.0512062 0.0169865 0.00510836 0.00385567 0.00644573 0.0108251 0.0161944 0.0216449 0.0262718 0.0296513 0.0320007 0.0338101 0.0352728 0.0360324 0.0354404 0.0330526
 1.08444e-16 3.94526e-05 0.000383494 0.00254845 0.0115849 0.0360452 0.0767996 0.1121 0.11214 0.0769983 0.0367125 0.0135122 0.00738539 0.0109405 0.0200838 0.0331289 0.0477009 0.0599661 0.0660664 0.0642834 0.0560998 0.0452217 0.0353563 0.0284521 0.0244215 0.0220288
 1.11159e-16 3.05266e-05 0.000296729 0.00197187 0.00896387 0.0278901 0.0594244 0.0867399 0.0867796 0.0596183 0.0285421 0.0108493 0.0067137 0.0106787 0.0198372 0.0329804 0.0480524 0.0615684 0.0699589 0.0715332 0.0673803 0.0604046 0.0533406 0.0473699 0.0421713 0.0369037
 1.10179e-16 5.10437e-05 0.000496162 0.00329718 0.0149885 0.0466349 0.0993613 0.145025 0.145045 0.0994594 0.0469649 0.0159436 0.00570189 0.00576994 0.0101388 0.0168706 0.0247476 0.0320771 0.0371636 0.0392392 0.0388626 0.0373834 0.0359243 0.0347252 0.0332634 0.0308657
 1.06841e-16 4.923e-05 0.000478533 0.00318002 0.0144559 0.044978 0.0958314 0.139875 0.139905 0.095977 0.045467 0.0158686 0.00672709 0.00822554 0.0147736 0.0243774 0.0351899 0.0444278 0.0492968 0.048539 0.0431864 0.0358426 0.0290812 0.0242094 0.0211159 0.0189418
 1.09588e-16 2.31874e-05 0.00022539 0.0014978 0.0068088 0.021185 0.0451388 0.0658923 0.0659443 0.0453933 0.0220398 0.00927921 0.00770369 0.0137889 0.0258298 0.0427883 0.0619243 0.0784765 0.087584 0.0869843 0.0783042 0.0658263 0.0537857 0.0443409 0.037408 0.0318271
 1.17279e-16 3.22444e-05 0.000313427 0.00208284 0.00946829 0.0294595 0.0627676 0.0916166 0.0916429 0.0628961 0.0298921 0.0107225 0.00524854 0.00728237 0.0134388 0.0226157 0.033631 0.044513 0.0532281 0.0587989 0.061712 0.0631873 0.0639682 0.0637134 0.0614189 0.0563498
 1.10361e-16 5.73742e-05 0.000557698 0.0037061 0.0168474 0.0524186 0.111684 0.163009 0.163026 0.111765 0.0526917 0.0176373 0.00569266 0.00490748 0.00835794 0.0138334 0.0201818 0.0259492 0.0297156 0.0308908 0.0300685 0.0285661 0.0275144 0.0272145 0.0271606 0.0265461
pSPR Fmed_Fpbrs
0.698247   0.285572 0.285572
Fs Fmed_Fpbrs
0.230014   1.005 1.005
SSBpbr Bo_Bmed_Bpbrs
1.99818e+06  1.29531e+06  470716 470716
Ro
193308
SPR SPRFo_SPRFmed_SPRFpbrs
1.38175e+06 964804 394590
Fref
1.005
Nvult_r0
 232146 32446.8 10993.2 10425.7 3464.45
CTP_r0
 20485.5 5262.12 1782.84 1690.8 561.854
YTP_r0
391726
Np
 272181 116392 14114.5 4782.08 5909.98
Nvult_p0
 211601 100718 12213.8 4138.12 5114.14
CTP_p0
 70768.3 50484.8 6122.13 2074.22 2563.45
YTP_p0
 1.63748e+06
CBA_c0
765451
log_Ro
11.992
likeval ReclasPelacesDesembMPH_pf_preclas_ppelaces_ptallas_desvR_qrecl_qpela
 19.771 22.9168 0.635197 0.00304668 265.235 138.012 105.062 0 33.3037 0 0 1.62415 0 0 0
q_reclas_q_pelaces
1 1
M
1
N
 522493 85139 31320.9 11522.3 6705.71
 54960.3 174865 25922 9536.16 5549.82
 36115.2 17948 50691.3 7514.47 4373.25
 212459 11869.1 5269.47 14882.8 3490.18
 79356.8 62067.9 2753.57 1222.49 4262.42
 582174 27037.5 19585.2 868.872 1730.73
 226915 192806 8061.18 5839.27 775.065
 73109.9 72979.2 54211.2 2266.55 1859.74
 22861.3 26391.5 25850.5 19202.5 1461.61
 47949.2 7699.11 8136.48 7969.7 6370.74
 123448 14999.3 2047.92 2164.26 3814.48
 145900 43038.7 4955.81 676.641 1975.4
 128519 41730.2 9570.76 1102.05 589.748
 92318.6 37309.7 9559.83 2192.53 387.569
 168176 22798.4 6185.07 1584.8 427.721
 429613 51142.2 5730.97 1554.78 505.9
 222500 126330 12020.8 1347.05 484.358
 650743 73648.3 37624.1 3580.08 545.435
 395613 209086 20667.4 10558.2 1157.72
 386138 118930 51364 5077.16 2878.13
 628608 119079 30744.8 13278.2 2056.54
 519301 204459 34244 8841.4 4409.87
 135871 162860 54663 9155.26 3542.78
 447883 45403 49433.6 16592.1 3854.28
 316515 149750 13796.9 15021.7 6213.18
 182794 106918 46449.1 4279.5 6586.6
 349246 62823.7 34329.5 14913.9 3488.91
 426479 117325 19272.4 10531.2 5645.43
 144733 145540 37141 6100.98 5120.98
 136962 50215.3 47622.8 12153.1 3671.99
 348538 46561.3 15775.3 14960.8 4971.5
pred_Ctot
 30042.7 9421.1 3465.83 1275.01 742.024
 3939.9 23892.9 3541.87 1302.98 758.306
 2457.26 2333.38 6590.26 976.939 568.555
 28173.7 2876.48 1277.05 3606.83 845.845
 3728.29 5651.91 250.74 111.32 388.136
 37025.3 3295.58 2387.21 105.906 210.957
 18237.8 29361.9 1227.61 889.246 118.032
 867.605 1718.53 1276.58 53.3734 43.7937
 1230.73 2741.06 2684.87 1994.4 151.805
 4597.11 1383.82 1462.43 1432.45 1145.06
 4099.42 974.393 133.039 140.596 247.799
 20946.7 11206.3 1290.38 176.181 514.346
 17464.8 10340.1 2371.48 273.07 146.13
 19811.7 13805.4 3537.34 811.285 143.409
 18719.3 4706.91 1276.96 327.195 88.3066
 55499.5 12103.3 1356.29 367.953 119.726
 14220.9 15471.4 1472.16 164.97 59.3181
 52659.2 11288 5766.62 548.716 83.5984
 46478.9 45368.7 4484.55 2290.98 251.208
 40046.5 22998.7 9932.77 981.821 556.573
 46502.7 16764.2 4328.33 1869.34 289.525
 49055.9 36243.9 6070.33 1567.29 781.725
 7934.16 18291.1 6139.29 1028.24 397.895
 26006 5071.58 5521.8 1853.36 430.529
 16474.2 15055.4 1387.11 1510.24 624.656
 7641.77 8693.62 3776.82 347.97 535.563
 19311.1 6695.2 3658.54 1589.4 371.817
 19627.6 10472.3 1720.24 940.012 503.908
 5229.57 10267.3 2620.15 430.4 361.265
 6613.95 4695.86 4453.42 1136.49 343.384
 20485.5 5262.12 1782.84 1690.8 561.854
F
 0.0945971 0.189194 0.189194 0.189194 0.189194
 0.11913 0.23826 0.23826 0.23826 0.23826
 0.112776 0.225552 0.225552 0.225552 0.225552
 0.230521 0.461042 0.461042 0.461042 0.461042
 0.0767281 0.153456 0.153456 0.153456 0.153456
 0.105083 0.210166 0.210166 0.210166 0.210166
 0.1344 0.2688 0.2688 0.2688 0.2688
 0.0189223 0.0378447 0.0378447 0.0378447 0.0378447
 0.0883418 0.176684 0.176684 0.176684 0.176684
 0.162139 0.324279 0.324279 0.324279 0.324279
 0.0537206 0.107441 0.107441 0.107441 0.107441
 0.251694 0.503388 0.503388 0.503388 0.503388
 0.236828 0.473655 0.473655 0.473655 0.473655
 0.398557 0.797113 0.797113 0.797113 0.797113
 0.190402 0.380804 0.380804 0.380804 0.380804
 0.223984 0.447968 0.447968 0.447968 0.447968
 0.105628 0.211257 0.211257 0.211257 0.211257
 0.135371 0.270742 0.270742 0.270742 0.270742
 0.201903 0.403806 0.403806 0.403806 0.403806
 0.176407 0.352813 0.352813 0.352813 0.352813
 0.123138 0.246277 0.246277 0.246277 0.246277
 0.159591 0.319182 0.319182 0.319182 0.319182
 0.0961316 0.192263 0.192263 0.192263 0.192263
 0.0955658 0.191132 0.191132 0.191132 0.191132
 0.0853045 0.170609 0.170609 0.170609 0.170609
 0.0680303 0.136061 0.136061 0.136061 0.136061
 0.090829 0.181658 0.181658 0.181658 0.181658
 0.0751121 0.150224 0.150224 0.150224 0.150224
 0.0585697 0.117139 0.117139 0.117139 0.117139
 0.0789375 0.157875 0.157875 0.157875 0.157875
 0.0967847 0.193569 0.193569 0.193569 0.193569
nmprior
 8.19 8.8 8.5 0
nm_flota  nm_reclas  nm_pelaces    nm_pelaL
inf 6.31479 8.45409 16.0394
cv_recla  cv_pelaces  cv_mph
0.402197 0.542812 1.70341
 ------------------------------------------------
Talla a la edad & desviaci?n 
 8 13.2811 15.8009 17.003 17.5766
 0.8 1.32811 1.58009 1.7003 1.75766
