years
 1991 1992 1993 1994 1995 1996 1997 1998 1999 2000 2001 2002 2003 2004 2005 2006 2007 2008 2009 2010 2011 2012 2013 2014 2015 2016 2017 2018 2019 2020 2021
reclasobs
 0 0 0 0 0 0 0 0 0 252601 567819 844713 477998 351125 339783 2.1784e+06 2.13404e+06 4.81314e+06 1.55562e+06 2.62356e+06 3.21686e+06 3.843e+06 1.13348e+06 3.07943e+06 1.97215e+06 2.03268e+06 2.025e+06 2.42433e+06 2.27542e+06 1.05018e+06 2.36338e+06
reclaspred
 1.72294e+06 1.30593e+06 642960 416611 394135 732683 599156 424330 253963 161739 275776 494112 455595 302075 448126 904668 1.24037e+06 1.71393e+06 1.74945e+06 1.43639e+06 2.25726e+06 1.83511e+06 1.75505e+06 2.2566e+06 1.98425e+06 1.53395e+06 1.55469e+06 1.91609e+06 2.21188e+06 1.18888e+06 1.13534e+06
pelacesobs
 0 0 0 0 0 0 0 0 0 0 0 0 0 0 0 552880 188675 0 991730 2.46772e+06 1.41603e+06 1.21717e+06 2.29649e+06 1.80582e+06 0 1.4828e+06 1.56532e+06 1.57751e+06 1.42118e+06 867257 1.10002e+06
pelacespred
 707575 592236 306867 167897 165511 322208 228200 196110 112910 64347.7 128647 193525 190659 132536 222251 375449 507468 754127 829207 649754 902096 863323 790694 1.12901e+06 1.01332e+06 748891 860370 1.06413e+06 1.00319e+06 627225 575603
mphobs
 0 0 0 0 0 0 0 0 0 0 0 498337 0 5186 125008 0 168611 109162 213762 579715 649985 157893 87575 83554 0 0 0 0 0 0 0
mphpred
 1.25495e+06 1.39632e+06 734379 327208 331520 286407 665442 366113 248390 147066 95183.1 327295 389299 251773 177201 419473 966290 968921 1.33435e+06 1.28852e+06 1.37147e+06 1.48759e+06 1.58566e+06 1.22922e+06 1.93808e+06 1.44138e+06 968291 1.22904e+06 2.03528e+06 1.32819e+06 696338
desembarqueobs
 494567 514787 250237 358949 120608 361735 552515 73892 212993 205616 52469 317467 293654 387597 252695 516296 358380 742168 942051 627588 828172 859565 418607 520667 417249 300574 407403 355545 319650 289779 391294
desembarquepred
 494276 513113 249928 357788 120423 361298 552407 73790.3 212896 205513 52494.2 317682 293342 387454 253633 517080 358559 740407 942506 628178 828836 859672 417973 520877 417719 300660 406687 355153 319600 290329 391916
Reclutas
 366686 59814.4 39083.8 138682 52608.5 270491 75957 14958.3 31396 45440.4 120772 152140 84219.4 82511.3 134937 428266 119147 496414 517706 296205 371592 646802 91254.4 408391 258363 80393.4 324330 401947 85916.9 45833.2 244382
log_desv_Rt
 0.955303 -0.857958 -1.2835 -0.01702 -0.986327 0.651035 -0.619038 -2.24394 -1.50252 -1.1328 -0.1553 0.0755973 -0.515779 -0.53627 -0.044394 1.11054 -0.16885 1.2582 1.3002 0.741848 0.968592 1.52284 -0.435553 1.06302 0.605161 -0.562273 0.832558 1.04712 -0.495824 -1.1242 0.54953
SSB
 1.25495e+06 1.39632e+06 734379 327208 331520 286407 665442 366113 248390 147066 95183.1 327295 389299 251773 177201 419473 966290 968921 1.33435e+06 1.28852e+06 1.37147e+06 1.48759e+06 1.58566e+06 1.22922e+06 1.93808e+06 1.44138e+06 968291 1.22904e+06 2.03528e+06 1.32819e+06 696338
BT
 2.41768e+06 1.91044e+06 975524 864351 538788 1.55189e+06 1.0869e+06 580214 554777 410193 537679 893597 830220 872864 1.13027e+06 1.82055e+06 1.67274e+06 3.24795e+06 3.611e+06 2.41327e+06 3.52098e+06 3.48839e+06 2.39414e+06 4.43418e+06 3.07127e+06 2.22471e+06 3.41995e+06 3.97551e+06 2.69912e+06 1.84157e+06 2.3758e+06
Ftot
 0.269673 0.364408 0.360621 0.771575 0.286134 0.459176 0.81319 0.164585 0.751394 1.09743 0.180798 0.58784 0.586137 1.1129 0.525527 0.529237 0.271212 0.402417 0.497005 0.405728 0.342836 0.434516 0.224172 0.218243 0.19876 0.185185 0.246824 0.17581 0.137042 0.229672 0.323908
BD_Bspro_t
 0.95777 0.777629 0.574875 0.421918 0.427912 0.459187 0.574056 0.380483 0.367687 0.299278 0.275959 0.639436 0.539563 0.392963 0.311314 0.502801 0.603674 0.587338 0.609248 0.564116 0.529127 0.549343 0.594866 0.572581 0.703318 0.692905 0.662126 0.733233 0.807247 0.732912 0.625432
BD_Bspro
 1.24461 1.38482 0.728329 0.324513 0.328789 0.284048 0.65996 0.363097 0.246344 0.145854 0.0943991 0.324599 0.386092 0.249698 0.175741 0.416018 0.95833 0.960939 1.32336 1.27791 1.36017 1.47534 1.5726 1.21909 1.92212 1.42951 0.960314 1.21892 2.01851 1.31725 0.690602
BD_Bo
 0.760401 0.846064 0.444977 0.198263 0.200875 0.173541 0.403207 0.221836 0.150505 0.0891106 0.0576736 0.198315 0.235885 0.152555 0.10737 0.254168 0.585497 0.587091 0.808515 0.780745 0.831002 0.901365 0.96079 0.744812 1.17433 0.873367 0.586709 0.744705 1.23322 0.804781 0.421927
BD_Brms
 3.22789 3.59153 1.88892 0.841622 0.852712 0.736677 1.7116 0.94169 0.638892 0.378273 0.244823 0.841845 1.00133 0.647592 0.455784 1.07894 2.48542 2.49219 3.43213 3.31425 3.52759 3.82627 4.07853 3.16171 4.98501 3.70742 2.49057 3.16126 5.23499 3.41628 1.79107
Sel_flota
 0.5 1 1 1 1
 0.5 1 1 1 1
 0.5 1 1 1 1
 0.5 1 1 1 1
 0.5 1 1 1 1
 0.5 1 1 1 1
 0.5 1 1 1 1
 0.5 1 1 1 1
 0.5 1 1 1 1
 0.5 1 1 1 1
 0.5 1 1 1 1
 0.5 1 1 1 1
 0.5 1 1 1 1
 0.5 1 1 1 1
 0.5 1 1 1 1
 0.5 1 1 1 1
 0.5 1 1 1 1
 0.5 1 1 1 1
 0.5 1 1 1 1
 0.5 1 1 1 1
 0.5 1 1 1 1
 0.5 1 1 1 1
 0.5 1 1 1 1
 0.5 1 1 1 1
 0.5 1 1 1 1
 0.5 1 1 1 1
 0.5 1 1 1 1
 0.5 1 1 1 1
 0.5 1 1 1 1
 0.5 1 1 1 1
 0.5 1 1 1 1
Sel_reclas
 0.5 1 1 1 1
 0.5 1 1 1 1
 0.5 1 1 1 1
 0.5 1 1 1 1
 0.5 1 1 1 1
 0.5 1 1 1 1
 0.5 1 1 1 1
 0.5 1 1 1 1
 0.5 1 1 1 1
 0.5 1 1 1 1
 0.5 1 1 1 1
 0.5 1 1 1 1
 0.5 1 1 1 1
 0.5 1 1 1 1
 0.5 1 1 1 1
 0.5 1 1 1 1
 0.5 1 1 1 1
 0.5 1 1 1 1
 0.5 1 1 1 1
 0.5 1 1 1 1
 0.5 1 1 1 1
 0.5 1 1 1 1
 0.5 1 1 1 1
 0.5 1 1 1 1
 0.5 1 1 1 1
 0.5 1 1 1 1
 0.5 1 1 1 1
 0.5 1 1 1 1
 0.5 1 1 1 1
 0.5 1 1 1 1
 0.5 1 1 1 1
Sel_pelaces
 0.5 1 1 1 1
 0.5 1 1 1 1
 0.5 1 1 1 1
 0.5 1 1 1 1
 0.5 1 1 1 1
 0.5 1 1 1 1
 0.5 1 1 1 1
 0.5 1 1 1 1
 0.5 1 1 1 1
 0.5 1 1 1 1
 0.5 1 1 1 1
 0.5 1 1 1 1
 0.5 1 1 1 1
 0.5 1 1 1 1
 0.5 1 1 1 1
 0.5 1 1 1 1
 0.5 1 1 1 1
 0.5 1 1 1 1
 0.5 1 1 1 1
 0.5 1 1 1 1
 0.5 1 1 1 1
 0.5 1 1 1 1
 0.5 1 1 1 1
 0.5 1 1 1 1
 0.5 1 1 1 1
 0.5 1 1 1 1
 0.5 1 1 1 1
 0.5 1 1 1 1
 0.5 1 1 1 1
 0.5 1 1 1 1
 0.5 1 1 1 1
pf_obs 
 0.8446 0.082 0.0669 0.0065 0
 0.8095 0.147 0.0364 0.0071 0
 0.9664 0.0169 0.016 0.0007 0
 0.9276 0.0648 0.0075 0.0001 0
 0.7033 0.2144 0.0806 0.0017 0
 0.9318 0.0425 0.0243 0.0014 0
 0.5671 0.3108 0.0964 0.0239 0.0018
 0.0768 0.2599 0.5324 0.112 0.0189
 0.490249 0.384438 0.106611 0.0170017 0.00170017
 0.7925 0.1577 0.0466 0.003 0.0002
 0.840416 0.127587 0.0312969 0.00059994 9.999e-05
 0.8084 0.0986 0.0794 0.0134 0.0002
 0.7335 0.1905 0.0724 0.0035 0.0001
 0.4001 0.4547 0.1325 0.0127 0
 0.49795 0.308269 0.164784 0.0264974 0.00249975
 0.9179 0.0499 0.0305 0.0017 0
 0.2467 0.6533 0.0926 0.0074 0
 0.9418 0.0223 0.034 0.0019 0
 0.707729 0.231977 0.0356964 0.0245975 0
 0.517169 0.277429 0.184464 0.0207286 0.00020938
 0.811772 0.124168 0.05621 0.00726502 0.000585176
 0.764997 0.148141 0.077277 0.00933861 0.000247198
 0.163321 0.427699 0.378323 0.0303852 0.000271297
 0.753843 0.0900009 0.118128 0.0371064 0.000921714
 0.721811 0.176058 0.0630433 0.0369309 0.00215725
 0.143369 0.312575 0.442814 0.0836902 0.0175525
 0.692698 0.0596174 0.167031 0.0765114 0.00414204
 0.394062 0.376323 0.152708 0.0712218 0.00568511
 0.125707 0.32114 0.495352 0.0537591 0.00404204
 0.23352 0.215282 0.420074 0.123614 0.00750983
 0.774587 0.0839891 0.0768558 0.0609784 0.00358967
pf_pred 
 0.663226 0.212882 0.0783148 0.0288104 0.016767
 0.180977 0.663592 0.0982513 0.0361446 0.0210353
 0.27437 0.239702 0.393711 0.0582927 0.033925
 0.753186 0.112902 0.044236 0.0726578 0.0170184
 0.415733 0.517657 0.0304699 0.0119384 0.0242018
 0.84282 0.0955501 0.0546038 0.00321404 0.00381217
 0.340606 0.609938 0.0300644 0.0171808 0.00221076
 0.191969 0.461824 0.320241 0.015785 0.0101813
 0.542703 0.1522 0.174375 0.120916 0.00980434
 0.723144 0.207676 0.0230249 0.0263795 0.0197755
 0.851163 0.131198 0.0132311 0.00146693 0.00294056
 0.659569 0.314378 0.0229651 0.002316 0.000771493
 0.48174 0.426437 0.084796 0.00619431 0.000832779
 0.600169 0.275924 0.101953 0.0202732 0.00168005
 0.776919 0.180973 0.0290588 0.0107371 0.00231199
 0.847058 0.136285 0.0135131 0.00216979 0.000974366
 0.325775 0.626158 0.0428321 0.00424694 0.000988155
 0.782263 0.11142 0.098738 0.00675413 0.000825514
 0.629613 0.329758 0.0207904 0.018424 0.00141433
 0.462988 0.428681 0.096448 0.00608079 0.00580234
 0.596439 0.266749 0.109213 0.0245715 0.0030274
 0.700884 0.229184 0.046224 0.0189251 0.00478252
 0.173598 0.696207 0.099756 0.0201198 0.0103191
 0.687894 0.0967288 0.181446 0.0259984 0.00793298
 0.451584 0.452265 0.0297994 0.0558982 0.0104533
 0.235749 0.486034 0.229439 0.0151175 0.0336608
 0.713849 0.112911 0.110174 0.0520092 0.0110571
 0.624782 0.316318 0.0232409 0.0226775 0.0129811
 0.202477 0.62062 0.149134 0.0109573 0.0168119
 0.219551 0.269923 0.397283 0.0954664 0.0177762
 0.765263 0.0882508 0.0506631 0.0745681 0.0212551
pobs_RECLAS
 0 0 0 0 0
 0 0 0 0 0
 0 0 0 0 0
 0 0 0 0 0
 0 0 0 0 0
 0 0 0 0 0
 0 0 0 0 0
 0 0 0 0 0
 0 0 0 0 0
 0 0 0 0 0
 0.991045 0.00858322 0.000360255 1.14367e-05 0
 0.934742 0.0480273 0.0164251 0.00080598 0
 0.827803 0.169806 0.00239088 0 0
 0.941827 0.0461693 0.0120037 0 0
 0.791401 0.0380133 0.147996 0.0225897 0
 0.846168 0.0940531 0.0597789 0 0
 0.134021 0.677848 0.182769 0.00536245 0
 0.80878 0.0450904 0.141981 0.00414843 0
 0.846168 0.0940531 0.0597789 0 0
 0.905697 0.0802665 0.012482 0.00150086 5.37128e-05
 0.989698 0.0102097 9.19794e-05 0 0
 0.975433 0.0193895 0.00387452 0.00125025 5.28907e-05
 0.303575 0.632131 0.0575291 0.00676475 0
 0.966965 0.00978017 0.0227588 0.000495775 0
 0.843318 0.132988 0.00938335 0.0141283 0.000182051
 0.564624 0.303363 0.111486 0.0197234 0.00080311
 0.826376 0.0876187 0.0782897 0.00655872 0.00115652
 0.89761 0.0855135 0.0140674 0.00269457 0.000114338
 0.34875 0.467042 0.161289 0.0227151 0.000203297
 0.318654 0.224769 0.449479 0.00709798 0
 0.937255 0.0296025 0.0250945 0.00804832 0
ppred_RECLAS
 0.666167 0.211023 0.077631 0.0285588 0.0166206
 0.183785 0.661317 0.0979145 0.0360207 0.0209632
 0.278087 0.238474 0.391694 0.0579941 0.0337512
 0.762134 0.108808 0.0426323 0.0700237 0.0164014
 0.419171 0.514611 0.0302906 0.0118682 0.0240594
 0.8461 0.0935562 0.0534643 0.00314697 0.00373261
 0.352448 0.598985 0.0295245 0.0168723 0.00217106
 0.193142 0.461154 0.319776 0.015762 0.0101665
 0.554353 0.148323 0.169933 0.117836 0.00955458
 0.738679 0.196023 0.021733 0.0248994 0.0186658
 0.852221 0.130265 0.0131371 0.0014565 0.00291965
 0.667188 0.307342 0.0224512 0.00226417 0.000754228
 0.490231 0.419451 0.0834068 0.00609282 0.000819135
 0.619338 0.262696 0.0970653 0.0193012 0.0015995
 0.782003 0.176849 0.0283966 0.0104925 0.0022593
 0.850883 0.132876 0.0131751 0.00211551 0.000949993
 0.328699 0.623443 0.0426464 0.00422852 0.00098387
 0.785857 0.10958 0.0971079 0.00664263 0.000811885
 0.636018 0.324056 0.0204309 0.0181054 0.00138987
 0.468324 0.424422 0.0954896 0.00602037 0.00574468
 0.600644 0.26397 0.108075 0.0243155 0.00299585
 0.705752 0.225455 0.0454719 0.0186171 0.0047047
 0.175134 0.694913 0.0995706 0.0200824 0.0102999
 0.690112 0.0960415 0.180156 0.0258137 0.00787661
 0.453891 0.450363 0.029674 0.055663 0.0104093
 0.237303 0.485046 0.228972 0.0150868 0.0335923
 0.716275 0.111953 0.10924 0.0515681 0.0109633
 0.626684 0.314715 0.0231231 0.0225626 0.0129154
 0.203475 0.619843 0.148947 0.0109436 0.0167909
 0.221437 0.269271 0.396324 0.0952358 0.0177333
 0.768188 0.087151 0.0500317 0.0736387 0.0209902
pobs_PELACES
 0 0 0 0 0
 0 0 0 0 0
 0 0 0 0 0
 0 0 0 0 0
 0 0 0 0 0
 0 0 0 0 0
 0 0 0 0 0
 0 0 0 0 0
 0 0 0 0 0
 0 0 0 0 0
 0 0 0 0 0
 0 0 0 0 0
 0 0 0 0 0
 0 0 0 0 0
 0 0 0 0 0
 0 0 0 0 0
 0.505614 0.472636 0.0217494 0 0
 0 0 0 0 0
 0.443492 0.261883 0.143347 0.151278 0
 0.227955 0.32914 0.350689 0.0885471 0.00366901
 0.970185 0.0296113 0.000203453 0 0
 0.997202 0.00247181 0.000326279 0 0
 0.445219 0.490057 0.0546422 0.010081 0
 0.90214 0.0892962 0.00764917 0.000914606 0
 0 0 0 0 0
 0.581667 0.319106 0.0959925 0.00289975 0.000334073
 0.762889 0.0836404 0.116647 0.0363945 0.000428098
 0.88444 0.0763242 0.0277011 0.0115352 0
 0.521256 0.241999 0.230069 0.00667565 0
 0.616807 0.101726 0.260614 0.0208532 0
 0.833518 0.0704572 0.0857862 0.0102388 0
ppred_PELACES
 0.675988 0.204815 0.0753471 0.0277187 0.0161316
 0.192976 0.65387 0.0968119 0.0356151 0.0207272
 0.290189 0.234476 0.385128 0.0570219 0.0331854
 0.784439 0.0986054 0.0386347 0.0634575 0.0148635
 0.430707 0.50439 0.029689 0.0116325 0.0235816
 0.855709 0.0877148 0.0501262 0.00295048 0.00349956
 0.383641 0.570131 0.0281022 0.0160595 0.00206648
 0.197409 0.458715 0.318085 0.0156787 0.0101128
 0.584738 0.13821 0.158347 0.109802 0.00890313
 0.772097 0.170955 0.0189537 0.0217152 0.0162788
 0.855939 0.126988 0.0128066 0.00141986 0.0028462
 0.688365 0.287786 0.0210226 0.0021201 0.000706236
 0.514404 0.39956 0.0794517 0.00580391 0.000780292
 0.661586 0.23354 0.0862926 0.0171591 0.00142198
 0.796423 0.165151 0.0265181 0.00979838 0.00210985
 0.861627 0.123302 0.0122258 0.00196309 0.000881546
 0.338648 0.614203 0.0420143 0.00416585 0.000969288
 0.796819 0.103971 0.0921369 0.00630259 0.000770325
 0.654783 0.30735 0.0193776 0.017172 0.00131822
 0.485022 0.411092 0.0924906 0.00583129 0.00556426
 0.614133 0.255054 0.104424 0.0234942 0.00289466
 0.720418 0.214218 0.0432055 0.0176892 0.0044702
 0.180542 0.690357 0.0989178 0.0199507 0.0102324
 0.69776 0.0936712 0.17571 0.0251766 0.00768222
 0.462032 0.443649 0.0292317 0.0548333 0.0102541
 0.242878 0.4815 0.227299 0.0149765 0.0333468
 0.724479 0.108717 0.106081 0.0500771 0.0106463
 0.633445 0.309015 0.0227043 0.022154 0.0126815
 0.207165 0.616972 0.148257 0.0108929 0.0167131
 0.228039 0.266987 0.392963 0.0944282 0.0175829
 0.777569 0.0836243 0.0480072 0.0706589 0.0201408
pobs_pel_tallas
 0 0 0 0 0 0 0 0 0 0 0 0 0 0 0 0 0 0 0 0 0 0 0 0 0 0
 0 0 0 0 0 0 0 0 0 0 0 0 0 0 0 0 0 0 0 0 0 0 0 0 0 0
 0 0 0 0 0 0 0 0 0 0 0 0 0 0 0 0 0 0 0 0 0 0 0 0 0 0
 0 0 0 0 0 0 0 0 0 0 0 0 0 0 0 0 0 0 0 0 0 0 0 0 0 0
 0 0 0 0 0 0 0 0 0 0 0 0 0 0 0 0 0 0 0 0 0 0 0 0 0 0
 0 0 0 0 0 0 0 0 0 0 0 0 0 0 0 0 0 0 0 0 0 0 0 0 0 0
 0 0 0 0 0 0 0 0 0 0 0 0 0 0 0 0 0 0 0 0 0 0 0 0 0 0
 0 0 0 0 0 0 0 0 0 0 0 0 0 0 0 0 0 0 0 0 0 0 0 0 0 0
 0 0 0 0 0 0 0 0 0 0 0 0 0 0 0 0 0 0 0 0 0 0 0 0 0 0
 0 0 0 0 0 0 0 0 0 0 0 0 0 0 0 0 0 0 0 0 0 0 0 0 0 0
 0 0 0 0 0 0 0 0 0 0 0 0 0 0 0 0 0 0 0 0 0 0 0 0 0 0
 0 0 0 0 0 0 0 0 0 0 0 0 0 0 0 0 0 0 0 0 0 0 0 0 0 0
 0.00862536 0 0 0.000197151 0.00414017 0.0128641 0.00837892 0.0270097 0.101434 0.158115 0.152841 0.127902 0.109271 0.109419 0.0830992 0.0579132 0.0238553 0.00714673 0.00463305 0.00128148 0.00103504 0.000492878 0.000147863 0.000147863 4.92878e-05 0
 0 0 0 0 0 0 0 0 0 0 0 0 0 0 0 0 0 0 0 0 0 0 0 0 0 0
 0 0 0 0 0 0 0 0.0054083 0.00873648 0.0413646 0.0450493 0.0745869 0.0622846 0.0627006 0.0613931 0.0827291 0.12552 0.122667 0.0946155 0.0697135 0.0546179 0.0294188 0.0215738 0.0213955 0.0102223 0.00600262
 0 0 0 0 0.00359764 0.0251062 0.0480494 0.140153 0.205849 0.193036 0.1447 0.116669 0.0760912 0.0342217 0.00950174 0.001854 0.000860785 0 0 0 0.000165536 0 0.000143464 0 0 0
 0 0 0 0 0 0 0 0.000145254 0.000435761 0.0275982 0.070085 0.0708112 0.156366 0.174668 0.174014 0.160142 0.0824315 0.0480064 0.0283245 0.00493863 0.00203355 0 0 0 0 0
 0 0 0 0 0 0 0 0 0 0 0 0 0 0 0 0 0 0 0 0 0 0 0 0 0 0
 0 0 1.00437e-05 0.000401748 0.00122533 0.00171747 0.00176769 0.0269171 0.070346 0.194647 0.189555 0.159765 0.064822 0.0314167 0.0384472 0.0292271 0.0345202 0.0313363 0.0194345 0.0106764 0.0143323 0.0359363 0.0279516 0.0138201 0.00172751 0
 0 0.0021121 0.0136068 0.0755702 0.200478 0.177729 0.0527432 0.0373336 0.0318909 0.0142505 0.0149659 0.0166563 0.0217959 0.0798694 0.0677717 0.0528807 0.04013 0.0224614 0.0357745 0.0225083 0.00881397 0.00855152 0.00135912 0.000746735 0 0
 0 0 0 0 5.4009e-05 0.00500934 0.000945158 0.0243581 0.138947 0.33067 0.221406 0.137944 0.0707744 0.0437923 0.0131692 0.00525238 0.0047753 0.00276346 9.45158e-05 9.00151e-06 2.25038e-05 9.00151e-06 4.50075e-06 0 0 0
 0.000866109 0.00284123 0.00948549 0.0512746 0.133035 0.25785 0.225252 0.132002 0.0553304 0.0519788 0.0540692 0.017754 0.00435017 0.00159236 0.00146478 0.000404838 0.000125132 0.000115318 0.000107957 0.000100596 0 0 0 0 0 0
 0 0 0 0 0.00144013 0.00171154 0.00461396 0.0210425 0.0478622 0.0707936 0.0888783 0.103762 0.0637923 0.0337046 0.0602308 0.124433 0.169614 0.0934646 0.0462172 0.0250306 0.0313229 0.00938855 0.002487 0.000210481 0 0
 0 0.00764035 0.051015 0.0998891 0.058973 0.0496711 0.0374665 0.0718981 0.12319 0.153886 0.159021 0.0857701 0.0377988 0.023471 0.0147837 0.00900784 0.00315554 0.000888139 0.00291439 0.00214683 0.00393193 0.00274676 0.000635225 9.99891e-05 0 0
 0 0 0 0 0 0 0 0 0 0 0 0 0 0 0 0 0 0 0 0 0 0 0 0 0 0
 0 0 0 0 0 0 0 0 0 0 0 0 0 0 0 0 0 0 0 0 0 0 0 0 0 0
 0 0 0 0 0 0 0 0 0 0 0 0 0 0 0 0 0 0 0 0 0 0 0 0 0 0
 0 0 0 0 0 0 0 0 0 0 0 0 0 0 0 0 0 0 0 0 0 0 0 0 0 0
 0 0 0 0 0 0 0 0 0 0 0 0 0 0 0 0 0 0 0 0 0 0 0 0 0 0
 0 0 0 0 0 0 0 0 0 0 0 0 0 0 0 0 0 0 0 0 0 0 0 0 0 0
 0 0 0 0 0 0 0 0 0 0 0 0 0 0 0 0 0 0 0 0 0 0 0 0 0 0
ppred_pel_tallas
 1.07737e-16 5.56803e-05 0.000541232 0.00359668 0.01635 0.050871 0.108387 0.158198 0.158218 0.108484 0.0511966 0.0172915 0.00596408 0.005723 0.00993744 0.0164482 0.0239448 0.0306579 0.034823 0.0356432 0.0337356 0.0306284 0.0277283 0.0255874 0.0239109 0.0220793
 1.10041e-16 1.58953e-05 0.000154508 0.00102676 0.00466756 0.0145229 0.0309448 0.0451781 0.0452411 0.0312528 0.0155571 0.00765517 0.0085269 0.0165303 0.0311254 0.0514564 0.074186 0.093433 0.103213 0.10079 0.0883085 0.0713103 0.0553716 0.0434806 0.0356732 0.0303782
 1.22509e-16 2.39025e-05 0.000232341 0.00154399 0.00701876 0.0218381 0.0465292 0.0679156 0.0679387 0.0466427 0.0222207 0.0081312 0.00436387 0.00647934 0.0121558 0.0207586 0.0315392 0.0430924 0.0539112 0.0631922 0.0710175 0.0776619 0.0826981 0.0848262 0.0826364 0.0756322
 1.1002e-16 6.46132e-05 0.000628064 0.0041737 0.0189731 0.0590323 0.125775 0.183574 0.183584 0.125822 0.0591895 0.0194281 0.00531935 0.00314061 0.00487169 0.00804802 0.0118243 0.0153965 0.0180214 0.0194376 0.0200364 0.0205582 0.0215364 0.0229247 0.0241514 0.02449
 1.06143e-16 3.54769e-05 0.000344848 0.00229164 0.0104175 0.0324129 0.069061 0.100807 0.100855 0.0692982 0.0332092 0.0127167 0.0080601 0.0129278 0.023905 0.0393921 0.0565783 0.0708144 0.0773998 0.0742043 0.0629811 0.0482439 0.0346316 0.024776 0.0188936 0.0157426
 1.02358e-16 7.04836e-05 0.000685126 0.0045529 0.0206968 0.0643956 0.137202 0.200252 0.200261 0.137244 0.0645355 0.0211018 0.00557213 0.00291941 0.00434102 0.0071359 0.0104373 0.0134671 0.0154708 0.0160815 0.0154984 0.0142793 0.0129318 0.0116475 0.0103425 0.00887899
 1.02917e-16 3.16001e-05 0.000307165 0.00204122 0.00927912 0.0288711 0.0615149 0.0897943 0.0898492 0.061783 0.0297709 0.0118771 0.00855851 0.0145213 0.0269881 0.0444658 0.0638161 0.0797585 0.0869365 0.082892 0.0695632 0.0520345 0.035579 0.0232631 0.0154829 0.0110208
 1.12581e-16 1.62604e-05 0.000158057 0.00105035 0.00477476 0.0148563 0.0316545 0.0462101 0.0462547 0.0318727 0.0155898 0.0068985 0.00639999 0.0118983 0.0224939 0.0376313 0.0552979 0.0717987 0.0832774 0.0878032 0.0862664 0.0812874 0.0751508 0.0685559 0.0609677 0.0518352
 1.17124e-16 4.81641e-05 0.000468172 0.00311117 0.0141429 0.044004 0.0937557 0.136842 0.136856 0.0938221 0.0442279 0.0147929 0.00475537 0.00410016 0.00707282 0.0119533 0.0180161 0.0243711 0.030151 0.0350141 0.0392685 0.0434073 0.0474375 0.0506071 0.0517603 0.0500149
 1.05524e-16 6.35966e-05 0.000618182 0.00410804 0.0186745 0.0581035 0.123796 0.180688 0.180704 0.123877 0.0583739 0.0194555 0.00606844 0.00489853 0.00819559 0.0134575 0.0194066 0.0244743 0.027124 0.026691 0.0237981 0.0199471 0.0166057 0.0144904 0.0134638 0.0129163
 1.01027e-16 7.05026e-05 0.00068531 0.00455413 0.0207024 0.064413 0.137239 0.200307 0.200319 0.137299 0.0646136 0.0212818 0.00600802 0.00385777 0.00609147 0.00994801 0.0142982 0.0179266 0.019646 0.01891 0.0161372 0.0124316 0.00892966 0.00628084 0.00455688 0.00349304
 1.01013e-16 5.66998e-05 0.000551142 0.00366253 0.0166494 0.0518025 0.110372 0.161097 0.161124 0.110507 0.0522569 0.0179613 0.00695414 0.00773125 0.0136768 0.0224778 0.0322732 0.0403691 0.0440574 0.0420845 0.0354018 0.0265405 0.0181323 0.0117193 0.00753065 0.00501107
 1.0311e-16 4.23708e-05 0.00041186 0.00273695 0.0124418 0.0387113 0.08248 0.12039 0.120429 0.0826683 0.0393438 0.0142691 0.00732516 0.0104328 0.0190877 0.031524 0.0454866 0.0573589 0.063462 0.0620646 0.0543738 0.0436509 0.0332106 0.0248851 0.0188399 0.0143737
 1.04512e-16 5.4494e-05 0.000529701 0.00352005 0.0160017 0.0497872 0.106078 0.154828 0.154851 0.106188 0.0501583 0.0170746 0.00621736 0.00643162 0.0113034 0.0187052 0.0271842 0.0346938 0.0391677 0.0396282 0.0367122 0.0321279 0.0275146 0.0236314 0.02036 0.0172512
 1.02148e-16 6.56003e-05 0.000637659 0.00423747 0.0192629 0.0599342 0.127697 0.18638 0.186396 0.127775 0.0601955 0.0200177 0.00613245 0.00477556 0.00792765 0.0130113 0.018759 0.0236374 0.0261306 0.0255422 0.0224025 0.0180951 0.0140128 0.0109035 0.00878502 0.00728584
 1.00731e-16 7.09711e-05 0.000689864 0.00458439 0.02084 0.064841 0.138151 0.201638 0.20165 0.138209 0.0650358 0.0214025 0.00599596 0.00376988 0.00591616 0.00965689 0.0138772 0.0173935 0.0190504 0.0183142 0.0155883 0.0119421 0.00847925 0.00583399 0.00408433 0.00298519
 1.01952e-16 2.78941e-05 0.000271141 0.00180183 0.00819088 0.0254852 0.0543011 0.0792664 0.0793255 0.0545899 0.0264549 0.0109906 0.00882581 0.0155921 0.0290882 0.0479472 0.0688371 0.0860768 0.0938865 0.0895886 0.0752186 0.0561919 0.0381452 0.0243899 0.0154285 0.0100785
 1.03448e-16 6.5633e-05 0.000637976 0.00423957 0.0192725 0.0599639 0.12776 0.186471 0.186482 0.127809 0.0601309 0.0197562 0.00545942 0.00331996 0.00521489 0.00866216 0.0128077 0.0168027 0.0198015 0.0213699 0.0216634 0.0211724 0.0202757 0.019004 0.0171724 0.0146848
 1.02584e-16 5.39336e-05 0.000524254 0.00348385 0.0158371 0.0492753 0.104987 0.153238 0.153268 0.105132 0.0497606 0.0172384 0.00699955 0.00819365 0.0146039 0.0240175 0.0345004 0.0431953 0.047235 0.0453129 0.0384784 0.0294522 0.0210271 0.0147841 0.01086 0.00854125
 1.04301e-16 3.99507e-05 0.000388335 0.00258063 0.0117312 0.0365002 0.0777691 0.113515 0.113554 0.077963 0.0371514 0.0136125 0.00730532 0.0107102 0.0196656 0.0325063 0.0469562 0.0593212 0.0658402 0.0647432 0.0572586 0.0466962 0.0363961 0.0281662 0.0221189 0.0175108
 1.05925e-16 5.05854e-05 0.000491708 0.00326757 0.0148539 0.0462162 0.0984694 0.143724 0.143749 0.0985902 0.0466219 0.016027 0.00621749 0.00694927 0.0123671 0.0205025 0.0298504 0.0382089 0.0433481 0.0442139 0.041489 0.0369908 0.0324302 0.028546 0.0251381 0.0216866
 1.03833e-16 5.93399e-05 0.000576805 0.00383307 0.0174246 0.0542145 0.115511 0.168595 0.168616 0.115612 0.0545538 0.0184048 0.00629476 0.0059548 0.0102854 0.0169425 0.0244785 0.0309495 0.0344159 0.0339895 0.0303499 0.0252509 0.0204285 0.0167683 0.0142215 0.0122698
 1.06764e-16 1.48711e-05 0.000144553 0.000960608 0.00436682 0.0135872 0.0289514 0.0422693 0.0423358 0.0292765 0.0146789 0.00752009 0.00887582 0.0174238 0.0328319 0.0542559 0.0781596 0.0982938 0.108283 0.105174 0.0911815 0.07215 0.0540344 0.0401421 0.0307278 0.0243605
 1.0892e-16 5.74736e-05 0.000558664 0.00371252 0.0168766 0.0525093 0.111877 0.16329 0.163299 0.111922 0.0526629 0.0173234 0.00484674 0.00307633 0.00496116 0.00842997 0.012883 0.0177575 0.0224756 0.0267102 0.0304329 0.0336332 0.0359905 0.0368615 0.0356437 0.0322088
 1.08192e-16 3.8057e-05 0.000369928 0.0024583 0.0111751 0.0347702 0.0740831 0.108135 0.108178 0.0742919 0.035471 0.0131989 0.00753679 0.0114517 0.0210718 0.034746 0.0499886 0.0627583 0.06899 0.0668809 0.0580126 0.0463235 0.0357595 0.028404 0.0241704 0.0217358
 1.13828e-16 2.00056e-05 0.000194462 0.00129227 0.00587449 0.018278 0.0389449 0.056851 0.0568976 0.039173 0.0190446 0.00809206 0.00687077 0.0124125 0.0233418 0.0388638 0.0566985 0.0727944 0.0829825 0.0852768 0.0809165 0.0732301 0.065322 0.0584873 0.0523095 0.0458312
 1.09913e-16 5.96744e-05 0.000580056 0.00385468 0.0175228 0.05452 0.116161 0.169543 0.169553 0.116213 0.0546953 0.018031 0.00513825 0.00340843 0.00550922 0.00921942 0.013763 0.0183449 0.022193 0.0249687 0.0269073 0.0284938 0.0299483 0.0309761 0.0309668 0.0294291
 1.05103e-16 5.21761e-05 0.00050717 0.00337033 0.015321 0.0476696 0.101566 0.148245 0.148275 0.101712 0.0481577 0.0167306 0.00690729 0.00822473 0.014699 0.0241923 0.0347897 0.0436445 0.0479067 0.0462992 0.0399058 0.0314669 0.0237562 0.0182825 0.0150646 0.0132544
 1.08357e-16 1.7064e-05 0.000165868 0.00110226 0.00501073 0.0155906 0.0332196 0.0484974 0.048557 0.0335106 0.0165681 0.00783547 0.00819717 0.0156687 0.0295024 0.0488569 0.0706343 0.0893536 0.0994043 0.0981545 0.0874497 0.0722258 0.0574268 0.0456737 0.0370402 0.0303372
 1.23854e-16 1.87833e-05 0.000182581 0.00121331 0.00551556 0.0171611 0.0365645 0.0533725 0.0533988 0.0366934 0.0175955 0.00677762 0.00440959 0.00725418 0.0137258 0.0233869 0.0353873 0.048069 0.0596705 0.0692905 0.0771274 0.0836882 0.0887126 0.0908864 0.0886325 0.0812656
 1.11902e-16 6.40473e-05 0.000622563 0.00413715 0.0188069 0.0585152 0.124673 0.181966 0.181974 0.124713 0.0586493 0.0191951 0.00511614 0.00277501 0.00419827 0.00696511 0.0103352 0.0136769 0.0164258 0.0184141 0.0199842 0.0217022 0.0238766 0.026263 0.0281608 0.0287899
pSPR Fmed_Fpbrs
0.583342   0.285572 0.285572
Fs Fmed_Fpbrs
0.361472   1.005 1.005
SSBpbr Bo_Bmed_Bpbrs
1.65038e+06  880214  388783 388783
Ro
141063
SPR SPRFo_SPRFmed_SPRFpbrs
1.00831e+06 588187 287944
Fref
1.005
Nvult_r0
 167921 11032 6333.25 9321.53 2657.03
CTP_r0
 23405 2699.09 1549.5 2280.61 650.071
YTP_r0
391916
Np
 205881 76461 3999.88 2296.25 4279.04
Nvult_p0
 160057 66164.7 3461.25 1987.04 3702.82
CTP_p0
 53530 33164.9 1734.94 995.997 1856.03
YTP_p0
 1.07021e+06
CBA_c0
595405
log_Ro
11.677
likeval ReclasPelacesDesembMPH_pf_preclas_ppelaces_ptallas_desvR_qrecl_qpela
 29.649 34.6989 0.345516 0.00241927 253.097 132.969 109.436 0 39.1445 0 0 0.070971 0 0 0
q_reclas_q_pelaces
1 1
M
1
N
 366686 62128.5 22855.8 8408.18 4893.36
 59814.4 117880 17453.4 6420.73 3736.72
 39083.8 18339.2 30122.2 4459.89 2595.55
 138682 12005.9 4704.04 7726.39 1809.73
 52608.5 34688.1 2041.78 799.992 1621.76
 270491 16773.7 9585.61 564.22 669.22
 75957 79095.1 3898.67 2227.96 286.686
 14958.3 18607.6 12903 636.001 410.222
 31396 5068.14 5806.55 4026.42 326.476
 45440.4 7932.62 879.485 1007.62 755.365
 120772 9657.03 973.897 107.975 216.444
 152140 40589.4 2965.03 299.019 99.6076
 84219.4 41715.9 8295.11 605.954 81.466
 82511.3 23112.1 8539.86 1698.13 140.725
 134937 17400.2 2793.95 1032.36 222.294
 428266 38169.9 3784.66 607.702 272.894
 119147 120920 8271.45 820.14 190.826
 496414 38273.1 33916.9 2320.07 283.567
 517706 149336 9415.26 8343.61 640.5
 296205 148548 33421.4 2107.13 2010.64
 371592 88960.2 36422.2 8194.54 1009.63
 646802 115166 23227.9 9509.98 2403.25
 91254.4 191480 27436.2 5533.59 2838.1
 408391 30011 56295.2 8066.26 2461.28
 258363 134707 8875.75 16649.3 3113.52
 80393.4 86054.9 40623.4 2676.64 5959.83
 324330 26959.6 26306.1 12418.2 2640.08
 401947 105462 7748.63 7560.8 4327.98
 85916.9 135425 32542.3 2390.99 3668.51
 45833.2 29513.8 43439.7 10438.5 1943.68
 244382 15031.9 8629.5 12701.3 3620.4
pred_Ctot
 29562.1 9488.8 3490.73 1284.17 747.356
 6392.25 23438.6 3470.31 1276.66 742.984
 4136.57 3613.89 5935.82 878.857 511.474
 28950.8 4339.68 1700.33 2792.8 654.149
 4485.11 5584.71 328.722 128.797 261.1
 35737.3 4051.53 2315.32 136.282 161.644
 16577.6 29686.2 1463.26 836.206 107.6
 752.002 1809.11 1254.49 61.8347 39.8835
 6407.75 1797.04 2058.87 1427.67 115.761
 12678.2 3640.99 403.674 462.488 346.705
 6647.51 1024.65 103.334 11.4566 22.9655
 25083.4 11955.8 873.362 88.0773 29.3398
 13849.7 12259.8 2437.83 178.082 23.9419
 23278 10701.9 3954.33 786.31 65.1619
 20136 4690.41 753.138 278.282 59.9215
 64311.5 10347.2 1025.96 164.738 73.9772
 9657.32 18561.9 1269.72 125.897 29.293
 58137.2 8280.63 7338.13 501.962 61.3516
 73477.5 38483.7 2426.29 2150.13 165.056
 34952.1 32362.2 7281.1 459.054 438.033
 37523.7 16782 6870.89 1545.86 190.462
 81266.5 26573.6 5359.61 2194.34 554.526
 6172.66 24755.2 3547.05 715.402 366.919
 26926.5 3786.29 7102.39 1017.67 310.524
 15576.1 15599.6 1027.84 1928.04 360.556
 4528.28 9335.74 4407.06 290.378 646.557
 24043.7 3803.05 3710.86 1751.76 372.422
 21535.6 10903.1 801.088 781.67 447.446
 3616.97 11086.5 2664.07 195.738 300.322
 3172.75 3900.67 5741.17 1379.59 256.885
 23405 2699.09 1549.5 2280.61 650.071
F
 0.134836 0.269673 0.269673 0.269673 0.269673
 0.182204 0.364408 0.364408 0.364408 0.364408
 0.18031 0.360621 0.360621 0.360621 0.360621
 0.385788 0.771575 0.771575 0.771575 0.771575
 0.143067 0.286134 0.286134 0.286134 0.286134
 0.229588 0.459176 0.459176 0.459176 0.459176
 0.406595 0.81319 0.81319 0.81319 0.81319
 0.0822925 0.164585 0.164585 0.164585 0.164585
 0.375697 0.751394 0.751394 0.751394 0.751394
 0.548717 1.09743 1.09743 1.09743 1.09743
 0.0903991 0.180798 0.180798 0.180798 0.180798
 0.29392 0.58784 0.58784 0.58784 0.58784
 0.293069 0.586137 0.586137 0.586137 0.586137
 0.556451 1.1129 1.1129 1.1129 1.1129
 0.262763 0.525527 0.525527 0.525527 0.525527
 0.264619 0.529237 0.529237 0.529237 0.529237
 0.135606 0.271212 0.271212 0.271212 0.271212
 0.201208 0.402417 0.402417 0.402417 0.402417
 0.248502 0.497005 0.497005 0.497005 0.497005
 0.202864 0.405728 0.405728 0.405728 0.405728
 0.171418 0.342836 0.342836 0.342836 0.342836
 0.217258 0.434516 0.434516 0.434516 0.434516
 0.112086 0.224172 0.224172 0.224172 0.224172
 0.109121 0.218243 0.218243 0.218243 0.218243
 0.0993801 0.19876 0.19876 0.19876 0.19876
 0.0925924 0.185185 0.185185 0.185185 0.185185
 0.123412 0.246824 0.246824 0.246824 0.246824
 0.087905 0.17581 0.17581 0.17581 0.17581
 0.0685212 0.137042 0.137042 0.137042 0.137042
 0.114836 0.229672 0.229672 0.229672 0.229672
 0.161954 0.323908 0.323908 0.323908 0.323908
nmprior
 8.19 8.8 8.5 0
nm_flota  nm_reclas  nm_pelaces    nm_pelaL
inf 7.61489 6.888 12.2891
cv_recla  cv_pelaces  cv_mph
0.492527 0.667929 1.51791
 ------------------------------------------------
Talla a la edad & desviaci?n 
 8 13.2811 15.8009 17.003 17.5766
 0.8 1.32811 1.58009 1.7003 1.75766
