years
 1991 1992 1993 1994 1995 1996 1997 1998 1999 2000 2001 2002 2003 2004 2005 2006 2007 2008 2009 2010 2011 2012 2013 2014 2015 2016 2017 2018 2019 2020 2021
reclasobs
 0 0 0 0 0 0 0 0 0 252601 567819 844713 477998 351125 339783 2.1784e+06 2.13404e+06 4.81314e+06 1.55562e+06 2.62356e+06 3.21686e+06 3.843e+06 1.13348e+06 3.07943e+06 1.97215e+06 2.03268e+06 2.025e+06 2.42433e+06 2.27542e+06 1.05018e+06 2.36338e+06
reclaspred
 2.38499e+06 1.29408e+06 634685 422910 303817 933332 439071 312272 244180 214107 380666 548516 534355 381191 359475 1.28804e+06 1.1143e+06 2.92992e+06 2.37133e+06 1.62519e+06 2.93914e+06 2.42576e+06 1.7552e+06 2.82757e+06 2.04519e+06 1.69408e+06 2.16563e+06 2.51755e+06 1.98151e+06 1.0843e+06 1.54128e+06
pelacesobs
 0 0 0 0 0 0 0 0 0 0 0 0 0 0 0 552880 188675 0 991730 2.46772e+06 1.41603e+06 1.21717e+06 2.29649e+06 1.80582e+06 0 1.4828e+06 1.56532e+06 1.57751e+06 1.42118e+06 867257 1.10002e+06
pelacespred
 1.05588e+06 620264 295940 151661 121775 405027 145863 152451 99499.4 85542.1 172098 210833 228346 165728 161134 503100 438317 1.36192e+06 1.11305e+06 708859 1.26321e+06 1.09674e+06 799091 1.43159e+06 989472 818509 1.19917e+06 1.36509e+06 889676 559524 767353
mphobs
 0 0 0 0 0 0 0 0 0 0 0 498337 0 5186 125008 0 168611 109162 213762 579715 649985 157893 87575 83554 0 0 0 0 0 0 0
mphpred
 2.06897e+06 1.32357e+06 632017 324029 197117 180321 473817 193042 150932 100166 89852.1 257701 292655 233471 135918 167791 840794 689357 1.67182e+06 1.20442e+06 1.17407e+06 1.51622e+06 1.45969e+06 1.08596e+06 1.59948e+06 1.25997e+06 965101 1.12962e+06 1.74475e+06 1.1028e+06 581167
desembarqueobs
 494567 514787 250237 358949 120608 361735 552515 73892 212993 205616 52469 317467 293654 387597 252695 516296 358380 742168 942051 627588 828172 859565 418607 520667 417249 300574 415391 372974 316634 284311 391294
desembarquepred
 494549 514596 249936 358970 120603 361648 552209 73890.4 212956 205579 52469.3 317442 293616 387432 252616 516144 358366 741951 941541 627240 828103 859362 418559 520639 417194 300534 415336 372914 316589 284272 391253
Reclutas
 145571 97913.8 84930.5 69135.6 53420.9 231876 57206.8 19627.3 31850 55898.6 94940.4 133038 105739 72320.1 66052.9 453426 61563.7 719295 368990 259396 435542 574383 83800.7 342693 260871 105649 292503 348315 71749.2 46428.8 230825
log_desv_Rt
 0.108417 -0.288158 -0.430412 -0.636175 -0.894042 0.573958 -0.825572 -1.89532 -1.41121 -0.848706 -0.318996 0.0183885 -0.211273 -0.591143 -0.681789 1.24459 -0.752172 1.70603 1.03852 0.68611 1.20435 1.48105 -0.443804 0.96459 0.69178 -0.212123 0.806229 0.980861 -0.599068 -1.03433 0.569415
SSB
 2.06897e+06 1.32357e+06 632017 324029 197117 180321 473817 193042 150932 100166 89852.1 257701 292655 233471 135918 167791 840794 689357 1.67182e+06 1.20442e+06 1.17407e+06 1.51622e+06 1.45969e+06 1.08596e+06 1.59948e+06 1.25997e+06 965101 1.12962e+06 1.74475e+06 1.1028e+06 581167
BT
 2.86033e+06 1.93837e+06 926110 651003 381367 1.24961e+06 818268 418595 436308 391450 440826 748306 791212 782919 625307 1.57484e+06 1.29171e+06 3.80166e+06 3.46662e+06 2.21193e+06 3.58588e+06 3.33332e+06 2.20773e+06 3.78857e+06 2.67447e+06 2.15751e+06 3.19384e+06 3.52431e+06 2.31492e+06 1.57717e+06 2.14859e+06
Ftot
 0.211343 0.397361 0.399377 0.873884 0.436912 0.511171 1.19048 0.260486 0.985066 1.11096 0.184751 0.672205 0.625208 1.13119 0.867093 0.549142 0.33367 0.331015 0.439851 0.425829 0.331302 0.409301 0.245581 0.226991 0.223768 0.190141 0.235418 0.185525 0.160633 0.264012 0.318973
BD_Bspro_t
 0.966944 0.77472 0.567733 0.441776 0.314 0.355239 0.486121 0.242922 0.258357 0.222812 0.251379 0.566487 0.464898 0.36837 0.248377 0.294792 0.558959 0.498581 0.644835 0.53684 0.487712 0.54889 0.569668 0.537896 0.659549 0.659831 0.653492 0.70946 0.773484 0.689122 0.582827
BD_Bspro
 2.21608 1.41768 0.676955 0.347068 0.211133 0.193142 0.507506 0.206767 0.161664 0.107288 0.0962408 0.276025 0.313464 0.250071 0.145582 0.179721 0.900576 0.738371 1.79069 1.29005 1.25755 1.62403 1.56348 1.16317 1.71321 1.34956 1.03372 1.20994 1.8688 1.18121 0.62249
BD_Bo
 1.23975 0.7931 0.378712 0.194162 0.118115 0.10805 0.283916 0.115673 0.0904403 0.0600205 0.0538404 0.154418 0.175362 0.139898 0.0814436 0.100542 0.503813 0.41307 1.00177 0.721699 0.703517 0.908538 0.874664 0.650717 0.958426 0.754991 0.578299 0.676882 1.04547 0.660811 0.348242
BD_Brms
 6.17084 3.94765 1.88503 0.966439 0.587917 0.53782 1.41319 0.57576 0.450166 0.298752 0.26799 0.768613 0.872864 0.696344 0.405385 0.500448 2.50773 2.05605 4.98631 3.59225 3.50175 4.52224 4.35364 3.23894 4.77056 3.75796 2.87848 3.36918 5.20382 3.28918 1.73337
Sel_flota
 0.639492 0.971184 0.998441 0.999918 0.999996
 0.639492 0.971184 0.998441 0.999918 0.999996
 0.639492 0.971184 0.998441 0.999918 0.999996
 0.639492 0.971184 0.998441 0.999918 0.999996
 0.639492 0.971184 0.998441 0.999918 0.999996
 0.639492 0.971184 0.998441 0.999918 0.999996
 0.639492 0.971184 0.998441 0.999918 0.999996
 0.639492 0.971184 0.998441 0.999918 0.999996
 0.639492 0.971184 0.998441 0.999918 0.999996
 0.639492 0.971184 0.998441 0.999918 0.999996
 0.639492 0.971184 0.998441 0.999918 0.999996
 0.639492 0.971184 0.998441 0.999918 0.999996
 0.639492 0.971184 0.998441 0.999918 0.999996
 0.639492 0.971184 0.998441 0.999918 0.999996
 0.639492 0.971184 0.998441 0.999918 0.999996
 0.639492 0.971184 0.998441 0.999918 0.999996
 0.639492 0.971184 0.998441 0.999918 0.999996
 0.639492 0.971184 0.998441 0.999918 0.999996
 0.639492 0.971184 0.998441 0.999918 0.999996
 0.639492 0.971184 0.998441 0.999918 0.999996
 0.639492 0.971184 0.998441 0.999918 0.999996
 0.639492 0.971184 0.998441 0.999918 0.999996
 0.639492 0.971184 0.998441 0.999918 0.999996
 0.639492 0.971184 0.998441 0.999918 0.999996
 0.639492 0.971184 0.998441 0.999918 0.999996
 0.639492 0.971184 0.998441 0.999918 0.999996
 0.639492 0.971184 0.998441 0.999918 0.999996
 0.639492 0.971184 0.998441 0.999918 0.999996
 0.639492 0.971184 0.998441 0.999918 0.999996
 0.639492 0.971184 0.998441 0.999918 0.999996
 0.639492 0.971184 0.998441 0.999918 0.999996
Sel_reclas
 1 1 1 1 1
 1 1 1 1 1
 1 1 1 1 1
 1 1 1 1 1
 1 1 1 1 1
 1 1 1 1 1
 1 1 1 1 1
 1 1 1 1 1
 1 1 1 1 1
 1 1 1 1 1
 1 1 1 1 1
 1 1 1 1 1
 1 1 1 1 1
 1 1 1 1 1
 1 1 1 1 1
 1 1 1 1 1
 1 1 1 1 1
 1 1 1 1 1
 1 1 1 1 1
 1 1 1 1 1
 1 1 1 1 1
 1 1 1 1 1
 1 1 1 1 1
 1 1 1 1 1
 1 1 1 1 1
 1 1 1 1 1
 1 1 1 1 1
 1 1 1 1 1
 1 1 1 1 1
 1 1 1 1 1
 1 1 1 1 1
Sel_pelaces
 1 1 1 1 1
 1 1 1 1 1
 1 1 1 1 1
 1 1 1 1 1
 1 1 1 1 1
 1 1 1 1 1
 1 1 1 1 1
 1 1 1 1 1
 1 1 1 1 1
 1 1 1 1 1
 1 1 1 1 1
 1 1 1 1 1
 1 1 1 1 1
 1 1 1 1 1
 1 1 1 1 1
 1 1 1 1 1
 1 1 1 1 1
 1 1 1 1 1
 1 1 1 1 1
 1 1 1 1 1
 1 1 1 1 1
 1 1 1 1 1
 1 1 1 1 1
 1 1 1 1 1
 1 1 1 1 1
 1 1 1 1 1
 1 1 1 1 1
 1 1 1 1 1
 1 1 1 1 1
 1 1 1 1 1
 1 1 1 1 1
pf_obs 
 0.8446 0.082 0.0669 0.0065 0
 0.8095 0.147 0.0364 0.0071 0
 0.9664 0.0169 0.016 0.0007 0
 0.9276 0.0648 0.0075 0.0001 0
 0.7033 0.2144 0.0806 0.0017 0
 0.9318 0.0425 0.0243 0.0014 0
 0.5671 0.3108 0.0964 0.0239 0.0018
 0.0768 0.2599 0.5324 0.112 0.0189
 0.490249 0.384438 0.106611 0.0170017 0.00170017
 0.7925 0.1577 0.0466 0.003 0.0002
 0.840416 0.127587 0.0312969 0.00059994 9.999e-05
 0.8084 0.0986 0.0794 0.0134 0.0002
 0.7335 0.1905 0.0724 0.0035 0.0001
 0.4001 0.4547 0.1325 0.0127 0
 0.49795 0.308269 0.164784 0.0264974 0.00249975
 0.9179 0.0499 0.0305 0.0017 0
 0.2467 0.6533 0.0926 0.0074 0
 0.9418 0.0223 0.034 0.0019 0
 0.707729 0.231977 0.0356964 0.0245975 0
 0.517169 0.277429 0.184464 0.0207286 0.00020938
 0.811772 0.124168 0.05621 0.00726502 0.000585176
 0.764997 0.148141 0.077277 0.00933861 0.000247198
 0.163321 0.427699 0.378323 0.0303852 0.000271297
 0.753843 0.0900009 0.118128 0.0371064 0.000921714
 0.721811 0.176058 0.0630433 0.0369309 0.00215725
 0.143369 0.312575 0.442814 0.0836902 0.0175525
 0.692698 0.0596174 0.167031 0.0765114 0.00414204
 0.394062 0.376323 0.152708 0.0712218 0.00568511
 0.125707 0.32114 0.495352 0.0537591 0.00404204
 0.23352 0.215282 0.420074 0.123614 0.00750983
 0.774587 0.0839891 0.0768558 0.0609784 0.00358967
pf_pred 
 0.411575 0.187038 0.367197 0.0341889 9.13605e-07
 0.432337 0.297872 0.0875216 0.166767 0.0155029
 0.53894 0.25558 0.109576 0.031149 0.0647545
 0.578701 0.276813 0.0813112 0.0337184 0.0294565
 0.646051 0.25243 0.0676763 0.0190644 0.014778
 0.891533 0.0812815 0.0195782 0.00507439 0.00253281
 0.395575 0.563423 0.0310001 0.00720705 0.00279492
 0.431391 0.316907 0.235387 0.0123438 0.00397219
 0.678428 0.175904 0.0823011 0.0592656 0.00410114
 0.842757 0.125559 0.0176868 0.00791644 0.00608061
 0.852387 0.134401 0.0106497 0.00143216 0.0011305
 0.734088 0.239132 0.0244474 0.00188073 0.000451833
 0.661361 0.279582 0.0533118 0.00524635 0.000499529
 0.615673 0.295712 0.0736357 0.0135246 0.00145472
 0.738574 0.19733 0.0498512 0.011842 0.00240282
 0.950432 0.0414288 0.00620694 0.00150389 0.000428758
 0.259173 0.71837 0.0188794 0.00272928 0.000848165
 0.906109 0.0335091 0.0586076 0.00149188 0.000282205
 0.530274 0.441461 0.0102963 0.0174424 0.00052708
 0.532763 0.302409 0.15523 0.00350008 0.00609737
 0.728462 0.176723 0.0620913 0.0308215 0.00190206
 0.714009 0.232038 0.0355104 0.0120846 0.00635792
 0.219383 0.625771 0.126426 0.0187163 0.00970282
 0.729423 0.082621 0.151581 0.0297086 0.00666708
 0.568025 0.349912 0.0255896 0.0455585 0.0109152
 0.365654 0.426124 0.169652 0.0120406 0.0265293
 0.731721 0.126699 0.0960305 0.0371235 0.00842614
 0.673307 0.265035 0.0295909 0.0217618 0.0103053
 0.244025 0.575174 0.147504 0.015993 0.0173037
 0.306208 0.230326 0.355071 0.0884595 0.0199365
 0.819466 0.0745761 0.0359109 0.0536856 0.0163619
pobs_RECLAS
 0 0 0 0 0
 0 0 0 0 0
 0 0 0 0 0
 0 0 0 0 0
 0 0 0 0 0
 0 0 0 0 0
 0 0 0 0 0
 0 0 0 0 0
 0 0 0 0 0
 0 0 0 0 0
 0.991045 0.00858322 0.000360255 1.14367e-05 0
 0.934742 0.0480273 0.0164251 0.00080598 0
 0.827803 0.169806 0.00239088 0 0
 0.941827 0.0461693 0.0120037 0 0
 0.791401 0.0380133 0.147996 0.0225897 0
 0.846168 0.0940531 0.0597789 0 0
 0.134021 0.677848 0.182769 0.00536245 0
 0.80878 0.0450904 0.141981 0.00414843 0
 0.846168 0.0940531 0.0597789 0 0
 0.905697 0.0802665 0.012482 0.00150086 5.37128e-05
 0.989698 0.0102097 9.19794e-05 0 0
 0.975433 0.0193895 0.00387452 0.00125025 5.28907e-05
 0.303575 0.632131 0.0575291 0.00676475 0
 0.966965 0.00978017 0.0227588 0.000495775 0
 0.843318 0.132988 0.00938335 0.0141283 0.000182051
 0.564624 0.303363 0.111486 0.0197234 0.00080311
 0.826376 0.0876187 0.0782897 0.00655872 0.00115652
 0.89761 0.0855135 0.0140674 0.00269457 0.000114338
 0.34875 0.467042 0.161289 0.0227151 0.000203297
 0.318654 0.224769 0.449479 0.00709798 0
 0.937255 0.0296025 0.0250945 0.00804832 0
ppred_RECLAS
 0.521571 0.155033 0.295887 0.0275079 7.35015e-07
 0.543324 0.24304 0.069377 0.13199 0.012269
 0.645932 0.198861 0.0828293 0.0235094 0.0488689
 0.686842 0.208 0.0592227 0.0245177 0.0214169
 0.739585 0.187289 0.0487743 0.0137184 0.0106331
 0.927643 0.0546238 0.0127765 0.00330629 0.00165015
 0.514194 0.453867 0.0241583 0.00560646 0.002174
 0.540582 0.259276 0.187187 0.00980131 0.00315378
 0.773013 0.125994 0.0571029 0.0410502 0.00284039
 0.896443 0.0832413 0.0113495 0.00507105 0.00389471
 0.898398 0.0927413 0.0071446 0.000959356 0.000757223
 0.812124 0.169464 0.0168111 0.00129119 0.000310174
 0.753511 0.204557 0.0378576 0.00371957 0.000354128
 0.721711 0.21574 0.0519912 0.00953245 0.00102523
 0.818008 0.138424 0.0338979 0.00803893 0.00163101
 0.967624 0.0271912 0.00395531 0.000956825 0.000272768
 0.349743 0.63109 0.0161171 0.00232638 0.000722899
 0.937878 0.0225818 0.0383803 0.00097549 0.00018451
 0.635723 0.342968 0.00776999 0.0131423 0.000397105
 0.639824 0.235499 0.117428 0.00264363 0.004605
 0.806288 0.127351 0.0434808 0.0215504 0.00132982
 0.794601 0.167568 0.0249125 0.0084649 0.00445318
 0.301985 0.562706 0.110507 0.0163348 0.00846754
 0.807922 0.0598224 0.106691 0.020879 0.00468522
 0.669136 0.269489 0.0191585 0.0340574 0.00815902
 0.470564 0.358957 0.13894 0.00984604 0.0216923
 0.809054 0.0915493 0.0674513 0.0260359 0.00590906
 0.759911 0.195831 0.0212571 0.0156094 0.00739129
 0.331531 0.512022 0.127672 0.0138219 0.0149534
 0.407986 0.200333 0.300182 0.0746715 0.0168277
 0.876387 0.0519527 0.0243115 0.0362894 0.0110591
pobs_PELACES
 0 0 0 0 0
 0 0 0 0 0
 0 0 0 0 0
 0 0 0 0 0
 0 0 0 0 0
 0 0 0 0 0
 0 0 0 0 0
 0 0 0 0 0
 0 0 0 0 0
 0 0 0 0 0
 0 0 0 0 0
 0 0 0 0 0
 0 0 0 0 0
 0 0 0 0 0
 0 0 0 0 0
 0 0 0 0 0
 0.505614 0.472636 0.0217494 0 0
 0 0 0 0 0
 0.443492 0.261883 0.143347 0.151278 0
 0.227955 0.32914 0.350689 0.0885471 0.00366901
 0.970185 0.0296113 0.000203453 0 0
 0.997202 0.00247181 0.000326279 0 0
 0.445219 0.490057 0.0546422 0.010081 0
 0.90214 0.0892962 0.00764917 0.000914606 0
 0 0 0 0 0
 0.581667 0.319106 0.0959925 0.00289975 0.000334073
 0.762889 0.0836404 0.116647 0.0363945 0.000428098
 0.88444 0.0763242 0.0277011 0.0115352 0
 0.521256 0.241999 0.230069 0.00667565 0
 0.616807 0.101726 0.260614 0.0208532 0
 0.833518 0.0704572 0.0857862 0.0102388 0
ppred_PELACES
 0.527662 0.153257 0.291942 0.0271383 7.25136e-07
 0.554522 0.237492 0.0675513 0.128491 0.0119437
 0.656229 0.193389 0.0802616 0.0227761 0.0473442
 0.707598 0.194738 0.0550126 0.0227651 0.0198855
 0.748901 0.180792 0.0468977 0.0131878 0.0102217
 0.931383 0.0518596 0.0120743 0.0031238 0.00155905
 0.546815 0.423692 0.0223119 0.00517497 0.00200662
 0.547908 0.255403 0.18396 0.00963108 0.00309899
 0.792037 0.115899 0.0520645 0.0374102 0.00258846
 0.907369 0.0746084 0.0100713 0.00449751 0.00345411
 0.900242 0.0910712 0.00700429 0.000940431 0.000742282
 0.82318 0.159586 0.0157358 0.00120821 0.000290234
 0.766172 0.194237 0.0357459 0.00351103 0.000334267
 0.74632 0.197115 0.0470218 0.00861657 0.000926696
 0.831977 0.12804 0.0311114 0.007375 0.00149628
 0.969479 0.0256541 0.00371332 0.000898045 0.000256008
 0.358115 0.623021 0.0158633 0.00228938 0.000711396
 0.940063 0.021829 0.0369905 0.000940015 0.000177798
 0.646853 0.332568 0.00750465 0.0126907 0.000383457
 0.650796 0.228628 0.113567 0.00255616 0.00445259
 0.812048 0.123693 0.0421062 0.0208657 0.00128756
 0.801927 0.161703 0.0239523 0.008137 0.00428064
 0.307773 0.558281 0.109396 0.0161687 0.00838136
 0.811965 0.0586464 0.104381 0.0204246 0.00458322
 0.674621 0.265124 0.0188103 0.0334347 0.00800981
 0.475891 0.355544 0.137383 0.00973483 0.0214472
 0.813174 0.0896746 0.0659303 0.0254459 0.00577512
 0.763654 0.19284 0.0208975 0.015344 0.00726555
 0.335515 0.509144 0.126771 0.0137233 0.0148467
 0.41537 0.198149 0.296206 0.0736728 0.0166025
 0.880302 0.0503942 0.0235146 0.0350944 0.0106949
pobs_pel_tallas
 0 0 0 0 0 0 0 0 0 0 0 0 0 0 0 0 0 0 0 0 0 0 0 0 0 0
 0 0 0 0 0 0 0 0 0 0 0 0 0 0 0 0 0 0 0 0 0 0 0 0 0 0
 0 0 0 0 0 0 0 0 0 0 0 0 0 0 0 0 0 0 0 0 0 0 0 0 0 0
 0 0 0 0 0 0 0 0 0 0 0 0 0 0 0 0 0 0 0 0 0 0 0 0 0 0
 0 0 0 0 0 0 0 0 0 0 0 0 0 0 0 0 0 0 0 0 0 0 0 0 0 0
 0 0 0 0 0 0 0 0 0 0 0 0 0 0 0 0 0 0 0 0 0 0 0 0 0 0
 0 0 0 0 0 0 0 0 0 0 0 0 0 0 0 0 0 0 0 0 0 0 0 0 0 0
 0 0 0 0 0 0 0 0 0 0 0 0 0 0 0 0 0 0 0 0 0 0 0 0 0 0
 0 0 0 0 0 0 0 0 0 0 0 0 0 0 0 0 0 0 0 0 0 0 0 0 0 0
 0 0 0 0 0 0 0 0 0 0 0 0 0 0 0 0 0 0 0 0 0 0 0 0 0 0
 0 0 0 0 0 0 0 0 0 0 0 0 0 0 0 0 0 0 0 0 0 0 0 0 0 0
 0 0 0 0 0 0 0 0 0 0 0 0 0 0 0 0 0 0 0 0 0 0 0 0 0 0
 0.00862536 0 0 0.000197151 0.00414017 0.0128641 0.00837892 0.0270097 0.101434 0.158115 0.152841 0.127902 0.109271 0.109419 0.0830992 0.0579132 0.0238553 0.00714673 0.00463305 0.00128148 0.00103504 0.000492878 0.000147863 0.000147863 4.92878e-05 0
 0 0 0 0 0 0 0 0 0 0 0 0 0 0 0 0 0 0 0 0 0 0 0 0 0 0
 0 0 0 0 0 0 0 0.0054083 0.00873648 0.0413646 0.0450493 0.0745869 0.0622846 0.0627006 0.0613931 0.0827291 0.12552 0.122667 0.0946155 0.0697135 0.0546179 0.0294188 0.0215738 0.0213955 0.0102223 0.00600262
 0 0 0 0 0.00359764 0.0251062 0.0480494 0.140153 0.205849 0.193036 0.1447 0.116669 0.0760912 0.0342217 0.00950174 0.001854 0.000860785 0 0 0 0.000165536 0 0.000143464 0 0 0
 0 0 0 0 0 0 0 0.000145254 0.000435761 0.0275982 0.070085 0.0708112 0.156366 0.174668 0.174014 0.160142 0.0824315 0.0480064 0.0283245 0.00493863 0.00203355 0 0 0 0 0
 0 0 0 0 0 0 0 0 0 0 0 0 0 0 0 0 0 0 0 0 0 0 0 0 0 0
 0 0 1.00437e-05 0.000401748 0.00122533 0.00171747 0.00176769 0.0269171 0.070346 0.194647 0.189555 0.159765 0.064822 0.0314167 0.0384472 0.0292271 0.0345202 0.0313363 0.0194345 0.0106764 0.0143323 0.0359363 0.0279516 0.0138201 0.00172751 0
 0 0.0021121 0.0136068 0.0755702 0.200478 0.177729 0.0527432 0.0373336 0.0318909 0.0142505 0.0149659 0.0166563 0.0217959 0.0798694 0.0677717 0.0528807 0.04013 0.0224614 0.0357745 0.0225083 0.00881397 0.00855152 0.00135912 0.000746735 0 0
 0 0 0 0 5.4009e-05 0.00500934 0.000945158 0.0243581 0.138947 0.33067 0.221406 0.137944 0.0707744 0.0437923 0.0131692 0.00525238 0.0047753 0.00276346 9.45158e-05 9.00151e-06 2.25038e-05 9.00151e-06 4.50075e-06 0 0 0
 0.000866109 0.00284123 0.00948549 0.0512746 0.133035 0.25785 0.225252 0.132002 0.0553304 0.0519788 0.0540692 0.017754 0.00435017 0.00159236 0.00146478 0.000404838 0.000125132 0.000115318 0.000107957 0.000100596 0 0 0 0 0 0
 0 0 0 0 0.00144013 0.00171154 0.00461396 0.0210425 0.0478622 0.0707936 0.0888783 0.103762 0.0637923 0.0337046 0.0602308 0.124433 0.169614 0.0934646 0.0462172 0.0250306 0.0313229 0.00938855 0.002487 0.000210481 0 0
 0 0.00764035 0.051015 0.0998891 0.058973 0.0496711 0.0374665 0.0718981 0.12319 0.153886 0.159021 0.0857701 0.0377988 0.023471 0.0147837 0.00900784 0.00315554 0.000888139 0.00291439 0.00214683 0.00393193 0.00274676 0.000635225 9.99891e-05 0 0
 0 0 0 0 0 0 0 0 0 0 0 0 0 0 0 0 0 0 0 0 0 0 0 0 0 0
 0 0 0 0 0 0 0 0 0 0 0 0 0 0 0 0 0 0 0 0 0 0 0 0 0 0
 0 0 0 0 0 0 0 0 0 0 0 0 0 0 0 0 0 0 0 0 0 0 0 0 0 0
 0 0 0 0 0 0 0 0 0 0 0 0 0 0 0 0 0 0 0 0 0 0 0 0 0 0
 0 0 0 0 0 0 0 0 0 0 0 0 0 0 0 0 0 0 0 0 0 0 0 0 0 0
 0 0 0 0 0 0 0 0 0 0 0 0 0 0 0 0 0 0 0 0 0 0 0 0 0 0
 0 0 0 0 0 0 0 0 0 0 0 0 0 0 0 0 0 0 0 0 0 0 0 0 0 0
ppred_pel_tallas
 1.11186e-16 4.34628e-05 0.000422474 0.00280749 0.0127625 0.0397088 0.0846044 0.123486 0.123501 0.0846789 0.03996 0.0134935 0.00466281 0.00454009 0.00806093 0.0137715 0.0210291 0.0289294 0.0364894 0.0431162 0.0486983 0.0531724 0.0560206 0.0562808 0.0531422 0.0466181
 1.16918e-16 4.56753e-05 0.00044398 0.0029504 0.0134121 0.0417302 0.0889115 0.129774 0.129797 0.0890239 0.0421078 0.0145042 0.00569706 0.00645847 0.011525 0.0191364 0.0279473 0.0360052 0.0414043 0.0434076 0.0429183 0.0418022 0.0415756 0.0424838 0.0435548 0.0433838
 1.12662e-16 5.40527e-05 0.000525412 0.00349155 0.0158721 0.049384 0.105219 0.153574 0.153592 0.10531 0.0496919 0.0167625 0.00573157 0.00543191 0.0094217 0.0156222 0.0228155 0.0293757 0.0336976 0.0350951 0.034204 0.0324802 0.0311989 0.0307481 0.0306436 0.0300576
 1.07286e-16 5.8284e-05 0.000566541 0.00376487 0.0171145 0.0532498 0.113455 0.165595 0.165614 0.113547 0.0535588 0.0180078 0.00600979 0.00547616 0.00940921 0.0155344 0.0225437 0.0287206 0.0323635 0.0327163 0.0304103 0.0269902 0.0239123 0.0218043 0.0204278 0.0191501
 1.04453e-16 6.1686e-05 0.00059961 0.00398462 0.0181135 0.056358 0.120077 0.17526 0.175277 0.120163 0.0566446 0.018942 0.0060661 0.0051497 0.00872152 0.0143695 0.0208093 0.0264146 0.0295706 0.0295393 0.0268831 0.0230413 0.0194144 0.0166785 0.0147363 0.0131249
 1.00939e-16 7.67168e-05 0.000745715 0.00495554 0.0225272 0.0700904 0.149335 0.21796 0.217965 0.14936 0.0701725 0.0227646 0.00555198 0.00204907 0.00255592 0.00411428 0.00594347 0.00752501 0.00838656 0.00831164 0.00746029 0.00624978 0.00509259 0.00419866 0.00355753 0.00305093
 1.01611e-16 4.50405e-05 0.00043781 0.0029094 0.0132257 0.0411504 0.0876768 0.127975 0.128016 0.087876 0.0418191 0.0151564 0.00775262 0.0110006 0.0200763 0.0330419 0.0474126 0.0592414 0.0645364 0.0614579 0.0514328 0.0382329 0.0257846 0.0163944 0.0104006 0.00694672
 1.06865e-16 4.51305e-05 0.000438684 0.00291521 0.0132522 0.0412325 0.0878511 0.128226 0.128251 0.0879726 0.0416411 0.0144354 0.00589617 0.00698222 0.0125779 0.0209961 0.0308759 0.0401421 0.0466529 0.0493298 0.0486476 0.046026 0.0426898 0.038991 0.0346232 0.0293076
 1.05722e-16 6.52391e-05 0.000634147 0.00421413 0.0191568 0.0596041 0.126993 0.185353 0.185364 0.127048 0.0597888 0.0196912 0.00555881 0.00358106 0.00569616 0.00940469 0.013759 0.0177697 0.0204796 0.0214693 0.0210854 0.0201345 0.0192952 0.0187252 0.0181114 0.0170175
 1.01346e-16 7.47388e-05 0.000726487 0.00482776 0.0219463 0.0682832 0.145485 0.212341 0.212348 0.14552 0.0684012 0.0222871 0.0056833 0.00259432 0.00362272 0.00587269 0.00845773 0.0106485 0.0117589 0.0114799 0.0100619 0.00814411 0.00636813 0.00507487 0.00426067 0.00373171
 1.00446e-16 7.41517e-05 0.000720781 0.00478985 0.0217739 0.0677469 0.144342 0.210674 0.210682 0.144385 0.0678907 0.0221892 0.00583167 0.00299348 0.00438569 0.00712058 0.0102208 0.0127905 0.0139712 0.0133678 0.0112822 0.00851472 0.00589507 0.00390614 0.00261412 0.00183735
 1.00666e-16 6.78043e-05 0.000659082 0.00437983 0.0199101 0.0619477 0.131987 0.192642 0.192657 0.132062 0.0621998 0.0206381 0.00620657 0.00464482 0.00763131 0.0124925 0.0179504 0.0224895 0.0246118 0.023622 0.020038 0.0152427 0.0106685 0.00714676 0.0047943 0.00331107
 1.0149e-16 6.31086e-05 0.000613438 0.00407651 0.0185313 0.0576577 0.122847 0.179302 0.179321 0.122938 0.0579651 0.0194192 0.006306 0.00548211 0.00931445 0.015311 0.0220775 0.0278171 0.0307362 0.0299939 0.026185 0.0209092 0.0157952 0.0117467 0.00884683 0.00674502
 1.02429e-16 6.14734e-05 0.000597544 0.00397089 0.0180511 0.0561638 0.119664 0.174656 0.174675 0.119757 0.0564761 0.0189536 0.00623774 0.00555087 0.00948268 0.0156157 0.0225732 0.0285607 0.0317839 0.0314027 0.0280049 0.0231614 0.0184412 0.0146688 0.0118586 0.0096311
 1.01924e-16 6.85289e-05 0.000666125 0.00442664 0.0201228 0.0626097 0.133397 0.1947 0.194712 0.133457 0.0628126 0.0207092 0.00589953 0.0038849 0.00619164 0.0101539 0.014682 0.0185918 0.0207217 0.0205317 0.0184075 0.0153683 0.0124251 0.0100975 0.00837415 0.00698865
 1.00248e-16 7.98547e-05 0.000776216 0.00515823 0.0234486 0.0729572 0.155443 0.226874 0.226877 0.155455 0.0729977 0.0235657 0.00545238 0.00141838 0.00129952 0.00202215 0.00290558 0.00365436 0.00402692 0.00391332 0.00339572 0.00269088 0.00201946 0.00150366 0.00115246 0.000912708
 1.00968e-16 2.94976e-05 0.000286727 0.0019054 0.00866173 0.0269502 0.0574224 0.0838223 0.0838822 0.0577152 0.0279329 0.0114986 0.0090205 0.0157997 0.0294345 0.0484648 0.0694609 0.0866079 0.0939996 0.0889134 0.0734731 0.0533056 0.0343102 0.0200136 0.0110125 0.00607658
 1.01198e-16 7.74317e-05 0.000752664 0.00500172 0.0227371 0.0707435 0.150727 0.21999 0.219992 0.150737 0.0707791 0.0228406 0.00526408 0.00133366 0.00120498 0.00193219 0.0029211 0.00397401 0.00493471 0.00571242 0.00629767 0.00670468 0.00689747 0.00678141 0.00627402 0.00538906
 1.0164e-16 5.32805e-05 0.000517905 0.00344166 0.0156453 0.0486786 0.103716 0.151383 0.151415 0.103872 0.0492032 0.0171599 0.00724043 0.008801 0.0157562 0.0258907 0.0371211 0.046327 0.0503733 0.0478307 0.0398541 0.0294526 0.0197525 0.0125785 0.00816537 0.00576993
 1.04346e-16 5.36053e-05 0.000521062 0.00346264 0.0157407 0.0489752 0.104348 0.152303 0.152325 0.104456 0.0493394 0.016794 0.00611242 0.00632501 0.0111331 0.0184676 0.0269384 0.0345788 0.0393871 0.0403853 0.0381126 0.0340997 0.0297958 0.0258429 0.0221363 0.0183657
 1.03558e-16 6.68873e-05 0.000650169 0.0043206 0.0196408 0.06111 0.130202 0.190036 0.190048 0.13026 0.0613065 0.020209 0.00574905 0.00377583 0.00602488 0.00991214 0.014409 0.0184108 0.0208383 0.0211995 0.0198607 0.0177466 0.0157191 0.0141346 0.0128477 0.0115226
 1.02274e-16 6.60537e-05 0.000642065 0.00426675 0.019396 0.0603483 0.128579 0.187668 0.187684 0.128655 0.0606041 0.0201348 0.00612145 0.00469151 0.00775859 0.0127273 0.0183408 0.0230934 0.0254986 0.0248763 0.0217538 0.0174996 0.0134947 0.0104841 0.00848727 0.00712811
 1.0634e-16 2.5351e-05 0.00024642 0.00163755 0.00744411 0.0231617 0.0493504 0.0720396 0.0720935 0.0496136 0.0240455 0.00999742 0.00804894 0.0142499 0.0266419 0.04406 0.0635963 0.0802398 0.0888771 0.0871229 0.076699 0.0621841 0.0481997 0.0372482 0.029457 0.0237199
 1.05852e-16 6.68805e-05 0.000650102 0.00432016 0.0196388 0.0611037 0.130188 0.190015 0.19002 0.130217 0.0611997 0.0199181 0.0050287 0.00222192 0.0031257 0.00525429 0.00801331 0.0110214 0.013915 0.0164982 0.0187734 0.0207624 0.0222896 0.0229603 0.0223781 0.0204207
 1.0532e-16 5.55677e-05 0.000540138 0.00358941 0.0163169 0.0507682 0.108168 0.15788 0.157905 0.108293 0.0511871 0.0175265 0.00662494 0.00716446 0.0126303 0.0207786 0.0299002 0.037559 0.0413301 0.0401419 0.0349422 0.0280813 0.0219065 0.0176457 0.0152264 0.0138388
 1.08662e-16 3.91986e-05 0.000381024 0.00253204 0.0115103 0.0358131 0.0763048 0.111376 0.111411 0.076473 0.0363782 0.0131443 0.00664011 0.0093709 0.0171769 0.0285027 0.0414469 0.0529383 0.0598446 0.0606869 0.0564418 0.0497142 0.0430011 0.0374539 0.0328757 0.0285435
 1.05455e-16 6.69801e-05 0.00065107 0.00432659 0.0196681 0.0611947 0.130382 0.190298 0.190307 0.130425 0.0613384 0.0200843 0.00537602 0.00295701 0.00449078 0.00743519 0.0109805 0.0143936 0.0169703 0.0183894 0.0188621 0.0188903 0.0188387 0.0186869 0.0181272 0.0168598
 1.03421e-16 6.29012e-05 0.000611422 0.00406311 0.0184703 0.0574682 0.122443 0.178713 0.178731 0.122533 0.057773 0.0193507 0.00627284 0.00543473 0.00922188 0.0151434 0.0218049 0.0274191 0.0302173 0.0294047 0.0256426 0.0206062 0.0159784 0.0126547 0.0106221 0.00935765
 1.07678e-16 2.7636e-05 0.000268632 0.00178516 0.0081151 0.0252493 0.0537982 0.0785304 0.0785795 0.0540385 0.0260563 0.0104468 0.00764217 0.0130681 0.0243758 0.0403578 0.0583745 0.0739074 0.0823429 0.0815216 0.0729666 0.060731 0.0488535 0.039442 0.0325027 0.0270185
 1.18797e-16 3.42135e-05 0.000332568 0.00221003 0.0100465 0.0312585 0.0666002 0.097209 0.0972285 0.0666958 0.031581 0.0109838 0.00458435 0.00558715 0.0102238 0.0173988 0.0263524 0.0358548 0.0446167 0.051985 0.0581112 0.0633552 0.0674845 0.0694664 0.0680682 0.0627316
 1.06021e-16 7.25093e-05 0.000704816 0.00468375 0.0212917 0.0662463 0.141145 0.206006 0.206011 0.141169 0.0663268 0.0215248 0.00527102 0.00199403 0.00254289 0.00414882 0.00611585 0.00801506 0.00947996 0.0103898 0.0109477 0.0115191 0.0123446 0.0133545 0.0142065 0.0144888
pSPR Fmed_Fpbrs
0.530269   0.250904 0.250904
Fs Fmed_Fpbrs
0.397001   1.005 1.005
SSBpbr Bo_Bmed_Bpbrs
1.66886e+06  801503  335281 335281
Ro
130614
SPR SPRFo_SPRFmed_SPRFpbrs
933618 495069 234249
Fref
1.005
Nvult_r0
 161578 10533.3 4966.42 7416.3 2260.16
CTP_r0
 27374.9 2491.27 1199.63 1793.41 546.582
YTP_r0
391253
Np
 193763 69246.9 3893.48 1814.07 3431.12
Nvult_p0
 156278 59648.1 3368.36 1569.77 2969.09
CTP_p0
 61142.4 29462.4 1687.07 786.808 1488.24
YTP_p0
 1.04798e+06
CBA_c0
588271
log_Ro
11.6
likeval ReclasPelacesDesembMPH_pf_preclas_ppelaces_ptallas_desvR_qrecl_qpela
 13.3863 24.8172 0.016524 0.00228195 242.675 117.099 100.154 0 34.7148 0 0 0.0364118 0 0 0
q_reclas_q_pelaces
1 1
M
1
N
 145571 44813.3 85774.9 7975.52 0.213109
 97913.8 46782.5 13426.8 25551.9 2375.19
 84930.5 27937.7 11700.1 3321.82 6905.15
 69135.6 24202 6973.45 2888.81 2523.54
 53420.9 14544.7 3810.39 1072.07 830.971
 231876 14861.9 3500.5 906.197 452.287
 57206.8 61517 3327.96 773.006 299.76
 19627.3 9829.33 7121.64 372.968 120.012
 31850 6112.55 2807.77 2019.92 139.77
 55898.6 6240.72 863.867 386.3 296.703
 94940.4 10105.6 780.478 104.815 82.7311
 133038 31034.6 3107.02 238.756 57.3562
 105739 31841.3 5943.31 584.211 55.622
 72320.1 26079.7 6382.58 1171.21 125.97
 66052.9 12906.2 3198.1 758.92 153.982
 453426 13956.7 2045.42 495.007 141.118
 61563.7 117409 3012.1 434.882 135.137
 719295 18296.2 31237.1 794.128 150.208
 368990 214131 4880.35 8257.37 249.508
 259396 102462 51388.5 1157.26 2015.89
 435542 72678.1 24926.5 12357.3 762.546
 574383 129635 19380.8 6587.3 3465.48
 83800.7 162642 32047.5 4738.04 2456.09
 342693 26348 47136.5 9225.96 2070.31
 260871 109036 7775.23 13824 3311.81
 105649 83173.4 32277 2287.65 5040.07
 292503 34416.2 25438.5 9820.88 2228.95
 348315 92566.4 10073.4 7398.03 3503.1
 71749.2 113802 28438.6 3079.16 3331.26
 46428.8 23818.3 35818.3 8911.69 2008.32
 230825 14426.8 6780.49 10123.5 3085.16
pred_Ctot
 11761.8 5345.07 10493.5 977.032 0.0261085
 14178.6 9768.79 2870.3 5469.17 508.423
 12354.6 5858.9 2511.91 714.056 1484.43
 19570.7 9361.38 2749.81 1140.3 996.171
 8420.7 3290.2 882.1 248.487 192.618
 41969.3 3826.36 921.654 238.879 119.233
 20478.3 29167.6 1604.83 373.099 144.689
 1929.81 1417.67 1052.99 55.2194 17.7695
 9897.51 2566.24 1200.68 864.62 59.8311
 19020.5 2833.79 399.18 178.669 137.236
 6752.5 1064.7 84.3655 11.3454 8.95568
 30423.3 9910.52 1013.19 77.9445 18.7256
 22752.2 9618.22 1834.04 180.486 17.1849
 24938.9 11978.3 2982.74 547.837 58.926
 18583 4964.95 1254.29 297.953 60.4567
 87331.6 3806.74 570.332 138.187 39.397
 7608.82 21090 554.264 80.1265 24.9005
 88252.4 3263.69 5708.21 145.304 27.4859
 58511.3 48711.5 1136.11 1924.62 58.1588
 39963.3 22684.1 11644 262.546 457.372
 53480.3 12974.2 4558.45 2262.77 139.64
 85414.2 27757.9 4247.97 1445.63 760.574
 7798.1 22243.4 4493.9 665.284 344.892
 29618.1 3354.82 6154.91 1206.31 270.716
 22244.9 13703.2 1002.13 1784.15 427.458
 7722.47 8999.57 3582.97 254.292 560.288
 26161.5 4529.93 3433.41 1327.29 301.263
 24872.1 9790.46 1093.09 803.885 380.681
 4464.99 10524.1 2698.92 292.628 316.609
 4622.56 3477.03 5360.21 1335.4 300.964
 27374.9 2491.27 1199.63 1793.41 546.582
F
 0.135152 0.205253 0.211013 0.211325 0.211342
 0.254109 0.38591 0.396741 0.397328 0.397359
 0.255398 0.387868 0.398754 0.399344 0.399375
 0.558842 0.848703 0.872522 0.873812 0.87388
 0.279402 0.424322 0.436231 0.436876 0.43691
 0.32689 0.496441 0.510374 0.511129 0.511169
 0.761302 1.15617 1.18862 1.19038 1.19047
 0.166579 0.25298 0.26008 0.260465 0.260485
 0.629942 0.956681 0.98353 0.984985 0.985062
 0.710448 1.07894 1.10923 1.11087 1.11095
 0.118147 0.179428 0.184463 0.184736 0.184751
 0.42987 0.652835 0.671157 0.67215 0.672202
 0.399815 0.607192 0.624233 0.625156 0.625205
 0.72339 1.0986 1.12943 1.1311 1.13119
 0.554499 0.842107 0.865741 0.867021 0.867089
 0.351172 0.533319 0.548286 0.549097 0.54914
 0.213379 0.324055 0.333149 0.333642 0.333668
 0.211682 0.321477 0.330499 0.330988 0.331014
 0.281281 0.427176 0.439165 0.439815 0.439849
 0.272314 0.413559 0.425165 0.425794 0.425827
 0.211865 0.321755 0.330786 0.331275 0.331301
 0.261744 0.397506 0.408662 0.409267 0.409299
 0.157047 0.238504 0.245198 0.245561 0.24558
 0.145159 0.220451 0.226638 0.226973 0.22699
 0.143098 0.21732 0.223419 0.223749 0.223767
 0.121594 0.184662 0.189845 0.190126 0.190141
 0.150548 0.228635 0.235051 0.235399 0.235417
 0.118642 0.180179 0.185236 0.18551 0.185524
 0.102724 0.156005 0.160383 0.16062 0.160633
 0.168833 0.256404 0.2636 0.26399 0.264011
 0.203981 0.309782 0.318476 0.318947 0.318972
nmprior
 8.19 8.8 8.5 0
nm_flota  nm_reclas  nm_pelaces    nm_pelaL
inf 15.1485 12.3512 26.2555
cv_recla  cv_pelaces  cv_mph
0.330945 0.564871 1.47421
 ------------------------------------------------
Talla a la edad & desviaci?n 
 8 13.2811 15.8009 17.003 17.5766
 0.8 1.32811 1.58009 1.7003 1.75766
