years
 1991 1992 1993 1994 1995 1996 1997 1998 1999 2000 2001 2002 2003 2004 2005 2006 2007 2008 2009 2010 2011 2012 2013 2014 2015 2016 2017 2018 2019 2020 2021
reclasobs
 0 0 0 0 0 0 0 0 0 252601 567819 844713 477998 351125 339783 2.1784e+06 2.13404e+06 4.81314e+06 1.55562e+06 2.62356e+06 3.21686e+06 3.843e+06 1.13348e+06 3.07943e+06 1.97215e+06 2.03268e+06 2.025e+06 2.42433e+06 2.27542e+06 1.05018e+06 2.36338e+06
reclaspred
 3.98211e+06 1.50871e+06 832373 460468 114509 1.88202e+06 803531 345712 126747 205821 345242 622399 567978 405633 319117 1.78268e+06 1.22622e+06 4.22435e+06 3.39375e+06 1.93097e+06 3.74724e+06 3.31849e+06 2.01605e+06 3.5979e+06 2.4184e+06 1.7031e+06 2.56267e+06 3.49672e+06 2.57733e+06 1.09826e+06 1.63202e+06
pelacesobs
 0 0 0 0 0 0 0 0 0 0 0 0 0 0 0 552880 188675 0 991730 2.46772e+06 1.41603e+06 1.21717e+06 2.29649e+06 1.80582e+06 0 1.4828e+06 1.56532e+06 1.57751e+06 1.42118e+06 867257 1.10002e+06
pelacespred
 1.07794e+06 420800 199323 73372.8 19059.4 473643 157130 91352.8 19085 38822.8 83333.6 123425 123868 85762.4 67533.1 376533 258074 1.09976e+06 867946 457612 898974 802318 492654 1.0107e+06 639485 447114 784856 1.04752e+06 640123 313695 437282
mphobs
 0 0 0 0 0 0 0 0 0 0 0 498337 0 5186 125008 0 168611 109162 213762 579715 649985 157893 87575 83554 0 0 0 0 0 0 0
mphpred
 2.3672e+06 1.14633e+06 323793 249272 82087.2 21011.5 574770 185959 70981.8 13725.8 37759.6 119934 160490 113065 58831.3 63865.5 617911 381447 1.34027e+06 915008 713937 1.05314e+06 1.07601e+06 661291 1.10537e+06 786551 506041 733228 1.35451e+06 750493 287338
desembarqueobs
 494567 514787 250237 358949 120608 361735 552515 73892 212993 205616 52469 317467 293654 387597 252695 516296 358380 742168 942051 627588 828172 859565 418607 520667 417249 300574 407403 355545 319650 289779 391294
desembarquepred
 494528 514774 249606 358795 120544 361579 551894 73872.3 212739 205453 52460.9 317237 293401 387037 252440 515957 358257 741748 940904 626750 827768 858901 418397 520496 417031 300395 407216 355404 319500 289578 391120
Reclutas
 27073.1 17988.3 174490 25787.7 10145.1 315064 19909.3 5213.7 17081.9 58543 54109.3 123197 84941.8 67868 47706.7 397770 22782.2 666749 321337 169441 382636 516239 32171.6 279691 179578 55980.8 233847 303327 33142.9 17135.7 165610
log_desv_Rt
 -1.06287 -1.47169 0.800453 -1.11152 -2.04443 1.39136 -1.37023 -2.71012 -1.52339 -0.291653 -0.370408 0.452366 0.0805512 -0.14385 -0.496344 1.62446 -1.23543 2.141 1.41108 0.771091 1.58567 1.88515 -0.890332 1.27227 0.829196 -0.336407 1.09325 1.3534 -0.860586 -1.52025 0.748219
SSB
 2.3672e+06 1.14633e+06 323793 249272 82087.2 21011.5 574770 185959 70981.8 13725.8 37759.6 119934 160490 113065 58831.3 63865.5 617911 381447 1.34027e+06 915008 713937 1.05314e+06 1.07601e+06 661291 1.10537e+06 786551 506041 733228 1.35451e+06 750493 287338
BT
 2.93733e+06 1.52205e+06 694851 434353 148760 1.41263e+06 849608 279813 245333 284909 235965 545755 549879 599734 406473 1.27583e+06 877249 3.20825e+06 2.89259e+06 1.63445e+06 2.77186e+06 2.62643e+06 1.4996e+06 2.82657e+06 1.866e+06 1.30598e+06 2.2384e+06 2.76964e+06 1.74326e+06 1.02895e+06 1.39096e+06
Ftot
 0.209459 0.554405 0.561889 1.21438 1.55524 0.416251 1.0672 0.365458 2.40901 1.8173 0.317457 0.963674 0.943971 1.64656 1.4523 0.61051 0.494622 0.366652 0.506945 0.578323 0.429378 0.492102 0.354413 0.290056 0.314161 0.31339 0.319821 0.206698 0.212619 0.441242 0.482338
BD_Bspro_t
 0.967127 0.744575 0.437978 0.399338 0.154912 0.0619645 0.526449 0.234244 0.14013 0.0417838 0.128401 0.379161 0.315779 0.21731 0.123977 0.138689 0.476674 0.355685 0.589424 0.461656 0.364082 0.454397 0.484026 0.40576 0.563004 0.54007 0.497472 0.61545 0.726026 0.596809 0.414367
BD_Bspro
 4.22587 2.0464 0.578027 0.444995 0.14654 0.0375093 1.02607 0.33197 0.126715 0.024503 0.0674075 0.214104 0.286503 0.201842 0.105024 0.114011 1.10308 0.68095 2.39262 1.63345 1.27451 1.88004 1.92086 1.18052 1.97329 1.40413 0.903372 1.30894 2.41805 1.33976 0.51295
BD_Bo
 1.43483 0.694825 0.196261 0.151092 0.0497555 0.0127357 0.348386 0.112715 0.0430242 0.00831962 0.0228872 0.0726958 0.0972777 0.0685324 0.0356595 0.0387108 0.374534 0.231206 0.812377 0.554614 0.432739 0.638341 0.6522 0.400828 0.67 0.476752 0.306727 0.444432 0.821012 0.454897 0.174164
BD_Brms
 8.33679 4.03714 1.14033 0.877887 0.289095 0.0739984 2.02422 0.65491 0.249984 0.0483395 0.132982 0.422384 0.565213 0.398194 0.207192 0.224922 2.17616 1.34338 4.72015 3.22248 2.51434 3.70895 3.78948 2.32893 3.8929 2.77007 1.78217 2.58228 4.77033 2.64309 1.01195
Sel_flota
 0.756266 0.983321 0.999108 0.999953 0.999998
 0.756266 0.983321 0.999108 0.999953 0.999998
 0.756266 0.983321 0.999108 0.999953 0.999998
 0.756266 0.983321 0.999108 0.999953 0.999998
 0.756266 0.983321 0.999108 0.999953 0.999998
 0.756266 0.983321 0.999108 0.999953 0.999998
 0.756266 0.983321 0.999108 0.999953 0.999998
 0.756266 0.983321 0.999108 0.999953 0.999998
 0.756266 0.983321 0.999108 0.999953 0.999998
 0.756266 0.983321 0.999108 0.999953 0.999998
 0.756266 0.983321 0.999108 0.999953 0.999998
 0.756266 0.983321 0.999108 0.999953 0.999998
 0.756266 0.983321 0.999108 0.999953 0.999998
 0.756266 0.983321 0.999108 0.999953 0.999998
 0.756266 0.983321 0.999108 0.999953 0.999998
 0.756266 0.983321 0.999108 0.999953 0.999998
 0.756266 0.983321 0.999108 0.999953 0.999998
 0.756266 0.983321 0.999108 0.999953 0.999998
 0.756266 0.983321 0.999108 0.999953 0.999998
 0.756266 0.983321 0.999108 0.999953 0.999998
 0.756266 0.983321 0.999108 0.999953 0.999998
 0.756266 0.983321 0.999108 0.999953 0.999998
 0.756266 0.983321 0.999108 0.999953 0.999998
 0.756266 0.983321 0.999108 0.999953 0.999998
 0.756266 0.983321 0.999108 0.999953 0.999998
 0.756266 0.983321 0.999108 0.999953 0.999998
 0.756266 0.983321 0.999108 0.999953 0.999998
 0.756266 0.983321 0.999108 0.999953 0.999998
 0.756266 0.983321 0.999108 0.999953 0.999998
 0.756266 0.983321 0.999108 0.999953 0.999998
 0.756266 0.983321 0.999108 0.999953 0.999998
Sel_reclas
 1 1 1 1 1
 1 1 1 1 1
 1 1 1 1 1
 1 1 1 1 1
 1 1 1 1 1
 1 1 1 1 1
 1 1 1 1 1
 1 1 1 1 1
 1 1 1 1 1
 1 1 1 1 1
 1 1 1 1 1
 1 1 1 1 1
 1 1 1 1 1
 1 1 1 1 1
 1 1 1 1 1
 1 1 1 1 1
 1 1 1 1 1
 1 1 1 1 1
 1 1 1 1 1
 1 1 1 1 1
 1 1 1 1 1
 1 1 1 1 1
 1 1 1 1 1
 1 1 1 1 1
 1 1 1 1 1
 1 1 1 1 1
 1 1 1 1 1
 1 1 1 1 1
 1 1 1 1 1
 1 1 1 1 1
 1 1 1 1 1
Sel_pelaces
 1 1 1 1 1
 1 1 1 1 1
 1 1 1 1 1
 1 1 1 1 1
 1 1 1 1 1
 1 1 1 1 1
 1 1 1 1 1
 1 1 1 1 1
 1 1 1 1 1
 1 1 1 1 1
 1 1 1 1 1
 1 1 1 1 1
 1 1 1 1 1
 1 1 1 1 1
 1 1 1 1 1
 1 1 1 1 1
 1 1 1 1 1
 1 1 1 1 1
 1 1 1 1 1
 1 1 1 1 1
 1 1 1 1 1
 1 1 1 1 1
 1 1 1 1 1
 1 1 1 1 1
 1 1 1 1 1
 1 1 1 1 1
 1 1 1 1 1
 1 1 1 1 1
 1 1 1 1 1
 1 1 1 1 1
 1 1 1 1 1
pf_obs 
 0.8446 0.082 0.0669 0.0065 0
 0.8095 0.147 0.0364 0.0071 0
 0.9664 0.0169 0.016 0.0007 0
 0.9276 0.0648 0.0075 0.0001 0
 0.7033 0.2144 0.0806 0.0017 0
 0.9318 0.0425 0.0243 0.0014 0
 0.5671 0.3108 0.0964 0.0239 0.0018
 0.0768 0.2599 0.5324 0.112 0.0189
 0.490249 0.384438 0.106611 0.0170017 0.00170017
 0.7925 0.1577 0.0466 0.003 0.0002
 0.840416 0.127587 0.0312969 0.00059994 9.999e-05
 0.8084 0.0986 0.0794 0.0134 0.0002
 0.7335 0.1905 0.0724 0.0035 0.0001
 0.4001 0.4547 0.1325 0.0127 0
 0.49795 0.308269 0.164784 0.0264974 0.00249975
 0.9179 0.0499 0.0305 0.0017 0
 0.2467 0.6533 0.0926 0.0074 0
 0.9418 0.0223 0.034 0.0019 0
 0.707729 0.231977 0.0356964 0.0245975 0
 0.517169 0.277429 0.184464 0.0207286 0.00020938
 0.811772 0.124168 0.05621 0.00726502 0.000585176
 0.764997 0.148141 0.077277 0.00933861 0.000247198
 0.163321 0.427699 0.378323 0.0303852 0.000271297
 0.753843 0.0900009 0.118128 0.0371064 0.000921714
 0.721811 0.176058 0.0630433 0.0369309 0.00215725
 0.143369 0.312575 0.442814 0.0836902 0.0175525
 0.692698 0.0596174 0.167031 0.0765114 0.00414204
 0.394062 0.376323 0.152708 0.0712218 0.00568511
 0.125707 0.32114 0.495352 0.0537591 0.00404204
 0.23352 0.215282 0.420074 0.123614 0.00750983
 0.774587 0.0839891 0.0768558 0.0609784 0.00358967
pf_pred 
 0.124026 0.210645 0.593746 0.0715828 8.0192e-07
 0.213831 0.125237 0.161036 0.446156 0.0537405
 0.8999 0.0277958 0.0117284 0.0147717 0.0458043
 0.324856 0.625969 0.0138725 0.00573207 0.0295711
 0.496375 0.215162 0.268019 0.00577378 0.0146701
 0.992679 0.00454551 0.00120795 0.001457 0.000110939
 0.163797 0.831737 0.00279337 0.000728046 0.000944041
 0.223738 0.176478 0.596665 0.00195181 0.00116665
 0.749193 0.0713469 0.0414056 0.137338 0.000717049
 0.977268 0.0194449 0.000965641 0.000536458 0.00178449
 0.885764 0.112709 0.00131331 6.29451e-05 0.000150993
 0.856476 0.130957 0.0124018 0.000141873 2.30876e-05
 0.743417 0.230559 0.0237976 0.00219736 2.91881e-05
 0.756878 0.197258 0.0413167 0.00415839 0.000388543
 0.826679 0.145441 0.0227631 0.0046103 0.000506453
 0.979897 0.017789 0.00195116 0.000296058 6.64383e-05
 0.163551 0.824392 0.0106958 0.00114844 0.000213118
 0.951146 0.0103499 0.0379599 0.000482727 6.13841e-05
 0.572536 0.412019 0.00332082 0.011953 0.000171161
 0.524499 0.30852 0.161069 0.0012722 0.00463974
 0.821809 0.108222 0.0457315 0.0233804 0.000857165
 0.778685 0.191127 0.018476 0.00765739 0.00405419
 0.139225 0.713553 0.127492 0.0120803 0.00764918
 0.813877 0.0333643 0.127035 0.0222796 0.0034443
 0.595313 0.346212 0.0106391 0.0397874 0.008049
 0.360754 0.424335 0.184359 0.00556321 0.0249894
 0.831058 0.0729519 0.0641099 0.0273516 0.00452821
 0.7537 0.214126 0.0140399 0.0121155 0.00601875
 0.179196 0.658001 0.14186 0.00914373 0.0117993
 0.22848 0.173117 0.481355 0.102003 0.0150447
 0.895407 0.0304302 0.0168971 0.0460743 0.0111919
pobs_RECLAS
 0 0 0 0 0
 0 0 0 0 0
 0 0 0 0 0
 0 0 0 0 0
 0 0 0 0 0
 0 0 0 0 0
 0 0 0 0 0
 0 0 0 0 0
 0 0 0 0 0
 0 0 0 0 0
 0.991045 0.00858322 0.000360255 1.14367e-05 0
 0.934742 0.0480273 0.0164251 0.00080598 0
 0.827803 0.169806 0.00239088 0 0
 0.941827 0.0461693 0.0120037 0 0
 0.791401 0.0380133 0.147996 0.0225897 0
 0.846168 0.0940531 0.0597789 0 0
 0.134021 0.677848 0.182769 0.00536245 0
 0.80878 0.0450904 0.141981 0.00414843 0
 0.846168 0.0940531 0.0597789 0 0
 0.905697 0.0802665 0.012482 0.00150086 5.37128e-05
 0.989698 0.0102097 9.19794e-05 0 0
 0.975433 0.0193895 0.00387452 0.00125025 5.28907e-05
 0.303575 0.632131 0.0575291 0.00676475 0
 0.966965 0.00978017 0.0227588 0.000495775 0
 0.843318 0.132988 0.00938335 0.0141283 0.000182051
 0.564624 0.303363 0.111486 0.0197234 0.00080311
 0.826376 0.0876187 0.0782897 0.00655872 0.00115652
 0.89761 0.0855135 0.0140674 0.00269457 0.000114338
 0.34875 0.467042 0.161289 0.0227151 0.000203297
 0.318654 0.224769 0.449479 0.00709798 0
 0.937255 0.0296025 0.0250945 0.00804832 0
ppred_RECLAS
 0.157714 0.205069 0.568711 0.0685054 7.6741e-07
 0.267063 0.118505 0.149809 0.414677 0.0499464
 0.923209 0.0215989 0.00895974 0.0112744 0.0349581
 0.395714 0.561079 0.012198 0.00503505 0.0259738
 0.580158 0.1815 0.221469 0.00476573 0.0121082
 0.994454 0.00346591 0.000905815 0.00109161 8.31133e-05
 0.209012 0.786843 0.00259381 0.000675365 0.000875685
 0.276911 0.166504 0.553694 0.00180965 0.00108162
 0.817285 0.052952 0.0299701 0.0992747 0.000518283
 0.983809 0.013895 0.000675091 0.000374607 0.00124603
 0.91039 0.0884314 0.0010136 4.85379e-05 0.000116427
 0.889163 0.101293 0.00941899 0.000107646 1.75168e-05
 0.795603 0.184004 0.0186499 0.00172037 2.2851e-05
 0.81326 0.152114 0.0311969 0.00313634 0.00029303
 0.868242 0.110924 0.0170139 0.0034422 0.000378113
 0.984755 0.0135171 0.00145737 0.000220931 4.95768e-05
 0.204841 0.783887 0.0100003 0.00107279 0.000199071
 0.962792 0.00798619 0.0288093 0.000366039 4.65437e-05
 0.638473 0.348684 0.00276327 0.00993726 0.000142289
 0.594464 0.264702 0.135853 0.00107205 0.00390963
 0.8592 0.0860829 0.0357736 0.0182732 0.000669894
 0.822847 0.153346 0.014576 0.0060356 0.00319539
 0.175399 0.685503 0.120471 0.0114051 0.00722127
 0.852985 0.0267138 0.100057 0.017533 0.00271038
 0.65889 0.292541 0.00884307 0.0330419 0.00668408
 0.426375 0.382892 0.163639 0.00493365 0.0221605
 0.866771 0.0580788 0.050206 0.0214009 0.00354289
 0.800219 0.174061 0.0112289 0.00968146 0.00480936
 0.222462 0.625331 0.132642 0.00854223 0.0110226
 0.282908 0.163024 0.44577 0.0943786 0.0139195
 0.919434 0.0237322 0.0129579 0.0353016 0.00857468
pobs_PELACES
 0 0 0 0 0
 0 0 0 0 0
 0 0 0 0 0
 0 0 0 0 0
 0 0 0 0 0
 0 0 0 0 0
 0 0 0 0 0
 0 0 0 0 0
 0 0 0 0 0
 0 0 0 0 0
 0 0 0 0 0
 0 0 0 0 0
 0 0 0 0 0
 0 0 0 0 0
 0 0 0 0 0
 0 0 0 0 0
 0.505614 0.472636 0.0217494 0 0
 0 0 0 0 0
 0.443492 0.261883 0.143347 0.151278 0
 0.227955 0.32914 0.350689 0.0885471 0.00366901
 0.970185 0.0296113 0.000203453 0 0
 0.997202 0.00247181 0.000326279 0 0
 0.445219 0.490057 0.0546422 0.010081 0
 0.90214 0.0892962 0.00764917 0.000914606 0
 0 0 0 0 0
 0.581667 0.319106 0.0959925 0.00289975 0.000334073
 0.762889 0.0836404 0.116647 0.0363945 0.000428098
 0.88444 0.0763242 0.0277011 0.0115352 0
 0.521256 0.241999 0.230069 0.00667565 0
 0.616807 0.101726 0.260614 0.0208532 0
 0.833518 0.0704572 0.0857862 0.0102388 0
ppred_PELACES
 0.159922 0.204701 0.567072 0.068304 7.65152e-07
 0.275775 0.117392 0.147974 0.409533 0.0493264
 0.926291 0.0207776 0.00859384 0.0108123 0.0335249
 0.41778 0.540845 0.011684 0.00482123 0.0248704
 0.609346 0.169662 0.205353 0.00441703 0.011222
 0.994627 0.00336007 0.000876251 0.00105586 8.03908e-05
 0.222545 0.773404 0.00253538 0.000659953 0.000855688
 0.282725 0.165407 0.549001 0.00179413 0.00107234
 0.843938 0.0456487 0.0255143 0.0844583 0.000440915
 0.985861 0.0121514 0.000584815 0.000324349 0.00107883
 0.912313 0.0865352 0.000990222 4.74144e-05 0.000113732
 0.896121 0.0949746 0.00878721 0.000100398 1.63372e-05
 0.806942 0.173882 0.0175375 0.00161734 2.14822e-05
 0.831501 0.137474 0.0279537 0.002809 0.000262439
 0.880326 0.100872 0.0153554 0.0031054 0.00034111
 0.985432 0.0129215 0.00138874 0.000210491 4.72336e-05
 0.210949 0.777894 0.00989825 0.0010617 0.000197012
 0.963816 0.00777804 0.0280049 0.000355782 4.52393e-05
 0.647217 0.340284 0.00268959 0.00967094 0.000138475
 0.605116 0.258019 0.132025 0.00104167 0.00379881
 0.863152 0.0837409 0.0347226 0.0177342 0.00065013
 0.828208 0.148757 0.0141036 0.00583922 0.0030914
 0.179319 0.682458 0.119715 0.0113323 0.00717519
 0.855844 0.0262271 0.0980861 0.0171862 0.00265675
 0.664215 0.288045 0.0086929 0.032478 0.00656997
 0.432262 0.37917 0.161784 0.00487729 0.0219072
 0.869623 0.0568901 0.0490965 0.0209262 0.00346427
 0.802706 0.171919 0.0110788 0.00955146 0.00474477
 0.225268 0.62321 0.132046 0.00850333 0.0109724
 0.290033 0.161694 0.441118 0.0933823 0.0137725
 0.922203 0.0229588 0.0125042 0.0340608 0.00827324
pobs_pel_tallas
 0 0 0 0 0 0 0 0 0 0 0 0 0 0 0 0 0 0 0 0 0 0 0 0 0 0
 0 0 0 0 0 0 0 0 0 0 0 0 0 0 0 0 0 0 0 0 0 0 0 0 0 0
 0 0 0 0 0 0 0 0 0 0 0 0 0 0 0 0 0 0 0 0 0 0 0 0 0 0
 0 0 0 0 0 0 0 0 0 0 0 0 0 0 0 0 0 0 0 0 0 0 0 0 0 0
 0 0 0 0 0 0 0 0 0 0 0 0 0 0 0 0 0 0 0 0 0 0 0 0 0 0
 0 0 0 0 0 0 0 0 0 0 0 0 0 0 0 0 0 0 0 0 0 0 0 0 0 0
 0 0 0 0 0 0 0 0 0 0 0 0 0 0 0 0 0 0 0 0 0 0 0 0 0 0
 0 0 0 0 0 0 0 0 0 0 0 0 0 0 0 0 0 0 0 0 0 0 0 0 0 0
 0 0 0 0 0 0 0 0 0 0 0 0 0 0 0 0 0 0 0 0 0 0 0 0 0 0
 0 0 0 0 0 0 0 0 0 0 0 0 0 0 0 0 0 0 0 0 0 0 0 0 0 0
 0 0 0 0 0 0 0 0 0 0 0 0 0 0 0 0 0 0 0 0 0 0 0 0 0 0
 0 0 0 0 0 0 0 0 0 0 0 0 0 0 0 0 0 0 0 0 0 0 0 0 0 0
 0.00862536 0 0 0.000197151 0.00414017 0.0128641 0.00837892 0.0270097 0.101434 0.158115 0.152841 0.127902 0.109271 0.109419 0.0830992 0.0579132 0.0238553 0.00714673 0.00463305 0.00128148 0.00103504 0.000492878 0.000147863 0.000147863 4.92878e-05 0
 0 0 0 0 0 0 0 0 0 0 0 0 0 0 0 0 0 0 0 0 0 0 0 0 0 0
 0 0 0 0 0 0 0 0.0054083 0.00873648 0.0413646 0.0450493 0.0745869 0.0622846 0.0627006 0.0613931 0.0827291 0.12552 0.122667 0.0946155 0.0697135 0.0546179 0.0294188 0.0215738 0.0213955 0.0102223 0.00600262
 0 0 0 0 0.00359764 0.0251062 0.0480494 0.140153 0.205849 0.193036 0.1447 0.116669 0.0760912 0.0342217 0.00950174 0.001854 0.000860785 0 0 0 0.000165536 0 0.000143464 0 0 0
 0 0 0 0 0 0 0 0.000145254 0.000435761 0.0275982 0.070085 0.0708112 0.156366 0.174668 0.174014 0.160142 0.0824315 0.0480064 0.0283245 0.00493863 0.00203355 0 0 0 0 0
 0 0 0 0 0 0 0 0 0 0 0 0 0 0 0 0 0 0 0 0 0 0 0 0 0 0
 0 0 1.00437e-05 0.000401748 0.00122533 0.00171747 0.00176769 0.0269171 0.070346 0.194647 0.189555 0.159765 0.064822 0.0314167 0.0384472 0.0292271 0.0345202 0.0313363 0.0194345 0.0106764 0.0143323 0.0359363 0.0279516 0.0138201 0.00172751 0
 0 0.0021121 0.0136068 0.0755702 0.200478 0.177729 0.0527432 0.0373336 0.0318909 0.0142505 0.0149659 0.0166563 0.0217959 0.0798694 0.0677717 0.0528807 0.04013 0.0224614 0.0357745 0.0225083 0.00881397 0.00855152 0.00135912 0.000746735 0 0
 0 0 0 0 5.4009e-05 0.00500934 0.000945158 0.0243581 0.138947 0.33067 0.221406 0.137944 0.0707744 0.0437923 0.0131692 0.00525238 0.0047753 0.00276346 9.45158e-05 9.00151e-06 2.25038e-05 9.00151e-06 4.50075e-06 0 0 0
 0.000866109 0.00284123 0.00948549 0.0512746 0.133035 0.25785 0.225252 0.132002 0.0553304 0.0519788 0.0540692 0.017754 0.00435017 0.00159236 0.00146478 0.000404838 0.000125132 0.000115318 0.000107957 0.000100596 0 0 0 0 0 0
 0 0 0 0 0.00144013 0.00171154 0.00461396 0.0210425 0.0478622 0.0707936 0.0888783 0.103762 0.0637923 0.0337046 0.0602308 0.124433 0.169614 0.0934646 0.0462172 0.0250306 0.0313229 0.00938855 0.002487 0.000210481 0 0
 0 0.00764035 0.051015 0.0998891 0.058973 0.0496711 0.0374665 0.0718981 0.12319 0.153886 0.159021 0.0857701 0.0377988 0.023471 0.0147837 0.00900784 0.00315554 0.000888139 0.00291439 0.00214683 0.00393193 0.00274676 0.000635225 9.99891e-05 0 0
 0 0 0 0 0 0 0 0 0 0 0 0 0 0 0 0 0 0 0 0 0 0 0 0 0 0
 0 0 0 0 0 0 0 0 0 0 0 0 0 0 0 0 0 0 0 0 0 0 0 0 0 0
 0 0 0 0 0 0 0 0 0 0 0 0 0 0 0 0 0 0 0 0 0 0 0 0 0 0
 0 0 0 0 0 0 0 0 0 0 0 0 0 0 0 0 0 0 0 0 0 0 0 0 0 0
 0 0 0 0 0 0 0 0 0 0 0 0 0 0 0 0 0 0 0 0 0 0 0 0 0 0
 0 0 0 0 0 0 0 0 0 0 0 0 0 0 0 0 0 0 0 0 0 0 0 0 0 0
 0 0 0 0 0 0 0 0 0 0 0 0 0 0 0 0 0 0 0 0 0 0 0 0 0 0
ppred_pel_tallas
 1.23267e-16 1.31726e-05 0.000128042 0.000850888 0.00386803 0.012035 0.0256425 0.0374303 0.0374509 0.0257435 0.0123765 0.00486524 0.00339507 0.00581778 0.0112167 0.0195593 0.0305885 0.0434946 0.0572869 0.0712545 0.0848847 0.0972039 0.106269 0.109584 0.105357 0.0936833
 1.53719e-16 2.27153e-05 0.0002208 0.0014673 0.00667012 0.0207533 0.0442175 0.0645392 0.0645509 0.0442747 0.0209465 0.0072332 0.00290033 0.00341642 0.0062973 0.0109378 0.0171439 0.0246602 0.0334298 0.0439274 0.0570058 0.073114 0.0913595 0.109152 0.122821 0.128938
 1.07012e-16 7.62974e-05 0.000741638 0.00492844 0.022404 0.0697071 0.148519 0.216768 0.21677 0.148528 0.0697404 0.0225003 0.00517143 0.00127596 0.00110323 0.00173727 0.00258209 0.00344771 0.00422064 0.00490934 0.00566668 0.0067021 0.00813021 0.00985924 0.0115904 0.0129214
 1.05168e-16 3.44121e-05 0.000334498 0.00222286 0.0101048 0.0314401 0.0669884 0.0977825 0.0978345 0.0672426 0.0322933 0.0125677 0.00840032 0.0138041 0.0255695 0.0420972 0.0603623 0.0753353 0.0819316 0.0778484 0.0649995 0.0483249 0.0329512 0.0218619 0.0154024 0.0122656
 1.08312e-16 5.0191e-05 0.000487875 0.0032421 0.0147381 0.0458559 0.0977014 0.142601 0.142618 0.0977828 0.04613 0.0155336 0.00525226 0.00492058 0.00859877 0.0144744 0.0216314 0.0288323 0.0347869 0.0388015 0.0410154 0.0419704 0.0419359 0.0406423 0.0376229 0.0327735
 1.00146e-16 8.19261e-05 0.000796351 0.00529203 0.0240568 0.0748497 0.159475 0.232759 0.232759 0.159477 0.074855 0.0240722 0.00533079 0.000881132 0.000243476 0.000274286 0.000390654 0.000498761 0.00056504 0.000576997 0.000546121 0.000498992 0.000459539 0.00043617 0.000421661 0.000402402
 1.00482e-16 1.83309e-05 0.000178183 0.00118409 0.00538276 0.0167482 0.0356865 0.052101 0.0521754 0.0360498 0.0179675 0.00890238 0.0100103 0.0194175 0.0364738 0.0600505 0.0859893 0.107052 0.11588 0.109086 0.0893435 0.0637244 0.0396702 0.0216715 0.0105307 0.00470654
 1.16247e-16 2.32877e-05 0.000226365 0.00150427 0.00683823 0.0212763 0.0453321 0.0661671 0.0661838 0.0454144 0.0215548 0.00765276 0.00358751 0.0049016 0.00927468 0.0162627 0.025664 0.036909 0.0492321 0.0619548 0.0743645 0.0852163 0.0924776 0.093891 0.088166 0.0759247
 1.09293e-16 6.9514e-05 0.000675701 0.00449027 0.0204121 0.0635097 0.135314 0.197496 0.197501 0.135336 0.0635832 0.0206251 0.00502813 0.00186121 0.00235586 0.00388056 0.00582116 0.00785343 0.00973387 0.0114438 0.0132207 0.0153608 0.0179203 0.0205493 0.0225894 0.0233684
 1.00236e-16 8.1204e-05 0.000789332 0.00524539 0.0238448 0.07419 0.15807 0.230707 0.230709 0.158075 0.0742091 0.0239002 0.00538434 0.00109244 0.000656191 0.000954594 0.00136342 0.00170683 0.00186745 0.00179496 0.00153325 0.00119266 0.000885659 0.000674612 0.000561438 0.000511148
 1.00075e-16 7.51461e-05 0.000730446 0.00485407 0.0220659 0.0686553 0.146278 0.213498 0.213507 0.146318 0.0687918 0.0224598 0.00584188 0.00288383 0.00415596 0.00672849 0.00963077 0.0119958 0.0129968 0.0122546 0.0100668 0.00722089 0.00454506 0.00253767 0.00128674 0.000621104
 1.00291e-16 7.38124e-05 0.000717482 0.00476792 0.0216743 0.0674368 0.143682 0.209709 0.209719 0.143726 0.0675868 0.0221075 0.0058548 0.00308873 0.004573 0.00743196 0.0106718 0.0133619 0.0146063 0.0139895 0.0118197 0.00892247 0.00615564 0.00402127 0.00259605 0.00170635
 1.00717e-16 6.64668e-05 0.000646081 0.00429343 0.0195173 0.0607258 0.129383 0.188842 0.188859 0.129465 0.0610005 0.0203106 0.00628397 0.0049893 0.00830866 0.0136137 0.0195641 0.0245152 0.0268358 0.0257685 0.0218764 0.0166637 0.0116879 0.00785178 0.00528109 0.00365006
 1.01169e-16 6.84896e-05 0.000665744 0.0044241 0.0201113 0.0625739 0.133321 0.194588 0.194602 0.133386 0.0627915 0.0207401 0.00600303 0.00411443 0.00662358 0.0108555 0.0156626 0.0197593 0.0218793 0.0214283 0.0188215 0.015178 0.0116321 0.00880613 0.00674928 0.00521547
 1.00839e-16 7.25113e-05 0.000704836 0.00468388 0.0212923 0.0662482 0.141149 0.206013 0.206023 0.141197 0.0664077 0.0217531 0.00584069 0.00323038 0.00486957 0.00793708 0.0114298 0.014379 0.0158486 0.0154048 0.0133665 0.0105809 0.00791193 0.00583993 0.0044058 0.00341084
 1.00073e-16 8.11687e-05 0.000788989 0.00524311 0.0238344 0.0741577 0.158001 0.230607 0.230608 0.158007 0.0741781 0.0238934 0.00539107 0.00111186 0.000693985 0.0010178 0.00145582 0.00182524 0.0020006 0.00192568 0.00164237 0.00126213 0.000899888 0.000621598 0.000435407 0.000316186
 1.00625e-16 1.73758e-05 0.000168899 0.0011224 0.0051023 0.0158755 0.0338273 0.0493876 0.0494624 0.0341928 0.0171022 0.00864318 0.0100025 0.0195274 0.0367039 0.0604447 0.0865855 0.107861 0.116878 0.110231 0.0905917 0.0650333 0.0409916 0.02294 0.0116677 0.0056403
 1.00854e-16 7.93883e-05 0.000771682 0.0051281 0.0233116 0.072531 0.154535 0.225549 0.225549 0.154539 0.0725442 0.0233501 0.00522686 0.000993839 0.000520434 0.000784405 0.00123736 0.00179424 0.00241803 0.00307731 0.00373383 0.00431807 0.0047193 0.0048171 0.004543 0.00392818
 1.01158e-16 5.33104e-05 0.000518196 0.0034436 0.0156541 0.048706 0.103774 0.151469 0.151501 0.103934 0.0492426 0.0172031 0.0073284 0.0089874 0.0161046 0.0264531 0.0378994 0.047238 0.0512471 0.0484565 0.0400532 0.029141 0.0189596 0.0114247 0.00681612 0.00439126
 1.04624e-16 4.98427e-05 0.000484489 0.0032196 0.0146358 0.0455377 0.0970237 0.141614 0.141639 0.097146 0.0459487 0.0158249 0.00621115 0.00703775 0.0125618 0.0208596 0.0304396 0.0390942 0.0445653 0.0457424 0.0432192 0.0387014 0.0338037 0.029242 0.0249097 0.020488
 1.02913e-16 7.10967e-05 0.000691085 0.00459251 0.0208769 0.0649557 0.138395 0.201994 0.202002 0.138435 0.065089 0.0212623 0.00556212 0.00281452 0.00412394 0.00675821 0.00985418 0.0126591 0.0144562 0.0149199 0.0142889 0.0131579 0.0120601 0.0111814 0.010381 0.00941795
 1.01554e-16 6.82185e-05 0.000663108 0.00440658 0.0200317 0.0623261 0.132793 0.193818 0.193833 0.132863 0.0625612 0.0207104 0.00610977 0.00437964 0.00712215 0.011655 0.0167567 0.0210188 0.0230573 0.0222404 0.0190669 0.0148343 0.0108693 0.00791549 0.0060295 0.00487092
 1.0598e-16 1.47704e-05 0.000143574 0.000954101 0.00433725 0.0134951 0.0287552 0.0419829 0.0420487 0.0290768 0.014575 0.00745662 0.00878562 0.0172446 0.0325063 0.0537506 0.0775057 0.0976194 0.1078 0.105107 0.0916559 0.0731079 0.0552269 0.0412096 0.0313324 0.0243072
 1.05011e-16 7.04947e-05 0.000685234 0.00455362 0.0207001 0.0644057 0.137223 0.200282 0.200285 0.137236 0.0644504 0.020831 0.00488958 0.00144303 0.00158131 0.00268987 0.00430536 0.00632893 0.00868698 0.011314 0.0141048 0.0168124 0.0189983 0.0201391 0.0198578 0.0181258
 1.04694e-16 5.47105e-05 0.000531806 0.00353404 0.0160652 0.0499851 0.1065 0.155445 0.155473 0.106635 0.0504397 0.017378 0.00682735 0.00771538 0.0136813 0.0224908 0.0323042 0.0404508 0.0442685 0.0425792 0.0364284 0.0284247 0.0212059 0.0162022 0.0134086 0.0119718
 1.08963e-16 3.56049e-05 0.000346092 0.00229991 0.0104551 0.0325298 0.0693095 0.101167 0.101204 0.069489 0.0331329 0.0121991 0.00668584 0.00994722 0.0183477 0.0304788 0.0443736 0.056781 0.0643715 0.0655553 0.0613264 0.054384 0.0473044 0.0412593 0.0360464 0.0309709
 1.04117e-16 7.16297e-05 0.000696266 0.00462693 0.0210334 0.0654427 0.139433 0.203507 0.203513 0.13946 0.0655341 0.0212984 0.00529572 0.00216792 0.00290109 0.00477378 0.00708495 0.00936553 0.0111863 0.0123534 0.0129912 0.0133815 0.0136954 0.0138518 0.0136016 0.0127339
 1.02125e-16 6.61179e-05 0.000642689 0.0042709 0.0194149 0.060407 0.128704 0.187851 0.187868 0.128785 0.0606785 0.0201988 0.00623773 0.00493355 0.00820732 0.0134435 0.0193139 0.0241961 0.026491 0.0254769 0.0217499 0.016838 0.012302 0.00901253 0.00702009 0.00589099
 1.0668e-16 1.85551e-05 0.000180362 0.00119857 0.00544858 0.0169529 0.0361221 0.0527339 0.0527941 0.036416 0.0179397 0.00829973 0.00835836 0.0158202 0.0297502 0.049228 0.0710831 0.0897366 0.0994806 0.0976366 0.0860915 0.0699092 0.0542072 0.0417687 0.0327713 0.0260538
 1.24467e-16 2.38896e-05 0.000232216 0.00154316 0.00701498 0.0218263 0.0465038 0.067877 0.0678933 0.0465836 0.0220962 0.00780323 0.0035548 0.00473314 0.00889366 0.0155072 0.0243064 0.0346952 0.0459768 0.0577038 0.0695862 0.0809172 0.090106 0.0949601 0.0936964 0.0859654
 1.05183e-16 7.59606e-05 0.000738365 0.00490669 0.0223051 0.0693995 0.147863 0.215811 0.215813 0.147874 0.0694364 0.0224121 0.00517674 0.00133325 0.00122223 0.00194575 0.00290841 0.00391117 0.00482645 0.00564519 0.00649387 0.00753736 0.00882722 0.010211 0.01137 0.0119562
pSPR Fmed_Fpbrs
0.399437   0.222108 0.222108
Fs Fmed_Fpbrs
0.556069   1.005 1.005
SSBpbr Bo_Bmed_Bpbrs
1.64981e+06  576504  283946 283946
Ro
78367.9
SPR SPRFo_SPRFmed_SPRFpbrs
560168 223752 124418
Fref
1.005
Nvult_r0
 123307 3481.55 1912.5 5211.94 1265.99
CTP_r0
 32957.3 1120.05 621.933 1695.86 411.94
YTP_r0
391120
Np
 141232 42303 1033.73 562.279 1879.33
Nvult_p0
 116935 36510.1 894.404 486.558 1626.26
CTP_p0
 50496.3 18147.1 448.118 243.88 815.156
YTP_p0
 717650
CBA_c0
489079
log_Ro
11.0892
likeval ReclasPelacesDesembMPH_pf_preclas_ppelaces_ptallas_desvR_qrecl_qpela
 12.8985 59.9557 0.110254 0.00165539 277.911 118.634 107.298 0 70.5337 1.62129e-05 0 0.117396 0 0 0
q_reclas_q_pelaces
1.76928 1
M
1
N
 27073.1 36049.1 100139 12063.6 0.135139
 17988.3 8500.59 10793.2 29883 3599.35
 174490 4351.17 1812.99 2281.89 7075.49
 25787.7 41968.9 921.206 380.447 1962.63
 10145.1 3786.73 4677.7 100.725 255.917
 315064 1151.21 301.859 363.838 27.7023
 19909.3 84603.7 281.254 73.2647 94.998
 5213.7 3267.74 10898 35.6237 21.2924
 17081.9 1454.86 839.236 2782.77 14.5288
 58543 1016.3 50.0907 27.8166 92.5282
 54109.3 5448.83 62.6109 2.99864 7.19284
 123197 15657.1 1467.03 16.7729 2.72945
 84941.8 21867.2 2232.95 206.062 2.7371
 67868 15303.4 3179.62 319.881 29.8877
 47706.7 7187.36 1115.13 225.748 24.7984
 397770 5851.76 633.969 96.1318 21.5722
 22782.2 92219 1181.06 126.727 23.5161
 666749 5765.63 20859.2 265.069 33.7052
 321337 185885 1479.02 5319.98 76.1764
 169441 80568.3 41539.3 327.878 1195.74
 382636 40251.2 16784 8574.83 314.356
 516239 101734 9707.74 4020.61 2128.63
 32171.6 130897 23068.4 2184.22 1382.98
 279691 9052.6 33984.6 5955.82 920.7
 179578 82626.1 2503.86 9356.86 1892.82
 55980.8 52092.5 22318.3 672.975 3022.82
 233847 16248.5 14081.5 6003.21 993.829
 303327 67545.3 4364.55 3763.4 1869.52
 33142.9 95439.6 20278.2 1306.04 1685.29
 17135.7 10381.6 28486.2 6032.24 889.678
 165610 4515.28 2474.78 6743.45 1637.99
pred_Ctot
 2539.71 4313.41 12158.3 1465.82 0.0164211
 4028.64 2359.5 3033.96 8405.7 1012.49
 39519.8 1220.67 515.063 648.709 2011.53
 10532.5 20295.3 449.776 185.846 958.758
 4860.99 2107.07 2624.71 56.5425 143.664
 55178.2 252.663 67.1439 80.9877 6.16655
 7432.52 37741.2 126.753 33.0361 42.8371
 813.928 642.003 2170.58 7.1004 4.24409
 10372.3 987.775 573.247 1901.4 9.92731
 30732.7 611.496 30.3671 16.8703 56.118
 7444.43 947.268 11.0377 0.529024 1.26902
 42716.6 6531.49 618.539 7.07589 1.15149
 29006.7 8995.98 928.539 85.7367 1.13886
 33654.3 8771.02 1837.13 184.901 17.2764
 21908.1 3854.39 603.252 122.179 13.4217
 96514.1 1752.11 192.178 29.1599 6.54378
 4632.48 23350.4 302.954 32.5289 6.03646
 104391 1135.93 4166.21 52.9807 6.73708
 66725.6 48018.2 387.021 1393.05 19.9477
 39310.3 23123.1 12071.9 95.349 347.741
 68856.3 9067.49 3831.68 1958.95 71.8186
 104513 25652.6 2479.81 1027.76 544.144
 4886.79 25045.6 4474.96 424.018 268.485
 35451.4 1453.31 5533.46 970.468 150.029
 24474.4 14233.4 437.391 1635.73 330.909
 7612.56 8954.23 3890.31 117.394 527.321
 32389.4 2843.2 2498.59 1065.99 176.481
 28103.6 7984.24 523.511 451.756 224.424
 3152.97 11577.6 2496.04 160.885 207.61
 3157.68 2392.54 6652.51 1409.73 207.924
 32957.3 1120.05 621.933 1695.86 411.94
F
 0.158406 0.205965 0.209272 0.209449 0.209458
 0.419278 0.545157 0.55391 0.554379 0.554403
 0.424938 0.552517 0.561388 0.561863 0.561888
 0.918393 1.19412 1.21329 1.21432 1.21437
 1.17618 1.5293 1.55385 1.55517 1.55524
 0.314797 0.409309 0.41588 0.416232 0.41625
 0.807088 1.0494 1.06625 1.06715 1.0672
 0.276384 0.359363 0.365132 0.365441 0.365457
 1.82185 2.36883 2.40686 2.40889 2.409
 1.37436 1.78699 1.81568 1.81721 1.81729
 0.240082 0.312162 0.317174 0.317442 0.317457
 0.728794 0.947601 0.962815 0.963629 0.963672
 0.713893 0.928226 0.943129 0.943927 0.943969
 1.24524 1.6191 1.6451 1.64649 1.64656
 1.09833 1.42808 1.45101 1.45223 1.4523
 0.461708 0.600327 0.609965 0.610481 0.610508
 0.374066 0.486372 0.494181 0.494599 0.494621
 0.277286 0.360536 0.366324 0.366634 0.366651
 0.383385 0.498489 0.506492 0.506921 0.506943
 0.437366 0.568677 0.577807 0.578296 0.578322
 0.324724 0.422216 0.428995 0.429357 0.429377
 0.37216 0.483894 0.491663 0.492079 0.492101
 0.268031 0.348502 0.354097 0.354397 0.354413
 0.219359 0.285218 0.289797 0.290042 0.290055
 0.237589 0.308921 0.313881 0.314146 0.31416
 0.237006 0.308162 0.31311 0.313375 0.313389
 0.24187 0.314486 0.319535 0.319806 0.31982
 0.156319 0.20325 0.206513 0.206688 0.206697
 0.160797 0.209073 0.21243 0.212609 0.212619
 0.333696 0.433882 0.440848 0.441221 0.441241
 0.364776 0.474293 0.481908 0.482315 0.482337
nmprior
 8.19 8.8 8.5 0
nm_flota  nm_reclas  nm_pelaces    nm_pelaL
inf 13.8441 7.06428 12.6995
cv_recla  cv_pelaces  cv_mph
0.324859 0.877986 1.25561
 ------------------------------------------------
Talla a la edad & desviaci?n 
 8 13.2811 15.8009 17.003 17.5766
 0.8 1.32811 1.58009 1.7003 1.75766
