years
 1991 1992 1993 1994 1995 1996 1997 1998 1999 2000 2001 2002 2003 2004 2005 2006 2007 2008 2009 2010 2011 2012 2013 2014 2015 2016 2017 2018 2019 2020 2021
reclasobs
 0 0 0 0 0 0 0 0 0 252601 567819 844713 477998 351125 339783 2.1784e+06 2.13404e+06 4.81314e+06 1.55562e+06 2.62356e+06 3.21686e+06 3.843e+06 1.13348e+06 3.07943e+06 1.97215e+06 2.03268e+06 2.025e+06 2.42433e+06 2.27542e+06 1.05018e+06 2.36338e+06
reclaspred
 2.77087e+06 1.108e+06 566040 294260 72346.7 1.19174e+06 547333 242552 52937.3 171502 294567 484621 440227 303451 244594 1.184e+06 849337 3.15678e+06 2.40513e+06 1.24346e+06 2.46168e+06 2.24238e+06 1.39155e+06 2.55608e+06 1.73405e+06 1.1724e+06 1.72678e+06 2.34571e+06 1.74815e+06 764373 1.07462e+06
pelacesobs
 0 0 0 0 0 0 0 0 0 0 0 0 0 0 0 552880 188675 0 991730 2.46772e+06 1.41603e+06 1.21717e+06 2.29649e+06 1.80582e+06 0 1.4828e+06 1.56532e+06 1.57751e+06 1.42118e+06 867257 1.10002e+06
pelacespred
 1.3509e+06 574170 261755 87928.3 23066.3 536976 200585 116143 12566.6 65100.3 130351 181802 181146 123596 100499 454430 327136 1.48985e+06 1.12157e+06 559181 1.06631e+06 987471 616691 1.29076e+06 837392 560561 949806 1.25445e+06 780095 401862 522377
mphobs
 0 0 0 0 0 0 0 0 0 0 0 498337 0 5186 125008 0 168611 109162 213762 579715 649985 157893 87575 83554 0 0 0 0 0 0 0
mphpred
 2.91203e+06 1.46179e+06 447406 299958 97152.9 23827.5 672098 242050 87263.2 8273.65 69072 197380 250150 180418 94974.8 101017 757406 490791 1.86735e+06 1.19766e+06 830340 1.2655e+06 1.33047e+06 837695 1.4354e+06 1.0209e+06 630025 892561 1.62711e+06 924335 370745
desembarqueobs
 494567 514787 250237 358949 120608 361735 552515 73892 212993 205616 52469 317467 293654 387597 252695 516296 358380 742168 942051 627588 828172 859565 418607 520667 417249 300574 415391 372974 316634 284311 391294
desembarquepred
 494541 515054 249354 358869 120552 361592 551896 73872.7 212692 205479 52463.9 317275 293448 387118 252484 516021 358286 741857 941131 626836 827811 859010 418437 520531 417069 300433 415233 372852 316519 284158 391149
Reclutas
 22214.1 14140.7 177888 18741.9 7827.86 347452 16781 4259.44 10691.4 74548.7 74415 136600 91505.5 68631.7 52741.2 442839 22022.7 854795 309762 137577 435631 588218 29738.5 340658 204192 53825 269172 352544 33141.1 16530.4 181571
log_desv_Rt
 -1.26069 -1.71236 0.819738 -1.43065 -2.30373 1.48921 -1.54116 -2.91228 -1.99197 -0.0499623 -0.0517572 0.555643 0.154985 -0.132661 -0.396018 1.73179 -1.26934 2.38945 1.37439 0.562768 1.71538 2.01568 -0.968971 1.46946 0.957645 -0.375676 1.23394 1.50376 -0.860642 -1.55621 0.84023
SSB
 2.91203e+06 1.46179e+06 447406 299958 97152.9 23827.5 672098 242050 87263.2 8273.65 69072 197380 250150 180418 94974.8 101017 757406 490791 1.86735e+06 1.19766e+06 830340 1.2655e+06 1.33047e+06 837695 1.4354e+06 1.0209e+06 630025 892561 1.62711e+06 924335 370745
BT
 3.56448e+06 1.87848e+06 847849 474644 161583 1.55828e+06 952001 337108 234037 347220 344030 680612 682668 688325 484342 1.45629e+06 1.0372e+06 4.10451e+06 3.47567e+06 1.88956e+06 3.16455e+06 3.0507e+06 1.78577e+06 3.47015e+06 2.32144e+06 1.56955e+06 2.62719e+06 3.26184e+06 2.06232e+06 1.2281e+06 1.58817e+06
Ftot
 0.169364 0.42953 0.438877 1.05218 1.3727 0.333453 0.882804 0.289093 2.67307 1.1929 0.191421 0.653333 0.651322 1.18553 1.00877 0.468394 0.395607 0.254105 0.38223 0.481807 0.346461 0.387856 0.28475 0.214739 0.237507 0.248377 0.253195 0.168588 0.172569 0.349509 0.381137
BD_Bspro_t
 0.973266 0.788799 0.517963 0.449737 0.183543 0.073228 0.571955 0.285604 0.163408 0.0267396 0.215067 0.497748 0.416011 0.30584 0.18626 0.203123 0.528414 0.417443 0.664602 0.526517 0.402737 0.50364 0.538727 0.464515 0.625172 0.602651 0.552633 0.658677 0.755887 0.643048 0.476927
BD_Bspro
 5.19849 2.60956 0.798699 0.535479 0.173435 0.0425364 1.19981 0.432102 0.15578 0.0147699 0.123306 0.352359 0.446562 0.322079 0.169547 0.180333 1.3521 0.87615 3.33355 2.13804 1.4823 2.25915 2.37512 1.49544 2.56245 1.82249 1.12471 1.59338 2.90469 1.6501 0.661846
BD_Bo
 1.63033 0.818399 0.250484 0.167934 0.0543919 0.01334 0.37628 0.135514 0.0488551 0.00463208 0.0386706 0.110505 0.140049 0.101009 0.0531725 0.0565552 0.42404 0.274774 1.04545 0.670523 0.464873 0.708503 0.744875 0.468991 0.803623 0.571559 0.352725 0.499708 0.910954 0.517497 0.207565
BD_Brms
 10.7712 5.40698 1.65489 1.1095 0.359355 0.0881348 2.486 0.895309 0.322775 0.0306031 0.255488 0.730084 0.925271 0.667343 0.351299 0.373648 2.80154 1.81537 6.90707 4.43 3.07131 4.68092 4.92123 3.09852 5.30936 3.77617 2.33038 3.30146 6.01848 3.41899 1.37134
Sel_flota
 0.847665 1 1 1 1
 0.847665 1 1 1 1
 0.847665 1 1 1 1
 0.847665 1 1 1 1
 0.847665 1 1 1 1
 0.847665 1 1 1 1
 0.847665 1 1 1 1
 0.847665 1 1 1 1
 0.847665 1 1 1 1
 0.847665 1 1 1 1
 0.847665 1 1 1 1
 0.847665 1 1 1 1
 0.847665 1 1 1 1
 0.847665 1 1 1 1
 0.847665 1 1 1 1
 0.847665 1 1 1 1
 0.847665 1 1 1 1
 0.847665 1 1 1 1
 0.847665 1 1 1 1
 0.847665 1 1 1 1
 0.847665 1 1 1 1
 0.847665 1 1 1 1
 0.847665 1 1 1 1
 0.847665 1 1 1 1
 0.847665 1 1 1 1
 0.847665 1 1 1 1
 0.847665 1 1 1 1
 0.847665 1 1 1 1
 0.847665 1 1 1 1
 0.847665 1 1 1 1
 0.847665 1 1 1 1
Sel_reclas
 1 1 1 1 1
 1 1 1 1 1
 1 1 1 1 1
 1 1 1 1 1
 1 1 1 1 1
 1 1 1 1 1
 1 1 1 1 1
 1 1 1 1 1
 1 1 1 1 1
 1 1 1 1 1
 1 1 1 1 1
 1 1 1 1 1
 1 1 1 1 1
 1 1 1 1 1
 1 1 1 1 1
 1 1 1 1 1
 1 1 1 1 1
 1 1 1 1 1
 1 1 1 1 1
 1 1 1 1 1
 1 1 1 1 1
 1 1 1 1 1
 1 1 1 1 1
 1 1 1 1 1
 1 1 1 1 1
 1 1 1 1 1
 1 1 1 1 1
 1 1 1 1 1
 1 1 1 1 1
 1 1 1 1 1
 1 1 1 1 1
Sel_pelaces
 1 1 1 1 1
 1 1 1 1 1
 1 1 1 1 1
 1 1 1 1 1
 1 1 1 1 1
 1 1 1 1 1
 1 1 1 1 1
 1 1 1 1 1
 1 1 1 1 1
 1 1 1 1 1
 1 1 1 1 1
 1 1 1 1 1
 1 1 1 1 1
 1 1 1 1 1
 1 1 1 1 1
 1 1 1 1 1
 1 1 1 1 1
 1 1 1 1 1
 1 1 1 1 1
 1 1 1 1 1
 1 1 1 1 1
 1 1 1 1 1
 1 1 1 1 1
 1 1 1 1 1
 1 1 1 1 1
 1 1 1 1 1
 1 1 1 1 1
 1 1 1 1 1
 1 1 1 1 1
 1 1 1 1 1
 1 1 1 1 1
pf_obs 
 0.8446 0.082 0.0669 0.0065 0
 0.8095 0.147 0.0364 0.0071 0
 0.9664 0.0169 0.016 0.0007 0
 0.9276 0.0648 0.0075 0.0001 0
 0.7033 0.2144 0.0806 0.0017 0
 0.9318 0.0425 0.0243 0.0014 0
 0.5671 0.3108 0.0964 0.0239 0.0018
 0.0768 0.2599 0.5324 0.112 0.0189
 0.490249 0.384438 0.106611 0.0170017 0.00170017
 0.7925 0.1577 0.0466 0.003 0.0002
 0.840416 0.127587 0.0312969 0.00059994 9.999e-05
 0.8084 0.0986 0.0794 0.0134 0.0002
 0.7335 0.1905 0.0724 0.0035 0.0001
 0.4001 0.4547 0.1325 0.0127 0
 0.49795 0.308269 0.164784 0.0264974 0.00249975
 0.9179 0.0499 0.0305 0.0017 0
 0.2467 0.6533 0.0926 0.0074 0
 0.9418 0.0223 0.034 0.0019 0
 0.707729 0.231977 0.0356964 0.0245975 0
 0.517169 0.277429 0.184464 0.0207286 0.00020938
 0.811772 0.124168 0.05621 0.00726502 0.000585176
 0.764997 0.148141 0.077277 0.00933861 0.000247198
 0.163321 0.427699 0.378323 0.0303852 0.000271297
 0.753843 0.0900009 0.118128 0.0371064 0.000921714
 0.721811 0.176058 0.0630433 0.0369309 0.00215725
 0.143369 0.312575 0.442814 0.0836902 0.0175525
 0.692698 0.0596174 0.167031 0.0765114 0.00414204
 0.394062 0.376323 0.152708 0.0712218 0.00568511
 0.125707 0.32114 0.495352 0.0537591 0.00404204
 0.23352 0.215282 0.420074 0.123614 0.00750983
 0.774587 0.0839891 0.0768558 0.0609784 0.00358967
pf_pred 
 0.0946812 0.228023 0.601565 0.0757281 2.10112e-06
 0.162024 0.0932966 0.187563 0.494824 0.0622927
 0.891471 0.020824 0.00976475 0.019631 0.0583097
 0.252992 0.679685 0.0129175 0.00605724 0.048348
 0.435818 0.173402 0.355562 0.00675749 0.0284608
 0.994188 0.00297622 0.000871727 0.00178748 0.000177049
 0.133559 0.862297 0.00212182 0.000621476 0.00140056
 0.172288 0.136967 0.687442 0.00169156 0.00161201
 0.622895 0.0759422 0.0498353 0.250125 0.001202
 0.991693 0.0060234 0.000459825 0.000301749 0.00152177
 0.864083 0.135067 0.000616417 4.70572e-05 0.000186614
 0.820282 0.158897 0.0206912 9.44306e-05 3.57967e-05
 0.703489 0.252465 0.0389425 0.00507101 3.19161e-05
 0.70487 0.220957 0.0631554 0.00974166 0.00127652
 0.795123 0.155816 0.036731 0.0104987 0.00183162
 0.975029 0.0208509 0.00313349 0.000738668 0.000247965
 0.145985 0.836633 0.0145142 0.00218121 0.00068679
 0.956477 0.00753024 0.0352602 0.000611706 0.000120873
 0.505203 0.476827 0.00310904 0.014558 0.000302463
 0.446896 0.307065 0.237103 0.00154598 0.0073894
 0.848386 0.0757044 0.0421426 0.0325408 0.00122632
 0.788327 0.184592 0.0135224 0.00752753 0.0060315
 0.118952 0.722437 0.138319 0.0101326 0.0101601
 0.827111 0.0242942 0.121844 0.0233284 0.0034225
 0.588854 0.350282 0.00855246 0.0428936 0.00941734
 0.323218 0.428571 0.211467 0.00516316 0.0315804
 0.840793 0.0582094 0.0639567 0.0315577 0.00548332
 0.765651 0.202578 0.0116162 0.0127631 0.00739188
 0.167471 0.663094 0.146465 0.00839858 0.0145722
 0.208769 0.15368 0.507797 0.112163 0.017591
 0.894409 0.0256885 0.0155194 0.0512799 0.0131032
pobs_RECLAS
 0 0 0 0 0
 0 0 0 0 0
 0 0 0 0 0
 0 0 0 0 0
 0 0 0 0 0
 0 0 0 0 0
 0 0 0 0 0
 0 0 0 0 0
 0 0 0 0 0
 0 0 0 0 0
 0.991045 0.00858322 0.000360255 1.14367e-05 0
 0.934742 0.0480273 0.0164251 0.00080598 0
 0.827803 0.169806 0.00239088 0 0
 0.941827 0.0461693 0.0120037 0 0
 0.791401 0.0380133 0.147996 0.0225897 0
 0.846168 0.0940531 0.0597789 0 0
 0.134021 0.677848 0.182769 0.00536245 0
 0.80878 0.0450904 0.141981 0.00414843 0
 0.846168 0.0940531 0.0597789 0 0
 0.905697 0.0802665 0.012482 0.00150086 5.37128e-05
 0.989698 0.0102097 9.19794e-05 0 0
 0.975433 0.0193895 0.00387452 0.00125025 5.28907e-05
 0.303575 0.632131 0.0575291 0.00676475 0
 0.966965 0.00978017 0.0227588 0.000495775 0
 0.843318 0.132988 0.00938335 0.0141283 0.000182051
 0.564624 0.303363 0.111486 0.0197234 0.00080311
 0.826376 0.0876187 0.0782897 0.00655872 0.00115652
 0.89761 0.0855135 0.0140674 0.00269457 0.000114338
 0.34875 0.467042 0.161289 0.0227151 0.000203297
 0.318654 0.224769 0.449479 0.00709798 0
 0.937255 0.0296025 0.0250945 0.00804832 0
ppred_RECLAS
 0.110066 0.224148 0.591343 0.0744412 2.06541e-06
 0.186852 0.0905324 0.182006 0.480163 0.060447
 0.907098 0.0178255 0.0083587 0.0168043 0.0499136
 0.290559 0.645504 0.0122679 0.00575263 0.0459166
 0.485907 0.158007 0.323994 0.00615754 0.025934
 0.995095 0.00251158 0.000735635 0.00150842 0.000149409
 0.156398 0.839567 0.00206589 0.000605094 0.00136364
 0.197864 0.132734 0.6662 0.00163929 0.0015622
 0.682743 0.0638898 0.0419262 0.210429 0.00101124
 0.993155 0.00496368 0.000378926 0.000248662 0.00125404
 0.882642 0.116624 0.000532248 4.06317e-05 0.000161132
 0.845049 0.136999 0.0178397 8.14167e-05 3.08634e-05
 0.739226 0.222037 0.034249 0.00445983 2.80695e-05
 0.743703 0.191883 0.0548453 0.00845984 0.00110856
 0.824144 0.133745 0.031528 0.00901155 0.00157217
 0.978923 0.0175995 0.00264487 0.000623484 0.000209299
 0.168749 0.814332 0.0141273 0.00212307 0.000668484
 0.963 0.00640173 0.0299759 0.000520033 0.000102758
 0.547967 0.435617 0.00284034 0.0132998 0.000276322
 0.49015 0.283052 0.218561 0.00142508 0.00681154
 0.869087 0.0653678 0.0363885 0.0280977 0.00105888
 0.815572 0.160833 0.0117819 0.00655864 0.00525517
 0.13792 0.706883 0.135341 0.00991447 0.00994136
 0.849892 0.0210931 0.105789 0.0202546 0.00297154
 0.629037 0.316048 0.00771659 0.0387014 0.00849694
 0.361244 0.404491 0.199586 0.00487306 0.029806
 0.862152 0.0504002 0.0553764 0.027324 0.00474769
 0.794392 0.177734 0.0101916 0.0111979 0.00648533
 0.19218 0.643413 0.142118 0.00814931 0.0141397
 0.238415 0.147922 0.488771 0.10796 0.0169319
 0.909555 0.0220038 0.0132933 0.0439244 0.0112237
pobs_PELACES
 0 0 0 0 0
 0 0 0 0 0
 0 0 0 0 0
 0 0 0 0 0
 0 0 0 0 0
 0 0 0 0 0
 0 0 0 0 0
 0 0 0 0 0
 0 0 0 0 0
 0 0 0 0 0
 0 0 0 0 0
 0 0 0 0 0
 0 0 0 0 0
 0 0 0 0 0
 0 0 0 0 0
 0 0 0 0 0
 0.505614 0.472636 0.0217494 0 0
 0 0 0 0 0
 0.443492 0.261883 0.143347 0.151278 0
 0.227955 0.32914 0.350689 0.0885471 0.00366901
 0.970185 0.0296113 0.000203453 0 0
 0.997202 0.00247181 0.000326279 0 0
 0.445219 0.490057 0.0546422 0.010081 0
 0.90214 0.0892962 0.00764917 0.000914606 0
 0 0 0 0 0
 0.581667 0.319106 0.0959925 0.00289975 0.000334073
 0.762889 0.0836404 0.116647 0.0363945 0.000428098
 0.88444 0.0763242 0.0277011 0.0115352 0
 0.521256 0.241999 0.230069 0.00667565 0
 0.616807 0.101726 0.260614 0.0208532 0
 0.833518 0.0704572 0.0857862 0.0102388 0
ppred_PELACES
 0.110903 0.223937 0.590787 0.0743713 2.06347e-06
 0.190155 0.0901646 0.181266 0.478212 0.0602015
 0.908941 0.017472 0.00819292 0.016471 0.0489236
 0.301581 0.635475 0.0120773 0.00566325 0.0452031
 0.503155 0.152706 0.313124 0.00595095 0.0250639
 0.995176 0.00247003 0.000723465 0.00148347 0.000146937
 0.162343 0.833651 0.00205133 0.00060083 0.00135403
 0.200181 0.132351 0.664276 0.00163456 0.00155769
 0.711111 0.0581771 0.0381774 0.191614 0.00092082
 0.993551 0.00467663 0.000357013 0.000234281 0.00118152
 0.883635 0.115637 0.000527744 4.02879e-05 0.000159769
 0.849301 0.133239 0.0173501 7.91825e-05 3.00165e-05
 0.745488 0.216705 0.0334266 0.00435274 2.73954e-05
 0.754897 0.183502 0.0524499 0.00809035 0.00106014
 0.831373 0.128246 0.0302319 0.0086411 0.00150754
 0.979403 0.0171984 0.00258459 0.000609273 0.000204529
 0.171557 0.811582 0.0140796 0.0021159 0.000666226
 0.963452 0.00632345 0.0296094 0.000513674 0.000101502
 0.552722 0.431035 0.00281046 0.0131599 0.000273416
 0.496204 0.279691 0.215966 0.00140816 0.00673066
 0.871056 0.0643847 0.0358412 0.0276751 0.00104295
 0.818486 0.158291 0.0115957 0.00645499 0.00517212
 0.139631 0.70548 0.135072 0.0098948 0.00992163
 0.851264 0.0209003 0.104822 0.0200695 0.00294438
 0.631819 0.313678 0.00765873 0.0384112 0.00843322
 0.36413 0.402664 0.198684 0.00485104 0.0296713
 0.863658 0.0498496 0.0547715 0.0270255 0.00469583
 0.795772 0.17654 0.0101232 0.0111227 0.00644178
 0.193531 0.642337 0.14188 0.00813568 0.014116
 0.24162 0.1473 0.486714 0.107506 0.0168606
 0.911119 0.0216233 0.0130635 0.043165 0.0110296
pobs_pel_tallas
 0 0 0 0 0 0 0 0 0 0 0 0 0 0 0 0 0 0 0 0 0 0 0 0 0 0
 0 0 0 0 0 0 0 0 0 0 0 0 0 0 0 0 0 0 0 0 0 0 0 0 0 0
 0 0 0 0 0 0 0 0 0 0 0 0 0 0 0 0 0 0 0 0 0 0 0 0 0 0
 0 0 0 0 0 0 0 0 0 0 0 0 0 0 0 0 0 0 0 0 0 0 0 0 0 0
 0 0 0 0 0 0 0 0 0 0 0 0 0 0 0 0 0 0 0 0 0 0 0 0 0 0
 0 0 0 0 0 0 0 0 0 0 0 0 0 0 0 0 0 0 0 0 0 0 0 0 0 0
 0 0 0 0 0 0 0 0 0 0 0 0 0 0 0 0 0 0 0 0 0 0 0 0 0 0
 0 0 0 0 0 0 0 0 0 0 0 0 0 0 0 0 0 0 0 0 0 0 0 0 0 0
 0 0 0 0 0 0 0 0 0 0 0 0 0 0 0 0 0 0 0 0 0 0 0 0 0 0
 0 0 0 0 0 0 0 0 0 0 0 0 0 0 0 0 0 0 0 0 0 0 0 0 0 0
 0 0 0 0 0 0 0 0 0 0 0 0 0 0 0 0 0 0 0 0 0 0 0 0 0 0
 0 0 0 0 0 0 0 0 0 0 0 0 0 0 0 0 0 0 0 0 0 0 0 0 0 0
 0.00862536 0 0 0.000197151 0.00414017 0.0128641 0.00837892 0.0270097 0.101434 0.158115 0.152841 0.127902 0.109271 0.109419 0.0830992 0.0579132 0.0238553 0.00714673 0.00463305 0.00128148 0.00103504 0.000492878 0.000147863 0.000147863 4.92878e-05 0
 0 0 0 0 0 0 0 0 0 0 0 0 0 0 0 0 0 0 0 0 0 0 0 0 0 0
 0 0 0 0 0 0 0 0.0054083 0.00873648 0.0413646 0.0450493 0.0745869 0.0622846 0.0627006 0.0613931 0.0827291 0.12552 0.122667 0.0946155 0.0697135 0.0546179 0.0294188 0.0215738 0.0213955 0.0102223 0.00600262
 0 0 0 0 0.00359764 0.0251062 0.0480494 0.140153 0.205849 0.193036 0.1447 0.116669 0.0760912 0.0342217 0.00950174 0.001854 0.000860785 0 0 0 0.000165536 0 0.000143464 0 0 0
 0 0 0 0 0 0 0 0.000145254 0.000435761 0.0275982 0.070085 0.0708112 0.156366 0.174668 0.174014 0.160142 0.0824315 0.0480064 0.0283245 0.00493863 0.00203355 0 0 0 0 0
 0 0 0 0 0 0 0 0 0 0 0 0 0 0 0 0 0 0 0 0 0 0 0 0 0 0
 0 0 1.00437e-05 0.000401748 0.00122533 0.00171747 0.00176769 0.0269171 0.070346 0.194647 0.189555 0.159765 0.064822 0.0314167 0.0384472 0.0292271 0.0345202 0.0313363 0.0194345 0.0106764 0.0143323 0.0359363 0.0279516 0.0138201 0.00172751 0
 0 0.0021121 0.0136068 0.0755702 0.200478 0.177729 0.0527432 0.0373336 0.0318909 0.0142505 0.0149659 0.0166563 0.0217959 0.0798694 0.0677717 0.0528807 0.04013 0.0224614 0.0357745 0.0225083 0.00881397 0.00855152 0.00135912 0.000746735 0 0
 0 0 0 0 5.4009e-05 0.00500934 0.000945158 0.0243581 0.138947 0.33067 0.221406 0.137944 0.0707744 0.0437923 0.0131692 0.00525238 0.0047753 0.00276346 9.45158e-05 9.00151e-06 2.25038e-05 9.00151e-06 4.50075e-06 0 0 0
 0.000866109 0.00284123 0.00948549 0.0512746 0.133035 0.25785 0.225252 0.132002 0.0553304 0.0519788 0.0540692 0.017754 0.00435017 0.00159236 0.00146478 0.000404838 0.000125132 0.000115318 0.000107957 0.000100596 0 0 0 0 0 0
 0 0 0 0 0.00144013 0.00171154 0.00461396 0.0210425 0.0478622 0.0707936 0.0888783 0.103762 0.0637923 0.0337046 0.0602308 0.124433 0.169614 0.0934646 0.0462172 0.0250306 0.0313229 0.00938855 0.002487 0.000210481 0 0
 0 0.00764035 0.051015 0.0998891 0.058973 0.0496711 0.0374665 0.0718981 0.12319 0.153886 0.159021 0.0857701 0.0377988 0.023471 0.0147837 0.00900784 0.00315554 0.000888139 0.00291439 0.00214683 0.00393193 0.00274676 0.000635225 9.99891e-05 0 0
 0 0 0 0 0 0 0 0 0 0 0 0 0 0 0 0 0 0 0 0 0 0 0 0 0 0
 0 0 0 0 0 0 0 0 0 0 0 0 0 0 0 0 0 0 0 0 0 0 0 0 0 0
 0 0 0 0 0 0 0 0 0 0 0 0 0 0 0 0 0 0 0 0 0 0 0 0 0 0
 0 0 0 0 0 0 0 0 0 0 0 0 0 0 0 0 0 0 0 0 0 0 0 0 0 0
 0 0 0 0 0 0 0 0 0 0 0 0 0 0 0 0 0 0 0 0 0 0 0 0 0 0
 0 0 0 0 0 0 0 0 0 0 0 0 0 0 0 0 0 0 0 0 0 0 0 0 0 0
 0 0 0 0 0 0 0 0 0 0 0 0 0 0 0 0 0 0 0 0 0 0 0 0 0 0
ppred_pel_tallas
 1.24565e-16 9.13494e-06 8.87949e-05 0.000590074 0.00268241 0.00834608 0.017783 0.0259596 0.025982 0.0178932 0.0087187 0.00376999 0.00336277 0.00628292 0.0121868 0.0212122 0.0330696 0.0468238 0.0613472 0.0758592 0.0898677 0.102457 0.111697 0.115031 0.110581 0.0983999
 1.634e-16 1.56629e-05 0.000152249 0.00101175 0.00459926 0.01431 0.0304894 0.0445021 0.0445112 0.0305342 0.014462 0.00504428 0.00215293 0.00272601 0.00515534 0.00918601 0.0149259 0.0225418 0.0324315 0.0453618 0.0621524 0.0828604 0.105935 0.12802 0.144741 0.152178
 1.10173e-16 7.48682e-05 0.000727746 0.00483613 0.0219843 0.0684014 0.145737 0.212707 0.212709 0.145745 0.0684296 0.022066 0.00504261 0.00118367 0.000956992 0.00150968 0.00228578 0.00315039 0.00405735 0.00507658 0.00639806 0.00823169 0.0106477 0.0134588 0.0162216 0.0183617
 1.08729e-16 2.4841e-05 0.000241463 0.00160461 0.00729437 0.0226958 0.0483581 0.0705929 0.070654 0.0486567 0.0236983 0.0101883 0.00886321 0.0160688 0.0300311 0.0494723 0.0709527 0.0885894 0.0964335 0.0918156 0.0770278 0.0579124 0.040503 0.0282657 0.0215073 0.0185479
 1.13914e-16 4.14443e-05 0.000402853 0.0026771 0.0121697 0.0378646 0.0806751 0.117751 0.117766 0.0807494 0.0381156 0.0129004 0.00453307 0.00452663 0.00808443 0.0138496 0.0212255 0.0293517 0.037284 0.0444458 0.0507015 0.0559208 0.0594937 0.0603709 0.057683 0.0514164
 1.00196e-16 8.19713e-05 0.000796791 0.00529495 0.0240701 0.074891 0.159563 0.232887 0.232887 0.159564 0.0748949 0.0240815 0.00532354 0.000859411 0.000201545 0.000205217 0.000292001 0.000376719 0.000434963 0.000459181 0.000459011 0.000453802 0.000458809 0.000475582 0.000492699 0.000494303
 1.00562e-16 1.33722e-05 0.000129982 0.000863782 0.00392668 0.0122178 0.0260342 0.0380145 0.0380947 0.0264258 0.0135321 0.0077204 0.0103773 0.0208673 0.039307 0.064724 0.0926794 0.115376 0.12488 0.117544 0.0962499 0.0686253 0.0426963 0.0233064 0.0113205 0.00507303
 1.19631e-16 1.64887e-05 0.000160276 0.00106509 0.00484175 0.0150645 0.0320971 0.0468495 0.0468633 0.0321648 0.0152946 0.00551883 0.0028122 0.00413105 0.00801555 0.0144142 0.0235177 0.0352791 0.0494178 0.0654095 0.0821573 0.0975344 0.108429 0.111716 0.105765 0.0914649
 1.20489e-16 5.85733e-05 0.000569353 0.00378355 0.0171995 0.053514 0.114017 0.166413 0.166419 0.114045 0.0536084 0.0174739 0.00447888 0.00210993 0.00305447 0.00515127 0.00790111 0.0110362 0.0144133 0.0181875 0.0227868 0.0285667 0.0353468 0.042184 0.047589 0.0500922
 1.00236e-16 8.18374e-05 0.000795489 0.0052863 0.0240308 0.0747687 0.159303 0.232507 0.232507 0.159305 0.074776 0.0240521 0.00533988 0.00091244 0.00030394 0.000372984 0.000529618 0.000666929 0.000738374 0.000726416 0.000649713 0.000551488 0.000473842 0.000437045 0.000435708 0.000449016
 1.00076e-16 7.27839e-05 0.000707485 0.00470149 0.0213723 0.0664972 0.14168 0.206788 0.206799 0.141734 0.0666795 0.0218986 0.0060212 0.00358423 0.00552385 0.00898433 0.0128589 0.0160095 0.0173318 0.0163193 0.0133712 0.00954417 0.00595003 0.00325955 0.00159256 0.000719008
 1.00548e-16 6.99559e-05 0.000679996 0.00451881 0.0205419 0.0639135 0.136175 0.198754 0.198767 0.136238 0.0641241 0.0211501 0.00604537 0.00401171 0.00639509 0.010455 0.0150376 0.0188728 0.0207134 0.0199766 0.0170829 0.0131652 0.00939414 0.00644488 0.00441221 0.00306184
 1.01462e-16 6.14049e-05 0.000596878 0.00396646 0.018031 0.0561012 0.11953 0.174462 0.174483 0.119632 0.0564439 0.019021 0.00645157 0.00602222 0.010366 0.0170418 0.0245468 0.0308724 0.0340084 0.0330166 0.0285755 0.0225018 0.016654 0.0120768 0.00887891 0.00665756
 1.02552e-16 6.21799e-05 0.000604411 0.00401652 0.0182585 0.0568092 0.121039 0.176663 0.176681 0.121125 0.0571003 0.0190997 0.00612994 0.00522458 0.00885591 0.0145921 0.0211302 0.0268118 0.0299793 0.029852 0.0269571 0.0227139 0.0185255 0.015108 0.0124497 0.0102109
 1.02027e-16 6.84791e-05 0.000665641 0.00442342 0.0201082 0.0625643 0.1333 0.194558 0.194571 0.133361 0.0627675 0.0206955 0.00589848 0.00388901 0.00619999 0.010167 0.0146994 0.0186112 0.02074 0.0205474 0.0184241 0.0153957 0.0124776 0.0101891 0.00851138 0.00716682
 1.00175e-16 8.06721e-05 0.000784162 0.00521103 0.0236886 0.073704 0.157034 0.229196 0.229198 0.157042 0.0737312 0.0237672 0.00540827 0.00121477 0.000898604 0.0013582 0.00194938 0.00245262 0.00270451 0.0026314 0.00228819 0.00181982 0.00137355 0.00103061 0.000796509 0.000635422
 1.00939e-16 1.41311e-05 0.000137359 0.000912803 0.00414952 0.0129111 0.0275114 0.04017 0.0402481 0.0278927 0.014191 0.00784421 0.0101789 0.0203384 0.0383004 0.0630881 0.0903913 0.112641 0.122134 0.11532 0.0949799 0.0684754 0.0435371 0.0248033 0.0130769 0.00675204
 1.00925e-16 7.93583e-05 0.000771391 0.00512616 0.0233028 0.0725036 0.154477 0.225463 0.225464 0.15448 0.0725146 0.0233349 0.00520892 0.000959061 0.000456258 0.000681882 0.0010979 0.00163604 0.00227587 0.00299294 0.0037406 0.00442804 0.0049195 0.00507566 0.00482073 0.00418995
 1.01558e-16 4.5527e-05 0.000442539 0.00294083 0.0133686 0.0415949 0.0886239 0.129358 0.129399 0.0888264 0.0422746 0.0153307 0.00786154 0.01117 0.0203767 0.0335046 0.0480035 0.0598308 0.0649081 0.0613748 0.0507381 0.0369323 0.0240631 0.0145552 0.00875683 0.005719
 1.07585e-16 4.08717e-05 0.000397288 0.00264012 0.0120016 0.0373416 0.0795612 0.116128 0.116155 0.0796944 0.0377895 0.0132988 0.00590906 0.00757589 0.0137983 0.0230682 0.0339708 0.044258 0.0515948 0.0547895 0.0543212 0.0516773 0.0481263 0.044009 0.0389991 0.0328547
 1.04003e-16 7.17477e-05 0.000697414 0.00463456 0.021068 0.0655505 0.139663 0.203843 0.203849 0.139693 0.0656534 0.0213658 0.00538464 0.00234344 0.00322347 0.00528369 0.00776726 0.0101174 0.0118224 0.0126636 0.0128274 0.0127269 0.0126758 0.0126845 0.0125114 0.0118791
 1.01898e-16 6.74177e-05 0.000655324 0.00435486 0.0197966 0.0615945 0.131234 0.191543 0.191559 0.131309 0.0618445 0.0205184 0.0061661 0.00460694 0.00756549 0.0123833 0.0177926 0.0222949 0.0244165 0.0234896 0.0200582 0.0155234 0.0113189 0.00824883 0.00636823 0.0052905
 1.0675e-16 1.15013e-05 0.000111797 0.000742935 0.00337732 0.0105084 0.0223919 0.0326959 0.0327639 0.0227244 0.0116251 0.00660318 0.00884264 0.0178012 0.0336289 0.0556335 0.0802694 0.1012 0.11194 0.109451 0.0958978 0.0770795 0.0588844 0.0445531 0.0343392 0.0269223
 1.05542e-16 7.01175e-05 0.000681567 0.00452925 0.0205893 0.064061 0.136489 0.19921 0.199212 0.1365 0.0640975 0.0206968 0.00480711 0.00131462 0.00135019 0.00232459 0.00381745 0.00579627 0.00825394 0.0111555 0.0143671 0.0175597 0.0201914 0.021652 0.0215171 0.019757
 1.05581e-16 5.20422e-05 0.000505868 0.00336167 0.0152817 0.0475472 0.101305 0.147865 0.147895 0.101453 0.0480423 0.0167111 0.00694776 0.00832794 0.0148896 0.0244884 0.0351738 0.0440456 0.0482102 0.046394 0.0397482 0.0311248 0.0234007 0.0181231 0.0152602 0.0138458
 1.11345e-16 2.9993e-05 0.000291543 0.00193741 0.00880719 0.0274026 0.0583857 0.0852237 0.0852628 0.0585765 0.028044 0.0106624 0.00660498 0.010516 0.0195508 0.0325417 0.0474977 0.0610275 0.0696452 0.0716783 0.068135 0.0617579 0.0551063 0.0492495 0.043863 0.0382023
 1.05099e-16 7.11383e-05 0.00069149 0.00459519 0.0208891 0.0649937 0.138476 0.202111 0.202116 0.1385 0.0650743 0.0211229 0.0051863 0.00199576 0.00258929 0.00427668 0.0064111 0.00860927 0.0105308 0.0120288 0.0132031 0.014245 0.0152048 0.0158895 0.0159737 0.0152148
 1.02543e-16 6.55468e-05 0.000637138 0.00423401 0.0192472 0.0598852 0.127592 0.186228 0.186245 0.127675 0.060164 0.0200521 0.00625347 0.0050427 0.00842408 0.0138017 0.0198278 0.0248396 0.0271983 0.026169 0.022373 0.0173886 0.0128232 0.00956639 0.00765306 0.00661214
 1.07464e-16 1.5941e-05 0.000154952 0.00102972 0.00468098 0.0145646 0.0310337 0.0453076 0.0453696 0.0313366 0.0155819 0.0076203 0.0084114 0.016281 0.0306763 0.0507769 0.0733472 0.0926518 0.10282 0.101097 0.0894189 0.0729819 0.0570238 0.0443741 0.0351874 0.0282568
 1.27718e-16 1.9902e-05 0.000193454 0.00128557 0.00584404 0.018183 0.0387415 0.0565474 0.0565624 0.0388149 0.0184318 0.00657237 0.00315069 0.00438744 0.00834485 0.0147064 0.0233886 0.0340375 0.046192 0.0595081 0.0735694 0.0873149 0.0986775 0.105027 0.104319 0.0961806
 1.06578e-16 7.50476e-05 0.00072949 0.00484772 0.022037 0.0685653 0.146086 0.213217 0.213219 0.146096 0.0686002 0.0221383 0.00510373 0.00129479 0.00116846 0.00186774 0.00282022 0.003856 0.00488268 0.00592262 0.00711814 0.00862478 0.0104541 0.012384 0.0140064 0.0148853
pSPR Fmed_Fpbrs
0.458574   0.20136 0.20136
Fs Fmed_Fpbrs
0.432044   1.005 1.005
SSBpbr Bo_Bmed_Bpbrs
1.78616e+06  729779  270353 270353
Ro
78367.9
SPR SPRFo_SPRFmed_SPRFpbrs
560168 256878 112795
Fref
1.005
Nvult_r0
 133216 3385.59 2045.37 6758.39 1726.92
CTP_r0
 32529.4 934.282 564.437 1865.04 476.559
YTP_r0
391149
Np
 158711 48354.9 1136.32 686.497 2838.37
Nvult_p0
 133803 41843.5 983.305 594.053 2456.16
CTP_p0
 61551.3 20973.9 492.878 297.767 1231.14
YTP_p0
 863132
CBA_c0
532744
log_Ro
11.0892
likeval ReclasPelacesDesembMPH_pf_preclas_ppelaces_ptallas_desvR_qrecl_qpela
 26.3736 40.4467 0.125121 0.00201899 287.444 122.474 108.937 0 85.3358 0 0 0.280306 0 0 0
q_reclas_q_pelaces
1 1
M
1
N
 22214.1 45826.3 120898 15219.2 0.422266
 14140.7 7079.22 14232 37546.6 4726.68
 177888 3614.53 1694.92 3407.45 10121.1
 18741.9 45111.3 857.344 402.024 3208.89
 7827.86 2826.01 5794.74 110.13 463.838
 347452 899.514 263.465 540.236 53.5103
 16781 96348.4 237.081 69.4404 156.491
 4259.44 2921 14660.6 36.0749 34.3784
 10691.4 1226.4 804.797 4039.31 19.4113
 74548.7 408.025 31.1486 20.4405 103.085
 74415 9976.89 45.5325 3.47594 13.7845
 136600 23275.4 3030.87 13.8323 5.24354
 91505.5 28882.9 4455.16 580.142 3.65132
 68631.7 19381.1 5539.63 854.483 111.969
 52741.2 9242.56 2178.77 622.753 108.646
 442839 8250.74 1239.93 292.292 98.1203
 22022.7 109526 1900.1 285.549 89.91
 854795 5793.48 27127.8 470.623 92.9947
 309762 253526 1653.06 7740.4 160.818
 137577 82417.8 63639.7 414.948 1983.35
 435631 33641.9 18727.5 14460.6 544.958
 588218 119476 8752.25 4872.14 3903.84
 29738.5 155761 29822.3 2184.65 2190.57
 340658 8594.06 43102.2 8252.43 1210.71
 204192 104465 2550.61 12792.2 2808.54
 53825 61419.9 30306 739.949 4525.88
 269172 16041.8 17625.7 8696.92 1511.14
 352544 79896 4581.39 5033.73 2915.33
 33141.1 112423 24832.1 1423.92 2470.61
 16530.4 10532.8 34802.9 7687.29 1205.63
 181571 4521.91 2731.86 9026.74 2306.54
pred_Ctot
 1900.04 4575.92 12072.1 1519.7 0.0421648
 2809.6 1617.82 3252.45 8580.54 1080.19
 36002.1 840.979 394.35 792.798 2354.84
 7503.24 20158.1 383.107 179.646 1433.91
 3726.1 1482.53 3039.94 57.7743 243.331
 55335.2 165.653 48.5193 99.4889 9.85435
 5932.41 38301.6 94.2472 27.6047 62.2102
 596.969 474.582 2381.95 5.86117 5.58553
 7134.65 869.843 570.814 2864.94 13.7678
 32465.4 197.19 15.0534 9.87847 49.8187
 7139.49 1115.99 5.09315 0.38881 1.5419
 38392.5 7437.03 968.433 4.41974 1.67543
 25655.6 9207.17 1420.2 184.935 1.16395
 29767.7 9331.31 2667.14 411.404 53.9093
 20507.6 4018.77 947.357 270.78 47.2407
 94727.9 2025.75 304.431 71.7645 24.0908
 4075.63 23357.2 405.209 60.8953 19.1739
 106559 838.925 3928.24 68.1486 13.4661
 55634.4 52509.5 342.376 1603.17 33.308
 30139 20708.8 15990.5 104.262 498.348
 71771.5 6404.42 3565.16 2752.87 103.744
 107001 25054.9 1835.41 1021.72 818.663
 4111.34 24969.6 4780.73 350.214 351.164
 36372.6 1068.35 5358.13 1025.88 150.506
 23926.7 14232.9 347.509 1742.88 382.651
 6571.35 8713.28 4299.34 104.972 642.061
 33445.1 2315.46 2544.07 1255.3 218.116
 30024.2 7943.89 455.518 500.494 289.865
 2885.11 11423.5 2523.23 144.687 251.043
 2744.58 2020.36 6675.75 1474.55 231.26
 32529.4 934.282 564.437 1865.04 476.559
F
 0.143564 0.169364 0.169364 0.169364 0.169364
 0.364098 0.42953 0.42953 0.42953 0.42953
 0.372021 0.438877 0.438877 0.438877 0.438877
 0.891897 1.05218 1.05218 1.05218 1.05218
 1.16359 1.3727 1.3727 1.3727 1.3727
 0.282656 0.333453 0.333453 0.333453 0.333453
 0.748322 0.882804 0.882804 0.882804 0.882804
 0.245054 0.289093 0.289093 0.289093 0.289093
 2.26587 2.67307 2.67307 2.67307 2.67307
 1.01118 1.1929 1.1929 1.1929 1.1929
 0.162261 0.191421 0.191421 0.191421 0.191421
 0.553808 0.653333 0.653333 0.653333 0.653333
 0.552103 0.651322 0.651322 0.651322 0.651322
 1.00494 1.18553 1.18553 1.18553 1.18553
 0.855095 1.00877 1.00877 1.00877 1.00877
 0.397041 0.468394 0.468394 0.468394 0.468394
 0.335342 0.395607 0.395607 0.395607 0.395607
 0.215396 0.254105 0.254105 0.254105 0.254105
 0.324003 0.38223 0.38223 0.38223 0.38223
 0.408411 0.481807 0.481807 0.481807 0.481807
 0.293683 0.346461 0.346461 0.346461 0.346461
 0.328772 0.387856 0.387856 0.387856 0.387856
 0.241373 0.28475 0.28475 0.28475 0.28475
 0.182026 0.214739 0.214739 0.214739 0.214739
 0.201326 0.237507 0.237507 0.237507 0.237507
 0.21054 0.248377 0.248377 0.248377 0.248377
 0.214624 0.253195 0.253195 0.253195 0.253195
 0.142907 0.168588 0.168588 0.168588 0.168588
 0.14628 0.172569 0.172569 0.172569 0.172569
 0.296266 0.349509 0.349509 0.349509 0.349509
 0.323076 0.381137 0.381137 0.381137 0.381137
nmprior
 8.19 8.8 8.5 0
nm_flota  nm_reclas  nm_pelaces    nm_pelaL
inf 9.9418 6.72089 11.903
cv_recla  cv_pelaces  cv_mph
0.464526 0.721131 1.38667
 ------------------------------------------------
Talla a la edad & desviaci?n 
 8 13.2811 15.8009 17.003 17.5766
 0.8 1.32811 1.58009 1.7003 1.75766
