years
 1991 1992 1993 1994 1995 1996 1997 1998 1999 2000 2001 2002 2003 2004 2005 2006 2007 2008 2009 2010 2011 2012 2013 2014 2015 2016 2017 2018 2019 2020 2021
reclasobs
 0 0 0 0 0 0 0 0 0 252601 567819 844713 477998 351125 339783 2.1784e+06 2.13404e+06 4.81314e+06 1.55562e+06 2.62356e+06 3.21686e+06 3.843e+06 1.13348e+06 3.07943e+06 1.97215e+06 2.03268e+06 2.025e+06 2.42433e+06 2.27542e+06 1.05018e+06 2.36338e+06
reclaspred
 1.12994e+06 924652 398323 23097.8 15169.8 489412 321053 76626.2 225615 168202 186719 371539 374786 256725 259274 739525 1.11206e+06 1.11415e+06 1.87509e+06 1.56914e+06 1.97068e+06 1.71739e+06 1.54041e+06 2.06344e+06 1.77082e+06 1.0715e+06 1.20749e+06 1.78907e+06 2.05412e+06 867287 920846
pelacesobs
 0 0 0 0 0 0 0 0 0 0 0 0 0 0 0 552880 188675 0 991730 2.46772e+06 1.41603e+06 1.21717e+06 2.29649e+06 1.80582e+06 0 1.4828e+06 1.56532e+06 1.57751e+06 1.42118e+06 867257 1.10002e+06
pelacespred
 407915 384176 173714 2431.36 2662.88 215138 101083 31035.4 95909.9 59042.1 87386.8 140762 151666 108470 118836 293649 443528 455452 908323 745453 787708 792995 676937 1.03509e+06 907240 532402 668588 978407 926210 474425 465820
mphobs
 0 0 0 0 0 0 0 0 0 0 0 498337 0 5186 125008 0 168611 109162 213762 579715 649985 157893 87575 83554 0 0 0 0 0 0 0
mphpred
 591000 1.0537e+06 446791 109779 976.006 7169.76 492534 100892 29436.8 220511 56179.5 218624 301082 207678 140243 206470 867823 826236 708022 1.82713e+06 1.16062e+06 1.30343e+06 1.53104e+06 966114 1.86042e+06 1.13914e+06 604141 1.02826e+06 1.9701e+06 1.11133e+06 437434
desembarqueobs
 494567 514787 250237 358949 120608 361735 552515 73892 212993 205616 52469 317467 293654 387597 252695 516296 358380 742168 942051 627588 828172 859565 418607 520667 417249 300574 407403 355545 319650 289779 391294
desembarquepred
 494297 518387 247381 358702 120521 361441 551784 73843.3 212608 204982 52416.5 317076 292971 386779 252026 515765 358377 742771 940543 626066 827167 857533 417475 519822 417192 300427 406744 355749 319838 290005 391402
Reclutas
 402583 2411.97 61808.7 4593.67 37828.7 294839 2155.28 1161.64 79681.2 4071.83 92651.8 150603 87488.1 78837.3 77661.4 449354 102272 250392 968519 30873.7 363806 675140 16128.1 431470 155775 37187.3 317313 411725 21050.4 13780 256817
log_desv_Rt
 1.77959 -3.33787 -0.094271 -2.69364 -0.585247 1.46811 -3.45039 -4.06848 0.159719 -2.81422 0.310534 0.796334 0.253188 0.149071 0.134044 1.8895 0.409318 1.30471 2.65745 -0.78841 1.67831 2.29661 -1.43775 1.84888 0.830096 -0.602347 1.54158 1.80204 -1.1714 -1.5951 1.33005
SSB
 591000 1.0537e+06 446791 109779 976.006 7169.76 492534 100892 29436.8 220511 56179.5 218624 301082 207678 140243 206470 867823 826236 708022 1.82713e+06 1.16062e+06 1.30343e+06 1.53104e+06 966114 1.86042e+06 1.13914e+06 604141 1.02826e+06 1.9701e+06 1.11133e+06 437434
BT
 1.70654e+06 1.3488e+06 672746 298803 97099.9 1.30668e+06 725696 146269 613359 323649 393070 757046 736658 796007 709637 1.61664e+06 1.48804e+06 2.09513e+06 4.47894e+06 2.35814e+06 3.23246e+06 3.33491e+06 1.95349e+06 4.28434e+06 2.69827e+06 1.61734e+06 2.93528e+06 3.79632e+06 2.4303e+06 1.43837e+06 2.13932e+06
Ftot
 0.408064 0.51071 0.564258 4.95303 4.94852 0.685395 1.37385 0.841678 0.862228 1.03396 0.265526 0.769585 0.704091 1.28477 0.874917 0.643697 0.301457 0.607186 0.46764 0.369617 0.39047 0.462462 0.254106 0.238042 0.22184 0.262855 0.316751 0.188517 0.147496 0.311718 0.397684
BD_Bspro_t
 0.936796 0.71489 0.434156 0.162407 0.00252241 0.0259907 0.484146 0.143267 0.0694317 0.374337 0.182335 0.561045 0.481983 0.347409 0.256898 0.337625 0.571133 0.530834 0.471139 0.637719 0.477308 0.512604 0.582981 0.514675 0.691604 0.640372 0.561265 0.700305 0.800297 0.692593 0.523067
BD_Bspro
 1.21735 2.17043 0.920309 0.226125 0.00201039 0.0147684 1.01453 0.207819 0.0606344 0.454212 0.11572 0.450326 0.620174 0.42778 0.288875 0.42529 1.78756 1.7019 1.4584 3.76356 2.39067 2.68483 3.15366 1.99002 3.83213 2.34643 1.24442 2.11804 4.05806 2.28914 0.901036
BD_Bo
 0.355879 0.634498 0.269041 0.066105 0.000587715 0.00431737 0.296586 0.0607533 0.0177258 0.132784 0.0338293 0.131647 0.1813 0.125056 0.0844491 0.124328 0.522572 0.497529 0.426345 1.10023 0.698884 0.784877 0.921934 0.581759 1.12028 0.68595 0.363792 0.619183 1.18633 0.669202 0.263407
BD_Brms
 1.5107 2.69343 1.14207 0.280614 0.00249484 0.0183271 1.259 0.257896 0.0752455 0.563663 0.143604 0.558841 0.769616 0.530862 0.358485 0.527772 2.21831 2.112 1.80983 4.67046 2.96675 3.33179 3.91359 2.46955 4.75555 2.91184 1.54429 2.62842 5.03593 2.84075 1.11816
Sel_flota
 0.5 1 1 1 1
 0.5 1 1 1 1
 0.5 1 1 1 1
 0.5 1 1 1 1
 0.5 1 1 1 1
 0.5 1 1 1 1
 0.5 1 1 1 1
 0.5 1 1 1 1
 0.5 1 1 1 1
 0.5 1 1 1 1
 0.5 1 1 1 1
 0.5 1 1 1 1
 0.5 1 1 1 1
 0.5 1 1 1 1
 0.5 1 1 1 1
 0.5 1 1 1 1
 0.5 1 1 1 1
 0.5 1 1 1 1
 0.5 1 1 1 1
 0.5 1 1 1 1
 0.5 1 1 1 1
 0.5 1 1 1 1
 0.5 1 1 1 1
 0.5 1 1 1 1
 0.5 1 1 1 1
 0.5 1 1 1 1
 0.5 1 1 1 1
 0.5 1 1 1 1
 0.5 1 1 1 1
 0.5 1 1 1 1
 0.5 1 1 1 1
Sel_reclas
 0.5 1 1 1 1
 0.5 1 1 1 1
 0.5 1 1 1 1
 0.5 1 1 1 1
 0.5 1 1 1 1
 0.5 1 1 1 1
 0.5 1 1 1 1
 0.5 1 1 1 1
 0.5 1 1 1 1
 0.5 1 1 1 1
 0.5 1 1 1 1
 0.5 1 1 1 1
 0.5 1 1 1 1
 0.5 1 1 1 1
 0.5 1 1 1 1
 0.5 1 1 1 1
 0.5 1 1 1 1
 0.5 1 1 1 1
 0.5 1 1 1 1
 0.5 1 1 1 1
 0.5 1 1 1 1
 0.5 1 1 1 1
 0.5 1 1 1 1
 0.5 1 1 1 1
 0.5 1 1 1 1
 0.5 1 1 1 1
 0.5 1 1 1 1
 0.5 1 1 1 1
 0.5 1 1 1 1
 0.5 1 1 1 1
 0.5 1 1 1 1
Sel_pelaces
 0.5 1 1 1 1
 0.5 1 1 1 1
 0.5 1 1 1 1
 0.5 1 1 1 1
 0.5 1 1 1 1
 0.5 1 1 1 1
 0.5 1 1 1 1
 0.5 1 1 1 1
 0.5 1 1 1 1
 0.5 1 1 1 1
 0.5 1 1 1 1
 0.5 1 1 1 1
 0.5 1 1 1 1
 0.5 1 1 1 1
 0.5 1 1 1 1
 0.5 1 1 1 1
 0.5 1 1 1 1
 0.5 1 1 1 1
 0.5 1 1 1 1
 0.5 1 1 1 1
 0.5 1 1 1 1
 0.5 1 1 1 1
 0.5 1 1 1 1
 0.5 1 1 1 1
 0.5 1 1 1 1
 0.5 1 1 1 1
 0.5 1 1 1 1
 0.5 1 1 1 1
 0.5 1 1 1 1
 0.5 1 1 1 1
 0.5 1 1 1 1
pf_obs 
 0.8446 0.082 0.0669 0.0065 0
 0.8095 0.147 0.0364 0.0071 0
 0.9664 0.0169 0.016 0.0007 0
 0.9276 0.0648 0.0075 0.0001 0
 0.7033 0.2144 0.0806 0.0017 0
 0.9318 0.0425 0.0243 0.0014 0
 0.5671 0.3108 0.0964 0.0239 0.0018
 0.0768 0.2599 0.5324 0.112 0.0189
 0.490249 0.384438 0.106611 0.0170017 0.00170017
 0.7925 0.1577 0.0466 0.003 0.0002
 0.840416 0.127587 0.0312969 0.00059994 9.999e-05
 0.8084 0.0986 0.0794 0.0134 0.0002
 0.7335 0.1905 0.0724 0.0035 0.0001
 0.4001 0.4547 0.1325 0.0127 0
 0.49795 0.308269 0.164784 0.0264974 0.00249975
 0.9179 0.0499 0.0305 0.0017 0
 0.2467 0.6533 0.0926 0.0074 0
 0.9418 0.0223 0.034 0.0019 0
 0.707729 0.231977 0.0356964 0.0245975 0
 0.517169 0.277429 0.184464 0.0207286 0.00020938
 0.811772 0.124168 0.05621 0.00726502 0.000585176
 0.764997 0.148141 0.077277 0.00933861 0.000247198
 0.163321 0.427699 0.378323 0.0303852 0.000271297
 0.753843 0.0900009 0.118128 0.0371064 0.000921714
 0.721811 0.176058 0.0630433 0.0369309 0.00215725
 0.143369 0.312575 0.442814 0.0836902 0.0175525
 0.692698 0.0596174 0.167031 0.0765114 0.00414204
 0.394062 0.376323 0.152708 0.0712218 0.00568511
 0.125707 0.32114 0.495352 0.0537591 0.00404204
 0.23352 0.215282 0.420074 0.123614 0.00750983
 0.774587 0.0839891 0.0768558 0.0609784 0.00358967
pf_pred 
 0.82174 0.112682 0.0414532 0.0152498 0.00887502
 0.00996211 0.903441 0.0547399 0.0201377 0.0117197
 0.535352 0.0106805 0.41426 0.0251002 0.0146077
 0.140352 0.629841 0.00528241 0.204886 0.0196389
 0.993595 0.0044847 0.0014069 1.17996e-05 0.000501531
 0.993062 0.00693529 2.19287e-06 6.87931e-07 2.51002e-07
 0.0173425 0.979891 0.00276523 8.74338e-07 3.74369e-07
 0.0820825 0.0482504 0.867219 0.00244727 1.10513e-06
 0.969208 0.00582198 0.00131254 0.0235907 6.66023e-05
 0.112826 0.876568 0.00200543 0.000452117 0.00814897
 0.934681 0.0170849 0.0476577 0.000109032 0.000467628
 0.738363 0.253456 0.00213976 0.00596878 7.22226e-05
 0.53768 0.405816 0.0547372 0.000462109 0.00130463
 0.617881 0.284039 0.0860923 0.0116123 0.000374808
 0.713048 0.238496 0.0360187 0.0109173 0.00152007
 0.922748 0.0670232 0.00850132 0.00128391 0.000443335
 0.304733 0.672213 0.0200017 0.00253704 0.000515459
 0.680307 0.156545 0.157739 0.00469351 0.000716288
 0.867215 0.111134 0.0106018 0.0106827 0.000366372
 0.0523407 0.888658 0.0493808 0.00471073 0.00490947
 0.695839 0.0334346 0.253871 0.014107 0.00274829
 0.737559 0.219761 0.00469163 0.0356238 0.00236518
 0.0359586 0.834998 0.108058 0.0023069 0.0186794
 0.763406 0.0176223 0.189661 0.0245442 0.00476682
 0.335629 0.580567 0.00624198 0.0671796 0.0103822
 0.165553 0.433137 0.350689 0.00377044 0.0468509
 0.808846 0.0574059 0.0694247 0.0562097 0.00811377
 0.659708 0.307277 0.00991477 0.0119906 0.0111095
 0.0595029 0.756095 0.166512 0.00537276 0.0125178
 0.106347 0.104325 0.634565 0.139748 0.015015
 0.869014 0.0271399 0.012123 0.0737391 0.0179841
pobs_RECLAS
 0 0 0 0 0
 0 0 0 0 0
 0 0 0 0 0
 0 0 0 0 0
 0 0 0 0 0
 0 0 0 0 0
 0 0 0 0 0
 0 0 0 0 0
 0 0 0 0 0
 0 0 0 0 0
 0.991045 0.00858322 0.000360255 1.14367e-05 0
 0.934742 0.0480273 0.0164251 0.00080598 0
 0.827803 0.169806 0.00239088 0 0
 0.941827 0.0461693 0.0120037 0 0
 0.791401 0.0380133 0.147996 0.0225897 0
 0.846168 0.0940531 0.0597789 0 0
 0.134021 0.677848 0.182769 0.00536245 0
 0.80878 0.0450904 0.141981 0.00414843 0
 0.846168 0.0940531 0.0597789 0 0
 0.905697 0.0802665 0.012482 0.00150086 5.37128e-05
 0.989698 0.0102097 9.19794e-05 0 0
 0.975433 0.0193895 0.00387452 0.00125025 5.28907e-05
 0.303575 0.632131 0.0575291 0.00676475 0
 0.966965 0.00978017 0.0227588 0.000495775 0
 0.843318 0.132988 0.00938335 0.0141283 0.000182051
 0.564624 0.303363 0.111486 0.0197234 0.00080311
 0.826376 0.0876187 0.0782897 0.00655872 0.00115652
 0.89761 0.0855135 0.0140674 0.00269457 0.000114338
 0.34875 0.467042 0.161289 0.0227151 0.000203297
 0.318654 0.224769 0.449479 0.00709798 0
 0.937255 0.0296025 0.0250945 0.00804832 0
ppred_RECLAS
 0.824882 0.110696 0.0407227 0.014981 0.00871862
 0.0102474 0.90318 0.0547241 0.0201319 0.0117163
 0.543394 0.0104957 0.407089 0.0246657 0.0143549
 0.252905 0.547377 0.00459079 0.17806 0.0170676
 0.996898 0.00217224 0.000681458 5.71532e-06 0.000242925
 0.993343 0.00665423 2.104e-06 6.60051e-07 2.4083e-07
 0.0192971 0.977942 0.00275973 8.72599e-07 3.73625e-07
 0.0863061 0.0480284 0.863228 0.00243601 1.10004e-06
 0.970853 0.00551089 0.00124241 0.0223302 6.30436e-05
 0.120308 0.869175 0.00198852 0.000448304 0.00808024
 0.935467 0.0168791 0.0470837 0.000107719 0.000461996
 0.747636 0.244473 0.00206392 0.00575722 6.96628e-05
 0.548389 0.396416 0.0534693 0.000451405 0.00127441
 0.640919 0.266915 0.0809018 0.0109122 0.000352211
 0.724716 0.228798 0.034554 0.0104733 0.00145826
 0.925439 0.0646883 0.00820516 0.00123918 0.000427891
 0.307926 0.669126 0.0199098 0.00252539 0.000513092
 0.687993 0.152781 0.153946 0.00458067 0.000699067
 0.870129 0.108695 0.0103691 0.0104482 0.000358331
 0.0532989 0.88776 0.0493309 0.00470597 0.0049045
 0.700154 0.0329603 0.25027 0.0139069 0.0027093
 0.742406 0.215701 0.00460496 0.0349658 0.00232149
 0.036388 0.834626 0.108009 0.00230587 0.0186711
 0.765463 0.0174691 0.188011 0.0243307 0.00472536
 0.337984 0.578509 0.00621985 0.0669414 0.0103454
 0.16733 0.432214 0.349942 0.00376242 0.0467511
 0.811297 0.0566699 0.0685346 0.055489 0.00800974
 0.661675 0.305501 0.00985744 0.0119212 0.0110453
 0.0598783 0.755793 0.166446 0.00537062 0.0125128
 0.107842 0.10415 0.633504 0.139514 0.0149899
 0.871378 0.0266501 0.0119042 0.0724083 0.0176595
pobs_PELACES
 0 0 0 0 0
 0 0 0 0 0
 0 0 0 0 0
 0 0 0 0 0
 0 0 0 0 0
 0 0 0 0 0
 0 0 0 0 0
 0 0 0 0 0
 0 0 0 0 0
 0 0 0 0 0
 0 0 0 0 0
 0 0 0 0 0
 0 0 0 0 0
 0 0 0 0 0
 0 0 0 0 0
 0 0 0 0 0
 0.505614 0.472636 0.0217494 0 0
 0 0 0 0 0
 0.443492 0.261883 0.143347 0.151278 0
 0.227955 0.32914 0.350689 0.0885471 0.00366901
 0.970185 0.0296113 0.000203453 0 0
 0.997202 0.00247181 0.000326279 0 0
 0.445219 0.490057 0.0546422 0.010081 0
 0.90214 0.0892962 0.00764917 0.000914606 0
 0 0 0 0 0
 0.581667 0.319106 0.0959925 0.00289975 0.000334073
 0.762889 0.0836404 0.116647 0.0363945 0.000428098
 0.88444 0.0763242 0.0277011 0.0115352 0
 0.521256 0.241999 0.230069 0.00667565 0
 0.616807 0.101726 0.260614 0.0208532 0
 0.833518 0.0704572 0.0857862 0.0102388 0
ppred_PELACES
 0.834396 0.104682 0.0385102 0.0141671 0.00824493
 0.0111383 0.902367 0.0546749 0.0201138 0.0117057
 0.566385 0.00996719 0.386592 0.0234238 0.0136321
 0.433906 0.414761 0.00347856 0.134921 0.0129325
 0.998626 0.000961737 0.000301709 2.5304e-06 0.000107553
 0.99405 0.00594693 1.88036e-06 5.89892e-07 2.15231e-07
 0.0240887 0.973164 0.00274624 8.68336e-07 3.71799e-07
 0.0979053 0.0474187 0.85227 0.00240508 1.08608e-06
 0.974621 0.00479863 0.00108183 0.0194441 5.48955e-05
 0.139565 0.850148 0.00194499 0.000438491 0.00790337
 0.938062 0.0162004 0.0451904 0.000103388 0.000443419
 0.770834 0.222 0.0018742 0.00522801 6.32592e-05
 0.576968 0.37133 0.0500856 0.000422839 0.00119377
 0.68812 0.231829 0.0702675 0.0094778 0.000305913
 0.752565 0.205652 0.0310584 0.00941382 0.00131074
 0.932445 0.0586104 0.00743423 0.00112275 0.000387688
 0.318626 0.65878 0.019602 0.00248634 0.000505159
 0.709084 0.142453 0.14354 0.00427103 0.000651812
 0.878602 0.101603 0.00969257 0.00976652 0.000334952
 0.0564613 0.884794 0.0491661 0.00469025 0.00488812
 0.713503 0.0314929 0.239128 0.0132878 0.00258869
 0.756727 0.20371 0.00434895 0.0330219 0.00219243
 0.037887 0.833327 0.107841 0.00230228 0.018642
 0.772441 0.0169493 0.182418 0.0236068 0.00458478
 0.346222 0.57131 0.00614246 0.0661084 0.0102167
 0.17346 0.429032 0.347366 0.00373472 0.0464069
 0.819168 0.054306 0.0656758 0.0531744 0.00767563
 0.668603 0.299245 0.00965559 0.0116771 0.0108191
 0.0612631 0.754679 0.1662 0.00536271 0.0124944
 0.112891 0.103561 0.629919 0.138725 0.014905
 0.878555 0.0251631 0.01124 0.0683681 0.0166742
pobs_pel_tallas
 0 0 0 0 0 0 0 0 0 0 0 0 0 0 0 0 0 0 0 0 0 0 0 0 0 0
 0 0 0 0 0 0 0 0 0 0 0 0 0 0 0 0 0 0 0 0 0 0 0 0 0 0
 0 0 0 0 0 0 0 0 0 0 0 0 0 0 0 0 0 0 0 0 0 0 0 0 0 0
 0 0 0 0 0 0 0 0 0 0 0 0 0 0 0 0 0 0 0 0 0 0 0 0 0 0
 0 0 0 0 0 0 0 0 0 0 0 0 0 0 0 0 0 0 0 0 0 0 0 0 0 0
 0 0 0 0 0 0 0 0 0 0 0 0 0 0 0 0 0 0 0 0 0 0 0 0 0 0
 0 0 0 0 0 0 0 0 0 0 0 0 0 0 0 0 0 0 0 0 0 0 0 0 0 0
 0 0 0 0 0 0 0 0 0 0 0 0 0 0 0 0 0 0 0 0 0 0 0 0 0 0
 0 0 0 0 0 0 0 0 0 0 0 0 0 0 0 0 0 0 0 0 0 0 0 0 0 0
 0 0 0 0 0 0 0 0 0 0 0 0 0 0 0 0 0 0 0 0 0 0 0 0 0 0
 0 0 0 0 0 0 0 0 0 0 0 0 0 0 0 0 0 0 0 0 0 0 0 0 0 0
 0 0 0 0 0 0 0 0 0 0 0 0 0 0 0 0 0 0 0 0 0 0 0 0 0 0
 0.00862536 0 0 0.000197151 0.00414017 0.0128641 0.00837892 0.0270097 0.101434 0.158115 0.152841 0.127902 0.109271 0.109419 0.0830992 0.0579132 0.0238553 0.00714673 0.00463305 0.00128148 0.00103504 0.000492878 0.000147863 0.000147863 4.92878e-05 0
 0 0 0 0 0 0 0 0 0 0 0 0 0 0 0 0 0 0 0 0 0 0 0 0 0 0
 0 0 0 0 0 0 0 0.0054083 0.00873648 0.0413646 0.0450493 0.0745869 0.0622846 0.0627006 0.0613931 0.0827291 0.12552 0.122667 0.0946155 0.0697135 0.0546179 0.0294188 0.0215738 0.0213955 0.0102223 0.00600262
 0 0 0 0 0.00359764 0.0251062 0.0480494 0.140153 0.205849 0.193036 0.1447 0.116669 0.0760912 0.0342217 0.00950174 0.001854 0.000860785 0 0 0 0.000165536 0 0.000143464 0 0 0
 0 0 0 0 0 0 0 0.000145254 0.000435761 0.0275982 0.070085 0.0708112 0.156366 0.174668 0.174014 0.160142 0.0824315 0.0480064 0.0283245 0.00493863 0.00203355 0 0 0 0 0
 0 0 0 0 0 0 0 0 0 0 0 0 0 0 0 0 0 0 0 0 0 0 0 0 0 0
 0 0 1.00437e-05 0.000401748 0.00122533 0.00171747 0.00176769 0.0269171 0.070346 0.194647 0.189555 0.159765 0.064822 0.0314167 0.0384472 0.0292271 0.0345202 0.0313363 0.0194345 0.0106764 0.0143323 0.0359363 0.0279516 0.0138201 0.00172751 0
 0 0.0021121 0.0136068 0.0755702 0.200478 0.177729 0.0527432 0.0373336 0.0318909 0.0142505 0.0149659 0.0166563 0.0217959 0.0798694 0.0677717 0.0528807 0.04013 0.0224614 0.0357745 0.0225083 0.00881397 0.00855152 0.00135912 0.000746735 0 0
 0 0 0 0 5.4009e-05 0.00500934 0.000945158 0.0243581 0.138947 0.33067 0.221406 0.137944 0.0707744 0.0437923 0.0131692 0.00525238 0.0047753 0.00276346 9.45158e-05 9.00151e-06 2.25038e-05 9.00151e-06 4.50075e-06 0 0 0
 0.000866109 0.00284123 0.00948549 0.0512746 0.133035 0.25785 0.225252 0.132002 0.0553304 0.0519788 0.0540692 0.017754 0.00435017 0.00159236 0.00146478 0.000404838 0.000125132 0.000115318 0.000107957 0.000100596 0 0 0 0 0 0
 0 0 0 0 0.00144013 0.00171154 0.00461396 0.0210425 0.0478622 0.0707936 0.0888783 0.103762 0.0637923 0.0337046 0.0602308 0.124433 0.169614 0.0934646 0.0462172 0.0250306 0.0313229 0.00938855 0.002487 0.000210481 0 0
 0 0.00764035 0.051015 0.0998891 0.058973 0.0496711 0.0374665 0.0718981 0.12319 0.153886 0.159021 0.0857701 0.0377988 0.023471 0.0147837 0.00900784 0.00315554 0.000888139 0.00291439 0.00214683 0.00393193 0.00274676 0.000635225 9.99891e-05 0 0
 0 0 0 0 0 0 0 0 0 0 0 0 0 0 0 0 0 0 0 0 0 0 0 0 0 0
 0 0 0 0 0 0 0 0 0 0 0 0 0 0 0 0 0 0 0 0 0 0 0 0 0 0
 0 0 0 0 0 0 0 0 0 0 0 0 0 0 0 0 0 0 0 0 0 0 0 0 0 0
 0 0 0 0 0 0 0 0 0 0 0 0 0 0 0 0 0 0 0 0 0 0 0 0 0 0
 0 0 0 0 0 0 0 0 0 0 0 0 0 0 0 0 0 0 0 0 0 0 0 0 0 0
 0 0 0 0 0 0 0 0 0 0 0 0 0 0 0 0 0 0 0 0 0 0 0 0 0 0
 0 0 0 0 0 0 0 0 0 0 0 0 0 0 0 0 0 0 0 0 0 0 0 0 0 0
ppred_pel_tallas
 1.03955e-16 6.87281e-05 0.000668062 0.00443951 0.0201814 0.0627918 0.133785 0.195265 0.195275 0.133834 0.0629582 0.0206626 0.0056495 0.00331648 0.00511933 0.00840956 0.0122384 0.0156694 0.0177982 0.0182174 0.0172424 0.0156543 0.0141721 0.0130778 0.012221 0.0112848
 1.05807e-16 9.17639e-07 8.91986e-06 5.92798e-05 0.000269531 0.000839077 0.00179095 0.00263215 0.00271901 0.00221531 0.00226361 0.00438258 0.010378 0.0225165 0.0426929 0.0704378 0.10114 0.126502 0.138067 0.131955 0.11122 0.0838751 0.0582106 0.0390242 0.0269012 0.0198973
 1.15815e-16 4.66524e-05 0.000453478 0.00301352 0.013699 0.0426228 0.0908124 0.132544 0.132545 0.0908203 0.0426512 0.0137888 0.00326789 0.00110503 0.00156582 0.00324891 0.00638378 0.0115835 0.0193843 0.0298512 0.0421824 0.0545511 0.0644413 0.0694803 0.0683963 0.0615612
 1.15926e-16 3.57404e-05 0.000347409 0.00230866 0.0104949 0.0326536 0.0695734 0.101553 0.101593 0.0697685 0.0333087 0.0123866 0.00705593 0.0107076 0.019705 0.0325109 0.0468333 0.0589647 0.0652311 0.0641298 0.0573412 0.0486789 0.0417756 0.0382465 0.0374216 0.0373749
 1.00028e-16 8.22555e-05 0.000799553 0.00531331 0.0241535 0.0751506 0.160116 0.233695 0.233695 0.160117 0.0751522 0.024158 0.0053244 0.000823801 0.000128433 8.24534e-05 0.000111507 0.00014153 0.000159016 0.000159772 0.000146679 0.000127226 0.000108685 9.45596e-05 8.43598e-05 7.57437e-05
 1.00002e-16 8.18786e-05 0.000795889 0.00528896 0.0240429 0.0748063 0.159383 0.232624 0.232624 0.159385 0.0748156 0.0240699 0.00535682 0.000943806 0.000362142 0.000467364 0.000661197 0.000822623 0.00089006 0.0008372 0.000684605 0.000486728 0.000300918 0.000161851 7.58191e-05 3.1029e-05
 1.00329e-16 1.98435e-06 1.92887e-05 0.000128185 0.000582767 0.00181371 0.00386776 0.00566472 0.0057583 0.00432488 0.00334797 0.00501138 0.0112338 0.024227 0.045871 0.0755534 0.108186 0.134675 0.145757 0.137167 0.112267 0.0799538 0.0495969 0.026857 0.0127584 0.00537628
 1.24849e-16 8.06435e-06 7.83883e-05 0.000520918 0.00236802 0.00736783 0.0156981 0.0229131 0.022919 0.0157275 0.00747003 0.00267979 0.00136584 0.00212857 0.00450243 0.00899094 0.0165671 0.0283237 0.0450642 0.0666483 0.0912408 0.114989 0.132718 0.13971 0.133754 0.116247
 1.01992e-16 8.02782e-05 0.000780333 0.00518559 0.0235729 0.0733441 0.156267 0.228077 0.228077 0.15627 0.0733518 0.0235954 0.00524254 0.000906325 0.000324802 0.00042476 0.000642131 0.000895581 0.00117244 0.00149276 0.00190263 0.00244195 0.00310021 0.00379169 0.0043717 0.00468871
 1.01655e-16 1.14959e-05 0.000111745 0.000742587 0.00337574 0.0105036 0.0223821 0.0326845 0.0327662 0.0227815 0.011844 0.00724463 0.0104447 0.0212604 0.0400854 0.0660119 0.0945315 0.117701 0.12744 0.120042 0.098464 0.070497 0.0443267 0.0248743 0.0129814 0.00689275
 1.01394e-16 7.7267e-05 0.000751062 0.00499107 0.0226887 0.070593 0.150406 0.219522 0.219524 0.150414 0.07062 0.0227675 0.00519207 0.00120024 0.000960749 0.00154496 0.00240096 0.00339778 0.00444375 0.00547218 0.00643415 0.00725152 0.007782 0.00785402 0.00736212 0.00634958
 1.00646e-16 6.34926e-05 0.000617171 0.00410132 0.018644 0.0580086 0.123594 0.180394 0.180415 0.123698 0.0583586 0.0196546 0.00663569 0.00614226 0.0105347 0.0172584 0.0247218 0.0308094 0.0334158 0.0315793 0.0260723 0.0189188 0.0122346 0.00727466 0.00422954 0.00262326
 1.01785e-16 4.75242e-05 0.000461952 0.00306984 0.013955 0.0434195 0.0925112 0.13503 0.135066 0.092686 0.0440065 0.0156504 0.00732497 0.00974925 0.0176806 0.0291398 0.0419357 0.0526516 0.0578248 0.055835 0.0478529 0.0370294 0.0266146 0.0184757 0.0128638 0.00911743
 1.0309e-16 5.66796e-05 0.000550945 0.00366123 0.0166434 0.051784 0.110332 0.161038 0.16106 0.110442 0.0521518 0.0177065 0.00633252 0.00639157 0.0111758 0.0184556 0.0267411 0.0339598 0.0380218 0.0379369 0.0343584 0.0290569 0.0237807 0.0194182 0.0159567 0.0129884
 1.02115e-16 6.19878e-05 0.000602544 0.00400412 0.0182021 0.0566337 0.120665 0.176118 0.176138 0.120762 0.056959 0.0191417 0.00636279 0.0057522 0.00984406 0.0161812 0.0233157 0.0293454 0.0323737 0.0315241 0.027454 0.0218934 0.016597 0.0125268 0.00973977 0.00780204
 1.00408e-16 7.68043e-05 0.000746565 0.00496119 0.0225528 0.0701703 0.149505 0.218209 0.218214 0.149533 0.0702629 0.0228204 0.00563275 0.00221232 0.00285968 0.00460377 0.00661884 0.00831099 0.00913106 0.00882578 0.00758325 0.0059036 0.00430022 0.0030642 0.00222709 0.00167415
 1.01069e-16 2.6245e-05 0.00025511 0.0016953 0.00770663 0.0239785 0.0510912 0.0745823 0.0746457 0.0514008 0.0250177 0.0107066 0.00921978 0.0166613 0.0311264 0.0512636 0.0734847 0.0916499 0.0995184 0.0942108 0.0779658 0.0567187 0.0366884 0.0215879 0.012042 0.00675623
 1.04718e-16 5.84063e-05 0.00056773 0.00377277 0.0171505 0.0533615 0.113693 0.165941 0.165955 0.113761 0.0535908 0.017815 0.00544985 0.00425875 0.0071557 0.0119643 0.0177548 0.0234145 0.0278032 0.0303173 0.031121 0.0307982 0.0297647 0.0279869 0.0252014 0.0213429
 1.01342e-16 7.23693e-05 0.000703456 0.00467471 0.0212506 0.0661184 0.140873 0.20561 0.20562 0.140921 0.066279 0.0217143 0.00583847 0.0032433 0.0048942 0.00797224 0.0114683 0.0144055 0.0158449 0.0153631 0.0133058 0.0105559 0.00800447 0.00613278 0.00494715 0.00418831
 1.02943e-16 4.65083e-06 4.52078e-05 0.000300426 0.00136574 0.00424979 0.00905778 0.0132379 0.0133231 0.0094738 0.0056463 0.00539767 0.0104149 0.0221045 0.0418383 0.0689993 0.099018 0.12372 0.134769 0.128311 0.107311 0.0796361 0.0534824 0.0336835 0.0209808 0.0136292
 1.0868e-16 5.87703e-05 0.000571268 0.00379628 0.0172573 0.053694 0.114401 0.166972 0.166975 0.114418 0.0537514 0.017428 0.0042422 0.00160291 0.00218825 0.0039676 0.00673912 0.0106136 0.0156677 0.0218148 0.0286299 0.0352042 0.0402291 0.0424093 0.0410317 0.0363367
 1.03861e-16 6.23307e-05 0.000605876 0.00402626 0.0183028 0.0569469 0.121332 0.177092 0.177112 0.121428 0.0572685 0.0192312 0.0063555 0.00568681 0.00970134 0.0159137 0.0228631 0.0286493 0.0314001 0.0302977 0.0260964 0.020646 0.0157983 0.0125275 0.0107749 0.00988134
 1.06711e-16 3.12088e-06 3.03361e-05 0.000201598 0.000916485 0.00285196 0.00607936 0.00888984 0.00897013 0.0064717 0.00416925 0.00472097 0.00975021 0.0208711 0.0395715 0.0653826 0.0941076 0.118172 0.129834 0.125496 0.107839 0.0839853 0.0612552 0.0438095 0.0321095 0.0245121
 1.08412e-16 6.3625e-05 0.000618457 0.00410987 0.0186829 0.0581293 0.123851 0.180764 0.180766 0.12386 0.0581621 0.0187812 0.0043707 0.00123374 0.00136668 0.00250983 0.00442821 0.00727799 0.0112133 0.0162335 0.0220185 0.0278159 0.0325246 0.035033 0.0346713 0.0315143
 1.08683e-16 2.8518e-05 0.000277205 0.00184213 0.00837408 0.0260552 0.0555153 0.0810378 0.0810928 0.0557839 0.0269566 0.0109765 0.00837015 0.0145138 0.0270263 0.0445336 0.0639245 0.0799449 0.0873018 0.0836549 0.0711003 0.0548623 0.0402418 0.0301396 0.0245808 0.0218653
 1.18362e-16 1.42878e-05 0.000138882 0.000922923 0.0041955 0.013054 0.0278144 0.0406047 0.0406465 0.0280189 0.0137418 0.00618772 0.00594516 0.0111735 0.0211789 0.0355322 0.0524447 0.068576 0.0804342 0.0862781 0.0868972 0.0845586 0.0810964 0.0768197 0.0709404 0.0627855
 1.08541e-16 6.74738e-05 0.000655869 0.00435848 0.019813 0.0616457 0.131343 0.1917 0.191705 0.131369 0.0617339 0.0200692 0.00500692 0.00209005 0.00284682 0.00474765 0.00718673 0.0097994 0.0122727 0.0145032 0.0166307 0.0188399 0.021085 0.0229819 0.0239651 0.0235828
 1.03358e-16 5.5072e-05 0.00053532 0.00355739 0.0161714 0.0503154 0.107203 0.156472 0.156501 0.107344 0.0507876 0.0175347 0.00697714 0.00799326 0.0141976 0.0233291 0.0334746 0.0418371 0.0456177 0.0435548 0.0367072 0.0277873 0.0195876 0.0136997 0.0102573 0.00850243
 1.07642e-16 5.04632e-06 4.90521e-05 0.000325972 0.00148187 0.00461102 0.00982696 0.014358 0.0144308 0.0101828 0.00580621 0.00493503 0.00899789 0.018993 0.0360211 0.0596397 0.0861354 0.10877 0.120632 0.118465 0.104531 0.0849262 0.0658204 0.0505763 0.0394348 0.0310443
 1.3464e-16 9.29869e-06 9.03865e-05 0.000600651 0.00273048 0.00849559 0.0181012 0.0264214 0.0264324 0.0181553 0.00868026 0.00327674 0.00202048 0.00335122 0.00667628 0.0122634 0.0205689 0.0319538 0.0466392 0.0645449 0.0848129 0.10526 0.122372 0.13226 0.132234 0.122049
 1.10009e-16 7.23654e-05 0.000703417 0.00467446 0.0212494 0.0661148 0.140865 0.205597 0.205599 0.140877 0.0661554 0.0213673 0.00497286 0.00136302 0.0013506 0.00218994 0.00332935 0.00460395 0.00594148 0.00741483 0.00923824 0.0116209 0.014556 0.0176963 0.0204158 0.0220326
pSPR Fmed_Fpbrs
0.468102   0.285572 0.285572
Fs Fmed_Fpbrs
0.538581   1.005 1.005
SSBpbr Bo_Bmed_Bpbrs
1.66068e+06  694332  391210 391210
Ro
67918.9
SPR SPRFo_SPRFmed_SPRFpbrs
485480 227254 138640
Fref
1.005
Nvult_r0
 179376 3265.6 1458.69 8872.61 2163.93
CTP_r0
 29751.5 929.162 415.042 2524.53 615.703
YTP_r0
391402
Np
 173378 77441.4 1072.16 478.915 3633.06
Nvult_p0
 134789 67013.1 927.78 414.424 3143.83
CTP_p0
 45079.2 33590.1 465.047 207.729 1575.84
YTP_p0
 951047
CBA_c0
559295
log_Ro
10.9461
likeval ReclasPelacesDesembMPH_pf_preclas_ppelaces_ptallas_desvR_qrecl_qpela
 51.1083 45.4869 1.24106 0.00214057 352.248 157.247 132.027 0 139.403 0 0 4.99247 0 0 0
q_reclas_q_pelaces
1 1
M
1
N
 402583 29913.6 11004.6 4048.37 2356.06
 2411.97 120768 7317.37 2691.91 1566.63
 61808.7 687.35 26659.8 1615.33 940.085
 4593.67 17148.6 143.823 5578.39 534.704
 37828.7 142.013 44.5511 0.373646 15.8815
 294839 1172.11 0.370611 0.116265 0.0424211
 2155.28 76994.3 217.276 0.0687006 0.0294158
 1161.64 398.917 7169.84 20.2331 0.00913677
 79681.2 280.549 63.2487 1136.79 3.20943
 4071.83 19047.2 43.5767 9.82419 177.071
 92651.8 893.252 2491.69 5.70056 24.4491
 150603 29847 251.978 702.884 8.50494
 87488.1 37707.4 5086.05 42.938 121.223
 78837.3 22634.1 6860.4 925.343 29.8671
 77661.4 15256.4 2304.09 698.369 97.2377
 449354 18447 2339.84 353.372 122.02
 102272 119817 3565.14 452.207 91.8764
 250392 32359.4 32606.3 970.199 148.064
 968519 67995.2 6486.47 6535.96 224.157
 30873.7 282012 15670.8 1494.93 1558
 363806 9441.32 71688.5 3983.57 776.067
 675140 110100 2350.5 17847.5 1184.95
 16128.1 197096 25506.3 544.528 4409.15
 431470 5225.3 56237.5 7277.73 1413.44
 155775 140918 1515.08 16306.1 2520.02
 37187.3 51289.7 41526.7 446.476 5547.83
 317313 11995.6 14507.1 11745.6 1695.46
 411725 99635.1 3214.88 3887.96 3602.28
 21050.4 137840 30356.1 979.485 2282.07
 13780 7193.44 43754.8 9635.96 1035.32
 256817 4337.75 1937.6 11785.7 2874.38
pred_Ctot
 47755.6 6548.52 2409.06 886.245 515.774
 350.809 31814.1 1927.63 709.135 412.7
 9827.33 196.06 7604.48 460.759 268.151
 3171.16 14230.9 119.353 4629.26 443.727
 26105.7 117.831 36.965 0.310021 13.1772
 55600.6 388.301 0.122777 0.0385166 0.0140534
 715.201 40410.4 114.037 0.0360575 0.0154389
 260.971 153.406 2757.21 7.78077 0.0035136
 18265.6 109.72 24.736 444.588 1.25518
 1083.24 8415.95 19.2542 4.34079 78.2385
 7360.91 134.549 375.319 0.858665 3.68272
 31370.4 10768.4 90.9107 253.592 3.06848
 16886.7 12745.3 1719.11 14.5133 40.974
 24868.4 11432 3465.03 467.37 15.0852
 18020.6 6027.43 910.288 275.908 38.4162
 80236.9 5827.95 739.226 111.641 38.5499
 9157.47 20200.5 601.066 76.2401 15.4899
 42478.4 9774.65 9849.22 293.063 44.725
 130099 16672.3 1590.47 1602.61 54.963
 3343.06 56759.7 3154.01 300.88 313.574
 41441.5 1991.23 15119.6 840.161 163.677
 89779 26750.3 571.086 4336.29 287.901
 1229.08 28540.5 3693.45 78.8506 638.469
 30903.6 713.374 7677.72 993.579 192.967
 10432.3 18045.6 194.018 2088.13 322.708
 2926.29 7656.08 6198.74 66.646 828.131
 29761.4 2112.24 2554.47 2068.23 298.545
 23592.2 10988.7 354.568 428.802 397.295
 951.729 12093.5 2663.3 85.9355 200.218
 1273.21 1249 7597.17 1673.1 179.763
 29751.5 929.162 415.042 2524.53 615.703
F
 0.204032 0.408064 0.408064 0.408064 0.408064
 0.255355 0.51071 0.51071 0.51071 0.51071
 0.282129 0.564258 0.564258 0.564258 0.564258
 2.47652 4.95303 4.95303 4.95303 4.95303
 2.47426 4.94852 4.94852 4.94852 4.94852
 0.342697 0.685395 0.685395 0.685395 0.685395
 0.686924 1.37385 1.37385 1.37385 1.37385
 0.420839 0.841678 0.841678 0.841678 0.841678
 0.431114 0.862228 0.862228 0.862228 0.862228
 0.516978 1.03396 1.03396 1.03396 1.03396
 0.132763 0.265526 0.265526 0.265526 0.265526
 0.384792 0.769585 0.769585 0.769585 0.769585
 0.352046 0.704091 0.704091 0.704091 0.704091
 0.642386 1.28477 1.28477 1.28477 1.28477
 0.437459 0.874917 0.874917 0.874917 0.874917
 0.321849 0.643697 0.643697 0.643697 0.643697
 0.150728 0.301457 0.301457 0.301457 0.301457
 0.303593 0.607186 0.607186 0.607186 0.607186
 0.23382 0.46764 0.46764 0.46764 0.46764
 0.184809 0.369617 0.369617 0.369617 0.369617
 0.195235 0.39047 0.39047 0.39047 0.39047
 0.231231 0.462462 0.462462 0.462462 0.462462
 0.127053 0.254106 0.254106 0.254106 0.254106
 0.119021 0.238042 0.238042 0.238042 0.238042
 0.11092 0.22184 0.22184 0.22184 0.22184
 0.131428 0.262855 0.262855 0.262855 0.262855
 0.158375 0.316751 0.316751 0.316751 0.316751
 0.0942587 0.188517 0.188517 0.188517 0.188517
 0.0737478 0.147496 0.147496 0.147496 0.147496
 0.155859 0.311718 0.311718 0.311718 0.311718
 0.198842 0.397684 0.397684 0.397684 0.397684
nmprior
 8.19 8.8 8.5 0
nm_flota  nm_reclas  nm_pelaces    nm_pelaL
inf 5.99787 3.15556 4.4545
cv_recla  cv_pelaces  cv_mph
0.646652 0.764743 1.42781
 ------------------------------------------------
Talla a la edad & desviaci?n 
 8 13.2811 15.8009 17.003 17.5766
 0.8 1.32811 1.58009 1.7003 1.75766
