years
 1991 1992 1993 1994 1995 1996 1997 1998 1999 2000 2001 2002 2003 2004 2005 2006 2007 2008 2009 2010 2011 2012 2013 2014 2015 2016 2017 2018 2019 2020 2021
reclasobs
 0 0 0 0 0 0 0 0 0 252601 567819 844713 477998 351125 339783 2.1784e+06 2.13404e+06 4.81314e+06 1.55562e+06 2.62356e+06 3.21686e+06 3.843e+06 1.13348e+06 3.07943e+06 1.97215e+06 2.03268e+06 2.025e+06 2.42433e+06 2.27542e+06 1.05018e+06 2.36338e+06
reclaspred
 2.18653e+06 1.18871e+06 571860 321877 181395 910029 400211 249728 187544 194826 361722 529409 512822 359120 328853 1.26055e+06 1.04866e+06 2.92415e+06 2.34484e+06 1.54657e+06 2.82784e+06 2.36084e+06 1.65699e+06 2.72482e+06 1.94896e+06 1.5679e+06 2.05306e+06 2.45968e+06 1.91342e+06 998639 1.4161e+06
pelacesobs
 0 0 0 0 0 0 0 0 0 0 0 0 0 0 0 552880 188675 0 991730 2.46772e+06 1.41603e+06 1.21717e+06 2.29649e+06 1.80582e+06 0 1.4828e+06 1.56532e+06 1.57751e+06 1.42118e+06 867257 1.10002e+06
pelacespred
 967995 561945 260965 107824 67483.1 395809 129322 119469 70898.2 76161.9 162167 202096 217641 153982 144772 489926 410390 1.3623e+06 1.09676e+06 674204 1.21632e+06 1.05925e+06 749273 1.37767e+06 939813 754548 1.13466e+06 1.32858e+06 857207 516630 701112
mphobs
 0 0 0 0 0 0 0 0 0 0 0 498337 0 5186 125008 0 168611 109162 213762 579715 649985 157893 87575 83554 0 0 0 0 0 0 0
mphpred
 1.94283e+06 1.19086e+06 573138 279372 129161 95772.6 459670 166278 112142 68685 80378.6 243738 279555 219505 123467 148854 819710 637948 1.67547e+06 1.18395e+06 1.10321e+06 1.45475e+06 1.4161e+06 1.01705e+06 1.53596e+06 1.19127e+06 883330 1.06736e+06 1.70495e+06 1.05289e+06 523127
desembarqueobs
 494567 514787 250237 358949 120608 361735 552515 73892 212993 205616 52469 317467 293654 387597 252695 516296 358380 742168 942051 627588 828172 859565 418607 520667 417249 300574 415391 372974 316634 284311 391294
desembarquepred
 494538 514814 249723 358949 120593 361617 552109 73886.5 212914 205549 52468.2 317408 293583 387361 252588 516110 358353 741916 941451 627166 828050 859285 418536 520617 417172 300517 415315 372898 316576 284252 391233
Reclutas
 123545 105645 76420.8 51122.1 34993.7 251764 46287.8 14770.8 28746 60250.3 91547.8 131672 103125 70361.2 62523.3 450771 51611.5 735101 356294 239127 430811 567810 70926.7 336760 246705 94483.4 285085 346536 62256.6 38500.1 217433
log_desv_Rt
 0.0277447 -0.128781 -0.45261 -0.854648 -1.2337 0.739629 -0.953986 -2.09621 -1.43036 -0.690357 -0.272004 0.0914475 -0.152925 -0.535223 -0.653326 1.3221 -0.845119 1.81114 1.08689 0.688132 1.2768 1.55292 -0.527217 1.03051 0.719329 -0.24044 0.863924 1.05912 -0.6576 -1.1382 0.593027
SSB
 1.94283e+06 1.19086e+06 573138 279372 129161 95772.6 459670 166278 112142 68685 80378.6 243738 279555 219505 123467 148854 819710 637948 1.67547e+06 1.18395e+06 1.10321e+06 1.45475e+06 1.4161e+06 1.01705e+06 1.53596e+06 1.19127e+06 883330 1.06736e+06 1.70495e+06 1.05289e+06 523127
BT
 2.66132e+06 1.80468e+06 843856 549145 257274 1.23057e+06 778750 342727 368473 369747 417738 727742 766093 755200 587528 1.5436e+06 1.22778e+06 3.80446e+06 3.4268e+06 2.1369e+06 3.47946e+06 3.24517e+06 2.09253e+06 3.66486e+06 2.5613e+06 2.01101e+06 3.04636e+06 3.43989e+06 2.24027e+06 1.48158e+06 1.99774e+06
Ftot
 0.230066 0.4387 0.44392 1.10826 0.720492 0.564099 1.28346 0.323271 1.29476 1.29211 0.200808 0.711749 0.66254 1.22001 0.968933 0.582177 0.35335 0.343637 0.448957 0.449335 0.35205 0.428527 0.259484 0.241467 0.236965 0.206124 0.254946 0.195061 0.166405 0.285248 0.356274
BD_Bspro_t
 0.964104 0.756661 0.544536 0.401495 0.231807 0.234105 0.477133 0.215971 0.205116 0.166153 0.230538 0.547286 0.450248 0.352401 0.230726 0.271283 0.551999 0.479702 0.64442 0.531577 0.472521 0.539137 0.562653 0.522156 0.650439 0.647577 0.634623 0.698362 0.769383 0.678797 0.558474
BD_Bspro
 2.26191 1.38645 0.66727 0.325256 0.150374 0.111502 0.535166 0.193588 0.13056 0.0799658 0.09358 0.283769 0.325469 0.255556 0.143746 0.173301 0.954339 0.742724 1.95065 1.3784 1.2844 1.69368 1.64868 1.18408 1.78823 1.38692 1.02841 1.24266 1.98497 1.22581 0.609045
BD_Bo
 1.17241 0.718634 0.345865 0.168589 0.0779432 0.0577948 0.277391 0.100342 0.0676731 0.0414485 0.0485051 0.147085 0.1687 0.132462 0.0745074 0.0898269 0.49466 0.384975 1.01108 0.714462 0.665738 0.87788 0.854558 0.613744 0.926887 0.71888 0.533052 0.644107 1.02887 0.635372 0.315685
BD_Brms
 5.65943 3.46896 1.66955 0.813808 0.376244 0.278985 1.33901 0.484366 0.326669 0.200079 0.234142 0.710005 0.814341 0.639415 0.359659 0.433609 2.3878 1.85834 4.88064 3.44882 3.21363 4.23767 4.12509 2.96264 4.47423 3.47015 2.57313 3.10921 4.96651 3.06704 1.52386
Sel_flota
 0.616083 0.968244 0.998277 0.999909 0.999995
 0.616083 0.968244 0.998277 0.999909 0.999995
 0.616083 0.968244 0.998277 0.999909 0.999995
 0.616083 0.968244 0.998277 0.999909 0.999995
 0.616083 0.968244 0.998277 0.999909 0.999995
 0.616083 0.968244 0.998277 0.999909 0.999995
 0.616083 0.968244 0.998277 0.999909 0.999995
 0.616083 0.968244 0.998277 0.999909 0.999995
 0.616083 0.968244 0.998277 0.999909 0.999995
 0.616083 0.968244 0.998277 0.999909 0.999995
 0.616083 0.968244 0.998277 0.999909 0.999995
 0.616083 0.968244 0.998277 0.999909 0.999995
 0.616083 0.968244 0.998277 0.999909 0.999995
 0.616083 0.968244 0.998277 0.999909 0.999995
 0.616083 0.968244 0.998277 0.999909 0.999995
 0.616083 0.968244 0.998277 0.999909 0.999995
 0.616083 0.968244 0.998277 0.999909 0.999995
 0.616083 0.968244 0.998277 0.999909 0.999995
 0.616083 0.968244 0.998277 0.999909 0.999995
 0.616083 0.968244 0.998277 0.999909 0.999995
 0.616083 0.968244 0.998277 0.999909 0.999995
 0.616083 0.968244 0.998277 0.999909 0.999995
 0.616083 0.968244 0.998277 0.999909 0.999995
 0.616083 0.968244 0.998277 0.999909 0.999995
 0.616083 0.968244 0.998277 0.999909 0.999995
 0.616083 0.968244 0.998277 0.999909 0.999995
 0.616083 0.968244 0.998277 0.999909 0.999995
 0.616083 0.968244 0.998277 0.999909 0.999995
 0.616083 0.968244 0.998277 0.999909 0.999995
 0.616083 0.968244 0.998277 0.999909 0.999995
 0.616083 0.968244 0.998277 0.999909 0.999995
Sel_reclas
 1 1 1 1 1
 1 1 1 1 1
 1 1 1 1 1
 1 1 1 1 1
 1 1 1 1 1
 1 1 1 1 1
 1 1 1 1 1
 1 1 1 1 1
 1 1 1 1 1
 1 1 1 1 1
 1 1 1 1 1
 1 1 1 1 1
 1 1 1 1 1
 1 1 1 1 1
 1 1 1 1 1
 1 1 1 1 1
 1 1 1 1 1
 1 1 1 1 1
 1 1 1 1 1
 1 1 1 1 1
 1 1 1 1 1
 1 1 1 1 1
 1 1 1 1 1
 1 1 1 1 1
 1 1 1 1 1
 1 1 1 1 1
 1 1 1 1 1
 1 1 1 1 1
 1 1 1 1 1
 1 1 1 1 1
 1 1 1 1 1
Sel_pelaces
 1 1 1 1 1
 1 1 1 1 1
 1 1 1 1 1
 1 1 1 1 1
 1 1 1 1 1
 1 1 1 1 1
 1 1 1 1 1
 1 1 1 1 1
 1 1 1 1 1
 1 1 1 1 1
 1 1 1 1 1
 1 1 1 1 1
 1 1 1 1 1
 1 1 1 1 1
 1 1 1 1 1
 1 1 1 1 1
 1 1 1 1 1
 1 1 1 1 1
 1 1 1 1 1
 1 1 1 1 1
 1 1 1 1 1
 1 1 1 1 1
 1 1 1 1 1
 1 1 1 1 1
 1 1 1 1 1
 1 1 1 1 1
 1 1 1 1 1
 1 1 1 1 1
 1 1 1 1 1
 1 1 1 1 1
 1 1 1 1 1
pf_obs 
 0.8446 0.082 0.0669 0.0065 0
 0.8095 0.147 0.0364 0.0071 0
 0.9664 0.0169 0.016 0.0007 0
 0.9276 0.0648 0.0075 0.0001 0
 0.7033 0.2144 0.0806 0.0017 0
 0.9318 0.0425 0.0243 0.0014 0
 0.5671 0.3108 0.0964 0.0239 0.0018
 0.0768 0.2599 0.5324 0.112 0.0189
 0.490249 0.384438 0.106611 0.0170017 0.00170017
 0.7925 0.1577 0.0466 0.003 0.0002
 0.840416 0.127587 0.0312969 0.00059994 9.999e-05
 0.8084 0.0986 0.0794 0.0134 0.0002
 0.7335 0.1905 0.0724 0.0035 0.0001
 0.4001 0.4547 0.1325 0.0127 0
 0.49795 0.308269 0.164784 0.0264974 0.00249975
 0.9179 0.0499 0.0305 0.0017 0
 0.2467 0.6533 0.0926 0.0074 0
 0.9418 0.0223 0.034 0.0019 0
 0.707729 0.231977 0.0356964 0.0245975 0
 0.517169 0.277429 0.184464 0.0207286 0.00020938
 0.811772 0.124168 0.05621 0.00726502 0.000585176
 0.764997 0.148141 0.077277 0.00933861 0.000247198
 0.163321 0.427699 0.378323 0.0303852 0.000271297
 0.753843 0.0900009 0.118128 0.0371064 0.000921714
 0.721811 0.176058 0.0630433 0.0369309 0.00215725
 0.143369 0.312575 0.442814 0.0836902 0.0175525
 0.692698 0.0596174 0.167031 0.0765114 0.00414204
 0.394062 0.376323 0.152708 0.0712218 0.00568511
 0.125707 0.32114 0.495352 0.0537591 0.00404204
 0.23352 0.215282 0.420074 0.123614 0.00750983
 0.774587 0.0839891 0.0768558 0.0609784 0.00358967
pf_pred 
 0.376829 0.21095 0.372481 0.0397392 9.41177e-07
 0.474356 0.262026 0.0912258 0.1558 0.0165927
 0.514295 0.295119 0.0968436 0.0324823 0.0612593
 0.529807 0.303612 0.102749 0.0324688 0.0313629
 0.641441 0.248922 0.072101 0.0231782 0.0143583
 0.941237 0.0449663 0.00970501 0.00269273 0.00139855
 0.336654 0.640638 0.0175418 0.00363694 0.00152983
 0.394456 0.309764 0.286186 0.00741614 0.00217776
 0.715091 0.148954 0.0707542 0.0630894 0.00211089
 0.888005 0.0944228 0.00943786 0.00423957 0.00389501
 0.84968 0.141725 0.0073103 0.000691428 0.000594128
 0.735836 0.23794 0.0247705 0.00123629 0.000217014
 0.656696 0.286315 0.0515471 0.00514096 0.000300923
 0.614664 0.298474 0.0729443 0.0125907 0.0013262
 0.738659 0.200458 0.0477291 0.0110512 0.00210229
 0.953927 0.0389364 0.00553555 0.00125589 0.000345201
 0.224679 0.754476 0.0177261 0.00242108 0.000698746
 0.912285 0.0283914 0.0577833 0.00131012 0.000230138
 0.510419 0.463199 0.00874566 0.0171792 0.000457046
 0.509534 0.312936 0.168309 0.00306087 0.00616003
 0.734124 0.170061 0.0619605 0.0320997 0.00175494
 0.711768 0.236926 0.0332435 0.0116882 0.00637409
 0.190521 0.652799 0.129644 0.01753 0.00950533
 0.733967 0.0736047 0.156196 0.0299903 0.00624247
 0.554859 0.364882 0.022752 0.0466948 0.0108122
 0.345348 0.437476 0.179118 0.0108028 0.0272553
 0.738565 0.120223 0.095396 0.0377988 0.00801666
 0.675426 0.267014 0.0269599 0.0206846 0.00991604
 0.216305 0.602718 0.149757 0.0146369 0.016584
 0.273862 0.221982 0.390605 0.0939904 0.0195602
 0.825205 0.0674297 0.0336187 0.0571608 0.016586
pobs_RECLAS
 0 0 0 0 0
 0 0 0 0 0
 0 0 0 0 0
 0 0 0 0 0
 0 0 0 0 0
 0 0 0 0 0
 0 0 0 0 0
 0 0 0 0 0
 0 0 0 0 0
 0 0 0 0 0
 0.991045 0.00858322 0.000360255 1.14367e-05 0
 0.934742 0.0480273 0.0164251 0.00080598 0
 0.827803 0.169806 0.00239088 0 0
 0.941827 0.0461693 0.0120037 0 0
 0.791401 0.0380133 0.147996 0.0225897 0
 0.846168 0.0940531 0.0597789 0 0
 0.134021 0.677848 0.182769 0.00536245 0
 0.80878 0.0450904 0.141981 0.00414843 0
 0.846168 0.0940531 0.0597789 0 0
 0.905697 0.0802665 0.012482 0.00150086 5.37128e-05
 0.989698 0.0102097 9.19794e-05 0 0
 0.975433 0.0193895 0.00387452 0.00125025 5.28907e-05
 0.303575 0.632131 0.0575291 0.00676475 0
 0.966965 0.00978017 0.0227588 0.000495775 0
 0.843318 0.132988 0.00938335 0.0141283 0.000182051
 0.564624 0.303363 0.111486 0.0197234 0.00080311
 0.826376 0.0876187 0.0782897 0.00655872 0.00115652
 0.89761 0.0855135 0.0140674 0.00269457 0.000114338
 0.34875 0.467042 0.161289 0.0227151 0.000203297
 0.318654 0.224769 0.449479 0.00709798 0
 0.937255 0.0296025 0.0250945 0.00804832 0
ppred_RECLAS
 0.494383 0.174729 0.299037 0.0318503 7.54271e-07
 0.594546 0.205478 0.0692806 0.118118 0.0125784
 0.631626 0.226713 0.0720465 0.0241236 0.0454913
 0.655219 0.225512 0.0736227 0.0232199 0.0224267
 0.745726 0.178353 0.0499592 0.0160315 0.00993013
 0.962911 0.0286005 0.00597447 0.00165476 0.000859373
 0.461661 0.520569 0.0137328 0.00284152 0.00119512
 0.512604 0.253178 0.226634 0.00586302 0.00172153
 0.811924 0.100124 0.0458162 0.040771 0.001364
 0.93089 0.0586118 0.00564379 0.00253016 0.00232428
 0.899587 0.0948387 0.00474192 0.000447757 0.000384714
 0.819242 0.163349 0.016446 0.000819347 0.000143812
 0.756709 0.204015 0.0355318 0.00353742 0.000207041
 0.729781 0.211039 0.0497136 0.00856401 0.000901966
 0.824488 0.135725 0.0312043 0.00721152 0.00137172
 0.971017 0.0246178 0.00338713 0.000767118 0.000210834
 0.315888 0.666282 0.0151655 0.00206784 0.000596744
 0.944159 0.0184642 0.0364077 0.000824073 0.000144746
 0.625482 0.354962 0.00649024 0.0127269 0.000338565
 0.626945 0.240785 0.125411 0.00227681 0.00458168
 0.816399 0.118797 0.0419323 0.0216869 0.00118555
 0.798699 0.166421 0.0226148 0.0079376 0.00432834
 0.272988 0.58985 0.113528 0.0153251 0.00830904
 0.817268 0.0517209 0.106377 0.0203906 0.00424394
 0.665137 0.276077 0.0166848 0.0341856 0.00791501
 0.457542 0.366264 0.145361 0.00875229 0.02208
 0.820023 0.0841909 0.0647445 0.0256108 0.00543125
 0.767991 0.191937 0.0187858 0.0143892 0.00689745
 0.305197 0.538185 0.129638 0.0126495 0.014331
 0.379654 0.193857 0.330558 0.0794076 0.0165239
 0.884653 0.0453992 0.0219283 0.0372207 0.0107992
pobs_PELACES
 0 0 0 0 0
 0 0 0 0 0
 0 0 0 0 0
 0 0 0 0 0
 0 0 0 0 0
 0 0 0 0 0
 0 0 0 0 0
 0 0 0 0 0
 0 0 0 0 0
 0 0 0 0 0
 0 0 0 0 0
 0 0 0 0 0
 0 0 0 0 0
 0 0 0 0 0
 0 0 0 0 0
 0 0 0 0 0
 0.505614 0.472636 0.0217494 0 0
 0 0 0 0 0
 0.443492 0.261883 0.143347 0.151278 0
 0.227955 0.32914 0.350689 0.0885471 0.00366901
 0.970185 0.0296113 0.000203453 0 0
 0.997202 0.00247181 0.000326279 0 0
 0.445219 0.490057 0.0546422 0.010081 0
 0.90214 0.0892962 0.00764917 0.000914606 0
 0 0 0 0 0
 0.581667 0.319106 0.0959925 0.00289975 0.000334073
 0.762889 0.0836404 0.116647 0.0363945 0.000428098
 0.88444 0.0763242 0.0277011 0.0115352 0
 0.521256 0.241999 0.230069 0.00667565 0
 0.616807 0.101726 0.260614 0.0208532 0
 0.833518 0.0704572 0.0857862 0.0102388 0
ppred_PELACES
 0.501442 0.172548 0.294632 0.0313773 7.43063e-07
 0.607303 0.199454 0.066958 0.114131 0.0121537
 0.643944 0.219513 0.0694521 0.0232493 0.0438421
 0.684541 0.207132 0.0668836 0.0210819 0.0203611
 0.761668 0.167534 0.0465947 0.0149461 0.00925761
 0.965226 0.0268501 0.00557756 0.00154436 0.000802024
 0.49898 0.484687 0.0126246 0.00261041 0.00109788
 0.522369 0.248488 0.221724 0.00573501 0.00168393
 0.83468 0.0885516 0.0400039 0.035574 0.00119009
 0.940059 0.0509364 0.00484231 0.00216934 0.00199275
 0.901685 0.0928673 0.00463412 0.00043753 0.000375925
 0.831264 0.152588 0.0152547 0.000759701 0.00013334
 0.77079 0.192411 0.0332916 0.0033132 0.000193914
 0.757304 0.190049 0.044231 0.00761453 0.000801938
 0.840486 0.123624 0.0281506 0.00650239 0.0012368
 0.972885 0.0230516 0.00315339 0.000713956 0.00019622
 0.324848 0.657616 0.0149159 0.00203342 0.000586805
 0.946344 0.0177824 0.0349441 0.000790799 0.0001389
 0.637677 0.343486 0.00625252 0.0122578 0.000326081
 0.63944 0.233089 0.120863 0.00219371 0.0044144
 0.822635 0.114906 0.0404175 0.0208996 0.00114249
 0.806703 0.159923 0.0216397 0.00759359 0.0041407
 0.279112 0.585167 0.112338 0.0151623 0.0082207
 0.821675 0.0505609 0.103742 0.0198831 0.00413827
 0.671337 0.271082 0.0163445 0.0334841 0.00775252
 0.46366 0.362376 0.143525 0.00864075 0.0217985
 0.824552 0.0821845 0.0630421 0.024934 0.00528767
 0.772066 0.188631 0.0184265 0.0141125 0.00676479
 0.309393 0.535135 0.128691 0.012556 0.014225
 0.387959 0.191638 0.325852 0.0782651 0.0162861
 0.88903 0.0437734 0.0210685 0.0357544 0.0103736
pobs_pel_tallas
 0 0 0 0 0 0 0 0 0 0 0 0 0 0 0 0 0 0 0 0 0 0 0 0 0 0
 0 0 0 0 0 0 0 0 0 0 0 0 0 0 0 0 0 0 0 0 0 0 0 0 0 0
 0 0 0 0 0 0 0 0 0 0 0 0 0 0 0 0 0 0 0 0 0 0 0 0 0 0
 0 0 0 0 0 0 0 0 0 0 0 0 0 0 0 0 0 0 0 0 0 0 0 0 0 0
 0 0 0 0 0 0 0 0 0 0 0 0 0 0 0 0 0 0 0 0 0 0 0 0 0 0
 0 0 0 0 0 0 0 0 0 0 0 0 0 0 0 0 0 0 0 0 0 0 0 0 0 0
 0 0 0 0 0 0 0 0 0 0 0 0 0 0 0 0 0 0 0 0 0 0 0 0 0 0
 0 0 0 0 0 0 0 0 0 0 0 0 0 0 0 0 0 0 0 0 0 0 0 0 0 0
 0 0 0 0 0 0 0 0 0 0 0 0 0 0 0 0 0 0 0 0 0 0 0 0 0 0
 0 0 0 0 0 0 0 0 0 0 0 0 0 0 0 0 0 0 0 0 0 0 0 0 0 0
 0 0 0 0 0 0 0 0 0 0 0 0 0 0 0 0 0 0 0 0 0 0 0 0 0 0
 0 0 0 0 0 0 0 0 0 0 0 0 0 0 0 0 0 0 0 0 0 0 0 0 0 0
 0.00862536 0 0 0.000197151 0.00414017 0.0128641 0.00837892 0.0270097 0.101434 0.158115 0.152841 0.127902 0.109271 0.109419 0.0830992 0.0579132 0.0238553 0.00714673 0.00463305 0.00128148 0.00103504 0.000492878 0.000147863 0.000147863 4.92878e-05 0
 0 0 0 0 0 0 0 0 0 0 0 0 0 0 0 0 0 0 0 0 0 0 0 0 0 0
 0 0 0 0 0 0 0 0.0054083 0.00873648 0.0413646 0.0450493 0.0745869 0.0622846 0.0627006 0.0613931 0.0827291 0.12552 0.122667 0.0946155 0.0697135 0.0546179 0.0294188 0.0215738 0.0213955 0.0102223 0.00600262
 0 0 0 0 0.00359764 0.0251062 0.0480494 0.140153 0.205849 0.193036 0.1447 0.116669 0.0760912 0.0342217 0.00950174 0.001854 0.000860785 0 0 0 0.000165536 0 0.000143464 0 0 0
 0 0 0 0 0 0 0 0.000145254 0.000435761 0.0275982 0.070085 0.0708112 0.156366 0.174668 0.174014 0.160142 0.0824315 0.0480064 0.0283245 0.00493863 0.00203355 0 0 0 0 0
 0 0 0 0 0 0 0 0 0 0 0 0 0 0 0 0 0 0 0 0 0 0 0 0 0 0
 0 0 1.00437e-05 0.000401748 0.00122533 0.00171747 0.00176769 0.0269171 0.070346 0.194647 0.189555 0.159765 0.064822 0.0314167 0.0384472 0.0292271 0.0345202 0.0313363 0.0194345 0.0106764 0.0143323 0.0359363 0.0279516 0.0138201 0.00172751 0
 0 0.0021121 0.0136068 0.0755702 0.200478 0.177729 0.0527432 0.0373336 0.0318909 0.0142505 0.0149659 0.0166563 0.0217959 0.0798694 0.0677717 0.0528807 0.04013 0.0224614 0.0357745 0.0225083 0.00881397 0.00855152 0.00135912 0.000746735 0 0
 0 0 0 0 5.4009e-05 0.00500934 0.000945158 0.0243581 0.138947 0.33067 0.221406 0.137944 0.0707744 0.0437923 0.0131692 0.00525238 0.0047753 0.00276346 9.45158e-05 9.00151e-06 2.25038e-05 9.00151e-06 4.50075e-06 0 0 0
 0.000866109 0.00284123 0.00948549 0.0512746 0.133035 0.25785 0.225252 0.132002 0.0553304 0.0519788 0.0540692 0.017754 0.00435017 0.00159236 0.00146478 0.000404838 0.000125132 0.000115318 0.000107957 0.000100596 0 0 0 0 0 0
 0 0 0 0 0.00144013 0.00171154 0.00461396 0.0210425 0.0478622 0.0707936 0.0888783 0.103762 0.0637923 0.0337046 0.0602308 0.124433 0.169614 0.0934646 0.0462172 0.0250306 0.0313229 0.00938855 0.002487 0.000210481 0 0
 0 0.00764035 0.051015 0.0998891 0.058973 0.0496711 0.0374665 0.0718981 0.12319 0.153886 0.159021 0.0857701 0.0377988 0.023471 0.0147837 0.00900784 0.00315554 0.000888139 0.00291439 0.00214683 0.00393193 0.00274676 0.000635225 9.99891e-05 0 0
 0 0 0 0 0 0 0 0 0 0 0 0 0 0 0 0 0 0 0 0 0 0 0 0 0 0
 0 0 0 0 0 0 0 0 0 0 0 0 0 0 0 0 0 0 0 0 0 0 0 0 0 0
 0 0 0 0 0 0 0 0 0 0 0 0 0 0 0 0 0 0 0 0 0 0 0 0 0 0
 0 0 0 0 0 0 0 0 0 0 0 0 0 0 0 0 0 0 0 0 0 0 0 0 0 0
 0 0 0 0 0 0 0 0 0 0 0 0 0 0 0 0 0 0 0 0 0 0 0 0 0 0
 0 0 0 0 0 0 0 0 0 0 0 0 0 0 0 0 0 0 0 0 0 0 0 0 0 0
 0 0 0 0 0 0 0 0 0 0 0 0 0 0 0 0 0 0 0 0 0 0 0 0 0 0
ppred_pel_tallas
 1.11694e-16 4.13031e-05 0.000401481 0.00266798 0.0121283 0.0377357 0.0804005 0.11735 0.117367 0.080484 0.0380174 0.0129475 0.00474478 0.00500287 0.0089784 0.0152942 0.0232291 0.0317107 0.0395844 0.0461818 0.0514587 0.0555153 0.0579912 0.0579978 0.0547056 0.0480632
 1.15486e-16 5.00228e-05 0.000486239 0.00323123 0.0146887 0.0457022 0.097374 0.142124 0.142144 0.0974685 0.0460197 0.0156072 0.00554231 0.00554999 0.00972383 0.0161514 0.0236434 0.0305798 0.0353893 0.0374718 0.0375772 0.0372253 0.0376062 0.0388252 0.0399785 0.0398398
 1.11812e-16 5.30408e-05 0.000515576 0.00342618 0.0155749 0.0484596 0.103249 0.150699 0.150721 0.103353 0.0488082 0.016583 0.0059603 0.00606033 0.0106218 0.017579 0.0255667 0.032693 0.0370833 0.0379292 0.0359744 0.0329617 0.0304891 0.0291679 0.0285892 0.0278818
 1.07544e-16 5.63848e-05 0.00054808 0.00364219 0.0165569 0.0515146 0.109758 0.160199 0.160219 0.109856 0.0518436 0.0175078 0.00603264 0.00577768 0.0100217 0.0165674 0.0240716 0.0307235 0.0347185 0.0352446 0.0329465 0.0294235 0.0261774 0.0238466 0.022184 0.0205619
 1.04454e-16 6.27376e-05 0.000609832 0.00405255 0.0184223 0.0573187 0.122124 0.178247 0.178263 0.122203 0.0575845 0.0191905 0.00598274 0.00483018 0.00809788 0.0133409 0.0193373 0.0245846 0.0275952 0.0276909 0.0253894 0.0220084 0.0188181 0.0164122 0.0146734 0.0131598
 1.00459e-16 7.95044e-05 0.000772811 0.0051356 0.0233457 0.0726371 0.154761 0.225879 0.225882 0.154774 0.0726797 0.0234686 0.00544416 0.00144691 0.00136125 0.0021286 0.00306805 0.00387806 0.00431053 0.00425305 0.00378992 0.00314055 0.00252315 0.00205076 0.00172033 0.00147002
 1.00936e-16 4.11004e-05 0.000399511 0.00265489 0.0120688 0.0375507 0.0800075 0.116783 0.11683 0.0802353 0.0383153 0.0142758 0.00819038 0.0124686 0.0229187 0.0377093 0.0540475 0.0673975 0.0731663 0.0692385 0.0572686 0.0416338 0.0269193 0.015861 0.00891253 0.00510635
 1.07323e-16 4.30269e-05 0.000418237 0.00277933 0.0126344 0.0393106 0.0837562 0.12225 0.122274 0.0838748 0.0397095 0.0137903 0.0056944 0.00682699 0.0123462 0.0206845 0.0305842 0.040098 0.0471958 0.0508209 0.0513252 0.0498726 0.0473817 0.0439693 0.0392608 0.0330993
 1.04947e-16 6.87515e-05 0.000668289 0.00444102 0.0201882 0.0628131 0.13383 0.195331 0.19534 0.133872 0.0629543 0.0205967 0.00546909 0.00292193 0.00437677 0.00720158 0.0105468 0.0136501 0.0157911 0.0166624 0.0165376 0.016031 0.0156418 0.0154529 0.015177 0.0144364
 1.00708e-16 7.74314e-05 0.000752661 0.0050017 0.022737 0.0707433 0.150726 0.21999 0.219995 0.15075 0.0708237 0.0229694 0.00558496 0.00202547 0.00249341 0.00399626 0.00574187 0.00720595 0.00791325 0.00764978 0.0065889 0.00517652 0.00386639 0.00290924 0.00231708 0.00196386
 1.00266e-16 7.42706e-05 0.000721937 0.00479753 0.0218089 0.0678555 0.144574 0.211011 0.21102 0.144617 0.0680021 0.022232 0.00585893 0.00303669 0.00446359 0.00724373 0.0103854 0.0129706 0.0141186 0.0134243 0.0111999 0.00827315 0.00550814 0.00341596 0.00207711 0.00130913
 1.00579e-16 6.84702e-05 0.000665554 0.00442284 0.0201056 0.0625561 0.133283 0.194533 0.194548 0.133355 0.0627972 0.0208017 0.00616952 0.0044766 0.00730049 0.0119453 0.0171637 0.0215035 0.0235314 0.0225816 0.0191477 0.0145506 0.0101595 0.00677081 0.00449949 0.00306325
 1.01376e-16 6.3489e-05 0.000617136 0.00410108 0.0186429 0.0580052 0.123587 0.180383 0.180401 0.123678 0.0583096 0.0195223 0.00630884 0.00543783 0.00922209 0.0151535 0.0218407 0.027499 0.0303476 0.029553 0.0257086 0.0204094 0.0152834 0.0112394 0.0083675 0.00631908
 1.02225e-16 6.23781e-05 0.000606338 0.00402933 0.0183168 0.0569903 0.121425 0.177227 0.177245 0.121514 0.0572914 0.0191868 0.00621446 0.00538076 0.00914234 0.0150478 0.0217458 0.0275007 0.0305796 0.0301703 0.0268411 0.0221118 0.0175041 0.0138238 0.0110932 0.00895066
 1.01706e-16 6.92298e-05 0.000672938 0.00447191 0.0203287 0.0632501 0.134761 0.196691 0.196703 0.13482 0.0634459 0.0208946 0.00589326 0.00377855 0.00597554 0.00979059 0.0141469 0.0178944 0.0199069 0.0196613 0.0175328 0.0145146 0.0115967 0.009296 0.0076125 0.00629201
 1.00202e-16 8.01352e-05 0.000778943 0.00517635 0.0235309 0.0732135 0.155989 0.227671 0.227673 0.156 0.0732499 0.0236362 0.00544059 0.00135575 0.00117549 0.00181622 0.00260787 0.00327776 0.00360781 0.00349895 0.00302517 0.00238211 0.00176949 0.0012988 0.000979525 0.00076454
 1.00902e-16 2.67574e-05 0.000260092 0.00172841 0.00785712 0.0244467 0.0520887 0.0760383 0.0761015 0.0523977 0.025484 0.0108513 0.00923789 0.0166325 0.0310593 0.0511433 0.0732913 0.0913651 0.0991274 0.0937028 0.0773363 0.0559764 0.0358627 0.0207312 0.0112204 0.00603287
 1.01116e-16 7.79491e-05 0.000757693 0.00503514 0.022889 0.0712162 0.151734 0.22146 0.221462 0.151742 0.0712453 0.0229739 0.00525058 0.00123591 0.00100924 0.00160504 0.00244345 0.00336025 0.00423439 0.00499226 0.00561487 0.00608959 0.00635528 0.00630664 0.00586364 0.00504588
 1.01553e-16 5.25247e-05 0.000510559 0.00339284 0.0154234 0.0479881 0.102245 0.149236 0.149269 0.102406 0.0485299 0.0169875 0.0073157 0.0090638 0.0162663 0.0267293 0.0383155 0.0478002 0.0519415 0.0492613 0.0409541 0.0301355 0.0200461 0.0125845 0.00800371 0.00554056
 1.04515e-16 5.26699e-05 0.00051197 0.00340222 0.015466 0.0481206 0.102527 0.149646 0.149668 0.102637 0.048492 0.0165404 0.00610546 0.00643421 0.0113614 0.0188584 0.0275289 0.0353778 0.0403712 0.0415109 0.0393339 0.0353751 0.0310791 0.0270738 0.0232427 0.0192827
 1.03486e-16 6.77594e-05 0.000658645 0.00437693 0.0198969 0.0619067 0.131899 0.192513 0.192524 0.131953 0.0620893 0.0204249 0.0057045 0.00356401 0.00560713 0.00921953 0.0134099 0.0171517 0.0194467 0.0198411 0.0186745 0.0167993 0.0150036 0.0136029 0.0124475 0.0112169
 1.02128e-16 6.64471e-05 0.00064589 0.00429216 0.0195116 0.0607078 0.129345 0.188786 0.188801 0.12942 0.0609607 0.020242 0.00612566 0.0046485 0.00766844 0.0125734 0.0181092 0.0227813 0.0251158 0.0244385 0.0212747 0.0169881 0.0129591 0.00993926 0.00795726 0.00664168
 1.06304e-16 2.29902e-05 0.000223473 0.00148506 0.0067509 0.0210049 0.0447551 0.0653333 0.0653897 0.045031 0.0219311 0.00942685 0.00820419 0.0148984 0.0279136 0.0461628 0.0666178 0.084022 0.0930082 0.091071 0.0800162 0.0646538 0.0498476 0.0382456 0.0300049 0.0239797
 1.05702e-16 6.76803e-05 0.000657877 0.00437182 0.0198737 0.0618344 0.131745 0.192287 0.192292 0.13177 0.0619176 0.020116 0.0049878 0.00202771 0.00274313 0.0046211 0.00710227 0.00987791 0.0126587 0.0152819 0.0177214 0.0199275 0.0216521 0.0224614 0.0219592 0.0200458
 1.05211e-16 5.52972e-05 0.000537508 0.00357193 0.0162375 0.050521 0.107641 0.157111 0.157137 0.107769 0.0509492 0.0174739 0.00667457 0.00730748 0.0129042 0.0212255 0.0305291 0.0383189 0.0421092 0.0408017 0.03537 0.0282309 0.0218055 0.0173712 0.0148696 0.0134767
 1.0879e-16 3.81911e-05 0.000371231 0.00246697 0.0112145 0.0348926 0.0743437 0.108514 0.108549 0.0745151 0.0354687 0.0128802 0.0066551 0.00953706 0.0175134 0.0290694 0.0422833 0.0540311 0.0611228 0.0620486 0.0577934 0.0509944 0.0441768 0.0385007 0.0337663 0.029253
 1.05236e-16 6.79173e-05 0.00066018 0.00438713 0.0199433 0.0620509 0.132206 0.192961 0.192969 0.132245 0.0621827 0.0203251 0.00534999 0.00277665 0.00413044 0.00683423 0.0101058 0.013275 0.015703 0.0170986 0.0176523 0.0178107 0.0178868 0.0178376 0.0173622 0.0161785
 1.03141e-16 6.35941e-05 0.000618157 0.00410787 0.0186738 0.0581012 0.123791 0.180681 0.180699 0.12388 0.0583993 0.0195347 0.00626855 0.00533382 0.00901645 0.0147982 0.0212969 0.0267574 0.0294443 0.0285773 0.0248058 0.0197777 0.0151548 0.0118311 0.00980771 0.00857953
 1.07518e-16 2.54844e-05 0.000247717 0.00164617 0.00748329 0.0232836 0.04961 0.0724181 0.0724697 0.0498625 0.0241315 0.00993344 0.0078003 0.0136952 0.0256024 0.0423838 0.0612807 0.0775347 0.0862842 0.0852524 0.0760442 0.0629399 0.0502193 0.0401389 0.0327403 0.0269723
 1.20058e-16 3.19557e-05 0.000310621 0.00206419 0.0093835 0.0291956 0.0622051 0.0907941 0.0908131 0.062298 0.0295089 0.0102947 0.00437518 0.00543478 0.0099967 0.0170868 0.0260426 0.0357563 0.0450523 0.0533171 0.0606169 0.0671025 0.0722712 0.0748545 0.0735024 0.067691
 1.05961e-16 7.32282e-05 0.000711805 0.00473019 0.0215028 0.0669031 0.142544 0.208048 0.208053 0.142565 0.0669731 0.0217055 0.00524108 0.00183398 0.00222548 0.00362068 0.00534985 0.00704151 0.00838926 0.00930182 0.00996556 0.0106969 0.0116871 0.0128395 0.0138083 0.0141886
pSPR Fmed_Fpbrs
0.505133   0.257161 0.257161
Fs Fmed_Fpbrs
0.439726   1.005 1.005
SSBpbr Bo_Bmed_Bpbrs
1.65712e+06  754209  343290 343290
Ro
120165
SPR SPRFo_SPRFmed_SPRFpbrs
858930 433874 220883
Fref
1.005
Nvult_r0
 153208 8785.26 4282.13 7272 2109.94
CTP_r0
 27575.6 2253.28 1123.43 1910.12 554.25
YTP_r0
391233
Np
 184429 64225.3 3095.55 1487.2 3173.75
Nvult_p0
 147900 55296.2 2677.98 1286.92 2746.37
CTP_p0
 56556.5 27271 1341.17 645.033 1376.61
YTP_p0
 962102
CBA_c0
562494
log_Ro
11.5166
likeval ReclasPelacesDesembMPH_pf_preclas_ppelaces_ptallas_desvR_qrecl_qpela
 15.3984 27.7694 0.0365482 0.00220548 245.658 117.196 101.105 0 40.2353 0 0 0.0955674 0 0 0
q_reclas_q_pelaces
1 1
M
1
N
 123545 45469.7 78087.6 8318.64 0.197002
 105645 39443.5 13387 22832 2431.43
 76420.8 29660.3 9488.7 3178.28 5993.6
 51122.1 21386.6 7099.22 2241.05 2164.61
 34993.7 9501.39 2690.43 863.844 535.093
 251764 8258.85 1739.9 482.126 250.39
 46287.8 65428.7 1759.62 364.474 153.304
 14770.8 7722.67 6946.65 179.757 52.782
 28746 4452.6 2077.48 1850.67 61.918
 60250.3 4762.71 467.592 209.847 192.782
 91547.8 9998.76 501.446 47.3569 40.6895
 131672 29759.4 3028.39 150.963 26.4979
 103125 31243.6 5495.89 547.446 32.0423
 70361.2 25223.1 6051.56 1043.52 109.91
 62523.3 12207.1 2847.64 658.63 125.284
 450771 12661.9 1757.43 398.212 109.447
 51611.5 115849 2650.92 361.561 104.342
 735101 15272.5 30270.1 685.343 120.38
 356294 218831 4028.23 7902.01 210.215
 239127 99401 52122.6 946.622 1904.95
 430811 66697.6 23667.4 12244 669.349
 567810 127584 17449.3 6126.68 3340.91
 70926.7 160417 30996 4185.01 2269.08
 336760 22237.6 45903.2 8800.61 1831.7
 246705 106763 6475.23 13269.7 3072.37
 94483.4 78429.8 31223.4 1880.29 4743.6
 285085 30613.3 23632.6 9350.21 1982.91
 346536 89632.8 8798.54 6740.4 3231.04
 62256.6 113048 27299.1 2664.09 3018.25
 38500.1 20671.3 35399.3 8505.7 1769.97
 217433 11880.8 5769.33 9795.62 2842.13
pred_Ctot
 10440.7 5844.74 10320.3 1101.05 0.026077
 16167.2 8930.48 3109.2 5310.04 565.519
 11819 6782.13 2225.56 746.474 1407.8
 16887.4 9677.54 3275.1 1034.93 999.68
 8218.91 3189.48 923.845 296.987 183.975
 48056.4 2295.83 495.506 137.482 71.4053
 17029 32405.5 887.321 183.968 77.3837
 1713.68 1345.75 1243.31 32.2189 9.46111
 10642.1 2216.76 1052.97 938.905 31.4146
 22272.6 2368.27 236.717 106.335 97.6929
 6802.53 1134.65 58.5262 5.53557 4.75659
 30613.5 9899.17 1030.54 51.434 9.02859
 22580.8 9845.09 1772.47 176.775 10.3474
 24954.1 12117.4 2961.39 511.158 53.8411
 18638.4 5058.11 1204.34 278.853 53.0464
 88414.8 3608.82 513.062 116.403 31.995
 6496.52 21815.5 512.544 70.005 20.204
 90202.3 2807.21 5713.34 129.538 22.755
 55660.1 50510.9 953.696 1873.36 49.84
 37384.3 22960 12348.8 224.575 451.959
 54045.5 12519.7 4561.46 2363.15 129.197
 85090.4 28324.1 3974.19 1397.3 762.009
 6710.8 22993.8 4566.51 617.466 334.81
 29784.5 2986.89 6338.45 1217.01 253.321
 21436.9 14097.2 879.023 1804.05 417.729
 7196.9 9116.82 3732.74 225.125 567.989
 26532 4318.86 3426.98 1357.87 287.988
 25048.8 9902.48 999.835 767.11 367.746
 3866.87 10774.8 2677.2 261.663 296.472
 3978.76 3225.04 5674.85 1365.53 284.177
 27575.6 2253.28 1123.43 1910.12 554.25
F
 0.14174 0.22276 0.229669 0.230045 0.230065
 0.270276 0.424769 0.437944 0.43866 0.438698
 0.273492 0.429823 0.443155 0.44388 0.443918
 0.682779 1.07306 1.10635 1.10816 1.10825
 0.443883 0.697612 0.71925 0.720426 0.720488
 0.347532 0.546185 0.563127 0.564048 0.564096
 0.790718 1.2427 1.28125 1.28334 1.28345
 0.199162 0.313005 0.322714 0.323242 0.323269
 0.797683 1.25365 1.29253 1.29465 1.29476
 0.796046 1.25108 1.28988 1.29199 1.2921
 0.123714 0.194431 0.200462 0.20079 0.200807
 0.438497 0.689147 0.710523 0.711684 0.711746
 0.40818 0.6415 0.661398 0.66248 0.662537
 0.751628 1.18127 1.21791 1.2199 1.22001
 0.596943 0.938163 0.967263 0.968845 0.968928
 0.35867 0.56369 0.581174 0.582125 0.582175
 0.217693 0.342129 0.352741 0.353318 0.353349
 0.211709 0.332724 0.343045 0.343606 0.343635
 0.276595 0.4347 0.448183 0.448916 0.448955
 0.276827 0.435065 0.44856 0.449294 0.449332
 0.216892 0.340871 0.351444 0.352018 0.352049
 0.264008 0.414919 0.427789 0.428488 0.428525
 0.159863 0.251243 0.259036 0.25946 0.259482
 0.148764 0.233799 0.241051 0.241445 0.241466
 0.14599 0.229439 0.236556 0.236943 0.236963
 0.12699 0.199578 0.205769 0.206105 0.206123
 0.157068 0.24685 0.254506 0.254923 0.254945
 0.120174 0.188866 0.194725 0.195043 0.19506
 0.102519 0.16112 0.166118 0.16639 0.166404
 0.175736 0.276189 0.284756 0.285222 0.285246
 0.219495 0.34496 0.35566 0.356242 0.356272
nmprior
 8.19 8.8 8.5 0
nm_flota  nm_reclas  nm_pelaces    nm_pelaL
inf 15.1373 10.7595 21.9447
cv_recla  cv_pelaces  cv_mph
0.354947 0.597524 1.4493
 ------------------------------------------------
Talla a la edad & desviaci?n 
 8 13.2811 15.8009 17.003 17.5766
 0.8 1.32811 1.58009 1.7003 1.75766
