years
 1991 1992 1993 1994 1995 1996 1997 1998 1999 2000 2001 2002 2003 2004 2005 2006 2007 2008 2009 2010 2011 2012 2013 2014 2015 2016 2017 2018 2019 2020 2021
reclasobs
 0 0 0 0 0 0 0 0 0 252601 567819 844713 477998 351125 339783 2.1784e+06 2.13404e+06 4.81314e+06 1.55562e+06 2.62356e+06 3.21686e+06 3.843e+06 1.13348e+06 3.07943e+06 1.97215e+06 2.03268e+06 2.025e+06 2.42433e+06 2.27542e+06 1.05018e+06 2.36338e+06
reclaspred
 3.36813e+06 1.92334e+06 981797 1.04802e+06 1.09041e+06 1.6631e+06 1.14244e+06 1.03063e+06 747144 546734 543500 659548 654795 534784 542796 1.23346e+06 1.27014e+06 2.62632e+06 2.19162e+06 1.64684e+06 2.92869e+06 2.38409e+06 1.9504e+06 2.99562e+06 2.25432e+06 2.0029e+06 2.32612e+06 2.40338e+06 2.00997e+06 1.33048e+06 1.98638e+06
pelacesobs
 0 0 0 0 0 0 0 0 0 0 0 0 0 0 0 552880 188675 0 991730 2.46772e+06 1.41603e+06 1.21717e+06 2.29649e+06 1.80582e+06 0 1.4828e+06 1.56532e+06 1.57751e+06 1.42118e+06 867257 1.10002e+06
pelacespred
 2.28953e+06 1.46953e+06 759251 606829 654829 994282 717582 730636 538027 374874 362591 369482 400019 347072 348962 630503 710607 1.54045e+06 1.4288e+06 1.02708e+06 1.64987e+06 1.52521e+06 1.27453e+06 1.97519e+06 1.54606e+06 1.36138e+06 1.69265e+06 1.72442e+06 1.29717e+06 976762 1.29989e+06
mphobs
 0 0 0 0 0 0 0 0 0 0 0 498337 0 5186 125008 0 168611 109162 213762 579715 649985 157893 87575 83554 0 0 0 0 0 0 0
mphpred
 506053 340253 173967 95297.5 115112 132381 173228 120141 103734 73218.1 48460.3 63184.3 67078.3 58547.1 42884 52779.4 142832 145877 259344 202166 216566 267685 255082 215929 298979 245502 203756 212590 286837 201799 133935
desembarqueobs
 494567 514787 250237 358949 120608 361735 552515 73892 212993 205616 52469 317467 293654 387597 252695 516296 358380 742168 942051 627588 828172 859565 418607 520667 417249 300574 415391 372974 316634 284311 391294
desembarquepred
 494574 513086 251157 358968 120611 361750 552574 73895.1 213034 205656 52471.2 317536 293713 387666 252704 516295 358409 742109 941955 627521 828257 859635 418627 520694 417259 300582 415401 372972 316639 284326 391301
Reclutas
 236565 137072 136502 276696 222223 351710 149050 71765.3 63076.6 80003.3 141121 178279 151126 106757 109899 539611 139100 815412 494381 369543 565514 753699 169258 491671 404320 188483 406545 446199 143337 108673 400712
log_desv_Rt
 0.0516575 -0.494057 -0.498225 0.208355 -0.0108837 0.448243 -0.410284 -1.14116 -1.27021 -1.0325 -0.464948 -0.231215 -0.396448 -0.744013 -0.715 0.876284 -0.479373 1.28913 0.788741 0.497701 0.92317 1.21043 -0.283138 0.783245 0.587642 -0.175558 0.593131 0.6862 -0.449365 -0.726223 0.578679
SSB
 4.46363e+06 3.00119e+06 1.53447e+06 840569 1.01534e+06 1.16766e+06 1.52796e+06 1.0597e+06 914983 645819 427443 557316 591663 516413 378257 465539 1.25985e+06 1.2867e+06 2.28754e+06 1.7832e+06 1.91021e+06 2.36111e+06 2.24994e+06 1.90459e+06 2.63714e+06 2.16545e+06 1.79723e+06 1.87514e+06 2.53004e+06 1.77996e+06 1.18137e+06
BT
 5.88649e+06 4.01742e+06 2.06745e+06 1.88147e+06 1.76132e+06 2.95079e+06 2.27219e+06 1.92055e+06 1.56084e+06 1.14851e+06 1.00095e+06 1.24119e+06 1.31775e+06 1.32683e+06 1.20349e+06 2.19152e+06 2.09339e+06 4.90159e+06 4.63905e+06 3.17708e+06 5.08257e+06 4.7648e+06 3.56374e+06 5.81869e+06 4.28848e+06 3.71296e+06 4.95624e+06 5.00521e+06 3.44797e+06 2.66862e+06 3.90173e+06
Ftot
 0.0955813 0.171804 0.165828 0.232556 0.0746918 0.149383 0.312999 0.0480178 0.18944 0.248437 0.0673446 0.323241 0.300572 0.480978 0.32101 0.296338 0.187334 0.198074 0.287267 0.254869 0.192688 0.244123 0.141617 0.121049 0.124063 0.100196 0.123673 0.108384 0.102784 0.140298 0.138376
BD_Bspro_t
 0.984842 0.886726 0.763335 0.691278 0.700582 0.763346 0.755994 0.637602 0.684623 0.65235 0.622734 0.757162 0.652111 0.573274 0.481032 0.532646 0.660093 0.652159 0.71746 0.634615 0.607771 0.653843 0.668788 0.668161 0.759942 0.766338 0.773906 0.79974 0.831646 0.781612 0.73487
BD_Bspro
 2.77966 1.86895 0.95557 0.523453 0.632291 0.727144 0.951515 0.659913 0.569793 0.402175 0.266184 0.347061 0.36845 0.321589 0.235555 0.289908 0.784552 0.801276 1.42453 1.11047 1.18956 1.47035 1.40112 1.18606 1.64224 1.3485 1.1192 1.16772 1.57555 1.10845 0.735685
BD_Bo
 1.92797 1.2963 0.662781 0.363066 0.438556 0.504346 0.659969 0.457714 0.395208 0.278948 0.184625 0.240721 0.255556 0.223054 0.16338 0.20108 0.544164 0.555763 0.988053 0.770217 0.825076 1.01983 0.971814 0.822649 1.13906 0.935318 0.776274 0.809928 1.0928 0.768816 0.51027
BD_Brms
 12.7504 8.57291 4.38321 2.40109 2.90033 3.33542 4.36461 3.02703 2.61365 1.84478 1.22099 1.59197 1.69008 1.47513 1.08049 1.32981 3.59875 3.67546 6.53435 5.09372 5.45653 6.74452 6.42696 5.44047 7.53298 6.1856 5.13378 5.35635 7.22705 5.08446 3.3746
Sel_flota
 0.85177 0.990924 0.999518 0.999975 0.999999
 0.85177 0.990924 0.999518 0.999975 0.999999
 0.85177 0.990924 0.999518 0.999975 0.999999
 0.85177 0.990924 0.999518 0.999975 0.999999
 0.85177 0.990924 0.999518 0.999975 0.999999
 0.85177 0.990924 0.999518 0.999975 0.999999
 0.85177 0.990924 0.999518 0.999975 0.999999
 0.85177 0.990924 0.999518 0.999975 0.999999
 0.85177 0.990924 0.999518 0.999975 0.999999
 0.85177 0.990924 0.999518 0.999975 0.999999
 0.85177 0.990924 0.999518 0.999975 0.999999
 0.85177 0.990924 0.999518 0.999975 0.999999
 0.85177 0.990924 0.999518 0.999975 0.999999
 0.85177 0.990924 0.999518 0.999975 0.999999
 0.85177 0.990924 0.999518 0.999975 0.999999
 0.85177 0.990924 0.999518 0.999975 0.999999
 0.85177 0.990924 0.999518 0.999975 0.999999
 0.85177 0.990924 0.999518 0.999975 0.999999
 0.85177 0.990924 0.999518 0.999975 0.999999
 0.85177 0.990924 0.999518 0.999975 0.999999
 0.85177 0.990924 0.999518 0.999975 0.999999
 0.85177 0.990924 0.999518 0.999975 0.999999
 0.85177 0.990924 0.999518 0.999975 0.999999
 0.85177 0.990924 0.999518 0.999975 0.999999
 0.85177 0.990924 0.999518 0.999975 0.999999
 0.85177 0.990924 0.999518 0.999975 0.999999
 0.85177 0.990924 0.999518 0.999975 0.999999
 0.85177 0.990924 0.999518 0.999975 0.999999
 0.85177 0.990924 0.999518 0.999975 0.999999
 0.85177 0.990924 0.999518 0.999975 0.999999
 0.85177 0.990924 0.999518 0.999975 0.999999
Sel_reclas
 1 1 1 1 1
 1 1 1 1 1
 1 1 1 1 1
 1 1 1 1 1
 1 1 1 1 1
 1 1 1 1 1
 1 1 1 1 1
 1 1 1 1 1
 1 1 1 1 1
 1 1 1 1 1
 1 1 1 1 1
 1 1 1 1 1
 1 1 1 1 1
 1 1 1 1 1
 1 1 1 1 1
 1 1 1 1 1
 1 1 1 1 1
 1 1 1 1 1
 1 1 1 1 1
 1 1 1 1 1
 1 1 1 1 1
 1 1 1 1 1
 1 1 1 1 1
 1 1 1 1 1
 1 1 1 1 1
 1 1 1 1 1
 1 1 1 1 1
 1 1 1 1 1
 1 1 1 1 1
 1 1 1 1 1
 1 1 1 1 1
Sel_pelaces
 0.772645 0.94476 0.988515 0.997697 0.999541
 0.772645 0.94476 0.988515 0.997697 0.999541
 0.772645 0.94476 0.988515 0.997697 0.999541
 0.772645 0.94476 0.988515 0.997697 0.999541
 0.772645 0.94476 0.988515 0.997697 0.999541
 0.772645 0.94476 0.988515 0.997697 0.999541
 0.772645 0.94476 0.988515 0.997697 0.999541
 0.772645 0.94476 0.988515 0.997697 0.999541
 0.772645 0.94476 0.988515 0.997697 0.999541
 0.772645 0.94476 0.988515 0.997697 0.999541
 0.772645 0.94476 0.988515 0.997697 0.999541
 0.772645 0.94476 0.988515 0.997697 0.999541
 0.772645 0.94476 0.988515 0.997697 0.999541
 0.772645 0.94476 0.988515 0.997697 0.999541
 0.772645 0.94476 0.988515 0.997697 0.999541
 0.772645 0.94476 0.988515 0.997697 0.999541
 0.772645 0.94476 0.988515 0.997697 0.999541
 0.772645 0.94476 0.988515 0.997697 0.999541
 0.772645 0.94476 0.988515 0.997697 0.999541
 0.772645 0.94476 0.988515 0.997697 0.999541
 0.772645 0.94476 0.988515 0.997697 0.999541
 0.772645 0.94476 0.988515 0.997697 0.999541
 0.772645 0.94476 0.988515 0.997697 0.999541
 0.772645 0.94476 0.988515 0.997697 0.999541
 0.772645 0.94476 0.988515 0.997697 0.999541
 0.772645 0.94476 0.988515 0.997697 0.999541
 0.772645 0.94476 0.988515 0.997697 0.999541
 0.772645 0.94476 0.988515 0.997697 0.999541
 0.772645 0.94476 0.988515 0.997697 0.999541
 0.772645 0.94476 0.988515 0.997697 0.999541
 0.772645 0.94476 0.988515 0.997697 0.999541
pf_obs 
 0.8446 0.082 0.0669 0.0065 0
 0.8095 0.147 0.0364 0.0071 0
 0.9664 0.0169 0.016 0.0007 0
 0.9276 0.0648 0.0075 0.0001 0
 0.7033 0.2144 0.0806 0.0017 0
 0.9318 0.0425 0.0243 0.0014 0
 0.5671 0.3108 0.0964 0.0239 0.0018
 0.0768 0.2599 0.5324 0.112 0.0189
 0.490249 0.384438 0.106611 0.0170017 0.00170017
 0.7925 0.1577 0.0466 0.003 0.0002
 0.840416 0.127587 0.0312969 0.00059994 9.999e-05
 0.8084 0.0986 0.0794 0.0134 0.0002
 0.7335 0.1905 0.0724 0.0035 0.0001
 0.4001 0.4547 0.1325 0.0127 0
 0.49795 0.308269 0.164784 0.0264974 0.00249975
 0.9179 0.0499 0.0305 0.0017 0
 0.2467 0.6533 0.0926 0.0074 0
 0.9418 0.0223 0.034 0.0019 0
 0.707729 0.231977 0.0356964 0.0245975 0
 0.517169 0.277429 0.184464 0.0207286 0.00020938
 0.811772 0.124168 0.05621 0.00726502 0.000585176
 0.764997 0.148141 0.077277 0.00933861 0.000247198
 0.163321 0.427699 0.378323 0.0303852 0.000271297
 0.753843 0.0900009 0.118128 0.0371064 0.000921714
 0.721811 0.176058 0.0630433 0.0369309 0.00215725
 0.143369 0.312575 0.442814 0.0836902 0.0175525
 0.692698 0.0596174 0.167031 0.0765114 0.00414204
 0.394062 0.376323 0.152708 0.0712218 0.00568511
 0.125707 0.32114 0.495352 0.0537591 0.00404204
 0.23352 0.215282 0.420074 0.123614 0.00750983
 0.774587 0.0839891 0.0768558 0.0609784 0.00358967
pf_pred 
 0.426741 0.109225 0.440612 0.0234213 7.66471e-07
 0.408562 0.275495 0.0606237 0.242438 0.0128816
 0.549341 0.202047 0.116391 0.0253805 0.10684
 0.765014 0.138435 0.0435102 0.0248381 0.028202
 0.645797 0.281089 0.0432439 0.0134645 0.0164052
 0.729793 0.183621 0.0688373 0.0104997 0.007249
 0.465094 0.406516 0.0875023 0.0325098 0.00837809
 0.427945 0.290564 0.214438 0.0457066 0.0213465
 0.501561 0.231954 0.135926 0.0994698 0.0310893
 0.657026 0.186072 0.0733843 0.0426099 0.0409073
 0.780094 0.152582 0.036688 0.0143328 0.0163035
 0.719237 0.226028 0.0380794 0.00907791 0.00757695
 0.666276 0.251226 0.066546 0.0111004 0.00485242
 0.606095 0.277056 0.0881784 0.0231288 0.00554166
 0.705636 0.191346 0.0726934 0.0228876 0.00743741
 0.919035 0.0599539 0.0137061 0.00515569 0.00214962
 0.421733 0.538289 0.0296789 0.00671904 0.00357935
 0.88222 0.0543023 0.0591274 0.00323024 0.00112032
 0.604837 0.354984 0.0186175 0.0200851 0.00147712
 0.593148 0.262157 0.130114 0.00675795 0.00782284
 0.739768 0.164723 0.0617516 0.0303577 0.00340018
 0.741189 0.199256 0.0378268 0.0140506 0.00767729
 0.334461 0.513595 0.11724 0.0220471 0.0126575
 0.740572 0.0960474 0.12634 0.0285838 0.00845711
 0.622864 0.290349 0.0323118 0.0421295 0.0123459
 0.445033 0.365501 0.146172 0.0161239 0.0271709
 0.727671 0.131644 0.0929335 0.0368439 0.0109076
 0.684807 0.238856 0.0370725 0.0259412 0.0133229
 0.37256 0.44993 0.134811 0.0207415 0.0219574
 0.443703 0.227653 0.236255 0.0701733 0.0222155
 0.825521 0.0843584 0.0370776 0.0381369 0.0149065
pobs_RECLAS
 0 0 0 0 0
 0 0 0 0 0
 0 0 0 0 0
 0 0 0 0 0
 0 0 0 0 0
 0 0 0 0 0
 0 0 0 0 0
 0 0 0 0 0
 0 0 0 0 0
 0 0 0 0 0
 0.991045 0.00858322 0.000360255 1.14367e-05 0
 0.934742 0.0480273 0.0164251 0.00080598 0
 0.827803 0.169806 0.00239088 0 0
 0.941827 0.0461693 0.0120037 0 0
 0.791401 0.0380133 0.147996 0.0225897 0
 0.846168 0.0940531 0.0597789 0 0
 0.134021 0.677848 0.182769 0.00536245 0
 0.80878 0.0450904 0.141981 0.00414843 0
 0.846168 0.0940531 0.0597789 0 0
 0.905697 0.0802665 0.012482 0.00150086 5.37128e-05
 0.989698 0.0102097 9.19794e-05 0 0
 0.975433 0.0193895 0.00387452 0.00125025 5.28907e-05
 0.303575 0.632131 0.0575291 0.00676475 0
 0.966965 0.00978017 0.0227588 0.000495775 0
 0.843318 0.132988 0.00938335 0.0141283 0.000182051
 0.564624 0.303363 0.111486 0.0197234 0.00080311
 0.826376 0.0876187 0.0782897 0.00655872 0.00115652
 0.89761 0.0855135 0.0140674 0.00269457 0.000114338
 0.34875 0.467042 0.161289 0.0227151 0.000203297
 0.318654 0.224769 0.449479 0.00709798 0
 0.937255 0.0296025 0.0250945 0.00804832 0
ppred_RECLAS
 0.466153 0.102437 0.409645 0.0217651 7.12256e-07
 0.447332 0.258695 0.0564293 0.22556 0.0119845
 0.588185 0.185552 0.105955 0.0230942 0.0972131
 0.792262 0.12284 0.038269 0.0218359 0.0247926
 0.680196 0.254255 0.0387771 0.0120681 0.0147035
 0.759448 0.163932 0.0609205 0.00928783 0.00641218
 0.504548 0.37735 0.0805029 0.0298952 0.0077041
 0.466541 0.272131 0.1991 0.042418 0.0198101
 0.541132 0.21457 0.124638 0.0911668 0.0284935
 0.691897 0.16785 0.0656144 0.0380806 0.036558
 0.805505 0.135317 0.0322554 0.0125953 0.0143268
 0.749979 0.201635 0.0336677 0.00802241 0.0066958
 0.700412 0.226029 0.0593407 0.00989389 0.00432487
 0.643999 0.251082 0.0791854 0.0207599 0.00497396
 0.737586 0.171118 0.0644306 0.0202765 0.00658875
 0.930035 0.0519298 0.0117665 0.004424 0.0018445
 0.459778 0.503184 0.0275005 0.00622297 0.00331501
 0.897739 0.0473719 0.0511292 0.00279199 0.000968299
 0.64153 0.32232 0.0167547 0.018067 0.00132867
 0.630656 0.238742 0.117447 0.0060972 0.0070578
 0.768869 0.146783 0.0545444 0.0268021 0.00300186
 0.77011 0.177357 0.0333729 0.0123904 0.00676999
 0.369835 0.487278 0.110263 0.0207256 0.0118985
 0.769829 0.0856902 0.111736 0.0252681 0.00747592
 0.658515 0.263447 0.029063 0.0378761 0.0110992
 0.483708 0.341052 0.135211 0.014908 0.0251213
 0.757737 0.117648 0.0823312 0.0326255 0.00965854
 0.717236 0.214746 0.0330409 0.0231095 0.0118683
 0.409469 0.424519 0.126093 0.0193913 0.0205275
 0.483059 0.212658 0.218771 0.0649502 0.0205615
 0.847089 0.0742749 0.0323614 0.0332706 0.0130041
pobs_PELACES
 0 0 0 0 0
 0 0 0 0 0
 0 0 0 0 0
 0 0 0 0 0
 0 0 0 0 0
 0 0 0 0 0
 0 0 0 0 0
 0 0 0 0 0
 0 0 0 0 0
 0 0 0 0 0
 0 0 0 0 0
 0 0 0 0 0
 0 0 0 0 0
 0 0 0 0 0
 0 0 0 0 0
 0 0 0 0 0
 0.505614 0.472636 0.0217494 0 0
 0 0 0 0 0
 0.443492 0.261883 0.143347 0.151278 0
 0.227955 0.32914 0.350689 0.0885471 0.00366901
 0.970185 0.0296113 0.000203453 0 0
 0.997202 0.00247181 0.000326279 0 0
 0.445219 0.490057 0.0546422 0.010081 0
 0.90214 0.0892962 0.00764917 0.000914606 0
 0 0 0 0 0
 0.581667 0.319106 0.0959925 0.00289975 0.000334073
 0.762889 0.0836404 0.116647 0.0363945 0.000428098
 0.88444 0.0763242 0.0277011 0.0115352 0
 0.521256 0.241999 0.230069 0.00667565 0
 0.616807 0.101726 0.260614 0.0208532 0
 0.833518 0.0704572 0.0857862 0.0102388 0
ppred_PELACES
 0.408729 0.109345 0.457398 0.0245277 8.04144e-07
 0.393446 0.276031 0.0629689 0.254031 0.0135222
 0.533675 0.204297 0.122005 0.0268387 0.113184
 0.75535 0.141685 0.0461536 0.0265785 0.0302331
 0.633368 0.288499 0.0460277 0.0144576 0.0176473
 0.719144 0.188514 0.0732693 0.011274 0.0077978
 0.455106 0.410255 0.0914951 0.0342912 0.00885327
 0.411811 0.293068 0.224319 0.0482344 0.0225681
 0.486464 0.233819 0.142033 0.104853 0.0328314
 0.644796 0.1891 0.0772901 0.0452717 0.0435419
 0.769882 0.157655 0.039313 0.0154936 0.0176561
 0.71154 0.230469 0.0402275 0.00967405 0.00808922
 0.657096 0.255733 0.0701886 0.0118107 0.00517231
 0.59866 0.279164 0.0919938 0.0243401 0.00584252
 0.696442 0.194674 0.076625 0.0243369 0.00792277
 0.915844 0.0616838 0.0146116 0.00554449 0.00231594
 0.411671 0.546179 0.0312161 0.00712919 0.00380477
 0.876069 0.0560145 0.0632218 0.00348428 0.00121063
 0.596039 0.361374 0.0196388 0.0213728 0.00157468
 0.581581 0.266075 0.136857 0.00717057 0.0083156
 0.729456 0.16878 0.0655874 0.0325268 0.00364977
 0.732592 0.204 0.0401363 0.0150393 0.00823251
 0.32335 0.517558 0.12249 0.0232371 0.013365
 0.727496 0.098468 0.134298 0.0306518 0.00908553
 0.610493 0.296945 0.0342636 0.0450676 0.013231
 0.430935 0.369823 0.153364 0.0170663 0.0288114
 0.714999 0.134973 0.0987955 0.0395127 0.0117191
 0.673132 0.245213 0.0394638 0.0278577 0.0143333
 0.359826 0.454005 0.141056 0.0218935 0.0232191
 0.427819 0.228816 0.246198 0.07377 0.0233968
 0.816204 0.0869549 0.0396251 0.0411159 0.0161002
pobs_pel_tallas
 0 0 0 0 0 0 0 0 0 0 0 0 0 0 0 0 0 0 0 0 0 0 0 0 0 0
 0 0 0 0 0 0 0 0 0 0 0 0 0 0 0 0 0 0 0 0 0 0 0 0 0 0
 0 0 0 0 0 0 0 0 0 0 0 0 0 0 0 0 0 0 0 0 0 0 0 0 0 0
 0 0 0 0 0 0 0 0 0 0 0 0 0 0 0 0 0 0 0 0 0 0 0 0 0 0
 0 0 0 0 0 0 0 0 0 0 0 0 0 0 0 0 0 0 0 0 0 0 0 0 0 0
 0 0 0 0 0 0 0 0 0 0 0 0 0 0 0 0 0 0 0 0 0 0 0 0 0 0
 0 0 0 0 0 0 0 0 0 0 0 0 0 0 0 0 0 0 0 0 0 0 0 0 0 0
 0 0 0 0 0 0 0 0 0 0 0 0 0 0 0 0 0 0 0 0 0 0 0 0 0 0
 0 0 0 0 0 0 0 0 0 0 0 0 0 0 0 0 0 0 0 0 0 0 0 0 0 0
 0 0 0 0 0 0 0 0 0 0 0 0 0 0 0 0 0 0 0 0 0 0 0 0 0 0
 0 0 0 0 0 0 0 0 0 0 0 0 0 0 0 0 0 0 0 0 0 0 0 0 0 0
 0 0 0 0 0 0 0 0 0 0 0 0 0 0 0 0 0 0 0 0 0 0 0 0 0 0
 0.00862536 0 0 0.000197151 0.00414017 0.0128641 0.00837892 0.0270097 0.101434 0.158115 0.152841 0.127902 0.109271 0.109419 0.0830992 0.0579132 0.0238553 0.00714673 0.00463305 0.00128148 0.00103504 0.000492878 0.000147863 0.000147863 4.92878e-05 0
 0 0 0 0 0 0 0 0 0 0 0 0 0 0 0 0 0 0 0 0 0 0 0 0 0 0
 0 0 0 0 0 0 0 0.0054083 0.00873648 0.0413646 0.0450493 0.0745869 0.0622846 0.0627006 0.0613931 0.0827291 0.12552 0.122667 0.0946155 0.0697135 0.0546179 0.0294188 0.0215738 0.0213955 0.0102223 0.00600262
 0 0 0 0 0.00359764 0.0251062 0.0480494 0.140153 0.205849 0.193036 0.1447 0.116669 0.0760912 0.0342217 0.00950174 0.001854 0.000860785 0 0 0 0.000165536 0 0.000143464 0 0 0
 0 0 0 0 0 0 0 0.000145254 0.000435761 0.0275982 0.070085 0.0708112 0.156366 0.174668 0.174014 0.160142 0.0824315 0.0480064 0.0283245 0.00493863 0.00203355 0 0 0 0 0
 0 0 0 0 0 0 0 0 0 0 0 0 0 0 0 0 0 0 0 0 0 0 0 0 0 0
 0 0 1.00437e-05 0.000401748 0.00122533 0.00171747 0.00176769 0.0269171 0.070346 0.194647 0.189555 0.159765 0.064822 0.0314167 0.0384472 0.0292271 0.0345202 0.0313363 0.0194345 0.0106764 0.0143323 0.0359363 0.0279516 0.0138201 0.00172751 0
 0 0.0021121 0.0136068 0.0755702 0.200478 0.177729 0.0527432 0.0373336 0.0318909 0.0142505 0.0149659 0.0166563 0.0217959 0.0798694 0.0677717 0.0528807 0.04013 0.0224614 0.0357745 0.0225083 0.00881397 0.00855152 0.00135912 0.000746735 0 0
 0 0 0 0 5.4009e-05 0.00500934 0.000945158 0.0243581 0.138947 0.33067 0.221406 0.137944 0.0707744 0.0437923 0.0131692 0.00525238 0.0047753 0.00276346 9.45158e-05 9.00151e-06 2.25038e-05 9.00151e-06 4.50075e-06 0 0 0
 0.000866109 0.00284123 0.00948549 0.0512746 0.133035 0.25785 0.225252 0.132002 0.0553304 0.0519788 0.0540692 0.017754 0.00435017 0.00159236 0.00146478 0.000404838 0.000125132 0.000115318 0.000107957 0.000100596 0 0 0 0 0 0
 0 0 0 0 0.00144013 0.00171154 0.00461396 0.0210425 0.0478622 0.0707936 0.0888783 0.103762 0.0637923 0.0337046 0.0602308 0.124433 0.169614 0.0934646 0.0462172 0.0250306 0.0313229 0.00938855 0.002487 0.000210481 0 0
 0 0.00764035 0.051015 0.0998891 0.058973 0.0496711 0.0374665 0.0718981 0.12319 0.153886 0.159021 0.0857701 0.0377988 0.023471 0.0147837 0.00900784 0.00315554 0.000888139 0.00291439 0.00214683 0.00393193 0.00274676 0.000635225 9.99891e-05 0 0
 0 0 0 0 0 0 0 0 0 0 0 0 0 0 0 0 0 0 0 0 0 0 0 0 0 0
 0 0 0 0 0 0 0 0 0 0 0 0 0 0 0 0 0 0 0 0 0 0 0 0 0 0
 0 0 0 0 0 0 0 0 0 0 0 0 0 0 0 0 0 0 0 0 0 0 0 0 0 0
 0 0 0 0 0 0 0 0 0 0 0 0 0 0 0 0 0 0 0 0 0 0 0 0 0 0
 0 0 0 0 0 0 0 0 0 0 0 0 0 0 0 0 0 0 0 0 0 0 0 0 0 0
 0 0 0 0 0 0 0 0 0 0 0 0 0 0 0 0 0 0 0 0 0 0 0 0 0 0
 0 0 0 0 0 0 0 0 0 0 0 0 0 0 0 0 0 0 0 0 0 0 0 0 0 0
ppred_pel_tallas
 1.15688e-16 3.36665e-05 0.00032725 0.00217469 0.00988585 0.0307586 0.0655349 0.0956524 0.0956636 0.0655901 0.0309459 0.0104356 0.00358763 0.00352084 0.00641794 0.0113869 0.0183273 0.0270486 0.0372246 0.0484615 0.0601025 0.0708498 0.0786765 0.0814115 0.0777818 0.0681999
 1.29652e-16 3.24077e-05 0.000315014 0.00209338 0.00951623 0.0296087 0.0630854 0.0920806 0.0921073 0.0632161 0.0300479 0.0107867 0.00528993 0.00731933 0.0134166 0.0223577 0.0327819 0.0425465 0.0496088 0.0533319 0.0549729 0.0567851 0.0603658 0.0655149 0.0703569 0.0724622
 1.25419e-16 4.39581e-05 0.000427289 0.00283948 0.0129079 0.0401614 0.0855688 0.124894 0.124914 0.0856659 0.0404881 0.0138538 0.00522281 0.00566005 0.0100717 0.0168218 0.0248096 0.0324657 0.0382607 0.0416224 0.0432966 0.0447505 0.0470758 0.0502552 0.0532499 0.0546722
 1.0915e-16 6.22172e-05 0.000604773 0.00401893 0.0182695 0.0568432 0.121111 0.176768 0.176782 0.121178 0.0570684 0.0189206 0.00565624 0.00418862 0.00689754 0.0113828 0.0165819 0.0212709 0.0242648 0.0250709 0.0241897 0.022744 0.0217266 0.0214548 0.0215613 0.0213836
 1.05839e-16 5.21698e-05 0.000507109 0.00336992 0.0153192 0.0476638 0.101554 0.148227 0.148254 0.10169 0.0481203 0.0166378 0.00668064 0.00773686 0.0137902 0.0227358 0.0327972 0.0413568 0.0457883 0.0449012 0.0396531 0.0324879 0.025847 0.0210103 0.0179393 0.0158808
 1.04613e-16 5.9235e-05 0.000575785 0.0038263 0.0173938 0.0541187 0.115306 0.168297 0.168315 0.115395 0.0544183 0.0182603 0.00600498 0.00534391 0.00915014 0.0151258 0.0219997 0.0281179 0.0318232 0.0323362 0.0301749 0.026712 0.0232533 0.0203841 0.0179758 0.0156323
 1.07683e-16 3.74865e-05 0.000364383 0.00242145 0.0110076 0.0342489 0.0729724 0.106514 0.106553 0.073166 0.0348989 0.0128858 0.00713907 0.010673 0.0196454 0.0324975 0.0469981 0.0595021 0.0663134 0.0657333 0.0590446 0.0495625 0.0405524 0.0336565 0.028753 0.0248592
 1.15205e-16 3.39203e-05 0.000329718 0.00219109 0.00996041 0.0309907 0.06603 0.0963786 0.0964072 0.0661696 0.0314604 0.0113209 0.00562087 0.00786556 0.0144889 0.0242745 0.0358449 0.0469262 0.0551824 0.0594988 0.0604975 0.0597786 0.0585642 0.0569174 0.0540487 0.0492191
 1.2023e-16 4.00694e-05 0.000389489 0.00258829 0.011766 0.0366086 0.0779993 0.113847 0.11387 0.0781105 0.0369827 0.0128494 0.0053185 0.00638548 0.011535 0.0192932 0.0284774 0.0372995 0.0439892 0.0478287 0.0495466 0.0506372 0.0521492 0.0539372 0.0548725 0.0536791
 1.14188e-16 5.31111e-05 0.000516258 0.00343072 0.0155956 0.0485237 0.103386 0.150898 0.150916 0.103475 0.0488248 0.0164667 0.00562262 0.00531878 0.00922681 0.0153119 0.0223962 0.0289151 0.0333353 0.0350285 0.0346497 0.0336252 0.0331512 0.0334956 0.0340324 0.0338048
 1.05717e-16 6.34142e-05 0.000616409 0.00409625 0.018621 0.0579369 0.123441 0.180169 0.180184 0.123516 0.0581869 0.0193435 0.00591164 0.0045852 0.00761826 0.0125409 0.0181724 0.0230986 0.0259304 0.0260526 0.0239875 0.0210147 0.0183551 0.0165588 0.0154585 0.0145408
 1.03559e-16 5.86087e-05 0.000569697 0.00378584 0.0172099 0.0535465 0.114087 0.166518 0.166541 0.114196 0.0539112 0.0182635 0.00643136 0.0063472 0.011038 0.0181736 0.0262178 0.0330634 0.0366027 0.0358674 0.0315962 0.0257129 0.0201501 0.0159387 0.013092 0.0110813
 1.04151e-16 5.41242e-05 0.000526106 0.00349616 0.0158931 0.0494493 0.105358 0.153778 0.153803 0.105479 0.0498549 0.0170651 0.00644067 0.00696267 0.0123038 0.0203214 0.0294232 0.0373235 0.0417172 0.0415253 0.0375 0.0316404 0.0259195 0.021338 0.0178595 0.0149686
 1.06156e-16 4.93109e-05 0.000479319 0.00318525 0.0144797 0.0450518 0.0959886 0.140104 0.140131 0.0961206 0.0454951 0.0157611 0.0064061 0.00752461 0.0134713 0.022302 0.0323787 0.0412568 0.0464651 0.0468515 0.0432201 0.037677 0.0322455 0.027864 0.0243651 0.021127
 1.06043e-16 5.7365e-05 0.000557608 0.0037055 0.0168447 0.0524102 0.111666 0.162984 0.163003 0.111758 0.0527198 0.01774 0.00595689 0.00548609 0.00945789 0.0156515 0.0227922 0.0291933 0.0331685 0.0339395 0.0320596 0.0289421 0.0258966 0.0234524 0.0213793 0.0191775
 1.01386e-16 7.54369e-05 0.000733273 0.00487286 0.0221513 0.068921 0.146844 0.214324 0.21433 0.146873 0.0690188 0.0224338 0.00558257 0.00228438 0.00302663 0.00489846 0.00708296 0.0089794 0.0100315 0.00998666 0.00903891 0.00768424 0.00640693 0.00544371 0.00476473 0.00421218
 1.024e-16 3.39089e-05 0.000329607 0.00219036 0.00995708 0.0309804 0.066009 0.0963532 0.0964057 0.0662659 0.0318426 0.0124462 0.00843471 0.0139489 0.0258636 0.0426102 0.0611578 0.0764439 0.0833305 0.0794501 0.06664 0.0497526 0.0338317 0.0218301 0.0141661 0.0097258
 1.02394e-16 7.21606e-05 0.000701427 0.00466123 0.0211893 0.0659277 0.140466 0.205016 0.205021 0.140493 0.0660181 0.0214514 0.00532331 0.00216038 0.00288278 0.0047551 0.00708313 0.00940565 0.0112862 0.0124938 0.0130825 0.0132495 0.013109 0.0125952 0.011567 0.00998899
 1.0307e-16 4.9095e-05 0.000477221 0.0031713 0.0144163 0.0448547 0.0955689 0.139493 0.139528 0.0957389 0.0454252 0.0160635 0.00730396 0.00949185 0.0171492 0.0282211 0.0405288 0.0507204 0.0554229 0.0531026 0.0450026 0.0343379 0.02441 0.0170894 0.0125363 0.00989715
 1.06144e-16 4.79041e-05 0.000465645 0.00309438 0.0140666 0.0437666 0.0932503 0.136107 0.136133 0.0933764 0.0441905 0.0152931 0.0061804 0.00722674 0.0129594 0.0215333 0.031443 0.0404286 0.0461815 0.0475798 0.0452546 0.04097 0.0363705 0.0321433 0.0281021 0.0238356
 1.05816e-16 6.00844e-05 0.000584041 0.00388116 0.0176432 0.0548946 0.116959 0.170709 0.170725 0.117039 0.0551631 0.0184196 0.00583367 0.00485882 0.00821554 0.0135844 0.0197945 0.0253854 0.028909 0.0297074 0.0282729 0.0258301 0.0234909 0.0216658 0.0200924 0.0182799
 1.04112e-16 6.03426e-05 0.000586552 0.00389785 0.0177191 0.0551307 0.117462 0.171444 0.171464 0.117559 0.0554537 0.0186524 0.00624181 0.00570717 0.00979648 0.0161299 0.0233015 0.0294573 0.0327516 0.0323437 0.0288902 0.0240736 0.0195579 0.0161904 0.0139149 0.0122143
 1.0826e-16 2.6634e-05 0.000258892 0.00172043 0.00782087 0.0243339 0.0518478 0.0756838 0.0757338 0.0520919 0.025154 0.0101906 0.00767273 0.0132657 0.0247668 0.0410017 0.0592941 0.0750511 0.0835876 0.0827241 0.0740347 0.061669 0.0497509 0.0404144 0.0336239 0.0282807
 1.08513e-16 5.99229e-05 0.000582472 0.00387073 0.0175958 0.0547471 0.116645 0.170249 0.170258 0.116692 0.0549069 0.01806 0.00504552 0.00317896 0.005085 0.00855775 0.0128987 0.0174322 0.0214863 0.0247246 0.0272451 0.0292926 0.030852 0.0315155 0.0307443 0.0282746
 1.07824e-16 5.02856e-05 0.000488794 0.00324821 0.0147659 0.0459423 0.097886 0.142874 0.142902 0.0980259 0.046412 0.0161224 0.00665372 0.00792455 0.0141774 0.023375 0.033714 0.0425141 0.0471007 0.0463002 0.0411664 0.0342736 0.0281443 0.0240212 0.0217036 0.0202139
 1.11108e-16 3.54957e-05 0.00034503 0.00229285 0.010423 0.03243 0.0690968 0.100856 0.100892 0.0692719 0.0330182 0.012124 0.00657063 0.00970971 0.0178979 0.0297348 0.0433042 0.0554509 0.0629559 0.0643115 0.0605363 0.0542998 0.048112 0.0430513 0.0387908 0.0344885
 1.08832e-16 5.88936e-05 0.000572467 0.00380424 0.0172935 0.0538067 0.114641 0.167325 0.167338 0.114706 0.054023 0.0179201 0.00538391 0.00404365 0.00671863 0.0111918 0.0165367 0.0216877 0.025594 0.0277815 0.0285789 0.0287494 0.0288416 0.0288113 0.0281678 0.0264236
 1.06421e-16 5.54451e-05 0.000538946 0.00358149 0.0162809 0.0506561 0.107929 0.157531 0.157554 0.108045 0.0510443 0.0174022 0.006397 0.00668861 0.0117452 0.0193584 0.0279541 0.0353188 0.039248 0.0387613 0.0346957 0.0291265 0.0240867 0.0205784 0.018455 0.0169679
 1.10312e-16 2.96385e-05 0.000288097 0.00191451 0.0087031 0.0270788 0.0576959 0.084218 0.0842619 0.0579104 0.0277993 0.0107859 0.00714864 0.0117344 0.0218278 0.0361946 0.0525021 0.0667911 0.0750229 0.0753174 0.0690074 0.0595853 0.0504423 0.0432103 0.037684 0.0328462
 1.18521e-16 3.5239e-05 0.000342535 0.00227627 0.0103476 0.0321953 0.0685964 0.100123 0.100146 0.0687061 0.0325647 0.011419 0.00498309 0.00631001 0.0115409 0.019477 0.0291204 0.0388708 0.0470852 0.052988 0.0569713 0.0599401 0.062287 0.0634292 0.0622536 0.0579915
 1.08014e-16 6.72297e-05 0.000653496 0.00434271 0.0197413 0.0614227 0.130868 0.191007 0.191016 0.130909 0.0615614 0.0201429 0.00535376 0.00287114 0.0043107 0.00710589 0.0104386 0.013585 0.0158748 0.0170531 0.0174353 0.0176506 0.0181705 0.0189945 0.0196964 0.0197282
pSPR Fmed_Fpbrs
0.720429   0.201209 0.201209
Fs Fmed_Fpbrs
0.16866   1.005 1.005
SSBpbr Bo_Bmed_Bpbrs
2.3152e+06  1.55217e+06  350079 350079
Ro
224655
SPR SPRFo_SPRFmed_SPRFpbrs
1.60582e+06 1.15688e+06 323105
Fref
1.005
Nvult_r0
 269689 24097 10511.1 10807.1 4224.06
CTP_r0
 28435.2 2905.75 1277.15 1313.63 513.458
YTP_r0
391301
Np
 299753 131024 11378.4 4954.6 6725.33
Nvult_p0
 252904 113218 9845.46 4287.4 5819.69
CTP_p0
 116643 56492.3 4933.82 2149.02 2917.1
YTP_p0
 2.06574e+06
CBA_c0
893634
log_Ro
12.1423
likeval ReclasPelacesDesembMPH_pf_preclas_ppelaces_ptallas_desvR_qrecl_qpela
 17.3329 17.6564 0.12351 0.000803731 241.651 120.562 99.2249 0 21.0896 8.13454e-06 0 0.627725 0 0 0
q_reclas_q_pelaces
0.66754 1
M
1
N
 236565 52331.7 209361 11123.9 0.364028
 137072 80222.9 17512 70002 3719.37
 136502 43561.4 24892.5 5425.81 22839.5
 276696 43601.5 13597 7758.71 8809.31
 222223 83499 12738.7 3964.59 4830.36
 351710 76712.2 28526.1 4349.2 3002.63
 149050 113928 24337.9 9038.66 2329.3
 71765.3 42000.3 30735.2 6548.17 3058.14
 63076.6 25343 14733.1 10777 3368.28
 80003.3 19746.8 7727.46 4485.04 4305.73
 141121 23818.4 5679.19 2217.68 2522.54
 178279 49021.3 8196.63 1953.25 1630.26
 151126 49800.4 13091.3 2182.86 954.19
 106757 43038.6 13601.5 3566.27 854.462
 109899 26072.2 9830.46 3093.9 1005.35
 539611 30757.6 6978.07 2623.82 1093.96
 139100 154229 8435.84 1909 1016.93
 815412 43624.8 47125 2573.45 892.509
 494381 253403 13188.6 14222.5 1045.94
 369543 142397 70127.9 3640.86 4214.48
 565514 109418 40693.3 19996.8 2239.67
 753699 176551 33256 12347.7 6746.69
 169258 225215 50993.7 9585.31 5502.9
 491671 55191.1 72004.2 16283.5 4817.71
 404320 163155 18008.6 23470.2 6877.7
 188483 133825 53078.2 5852.37 9861.8
 406545 63666.8 44578.3 17665.6 5229.78
 446199 134606 20720.3 14492.5 7442.93
 143337 149672 44476.2 6839.95 7240.73
 108673 48310.6 49729.4 14764.4 4674.03
 400712 35475.4 15465.7 15900.7 6214.95
pred_Ctot
 11770.1 3012.57 12152.7 645.99 0.0211403
 11937.3 8049.34 1771.29 7083.5 376.371
 11497.9 4228.93 2436.11 531.225 2236.2
 31942.1 5780.18 1816.71 1037.08 1177.54
 8703.69 3788.36 582.816 181.467 221.099
 26840.2 6753.15 2531.68 386.155 266.602
 22532.5 19694.5 4239.24 1575.01 405.895
 1824.08 1238.5 914.02 194.82 90.9873
 6020.25 2784.15 1631.53 1193.94 373.166
 9812.88 2779.05 1096.02 636.392 610.962
 4996.42 977.274 234.983 91.8001 104.422
 27736.9 8716.64 1468.51 350.084 292.2
 22031.9 8307.34 2200.49 367.062 160.456
 23448.6 10718.7 3411.44 894.804 214.395
 16993.1 4607.98 1750.6 551.178 179.107
 77670.3 5066.88 1158.34 435.722 181.671
 13138.1 16769.2 924.578 209.316 111.507
 81130.7 4993.75 5437.48 297.06 103.027
 69194.5 40610.8 2129.87 2297.78 168.985
 46397.9 20506.8 10177.9 528.628 611.927
 54838.6 12210.8 4577.62 2250.4 252.054
 90974.1 24456.9 4642.89 1724.57 942.316
 12278.3 18854.5 4303.96 809.366 464.665
 30706 3982.37 5238.37 1185.15 350.653
 25852.2 12051.1 1341.11 1748.6 512.42
 9814.63 8060.65 3223.64 355.592 599.22
 25916.3 4688.54 3309.86 1312.21 388.479
 25061.3 8741.22 1356.71 949.347 487.567
 7649.67 9238.31 2768.04 425.881 450.845
 7813.5 4008.92 4160.4 1235.73 391.21
 28435.2 2905.75 1277.15 1313.63 513.458
F
 0.0814133 0.0947138 0.0955353 0.0955789 0.0955812
 0.146337 0.170244 0.171721 0.171799 0.171803
 0.141248 0.164323 0.165748 0.165824 0.165828
 0.198084 0.230446 0.232444 0.23255 0.232556
 0.0636202 0.0740139 0.0746558 0.0746899 0.0746917
 0.12724 0.148027 0.149311 0.149379 0.149382
 0.266603 0.310158 0.312848 0.312991 0.312999
 0.0409001 0.047582 0.0479947 0.0480166 0.0480177
 0.161359 0.187721 0.189349 0.189435 0.18944
 0.211612 0.246183 0.248318 0.248431 0.248437
 0.0573621 0.0667334 0.0673122 0.0673429 0.0673445
 0.275327 0.320307 0.323085 0.323233 0.323241
 0.256019 0.297844 0.300428 0.300565 0.300572
 0.409683 0.476612 0.480746 0.480966 0.480977
 0.273427 0.318096 0.320855 0.321002 0.321009
 0.252412 0.293649 0.296195 0.296331 0.296338
 0.159566 0.185634 0.187244 0.18733 0.187334
 0.168713 0.196276 0.197978 0.198069 0.198074
 0.244686 0.28466 0.287129 0.28726 0.287267
 0.21709 0.252556 0.254746 0.254862 0.254869
 0.164126 0.19094 0.192596 0.192684 0.192688
 0.207936 0.241907 0.244005 0.244116 0.244122
 0.120625 0.140332 0.141549 0.141613 0.141617
 0.103106 0.119951 0.120991 0.121046 0.121049
 0.105673 0.122937 0.124003 0.12406 0.124063
 0.0853436 0.0992862 0.100147 0.100193 0.100195
 0.105341 0.122551 0.123613 0.12367 0.123673
 0.0923185 0.107401 0.108332 0.108382 0.108384
 0.0875481 0.101851 0.102734 0.102781 0.102784
 0.119502 0.139025 0.140231 0.140295 0.140298
 0.117865 0.13712 0.138309 0.138373 0.138376
nmprior
 8.19 8.8 8.5 0
nm_flota  nm_reclas  nm_pelaces    nm_pelaL
inf 11.4252 13.5362 29.5764
cv_recla  cv_pelaces  cv_mph
0.376583 0.476457 0.874905
 ------------------------------------------------
Talla a la edad & desviaci?n 
 8 13.2811 15.8009 17.003 17.5766
 0.8 1.32811 1.58009 1.7003 1.75766
