    unsorted:	 1.546624299e-05 -2.113688867e-07 0.001099982348 8.146169009 13.92297832 5.429229527 16.43247809 41.28495697 75.22070947 101.2174723 115.4912889 157.0147304 224.6613523 348.4852342 334.6981746 362.5598407 380.1637988 271.4331682 409.1266563 686.6067828 674.6263027 700.8249971 720.6533198 640.2492691 732.2038694 803.4957023 526.3721994 785.4628022 823.0253897 909.1458812 926.2229944 975.6988808 1048.569342 1116.744876 1137.330501 1157.836320 1180.508437 1212.883830 1233.406330 1242.167246 1457.551831 1768.735189 2766.868821 16964.22469 32181.07345 263306.2727 251023.1625 253555.7476 242327.2131 239581.4089 228702.3817 276922.8295 279903.3445 153442.0739 309474.3409 475564.0107 558412.5936 591229.1846 775858.1842 960604.0953 1132497.807 1411301.386 1687125.170 1965183.977 2068082.312 2131510.123 2377613.209 2712074.361 2815753.143 3121861.412 3490604.669 3562431.500 4129733.747 4299536.094 4645249.085 6648234.962 803240187.7
      sorted:	 -2.113688867e-07 1.546624299e-05 0.001099982348 5.429229527 8.146169009 13.92297832 16.43247809 41.28495697 75.22070947 101.2174723 115.4912889 157.0147304 224.6613523 271.4331682 334.6981746 348.4852342 362.5598407 380.1637988 409.1266563 526.3721994 640.2492691 674.6263027 686.6067828 700.8249971 720.6533198 732.2038694 785.4628022 803.4957023 823.0253897 909.1458812 926.2229944 975.6988808 1048.569342 1116.744876 1137.330501 1157.836320 1180.508437 1212.883830 1233.406330 1242.167246 1457.551831 1768.735189 2766.868821 16964.22469 32181.07345 153442.0739 228702.3817 239581.4089 242327.2131 251023.1625 253555.7476 263306.2727 276922.8295 279903.3445 309474.3409 475564.0107 558412.5936 591229.1846 775858.1842 960604.0953 1132497.807 1411301.386 1687125.170 1965183.977 2068082.312 2131510.123 2377613.209 2712074.361 2815753.143 3121861.412 3490604.669 3562431.500 4129733.747 4299536.094 4645249.085 6648234.962 803240187.7
