years
 1991 1992 1993 1994 1995 1996 1997 1998 1999 2000 2001 2002 2003 2004 2005 2006 2007 2008 2009 2010 2011 2012 2013 2014 2015 2016 2017 2018 2019 2020 2021
reclasobs
 0 0 0 0 0 0 0 0 0 252601 567819 844713 477998 351125 339783 2.1784e+06 2.13404e+06 4.81314e+06 1.55562e+06 2.62356e+06 3.21686e+06 3.843e+06 1.13348e+06 3.07943e+06 1.97215e+06 2.03268e+06 2.025e+06 2.42433e+06 2.27542e+06 1.05018e+06 2.36338e+06
reclaspred
 4.9861e+06 1.08893e+06 1.414e+06 822632 41638.4 3.41651e+06 1.10538e+06 234642 1.10916e+06 220384 305210 1.27099e+06 557937 831947 378429 2.05655e+06 684251 6.55326e+06 5.12207e+06 1.32671e+06 3.17456e+06 3.40849e+06 1.39485e+06 3.7346e+06 2.51594e+06 1.21948e+06 2.21222e+06 4.13376e+06 2.64149e+06 549433 1.40097e+06
pelacesobs
 0 0 0 0 0 0 0 0 0 0 0 0 0 0 0 552880 188675 0 991730 2.46772e+06 1.41603e+06 1.21717e+06 2.29649e+06 1.80582e+06 0 1.4828e+06 1.56532e+06 1.57751e+06 1.42118e+06 867257 1.10002e+06
pelacespred
 5.55181e+06 1.0357e+06 590618 393624 11976.2 1.71793e+06 684168 209579 526176 101401 141747 534400 264727 379502 146611 798428 360542 3.42983e+06 3.39872e+06 908736 1.51655e+06 1.58809e+06 936552 2.18584e+06 1.64385e+06 884254 1.35023e+06 2.62271e+06 2.1572e+06 466714 655463
mphobs
 0 0 0 0 0 0 0 0 0 0 0 498337 0 5186 125008 0 168611 109162 213762 579715 649985 157893 87575 83554 0 0 0 0 0 0 0
mphpred
 1.45399e+06 518547 59136 220963 40181.6 1003.42 433106 83028.5 18345.6 108644 8452.95 36508.6 132077 30825.1 40602.1 22482.6 234125 52641.1 876695 513497 119901 307312 414522 142297 447049 325624 110158 234079 669472 259485 29822.2
desembarqueobs
 494567 514787 250237 358949 120608 361735 552515 73892 212993 205616 52469 317467 293654 387597 252695 516296 358380 742168 942051 627588 828172 859565 418607 520667 417249 300574 415391 372974 316634 284311 391294
desembarquepred
 494447 513893 250993 357557 120309 361402 551621 73845 212730 205297 52425.7 316955 293013 386468 252066 515368 357978 741174 939860 625073 826818 857759 418010 520049 416522 300047 414665 372487 316155 283441 390738
Reclutas
 1321.21 781.836 250750 3734.28 1076.43 294080 1087.27 309.276 62436.9 1450.49 30717.6 157798 32318.6 87662.8 35231 271676 2742.91 611244 268605 23363.3 272214 405148 3012.11 197578 136823 10416.7 140545 220021 8326.23 2474.91 110113
log_desv_Rt
 -2.98426 -3.50892 2.26165 -1.94525 -3.18915 2.42104 -3.17913 -4.43633 0.871349 -2.89091 0.162029 1.79851 0.212835 1.21069 0.299118 2.3418 -2.25379 3.15269 2.33044 -0.11164 2.34378 2.74144 -2.16016 2.02333 1.65588 -0.919392 1.68272 2.13092 -1.1434 -2.3566 1.4387
SSB
 1.61984e+06 577696 65881.5 246168 44765 1117.88 482510 92499.3 20438.2 121037 9417.16 40673.1 147143 34341.3 45233.5 25047.2 260831 58645.8 976698 572070 133578 342366 461805 158529 498043 362768 122724 260780 745837 289084 33223.9
BT
 2.00694e+06 843984 496516 366545 106924 1.29546e+06 712969 129729 480041 211042 121119 551618 360713 617140 327495 854382 400297 2.5859e+06 2.29931e+06 910808 1.54098e+06 1.51699e+06 644828 1.64043e+06 1.04153e+06 549212 1.14669e+06 1.70043e+06 958297 442838 737109
Ftot
 0.332249 1.35375 1.30979 1.39379 4.32273 0.910649 1.53523 0.97944 1.50554 2.46816 1.3184 1.81733 2.07349 3.13076 3.68095 1.9704 1.6247 0.93521 0.881352 1.53076 1.77598 1.53288 1.00561 0.994096 0.802979 0.882871 1.30839 0.635807 0.431493 1.50421 2.1012
BD_Bspro_t
 0.948662 0.580263 0.152737 0.390102 0.0804411 0.00337617 0.475282 0.135231 0.0503291 0.24371 0.037716 0.214438 0.297359 0.0837555 0.0977184 0.0612672 0.27722 0.0832035 0.506735 0.337289 0.100071 0.216969 0.286778 0.139913 0.360892 0.345592 0.194464 0.36284 0.586126 0.352412 0.0813161
BD_Bspro
 8.67508 3.09386 0.352829 1.31836 0.239739 0.0059868 2.58409 0.495381 0.109457 0.648213 0.0504337 0.217825 0.788026 0.183915 0.242249 0.13414 1.39688 0.314078 5.23072 3.06373 0.715379 1.83355 2.4732 0.849002 2.66728 1.94281 0.657247 1.39661 3.99434 1.54819 0.177931
BD_Bo
 1.15806 0.413008 0.0471002 0.175991 0.0320035 0.000799195 0.344957 0.0661299 0.0146117 0.0865318 0.00673254 0.0290781 0.105196 0.0245514 0.0323385 0.0179068 0.186474 0.0419272 0.698263 0.408986 0.095498 0.244765 0.330155 0.113336 0.356062 0.259351 0.0877378 0.186437 0.533215 0.206672 0.0237525
BD_Brms
 4.12502 1.47114 0.167771 0.626881 0.113997 0.00284674 1.22874 0.235555 0.052047 0.308226 0.0239813 0.103576 0.374708 0.087452 0.11519 0.0637841 0.66422 0.149345 2.48722 1.45681 0.340164 0.871854 1.17601 0.403702 1.26829 0.923808 0.312522 0.66409 1.89931 0.736167 0.0846066
Sel_flota
 0.383207 0.921903 0.995561 0.999765 0.999988
 0.383207 0.921903 0.995561 0.999765 0.999988
 0.383207 0.921903 0.995561 0.999765 0.999988
 0.383207 0.921903 0.995561 0.999765 0.999988
 0.383207 0.921903 0.995561 0.999765 0.999988
 0.383207 0.921903 0.995561 0.999765 0.999988
 0.383207 0.921903 0.995561 0.999765 0.999988
 0.383207 0.921903 0.995561 0.999765 0.999988
 0.383207 0.921903 0.995561 0.999765 0.999988
 0.383207 0.921903 0.995561 0.999765 0.999988
 0.383207 0.921903 0.995561 0.999765 0.999988
 0.383207 0.921903 0.995561 0.999765 0.999988
 0.383207 0.921903 0.995561 0.999765 0.999988
 0.383207 0.921903 0.995561 0.999765 0.999988
 0.383207 0.921903 0.995561 0.999765 0.999988
 0.383207 0.921903 0.995561 0.999765 0.999988
 0.383207 0.921903 0.995561 0.999765 0.999988
 0.383207 0.921903 0.995561 0.999765 0.999988
 0.383207 0.921903 0.995561 0.999765 0.999988
 0.383207 0.921903 0.995561 0.999765 0.999988
 0.383207 0.921903 0.995561 0.999765 0.999988
 0.383207 0.921903 0.995561 0.999765 0.999988
 0.383207 0.921903 0.995561 0.999765 0.999988
 0.383207 0.921903 0.995561 0.999765 0.999988
 0.383207 0.921903 0.995561 0.999765 0.999988
 0.383207 0.921903 0.995561 0.999765 0.999988
 0.383207 0.921903 0.995561 0.999765 0.999988
 0.383207 0.921903 0.995561 0.999765 0.999988
 0.383207 0.921903 0.995561 0.999765 0.999988
 0.383207 0.921903 0.995561 0.999765 0.999988
 0.383207 0.921903 0.995561 0.999765 0.999988
Sel_reclas
 1 1 1 1 1
 1 1 1 1 1
 1 1 1 1 1
 1 1 1 1 1
 1 1 1 1 1
 1 1 1 1 1
 1 1 1 1 1
 1 1 1 1 1
 1 1 1 1 1
 1 1 1 1 1
 1 1 1 1 1
 1 1 1 1 1
 1 1 1 1 1
 1 1 1 1 1
 1 1 1 1 1
 1 1 1 1 1
 1 1 1 1 1
 1 1 1 1 1
 1 1 1 1 1
 1 1 1 1 1
 1 1 1 1 1
 1 1 1 1 1
 1 1 1 1 1
 1 1 1 1 1
 1 1 1 1 1
 1 1 1 1 1
 1 1 1 1 1
 1 1 1 1 1
 1 1 1 1 1
 1 1 1 1 1
 1 1 1 1 1
Sel_pelaces
 0.463931 0.813272 0.956368 0.991016 0.998202
 0.463931 0.813272 0.956368 0.991016 0.998202
 0.463931 0.813272 0.956368 0.991016 0.998202
 0.463931 0.813272 0.956368 0.991016 0.998202
 0.463931 0.813272 0.956368 0.991016 0.998202
 0.463931 0.813272 0.956368 0.991016 0.998202
 0.463931 0.813272 0.956368 0.991016 0.998202
 0.463931 0.813272 0.956368 0.991016 0.998202
 0.463931 0.813272 0.956368 0.991016 0.998202
 0.463931 0.813272 0.956368 0.991016 0.998202
 0.463931 0.813272 0.956368 0.991016 0.998202
 0.463931 0.813272 0.956368 0.991016 0.998202
 0.463931 0.813272 0.956368 0.991016 0.998202
 0.463931 0.813272 0.956368 0.991016 0.998202
 0.463931 0.813272 0.956368 0.991016 0.998202
 0.463931 0.813272 0.956368 0.991016 0.998202
 0.463931 0.813272 0.956368 0.991016 0.998202
 0.463931 0.813272 0.956368 0.991016 0.998202
 0.463931 0.813272 0.956368 0.991016 0.998202
 0.463931 0.813272 0.956368 0.991016 0.998202
 0.463931 0.813272 0.956368 0.991016 0.998202
 0.463931 0.813272 0.956368 0.991016 0.998202
 0.463931 0.813272 0.956368 0.991016 0.998202
 0.463931 0.813272 0.956368 0.991016 0.998202
 0.463931 0.813272 0.956368 0.991016 0.998202
 0.463931 0.813272 0.956368 0.991016 0.998202
 0.463931 0.813272 0.956368 0.991016 0.998202
 0.463931 0.813272 0.956368 0.991016 0.998202
 0.463931 0.813272 0.956368 0.991016 0.998202
 0.463931 0.813272 0.956368 0.991016 0.998202
 0.463931 0.813272 0.956368 0.991016 0.998202
pf_obs 
 0.8446 0.082 0.0669 0.0065 0
 0.8095 0.147 0.0364 0.0071 0
 0.9664 0.0169 0.016 0.0007 0
 0.9276 0.0648 0.0075 0.0001 0
 0.7033 0.2144 0.0806 0.0017 0
 0.9318 0.0425 0.0243 0.0014 0
 0.5671 0.3108 0.0964 0.0239 0.0018
 0.0768 0.2599 0.5324 0.112 0.0189
 0.490249 0.384438 0.106611 0.0170017 0.00170017
 0.7925 0.1577 0.0466 0.003 0.0002
 0.840416 0.127587 0.0312969 0.00059994 9.999e-05
 0.8084 0.0986 0.0794 0.0134 0.0002
 0.7335 0.1905 0.0724 0.0035 0.0001
 0.4001 0.4547 0.1325 0.0127 0
 0.49795 0.308269 0.164784 0.0264974 0.00249975
 0.9179 0.0499 0.0305 0.0017 0
 0.2467 0.6533 0.0926 0.0074 0
 0.9418 0.0223 0.034 0.0019 0
 0.707729 0.231977 0.0356964 0.0245975 0
 0.517169 0.277429 0.184464 0.0207286 0.00020938
 0.811772 0.124168 0.05621 0.00726502 0.000585176
 0.764997 0.148141 0.077277 0.00933861 0.000247198
 0.163321 0.427699 0.378323 0.0303852 0.000271297
 0.753843 0.0900009 0.118128 0.0371064 0.000921714
 0.721811 0.176058 0.0630433 0.0369309 0.00215725
 0.143369 0.312575 0.442814 0.0836902 0.0175525
 0.692698 0.0596174 0.167031 0.0765114 0.00414204
 0.394062 0.376323 0.152708 0.0712218 0.00568511
 0.125707 0.32114 0.495352 0.0537591 0.00404204
 0.23352 0.215282 0.420074 0.123614 0.00750983
 0.774587 0.0839891 0.0768558 0.0609784 0.00358967
pf_pred 
 0.00578199 0.141529 0.734227 0.118461 4.62599e-07
 0.0152981 0.0155853 0.148952 0.706705 0.11346
 0.979838 0.00125386 0.000346352 0.00287229 0.0156892
 0.0347256 0.960533 0.000338405 8.13045e-05 0.00432177
 0.106287 0.108882 0.781523 0.000238009 0.00307029
 0.999242 0.000514477 3.9549e-05 0.000203601 8.44941e-07
 0.00780579 0.991963 0.00016267 1.1112e-05 5.70656e-05
 0.020663 0.0293781 0.949769 0.00013381 5.55843e-05
 0.968909 0.00220604 0.000974814 0.0279044 5.52618e-06
 0.0650705 0.92846 0.000531978 0.000202052 0.00573599
 0.957958 0.0120959 0.0297799 1.38485e-05 0.000152673
 0.929397 0.0698453 0.000240409 0.000514374 2.85261e-06
 0.395119 0.594802 0.00998813 2.9024e-05 6.1851e-05
 0.892965 0.0820724 0.0246164 0.000343433 3.091e-06
 0.713967 0.281999 0.00326382 0.000760045 1.05466e-05
 0.979792 0.0194356 0.00076431 6.62436e-06 1.53853e-06
 0.0315125 0.964311 0.00404242 0.000133025 1.40638e-06
 0.985113 0.00174097 0.0130979 4.69313e-05 1.54699e-06
 0.457967 0.539684 0.000304825 0.00203665 7.48824e-06
 0.116986 0.639488 0.242592 0.000121946 0.000812465
 0.920201 0.0282671 0.0388335 0.0126498 4.829e-05
 0.812535 0.184175 0.0012953 0.00150662 0.000488053
 0.0171307 0.928491 0.0535605 0.000323659 0.000494128
 0.876424 0.00660271 0.111212 0.00567548 8.60455e-05
 0.564737 0.418772 0.000988622 0.0147438 0.000758647
 0.100064 0.715814 0.177894 0.000375532 0.00585199
 0.877266 0.0319691 0.0738587 0.0163381 0.000568057
 0.762989 0.228916 0.00233397 0.00469449 0.00106623
 0.0510797 0.853941 0.092054 0.000846875 0.00207824
 0.0619504 0.118205 0.74449 0.0730453 0.00230856
 0.96719 0.00753048 0.00363284 0.0196725 0.00197431
pobs_RECLAS
 0 0 0 0 0
 0 0 0 0 0
 0 0 0 0 0
 0 0 0 0 0
 0 0 0 0 0
 0 0 0 0 0
 0 0 0 0 0
 0 0 0 0 0
 0 0 0 0 0
 0 0 0 0 0
 0.991045 0.00858322 0.000360255 1.14367e-05 0
 0.934742 0.0480273 0.0164251 0.00080598 0
 0.827803 0.169806 0.00239088 0 0
 0.941827 0.0461693 0.0120037 0 0
 0.791401 0.0380133 0.147996 0.0225897 0
 0.846168 0.0940531 0.0597789 0 0
 0.134021 0.677848 0.182769 0.00536245 0
 0.80878 0.0450904 0.141981 0.00414843 0
 0.846168 0.0940531 0.0597789 0 0
 0.905697 0.0802665 0.012482 0.00150086 5.37128e-05
 0.989698 0.0102097 9.19794e-05 0 0
 0.975433 0.0193895 0.00387452 0.00125025 5.28907e-05
 0.303575 0.632131 0.0575291 0.00676475 0
 0.966965 0.00978017 0.0227588 0.000495775 0
 0.843318 0.132988 0.00938335 0.0141283 0.000182051
 0.564624 0.303363 0.111486 0.0197234 0.00080311
 0.826376 0.0876187 0.0782897 0.00655872 0.00115652
 0.89761 0.0855135 0.0140674 0.00269457 0.000114338
 0.34875 0.467042 0.161289 0.0227151 0.000203297
 0.318654 0.224769 0.449479 0.00709798 0
 0.937255 0.0296025 0.0250945 0.00804832 0
ppred_RECLAS
 0.0150184 0.150123 0.719309 0.115549 4.51122e-07
 0.0438794 0.0166791 0.145037 0.684535 0.10987
 0.993016 0.000476458 0.000119848 0.00098875 0.00539935
 0.0883443 0.907604 0.000290708 6.94768e-05 0.00369203
 0.378081 0.0882859 0.531407 0.000160232 0.00206589
 0.999712 0.000200988 1.41662e-05 7.25801e-05 3.01131e-07
 0.0210845 0.978709 0.000145502 9.88521e-06 5.07507e-05
 0.0559039 0.0308367 0.913078 0.000128018 5.31647e-05
 0.989417 0.000825798 0.000331015 0.00942426 1.86585e-06
 0.178485 0.816503 0.000414822 0.000156495 0.00444113
 0.984842 0.00465817 0.0104416 4.83048e-06 5.32391e-05
 0.973954 0.0257948 8.00003e-05 0.000170176 9.43472e-07
 0.657948 0.336939 0.00506751 1.4635e-05 3.11775e-05
 0.967731 0.0255148 0.00666082 9.22037e-05 8.29519e-07
 0.906146 0.0927205 0.000918573 0.000212037 2.94093e-06
 0.992959 0.00679858 0.000240047 2.06804e-06 4.80155e-07
 0.082654 0.913765 0.00346613 0.000113429 1.19885e-06
 0.994576 0.000684783 0.00472188 1.68378e-05 5.54881e-07
 0.683423 0.315323 0.000163372 0.00108636 3.99327e-06
 0.271186 0.541765 0.186336 9.31585e-05 0.000620491
 0.972048 0.0105807 0.0131096 0.00424589 1.62035e-05
 0.922378 0.0763895 0.000487073 0.000563461 0.000182474
 0.0432906 0.908027 0.0479543 0.000288371 0.000440142
 0.952149 0.00277907 0.042862 0.00217675 3.29931e-05
 0.767529 0.224392 0.000486489 0.00722125 0.00037148
 0.224163 0.627749 0.143103 0.000300652 0.00468394
 0.953321 0.013028 0.0274093 0.00603178 0.000209661
 0.88982 0.106718 0.00100151 0.00200524 0.000455329
 0.117936 0.79998 0.0795676 0.000728772 0.00178799
 0.163965 0.114704 0.655357 0.063953 0.00202063
 0.989587 0.00261068 0.00112724 0.00606649 0.000608629
pobs_PELACES
 0 0 0 0 0
 0 0 0 0 0
 0 0 0 0 0
 0 0 0 0 0
 0 0 0 0 0
 0 0 0 0 0
 0 0 0 0 0
 0 0 0 0 0
 0 0 0 0 0
 0 0 0 0 0
 0 0 0 0 0
 0 0 0 0 0
 0 0 0 0 0
 0 0 0 0 0
 0 0 0 0 0
 0 0 0 0 0
 0.505614 0.472636 0.0217494 0 0
 0 0 0 0 0
 0.443492 0.261883 0.143347 0.151278 0
 0.227955 0.32914 0.350689 0.0885471 0.00366901
 0.970185 0.0296113 0.000203453 0 0
 0.997202 0.00247181 0.000326279 0 0
 0.445219 0.490057 0.0546422 0.010081 0
 0.90214 0.0892962 0.00764917 0.000914606 0
 0 0 0 0 0
 0.581667 0.319106 0.0959925 0.00289975 0.000334073
 0.762889 0.0836404 0.116647 0.0363945 0.000428098
 0.88444 0.0763242 0.0277011 0.0115352 0
 0.521256 0.241999 0.230069 0.00667565 0
 0.616807 0.101726 0.260614 0.0208532 0
 0.833518 0.0704572 0.0857862 0.0102388 0
ppred_PELACES
 0.00798719 0.131932 0.737392 0.122689 4.82458e-07
 0.0277024 0.014511 0.143582 0.700903 0.113302
 0.988682 0.00065885 0.000188779 0.00161093 0.00885989
 0.0660889 0.929014 0.000338266 8.36099e-05 0.00447483
 0.415852 0.0789398 0.503023 0.000156229 0.00202824
 0.999547 0.000299622 2.42904e-05 0.000128797 5.3821e-07
 0.0158852 0.983877 0.000165706 1.16409e-05 6.01909e-05
 0.0339653 0.0275948 0.938247 0.000136128 5.69383e-05
 0.983662 0.00110126 0.000500448 0.0147335 2.93782e-06
 0.161093 0.833037 0.000468707 0.000182604 0.00521869
 0.977135 0.00640915 0.0163616 7.82904e-06 8.69049e-05
 0.96713 0.0325054 0.000113428 0.000249395 1.39251e-06
 0.612935 0.380605 0.00640057 1.90996e-05 4.09773e-05
 0.96699 0.0256174 0.00728801 0.000104088 9.43006e-07
 0.913687 0.0851868 0.00090749 0.000215962 3.01628e-06
 0.991283 0.00838193 0.000331749 2.95353e-06 6.9062e-07
 0.0641732 0.931695 0.00399505 0.000135169 1.43881e-06
 0.990928 0.00101283 0.00802816 2.96263e-05 9.83334e-07
 0.590046 0.408029 0.000243331 0.00167464 6.19988e-06
 0.212247 0.566224 0.220649 0.000114068 0.000765182
 0.961668 0.013382 0.018674 0.00625176 2.40284e-05
 0.898782 0.0993612 0.000717769 0.000858591 0.000280036
 0.0297235 0.914009 0.0553928 0.000344689 0.000529875
 0.922299 0.00395458 0.0700113 0.00367927 5.61671e-05
 0.683345 0.303628 0.000759137 0.0116636 0.00060432
 0.157803 0.662155 0.173736 0.000377773 0.00592772
 0.930056 0.017657 0.042317 0.00963228 0.000337207
 0.836814 0.15713 0.00170748 0.00353948 0.000809497
 0.0750212 0.826204 0.0956266 0.000907047 0.00224144
 0.115588 0.10849 0.702751 0.0709142 0.00225657
 0.986075 0.00313885 0.0015144 0.00842077 0.00085082
pobs_pel_tallas
 0 0 0 0 0 0 0 0 0 0 0 0 0 0 0 0 0 0 0 0 0 0 0 0 0 0
 0 0 0 0 0 0 0 0 0 0 0 0 0 0 0 0 0 0 0 0 0 0 0 0 0 0
 0 0 0 0 0 0 0 0 0 0 0 0 0 0 0 0 0 0 0 0 0 0 0 0 0 0
 0 0 0 0 0 0 0 0 0 0 0 0 0 0 0 0 0 0 0 0 0 0 0 0 0 0
 0 0 0 0 0 0 0 0 0 0 0 0 0 0 0 0 0 0 0 0 0 0 0 0 0 0
 0 0 0 0 0 0 0 0 0 0 0 0 0 0 0 0 0 0 0 0 0 0 0 0 0 0
 0 0 0 0 0 0 0 0 0 0 0 0 0 0 0 0 0 0 0 0 0 0 0 0 0 0
 0 0 0 0 0 0 0 0 0 0 0 0 0 0 0 0 0 0 0 0 0 0 0 0 0 0
 0 0 0 0 0 0 0 0 0 0 0 0 0 0 0 0 0 0 0 0 0 0 0 0 0 0
 0 0 0 0 0 0 0 0 0 0 0 0 0 0 0 0 0 0 0 0 0 0 0 0 0 0
 0 0 0 0 0 0 0 0 0 0 0 0 0 0 0 0 0 0 0 0 0 0 0 0 0 0
 0 0 0 0 0 0 0 0 0 0 0 0 0 0 0 0 0 0 0 0 0 0 0 0 0 0
 0.00862536 0 0 0.000197151 0.00414017 0.0128641 0.00837892 0.0270097 0.101434 0.158115 0.152841 0.127902 0.109271 0.109419 0.0830992 0.0579132 0.0238553 0.00714673 0.00463305 0.00128148 0.00103504 0.000492878 0.000147863 0.000147863 4.92878e-05 0
 0 0 0 0 0 0 0 0 0 0 0 0 0 0 0 0 0 0 0 0 0 0 0 0 0 0
 0 0 0 0 0 0 0 0.0054083 0.00873648 0.0413646 0.0450493 0.0745869 0.0622846 0.0627006 0.0613931 0.0827291 0.12552 0.122667 0.0946155 0.0697135 0.0546179 0.0294188 0.0215738 0.0213955 0.0102223 0.00600262
 0 0 0 0 0.00359764 0.0251062 0.0480494 0.140153 0.205849 0.193036 0.1447 0.116669 0.0760912 0.0342217 0.00950174 0.001854 0.000860785 0 0 0 0.000165536 0 0.000143464 0 0 0
 0 0 0 0 0 0 0 0.000145254 0.000435761 0.0275982 0.070085 0.0708112 0.156366 0.174668 0.174014 0.160142 0.0824315 0.0480064 0.0283245 0.00493863 0.00203355 0 0 0 0 0
 0 0 0 0 0 0 0 0 0 0 0 0 0 0 0 0 0 0 0 0 0 0 0 0 0 0
 0 0 1.00437e-05 0.000401748 0.00122533 0.00171747 0.00176769 0.0269171 0.070346 0.194647 0.189555 0.159765 0.064822 0.0314167 0.0384472 0.0292271 0.0345202 0.0313363 0.0194345 0.0106764 0.0143323 0.0359363 0.0279516 0.0138201 0.00172751 0
 0 0.0021121 0.0136068 0.0755702 0.200478 0.177729 0.0527432 0.0373336 0.0318909 0.0142505 0.0149659 0.0166563 0.0217959 0.0798694 0.0677717 0.0528807 0.04013 0.0224614 0.0357745 0.0225083 0.00881397 0.00855152 0.00135912 0.000746735 0 0
 0 0 0 0 5.4009e-05 0.00500934 0.000945158 0.0243581 0.138947 0.33067 0.221406 0.137944 0.0707744 0.0437923 0.0131692 0.00525238 0.0047753 0.00276346 9.45158e-05 9.00151e-06 2.25038e-05 9.00151e-06 4.50075e-06 0 0 0
 0.000866109 0.00284123 0.00948549 0.0512746 0.133035 0.25785 0.225252 0.132002 0.0553304 0.0519788 0.0540692 0.017754 0.00435017 0.00159236 0.00146478 0.000404838 0.000125132 0.000115318 0.000107957 0.000100596 0 0 0 0 0 0
 0 0 0 0 0.00144013 0.00171154 0.00461396 0.0210425 0.0478622 0.0707936 0.0888783 0.103762 0.0637923 0.0337046 0.0602308 0.124433 0.169614 0.0934646 0.0462172 0.0250306 0.0313229 0.00938855 0.002487 0.000210481 0 0
 0 0.00764035 0.051015 0.0998891 0.058973 0.0496711 0.0374665 0.0718981 0.12319 0.153886 0.159021 0.0857701 0.0377988 0.023471 0.0147837 0.00900784 0.00315554 0.000888139 0.00291439 0.00214683 0.00393193 0.00274676 0.000635225 9.99891e-05 0 0
 0 0 0 0 0 0 0 0 0 0 0 0 0 0 0 0 0 0 0 0 0 0 0 0 0 0
 0 0 0 0 0 0 0 0 0 0 0 0 0 0 0 0 0 0 0 0 0 0 0 0 0 0
 0 0 0 0 0 0 0 0 0 0 0 0 0 0 0 0 0 0 0 0 0 0 0 0 0 0
 0 0 0 0 0 0 0 0 0 0 0 0 0 0 0 0 0 0 0 0 0 0 0 0 0 0
 0 0 0 0 0 0 0 0 0 0 0 0 0 0 0 0 0 0 0 0 0 0 0 0 0 0
 0 0 0 0 0 0 0 0 0 0 0 0 0 0 0 0 0 0 0 0 0 0 0 0 0 0
 0 0 0 0 0 0 0 0 0 0 0 0 0 0 0 0 0 0 0 0 0 0 0 0 0 0
ppred_pel_tallas
 1.33618e-16 6.57925e-07 6.39528e-06 4.24995e-05 0.000193205 0.000601206 0.00128144 0.00187319 0.00188705 0.00134974 0.000833873 0.000879973 0.00182205 0.00407552 0.00826932 0.0150817 0.02502 0.038344 0.0551083 0.0750483 0.0970882 0.118735 0.136081 0.14491 0.142494 0.128973
 1.93612e-16 2.28182e-06 2.21801e-05 0.000147394 0.000670035 0.00208474 0.00444182 0.00648336 0.00648525 0.0044513 0.00211813 0.000773639 0.000435492 0.000748078 0.00168017 0.00360361 0.00726572 0.0138332 0.0248734 0.0420738 0.0665783 0.0980534 0.133896 0.169138 0.197402 0.212739
 1.01667e-16 8.14364e-05 0.000791591 0.0052604 0.023913 0.0744022 0.158522 0.231367 0.231367 0.158522 0.0744033 0.0239162 0.00526862 0.000810133 0.000118599 7.284e-05 0.000111977 0.000176599 0.000273645 0.000423553 0.000652844 0.000983013 0.00141466 0.0019144 0.002413 0.00281927
 1.01013e-16 5.44385e-06 5.29162e-05 0.000351651 0.00159861 0.00497435 0.0106017 0.0154922 0.0155815 0.0110381 0.00643896 0.00582612 0.0109529 0.0231608 0.0437898 0.0721178 0.103262 0.12854 0.139112 0.130917 0.10718 0.0764148 0.0475807 0.0260806 0.0128685 0.00606303
 1.14896e-16 3.42532e-05 0.000332954 0.00221259 0.0100581 0.0312946 0.0666768 0.0973185 0.0973269 0.0667181 0.0314353 0.010474 0.00329268 0.0028103 0.0050881 0.00926361 0.0154411 0.0237661 0.0342268 0.0465192 0.0597391 0.0720828 0.0809911 0.0839773 0.0797861 0.0691336
 1.00014e-16 8.23313e-05 0.00080029 0.00531821 0.0241758 0.0752199 0.160264 0.23391 0.23391 0.160264 0.0752204 0.0241772 0.00532165 0.000807804 9.66187e-05 2.9459e-05 3.45218e-05 4.34256e-05 4.86127e-05 4.87946e-05 4.51549e-05 4.03246e-05 3.67046e-05 3.5189e-05 3.50569e-05 3.48023e-05
 1.00268e-16 1.30865e-06 1.27206e-05 8.45377e-05 0.000384354 0.00119638 0.0025525 0.00374528 0.00383989 0.00301464 0.00274745 0.00486142 0.0113115 0.0244843 0.0463684 0.076369 0.109342 0.136091 0.147246 0.138496 0.113244 0.0805005 0.0497538 0.0267425 0.0125085 0.00510063
 1.27107e-16 2.79769e-06 2.71945e-05 0.000180717 0.000821516 0.00255606 0.00544611 0.00794959 0.00795369 0.00546682 0.00262977 0.00105269 0.000829847 0.00167145 0.00378892 0.00798243 0.0154918 0.0277515 0.0458762 0.0698144 0.0974562 0.124335 0.144523 0.152697 0.146414 0.127281
 1.01493e-16 8.10229e-05 0.000787572 0.00523369 0.0237916 0.0740245 0.157717 0.230193 0.230193 0.157718 0.0740264 0.0237971 0.00524781 0.00081966 0.000145984 0.000124485 0.000200581 0.000319583 0.000494272 0.000750786 0.00111591 0.00159823 0.00216742 0.00274573 0.00322192 0.00348598
 1.01128e-16 1.32692e-05 0.000128982 0.000857132 0.00389645 0.0121237 0.0258338 0.037722 0.0378021 0.0262251 0.013437 0.00768725 0.0103633 0.02085 0.0392753 0.0646706 0.0926005 0.115274 0.124767 0.117442 0.0961922 0.068654 0.042859 0.023647 0.0118645 0.00581306
 1.0049e-16 8.04853e-05 0.000782346 0.00519896 0.0236337 0.0735333 0.15667 0.228665 0.228666 0.156674 0.0735439 0.0236647 0.00527793 0.000958477 0.000425918 0.000605099 0.000929505 0.00130456 0.00168853 0.00205451 0.00238643 0.00266083 0.00283153 0.00283996 0.00264922 0.00227477
 1.00037e-16 7.96613e-05 0.000774336 0.00514573 0.0233918 0.0727805 0.155067 0.226325 0.226328 0.155082 0.0728317 0.0235397 0.00551671 0.00158301 0.00161203 0.00252986 0.00361536 0.00450156 0.00487472 0.00459268 0.00376805 0.00269796 0.00169455 0.000945416 0.000482811 0.000240637
 1.00291e-16 5.04867e-05 0.000490749 0.0032612 0.014825 0.0461262 0.098278 0.143447 0.143484 0.0984568 0.0467264 0.0165576 0.0076065 0.00996384 0.018004 0.0295857 0.0423824 0.0528077 0.0572435 0.0540223 0.0444461 0.0319682 0.0202176 0.0113768 0.00583213 0.00283966
 1.00228e-16 7.96497e-05 0.000774223 0.00514498 0.0233884 0.0727699 0.155044 0.226292 0.226294 0.155056 0.0728105 0.0235057 0.00543991 0.00141886 0.0013063 0.00203958 0.00294419 0.00373032 0.00416009 0.00412175 0.00368696 0.00305368 0.00242062 0.00189406 0.00148117 0.0011433
 1.00071e-16 7.52592e-05 0.000731546 0.00486138 0.0220991 0.0687587 0.146498 0.21382 0.213828 0.146538 0.068893 0.0224869 0.00583378 0.00285133 0.00409239 0.00662352 0.00948029 0.0118082 0.0127932 0.0120622 0.00990833 0.00710701 0.00447346 0.0024981 0.00126718 0.000611786
 1.00013e-16 8.16506e-05 0.000793673 0.00527424 0.0239759 0.074598 0.158939 0.231976 0.231977 0.158943 0.0746112 0.0240141 0.00537 0.00100249 0.000477543 0.000658409 0.000936183 0.00116787 0.00126919 0.00120321 0.000998142 0.000729076 0.000474667 0.000281855 0.000158622 8.89098e-05
 1.00368e-16 5.28606e-06 5.13824e-05 0.000341459 0.00155228 0.00483019 0.0102945 0.015044 0.0151336 0.0107322 0.00629912 0.00579233 0.0109743 0.023229 0.0439235 0.0723429 0.103594 0.128972 0.139609 0.131423 0.107629 0.0767377 0.0477105 0.0259579 0.012456 0.0053636
 1.00236e-16 8.16215e-05 0.00079339 0.00527235 0.0239674 0.0745713 0.158882 0.231893 0.231893 0.158883 0.0745732 0.0239729 0.00528677 0.000826786 0.000150645 0.000134384 0.000219289 0.000345201 0.00050938 0.000707792 0.000925113 0.00113024 0.00127987 0.00133282 0.0012688 0.00109981
 1.00281e-16 4.86014e-05 0.000472423 0.00313942 0.0142714 0.0444038 0.0946083 0.138092 0.138131 0.0948 0.045047 0.0161282 0.00779562 0.0106218 0.0192796 0.0316793 0.0453565 0.056461 0.0611077 0.0575117 0.0470872 0.0335695 0.0208886 0.011414 0.00556501 0.00252051
 1.06654e-16 1.74826e-05 0.000169938 0.0011293 0.00513366 0.015973 0.0340342 0.0496854 0.0497402 0.034302 0.0168728 0.00773506 0.00766905 0.0144787 0.0272866 0.0453257 0.0658503 0.0839532 0.0945664 0.0952267 0.0873767 0.0750929 0.0623806 0.0512501 0.0417147 0.0330352
 1.01174e-16 7.92113e-05 0.000769962 0.00511667 0.0232596 0.0723694 0.154191 0.225046 0.225047 0.154197 0.0723911 0.0233228 0.00527661 0.00112365 0.000764319 0.00117334 0.00176504 0.00239301 0.00296413 0.00343416 0.0038158 0.00413813 0.00439101 0.00450881 0.00440925 0.00405256
 1.0018e-16 7.40315e-05 0.000719613 0.00478208 0.0217387 0.0676371 0.144108 0.210332 0.210342 0.144155 0.0677937 0.0221909 0.00591623 0.00319199 0.0047593 0.00772413 0.011057 0.0137726 0.0149235 0.0140764 0.0115756 0.00832795 0.00528491 0.00301631 0.00161731 0.00088336
 1.01957e-16 2.44847e-06 2.38001e-05 0.000158164 0.000719047 0.00223769 0.00477089 0.0069817 0.00706967 0.00520067 0.0036804 0.00488442 0.0106076 0.0228141 0.0432238 0.071291 0.102312 0.127843 0.139262 0.132569 0.110798 0.0820427 0.0547523 0.0339314 0.0203969 0.0124275
 1.024e-16 7.59685e-05 0.000738441 0.0049072 0.0223074 0.0694067 0.147878 0.215833 0.215833 0.147881 0.0694152 0.0223334 0.00497761 0.00090933 0.000450761 0.000755679 0.00138481 0.00237182 0.00378418 0.00561738 0.00772669 0.00979648 0.0113934 0.0121109 0.0117406 0.0103712
 1.01372e-16 5.62863e-05 0.000547122 0.00363582 0.0165279 0.0514247 0.109567 0.159922 0.159951 0.10971 0.0519035 0.01791 0.00710187 0.00810327 0.0143768 0.0236008 0.0338113 0.0421428 0.0457242 0.0432507 0.0357918 0.0261261 0.0171475 0.0105566 0.00658135 0.00452979
 1.06224e-16 1.29982e-05 0.000126347 0.000839623 0.00381684 0.011876 0.0253053 0.0369473 0.0370112 0.0256178 0.0129255 0.00684958 0.00845762 0.0167742 0.0316815 0.0524867 0.0759078 0.0960652 0.106918 0.105592 0.093985 0.0772972 0.0607681 0.0472245 0.0368697 0.0286434
 1.02249e-16 7.66075e-05 0.000744652 0.00494848 0.0224951 0.0699905 0.149122 0.217649 0.21765 0.149131 0.0700198 0.0225804 0.00516595 0.00122982 0.00102866 0.00165948 0.00257056 0.0036251 0.00473096 0.00583477 0.00691476 0.00792104 0.00871999 0.00911313 0.00893296 0.00814541
 1.00582e-16 6.89273e-05 0.000669998 0.00445237 0.0202398 0.0629737 0.134173 0.195832 0.195847 0.134247 0.0632215 0.0209552 0.00624634 0.00458107 0.00748163 0.0122201 0.0175046 0.0218201 0.0236765 0.0223943 0.018521 0.0134888 0.00879296 0.00531805 0.00319423 0.00207971
 1.03442e-16 6.17956e-06 6.00677e-05 0.000399175 0.00181464 0.00564644 0.0120333 0.0175796 0.0176592 0.0124222 0.00695203 0.00558503 0.00986113 0.020708 0.0391974 0.0647297 0.0930953 0.116743 0.127949 0.123108 0.10486 0.0802945 0.0567477 0.0384681 0.0260583 0.0180232
 1.27802e-16 9.52087e-06 9.25462e-05 0.000615003 0.00279572 0.00869858 0.0185337 0.0270528 0.0270644 0.0185906 0.00889279 0.00337051 0.00211003 0.00352893 0.00704156 0.012944 0.0217129 0.0336915 0.0490136 0.0674104 0.0877272 0.107431 0.12275 0.129809 0.126326 0.112787
 1.01034e-16 8.12217e-05 0.000789504 0.00524653 0.02385 0.0742061 0.158104 0.230757 0.230758 0.158105 0.0742112 0.0238647 0.00528372 0.000871658 0.00024028 0.000277131 0.000412604 0.000567199 0.000725439 0.00089318 0.00109364 0.00135008 0.00166123 0.00198751 0.00225928 0.00240334
pSPR Fmed_Fpbrs
0.254117   0.330741 0.330741
Fs Fmed_Fpbrs
1.34207   1.005 1.005
SSBpbr Bo_Bmed_Bpbrs
1.39875e+06  285509  392687 392687
Ro
26122.8
SPR SPRFo_SPRFmed_SPRFpbrs
186724 47449.6 61757.1
Fref
1.005
Nvult_r0
 92005.6 484.472 227.83 1232.07 123.64
CTP_r0
 41038.5 319.523 154.144 834.715 83.7714
YTP_r0
390738
Np
 89817.2 18107.2 27.1244 10.8396 60.6922
Nvult_p0
 67336.6 15469.8 23.4555 9.37961 52.5193
CTP_p0
 18722.4 7439.85 11.7309 4.70095 26.325
YTP_p0
 262031
CBA_c0
352126
log_Ro
9.99056
likeval ReclasPelacesDesembMPH_pf_preclas_ppelaces_ptallas_desvR_qrecl_qpela
 33.6171 29.7755 0.635093 0.000996004 442.328 143.269 139.197 0 218.779 8.02997e-05 0.00023256 0.667973 0 0 0
q_reclas_q_pelaces
3.56019 8.75483
M
1
N
 1321.21 14443.2 70055.7 11261.5 0.0439685
 781.836 427.942 3911.5 18513.8 2971.97
 250750 171.208 45.1937 373.879 2041.97
 3734.28 55842.6 18.8287 4.5131 239.866
 1076.43 805.287 5683.66 1.7294 22.3081
 294080 75.5586 5.50725 28.2702 0.117303
 1087.27 76316.1 12.0057 0.818287 4.2018
 309.276 222.097 6817.88 0.957872 0.397838
 62436.9 78.1714 33.121 945.97 0.187318
 1450.49 12899.9 7.17742 2.72184 77.2632
 30717.6 207.232 487.638 0.226216 2.4936
 157798 6818.35 22.6103 48.2806 0.267726
 32318.6 28930.8 469.644 1.36226 2.90275
 87662.8 5371.28 1573.58 21.9264 0.197331
 35231 9715.95 110.23 25.6424 0.355803
 271676 3162.49 120.067 1.03869 0.241214
 2742.91 46971.3 189.16 6.21142 0.0656616
 611244 541.411 3864.09 13.8061 0.45502
 268605 157137 84.0999 560.272 2.05965
 23363.3 70492.2 25651.3 12.8657 85.7079
 272214 4780.61 6323.61 2055.73 7.84682
 405148 50704.8 342.08 397.006 128.59
 3012.11 82834 4539.65 27.3568 41.7594
 197578 753.735 12058.5 613.672 9.30248
 136823 49659.5 110.895 1648.86 84.8292
 10416.7 37002.4 8713.91 18.3415 285.775
 140545 2732.16 6031.89 1331.05 46.2732
 220021 31316.4 300.858 603.189 136.975
 8326.23 63439 6410.84 58.7712 144.198
 2474.91 2596.23 15678.4 1534.82 48.5015
 110113 511.597 238.67 1290.14 129.466
pred_Ctot
 100.887 2469.46 12811.1 2066.97 0.00807164
 208.573 212.489 2030.8 9635.17 1546.9
 65135.3 83.351 23.0239 190.937 1042.95
 1019.75 28207 9.9376 2.38759 126.913
 624.11 639.347 4589.04 1.39757 18.0285
 56333.8 29.0044 2.22964 11.4783 0.0476348
 320.462 40724.5 6.67834 0.456198 2.3428
 63.0686 89.6693 2898.93 0.408422 0.169657
 18123.5 41.2641 18.234 521.953 0.103368
 604.319 8622.74 4.94056 1.87648 53.271
 8021.66 101.287 249.368 0.115964 1.27844
 52902.8 3975.71 13.6845 29.279 0.162376
 11931.3 17961.1 301.609 0.876432 1.8677
 42512.1 3907.29 1171.94 16.3501 0.147156
 18765.2 7411.76 85.7828 19.9763 0.277197
 96673.1 1917.65 75.4122 0.653606 0.151802
 844.722 25849.2 108.361 3.56586 0.0376993
 119806 211.732 1592.93 5.70764 0.18814
 50017.7 58942.6 33.292 222.437 0.817842
 6870.4 37556 14247 7.16166 47.7146
 89703 2755.54 3785.57 1233.13 4.70741
 119270 27034.6 190.134 221.154 71.6402
 628.2 34048.6 1964.11 11.8688 18.1201
 40804.5 307.409 5177.81 264.239 4.00611
 23488.1 17417.3 41.118 613.212 31.5531
 1942.63 13896.7 3453.62 7.29053 113.61
 36476.8 1329.28 3071.05 679.338 23.6198
 30676.4 9203.7 93.8386 188.745 42.8685
 813.027 13592 1465.21 13.4796 33.0789
 717.891 1369.78 8627.26 846.459 26.752
 41038.5 319.523 154.144 834.715 83.7714
F
 0.12732 0.306301 0.330774 0.332171 0.332245
 0.518768 1.24803 1.34774 1.35344 1.35374
 0.50192 1.2075 1.30397 1.30948 1.30977
 0.534112 1.28494 1.38761 1.39347 1.39378
 1.6565 3.98513 4.30354 4.32171 4.32267
 0.348967 0.83953 0.906607 0.910436 0.910638
 0.588313 1.41534 1.52842 1.53487 1.53521
 0.375329 0.902948 0.975093 0.979211 0.979428
 0.576935 1.38796 1.49886 1.50519 1.50553
 0.945817 2.2754 2.4572 2.46758 2.46813
 0.505219 1.21543 1.31254 1.31809 1.31838
 0.696412 1.6754 1.80926 1.8169 1.8173
 0.794576 1.91155 2.06429 2.073 2.07346
 1.19973 2.88625 3.11686 3.13002 3.13072
 1.41057 3.39348 3.66461 3.68009 3.6809
 0.755073 1.81652 1.96166 1.96994 1.97038
 0.622596 1.49781 1.61749 1.62432 1.62468
 0.358379 0.862173 0.931059 0.934991 0.935198
 0.337741 0.812521 0.87744 0.881145 0.881341
 0.586598 1.41121 1.52396 1.5304 1.53074
 0.680568 1.63728 1.7681 1.77556 1.77596
 0.587412 1.41317 1.52608 1.53252 1.53287
 0.385356 0.927073 1.00114 1.00537 1.0056
 0.380945 0.91646 0.989684 0.993863 0.994084
 0.307707 0.740268 0.799415 0.802791 0.802969
 0.338323 0.813921 0.878952 0.882664 0.88286
 0.501385 1.20621 1.30258 1.30809 1.30838
 0.243646 0.586152 0.632985 0.635658 0.635799
 0.165351 0.397794 0.429577 0.431391 0.431487
 0.576423 1.38673 1.49753 1.50385 1.50419
 0.805195 1.9371 2.09187 2.10071 2.10117
nmprior
 8.19 8.8 8.5 0
nm_flota  nm_reclas  nm_pelaces    nm_pelaL
inf 8.07259 3.29851 4.7186
cv_recla  cv_pelaces  cv_mph
0.524451 0.618731 0.973948
 ------------------------------------------------
Talla a la edad & desviaci?n 
 8 13.2811 15.8009 17.003 17.5766
 0.8 1.32811 1.58009 1.7003 1.75766
