years
 1991 1992 1993 1994 1995 1996 1997 1998 1999 2000 2001 2002 2003 2004 2005 2006 2007 2008 2009 2010 2011 2012 2013 2014 2015 2016 2017 2018 2019 2020 2021
reclasobs
 0 0 0 0 0 0 0 0 0 252601 567819 844713 477998 351125 339783 2.1784e+06 2.13404e+06 4.81314e+06 1.55562e+06 2.62356e+06 3.21686e+06 3.843e+06 1.13348e+06 3.07943e+06 1.97215e+06 2.03268e+06 2.025e+06 2.42433e+06 2.27542e+06 1.05018e+06 2.36338e+06
reclaspred
 2.82909e+06 1.46974e+06 713388 369592 138881 1.48711e+06 621781 323814 216086 206856 381750 614930 594041 413193 346755 1.68482e+06 1.2682e+06 3.87998e+06 3.12001e+06 1.96813e+06 3.68478e+06 3.10985e+06 2.03361e+06 3.42589e+06 2.36704e+06 1.82983e+06 2.56945e+06 3.27099e+06 2.47383e+06 1.16917e+06 1.71102e+06
pelacesobs
 0 0 0 0 0 0 0 0 0 0 0 0 0 0 0 552880 188675 0 991730 2.46772e+06 1.41603e+06 1.21717e+06 2.29649e+06 1.80582e+06 0 1.4828e+06 1.56532e+06 1.57751e+06 1.42118e+06 867257 1.10002e+06
pelacespred
 800925 424567 190800 68791.1 26999.3 411780 127485 95835.5 46593.9 45559.8 104718 139760 150592 102751 87224.3 401929 303343 1.12876e+06 897902 520981 991634 850894 564339 1.07988e+06 702688 543008 885353 1.10253e+06 689887 373585 520685
mphobs
 0 0 0 0 0 0 0 0 0 0 0 498337 0 5186 125008 0 168611 109162 213762 579715 649985 157893 87575 83554 0 0 0 0 0 0 0
mphpred
 1.72516e+06 916013 421245 210976 75119.4 36400.5 482114 157033 83331.6 39867.2 45166.3 151141 184408 139444 72801.1 84002.3 665134 457841 1.36927e+06 953041 844765 1.16644e+06 1.14181e+06 758379 1.18565e+06 883259 627082 828061 1.42051e+06 827464 359903
desembarqueobs
 494567 514787 250237 358949 120608 361735 552515 73892 212993 205616 52469 317467 293654 387597 252695 516296 358380 742168 942051 627588 828172 859565 418607 520667 417249 300574 407403 355545 319650 289779 391294
desembarquepred
 494518 514858 249651 358821 120563 361586 552005 73879.8 212848 205495 52464.2 317317 293485 387159 252502 516007 358308 741796 941125 626945 827917 859071 418467 520554 417103 300456 407266 355430 319542 289651 391172
Reclutas
 71900.3 109089 83456.9 43079.5 21143.9 277780 33309.8 9987.64 25194.7 52346.7 65657.4 121357 92451.7 67104.1 51626.6 409009 35027.4 657631 328885 206941 388946 508238 49842.9 284300 198285 73538.6 245121 305442 45682.4 26346.4 181824
log_desv_Rt
 -0.322524 0.0943618 -0.173475 -0.834757 -1.54645 1.02902 -1.09195 -2.29646 -1.37117 -0.639916 -0.413355 0.200935 -0.071118 -0.39156 -0.653768 1.41593 -1.04167 1.89084 1.1979 0.734631 1.36564 1.63314 -0.68893 1.05223 0.691901 -0.299995 0.903946 1.12396 -0.776091 -1.32647 0.605232
SSB
 1.72516e+06 916013 421245 210976 75119.4 36400.5 482114 157033 83331.6 39867.2 45166.3 151141 184408 139444 72801.1 84002.3 665134 457841 1.36927e+06 953041 844765 1.16644e+06 1.14181e+06 758379 1.18565e+06 883259 627082 828061 1.42051e+06 827464 359903
BT
 2.28738e+06 1.49326e+06 675061 445810 162459 1.26902e+06 776436 288666 310279 298517 285420 583476 610585 635996 453146 1.33716e+06 981106 3.27089e+06 2.9646e+06 1.78044e+06 2.96799e+06 2.75589e+06 1.66535e+06 2.98201e+06 2.01563e+06 1.52451e+06 2.46616e+06 2.90056e+06 1.85811e+06 1.16182e+06 1.58315e+06
Ftot
 0.274768 0.569721 0.577579 1.47302 1.38526 0.580286 1.28132 0.382314 1.74308 1.90784 0.310607 1.00316 0.926773 1.69435 1.45959 0.713339 0.454939 0.423516 0.541383 0.56211 0.438524 0.522958 0.331113 0.31104 0.310476 0.280502 0.326254 0.227328 0.204738 0.387093 0.480184
BD_Bspro_t
 0.95729 0.707434 0.474073 0.333935 0.145386 0.10329 0.482961 0.205143 0.160941 0.105432 0.146575 0.432052 0.350092 0.255642 0.14947 0.174291 0.497089 0.397048 0.595392 0.475537 0.405418 0.481897 0.506078 0.446349 0.587084 0.575354 0.5531 0.645245 0.739213 0.624704 0.467471
BD_Bspro
 2.43135 1.29098 0.593682 0.297339 0.105869 0.051301 0.679467 0.221315 0.117443 0.0561868 0.0636551 0.213011 0.259895 0.196525 0.102602 0.118389 0.937406 0.645258 1.92978 1.34317 1.19057 1.64392 1.60921 1.06882 1.67099 1.24482 0.883778 1.16703 2.00199 1.16619 0.507229
BD_Bo
 1.10629 0.58741 0.270132 0.135293 0.0481717 0.0233425 0.309164 0.100701 0.0534379 0.0255656 0.0289637 0.0969223 0.118255 0.089421 0.0466851 0.053868 0.42653 0.293599 0.87807 0.611155 0.541721 0.748001 0.732208 0.486325 0.760319 0.566406 0.402128 0.53101 0.910928 0.530627 0.230794
BD_Brms
 5.23415 2.77919 1.27806 0.640104 0.227913 0.110439 1.46274 0.47644 0.252829 0.120957 0.137035 0.458564 0.559495 0.423074 0.220879 0.254864 2.01802 1.38909 4.15437 2.89153 2.56302 3.53899 3.46426 2.30093 3.59726 2.67981 1.90257 2.51234 4.30983 2.51053 1.09195
Sel_flota
 0.600731 0.966201 0.998162 0.999903 0.999995
 0.600731 0.966201 0.998162 0.999903 0.999995
 0.600731 0.966201 0.998162 0.999903 0.999995
 0.600731 0.966201 0.998162 0.999903 0.999995
 0.600731 0.966201 0.998162 0.999903 0.999995
 0.600731 0.966201 0.998162 0.999903 0.999995
 0.600731 0.966201 0.998162 0.999903 0.999995
 0.600731 0.966201 0.998162 0.999903 0.999995
 0.600731 0.966201 0.998162 0.999903 0.999995
 0.600731 0.966201 0.998162 0.999903 0.999995
 0.600731 0.966201 0.998162 0.999903 0.999995
 0.600731 0.966201 0.998162 0.999903 0.999995
 0.600731 0.966201 0.998162 0.999903 0.999995
 0.600731 0.966201 0.998162 0.999903 0.999995
 0.600731 0.966201 0.998162 0.999903 0.999995
 0.600731 0.966201 0.998162 0.999903 0.999995
 0.600731 0.966201 0.998162 0.999903 0.999995
 0.600731 0.966201 0.998162 0.999903 0.999995
 0.600731 0.966201 0.998162 0.999903 0.999995
 0.600731 0.966201 0.998162 0.999903 0.999995
 0.600731 0.966201 0.998162 0.999903 0.999995
 0.600731 0.966201 0.998162 0.999903 0.999995
 0.600731 0.966201 0.998162 0.999903 0.999995
 0.600731 0.966201 0.998162 0.999903 0.999995
 0.600731 0.966201 0.998162 0.999903 0.999995
 0.600731 0.966201 0.998162 0.999903 0.999995
 0.600731 0.966201 0.998162 0.999903 0.999995
 0.600731 0.966201 0.998162 0.999903 0.999995
 0.600731 0.966201 0.998162 0.999903 0.999995
 0.600731 0.966201 0.998162 0.999903 0.999995
 0.600731 0.966201 0.998162 0.999903 0.999995
Sel_reclas
 1 1 1 1 1
 1 1 1 1 1
 1 1 1 1 1
 1 1 1 1 1
 1 1 1 1 1
 1 1 1 1 1
 1 1 1 1 1
 1 1 1 1 1
 1 1 1 1 1
 1 1 1 1 1
 1 1 1 1 1
 1 1 1 1 1
 1 1 1 1 1
 1 1 1 1 1
 1 1 1 1 1
 1 1 1 1 1
 1 1 1 1 1
 1 1 1 1 1
 1 1 1 1 1
 1 1 1 1 1
 1 1 1 1 1
 1 1 1 1 1
 1 1 1 1 1
 1 1 1 1 1
 1 1 1 1 1
 1 1 1 1 1
 1 1 1 1 1
 1 1 1 1 1
 1 1 1 1 1
 1 1 1 1 1
 1 1 1 1 1
Sel_pelaces
 1 1 1 1 1
 1 1 1 1 1
 1 1 1 1 1
 1 1 1 1 1
 1 1 1 1 1
 1 1 1 1 1
 1 1 1 1 1
 1 1 1 1 1
 1 1 1 1 1
 1 1 1 1 1
 1 1 1 1 1
 1 1 1 1 1
 1 1 1 1 1
 1 1 1 1 1
 1 1 1 1 1
 1 1 1 1 1
 1 1 1 1 1
 1 1 1 1 1
 1 1 1 1 1
 1 1 1 1 1
 1 1 1 1 1
 1 1 1 1 1
 1 1 1 1 1
 1 1 1 1 1
 1 1 1 1 1
 1 1 1 1 1
 1 1 1 1 1
 1 1 1 1 1
 1 1 1 1 1
 1 1 1 1 1
 1 1 1 1 1
pf_obs 
 0.8446 0.082 0.0669 0.0065 0
 0.8095 0.147 0.0364 0.0071 0
 0.9664 0.0169 0.016 0.0007 0
 0.9276 0.0648 0.0075 0.0001 0
 0.7033 0.2144 0.0806 0.0017 0
 0.9318 0.0425 0.0243 0.0014 0
 0.5671 0.3108 0.0964 0.0239 0.0018
 0.0768 0.2599 0.5324 0.112 0.0189
 0.490249 0.384438 0.106611 0.0170017 0.00170017
 0.7925 0.1577 0.0466 0.003 0.0002
 0.840416 0.127587 0.0312969 0.00059994 9.999e-05
 0.8084 0.0986 0.0794 0.0134 0.0002
 0.7335 0.1905 0.0724 0.0035 0.0001
 0.4001 0.4547 0.1325 0.0127 0
 0.49795 0.308269 0.164784 0.0264974 0.00249975
 0.9179 0.0499 0.0305 0.0017 0
 0.2467 0.6533 0.0926 0.0074 0
 0.9418 0.0223 0.034 0.0019 0
 0.707729 0.231977 0.0356964 0.0245975 0
 0.517169 0.277429 0.184464 0.0207286 0.00020938
 0.811772 0.124168 0.05621 0.00726502 0.000585176
 0.764997 0.148141 0.077277 0.00933861 0.000247198
 0.163321 0.427699 0.378323 0.0303852 0.000271297
 0.753843 0.0900009 0.118128 0.0371064 0.000921714
 0.721811 0.176058 0.0630433 0.0369309 0.00215725
 0.143369 0.312575 0.442814 0.0836902 0.0175525
 0.692698 0.0596174 0.167031 0.0765114 0.00414204
 0.394062 0.376323 0.152708 0.0712218 0.00568511
 0.125707 0.32114 0.495352 0.0537591 0.00404204
 0.23352 0.215282 0.420074 0.123614 0.00750983
 0.774587 0.0839891 0.0768558 0.0609784 0.00358967
pf_pred 
 0.281592 0.238433 0.425114 0.054859 1.10988e-06
 0.567589 0.173265 0.0881296 0.151503 0.0195129
 0.582231 0.294956 0.0505162 0.024624 0.0476731
 0.514485 0.3484 0.0980634 0.0160857 0.022966
 0.628412 0.263543 0.0789319 0.0208422 0.00827048
 0.977655 0.0176642 0.00337931 0.000951924 0.000349921
 0.249862 0.740808 0.00744252 0.00136372 0.000524121
 0.324198 0.280399 0.390765 0.00370216 0.000936056
 0.750729 0.114193 0.0573349 0.076833 0.000910037
 0.916624 0.0737425 0.00458853 0.00214618 0.00289896
 0.870755 0.12479 0.00397344 0.000229509 0.000251301
 0.797836 0.18582 0.0158014 0.000484654 5.8525e-05
 0.702427 0.264087 0.0309062 0.00249402 8.54895e-05
 0.682647 0.261295 0.0500307 0.0055643 0.000463134
 0.783077 0.18213 0.0289927 0.00517871 0.000621552
 0.969337 0.0273174 0.00283679 0.000423915 8.45169e-05
 0.189026 0.797352 0.0121951 0.00120997 0.000216324
 0.927275 0.0209254 0.050963 0.000748855 8.73932e-05
 0.529745 0.450307 0.0059024 0.0138187 0.000226267
 0.514936 0.323254 0.155228 0.00195106 0.00463215
 0.75686 0.159654 0.0564173 0.0259694 0.00109876
 0.723344 0.233771 0.0285487 0.00969496 0.00464153
 0.163732 0.687622 0.126414 0.0148116 0.00742119
 0.753873 0.0612542 0.153019 0.0270975 0.00475597
 0.555486 0.373632 0.0181407 0.0436697 0.00907234
 0.347843 0.441983 0.17773 0.00831573 0.0241285
 0.767767 0.109816 0.0839414 0.0325468 0.00592925
 0.692445 0.261356 0.0222833 0.0164095 0.0075064
 0.190483 0.637745 0.146755 0.0120784 0.0129384
 0.245642 0.210756 0.431426 0.0958659 0.0163103
 0.851393 0.0540345 0.0271732 0.0535139 0.0138852
pobs_RECLAS
 0 0 0 0 0
 0 0 0 0 0
 0 0 0 0 0
 0 0 0 0 0
 0 0 0 0 0
 0 0 0 0 0
 0 0 0 0 0
 0 0 0 0 0
 0 0 0 0 0
 0 0 0 0 0
 0.991045 0.00858322 0.000360255 1.14367e-05 0
 0.934742 0.0480273 0.0164251 0.00080598 0
 0.827803 0.169806 0.00239088 0 0
 0.941827 0.0461693 0.0120037 0 0
 0.791401 0.0380133 0.147996 0.0225897 0
 0.846168 0.0940531 0.0597789 0 0
 0.134021 0.677848 0.182769 0.00536245 0
 0.80878 0.0450904 0.141981 0.00414843 0
 0.846168 0.0940531 0.0597789 0 0
 0.905697 0.0802665 0.012482 0.00150086 5.37128e-05
 0.989698 0.0102097 9.19794e-05 0 0
 0.975433 0.0193895 0.00387452 0.00125025 5.28907e-05
 0.303575 0.632131 0.0575291 0.00676475 0
 0.966965 0.00978017 0.0227588 0.000495775 0
 0.843318 0.132988 0.00938335 0.0141283 0.000182051
 0.564624 0.303363 0.111486 0.0197234 0.00080311
 0.826376 0.0876187 0.0782897 0.00655872 0.00115652
 0.89761 0.0855135 0.0140674 0.00269457 0.000114338
 0.34875 0.467042 0.161289 0.0227151 0.000203297
 0.318654 0.224769 0.449479 0.00709798 0
 0.937255 0.0296025 0.0250945 0.00804832 0
ppred_RECLAS
 0.394349 0.205555 0.354438 0.0456567 9.23616e-07
 0.688466 0.127537 0.0626507 0.107502 0.0138444
 0.69895 0.214782 0.0355247 0.0172841 0.0334594
 0.653548 0.251528 0.0679326 0.0111185 0.0158723
 0.749238 0.179958 0.0517567 0.0136367 0.00541062
 0.986426 0.0108093 0.00199703 0.000561496 0.000206382
 0.365802 0.626616 0.00605047 0.00110628 0.000425134
 0.444013 0.235278 0.316954 0.00299741 0.000757796
 0.847749 0.071458 0.0343398 0.0459093 0.000543698
 0.953002 0.0417881 0.00248464 0.00115929 0.00156571
 0.916483 0.0807311 0.00248563 0.000143314 0.000156907
 0.870217 0.119647 0.00979958 0.000299963 3.62186e-05
 0.799739 0.178458 0.0201265 0.00162092 5.55556e-05
 0.795616 0.169559 0.0310885 0.00344953 0.00028708
 0.864607 0.114424 0.0174799 0.00311536 0.000373864
 0.981389 0.0166447 0.00166798 0.000248778 4.95945e-05
 0.276415 0.711837 0.0105208 0.00104193 0.000186263
 0.955284 0.0131814 0.0310269 0.00045508 5.31038e-05
 0.649893 0.33576 0.004251 0.00993396 0.000162642
 0.638837 0.243466 0.112917 0.00141662 0.00336295
 0.837533 0.107947 0.0368645 0.016938 0.000716576
 0.81206 0.159663 0.0188358 0.00638468 0.00305641
 0.24284 0.626291 0.111325 0.0130202 0.00652301
 0.836368 0.0417694 0.100897 0.0178353 0.00313003
 0.671514 0.277626 0.0130341 0.0313202 0.00650614
 0.466952 0.365166 0.142007 0.00663239 0.0192424
 0.845669 0.0742964 0.0549112 0.0212525 0.00387133
 0.785807 0.182942 0.0150873 0.0110906 0.00507283
 0.277366 0.573299 0.12762 0.0104848 0.0112303
 0.352693 0.185351 0.366766 0.0813501 0.0138393
 0.905755 0.0350501 0.0170308 0.0334781 0.00868567
pobs_PELACES
 0 0 0 0 0
 0 0 0 0 0
 0 0 0 0 0
 0 0 0 0 0
 0 0 0 0 0
 0 0 0 0 0
 0 0 0 0 0
 0 0 0 0 0
 0 0 0 0 0
 0 0 0 0 0
 0 0 0 0 0
 0 0 0 0 0
 0 0 0 0 0
 0 0 0 0 0
 0 0 0 0 0
 0 0 0 0 0
 0.505614 0.472636 0.0217494 0 0
 0 0 0 0 0
 0.443492 0.261883 0.143347 0.151278 0
 0.227955 0.32914 0.350689 0.0885471 0.00366901
 0.970185 0.0296113 0.000203453 0 0
 0.997202 0.00247181 0.000326279 0 0
 0.445219 0.490057 0.0546422 0.010081 0
 0.90214 0.0892962 0.00764917 0.000914606 0
 0 0 0 0 0
 0.581667 0.319106 0.0959925 0.00289975 0.000334073
 0.762889 0.0836404 0.116647 0.0363945 0.000428098
 0.88444 0.0763242 0.0277011 0.0115352 0
 0.521256 0.241999 0.230069 0.00667565 0
 0.616807 0.101726 0.260614 0.0208532 0
 0.833518 0.0704572 0.0857862 0.0102388 0
ppred_PELACES
 0.402754 0.203093 0.34918 0.0449722 9.09762e-07
 0.703775 0.121716 0.0594329 0.101947 0.0131288
 0.713769 0.204577 0.0336314 0.0163575 0.0316651
 0.69352 0.223467 0.0594234 0.00971758 0.0138718
 0.78002 0.158526 0.0449314 0.011829 0.00469318
 0.987347 0.0100881 0.00185242 0.000520662 0.00019137
 0.402377 0.590575 0.00562592 0.0010279 0.000394996
 0.456 0.230741 0.309592 0.00292715 0.000740022
 0.874055 0.0597067 0.0281699 0.0376231 0.000445541
 0.96238 0.0335256 0.00195366 0.000910544 0.00122969
 0.919314 0.078003 0.00239378 0.000137994 0.000151081
 0.883365 0.107615 0.00872131 0.000266804 3.22139e-05
 0.817201 0.16307 0.0182122 0.00146596 5.02432e-05
 0.827285 0.143722 0.0258847 0.00286933 0.000238782
 0.884169 0.098126 0.0147611 0.0026286 0.000315436
 0.98291 0.0152963 0.00152136 0.000226818 4.52155e-05
 0.287538 0.700948 0.0103102 0.00102081 0.000182486
 0.957544 0.0125547 0.0294199 0.000431405 5.03405e-05
 0.664654 0.321681 0.00404956 0.0094603 0.000154885
 0.654764 0.23318 0.107507 0.00134831 0.00320074
 0.844809 0.103276 0.0351064 0.0161262 0.000682222
 0.82162 0.151669 0.0177943 0.00602983 0.0028865
 0.250372 0.620438 0.1099 0.0128511 0.00643823
 0.841766 0.0404912 0.097489 0.0172298 0.00302374
 0.679835 0.270736 0.0126691 0.0304377 0.00632275
 0.475616 0.359569 0.139417 0.00651039 0.0188883
 0.850965 0.0718771 0.0529406 0.020486 0.00373167
 0.790445 0.179045 0.0147306 0.0108269 0.0049522
 0.282433 0.569535 0.126508 0.0103923 0.0111311
 0.364104 0.182621 0.359891 0.0798073 0.0135767
 0.910853 0.033264 0.0160813 0.031603 0.00819906
pobs_pel_tallas
 0 0 0 0 0 0 0 0 0 0 0 0 0 0 0 0 0 0 0 0 0 0 0 0 0 0
 0 0 0 0 0 0 0 0 0 0 0 0 0 0 0 0 0 0 0 0 0 0 0 0 0 0
 0 0 0 0 0 0 0 0 0 0 0 0 0 0 0 0 0 0 0 0 0 0 0 0 0 0
 0 0 0 0 0 0 0 0 0 0 0 0 0 0 0 0 0 0 0 0 0 0 0 0 0 0
 0 0 0 0 0 0 0 0 0 0 0 0 0 0 0 0 0 0 0 0 0 0 0 0 0 0
 0 0 0 0 0 0 0 0 0 0 0 0 0 0 0 0 0 0 0 0 0 0 0 0 0 0
 0 0 0 0 0 0 0 0 0 0 0 0 0 0 0 0 0 0 0 0 0 0 0 0 0 0
 0 0 0 0 0 0 0 0 0 0 0 0 0 0 0 0 0 0 0 0 0 0 0 0 0 0
 0 0 0 0 0 0 0 0 0 0 0 0 0 0 0 0 0 0 0 0 0 0 0 0 0 0
 0 0 0 0 0 0 0 0 0 0 0 0 0 0 0 0 0 0 0 0 0 0 0 0 0 0
 0 0 0 0 0 0 0 0 0 0 0 0 0 0 0 0 0 0 0 0 0 0 0 0 0 0
 0 0 0 0 0 0 0 0 0 0 0 0 0 0 0 0 0 0 0 0 0 0 0 0 0 0
 0.00862536 0 0 0.000197151 0.00414017 0.0128641 0.00837892 0.0270097 0.101434 0.158115 0.152841 0.127902 0.109271 0.109419 0.0830992 0.0579132 0.0238553 0.00714673 0.00463305 0.00128148 0.00103504 0.000492878 0.000147863 0.000147863 4.92878e-05 0
 0 0 0 0 0 0 0 0 0 0 0 0 0 0 0 0 0 0 0 0 0 0 0 0 0 0
 0 0 0 0 0 0 0 0.0054083 0.00873648 0.0413646 0.0450493 0.0745869 0.0622846 0.0627006 0.0613931 0.0827291 0.12552 0.122667 0.0946155 0.0697135 0.0546179 0.0294188 0.0215738 0.0213955 0.0102223 0.00600262
 0 0 0 0 0.00359764 0.0251062 0.0480494 0.140153 0.205849 0.193036 0.1447 0.116669 0.0760912 0.0342217 0.00950174 0.001854 0.000860785 0 0 0 0.000165536 0 0.000143464 0 0 0
 0 0 0 0 0 0 0 0.000145254 0.000435761 0.0275982 0.070085 0.0708112 0.156366 0.174668 0.174014 0.160142 0.0824315 0.0480064 0.0283245 0.00493863 0.00203355 0 0 0 0 0
 0 0 0 0 0 0 0 0 0 0 0 0 0 0 0 0 0 0 0 0 0 0 0 0 0 0
 0 0 1.00437e-05 0.000401748 0.00122533 0.00171747 0.00176769 0.0269171 0.070346 0.194647 0.189555 0.159765 0.064822 0.0314167 0.0384472 0.0292271 0.0345202 0.0313363 0.0194345 0.0106764 0.0143323 0.0359363 0.0279516 0.0138201 0.00172751 0
 0 0.0021121 0.0136068 0.0755702 0.200478 0.177729 0.0527432 0.0373336 0.0318909 0.0142505 0.0149659 0.0166563 0.0217959 0.0798694 0.0677717 0.0528807 0.04013 0.0224614 0.0357745 0.0225083 0.00881397 0.00855152 0.00135912 0.000746735 0 0
 0 0 0 0 5.4009e-05 0.00500934 0.000945158 0.0243581 0.138947 0.33067 0.221406 0.137944 0.0707744 0.0437923 0.0131692 0.00525238 0.0047753 0.00276346 9.45158e-05 9.00151e-06 2.25038e-05 9.00151e-06 4.50075e-06 0 0 0
 0.000866109 0.00284123 0.00948549 0.0512746 0.133035 0.25785 0.225252 0.132002 0.0553304 0.0519788 0.0540692 0.017754 0.00435017 0.00159236 0.00146478 0.000404838 0.000125132 0.000115318 0.000107957 0.000100596 0 0 0 0 0 0
 0 0 0 0 0.00144013 0.00171154 0.00461396 0.0210425 0.0478622 0.0707936 0.0888783 0.103762 0.0637923 0.0337046 0.0602308 0.124433 0.169614 0.0934646 0.0462172 0.0250306 0.0313229 0.00938855 0.002487 0.000210481 0 0
 0 0.00764035 0.051015 0.0998891 0.058973 0.0496711 0.0374665 0.0718981 0.12319 0.153886 0.159021 0.0857701 0.0377988 0.023471 0.0147837 0.00900784 0.00315554 0.000888139 0.00291439 0.00214683 0.00393193 0.00274676 0.000635225 9.99891e-05 0 0
 0 0 0 0 0 0 0 0 0 0 0 0 0 0 0 0 0 0 0 0 0 0 0 0 0 0
 0 0 0 0 0 0 0 0 0 0 0 0 0 0 0 0 0 0 0 0 0 0 0 0 0 0
 0 0 0 0 0 0 0 0 0 0 0 0 0 0 0 0 0 0 0 0 0 0 0 0 0 0
 0 0 0 0 0 0 0 0 0 0 0 0 0 0 0 0 0 0 0 0 0 0 0 0 0 0
 0 0 0 0 0 0 0 0 0 0 0 0 0 0 0 0 0 0 0 0 0 0 0 0 0 0
 0 0 0 0 0 0 0 0 0 0 0 0 0 0 0 0 0 0 0 0 0 0 0 0 0 0
 0 0 0 0 0 0 0 0 0 0 0 0 0 0 0 0 0 0 0 0 0 0 0 0 0 0
ppred_pel_tallas
 1.14639e-16 3.31743e-05 0.000322466 0.0021429 0.00974134 0.030309 0.0645773 0.0942567 0.0942768 0.0646757 0.0306408 0.0107061 0.00458894 0.00574314 0.0105651 0.0180319 0.0274117 0.0374696 0.0468658 0.0548309 0.0613207 0.0664413 0.0697323 0.0700895 0.0664698 0.0587573
 1.14192e-16 5.7969e-05 0.00056348 0.00374452 0.0170221 0.052962 0.112842 0.164698 0.16471 0.112899 0.0531566 0.0175857 0.00516478 0.00368272 0.00603909 0.0100475 0.0148488 0.0195147 0.0231816 0.0255659 0.0271489 0.0287771 0.0309715 0.0334922 0.0354583 0.0358655
 1.08022e-16 5.87923e-05 0.000571482 0.0037977 0.0172638 0.0537142 0.114444 0.167039 0.167059 0.114541 0.054038 0.0181995 0.00614732 0.00570415 0.00981738 0.0161672 0.0233604 0.0295536 0.0329279 0.0326958 0.0295915 0.0253788 0.0217658 0.0195617 0.0185669 0.0180346
 1.05095e-16 5.71244e-05 0.000555269 0.00368996 0.016774 0.0521904 0.111198 0.162301 0.162323 0.111303 0.0525447 0.0177981 0.00626274 0.00617921 0.0107603 0.0177572 0.0257125 0.0326267 0.0364967 0.0363995 0.0330191 0.0281292 0.0234676 0.0198944 0.017327 0.0152333
 1.03318e-16 6.42493e-05 0.000624526 0.0041502 0.0188662 0.0586998 0.125067 0.182542 0.182557 0.125142 0.0589513 0.019593 0.00597647 0.00461747 0.00766576 0.0126192 0.0182846 0.0232307 0.0260396 0.0260555 0.0237524 0.0203653 0.0170964 0.0145282 0.0125909 0.010921
 1.00141e-16 8.13265e-05 0.000790523 0.0052533 0.0238807 0.0743019 0.158308 0.231055 0.231056 0.158313 0.0743178 0.0239269 0.00536913 0.00104351 0.000562157 0.000801589 0.00114904 0.00144944 0.00160583 0.00157541 0.00139006 0.00113322 0.000888648 0.000700898 0.000570624 0.000475573
 1.00484e-16 3.31433e-05 0.000322165 0.0021409 0.00973227 0.030281 0.064519 0.0941793 0.0942361 0.0647965 0.0312122 0.0124203 0.00888198 0.0150173 0.0278808 0.0458799 0.0657124 0.0818434 0.0886575 0.0835701 0.0686139 0.0491698 0.0308945 0.0171935 0.00866755 0.00414458
 1.09412e-16 3.75602e-05 0.000365098 0.00242621 0.0110292 0.034316 0.0731148 0.106718 0.106741 0.0732257 0.0346898 0.0121141 0.00516976 0.0064212 0.0117344 0.0198466 0.0297589 0.0398484 0.0483765 0.0543626 0.0578839 0.0594975 0.0593783 0.0570443 0.0518981 0.0440026
 1.04677e-16 7.19948e-05 0.000699815 0.00465051 0.0211406 0.0657762 0.140143 0.204544 0.20455 0.140172 0.0658715 0.0214165 0.00534538 0.00222439 0.00299057 0.00489246 0.00719203 0.00937463 0.0109795 0.0118273 0.0121214 0.0122701 0.0125672 0.0129877 0.0132341 0.0129565
 1.00365e-16 7.927e-05 0.000770533 0.00512046 0.0232769 0.072423 0.154305 0.225213 0.225217 0.154321 0.0724759 0.0234297 0.00550386 0.00160686 0.00166572 0.00262343 0.00376022 0.00470538 0.0051415 0.00492626 0.00417562 0.00318908 0.00227477 0.00160803 0.00120443 0.000983372
 1.00129e-16 7.57227e-05 0.000736052 0.00489132 0.0222352 0.0691821 0.1474 0.215136 0.215144 0.147437 0.0693052 0.0225905 0.00578228 0.00267868 0.00375826 0.00607523 0.00870171 0.0108527 0.0117848 0.0111569 0.0092336 0.00671764 0.00434524 0.0025562 0.00142489 0.000798518
 1.00312e-16 7.27616e-05 0.000707269 0.00470005 0.0213658 0.0664768 0.141636 0.206725 0.206735 0.141687 0.0666468 0.0218564 0.00593116 0.00339289 0.0051676 0.00841296 0.0120765 0.0151104 0.0164987 0.0157708 0.0132792 0.00996539 0.00680936 0.00438625 0.00278495 0.00180529
 1.00723e-16 6.73118e-05 0.000654295 0.00434802 0.0197655 0.0614978 0.131028 0.191243 0.191258 0.131105 0.0617555 0.0205096 0.00621542 0.00472926 0.00780168 0.0127785 0.0183709 0.0230356 0.0252451 0.0242893 0.0206918 0.0158548 0.0112272 0.00764564 0.00522354 0.00365864
 1.01112e-16 6.81424e-05 0.000662368 0.00440167 0.0200094 0.0622566 0.132645 0.193602 0.193616 0.132713 0.0624841 0.0206664 0.00605117 0.00426437 0.00691225 0.0113277 0.0163298 0.0205713 0.0227232 0.022164 0.0193353 0.0154238 0.0116376 0.0086473 0.00651384 0.00497486
 1.00769e-16 7.28278e-05 0.000707913 0.00470433 0.0213852 0.0665373 0.141765 0.206912 0.206922 0.141811 0.0666925 0.0218335 0.00582955 0.00316441 0.00473851 0.00771925 0.0111143 0.0139788 0.0154009 0.0149577 0.0129591 0.0102302 0.00761339 0.00557936 0.00417135 0.00319881
 1.00079e-16 8.0961e-05 0.00078697 0.00522969 0.0237734 0.0739679 0.157597 0.230017 0.230019 0.157604 0.0739921 0.0238432 0.0054048 0.00116905 0.000806054 0.00120297 0.00172156 0.00215725 0.00236219 0.00226981 0.00192992 0.00147505 0.00104212 0.000710082 0.000489142 0.000349591
 1.0061e-16 2.36843e-05 0.00023022 0.00152989 0.00695472 0.0216391 0.0461068 0.0673084 0.0673758 0.0464361 0.0227444 0.0101455 0.00953209 0.0176753 0.0330851 0.0544752 0.0780397 0.0972277 0.10538 0.0994281 0.0817749 0.0587882 0.0371585 0.0209084 0.0107448 0.00528702
 1.00905e-16 7.88716e-05 0.00076666 0.00509473 0.0231599 0.072059 0.153529 0.224081 0.224082 0.153536 0.0720797 0.0232203 0.00524851 0.00110909 0.000748835 0.0011641 0.00178732 0.00249186 0.00319747 0.00385207 0.00443078 0.00490069 0.00518761 0.00519028 0.00484099 0.00416333
 1.01175e-16 5.47467e-05 0.000532158 0.00353638 0.0160759 0.0500182 0.10657 0.155549 0.15558 0.106721 0.0505255 0.0175404 0.00720936 0.00853998 0.0152328 0.0250173 0.0358491 0.0446974 0.0485195 0.0459261 0.0380364 0.0277771 0.0181999 0.0111053 0.00675109 0.00443552
 1.03839e-16 5.39321e-05 0.000524239 0.00348375 0.0158367 0.0492738 0.104984 0.153232 0.153254 0.105094 0.0496449 0.0169099 0.00618313 0.00643466 0.0113303 0.0187791 0.0273542 0.0350321 0.0397547 0.040518 0.0378862 0.0334599 0.0287751 0.0245464 0.0207071 0.0169471
 1.02773e-16 6.95858e-05 0.000676399 0.00449491 0.0204332 0.0635754 0.135454 0.197702 0.197712 0.135503 0.0637394 0.0209076 0.00568742 0.00328566 0.0050428 0.00827355 0.0120226 0.0153543 0.0173637 0.0176362 0.0164748 0.0146509 0.0128879 0.0114919 0.0103541 0.0092068
 1.01646e-16 6.76758e-05 0.000657833 0.00437153 0.0198724 0.0618304 0.131737 0.192277 0.192291 0.131808 0.0620701 0.0205647 0.00610926 0.00445057 0.00726866 0.0119041 0.0171295 0.0215162 0.0236581 0.0229108 0.0197744 0.0155539 0.0115795 0.00858967 0.00663426 0.00537406
 1.05709e-16 2.0623e-05 0.000200463 0.00133215 0.00605579 0.0188421 0.0401473 0.0586087 0.0586686 0.0404397 0.0198239 0.00889187 0.00845257 0.0157492 0.0295642 0.0488781 0.0704884 0.0888012 0.098103 0.0957246 0.0835914 0.0668449 0.0507116 0.0380775 0.0291726 0.0228095
 1.05064e-16 6.93352e-05 0.000673963 0.00447872 0.0203596 0.0633463 0.134966 0.196988 0.196992 0.134986 0.0634134 0.0205554 0.00497725 0.00178601 0.00225101 0.00379381 0.00588403 0.00828976 0.0108015 0.013292 0.015708 0.0179366 0.0196808 0.0205027 0.0200391 0.0182285
 1.04558e-16 5.59971e-05 0.000544312 0.00361715 0.016443 0.0511605 0.109004 0.1591 0.159126 0.109131 0.051588 0.0176774 0.00671416 0.00730081 0.0128757 0.0211677 0.0304227 0.038135 0.041809 0.0403375 0.0346933 0.0273057 0.0206243 0.0159674 0.013318 0.0118815
 1.07965e-16 3.91759e-05 0.000380804 0.00253058 0.0115037 0.0357923 0.0762606 0.111312 0.111347 0.0764307 0.0363638 0.013156 0.00668486 0.00947152 0.0173681 0.0288178 0.0418974 0.0534947 0.0604318 0.0611997 0.0567723 0.0497765 0.0427429 0.0368602 0.0319711 0.0273948
 1.04233e-16 7.00928e-05 0.000681327 0.00452766 0.0205821 0.0640386 0.136441 0.199141 0.199148 0.136475 0.0641538 0.0209158 0.00536881 0.00252958 0.0036158 0.00596032 0.0088001 0.0115338 0.0135949 0.0147239 0.0150878 0.0150868 0.0150124 0.0148499 0.0143576 0.0133027
 1.02395e-16 6.5108e-05 0.000632873 0.00420566 0.0191183 0.0594843 0.126738 0.184982 0.184999 0.126823 0.0597672 0.0199351 0.00625524 0.0051051 0.00855294 0.0140222 0.020161 0.0252898 0.0277497 0.026791 0.0230288 0.0180384 0.0134217 0.0100622 0.00799724 0.00677424
 1.06723e-16 2.32638e-05 0.000226132 0.00150273 0.00683123 0.0212548 0.0452876 0.0661101 0.0661651 0.0455562 0.0221569 0.00943756 0.00804825 0.0145258 0.0272123 0.0450317 0.0650544 0.0821921 0.0912435 0.0897691 0.0794867 0.0649969 0.0509313 0.0397812 0.0316669 0.0255084
 1.20734e-16 2.99908e-05 0.000291522 0.00193726 0.00880653 0.0274005 0.0583803 0.0852116 0.0852297 0.0584692 0.0277006 0.00968049 0.00415749 0.00522613 0.00965987 0.0165982 0.0254901 0.035374 0.0452087 0.0544199 0.0629582 0.0707158 0.0768746 0.0799143 0.0783916 0.0718733
 1.0503e-16 7.50257e-05 0.000729277 0.0048463 0.0220306 0.0685453 0.146043 0.213155 0.213158 0.146059 0.0685986 0.0221848 0.00523499 0.00158342 0.00171442 0.0027627 0.00408889 0.0054015 0.00647543 0.00725136 0.00787879 0.00859867 0.00954464 0.0106173 0.0115182 0.0119044
pSPR Fmed_Fpbrs
0.428821   0.26136 0.26136
Fs Fmed_Fpbrs
0.572058   1.005 1.005
SSBpbr Bo_Bmed_Bpbrs
1.55941e+06  590736  329597 329597
Ro
99266.2
SPR SPRFo_SPRFmed_SPRFpbrs
709547 304269 185447
Fref
1.005
Nvult_r0
 131696 5904.48 2904.34 5712.96 1482.24
CTP_r0
 29484.1 1871.24 941.02 1853.21 480.849
YTP_r0
391172
Np
 153748 50127.8 1776.84 856.767 2066.63
Nvult_p0
 122823 43144.3 1537.13 741.383 1788.34
CTP_p0
 46237.3 21255.1 769.774 371.598 896.395
YTP_p0
 749774
CBA_c0
498753
log_Ro
11.3256
likeval ReclasPelacesDesembMPH_pf_preclas_ppelaces_ptallas_desvR_qrecl_qpela
 11.4039 47.214 0.0709531 0.00178565 252.649 116.988 103.465 0 47.1861 1.04861e-05 0 0.109025 0 0 0
q_reclas_q_pelaces
1.58228 1
M
1
N
 71900.3 39408 68250.1 8793.69 0.177895
 109089 22426 11117.1 19085.3 2457.92
 83456.9 28500.4 4757.65 2315.94 4483.43
 43079.5 21701 6000.6 983.376 1403.92
 21143.9 6541.43 1923.45 507.399 201.332
 277780 3384.42 631.104 177.534 65.2557
 33309.8 72112.9 710.711 130.093 49.9965
 9987.64 5675.3 7692.33 72.77 18.3978
 25194.7 2920.28 1443.01 1932.11 22.8836
 52346.7 3252.79 199.392 93.1874 125.868
 65657.4 6121.39 189.409 10.9237 11.96
 121357 20042.6 1668.09 51.1046 6.17083
 92451.7 24437.3 2797.16 225.455 7.72761
 67104.1 19490.9 3671.72 408.009 33.9584
 51626.6 8920.87 1394.95 248.931 29.8754
 409009 7902.77 801.022 119.546 23.8326
 35027.4 98024 1459.34 144.584 25.8474
 657631 9804.44 23234.8 340.916 39.7826
 328885 187584 2395.6 5600.81 91.7006
 206941 87398.8 40900.4 513.372 1218.74
 388946 54312.8 18678.4 8585.4 363.22
 508238 109948 13079.6 4435.55 2123.4
 49842.9 136564 24403.4 2854.96 1430.33
 284300 15028.8 36483.9 6450.9 1132.13
 198285 86763 4093.65 9839.47 2043.98
 73538.6 60533.2 23646.1 1104.65 3204.95
 245121 22858.1 16982.3 6574.58 1197.64
 305442 74125.5 6135.41 4510.99 2063.35
 45682.4 98022.5 21891.9 1798.88 1926.8
 26346.4 14860.7 29588.3 6565.01 1116.86
 181824 7681.32 3761.1 7396.44 1919
pred_Ctot
 7009.35 5935.05 10581.9 1365.54 0.027627
 20548.7 6272.82 3190.6 5484.96 706.437
 15907.9 8058.87 1380.22 672.783 1302.54
 17153.4 11615.9 3269.52 536.312 765.708
 8066.35 3382.86 1013.18 267.533 106.161
 53162.4 960.532 183.758 51.7632 19.0278
 12019.4 35635.8 358.015 65.6001 25.2123
 1319.99 1141.66 1591.01 15.0735 3.81119
 11223.5 1707.21 857.165 1148.66 13.6052
 24686.1 1986 123.576 57.8 78.0734
 7172.92 1027.97 32.7315 1.8906 2.07012
 36444.4 8488.08 721.793 22.1385 2.67337
 26093.2 9810.08 1148.08 92.6459 3.17569
 29349 11233.8 2150.96 239.225 19.9115
 20427.1 4750.98 756.296 135.09 16.2136
 93288.4 2629.01 273.011 40.7973 8.13385
 5413.79 22836.5 349.274 34.6541 6.19561
 95334.3 2151.37 5239.57 76.9907 8.985
 59263.4 50376.6 660.31 1545.92 25.3128
 38528.9 24186.7 11614.5 145.984 346.59
 58173.1 12271.2 4336.3 1996.03 84.452
 88851 28715 3506.74 1190.87 570.136
 5775.98 24257.3 4459.51 522.511 261.798
 31099.2 2526.89 6312.42 1117.84 196.196
 21653.8 14564.8 707.156 1702.32 353.655
 7308.45 9286.41 3734.24 174.72 506.959
 28021.6 4008 3063.65 1187.87 216.403
 24922.4 9406.7 802.016 590.608 270.169
 3375.66 11301.8 2600.73 214.047 229.288
 3521.47 3021.35 6184.82 1374.31 233.821
 29484.1 1871.24 941.02 1853.21 480.849
F
 0.165062 0.265481 0.274263 0.274741 0.274767
 0.342249 0.550465 0.568674 0.569666 0.569718
 0.34697 0.558058 0.576518 0.577523 0.577576
 0.884892 1.42324 1.47032 1.47288 1.47302
 0.83217 1.33844 1.38272 1.38513 1.38525
 0.348596 0.560673 0.579219 0.580229 0.580283
 0.769727 1.23801 1.27896 1.28119 1.28131
 0.229668 0.369392 0.381611 0.382277 0.382312
 1.04712 1.68416 1.73988 1.74291 1.74307
 1.1461 1.84336 1.90433 1.90766 1.90783
 0.186591 0.300109 0.310036 0.310577 0.310605
 0.60263 0.969255 1.00132 1.00306 1.00315
 0.556742 0.895449 0.92507 0.926683 0.926768
 1.01785 1.63709 1.69124 1.69419 1.69434
 0.876824 1.41026 1.45691 1.45945 1.45959
 0.428525 0.689229 0.712028 0.71327 0.713335
 0.273296 0.439563 0.454103 0.454895 0.454937
 0.254419 0.409202 0.422738 0.423475 0.423514
 0.325226 0.523085 0.540388 0.54133 0.54138
 0.337677 0.543111 0.561077 0.562055 0.562107
 0.263435 0.423702 0.437718 0.438481 0.438522
 0.314158 0.505283 0.521997 0.522908 0.522956
 0.19891 0.319922 0.330505 0.331081 0.331111
 0.186851 0.300527 0.310468 0.311009 0.311038
 0.186513 0.299983 0.309906 0.310446 0.310475
 0.168506 0.271021 0.279986 0.280474 0.2805
 0.195991 0.315227 0.325655 0.326223 0.326253
 0.136563 0.219645 0.22691 0.227306 0.227327
 0.122992 0.197818 0.204361 0.204718 0.204737
 0.232539 0.374009 0.386381 0.387055 0.387091
 0.288462 0.463954 0.479302 0.480137 0.480182
nmprior
 8.19 8.8 8.5 0
nm_flota  nm_reclas  nm_pelaces    nm_pelaL
inf 16.6406 9.09991 17.6501
cv_recla  cv_pelaces  cv_mph
0.305458 0.779126 1.30408
 ------------------------------------------------
Talla a la edad & desviaci?n 
 8 13.2811 15.8009 17.003 17.5766
 0.8 1.32811 1.58009 1.7003 1.75766
