years
 1991 1992 1993 1994 1995 1996 1997 1998 1999 2000 2001 2002 2003 2004 2005 2006 2007 2008 2009 2010 2011 2012 2013 2014 2015 2016 2017 2018 2019 2020 2021
reclasobs
 0 0 0 0 0 0 0 0 0 252601 567819 844713 477998 351125 339783 2.1784e+06 2.13404e+06 4.81314e+06 1.55562e+06 2.62356e+06 3.21686e+06 3.843e+06 1.13348e+06 3.07943e+06 1.97215e+06 2.03268e+06 2.025e+06 2.42433e+06 2.27542e+06 1.05018e+06 2.36338e+06
reclaspred
 976532 1.02973e+06 431732 125474 16781 452956 260213 35422.6 320145 327509 83572.2 439497 523305 215266 156951 941059 1.96848e+06 2.43766e+06 869517 1.90164e+06 4.21198e+06 1.85641e+06 943463 2.21143e+06 2.16962e+06 946965 1.26865e+06 2.48419e+06 3.10301e+06 1.29092e+06 428470
pelacesobs
 0 0 0 0 0 0 0 0 0 0 0 0 0 0 0 552880 188675 0 991730 2.46772e+06 1.41603e+06 1.21717e+06 2.29649e+06 1.80582e+06 0 1.4828e+06 1.56532e+06 1.57751e+06 1.42118e+06 867257 1.10002e+06
pelacespred
 307781 420904 192050 38517.7 2450.83 198128 75607.8 11112.4 141373 132195 46047.5 180595 204292 86105.5 65389.6 378038 802591 1.04095e+06 383370 746075 1.62258e+06 993852 439456 1.16659e+06 1.12284e+06 511879 719119 1.36037e+06 1.41366e+06 752369 205654
mphobs
 0 0 0 0 0 0 0 0 0 0 0 498337 0 5186 125008 0 168611 109162 213762 579715 649985 157893 87575 83554 0 0 0 0 0 0 0
mphpred
 224971 1.1156e+06 531712 137680 46811.2 2210.26 435707 63235.3 9205.7 375477 123170 39630.4 538755 219536 91852.1 113569 1.27658e+06 1.83457e+06 1.39016e+06 308517 3.02773e+06 2.32615e+06 1.10874e+06 498326 2.41524e+06 1.19909e+06 473055 1.19303e+06 2.94822e+06 1.69358e+06 599443
desembarqueobs
 494567 514787 250237 358949 120608 361735 552515 73892 212993 205616 52469 317467 293654 387597 252695 516296 358380 742168 942051 627588 828172 859565 418607 520667 417249 300574 407403 355545 319650 289779 391294
desembarquepred
 494047 520316 247299 357421 120550 360858 551284 73960.7 213107 205874 52557.9 316956 293061 386941 252688 515761 358278 741138 936852 625778 827133 856223 417161 520404 417127 300847 405326 353971 318608 289847 395202
Reclutas
 520646 4374.02 543.779 80434.1 1185.03 279518 464.066 25.9913 113918 1199.09 5039.79 327344 12326.3 59931.2 56869.9 636887 265092 334124 2177.1 1.19418e+06 257148 216427 8254.22 661816 50345.4 7663.91 392670 628367 984.185 186.97 28761.1
log_desv_Rt
 2.99226 -1.78712 -3.87202 1.12463 -3.09304 2.37026 -4.03053 -6.9128 1.47267 -3.08124 -1.64544 2.52821 -0.751074 0.83039 0.77796 3.19379 2.31727 2.54871 -2.48481 3.82241 2.28685 2.11445 -1.15208 3.23218 0.6561 -1.22628 2.71016 3.18032 -3.27875 -4.93961 0.0962177
SSB
 224971 1.1156e+06 531712 137680 46811.2 2210.26 435707 63235.3 9205.7 375477 123170 39630.4 538755 219536 91852.1 113569 1.27658e+06 1.83457e+06 1.39016e+06 308517 3.02773e+06 2.32615e+06 1.10874e+06 498326 2.41524e+06 1.19909e+06 473055 1.19303e+06 2.94822e+06 1.69358e+06 599443
BT
 1.5343e+06 1.42251e+06 679096 478044 99096.6 1.2328e+06 663456 96081.9 832137 487989 175990 1.06652e+06 734128 704154 515523 2.05532e+06 2.62685e+06 3.62323e+06 1.90034e+06 3.6048e+06 4.92015e+06 3.46319e+06 1.43094e+06 5.37112e+06 3.05882e+06 1.52151e+06 3.29197e+06 5.32661e+06 3.51723e+06 2.05671e+06 979497
Ftot
 0.472657 0.462955 0.521111 2.1717 3.49763 0.737582 1.6167 1.59887 0.619874 0.56861 0.570277 0.668586 0.510602 1.48239 1.38342 0.512181 0.172382 0.284979 0.927306 0.310876 0.185522 0.425612 0.407806 0.223172 0.181564 0.29657 0.301262 0.135619 0.0976981 0.211366 0.813021
BD_Bspro_t
 0.927164 0.718304 0.453876 0.208858 0.0902799 0.00733079 0.449766 0.096428 0.0238361 0.508419 0.316778 0.221877 0.612717 0.336911 0.185533 0.232717 0.665258 0.706686 0.587342 0.269693 0.73606 0.660956 0.517221 0.389123 0.767634 0.665628 0.519516 0.736031 0.857321 0.773054 0.569947
BD_Bspro
 1.20484 5.97461 2.84759 0.737346 0.250698 0.0118371 2.33343 0.338657 0.0493012 2.01087 0.659641 0.212241 2.88531 1.17573 0.491915 0.608218 6.83674 9.82505 7.44501 1.65227 16.2151 12.4577 5.93786 2.66879 12.9349 6.42175 2.53345 6.38926 15.7892 9.06998 3.21032
BD_Bo
 0.116549 0.577948 0.275459 0.0713265 0.0242511 0.00114505 0.225723 0.0327597 0.00476911 0.19452 0.0638098 0.020531 0.279108 0.113733 0.047585 0.0588354 0.661346 0.950418 0.720186 0.159831 1.56855 1.20508 0.574393 0.258163 1.25124 0.621203 0.245071 0.61806 1.52736 0.877377 0.310548
BD_Brms
 0.494747 2.45338 1.16932 0.302779 0.102945 0.00486071 0.958188 0.139064 0.0202448 0.825732 0.270871 0.0871535 1.18481 0.482794 0.201997 0.249755 2.8074 4.0345 3.05718 0.678478 6.65846 5.11556 2.43829 1.0959 5.3115 2.63699 1.04032 2.62365 6.48359 3.72445 1.31827
Sel_flota
 0.5 1 1 1 1
 0.5 1 1 1 1
 0.5 1 1 1 1
 0.5 1 1 1 1
 0.5 1 1 1 1
 0.5 1 1 1 1
 0.5 1 1 1 1
 0.5 1 1 1 1
 0.5 1 1 1 1
 0.5 1 1 1 1
 0.5 1 1 1 1
 0.5 1 1 1 1
 0.5 1 1 1 1
 0.5 1 1 1 1
 0.5 1 1 1 1
 0.5 1 1 1 1
 0.5 1 1 1 1
 0.5 1 1 1 1
 0.5 1 1 1 1
 0.5 1 1 1 1
 0.5 1 1 1 1
 0.5 1 1 1 1
 0.5 1 1 1 1
 0.5 1 1 1 1
 0.5 1 1 1 1
 0.5 1 1 1 1
 0.5 1 1 1 1
 0.5 1 1 1 1
 0.5 1 1 1 1
 0.5 1 1 1 1
 0.5 1 1 1 1
Sel_reclas
 0.5 1 1 1 1
 0.5 1 1 1 1
 0.5 1 1 1 1
 0.5 1 1 1 1
 0.5 1 1 1 1
 0.5 1 1 1 1
 0.5 1 1 1 1
 0.5 1 1 1 1
 0.5 1 1 1 1
 0.5 1 1 1 1
 0.5 1 1 1 1
 0.5 1 1 1 1
 0.5 1 1 1 1
 0.5 1 1 1 1
 0.5 1 1 1 1
 0.5 1 1 1 1
 0.5 1 1 1 1
 0.5 1 1 1 1
 0.5 1 1 1 1
 0.5 1 1 1 1
 0.5 1 1 1 1
 0.5 1 1 1 1
 0.5 1 1 1 1
 0.5 1 1 1 1
 0.5 1 1 1 1
 0.5 1 1 1 1
 0.5 1 1 1 1
 0.5 1 1 1 1
 0.5 1 1 1 1
 0.5 1 1 1 1
 0.5 1 1 1 1
Sel_pelaces
 0.5 1 1 1 1
 0.5 1 1 1 1
 0.5 1 1 1 1
 0.5 1 1 1 1
 0.5 1 1 1 1
 0.5 1 1 1 1
 0.5 1 1 1 1
 0.5 1 1 1 1
 0.5 1 1 1 1
 0.5 1 1 1 1
 0.5 1 1 1 1
 0.5 1 1 1 1
 0.5 1 1 1 1
 0.5 1 1 1 1
 0.5 1 1 1 1
 0.5 1 1 1 1
 0.5 1 1 1 1
 0.5 1 1 1 1
 0.5 1 1 1 1
 0.5 1 1 1 1
 0.5 1 1 1 1
 0.5 1 1 1 1
 0.5 1 1 1 1
 0.5 1 1 1 1
 0.5 1 1 1 1
 0.5 1 1 1 1
 0.5 1 1 1 1
 0.5 1 1 1 1
 0.5 1 1 1 1
 0.5 1 1 1 1
 0.5 1 1 1 1
pf_obs 
 0.8446 0.082 0.0669 0.0065 0
 0.8095 0.147 0.0364 0.0071 0
 0.9664 0.0169 0.016 0.0007 0
 0.9276 0.0648 0.0075 0.0001 0
 0.7033 0.2144 0.0806 0.0017 0
 0.9318 0.0425 0.0243 0.0014 0
 0.5671 0.3108 0.0964 0.0239 0.0018
 0.0768 0.2599 0.5324 0.112 0.0189
 0.490249 0.384438 0.106611 0.0170017 0.00170017
 0.7925 0.1577 0.0466 0.003 0.0002
 0.840416 0.127587 0.0312969 0.00059994 9.999e-05
 0.8084 0.0986 0.0794 0.0134 0.0002
 0.7335 0.1905 0.0724 0.0035 0.0001
 0.4001 0.4547 0.1325 0.0127 0
 0.49795 0.308269 0.164784 0.0264974 0.00249975
 0.9179 0.0499 0.0305 0.0017 0
 0.2467 0.6533 0.0926 0.0074 0
 0.9418 0.0223 0.034 0.0019 0
 0.707729 0.231977 0.0356964 0.0245975 0
 0.517169 0.277429 0.184464 0.0207286 0.00020938
 0.811772 0.124168 0.05621 0.00726502 0.000585176
 0.764997 0.148141 0.077277 0.00933861 0.000247198
 0.163321 0.427699 0.378323 0.0303852 0.000271297
 0.753843 0.0900009 0.118128 0.0371064 0.000921714
 0.721811 0.176058 0.0630433 0.0369309 0.00215725
 0.143369 0.312575 0.442814 0.0836902 0.0175525
 0.692698 0.0596174 0.167031 0.0765114 0.00414204
 0.394062 0.376323 0.152708 0.0712218 0.00568511
 0.125707 0.32114 0.495352 0.0537591 0.00404204
 0.23352 0.215282 0.420074 0.123614 0.00750983
 0.774587 0.0839891 0.0768558 0.0609784 0.00358967
pf_pred 
 0.940067 0.0378851 0.0139372 0.00512719 0.00298391
 0.0151734 0.958375 0.0167207 0.0061512 0.00357985
 0.00800842 0.0339892 0.932271 0.0162653 0.009466
 0.870802 0.00240139 0.0043445 0.119163 0.00328897
 0.0815287 0.887572 0.000574321 0.00103904 0.0292858
 0.998812 0.000471942 0.000692193 4.47897e-07 2.36495e-05
 0.00423845 0.995291 0.000186772 0.000273936 9.53658e-06
 0.00319923 0.0143808 0.981956 0.000184269 0.000279675
 0.993856 6.663e-05 8.76748e-05 0.00598664 2.8285e-06
 0.0212439 0.976264 2.70218e-05 3.55565e-05 0.00242903
 0.294024 0.0347073 0.66956 1.85326e-05 0.00169031
 0.985162 0.00739156 0.00036608 0.00706227 1.80242e-05
 0.0727562 0.921604 0.00280958 0.000139149 0.00269127
 0.629141 0.0574892 0.311463 0.000949521 0.000956562
 0.743819 0.217067 0.00606327 0.0328494 0.000201031
 0.968021 0.028831 0.00266707 7.44985e-05 0.000406086
 0.427406 0.56462 0.00718884 0.000665018 0.000119831
 0.547131 0.276727 0.173689 0.00221144 0.000241436
 0.008689 0.718334 0.166804 0.104695 0.00147853
 0.966662 0.000766425 0.0236027 0.00548076 0.0034886
 0.259014 0.729526 0.000263443 0.00811293 0.00308304
 0.366985 0.268928 0.358456 0.000129444 0.00550119
 0.0380283 0.547208 0.176207 0.234868 0.00368931
 0.919867 0.00657999 0.04184 0.013473 0.0182403
 0.103343 0.861542 0.00288341 0.0183346 0.013897
 0.0449274 0.186867 0.738121 0.00247034 0.0276143
 0.888875 0.0103612 0.0197152 0.0778748 0.00317405
 0.710929 0.273454 0.00145611 0.00277067 0.0113902
 0.00194084 0.834964 0.154284 0.000821545 0.0079896
 0.00112693 0.00398207 0.832314 0.153794 0.00878317
 0.393119 0.00145466 0.00241357 0.504473 0.0985395
pobs_RECLAS
 0 0 0 0 0
 0 0 0 0 0
 0 0 0 0 0
 0 0 0 0 0
 0 0 0 0 0
 0 0 0 0 0
 0 0 0 0 0
 0 0 0 0 0
 0 0 0 0 0
 0 0 0 0 0
 0.991045 0.00858322 0.000360255 1.14367e-05 0
 0.934742 0.0480273 0.0164251 0.00080598 0
 0.827803 0.169806 0.00239088 0 0
 0.941827 0.0461693 0.0120037 0 0
 0.791401 0.0380133 0.147996 0.0225897 0
 0.846168 0.0940531 0.0597789 0 0
 0.134021 0.677848 0.182769 0.00536245 0
 0.80878 0.0450904 0.141981 0.00414843 0
 0.846168 0.0940531 0.0597789 0 0
 0.905697 0.0802665 0.012482 0.00150086 5.37128e-05
 0.989698 0.0102097 9.19794e-05 0 0
 0.975433 0.0193895 0.00387452 0.00125025 5.28907e-05
 0.303575 0.632131 0.0575291 0.00676475 0
 0.966965 0.00978017 0.0227588 0.000495775 0
 0.843318 0.132988 0.00938335 0.0141283 0.000182051
 0.564624 0.303363 0.111486 0.0197234 0.00080311
 0.826376 0.0876187 0.0782897 0.00655872 0.00115652
 0.89761 0.0855135 0.0140674 0.00269457 0.000114338
 0.34875 0.467042 0.161289 0.0227151 0.000203297
 0.318654 0.224769 0.449479 0.00709798 0
 0.937255 0.0296025 0.0250945 0.00804832 0
ppred_RECLAS
 0.941509 0.0369736 0.0136018 0.00500383 0.00291211
 0.015555 0.958003 0.0167142 0.00614882 0.00357847
 0.00824426 0.0339811 0.932049 0.0162614 0.00946375
 0.892993 0.00198893 0.00359829 0.0986954 0.00272406
 0.12081 0.849612 0.000549758 0.000994601 0.0280333
 0.998865 0.000450795 0.000661177 4.27828e-07 2.25898e-05
 0.00486193 0.994668 0.000186655 0.000273765 9.53061e-06
 0.00366228 0.0143741 0.9815 0.000184183 0.000279545
 0.994075 6.42537e-05 8.4548e-05 0.00577314 2.72763e-06
 0.0219344 0.975576 2.70028e-05 3.55315e-05 0.00242732
 0.300881 0.0343702 0.663056 1.83526e-05 0.00167389
 0.98574 0.00710364 0.00035182 0.00678717 1.73221e-05
 0.0747038 0.919668 0.00280368 0.000138857 0.00268561
 0.657008 0.0531694 0.28806 0.000878173 0.000884684
 0.76419 0.199806 0.00558112 0.0302372 0.000185045
 0.968896 0.0280426 0.00259414 7.24613e-05 0.000394981
 0.429351 0.562702 0.00716442 0.000662759 0.000119424
 0.550614 0.274599 0.172353 0.00219443 0.000239579
 0.00924444 0.717931 0.16671 0.104636 0.0014777
 0.96716 0.000754965 0.0232497 0.00539881 0.00343644
 0.260672 0.727894 0.000262854 0.00809478 0.00307614
 0.372284 0.266677 0.355456 0.000128361 0.00545515
 0.0388256 0.546754 0.176061 0.234673 0.00368625
 0.920646 0.00651602 0.0414333 0.013342 0.018063
 0.104126 0.86079 0.00288089 0.0183186 0.0138849
 0.0455642 0.186742 0.737629 0.0024687 0.0275959
 0.890349 0.0102238 0.0194536 0.0768414 0.00313193
 0.712182 0.272269 0.0014498 0.00275866 0.0113408
 0.00194917 0.834957 0.154282 0.000821538 0.00798953
 0.00113822 0.00398203 0.832304 0.153792 0.00878307
 0.40566 0.0014246 0.0023637 0.494048 0.0965033
pobs_PELACES
 0 0 0 0 0
 0 0 0 0 0
 0 0 0 0 0
 0 0 0 0 0
 0 0 0 0 0
 0 0 0 0 0
 0 0 0 0 0
 0 0 0 0 0
 0 0 0 0 0
 0 0 0 0 0
 0 0 0 0 0
 0 0 0 0 0
 0 0 0 0 0
 0 0 0 0 0
 0 0 0 0 0
 0 0 0 0 0
 0.505614 0.472636 0.0217494 0 0
 0 0 0 0 0
 0.443492 0.261883 0.143347 0.151278 0
 0.227955 0.32914 0.350689 0.0885471 0.00366901
 0.970185 0.0296113 0.000203453 0 0
 0.997202 0.00247181 0.000326279 0 0
 0.445219 0.490057 0.0546422 0.010081 0
 0.90214 0.0892962 0.00764917 0.000914606 0
 0 0 0 0 0
 0.581667 0.319106 0.0959925 0.00289975 0.000334073
 0.762889 0.0836404 0.116647 0.0363945 0.000428098
 0.88444 0.0763242 0.0277011 0.0115352 0
 0.521256 0.241999 0.230069 0.00667565 0
 0.616807 0.101726 0.260614 0.0208532 0
 0.833518 0.0704572 0.0857862 0.0102388 0
ppred_PELACES
 0.945659 0.0343504 0.0126368 0.00464882 0.0027055
 0.0167691 0.956822 0.0166936 0.00614123 0.00357405
 0.00897785 0.033956 0.93136 0.0162494 0.00945675
 0.922729 0.00143623 0.00259837 0.0712692 0.00196708
 0.196601 0.776371 0.000502366 0.000908861 0.0256167
 0.998995 0.000399192 0.000585491 3.78853e-07 2.00039e-05
 0.0063389 0.993192 0.000186378 0.000273358 9.51647e-06
 0.0047626 0.0143583 0.980416 0.00018398 0.000279236
 0.994648 5.80403e-05 7.6372e-05 0.00521486 2.46386e-06
 0.0240401 0.973475 2.69446e-05 3.5455e-05 0.00242209
 0.321037 0.0333793 0.64394 1.78235e-05 0.00162563
 0.98721 0.00637116 0.000315542 0.00608732 1.5536e-05
 0.08074 0.913669 0.00278539 0.000137951 0.00266809
 0.709835 0.0449803 0.243693 0.000742918 0.000748427
 0.802827 0.167069 0.00466668 0.025283 0.000154726
 0.971344 0.0258352 0.00238994 6.67575e-05 0.00036389
 0.436333 0.555817 0.00707675 0.00065465 0.000117962
 0.562219 0.267507 0.167902 0.00213776 0.000233392
 0.0107564 0.716835 0.166456 0.104477 0.00147544
 0.968751 0.000718396 0.0221236 0.0051373 0.00326998
 0.266615 0.722043 0.000260741 0.00802972 0.00305141
 0.388836 0.259645 0.346083 0.000124976 0.0053113
 0.0414161 0.54528 0.175586 0.234041 0.00367632
 0.923295 0.00629851 0.0400502 0.0128966 0.01746
 0.106954 0.858073 0.0028718 0.0182608 0.0138411
 0.0477402 0.186316 0.735947 0.00246307 0.027533
 0.895109 0.00977998 0.0186092 0.073506 0.00299599
 0.716747 0.26795 0.00142681 0.00271491 0.0111609
 0.00198078 0.834931 0.154278 0.000821512 0.00798928
 0.00117857 0.00398187 0.832271 0.153786 0.00878272
 0.438368 0.0013462 0.00223362 0.46686 0.0911924
pobs_pel_tallas
 0 0 0 0 0 0 0 0 0 0 0 0 0 0 0 0 0 0 0 0 0 0 0 0 0 0
 0 0 0 0 0 0 0 0 0 0 0 0 0 0 0 0 0 0 0 0 0 0 0 0 0 0
 0 0 0 0 0 0 0 0 0 0 0 0 0 0 0 0 0 0 0 0 0 0 0 0 0 0
 0 0 0 0 0 0 0 0 0 0 0 0 0 0 0 0 0 0 0 0 0 0 0 0 0 0
 0 0 0 0 0 0 0 0 0 0 0 0 0 0 0 0 0 0 0 0 0 0 0 0 0 0
 0 0 0 0 0 0 0 0 0 0 0 0 0 0 0 0 0 0 0 0 0 0 0 0 0 0
 0 0 0 0 0 0 0 0 0 0 0 0 0 0 0 0 0 0 0 0 0 0 0 0 0 0
 0 0 0 0 0 0 0 0 0 0 0 0 0 0 0 0 0 0 0 0 0 0 0 0 0 0
 0 0 0 0 0 0 0 0 0 0 0 0 0 0 0 0 0 0 0 0 0 0 0 0 0 0
 0 0 0 0 0 0 0 0 0 0 0 0 0 0 0 0 0 0 0 0 0 0 0 0 0 0
 0 0 0 0 0 0 0 0 0 0 0 0 0 0 0 0 0 0 0 0 0 0 0 0 0 0
 0 0 0 0 0 0 0 0 0 0 0 0 0 0 0 0 0 0 0 0 0 0 0 0 0 0
 0.00862536 0 0 0.000197151 0.00414017 0.0128641 0.00837892 0.0270097 0.101434 0.158115 0.152841 0.127902 0.109271 0.109419 0.0830992 0.0579132 0.0238553 0.00714673 0.00463305 0.00128148 0.00103504 0.000492878 0.000147863 0.000147863 4.92878e-05 0
 0 0 0 0 0 0 0 0 0 0 0 0 0 0 0 0 0 0 0 0 0 0 0 0 0 0
 0 0 0 0 0 0 0 0.0054083 0.00873648 0.0413646 0.0450493 0.0745869 0.0622846 0.0627006 0.0613931 0.0827291 0.12552 0.122667 0.0946155 0.0697135 0.0546179 0.0294188 0.0215738 0.0213955 0.0102223 0.00600262
 0 0 0 0 0.00359764 0.0251062 0.0480494 0.140153 0.205849 0.193036 0.1447 0.116669 0.0760912 0.0342217 0.00950174 0.001854 0.000860785 0 0 0 0.000165536 0 0.000143464 0 0 0
 0 0 0 0 0 0 0 0.000145254 0.000435761 0.0275982 0.070085 0.0708112 0.156366 0.174668 0.174014 0.160142 0.0824315 0.0480064 0.0283245 0.00493863 0.00203355 0 0 0 0 0
 0 0 0 0 0 0 0 0 0 0 0 0 0 0 0 0 0 0 0 0 0 0 0 0 0 0
 0 0 1.00437e-05 0.000401748 0.00122533 0.00171747 0.00176769 0.0269171 0.070346 0.194647 0.189555 0.159765 0.064822 0.0314167 0.0384472 0.0292271 0.0345202 0.0313363 0.0194345 0.0106764 0.0143323 0.0359363 0.0279516 0.0138201 0.00172751 0
 0 0.0021121 0.0136068 0.0755702 0.200478 0.177729 0.0527432 0.0373336 0.0318909 0.0142505 0.0149659 0.0166563 0.0217959 0.0798694 0.0677717 0.0528807 0.04013 0.0224614 0.0357745 0.0225083 0.00881397 0.00855152 0.00135912 0.000746735 0 0
 0 0 0 0 5.4009e-05 0.00500934 0.000945158 0.0243581 0.138947 0.33067 0.221406 0.137944 0.0707744 0.0437923 0.0131692 0.00525238 0.0047753 0.00276346 9.45158e-05 9.00151e-06 2.25038e-05 9.00151e-06 4.50075e-06 0 0 0
 0.000866109 0.00284123 0.00948549 0.0512746 0.133035 0.25785 0.225252 0.132002 0.0553304 0.0519788 0.0540692 0.017754 0.00435017 0.00159236 0.00146478 0.000404838 0.000125132 0.000115318 0.000107957 0.000100596 0 0 0 0 0 0
 0 0 0 0 0.00144013 0.00171154 0.00461396 0.0210425 0.0478622 0.0707936 0.0888783 0.103762 0.0637923 0.0337046 0.0602308 0.124433 0.169614 0.0934646 0.0462172 0.0250306 0.0313229 0.00938855 0.002487 0.000210481 0 0
 0 0.00764035 0.051015 0.0998891 0.058973 0.0496711 0.0374665 0.0718981 0.12319 0.153886 0.159021 0.0857701 0.0377988 0.023471 0.0147837 0.00900784 0.00315554 0.000888139 0.00291439 0.00214683 0.00393193 0.00274676 0.000635225 9.99891e-05 0 0
 0 0 0 0 0 0 0 0 0 0 0 0 0 0 0 0 0 0 0 0 0 0 0 0 0 0
 0 0 0 0 0 0 0 0 0 0 0 0 0 0 0 0 0 0 0 0 0 0 0 0 0 0
 0 0 0 0 0 0 0 0 0 0 0 0 0 0 0 0 0 0 0 0 0 0 0 0 0 0
 0 0 0 0 0 0 0 0 0 0 0 0 0 0 0 0 0 0 0 0 0 0 0 0 0 0
 0 0 0 0 0 0 0 0 0 0 0 0 0 0 0 0 0 0 0 0 0 0 0 0 0 0
 0 0 0 0 0 0 0 0 0 0 0 0 0 0 0 0 0 0 0 0 0 0 0 0 0 0
 0 0 0 0 0 0 0 0 0 0 0 0 0 0 0 0 0 0 0 0 0 0 0 0 0 0
ppred_pel_tallas
 1.01298e-16 7.78926e-05 0.000757144 0.00503149 0.0228724 0.0711646 0.151624 0.2213 0.221303 0.15164 0.0712192 0.0230303 0.00542854 0.0016262 0.00173521 0.00276342 0.00401611 0.00514178 0.00584032 0.00597788 0.00565795 0.00513682 0.00465044 0.00429137 0.0040102 0.00370301
 1.01948e-16 1.38145e-06 1.34283e-05 8.924e-05 0.000405728 0.00126287 0.00269407 0.00395137 0.0040434 0.00314365 0.00277188 0.00476177 0.0110141 0.0238313 0.0451439 0.074389 0.106595 0.13286 0.144113 0.136184 0.112363 0.0813342 0.0522023 0.0304061 0.0168463 0.00957842
 1.30116e-16 7.39505e-07 7.18825e-06 4.77687e-05 0.000217152 0.000675665 0.00143974 0.00210231 0.00210702 0.00146343 0.00075934 0.000477098 0.000769042 0.0018088 0.00408583 0.00847839 0.0162154 0.0286922 0.0469989 0.0711107 0.0990062 0.126329 0.147219 0.15631 0.151003 0.132677
 1.07556e-16 7.6004e-05 0.000738786 0.00490949 0.0223178 0.0694391 0.147947 0.215933 0.215934 0.147948 0.069442 0.0223267 0.00493354 0.000797745 0.000208302 0.000281597 0.000545365 0.00102628 0.00184587 0.00315304 0.00506839 0.00760047 0.0105638 0.0135526 0.0160116 0.0173993
 1.0464e-16 1.61939e-05 0.000157411 0.00104605 0.00475525 0.0147958 0.0315267 0.0460298 0.0461044 0.0318914 0.0160198 0.00828856 0.00990676 0.0194727 0.0366184 0.0603007 0.0863721 0.107592 0.11661 0.110086 0.0907693 0.0658141 0.0427027 0.0258772 0.0159867 0.0112597
 1.00021e-16 8.22859e-05 0.000799848 0.00531527 0.0241625 0.0751784 0.160175 0.233781 0.233781 0.160176 0.075179 0.0241643 0.00532004 0.000810378 0.00010266 4.04395e-05 5.24589e-05 7.03065e-05 8.60965e-05 9.79179e-05 0.000105817 0.000110542 0.000112076 0.000109263 0.000100851 8.6907e-05
 1.00289e-16 5.22333e-07 5.07736e-06 3.37455e-05 0.000153461 0.000477986 0.00102193 0.00151156 0.00160706 0.00148845 0.00204374 0.00467292 0.011367 0.0247084 0.0468069 0.0770925 0.110379 0.137383 0.148646 0.139817 0.114332 0.0812864 0.0502574 0.0270365 0.0126737 0.00519811
 1.28362e-16 3.92297e-07 3.81326e-06 2.53406e-05 0.000115196 0.000358432 0.000763779 0.00111534 0.00111823 0.000778623 0.000412627 0.000290889 0.000538469 0.00136194 0.00327458 0.00721771 0.0145801 0.0269984 0.0457758 0.0709224 0.100184 0.128761 0.150321 0.159214 0.152871 0.132997
 1.00526e-16 8.19279e-05 0.000796368 0.00529215 0.0240573 0.0748513 0.159479 0.232764 0.232764 0.159479 0.0748514 0.0240577 0.00529332 0.000799372 8.90205e-05 2.14286e-05 3.29774e-05 6.46753e-05 0.000120838 0.000212005 0.000346745 0.000525564 0.000735197 0.000946773 0.00112083 0.00121888
 1.00664e-16 1.98035e-06 1.92498e-05 0.000127926 0.000581593 0.00181005 0.00385997 0.00565336 0.00574696 0.00431722 0.00334473 0.00501135 0.0112362 0.0242323 0.0458797 0.0755639 0.108192 0.134666 0.145719 0.137091 0.112156 0.0798331 0.0495116 0.0268627 0.0129022 0.00567827
 1.18869e-16 2.64434e-05 0.00025704 0.00170812 0.00776486 0.0241594 0.0514743 0.0751291 0.0751333 0.0514953 0.0242327 0.00798926 0.00231849 0.00174494 0.00330618 0.00660299 0.0122419 0.0210544 0.0336691 0.0499907 0.0686249 0.0866411 0.100111 0.10546 0.101018 0.0878455
 1.00624e-16 8.13152e-05 0.000790413 0.00525257 0.0238774 0.0742915 0.158286 0.231023 0.231024 0.158289 0.0743016 0.0239066 0.00532595 0.000950933 0.000387258 0.000514698 0.000741993 0.000953225 0.00109463 0.00115096 0.00115355 0.00115958 0.00121288 0.00131516 0.00142635 0.00148933
 1.0078e-16 6.65064e-06 6.46467e-05 0.000429604 0.00195297 0.00607689 0.0129507 0.0189204 0.0190082 0.0133799 0.00751738 0.0061109 0.0108565 0.0227931 0.0430734 0.0709398 0.101584 0.126467 0.136898 0.128878 0.10557 0.075331 0.0469555 0.0257482 0.0126519 0.00583525
 1.07246e-16 5.84682e-05 0.000568332 0.00377676 0.0171686 0.053418 0.113813 0.166114 0.166119 0.113836 0.0534968 0.0174008 0.00437695 0.00193622 0.00282476 0.00501477 0.00823189 0.0124508 0.0176001 0.0235034 0.0297468 0.0355177 0.0396395 0.0409438 0.0388263 0.0336175
 1.0274e-16 6.61278e-05 0.000642786 0.00427154 0.0194178 0.0604161 0.128723 0.187879 0.187895 0.128802 0.0606798 0.0201793 0.00618196 0.00481016 0.00797207 0.0130535 0.0187515 0.0234936 0.025739 0.0248095 0.0213139 0.0167608 0.0126664 0.00983796 0.0082488 0.007388
 1.00144e-16 8.00083e-05 0.00077771 0.00516815 0.0234937 0.0730976 0.155742 0.227311 0.227313 0.155754 0.0731384 0.0236115 0.00546383 0.00142281 0.00130409 0.00202642 0.00290451 0.00363773 0.00397944 0.00381734 0.00323618 0.00246123 0.00172571 0.00116489 0.000796988 0.000571319
 1.00432e-16 3.59403e-05 0.000349353 0.00232157 0.0105536 0.0328364 0.0699633 0.102125 0.102178 0.0702245 0.0337128 0.0130836 0.00866651 0.0141813 0.026249 0.0431902 0.0618663 0.0770669 0.0835086 0.0787577 0.0647218 0.0464558 0.0292725 0.016369 0.0083101 0.00400037
 1.05168e-16 4.63093e-05 0.000450143 0.00299136 0.0135983 0.0423095 0.0901459 0.131576 0.131602 0.0902729 0.0427367 0.0148345 0.00610387 0.00727574 0.0130996 0.0218167 0.0319632 0.0413076 0.0475507 0.0495374 0.0478025 0.0439517 0.0394519 0.0348695 0.0300283 0.0246777
 1.15715e-16 8.8614e-07 8.61366e-06 5.72442e-05 0.000260266 0.000810156 0.00172868 0.00253757 0.00260679 0.00206697 0.0019464 0.00354384 0.00830604 0.0180379 0.0343077 0.0568923 0.0823776 0.104502 0.116881 0.116609 0.10595 0.0906412 0.0762316 0.0653492 0.0575184 0.050829
 1.01708e-16 7.97947e-05 0.000775633 0.00515435 0.0234309 0.0729024 0.155326 0.226703 0.226703 0.155327 0.0729043 0.0234369 0.00517109 0.000818102 0.000177949 0.000213847 0.000408326 0.000741093 0.00124801 0.0019456 0.00280091 0.00371559 0.00453728 0.00510247 0.00529381 0.00508225
 1.01514e-16 2.19609e-05 0.000213467 0.00141857 0.00644865 0.0200645 0.0427522 0.0624126 0.062482 0.0430913 0.0212029 0.00973455 0.0096587 0.0181755 0.0340579 0.056068 0.080294 0.0999833 0.108279 0.102041 0.0837869 0.0601344 0.0380258 0.0216179 0.0115951 0.00643995
 1.10965e-16 3.2028e-05 0.000311324 0.00206886 0.00940473 0.0292618 0.0623462 0.0910014 0.0910269 0.062471 0.0296822 0.0106253 0.00515521 0.00712355 0.0131877 0.022317 0.0334552 0.0447806 0.0543357 0.0610204 0.0649329 0.0667197 0.0666005 0.0640502 0.0583973 0.0496925
 1.293e-16 3.4115e-06 3.31611e-05 0.00022037 0.0010018 0.00311726 0.00664359 0.00970758 0.00976036 0.00690163 0.00398435 0.00350942 0.006527 0.013842 0.0263539 0.0439018 0.0640672 0.0823803 0.0943478 0.0980966 0.0954932 0.0906706 0.0871316 0.0857289 0.0847902 0.0817862
 1.05406e-16 7.60506e-05 0.000739238 0.0049125 0.0223315 0.0694816 0.148038 0.216066 0.216067 0.148041 0.069493 0.0223653 0.00500079 0.000943413 0.000497781 0.000792611 0.00134852 0.00215365 0.00325552 0.00469622 0.00646801 0.00846008 0.0104351 0.012071 0.0130588 0.0132075
 1.04476e-16 8.80982e-06 8.56347e-05 0.000569076 0.00258699 0.00804953 0.0171534 0.0250532 0.0251357 0.0175565 0.00940256 0.00649263 0.0103639 0.0214384 0.0404757 0.0666768 0.0955295 0.11905 0.129127 0.122072 0.10091 0.0735115 0.0480875 0.0294835 0.0183741 0.012806
 1.26192e-16 3.93234e-06 3.82237e-05 0.000254011 0.00115471 0.00359283 0.0076556 0.0111776 0.0111966 0.00774923 0.00391038 0.00208587 0.00264394 0.00542906 0.0107494 0.0190836 0.0305506 0.0447672 0.0610898 0.0788239 0.0969566 0.113543 0.125515 0.12956 0.12374 0.10873
 1.08419e-16 7.37289e-05 0.000716671 0.00476253 0.0216498 0.0673605 0.143519 0.20947 0.209471 0.143524 0.0673771 0.0216985 0.00488776 0.00100032 0.000643938 0.00103465 0.00169872 0.00261962 0.00386893 0.00556726 0.00783266 0.0106716 0.0138676 0.0169546 0.0193203 0.0204096
 1.02271e-16 5.90375e-05 0.000573866 0.00381354 0.0173358 0.0539383 0.114922 0.167738 0.167764 0.115048 0.0543609 0.0185555 0.00687245 0.00724255 0.012698 0.0208312 0.0298455 0.0372072 0.0403866 0.0382408 0.0317256 0.0233083 0.0155568 0.00997647 0.00675496 0.00524482
 1.061e-16 1.63328e-07 1.58769e-06 1.05547e-05 4.80294e-05 0.000149869 0.000322287 0.000487265 0.000567786 0.000715749 0.00147113 0.00386483 0.00959329 0.0209274 0.0397608 0.065779 0.0948596 0.119486 0.131949 0.12862 0.112047 0.0891145 0.0668555 0.0492096 0.0365978 0.0275612
 1.40928e-16 9.70825e-08 9.43672e-07 6.27109e-06 2.85083e-05 8.87083e-05 0.00018906 0.000276279 0.000278001 0.000198113 0.000122997 0.00014474 0.000362973 0.000994835 0.00251934 0.00581598 0.0122355 0.0234558 0.0409619 0.0651426 0.0943294 0.124399 0.149502 0.163923 0.164259 0.150765
 1.62317e-16 3.61078e-05 0.000350981 0.00233239 0.0106027 0.032989 0.0702865 0.102585 0.102586 0.0702881 0.0329952 0.0106236 0.00239694 0.000534881 0.000521904 0.00119603 0.00272832 0.00579395 0.0114033 0.0207457 0.0348129 0.0538054 0.076525 0.100112 0.120452 0.133297
pSPR Fmed_Fpbrs
0.490544   0.285572 0.285572
Fs Fmed_Fpbrs
0.499355   1.005 1.005
SSBpbr Bo_Bmed_Bpbrs
1.93028e+06  850372  454720 454720
Ro
26122.8
SPR SPRFo_SPRFmed_SPRFpbrs
186724 91596.2 53323.1
Fref
1.005
Nvult_r0
 21714.7 51.7872 85.9251 17959.6 3508.09
CTP_r0
 6276.01 23.2231 38.5317 8053.72 1573.15
YTP_r0
395202
Np
 158425 7046.38 10.0971 16.753 4072.96
Nvult_p0
 123164 6097.51 8.73739 14.497 3524.5
CTP_p0
 41191.4 3056.36 4.37959 7.2666 1766.64
YTP_p0
 419410
CBA_c0
402464
log_Ro
9.99056
likeval ReclasPelacesDesembMPH_pf_preclas_ppelaces_ptallas_desvR_qrecl_qpela
 62.4315 67.5015 2.63166 0.00278668 524.671 267.814 226.29 0 346.002 0 0 7.54734 0 0 0
q_reclas_q_pelaces
1 1
M
1
N
 520646 11505.3 4232.56 1557.07 906.179
 4374.02 151221 2638.34 970.591 564.861
 543.779 1276.61 35015.4 610.91 355.536
 80434.1 154.159 278.899 7649.77 211.138
 1185.03 9990.03 6.46424 11.6949 329.625
 279518 75.8461 111.243 0.0719819 3.80073
 464.066 71113.3 13.3448 19.5727 0.681386
 25.9913 76.0717 5194.36 0.974748 1.47942
 113918 4.29875 5.65649 386.239 0.182486
 1199.09 30739.2 0.850825 1.11955 76.4819
 5039.79 331.96 6404.04 0.177256 16.1671
 327344 1394.07 69.0435 1331.96 3.39942
 12326.3 86204.2 262.8 13.0156 251.733
 59931.2 3512.86 19031.9 58.0203 58.4505
 56869.9 10506.6 293.478 1589.99 9.7304
 636887 10475.7 969.077 27.0689 147.551
 265092 181363 2309.15 213.612 38.4912
 334124 89468.5 56155.2 714.977 78.0584
 2177.1 106594 24752 15535.7 219.398
 1.19418e+06 503.757 15513.6 3602.41 2292.99
 257148 376071 135.805 4182.22 1589.3
 216427 86219.1 114922 41.5001 1763.7
 8254.22 64357.1 20723.7 27622.8 433.9
 661816 2476.44 15746.9 5070.67 6864.91
 50345.4 217762 728.804 4634.23 3512.58
 7663.91 16913.7 66809 223.596 2499.43
 392670 2430.84 4625.37 18270.1 744.661
 628367 124255 661.647 1258.97 5175.6
 984.185 216008 39913.7 212.536 2066.93
 186.97 344.8 72068.4 13316.7 760.518
 28761.1 61.8842 102.678 21461.3 4192.07
pred_Ctot
 70616.9 2845.89 1046.95 385.15 224.148
 582.213 36773.5 641.584 236.025 137.361
 80.534 341.801 9375.07 163.566 95.1916
 36671.7 101.129 182.958 5018.25 138.507
 705.668 7682.34 4.97101 8.99335 253.482
 56150 26.531 38.9129 0.0251793 1.3295
 173.437 40727.3 7.64269 11.2095 0.390237
 9.63735 43.3207 2958.04 0.555091 0.842491
 19680.4 1.31941 1.73614 118.548 0.0560102
 191.956 8821.33 0.244164 0.321282 21.9482
 808.89 95.4833 1842.03 0.0509851 4.65022
 60415 453.287 22.4498 433.093 1.10534
 1792.46 22705.1 69.2182 3.42815 66.3033
 21039.1 1922.5 10415.6 31.7529 31.9884
 18969.7 5535.9 154.633 837.764 5.12692
 92871.8 2766.04 255.879 7.14738 38.9598
 13936 18410 234.4 21.6836 3.90721
 28377.2 14352.6 9008.48 114.697 12.5222
 530.077 43822.3 10176 6386.98 90.1982
 110058 87.2603 2687.25 624.005 397.19
 14509.7 40867.2 14.7577 454.476 172.708
 26683.1 19553.4 26063 9.41173 399.986
 978.573 14081.2 4534.29 6043.8 94.9361
 44576.2 318.862 2027.54 652.891 883.915
 2782.4 23196 77.6323 493.639 374.161
 675.777 2810.76 11102.5 37.1578 415.362
 35138.6 409.596 779.371 3078.51 125.475
 26186.3 10072.4 53.6343 102.054 419.544
 29.7787 12811 2367.2 12.6051 122.586
 11.9559 42.2468 8830.22 1631.64 93.1829
 6276.01 23.2231 38.5317 8053.72 1573.15
F
 0.236328 0.472657 0.472657 0.472657 0.472657
 0.231477 0.462955 0.462955 0.462955 0.462955
 0.260556 0.521111 0.521111 0.521111 0.521111
 1.08585 2.1717 2.1717 2.1717 2.1717
 1.74881 3.49763 3.49763 3.49763 3.49763
 0.368791 0.737582 0.737582 0.737582 0.737582
 0.808351 1.6167 1.6167 1.6167 1.6167
 0.799436 1.59887 1.59887 1.59887 1.59887
 0.309937 0.619874 0.619874 0.619874 0.619874
 0.284305 0.56861 0.56861 0.56861 0.56861
 0.285139 0.570277 0.570277 0.570277 0.570277
 0.334293 0.668586 0.668586 0.668586 0.668586
 0.255301 0.510602 0.510602 0.510602 0.510602
 0.741193 1.48239 1.48239 1.48239 1.48239
 0.691708 1.38342 1.38342 1.38342 1.38342
 0.256091 0.512181 0.512181 0.512181 0.512181
 0.086191 0.172382 0.172382 0.172382 0.172382
 0.142489 0.284979 0.284979 0.284979 0.284979
 0.463653 0.927306 0.927306 0.927306 0.927306
 0.155438 0.310876 0.310876 0.310876 0.310876
 0.0927612 0.185522 0.185522 0.185522 0.185522
 0.212806 0.425612 0.425612 0.425612 0.425612
 0.203903 0.407806 0.407806 0.407806 0.407806
 0.111586 0.223172 0.223172 0.223172 0.223172
 0.0907819 0.181564 0.181564 0.181564 0.181564
 0.148285 0.29657 0.29657 0.29657 0.29657
 0.150631 0.301262 0.301262 0.301262 0.301262
 0.0678097 0.135619 0.135619 0.135619 0.135619
 0.0488491 0.0976981 0.0976981 0.0976981 0.0976981
 0.105683 0.211366 0.211366 0.211366 0.211366
 0.40651 0.813021 0.813021 0.813021 0.813021
nmprior
 8.19 8.8 8.5 0
nm_flota  nm_reclas  nm_pelaces    nm_pelaL
0 1.9514 1.59959 1.84166
cv_recla  cv_pelaces  cv_mph
0.714705 0.931599 1.62911
 ------------------------------------------------
Talla a la edad & desviaci?n 
 8 13.2811 15.8009 17.003 17.5766
 0.8 1.32811 1.58009 1.7003 1.75766
