years
 1991 1992 1993 1994 1995 1996 1997 1998 1999 2000 2001 2002 2003 2004 2005 2006 2007 2008 2009 2010 2011 2012 2013 2014 2015 2016 2017 2018 2019 2020 2021
reclasobs
 0 0 0 0 0 0 0 0 0 252601 567819 844713 477998 351125 339783 2.1784e+06 2.13404e+06 4.81314e+06 1.55562e+06 2.62356e+06 3.21686e+06 3.843e+06 1.13348e+06 3.07943e+06 1.97215e+06 2.03268e+06 2.025e+06 2.42433e+06 2.27542e+06 1.05018e+06 2.36338e+06
reclaspred
 3.22472e+06 1.81035e+06 918053 917634 914560 1.43713e+06 911255 809937 592567 434456 498560 639553 631796 496086 503178 1.29615e+06 1.26355e+06 2.83249e+06 2.33527e+06 1.74133e+06 3.07634e+06 2.49882e+06 1.99251e+06 3.06057e+06 2.30068e+06 2.03647e+06 2.40886e+06 2.55732e+06 2.10439e+06 1.33563e+06 1.93078e+06
pelacesobs
 0 0 0 0 0 0 0 0 0 0 0 0 0 0 0 552880 188675 0 991730 2.46772e+06 1.41603e+06 1.21717e+06 2.29649e+06 1.80582e+06 0 1.4828e+06 1.56532e+06 1.57751e+06 1.42118e+06 867257 1.10002e+06
pelacespred
 1.75728e+06 1.09852e+06 557928 455528 472306 766260 452256 494398 350179 243647 288400 309269 335551 278590 289892 619533 604744 1.55827e+06 1.32906e+06 920285 1.56991e+06 1.38581e+06 1.10139e+06 1.8496e+06 1.34207e+06 1.18361e+06 1.5934e+06 1.66884e+06 1.13123e+06 815673 1.16141e+06
mphobs
 0 0 0 0 0 0 0 0 0 0 0 498337 0 5186 125008 0 168611 109162 213762 579715 649985 157893 87575 83554 0 0 0 0 0 0 0
mphpred
 3.3279e+06 2.22504e+06 1.11178e+06 608013 666698 752895 987664 620273 549746 381429 253880 402225 432988 368529 252932 319620 1.02119e+06 979285 1.92143e+06 1.45388e+06 1.55475e+06 1.91608e+06 1.82113e+06 1.50744e+06 2.09116e+06 1.72569e+06 1.4213e+06 1.51151e+06 2.10624e+06 1.44391e+06 910677
desembarqueobs
 494567 514787 250237 358949 120608 361735 552515 73892 212993 205616 52469 317467 293654 387597 252695 516296 358380 742168 942051 627588 828172 859565 418607 520667 417249 300574 415391 372974 316634 284311 391294
desembarquepred
 494574 513456 250898 358978 120613 361750 552565 73896.2 213041 205661 52471.6 317535 293708 387640 252693 516264 358404 742076 941868 627465 828241 859589 418618 520692 417250 300576 415392 372960 316628 284319 391299
Reclutas
 201742 114320 114869 193075 154830 263389 109425 50246.4 47405.1 62916.2 116533 152906 127862 89593.6 89972.2 483089 104677 744550 429025 330795 488944 655820 138389 407611 343999 154783 346004 388717 115977 84286.8 314164
log_desv_Rt
 0.098273 -0.469716 -0.464926 0.0543656 -0.166389 0.364917 -0.513475 -1.29178 -1.34998 -1.06691 -0.450539 -0.17889 -0.357761 -0.713431 -0.709214 0.971487 -0.557832 1.40407 0.8528 0.592783 0.983533 1.27717 -0.278643 0.801598 0.631925 -0.166693 0.637736 0.754137 -0.455326 -0.774489 0.541202
SSB
 3.3279e+06 2.22504e+06 1.11178e+06 608013 666698 752895 987664 620273 549746 381429 253880 402225 432988 368529 252932 319620 1.02119e+06 979285 1.92143e+06 1.45388e+06 1.55475e+06 1.91608e+06 1.82113e+06 1.50744e+06 2.09116e+06 1.72569e+06 1.4213e+06 1.51151e+06 2.10624e+06 1.44391e+06 910677
BT
 4.47018e+06 3.04151e+06 1.53658e+06 1.35225e+06 1.18397e+06 2.07501e+06 1.53899e+06 1.20447e+06 1.01911e+06 760524 710495 979824 1.04067e+06 1.04577e+06 922060 1.84763e+06 1.67434e+06 4.24768e+06 3.97094e+06 2.68673e+06 4.29146e+06 3.99958e+06 2.90431e+06 4.74848e+06 3.47948e+06 2.99529e+06 4.09773e+06 4.22222e+06 2.86935e+06 2.15655e+06 3.0491e+06
Ftot
 0.128056 0.233013 0.226911 0.344089 0.115817 0.227709 0.498803 0.0795558 0.310098 0.405234 0.0984067 0.436488 0.406854 0.673978 0.458884 0.380012 0.242276 0.245686 0.350785 0.314494 0.240613 0.305028 0.178497 0.156545 0.158056 0.127555 0.157678 0.135052 0.125657 0.179113 0.188488
BD_Bspro_t
 0.979761 0.852715 0.699132 0.612784 0.604518 0.676809 0.666688 0.508316 0.565028 0.524242 0.493213 0.688343 0.574841 0.486981 0.381931 0.439781 0.60957 0.586829 0.678986 0.585304 0.55685 0.604714 0.620512 0.614394 0.715293 0.723555 0.730504 0.763238 0.804287 0.743692 0.68191
BD_Bspro
 2.54609 1.70232 0.850594 0.465175 0.510074 0.576021 0.755637 0.474555 0.420597 0.291822 0.194237 0.307732 0.331269 0.281952 0.193512 0.244533 0.781285 0.749226 1.47004 1.11233 1.1895 1.46594 1.3933 1.15331 1.59989 1.32028 1.0874 1.15642 1.61143 1.1047 0.696736
BD_Bo
 1.70243 1.13824 0.568744 0.311036 0.341057 0.385153 0.505252 0.317308 0.281229 0.195125 0.129876 0.205763 0.221501 0.188525 0.12939 0.163506 0.522401 0.500965 0.98293 0.74375 0.795349 0.980193 0.931623 0.77115 1.06976 0.882798 0.727081 0.77323 1.07747 0.73865 0.465868
BD_Brms
 10.363 6.9287 3.46205 1.89333 2.07608 2.34449 3.07556 1.93151 1.71189 1.18776 0.790576 1.25252 1.34831 1.14759 0.787622 0.995288 3.17995 3.04947 5.98327 4.52734 4.84143 5.96661 5.67096 4.69413 6.51182 5.37375 4.42588 4.70679 6.55876 4.4963 2.83582
Sel_flota
 0.790872 0.986274 0.999268 0.999961 0.999998
 0.790872 0.986274 0.999268 0.999961 0.999998
 0.790872 0.986274 0.999268 0.999961 0.999998
 0.790872 0.986274 0.999268 0.999961 0.999998
 0.790872 0.986274 0.999268 0.999961 0.999998
 0.790872 0.986274 0.999268 0.999961 0.999998
 0.790872 0.986274 0.999268 0.999961 0.999998
 0.790872 0.986274 0.999268 0.999961 0.999998
 0.790872 0.986274 0.999268 0.999961 0.999998
 0.790872 0.986274 0.999268 0.999961 0.999998
 0.790872 0.986274 0.999268 0.999961 0.999998
 0.790872 0.986274 0.999268 0.999961 0.999998
 0.790872 0.986274 0.999268 0.999961 0.999998
 0.790872 0.986274 0.999268 0.999961 0.999998
 0.790872 0.986274 0.999268 0.999961 0.999998
 0.790872 0.986274 0.999268 0.999961 0.999998
 0.790872 0.986274 0.999268 0.999961 0.999998
 0.790872 0.986274 0.999268 0.999961 0.999998
 0.790872 0.986274 0.999268 0.999961 0.999998
 0.790872 0.986274 0.999268 0.999961 0.999998
 0.790872 0.986274 0.999268 0.999961 0.999998
 0.790872 0.986274 0.999268 0.999961 0.999998
 0.790872 0.986274 0.999268 0.999961 0.999998
 0.790872 0.986274 0.999268 0.999961 0.999998
 0.790872 0.986274 0.999268 0.999961 0.999998
 0.790872 0.986274 0.999268 0.999961 0.999998
 0.790872 0.986274 0.999268 0.999961 0.999998
 0.790872 0.986274 0.999268 0.999961 0.999998
 0.790872 0.986274 0.999268 0.999961 0.999998
 0.790872 0.986274 0.999268 0.999961 0.999998
 0.790872 0.986274 0.999268 0.999961 0.999998
Sel_reclas
 1 1 1 1 1
 1 1 1 1 1
 1 1 1 1 1
 1 1 1 1 1
 1 1 1 1 1
 1 1 1 1 1
 1 1 1 1 1
 1 1 1 1 1
 1 1 1 1 1
 1 1 1 1 1
 1 1 1 1 1
 1 1 1 1 1
 1 1 1 1 1
 1 1 1 1 1
 1 1 1 1 1
 1 1 1 1 1
 1 1 1 1 1
 1 1 1 1 1
 1 1 1 1 1
 1 1 1 1 1
 1 1 1 1 1
 1 1 1 1 1
 1 1 1 1 1
 1 1 1 1 1
 1 1 1 1 1
 1 1 1 1 1
 1 1 1 1 1
 1 1 1 1 1
 1 1 1 1 1
 1 1 1 1 1
 1 1 1 1 1
Sel_pelaces
 1 1 1 1 1
 1 1 1 1 1
 1 1 1 1 1
 1 1 1 1 1
 1 1 1 1 1
 1 1 1 1 1
 1 1 1 1 1
 1 1 1 1 1
 1 1 1 1 1
 1 1 1 1 1
 1 1 1 1 1
 1 1 1 1 1
 1 1 1 1 1
 1 1 1 1 1
 1 1 1 1 1
 1 1 1 1 1
 1 1 1 1 1
 1 1 1 1 1
 1 1 1 1 1
 1 1 1 1 1
 1 1 1 1 1
 1 1 1 1 1
 1 1 1 1 1
 1 1 1 1 1
 1 1 1 1 1
 1 1 1 1 1
 1 1 1 1 1
 1 1 1 1 1
 1 1 1 1 1
 1 1 1 1 1
 1 1 1 1 1
pf_obs 
 0.8446 0.082 0.0669 0.0065 0
 0.8095 0.147 0.0364 0.0071 0
 0.9664 0.0169 0.016 0.0007 0
 0.9276 0.0648 0.0075 0.0001 0
 0.7033 0.2144 0.0806 0.0017 0
 0.9318 0.0425 0.0243 0.0014 0
 0.5671 0.3108 0.0964 0.0239 0.0018
 0.0768 0.2599 0.5324 0.112 0.0189
 0.490249 0.384438 0.106611 0.0170017 0.00170017
 0.7925 0.1577 0.0466 0.003 0.0002
 0.840416 0.127587 0.0312969 0.00059994 9.999e-05
 0.8084 0.0986 0.0794 0.0134 0.0002
 0.7335 0.1905 0.0724 0.0035 0.0001
 0.4001 0.4547 0.1325 0.0127 0
 0.49795 0.308269 0.164784 0.0264974 0.00249975
 0.9179 0.0499 0.0305 0.0017 0
 0.2467 0.6533 0.0926 0.0074 0
 0.9418 0.0223 0.034 0.0019 0
 0.707729 0.231977 0.0356964 0.0245975 0
 0.517169 0.277429 0.184464 0.0207286 0.00020938
 0.811772 0.124168 0.05621 0.00726502 0.000585176
 0.764997 0.148141 0.077277 0.00933861 0.000247198
 0.163321 0.427699 0.378323 0.0303852 0.000271297
 0.753843 0.0900009 0.118128 0.0371064 0.000921714
 0.721811 0.176058 0.0630433 0.0369309 0.00215725
 0.143369 0.312575 0.442814 0.0836902 0.0175525
 0.692698 0.0596174 0.167031 0.0765114 0.00414204
 0.394062 0.376323 0.152708 0.0712218 0.00568511
 0.125707 0.32114 0.495352 0.0537591 0.00404204
 0.23352 0.215282 0.420074 0.123614 0.00750983
 0.774587 0.0839891 0.0768558 0.0609784 0.00358967
pf_pred 
 0.438059 0.122017 0.415472 0.0244506 8.04514e-07
 0.408592 0.293517 0.0653681 0.219608 0.0129152
 0.556723 0.207672 0.117807 0.0258646 0.0919339
 0.734886 0.163247 0.0480955 0.0268972 0.026874
 0.644133 0.278119 0.0481605 0.0139756 0.015612
 0.74166 0.17927 0.0619786 0.0105902 0.00650141
 0.469136 0.416795 0.0795054 0.0270969 0.00746664
 0.445219 0.297901 0.202403 0.0379798 0.0164965
 0.529229 0.235918 0.126881 0.0850862 0.0228846
 0.692885 0.181718 0.0633203 0.0335497 0.0285265
 0.807021 0.143938 0.0292079 0.0100195 0.0098143
 0.728486 0.227968 0.0325907 0.00652617 0.00442844
 0.673694 0.253722 0.0611004 0.00859639 0.00288697
 0.617222 0.278919 0.0810414 0.01921 0.0036073
 0.725577 0.187893 0.0633631 0.018081 0.00508579
 0.930747 0.0537357 0.0106796 0.00354368 0.00129451
 0.380719 0.585605 0.0262221 0.0051314 0.00232275
 0.893493 0.0466738 0.0566241 0.00249937 0.000709944
 0.589075 0.3759 0.0154733 0.0185035 0.00104792
 0.59576 0.26214 0.130161 0.00527675 0.00666207
 0.733753 0.174274 0.0599559 0.0293287 0.00268792
 0.738123 0.203837 0.0381817 0.0129485 0.00690924
 0.317421 0.534567 0.115593 0.0213331 0.0110861
 0.7346 0.0981269 0.131397 0.0280228 0.00785343
 0.621223 0.294649 0.0313759 0.0414445 0.0113076
 0.43062 0.38354 0.145015 0.0152327 0.0255918
 0.726662 0.133141 0.094856 0.0353866 0.00995465
 0.683622 0.243792 0.035608 0.0250249 0.0119531
 0.348121 0.476255 0.135759 0.0195635 0.0203014
 0.415879 0.234343 0.256476 0.0721358 0.0211668
 0.818483 0.0861416 0.0385856 0.0416497 0.0151404
pobs_RECLAS
 0 0 0 0 0
 0 0 0 0 0
 0 0 0 0 0
 0 0 0 0 0
 0 0 0 0 0
 0 0 0 0 0
 0 0 0 0 0
 0 0 0 0 0
 0 0 0 0 0
 0 0 0 0 0
 0.991045 0.00858322 0.000360255 1.14367e-05 0
 0.934742 0.0480273 0.0164251 0.00080598 0
 0.827803 0.169806 0.00239088 0 0
 0.941827 0.0461693 0.0120037 0 0
 0.791401 0.0380133 0.147996 0.0225897 0
 0.846168 0.0940531 0.0597789 0 0
 0.134021 0.677848 0.182769 0.00536245 0
 0.80878 0.0450904 0.141981 0.00414843 0
 0.846168 0.0940531 0.0597789 0 0
 0.905697 0.0802665 0.012482 0.00150086 5.37128e-05
 0.989698 0.0102097 9.19794e-05 0 0
 0.975433 0.0193895 0.00387452 0.00125025 5.28907e-05
 0.303575 0.632131 0.0575291 0.00676475 0
 0.966965 0.00978017 0.0227588 0.000495775 0
 0.843318 0.132988 0.00938335 0.0141283 0.000182051
 0.564624 0.303363 0.111486 0.0197234 0.00080311
 0.826376 0.0876187 0.0782897 0.00655872 0.00115652
 0.89761 0.0855135 0.0140674 0.00269457 0.000114338
 0.34875 0.467042 0.161289 0.0227151 0.000203297
 0.318654 0.224769 0.449479 0.00709798 0
 0.937255 0.0296025 0.0250945 0.00804832 0
ppred_RECLAS
 0.496103 0.110555 0.371493 0.0218471 7.18823e-07
 0.465675 0.26705 0.0586825 0.197008 0.0115856
 0.613083 0.182593 0.102203 0.0224229 0.0796976
 0.777787 0.137563 0.0399823 0.0223439 0.0223237
 0.694049 0.239811 0.0409812 0.011884 0.0132749
 0.783111 0.151128 0.0515544 0.0088028 0.0054039
 0.527854 0.371812 0.069948 0.0238221 0.00656399
 0.502075 0.269021 0.180388 0.0338251 0.0146913
 0.586862 0.208467 0.110613 0.0741233 0.0199352
 0.740557 0.154391 0.0530669 0.0280966 0.0238889
 0.839792 0.119903 0.0240116 0.0082312 0.0080623
 0.771982 0.191874 0.0270562 0.00541396 0.00367359
 0.72263 0.216331 0.0513879 0.00722466 0.0024262
 0.672454 0.239604 0.0686329 0.0162564 0.00305254
 0.769887 0.158248 0.0526352 0.0150087 0.00422147
 0.944283 0.0433661 0.00850195 0.00281907 0.00102977
 0.435293 0.53439 0.0236102 0.00461698 0.00208982
 0.913727 0.0380926 0.0455979 0.00201125 0.000571271
 0.64323 0.326748 0.0132685 0.0158555 0.000897923
 0.650164 0.227942 0.11166 0.00452347 0.00571081
 0.776239 0.147154 0.0499515 0.0244175 0.00223774
 0.780094 0.171688 0.0317282 0.0107522 0.00573711
 0.368501 0.496002 0.105835 0.0195186 0.0101428
 0.77733 0.0830265 0.10971 0.0233812 0.00655238
 0.672926 0.255203 0.0268169 0.0353975 0.00965738
 0.487027 0.347052 0.129493 0.0135927 0.0228356
 0.770002 0.112807 0.0793086 0.0295657 0.00831686
 0.730426 0.208373 0.030034 0.0210927 0.0100746
 0.401147 0.43909 0.123519 0.0177871 0.0184574
 0.473139 0.213082 0.230123 0.0646782 0.0189778
 0.850383 0.0715163 0.0316104 0.0340965 0.0123942
pobs_PELACES
 0 0 0 0 0
 0 0 0 0 0
 0 0 0 0 0
 0 0 0 0 0
 0 0 0 0 0
 0 0 0 0 0
 0 0 0 0 0
 0 0 0 0 0
 0 0 0 0 0
 0 0 0 0 0
 0 0 0 0 0
 0 0 0 0 0
 0 0 0 0 0
 0 0 0 0 0
 0 0 0 0 0
 0 0 0 0 0
 0.505614 0.472636 0.0217494 0 0
 0 0 0 0 0
 0.443492 0.261883 0.143347 0.151278 0
 0.227955 0.32914 0.350689 0.0885471 0.00366901
 0.970185 0.0296113 0.000203453 0 0
 0.997202 0.00247181 0.000326279 0 0
 0.445219 0.490057 0.0546422 0.010081 0
 0.90214 0.0892962 0.00764917 0.000914606 0
 0 0 0 0 0
 0.581667 0.319106 0.0959925 0.00289975 0.000334073
 0.762889 0.0836404 0.116647 0.0363945 0.000428098
 0.88444 0.0763242 0.0277011 0.0115352 0
 0.521256 0.241999 0.230069 0.00667565 0
 0.616807 0.101726 0.260614 0.0208532 0
 0.833518 0.0704572 0.0857862 0.0102388 0
ppred_PELACES
 0.498275 0.110126 0.369848 0.0217497 7.15617e-07
 0.469545 0.265253 0.0582296 0.195477 0.0114956
 0.616673 0.180994 0.10121 0.0222038 0.0789187
 0.781696 0.135221 0.0392436 0.0219293 0.0219095
 0.695656 0.238578 0.0407502 0.0118167 0.0131997
 0.785645 0.149407 0.0509176 0.00869361 0.00533686
 0.535977 0.365584 0.0686293 0.0233703 0.00643947
 0.503397 0.268349 0.179876 0.0337285 0.0146494
 0.591864 0.206082 0.109202 0.0731726 0.0196795
 0.745682 0.15145 0.0519656 0.027511 0.0233909
 0.840659 0.119267 0.0238742 0.00818394 0.008016
 0.77695 0.18775 0.0264251 0.00528714 0.00358752
 0.727934 0.212276 0.0503368 0.00707622 0.00237634
 0.682124 0.232713 0.0664666 0.0157408 0.00295572
 0.775196 0.154693 0.0513518 0.0146412 0.00411808
 0.945577 0.0423744 0.00829399 0.00274987 0.00100449
 0.439151 0.530769 0.0234259 0.00458069 0.00207338
 0.915014 0.0375467 0.0448971 0.00198022 0.000562458
 0.648433 0.322024 0.0130571 0.0156016 0.000883537
 0.654869 0.224982 0.110062 0.0044584 0.00562864
 0.778985 0.145401 0.0493055 0.0241004 0.00220867
 0.783499 0.169079 0.0312052 0.0105743 0.00564212
 0.371222 0.493947 0.105316 0.0194221 0.0100926
 0.779145 0.0823846 0.108789 0.023184 0.00649711
 0.675199 0.253468 0.0266166 0.0351318 0.00958488
 0.489127 0.345693 0.128915 0.0135316 0.0227331
 0.771859 0.111935 0.0786425 0.0293163 0.0082467
 0.732164 0.207058 0.0298272 0.0209468 0.0100049
 0.40313 0.4377 0.123061 0.0177208 0.0183885
 0.476135 0.211969 0.228745 0.0642883 0.0188634
 0.851977 0.0707848 0.0312618 0.033719 0.012257
pobs_pel_tallas
 0 0 0 0 0 0 0 0 0 0 0 0 0 0 0 0 0 0 0 0 0 0 0 0 0 0
 0 0 0 0 0 0 0 0 0 0 0 0 0 0 0 0 0 0 0 0 0 0 0 0 0 0
 0 0 0 0 0 0 0 0 0 0 0 0 0 0 0 0 0 0 0 0 0 0 0 0 0 0
 0 0 0 0 0 0 0 0 0 0 0 0 0 0 0 0 0 0 0 0 0 0 0 0 0 0
 0 0 0 0 0 0 0 0 0 0 0 0 0 0 0 0 0 0 0 0 0 0 0 0 0 0
 0 0 0 0 0 0 0 0 0 0 0 0 0 0 0 0 0 0 0 0 0 0 0 0 0 0
 0 0 0 0 0 0 0 0 0 0 0 0 0 0 0 0 0 0 0 0 0 0 0 0 0 0
 0 0 0 0 0 0 0 0 0 0 0 0 0 0 0 0 0 0 0 0 0 0 0 0 0 0
 0 0 0 0 0 0 0 0 0 0 0 0 0 0 0 0 0 0 0 0 0 0 0 0 0 0
 0 0 0 0 0 0 0 0 0 0 0 0 0 0 0 0 0 0 0 0 0 0 0 0 0 0
 0 0 0 0 0 0 0 0 0 0 0 0 0 0 0 0 0 0 0 0 0 0 0 0 0 0
 0 0 0 0 0 0 0 0 0 0 0 0 0 0 0 0 0 0 0 0 0 0 0 0 0 0
 0.00862536 0 0 0.000197151 0.00414017 0.0128641 0.00837892 0.0270097 0.101434 0.158115 0.152841 0.127902 0.109271 0.109419 0.0830992 0.0579132 0.0238553 0.00714673 0.00463305 0.00128148 0.00103504 0.000492878 0.000147863 0.000147863 4.92878e-05 0
 0 0 0 0 0 0 0 0 0 0 0 0 0 0 0 0 0 0 0 0 0 0 0 0 0 0
 0 0 0 0 0 0 0 0.0054083 0.00873648 0.0413646 0.0450493 0.0745869 0.0622846 0.0627006 0.0613931 0.0827291 0.12552 0.122667 0.0946155 0.0697135 0.0546179 0.0294188 0.0215738 0.0213955 0.0102223 0.00600262
 0 0 0 0 0.00359764 0.0251062 0.0480494 0.140153 0.205849 0.193036 0.1447 0.116669 0.0760912 0.0342217 0.00950174 0.001854 0.000860785 0 0 0 0.000165536 0 0.000143464 0 0 0
 0 0 0 0 0 0 0 0.000145254 0.000435761 0.0275982 0.070085 0.0708112 0.156366 0.174668 0.174014 0.160142 0.0824315 0.0480064 0.0283245 0.00493863 0.00203355 0 0 0 0 0
 0 0 0 0 0 0 0 0 0 0 0 0 0 0 0 0 0 0 0 0 0 0 0 0 0 0
 0 0 1.00437e-05 0.000401748 0.00122533 0.00171747 0.00176769 0.0269171 0.070346 0.194647 0.189555 0.159765 0.064822 0.0314167 0.0384472 0.0292271 0.0345202 0.0313363 0.0194345 0.0106764 0.0143323 0.0359363 0.0279516 0.0138201 0.00172751 0
 0 0.0021121 0.0136068 0.0755702 0.200478 0.177729 0.0527432 0.0373336 0.0318909 0.0142505 0.0149659 0.0166563 0.0217959 0.0798694 0.0677717 0.0528807 0.04013 0.0224614 0.0357745 0.0225083 0.00881397 0.00855152 0.00135912 0.000746735 0 0
 0 0 0 0 5.4009e-05 0.00500934 0.000945158 0.0243581 0.138947 0.33067 0.221406 0.137944 0.0707744 0.0437923 0.0131692 0.00525238 0.0047753 0.00276346 9.45158e-05 9.00151e-06 2.25038e-05 9.00151e-06 4.50075e-06 0 0 0
 0.000866109 0.00284123 0.00948549 0.0512746 0.133035 0.25785 0.225252 0.132002 0.0553304 0.0519788 0.0540692 0.017754 0.00435017 0.00159236 0.00146478 0.000404838 0.000125132 0.000115318 0.000107957 0.000100596 0 0 0 0 0 0
 0 0 0 0 0.00144013 0.00171154 0.00461396 0.0210425 0.0478622 0.0707936 0.0888783 0.103762 0.0637923 0.0337046 0.0602308 0.124433 0.169614 0.0934646 0.0462172 0.0250306 0.0313229 0.00938855 0.002487 0.000210481 0 0
 0 0.00764035 0.051015 0.0998891 0.058973 0.0496711 0.0374665 0.0718981 0.12319 0.153886 0.159021 0.0857701 0.0377988 0.023471 0.0147837 0.00900784 0.00315554 0.000888139 0.00291439 0.00214683 0.00393193 0.00274676 0.000635225 9.99891e-05 0 0
 0 0 0 0 0 0 0 0 0 0 0 0 0 0 0 0 0 0 0 0 0 0 0 0 0 0
 0 0 0 0 0 0 0 0 0 0 0 0 0 0 0 0 0 0 0 0 0 0 0 0 0 0
 0 0 0 0 0 0 0 0 0 0 0 0 0 0 0 0 0 0 0 0 0 0 0 0 0 0
 0 0 0 0 0 0 0 0 0 0 0 0 0 0 0 0 0 0 0 0 0 0 0 0 0 0
 0 0 0 0 0 0 0 0 0 0 0 0 0 0 0 0 0 0 0 0 0 0 0 0 0 0
 0 0 0 0 0 0 0 0 0 0 0 0 0 0 0 0 0 0 0 0 0 0 0 0 0 0
 0 0 0 0 0 0 0 0 0 0 0 0 0 0 0 0 0 0 0 0 0 0 0 0 0 0
ppred_pel_tallas
 1.12883e-16 4.10423e-05 0.000398946 0.00265114 0.0120517 0.0374973 0.0798924 0.116608 0.116619 0.0799472 0.037683 0.012595 0.00404154 0.00352181 0.00622801 0.0108974 0.0172414 0.0248944 0.0333886 0.0423144 0.051219 0.0592521 0.064979 0.0667607 0.0635759 0.0557014
 1.23298e-16 3.86758e-05 0.000375943 0.00249827 0.0113568 0.0353354 0.0752867 0.109889 0.109914 0.0754122 0.035757 0.012576 0.00556459 0.00709037 0.0128547 0.0213694 0.0312317 0.0403063 0.0465339 0.0491956 0.0494214 0.0493821 0.050752 0.0536248 0.0565807 0.0576529
 1.1855e-16 5.07946e-05 0.000493742 0.00328109 0.0149154 0.0464073 0.0988763 0.144317 0.144334 0.0989623 0.0466964 0.0157522 0.0053888 0.00511853 0.00890478 0.0148301 0.0218131 0.0284168 0.0332369 0.0357139 0.0364689 0.036797 0.0377159 0.0393246 0.0408708 0.0413135
 1.07075e-16 6.43873e-05 0.000625868 0.00415911 0.0189067 0.0588259 0.125335 0.182933 0.182946 0.125399 0.0590406 0.0195274 0.00571931 0.00403915 0.00656902 0.0108179 0.0157231 0.0200919 0.0227681 0.023258 0.0220275 0.0201595 0.0186422 0.0178469 0.0175064 0.0170668
 1.04656e-16 5.73003e-05 0.000556979 0.00370132 0.0168257 0.0523511 0.11154 0.162801 0.162824 0.111653 0.0527287 0.0179165 0.00644003 0.00653817 0.0114244 0.0188172 0.0271525 0.0342576 0.0379609 0.0372747 0.032981 0.0270847 0.0215873 0.0175367 0.0149039 0.0130843
 1.03283e-16 6.47126e-05 0.000629029 0.00418012 0.0190022 0.0591231 0.125969 0.183858 0.183872 0.126039 0.0593604 0.0196882 0.00590422 0.00440049 0.00725014 0.011943 0.0173373 0.0220938 0.0248855 0.0250919 0.0231377 0.0201454 0.0171976 0.014804 0.0128888 0.0111346
 1.05508e-16 4.41478e-05 0.000429132 0.00285173 0.0129636 0.0403347 0.0859387 0.125437 0.125473 0.0861111 0.0409135 0.0146356 0.00705033 0.00959988 0.0174764 0.0288629 0.0416705 0.0526083 0.0583472 0.057354 0.0507866 0.0416612 0.0329912 0.0263594 0.0217548 0.0183447
 1.11122e-16 4.14642e-05 0.000403047 0.00267839 0.0121756 0.0378829 0.0807145 0.117811 0.117837 0.0808421 0.0383121 0.0134181 0.00580849 0.00727323 0.0131983 0.0220397 0.0324139 0.0421644 0.0490845 0.052116 0.0518562 0.049887 0.0475229 0.0450467 0.0419205 0.0375524
 1.13873e-16 4.87511e-05 0.000473878 0.00314909 0.0143153 0.0445403 0.0948987 0.138512 0.138532 0.0949965 0.0448694 0.0152677 0.00554744 0.00573525 0.0101179 0.0168546 0.0247651 0.0321988 0.0375198 0.0400322 0.0403614 0.0398865 0.0396867 0.039862 0.0396644 0.038165
 1.08256e-16 6.14209e-05 0.000597033 0.0039675 0.0180357 0.0561157 0.119561 0.174506 0.174521 0.119633 0.0563565 0.0187318 0.00571801 0.0044288 0.00736974 0.0121699 0.0177268 0.0227303 0.0259014 0.0266913 0.0256051 0.0238134 0.0223627 0.021609 0.0212175 0.0205702
 1.02897e-16 6.9244e-05 0.000673076 0.00447283 0.0203328 0.063263 0.134789 0.196731 0.196742 0.134845 0.0634519 0.0208786 0.00584347 0.00366759 0.00576356 0.00943806 0.0136358 0.0172491 0.0192016 0.0190077 0.0170574 0.014338 0.0118212 0.00999337 0.00880455 0.00792932
 1.01948e-16 6.39964e-05 0.000622068 0.00413386 0.0187919 0.0584688 0.124575 0.181824 0.181842 0.124663 0.0587657 0.0196495 0.00628635 0.00532094 0.00898795 0.0147575 0.0212521 0.0267242 0.0294366 0.0285877 0.0247824 0.0196142 0.014706 0.0109584 0.00843778 0.00674797
 1.02619e-16 5.9959e-05 0.000582823 0.00387306 0.0176064 0.0547802 0.116716 0.170354 0.170375 0.116816 0.0551165 0.0185783 0.00631404 0.00591645 0.0102039 0.0168118 0.0242992 0.0307366 0.03419 0.033753 0.0300591 0.0248041 0.0196851 0.0155998 0.0125721 0.0101969
 1.04057e-16 5.61857e-05 0.000546145 0.00362933 0.0164984 0.0513328 0.109371 0.159635 0.159657 0.109481 0.0517019 0.0175653 0.00631008 0.00640709 0.0112132 0.0185167 0.0268277 0.0340697 0.0381553 0.0381091 0.0346134 0.0294713 0.0244487 0.0204185 0.0173147 0.0146514
 1.03687e-16 6.38519e-05 0.000620663 0.00412452 0.0187495 0.0583367 0.124293 0.181413 0.181428 0.124366 0.0585824 0.0194597 0.00590958 0.00452554 0.00750371 0.0123666 0.0179555 0.0228897 0.0258017 0.0260576 0.024106 0.021114 0.0181971 0.0158641 0.0140069 0.0122653
 1.00697e-16 7.7886e-05 0.000757079 0.00503106 0.0228705 0.0711585 0.151611 0.221281 0.221285 0.151631 0.0712256 0.0230643 0.00551785 0.00182045 0.0020995 0.00335311 0.00483573 0.00610871 0.00678277 0.00668069 0.00593658 0.00489881 0.00391431 0.00316352 0.00264231 0.00225219
 1.01622e-16 3.61724e-05 0.000351608 0.00233656 0.0106217 0.0330484 0.0704149 0.102783 0.102834 0.0706644 0.0338859 0.0130397 0.00840198 0.0135787 0.0251162 0.0413583 0.0593244 0.0740747 0.0805988 0.0765868 0.0638327 0.0470833 0.031292 0.0193865 0.0118198 0.0075288
 1.016e-16 7.53685e-05 0.000732608 0.00486844 0.0221312 0.0688585 0.14671 0.214129 0.214133 0.146728 0.0689191 0.0223072 0.00531309 0.00171298 0.0019656 0.00320389 0.00477878 0.00636338 0.00766611 0.00853094 0.0089869 0.00915313 0.0090904 0.00874265 0.00801291 0.0068867
 1.02174e-16 5.34107e-05 0.000519171 0.00345007 0.0156836 0.0487975 0.103969 0.151753 0.151784 0.104121 0.0493057 0.0171508 0.0071308 0.0085466 0.0152767 0.0251134 0.0360385 0.0450443 0.0491106 0.046862 0.0394097 0.0296398 0.0205323 0.0138008 0.00962893 0.00727831
 1.04634e-16 5.39407e-05 0.000524323 0.00348431 0.0158392 0.0492817 0.105001 0.153256 0.153278 0.105107 0.04964 0.0168756 0.00609148 0.00623474 0.0109544 0.0181682 0.0264997 0.0340134 0.0387429 0.0397322 0.0375225 0.033631 0.0294898 0.0257261 0.0222186 0.0186336
 1.04251e-16 6.4164e-05 0.000623697 0.00414468 0.0188411 0.0586219 0.124901 0.182299 0.182313 0.124969 0.0588529 0.019509 0.00582376 0.00429771 0.00706728 0.0116495 0.0169354 0.0216376 0.0244885 0.0249105 0.0233356 0.0208531 0.0184784 0.0166318 0.0151417 0.0136098
 1.0296e-16 6.45358e-05 0.000627311 0.0041687 0.0189503 0.0589616 0.125625 0.183356 0.183372 0.125704 0.0592293 0.0197236 0.00611045 0.00486853 0.00812648 0.0133515 0.0192726 0.0243339 0.0269963 0.0265562 0.0235566 0.0193999 0.0154839 0.0125369 0.0105396 0.00908433
 1.06822e-16 3.05772e-05 0.000297221 0.00197514 0.00897873 0.0279364 0.0595233 0.0868859 0.0869336 0.0597562 0.0287187 0.011239 0.00765137 0.0126976 0.023608 0.0390503 0.056414 0.0712837 0.0791615 0.0779544 0.0691808 0.0568542 0.044994 0.035728 0.0290906 0.0240567
 1.06586e-16 6.41772e-05 0.000623825 0.00414554 0.018845 0.0586339 0.124926 0.182335 0.182343 0.124966 0.0587675 0.0192329 0.00512688 0.00279168 0.00425651 0.00713222 0.0107292 0.01446 0.0177499 0.0203095 0.0222223 0.023709 0.0247868 0.0251525 0.0243903 0.022301
 1.05979e-16 5.56153e-05 0.0005406 0.00359248 0.0163309 0.0508116 0.10826 0.158014 0.158039 0.10838 0.0512124 0.0174884 0.00649804 0.00688374 0.0121039 0.019928 0.0287215 0.0361751 0.0399922 0.03916 0.0345743 0.0284424 0.0229435 0.0191772 0.0170155 0.015659
 1.09013e-16 4.02888e-05 0.000391621 0.00260246 0.0118304 0.0368091 0.0784269 0.114473 0.114507 0.0785904 0.0373584 0.0134187 0.00659553 0.00912914 0.016695 0.0276949 0.0402625 0.0514089 0.0580922 0.0588871 0.0547654 0.0482871 0.0419002 0.0367234 0.0325345 0.0285758
 1.06634e-16 6.3577e-05 0.000617992 0.00410677 0.0186688 0.0580856 0.123758 0.180631 0.180641 0.123811 0.0582649 0.0191879 0.00541524 0.0034921 0.0055744 0.00925307 0.0136492 0.0178552 0.020985 0.0226345 0.0230747 0.0229522 0.0227523 0.0224815 0.0217769 0.0202668
 1.04708e-16 6.03074e-05 0.000586209 0.00389557 0.0177087 0.0550984 0.117394 0.171344 0.171364 0.117491 0.055426 0.018655 0.00627139 0.00577432 0.00991879 0.0163174 0.023539 0.0296919 0.0329003 0.0323257 0.0286738 0.0237104 0.0191821 0.0159761 0.0140106 0.0126851
 1.08553e-16 3.32054e-05 0.000322768 0.00214491 0.00975047 0.0303375 0.0646389 0.0943513 0.0943935 0.0648456 0.0310318 0.0117568 0.00718592 0.0113432 0.0210095 0.0348024 0.0504162 0.0639982 0.0716227 0.0714595 0.0648089 0.0550949 0.0456813 0.0382479 0.032682 0.0280406
 1.16295e-16 3.92187e-05 0.000381219 0.00253334 0.0115162 0.0358313 0.0763431 0.111429 0.11145 0.0764447 0.0361734 0.0125086 0.00504057 0.00590838 0.010695 0.0180356 0.0269567 0.0359633 0.0435217 0.0488985 0.0524417 0.0549809 0.0568858 0.0576434 0.0562696 0.0521083
 1.06377e-16 7.01763e-05 0.000682138 0.00453305 0.0206066 0.0641148 0.136604 0.199378 0.199385 0.136637 0.0642277 0.0209333 0.0053557 0.0024863 0.00352168 0.00577878 0.00848279 0.0110299 0.0128709 0.013797 0.0140653 0.0141917 0.0145659 0.0151945 0.0157369 0.0157508
pSPR Fmed_Fpbrs
0.654753   0.21428 0.21428
Fs Fmed_Fpbrs
0.229572   1.005 1.005
SSBpbr Bo_Bmed_Bpbrs
1.9548e+06  1.18217e+06  321133 321133
Ro
182859
SPR SPRFo_SPRFmed_SPRFpbrs
1.30706e+06 855803 280077
Fref
1.005
Nvult_r0
 214596 18691.1 8280.56 8932.9 3247.16
CTP_r0
 27839.7 2930 1312.44 1416.66 514.982
YTP_r0
391299
Np
 249704 99568.6 8220.81 3629.18 5106.98
Nvult_p0
 208215 85974.4 7112.98 3140.45 4419.27
CTP_p0
 92206.4 42797.3 3564.06 1574.11 2215.14
YTP_p0
 1.58836e+06
CBA_c0
750418
log_Ro
11.9365
likeval ReclasPelacesDesembMPH_pf_preclas_ppelaces_ptallas_desvR_qrecl_qpela
 14.2514 17.2742 0.0699921 0.0028507 241.023 118.966 98.315 0 23.6175 1.38402e-06 0 0.357294 0 0 0
q_reclas_q_pelaces
0.846447 1
M
1
N
 201742 45523.6 153098 9003.91 0.296251
 114320 67068.3 14760.2 49556.6 2914.33
 114869 34977.9 19607.2 4302.05 15290.8
 193075 35315.8 10287.4 5749.73 5744.59
 154830 54106.2 9253.16 2683.39 2997.47
 263389 51973.3 17756 3032.03 1861.33
 109425 80926.7 15273.9 5202.71 1433.58
 50246.4 27133 18203 3413.4 1482.55
 47405.1 17357.4 9228.4 6184.77 1663.38
 62916.2 13646.5 4702.9 2490.33 2117.4
 116533 16798.9 3366.29 1154.01 1130.33
 152906 39660.2 5608.37 1122.41 761.605
 127862 39829.9 9486.33 1333.88 447.95
 89593.6 34096.1 9809.47 2324.01 436.397
 89972.2 19341.5 6452.44 1840.18 517.588
 483089 23025 4525.23 1500.67 548.179
 104677 131586 5822.83 1138.75 515.445
 744550 31793.9 38118.9 1681.5 477.614
 429025 225535 9179.38 10970.4 621.277
 330795 119592 58703.8 2378.41 3002.72
 488944 94895.2 32262.7 15772.1 1445.43
 655820 148703 27535.1 9332.23 4979.46
 138389 189549 40492.3 7468.23 3880.86
 407611 44207.9 58475.1 12462.8 3492.59
 343999 132490 13936.4 18396.7 5019.12
 154783 111680 41704.9 4377.89 7354.85
 346004 51477.3 36228.1 13506.3 3799.35
 388717 112364 16210 11384.7 5437.73
 115977 128515 36181.6 5210.49 5406.84
 84286.8 38629.3 41767.2 11739.8 3444.69
 314164 26911.9 11909.7 12847.2 4670.04
pred_Ctot
 12384.9 3449.68 11746.3 691.271 0.0227454
 12346.2 8869.03 1975.19 6635.78 390.251
 12104.2 4515.16 2561.34 562.342 1998.81
 29727.9 6603.72 1945.58 1088.06 1087.12
 8630.76 3726.53 645.304 187.26 209.186
 27844.9 6730.5 2326.92 397.599 244.089
 23279.7 20682.5 3945.26 1344.62 370.514
 1946.83 1302.65 885.061 166.077 72.1352
 6648.66 2963.82 1594 1068.93 287.497
 11192.9 2935.47 1022.88 541.961 460.816
 5550.8 990.023 200.896 68.9157 67.5041
 29017.6 9080.6 1298.17 259.955 176.397
 22826.3 8596.7 2070.22 291.266 97.8173
 24426.4 11038.2 3207.2 760.231 142.758
 17826.7 4616.34 1556.77 444.232 124.953
 81228.6 4689.65 932.034 309.266 112.975
 11719.6 18026.6 807.191 157.959 71.5008
 84440.6 4410.96 5351.33 236.206 67.0941
 67201.2 42882.4 1765.18 2110.87 119.546
 46987.1 20674.8 10265.7 416.174 525.433
 54394.8 12919.3 4444.66 2174.2 199.262
 90621.1 25025.6 4687.66 1589.72 848.264
 11650.8 19621 4242.77 783.022 406.911
 30309.4 4048.69 5421.41 1156.21 324.031
 25813.6 12243.5 1303.76 1722.14 469.862
 9466.42 8431.45 3187.9 334.863 562.59
 25905.2 4746.43 3381.58 1261.52 354.879
 25110 8954.69 1307.91 919.184 439.049
 6991.83 9565.33 2726.65 392.923 407.743
 7119.01 4011.48 4390.35 1234.82 362.333
 27839.7 2930 1312.44 1416.66 514.982
F
 0.101276 0.126298 0.127962 0.128051 0.128056
 0.184284 0.229815 0.232843 0.233004 0.233013
 0.179458 0.223796 0.226745 0.226902 0.22691
 0.272131 0.339366 0.343837 0.344076 0.344089
 0.0915966 0.114227 0.115732 0.115813 0.115817
 0.180089 0.224583 0.227542 0.2277 0.227708
 0.39449 0.491957 0.498438 0.498784 0.498802
 0.0629185 0.0784639 0.0794976 0.0795528 0.0795557
 0.245248 0.305842 0.309871 0.310086 0.310098
 0.320488 0.399671 0.404937 0.405218 0.405233
 0.0778271 0.0970559 0.0983346 0.0984029 0.0984065
 0.345206 0.430497 0.436168 0.436471 0.436487
 0.32177 0.40127 0.406556 0.406839 0.406853
 0.53303 0.664727 0.673484 0.673952 0.673976
 0.362919 0.452585 0.458548 0.458866 0.458883
 0.300541 0.374796 0.379734 0.379997 0.380011
 0.191609 0.238951 0.242099 0.242267 0.242276
 0.194306 0.242313 0.245506 0.245676 0.245685
 0.277426 0.34597 0.350528 0.350771 0.350784
 0.248725 0.310177 0.314264 0.314482 0.314493
 0.190294 0.23731 0.240437 0.240604 0.240612
 0.241238 0.300841 0.304805 0.305016 0.305027
 0.141169 0.176047 0.178367 0.178491 0.178497
 0.123807 0.154396 0.15643 0.156539 0.156545
 0.125002 0.155886 0.15794 0.15805 0.158055
 0.10088 0.125804 0.127461 0.12755 0.127555
 0.124703 0.155514 0.157563 0.157672 0.157678
 0.106809 0.133198 0.134953 0.135047 0.135052
 0.0993784 0.123932 0.125565 0.125652 0.125656
 0.141655 0.176654 0.178982 0.179106 0.179112
 0.14907 0.185901 0.18835 0.188481 0.188488
nmprior
 8.19 8.8 8.5 0
nm_flota  nm_reclas  nm_pelaces    nm_pelaL
inf 12.2086 18.5931 44.6845
cv_recla  cv_pelaces  cv_mph
0.341471 0.471271 1.64771
 ------------------------------------------------
Talla a la edad & desviaci?n 
 8 13.2811 15.8009 17.003 17.5766
 0.8 1.32811 1.58009 1.7003 1.75766
