years
 1991 1992 1993 1994 1995 1996 1997 1998 1999 2000 2001 2002 2003 2004 2005 2006 2007 2008 2009 2010 2011 2012 2013 2014 2015 2016 2017 2018 2019 2020 2021
reclasobs
 0 0 0 0 0 0 0 0 0 252601 567819 844713 477998 351125 339783 2.1784e+06 2.13404e+06 4.81314e+06 1.55562e+06 2.62356e+06 3.21686e+06 3.843e+06 1.13348e+06 3.07943e+06 1.97215e+06 2.03268e+06 2.025e+06 2.42433e+06 2.27542e+06 1.05018e+06 2.36338e+06
reclaspred
 2.0856e+06 1.55534e+06 782222 569057 588890 833731 582262 505938 353716 272534 362149 525066 493152 377876 533723 933686 1.30557e+06 2.1495e+06 2.10024e+06 1.66941e+06 2.85265e+06 2.1627e+06 1.88319e+06 2.45199e+06 2.18983e+06 1.92183e+06 2.04161e+06 2.14912e+06 2.38928e+06 1.4749e+06 1.73238e+06
pelacesobs
 0 0 0 0 0 0 0 0 0 0 0 0 0 0 0 552880 188675 0 991730 2.46772e+06 1.41603e+06 1.21717e+06 2.29649e+06 1.80582e+06 0 1.4828e+06 1.56532e+06 1.57751e+06 1.42118e+06 867257 1.10002e+06
pelacespred
 876255 724270 384798 236758 255706 359452 223745 244953 168466 119641 176315 207846 214049 172320 268906 391844 537622 957856 1.0134e+06 773307 1.17322e+06 1.05511e+06 879731 1.23949e+06 1.12323e+06 950475 1.12866e+06 1.21236e+06 1.09512e+06 770619 889335
mphobs
 0 0 0 0 0 0 0 0 0 0 0 498337 0 5186 125008 0 168611 109162 213762 579715 649985 157893 87575 83554 0 0 0 0 0 0 0
mphpred
 1.54514e+06 1.69235e+06 859371 451393 452951 481333 648955 363445 344224 230317 176495 398650 380473 308770 234818 498681 951079 1.11125e+06 1.7784e+06 1.46891e+06 1.64966e+06 2.00015e+06 1.68589e+06 1.35506e+06 2.11973e+06 1.61524e+06 1.36781e+06 1.56188e+06 2.17029e+06 1.50158e+06 968542
desembarqueobs
 494567 514787 250237 358949 120608 361735 552515 73892 212993 205616 52469 317467 293654 387597 252695 516296 358380 742168 942051 627588 828172 859565 418607 520667 417249 300574 415391 372974 316634 284311 391294
desembarquepred
 494577 512846 250531 358949 120762 361989 552188 73879.1 212705 205628 52449.5 317785 293697 388320 252919 516808 358331 742214 941389 627510 827884 860285 418397 521163 417956 300739 415175 372574 316270 284191 391785
Reclutas
 410279 35068.2 80927.9 149966 103684 211541 84718.1 39426.3 37319.8 60891.5 130387 124883 116505 91867.8 147673 398650 159626 639980 478199 351724 492710 548772 127549 438733 286182 164370 369693 393271 119610 91367.4 371832
log_desv_Rt
 0.866963 -1.59258 -0.756317 -0.139469 -0.508528 0.204544 -0.710546 -1.47544 -1.53035 -1.04078 -0.279371 -0.322494 -0.391943 -0.629525 -0.154872 0.838209 -0.0770387 1.31156 1.02015 0.712973 1.05005 1.15781 -0.301377 0.934016 0.506754 -0.0477568 0.762799 0.824624 -0.365641 -0.634986 0.768566
SSB
 1.54514e+06 1.69235e+06 859371 451393 452951 481333 648955 363445 344224 230317 176495 398650 380473 308770 234818 498681 951079 1.11125e+06 1.7784e+06 1.46891e+06 1.64966e+06 2.00015e+06 1.68589e+06 1.35506e+06 2.11973e+06 1.61524e+06 1.36781e+06 1.56188e+06 2.17029e+06 1.50158e+06 968542
BT
 2.86399e+06 2.18785e+06 1.18742e+06 1.0458e+06 807491 1.53337e+06 1.09068e+06 802738 709821 575455 668090 898293 941600 997941 1.28517e+06 1.83115e+06 1.81761e+06 3.99733e+06 3.99986e+06 2.77289e+06 4.43652e+06 3.86239e+06 2.69635e+06 4.80108e+06 3.36173e+06 2.92727e+06 4.20624e+06 4.32004e+06 2.95743e+06 2.26192e+06 3.48154e+06
Ftot
 0.223713 0.307503 0.299216 0.576557 0.193777 0.404257 0.835023 0.138639 0.550123 0.682025 0.137805 0.553684 0.545773 0.910557 0.442136 0.512322 0.257995 0.32385 0.415757 0.350595 0.272721 0.37031 0.209486 0.201204 0.180494 0.148413 0.192536 0.164486 0.125685 0.182108 0.213971
BD_Bspro_t
 0.964839 0.808778 0.616145 0.50557 0.507568 0.582243 0.57136 0.386049 0.455476 0.405008 0.407882 0.677316 0.54238 0.447999 0.37266 0.540637 0.602225 0.624975 0.671264 0.597023 0.578706 0.619845 0.614477 0.606742 0.728867 0.721918 0.733215 0.773168 0.813857 0.756274 0.699104
BD_Bspro
 1.2538 1.37325 0.69733 0.366279 0.367543 0.390574 0.526589 0.294915 0.279318 0.186889 0.143216 0.323481 0.308732 0.250549 0.190541 0.404651 0.771746 0.901713 1.44307 1.19193 1.3386 1.623 1.368 1.09955 1.72004 1.31067 1.1099 1.26738 1.76107 1.21845 0.785916
BD_Bo
 0.860662 0.94266 0.478679 0.251431 0.252299 0.268108 0.361475 0.202443 0.191737 0.128289 0.0983099 0.222052 0.211928 0.171988 0.130796 0.277771 0.529761 0.618977 0.990589 0.818197 0.918879 1.1141 0.93906 0.754782 1.18072 0.899707 0.761885 0.869985 1.20888 0.836397 0.539489
BD_Brms
 3.65349 4.00157 2.03198 1.06732 1.071 1.13811 1.53445 0.859366 0.813918 0.544586 0.417323 0.942607 0.899629 0.730087 0.555227 1.17913 2.24883 2.62754 4.20503 3.47323 3.90062 4.72934 3.98629 3.20403 5.01211 3.81924 3.23419 3.69307 5.13166 3.55049 2.29012
Sel_flota
 0.5 1 1 1 1
 0.5 1 1 1 1
 0.5 1 1 1 1
 0.5 1 1 1 1
 0.5 1 1 1 1
 0.5 1 1 1 1
 0.5 1 1 1 1
 0.5 1 1 1 1
 0.5 1 1 1 1
 0.5 1 1 1 1
 0.5 1 1 1 1
 0.5 1 1 1 1
 0.5 1 1 1 1
 0.5 1 1 1 1
 0.5 1 1 1 1
 0.5 1 1 1 1
 0.5 1 1 1 1
 0.5 1 1 1 1
 0.5 1 1 1 1
 0.5 1 1 1 1
 0.5 1 1 1 1
 0.5 1 1 1 1
 0.5 1 1 1 1
 0.5 1 1 1 1
 0.5 1 1 1 1
 0.5 1 1 1 1
 0.5 1 1 1 1
 0.5 1 1 1 1
 0.5 1 1 1 1
 0.5 1 1 1 1
 0.5 1 1 1 1
Sel_reclas
 0.5 1 1 1 1
 0.5 1 1 1 1
 0.5 1 1 1 1
 0.5 1 1 1 1
 0.5 1 1 1 1
 0.5 1 1 1 1
 0.5 1 1 1 1
 0.5 1 1 1 1
 0.5 1 1 1 1
 0.5 1 1 1 1
 0.5 1 1 1 1
 0.5 1 1 1 1
 0.5 1 1 1 1
 0.5 1 1 1 1
 0.5 1 1 1 1
 0.5 1 1 1 1
 0.5 1 1 1 1
 0.5 1 1 1 1
 0.5 1 1 1 1
 0.5 1 1 1 1
 0.5 1 1 1 1
 0.5 1 1 1 1
 0.5 1 1 1 1
 0.5 1 1 1 1
 0.5 1 1 1 1
 0.5 1 1 1 1
 0.5 1 1 1 1
 0.5 1 1 1 1
 0.5 1 1 1 1
 0.5 1 1 1 1
 0.5 1 1 1 1
Sel_pelaces
 0.5 1 1 1 1
 0.5 1 1 1 1
 0.5 1 1 1 1
 0.5 1 1 1 1
 0.5 1 1 1 1
 0.5 1 1 1 1
 0.5 1 1 1 1
 0.5 1 1 1 1
 0.5 1 1 1 1
 0.5 1 1 1 1
 0.5 1 1 1 1
 0.5 1 1 1 1
 0.5 1 1 1 1
 0.5 1 1 1 1
 0.5 1 1 1 1
 0.5 1 1 1 1
 0.5 1 1 1 1
 0.5 1 1 1 1
 0.5 1 1 1 1
 0.5 1 1 1 1
 0.5 1 1 1 1
 0.5 1 1 1 1
 0.5 1 1 1 1
 0.5 1 1 1 1
 0.5 1 1 1 1
 0.5 1 1 1 1
 0.5 1 1 1 1
 0.5 1 1 1 1
 0.5 1 1 1 1
 0.5 1 1 1 1
 0.5 1 1 1 1
pf_obs 
 0.8446 0.082 0.0669 0.0065 0
 0.8095 0.147 0.0364 0.0071 0
 0.9664 0.0169 0.016 0.0007 0
 0.9276 0.0648 0.0075 0.0001 0
 0.7033 0.2144 0.0806 0.0017 0
 0.9318 0.0425 0.0243 0.0014 0
 0.5671 0.3108 0.0964 0.0239 0.0018
 0.0768 0.2599 0.5324 0.112 0.0189
 0.490249 0.384438 0.106611 0.0170017 0.00170017
 0.7925 0.1577 0.0466 0.003 0.0002
 0.840416 0.127587 0.0312969 0.00059994 9.999e-05
 0.8084 0.0986 0.0794 0.0134 0.0002
 0.7335 0.1905 0.0724 0.0035 0.0001
 0.4001 0.4547 0.1325 0.0127 0
 0.49795 0.308269 0.164784 0.0264974 0.00249975
 0.9179 0.0499 0.0305 0.0017 0
 0.2467 0.6533 0.0926 0.0074 0
 0.9418 0.0223 0.034 0.0019 0
 0.707729 0.231977 0.0356964 0.0245975 0
 0.517169 0.277429 0.184464 0.0207286 0.00020938
 0.811772 0.124168 0.05621 0.00726502 0.000585176
 0.764997 0.148141 0.077277 0.00933861 0.000247198
 0.163321 0.427699 0.378323 0.0303852 0.000271297
 0.753843 0.0900009 0.118128 0.0371064 0.000921714
 0.721811 0.176058 0.0630433 0.0369309 0.00215725
 0.143369 0.312575 0.442814 0.0836902 0.0175525
 0.692698 0.0596174 0.167031 0.0765114 0.00414204
 0.394062 0.376323 0.152708 0.0712218 0.00568511
 0.125707 0.32114 0.495352 0.0537591 0.00404204
 0.23352 0.215282 0.420074 0.123614 0.00750983
 0.774587 0.0839891 0.0768558 0.0609784 0.00358967
pf_pred 
 0.641165 0.226827 0.083445 0.0306977 0.0178654
 0.0986883 0.714302 0.118213 0.0434881 0.025309
 0.429243 0.110526 0.364739 0.0603622 0.0351294
 0.670247 0.205096 0.0241396 0.0796617 0.0208561
 0.519529 0.3984 0.0510457 0.00600805 0.0250176
 0.697256 0.21074 0.0762882 0.00977456 0.00594099
 0.394782 0.507698 0.0678839 0.024574 0.00506231
 0.383337 0.388013 0.191807 0.0256463 0.0111965
 0.463886 0.302532 0.146973 0.0726536 0.0139555
 0.690644 0.207892 0.0572568 0.027816 0.0163915
 0.780912 0.18548 0.0225853 0.00622037 0.0048027
 0.577641 0.372225 0.0424435 0.00516822 0.00252242
 0.58682 0.315783 0.0858357 0.00978753 0.00177347
 0.561727 0.337714 0.076855 0.0208906 0.0028137
 0.744036 0.198067 0.0446128 0.0101527 0.00313139
 0.814625 0.161142 0.0187517 0.00422366 0.00125766
 0.402971 0.544101 0.0460084 0.0053539 0.001565
 0.79686 0.120496 0.0753172 0.00636871 0.000957749
 0.537375 0.414671 0.0284447 0.0177796 0.00172951
 0.488882 0.370516 0.126028 0.00864498 0.00592925
 0.619763 0.258605 0.0881732 0.0299914 0.00346829
 0.592754 0.317482 0.0610499 0.0208154 0.00789896
 0.2328 0.586907 0.140554 0.0270276 0.0127122
 0.679705 0.125689 0.148874 0.0356525 0.0100803
 0.454255 0.446618 0.0388989 0.0460742 0.0141536
 0.359451 0.408144 0.190192 0.0165651 0.025648
 0.648868 0.189515 0.102979 0.0479874 0.0106508
 0.567326 0.344609 0.0475308 0.0258274 0.0147066
 0.252521 0.548321 0.158622 0.0218783 0.0186577
 0.321061 0.279834 0.292767 0.0846937 0.0216435
 0.759656 0.120065 0.0495748 0.0518659 0.0188384
pobs_RECLAS
 0 0 0 0 0
 0 0 0 0 0
 0 0 0 0 0
 0 0 0 0 0
 0 0 0 0 0
 0 0 0 0 0
 0 0 0 0 0
 0 0 0 0 0
 0 0 0 0 0
 0 0 0 0 0
 0.991045 0.00858322 0.000360255 1.14367e-05 0
 0.934742 0.0480273 0.0164251 0.00080598 0
 0.827803 0.169806 0.00239088 0 0
 0.941827 0.0461693 0.0120037 0 0
 0.791401 0.0380133 0.147996 0.0225897 0
 0.846168 0.0940531 0.0597789 0 0
 0.134021 0.677848 0.182769 0.00536245 0
 0.80878 0.0450904 0.141981 0.00414843 0
 0.846168 0.0940531 0.0597789 0 0
 0.905697 0.0802665 0.012482 0.00150086 5.37128e-05
 0.989698 0.0102097 9.19794e-05 0 0
 0.975433 0.0193895 0.00387452 0.00125025 5.28907e-05
 0.303575 0.632131 0.0575291 0.00676475 0
 0.966965 0.00978017 0.0227588 0.000495775 0
 0.843318 0.132988 0.00938335 0.0141283 0.000182051
 0.564624 0.303363 0.111486 0.0197234 0.00080311
 0.826376 0.0876187 0.0782897 0.00655872 0.00115652
 0.89761 0.0855135 0.0140674 0.00269457 0.000114338
 0.34875 0.467042 0.161289 0.0227151 0.000203297
 0.318654 0.224769 0.449479 0.00709798 0
 0.937255 0.0296025 0.0250945 0.00804832 0
ppred_RECLAS
 0.64361 0.225281 0.0828763 0.0304885 0.0177436
 0.100065 0.713211 0.118032 0.0434216 0.0252704
 0.432896 0.109818 0.362405 0.0599759 0.0349046
 0.67756 0.200547 0.0236043 0.077895 0.0203935
 0.521788 0.396527 0.0508057 0.0059798 0.0249
 0.701744 0.207616 0.0751573 0.00962967 0.00585292
 0.407803 0.496775 0.0664233 0.0240453 0.0049534
 0.384816 0.387082 0.191347 0.0255848 0.0111697
 0.471688 0.298129 0.144834 0.0715961 0.0137524
 0.699416 0.201997 0.0556333 0.0270273 0.0159267
 0.781972 0.184582 0.022476 0.00619026 0.00477945
 0.585331 0.365448 0.0416707 0.00507412 0.00247649
 0.594322 0.31005 0.0842771 0.00960982 0.00174127
 0.576679 0.326193 0.074233 0.0201779 0.00271771
 0.748549 0.194575 0.0438264 0.00997375 0.00307619
 0.818911 0.157416 0.0183182 0.00412601 0.00122858
 0.405991 0.54135 0.0457758 0.00532683 0.00155709
 0.799494 0.118934 0.0743405 0.00628612 0.000945329
 0.542864 0.409751 0.0281072 0.0175687 0.00170899
 0.493375 0.367259 0.12492 0.008569 0.00587714
 0.622907 0.256466 0.087444 0.0297433 0.00343961
 0.597379 0.313876 0.0603565 0.020579 0.00780925
 0.234569 0.585553 0.140229 0.0269652 0.0126829
 0.681757 0.124884 0.14792 0.0354241 0.0100157
 0.456329 0.444921 0.0387511 0.0458991 0.0140999
 0.361003 0.407155 0.189731 0.0165249 0.0255858
 0.650913 0.188411 0.102379 0.0477079 0.0105888
 0.569177 0.343135 0.0473276 0.025717 0.0146437
 0.253583 0.547542 0.158397 0.0218472 0.0186312
 0.322905 0.279075 0.291972 0.0844638 0.0215847
 0.761499 0.119144 0.0491946 0.0514682 0.018694
pobs_PELACES
 0 0 0 0 0
 0 0 0 0 0
 0 0 0 0 0
 0 0 0 0 0
 0 0 0 0 0
 0 0 0 0 0
 0 0 0 0 0
 0 0 0 0 0
 0 0 0 0 0
 0 0 0 0 0
 0 0 0 0 0
 0 0 0 0 0
 0 0 0 0 0
 0 0 0 0 0
 0 0 0 0 0
 0 0 0 0 0
 0.505614 0.472636 0.0217494 0 0
 0 0 0 0 0
 0.443492 0.261883 0.143347 0.151278 0
 0.227955 0.32914 0.350689 0.0885471 0.00366901
 0.970185 0.0296113 0.000203453 0 0
 0.997202 0.00247181 0.000326279 0 0
 0.445219 0.490057 0.0546422 0.010081 0
 0.90214 0.0892962 0.00764917 0.000914606 0
 0 0 0 0 0
 0.581667 0.319106 0.0959925 0.00289975 0.000334073
 0.762889 0.0836404 0.116647 0.0363945 0.000428098
 0.88444 0.0763242 0.0277011 0.0115352 0
 0.521256 0.241999 0.230069 0.00667565 0
 0.616807 0.101726 0.260614 0.0208532 0
 0.833518 0.0704572 0.0857862 0.0102388 0
ppred_PELACES
 0.652032 0.219958 0.080918 0.0297681 0.0173243
 0.104728 0.709516 0.117421 0.0431967 0.0251395
 0.445055 0.107464 0.354635 0.0586901 0.0341562
 0.697983 0.187845 0.0221092 0.0729611 0.0191018
 0.529759 0.389917 0.0499588 0.00588012 0.0244849
 0.715514 0.198031 0.0716873 0.00918507 0.00558269
 0.441451 0.468549 0.0626493 0.0226791 0.00467195
 0.390246 0.383666 0.189658 0.025359 0.0110711
 0.494351 0.28534 0.138622 0.0685249 0.0131625
 0.722531 0.186463 0.051355 0.0249489 0.014702
 0.785824 0.181321 0.0220789 0.0060809 0.00469501
 0.607318 0.34607 0.0394611 0.00480507 0.00234518
 0.615837 0.293607 0.0798076 0.00910018 0.00164893
 0.612871 0.298305 0.0678864 0.0184528 0.00248536
 0.76203 0.184143 0.0414767 0.00943903 0.00291127
 0.831111 0.146811 0.0170841 0.00384804 0.00114581
 0.416296 0.531957 0.0449816 0.00523441 0.00153007
 0.807923 0.113934 0.0712153 0.00602187 0.000905588
 0.559831 0.394543 0.027064 0.0169166 0.00164556
 0.507836 0.356776 0.121354 0.00832441 0.00570938
 0.633418 0.249318 0.0850068 0.0289143 0.00334374
 0.611983 0.302491 0.0581671 0.0198325 0.00752598
 0.240832 0.580762 0.139082 0.0267446 0.0125791
 0.688916 0.122074 0.144592 0.0346272 0.00979043
 0.463726 0.438867 0.0382238 0.0452746 0.013908
 0.366671 0.403544 0.188048 0.0163784 0.0253589
 0.658097 0.184534 0.100272 0.0467262 0.0103709
 0.575819 0.337845 0.0465979 0.0253205 0.014418
 0.257528 0.544648 0.15756 0.0217317 0.0185327
 0.329509 0.276353 0.289124 0.0836399 0.0213742
 0.767851 0.115971 0.0478843 0.0500973 0.0181961
pobs_pel_tallas
 0 0 0 0 0 0 0 0 0 0 0 0 0 0 0 0 0 0 0 0 0 0 0 0 0 0
 0 0 0 0 0 0 0 0 0 0 0 0 0 0 0 0 0 0 0 0 0 0 0 0 0 0
 0 0 0 0 0 0 0 0 0 0 0 0 0 0 0 0 0 0 0 0 0 0 0 0 0 0
 0 0 0 0 0 0 0 0 0 0 0 0 0 0 0 0 0 0 0 0 0 0 0 0 0 0
 0 0 0 0 0 0 0 0 0 0 0 0 0 0 0 0 0 0 0 0 0 0 0 0 0 0
 0 0 0 0 0 0 0 0 0 0 0 0 0 0 0 0 0 0 0 0 0 0 0 0 0 0
 0 0 0 0 0 0 0 0 0 0 0 0 0 0 0 0 0 0 0 0 0 0 0 0 0 0
 0 0 0 0 0 0 0 0 0 0 0 0 0 0 0 0 0 0 0 0 0 0 0 0 0 0
 0 0 0 0 0 0 0 0 0 0 0 0 0 0 0 0 0 0 0 0 0 0 0 0 0 0
 0 0 0 0 0 0 0 0 0 0 0 0 0 0 0 0 0 0 0 0 0 0 0 0 0 0
 0 0 0 0 0 0 0 0 0 0 0 0 0 0 0 0 0 0 0 0 0 0 0 0 0 0
 0 0 0 0 0 0 0 0 0 0 0 0 0 0 0 0 0 0 0 0 0 0 0 0 0 0
 0.00862536 0 0 0.000197151 0.00414017 0.0128641 0.00837892 0.0270097 0.101434 0.158115 0.152841 0.127902 0.109271 0.109419 0.0830992 0.0579132 0.0238553 0.00714673 0.00463305 0.00128148 0.00103504 0.000492878 0.000147863 0.000147863 4.92878e-05 0
 0 0 0 0 0 0 0 0 0 0 0 0 0 0 0 0 0 0 0 0 0 0 0 0 0 0
 0 0 0 0 0 0 0 0.0054083 0.00873648 0.0413646 0.0450493 0.0745869 0.0622846 0.0627006 0.0613931 0.0827291 0.12552 0.122667 0.0946155 0.0697135 0.0546179 0.0294188 0.0215738 0.0213955 0.0102223 0.00600262
 0 0 0 0 0.00359764 0.0251062 0.0480494 0.140153 0.205849 0.193036 0.1447 0.116669 0.0760912 0.0342217 0.00950174 0.001854 0.000860785 0 0 0 0.000165536 0 0.000143464 0 0 0
 0 0 0 0 0 0 0 0.000145254 0.000435761 0.0275982 0.070085 0.0708112 0.156366 0.174668 0.174014 0.160142 0.0824315 0.0480064 0.0283245 0.00493863 0.00203355 0 0 0 0 0
 0 0 0 0 0 0 0 0 0 0 0 0 0 0 0 0 0 0 0 0 0 0 0 0 0 0
 0 0 1.00437e-05 0.000401748 0.00122533 0.00171747 0.00176769 0.0269171 0.070346 0.194647 0.189555 0.159765 0.064822 0.0314167 0.0384472 0.0292271 0.0345202 0.0313363 0.0194345 0.0106764 0.0143323 0.0359363 0.0279516 0.0138201 0.00172751 0
 0 0.0021121 0.0136068 0.0755702 0.200478 0.177729 0.0527432 0.0373336 0.0318909 0.0142505 0.0149659 0.0166563 0.0217959 0.0798694 0.0677717 0.0528807 0.04013 0.0224614 0.0357745 0.0225083 0.00881397 0.00855152 0.00135912 0.000746735 0 0
 0 0 0 0 5.4009e-05 0.00500934 0.000945158 0.0243581 0.138947 0.33067 0.221406 0.137944 0.0707744 0.0437923 0.0131692 0.00525238 0.0047753 0.00276346 9.45158e-05 9.00151e-06 2.25038e-05 9.00151e-06 4.50075e-06 0 0 0
 0.000866109 0.00284123 0.00948549 0.0512746 0.133035 0.25785 0.225252 0.132002 0.0553304 0.0519788 0.0540692 0.017754 0.00435017 0.00159236 0.00146478 0.000404838 0.000125132 0.000115318 0.000107957 0.000100596 0 0 0 0 0 0
 0 0 0 0 0.00144013 0.00171154 0.00461396 0.0210425 0.0478622 0.0707936 0.0888783 0.103762 0.0637923 0.0337046 0.0602308 0.124433 0.169614 0.0934646 0.0462172 0.0250306 0.0313229 0.00938855 0.002487 0.000210481 0 0
 0 0.00764035 0.051015 0.0998891 0.058973 0.0496711 0.0374665 0.0718981 0.12319 0.153886 0.159021 0.0857701 0.0377988 0.023471 0.0147837 0.00900784 0.00315554 0.000888139 0.00291439 0.00214683 0.00393193 0.00274676 0.000635225 9.99891e-05 0 0
 0 0 0 0 0 0 0 0 0 0 0 0 0 0 0 0 0 0 0 0 0 0 0 0 0 0
 0 0 0 0 0 0 0 0 0 0 0 0 0 0 0 0 0 0 0 0 0 0 0 0 0 0
 0 0 0 0 0 0 0 0 0 0 0 0 0 0 0 0 0 0 0 0 0 0 0 0 0 0
 0 0 0 0 0 0 0 0 0 0 0 0 0 0 0 0 0 0 0 0 0 0 0 0 0 0
 0 0 0 0 0 0 0 0 0 0 0 0 0 0 0 0 0 0 0 0 0 0 0 0 0 0
 0 0 0 0 0 0 0 0 0 0 0 0 0 0 0 0 0 0 0 0 0 0 0 0 0 0
 0 0 0 0 0 0 0 0 0 0 0 0 0 0 0 0 0 0 0 0 0 0 0 0 0 0
ppred_pel_tallas
 1.08309e-16 5.3707e-05 0.000522051 0.00346922 0.0157706 0.0490682 0.104546 0.152592 0.152613 0.10465 0.0494179 0.0167817 0.00601166 0.00608694 0.0106661 0.0176639 0.0257152 0.0329246 0.0373977 0.0382785 0.0362299 0.0328929 0.0297785 0.0274792 0.0256788 0.0237118
 1.12157e-16 8.62643e-06 8.3852e-05 0.000557229 0.00253313 0.00788186 0.0167957 0.0245281 0.0245965 0.01713 0.00900462 0.00577654 0.00870062 0.0178676 0.0338033 0.0559246 0.0806936 0.101767 0.112682 0.110486 0.0974927 0.0796571 0.0629368 0.0504691 0.0422085 0.0364154
 1.21928e-16 3.66586e-05 0.000356334 0.00236797 0.0107644 0.0334922 0.0713592 0.104153 0.104164 0.0714127 0.0336737 0.0112956 0.00372787 0.00341374 0.00610397 0.0107158 0.0170315 0.0247712 0.0335964 0.043264 0.0534935 0.0635517 0.0719831 0.076913 0.0768585 0.0714998
 1.11236e-16 5.7492e-05 0.000558843 0.00371371 0.016882 0.0525262 0.111913 0.163345 0.163363 0.112002 0.0528237 0.0177416 0.00587288 0.00527753 0.00903597 0.0148963 0.0215823 0.0274484 0.0309027 0.0313212 0.029469 0.0269953 0.0253788 0.025125 0.0257014 0.0260674
 1.06275e-16 4.36357e-05 0.000424154 0.00281866 0.0128132 0.0398669 0.084942 0.123983 0.124021 0.0851256 0.0404834 0.0145937 0.00728761 0.0101791 0.018568 0.0306229 0.0441002 0.0554441 0.0610643 0.0593235 0.0515241 0.0410308 0.031259 0.0240835 0.0195834 0.0168141
 1.03986e-16 5.8936e-05 0.000572879 0.00380698 0.017306 0.0538455 0.114724 0.167447 0.167467 0.114818 0.0541601 0.0182155 0.00609338 0.00557511 0.00959137 0.0158474 0.0230192 0.029356 0.0331001 0.033421 0.0308641 0.0268933 0.0229219 0.0196182 0.0168981 0.0143789
 1.04993e-16 3.63618e-05 0.00035345 0.0023488 0.0106773 0.0332214 0.0707833 0.10332 0.103365 0.071004 0.0339623 0.0128172 0.00772002 0.0120786 0.0223037 0.0368134 0.053025 0.0666775 0.0734489 0.0713488 0.0619 0.0490882 0.0369614 0.0277473 0.0215763 0.0174218
 1.09988e-16 3.21441e-05 0.000312452 0.00207636 0.00943883 0.0293679 0.0625728 0.0913346 0.0913718 0.0627547 0.0299791 0.0112069 0.00652484 0.0100578 0.018641 0.031029 0.045307 0.0582507 0.0665488 0.0686125 0.0653925 0.0594704 0.0532299 0.0476267 0.0423053 0.0365561
 1.13173e-16 4.07191e-05 0.000395804 0.00263026 0.0119568 0.0372022 0.0792642 0.115694 0.115722 0.0793995 0.037657 0.0132729 0.0059427 0.00765611 0.013916 0.0231711 0.0339195 0.0438163 0.0504949 0.0528897 0.0518072 0.049192 0.0467059 0.0447849 0.0427648 0.0397034
 1.0652e-16 5.95139e-05 0.000578497 0.00384432 0.0174757 0.0543735 0.115849 0.169089 0.169107 0.115937 0.0546694 0.0183309 0.00599343 0.00527829 0.00900997 0.0148672 0.0215697 0.0274683 0.0309301 0.0312277 0.0289632 0.0256144 0.0225767 0.0204548 0.019028 0.0177036
 1.02088e-16 6.47273e-05 0.000629173 0.00418107 0.0190066 0.0591366 0.125997 0.183901 0.183918 0.126083 0.0594232 0.0198344 0.00625879 0.00516412 0.00867537 0.0142345 0.0204875 0.0257404 0.0283144 0.0274397 0.0237134 0.018694 0.0139691 0.0104194 0.00810265 0.00661216
 1.02107e-16 5.00241e-05 0.000486252 0.00323132 0.0146891 0.0457035 0.0973773 0.142132 0.142165 0.0975402 0.0462504 0.0162685 0.0071949 0.00913589 0.0164686 0.0271237 0.0390128 0.048941 0.0536806 0.0517332 0.044217 0.0341074 0.0244698 0.0170585 0.0120852 0.00887729
 1.0357e-16 5.07257e-05 0.000493072 0.00327664 0.0148951 0.0463445 0.0987428 0.144124 0.144152 0.0988814 0.04681 0.0162404 0.0066563 0.0078801 0.0141068 0.0233106 0.0337353 0.0427536 0.0477035 0.047327 0.0424712 0.0354271 0.0284767 0.0228112 0.0184522 0.0148774
 1.04307e-16 5.04814e-05 0.000490697 0.00326086 0.0148234 0.0461213 0.0982673 0.14343 0.143459 0.098408 0.0465939 0.016189 0.0066908 0.00798521 0.0143043 0.0236213 0.0341474 0.0432035 0.0480838 0.0475306 0.0424529 0.0352468 0.0282944 0.0228297 0.0188348 0.0156806
 1.02684e-16 6.27674e-05 0.000610122 0.00405447 0.0184311 0.0573459 0.122182 0.178332 0.17835 0.122269 0.0576377 0.019274 0.00617152 0.00523573 0.00885962 0.0145788 0.0210686 0.026648 0.029643 0.029276 0.0261095 0.0216269 0.0173067 0.0139195 0.0114613 0.00954519
 1.01111e-16 6.84575e-05 0.000665432 0.00442203 0.0201019 0.0625446 0.133258 0.194497 0.194512 0.133327 0.0627766 0.020772 0.00610377 0.0043357 0.00703603 0.0115159 0.0165641 0.0207908 0.0228279 0.0220438 0.0189155 0.0147038 0.0107023 0.00764273 0.00559932 0.00427274
 1.02218e-16 3.42899e-05 0.00033331 0.00221496 0.0100689 0.0313285 0.0667505 0.0974351 0.0974863 0.0670008 0.0321686 0.0124948 0.00830164 0.013612 0.0252276 0.0415852 0.0597433 0.0747918 0.0817411 0.0782778 0.0661489 0.0500029 0.0346608 0.022929 0.0152038 0.0104579
 1.02842e-16 6.65476e-05 0.000646866 0.00429866 0.0195411 0.0607996 0.12954 0.18907 0.189081 0.129594 0.0609815 0.0200677 0.00562472 0.00355524 0.00562975 0.00930492 0.0136369 0.0176452 0.0203578 0.0212954 0.0206969 0.0192495 0.0175667 0.0158608 0.014014 0.011874
 1.02857e-16 4.61126e-05 0.000448231 0.00297866 0.0135406 0.0421299 0.0897636 0.131021 0.131059 0.0899492 0.0427529 0.0153394 0.00749203 0.0102942 0.0187255 0.0308326 0.0442918 0.0554513 0.060625 0.0581253 0.0492853 0.0375863 0.0266121 0.0184077 0.0131819 0.0100609
 1.05395e-16 4.18298e-05 0.000406601 0.00270201 0.012283 0.038217 0.0814266 0.118852 0.118886 0.0815952 0.0387834 0.0139204 0.00681744 0.0094077 0.0171863 0.0284755 0.0413147 0.0525719 0.0590502 0.0592253 0.0540743 0.0462651 0.0384165 0.031837 0.0264857 0.0217582
 1.05983e-16 5.21738e-05 0.000507148 0.00337018 0.0153204 0.0476674 0.101561 0.148237 0.148261 0.101679 0.0480635 0.0164653 0.00624826 0.00680384 0.0120515 0.0199482 0.0289835 0.0369803 0.0417455 0.0422614 0.0392464 0.0345642 0.0299846 0.0262955 0.0232977 0.0204045
 1.05019e-16 5.04083e-05 0.000489987 0.00325614 0.0148019 0.0460545 0.098125 0.143222 0.143252 0.0982677 0.0465334 0.0161856 0.00673079 0.00807995 0.0144793 0.0238951 0.0345067 0.0435853 0.0483823 0.0476352 0.0423052 0.0348848 0.0278571 0.022514 0.018825 0.0160804
 1.08973e-16 1.98372e-05 0.000192824 0.00128139 0.00582504 0.0181242 0.0386175 0.0563751 0.0564312 0.0388915 0.0190445 0.00848435 0.00796109 0.0147895 0.027785 0.0460165 0.0665523 0.0842476 0.0938457 0.0928967 0.0831583 0.0692743 0.0558597 0.0453034 0.0375716 0.031451
 1.09334e-16 5.67451e-05 0.000551583 0.00366546 0.0166627 0.0518438 0.110459 0.161221 0.161233 0.110518 0.0520412 0.0172355 0.0051137 0.00374698 0.00622509 0.010463 0.0156799 0.0210067 0.0255704 0.0289421 0.0312855 0.0330113 0.0342539 0.0346592 0.0336516 0.0309033
 1.0811e-16 3.81966e-05 0.000371285 0.00246732 0.0112161 0.0348977 0.0743547 0.108532 0.108574 0.0745613 0.0355912 0.0132189 0.00749375 0.0113412 0.0208646 0.034416 0.0495417 0.0622524 0.0685301 0.0665817 0.0579446 0.0464742 0.0360352 0.0286718 0.0243175 0.0217128
 1.11464e-16 3.02023e-05 0.000293577 0.00195092 0.00886864 0.0275939 0.0587931 0.0858184 0.0858575 0.0589842 0.0282363 0.010727 0.00662559 0.0105316 0.0195714 0.0325618 0.0474967 0.0609677 0.0694792 0.0713687 0.0676804 0.0612116 0.0545708 0.0488444 0.0436777 0.0382588
 1.09382e-16 5.42066e-05 0.000526907 0.00350148 0.0159173 0.0495246 0.105518 0.15401 0.154028 0.105606 0.0498191 0.0167697 0.0056478 0.00523411 0.00905856 0.0150605 0.0220946 0.0286464 0.0332067 0.0350965 0.034821 0.033588 0.0323957 0.0314451 0.0302484 0.028181
 1.06411e-16 4.74295e-05 0.000461032 0.00306372 0.0139272 0.043333 0.0923268 0.13476 0.134793 0.0924859 0.0438674 0.0154708 0.00693855 0.00892124 0.0161195 0.0265872 0.0383308 0.0482873 0.0533762 0.0522066 0.0459152 0.0373897 0.0295162 0.023809 0.0202195 0.0178462
 1.10002e-16 2.12124e-05 0.000206192 0.00137022 0.00622886 0.0193806 0.0412943 0.0602812 0.0603339 0.0415515 0.0202445 0.00872587 0.00764427 0.013923 0.0261323 0.0433259 0.0627782 0.079714 0.0892481 0.0890934 0.0808455 0.0687352 0.0569199 0.047479 0.0402912 0.0342317
 1.2042e-16 2.71413e-05 0.000263823 0.0017532 0.0079698 0.0247971 0.0528339 0.0771183 0.0771454 0.0529663 0.0252428 0.00926254 0.00501855 0.00745993 0.0138937 0.0234509 0.0350129 0.0466298 0.0562843 0.0630119 0.0672796 0.0702086 0.0723418 0.0730742 0.071169 0.0657844
 1.09515e-16 6.32469e-05 0.000614783 0.00408545 0.0185719 0.057784 0.123115 0.179693 0.179704 0.12317 0.0579688 0.0191067 0.00543148 0.00356546 0.0057042 0.00943035 0.0138226 0.0179183 0.0208032 0.0221198 0.0222842 0.0221545 0.0224044 0.0230984 0.023738 0.0236477
pSPR Fmed_Fpbrs
0.631678   0.285572 0.285572
Fs Fmed_Fpbrs
0.301846   1.005 1.005
SSBpbr Bo_Bmed_Bpbrs
1.7953e+06  1.04429e+06  422922 422922
Ro
172410
SPR SPRFo_SPRFmed_SPRFpbrs
1.23237e+06 778464 351932
Fref
1.005
Nvult_r0
 248921 21572.4 8907.22 9318.87 3384.75
CTP_r0
 24057.2 3802.29 1569.96 1642.52 596.586
YTP_r0
391785
Np
 256618 122910 9114.48 3763.36 5106.72
Nvult_p0
 199502 106359 7887.12 3256.58 4419.04
CTP_p0
 66721.8 53312.2 3953.39 1632.35 2215.03
YTP_p0
 1.57704e+06
CBA_c0
747360
log_Ro
11.8776
likeval ReclasPelacesDesembMPH_pf_preclas_ppelaces_ptallas_desvR_qrecl_qpela
 19.141 23.2288 0.182714 0.00273509 252.049 135.33 105.666 0 29.2714 0 0 0.421369 0 0 0
q_reclas_q_pelaces
1 1
M
1
N
 410279 75934.8 27934.8 10276.7 5980.77
 35068.2 134960 22335.2 8216.64 4781.9
 80927.9 11062.3 36506.1 6041.54 3516.04
 149966 25634.8 3017.2 9956.86 2606.79
 103684 41352.3 5298.34 623.61 2596.72
 211541 34620.9 12532.8 1605.79 976.001
 84718.1 63579.5 8501.15 3077.43 633.957
 39426.3 20528.6 10147.9 1356.87 592.374
 37319.8 13532.8 6574.37 3249.92 624.254
 60891.5 10427.7 2871.95 1395.23 822.183
 130387 15928 1939.51 534.173 412.431
 124883 44772.8 5105.28 621.656 303.407
 116505 34832.1 9468 1079.6 195.621
 91867.8 32623.9 7424.36 2018.07 271.81
 147673 21436 4828.27 1098.79 338.898
 398650 43551.1 5067.95 1141.51 339.901
 159626 113514 9598.55 1116.96 326.5
 639980 51616.4 32263.2 2728.13 410.266
 478199 200239 13735.6 8585.53 835.156
 351724 142901 48606.4 3334.2 2286.79
 492710 108587 37023.5 12593.2 1456.32
 548772 158152 30411.8 10369.1 3934.84
 127549 167759 40175.2 7725.45 3633.61
 438733 42256.4 50051 11986.3 3388.98
 286182 145954 12712.1 15056.9 4625.37
 164370 96195.4 44826.3 3904.22 6044.97
 369693 56143.5 30507.4 14216.2 3155.28
 393271 123520 17036.8 9257.48 5271.39
 119610 133254 38548.6 5316.89 4534.21
 91367.4 41321.8 43231.5 12506.3 3195.99
 371832 30686.9 12670.6 13256.2 4814.83
pred_Ctot
 27698 9798.8 3604.78 1326.12 771.773
 3199.08 23154.8 3831.99 1409.71 820.418
 7195.75 1852.83 6114.41 1011.9 588.902
 24304.4 7437.17 875.35 2888.69 756.281
 6100.35 4678.05 599.384 70.5471 293.759
 24878.6 7519.35 2722.01 348.763 211.978
 18906.3 24313.9 3250.99 1176.86 242.436
 1678.57 1699.04 839.89 112.301 49.0277
 5801.28 3783.41 1838.03 908.593 174.525
 11434 3441.76 947.918 460.509 271.371
 5518.76 1310.8 159.612 43.9598 33.9411
 19524.7 12581.5 1434.63 174.69 85.2598
 17982.7 9676.98 2630.38 299.933 54.3469
 22034.3 13247.2 3014.72 819.455 110.37
 18850.8 5018.18 1130.3 257.228 79.3364
 58146.1 11501.9 1338.46 301.476 89.7687
 12341.1 16663.2 1409.01 163.964 47.9284
 61281.9 9266.67 5792.21 489.781 73.6549
 57705.7 44529.1 3054.51 1909.25 185.722
 36264.4 27484.2 9348.5 641.269 439.821
 40146 16751.5 5711.55 1942.73 224.664
 59525 31881.9 6130.7 2090.31 793.223
 8086.73 20387.3 4882.39 938.853 441.583
 26761.8 4948.72 5861.56 1403.74 396.89
 15726.4 15462 1346.69 1595.1 490.003
 7476.28 8489.06 3955.84 344.54 533.457
 21617.6 6313.83 3430.82 1598.74 354.839
 19759.5 12002.5 1655.46 899.548 512.22
 4628.92 10051.2 2907.68 401.048 342.011
 5064.1 4413.83 4617.81 1335.87 341.383
 24057.2 3802.29 1569.96 1642.52 596.586
F
 0.111856 0.223713 0.223713 0.223713 0.223713
 0.153752 0.307503 0.307503 0.307503 0.307503
 0.149608 0.299216 0.299216 0.299216 0.299216
 0.288279 0.576557 0.576557 0.576557 0.576557
 0.0968885 0.193777 0.193777 0.193777 0.193777
 0.202128 0.404257 0.404257 0.404257 0.404257
 0.417511 0.835023 0.835023 0.835023 0.835023
 0.0693195 0.138639 0.138639 0.138639 0.138639
 0.275061 0.550123 0.550123 0.550123 0.550123
 0.341013 0.682025 0.682025 0.682025 0.682025
 0.0689027 0.137805 0.137805 0.137805 0.137805
 0.276842 0.553684 0.553684 0.553684 0.553684
 0.272887 0.545773 0.545773 0.545773 0.545773
 0.455278 0.910557 0.910557 0.910557 0.910557
 0.221068 0.442136 0.442136 0.442136 0.442136
 0.256161 0.512322 0.512322 0.512322 0.512322
 0.128997 0.257995 0.257995 0.257995 0.257995
 0.161925 0.32385 0.32385 0.32385 0.32385
 0.207879 0.415757 0.415757 0.415757 0.415757
 0.175298 0.350595 0.350595 0.350595 0.350595
 0.13636 0.272721 0.272721 0.272721 0.272721
 0.185155 0.37031 0.37031 0.37031 0.37031
 0.104743 0.209486 0.209486 0.209486 0.209486
 0.100602 0.201204 0.201204 0.201204 0.201204
 0.0902468 0.180494 0.180494 0.180494 0.180494
 0.0742064 0.148413 0.148413 0.148413 0.148413
 0.0962682 0.192536 0.192536 0.192536 0.192536
 0.0822432 0.164486 0.164486 0.164486 0.164486
 0.0628427 0.125685 0.125685 0.125685 0.125685
 0.091054 0.182108 0.182108 0.182108 0.182108
 0.106986 0.213971 0.213971 0.213971 0.213971
nmprior
 8.19 8.8 8.5 0
nm_flota  nm_reclas  nm_pelaces    nm_pelaL
inf 7.15087 8.10183 15.176
cv_recla  cv_pelaces  cv_mph
0.395738 0.546494 1.61395
 ------------------------------------------------
Talla a la edad & desviaci?n 
 8 13.2811 15.8009 17.003 17.5766
 0.8 1.32811 1.58009 1.7003 1.75766
