years
 1991 1992 1993 1994 1995 1996 1997 1998 1999 2000 2001 2002 2003 2004 2005 2006 2007 2008 2009 2010 2011 2012 2013 2014 2015 2016 2017 2018 2019 2020 2021
reclasobs
 0 0 0 0 0 0 0 0 0 252601 567819 844713 477998 351125 339783 2.1784e+06 2.13404e+06 4.81314e+06 1.55562e+06 2.62356e+06 3.21686e+06 3.843e+06 1.13348e+06 3.07943e+06 1.97215e+06 2.03268e+06 2.025e+06 2.42433e+06 2.27542e+06 1.05018e+06 2.36338e+06
reclaspred
 4.89348e+06 1.1276e+06 1.35155e+06 783296 41968.9 3.2329e+06 1.04433e+06 220753 1.06072e+06 217703 297929 1.20635e+06 557880 763074 371409 2.01814e+06 715263 8.72715e+06 5.35211e+06 1.32695e+06 2.80274e+06 3.42674e+06 1.50819e+06 3.26076e+06 2.49305e+06 1.33627e+06 2.06024e+06 4.13e+06 2.68818e+06 612312 1.23119e+06
pelacesobs
 0 0 0 0 0 0 0 0 0 0 0 0 0 0 0 552880 188675 0 991730 2.46772e+06 1.41603e+06 1.21717e+06 2.29649e+06 1.80582e+06 0 1.4828e+06 1.56532e+06 1.57751e+06 1.42118e+06 867257 1.10002e+06
pelacespred
 3.59168e+06 702518 648563 294544 8985.64 2.0529e+06 498522 131318 617175 80986.7 166486 618208 264010 425882 174548 984965 306977 5.86327e+06 3.51084e+06 735600 1.5761e+06 1.78369e+06 799446 2.19816e+06 1.47408e+06 760447 1.46519e+06 2.99582e+06 1.69177e+06 374721 697731
mphobs
 0 0 0 0 0 0 0 0 0 0 0 498337 0 5186 125008 0 168611 109162 213762 579715 649985 157893 87575 83554 0 0 0 0 0 0 0
mphpred
 1.36039e+06 498151 62315.7 201562 37422 992.232 392578 74931 16708.4 100742 8342.55 34767.3 121585 30501 36046.6 21765.8 226876 57991.7 1.21518e+06 510666 113386 255867 413850 155379 365873 326681 122642 208533 648916 263369 34428.1
desembarqueobs
 494567 514787 250237 358949 120608 361735 552515 73892 212993 205616 52469 317467 293654 387597 252695 516296 358380 742168 942051 627588 828172 859565 418607 520667 417249 300574 415391 372974 316634 284311 391294
desembarquepred
 494451 513879 250962 357597 120315 361408 551618 73845 212735 205299 52427.4 316966 293027 386485 252088 515388 357912 741373 939901 624910 826778 857794 417999 520031 416527 300090 414682 372483 316152 283478 390740
Reclutas
 1392.16 825.43 248019 3933.15 1125.41 293650 1145.06 324.965 62885.1 1522.8 31269.5 157215 34663.9 85330.9 36409.1 277649 2628.69 818440 142650 20320.3 257223 443074 3249.05 176497 165321 10666.3 132802 233756 7904.69 2403.81 102893
log_desv_Rt
 -2.93195 -3.45466 2.2507 -1.89337 -3.14466 2.41958 -3.12735 -4.38685 0.878503 -2.84225 0.179838 1.79481 0.282893 1.18373 0.332011 2.36355 -2.29632 3.44459 1.69759 -0.251189 2.28714 2.83093 -2.08444 1.9105 1.84508 -0.895714 1.62605 2.19147 -1.19535 -2.38575 1.37089
SSB
 1.66757e+06 610636 76387 247076 45872.1 1216.28 481225 91850.9 20481.2 123491 10226.3 42618 149040 37388.3 44186.2 26680.7 278106 71086.6 1.48958e+06 625978 138990 313643 507300 190464 448489 400447 150336 255622 795445 322839 42202.2
BT
 2.06261e+06 878899 505778 368252 107561 1.29369e+06 711723 129127 482921 213452 123987 552008 369756 607313 330896 873955 417951 3.44795e+06 2.45831e+06 970347 1.47686e+06 1.56433e+06 696650 1.53226e+06 1.0561e+06 591801 1.13043e+06 1.77678e+06 1.01477e+06 478550 707017
Ftot
 0.321177 1.2601 1.2203 1.37984 4.19673 0.863321 1.52954 0.986013 1.42025 2.3847 1.2161 1.72343 1.97036 3.03357 3.47417 1.80978 1.48848 0.641182 0.667869 1.41096 1.79502 1.44685 0.889415 0.98669 0.799649 0.765723 1.22706 0.586815 0.399875 1.31346 2.0933
BD_Bspro_t
 0.950297 0.595303 0.171729 0.392027 0.0828901 0.00369587 0.475042 0.134491 0.0504918 0.247652 0.0407316 0.222114 0.301139 0.0900603 0.0961351 0.0649356 0.290478 0.0990344 0.603858 0.357752 0.106372 0.209395 0.309969 0.16141 0.337057 0.365845 0.222268 0.356951 0.600694 0.379076 0.0998896
BD_Bspro
 8.93071 3.27027 0.409091 1.32322 0.245669 0.00651383 2.5772 0.491909 0.109688 0.661356 0.0547673 0.228241 0.798187 0.200233 0.236639 0.142889 1.4894 0.380705 7.97747 3.35243 0.744361 1.67972 2.71685 1.02003 2.40189 2.1446 0.805125 1.36898 4.26001 1.72897 0.226014
BD_Bo
 1.1424 0.418327 0.0523302 0.169264 0.0314255 0.000833237 0.329671 0.062924 0.014031 0.0845994 0.00700573 0.0291962 0.102103 0.0256135 0.0302705 0.0182781 0.190521 0.0486991 1.02046 0.428837 0.0952173 0.214866 0.347535 0.130481 0.307245 0.274333 0.10299 0.175118 0.544933 0.221167 0.0289113
BD_Brms
 4.18707 1.53323 0.191798 0.620377 0.115179 0.00305394 1.2083 0.230626 0.0514259 0.31007 0.0256771 0.107009 0.374221 0.0938774 0.110946 0.0669919 0.698289 0.17849 3.74015 1.57175 0.348986 0.787518 1.27377 0.478232 1.1261 1.00547 0.377475 0.641834 1.99726 0.810609 0.105964
Sel_flota
 0.404871 0.928191 0.995945 0.999786 0.999989
 0.404871 0.928191 0.995945 0.999786 0.999989
 0.404871 0.928191 0.995945 0.999786 0.999989
 0.404871 0.928191 0.995945 0.999786 0.999989
 0.404871 0.928191 0.995945 0.999786 0.999989
 0.404871 0.928191 0.995945 0.999786 0.999989
 0.404871 0.928191 0.995945 0.999786 0.999989
 0.404871 0.928191 0.995945 0.999786 0.999989
 0.404871 0.928191 0.995945 0.999786 0.999989
 0.404871 0.928191 0.995945 0.999786 0.999989
 0.404871 0.928191 0.995945 0.999786 0.999989
 0.404871 0.928191 0.995945 0.999786 0.999989
 0.404871 0.928191 0.995945 0.999786 0.999989
 0.404871 0.928191 0.995945 0.999786 0.999989
 0.404871 0.928191 0.995945 0.999786 0.999989
 0.404871 0.928191 0.995945 0.999786 0.999989
 0.404871 0.928191 0.995945 0.999786 0.999989
 0.404871 0.928191 0.995945 0.999786 0.999989
 0.404871 0.928191 0.995945 0.999786 0.999989
 0.404871 0.928191 0.995945 0.999786 0.999989
 0.404871 0.928191 0.995945 0.999786 0.999989
 0.404871 0.928191 0.995945 0.999786 0.999989
 0.404871 0.928191 0.995945 0.999786 0.999989
 0.404871 0.928191 0.995945 0.999786 0.999989
 0.404871 0.928191 0.995945 0.999786 0.999989
 0.404871 0.928191 0.995945 0.999786 0.999989
 0.404871 0.928191 0.995945 0.999786 0.999989
 0.404871 0.928191 0.995945 0.999786 0.999989
 0.404871 0.928191 0.995945 0.999786 0.999989
 0.404871 0.928191 0.995945 0.999786 0.999989
 0.404871 0.928191 0.995945 0.999786 0.999989
Sel_reclas
 0.999395 1 1 1 1
 0.999395 1 1 1 1
 0.999395 1 1 1 1
 0.999395 1 1 1 1
 0.999395 1 1 1 1
 0.999395 1 1 1 1
 0.999395 1 1 1 1
 0.999395 1 1 1 1
 0.999395 1 1 1 1
 0.999395 1 1 1 1
 0.999395 1 1 1 1
 0.999395 1 1 1 1
 0.999395 1 1 1 1
 0.999395 1 1 1 1
 0.999395 1 1 1 1
 0.999395 1 1 1 1
 0.999395 1 1 1 1
 0.999395 1 1 1 1
 0.999395 1 1 1 1
 0.999395 1 1 1 1
 0.999395 1 1 1 1
 0.999395 1 1 1 1
 0.999395 1 1 1 1
 0.999395 1 1 1 1
 0.999395 1 1 1 1
 0.999395 1 1 1 1
 0.999395 1 1 1 1
 0.999395 1 1 1 1
 0.999395 1 1 1 1
 0.999395 1 1 1 1
 0.999395 1 1 1 1
Sel_pelaces
 0.935457 1 1 1 1
 0.935457 1 1 1 1
 0.935457 1 1 1 1
 0.935457 1 1 1 1
 0.935457 1 1 1 1
 0.935457 1 1 1 1
 0.935457 1 1 1 1
 0.935457 1 1 1 1
 0.935457 1 1 1 1
 0.935457 1 1 1 1
 0.935457 1 1 1 1
 0.935457 1 1 1 1
 0.935457 1 1 1 1
 0.935457 1 1 1 1
 0.935457 1 1 1 1
 0.935457 1 1 1 1
 0.935457 1 1 1 1
 0.935457 1 1 1 1
 0.935457 1 1 1 1
 0.935457 1 1 1 1
 0.935457 1 1 1 1
 0.935457 1 1 1 1
 0.935457 1 1 1 1
 0.935457 1 1 1 1
 0.935457 1 1 1 1
 0.935457 1 1 1 1
 0.935457 1 1 1 1
 0.935457 1 1 1 1
 0.935457 1 1 1 1
 0.935457 1 1 1 1
 0.935457 1 1 1 1
pf_obs 
 0.8446 0.082 0.0669 0.0065 0
 0.8095 0.147 0.0364 0.0071 0
 0.9664 0.0169 0.016 0.0007 0
 0.9276 0.0648 0.0075 0.0001 0
 0.7033 0.2144 0.0806 0.0017 0
 0.9318 0.0425 0.0243 0.0014 0
 0.5671 0.3108 0.0964 0.0239 0.0018
 0.0768 0.2599 0.5324 0.112 0.0189
 0.490249 0.384438 0.106611 0.0170017 0.00170017
 0.7925 0.1577 0.0466 0.003 0.0002
 0.840416 0.127587 0.0312969 0.00059994 9.999e-05
 0.8084 0.0986 0.0794 0.0134 0.0002
 0.7335 0.1905 0.0724 0.0035 0.0001
 0.4001 0.4547 0.1325 0.0127 0
 0.49795 0.308269 0.164784 0.0264974 0.00249975
 0.9179 0.0499 0.0305 0.0017 0
 0.2467 0.6533 0.0926 0.0074 0
 0.9418 0.0223 0.034 0.0019 0
 0.707729 0.231977 0.0356964 0.0245975 0
 0.517169 0.277429 0.184464 0.0207286 0.00020938
 0.811772 0.124168 0.05621 0.00726502 0.000585176
 0.764997 0.148141 0.077277 0.00933861 0.000247198
 0.163321 0.427699 0.378323 0.0303852 0.000271297
 0.753843 0.0900009 0.118128 0.0371064 0.000921714
 0.721811 0.176058 0.0630433 0.0369309 0.00215725
 0.143369 0.312575 0.442814 0.0836902 0.0175525
 0.692698 0.0596174 0.167031 0.0765114 0.00414204
 0.394062 0.376323 0.152708 0.0712218 0.00568511
 0.125707 0.32114 0.495352 0.0537591 0.00404204
 0.23352 0.215282 0.420074 0.123614 0.00750983
 0.774587 0.0839891 0.0768558 0.0609784 0.00358967
pf_pred 
 0.00620045 0.142144 0.738859 0.112795 6.59022e-07
 0.0159287 0.0157435 0.148517 0.711654 0.108157
 0.977495 0.00131166 0.000385798 0.00321042 0.0175972
 0.037923 0.956211 0.000386443 0.000100454 0.00537906
 0.11192 0.110703 0.773255 0.000273573 0.00384892
 0.999235 0.000498743 4.28696e-05 0.000222382 1.16486e-06
 0.0085504 0.9912 0.000168946 1.30596e-05 6.77006e-05
 0.0228452 0.0302282 0.94672 0.0001404 6.65714e-05
 0.970259 0.00219115 0.000949718 0.0265941 5.77732e-06
 0.0690692 0.924068 0.00057615 0.000218292 0.00606825
 0.957317 0.0119298 0.0305668 1.58094e-05 0.000170607
 0.928676 0.0704602 0.00026352 0.000596686 3.6128e-06
 0.418371 0.57082 0.0106973 3.44219e-05 7.77559e-05
 0.885637 0.0874589 0.0264791 0.000420962 4.37245e-06
 0.733515 0.26191 0.00367384 0.000886691 1.40622e-05
 0.979745 0.0194199 0.000823561 8.97069e-06 2.16826e-06
 0.0294972 0.965732 0.00460142 0.000167165 2.24126e-06
 0.987027 0.00128613 0.0116369 4.83662e-05 1.76711e-06
 0.233705 0.762847 0.000372215 0.00306294 1.31264e-05
 0.11513 0.402313 0.480595 0.000212845 0.00174959
 0.923631 0.0254777 0.0248328 0.0259532 0.000105151
 0.843585 0.153641 0.00102532 0.000856828 0.000891402
 0.0173582 0.934368 0.0475274 0.000277197 0.000468998
 0.846563 0.00758245 0.139384 0.00637129 9.94196e-05
 0.64785 0.334108 0.000991077 0.0162985 0.000751967
 0.0936341 0.760774 0.138859 0.00037183 0.00636068
 0.852369 0.0336837 0.0971498 0.0160247 0.000772381
 0.786618 0.203595 0.00245411 0.00625863 0.0010747
 0.0476785 0.862875 0.0857034 0.000942201 0.00280105
 0.0569523 0.105442 0.764788 0.0697846 0.00303318
 0.958801 0.00783607 0.0041812 0.0266613 0.0025203
pobs_RECLAS
 0 0 0 0 0
 0 0 0 0 0
 0 0 0 0 0
 0 0 0 0 0
 0 0 0 0 0
 0 0 0 0 0
 0 0 0 0 0
 0 0 0 0 0
 0 0 0 0 0
 0 0 0 0 0
 0.991045 0.00858322 0.000360255 1.14367e-05 0
 0.934742 0.0480273 0.0164251 0.00080598 0
 0.827803 0.169806 0.00239088 0 0
 0.941827 0.0461693 0.0120037 0 0
 0.791401 0.0380133 0.147996 0.0225897 0
 0.846168 0.0940531 0.0597789 0 0
 0.134021 0.677848 0.182769 0.00536245 0
 0.80878 0.0450904 0.141981 0.00414843 0
 0.846168 0.0940531 0.0597789 0 0
 0.905697 0.0802665 0.012482 0.00150086 5.37128e-05
 0.989698 0.0102097 9.19794e-05 0 0
 0.975433 0.0193895 0.00387452 0.00125025 5.28907e-05
 0.303575 0.632131 0.0575291 0.00676475 0
 0.966965 0.00978017 0.0227588 0.000495775 0
 0.843318 0.132988 0.00938335 0.0141283 0.000182051
 0.564624 0.303363 0.111486 0.0197234 0.00080311
 0.826376 0.0876187 0.0782897 0.00655872 0.00115652
 0.89761 0.0855135 0.0140674 0.00269457 0.000114338
 0.34875 0.467042 0.161289 0.0227151 0.000203297
 0.318654 0.224769 0.449479 0.00709798 0
 0.937255 0.0296025 0.0250945 0.00804832 0
ppred_RECLAS
 0.0152354 0.149932 0.724646 0.110186 6.43642e-07
 0.0426446 0.0167175 0.144848 0.690825 0.104966
 0.991637 0.000530002 0.000143276 0.00118674 0.00650326
 0.0915267 0.903418 0.00033464 8.65706e-05 0.00463445
 0.368099 0.0903306 0.538725 0.00018891 0.00265655
 0.999693 0.000205723 1.63412e-05 8.44015e-05 4.42002e-07
 0.0219239 0.977851 0.000152341 1.17176e-05 6.07279e-05
 0.0583801 0.0314944 0.909927 0.000134346 6.3686e-05
 0.989153 0.000870467 0.000345553 0.00962935 2.09135e-06
 0.178145 0.816446 0.000456746 0.00017201 0.00478013
 0.983544 0.00488404 0.0115023 5.92153e-06 6.38864e-05
 0.971986 0.0277063 9.4352e-05 0.000212534 1.28649e-06
 0.664587 0.329757 0.00559778 1.79139e-05 4.04541e-05
 0.962729 0.0293131 0.00783256 0.000123653 1.28389e-06
 0.906348 0.0922489 0.00112827 0.000270226 4.28382e-06
 0.992406 0.00730867 0.000281722 3.05246e-06 7.37589e-07
 0.0729129 0.922917 0.00402246 0.000145414 1.94913e-06
 0.994871 0.000544378 0.00456473 1.88934e-05 6.90138e-07
 0.421304 0.576291 0.00026051 0.00213476 9.1466e-06
 0.25901 0.353066 0.386354 0.000170281 0.00139935
 0.971943 0.00998049 0.00884468 0.00919508 3.7244e-05
 0.932904 0.0660082 0.000403253 0.000335345 0.000348787
 0.0413249 0.915008 0.0429953 0.000249673 0.000422334
 0.935949 0.00341764 0.0579548 0.00263741 4.11453e-05
 0.816701 0.174613 0.000479069 0.00784472 0.000361851
 0.200961 0.678851 0.114654 0.000305708 0.0052284
 0.939326 0.0147746 0.0391605 0.00642945 0.000309819
 0.897678 0.0979686 0.0010951 0.00278126 0.000477478
 0.105538 0.815892 0.0752955 0.000824455 0.00245049
 0.141845 0.103561 0.689277 0.0625967 0.00272008
 0.986092 0.00288119 0.00138879 0.00880567 0.000832153
pobs_PELACES
 0 0 0 0 0
 0 0 0 0 0
 0 0 0 0 0
 0 0 0 0 0
 0 0 0 0 0
 0 0 0 0 0
 0 0 0 0 0
 0 0 0 0 0
 0 0 0 0 0
 0 0 0 0 0
 0 0 0 0 0
 0 0 0 0 0
 0 0 0 0 0
 0 0 0 0 0
 0 0 0 0 0
 0 0 0 0 0
 0.505614 0.472636 0.0217494 0 0
 0 0 0 0 0
 0.443492 0.261883 0.143347 0.151278 0
 0.227955 0.32914 0.350689 0.0885471 0.00366901
 0.970185 0.0296113 0.000203453 0 0
 0.997202 0.00247181 0.000326279 0 0
 0.445219 0.490057 0.0546422 0.010081 0
 0.90214 0.0892962 0.00764917 0.000914606 0
 0 0 0 0 0
 0.581667 0.319106 0.0959925 0.00289975 0.000334073
 0.762889 0.0836404 0.116647 0.0363945 0.000428098
 0.88444 0.0763242 0.0277011 0.0115352 0
 0.521256 0.241999 0.230069 0.00667565 0
 0.616807 0.101726 0.260614 0.0208532 0
 0.833518 0.0704572 0.0857862 0.0102388 0
ppred_PELACES
 0.0151678 0.150864 0.723935 0.110033 6.42734e-07
 0.0506536 0.0170657 0.143756 0.684525 0.104
 0.992946 0.000459241 0.000120806 0.000999075 0.00547442
 0.106902 0.888286 0.000319039 8.23903e-05 0.00441026
 0.549377 0.0697744 0.378858 0.000132146 0.00185778
 0.999719 0.000189347 1.47528e-05 7.61145e-05 3.98581e-07
 0.0265977 0.973186 0.000146517 1.12478e-05 5.82871e-05
 0.0656716 0.0319233 0.902209 0.00013304 6.30628e-05
 0.991188 0.000729187 0.000280421 0.00780029 1.69395e-06
 0.234533 0.760703 0.000403466 0.000151486 0.0042091
 0.985984 0.00423995 0.00971759 4.99502e-06 5.3886e-05
 0.977655 0.0221085 7.24432e-05 0.000162827 9.85497e-07
 0.722859 0.272666 0.00442914 1.41387e-05 3.19246e-05
 0.976419 0.0188099 0.00469648 7.38592e-05 7.66722e-07
 0.942936 0.0562726 0.000636818 0.00015185 2.40668e-06
 0.994063 0.00572193 0.000211812 2.28973e-06 5.53218e-07
 0.0869312 0.909096 0.00383253 0.000138286 1.85341e-06
 0.995156 0.000520774 0.00430465 1.78024e-05 6.5026e-07
 0.433365 0.564317 0.000251316 0.00205768 8.81593e-06
 0.29793 0.340051 0.360557 0.000158627 0.00130346
 0.978444 0.00787286 0.00670244 0.00695214 2.81558e-05
 0.943559 0.0555557 0.000328594 0.000272758 0.000283663
 0.0449717 0.912346 0.0420261 0.00024377 0.000412324
 0.943058 0.00310259 0.0514643 0.00233911 3.64892e-05
 0.827359 0.164606 0.000443612 0.00725675 0.000334712
 0.212217 0.671006 0.111405 0.000296758 0.00507506
 0.948156 0.0128903 0.0332415 0.00544917 0.00026256
 0.90092 0.0949193 0.00104718 0.00265759 0.000456229
 0.10589 0.81621 0.0746544 0.000817022 0.00242833
 0.166113 0.103273 0.667469 0.0605154 0.00262941
 0.990003 0.00215281 0.000990246 0.00626206 0.000591694
pobs_pel_tallas
 0 0 0 0 0 0 0 0 0 0 0 0 0 0 0 0 0 0 0 0 0 0 0 0 0 0
 0 0 0 0 0 0 0 0 0 0 0 0 0 0 0 0 0 0 0 0 0 0 0 0 0 0
 0 0 0 0 0 0 0 0 0 0 0 0 0 0 0 0 0 0 0 0 0 0 0 0 0 0
 0 0 0 0 0 0 0 0 0 0 0 0 0 0 0 0 0 0 0 0 0 0 0 0 0 0
 0 0 0 0 0 0 0 0 0 0 0 0 0 0 0 0 0 0 0 0 0 0 0 0 0 0
 0 0 0 0 0 0 0 0 0 0 0 0 0 0 0 0 0 0 0 0 0 0 0 0 0 0
 0 0 0 0 0 0 0 0 0 0 0 0 0 0 0 0 0 0 0 0 0 0 0 0 0 0
 0 0 0 0 0 0 0 0 0 0 0 0 0 0 0 0 0 0 0 0 0 0 0 0 0 0
 0 0 0 0 0 0 0 0 0 0 0 0 0 0 0 0 0 0 0 0 0 0 0 0 0 0
 0 0 0 0 0 0 0 0 0 0 0 0 0 0 0 0 0 0 0 0 0 0 0 0 0 0
 0 0 0 0 0 0 0 0 0 0 0 0 0 0 0 0 0 0 0 0 0 0 0 0 0 0
 0 0 0 0 0 0 0 0 0 0 0 0 0 0 0 0 0 0 0 0 0 0 0 0 0 0
 0.00862536 0 0 0.000197151 0.00414017 0.0128641 0.00837892 0.0270097 0.101434 0.158115 0.152841 0.127902 0.109271 0.109419 0.0830992 0.0579132 0.0238553 0.00714673 0.00463305 0.00128148 0.00103504 0.000492878 0.000147863 0.000147863 4.92878e-05 0
 0 0 0 0 0 0 0 0 0 0 0 0 0 0 0 0 0 0 0 0 0 0 0 0 0 0
 0 0 0 0 0 0 0 0.0054083 0.00873648 0.0413646 0.0450493 0.0745869 0.0622846 0.0627006 0.0613931 0.0827291 0.12552 0.122667 0.0946155 0.0697135 0.0546179 0.0294188 0.0215738 0.0213955 0.0102223 0.00600262
 0 0 0 0 0.00359764 0.0251062 0.0480494 0.140153 0.205849 0.193036 0.1447 0.116669 0.0760912 0.0342217 0.00950174 0.001854 0.000860785 0 0 0 0.000165536 0 0.000143464 0 0 0
 0 0 0 0 0 0 0 0.000145254 0.000435761 0.0275982 0.070085 0.0708112 0.156366 0.174668 0.174014 0.160142 0.0824315 0.0480064 0.0283245 0.00493863 0.00203355 0 0 0 0 0
 0 0 0 0 0 0 0 0 0 0 0 0 0 0 0 0 0 0 0 0 0 0 0 0 0 0
 0 0 1.00437e-05 0.000401748 0.00122533 0.00171747 0.00176769 0.0269171 0.070346 0.194647 0.189555 0.159765 0.064822 0.0314167 0.0384472 0.0292271 0.0345202 0.0313363 0.0194345 0.0106764 0.0143323 0.0359363 0.0279516 0.0138201 0.00172751 0
 0 0.0021121 0.0136068 0.0755702 0.200478 0.177729 0.0527432 0.0373336 0.0318909 0.0142505 0.0149659 0.0166563 0.0217959 0.0798694 0.0677717 0.0528807 0.04013 0.0224614 0.0357745 0.0225083 0.00881397 0.00855152 0.00135912 0.000746735 0 0
 0 0 0 0 5.4009e-05 0.00500934 0.000945158 0.0243581 0.138947 0.33067 0.221406 0.137944 0.0707744 0.0437923 0.0131692 0.00525238 0.0047753 0.00276346 9.45158e-05 9.00151e-06 2.25038e-05 9.00151e-06 4.50075e-06 0 0 0
 0.000866109 0.00284123 0.00948549 0.0512746 0.133035 0.25785 0.225252 0.132002 0.0553304 0.0519788 0.0540692 0.017754 0.00435017 0.00159236 0.00146478 0.000404838 0.000125132 0.000115318 0.000107957 0.000100596 0 0 0 0 0 0
 0 0 0 0 0.00144013 0.00171154 0.00461396 0.0210425 0.0478622 0.0707936 0.0888783 0.103762 0.0637923 0.0337046 0.0602308 0.124433 0.169614 0.0934646 0.0462172 0.0250306 0.0313229 0.00938855 0.002487 0.000210481 0 0
 0 0.00764035 0.051015 0.0998891 0.058973 0.0496711 0.0374665 0.0718981 0.12319 0.153886 0.159021 0.0857701 0.0377988 0.023471 0.0147837 0.00900784 0.00315554 0.000888139 0.00291439 0.00214683 0.00393193 0.00274676 0.000635225 9.99891e-05 0 0
 0 0 0 0 0 0 0 0 0 0 0 0 0 0 0 0 0 0 0 0 0 0 0 0 0 0
 0 0 0 0 0 0 0 0 0 0 0 0 0 0 0 0 0 0 0 0 0 0 0 0 0 0
 0 0 0 0 0 0 0 0 0 0 0 0 0 0 0 0 0 0 0 0 0 0 0 0 0 0
 0 0 0 0 0 0 0 0 0 0 0 0 0 0 0 0 0 0 0 0 0 0 0 0 0 0
 0 0 0 0 0 0 0 0 0 0 0 0 0 0 0 0 0 0 0 0 0 0 0 0 0 0
 0 0 0 0 0 0 0 0 0 0 0 0 0 0 0 0 0 0 0 0 0 0 0 0 0 0
 0 0 0 0 0 0 0 0 0 0 0 0 0 0 0 0 0 0 0 0 0 0 0 0 0 0
ppred_pel_tallas
 1.31965e-16 1.24938e-06 1.21445e-05 8.0705e-05 0.000366883 0.00114159 0.00243286 0.00355409 0.00356975 0.00250991 0.00140357 0.00113793 0.00207031 0.00453482 0.00911638 0.0164415 0.0268845 0.0404867 0.0570789 0.076286 0.0971084 0.117294 0.133237 0.140982 0.137951 0.124317
 1.90401e-16 4.17228e-06 4.0556e-05 0.000269509 0.00122515 0.00381191 0.00812175 0.0118544 0.0118565 0.00813239 0.00384917 0.00133979 0.000584789 0.000823939 0.00178532 0.00375748 0.00744309 0.0139523 0.0247823 0.0415534 0.0653681 0.095897 0.130603 0.164651 0.191848 0.206445
 1.01031e-16 8.17877e-05 0.000795005 0.00528309 0.0240162 0.0747232 0.159206 0.232365 0.232365 0.159206 0.074724 0.0240184 0.00528876 0.000807764 0.000107221 5.12998e-05 7.51632e-05 0.00011648 0.000177148 0.000269481 0.000410039 0.000612561 0.000877883 0.00118563 0.00149306 0.00174368
 1.00991e-16 8.8056e-06 8.55936e-05 0.000568804 0.00258575 0.00804569 0.0171454 0.0250421 0.0251275 0.0175626 0.00944609 0.00662793 0.0107053 0.0221805 0.0418737 0.0689565 0.0987354 0.122905 0.133015 0.125181 0.102487 0.0730755 0.0455112 0.0249603 0.0123344 0.00583311
 1.11279e-16 4.52515e-05 0.000439861 0.00292303 0.0132877 0.0413429 0.0880857 0.128565 0.128572 0.0881216 0.0414651 0.0136478 0.00385429 0.00256245 0.00433814 0.00777985 0.0127777 0.0193297 0.027328 0.0364991 0.0461988 0.0551634 0.0615651 0.06359 0.0603016 0.0522153
 1.00009e-16 8.23456e-05 0.000800428 0.00531913 0.02418 0.0752329 0.160292 0.23395 0.23395 0.160292 0.0752332 0.0241808 0.0053213 0.000805174 9.13687e-05 2.0733e-05 2.18851e-05 2.73761e-05 3.05852e-05 3.05947e-05 2.81423e-05 2.48934e-05 2.23827e-05 2.12075e-05 2.09534e-05 2.07059e-05
 1.00264e-16 2.19102e-06 2.12976e-05 0.000141534 0.000643452 0.00200252 0.00427004 0.00625186 0.00634544 0.00472716 0.00353673 0.00507187 0.0112465 0.0242269 0.0458655 0.0755391 0.108154 0.134612 0.145646 0.13699 0.112012 0.0796233 0.0492103 0.0264489 0.0123695 0.00504245
 1.26068e-16 5.40929e-06 5.25802e-05 0.000349414 0.00158839 0.00494209 0.0105298 0.0153695 0.0153739 0.0105523 0.00502146 0.0018352 0.0010351 0.0017677 0.00390005 0.00809428 0.0154956 0.0274309 0.0449207 0.0678916 0.0943336 0.120001 0.139246 0.14698 0.140861 0.122423
 1.00791e-16 8.16429e-05 0.000793598 0.00527374 0.0239736 0.0745909 0.158924 0.231954 0.231954 0.158924 0.0745921 0.0239772 0.00528288 0.000814237 0.000122964 8.00697e-05 0.000122771 0.000189811 0.000284242 0.000419147 0.000609173 0.000860121 0.00115725 0.00146015 0.00171005 0.00184845
 1.00934e-16 1.93183e-05 0.000187781 0.00124787 0.0056727 0.0176503 0.0376084 0.054906 0.0549791 0.0379658 0.0188495 0.00913433 0.00992853 0.0191094 0.0358718 0.0590548 0.0845578 0.10526 0.113924 0.107226 0.0878077 0.0626411 0.0390607 0.0214879 0.0106995 0.00514963
 1.00292e-16 8.12142e-05 0.000789431 0.00524604 0.0238478 0.0741992 0.158089 0.230736 0.230736 0.158091 0.0742062 0.0238681 0.00529789 0.000904819 0.000306802 0.000395376 0.000600343 0.000834781 0.00106776 0.00128131 0.00146738 0.00161602 0.00170396 0.00169896 0.00157953 0.00135398
 1.00025e-16 8.05282e-05 0.000782762 0.00520173 0.0236463 0.0735725 0.156754 0.228788 0.22879 0.156764 0.0736073 0.0237469 0.00545405 0.00133277 0.00112275 0.00172249 0.00245898 0.00306154 0.00331518 0.00312312 0.00256193 0.00183374 0.0011509 0.000641053 0.000326216 0.000161468
 1.00205e-16 5.9541e-05 0.000578759 0.00384606 0.0174836 0.0543983 0.115902 0.169168 0.169194 0.11603 0.0548283 0.0187249 0.00695899 0.00736515 0.0129211 0.021196 0.0303609 0.0378276 0.0410025 0.0386909 0.0318258 0.022882 0.0144605 0.00812564 0.00415453 0.00201399
 1.00148e-16 8.04263e-05 0.000781773 0.00519515 0.0236164 0.0734795 0.156556 0.228498 0.2285 0.156565 0.0735093 0.0237025 0.00541147 0.00125444 0.000979372 0.00149505 0.0021532 0.00272231 0.00302541 0.00298034 0.00264125 0.00215677 0.00167715 0.00128427 0.000985128 0.000750204
 1.00049e-16 7.76684e-05 0.000754965 0.00501701 0.0228066 0.0709598 0.151188 0.220664 0.220669 0.151214 0.0710485 0.0230627 0.00565937 0.00215529 0.00273141 0.00437757 0.00626311 0.00780129 0.00845276 0.00797105 0.00654959 0.00470053 0.00296209 0.00165795 0.00084493 0.000411433
 1.00009e-16 8.18797e-05 0.0007959 0.00528903 0.0240432 0.0748073 0.159385 0.232627 0.232627 0.159387 0.0748163 0.0240692 0.0053544 0.000938435 0.000352097 0.00045121 0.000638981 0.000796877 0.00086577 0.000820356 0.000679931 0.000495831 0.000321845 0.000190099 0.000106079 5.87946e-05
 1.00358e-16 7.16059e-06 6.96036e-05 0.000462545 0.00210271 0.00654279 0.0139433 0.020369 0.0204565 0.0143704 0.00797609 0.00623991 0.0108375 0.0226849 0.0428599 0.070588 0.101081 0.125842 0.13622 0.128231 0.105012 0.0748685 0.0465442 0.0253189 0.0121452 0.00522622
 1.00127e-16 8.19697e-05 0.000796775 0.00529485 0.0240696 0.0748895 0.15956 0.232882 0.232882 0.15956 0.0748904 0.0240725 0.00530232 0.000814127 0.00011793 7.30144e-05 0.000115241 0.000182035 0.000269831 0.000376451 0.000493602 0.000604399 0.000685409 0.000714409 0.000680477 0.000590073
 1.0036e-16 3.56958e-05 0.000346976 0.00230578 0.0104818 0.032613 0.0694875 0.10143 0.101485 0.0697526 0.0335027 0.0130497 0.0087454 0.0143837 0.0266323 0.0438101 0.0627269 0.0780824 0.0845046 0.0795247 0.065098 0.0463912 0.0288409 0.015726 0.00762849 0.00341463
 1.10729e-16 2.45402e-05 0.000238539 0.00158518 0.00720601 0.0224207 0.047771 0.0697301 0.0697634 0.0479337 0.0229684 0.00879399 0.00559398 0.00906478 0.0170059 0.0286425 0.04257 0.0562429 0.0669531 0.0732401 0.0754364 0.0748447 0.0723649 0.0678682 0.0607562 0.0509809
 1.00898e-16 8.05932e-05 0.000783394 0.00520593 0.0236654 0.0736319 0.15688 0.228972 0.228973 0.156884 0.0736445 0.0237022 0.0052988 0.000988034 0.000474921 0.000672752 0.000997678 0.00133301 0.00162173 0.00184435 0.00202383 0.00219905 0.00238396 0.0025469 0.00262598 0.00256591
 1.001e-16 7.77197e-05 0.000755464 0.00502032 0.0228217 0.0710067 0.151287 0.22081 0.220815 0.151314 0.0710943 0.0230745 0.00565442 0.00213773 0.00269709 0.00432062 0.00618084 0.00769756 0.00833851 0.00786122 0.00645828 0.00463735 0.00293143 0.0016603 0.000878098 0.000470729
 1.01541e-16 3.70445e-06 3.60087e-05 0.000239295 0.00108785 0.00338518 0.00721574 0.01055 0.0106378 0.00764463 0.00482484 0.00524415 0.010665 0.0227713 0.0431111 0.0710784 0.10195 0.12727 0.138414 0.131388 0.109251 0.080148 0.0526006 0.0316831 0.0182471 0.0105529
 1.01727e-16 7.76784e-05 0.000755062 0.00501765 0.0228095 0.0709689 0.151207 0.220691 0.220691 0.151209 0.0709754 0.0228295 0.00507161 0.000885441 0.000362109 0.000571453 0.00103798 0.00176669 0.00280328 0.00414275 0.00567876 0.00718106 0.00833392 0.00884162 0.00855408 0.00753876
 1.0084e-16 6.81485e-05 0.000662428 0.00440206 0.0200112 0.0622622 0.132657 0.19362 0.193636 0.132734 0.0625218 0.0207604 0.00628121 0.00475914 0.00783257 0.0127995 0.0183352 0.0228576 0.0248095 0.0234855 0.0194669 0.0142599 0.0094309 0.0058964 0.00377286 0.0026782
 1.04276e-16 1.74802e-05 0.000169914 0.00112914 0.00513294 0.0159708 0.03403 0.0496813 0.049746 0.0343461 0.0170323 0.00819893 0.00882587 0.0169741 0.0319375 0.0527848 0.0760629 0.0956925 0.105455 0.102431 0.0886919 0.0698324 0.0515886 0.0372062 0.0270681 0.0199943
 1.01554e-16 7.80984e-05 0.000759144 0.00504478 0.0229328 0.0713526 0.152024 0.221884 0.221885 0.152031 0.071374 0.0229954 0.00520423 0.00111529 0.000778105 0.00122444 0.00190017 0.0026899 0.00352552 0.00436487 0.005184 0.00593457 0.00650759 0.00675311 0.00655448 0.00590254
 1.00399e-16 7.42076e-05 0.000721324 0.00479345 0.0217903 0.0677979 0.144451 0.210832 0.210841 0.144496 0.0679476 0.0222225 0.00587721 0.00308409 0.00455253 0.00738533 0.010577 0.0131868 0.0143136 0.0135479 0.0112212 0.00819852 0.00538164 0.00330212 0.00203484 0.00136979
 1.02856e-16 8.72219e-06 8.47829e-05 0.000563416 0.00256126 0.00796944 0.0169826 0.0248031 0.0248817 0.0173666 0.0092586 0.00628381 0.00990387 0.0204627 0.0386734 0.0638237 0.0917071 0.114826 0.125521 0.12023 0.101607 0.0767557 0.0530553 0.0348184 0.0226915 0.0151611
 1.25802e-16 1.36825e-05 0.000132999 0.000883824 0.00401774 0.0125007 0.0266346 0.0388762 0.0388872 0.0266887 0.0126855 0.00456454 0.00230581 0.00340071 0.0066983 0.012299 0.0206168 0.0319636 0.046452 0.0638123 0.0829386 0.101428 0.115716 0.122162 0.118646 0.105675
 1.00758e-16 8.15453e-05 0.000792649 0.00526743 0.023945 0.0745017 0.158734 0.231677 0.231677 0.158735 0.0745052 0.0239551 0.00529296 0.000849085 0.0001909 0.000192595 0.000284814 0.000392946 0.000505661 0.000627941 0.00077664 0.000968003 0.00120024 0.00144377 0.00164723 0.00175669
pSPR Fmed_Fpbrs
0.264503   0.32284 0.32284
Fs Fmed_Fpbrs
1.24908   1.005 1.005
SSBpbr Bo_Bmed_Bpbrs
1.45971e+06  313112  398267 398267
Ro
26122.8
SPR SPRFo_SPRFmed_SPRFpbrs
186724 49388.9 60281.8
Fref
1.005
Nvult_r0
 86674.5 492.198 256.558 1633.9 154.442
CTP_r0
 39760.5 324.953 173.39 1105.62 104.514
YTP_r0
390740
Np
 93678.2 16218.9 27.3864 12.2971 81.1793
Nvult_p0
 70736.2 13871.4 23.6835 10.6408 70.2475
CTP_p0
 20458 6694.68 11.8472 5.33309 35.2112
YTP_p0
 263394
CBA_c0
352536
log_Ro
9.99056
likeval ReclasPelacesDesembMPH_pf_preclas_ppelaces_ptallas_desvR_qrecl_qpela
 34.0093 37.481 0.622565 0.0010689 442.946 147.027 132.511 0 215.566 7.37402e-05 0.000134335 0.620679 0 0 0
q_reclas_q_pelaces
3.37651 5.20152
M
1
N
 1392.16 14892.3 72764.6 11071 0.0646726
 825.43 449.697 4066.29 19440.4 2954.21
 248019 182.313 51.3651 426.45 2337.2
 3933.15 55669.9 21.6078 5.60472 300.084
 1125.41 827.605 5689.83 2.01135 28.2967
 293650 75.6988 6.19142 32.0315 0.167761
 1145.06 76161.3 12.4963 0.964009 4.99685
 324.965 226.773 6774.4 1.0021 0.475088
 62885.1 80.1988 33.4061 933.453 0.202762
 1522.8 13017.4 7.89511 2.98693 83.0266
 31269.5 213.323 523.524 0.270146 2.91492
 157215 7030.67 25.382 57.3641 0.347292
 34663.9 28784.9 522.366 1.678 3.79011
 85330.9 5742.86 1700.6 27.0044 0.280472
 36409.1 9191.97 126.467 30.492 0.483552
 277649 3281.26 134.477 1.46214 0.353372
 2628.69 49088.7 225.014 8.15765 0.109362
 818440 529.322 4535.95 18.7974 0.686676
 142650 232248 107.389 881.132 3.77556
 20320.3 40044.7 45965.6 20.3137 166.96
 257223 4222.22 3976.31 4148.12 16.8047
 443074 45749.9 293.533 244.781 254.63
 3249.05 90735.6 4394 25.5595 43.239
 176497 833.822 14620.2 666.598 10.4004
 165321 43546.1 122.754 2013.18 92.8687
 10666.3 43997.6 7626.22 20.3642 348.307
 132802 2877.94 7951.8 1308.62 63.0671
 233756 29727 338.961 861.844 147.968
 7904.69 67809 6343.18 69.5086 206.606
 2403.81 2473.31 17210.8 1566.94 68.0992
 102893 519.584 268.855 1711.55 161.78
pred_Ctot
 108.451 2486.21 12923.2 1972.88 0.0115268
 217.262 214.737 2025.72 9706.71 1475.23
 63606.8 85.3512 25.1043 208.906 1145.07
 1113.1 28066.3 11.3427 2.94848 157.884
 660.803 653.62 4565.5 1.61525 22.7251
 56330.3 28.1158 2.4167 12.5364 0.065667
 351.187 40711.2 6.93906 0.536392 2.78064
 69.8342 92.4028 2893.97 0.429181 0.203498
 18206 41.115 17.8206 499.014 0.108406
 643.247 8605.93 5.36574 2.03297 56.5141
 7996.93 99.6551 255.339 0.132064 1.42516
 52783.7 4004.79 14.9778 33.9142 0.205343
 12833.6 17510 328.143 1.0559 2.38518
 41968.4 4144.49 1254.79 19.9485 0.207201
 19362.4 6913.55 96.977 23.4057 0.371194
 96652.3 1915.78 81.2446 0.884962 0.213899
 789.427 25845.7 123.147 4.4738 0.0599825
 120811 157.421 1424.34 5.91998 0.216292
 21839.3 71286.7 34.7829 286.226 1.22664
 5852.72 20451.9 24431.5 10.8202 88.9419
 89004.6 2455.13 2392.98 2500.95 10.1327
 130153 23704.7 158.192 132.196 137.531
 639.454 34420.8 1750.85 10.2115 17.2773
 37950.8 339.915 6248.47 285.62 4.45691
 29672.5 15302.7 45.3928 746.497 34.4412
 1843.14 14975.5 2733.38 7.3193 125.207
 34211.3 1351.95 3899.27 643.179 31.0008
 31857.7 8245.51 99.3905 253.472 43.5248
 756.803 13696.5 1360.38 14.9556 44.4613
 654.139 1211.07 8784.16 801.528 34.8384
 39760.5 324.953 173.39 1105.62 104.514
F
 0.130035 0.298114 0.319875 0.321108 0.321173
 0.510179 1.16962 1.25499 1.25983 1.26009
 0.494064 1.13267 1.21535 1.22004 1.22028
 0.558659 1.28076 1.37425 1.37955 1.37983
 1.69914 3.89537 4.17972 4.19584 4.19669
 0.349534 0.801327 0.85982 0.863136 0.863311
 0.619266 1.4197 1.52334 1.52921 1.52952
 0.399208 0.915208 0.982014 0.985802 0.986002
 0.575019 1.31827 1.41449 1.41995 1.42024
 0.965499 2.21346 2.37503 2.38419 2.38468
 0.492363 1.12877 1.21117 1.21584 1.21608
 0.697766 1.59967 1.71644 1.72306 1.72341
 0.797742 1.82887 1.96237 1.96994 1.97034
 1.22821 2.81573 3.02127 3.03292 3.03354
 1.40659 3.22469 3.46008 3.47342 3.47413
 0.732727 1.67982 1.80244 1.80939 1.80976
 0.602644 1.3816 1.48245 1.48816 1.48847
 0.259596 0.595139 0.638581 0.641044 0.641174
 0.270401 0.61991 0.665161 0.667726 0.667861
 0.571258 1.30964 1.40524 1.41066 1.41095
 0.726754 1.66613 1.78774 1.79464 1.795
 0.585787 1.34295 1.44098 1.44654 1.44683
 0.360099 0.825547 0.885808 0.889224 0.889405
 0.399483 0.915837 0.982689 0.986478 0.986679
 0.323755 0.742227 0.796406 0.799478 0.79964
 0.310019 0.710737 0.762617 0.765559 0.765714
 0.4968 1.13894 1.22208 1.22679 1.22704
 0.237585 0.544677 0.584436 0.58669 0.586809
 0.161898 0.37116 0.398253 0.399789 0.39987
 0.531782 1.21914 1.30813 1.31318 1.31344
 0.847517 1.94298 2.08481 2.09285 2.09328
nmprior
 8.19 8.8 8.5 0
nm_flota  nm_reclas  nm_pelaces    nm_pelaL
inf 8.34002 4.17844 6.41681
cv_recla  cv_pelaces  cv_mph
0.527502 0.694189 1.00896
 ------------------------------------------------
Talla a la edad & desviaci?n 
 8 13.2811 15.8009 17.003 17.5766
 0.8 1.32811 1.58009 1.7003 1.75766
