years
 1991 1992 1993 1994 1995 1996 1997 1998 1999 2000 2001 2002 2003 2004 2005 2006 2007 2008 2009 2010 2011 2012 2013 2014 2015 2016 2017 2018 2019 2020 2021
reclasobs
 0 0 0 0 0 0 0 0 0 252601 567819 844713 477998 351125 339783 2.1784e+06 2.13404e+06 4.81314e+06 1.55562e+06 2.62356e+06 3.21686e+06 3.843e+06 1.13348e+06 3.07943e+06 1.97215e+06 2.03268e+06 2.025e+06 2.42433e+06 2.27542e+06 1.05018e+06 2.36338e+06
reclaspred
 3.20979e+06 1.7727e+06 898742 918001 926406 1.53083e+06 904383 788458 566032 397754 501940 666589 654728 493484 491423 1.3308e+06 1.22514e+06 3.00229e+06 2.41549e+06 1.77262e+06 3.09495e+06 2.51855e+06 1.9534e+06 3.0534e+06 2.27968e+06 2.01389e+06 2.40784e+06 2.59738e+06 2.09637e+06 1.28879e+06 1.8945e+06
pelacesobs
 0 0 0 0 0 0 0 0 0 0 0 0 0 0 0 552880 188675 0 991730 2.46772e+06 1.41603e+06 1.21717e+06 2.29649e+06 1.80582e+06 0 1.4828e+06 1.56532e+06 1.57751e+06 1.42118e+06 867257 1.10002e+06
pelacespred
 1.78079e+06 1.08289e+06 540989 455027 489438 838861 443002 499384 335904 220277 294965 324141 351765 273745 282437 642305 594374 1.7025e+06 1.39058e+06 937250 1.62613e+06 1.40022e+06 1.10113e+06 1.90467e+06 1.35676e+06 1.20182e+06 1.64454e+06 1.75067e+06 1.16043e+06 802188 1.16705e+06
mphobs
 0 0 0 0 0 0 0 0 0 0 0 498337 0 5186 125008 0 168611 109162 213762 579715 649985 157893 87575 83554 0 0 0 0 0 0 0
mphpred
 490240 327939 160080 88423.1 97586 114325 152849 87596.1 78529.5 51498 32879.2 60308.8 64663.7 53569.8 34045.1 43354.2 151227 137671 299647 215933 229035 281388 267896 217182 308222 254246 208260 223920 319204 212046 128077
desembarqueobs
 494567 514787 250237 358949 120608 361735 552515 73892 212993 205616 52469 317467 293654 387597 252695 516296 358380 742168 942051 627588 828172 859565 418607 520667 417249 300574 407403 355545 319650 289779 391294
desembarquepred
 494573 513677 250776 358984 120614 361749 552558 73897.1 213052 205670 52471.9 317535 293700 387608 252681 516242 358406 742040 941800 627409 828253 859566 418613 520694 417243 300574 407401 355525 319636 289785 391298
Reclutas
 179853 99722.4 100696 160315 129117 227116 91553.9 40099.4 38562.4 51729.6 96600.7 134624 112484 78534.9 74816.4 402654 81859.9 642124 359190 284568 400466 546983 110890 323904 276825 122402 273431 309201 92249.7 66274.4 246368
log_desv_Rt
 0.171475 -0.418274 -0.408559 0.0564732 -0.159943 0.404798 -0.503737 -1.3293 -1.36839 -1.07463 -0.450079 -0.118177 -0.297854 -0.657122 -0.705627 0.977412 -0.615656 1.44412 0.863186 0.630307 0.971963 1.28375 -0.312125 0.759782 0.602722 -0.213356 0.590384 0.713325 -0.496165 -0.82686 0.486162
SSB
 2.42967e+06 1.62529e+06 793367 438231 483644 566601 757531 434133 389198 255228 162952 298895 320478 265496 168730 214867 749493 682307 1.48508e+06 1.07018e+06 1.13511e+06 1.39458e+06 1.32771e+06 1.07637e+06 1.52757e+06 1.26006e+06 1.03215e+06 1.10977e+06 1.582e+06 1.05092e+06 634758
BT
 3.36308e+06 2.29592e+06 1.13962e+06 1.05131e+06 904630 1.69625e+06 1.22652e+06 891517 767630 562264 533556 801525 848313 855462 720876 1.48178e+06 1.26319e+06 3.47604e+06 3.20353e+06 2.1115e+06 3.36582e+06 3.11545e+06 2.18551e+06 3.63988e+06 2.63051e+06 2.2548e+06 3.13991e+06 3.25622e+06 2.18409e+06 1.60906e+06 2.30485e+06
Ftot
 0.173892 0.319149 0.312226 0.471955 0.15707 0.296781 0.671276 0.111864 0.442306 0.601623 0.138055 0.577189 0.540364 0.925365 0.654783 0.522574 0.337935 0.326741 0.462666 0.424115 0.329906 0.416727 0.246367 0.218303 0.217913 0.175456 0.214567 0.176587 0.171092 0.254699 0.268152
BD_Bspro_t
 0.972645 0.808286 0.621301 0.525747 0.520297 0.60715 0.60145 0.419431 0.477595 0.423364 0.384264 0.619187 0.498591 0.404635 0.291684 0.345716 0.533219 0.497237 0.618707 0.509085 0.477452 0.525907 0.542731 0.530358 0.645804 0.65551 0.662456 0.705245 0.760123 0.68112 0.599454
BD_Bspro
 2.24347 1.50073 0.732566 0.404647 0.446579 0.523179 0.699477 0.400863 0.359371 0.235668 0.150464 0.275989 0.295918 0.245149 0.155799 0.1984 0.692055 0.630018 1.37126 0.988166 1.04812 1.2877 1.22596 0.993882 1.4105 1.1635 0.953051 1.02472 1.46076 0.970378 0.586113
BD_Bo
 1.48917 0.996156 0.486263 0.268596 0.29643 0.347276 0.464299 0.266084 0.238543 0.156432 0.0998749 0.183196 0.196424 0.162725 0.103417 0.131694 0.459372 0.418193 0.910218 0.655924 0.695723 0.854752 0.813768 0.659719 0.936263 0.772305 0.632616 0.680187 0.969624 0.644117 0.38905
BD_Brms
 2.70758 1.81119 0.884114 0.488357 0.538964 0.631411 0.84418 0.48379 0.433715 0.284421 0.181591 0.333083 0.357135 0.295864 0.18803 0.239444 0.835222 0.760351 1.65494 1.19259 1.26495 1.55409 1.47958 1.19949 1.7023 1.40419 1.15021 1.2367 1.76295 1.17112 0.707363
Sel_flota
 0.733588 0.981245 0.998995 0.999947 0.999997
 0.733588 0.981245 0.998995 0.999947 0.999997
 0.733588 0.981245 0.998995 0.999947 0.999997
 0.733588 0.981245 0.998995 0.999947 0.999997
 0.733588 0.981245 0.998995 0.999947 0.999997
 0.733588 0.981245 0.998995 0.999947 0.999997
 0.733588 0.981245 0.998995 0.999947 0.999997
 0.733588 0.981245 0.998995 0.999947 0.999997
 0.733588 0.981245 0.998995 0.999947 0.999997
 0.733588 0.981245 0.998995 0.999947 0.999997
 0.733588 0.981245 0.998995 0.999947 0.999997
 0.733588 0.981245 0.998995 0.999947 0.999997
 0.733588 0.981245 0.998995 0.999947 0.999997
 0.733588 0.981245 0.998995 0.999947 0.999997
 0.733588 0.981245 0.998995 0.999947 0.999997
 0.733588 0.981245 0.998995 0.999947 0.999997
 0.733588 0.981245 0.998995 0.999947 0.999997
 0.733588 0.981245 0.998995 0.999947 0.999997
 0.733588 0.981245 0.998995 0.999947 0.999997
 0.733588 0.981245 0.998995 0.999947 0.999997
 0.733588 0.981245 0.998995 0.999947 0.999997
 0.733588 0.981245 0.998995 0.999947 0.999997
 0.733588 0.981245 0.998995 0.999947 0.999997
 0.733588 0.981245 0.998995 0.999947 0.999997
 0.733588 0.981245 0.998995 0.999947 0.999997
 0.733588 0.981245 0.998995 0.999947 0.999997
 0.733588 0.981245 0.998995 0.999947 0.999997
 0.733588 0.981245 0.998995 0.999947 0.999997
 0.733588 0.981245 0.998995 0.999947 0.999997
 0.733588 0.981245 0.998995 0.999947 0.999997
 0.733588 0.981245 0.998995 0.999947 0.999997
Sel_reclas
 1 1 1 1 1
 1 1 1 1 1
 1 1 1 1 1
 1 1 1 1 1
 1 1 1 1 1
 1 1 1 1 1
 1 1 1 1 1
 1 1 1 1 1
 1 1 1 1 1
 1 1 1 1 1
 1 1 1 1 1
 1 1 1 1 1
 1 1 1 1 1
 1 1 1 1 1
 1 1 1 1 1
 1 1 1 1 1
 1 1 1 1 1
 1 1 1 1 1
 1 1 1 1 1
 1 1 1 1 1
 1 1 1 1 1
 1 1 1 1 1
 1 1 1 1 1
 1 1 1 1 1
 1 1 1 1 1
 1 1 1 1 1
 1 1 1 1 1
 1 1 1 1 1
 1 1 1 1 1
 1 1 1 1 1
 1 1 1 1 1
Sel_pelaces
 0.997829 1 1 1 1
 0.997829 1 1 1 1
 0.997829 1 1 1 1
 0.997829 1 1 1 1
 0.997829 1 1 1 1
 0.997829 1 1 1 1
 0.997829 1 1 1 1
 0.997829 1 1 1 1
 0.997829 1 1 1 1
 0.997829 1 1 1 1
 0.997829 1 1 1 1
 0.997829 1 1 1 1
 0.997829 1 1 1 1
 0.997829 1 1 1 1
 0.997829 1 1 1 1
 0.997829 1 1 1 1
 0.997829 1 1 1 1
 0.997829 1 1 1 1
 0.997829 1 1 1 1
 0.997829 1 1 1 1
 0.997829 1 1 1 1
 0.997829 1 1 1 1
 0.997829 1 1 1 1
 0.997829 1 1 1 1
 0.997829 1 1 1 1
 0.997829 1 1 1 1
 0.997829 1 1 1 1
 0.997829 1 1 1 1
 0.997829 1 1 1 1
 0.997829 1 1 1 1
 0.997829 1 1 1 1
pf_obs 
 0.8446 0.082 0.0669 0.0065 0
 0.8095 0.147 0.0364 0.0071 0
 0.9664 0.0169 0.016 0.0007 0
 0.9276 0.0648 0.0075 0.0001 0
 0.7033 0.2144 0.0806 0.0017 0
 0.9318 0.0425 0.0243 0.0014 0
 0.5671 0.3108 0.0964 0.0239 0.0018
 0.0768 0.2599 0.5324 0.112 0.0189
 0.490249 0.384438 0.106611 0.0170017 0.00170017
 0.7925 0.1577 0.0466 0.003 0.0002
 0.840416 0.127587 0.0312969 0.00059994 9.999e-05
 0.8084 0.0986 0.0794 0.0134 0.0002
 0.7335 0.1905 0.0724 0.0035 0.0001
 0.4001 0.4547 0.1325 0.0127 0
 0.49795 0.308269 0.164784 0.0264974 0.00249975
 0.9179 0.0499 0.0305 0.0017 0
 0.2467 0.6533 0.0926 0.0074 0
 0.9418 0.0223 0.034 0.0019 0
 0.707729 0.231977 0.0356964 0.0245975 0
 0.517169 0.277429 0.184464 0.0207286 0.00020938
 0.811772 0.124168 0.05621 0.00726502 0.000585176
 0.764997 0.148141 0.077277 0.00933861 0.000247198
 0.163321 0.427699 0.378323 0.0303852 0.000271297
 0.753843 0.0900009 0.118128 0.0371064 0.000921714
 0.721811 0.176058 0.0630433 0.0369309 0.00215725
 0.143369 0.312575 0.442814 0.0836902 0.0175525
 0.692698 0.0596174 0.167031 0.0765114 0.00414204
 0.394062 0.376323 0.152708 0.0712218 0.00568511
 0.125707 0.32114 0.495352 0.0537591 0.00404204
 0.23352 0.215282 0.420074 0.123614 0.00750983
 0.774587 0.0839891 0.0768558 0.0609784 0.00358967
pf_pred 
 0.464913 0.13207 0.378831 0.0241856 9.01612e-07
 0.417891 0.316376 0.0665308 0.187259 0.0119435
 0.572255 0.213987 0.117308 0.0241676 0.0722818
 0.734863 0.172654 0.046752 0.0251094 0.0206211
 0.652259 0.277456 0.0461317 0.0122173 0.0119359
 0.747634 0.181011 0.0571514 0.00932591 0.00487776
 0.465722 0.429719 0.0754309 0.0233352 0.00579303
 0.452493 0.30717 0.194239 0.0332687 0.01283
 0.538647 0.243324 0.123313 0.0765626 0.0181526
 0.713648 0.178873 0.0572892 0.028401 0.0217885
 0.824275 0.137759 0.023932 0.00748514 0.00654903
 0.740796 0.223883 0.0278027 0.00474082 0.00277728
 0.687238 0.251807 0.0528182 0.0064063 0.0017301
 0.635058 0.277385 0.0708122 0.0145118 0.00223267
 0.74705 0.184174 0.0526264 0.0130651 0.0030848
 0.937888 0.0504767 0.00852871 0.00237803 0.000728805
 0.374563 0.5978 0.0225567 0.00372509 0.0013553
 0.905374 0.0429266 0.0494599 0.00182795 0.000411243
 0.584249 0.386862 0.0132535 0.0149583 0.000676452
 0.610488 0.259218 0.121431 0.00406876 0.00479411
 0.735342 0.182378 0.055155 0.0252822 0.00184307
 0.745248 0.202454 0.036274 0.0107454 0.00527879
 0.315632 0.550666 0.10673 0.0187141 0.0082574
 0.737844 0.10151 0.129761 0.0246599 0.00622513
 0.623443 0.29925 0.0302941 0.0379817 0.00903081
 0.426531 0.397473 0.140435 0.0139441 0.021617
 0.726096 0.137643 0.0949952 0.0329348 0.00833112
 0.682262 0.249182 0.0347873 0.0235493 0.0102192
 0.343238 0.488835 0.132244 0.0181162 0.0175676
 0.413206 0.243403 0.256832 0.0681808 0.0183785
 0.821877 0.0878855 0.0378707 0.0391768 0.0131896
pobs_RECLAS
 0 0 0 0 0
 0 0 0 0 0
 0 0 0 0 0
 0 0 0 0 0
 0 0 0 0 0
 0 0 0 0 0
 0 0 0 0 0
 0 0 0 0 0
 0 0 0 0 0
 0 0 0 0 0
 0.991045 0.00858322 0.000360255 1.14367e-05 0
 0.934742 0.0480273 0.0164251 0.00080598 0
 0.827803 0.169806 0.00239088 0 0
 0.941827 0.0461693 0.0120037 0 0
 0.791401 0.0380133 0.147996 0.0225897 0
 0.846168 0.0940531 0.0597789 0 0
 0.134021 0.677848 0.182769 0.00536245 0
 0.80878 0.0450904 0.141981 0.00414843 0
 0.846168 0.0940531 0.0597789 0 0
 0.905697 0.0802665 0.012482 0.00150086 5.37128e-05
 0.989698 0.0102097 9.19794e-05 0 0
 0.975433 0.0193895 0.00387452 0.00125025 5.28907e-05
 0.303575 0.632131 0.0575291 0.00676475 0
 0.966965 0.00978017 0.0227588 0.000495775 0
 0.843318 0.132988 0.00938335 0.0141283 0.000182051
 0.564624 0.303363 0.111486 0.0197234 0.00080311
 0.826376 0.0876187 0.0782897 0.00655872 0.00115652
 0.89761 0.0855135 0.0140674 0.00269457 0.000114338
 0.34875 0.467042 0.161289 0.0227151 0.000203297
 0.318654 0.224769 0.449479 0.00709798 0
 0.937255 0.0296025 0.0250945 0.00804832 0
ppred_RECLAS
 0.541919 0.114627 0.322861 0.0205924 7.67622e-07
 0.49409 0.277378 0.0572591 0.161004 0.0102684
 0.645503 0.179025 0.0963418 0.0198286 0.0593014
 0.79089 0.13709 0.0364262 0.019544 0.0160497
 0.716502 0.22704 0.0370687 0.0098076 0.0095812
 0.800535 0.14382 0.0445774 0.00726695 0.00380066
 0.544473 0.367791 0.063313 0.0195661 0.00485707
 0.527657 0.267126 0.165886 0.0283852 0.0109461
 0.614684 0.205072 0.101988 0.0632588 0.0149976
 0.773741 0.142382 0.0447306 0.0221523 0.0169938
 0.863368 0.107538 0.0183459 0.00573244 0.00501527
 0.795887 0.176763 0.0215332 0.00366802 0.00214869
 0.74981 0.202181 0.0416061 0.00504126 0.00136138
 0.707298 0.223571 0.0559216 0.0114478 0.00176117
 0.802092 0.144866 0.0405968 0.0100682 0.00237707
 0.953658 0.0377965 0.00626566 0.00174526 0.000534849
 0.447138 0.528866 0.0195884 0.0032317 0.00117573
 0.928761 0.0326458 0.0369231 0.00136327 0.000306685
 0.655968 0.320556 0.0107764 0.0121503 0.00054944
 0.680938 0.213669 0.0982306 0.00328809 0.00387406
 0.790362 0.145308 0.0431364 0.0197536 0.00143996
 0.798913 0.160428 0.0282096 0.00834819 0.0041009
 0.383805 0.497601 0.0946894 0.0165867 0.00731832
 0.79285 0.0811227 0.101818 0.0193307 0.00487957
 0.690858 0.246624 0.0245136 0.0307044 0.00730014
 0.501137 0.347712 0.120634 0.0119665 0.0185502
 0.782469 0.110325 0.074761 0.0258944 0.00654986
 0.743297 0.202125 0.0277081 0.0187389 0.0081313
 0.413533 0.438561 0.116501 0.0159442 0.0154606
 0.489317 0.214146 0.221844 0.058835 0.0158585
 0.8625 0.0684952 0.0289766 0.0299467 0.0100816
pobs_PELACES
 0 0 0 0 0
 0 0 0 0 0
 0 0 0 0 0
 0 0 0 0 0
 0 0 0 0 0
 0 0 0 0 0
 0 0 0 0 0
 0 0 0 0 0
 0 0 0 0 0
 0 0 0 0 0
 0 0 0 0 0
 0 0 0 0 0
 0 0 0 0 0
 0 0 0 0 0
 0 0 0 0 0
 0 0 0 0 0
 0.505614 0.472636 0.0217494 0 0
 0 0 0 0 0
 0.443492 0.261883 0.143347 0.151278 0
 0.227955 0.32914 0.350689 0.0885471 0.00366901
 0.970185 0.0296113 0.000203453 0 0
 0.997202 0.00247181 0.000326279 0 0
 0.445219 0.490057 0.0546422 0.010081 0
 0.90214 0.0892962 0.00764917 0.000914606 0
 0 0 0 0 0
 0.581667 0.319106 0.0959925 0.00289975 0.000334073
 0.762889 0.0836404 0.116647 0.0363945 0.000428098
 0.88444 0.0763242 0.0277011 0.0115352 0
 0.521256 0.241999 0.230069 0.00667565 0
 0.616807 0.101726 0.260614 0.0208532 0
 0.833518 0.0704572 0.0857862 0.0102388 0
ppred_PELACES
 0.545095 0.113919 0.320541 0.0204433 7.62062e-07
 0.500287 0.274222 0.0565017 0.158858 0.0101315
 0.651037 0.176394 0.0947523 0.0194995 0.058317
 0.797004 0.133212 0.035298 0.0189358 0.0155502
 0.718701 0.225321 0.0367543 0.00972392 0.00949943
 0.804115 0.141308 0.0437227 0.00712697 0.00372743
 0.557696 0.357389 0.0612809 0.0189341 0.00470013
 0.529465 0.26618 0.16519 0.0282651 0.0108998
 0.62299 0.2009 0.0996549 0.061803 0.0146523
 0.78209 0.137312 0.0429859 0.0212843 0.0163277
 0.86446 0.106698 0.0181878 0.00568279 0.00497183
 0.803173 0.170532 0.0207041 0.00352614 0.00206556
 0.757716 0.195912 0.0401886 0.00486868 0.00131477
 0.722529 0.212211 0.0527932 0.0108042 0.00166213
 0.810275 0.139021 0.0388095 0.009623 0.00227193
 0.955441 0.0363629 0.00600959 0.00167366 0.000512902
 0.453458 0.522866 0.0193279 0.00318837 0.00115996
 0.930435 0.0319121 0.0360242 0.00132994 0.000299187
 0.664008 0.313124 0.010498 0.0118348 0.000535167
 0.688132 0.209024 0.0958566 0.0032082 0.00377991
 0.794538 0.142499 0.0422209 0.0193324 0.00140924
 0.804066 0.156396 0.0274335 0.00811746 0.00398753
 0.388128 0.494248 0.0939159 0.0164499 0.00725794
 0.795539 0.0801325 0.100446 0.0190691 0.00481351
 0.694244 0.243988 0.0242207 0.0303354 0.00721237
 0.504258 0.345646 0.119794 0.0118825 0.0184199
 0.785179 0.10902 0.0737834 0.0255541 0.00646376
 0.745672 0.2003 0.0274296 0.0185495 0.0080491
 0.416462 0.436482 0.115833 0.0158519 0.0153711
 0.494196 0.212286 0.219589 0.0582325 0.015696
 0.864919 0.0673446 0.0284452 0.0293949 0.00989579
pobs_pel_tallas
 0 0 0 0 0 0 0 0 0 0 0 0 0 0 0 0 0 0 0 0 0 0 0 0 0 0
 0 0 0 0 0 0 0 0 0 0 0 0 0 0 0 0 0 0 0 0 0 0 0 0 0 0
 0 0 0 0 0 0 0 0 0 0 0 0 0 0 0 0 0 0 0 0 0 0 0 0 0 0
 0 0 0 0 0 0 0 0 0 0 0 0 0 0 0 0 0 0 0 0 0 0 0 0 0 0
 0 0 0 0 0 0 0 0 0 0 0 0 0 0 0 0 0 0 0 0 0 0 0 0 0 0
 0 0 0 0 0 0 0 0 0 0 0 0 0 0 0 0 0 0 0 0 0 0 0 0 0 0
 0 0 0 0 0 0 0 0 0 0 0 0 0 0 0 0 0 0 0 0 0 0 0 0 0 0
 0 0 0 0 0 0 0 0 0 0 0 0 0 0 0 0 0 0 0 0 0 0 0 0 0 0
 0 0 0 0 0 0 0 0 0 0 0 0 0 0 0 0 0 0 0 0 0 0 0 0 0 0
 0 0 0 0 0 0 0 0 0 0 0 0 0 0 0 0 0 0 0 0 0 0 0 0 0 0
 0 0 0 0 0 0 0 0 0 0 0 0 0 0 0 0 0 0 0 0 0 0 0 0 0 0
 0 0 0 0 0 0 0 0 0 0 0 0 0 0 0 0 0 0 0 0 0 0 0 0 0 0
 0.00862536 0 0 0.000197151 0.00414017 0.0128641 0.00837892 0.0270097 0.101434 0.158115 0.152841 0.127902 0.109271 0.109419 0.0830992 0.0579132 0.0238553 0.00714673 0.00463305 0.00128148 0.00103504 0.000492878 0.000147863 0.000147863 4.92878e-05 0
 0 0 0 0 0 0 0 0 0 0 0 0 0 0 0 0 0 0 0 0 0 0 0 0 0 0
 0 0 0 0 0 0 0 0.0054083 0.00873648 0.0413646 0.0450493 0.0745869 0.0622846 0.0627006 0.0613931 0.0827291 0.12552 0.122667 0.0946155 0.0697135 0.0546179 0.0294188 0.0215738 0.0213955 0.0102223 0.00600262
 0 0 0 0 0.00359764 0.0251062 0.0480494 0.140153 0.205849 0.193036 0.1447 0.116669 0.0760912 0.0342217 0.00950174 0.001854 0.000860785 0 0 0 0.000165536 0 0.000143464 0 0 0
 0 0 0 0 0 0 0 0.000145254 0.000435761 0.0275982 0.070085 0.0708112 0.156366 0.174668 0.174014 0.160142 0.0824315 0.0480064 0.0283245 0.00493863 0.00203355 0 0 0 0 0
 0 0 0 0 0 0 0 0 0 0 0 0 0 0 0 0 0 0 0 0 0 0 0 0 0 0
 0 0 1.00437e-05 0.000401748 0.00122533 0.00171747 0.00176769 0.0269171 0.070346 0.194647 0.189555 0.159765 0.064822 0.0314167 0.0384472 0.0292271 0.0345202 0.0313363 0.0194345 0.0106764 0.0143323 0.0359363 0.0279516 0.0138201 0.00172751 0
 0 0.0021121 0.0136068 0.0755702 0.200478 0.177729 0.0527432 0.0373336 0.0318909 0.0142505 0.0149659 0.0166563 0.0217959 0.0798694 0.0677717 0.0528807 0.04013 0.0224614 0.0357745 0.0225083 0.00881397 0.00855152 0.00135912 0.000746735 0 0
 0 0 0 0 5.4009e-05 0.00500934 0.000945158 0.0243581 0.138947 0.33067 0.221406 0.137944 0.0707744 0.0437923 0.0131692 0.00525238 0.0047753 0.00276346 9.45158e-05 9.00151e-06 2.25038e-05 9.00151e-06 4.50075e-06 0 0 0
 0.000866109 0.00284123 0.00948549 0.0512746 0.133035 0.25785 0.225252 0.132002 0.0553304 0.0519788 0.0540692 0.017754 0.00435017 0.00159236 0.00146478 0.000404838 0.000125132 0.000115318 0.000107957 0.000100596 0 0 0 0 0 0
 0 0 0 0 0.00144013 0.00171154 0.00461396 0.0210425 0.0478622 0.0707936 0.0888783 0.103762 0.0637923 0.0337046 0.0602308 0.124433 0.169614 0.0934646 0.0462172 0.0250306 0.0313229 0.00938855 0.002487 0.000210481 0 0
 0 0.00764035 0.051015 0.0998891 0.058973 0.0496711 0.0374665 0.0718981 0.12319 0.153886 0.159021 0.0857701 0.0377988 0.023471 0.0147837 0.00900784 0.00315554 0.000888139 0.00291439 0.00214683 0.00393193 0.00274676 0.000635225 9.99891e-05 0 0
 0 0 0 0 0 0 0 0 0 0 0 0 0 0 0 0 0 0 0 0 0 0 0 0 0 0
 0 0 0 0 0 0 0 0 0 0 0 0 0 0 0 0 0 0 0 0 0 0 0 0 0 0
 0 0 0 0 0 0 0 0 0 0 0 0 0 0 0 0 0 0 0 0 0 0 0 0 0 0
 0 0 0 0 0 0 0 0 0 0 0 0 0 0 0 0 0 0 0 0 0 0 0 0 0 0
 0 0 0 0 0 0 0 0 0 0 0 0 0 0 0 0 0 0 0 0 0 0 0 0 0 0
 0 0 0 0 0 0 0 0 0 0 0 0 0 0 0 0 0 0 0 0 0 0 0 0 0 0
 0 0 0 0 0 0 0 0 0 0 0 0 0 0 0 0 0 0 0 0 0 0 0 0 0 0
ppred_pel_tallas
 1.1133e-16 4.48988e-05 0.000436432 0.00290025 0.0131841 0.0410207 0.0873994 0.127564 0.127576 0.0874556 0.0412108 0.0137391 0.00431625 0.00360293 0.00627896 0.0108825 0.0170037 0.0241476 0.0317353 0.0393341 0.0466183 0.0530199 0.0574699 0.0586467 0.0556727 0.0487394
 1.19347e-16 4.1208e-05 0.000400557 0.00266184 0.0121004 0.0376488 0.0802158 0.117083 0.117109 0.0803454 0.0380842 0.0133591 0.0058264 0.00732564 0.0132455 0.0219781 0.0320239 0.041109 0.0470152 0.0489039 0.0478766 0.0461899 0.0457097 0.0467984 0.0483346 0.0486134
 1.14604e-16 5.36251e-05 0.000521255 0.00346392 0.0157465 0.0489933 0.104386 0.152358 0.152375 0.10447 0.0492748 0.0165613 0.00551547 0.00502077 0.0086615 0.0144008 0.0211378 0.0274393 0.0318954 0.0339139 0.0340594 0.0335793 0.0334972 0.0340015 0.0345056 0.0341681
 1.05584e-16 6.56482e-05 0.000638124 0.00424056 0.019277 0.0599779 0.12779 0.186515 0.186528 0.127853 0.0601892 0.0198879 0.0057758 0.00399548 0.00645966 0.0106231 0.0154128 0.0196363 0.022134 0.0224001 0.0208823 0.0186527 0.0167143 0.0154857 0.0147718 0.0140938
 1.03702e-16 5.91985e-05 0.00057543 0.00382394 0.0173831 0.0540853 0.115235 0.168194 0.168216 0.115342 0.0544419 0.018413 0.00640956 0.00622161 0.0107876 0.0177545 0.0256045 0.0322735 0.0357001 0.0349415 0.0307305 0.0249638 0.0195469 0.0154967 0.0128204 0.0109807
 1.02644e-16 6.62339e-05 0.000643817 0.00427839 0.019449 0.060513 0.12893 0.18818 0.188193 0.128997 0.0607372 0.0200971 0.00590728 0.00420578 0.00684892 0.0112645 0.0163294 0.0207621 0.0232967 0.0233404 0.0213003 0.0182579 0.0152694 0.0128525 0.0109643 0.00931646
 1.04555e-16 4.59368e-05 0.000446522 0.0029673 0.0134889 0.0419692 0.0894211 0.13052 0.130554 0.0895896 0.0425348 0.0151227 0.00706925 0.00940436 0.0170681 0.0281698 0.0406354 0.0512282 0.0566751 0.055465 0.0487331 0.0394539 0.0306217 0.0238442 0.0191659 0.0158054
 1.09515e-16 4.36114e-05 0.000423918 0.00281709 0.0128061 0.0398446 0.0848941 0.123911 0.123937 0.0850206 0.0402698 0.0140369 0.00591649 0.00722297 0.0130532 0.021764 0.0319401 0.0414055 0.0479363 0.0504625 0.0495902 0.046948 0.0439405 0.0409655 0.0375866 0.0332638
 1.11605e-16 5.13149e-05 0.000498799 0.0033147 0.0150681 0.0468827 0.0998892 0.145795 0.145815 0.0999845 0.0472031 0.0159955 0.00564918 0.00561745 0.00983941 0.0163633 0.0239918 0.0310832 0.036007 0.0380541 0.0378231 0.0366835 0.0357572 0.0352475 0.0345445 0.0328408
 1.06174e-16 6.44198e-05 0.000626183 0.00416121 0.0189163 0.0588556 0.125398 0.183026 0.183039 0.125463 0.0590737 0.0195468 0.00574623 0.00409416 0.00667425 0.0109949 0.0159841 0.0204296 0.0231502 0.0236292 0.0223161 0.0202837 0.0185176 0.0174001 0.0166974 0.0159122
 1.01964e-16 7.12044e-05 0.000692132 0.00459946 0.0209085 0.0650541 0.138605 0.2023 0.202311 0.138655 0.065223 0.0213963 0.00582426 0.00336699 0.00515464 0.00841812 0.0121419 0.0153174 0.0169697 0.0166558 0.0147238 0.0120687 0.00958498 0.00774218 0.00653049 0.0056847
 1.01345e-16 6.61563e-05 0.000643063 0.00427338 0.0194262 0.0604421 0.128779 0.18796 0.187976 0.128859 0.0607117 0.0202046 0.00622711 0.00490708 0.00816138 0.01338 0.0192495 0.0241673 0.0265458 0.0256512 0.0220357 0.0171609 0.012526 0.00897888 0.00660595 0.00506146
 1.01921e-16 6.24121e-05 0.000606668 0.00403152 0.0183267 0.0570213 0.121491 0.177323 0.177342 0.121583 0.0573315 0.0192229 0.00628189 0.0055221 0.00940604 0.0154728 0.0223322 0.0281835 0.0312276 0.0306219 0.0269611 0.0218398 0.01687 0.0129288 0.0100728 0.00793731
 1.02943e-16 5.95138e-05 0.000578496 0.00384431 0.0174757 0.0543734 0.115849 0.169089 0.16911 0.115949 0.0547098 0.0184476 0.00628572 0.00591394 0.0102095 0.0168287 0.0243402 0.0308242 0.0343565 0.0340375 0.0304992 0.0254232 0.0204803 0.0165351 0.0135815 0.0111977
 1.02506e-16 6.67413e-05 0.000648749 0.00431117 0.019598 0.0609766 0.129918 0.189621 0.189635 0.129983 0.0611971 0.0202352 0.00591235 0.00414926 0.00672987 0.0110596 0.0160175 0.020336 0.0227659 0.022726 0.0206276 0.0175534 0.0145635 0.012182 0.0103668 0.00882004
 1.00438e-16 7.86984e-05 0.000764977 0.00508354 0.023109 0.0719008 0.153192 0.223589 0.223593 0.153209 0.0719583 0.0232752 0.00550079 0.00167611 0.00180986 0.00286949 0.00413064 0.00520413 0.00575169 0.00561889 0.00492142 0.00396311 0.00305075 0.00235052 0.00186922 0.00152851
 1.01208e-16 3.73508e-05 0.000363064 0.00241269 0.0109678 0.034125 0.0727088 0.106131 0.106182 0.0729546 0.03495 0.0133493 0.00838627 0.0133888 0.0247325 0.0407154 0.0583822 0.0728558 0.079191 0.075107 0.0623757 0.0456904 0.0299588 0.0180969 0.0105765 0.00636144
 1.01232e-16 7.66387e-05 0.000744955 0.00495049 0.0225042 0.070019 0.149183 0.217737 0.217741 0.149198 0.0700704 0.0226535 0.00532761 0.00157589 0.00167718 0.00270972 0.00403112 0.00534898 0.00641061 0.00708208 0.00739202 0.0074521 0.00732896 0.00698995 0.00636207 0.00543342
 1.01661e-16 5.46935e-05 0.00053164 0.00353294 0.0160602 0.0499695 0.106467 0.155397 0.155427 0.106614 0.0504636 0.0174866 0.00711082 0.00833396 0.0148486 0.0243986 0.0349962 0.043706 0.0475811 0.0452761 0.0378704 0.0281806 0.0191275 0.0124094 0.00823787 0.00591861
 1.03782e-16 5.66805e-05 0.000550955 0.00366129 0.0166437 0.0517849 0.110334 0.16104 0.16106 0.110433 0.0521175 0.0176058 0.00608108 0.00584928 0.0101656 0.0168364 0.0245262 0.0314174 0.0356689 0.0363869 0.0340841 0.0301994 0.0261082 0.0224402 0.0191158 0.0158334
 1.03433e-16 6.54451e-05 0.000636149 0.00422744 0.0192173 0.0597923 0.127394 0.185939 0.185952 0.127462 0.0600185 0.0198711 0.00587039 0.00422928 0.00690888 0.0113695 0.0164935 0.0209998 0.0236277 0.0237998 0.021945 0.0191598 0.0164907 0.0144111 0.0128061 0.011313
 1.02321e-16 6.62299e-05 0.000643778 0.00427813 0.0194478 0.0605093 0.128922 0.188169 0.188184 0.128996 0.0607568 0.0201628 0.00607348 0.0045647 0.0075177 0.0123365 0.017796 0.0224457 0.0248544 0.0243647 0.0214764 0.0174918 0.0137173 0.010848 0.0088904 0.00748787
 1.05715e-16 3.19697e-05 0.000310757 0.00206509 0.00938763 0.0292087 0.0622339 0.0908422 0.0908899 0.0624669 0.029991 0.0116478 0.00774026 0.0127057 0.0235896 0.0389931 0.0562731 0.070983 0.0785948 0.0770007 0.067735 0.0548658 0.0424984 0.0328541 0.0260384 0.0210524
 1.05647e-16 6.55275e-05 0.000636951 0.00423276 0.0192415 0.0598676 0.127554 0.186171 0.186179 0.127593 0.0599973 0.0196181 0.00518496 0.00273882 0.00412552 0.00689496 0.0103432 0.0138804 0.0169306 0.0192011 0.0207762 0.0218946 0.0226174 0.022705 0.021803 0.0197471
 1.05025e-16 5.7184e-05 0.000555849 0.00369381 0.0167915 0.0522448 0.111314 0.162471 0.162494 0.111429 0.0526305 0.0179055 0.00648976 0.00665898 0.0116473 0.0191645 0.0276055 0.0347353 0.0383313 0.0374062 0.0328151 0.0266857 0.0211339 0.0172519 0.0149593 0.0135277
 1.07855e-16 4.15351e-05 0.000403736 0.00268297 0.0121964 0.0379477 0.0808529 0.118014 0.118048 0.0810163 0.0384967 0.0137834 0.00667186 0.00912956 0.0166664 0.0276256 0.0401147 0.0511213 0.0575801 0.0580521 0.0535167 0.0465715 0.0397288 0.0341823 0.0297743 0.0257814
 1.05814e-16 6.46742e-05 0.000628656 0.00417764 0.018991 0.059088 0.125894 0.183748 0.183758 0.125945 0.0592624 0.0194962 0.00545066 0.00342392 0.00542136 0.00898658 0.013237 0.0172757 0.0202273 0.021688 0.0219196 0.0215629 0.0211168 0.0206254 0.0197755 0.0182359
 1.04066e-16 6.142e-05 0.000597025 0.00396744 0.0180354 0.056115 0.11956 0.174505 0.174524 0.119654 0.0564318 0.0189506 0.00626497 0.0056136 0.00959222 0.0157706 0.0227385 0.0286569 0.031703 0.0310583 0.0274019 0.0224462 0.0178943 0.0146275 0.0125939 0.0112369
 1.07646e-16 3.43035e-05 0.000333442 0.00221584 0.0100729 0.0313408 0.0667765 0.0974711 0.0975133 0.0669825 0.0320329 0.0120728 0.00724005 0.0113152 0.0209312 0.0346552 0.0501666 0.0636042 0.0710346 0.070622 0.0636683 0.0536176 0.0438743 0.0361729 0.0304522 0.0257992
 1.14888e-16 4.07063e-05 0.00039568 0.00262943 0.011953 0.0371904 0.0792389 0.115656 0.115677 0.0793406 0.0375327 0.0129456 0.00513629 0.00591913 0.0106808 0.0179869 0.0268314 0.0356874 0.0429881 0.0479779 0.0510098 0.0529558 0.054265 0.0545229 0.0528357 0.0486033
 1.05461e-16 7.12423e-05 0.0006925 0.00460191 0.0209196 0.0650887 0.138679 0.202407 0.202413 0.138711 0.0651961 0.0212302 0.00538377 0.00240659 0.00334856 0.00548238 0.00803475 0.0104198 0.0121051 0.012882 0.0129895 0.0129214 0.013064 0.0134515 0.0137946 0.013706
pSPR Fmed_Fpbrs
0.578336   0.6 0.325
Fs Fmed_Fpbrs
0.315049   0.291845 0.718421
SSBpbr Bo_Bmed_Bpbrs
1.63156e+06  862012  897358 448679
Ro
151512
SPR SPRFo_SPRFmed_SPRFpbrs
1.083e+06 626336 351974
Fref
0.291845
Nvult_r0
 171919 14506.6 6163.09 6370.86 2144.78
CTP_r0
 28259.7 3021.88 1302.16 1347.07 453.515
YTP_r0
391298
Np
 198107 74449 5719.25 2413.76 3196
Nvult_p0
 139274 53880.8 4147.35 1750.53 2317.85
CTP_p0
 24559.6 11994.9 936.212 395.452 523.633
YTP_p0
 429404
CBA_c0
402730
log_Ro
11.7484
likeval ReclasPelacesDesembMPH_pf_preclas_ppelaces_ptallas_desvR_qrecl_qpela
 13.2172 17.1148 0.04875 0.000817169 241.073 117.728 98.7832 0 23.7626 7.04215e-07 5.49192e-06 0.248184 6.31842e-12 0 0
q_reclas_q_pelaces
1.12627 1.39572
M
1
N
 179853 38870.7 109653 6994.37 0.26073
 99722.4 58240.1 12056.6 33906.4 2162.49
 100696 29028.2 15664.7 3224.52 9643.65
 160315 29460.8 7860.87 4218.59 3464.39
 129117 41717.4 6820.67 1804.74 1763.09
 227116 42330 13154.9 2144.8 1121.75
 91553.9 67205 11638.1 3597.76 893.118
 40099.4 20583.5 12795.1 2189.52 844.34
 38562.4 13589.5 6785.05 4209.36 997.976
 51729.6 10255.4 3239.08 1604.58 1230.94
 96600.7 12239.7 2090.64 653.294 571.564
 134624 32114.6 3932.29 670.02 392.497
 112484 32429.5 6705.63 812.706 219.473
 78534.9 27838.1 7020.54 1437.82 221.204
 74816.4 14653.9 4130.49 1024.7 241.933
 402654 17025.2 2835.46 789.995 242.104
 81859.9 100960 3750.63 618.879 225.157
 642124 23502.4 26659 984.45 221.467
 359190 185877 6274.48 7076.02 319.983
 284568 94108.1 43427.7 1453.96 1713.09
 400466 76695.7 22834.8 10458.4 762.384
 546983 115655 20412.1 6041.85 2967.98
 110890 148222 28267.2 4952.14 2184.97
 323904 34049.2 42818.3 8130.18 2052.28
 276825 101525 10110.8 12665.5 3011.3
 122402 86793.2 30158.8 2991.89 4637.98
 273431 39590.8 26879.5 9311.01 2355.18
 309201 85939.6 11799.5 7980.59 3463.01
 92249.7 99927.8 26585.6 3638.77 3528.42
 66274.4 29933.8 31080 8243.71 2222.04
 246368 20225.8 8576.85 8865.1 2984.46
pred_Ctot
 13758.5 3908.42 11211 715.74 0.026682
 13411.3 10153.4 2135.16 6009.66 383.302
 13275.4 4964.16 2721.36 560.649 1676.82
 30500.8 7166.09 1940.46 1042.17 855.889
 8966.86 3814.3 634.191 167.956 164.087
 28590.5 6922.12 2185.54 356.635 186.532
 23417.2 21606.9 3792.78 1173.33 291.282
 2010.47 1364.79 863.025 147.816 57.005
 6934.67 3132.61 1587.57 985.685 233.701
 12091.9 3030.8 970.698 481.221 369.18
 5930.25 991.109 172.179 53.8519 47.1171
 30399.5 9187.34 1140.92 194.545 113.969
 24028.9 8804.3 1846.76 223.992 60.492
 25830.2 11282.3 2880.2 590.25 90.8114
 18752.1 4623.05 1321 327.955 77.4332
 83605.2 4499.59 760.267 211.982 64.9671
 11593.1 18502.6 698.156 115.296 41.948
 88214.7 4182.53 4819.1 178.105 40.0692
 67171.9 44478 1523.77 1719.77 77.7725
 49327.3 20944.8 9811.64 328.755 387.363
 55497.3 13764.3 4162.62 1908.08 139.099
 93362.1 25362.8 4544.28 1346.15 661.309
 11761.9 20520.3 3977.24 697.372 307.707
 30696.8 4223.18 5398.5 1025.94 258.987
 26191.3 12571.7 1272.68 1595.64 379.39
 9443.32 8800 3109.21 308.721 478.597
 25498.3 4833.58 3335.94 1156.57 292.563
 24000.5 8765.68 1223.74 828.413 359.489
 6949.14 9896.87 2677.38 366.778 355.672
 7249.4 4270.32 4505.93 1196.18 322.438
 28259.7 3021.88 1302.16 1347.07 453.515
F
 0.127565 0.170631 0.173717 0.173883 0.173892
 0.234124 0.313163 0.318828 0.319132 0.319148
 0.229045 0.30637 0.311912 0.312209 0.312225
 0.346221 0.463104 0.471481 0.47193 0.471954
 0.115225 0.154125 0.156913 0.157062 0.15707
 0.217715 0.291214 0.296482 0.296765 0.29678
 0.49244 0.658686 0.670602 0.671241 0.671275
 0.0820621 0.109766 0.111752 0.111858 0.111864
 0.32447 0.43401 0.441861 0.442282 0.442304
 0.441343 0.590339 0.601018 0.601591 0.601621
 0.101275 0.135465 0.137916 0.138047 0.138054
 0.423419 0.566363 0.576609 0.577158 0.577187
 0.396405 0.53023 0.539821 0.540336 0.540363
 0.678837 0.908009 0.924435 0.925316 0.925362
 0.480341 0.642503 0.654125 0.654749 0.654782
 0.383354 0.512773 0.522049 0.522547 0.522573
 0.247905 0.331597 0.337596 0.337917 0.337934
 0.239693 0.320613 0.326413 0.326724 0.32674
 0.339406 0.453989 0.462201 0.462642 0.462665
 0.311126 0.416161 0.423689 0.424093 0.424114
 0.242015 0.323718 0.329574 0.329888 0.329905
 0.305706 0.408911 0.416308 0.416705 0.416726
 0.180732 0.241746 0.246119 0.246354 0.246366
 0.160144 0.214208 0.218083 0.218291 0.218302
 0.159858 0.213826 0.217694 0.217901 0.217912
 0.128712 0.172165 0.17528 0.175447 0.175455
 0.157404 0.210543 0.214351 0.214556 0.214566
 0.129542 0.173275 0.176409 0.176577 0.176586
 0.125511 0.167883 0.17092 0.171083 0.171092
 0.186844 0.249922 0.254443 0.254685 0.254698
 0.196713 0.263122 0.267882 0.268138 0.268151
nmprior
 8.19 8.8 8.5 0
nm_flota  nm_reclas  nm_pelaces    nm_pelaL
inf 12.954 20.0083 49.1556
cv_recla  cv_pelaces  cv_mph
0.328847 0.469092 0.882188
 ------------------------------------------------
Talla a la edad & desviaci?n 
 8 13.2811 15.8009 17.003 17.5766
 0.8 1.32811 1.58009 1.7003 1.75766
