years
 1991 1992 1993 1994 1995 1996 1997 1998 1999 2000 2001 2002 2003 2004 2005 2006 2007 2008 2009 2010 2011 2012 2013 2014 2015 2016 2017 2018 2019 2020 2021
reclasobs
 0 0 0 0 0 0 0 0 0 252601 567819 844713 477998 351125 339783 2.1784e+06 2.13404e+06 4.81314e+06 1.55562e+06 2.62356e+06 3.21686e+06 3.843e+06 1.13348e+06 3.07943e+06 1.97215e+06 2.03268e+06 2.025e+06 2.42433e+06 2.27542e+06 1.05018e+06 2.36338e+06
reclaspred
 1.22145e+06 912165 410891 133113 52643.8 418105 198896 45260.4 64319.5 110675 253843 386787 353101 263407 223966 721646 1.55243e+06 2.34729e+06 1.39768e+06 1.08821e+06 2.13667e+06 1.97708e+06 1.72187e+06 1.83073e+06 1.60722e+06 1.24276e+06 1.50516e+06 1.96701e+06 2.12063e+06 986550 646200
pelacesobs
 0 0 0 0 0 0 0 0 0 0 0 0 0 0 0 552880 188675 0 991730 2.46772e+06 1.41603e+06 1.21717e+06 2.29649e+06 1.80582e+06 0 1.4828e+06 1.56532e+06 1.57751e+06 1.42118e+06 867257 1.10002e+06
pelacespred
 478482 389514 180513 39311.5 14118.2 178968 51544.2 16911.6 20086.4 42461.5 115987 144277 145786 112088 99266.9 284277 623651 990517 665228 462334 871371 920675 771718 904155 801517 574817 843538 1.08644e+06 967427 535030 314341
mphobs
 0 0 0 0 0 0 0 0 0 0 0 498337 0 5186 125008 0 168611 109162 213762 579715 649985 157893 87575 83554 0 0 0 0 0 0 0
mphpred
 868124 971287 501092 148744 60538 25621.5 361581 48167.9 14726 37059.5 85070.7 294420 264151 207490 143718 165132 881251 1.58591e+06 1.51969e+06 788001 1.1551e+06 1.56045e+06 1.71282e+06 1.08475e+06 1.48517e+06 1.24791e+06 694234 1.32765e+06 2.03183e+06 1.18463e+06 523149
desembarqueobs
 494567 514787 250237 358949 120608 361735 552515 73892 212993 205616 52469 317467 293654 387597 252695 516296 358380 742168 942051 627588 828172 859565 418607 520667 417249 300574 415391 372974 316634 284311 391294
desembarquepred
 493598 516236 248981 358987 120554 362238 552221 73948.4 212776 205903 52557.6 317019 293050 386521 252617 516187 358328 741040 942089 627552 825374 857892 418078 520103 416904 299911 414658 373564 317196 284855 393921
Reclutas
 297909 74303.9 11150.8 69779.3 17818.5 248576 9741.17 6012.9 35287.6 70687.1 110650 104979 102308 81347.9 63895.5 462508 286556 410986 237837 380924 442654 675319 19319 313321 283147 22106.5 403663 386042 35570.5 30685.2 121595
log_desv_Rt
 1.09898 -0.289642 -2.1863 -0.352468 -1.71757 0.917943 -2.32144 -2.8039 -1.03427 -0.339542 0.108572 0.0559585 0.0301808 -0.199069 -0.440556 1.53886 1.06013 1.42075 0.87378 1.3448 1.49498 1.91738 -1.63672 1.14942 1.04816 -1.50193 1.40278 1.35814 -1.02629 -1.17402 0.20289
SSB
 868124 971287 501092 148744 60538 25621.5 361581 48167.9 14726 37059.5 85070.7 294420 264151 207490 143718 165132 881251 1.58591e+06 1.51969e+06 788001 1.1551e+06 1.56045e+06 1.71282e+06 1.08475e+06 1.48517e+06 1.24791e+06 694234 1.32765e+06 2.03183e+06 1.18463e+06 523149
BT
 1.79701e+06 1.45351e+06 659939 458819 138852 1.12789e+06 607761 126106 280297 374144 490296 714127 748312 810200 626017 1.60291e+06 2.24575e+06 3.63634e+06 2.84657e+06 2.03526e+06 3.60504e+06 3.64163e+06 2.18331e+06 3.58455e+06 2.60509e+06 1.65123e+06 3.63459e+06 3.99701e+06 2.54579e+06 1.602e+06 1.42529e+06
Ftot
 0.376633 0.516609 0.54969 2.05493 1.77046 0.797318 1.97956 1.35282 2.60735 1.58605 0.196462 0.736121 0.746525 1.25644 0.999977 0.660447 0.218023 0.295881 0.611164 0.531262 0.360619 0.403515 0.228248 0.267519 0.244094 0.226932 0.260142 0.180034 0.141773 0.270427 0.559381
BD_Bspro_t
 0.941519 0.708414 0.474361 0.238204 0.120624 0.0763013 0.398528 0.0759401 0.0365742 0.101299 0.238732 0.57498 0.43409 0.346156 0.260716 0.291792 0.577121 0.679641 0.623321 0.455376 0.507783 0.570153 0.611018 0.537437 0.646433 0.6609 0.587849 0.741672 0.799345 0.704535 0.552419
BD_Bspro
 1.22349 1.36888 0.706214 0.209632 0.0853192 0.0361096 0.509594 0.0678854 0.020754 0.0522297 0.119894 0.41494 0.372281 0.292425 0.202549 0.232729 1.24199 2.2351 2.14177 1.11057 1.62794 2.19922 2.41397 1.5288 2.09312 1.75874 0.978418 1.87113 2.86356 1.66956 0.737299
BD_Bo
 0.493932 0.552627 0.285104 0.08463 0.034444 0.0145777 0.205727 0.0274058 0.00837854 0.0210855 0.0484022 0.167514 0.150292 0.118054 0.0817705 0.0939544 0.5014 0.902324 0.864648 0.448344 0.657212 0.88784 0.974535 0.617186 0.845008 0.710017 0.394994 0.755387 1.15604 0.674011 0.297653
BD_Brms
 2.09673 2.34589 1.21026 0.359253 0.146214 0.0618821 0.873305 0.116337 0.0355667 0.0895075 0.205466 0.711094 0.637987 0.501138 0.347114 0.398835 2.12843 3.83034 3.67041 1.90321 2.78985 3.76886 4.13688 2.61994 3.58704 3.01401 1.67674 3.2066 4.90736 2.86116 1.26353
Sel_flota
 0.5 1 1 1 1
 0.5 1 1 1 1
 0.5 1 1 1 1
 0.5 1 1 1 1
 0.5 1 1 1 1
 0.5 1 1 1 1
 0.5 1 1 1 1
 0.5 1 1 1 1
 0.5 1 1 1 1
 0.5 1 1 1 1
 0.5 1 1 1 1
 0.5 1 1 1 1
 0.5 1 1 1 1
 0.5 1 1 1 1
 0.5 1 1 1 1
 0.5 1 1 1 1
 0.5 1 1 1 1
 0.5 1 1 1 1
 0.5 1 1 1 1
 0.5 1 1 1 1
 0.5 1 1 1 1
 0.5 1 1 1 1
 0.5 1 1 1 1
 0.5 1 1 1 1
 0.5 1 1 1 1
 0.5 1 1 1 1
 0.5 1 1 1 1
 0.5 1 1 1 1
 0.5 1 1 1 1
 0.5 1 1 1 1
 0.5 1 1 1 1
Sel_reclas
 0.5 1 1 1 1
 0.5 1 1 1 1
 0.5 1 1 1 1
 0.5 1 1 1 1
 0.5 1 1 1 1
 0.5 1 1 1 1
 0.5 1 1 1 1
 0.5 1 1 1 1
 0.5 1 1 1 1
 0.5 1 1 1 1
 0.5 1 1 1 1
 0.5 1 1 1 1
 0.5 1 1 1 1
 0.5 1 1 1 1
 0.5 1 1 1 1
 0.5 1 1 1 1
 0.5 1 1 1 1
 0.5 1 1 1 1
 0.5 1 1 1 1
 0.5 1 1 1 1
 0.5 1 1 1 1
 0.5 1 1 1 1
 0.5 1 1 1 1
 0.5 1 1 1 1
 0.5 1 1 1 1
 0.5 1 1 1 1
 0.5 1 1 1 1
 0.5 1 1 1 1
 0.5 1 1 1 1
 0.5 1 1 1 1
 0.5 1 1 1 1
Sel_pelaces
 0.5 1 1 1 1
 0.5 1 1 1 1
 0.5 1 1 1 1
 0.5 1 1 1 1
 0.5 1 1 1 1
 0.5 1 1 1 1
 0.5 1 1 1 1
 0.5 1 1 1 1
 0.5 1 1 1 1
 0.5 1 1 1 1
 0.5 1 1 1 1
 0.5 1 1 1 1
 0.5 1 1 1 1
 0.5 1 1 1 1
 0.5 1 1 1 1
 0.5 1 1 1 1
 0.5 1 1 1 1
 0.5 1 1 1 1
 0.5 1 1 1 1
 0.5 1 1 1 1
 0.5 1 1 1 1
 0.5 1 1 1 1
 0.5 1 1 1 1
 0.5 1 1 1 1
 0.5 1 1 1 1
 0.5 1 1 1 1
 0.5 1 1 1 1
 0.5 1 1 1 1
 0.5 1 1 1 1
 0.5 1 1 1 1
 0.5 1 1 1 1
pf_obs 
 0.8446 0.082 0.0669 0.0065 0
 0.8095 0.147 0.0364 0.0071 0
 0.9664 0.0169 0.016 0.0007 0
 0.9276 0.0648 0.0075 0.0001 0
 0.7033 0.2144 0.0806 0.0017 0
 0.9318 0.0425 0.0243 0.0014 0
 0.5671 0.3108 0.0964 0.0239 0.0018
 0.0768 0.2599 0.5324 0.112 0.0189
 0.490249 0.384438 0.106611 0.0170017 0.00170017
 0.7925 0.1577 0.0466 0.003 0.0002
 0.840416 0.127587 0.0312969 0.00059994 9.999e-05
 0.8084 0.0986 0.0794 0.0134 0.0002
 0.7335 0.1905 0.0724 0.0035 0.0001
 0.4001 0.4547 0.1325 0.0127 0
 0.49795 0.308269 0.164784 0.0264974 0.00249975
 0.9179 0.0499 0.0305 0.0017 0
 0.2467 0.6533 0.0926 0.0074 0
 0.9418 0.0223 0.034 0.0019 0
 0.707729 0.231977 0.0356964 0.0245975 0
 0.517169 0.277429 0.184464 0.0207286 0.00020938
 0.811772 0.124168 0.05621 0.00726502 0.000585176
 0.764997 0.148141 0.077277 0.00933861 0.000247198
 0.163321 0.427699 0.378323 0.0303852 0.000271297
 0.753843 0.0900009 0.118128 0.0371064 0.000921714
 0.721811 0.176058 0.0630433 0.0369309 0.00215725
 0.143369 0.312575 0.442814 0.0836902 0.0175525
 0.692698 0.0596174 0.167031 0.0765114 0.00414204
 0.394062 0.376323 0.152708 0.0712218 0.00568511
 0.125707 0.32114 0.495352 0.0537591 0.00404204
 0.23352 0.215282 0.420074 0.123614 0.00750983
 0.774587 0.0839891 0.0768558 0.0609784 0.00358967
pf_pred 
 0.698829 0.190376 0.0700355 0.0257646 0.0149944
 0.275051 0.608018 0.0739141 0.0271915 0.0158248
 0.121402 0.413432 0.390137 0.0474273 0.0276016
 0.791207 0.0514687 0.0740305 0.0698593 0.0134349
 0.547704 0.424753 0.00678947 0.0097657 0.0109877
 0.977507 0.0183386 0.00390172 6.2367e-05 0.000190638
 0.0967462 0.895234 0.00653835 0.0013911 9.02049e-05
 0.458397 0.161055 0.377169 0.00275466 0.000624084
 0.942808 0.0414817 0.00467169 0.0109405 9.80064e-05
 0.927966 0.0711845 0.000616049 6.93796e-05 0.000163933
 0.827118 0.169023 0.00381371 3.30049e-05 1.24998e-05
 0.597894 0.36602 0.0352801 0.000796036 9.49818e-06
 0.634668 0.288292 0.0701261 0.00675934 0.000154333
 0.613952 0.314389 0.0565478 0.0137551 0.0013561
 0.664778 0.277343 0.0471353 0.00847802 0.00226557
 0.939543 0.0510958 0.00774448 0.0013162 0.000300002
 0.544045 0.444307 0.00984426 0.00149207 0.000311381
 0.623514 0.270322 0.103452 0.00229213 0.000419914
 0.445414 0.43453 0.0862017 0.0329893 0.000864829
 0.683635 0.208751 0.0843178 0.0167269 0.00656918
 0.649019 0.29331 0.0380538 0.0153705 0.0042467
 0.68395 0.254359 0.0515536 0.00668852 0.00344802
 0.0397204 0.797261 0.131199 0.0265914 0.00522844
 0.679576 0.0260637 0.244389 0.0402172 0.00975394
 0.54778 0.371392 0.00657473 0.0616486 0.0126055
 0.0831639 0.66255 0.208836 0.00369702 0.0417536
 0.82644 0.0282112 0.105036 0.0331073 0.00720541
 0.583277 0.379821 0.00599817 0.0223324 0.00857116
 0.0953323 0.675797 0.208604 0.0032943 0.0169727
 0.193179 0.145364 0.494116 0.152523 0.0148184
 0.701225 0.102107 0.0354334 0.120444 0.0407905
pobs_RECLAS
 0 0 0 0 0
 0 0 0 0 0
 0 0 0 0 0
 0 0 0 0 0
 0 0 0 0 0
 0 0 0 0 0
 0 0 0 0 0
 0 0 0 0 0
 0 0 0 0 0
 0 0 0 0 0
 0.991045 0.00858322 0.000360255 1.14367e-05 0
 0.934742 0.0480273 0.0164251 0.00080598 0
 0.827803 0.169806 0.00239088 0 0
 0.941827 0.0461693 0.0120037 0 0
 0.791401 0.0380133 0.147996 0.0225897 0
 0.846168 0.0940531 0.0597789 0 0
 0.134021 0.677848 0.182769 0.00536245 0
 0.80878 0.0450904 0.141981 0.00414843 0
 0.846168 0.0940531 0.0597789 0 0
 0.905697 0.0802665 0.012482 0.00150086 5.37128e-05
 0.989698 0.0102097 9.19794e-05 0 0
 0.975433 0.0193895 0.00387452 0.00125025 5.28907e-05
 0.303575 0.632131 0.0575291 0.00676475 0
 0.966965 0.00978017 0.0227588 0.000495775 0
 0.843318 0.132988 0.00938335 0.0141283 0.000182051
 0.564624 0.303363 0.111486 0.0197234 0.00080311
 0.826376 0.0876187 0.0782897 0.00655872 0.00115652
 0.89761 0.0855135 0.0140674 0.00269457 0.000114338
 0.34875 0.467042 0.161289 0.0227151 0.000203297
 0.318654 0.224769 0.449479 0.00709798 0
 0.937255 0.0296025 0.0250945 0.00804832 0
ppred_RECLAS
 0.702936 0.18778 0.0690804 0.0254133 0.0147899
 0.28086 0.603147 0.0733219 0.0269736 0.015698
 0.124782 0.411842 0.388636 0.0472448 0.0274954
 0.821843 0.0439166 0.0631679 0.0596087 0.0114636
 0.586375 0.388437 0.00620897 0.00893074 0.0100483
 0.9786 0.0174475 0.00371213 5.93366e-05 0.000181375
 0.114264 0.877871 0.00641154 0.00136412 8.84554e-05
 0.484903 0.153173 0.358711 0.00261984 0.000593541
 0.95621 0.0317616 0.003577 0.00837686 7.50412e-05
 0.936429 0.0628219 0.000543677 6.12291e-05 0.000144675
 0.828429 0.167741 0.00378481 3.27547e-05 1.2405e-05
 0.608848 0.356049 0.034319 0.000774351 9.23943e-06
 0.645413 0.279813 0.0680637 0.00656056 0.000149794
 0.636371 0.296132 0.0532639 0.0129563 0.00127735
 0.680059 0.2647 0.0449866 0.00809154 0.00216229
 0.941758 0.0492239 0.00746076 0.00126798 0.000289011
 0.546608 0.44181 0.00978892 0.00148368 0.00030963
 0.626959 0.267849 0.102505 0.00227115 0.000416072
 0.454292 0.427574 0.0848218 0.0324612 0.000850986
 0.690084 0.204496 0.082599 0.0163859 0.00643527
 0.653243 0.28978 0.0375959 0.0151856 0.0041956
 0.688537 0.250668 0.0508054 0.00659145 0.00339798
 0.0401379 0.796914 0.131142 0.0265799 0.00522617
 0.682416 0.0258327 0.242223 0.0398608 0.0096675
 0.550691 0.369 0.0065324 0.0612517 0.0125244
 0.0839926 0.661951 0.208647 0.00369367 0.0417158
 0.828248 0.0279174 0.103942 0.0327625 0.00713037
 0.585302 0.377975 0.00596903 0.0222239 0.00852951
 0.0958861 0.675383 0.208476 0.00329228 0.0169623
 0.19525 0.144991 0.492847 0.152131 0.0147804
 0.707889 0.0998295 0.0346431 0.117757 0.0398807
pobs_PELACES
 0 0 0 0 0
 0 0 0 0 0
 0 0 0 0 0
 0 0 0 0 0
 0 0 0 0 0
 0 0 0 0 0
 0 0 0 0 0
 0 0 0 0 0
 0 0 0 0 0
 0 0 0 0 0
 0 0 0 0 0
 0 0 0 0 0
 0 0 0 0 0
 0 0 0 0 0
 0 0 0 0 0
 0 0 0 0 0
 0.505614 0.472636 0.0217494 0 0
 0 0 0 0 0
 0.443492 0.261883 0.143347 0.151278 0
 0.227955 0.32914 0.350689 0.0885471 0.00366901
 0.970185 0.0296113 0.000203453 0 0
 0.997202 0.00247181 0.000326279 0 0
 0.445219 0.490057 0.0546422 0.010081 0
 0.90214 0.0892962 0.00764917 0.000914606 0
 0 0 0 0 0
 0.581667 0.319106 0.0959925 0.00289975 0.000334073
 0.762889 0.0836404 0.116647 0.0363945 0.000428098
 0.88444 0.0763242 0.0277011 0.0115352 0
 0.521256 0.241999 0.230069 0.00667565 0
 0.616807 0.101726 0.260614 0.0208532 0
 0.833518 0.0704572 0.0857862 0.0102388 0
ppred_PELACES
 0.715748 0.179682 0.0661012 0.0243173 0.0141521
 0.298393 0.588441 0.0715342 0.026316 0.0153153
 0.135029 0.40702 0.384086 0.0466917 0.0271735
 0.866221 0.0329773 0.0474333 0.0447606 0.0086081
 0.655008 0.323983 0.00517871 0.00744886 0.00838095
 0.981188 0.0153372 0.00326314 5.21597e-05 0.000159437
 0.151707 0.840761 0.00614051 0.00130645 8.47162e-05
 0.540612 0.136607 0.319915 0.0023365 0.000529348
 0.971077 0.020978 0.00236255 0.00553277 4.95635e-05
 0.950339 0.0490751 0.000424708 4.78308e-05 0.000113017
 0.832987 0.163285 0.00368425 3.18844e-05 1.20754e-05
 0.637362 0.330094 0.0318172 0.000717903 8.5659e-06
 0.673072 0.257987 0.0627545 0.00604881 0.00013811
 0.682863 0.25827 0.0464538 0.0112998 0.00111403
 0.714847 0.235919 0.0400952 0.00721174 0.00192718
 0.947456 0.0444088 0.00673094 0.00114394 0.00026074
 0.555508 0.433137 0.00959678 0.00145456 0.000303553
 0.638304 0.259702 0.0993879 0.00220208 0.000403418
 0.479386 0.407913 0.0809213 0.0309685 0.000811853
 0.708513 0.192336 0.0776875 0.0154116 0.00605261
 0.666595 0.278622 0.0361482 0.0146008 0.00403404
 0.702633 0.239323 0.048506 0.00629313 0.00324419
 0.0416142 0.795688 0.13094 0.026539 0.00521813
 0.691904 0.0250609 0.234986 0.0386699 0.00937866
 0.560635 0.360834 0.00638783 0.0598961 0.0122472
 0.0869187 0.659836 0.207981 0.00368187 0.0415826
 0.834268 0.0269388 0.100299 0.0316141 0.00688043
 0.592494 0.371421 0.00586552 0.0218385 0.0083816
 0.0979334 0.673854 0.208004 0.00328482 0.0169239
 0.202357 0.14371 0.488495 0.150788 0.0146499
 0.726603 0.0934342 0.0324238 0.110214 0.0373258
pobs_pel_tallas
 0 0 0 0 0 0 0 0 0 0 0 0 0 0 0 0 0 0 0 0 0 0 0 0 0 0
 0 0 0 0 0 0 0 0 0 0 0 0 0 0 0 0 0 0 0 0 0 0 0 0 0 0
 0 0 0 0 0 0 0 0 0 0 0 0 0 0 0 0 0 0 0 0 0 0 0 0 0 0
 0 0 0 0 0 0 0 0 0 0 0 0 0 0 0 0 0 0 0 0 0 0 0 0 0 0
 0 0 0 0 0 0 0 0 0 0 0 0 0 0 0 0 0 0 0 0 0 0 0 0 0 0
 0 0 0 0 0 0 0 0 0 0 0 0 0 0 0 0 0 0 0 0 0 0 0 0 0 0
 0 0 0 0 0 0 0 0 0 0 0 0 0 0 0 0 0 0 0 0 0 0 0 0 0 0
 0 0 0 0 0 0 0 0 0 0 0 0 0 0 0 0 0 0 0 0 0 0 0 0 0 0
 0 0 0 0 0 0 0 0 0 0 0 0 0 0 0 0 0 0 0 0 0 0 0 0 0 0
 0 0 0 0 0 0 0 0 0 0 0 0 0 0 0 0 0 0 0 0 0 0 0 0 0 0
 0 0 0 0 0 0 0 0 0 0 0 0 0 0 0 0 0 0 0 0 0 0 0 0 0 0
 0 0 0 0 0 0 0 0 0 0 0 0 0 0 0 0 0 0 0 0 0 0 0 0 0 0
 0.00862536 0 0 0.000197151 0.00414017 0.0128641 0.00837892 0.0270097 0.101434 0.158115 0.152841 0.127902 0.109271 0.109419 0.0830992 0.0579132 0.0238553 0.00714673 0.00463305 0.00128148 0.00103504 0.000492878 0.000147863 0.000147863 4.92878e-05 0
 0 0 0 0 0 0 0 0 0 0 0 0 0 0 0 0 0 0 0 0 0 0 0 0 0 0
 0 0 0 0 0 0 0 0.0054083 0.00873648 0.0413646 0.0450493 0.0745869 0.0622846 0.0627006 0.0613931 0.0827291 0.12552 0.122667 0.0946155 0.0697135 0.0546179 0.0294188 0.0215738 0.0213955 0.0102223 0.00600262
 0 0 0 0 0.00359764 0.0251062 0.0480494 0.140153 0.205849 0.193036 0.1447 0.116669 0.0760912 0.0342217 0.00950174 0.001854 0.000860785 0 0 0 0.000165536 0 0.000143464 0 0 0
 0 0 0 0 0 0 0 0.000145254 0.000435761 0.0275982 0.070085 0.0708112 0.156366 0.174668 0.174014 0.160142 0.0824315 0.0480064 0.0283245 0.00493863 0.00203355 0 0 0 0 0
 0 0 0 0 0 0 0 0 0 0 0 0 0 0 0 0 0 0 0 0 0 0 0 0 0 0
 0 0 1.00437e-05 0.000401748 0.00122533 0.00171747 0.00176769 0.0269171 0.070346 0.194647 0.189555 0.159765 0.064822 0.0314167 0.0384472 0.0292271 0.0345202 0.0313363 0.0194345 0.0106764 0.0143323 0.0359363 0.0279516 0.0138201 0.00172751 0
 0 0.0021121 0.0136068 0.0755702 0.200478 0.177729 0.0527432 0.0373336 0.0318909 0.0142505 0.0149659 0.0166563 0.0217959 0.0798694 0.0677717 0.0528807 0.04013 0.0224614 0.0357745 0.0225083 0.00881397 0.00855152 0.00135912 0.000746735 0 0
 0 0 0 0 5.4009e-05 0.00500934 0.000945158 0.0243581 0.138947 0.33067 0.221406 0.137944 0.0707744 0.0437923 0.0131692 0.00525238 0.0047753 0.00276346 9.45158e-05 9.00151e-06 2.25038e-05 9.00151e-06 4.50075e-06 0 0 0
 0.000866109 0.00284123 0.00948549 0.0512746 0.133035 0.25785 0.225252 0.132002 0.0553304 0.0519788 0.0540692 0.017754 0.00435017 0.00159236 0.00146478 0.000404838 0.000125132 0.000115318 0.000107957 0.000100596 0 0 0 0 0 0
 0 0 0 0 0.00144013 0.00171154 0.00461396 0.0210425 0.0478622 0.0707936 0.0888783 0.103762 0.0637923 0.0337046 0.0602308 0.124433 0.169614 0.0934646 0.0462172 0.0250306 0.0313229 0.00938855 0.002487 0.000210481 0 0
 0 0.00764035 0.051015 0.0998891 0.058973 0.0496711 0.0374665 0.0718981 0.12319 0.153886 0.159021 0.0857701 0.0377988 0.023471 0.0147837 0.00900784 0.00315554 0.000888139 0.00291439 0.00214683 0.00393193 0.00274676 0.000635225 9.99891e-05 0 0
 0 0 0 0 0 0 0 0 0 0 0 0 0 0 0 0 0 0 0 0 0 0 0 0 0 0
 0 0 0 0 0 0 0 0 0 0 0 0 0 0 0 0 0 0 0 0 0 0 0 0 0 0
 0 0 0 0 0 0 0 0 0 0 0 0 0 0 0 0 0 0 0 0 0 0 0 0 0 0
 0 0 0 0 0 0 0 0 0 0 0 0 0 0 0 0 0 0 0 0 0 0 0 0 0 0
 0 0 0 0 0 0 0 0 0 0 0 0 0 0 0 0 0 0 0 0 0 0 0 0 0 0
 0 0 0 0 0 0 0 0 0 0 0 0 0 0 0 0 0 0 0 0 0 0 0 0 0 0
 0 0 0 0 0 0 0 0 0 0 0 0 0 0 0 0 0 0 0 0 0 0 0 0 0 0
ppred_pel_tallas
 1.06788e-16 5.89552e-05 0.000573066 0.00380822 0.0173116 0.053863 0.114762 0.167501 0.167519 0.114847 0.0541487 0.0181376 0.00588513 0.00511897 0.00872812 0.0144305 0.0210065 0.0268959 0.0305499 0.0312694 0.0295959 0.02687 0.0243258 0.0224475 0.0209768 0.0193699
 1.07446e-16 2.45784e-05 0.000238911 0.00158765 0.00721726 0.0224559 0.0478467 0.0698455 0.0699022 0.0481238 0.0233861 0.00990394 0.00833102 0.0149579 0.0279737 0.0461951 0.0665179 0.0836019 0.0920218 0.0892943 0.0773686 0.0613035 0.0462351 0.0349856 0.0276931 0.0229879
 1.20469e-16 1.11222e-05 0.000108112 0.000718444 0.00326597 0.0101618 0.0216524 0.0316106 0.0316503 0.0218468 0.0108163 0.00516305 0.00550553 0.0106417 0.0202605 0.034115 0.0506313 0.0667799 0.0793804 0.0868379 0.0898018 0.0901206 0.0890649 0.0864228 0.0810869 0.072346
 1.07323e-16 7.13495e-05 0.000693542 0.00460883 0.0209511 0.0651866 0.138887 0.20271 0.202714 0.138903 0.0652405 0.0211079 0.00500666 0.00157637 0.00179097 0.00296283 0.00453714 0.00630246 0.00810783 0.00992628 0.0118552 0.0139769 0.0161816 0.0181111 0.0192826 0.0193082
 1.02398e-16 5.39522e-05 0.000524435 0.00348506 0.0158426 0.0492923 0.105024 0.153292 0.153323 0.105176 0.0498033 0.0173178 0.00718497 0.00859149 0.0153459 0.0252095 0.0361363 0.0450827 0.0489959 0.0464908 0.0387095 0.0286086 0.0192599 0.012456 0.00841642 0.00637889
 1.00131e-16 8.08192e-05 0.000785591 0.00522053 0.0237318 0.0738383 0.15732 0.229614 0.229616 0.157328 0.0738626 0.0238019 0.00539672 0.00117044 0.000812372 0.00121677 0.00174869 0.00220633 0.00244388 0.00239461 0.00210437 0.00169751 0.00130029 0.000982323 0.000749853 0.000576457
 1.00538e-16 1.24961e-05 0.000121466 0.00080719 0.00366942 0.0114174 0.0243289 0.0355257 0.0356065 0.0247238 0.012743 0.00749596 0.0104033 0.0210399 0.039652 0.0653011 0.0935232 0.116462 0.126122 0.118822 0.0974588 0.069701 0.0436149 0.0240616 0.0119056 0.00548059
 1.09591e-16 4.45296e-05 0.000432843 0.0028764 0.0130757 0.0406834 0.0866808 0.126516 0.12653 0.0867476 0.0409091 0.0137334 0.00454941 0.00415793 0.00733194 0.0126032 0.0194308 0.0270837 0.0347331 0.0418098 0.0480397 0.0530655 0.0560873 0.0560177 0.0521381 0.0447226
 1.00637e-16 7.99863e-05 0.000777496 0.00516673 0.0234872 0.0730775 0.155699 0.227248 0.22725 0.155709 0.0731106 0.0235831 0.00540747 0.00130326 0.00107929 0.00166002 0.0023898 0.00302024 0.00336057 0.00333061 0.00300657 0.00256915 0.00219097 0.00194994 0.00182003 0.00172259
 1.00049e-16 7.82782e-05 0.000760892 0.0050564 0.0229856 0.0715169 0.152374 0.222396 0.222401 0.152398 0.0715943 0.023209 0.00561655 0.00198197 0.00239223 0.00381756 0.00546028 0.00680005 0.0073657 0.00694232 0.00569905 0.00408338 0.00256576 0.00142937 0.000724009 0.000351783
 1.00154e-16 6.86121e-05 0.000666934 0.00443201 0.0201473 0.0626858 0.133559 0.194937 0.194953 0.133636 0.0629433 0.0208907 0.00629654 0.00473198 0.00777343 0.0127019 0.0181953 0.0226794 0.0246004 0.023243 0.0191635 0.0138387 0.0088193 0.005036 0.00265187 0.00134934
 1.01077e-16 5.24988e-05 0.000510307 0.00339117 0.0154158 0.0479644 0.102194 0.149162 0.149194 0.10235 0.0484858 0.0169214 0.00716922 0.00875321 0.0156935 0.0258248 0.0371089 0.0464766 0.0508294 0.0487244 0.0412299 0.0312091 0.021634 0.0142404 0.0092888 0.00617578
 1.02507e-16 5.54401e-05 0.000538897 0.00358116 0.0162795 0.0506516 0.107919 0.157517 0.157542 0.108041 0.0510604 0.0174606 0.00654794 0.00702145 0.0123846 0.0204318 0.0295314 0.037349 0.041528 0.0409554 0.0363866 0.029869 0.0234616 0.0182687 0.014352 0.0112655
 1.02729e-16 5.62465e-05 0.000546737 0.00363326 0.0165163 0.0513884 0.109489 0.159808 0.159833 0.109611 0.0517971 0.0176971 0.00659799 0.00702134 0.0123602 0.0203644 0.0293755 0.0370344 0.0409693 0.0400779 0.0351661 0.028368 0.0218395 0.0167498 0.0131579 0.0105411
 1.02267e-16 5.8881e-05 0.000572344 0.00380343 0.0172899 0.0537953 0.114617 0.167292 0.167315 0.114729 0.0541686 0.0183681 0.00651053 0.00648353 0.0112898 0.0185829 0.0267903 0.0337438 0.0372686 0.0363533 0.0317365 0.025381 0.0192792 0.0145275 0.0112034 0.00884003
 1.00365e-16 7.80407e-05 0.000758583 0.00504105 0.0229159 0.0712999 0.151912 0.221721 0.221725 0.151933 0.0713701 0.0231188 0.00555031 0.00187038 0.00218974 0.00349704 0.00503098 0.00632804 0.00697303 0.0067746 0.0058731 0.00464191 0.00346203 0.00254607 0.00191306 0.00147613
 1.00585e-16 4.57565e-05 0.00044477 0.00295565 0.013436 0.0418046 0.0890706 0.13001 0.130052 0.0892742 0.0424877 0.0154081 0.00790169 0.0112282 0.0204847 0.0336861 0.0482705 0.0601723 0.0652811 0.0617032 0.0509176 0.0368434 0.0235915 0.0136235 0.00736035 0.00394677
 1.03224e-16 5.25763e-05 0.000511061 0.00339618 0.0154386 0.0480352 0.102345 0.149381 0.149406 0.102468 0.0484478 0.0166316 0.00639524 0.00707264 0.0125567 0.0207853 0.0301894 0.0384823 0.0433384 0.0436322 0.0400333 0.0344208 0.0286382 0.0236061 0.019319 0.0154182
 1.05683e-16 3.94865e-05 0.000383822 0.00255064 0.0115949 0.0360761 0.0768654 0.112196 0.112235 0.0770577 0.036722 0.013461 0.00723702 0.0106211 0.0195024 0.0322328 0.0465561 0.0588157 0.0653024 0.0643017 0.0570876 0.0469921 0.0373367 0.0298547 0.0245266 0.0204515
 1.04861e-16 5.83593e-05 0.000567273 0.00376973 0.0171367 0.0533186 0.113602 0.165809 0.165827 0.113693 0.0536245 0.0180211 0.00599388 0.00543584 0.0093435 0.015456 0.0224974 0.02879 0.0326517 0.0332915 0.0312325 0.0278574 0.0244692 0.0216321 0.0191901 0.0167324
 1.03262e-16 5.49066e-05 0.000533712 0.0035467 0.0161228 0.0501642 0.106881 0.156002 0.156029 0.107012 0.0506048 0.0173952 0.00674047 0.00750544 0.0132947 0.0218904 0.0315261 0.0396422 0.0436691 0.0424285 0.0368332 0.0292613 0.0221245 0.0167438 0.0131831 0.0108108
 1.02642e-16 5.7875e-05 0.000562566 0.00373845 0.0169945 0.0528762 0.112659 0.164434 0.164457 0.112772 0.0532551 0.0180892 0.00648737 0.00656696 0.0114714 0.0188992 0.0272797 0.034429 0.0381528 0.0374265 0.0329825 0.0267746 0.0207752 0.016052 0.0126627 0.0101435
 1.07527e-16 3.42788e-06 3.33203e-05 0.000221429 0.00100663 0.00313241 0.00667676 0.00976101 0.00983773 0.00705164 0.00439124 0.0046429 0.0093503 0.0199661 0.037872 0.0626371 0.0903051 0.113713 0.125532 0.122355 0.106682 0.0851536 0.0645118 0.0484706 0.037295 0.0293973
 1.12253e-16 5.69912e-05 0.000553975 0.00368136 0.0167349 0.0520686 0.110938 0.161917 0.16192 0.110952 0.052116 0.0168766 0.00405514 0.00142978 0.00189592 0.00350328 0.00611389 0.00993329 0.0151521 0.0217805 0.0294399 0.0371973 0.0436443 0.0473117 0.047255 0.0434727
 1.08356e-16 4.61788e-05 0.000448875 0.00298293 0.01356 0.0421904 0.0898923 0.131208 0.131242 0.090062 0.0427599 0.0152045 0.00710887 0.00944929 0.0171216 0.0281893 0.0405136 0.0507883 0.0557158 0.0538697 0.0466121 0.0372419 0.0290439 0.0237178 0.0210985 0.0199318
 1.13577e-16 7.15952e-06 6.95931e-05 0.000462474 0.00210238 0.00654162 0.01394 0.0203592 0.0204229 0.0142517 0.00758875 0.00512909 0.00806846 0.0167017 0.0316771 0.0525725 0.076233 0.0969093 0.108699 0.108829 0.099202 0.0848914 0.070878 0.0596469 0.0510535 0.043763
 1.07237e-16 6.87176e-05 0.000667959 0.00443882 0.0201782 0.062782 0.133764 0.195233 0.195236 0.133777 0.062828 0.0203131 0.00478526 0.00145054 0.0016325 0.00279381 0.004497 0.00666546 0.00925615 0.0122407 0.0155454 0.0189274 0.0219033 0.0238485 0.0242449 0.0229225
 1.03873e-16 4.8803e-05 0.000474383 0.00315244 0.0143306 0.0445879 0.0950005 0.138664 0.138699 0.0951751 0.0451738 0.0160221 0.00739524 0.00972611 0.0175896 0.028925 0.0414868 0.0518125 0.0564255 0.0537634 0.0451544 0.0339872 0.0237495 0.0164276 0.0121809 0.0100481
 1.09369e-16 8.06678e-06 7.84121e-05 0.000521079 0.00236879 0.00737053 0.0157061 0.0229372 0.0230023 0.0160244 0.00843964 0.00545888 0.00828564 0.0170549 0.0323263 0.0536279 0.0777107 0.0986671 0.110419 0.110075 0.0995247 0.0839236 0.0683899 0.0555686 0.0454919 0.0370187
 1.31735e-16 1.66679e-05 0.000162018 0.00107667 0.00489438 0.0152283 0.0324461 0.0473591 0.0473737 0.0325179 0.0154718 0.00560776 0.00290537 0.00428047 0.00821059 0.0145245 0.0232157 0.0340244 0.0466033 0.0607107 0.0759794 0.0913052 0.104464 0.112563 0.113236 0.105823
 1.1833e-16 5.98493e-05 0.000581757 0.00386598 0.0175742 0.0546798 0.116502 0.170039 0.170048 0.116546 0.0548292 0.0180067 0.00495598 0.00297644 0.004655 0.00773262 0.0114651 0.0151746 0.0182833 0.0207019 0.022951 0.0257993 0.029651 0.0341389 0.0382048 0.0405775
pSPR Fmed_Fpbrs
0.471758   0.285572 0.285572
Fs Fmed_Fpbrs
0.532006   1.005 1.005
SSBpbr Bo_Bmed_Bpbrs
1.75758e+06  741273  414037 414037
Ro
99266.2
SPR SPRFo_SPRFmed_SPRFpbrs
709547 334735 202627
Fref
1.005
Nvult_r0
 87776.5 7787.42 2702.41 9185.91 3110.98
CTP_r0
 19184.5 2793.5 969.408 3295.17 1115.97
YTP_r0
393921
Np
 183259 33818.4 2073.39 719.514 2960
Nvult_p0
 142470 29264.4 1794.19 622.624 2561.41
CTP_p0
 47648.1 14668.7 899.332 312.088 1283.9
YTP_p0
 668658
CBA_c0
476342
log_Ro
11.3256
likeval ReclasPelacesDesembMPH_pf_preclas_ppelaces_ptallas_desvR_qrecl_qpela
 44.84 56.5953 0.715464 0.00243676 280.459 146.886 122.684 0 72.649 0 0 1.93178 0 0 0
q_reclas_q_pelaces
1 1
M
1
N
 297909 43720 16083.7 5916.85 3443.47
 74303.9 90783.1 11036.1 4059.96 2362.8
 11150.8 21112.4 19922.8 2421.93 1409.5
 69779.3 3116.36 4482.44 4229.88 813.465
 17818.5 9187.78 146.862 211.241 237.674
 248576 2704.74 575.46 9.19844 28.1169
 9741.17 61380.3 448.291 95.3783 6.18476
 6012.9 1331.87 3119.06 22.78 5.16095
 35287.6 1124.68 126.662 296.626 2.65722
 70687.1 3524.92 30.5056 3.43555 8.11767
 110650 11766.3 265.486 2.29759 0.870154
 104979 36897.6 3556.5 80.2464 0.957487
 102308 26727.8 6501.45 626.664 14.3083
 81347.9 25912.4 4660.75 1133.71 111.772
 63895.5 15966.8 2713.61 488.085 130.43
 462508 14257.2 2160.93 367.256 83.7088
 286556 122296 2709.63 410.693 85.7076
 410986 94530.6 36176.8 801.548 146.842
 237837 130401 25868.9 9900.01 259.533
 380924 64457.3 26035.3 5164.86 2028.4
 442654 107444 13939.7 5630.46 1555.63
 675319 135976 27559.6 3575.56 1843.25
 19319 203045 33413.6 6772.27 1331.57
 313321 6340.54 59452.7 9783.68 2372.85
 283147 100833 1785.05 16737.7 3422.42
 22106.5 92196.4 29060.3 514.454 5810.17
 403663 7260.19 27031.1 8520.21 1854.32
 386042 130387 2059.09 7666.39 2942.36
 35570.5 129792 40063.9 632.693 3259.74
 30685.2 12190.2 41436.3 12790.5 1242.67
 121595 9860.81 3421.92 11631.7 3939.28
pred_Ctot
 32824 8941.97 3289.57 1210.16 704.287
 10919.1 24137.5 2934.28 1079.46 628.222
 1732.15 5898.79 5566.42 676.686 393.815
 30706.1 1997.46 2873.07 2711.18 521.399
 7096.82 5503.69 87.9738 126.538 142.372
 53356.2 1001 212.972 3.40424 10.4058
 4183.05 38707.6 282.701 60.1474 3.90023
 1972.33 692.966 1622.83 11.8524 2.68523
 17974.8 790.857 89.0666 208.582 1.86851
 26059.7 1999.04 17.3002 1.94836 4.60367
 6596.8 1348.07 30.4168 0.263235 0.0996937
 21052.6 12888.1 1242.26 28.0295 0.334443
 20764.8 9432.2 2294.35 221.149 5.0494
 25226.2 12917.7 2323.45 565.171 55.7198
 16545.8 6902.88 1173.16 211.012 56.3883
 84456.6 4593.06 696.16 118.314 26.9675
 18875.4 15415.1 341.543 51.7668 10.8032
 36160.3 15677.1 5999.63 132.93 24.3526
 40580.9 39589.3 7853.69 3005.6 78.7931
 57398.2 17526.8 7079.34 1404.39 551.55
 46849.5 21172.6 2746.92 1109.52 306.549
 79287.9 29487 5976.42 775.375 399.716
 1329.43 26684.1 4391.2 890.008 174.995
 25069 961.469 9015.3 1483.58 359.814
 20770.1 14082 249.294 2337.53 477.963
 1512.89 12052.9 3799.08 67.255 759.569
 31454 1073.71 3997.63 1260.05 274.235
 21161.9 13780.3 217.62 810.243 310.971
 1547.65 10971 3386.52 53.4804 275.539
 2480.36 1866.43 6344.3 1958.35 190.264
 19184.5 2793.5 969.408 3295.17 1115.97
F
 0.188316 0.376633 0.376633 0.376633 0.376633
 0.258305 0.516609 0.516609 0.516609 0.516609
 0.274845 0.54969 0.54969 0.54969 0.54969
 1.02746 2.05493 2.05493 2.05493 2.05493
 0.88523 1.77046 1.77046 1.77046 1.77046
 0.398659 0.797318 0.797318 0.797318 0.797318
 0.989779 1.97956 1.97956 1.97956 1.97956
 0.676408 1.35282 1.35282 1.35282 1.35282
 1.30367 2.60735 2.60735 2.60735 2.60735
 0.793025 1.58605 1.58605 1.58605 1.58605
 0.0982309 0.196462 0.196462 0.196462 0.196462
 0.36806 0.736121 0.736121 0.736121 0.736121
 0.373263 0.746525 0.746525 0.746525 0.746525
 0.628222 1.25644 1.25644 1.25644 1.25644
 0.499989 0.999977 0.999977 0.999977 0.999977
 0.330224 0.660447 0.660447 0.660447 0.660447
 0.109012 0.218023 0.218023 0.218023 0.218023
 0.147941 0.295881 0.295881 0.295881 0.295881
 0.305582 0.611164 0.611164 0.611164 0.611164
 0.265631 0.531262 0.531262 0.531262 0.531262
 0.18031 0.360619 0.360619 0.360619 0.360619
 0.201757 0.403515 0.403515 0.403515 0.403515
 0.114124 0.228248 0.228248 0.228248 0.228248
 0.133759 0.267519 0.267519 0.267519 0.267519
 0.122047 0.244094 0.244094 0.244094 0.244094
 0.113466 0.226932 0.226932 0.226932 0.226932
 0.130071 0.260142 0.260142 0.260142 0.260142
 0.0900168 0.180034 0.180034 0.180034 0.180034
 0.0708867 0.141773 0.141773 0.141773 0.141773
 0.135213 0.270427 0.270427 0.270427 0.270427
 0.279691 0.559381 0.559381 0.559381 0.559381
nmprior
 8.19 8.8 8.5 0
nm_flota  nm_reclas  nm_pelaces    nm_pelaL
inf 4.77246 4.99319 8.08893
cv_recla  cv_pelaces  cv_mph
0.6057 0.853027 1.52339
 ------------------------------------------------
Talla a la edad & desviaci?n 
 8 13.2811 15.8009 17.003 17.5766
 0.8 1.32811 1.58009 1.7003 1.75766
