years
 1991 1992 1993 1994 1995 1996 1997 1998 1999 2000 2001 2002 2003 2004 2005 2006 2007 2008 2009 2010 2011 2012 2013 2014 2015 2016 2017 2018 2019 2020 2021
reclasobs
 0 0 0 0 0 0 0 0 0 252601 567819 844713 477998 351125 339783 2.1784e+06 2.13404e+06 4.81314e+06 1.55562e+06 2.62356e+06 3.21686e+06 3.843e+06 1.13348e+06 3.07943e+06 1.97215e+06 2.03268e+06 2.025e+06 2.42433e+06 2.27542e+06 1.05018e+06 2.36338e+06
reclaspred
 3.18149e+06 1.72802e+06 876036 898353 912005 1.63956e+06 896918 762123 534378 353690 502509 695873 684563 498292 482633 1.37645e+06 1.19958e+06 3.19084e+06 2.52359e+06 1.79877e+06 3.1279e+06 2.55504e+06 1.90419e+06 3.07186e+06 2.2518e+06 1.97025e+06 2.4017e+06 2.62652e+06 2.06403e+06 1.22188e+06 1.88331e+06
pelacesobs
 0 0 0 0 0 0 0 0 0 0 0 0 0 0 0 552880 188675 0 991730 2.46772e+06 1.41603e+06 1.21717e+06 2.29649e+06 1.80582e+06 0 1.4828e+06 1.56532e+06 1.57751e+06 1.42118e+06 867257 1.10002e+06
pelacespred
 1.89011e+06 1.11454e+06 545191 433265 491134 884749 442326 497364 315543 186596 283088 327120 359121 259630 257329 614874 592527 1.73259e+06 1.44562e+06 948101 1.62382e+06 1.3929e+06 1.11133e+06 1.88545e+06 1.3804e+06 1.21878e+06 1.62357e+06 1.74882e+06 1.2239e+06 803958 1.12409e+06
mphobs
 0 0 0 0 0 0 0 0 0 0 0 498337 0 5186 125008 0 168611 109162 213762 579715 649985 157893 87575 83554 0 0 0 0 0 0 0
mphpred
 488792 328004 156049 86943.2 94369.3 114902 162551 84091 75502.1 45908.5 27643.2 61175.7 66016.9 53540.4 31585.3 40029.5 153683 133158 319547 221290 228483 283255 270291 211284 312600 253688 205224 225222 327721 209371 120123
desembarqueobs
 494567 514787 250237 358949 120608 361735 552515 73892 212993 205616 52469 317467 293654 387597 252695 516296 358380 742168 942051 627588 828172 859565 418607 520667 417249 300574 407403 355545 319650 289779 391294
desembarquepred
 494568 513919 250622 358985 120614 361738 552520 73897.5 213054 205671 52471.8 317521 293678 387547 252660 516209 358410 741992 941703 627329 828252 859521 418603 520689 417231 300568 407392 355513 319627 289779 391293
Reclutas
 166201 91304.2 92035.9 134882 109488 208041 79180.7 32799.3 32787 44435.3 82747.9 123521 103304 72222 64768.8 349953 68894.1 570003 319223 249010 346080 476573 90472.3 272348 227533 100223 226761 255610 75272.3 53939.2 206310
log_desv_Rt
 0.240954 -0.358048 -0.350065 0.0321581 -0.176432 0.465491 -0.500512 -1.38184 -1.38221 -1.07821 -0.456446 -0.0558336 -0.234566 -0.5925 -0.701421 0.985553 -0.639674 1.4734 0.893644 0.645247 0.974425 1.29438 -0.367201 0.734836 0.55505 -0.264849 0.551652 0.671408 -0.551133 -0.884388 0.457136
SSB
 1.82189e+06 1.22258e+06 581644 324066 351745 428278 605881 313435 281421 171116 103035 228022 246066 199562 117729 149203 572828 496323 1.19106e+06 824821 851629 1.05578e+06 1.00746e+06 787524 1.16516e+06 945580 764936 839477 1.22152e+06 780392 447736
BT
 2.6165e+06 1.79947e+06 876629 838865 700527 1.44857e+06 1.02108e+06 681877 600233 430961 414202 683397 724748 738450 593081 1.24499e+06 1.00381e+06 2.95948e+06 2.71294e+06 1.72869e+06 2.76644e+06 2.54183e+06 1.70659e+06 2.92903e+06 2.06832e+06 1.75304e+06 2.50434e+06 2.60705e+06 1.7109e+06 1.23232e+06 1.83596e+06
Ftot
 0.229565 0.424157 0.417268 0.637595 0.212251 0.374394 0.869378 0.153057 0.616977 0.887371 0.189731 0.739084 0.689721 1.21204 0.898438 0.690789 0.450947 0.419743 0.584682 0.553737 0.436433 0.547232 0.32936 0.292756 0.290518 0.235498 0.288873 0.235123 0.224998 0.348724 0.365754
BD_Bspro_t
 0.964098 0.759656 0.543004 0.442385 0.435283 0.534503 0.542405 0.342113 0.395997 0.328643 0.282922 0.551127 0.431117 0.336538 0.222916 0.268803 0.465548 0.418243 0.564028 0.443662 0.406043 0.455554 0.472597 0.450763 0.57988 0.587201 0.592084 0.64384 0.709443 0.612866 0.514424
BD_Bspro
 1.95143 1.30951 0.623001 0.347108 0.376755 0.45873 0.648961 0.335721 0.30143 0.183283 0.110361 0.244235 0.263562 0.213752 0.126099 0.159812 0.613558 0.531612 1.27574 0.883467 0.912182 1.13085 1.0791 0.843518 1.24801 1.01281 0.819324 0.899165 1.30838 0.83588 0.479571
BD_Bo
 1.27831 0.857813 0.408107 0.227378 0.246799 0.300498 0.425112 0.219919 0.197457 0.120062 0.072294 0.15999 0.172651 0.140021 0.0826034 0.104687 0.401921 0.348241 0.835695 0.578729 0.597539 0.740783 0.706878 0.55256 0.817527 0.663459 0.536711 0.589013 0.857072 0.547556 0.314151
BD_Brms
 2.32421 1.55966 0.742012 0.413415 0.448726 0.54636 0.772931 0.399853 0.359012 0.218295 0.131444 0.290891 0.31391 0.254585 0.150188 0.19034 0.730765 0.633166 1.51945 1.05224 1.08644 1.34688 1.28523 1.00465 1.48641 1.20629 0.975839 1.07093 1.55831 0.995557 0.571183
Sel_flota
 0.678154 0.97563 0.998687 0.999931 0.999996
 0.678154 0.97563 0.998687 0.999931 0.999996
 0.678154 0.97563 0.998687 0.999931 0.999996
 0.678154 0.97563 0.998687 0.999931 0.999996
 0.678154 0.97563 0.998687 0.999931 0.999996
 0.678154 0.97563 0.998687 0.999931 0.999996
 0.678154 0.97563 0.998687 0.999931 0.999996
 0.678154 0.97563 0.998687 0.999931 0.999996
 0.678154 0.97563 0.998687 0.999931 0.999996
 0.678154 0.97563 0.998687 0.999931 0.999996
 0.678154 0.97563 0.998687 0.999931 0.999996
 0.678154 0.97563 0.998687 0.999931 0.999996
 0.678154 0.97563 0.998687 0.999931 0.999996
 0.678154 0.97563 0.998687 0.999931 0.999996
 0.678154 0.97563 0.998687 0.999931 0.999996
 0.678154 0.97563 0.998687 0.999931 0.999996
 0.678154 0.97563 0.998687 0.999931 0.999996
 0.678154 0.97563 0.998687 0.999931 0.999996
 0.678154 0.97563 0.998687 0.999931 0.999996
 0.678154 0.97563 0.998687 0.999931 0.999996
 0.678154 0.97563 0.998687 0.999931 0.999996
 0.678154 0.97563 0.998687 0.999931 0.999996
 0.678154 0.97563 0.998687 0.999931 0.999996
 0.678154 0.97563 0.998687 0.999931 0.999996
 0.678154 0.97563 0.998687 0.999931 0.999996
 0.678154 0.97563 0.998687 0.999931 0.999996
 0.678154 0.97563 0.998687 0.999931 0.999996
 0.678154 0.97563 0.998687 0.999931 0.999996
 0.678154 0.97563 0.998687 0.999931 0.999996
 0.678154 0.97563 0.998687 0.999931 0.999996
 0.678154 0.97563 0.998687 0.999931 0.999996
Sel_reclas
 1 1 1 1 1
 1 1 1 1 1
 1 1 1 1 1
 1 1 1 1 1
 1 1 1 1 1
 1 1 1 1 1
 1 1 1 1 1
 1 1 1 1 1
 1 1 1 1 1
 1 1 1 1 1
 1 1 1 1 1
 1 1 1 1 1
 1 1 1 1 1
 1 1 1 1 1
 1 1 1 1 1
 1 1 1 1 1
 1 1 1 1 1
 1 1 1 1 1
 1 1 1 1 1
 1 1 1 1 1
 1 1 1 1 1
 1 1 1 1 1
 1 1 1 1 1
 1 1 1 1 1
 1 1 1 1 1
 1 1 1 1 1
 1 1 1 1 1
 1 1 1 1 1
 1 1 1 1 1
 1 1 1 1 1
 1 1 1 1 1
Sel_pelaces
 0.80538 0.954183 0.990549 0.998108 0.999623
 0.80538 0.954183 0.990549 0.998108 0.999623
 0.80538 0.954183 0.990549 0.998108 0.999623
 0.80538 0.954183 0.990549 0.998108 0.999623
 0.80538 0.954183 0.990549 0.998108 0.999623
 0.80538 0.954183 0.990549 0.998108 0.999623
 0.80538 0.954183 0.990549 0.998108 0.999623
 0.80538 0.954183 0.990549 0.998108 0.999623
 0.80538 0.954183 0.990549 0.998108 0.999623
 0.80538 0.954183 0.990549 0.998108 0.999623
 0.80538 0.954183 0.990549 0.998108 0.999623
 0.80538 0.954183 0.990549 0.998108 0.999623
 0.80538 0.954183 0.990549 0.998108 0.999623
 0.80538 0.954183 0.990549 0.998108 0.999623
 0.80538 0.954183 0.990549 0.998108 0.999623
 0.80538 0.954183 0.990549 0.998108 0.999623
 0.80538 0.954183 0.990549 0.998108 0.999623
 0.80538 0.954183 0.990549 0.998108 0.999623
 0.80538 0.954183 0.990549 0.998108 0.999623
 0.80538 0.954183 0.990549 0.998108 0.999623
 0.80538 0.954183 0.990549 0.998108 0.999623
 0.80538 0.954183 0.990549 0.998108 0.999623
 0.80538 0.954183 0.990549 0.998108 0.999623
 0.80538 0.954183 0.990549 0.998108 0.999623
 0.80538 0.954183 0.990549 0.998108 0.999623
 0.80538 0.954183 0.990549 0.998108 0.999623
 0.80538 0.954183 0.990549 0.998108 0.999623
 0.80538 0.954183 0.990549 0.998108 0.999623
 0.80538 0.954183 0.990549 0.998108 0.999623
 0.80538 0.954183 0.990549 0.998108 0.999623
 0.80538 0.954183 0.990549 0.998108 0.999623
pf_obs 
 0.8446 0.082 0.0669 0.0065 0
 0.8095 0.147 0.0364 0.0071 0
 0.9664 0.0169 0.016 0.0007 0
 0.9276 0.0648 0.0075 0.0001 0
 0.7033 0.2144 0.0806 0.0017 0
 0.9318 0.0425 0.0243 0.0014 0
 0.5671 0.3108 0.0964 0.0239 0.0018
 0.0768 0.2599 0.5324 0.112 0.0189
 0.490249 0.384438 0.106611 0.0170017 0.00170017
 0.7925 0.1577 0.0466 0.003 0.0002
 0.840416 0.127587 0.0312969 0.00059994 9.999e-05
 0.8084 0.0986 0.0794 0.0134 0.0002
 0.7335 0.1905 0.0724 0.0035 0.0001
 0.4001 0.4547 0.1325 0.0127 0
 0.49795 0.308269 0.164784 0.0264974 0.00249975
 0.9179 0.0499 0.0305 0.0017 0
 0.2467 0.6533 0.0926 0.0074 0
 0.9418 0.0223 0.034 0.0019 0
 0.707729 0.231977 0.0356964 0.0245975 0
 0.517169 0.277429 0.184464 0.0207286 0.00020938
 0.811772 0.124168 0.05621 0.00726502 0.000585176
 0.764997 0.148141 0.077277 0.00933861 0.000247198
 0.163321 0.427699 0.378323 0.0303852 0.000271297
 0.753843 0.0900009 0.118128 0.0371064 0.000921714
 0.721811 0.176058 0.0630433 0.0369309 0.00215725
 0.143369 0.312575 0.442814 0.0836902 0.0175525
 0.692698 0.0596174 0.167031 0.0765114 0.00414204
 0.394062 0.376323 0.152708 0.0712218 0.00568511
 0.125707 0.32114 0.495352 0.0537591 0.00404204
 0.23352 0.215282 0.420074 0.123614 0.00750983
 0.774587 0.0839891 0.0768558 0.0609784 0.00358967
pf_pred 
 0.492572 0.144378 0.339073 0.0239763 8.94771e-07
 0.430085 0.33755 0.067331 0.154148 0.0108856
 0.589071 0.220981 0.113848 0.0220751 0.0540256
 0.731127 0.185214 0.0455896 0.0228318 0.0152378
 0.663467 0.273655 0.0437458 0.0104341 0.00869802
 0.763107 0.176158 0.0496223 0.00773492 0.00337818
 0.458319 0.45007 0.0686102 0.0187977 0.00420348
 0.457048 0.31788 0.188121 0.0276872 0.00926435
 0.553742 0.246529 0.118129 0.0682172 0.0133818
 0.740462 0.172939 0.0485276 0.0225331 0.0155386
 0.844731 0.128547 0.0180204 0.00488046 0.00382147
 0.755705 0.217123 0.0225935 0.00308892 0.00148957
 0.701521 0.24906 0.0440838 0.00443711 0.000897535
 0.65405 0.274042 0.0603255 0.0103342 0.00124836
 0.766652 0.180559 0.0421732 0.00890877 0.0017067
 0.945 0.046607 0.00654689 0.00147528 0.000370627
 0.376662 0.601626 0.0184905 0.00251449 0.000707725
 0.914648 0.0410399 0.0428107 0.0012785 0.00022245
 0.586331 0.39013 0.0114851 0.0116461 0.000407691
 0.617133 0.264452 0.111876 0.0031936 0.00334618
 0.742648 0.184677 0.0506665 0.0207949 0.00121356
 0.75245 0.202102 0.0328797 0.00876659 0.00380219
 0.308773 0.571301 0.0984532 0.0155416 0.00593132
 0.747245 0.10149 0.125604 0.0210718 0.00458913
 0.619455 0.310847 0.0284324 0.0342735 0.00699211
 0.42472 0.407406 0.137803 0.0122776 0.017794
 0.730488 0.140739 0.0918773 0.0302942 0.00660154
 0.681455 0.255728 0.0332205 0.0211251 0.00847134
 0.337392 0.50323 0.128603 0.0162859 0.0144892
 0.413541 0.251668 0.255822 0.0637374 0.0152314
 0.83198 0.0870594 0.0352898 0.0349103 0.0107605
pobs_RECLAS
 0 0 0 0 0
 0 0 0 0 0
 0 0 0 0 0
 0 0 0 0 0
 0 0 0 0 0
 0 0 0 0 0
 0 0 0 0 0
 0 0 0 0 0
 0 0 0 0 0
 0 0 0 0 0
 0.991045 0.00858322 0.000360255 1.14367e-05 0
 0.934742 0.0480273 0.0164251 0.00080598 0
 0.827803 0.169806 0.00239088 0 0
 0.941827 0.0461693 0.0120037 0 0
 0.791401 0.0380133 0.147996 0.0225897 0
 0.846168 0.0940531 0.0597789 0 0
 0.134021 0.677848 0.182769 0.00536245 0
 0.80878 0.0450904 0.141981 0.00414843 0
 0.846168 0.0940531 0.0597789 0 0
 0.905697 0.0802665 0.012482 0.00150086 5.37128e-05
 0.989698 0.0102097 9.19794e-05 0 0
 0.975433 0.0193895 0.00387452 0.00125025 5.28907e-05
 0.303575 0.632131 0.0575291 0.00676475 0
 0.966965 0.00978017 0.0227588 0.000495775 0
 0.843318 0.132988 0.00938335 0.0141283 0.000182051
 0.564624 0.303363 0.111486 0.0197234 0.00080311
 0.826376 0.0876187 0.0782897 0.00655872 0.00115652
 0.89761 0.0855135 0.0140674 0.00269457 0.000114338
 0.34875 0.467042 0.161289 0.0227151 0.000203297
 0.318654 0.224769 0.449479 0.00709798 0
 0.937255 0.0296025 0.0250945 0.00804832 0
ppred_RECLAS
 0.588484 0.119106 0.273121 0.0192882 7.19766e-07
 0.526544 0.283317 0.0551467 0.126089 0.0089035
 0.678922 0.174656 0.0878078 0.0170037 0.0416113
 0.801435 0.137879 0.0330913 0.0165502 0.0110447
 0.741355 0.211265 0.0329767 0.00785551 0.00654802
 0.825139 0.130844 0.0359723 0.00559995 0.00244558
 0.558823 0.368201 0.054673 0.0149582 0.00334466
 0.551195 0.265357 0.153362 0.022543 0.00754255
 0.648674 0.196319 0.09173 0.0529011 0.0103766
 0.811129 0.12698 0.0347037 0.0160915 0.0110957
 0.887656 0.0933939 0.0127848 0.00345811 0.00270758
 0.821148 0.159412 0.0161674 0.00220733 0.00106437
 0.776999 0.186862 0.0322424 0.00324084 0.000655507
 0.743243 0.204577 0.0437861 0.00748964 0.000904662
 0.831482 0.131178 0.0298397 0.00629452 0.00120578
 0.962215 0.0321444 0.00440167 0.00099053 0.000248827
 0.468966 0.512973 0.0153832 0.0020892 0.000587982
 0.940572 0.0289385 0.0294577 0.000878579 0.000152856
 0.675841 0.306156 0.00878995 0.00890121 0.00031158
 0.704352 0.20578 0.0849105 0.00242063 0.0025361
 0.809189 0.137885 0.0369128 0.0151302 0.000882914
 0.817436 0.149733 0.0237605 0.00632676 0.00274381
 0.394642 0.502432 0.084517 0.0133245 0.00508483
 0.813199 0.0760993 0.0919419 0.0154047 0.00335469
 0.703528 0.243265 0.0217219 0.0261508 0.00533465
 0.518511 0.343373 0.113401 0.0100906 0.0146234
 0.799161 0.106101 0.067619 0.0222671 0.00485199
 0.756901 0.196096 0.0248724 0.0157963 0.00633404
 0.425799 0.438602 0.109443 0.0138419 0.012314
 0.509784 0.213319 0.211649 0.0526637 0.0125843
 0.879415 0.063234 0.0250171 0.024716 0.00761779
pobs_PELACES
 0 0 0 0 0
 0 0 0 0 0
 0 0 0 0 0
 0 0 0 0 0
 0 0 0 0 0
 0 0 0 0 0
 0 0 0 0 0
 0 0 0 0 0
 0 0 0 0 0
 0 0 0 0 0
 0 0 0 0 0
 0 0 0 0 0
 0 0 0 0 0
 0 0 0 0 0
 0 0 0 0 0
 0 0 0 0 0
 0.505614 0.472636 0.0217494 0 0
 0 0 0 0 0
 0.443492 0.261883 0.143347 0.151278 0
 0.227955 0.32914 0.350689 0.0885471 0.00366901
 0.970185 0.0296113 0.000203453 0 0
 0.997202 0.00247181 0.000326279 0 0
 0.445219 0.490057 0.0546422 0.010081 0
 0.90214 0.0892962 0.00764917 0.000914606 0
 0 0 0 0 0
 0.581667 0.319106 0.0959925 0.00289975 0.000334073
 0.762889 0.0836404 0.116647 0.0363945 0.000428098
 0.88444 0.0763242 0.0277011 0.0115352 0
 0.521256 0.241999 0.230069 0.00667565 0
 0.616807 0.101726 0.260614 0.0208532 0
 0.833518 0.0704572 0.0857862 0.0102388 0
ppred_PELACES
 0.546087 0.128028 0.304236 0.0216475 8.0903e-07
 0.490579 0.299982 0.0604205 0.139177 0.00984251
 0.646319 0.189083 0.098371 0.0191913 0.0470357
 0.781963 0.149714 0.0371208 0.0187022 0.0124996
 0.710372 0.234892 0.0380007 0.00912058 0.00761404
 0.8037 0.145542 0.0414202 0.00649625 0.00284129
 0.536612 0.384625 0.0588975 0.0162312 0.00363473
 0.508866 0.285914 0.17134 0.0253763 0.00850339
 0.619701 0.209144 0.100972 0.0586603 0.0115236
 0.796348 0.135378 0.0381505 0.0178182 0.0123048
 0.87096 0.106565 0.015122 0.00412116 0.00323161
 0.805888 0.172384 0.0180475 0.00248206 0.00119864
 0.757865 0.201799 0.0359575 0.00364081 0.000737515
 0.732295 0.212016 0.0466754 0.00804078 0.000972683
 0.81871 0.140108 0.0328605 0.00698206 0.00133949
 0.958132 0.0354355 0.00501086 0.0011359 0.000285774
 0.437631 0.542583 0.0168335 0.00230317 0.000649181
 0.931856 0.0325964 0.0343359 0.00103171 0.000179768
 0.650333 0.329563 0.00977898 0.00997593 0.000349725
 0.67756 0.222119 0.0947451 0.00272098 0.00285508
 0.78715 0.152247 0.0421707 0.0174141 0.00101773
 0.798474 0.16422 0.0269401 0.00722652 0.00313874
 0.360933 0.527095 0.0918147 0.0145835 0.00557369
 0.787236 0.0848083 0.106132 0.0179158 0.00390744
 0.671698 0.267434 0.0247354 0.0300025 0.00612963
 0.479229 0.367402 0.125736 0.0112725 0.0163609
 0.772423 0.118101 0.077964 0.0258666 0.00564484
 0.72742 0.218184 0.0286772 0.01835 0.00736914
 0.388078 0.463259 0.119796 0.0152655 0.0136011
 0.470784 0.225543 0.23169 0.0580821 0.0139
 0.862298 0.0708683 0.0290251 0.0288903 0.0089178
pobs_pel_tallas
 0 0 0 0 0 0 0 0 0 0 0 0 0 0 0 0 0 0 0 0 0 0 0 0 0 0
 0 0 0 0 0 0 0 0 0 0 0 0 0 0 0 0 0 0 0 0 0 0 0 0 0 0
 0 0 0 0 0 0 0 0 0 0 0 0 0 0 0 0 0 0 0 0 0 0 0 0 0 0
 0 0 0 0 0 0 0 0 0 0 0 0 0 0 0 0 0 0 0 0 0 0 0 0 0 0
 0 0 0 0 0 0 0 0 0 0 0 0 0 0 0 0 0 0 0 0 0 0 0 0 0 0
 0 0 0 0 0 0 0 0 0 0 0 0 0 0 0 0 0 0 0 0 0 0 0 0 0 0
 0 0 0 0 0 0 0 0 0 0 0 0 0 0 0 0 0 0 0 0 0 0 0 0 0 0
 0 0 0 0 0 0 0 0 0 0 0 0 0 0 0 0 0 0 0 0 0 0 0 0 0 0
 0 0 0 0 0 0 0 0 0 0 0 0 0 0 0 0 0 0 0 0 0 0 0 0 0 0
 0 0 0 0 0 0 0 0 0 0 0 0 0 0 0 0 0 0 0 0 0 0 0 0 0 0
 0 0 0 0 0 0 0 0 0 0 0 0 0 0 0 0 0 0 0 0 0 0 0 0 0 0
 0 0 0 0 0 0 0 0 0 0 0 0 0 0 0 0 0 0 0 0 0 0 0 0 0 0
 0.00862536 0 0 0.000197151 0.00414017 0.0128641 0.00837892 0.0270097 0.101434 0.158115 0.152841 0.127902 0.109271 0.109419 0.0830992 0.0579132 0.0238553 0.00714673 0.00463305 0.00128148 0.00103504 0.000492878 0.000147863 0.000147863 4.92878e-05 0
 0 0 0 0 0 0 0 0 0 0 0 0 0 0 0 0 0 0 0 0 0 0 0 0 0 0
 0 0 0 0 0 0 0 0.0054083 0.00873648 0.0413646 0.0450493 0.0745869 0.0622846 0.0627006 0.0613931 0.0827291 0.12552 0.122667 0.0946155 0.0697135 0.0546179 0.0294188 0.0215738 0.0213955 0.0102223 0.00600262
 0 0 0 0 0.00359764 0.0251062 0.0480494 0.140153 0.205849 0.193036 0.1447 0.116669 0.0760912 0.0342217 0.00950174 0.001854 0.000860785 0 0 0 0.000165536 0 0.000143464 0 0 0
 0 0 0 0 0 0 0 0.000145254 0.000435761 0.0275982 0.070085 0.0708112 0.156366 0.174668 0.174014 0.160142 0.0824315 0.0480064 0.0283245 0.00493863 0.00203355 0 0 0 0 0
 0 0 0 0 0 0 0 0 0 0 0 0 0 0 0 0 0 0 0 0 0 0 0 0 0 0
 0 0 1.00437e-05 0.000401748 0.00122533 0.00171747 0.00176769 0.0269171 0.070346 0.194647 0.189555 0.159765 0.064822 0.0314167 0.0384472 0.0292271 0.0345202 0.0313363 0.0194345 0.0106764 0.0143323 0.0359363 0.0279516 0.0138201 0.00172751 0
 0 0.0021121 0.0136068 0.0755702 0.200478 0.177729 0.0527432 0.0373336 0.0318909 0.0142505 0.0149659 0.0166563 0.0217959 0.0798694 0.0677717 0.0528807 0.04013 0.0224614 0.0357745 0.0225083 0.00881397 0.00855152 0.00135912 0.000746735 0 0
 0 0 0 0 5.4009e-05 0.00500934 0.000945158 0.0243581 0.138947 0.33067 0.221406 0.137944 0.0707744 0.0437923 0.0131692 0.00525238 0.0047753 0.00276346 9.45158e-05 9.00151e-06 2.25038e-05 9.00151e-06 4.50075e-06 0 0 0
 0.000866109 0.00284123 0.00948549 0.0512746 0.133035 0.25785 0.225252 0.132002 0.0553304 0.0519788 0.0540692 0.017754 0.00435017 0.00159236 0.00146478 0.000404838 0.000125132 0.000115318 0.000107957 0.000100596 0 0 0 0 0 0
 0 0 0 0 0.00144013 0.00171154 0.00461396 0.0210425 0.0478622 0.0707936 0.0888783 0.103762 0.0637923 0.0337046 0.0602308 0.124433 0.169614 0.0934646 0.0462172 0.0250306 0.0313229 0.00938855 0.002487 0.000210481 0 0
 0 0.00764035 0.051015 0.0998891 0.058973 0.0496711 0.0374665 0.0718981 0.12319 0.153886 0.159021 0.0857701 0.0377988 0.023471 0.0147837 0.00900784 0.00315554 0.000888139 0.00291439 0.00214683 0.00393193 0.00274676 0.000635225 9.99891e-05 0 0
 0 0 0 0 0 0 0 0 0 0 0 0 0 0 0 0 0 0 0 0 0 0 0 0 0 0
 0 0 0 0 0 0 0 0 0 0 0 0 0 0 0 0 0 0 0 0 0 0 0 0 0 0
 0 0 0 0 0 0 0 0 0 0 0 0 0 0 0 0 0 0 0 0 0 0 0 0 0 0
 0 0 0 0 0 0 0 0 0 0 0 0 0 0 0 0 0 0 0 0 0 0 0 0 0 0
 0 0 0 0 0 0 0 0 0 0 0 0 0 0 0 0 0 0 0 0 0 0 0 0 0 0
 0 0 0 0 0 0 0 0 0 0 0 0 0 0 0 0 0 0 0 0 0 0 0 0 0 0
 0 0 0 0 0 0 0 0 0 0 0 0 0 0 0 0 0 0 0 0 0 0 0 0 0 0
ppred_pel_tallas
 1.10984e-16 4.49805e-05 0.000437227 0.00290552 0.0132081 0.0410954 0.0875585 0.127797 0.12781 0.0876212 0.0413072 0.0138255 0.00447683 0.00393833 0.0069017 0.0118786 0.0183616 0.0256958 0.0331464 0.0402201 0.0466804 0.0521706 0.0558624 0.056605 0.0535697 0.0468823
 1.17444e-16 4.04084e-05 0.000392784 0.00261019 0.0118656 0.0369183 0.0786594 0.114812 0.114841 0.0788011 0.0373943 0.0132414 0.00606824 0.00795694 0.0144532 0.0239612 0.0348424 0.0445636 0.0506299 0.0520478 0.0499659 0.046855 0.0448538 0.0445615 0.0450242 0.0446403
 1.12772e-16 5.32365e-05 0.000517478 0.00343882 0.0156324 0.0486383 0.10363 0.151254 0.151273 0.103719 0.0489399 0.0165052 0.0056358 0.00533427 0.0092629 0.0153929 0.0225584 0.0292022 0.0337794 0.0356161 0.0352837 0.0341068 0.0332089 0.0328675 0.0325753 0.0315742
 1.05101e-16 6.44093e-05 0.000626081 0.00416053 0.0189132 0.058846 0.125378 0.182996 0.183011 0.125449 0.0590834 0.0195993 0.00588454 0.00439516 0.00723925 0.0119108 0.01726 0.0219409 0.024634 0.0247538 0.0227928 0.0199596 0.0174049 0.0156436 0.0145149 0.0135391
 1.0336e-16 5.85125e-05 0.000568762 0.00377962 0.0171816 0.0534586 0.1139 0.166245 0.166268 0.114011 0.0538302 0.0182552 0.00647475 0.00645377 0.0112398 0.0185014 0.0266758 0.0336092 0.037147 0.0362987 0.0318218 0.0256908 0.0198969 0.0155146 0.0125749 0.0105446
 1.02365e-16 6.61998e-05 0.000643485 0.00427619 0.0194389 0.0604818 0.128863 0.188083 0.188097 0.128932 0.0607126 0.0201061 0.00595246 0.00430808 0.00704138 0.0115763 0.0167635 0.021276 0.0238014 0.0237249 0.0214705 0.0181682 0.014932 0.012324 0.0103223 0.00863851
 1.04041e-16 4.42001e-05 0.000429641 0.00285511 0.012979 0.0403826 0.0860407 0.125587 0.125624 0.0862219 0.0409909 0.0147363 0.0072667 0.0100615 0.0183409 0.030262 0.0436142 0.0548987 0.0605727 0.0589975 0.051401 0.041017 0.0311253 0.0235245 0.0183215 0.014706
 1.09002e-16 4.19147e-05 0.000407426 0.00270749 0.0123079 0.0382945 0.0815915 0.119091 0.119119 0.0817273 0.038751 0.013629 0.00603387 0.00770235 0.0139943 0.0233249 0.0341929 0.0442444 0.0510669 0.053493 0.0521719 0.0488773 0.0451711 0.0415535 0.0376302 0.0328756
 1.10801e-16 5.1044e-05 0.000496166 0.0032972 0.0149886 0.0466352 0.0993619 0.145026 0.145046 0.0994611 0.0469686 0.0159535 0.00572576 0.00581977 0.0102271 0.0170008 0.0249002 0.0322015 0.0371867 0.0390968 0.038543 0.0369576 0.0355414 0.0345653 0.0334684 0.0314803
 1.05005e-16 6.55942e-05 0.000637599 0.00423707 0.0192611 0.0599285 0.127685 0.186362 0.186375 0.127748 0.0601434 0.0198821 0.00579777 0.00405088 0.00656677 0.0108025 0.0156756 0.0199736 0.0225131 0.0227691 0.0211801 0.018818 0.0166906 0.0152285 0.014261 0.013347
 1.01424e-16 7.17399e-05 0.000697337 0.00463405 0.0210657 0.0655434 0.139647 0.203822 0.203832 0.139698 0.0657119 0.0215525 0.00585599 0.00336502 0.00513869 0.00838329 0.0120735 0.0151919 0.0167547 0.0163119 0.0142115 0.0113593 0.00867299 0.00665304 0.00532064 0.00443233
 1.01017e-16 6.638e-05 0.000645237 0.00428783 0.0194918 0.0606465 0.129214 0.188596 0.188612 0.129295 0.0609188 0.0202784 0.0062616 0.00495217 0.0082406 0.0135039 0.0194123 0.0243385 0.02667 0.0256604 0.0218709 0.0167915 0.0119596 0.00825794 0.00579526 0.00423283
 1.0158e-16 6.24244e-05 0.000606788 0.00403232 0.0183303 0.0570326 0.121515 0.177358 0.177378 0.12161 0.0573519 0.0192528 0.0063482 0.00566387 0.00967101 0.0159001 0.0229226 0.0288728 0.031886 0.0310898 0.0271055 0.0216019 0.0162789 0.0120812 0.00909567 0.00695263
 1.02373e-16 6.03182e-05 0.000586314 0.00389627 0.0177119 0.0551083 0.117415 0.171375 0.171395 0.117515 0.0554441 0.0186821 0.00633298 0.00590977 0.0101824 0.016769 0.024222 0.0306073 0.0339872 0.0334552 0.0296507 0.0242827 0.0190677 0.0149224 0.0118817 0.00954001
 1.01912e-16 6.74361e-05 0.000655502 0.00435605 0.019802 0.0616113 0.13127 0.191595 0.191609 0.131336 0.0618333 0.0204434 0.00596723 0.00417609 0.00676351 0.0111004 0.0160439 0.0203003 0.0225949 0.0223337 0.0199389 0.0165312 0.0132274 0.01061 0.00867984 0.00715386
 1.00317e-16 7.89201e-05 0.000767131 0.00509786 0.0231741 0.0721033 0.153624 0.224219 0.224223 0.153641 0.0721593 0.023336 0.00550411 0.00165398 0.00176319 0.00278991 0.00401103 0.00504311 0.00555385 0.00539116 0.00466842 0.00368552 0.00274831 0.00202705 0.0015357 0.00120197
 1.00966e-16 3.60472e-05 0.000350391 0.00232848 0.0105849 0.032934 0.0701713 0.102428 0.10248 0.0704263 0.0337899 0.0130559 0.00852606 0.0138637 0.0256528 0.0422278 0.0605345 0.0755065 0.0820046 0.0776586 0.0643115 0.0468488 0.0303873 0.0179789 0.0101329 0.00578061
 1.01134e-16 7.67558e-05 0.000746093 0.00495805 0.0225386 0.0701259 0.149411 0.21807 0.218073 0.149426 0.0701784 0.0226908 0.00534234 0.00159222 0.00170478 0.00275157 0.00408299 0.00539658 0.00642989 0.00704497 0.007276 0.00724916 0.00704961 0.00666057 0.00601723 0.00510661
 1.01427e-16 5.35671e-05 0.000520691 0.00346018 0.0157295 0.0489405 0.104274 0.152198 0.152229 0.104429 0.0494604 0.0172305 0.0072252 0.00873057 0.0156187 0.0256659 0.0368039 0.0459405 0.0499675 0.0474632 0.0395619 0.029234 0.0195682 0.0123738 0.00789687 0.0054247
 1.03548e-16 5.58098e-05 0.000542491 0.00360504 0.016388 0.0509893 0.108639 0.158566 0.158588 0.108744 0.0513426 0.0174095 0.00617376 0.00616509 0.010778 0.0178436 0.0259615 0.0331885 0.037555 0.0381067 0.0354007 0.0310002 0.0264152 0.0223638 0.018793 0.0153851
 1.03175e-16 6.48365e-05 0.000630234 0.00418813 0.0190386 0.0592363 0.12621 0.18421 0.184225 0.126282 0.0594779 0.0197367 0.0059421 0.00446516 0.0073658 0.0121214 0.0175656 0.0223239 0.0250384 0.025084 0.0229194 0.0197297 0.0166607 0.0142548 0.0124246 0.0108053
 1.02076e-16 6.57693e-05 0.000639301 0.00424838 0.0193125 0.0600886 0.128026 0.18686 0.186876 0.128103 0.0603484 0.0200631 0.00613271 0.00475394 0.00788355 0.0129378 0.018652 0.0234999 0.025972 0.0253728 0.0222269 0.0179088 0.0138061 0.01067 0.00852874 0.00702338
 1.05191e-16 2.97297e-05 0.000288983 0.0019204 0.00872987 0.0271621 0.0578737 0.084479 0.0845298 0.0581221 0.0279962 0.0111392 0.00796937 0.0134979 0.0251274 0.0415234 0.0598812 0.075441 0.0833528 0.0813567 0.0710984 0.0569543 0.0433652 0.0327717 0.0253447 0.0200449
 1.05543e-16 6.48436e-05 0.000630303 0.00418859 0.0190407 0.0592427 0.126223 0.184228 0.184237 0.126264 0.05938 0.0194391 0.00519601 0.00285379 0.0043589 0.0072897 0.0109296 0.0146536 0.0178457 0.0201886 0.0217655 0.0228275 0.0234461 0.023385 0.0222943 0.0200272
 1.04829e-16 5.5327e-05 0.000537798 0.00357386 0.0162463 0.0505483 0.107699 0.157196 0.157222 0.107825 0.0509709 0.0174669 0.00663744 0.00722434 0.012751 0.0209853 0.0302128 0.0379802 0.0418397 0.0406985 0.0354881 0.0285464 0.0222131 0.0177192 0.0150174 0.0133455
 1.07622e-16 3.94735e-05 0.000383697 0.0025498 0.011591 0.0360642 0.07684 0.112158 0.112193 0.0770136 0.0366476 0.0132776 0.0067889 0.0096562 0.0177039 0.0293472 0.0426017 0.054261 0.0610567 0.061449 0.0564727 0.0488907 0.0413875 0.035259 0.0303726 0.0259951
 1.0583e-16 6.36235e-05 0.000618443 0.00410977 0.0186824 0.058128 0.123848 0.180763 0.180774 0.123905 0.058317 0.0192294 0.0054879 0.00364381 0.00585923 0.00971702 0.0143005 0.0186359 0.0217666 0.0232483 0.0233626 0.0228111 0.0221521 0.0214588 0.0204197 0.0186979
 1.03971e-16 5.99167e-05 0.000582411 0.00387033 0.017594 0.0547415 0.116633 0.170234 0.170255 0.116736 0.0550865 0.0185907 0.00637231 0.0060449 0.0104363 0.0171651 0.0247393 0.0311553 0.0344204 0.0336359 0.0295377 0.0239944 0.0188741 0.0151581 0.0128162 0.0112661
 1.07409e-16 3.19656e-05 0.000310717 0.00206483 0.00938643 0.0292049 0.0622258 0.0908297 0.0908745 0.0624444 0.0299393 0.0115086 0.00739584 0.011962 0.0221999 0.0367547 0.0531864 0.0673901 0.0751793 0.0745958 0.0670196 0.0561166 0.0455251 0.0371212 0.0308775 0.025855
 1.14921e-16 3.87779e-05 0.000376935 0.00250487 0.0113868 0.0354286 0.0754853 0.110178 0.1102 0.0755933 0.0357922 0.012441 0.0051672 0.00624213 0.0113347 0.0190884 0.0284584 0.0378153 0.0454803 0.0506364 0.0536493 0.0554483 0.0565308 0.0564952 0.0544429 0.0497858
 1.05263e-16 7.10264e-05 0.000690402 0.00458796 0.0208562 0.0648915 0.138258 0.201794 0.2018 0.138292 0.0650044 0.0211829 0.00541014 0.00249242 0.00351506 0.00575718 0.00842846 0.0109097 0.0126331 0.0133713 0.0133709 0.0131532 0.0131361 0.0133766 0.0135979 0.013419
pSPR Fmed_Fpbrs
0.504888   0.6 0.325
Fs Fmed_Fpbrs
0.419742   0.303003 0.751864
SSBpbr Bo_Bmed_Bpbrs
1.42523e+06  648319  783875 391937
Ro
130614
SPR SPRFo_SPRFmed_SPRFpbrs
933618 471373 303426
Fref
0.303003
Nvult_r0
 147085 11631 4634.43 4580.42 1411.77
CTP_r0
 29232 3058.87 1239.92 1226.59 378.076
YTP_r0
391293
Np
 163664 59225 4033.07 1588.88 1969.89
Nvult_p0
 114639 43013.4 2936.79 1157.15 1434.64
CTP_p0
 19541 9814.29 682.238 269.071 333.614
YTP_p0
 340385
CBA_c0
376021
log_Ro
11.6
likeval ReclasPelacesDesembMPH_pf_preclas_ppelaces_ptallas_desvR_qrecl_qpela
 12.2399 16.7918 0.0294195 0.000822224 241.682 116.986 99.6407 0 24.159 6.70976e-06 2.62596e-05 0.144425 3.51932e-16 0 0
q_reclas_q_pelaces
1.44348 2.07311
M
1
N
 166201 34806.6 80026.2 5652.37 0.210928
 91304.2 52327.3 10235.3 23408.3 1652.95
 92035.9 25192.7 12726.6 2465.11 6032.69
 134882 25513.5 6168.49 3086.31 2059.68
 109488 32201.6 5038.71 1200.45 1000.65
 208041 34878.6 9630.52 1499.57 654.892
 79180.7 59373 8904.92 2437.65 545.074
 32799.3 16153.9 9352.54 1374.88 460.017
 32787 10876.6 5118.36 2952.91 579.227
 44435.3 7937.73 2191.68 1016.81 701.147
 82747.9 8955.44 1228.61 332.36 260.227
 123521 26766 2737.8 373.962 180.328
 103304 27527.9 4787.75 481.447 97.3818
 72222 23806.1 5166.97 884.48 106.839
 64768.8 11679.1 2684.36 566.568 108.535
 349953 12955.8 1788.28 402.599 101.138
 68894.1 80587 2429.27 330.012 92.8795
 570003 18667 19094.1 569.632 99.1063
 319223 157747 4559.64 4619.04 161.689
 249010 78995 32804.2 935.504 980.15
 346080 62926.9 16930.9 6941.7 405.085
 476573 94698.7 15122.4 4028.04 1746.93
 90472.3 120967 20425.9 3220.9 1229.16
 272348 26620.7 32271.4 5407.98 1177.71
 227533 82150 7360.04 8862.32 1807.89
 100223 68736.4 22762.4 2025.73 2935.73
 226761 31427.8 20096 6618.84 1442.26
 255610 68579.7 8722.09 5540.18 2221.52
 75272.3 80174.3 20057.5 2537.16 2257.12
 53939.2 23772.5 23681.4 5893.81 1408.37
 206310 15664 6223.31 6149.82 1895.47
pred_Ctot
 15339.8 4496.24 10559.5 746.677 0.0278652
 14768.5 11591 2312.05 5293.23 373.796
 14672.2 5504.04 2835.65 549.83 1345.63
 30995.7 7852.05 1932.75 967.943 645.997
 9387.85 3872.14 618.99 147.64 123.074
 30103.3 6949.12 1957.51 305.129 133.263
 23376.6 22955.9 3499.48 958.782 214.399
 2061.52 1433.8 848.521 124.883 41.787
 7330.11 3263.41 1563.72 903.019 177.14
 13329.5 3113.18 873.575 405.633 279.72
 6381.87 971.16 136.143 36.8714 28.8709
 32049.4 9208.16 958.19 131.001 63.1727
 25334.4 8994.45 1592.02 160.24 32.4132
 27313.1 11444 2519.19 431.557 52.1313
 19616.6 4620.04 1079.1 227.952 43.6699
 85931.7 4238.12 595.328 134.152 33.7022
 11762.8 18788.2 577.443 78.5254 22.1016
 91346.9 4098.7 4275.55 127.685 22.2163
 68206.9 45383.3 1336.05 1354.77 47.426
 50801 21769.1 9209.37 262.89 275.45
 57409.5 14276.2 3916.71 1607.52 93.8125
 96249.5 25851.8 4205.8 1121.38 486.357
 11657.8 21569.7 3717.14 586.781 223.939
 31505.7 4279.05 5295.79 888.438 193.489
 26136.2 13115.3 1199.62 1446.07 295.013
 9473.83 9087.62 3073.85 273.864 396.913
 25911.6 4992.23 3259.04 1074.59 234.168
 24126.2 9053.77 1176.14 747.911 299.919
 6817.72 10168.8 2598.69 329.091 292.786
 7320.43 4454.98 4528.52 1128.27 269.624
 29232 3058.87 1239.92 1226.59 378.076
F
 0.15568 0.22397 0.229264 0.229549 0.229564
 0.287644 0.41382 0.4236 0.424128 0.424155
 0.282972 0.407099 0.41672 0.417239 0.417266
 0.432387 0.622057 0.636758 0.637551 0.637593
 0.143939 0.207078 0.211972 0.212236 0.21225
 0.253897 0.36527 0.373903 0.374368 0.374393
 0.589572 0.848191 0.868237 0.869318 0.869375
 0.103796 0.149327 0.152856 0.153047 0.153057
 0.418405 0.601941 0.616167 0.616934 0.616975
 0.601774 0.865746 0.886206 0.887309 0.887368
 0.128667 0.185107 0.189482 0.189717 0.18973
 0.501213 0.721073 0.738114 0.739033 0.739081
 0.467737 0.672912 0.688815 0.689673 0.689718
 0.821946 1.1825 1.21044 1.21195 1.21203
 0.609279 0.876543 0.897258 0.898375 0.898434
 0.468461 0.673954 0.689882 0.690741 0.690786
 0.305812 0.439958 0.450355 0.450916 0.450946
 0.28465 0.409514 0.419192 0.419714 0.419742
 0.396504 0.570434 0.583914 0.584642 0.58468
 0.375519 0.540243 0.55301 0.553699 0.553735
 0.295969 0.425798 0.43586 0.436403 0.436432
 0.371108 0.533897 0.546514 0.547195 0.54723
 0.223357 0.321334 0.328928 0.329337 0.329359
 0.198533 0.285621 0.292371 0.292735 0.292755
 0.197016 0.283438 0.290136 0.290498 0.290517
 0.159704 0.229759 0.235189 0.235482 0.235497
 0.1959 0.281833 0.288493 0.288853 0.288872
 0.159449 0.229393 0.234814 0.235106 0.235122
 0.152583 0.219514 0.224702 0.224982 0.224997
 0.236489 0.340226 0.348266 0.3487 0.348723
 0.248037 0.35684 0.365273 0.365728 0.365752
nmprior
 8.19 8.8 8.5 0
nm_flota  nm_reclas  nm_pelaces    nm_pelaL
inf 14.3675 16.4764 38.1875
cv_recla  cv_pelaces  cv_mph
0.316457 0.464644 0.884913
 ------------------------------------------------
Talla a la edad & desviaci?n 
 8 13.2811 15.8009 17.003 17.5766
 0.8 1.32811 1.58009 1.7003 1.75766
