    unsorted:	 2.321723122e-06 2.546621465e-06 6.301319136e-05 9.749948344e-05 0.001099991164 7.261633139 13.70629594 38.00375241 68.04748027 126.1450094 231.6723989 217.3231947 273.5569453 399.4317366 503.7893513 646.8042425 705.8790354 815.3064934 849.7693515 906.4653243 934.7762179 977.8417117 1056.400543 1171.430742 1248.772414 1340.272052 1558.988223 1603.399719 1854.458034 1906.437065 2078.230295 2194.155204 2479.470307 2464.431190 2514.577884 2627.042518 2815.667099 2886.764077 3204.007788 3258.902995 3710.951694 3942.057758 4321.456165 8922.355462 41041.96600 158295.5212 383757.2181 378684.6012 390633.6182 358596.7608 360463.0594 405552.3917 423651.3883 321342.6154 443976.8794 452619.5599 252769.7513 502489.7450 605177.8610 639560.4907 676306.8549 694430.3719 702171.8558 960860.8453 1065390.889 1139770.203 1209959.498 1368380.229 1497039.997 1706653.283 1815801.911 2369678.997 2443272.467 2479048.035 2741668.205 2974986.845 3318197.944
      sorted:	 2.321723122e-06 2.546621465e-06 6.301319136e-05 9.749948344e-05 0.001099991164 7.261633139 13.70629594 38.00375241 68.04748027 126.1450094 217.3231947 231.6723989 273.5569453 399.4317366 503.7893513 646.8042425 705.8790354 815.3064934 849.7693515 906.4653243 934.7762179 977.8417117 1056.400543 1171.430742 1248.772414 1340.272052 1558.988223 1603.399719 1854.458034 1906.437065 2078.230295 2194.155204 2464.431190 2479.470307 2514.577884 2627.042518 2815.667099 2886.764077 3204.007788 3258.902995 3710.951694 3942.057758 4321.456165 8922.355462 41041.96600 158295.5212 252769.7513 321342.6154 358596.7608 360463.0594 378684.6012 383757.2181 390633.6182 405552.3917 423651.3883 443976.8794 452619.5599 502489.7450 605177.8610 639560.4907 676306.8549 694430.3719 702171.8558 960860.8453 1065390.889 1139770.203 1209959.498 1368380.229 1497039.997 1706653.283 1815801.911 2369678.997 2443272.467 2479048.035 2741668.205 2974986.845 3318197.944
