years
 1991 1992 1993 1994 1995 1996 1997 1998 1999 2000 2001 2002 2003 2004 2005 2006 2007 2008 2009 2010 2011 2012 2013 2014 2015 2016 2017 2018 2019 2020 2021
reclasobs
 0 0 0 0 0 0 0 0 0 252601 567819 844713 477998 351125 339783 2.1784e+06 2.13404e+06 4.81314e+06 1.55562e+06 2.62356e+06 3.21686e+06 3.843e+06 1.13348e+06 3.07943e+06 1.97215e+06 2.03268e+06 2.025e+06 2.42433e+06 2.27542e+06 1.05018e+06 2.36338e+06
reclaspred
 5.86006e+06 1.55696e+06 1.03955e+06 789023 124401 3.41266e+06 1.17874e+06 297536 1.04703e+06 229754 336030 903508 715888 576683 385483 2.05896e+06 782320 5.29618e+06 2.36157e+06 2.18623e+06 2.73325e+06 3.45944e+06 1.57085e+06 3.11299e+06 2.45839e+06 1.47863e+06 2.0951e+06 4.03754e+06 2.75316e+06 705261 1.26367e+06
pelacesobs
 0 0 0 0 0 0 0 0 0 0 0 0 0 0 0 552880 188675 0 991730 2.46772e+06 1.41603e+06 1.21717e+06 2.29649e+06 1.80582e+06 0 1.4828e+06 1.56532e+06 1.57751e+06 1.42118e+06 867257 1.10002e+06
pelacespred
 4.36153e+06 1.04387e+06 541120 322450 41027.2 2.32258e+06 571915 188832 645457 86675.4 203053 448647 375482 294537 183606 1.0657e+06 338384 3.57429e+06 1.28366e+06 1.05938e+06 1.48468e+06 1.89246e+06 842251 2.17965e+06 1.49653e+06 875445 1.56174e+06 3.11375e+06 1.74026e+06 422673 755462
mphobs
 0 0 0 0 0 0 0 0 0 0 0 498337 0 5186 125008 0 168611 109162 213762 579715 649985 157893 87575 83554 0 0 0 0 0 0 0
mphpred
 1.58614e+06 625194 99425.2 129142 52898 6482.31 429477 88059.7 26108.1 97289.8 9602.46 41414.6 83461.2 45179.6 25267.6 23233.2 233547 63796.7 613644 169776 272890 235733 410177 163279 348344 318074 145974 216504 642821 271995 46197.7
desembarqueobs
 494567 514787 250237 358949 120608 361735 552515 73892 212993 205616 52469 317467 293654 387597 252695 516296 358380 742168 942051 627588 828172 859565 418607 520667 417249 300574 407403 355545 319650 289779 391294
desembarquepred
 494488 514301 250028 358342 120466 361506 551710 73854.7 212799 205333 52443.5 317051 293172 386708 252258 515604 357896 741369 939885 626308 827246 858201 418038 520179 416661 300181 406907 355194 319182 289003 390902
Reclutas
 7049.42 4271.25 172926 54847.9 4745.9 289198 5748.4 1527.09 58059.5 6596.78 32558.6 121392 70512.9 69079.5 40815.2 270139 8190.77 502957 107955 243963 176236 454182 12055.8 161047 166168 23121.9 124025 214238 19842.4 7354.69 98691.1
log_desv_Rt
 -1.89765 -2.39869 1.30227 0.153969 -2.29331 1.81652 -2.10167 -3.42723 0.210873 -1.96401 -0.367552 0.948434 0.405202 0.384664 -0.141541 1.74834 -1.74759 2.36991 0.831116 1.64642 1.32123 2.2679 -1.36105 1.2311 1.26241 -0.709814 0.969889 1.51649 -0.862775 -1.85526 0.7414
SSB
 1.75467e+06 691619 109989 142863 58518.3 7171.04 475108 97415.8 28882.1 107627 10622.7 45814.8 92328.7 49979.8 27952.2 25701.7 258361 70574.9 678842 187814 301884 260779 453757 180627 385355 351868 161484 239507 711119 300893 51106.1
BT
 2.17628e+06 973098 429391 385926 113848 1.28163e+06 713770 144945 457544 213759 128005 444793 414662 522825 322431 846839 413901 2.15454e+06 1.38919e+06 927248 1.29339e+06 1.49989e+06 675720 1.39901e+06 970958 602743 1.07354e+06 1.62869e+06 950724 470560 686741
Ftot
 0.297073 1.05399 1.05098 1.58074 2.4717 0.532923 1.4116 0.839034 0.95929 2.35416 0.747365 1.51176 1.58666 2.50894 2.5044 1.1789 1.41657 0.684813 1.35671 1.23483 1.20847 1.09162 0.892595 0.762477 0.698449 0.729084 0.868922 0.416033 0.410783 1.29681 1.38538
BD_Bspro_t
 0.95358 0.628834 0.223588 0.281242 0.106101 0.0194963 0.458861 0.138077 0.0681142 0.222078 0.041618 0.228038 0.222905 0.114255 0.0637522 0.0617507 0.274207 0.0972783 0.408029 0.159385 0.195774 0.175921 0.274723 0.146819 0.298003 0.327316 0.226767 0.338501 0.574218 0.362897 0.115844
BD_Bspro
 5.22063 2.05776 0.327248 0.425058 0.174108 0.0213358 1.41358 0.289839 0.0859322 0.320219 0.0316055 0.136312 0.274704 0.148704 0.0831657 0.0764696 0.768697 0.20998 2.01974 0.558799 0.89819 0.775892 1.35006 0.537415 1.14654 1.04691 0.480459 0.7126 2.11578 0.895242 0.152055
BD_Bo
 1.17872 0.464602 0.0738862 0.0959698 0.0393103 0.00481722 0.319159 0.0654401 0.0194018 0.0722993 0.00713591 0.0307766 0.0620228 0.0335745 0.0187772 0.0172654 0.173557 0.0474094 0.456019 0.126166 0.202794 0.175181 0.304816 0.121338 0.258866 0.236371 0.108478 0.160891 0.477702 0.202128 0.034331
BD_Brms
 6.11675 2.41098 0.38342 0.498019 0.203994 0.0249981 1.65622 0.33959 0.100683 0.375185 0.0370306 0.15971 0.321857 0.174229 0.0974412 0.0895957 0.900644 0.246023 2.36643 0.654717 1.05237 0.909074 1.58179 0.629663 1.34334 1.22661 0.56293 0.834918 2.47895 1.04891 0.178155
Sel_flota
 0.661848 1 1 1 1
 0.661848 1 1 1 1
 0.661848 1 1 1 1
 0.661848 1 1 1 1
 0.661848 1 1 1 1
 0.661848 1 1 1 1
 0.661848 1 1 1 1
 0.661848 1 1 1 1
 0.661848 1 1 1 1
 0.661848 1 1 1 1
 0.661848 1 1 1 1
 0.661848 1 1 1 1
 0.661848 1 1 1 1
 0.661848 1 1 1 1
 0.661848 1 1 1 1
 0.661848 1 1 1 1
 0.661848 1 1 1 1
 0.661848 1 1 1 1
 0.661848 1 1 1 1
 0.661848 1 1 1 1
 0.661848 1 1 1 1
 0.661848 1 1 1 1
 0.661848 1 1 1 1
 0.661848 1 1 1 1
 0.661848 1 1 1 1
 0.661848 1 1 1 1
 0.661848 1 1 1 1
 0.661848 1 1 1 1
 0.661848 1 1 1 1
 0.661848 1 1 1 1
 0.661848 1 1 1 1
Sel_reclas
 0.958637 1 1 1 1
 0.958637 1 1 1 1
 0.958637 1 1 1 1
 0.958637 1 1 1 1
 0.958637 1 1 1 1
 0.958637 1 1 1 1
 0.958637 1 1 1 1
 0.958637 1 1 1 1
 0.958637 1 1 1 1
 0.958637 1 1 1 1
 0.958637 1 1 1 1
 0.958637 1 1 1 1
 0.958637 1 1 1 1
 0.958637 1 1 1 1
 0.958637 1 1 1 1
 0.958637 1 1 1 1
 0.958637 1 1 1 1
 0.958637 1 1 1 1
 0.958637 1 1 1 1
 0.958637 1 1 1 1
 0.958637 1 1 1 1
 0.958637 1 1 1 1
 0.958637 1 1 1 1
 0.958637 1 1 1 1
 0.958637 1 1 1 1
 0.958637 1 1 1 1
 0.958637 1 1 1 1
 0.958637 1 1 1 1
 0.958637 1 1 1 1
 0.958637 1 1 1 1
 0.958637 1 1 1 1
Sel_pelaces
 0.947819 1 1 1 1
 0.947819 1 1 1 1
 0.947819 1 1 1 1
 0.947819 1 1 1 1
 0.947819 1 1 1 1
 0.947819 1 1 1 1
 0.947819 1 1 1 1
 0.947819 1 1 1 1
 0.947819 1 1 1 1
 0.947819 1 1 1 1
 0.947819 1 1 1 1
 0.947819 1 1 1 1
 0.947819 1 1 1 1
 0.947819 1 1 1 1
 0.947819 1 1 1 1
 0.947819 1 1 1 1
 0.947819 1 1 1 1
 0.947819 1 1 1 1
 0.947819 1 1 1 1
 0.947819 1 1 1 1
 0.947819 1 1 1 1
 0.947819 1 1 1 1
 0.947819 1 1 1 1
 0.947819 1 1 1 1
 0.947819 1 1 1 1
 0.947819 1 1 1 1
 0.947819 1 1 1 1
 0.947819 1 1 1 1
 0.947819 1 1 1 1
 0.947819 1 1 1 1
 0.947819 1 1 1 1
pf_obs 
 0.8446 0.082 0.0669 0.0065 0
 0.8095 0.147 0.0364 0.0071 0
 0.9664 0.0169 0.016 0.0007 0
 0.9276 0.0648 0.0075 0.0001 0
 0.7033 0.2144 0.0806 0.0017 0
 0.9318 0.0425 0.0243 0.0014 0
 0.5671 0.3108 0.0964 0.0239 0.0018
 0.0768 0.2599 0.5324 0.112 0.0189
 0.490249 0.384438 0.106611 0.0170017 0.00170017
 0.7925 0.1577 0.0466 0.003 0.0002
 0.840416 0.127587 0.0312969 0.00059994 9.999e-05
 0.8084 0.0986 0.0794 0.0134 0.0002
 0.7335 0.1905 0.0724 0.0035 0.0001
 0.4001 0.4547 0.1325 0.0127 0
 0.49795 0.308269 0.164784 0.0264974 0.00249975
 0.9179 0.0499 0.0305 0.0017 0
 0.2467 0.6533 0.0926 0.0074 0
 0.9418 0.0223 0.034 0.0019 0
 0.707729 0.231977 0.0356964 0.0245975 0
 0.517169 0.277429 0.184464 0.0207286 0.00020938
 0.811772 0.124168 0.05621 0.00726502 0.000585176
 0.764997 0.148141 0.077277 0.00933861 0.000247198
 0.163321 0.427699 0.378323 0.0303852 0.000271297
 0.753843 0.0900009 0.118128 0.0371064 0.000921714
 0.721811 0.176058 0.0630433 0.0369309 0.00215725
 0.143369 0.312575 0.442814 0.0836902 0.0175525
 0.692698 0.0596174 0.167031 0.0765114 0.00414204
 0.394062 0.376323 0.152708 0.0712218 0.00568511
 0.125707 0.32114 0.495352 0.0537591 0.00404204
 0.23352 0.215282 0.420074 0.123614 0.00750983
 0.774587 0.0839891 0.0768558 0.0609784 0.00358967
pf_pred 
 0.043939 0.167003 0.692545 0.0965118 7.96205e-07
 0.0936658 0.0622615 0.147441 0.611424 0.0852076
 0.964614 0.00581635 0.00203132 0.00481036 0.022728
 0.571488 0.420404 0.0013328 0.000465471 0.00631035
 0.293605 0.525 0.177963 0.000564194 0.0028683
 0.996907 0.00165285 0.00107011 0.000362742 6.99646e-06
 0.0561669 0.942102 0.000925134 0.000598962 0.000206951
 0.129312 0.0958411 0.773426 0.000759495 0.00066162
 0.965928 0.00721624 0.0029562 0.0238561 4.3834e-05
 0.321782 0.665601 0.00267217 0.00109468 0.00885013
 0.962815 0.0207882 0.0160916 6.46026e-05 0.000240427
 0.927114 0.071331 0.0008694 0.000672983 1.27569e-05
 0.765186 0.226464 0.00817233 9.96064e-05 7.85646e-05
 0.848064 0.133138 0.0181293 0.000654228 1.42633e-05
 0.869193 0.122917 0.00691378 0.000941445 3.47143e-05
 0.985509 0.0137487 0.0006975 3.92326e-05 5.53927e-06
 0.121636 0.87183 0.00619992 0.000314535 2.01897e-05
 0.98568 0.00320371 0.0110339 7.84663e-05 4.23629e-06
 0.412677 0.582477 0.00108401 0.00373343 2.79832e-05
 0.871692 0.0757317 0.0521422 9.70383e-05 0.000336714
 0.759189 0.224217 0.00979441 0.00674357 5.60973e-05
 0.910039 0.0775178 0.0115859 0.000506103 0.000351356
 0.0944742 0.8612 0.0381947 0.00570862 0.000422489
 0.884501 0.0185327 0.0922198 0.00409 0.000656537
 0.757782 0.225642 0.00265968 0.0132347 0.000681188
 0.269208 0.618029 0.105046 0.0012382 0.00647847
 0.872644 0.0501637 0.0652812 0.0110959 0.000815097
 0.843821 0.144595 0.00456247 0.00593743 0.00108332
 0.172385 0.743963 0.0774483 0.00244376 0.00376046
 0.205696 0.202631 0.531869 0.0553688 0.00443548
 0.958094 0.0143905 0.00701922 0.0184242 0.00207165
pobs_RECLAS
 0 0 0 0 0
 0 0 0 0 0
 0 0 0 0 0
 0 0 0 0 0
 0 0 0 0 0
 0 0 0 0 0
 0 0 0 0 0
 0 0 0 0 0
 0 0 0 0 0
 0 0 0 0 0
 0.991045 0.00858322 0.000360255 1.14367e-05 0
 0.934742 0.0480273 0.0164251 0.00080598 0
 0.827803 0.169806 0.00239088 0 0
 0.941827 0.0461693 0.0120037 0 0
 0.791401 0.0380133 0.147996 0.0225897 0
 0.846168 0.0940531 0.0597789 0 0
 0.134021 0.677848 0.182769 0.00536245 0
 0.80878 0.0450904 0.141981 0.00414843 0
 0.846168 0.0940531 0.0597789 0 0
 0.905697 0.0802665 0.012482 0.00150086 5.37128e-05
 0.989698 0.0102097 9.19794e-05 0 0
 0.975433 0.0193895 0.00387452 0.00125025 5.28907e-05
 0.303575 0.632131 0.0575291 0.00676475 0
 0.966965 0.00978017 0.0227588 0.000495775 0
 0.843318 0.132988 0.00938335 0.0141283 0.000182051
 0.564624 0.303363 0.111486 0.0197234 0.00080311
 0.826376 0.0876187 0.0782897 0.00655872 0.00115652
 0.89761 0.0855135 0.0140674 0.00269457 0.000114338
 0.34875 0.467042 0.161289 0.0227151 0.000203297
 0.318654 0.224769 0.449479 0.00709798 0
 0.937255 0.0296025 0.0250945 0.00804832 0
ppred_RECLAS
 0.0630107 0.163672 0.67873 0.0945866 7.80322e-07
 0.136282 0.0593339 0.140509 0.582675 0.0812012
 0.976532 0.00385748 0.0013472 0.0031903 0.0150735
 0.679878 0.314065 0.000995677 0.000347732 0.00471418
 0.420143 0.430955 0.146084 0.000463129 0.0023545
 0.997907 0.0011186 0.000724218 0.000245493 4.735e-06
 0.08542 0.912903 0.00089646 0.000580398 0.000200536
 0.182685 0.0899661 0.726015 0.000712939 0.000621063
 0.977273 0.00481339 0.00197185 0.0159125 2.92382e-05
 0.449431 0.540327 0.00216923 0.000888645 0.00718443
 0.974844 0.0140637 0.0108864 4.37053e-05 0.000162655
 0.952683 0.0463071 0.000564403 0.000436892 8.28161e-06
 0.838504 0.155753 0.00562062 6.85055e-05 5.40338e-05
 0.907163 0.081351 0.0110775 0.000399751 8.71526e-06
 0.920803 0.0744201 0.00418595 0.000569998 2.10178e-05
 0.990547 0.00896892 0.000455012 2.55933e-05 3.61353e-06
 0.178597 0.815292 0.00579786 0.000294138 1.88804e-05
 0.990351 0.00215861 0.00743445 5.28693e-05 2.85434e-06
 0.52331 0.472757 0.000879816 0.00303017 2.27121e-05
 0.913137 0.0512699 0.0352999 6.56943e-05 0.000227953
 0.829594 0.158663 0.00693083 0.00477196 3.96962e-05
 0.939343 0.0522668 0.00781185 0.000341242 0.000236904
 0.13611 0.821602 0.0364386 0.00544615 0.000403063
 0.919817 0.012866 0.064022 0.00283941 0.00045579
 0.823597 0.164331 0.001937 0.0096386 0.000496097
 0.35514 0.545356 0.0926943 0.0010926 0.00571668
 0.911753 0.0347594 0.0452347 0.00768854 0.000564797
 0.888225 0.103485 0.00326531 0.00424935 0.00077532
 0.234466 0.688157 0.0716387 0.00226044 0.00347838
 0.287068 0.181872 0.477382 0.0496966 0.00398109
 0.97283 0.00933029 0.00455102 0.0119456 0.00134318
pobs_PELACES
 0 0 0 0 0
 0 0 0 0 0
 0 0 0 0 0
 0 0 0 0 0
 0 0 0 0 0
 0 0 0 0 0
 0 0 0 0 0
 0 0 0 0 0
 0 0 0 0 0
 0 0 0 0 0
 0 0 0 0 0
 0 0 0 0 0
 0 0 0 0 0
 0 0 0 0 0
 0 0 0 0 0
 0 0 0 0 0
 0.505614 0.472636 0.0217494 0 0
 0 0 0 0 0
 0.443492 0.261883 0.143347 0.151278 0
 0.227955 0.32914 0.350689 0.0885471 0.00366901
 0.970185 0.0296113 0.000203453 0 0
 0.997202 0.00247181 0.000326279 0 0
 0.445219 0.490057 0.0546422 0.010081 0
 0.90214 0.0892962 0.00764917 0.000914606 0
 0 0 0 0 0
 0.581667 0.319106 0.0959925 0.00289975 0.000334073
 0.762889 0.0836404 0.116647 0.0363945 0.000428098
 0.88444 0.0763242 0.0277011 0.0115352 0
 0.521256 0.241999 0.230069 0.00667565 0
 0.616807 0.101726 0.260614 0.0208532 0
 0.833518 0.0704572 0.0857862 0.0102388 0
ppred_PELACES
 0.0643102 0.163445 0.677789 0.0944554 7.7924e-07
 0.14928 0.058441 0.138394 0.573906 0.0799791
 0.97884 0.00347796 0.00121465 0.00287641 0.0135905
 0.714687 0.279914 0.00088741 0.000309921 0.00420157
 0.485575 0.382326 0.1296 0.000410869 0.00208881
 0.998005 0.00106615 0.000690261 0.000233983 4.51299e-06
 0.0975531 0.900792 0.000884568 0.000572698 0.000197876
 0.195292 0.0885784 0.714816 0.000701942 0.000611483
 0.979304 0.0043832 0.00179561 0.0144904 2.66251e-05
 0.512093 0.47883 0.00192235 0.000787505 0.00636674
 0.976551 0.013109 0.0101474 4.07384e-05 0.000151613
 0.959292 0.0398396 0.000485574 0.000375872 7.12495e-06
 0.859705 0.135306 0.00488273 5.9512e-05 4.69401e-05
 0.927446 0.0635776 0.00865733 0.000312414 6.81117e-06
 0.938279 0.0579981 0.00326225 0.000444219 1.63799e-05
 0.991609 0.00796162 0.00040391 2.27189e-05 3.2077e-06
 0.201145 0.792912 0.0056387 0.000286064 1.83622e-05
 0.990954 0.00202385 0.00697034 4.95687e-05 2.67615e-06
 0.558075 0.438279 0.00081565 0.00280918 2.10557e-05
 0.922656 0.0456512 0.0314314 5.84948e-05 0.000202972
 0.84635 0.143062 0.00624931 0.00430273 3.57929e-05
 0.94534 0.0470994 0.00703952 0.000307505 0.000213482
 0.146824 0.811412 0.0359866 0.0053786 0.000398064
 0.92509 0.01202 0.059812 0.0026527 0.000425818
 0.833064 0.155512 0.00183304 0.00912131 0.000469473
 0.371331 0.531663 0.0903669 0.00106517 0.00557315
 0.918403 0.0321401 0.0418259 0.00710916 0.000522236
 0.89166 0.100305 0.00316495 0.00411875 0.000751491
 0.240713 0.682541 0.0710541 0.002242 0.00345
 0.315117 0.174717 0.4586 0.0477414 0.00382446
 0.97637 0.0081145 0.00395799 0.010389 0.00116816
pobs_pel_tallas
 0 0 0 0 0 0 0 0 0 0 0 0 0 0 0 0 0 0 0 0 0 0 0 0 0 0
 0 0 0 0 0 0 0 0 0 0 0 0 0 0 0 0 0 0 0 0 0 0 0 0 0 0
 0 0 0 0 0 0 0 0 0 0 0 0 0 0 0 0 0 0 0 0 0 0 0 0 0 0
 0 0 0 0 0 0 0 0 0 0 0 0 0 0 0 0 0 0 0 0 0 0 0 0 0 0
 0 0 0 0 0 0 0 0 0 0 0 0 0 0 0 0 0 0 0 0 0 0 0 0 0 0
 0 0 0 0 0 0 0 0 0 0 0 0 0 0 0 0 0 0 0 0 0 0 0 0 0 0
 0 0 0 0 0 0 0 0 0 0 0 0 0 0 0 0 0 0 0 0 0 0 0 0 0 0
 0 0 0 0 0 0 0 0 0 0 0 0 0 0 0 0 0 0 0 0 0 0 0 0 0 0
 0 0 0 0 0 0 0 0 0 0 0 0 0 0 0 0 0 0 0 0 0 0 0 0 0 0
 0 0 0 0 0 0 0 0 0 0 0 0 0 0 0 0 0 0 0 0 0 0 0 0 0 0
 0 0 0 0 0 0 0 0 0 0 0 0 0 0 0 0 0 0 0 0 0 0 0 0 0 0
 0 0 0 0 0 0 0 0 0 0 0 0 0 0 0 0 0 0 0 0 0 0 0 0 0 0
 0.00862536 0 0 0.000197151 0.00414017 0.0128641 0.00837892 0.0270097 0.101434 0.158115 0.152841 0.127902 0.109271 0.109419 0.0830992 0.0579132 0.0238553 0.00714673 0.00463305 0.00128148 0.00103504 0.000492878 0.000147863 0.000147863 4.92878e-05 0
 0 0 0 0 0 0 0 0 0 0 0 0 0 0 0 0 0 0 0 0 0 0 0 0 0 0
 0 0 0 0 0 0 0 0.0054083 0.00873648 0.0413646 0.0450493 0.0745869 0.0622846 0.0627006 0.0613931 0.0827291 0.12552 0.122667 0.0946155 0.0697135 0.0546179 0.0294188 0.0215738 0.0213955 0.0102223 0.00600262
 0 0 0 0 0.00359764 0.0251062 0.0480494 0.140153 0.205849 0.193036 0.1447 0.116669 0.0760912 0.0342217 0.00950174 0.001854 0.000860785 0 0 0 0.000165536 0 0.000143464 0 0 0
 0 0 0 0 0 0 0 0.000145254 0.000435761 0.0275982 0.070085 0.0708112 0.156366 0.174668 0.174014 0.160142 0.0824315 0.0480064 0.0283245 0.00493863 0.00203355 0 0 0 0 0
 0 0 0 0 0 0 0 0 0 0 0 0 0 0 0 0 0 0 0 0 0 0 0 0 0 0
 0 0 1.00437e-05 0.000401748 0.00122533 0.00171747 0.00176769 0.0269171 0.070346 0.194647 0.189555 0.159765 0.064822 0.0314167 0.0384472 0.0292271 0.0345202 0.0313363 0.0194345 0.0106764 0.0143323 0.0359363 0.0279516 0.0138201 0.00172751 0
 0 0.0021121 0.0136068 0.0755702 0.200478 0.177729 0.0527432 0.0373336 0.0318909 0.0142505 0.0149659 0.0166563 0.0217959 0.0798694 0.0677717 0.0528807 0.04013 0.0224614 0.0357745 0.0225083 0.00881397 0.00855152 0.00135912 0.000746735 0 0
 0 0 0 0 5.4009e-05 0.00500934 0.000945158 0.0243581 0.138947 0.33067 0.221406 0.137944 0.0707744 0.0437923 0.0131692 0.00525238 0.0047753 0.00276346 9.45158e-05 9.00151e-06 2.25038e-05 9.00151e-06 4.50075e-06 0 0 0
 0.000866109 0.00284123 0.00948549 0.0512746 0.133035 0.25785 0.225252 0.132002 0.0553304 0.0519788 0.0540692 0.017754 0.00435017 0.00159236 0.00146478 0.000404838 0.000125132 0.000115318 0.000107957 0.000100596 0 0 0 0 0 0
 0 0 0 0 0.00144013 0.00171154 0.00461396 0.0210425 0.0478622 0.0707936 0.0888783 0.103762 0.0637923 0.0337046 0.0602308 0.124433 0.169614 0.0934646 0.0462172 0.0250306 0.0313229 0.00938855 0.002487 0.000210481 0 0
 0 0.00764035 0.051015 0.0998891 0.058973 0.0496711 0.0374665 0.0718981 0.12319 0.153886 0.159021 0.0857701 0.0377988 0.023471 0.0147837 0.00900784 0.00315554 0.000888139 0.00291439 0.00214683 0.00393193 0.00274676 0.000635225 9.99891e-05 0 0
 0 0 0 0 0 0 0 0 0 0 0 0 0 0 0 0 0 0 0 0 0 0 0 0 0 0
 0 0 0 0 0 0 0 0 0 0 0 0 0 0 0 0 0 0 0 0 0 0 0 0 0 0
 0 0 0 0 0 0 0 0 0 0 0 0 0 0 0 0 0 0 0 0 0 0 0 0 0 0
 0 0 0 0 0 0 0 0 0 0 0 0 0 0 0 0 0 0 0 0 0 0 0 0 0 0
 0 0 0 0 0 0 0 0 0 0 0 0 0 0 0 0 0 0 0 0 0 0 0 0 0 0
 0 0 0 0 0 0 0 0 0 0 0 0 0 0 0 0 0 0 0 0 0 0 0 0 0 0
 0 0 0 0 0 0 0 0 0 0 0 0 0 0 0 0 0 0 0 0 0 0 0 0 0 0
ppred_pel_tallas
 1.29074e-16 5.29719e-06 5.14905e-05 0.000342174 0.00155548 0.00483977 0.0103123 0.0150545 0.0150713 0.0103948 0.00511998 0.00237815 0.00245746 0.00483555 0.00957867 0.0170992 0.0275962 0.0408865 0.0565839 0.0742218 0.0929273 0.110794 0.124683 0.131067 0.12762 0.114524
 1.75099e-16 1.2296e-05 0.000119522 0.000794264 0.00361061 0.011234 0.0239354 0.0349357 0.0349418 0.0239652 0.0113354 0.00390945 0.00156816 0.00189102 0.00362926 0.00667833 0.0113586 0.0182059 0.0280687 0.0420971 0.0613079 0.0857263 0.113533 0.14085 0.16253 0.173763
 1.02625e-16 8.06258e-05 0.000783711 0.00520804 0.023675 0.0736617 0.156944 0.229064 0.229065 0.156946 0.0736673 0.0236912 0.00524916 0.000874581 0.00025668 0.000306719 0.000460025 0.000640006 0.000838598 0.0010774 0.00140413 0.00186972 0.00249176 0.00322578 0.00396271 0.00455643
 1.0084e-16 5.88679e-05 0.000572217 0.00380258 0.017286 0.0537833 0.114592 0.167256 0.167283 0.114723 0.0542246 0.0185599 0.00699722 0.00753606 0.0132549 0.0217425 0.0311342 0.0387729 0.0419984 0.0395941 0.0325372 0.0233945 0.0148593 0.0085444 0.0047148 0.00277762
 1.04233e-16 3.99962e-05 0.000388778 0.00258357 0.0117445 0.0365418 0.0778576 0.113643 0.11368 0.0780382 0.0371487 0.0134989 0.00699255 0.0100309 0.0184023 0.0304889 0.0442134 0.0562071 0.0630211 0.062995 0.0571527 0.0483473 0.0394103 0.0318058 0.025581 0.0201862
 1.00045e-16 8.22044e-05 0.000799056 0.00531001 0.0241385 0.0751039 0.160017 0.233549 0.233549 0.160017 0.0751056 0.0241434 0.00532244 0.000826345 0.000134465 9.33134e-05 0.000129047 0.000167568 0.000195206 0.000207594 0.000207185 0.000200294 0.000192051 0.000183336 0.00017167 0.000154396
 1.00347e-16 8.03551e-06 7.81081e-05 0.00051906 0.00235962 0.00734213 0.0156464 0.0228545 0.0229411 0.0160695 0.00876225 0.00645872 0.0107982 0.022484 0.0424621 0.0699262 0.100122 0.124624 0.134858 0.126877 0.103798 0.0738649 0.0457599 0.0247288 0.0117184 0.00493827
 1.20825e-16 1.6086e-05 0.000156361 0.00103908 0.00472349 0.0146966 0.031313 0.0457042 0.0457138 0.0313605 0.0148592 0.00520704 0.00230457 0.00308957 0.00608498 0.011328 0.0193149 0.0304972 0.0450821 0.0627367 0.0820899 0.100358 0.113676 0.118376 0.112661 0.0976118
 1.01511e-16 8.0664e-05 0.000784083 0.00521051 0.0236862 0.0736966 0.157018 0.229173 0.229173 0.15702 0.0737036 0.0237068 0.00526251 0.000899058 0.000303541 0.000386796 0.000581358 0.000804189 0.00103833 0.00129516 0.00160945 0.00201334 0.00250025 0.00300525 0.00341887 0.00362845
 1.01335e-16 4.21805e-05 0.00041001 0.00272466 0.0123859 0.0385375 0.08211 0.119852 0.119898 0.0823349 0.0392925 0.0145652 0.00818963 0.0123229 0.0226166 0.0371912 0.0532629 0.0663332 0.0718548 0.0677453 0.055674 0.0400281 0.0254113 0.0145816 0.00799457 0.00464195
 1.00327e-16 8.04372e-05 0.000781879 0.00519586 0.0236196 0.0734894 0.156577 0.228529 0.22853 0.156583 0.0735104 0.0236804 0.00534907 0.00111833 0.000725206 0.0010866 0.00159215 0.00207356 0.00241636 0.00256403 0.00253851 0.00240908 0.00223511 0.00203306 0.00178882 0.00149274
 1.00064e-16 7.90156e-05 0.00076806 0.00510403 0.0232022 0.0721906 0.15381 0.224491 0.224495 0.153829 0.0722534 0.0233835 0.00555884 0.00175957 0.0019581 0.00310167 0.00443598 0.00552686 0.00599156 0.0056561 0.00465781 0.00335911 0.00214014 0.00122836 0.000661838 0.00035961
 1.0019e-16 7.08128e-05 0.000688326 0.00457417 0.0207935 0.0646964 0.137843 0.201189 0.201202 0.137907 0.0649098 0.0214098 0.00611987 0.00405871 0.0064603 0.0105379 0.0151021 0.0188405 0.0204677 0.0193912 0.0160677 0.0117118 0.00759646 0.00448183 0.00249775 0.00138373
 1.00299e-16 7.63925e-05 0.000742562 0.00493459 0.0224319 0.0697941 0.148704 0.217039 0.217045 0.148734 0.0698946 0.0227222 0.00566318 0.00233282 0.00309577 0.00499475 0.00718192 0.009018 0.00990621 0.00956901 0.00820655 0.00635753 0.00457728 0.00318433 0.00222086 0.00157381
 1.00157e-16 7.72848e-05 0.000751236 0.00499223 0.0226939 0.0706093 0.150441 0.219574 0.219579 0.150468 0.0707008 0.0229582 0.00565524 0.00219725 0.00281954 0.00452844 0.00649109 0.0081101 0.0088341 0.00840992 0.0070313 0.00521303 0.00349189 0.00218464 0.0013407 0.000847453
 1.00017e-16 8.16775e-05 0.000793934 0.00527597 0.0239838 0.0746225 0.158991 0.232052 0.232053 0.158995 0.0746351 0.0240201 0.00536697 0.000992378 0.00045797 0.00062628 0.000890532 0.0011118 0.00120995 0.00114995 0.000958411 0.000706233 0.000467484 0.000286113 0.000169303 0.000101787
 1.00398e-16 1.65682e-05 0.000161049 0.00107023 0.00486516 0.0151377 0.0322553 0.0470936 0.0471698 0.0326278 0.0163879 0.00847388 0.0101201 0.0198885 0.0373989 0.0615821 0.0881938 0.10982 0.118917 0.112011 0.0918334 0.0656165 0.0409709 0.0224874 0.0109893 0.00491219
 1.00208e-16 8.16235e-05 0.00079341 0.00527249 0.023968 0.0745732 0.158886 0.231899 0.231899 0.158887 0.0745766 0.023978 0.00529807 0.000850878 0.000195507 0.000206318 0.000317739 0.000458279 0.000614057 0.000776576 0.000936534 0.00107741 0.00117259 0.00119285 0.0011216 0.000966797
 1.00421e-16 4.5968e-05 0.000446826 0.00296931 0.0134981 0.0419978 0.0894824 0.130611 0.130653 0.0896882 0.0426888 0.0154926 0.007971 0.0113495 0.0207049 0.0340329 0.0487313 0.0606716 0.0656838 0.0618532 0.0506988 0.0362304 0.0226631 0.0125332 0.00628175 0.00302035
 1.0096e-16 7.5998e-05 0.000738727 0.0049091 0.0223161 0.0694336 0.147936 0.215918 0.215922 0.147957 0.0695066 0.0225273 0.00544123 0.00190632 0.00231079 0.00374477 0.00549069 0.00711814 0.00823439 0.00864201 0.00842569 0.00784572 0.00713486 0.00637473 0.00552921 0.00456126
 1.00655e-16 6.97128e-05 0.000677633 0.00450311 0.0204705 0.0636914 0.135702 0.198064 0.198077 0.135769 0.0639172 0.0211223 0.00613819 0.00424352 0.0068317 0.011157 0.0160026 0.0199926 0.0217775 0.02074 0.0173673 0.0129386 0.00878151 0.00567029 0.00370741 0.00258825
 1.00283e-16 7.78664e-05 0.000756889 0.0050298 0.0228647 0.0711407 0.151573 0.221226 0.221231 0.151595 0.0712152 0.0230799 0.00556979 0.00193567 0.00231649 0.00370601 0.00532988 0.00669895 0.00737126 0.0071418 0.00615801 0.00481623 0.0035235 0.00251109 0.00180667 0.00132519
 1.01853e-16 1.20939e-05 0.000117557 0.000781212 0.00355133 0.0110499 0.0235459 0.0343823 0.0344604 0.0239273 0.0123303 0.0072478 0.0100535 0.0203376 0.0383509 0.0632175 0.0906775 0.113209 0.123147 0.116952 0.0973556 0.0716084 0.0472863 0.0288814 0.0171157 0.010401
 1.02068e-16 7.61984e-05 0.000740676 0.00492205 0.0223749 0.0696167 0.148326 0.216486 0.216487 0.148332 0.0696376 0.0224364 0.00508078 0.00110153 0.000803429 0.00131662 0.00214228 0.00321913 0.00452155 0.00600761 0.00758368 0.00905993 0.0101507 0.0105606 0.0101222 0.00889421
 1.01087e-16 6.86184e-05 0.000666996 0.00443242 0.0201492 0.0626916 0.133572 0.194955 0.19497 0.133645 0.0629369 0.0208573 0.00620847 0.00453948 0.00740969 0.0121062 0.0173524 0.0216556 0.0235512 0.0223779 0.0186856 0.0138908 0.00945797 0.00623192 0.00430083 0.00328817
 1.03794e-16 3.05862e-05 0.000297309 0.00197572 0.00898138 0.0279447 0.059541 0.0869126 0.0869638 0.0597915 0.0287858 0.011411 0.00807505 0.0136145 0.025329 0.0418413 0.0603043 0.0758942 0.0836901 0.0813836 0.0706173 0.0558157 0.0415079 0.0302441 0.0223058 0.0167418
 1.02017e-16 7.56476e-05 0.000735322 0.00488647 0.0222132 0.0691135 0.147254 0.214922 0.214925 0.147269 0.0691656 0.0223644 0.00526881 0.00157953 0.00170702 0.00277559 0.00416196 0.0055907 0.00682669 0.00774813 0.00838086 0.00881025 0.00905207 0.00900852 0.00854658 0.00761958
 1.00658e-16 7.34449e-05 0.00071391 0.00474419 0.0215664 0.0671011 0.142966 0.208666 0.208675 0.143013 0.0672594 0.0220233 0.0058903 0.00321325 0.00481248 0.00781984 0.0112115 0.0140031 0.0152486 0.0145188 0.012162 0.00908247 0.00621627 0.00410501 0.00281077 0.00210326
 1.03034e-16 1.98273e-05 0.000192729 0.00128075 0.00582217 0.0181153 0.0385989 0.05635 0.0564158 0.0389201 0.0191936 0.00893613 0.00909483 0.0172429 0.0323773 0.053431 0.0768147 0.0962675 0.105402 0.101246 0.0860055 0.06558 0.0460785 0.0310443 0.0209746 0.0145948
 1.18714e-16 2.59558e-05 0.000252299 0.00167662 0.00762168 0.023714 0.0505258 0.0737475 0.073765 0.0506117 0.0240045 0.00846973 0.00383831 0.00508033 0.00951455 0.0165205 0.0257326 0.0363923 0.0476026 0.058741 0.069422 0.0789487 0.0858575 0.088212 0.0846053 0.0751176
 1.01356e-16 8.04223e-05 0.000781734 0.0051949 0.0236152 0.0734758 0.156548 0.228486 0.228487 0.156552 0.0734888 0.0236529 0.00528993 0.000990752 0.000482162 0.000682936 0.00100844 0.00134066 0.00162456 0.00184926 0.00205347 0.00229443 0.00259771 0.00292663 0.0031935 0.00330228
pSPR Fmed_Fpbrs
0.230297   0.242703 0.242703
Fs Fmed_Fpbrs
1.05207   1.005 1.005
SSBpbr Bo_Bmed_Bpbrs
1.48863e+06  268395  286863 286863
Ro
47021
SPR SPRFo_SPRFmed_SPRFpbrs
336103 77403.4 81573.2
Fref
1.005
Nvult_r0
 84177.5 1041.3 507.915 1333.18 149.905
CTP_r0
 40264.5 604.769 294.987 774.287 87.0621
YTP_r0
390902
Np
 93348.8 14513.5 105.574 51.4958 147.61
Nvult_p0
 75690.9 12559.1 91.3577 44.5614 127.733
CTP_p0
 30235.2 6295.23 45.7928 22.3363 64.0256
YTP_p0
 332754
CBA_c0
373457
log_Ro
10.5784
likeval ReclasPelacesDesembMPH_pf_preclas_ppelaces_ptallas_desvR_qrecl_qpela
 17.128 23.5052 0.307813 0.00100962 337.267 122.586 123.106 0 106.284 8.72366e-05 0.000155052 0.00440002 0 0 0
q_reclas_q_pelaces
3.75664 5.87991
M
1
N
 7049.42 18457.8 76542.6 10666.8 0.0879996
 4271.25 2130.44 5045.09 20921.5 2915.6
 172926 782.175 273.169 646.891 3056.43
 54847.9 31730.3 100.594 35.1318 476.278
 4745.9 7087.64 2402.55 7.61678 38.7228
 289198 340.068 220.171 74.6329 1.4395
 5748.4 74768.5 73.4218 47.5357 16.4243
 1527.09 830.818 6704.6 6.58384 5.73539
 58059.5 322.405 132.076 1065.84 1.9584
 6596.78 11319.9 45.4457 18.6172 150.515
 32558.6 510.933 395.502 1.58781 5.90922
 121392 7303.85 89.0211 68.9092 1.30623
 70512.9 16419.6 592.528 7.22187 5.69626
 69079.5 9076.31 1235.92 44.6001 0.972359
 40815.2 4829.41 271.642 36.9894 1.36393
 270139 2862.01 145.196 8.16692 1.15309
 8190.77 45544.4 323.884 16.4313 1.05471
 502957 1179.93 4063.78 28.8991 1.56022
 107955 117597 218.852 753.746 5.64957
 243963 16179.9 11140.1 20.7321 71.9384
 176236 39636.5 1731.43 1192.11 9.91674
 454182 29136.8 4354.81 190.23 132.065
 12055.8 81126.9 3598.03 537.765 39.7994
 161047 2456.62 12224.2 542.152 87.0276
 166168 35767.9 421.603 2097.91 107.979
 23121.9 38502.9 6544.35 77.1393 403.605
 124025 5250.05 6832.22 1161.27 85.3067
 214238 25671.7 810.03 1054.14 192.335
 19842.4 59843.8 6229.88 196.574 302.489
 7354.69 5561.92 14599 1519.79 121.747
 98691.1 1146.88 559.411 1468.35 165.104
pred_Ctot
 808.241 3071.96 12739.1 1775.3 0.0146459
 1433.76 953.046 2256.91 9359.16 1304.29
 57923.4 349.262 121.977 288.854 1364.78
 24419.4 17963.7 56.9501 19.8894 269.639
 2734.36 4889.34 1657.38 5.25436 26.7126
 55911.4 92.6998 60.0169 20.3444 0.392396
 2375.23 39840.4 39.1228 25.3294 8.7517
 430.125 318.791 2572.61 2.52627 2.20071
 18151 135.602 55.5506 448.287 0.823695
 3706.8 7667.44 30.7823 12.6102 101.95
 8357.91 180.456 139.687 0.560796 2.08707
 52501 4039.36 49.2327 38.1099 0.722403
 31469.4 9313.67 336.1 4.09646 3.23109
 40100.8 6295.45 857.248 30.9352 0.674442
 23671.8 3347.55 188.291 25.6395 0.945416
 98435.6 1373.26 69.6684 3.91867 0.553279
 3392.45 24315.5 172.917 8.77246 0.563097
 120187 390.64 1345.4 9.56768 0.516546
 43419.7 61285.1 114.053 392.811 2.94425
 91890.5 7983.35 5496.64 10.2294 35.4951
 65369.4 19306.1 843.341 580.651 4.83023
 156475 13328.7 1992.12 87.0211 60.4135
 3564.86 32496.2 1441.23 215.407 15.9421
 42017.4 880.38 4380.81 194.292 31.1882
 40358.9 12017.5 141.653 704.871 36.2796
 5816.99 13354.2 2269.82 26.7548 139.985
 35910.5 2064.31 2686.41 456.61 33.5424
 33334 5712.05 180.234 234.55 42.7952
 3052.59 13174.1 1371.45 43.2741 66.5903
 2867.21 2824.49 7413.77 771.79 61.8265
 40264.5 604.769 294.987 774.287 87.0621
F
 0.196617 0.297073 0.297073 0.297073 0.297073
 0.697584 1.05399 1.05399 1.05399 1.05399
 0.695591 1.05098 1.05098 1.05098 1.05098
 1.04621 1.58074 1.58074 1.58074 1.58074
 1.63589 2.4717 2.4717 2.4717 2.4717
 0.352714 0.532923 0.532923 0.532923 0.532923
 0.934267 1.4116 1.4116 1.4116 1.4116
 0.555313 0.839034 0.839034 0.839034 0.839034
 0.634904 0.95929 0.95929 0.95929 0.95929
 1.5581 2.35416 2.35416 2.35416 2.35416
 0.494642 0.747365 0.747365 0.747365 0.747365
 1.00055 1.51176 1.51176 1.51176 1.51176
 1.05013 1.58666 1.58666 1.58666 1.58666
 1.66053 2.50894 2.50894 2.50894 2.50894
 1.65753 2.5044 2.5044 2.5044 2.5044
 0.78025 1.1789 1.1789 1.1789 1.1789
 0.937556 1.41657 1.41657 1.41657 1.41657
 0.453242 0.684813 0.684813 0.684813 0.684813
 0.897938 1.35671 1.35671 1.35671 1.35671
 0.817267 1.23483 1.23483 1.23483 1.23483
 0.799823 1.20847 1.20847 1.20847 1.20847
 0.722484 1.09162 1.09162 1.09162 1.09162
 0.590762 0.892595 0.892595 0.892595 0.892595
 0.504644 0.762477 0.762477 0.762477 0.762477
 0.462267 0.698449 0.698449 0.698449 0.698449
 0.482543 0.729084 0.729084 0.729084 0.729084
 0.575094 0.868922 0.868922 0.868922 0.868922
 0.275351 0.416033 0.416033 0.416033 0.416033
 0.271876 0.410783 0.410783 0.410783 0.410783
 0.858294 1.29681 1.29681 1.29681 1.29681
 0.916913 1.38538 1.38538 1.38538 1.38538
nmprior
 8.19 8.8 8.5 0
nm_flota  nm_reclas  nm_pelaces    nm_pelaL
inf 21.2926 4.70573 7.48885
cv_recla  cv_pelaces  cv_mph
0.37435 0.549736 0.980581
 ------------------------------------------------
Talla a la edad & desviaci?n 
 8 13.2811 15.8009 17.003 17.5766
 0.8 1.32811 1.58009 1.7003 1.75766
