years
 1991 1992 1993 1994 1995 1996 1997 1998 1999 2000 2001 2002 2003 2004 2005 2006 2007 2008 2009 2010 2011 2012 2013 2014 2015 2016 2017 2018 2019 2020 2021
reclasobs
 0 0 0 0 0 0 0 0 0 252601 567819 844713 477998 351125 339783 2.1784e+06 2.13404e+06 4.81314e+06 1.55562e+06 2.62356e+06 3.21686e+06 3.843e+06 1.13348e+06 3.07943e+06 1.97215e+06 2.03268e+06 2.025e+06 2.42433e+06 2.27542e+06 1.05018e+06 2.36338e+06
reclaspred
 3.06915e+06 2.42594e+06 1.39145e+06 1.26685e+06 1.62997e+06 2.23802e+06 1.77419e+06 1.67028e+06 1.2274e+06 918474 702207 788271 771599 655600 773429 1.25934e+06 1.79901e+06 2.6918e+06 2.47833e+06 1.98994e+06 3.42893e+06 2.76404e+06 2.69448e+06 3.22688e+06 2.76547e+06 2.66394e+06 2.74592e+06 2.64662e+06 2.94648e+06 2.09606e+06 2.95818e+06
pelacesobs
 0 0 0 0 0 0 0 0 0 0 0 0 0 0 0 552880 188675 0 991730 2.46772e+06 1.41603e+06 1.21717e+06 2.29649e+06 1.80582e+06 0 1.4828e+06 1.56532e+06 1.57751e+06 1.42118e+06 867257 1.10002e+06
pelacespred
 1.3345e+06 1.17937e+06 712864 575131 731885 1.00907e+06 834533 861500 669004 468117 385255 342523 355819 325317 402993 548152 761613 1.20521e+06 1.23395e+06 945246 1.42996e+06 1.37947e+06 1.28208e+06 1.63199e+06 1.44356e+06 1.32279e+06 1.52825e+06 1.52331e+06 1.36608e+06 1.08855e+06 1.53475e+06
mphobs
 0 0 0 0 0 0 0 0 0 0 0 498337 0 5186 125008 0 168611 109162 213762 579715 649985 157893 87575 83554 0 0 0 0 0 0 0
mphpred
 2.32047e+06 2.51224e+06 1.47571e+06 881884 1.16665e+06 1.49809e+06 1.78974e+06 1.26205e+06 1.22213e+06 869739 578287 622393 596350 530807 442639 709356 1.29049e+06 1.58297e+06 2.10476e+06 1.77831e+06 1.96875e+06 2.46419e+06 2.26248e+06 2.08039e+06 2.61813e+06 2.13919e+06 1.9771e+06 2.04209e+06 2.62157e+06 1.94811e+06 1.52097e+06
desembarqueobs
 494567 514787 250237 358949 120608 361735 552515 73892 212993 205616 52469 317467 293654 387597 252695 516296 358380 742168 942051 627588 828172 859565 418607 520667 417249 300574 407403 355545 319650 289779 391294
desembarquepred
 494446 507865 253551 359126 120681 361866 552689 73919.1 213139 205780 52477.4 317595 293683 387720 252701 516478 358453 742467 942130 627765 828556 859591 418372 520608 417373 300632 407405 355574 319704 289757 391344
Reclutas
 534825 91185.8 123347 326735 307022 352551 161538 117329 74251.9 91024.9 139241 163829 157049 124506 170007 479190 217224 653599 552446 381735 581539 708826 222859 455664 393562 243097 428305 440036 182328 173585 638726
log_desv_Rt
 0.736754 -1.03229 -0.730183 0.243964 0.181736 0.320011 -0.460442 -0.7802 -1.23772 -1.03405 -0.608981 -0.446362 -0.488626 -0.720831 -0.409347 0.626912 -0.164257 0.93731 0.769172 0.399542 0.820493 1.01843 -0.138647 0.576571 0.430054 -0.051726 0.51465 0.541672 -0.33938 -0.388516 0.91429
SSB
 2.32047e+06 2.51224e+06 1.47571e+06 881884 1.16665e+06 1.49809e+06 1.78974e+06 1.26205e+06 1.22213e+06 869739 578287 622393 596350 530807 442639 709356 1.29049e+06 1.58297e+06 2.10476e+06 1.77831e+06 1.96875e+06 2.46419e+06 2.26248e+06 2.08039e+06 2.61813e+06 2.13919e+06 1.9771e+06 2.04209e+06 2.62157e+06 1.94811e+06 1.52097e+06
BT
 4.07408e+06 3.3072e+06 1.97752e+06 2.09289e+06 2.1522e+06 3.35292e+06 2.62052e+06 2.58226e+06 2.00704e+06 1.46535e+06 1.17376e+06 1.2834e+06 1.35321e+06 1.46382e+06 1.68465e+06 2.32263e+06 2.45138e+06 4.6162e+06 4.6582e+06 3.21862e+06 5.2457e+06 4.80195e+06 3.85492e+06 5.7827e+06 4.24559e+06 4.01245e+06 5.32837e+06 5.17414e+06 3.67466e+06 3.18522e+06 5.7813e+06
Ftot
 0.152817 0.197435 0.172298 0.266666 0.0706715 0.153378 0.291403 0.0423313 0.164445 0.211278 0.0713466 0.374868 0.354945 0.542868 0.307149 0.383142 0.188416 0.259703 0.354586 0.295604 0.227912 0.291621 0.147246 0.153143 0.143196 0.107399 0.140954 0.127781 0.103235 0.13127 0.125936
BD_Bspro_t
 0.975846 0.864355 0.736237 0.668518 0.72365 0.80717 0.787882 0.688585 0.757951 0.728073 0.699481 0.779573 0.664665 0.589874 0.529033 0.62715 0.675156 0.704946 0.711475 0.645538 0.625563 0.671071 0.682622 0.700662 0.768812 0.775163 0.797724 0.818604 0.845679 0.804926 0.78439
BD_Bspro
 1.2681 1.3729 0.806451 0.481935 0.637553 0.818679 0.978064 0.689688 0.667876 0.475297 0.316024 0.340127 0.325895 0.290077 0.241895 0.387651 0.705233 0.865064 1.15022 0.971814 1.07589 1.34664 1.23641 1.1369 1.43077 1.16903 1.08045 1.11597 1.43265 1.06461 0.831182
BD_Bo
 1.02639 1.11121 0.652733 0.390073 0.516029 0.66263 0.791634 0.558226 0.540571 0.384701 0.255787 0.275295 0.263776 0.234785 0.195787 0.313761 0.570808 0.700174 0.930974 0.786576 0.870813 1.08996 1.00073 0.920194 1.15805 0.946201 0.874504 0.903253 1.15957 0.861683 0.67275
BD_Brms
 4.35698 4.71706 2.77084 1.65585 2.19053 2.81285 3.36047 2.36966 2.29471 1.63305 1.08581 1.16862 1.11972 0.996659 0.831111 1.33191 2.42307 2.97222 3.95196 3.339 3.69658 4.62684 4.24809 3.9062 4.91588 4.0166 3.71225 3.83429 4.92234 3.65782 2.85581
Sel_flota
 0.5 1 1 1 1
 0.5 1 1 1 1
 0.5 1 1 1 1
 0.5 1 1 1 1
 0.5 1 1 1 1
 0.5 1 1 1 1
 0.5 1 1 1 1
 0.5 1 1 1 1
 0.5 1 1 1 1
 0.5 1 1 1 1
 0.5 1 1 1 1
 0.5 1 1 1 1
 0.5 1 1 1 1
 0.5 1 1 1 1
 0.5 1 1 1 1
 0.5 1 1 1 1
 0.5 1 1 1 1
 0.5 1 1 1 1
 0.5 1 1 1 1
 0.5 1 1 1 1
 0.5 1 1 1 1
 0.5 1 1 1 1
 0.5 1 1 1 1
 0.5 1 1 1 1
 0.5 1 1 1 1
 0.5 1 1 1 1
 0.5 1 1 1 1
 0.5 1 1 1 1
 0.5 1 1 1 1
 0.5 1 1 1 1
 0.5 1 1 1 1
Sel_reclas
 0.5 1 1 1 1
 0.5 1 1 1 1
 0.5 1 1 1 1
 0.5 1 1 1 1
 0.5 1 1 1 1
 0.5 1 1 1 1
 0.5 1 1 1 1
 0.5 1 1 1 1
 0.5 1 1 1 1
 0.5 1 1 1 1
 0.5 1 1 1 1
 0.5 1 1 1 1
 0.5 1 1 1 1
 0.5 1 1 1 1
 0.5 1 1 1 1
 0.5 1 1 1 1
 0.5 1 1 1 1
 0.5 1 1 1 1
 0.5 1 1 1 1
 0.5 1 1 1 1
 0.5 1 1 1 1
 0.5 1 1 1 1
 0.5 1 1 1 1
 0.5 1 1 1 1
 0.5 1 1 1 1
 0.5 1 1 1 1
 0.5 1 1 1 1
 0.5 1 1 1 1
 0.5 1 1 1 1
 0.5 1 1 1 1
 0.5 1 1 1 1
Sel_pelaces
 0.5 1 1 1 1
 0.5 1 1 1 1
 0.5 1 1 1 1
 0.5 1 1 1 1
 0.5 1 1 1 1
 0.5 1 1 1 1
 0.5 1 1 1 1
 0.5 1 1 1 1
 0.5 1 1 1 1
 0.5 1 1 1 1
 0.5 1 1 1 1
 0.5 1 1 1 1
 0.5 1 1 1 1
 0.5 1 1 1 1
 0.5 1 1 1 1
 0.5 1 1 1 1
 0.5 1 1 1 1
 0.5 1 1 1 1
 0.5 1 1 1 1
 0.5 1 1 1 1
 0.5 1 1 1 1
 0.5 1 1 1 1
 0.5 1 1 1 1
 0.5 1 1 1 1
 0.5 1 1 1 1
 0.5 1 1 1 1
 0.5 1 1 1 1
 0.5 1 1 1 1
 0.5 1 1 1 1
 0.5 1 1 1 1
 0.5 1 1 1 1
pf_obs 
 0.8446 0.082 0.0669 0.0065 0
 0.8095 0.147 0.0364 0.0071 0
 0.9664 0.0169 0.016 0.0007 0
 0.9276 0.0648 0.0075 0.0001 0
 0.7033 0.2144 0.0806 0.0017 0
 0.9318 0.0425 0.0243 0.0014 0
 0.5671 0.3108 0.0964 0.0239 0.0018
 0.0768 0.2599 0.5324 0.112 0.0189
 0.490249 0.384438 0.106611 0.0170017 0.00170017
 0.7925 0.1577 0.0466 0.003 0.0002
 0.840416 0.127587 0.0312969 0.00059994 9.999e-05
 0.8084 0.0986 0.0794 0.0134 0.0002
 0.7335 0.1905 0.0724 0.0035 0.0001
 0.4001 0.4547 0.1325 0.0127 0
 0.49795 0.308269 0.164784 0.0264974 0.00249975
 0.9179 0.0499 0.0305 0.0017 0
 0.2467 0.6533 0.0926 0.0074 0
 0.9418 0.0223 0.034 0.0019 0
 0.707729 0.231977 0.0356964 0.0245975 0
 0.517169 0.277429 0.184464 0.0207286 0.00020938
 0.811772 0.124168 0.05621 0.00726502 0.000585176
 0.764997 0.148141 0.077277 0.00933861 0.000247198
 0.163321 0.427699 0.378323 0.0303852 0.000271297
 0.753843 0.0900009 0.118128 0.0371064 0.000921714
 0.721811 0.176058 0.0630433 0.0369309 0.00215725
 0.143369 0.312575 0.442814 0.0836902 0.0175525
 0.692698 0.0596174 0.167031 0.0765114 0.00414204
 0.394062 0.376323 0.152708 0.0712218 0.00568511
 0.125707 0.32114 0.495352 0.0537591 0.00404204
 0.23352 0.215282 0.420074 0.123614 0.00750983
 0.774587 0.0839891 0.0768558 0.0609784 0.00358967
pf_pred 
 0.607349 0.248203 0.0913087 0.0335906 0.0195489
 0.165908 0.637209 0.124454 0.045784 0.0266452
 0.384073 0.182733 0.330941 0.0646363 0.0376168
 0.701483 0.169424 0.0382994 0.0693626 0.0214315
 0.553099 0.373514 0.0416511 0.0094155 0.0223208
 0.544487 0.326365 0.10794 0.0120365 0.00917131
 0.337422 0.473351 0.135577 0.0448398 0.00881004
 0.377509 0.327669 0.210623 0.0603263 0.0238721
 0.333666 0.367261 0.157427 0.101193 0.0404527
 0.491801 0.26047 0.13654 0.0585283 0.0526609
 0.612245 0.261075 0.0649279 0.0340357 0.0277164
 0.576706 0.323097 0.0674624 0.0167775 0.0159569
 0.559481 0.331787 0.0829939 0.0173291 0.00840848
 0.513533 0.359349 0.0957416 0.023949 0.0074269
 0.648857 0.25064 0.0742408 0.01978 0.0064822
 0.794443 0.164872 0.0290402 0.00860185 0.00304285
 0.41012 0.528933 0.0488843 0.00861035 0.00345263
 0.738094 0.15589 0.0950628 0.00878577 0.00216803
 0.546608 0.389452 0.0380581 0.0232081 0.0026742
 0.4643 0.390254 0.124935 0.0122089 0.00830296
 0.621933 0.247428 0.0951691 0.0304672 0.00500212
 0.605207 0.30747 0.0571494 0.0219815 0.00819245
 0.281754 0.552973 0.128716 0.0239245 0.0126317
 0.581599 0.188439 0.177046 0.0412113 0.0117043
 0.492686 0.377527 0.0584534 0.0549194 0.0164143
 0.381693 0.413989 0.152047 0.0235417 0.0287292
 0.593033 0.228023 0.119813 0.0440038 0.0151278
 0.536446 0.348762 0.0643178 0.0337952 0.0166791
 0.302178 0.492781 0.154266 0.0284493 0.0223259
 0.397662 0.284104 0.224727 0.070351 0.0231554
 0.760211 0.138719 0.0476715 0.0377082 0.01569
pobs_RECLAS
 0 0 0 0 0
 0 0 0 0 0
 0 0 0 0 0
 0 0 0 0 0
 0 0 0 0 0
 0 0 0 0 0
 0 0 0 0 0
 0 0 0 0 0
 0 0 0 0 0
 0 0 0 0 0
 0.991045 0.00858322 0.000360255 1.14367e-05 0
 0.934742 0.0480273 0.0164251 0.00080598 0
 0.827803 0.169806 0.00239088 0 0
 0.941827 0.0461693 0.0120037 0 0
 0.791401 0.0380133 0.147996 0.0225897 0
 0.846168 0.0940531 0.0597789 0 0
 0.134021 0.677848 0.182769 0.00536245 0
 0.80878 0.0450904 0.141981 0.00414843 0
 0.846168 0.0940531 0.0597789 0 0
 0.905697 0.0802665 0.012482 0.00150086 5.37128e-05
 0.989698 0.0102097 9.19794e-05 0 0
 0.975433 0.0193895 0.00387452 0.00125025 5.28907e-05
 0.303575 0.632131 0.0575291 0.00676475 0
 0.966965 0.00978017 0.0227588 0.000495775 0
 0.843318 0.132988 0.00938335 0.0141283 0.000182051
 0.564624 0.303363 0.111486 0.0197234 0.00080311
 0.826376 0.0876187 0.0782897 0.00655872 0.00115652
 0.89761 0.0855135 0.0140674 0.00269457 0.000114338
 0.34875 0.467042 0.161289 0.0227151 0.000203297
 0.318654 0.224769 0.449479 0.00709798 0
 0.937255 0.0296025 0.0250945 0.00804832 0
ppred_RECLAS
 0.609006 0.247155 0.0909234 0.0334488 0.0194664
 0.167191 0.636229 0.124262 0.0457136 0.0266042
 0.385953 0.182175 0.329931 0.064439 0.037502
 0.704202 0.16788 0.0379505 0.0687306 0.0212362
 0.553851 0.372885 0.0415809 0.00939965 0.0222832
 0.546218 0.325125 0.10753 0.0119908 0.00913646
 0.340659 0.471039 0.134915 0.0446208 0.00876701
 0.37793 0.327448 0.21048 0.0602856 0.023856
 0.335345 0.366336 0.157031 0.100938 0.0403508
 0.494295 0.259191 0.13587 0.0582411 0.0524025
 0.612975 0.260584 0.0648057 0.0339716 0.0276642
 0.581455 0.319472 0.0667056 0.0165893 0.0157779
 0.563972 0.328405 0.0821478 0.0171524 0.00832275
 0.521228 0.353665 0.0942272 0.0235702 0.00730943
 0.652349 0.248147 0.0735025 0.0195833 0.00641773
 0.79769 0.162268 0.0285814 0.00846596 0.00299478
 0.412244 0.527029 0.0487084 0.00857935 0.0034402
 0.740528 0.154441 0.0941793 0.00870411 0.00214788
 0.55112 0.385576 0.0376794 0.0229772 0.00264759
 0.467954 0.387592 0.124082 0.0121256 0.00824632
 0.624486 0.245758 0.0945264 0.0302614 0.00496834
 0.608655 0.304785 0.0566502 0.0217895 0.0081209
 0.283107 0.551931 0.128474 0.0238794 0.0126079
 0.583295 0.187675 0.176329 0.0410443 0.0116568
 0.494305 0.376322 0.0582668 0.0547442 0.0163619
 0.382813 0.413239 0.151771 0.0234991 0.0286772
 0.594568 0.227163 0.119361 0.0438378 0.0150707
 0.537868 0.347692 0.0641205 0.0336915 0.0166279
 0.303138 0.492103 0.154053 0.0284101 0.0222952
 0.399074 0.283439 0.2242 0.0701861 0.0231012
 0.761236 0.138126 0.0474677 0.037547 0.0156229
pobs_PELACES
 0 0 0 0 0
 0 0 0 0 0
 0 0 0 0 0
 0 0 0 0 0
 0 0 0 0 0
 0 0 0 0 0
 0 0 0 0 0
 0 0 0 0 0
 0 0 0 0 0
 0 0 0 0 0
 0 0 0 0 0
 0 0 0 0 0
 0 0 0 0 0
 0 0 0 0 0
 0 0 0 0 0
 0 0 0 0 0
 0.505614 0.472636 0.0217494 0 0
 0 0 0 0 0
 0.443492 0.261883 0.143347 0.151278 0
 0.227955 0.32914 0.350689 0.0885471 0.00366901
 0.970185 0.0296113 0.000203453 0 0
 0.997202 0.00247181 0.000326279 0 0
 0.445219 0.490057 0.0546422 0.010081 0
 0.90214 0.0892962 0.00764917 0.000914606 0
 0 0 0 0 0
 0.581667 0.319106 0.0959925 0.00289975 0.000334073
 0.762889 0.0836404 0.116647 0.0363945 0.000428098
 0.88444 0.0763242 0.0277011 0.0115352 0
 0.521256 0.241999 0.230069 0.00667565 0
 0.616807 0.101726 0.260614 0.0208532 0
 0.833518 0.0704572 0.0857862 0.0102388 0
ppred_PELACES
 0.614993 0.243371 0.089531 0.0329366 0.0191684
 0.171777 0.632726 0.123578 0.0454619 0.0264578
 0.392712 0.18017 0.326299 0.0637297 0.0370892
 0.713285 0.162726 0.0367852 0.0666203 0.0205842
 0.556731 0.370478 0.0413125 0.00933898 0.0221393
 0.552483 0.320636 0.106045 0.0118253 0.00901032
 0.351539 0.463266 0.132688 0.0438844 0.00862233
 0.379573 0.326583 0.209924 0.0601263 0.0237929
 0.341419 0.362988 0.155596 0.100015 0.0399821
 0.50301 0.254725 0.133529 0.0572374 0.0514995
 0.615764 0.258706 0.0643387 0.0337268 0.0274649
 0.596428 0.308044 0.0643193 0.0159958 0.0152134
 0.578316 0.317601 0.0794454 0.0165881 0.00804896
 0.543524 0.337195 0.0898391 0.0224725 0.00696904
 0.663752 0.240008 0.0710916 0.018941 0.00620723
 0.807701 0.154239 0.0271672 0.00804706 0.0028466
 0.419796 0.520256 0.0480824 0.0084691 0.00339599
 0.748676 0.149591 0.0912217 0.00843077 0.00208042
 0.565546 0.373184 0.0364684 0.0222387 0.0025625
 0.480114 0.378733 0.121246 0.0118485 0.00805785
 0.633263 0.240014 0.0923171 0.0295541 0.00485222
 0.620054 0.295906 0.0550001 0.0211548 0.00788435
 0.288064 0.548115 0.127586 0.0237143 0.0125208
 0.589423 0.184915 0.173736 0.0404407 0.0114854
 0.500211 0.371927 0.0575863 0.0541048 0.0161708
 0.387009 0.41043 0.150739 0.0233393 0.0284823
 0.600162 0.224029 0.117714 0.043233 0.0148627
 0.543105 0.343752 0.0633939 0.0333098 0.0164395
 0.306748 0.489554 0.153255 0.0282629 0.0221797
 0.404279 0.280983 0.222258 0.0695781 0.0229011
 0.764993 0.135953 0.0467209 0.0369563 0.0153771
pobs_pel_tallas
 0 0 0 0 0 0 0 0 0 0 0 0 0 0 0 0 0 0 0 0 0 0 0 0 0 0
 0 0 0 0 0 0 0 0 0 0 0 0 0 0 0 0 0 0 0 0 0 0 0 0 0 0
 0 0 0 0 0 0 0 0 0 0 0 0 0 0 0 0 0 0 0 0 0 0 0 0 0 0
 0 0 0 0 0 0 0 0 0 0 0 0 0 0 0 0 0 0 0 0 0 0 0 0 0 0
 0 0 0 0 0 0 0 0 0 0 0 0 0 0 0 0 0 0 0 0 0 0 0 0 0 0
 0 0 0 0 0 0 0 0 0 0 0 0 0 0 0 0 0 0 0 0 0 0 0 0 0 0
 0 0 0 0 0 0 0 0 0 0 0 0 0 0 0 0 0 0 0 0 0 0 0 0 0 0
 0 0 0 0 0 0 0 0 0 0 0 0 0 0 0 0 0 0 0 0 0 0 0 0 0 0
 0 0 0 0 0 0 0 0 0 0 0 0 0 0 0 0 0 0 0 0 0 0 0 0 0 0
 0 0 0 0 0 0 0 0 0 0 0 0 0 0 0 0 0 0 0 0 0 0 0 0 0 0
 0 0 0 0 0 0 0 0 0 0 0 0 0 0 0 0 0 0 0 0 0 0 0 0 0 0
 0 0 0 0 0 0 0 0 0 0 0 0 0 0 0 0 0 0 0 0 0 0 0 0 0 0
 0.00862536 0 0 0.000197151 0.00414017 0.0128641 0.00837892 0.0270097 0.101434 0.158115 0.152841 0.127902 0.109271 0.109419 0.0830992 0.0579132 0.0238553 0.00714673 0.00463305 0.00128148 0.00103504 0.000492878 0.000147863 0.000147863 4.92878e-05 0
 0 0 0 0 0 0 0 0 0 0 0 0 0 0 0 0 0 0 0 0 0 0 0 0 0 0
 0 0 0 0 0 0 0 0.0054083 0.00873648 0.0413646 0.0450493 0.0745869 0.0622846 0.0627006 0.0613931 0.0827291 0.12552 0.122667 0.0946155 0.0697135 0.0546179 0.0294188 0.0215738 0.0213955 0.0102223 0.00600262
 0 0 0 0 0.00359764 0.0251062 0.0480494 0.140153 0.205849 0.193036 0.1447 0.116669 0.0760912 0.0342217 0.00950174 0.001854 0.000860785 0 0 0 0.000165536 0 0.000143464 0 0 0
 0 0 0 0 0 0 0 0.000145254 0.000435761 0.0275982 0.070085 0.0708112 0.156366 0.174668 0.174014 0.160142 0.0824315 0.0480064 0.0283245 0.00493863 0.00203355 0 0 0 0 0
 0 0 0 0 0 0 0 0 0 0 0 0 0 0 0 0 0 0 0 0 0 0 0 0 0 0
 0 0 1.00437e-05 0.000401748 0.00122533 0.00171747 0.00176769 0.0269171 0.070346 0.194647 0.189555 0.159765 0.064822 0.0314167 0.0384472 0.0292271 0.0345202 0.0313363 0.0194345 0.0106764 0.0143323 0.0359363 0.0279516 0.0138201 0.00172751 0
 0 0.0021121 0.0136068 0.0755702 0.200478 0.177729 0.0527432 0.0373336 0.0318909 0.0142505 0.0149659 0.0166563 0.0217959 0.0798694 0.0677717 0.0528807 0.04013 0.0224614 0.0357745 0.0225083 0.00881397 0.00855152 0.00135912 0.000746735 0 0
 0 0 0 0 5.4009e-05 0.00500934 0.000945158 0.0243581 0.138947 0.33067 0.221406 0.137944 0.0707744 0.0437923 0.0131692 0.00525238 0.0047753 0.00276346 9.45158e-05 9.00151e-06 2.25038e-05 9.00151e-06 4.50075e-06 0 0 0
 0.000866109 0.00284123 0.00948549 0.0512746 0.133035 0.25785 0.225252 0.132002 0.0553304 0.0519788 0.0540692 0.017754 0.00435017 0.00159236 0.00146478 0.000404838 0.000125132 0.000115318 0.000107957 0.000100596 0 0 0 0 0 0
 0 0 0 0 0.00144013 0.00171154 0.00461396 0.0210425 0.0478622 0.0707936 0.0888783 0.103762 0.0637923 0.0337046 0.0602308 0.124433 0.169614 0.0934646 0.0462172 0.0250306 0.0313229 0.00938855 0.002487 0.000210481 0 0
 0 0.00764035 0.051015 0.0998891 0.058973 0.0496711 0.0374665 0.0718981 0.12319 0.153886 0.159021 0.0857701 0.0377988 0.023471 0.0147837 0.00900784 0.00315554 0.000888139 0.00291439 0.00214683 0.00393193 0.00274676 0.000635225 9.99891e-05 0 0
 0 0 0 0 0 0 0 0 0 0 0 0 0 0 0 0 0 0 0 0 0 0 0 0 0 0
 0 0 0 0 0 0 0 0 0 0 0 0 0 0 0 0 0 0 0 0 0 0 0 0 0 0
 0 0 0 0 0 0 0 0 0 0 0 0 0 0 0 0 0 0 0 0 0 0 0 0 0 0
 0 0 0 0 0 0 0 0 0 0 0 0 0 0 0 0 0 0 0 0 0 0 0 0 0 0
 0 0 0 0 0 0 0 0 0 0 0 0 0 0 0 0 0 0 0 0 0 0 0 0 0 0
 0 0 0 0 0 0 0 0 0 0 0 0 0 0 0 0 0 0 0 0 0 0 0 0 0 0
 0 0 0 0 0 0 0 0 0 0 0 0 0 0 0 0 0 0 0 0 0 0 0 0 0 0
ppred_pel_tallas
 1.09193e-16 5.06562e-05 0.000492397 0.00327215 0.0148747 0.0462809 0.0986073 0.143925 0.143949 0.0987225 0.0466678 0.0159935 0.00608522 0.00664962 0.0117926 0.0195434 0.0284523 0.0364292 0.0413784 0.042353 0.0400863 0.0363941 0.0329481 0.0304041 0.0284121 0.0262357
 1.12765e-16 1.41491e-05 0.000137535 0.000913969 0.00415481 0.0129275 0.0275456 0.0402164 0.0402775 0.027844 0.0139294 0.00704958 0.0081836 0.0160185 0.0302088 0.0500093 0.0722565 0.0913357 0.101531 0.100235 0.0894865 0.0745103 0.0604765 0.0500217 0.0429775 0.0377388
 1.22131e-16 3.23472e-05 0.000314427 0.00208948 0.00949847 0.0295533 0.0629672 0.0919062 0.091924 0.0630547 0.0298485 0.0103574 0.00426955 0.0051532 0.00945642 0.0161967 0.0247699 0.0341788 0.0433653 0.0517831 0.0594853 0.0665528 0.0724055 0.0757218 0.0751131 0.0700025
 1.11268e-16 5.87523e-05 0.000571094 0.00379512 0.0172521 0.0536777 0.114367 0.166925 0.16694 0.114443 0.053936 0.0179989 0.00567238 0.00467845 0.00788801 0.013027 0.0189591 0.0242925 0.0276866 0.0286185 0.0277251 0.026354 0.0256611 0.0259498 0.0266606 0.0268623
 1.05971e-16 4.58573e-05 0.000445749 0.00296216 0.0134656 0.0418966 0.0892664 0.130294 0.13033 0.0894408 0.0424821 0.0151567 0.00720642 0.00970901 0.0176329 0.0290645 0.0418347 0.0525543 0.0578075 0.0560438 0.0485182 0.0384571 0.0291366 0.0223567 0.0181878 0.015704
 1.05853e-16 4.55074e-05 0.000442348 0.00293956 0.0133628 0.0415769 0.0885851 0.129299 0.12933 0.0887366 0.0420859 0.0148343 0.00663766 0.00853048 0.0154507 0.0255867 0.0371231 0.0472431 0.0530832 0.0532915 0.0487699 0.0419386 0.0351598 0.0295913 0.0251462 0.0212099
 1.09808e-16 2.89559e-05 0.000281462 0.00187042 0.00850267 0.0264552 0.0563672 0.082279 0.0823238 0.056586 0.0271902 0.010627 0.00720849 0.0119534 0.0222517 0.0368874 0.0534804 0.067984 0.0762757 0.0764473 0.0698832 0.0601772 0.0508097 0.043439 0.0378203 0.0328701
 1.16198e-16 3.1265e-05 0.000303907 0.00201957 0.0091807 0.0285647 0.0608613 0.0888356 0.0888673 0.0610166 0.0290869 0.0106925 0.00582783 0.00866224 0.0160376 0.0268121 0.0394403 0.0513282 0.0598238 0.0636926 0.0637288 0.0619149 0.0598611 0.0578407 0.05504 0.0505295
 1.2138e-16 2.81223e-05 0.000273359 0.00181657 0.00825788 0.0256935 0.0547441 0.0799079 0.0799431 0.0549161 0.0262717 0.00993058 0.00602547 0.00949578 0.0176459 0.0294021 0.0430111 0.0555124 0.0639294 0.0669851 0.0658333 0.0630955 0.0609891 0.0600475 0.0592333 0.0570112
 1.18374e-16 4.14323e-05 0.000402737 0.00267633 0.0121662 0.0378537 0.0806523 0.11772 0.117744 0.0807732 0.0382603 0.0133428 0.00563865 0.00689967 0.0124702 0.0207897 0.0305171 0.0396094 0.0460272 0.0489021 0.0490237 0.0481515 0.0477128 0.047939 0.0479841 0.046702
 1.09954e-16 5.07197e-05 0.000493013 0.00327625 0.0148934 0.0463389 0.0987309 0.144106 0.144131 0.0988531 0.0467492 0.0160792 0.00625585 0.00700757 0.0124533 0.0205893 0.0298532 0.0379757 0.0426936 0.0430114 0.0397967 0.0351478 0.0310481 0.0283602 0.0267573 0.0253486
 1.06114e-16 4.9127e-05 0.000477532 0.00317337 0.0144257 0.0448839 0.0956309 0.139582 0.139612 0.0957762 0.0453717 0.0158354 0.00671364 0.0082121 0.0147567 0.0243664 0.0352111 0.0445254 0.0495225 0.0489255 0.043713 0.0364116 0.0295266 0.024344 0.020802 0.0181512
 1.054e-16 4.76352e-05 0.000463031 0.00307701 0.0139876 0.0435209 0.0927271 0.135344 0.135375 0.0928769 0.0440243 0.0154424 0.00673139 0.00844971 0.0152427 0.0251942 0.0364536 0.0461878 0.0515305 0.0511488 0.0460021 0.0386152 0.0314846 0.0258824 0.0217589 0.0184317
 1.06112e-16 4.47694e-05 0.000435175 0.00289189 0.0131461 0.0409027 0.0871487 0.127203 0.127235 0.0873079 0.0414374 0.0146914 0.00677405 0.00892131 0.0161949 0.0267903 0.0387938 0.0492171 0.0550316 0.0548296 0.0496207 0.0420552 0.0347351 0.0289569 0.0246269 0.0210084
 1.05063e-16 5.46725e-05 0.000531436 0.00353158 0.0160541 0.0499503 0.106425 0.155335 0.155359 0.106539 0.0503311 0.0171548 0.0062977 0.00658001 0.0115718 0.0191224 0.0277255 0.0352537 0.0395683 0.0396767 0.0362886 0.0312572 0.0263795 0.0225166 0.0195528 0.0169435
 1.02113e-16 6.65293e-05 0.000646688 0.00429747 0.0195357 0.0607828 0.129505 0.189019 0.189034 0.129578 0.0610269 0.0202409 0.00606805 0.00451347 0.00741502 0.0121658 0.0175488 0.0221316 0.0245011 0.0240066 0.0211383 0.0171776 0.0134124 0.0105306 0.00854485 0.00711312
 1.02945e-16 3.45782e-05 0.000336112 0.00223359 0.0101536 0.0315919 0.0673116 0.0982538 0.0983039 0.0675564 0.0324137 0.0125267 0.00818825 0.0133282 0.0246882 0.0407053 0.0585056 0.0732997 0.0802234 0.0770257 0.0654159 0.0499233 0.0352272 0.0240242 0.0166534 0.0120759
 1.03869e-16 6.16675e-05 0.00059943 0.00398343 0.0181081 0.056341 0.120041 0.175207 0.175221 0.120112 0.0565799 0.0187993 0.00572378 0.00441598 0.00736074 0.0122032 0.0178798 0.0231211 0.0266518 0.0278455 0.0270243 0.0251035 0.0229025 0.0207078 0.0183607 0.0156457
 1.03812e-16 4.65834e-05 0.000452807 0.00300906 0.0136788 0.04256 0.0906798 0.132357 0.132393 0.0908555 0.0431496 0.0153817 0.00728261 0.00977877 0.017749 0.0292454 0.0420714 0.0527994 0.0579718 0.0560088 0.0481585 0.0376613 0.0278193 0.0204656 0.0157158 0.0127076
 1.06148e-16 3.95465e-05 0.000384406 0.00255451 0.0116125 0.0361309 0.076982 0.112365 0.112402 0.077161 0.036732 0.01335 0.00692091 0.00993291 0.0182225 0.0301891 0.0437779 0.05566 0.0624399 0.0625102 0.0569355 0.0485899 0.0402959 0.0334638 0.0280345 0.0233132
 1.06511e-16 5.21611e-05 0.000507024 0.00336936 0.0153166 0.0476558 0.101537 0.1482 0.148224 0.10165 0.0480374 0.0164201 0.00614401 0.0065802 0.0116336 0.0192748 0.0280542 0.0358975 0.0407144 0.0415335 0.0390285 0.034944 0.0309102 0.0276097 0.0247995 0.0219066
 1.05119e-16 5.10731e-05 0.000496449 0.00329908 0.0149971 0.0466619 0.0994191 0.145111 0.14514 0.0995586 0.0471303 0.0163506 0.00669761 0.00791984 0.0141625 0.0233675 0.0337405 0.0426102 0.047289 0.0465466 0.0413319 0.0340939 0.0272697 0.0221228 0.0186117 0.0160215
 1.0832e-16 2.37276e-05 0.000230641 0.00153269 0.00696742 0.0216785 0.0461903 0.0674272 0.0674802 0.0464489 0.022547 0.0094768 0.00783549 0.0140027 0.0262175 0.0434049 0.0627571 0.0794065 0.0883845 0.0873769 0.0780502 0.0648068 0.0520305 0.0420037 0.0347117 0.0290082
 1.11061e-16 4.855e-05 0.000471924 0.0031361 0.0142563 0.0443566 0.0945072 0.13794 0.137958 0.0945956 0.0446541 0.0151186 0.00531241 0.00526201 0.00926102 0.0155355 0.0230829 0.0305151 0.0364178 0.0401049 0.0419028 0.0426546 0.0428937 0.0424247 0.0406073 0.0369827
 1.0992e-16 4.12018e-05 0.000400497 0.00266144 0.0120986 0.0376433 0.0802043 0.117068 0.117104 0.0803796 0.038232 0.0137992 0.00693187 0.0097281 0.0177723 0.0293618 0.0424088 0.0535961 0.0595919 0.0589215 0.0528654 0.0445733 0.0371138 0.0319719 0.0288776 0.0266535
 1.11616e-16 3.18775e-05 0.000309861 0.00205913 0.00936055 0.0291244 0.062054 0.0905779 0.0906176 0.0622481 0.0297765 0.0112463 0.00679991 0.0106836 0.0198058 0.0328826 0.0478116 0.061064 0.0690419 0.0700718 0.0653285 0.0578662 0.0505882 0.0447914 0.0401538 0.0357046
 1.10306e-16 4.94346e-05 0.000480522 0.00319324 0.014516 0.0451648 0.0962292 0.140454 0.140476 0.0963355 0.0455221 0.0155501 0.00579636 0.00618763 0.0109607 0.018233 0.0267121 0.0345497 0.0398877 0.0418779 0.0411268 0.0391239 0.0371422 0.0355164 0.0337521 0.0311633
 1.0804e-16 4.47349e-05 0.000434839 0.00288966 0.013136 0.0408711 0.0870815 0.127105 0.127138 0.0872436 0.0414154 0.0147085 0.00683874 0.00906175 0.0164471 0.0271691 0.0392549 0.0496312 0.0552045 0.0545806 0.0488955 0.0410107 0.0337378 0.0284773 0.0250692 0.0225532
 1.11136e-16 2.52666e-05 0.0002456 0.0016321 0.00741932 0.0230845 0.0491858 0.071798 0.0718453 0.0494171 0.0238615 0.00966539 0.00727675 0.0125902 0.0235355 0.0390412 0.0566417 0.0720785 0.0810027 0.0813903 0.0746764 0.064616 0.0548466 0.0471041 0.0411474 0.0358728
 1.17339e-16 3.33e-05 0.000323688 0.00215102 0.00977825 0.0304239 0.0648224 0.0946159 0.0946433 0.0649564 0.0308747 0.0110842 0.00544417 0.00756297 0.0139305 0.0233678 0.0345789 0.0454283 0.0537321 0.0584747 0.0602768 0.0606402 0.0606297 0.0601312 0.0581847 0.0539111
 1.07692e-16 6.30115e-05 0.000612494 0.00407024 0.0185027 0.0575689 0.122657 0.179024 0.179038 0.122721 0.0577851 0.0191279 0.00564249 0.00405477 0.00663071 0.0109435 0.0159553 0.0204944 0.0234255 0.0242691 0.0234847 0.022113 0.0210621 0.0206008 0.0203721 0.0197808
pSPR Fmed_Fpbrs
0.747407   0.285572 0.285572
Fs Fmed_Fpbrs
0.183219   1.005 1.005
SSBpbr Bo_Bmed_Bpbrs
2.26082e+06  1.57671e+06  532587 532587
Ro
256002
SPR SPRFo_SPRFmed_SPRFpbrs
1.82988e+06 1.36767e+06 522564
Fref
1.005
Nvult_r0
 418091 40405.1 13885.4 10983.4 4570.06
CTP_r0
 24766.8 4519.29 1553.08 1228.49 511.16
YTP_r0
391344
Np
 357091 220634 19396.6 6665.75 6982.78
Nvult_p0
 277612 190924 16784.6 5768.13 6042.47
CTP_p0
 92845.4 95699.9 8413.25 2891.26 3028.77
YTP_p0
 2.62585e+06
CBA_c0
1.0617e+06
log_Ro
12.2729
likeval ReclasPelacesDesembMPH_pf_preclas_ppelaces_ptallas_desvR_qrecl_qpela
 31.7775 19.2255 1.79941 0.00352689 254.175 140.299 104.627 0 18.3532 0 0 9.36112 0 0 0
q_reclas_q_pelaces
1 1
M
1
N
 534825 112751 41478.9 15259.2 8880.52
 91185.8 182278 35600.8 13096.8 7622.03
 123347 30392.1 55041.9 10750.3 6256.42
 326735 41631.3 9411.04 17044 5266.2
 307022 105195 11730.4 2651.74 6286.33
 352551 109026 36058.5 4020.94 3063.78
 161538 120122 34405.2 11379 2235.72
 117329 51369.3 33019.7 9457.47 3742.47
 74251.9 42259.1 18114.5 11643.8 4654.71
 91024.9 25159.6 13188.9 5653.45 5086.7
 139241 30129.2 7492.95 3927.86 3198.59
 163829 49428.6 10320.7 2566.69 2441.14
 157049 49968.3 12499.2 2609.82 1266.35
 124506 48380 12889.9 3224.3 999.9
 170007 34915.1 10342 2755.44 902.996
 479190 53638.3 9447.69 2798.46 989.937
 217224 145551 13451.9 2369.38 950.089
 653599 72727.5 44349.9 4098.84 1011.45
 552446 211166 20635.6 12583.8 1449.99
 381735 170215 54492.2 5325.1 3621.46
 581539 121137 46593.4 14916.3 2448.96
 708826 190895 35481.5 13647.4 5086.34
 222859 225383 52462.6 9751.21 5148.49
 455664 76165.9 71561.2 16657.4 4730.8
 393562 155273 24041.3 22587.8 6751.04
 243097 134780 49500.7 7664.32 9353.18
 428305 84754.5 44533.5 16355.9 5622.87
 440036 146842 27080.3 14229.1 7022.52
 182328 151861 47540.2 8767.25 6880.22
 173585 63700.2 50386.9 15773.7 5191.77
 638726 59801.7 20551.2 16256 6763.94
pred_Ctot
 25025.4 10227 3762.32 1384.08 805.502
 5462.2 20978.8 4097.39 1507.35 877.241
 6481.37 3083.68 5584.74 1090.76 634.797
 26063.5 6294.92 1423.01 2577.16 796.283
 6757.58 4563.47 508.879 115.035 272.707
 16555.1 9923.16 3281.92 365.972 278.854
 14010.5 19654.5 5629.41 1861.84 365.81
 1555.98 1350.55 868.122 248.646 98.3933
 3729.81 4105.34 1759.77 1131.16 452.192
 5818.32 3081.52 1615.36 692.428 623.013
 3093.53 1319.15 328.066 171.975 140.045
 17972.7 10069.1 2102.42 522.859 497.285
 16379 9713.16 2429.67 507.313 246.16
 19126.4 13383.9 3565.88 891.975 276.614
 15492 5984.24 1772.56 472.265 154.768
 53639.7 11132 1960.75 580.785 205.449
 12440.7 16044.8 1482.87 261.189 104.733
 50847.9 10739.4 6548.96 605.26 149.357
 57561.7 41012 4007.79 2443.98 281.613
 33557.1 28205.4 9029.6 882.393 600.093
 39962.4 15898.6 6115.1 1957.67 321.412
 61520.8 31255.1 5809.38 2234.48 832.784
 10059.4 19742.6 4595.51 854.167 450.987
 21365.4 6922.41 6503.9 1513.92 429.963
 17290.4 13249 2051.37 1927.35 576.045
 8069.57 8752.36 3214.49 497.708 607.38
 18530.7 7125.11 3743.83 1375 472.702
 17306 11251.2 2074.92 1090.25 538.075
 5822.68 9495.4 2972.54 548.189 430.199
 7008.2 5006.92 3960.47 1239.83 408.08
 24766.8 4519.29 1553.08 1228.49 511.16
F
 0.0764084 0.152817 0.152817 0.152817 0.152817
 0.0987176 0.197435 0.197435 0.197435 0.197435
 0.0861491 0.172298 0.172298 0.172298 0.172298
 0.133333 0.266666 0.266666 0.266666 0.266666
 0.0353358 0.0706715 0.0706715 0.0706715 0.0706715
 0.0766889 0.153378 0.153378 0.153378 0.153378
 0.145701 0.291403 0.291403 0.291403 0.291403
 0.0211657 0.0423313 0.0423313 0.0423313 0.0423313
 0.0822225 0.164445 0.164445 0.164445 0.164445
 0.105639 0.211278 0.211278 0.211278 0.211278
 0.0356733 0.0713466 0.0713466 0.0713466 0.0713466
 0.187434 0.374868 0.374868 0.374868 0.374868
 0.177473 0.354945 0.354945 0.354945 0.354945
 0.271434 0.542868 0.542868 0.542868 0.542868
 0.153575 0.307149 0.307149 0.307149 0.307149
 0.191571 0.383142 0.383142 0.383142 0.383142
 0.094208 0.188416 0.188416 0.188416 0.188416
 0.129851 0.259703 0.259703 0.259703 0.259703
 0.177293 0.354586 0.354586 0.354586 0.354586
 0.147802 0.295604 0.295604 0.295604 0.295604
 0.113956 0.227912 0.227912 0.227912 0.227912
 0.145811 0.291621 0.291621 0.291621 0.291621
 0.0736232 0.147246 0.147246 0.147246 0.147246
 0.0765714 0.153143 0.153143 0.153143 0.153143
 0.071598 0.143196 0.143196 0.143196 0.143196
 0.0536996 0.107399 0.107399 0.107399 0.107399
 0.0704771 0.140954 0.140954 0.140954 0.140954
 0.0638907 0.127781 0.127781 0.127781 0.127781
 0.0516174 0.103235 0.103235 0.103235 0.103235
 0.065635 0.13127 0.13127 0.13127 0.13127
 0.0629678 0.125936 0.125936 0.125936 0.125936
nmprior
 8.19 8.8 8.5 0
nm_flota  nm_reclas  nm_pelaces    nm_pelaL
inf 6.79892 8.45926 16.0521
cv_recla  cv_pelaces  cv_mph
0.5099 0.497177 1.83274
 ------------------------------------------------
Talla a la edad & desviaci?n 
 8 13.2811 15.8009 17.003 17.5766
 0.8 1.32811 1.58009 1.7003 1.75766
