    unsorted:	 2.364739405e-06 2.289159813e-06 6.152737279e-06 6.003890074e-05 5.427240479e-05 8.450130197e-05 0.001099994282 13.50158481 66.25302768 171.7785094 158.5849405 239.7349561 291.4800314 374.9113645 697.8698864 546.6640063 809.1258160 852.7409149 926.5219747 946.8809355 1071.354180 1198.147440 1255.003611 1339.860408 1540.253981 1588.345924 2059.721248 1952.177921 2114.680353 2478.188958 2457.303973 2526.108922 2260.314847 2630.693028 2640.939439 2864.949545 3201.495299 3285.808346 3388.316752 3890.521198 4010.876699 4289.301239 5651.793992 9200.235147 37598.11877 158340.0533 410316.7335 415019.2880 402821.3178 400972.7558 384526.7806 366019.2944 451059.9480 461951.4747 468303.3231 471066.8942 340376.7031 534750.2399 565396.8135 586898.9354 616606.6956 667777.5172 831703.9817 879712.7175 1010737.290 1075169.225 1318346.624 1349094.843 1530228.896 1659681.259 2247003.811 2350988.806 2677847.403 2733328.265 3077726.326 3149987.879 5357241.080
      sorted:	 2.289159813e-06 2.364739405e-06 6.152737279e-06 5.427240479e-05 6.003890074e-05 8.450130197e-05 0.001099994282 13.50158481 66.25302768 158.5849405 171.7785094 239.7349561 291.4800314 374.9113645 546.6640063 697.8698864 809.1258160 852.7409149 926.5219747 946.8809355 1071.354180 1198.147440 1255.003611 1339.860408 1540.253981 1588.345924 1952.177921 2059.721248 2114.680353 2260.314847 2457.303973 2478.188958 2526.108922 2630.693028 2640.939439 2864.949545 3201.495299 3285.808346 3388.316752 3890.521198 4010.876699 4289.301239 5651.793992 9200.235147 37598.11877 158340.0533 340376.7031 366019.2944 384526.7806 400972.7558 402821.3178 410316.7335 415019.2880 451059.9480 461951.4747 468303.3231 471066.8942 534750.2399 565396.8135 586898.9354 616606.6956 667777.5172 831703.9817 879712.7175 1010737.290 1075169.225 1318346.624 1349094.843 1530228.896 1659681.259 2247003.811 2350988.806 2677847.403 2733328.265 3077726.326 3149987.879 5357241.080
