years
 1991 1992 1993 1994 1995 1996 1997 1998 1999 2000 2001 2002 2003 2004 2005 2006 2007 2008 2009 2010 2011 2012 2013 2014 2015 2016 2017 2018 2019 2020 2021
reclasobs
 0 0 0 0 0 0 0 0 0 252601 567819 844713 477998 351125 339783 2.1784e+06 2.13404e+06 4.81314e+06 1.55562e+06 2.62356e+06 3.21686e+06 3.843e+06 1.13348e+06 3.07943e+06 1.97215e+06 2.03268e+06 2.025e+06 2.42433e+06 2.27542e+06 1.05018e+06 2.36338e+06
reclaspred
 2.92257e+06 1.60594e+06 803855 689270 622233 1.13931e+06 623730 520331 391139 293616 434370 600397 590199 439614 434511 1.35484e+06 1.25444e+06 3.00353e+06 2.46312e+06 1.78283e+06 3.18024e+06 2.58928e+06 1.97531e+06 3.08378e+06 2.27343e+06 1.96563e+06 2.41184e+06 2.6682e+06 2.15203e+06 1.27756e+06 1.83339e+06
pelacesobs
 0 0 0 0 0 0 0 0 0 0 0 0 0 0 0 552880 188675 0 991730 2.46772e+06 1.41603e+06 1.21717e+06 2.29649e+06 1.80582e+06 0 1.4828e+06 1.56532e+06 1.57751e+06 1.42118e+06 867257 1.10002e+06
pelacespred
 1.31668e+06 796221 393503 272070 264895 500018 231284 262877 178577 126179 202041 235245 256415 197286 201751 535477 498791 1.39237e+06 1.16671e+06 782440 1.36714e+06 1.18952e+06 910947 1.56672e+06 1.10871e+06 957338 1.34223e+06 1.46185e+06 971051 656569 922264
mphobs
 0 0 0 0 0 0 0 0 0 0 0 498337 0 5186 125008 0 168611 109162 213762 579715 649985 157893 87575 83554 0 0 0 0 0 0 0
mphpred
 2.52111e+06 1.66672e+06 808165 434588 383445 411125 609553 313810 278906 187981 131502 295464 327891 270091 169196 215536 890629 799785 1.70712e+06 1.26756e+06 1.31491e+06 1.6529e+06 1.57016e+06 1.24112e+06 1.75854e+06 1.42007e+06 1.14148e+06 1.27005e+06 1.85489e+06 1.22201e+06 711074
desembarqueobs
 494567 514787 250237 358949 120608 361735 552515 73892 212993 205616 52469 317467 293654 387597 252695 516296 358380 742168 942051 627588 828172 859565 418607 520667 417249 300574 407403 355545 319650 289779 391294
desembarquepred
 494566 514030 250443 358982 120612 361717 552439 73895.3 213020 205636 52470.9 317501 293672 387554 252661 516207 358389 742018 941710 627365 828186 859492 418594 520673 417229 300560 407383 355515 319627 289769 391282
Reclutas
 174127 99323.5 98560 120311 97463.6 216730 78634.3 31775.9 36587.8 53165.8 100745 137545 112354 77779.3 74374.2 459550 81886.1 703704 393985 294024 451061 596967 109623 360724 291959 127723 308966 355014 92030.9 63895.3 263476
log_desv_Rt
 0.139119 -0.422283 -0.429999 -0.230588 -0.441186 0.357989 -0.655857 -1.56196 -1.42095 -1.04725 -0.408074 -0.0967127 -0.299007 -0.666789 -0.711556 1.10958 -0.615336 1.53569 0.955649 0.662996 1.09094 1.3712 -0.323619 0.867448 0.655947 -0.170799 0.712568 0.851493 -0.498541 -0.863418 0.553299
SSB
 2.52111e+06 1.66672e+06 808165 434588 383445 411125 609553 313810 278906 187981 131502 295464 327891 270091 169196 215536 890629 799785 1.70712e+06 1.26756e+06 1.31491e+06 1.6529e+06 1.57016e+06 1.24112e+06 1.75854e+06 1.42007e+06 1.14148e+06 1.27005e+06 1.85489e+06 1.22201e+06 711074
BT
 3.45746e+06 2.34394e+06 1.15401e+06 929067 708644 1.46463e+06 1.02272e+06 672737 622110 487141 510524 806115 856996 857186 718901 1.65102e+06 1.43018e+06 3.86842e+06 3.59378e+06 2.37238e+06 3.82529e+06 3.54652e+06 2.46556e+06 4.09916e+06 2.94551e+06 2.4755e+06 3.51298e+06 3.72839e+06 2.50421e+06 1.79993e+06 2.50157e+06
Ftot
 0.168809 0.311614 0.308086 0.540975 0.205058 0.359462 0.840403 0.150277 0.572177 0.729127 0.144057 0.568147 0.529675 0.919259 0.657897 0.462704 0.287991 0.290636 0.400919 0.371199 0.285119 0.358172 0.213028 0.192222 0.191942 0.158123 0.191028 0.152766 0.145828 0.225959 0.246464
BD_Bspro_t
 0.973352 0.812237 0.626577 0.522562 0.467562 0.540025 0.551065 0.34367 0.394306 0.349443 0.33194 0.609845 0.499507 0.406355 0.29161 0.347538 0.574304 0.5352 0.650989 0.55069 0.515105 0.568835 0.585564 0.568499 0.679223 0.684191 0.687598 0.733808 0.788252 0.713149 0.628136
BD_Bspro
 2.32791 1.53899 0.74623 0.401283 0.354059 0.379618 0.562839 0.289761 0.257532 0.173575 0.121424 0.27282 0.302762 0.249392 0.15623 0.199018 0.822375 0.738493 1.57629 1.17042 1.21414 1.52623 1.44983 1.146 1.62378 1.31124 1.054 1.17272 1.71274 1.12836 0.65658
BD_Bo
 1.44415 0.954736 0.462935 0.248942 0.219646 0.235502 0.349166 0.179757 0.159764 0.10768 0.0753272 0.169248 0.187823 0.154714 0.0969196 0.123464 0.510173 0.458135 0.977876 0.726088 0.753213 0.94682 0.899425 0.710939 1.00733 0.813447 0.653864 0.727515 1.06252 0.699997 0.40732
BD_Brms
 8.15179 5.38919 2.61313 1.4052 1.23983 1.32933 1.97093 1.01467 0.901817 0.60782 0.425199 0.955354 1.0602 0.873315 0.547081 0.696917 2.87977 2.58603 5.51981 4.09854 4.25165 5.3445 5.07697 4.01303 5.68609 4.59166 3.69086 4.1066 5.99761 3.95127 2.29919
Sel_flota
 0.727713 1 1 1 1
 0.727713 1 1 1 1
 0.727713 1 1 1 1
 0.727713 1 1 1 1
 0.727713 1 1 1 1
 0.727713 1 1 1 1
 0.727713 1 1 1 1
 0.727713 1 1 1 1
 0.727713 1 1 1 1
 0.727713 1 1 1 1
 0.727713 1 1 1 1
 0.727713 1 1 1 1
 0.727713 1 1 1 1
 0.727713 1 1 1 1
 0.727713 1 1 1 1
 0.727713 1 1 1 1
 0.727713 1 1 1 1
 0.727713 1 1 1 1
 0.727713 1 1 1 1
 0.727713 1 1 1 1
 0.727713 1 1 1 1
 0.727713 1 1 1 1
 0.727713 1 1 1 1
 0.727713 1 1 1 1
 0.727713 1 1 1 1
 0.727713 1 1 1 1
 0.727713 1 1 1 1
 0.727713 1 1 1 1
 0.727713 1 1 1 1
 0.727713 1 1 1 1
 0.727713 1 1 1 1
Sel_reclas
 1 1 1 1 1
 1 1 1 1 1
 1 1 1 1 1
 1 1 1 1 1
 1 1 1 1 1
 1 1 1 1 1
 1 1 1 1 1
 1 1 1 1 1
 1 1 1 1 1
 1 1 1 1 1
 1 1 1 1 1
 1 1 1 1 1
 1 1 1 1 1
 1 1 1 1 1
 1 1 1 1 1
 1 1 1 1 1
 1 1 1 1 1
 1 1 1 1 1
 1 1 1 1 1
 1 1 1 1 1
 1 1 1 1 1
 1 1 1 1 1
 1 1 1 1 1
 1 1 1 1 1
 1 1 1 1 1
 1 1 1 1 1
 1 1 1 1 1
 1 1 1 1 1
 1 1 1 1 1
 1 1 1 1 1
 1 1 1 1 1
Sel_pelaces
 1 1 1 1 1
 1 1 1 1 1
 1 1 1 1 1
 1 1 1 1 1
 1 1 1 1 1
 1 1 1 1 1
 1 1 1 1 1
 1 1 1 1 1
 1 1 1 1 1
 1 1 1 1 1
 1 1 1 1 1
 1 1 1 1 1
 1 1 1 1 1
 1 1 1 1 1
 1 1 1 1 1
 1 1 1 1 1
 1 1 1 1 1
 1 1 1 1 1
 1 1 1 1 1
 1 1 1 1 1
 1 1 1 1 1
 1 1 1 1 1
 1 1 1 1 1
 1 1 1 1 1
 1 1 1 1 1
 1 1 1 1 1
 1 1 1 1 1
 1 1 1 1 1
 1 1 1 1 1
 1 1 1 1 1
 1 1 1 1 1
pf_obs 
 0.8446 0.082 0.0669 0.0065 0
 0.8095 0.147 0.0364 0.0071 0
 0.9664 0.0169 0.016 0.0007 0
 0.9276 0.0648 0.0075 0.0001 0
 0.7033 0.2144 0.0806 0.0017 0
 0.9318 0.0425 0.0243 0.0014 0
 0.5671 0.3108 0.0964 0.0239 0.0018
 0.0768 0.2599 0.5324 0.112 0.0189
 0.490249 0.384438 0.106611 0.0170017 0.00170017
 0.7925 0.1577 0.0466 0.003 0.0002
 0.840416 0.127587 0.0312969 0.00059994 9.999e-05
 0.8084 0.0986 0.0794 0.0134 0.0002
 0.7335 0.1905 0.0724 0.0035 0.0001
 0.4001 0.4547 0.1325 0.0127 0
 0.49795 0.308269 0.164784 0.0264974 0.00249975
 0.9179 0.0499 0.0305 0.0017 0
 0.2467 0.6533 0.0926 0.0074 0
 0.9418 0.0223 0.034 0.0019 0
 0.707729 0.231977 0.0356964 0.0245975 0
 0.517169 0.277429 0.184464 0.0207286 0.00020938
 0.811772 0.124168 0.05621 0.00726502 0.000585176
 0.764997 0.148141 0.077277 0.00933861 0.000247198
 0.163321 0.427699 0.378323 0.0303852 0.000271297
 0.753843 0.0900009 0.118128 0.0371064 0.000921714
 0.721811 0.176058 0.0630433 0.0369309 0.00215725
 0.143369 0.312575 0.442814 0.0836902 0.0175525
 0.692698 0.0596174 0.167031 0.0765114 0.00414204
 0.394062 0.376323 0.152708 0.0712218 0.00568511
 0.125707 0.32114 0.495352 0.0537591 0.00404204
 0.23352 0.215282 0.420074 0.123614 0.00750983
 0.774587 0.0839891 0.0768558 0.0609784 0.00358967
pf_pred 
 0.44311 0.147123 0.382225 0.0275415 8.39367e-07
 0.411134 0.311576 0.0732562 0.19032 0.0137141
 0.561248 0.220444 0.115509 0.027158 0.0756408
 0.674738 0.211095 0.0573614 0.0300565 0.0267491
 0.64793 0.266665 0.0554279 0.0150615 0.0149156
 0.793346 0.149481 0.0433045 0.00900108 0.00486808
 0.462213 0.456278 0.0589581 0.0170801 0.00547028
 0.463847 0.309588 0.192226 0.0248386 0.00950031
 0.596838 0.221394 0.104957 0.0651689 0.0116416
 0.764345 0.162936 0.0399328 0.0189311 0.0138543
 0.843869 0.130329 0.0178401 0.0043723 0.00358972
 0.737606 0.231889 0.0254639 0.00348563 0.00155563
 0.676395 0.261985 0.0544561 0.00597988 0.00118388
 0.625493 0.284041 0.07324 0.0152236 0.00200268
 0.742279 0.187977 0.052897 0.0136395 0.00320806
 0.944126 0.0455792 0.00750917 0.00211309 0.000673015
 0.32874 0.645526 0.0209928 0.00345856 0.00128322
 0.899489 0.041577 0.056675 0.00184309 0.000416312
 0.569943 0.399111 0.0128007 0.0174491 0.000695625
 0.575997 0.280094 0.133554 0.00428348 0.00607173
 0.731682 0.178426 0.0593824 0.0283146 0.00219539
 0.72739 0.217273 0.0367983 0.0122469 0.00629234
 0.277399 0.574826 0.117778 0.0199473 0.0100496
 0.732775 0.0943868 0.137492 0.0281711 0.00717495
 0.599355 0.31867 0.0289545 0.0421777 0.0108429
 0.407647 0.402536 0.150979 0.013718 0.02512
 0.729725 0.133088 0.093226 0.0349662 0.00899475
 0.678064 0.255238 0.0328433 0.0230061 0.0108486
 0.303431 0.520955 0.13923 0.0179157 0.0184675
 0.372973 0.238254 0.290759 0.077708 0.0203064
 0.819246 0.0829428 0.0371655 0.0453559 0.0152894
pobs_RECLAS
 0 0 0 0 0
 0 0 0 0 0
 0 0 0 0 0
 0 0 0 0 0
 0 0 0 0 0
 0 0 0 0 0
 0 0 0 0 0
 0 0 0 0 0
 0 0 0 0 0
 0 0 0 0 0
 0.991045 0.00858322 0.000360255 1.14367e-05 0
 0.934742 0.0480273 0.0164251 0.00080598 0
 0.827803 0.169806 0.00239088 0 0
 0.941827 0.0461693 0.0120037 0 0
 0.791401 0.0380133 0.147996 0.0225897 0
 0.846168 0.0940531 0.0597789 0 0
 0.134021 0.677848 0.182769 0.00536245 0
 0.80878 0.0450904 0.141981 0.00414843 0
 0.846168 0.0940531 0.0597789 0 0
 0.905697 0.0802665 0.012482 0.00150086 5.37128e-05
 0.989698 0.0102097 9.19794e-05 0 0
 0.975433 0.0193895 0.00387452 0.00125025 5.28907e-05
 0.303575 0.632131 0.0575291 0.00676475 0
 0.966965 0.00978017 0.0227588 0.000495775 0
 0.843318 0.132988 0.00938335 0.0141283 0.000182051
 0.564624 0.303363 0.111486 0.0197234 0.00080311
 0.826376 0.0876187 0.0782897 0.00655872 0.00115652
 0.89761 0.0855135 0.0140674 0.00269457 0.000114338
 0.34875 0.467042 0.161289 0.0227151 0.000203297
 0.318654 0.224769 0.449479 0.00709798 0
 0.937255 0.0296025 0.0250945 0.00804832 0
ppred_RECLAS
 0.523382 0.125916 0.32713 0.0235716 7.18378e-07
 0.491828 0.268879 0.0632176 0.16424 0.0118348
 0.639386 0.181184 0.094938 0.0223214 0.0621698
 0.743633 0.166382 0.0452114 0.0236901 0.0210833
 0.717715 0.213808 0.0444413 0.0120761 0.0119591
 0.842036 0.114261 0.0331014 0.00688032 0.0037211
 0.549288 0.382401 0.049412 0.0143146 0.00458457
 0.544074 0.263263 0.163462 0.0211219 0.00807873
 0.674557 0.178715 0.0847242 0.0526061 0.00939743
 0.820589 0.124049 0.0304021 0.0144129 0.0105477
 0.881713 0.0987394 0.013516 0.00331252 0.00271963
 0.797373 0.17907 0.0196639 0.0026917 0.0012013
 0.744983 0.206458 0.0429142 0.00471245 0.000932956
 0.703981 0.224512 0.0578905 0.0120331 0.00158297
 0.801898 0.144492 0.0406603 0.0104843 0.00246593
 0.959271 0.0332243 0.0054737 0.00154031 0.000490584
 0.404178 0.572979 0.0186335 0.00306987 0.00113901
 0.925356 0.0308769 0.0420893 0.00136876 0.000309171
 0.648251 0.326438 0.0104699 0.0142718 0.00056896
 0.653627 0.228812 0.109102 0.00349922 0.00496006
 0.790656 0.139209 0.0463307 0.0220913 0.00171287
 0.787449 0.169405 0.0286912 0.0095488 0.00490606
 0.346614 0.519766 0.106496 0.0180367 0.00908703
 0.7911 0.0737857 0.107483 0.0220224 0.00560893
 0.673838 0.259427 0.0235717 0.0343366 0.00882714
 0.487038 0.348585 0.130744 0.0118794 0.0217532
 0.788518 0.104138 0.0729465 0.02736 0.00703812
 0.743946 0.203005 0.0261221 0.0182981 0.00862849
 0.375308 0.4672 0.124864 0.0160671 0.0165619
 0.451244 0.208513 0.254464 0.0680079 0.0177716
 0.862442 0.0631216 0.0282839 0.034517 0.0116356
pobs_PELACES
 0 0 0 0 0
 0 0 0 0 0
 0 0 0 0 0
 0 0 0 0 0
 0 0 0 0 0
 0 0 0 0 0
 0 0 0 0 0
 0 0 0 0 0
 0 0 0 0 0
 0 0 0 0 0
 0 0 0 0 0
 0 0 0 0 0
 0 0 0 0 0
 0 0 0 0 0
 0 0 0 0 0
 0 0 0 0 0
 0.505614 0.472636 0.0217494 0 0
 0 0 0 0 0
 0.443492 0.261883 0.143347 0.151278 0
 0.227955 0.32914 0.350689 0.0885471 0.00366901
 0.970185 0.0296113 0.000203453 0 0
 0.997202 0.00247181 0.000326279 0 0
 0.445219 0.490057 0.0546422 0.010081 0
 0.90214 0.0892962 0.00764917 0.000914606 0
 0 0 0 0 0
 0.581667 0.319106 0.0959925 0.00289975 0.000334073
 0.762889 0.0836404 0.116647 0.0363945 0.000428098
 0.88444 0.0763242 0.0277011 0.0115352 0
 0.521256 0.241999 0.230069 0.00667565 0
 0.616807 0.101726 0.260614 0.0208532 0
 0.833518 0.0704572 0.0857862 0.0102388 0
ppred_PELACES
 0.527164 0.124917 0.324534 0.0233845 7.12678e-07
 0.498828 0.265176 0.0623469 0.161978 0.0116718
 0.645744 0.17799 0.0932642 0.0219278 0.0610737
 0.75279 0.160439 0.0435966 0.022844 0.0203303
 0.721433 0.210992 0.043856 0.0119171 0.0118016
 0.846285 0.111188 0.032211 0.00669525 0.00362101
 0.567905 0.366605 0.047371 0.0137234 0.0043952
 0.547422 0.26133 0.162262 0.0209668 0.00801941
 0.685741 0.172574 0.0818126 0.0507983 0.00907449
 0.830032 0.117519 0.0288019 0.0136542 0.00999253
 0.883056 0.097618 0.0133625 0.0032749 0.00268874
 0.805496 0.171892 0.0188756 0.00258379 0.00115314
 0.753919 0.199223 0.0414104 0.00454732 0.000900264
 0.720899 0.211681 0.0545819 0.0113454 0.00149249
 0.811121 0.137764 0.0387671 0.00999611 0.00235112
 0.960865 0.0319242 0.00525951 0.00148004 0.000471388
 0.410425 0.566972 0.0184382 0.00303769 0.00112707
 0.92714 0.0301389 0.0410834 0.00133605 0.000301782
 0.656421 0.318856 0.0102267 0.0139403 0.000555745
 0.66114 0.223849 0.106735 0.00342333 0.00485248
 0.794865 0.13641 0.0453992 0.0216471 0.00167843
 0.792786 0.165151 0.0279708 0.00930904 0.00478288
 0.350961 0.516308 0.105788 0.0179167 0.00902657
 0.79394 0.0727825 0.106022 0.021723 0.00553267
 0.677617 0.256421 0.0232986 0.0339387 0.00872486
 0.490589 0.346173 0.129839 0.0117972 0.0216027
 0.791366 0.102735 0.071964 0.0269915 0.00694333
 0.746552 0.200939 0.0258563 0.0181118 0.00854067
 0.378385 0.464899 0.124249 0.0159879 0.0164803
 0.456276 0.206601 0.25213 0.0673842 0.0176086
 0.865048 0.0619256 0.027748 0.033863 0.0114152
pobs_pel_tallas
 0 0 0 0 0 0 0 0 0 0 0 0 0 0 0 0 0 0 0 0 0 0 0 0 0 0
 0 0 0 0 0 0 0 0 0 0 0 0 0 0 0 0 0 0 0 0 0 0 0 0 0 0
 0 0 0 0 0 0 0 0 0 0 0 0 0 0 0 0 0 0 0 0 0 0 0 0 0 0
 0 0 0 0 0 0 0 0 0 0 0 0 0 0 0 0 0 0 0 0 0 0 0 0 0 0
 0 0 0 0 0 0 0 0 0 0 0 0 0 0 0 0 0 0 0 0 0 0 0 0 0 0
 0 0 0 0 0 0 0 0 0 0 0 0 0 0 0 0 0 0 0 0 0 0 0 0 0 0
 0 0 0 0 0 0 0 0 0 0 0 0 0 0 0 0 0 0 0 0 0 0 0 0 0 0
 0 0 0 0 0 0 0 0 0 0 0 0 0 0 0 0 0 0 0 0 0 0 0 0 0 0
 0 0 0 0 0 0 0 0 0 0 0 0 0 0 0 0 0 0 0 0 0 0 0 0 0 0
 0 0 0 0 0 0 0 0 0 0 0 0 0 0 0 0 0 0 0 0 0 0 0 0 0 0
 0 0 0 0 0 0 0 0 0 0 0 0 0 0 0 0 0 0 0 0 0 0 0 0 0 0
 0 0 0 0 0 0 0 0 0 0 0 0 0 0 0 0 0 0 0 0 0 0 0 0 0 0
 0.00862536 0 0 0.000197151 0.00414017 0.0128641 0.00837892 0.0270097 0.101434 0.158115 0.152841 0.127902 0.109271 0.109419 0.0830992 0.0579132 0.0238553 0.00714673 0.00463305 0.00128148 0.00103504 0.000492878 0.000147863 0.000147863 4.92878e-05 0
 0 0 0 0 0 0 0 0 0 0 0 0 0 0 0 0 0 0 0 0 0 0 0 0 0 0
 0 0 0 0 0 0 0 0.0054083 0.00873648 0.0413646 0.0450493 0.0745869 0.0622846 0.0627006 0.0613931 0.0827291 0.12552 0.122667 0.0946155 0.0697135 0.0546179 0.0294188 0.0215738 0.0213955 0.0102223 0.00600262
 0 0 0 0 0.00359764 0.0251062 0.0480494 0.140153 0.205849 0.193036 0.1447 0.116669 0.0760912 0.0342217 0.00950174 0.001854 0.000860785 0 0 0 0.000165536 0 0.000143464 0 0 0
 0 0 0 0 0 0 0 0.000145254 0.000435761 0.0275982 0.070085 0.0708112 0.156366 0.174668 0.174014 0.160142 0.0824315 0.0480064 0.0283245 0.00493863 0.00203355 0 0 0 0 0
 0 0 0 0 0 0 0 0 0 0 0 0 0 0 0 0 0 0 0 0 0 0 0 0 0 0
 0 0 1.00437e-05 0.000401748 0.00122533 0.00171747 0.00176769 0.0269171 0.070346 0.194647 0.189555 0.159765 0.064822 0.0314167 0.0384472 0.0292271 0.0345202 0.0313363 0.0194345 0.0106764 0.0143323 0.0359363 0.0279516 0.0138201 0.00172751 0
 0 0.0021121 0.0136068 0.0755702 0.200478 0.177729 0.0527432 0.0373336 0.0318909 0.0142505 0.0149659 0.0166563 0.0217959 0.0798694 0.0677717 0.0528807 0.04013 0.0224614 0.0357745 0.0225083 0.00881397 0.00855152 0.00135912 0.000746735 0 0
 0 0 0 0 5.4009e-05 0.00500934 0.000945158 0.0243581 0.138947 0.33067 0.221406 0.137944 0.0707744 0.0437923 0.0131692 0.00525238 0.0047753 0.00276346 9.45158e-05 9.00151e-06 2.25038e-05 9.00151e-06 4.50075e-06 0 0 0
 0.000866109 0.00284123 0.00948549 0.0512746 0.133035 0.25785 0.225252 0.132002 0.0553304 0.0519788 0.0540692 0.017754 0.00435017 0.00159236 0.00146478 0.000404838 0.000125132 0.000115318 0.000107957 0.000100596 0 0 0 0 0 0
 0 0 0 0 0.00144013 0.00171154 0.00461396 0.0210425 0.0478622 0.0707936 0.0888783 0.103762 0.0637923 0.0337046 0.0602308 0.124433 0.169614 0.0934646 0.0462172 0.0250306 0.0313229 0.00938855 0.002487 0.000210481 0 0
 0 0.00764035 0.051015 0.0998891 0.058973 0.0496711 0.0374665 0.0718981 0.12319 0.153886 0.159021 0.0857701 0.0377988 0.023471 0.0147837 0.00900784 0.00315554 0.000888139 0.00291439 0.00214683 0.00393193 0.00274676 0.000635225 9.99891e-05 0 0
 0 0 0 0 0 0 0 0 0 0 0 0 0 0 0 0 0 0 0 0 0 0 0 0 0 0
 0 0 0 0 0 0 0 0 0 0 0 0 0 0 0 0 0 0 0 0 0 0 0 0 0 0
 0 0 0 0 0 0 0 0 0 0 0 0 0 0 0 0 0 0 0 0 0 0 0 0 0 0
 0 0 0 0 0 0 0 0 0 0 0 0 0 0 0 0 0 0 0 0 0 0 0 0 0 0
 0 0 0 0 0 0 0 0 0 0 0 0 0 0 0 0 0 0 0 0 0 0 0 0 0 0
 0 0 0 0 0 0 0 0 0 0 0 0 0 0 0 0 0 0 0 0 0 0 0 0 0 0
 0 0 0 0 0 0 0 0 0 0 0 0 0 0 0 0 0 0 0 0 0 0 0 0 0 0
ppred_pel_tallas
 1.11743e-16 4.34218e-05 0.000422076 0.00280484 0.0127504 0.0396713 0.0845244 0.123368 0.123381 0.0845858 0.0398789 0.013356 0.00434803 0.00386701 0.00680866 0.0117669 0.018293 0.0258014 0.03362 0.0412744 0.0484724 0.0547268 0.0590409 0.0601175 0.0570582 0.0500179
 1.20087e-16 4.10878e-05 0.000399388 0.00265408 0.0120651 0.037539 0.0799818 0.116741 0.116767 0.0801072 0.0379604 0.0132835 0.00571787 0.0071066 0.0128378 0.0213208 0.0311161 0.0400507 0.0460097 0.0482046 0.0477009 0.0466458 0.0467714 0.0483313 0.0501457 0.0505012
 1.15272e-16 5.31891e-05 0.000517017 0.00343576 0.0156185 0.048595 0.103537 0.15112 0.151137 0.103622 0.0488791 0.0164405 0.00550537 0.00505586 0.00873561 0.0145239 0.0213159 0.0276673 0.0321601 0.0342061 0.03439 0.0339864 0.0340379 0.034729 0.0354425 0.0352891
 1.07031e-16 6.20063e-05 0.000602724 0.00400531 0.0182076 0.0566506 0.120701 0.176169 0.176185 0.120776 0.0569052 0.0189435 0.00585482 0.00464768 0.00776658 0.0128021 0.0185826 0.0236893 0.0267311 0.0271024 0.0253441 0.0227449 0.0205055 0.0191184 0.0183353 0.017567
 1.04512e-16 5.94235e-05 0.000577618 0.00383848 0.0174492 0.0542909 0.115673 0.168833 0.168853 0.115773 0.0546251 0.0184147 0.00626345 0.00587566 0.0101342 0.0166939 0.0241241 0.0305122 0.033952 0.0335736 0.0300531 0.0251245 0.0205026 0.0170598 0.0147382 0.0130049
 1.02243e-16 6.97074e-05 0.000677581 0.00450276 0.0204689 0.0636864 0.135691 0.198047 0.198058 0.135744 0.0638628 0.0209787 0.0057838 0.00347848 0.00540203 0.00885411 0.0128272 0.016297 0.0182664 0.0182725 0.0166445 0.0142455 0.0119183 0.010075 0.00867494 0.00747324
 1.03581e-16 4.67777e-05 0.000454696 0.00302161 0.0137358 0.0427375 0.091058 0.132909 0.132945 0.0912306 0.0433171 0.0154098 0.00722328 0.00962605 0.0174622 0.0287876 0.0414493 0.0520914 0.0573224 0.0555779 0.0480485 0.0378622 0.0282073 0.0208562 0.0159411 0.0126788
 1.0821e-16 4.50905e-05 0.000438295 0.00291263 0.0132404 0.0411959 0.0877732 0.128113 0.128138 0.0878973 0.0416133 0.0144485 0.00595481 0.00711116 0.0128111 0.0213507 0.0313178 0.0405628 0.0468848 0.0492132 0.0481248 0.0452129 0.0418734 0.0385419 0.0348583 0.0303664
 1.09036e-16 5.64836e-05 0.000549041 0.00364857 0.0165859 0.0516049 0.10995 0.160479 0.160496 0.110032 0.05188 0.0173819 0.00565214 0.00494085 0.0084509 0.0140241 0.0205366 0.0265545 0.0306609 0.0322334 0.0317827 0.0304977 0.0293729 0.0286288 0.0277913 0.0262082
 1.03922e-16 6.83687e-05 0.000664568 0.00441629 0.0200758 0.0624634 0.133085 0.194244 0.194255 0.133141 0.0626497 0.0206144 0.00576936 0.00362253 0.00569869 0.00934678 0.0135396 0.0172046 0.019303 0.0193732 0.0178015 0.0155384 0.0134921 0.0120739 0.0111648 0.0103938
 1.01195e-16 7.27362e-05 0.000707021 0.00469841 0.0213583 0.0664536 0.141587 0.206652 0.206661 0.141633 0.0666079 0.0218041 0.00581752 0.00315004 0.00471245 0.00767552 0.01105 0.0138967 0.0153117 0.0148811 0.0129232 0.01027 0.00776637 0.00587734 0.00462912 0.00380391
 1.01043e-16 6.63477e-05 0.000644923 0.00428574 0.0194824 0.0606169 0.129151 0.188504 0.18852 0.129232 0.0608886 0.0202668 0.0062542 0.00494048 0.00821962 0.013471 0.019369 0.0242923 0.0266347 0.0256519 0.0219016 0.0168651 0.0120693 0.00838875 0.00592908 0.00435362
 1.01855e-16 6.20993e-05 0.000603628 0.00401132 0.0182349 0.0567356 0.120882 0.176435 0.176454 0.120976 0.057051 0.0191462 0.00629985 0.0056025 0.00956455 0.0157361 0.0227134 0.0286663 0.0317645 0.0311496 0.0274231 0.0222031 0.0171264 0.0130852 0.0101416 0.00793235
 1.0302e-16 5.93796e-05 0.000577191 0.00383564 0.0174363 0.0542508 0.115588 0.168708 0.168728 0.115688 0.0545863 0.018406 0.00627167 0.00590139 0.0101895 0.0167996 0.0243071 0.0308009 0.0343655 0.0341043 0.0306437 0.0256512 0.0207794 0.0168769 0.0139292 0.0115163
 1.02555e-16 6.6811e-05 0.000649427 0.00431567 0.0196184 0.0610403 0.130053 0.189819 0.189833 0.130118 0.0612588 0.02025 0.00590255 0.00411877 0.00667097 0.0109627 0.0158794 0.0201657 0.022585 0.0225627 0.0205066 0.0174883 0.0145552 0.0122218 0.0104417 0.00891585
 1.00389e-16 7.91452e-05 0.000769319 0.0051124 0.0232402 0.072309 0.154062 0.224859 0.224862 0.154077 0.0723595 0.0233861 0.00547872 0.00156922 0.00159896 0.00251988 0.00362637 0.00456872 0.00504941 0.00493287 0.00432079 0.00348002 0.00268 0.00206659 0.00164559 0.00134792
 1.01173e-16 3.38063e-05 0.000328609 0.00218373 0.00992694 0.0308867 0.0658093 0.0960621 0.0961166 0.0660758 0.0317811 0.0125091 0.00866027 0.0144504 0.026805 0.0441327 0.0632711 0.0789319 0.0857483 0.0812459 0.0673507 0.0491646 0.0320269 0.0191171 0.0109574 0.00642385
 1.01379e-16 7.63673e-05 0.000742317 0.00493296 0.0224245 0.069771 0.148655 0.216966 0.216969 0.148669 0.0698199 0.0225663 0.00529165 0.00153432 0.00160676 0.00260358 0.0039011 0.00523286 0.00637051 0.00718828 0.0076968 0.00796605 0.00801216 0.00776251 0.00712886 0.00611172
 1.01869e-16 5.40686e-05 0.000525566 0.00349257 0.0158767 0.0493986 0.10525 0.153622 0.153653 0.1054 0.0499017 0.0173292 0.00713596 0.00847077 0.0151191 0.0248461 0.0356399 0.0445141 0.048471 0.0461445 0.038638 0.0288221 0.0196693 0.0129012 0.00872021 0.0064045
 1.04302e-16 5.44572e-05 0.000529344 0.00351768 0.0159909 0.0497536 0.106006 0.154724 0.154745 0.106112 0.05011 0.0170217 0.00611059 0.00620777 0.0108915 0.0180565 0.0263223 0.0337555 0.0383921 0.0392772 0.036952 0.0329388 0.0286832 0.0248334 0.0212886 0.0177257
 1.03801e-16 6.5472e-05 0.000636411 0.00422918 0.0192252 0.0598169 0.127447 0.186015 0.186028 0.127511 0.0600336 0.0198517 0.00580401 0.00408205 0.00663235 0.0109218 0.015871 0.0202649 0.0229102 0.0232619 0.021725 0.0193246 0.0170218 0.0152223 0.0137771 0.0123216
 1.02593e-16 6.53008e-05 0.000634747 0.00421812 0.019175 0.0596605 0.127114 0.185529 0.185545 0.127191 0.0599218 0.0199299 0.00611372 0.00477446 0.00793215 0.0130229 0.0187844 0.0236887 0.0262253 0.0257031 0.0226548 0.0184615 0.0145077 0.0115273 0.00952056 0.00809859
 1.0651e-16 2.89083e-05 0.000280999 0.00186734 0.0084887 0.0264117 0.0562749 0.0821452 0.0821951 0.0565183 0.0272293 0.0108507 0.00779869 0.0132374 0.0246596 0.0407843 0.0588945 0.0743651 0.0824814 0.0810467 0.0716507 0.0585072 0.045852 0.0359522 0.0288829 0.0235961
 1.06194e-16 6.53958e-05 0.000635671 0.00422426 0.0192029 0.0597473 0.127298 0.185797 0.185804 0.127333 0.0598656 0.0195467 0.00509486 0.00256129 0.00379625 0.00636553 0.00961531 0.013039 0.0161449 0.0186801 0.0206966 0.0223393 0.0235547 0.0240109 0.0233063 0.0212753
 1.05619e-16 5.58144e-05 0.000542536 0.00360535 0.0163894 0.0509936 0.108648 0.15858 0.158605 0.108769 0.0513989 0.0175599 0.00654326 0.00695525 0.0122331 0.020133 0.0289972 0.0364802 0.0402487 0.0392722 0.0344605 0.028063 0.0223121 0.0183537 0.0160858 0.0147138
 1.08675e-16 4.04092e-05 0.000392792 0.00261024 0.0118658 0.0369191 0.0786613 0.114815 0.114849 0.078825 0.0374692 0.0134563 0.00660889 0.0091425 0.0167182 0.0277329 0.040316 0.0514725 0.0581519 0.0589208 0.0547447 0.0481813 0.0416815 0.0363744 0.0320565 0.0279933
 1.05985e-16 6.51838e-05 0.00063361 0.00421056 0.0191406 0.0595536 0.126886 0.185195 0.185205 0.126934 0.0597181 0.0196171 0.00541138 0.00327119 0.00512226 0.00849106 0.012523 0.0163786 0.0192431 0.0207442 0.0211298 0.0209933 0.0207815 0.0205027 0.0198281 0.0184209
 1.0406e-16 6.14926e-05 0.00059773 0.00397212 0.0180567 0.0561812 0.119701 0.174711 0.17473 0.119795 0.056499 0.0189746 0.00627637 0.00562855 0.00961814 0.0158102 0.0227881 0.0287041 0.0317269 0.0310353 0.0273148 0.0222923 0.0176889 0.0143994 0.012377 0.0110598
 1.08097e-16 3.11671e-05 0.000302956 0.00201325 0.00915197 0.0284754 0.0606715 0.0885613 0.0886062 0.060891 0.0292125 0.0112821 0.00736478 0.0120003 0.0222901 0.0369148 0.0534402 0.0677587 0.075681 0.0752501 0.0678497 0.0571434 0.0467541 0.0385286 0.0324055 0.0274194
 1.17067e-16 3.75829e-05 0.000365319 0.00242768 0.0110359 0.0343368 0.0731589 0.106782 0.106802 0.0732582 0.0346712 0.0120065 0.00488221 0.00578351 0.0105042 0.0177691 0.0266808 0.0358408 0.0438046 0.0498676 0.0543064 0.0577816 0.060449 0.0616143 0.0602108 0.055623
 1.06145e-16 7.12529e-05 0.000692603 0.00460259 0.0209227 0.0650984 0.138699 0.202437 0.202443 0.138729 0.0651972 0.0212088 0.00532287 0.00227273 0.00309565 0.00506855 0.00744975 0.00971031 0.0113791 0.0122843 0.0126587 0.0129531 0.0134948 0.014261 0.0149152 0.0150329
pSPR Fmed_Fpbrs
0.583047   0.227158 0.227158
Fs Fmed_Fpbrs
0.309022   1.005 1.005
SSBpbr Bo_Bmed_Bpbrs
1.74574e+06  930561  309271 309271
Ro
151512
SPR SPRFo_SPRFmed_SPRFpbrs
1.083e+06 631437 246011
Fref
1.005
Nvult_r0
 182463 14208.1 6366.45 7769.45 2619.07
CTP_r0
 27748.8 2809.37 1258.84 1536.26 517.87
YTP_r0
391282
Np
 214724 81013 5733.64 2569.17 4036.82
Nvult_p0
 176708 70103.7 4961.54 2223.2 3493.22
CTP_p0
 74644.3 35139.3 2486.96 1114.37 1750.96
YTP_p0
 1.27832e+06
CBA_c0
657394
log_Ro
11.7484
likeval ReclasPelacesDesembMPH_pf_preclas_ppelaces_ptallas_desvR_qrecl_qpela
 11.604 20.2402 0.0165283 0.0024639 241.052 117.632 98.967 0 28.0574 0 0 0.0789934 0 0 0
q_reclas_q_pelaces
1 1
M
1
N
 174127 42865.5 111365 8024.48 0.244558
 99323.5 56652.7 13319.9 34605.2 2493.58
 98560 29125.6 15261.4 3588.18 9993.85
 120311 28976 7873.71 4125.71 3671.72
 97463.6 29856.5 6205.85 1686.33 1669.99
 216730 30884.5 8947.24 1859.74 1005.81
 78634.3 61379.1 7931.12 2297.64 735.868
 31775.9 15693.3 9744.14 1259.09 481.58
 36587.8 10478.8 4967.71 3084.5 551.008
 53165.8 8875.86 2175.31 1031.26 754.705
 100745 11505.5 1574.93 385.986 316.9
 137545 33373.4 3664.76 501.652 223.886
 112354 33465.1 6956.05 763.851 151.225
 77779.3 28112.3 7248.75 1506.72 198.211
 74374.2 14657 4124.51 1063.51 250.14
 459550 16951.4 2792.73 785.881 250.301
 81886.1 120727 3926.09 646.823 239.989
 703704 24428.6 33299.4 1082.91 244.604
 393985 209528 6720.2 9160.53 365.194
 294024 108263 51621.5 1655.66 2346.86
 451061 82560.8 27477.3 13101.7 1015.85
 596967 134844 22837.8 7600.71 3905.16
 109623 169223 34672.5 5872.29 2958.51
 360724 34536.7 50309.2 10308 2625.36
 291959 115380 10483.5 15271.2 3925.86
 127723 93403.9 35032.9 3183.11 5828.81
 308966 41879.6 29335.9 11003 2830.42
 355014 98910.8 12727.6 8915.42 4204.09
 92030.9 116861 31232.3 4018.88 4142.64
 63895.3 30447.5 37157.3 9930.64 2595.04
 263476 19941.7 8935.61 10904.8 3675.99
pred_Ctot
 12852.2 4267.21 11086.2 798.828 0.0243454
 12976 9833.78 2312.07 6006.78 432.836
 12743.5 5005.33 2622.72 616.641 1717.48
 25550.8 7993.69 2172.14 1138.17 1012.93
 8645.08 3558.01 739.552 200.96 199.014
 32211.5 6069.23 1758.25 365.463 197.654
 23885.3 23578.6 3046.72 882.633 282.682
 2099.44 1401.24 870.044 112.423 42.9998
 8146.63 3021.95 1432.63 889.533 158.904
 14442 3078.61 754.512 357.695 261.771
 6392.56 987.283 135.144 33.1215 27.1932
 30444.4 9571.12 1051.01 143.868 64.2081
 23437.3 9077.85 1886.92 207.204 41.0216
 25300.9 11489.3 2962.52 615.788 81.0076
 18591.1 4708.06 1324.86 341.614 80.3489
 85348.7 4120.35 678.827 191.023 60.8404
 9955.26 19548.5 635.726 104.736 38.8599
 86271.5 3987.72 5435.79 176.774 39.9292
 64532.9 45190.1 1449.38 1975.7 78.7634
 44973.3 21869.5 10427.8 334.45 474.075
 54336.3 13250.3 4409.86 2102.7 163.035
 88438.8 26416.8 4474.07 1489.03 765.046
 10077.8 20883.2 4278.8 724.677 365.099
 30107.8 3878.11 5649.2 1157.48 294.8
 24334.8 12938.5 1175.6 1712.48 440.239
 8858.55 8747.47 3280.91 298.105 545.88
 25636.7 4675.67 3275.22 1228.43 316.004
 23826.6 8968.83 1154.08 808.414 381.209
 5908.27 10143.8 2711.03 348.847 359.59
 6206.82 3964.89 4838.65 1293.17 337.928
 27748.8 2809.37 1258.84 1536.26 517.87
F
 0.122844 0.168809 0.168809 0.168809 0.168809
 0.226766 0.311614 0.311614 0.311614 0.311614
 0.224198 0.308086 0.308086 0.308086 0.308086
 0.393674 0.540975 0.540975 0.540975 0.540975
 0.149223 0.205058 0.205058 0.205058 0.205058
 0.261585 0.359462 0.359462 0.359462 0.359462
 0.611572 0.840403 0.840403 0.840403 0.840403
 0.109359 0.150277 0.150277 0.150277 0.150277
 0.416381 0.572177 0.572177 0.572177 0.572177
 0.530595 0.729127 0.729127 0.729127 0.729127
 0.104832 0.144057 0.144057 0.144057 0.144057
 0.413448 0.568147 0.568147 0.568147 0.568147
 0.385451 0.529675 0.529675 0.529675 0.529675
 0.668957 0.919259 0.919259 0.919259 0.919259
 0.47876 0.657897 0.657897 0.657897 0.657897
 0.336716 0.462704 0.462704 0.462704 0.462704
 0.209575 0.287991 0.287991 0.287991 0.287991
 0.2115 0.290636 0.290636 0.290636 0.290636
 0.291754 0.400919 0.400919 0.400919 0.400919
 0.270126 0.371199 0.371199 0.371199 0.371199
 0.207485 0.285119 0.285119 0.285119 0.285119
 0.260646 0.358172 0.358172 0.358172 0.358172
 0.155023 0.213028 0.213028 0.213028 0.213028
 0.139883 0.192222 0.192222 0.192222 0.192222
 0.139678 0.191942 0.191942 0.191942 0.191942
 0.115068 0.158123 0.158123 0.158123 0.158123
 0.139014 0.191028 0.191028 0.191028 0.191028
 0.11117 0.152766 0.152766 0.152766 0.152766
 0.106121 0.145828 0.145828 0.145828 0.145828
 0.164433 0.225959 0.225959 0.225959 0.225959
 0.179355 0.246464 0.246464 0.246464 0.246464
nmprior
 8.19 8.8 8.5 0
nm_flota  nm_reclas  nm_pelaces    nm_pelaL
inf 13.9607 15.8712 36.374
cv_recla  cv_pelaces  cv_mph
0.308127 0.510129 1.53185
 ------------------------------------------------
Talla a la edad & desviaci?n 
 8 13.2811 15.8009 17.003 17.5766
 0.8 1.32811 1.58009 1.7003 1.75766
