    unsorted:	 2.131187390e-06 2.282924504e-06 4.445245155e-05 5.401999785e-05 4.823672358e-05 8.807802873e-05 0.001099992639 934.2365001 893.2066205 854.9385929 805.3015042 1067.933359 1191.248327 1208.249457 1275.742164 665.8239078 1502.288304 1535.275246 534.1800898 356.1172286 281.3077341 237.9052575 169.5694332 153.6598618 13.53485835 65.24737013 2019.823431 2048.845628 1937.987503 2188.425773 2396.621544 2454.967066 2529.891251 2612.137306 2640.824819 2853.022243 3320.356111 3278.976697 3210.322262 3873.948540 4015.642992 4320.564675 5662.428518 9104.642178 38545.13057 411089.7071 405770.3638 399774.5271 394843.6222 378660.3503 361575.6312 465483.9995 465370.1302 454609.4252 448382.0653 327119.5708 158332.2954 543333.3142 576162.9084 591878.0820 628375.1312 671166.2205 845186.5188 898478.3236 1033585.652 1089689.298 1320480.097 1379355.191 1549655.978 1681989.211 2286967.105 2355286.178 2533480.741 2692678.019 2942012.604 3103197.417 3629609.942
      sorted:	 2.131187390e-06 2.282924504e-06 4.445245155e-05 4.823672358e-05 5.401999785e-05 8.807802873e-05 0.001099992639 13.53485835 65.24737013 153.6598618 169.5694332 237.9052575 281.3077341 356.1172286 534.1800898 665.8239078 805.3015042 854.9385929 893.2066205 934.2365001 1067.933359 1191.248327 1208.249457 1275.742164 1502.288304 1535.275246 1937.987503 2019.823431 2048.845628 2188.425773 2396.621544 2454.967066 2529.891251 2612.137306 2640.824819 2853.022243 3210.322262 3278.976697 3320.356111 3873.948540 4015.642992 4320.564675 5662.428518 9104.642178 38545.13057 158332.2954 327119.5708 361575.6312 378660.3503 394843.6222 399774.5271 405770.3638 411089.7071 448382.0653 454609.4252 465370.1302 465483.9995 543333.3142 576162.9084 591878.0820 628375.1312 671166.2205 845186.5188 898478.3236 1033585.652 1089689.298 1320480.097 1379355.191 1549655.978 1681989.211 2286967.105 2355286.178 2533480.741 2692678.019 2942012.604 3103197.417 3629609.942
