years
 1991 1992 1993 1994 1995 1996 1997 1998 1999 2000 2001 2002 2003 2004 2005 2006 2007 2008 2009 2010 2011 2012 2013 2014 2015 2016 2017 2018 2019 2020 2021
reclasobs
 0 0 0 0 0 0 0 0 0 252601 567819 844713 477998 351125 339783 2.1784e+06 2.13404e+06 4.81314e+06 1.55562e+06 2.62356e+06 3.21686e+06 3.843e+06 1.13348e+06 3.07943e+06 1.97215e+06 2.03268e+06 2.025e+06 2.42433e+06 2.27542e+06 1.05018e+06 2.36338e+06
reclaspred
 4.28787e+06 2.46015e+06 1.25623e+06 1.43877e+06 1.606e+06 2.36087e+06 1.64996e+06 1.44252e+06 1.00203e+06 692347 626213 737115 721570 582358 604369 1.39698e+06 1.4791e+06 3.01138e+06 2.57626e+06 1.97285e+06 3.454e+06 2.77046e+06 2.32983e+06 3.40305e+06 2.64019e+06 2.40599e+06 2.73404e+06 2.80329e+06 2.46231e+06 1.63795e+06 2.31379e+06
pelacesobs
 0 0 0 0 0 0 0 0 0 0 0 0 0 0 0 552880 188675 0 991730 2.46772e+06 1.41603e+06 1.21717e+06 2.29649e+06 1.80582e+06 0 1.4828e+06 1.56532e+06 1.57751e+06 1.42118e+06 867257 1.10002e+06
pelacespred
 2.05356e+06 1.31413e+06 679791 672695 750011 1.16794e+06 779958 792259 550971 364521 346597 331911 352489 304125 329485 637774 638895 1.54113e+06 1.33728e+06 944811 1.60703e+06 1.41032e+06 1.15168e+06 1.89577e+06 1.38741e+06 1.25278e+06 1.66356e+06 1.70183e+06 1.16546e+06 876473 1.29623e+06
mphobs
 0 0 0 0 0 0 0 0 0 0 0 498337 0 5186 125008 0 168611 109162 213762 579715 649985 157893 87575 83554 0 0 0 0 0 0 0
mphpred
 3.85483e+06 2.60813e+06 1.33503e+06 739958 1.02727e+06 1.23807e+06 1.55901e+06 1.0602e+06 893796 595637 372409 453514 454136 389388 280015 367325 1.04152e+06 1.04006e+06 1.89466e+06 1.46262e+06 1.60565e+06 1.96613e+06 1.84127e+06 1.57542e+06 2.14598e+06 1.78807e+06 1.51206e+06 1.58188e+06 2.13766e+06 1.49936e+06 1.00074e+06
desembarqueobs
 494567 514787 250237 358949 120608 361735 552515 73892 212993 205616 52469 317467 293654 387597 252695 516296 358380 742168 942051 627588 828172 859565 418607 520667 417249 300574 407403 355545 319650 289779 391294
desembarquepred
 494576 512942 251324 358968 120611 361757 552613 73895.8 213052 205677 52472 317569 293735 387691 252708 516296 358413 742109 941952 627520 828280 859655 418633 520705 417265 300584 407416 355543 319655 289797 391304
Reclutas
 227268 130333 126831 305501 240059 342781 144256 68209.2 55443.5 69094.4 115127 151230 132177 95661.6 98971.1 478416 118469 717190 444769 347162 495109 655155 157055 411531 357990 169279 352926 385001 130840 100220 347056
log_desv_Rt
 0.109194 -0.446843 -0.474082 0.405019 0.163949 0.520158 -0.345343 -1.09436 -1.30157 -1.08146 -0.570898 -0.298134 -0.432796 -0.756117 -0.722107 0.853547 -0.542281 1.25841 0.780621 0.532856 0.887843 1.16794 -0.260338 0.70295 0.563572 -0.185389 0.549325 0.63631 -0.442957 -0.709567 0.532552
SSB
 3.85483e+06 2.60813e+06 1.33503e+06 739958 1.02727e+06 1.23807e+06 1.55901e+06 1.0602e+06 893796 595637 372409 453514 454136 389388 280015 367325 1.04152e+06 1.04006e+06 1.89466e+06 1.46262e+06 1.60565e+06 1.96613e+06 1.84127e+06 1.57542e+06 2.14598e+06 1.78807e+06 1.51206e+06 1.58188e+06 2.13766e+06 1.49936e+06 1.00074e+06
BT
 5.14867e+06 3.53574e+06 1.81731e+06 1.84845e+06 1.81938e+06 2.995e+06 2.29699e+06 1.8882e+06 1.48204e+06 1.04142e+06 845560 1.03569e+06 1.08127e+06 1.10549e+06 1.01263e+06 1.89065e+06 1.75254e+06 4.20694e+06 3.99176e+06 2.73656e+06 4.37902e+06 4.05369e+06 3.02041e+06 4.85503e+06 3.58098e+06 3.15373e+06 4.24997e+06 4.27923e+06 2.95016e+06 2.29793e+06 3.35651e+06
Ftot
 0.108929 0.1952 0.187474 0.233479 0.0706999 0.144036 0.307969 0.0484921 0.199182 0.275565 0.0794289 0.3945 0.373846 0.597906 0.385787 0.343261 0.223889 0.23095 0.33575 0.294532 0.223961 0.287276 0.167453 0.144487 0.147814 0.117241 0.14056 0.11962 0.121075 0.165914 0.15965
BD_Bspro_t
 0.982722 0.871755 0.735554 0.660916 0.697667 0.767054 0.756152 0.63708 0.680236 0.635214 0.591876 0.719155 0.592361 0.504749 0.407647 0.473338 0.615028 0.601073 0.676888 0.587174 0.563868 0.609429 0.621261 0.622702 0.719247 0.728947 0.740609 0.77227 0.810326 0.752567 0.699911
BD_Bspro
 2.64673 1.79075 0.916634 0.508056 0.705326 0.850059 1.07042 0.727938 0.613681 0.408965 0.255696 0.311383 0.311811 0.267354 0.192259 0.252206 0.71511 0.714107 1.30088 1.00424 1.10244 1.34995 1.26422 1.08168 1.47343 1.22769 1.03818 1.08612 1.46772 1.02946 0.687106
BD_Bo
 1.84547 1.24862 0.639135 0.354248 0.491797 0.592714 0.746365 0.507564 0.427897 0.285156 0.178288 0.217116 0.217414 0.186416 0.134055 0.175854 0.49862 0.49792 0.907054 0.700217 0.768689 0.94127 0.881493 0.754218 1.02737 0.856025 0.723886 0.757311 1.02339 0.717808 0.479093
BD_Brms
 12.5655 8.50164 4.35175 2.41201 3.34856 4.03568 5.08186 3.45591 2.91347 1.94158 1.21393 1.4783 1.48033 1.26927 0.912754 1.19736 3.39501 3.39025 6.17596 4.76765 5.23387 6.40893 6.00192 5.13533 6.99518 5.82852 4.92881 5.15639 6.96804 4.88742 3.26206
Sel_flota
 0.87011 1 1 1 1
 0.87011 1 1 1 1
 0.87011 1 1 1 1
 0.87011 1 1 1 1
 0.87011 1 1 1 1
 0.87011 1 1 1 1
 0.87011 1 1 1 1
 0.87011 1 1 1 1
 0.87011 1 1 1 1
 0.87011 1 1 1 1
 0.87011 1 1 1 1
 0.87011 1 1 1 1
 0.87011 1 1 1 1
 0.87011 1 1 1 1
 0.87011 1 1 1 1
 0.87011 1 1 1 1
 0.87011 1 1 1 1
 0.87011 1 1 1 1
 0.87011 1 1 1 1
 0.87011 1 1 1 1
 0.87011 1 1 1 1
 0.87011 1 1 1 1
 0.87011 1 1 1 1
 0.87011 1 1 1 1
 0.87011 1 1 1 1
 0.87011 1 1 1 1
 0.87011 1 1 1 1
 0.87011 1 1 1 1
 0.87011 1 1 1 1
 0.87011 1 1 1 1
 0.87011 1 1 1 1
Sel_reclas
 0.871293 0.971485 0.994201 0.998842 0.99977
 0.871293 0.971485 0.994201 0.998842 0.99977
 0.871293 0.971485 0.994201 0.998842 0.99977
 0.871293 0.971485 0.994201 0.998842 0.99977
 0.871293 0.971485 0.994201 0.998842 0.99977
 0.871293 0.971485 0.994201 0.998842 0.99977
 0.871293 0.971485 0.994201 0.998842 0.99977
 0.871293 0.971485 0.994201 0.998842 0.99977
 0.871293 0.971485 0.994201 0.998842 0.99977
 0.871293 0.971485 0.994201 0.998842 0.99977
 0.871293 0.971485 0.994201 0.998842 0.99977
 0.871293 0.971485 0.994201 0.998842 0.99977
 0.871293 0.971485 0.994201 0.998842 0.99977
 0.871293 0.971485 0.994201 0.998842 0.99977
 0.871293 0.971485 0.994201 0.998842 0.99977
 0.871293 0.971485 0.994201 0.998842 0.99977
 0.871293 0.971485 0.994201 0.998842 0.99977
 0.871293 0.971485 0.994201 0.998842 0.99977
 0.871293 0.971485 0.994201 0.998842 0.99977
 0.871293 0.971485 0.994201 0.998842 0.99977
 0.871293 0.971485 0.994201 0.998842 0.99977
 0.871293 0.971485 0.994201 0.998842 0.99977
 0.871293 0.971485 0.994201 0.998842 0.99977
 0.871293 0.971485 0.994201 0.998842 0.99977
 0.871293 0.971485 0.994201 0.998842 0.99977
 0.871293 0.971485 0.994201 0.998842 0.99977
 0.871293 0.971485 0.994201 0.998842 0.99977
 0.871293 0.971485 0.994201 0.998842 0.99977
 0.871293 0.971485 0.994201 0.998842 0.99977
 0.871293 0.971485 0.994201 0.998842 0.99977
 0.871293 0.971485 0.994201 0.998842 0.99977
Sel_pelaces
 0.999999 1 1 1 1
 0.999999 1 1 1 1
 0.999999 1 1 1 1
 0.999999 1 1 1 1
 0.999999 1 1 1 1
 0.999999 1 1 1 1
 0.999999 1 1 1 1
 0.999999 1 1 1 1
 0.999999 1 1 1 1
 0.999999 1 1 1 1
 0.999999 1 1 1 1
 0.999999 1 1 1 1
 0.999999 1 1 1 1
 0.999999 1 1 1 1
 0.999999 1 1 1 1
 0.999999 1 1 1 1
 0.999999 1 1 1 1
 0.999999 1 1 1 1
 0.999999 1 1 1 1
 0.999999 1 1 1 1
 0.999999 1 1 1 1
 0.999999 1 1 1 1
 0.999999 1 1 1 1
 0.999999 1 1 1 1
 0.999999 1 1 1 1
 0.999999 1 1 1 1
 0.999999 1 1 1 1
 0.999999 1 1 1 1
 0.999999 1 1 1 1
 0.999999 1 1 1 1
 0.999999 1 1 1 1
pf_obs 
 0.8446 0.082 0.0669 0.0065 0
 0.8095 0.147 0.0364 0.0071 0
 0.9664 0.0169 0.016 0.0007 0
 0.9276 0.0648 0.0075 0.0001 0
 0.7033 0.2144 0.0806 0.0017 0
 0.9318 0.0425 0.0243 0.0014 0
 0.5671 0.3108 0.0964 0.0239 0.0018
 0.0768 0.2599 0.5324 0.112 0.0189
 0.490249 0.384438 0.106611 0.0170017 0.00170017
 0.7925 0.1577 0.0466 0.003 0.0002
 0.840416 0.127587 0.0312969 0.00059994 9.999e-05
 0.8084 0.0986 0.0794 0.0134 0.0002
 0.7335 0.1905 0.0724 0.0035 0.0001
 0.4001 0.4547 0.1325 0.0127 0
 0.49795 0.308269 0.164784 0.0264974 0.00249975
 0.9179 0.0499 0.0305 0.0017 0
 0.2467 0.6533 0.0926 0.0074 0
 0.9418 0.0223 0.034 0.0019 0
 0.707729 0.231977 0.0356964 0.0245975 0
 0.517169 0.277429 0.184464 0.0207286 0.00020938
 0.811772 0.124168 0.05621 0.00726502 0.000585176
 0.764997 0.148141 0.077277 0.00933861 0.000247198
 0.163321 0.427699 0.378323 0.0303852 0.000271297
 0.753843 0.0900009 0.118128 0.0371064 0.000921714
 0.721811 0.176058 0.0630433 0.0369309 0.00215725
 0.143369 0.312575 0.442814 0.0836902 0.0175525
 0.692698 0.0596174 0.167031 0.0765114 0.00414204
 0.394062 0.376323 0.152708 0.0712218 0.00568511
 0.125707 0.32114 0.495352 0.0537591 0.00404204
 0.23352 0.215282 0.420074 0.123614 0.00750983
 0.774587 0.0839891 0.0768558 0.0609784 0.00358967
pf_pred 
 0.456822 0.105042 0.41655 0.0215846 7.55205e-07
 0.426483 0.28308 0.0561661 0.222729 0.0115417
 0.561357 0.20378 0.115925 0.0230008 0.0959371
 0.802558 0.118221 0.0368038 0.0209367 0.0214808
 0.653836 0.286037 0.0360018 0.0112078 0.0129174
 0.712799 0.196957 0.0745688 0.00938555 0.00628935
 0.459797 0.401125 0.0953771 0.0361101 0.00759061
 0.423202 0.28871 0.213918 0.0508642 0.0233054
 0.481571 0.237644 0.140544 0.104135 0.0361058
 0.649074 0.18255 0.0771824 0.0456461 0.0455478
 0.774996 0.15407 0.0368994 0.0156011 0.0184333
 0.730798 0.215174 0.0369955 0.00886032 0.00817239
 0.693794 0.23363 0.0580102 0.00997387 0.00459197
 0.639935 0.262279 0.0746085 0.0185253 0.00465153
 0.741132 0.176535 0.0599728 0.01706 0.00529961
 0.926313 0.0569114 0.0114402 0.00388647 0.00144899
 0.428051 0.53585 0.0278808 0.00560451 0.00261383
 0.891523 0.0506298 0.0541963 0.00281988 0.00083121
 0.622992 0.341497 0.0165742 0.0177417 0.00119522
 0.623971 0.248563 0.115459 0.00560369 0.00640254
 0.744619 0.168859 0.0571931 0.0265666 0.00276257
 0.749034 0.194055 0.0376295 0.0127452 0.00653588
 0.363682 0.495172 0.109139 0.0211634 0.010844
 0.742705 0.102801 0.120225 0.0264983 0.00777118
 0.64431 0.274008 0.0326355 0.0381667 0.0108793
 0.464599 0.363007 0.132805 0.0158176 0.0237714
 0.734002 0.133417 0.0898909 0.0328863 0.00980336
 0.691045 0.235496 0.0368447 0.0248245 0.0117893
 0.393191 0.437985 0.128684 0.0201333 0.0200071
 0.46563 0.229303 0.220192 0.0646945 0.0201802
 0.827744 0.0867415 0.0366951 0.0352372 0.0135824
pobs_RECLAS
 0 0 0 0 0
 0 0 0 0 0
 0 0 0 0 0
 0 0 0 0 0
 0 0 0 0 0
 0 0 0 0 0
 0 0 0 0 0
 0 0 0 0 0
 0 0 0 0 0
 0 0 0 0 0
 0.991045 0.00858322 0.000360255 1.14367e-05 0
 0.934742 0.0480273 0.0164251 0.00080598 0
 0.827803 0.169806 0.00239088 0 0
 0.941827 0.0461693 0.0120037 0 0
 0.791401 0.0380133 0.147996 0.0225897 0
 0.846168 0.0940531 0.0597789 0 0
 0.134021 0.677848 0.182769 0.00536245 0
 0.80878 0.0450904 0.141981 0.00414843 0
 0.846168 0.0940531 0.0597789 0 0
 0.905697 0.0802665 0.012482 0.00150086 5.37128e-05
 0.989698 0.0102097 9.19794e-05 0 0
 0.975433 0.0193895 0.00387452 0.00125025 5.28907e-05
 0.303575 0.632131 0.0575291 0.00676475 0
 0.966965 0.00978017 0.0227588 0.000495775 0
 0.843318 0.132988 0.00938335 0.0141283 0.000182051
 0.564624 0.303363 0.111486 0.0197234 0.00080311
 0.826376 0.0876187 0.0782897 0.00655872 0.00115652
 0.89761 0.0855135 0.0140674 0.00269457 0.000114338
 0.34875 0.467042 0.161289 0.0227151 0.000203297
 0.318654 0.224769 0.449479 0.00709798 0
 0.937255 0.0296025 0.0250945 0.00804832 0
ppred_RECLAS
 0.459973 0.102481 0.415894 0.0216512 7.5824e-07
 0.43114 0.276956 0.056236 0.224047 0.0116208
 0.565954 0.198855 0.115769 0.023077 0.0963443
 0.806151 0.114862 0.0365941 0.0209146 0.0214781
 0.659848 0.27983 0.0360442 0.0112734 0.013005
 0.717772 0.192081 0.0744232 0.00941096 0.00631223
 0.466776 0.393417 0.0957317 0.0364136 0.0076615
 0.427742 0.282948 0.214552 0.0512529 0.0235053
 0.486281 0.232228 0.140553 0.104628 0.0363102
 0.653941 0.17778 0.0769235 0.0457054 0.0456493
 0.778991 0.150108 0.0367911 0.015628 0.0184822
 0.736843 0.209291 0.0368254 0.00886076 0.00818039
 0.700093 0.227508 0.0578111 0.00998603 0.00460184
 0.647582 0.255008 0.0742364 0.0185189 0.00465425
 0.746461 0.171551 0.0596424 0.0170452 0.00529994
 0.928294 0.0550682 0.0113285 0.0038665 0.00144288
 0.435805 0.527767 0.0281023 0.00567543 0.00264936
 0.893508 0.0490828 0.0537689 0.00281071 0.000829274
 0.630592 0.333797 0.0165793 0.01783 0.00120229
 0.630095 0.242552 0.115302 0.00562216 0.00642959
 0.749288 0.164377 0.056977 0.0265898 0.00276755
 0.754345 0.188873 0.0374811 0.0127542 0.00654657
 0.369932 0.487653 0.109995 0.021429 0.0109903
 0.746021 0.100006 0.11969 0.0265036 0.00777995
 0.650253 0.267808 0.0326428 0.0383535 0.0109426
 0.470517 0.356172 0.133351 0.0159568 0.0240028
 0.737811 0.129889 0.0895602 0.0329183 0.009822
 0.696475 0.229941 0.0368167 0.0249214 0.0118463
 0.399145 0.430735 0.129513 0.0203576 0.0202488
 0.47018 0.22418 0.220307 0.0650303 0.0203037
 0.830475 0.0842674 0.036482 0.0351961 0.0135792
pobs_PELACES
 0 0 0 0 0
 0 0 0 0 0
 0 0 0 0 0
 0 0 0 0 0
 0 0 0 0 0
 0 0 0 0 0
 0 0 0 0 0
 0 0 0 0 0
 0 0 0 0 0
 0 0 0 0 0
 0 0 0 0 0
 0 0 0 0 0
 0 0 0 0 0
 0 0 0 0 0
 0 0 0 0 0
 0 0 0 0 0
 0.505614 0.472636 0.0217494 0 0
 0 0 0 0 0
 0.443492 0.261883 0.143347 0.151278 0
 0.227955 0.32914 0.350689 0.0885471 0.00366901
 0.970185 0.0296113 0.000203453 0 0
 0.997202 0.00247181 0.000326279 0 0
 0.445219 0.490057 0.0546422 0.010081 0
 0.90214 0.0892962 0.00764917 0.000914606 0
 0 0 0 0 0
 0.581667 0.319106 0.0959925 0.00289975 0.000334073
 0.762889 0.0836404 0.116647 0.0363945 0.000428098
 0.88444 0.0763242 0.0277011 0.0115352 0
 0.521256 0.241999 0.230069 0.00667565 0
 0.616807 0.101726 0.260614 0.0208532 0
 0.833518 0.0704572 0.0857862 0.0102388 0
ppred_PELACES
 0.492984 0.0980491 0.388818 0.0201476 7.04927e-07
 0.463497 0.26481 0.0525412 0.208355 0.0107968
 0.597768 0.186865 0.106302 0.0210915 0.0879735
 0.825563 0.104446 0.0325154 0.0184971 0.0189779
 0.685446 0.259918 0.0327144 0.0101844 0.0117378
 0.741937 0.176975 0.0670035 0.00843335 0.00565127
 0.498839 0.372135 0.088484 0.0335003 0.00704202
 0.458126 0.271229 0.200966 0.0477845 0.0218943
 0.519096 0.220443 0.130371 0.0965979 0.0334923
 0.683429 0.164679 0.0696264 0.0411775 0.0410888
 0.799021 0.137619 0.0329595 0.0139353 0.0164651
 0.761404 0.190711 0.0327894 0.00785299 0.00724327
 0.726787 0.208457 0.0517599 0.00889923 0.00409721
 0.679081 0.233765 0.0664972 0.0165113 0.00414582
 0.770838 0.156277 0.0530909 0.0151023 0.00469148
 0.936434 0.0490943 0.0098688 0.00335265 0.00124996
 0.465502 0.500763 0.0260552 0.00523754 0.00244268
 0.905372 0.0441659 0.0472771 0.00245987 0.00072509
 0.659358 0.308556 0.0149754 0.0160303 0.00107993
 0.659745 0.224916 0.104475 0.00507058 0.00579343
 0.772365 0.150513 0.0509793 0.0236803 0.00246243
 0.777085 0.172365 0.0334236 0.0113207 0.00580536
 0.398659 0.467953 0.10314 0.0200001 0.0102479
 0.769793 0.0919784 0.107567 0.0237086 0.00695304
 0.677296 0.248597 0.0296089 0.0346272 0.00987033
 0.500924 0.338378 0.123795 0.0147444 0.0221585
 0.761673 0.119538 0.0805401 0.0294654 0.00878358
 0.721253 0.212471 0.0332423 0.0223973 0.0106366
 0.428454 0.412533 0.121206 0.0189633 0.0188445
 0.502645 0.213419 0.20494 0.0602133 0.0187823
 0.847825 0.0766294 0.0324173 0.0311293 0.011999
pobs_pel_tallas
 0 0 0 0 0 0 0 0 0 0 0 0 0 0 0 0 0 0 0 0 0 0 0 0 0 0
 0 0 0 0 0 0 0 0 0 0 0 0 0 0 0 0 0 0 0 0 0 0 0 0 0 0
 0 0 0 0 0 0 0 0 0 0 0 0 0 0 0 0 0 0 0 0 0 0 0 0 0 0
 0 0 0 0 0 0 0 0 0 0 0 0 0 0 0 0 0 0 0 0 0 0 0 0 0 0
 0 0 0 0 0 0 0 0 0 0 0 0 0 0 0 0 0 0 0 0 0 0 0 0 0 0
 0 0 0 0 0 0 0 0 0 0 0 0 0 0 0 0 0 0 0 0 0 0 0 0 0 0
 0 0 0 0 0 0 0 0 0 0 0 0 0 0 0 0 0 0 0 0 0 0 0 0 0 0
 0 0 0 0 0 0 0 0 0 0 0 0 0 0 0 0 0 0 0 0 0 0 0 0 0 0
 0 0 0 0 0 0 0 0 0 0 0 0 0 0 0 0 0 0 0 0 0 0 0 0 0 0
 0 0 0 0 0 0 0 0 0 0 0 0 0 0 0 0 0 0 0 0 0 0 0 0 0 0
 0 0 0 0 0 0 0 0 0 0 0 0 0 0 0 0 0 0 0 0 0 0 0 0 0 0
 0 0 0 0 0 0 0 0 0 0 0 0 0 0 0 0 0 0 0 0 0 0 0 0 0 0
 0.00862536 0 0 0.000197151 0.00414017 0.0128641 0.00837892 0.0270097 0.101434 0.158115 0.152841 0.127902 0.109271 0.109419 0.0830992 0.0579132 0.0238553 0.00714673 0.00463305 0.00128148 0.00103504 0.000492878 0.000147863 0.000147863 4.92878e-05 0
 0 0 0 0 0 0 0 0 0 0 0 0 0 0 0 0 0 0 0 0 0 0 0 0 0 0
 0 0 0 0 0 0 0 0.0054083 0.00873648 0.0413646 0.0450493 0.0745869 0.0622846 0.0627006 0.0613931 0.0827291 0.12552 0.122667 0.0946155 0.0697135 0.0546179 0.0294188 0.0215738 0.0213955 0.0102223 0.00600262
 0 0 0 0 0.00359764 0.0251062 0.0480494 0.140153 0.205849 0.193036 0.1447 0.116669 0.0760912 0.0342217 0.00950174 0.001854 0.000860785 0 0 0 0.000165536 0 0.000143464 0 0 0
 0 0 0 0 0 0 0 0.000145254 0.000435761 0.0275982 0.070085 0.0708112 0.156366 0.174668 0.174014 0.160142 0.0824315 0.0480064 0.0283245 0.00493863 0.00203355 0 0 0 0 0
 0 0 0 0 0 0 0 0 0 0 0 0 0 0 0 0 0 0 0 0 0 0 0 0 0 0
 0 0 1.00437e-05 0.000401748 0.00122533 0.00171747 0.00176769 0.0269171 0.070346 0.194647 0.189555 0.159765 0.064822 0.0314167 0.0384472 0.0292271 0.0345202 0.0313363 0.0194345 0.0106764 0.0143323 0.0359363 0.0279516 0.0138201 0.00172751 0
 0 0.0021121 0.0136068 0.0755702 0.200478 0.177729 0.0527432 0.0373336 0.0318909 0.0142505 0.0149659 0.0166563 0.0217959 0.0798694 0.0677717 0.0528807 0.04013 0.0224614 0.0357745 0.0225083 0.00881397 0.00855152 0.00135912 0.000746735 0 0
 0 0 0 0 5.4009e-05 0.00500934 0.000945158 0.0243581 0.138947 0.33067 0.221406 0.137944 0.0707744 0.0437923 0.0131692 0.00525238 0.0047753 0.00276346 9.45158e-05 9.00151e-06 2.25038e-05 9.00151e-06 4.50075e-06 0 0 0
 0.000866109 0.00284123 0.00948549 0.0512746 0.133035 0.25785 0.225252 0.132002 0.0553304 0.0519788 0.0540692 0.017754 0.00435017 0.00159236 0.00146478 0.000404838 0.000125132 0.000115318 0.000107957 0.000100596 0 0 0 0 0 0
 0 0 0 0 0.00144013 0.00171154 0.00461396 0.0210425 0.0478622 0.0707936 0.0888783 0.103762 0.0637923 0.0337046 0.0602308 0.124433 0.169614 0.0934646 0.0462172 0.0250306 0.0313229 0.00938855 0.002487 0.000210481 0 0
 0 0.00764035 0.051015 0.0998891 0.058973 0.0496711 0.0374665 0.0718981 0.12319 0.153886 0.159021 0.0857701 0.0377988 0.023471 0.0147837 0.00900784 0.00315554 0.000888139 0.00291439 0.00214683 0.00393193 0.00274676 0.000635225 9.99891e-05 0 0
 0 0 0 0 0 0 0 0 0 0 0 0 0 0 0 0 0 0 0 0 0 0 0 0 0 0
 0 0 0 0 0 0 0 0 0 0 0 0 0 0 0 0 0 0 0 0 0 0 0 0 0 0
 0 0 0 0 0 0 0 0 0 0 0 0 0 0 0 0 0 0 0 0 0 0 0 0 0 0
 0 0 0 0 0 0 0 0 0 0 0 0 0 0 0 0 0 0 0 0 0 0 0 0 0 0
 0 0 0 0 0 0 0 0 0 0 0 0 0 0 0 0 0 0 0 0 0 0 0 0 0 0
 0 0 0 0 0 0 0 0 0 0 0 0 0 0 0 0 0 0 0 0 0 0 0 0 0 0
 0 0 0 0 0 0 0 0 0 0 0 0 0 0 0 0 0 0 0 0 0 0 0 0 0 0
ppred_pel_tallas
 1.13267e-16 4.06065e-05 0.00039471 0.00262298 0.0119237 0.0370992 0.079044 0.115369 0.115379 0.0790933 0.0372664 0.0124142 0.00388219 0.00323609 0.00570739 0.0100748 0.0161427 0.023691 0.0323918 0.0418864 0.0516331 0.0605752 0.0670408 0.0692179 0.066035 0.057838
 1.24307e-16 3.81777e-05 0.000371101 0.0024661 0.0112105 0.0348803 0.0743171 0.108473 0.108499 0.0744423 0.0353011 0.0124274 0.00552649 0.00707223 0.0128282 0.0213251 0.0311672 0.0402299 0.0464724 0.0492032 0.0495835 0.049808 0.0515516 0.0548698 0.0582646 0.0596714
 1.20119e-16 4.92374e-05 0.000478605 0.0031805 0.0144581 0.0449846 0.0958451 0.139893 0.139911 0.0959339 0.0452832 0.0153224 0.0053574 0.00525583 0.00919692 0.0153268 0.0225564 0.0294122 0.0344548 0.0371176 0.0380507 0.038594 0.0397905 0.0417222 0.0435793 0.0442464
 1.06032e-16 6.80006e-05 0.00066099 0.00439251 0.0199677 0.062127 0.132369 0.193198 0.193208 0.132418 0.062293 0.0204475 0.00559867 0.00330049 0.00510033 0.00837674 0.012188 0.0156065 0.0177477 0.0182382 0.0174406 0.0161839 0.0152129 0.0147865 0.0146676 0.0144025
 1.04019e-16 5.64593e-05 0.000548804 0.003647 0.0165787 0.0515828 0.109903 0.160413 0.160438 0.110026 0.0519937 0.0177656 0.00662612 0.00705186 0.012406 0.0204183 0.0294051 0.0369767 0.0407409 0.0396094 0.0344503 0.0275017 0.0210282 0.0162626 0.0132415 0.0113287
 1.03781e-16 6.11124e-05 0.000594034 0.00394757 0.0179451 0.0558339 0.118961 0.17363 0.173647 0.119044 0.0561151 0.0187582 0.00599196 0.00506759 0.00858832 0.0141827 0.0206138 0.0263168 0.0297262 0.0301017 0.0279261 0.024494 0.0210484 0.0181662 0.0157585 0.0134808
 1.072e-16 4.10888e-05 0.000399398 0.00265414 0.0120654 0.03754 0.0799842 0.116747 0.116783 0.0801598 0.0381298 0.0137697 0.00693553 0.00975632 0.017843 0.0295162 0.0427123 0.0541313 0.060431 0.0600739 0.0542118 0.0458228 0.0378266 0.0316704 0.0272177 0.023578
 1.14367e-16 3.77353e-05 0.0003668 0.00243752 0.0110806 0.0344761 0.0734559 0.107217 0.107243 0.0735851 0.0349106 0.0123391 0.0056097 0.00733537 0.013401 0.0224325 0.0331043 0.0433002 0.0508557 0.0547475 0.0555746 0.0548534 0.0537507 0.0523431 0.0498873 0.0456555
 1.19174e-16 4.27573e-05 0.000415616 0.00276192 0.0125553 0.0390643 0.0832314 0.121483 0.121505 0.0833362 0.0394169 0.0135763 0.0053346 0.00606477 0.0108701 0.0181665 0.0267986 0.0350701 0.0413065 0.0448316 0.0463435 0.0472733 0.0486386 0.0503277 0.0512863 0.0502994
 1.13135e-16 5.62931e-05 0.000547189 0.00363627 0.01653 0.0514309 0.10958 0.159938 0.159954 0.109658 0.0516932 0.017289 0.00554626 0.0047329 0.00805435 0.0133573 0.0195532 0.0252812 0.0292175 0.030826 0.0306824 0.030023 0.0298698 0.030423 0.0310977 0.0310237
 1.05171e-16 6.58143e-05 0.000639739 0.00425129 0.0193257 0.0601296 0.128113 0.186988 0.187001 0.128178 0.0603478 0.0199563 0.00583557 0.00410306 0.00665779 0.0109416 0.0158504 0.0201403 0.022599 0.0226924 0.0208829 0.0182964 0.0160064 0.0144956 0.0136115 0.0128914
 1.03009e-16 6.27158e-05 0.00060962 0.00405114 0.0184159 0.0572988 0.122082 0.178186 0.178204 0.122172 0.0576006 0.0192878 0.00624012 0.00538998 0.0091469 0.0150368 0.0216895 0.0273493 0.0302713 0.029655 0.026114 0.0212437 0.016647 0.0131791 0.0108497 0.00921686
 1.03133e-16 5.98645e-05 0.000581904 0.00386696 0.0175786 0.0546938 0.116532 0.170086 0.170106 0.11663 0.0550242 0.0185334 0.00626512 0.00582279 0.0100299 0.0165302 0.0239079 0.0302761 0.0337456 0.0334345 0.0299672 0.0250004 0.0201804 0.016359 0.0135273 0.0112617
 1.04337e-16 5.5935e-05 0.000543709 0.00361314 0.0164248 0.0511038 0.108883 0.158922 0.158945 0.108993 0.0514746 0.0174965 0.00630604 0.00643128 0.0112638 0.0186017 0.0269525 0.0342327 0.038348 0.0383231 0.0348478 0.0297371 0.0247647 0.0208017 0.0177695 0.015164
 1.03881e-16 6.34929e-05 0.000617174 0.00410134 0.0186441 0.0580088 0.123594 0.180393 0.180408 0.123668 0.058257 0.0193617 0.00590517 0.00456345 0.00758327 0.0125021 0.0181586 0.0231621 0.0261344 0.0264369 0.0245219 0.0215633 0.0186792 0.0163733 0.0145272 0.0127722
 1.00846e-16 7.71329e-05 0.000749759 0.00498241 0.0226493 0.0704705 0.150145 0.219142 0.219147 0.150168 0.0705482 0.0228739 0.00554651 0.00198209 0.0024202 0.003886 0.00560708 0.00708644 0.00787473 0.00776721 0.00691916 0.00573303 0.00460865 0.00375238 0.00315691 0.00270662
 1.01819e-16 3.83429e-05 0.000372706 0.00247677 0.0112591 0.0350313 0.0746398 0.108949 0.108997 0.0748752 0.0358217 0.0135408 0.0082008 0.0128564 0.0237119 0.0390476 0.0560289 0.0700009 0.0762446 0.0725838 0.0607045 0.0450665 0.0303145 0.0191811 0.0120731 0.00798353
 1.01746e-16 7.45743e-05 0.000724889 0.00481714 0.021898 0.0681329 0.145165 0.211873 0.211877 0.145186 0.0682041 0.0221044 0.00533822 0.00187249 0.00228352 0.00373362 0.00554874 0.00734584 0.008775 0.00965278 0.0100267 0.0100648 0.00987489 0.00942237 0.00860638 0.00739856
 1.02302e-16 5.43105e-05 0.000527918 0.0035082 0.0159478 0.0496196 0.105721 0.154309 0.154339 0.105866 0.0501067 0.017354 0.00703597 0.00822247 0.0146484 0.0240812 0.0345699 0.0432362 0.0471923 0.0451231 0.0380899 0.0288463 0.0202286 0.0138575 0.00989297 0.00762177
 1.04562e-16 5.43424e-05 0.000528227 0.00351026 0.0159571 0.0496487 0.105783 0.154397 0.154419 0.105889 0.0500067 0.0169926 0.00611474 0.00623151 0.0109375 0.0181298 0.0264219 0.0338694 0.0384997 0.0393584 0.037001 0.0329726 0.0287399 0.0249585 0.0215161 0.0180632
 1.04302e-16 6.36187e-05 0.000618396 0.00410946 0.018681 0.0581237 0.123839 0.18075 0.180765 0.12391 0.0583628 0.0193724 0.00584744 0.00442121 0.00731189 0.0120562 0.0175245 0.0223848 0.0253231 0.025739 0.0240784 0.0214692 0.0189664 0.0170117 0.015436 0.0138347
 1.03127e-16 6.40075e-05 0.000622176 0.00413458 0.0187952 0.0584789 0.124596 0.181855 0.181872 0.124677 0.0587519 0.0195837 0.00611469 0.00494763 0.00828736 0.0136221 0.0196713 0.024854 0.0276048 0.0272077 0.0242135 0.0200441 0.0161122 0.0131478 0.0111225 0.0096191
 1.06837e-16 3.28371e-05 0.000319188 0.00212112 0.00964234 0.0300011 0.0639222 0.0933059 0.093351 0.064143 0.0307424 0.0117841 0.00750002 0.012071 0.02238 0.0370207 0.0534997 0.06764 0.0751891 0.0741693 0.0660156 0.0545147 0.0434482 0.0348012 0.028581 0.0238045
 1.06683e-16 6.34068e-05 0.000616337 0.00409578 0.0186188 0.0579301 0.123426 0.180146 0.180155 0.123471 0.0580787 0.0190502 0.00518623 0.00302179 0.00470527 0.0078709 0.0117832 0.0157646 0.019149 0.0216072 0.0232605 0.0244246 0.0252159 0.0253901 0.0245378 0.0224307
 1.06062e-16 5.57881e-05 0.00054228 0.00360364 0.0163816 0.0509695 0.108597 0.158505 0.158529 0.108714 0.0513627 0.0175173 0.00645465 0.00676722 0.0118821 0.0195679 0.0282182 0.0355744 0.0393902 0.0386737 0.0342969 0.0284079 0.0231204 0.0194901 0.0173778 0.0160003
 1.08888e-16 4.12606e-05 0.000401067 0.00266524 0.0121158 0.0376969 0.0803184 0.117234 0.117267 0.0804785 0.0382345 0.0136703 0.00657309 0.00895166 0.0163383 0.027097 0.0393858 0.0502751 0.0567863 0.0575272 0.0534568 0.0470929 0.0408437 0.0358102 0.0317706 0.0279686
 1.06797e-16 6.2738e-05 0.000609836 0.00405257 0.0184224 0.057319 0.122125 0.178247 0.178259 0.122182 0.0575103 0.0189764 0.00544852 0.00367513 0.00593728 0.00985598 0.0145217 0.0189607 0.0222185 0.0238592 0.0241774 0.0238808 0.0235151 0.0231174 0.0223234 0.0207439
 1.0506e-16 5.94087e-05 0.000577473 0.00383751 0.0174448 0.0542773 0.115644 0.168791 0.168811 0.115745 0.0546136 0.0184162 0.0062765 0.00590424 0.0101835 0.0167626 0.0241949 0.0305476 0.0339021 0.0334011 0.0297648 0.0247928 0.0202575 0.0170478 0.0150638 0.0136838
 1.08694e-16 3.52912e-05 0.000343043 0.00227965 0.010363 0.0322432 0.0686991 0.100277 0.100317 0.0688939 0.0328977 0.0122546 0.00703296 0.010736 0.0198219 0.0328407 0.0476023 0.0604862 0.0678066 0.0678474 0.0618288 0.0529551 0.0443563 0.0375678 0.0324429 0.028072
 1.15186e-16 4.14022e-05 0.000402445 0.00267439 0.0121574 0.0378262 0.0805936 0.117633 0.117654 0.0806957 0.0381698 0.0131536 0.00518931 0.00594021 0.0106992 0.0179917 0.0267827 0.0355135 0.0425936 0.0472728 0.0499532 0.0515969 0.0527552 0.0530856 0.0516991 0.0479256
 1.06108e-16 6.98342e-05 0.000678814 0.00451096 0.0205062 0.0638023 0.135938 0.198407 0.198414 0.135974 0.0639244 0.0208596 0.00540046 0.00262875 0.00379765 0.00623397 0.00913426 0.0118387 0.0137391 0.0145948 0.0146757 0.0145447 0.0146469 0.0150313 0.0153815 0.0152673
pSPR Fmed_Fpbrs
0.688144   0.196868 0.196868
Fs Fmed_Fpbrs
0.191243   1.005 1.005
SSBpbr Bo_Bmed_Bpbrs
2.08881e+06  1.33296e+06  306780 306780
Ro
203758
SPR SPRFo_SPRFmed_SPRFpbrs
1.45645e+06 1.00225e+06 286729
Fref
1.005
Nvult_r0
 235940 21905 9266.69 8898.52 3430
CTP_r0
 28777.5 3015.67 1275.75 1225.06 472.209
YTP_r0
391304
Np
 263330 111116 10007.7 4233.65 5340.36
Nvult_p0
 222926 96153 8660.06 3663.55 4621.22
CTP_p0
 103998 48196.4 4340.83 1836.34 2316.37
YTP_p0
 1.79341e+06
CBA_c0
811935
log_Ro
12.0447
likeval ReclasPelacesDesembMPH_pf_preclas_ppelaces_ptallas_desvR_qrecl_qpela
 20.887 17.4437 0.161127 0.00292014 242.373 121.692 98.1153 0 20.8741 0 0 0.815649 0 0 0
q_reclas_q_pelaces
1 1
M
1
N
 227268 45734.9 181364 9397.82 0.328813
 130333 76046.7 15088.5 59834.1 3100.56
 126831 40457.3 23015 4566.43 19046.8
 305501 39635.7 12339.1 7019.37 7201.8
 240059 91725.6 11545 3594.1 4142.31
 342781 83043.7 31440.6 3957.26 2651.8
 144256 111248 26452 10014.8 2105.19
 68209.2 40594.2 30078.1 7151.79 3276.87
 55443.5 24056 14226.9 10541.3 3654.89
 69094.4 17151 7251.46 4288.56 4279.32
 115127 19999.4 4789.81 2025.14 2392.78
 151230 39524.7 6795.59 1627.53 1501.16
 132177 39470.1 9800.41 1685.01 775.78
 95661.6 35122.8 9991.11 2480.79 622.904
 98971.1 20917.2 7106.04 2021.4 627.939
 478416 26027.4 5231.96 1777.41 662.67
 118469 130557 6792.98 1365.51 636.845
 717190 35868 38394.6 1997.71 588.86
 444769 215808 10474 11211.8 755.317
 347162 122170 56749 2754.25 3146.89
 495109 98841.3 33477.9 15550.7 1617.07
 655155 149891 29065.6 9844.61 5048.41
 157055 187712 41373.1 8022.73 4110.79
 411531 49943.6 58408.3 12873.6 3775.45
 357990 133509 15901.4 18596.4 5300.84
 169279 115803 42366.3 5045.99 7583.32
 352926 56234.6 37888.6 13861.4 4132.07
 385001 114888 17974.8 12110.7 5751.45
 130840 127633 37499.9 5867.06 5830.28
 100220 43320.6 41599.5 12222.3 3812.51
 347056 31912.7 13500.3 12964 4997.05
pred_Ctot
 13091.9 3010.37 11937.8 618.585 0.0216432
 13048.7 8661.14 1718.46 6814.65 353.13
 12228.7 4439.2 2525.34 501.054 2089.92
 36096 5317.14 1655.29 941.651 966.125
 9099.29 3980.7 501.029 155.977 179.768
 25785.7 7124.98 2697.54 339.524 227.519
 21907.5 19112 4544.35 1720.51 361.663
 1787.55 1219.47 903.563 214.844 98.439
 5656.21 2791.21 1650.74 1223.11 424.074
 9494.96 2670.42 1129.06 667.733 666.295
 4887.25 971.592 232.694 98.3834 116.244
 28559.3 8408.91 1445.77 346.258 319.374
 23821.5 8021.71 1991.79 342.454 157.666
 25578.3 10483.4 2982.12 740.459 185.922
 18331.9 4366.6 1483.43 421.979 131.086
 80002.2 4915.22 988.045 335.66 125.144
 13467.8 16859.4 877.212 176.335 82.239
 83894.8 4764.4 5100.02 265.359 78.2192
 72936.4 39980.6 1940.41 2077.1 139.93
 50656.3 20179.3 9373.43 454.929 519.782
 56301.4 12767.6 4324.43 2008.73 208.881
 93477.1 24217.4 4696.04 1590.57 815.658
 13621.7 18546.7 4087.82 792.676 406.162
 31049.3 4297.69 5026.08 1107.78 324.88
 27599.1 11737.2 1397.94 1634.87 466.014
 10464.4 8176.19 2991.24 356.268 535.414
 25940.2 4715.05 3176.81 1162.23 346.458
 24262.1 8268.12 1293.59 871.57 413.913
 8341.31 9291.57 2729.95 427.115 424.438
 8617.07 4243.53 4074.94 1197.25 373.459
 28777.5 3015.67 1275.75 1225.06 472.209
F
 0.0947803 0.108929 0.108929 0.108929 0.108929
 0.169846 0.1952 0.1952 0.1952 0.1952
 0.163123 0.187474 0.187474 0.187474 0.187474
 0.203152 0.233479 0.233479 0.233479 0.233479
 0.0615167 0.0706999 0.0706999 0.0706999 0.0706999
 0.125327 0.144036 0.144036 0.144036 0.144036
 0.267967 0.307969 0.307969 0.307969 0.307969
 0.0421935 0.0484921 0.0484921 0.0484921 0.0484921
 0.17331 0.199182 0.199182 0.199182 0.199182
 0.239771 0.275565 0.275565 0.275565 0.275565
 0.0691118 0.0794289 0.0794289 0.0794289 0.0794289
 0.343259 0.3945 0.3945 0.3945 0.3945
 0.325287 0.373846 0.373846 0.373846 0.373846
 0.520244 0.597906 0.597906 0.597906 0.597906
 0.335677 0.385787 0.385787 0.385787 0.385787
 0.298674 0.343261 0.343261 0.343261 0.343261
 0.194808 0.223889 0.223889 0.223889 0.223889
 0.200952 0.23095 0.23095 0.23095 0.23095
 0.29214 0.33575 0.33575 0.33575 0.33575
 0.256275 0.294532 0.294532 0.294532 0.294532
 0.194871 0.223961 0.223961 0.223961 0.223961
 0.249962 0.287276 0.287276 0.287276 0.287276
 0.145703 0.167453 0.167453 0.167453 0.167453
 0.125719 0.144487 0.144487 0.144487 0.144487
 0.128614 0.147814 0.147814 0.147814 0.147814
 0.102012 0.117241 0.117241 0.117241 0.117241
 0.122303 0.14056 0.14056 0.14056 0.14056
 0.104082 0.11962 0.11962 0.11962 0.11962
 0.105348 0.121075 0.121075 0.121075 0.121075
 0.144363 0.165914 0.165914 0.165914 0.165914
 0.138913 0.15965 0.15965 0.15965 0.15965
nmprior
 8.19 8.8 8.5 0
nm_flota  nm_reclas  nm_pelaces    nm_pelaL
inf 10.7531 21.7447 54.7722
cv_recla  cv_pelaces  cv_mph
0.413393 0.473578 1.66766
 ------------------------------------------------
Talla a la edad & desviaci?n 
 8 13.2811 15.8009 17.003 17.5766
 0.8 1.32811 1.58009 1.7003 1.75766
