years
 1991 1992 1993 1994 1995 1996 1997 1998 1999 2000 2001 2002 2003 2004 2005 2006 2007 2008 2009 2010 2011 2012 2013 2014 2015 2016 2017 2018 2019 2020 2021
reclasobs
 0 0 0 0 0 0 0 0 0 252601 567819 844713 477998 351125 339783 2.1784e+06 2.13404e+06 4.81314e+06 1.55562e+06 2.62356e+06 3.21686e+06 3.843e+06 1.13348e+06 3.07943e+06 1.97215e+06 2.03268e+06 2.025e+06 2.42433e+06 2.27542e+06 1.05018e+06 2.36338e+06
reclaspred
 3.19495e+06 1.75118e+06 887561 908108 918347 1.56992e+06 894950 771467 548499 376263 501277 678586 666477 493976 486507 1.35068e+06 1.21097e+06 3.08619e+06 2.4604e+06 1.78771e+06 3.10999e+06 2.53571e+06 1.93528e+06 3.05993e+06 2.27073e+06 1.99949e+06 2.40907e+06 2.61804e+06 2.08965e+06 1.26323e+06 1.88337e+06
pelacesobs
 0 0 0 0 0 0 0 0 0 0 0 0 0 0 0 552880 188675 0 991730 2.46772e+06 1.41603e+06 1.21717e+06 2.29649e+06 1.80582e+06 0 1.4828e+06 1.56532e+06 1.57751e+06 1.42118e+06 867257 1.10002e+06
pelacespred
 1.79345e+06 1.07639e+06 532996 444427 487694 858870 435169 493167 323078 204207 291511 326797 355793 268402 273613 639595 590270 1.73729e+06 1.41445e+06 940403 1.63327e+06 1.39892e+06 1.09971e+06 1.90552e+06 1.36115e+06 1.20411e+06 1.64463e+06 1.76403e+06 1.17846e+06 794329 1.15211e+06
mphobs
 0 0 0 0 0 0 0 0 0 0 0 498337 0 5186 125008 0 168611 109162 213762 579715 649985 157893 87575 83554 0 0 0 0 0 0 0
mphpred
 489565 327825 158204 87706.5 96065.3 114363 156053 85305.9 76666 48706.9 30381.5 60633.6 65165.7 53428.8 32805.1 41781.4 152352 135314 308620 218054 229481 282295 269230 215194 310052 254667 207602 224982 324123 211822 125060
desembarqueobs
 494567 514787 250237 358949 120608 361735 552515 73892 212993 205616 52469 317467 293654 387597 252695 516296 358380 742168 942051 627588 828172 859565 418607 520667 417249 300574 407403 355545 319650 289779 391294
desembarquepred
 494571 513790 250705 358986 120614 361745 552544 73897.4 213054 205671 52471.9 317530 293692 387583 252672 516227 358406 742020 941758 627376 828253 859546 418609 520692 417238 300571 407397 355519 319632 289782 391297
Reclutas
 172879 95296.9 96183.9 147519 119195 216338 85228.8 36381.5 35591.3 48031.7 89824.6 128970 107757 75233.9 69808.9 376813 74820.2 607712 338196 268330 372802 512618 101105 297830 253570 111541 250523 283691 83966.9 60084.8 225337
log_desv_Rt
 0.203388 -0.392208 -0.382943 0.044755 -0.16844 0.427638 -0.503866 -1.35515 -1.3771 -1.07734 -0.451346 -0.0896216 -0.269324 -0.628602 -0.703443 0.982543 -0.634117 1.4605 0.874421 0.643014 0.971843 1.29033 -0.33305 0.747317 0.586436 -0.234815 0.574346 0.698682 -0.518782 -0.853448 0.468391
SSB
 2.12768e+06 1.42475e+06 687563 381177 417505 497028 678217 370745 333195 211683 132040 263517 283214 232204 142573 181584 662129 588080 1.34128e+06 947677 997336 1.22687e+06 1.17009e+06 935246 1.34751e+06 1.1068e+06 902251 977783 1.40866e+06 920592 543519
BT
 2.9917e+06 2.04799e+06 1.00794e+06 944864 802107 1.56661e+06 1.11909e+06 782490 680777 494570 473304 742228 785948 795664 656301 1.36442e+06 1.13237e+06 3.22306e+06 2.9583e+06 1.92414e+06 3.06863e+06 2.83266e+06 1.95103e+06 3.28634e+06 2.35448e+06 2.00993e+06 2.82946e+06 2.94327e+06 1.95615e+06 1.42633e+06 2.06712e+06
Ftot
 0.197691 0.364054 0.357068 0.54252 0.180611 0.331976 0.761612 0.130056 0.518134 0.720845 0.159935 0.647631 0.605894 1.0509 0.75852 0.594268 0.386559 0.366664 0.515975 0.478901 0.374969 0.472243 0.281085 0.249794 0.248459 0.200351 0.245489 0.200862 0.193427 0.293102 0.309856
BD_Bspro_t
 0.968978 0.786795 0.585787 0.487281 0.481015 0.573641 0.572739 0.381283 0.43815 0.377872 0.335741 0.587848 0.466822 0.372033 0.257994 0.308867 0.501956 0.460105 0.593692 0.478476 0.444934 0.493494 0.510691 0.494452 0.615848 0.625231 0.631454 0.678129 0.738141 0.651504 0.562009
BD_Bspro
 2.11015 1.41301 0.681899 0.378037 0.414066 0.492934 0.67263 0.36769 0.33045 0.209939 0.130952 0.261346 0.280881 0.230292 0.141398 0.180089 0.656674 0.583236 1.33023 0.93987 0.989121 1.21676 1.16045 0.927542 1.33641 1.09768 0.894819 0.969729 1.39705 0.913009 0.539041
BD_Bo
 1.39171 0.931924 0.449733 0.249327 0.273089 0.325105 0.44362 0.242503 0.217942 0.138461 0.0863668 0.172366 0.185249 0.151884 0.0932564 0.118774 0.433097 0.384662 0.877328 0.619873 0.652355 0.802491 0.765353 0.611742 0.8814 0.723955 0.59016 0.639565 0.921399 0.602157 0.355514
BD_Brms
 2.53038 1.69441 0.817696 0.453322 0.496526 0.591099 0.806581 0.440915 0.396258 0.251748 0.157031 0.313393 0.336817 0.276153 0.169557 0.215953 0.787449 0.699385 1.59514 1.12704 1.1861 1.45908 1.39155 1.11226 1.60255 1.31628 1.07302 1.16285 1.67527 1.09483 0.646389
Sel_flota
 0.708599 0.978815 0.998862 0.99994 0.999997
 0.708599 0.978815 0.998862 0.99994 0.999997
 0.708599 0.978815 0.998862 0.99994 0.999997
 0.708599 0.978815 0.998862 0.99994 0.999997
 0.708599 0.978815 0.998862 0.99994 0.999997
 0.708599 0.978815 0.998862 0.99994 0.999997
 0.708599 0.978815 0.998862 0.99994 0.999997
 0.708599 0.978815 0.998862 0.99994 0.999997
 0.708599 0.978815 0.998862 0.99994 0.999997
 0.708599 0.978815 0.998862 0.99994 0.999997
 0.708599 0.978815 0.998862 0.99994 0.999997
 0.708599 0.978815 0.998862 0.99994 0.999997
 0.708599 0.978815 0.998862 0.99994 0.999997
 0.708599 0.978815 0.998862 0.99994 0.999997
 0.708599 0.978815 0.998862 0.99994 0.999997
 0.708599 0.978815 0.998862 0.99994 0.999997
 0.708599 0.978815 0.998862 0.99994 0.999997
 0.708599 0.978815 0.998862 0.99994 0.999997
 0.708599 0.978815 0.998862 0.99994 0.999997
 0.708599 0.978815 0.998862 0.99994 0.999997
 0.708599 0.978815 0.998862 0.99994 0.999997
 0.708599 0.978815 0.998862 0.99994 0.999997
 0.708599 0.978815 0.998862 0.99994 0.999997
 0.708599 0.978815 0.998862 0.99994 0.999997
 0.708599 0.978815 0.998862 0.99994 0.999997
 0.708599 0.978815 0.998862 0.99994 0.999997
 0.708599 0.978815 0.998862 0.99994 0.999997
 0.708599 0.978815 0.998862 0.99994 0.999997
 0.708599 0.978815 0.998862 0.99994 0.999997
 0.708599 0.978815 0.998862 0.99994 0.999997
 0.708599 0.978815 0.998862 0.99994 0.999997
Sel_reclas
 1 1 1 1 1
 1 1 1 1 1
 1 1 1 1 1
 1 1 1 1 1
 1 1 1 1 1
 1 1 1 1 1
 1 1 1 1 1
 1 1 1 1 1
 1 1 1 1 1
 1 1 1 1 1
 1 1 1 1 1
 1 1 1 1 1
 1 1 1 1 1
 1 1 1 1 1
 1 1 1 1 1
 1 1 1 1 1
 1 1 1 1 1
 1 1 1 1 1
 1 1 1 1 1
 1 1 1 1 1
 1 1 1 1 1
 1 1 1 1 1
 1 1 1 1 1
 1 1 1 1 1
 1 1 1 1 1
 1 1 1 1 1
 1 1 1 1 1
 1 1 1 1 1
 1 1 1 1 1
 1 1 1 1 1
 1 1 1 1 1
Sel_pelaces
 0.956512 1 1 1 1
 0.956512 1 1 1 1
 0.956512 1 1 1 1
 0.956512 1 1 1 1
 0.956512 1 1 1 1
 0.956512 1 1 1 1
 0.956512 1 1 1 1
 0.956512 1 1 1 1
 0.956512 1 1 1 1
 0.956512 1 1 1 1
 0.956512 1 1 1 1
 0.956512 1 1 1 1
 0.956512 1 1 1 1
 0.956512 1 1 1 1
 0.956512 1 1 1 1
 0.956512 1 1 1 1
 0.956512 1 1 1 1
 0.956512 1 1 1 1
 0.956512 1 1 1 1
 0.956512 1 1 1 1
 0.956512 1 1 1 1
 0.956512 1 1 1 1
 0.956512 1 1 1 1
 0.956512 1 1 1 1
 0.956512 1 1 1 1
 0.956512 1 1 1 1
 0.956512 1 1 1 1
 0.956512 1 1 1 1
 0.956512 1 1 1 1
 0.956512 1 1 1 1
 0.956512 1 1 1 1
pf_obs 
 0.8446 0.082 0.0669 0.0065 0
 0.8095 0.147 0.0364 0.0071 0
 0.9664 0.0169 0.016 0.0007 0
 0.9276 0.0648 0.0075 0.0001 0
 0.7033 0.2144 0.0806 0.0017 0
 0.9318 0.0425 0.0243 0.0014 0
 0.5671 0.3108 0.0964 0.0239 0.0018
 0.0768 0.2599 0.5324 0.112 0.0189
 0.490249 0.384438 0.106611 0.0170017 0.00170017
 0.7925 0.1577 0.0466 0.003 0.0002
 0.840416 0.127587 0.0312969 0.00059994 9.999e-05
 0.8084 0.0986 0.0794 0.0134 0.0002
 0.7335 0.1905 0.0724 0.0035 0.0001
 0.4001 0.4547 0.1325 0.0127 0
 0.49795 0.308269 0.164784 0.0264974 0.00249975
 0.9179 0.0499 0.0305 0.0017 0
 0.2467 0.6533 0.0926 0.0074 0
 0.9418 0.0223 0.034 0.0019 0
 0.707729 0.231977 0.0356964 0.0245975 0
 0.517169 0.277429 0.184464 0.0207286 0.00020938
 0.811772 0.124168 0.05621 0.00726502 0.000585176
 0.764997 0.148141 0.077277 0.00933861 0.000247198
 0.163321 0.427699 0.378323 0.0303852 0.000271297
 0.753843 0.0900009 0.118128 0.0371064 0.000921714
 0.721811 0.176058 0.0630433 0.0369309 0.00215725
 0.143369 0.312575 0.442814 0.0836902 0.0175525
 0.692698 0.0596174 0.167031 0.0765114 0.00414204
 0.394062 0.376323 0.152708 0.0712218 0.00568511
 0.125707 0.32114 0.495352 0.0537591 0.00404204
 0.23352 0.215282 0.420074 0.123614 0.00750983
 0.774587 0.0839891 0.0768558 0.0609784 0.00358967
pf_pred 
 0.477343 0.137583 0.360962 0.024111 8.67921e-07
 0.423069 0.326143 0.0670817 0.172215 0.0114905
 0.579664 0.217067 0.116143 0.0233267 0.0637997
 0.733027 0.178293 0.0463345 0.024209 0.0181368
 0.657067 0.275831 0.0452086 0.0114466 0.0104464
 0.75404 0.179272 0.0538676 0.00864113 0.00417969
 0.463366 0.437865 0.0724511 0.0212637 0.00505443
 0.455636 0.311676 0.190879 0.0306806 0.0111274
 0.54585 0.245037 0.120809 0.072453 0.0158513
 0.726169 0.176192 0.0533239 0.0256169 0.0186983
 0.833869 0.133585 0.021158 0.00622372 0.00516423
 0.747414 0.221145 0.0253885 0.00393621 0.00211613
 0.693728 0.250619 0.0488931 0.0054602 0.0012997
 0.643671 0.275997 0.0660594 0.0125415 0.00173144
 0.756376 0.182383 0.0477922 0.0110635 0.00238611
 0.941227 0.0487082 0.00759041 0.00193187 0.000542809
 0.373271 0.601792 0.020762 0.00314978 0.00102543
 0.910073 0.0416385 0.0464112 0.00156309 0.000313926
 0.583912 0.389739 0.0123571 0.0134483 0.000543193
 0.615094 0.259973 0.117217 0.00362174 0.00409512
 0.737438 0.184602 0.0530871 0.0233381 0.00153431
 0.74869 0.201905 0.0349862 0.00982277 0.00459627
 0.312903 0.559673 0.102884 0.0173847 0.00715507
 0.741026 0.101946 0.128447 0.0230821 0.00549876
 0.622835 0.303157 0.0295327 0.0363885 0.00808713
 0.425067 0.402857 0.138931 0.0132361 0.0199094
 0.727525 0.139062 0.0940933 0.0317529 0.0075664
 0.68223 0.251682 0.034102 0.0225668 0.00941883
 0.34006 0.495779 0.130618 0.0173186 0.0162248
 0.411974 0.247162 0.257459 0.0663785 0.0170262
 0.825175 0.0878675 0.0370423 0.0377128 0.0122021
pobs_RECLAS
 0 0 0 0 0
 0 0 0 0 0
 0 0 0 0 0
 0 0 0 0 0
 0 0 0 0 0
 0 0 0 0 0
 0 0 0 0 0
 0 0 0 0 0
 0 0 0 0 0
 0 0 0 0 0
 0.991045 0.00858322 0.000360255 1.14367e-05 0
 0.934742 0.0480273 0.0164251 0.00080598 0
 0.827803 0.169806 0.00239088 0 0
 0.941827 0.0461693 0.0120037 0 0
 0.791401 0.0380133 0.147996 0.0225897 0
 0.846168 0.0940531 0.0597789 0 0
 0.134021 0.677848 0.182769 0.00536245 0
 0.80878 0.0450904 0.141981 0.00414843 0
 0.846168 0.0940531 0.0597789 0 0
 0.905697 0.0802665 0.012482 0.00150086 5.37128e-05
 0.989698 0.0102097 9.19794e-05 0 0
 0.975433 0.0193895 0.00387452 0.00125025 5.28907e-05
 0.303575 0.632131 0.0575291 0.00676475 0
 0.966965 0.00978017 0.0227588 0.000495775 0
 0.843318 0.132988 0.00938335 0.0141283 0.000182051
 0.564624 0.303363 0.111486 0.0197234 0.00080311
 0.826376 0.0876187 0.0782897 0.00655872 0.00115652
 0.89761 0.0855135 0.0140674 0.00269457 0.000114338
 0.34875 0.467042 0.161289 0.0227151 0.000203297
 0.318654 0.224769 0.449479 0.00709798 0
 0.937255 0.0296025 0.0250945 0.00804832 0
ppred_RECLAS
 0.562835 0.116844 0.300285 0.0200359 7.21189e-07
 0.508187 0.280669 0.0565244 0.144949 0.00967069
 0.660381 0.177211 0.0928422 0.018626 0.05094
 0.79537 0.137661 0.0350101 0.0182712 0.0136875
 0.727497 0.220076 0.0353342 0.00893664 0.00815526
 0.81128 0.138338 0.0407044 0.00652228 0.00315462
 0.551658 0.367342 0.0594358 0.017423 0.00414123
 0.539199 0.266165 0.159697 0.0256406 0.00929893
 0.630245 0.201523 0.0972388 0.0582503 0.0127433
 0.791077 0.135517 0.0401114 0.0192468 0.0140478
 0.874838 0.101053 0.0156794 0.00460712 0.00382261
 0.807269 0.169204 0.0190032 0.00294279 0.00158197
 0.762147 0.195404 0.0372981 0.00416048 0.000990262
 0.723503 0.215306 0.0503298 0.00954322 0.00131741
 0.815843 0.138644 0.0355265 0.00821427 0.0017715
 0.957697 0.0351902 0.00536566 0.00136406 0.000383243
 0.454353 0.524376 0.0177127 0.00268416 0.00087379
 0.934587 0.0306318 0.0334306 0.00112465 0.000225858
 0.66361 0.315526 0.00979098 0.0106434 0.000429874
 0.692837 0.208905 0.0921956 0.0028454 0.00321711
 0.797845 0.143033 0.0402737 0.0176852 0.00116261
 0.80742 0.155377 0.026354 0.00739076 0.00345808
 0.388882 0.499718 0.0899661 0.0151851 0.00624939
 0.80118 0.0792647 0.0978151 0.0175581 0.00418256
 0.697502 0.244158 0.023296 0.0286723 0.00637188
 0.508101 0.34682 0.11716 0.0111496 0.01677
 0.789506 0.108539 0.0719308 0.0242471 0.0057775
 0.74963 0.199169 0.0264346 0.0174738 0.00729269
 0.418273 0.439279 0.113367 0.0150148 0.0140656
 0.496871 0.214077 0.218386 0.0562419 0.0144253
 0.869224 0.0664338 0.0274263 0.0278917 0.00902391
pobs_PELACES
 0 0 0 0 0
 0 0 0 0 0
 0 0 0 0 0
 0 0 0 0 0
 0 0 0 0 0
 0 0 0 0 0
 0 0 0 0 0
 0 0 0 0 0
 0 0 0 0 0
 0 0 0 0 0
 0 0 0 0 0
 0 0 0 0 0
 0 0 0 0 0
 0 0 0 0 0
 0 0 0 0 0
 0 0 0 0 0
 0.505614 0.472636 0.0217494 0 0
 0 0 0 0 0
 0.443492 0.261883 0.143347 0.151278 0
 0.227955 0.32914 0.350689 0.0885471 0.00366901
 0.970185 0.0296113 0.000203453 0 0
 0.997202 0.00247181 0.000326279 0 0
 0.445219 0.490057 0.0546422 0.010081 0
 0.90214 0.0892962 0.00764917 0.000914606 0
 0 0 0 0 0
 0.581667 0.319106 0.0959925 0.00289975 0.000334073
 0.762889 0.0836404 0.116647 0.0363945 0.000428098
 0.88444 0.0763242 0.0277011 0.0115352 0
 0.521256 0.241999 0.230069 0.00667565 0
 0.616807 0.101726 0.260614 0.0208532 0
 0.833518 0.0704572 0.0857862 0.0102388 0
ppred_PELACES
 0.556459 0.118662 0.304558 0.0203197 7.31399e-07
 0.505456 0.28253 0.0567624 0.145541 0.00971009
 0.657805 0.178762 0.0934337 0.0187423 0.0512576
 0.796202 0.137266 0.0347847 0.0181501 0.0135966
 0.721887 0.22466 0.0360271 0.00911129 0.00831461
 0.809086 0.14003 0.0411117 0.00658675 0.00318578
 0.557678 0.362744 0.0583967 0.0171138 0.00406768
 0.531115 0.270934 0.162418 0.0260763 0.00945693
 0.631021 0.20142 0.0968567 0.0580108 0.0126907
 0.794614 0.133452 0.0393122 0.0188585 0.0137641
 0.871517 0.103756 0.0160818 0.00472508 0.00392047
 0.809409 0.167413 0.0187217 0.00289853 0.00155815
 0.764006 0.194016 0.036885 0.00411351 0.000979072
 0.733549 0.207805 0.0482399 0.00914351 0.00126221
 0.819485 0.136073 0.034693 0.00801939 0.00172945
 0.958068 0.0349049 0.00530126 0.0013474 0.00037856
 0.451902 0.526785 0.0177486 0.00268923 0.000875435
 0.933944 0.030973 0.033721 0.00113427 0.000227789
 0.664004 0.315225 0.0097483 0.0105951 0.000427917
 0.692679 0.209225 0.0920446 0.00284026 0.00321127
 0.796181 0.144317 0.0405346 0.0177974 0.00116997
 0.807149 0.155691 0.0263249 0.00738134 0.00345364
 0.384363 0.503585 0.0904939 0.0152727 0.0062854
 0.797784 0.0806995 0.0994212 0.0178448 0.00425084
 0.692844 0.247998 0.0236236 0.0290729 0.00646087
 0.501552 0.351576 0.118609 0.0112868 0.0169762
 0.785865 0.110505 0.0731147 0.024644 0.00587205
 0.744667 0.203174 0.0269303 0.0178002 0.00742889
 0.411743 0.444351 0.114529 0.0151677 0.0142088
 0.492572 0.216149 0.220073 0.0566706 0.0145351
 0.867419 0.0674211 0.0277769 0.0282451 0.00913821
pobs_pel_tallas
 0 0 0 0 0 0 0 0 0 0 0 0 0 0 0 0 0 0 0 0 0 0 0 0 0 0
 0 0 0 0 0 0 0 0 0 0 0 0 0 0 0 0 0 0 0 0 0 0 0 0 0 0
 0 0 0 0 0 0 0 0 0 0 0 0 0 0 0 0 0 0 0 0 0 0 0 0 0 0
 0 0 0 0 0 0 0 0 0 0 0 0 0 0 0 0 0 0 0 0 0 0 0 0 0 0
 0 0 0 0 0 0 0 0 0 0 0 0 0 0 0 0 0 0 0 0 0 0 0 0 0 0
 0 0 0 0 0 0 0 0 0 0 0 0 0 0 0 0 0 0 0 0 0 0 0 0 0 0
 0 0 0 0 0 0 0 0 0 0 0 0 0 0 0 0 0 0 0 0 0 0 0 0 0 0
 0 0 0 0 0 0 0 0 0 0 0 0 0 0 0 0 0 0 0 0 0 0 0 0 0 0
 0 0 0 0 0 0 0 0 0 0 0 0 0 0 0 0 0 0 0 0 0 0 0 0 0 0
 0 0 0 0 0 0 0 0 0 0 0 0 0 0 0 0 0 0 0 0 0 0 0 0 0 0
 0 0 0 0 0 0 0 0 0 0 0 0 0 0 0 0 0 0 0 0 0 0 0 0 0 0
 0 0 0 0 0 0 0 0 0 0 0 0 0 0 0 0 0 0 0 0 0 0 0 0 0 0
 0.00862536 0 0 0.000197151 0.00414017 0.0128641 0.00837892 0.0270097 0.101434 0.158115 0.152841 0.127902 0.109271 0.109419 0.0830992 0.0579132 0.0238553 0.00714673 0.00463305 0.00128148 0.00103504 0.000492878 0.000147863 0.000147863 4.92878e-05 0
 0 0 0 0 0 0 0 0 0 0 0 0 0 0 0 0 0 0 0 0 0 0 0 0 0 0
 0 0 0 0 0 0 0 0.0054083 0.00873648 0.0413646 0.0450493 0.0745869 0.0622846 0.0627006 0.0613931 0.0827291 0.12552 0.122667 0.0946155 0.0697135 0.0546179 0.0294188 0.0215738 0.0213955 0.0102223 0.00600262
 0 0 0 0 0.00359764 0.0251062 0.0480494 0.140153 0.205849 0.193036 0.1447 0.116669 0.0760912 0.0342217 0.00950174 0.001854 0.000860785 0 0 0 0.000165536 0 0.000143464 0 0 0
 0 0 0 0 0 0 0 0.000145254 0.000435761 0.0275982 0.070085 0.0708112 0.156366 0.174668 0.174014 0.160142 0.0824315 0.0480064 0.0283245 0.00493863 0.00203355 0 0 0 0 0
 0 0 0 0 0 0 0 0 0 0 0 0 0 0 0 0 0 0 0 0 0 0 0 0 0 0
 0 0 1.00437e-05 0.000401748 0.00122533 0.00171747 0.00176769 0.0269171 0.070346 0.194647 0.189555 0.159765 0.064822 0.0314167 0.0384472 0.0292271 0.0345202 0.0313363 0.0194345 0.0106764 0.0143323 0.0359363 0.0279516 0.0138201 0.00172751 0
 0 0.0021121 0.0136068 0.0755702 0.200478 0.177729 0.0527432 0.0373336 0.0318909 0.0142505 0.0149659 0.0166563 0.0217959 0.0798694 0.0677717 0.0528807 0.04013 0.0224614 0.0357745 0.0225083 0.00881397 0.00855152 0.00135912 0.000746735 0 0
 0 0 0 0 5.4009e-05 0.00500934 0.000945158 0.0243581 0.138947 0.33067 0.221406 0.137944 0.0707744 0.0437923 0.0131692 0.00525238 0.0047753 0.00276346 9.45158e-05 9.00151e-06 2.25038e-05 9.00151e-06 4.50075e-06 0 0 0
 0.000866109 0.00284123 0.00948549 0.0512746 0.133035 0.25785 0.225252 0.132002 0.0553304 0.0519788 0.0540692 0.017754 0.00435017 0.00159236 0.00146478 0.000404838 0.000125132 0.000115318 0.000107957 0.000100596 0 0 0 0 0 0
 0 0 0 0 0.00144013 0.00171154 0.00461396 0.0210425 0.0478622 0.0707936 0.0888783 0.103762 0.0637923 0.0337046 0.0602308 0.124433 0.169614 0.0934646 0.0462172 0.0250306 0.0313229 0.00938855 0.002487 0.000210481 0 0
 0 0.00764035 0.051015 0.0998891 0.058973 0.0496711 0.0374665 0.0718981 0.12319 0.153886 0.159021 0.0857701 0.0377988 0.023471 0.0147837 0.00900784 0.00315554 0.000888139 0.00291439 0.00214683 0.00393193 0.00274676 0.000635225 9.99891e-05 0 0
 0 0 0 0 0 0 0 0 0 0 0 0 0 0 0 0 0 0 0 0 0 0 0 0 0 0
 0 0 0 0 0 0 0 0 0 0 0 0 0 0 0 0 0 0 0 0 0 0 0 0 0 0
 0 0 0 0 0 0 0 0 0 0 0 0 0 0 0 0 0 0 0 0 0 0 0 0 0 0
 0 0 0 0 0 0 0 0 0 0 0 0 0 0 0 0 0 0 0 0 0 0 0 0 0 0
 0 0 0 0 0 0 0 0 0 0 0 0 0 0 0 0 0 0 0 0 0 0 0 0 0 0
 0 0 0 0 0 0 0 0 0 0 0 0 0 0 0 0 0 0 0 0 0 0 0 0 0 0
 0 0 0 0 0 0 0 0 0 0 0 0 0 0 0 0 0 0 0 0 0 0 0 0 0 0
ppred_pel_tallas
 1.10858e-16 4.58348e-05 0.000445531 0.00296071 0.013459 0.0418759 0.0892214 0.130224 0.130236 0.0892797 0.0420729 0.0140338 0.00442513 0.00371364 0.00646097 0.011151 0.0173186 0.0243947 0.0317314 0.038874 0.0455504 0.0513165 0.0552548 0.0561655 0.0532191 0.0465702
 1.1795e-16 4.16338e-05 0.000404696 0.00268935 0.0122254 0.0380379 0.0810447 0.118293 0.11832 0.0811782 0.0384863 0.0135216 0.00594754 0.00753285 0.0136273 0.0225969 0.032885 0.0421222 0.0479862 0.0495728 0.0479888 0.0455638 0.0442761 0.0446099 0.0455551 0.0454926
 1.13296e-16 5.41825e-05 0.000526674 0.00349993 0.0159102 0.0495026 0.105471 0.153942 0.153959 0.105556 0.0497878 0.0167355 0.00557757 0.00508232 0.00876609 0.0145657 0.0213573 0.0276744 0.0320693 0.0339215 0.0337883 0.0329322 0.0324108 0.0324596 0.0325496 0.0319003
 1.05161e-16 6.55822e-05 0.000637482 0.00423629 0.0192576 0.0599175 0.127661 0.186328 0.186341 0.127726 0.0601353 0.0198868 0.00581744 0.0040946 0.00664771 0.0109305 0.0158466 0.0201616 0.0226722 0.0228483 0.0211468 0.0186759 0.0164832 0.0150242 0.0141281 0.0133301
 1.03418e-16 5.94609e-05 0.000577981 0.00384089 0.0174601 0.0543251 0.115746 0.168939 0.168961 0.115852 0.0546805 0.0184869 0.00641859 0.0062066 0.0107537 0.0176958 0.0255147 0.0321486 0.0355382 0.0347398 0.0304814 0.0246552 0.0191669 0.0150405 0.0122968 0.0104137
 1.02422e-16 6.66434e-05 0.000647798 0.00430484 0.0195692 0.0608871 0.129727 0.189343 0.189357 0.129793 0.0611093 0.0202113 0.00591813 0.00417505 0.00678145 0.0111472 0.0161484 0.0205091 0.0229697 0.0229407 0.0208286 0.0177151 0.0146628 0.012202 0.0103027 0.00868333
 1.04183e-16 4.59353e-05 0.000446507 0.0029672 0.0134885 0.0419679 0.0894183 0.130516 0.130551 0.0895892 0.0425417 0.0151462 0.00712903 0.00953397 0.0173111 0.0285629 0.0411815 0.0518717 0.0573008 0.0559286 0.0489111 0.0392851 0.0301203 0.0230845 0.0182531 0.0148482
 1.08972e-16 4.37473e-05 0.000425239 0.00282586 0.012846 0.0399688 0.0851587 0.124297 0.124323 0.0852873 0.0404014 0.014098 0.00597824 0.00733883 0.0132675 0.0221094 0.0324165 0.041959 0.0484571 0.0508118 0.0496452 0.0466403 0.0432716 0.0399974 0.0364194 0.0320123
 1.10812e-16 5.19764e-05 0.000505229 0.00335743 0.0152624 0.0474871 0.101177 0.147675 0.147694 0.101272 0.0478082 0.0161917 0.0056964 0.00563255 0.00985321 0.016376 0.023988 0.0310299 0.0358519 0.0377297 0.0372594 0.0358254 0.0345827 0.0337812 0.03286 0.0310512
 1.0539e-16 6.54513e-05 0.00063621 0.00422784 0.0192192 0.059798 0.127406 0.185956 0.185969 0.127469 0.0600098 0.0198316 0.00576714 0.0040033 0.00648044 0.0106642 0.0154865 0.0197581 0.02232 0.0226613 0.0212164 0.0190364 0.0171002 0.0158102 0.0149733 0.0141336
 1.01629e-16 7.17857e-05 0.000697783 0.00463701 0.0210792 0.0655852 0.139737 0.203952 0.203962 0.139786 0.0657494 0.0215533 0.00582734 0.00329686 0.00500972 0.00817336 0.0117791 0.0148391 0.0164 0.0160269 0.0140585 0.0113716 0.00884871 0.00696287 0.00572078 0.00487569
 1.01138e-16 6.667e-05 0.000648056 0.00430656 0.019577 0.0609114 0.129779 0.189419 0.189435 0.129858 0.061176 0.020341 0.0062239 0.00483221 0.00800891 0.0131236 0.018872 0.0236751 0.0259702 0.0250344 0.0214115 0.0165437 0.0119146 0.00837068 0.00600816 0.00449312
 1.01693e-16 6.29302e-05 0.000611704 0.00406499 0.0184789 0.0574947 0.122499 0.178795 0.178814 0.122591 0.0578018 0.019366 0.00629245 0.00547633 0.00930769 0.0153031 0.022073 0.0278267 0.0307761 0.0300845 0.0263456 0.0211527 0.0161232 0.0121477 0.00929724 0.00721362
 1.02576e-16 6.04215e-05 0.000587318 0.00390294 0.0177422 0.0552027 0.117616 0.171668 0.171688 0.117714 0.0555319 0.0186935 0.00629228 0.00580799 0.00998925 0.0164546 0.023781 0.0300784 0.033454 0.0330228 0.0294084 0.0242742 0.0192828 0.0153102 0.0123725 0.0100646
 1.02133e-16 6.75e-05 0.000656124 0.00436017 0.0198207 0.0616697 0.131394 0.191777 0.19179 0.131459 0.0618854 0.0204441 0.00592608 0.00407856 0.00657926 0.0108012 0.0156259 0.0198026 0.0221 0.0219452 0.0197447 0.016574 0.013496 0.0110521 0.00922372 0.00772794
 1.00362e-16 7.89148e-05 0.00076708 0.00509752 0.0231726 0.0720985 0.153614 0.224204 0.224208 0.15363 0.0721537 0.023332 0.00549784 0.00164111 0.00173916 0.00275108 0.00395723 0.00498 0.00549316 0.0053476 0.00465477 0.00370843 0.00280683 0.002114 0.00164038 0.00131286
 1.01065e-16 3.72227e-05 0.000361818 0.00240441 0.0109301 0.0340079 0.0724594 0.105767 0.105818 0.072707 0.034839 0.0133293 0.00842209 0.0134832 0.0249123 0.0410084 0.0587935 0.0733503 0.0796925 0.0755205 0.0626216 0.0457326 0.0298107 0.0178076 0.0102091 0.00597446
 1.01134e-16 7.69277e-05 0.000747765 0.00496916 0.0225891 0.070283 0.149746 0.218559 0.218562 0.14976 0.070333 0.0227339 0.00533472 0.00155292 0.00162692 0.00262202 0.00389509 0.00515777 0.00616245 0.00677856 0.0070364 0.00705048 0.00689409 0.00654384 0.00593377 0.00505182
 1.01497e-16 5.46932e-05 0.000531637 0.00353292 0.0160602 0.0499693 0.106466 0.155396 0.155427 0.106614 0.0504666 0.017496 0.00713438 0.00838506 0.0149446 0.0245543 0.0352134 0.0439636 0.0478346 0.0454688 0.0379523 0.0281245 0.0189344 0.0121043 0.00785988 0.00551152
 1.03539e-16 5.70551e-05 0.000554596 0.00368549 0.0167537 0.0521271 0.111063 0.162104 0.162124 0.111162 0.0524599 0.0177162 0.00610615 0.00585383 0.0101647 0.0168268 0.0244945 0.03134 0.0355131 0.0361169 0.0336715 0.029636 0.0254136 0.0216614 0.0183164 0.0150778
 1.0319e-16 6.55804e-05 0.000637465 0.00423618 0.0192571 0.0599159 0.127658 0.186323 0.186337 0.127726 0.0601449 0.0199188 0.00589912 0.00427361 0.00698887 0.0114967 0.016665 0.0211904 0.0237891 0.0238719 0.0218747 0.0189186 0.0160828 0.0138703 0.0121858 0.0106732
 1.02125e-16 6.64839e-05 0.000646247 0.00429454 0.0195224 0.0607414 0.129416 0.18889 0.188905 0.12949 0.0609877 0.020234 0.00608135 0.0045482 0.00748094 0.0122727 0.0176977 0.0223083 0.0246762 0.0241441 0.0212095 0.0171728 0.0133428 0.0104227 0.00843006 0.00701795
 1.05336e-16 3.16596e-05 0.000307743 0.00204506 0.00929658 0.0289254 0.0616303 0.0899614 0.09001 0.0618676 0.0297223 0.0115988 0.00782539 0.0129309 0.0240188 0.0396928 0.0572566 0.0721678 0.0798007 0.0780015 0.0683406 0.054987 0.0421616 0.0321697 0.0251509 0.0200989
 1.05399e-16 6.57124e-05 0.000638748 0.0042447 0.0192958 0.0600365 0.127914 0.186696 0.186704 0.127953 0.0601671 0.0196748 0.00520286 0.00275323 0.00414847 0.00692937 0.0103849 0.0139158 0.0169359 0.019146 0.0206315 0.0216404 0.0222489 0.0222354 0.0212615 0.0191742
 1.04755e-16 5.70687e-05 0.000554728 0.00368637 0.0167577 0.0521396 0.11109 0.162144 0.162168 0.111206 0.0525315 0.0178898 0.00652771 0.00675651 0.0118332 0.0194684 0.0280347 0.0352561 0.0388672 0.0378589 0.0330975 0.026749 0.0209752 0.0169045 0.0144766 0.0129701
 1.07518e-16 4.13122e-05 0.000401569 0.00266857 0.012131 0.0377441 0.080419 0.117381 0.117415 0.0805852 0.0383023 0.0137447 0.00672458 0.00927328 0.0169414 0.0280754 0.0407507 0.0518948 0.0583808 0.0587391 0.053968 0.0467224 0.0395812 0.0337877 0.0292072 0.0251195
 1.05604e-16 6.47306e-05 0.000629205 0.00418129 0.0190075 0.0591396 0.126003 0.183908 0.183919 0.126056 0.0593163 0.0195194 0.0054709 0.00346036 0.00548862 0.00909506 0.0133869 0.0174503 0.020392 0.0217984 0.0219349 0.0214583 0.0208887 0.0202893 0.0193611 0.0177808
 1.03872e-16 6.13373e-05 0.00059622 0.00396209 0.0180111 0.0560394 0.119399 0.17427 0.174289 0.119494 0.0563607 0.0189393 0.00629213 0.00568344 0.00972534 0.0159882 0.0230456 0.0290293 0.0320858 0.0313813 0.0276029 0.0224906 0.0177808 0.0143802 0.0122511 0.0108413
 1.07345e-16 3.39148e-05 0.000329664 0.00219074 0.0099588 0.0309858 0.06602 0.0963671 0.0964101 0.0662297 0.0316901 0.0119943 0.00730414 0.0115054 0.021297 0.0352549 0.0510168 0.0646438 0.0721224 0.0715782 0.0643395 0.0539266 0.0438303 0.0358461 0.029937 0.0251876
 1.1455e-16 4.05725e-05 0.000394379 0.00262079 0.0119138 0.0370682 0.0789785 0.115276 0.115297 0.079082 0.0374166 0.0129239 0.0051717 0.00601377 0.0108622 0.018285 0.0272558 0.0362094 0.0435378 0.0484627 0.0513438 0.0530839 0.0541702 0.05422 0.0523618 0.0480103
 1.05198e-16 7.14481e-05 0.000694501 0.00461521 0.0209801 0.0652768 0.139079 0.202992 0.202998 0.139111 0.0653842 0.0212909 0.00539756 0.00240936 0.00334932 0.00548083 0.00802643 0.0103959 0.0120515 0.0127802 0.012819 0.0126643 0.0127105 0.0130049 0.0132735 0.013143
pSPR Fmed_Fpbrs
0.544592   0.6 0.325
Fs Fmed_Fpbrs
0.359779   0.296753 0.73305
SSBpbr Bo_Bmed_Bpbrs
1.52882e+06  756145  840854 420427
Ro
141063
SPR SPRFo_SPRFmed_SPRFpbrs
1.00831e+06 549116 327699
Fref
0.296753
Nvult_r0
 158781 13080.3 5429.36 5523.08 1786.93
CTP_r0
 28586.1 3043.95 1283.24 1306.46 422.711
YTP_r0
391297
Np
 181245 66555.2 4878.19 2007.65 2592.26
Nvult_p0
 127213 48243 3543.95 1458.71 1883.48
CTP_p0
 22102.5 10858.8 810.296 333.8 431.021
YTP_p0
 384702
CBA_c0
389318
log_Ro
11.677
likeval ReclasPelacesDesembMPH_pf_preclas_ppelaces_ptallas_desvR_qrecl_qpela
 12.7323 17.0383 0.0389655 0.000819598 241.264 117.3 99.1524 0 23.9835 2.72582e-06 1.1449e-05 0.196705 7.28956e-16 0 0
q_reclas_q_pelaces
1.26359 1.61832
M
1
N
 172879 36861.1 94919.4 6334 0.227992
 95296.9 55285.4 11174.7 28661.7 1912.27
 96183.9 27086.3 14241.6 2857.7 7815.56
 147519 27474.1 7025.35 3667.49 2747.47
 119195 36948.7 5943.02 1503.24 1371.81
 216338 38581.9 11390.1 1825.42 882.908
 85228.8 62903.7 10255.8 3007.62 714.888
 36381.5 18277.3 10980.6 1763.14 639.431
 35591.3 12205.7 5920.15 3547.42 776.072
 48031.7 9069.83 2704.04 1297.99 947.39
 89824.6 10602.3 1647.7 484.189 401.743
 128970 29504.1 3335.18 516.659 277.747
 107757 29984.3 5758.16 642.513 152.931
 75233.9 25804.4 6095.89 1156.52 159.658
 69808.9 13143.6 3393.64 784.982 169.294
 376813 15003.4 2301.32 585.229 164.428
 74820.2 90981 3085.14 467.615 152.227
 607712 20929.8 22926.2 771.421 154.922
 338196 172411 5377.79 5847.62 236.181
 268330 86315.2 38276.6 1181.62 1336.01
 372802 70306.9 19870.8 8727.54 573.746
 512618 105146 17918.7 5026.43 2351.86
 101105 134949 24364 4112.95 1692.69
 297830 30477.2 37704.1 6768.92 1612.45
 253570 91791.4 8780 10807.7 2401.83
 111541 78224.5 26478.2 2520.11 3790.48
 250523 35602.7 23652.7 7974.12 1900.05
 283691 77447.3 10299.9 6809.15 2841.82
 83966.9 90518.7 23406 3100.3 2904.34
 60084.8 26933.2 27556.2 7097.8 1820.5
 225337 17958.5 7437.01 7564.45 2447.38
pred_Ctot
 14448.9 4164.53 10926.1 729.825 0.0262714
 13987.7 10783.1 2217.89 5693.86 379.904
 13874.4 5195.53 2779.9 558.329 1527.06
 30703.3 7467.91 1940.75 1014.01 759.673
 9146.39 3839.58 629.305 159.337 145.414
 29219.9 6947 2087.43 334.854 161.968
 23467.4 22175.9 3669.32 1076.91 255.984
 2039.98 1395.44 854.606 137.363 49.8197
 7122.37 3197.3 1576.34 945.383 206.832
 12654.7 3070.44 929.256 446.417 325.849
 6140.23 983.658 155.798 45.8286 38.027
 31136.8 9212.75 1057.67 163.98 88.1568
 24616.5 8893.07 1734.94 193.752 46.1189
 26501.8 11363.6 2719.85 516.371 71.2881
 19159.3 4619.83 1210.6 280.242 60.4413
 84697.2 4383.05 683.03 173.842 48.8452
 11587.4 18681.4 644.513 97.7785 31.8323
 89773.9 4107.41 4578.22 154.19 30.9672
 67436.4 45011.3 1427.13 1553.16 62.7338
 50172.8 21205.8 9561.28 295.423 334.036
 56187.7 14065.4 4044.87 1778.2 116.904
 94692.5 25536.4 4424.97 1242.36 581.325
 11730.8 20982.3 3857.14 651.758 268.245
 30985.1 4262.75 5370.83 965.148 229.924
 26249.5 12776.6 1244.66 1533.6 340.834
 9440.52 8947.25 3085.6 293.967 442.178
 25645.9 4902.06 3316.87 1119.32 266.722
 24068.6 8879.16 1203.09 796.141 332.29
 6874.86 10023 2640.65 350.123 328.01
 7244.61 4346.37 4527.45 1167.27 299.407
 28586.1 3043.95 1283.24 1306.46 422.711
F
 0.140083 0.193502 0.197466 0.197679 0.19769
 0.257968 0.356341 0.363639 0.364032 0.364052
 0.253018 0.349504 0.356662 0.357047 0.357067
 0.384429 0.531026 0.541902 0.542487 0.542518
 0.12798 0.176784 0.180405 0.1806 0.18061
 0.235237 0.324943 0.331598 0.331956 0.331975
 0.539677 0.745477 0.760745 0.761566 0.761609
 0.0921573 0.1273 0.129908 0.130048 0.130055
 0.367149 0.507157 0.517544 0.518103 0.518132
 0.51079 0.705573 0.720024 0.720801 0.720842
 0.11333 0.156547 0.159753 0.159925 0.159934
 0.458911 0.633911 0.646894 0.647593 0.647629
 0.429335 0.593057 0.605204 0.605857 0.605892
 0.74467 1.02864 1.04971 1.05084 1.0509
 0.537486 0.74245 0.757657 0.758474 0.758517
 0.421098 0.581678 0.593592 0.594232 0.594266
 0.273915 0.37837 0.386119 0.386536 0.386558
 0.259818 0.358896 0.366247 0.366642 0.366663
 0.365619 0.505044 0.515388 0.515944 0.515973
 0.339348 0.468755 0.478356 0.478872 0.478899
 0.265702 0.367025 0.374542 0.374946 0.374967
 0.334631 0.462239 0.471706 0.472215 0.472242
 0.199177 0.27513 0.280766 0.281069 0.281084
 0.177003 0.244502 0.249509 0.249779 0.249793
 0.176058 0.243195 0.248176 0.248444 0.248458
 0.141968 0.196106 0.200123 0.200339 0.20035
 0.173953 0.240288 0.24521 0.245475 0.245488
 0.14233 0.196606 0.200633 0.200849 0.200861
 0.137062 0.189329 0.193207 0.193415 0.193426
 0.207691 0.286892 0.292768 0.293084 0.293101
 0.219563 0.303291 0.309503 0.309837 0.309855
nmprior
 8.19 8.8 8.5 0
nm_flota  nm_reclas  nm_pelaces    nm_pelaL
inf 13.4993 19.2161 46.6408
cv_recla  cv_pelaces  cv_mph
0.322759 0.468042 0.883498
 ------------------------------------------------
Talla a la edad & desviaci?n 
 8 13.2811 15.8009 17.003 17.5766
 0.8 1.32811 1.58009 1.7003 1.75766
