    unsorted:	 2.376240088e-06 2.460173080e-06 6.387288144e-05 7.108382601e-05 8.433493349e-05 -2.280307324e-05 0.001099993788 13.50140649 66.26309893 171.0655385 156.6821640 239.5047958 291.2281339 374.9335589 697.9719428 546.3266209 809.0707660 852.9131639 926.5589224 946.9267207 1070.857400 1197.962156 1252.906244 1339.631330 1540.019578 1588.057237 1950.330803 2059.806927 2114.013418 2478.031375 2457.253021 2525.904363 2258.239331 2630.333297 2640.202119 2864.093389 3203.111239 3285.333846 3387.506703 3888.179893 4010.339585 4290.442889 5467.313380 8857.226986 37583.67475 158340.7207 410338.4150 414992.3369 402520.4550 400860.4079 383581.5679 365551.3709 450798.6106 461705.3991 467396.8798 471177.5480 339341.2656 533344.0982 564747.5733 586886.2095 616687.8787 667310.4201 825819.1011 879498.6663 1010068.821 1070161.762 1316563.098 1347249.448 1523563.973 1656330.106 2244647.224 2349333.351 2515136.601 2692178.421 3058179.604 3096679.799 3573297.782
      sorted:	 -2.280307324e-05 2.376240088e-06 2.460173080e-06 6.387288144e-05 7.108382601e-05 8.433493349e-05 0.001099993788 13.50140649 66.26309893 156.6821640 171.0655385 239.5047958 291.2281339 374.9335589 546.3266209 697.9719428 809.0707660 852.9131639 926.5589224 946.9267207 1070.857400 1197.962156 1252.906244 1339.631330 1540.019578 1588.057237 1950.330803 2059.806927 2114.013418 2258.239331 2457.253021 2478.031375 2525.904363 2630.333297 2640.202119 2864.093389 3203.111239 3285.333846 3387.506703 3888.179893 4010.339585 4290.442889 5467.313380 8857.226986 37583.67475 158340.7207 339341.2656 365551.3709 383581.5679 400860.4079 402520.4550 410338.4150 414992.3369 450798.6106 461705.3991 467396.8798 471177.5480 533344.0982 564747.5733 586886.2095 616687.8787 667310.4201 825819.1011 879498.6663 1010068.821 1070161.762 1316563.098 1347249.448 1523563.973 1656330.106 2244647.224 2349333.351 2515136.601 2692178.421 3058179.604 3096679.799 3573297.782
