years
 1991 1992 1993 1994 1995 1996 1997 1998 1999 2000 2001 2002 2003 2004 2005 2006 2007 2008 2009 2010 2011 2012 2013 2014 2015 2016 2017 2018 2019 2020 2021
reclasobs
 0 0 0 0 0 0 0 0 0 252601 567819 844713 477998 351125 339783 2.1784e+06 2.13404e+06 4.81314e+06 1.55562e+06 2.62356e+06 3.21686e+06 3.843e+06 1.13348e+06 3.07943e+06 1.97215e+06 2.03268e+06 2.025e+06 2.42433e+06 2.27542e+06 1.05018e+06 2.36338e+06
reclaspred
 3.84594e+06 1.76956e+06 913710 693789 456372 2.54996e+06 1.25926e+06 804027 529766 261310 477783 799101 784620 556732 451784 1.60654e+06 992690 3.9176e+06 2.92092e+06 1.94358e+06 3.19008e+06 2.86642e+06 1.73324e+06 3.17024e+06 2.24073e+06 1.73431e+06 2.28669e+06 2.94394e+06 2.18693e+06 925336 1.62901e+06
pelacesobs
 0 0 0 0 0 0 0 0 0 0 0 0 0 0 0 552880 188675 0 991730 2.46772e+06 1.41603e+06 1.21717e+06 2.29649e+06 1.80582e+06 0 1.4828e+06 1.56532e+06 1.57751e+06 1.42118e+06 867257 1.10002e+06
pelacespred
 3.08629e+06 1.31582e+06 556795 288687 238773 1.32964e+06 688873 631643 301067 105580 250025 344976 389072 249856 199790 642273 498629 2.03735e+06 1.68143e+06 985688 1.63855e+06 1.46255e+06 1.08625e+06 1.94743e+06 1.46476e+06 1.17622e+06 1.54767e+06 1.98286e+06 1.54025e+06 678415 892521
mphobs
 0 0 0 0 0 0 0 0 0 0 0 498337 0 5186 125008 0 168611 109162 213762 579715 649985 157893 87575 83554 0 0 0 0 0 0 0
mphpred
 720414 383506 147024 90864.6 56700.5 52689.7 294244 112399 77427.6 35705.5 15855.1 61438 72023.6 54280.6 27899.9 31188.2 175458 92924.7 423684 238422 233316 285618 305617 177304 341070 256063 174418 225426 405070 206055 75496.5
desembarqueobs
 494567 514787 250237 358949 120608 361735 552515 73892 212993 205616 52469 317467 293654 387597 252695 516296 358380 742168 942051 627588 828172 859565 418607 520667 417249 300574 407403 355545 319650 289779 391294
desembarquepred
 494513 514594 249973 358849 120584 361616 552135 73886.5 212926 205537 52464.4 317331 293478 387157 252502 515960 358309 741684 941021 626779 827967 858962 418415 520518 417025 300447 407227 355378 319469 289567 391167
Reclutas
 90988.5 81094.1 101836 69559.8 39326.6 256890 49263.3 15851 26416.3 35794.5 51002.7 108289 86977.5 66835.1 47001.7 264498 32580.1 458479 238244 199425 243814 391555 44023.6 188359 146833 52884.8 146195 179111 42148.6 26413.9 127934
log_desv_Rt
 0.0241487 -0.0909741 0.136774 -0.244398 -0.814684 1.06206 -0.589406 -1.72335 -1.2126 -0.908791 -0.554706 0.198221 -0.0209348 -0.284356 -0.636401 1.09125 -1.00288 1.64133 0.98671 0.808854 1.00982 1.48354 -0.701858 0.751765 0.502708 -0.518469 0.498356 0.701423 -0.745383 -1.21269 0.364929
SSB
 1.15165e+06 613070 235032 145255 90641.1 84229.3 470377 179680 123775 57078.5 25345.9 98214.3 115136 86772.5 44600.6 49857.2 280485 148549 677298 381140 372977 456586 488556 283437 545232 409341 278823 360364 647542 329398 120688
BT
 1.65663e+06 1.05988e+06 479113 433012 219973 1.23815e+06 796533 368390 367966 256669 210310 477679 503338 563600 385052 864124 521995 2.07537e+06 1.81452e+06 1.06726e+06 1.69797e+06 1.60778e+06 867234 1.72223e+06 1.11488e+06 841260 1.37085e+06 1.56388e+06 940712 576548 956213
Ftot
 0.391646 0.860977 0.864708 1.54994 0.857444 0.555386 1.23178 0.296477 1.27691 2.27358 0.428849 1.3408 1.2476 2.15341 1.87886 1.21026 1.06649 0.729871 1.03186 1.06734 0.892162 1.02596 0.732088 0.604759 0.61078 0.553342 0.642572 0.446187 0.442889 0.917496 0.889658
BD_Bspro_t
 0.939658 0.614158 0.33049 0.249349 0.156734 0.183245 0.463266 0.222798 0.21627 0.137657 0.0889858 0.343993 0.258241 0.179036 0.0975048 0.11086 0.295853 0.180444 0.419361 0.268294 0.228391 0.263863 0.294846 0.220396 0.381759 0.37254 0.342033 0.435103 0.557731 0.393657 0.226212
BD_Bspro
 1.81401 0.965676 0.370209 0.228799 0.142773 0.132673 0.740912 0.283022 0.194964 0.089907 0.0399235 0.154702 0.181357 0.136679 0.0702525 0.0785324 0.441805 0.233986 1.06684 0.600351 0.587493 0.719191 0.769548 0.446454 0.858821 0.644772 0.439188 0.567627 1.01997 0.518849 0.190101
BD_Bo
 0.9507 0.506097 0.194021 0.11991 0.0748253 0.0695323 0.388302 0.148328 0.102178 0.047119 0.0209234 0.0810771 0.0950465 0.0716318 0.0368184 0.0411578 0.231544 0.122629 0.559118 0.314636 0.307897 0.376918 0.403309 0.23398 0.450096 0.337916 0.230172 0.297485 0.534554 0.271922 0.0996296
BD_Brms
 4.63496 2.46738 0.945915 0.584599 0.364797 0.338992 1.89309 0.723143 0.498149 0.22972 0.102008 0.395276 0.463381 0.349227 0.179501 0.200657 1.12885 0.597853 2.72587 1.53395 1.50109 1.83759 1.96626 1.14073 2.19436 1.64744 1.12216 1.45033 2.60612 1.3257 0.485725
Sel_flota
 0.623666 0.969219 0.998331 0.999912 0.999995
 0.623666 0.969219 0.998331 0.999912 0.999995
 0.623666 0.969219 0.998331 0.999912 0.999995
 0.623666 0.969219 0.998331 0.999912 0.999995
 0.623666 0.969219 0.998331 0.999912 0.999995
 0.623666 0.969219 0.998331 0.999912 0.999995
 0.623666 0.969219 0.998331 0.999912 0.999995
 0.623666 0.969219 0.998331 0.999912 0.999995
 0.623666 0.969219 0.998331 0.999912 0.999995
 0.623666 0.969219 0.998331 0.999912 0.999995
 0.623666 0.969219 0.998331 0.999912 0.999995
 0.623666 0.969219 0.998331 0.999912 0.999995
 0.623666 0.969219 0.998331 0.999912 0.999995
 0.623666 0.969219 0.998331 0.999912 0.999995
 0.623666 0.969219 0.998331 0.999912 0.999995
 0.623666 0.969219 0.998331 0.999912 0.999995
 0.623666 0.969219 0.998331 0.999912 0.999995
 0.623666 0.969219 0.998331 0.999912 0.999995
 0.623666 0.969219 0.998331 0.999912 0.999995
 0.623666 0.969219 0.998331 0.999912 0.999995
 0.623666 0.969219 0.998331 0.999912 0.999995
 0.623666 0.969219 0.998331 0.999912 0.999995
 0.623666 0.969219 0.998331 0.999912 0.999995
 0.623666 0.969219 0.998331 0.999912 0.999995
 0.623666 0.969219 0.998331 0.999912 0.999995
 0.623666 0.969219 0.998331 0.999912 0.999995
 0.623666 0.969219 0.998331 0.999912 0.999995
 0.623666 0.969219 0.998331 0.999912 0.999995
 0.623666 0.969219 0.998331 0.999912 0.999995
 0.623666 0.969219 0.998331 0.999912 0.999995
 0.623666 0.969219 0.998331 0.999912 0.999995
Sel_reclas
 0.891625 1 1 1 1
 0.891625 1 1 1 1
 0.891625 1 1 1 1
 0.891625 1 1 1 1
 0.891625 1 1 1 1
 0.891625 1 1 1 1
 0.891625 1 1 1 1
 0.891625 1 1 1 1
 0.891625 1 1 1 1
 0.891625 1 1 1 1
 0.891625 1 1 1 1
 0.891625 1 1 1 1
 0.891625 1 1 1 1
 0.891625 1 1 1 1
 0.891625 1 1 1 1
 0.891625 1 1 1 1
 0.891625 1 1 1 1
 0.891625 1 1 1 1
 0.891625 1 1 1 1
 0.891625 1 1 1 1
 0.891625 1 1 1 1
 0.891625 1 1 1 1
 0.891625 1 1 1 1
 0.891625 1 1 1 1
 0.891625 1 1 1 1
 0.891625 1 1 1 1
 0.891625 1 1 1 1
 0.891625 1 1 1 1
 0.891625 1 1 1 1
 0.891625 1 1 1 1
 0.891625 1 1 1 1
Sel_pelaces
 0.466725 0.814972 0.956834 0.991116 0.998222
 0.466725 0.814972 0.956834 0.991116 0.998222
 0.466725 0.814972 0.956834 0.991116 0.998222
 0.466725 0.814972 0.956834 0.991116 0.998222
 0.466725 0.814972 0.956834 0.991116 0.998222
 0.466725 0.814972 0.956834 0.991116 0.998222
 0.466725 0.814972 0.956834 0.991116 0.998222
 0.466725 0.814972 0.956834 0.991116 0.998222
 0.466725 0.814972 0.956834 0.991116 0.998222
 0.466725 0.814972 0.956834 0.991116 0.998222
 0.466725 0.814972 0.956834 0.991116 0.998222
 0.466725 0.814972 0.956834 0.991116 0.998222
 0.466725 0.814972 0.956834 0.991116 0.998222
 0.466725 0.814972 0.956834 0.991116 0.998222
 0.466725 0.814972 0.956834 0.991116 0.998222
 0.466725 0.814972 0.956834 0.991116 0.998222
 0.466725 0.814972 0.956834 0.991116 0.998222
 0.466725 0.814972 0.956834 0.991116 0.998222
 0.466725 0.814972 0.956834 0.991116 0.998222
 0.466725 0.814972 0.956834 0.991116 0.998222
 0.466725 0.814972 0.956834 0.991116 0.998222
 0.466725 0.814972 0.956834 0.991116 0.998222
 0.466725 0.814972 0.956834 0.991116 0.998222
 0.466725 0.814972 0.956834 0.991116 0.998222
 0.466725 0.814972 0.956834 0.991116 0.998222
 0.466725 0.814972 0.956834 0.991116 0.998222
 0.466725 0.814972 0.956834 0.991116 0.998222
 0.466725 0.814972 0.956834 0.991116 0.998222
 0.466725 0.814972 0.956834 0.991116 0.998222
 0.466725 0.814972 0.956834 0.991116 0.998222
 0.466725 0.814972 0.956834 0.991116 0.998222
pf_obs 
 0.8446 0.082 0.0669 0.0065 0
 0.8095 0.147 0.0364 0.0071 0
 0.9664 0.0169 0.016 0.0007 0
 0.9276 0.0648 0.0075 0.0001 0
 0.7033 0.2144 0.0806 0.0017 0
 0.9318 0.0425 0.0243 0.0014 0
 0.5671 0.3108 0.0964 0.0239 0.0018
 0.0768 0.2599 0.5324 0.112 0.0189
 0.490249 0.384438 0.106611 0.0170017 0.00170017
 0.7925 0.1577 0.0466 0.003 0.0002
 0.840416 0.127587 0.0312969 0.00059994 9.999e-05
 0.8084 0.0986 0.0794 0.0134 0.0002
 0.7335 0.1905 0.0724 0.0035 0.0001
 0.4001 0.4547 0.1325 0.0127 0
 0.49795 0.308269 0.164784 0.0264974 0.00249975
 0.9179 0.0499 0.0305 0.0017 0
 0.2467 0.6533 0.0926 0.0074 0
 0.9418 0.0223 0.034 0.0019 0
 0.707729 0.231977 0.0356964 0.0245975 0
 0.517169 0.277429 0.184464 0.0207286 0.00020938
 0.811772 0.124168 0.05621 0.00726502 0.000585176
 0.764997 0.148141 0.077277 0.00933861 0.000247198
 0.163321 0.427699 0.378323 0.0303852 0.000271297
 0.753843 0.0900009 0.118128 0.0371064 0.000921714
 0.721811 0.176058 0.0630433 0.0369309 0.00215725
 0.143369 0.312575 0.442814 0.0836902 0.0175525
 0.692698 0.0596174 0.167031 0.0765114 0.00414204
 0.394062 0.376323 0.152708 0.0712218 0.00568511
 0.125707 0.32114 0.495352 0.0537591 0.00404204
 0.23352 0.215282 0.420074 0.123614 0.00750983
 0.774587 0.0839891 0.0768558 0.0609784 0.00358967
pf_pred 
 0.431034 0.196269 0.332824 0.0398722 1.04302e-06
 0.554825 0.250026 0.0688997 0.112765 0.0134839
 0.745912 0.177956 0.0436226 0.0114958 0.0210135
 0.673892 0.275961 0.0356019 0.00834286 0.00620186
 0.703756 0.242865 0.0455836 0.00554012 0.00225591
 0.944742 0.0449983 0.00847814 0.00152208 0.000259685
 0.346965 0.631686 0.0175099 0.00317367 0.000665581
 0.394627 0.31219 0.284076 0.00747347 0.001634
 0.678895 0.166435 0.0810732 0.0713142 0.00228214
 0.843739 0.127619 0.0152414 0.00703391 0.00636662
 0.910713 0.0835177 0.00477802 0.00052849 0.000462686
 0.842864 0.148452 0.00814214 0.000449173 9.29924e-05
 0.775331 0.20619 0.01751 0.000908873 6.03384e-05
 0.761848 0.208599 0.0272388 0.00219301 0.000121037
 0.837375 0.14522 0.0153824 0.00186469 0.000157776
 0.971408 0.0264553 0.00192167 0.000190266 2.49246e-05
 0.339787 0.650694 0.00884128 0.00060957 6.80675e-05
 0.963253 0.0183139 0.0181803 0.000235231 1.79815e-05
 0.614421 0.377675 0.00402203 0.00382811 5.31962e-05
 0.705287 0.222122 0.0711735 0.000722192 0.00069511
 0.793195 0.170391 0.0277725 0.00847333 0.000168276
 0.829914 0.149266 0.0172906 0.00269316 0.00083595
 0.270254 0.659409 0.0620875 0.00685459 0.0013954
 0.835911 0.0653403 0.0895875 0.00808878 0.00107237
 0.659791 0.306244 0.0138486 0.0182538 0.00186265
 0.433477 0.436837 0.117206 0.00509482 0.00738493
 0.808597 0.108873 0.0641941 0.0165741 0.00176101
 0.749825 0.220679 0.0170704 0.0096697 0.00275589
 0.324867 0.562871 0.0994536 0.00741902 0.00538969
 0.420297 0.259301 0.268734 0.0457827 0.0058846
 0.907008 0.054014 0.0178816 0.0177014 0.00339485
pobs_RECLAS
 0 0 0 0 0
 0 0 0 0 0
 0 0 0 0 0
 0 0 0 0 0
 0 0 0 0 0
 0 0 0 0 0
 0 0 0 0 0
 0 0 0 0 0
 0 0 0 0 0
 0 0 0 0 0
 0.991045 0.00858322 0.000360255 1.14367e-05 0
 0.934742 0.0480273 0.0164251 0.00080598 0
 0.827803 0.169806 0.00239088 0 0
 0.941827 0.0461693 0.0120037 0 0
 0.791401 0.0380133 0.147996 0.0225897 0
 0.846168 0.0940531 0.0597789 0 0
 0.134021 0.677848 0.182769 0.00536245 0
 0.80878 0.0450904 0.141981 0.00414843 0
 0.846168 0.0940531 0.0597789 0 0
 0.905697 0.0802665 0.012482 0.00150086 5.37128e-05
 0.989698 0.0102097 9.19794e-05 0 0
 0.975433 0.0193895 0.00387452 0.00125025 5.28907e-05
 0.303575 0.632131 0.0575291 0.00676475 0
 0.966965 0.00978017 0.0227588 0.000495775 0
 0.843318 0.132988 0.00938335 0.0141283 0.000182051
 0.564624 0.303363 0.111486 0.0197234 0.00080311
 0.826376 0.0876187 0.0782897 0.00655872 0.00115652
 0.89761 0.0855135 0.0140674 0.00269457 0.000114338
 0.34875 0.467042 0.161289 0.0227151 0.000203297
 0.318654 0.224769 0.449479 0.00709798 0
 0.937255 0.0296025 0.0250945 0.00804832 0
ppred_RECLAS
 0.520775 0.16869 0.277361 0.033173 8.67699e-07
 0.645935 0.201849 0.0538043 0.0879025 0.01051
 0.810512 0.134057 0.0317862 0.00836161 0.0152831
 0.75953 0.204691 0.0254172 0.00594399 0.00441813
 0.775053 0.185515 0.0336816 0.0040863 0.00166376
 0.960578 0.0322908 0.00589466 0.00105648 0.000180232
 0.440518 0.541819 0.0144918 0.00262161 0.000549748
 0.480818 0.2717 0.239806 0.00629854 0.00137699
 0.761703 0.125712 0.0590679 0.0518573 0.00165932
 0.898813 0.0833281 0.00951436 0.00438027 0.00396421
 0.935028 0.0608951 0.00337736 0.000372945 0.00032648
 0.889188 0.104897 0.00554685 0.0003054 6.32206e-05
 0.836851 0.150166 0.0123035 0.000637394 4.23111e-05
 0.838196 0.142486 0.0178094 0.00143047 7.89412e-05
 0.890126 0.0985422 0.0100177 0.00121169 0.000102512
 0.980522 0.01807 0.00126671 0.00012518 1.63967e-05
 0.42952 0.562532 0.00738373 0.000508135 5.67353e-05
 0.974432 0.0129502 0.0124447 0.000160739 1.22861e-05
 0.699338 0.294709 0.00303258 0.00288105 4.00318e-05
 0.779201 0.167819 0.0519466 0.000526122 0.000506343
 0.847905 0.126053 0.0198701 0.00605146 0.000120167
 0.877211 0.108209 0.0121122 0.00188311 0.000584456
 0.347055 0.591847 0.0539436 0.00594512 0.00121015
 0.88062 0.0484555 0.0643548 0.00580065 0.00076895
 0.734385 0.239872 0.0105069 0.0138255 0.00141065
 0.521952 0.371272 0.0965165 0.0041884 0.00607053
 0.859107 0.0812601 0.0464023 0.01196 0.00127064
 0.809142 0.168979 0.012671 0.00716565 0.00204205
 0.405295 0.498368 0.0853614 0.00635718 0.00461789
 0.516688 0.220241 0.220713 0.0375339 0.00482389
 0.934615 0.0385246 0.0123345 0.0121883 0.00233732
pobs_PELACES
 0 0 0 0 0
 0 0 0 0 0
 0 0 0 0 0
 0 0 0 0 0
 0 0 0 0 0
 0 0 0 0 0
 0 0 0 0 0
 0 0 0 0 0
 0 0 0 0 0
 0 0 0 0 0
 0 0 0 0 0
 0 0 0 0 0
 0 0 0 0 0
 0 0 0 0 0
 0 0 0 0 0
 0 0 0 0 0
 0.505614 0.472636 0.0217494 0 0
 0 0 0 0 0
 0.443492 0.261883 0.143347 0.151278 0
 0.227955 0.32914 0.350689 0.0885471 0.00366901
 0.970185 0.0296113 0.000203453 0 0
 0.997202 0.00247181 0.000326279 0 0
 0.445219 0.490057 0.0546422 0.010081 0
 0.90214 0.0892962 0.00764917 0.000914606 0
 0 0 0 0 0
 0.581667 0.319106 0.0959925 0.00289975 0.000334073
 0.762889 0.0836404 0.116647 0.0363945 0.000428098
 0.88444 0.0763242 0.0277011 0.0115352 0
 0.521256 0.241999 0.230069 0.00667565 0
 0.616807 0.101726 0.260614 0.0208532 0
 0.833518 0.0704572 0.0857862 0.0102388 0
ppred_PELACES
 0.396087 0.191029 0.367379 0.0455043 1.19877e-06
 0.544266 0.240035 0.074502 0.126021 0.0151753
 0.742066 0.173146 0.0478022 0.0130194 0.0239665
 0.702501 0.247005 0.0354783 0.00858716 0.00642827
 0.703211 0.237648 0.0502418 0.00631095 0.00258791
 0.94173 0.0462628 0.00986255 0.00183043 0.0003145
 0.366657 0.610115 0.0189337 0.0035456 0.000748812
 0.362508 0.308325 0.318593 0.00866634 0.00190821
 0.686466 0.152489 0.0830957 0.0755153 0.00243357
 0.877745 0.0977596 0.012822 0.00610729 0.00556648
 0.905661 0.087448 0.00567086 0.000648496 0.000571764
 0.856199 0.13496 0.00827162 0.000471408 9.82818e-05
 0.789466 0.19131 0.0181836 0.000975139 6.5193e-05
 0.806838 0.167044 0.0240116 0.00199549 0.000110905
 0.863825 0.120175 0.0140869 0.00176319 0.000150232
 0.973461 0.0243303 0.00197931 0.000202479 2.67111e-05
 0.352698 0.636818 0.00971379 0.000692051 7.7822e-05
 0.960913 0.0182948 0.0204967 0.000274122 2.11023e-05
 0.626094 0.365181 0.00436834 0.00429645 6.01248e-05
 0.711292 0.211177 0.075963 0.000796484 0.000772015
 0.793797 0.165957 0.0304519 0.00960198 0.000192034
 0.834878 0.142639 0.0185614 0.00298758 0.000933868
 0.267549 0.653466 0.0694374 0.00792385 0.00162445
 0.821671 0.0657002 0.101853 0.00950652 0.00126923
 0.651462 0.309002 0.0157981 0.0215258 0.00221203
 0.41836 0.434984 0.132059 0.00593439 0.00866266
 0.796819 0.109052 0.0726619 0.0193927 0.00207504
 0.737181 0.227798 0.0199691 0.0116948 0.0033566
 0.309281 0.56294 0.112725 0.00869382 0.00636043
 0.410942 0.245628 0.286465 0.0504368 0.00652851
 0.904179 0.0524282 0.0195403 0.0199912 0.00386105
pobs_pel_tallas
 0 0 0 0 0 0 0 0 0 0 0 0 0 0 0 0 0 0 0 0 0 0 0 0 0 0
 0 0 0 0 0 0 0 0 0 0 0 0 0 0 0 0 0 0 0 0 0 0 0 0 0 0
 0 0 0 0 0 0 0 0 0 0 0 0 0 0 0 0 0 0 0 0 0 0 0 0 0 0
 0 0 0 0 0 0 0 0 0 0 0 0 0 0 0 0 0 0 0 0 0 0 0 0 0 0
 0 0 0 0 0 0 0 0 0 0 0 0 0 0 0 0 0 0 0 0 0 0 0 0 0 0
 0 0 0 0 0 0 0 0 0 0 0 0 0 0 0 0 0 0 0 0 0 0 0 0 0 0
 0 0 0 0 0 0 0 0 0 0 0 0 0 0 0 0 0 0 0 0 0 0 0 0 0 0
 0 0 0 0 0 0 0 0 0 0 0 0 0 0 0 0 0 0 0 0 0 0 0 0 0 0
 0 0 0 0 0 0 0 0 0 0 0 0 0 0 0 0 0 0 0 0 0 0 0 0 0 0
 0 0 0 0 0 0 0 0 0 0 0 0 0 0 0 0 0 0 0 0 0 0 0 0 0 0
 0 0 0 0 0 0 0 0 0 0 0 0 0 0 0 0 0 0 0 0 0 0 0 0 0 0
 0 0 0 0 0 0 0 0 0 0 0 0 0 0 0 0 0 0 0 0 0 0 0 0 0 0
 0.00862536 0 0 0.000197151 0.00414017 0.0128641 0.00837892 0.0270097 0.101434 0.158115 0.152841 0.127902 0.109271 0.109419 0.0830992 0.0579132 0.0238553 0.00714673 0.00463305 0.00128148 0.00103504 0.000492878 0.000147863 0.000147863 4.92878e-05 0
 0 0 0 0 0 0 0 0 0 0 0 0 0 0 0 0 0 0 0 0 0 0 0 0 0 0
 0 0 0 0 0 0 0 0.0054083 0.00873648 0.0413646 0.0450493 0.0745869 0.0622846 0.0627006 0.0613931 0.0827291 0.12552 0.122667 0.0946155 0.0697135 0.0546179 0.0294188 0.0215738 0.0213955 0.0102223 0.00600262
 0 0 0 0 0.00359764 0.0251062 0.0480494 0.140153 0.205849 0.193036 0.1447 0.116669 0.0760912 0.0342217 0.00950174 0.001854 0.000860785 0 0 0 0.000165536 0 0.000143464 0 0 0
 0 0 0 0 0 0 0 0.000145254 0.000435761 0.0275982 0.070085 0.0708112 0.156366 0.174668 0.174014 0.160142 0.0824315 0.0480064 0.0283245 0.00493863 0.00203355 0 0 0 0 0
 0 0 0 0 0 0 0 0 0 0 0 0 0 0 0 0 0 0 0 0 0 0 0 0 0 0
 0 0 1.00437e-05 0.000401748 0.00122533 0.00171747 0.00176769 0.0269171 0.070346 0.194647 0.189555 0.159765 0.064822 0.0314167 0.0384472 0.0292271 0.0345202 0.0313363 0.0194345 0.0106764 0.0143323 0.0359363 0.0279516 0.0138201 0.00172751 0
 0 0.0021121 0.0136068 0.0755702 0.200478 0.177729 0.0527432 0.0373336 0.0318909 0.0142505 0.0149659 0.0166563 0.0217959 0.0798694 0.0677717 0.0528807 0.04013 0.0224614 0.0357745 0.0225083 0.00881397 0.00855152 0.00135912 0.000746735 0 0
 0 0 0 0 5.4009e-05 0.00500934 0.000945158 0.0243581 0.138947 0.33067 0.221406 0.137944 0.0707744 0.0437923 0.0131692 0.00525238 0.0047753 0.00276346 9.45158e-05 9.00151e-06 2.25038e-05 9.00151e-06 4.50075e-06 0 0 0
 0.000866109 0.00284123 0.00948549 0.0512746 0.133035 0.25785 0.225252 0.132002 0.0553304 0.0519788 0.0540692 0.017754 0.00435017 0.00159236 0.00146478 0.000404838 0.000125132 0.000115318 0.000107957 0.000100596 0 0 0 0 0 0
 0 0 0 0 0.00144013 0.00171154 0.00461396 0.0210425 0.0478622 0.0707936 0.0888783 0.103762 0.0637923 0.0337046 0.0602308 0.124433 0.169614 0.0934646 0.0462172 0.0250306 0.0313229 0.00938855 0.002487 0.000210481 0 0
 0 0.00764035 0.051015 0.0998891 0.058973 0.0496711 0.0374665 0.0718981 0.12319 0.153886 0.159021 0.0857701 0.0377988 0.023471 0.0147837 0.00900784 0.00315554 0.000888139 0.00291439 0.00214683 0.00393193 0.00274676 0.000635225 9.99891e-05 0 0
 0 0 0 0 0 0 0 0 0 0 0 0 0 0 0 0 0 0 0 0 0 0 0 0 0 0
 0 0 0 0 0 0 0 0 0 0 0 0 0 0 0 0 0 0 0 0 0 0 0 0 0 0
 0 0 0 0 0 0 0 0 0 0 0 0 0 0 0 0 0 0 0 0 0 0 0 0 0 0
 0 0 0 0 0 0 0 0 0 0 0 0 0 0 0 0 0 0 0 0 0 0 0 0 0 0
 0 0 0 0 0 0 0 0 0 0 0 0 0 0 0 0 0 0 0 0 0 0 0 0 0 0
 0 0 0 0 0 0 0 0 0 0 0 0 0 0 0 0 0 0 0 0 0 0 0 0 0 0
 0 0 0 0 0 0 0 0 0 0 0 0 0 0 0 0 0 0 0 0 0 0 0 0 0 0
ppred_pel_tallas
 1.15215e-16 3.26252e-05 0.000317128 0.00210743 0.00958009 0.0298073 0.0635083 0.0926962 0.0927152 0.0636012 0.0301206 0.010492 0.00442234 0.00545645 0.0100446 0.0172097 0.0263145 0.0362706 0.0458811 0.0544318 0.0617947 0.0678742 0.0719719 0.0728039 0.0692624 0.0612837
 1.17418e-16 4.48306e-05 0.000435769 0.00289584 0.0131641 0.0409585 0.0872672 0.127374 0.127397 0.0873808 0.0413403 0.0142685 0.00567393 0.00652045 0.011662 0.0193761 0.0283202 0.0365316 0.0420911 0.0442534 0.043918 0.042945 0.0428353 0.0438122 0.0448857 0.0446482
 1.06786e-16 6.1123e-05 0.000594137 0.00394825 0.0179482 0.0558436 0.118981 0.17366 0.173677 0.119063 0.0561183 0.0187422 0.00594354 0.00495726 0.0083696 0.0137991 0.0200145 0.0254773 0.0286695 0.0289178 0.0267898 0.0236757 0.0208958 0.0190352 0.0178985 0.0169191
 1.03037e-16 5.78642e-05 0.00056246 0.00373775 0.0169913 0.0528663 0.112638 0.164404 0.164427 0.112754 0.0532569 0.0181196 0.00657007 0.00674581 0.0118023 0.0194232 0.0279821 0.0352061 0.0388184 0.0377718 0.0328673 0.0262011 0.0198994 0.0151284 0.0119504 0.00981819
 1.02582e-16 5.79226e-05 0.000563029 0.00374152 0.0170084 0.0529197 0.112752 0.164569 0.164592 0.112864 0.053296 0.0180957 0.00647192 0.00652742 0.0113968 0.0187791 0.0271145 0.034237 0.0379699 0.0372944 0.0329314 0.0268098 0.020874 0.0161739 0.0127648 0.010195
 1.00534e-16 7.7569e-05 0.000753999 0.00501059 0.0227774 0.070869 0.150994 0.220381 0.220386 0.151016 0.0709422 0.0229891 0.00554218 0.00191531 0.00228551 0.00366188 0.00528198 0.00667194 0.00740493 0.00728326 0.0064476 0.00527271 0.00413503 0.00323575 0.00258208 0.0020835
 1.01185e-16 3.02012e-05 0.000293566 0.00195085 0.00886833 0.027593 0.0587919 0.0858208 0.0858795 0.0590787 0.0285555 0.0116468 0.0089199 0.015489 0.0288361 0.0474849 0.0680735 0.0849145 0.0922316 0.0873615 0.0723783 0.0527756 0.0343046 0.0203917 0.0116022 0.00672722
 1.10465e-16 2.98593e-05 0.000290243 0.00192877 0.00876793 0.0272804 0.058125 0.0848414 0.0848716 0.0582725 0.0277768 0.0102071 0.00556142 0.00828705 0.015412 0.0259373 0.0385316 0.0508777 0.0605246 0.0661672 0.0681422 0.0676747 0.0656135 0.0618416 0.0557691 0.0472685
 1.10422e-16 5.65434e-05 0.000549622 0.00365243 0.0166034 0.0516595 0.110067 0.160648 0.160663 0.110139 0.0519031 0.0173088 0.00542922 0.00444909 0.00752428 0.0125152 0.01842 0.0240206 0.0281279 0.0302449 0.0308338 0.0308826 0.0311207 0.031528 0.0314625 0.0301904
 1.0195e-16 7.22987e-05 0.000702769 0.00467015 0.0212298 0.0660539 0.140735 0.205409 0.205418 0.140781 0.0662085 0.0216764 0.00579111 0.00315005 0.00472091 0.00769265 0.0110815 0.0139529 0.0154112 0.0150541 0.0132136 0.0107312 0.00844937 0.00681261 0.00580876 0.00517245
 1.00348e-16 7.45981e-05 0.00072512 0.00481868 0.021905 0.0681547 0.145211 0.211942 0.21195 0.145252 0.0682927 0.0223036 0.00581865 0.00290623 0.00421153 0.00683025 0.00979854 0.0122511 0.013361 0.0127481 0.0107039 0.00800193 0.00544652 0.00350934 0.00225955 0.00152398
 1.00338e-16 7.0524e-05 0.000685518 0.00455551 0.0207087 0.0644325 0.137281 0.200368 0.200381 0.137344 0.0646455 0.0213238 0.00609851 0.00405089 0.00645305 0.010533 0.0151107 0.0188838 0.0205762 0.0195978 0.0163973 0.0121691 0.00815932 0.00510395 0.00312006 0.00195038
 1.00683e-16 6.50273e-05 0.000632089 0.00420045 0.0190947 0.0594107 0.126581 0.184753 0.184772 0.126671 0.0597129 0.0199673 0.00639003 0.00540927 0.00912976 0.0149691 0.0215065 0.0269358 0.0294599 0.0282437 0.0239082 0.018114 0.012584 0.00832235 0.0054761 0.00369041
 1.00955e-16 6.64582e-05 0.000645997 0.00429288 0.0195148 0.0607179 0.129367 0.188818 0.188834 0.129445 0.0609821 0.0202777 0.00620774 0.00482588 0.00800391 0.0131242 0.0188921 0.0237392 0.0261098 0.025278 0.0217687 0.0169913 0.0123935 0.00879796 0.00630286 0.00460381
 1.0064e-16 7.11521e-05 0.000691624 0.00459609 0.0208931 0.0650064 0.138503 0.202152 0.202164 0.13856 0.0651963 0.0214416 0.00597257 0.00369556 0.00577336 0.00942435 0.013551 0.017001 0.01865 0.017976 0.015365 0.0118472 0.00848416 0.00588444 0.00412407 0.00297538
 1.00089e-16 8.01827e-05 0.000779405 0.00517942 0.0235449 0.0732569 0.156082 0.227806 0.227808 0.156093 0.0732953 0.0236558 0.00545777 0.00138664 0.0012322 0.0019069 0.00273141 0.0034181 0.00373373 0.00357208 0.00301306 0.00226958 0.00156277 0.00102177 0.000665465 0.000447391
 1.00526e-16 2.90514e-05 0.00028239 0.00187659 0.00853072 0.0265426 0.056554 0.0825551 0.0826163 0.0568532 0.0275468 0.0114296 0.00914675 0.0161317 0.0300664 0.0494933 0.070903 0.088338 0.0957479 0.0903442 0.0743086 0.0534243 0.033768 0.0189939 0.00974558 0.00477179
 1.00628e-16 7.91492e-05 0.000769358 0.00511265 0.0232414 0.0723126 0.15407 0.22487 0.224871 0.154078 0.0723421 0.0233269 0.00532874 0.0012454 0.000995847 0.00155376 0.00230621 0.00305634 0.00365577 0.00402622 0.00418329 0.00419147 0.00409125 0.00386797 0.00348486 0.00293974
 1.00661e-16 5.15706e-05 0.000501285 0.00333121 0.0151432 0.0471164 0.100388 0.146526 0.146561 0.100559 0.0476923 0.0168056 0.0075002 0.0095899 0.0172763 0.0283848 0.0406622 0.0506675 0.0549344 0.051872 0.0427405 0.0308628 0.0197215 0.0113974 0.00623333 0.00348077
 1.02457e-16 5.85882e-05 0.000569498 0.00378452 0.0172039 0.0535278 0.114047 0.16646 0.16648 0.114147 0.0538631 0.0181734 0.0062214 0.00589987 0.0102129 0.0168709 0.0244808 0.0311608 0.0350105 0.0351134 0.0320248 0.0272978 0.0224661 0.0183107 0.0148445 0.0117707
 1.01917e-16 6.5384e-05 0.000635556 0.00422349 0.0191994 0.0597366 0.127276 0.185766 0.185782 0.127354 0.0599992 0.0199583 0.00612896 0.00479715 0.00797477 0.0130955 0.0188936 0.0238334 0.0263935 0.0258692 0.0227795 0.0184919 0.0143818 0.0111857 0.00892566 0.00725412
 1.0103e-16 6.87678e-05 0.000668448 0.00444207 0.020193 0.0628281 0.133862 0.195379 0.195393 0.133929 0.0630536 0.0208443 0.00607664 0.00423617 0.00684285 0.0111992 0.0161152 0.0202408 0.0222481 0.0215215 0.0185181 0.0144526 0.0105709 0.00757709 0.00554497 0.00419431
 1.03241e-16 2.20378e-05 0.000214215 0.00142354 0.00647123 0.0201347 0.0429015 0.0626292 0.0626921 0.043209 0.0211672 0.00945283 0.00890569 0.0165409 0.0310086 0.0511736 0.0735838 0.0922511 0.10107 0.0972036 0.0827653 0.0633941 0.0449146 0.0306842 0.0211425 0.015044
 1.04125e-16 6.76799e-05 0.000657873 0.0043718 0.0198736 0.0618341 0.131744 0.192286 0.192292 0.131776 0.061941 0.0201843 0.00515873 0.00239889 0.00344192 0.00575946 0.00870038 0.0117943 0.0145808 0.0168023 0.0184653 0.0196621 0.0203299 0.0202002 0.0189947 0.0166822
 1.03069e-16 5.36602e-05 0.000521596 0.00346619 0.0157568 0.0490255 0.104455 0.152461 0.152491 0.1046 0.0495133 0.0171653 0.00699991 0.00822982 0.0146759 0.0241335 0.0346605 0.0433846 0.0474271 0.0454854 0.0386322 0.0296233 0.02128 0.015187 0.0114537 0.0093169
 1.05984e-16 3.44599e-05 0.000334962 0.00222594 0.0101188 0.0314837 0.0670809 0.0979154 0.0979574 0.0672864 0.0321738 0.0121134 0.00723754 0.011292 0.0208925 0.0346109 0.0501456 0.0636585 0.0712247 0.0709797 0.0641494 0.0540692 0.0440479 0.0357915 0.0293127 0.0238626
 1.04421e-16 6.56329e-05 0.000637976 0.00423957 0.0192725 0.0599639 0.12776 0.186471 0.186482 0.127812 0.0601383 0.0197775 0.00551174 0.00343039 0.0054138 0.00896381 0.0131819 0.0171553 0.0199878 0.0212524 0.0211924 0.0204463 0.0195366 0.0185614 0.0172856 0.0154601
 1.02376e-16 6.07207e-05 0.000590227 0.00392227 0.0178301 0.0554761 0.118198 0.172519 0.172541 0.118306 0.0558359 0.0188693 0.00653002 0.00628039 0.0108599 0.0178384 0.0256475 0.0321644 0.0352728 0.034008 0.0291389 0.0226579 0.0166007 0.0121046 0.00924845 0.00750015
 1.05346e-16 2.54752e-05 0.000247628 0.00164558 0.00748058 0.0232752 0.0495922 0.0723926 0.0724469 0.0498576 0.0241663 0.0100552 0.00811051 0.0143679 0.0268635 0.0444245 0.0641156 0.0808762 0.0895363 0.0876697 0.0769895 0.0620959 0.0476526 0.0362172 0.0279827 0.0219125
 1.14493e-16 3.38488e-05 0.000329022 0.00218647 0.00993939 0.0309253 0.0658904 0.096174 0.0961981 0.0660083 0.0313221 0.0110909 0.00509638 0.00674626 0.0124117 0.0209627 0.0313553 0.0418573 0.0506528 0.0568079 0.060598 0.0628468 0.0639038 0.0632293 0.0599068 0.0535272
 1.03236e-16 7.44761e-05 0.000723934 0.00481079 0.0218692 0.0680432 0.144973 0.211594 0.211599 0.144998 0.0681266 0.0221106 0.00541808 0.00205423 0.00261481 0.00424227 0.00619445 0.0079875 0.00919002 0.00962454 0.00946889 0.00911336 0.00888347 0.00884872 0.00883758 0.00859909
pSPR Fmed_Fpbrs
0.299015   0.255115 0.255115
Fs Fmed_Fpbrs
0.861262   1.005 1.005
SSBpbr Bo_Bmed_Bpbrs
1.21137e+06  301649  248470 248470
Ro
88817.6
SPR SPRFo_SPRFmed_SPRFpbrs
634862 189833 161963
Fref
1.005
Nvult_r0
 100912 4631.51 1509.27 1492.81 286.285
CTP_r0
 36010.4 2144.49 709.942 702.787 134.784
YTP_r0
391167
Np
 103074 27022.4 851.637 269.162 305.952
Nvult_p0
 82813.9 23269.2 736.763 232.914 264.752
CTP_p0
 31907.4 11481.7 368.993 116.742 132.706
YTP_p0
 441612
CBA_c0
406300
log_Ro
11.2143
likeval ReclasPelacesDesembMPH_pf_preclas_ppelaces_ptallas_desvR_qrecl_qpela
 12.7688 16.2534 0.055337 0.000847959 254.728 116.979 104.83 0 31.3111 6.28663e-05 0.000178604 0.0160578 0 0 0
q_reclas_q_pelaces
3.07575 6.69481
M
1
N
 90988.5 28118.8 46497.3 5562.9 0.14551
 81094.1 26218.8 7076.97 11569.8 1383.38
 101836 17437.9 4187.07 1102.2 2014.63
 69559.8 21847.1 2774.74 649.688 482.94
 39326.6 9733.19 1789.33 217.231 88.45
 256890 8475.17 1559.7 279.662 47.7105
 49263.3 66837.9 1820.03 329.569 69.1138
 15851 8406.12 7451.44 195.759 42.7974
 26416.3 4846.86 2320.1 2038.93 65.245
 35794.5 4382.48 517.227 238.551 215.914
 51002.7 3189.43 177.999 19.6622 17.2128
 108289 14359.6 774.291 42.6764 8.83489
 86977.5 17263.5 1440.36 74.6929 4.95848
 66835.1 14695.9 1895.34 152.495 8.41627
 47001.7 6418.73 670.616 81.2344 6.87316
 264498 5356.97 382.2 37.806 4.95227
 32580.1 45742.9 609.81 42.0014 4.68983
 458479 6163.03 5985.71 77.3575 5.913
 238244 106988 1117.58 1062.6 14.7654
 199425 46051.5 14477.9 146.758 141.247
 243814 37704.3 6021.12 1835.04 36.4407
 391555 51418.4 5842.01 909.009 282.139
 44023.6 75964.8 6997.96 771.692 157.085
 188359 10258.9 13745.6 1239.56 164.323
 146833 47521.5 2100.14 2764.8 282.106
 52884.8 36905.8 9671.69 419.893 608.594
 146195 13777.2 7941.17 2047.84 217.571
 179111 36024.2 2718.88 1538.12 438.338
 42148.6 49885.8 8599.79 640.683 465.404
 26413.9 11763.3 11947 2033.15 261.313
 127934 5483.14 1778.43 1758.59 337.252
pred_Ctot
 12714.8 5789.59 9817.72 1176.16 0.0307673
 22239.3 10021.9 2761.74 4520.02 540.482
 28023.9 6685.79 1638.9 431.895 789.477
 29406 12041.8 1553.52 364.049 270.625
 10749.6 3709.67 696.274 84.6234 34.4582
 48893.7 2328.82 438.773 78.7729 13.4396
 17750.8 32317.1 895.806 162.365 34.0512
 1717.18 1358.47 1236.13 32.5201 7.11019
 9768.04 2394.69 1166.49 1026.08 32.8357
 19120.5 2892.05 345.394 159.4 144.278
 7732.4 709.107 40.5677 4.48714 3.92843
 41453.2 7301.04 400.441 22.0909 4.57349
 31630.2 8411.68 714.335 37.0782 2.46155
 34630.6 9482.11 1238.17 99.6855 5.50187
 22469.4 3896.7 412.758 50.0354 4.23361
 94094.2 2562.56 186.14 18.4299 2.41429
 10552.2 20207.6 274.57 18.9305 2.11387
 109949 2090.41 2075.16 26.85 2.05247
 75253.9 46257.4 492.615 468.864 6.51543
 64630 20354.5 6522.08 66.179 63.6973
 68780.8 14775.2 2408.25 734.754 14.5918
 123140 22147.6 2565.52 399.603 124.036
 10583.9 25824.2 2431.51 268.444 54.6476
 38571.5 3015 4133.84 373.241 49.4823
 30322.9 14074.5 636.461 838.915 85.6041
 10033.5 10111.3 2712.9 117.927 170.935
 31519.5 4243.94 2502.32 646.068 68.6452
 28131.6 8279.33 640.44 362.784 103.394
 6576.38 11394.4 2013.27 150.185 109.105
 7617.81 4699.8 4870.77 829.804 106.657
 36010.4 2144.49 709.942 702.787 134.784
F
 0.244257 0.379591 0.390993 0.391612 0.391644
 0.536962 0.834475 0.85954 0.860901 0.860973
 0.539289 0.838091 0.863265 0.864632 0.864704
 0.966645 1.50223 1.54735 1.5498 1.54993
 0.534759 0.831051 0.856014 0.857369 0.857441
 0.346375 0.53829 0.554459 0.555337 0.555383
 0.768219 1.19386 1.22972 1.23167 1.23177
 0.184902 0.287351 0.295982 0.29645 0.296475
 0.796366 1.2376 1.27478 1.2768 1.2769
 1.41795 2.20359 2.26978 2.27338 2.27356
 0.267458 0.415648 0.428133 0.428811 0.428847
 0.836212 1.29953 1.33856 1.34068 1.34079
 0.778083 1.20919 1.24551 1.24749 1.24759
 1.34301 2.08712 2.14982 2.15322 2.1534
 1.17178 1.82103 1.87573 1.8787 1.87886
 0.754798 1.17301 1.20824 1.21015 1.21025
 0.665134 1.03366 1.06471 1.0664 1.06648
 0.455196 0.707404 0.728653 0.729807 0.729867
 0.643534 1.00009 1.03013 1.03177 1.03185
 0.665665 1.03449 1.06556 1.06725 1.06734
 0.556411 0.8647 0.890673 0.892083 0.892158
 0.639855 0.994376 1.02424 1.02587 1.02595
 0.456579 0.709553 0.730866 0.732023 0.732084
 0.377168 0.586143 0.603749 0.604705 0.604756
 0.380923 0.591979 0.609761 0.610726 0.610777
 0.345101 0.536309 0.552418 0.553293 0.553339
 0.400751 0.622793 0.6415 0.642516 0.642569
 0.278272 0.432453 0.445442 0.446148 0.446185
 0.276215 0.429256 0.44215 0.44285 0.442887
 0.572212 0.889255 0.915965 0.917416 0.917492
 0.55485 0.862273 0.888173 0.88958 0.889654
nmprior
 8.19 8.8 8.5 0
nm_flota  nm_reclas  nm_pelaces    nm_pelaL
inf 20.4165 9.27669 18.0972
cv_recla  cv_pelaces  cv_mph
0.323221 0.457135 0.898655
 ------------------------------------------------
Talla a la edad & desviaci?n 
 8 13.2811 15.8009 17.003 17.5766
 0.8 1.32811 1.58009 1.7003 1.75766
