years
 1991 1992 1993 1994 1995 1996 1997 1998 1999 2000 2001 2002 2003 2004 2005 2006 2007 2008 2009 2010 2011 2012 2013 2014 2015 2016 2017 2018 2019 2020 2021
reclasobs
 0 0 0 0 0 0 0 0 0 252601 567819 844713 477998 351125 339783 2.1784e+06 2.13404e+06 4.81314e+06 1.55562e+06 2.62356e+06 3.21686e+06 3.843e+06 1.13348e+06 3.07943e+06 1.97215e+06 2.03268e+06 2.025e+06 2.42433e+06 2.27542e+06 1.05018e+06 2.36338e+06
reclaspred
 2.58815e+06 2.0027e+06 1.08552e+06 931373 1.12161e+06 1.51526e+06 1.20332e+06 1.08546e+06 714349 505334 493163 642401 626187 528107 626764 1.06912e+06 1.61448e+06 2.56989e+06 2.3314e+06 1.8167e+06 3.20157e+06 2.58703e+06 2.43503e+06 2.90878e+06 2.51093e+06 2.35297e+06 2.34244e+06 2.26254e+06 2.48499e+06 1.70002e+06 2.38978e+06
pelacesobs
 0 0 0 0 0 0 0 0 0 0 0 0 0 0 0 552880 188675 0 991730 2.46772e+06 1.41603e+06 1.21717e+06 2.29649e+06 1.80582e+06 0 1.4828e+06 1.56532e+06 1.57751e+06 1.42118e+06 867257 1.10002e+06
pelacespred
 1.10861e+06 957262 548796 412366 499291 676555 534418 534386 372933 247912 255072 265781 280628 255183 320928 455089 672994 1.14166e+06 1.1511e+06 855975 1.33929e+06 1.27933e+06 1.15801e+06 1.46752e+06 1.30009e+06 1.15694e+06 1.29988e+06 1.29216e+06 1.14443e+06 877217 1.23199e+06
mphobs
 0 0 0 0 0 0 0 0 0 0 0 498337 0 5186 125008 0 168611 109162 213762 579715 649985 157893 87575 83554 0 0 0 0 0 0 0
mphpred
 1.93293e+06 2.11923e+06 1.16962e+06 663032 834050 978678 1.20953e+06 861715 743418 458184 329859 487925 483217 415365 351193 564764 1.11075e+06 1.46346e+06 2.02489e+06 1.63148e+06 1.78094e+06 2.34947e+06 2.05995e+06 1.86376e+06 2.35984e+06 1.95184e+06 1.68273e+06 1.73668e+06 2.23053e+06 1.61215e+06 1.20309e+06
desembarqueobs
 494567 514787 250237 358949 120608 361735 552515 73892 212993 205616 52469 317467 293654 387597 252695 516296 358380 742168 942051 627588 828172 859565 418607 520667 417249 300574 407403 355545 319650 289779 391294
desembarquepred
 494633 510066 252381 359222 120719 362515 553296 73964.5 213309 205702 52471.6 317644 293755 388267 253204 516906 358614 742041 942244 627989 828714 859814 418716 521041 417286 300802 408147 355981 320209 290634 391146
Reclutas
 478798 58366.6 100241 250485 193005 281669 144650 56873.1 41177.8 78674.1 133081 146499 134917 114572 145281 444565 218611 647900 501037 356742 585570 633015 204837 421333 373307 189944 376644 384218 149448 137226 534440
log_desv_Rt
 0.804335 -1.3002 -0.759367 0.156454 -0.10423 0.273788 -0.39263 -1.32612 -1.64904 -1.00163 -0.475988 -0.379929 -0.462286 -0.625737 -0.388275 0.730152 0.0203476 1.10679 0.849735 0.510068 1.00564 1.08355 -0.0447289 0.67648 0.555458 -0.120213 0.564355 0.584266 -0.359999 -0.445313 0.914274
SSB
 1.93293e+06 2.11923e+06 1.16962e+06 663032 834050 978678 1.20953e+06 861715 743418 458184 329859 487925 483217 415365 351193 564764 1.11075e+06 1.46346e+06 2.02489e+06 1.63148e+06 1.78094e+06 2.34947e+06 2.05995e+06 1.86376e+06 2.35984e+06 1.95184e+06 1.68273e+06 1.73668e+06 2.23053e+06 1.61215e+06 1.20309e+06
BT
 3.48404e+06 2.75323e+06 1.58187e+06 1.60071e+06 1.47746e+06 2.43007e+06 1.89527e+06 1.55073e+06 1.20884e+06 925283 859208 1.07014e+06 1.13405e+06 1.26419e+06 1.4112e+06 2.0459e+06 2.24426e+06 4.45007e+06 4.37747e+06 2.97934e+06 5.04241e+06 4.48036e+06 3.52586e+06 5.28099e+06 3.88524e+06 3.47514e+06 4.62644e+06 4.46947e+06 3.11766e+06 2.61394e+06 4.76093e+06
Ftot
 0.180899 0.239199 0.218891 0.360012 0.102472 0.225721 0.424638 0.0650547 0.279822 0.378469 0.101406 0.456691 0.43436 0.667596 0.377903 0.449702 0.209731 0.271657 0.376145 0.323128 0.243893 0.311049 0.162855 0.169829 0.1575 0.121507 0.165244 0.149415 0.122395 0.161913 0.15552
BD_Bspro_t
 0.971471 0.842189 0.687288 0.602476 0.652558 0.733659 0.715322 0.598541 0.647351 0.581485 0.570428 0.730888 0.608728 0.526105 0.468662 0.571964 0.639837 0.685033 0.700373 0.624317 0.602057 0.659351 0.661649 0.677825 0.750363 0.758408 0.770176 0.793064 0.823169 0.773238 0.742601
BD_Bspro
 1.26241 1.38409 0.763891 0.433032 0.544725 0.639183 0.789952 0.562794 0.485533 0.299244 0.215434 0.318668 0.315593 0.271279 0.229367 0.368852 0.725438 0.955797 1.32247 1.06553 1.16315 1.53446 1.34537 1.21724 1.54123 1.27476 1.099 1.13424 1.45678 1.05291 0.785746
BD_Bo
 0.959419 1.05189 0.580548 0.329099 0.413985 0.485772 0.600355 0.427716 0.368999 0.227422 0.163727 0.242184 0.239847 0.206169 0.174316 0.280323 0.551324 0.726395 1.00506 0.809791 0.883979 1.16617 1.02247 0.925086 1.17132 0.968805 0.835229 0.862008 1.10713 0.800199 0.597158
BD_Brms
 4.07271 4.46525 2.46442 1.39702 1.75736 2.06209 2.54849 1.81565 1.56639 0.965401 0.695019 1.02807 1.01815 0.875181 0.739969 1.18997 2.34036 3.08353 4.26647 3.43755 3.75247 4.95038 4.34035 3.92697 4.97223 4.11255 3.54553 3.65921 4.69976 3.39683 2.53492
Sel_flota
 0.5 1 1 1 1
 0.5 1 1 1 1
 0.5 1 1 1 1
 0.5 1 1 1 1
 0.5 1 1 1 1
 0.5 1 1 1 1
 0.5 1 1 1 1
 0.5 1 1 1 1
 0.5 1 1 1 1
 0.5 1 1 1 1
 0.5 1 1 1 1
 0.5 1 1 1 1
 0.5 1 1 1 1
 0.5 1 1 1 1
 0.5 1 1 1 1
 0.5 1 1 1 1
 0.5 1 1 1 1
 0.5 1 1 1 1
 0.5 1 1 1 1
 0.5 1 1 1 1
 0.5 1 1 1 1
 0.5 1 1 1 1
 0.5 1 1 1 1
 0.5 1 1 1 1
 0.5 1 1 1 1
 0.5 1 1 1 1
 0.5 1 1 1 1
 0.5 1 1 1 1
 0.5 1 1 1 1
 0.5 1 1 1 1
 0.5 1 1 1 1
Sel_reclas
 0.5 1 1 1 1
 0.5 1 1 1 1
 0.5 1 1 1 1
 0.5 1 1 1 1
 0.5 1 1 1 1
 0.5 1 1 1 1
 0.5 1 1 1 1
 0.5 1 1 1 1
 0.5 1 1 1 1
 0.5 1 1 1 1
 0.5 1 1 1 1
 0.5 1 1 1 1
 0.5 1 1 1 1
 0.5 1 1 1 1
 0.5 1 1 1 1
 0.5 1 1 1 1
 0.5 1 1 1 1
 0.5 1 1 1 1
 0.5 1 1 1 1
 0.5 1 1 1 1
 0.5 1 1 1 1
 0.5 1 1 1 1
 0.5 1 1 1 1
 0.5 1 1 1 1
 0.5 1 1 1 1
 0.5 1 1 1 1
 0.5 1 1 1 1
 0.5 1 1 1 1
 0.5 1 1 1 1
 0.5 1 1 1 1
 0.5 1 1 1 1
Sel_pelaces
 0.5 1 1 1 1
 0.5 1 1 1 1
 0.5 1 1 1 1
 0.5 1 1 1 1
 0.5 1 1 1 1
 0.5 1 1 1 1
 0.5 1 1 1 1
 0.5 1 1 1 1
 0.5 1 1 1 1
 0.5 1 1 1 1
 0.5 1 1 1 1
 0.5 1 1 1 1
 0.5 1 1 1 1
 0.5 1 1 1 1
 0.5 1 1 1 1
 0.5 1 1 1 1
 0.5 1 1 1 1
 0.5 1 1 1 1
 0.5 1 1 1 1
 0.5 1 1 1 1
 0.5 1 1 1 1
 0.5 1 1 1 1
 0.5 1 1 1 1
 0.5 1 1 1 1
 0.5 1 1 1 1
 0.5 1 1 1 1
 0.5 1 1 1 1
 0.5 1 1 1 1
 0.5 1 1 1 1
 0.5 1 1 1 1
 0.5 1 1 1 1
pf_obs 
 0.8446 0.082 0.0669 0.0065 0
 0.8095 0.147 0.0364 0.0071 0
 0.9664 0.0169 0.016 0.0007 0
 0.9276 0.0648 0.0075 0.0001 0
 0.7033 0.2144 0.0806 0.0017 0
 0.9318 0.0425 0.0243 0.0014 0
 0.5671 0.3108 0.0964 0.0239 0.0018
 0.0768 0.2599 0.5324 0.112 0.0189
 0.490249 0.384438 0.106611 0.0170017 0.00170017
 0.7925 0.1577 0.0466 0.003 0.0002
 0.840416 0.127587 0.0312969 0.00059994 9.999e-05
 0.8084 0.0986 0.0794 0.0134 0.0002
 0.7335 0.1905 0.0724 0.0035 0.0001
 0.4001 0.4547 0.1325 0.0127 0
 0.49795 0.308269 0.164784 0.0264974 0.00249975
 0.9179 0.0499 0.0305 0.0017 0
 0.2467 0.6533 0.0926 0.0074 0
 0.9418 0.0223 0.034 0.0019 0
 0.707729 0.231977 0.0356964 0.0245975 0
 0.517169 0.277429 0.184464 0.0207286 0.00020938
 0.811772 0.124168 0.05621 0.00726502 0.000585176
 0.764997 0.148141 0.077277 0.00933861 0.000247198
 0.163321 0.427699 0.378323 0.0303852 0.000271297
 0.753843 0.0900009 0.118128 0.0371064 0.000921714
 0.721811 0.176058 0.0630433 0.0369309 0.00215725
 0.143369 0.312575 0.442814 0.0836902 0.0175525
 0.692698 0.0596174 0.167031 0.0765114 0.00414204
 0.394062 0.376323 0.152708 0.0712218 0.00568511
 0.125707 0.32114 0.495352 0.0537591 0.00404204
 0.23352 0.215282 0.420074 0.123614 0.00750983
 0.774587 0.0839891 0.0768558 0.0609784 0.00358967
pf_pred 
 0.624656 0.237263 0.0872842 0.0321101 0.0186873
 0.129038 0.677919 0.122027 0.0448912 0.0261257
 0.398983 0.145081 0.35488 0.0638794 0.0371763
 0.704659 0.173148 0.0294964 0.0721506 0.0205456
 0.518743 0.405097 0.04465 0.0076063 0.0239037
 0.601124 0.275068 0.104215 0.0114867 0.00810629
 0.393312 0.463044 0.0990582 0.0375304 0.00705588
 0.28527 0.425935 0.220418 0.0471536 0.0212239
 0.325426 0.302625 0.221659 0.114707 0.035584
 0.622369 0.193339 0.0826762 0.0605565 0.0410589
 0.690643 0.243472 0.0337319 0.0144245 0.0177288
 0.585714 0.340308 0.0582224 0.00806643 0.00768895
 0.567042 0.331066 0.0836976 0.0143196 0.00387498
 0.549491 0.337563 0.0863651 0.0218342 0.00474642
 0.660451 0.25468 0.0635915 0.0162698 0.00500736
 0.816955 0.148898 0.0256118 0.00639506 0.00213973
 0.443051 0.507374 0.0403269 0.00693657 0.00231152
 0.748134 0.158351 0.0851914 0.00677115 0.00155282
 0.528925 0.407788 0.0397897 0.0214066 0.00209161
 0.471294 0.378324 0.130179 0.0127021 0.00750135
 0.646059 0.234552 0.0854309 0.0293961 0.00456223
 0.58467 0.331017 0.0558733 0.0203507 0.00808932
 0.286398 0.539168 0.139024 0.0234663 0.0119446
 0.589402 0.187725 0.168393 0.0434201 0.0110595
 0.504205 0.372431 0.0564018 0.0505937 0.0163684
 0.343015 0.447145 0.157628 0.0238716 0.0283411
 0.606233 0.204662 0.128705 0.0453714 0.0150288
 0.542518 0.349417 0.0561667 0.0353215 0.016576
 0.293908 0.503122 0.155026 0.0249194 0.0230253
 0.388484 0.283284 0.23388 0.072065 0.0222875
 0.771963 0.130288 0.045282 0.037385 0.0150819
pobs_RECLAS
 0 0 0 0 0
 0 0 0 0 0
 0 0 0 0 0
 0 0 0 0 0
 0 0 0 0 0
 0 0 0 0 0
 0 0 0 0 0
 0 0 0 0 0
 0 0 0 0 0
 0 0 0 0 0
 0.991045 0.00858322 0.000360255 1.14367e-05 0
 0.934742 0.0480273 0.0164251 0.00080598 0
 0.827803 0.169806 0.00239088 0 0
 0.941827 0.0461693 0.0120037 0 0
 0.791401 0.0380133 0.147996 0.0225897 0
 0.846168 0.0940531 0.0597789 0 0
 0.134021 0.677848 0.182769 0.00536245 0
 0.80878 0.0450904 0.141981 0.00414843 0
 0.846168 0.0940531 0.0597789 0 0
 0.905697 0.0802665 0.012482 0.00150086 5.37128e-05
 0.989698 0.0102097 9.19794e-05 0 0
 0.975433 0.0193895 0.00387452 0.00125025 5.28907e-05
 0.303575 0.632131 0.0575291 0.00676475 0
 0.966965 0.00978017 0.0227588 0.000495775 0
 0.843318 0.132988 0.00938335 0.0141283 0.000182051
 0.564624 0.303363 0.111486 0.0197234 0.00080311
 0.826376 0.0876187 0.0782897 0.00655872 0.00115652
 0.89761 0.0855135 0.0140674 0.00269457 0.000114338
 0.34875 0.467042 0.161289 0.0227151 0.000203297
 0.318654 0.224769 0.449479 0.00709798 0
 0.937255 0.0296025 0.0250945 0.00804832 0
ppred_RECLAS
 0.626619 0.236022 0.0868277 0.0319421 0.0185896
 0.130334 0.676909 0.121845 0.0448244 0.0260868
 0.401475 0.14448 0.353409 0.0636144 0.0370221
 0.708506 0.170893 0.0291122 0.0712109 0.020278
 0.519869 0.404149 0.0445455 0.0075885 0.0238478
 0.603699 0.273292 0.103542 0.0114125 0.00805394
 0.398735 0.458904 0.0981727 0.0371948 0.0069928
 0.28584 0.425595 0.220242 0.047116 0.021207
 0.328456 0.301265 0.220663 0.114191 0.0354242
 0.62699 0.190974 0.0816646 0.0598155 0.0405565
 0.691595 0.242723 0.033628 0.0143801 0.0176742
 0.591721 0.335374 0.0573783 0.00794948 0.00757748
 0.572757 0.326696 0.0825928 0.0141306 0.00382383
 0.559432 0.330115 0.0844595 0.0213524 0.00464169
 0.664849 0.251381 0.062768 0.0160591 0.00494251
 0.820566 0.145961 0.0251065 0.00626889 0.00209752
 0.445494 0.505148 0.04015 0.00690615 0.00230138
 0.750633 0.156779 0.0843461 0.00670397 0.00153741
 0.533796 0.403571 0.0393783 0.0211852 0.00206998
 0.47536 0.375415 0.129177 0.0126044 0.00744366
 0.648741 0.232775 0.0847836 0.0291734 0.00452766
 0.588451 0.328003 0.0553646 0.0201655 0.00801568
 0.287924 0.538014 0.138727 0.0234161 0.011919
 0.591292 0.186861 0.167618 0.0432203 0.0110086
 0.506002 0.371081 0.0561974 0.0504103 0.0163091
 0.344237 0.446313 0.157335 0.0238272 0.0282884
 0.608041 0.203722 0.128114 0.0451631 0.0149598
 0.544202 0.348132 0.05596 0.0351915 0.016515
 0.295042 0.502313 0.154777 0.0248794 0.0229883
 0.390246 0.282467 0.233206 0.0718573 0.0222233
 0.773208 0.129577 0.0450346 0.0371808 0.0149996
pobs_PELACES
 0 0 0 0 0
 0 0 0 0 0
 0 0 0 0 0
 0 0 0 0 0
 0 0 0 0 0
 0 0 0 0 0
 0 0 0 0 0
 0 0 0 0 0
 0 0 0 0 0
 0 0 0 0 0
 0 0 0 0 0
 0 0 0 0 0
 0 0 0 0 0
 0 0 0 0 0
 0 0 0 0 0
 0 0 0 0 0
 0.505614 0.472636 0.0217494 0 0
 0 0 0 0 0
 0.443492 0.261883 0.143347 0.151278 0
 0.227955 0.32914 0.350689 0.0885471 0.00366901
 0.970185 0.0296113 0.000203453 0 0
 0.997202 0.00247181 0.000326279 0 0
 0.445219 0.490057 0.0546422 0.010081 0
 0.90214 0.0892962 0.00764917 0.000914606 0
 0 0 0 0 0
 0.581667 0.319106 0.0959925 0.00289975 0.000334073
 0.762889 0.0836404 0.116647 0.0363945 0.000428098
 0.88444 0.0763242 0.0277011 0.0115352 0
 0.521256 0.241999 0.230069 0.00667565 0
 0.616807 0.101726 0.260614 0.0208532 0
 0.833518 0.0704572 0.0857862 0.0102388 0
ppred_PELACES
 0.633575 0.231625 0.0852099 0.031347 0.0182432
 0.134874 0.673376 0.121209 0.0445904 0.0259506
 0.410184 0.142377 0.348266 0.0626888 0.0364834
 0.72062 0.163791 0.0279024 0.0682514 0.0194352
 0.524088 0.400598 0.0441541 0.00752183 0.0236383
 0.612575 0.267171 0.101224 0.0111569 0.00787357
 0.415646 0.445998 0.0954115 0.0361487 0.00679612
 0.288036 0.424286 0.219565 0.0469711 0.0211417
 0.33872 0.296661 0.217291 0.112446 0.0348828
 0.641475 0.183557 0.0784933 0.0574927 0.0389816
 0.695152 0.239923 0.0332401 0.0142142 0.0174704
 0.609792 0.32053 0.0548387 0.00759763 0.00724208
 0.590196 0.313361 0.0792214 0.0135538 0.00366775
 0.586377 0.309925 0.0792939 0.0200465 0.0043578
 0.678597 0.241069 0.0601932 0.0154003 0.00473977
 0.831233 0.137284 0.023614 0.00589624 0.00197283
 0.454058 0.497347 0.0395299 0.00679949 0.00226584
 0.758929 0.151564 0.0815402 0.00648095 0.00148626
 0.549204 0.390233 0.0380768 0.020485 0.00200157
 0.488671 0.36589 0.1259 0.0122846 0.00725481
 0.657855 0.226735 0.0825836 0.0284164 0.00441017
 0.600821 0.318144 0.0537005 0.0195593 0.00777474
 0.293465 0.533828 0.137647 0.0232339 0.0118263
 0.598046 0.183773 0.164848 0.0425061 0.0108267
 0.512497 0.366202 0.0554585 0.0497476 0.0160946
 0.348776 0.443223 0.156246 0.0236622 0.0280926
 0.614519 0.200355 0.125997 0.0444166 0.0147125
 0.55031 0.343466 0.0552101 0.0347199 0.0162937
 0.29926 0.499308 0.153851 0.0247305 0.0228508
 0.396622 0.279514 0.230768 0.071106 0.0219909
 0.777677 0.127024 0.0441474 0.0364482 0.014704
pobs_pel_tallas
 0 0 0 0 0 0 0 0 0 0 0 0 0 0 0 0 0 0 0 0 0 0 0 0 0 0
 0 0 0 0 0 0 0 0 0 0 0 0 0 0 0 0 0 0 0 0 0 0 0 0 0 0
 0 0 0 0 0 0 0 0 0 0 0 0 0 0 0 0 0 0 0 0 0 0 0 0 0 0
 0 0 0 0 0 0 0 0 0 0 0 0 0 0 0 0 0 0 0 0 0 0 0 0 0 0
 0 0 0 0 0 0 0 0 0 0 0 0 0 0 0 0 0 0 0 0 0 0 0 0 0 0
 0 0 0 0 0 0 0 0 0 0 0 0 0 0 0 0 0 0 0 0 0 0 0 0 0 0
 0 0 0 0 0 0 0 0 0 0 0 0 0 0 0 0 0 0 0 0 0 0 0 0 0 0
 0 0 0 0 0 0 0 0 0 0 0 0 0 0 0 0 0 0 0 0 0 0 0 0 0 0
 0 0 0 0 0 0 0 0 0 0 0 0 0 0 0 0 0 0 0 0 0 0 0 0 0 0
 0 0 0 0 0 0 0 0 0 0 0 0 0 0 0 0 0 0 0 0 0 0 0 0 0 0
 0 0 0 0 0 0 0 0 0 0 0 0 0 0 0 0 0 0 0 0 0 0 0 0 0 0
 0 0 0 0 0 0 0 0 0 0 0 0 0 0 0 0 0 0 0 0 0 0 0 0 0 0
 0.00862536 0 0 0.000197151 0.00414017 0.0128641 0.00837892 0.0270097 0.101434 0.158115 0.152841 0.127902 0.109271 0.109419 0.0830992 0.0579132 0.0238553 0.00714673 0.00463305 0.00128148 0.00103504 0.000492878 0.000147863 0.000147863 4.92878e-05 0
 0 0 0 0 0 0 0 0 0 0 0 0 0 0 0 0 0 0 0 0 0 0 0 0 0 0
 0 0 0 0 0 0 0 0.0054083 0.00873648 0.0413646 0.0450493 0.0745869 0.0622846 0.0627006 0.0613931 0.0827291 0.12552 0.122667 0.0946155 0.0697135 0.0546179 0.0294188 0.0215738 0.0213955 0.0102223 0.00600262
 0 0 0 0 0.00359764 0.0251062 0.0480494 0.140153 0.205849 0.193036 0.1447 0.116669 0.0760912 0.0342217 0.00950174 0.001854 0.000860785 0 0 0 0.000165536 0 0.000143464 0 0 0
 0 0 0 0 0 0 0 0.000145254 0.000435761 0.0275982 0.070085 0.0708112 0.156366 0.174668 0.174014 0.160142 0.0824315 0.0480064 0.0283245 0.00493863 0.00203355 0 0 0 0 0
 0 0 0 0 0 0 0 0 0 0 0 0 0 0 0 0 0 0 0 0 0 0 0 0 0 0
 0 0 1.00437e-05 0.000401748 0.00122533 0.00171747 0.00176769 0.0269171 0.070346 0.194647 0.189555 0.159765 0.064822 0.0314167 0.0384472 0.0292271 0.0345202 0.0313363 0.0194345 0.0106764 0.0143323 0.0359363 0.0279516 0.0138201 0.00172751 0
 0 0.0021121 0.0136068 0.0755702 0.200478 0.177729 0.0527432 0.0373336 0.0318909 0.0142505 0.0149659 0.0166563 0.0217959 0.0798694 0.0677717 0.0528807 0.04013 0.0224614 0.0357745 0.0225083 0.00881397 0.00855152 0.00135912 0.000746735 0 0
 0 0 0 0 5.4009e-05 0.00500934 0.000945158 0.0243581 0.138947 0.33067 0.221406 0.137944 0.0707744 0.0437923 0.0131692 0.00525238 0.0047753 0.00276346 9.45158e-05 9.00151e-06 2.25038e-05 9.00151e-06 4.50075e-06 0 0 0
 0.000866109 0.00284123 0.00948549 0.0512746 0.133035 0.25785 0.225252 0.132002 0.0553304 0.0519788 0.0540692 0.017754 0.00435017 0.00159236 0.00146478 0.000404838 0.000125132 0.000115318 0.000107957 0.000100596 0 0 0 0 0 0
 0 0 0 0 0.00144013 0.00171154 0.00461396 0.0210425 0.0478622 0.0707936 0.0888783 0.103762 0.0637923 0.0337046 0.0602308 0.124433 0.169614 0.0934646 0.0462172 0.0250306 0.0313229 0.00938855 0.002487 0.000210481 0 0
 0 0.00764035 0.051015 0.0998891 0.058973 0.0496711 0.0374665 0.0718981 0.12319 0.153886 0.159021 0.0857701 0.0377988 0.023471 0.0147837 0.00900784 0.00315554 0.000888139 0.00291439 0.00214683 0.00393193 0.00274676 0.000635225 9.99891e-05 0 0
 0 0 0 0 0 0 0 0 0 0 0 0 0 0 0 0 0 0 0 0 0 0 0 0 0 0
 0 0 0 0 0 0 0 0 0 0 0 0 0 0 0 0 0 0 0 0 0 0 0 0 0 0
 0 0 0 0 0 0 0 0 0 0 0 0 0 0 0 0 0 0 0 0 0 0 0 0 0 0
 0 0 0 0 0 0 0 0 0 0 0 0 0 0 0 0 0 0 0 0 0 0 0 0 0 0
 0 0 0 0 0 0 0 0 0 0 0 0 0 0 0 0 0 0 0 0 0 0 0 0 0 0
 0 0 0 0 0 0 0 0 0 0 0 0 0 0 0 0 0 0 0 0 0 0 0 0 0 0
 0 0 0 0 0 0 0 0 0 0 0 0 0 0 0 0 0 0 0 0 0 0 0 0 0 0
ppred_pel_tallas
 1.0875e-16 5.21868e-05 0.000507274 0.00337102 0.0153242 0.0476793 0.101587 0.148273 0.148296 0.101696 0.0480475 0.0163889 0.00604831 0.00636732 0.0112275 0.0186005 0.0270791 0.034671 0.0393813 0.0403088 0.0381515 0.0346376 0.0313579 0.0289367 0.0270408 0.0249694
 1.12534e-16 1.11095e-05 0.000107988 0.000717624 0.00326225 0.0101504 0.021629 0.0315817 0.0316467 0.0219464 0.0112164 0.0063417 0.00845015 0.0169973 0.0321142 0.0531472 0.0767368 0.0968851 0.107483 0.105742 0.0938449 0.0773989 0.0619844 0.0504953 0.0428224 0.0372868
 1.22548e-16 3.37864e-05 0.000328415 0.00218244 0.00992105 0.0308681 0.0657683 0.0959938 0.0960081 0.0658383 0.0311044 0.0106105 0.00393896 0.00424923 0.0077339 0.0133972 0.0208539 0.0294965 0.0386562 0.0479501 0.0572458 0.0661665 0.0736252 0.0779588 0.077693 0.0723775
 1.10981e-16 5.93566e-05 0.000576967 0.00383415 0.0174295 0.0542297 0.115543 0.168641 0.168657 0.11562 0.0544895 0.0181802 0.00572049 0.00470201 0.00791601 0.0130562 0.0189641 0.0242221 0.0274675 0.028173 0.027 0.0253484 0.0244388 0.0246275 0.0253744 0.0257288
 1.06132e-16 4.31685e-05 0.000419613 0.00278848 0.012676 0.0394401 0.0840327 0.122656 0.122695 0.0842213 0.0400732 0.0145045 0.00737736 0.0104347 0.0190565 0.0314181 0.0452156 0.0567846 0.062426 0.0604571 0.0522312 0.0412387 0.0310322 0.0235763 0.0189697 0.0162319
 1.05441e-16 5.0457e-05 0.00049046 0.00325928 0.0148162 0.0460989 0.0982196 0.14336 0.143386 0.098346 0.0465235 0.0160438 0.00634546 0.00724349 0.0129222 0.0214043 0.0311108 0.0397098 0.0448367 0.0453692 0.0420318 0.0367771 0.0314853 0.0270376 0.0233155 0.0198169
 1.07643e-16 3.42363e-05 0.000332789 0.0022115 0.0100532 0.0312795 0.0666458 0.0972805 0.0973235 0.0668561 0.0319859 0.0120945 0.00733843 0.0115346 0.0213374 0.0352972 0.0510246 0.0645505 0.0718444 0.0710505 0.063564 0.0530039 0.0429502 0.0352265 0.0297379 0.0254424
 1.14733e-16 2.37253e-05 0.000230618 0.00153254 0.00696673 0.0216763 0.0461851 0.0674172 0.0674584 0.0463864 0.0223527 0.00892377 0.00645774 0.0110247 0.0206482 0.0344248 0.0503538 0.064931 0.07456 0.0775446 0.0749665 0.0696486 0.0641136 0.059229 0.0543758 0.0485682
 1.23527e-16 2.79e-05 0.000271198 0.0018022 0.00819258 0.0254903 0.0543108 0.0792743 0.0793032 0.0544522 0.025966 0.00957067 0.00527712 0.00790956 0.0146907 0.0246568 0.0365009 0.0480057 0.056931 0.0623098 0.0649291 0.0664841 0.0681137 0.0695509 0.0694648 0.0665144
 1.14675e-16 5.28375e-05 0.000513599 0.00341305 0.0155152 0.0482737 0.102853 0.150121 0.150138 0.10294 0.0485663 0.0163616 0.00554303 0.0051822 0.00897603 0.0149083 0.0218408 0.0282745 0.0327457 0.0346659 0.034677 0.0341407 0.034161 0.0349128 0.0356987 0.0355249
 1.05403e-16 5.72588e-05 0.000556576 0.00369865 0.0168135 0.0523132 0.11146 0.162684 0.162707 0.111573 0.0526927 0.0179097 0.00645048 0.00656497 0.0114719 0.0188854 0.0272278 0.0343079 0.0379422 0.0371512 0.0327536 0.0268125 0.0213857 0.0175465 0.0152414 0.0137943
 1.03653e-16 5.02278e-05 0.000488232 0.00324448 0.0147489 0.0458896 0.0977737 0.14271 0.142741 0.0979248 0.0463967 0.016214 0.00692263 0.00851994 0.0153105 0.0252491 0.0364072 0.0458652 0.0506744 0.0494667 0.0432525 0.0347052 0.0265349 0.0202266 0.0158717 0.0128117
 1.04347e-16 4.86138e-05 0.000472543 0.00314022 0.014275 0.0444149 0.0946319 0.138124 0.138155 0.0947797 0.0449116 0.0157103 0.00674561 0.00835192 0.0150386 0.0248519 0.0359508 0.0455322 0.0507568 0.050294 0.0450731 0.0375728 0.0302582 0.0244083 0.0200205 0.0164816
 1.05116e-16 4.82992e-05 0.000469485 0.0031199 0.0141826 0.0441275 0.0940195 0.13723 0.13726 0.0941657 0.0446188 0.0156025 0.00668675 0.00826543 0.0148821 0.0245998 0.0356035 0.0451319 0.0503916 0.0500825 0.0451341 0.0379952 0.0310805 0.0256105 0.0215256 0.0181655
 1.04146e-16 5.58952e-05 0.000543321 0.00361056 0.0164131 0.0510674 0.108805 0.158809 0.158833 0.108919 0.0514495 0.0175174 0.0063845 0.00660592 0.0115907 0.0191279 0.0276773 0.0350749 0.0391465 0.0388832 0.0350148 0.0294558 0.0240947 0.0198864 0.0167813 0.0142525
 1.01642e-16 6.84676e-05 0.000665529 0.00442268 0.0201049 0.0625537 0.133278 0.194526 0.194539 0.133343 0.062771 0.0207324 0.00599827 0.00410623 0.0066064 0.0108223 0.0156044 0.019667 0.0217478 0.0212635 0.0186482 0.0150444 0.0116052 0.00895493 0.0071197 0.0058082
 1.02334e-16 3.74003e-05 0.000363544 0.00241588 0.0109823 0.0341702 0.0728049 0.106271 0.106319 0.0730389 0.0349555 0.0132501 0.00810586 0.0127764 0.0235868 0.0388692 0.0558347 0.0698872 0.0763627 0.073104 0.0617557 0.0466781 0.0323903 0.0215179 0.0144181 0.0101047
 1.03294e-16 6.2512e-05 0.000607639 0.00403797 0.018356 0.0571126 0.121685 0.177606 0.17762 0.121757 0.0573542 0.0190551 0.00579718 0.00446273 0.00742709 0.0122914 0.0179596 0.0231224 0.0264668 0.0273516 0.0261238 0.0237644 0.0211805 0.0187393 0.0163284 0.0137308
 1.03592e-16 4.52373e-05 0.000439722 0.00292211 0.0132835 0.0413301 0.0880596 0.128533 0.128571 0.0882433 0.0419467 0.0150641 0.00739058 0.0101908 0.0185537 0.0305743 0.0439771 0.0551761 0.0605498 0.0584385 0.0501415 0.039046 0.0286123 0.0207753 0.0156809 0.012454
 1.06187e-16 4.02512e-05 0.000391256 0.00260004 0.0118194 0.0367748 0.0783538 0.114367 0.114403 0.0785268 0.0373558 0.013499 0.00682154 0.00962506 0.0176302 0.0292212 0.0424118 0.0540011 0.0607221 0.0610228 0.0559116 0.0481199 0.0403145 0.0338037 0.0285044 0.0237595
 1.06038e-16 5.41867e-05 0.000526714 0.0035002 0.0159114 0.0495065 0.10548 0.153955 0.153977 0.105587 0.0498668 0.0169533 0.00611974 0.00625927 0.0109829 0.0181807 0.0264427 0.0337973 0.0382638 0.0389244 0.0364272 0.032443 0.0285411 0.0253911 0.0227733 0.0201358
 1.04909e-16 4.94889e-05 0.00048105 0.00319675 0.014532 0.0452145 0.0963354 0.140611 0.140641 0.0964854 0.045718 0.0159864 0.00684841 0.00845575 0.0152041 0.025082 0.0361865 0.0456354 0.0505241 0.0495214 0.0436531 0.0355782 0.0279608 0.0222111 0.0183272 0.0155604
 1.08441e-16 2.41724e-05 0.000234965 0.00156142 0.00709804 0.0220849 0.0470562 0.0686906 0.0687422 0.0473081 0.0229312 0.00954351 0.00770469 0.0136617 0.0255705 0.0423567 0.061298 0.077677 0.0866736 0.0860345 0.0773507 0.0648416 0.0526882 0.0430355 0.0358352 0.0299969
 1.109e-16 4.92603e-05 0.000478828 0.00318198 0.0144648 0.0450055 0.0958897 0.139958 0.139976 0.0959775 0.0453009 0.015321 0.00534225 0.0052319 0.00918568 0.015395 0.0228462 0.0301473 0.0358846 0.0393792 0.0409761 0.0415518 0.0416817 0.0412067 0.0394972 0.0360715
 1.09407e-16 4.22138e-05 0.000410333 0.00272681 0.0123957 0.0385678 0.0821741 0.119943 0.119978 0.0823466 0.0391473 0.01407 0.00693075 0.00959214 0.0174945 0.0288953 0.0417231 0.0527039 0.0585486 0.0577984 0.0517114 0.0433952 0.0358885 0.0306794 0.0275309 0.0253061
 1.1175e-16 2.87283e-05 0.00027925 0.00185571 0.00843583 0.0262472 0.0559241 0.0816318 0.0816747 0.0561337 0.0269513 0.0104714 0.00697266 0.0114743 0.0213628 0.0354621 0.0515291 0.0657408 0.0741953 0.0750753 0.069656 0.0612635 0.0530801 0.0465613 0.0414054 0.0365875
 1.10632e-16 5.06172e-05 0.000492017 0.00326963 0.0148633 0.0462452 0.0985311 0.143813 0.143833 0.0986263 0.0465655 0.0157906 0.00560566 0.00561906 0.00986898 0.0164493 0.0241961 0.0314978 0.0367358 0.0391684 0.0393023 0.0383683 0.0373535 0.0363999 0.0349582 0.0323967
 1.07921e-16 4.53284e-05 0.000440608 0.002928 0.0133103 0.0414134 0.0882368 0.128791 0.128824 0.0883986 0.0419569 0.0148806 0.00687102 0.00905243 0.0164136 0.0270987 0.0391211 0.0493966 0.0548248 0.0540148 0.0481227 0.0400485 0.0326513 0.0273706 0.024058 0.02173
 1.10915e-16 2.46498e-05 0.000239604 0.00159226 0.0072382 0.022521 0.0479851 0.0700458 0.0700941 0.048221 0.0233134 0.00952864 0.00734813 0.0128265 0.0239937 0.0397956 0.0577187 0.0734107 0.0824254 0.0826901 0.0756682 0.065202 0.055028 0.0469532 0.0407673 0.0353687
 1.17584e-16 3.26692e-05 0.000317557 0.00211028 0.00959303 0.0298476 0.0635945 0.0928238 0.092851 0.0637279 0.0302963 0.0108933 0.00538979 0.00752926 0.0138839 0.0233086 0.0345328 0.0454515 0.053909 0.0588976 0.0610132 0.0617 0.0619483 0.0615802 0.0596061 0.0551617
 1.07451e-16 6.40562e-05 0.000622649 0.00413772 0.0188095 0.0585234 0.124691 0.181992 0.182005 0.124751 0.0587254 0.0193937 0.00560709 0.00383995 0.00620341 0.0102325 0.0149243 0.0191835 0.021954 0.0227927 0.0221316 0.0209414 0.0200623 0.019731 0.0195961 0.019085
pSPR Fmed_Fpbrs
0.701094   0.285572 0.285572
Fs Fmed_Fpbrs
0.227171   1.005 1.005
SSBpbr Bo_Bmed_Bpbrs
2.01469e+06  1.31175e+06  474605 474605
Ro
214207
SPR SPRFo_SPRFmed_SPRFpbrs
1.53114e+06 1.07347e+06 437251
Fref
1.005
Nvult_r0
 352539 31896.4 11085.7 9152.37 3692.27
CTP_r0
 25435.6 4292.9 1492.01 1231.81 496.939
YTP_r0
391146
Np
 306461 181900 14660.5 5095.28 5531.34
Nvult_p0
 238251 157406 12686.3 4409.15 4786.49
CTP_p0
 79681.3 78899 6358.96 2210.07 2399.21
YTP_p0
 2.1665e+06
CBA_c0
923752
log_Ro
12.0947
likeval ReclasPelacesDesembMPH_pf_preclas_ppelaces_ptallas_desvR_qrecl_qpela
 19.7622 19.509 0.986035 0.00323082 252.577 138.786 104.476 0 24.0543 0 0 4.04035 0 0 0
q_reclas_q_pelaces
1 1
M
1
N
 478798 94343.7 34707.1 12768 7430.7
 58366.6 160908 28963.8 10655.2 6201.06
 100241 19051.5 46601.4 8388.38 4881.84
 250485 33053.7 5630.82 13773.4 3922.12
 193005 76968.2 8483.48 1445.19 4541.7
 281669 67456.2 25557.2 2816.93 1987.94
 144650 92561.4 19801.5 7502.23 1410.45
 56873.1 43034.2 22269.9 4764.15 2144.35
 41177.8 20252.9 14834.3 7676.62 2381.42
 78674.1 13170.6 5632.05 4125.22 2797.01
 133081 23952.7 3318.52 1419.08 1744.15
 146499 46537.3 7961.95 1103.09 1051.47
 134917 42891.4 10843.5 1855.18 502.025
 114572 39944 10219.6 2583.65 561.647
 145281 30186.9 7537.44 1928.45 593.518
 444565 44243.9 7610.33 1900.24 635.804
 218611 130614 10381.4 1785.69 595.058
 647900 72416 38959.2 3096.54 710.124
 501037 208077 20303 10922.9 1067.26
 356742 152720 52549.9 5127.53 3028.11
 585570 111659 40669.6 13994.1 2171.86
 633015 190688 32186.8 11723.4 4659.99
 204837 199331 51397.5 8675.53 4415.93
 421333 69462.6 62309.5 16066.5 4092.29
 373307 142381 21562.6 19342.1 6257.68
 189944 126932 44746.3 6776.49 8045.27
 376644 65757.8 41353 14577.8 4828.76
 384218 127572 20506.3 12895.8 6051.88
 149448 131171 40417.5 6496.86 6003.04
 137226 51715 42696.1 13155.9 4068.71
 534440 46556.9 16181 13359.1 5389.35
pred_Ctot
 26368.1 10015.4 3684.46 1355.44 788.833
 4199.77 22064.2 3971.6 1461.07 850.309
 6627.94 2410.11 5895.31 1061.17 617.577
 26469.4 6504.03 1107.99 2710.22 771.762
 6119.07 4778.51 526.69 89.7236 281.968
 19178.3 8775.79 3324.9 366.472 258.624
 17796.4 20951.6 4482.14 1698.16 319.261
 1153.64 1722.48 891.371 190.689 85.8296
 3437.56 3196.71 2341.44 1211.68 375.884
 8707.43 2704.97 1156.7 847.233 574.446
 4176.27 1472.26 203.974 87.2239 107.205
 19260.2 11190.5 1914.55 265.251 252.838
 16945.9 9893.82 2501.28 427.938 115.803
 21118.4 12973.5 3319.25 839.147 182.418
 16057.1 6191.85 1546.05 395.556 121.74
 57633.3 10504.3 1806.82 451.149 150.951
 13875.7 15890.1 1262.98 217.242 72.3932
 52596.4 11132.6 5989.25 476.035 109.168
 55138.8 42510.6 4147.96 2231.57 218.044
 34089 27364.4 9415.9 918.753 542.578
 42920.4 15582.3 5675.54 1952.91 303.088
 58370.3 33046.9 5578.09 2031.71 807.594
 10193.2 19189.6 4948.02 835.191 425.121
 21833.1 6953.86 6237.77 1608.41 409.677
 17985.7 13285.1 2011.93 1804.75 583.884
 7112.63 9271.83 3268.52 494.993 587.672
 19008.4 6417.14 4035.54 1422.62 471.227
 17590.3 11329.3 1821.12 1145.24 537.453
 5636.1 9648.07 2972.84 477.865 441.543
 6790.56 4951.69 4088.14 1259.67 389.577
 25435.6 4292.9 1492.01 1231.81 496.939
F
 0.0904496 0.180899 0.180899 0.180899 0.180899
 0.119599 0.239199 0.239199 0.239199 0.239199
 0.109445 0.218891 0.218891 0.218891 0.218891
 0.180006 0.360012 0.360012 0.360012 0.360012
 0.0512359 0.102472 0.102472 0.102472 0.102472
 0.11286 0.225721 0.225721 0.225721 0.225721
 0.212319 0.424638 0.424638 0.424638 0.424638
 0.0325273 0.0650547 0.0650547 0.0650547 0.0650547
 0.139911 0.279822 0.279822 0.279822 0.279822
 0.189234 0.378469 0.378469 0.378469 0.378469
 0.050703 0.101406 0.101406 0.101406 0.101406
 0.228345 0.456691 0.456691 0.456691 0.456691
 0.21718 0.43436 0.43436 0.43436 0.43436
 0.333798 0.667596 0.667596 0.667596 0.667596
 0.188951 0.377903 0.377903 0.377903 0.377903
 0.224851 0.449702 0.449702 0.449702 0.449702
 0.104865 0.209731 0.209731 0.209731 0.209731
 0.135828 0.271657 0.271657 0.271657 0.271657
 0.188073 0.376145 0.376145 0.376145 0.376145
 0.161564 0.323128 0.323128 0.323128 0.323128
 0.121947 0.243893 0.243893 0.243893 0.243893
 0.155524 0.311049 0.311049 0.311049 0.311049
 0.0814275 0.162855 0.162855 0.162855 0.162855
 0.0849146 0.169829 0.169829 0.169829 0.169829
 0.0787501 0.1575 0.1575 0.1575 0.1575
 0.0607533 0.121507 0.121507 0.121507 0.121507
 0.0826221 0.165244 0.165244 0.165244 0.165244
 0.0747073 0.149415 0.149415 0.149415 0.149415
 0.0611977 0.122395 0.122395 0.122395 0.122395
 0.0809567 0.161913 0.161913 0.161913 0.161913
 0.07776 0.15552 0.15552 0.15552 0.15552
nmprior
 8.19 8.8 8.5 0
nm_flota  nm_reclas  nm_pelaces    nm_pelaL
inf 6.73859 9.22216 17.959
cv_recla  cv_pelaces  cv_mph
0.402108 0.500829 1.75413
 ------------------------------------------------
Talla a la edad & desviaci?n 
 8 13.2811 15.8009 17.003 17.5766
 0.8 1.32811 1.58009 1.7003 1.75766
