    unsorted:	 2.375529545e-06 2.208224551e-06 6.062013805e-05 4.968444357e-05 9.323019265e-05 0.001099993784 4.279176714 13.58697234 55.20514285 69.13682726 165.0269104 231.3112896 257.7690611 322.1115241 780.8894177 829.0946540 852.8757816 926.7958473 616.8534508 501.2183795 975.3771754 1076.784010 1201.409644 1160.862334 1445.207154 1432.153445 1713.576422 1869.955084 2011.526906 2062.493718 2279.769693 2379.590610 2538.582169 2497.649971 2606.081032 2670.261648 2881.349521 3206.425604 3273.871114 3306.119494 3869.121916 4013.097600 4353.978897 8110.939700 39665.72486 395032.0368 391284.8456 403347.8290 379135.4616 365741.4332 420523.2787 441773.6717 448544.6442 455211.8919 342205.1995 158319.3334 282624.1328 503466.3089 584646.5110 599402.3167 644074.1129 656113.4374 682851.1674 913443.3329 985672.6887 1062376.823 1154615.326 1335467.174 1433766.430 1621936.150 1738881.938 2335449.409 2389718.250 2650538.114 2730501.823 2968013.233 3262160.084
      sorted:	 2.208224551e-06 2.375529545e-06 4.968444357e-05 6.062013805e-05 9.323019265e-05 0.001099993784 4.279176714 13.58697234 55.20514285 69.13682726 165.0269104 231.3112896 257.7690611 322.1115241 501.2183795 616.8534508 780.8894177 829.0946540 852.8757816 926.7958473 975.3771754 1076.784010 1160.862334 1201.409644 1432.153445 1445.207154 1713.576422 1869.955084 2011.526906 2062.493718 2279.769693 2379.590610 2497.649971 2538.582169 2606.081032 2670.261648 2881.349521 3206.425604 3273.871114 3306.119494 3869.121916 4013.097600 4353.978897 8110.939700 39665.72486 158319.3334 282624.1328 342205.1995 365741.4332 379135.4616 391284.8456 395032.0368 403347.8290 420523.2787 441773.6717 448544.6442 455211.8919 503466.3089 584646.5110 599402.3167 644074.1129 656113.4374 682851.1674 913443.3329 985672.6887 1062376.823 1154615.326 1335467.174 1433766.430 1621936.150 1738881.938 2335449.409 2389718.250 2650538.114 2730501.823 2968013.233 3262160.084
