years
 1991 1992 1993 1994 1995 1996 1997 1998 1999 2000 2001 2002 2003 2004 2005 2006 2007 2008 2009 2010 2011 2012 2013 2014 2015 2016 2017 2018 2019 2020 2021
reclasobs
 0 0 0 0 0 0 0 0 0 252601 567819 844713 477998 351125 339783 2.1784e+06 2.13404e+06 4.81314e+06 1.55562e+06 2.62356e+06 3.21686e+06 3.843e+06 1.13348e+06 3.07943e+06 1.97215e+06 2.03268e+06 2.025e+06 2.42433e+06 2.27542e+06 1.05018e+06 2.36338e+06
reclaspred
 3.01386e+06 1.656e+06 831950 735646 679179 1.21177e+06 667552 562735 418158 307873 446556 615043 604878 450753 447815 1.40142e+06 1.3033e+06 3.09532e+06 2.54353e+06 1.85169e+06 3.30021e+06 2.67842e+06 2.05085e+06 3.18834e+06 2.35145e+06 2.04527e+06 2.50659e+06 2.7615e+06 2.23042e+06 1.33412e+06 1.92257e+06
pelacesobs
 0 0 0 0 0 0 0 0 0 0 0 0 0 0 0 552880 188675 0 991730 2.46772e+06 1.41603e+06 1.21717e+06 2.29649e+06 1.80582e+06 0 1.4828e+06 1.56532e+06 1.57751e+06 1.42118e+06 867257 1.10002e+06
pelacespred
 1.29238e+06 781036 386770 276927 275642 507427 237535 271713 183061 126306 198366 229225 249956 192092 197773 527579 493665 1.36678e+06 1.14761e+06 772604 1.35244e+06 1.17194e+06 901707 1.54445e+06 1.09264e+06 949545 1.33013e+06 1.44316e+06 959503 652527 922192
mphobs
 0 0 0 0 0 0 0 0 0 0 0 498337 0 5186 125008 0 168611 109162 213762 579715 649985 157893 87575 83554 0 0 0 0 0 0 0
mphpred
 2.47404e+06 1.63838e+06 794535 430341 394814 431234 620205 322977 288747 192375 131283 288473 318354 262124 164047 210807 877224 792507 1.673e+06 1.24591e+06 1.30218e+06 1.6341e+06 1.54711e+06 1.22841e+06 1.73263e+06 1.40111e+06 1.13338e+06 1.25824e+06 1.83012e+06 1.20906e+06 709475
desembarqueobs
 494567 514787 250237 358949 120608 361735 552515 73892 212993 205616 52469 317467 293654 387597 252695 516296 358380 742168 942051 627588 828172 859565 418607 520667 417249 300574 407403 355545 319650 289779 391294
desembarquepred
 494567 513966 250501 358984 120613 361724 552462 73895.8 213027 205644 52471.1 317507 293676 387560 252663 516209 358390 742020 941713 627369 828195 859502 418597 520677 417232 300561 407385 355517 319628 289771 391284
Reclutas
 173933 98660.2 98771.9 125594 101932 214874 79784.7 32795.3 36395.9 51962.1 98424.8 135727 111413 77326 73901 455332 82863.5 691122 393093 294966 446914 589756 110842 355564 289701 128482 306226 350328 92938.4 65083.6 263678
log_desv_Rt
 0.138008 -0.428983 -0.427851 -0.187613 -0.396356 0.349389 -0.641333 -1.53038 -1.42621 -1.07015 -0.431372 -0.110019 -0.30742 -0.672635 -0.717938 1.10036 -0.60347 1.51765 0.953381 0.666197 1.0817 1.35904 -0.312561 0.85304 0.648183 -0.164876 0.703658 0.838204 -0.488728 -0.844992 0.554065
SSB
 2.47404e+06 1.63838e+06 794535 430341 394814 431234 620205 322977 288747 192375 131283 288473 318354 262124 164047 210807 877224 792507 1.673e+06 1.24591e+06 1.30218e+06 1.6341e+06 1.54711e+06 1.22841e+06 1.73263e+06 1.40111e+06 1.13338e+06 1.25824e+06 1.83012e+06 1.20906e+06 709475
BT
 3.40192e+06 2.30905e+06 1.13843e+06 939827 733096 1.48122e+06 1.0383e+06 693020 632919 487627 502247 792464 842189 845095 709642 1.63286e+06 1.41833e+06 3.80927e+06 3.55053e+06 2.34956e+06 3.79064e+06 3.50746e+06 2.44473e+06 4.04781e+06 2.90901e+06 2.45785e+06 3.48509e+06 3.68589e+06 2.47789e+06 1.79051e+06 2.50134e+06
Ftot
 0.172986 0.319465 0.315269 0.542867 0.200862 0.360486 0.840089 0.148089 0.569074 0.740703 0.150196 0.594451 0.553313 0.959282 0.685377 0.481435 0.297299 0.3019 0.416267 0.381768 0.293386 0.370377 0.219004 0.198353 0.198279 0.162099 0.196292 0.158144 0.150061 0.229275 0.251314
BD_Bspro_t
 0.972801 0.809568 0.622779 0.52074 0.474579 0.550308 0.555148 0.350679 0.403423 0.355342 0.332536 0.605493 0.493046 0.399542 0.285478 0.342576 0.570678 0.532553 0.646569 0.546697 0.512787 0.566105 0.58229 0.566303 0.676379 0.681653 0.686205 0.732096 0.786232 0.711186 0.627504
BD_Bspro
 2.28444 1.51282 0.733645 0.397361 0.364557 0.398186 0.572675 0.298225 0.266619 0.177632 0.121222 0.266366 0.293957 0.242036 0.151475 0.194651 0.809997 0.731773 1.54479 1.15043 1.20238 1.50886 1.42855 1.13426 1.59985 1.29373 1.04653 1.16182 1.68987 1.1164 0.655104
BD_Bo
 1.43008 0.947039 0.459268 0.248752 0.228216 0.249268 0.3585 0.186692 0.166906 0.111199 0.0758861 0.166747 0.18402 0.151517 0.094825 0.121853 0.507066 0.458096 0.967051 0.720177 0.752702 0.944563 0.894285 0.71006 1.00152 0.809889 0.655134 0.727307 1.05787 0.698876 0.410101
BD_Brms
 7.78126 5.15297 2.49894 1.35349 1.24176 1.3563 1.95065 1.01582 0.908159 0.60505 0.412907 0.907296 1.00128 0.824424 0.515956 0.663022 2.75902 2.49257 5.26186 3.91859 4.09556 5.1395 4.86593 3.86354 5.44941 4.40672 3.56468 3.95738 5.75603 3.80268 2.23142
Sel_flota
 0.707021 0.978656 0.998853 0.99994 0.999997
 0.707021 0.978656 0.998853 0.99994 0.999997
 0.707021 0.978656 0.998853 0.99994 0.999997
 0.707021 0.978656 0.998853 0.99994 0.999997
 0.707021 0.978656 0.998853 0.99994 0.999997
 0.707021 0.978656 0.998853 0.99994 0.999997
 0.707021 0.978656 0.998853 0.99994 0.999997
 0.707021 0.978656 0.998853 0.99994 0.999997
 0.707021 0.978656 0.998853 0.99994 0.999997
 0.707021 0.978656 0.998853 0.99994 0.999997
 0.707021 0.978656 0.998853 0.99994 0.999997
 0.707021 0.978656 0.998853 0.99994 0.999997
 0.707021 0.978656 0.998853 0.99994 0.999997
 0.707021 0.978656 0.998853 0.99994 0.999997
 0.707021 0.978656 0.998853 0.99994 0.999997
 0.707021 0.978656 0.998853 0.99994 0.999997
 0.707021 0.978656 0.998853 0.99994 0.999997
 0.707021 0.978656 0.998853 0.99994 0.999997
 0.707021 0.978656 0.998853 0.99994 0.999997
 0.707021 0.978656 0.998853 0.99994 0.999997
 0.707021 0.978656 0.998853 0.99994 0.999997
 0.707021 0.978656 0.998853 0.99994 0.999997
 0.707021 0.978656 0.998853 0.99994 0.999997
 0.707021 0.978656 0.998853 0.99994 0.999997
 0.707021 0.978656 0.998853 0.99994 0.999997
 0.707021 0.978656 0.998853 0.99994 0.999997
 0.707021 0.978656 0.998853 0.99994 0.999997
 0.707021 0.978656 0.998853 0.99994 0.999997
 0.707021 0.978656 0.998853 0.99994 0.999997
 0.707021 0.978656 0.998853 0.99994 0.999997
 0.707021 0.978656 0.998853 0.99994 0.999997
Sel_reclas
 1 1 1 1 1
 1 1 1 1 1
 1 1 1 1 1
 1 1 1 1 1
 1 1 1 1 1
 1 1 1 1 1
 1 1 1 1 1
 1 1 1 1 1
 1 1 1 1 1
 1 1 1 1 1
 1 1 1 1 1
 1 1 1 1 1
 1 1 1 1 1
 1 1 1 1 1
 1 1 1 1 1
 1 1 1 1 1
 1 1 1 1 1
 1 1 1 1 1
 1 1 1 1 1
 1 1 1 1 1
 1 1 1 1 1
 1 1 1 1 1
 1 1 1 1 1
 1 1 1 1 1
 1 1 1 1 1
 1 1 1 1 1
 1 1 1 1 1
 1 1 1 1 1
 1 1 1 1 1
 1 1 1 1 1
 1 1 1 1 1
Sel_pelaces
 1 1 1 1 1
 1 1 1 1 1
 1 1 1 1 1
 1 1 1 1 1
 1 1 1 1 1
 1 1 1 1 1
 1 1 1 1 1
 1 1 1 1 1
 1 1 1 1 1
 1 1 1 1 1
 1 1 1 1 1
 1 1 1 1 1
 1 1 1 1 1
 1 1 1 1 1
 1 1 1 1 1
 1 1 1 1 1
 1 1 1 1 1
 1 1 1 1 1
 1 1 1 1 1
 1 1 1 1 1
 1 1 1 1 1
 1 1 1 1 1
 1 1 1 1 1
 1 1 1 1 1
 1 1 1 1 1
 1 1 1 1 1
 1 1 1 1 1
 1 1 1 1 1
 1 1 1 1 1
 1 1 1 1 1
 1 1 1 1 1
pf_obs 
 0.8446 0.082 0.0669 0.0065 0
 0.8095 0.147 0.0364 0.0071 0
 0.9664 0.0169 0.016 0.0007 0
 0.9276 0.0648 0.0075 0.0001 0
 0.7033 0.2144 0.0806 0.0017 0
 0.9318 0.0425 0.0243 0.0014 0
 0.5671 0.3108 0.0964 0.0239 0.0018
 0.0768 0.2599 0.5324 0.112 0.0189
 0.490249 0.384438 0.106611 0.0170017 0.00170017
 0.7925 0.1577 0.0466 0.003 0.0002
 0.840416 0.127587 0.0312969 0.00059994 9.999e-05
 0.8084 0.0986 0.0794 0.0134 0.0002
 0.7335 0.1905 0.0724 0.0035 0.0001
 0.4001 0.4547 0.1325 0.0127 0
 0.49795 0.308269 0.164784 0.0264974 0.00249975
 0.9179 0.0499 0.0305 0.0017 0
 0.2467 0.6533 0.0926 0.0074 0
 0.9418 0.0223 0.034 0.0019 0
 0.707729 0.231977 0.0356964 0.0245975 0
 0.517169 0.277429 0.184464 0.0207286 0.00020938
 0.811772 0.124168 0.05621 0.00726502 0.000585176
 0.764997 0.148141 0.077277 0.00933861 0.000247198
 0.163321 0.427699 0.378323 0.0303852 0.000271297
 0.753843 0.0900009 0.118128 0.0371064 0.000921714
 0.721811 0.176058 0.0630433 0.0369309 0.00215725
 0.143369 0.312575 0.442814 0.0836902 0.0175525
 0.692698 0.0596174 0.167031 0.0765114 0.00414204
 0.394062 0.376323 0.152708 0.0712218 0.00568511
 0.125707 0.32114 0.495352 0.0537591 0.00404204
 0.23352 0.215282 0.420074 0.123614 0.00750983
 0.774587 0.0839891 0.0768558 0.0609784 0.00358967
pf_pred 
 0.441994 0.145344 0.385574 0.0270867 8.65159e-07
 0.40824 0.313316 0.0736929 0.191326 0.0134257
 0.560348 0.219787 0.117741 0.0270528 0.0750707
 0.681838 0.20651 0.0564867 0.0295597 0.0256055
 0.645996 0.270091 0.054979 0.0146486 0.0142854
 0.781322 0.157549 0.0468845 0.0093368 0.00490782
 0.461696 0.451591 0.0628969 0.0182715 0.00554405
 0.460799 0.310055 0.193178 0.0261014 0.00986692
 0.583613 0.227373 0.109681 0.0668927 0.0124405
 0.754501 0.167047 0.0433725 0.0203685 0.0147115
 0.840787 0.131675 0.0189145 0.00477089 0.00385263
 0.73825 0.23058 0.025875 0.00363819 0.00165679
 0.677937 0.260831 0.0541135 0.00591013 0.00120765
 0.627073 0.283491 0.0727987 0.0147056 0.00193152
 0.743719 0.187594 0.0526189 0.0130832 0.0029848
 0.944093 0.0456917 0.00753482 0.00205447 0.000626405
 0.332782 0.641546 0.0210792 0.00338861 0.001204
 0.896772 0.0429465 0.0580131 0.00186259 0.000405304
 0.572434 0.396097 0.0132701 0.0175144 0.000683833
 0.576785 0.279979 0.13294 0.00434527 0.00595111
 0.72806 0.180966 0.0606771 0.0281224 0.00217522
 0.724793 0.218465 0.0380547 0.0124685 0.00621813
 0.280242 0.570498 0.119079 0.0202505 0.00993095
 0.727437 0.0967753 0.139974 0.0285785 0.00723478
 0.598276 0.317978 0.0301588 0.0426797 0.010907
 0.408585 0.400518 0.151808 0.0140878 0.025002
 0.725339 0.135236 0.0950776 0.0352751 0.00907245
 0.674576 0.256818 0.0341595 0.0234984 0.0109476
 0.305801 0.516225 0.141098 0.0183718 0.0185046
 0.374221 0.238661 0.289449 0.0774512 0.0202186
 0.815937 0.0848508 0.0383666 0.0455083 0.0153377
pobs_RECLAS
 0 0 0 0 0
 0 0 0 0 0
 0 0 0 0 0
 0 0 0 0 0
 0 0 0 0 0
 0 0 0 0 0
 0 0 0 0 0
 0 0 0 0 0
 0 0 0 0 0
 0 0 0 0 0
 0.991045 0.00858322 0.000360255 1.14367e-05 0
 0.934742 0.0480273 0.0164251 0.00080598 0
 0.827803 0.169806 0.00239088 0 0
 0.941827 0.0461693 0.0120037 0 0
 0.791401 0.0380133 0.147996 0.0225897 0
 0.846168 0.0940531 0.0597789 0 0
 0.134021 0.677848 0.182769 0.00536245 0
 0.80878 0.0450904 0.141981 0.00414843 0
 0.846168 0.0940531 0.0597789 0 0
 0.905697 0.0802665 0.012482 0.00150086 5.37128e-05
 0.989698 0.0102097 9.19794e-05 0 0
 0.975433 0.0193895 0.00387452 0.00125025 5.28907e-05
 0.303575 0.632131 0.0575291 0.00676475 0
 0.966965 0.00978017 0.0227588 0.000495775 0
 0.843318 0.132988 0.00938335 0.0141283 0.000182051
 0.564624 0.303363 0.111486 0.0197234 0.00080311
 0.826376 0.0876187 0.0782897 0.00655872 0.00115652
 0.89761 0.0855135 0.0140674 0.00269457 0.000114338
 0.34875 0.467042 0.161289 0.0227151 0.000203297
 0.318654 0.224769 0.449479 0.00709798 0
 0.937255 0.0296025 0.0250945 0.00804832 0
ppred_RECLAS
 0.527921 0.124867 0.324444 0.0227671 7.27147e-07
 0.49327 0.271064 0.0624229 0.161884 0.011359
 0.642737 0.180533 0.094693 0.0217327 0.0603041
 0.752586 0.161846 0.043316 0.0226412 0.0196113
 0.718452 0.215884 0.0430393 0.0114547 0.01117
 0.834079 0.120254 0.0350345 0.00696905 0.00366301
 0.551395 0.377739 0.0514206 0.0149195 0.00452666
 0.545005 0.263952 0.161084 0.021741 0.00821811
 0.666241 0.184101 0.0868862 0.0529291 0.00984301
 0.814767 0.126963 0.0322321 0.0151186 0.010919
 0.880437 0.0992407 0.0139632 0.00351813 0.00284082
 0.799649 0.176954 0.0194261 0.00272824 0.00124234
 0.748627 0.204425 0.041496 0.00452682 0.000924936
 0.708413 0.222906 0.0559174 0.0112815 0.00148167
 0.805341 0.143344 0.0393213 0.00976525 0.00222771
 0.959707 0.0330613 0.00533559 0.00145315 0.000443036
 0.410598 0.567184 0.0182475 0.00293012 0.00104103
 0.924674 0.0317255 0.0419619 0.00134574 0.000292818
 0.652687 0.322268 0.0105683 0.0139325 0.000543947
 0.657684 0.228092 0.106022 0.0034615 0.00474045
 0.790031 0.140724 0.0462015 0.0213893 0.00165433
 0.787279 0.169611 0.0289234 0.00946591 0.00472045
 0.352501 0.515455 0.105368 0.0178989 0.00877724
 0.790083 0.0755472 0.107019 0.0218259 0.00552499
 0.675459 0.258031 0.0239689 0.0338824 0.00865833
 0.491527 0.34667 0.128701 0.0119303 0.0211718
 0.787843 0.105583 0.0727011 0.0269432 0.00692917
 0.743168 0.203591 0.0265242 0.0182259 0.00849076
 0.380924 0.462821 0.123908 0.0161158 0.0162313
 0.457618 0.209571 0.248914 0.0665308 0.0173668
 0.86206 0.0643305 0.0284852 0.0337498 0.011374
pobs_PELACES
 0 0 0 0 0
 0 0 0 0 0
 0 0 0 0 0
 0 0 0 0 0
 0 0 0 0 0
 0 0 0 0 0
 0 0 0 0 0
 0 0 0 0 0
 0 0 0 0 0
 0 0 0 0 0
 0 0 0 0 0
 0 0 0 0 0
 0 0 0 0 0
 0 0 0 0 0
 0 0 0 0 0
 0 0 0 0 0
 0.505614 0.472636 0.0217494 0 0
 0 0 0 0 0
 0.443492 0.261883 0.143347 0.151278 0
 0.227955 0.32914 0.350689 0.0885471 0.00366901
 0.970185 0.0296113 0.000203453 0 0
 0.997202 0.00247181 0.000326279 0 0
 0.445219 0.490057 0.0546422 0.010081 0
 0.90214 0.0892962 0.00764917 0.000914606 0
 0 0 0 0 0
 0.581667 0.319106 0.0959925 0.00289975 0.000334073
 0.762889 0.0836404 0.116647 0.0363945 0.000428098
 0.88444 0.0763242 0.0277011 0.0115352 0
 0.521256 0.241999 0.230069 0.00667565 0
 0.616807 0.101726 0.260614 0.0208532 0
 0.833518 0.0704572 0.0857862 0.0102388 0
ppred_PELACES
 0.531996 0.123894 0.321547 0.0225624 7.20606e-07
 0.500686 0.267372 0.0614417 0.159321 0.0111791
 0.649442 0.177334 0.0928196 0.0213004 0.059104
 0.761768 0.156039 0.0416112 0.0217458 0.0188355
 0.722143 0.213122 0.0424316 0.0112922 0.0110115
 0.838593 0.117061 0.0340222 0.00676682 0.00355669
 0.570161 0.362261 0.0490384 0.014224 0.00431558
 0.548398 0.262093 0.159792 0.0215654 0.00815173
 0.677865 0.177998 0.0836878 0.0509702 0.00947863
 0.824809 0.120271 0.0303828 0.0142474 0.0102897
 0.881865 0.0980723 0.013785 0.00347304 0.00280441
 0.808122 0.16955 0.0185396 0.00260319 0.00118538
 0.757972 0.196962 0.0398338 0.00434463 0.000887701
 0.726154 0.209662 0.0522598 0.0105399 0.00138426
 0.814976 0.136416 0.0372501 0.0092486 0.00210982
 0.961365 0.0317196 0.00510266 0.00138947 0.000423618
 0.41708 0.560988 0.0180125 0.00289206 0.00102751
 0.926617 0.0309433 0.0408451 0.00130978 0.000284992
 0.661143 0.314487 0.0102845 0.0135564 0.00052926
 0.665536 0.22305 0.103414 0.00337592 0.00462321
 0.794467 0.137841 0.0451666 0.020908 0.0016171
 0.79287 0.165237 0.0281081 0.00919786 0.00458674
 0.357064 0.511977 0.104504 0.0177508 0.00870457
 0.793157 0.0745046 0.105403 0.0214947 0.00544113
 0.679404 0.254966 0.0236529 0.0334333 0.00854354
 0.495246 0.344254 0.127666 0.0118337 0.0210003
 0.79088 0.104141 0.0716146 0.0265387 0.00682511
 0.745907 0.201465 0.0262195 0.0180156 0.00839275
 0.384162 0.460518 0.123168 0.0160187 0.0161335
 0.462959 0.207704 0.24632 0.0658321 0.0171844
 0.864825 0.0630992 0.0278932 0.0330455 0.0111366
pobs_pel_tallas
 0 0 0 0 0 0 0 0 0 0 0 0 0 0 0 0 0 0 0 0 0 0 0 0 0 0
 0 0 0 0 0 0 0 0 0 0 0 0 0 0 0 0 0 0 0 0 0 0 0 0 0 0
 0 0 0 0 0 0 0 0 0 0 0 0 0 0 0 0 0 0 0 0 0 0 0 0 0 0
 0 0 0 0 0 0 0 0 0 0 0 0 0 0 0 0 0 0 0 0 0 0 0 0 0 0
 0 0 0 0 0 0 0 0 0 0 0 0 0 0 0 0 0 0 0 0 0 0 0 0 0 0
 0 0 0 0 0 0 0 0 0 0 0 0 0 0 0 0 0 0 0 0 0 0 0 0 0 0
 0 0 0 0 0 0 0 0 0 0 0 0 0 0 0 0 0 0 0 0 0 0 0 0 0 0
 0 0 0 0 0 0 0 0 0 0 0 0 0 0 0 0 0 0 0 0 0 0 0 0 0 0
 0 0 0 0 0 0 0 0 0 0 0 0 0 0 0 0 0 0 0 0 0 0 0 0 0 0
 0 0 0 0 0 0 0 0 0 0 0 0 0 0 0 0 0 0 0 0 0 0 0 0 0 0
 0 0 0 0 0 0 0 0 0 0 0 0 0 0 0 0 0 0 0 0 0 0 0 0 0 0
 0 0 0 0 0 0 0 0 0 0 0 0 0 0 0 0 0 0 0 0 0 0 0 0 0 0
 0.00862536 0 0 0.000197151 0.00414017 0.0128641 0.00837892 0.0270097 0.101434 0.158115 0.152841 0.127902 0.109271 0.109419 0.0830992 0.0579132 0.0238553 0.00714673 0.00463305 0.00128148 0.00103504 0.000492878 0.000147863 0.000147863 4.92878e-05 0
 0 0 0 0 0 0 0 0 0 0 0 0 0 0 0 0 0 0 0 0 0 0 0 0 0 0
 0 0 0 0 0 0 0 0.0054083 0.00873648 0.0413646 0.0450493 0.0745869 0.0622846 0.0627006 0.0613931 0.0827291 0.12552 0.122667 0.0946155 0.0697135 0.0546179 0.0294188 0.0215738 0.0213955 0.0102223 0.00600262
 0 0 0 0 0.00359764 0.0251062 0.0480494 0.140153 0.205849 0.193036 0.1447 0.116669 0.0760912 0.0342217 0.00950174 0.001854 0.000860785 0 0 0 0.000165536 0 0.000143464 0 0 0
 0 0 0 0 0 0 0 0.000145254 0.000435761 0.0275982 0.070085 0.0708112 0.156366 0.174668 0.174014 0.160142 0.0824315 0.0480064 0.0283245 0.00493863 0.00203355 0 0 0 0 0
 0 0 0 0 0 0 0 0 0 0 0 0 0 0 0 0 0 0 0 0 0 0 0 0 0 0
 0 0 1.00437e-05 0.000401748 0.00122533 0.00171747 0.00176769 0.0269171 0.070346 0.194647 0.189555 0.159765 0.064822 0.0314167 0.0384472 0.0292271 0.0345202 0.0313363 0.0194345 0.0106764 0.0143323 0.0359363 0.0279516 0.0138201 0.00172751 0
 0 0.0021121 0.0136068 0.0755702 0.200478 0.177729 0.0527432 0.0373336 0.0318909 0.0142505 0.0149659 0.0166563 0.0217959 0.0798694 0.0677717 0.0528807 0.04013 0.0224614 0.0357745 0.0225083 0.00881397 0.00855152 0.00135912 0.000746735 0 0
 0 0 0 0 5.4009e-05 0.00500934 0.000945158 0.0243581 0.138947 0.33067 0.221406 0.137944 0.0707744 0.0437923 0.0131692 0.00525238 0.0047753 0.00276346 9.45158e-05 9.00151e-06 2.25038e-05 9.00151e-06 4.50075e-06 0 0 0
 0.000866109 0.00284123 0.00948549 0.0512746 0.133035 0.25785 0.225252 0.132002 0.0553304 0.0519788 0.0540692 0.017754 0.00435017 0.00159236 0.00146478 0.000404838 0.000125132 0.000115318 0.000107957 0.000100596 0 0 0 0 0 0
 0 0 0 0 0.00144013 0.00171154 0.00461396 0.0210425 0.0478622 0.0707936 0.0888783 0.103762 0.0637923 0.0337046 0.0602308 0.124433 0.169614 0.0934646 0.0462172 0.0250306 0.0313229 0.00938855 0.002487 0.000210481 0 0
 0 0.00764035 0.051015 0.0998891 0.058973 0.0496711 0.0374665 0.0718981 0.12319 0.153886 0.159021 0.0857701 0.0377988 0.023471 0.0147837 0.00900784 0.00315554 0.000888139 0.00291439 0.00214683 0.00393193 0.00274676 0.000635225 9.99891e-05 0 0
 0 0 0 0 0 0 0 0 0 0 0 0 0 0 0 0 0 0 0 0 0 0 0 0 0 0
 0 0 0 0 0 0 0 0 0 0 0 0 0 0 0 0 0 0 0 0 0 0 0 0 0 0
 0 0 0 0 0 0 0 0 0 0 0 0 0 0 0 0 0 0 0 0 0 0 0 0 0 0
 0 0 0 0 0 0 0 0 0 0 0 0 0 0 0 0 0 0 0 0 0 0 0 0 0 0
 0 0 0 0 0 0 0 0 0 0 0 0 0 0 0 0 0 0 0 0 0 0 0 0 0 0
 0 0 0 0 0 0 0 0 0 0 0 0 0 0 0 0 0 0 0 0 0 0 0 0 0 0
 0 0 0 0 0 0 0 0 0 0 0 0 0 0 0 0 0 0 0 0 0 0 0 0 0 0
ppred_pel_tallas
 1.11574e-16 4.38198e-05 0.000425944 0.00283055 0.0128673 0.040035 0.0852992 0.124499 0.124512 0.0853601 0.0402408 0.0134679 0.00436093 0.00384216 0.00675231 0.0116673 0.0181358 0.0255752 0.033317 0.0408894 0.0480022 0.0541741 0.0584201 0.0594591 0.0564057 0.0494176
 1.19711e-16 4.12409e-05 0.000400876 0.00266397 0.01211 0.0376789 0.0802798 0.117176 0.117202 0.0804062 0.0381037 0.0133382 0.00575222 0.00716094 0.0129367 0.0214795 0.0313337 0.0403 0.0462353 0.0483347 0.047668 0.046406 0.0463146 0.0476816 0.0493553 0.0496403
 1.14863e-16 5.34937e-05 0.000519978 0.00345544 0.0157079 0.0488733 0.10413 0.151985 0.152002 0.104215 0.0491563 0.0165269 0.00551723 0.00504154 0.00870235 0.0144664 0.0212278 0.0275445 0.0319994 0.0340016 0.0341286 0.0336474 0.0335991 0.0341762 0.0347798 0.0345428
 1.0661e-16 6.27459e-05 0.000609912 0.00405308 0.0184247 0.0573262 0.12214 0.17827 0.178285 0.122214 0.0575738 0.0191404 0.00585149 0.00454284 0.0075531 0.0124441 0.0180573 0.0230078 0.0259389 0.0262586 0.0244915 0.0218932 0.019638 0.018215 0.0173943 0.0166134
 1.04275e-16 5.9482e-05 0.000578186 0.00384225 0.0174663 0.0543444 0.115787 0.168999 0.16902 0.115888 0.0546818 0.0184414 0.00629092 0.00592742 0.0102299 0.0168481 0.0243363 0.0307582 0.0341824 0.0337267 0.0300746 0.0249856 0.0202058 0.0166345 0.0142295 0.0124627
 1.02293e-16 6.90739e-05 0.000671423 0.00446184 0.0202829 0.0631076 0.134458 0.196248 0.196259 0.134513 0.0632933 0.0208196 0.00581054 0.00362026 0.00568299 0.00932127 0.013504 0.0171558 0.0192264 0.0192273 0.0175036 0.0149631 0.012493 0.010529 0.00903168 0.0077478
 1.03665e-16 4.69635e-05 0.000456502 0.00303362 0.0137904 0.0429072 0.0914197 0.133437 0.133472 0.0915903 0.04348 0.0154448 0.00718635 0.00952163 0.0172624 0.0284617 0.0409908 0.0515378 0.0567557 0.0551004 0.0477439 0.0377661 0.028301 0.0210836 0.0162336 0.0129765
 1.08221e-16 4.51709e-05 0.000439077 0.00291782 0.013264 0.0412694 0.0879297 0.128341 0.128367 0.0880542 0.0416879 0.0144754 0.0059679 0.0071286 0.0128412 0.021396 0.0313733 0.0406125 0.0469036 0.0491736 0.0480094 0.0450237 0.0416347 0.0382932 0.034641 0.0302104
 1.09177e-16 5.58349e-05 0.000542735 0.00360667 0.0163954 0.0510123 0.108688 0.158636 0.158654 0.108772 0.051296 0.0172164 0.00567284 0.0050715 0.00871118 0.0144576 0.0211664 0.0273574 0.0315658 0.0331469 0.0326271 0.0312362 0.0300083 0.0291824 0.0282812 0.0266402
 1.04078e-16 6.79384e-05 0.000660386 0.0043885 0.0199495 0.0620703 0.132248 0.193022 0.193033 0.132304 0.062261 0.0205007 0.0057736 0.00368863 0.00583277 0.00957181 0.0138702 0.0176339 0.019802 0.0199028 0.0183301 0.0160523 0.0139922 0.0125635 0.0116399 0.0108405
 1.01246e-16 7.26381e-05 0.000706068 0.00469207 0.0213295 0.066364 0.141396 0.206373 0.206383 0.141442 0.0665191 0.0217774 0.00581655 0.0031609 0.0047351 0.00771396 0.0111075 0.0139733 0.0154044 0.0149856 0.0130366 0.0103913 0.00789591 0.00601411 0.00476927 0.00394093
 1.01041e-16 6.6564e-05 0.000647026 0.00429971 0.0195459 0.0608146 0.129572 0.189118 0.189135 0.129652 0.0610825 0.0203196 0.00624133 0.004884 0.00810861 0.0132873 0.0191044 0.0239603 0.0262701 0.0253004 0.0216012 0.0166344 0.0119065 0.00828001 0.00585864 0.00430936
 1.01786e-16 6.24332e-05 0.000606873 0.00403289 0.0183329 0.0570406 0.121532 0.177383 0.177402 0.121625 0.0573525 0.0192338 0.00629503 0.00554783 0.00945396 0.0155504 0.0224402 0.0283111 0.0313516 0.0307125 0.0269909 0.0217922 0.0167421 0.0127301 0.00982163 0.00765679
 1.02854e-16 5.98124e-05 0.000581398 0.00386359 0.0175633 0.0546462 0.11643 0.169938 0.169958 0.116529 0.0549785 0.0185236 0.00627569 0.00585277 0.010088 0.0166267 0.0240477 0.0304532 0.0339416 0.0336232 0.0301212 0.025096 0.0201982 0.0162828 0.0133463 0.0109754
 1.02395e-16 6.71285e-05 0.000652513 0.00433618 0.0197117 0.0613303 0.130671 0.190721 0.190734 0.130736 0.0615467 0.0203369 0.00590704 0.00408651 0.00660299 0.0108467 0.0157051 0.0199309 0.0222964 0.0222309 0.020139 0.0170871 0.0141216 0.011763 0.00997439 0.00846448
 1.00367e-16 7.91863e-05 0.000769719 0.00511506 0.0232523 0.0723466 0.154142 0.224976 0.224979 0.154157 0.0723968 0.0233973 0.00547897 0.00156434 0.00158885 0.00250277 0.00360096 0.00453512 0.0050092 0.00488822 0.00427325 0.00342998 0.00262713 0.00201094 0.00158839 0.00129162
 1.01128e-16 3.43545e-05 0.000333938 0.00221914 0.0100879 0.0313875 0.0668764 0.0976194 0.0976733 0.06714 0.0322725 0.0126428 0.00862722 0.0143064 0.0265222 0.0436652 0.0625994 0.078091 0.0848292 0.0803652 0.0666049 0.0485971 0.0316268 0.018842 0.0107615 0.00627453
 1.01367e-16 7.63242e-05 0.000741898 0.00493018 0.0224119 0.0697317 0.148571 0.216844 0.216847 0.148586 0.0697818 0.0225573 0.00529795 0.00155365 0.00164396 0.00266445 0.00398715 0.00533764 0.00647948 0.00728327 0.00776289 0.00799685 0.00801069 0.00773808 0.00709254 0.00607292
 1.01827e-16 5.44576e-05 0.000529347 0.0035177 0.015991 0.049754 0.106007 0.154727 0.154757 0.106155 0.0502502 0.0174236 0.00711121 0.00836582 0.0149134 0.0245065 0.0351531 0.043907 0.0478112 0.0455181 0.0381152 0.0284324 0.0194008 0.0127186 0.00858621 0.00629373
 1.04163e-16 5.48194e-05 0.000532864 0.00354107 0.0160972 0.0500845 0.106711 0.155752 0.155774 0.106817 0.0504395 0.017124 0.00612367 0.00618797 0.0108453 0.0179734 0.0261886 0.0335581 0.0381203 0.0389229 0.0365116 0.0324174 0.0281005 0.0242247 0.0206989 0.0171982
 1.0371e-16 6.54392e-05 0.000636093 0.00422706 0.0192156 0.059787 0.127383 0.185922 0.185935 0.127448 0.0600059 0.0198485 0.00581807 0.00411686 0.00669851 0.0110298 0.0160232 0.0204487 0.0230977 0.0234171 0.021816 0.0193338 0.0169487 0.0150803 0.0135879 0.0121096
 1.02553e-16 6.53077e-05 0.000634814 0.00421856 0.019177 0.0596668 0.127127 0.185549 0.185565 0.127205 0.0599283 0.0199324 0.00611518 0.00477675 0.00793639 0.0130299 0.0187946 0.0237015 0.0262391 0.025715 0.0226613 0.018459 0.0144927 0.0114971 0.0094744 0.00803838
 1.064e-16 2.9411e-05 0.000285885 0.00189981 0.00863629 0.026871 0.0572533 0.0835731 0.0836225 0.0574946 0.0276816 0.0109784 0.00778125 0.0131332 0.0244523 0.0404394 0.0583944 0.0737293 0.0817678 0.0803313 0.0709962 0.0579426 0.0453734 0.0355399 0.0285192 0.0232737
 1.06138e-16 6.53313e-05 0.000635044 0.00422009 0.0191839 0.0596883 0.127173 0.185614 0.185621 0.127208 0.0598093 0.0195355 0.00511009 0.00260279 0.00387547 0.00649475 0.00979709 0.0132583 0.0163689 0.0188676 0.0208133 0.0223695 0.0235041 0.0239003 0.0231623 0.0211225
 1.05547e-16 5.59617e-05 0.000543968 0.00361486 0.0164326 0.0511281 0.108935 0.158999 0.159023 0.109055 0.0515311 0.0175966 0.00653623 0.00692067 0.0121651 0.020021 0.0288371 0.0362813 0.0400334 0.0390678 0.0342871 0.0279253 0.0221997 0.0182489 0.0159735 0.0145878
 1.08513e-16 4.07928e-05 0.000396521 0.00263502 0.0119784 0.0372696 0.079408 0.115905 0.115939 0.0795708 0.0378166 0.01356 0.00661097 0.0090962 0.0166222 0.0275697 0.0400723 0.0511477 0.0577598 0.0584821 0.054277 0.0476945 0.0411814 0.0358699 0.0315636 0.0275333
 1.0591e-16 6.51438e-05 0.000633221 0.00420797 0.0191288 0.059517 0.126808 0.185082 0.185092 0.126857 0.0596837 0.0196116 0.00542467 0.00330527 0.00518715 0.00859695 0.0126721 0.0165586 0.0194268 0.0208969 0.0212216 0.0210086 0.0207216 0.0203823 0.0196682 0.0182437
 1.04036e-16 6.14394e-05 0.000597213 0.00396869 0.0180411 0.0561327 0.119597 0.17456 0.174579 0.119692 0.0564513 0.0189614 0.00627905 0.00564145 0.0096437 0.0158529 0.0228505 0.0287841 0.0318176 0.031127 0.0273981 0.0223608 0.0177388 0.014429 0.0123858 0.0110491
 1.08009e-16 3.1643e-05 0.000307581 0.00204399 0.00929169 0.0289101 0.0615978 0.0899131 0.0899575 0.0618151 0.0296403 0.0114018 0.00734513 0.0118948 0.0220812 0.0365677 0.0529381 0.0671231 0.0749728 0.0745488 0.0672211 0.0566183 0.046328 0.0381785 0.0321088 0.0271631
 1.16672e-16 3.81334e-05 0.00037067 0.00246324 0.0111975 0.0348398 0.0742305 0.108346 0.108366 0.0743303 0.0351757 0.0121725 0.00492812 0.00580986 0.0105399 0.0178149 0.0267176 0.0358259 0.0436725 0.0495433 0.0537289 0.0569282 0.05935 0.0603503 0.0588935 0.0543665
 1.0602e-16 7.12345e-05 0.000692425 0.00460141 0.0209173 0.0650816 0.138664 0.202385 0.202391 0.138693 0.0651823 0.0212087 0.00533504 0.00230161 0.00315053 0.00515851 0.00757725 0.00986576 0.01154 0.0124205 0.0127419 0.0129644 0.0134278 0.0141206 0.0147151 0.0147933
pSPR Fmed_Fpbrs
0.582112   0.233785 0.233785
Fs Fmed_Fpbrs
0.316544   1.005 1.005
SSBpbr Bo_Bmed_Bpbrs
1.73e+06  920554  317948 317948
Ro
151512
SPR SPRFo_SPRFmed_SPRFpbrs
1.083e+06 630425 253188
Fref
1.005
Nvult_r0
 182468 14503.1 6451.36 7645.59 2576.68
CTP_r0
 27530 2862.9 1294.5 1535.47 517.498
YTP_r0
391284
Np
 213777 81210.6 5856.9 2586.83 3941.36
Nvult_p0
 175133 70037.6 5067.3 2238.47 3410.61
CTP_p0
 72749.4 34728.4 2538.52 1121.99 1709.56
YTP_p0
 1.25747e+06
CBA_c0
651140
log_Ro
11.7484
likeval ReclasPelacesDesembMPH_pf_preclas_ppelaces_ptallas_desvR_qrecl_qpela
 11.4718 20.5475 0.0205708 0.00243227 240.834 117.636 98.9699 0 27.6001 1.09006e-07 0 0.100661 0 0 0
q_reclas_q_pelaces
1.0479 1
M
1
N
 173933 42117.6 109627 7693.52 0.245721
 98660.2 56620.3 13081.1 33929.8 2380.8
 98771.9 28957 15236.9 3497.58 9705.2
 125594 29076 7824.6 4091.1 3543.67
 101932 31476.3 6287.93 1673.69 1632.1
 214874 32534.3 9513 1892.69 994.831
 79784.7 61263.4 8410.69 2441.44 740.765
 32795.3 16205.8 9904.85 1336.93 505.364
 36395.9 10865.4 5157.45 3142.77 584.458
 51962.1 8954.08 2290.24 1074.68 776.173
 98424.8 11322.8 1595.55 402.042 324.643
 135727 32560.6 3596.04 505.197 230.051
 111413 32797.6 6694.85 730.565 149.274
 77326 27716.9 7020.63 1417.17 186.132
 73901 14437 3987.78 990.714 226.012
 455332 16745.9 2715.7 739.814 225.558
 82863.5 119181 3845.84 617.65 219.445
 691122 24704.8 32775.8 1051.31 228.755
 393093 205381 6763.51 8918.57 348.2
 294966 107742 50273.8 1641.73 2248.34
 446914 82842.7 27279 12631 976.94
 589756 133612 22869.8 7486.24 3733.27
 110842 166975 34208.2 5811.67 2849.93
 355564 34927.1 49576.4 10111.9 2559.74
 289701 113689 10581.9 14960.1 3822.95
 128482 92634.4 34446.9 3193.42 5667.16
 306226 42147.7 29079.1 10778 2771.86
 350328 98056.1 12795.3 8792.99 4096.33
 92938.4 115245 30900.5 4019.33 4048.16
 65083.6 30748.5 36605.5 9785.32 2554.32
 263678 20360 9038.19 10710.1 3609.44
pred_Ctot
 12784.4 4203.99 11152.5 783.466 0.0250242
 12842.9 9856.71 2318.33 6018.98 422.363
 12703.7 4982.8 2669.32 613.316 1701.93
 26104.6 7906.34 2162.63 1131.71 980.322
 8629.89 3608.15 734.467 195.692 190.839
 31199.2 6291.14 1872.16 372.83 195.976
 23691.5 23173 3227.5 937.586 284.488
 2078.48 1398.54 871.352 117.733 44.5059
 7873.35 3067.41 1479.67 902.428 167.831
 13967.7 3092.45 802.934 377.071 272.347
 6322.8 990.211 142.239 35.8776 28.9722
 30458.7 9513.25 1067.55 150.104 68.3559
 23535.2 9055 1878.6 205.176 41.9248
 25415.6 11490.1 2950.57 596.028 78.2856
 18655.8 4705.72 1319.92 328.185 74.8723
 85364.1 4131.41 681.293 185.764 56.6391
 10101.5 19473.9 639.851 102.86 36.547
 85443.4 4091.89 5527.41 177.466 38.6169
 64885.2 44897.5 1504.17 1985.25 77.5122
 45086.4 21885.6 10391.7 339.663 465.189
 53823.7 13378.4 4485.72 2079.02 160.809
 87736.1 26445.2 4606.52 1509.31 752.703
 10178.6 20720.9 4325.02 735.511 360.699
 29748.6 3957.63 5724.25 1168.72 295.867
 24229.5 12877.7 1221.4 1728.48 441.722
 8877.16 8701.9 3298.27 306.079 543.209
 25369.5 4730.02 3325.44 1233.78 317.319
 23641.5 9000.56 1197.17 823.535 383.675
 5965.22 10069.9 2752.38 358.377 360.966
 6238.53 3978.65 4825.32 1291.17 337.059
 27530 2862.9 1294.5 1535.47 517.498
F
 0.122305 0.169294 0.172788 0.172976 0.172986
 0.225869 0.312646 0.319099 0.319446 0.319464
 0.222902 0.30854 0.314908 0.31525 0.315268
 0.383818 0.53128 0.542244 0.542834 0.542865
 0.142014 0.196575 0.200632 0.20085 0.200861
 0.254871 0.352791 0.360072 0.360464 0.360484
 0.593961 0.822158 0.839126 0.840038 0.840086
 0.104702 0.144928 0.147919 0.14808 0.148089
 0.402348 0.556928 0.568422 0.56904 0.569073
 0.523693 0.724893 0.739854 0.740658 0.740701
 0.106192 0.14699 0.150023 0.150187 0.150195
 0.42029 0.581763 0.59377 0.594415 0.594449
 0.391204 0.541503 0.552678 0.553279 0.553311
 0.678233 0.938807 0.958182 0.959224 0.959279
 0.484576 0.670748 0.684591 0.685336 0.685375
 0.340385 0.471159 0.480883 0.481406 0.481433
 0.210197 0.290954 0.296958 0.297281 0.297298
 0.21345 0.295456 0.301554 0.301882 0.301899
 0.294309 0.407382 0.41579 0.416242 0.416266
 0.269918 0.37362 0.381331 0.381745 0.381767
 0.20743 0.287124 0.293049 0.293368 0.293385
 0.261864 0.362471 0.369952 0.370354 0.370375
 0.15484 0.214329 0.218753 0.218991 0.219003
 0.14024 0.194119 0.198126 0.198341 0.198353
 0.140187 0.194047 0.198051 0.198267 0.198278
 0.114608 0.158639 0.161913 0.162089 0.162099
 0.138783 0.192102 0.196067 0.19628 0.196292
 0.111811 0.154768 0.157962 0.158134 0.158143
 0.106096 0.146858 0.149889 0.150052 0.15006
 0.162102 0.224382 0.229012 0.229261 0.229274
 0.177684 0.24595 0.251026 0.251299 0.251313
nmprior
 8.19 8.8 8.5 0
nm_flota  nm_reclas  nm_pelaces    nm_pelaL
inf 13.8645 16.3529 37.8159
cv_recla  cv_pelaces  cv_mph
0.306365 0.513987 1.52199
 ------------------------------------------------
Talla a la edad & desviaci?n 
 8 13.2811 15.8009 17.003 17.5766
 0.8 1.32811 1.58009 1.7003 1.75766
