years
 1991 1992 1993 1994 1995 1996 1997 1998 1999 2000 2001 2002 2003 2004 2005 2006 2007 2008 2009 2010 2011 2012 2013 2014 2015 2016 2017 2018 2019 2020 2021
reclasobs
 0 0 0 0 0 0 0 0 0 252601 567819 844713 477998 351125 339783 2.1784e+06 2.13404e+06 4.81314e+06 1.55562e+06 2.62356e+06 3.21686e+06 3.843e+06 1.13348e+06 3.07943e+06 1.97215e+06 2.03268e+06 2.025e+06 2.42433e+06 2.27542e+06 1.05018e+06 2.36338e+06
reclaspred
 3.46574e+06 1.98942e+06 1.01779e+06 1.13043e+06 1.2041e+06 1.8319e+06 1.28202e+06 1.15507e+06 830034 601269 570721 678689 673167 554301 560230 1.20655e+06 1.24569e+06 2.56167e+06 2.13936e+06 1.61567e+06 2.86163e+06 2.33461e+06 1.92442e+06 2.9555e+06 2.23119e+06 1.98638e+06 2.28862e+06 2.35483e+06 1.97811e+06 1.319e+06 1.97236e+06
pelacesobs
 0 0 0 0 0 0 0 0 0 0 0 0 0 0 0 552880 188675 0 991730 2.46772e+06 1.41603e+06 1.21717e+06 2.29649e+06 1.80582e+06 0 1.4828e+06 1.56532e+06 1.57751e+06 1.42118e+06 867257 1.10002e+06
pelacespred
 2.49581e+06 1.61099e+06 836371 703385 780104 1.18872e+06 882857 880596 646454 449204 416242 416968 448046 392925 393451 675453 760517 1.62557e+06 1.51687e+06 1.08515e+06 1.7396e+06 1.61634e+06 1.35559e+06 2.09867e+06 1.65403e+06 1.45119e+06 1.79665e+06 1.83567e+06 1.37903e+06 1.0266e+06 1.39033e+06
mphobs
 0 0 0 0 0 0 0 0 0 0 0 498337 0 5186 125008 0 168611 109162 213762 579715 649985 157893 87575 83554 0 0 0 0 0 0 0
mphpred
 4.76673e+06 3.21562e+06 1.65532e+06 907641 1.1544e+06 1.34973e+06 1.76996e+06 1.25414e+06 1.07067e+06 751876 492291 605138 636173 557692 413508 503668 1.27551e+06 1.31107e+06 2.31606e+06 1.80916e+06 1.94814e+06 2.39407e+06 2.28959e+06 1.95342e+06 2.70281e+06 2.22721e+06 1.85251e+06 1.91814e+06 2.57659e+06 1.8199e+06 1.21769e+06
desembarqueobs
 494567 514787 250237 358949 120608 361735 552515 73892 212993 205616 52469 317467 293654 387597 252695 516296 358380 742168 942051 627588 828172 859565 418607 520667 417249 300574 407403 355545 319650 289779 391294
desembarquepred
 494573 512961 251254 358964 120611 361748 552574 73894.7 213032 205655 52471 317537 293714 387671 252707 516304 358411 742116 941981 627535 828264 859647 418629 520695 417260 300584 407415 355545 319656 289796 391302
Reclutas
 248736 144691 142298 316245 253894 391538 165684 80191 68551.4 85348.1 147121 185058 157745 111718 114808 536019 143726 820832 499931 376605 568580 766433 175540 501493 415212 193349 410290 449743 148632 113242 411349
log_desv_Rt
 0.0563569 -0.485437 -0.502113 0.296482 0.0768831 0.510047 -0.34995 -1.07562 -1.23245 -1.0133 -0.46878 -0.239364 -0.399053 -0.744058 -0.716773 0.824135 -0.492123 1.25028 0.754436 0.471163 0.883108 1.18171 -0.292168 0.757555 0.568754 -0.195536 0.55683 0.648642 -0.458562 -0.730509 0.559408
SSB
 4.76673e+06 3.21562e+06 1.65532e+06 907641 1.1544e+06 1.34973e+06 1.76996e+06 1.25414e+06 1.07067e+06 751876 492291 605138 636173 557692 413508 503668 1.27551e+06 1.31107e+06 2.31606e+06 1.80916e+06 1.94814e+06 2.39407e+06 2.28959e+06 1.95342e+06 2.70281e+06 2.22721e+06 1.85251e+06 1.91814e+06 2.57659e+06 1.8199e+06 1.21769e+06
BT
 6.27104e+06 4.29059e+06 2.21844e+06 2.08098e+06 2.00343e+06 3.33952e+06 2.5984e+06 2.22716e+06 1.78307e+06 1.29728e+06 1.09824e+06 1.31841e+06 1.3956e+06 1.406e+06 1.27776e+06 2.22653e+06 2.13019e+06 4.9517e+06 4.69159e+06 3.2253e+06 5.14146e+06 4.83359e+06 3.64155e+06 5.94597e+06 4.39535e+06 3.81425e+06 5.04581e+06 5.07544e+06 3.51865e+06 2.73816e+06 4.00966e+06
Ftot
 0.0890391 0.159307 0.153275 0.204889 0.064235 0.12822 0.2667 0.0407572 0.162347 0.215013 0.0603691 0.297292 0.277083 0.439852 0.292982 0.283306 0.181445 0.190962 0.278673 0.24649 0.186523 0.235846 0.136748 0.115776 0.11904 0.096098 0.116392 0.0993653 0.100665 0.137802 0.131224
BD_Bspro_t
 0.985855 0.89352 0.776569 0.708022 0.725773 0.786747 0.7812 0.67471 0.717249 0.686052 0.655683 0.772942 0.669405 0.592655 0.50345 0.551669 0.663409 0.657225 0.720268 0.638 0.612084 0.656687 0.672021 0.672873 0.763798 0.77066 0.778688 0.804985 0.837838 0.787314 0.740219
BD_Bspro
 2.83647 1.91347 0.985004 0.540096 0.686932 0.803163 1.05322 0.746285 0.637106 0.447407 0.29294 0.36009 0.378558 0.331857 0.24606 0.29971 0.758996 0.780156 1.37818 1.07655 1.15925 1.4246 1.36243 1.16239 1.60832 1.32531 1.10235 1.1414 1.53321 1.08294 0.724591
BD_Bo
 1.98985 1.34235 0.691004 0.378891 0.481899 0.563438 0.738862 0.523537 0.446945 0.313867 0.205505 0.252612 0.265567 0.232806 0.172617 0.210254 0.532454 0.547298 0.966827 0.755224 0.813243 0.999394 0.955778 0.815447 1.12827 0.929738 0.773323 0.80072 1.07559 0.759707 0.508318
BD_Brms
 13.7952 9.30619 4.79058 2.62677 3.3409 3.90619 5.12237 3.62957 3.09857 2.17597 1.42472 1.7513 1.84112 1.61399 1.19672 1.45764 3.69139 3.7943 6.7028 5.2358 5.63803 6.92858 6.6262 5.65331 7.82207 6.44567 5.36128 5.55122 7.45681 5.26688 3.52406
Sel_flota
 0.883472 1 1 1 1
 0.883472 1 1 1 1
 0.883472 1 1 1 1
 0.883472 1 1 1 1
 0.883472 1 1 1 1
 0.883472 1 1 1 1
 0.883472 1 1 1 1
 0.883472 1 1 1 1
 0.883472 1 1 1 1
 0.883472 1 1 1 1
 0.883472 1 1 1 1
 0.883472 1 1 1 1
 0.883472 1 1 1 1
 0.883472 1 1 1 1
 0.883472 1 1 1 1
 0.883472 1 1 1 1
 0.883472 1 1 1 1
 0.883472 1 1 1 1
 0.883472 1 1 1 1
 0.883472 1 1 1 1
 0.883472 1 1 1 1
 0.883472 1 1 1 1
 0.883472 1 1 1 1
 0.883472 1 1 1 1
 0.883472 1 1 1 1
 0.883472 1 1 1 1
 0.883472 1 1 1 1
 0.883472 1 1 1 1
 0.883472 1 1 1 1
 0.883472 1 1 1 1
 0.883472 1 1 1 1
Sel_reclas
 1 1 1 1 1
 1 1 1 1 1
 1 1 1 1 1
 1 1 1 1 1
 1 1 1 1 1
 1 1 1 1 1
 1 1 1 1 1
 1 1 1 1 1
 1 1 1 1 1
 1 1 1 1 1
 1 1 1 1 1
 1 1 1 1 1
 1 1 1 1 1
 1 1 1 1 1
 1 1 1 1 1
 1 1 1 1 1
 1 1 1 1 1
 1 1 1 1 1
 1 1 1 1 1
 1 1 1 1 1
 1 1 1 1 1
 1 1 1 1 1
 1 1 1 1 1
 1 1 1 1 1
 1 1 1 1 1
 1 1 1 1 1
 1 1 1 1 1
 1 1 1 1 1
 1 1 1 1 1
 1 1 1 1 1
 1 1 1 1 1
Sel_pelaces
 0.811504 1 1 1 1
 0.811504 1 1 1 1
 0.811504 1 1 1 1
 0.811504 1 1 1 1
 0.811504 1 1 1 1
 0.811504 1 1 1 1
 0.811504 1 1 1 1
 0.811504 1 1 1 1
 0.811504 1 1 1 1
 0.811504 1 1 1 1
 0.811504 1 1 1 1
 0.811504 1 1 1 1
 0.811504 1 1 1 1
 0.811504 1 1 1 1
 0.811504 1 1 1 1
 0.811504 1 1 1 1
 0.811504 1 1 1 1
 0.811504 1 1 1 1
 0.811504 1 1 1 1
 0.811504 1 1 1 1
 0.811504 1 1 1 1
 0.811504 1 1 1 1
 0.811504 1 1 1 1
 0.811504 1 1 1 1
 0.811504 1 1 1 1
 0.811504 1 1 1 1
 0.811504 1 1 1 1
 0.811504 1 1 1 1
 0.811504 1 1 1 1
 0.811504 1 1 1 1
 0.811504 1 1 1 1
pf_obs 
 0.8446 0.082 0.0669 0.0065 0
 0.8095 0.147 0.0364 0.0071 0
 0.9664 0.0169 0.016 0.0007 0
 0.9276 0.0648 0.0075 0.0001 0
 0.7033 0.2144 0.0806 0.0017 0
 0.9318 0.0425 0.0243 0.0014 0
 0.5671 0.3108 0.0964 0.0239 0.0018
 0.0768 0.2599 0.5324 0.112 0.0189
 0.490249 0.384438 0.106611 0.0170017 0.00170017
 0.7925 0.1577 0.0466 0.003 0.0002
 0.840416 0.127587 0.0312969 0.00059994 9.999e-05
 0.8084 0.0986 0.0794 0.0134 0.0002
 0.7335 0.1905 0.0724 0.0035 0.0001
 0.4001 0.4547 0.1325 0.0127 0
 0.49795 0.308269 0.164784 0.0264974 0.00249975
 0.9179 0.0499 0.0305 0.0017 0
 0.2467 0.6533 0.0926 0.0074 0
 0.9418 0.0223 0.034 0.0019 0
 0.707729 0.231977 0.0356964 0.0245975 0
 0.517169 0.277429 0.184464 0.0207286 0.00020938
 0.811772 0.124168 0.05621 0.00726502 0.000585176
 0.764997 0.148141 0.077277 0.00933861 0.000247198
 0.163321 0.427699 0.378323 0.0303852 0.000271297
 0.753843 0.0900009 0.118128 0.0371064 0.000921714
 0.721811 0.176058 0.0630433 0.0369309 0.00215725
 0.143369 0.312575 0.442814 0.0836902 0.0175525
 0.692698 0.0596174 0.167031 0.0765114 0.00414204
 0.394062 0.376323 0.152708 0.0712218 0.00568511
 0.125707 0.32114 0.495352 0.0537591 0.00404204
 0.23352 0.215282 0.420074 0.123614 0.00750983
 0.774587 0.0839891 0.0768558 0.0609784 0.00358967
pf_pred 
 0.432097 0.105393 0.43974 0.0227695 7.45872e-07
 0.414148 0.271974 0.0582501 0.243043 0.012585
 0.550508 0.20102 0.11535 0.0247051 0.108417
 0.782628 0.12684 0.0404876 0.0232328 0.0268123
 0.651119 0.280923 0.0396542 0.0126577 0.0156457
 0.728292 0.184672 0.070083 0.00989269 0.00706096
 0.464826 0.403387 0.0895718 0.0339925 0.00822308
 0.424509 0.287985 0.216708 0.0481198 0.0226791
 0.494268 0.230468 0.137746 0.103654 0.0338639
 0.647974 0.185877 0.0757159 0.045254 0.0451788
 0.773171 0.154009 0.0384506 0.0156626 0.0187069
 0.719697 0.222795 0.0390461 0.00974841 0.00871373
 0.66852 0.247934 0.0664049 0.0116378 0.00550271
 0.607845 0.274307 0.0881463 0.0236084 0.00609385
 0.703865 0.190769 0.0737014 0.0236834 0.00798049
 0.91517 0.0621869 0.0145869 0.00563545 0.00242112
 0.435726 0.522341 0.0307398 0.00721048 0.00398247
 0.884093 0.0544216 0.0569163 0.00334953 0.00121963
 0.611506 0.348644 0.0187106 0.0195683 0.00157091
 0.601568 0.256987 0.126937 0.00681229 0.00769652
 0.742739 0.163325 0.0605878 0.0299269 0.00342063
 0.747732 0.193744 0.0371547 0.0137831 0.00758621
 0.34524 0.506312 0.114009 0.0218638 0.0125748
 0.74534 0.0957439 0.122886 0.027671 0.00835854
 0.630256 0.284537 0.0320352 0.0411168 0.0120552
 0.451846 0.362041 0.143223 0.0161251 0.0267644
 0.729862 0.130835 0.0920063 0.0363976 0.0108996
 0.688808 0.234971 0.0369156 0.02596 0.0133451
 0.384046 0.441094 0.132031 0.020743 0.0220857
 0.455413 0.226233 0.227978 0.06824 0.0221359
 0.828906 0.0836045 0.0363448 0.0366253 0.0145191
pobs_RECLAS
 0 0 0 0 0
 0 0 0 0 0
 0 0 0 0 0
 0 0 0 0 0
 0 0 0 0 0
 0 0 0 0 0
 0 0 0 0 0
 0 0 0 0 0
 0 0 0 0 0
 0 0 0 0 0
 0.991045 0.00858322 0.000360255 1.14367e-05 0
 0.934742 0.0480273 0.0164251 0.00080598 0
 0.827803 0.169806 0.00239088 0 0
 0.941827 0.0461693 0.0120037 0 0
 0.791401 0.0380133 0.147996 0.0225897 0
 0.846168 0.0940531 0.0597789 0 0
 0.134021 0.677848 0.182769 0.00536245 0
 0.80878 0.0450904 0.141981 0.00414843 0
 0.846168 0.0940531 0.0597789 0 0
 0.905697 0.0802665 0.012482 0.00150086 5.37128e-05
 0.989698 0.0102097 9.19794e-05 0 0
 0.975433 0.0193895 0.00387452 0.00125025 5.28907e-05
 0.303575 0.632131 0.0575291 0.00676475 0
 0.966965 0.00978017 0.0227588 0.000495775 0
 0.843318 0.132988 0.00938335 0.0141283 0.000182051
 0.564624 0.303363 0.111486 0.0197234 0.00080311
 0.826376 0.0876187 0.0782897 0.00655872 0.00115652
 0.89761 0.0855135 0.0140674 0.00269457 0.000114338
 0.34875 0.467042 0.161289 0.0227151 0.000203297
 0.318654 0.224769 0.449479 0.00709798 0
 0.937255 0.0296025 0.0250945 0.00804832 0
ppred_RECLAS
 0.462947 0.0996674 0.415852 0.0215326 7.05355e-07
 0.444922 0.257688 0.0551903 0.230276 0.011924
 0.581342 0.187231 0.107437 0.0230104 0.10098
 0.803333 0.114758 0.036631 0.0210197 0.0242583
 0.678854 0.258591 0.0365019 0.0116515 0.0144019
 0.752359 0.168314 0.0638751 0.0090164 0.00643551
 0.496531 0.379489 0.0842653 0.0319787 0.00773591
 0.455123 0.272665 0.205179 0.04556 0.0214726
 0.525664 0.216161 0.129195 0.0972188 0.0317616
 0.676228 0.170958 0.0696388 0.0416218 0.0415526
 0.794261 0.139689 0.0348754 0.0142063 0.0169675
 0.744683 0.202935 0.0355656 0.00887944 0.007937
 0.69608 0.22732 0.0608838 0.0106702 0.0050452
 0.638303 0.253002 0.0813001 0.0217748 0.00562055
 0.72972 0.174114 0.0672667 0.0216156 0.00728373
 0.924544 0.055315 0.012975 0.00501272 0.00215358
 0.466895 0.493488 0.0290418 0.00681219 0.00376249
 0.896396 0.0486449 0.0508748 0.00299399 0.00109017
 0.641268 0.321935 0.0172772 0.0180692 0.00145057
 0.631527 0.237663 0.117392 0.00630005 0.00711779
 0.766067 0.148516 0.055094 0.0272133 0.00311046
 0.770861 0.175981 0.0337482 0.0125194 0.00689068
 0.374101 0.483995 0.108984 0.0209001 0.0120205
 0.768352 0.0870921 0.111782 0.0251705 0.00760323
 0.658917 0.262481 0.029552 0.0379296 0.0111207
 0.482927 0.341513 0.135102 0.0152108 0.0252469
 0.753812 0.119235 0.0838492 0.0331706 0.00993325
 0.714937 0.215242 0.0338161 0.0237803 0.0122246
 0.413997 0.419646 0.125611 0.0197344 0.0210118
 0.486641 0.21326 0.214905 0.0643269 0.0208666
 0.845951 0.0752755 0.032724 0.0329765 0.0130727
pobs_PELACES
 0 0 0 0 0
 0 0 0 0 0
 0 0 0 0 0
 0 0 0 0 0
 0 0 0 0 0
 0 0 0 0 0
 0 0 0 0 0
 0 0 0 0 0
 0 0 0 0 0
 0 0 0 0 0
 0 0 0 0 0
 0 0 0 0 0
 0 0 0 0 0
 0 0 0 0 0
 0 0 0 0 0
 0 0 0 0 0
 0.505614 0.472636 0.0217494 0 0
 0 0 0 0 0
 0.443492 0.261883 0.143347 0.151278 0
 0.227955 0.32914 0.350689 0.0885471 0.00366901
 0.970185 0.0296113 0.000203453 0 0
 0.997202 0.00247181 0.000326279 0 0
 0.445219 0.490057 0.0546422 0.010081 0
 0.90214 0.0892962 0.00764917 0.000914606 0
 0 0 0 0 0
 0.581667 0.319106 0.0959925 0.00289975 0.000334073
 0.762889 0.0836404 0.116647 0.0363945 0.000428098
 0.88444 0.0763242 0.0277011 0.0115352 0
 0.521256 0.241999 0.230069 0.00667565 0
 0.616807 0.101726 0.260614 0.0208532 0
 0.833518 0.0704572 0.0857862 0.0102388 0
ppred_PELACES
 0.41243 0.109042 0.454968 0.023558 7.71702e-07
 0.395572 0.280598 0.060097 0.250749 0.0129841
 0.531287 0.209616 0.120282 0.0257615 0.113053
 0.769639 0.134419 0.0429069 0.024621 0.0284144
 0.632304 0.296074 0.0417928 0.0133404 0.0164895
 0.712447 0.195441 0.0741698 0.0104696 0.00747272
 0.447077 0.416765 0.0925424 0.0351199 0.00849578
 0.404369 0.298063 0.224291 0.0498037 0.0234727
 0.475051 0.239225 0.142981 0.107592 0.0351507
 0.630857 0.194916 0.0793976 0.0474544 0.0473756
 0.758461 0.163996 0.040944 0.0166783 0.01992
 0.705373 0.23418 0.0410414 0.0102466 0.00915901
 0.652601 0.259842 0.069594 0.0121968 0.00576699
 0.592921 0.284746 0.0915008 0.0245069 0.00632576
 0.689033 0.200324 0.0773928 0.0248696 0.0083802
 0.909519 0.0663293 0.0155585 0.00601085 0.0025824
 0.417146 0.539541 0.031752 0.00744791 0.00411361
 0.87613 0.0581603 0.0608264 0.00357964 0.00130342
 0.594529 0.363879 0.0195282 0.0204234 0.00163956
 0.584041 0.268291 0.13252 0.00711194 0.00803507
 0.728008 0.172678 0.0640573 0.0316406 0.00361651
 0.733681 0.204535 0.0392241 0.0145507 0.00800874
 0.327773 0.519819 0.11705 0.022447 0.0129103
 0.729999 0.101512 0.130289 0.029338 0.00886209
 0.611633 0.298868 0.0336487 0.0431877 0.0126624
 0.43205 0.375116 0.148395 0.0167074 0.027731
 0.713952 0.13854 0.0974251 0.0385412 0.0115415
 0.671381 0.24813 0.0389829 0.0274138 0.0140925
 0.365294 0.454523 0.136051 0.0213745 0.0227581
 0.436098 0.234257 0.236064 0.0706603 0.022921
 0.817481 0.0891875 0.0387719 0.0390711 0.0154887
pobs_pel_tallas
 0 0 0 0 0 0 0 0 0 0 0 0 0 0 0 0 0 0 0 0 0 0 0 0 0 0
 0 0 0 0 0 0 0 0 0 0 0 0 0 0 0 0 0 0 0 0 0 0 0 0 0 0
 0 0 0 0 0 0 0 0 0 0 0 0 0 0 0 0 0 0 0 0 0 0 0 0 0 0
 0 0 0 0 0 0 0 0 0 0 0 0 0 0 0 0 0 0 0 0 0 0 0 0 0 0
 0 0 0 0 0 0 0 0 0 0 0 0 0 0 0 0 0 0 0 0 0 0 0 0 0 0
 0 0 0 0 0 0 0 0 0 0 0 0 0 0 0 0 0 0 0 0 0 0 0 0 0 0
 0 0 0 0 0 0 0 0 0 0 0 0 0 0 0 0 0 0 0 0 0 0 0 0 0 0
 0 0 0 0 0 0 0 0 0 0 0 0 0 0 0 0 0 0 0 0 0 0 0 0 0 0
 0 0 0 0 0 0 0 0 0 0 0 0 0 0 0 0 0 0 0 0 0 0 0 0 0 0
 0 0 0 0 0 0 0 0 0 0 0 0 0 0 0 0 0 0 0 0 0 0 0 0 0 0
 0 0 0 0 0 0 0 0 0 0 0 0 0 0 0 0 0 0 0 0 0 0 0 0 0 0
 0 0 0 0 0 0 0 0 0 0 0 0 0 0 0 0 0 0 0 0 0 0 0 0 0 0
 0.00862536 0 0 0.000197151 0.00414017 0.0128641 0.00837892 0.0270097 0.101434 0.158115 0.152841 0.127902 0.109271 0.109419 0.0830992 0.0579132 0.0238553 0.00714673 0.00463305 0.00128148 0.00103504 0.000492878 0.000147863 0.000147863 4.92878e-05 0
 0 0 0 0 0 0 0 0 0 0 0 0 0 0 0 0 0 0 0 0 0 0 0 0 0 0
 0 0 0 0 0 0 0 0.0054083 0.00873648 0.0413646 0.0450493 0.0745869 0.0622846 0.0627006 0.0613931 0.0827291 0.12552 0.122667 0.0946155 0.0697135 0.0546179 0.0294188 0.0215738 0.0213955 0.0102223 0.00600262
 0 0 0 0 0.00359764 0.0251062 0.0480494 0.140153 0.205849 0.193036 0.1447 0.116669 0.0760912 0.0342217 0.00950174 0.001854 0.000860785 0 0 0 0.000165536 0 0.000143464 0 0 0
 0 0 0 0 0 0 0 0.000145254 0.000435761 0.0275982 0.070085 0.0708112 0.156366 0.174668 0.174014 0.160142 0.0824315 0.0480064 0.0283245 0.00493863 0.00203355 0 0 0 0 0
 0 0 0 0 0 0 0 0 0 0 0 0 0 0 0 0 0 0 0 0 0 0 0 0 0 0
 0 0 1.00437e-05 0.000401748 0.00122533 0.00171747 0.00176769 0.0269171 0.070346 0.194647 0.189555 0.159765 0.064822 0.0314167 0.0384472 0.0292271 0.0345202 0.0313363 0.0194345 0.0106764 0.0143323 0.0359363 0.0279516 0.0138201 0.00172751 0
 0 0.0021121 0.0136068 0.0755702 0.200478 0.177729 0.0527432 0.0373336 0.0318909 0.0142505 0.0149659 0.0166563 0.0217959 0.0798694 0.0677717 0.0528807 0.04013 0.0224614 0.0357745 0.0225083 0.00881397 0.00855152 0.00135912 0.000746735 0 0
 0 0 0 0 5.4009e-05 0.00500934 0.000945158 0.0243581 0.138947 0.33067 0.221406 0.137944 0.0707744 0.0437923 0.0131692 0.00525238 0.0047753 0.00276346 9.45158e-05 9.00151e-06 2.25038e-05 9.00151e-06 4.50075e-06 0 0 0
 0.000866109 0.00284123 0.00948549 0.0512746 0.133035 0.25785 0.225252 0.132002 0.0553304 0.0519788 0.0540692 0.017754 0.00435017 0.00159236 0.00146478 0.000404838 0.000125132 0.000115318 0.000107957 0.000100596 0 0 0 0 0 0
 0 0 0 0 0.00144013 0.00171154 0.00461396 0.0210425 0.0478622 0.0707936 0.0888783 0.103762 0.0637923 0.0337046 0.0602308 0.124433 0.169614 0.0934646 0.0462172 0.0250306 0.0313229 0.00938855 0.002487 0.000210481 0 0
 0 0.00764035 0.051015 0.0998891 0.058973 0.0496711 0.0374665 0.0718981 0.12319 0.153886 0.159021 0.0857701 0.0377988 0.023471 0.0147837 0.00900784 0.00315554 0.000888139 0.00291439 0.00214683 0.00393193 0.00274676 0.000635225 9.99891e-05 0 0
 0 0 0 0 0 0 0 0 0 0 0 0 0 0 0 0 0 0 0 0 0 0 0 0 0 0
 0 0 0 0 0 0 0 0 0 0 0 0 0 0 0 0 0 0 0 0 0 0 0 0 0 0
 0 0 0 0 0 0 0 0 0 0 0 0 0 0 0 0 0 0 0 0 0 0 0 0 0 0
 0 0 0 0 0 0 0 0 0 0 0 0 0 0 0 0 0 0 0 0 0 0 0 0 0 0
 0 0 0 0 0 0 0 0 0 0 0 0 0 0 0 0 0 0 0 0 0 0 0 0 0 0
 0 0 0 0 0 0 0 0 0 0 0 0 0 0 0 0 0 0 0 0 0 0 0 0 0 0
 0 0 0 0 0 0 0 0 0 0 0 0 0 0 0 0 0 0 0 0 0 0 0 0 0 0
ppred_pel_tallas
 1.1552e-16 3.39714e-05 0.000330214 0.00219439 0.00997538 0.0310372 0.0661284 0.0965186 0.0965298 0.0661834 0.0312239 0.0105234 0.00360292 0.00351353 0.00639679 0.0113463 0.0182569 0.0269347 0.0370511 0.0482114 0.0597619 0.0704141 0.0781567 0.0808366 0.0771939 0.0676447
 1.2915e-16 3.25828e-05 0.000316717 0.00210469 0.00956765 0.0297687 0.0634263 0.0925782 0.0926054 0.0635591 0.0302149 0.0108585 0.00535199 0.00743065 0.0136214 0.0226868 0.0332338 0.0430665 0.0500879 0.0536324 0.0549731 0.0564182 0.0596365 0.0644912 0.0691471 0.0711898
 1.25241e-16 4.37615e-05 0.000425377 0.00282678 0.0128501 0.0399817 0.0851859 0.124336 0.124356 0.0852856 0.0403167 0.0138201 0.00527007 0.00578833 0.0103166 0.0172215 0.0253722 0.0331451 0.0389555 0.0422052 0.0436602 0.0448449 0.0469164 0.0499048 0.0527904 0.0541811
 1.08551e-16 6.33941e-05 0.000616214 0.00409496 0.0186151 0.0579185 0.123402 0.180112 0.180125 0.123466 0.0581321 0.0192327 0.00564791 0.00401516 0.00654526 0.0107924 0.0157161 0.0201495 0.0229649 0.023693 0.0228092 0.0213824 0.0203619 0.020058 0.0201308 0.0199569
 1.05411e-16 5.20821e-05 0.000506256 0.00336425 0.0152934 0.0475837 0.101383 0.147978 0.148006 0.101523 0.0480519 0.016646 0.00675973 0.00791957 0.0141344 0.0232935 0.0335738 0.0422765 0.0466927 0.0455938 0.0399686 0.0323496 0.0252819 0.0201243 0.0168732 0.0147716
 1.04505e-16 5.86834e-05 0.000570423 0.00379066 0.0172318 0.0536147 0.114232 0.16673 0.166748 0.114325 0.0539253 0.0181299 0.00604861 0.00551146 0.00947759 0.0156669 0.0227765 0.0290882 0.0328782 0.0333344 0.0309945 0.0272895 0.0235881 0.0205161 0.0179582 0.0155149
 1.07737e-16 3.68253e-05 0.000357955 0.00237874 0.0108134 0.0336448 0.0716852 0.104635 0.104675 0.0718818 0.0343051 0.0127214 0.00717107 0.0108298 0.0199548 0.0330105 0.0477383 0.0604353 0.0673461 0.0667444 0.0599334 0.0502822 0.04111 0.0340873 0.0290924 0.0251289
 1.15516e-16 3.33074e-05 0.00032376 0.0021515 0.00978043 0.0304307 0.0648369 0.0946374 0.0946665 0.0649789 0.0309083 0.0111638 0.00563846 0.00798441 0.0147253 0.0246664 0.0364101 0.0476393 0.0559749 0.0602858 0.061216 0.0604134 0.0591445 0.0574902 0.0546486 0.0498513
 1.20926e-16 3.91294e-05 0.000380352 0.00252757 0.01149 0.0357497 0.0761694 0.111176 0.1112 0.0762832 0.0361324 0.0125982 0.00532019 0.00651296 0.0117946 0.0197273 0.0291114 0.0381169 0.0449324 0.0488276 0.0505577 0.0516664 0.0532411 0.0551402 0.0562025 0.0551024
 1.15118e-16 5.19629e-05 0.000505098 0.00335655 0.0152584 0.0474747 0.101151 0.147636 0.147655 0.101243 0.0477851 0.0161564 0.00561598 0.00545569 0.00950893 0.0157858 0.0230932 0.0298237 0.0344025 0.036189 0.0358669 0.0349119 0.034557 0.0350676 0.0357774 0.0356715
 1.06268e-16 6.24735e-05 0.000607264 0.00403549 0.0183447 0.0570774 0.12161 0.177497 0.177513 0.121687 0.0573375 0.0190964 0.00592405 0.00473617 0.00792253 0.0130485 0.0189117 0.024046 0.0270107 0.0271703 0.025073 0.0220524 0.0193767 0.01761 0.0165638 0.0156863
 1.03822e-16 5.81007e-05 0.00056476 0.00375303 0.0170607 0.0530824 0.113098 0.165075 0.165098 0.113209 0.053453 0.0181314 0.00644129 0.00643574 0.0112155 0.0184693 0.0266472 0.0336112 0.0372223 0.0364996 0.0321965 0.0262685 0.0206772 0.0164641 0.0136328 0.0116351
 1.04274e-16 5.37539e-05 0.000522507 0.00347224 0.0157843 0.0491111 0.104637 0.152726 0.152751 0.10476 0.0495231 0.016975 0.0064635 0.00706088 0.0124961 0.0206381 0.0298757 0.037885 0.0423226 0.0420938 0.0379683 0.031987 0.0261656 0.0215282 0.0180375 0.0151608
 1.06242e-16 4.88382e-05 0.000474724 0.00315471 0.0143409 0.0446199 0.0950685 0.138761 0.138789 0.0952031 0.045072 0.0156477 0.00643912 0.00765848 0.0137329 0.0227331 0.0329948 0.0420215 0.0472892 0.0476228 0.0438484 0.0381265 0.032537 0.0280516 0.0245054 0.0212593
 1.06197e-16 5.67548e-05 0.000551677 0.00366609 0.0166655 0.0518527 0.110478 0.16125 0.16127 0.110573 0.0521712 0.0175866 0.0059823 0.00562172 0.00972626 0.0160966 0.0234344 0.0300033 0.0340662 0.0348223 0.0328444 0.0295949 0.0264312 0.0239068 0.0217885 0.0195587
 1.01506e-16 7.49159e-05 0.000728209 0.00483921 0.0219983 0.068445 0.14583 0.212844 0.21285 0.145861 0.0685501 0.0223021 0.00560232 0.00239601 0.00324805 0.0052662 0.00761487 0.00965292 0.0107825 0.0107325 0.00971207 0.00825552 0.00688452 0.00585396 0.00513117 0.00454503
 1.02498e-16 3.43599e-05 0.00033399 0.00221948 0.0100895 0.0313924 0.0668868 0.0976341 0.097686 0.0671405 0.0322441 0.0125485 0.00838833 0.0137889 0.0255531 0.0420994 0.0604298 0.075545 0.0823723 0.0785745 0.0659662 0.0493366 0.0336614 0.0218487 0.0143039 0.00992232
 1.0235e-16 7.21657e-05 0.000701476 0.00466156 0.0211908 0.0659324 0.140476 0.20503 0.205036 0.140504 0.066026 0.0214624 0.00534729 0.0022114 0.00297768 0.00490706 0.00729063 0.00964301 0.0115041 0.0126338 0.0130996 0.0131305 0.0128771 0.0122992 0.011263 0.00972295
 1.02983e-16 4.89707e-05 0.000476012 0.00316327 0.0143798 0.0447411 0.0953269 0.13914 0.139175 0.095498 0.0453155 0.0160384 0.00732439 0.00955257 0.0172661 0.028413 0.0408013 0.0510546 0.055774 0.0534131 0.0452226 0.0344409 0.0243969 0.0169813 0.012364 0.00969291
 1.05966e-16 4.81068e-05 0.000467615 0.00310747 0.0141261 0.0439517 0.0936447 0.136683 0.136709 0.0937719 0.044379 0.0153622 0.0062172 0.00727932 0.0130524 0.0216778 0.0316306 0.0406218 0.0463147 0.0475766 0.0450557 0.0405577 0.0357772 0.0314408 0.0273785 0.0231695
 1.05678e-16 5.99651e-05 0.000582882 0.00387346 0.0176082 0.0547857 0.116727 0.17037 0.170387 0.116809 0.0550602 0.0184021 0.00586981 0.00495278 0.00839432 0.0138756 0.020203 0.0258759 0.0294052 0.0301138 0.0285096 0.0258603 0.0233278 0.0213595 0.0197078 0.0178784
 1.03999e-16 6.04324e-05 0.000587425 0.00390364 0.0177454 0.0552127 0.117637 0.171699 0.171719 0.117734 0.0555365 0.0186811 0.00625332 0.00572023 0.00981885 0.0161644 0.0233458 0.0295013 0.0327775 0.0323298 0.0288175 0.023932 0.0193498 0.01593 0.0136246 0.0119194
 1.07947e-16 2.69984e-05 0.000262434 0.00174397 0.00792785 0.0246668 0.052557 0.076719 0.0767692 0.0528022 0.0254902 0.0103073 0.00772003 0.0133196 0.0248585 0.0411411 0.0594681 0.0752135 0.0836607 0.082617 0.0736747 0.0610306 0.0488684 0.0393727 0.0325338 0.0272485
 1.08228e-16 6.01291e-05 0.000584476 0.00388405 0.0176563 0.0549354 0.117046 0.170834 0.170844 0.117095 0.0550999 0.0181339 0.00509201 0.00325217 0.00521688 0.00876609 0.0131768 0.0177355 0.0217327 0.0248149 0.0270974 0.0288725 0.0301843 0.0306743 0.0298286 0.027382
 1.07522e-16 5.03795e-05 0.000489706 0.00325427 0.0147935 0.0460281 0.0980689 0.14314 0.143169 0.0982096 0.0465008 0.0161586 0.0066813 0.00797204 0.0142647 0.0235158 0.0339087 0.0427406 0.0473133 0.0464397 0.0411769 0.0341189 0.0278155 0.0235365 0.0211025 0.0195501
 1.10747e-16 3.55875e-05 0.000345923 0.00229878 0.01045 0.0325139 0.0692756 0.101117 0.101154 0.0694531 0.0331103 0.0121745 0.0066351 0.0098369 0.0181335 0.0301126 0.0438215 0.0560447 0.0635033 0.0646625 0.0605678 0.0539601 0.0474343 0.0421339 0.0377605 0.0334648
 1.08666e-16 5.88073e-05 0.000571628 0.00379867 0.0172682 0.0537279 0.114473 0.16708 0.167094 0.114539 0.0539498 0.0179109 0.00541845 0.00412982 0.00688215 0.0114579 0.0169097 0.0221346 0.0260439 0.0281452 0.0287807 0.0287528 0.028656 0.0284809 0.0277526 0.0259829
 1.06323e-16 5.53008e-05 0.000537544 0.00357217 0.0162386 0.0505244 0.107648 0.157121 0.157145 0.107765 0.0509171 0.017373 0.00642074 0.0067591 0.0118808 0.0195806 0.028269 0.0357036 0.0396503 0.0391142 0.0349424 0.0292387 0.0240687 0.0204575 0.0182676 0.0167493
 1.10038e-16 3.00888e-05 0.000292474 0.0019436 0.00883534 0.0274902 0.0585725 0.0854975 0.0855414 0.0587872 0.0282114 0.0109199 0.00718178 0.0117464 0.0218387 0.036202 0.0524894 0.0667263 0.07486 0.0750055 0.0685074 0.0588868 0.0495746 0.0422391 0.0366955 0.0319249
 1.17838e-16 3.59208e-05 0.000349163 0.00232031 0.0105478 0.0328183 0.0699238 0.102061 0.102083 0.0700359 0.0331959 0.0116427 0.0050853 0.00644065 0.0117685 0.0198292 0.0295742 0.0393288 0.0473766 0.0529097 0.0563566 0.0587221 0.0605262 0.0612954 0.0599757 0.055797
 1.07682e-16 6.73348e-05 0.000654519 0.00434951 0.0197722 0.0615188 0.131073 0.191306 0.191315 0.131115 0.061661 0.0201838 0.0053855 0.00292614 0.00441183 0.0072689 0.0106635 0.0138462 0.0161191 0.0172119 0.0174447 0.0174704 0.0177928 0.0184424 0.0190172 0.0189837
pSPR Fmed_Fpbrs
0.732946   0.194242 0.194242
Fs Fmed_Fpbrs
0.156197   1.005 1.005
SSBpbr Bo_Bmed_Bpbrs
2.39552e+06  1.63601e+06  345536 345536
Ro
235106
SPR SPRFo_SPRFmed_SPRFpbrs
1.68052e+06 1.23173e+06 326428
Fref
1.005
Nvult_r0
 276587 24983.9 10861.1 10944.9 4338.81
CTP_r0
 28734.3 2898.18 1259.9 1269.63 503.309
YTP_r0
391302
Np
 305974 134762 11900.2 5173.31 6895.21
Nvult_p0
 259652 116615 10297.7 4476.67 5966.7
CTP_p0
 122117 58452.9 5161.71 2243.92 2990.79
YTP_p0
 2.14914e+06
CBA_c0
918654
log_Ro
12.1878
likeval ReclasPelacesDesembMPH_pf_preclas_ppelaces_ptallas_desvR_qrecl_qpela
 19.0486 18.8264 0.146815 0.00348899 241.971 120.913 99.2329 0 20.0478 9.6683e-06 0 0.745405 0 0 0
q_reclas_q_pelaces
0.643641 1
M
1
N
 248736 53828.6 224595 11629.4 0.38095
 144691 84582.6 18115.5 75585 3913.88
 142298 46240.4 26533.8 5682.88 24939.1
 316245 45718.7 14593.5 8374.12 9664.33
 253894 97076.8 13703.1 4374.05 5406.58
 391538 88249.5 33490.7 4727.44 3374.24
 165684 128612 28558.3 10837.9 2621.78
 80191 48156.8 36237.8 8046.59 3792.39
 68551.4 28457.3 17008.4 12798.7 4181.38
 85348.1 21849 8900.04 5319.39 5310.55
 147121 25965.8 6482.73 2640.7 3153.97
 185058 51311.8 8992.68 2245.15 2006.86
 157745 52353.6 14022 2457.44 1161.95
 111718 45430.7 14598.8 3910.03 1009.26
 114808 27865.2 10765.4 3459.37 1165.69
 536019 32603.5 7647.65 2954.57 1269.35
 143726 153527 9035.07 2119.31 1170.53
 820832 45042.6 47107.5 2772.28 1009.44
 499931 255088 13689.8 14317.3 1149.37
 376605 143778 71018.2 3811.32 4306.02
 568580 111434 41338 20418.6 2333.83
 766433 177391 34018.6 12619.7 6945.89
 175540 228923 51547.8 9885.43 5685.54
 501493 57228.6 73452.3 16539.7 4996.11
 415212 166552 18751.6 24067.4 7056.43
 193349 137500 54394.6 6124.14 10164.8
 410290 65339.7 45948.6 18177.2 5443.33
 449743 136188 21396.1 15046.3 7734.75
 148632 151546 45361.8 7126.65 7587.96
 113242 50025.8 50411.8 15089.6 4894.81
 411349 36884.1 16034.4 16158.1 6405.45
pred_Ctot
 11971.2 2919.88 12182.9 630.825 0.0206643
 12146.7 7976.83 1708.44 7128.28 369.111
 11518.4 4206 2413.5 516.912 2268.44
 33591.8 5444.19 1737.8 997.191 1150.83
 8895.49 3837.93 541.749 172.928 213.749
 26753.2 6783.76 2574.44 363.4 259.379
 22411.5 19449.2 4318.69 1638.94 396.474
 1798.08 1219.81 917.901 203.819 96.061
 5858.24 2731.59 1632.62 1228.54 401.367
 9479.44 2719.27 1107.68 662.037 660.937
 4851.19 966.316 241.254 98.2734 117.375
 27604.5 8545.46 1497.64 373.907 334.222
 22087.2 8191.5 2193.95 384.503 181.804
 23466 10589.7 3402.91 911.411 235.255
 16902.8 4581.18 1769.88 568.738 191.645
 76570.2 5203.04 1220.45 471.506 202.57
 13633.7 16343.8 961.834 225.613 124.61
 81668.3 5027.21 5257.66 309.414 112.663
 70361.8 40116.1 2152.9 2251.59 180.754
 47419.2 20257.2 10005.9 536.986 606.686
 55343.3 12169.7 4514.54 2229.93 254.879
 92685.2 24015.6 4605.52 1708.48 940.351
 12752.8 18702.7 4211.38 807.626 464.501
 31080.3 3992.47 5124.3 1153.87 348.547
 26427.3 11930.9 1343.27 1724.07 505.487
 10017.5 8026.53 3175.29 357.496 593.373
 25557.6 4581.44 3221.79 1274.53 381.672
 24065.1 8209.25 1289.73 906.972 466.242
 8053.3 9249.58 2768.65 434.974 463.13
 8287.21 4116.79 4148.55 1241.77 402.81
 28734.3 2898.18 1259.9 1269.63 503.309
F
 0.0786636 0.0890391 0.0890391 0.0890391 0.0890391
 0.140744 0.159307 0.159307 0.159307 0.159307
 0.135414 0.153275 0.153275 0.153275 0.153275
 0.181013 0.204889 0.204889 0.204889 0.204889
 0.0567498 0.064235 0.064235 0.064235 0.064235
 0.113278 0.12822 0.12822 0.12822 0.12822
 0.235622 0.2667 0.2667 0.2667 0.2667
 0.0360079 0.0407572 0.0407572 0.0407572 0.0407572
 0.143429 0.162347 0.162347 0.162347 0.162347
 0.189958 0.215013 0.215013 0.215013 0.215013
 0.0533344 0.0603691 0.0603691 0.0603691 0.0603691
 0.262649 0.297292 0.297292 0.297292 0.297292
 0.244795 0.277083 0.277083 0.277083 0.277083
 0.388597 0.439852 0.439852 0.439852 0.439852
 0.258841 0.292982 0.292982 0.292982 0.292982
 0.250293 0.283306 0.283306 0.283306 0.283306
 0.160302 0.181445 0.181445 0.181445 0.181445
 0.16871 0.190962 0.190962 0.190962 0.190962
 0.2462 0.278673 0.278673 0.278673 0.278673
 0.217767 0.24649 0.24649 0.24649 0.24649
 0.164788 0.186523 0.186523 0.186523 0.186523
 0.208363 0.235846 0.235846 0.235846 0.235846
 0.120813 0.136748 0.136748 0.136748 0.136748
 0.102285 0.115776 0.115776 0.115776 0.115776
 0.105169 0.11904 0.11904 0.11904 0.11904
 0.0848999 0.096098 0.096098 0.096098 0.096098
 0.102829 0.116392 0.116392 0.116392 0.116392
 0.0877865 0.0993653 0.0993653 0.0993653 0.0993653
 0.0889348 0.100665 0.100665 0.100665 0.100665
 0.121744 0.137802 0.137802 0.137802 0.137802
 0.115933 0.131224 0.131224 0.131224 0.131224
nmprior
 8.19 8.8 8.5 0
nm_flota  nm_reclas  nm_pelaces    nm_pelaL
inf 11.2296 13.68 29.9854
cv_recla  cv_pelaces  cv_mph
0.394781 0.491989 1.82287
 ------------------------------------------------
Talla a la edad & desviaci?n 
 8 13.2811 15.8009 17.003 17.5766
 0.8 1.32811 1.58009 1.7003 1.75766
