years
 1991 1992 1993 1994 1995 1996 1997 1998 1999 2000 2001 2002 2003 2004 2005 2006 2007 2008 2009 2010 2011 2012 2013 2014 2015 2016 2017 2018 2019 2020 2021
reclasobs
 0 0 0 0 0 0 0 0 0 252601 567819 844713 477998 351125 339783 2.1784e+06 2.13404e+06 4.81314e+06 1.55562e+06 2.62356e+06 3.21686e+06 3.843e+06 1.13348e+06 3.07943e+06 1.97215e+06 2.03268e+06 2.025e+06 2.42433e+06 2.27542e+06 1.05018e+06 2.36338e+06
reclaspred
 3.25184e+06 1.82678e+06 927179 939669 944387 1.48067e+06 944302 840137 612512 447068 505652 645465 637235 500756 507504 1.28956e+06 1.25576e+06 2.82267e+06 2.32303e+06 1.73278e+06 3.056e+06 2.48294e+06 1.98212e+06 3.04605e+06 2.29146e+06 2.02976e+06 2.39421e+06 2.54157e+06 2.09511e+06 1.33014e+06 1.92616e+06
pelacesobs
 0 0 0 0 0 0 0 0 0 0 0 0 0 0 0 552880 188675 0 991730 2.46772e+06 1.41603e+06 1.21717e+06 2.29649e+06 1.80582e+06 0 1.4828e+06 1.56532e+06 1.57751e+06 1.42118e+06 867257 1.10002e+06
pelacespred
 1.81859e+06 1.13769e+06 578323 479204 500426 811057 483449 526741 372747 258221 300958 320662 347473 288715 300140 632114 616242 1.59239e+06 1.3549e+06 938001 1.599e+06 1.41073e+06 1.12329e+06 1.88811e+06 1.37039e+06 1.20975e+06 1.62558e+06 1.70485e+06 1.15488e+06 831417 1.18805e+06
mphobs
 0 0 0 0 0 0 0 0 0 0 0 498337 0 5186 125008 0 168611 109162 213762 579715 649985 157893 87575 83554 0 0 0 0 0 0 0
mphpred
 491129 328580 164328 90007.2 100421 114176 149557 94608.5 83676.9 57912.8 38337.5 59641.8 63965 54450 37406.2 47184.7 148313 142304 279959 211243 226101 278172 264521 219363 304451 251557 207374 220164 306877 210158 132519
desembarqueobs
 494567 514787 250237 358949 120608 361735 552515 73892 212993 205616 52469 317467 293654 387597 252695 516296 358380 742168 942051 627588 828172 859565 418607 520667 417249 300574 407403 355545 319650 289779 391294
desembarquepred
 494574 513426 250926 358978 120613 361751 552570 73896.2 213042 205662 52471.6 317537 293709 387643 252694 516267 358405 742078 941875 627468 828246 859595 418619 520693 417251 300577 407406 355534 319645 289789 391300
Reclutas
 202404 114693 115186 198226 158920 267189 111320 51296.9 47847.7 63121.6 116291 152810 128005 89740.9 90000.9 476761 104315 738679 424900 329031 483326 650282 138071 403498 341685 153562 340488 382278 115866 84351.9 311940
log_desv_Rt
 0.101551 -0.466455 -0.462163 0.0806924 -0.140314 0.37924 -0.496309 -1.27108 -1.34069 -1.06365 -0.452616 -0.179521 -0.356647 -0.711788 -0.708895 0.9583 -0.561304 1.39615 0.843139 0.587436 0.971976 1.26869 -0.280949 0.791457 0.625176 -0.174609 0.621665 0.737433 -0.456282 -0.773718 0.534095
SSB
 3.33007e+06 2.22792e+06 1.11422e+06 610288 680895 774162 1.01407e+06 641487 567366 392674 259945 404397 433711 369195 253631 319933 1.00563e+06 964884 1.89824e+06 1.43232e+06 1.53306e+06 1.88613e+06 1.79357e+06 1.48737e+06 2.06431e+06 1.70567e+06 1.40609e+06 1.49281e+06 2.08076e+06 1.42496e+06 898540
BT
 4.47425e+06 3.04589e+06 1.5399e+06 1.37037e+06 1.21078e+06 2.11677e+06 1.57465e+06 1.23916e+06 1.04308e+06 774805 716829 982128 1.04203e+06 1.04738e+06 923050 1.82924e+06 1.65449e+06 4.20642e+06 3.92835e+06 2.65634e+06 4.23837e+06 3.95021e+06 2.87015e+06 4.69518e+06 3.44133e+06 2.96439e+06 4.04102e+06 4.15852e+06 2.83956e+06 2.13548e+06 3.02088e+06
Ftot
 0.127854 0.232502 0.226217 0.338515 0.112881 0.22212 0.484973 0.0771357 0.301672 0.395973 0.097387 0.434772 0.405654 0.67138 0.457141 0.383226 0.245341 0.247728 0.354557 0.317917 0.243511 0.308679 0.180632 0.158107 0.159669 0.128774 0.156377 0.130218 0.128275 0.18451 0.189903
BD_Bspro_t
 0.979792 0.852883 0.699522 0.613762 0.609101 0.682086 0.672208 0.516541 0.572796 0.531599 0.499365 0.689948 0.57565 0.487658 0.382655 0.439913 0.606056 0.583449 0.67633 0.581687 0.553281 0.600853 0.616736 0.610923 0.712448 0.720993 0.728383 0.763154 0.806732 0.743568 0.678877
BD_Bspro
 2.54775 1.70452 0.85246 0.466916 0.520936 0.592292 0.775835 0.490786 0.434078 0.300425 0.198877 0.309394 0.331821 0.282462 0.194046 0.244773 0.769381 0.738209 1.4523 1.09583 1.17291 1.44303 1.37221 1.13795 1.57935 1.30496 1.07576 1.14211 1.59194 1.0902 0.687451
BD_Bo
 1.71241 1.14566 0.572961 0.313827 0.350135 0.398095 0.52146 0.32987 0.291755 0.201924 0.133671 0.207952 0.223026 0.18985 0.130424 0.164518 0.517122 0.49617 0.976129 0.736539 0.788343 0.969899 0.922301 0.764849 1.06152 0.8771 0.723049 0.767643 1.06998 0.732755 0.462054
BD_Brms
 3.11348 2.08301 1.04175 0.570594 0.636609 0.72381 0.948109 0.599764 0.530464 0.367134 0.243038 0.378095 0.405502 0.345182 0.237134 0.299124 0.940221 0.902127 1.77478 1.33916 1.43335 1.76345 1.67691 1.39063 1.93004 1.59473 1.31463 1.39571 1.94542 1.33228 0.840098
Sel_flota
 0.793897 0.986521 0.999281 0.999962 0.999998
 0.793897 0.986521 0.999281 0.999962 0.999998
 0.793897 0.986521 0.999281 0.999962 0.999998
 0.793897 0.986521 0.999281 0.999962 0.999998
 0.793897 0.986521 0.999281 0.999962 0.999998
 0.793897 0.986521 0.999281 0.999962 0.999998
 0.793897 0.986521 0.999281 0.999962 0.999998
 0.793897 0.986521 0.999281 0.999962 0.999998
 0.793897 0.986521 0.999281 0.999962 0.999998
 0.793897 0.986521 0.999281 0.999962 0.999998
 0.793897 0.986521 0.999281 0.999962 0.999998
 0.793897 0.986521 0.999281 0.999962 0.999998
 0.793897 0.986521 0.999281 0.999962 0.999998
 0.793897 0.986521 0.999281 0.999962 0.999998
 0.793897 0.986521 0.999281 0.999962 0.999998
 0.793897 0.986521 0.999281 0.999962 0.999998
 0.793897 0.986521 0.999281 0.999962 0.999998
 0.793897 0.986521 0.999281 0.999962 0.999998
 0.793897 0.986521 0.999281 0.999962 0.999998
 0.793897 0.986521 0.999281 0.999962 0.999998
 0.793897 0.986521 0.999281 0.999962 0.999998
 0.793897 0.986521 0.999281 0.999962 0.999998
 0.793897 0.986521 0.999281 0.999962 0.999998
 0.793897 0.986521 0.999281 0.999962 0.999998
 0.793897 0.986521 0.999281 0.999962 0.999998
 0.793897 0.986521 0.999281 0.999962 0.999998
 0.793897 0.986521 0.999281 0.999962 0.999998
 0.793897 0.986521 0.999281 0.999962 0.999998
 0.793897 0.986521 0.999281 0.999962 0.999998
 0.793897 0.986521 0.999281 0.999962 0.999998
 0.793897 0.986521 0.999281 0.999962 0.999998
Sel_reclas
 1 1 1 1 1
 1 1 1 1 1
 1 1 1 1 1
 1 1 1 1 1
 1 1 1 1 1
 1 1 1 1 1
 1 1 1 1 1
 1 1 1 1 1
 1 1 1 1 1
 1 1 1 1 1
 1 1 1 1 1
 1 1 1 1 1
 1 1 1 1 1
 1 1 1 1 1
 1 1 1 1 1
 1 1 1 1 1
 1 1 1 1 1
 1 1 1 1 1
 1 1 1 1 1
 1 1 1 1 1
 1 1 1 1 1
 1 1 1 1 1
 1 1 1 1 1
 1 1 1 1 1
 1 1 1 1 1
 1 1 1 1 1
 1 1 1 1 1
 1 1 1 1 1
 1 1 1 1 1
 1 1 1 1 1
 1 1 1 1 1
Sel_pelaces
 1 1 1 1 1
 1 1 1 1 1
 1 1 1 1 1
 1 1 1 1 1
 1 1 1 1 1
 1 1 1 1 1
 1 1 1 1 1
 1 1 1 1 1
 1 1 1 1 1
 1 1 1 1 1
 1 1 1 1 1
 1 1 1 1 1
 1 1 1 1 1
 1 1 1 1 1
 1 1 1 1 1
 1 1 1 1 1
 1 1 1 1 1
 1 1 1 1 1
 1 1 1 1 1
 1 1 1 1 1
 1 1 1 1 1
 1 1 1 1 1
 1 1 1 1 1
 1 1 1 1 1
 1 1 1 1 1
 1 1 1 1 1
 1 1 1 1 1
 1 1 1 1 1
 1 1 1 1 1
 1 1 1 1 1
 1 1 1 1 1
pf_obs 
 0.8446 0.082 0.0669 0.0065 0
 0.8095 0.147 0.0364 0.0071 0
 0.9664 0.0169 0.016 0.0007 0
 0.9276 0.0648 0.0075 0.0001 0
 0.7033 0.2144 0.0806 0.0017 0
 0.9318 0.0425 0.0243 0.0014 0
 0.5671 0.3108 0.0964 0.0239 0.0018
 0.0768 0.2599 0.5324 0.112 0.0189
 0.490249 0.384438 0.106611 0.0170017 0.00170017
 0.7925 0.1577 0.0466 0.003 0.0002
 0.840416 0.127587 0.0312969 0.00059994 9.999e-05
 0.8084 0.0986 0.0794 0.0134 0.0002
 0.7335 0.1905 0.0724 0.0035 0.0001
 0.4001 0.4547 0.1325 0.0127 0
 0.49795 0.308269 0.164784 0.0264974 0.00249975
 0.9179 0.0499 0.0305 0.0017 0
 0.2467 0.6533 0.0926 0.0074 0
 0.9418 0.0223 0.034 0.0019 0
 0.707729 0.231977 0.0356964 0.0245975 0
 0.517169 0.277429 0.184464 0.0207286 0.00020938
 0.811772 0.124168 0.05621 0.00726502 0.000585176
 0.764997 0.148141 0.077277 0.00933861 0.000247198
 0.163321 0.427699 0.378323 0.0303852 0.000271297
 0.753843 0.0900009 0.118128 0.0371064 0.000921714
 0.721811 0.176058 0.0630433 0.0369309 0.00215725
 0.143369 0.312575 0.442814 0.0836902 0.0175525
 0.692698 0.0596174 0.167031 0.0765114 0.00414204
 0.394062 0.376323 0.152708 0.0712218 0.00568511
 0.125707 0.32114 0.495352 0.0537591 0.00404204
 0.23352 0.215282 0.420074 0.123614 0.00750983
 0.774587 0.0839891 0.0768558 0.0609784 0.00358967
pf_pred 
 0.439754 0.120941 0.415072 0.0242325 8.01855e-07
 0.409812 0.293371 0.0647418 0.219282 0.0127934
 0.557622 0.207371 0.117675 0.0256074 0.0917245
 0.739989 0.160083 0.0472005 0.0264122 0.0263148
 0.645108 0.27866 0.0472097 0.0137149 0.0153083
 0.739592 0.180718 0.0627508 0.0104929 0.00644612
 0.468607 0.41583 0.080545 0.027579 0.00743906
 0.443634 0.297632 0.203181 0.0387298 0.0168238
 0.525335 0.236646 0.128098 0.0863324 0.0235887
 0.689082 0.182411 0.0645484 0.0344339 0.0295246
 0.804832 0.144713 0.0297933 0.0103827 0.0102793
 0.728695 0.227144 0.0328564 0.00667694 0.00462726
 0.674575 0.252852 0.0609162 0.00867433 0.00298185
 0.618032 0.278308 0.0808227 0.0191717 0.00366541
 0.725799 0.187649 0.0633683 0.0180795 0.00510368
 0.930043 0.0542415 0.0108097 0.0035929 0.00131334
 0.384532 0.581537 0.0263994 0.00518158 0.00234986
 0.894376 0.0466189 0.055796 0.0024974 0.000711935
 0.590175 0.375073 0.0154601 0.0182431 0.00104853
 0.598695 0.260332 0.129187 0.00524557 0.0065404
 0.734525 0.174288 0.0594601 0.0290758 0.00265052
 0.739993 0.202402 0.0380049 0.0127839 0.00681604
 0.320651 0.532755 0.11449 0.021186 0.0109174
 0.735592 0.0984652 0.13052 0.0276703 0.00775317
 0.623326 0.29311 0.0313844 0.041047 0.0111323
 0.432066 0.38325 0.144153 0.0152292 0.0253017
 0.726206 0.133526 0.0950646 0.0352884 0.00991475
 0.683714 0.243373 0.035807 0.0251538 0.011952
 0.351518 0.473296 0.13522 0.0196339 0.0203317
 0.41951 0.234515 0.253419 0.071453 0.0211034
 0.819457 0.0862088 0.0384249 0.0409604 0.014949
pobs_RECLAS
 0 0 0 0 0
 0 0 0 0 0
 0 0 0 0 0
 0 0 0 0 0
 0 0 0 0 0
 0 0 0 0 0
 0 0 0 0 0
 0 0 0 0 0
 0 0 0 0 0
 0 0 0 0 0
 0.991045 0.00858322 0.000360255 1.14367e-05 0
 0.934742 0.0480273 0.0164251 0.00080598 0
 0.827803 0.169806 0.00239088 0 0
 0.941827 0.0461693 0.0120037 0 0
 0.791401 0.0380133 0.147996 0.0225897 0
 0.846168 0.0940531 0.0597789 0 0
 0.134021 0.677848 0.182769 0.00536245 0
 0.80878 0.0450904 0.141981 0.00414843 0
 0.846168 0.0940531 0.0597789 0 0
 0.905697 0.0802665 0.012482 0.00150086 5.37128e-05
 0.989698 0.0102097 9.19794e-05 0 0
 0.975433 0.0193895 0.00387452 0.00125025 5.28907e-05
 0.303575 0.632131 0.0575291 0.00676475 0
 0.966965 0.00978017 0.0227588 0.000495775 0
 0.843318 0.132988 0.00938335 0.0141283 0.000182051
 0.564624 0.303363 0.111486 0.0197234 0.00080311
 0.826376 0.0876187 0.0782897 0.00655872 0.00115652
 0.89761 0.0855135 0.0140674 0.00269457 0.000114338
 0.34875 0.467042 0.161289 0.0227151 0.000203297
 0.318654 0.224769 0.449479 0.00709798 0
 0.937255 0.0296025 0.0250945 0.00804832 0
ppred_RECLAS
 0.49688 0.109724 0.37171 0.021686 7.17565e-07
 0.46599 0.267274 0.0582122 0.197029 0.0114947
 0.613052 0.182689 0.102316 0.0222495 0.0796939
 0.781643 0.135145 0.0393202 0.021987 0.0219052
 0.694155 0.240828 0.0402742 0.011692 0.0130499
 0.780623 0.152861 0.0523855 0.00875354 0.00537739
 0.526291 0.3718 0.0710444 0.0243084 0.00655661
 0.499542 0.269352 0.181512 0.0345756 0.0150187
 0.582107 0.209761 0.11205 0.0754635 0.0206182
 0.73635 0.15556 0.054313 0.0289531 0.0248243
 0.837409 0.120969 0.0245842 0.00856151 0.0084759
 0.771507 0.191725 0.0273613 0.00555628 0.00385047
 0.722679 0.216125 0.0513729 0.00731019 0.00251282
 0.672339 0.239653 0.0686302 0.0162675 0.00311004
 0.769405 0.15849 0.0528017 0.015054 0.00424944
 0.943515 0.0439295 0.00863812 0.00286908 0.00104872
 0.438387 0.531039 0.0237916 0.00466648 0.00211618
 0.914163 0.0381651 0.0450803 0.00201636 0.000574785
 0.643447 0.326696 0.0132875 0.0156684 0.000900512
 0.652105 0.226741 0.111032 0.00450525 0.00561713
 0.776288 0.147546 0.0496782 0.0242756 0.00221285
 0.781135 0.170883 0.0316637 0.0106434 0.00567457
 0.371119 0.49458 0.104905 0.019399 0.00999621
 0.77756 0.0835232 0.109279 0.0231512 0.0064867
 0.674094 0.25436 0.0268823 0.0351345 0.00952842
 0.487583 0.347263 0.128929 0.0136115 0.0226133
 0.768927 0.113457 0.0797302 0.0295758 0.00830941
 0.729773 0.20857 0.0302899 0.0212635 0.0101032
 0.403873 0.436628 0.123133 0.0178665 0.0185008
 0.475944 0.213391 0.227597 0.0641279 0.0189393
 0.85074 0.071774 0.0315751 0.0336353 0.0122752
pobs_PELACES
 0 0 0 0 0
 0 0 0 0 0
 0 0 0 0 0
 0 0 0 0 0
 0 0 0 0 0
 0 0 0 0 0
 0 0 0 0 0
 0 0 0 0 0
 0 0 0 0 0
 0 0 0 0 0
 0 0 0 0 0
 0 0 0 0 0
 0 0 0 0 0
 0 0 0 0 0
 0 0 0 0 0
 0 0 0 0 0
 0.505614 0.472636 0.0217494 0 0
 0 0 0 0 0
 0.443492 0.261883 0.143347 0.151278 0
 0.227955 0.32914 0.350689 0.0885471 0.00366901
 0.970185 0.0296113 0.000203453 0 0
 0.997202 0.00247181 0.000326279 0 0
 0.445219 0.490057 0.0546422 0.010081 0
 0.90214 0.0892962 0.00764917 0.000914606 0
 0 0 0 0 0
 0.581667 0.319106 0.0959925 0.00289975 0.000334073
 0.762889 0.0836404 0.116647 0.0363945 0.000428098
 0.88444 0.0763242 0.0277011 0.0115352 0
 0.521256 0.241999 0.230069 0.00667565 0
 0.616807 0.101726 0.260614 0.0208532 0
 0.833518 0.0704572 0.0857862 0.0102388 0
ppred_PELACES
 0.499017 0.109304 0.370088 0.0215907 7.14412e-07
 0.469797 0.265504 0.0577701 0.195522 0.0114068
 0.616579 0.181117 0.101339 0.022036 0.0789287
 0.785387 0.132901 0.0386124 0.0215896 0.0215092
 0.695699 0.239638 0.0400561 0.0116284 0.0129789
 0.78308 0.151192 0.0517651 0.00864946 0.00531344
 0.534081 0.365849 0.0697647 0.0238679 0.00643777
 0.500806 0.268713 0.181022 0.0344817 0.014978
 0.586922 0.207479 0.11069 0.0745426 0.0203665
 0.741342 0.152722 0.0532332 0.028375 0.0243285
 0.838265 0.120345 0.0244474 0.00851369 0.00842855
 0.776394 0.18768 0.0267351 0.00542858 0.00376196
 0.727892 0.212143 0.0503403 0.00716259 0.00246208
 0.681837 0.232885 0.0665037 0.0157611 0.00301319
 0.774627 0.154995 0.0515382 0.0146923 0.00414731
 0.944818 0.0429315 0.00842827 0.00279914 0.00102315
 0.442244 0.527421 0.0236052 0.00462965 0.00209947
 0.915436 0.0376212 0.0443914 0.00198544 0.000565968
 0.64863 0.321989 0.0130765 0.0154183 0.000886137
 0.65678 0.223798 0.109445 0.00444051 0.00553639
 0.779026 0.145792 0.0490374 0.0239611 0.00218418
 0.78452 0.168289 0.0311425 0.0104675 0.00558076
 0.373842 0.49252 0.104389 0.0193027 0.00994658
 0.779366 0.08288 0.108365 0.0229568 0.00643222
 0.676354 0.252636 0.0266821 0.0348716 0.00945709
 0.489673 0.345908 0.128357 0.0135507 0.0225121
 0.770749 0.112601 0.0790765 0.0293323 0.00824098
 0.731428 0.20732 0.0300918 0.0211239 0.0100368
 0.405872 0.435226 0.122671 0.017799 0.0184309
 0.478987 0.212252 0.226206 0.0637331 0.0188227
 0.852321 0.0710445 0.0312292 0.0332654 0.0121402
pobs_pel_tallas
 0 0 0 0 0 0 0 0 0 0 0 0 0 0 0 0 0 0 0 0 0 0 0 0 0 0
 0 0 0 0 0 0 0 0 0 0 0 0 0 0 0 0 0 0 0 0 0 0 0 0 0 0
 0 0 0 0 0 0 0 0 0 0 0 0 0 0 0 0 0 0 0 0 0 0 0 0 0 0
 0 0 0 0 0 0 0 0 0 0 0 0 0 0 0 0 0 0 0 0 0 0 0 0 0 0
 0 0 0 0 0 0 0 0 0 0 0 0 0 0 0 0 0 0 0 0 0 0 0 0 0 0
 0 0 0 0 0 0 0 0 0 0 0 0 0 0 0 0 0 0 0 0 0 0 0 0 0 0
 0 0 0 0 0 0 0 0 0 0 0 0 0 0 0 0 0 0 0 0 0 0 0 0 0 0
 0 0 0 0 0 0 0 0 0 0 0 0 0 0 0 0 0 0 0 0 0 0 0 0 0 0
 0 0 0 0 0 0 0 0 0 0 0 0 0 0 0 0 0 0 0 0 0 0 0 0 0 0
 0 0 0 0 0 0 0 0 0 0 0 0 0 0 0 0 0 0 0 0 0 0 0 0 0 0
 0 0 0 0 0 0 0 0 0 0 0 0 0 0 0 0 0 0 0 0 0 0 0 0 0 0
 0 0 0 0 0 0 0 0 0 0 0 0 0 0 0 0 0 0 0 0 0 0 0 0 0 0
 0.00862536 0 0 0.000197151 0.00414017 0.0128641 0.00837892 0.0270097 0.101434 0.158115 0.152841 0.127902 0.109271 0.109419 0.0830992 0.0579132 0.0238553 0.00714673 0.00463305 0.00128148 0.00103504 0.000492878 0.000147863 0.000147863 4.92878e-05 0
 0 0 0 0 0 0 0 0 0 0 0 0 0 0 0 0 0 0 0 0 0 0 0 0 0 0
 0 0 0 0 0 0 0 0.0054083 0.00873648 0.0413646 0.0450493 0.0745869 0.0622846 0.0627006 0.0613931 0.0827291 0.12552 0.122667 0.0946155 0.0697135 0.0546179 0.0294188 0.0215738 0.0213955 0.0102223 0.00600262
 0 0 0 0 0.00359764 0.0251062 0.0480494 0.140153 0.205849 0.193036 0.1447 0.116669 0.0760912 0.0342217 0.00950174 0.001854 0.000860785 0 0 0 0.000165536 0 0.000143464 0 0 0
 0 0 0 0 0 0 0 0.000145254 0.000435761 0.0275982 0.070085 0.0708112 0.156366 0.174668 0.174014 0.160142 0.0824315 0.0480064 0.0283245 0.00493863 0.00203355 0 0 0 0 0
 0 0 0 0 0 0 0 0 0 0 0 0 0 0 0 0 0 0 0 0 0 0 0 0 0 0
 0 0 1.00437e-05 0.000401748 0.00122533 0.00171747 0.00176769 0.0269171 0.070346 0.194647 0.189555 0.159765 0.064822 0.0314167 0.0384472 0.0292271 0.0345202 0.0313363 0.0194345 0.0106764 0.0143323 0.0359363 0.0279516 0.0138201 0.00172751 0
 0 0.0021121 0.0136068 0.0755702 0.200478 0.177729 0.0527432 0.0373336 0.0318909 0.0142505 0.0149659 0.0166563 0.0217959 0.0798694 0.0677717 0.0528807 0.04013 0.0224614 0.0357745 0.0225083 0.00881397 0.00855152 0.00135912 0.000746735 0 0
 0 0 0 0 5.4009e-05 0.00500934 0.000945158 0.0243581 0.138947 0.33067 0.221406 0.137944 0.0707744 0.0437923 0.0131692 0.00525238 0.0047753 0.00276346 9.45158e-05 9.00151e-06 2.25038e-05 9.00151e-06 4.50075e-06 0 0 0
 0.000866109 0.00284123 0.00948549 0.0512746 0.133035 0.25785 0.225252 0.132002 0.0553304 0.0519788 0.0540692 0.017754 0.00435017 0.00159236 0.00146478 0.000404838 0.000125132 0.000115318 0.000107957 0.000100596 0 0 0 0 0 0
 0 0 0 0 0.00144013 0.00171154 0.00461396 0.0210425 0.0478622 0.0707936 0.0888783 0.103762 0.0637923 0.0337046 0.0602308 0.124433 0.169614 0.0934646 0.0462172 0.0250306 0.0313229 0.00938855 0.002487 0.000210481 0 0
 0 0.00764035 0.051015 0.0998891 0.058973 0.0496711 0.0374665 0.0718981 0.12319 0.153886 0.159021 0.0857701 0.0377988 0.023471 0.0147837 0.00900784 0.00315554 0.000888139 0.00291439 0.00214683 0.00393193 0.00274676 0.000635225 9.99891e-05 0 0
 0 0 0 0 0 0 0 0 0 0 0 0 0 0 0 0 0 0 0 0 0 0 0 0 0 0
 0 0 0 0 0 0 0 0 0 0 0 0 0 0 0 0 0 0 0 0 0 0 0 0 0 0
 0 0 0 0 0 0 0 0 0 0 0 0 0 0 0 0 0 0 0 0 0 0 0 0 0 0
 0 0 0 0 0 0 0 0 0 0 0 0 0 0 0 0 0 0 0 0 0 0 0 0 0 0
 0 0 0 0 0 0 0 0 0 0 0 0 0 0 0 0 0 0 0 0 0 0 0 0 0 0
 0 0 0 0 0 0 0 0 0 0 0 0 0 0 0 0 0 0 0 0 0 0 0 0 0 0
 0 0 0 0 0 0 0 0 0 0 0 0 0 0 0 0 0 0 0 0 0 0 0 0 0 0
ppred_pel_tallas
 1.12874e-16 4.11034e-05 0.00039954 0.00265508 0.0120696 0.0375531 0.0800113 0.116781 0.116792 0.0800658 0.0377375 0.0126093 0.00403618 0.00350214 0.00618981 0.0108348 0.0171524 0.0247851 0.0332728 0.0422094 0.0511383 0.0592004 0.0649521 0.0667488 0.0635691 0.0556929
 1.23274e-16 3.86966e-05 0.000376145 0.00249961 0.0113629 0.0353543 0.0753271 0.109947 0.109973 0.0754527 0.0357763 0.0125832 0.00556863 0.00709634 0.0128653 0.021386 0.0312534 0.0403292 0.0465506 0.0491977 0.0494025 0.0493398 0.0506895 0.0535496 0.0565016 0.0575782
 1.18538e-16 5.07869e-05 0.000493666 0.00328059 0.0149131 0.0464002 0.0988613 0.144295 0.144312 0.0989473 0.0466895 0.0157505 0.00538974 0.0051216 0.00891079 0.0148401 0.0218277 0.0284355 0.0332577 0.0357342 0.0364858 0.0368082 0.0377198 0.0393205 0.040859 0.0412955
 1.06954e-16 6.46913e-05 0.000628823 0.00417875 0.018996 0.0591037 0.125927 0.183797 0.18381 0.12599 0.0593147 0.0196061 0.0057122 0.0039836 0.00645786 0.0106327 0.015454 0.0197485 0.0223798 0.0228626 0.0216549 0.0198206 0.0183308 0.0175497 0.0172148 0.0167815
 1.0458e-16 5.73038e-05 0.000557014 0.00370155 0.0168267 0.0523543 0.111547 0.162811 0.162834 0.11166 0.0527335 0.0179222 0.00645208 0.00656378 0.0114723 0.0188945 0.0272596 0.034383 0.0380814 0.0373617 0.03301 0.0270441 0.0214809 0.0173801 0.0147186 0.0128919
 1.033e-16 6.45013e-05 0.000626975 0.00416647 0.0189402 0.05893 0.125557 0.183257 0.183272 0.125629 0.0591701 0.0196343 0.00591124 0.00444369 0.00733628 0.0120868 0.0175467 0.0223617 0.0251892 0.0254004 0.0234243 0.0203954 0.0174081 0.0149776 0.0130285 0.011242
 1.0559e-16 4.39916e-05 0.000427614 0.00284165 0.0129177 0.0401921 0.0856348 0.124994 0.125029 0.0858072 0.0407713 0.0145911 0.00704371 0.00960624 0.0174921 0.0288915 0.0417173 0.052679 0.0584476 0.0574899 0.0509628 0.0418792 0.0332463 0.0266391 0.0220401 0.0186147
 1.11286e-16 4.12508e-05 0.000400972 0.0026646 0.0121129 0.0376879 0.080299 0.117204 0.11723 0.0804268 0.0381177 0.0133572 0.00579935 0.00728164 0.0132191 0.022077 0.0324742 0.0422542 0.0492106 0.0522859 0.0520781 0.0501673 0.047862 0.0454354 0.0423388 0.0379736
 1.1417e-16 4.8344e-05 0.000469921 0.00312279 0.0141958 0.0441684 0.0941062 0.137355 0.137375 0.0942047 0.0444997 0.0151548 0.00553778 0.00576806 0.0101887 0.0169759 0.0249489 0.0324493 0.0378339 0.0404054 0.0407943 0.0403865 0.0402612 0.0405083 0.0403625 0.0388785
 1.08538e-16 6.10634e-05 0.000593558 0.0039444 0.0179307 0.0557891 0.118865 0.17349 0.173505 0.118937 0.0560319 0.0186328 0.00571001 0.00445864 0.0074338 0.0122795 0.017892 0.0229543 0.0261802 0.0270193 0.0259821 0.0242459 0.0228592 0.0221702 0.0218296 0.0212043
 1.03017e-16 6.90468e-05 0.000671159 0.00446009 0.0202749 0.0630829 0.134405 0.196171 0.196182 0.134462 0.0632735 0.0208257 0.00584329 0.00369325 0.00581617 0.00952653 0.0137662 0.0174193 0.0194015 0.0192242 0.0172813 0.0145678 0.0120613 0.0102479 0.00907213 0.00820143
 1.02001e-16 6.39506e-05 0.000621623 0.0041309 0.0187785 0.0584269 0.124485 0.181694 0.181712 0.124574 0.0587237 0.0196357 0.00628273 0.00531915 0.00898565 0.0147545 0.0212497 0.0267252 0.0294456 0.0286101 0.0248235 0.0196774 0.0147916 0.0110631 0.00855523 0.00686995
 1.02642e-16 5.99556e-05 0.000582789 0.00387284 0.0176054 0.054777 0.116709 0.170344 0.170365 0.116809 0.0551131 0.0185766 0.0063123 0.00591313 0.0101978 0.0168018 0.0242851 0.0307197 0.0341732 0.0337402 0.030054 0.0248093 0.0197017 0.0156275 0.012609 0.0102401
 1.0407e-16 5.6162e-05 0.000545915 0.0036278 0.0164915 0.0513112 0.109325 0.159567 0.15959 0.109435 0.0516806 0.0175592 0.00631054 0.00641121 0.0112214 0.0185305 0.0268476 0.0340952 0.038184 0.0381384 0.0346412 0.0294971 0.0244732 0.020443 0.0173401 0.0146777
 1.03703e-16 6.3805e-05 0.000620208 0.0041215 0.0187357 0.0582939 0.124202 0.181279 0.181294 0.124275 0.0585401 0.0194473 0.00591008 0.0045328 0.00751845 0.0123914 0.0179919 0.0229369 0.0258567 0.026116 0.0241643 0.0211704 0.0182516 0.0159169 0.0140573 0.0123119
 1.00709e-16 7.78234e-05 0.000756471 0.00502702 0.0228521 0.0711014 0.151489 0.221104 0.221108 0.151509 0.0711693 0.0230485 0.00552022 0.00183385 0.00212609 0.0033973 0.00489972 0.00618984 0.00687342 0.00677095 0.00601828 0.00496824 0.00397212 0.00321251 0.00268502 0.00228974
 1.01636e-16 3.64272e-05 0.000354085 0.00235302 0.0106965 0.0332812 0.0709109 0.103507 0.103558 0.0711589 0.0341134 0.0130993 0.0083803 0.0134981 0.0249592 0.0410997 0.058955 0.0736169 0.0801072 0.0761308 0.0634698 0.0468397 0.0311603 0.0193381 0.0118217 0.00755433
 1.01586e-16 7.54033e-05 0.000732947 0.00487069 0.0221414 0.0688903 0.146778 0.214228 0.214231 0.146796 0.068951 0.0223177 0.00531601 0.00171465 0.00196781 0.00320654 0.0047804 0.00636086 0.00765491 0.00850619 0.00894517 0.00909424 0.00901821 0.00866435 0.00793706 0.00682075
 1.02156e-16 5.34269e-05 0.000519328 0.00345112 0.0156883 0.0488123 0.104001 0.151799 0.15183 0.104152 0.0493205 0.0171554 0.00713143 0.00854583 0.015275 0.0251104 0.0360339 0.0450379 0.0491023 0.0468514 0.039396 0.0296216 0.0205085 0.0137707 0.00959317 0.00723903
 1.04598e-16 5.40982e-05 0.000525854 0.00349448 0.0158854 0.0494256 0.105307 0.153704 0.153725 0.105413 0.049782 0.0169163 0.00608791 0.00620617 0.0108971 0.0180723 0.0263596 0.0338331 0.0385364 0.0395188 0.0373183 0.0334443 0.0293215 0.0255744 0.0220826 0.0185146
 1.04226e-16 6.41673e-05 0.000623729 0.0041449 0.0188421 0.0586249 0.124907 0.182309 0.182323 0.124976 0.0588565 0.0195118 0.00582833 0.00430716 0.00708488 0.0116779 0.0169745 0.0216832 0.0245318 0.0249407 0.0233435 0.0208345 0.0184349 0.0165697 0.0150697 0.0135365
 1.02936e-16 6.46199e-05 0.000628129 0.00417414 0.018975 0.0590384 0.125788 0.183595 0.183611 0.125868 0.0593049 0.0197447 0.00610683 0.00484959 0.00808906 0.0132895 0.0191833 0.0242214 0.0268721 0.0264348 0.0234494 0.0193115 0.0154119 0.0124753 0.0104831 0.00903031
 1.06758e-16 3.07929e-05 0.000299318 0.00198908 0.00904209 0.0281336 0.0599433 0.0874989 0.0875465 0.0601755 0.0289136 0.0112957 0.00764867 0.0126632 0.0235383 0.0389334 0.0562421 0.0710604 0.078902 0.0776796 0.0689083 0.0565929 0.0447454 0.0354918 0.0288694 0.0238563
 1.0654e-16 6.41953e-05 0.000624002 0.00414671 0.0188503 0.0586505 0.124961 0.182386 0.182395 0.125001 0.0587848 0.0192404 0.00513353 0.00280367 0.00427854 0.00716749 0.0107773 0.0145148 0.0177994 0.0203389 0.0222189 0.0236667 0.0247076 0.0250452 0.0242675 0.0221759
 1.05933e-16 5.57104e-05 0.000541525 0.00359862 0.0163588 0.0508986 0.108446 0.158285 0.158309 0.108565 0.051298 0.0175126 0.00649468 0.00686393 0.0120646 0.0198631 0.0286282 0.0360579 0.0398632 0.0390338 0.0344619 0.0283466 0.0228591 0.019096 0.0169306 0.0155685
 1.08962e-16 4.03338e-05 0.000392059 0.00260537 0.0118436 0.0368502 0.0785144 0.114601 0.114635 0.078678 0.0373998 0.0134329 0.00660068 0.00913432 0.0167036 0.0277079 0.0402784 0.051423 0.0580966 0.0588724 0.0547238 0.0482152 0.0418003 0.0366028 0.0324036 0.0284454
 1.06648e-16 6.34856e-05 0.000617103 0.00410086 0.0186419 0.058002 0.12358 0.180371 0.180382 0.123634 0.0581824 0.0191642 0.00541709 0.00350823 0.00560687 0.0093075 0.0137291 0.0179585 0.0211043 0.0227592 0.0231957 0.0230642 0.0228537 0.0225717 0.021855 0.0203311
 1.04739e-16 6.02468e-05 0.00058562 0.00389165 0.0176909 0.0550431 0.117276 0.171172 0.171192 0.117373 0.0553711 0.0186384 0.00627058 0.00578058 0.00993195 0.0163399 0.0235726 0.029737 0.0329555 0.0323889 0.0287435 0.0237863 0.0192643 0.0160634 0.0141001 0.012772
 1.08556e-16 3.34313e-05 0.000324964 0.0021595 0.0098168 0.0305439 0.0650787 0.094993 0.0950351 0.0652842 0.0312342 0.0118119 0.00717216 0.0112835 0.0208923 0.0346082 0.0501367 0.0636473 0.0712374 0.0710882 0.0644922 0.054853 0.045513 0.0381391 0.0326163 0.0280048
 1.16159e-16 3.94535e-05 0.000383503 0.00254851 0.0115852 0.0360459 0.0768003 0.112097 0.112117 0.076902 0.0363883 0.0125785 0.00505802 0.00591494 0.0107013 0.0180406 0.0269517 0.0359316 0.0434389 0.0487377 0.0521818 0.054616 0.056431 0.0571336 0.0557508 0.0516262
 1.0631e-16 7.02045e-05 0.000682413 0.00453488 0.0206149 0.0641406 0.136659 0.199459 0.199466 0.136692 0.0642539 0.0209428 0.00536043 0.00249285 0.00353344 0.00579766 0.00850865 0.0110594 0.0128971 0.0138106 0.014057 0.0141544 0.0144965 0.0150944 0.0156119 0.0156108
pSPR Fmed_Fpbrs
0.654935   0.6 0.325
Fs Fmed_Fpbrs
0.228987   0.280743 0.685785
SSBpbr Bo_Bmed_Bpbrs
1.94467e+06  1.1764e+06  1.06957e+06 534783
Ro
182859
SPR SPRFo_SPRFmed_SPRFpbrs
1.30706e+06 856041 424795
Fref
0.280743
Nvult_r0
 213244 18627.3 8213.24 8750.2 3193.4
CTP_r0
 27937.4 2939.08 1310.01 1396.45 509.652
YTP_r0
391300
Np
 247167 98696.2 8175.74 3592.35 4990.71
Nvult_p0
 174406 71171.4 5903.81 2594.27 3604.14
CTP_p0
 31787 15436.3 1293.41 568.656 790.036
YTP_p0
 561748
CBA_c0
442434
log_Ro
11.9365
likeval ReclasPelacesDesembMPH_pf_preclas_ppelaces_ptallas_desvR_qrecl_qpela
 14.5463 17.2304 0.0744876 0.000812967 241.055 118.998 98.3003 0 23.219 1.26565e-06 5.46367e-08 0.380108 9.33086e-16 0 0
q_reclas_q_pelaces
0.852639 1.03381
M
1
N
 202404 45249.7 153417 8950.93 0.296177
 114693 67273.3 14673.8 49669.9 2897.77
 115186 35081.6 19675.9 4279.05 15326.9
 198226 35408.7 10324.4 5773.86 5752.4
 158920 55737.9 9327.87 2708.07 3022.61
 267189 53452 18344 3065.49 1883.17
 111320 82402.4 15794.5 5405.09 1457.91
 51296.9 27865.4 18787.3 3578.82 1554.55
 47847.7 17750.1 9499.99 6398.72 1748.28
 63121.6 13853.3 4849.07 2585.28 2216.63
 116291 16957.4 3448.33 1200.93 1188.92
 152810 39598.2 5666.81 1150.93 797.597
 128005 39806.5 9486.52 1350.08 464.085
 89740.9 34124.7 9814.32 2326.84 444.852
 90000.9 19373.8 6473.33 1845.86 521.054
 476761 23032.3 4540.07 1508.14 551.265
 104315 129382 5805.68 1138.82 516.439
 738679 31583.5 37365.2 1671.42 476.457
 424900 223228 9099.75 10731.6 616.781
 329031 117963 57882.5 2348.89 2928.61
 483326 94043.5 31713.4 15498.2 1412.76
 650282 146550 27208.5 9146.8 4876.67
 138071 187232 39759.5 7352.73 3788.85
 403498 44007.6 57636.2 12211.1 3421.42
 341685 130928 13851.4 18104.4 4909.9
 153562 110734 41146.3 4344.16 7217.09
 340488 51002.4 35876.8 13309.1 3739.25
 382278 110634 16080.4 11289 5363.86
 115866 126820 35793.6 5193.86 5378.26
 84351.9 38497.6 41108.8 11583.6 3421.05
 311940 26803 11805.6 12576.7 4589.88
pred_Ctot
 12452.2 3424.6 11753.3 686.175 0.0227056
 12405.1 8880.41 1959.75 6637.71 387.26
 12146.2 4516.98 2563.2 557.782 1997.95
 30181.8 6529.29 1925.16 1077.27 1073.3
 8674.23 3746.91 634.79 184.413 205.838
 27700.5 6768.57 2350.26 392.998 241.432
 23199.3 20586.5 3987.54 1365.35 368.285
 1935.79 1298.71 886.574 168.997 73.4105
 6568.42 2958.86 1601.65 1079.44 294.937
 11041.3 2922.81 1034.27 551.743 473.079
 5504.01 989.65 203.748 71.0045 70.297
 28996.3 9038.53 1307.42 265.689 184.128
 22869 8572.03 2065.14 294.071 101.089
 24465.7 11017.2 3199.49 758.943 145.101
 17832.6 4610.47 1556.93 444.207 125.395
 81033.3 4725.99 941.834 313.044 114.429
 11856.8 17931.3 814.009 159.771 72.4563
 84713.3 4415.64 5284.87 236.548 67.4329
 67419.7 42847.1 1766.11 2084.04 119.781
 47356.6 20592.2 10218.6 414.923 517.344
 54558.8 12945.7 4416.56 2159.69 196.874
 91140.1 24928.5 4680.82 1574.51 839.487
 11797.2 19600.7 4212.23 779.459 401.667
 30397.7 4068.99 5393.61 1143.45 320.393
 25982.1 12217.7 1308.2 1710.96 464.026
 9512.57 8437.81 3173.73 335.294 557.054
 25384.3 4667.36 3322.96 1233.5 346.567
 23934.9 8519.81 1253.5 880.564 418.407
 7150.74 9628 2750.71 399.402 413.596
 7352.8 4110.37 4441.72 1252.37 369.882
 27937.4 2939.08 1310.01 1396.45 509.652
F
 0.101503 0.12613 0.127762 0.127849 0.127854
 0.184582 0.229368 0.232335 0.232493 0.232501
 0.179593 0.223168 0.226055 0.226209 0.226217
 0.268746 0.333952 0.338272 0.338502 0.338514
 0.0896157 0.111359 0.1128 0.112876 0.112881
 0.17634 0.219126 0.22196 0.222111 0.222119
 0.385019 0.478436 0.484624 0.484955 0.484972
 0.0612378 0.076096 0.0770803 0.0771328 0.0771356
 0.239497 0.297606 0.301456 0.301661 0.301672
 0.314362 0.390636 0.395689 0.395958 0.395973
 0.0773152 0.0960743 0.097317 0.0973833 0.0973868
 0.345165 0.428912 0.43446 0.434756 0.434771
 0.322048 0.400186 0.405363 0.405639 0.405653
 0.533006 0.66233 0.670897 0.671354 0.671378
 0.362923 0.450979 0.456812 0.457124 0.45714
 0.304242 0.37806 0.38295 0.383211 0.383225
 0.194775 0.242034 0.245165 0.245332 0.24534
 0.19667 0.244389 0.24755 0.247718 0.247727
 0.281482 0.349778 0.354302 0.354543 0.354556
 0.252393 0.313631 0.317688 0.317905 0.317916
 0.193323 0.240228 0.243336 0.243502 0.24351
 0.245059 0.304518 0.308457 0.308667 0.308678
 0.143403 0.178197 0.180502 0.180625 0.180631
 0.125521 0.155976 0.157994 0.158101 0.158107
 0.126761 0.157517 0.159555 0.159663 0.159669
 0.102234 0.127039 0.128682 0.12877 0.128774
 0.124148 0.15427 0.156265 0.156372 0.156377
 0.10338 0.128463 0.130125 0.130213 0.130218
 0.101837 0.126546 0.128183 0.12827 0.128275
 0.146482 0.182023 0.184377 0.184503 0.184509
 0.150764 0.187344 0.189767 0.189896 0.189903
nmprior
 8.19 8.8 8.5 0
nm_flota  nm_reclas  nm_pelaces    nm_pelaL
inf 12.1242 18.9064 45.6659
cv_recla  cv_pelaces  cv_mph
0.344986 0.470673 0.879917
 ------------------------------------------------
Talla a la edad & desviaci?n 
 8 13.2811 15.8009 17.003 17.5766
 0.8 1.32811 1.58009 1.7003 1.75766
