years
 1991 1992 1993 1994 1995 1996 1997 1998 1999 2000 2001 2002 2003 2004 2005 2006 2007 2008 2009 2010 2011 2012 2013 2014 2015 2016 2017 2018 2019 2020 2021
reclasobs
 0 0 0 0 0 0 0 0 0 252601 567819 844713 477998 351125 339783 2.1784e+06 2.13404e+06 4.81314e+06 1.55562e+06 2.62356e+06 3.21686e+06 3.843e+06 1.13348e+06 3.07943e+06 1.97215e+06 2.03268e+06 2.025e+06 2.42433e+06 2.27542e+06 1.05018e+06 2.36338e+06
reclaspred
 3.32782e+06 1.91242e+06 971718 961877 957633 1.44236e+06 1.0008e+06 905608 667412 501472 510068 626357 629188 523465 536069 1.25158e+06 1.28497e+06 2.62505e+06 2.21144e+06 1.68754e+06 3.00581e+06 2.44716e+06 2.01189e+06 3.03179e+06 2.29849e+06 2.03428e+06 2.36594e+06 2.47735e+06 2.08912e+06 1.36529e+06 1.93605e+06
pelacesobs
 0 0 0 0 0 0 0 0 0 0 0 0 0 0 0 552880 188675 0 991730 2.46772e+06 1.41603e+06 1.21717e+06 2.29649e+06 1.80582e+06 0 1.4828e+06 1.56532e+06 1.57751e+06 1.42118e+06 867257 1.10002e+06
pelacespred
 1.87632e+06 1.21663e+06 631421 507854 510139 793104 538213 561532 415841 301240 308363 321330 351395 317632 328110 627910 640487 1.47804e+06 1.31665e+06 942156 1.5686e+06 1.42998e+06 1.14848e+06 1.86758e+06 1.38366e+06 1.21224e+06 1.59725e+06 1.65437e+06 1.1482e+06 858162 1.19571e+06
mphobs
 0 0 0 0 0 0 0 0 0 0 0 498337 0 5186 125008 0 168611 109162 213762 579715 649985 157893 87575 83554 0 0 0 0 0 0 0
mphpred
 491972 331005 170559 92151.7 102464 112517 147388 103518 89314.1 64593.8 43985.9 58582.9 63753.3 56574.9 42706.4 52605.9 145489 145783 258554 205014 222029 273117 260615 220220 298422 246813 203951 214093 292404 206500 135296
desembarqueobs
 494567 514787 250237 358949 120608 361735 552515 73892 212993 205616 52469 317467 293654 387597 252695 516296 358380 742168 942051 627588 828172 859565 418607 520667 417249 300574 407403 355545 319650 289779 391294
desembarquepred
 494573 513116 251095 358966 120611 361746 552558 73894.6 213026 205647 52470.8 317523 293703 387653 252701 516285 358398 742113 941945 627521 828224 859599 418618 520685 417252 300577 407406 355539 319649 289787 391297
Reclutas
 262790 154487 150540 283602 226792 373101 157921 76398.3 69548.8 89938.5 162409 199965 168932 119721 126222 650355 153086 971201 573271 435444 675357 899141 198503 588259 491543 223198 495334 553931 168584 123790 458550
log_desv_Rt
 0.0261714 -0.505077 -0.530955 0.102389 -0.121151 0.376664 -0.483088 -1.20922 -1.30316 -1.04606 -0.45507 -0.247043 -0.415688 -0.760017 -0.70714 0.932334 -0.514186 1.33335 0.806173 0.531182 0.970056 1.25625 -0.25438 0.831983 0.652366 -0.137126 0.660047 0.771856 -0.417749 -0.7266 0.582884
SSB
 5.45172e+06 3.66799e+06 1.89002e+06 1.02117e+06 1.13544e+06 1.24684e+06 1.63326e+06 1.14712e+06 989721 715787 487424 649178 706473 626926 473245 582945 1.61222e+06 1.61547e+06 2.86513e+06 2.27183e+06 2.46038e+06 3.02651e+06 2.88797e+06 2.44033e+06 3.30692e+06 2.73502e+06 2.26005e+06 2.37244e+06 3.24023e+06 2.2883e+06 1.49926e+06
BT
 7.10896e+06 4.85004e+06 2.50743e+06 2.11663e+06 1.91395e+06 3.13715e+06 2.41746e+06 2.06613e+06 1.69424e+06 1.27443e+06 1.14564e+06 1.41546e+06 1.52162e+06 1.53757e+06 1.42433e+06 2.66069e+06 2.56492e+06 5.92564e+06 5.60778e+06 3.92784e+06 6.26628e+06 5.90865e+06 4.46174e+06 7.14284e+06 5.31792e+06 4.58959e+06 6.11038e+06 6.25395e+06 4.35748e+06 3.34055e+06 4.63413e+06
Ftot
 0.078258 0.140138 0.135489 0.200737 0.067752 0.136558 0.287484 0.0437856 0.170096 0.217341 0.0567486 0.270958 0.249254 0.391969 0.256657 0.229065 0.147932 0.156081 0.227112 0.198711 0.149193 0.189207 0.110245 0.0944785 0.0973053 0.0789911 0.0944556 0.0791707 0.0804938 0.112192 0.111675
BD_Bspro_t
 0.987557 0.905452 0.799347 0.732339 0.726131 0.778577 0.770122 0.655783 0.700867 0.674568 0.651711 0.783267 0.68992 0.61923 0.536265 0.588118 0.712336 0.701921 0.760826 0.688426 0.666171 0.707897 0.721813 0.721135 0.799277 0.805645 0.81182 0.836583 0.866557 0.823022 0.778547
BD_Bspro
 2.97927 2.00449 1.03286 0.55805 0.620498 0.681377 0.892549 0.626883 0.540866 0.391165 0.266369 0.354765 0.386075 0.342604 0.258621 0.318569 0.88105 0.882829 1.56574 1.24152 1.34456 1.65394 1.57823 1.3336 1.80718 1.49464 1.23508 1.2965 1.77073 1.25052 0.819322
BD_Bo
 2.01587 1.3563 0.698868 0.377593 0.419848 0.46104 0.603926 0.424168 0.365966 0.264674 0.180233 0.240045 0.26123 0.231817 0.17499 0.215554 0.596145 0.597349 1.05943 0.840048 0.909768 1.1191 1.06788 0.902355 1.22279 1.01132 0.835692 0.877249 1.19813 0.846138 0.554378
BD_Brms
 3.66521 2.466 1.27067 0.686534 0.763359 0.838255 1.09805 0.771215 0.665393 0.481226 0.327697 0.436445 0.474964 0.421485 0.318165 0.391916 1.0839 1.08609 1.92624 1.52736 1.65412 2.03473 1.94159 1.64064 2.22326 1.83877 1.51944 1.595 2.17842 1.53843 1.00796
Sel_flota
 0.900987 1 1 1 1
 0.900987 1 1 1 1
 0.900987 1 1 1 1
 0.900987 1 1 1 1
 0.900987 1 1 1 1
 0.900987 1 1 1 1
 0.900987 1 1 1 1
 0.900987 1 1 1 1
 0.900987 1 1 1 1
 0.900987 1 1 1 1
 0.900987 1 1 1 1
 0.900987 1 1 1 1
 0.900987 1 1 1 1
 0.900987 1 1 1 1
 0.900987 1 1 1 1
 0.900987 1 1 1 1
 0.900987 1 1 1 1
 0.900987 1 1 1 1
 0.900987 1 1 1 1
 0.900987 1 1 1 1
 0.900987 1 1 1 1
 0.900987 1 1 1 1
 0.900987 1 1 1 1
 0.900987 1 1 1 1
 0.900987 1 1 1 1
 0.900987 1 1 1 1
 0.900987 1 1 1 1
 0.900987 1 1 1 1
 0.900987 1 1 1 1
 0.900987 1 1 1 1
 0.900987 1 1 1 1
Sel_reclas
 1 1 1 1 1
 1 1 1 1 1
 1 1 1 1 1
 1 1 1 1 1
 1 1 1 1 1
 1 1 1 1 1
 1 1 1 1 1
 1 1 1 1 1
 1 1 1 1 1
 1 1 1 1 1
 1 1 1 1 1
 1 1 1 1 1
 1 1 1 1 1
 1 1 1 1 1
 1 1 1 1 1
 1 1 1 1 1
 1 1 1 1 1
 1 1 1 1 1
 1 1 1 1 1
 1 1 1 1 1
 1 1 1 1 1
 1 1 1 1 1
 1 1 1 1 1
 1 1 1 1 1
 1 1 1 1 1
 1 1 1 1 1
 1 1 1 1 1
 1 1 1 1 1
 1 1 1 1 1
 1 1 1 1 1
 1 1 1 1 1
Sel_pelaces
 1 1 1 1 1
 1 1 1 1 1
 1 1 1 1 1
 1 1 1 1 1
 1 1 1 1 1
 1 1 1 1 1
 1 1 1 1 1
 1 1 1 1 1
 1 1 1 1 1
 1 1 1 1 1
 1 1 1 1 1
 1 1 1 1 1
 1 1 1 1 1
 1 1 1 1 1
 1 1 1 1 1
 1 1 1 1 1
 1 1 1 1 1
 1 1 1 1 1
 1 1 1 1 1
 1 1 1 1 1
 1 1 1 1 1
 1 1 1 1 1
 1 1 1 1 1
 1 1 1 1 1
 1 1 1 1 1
 1 1 1 1 1
 1 1 1 1 1
 1 1 1 1 1
 1 1 1 1 1
 1 1 1 1 1
 1 1 1 1 1
pf_obs 
 0.8446 0.082 0.0669 0.0065 0
 0.8095 0.147 0.0364 0.0071 0
 0.9664 0.0169 0.016 0.0007 0
 0.9276 0.0648 0.0075 0.0001 0
 0.7033 0.2144 0.0806 0.0017 0
 0.9318 0.0425 0.0243 0.0014 0
 0.5671 0.3108 0.0964 0.0239 0.0018
 0.0768 0.2599 0.5324 0.112 0.0189
 0.490249 0.384438 0.106611 0.0170017 0.00170017
 0.7925 0.1577 0.0466 0.003 0.0002
 0.840416 0.127587 0.0312969 0.00059994 9.999e-05
 0.8084 0.0986 0.0794 0.0134 0.0002
 0.7335 0.1905 0.0724 0.0035 0.0001
 0.4001 0.4547 0.1325 0.0127 0
 0.49795 0.308269 0.164784 0.0264974 0.00249975
 0.9179 0.0499 0.0305 0.0017 0
 0.2467 0.6533 0.0926 0.0074 0
 0.9418 0.0223 0.034 0.0019 0
 0.707729 0.231977 0.0356964 0.0245975 0
 0.517169 0.277429 0.184464 0.0207286 0.00020938
 0.811772 0.124168 0.05621 0.00726502 0.000585176
 0.764997 0.148141 0.077277 0.00933861 0.000247198
 0.163321 0.427699 0.378323 0.0303852 0.000271297
 0.753843 0.0900009 0.118128 0.0371064 0.000921714
 0.721811 0.176058 0.0630433 0.0369309 0.00215725
 0.143369 0.312575 0.442814 0.0836902 0.0175525
 0.692698 0.0596174 0.167031 0.0765114 0.00414204
 0.394062 0.376323 0.152708 0.0712218 0.00568511
 0.125707 0.32114 0.495352 0.0537591 0.00404204
 0.23352 0.215282 0.420074 0.123614 0.00750983
 0.774587 0.0839891 0.0768558 0.0609784 0.00358967
pf_pred 
 0.417587 0.109021 0.449458 0.0239331 7.30715e-07
 0.408377 0.262838 0.0615449 0.253729 0.0135112
 0.542655 0.199314 0.114634 0.0268422 0.116554
 0.749818 0.142689 0.0468461 0.0269432 0.0337034
 0.644676 0.273943 0.0464152 0.0152385 0.0197277
 0.742351 0.172382 0.0657383 0.0111383 0.00839087
 0.475051 0.400659 0.083157 0.0317122 0.00942087
 0.437329 0.284368 0.21241 0.0440859 0.0218068
 0.519914 0.222646 0.130108 0.0971848 0.0301481
 0.671258 0.180263 0.0688588 0.0402391 0.0393809
 0.789727 0.14647 0.0349859 0.0133643 0.0154528
 0.721351 0.224878 0.0374547 0.00894648 0.00736901
 0.665204 0.249389 0.0689258 0.0114799 0.00500074
 0.603898 0.27378 0.0911183 0.0251831 0.00602148
 0.701889 0.189023 0.0754002 0.0250944 0.0085939
 0.92098 0.0573912 0.0137143 0.00547059 0.00244422
 0.398449 0.558926 0.0309576 0.00739772 0.00426937
 0.883815 0.0494723 0.0619855 0.00343323 0.00129389
 0.600425 0.357606 0.0178706 0.0223907 0.00170755
 0.591116 0.256906 0.136016 0.00679711 0.00916579
 0.738798 0.161639 0.0625558 0.0331195 0.00388692
 0.74068 0.197087 0.0385117 0.0149044 0.00881704
 0.329276 0.511245 0.121206 0.0236843 0.0145884
 0.740256 0.0919939 0.127864 0.0303142 0.00957214
 0.629906 0.281567 0.0313534 0.0435788 0.0135941
 0.4438 0.364394 0.145925 0.0162493 0.0296305
 0.733924 0.125271 0.0922482 0.0369417 0.0116147
 0.693085 0.231661 0.0354307 0.0260907 0.0137333
 0.36501 0.454491 0.136241 0.020837 0.0234207
 0.431416 0.222097 0.247997 0.0743412 0.0241496
 0.822247 0.0815494 0.0375783 0.0419606 0.0166644
pobs_RECLAS
 0 0 0 0 0
 0 0 0 0 0
 0 0 0 0 0
 0 0 0 0 0
 0 0 0 0 0
 0 0 0 0 0
 0 0 0 0 0
 0 0 0 0 0
 0 0 0 0 0
 0 0 0 0 0
 0.991045 0.00858322 0.000360255 1.14367e-05 0
 0.934742 0.0480273 0.0164251 0.00080598 0
 0.827803 0.169806 0.00239088 0 0
 0.941827 0.0461693 0.0120037 0 0
 0.791401 0.0380133 0.147996 0.0225897 0
 0.846168 0.0940531 0.0597789 0 0
 0.134021 0.677848 0.182769 0.00536245 0
 0.80878 0.0450904 0.141981 0.00414843 0
 0.846168 0.0940531 0.0597789 0 0
 0.905697 0.0802665 0.012482 0.00150086 5.37128e-05
 0.989698 0.0102097 9.19794e-05 0 0
 0.975433 0.0193895 0.00387452 0.00125025 5.28907e-05
 0.303575 0.632131 0.0575291 0.00676475 0
 0.966965 0.00978017 0.0227588 0.000495775 0
 0.843318 0.132988 0.00938335 0.0141283 0.000182051
 0.564624 0.303363 0.111486 0.0197234 0.00080311
 0.826376 0.0876187 0.0782897 0.00655872 0.00115652
 0.89761 0.0855135 0.0140674 0.00269457 0.000114338
 0.34875 0.467042 0.161289 0.0227151 0.000203297
 0.318654 0.224769 0.449479 0.00709798 0
 0.937255 0.0296025 0.0250945 0.00804832 0
ppred_RECLAS
 0.443309 0.104206 0.429608 0.0228761 6.98443e-07
 0.434102 0.251409 0.0588688 0.242696 0.0129237
 0.568697 0.187965 0.108107 0.0253138 0.109917
 0.769206 0.131631 0.0432157 0.0248552 0.0310915
 0.668313 0.255719 0.0433275 0.0142248 0.0184153
 0.76201 0.159229 0.0607222 0.0102884 0.00775062
 0.501832 0.380219 0.0789147 0.0300943 0.00894025
 0.463223 0.271282 0.202635 0.0420571 0.0208032
 0.546256 0.210429 0.122969 0.0918522 0.0284938
 0.694291 0.167633 0.0640343 0.0374198 0.0366217
 0.806594 0.13472 0.0321795 0.0122923 0.0142133
 0.742342 0.207938 0.0346332 0.00827253 0.0068139
 0.688544 0.232004 0.0641208 0.0106797 0.00465213
 0.629553 0.256047 0.0852165 0.023552 0.00563146
 0.72375 0.175161 0.0698709 0.0232542 0.00796368
 0.928392 0.0520079 0.0124279 0.00495745 0.00221496
 0.424017 0.53517 0.0296418 0.00708329 0.0040879
 0.894238 0.0450343 0.056425 0.00312525 0.00117782
 0.625679 0.335004 0.0167411 0.0209755 0.00159963
 0.616507 0.240952 0.127569 0.00637501 0.00859661
 0.758665 0.149346 0.057798 0.0306005 0.00359129
 0.760527 0.182003 0.0355643 0.0137637 0.00814223
 0.352924 0.49322 0.116933 0.0228493 0.0140741
 0.759948 0.0850194 0.11817 0.0280159 0.00884643
 0.654061 0.26319 0.0293071 0.0407345 0.0127068
 0.469836 0.347337 0.139095 0.0154886 0.0282434
 0.753937 0.115849 0.0853098 0.0341632 0.0107411
 0.714947 0.215159 0.0329068 0.0242322 0.012755
 0.389665 0.436844 0.130951 0.020028 0.0225114
 0.457401 0.211946 0.236663 0.0709436 0.0230459
 0.837114 0.0747287 0.0344353 0.0384511 0.0152707
pobs_PELACES
 0 0 0 0 0
 0 0 0 0 0
 0 0 0 0 0
 0 0 0 0 0
 0 0 0 0 0
 0 0 0 0 0
 0 0 0 0 0
 0 0 0 0 0
 0 0 0 0 0
 0 0 0 0 0
 0 0 0 0 0
 0 0 0 0 0
 0 0 0 0 0
 0 0 0 0 0
 0 0 0 0 0
 0 0 0 0 0
 0.505614 0.472636 0.0217494 0 0
 0 0 0 0 0
 0.443492 0.261883 0.143347 0.151278 0
 0.227955 0.32914 0.350689 0.0885471 0.00366901
 0.970185 0.0296113 0.000203453 0 0
 0.997202 0.00247181 0.000326279 0 0
 0.445219 0.490057 0.0546422 0.010081 0
 0.90214 0.0892962 0.00764917 0.000914606 0
 0 0 0 0 0
 0.581667 0.319106 0.0959925 0.00289975 0.000334073
 0.762889 0.0836404 0.116647 0.0363945 0.000428098
 0.88444 0.0763242 0.0277011 0.0115352 0
 0.521256 0.241999 0.230069 0.00667565 0
 0.616807 0.101726 0.260614 0.0208532 0
 0.833518 0.0704572 0.0857862 0.0102388 0
ppred_PELACES
 0.443941 0.104088 0.42912 0.0228501 6.97651e-07
 0.435228 0.250909 0.0587517 0.242214 0.012898
 0.569783 0.187492 0.107835 0.0252501 0.109641
 0.770369 0.130968 0.0429981 0.02473 0.0309349
 0.668804 0.255341 0.0432634 0.0142038 0.0183881
 0.762818 0.158688 0.060516 0.0102535 0.00772429
 0.50418 0.378427 0.0785427 0.0299525 0.00889811
 0.463578 0.271102 0.202501 0.0420292 0.0207894
 0.547633 0.20979 0.122596 0.0915734 0.0284074
 0.695796 0.166808 0.063719 0.0372356 0.0364414
 0.806884 0.134519 0.0321314 0.0122739 0.014192
 0.744032 0.206574 0.034406 0.00821827 0.00676921
 0.690287 0.230705 0.0637618 0.0106199 0.00462608
 0.632535 0.253986 0.0845306 0.0233624 0.00558613
 0.725424 0.1741 0.0694476 0.0231133 0.00791544
 0.928888 0.0516477 0.0123419 0.00492312 0.00219962
 0.425198 0.534073 0.029581 0.00706877 0.00407952
 0.894719 0.0448294 0.0561682 0.00311102 0.00117246
 0.627416 0.33345 0.0166635 0.0208782 0.00159221
 0.618041 0.239988 0.127059 0.00634952 0.00856222
 0.759556 0.148794 0.0575845 0.0304875 0.00357803
 0.761651 0.181149 0.0353973 0.0136991 0.00810401
 0.353747 0.492593 0.116784 0.0228202 0.0140562
 0.760511 0.0848201 0.117893 0.0279502 0.00882569
 0.65478 0.262643 0.0292462 0.0406498 0.0126804
 0.470479 0.346916 0.138926 0.0154699 0.0282092
 0.754509 0.11558 0.0851114 0.0340837 0.0107161
 0.715474 0.214761 0.032846 0.0241874 0.0127314
 0.390291 0.436396 0.130817 0.0200074 0.0224883
 0.458311 0.211591 0.236266 0.0708247 0.0230073
 0.837611 0.0745007 0.0343303 0.0383338 0.0152241
pobs_pel_tallas
 0 0 0 0 0 0 0 0 0 0 0 0 0 0 0 0 0 0 0 0 0 0 0 0 0 0
 0 0 0 0 0 0 0 0 0 0 0 0 0 0 0 0 0 0 0 0 0 0 0 0 0 0
 0 0 0 0 0 0 0 0 0 0 0 0 0 0 0 0 0 0 0 0 0 0 0 0 0 0
 0 0 0 0 0 0 0 0 0 0 0 0 0 0 0 0 0 0 0 0 0 0 0 0 0 0
 0 0 0 0 0 0 0 0 0 0 0 0 0 0 0 0 0 0 0 0 0 0 0 0 0 0
 0 0 0 0 0 0 0 0 0 0 0 0 0 0 0 0 0 0 0 0 0 0 0 0 0 0
 0 0 0 0 0 0 0 0 0 0 0 0 0 0 0 0 0 0 0 0 0 0 0 0 0 0
 0 0 0 0 0 0 0 0 0 0 0 0 0 0 0 0 0 0 0 0 0 0 0 0 0 0
 0 0 0 0 0 0 0 0 0 0 0 0 0 0 0 0 0 0 0 0 0 0 0 0 0 0
 0 0 0 0 0 0 0 0 0 0 0 0 0 0 0 0 0 0 0 0 0 0 0 0 0 0
 0 0 0 0 0 0 0 0 0 0 0 0 0 0 0 0 0 0 0 0 0 0 0 0 0 0
 0 0 0 0 0 0 0 0 0 0 0 0 0 0 0 0 0 0 0 0 0 0 0 0 0 0
 0.00862536 0 0 0.000197151 0.00414017 0.0128641 0.00837892 0.0270097 0.101434 0.158115 0.152841 0.127902 0.109271 0.109419 0.0830992 0.0579132 0.0238553 0.00714673 0.00463305 0.00128148 0.00103504 0.000492878 0.000147863 0.000147863 4.92878e-05 0
 0 0 0 0 0 0 0 0 0 0 0 0 0 0 0 0 0 0 0 0 0 0 0 0 0 0
 0 0 0 0 0 0 0 0.0054083 0.00873648 0.0413646 0.0450493 0.0745869 0.0622846 0.0627006 0.0613931 0.0827291 0.12552 0.122667 0.0946155 0.0697135 0.0546179 0.0294188 0.0215738 0.0213955 0.0102223 0.00600262
 0 0 0 0 0.00359764 0.0251062 0.0480494 0.140153 0.205849 0.193036 0.1447 0.116669 0.0760912 0.0342217 0.00950174 0.001854 0.000860785 0 0 0 0.000165536 0 0.000143464 0 0 0
 0 0 0 0 0 0 0 0.000145254 0.000435761 0.0275982 0.070085 0.0708112 0.156366 0.174668 0.174014 0.160142 0.0824315 0.0480064 0.0283245 0.00493863 0.00203355 0 0 0 0 0
 0 0 0 0 0 0 0 0 0 0 0 0 0 0 0 0 0 0 0 0 0 0 0 0 0 0
 0 0 1.00437e-05 0.000401748 0.00122533 0.00171747 0.00176769 0.0269171 0.070346 0.194647 0.189555 0.159765 0.064822 0.0314167 0.0384472 0.0292271 0.0345202 0.0313363 0.0194345 0.0106764 0.0143323 0.0359363 0.0279516 0.0138201 0.00172751 0
 0 0.0021121 0.0136068 0.0755702 0.200478 0.177729 0.0527432 0.0373336 0.0318909 0.0142505 0.0149659 0.0166563 0.0217959 0.0798694 0.0677717 0.0528807 0.04013 0.0224614 0.0357745 0.0225083 0.00881397 0.00855152 0.00135912 0.000746735 0 0
 0 0 0 0 5.4009e-05 0.00500934 0.000945158 0.0243581 0.138947 0.33067 0.221406 0.137944 0.0707744 0.0437923 0.0131692 0.00525238 0.0047753 0.00276346 9.45158e-05 9.00151e-06 2.25038e-05 9.00151e-06 4.50075e-06 0 0 0
 0.000866109 0.00284123 0.00948549 0.0512746 0.133035 0.25785 0.225252 0.132002 0.0553304 0.0519788 0.0540692 0.017754 0.00435017 0.00159236 0.00146478 0.000404838 0.000125132 0.000115318 0.000107957 0.000100596 0 0 0 0 0 0
 0 0 0 0 0.00144013 0.00171154 0.00461396 0.0210425 0.0478622 0.0707936 0.0888783 0.103762 0.0637923 0.0337046 0.0602308 0.124433 0.169614 0.0934646 0.0462172 0.0250306 0.0313229 0.00938855 0.002487 0.000210481 0 0
 0 0.00764035 0.051015 0.0998891 0.058973 0.0496711 0.0374665 0.0718981 0.12319 0.153886 0.159021 0.0857701 0.0377988 0.023471 0.0147837 0.00900784 0.00315554 0.000888139 0.00291439 0.00214683 0.00393193 0.00274676 0.000635225 9.99891e-05 0 0
 0 0 0 0 0 0 0 0 0 0 0 0 0 0 0 0 0 0 0 0 0 0 0 0 0 0
 0 0 0 0 0 0 0 0 0 0 0 0 0 0 0 0 0 0 0 0 0 0 0 0 0 0
 0 0 0 0 0 0 0 0 0 0 0 0 0 0 0 0 0 0 0 0 0 0 0 0 0 0
 0 0 0 0 0 0 0 0 0 0 0 0 0 0 0 0 0 0 0 0 0 0 0 0 0 0
 0 0 0 0 0 0 0 0 0 0 0 0 0 0 0 0 0 0 0 0 0 0 0 0 0 0
 0 0 0 0 0 0 0 0 0 0 0 0 0 0 0 0 0 0 0 0 0 0 0 0 0 0
 0 0 0 0 0 0 0 0 0 0 0 0 0 0 0 0 0 0 0 0 0 0 0 0 0 0
ppred_pel_tallas
 1.14702e-16 3.65668e-05 0.000355443 0.00236204 0.0107375 0.0334084 0.0711805 0.103892 0.103903 0.071233 0.0335865 0.0112601 0.00370477 0.00338894 0.00609687 0.0107996 0.0173606 0.0255827 0.035145 0.045671 0.0565496 0.0665769 0.0738662 0.0763905 0.0729579 0.0639541
 1.28233e-16 3.58492e-05 0.000348467 0.00231568 0.0105268 0.0327529 0.0697843 0.101857 0.101882 0.0699031 0.0331522 0.0116821 0.00522293 0.00672016 0.0122152 0.0203567 0.029875 0.0388357 0.0454059 0.0490319 0.0508731 0.0529718 0.0567411 0.0619262 0.0667289 0.068855
 1.24247e-16 4.69323e-05 0.000456198 0.0030316 0.0137812 0.0428786 0.0913581 0.133344 0.133362 0.0914472 0.0431783 0.014649 0.00521777 0.00525545 0.00924213 0.0154215 0.0227354 0.0297376 0.035029 0.0380984 0.0396555 0.0410782 0.043394 0.0465897 0.0496811 0.0513317
 1.0899e-16 6.34543e-05 0.000616798 0.00409884 0.0186327 0.0579735 0.123519 0.180282 0.180295 0.123581 0.0581816 0.0192347 0.0056126 0.00393046 0.00638425 0.0105286 0.0153424 0.0196938 0.0224926 0.0232908 0.0225577 0.0213351 0.020538 0.0204475 0.0207028 0.0206645
 1.05851e-16 5.50885e-05 0.00053548 0.00355845 0.0161762 0.0503304 0.107235 0.156518 0.156543 0.107355 0.0507345 0.0173437 0.00648985 0.00693774 0.0122233 0.0201455 0.0290768 0.0367027 0.040709 0.0400517 0.0355815 0.0294539 0.0238093 0.0197494 0.017205 0.0154792
 1.04123e-16 6.28324e-05 0.000610753 0.00405867 0.0184501 0.0574053 0.122309 0.178516 0.178532 0.122384 0.0576575 0.0191795 0.00589236 0.0046237 0.00771349 0.0127293 0.018511 0.0236559 0.0267699 0.0272011 0.0253923 0.0225072 0.0196506 0.0173141 0.0153794 0.0134951
 1.06873e-16 4.15287e-05 0.000403674 0.00268256 0.0121945 0.0379419 0.0808406 0.117997 0.118033 0.0810191 0.0385413 0.0139264 0.00703198 0.00990625 0.0181117 0.0299379 0.0432687 0.0547242 0.0608843 0.0601797 0.0538064 0.0448531 0.036375 0.0299278 0.0254226 0.0219486
 1.13647e-16 3.81844e-05 0.000371166 0.00246653 0.0112125 0.0348864 0.0743301 0.108493 0.108519 0.0744593 0.0353207 0.0124704 0.00563721 0.00733632 0.0133943 0.0224189 0.0330792 0.0432535 0.0507683 0.0545865 0.0552907 0.054386 0.0530425 0.0513624 0.0486486 0.0442286
 1.17583e-16 4.51079e-05 0.000438465 0.00291375 0.0132455 0.0412118 0.0878069 0.128161 0.128181 0.0879066 0.0415473 0.014217 0.00536138 0.00581245 0.0103434 0.0172745 0.0254714 0.0333091 0.0391853 0.0424477 0.0437549 0.0444699 0.0455718 0.0469757 0.0477071 0.0466406
 1.11783e-16 5.73118e-05 0.000557091 0.00370207 0.0168291 0.0523616 0.111563 0.162832 0.162848 0.111642 0.0526271 0.0175969 0.00563364 0.00478782 0.00813465 0.0134717 0.0196777 0.0253503 0.0291214 0.0304262 0.0298438 0.0286509 0.0279392 0.0279918 0.0283016 0.0280537
 1.04595e-16 6.6462e-05 0.000646034 0.00429312 0.0195159 0.0607213 0.129374 0.188827 0.18884 0.129437 0.0609346 0.0201322 0.00584146 0.00403054 0.0065077 0.0106895 0.0154796 0.0196566 0.0220294 0.0220689 0.0202202 0.0175808 0.015204 0.0135755 0.0125689 0.0117584
 1.03016e-16 6.1285e-05 0.000595712 0.00395872 0.0179958 0.0559916 0.119297 0.174121 0.174141 0.119394 0.0563185 0.01894 0.00632929 0.00577232 0.00989741 0.0162782 0.0234741 0.0295852 0.0327177 0.0320016 0.0281009 0.0227474 0.0176852 0.0138523 0.0112711 0.00947265
 1.03747e-16 5.68581e-05 0.000552681 0.00367276 0.0166959 0.0519471 0.11068 0.161545 0.161567 0.110789 0.052313 0.0177532 0.00632925 0.00635975 0.0111088 0.0183358 0.0265493 0.0336814 0.0376528 0.03749 0.0338702 0.0285946 0.0234404 0.0193079 0.0161639 0.0135446
 1.05793e-16 5.21011e-05 0.000506442 0.00336548 0.015299 0.0476011 0.10142 0.148031 0.148055 0.10154 0.0480044 0.016465 0.00629627 0.00691755 0.0122668 0.0202991 0.0294762 0.0375717 0.0423408 0.0427386 0.0394972 0.0345294 0.029667 0.0257518 0.022618 0.0196902
 1.05707e-16 5.97522e-05 0.000580813 0.00385971 0.0175457 0.0545912 0.116313 0.169766 0.169783 0.116395 0.0548681 0.0183465 0.00587365 0.0049899 0.00847072 0.0140076 0.0204049 0.0261516 0.0297446 0.0304927 0.0288925 0.0262051 0.0235923 0.0215118 0.01974 0.0178141
 1.01236e-16 7.65113e-05 0.000743717 0.00494226 0.0224668 0.0699026 0.148935 0.217376 0.217381 0.148959 0.0699844 0.0227034 0.00553658 0.00204269 0.00254818 0.00410399 0.0059342 0.00752599 0.00841387 0.00838758 0.00761035 0.00649744 0.00545292 0.00467202 0.00412565 0.0036775
 1.0239e-16 3.50231e-05 0.000340437 0.00226233 0.0102842 0.0319984 0.0681778 0.0995182 0.0995696 0.0684289 0.0328413 0.0127181 0.00836797 0.013657 0.02529 0.0416607 0.0597914 0.0747291 0.081449 0.0776369 0.0650929 0.0485669 0.0329973 0.0212749 0.0138084 0.00950304
 1.02143e-16 7.36968e-05 0.000716359 0.00476046 0.0216404 0.0673312 0.143456 0.20938 0.209384 0.143478 0.0674037 0.0218508 0.00529236 0.0018898 0.00233819 0.00384231 0.00574477 0.00767444 0.00929015 0.0104086 0.0110608 0.0113772 0.0114115 0.0110761 0.0102395 0.00887917
 1.0293e-16 5.16795e-05 0.000502343 0.00333825 0.0151752 0.0472159 0.1006 0.146835 0.146867 0.100756 0.0477422 0.016695 0.00715116 0.00881926 0.0158276 0.0260343 0.0373838 0.0467771 0.0511016 0.0489448 0.0414596 0.0316199 0.022479 0.0157645 0.0116184 0.0092408
 1.05814e-16 5.09072e-05 0.000494837 0.00328836 0.0149484 0.0465103 0.0990959 0.144638 0.144662 0.0992097 0.0468928 0.0160551 0.00607315 0.00659689 0.0117066 0.0194463 0.028411 0.0365636 0.0418283 0.0431954 0.0412284 0.037502 0.0334759 0.029746 0.0261289 0.0222514
 1.05363e-16 6.25637e-05 0.000608141 0.00404131 0.0183712 0.0571598 0.121785 0.177752 0.177767 0.121856 0.0573964 0.0190557 0.00576272 0.00437706 0.00725328 0.0119792 0.0174574 0.0223949 0.0255184 0.0262524 0.0250353 0.0229486 0.0209695 0.0194502 0.018144 0.0166013
 1.03814e-16 6.27362e-05 0.000609818 0.00405246 0.0184219 0.0573174 0.122122 0.178244 0.178261 0.122207 0.0576043 0.0192507 0.00613384 0.00515683 0.00870829 0.014324 0.0206924 0.0261607 0.0290912 0.0287397 0.0256924 0.021446 0.0174789 0.0145404 0.0125736 0.0111095
 1.08164e-16 2.91377e-05 0.000283229 0.00188216 0.00855606 0.0266213 0.0567213 0.0827964 0.0828439 0.0569537 0.0274019 0.0108116 0.00754755 0.0126633 0.0235777 0.0390286 0.0564444 0.071453 0.0795994 0.0788135 0.0705974 0.0589022 0.0476496 0.0388615 0.0324896 0.0274715
 1.07721e-16 6.26423e-05 0.000608905 0.00404639 0.0183943 0.0572316 0.121938 0.177974 0.177982 0.121979 0.0573693 0.0187945 0.00505934 0.00284838 0.00439881 0.00739062 0.0111509 0.0150958 0.0186537 0.0215407 0.0238407 0.0257557 0.0272538 0.0279596 0.0273848 0.0252858
 1.07134e-16 5.39334e-05 0.000524252 0.00348384 0.0158371 0.0492751 0.104987 0.153237 0.153262 0.10511 0.0496905 0.0170368 0.00649571 0.00710037 0.0125474 0.0206717 0.0298125 0.0375913 0.0416438 0.0409356 0.0364051 0.0303362 0.0249652 0.0213899 0.0194234 0.0181847
 1.10424e-16 3.87528e-05 0.000376691 0.00250325 0.0113794 0.0354058 0.075437 0.11011 0.110143 0.0756012 0.0359574 0.0129746 0.00651431 0.00915632 0.0167818 0.0278631 0.0405577 0.0518931 0.0588432 0.0599947 0.0563169 0.0503408 0.044455 0.0396992 0.0357763 0.031881
 1.07718e-16 6.21479e-05 0.0006041 0.00401446 0.0182491 0.0567799 0.120976 0.17657 0.176582 0.121031 0.0569652 0.0187858 0.00536739 0.00357724 0.00576687 0.0095891 0.0141708 0.0185921 0.0219547 0.0238548 0.0245748 0.0247668 0.0248966 0.02492 0.0244091 0.0229395
 1.05584e-16 5.89327e-05 0.000572847 0.00380677 0.017305 0.0538425 0.114718 0.167438 0.167459 0.114819 0.0541824 0.0182869 0.00627202 0.00595703 0.0102924 0.0169443 0.0244595 0.0308881 0.0342959 0.0338243 0.0302102 0.0252804 0.0208272 0.0177389 0.015892 0.014628
 1.09699e-16 3.21478e-05 0.000312488 0.0020766 0.00943994 0.0293714 0.0625804 0.0913467 0.0913889 0.0627865 0.0300638 0.0114414 0.00710594 0.0113098 0.0209714 0.0347594 0.0503982 0.0640693 0.0718819 0.0720266 0.0657945 0.0565667 0.0476371 0.0406072 0.035299 0.0307326
 1.17869e-16 3.77505e-05 0.000366948 0.0024385 0.0110851 0.0344899 0.0734852 0.107258 0.107279 0.0735867 0.0348318 0.0120769 0.00494494 0.00589495 0.0107028 0.0180718 0.0270591 0.0362013 0.0439983 0.0497424 0.0537835 0.0569179 0.0594453 0.0607577 0.0597747 0.0557694
 1.07431e-16 6.89929e-05 0.000670636 0.00445661 0.0202591 0.0630337 0.1343 0.196017 0.196024 0.134336 0.0631526 0.0206033 0.00532335 0.00257217 0.00370887 0.00609954 0.00896814 0.0116918 0.0137043 0.014797 0.0152478 0.0155968 0.0162376 0.0171457 0.0179225 0.0180636
pSPR Fmed_Fpbrs
0.757416   0.6 0.325
Fs Fmed_Fpbrs
0.137671   0.262756 0.634469
SSBpbr Bo_Bmed_Bpbrs
2.70441e+06  1.91314e+06  1.48742e+06 743711
Ro
256002
SPR SPRFo_SPRFmed_SPRFpbrs
1.82988e+06 1.38598e+06 594712
Fref
0.262756
Nvult_r0
 306006 27619 12727 14211.1 5643.88
CTP_r0
 27974.8 2774.5 1278.5 1427.6 566.964
YTP_r0
391297
Np
 359276 152544 13542.4 6240.4 9260.71
Nvult_p0
 254968 109393 9711.62 4475.16 6641.1
CTP_p0
 48806.6 22762.7 2020.81 931.199 1381.89
YTP_p0
 855662
CBA_c0
530607
log_Ro
12.2729
likeval ReclasPelacesDesembMPH_pf_preclas_ppelaces_ptallas_desvR_qrecl_qpela
 16.4798 17.3943 0.112316 0.000812579 241.668 121.06 98.0893 0 22.707 1.83812e-05 9.46342e-06 0.570658 4.4279e-16 0 0
q_reclas_q_pelaces
0.544694 0.645545
M
1
N
 262790 62012.4 255656 13613.4 0.415639
 154487 90093.4 21095.8 86971.1 4631.25
 150540 50091.2 28809.6 6745.92 29292.1
 283602 49016.4 16092.6 9255.51 11577.8
 226792 87069.9 14752.6 4843.41 6270.24
 373101 78491.5 29932.9 5071.65 3820.66
 157921 121366 25189.6 9606.13 2853.73
 76398.3 44838.9 33492.7 6951.43 3438.48
 69548.8 27018.2 15788.7 11793.4 3658.49
 89938.5 21950.2 8384.75 4899.81 4795.3
 162409 27202.4 6497.6 2482.02 2869.91
 199965 56768.7 9455.12 2258.46 1860.25
 168932 57628.2 15927.2 2652.76 1155.56
 119721 49646.2 16523.1 4566.62 1091.91
 126222 30938.7 12341.3 4107.39 1406.63
 650355 36848 8805.29 3512.39 1569.31
 153086 194637 10780.5 2576.13 1486.73
 971201 49289.6 61756.6 3420.56 1289.11
 573271 310414 15512.3 19435.9 1482.21
 435444 171869 90994.1 4547.24 6131.88
 675357 133932 51832.7 27442.2 3220.64
 899141 217200 42441.9 16425.4 9716.83
 198503 278931 66129.3 12922 7959.33
 588259 66120.2 91901.8 21788.2 6879.93
 491543 198749 22131.4 30760.8 9595.62
 223198 165650 66336.4 7386.77 13469.7
 495334 76469.2 56310.9 22550.3 7089.93
 553931 167357 25595.9 18848.5 9921.22
 168584 189750 56880.8 8699.47 9778.17
 123790 57680.1 64406.6 19306.9 6271.83
 458550 41161.4 18967.4 21179.3 8411.25
pred_Ctot
 11374.7 2969.65 12242.9 651.918 0.0199041
 11703.5 7532.58 1763.79 7271.54 387.212
 11045.1 4056.8 2333.24 546.34 2372.32
 30101.1 5728.18 1880.61 1081.62 1353.01
 8531.99 3625.51 614.283 201.675 261.087
 27579.4 6404.25 2442.28 413.804 311.734
 23264.6 19621.4 4072.43 1553.03 461.366
 1874.12 1218.63 910.259 188.925 93.4503
 6325.3 2708.72 1582.9 1182.36 366.784
 10273.3 2758.86 1053.86 615.844 602.709
 5138.6 953.049 227.647 86.9588 100.549
 27930 8707.07 1450.21 346.399 285.321
 21875.9 8201.4 2266.69 377.529 164.454
 23171.3 10504.8 3496.17 966.265 231.041
 16785.7 4520.48 1803.2 600.135 205.524
 77963 4858.29 1160.95 463.098 206.909
 12207.4 17124 948.461 226.647 130.802
 81467.9 4560.23 5713.67 316.467 119.268
 68184.5 40609.9 2029.39 2542.7 193.91
 45784.6 19898.5 10535 526.467 709.932
 54288.4 11877.6 4596.73 2433.69 285.619
 90330.3 24036 4696.74 1817.68 1075.29
 11961.4 18571.7 4403 860.366 529.945
 30555.6 3797.24 5277.86 1251.28 395.11
 26268.3 11741.9 1307.5 1817.32 566.9
 9748.85 8004.56 3205.51 356.944 650.885
 25722.8 4390.56 3233.15 1294.75 407.075
 24248 8104.81 1239.57 912.8 480.468
 7499.32 9337.76 2799.15 428.108 481.191
 7585.62 3905.14 4360.55 1307.15 424.625
 27974.8 2774.5 1278.5 1427.6 566.964
F
 0.0705095 0.078258 0.078258 0.078258 0.078258
 0.126263 0.140138 0.140138 0.140138 0.140138
 0.122074 0.135489 0.135489 0.135489 0.135489
 0.180862 0.200737 0.200737 0.200737 0.200737
 0.0610437 0.067752 0.067752 0.067752 0.067752
 0.123037 0.136558 0.136558 0.136558 0.136558
 0.25902 0.287484 0.287484 0.287484 0.287484
 0.0394503 0.0437856 0.0437856 0.0437856 0.0437856
 0.153254 0.170096 0.170096 0.170096 0.170096
 0.195821 0.217341 0.217341 0.217341 0.217341
 0.0511298 0.0567486 0.0567486 0.0567486 0.0567486
 0.244129 0.270958 0.270958 0.270958 0.270958
 0.224575 0.249254 0.249254 0.249254 0.249254
 0.353159 0.391969 0.391969 0.391969 0.391969
 0.231244 0.256657 0.256657 0.256657 0.256657
 0.206385 0.229065 0.229065 0.229065 0.229065
 0.133285 0.147932 0.147932 0.147932 0.147932
 0.140627 0.156081 0.156081 0.156081 0.156081
 0.204625 0.227112 0.227112 0.227112 0.227112
 0.179036 0.198711 0.198711 0.198711 0.198711
 0.134421 0.149193 0.149193 0.149193 0.149193
 0.170473 0.189207 0.189207 0.189207 0.189207
 0.0993296 0.110245 0.110245 0.110245 0.110245
 0.0851239 0.0944785 0.0944785 0.0944785 0.0944785
 0.0876708 0.0973053 0.0973053 0.0973053 0.0973053
 0.07117 0.0789911 0.0789911 0.0789911 0.0789911
 0.0851033 0.0944556 0.0944556 0.0944556 0.0944556
 0.0713318 0.0791707 0.0791707 0.0791707 0.0791707
 0.0725239 0.0804938 0.0804938 0.0804938 0.0804938
 0.101084 0.112192 0.112192 0.112192 0.112192
 0.100618 0.111675 0.111675 0.111675 0.111675
nmprior
 8.19 8.8 8.5 0
nm_flota  nm_reclas  nm_pelaces    nm_pelaL
inf 11.5248 17.3184 40.7436
cv_recla  cv_pelaces  cv_mph
0.367198 0.472907 0.879707
 ------------------------------------------------
Talla a la edad & desviaci?n 
 8 13.2811 15.8009 17.003 17.5766
 0.8 1.32811 1.58009 1.7003 1.75766
