years
 1991 1992 1993 1994 1995 1996 1997 1998 1999 2000 2001 2002 2003 2004 2005 2006 2007 2008 2009 2010 2011 2012 2013 2014 2015 2016 2017 2018 2019 2020 2021
reclasobs
 0 0 0 0 0 0 0 0 0 252601 567819 844713 477998 351125 339783 2.1784e+06 2.13404e+06 4.81314e+06 1.55562e+06 2.62356e+06 3.21686e+06 3.843e+06 1.13348e+06 3.07943e+06 1.97215e+06 2.03268e+06 2.025e+06 2.42433e+06 2.27542e+06 1.05018e+06 2.36338e+06
reclaspred
 5.57679e+06 1.57754e+06 998862 741715 153905 3.21777e+06 1.1815e+06 369077 900872 232365 363525 848057 730813 556940 391131 1.94835e+06 817150 4.88125e+06 2.47384e+06 2.0973e+06 2.81648e+06 3.30199e+06 1.60544e+06 3.09197e+06 2.37092e+06 1.53417e+06 2.12973e+06 3.74053e+06 2.58949e+06 754319 1.29538e+06
pelacesobs
 0 0 0 0 0 0 0 0 0 0 0 0 0 0 0 552880 188675 0 991730 2.46772e+06 1.41603e+06 1.21717e+06 2.29649e+06 1.80582e+06 0 1.4828e+06 1.56532e+06 1.57751e+06 1.42118e+06 867257 1.10002e+06
pelacespred
 4.03052e+06 1.04249e+06 520401 296629 55749.7 2.15037e+06 569390 242243 538642 90283.7 220173 412540 385444 280686 188254 992267 357312 3.22179e+06 1.36275e+06 1.01631e+06 1.53471e+06 1.78956e+06 867266 2.14074e+06 1.43438e+06 917084 1.57649e+06 2.83701e+06 1.60301e+06 450674 777359
mphobs
 0 0 0 0 0 0 0 0 0 0 0 498337 0 5186 125008 0 168611 109162 213762 579715 649985 157893 87575 83554 0 0 0 0 0 0 0
mphpred
 1.50551e+06 614307 108740 125497 52969.9 10204.8 416662 96450.9 35792.1 82629.8 11162 47702.3 80834.8 49783.2 26129.2 25332.2 229086 72417.8 582486 193506 272158 257575 400268 175951 358371 312662 161444 228447 603049 267439 55574.5
desembarqueobs
 494567 514787 250237 358949 120608 361735 552515 73892 212993 205616 52469 317467 293654 387597 252695 516296 358380 742168 942051 627588 828172 859565 418607 520667 417249 300574 407403 355545 319650 289779 391294
desembarquepred
 494499 514369 249992 358485 120498 361535 551795 73863.3 212817 205368 52449.9 317115 293253 386820 252323 515692 357975 741448 940156 626430 827430 858375 418116 520265 416745 300247 406992 355233 319238 289152 390974
Reclutas
 14565 8989.79 166951 54662.6 8621.99 287577 11692.2 3071.61 52167.1 13189.7 35800.8 116800 75704.3 67919.7 41832.1 269436 12424.8 488761 137371 234555 189925 443436 19322.6 164634 162209 30386.8 127807 206052 25611 11117.3 101495
log_desv_Rt
 -1.37264 -1.85518 1.06644 -0.0500852 -1.89695 1.61023 -1.59234 -2.92906 -0.0968119 -1.47183 -0.473294 0.709198 0.27557 0.167061 -0.3176 1.54507 -1.53157 2.14061 0.871417 1.40642 1.19537 2.04329 -1.08999 1.05246 1.03762 -0.637257 0.79926 1.27686 -0.808241 -1.64276 0.56875
SSB
 1.72802e+06 705101 124811 144045 60798.7 11713.1 478244 110706 41082.1 94842.4 12811.7 54752.7 92782.1 57141.1 29991.1 29076.3 262944 83121.1 668577 222106 312382 295644 459427 201956 411338 358873 185305 262211 692179 306967 63788.3
BT
 2.16169e+06 997344 439018 386485 121628 1.28026e+06 728102 173129 432182 221054 141937 443024 432643 525722 330918 849124 432129 2.1126e+06 1.46713e+06 947483 1.36747e+06 1.51807e+06 715632 1.45071e+06 991131 651607 1.12845e+06 1.60586e+06 944996 490035 720604
Ftot
 0.298516 1.00282 1.00235 1.5962 2.14528 0.518095 1.39382 0.670226 1.00449 2.38853 0.639556 1.47685 1.4861 2.40584 2.32418 1.14494 1.35293 0.680348 1.28376 1.18189 1.1181 1.0554 0.862046 0.709641 0.679618 0.688105 0.792215 0.414033 0.424697 1.19225 1.2502
BD_Bspro_t
 0.953505 0.635019 0.241916 0.279807 0.110655 0.0312888 0.461213 0.153075 0.0922402 0.20274 0.0489865 0.251842 0.223301 0.127648 0.0679543 0.0689466 0.278601 0.11189 0.407952 0.18128 0.200337 0.192944 0.277272 0.161844 0.312373 0.333122 0.251747 0.358495 0.56831 0.369347 0.138351
BD_Bspro
 4.20656 1.71644 0.303831 0.350653 0.148004 0.0285134 1.1642 0.269495 0.100007 0.230877 0.0311879 0.133286 0.225862 0.1391 0.073008 0.0707811 0.640091 0.202343 1.62753 0.540678 0.760439 0.719693 1.11839 0.491626 1.00133 0.873612 0.451091 0.638307 1.68499 0.747256 0.155281
BD_Bo
 1.19718 0.488498 0.0864701 0.0997954 0.0421217 0.00811489 0.33133 0.076698 0.0284619 0.0657074 0.00887605 0.037933 0.06428 0.0395877 0.020778 0.0201443 0.182169 0.0575868 0.463194 0.153877 0.21642 0.204824 0.318294 0.139916 0.284977 0.248629 0.12838 0.181662 0.479546 0.212668 0.0441929
BD_Brms
 6.28695 2.56533 0.454093 0.524071 0.2212 0.042615 1.73997 0.402776 0.149466 0.345059 0.0466122 0.199203 0.337563 0.207893 0.109115 0.105787 0.956653 0.302414 2.43244 0.808075 1.13652 1.07562 1.6715 0.734764 1.49654 1.30566 0.674183 0.953987 2.51831 1.11682 0.232077
Sel_flota
 0.680205 0.975853 0.998699 0.999931 0.999996
 0.680205 0.975853 0.998699 0.999931 0.999996
 0.680205 0.975853 0.998699 0.999931 0.999996
 0.680205 0.975853 0.998699 0.999931 0.999996
 0.680205 0.975853 0.998699 0.999931 0.999996
 0.680205 0.975853 0.998699 0.999931 0.999996
 0.680205 0.975853 0.998699 0.999931 0.999996
 0.680205 0.975853 0.998699 0.999931 0.999996
 0.680205 0.975853 0.998699 0.999931 0.999996
 0.680205 0.975853 0.998699 0.999931 0.999996
 0.680205 0.975853 0.998699 0.999931 0.999996
 0.680205 0.975853 0.998699 0.999931 0.999996
 0.680205 0.975853 0.998699 0.999931 0.999996
 0.680205 0.975853 0.998699 0.999931 0.999996
 0.680205 0.975853 0.998699 0.999931 0.999996
 0.680205 0.975853 0.998699 0.999931 0.999996
 0.680205 0.975853 0.998699 0.999931 0.999996
 0.680205 0.975853 0.998699 0.999931 0.999996
 0.680205 0.975853 0.998699 0.999931 0.999996
 0.680205 0.975853 0.998699 0.999931 0.999996
 0.680205 0.975853 0.998699 0.999931 0.999996
 0.680205 0.975853 0.998699 0.999931 0.999996
 0.680205 0.975853 0.998699 0.999931 0.999996
 0.680205 0.975853 0.998699 0.999931 0.999996
 0.680205 0.975853 0.998699 0.999931 0.999996
 0.680205 0.975853 0.998699 0.999931 0.999996
 0.680205 0.975853 0.998699 0.999931 0.999996
 0.680205 0.975853 0.998699 0.999931 0.999996
 0.680205 0.975853 0.998699 0.999931 0.999996
 0.680205 0.975853 0.998699 0.999931 0.999996
 0.680205 0.975853 0.998699 0.999931 0.999996
Sel_reclas
 0.952725 1 1 1 1
 0.952725 1 1 1 1
 0.952725 1 1 1 1
 0.952725 1 1 1 1
 0.952725 1 1 1 1
 0.952725 1 1 1 1
 0.952725 1 1 1 1
 0.952725 1 1 1 1
 0.952725 1 1 1 1
 0.952725 1 1 1 1
 0.952725 1 1 1 1
 0.952725 1 1 1 1
 0.952725 1 1 1 1
 0.952725 1 1 1 1
 0.952725 1 1 1 1
 0.952725 1 1 1 1
 0.952725 1 1 1 1
 0.952725 1 1 1 1
 0.952725 1 1 1 1
 0.952725 1 1 1 1
 0.952725 1 1 1 1
 0.952725 1 1 1 1
 0.952725 1 1 1 1
 0.952725 1 1 1 1
 0.952725 1 1 1 1
 0.952725 1 1 1 1
 0.952725 1 1 1 1
 0.952725 1 1 1 1
 0.952725 1 1 1 1
 0.952725 1 1 1 1
 0.952725 1 1 1 1
Sel_pelaces
 0.943913 1 1 1 1
 0.943913 1 1 1 1
 0.943913 1 1 1 1
 0.943913 1 1 1 1
 0.943913 1 1 1 1
 0.943913 1 1 1 1
 0.943913 1 1 1 1
 0.943913 1 1 1 1
 0.943913 1 1 1 1
 0.943913 1 1 1 1
 0.943913 1 1 1 1
 0.943913 1 1 1 1
 0.943913 1 1 1 1
 0.943913 1 1 1 1
 0.943913 1 1 1 1
 0.943913 1 1 1 1
 0.943913 1 1 1 1
 0.943913 1 1 1 1
 0.943913 1 1 1 1
 0.943913 1 1 1 1
 0.943913 1 1 1 1
 0.943913 1 1 1 1
 0.943913 1 1 1 1
 0.943913 1 1 1 1
 0.943913 1 1 1 1
 0.943913 1 1 1 1
 0.943913 1 1 1 1
 0.943913 1 1 1 1
 0.943913 1 1 1 1
 0.943913 1 1 1 1
 0.943913 1 1 1 1
pf_obs 
 0.8446 0.082 0.0669 0.0065 0
 0.8095 0.147 0.0364 0.0071 0
 0.9664 0.0169 0.016 0.0007 0
 0.9276 0.0648 0.0075 0.0001 0
 0.7033 0.2144 0.0806 0.0017 0
 0.9318 0.0425 0.0243 0.0014 0
 0.5671 0.3108 0.0964 0.0239 0.0018
 0.0768 0.2599 0.5324 0.112 0.0189
 0.490249 0.384438 0.106611 0.0170017 0.00170017
 0.7925 0.1577 0.0466 0.003 0.0002
 0.840416 0.127587 0.0312969 0.00059994 9.999e-05
 0.8084 0.0986 0.0794 0.0134 0.0002
 0.7335 0.1905 0.0724 0.0035 0.0001
 0.4001 0.4547 0.1325 0.0127 0
 0.49795 0.308269 0.164784 0.0264974 0.00249975
 0.9179 0.0499 0.0305 0.0017 0
 0.2467 0.6533 0.0926 0.0074 0
 0.9418 0.0223 0.034 0.0019 0
 0.707729 0.231977 0.0356964 0.0245975 0
 0.517169 0.277429 0.184464 0.0207286 0.00020938
 0.811772 0.124168 0.05621 0.00726502 0.000585176
 0.764997 0.148141 0.077277 0.00933861 0.000247198
 0.163321 0.427699 0.378323 0.0303852 0.000271297
 0.753843 0.0900009 0.118128 0.0371064 0.000921714
 0.721811 0.176058 0.0630433 0.0369309 0.00215725
 0.143369 0.312575 0.442814 0.0836902 0.0175525
 0.692698 0.0596174 0.167031 0.0765114 0.00414204
 0.394062 0.376323 0.152708 0.0712218 0.00568511
 0.125707 0.32114 0.495352 0.0537591 0.00404204
 0.23352 0.215282 0.420074 0.123614 0.00750983
 0.774587 0.0839891 0.0768558 0.0609784 0.00358967
pf_pred 
 0.0890248 0.176411 0.647782 0.0867814 8.43417e-07
 0.170915 0.10736 0.142788 0.510626 0.0683112
 0.953851 0.012334 0.00452953 0.00580333 0.0234824
 0.581593 0.407249 0.00306895 0.00108553 0.00700378
 0.438229 0.410883 0.147055 0.0010563 0.00277678
 0.994576 0.00344833 0.0014673 0.000495698 1.28791e-05
 0.111325 0.885605 0.00197327 0.00081499 0.000282031
 0.206998 0.149588 0.641287 0.0013675 0.000758435
 0.944193 0.0167365 0.00756343 0.0314028 0.000103922
 0.528453 0.456309 0.00469694 0.00204402 0.00849751
 0.953072 0.0339894 0.0125458 0.000121315 0.00027132
 0.914501 0.082958 0.00185632 0.000663815 2.07384e-05
 0.786868 0.203147 0.00970174 0.000207405 7.62969e-05
 0.833334 0.146009 0.0197308 0.000899913 2.62498e-05
 0.870637 0.119365 0.00882541 0.00111947 5.23691e-05
 0.984298 0.0147575 0.000875643 6.08857e-05 8.05769e-06
 0.177469 0.815185 0.00692092 0.000394613 3.1003e-05
 0.982854 0.00487221 0.0121684 9.89412e-05 6.07045e-06
 0.487716 0.506899 0.00156567 0.00378611 3.26172e-05
 0.847089 0.096925 0.0554224 0.000164115 0.000399378
 0.777618 0.202151 0.0130125 0.00714602 7.2492e-05
 0.900863 0.0852746 0.0126464 0.000782676 0.000433264
 0.148675 0.800601 0.0438621 0.00626112 0.000600749
 0.875905 0.0279135 0.0906374 0.00479514 0.000748751
 0.750228 0.230011 0.00455831 0.0143277 0.000874826
 0.334901 0.550708 0.105615 0.00202704 0.00674881
 0.861369 0.0620966 0.0637199 0.0118328 0.000981452
 0.833555 0.151752 0.00670561 0.00665282 0.00133547
 0.224646 0.685309 0.0823017 0.00353664 0.00420681
 0.275939 0.22259 0.444683 0.0519108 0.00487647
 0.947815 0.0214667 0.00971277 0.0186314 0.00237408
pobs_RECLAS
 0 0 0 0 0
 0 0 0 0 0
 0 0 0 0 0
 0 0 0 0 0
 0 0 0 0 0
 0 0 0 0 0
 0 0 0 0 0
 0 0 0 0 0
 0 0 0 0 0
 0 0 0 0 0
 0.991045 0.00858322 0.000360255 1.14367e-05 0
 0.934742 0.0480273 0.0164251 0.00080598 0
 0.827803 0.169806 0.00239088 0 0
 0.941827 0.0461693 0.0120037 0 0
 0.791401 0.0380133 0.147996 0.0225897 0
 0.846168 0.0940531 0.0597789 0 0
 0.134021 0.677848 0.182769 0.00536245 0
 0.80878 0.0450904 0.141981 0.00414843 0
 0.846168 0.0940531 0.0597789 0 0
 0.905697 0.0802665 0.012482 0.00150086 5.37128e-05
 0.989698 0.0102097 9.19794e-05 0 0
 0.975433 0.0193895 0.00387452 0.00125025 5.28907e-05
 0.303575 0.632131 0.0575291 0.00676475 0
 0.966965 0.00978017 0.0227588 0.000495775 0
 0.843318 0.132988 0.00938335 0.0141283 0.000182051
 0.564624 0.303363 0.111486 0.0197234 0.00080311
 0.826376 0.0876187 0.0782897 0.00655872 0.00115652
 0.89761 0.0855135 0.0140674 0.00269457 0.000114338
 0.34875 0.467042 0.161289 0.0227151 0.000203297
 0.318654 0.224769 0.449479 0.00709798 0
 0.937255 0.0296025 0.0250945 0.00804832 0
ppred_RECLAS
 0.120802 0.173578 0.622351 0.0832686 8.09221e-07
 0.231548 0.101947 0.132015 0.471427 0.0630624
 0.967842 0.00877224 0.0031366 0.00401295 0.0162366
 0.674059 0.31751 0.00232147 0.000819808 0.00528892
 0.550792 0.331552 0.114673 0.000822193 0.00216115
 0.99613 0.00248262 0.00103074 0.000347757 9.03471e-06
 0.155001 0.842164 0.00182298 0.000751755 0.000260127
 0.271791 0.140194 0.586075 0.00124809 0.000692157
 0.960959 0.0119381 0.00525272 0.0217778 7.20644e-05
 0.641351 0.347472 0.00344969 0.00149833 0.0062283
 0.966224 0.0246322 0.00886709 8.56288e-05 0.000191494
 0.94037 0.0579087 0.00125821 0.000449222 1.40331e-05
 0.844955 0.147983 0.00686182 0.000146461 5.38735e-05
 0.889109 0.0975793 0.0127163 0.00057886 1.68831e-05
 0.914451 0.079153 0.00564748 0.000714993 3.34442e-05
 0.989056 0.0103021 0.000594715 4.12914e-05 5.46413e-06
 0.239578 0.753821 0.00621904 0.000354051 2.78139e-05
 0.987924 0.00349388 0.00850871 6.90916e-05 4.23875e-06
 0.580461 0.415256 0.00124687 0.00301064 2.59345e-05
 0.889794 0.0705612 0.0392461 0.000116042 0.00028237
 0.83436 0.150948 0.00945472 0.00518462 5.25908e-05
 0.928851 0.0614304 0.00886767 0.000548025 0.000303346
 0.198408 0.754995 0.0403011 0.00574482 0.000551171
 0.909947 0.0206579 0.0653998 0.00345528 0.000539496
 0.808381 0.176821 0.00341697 0.0107258 0.000654854
 0.414905 0.486559 0.0909863 0.00174392 0.00580579
 0.898836 0.0459637 0.0459687 0.00852466 0.000707016
 0.874242 0.114906 0.00495598 0.00491062 0.000985681
 0.287046 0.631922 0.0740719 0.00317888 0.003781
 0.359363 0.20077 0.390121 0.045474 0.00427147
 0.964001 0.0150628 0.00662666 0.0126925 0.00161719
pobs_PELACES
 0 0 0 0 0
 0 0 0 0 0
 0 0 0 0 0
 0 0 0 0 0
 0 0 0 0 0
 0 0 0 0 0
 0 0 0 0 0
 0 0 0 0 0
 0 0 0 0 0
 0 0 0 0 0
 0 0 0 0 0
 0 0 0 0 0
 0 0 0 0 0
 0 0 0 0 0
 0 0 0 0 0
 0 0 0 0 0
 0.505614 0.472636 0.0217494 0 0
 0 0 0 0 0
 0.443492 0.261883 0.143347 0.151278 0
 0.227955 0.32914 0.350689 0.0885471 0.00366901
 0.970185 0.0296113 0.000203453 0 0
 0.997202 0.00247181 0.000326279 0 0
 0.445219 0.490057 0.0546422 0.010081 0
 0.90214 0.0892962 0.00764917 0.000914606 0
 0 0 0 0 0
 0.581667 0.319106 0.0959925 0.00289975 0.000334073
 0.762889 0.0836404 0.116647 0.0363945 0.000428098
 0.88444 0.0763242 0.0277011 0.0115352 0
 0.521256 0.241999 0.230069 0.00667565 0
 0.616807 0.101726 0.260614 0.0208532 0
 0.833518 0.0704572 0.0857862 0.0102388 0
ppred_PELACES
 0.123121 0.173435 0.620441 0.0830029 8.06635e-07
 0.248953 0.100322 0.128932 0.46023 0.0615633
 0.970649 0.00805254 0.00285759 0.00365449 0.014786
 0.705445 0.287029 0.0020735 0.000731764 0.00472075
 0.600631 0.296012 0.100738 0.000721653 0.00189679
 0.996291 0.00238267 0.000985381 0.000332385 8.63525e-06
 0.172334 0.824919 0.00176699 0.000728251 0.000251986
 0.283863 0.138433 0.575797 0.00122587 0.000679825
 0.964344 0.0109631 0.00478736 0.0198403 6.56516e-05
 0.691161 0.299387 0.00291926 0.00126671 0.00526524
 0.967955 0.0234001 0.00838303 8.09332e-05 0.000180991
 0.947511 0.0509904 0.00109562 0.000390939 1.22121e-05
 0.861973 0.131807 0.00604367 0.000128921 4.74199e-05
 0.909641 0.0796837 0.0101976 0.000463749 1.35251e-05
 0.930086 0.0647718 0.00454113 0.000574382 2.68657e-05
 0.990116 0.00930921 0.00053278 3.6974e-05 4.89268e-06
 0.262658 0.731006 0.00596962 0.000339664 2.66829e-05
 0.988628 0.00330236 0.00800117 6.49523e-05 3.98475e-06
 0.608431 0.38761 0.00115265 0.00278168 2.39616e-05
 0.900057 0.0641953 0.0353887 0.000104586 0.000254488
 0.847793 0.138812 0.00862154 0.00472559 4.79334e-05
 0.934864 0.0562993 0.00806257 0.000498056 0.00027568
 0.210638 0.743758 0.0394441 0.00562069 0.000539251
 0.915062 0.0195653 0.0616104 0.00325413 0.000508082
 0.817119 0.168827 0.00324582 0.0101857 0.000621872
 0.429227 0.475064 0.0883772 0.00169344 0.00563764
 0.905136 0.043243 0.0429902 0.00796975 0.000660982
 0.877652 0.111821 0.00480792 0.00476311 0.000956063
 0.293745 0.626214 0.0731681 0.00313955 0.00373418
 0.385824 0.193675 0.372966 0.0434533 0.00408156
 0.96789 0.0135119 0.00588861 0.0112731 0.00143631
pobs_pel_tallas
 0 0 0 0 0 0 0 0 0 0 0 0 0 0 0 0 0 0 0 0 0 0 0 0 0 0
 0 0 0 0 0 0 0 0 0 0 0 0 0 0 0 0 0 0 0 0 0 0 0 0 0 0
 0 0 0 0 0 0 0 0 0 0 0 0 0 0 0 0 0 0 0 0 0 0 0 0 0 0
 0 0 0 0 0 0 0 0 0 0 0 0 0 0 0 0 0 0 0 0 0 0 0 0 0 0
 0 0 0 0 0 0 0 0 0 0 0 0 0 0 0 0 0 0 0 0 0 0 0 0 0 0
 0 0 0 0 0 0 0 0 0 0 0 0 0 0 0 0 0 0 0 0 0 0 0 0 0 0
 0 0 0 0 0 0 0 0 0 0 0 0 0 0 0 0 0 0 0 0 0 0 0 0 0 0
 0 0 0 0 0 0 0 0 0 0 0 0 0 0 0 0 0 0 0 0 0 0 0 0 0 0
 0 0 0 0 0 0 0 0 0 0 0 0 0 0 0 0 0 0 0 0 0 0 0 0 0 0
 0 0 0 0 0 0 0 0 0 0 0 0 0 0 0 0 0 0 0 0 0 0 0 0 0 0
 0 0 0 0 0 0 0 0 0 0 0 0 0 0 0 0 0 0 0 0 0 0 0 0 0 0
 0 0 0 0 0 0 0 0 0 0 0 0 0 0 0 0 0 0 0 0 0 0 0 0 0 0
 0.00862536 0 0 0.000197151 0.00414017 0.0128641 0.00837892 0.0270097 0.101434 0.158115 0.152841 0.127902 0.109271 0.109419 0.0830992 0.0579132 0.0238553 0.00714673 0.00463305 0.00128148 0.00103504 0.000492878 0.000147863 0.000147863 4.92878e-05 0
 0 0 0 0 0 0 0 0 0 0 0 0 0 0 0 0 0 0 0 0 0 0 0 0 0 0
 0 0 0 0 0 0 0 0.0054083 0.00873648 0.0413646 0.0450493 0.0745869 0.0622846 0.0627006 0.0613931 0.0827291 0.12552 0.122667 0.0946155 0.0697135 0.0546179 0.0294188 0.0215738 0.0213955 0.0102223 0.00600262
 0 0 0 0 0.00359764 0.0251062 0.0480494 0.140153 0.205849 0.193036 0.1447 0.116669 0.0760912 0.0342217 0.00950174 0.001854 0.000860785 0 0 0 0.000165536 0 0.000143464 0 0 0
 0 0 0 0 0 0 0 0.000145254 0.000435761 0.0275982 0.070085 0.0708112 0.156366 0.174668 0.174014 0.160142 0.0824315 0.0480064 0.0283245 0.00493863 0.00203355 0 0 0 0 0
 0 0 0 0 0 0 0 0 0 0 0 0 0 0 0 0 0 0 0 0 0 0 0 0 0 0
 0 0 1.00437e-05 0.000401748 0.00122533 0.00171747 0.00176769 0.0269171 0.070346 0.194647 0.189555 0.159765 0.064822 0.0314167 0.0384472 0.0292271 0.0345202 0.0313363 0.0194345 0.0106764 0.0143323 0.0359363 0.0279516 0.0138201 0.00172751 0
 0 0.0021121 0.0136068 0.0755702 0.200478 0.177729 0.0527432 0.0373336 0.0318909 0.0142505 0.0149659 0.0166563 0.0217959 0.0798694 0.0677717 0.0528807 0.04013 0.0224614 0.0357745 0.0225083 0.00881397 0.00855152 0.00135912 0.000746735 0 0
 0 0 0 0 5.4009e-05 0.00500934 0.000945158 0.0243581 0.138947 0.33067 0.221406 0.137944 0.0707744 0.0437923 0.0131692 0.00525238 0.0047753 0.00276346 9.45158e-05 9.00151e-06 2.25038e-05 9.00151e-06 4.50075e-06 0 0 0
 0.000866109 0.00284123 0.00948549 0.0512746 0.133035 0.25785 0.225252 0.132002 0.0553304 0.0519788 0.0540692 0.017754 0.00435017 0.00159236 0.00146478 0.000404838 0.000125132 0.000115318 0.000107957 0.000100596 0 0 0 0 0 0
 0 0 0 0 0.00144013 0.00171154 0.00461396 0.0210425 0.0478622 0.0707936 0.0888783 0.103762 0.0637923 0.0337046 0.0602308 0.124433 0.169614 0.0934646 0.0462172 0.0250306 0.0313229 0.00938855 0.002487 0.000210481 0 0
 0 0.00764035 0.051015 0.0998891 0.058973 0.0496711 0.0374665 0.0718981 0.12319 0.153886 0.159021 0.0857701 0.0377988 0.023471 0.0147837 0.00900784 0.00315554 0.000888139 0.00291439 0.00214683 0.00393193 0.00274676 0.000635225 9.99891e-05 0 0
 0 0 0 0 0 0 0 0 0 0 0 0 0 0 0 0 0 0 0 0 0 0 0 0 0 0
 0 0 0 0 0 0 0 0 0 0 0 0 0 0 0 0 0 0 0 0 0 0 0 0 0 0
 0 0 0 0 0 0 0 0 0 0 0 0 0 0 0 0 0 0 0 0 0 0 0 0 0 0
 0 0 0 0 0 0 0 0 0 0 0 0 0 0 0 0 0 0 0 0 0 0 0 0 0 0
 0 0 0 0 0 0 0 0 0 0 0 0 0 0 0 0 0 0 0 0 0 0 0 0 0 0
 0 0 0 0 0 0 0 0 0 0 0 0 0 0 0 0 0 0 0 0 0 0 0 0 0 0
 0 0 0 0 0 0 0 0 0 0 0 0 0 0 0 0 0 0 0 0 0 0 0 0 0 0
ppred_pel_tallas
 1.26274e-16 1.01413e-05 9.85772e-05 0.000655081 0.00297791 0.00926549 0.0197418 0.0288174 0.028835 0.0198285 0.00955952 0.00383927 0.00286286 0.00506931 0.00989327 0.0174945 0.0278916 0.0406854 0.0552887 0.0711628 0.0875853 0.103029 0.11486 0.120005 0.116389 0.104155
 1.6032e-16 2.0506e-05 0.000199325 0.00132459 0.00602138 0.0187348 0.0399169 0.0582619 0.058272 0.039966 0.0189009 0.00650626 0.00256144 0.00296742 0.00548656 0.00961392 0.015279 0.022433 0.0312688 0.0424696 0.0569874 0.0752367 0.0961559 0.11685 0.133217 0.141349
 1.02954e-16 7.99511e-05 0.000777153 0.00516446 0.0234769 0.0730453 0.155631 0.227148 0.227148 0.155635 0.0730581 0.0235142 0.00525851 0.000983905 0.000477146 0.00067512 0.000997728 0.00133141 0.00163046 0.0019009 0.00220667 0.00263459 0.00323347 0.00396798 0.00471597 0.00530885
 1.01006e-16 5.81067e-05 0.000564817 0.00375341 0.0170625 0.0530879 0.11311 0.165094 0.165121 0.113245 0.0535404 0.0183689 0.00702972 0.00770703 0.0135931 0.0223036 0.0319442 0.0397953 0.0431324 0.0407098 0.0335287 0.0242158 0.0155242 0.00909741 0.00519828 0.00321419
 1.03377e-16 4.94733e-05 0.000480898 0.00319574 0.0145274 0.0452002 0.0963048 0.140566 0.140594 0.0964447 0.0456701 0.0158857 0.00660954 0.00794679 0.0142678 0.0236107 0.03424 0.0435342 0.0488238 0.0488246 0.0443299 0.0375472 0.030665 0.0248115 0.0200175 0.0158524
 1.00064e-16 8.20632e-05 0.000797683 0.00530089 0.0240971 0.0749749 0.159742 0.233148 0.233148 0.159743 0.0749787 0.024108 0.00532846 0.000858048 0.000197229 0.000197535 0.000279751 0.000358254 0.000407467 0.000417495 0.000394822 0.000356351 0.000317709 0.000285179 0.000256129 0.000225052
 1.00378e-16 1.41951e-05 0.000137981 0.000916939 0.00416832 0.0129696 0.0276361 0.0403523 0.0404316 0.0280236 0.0142702 0.00792227 0.0103307 0.0206577 0.0388951 0.0640433 0.0917024 0.114154 0.123547 0.116268 0.0951679 0.0677937 0.0420887 0.0228499 0.0109398 0.00471845
 1.1689e-16 2.33815e-05 0.000227276 0.00151033 0.00686576 0.021362 0.0455145 0.0664327 0.0664469 0.0455843 0.0215988 0.00756054 0.00329524 0.00425874 0.00807393 0.0143341 0.0230172 0.0338528 0.0463699 0.060008 0.0738963 0.0864074 0.0950729 0.0973261 0.0917838 0.079177
 1.02142e-16 7.94317e-05 0.000772104 0.00513091 0.0233244 0.0725707 0.15462 0.225672 0.225673 0.154625 0.0725883 0.0233753 0.00525956 0.00105532 0.000624603 0.000927073 0.00137822 0.00184698 0.00226824 0.00263617 0.00301013 0.00346792 0.00403299 0.00463172 0.00511313 0.00531702
 1.01179e-16 5.69301e-05 0.000553381 0.00367741 0.016717 0.0520129 0.11082 0.161751 0.16178 0.110961 0.052485 0.0180798 0.00709512 0.00800409 0.0141773 0.0232698 0.0333332 0.0415359 0.0450389 0.0425448 0.0350979 0.025435 0.016421 0.00976239 0.00572507 0.00366474
 1.00287e-16 7.97292e-05 0.000774996 0.00515012 0.0234117 0.0728425 0.155199 0.226518 0.22652 0.15521 0.0728797 0.0235191 0.00542014 0.00136562 0.00120485 0.00187448 0.00271274 0.00345262 0.00387921 0.00389093 0.0035496 0.00302768 0.00249535 0.00203911 0.0016599 0.00132399
 1.00087e-16 7.80452e-05 0.000758627 0.00504135 0.0229172 0.071304 0.151921 0.221734 0.221739 0.151945 0.0713845 0.0231494 0.00562362 0.00202811 0.00248426 0.00397095 0.00568335 0.00708496 0.00768782 0.00726918 0.00600355 0.00435242 0.00279941 0.00163337 0.000902438 0.00050446
 1.0023e-16 7.09996e-05 0.000690141 0.00458623 0.0208483 0.064867 0.138207 0.201719 0.201732 0.138268 0.065075 0.0214488 0.00609243 0.00397472 0.00629875 0.0102737 0.014729 0.018387 0.0199973 0.018983 0.0157862 0.0115836 0.0076064 0.00458735 0.00264896 0.0015392
 1.00364e-16 7.4926e-05 0.000728307 0.00483986 0.0220013 0.0684542 0.145849 0.212873 0.212881 0.145887 0.0685802 0.022365 0.00575279 0.00272078 0.00385753 0.00625469 0.00899297 0.0112867 0.0123883 0.0119501 0.0102248 0.00789063 0.00564786 0.00389909 0.00269834 0.00190214
 1.0021e-16 7.66099e-05 0.000744676 0.00494863 0.0224958 0.0699927 0.149127 0.217657 0.217663 0.149158 0.070095 0.022791 0.00568941 0.00236051 0.00314158 0.0050624 0.00726146 0.00908107 0.00990756 0.00945844 0.00794814 0.00594706 0.00404856 0.00260068 0.00165562 0.00108852
 1.00023e-16 8.15546e-05 0.000792739 0.00526803 0.0239477 0.0745102 0.158752 0.231703 0.231704 0.158756 0.0745249 0.0239901 0.00537445 0.00102484 0.000521708 0.000731704 0.00104207 0.00130164 0.00141768 0.00134927 0.00112743 0.000834757 0.000557423 0.000346402 0.000209849 0.000129933
 1.00398e-16 2.16349e-05 0.000210299 0.00139752 0.00635295 0.0197668 0.0421178 0.0614868 0.0615571 0.0424612 0.0209194 0.00968001 0.00974108 0.0183984 0.0344875 0.0567795 0.0813188 0.101266 0.109669 0.103323 0.0847464 0.0606021 0.0379015 0.0208719 0.0102697 0.00465338
 1.0024e-16 8.14319e-05 0.000791547 0.00526011 0.0239117 0.0743982 0.158513 0.231355 0.231355 0.158515 0.0744036 0.0239276 0.00530065 0.000881873 0.00025831 0.000311991 0.00047355 0.000661584 0.00085159 0.00102958 0.00118828 0.0013177 0.00139671 0.00139744 0.0013018 0.00111692
 1.00416e-16 5.01158e-05 0.000487143 0.00323724 0.014716 0.0457873 0.097556 0.142394 0.142431 0.0977381 0.0463984 0.01648 0.00766087 0.0101299 0.0183221 0.0301024 0.0431048 0.0536717 0.0581157 0.0547443 0.0449002 0.0321276 0.0201506 0.0112082 0.00568702 0.00279989
 1.01092e-16 7.41365e-05 0.000720633 0.00478886 0.0217695 0.067733 0.144312 0.21063 0.210636 0.144343 0.0678353 0.0220656 0.00553401 0.00235352 0.00319339 0.00520881 0.00760431 0.0097849 0.0111873 0.0115334 0.0109629 0.00988614 0.00868847 0.00753617 0.00640167 0.00521739
 1.00767e-16 6.98317e-05 0.000678789 0.00451079 0.0205054 0.0638 0.135933 0.198401 0.198414 0.135998 0.0640191 0.0211382 0.00609826 0.00414151 0.00663816 0.0108428 0.0155638 0.0194697 0.021256 0.0203249 0.0171441 0.012942 0.0089885 0.00601679 0.00411536 0.00298896
 1.00344e-16 7.70036e-05 0.000748502 0.00497406 0.0226114 0.0703523 0.149893 0.218775 0.21878 0.14992 0.0704414 0.0228685 0.00561941 0.00215722 0.00275208 0.00442688 0.00636695 0.00799999 0.00879845 0.00851763 0.00733486 0.00572569 0.0041787 0.00297157 0.00213721 0.00157217
 1.01984e-16 1.73501e-05 0.000168649 0.00112074 0.00509475 0.0158521 0.0337771 0.0493137 0.0493853 0.0341268 0.0170259 0.00848377 0.00962225 0.0187096 0.0351773 0.0579889 0.0832064 0.103943 0.113184 0.107686 0.0899401 0.0665603 0.0444463 0.0276734 0.0168803 0.010616
 1.02196e-16 7.53725e-05 0.000732647 0.0048687 0.0221324 0.0688621 0.146718 0.21414 0.214142 0.146728 0.068895 0.0222285 0.00511423 0.00128319 0.00116347 0.00191476 0.00300779 0.00431555 0.00574451 0.00722125 0.00867524 0.00997687 0.0108999 0.0111788 0.0106443 0.00933833
 1.01264e-16 6.73051e-05 0.000654229 0.00434758 0.0197635 0.0614917 0.131015 0.191224 0.19124 0.131094 0.061758 0.0205324 0.00627618 0.00485968 0.00804055 0.0131508 0.0188565 0.0235457 0.0256312 0.0243963 0.0204356 0.0152807 0.0105128 0.00703951 0.00495048 0.00383607
 1.03796e-16 3.5355e-05 0.000343663 0.00228376 0.0103817 0.0323015 0.0688235 0.10046 0.100505 0.0690474 0.0330533 0.0125535 0.0077366 0.0122513 0.0226617 0.0374375 0.0539913 0.0680219 0.0751456 0.0733031 0.0639473 0.0509945 0.0384393 0.0285097 0.0214272 0.0163444
 1.02163e-16 7.45549e-05 0.0007247 0.00481589 0.0218923 0.0681151 0.145127 0.211818 0.211822 0.145147 0.0681848 0.0220942 0.00532542 0.00184652 0.00223301 0.00364651 0.00541587 0.00716614 0.00856008 0.00942945 0.00983753 0.00996581 0.00992729 0.00967695 0.0090831 0.00807152
 1.00807e-16 7.2291e-05 0.000702695 0.00466965 0.0212276 0.0660469 0.14072 0.205388 0.205398 0.140773 0.0662234 0.0217371 0.00594784 0.00349038 0.00535903 0.00872549 0.0125169 0.0156462 0.0170617 0.0162857 0.013704 0.0103185 0.00716393 0.00483524 0.0033962 0.00259005
 1.03219e-16 2.41955e-05 0.000235189 0.00156291 0.00710482 0.0221061 0.0471015 0.0687587 0.068819 0.0473963 0.0230957 0.00996273 0.0087351 0.0158868 0.0297336 0.0490746 0.0705882 0.0885419 0.09709 0.093509 0.0798076 0.0613598 0.0437147 0.0300689 0.0208457 0.0148769
 1.15861e-16 3.17799e-05 0.000308912 0.00205283 0.00933187 0.029035 0.0618629 0.0902947 0.0903139 0.061957 0.0293527 0.0102564 0.00439995 0.00551986 0.0101836 0.0174509 0.0266856 0.036787 0.0465442 0.0552368 0.0627396 0.0689606 0.073195 0.0741404 0.0706661 0.0626925
 1.01548e-16 7.97238e-05 0.000774944 0.00514978 0.0234101 0.0728376 0.155188 0.226502 0.226503 0.155195 0.0728592 0.0234726 0.00530718 0.00112048 0.000741773 0.00111601 0.00163896 0.00214766 0.00254064 0.002786 0.00293869 0.00309623 0.00332124 0.00359153 0.00381167 0.00386942
pSPR Fmed_Fpbrs
0.241365   0.240424 0.240424
Fs Fmed_Fpbrs
1.00156   1.005 1.005
SSBpbr Bo_Bmed_Bpbrs
1.44341e+06  276217  274858 274858
Ro
57470.1
SPR SPRFo_SPRFmed_SPRFpbrs
410792 99150.8 98764.1
Fref
1.005
Nvult_r0
 85542.9 1620.22 725.524 1390.96 177.237
CTP_r0
 39313.3 890.393 402.865 772.789 98.4718
YTP_r0
390974
Np
 94954 15952.6 197.408 85.6155 181.126
Nvult_p0
 77320.8 13751.6 170.79 74.0857 156.735
CTP_p0
 31395.1 6808.94 85.5525 37.134 78.5628
YTP_p0
 351618
CBA_c0
379167
log_Ro
10.779
likeval ReclasPelacesDesembMPH_pf_preclas_ppelaces_ptallas_desvR_qrecl_qpela
 15.3974 21.7165 0.225468 0.000970157 306.837 118.967 116.209 0 75.3594 8.05067e-05 0.000142722 0.00218087 0 0 0
q_reclas_q_pelaces
3.56602 5.47199
M
1
N
 14565 20838.2 74969.2 10032.5 0.0974988
 8989.79 4373.52 5728.67 20469.8 2738.32
 166951 1671.91 604.693 774.118 3132.23
 54662.6 31059.3 231.268 81.7508 527.435
 8621.99 6789.91 2406.67 17.2784 45.4197
 287577 737.188 307.883 103.909 2.69959
 11692.2 74372.1 163.573 67.5114 23.3618
 3071.61 1666.69 7021.08 14.9581 8.29553
 52167.1 716.276 318.797 1322.55 4.37656
 13189.7 9690.98 98.8727 43.0074 178.788
 35800.8 955.753 346.574 3.34815 7.48773
 116800 8524.47 188.366 67.3142 2.10291
 75704.3 15735.2 742.117 15.8546 5.83212
 67919.7 10134.9 1357.56 61.8889 1.80521
 41832.1 4864.01 356.379 45.1836 2.11365
 269436 3166.88 185.223 12.8692 1.70306
 12424.8 45492 381.156 21.7173 1.70617
 488761 1821.06 4469.48 36.3078 2.22752
 137371 113193 344.901 833.442 7.1798
 234555 21104 11897.6 35.2042 85.667
 189925 38619.5 2450.04 1344.44 13.638
 443436 32658.2 4771.49 295.071 163.335
 19322.6 79572.3 4289.55 611.789 58.698
 164634 3954.71 12621.9 667.147 104.169
 162209 37375.8 727.895 2285.8 139.561
 30386.8 37584.9 7083.83 135.833 452.218
 127807 7000.31 7064.72 1310.76 108.714
 206052 27430.5 1188.71 1178.13 236.483
 25611 57196.9 6737.04 289.203 343.986
 11117.3 7057.86 13902.3 1621.7 152.336
 101495 1817.62 811.14 1554.82 198.114
pred_Ctot
 1720.12 3408.59 12516.3 1676.77 0.0162963
 2967.49 1864.03 2479.15 8865.71 1186.05
 55090.6 712.364 261.608 335.177 1356.25
 24920.3 17449.9 131.499 46.5131 300.101
 4678.59 4386.64 1569.98 11.2772 29.6452
 55557 192.624 81.9635 27.6897 0.719427
 4879.18 38814.4 86.485 35.7195 12.3609
 737.537 532.985 2284.91 4.87243 2.70231
 17241.7 305.62 138.114 573.437 1.89769
 7572.83 6539 67.3081 29.2912 121.771
 8268.83 294.891 108.847 1.05253 2.35397
 50647.3 4594.42 102.808 36.7637 1.14855
 32961.6 8509.74 406.403 8.68812 3.19605
 39138.9 6857.58 926.689 42.2659 1.23286
 23684.1 3247.11 240.079 30.453 1.4246
 98047.7 1470.03 87.2244 6.06493 0.802641
 5081.74 23342.4 198.177 11.2996 0.887756
 118818 589.004 1471.04 11.961 0.733859
 54198.8 56330.6 173.989 420.742 3.62468
 87319.4 9991.2 5713.04 16.9172 41.1686
 67938 17661.3 1136.86 624.325 6.3334
 152055 14393.3 2134.55 132.106 73.1298
 5680.43 30588.6 1675.84 239.219 22.9528
 41429.6 1320.28 4287.07 226.806 35.4153
 39398 12079 239.379 752.415 45.9413
 7456.21 12260.9 2351.41 45.1299 150.255
 35149.2 2533.93 2600.17 482.85 40.0493
 32709.7 5954.91 263.136 261.064 52.4056
 4158.39 12685.6 1523.47 65.4661 77.8714
 4164.49 3359.34 6711.17 783.44 73.5959
 39313.3 890.393 402.865 772.789 98.4718
F
 0.203052 0.291307 0.298127 0.298495 0.298515
 0.682122 0.978603 1.00151 1.00275 1.00281
 0.681803 0.978146 1.00105 1.00228 1.00235
 1.08574 1.55765 1.59412 1.59609 1.59619
 1.45923 2.09347 2.14249 2.14513 2.14527
 0.352411 0.505585 0.517422 0.51806 0.518094
 0.948084 1.36016 1.39201 1.39373 1.39382
 0.455891 0.654042 0.669354 0.67018 0.670223
 0.683258 0.980232 1.00318 1.00442 1.00448
 1.62469 2.33086 2.38542 2.38837 2.38852
 0.43503 0.624113 0.638725 0.639513 0.639554
 1.00456 1.44119 1.47493 1.47675 1.47684
 1.01085 1.45021 1.48417 1.486 1.48609
 1.63646 2.34774 2.40271 2.40567 2.40583
 1.58092 2.26806 2.32115 2.32402 2.32417
 0.778795 1.1173 1.14345 1.14486 1.14494
 0.920273 1.32027 1.35117 1.35284 1.35293
 0.462776 0.66392 0.679463 0.680301 0.680346
 0.873221 1.25276 1.28209 1.28367 1.28376
 0.803931 1.15336 1.18036 1.18181 1.18189
 0.760536 1.0911 1.11664 1.11802 1.11809
 0.717888 1.02991 1.05403 1.05533 1.05539
 0.586368 0.841231 0.860925 0.861987 0.862043
 0.482702 0.692506 0.708718 0.709592 0.709639
 0.462279 0.663207 0.678734 0.679571 0.679615
 0.468053 0.67149 0.68721 0.688058 0.688103
 0.538869 0.773086 0.791185 0.792161 0.792212
 0.281628 0.404036 0.413495 0.414005 0.414032
 0.288881 0.414442 0.424145 0.424668 0.424696
 0.810972 1.16346 1.19069 1.19216 1.19224
 0.850393 1.22001 1.24857 1.25011 1.2502
nmprior
 8.19 8.8 8.5 0
nm_flota  nm_reclas  nm_pelaces    nm_pelaL
inf 22.8802 6.31147 10.9691
cv_recla  cv_pelaces  cv_mph
0.354935 0.528406 0.961228
 ------------------------------------------------
Talla a la edad & desviaci?n 
 8 13.2811 15.8009 17.003 17.5766
 0.8 1.32811 1.58009 1.7003 1.75766
