    unsorted:	 1.545539384e-05 0.0001057247556 0.001099982752 8.336717807 14.14797940 5.511521653 16.44234819 41.60901493 75.35191913 101.4655384 116.2326410 157.3381944 224.6473834 349.4484151 335.3033999 363.7121942 380.1692323 273.0811818 409.9256965 686.6277621 674.6445760 700.9951794 720.8641825 640.3840470 734.0406585 528.9513341 804.4300853 787.1160395 823.5003902 912.3413255 928.2166683 976.8838889 1049.395122 1120.138711 1144.464220 1158.157768 1181.110064 1213.386579 1230.714509 1240.022169 1453.938789 1772.362535 2752.331349 17167.01339 32168.31610 251107.5829 254081.4735 243110.8116 239989.2201 264073.7662 229073.9708 277196.8866 279851.5362 153437.8096 309423.1103 475062.6981 562856.4717 594018.1383 771449.5053 960688.7830 1134170.554 1415413.219 1695637.862 1963911.777 2063921.061 2131643.010 2376597.550 2697186.376 2815706.362 3114242.554 3483816.799 3549719.321 4129087.972 4297213.262 4651078.793 6646016.906 17886252.73
      sorted:	 1.545539384e-05 0.0001057247556 0.001099982752 5.511521653 8.336717807 14.14797940 16.44234819 41.60901493 75.35191913 101.4655384 116.2326410 157.3381944 224.6473834 273.0811818 335.3033999 349.4484151 363.7121942 380.1692323 409.9256965 528.9513341 640.3840470 674.6445760 686.6277621 700.9951794 720.8641825 734.0406585 787.1160395 804.4300853 823.5003902 912.3413255 928.2166683 976.8838889 1049.395122 1120.138711 1144.464220 1158.157768 1181.110064 1213.386579 1230.714509 1240.022169 1453.938789 1772.362535 2752.331349 17167.01339 32168.31610 153437.8096 229073.9708 239989.2201 243110.8116 251107.5829 254081.4735 264073.7662 277196.8866 279851.5362 309423.1103 475062.6981 562856.4717 594018.1383 771449.5053 960688.7830 1134170.554 1415413.219 1695637.862 1963911.777 2063921.061 2131643.010 2376597.550 2697186.376 2815706.362 3114242.554 3483816.799 3549719.321 4129087.972 4297213.262 4651078.793 6646016.906 17886252.73
