years
 1991 1992 1993 1994 1995 1996 1997 1998 1999 2000 2001 2002 2003 2004 2005 2006 2007 2008 2009 2010 2011 2012 2013 2014 2015 2016 2017 2018 2019 2020 2021
reclasobs
 0 0 0 0 0 0 0 0 0 252601 567819 844713 477998 351125 339783 2.1784e+06 2.13404e+06 4.81314e+06 1.55562e+06 2.62356e+06 3.21686e+06 3.843e+06 1.13348e+06 3.07943e+06 1.97215e+06 2.03268e+06 2.025e+06 2.42433e+06 2.27542e+06 1.05018e+06 2.36338e+06
reclaspred
 4.64144e+06 1.68065e+06 952694 673769 280404 2.91975e+06 1.29007e+06 679015 451244 248355 440594 810868 760064 547871 421090 1.787e+06 904860 4.3782e+06 2.64926e+06 2.02804e+06 3.0328e+06 3.07401e+06 1.69915e+06 3.13704e+06 2.29076e+06 1.67434e+06 2.27192e+06 3.33319e+06 2.32053e+06 876325 1.43432e+06
pelacesobs
 0 0 0 0 0 0 0 0 0 0 0 0 0 0 0 552880 188675 0 991730 2.46772e+06 1.41603e+06 1.21717e+06 2.29649e+06 1.80582e+06 0 1.4828e+06 1.56532e+06 1.57751e+06 1.42118e+06 867257 1.10002e+06
pelacespred
 3.05256e+06 1.05104e+06 482704 256116 121405 1.72138e+06 622313 457476 220375 98173.6 246345 361598 379820 255996 194390 812315 399851 2.55507e+06 1.43053e+06 938505 1.56354e+06 1.54571e+06 917630 1.98165e+06 1.32144e+06 986379 1.55389e+06 2.29084e+06 1.37205e+06 519884 809230
mphobs
 0 0 0 0 0 0 0 0 0 0 0 498337 0 5186 125008 0 168611 109162 213762 579715 649985 157893 87575 83554 0 0 0 0 0 0 0
mphpred
 1.09867e+06 512934 135568 108299 52522.3 28154.1 360821 124257 68635.5 29203.8 14818.1 58371.1 75789.2 54026.5 27063.9 28624.8 202901 88201.2 495770 220160 259547 280627 353230 192040 350893 289384 182292 236315 496312 243964 74484.6
desembarqueobs
 494567 514787 250237 358949 120608 361735 552515 73892 212993 205616 52469 317467 293654 387597 252695 516296 358380 742168 942051 627588 828172 859565 418607 520667 417249 300574 407403 355545 319650 289779 391294
desembarquepred
 494508 514566 249911 358755 120560 361592 552012 73879.7 212855 205472 52460.5 317253 293402 387047 252445 515868 358153 741621 940715 626704 827766 858736 418298 520427 416920 300378 407148 355317 319370 289431 391107
Reclutas
 51379.4 38045.9 139296 57597.1 22797.3 283326 36093.2 10225.3 25322.7 39423.3 44569 111143 82994.7 66803.2 44500.9 271112 22734.3 478170 186729 223681 218267 423884 36317.6 175127 160832 44860.7 139511 195962 36330.2 19925.5 110798
log_desv_Rt
 -0.422178 -0.722621 0.575186 -0.307943 -1.23477 1.28518 -0.77531 -2.03655 -1.12971 -0.687058 -0.564375 0.349407 0.057362 -0.159664 -0.565904 1.24112 -1.23754 1.80855 0.868242 1.04881 1.0243 1.68804 -0.769113 0.804094 0.718948 -0.557854 0.576727 0.916507 -0.768765 -1.36942 0.346294
SSB
 1.53407e+06 716208 189293 151218 73336.8 39311.5 503813 173500 95835.7 40777.1 20690.5 81503.4 105824 75437.1 37789.2 39968.7 283310 123155 692242 307409 362405 391839 493214 268144 489951 404066 254534 329967 692999 340647 104003
BT
 2.0162e+06 1.07382e+06 477635 404052 161995 1.29641e+06 804218 309933 324015 246646 182055 461863 474845 544329 358061 868739 489165 2.12048e+06 1.65313e+06 1.0285e+06 1.56011e+06 1.59409e+06 834254 1.60681e+06 1.08196e+06 787062 1.29289e+06 1.62673e+06 976522 561786 829327
Ftot
 0.314775 0.856284 0.860497 1.52176 1.25872 0.480703 1.17098 0.337663 1.45227 2.34571 0.450862 1.301 1.25062 2.11276 1.91306 1.06041 1.11469 0.639866 1.07957 1.02968 0.907221 0.954151 0.728329 0.594874 0.597703 0.558808 0.633285 0.390617 0.410934 0.938045 0.969051
BD_Bspro_t
 0.951057 0.645068 0.304492 0.27356 0.131915 0.0966265 0.479092 0.216599 0.177739 0.10481 0.0740295 0.303703 0.239936 0.158864 0.0837532 0.0915078 0.29599 0.155282 0.421064 0.23115 0.22378 0.237341 0.29364 0.206405 0.353497 0.363796 0.316988 0.412091 0.570856 0.398095 0.202273
BD_Bspro
 2.73859 1.27856 0.337922 0.269951 0.130919 0.070178 0.899397 0.309728 0.171084 0.0727944 0.0369362 0.145498 0.188915 0.134669 0.0674605 0.0713513 0.505759 0.219854 1.23578 0.54878 0.646958 0.699502 0.880475 0.478686 0.874649 0.721329 0.454389 0.589049 1.23713 0.608115 0.185663
BD_Bo
 1.14856 0.536224 0.141723 0.113217 0.0549071 0.0294324 0.377204 0.129899 0.071752 0.0305298 0.0154909 0.0610214 0.0792304 0.0564796 0.0282927 0.0299245 0.212114 0.092206 0.518281 0.230157 0.271332 0.293369 0.369269 0.200759 0.366825 0.302523 0.190569 0.247045 0.518847 0.255042 0.0778666
BD_Brms
 6.29929 2.94093 0.777287 0.62094 0.30114 0.161423 2.06879 0.712435 0.393526 0.167441 0.0849605 0.334674 0.434542 0.309764 0.155172 0.164122 1.16335 0.505707 2.84253 1.2623 1.48813 1.60899 2.02527 1.10107 2.01186 1.6592 1.04518 1.35493 2.84563 1.39878 0.427062
Sel_flota
 0.713006 0.979255 0.998886 0.999941 0.999997
 0.713006 0.979255 0.998886 0.999941 0.999997
 0.713006 0.979255 0.998886 0.999941 0.999997
 0.713006 0.979255 0.998886 0.999941 0.999997
 0.713006 0.979255 0.998886 0.999941 0.999997
 0.713006 0.979255 0.998886 0.999941 0.999997
 0.713006 0.979255 0.998886 0.999941 0.999997
 0.713006 0.979255 0.998886 0.999941 0.999997
 0.713006 0.979255 0.998886 0.999941 0.999997
 0.713006 0.979255 0.998886 0.999941 0.999997
 0.713006 0.979255 0.998886 0.999941 0.999997
 0.713006 0.979255 0.998886 0.999941 0.999997
 0.713006 0.979255 0.998886 0.999941 0.999997
 0.713006 0.979255 0.998886 0.999941 0.999997
 0.713006 0.979255 0.998886 0.999941 0.999997
 0.713006 0.979255 0.998886 0.999941 0.999997
 0.713006 0.979255 0.998886 0.999941 0.999997
 0.713006 0.979255 0.998886 0.999941 0.999997
 0.713006 0.979255 0.998886 0.999941 0.999997
 0.713006 0.979255 0.998886 0.999941 0.999997
 0.713006 0.979255 0.998886 0.999941 0.999997
 0.713006 0.979255 0.998886 0.999941 0.999997
 0.713006 0.979255 0.998886 0.999941 0.999997
 0.713006 0.979255 0.998886 0.999941 0.999997
 0.713006 0.979255 0.998886 0.999941 0.999997
 0.713006 0.979255 0.998886 0.999941 0.999997
 0.713006 0.979255 0.998886 0.999941 0.999997
 0.713006 0.979255 0.998886 0.999941 0.999997
 0.713006 0.979255 0.998886 0.999941 0.999997
 0.713006 0.979255 0.998886 0.999941 0.999997
 0.713006 0.979255 0.998886 0.999941 0.999997
Sel_reclas
 0.986251 1 1 1 1
 0.986251 1 1 1 1
 0.986251 1 1 1 1
 0.986251 1 1 1 1
 0.986251 1 1 1 1
 0.986251 1 1 1 1
 0.986251 1 1 1 1
 0.986251 1 1 1 1
 0.986251 1 1 1 1
 0.986251 1 1 1 1
 0.986251 1 1 1 1
 0.986251 1 1 1 1
 0.986251 1 1 1 1
 0.986251 1 1 1 1
 0.986251 1 1 1 1
 0.986251 1 1 1 1
 0.986251 1 1 1 1
 0.986251 1 1 1 1
 0.986251 1 1 1 1
 0.986251 1 1 1 1
 0.986251 1 1 1 1
 0.986251 1 1 1 1
 0.986251 1 1 1 1
 0.986251 1 1 1 1
 0.986251 1 1 1 1
 0.986251 1 1 1 1
 0.986251 1 1 1 1
 0.986251 1 1 1 1
 0.986251 1 1 1 1
 0.986251 1 1 1 1
 0.986251 1 1 1 1
Sel_pelaces
 0.896583 1 1 1 1
 0.896583 1 1 1 1
 0.896583 1 1 1 1
 0.896583 1 1 1 1
 0.896583 1 1 1 1
 0.896583 1 1 1 1
 0.896583 1 1 1 1
 0.896583 1 1 1 1
 0.896583 1 1 1 1
 0.896583 1 1 1 1
 0.896583 1 1 1 1
 0.896583 1 1 1 1
 0.896583 1 1 1 1
 0.896583 1 1 1 1
 0.896583 1 1 1 1
 0.896583 1 1 1 1
 0.896583 1 1 1 1
 0.896583 1 1 1 1
 0.896583 1 1 1 1
 0.896583 1 1 1 1
 0.896583 1 1 1 1
 0.896583 1 1 1 1
 0.896583 1 1 1 1
 0.896583 1 1 1 1
 0.896583 1 1 1 1
 0.896583 1 1 1 1
 0.896583 1 1 1 1
 0.896583 1 1 1 1
 0.896583 1 1 1 1
 0.896583 1 1 1 1
 0.896583 1 1 1 1
pf_obs 
 0.8446 0.082 0.0669 0.0065 0
 0.8095 0.147 0.0364 0.0071 0
 0.9664 0.0169 0.016 0.0007 0
 0.9276 0.0648 0.0075 0.0001 0
 0.7033 0.2144 0.0806 0.0017 0
 0.9318 0.0425 0.0243 0.0014 0
 0.5671 0.3108 0.0964 0.0239 0.0018
 0.0768 0.2599 0.5324 0.112 0.0189
 0.490249 0.384438 0.106611 0.0170017 0.00170017
 0.7925 0.1577 0.0466 0.003 0.0002
 0.840416 0.127587 0.0312969 0.00059994 9.999e-05
 0.8084 0.0986 0.0794 0.0134 0.0002
 0.7335 0.1905 0.0724 0.0035 0.0001
 0.4001 0.4547 0.1325 0.0127 0
 0.49795 0.308269 0.164784 0.0264974 0.00249975
 0.9179 0.0499 0.0305 0.0017 0
 0.2467 0.6533 0.0926 0.0074 0
 0.9418 0.0223 0.034 0.0019 0
 0.707729 0.231977 0.0356964 0.0245975 0
 0.517169 0.277429 0.184464 0.0207286 0.00020938
 0.811772 0.124168 0.05621 0.00726502 0.000585176
 0.764997 0.148141 0.077277 0.00933861 0.000247198
 0.163321 0.427699 0.378323 0.0303852 0.000271297
 0.753843 0.0900009 0.118128 0.0371064 0.000921714
 0.721811 0.176058 0.0630433 0.0369309 0.00215725
 0.143369 0.312575 0.442814 0.0836902 0.0175525
 0.692698 0.0596174 0.167031 0.0765114 0.00414204
 0.394062 0.376323 0.152708 0.0712218 0.00568511
 0.125707 0.32114 0.495352 0.0537591 0.00404204
 0.23352 0.215282 0.420074 0.123614 0.00750983
 0.774587 0.0839891 0.0768558 0.0609784 0.00358967
pf_pred 
 0.276857 0.197395 0.466453 0.0592937 9.33145e-07
 0.415497 0.208519 0.104357 0.241026 0.0306014
 0.885199 0.0610488 0.0195616 0.00950081 0.0246896
 0.614517 0.356507 0.0156346 0.00486065 0.00848141
 0.65794 0.253303 0.0823334 0.00346973 0.00295444
 0.979827 0.0154527 0.00352793 0.00110659 8.61748e-05
 0.280577 0.709527 0.00762463 0.00169769 0.000573206
 0.344535 0.257302 0.392871 0.00407957 0.00121279
 0.754154 0.106531 0.0554645 0.0827371 0.00111315
 0.897628 0.0867306 0.00693273 0.00347146 0.00523714
 0.922185 0.0738649 0.00337374 0.000255786 0.000320369
 0.878519 0.114856 0.00629664 0.00028058 4.78515e-05
 0.794722 0.18993 0.0145389 0.000768496 4.00059e-05
 0.799154 0.174374 0.0245583 0.00181358 0.000100658
 0.860701 0.124009 0.0133596 0.00179083 0.000139219
 0.979623 0.0188106 0.00140168 0.000144222 2.07843e-05
 0.279002 0.711931 0.00839043 0.000604967 7.1091e-05
 0.97448 0.00991667 0.0154131 0.000175655 1.41279e-05
 0.570073 0.422707 0.00285227 0.00431466 5.30497e-05
 0.794199 0.14085 0.0638969 0.000417083 0.000637551
 0.791193 0.180233 0.0197549 0.00867595 0.000142943
 0.873282 0.108665 0.0156488 0.00166335 0.000741328
 0.248056 0.689444 0.053834 0.00751377 0.00115265
 0.85113 0.0499637 0.0908961 0.00690057 0.0011092
 0.725715 0.245953 0.0096767 0.0171464 0.00150881
 0.416695 0.465696 0.105755 0.00405248 0.00780153
 0.834389 0.0854095 0.0643643 0.0142429 0.0015942
 0.80092 0.176082 0.0120155 0.00881556 0.00216599
 0.301484 0.595859 0.0910509 0.0060679 0.00553866
 0.380194 0.238943 0.326036 0.0486346 0.00619145
 0.921535 0.039131 0.0154572 0.0204445 0.00343218
pobs_RECLAS
 0 0 0 0 0
 0 0 0 0 0
 0 0 0 0 0
 0 0 0 0 0
 0 0 0 0 0
 0 0 0 0 0
 0 0 0 0 0
 0 0 0 0 0
 0 0 0 0 0
 0 0 0 0 0
 0.991045 0.00858322 0.000360255 1.14367e-05 0
 0.934742 0.0480273 0.0164251 0.00080598 0
 0.827803 0.169806 0.00239088 0 0
 0.941827 0.0461693 0.0120037 0 0
 0.791401 0.0380133 0.147996 0.0225897 0
 0.846168 0.0940531 0.0597789 0 0
 0.134021 0.677848 0.182769 0.00536245 0
 0.80878 0.0450904 0.141981 0.00414843 0
 0.846168 0.0940531 0.0597789 0 0
 0.905697 0.0802665 0.012482 0.00150086 5.37128e-05
 0.989698 0.0102097 9.19794e-05 0 0
 0.975433 0.0193895 0.00387452 0.00125025 5.28907e-05
 0.303575 0.632131 0.0575291 0.00676475 0
 0.966965 0.00978017 0.0227588 0.000495775 0
 0.843318 0.132988 0.00938335 0.0141283 0.000182051
 0.564624 0.303363 0.111486 0.0197234 0.00080311
 0.826376 0.0876187 0.0782897 0.00655872 0.00115652
 0.89761 0.0855135 0.0140674 0.00269457 0.000114338
 0.34875 0.467042 0.161289 0.0227151 0.000203297
 0.318654 0.224769 0.449479 0.00709798 0
 0.937255 0.0296025 0.0250945 0.00804832 0
ppred_RECLAS
 0.346813 0.180986 0.418997 0.0532031 8.37246e-07
 0.502063 0.180293 0.0882403 0.203561 0.0258431
 0.915929 0.0451906 0.0141606 0.00686946 0.0178504
 0.699086 0.278836 0.0119202 0.00370085 0.0064572
 0.734533 0.197812 0.0627642 0.00264164 0.00224917
 0.985312 0.0113065 0.00252776 0.000791989 6.16718e-05
 0.356811 0.634549 0.00665923 0.00148086 0.000499964
 0.421196 0.230055 0.344118 0.00356941 0.00106107
 0.818384 0.0798579 0.0405453 0.0604008 0.000812579
 0.931854 0.0580103 0.00449667 0.00224794 0.00339102
 0.942151 0.0549707 0.00245888 0.000186217 0.000233221
 0.912123 0.0831939 0.0044512 0.00019809 3.37809e-05
 0.847134 0.14169 0.010588 0.000558943 2.90952e-05
 0.858703 0.123142 0.0168448 0.00124202 6.89296e-05
 0.902716 0.0868698 0.00910151 0.00121823 9.46979e-05
 0.985516 0.0133939 0.000975189 0.000100216 1.44414e-05
 0.354253 0.637813 0.00734286 0.000528774 6.21333e-05
 0.981658 0.00722131 0.0109852 0.00012505 1.00571e-05
 0.65232 0.341977 0.00225447 0.00340614 4.18765e-05
 0.845736 0.106343 0.0471442 0.000307353 0.000469788
 0.841914 0.136877 0.0146688 0.0064345 0.000106006
 0.906641 0.0803166 0.0113067 0.00120037 0.000534949
 0.314601 0.629567 0.0480983 0.00670544 0.00102858
 0.888971 0.0377961 0.0673089 0.0051041 0.000820388
 0.785491 0.192786 0.00742476 0.0131412 0.0011563
 0.49725 0.403099 0.089618 0.00343025 0.00660327
 0.875636 0.064811 0.0478042 0.0105663 0.00118261
 0.846726 0.135898 0.00908337 0.00665695 0.00163552
 0.372429 0.536972 0.0803663 0.00534993 0.00488303
 0.466091 0.208722 0.278424 0.0414822 0.00528058
 0.943518 0.0285002 0.0110045 0.0145374 0.00244035
pobs_PELACES
 0 0 0 0 0
 0 0 0 0 0
 0 0 0 0 0
 0 0 0 0 0
 0 0 0 0 0
 0 0 0 0 0
 0 0 0 0 0
 0 0 0 0 0
 0 0 0 0 0
 0 0 0 0 0
 0 0 0 0 0
 0 0 0 0 0
 0 0 0 0 0
 0 0 0 0 0
 0 0 0 0 0
 0 0 0 0 0
 0.505614 0.472636 0.0217494 0 0
 0 0 0 0 0
 0.443492 0.261883 0.143347 0.151278 0
 0.227955 0.32914 0.350689 0.0885471 0.00366901
 0.970185 0.0296113 0.000203453 0 0
 0.997202 0.00247181 0.000326279 0 0
 0.445219 0.490057 0.0546422 0.010081 0
 0.90214 0.0892962 0.00764917 0.000914606 0
 0 0 0 0 0
 0.581667 0.319106 0.0959925 0.00289975 0.000334073
 0.762889 0.0836404 0.116647 0.0363945 0.000428098
 0.88444 0.0763242 0.0277011 0.0115352 0
 0.521256 0.241999 0.230069 0.00667565 0
 0.616807 0.101726 0.260614 0.0208532 0
 0.833518 0.0704572 0.0857862 0.0102388 0
ppred_PELACES
 0.331977 0.185372 0.428276 0.0543753 8.55688e-07
 0.49796 0.182447 0.0888008 0.204793 0.0259991
 0.914607 0.0460238 0.0143415 0.00695514 0.0180728
 0.707251 0.27147 0.0114915 0.00356585 0.00622147
 0.737903 0.195708 0.0615922 0.00259117 0.00220615
 0.984535 0.0119135 0.00265519 0.000831775 6.47693e-05
 0.358573 0.632876 0.00659148 0.0014652 0.000494665
 0.405597 0.236567 0.353085 0.003662 0.00108858
 0.823921 0.0778445 0.0391529 0.0582971 0.000784258
 0.938694 0.0523083 0.00399353 0.00199478 0.003009
 0.939047 0.0579284 0.00258362 0.000195633 0.000245012
 0.913669 0.0817674 0.00433816 0.000192972 3.29073e-05
 0.849086 0.139963 0.0103746 0.000547438 2.84956e-05
 0.869509 0.113924 0.015372 0.00113259 6.28543e-05
 0.909031 0.0813383 0.008417 0.00112586 8.75144e-05
 0.985493 0.0134224 0.000970574 9.97045e-05 1.43675e-05
 0.354873 0.637257 0.00728368 0.000524309 6.16073e-05
 0.980988 0.00750413 0.0113682 0.000129381 1.04053e-05
 0.652241 0.342095 0.00223953 0.0033823 4.15825e-05
 0.845372 0.106814 0.0470382 0.000306552 0.000468555
 0.839933 0.138703 0.0147774 0.0064801 0.000106756
 0.905739 0.0811636 0.0113555 0.00120515 0.000537071
 0.307967 0.635906 0.0483539 0.00673936 0.00103377
 0.88491 0.0392786 0.06968 0.00528281 0.000849102
 0.778261 0.199365 0.00764847 0.0135343 0.00119087
 0.485878 0.412514 0.0913797 0.003497 0.0067317
 0.871473 0.0671136 0.0492999 0.0108945 0.00121933
 0.838681 0.143073 0.0095388 0.00698976 0.00171728
 0.358786 0.548857 0.0819268 0.00545303 0.0049771
 0.463809 0.210397 0.278957 0.0415482 0.00528889
 0.943145 0.0287804 0.0110431 0.0145835 0.00244805
pobs_pel_tallas
 0 0 0 0 0 0 0 0 0 0 0 0 0 0 0 0 0 0 0 0 0 0 0 0 0 0
 0 0 0 0 0 0 0 0 0 0 0 0 0 0 0 0 0 0 0 0 0 0 0 0 0 0
 0 0 0 0 0 0 0 0 0 0 0 0 0 0 0 0 0 0 0 0 0 0 0 0 0 0
 0 0 0 0 0 0 0 0 0 0 0 0 0 0 0 0 0 0 0 0 0 0 0 0 0 0
 0 0 0 0 0 0 0 0 0 0 0 0 0 0 0 0 0 0 0 0 0 0 0 0 0 0
 0 0 0 0 0 0 0 0 0 0 0 0 0 0 0 0 0 0 0 0 0 0 0 0 0 0
 0 0 0 0 0 0 0 0 0 0 0 0 0 0 0 0 0 0 0 0 0 0 0 0 0 0
 0 0 0 0 0 0 0 0 0 0 0 0 0 0 0 0 0 0 0 0 0 0 0 0 0 0
 0 0 0 0 0 0 0 0 0 0 0 0 0 0 0 0 0 0 0 0 0 0 0 0 0 0
 0 0 0 0 0 0 0 0 0 0 0 0 0 0 0 0 0 0 0 0 0 0 0 0 0 0
 0 0 0 0 0 0 0 0 0 0 0 0 0 0 0 0 0 0 0 0 0 0 0 0 0 0
 0 0 0 0 0 0 0 0 0 0 0 0 0 0 0 0 0 0 0 0 0 0 0 0 0 0
 0.00862536 0 0 0.000197151 0.00414017 0.0128641 0.00837892 0.0270097 0.101434 0.158115 0.152841 0.127902 0.109271 0.109419 0.0830992 0.0579132 0.0238553 0.00714673 0.00463305 0.00128148 0.00103504 0.000492878 0.000147863 0.000147863 4.92878e-05 0
 0 0 0 0 0 0 0 0 0 0 0 0 0 0 0 0 0 0 0 0 0 0 0 0 0 0
 0 0 0 0 0 0 0 0.0054083 0.00873648 0.0413646 0.0450493 0.0745869 0.0622846 0.0627006 0.0613931 0.0827291 0.12552 0.122667 0.0946155 0.0697135 0.0546179 0.0294188 0.0215738 0.0213955 0.0102223 0.00600262
 0 0 0 0 0.00359764 0.0251062 0.0480494 0.140153 0.205849 0.193036 0.1447 0.116669 0.0760912 0.0342217 0.00950174 0.001854 0.000860785 0 0 0 0.000165536 0 0.000143464 0 0 0
 0 0 0 0 0 0 0 0.000145254 0.000435761 0.0275982 0.070085 0.0708112 0.156366 0.174668 0.174014 0.160142 0.0824315 0.0480064 0.0283245 0.00493863 0.00203355 0 0 0 0 0
 0 0 0 0 0 0 0 0 0 0 0 0 0 0 0 0 0 0 0 0 0 0 0 0 0 0
 0 0 1.00437e-05 0.000401748 0.00122533 0.00171747 0.00176769 0.0269171 0.070346 0.194647 0.189555 0.159765 0.064822 0.0314167 0.0384472 0.0292271 0.0345202 0.0313363 0.0194345 0.0106764 0.0143323 0.0359363 0.0279516 0.0138201 0.00172751 0
 0 0.0021121 0.0136068 0.0755702 0.200478 0.177729 0.0527432 0.0373336 0.0318909 0.0142505 0.0149659 0.0166563 0.0217959 0.0798694 0.0677717 0.0528807 0.04013 0.0224614 0.0357745 0.0225083 0.00881397 0.00855152 0.00135912 0.000746735 0 0
 0 0 0 0 5.4009e-05 0.00500934 0.000945158 0.0243581 0.138947 0.33067 0.221406 0.137944 0.0707744 0.0437923 0.0131692 0.00525238 0.0047753 0.00276346 9.45158e-05 9.00151e-06 2.25038e-05 9.00151e-06 4.50075e-06 0 0 0
 0.000866109 0.00284123 0.00948549 0.0512746 0.133035 0.25785 0.225252 0.132002 0.0553304 0.0519788 0.0540692 0.017754 0.00435017 0.00159236 0.00146478 0.000404838 0.000125132 0.000115318 0.000107957 0.000100596 0 0 0 0 0 0
 0 0 0 0 0.00144013 0.00171154 0.00461396 0.0210425 0.0478622 0.0707936 0.0888783 0.103762 0.0637923 0.0337046 0.0602308 0.124433 0.169614 0.0934646 0.0462172 0.0250306 0.0313229 0.00938855 0.002487 0.000210481 0 0
 0 0.00764035 0.051015 0.0998891 0.058973 0.0496711 0.0374665 0.0718981 0.12319 0.153886 0.159021 0.0857701 0.0377988 0.023471 0.0147837 0.00900784 0.00315554 0.000888139 0.00291439 0.00214683 0.00393193 0.00274676 0.000635225 9.99891e-05 0 0
 0 0 0 0 0 0 0 0 0 0 0 0 0 0 0 0 0 0 0 0 0 0 0 0 0 0
 0 0 0 0 0 0 0 0 0 0 0 0 0 0 0 0 0 0 0 0 0 0 0 0 0 0
 0 0 0 0 0 0 0 0 0 0 0 0 0 0 0 0 0 0 0 0 0 0 0 0 0 0
 0 0 0 0 0 0 0 0 0 0 0 0 0 0 0 0 0 0 0 0 0 0 0 0 0 0
 0 0 0 0 0 0 0 0 0 0 0 0 0 0 0 0 0 0 0 0 0 0 0 0 0 0
 0 0 0 0 0 0 0 0 0 0 0 0 0 0 0 0 0 0 0 0 0 0 0 0 0 0
 0 0 0 0 0 0 0 0 0 0 0 0 0 0 0 0 0 0 0 0 0 0 0 0 0 0
ppred_pel_tallas
 1.1786e-16 2.73445e-05 0.000265798 0.00176633 0.00802947 0.0249828 0.0532291 0.0776933 0.0777118 0.0533198 0.0252892 0.00892271 0.0040392 0.00532911 0.00994112 0.0171675 0.0265351 0.0371345 0.0479287 0.0582517 0.0678274 0.0762024 0.0821993 0.0840963 0.0805524 0.0715576
 1.27547e-16 4.10163e-05 0.000398693 0.00264946 0.0120441 0.0374736 0.0798422 0.116536 0.116553 0.079929 0.0377658 0.0128904 0.00478344 0.00508985 0.0090502 0.0151705 0.0225253 0.0298348 0.0359141 0.0404624 0.0443029 0.0487212 0.0543669 0.0605761 0.0655963 0.0674825
 1.04182e-16 7.5335e-05 0.000732283 0.00486628 0.0221214 0.0688279 0.146645 0.214034 0.214038 0.146667 0.068901 0.0223329 0.00539819 0.00189669 0.00229664 0.0037046 0.00539602 0.00693465 0.00794198 0.00827294 0.00810946 0.00783456 0.00777899 0.00803344 0.00843968 0.00872074
 1.01812e-16 5.82554e-05 0.000566263 0.00376302 0.0171062 0.0532238 0.1134 0.165516 0.165542 0.113527 0.0536522 0.018343 0.00686548 0.00733216 0.012888 0.0211623 0.0303583 0.037924 0.0413046 0.0393328 0.0329421 0.0245725 0.0167572 0.010974 0.00741323 0.00547564
 1.02461e-16 6.07801e-05 0.000590804 0.0039261 0.0178475 0.0555303 0.118314 0.172687 0.172706 0.118406 0.0558409 0.0187451 0.0061816 0.00552251 0.0094501 0.0155865 0.0225847 0.0286838 0.0321152 0.0320362 0.0289888 0.0244596 0.0199233 0.0161403 0.0131222 0.0105513
 1.00175e-16 8.10948e-05 0.000788271 0.00523834 0.0238127 0.0740902 0.157857 0.230397 0.230398 0.157863 0.0741091 0.0238672 0.00537531 0.00108755 0.000650266 0.000948734 0.00136364 0.00172476 0.00191931 0.00189693 0.0016941 0.00140676 0.00113016 0.0009135 0.000755722 0.000631202
 1.00583e-16 2.95353e-05 0.000287093 0.00190784 0.0086728 0.0269846 0.0574959 0.0839296 0.0839905 0.0577932 0.0279826 0.0115534 0.009132 0.0160355 0.0298736 0.0491701 0.0704287 0.0877243 0.0950415 0.0896115 0.073612 0.0528065 0.0332526 0.0185939 0.00946957 0.00462134
 1.10802e-16 3.34085e-05 0.000324743 0.00215803 0.00981011 0.030523 0.0650334 0.094923 0.0949463 0.0651474 0.0309074 0.0109265 0.00498365 0.00657042 0.0121208 0.0205712 0.030987 0.0417739 0.051204 0.0582767 0.062989 0.0657335 0.0664523 0.064438 0.058977 0.0501893
 1.07129e-16 6.78653e-05 0.000659675 0.00438377 0.019928 0.0620034 0.132105 0.192813 0.192821 0.132142 0.0621279 0.0202883 0.00529146 0.00265252 0.00388694 0.00641118 0.00945425 0.0123827 0.0146185 0.0159483 0.0166468 0.0172355 0.0180577 0.019015 0.0196421 0.0194172
 1.00838e-16 7.7319e-05 0.000751568 0.00499444 0.022704 0.0706406 0.150507 0.219671 0.219676 0.150532 0.0707232 0.0229426 0.00559309 0.00205776 0.00255606 0.00409841 0.00588548 0.00737955 0.00809242 0.007806 0.00670261 0.00524688 0.00391177 0.00295883 0.00239849 0.00209279
 1.00151e-16 7.73481e-05 0.000751851 0.00499631 0.0227125 0.0706671 0.150564 0.219754 0.219759 0.150591 0.0707585 0.0229764 0.00565828 0.0021954 0.00281443 0.00451859 0.00647388 0.00808218 0.00879172 0.00834957 0.006951 0.00511396 0.00337968 0.00206914 0.00123387 0.000759984
 1.00172e-16 7.52577e-05 0.000731532 0.00486128 0.0220987 0.0687573 0.146495 0.213815 0.213823 0.146533 0.0688863 0.0224713 0.00579588 0.00276977 0.00394033 0.00637945 0.00914569 0.0114227 0.0124341 0.011822 0.00985958 0.0072739 0.00482455 0.00296197 0.00175975 0.00106174
 1.00395e-16 6.99382e-05 0.000679824 0.00451767 0.0205367 0.0638973 0.13614 0.198704 0.198717 0.136206 0.0641183 0.0211747 0.00611851 0.00417179 0.00669384 0.0109345 0.0156947 0.0196298 0.021419 0.0204506 0.0171856 0.0128534 0.00873449 0.00558139 0.00351088 0.00225954
 1.00598e-16 7.16203e-05 0.000696175 0.00462633 0.0210306 0.0654341 0.139415 0.203482 0.203493 0.139468 0.0656142 0.0215508 0.00593188 0.00354575 0.0054821 0.00894579 0.01287 0.016162 0.0177572 0.0171599 0.0147301 0.011434 0.00826604 0.00579456 0.00409089 0.00294746
 1.00392e-16 7.48757e-05 0.000727819 0.00483661 0.0219865 0.0684083 0.145751 0.21273 0.212738 0.14579 0.0685368 0.0223576 0.00576786 0.00275982 0.0039313 0.00637348 0.0091567 0.0114776 0.0125716 0.0120852 0.0102823 0.00786539 0.00556079 0.00378726 0.0025998 0.00184296
 1.00044e-16 8.11737e-05 0.000789038 0.00524343 0.0238359 0.0741623 0.158011 0.230621 0.230623 0.158017 0.0741835 0.0238971 0.00539695 0.00112391 0.000716384 0.00105381 0.00150531 0.00188246 0.00205415 0.00196163 0.00164925 0.00123508 0.000841927 0.000541825 0.0003456 0.000227497
 1.00437e-16 2.92306e-05 0.000284131 0.00188816 0.00858332 0.0267062 0.0569027 0.083064 0.0831253 0.0572021 0.0277111 0.0114839 0.00916245 0.0161418 0.0300807 0.0495119 0.0709188 0.088335 0.0957018 0.0902285 0.0741035 0.0531263 0.0333944 0.0185795 0.00933359 0.0044016
 1.00345e-16 8.08027e-05 0.000785431 0.00521946 0.0237269 0.0738233 0.157288 0.229567 0.229568 0.157292 0.0738355 0.0237624 0.00530915 0.000983721 0.00046467 0.000659183 0.000985417 0.00132937 0.00163163 0.0018602 0.00201456 0.00210625 0.00213231 0.00206931 0.00189423 0.00161129
 1.00499e-16 5.37243e-05 0.00052222 0.00347033 0.0157757 0.0490841 0.10458 0.152645 0.152677 0.104741 0.0496235 0.0173327 0.00737505 0.00903419 0.0161841 0.0265779 0.038064 0.0474103 0.0513655 0.0484377 0.0398107 0.0286065 0.0181015 0.0102594 0.00541108 0.00285696
 1.01495e-16 6.96322e-05 0.00067685 0.00449791 0.0204468 0.0636178 0.135545 0.197834 0.197844 0.135595 0.0637877 0.0209382 0.00573356 0.00338176 0.0052285 0.00858975 0.0124965 0.0159806 0.018091 0.0183645 0.0170618 0.0149254 0.0126742 0.0106533 0.00884677 0.00711972
 1.0113e-16 6.91842e-05 0.000672495 0.00446896 0.0203153 0.0632084 0.134673 0.196562 0.196575 0.134738 0.0634276 0.0209483 0.00605756 0.00413932 0.00665013 0.0108763 0.0156419 0.0196306 0.0215512 0.0208106 0.017865 0.0139107 0.0101718 0.00733473 0.0054582 0.00424458
 1.00561e-16 7.46045e-05 0.000725182 0.00481909 0.0219069 0.0681605 0.145224 0.21196 0.211967 0.145262 0.0682889 0.0222775 0.00574942 0.00275594 0.00393086 0.00637894 0.00917801 0.0115324 0.0126846 0.0122831 0.0105856 0.00827905 0.00606845 0.00435255 0.00317492 0.00238113
 1.02409e-16 2.5367e-05 0.000246576 0.00163859 0.00744883 0.0231764 0.049382 0.0720873 0.0721486 0.0496811 0.0241805 0.0103481 0.00891272 0.0161145 0.0301273 0.0496764 0.0713456 0.0892677 0.0974709 0.0931884 0.0785204 0.0590492 0.0405726 0.0264769 0.0172515 0.0116623
 1.02695e-16 7.28888e-05 0.000708505 0.00470827 0.0214031 0.066593 0.141884 0.207084 0.207088 0.141903 0.0666572 0.0215898 0.00518183 0.00175824 0.00211317 0.00349954 0.00531631 0.00727178 0.00910104 0.01065 0.0119014 0.0128664 0.0134506 0.0134438 0.0126591 0.0110956
 1.01831e-16 6.41044e-05 0.000623117 0.00414083 0.0188236 0.0585674 0.124785 0.182131 0.18215 0.124879 0.0588821 0.0197321 0.00641981 0.00559366 0.00949112 0.015556 0.0223266 0.0279211 0.0304755 0.0291477 0.0246348 0.0187271 0.0132626 0.00928122 0.00686443 0.00552012
 1.04233e-16 4.00212e-05 0.000389021 0.00258518 0.0117519 0.0365647 0.0779064 0.113715 0.113755 0.0781009 0.037218 0.0136395 0.00732555 0.0107446 0.0197285 0.0326065 0.0470919 0.0594735 0.0659724 0.0648102 0.0572218 0.0465378 0.0361249 0.0278155 0.0217361 0.0171456
 1.02739e-16 7.17821e-05 0.000697747 0.00463678 0.0210781 0.0655819 0.139729 0.20394 0.203947 0.139761 0.0656893 0.0213894 0.00542124 0.00242065 0.00337449 0.00554512 0.00816811 0.0106635 0.0124824 0.01336 0.0134335 0.0130725 0.0125711 0.0119688 0.0111169 0.00987854
 1.01304e-16 6.90811e-05 0.000671492 0.0044623 0.020285 0.0631142 0.134472 0.196269 0.196283 0.134539 0.0633401 0.0209373 0.00609903 0.00424208 0.0068433 0.011186 0.0160658 0.0201184 0.0220069 0.0211236 0.0179568 0.0137723 0.00986944 0.00698311 0.0051761 0.00411487
 1.03894e-16 2.95528e-05 0.000287264 0.00190897 0.00867795 0.0270006 0.0575296 0.0839772 0.0840301 0.0577881 0.0278686 0.0111849 0.00820186 0.0140247 0.0261191 0.0431315 0.0621227 0.0780988 0.0859702 0.0833603 0.0719968 0.0565035 0.0416196 0.0300226 0.0220053 0.0165404
 1.13166e-16 3.82034e-05 0.00037135 0.00246775 0.0112181 0.0349037 0.0743667 0.108545 0.108565 0.0744679 0.0352447 0.0122081 0.00497209 0.00590191 0.0107281 0.0181619 0.0272937 0.0366907 0.0448425 0.0509476 0.0551593 0.0580136 0.0595925 0.0592475 0.0561195 0.0499326
 1.02203e-16 7.76856e-05 0.000755132 0.00501812 0.0228116 0.0709755 0.151221 0.220712 0.220715 0.151234 0.0710213 0.0229443 0.00535195 0.0014868 0.00147607 0.00234117 0.00342326 0.00443301 0.00513911 0.00545244 0.00547659 0.00542508 0.00546528 0.00561258 0.00574264 0.00568875
pSPR Fmed_Fpbrs
0.277422   0.232331 0.232331
Fs Fmed_Fpbrs
0.856789   1.005 1.005
SSBpbr Bo_Bmed_Bpbrs
1.33565e+06  303757  243531 243531
Ro
78367.9
SPR SPRFo_SPRFmed_SPRFpbrs
560168 155403 130144
Fref
1.005
Nvult_r0
 90372.8 3220.45 1259.29 1664.7 279.459
CTP_r0
 36927.5 1568.05 619.397 819.244 137.533
YTP_r0
391107
Np
 101174 20425.2 534.844 204.558 307.794
Nvult_p0
 82995.1 17616.8 462.741 177.01 266.346
CTP_p0
 34645.7 8738.04 231.818 88.7233 133.505
YTP_p0
 413970
CBA_c0
397965
log_Ro
11.0892
likeval ReclasPelacesDesembMPH_pf_preclas_ppelaces_ptallas_desvR_qrecl_qpela
 12.9678 18.6712 0.101668 0.000898402 267.217 116.274 107.965 0 40.9851 6.25852e-05 0.00011223 0.0189976 0 0 0
q_reclas_q_pelaces
3.06802 4.51403
M
1
N
 51379.4 27575.6 64037.2 8132.63 0.127982
 38045.9 15101.6 7453.52 17202.3 2183.97
 139296 7600.84 2401.95 1165.74 3029.28
 57597.1 27745.2 1203.96 374.09 652.735
 22797.3 7159.56 2299.91 96.8635 82.4756
 283326 3418.39 767.853 240.642 18.7389
 36093.2 73984.5 785.401 174.763 59.0049
 10225.3 5761.46 8646.63 89.7045 26.6664
 25322.7 2956.8 1522.77 2270.23 30.543
 39423.3 3307.62 262.362 131.32 198.11
 44569 2723.32 122.356 9.26854 11.6082
 111143 11888.5 644.257 28.6908 4.8929
 82994.7 16170.7 1223.31 64.6213 3.36391
 66803.2 12516.9 1748.09 129.036 7.16166
 44500.9 5448.52 581.672 77.9351 6.05852
 271112 4184.93 307.886 31.6577 4.56213
 22734.3 46826.9 545.029 39.2717 4.61474
 478170 3777.63 5782.83 65.8507 5.29612
 186729 111468 742.677 1122.7 13.8034
 223681 31814.3 14247.2 92.9342 142.054
 218267 39490.2 4269.93 1873.91 30.8729
 423884 42050.2 5975.41 634.693 282.861
 36317.6 78976 6076.98 847.524 130.009
 175127 7948.63 14238.1 1080.03 173.598
 160832 42155.3 1633.08 2891.32 254.412
 44860.7 38636.5 8637.02 330.691 636.594
 139511 11079.8 8223.39 1818.24 203.506
 195962 32674.9 2192.36 1607.05 394.835
 36330.2 54566 8199.67 545.965 498.323
 19925.5 9970.71 13423.4 2000.94 254.721
 110798 3755.29 1463.85 1934.79 324.798
pred_Ctot
 6649.62 4741.1 11203.4 1424.13 0.0224126
 11541.4 5792.11 2898.74 6695.05 850.024
 42416.5 2925.31 937.341 455.255 1183.07
 26247.1 15227.1 667.782 207.608 362.257
 9165.9 3528.81 1147 48.3376 41.1589
 53435.8 842.73 192.399 60.349 4.69963
 13801.4 34901.2 375.051 83.5081 28.1956
 1410.37 1053.28 1608.24 16.6999 4.96462
 11199.4 1582.02 823.663 1228.67 16.5306
 22967.6 2219.17 177.387 88.824 134.002
 7950.04 636.78 29.0846 2.2051 2.76186
 45703.4 5975.16 327.571 14.5967 2.48939
 33221.4 7939.58 607.762 32.1251 1.67235
 36875.5 8046.16 1133.2 83.6843 4.6447
 23262 3351.57 361.066 48.4005 3.76265
 96565.8 1854.24 138.17 14.2166 2.0488
 8394.58 21420.5 252.45 18.2021 2.13897
 114886 1169.12 1817.12 20.7087 1.66559
 67379.3 49961.4 337.121 509.968 6.27016
 77978 13829.2 6273.68 40.951 62.5976
 69214.6 15767.1 1728.19 758.983 12.5048
 139644 17376.2 2502.36 265.982 118.544
 9696.59 26950.6 2104.39 293.716 45.0573
 39602.3 2324.77 4229.31 321.078 51.6102
 36514.4 12375.1 486.884 862.724 75.9158
 9624.63 10756.4 2442.68 93.6023 180.196
 33233.9 3401.88 2563.65 567.298 63.4973
 30801.9 6771.79 462.094 339.029 83.2996
 5973.17 11805.5 1803.95 120.221 109.735
 6480.65 4072.94 5557.48 829.007 105.537
 36927.5 1568.05 619.397 819.244 137.533
F
 0.224436 0.308245 0.314424 0.314756 0.314774
 0.610535 0.83852 0.85533 0.856234 0.856281
 0.613539 0.842646 0.859539 0.860446 0.860494
 1.08502 1.49019 1.52007 1.52167 1.52176
 0.897472 1.2326 1.25732 1.25864 1.25871
 0.342744 0.470731 0.480168 0.480675 0.480702
 0.834914 1.14669 1.16967 1.17091 1.17097
 0.240755 0.330658 0.337287 0.337643 0.337662
 1.03547 1.42214 1.45065 1.45218 1.45226
 1.67251 2.29705 2.3431 2.34557 2.3457
 0.321467 0.441509 0.45036 0.450836 0.450861
 0.927622 1.27401 1.29955 1.30093 1.301
 0.891698 1.22467 1.24923 1.25055 1.25062
 1.50641 2.06893 2.1104 2.11263 2.11275
 1.36402 1.87337 1.91093 1.91294 1.91305
 0.756076 1.03841 1.05923 1.06034 1.0604
 0.79478 1.09157 1.11345 1.11462 1.11469
 0.456228 0.626591 0.639153 0.639828 0.639864
 0.769741 1.05718 1.07837 1.07951 1.07957
 0.734168 1.00832 1.02853 1.02962 1.02968
 0.646853 0.8884 0.90621 0.907167 0.907218
 0.680315 0.934356 0.953088 0.954095 0.954148
 0.519302 0.713219 0.727518 0.728286 0.728326
 0.424149 0.582533 0.594212 0.594839 0.594873
 0.426165 0.585303 0.597037 0.597667 0.597701
 0.398433 0.547215 0.558186 0.558775 0.558806
 0.451536 0.620147 0.632579 0.633248 0.633283
 0.278512 0.382513 0.390182 0.390594 0.390615
 0.292998 0.402409 0.410476 0.41091 0.410933
 0.668831 0.918585 0.937 0.93799 0.938042
 0.690939 0.948948 0.967972 0.968994 0.969048
nmprior
 8.19 8.8 8.5 0
nm_flota  nm_reclas  nm_pelaces    nm_pelaL
inf 25.6094 9.78244 19.3902
cv_recla  cv_pelaces  cv_mph
0.32573 0.489957 0.924998
 ------------------------------------------------
Talla a la edad & desviaci?n 
 8 13.2811 15.8009 17.003 17.5766
 0.8 1.32811 1.58009 1.7003 1.75766
