years
 1991 1992 1993 1994 1995 1996 1997 1998 1999 2000 2001 2002 2003 2004 2005 2006 2007 2008 2009 2010 2011 2012 2013 2014 2015 2016 2017 2018 2019 2020 2021
reclasobs
 0 0 0 0 0 0 0 0 0 252601 567819 844713 477998 351125 339783 2.1784e+06 2.13404e+06 4.81314e+06 1.55562e+06 2.62356e+06 3.21686e+06 3.843e+06 1.13348e+06 3.07943e+06 1.97215e+06 2.03268e+06 2.025e+06 2.42433e+06 2.27542e+06 1.05018e+06 2.36338e+06
reclaspred
 4.15099e+06 1.42986e+06 879727 477672 71932.4 1.80193e+06 591246 150034 616114 187600 295294 658147 558551 416099 304418 1.87047e+06 1.18308e+06 4.99033e+06 3.90782e+06 1.78872e+06 3.75743e+06 3.47493e+06 1.98385e+06 3.78701e+06 2.47526e+06 1.56374e+06 2.5275e+06 3.69306e+06 2.66502e+06 1.02457e+06 1.57042e+06
pelacesobs
 0 0 0 0 0 0 0 0 0 0 0 0 0 0 0 552880 188675 0 991730 2.46772e+06 1.41603e+06 1.21717e+06 2.29649e+06 1.80582e+06 0 1.4828e+06 1.56532e+06 1.57751e+06 1.42118e+06 867257 1.10002e+06
pelacespred
 1.04165e+06 363540 184164 66283.9 8888.3 409903 93907.5 31408.1 129248 28582.2 64494.8 118903 108460 79425.1 56508.8 359231 224488 1.20201e+06 919347 395149 832692 755650 435820 973915 596537 370508 705560 1.00703e+06 603691 267700 379214
mphobs
 0 0 0 0 0 0 0 0 0 0 0 498337 0 5186 125008 0 168611 109162 213762 579715 649985 157893 87575 83554 0 0 0 0 0 0 0
mphpred
 848057 387221 94045.8 91239.2 24516.6 2952.94 168694 33967.2 10340.3 49134.6 8522.85 32083.4 55601 34614.6 18607.1 18767 212502 117437 539146 348545 205883 350436 372791 212305 385660 262194 148051 238266 476250 251402 83492.8
desembarqueobs
 494567 514787 250237 358949 120608 361735 552515 73892 212993 205616 52469 317467 293654 387597 252695 516296 358380 742168 942051 627588 828172 859565 418607 520667 417249 300574 407403 355545 319650 289779 391294
desembarquepred
 494517 514508 249832 358562 120487 361520 551717 73856.8 212821 205373 52453.5 317152 293304 386868 252354 515863 358210 741679 940675 626425 827601 858701 418328 520427 416947 300314 407145 355362 319455 289497 391046
Reclutas
 9325.72 5795.81 199639 15652.8 4829.24 285471 7012.33 1813.65 62609 8791.17 46875.3 133085 76540.1 68989 44968.6 389264 12593.7 741957 303774 98629.8 389538 511841 16746.4 280499 162305 38699.8 224562 302828 21640.9 9867.83 155215
log_desv_Rt
 -1.81849 -2.29413 1.24524 -1.30062 -2.47658 1.60288 -2.10359 -3.45593 0.0856437 -1.87752 -0.203774 0.839723 0.286551 0.182683 -0.245299 1.91299 -1.51807 2.55803 1.66502 0.540108 1.9137 2.18675 -1.23308 1.5853 1.03821 -0.39543 1.36289 1.6619 -0.976678 -1.76198 0.993549
SSB
 2.33536e+06 1.06632e+06 258981 251253 67513.2 8131.75 464546 93538.2 28474.8 135306 23470 88350.7 153113 95320.8 51239.7 51680.1 585185 323396 1.48469e+06 959816 566957 965023 1.02658e+06 584642 1.06202e+06 722024 407700 656133 1.31149e+06 692306 229920
BT
 2.85997e+06 1.40026e+06 655584 408128 126305 1.26644e+06 704826 142824 489069 247969 193620 535527 511595 584887 380546 1.23544e+06 800721 3.44477e+06 3.00646e+06 1.51803e+06 2.62942e+06 2.51268e+06 1.36656e+06 2.74196e+06 1.76984e+06 1.13098e+06 2.05785e+06 2.6758e+06 1.65933e+06 929685 1.25881e+06
Ftot
 0.21812 0.627701 0.630717 1.26547 2.29879 0.522051 1.4764 0.862217 0.852735 1.73919 0.444371 1.0898 1.08781 1.87416 1.76021 0.697096 0.556058 0.372748 0.494461 0.667088 0.503224 0.542045 0.390923 0.322955 0.34348 0.372784 0.381727 0.229805 0.22505 0.510125 0.590299
BD_Bspro_t
 0.96581 0.728756 0.393485 0.405403 0.128742 0.0253381 0.469049 0.136449 0.068172 0.268009 0.0859453 0.35291 0.319716 0.194425 0.110227 0.116072 0.462546 0.320871 0.611636 0.469077 0.315677 0.435823 0.474469 0.378502 0.553008 0.519395 0.448308 0.591267 0.719964 0.576592 0.365163
BD_Bspro
 5.68502 2.59577 0.630444 0.61163 0.164349 0.0197953 1.13085 0.227702 0.0693167 0.329378 0.0571336 0.215074 0.372726 0.232042 0.124734 0.125806 1.42453 0.787249 3.61421 2.3365 1.38015 2.34918 2.49904 1.42321 2.58531 1.75764 0.992473 1.59724 3.19258 1.6853 0.5597
BD_Bo
 1.41977 0.648265 0.157446 0.152748 0.0410443 0.00494366 0.282419 0.0568661 0.0173111 0.0822586 0.0142685 0.0537124 0.0930842 0.0579498 0.0311509 0.0314187 0.35576 0.196607 0.902609 0.583515 0.344679 0.586681 0.624107 0.35543 0.645652 0.438951 0.247859 0.398893 0.797311 0.420884 0.139779
BD_Brms
 7.50805 3.42816 0.83261 0.807763 0.217051 0.0261431 1.49349 0.30072 0.0915448 0.435001 0.0754548 0.284042 0.492249 0.306451 0.164733 0.166149 1.88134 1.0397 4.77319 3.08575 1.82273 3.1025 3.30041 1.87959 3.41434 2.32127 1.31073 2.10943 4.21635 2.22573 0.739181
Sel_flota
 0.685487 0.976421 0.998731 0.999933 0.999996
 0.685487 0.976421 0.998731 0.999933 0.999996
 0.685487 0.976421 0.998731 0.999933 0.999996
 0.685487 0.976421 0.998731 0.999933 0.999996
 0.685487 0.976421 0.998731 0.999933 0.999996
 0.685487 0.976421 0.998731 0.999933 0.999996
 0.685487 0.976421 0.998731 0.999933 0.999996
 0.685487 0.976421 0.998731 0.999933 0.999996
 0.685487 0.976421 0.998731 0.999933 0.999996
 0.685487 0.976421 0.998731 0.999933 0.999996
 0.685487 0.976421 0.998731 0.999933 0.999996
 0.685487 0.976421 0.998731 0.999933 0.999996
 0.685487 0.976421 0.998731 0.999933 0.999996
 0.685487 0.976421 0.998731 0.999933 0.999996
 0.685487 0.976421 0.998731 0.999933 0.999996
 0.685487 0.976421 0.998731 0.999933 0.999996
 0.685487 0.976421 0.998731 0.999933 0.999996
 0.685487 0.976421 0.998731 0.999933 0.999996
 0.685487 0.976421 0.998731 0.999933 0.999996
 0.685487 0.976421 0.998731 0.999933 0.999996
 0.685487 0.976421 0.998731 0.999933 0.999996
 0.685487 0.976421 0.998731 0.999933 0.999996
 0.685487 0.976421 0.998731 0.999933 0.999996
 0.685487 0.976421 0.998731 0.999933 0.999996
 0.685487 0.976421 0.998731 0.999933 0.999996
 0.685487 0.976421 0.998731 0.999933 0.999996
 0.685487 0.976421 0.998731 0.999933 0.999996
 0.685487 0.976421 0.998731 0.999933 0.999996
 0.685487 0.976421 0.998731 0.999933 0.999996
 0.685487 0.976421 0.998731 0.999933 0.999996
 0.685487 0.976421 0.998731 0.999933 0.999996
Sel_reclas
 1 1 1 1 1
 1 1 1 1 1
 1 1 1 1 1
 1 1 1 1 1
 1 1 1 1 1
 1 1 1 1 1
 1 1 1 1 1
 1 1 1 1 1
 1 1 1 1 1
 1 1 1 1 1
 1 1 1 1 1
 1 1 1 1 1
 1 1 1 1 1
 1 1 1 1 1
 1 1 1 1 1
 1 1 1 1 1
 1 1 1 1 1
 1 1 1 1 1
 1 1 1 1 1
 1 1 1 1 1
 1 1 1 1 1
 1 1 1 1 1
 1 1 1 1 1
 1 1 1 1 1
 1 1 1 1 1
 1 1 1 1 1
 1 1 1 1 1
 1 1 1 1 1
 1 1 1 1 1
 1 1 1 1 1
 1 1 1 1 1
Sel_pelaces
 1 1 1 1 1
 1 1 1 1 1
 1 1 1 1 1
 1 1 1 1 1
 1 1 1 1 1
 1 1 1 1 1
 1 1 1 1 1
 1 1 1 1 1
 1 1 1 1 1
 1 1 1 1 1
 1 1 1 1 1
 1 1 1 1 1
 1 1 1 1 1
 1 1 1 1 1
 1 1 1 1 1
 1 1 1 1 1
 1 1 1 1 1
 1 1 1 1 1
 1 1 1 1 1
 1 1 1 1 1
 1 1 1 1 1
 1 1 1 1 1
 1 1 1 1 1
 1 1 1 1 1
 1 1 1 1 1
 1 1 1 1 1
 1 1 1 1 1
 1 1 1 1 1
 1 1 1 1 1
 1 1 1 1 1
 1 1 1 1 1
pf_obs 
 0.8446 0.082 0.0669 0.0065 0
 0.8095 0.147 0.0364 0.0071 0
 0.9664 0.0169 0.016 0.0007 0
 0.9276 0.0648 0.0075 0.0001 0
 0.7033 0.2144 0.0806 0.0017 0
 0.9318 0.0425 0.0243 0.0014 0
 0.5671 0.3108 0.0964 0.0239 0.0018
 0.0768 0.2599 0.5324 0.112 0.0189
 0.490249 0.384438 0.106611 0.0170017 0.00170017
 0.7925 0.1577 0.0466 0.003 0.0002
 0.840416 0.127587 0.0312969 0.00059994 9.999e-05
 0.8084 0.0986 0.0794 0.0134 0.0002
 0.7335 0.1905 0.0724 0.0035 0.0001
 0.4001 0.4547 0.1325 0.0127 0
 0.49795 0.308269 0.164784 0.0264974 0.00249975
 0.9179 0.0499 0.0305 0.0017 0
 0.2467 0.6533 0.0926 0.0074 0
 0.9418 0.0223 0.034 0.0019 0
 0.707729 0.231977 0.0356964 0.0245975 0
 0.517169 0.277429 0.184464 0.0207286 0.00020938
 0.811772 0.124168 0.05621 0.00726502 0.000585176
 0.764997 0.148141 0.077277 0.00933861 0.000247198
 0.163321 0.427699 0.378323 0.0303852 0.000271297
 0.753843 0.0900009 0.118128 0.0371064 0.000921714
 0.721811 0.176058 0.0630433 0.0369309 0.00215725
 0.143369 0.312575 0.442814 0.0836902 0.0175525
 0.692698 0.0596174 0.167031 0.0765114 0.00414204
 0.394062 0.376323 0.152708 0.0712218 0.00568511
 0.125707 0.32114 0.495352 0.0537591 0.00404204
 0.23352 0.215282 0.420074 0.123614 0.00750983
 0.774587 0.0839891 0.0768558 0.0609784 0.00358967
pf_pred 
 0.0442839 0.188573 0.687602 0.0795402 6.88253e-07
 0.0866543 0.0587218 0.171997 0.611932 0.0706947
 0.935058 0.00863149 0.0037296 0.0105961 0.0419851
 0.200357 0.766775 0.00449251 0.00188241 0.0264934
 0.34567 0.203628 0.432928 0.0024343 0.0153401
 0.996886 0.00172421 0.000450524 0.000902742 3.69399e-05
 0.0715333 0.926618 0.00103737 0.000263262 0.000548242
 0.157853 0.106114 0.734633 0.000786744 0.000613928
 0.969125 0.00744255 0.00304193 0.0203519 3.87309e-05
 0.356166 0.631955 0.00294226 0.00116203 0.00777504
 0.948523 0.0269074 0.0241388 0.000107026 0.000324199
 0.888023 0.108164 0.0020194 0.0017617 3.1423e-05
 0.706925 0.273139 0.0192824 0.000346603 0.000307141
 0.7758 0.180976 0.0403867 0.00274456 9.2856e-05
 0.822437 0.155864 0.017688 0.0037483 0.00026261
 0.981738 0.0164846 0.0015691 0.000169494 3.83323e-05
 0.0947702 0.894785 0.00945749 0.000872297 0.000115339
 0.959855 0.0055877 0.0341703 0.000350735 3.65691e-05
 0.509322 0.477606 0.00186167 0.0110847 0.00012546
 0.36469 0.38991 0.23905 0.000905596 0.00544482
 0.857688 0.0680798 0.0461038 0.0274022 0.000726683
 0.772629 0.205435 0.0106535 0.00701119 0.00427114
 0.0736604 0.778084 0.134335 0.00676654 0.00715455
 0.822385 0.0189596 0.133834 0.0224935 0.00232756
 0.556419 0.388174 0.00605404 0.0416415 0.00771214
 0.281305 0.468098 0.22004 0.00334297 0.027214
 0.847077 0.0567141 0.0632464 0.0289488 0.00401412
 0.754271 0.219617 0.00985041 0.0106955 0.00556631
 0.118124 0.720642 0.144486 0.00632327 0.010425
 0.149614 0.13917 0.583795 0.114201 0.0132198
 0.907765 0.0199702 0.0121162 0.0493865 0.0107626
pobs_RECLAS
 0 0 0 0 0
 0 0 0 0 0
 0 0 0 0 0
 0 0 0 0 0
 0 0 0 0 0
 0 0 0 0 0
 0 0 0 0 0
 0 0 0 0 0
 0 0 0 0 0
 0 0 0 0 0
 0.991045 0.00858322 0.000360255 1.14367e-05 0
 0.934742 0.0480273 0.0164251 0.00080598 0
 0.827803 0.169806 0.00239088 0 0
 0.941827 0.0461693 0.0120037 0 0
 0.791401 0.0380133 0.147996 0.0225897 0
 0.846168 0.0940531 0.0597789 0 0
 0.134021 0.677848 0.182769 0.00536245 0
 0.80878 0.0450904 0.141981 0.00414843 0
 0.846168 0.0940531 0.0597789 0 0
 0.905697 0.0802665 0.012482 0.00150086 5.37128e-05
 0.989698 0.0102097 9.19794e-05 0 0
 0.975433 0.0193895 0.00387452 0.00125025 5.28907e-05
 0.303575 0.632131 0.0575291 0.00676475 0
 0.966965 0.00978017 0.0227588 0.000495775 0
 0.843318 0.132988 0.00938335 0.0141283 0.000182051
 0.564624 0.303363 0.111486 0.0197234 0.00080311
 0.826376 0.0876187 0.0782897 0.00655872 0.00115652
 0.89761 0.0855135 0.0140674 0.00269457 0.000114338
 0.34875 0.467042 0.161289 0.0227151 0.000203297
 0.318654 0.224769 0.449479 0.00709798 0
 0.937255 0.0296025 0.0250945 0.00804832 0
ppred_RECLAS
 0.0633646 0.188274 0.670853 0.0775074 6.7062e-07
 0.123974 0.0576786 0.164869 0.585807 0.0676719
 0.955449 0.00605436 0.00255294 0.00724367 0.0286998
 0.274834 0.696172 0.00396826 0.0016603 0.0233656
 0.470615 0.168703 0.346485 0.00194463 0.0122532
 0.997873 0.00119058 0.000303711 0.000607785 2.48687e-05
 0.105668 0.892603 0.000970979 0.000246034 0.000512324
 0.220263 0.100452 0.677994 0.000725103 0.000565787
 0.979245 0.00510453 0.00203409 0.0135906 2.58619e-05
 0.464143 0.526273 0.00237672 0.000937147 0.00626982
 0.964192 0.0189293 0.0165832 7.34334e-05 0.000222426
 0.922221 0.0751997 0.00136721 0.00119105 2.12429e-05
 0.783036 0.202567 0.0139261 0.000249969 0.000221493
 0.846351 0.124773 0.0269839 0.00183066 6.19309e-05
 0.879337 0.106313 0.0117011 0.00247556 0.000173425
 0.987461 0.0113457 0.00105362 0.000113662 2.57037e-05
 0.13197 0.858251 0.00885506 0.000815682 0.000107846
 0.972341 0.00392835 0.0234647 0.000240547 2.50788e-05
 0.60063 0.388987 0.00148041 0.00880342 9.9633e-05
 0.458175 0.335686 0.200812 0.000759746 0.00456759
 0.898384 0.0492311 0.0325507 0.0193221 0.000512372
 0.831706 0.152417 0.00771605 0.00507149 0.00308929
 0.10321 0.756096 0.127498 0.00641411 0.00678146
 0.871809 0.0139745 0.096367 0.0161762 0.00167376
 0.64425 0.312259 0.00475732 0.0326814 0.00605231
 0.3625 0.418629 0.192214 0.00291656 0.0237412
 0.89017 0.0413482 0.045038 0.0205887 0.0028547
 0.815218 0.165561 0.00725628 0.00786912 0.0040951
 0.161648 0.687963 0.134785 0.00589148 0.0097125
 0.206422 0.132523 0.542746 0.106035 0.0122737
 0.935883 0.0141598 0.008385 0.0341337 0.00743811
pobs_PELACES
 0 0 0 0 0
 0 0 0 0 0
 0 0 0 0 0
 0 0 0 0 0
 0 0 0 0 0
 0 0 0 0 0
 0 0 0 0 0
 0 0 0 0 0
 0 0 0 0 0
 0 0 0 0 0
 0 0 0 0 0
 0 0 0 0 0
 0 0 0 0 0
 0 0 0 0 0
 0 0 0 0 0
 0 0 0 0 0
 0.505614 0.472636 0.0217494 0 0
 0 0 0 0 0
 0.443492 0.261883 0.143347 0.151278 0
 0.227955 0.32914 0.350689 0.0885471 0.00366901
 0.970185 0.0296113 0.000203453 0 0
 0.997202 0.00247181 0.000326279 0 0
 0.445219 0.490057 0.0546422 0.010081 0
 0.90214 0.0892962 0.00764917 0.000914606 0
 0 0 0 0 0
 0.581667 0.319106 0.0959925 0.00289975 0.000334073
 0.762889 0.0836404 0.116647 0.0363945 0.000428098
 0.88444 0.0763242 0.0277011 0.0115352 0
 0.521256 0.241999 0.230069 0.00667565 0
 0.616807 0.101726 0.260614 0.0208532 0
 0.833518 0.0704572 0.0857862 0.0102388 0
ppred_PELACES
 0.0646969 0.188249 0.669688 0.077366 6.69394e-07
 0.131181 0.0574622 0.163493 0.580774 0.0670896
 0.958127 0.00571459 0.00239851 0.00680378 0.0269566
 0.29978 0.672485 0.0037977 0.00158814 0.0223495
 0.528606 0.151963 0.306868 0.00172071 0.0108418
 0.99798 0.0011325 0.000287787 0.000575798 2.35596e-05
 0.119833 0.878484 0.000945289 0.000239385 0.000498461
 0.235804 0.0989956 0.663937 0.000709827 0.000553857
 0.980938 0.00471141 0.00186569 0.0124612 2.37123e-05
 0.505885 0.485393 0.00216421 0.000852766 0.00570507
 0.965687 0.0181669 0.0158632 7.02329e-05 0.00021273
 0.92942 0.068258 0.00123109 0.001072 1.91191e-05
 0.800339 0.18651 0.01272 0.000228222 0.000202218
 0.868617 0.106968 0.0228163 0.00154677 5.23249e-05
 0.896294 0.0915141 0.00994264 0.00210205 0.000147254
 0.988269 0.0106199 0.000981166 0.000105817 2.39292e-05
 0.138212 0.852119 0.00875587 0.000806367 0.000106613
 0.973349 0.00379418 0.0226011 0.000231661 2.41521e-05
 0.611985 0.377965 0.00143323 0.00852122 9.64382e-05
 0.474577 0.326132 0.194142 0.000734313 0.00441463
 0.902881 0.047144 0.0310554 0.0184309 0.000488733
 0.838917 0.145943 0.00735886 0.00483568 0.00294561
 0.106779 0.753428 0.126683 0.00637213 0.00673702
 0.875467 0.0136047 0.0935941 0.0157088 0.00162538
 0.651845 0.305692 0.0046455 0.0319089 0.0059092
 0.371032 0.413418 0.189301 0.00287193 0.0233777
 0.893872 0.0400261 0.0434754 0.0198714 0.00275522
 0.818546 0.16261 0.00711486 0.00771506 0.0040149
 0.164639 0.685714 0.134122 0.00586198 0.00966381
 0.215093 0.131489 0.536495 0.104793 0.0121298
 0.939403 0.0134299 0.00791832 0.0322264 0.00702239
pobs_pel_tallas
 0 0 0 0 0 0 0 0 0 0 0 0 0 0 0 0 0 0 0 0 0 0 0 0 0 0
 0 0 0 0 0 0 0 0 0 0 0 0 0 0 0 0 0 0 0 0 0 0 0 0 0 0
 0 0 0 0 0 0 0 0 0 0 0 0 0 0 0 0 0 0 0 0 0 0 0 0 0 0
 0 0 0 0 0 0 0 0 0 0 0 0 0 0 0 0 0 0 0 0 0 0 0 0 0 0
 0 0 0 0 0 0 0 0 0 0 0 0 0 0 0 0 0 0 0 0 0 0 0 0 0 0
 0 0 0 0 0 0 0 0 0 0 0 0 0 0 0 0 0 0 0 0 0 0 0 0 0 0
 0 0 0 0 0 0 0 0 0 0 0 0 0 0 0 0 0 0 0 0 0 0 0 0 0 0
 0 0 0 0 0 0 0 0 0 0 0 0 0 0 0 0 0 0 0 0 0 0 0 0 0 0
 0 0 0 0 0 0 0 0 0 0 0 0 0 0 0 0 0 0 0 0 0 0 0 0 0 0
 0 0 0 0 0 0 0 0 0 0 0 0 0 0 0 0 0 0 0 0 0 0 0 0 0 0
 0 0 0 0 0 0 0 0 0 0 0 0 0 0 0 0 0 0 0 0 0 0 0 0 0 0
 0 0 0 0 0 0 0 0 0 0 0 0 0 0 0 0 0 0 0 0 0 0 0 0 0 0
 0.00862536 0 0 0.000197151 0.00414017 0.0128641 0.00837892 0.0270097 0.101434 0.158115 0.152841 0.127902 0.109271 0.109419 0.0830992 0.0579132 0.0238553 0.00714673 0.00463305 0.00128148 0.00103504 0.000492878 0.000147863 0.000147863 4.92878e-05 0
 0 0 0 0 0 0 0 0 0 0 0 0 0 0 0 0 0 0 0 0 0 0 0 0 0 0
 0 0 0 0 0 0 0 0.0054083 0.00873648 0.0413646 0.0450493 0.0745869 0.0622846 0.0627006 0.0613931 0.0827291 0.12552 0.122667 0.0946155 0.0697135 0.0546179 0.0294188 0.0215738 0.0213955 0.0102223 0.00600262
 0 0 0 0 0.00359764 0.0251062 0.0480494 0.140153 0.205849 0.193036 0.1447 0.116669 0.0760912 0.0342217 0.00950174 0.001854 0.000860785 0 0 0 0.000165536 0 0.000143464 0 0 0
 0 0 0 0 0 0 0 0.000145254 0.000435761 0.0275982 0.070085 0.0708112 0.156366 0.174668 0.174014 0.160142 0.0824315 0.0480064 0.0283245 0.00493863 0.00203355 0 0 0 0 0
 0 0 0 0 0 0 0 0 0 0 0 0 0 0 0 0 0 0 0 0 0 0 0 0 0 0
 0 0 1.00437e-05 0.000401748 0.00122533 0.00171747 0.00176769 0.0269171 0.070346 0.194647 0.189555 0.159765 0.064822 0.0314167 0.0384472 0.0292271 0.0345202 0.0313363 0.0194345 0.0106764 0.0143323 0.0359363 0.0279516 0.0138201 0.00172751 0
 0 0.0021121 0.0136068 0.0755702 0.200478 0.177729 0.0527432 0.0373336 0.0318909 0.0142505 0.0149659 0.0166563 0.0217959 0.0798694 0.0677717 0.0528807 0.04013 0.0224614 0.0357745 0.0225083 0.00881397 0.00855152 0.00135912 0.000746735 0 0
 0 0 0 0 5.4009e-05 0.00500934 0.000945158 0.0243581 0.138947 0.33067 0.221406 0.137944 0.0707744 0.0437923 0.0131692 0.00525238 0.0047753 0.00276346 9.45158e-05 9.00151e-06 2.25038e-05 9.00151e-06 4.50075e-06 0 0 0
 0.000866109 0.00284123 0.00948549 0.0512746 0.133035 0.25785 0.225252 0.132002 0.0553304 0.0519788 0.0540692 0.017754 0.00435017 0.00159236 0.00146478 0.000404838 0.000125132 0.000115318 0.000107957 0.000100596 0 0 0 0 0 0
 0 0 0 0 0.00144013 0.00171154 0.00461396 0.0210425 0.0478622 0.0707936 0.0888783 0.103762 0.0637923 0.0337046 0.0602308 0.124433 0.169614 0.0934646 0.0462172 0.0250306 0.0313229 0.00938855 0.002487 0.000210481 0 0
 0 0.00764035 0.051015 0.0998891 0.058973 0.0496711 0.0374665 0.0718981 0.12319 0.153886 0.159021 0.0857701 0.0377988 0.023471 0.0147837 0.00900784 0.00315554 0.000888139 0.00291439 0.00214683 0.00393193 0.00274676 0.000635225 9.99891e-05 0 0
 0 0 0 0 0 0 0 0 0 0 0 0 0 0 0 0 0 0 0 0 0 0 0 0 0 0
 0 0 0 0 0 0 0 0 0 0 0 0 0 0 0 0 0 0 0 0 0 0 0 0 0 0
 0 0 0 0 0 0 0 0 0 0 0 0 0 0 0 0 0 0 0 0 0 0 0 0 0 0
 0 0 0 0 0 0 0 0 0 0 0 0 0 0 0 0 0 0 0 0 0 0 0 0 0 0
 0 0 0 0 0 0 0 0 0 0 0 0 0 0 0 0 0 0 0 0 0 0 0 0 0 0
 0 0 0 0 0 0 0 0 0 0 0 0 0 0 0 0 0 0 0 0 0 0 0 0 0 0
 0 0 0 0 0 0 0 0 0 0 0 0 0 0 0 0 0 0 0 0 0 0 0 0 0 0
ppred_pel_tallas
 1.27133e-16 5.32904e-06 5.18001e-05 0.000344231 0.00156484 0.00486889 0.0103744 0.0151457 0.0151649 0.0104685 0.00518781 0.00249898 0.00273807 0.00543966 0.0107126 0.018939 0.0301628 0.0439314 0.0595791 0.0764936 0.0938789 0.110095 0.122341 0.127373 0.123044 0.109597
 1.7433e-16 1.08052e-05 0.000105031 0.000697966 0.00317285 0.00987196 0.0210335 0.0307002 0.0307062 0.021063 0.00997258 0.00347004 0.00146958 0.00187757 0.00364731 0.00675582 0.0115744 0.01869 0.0289885 0.0436113 0.0634921 0.0884976 0.116616 0.143819 0.164925 0.175231
 1.05315e-16 7.89196e-05 0.000767127 0.00509783 0.023174 0.0721029 0.153623 0.224217 0.224218 0.153626 0.0721121 0.0232009 0.00516599 0.000918221 0.000373175 0.000512972 0.000785785 0.00111692 0.0015086 0.00201141 0.00271775 0.00371792 0.00503265 0.00656083 0.00807664 0.00928445
 1.04223e-16 2.46926e-05 0.000240021 0.00159503 0.0072508 0.0225603 0.0480694 0.0701723 0.0702369 0.0483853 0.0236207 0.0103117 0.00927137 0.0169744 0.0317388 0.0522554 0.0748636 0.0932901 0.101176 0.095627 0.0790206 0.0575369 0.0376326 0.0231308 0.0145779 0.0104378
 1.10902e-16 4.35406e-05 0.00042323 0.00281252 0.0127853 0.0397799 0.0847558 0.123707 0.123722 0.0848297 0.0400294 0.0135116 0.00465661 0.00451853 0.00802464 0.013726 0.0209945 0.0289427 0.0365928 0.0433294 0.0489869 0.0534331 0.0561037 0.0560486 0.0525378 0.0457053
 1.00071e-16 8.22023e-05 0.000799036 0.00530987 0.0241379 0.075102 0.160013 0.233543 0.233543 0.160013 0.0751038 0.0241431 0.00532295 0.000827665 0.000136806 9.66834e-05 0.000132806 0.0001702 0.000194641 0.00020221 0.000197141 0.00018844 0.00018366 0.000184479 0.000186845 0.000184567
 1.00361e-16 9.87067e-06 9.59465e-05 0.000637603 0.0028985 0.00901876 0.0192186 0.0280677 0.0281522 0.0196312 0.0104037 0.00689609 0.0106622 0.021947 0.0414127 0.0681949 0.0976427 0.121539 0.13152 0.123738 0.101231 0.0720409 0.0446341 0.0241271 0.0114434 0.00483662
 1.1935e-16 1.94228e-05 0.000188797 0.00125462 0.00570334 0.0177453 0.0378085 0.0551849 0.0551954 0.0378605 0.0179227 0.00622857 0.00262086 0.00332916 0.00644443 0.0118201 0.0197987 0.0306399 0.0443767 0.0606267 0.0781742 0.0945869 0.106436 0.110412 0.104863 0.0907595
 1.01309e-16 8.07986e-05 0.000785391 0.0052192 0.0237257 0.0738195 0.15728 0.229555 0.229556 0.157283 0.0738271 0.0237477 0.00527478 0.000908024 0.00031771 0.000408554 0.000608933 0.000830078 0.00104821 0.001269 0.00152482 0.00185035 0.00224687 0.00266217 0.00300226 0.00316895
 1.01238e-16 4.16692e-05 0.000405039 0.00269163 0.0122358 0.0380703 0.0811146 0.118399 0.118446 0.0813426 0.0388356 0.0144449 0.00823154 0.0124813 0.0229257 0.0377014 0.0539937 0.0672431 0.0728391 0.0686694 0.0564237 0.0405469 0.0257044 0.0146927 0.00797739 0.00454304
 1.00506e-16 7.95424e-05 0.00077318 0.00513805 0.0233568 0.0726718 0.154835 0.225987 0.225988 0.154844 0.072701 0.0234413 0.00535102 0.00124128 0.000977867 0.00151485 0.00223026 0.00291969 0.0034291 0.00368043 0.00369987 0.0035744 0.00337436 0.00311195 0.00276277 0.0023165
 1.00164e-16 7.65551e-05 0.000744143 0.00494509 0.0224797 0.0699426 0.14902 0.217501 0.217508 0.149052 0.0700503 0.0227904 0.00572451 0.00244345 0.00329744 0.00531339 0.00760743 0.00948399 0.0102923 0.00973525 0.00804805 0.00584966 0.00378762 0.00224696 0.00128856 0.000771191
 1.00472e-16 6.59229e-05 0.000640794 0.0042583 0.0193576 0.0602289 0.128325 0.187297 0.187315 0.128412 0.0605233 0.0202078 0.00639111 0.00529284 0.00888948 0.0145613 0.0208976 0.0261258 0.0284851 0.0271599 0.0227664 0.0169491 0.0114225 0.00719833 0.00443776 0.00279007
 1.0085e-16 7.15468e-05 0.000695461 0.00462158 0.021009 0.065367 0.139272 0.203273 0.203284 0.139322 0.0655364 0.0214984 0.00585045 0.00337975 0.00517427 0.00845305 0.0121976 0.015394 0.0170559 0.0167194 0.0147035 0.0118732 0.00910581 0.00688327 0.00524688 0.00401311
 1.00547e-16 7.38266e-05 0.000717621 0.00476884 0.0216785 0.0674498 0.143709 0.20975 0.209759 0.143752 0.0675944 0.0220961 0.00581684 0.00300457 0.00441465 0.00717482 0.0103127 0.0129346 0.0141835 0.0136636 0.0116718 0.00899679 0.00645016 0.00449563 0.00318722 0.0023443
 1.00046e-16 8.14024e-05 0.000791261 0.0052582 0.023903 0.0743712 0.158456 0.231271 0.231272 0.158461 0.074388 0.0239515 0.00537975 0.00105644 0.000584575 0.000836383 0.00119406 0.00149522 0.00163549 0.00156842 0.00132868 0.00100864 0.000703982 0.000470273 0.00031523 0.000218545
 1.0057e-16 1.13845e-05 0.000110662 0.00073539 0.00334303 0.0104018 0.0221652 0.032368 0.0324499 0.0225656 0.0117455 0.00722153 0.010462 0.0213141 0.0401926 0.0661979 0.0948177 0.118095 0.127928 0.120586 0.0989978 0.070923 0.0445214 0.0247078 0.0123554 0.00578343
 1.00681e-16 8.01735e-05 0.000779315 0.00517882 0.0235422 0.0732484 0.156063 0.227779 0.22778 0.156065 0.0732551 0.023562 0.00523019 0.000896828 0.000319049 0.00044132 0.000722405 0.00110392 0.00157853 0.00213156 0.00272345 0.00327531 0.00367397 0.0038081 0.00362032 0.00314123
 1.01009e-16 5.04084e-05 0.000489988 0.00325614 0.014802 0.0460547 0.0981256 0.143225 0.143261 0.0983032 0.0466506 0.0165223 0.00757035 0.00989476 0.0178732 0.0293674 0.0420645 0.0524053 0.0568055 0.0536268 0.0441878 0.0319433 0.020508 0.0120309 0.00684418 0.00413713
 1.06507e-16 3.90904e-05 0.000379972 0.00252505 0.0114785 0.0357141 0.0760939 0.111068 0.1111 0.0762487 0.0362346 0.0129845 0.00631596 0.00869081 0.0159256 0.0265325 0.0388322 0.0501011 0.0575249 0.0597001 0.0573109 0.0523754 0.046756 0.0412028 0.0355163 0.0293493
 1.0284e-16 7.43691e-05 0.000722894 0.00480389 0.0218378 0.0679455 0.144765 0.21129 0.211294 0.144788 0.0680209 0.0220563 0.00535464 0.0019325 0.00239329 0.00389621 0.00574141 0.00750971 0.00882837 0.00953295 0.00974499 0.00974214 0.00972708 0.00969016 0.00945748 0.00885032
 1.01234e-16 6.91005e-05 0.000671682 0.00446356 0.0202907 0.063132 0.13451 0.196324 0.196338 0.134579 0.0633624 0.0209558 0.00613212 0.00431101 0.00697166 0.0113924 0.0163493 0.0204459 0.0223129 0.0213279 0.0179939 0.013616 0.00954109 0.00654165 0.00469752 0.00367067
 1.05628e-16 8.79543e-06 8.54948e-05 0.000568147 0.00258276 0.00803631 0.0171249 0.0250095 0.0250821 0.0174798 0.00922823 0.00602571 0.00921149 0.0189573 0.0358592 0.0592914 0.0854596 0.107558 0.118621 0.115385 0.100185 0.0792965 0.0591351 0.0432991 0.032162 0.0243479
 1.04555e-16 7.21111e-05 0.000700945 0.00465803 0.0211747 0.0658824 0.14037 0.204874 0.204875 0.140377 0.065907 0.0212476 0.00484816 0.00113962 0.000974502 0.00167792 0.0028327 0.00444555 0.00655189 0.00913568 0.0120538 0.014964 0.0173397 0.0186214 0.0184483 0.016829
 1.04413e-16 5.36917e-05 0.000521902 0.00346822 0.0157661 0.0490542 0.104516 0.152551 0.15258 0.10466 0.0495366 0.0171586 0.00696137 0.00813999 0.0145005 0.0238333 0.0342069 0.0427777 0.0467076 0.0447378 0.0379823 0.0292301 0.0213175 0.0158064 0.0127298 0.0112022
 1.09813e-16 3.05615e-05 0.000297068 0.00197413 0.00897412 0.027922 0.0594923 0.0868391 0.0868792 0.0596881 0.02858 0.0108771 0.00676055 0.0107778 0.0200287 0.0333058 0.0485389 0.0622095 0.0707013 0.0722754 0.0679802 0.0606926 0.0531425 0.0465475 0.0406744 0.0348112
 1.03725e-16 7.36271e-05 0.000715681 0.00475595 0.0216199 0.0672675 0.143321 0.209181 0.209185 0.14334 0.0673321 0.0218075 0.00523017 0.00176172 0.00209226 0.00342687 0.00512903 0.0068734 0.00837981 0.00952412 0.010382 0.0111078 0.0117498 0.0121691 0.0121263 0.011448
 1.01701e-16 6.74226e-05 0.000655371 0.00435517 0.019798 0.061599 0.131244 0.191557 0.191573 0.13132 0.0618556 0.020539 0.00621416 0.00470999 0.00775759 0.0126917 0.0182156 0.0227829 0.0248723 0.0237971 0.0201258 0.0153196 0.0108802 0.00765974 0.00572768 0.00468181
 1.0627e-16 1.35612e-05 0.00013182 0.000875992 0.00398218 0.0123904 0.0264015 0.0385476 0.0386137 0.0267247 0.0134758 0.00711787 0.00874941 0.0173274 0.0326935 0.0540849 0.0780397 0.0983977 0.108852 0.106442 0.0932574 0.0749225 0.0571506 0.0430958 0.033025 0.0256877
 1.28078e-16 1.7717e-05 0.000172215 0.00114443 0.00520243 0.0161868 0.0344881 0.0503392 0.0503527 0.0345545 0.0164122 0.00586427 0.00284636 0.00402221 0.007725 0.0137772 0.0222626 0.033058 0.0459132 0.0605405 0.0763357 0.0918335 0.104493 0.11133 0.110204 0.100924
 1.04653e-16 7.73774e-05 0.000752136 0.00499821 0.0227211 0.0706938 0.150621 0.219836 0.219837 0.150627 0.0707156 0.0227841 0.00515765 0.0011046 0.00076036 0.0011723 0.00177587 0.00244796 0.00313939 0.00387581 0.00475536 0.00587632 0.00723333 0.00865916 0.00985887 0.01052
pSPR Fmed_Fpbrs
0.378496   0.2391 0.2391
Fs Fmed_Fpbrs
0.627704   1.005 1.005
SSBpbr Bo_Bmed_Bpbrs
1.64489e+06  540338  311047 311047
Ro
57470.1
SPR SPRFo_SPRFmed_SPRFpbrs
410792 155483 98220.3
Fref
1.005
Nvult_r0
 117117 2029.96 1214.15 4945.22 1077.65
CTP_r0
 33738.5 742.224 450.317 1835.52 400.008
YTP_r0
391046
Np
 130731 38098.4 528.991 311.197 1524.54
Nvult_p0
 106583 32845 457.666 269.289 1319.25
CTP_p0
 43475.4 16267.5 229.258 134.976 661.267
YTP_p0
 620993
CBA_c0
460030
log_Ro
10.779
likeval ReclasPelacesDesembMPH_pf_preclas_ppelaces_ptallas_desvR_qrecl_qpela
 16.338 73.5459 0.152073 0.00104272 321.021 124.402 113.803 0 111.509 2.15483e-05 0 0.0229239 0 0 0
q_reclas_q_pelaces
1.93053 1
M
1
N
 9325.72 28602.6 102165 11805.2 0.102143
 5795.81 2954.29 8503.88 30227.2 3491.89
 199639 1386.6 588.816 1671.33 6622.02
 15652.8 47663.2 275.549 115.376 1623.77
 4829.24 2418.59 5096.37 28.6428 180.492
 285471 367.475 94.2881 188.748 7.72312
 7012.33 73426.2 81.1998 20.5933 42.884
 1813.65 937.648 6389.76 6.83729 5.33518
 62609 369.465 148.634 993.595 1.89079
 8791.17 12837.5 59.1116 23.3322 156.109
 46875.3 981.724 864.32 3.82839 11.5962
 133085 12716.2 234.022 204.003 3.6386
 76540.1 23195.2 1614.1 28.9915 25.6897
 68989 13358.3 2949.94 200.358 6.77848
 44968.6 7023.33 788.337 166.962 11.6971
 389264 4949.87 463.258 49.9962 11.3065
 12593.7 88801.9 921.919 84.9508 11.232
 741957 3164.6 18981.4 194.631 20.292
 303774 211405 809.018 4812.35 54.4648
 98629.8 79625.7 47989.1 181.633 1092
 389538 22967.8 15271.3 9067.84 240.459
 511841 101495 5169.29 3398.7 2070.34
 16746.4 129859 21993.4 1106.69 1170.09
 280499 4712.46 32614.1 5475.68 566.576
 162305 82697.3 1264.74 8690.23 1609.37
 38699.8 47182.6 21754.2 330.161 2687.59
 224562 11026.4 12061.6 5515.13 764.702
 302828 63591.6 2794.27 3030.68 1577.18
 21640.9 95167.4 18692 817.141 1347.12
 9867.83 6823.13 28103.5 5492.21 635.741
 155215 2558.95 1525.35 6211.59 1353.6
pred_Ctot
 828.734 3528.98 12867.9 1488.52 0.01288
 1326.45 898.878 2632.83 9367.08 1082.15
 45873.1 423.454 182.971 519.835 2059.75
 6147.47 23526.7 137.842 57.7572 812.886
 2729.57 1607.94 3418.6 19.2224 121.133
 55883.7 96.6564 25.2556 50.6062 2.07079
 3055.53 39580.3 44.3113 11.2452 23.4181
 536.484 360.641 2496.75 2.67386 2.08652
 18360.8 141.004 57.6316 385.582 0.733785
 4247.06 7535.68 35.0846 13.8565 92.7125
 7975.72 226.253 202.973 0.899938 2.72605
 46989.3 5723.46 106.855 93.2195 1.66273
 26988.6 10427.8 736.154 13.2324 11.7258
 34843.8 8128.22 1813.9 123.267 4.17047
 21882.8 4147.14 470.63 99.7324 6.98734
 97151.9 1631.3 155.276 16.773 3.79333
 2602.21 24569.1 259.685 23.9516 3.16698
 107974 628.563 3843.83 39.4543 4.11367
 56741.9 53208.5 207.402 1234.91 13.9771
 23742 25383.8 15562.6 58.9559 354.467
 73877.3 5864.08 3971.17 2360.3 62.5931
 103481 27514.7 1426.87 939.035 572.049
 2543.24 26864.6 4638.13 233.626 247.022
 35852.4 826.556 5834.6 980.619 101.471
 21939.9 15305.9 238.714 1641.94 304.093
 5632.34 9372.34 4405.69 66.9336 544.885
 33385 2235.22 2492.67 1140.93 158.205
 28260.6 8228.5 369.07 400.734 208.556
 1980.41 12081.9 2422.37 106.013 174.78
 1893.63 1761.44 7388.94 1445.41 167.319
 33738.5 742.224 450.317 1835.52 400.008
F
 0.149518 0.212977 0.217843 0.218105 0.218119
 0.430281 0.6129 0.626904 0.627659 0.627699
 0.432348 0.615845 0.629916 0.630675 0.630715
 0.867463 1.23563 1.26386 1.26538 1.26546
 1.57579 2.24459 2.29587 2.29863 2.29878
 0.357859 0.509742 0.521388 0.522016 0.522049
 1.01205 1.44158 1.47452 1.4763 1.47639
 0.591039 0.841887 0.861122 0.862159 0.862214
 0.584539 0.832628 0.851652 0.852678 0.852732
 1.19219 1.69818 1.73698 1.73907 1.73918
 0.304611 0.433893 0.443807 0.444341 0.44437
 0.747042 1.0641 1.08841 1.08972 1.08979
 0.745679 1.06216 1.08643 1.08774 1.0878
 1.28471 1.82997 1.87178 1.87403 1.87415
 1.2066 1.71871 1.75798 1.7601 1.76021
 0.47785 0.680659 0.696211 0.69705 0.697094
 0.381171 0.542947 0.555352 0.556021 0.556056
 0.255514 0.363959 0.372275 0.372723 0.372747
 0.338947 0.482803 0.493834 0.494428 0.49446
 0.45728 0.651359 0.666241 0.667043 0.667086
 0.344953 0.491358 0.502585 0.50319 0.503222
 0.371565 0.529264 0.541357 0.542009 0.542043
 0.267973 0.381706 0.390427 0.390897 0.390922
 0.221381 0.31534 0.322545 0.322933 0.322954
 0.235451 0.335381 0.343044 0.343457 0.343479
 0.255539 0.363994 0.372311 0.372759 0.372783
 0.261669 0.372726 0.381243 0.381702 0.381726
 0.157528 0.224387 0.229513 0.22979 0.229804
 0.154269 0.219744 0.224764 0.225035 0.225049
 0.349684 0.498097 0.509477 0.510091 0.510123
 0.404642 0.57638 0.589549 0.590259 0.590297
nmprior
 8.19 8.8 8.5 0
nm_flota  nm_reclas  nm_pelaces    nm_pelaL
inf 11.3748 5.85501 9.94916
cv_recla  cv_pelaces  cv_mph
0.365615 0.972415 0.996527
 ------------------------------------------------
Talla a la edad & desviaci?n 
 8 13.2811 15.8009 17.003 17.5766
 0.8 1.32811 1.58009 1.7003 1.75766
