    unsorted:	 6.604863683e-05 0.001099984550 4.842100185 4.410797130 8.808948583 12.19836904 15.23446067 38.31588644 52.24654150 90.28792132 114.3075805 163.5336598 213.9296346 259.2927134 293.6079283 407.8517777 480.2552308 538.5987053 563.2567758 615.0001443 683.8211267 823.9202196 834.4038433 780.2160683 873.0542961 887.5394122 973.5531878 1001.471529 1080.975726 1099.227122 1140.881286 1298.293943 1319.370357 1507.081934 1637.330003 1798.871936 1816.366151 1910.482506 2091.783979 2416.032732 2939.202583 3080.628891 3207.440271 15195.28616 36927.88772 158030.1472 192095.4916 331268.5497 335391.9192 319494.1213 299688.7851 267247.0270 356106.7063 408286.4231 415269.5222 466809.4481 549362.4687 607025.2013 746147.4955 764746.4224 808706.0884 878265.5995 1050443.653 1285922.581 1370267.880 1467826.534 1553619.946 1622059.314 1741887.476 1921790.334 2220174.462 2269845.810 2771920.191 2906822.103 3253969.999 3563216.841 4030414.838
      sorted:	 6.604863683e-05 0.001099984550 4.410797130 4.842100185 8.808948583 12.19836904 15.23446067 38.31588644 52.24654150 90.28792132 114.3075805 163.5336598 213.9296346 259.2927134 293.6079283 407.8517777 480.2552308 538.5987053 563.2567758 615.0001443 683.8211267 780.2160683 823.9202196 834.4038433 873.0542961 887.5394122 973.5531878 1001.471529 1080.975726 1099.227122 1140.881286 1298.293943 1319.370357 1507.081934 1637.330003 1798.871936 1816.366151 1910.482506 2091.783979 2416.032732 2939.202583 3080.628891 3207.440271 15195.28616 36927.88772 158030.1472 192095.4916 267247.0270 299688.7851 319494.1213 331268.5497 335391.9192 356106.7063 408286.4231 415269.5222 466809.4481 549362.4687 607025.2013 746147.4955 764746.4224 808706.0884 878265.5995 1050443.653 1285922.581 1370267.880 1467826.534 1553619.946 1622059.314 1741887.476 1921790.334 2220174.462 2269845.810 2771920.191 2906822.103 3253969.999 3563216.841 4030414.838
