    unsorted:	 2.348120774e-06 1.885365167e-06 5.847481161e-05 9.526298499e-05 0.001099992340 6.073712576 2.252804358 13.65532428 59.76060882 76.54187967 165.2339634 226.9690643 240.6521090 291.8125845 486.1926715 569.4903940 719.1689031 805.3384742 839.9655212 913.6834546 950.1034822 1037.165946 1070.631880 1187.332048 1328.514589 1375.685887 1629.376960 1697.561327 1954.162015 1946.351654 2160.432432 2269.884984 2510.074474 2492.657230 2552.872793 2639.584466 2844.583052 3024.715379 3219.700834 3275.182479 3781.548476 3972.794268 4335.591673 8588.705711 40588.33717 158303.2611 387678.4723 384081.1671 395659.2290 367806.1544 362561.3014 411215.1159 430485.3051 452497.0182 445413.2245 329380.1132 264743.7916 502740.0211 596867.1001 621576.0197 666076.4783 675656.0294 692831.4364 941447.9749 1034048.324 1106938.175 1185671.604 1349525.280 1474343.610 1671855.402 1784168.891 2429259.364 2382276.188 2512873.944 2732831.787 2969155.205 3299501.264
      sorted:	 1.885365167e-06 2.348120774e-06 5.847481161e-05 9.526298499e-05 0.001099992340 2.252804358 6.073712576 13.65532428 59.76060882 76.54187967 165.2339634 226.9690643 240.6521090 291.8125845 486.1926715 569.4903940 719.1689031 805.3384742 839.9655212 913.6834546 950.1034822 1037.165946 1070.631880 1187.332048 1328.514589 1375.685887 1629.376960 1697.561327 1946.351654 1954.162015 2160.432432 2269.884984 2492.657230 2510.074474 2552.872793 2639.584466 2844.583052 3024.715379 3219.700834 3275.182479 3781.548476 3972.794268 4335.591673 8588.705711 40588.33717 158303.2611 264743.7916 329380.1132 362561.3014 367806.1544 384081.1671 387678.4723 395659.2290 411215.1159 430485.3051 445413.2245 452497.0182 502740.0211 596867.1001 621576.0197 666076.4783 675656.0294 692831.4364 941447.9749 1034048.324 1106938.175 1185671.604 1349525.280 1474343.610 1671855.402 1784168.891 2382276.188 2429259.364 2512873.944 2732831.787 2969155.205 3299501.264
