years
 1991 1992 1993 1994 1995 1996 1997 1998 1999 2000 2001 2002 2003 2004 2005 2006 2007 2008 2009 2010 2011 2012 2013 2014 2015 2016 2017 2018 2019 2020 2021
reclasobs
 0 0 0 0 0 0 0 0 0 252601 567819 844713 477998 351125 339783 2.1784e+06 2.13404e+06 4.81314e+06 1.55562e+06 2.62356e+06 3.21686e+06 3.843e+06 1.13348e+06 3.07943e+06 1.97215e+06 2.03268e+06 2.025e+06 2.42433e+06 2.27542e+06 1.05018e+06 2.36338e+06
reclaspred
 4.99817e+06 2.83371e+06 1.10225e+06 827810 192400 1.04042e+07 6.79275e+06 3.94637e+06 1.80113e+06 248877 290608 1.03957e+06 643216 522447 355275 2.02928e+06 795430 8.81439e+06 5.30547e+06 1.37479e+06 2.61582e+06 3.57468e+06 1.60018e+06 3.25308e+06 2.61802e+06 1.3559e+06 2.00151e+06 4.18415e+06 2.75728e+06 676882 1.20281e+06
pelacesobs
 0 0 0 0 0 0 0 0 0 0 0 0 0 0 0 552880 188675 0 991730 2.46772e+06 1.41603e+06 1.21717e+06 2.29649e+06 1.80582e+06 0 1.4828e+06 1.56532e+06 1.57751e+06 1.42118e+06 867257 1.10002e+06
pelacespred
 2.12014e+06 1.65621e+06 692920 409332 79103.5 7.32314e+06 4.58207e+06 3.04077e+06 1.38673e+06 133469 170883 529492 314467 255116 164783 1.02908e+06 349335 6.08458e+06 3.41704e+06 782758 1.45274e+06 1.94333e+06 851479 2.21977e+06 1.59766e+06 773860 1.44866e+06 3.11854e+06 1.68937e+06 422962 706726
mphobs
 0 0 0 0 0 0 0 0 0 0 0 498337 0 5186 125008 0 168611 109162 213762 579715 649985 157893 87575 83554 0 0 0 0 0 0 0
mphpred
 59894.9 695965 309996 87867.5 64036.4 13649.1 1.58935e+06 932004 514660 136590 10023.8 34630.1 101596 40574.7 23409.4 21190.7 221056 68168 1.15917e+06 479954 127004 229762 402458 170864 349238 316657 127721 193732 614688 258851 44809.5
desembarqueobs
 494567 514787 250237 358949 120608 361735 552515 73892 212993 205616 52469 317467 293654 387597 252695 516296 358380 742168 942051 627588 828172 859565 418607 520667 417249 300574 407403 355545 319650 289779 391294
desembarquepred
 494138 522830 245737 358229 120448 361532 552010 73860.7 212772 205170 52421.7 316931 292977 386550 252143 515451 357745 741388 939652 624845 826731 857956 417875 519999 416516 300006 406770 355124 319081 288869 390737
Reclutas
 512774 711.836 2570.72 110538 893.826 893031 931.391 261.874 454.042 1020.95 31895.8 147877 53836.4 70294.8 41479 292691 2542.12 873804 127648 22812.4 250680 501551 2687.47 180932 188540 9564.57 133843 252066 6887.89 2429.18 103654
log_desv_Rt
 2.97703 -3.60272 -2.31862 1.44255 -3.37505 3.53181 -3.33388 -4.6027 -4.05237 -3.24207 0.199666 1.73358 0.723144 0.989891 0.462379 2.41631 -2.32981 3.51005 1.58647 -0.135501 2.26137 2.9549 -2.27421 1.93532 1.9765 -1.00474 1.63386 2.26688 -1.33304 -2.37525 1.37825
SSB
 85483.6 993300 442435 125407 91394.5 19480.4 2.26836e+06 1.33018e+06 734538 194945 14306.2 49425.1 145001 57909.3 33410.6 30244 315498 97291.3 1.6544e+06 685004 181264 327922 574399 243862 498442 451941 182287 276500 877300 369439 63953.4
BT
 1.33574e+06 1.27032e+06 578286 519084 139183 3.95258e+06 2.76849e+06 1.57752e+06 914147 313421 129869 524721 415571 532537 329214 917829 456904 3.70139e+06 2.57794e+06 1.03259e+06 1.47255e+06 1.68246e+06 770936 1.61077e+06 1.15736e+06 643484 1.15813e+06 1.90054e+06 1.1074e+06 530516 729115
Ftot
 0.29024 0.527261 0.628973 1.13305 1.52762 0.103883 0.239812 0.0561891 0.344796 1.87538 0.516193 0.835954 1.18273 1.73353 1.68069 0.709023 1.17029 0.248007 0.50736 1.1806 0.863177 0.673191 0.727139 0.460481 0.458423 0.624581 0.577183 0.2502 0.338011 1.11984 0.884437
BD_Bspro_t
 0.954623 0.687563 0.39946 0.198478 0.155631 0.0533758 0.811176 0.675647 0.619386 0.345915 0.0669241 0.297766 0.317898 0.132766 0.0765387 0.0728674 0.315977 0.129614 0.62986 0.378173 0.134439 0.21868 0.327751 0.190043 0.353748 0.37896 0.247533 0.370608 0.621312 0.408822 0.143376
BD_Bspro
 0.457809 5.31963 2.36947 0.671618 0.489464 0.104327 12.1482 7.12381 3.93383 1.04403 0.0766169 0.264697 0.776554 0.310134 0.178931 0.161972 1.68965 0.521044 8.86018 3.66855 0.970763 1.75619 3.0762 1.30601 2.66941 2.42038 0.976241 1.4808 4.69839 1.97853 0.342503
BD_Bo
 0.0550795 0.640012 0.285074 0.0808033 0.0588881 0.0125518 1.46157 0.857075 0.473284 0.125609 0.00921788 0.031846 0.0934283 0.0373126 0.0215274 0.0194871 0.203284 0.0626875 1.06598 0.441368 0.116794 0.21129 0.370102 0.157127 0.321161 0.291199 0.117453 0.178157 0.56527 0.23804 0.041207
BD_Brms
 0.448618 5.21284 2.3219 0.658136 0.479639 0.102233 11.9044 6.9808 3.85486 1.02307 0.0750789 0.259383 0.760965 0.303908 0.175339 0.158721 1.65573 0.510585 8.68232 3.5949 0.951276 1.72094 3.01445 1.27979 2.61583 2.37179 0.956644 1.45107 4.60408 1.93882 0.335628
Sel_flota
 1 1 1 1 1
 1 1 1 1 1
 1 1 1 1 1
 1 1 1 1 1
 1 1 1 1 1
 1 1 1 1 1
 1 1 1 1 1
 1 1 1 1 1
 1 1 1 1 1
 1 1 1 1 1
 1 1 1 1 1
 1 1 1 1 1
 1 1 1 1 1
 1 1 1 1 1
 1 1 1 1 1
 1 1 1 1 1
 1 1 1 1 1
 1 1 1 1 1
 1 1 1 1 1
 1 1 1 1 1
 1 1 1 1 1
 1 1 1 1 1
 1 1 1 1 1
 1 1 1 1 1
 1 1 1 1 1
 1 1 1 1 1
 1 1 1 1 1
 1 1 1 1 1
 1 1 1 1 1
 1 1 1 1 1
 1 1 1 1 1
Sel_reclas
 1 1 1 1 1
 1 1 1 1 1
 1 1 1 1 1
 1 1 1 1 1
 1 1 1 1 1
 1 1 1 1 1
 1 1 1 1 1
 1 1 1 1 1
 1 1 1 1 1
 1 1 1 1 1
 1 1 1 1 1
 1 1 1 1 1
 1 1 1 1 1
 1 1 1 1 1
 1 1 1 1 1
 1 1 1 1 1
 1 1 1 1 1
 1 1 1 1 1
 1 1 1 1 1
 1 1 1 1 1
 1 1 1 1 1
 1 1 1 1 1
 1 1 1 1 1
 1 1 1 1 1
 1 1 1 1 1
 1 1 1 1 1
 1 1 1 1 1
 1 1 1 1 1
 1 1 1 1 1
 1 1 1 1 1
 1 1 1 1 1
Sel_pelaces
 1 1 1 1 1
 1 1 1 1 1
 1 1 1 1 1
 1 1 1 1 1
 1 1 1 1 1
 1 1 1 1 1
 1 1 1 1 1
 1 1 1 1 1
 1 1 1 1 1
 1 1 1 1 1
 1 1 1 1 1
 1 1 1 1 1
 1 1 1 1 1
 1 1 1 1 1
 1 1 1 1 1
 1 1 1 1 1
 1 1 1 1 1
 1 1 1 1 1
 1 1 1 1 1
 1 1 1 1 1
 1 1 1 1 1
 1 1 1 1 1
 1 1 1 1 1
 1 1 1 1 1
 1 1 1 1 1
 1 1 1 1 1
 1 1 1 1 1
 1 1 1 1 1
 1 1 1 1 1
 1 1 1 1 1
 1 1 1 1 1
pf_obs 
 0.8446 0.082 0.0669 0.0065 0
 0.8095 0.147 0.0364 0.0071 0
 0.9664 0.0169 0.016 0.0007 0
 0.9276 0.0648 0.0075 0.0001 0
 0.7033 0.2144 0.0806 0.0017 0
 0.9318 0.0425 0.0243 0.0014 0
 0.5671 0.3108 0.0964 0.0239 0.0018
 0.0768 0.2599 0.5324 0.112 0.0189
 0.490249 0.384438 0.106611 0.0170017 0.00170017
 0.7925 0.1577 0.0466 0.003 0.0002
 0.840416 0.127587 0.0312969 0.00059994 9.999e-05
 0.8084 0.0986 0.0794 0.0134 0.0002
 0.7335 0.1905 0.0724 0.0035 0.0001
 0.4001 0.4547 0.1325 0.0127 0
 0.49795 0.308269 0.164784 0.0264974 0.00249975
 0.9179 0.0499 0.0305 0.0017 0
 0.2467 0.6533 0.0926 0.0074 0
 0.9418 0.0223 0.034 0.0019 0
 0.707729 0.231977 0.0356964 0.0245975 0
 0.517169 0.277429 0.184464 0.0207286 0.00020938
 0.811772 0.124168 0.05621 0.00726502 0.000585176
 0.764997 0.148141 0.077277 0.00933861 0.000247198
 0.163321 0.427699 0.378323 0.0303852 0.000271297
 0.753843 0.0900009 0.118128 0.0371064 0.000921714
 0.721811 0.176058 0.0630433 0.0369309 0.00215725
 0.143369 0.312575 0.442814 0.0836902 0.0175525
 0.692698 0.0596174 0.167031 0.0765114 0.00414204
 0.394062 0.376323 0.152708 0.0712218 0.00568511
 0.125707 0.32114 0.495352 0.0537591 0.00404204
 0.23352 0.215282 0.420074 0.123614 0.00750983
 0.774587 0.0839891 0.0768558 0.0609784 0.00358967
pf_pred 
 0.984341 0.011388 0.00387397 0.000396934 7.93548e-08
 0.00494075 0.979478 0.0113317 0.00385483 0.000395051
 0.0759364 0.00456556 0.9051 0.0104712 0.00392716
 0.943336 0.00430286 0.000258703 0.0512865 0.000815869
 0.0604899 0.886274 0.00404258 0.000243054 0.0489507
 0.998681 7.98142e-05 0.0011694 5.33402e-06 6.49093e-05
 0.00313141 0.995553 7.95642e-05 0.00116574 7.00234e-05
 0.00303267 0.00312192 0.992534 7.93229e-05 0.00123202
 0.0148939 0.0029875 0.00307542 0.977751 0.00129181
 0.11388 0.0131978 0.00264728 0.00272519 0.867549
 0.984396 0.00177697 0.000205936 4.13077e-05 0.0135796
 0.954103 0.0451807 8.15572e-05 9.45181e-06 0.000625156
 0.685365 0.300194 0.0142154 2.56607e-05 0.00019967
 0.88812 0.0766789 0.0335858 0.00159043 2.521e-05
 0.889669 0.0979871 0.00846005 0.00370555 0.000178255
 0.989204 0.00960497 0.00105788 9.13357e-05 4.19301e-05
 0.045306 0.944387 0.00916981 0.00100995 0.000127228
 0.992724 0.000329661 0.00687166 6.67225e-05 8.27448e-06
 0.335619 0.659546 0.00021902 0.0045654 4.98265e-05
 0.213092 0.264102 0.519002 0.000172349 0.00363176
 0.953974 0.00980773 0.0121555 0.0238875 0.000175087
 0.924811 0.0717282 0.000737432 0.000913956 0.00180924
 0.0257288 0.901017 0.0698828 0.000718459 0.00265313
 0.906913 0.00239501 0.0838727 0.00650516 0.00031385
 0.802812 0.178832 0.000472266 0.0165387 0.00134463
 0.149001 0.683192 0.152186 0.000401898 0.0152187
 0.913677 0.0128622 0.0589751 0.0131371 0.00134841
 0.892825 0.0979236 0.00137851 0.00632067 0.00155249
 0.0784866 0.82275 0.0902379 0.00127031 0.00725522
 0.0954333 0.0709963 0.744232 0.0816262 0.00771192
 0.971363 0.00273288 0.00203309 0.0213122 0.00255834
pobs_RECLAS
 0 0 0 0 0
 0 0 0 0 0
 0 0 0 0 0
 0 0 0 0 0
 0 0 0 0 0
 0 0 0 0 0
 0 0 0 0 0
 0 0 0 0 0
 0 0 0 0 0
 0 0 0 0 0
 0.991045 0.00858322 0.000360255 1.14367e-05 0
 0.934742 0.0480273 0.0164251 0.00080598 0
 0.827803 0.169806 0.00239088 0 0
 0.941827 0.0461693 0.0120037 0 0
 0.791401 0.0380133 0.147996 0.0225897 0
 0.846168 0.0940531 0.0597789 0 0
 0.134021 0.677848 0.182769 0.00536245 0
 0.80878 0.0450904 0.141981 0.00414843 0
 0.846168 0.0940531 0.0597789 0 0
 0.905697 0.0802665 0.012482 0.00150086 5.37128e-05
 0.989698 0.0102097 9.19794e-05 0 0
 0.975433 0.0193895 0.00387452 0.00125025 5.28907e-05
 0.303575 0.632131 0.0575291 0.00676475 0
 0.966965 0.00978017 0.0227588 0.000495775 0
 0.843318 0.132988 0.00938335 0.0141283 0.000182051
 0.564624 0.303363 0.111486 0.0197234 0.00080311
 0.826376 0.0876187 0.0782897 0.00655872 0.00115652
 0.89761 0.0855135 0.0140674 0.00269457 0.000114338
 0.34875 0.467042 0.161289 0.0227151 0.000203297
 0.318654 0.224769 0.449479 0.00709798 0
 0.937255 0.0296025 0.0250945 0.00804832 0
ppred_RECLAS
 0.984341 0.011388 0.00387397 0.000396934 7.93548e-08
 0.00494075 0.979478 0.0113317 0.00385483 0.000395051
 0.0759364 0.00456556 0.9051 0.0104712 0.00392716
 0.943336 0.00430286 0.000258703 0.0512865 0.000815869
 0.0604899 0.886274 0.00404258 0.000243054 0.0489507
 0.998681 7.98142e-05 0.0011694 5.33402e-06 6.49093e-05
 0.00313141 0.995553 7.95642e-05 0.00116574 7.00234e-05
 0.00303267 0.00312192 0.992534 7.93229e-05 0.00123202
 0.0148939 0.0029875 0.00307542 0.977751 0.00129181
 0.11388 0.0131978 0.00264728 0.00272519 0.867549
 0.984396 0.00177697 0.000205936 4.13077e-05 0.0135796
 0.954103 0.0451807 8.15572e-05 9.45181e-06 0.000625156
 0.685365 0.300194 0.0142154 2.56607e-05 0.00019967
 0.88812 0.0766789 0.0335858 0.00159043 2.521e-05
 0.889669 0.0979871 0.00846005 0.00370555 0.000178255
 0.989204 0.00960497 0.00105788 9.13357e-05 4.19301e-05
 0.045306 0.944387 0.00916981 0.00100995 0.000127228
 0.992724 0.000329661 0.00687166 6.67225e-05 8.27448e-06
 0.335619 0.659546 0.00021902 0.0045654 4.98265e-05
 0.213092 0.264102 0.519002 0.000172349 0.00363176
 0.953974 0.00980773 0.0121555 0.0238875 0.000175087
 0.924811 0.0717282 0.000737432 0.000913956 0.00180924
 0.0257288 0.901017 0.0698828 0.000718459 0.00265313
 0.906913 0.00239501 0.0838727 0.00650516 0.00031385
 0.802812 0.178832 0.000472266 0.0165387 0.00134463
 0.149001 0.683192 0.152186 0.000401898 0.0152187
 0.913677 0.0128622 0.0589751 0.0131371 0.00134841
 0.892825 0.0979236 0.00137851 0.00632067 0.00155249
 0.0784866 0.82275 0.0902379 0.00127031 0.00725522
 0.0954333 0.0709963 0.744232 0.0816262 0.00771192
 0.971363 0.00273288 0.00203309 0.0213122 0.00255834
pobs_PELACES
 0 0 0 0 0
 0 0 0 0 0
 0 0 0 0 0
 0 0 0 0 0
 0 0 0 0 0
 0 0 0 0 0
 0 0 0 0 0
 0 0 0 0 0
 0 0 0 0 0
 0 0 0 0 0
 0 0 0 0 0
 0 0 0 0 0
 0 0 0 0 0
 0 0 0 0 0
 0 0 0 0 0
 0 0 0 0 0
 0.505614 0.472636 0.0217494 0 0
 0 0 0 0 0
 0.443492 0.261883 0.143347 0.151278 0
 0.227955 0.32914 0.350689 0.0885471 0.00366901
 0.970185 0.0296113 0.000203453 0 0
 0.997202 0.00247181 0.000326279 0 0
 0.445219 0.490057 0.0546422 0.010081 0
 0.90214 0.0892962 0.00764917 0.000914606 0
 0 0 0 0 0
 0.581667 0.319106 0.0959925 0.00289975 0.000334073
 0.762889 0.0836404 0.116647 0.0363945 0.000428098
 0.88444 0.0763242 0.0277011 0.0115352 0
 0.521256 0.241999 0.230069 0.00667565 0
 0.616807 0.101726 0.260614 0.0208532 0
 0.833518 0.0704572 0.0857862 0.0102388 0
ppred_PELACES
 0.984341 0.011388 0.00387397 0.000396934 7.93548e-08
 0.00494075 0.979478 0.0113317 0.00385483 0.000395051
 0.0759364 0.00456556 0.9051 0.0104712 0.00392716
 0.943336 0.00430286 0.000258703 0.0512865 0.000815869
 0.0604899 0.886274 0.00404258 0.000243054 0.0489507
 0.998681 7.98142e-05 0.0011694 5.33402e-06 6.49093e-05
 0.00313141 0.995553 7.95642e-05 0.00116574 7.00234e-05
 0.00303267 0.00312192 0.992534 7.93229e-05 0.00123202
 0.0148939 0.0029875 0.00307542 0.977751 0.00129181
 0.11388 0.0131978 0.00264728 0.00272519 0.867549
 0.984396 0.00177697 0.000205936 4.13077e-05 0.0135796
 0.954103 0.0451807 8.15572e-05 9.45181e-06 0.000625156
 0.685365 0.300194 0.0142154 2.56607e-05 0.00019967
 0.88812 0.0766789 0.0335858 0.00159043 2.521e-05
 0.889669 0.0979871 0.00846005 0.00370555 0.000178255
 0.989204 0.00960497 0.00105788 9.13357e-05 4.19301e-05
 0.045306 0.944387 0.00916981 0.00100995 0.000127228
 0.992724 0.000329661 0.00687166 6.67225e-05 8.27448e-06
 0.335619 0.659546 0.00021902 0.0045654 4.98265e-05
 0.213092 0.264102 0.519002 0.000172349 0.00363176
 0.953974 0.00980773 0.0121555 0.0238875 0.000175087
 0.924811 0.0717282 0.000737432 0.000913956 0.00180924
 0.0257288 0.901017 0.0698828 0.000718459 0.00265313
 0.906913 0.00239501 0.0838727 0.00650516 0.00031385
 0.802812 0.178832 0.000472266 0.0165387 0.00134463
 0.149001 0.683192 0.152186 0.000401898 0.0152187
 0.913677 0.0128622 0.0589751 0.0131371 0.00134841
 0.892825 0.0979236 0.00137851 0.00632067 0.00155249
 0.0784866 0.82275 0.0902379 0.00127031 0.00725522
 0.0954333 0.0709963 0.744232 0.0816262 0.00771192
 0.971363 0.00273288 0.00203309 0.0213122 0.00255834
pobs_pel_tallas
 0 0 0 0 0 0 0 0 0 0 0 0 0 0 0 0 0 0 0 0 0 0 0 0 0 0
 0 0 0 0 0 0 0 0 0 0 0 0 0 0 0 0 0 0 0 0 0 0 0 0 0 0
 0 0 0 0 0 0 0 0 0 0 0 0 0 0 0 0 0 0 0 0 0 0 0 0 0 0
 0 0 0 0 0 0 0 0 0 0 0 0 0 0 0 0 0 0 0 0 0 0 0 0 0 0
 0 0 0 0 0 0 0 0 0 0 0 0 0 0 0 0 0 0 0 0 0 0 0 0 0 0
 0 0 0 0 0 0 0 0 0 0 0 0 0 0 0 0 0 0 0 0 0 0 0 0 0 0
 0 0 0 0 0 0 0 0 0 0 0 0 0 0 0 0 0 0 0 0 0 0 0 0 0 0
 0 0 0 0 0 0 0 0 0 0 0 0 0 0 0 0 0 0 0 0 0 0 0 0 0 0
 0 0 0 0 0 0 0 0 0 0 0 0 0 0 0 0 0 0 0 0 0 0 0 0 0 0
 0 0 0 0 0 0 0 0 0 0 0 0 0 0 0 0 0 0 0 0 0 0 0 0 0 0
 0 0 0 0 0 0 0 0 0 0 0 0 0 0 0 0 0 0 0 0 0 0 0 0 0 0
 0 0 0 0 0 0 0 0 0 0 0 0 0 0 0 0 0 0 0 0 0 0 0 0 0 0
 0.00862536 0 0 0.000197151 0.00414017 0.0128641 0.00837892 0.0270097 0.101434 0.158115 0.152841 0.127902 0.109271 0.109419 0.0830992 0.0579132 0.0238553 0.00714673 0.00463305 0.00128148 0.00103504 0.000492878 0.000147863 0.000147863 4.92878e-05 0
 0 0 0 0 0 0 0 0 0 0 0 0 0 0 0 0 0 0 0 0 0 0 0 0 0 0
 0 0 0 0 0 0 0 0.0054083 0.00873648 0.0413646 0.0450493 0.0745869 0.0622846 0.0627006 0.0613931 0.0827291 0.12552 0.122667 0.0946155 0.0697135 0.0546179 0.0294188 0.0215738 0.0213955 0.0102223 0.00600262
 0 0 0 0 0.00359764 0.0251062 0.0480494 0.140153 0.205849 0.193036 0.1447 0.116669 0.0760912 0.0342217 0.00950174 0.001854 0.000860785 0 0 0 0.000165536 0 0.000143464 0 0 0
 0 0 0 0 0 0 0 0.000145254 0.000435761 0.0275982 0.070085 0.0708112 0.156366 0.174668 0.174014 0.160142 0.0824315 0.0480064 0.0283245 0.00493863 0.00203355 0 0 0 0 0
 0 0 0 0 0 0 0 0 0 0 0 0 0 0 0 0 0 0 0 0 0 0 0 0 0 0
 0 0 1.00437e-05 0.000401748 0.00122533 0.00171747 0.00176769 0.0269171 0.070346 0.194647 0.189555 0.159765 0.064822 0.0314167 0.0384472 0.0292271 0.0345202 0.0313363 0.0194345 0.0106764 0.0143323 0.0359363 0.0279516 0.0138201 0.00172751 0
 0 0.0021121 0.0136068 0.0755702 0.200478 0.177729 0.0527432 0.0373336 0.0318909 0.0142505 0.0149659 0.0166563 0.0217959 0.0798694 0.0677717 0.0528807 0.04013 0.0224614 0.0357745 0.0225083 0.00881397 0.00855152 0.00135912 0.000746735 0 0
 0 0 0 0 5.4009e-05 0.00500934 0.000945158 0.0243581 0.138947 0.33067 0.221406 0.137944 0.0707744 0.0437923 0.0131692 0.00525238 0.0047753 0.00276346 9.45158e-05 9.00151e-06 2.25038e-05 9.00151e-06 4.50075e-06 0 0 0
 0.000866109 0.00284123 0.00948549 0.0512746 0.133035 0.25785 0.225252 0.132002 0.0553304 0.0519788 0.0540692 0.017754 0.00435017 0.00159236 0.00146478 0.000404838 0.000125132 0.000115318 0.000107957 0.000100596 0 0 0 0 0 0
 0 0 0 0 0.00144013 0.00171154 0.00461396 0.0210425 0.0478622 0.0707936 0.0888783 0.103762 0.0637923 0.0337046 0.0602308 0.124433 0.169614 0.0934646 0.0462172 0.0250306 0.0313229 0.00938855 0.002487 0.000210481 0 0
 0 0.00764035 0.051015 0.0998891 0.058973 0.0496711 0.0374665 0.0718981 0.12319 0.153886 0.159021 0.0857701 0.0377988 0.023471 0.0147837 0.00900784 0.00315554 0.000888139 0.00291439 0.00214683 0.00393193 0.00274676 0.000635225 9.99891e-05 0 0
 0 0 0 0 0 0 0 0 0 0 0 0 0 0 0 0 0 0 0 0 0 0 0 0 0 0
 0 0 0 0 0 0 0 0 0 0 0 0 0 0 0 0 0 0 0 0 0 0 0 0 0 0
 0 0 0 0 0 0 0 0 0 0 0 0 0 0 0 0 0 0 0 0 0 0 0 0 0 0
 0 0 0 0 0 0 0 0 0 0 0 0 0 0 0 0 0 0 0 0 0 0 0 0 0 0
 0 0 0 0 0 0 0 0 0 0 0 0 0 0 0 0 0 0 0 0 0 0 0 0 0 0
 0 0 0 0 0 0 0 0 0 0 0 0 0 0 0 0 0 0 0 0 0 0 0 0 0 0
 0 0 0 0 0 0 0 0 0 0 0 0 0 0 0 0 0 0 0 0 0 0 0 0 0 0
ppred_pel_tallas
 1.00155e-16 8.10789e-05 0.000788115 0.0052373 0.023808 0.0740756 0.157826 0.230352 0.230353 0.157831 0.0740937 0.0238603 0.00536867 0.00107543 0.000628333 0.00091455 0.00131906 0.00167813 0.00188485 0.00189017 0.00172505 0.00147429 0.00122118 0.0010073 0.00083154 0.00067525
 1.01031e-16 4.07166e-07 3.9579e-06 2.63062e-05 0.000119642 0.000372756 0.000797678 0.00118398 0.00127818 0.00125785 0.00191728 0.00457806 0.0112074 0.0243786 0.046193 0.0761052 0.109021 0.13581 0.14717 0.138817 0.114122 0.0819978 0.0518081 0.0291778 0.0150837 0.00757182
 1.27836e-16 6.25479e-06 6.07987e-05 0.000404029 0.00183666 0.00571453 0.0121755 0.0177708 0.0177727 0.0121851 0.00575096 0.00195966 0.00077974 0.00110201 0.0026294 0.00601504 0.0125559 0.0238568 0.0412288 0.0647491 0.0923331 0.119477 0.140225 0.149242 0.144047 0.126122
 1.05291e-16 7.77013e-05 0.000755285 0.00501913 0.0228162 0.0709898 0.151251 0.220756 0.220756 0.151253 0.070997 0.0228373 0.00507314 0.000877282 0.000322416 0.000447215 0.000732614 0.00114532 0.00173689 0.0025986 0.00383083 0.00547668 0.00744489 0.00947376 0.0111753 0.0121558
 1.08652e-16 4.98266e-06 4.84333e-05 0.000321861 0.00146318 0.00455297 0.00970372 0.0141807 0.014266 0.0101201 0.00595051 0.00549735 0.0104391 0.0221047 0.0418068 0.0688814 0.0987036 0.123044 0.133551 0.126454 0.10493 0.0771654 0.0516807 0.0334699 0.0231434 0.0185165
 1.00046e-16 8.226e-05 0.000799596 0.0053136 0.0241549 0.0751547 0.160125 0.233707 0.233707 0.160125 0.0751549 0.0241553 0.00531493 0.000802788 8.91552e-05 1.93508e-05 2.48649e-05 4.14009e-05 6.50577e-05 9.54796e-05 0.000130356 0.000164653 0.000191408 0.000204021 0.000199038 0.000177759
 1.00386e-16 2.58137e-07 2.50928e-06 1.66797e-05 7.58824e-05 0.000236612 0.000507665 0.00076102 0.000856746 0.000975291 0.0018061 0.00460611 0.0113769 0.0247647 0.0469183 0.077277 0.110644 0.137716 0.149014 0.140178 0.114653 0.0815581 0.0504914 0.0272536 0.0128904 0.00541893
 1.2886e-16 2.49802e-07 2.42816e-06 1.61361e-05 7.33531e-05 0.000228237 0.000486345 0.000710194 0.000712024 0.000496013 0.000265111 0.000199292 0.000405407 0.00109359 0.0027774 0.006422 0.0134944 0.0257591 0.0446456 0.0702159 0.100151 0.129489 0.151708 0.161022 0.154811 0.134816
 1.98363e-16 1.2268e-06 1.19249e-05 7.92451e-05 0.000360237 0.00112083 0.00238808 0.0034856 0.00348624 0.0023914 0.00113318 0.000401524 0.000205453 0.00036741 0.000929614 0.00225647 0.00510764 0.0107517 0.0209871 0.0378723 0.0630168 0.0965012 0.135836 0.175626 0.208488 0.227194
 2.47168e-16 9.38018e-06 9.11787e-05 0.000605915 0.0027544 0.00856997 0.0182593 0.0266503 0.0266517 0.0182665 0.00859469 0.0028288 0.000804928 0.000570205 0.00106449 0.00217325 0.00427517 0.00816451 0.0151792 0.0272406 0.0465522 0.0748177 0.112102 0.155782 0.200237 0.237754
 1.02309e-16 8.10834e-05 0.00078816 0.0052376 0.0238094 0.0740798 0.157835 0.230364 0.230365 0.157836 0.0740826 0.0238177 0.00525869 0.000834884 0.00017204 0.000162619 0.000243883 0.000349198 0.000479897 0.000658933 0.000925833 0.00132082 0.00185897 0.00250744 0.00317949 0.00375157
 1.00121e-16 7.85882e-05 0.000763905 0.00507642 0.0230767 0.0718001 0.152978 0.223277 0.223281 0.152999 0.0718714 0.0232823 0.00559203 0.00188785 0.00220832 0.00351375 0.00502439 0.00625592 0.00677453 0.00638342 0.00524029 0.00375962 0.00237664 0.00135246 0.000730629 0.000416118
 1.00524e-16 5.64527e-05 0.00054874 0.00364657 0.0165768 0.0515768 0.109891 0.160395 0.160424 0.110032 0.0520505 0.0179444 0.00707712 0.00802983 0.0142413 0.0233936 0.0335503 0.0418861 0.0455602 0.0432583 0.0359863 0.026422 0.0173672 0.0104892 0.00606734 0.00352959
 1.01153e-16 7.31533e-05 0.000711076 0.00472535 0.0214808 0.0668346 0.142399 0.207836 0.207844 0.142435 0.0669566 0.0218335 0.00561243 0.002653 0.00377701 0.00616923 0.00897422 0.0114795 0.0130028 0.0132137 0.0123013 0.0107988 0.00922033 0.0078079 0.00654224 0.00531888
 1.00672e-16 7.32809e-05 0.000712316 0.00473359 0.0215182 0.0669512 0.142647 0.2082 0.208209 0.142693 0.067106 0.0219652 0.00585508 0.00315921 0.00471652 0.00767131 0.0110202 0.0138092 0.0151201 0.0145324 0.0123716 0.00949299 0.00677658 0.00472348 0.0033862 0.00255652
 1.0005e-16 8.14794e-05 0.000792009 0.00526318 0.0239256 0.0744416 0.158606 0.23149 0.231491 0.15861 0.0744567 0.0239695 0.00537317 0.00103202 0.000537024 0.000758083 0.00108228 0.00135678 0.00148699 0.00143093 0.0012196 0.000935706 0.000664691 0.000455765 0.000315365 0.000225276
 1.00629e-16 3.73199e-06 3.62764e-05 0.000241074 0.00109594 0.00341037 0.0072695 0.0106291 0.0107199 0.00771317 0.00489948 0.00539436 0.0110207 0.0235351 0.0445345 0.0733621 0.105078 0.13087 0.141759 0.13361 0.109672 0.0785453 0.049278 0.0273191 0.0136369 0.00636671
 1.00207e-16 8.17693e-05 0.000794827 0.00528191 0.0240108 0.0747064 0.15917 0.232313 0.232313 0.15917 0.0747072 0.024013 0.00528812 0.000810062 0.000115566 7.42544e-05 0.000128255 0.000221648 0.000356572 0.000531998 0.000733034 0.000928151 0.001075 0.00113496 0.00108971 0.000950218
 1.00642e-16 2.76447e-05 0.000268716 0.00178572 0.00811764 0.0252573 0.0538158 0.078559 0.0786224 0.0541256 0.0262971 0.011119 0.0093122 0.0166747 0.031114 0.0512062 0.0733218 0.09128 0.0988072 0.0930227 0.0762155 0.054425 0.0339999 0.018761 0.00937213 0.0044918
 1.15677e-16 1.75522e-05 0.000170613 0.00113379 0.00515405 0.0160363 0.034168 0.0498747 0.0499009 0.0342963 0.0164694 0.0064143 0.00433251 0.00726996 0.0138405 0.0237361 0.0362351 0.0497963 0.0626717 0.0737507 0.0827363 0.0894429 0.092992 0.0918783 0.0849905 0.0726913
 1.02779e-16 7.85776e-05 0.000763802 0.00507573 0.0230736 0.0717904 0.152957 0.223245 0.223246 0.152962 0.0718064 0.0231202 0.00519421 0.00102697 0.000592095 0.00089163 0.00136731 0.00191834 0.00250916 0.00314838 0.00388096 0.00473751 0.00567137 0.00653645 0.00712995 0.00727617
 1.00438e-16 7.61755e-05 0.000740453 0.00492057 0.0223682 0.0695958 0.148281 0.216423 0.216429 0.148315 0.0697089 0.0226947 0.0057395 0.00252582 0.00346004 0.00558165 0.00799148 0.00996262 0.0108132 0.0102348 0.00847976 0.00620469 0.0040942 0.00255177 0.00163291 0.00117397
 1.02768e-16 2.11943e-06 2.06017e-05 0.00013691 0.000622426 0.00193706 0.00413032 0.00604651 0.00613325 0.00455412 0.00335977 0.00473035 0.0104434 0.022503 0.0426509 0.0703762 0.101069 0.126435 0.138002 0.131834 0.110892 0.0830807 0.0566282 0.0363699 0.0230541 0.0149894
 1.03127e-16 7.47012e-05 0.000726123 0.00482534 0.0219353 0.0682489 0.145411 0.212232 0.212233 0.145413 0.0682554 0.0219558 0.00488317 0.000873219 0.000415094 0.000726941 0.00140953 0.00254116 0.00423027 0.00648677 0.00913322 0.0117706 0.0138519 0.014864 0.0145375 0.0129654
 1.01946e-16 6.61266e-05 0.000642774 0.00427146 0.0194174 0.060415 0.128721 0.187876 0.187893 0.128805 0.0606971 0.0202317 0.00631387 0.00509617 0.00850895 0.0139241 0.0199647 0.0249306 0.0271484 0.0258722 0.0217502 0.0164213 0.0115651 0.00812658 0.00616081 0.00518011
 1.07183e-16 1.22732e-05 0.0001193 0.000792791 0.00360395 0.0112136 0.0238942 0.0348881 0.034954 0.0242164 0.0122956 0.00673015 0.00864367 0.01727 0.0326196 0.0539975 0.07799 0.0984924 0.109248 0.107309 0.0947198 0.0769998 0.0597327 0.0459652 0.0359195 0.0283729
 1.03251e-16 7.52584e-05 0.000731538 0.00486133 0.0220989 0.0687579 0.146496 0.213815 0.213817 0.146503 0.0687802 0.0221645 0.0050304 0.00111562 0.000848764 0.0013994 0.00227845 0.00343083 0.00484279 0.00649291 0.00831196 0.0101244 0.0116315 0.0124869 0.0124412 0.0114647
 1.00962e-16 7.35408e-05 0.000714843 0.00475038 0.0215946 0.0671887 0.143153 0.208938 0.208947 0.143199 0.0673432 0.0220405 0.00586894 0.0031539 0.00469778 0.00762947 0.0109364 0.0136571 0.0148707 0.0141651 0.01189 0.00893847 0.00622978 0.00428749 0.00315407 0.00257745
 1.0417e-16 6.46501e-06 6.28422e-05 0.000417613 0.00189845 0.00590722 0.0125889 0.0183905 0.0184697 0.0129761 0.00720722 0.00565262 0.00983855 0.0206203 0.0390234 0.0644353 0.0926578 0.116167 0.127275 0.122402 0.104202 0.0797692 0.0564409 0.0384597 0.0264036 0.0187276
 1.30987e-16 7.86073e-06 7.64091e-05 0.000507766 0.00230823 0.00718182 0.0153019 0.0223352 0.0223432 0.0153416 0.00731836 0.00271747 0.00159103 0.00262654 0.00539403 0.0103209 0.0181646 0.0297151 0.0455534 0.0656129 0.0885431 0.11127 0.129357 0.138395 0.135834 0.122182
 1.0263e-16 8.00099e-05 0.000777725 0.00516826 0.0234941 0.073099 0.155745 0.227315 0.227315 0.155746 0.0731035 0.0235074 0.00520229 0.000854264 0.000232413 0.000277398 0.00044216 0.000671719 0.000982163 0.00141233 0.00200819 0.0027907 0.00371825 0.00466952 0.00546484 0.00592255
pSPR Fmed_Fpbrs
0.328835   0.172776 0.172776
Fs Fmed_Fpbrs
0.588923   1.005 1.005
SSBpbr Bo_Bmed_Bpbrs
1.552e+06  432753  190549 190549
Ro
26122.8
SPR SPRFo_SPRFmed_SPRFpbrs
186724 61401.2 32261.3
Fref
1.005
Nvult_r0
 87907.7 247.324 183.993 1928.74 231.528
CTP_r0
 41258.4 116.078 86.3549 905.231 108.665
YTP_r0
390737
Np
 99569.3 15746.6 44.3022 32.958 397.974
Nvult_p0
 86161.3 13626.2 38.3365 28.5199 344.382
CTP_p0
 43188.1 6830.07 19.216 14.2955 172.621
YTP_p0
 441615
CBA_c0
406000
log_Ro
9.99056
likeval ReclasPelacesDesembMPH_pf_preclas_ppelaces_ptallas_desvR_qrecl_qpela
 30.0332 36.0854 3.36921 0.0011491 445.234 149.87 141.48 0 261.23 6.53347e-05 0.000116091 16.5608 0 0 0
q_reclas_q_pelaces
3.14368 4.63156
M
1
N
 512774 5932.35 2018.07 206.775 0.0413384
 711.836 141118 1632.61 555.383 56.9168
 2570.72 154.56 30640.8 354.488 132.948
 110538 504.197 30.3141 6009.61 95.6013
 893.826 13096 59.7349 3.59147 723.317
 893031 71.3707 1045.69 4.76974 58.0426
 931.391 296112 23.6651 346.732 20.8274
 261.874 269.58 85706.2 6.8496 106.386
 454.042 91.0741 93.7543 29806.8 39.3809
 1020.95 118.32 23.7333 24.4317 7777.7
 31895.8 57.5761 6.6726 1.33842 439.997
 147877 7002.59 12.6406 1.46494 96.8934
 53836.4 23580.7 1116.64 2.01569 15.6844
 70294.8 6069.14 2658.32 125.882 1.99538
 41479 4568.44 394.432 172.764 8.31075
 292691 2841.98 313.012 27.0249 12.4065
 2542.12 52989.6 514.519 56.6685 7.13877
 873804 290.17 6048.5 58.7297 7.28328
 127648 250849 83.301 1736.38 18.9508
 22812.4 28273.2 55561.4 18.4507 388.795
 250680 2577.22 3194.14 6277.01 46.0083
 501551 38900.2 399.93 495.664 981.199
 2687.47 94114.7 7299.52 75.0457 277.129
 180932 477.811 16732.9 1297.8 62.614
 188540 41998.8 110.912 3884.11 315.785
 9564.57 43855 9769.03 25.7984 976.907
 133843 1884.17 8639.18 1924.44 197.527
 252066 27646.2 389.186 1784.48 438.306
 6887.89 72203.6 7919.18 111.481 636.71
 2429.18 1807.15 18943.8 2077.73 196.301
 103654 291.626 216.951 2274.23 273
pred_Ctot
 83604.3 967.229 329.033 33.7133 0.00673994
 192.39 38140.3 441.25 150.105 15.3831
 797.917 47.9736 9510.51 110.028 41.2654
 51759.8 236.093 14.1947 2814.03 44.7658
 497.069 7282.84 33.2194 1.99727 402.246
 56174.4 4.48943 65.7774 0.300031 3.65106
 128.012 40698 3.25257 47.6553 2.86254
 9.08651 9.35391 2973.84 0.237668 3.69138
 86.0767 17.2657 17.7738 5650.73 7.46577
 628.334 72.8188 14.6064 15.0362 4786.7
 8474.96 15.2984 1.77296 0.35563 116.911
 56595.2 2680.01 4.83778 0.560659 37.0828
 25883.1 11337 536.852 0.969089 7.54062
 41681.8 3598.74 1576.27 74.6429 1.18317
 24223.9 2667.99 230.35 100.895 4.85351
 99445.1 965.593 106.349 9.18202 4.21525
 1214.32 25312.1 245.776 27.0694 3.41005
 123795 41.1096 856.914 8.32047 1.03185
 33448.4 65731.4 21.8279 454.995 4.96579
 10955.5 13578.1 26683.1 8.86083 186.717
 98113.7 1008.7 1250.16 2456.76 18.0072
 163928 12714.2 130.714 162.004 320.697
 930.282 32578.3 2526.77 25.9775 95.9299
 43804.9 115.681 4051.14 314.206 15.1593
 45478.6 10130.7 26.7535 936.904 76.172
 2952.78 13538.9 3015.9 7.96449 301.592
 38863.7 547.1 2508.53 558.795 57.3554
 35995.5 3947.92 55.5765 254.826 62.5909
 1283.51 13454.6 1475.68 20.7737 118.646
 1129.2 840.05 8805.98 965.826 91.2497
 41258.4 116.078 86.3549 905.231 108.665
F
 0.29024 0.29024 0.29024 0.29024 0.29024
 0.527261 0.527261 0.527261 0.527261 0.527261
 0.628973 0.628973 0.628973 0.628973 0.628973
 1.13305 1.13305 1.13305 1.13305 1.13305
 1.52762 1.52762 1.52762 1.52762 1.52762
 0.103883 0.103883 0.103883 0.103883 0.103883
 0.239812 0.239812 0.239812 0.239812 0.239812
 0.0561891 0.0561891 0.0561891 0.0561891 0.0561891
 0.344796 0.344796 0.344796 0.344796 0.344796
 1.87538 1.87538 1.87538 1.87538 1.87538
 0.516193 0.516193 0.516193 0.516193 0.516193
 0.835954 0.835954 0.835954 0.835954 0.835954
 1.18273 1.18273 1.18273 1.18273 1.18273
 1.73353 1.73353 1.73353 1.73353 1.73353
 1.68069 1.68069 1.68069 1.68069 1.68069
 0.709023 0.709023 0.709023 0.709023 0.709023
 1.17029 1.17029 1.17029 1.17029 1.17029
 0.248007 0.248007 0.248007 0.248007 0.248007
 0.50736 0.50736 0.50736 0.50736 0.50736
 1.1806 1.1806 1.1806 1.1806 1.1806
 0.863177 0.863177 0.863177 0.863177 0.863177
 0.673191 0.673191 0.673191 0.673191 0.673191
 0.727139 0.727139 0.727139 0.727139 0.727139
 0.460481 0.460481 0.460481 0.460481 0.460481
 0.458423 0.458423 0.458423 0.458423 0.458423
 0.624581 0.624581 0.624581 0.624581 0.624581
 0.577183 0.577183 0.577183 0.577183 0.577183
 0.2502 0.2502 0.2502 0.2502 0.2502
 0.338011 0.338011 0.338011 0.338011 0.338011
 1.11984 1.11984 1.11984 1.11984 1.11984
 0.884437 0.884437 0.884437 0.884437 0.884437
nmprior
 8.19 8.8 8.5 0
nm_flota  nm_reclas  nm_pelaces    nm_pelaL
0 8.126 3.89899 5.86459
cv_recla  cv_pelaces  cv_mph
0.495708 0.681143 1.04613
 ------------------------------------------------
Talla a la edad & desviaci?n 
 8 13.2811 15.8009 17.003 17.5766
 0.8 1.32811 1.58009 1.7003 1.75766
