years
 1991 1992 1993 1994 1995 1996 1997 1998 1999 2000 2001 2002 2003 2004 2005 2006 2007 2008 2009 2010 2011 2012 2013 2014 2015 2016 2017 2018 2019 2020 2021
reclasobs
 0 0 0 0 0 0 0 0 0 252601 567819 844713 477998 351125 339783 2.1784e+06 2.13404e+06 4.81314e+06 1.55562e+06 2.62356e+06 3.21686e+06 3.843e+06 1.13348e+06 3.07943e+06 1.97215e+06 2.03268e+06 2.025e+06 2.42433e+06 2.27542e+06 1.05018e+06 2.36338e+06
reclaspred
 1.30085e+06 951422 460942 122756 103065 473007 228766 65620.7 90379.5 181899 240715 358205 367898 231566 408300 738698 832479 1.48979e+06 1.9623e+06 1.38014e+06 2.24798e+06 2.1089e+06 1.77186e+06 1.78957e+06 1.61408e+06 1.42127e+06 1.54826e+06 1.80619e+06 1.90035e+06 891469 1.06477e+06
pelacesobs
 0 0 0 0 0 0 0 0 0 0 0 0 0 0 0 552880 188675 0 991730 2.46772e+06 1.41603e+06 1.21717e+06 2.29649e+06 1.80582e+06 0 1.4828e+06 1.56532e+06 1.57751e+06 1.42118e+06 867257 1.10002e+06
pelacespred
 519491 411940 204905 33109.5 34891.1 196922 63495.9 26367.4 31451.1 76873.4 114974 135067 150698 93585.8 200196 300219 330084 671201 923168 644466 940270 990301 804742 881173 798604 652250 859848 1.00049e+06 864491 472547 539302
mphobs
 0 0 0 0 0 0 0 0 0 0 0 498337 0 5186 125008 0 168611 109162 213762 579715 649985 157893 87575 83554 0 0 0 0 0 0 0
mphpred
 962945 1.01149e+06 530133 188735 43120.8 101355 388304 65962.2 25695.3 64903.7 154846 225868 277214 210691 122923 386730 727888 563498 1.38551e+06 1.49261e+06 1.12425e+06 1.72482e+06 1.77088e+06 1.11671e+06 1.4159e+06 1.33278e+06 848228 1.28433e+06 1.8151e+06 1.07342e+06 478885
desembarqueobs
 494567 514787 250237 358949 120608 361735 552515 73892 212993 205616 52469 317467 293654 387597 252695 516296 358380 742168 942051 627588 828172 859565 418607 520667 417249 300574 415391 372974 316634 284311 391294
desembarquepred
 493839 513599 249742 358294 120296 361303 551629 73856.2 212824 205639 52419.1 317169 293634 388140 252941 516472 358812 741828 941080 626977 828283 859845 418643 519618 416364 300421 415427 372650 316450 284253 391058
Reclutas
 289718 78067.9 36061.5 33898.5 67394.6 229525 13524.4 6535.44 40115.2 93032.6 65592.5 138376 100012 67004.3 136757 341894 59388.7 623606 591667 137159 522328 657121 23606.8 289203 331357 46110.8 364428 340079 46960 23953.7 294345
log_desv_Rt
 0.971013 -0.340316 -1.11267 -1.17452 -0.48733 0.738119 -2.0934 -2.82065 -1.00614 -0.164945 -0.514433 0.232081 -0.0926081 -0.493138 0.220307 1.13661 -0.613791 1.73762 1.68505 0.223244 1.5604 1.78997 -1.53636 0.969236 1.1053 -0.866848 1.20043 1.13128 -0.848598 -1.52177 0.986858
SSB
 962945 1.01149e+06 530133 188735 43120.8 101355 388304 65962.2 25695.3 64903.7 154846 225868 277214 210691 122923 386730 727888 563498 1.38551e+06 1.49261e+06 1.12425e+06 1.72482e+06 1.77088e+06 1.11671e+06 1.4159e+06 1.33278e+06 848228 1.28433e+06 1.8151e+06 1.07342e+06 478885
BT
 1.89126e+06 1.51103e+06 731124 415326 228228 1.143e+06 642051 151291 330092 508183 417376 729995 755038 731543 1.07441e+06 1.52852e+06 1.15398e+06 3.26898e+06 3.93497e+06 2.24353e+06 3.95354e+06 3.79368e+06 2.27377e+06 3.45129e+06 2.65521e+06 1.89139e+06 3.55112e+06 3.66351e+06 2.32532e+06 1.43851e+06 2.4188e+06
Ftot
 0.35431 0.494051 0.49531 2.10628 1.03763 0.702219 1.79097 0.977464 1.96027 1.01086 0.205981 0.795347 0.719312 1.40184 0.574508 0.640825 0.398978 0.46371 0.444681 0.41953 0.344738 0.379713 0.222249 0.2732 0.242884 0.199363 0.253249 0.195331 0.157617 0.297777 0.344924
BD_Bspro_t
 0.944887 0.717997 0.493032 0.277112 0.0936659 0.246538 0.419972 0.101377 0.0621153 0.164959 0.360653 0.51924 0.446282 0.340063 0.236022 0.474806 0.532322 0.465345 0.615354 0.58789 0.474451 0.579085 0.617974 0.549912 0.639573 0.677134 0.629667 0.73371 0.781794 0.685328 0.544649
BD_Bspro
 1.22787 1.28977 0.675982 0.240659 0.054984 0.129239 0.495133 0.0841096 0.0327646 0.0827598 0.197447 0.288008 0.35348 0.268656 0.156741 0.493126 0.928142 0.718527 1.76668 1.90325 1.43355 2.19934 2.25808 1.42394 1.80544 1.69945 1.08159 1.63767 2.31447 1.36874 0.610634
BD_Bo
 0.578895 0.608081 0.318701 0.113462 0.025923 0.0609317 0.233437 0.0396546 0.0154473 0.0390182 0.0930893 0.135785 0.166653 0.126662 0.0738976 0.232491 0.437585 0.338759 0.832927 0.897314 0.675869 1.03691 1.0646 0.671336 0.851197 0.801228 0.50993 0.7721 1.09119 0.64531 0.287892
BD_Brms
 2.4574 2.58129 1.35288 0.481644 0.110042 0.258654 0.990937 0.168333 0.0655735 0.165632 0.395162 0.576405 0.707438 0.537676 0.313694 0.986919 1.85754 1.43803 3.53576 3.80908 2.86905 4.40166 4.51922 2.84981 3.61331 3.4012 2.16464 3.27755 4.63207 2.73933 1.22209
Sel_flota
 0.5 1 1 1 1
 0.5 1 1 1 1
 0.5 1 1 1 1
 0.5 1 1 1 1
 0.5 1 1 1 1
 0.5 1 1 1 1
 0.5 1 1 1 1
 0.5 1 1 1 1
 0.5 1 1 1 1
 0.5 1 1 1 1
 0.5 1 1 1 1
 0.5 1 1 1 1
 0.5 1 1 1 1
 0.5 1 1 1 1
 0.5 1 1 1 1
 0.5 1 1 1 1
 0.5 1 1 1 1
 0.5 1 1 1 1
 0.5 1 1 1 1
 0.5 1 1 1 1
 0.5 1 1 1 1
 0.5 1 1 1 1
 0.5 1 1 1 1
 0.5 1 1 1 1
 0.5 1 1 1 1
 0.5 1 1 1 1
 0.5 1 1 1 1
 0.5 1 1 1 1
 0.5 1 1 1 1
 0.5 1 1 1 1
 0.5 1 1 1 1
Sel_reclas
 0.5 1 1 1 1
 0.5 1 1 1 1
 0.5 1 1 1 1
 0.5 1 1 1 1
 0.5 1 1 1 1
 0.5 1 1 1 1
 0.5 1 1 1 1
 0.5 1 1 1 1
 0.5 1 1 1 1
 0.5 1 1 1 1
 0.5 1 1 1 1
 0.5 1 1 1 1
 0.5 1 1 1 1
 0.5 1 1 1 1
 0.5 1 1 1 1
 0.5 1 1 1 1
 0.5 1 1 1 1
 0.5 1 1 1 1
 0.5 1 1 1 1
 0.5 1 1 1 1
 0.5 1 1 1 1
 0.5 1 1 1 1
 0.5 1 1 1 1
 0.5 1 1 1 1
 0.5 1 1 1 1
 0.5 1 1 1 1
 0.5 1 1 1 1
 0.5 1 1 1 1
 0.5 1 1 1 1
 0.5 1 1 1 1
 0.5 1 1 1 1
Sel_pelaces
 0.5 1 1 1 1
 0.5 1 1 1 1
 0.5 1 1 1 1
 0.5 1 1 1 1
 0.5 1 1 1 1
 0.5 1 1 1 1
 0.5 1 1 1 1
 0.5 1 1 1 1
 0.5 1 1 1 1
 0.5 1 1 1 1
 0.5 1 1 1 1
 0.5 1 1 1 1
 0.5 1 1 1 1
 0.5 1 1 1 1
 0.5 1 1 1 1
 0.5 1 1 1 1
 0.5 1 1 1 1
 0.5 1 1 1 1
 0.5 1 1 1 1
 0.5 1 1 1 1
 0.5 1 1 1 1
 0.5 1 1 1 1
 0.5 1 1 1 1
 0.5 1 1 1 1
 0.5 1 1 1 1
 0.5 1 1 1 1
 0.5 1 1 1 1
 0.5 1 1 1 1
 0.5 1 1 1 1
 0.5 1 1 1 1
 0.5 1 1 1 1
pf_obs 
 0.8446 0.082 0.0669 0.0065 0
 0.8095 0.147 0.0364 0.0071 0
 0.9664 0.0169 0.016 0.0007 0
 0.9276 0.0648 0.0075 0.0001 0
 0.7033 0.2144 0.0806 0.0017 0
 0.9318 0.0425 0.0243 0.0014 0
 0.5671 0.3108 0.0964 0.0239 0.0018
 0.0768 0.2599 0.5324 0.112 0.0189
 0.490249 0.384438 0.106611 0.0170017 0.00170017
 0.7925 0.1577 0.0466 0.003 0.0002
 0.840416 0.127587 0.0312969 0.00059994 9.999e-05
 0.8084 0.0986 0.0794 0.0134 0.0002
 0.7335 0.1905 0.0724 0.0035 0.0001
 0.4001 0.4547 0.1325 0.0127 0
 0.49795 0.308269 0.164784 0.0264974 0.00249975
 0.9179 0.0499 0.0305 0.0017 0
 0.2467 0.6533 0.0926 0.0074 0
 0.9418 0.0223 0.034 0.0019 0
 0.707729 0.231977 0.0356964 0.0245975 0
 0.517169 0.277429 0.184464 0.0207286 0.00020938
 0.811772 0.124168 0.05621 0.00726502 0.000585176
 0.764997 0.148141 0.077277 0.00933861 0.000247198
 0.163321 0.427699 0.378323 0.0303852 0.000271297
 0.753843 0.0900009 0.118128 0.0371064 0.000921714
 0.721811 0.176058 0.0630433 0.0369309 0.00215725
 0.143369 0.312575 0.442814 0.0836902 0.0175525
 0.692698 0.0596174 0.167031 0.0765114 0.00414204
 0.394062 0.376323 0.152708 0.0712218 0.00568511
 0.125707 0.32114 0.495352 0.0537591 0.00404204
 0.23352 0.215282 0.420074 0.123614 0.00750983
 0.774587 0.0839891 0.0768558 0.0609784 0.00358967
pf_pred 
 0.670305 0.208407 0.0766686 0.0282048 0.0164145
 0.282751 0.587417 0.0820696 0.0301917 0.0175709
 0.297422 0.336046 0.300184 0.0419395 0.0244078
 0.528568 0.233927 0.1136 0.101477 0.0224286
 0.884831 0.0948071 0.0101037 0.00490657 0.00535169
 0.894547 0.100751 0.00387096 0.000412533 0.000418843
 0.126484 0.834009 0.0377457 0.00145023 0.000311469
 0.399984 0.208347 0.373955 0.0169245 0.000789914
 0.922662 0.0499196 0.00952054 0.0170881 0.000809469
 0.907988 0.0900865 0.00124283 0.00023703 0.000445588
 0.615046 0.371335 0.0133344 0.000183961 0.00010104
 0.740085 0.200804 0.0570199 0.00204755 4.37629e-05
 0.595571 0.355758 0.0376025 0.0106775 0.000391619
 0.565711 0.341602 0.0815328 0.00861778 0.00253684
 0.834135 0.133577 0.025397 0.00606171 0.00082931
 0.825266 0.161296 0.0108224 0.00205767 0.000558311
 0.244594 0.695062 0.055703 0.00373749 0.000903421
 0.889547 0.046633 0.0587214 0.004706 0.000392082
 0.627334 0.353604 0.00804795 0.0101342 0.00087983
 0.253362 0.592819 0.145951 0.00332181 0.00454606
 0.748485 0.109476 0.112777 0.0277653 0.00149676
 0.655412 0.299264 0.019728 0.0203227 0.00527311
 0.047643 0.771521 0.15705 0.010353 0.0134324
 0.654978 0.0333188 0.252516 0.051402 0.00778486
 0.601385 0.320759 0.00751852 0.0569813 0.0133557
 0.145287 0.653319 0.162059 0.00379862 0.0355368
 0.768016 0.0614946 0.130318 0.0323259 0.00784623
 0.567822 0.379093 0.0140721 0.0298211 0.00919275
 0.135873 0.635796 0.200284 0.00743463 0.020612
 0.164803 0.206982 0.46222 0.145606 0.0203898
 0.862207 0.0415343 0.0238551 0.0532718 0.0191313
pobs_RECLAS
 0 0 0 0 0
 0 0 0 0 0
 0 0 0 0 0
 0 0 0 0 0
 0 0 0 0 0
 0 0 0 0 0
 0 0 0 0 0
 0 0 0 0 0
 0 0 0 0 0
 0 0 0 0 0
 0.991045 0.00858322 0.000360255 1.14367e-05 0
 0.934742 0.0480273 0.0164251 0.00080598 0
 0.827803 0.169806 0.00239088 0 0
 0.941827 0.0461693 0.0120037 0 0
 0.791401 0.0380133 0.147996 0.0225897 0
 0.846168 0.0940531 0.0597789 0 0
 0.134021 0.677848 0.182769 0.00536245 0
 0.80878 0.0450904 0.141981 0.00414843 0
 0.846168 0.0940531 0.0597789 0 0
 0.905697 0.0802665 0.012482 0.00150086 5.37128e-05
 0.989698 0.0102097 9.19794e-05 0 0
 0.975433 0.0193895 0.00387452 0.00125025 5.28907e-05
 0.303575 0.632131 0.0575291 0.00676475 0
 0.966965 0.00978017 0.0227588 0.000495775 0
 0.843318 0.132988 0.00938335 0.0141283 0.000182051
 0.564624 0.303363 0.111486 0.0197234 0.00080311
 0.826376 0.0876187 0.0782897 0.00655872 0.00115652
 0.89761 0.0855135 0.0140674 0.00269457 0.000114338
 0.34875 0.467042 0.161289 0.0227151 0.000203297
 0.318654 0.224769 0.449479 0.00709798 0
 0.937255 0.0296025 0.0250945 0.00804832 0
ppred_RECLAS
 0.674315 0.205872 0.0757361 0.0278617 0.0162149
 0.288332 0.582846 0.0814309 0.0299568 0.0174341
 0.30319 0.333287 0.29772 0.0415953 0.0242075
 0.578948 0.208928 0.10146 0.0906323 0.0200317
 0.892068 0.0888497 0.00946883 0.00459825 0.0050154
 0.898535 0.0969403 0.00372455 0.00039693 0.000403001
 0.145281 0.816061 0.0369334 0.00141902 0.000304767
 0.416222 0.202709 0.363834 0.0164665 0.000768537
 0.934771 0.0421037 0.00802992 0.0144126 0.000682732
 0.913706 0.0844883 0.0011656 0.0002223 0.000417898
 0.617339 0.369123 0.013255 0.000182865 0.000100438
 0.749729 0.193353 0.0549041 0.00197157 4.21391e-05
 0.606217 0.346393 0.0366127 0.0103965 0.00038131
 0.592998 0.320138 0.0764099 0.0080763 0.00237744
 0.838668 0.129927 0.024703 0.00589605 0.000806647
 0.830699 0.156281 0.0104859 0.00199369 0.000540952
 0.248497 0.69147 0.0554152 0.00371818 0.000898754
 0.892007 0.0455946 0.0574139 0.00460121 0.000383351
 0.632928 0.348296 0.00792715 0.00998207 0.000866624
 0.257612 0.589445 0.14512 0.0033029 0.00452018
 0.751787 0.108039 0.111296 0.0274008 0.00147712
 0.659867 0.295395 0.0194729 0.0200599 0.00520494
 0.0481247 0.771131 0.156971 0.0103478 0.0134256
 0.657999 0.0330271 0.250306 0.050952 0.0077167
 0.604185 0.318506 0.00746571 0.0565811 0.0132619
 0.146451 0.652429 0.161838 0.00379345 0.0354883
 0.770194 0.0609171 0.129094 0.0320223 0.00777254
 0.570061 0.377128 0.0139991 0.0296666 0.00914511
 0.13672 0.635172 0.200088 0.00742735 0.0205918
 0.166852 0.206474 0.461086 0.145248 0.0203397
 0.864288 0.0409071 0.0234949 0.0524673 0.0188424
pobs_PELACES
 0 0 0 0 0
 0 0 0 0 0
 0 0 0 0 0
 0 0 0 0 0
 0 0 0 0 0
 0 0 0 0 0
 0 0 0 0 0
 0 0 0 0 0
 0 0 0 0 0
 0 0 0 0 0
 0 0 0 0 0
 0 0 0 0 0
 0 0 0 0 0
 0 0 0 0 0
 0 0 0 0 0
 0 0 0 0 0
 0.505614 0.472636 0.0217494 0 0
 0 0 0 0 0
 0.443492 0.261883 0.143347 0.151278 0
 0.227955 0.32914 0.350689 0.0885471 0.00366901
 0.970185 0.0296113 0.000203453 0 0
 0.997202 0.00247181 0.000326279 0 0
 0.445219 0.490057 0.0546422 0.010081 0
 0.90214 0.0892962 0.00764917 0.000914606 0
 0 0 0 0 0
 0.581667 0.319106 0.0959925 0.00289975 0.000334073
 0.762889 0.0836404 0.116647 0.0363945 0.000428098
 0.88444 0.0763242 0.0277011 0.0115352 0
 0.521256 0.241999 0.230069 0.00667565 0
 0.616807 0.101726 0.260614 0.0208532 0
 0.833518 0.0704572 0.0857862 0.0102388 0
ppred_PELACES
 0.687021 0.19784 0.0727814 0.0267748 0.0155823
 0.305344 0.568914 0.0794844 0.0292407 0.0170174
 0.320728 0.324899 0.290227 0.0405483 0.0235982
 0.660606 0.168409 0.0817829 0.0730553 0.0161468
 0.90748 0.0761623 0.00811672 0.00394164 0.00429922
 0.908622 0.0873036 0.0033543 0.000357472 0.000362939
 0.185943 0.777239 0.0351764 0.00135151 0.000290268
 0.45586 0.188945 0.33913 0.0153484 0.000716353
 0.95193 0.0310278 0.00591754 0.0106212 0.00050313
 0.925981 0.0724696 0.000999789 0.000190677 0.000358451
 0.625335 0.36141 0.012978 0.000179044 9.8339e-05
 0.773539 0.174959 0.0496808 0.00178401 3.81302e-05
 0.634164 0.321809 0.0340142 0.0096586 0.000354247
 0.647411 0.277338 0.0661946 0.00699657 0.0020596
 0.851086 0.119926 0.0228015 0.00544222 0.000744558
 0.845054 0.14303 0.00959682 0.00182465 0.000495084
 0.260994 0.679973 0.0544938 0.00365635 0.000883809
 0.899159 0.0425748 0.0536113 0.00429647 0.000357962
 0.649802 0.332285 0.00756274 0.00952319 0.000826785
 0.271071 0.578759 0.142489 0.00324302 0.00443824
 0.762248 0.103486 0.106605 0.026246 0.00141486
 0.673785 0.283308 0.0186761 0.0192391 0.00499196
 0.0498327 0.769748 0.156689 0.0103292 0.0134015
 0.668069 0.0320546 0.242935 0.0494516 0.00748947
 0.613728 0.310827 0.00728572 0.0552169 0.0129422
 0.150611 0.64925 0.161049 0.00377496 0.0353154
 0.777507 0.0589787 0.124986 0.0310034 0.00752522
 0.577942 0.370215 0.0137425 0.0291228 0.00897749
 0.139819 0.632893 0.19937 0.00740069 0.0205179
 0.173794 0.204754 0.457244 0.144038 0.0201703
 0.870827 0.0389363 0.022363 0.0499396 0.0179346
pobs_pel_tallas
 0 0 0 0 0 0 0 0 0 0 0 0 0 0 0 0 0 0 0 0 0 0 0 0 0 0
 0 0 0 0 0 0 0 0 0 0 0 0 0 0 0 0 0 0 0 0 0 0 0 0 0 0
 0 0 0 0 0 0 0 0 0 0 0 0 0 0 0 0 0 0 0 0 0 0 0 0 0 0
 0 0 0 0 0 0 0 0 0 0 0 0 0 0 0 0 0 0 0 0 0 0 0 0 0 0
 0 0 0 0 0 0 0 0 0 0 0 0 0 0 0 0 0 0 0 0 0 0 0 0 0 0
 0 0 0 0 0 0 0 0 0 0 0 0 0 0 0 0 0 0 0 0 0 0 0 0 0 0
 0 0 0 0 0 0 0 0 0 0 0 0 0 0 0 0 0 0 0 0 0 0 0 0 0 0
 0 0 0 0 0 0 0 0 0 0 0 0 0 0 0 0 0 0 0 0 0 0 0 0 0 0
 0 0 0 0 0 0 0 0 0 0 0 0 0 0 0 0 0 0 0 0 0 0 0 0 0 0
 0 0 0 0 0 0 0 0 0 0 0 0 0 0 0 0 0 0 0 0 0 0 0 0 0 0
 0 0 0 0 0 0 0 0 0 0 0 0 0 0 0 0 0 0 0 0 0 0 0 0 0 0
 0 0 0 0 0 0 0 0 0 0 0 0 0 0 0 0 0 0 0 0 0 0 0 0 0 0
 0.00862536 0 0 0.000197151 0.00414017 0.0128641 0.00837892 0.0270097 0.101434 0.158115 0.152841 0.127902 0.109271 0.109419 0.0830992 0.0579132 0.0238553 0.00714673 0.00463305 0.00128148 0.00103504 0.000492878 0.000147863 0.000147863 4.92878e-05 0
 0 0 0 0 0 0 0 0 0 0 0 0 0 0 0 0 0 0 0 0 0 0 0 0 0 0
 0 0 0 0 0 0 0 0.0054083 0.00873648 0.0413646 0.0450493 0.0745869 0.0622846 0.0627006 0.0613931 0.0827291 0.12552 0.122667 0.0946155 0.0697135 0.0546179 0.0294188 0.0215738 0.0213955 0.0102223 0.00600262
 0 0 0 0 0.00359764 0.0251062 0.0480494 0.140153 0.205849 0.193036 0.1447 0.116669 0.0760912 0.0342217 0.00950174 0.001854 0.000860785 0 0 0 0.000165536 0 0.000143464 0 0 0
 0 0 0 0 0 0 0 0.000145254 0.000435761 0.0275982 0.070085 0.0708112 0.156366 0.174668 0.174014 0.160142 0.0824315 0.0480064 0.0283245 0.00493863 0.00203355 0 0 0 0 0
 0 0 0 0 0 0 0 0 0 0 0 0 0 0 0 0 0 0 0 0 0 0 0 0 0 0
 0 0 1.00437e-05 0.000401748 0.00122533 0.00171747 0.00176769 0.0269171 0.070346 0.194647 0.189555 0.159765 0.064822 0.0314167 0.0384472 0.0292271 0.0345202 0.0313363 0.0194345 0.0106764 0.0143323 0.0359363 0.0279516 0.0138201 0.00172751 0
 0 0.0021121 0.0136068 0.0755702 0.200478 0.177729 0.0527432 0.0373336 0.0318909 0.0142505 0.0149659 0.0166563 0.0217959 0.0798694 0.0677717 0.0528807 0.04013 0.0224614 0.0357745 0.0225083 0.00881397 0.00855152 0.00135912 0.000746735 0 0
 0 0 0 0 5.4009e-05 0.00500934 0.000945158 0.0243581 0.138947 0.33067 0.221406 0.137944 0.0707744 0.0437923 0.0131692 0.00525238 0.0047753 0.00276346 9.45158e-05 9.00151e-06 2.25038e-05 9.00151e-06 4.50075e-06 0 0 0
 0.000866109 0.00284123 0.00948549 0.0512746 0.133035 0.25785 0.225252 0.132002 0.0553304 0.0519788 0.0540692 0.017754 0.00435017 0.00159236 0.00146478 0.000404838 0.000125132 0.000115318 0.000107957 0.000100596 0 0 0 0 0 0
 0 0 0 0 0.00144013 0.00171154 0.00461396 0.0210425 0.0478622 0.0707936 0.0888783 0.103762 0.0637923 0.0337046 0.0602308 0.124433 0.169614 0.0934646 0.0462172 0.0250306 0.0313229 0.00938855 0.002487 0.000210481 0 0
 0 0.00764035 0.051015 0.0998891 0.058973 0.0496711 0.0374665 0.0718981 0.12319 0.153886 0.159021 0.0857701 0.0377988 0.023471 0.0147837 0.00900784 0.00315554 0.000888139 0.00291439 0.00214683 0.00393193 0.00274676 0.000635225 9.99891e-05 0 0
 0 0 0 0 0 0 0 0 0 0 0 0 0 0 0 0 0 0 0 0 0 0 0 0 0 0
 0 0 0 0 0 0 0 0 0 0 0 0 0 0 0 0 0 0 0 0 0 0 0 0 0 0
 0 0 0 0 0 0 0 0 0 0 0 0 0 0 0 0 0 0 0 0 0 0 0 0 0 0
 0 0 0 0 0 0 0 0 0 0 0 0 0 0 0 0 0 0 0 0 0 0 0 0 0 0
 0 0 0 0 0 0 0 0 0 0 0 0 0 0 0 0 0 0 0 0 0 0 0 0 0 0
 0 0 0 0 0 0 0 0 0 0 0 0 0 0 0 0 0 0 0 0 0 0 0 0 0 0
 0 0 0 0 0 0 0 0 0 0 0 0 0 0 0 0 0 0 0 0 0 0 0 0 0 0
ppred_pel_tallas
 1.07474e-16 5.65891e-05 0.000550066 0.00365538 0.0166168 0.0517013 0.110156 0.16078 0.160799 0.110249 0.0520158 0.0175263 0.00594217 0.00555538 0.00960186 0.0158883 0.0231294 0.029614 0.0336372 0.0344295 0.0325869 0.0295854 0.0267841 0.0247161 0.0230967 0.0213275
 1.08252e-16 2.51509e-05 0.000244476 0.00162463 0.00738536 0.0229789 0.048961 0.0714715 0.0715263 0.049229 0.0238786 0.00998419 0.00814838 0.0144871 0.0270782 0.0447371 0.0644726 0.0811467 0.0895397 0.0872649 0.076194 0.0611705 0.0470819 0.0365689 0.0296948 0.025106
 1.16519e-16 2.6418e-05 0.000256793 0.00170648 0.00775742 0.0241364 0.0514263 0.0750648 0.0750965 0.0515814 0.0246583 0.00927002 0.00552229 0.00864962 0.0161504 0.0271404 0.0402211 0.0529369 0.0627333 0.0683473 0.0703458 0.0702903 0.0692948 0.0672618 0.0633133 0.0568117
 1.12463e-16 5.44132e-05 0.000528916 0.00351483 0.0159779 0.0497134 0.10592 0.154597 0.154613 0.106 0.0499821 0.0167558 0.00547333 0.00482464 0.00827368 0.0137553 0.0202036 0.026262 0.0306066 0.0326965 0.0330822 0.0329289 0.0331343 0.03375 0.0340843 0.0332663
 1.01377e-16 7.47479e-05 0.000726577 0.00482836 0.021949 0.0682916 0.145503 0.212367 0.212374 0.145539 0.068412 0.0222967 0.00570093 0.00263105 0.00369075 0.00598109 0.00860454 0.0108138 0.0119056 0.0115646 0.0100524 0.00803373 0.00617956 0.00485171 0.00405203 0.0035768
 1.00217e-16 7.4842e-05 0.000727491 0.00483443 0.0219766 0.0683775 0.145686 0.212634 0.212643 0.145727 0.0685152 0.0223743 0.00583189 0.00290253 0.0041985 0.00680378 0.00974976 0.0121675 0.0132272 0.0125479 0.0104253 0.00764266 0.00501907 0.00304112 0.00178745 0.00108508
 1.01399e-16 1.5316e-05 0.000148877 0.000989347 0.00449747 0.0139937 0.0298178 0.0435357 0.0436105 0.0301832 0.0152202 0.00803823 0.00987097 0.019517 0.0367382 0.0605518 0.0868492 0.108418 0.117912 0.111929 0.0930794 0.0683045 0.0448658 0.0270835 0.0156765 0.00915359
 1.11496e-16 3.75486e-05 0.000364986 0.00242546 0.0110258 0.0343055 0.0730922 0.106684 0.106703 0.0731837 0.0346144 0.0119242 0.00470376 0.0054152 0.00985283 0.0168116 0.0255652 0.0349508 0.0436945 0.0510271 0.056832 0.061136 0.063484 0.0629092 0.0585985 0.0506587
 1.0133e-16 7.84093e-05 0.000762166 0.00506486 0.0230241 0.0716366 0.152629 0.222768 0.222771 0.152644 0.0716858 0.0231663 0.00542204 0.00154304 0.00156502 0.00247311 0.00357979 0.00455758 0.00513558 0.00520162 0.0048678 0.00439014 0.00400173 0.00378885 0.00368551 0.00355785
 1.00128e-16 7.62719e-05 0.00074139 0.0049268 0.0223965 0.0696839 0.148469 0.216696 0.216703 0.148503 0.0697982 0.0227264 0.00575413 0.00254502 0.00349449 0.00563747 0.00806923 0.0100538 0.010899 0.0102881 0.00847078 0.00610634 0.00388673 0.00222667 0.0011966 0.000650017
 1.00502e-16 5.15081e-05 0.000500677 0.00332718 0.0151249 0.0470593 0.100266 0.146349 0.146383 0.100436 0.0476295 0.0167709 0.00745581 0.00950311 0.017118 0.0281372 0.0403373 0.0503226 0.0546678 0.0517905 0.0429112 0.0312744 0.0202802 0.0119597 0.00665973 0.00368461
 1.01664e-16 6.37154e-05 0.000619336 0.00411571 0.0187094 0.058212 0.124028 0.181025 0.181042 0.12411 0.0584895 0.0195112 0.00613 0.0050222 0.00844194 0.0138976 0.0201103 0.0254859 0.0284307 0.0281854 0.0252413 0.0209512 0.01667 0.0131182 0.0103365 0.00805276
 1.02093e-16 5.22354e-05 0.000507746 0.00337415 0.0153384 0.0477237 0.101682 0.148414 0.148445 0.101833 0.0482322 0.0168069 0.0070593 0.00854942 0.0153159 0.0252142 0.0362616 0.0454829 0.0498788 0.0480627 0.0410846 0.0317219 0.0228294 0.0160314 0.0115041 0.00859541
 1.03032e-16 5.33264e-05 0.000518352 0.00344463 0.0156588 0.0487205 0.103805 0.151512 0.151539 0.103936 0.0491599 0.0169285 0.00663364 0.00748633 0.0133052 0.0219596 0.0317382 0.0401372 0.0446257 0.0440126 0.0391184 0.0321541 0.0253402 0.0198626 0.0157749 0.0125747
 1.01361e-16 7.01028e-05 0.000681425 0.00452831 0.020585 0.0640477 0.136461 0.199171 0.199183 0.136517 0.0642376 0.0211335 0.00590543 0.00368922 0.00578689 0.00946752 0.0136584 0.0172318 0.0190861 0.0187104 0.016477 0.0133709 0.0103847 0.00805234 0.00639501 0.00516864
 1.00581e-16 6.9606e-05 0.000676595 0.00449621 0.0204391 0.0635938 0.135494 0.19776 0.197774 0.135561 0.0638196 0.0210911 0.00613192 0.00424448 0.0068372 0.0111708 0.0160328 0.0200508 0.0218769 0.0208897 0.0175657 0.0131675 0.00900675 0.00585014 0.00380704 0.00259301
 1.02263e-16 2.14978e-05 0.000208967 0.00138866 0.00631269 0.0196415 0.0418506 0.0610959 0.0611614 0.0421705 0.0207152 0.00941309 0.00916752 0.0171783 0.0322139 0.0531283 0.0763087 0.0954862 0.104272 0.0997007 0.0840043 0.0631377 0.043291 0.0280891 0.0180762 0.0119658
 1.0205e-16 7.40626e-05 0.000719915 0.00478409 0.0217478 0.0676654 0.144168 0.210419 0.210423 0.144189 0.0677343 0.0219477 0.00528942 0.00183487 0.00222609 0.0036528 0.00546351 0.00730395 0.00885148 0.00993315 0.0105782 0.0109076 0.0109674 0.0106678 0.00987789 0.00857351
 1.01399e-16 5.35234e-05 0.000520267 0.00345736 0.0157167 0.0489005 0.104189 0.152074 0.152106 0.104345 0.0494247 0.0172298 0.00725263 0.00879555 0.015741 0.0258631 0.0370764 0.0462592 0.0502741 0.0476872 0.0396482 0.0291642 0.019366 0.0120928 0.00759976 0.00516381
 1.05337e-16 2.23278e-05 0.000217035 0.00144227 0.0065564 0.0203997 0.0434658 0.0634513 0.0635072 0.0437388 0.0213167 0.0092062 0.00809771 0.0147593 0.0276794 0.0458237 0.0662352 0.0837525 0.0930853 0.0917246 0.0813543 0.0665661 0.0519937 0.0401488 0.0312167 0.024239
 1.05975e-16 6.27854e-05 0.000610297 0.00405564 0.0184363 0.0573623 0.122217 0.178381 0.178391 0.122266 0.0575291 0.01892 0.00527699 0.00330076 0.0052437 0.00875605 0.0130439 0.0173184 0.020798 0.0230955 0.024365 0.0250223 0.0252948 0.025014 0.0238019 0.0214361
 1.03386e-16 5.54988e-05 0.000539468 0.00358496 0.0162967 0.0507053 0.108034 0.157684 0.157712 0.108167 0.0511527 0.0175886 0.00682646 0.00761139 0.013474 0.0221562 0.031841 0.0399002 0.0437042 0.0420646 0.0359617 0.0279066 0.0204593 0.0150419 0.0117283 0.00980359
 1.08023e-16 4.10481e-06 3.99003e-05 0.000265155 0.0012054 0.00375085 0.00799433 0.0116835 0.0117578 0.00835722 0.00496953 0.00472621 0.00910613 0.0193505 0.0367095 0.0607613 0.0877109 0.11067 0.122581 0.120133 0.105672 0.0854841 0.0659329 0.0504948 0.0394085 0.0312309
 1.13246e-16 5.5028e-05 0.000534892 0.00355454 0.0161584 0.0502749 0.107116 0.15634 0.156343 0.107133 0.0503337 0.0163331 0.00401186 0.0015955 0.00225226 0.00411509 0.00704251 0.0112028 0.0167487 0.0236789 0.0316332 0.0396999 0.0464583 0.0503797 0.0504371 0.0465666
 1.08018e-16 5.0552e-05 0.000491384 0.00326542 0.0148441 0.0461858 0.0984048 0.143631 0.143661 0.098551 0.0466765 0.0162611 0.00682066 0.00824772 0.0147684 0.024305 0.0349478 0.0438504 0.0481851 0.0467364 0.0406852 0.0328689 0.0260962 0.0217932 0.0197703 0.0189024
 1.11169e-16 1.24057e-05 0.000120588 0.000801355 0.00364288 0.0113347 0.0241521 0.0352638 0.0353265 0.0244584 0.0123636 0.00661604 0.00826949 0.0164404 0.0310562 0.0514511 0.0744155 0.0942037 0.104935 0.103864 0.0929522 0.0774009 0.0623985 0.0506613 0.0421969 0.0356631
 1.08005e-16 6.40422e-05 0.000622513 0.00413682 0.0188054 0.0585105 0.124663 0.181951 0.181957 0.124692 0.0586078 0.0190888 0.00485763 0.00222714 0.00320298 0.00543364 0.00838364 0.0117251 0.0151462 0.0184804 0.0217072 0.0247542 0.0272856 0.028721 0.0285113 0.0264659
 1.04932e-16 4.76044e-05 0.000462732 0.00307502 0.0139786 0.0434928 0.0926673 0.135258 0.135294 0.0928414 0.0440771 0.0156657 0.00730758 0.00969469 0.0175585 0.028896 0.0414943 0.0519274 0.0567563 0.0544416 0.0463019 0.0356769 0.0259721 0.0190788 0.0150755 0.0129583
 1.1013e-16 1.15168e-05 0.000111948 0.000743935 0.00338186 0.0105225 0.0224217 0.0327379 0.0327991 0.0227206 0.0115269 0.00628476 0.0080386 0.0160626 0.0303816 0.0504082 0.0730756 0.0928503 0.104045 0.103964 0.0943904 0.0801561 0.06603 0.0544348 0.0453281 0.0375721
 1.31106e-16 1.43152e-05 0.000139149 0.000924697 0.00420355 0.0130789 0.0278668 0.0406766 0.0406971 0.027967 0.0134176 0.00519108 0.00343849 0.00574301 0.0109995 0.0190612 0.0295706 0.0416395 0.0542903 0.0670098 0.0797181 0.0920368 0.102554 0.108936 0.108979 0.101847
 1.08699e-16 7.17288e-05 0.00069723 0.00463334 0.0210625 0.0655332 0.139626 0.203788 0.203792 0.139644 0.0655958 0.0212439 0.00509122 0.00170573 0.00201444 0.00329206 0.00492212 0.0066086 0.00813225 0.00947031 0.0108314 0.0124961 0.0145638 0.0168007 0.0186965 0.0196867
pSPR Fmed_Fpbrs
0.494396   0.285572 0.285572
Fs Fmed_Fpbrs
0.492886   1.005 1.005
SSBpbr Bo_Bmed_Bpbrs
1.66342e+06  739217  391856 391856
Ro
109716
SPR SPRFo_SPRFmed_SPRFpbrs
784242 387726 223958
Fref
1.005
Nvult_r0
 203215 5614.6 3224.73 7201.27 2586.17
CTP_r0
 29891.6 1439.94 827.025 1846.86 663.257
YTP_r0
391058
Np
 206748 91130.3 1978.44 1136.31 3198.72
Nvult_p0
 160731 78858.7 1712.02 983.296 2767.98
CTP_p0
 53755.4 39527.7 858.146 492.874 1387.44
YTP_p0
 1.1232e+06
CBA_c0
610701
log_Ro
11.4256
likeval ReclasPelacesDesembMPH_pf_preclas_ppelaces_ptallas_desvR_qrecl_qpela
 43.1 37.1262 0.226563 0.00226745 264.732 142.117 120.692 0 60.6596 0 0 0.0296383 0 0 0
q_reclas_q_pelaces
1 1
M
1
N
 289718 48322.4 17776.8 6539.72 3805.97
 78067.9 89277.8 12473.2 4588.65 2670.49
 36061.5 22433.4 20039.4 2799.76 1629.4
 33898.5 10356.1 5029.11 4492.42 992.925
 67394.6 4350.23 463.609 225.138 245.562
 229525 14757.5 566.998 60.4257 61.35
 13524.4 59436.3 2689.98 103.352 22.1971
 6535.44 2031.98 3647.12 165.062 7.70391
 40115.2 1474.78 281.266 504.834 23.9142
 93032.6 5537.93 76.4011 14.571 27.3919
 65592.5 20646 741.386 10.2281 5.61775
 138376 21768.7 6181.38 221.97 4.74423
 100012 34202.6 3615.12 1026.54 37.6503
 67004.3 25677.9 6128.75 647.791 190.692
 136757 12229.3 2325.16 554.965 75.9256
 341894 37748.6 2532.81 481.563 130.663
 59388.7 91294.4 7316.43 490.909 118.662
 623606 17896.7 22535.9 1806.05 150.472
 591667 181938 4140.86 5214.28 452.694
 137159 174270 42904.8 976.504 1336.39
 522328 40910 42143.2 10375.6 559.323
 657121 161730 10661.5 10982.9 2849.72
 23606.8 199939 40699.4 2682.96 3480.98
 289203 7771.08 58895.4 11988.7 1815.69
 331357 92807.8 2175.39 16486.8 3864.32
 46110.8 107959 26779.8 627.712 5872.35
 364428 15353.8 32537.4 8071.06 1959.03
 340079 118120 4384.68 9291.89 2864.35
 46960 113467 35743.7 1326.82 3678.53
 23953.7 15966.4 35655.3 11231.9 1572.85
 294345 7593.04 4361.04 9738.81 3497.46
pred_Ctot
 30165 9378.72 3450.24 1269.27 738.687
 11020.7 22895.7 3198.81 1176.78 684.857
 5102.44 5765.05 5149.82 719.496 418.73
 15156.5 6707.79 3257.44 2909.82 643.134
 17980.4 1926.55 205.315 99.7049 108.75
 44200.6 4978.23 191.269 20.3838 20.6955
 5429.35 35800 1620.24 62.2513 13.3699
 1661.35 865.381 1553.24 70.2967 3.28095
 17115.2 925.996 176.604 316.979 15.0155
 24302.9 2411.22 33.2651 6.34424 11.9264
 4092 2470.55 88.716 1.22392 0.672233
 29640 8042.1 2283.62 82.0033 1.75268
 19662.8 11745.3 1241.45 352.518 12.9293
 22571.8 13629.9 3253.15 343.849 101.22
 22093.9 3538.08 672.695 160.557 21.9661
 60810.8 11885.3 797.464 151.622 41.1399
 6900.6 19609.4 1571.52 105.444 25.4877
 83129.2 4357.9 5487.58 439.781 36.6405
 75923.4 42795.1 974.007 1226.49 106.482
 16688.9 39048.8 9613.72 218.806 299.447
 53017.4 7754.54 7988.3 1966.7 106.02
 72949.2 33308.9 2195.78 2261.97 586.912
 1583.74 25646.7 5220.63 344.152 446.515
 23603.4 1200.71 9099.91 1852.37 280.542
 24191.9 12903.2 302.447 2292.18 537.261
 2787.98 12536.9 3109.84 72.8938 681.934
 27683.2 2216.58 4697.31 1165.19 282.818
 20162.9 13461.3 499.689 1058.93 326.428
 2264.13 10594.6 3337.44 123.887 343.469
 2120.23 2662.88 5946.57 1873.25 262.32
 29891.6 1439.94 827.025 1846.86 663.257
F
 0.177155 0.35431 0.35431 0.35431 0.35431
 0.247026 0.494051 0.494051 0.494051 0.494051
 0.247655 0.49531 0.49531 0.49531 0.49531
 1.05314 2.10628 2.10628 2.10628 2.10628
 0.518814 1.03763 1.03763 1.03763 1.03763
 0.351109 0.702219 0.702219 0.702219 0.702219
 0.895483 1.79097 1.79097 1.79097 1.79097
 0.488732 0.977464 0.977464 0.977464 0.977464
 0.980133 1.96027 1.96027 1.96027 1.96027
 0.505428 1.01086 1.01086 1.01086 1.01086
 0.10299 0.205981 0.205981 0.205981 0.205981
 0.397674 0.795347 0.795347 0.795347 0.795347
 0.359656 0.719312 0.719312 0.719312 0.719312
 0.70092 1.40184 1.40184 1.40184 1.40184
 0.287254 0.574508 0.574508 0.574508 0.574508
 0.320413 0.640825 0.640825 0.640825 0.640825
 0.199489 0.398978 0.398978 0.398978 0.398978
 0.231855 0.46371 0.46371 0.46371 0.46371
 0.22234 0.444681 0.444681 0.444681 0.444681
 0.209765 0.41953 0.41953 0.41953 0.41953
 0.172369 0.344738 0.344738 0.344738 0.344738
 0.189857 0.379713 0.379713 0.379713 0.379713
 0.111124 0.222249 0.222249 0.222249 0.222249
 0.1366 0.2732 0.2732 0.2732 0.2732
 0.121442 0.242884 0.242884 0.242884 0.242884
 0.0996814 0.199363 0.199363 0.199363 0.199363
 0.126624 0.253249 0.253249 0.253249 0.253249
 0.0976653 0.195331 0.195331 0.195331 0.195331
 0.0788086 0.157617 0.157617 0.157617 0.157617
 0.148889 0.297777 0.297777 0.297777 0.297777
 0.172462 0.344924 0.344924 0.344924 0.344924
nmprior
 8.19 8.8 8.5 0
nm_flota  nm_reclas  nm_pelaces    nm_pelaL
inf 6.35632 5.43147 9.02386
cv_recla  cv_pelaces  cv_mph
0.593832 0.690896 1.46952
 ------------------------------------------------
Talla a la edad & desviaci?n 
 8 13.2811 15.8009 17.003 17.5766
 0.8 1.32811 1.58009 1.7003 1.75766
