    unsorted:	 3.355214930e-06 6.494857686e-05 0.001099985250 8.764637387 8.829875792 15.23710732 36.18390945 44.99240684 51.86661711 97.74476805 136.1321538 212.3827484 231.1590626 268.8718965 479.3451378 400.4166148 450.0480036 565.7718948 614.6258878 686.8457895 821.7019337 832.3235700 779.9931885 886.2301585 876.3473697 966.9506745 1005.081206 1076.258145 1095.218754 1138.742938 1262.491167 1320.677353 1496.322453 1641.473407 1757.429304 1805.160233 1914.749667 2085.834984 2402.355991 2809.441951 2925.327833 3133.305240 15123.99996 36055.72210 37238.69177 158022.3570 193723.9884 332067.6566 336073.4290 320599.4428 301079.0051 267830.7576 355396.4477 406092.7842 414867.3982 470666.3052 548880.4944 607557.5369 742682.8199 760969.5532 805495.8597 873429.4315 1049972.531 1278712.290 1368575.223 1464773.642 1555063.412 1623897.350 1738321.776 1920646.063 2220767.026 2265644.137 2776274.995 2913763.708 3260623.706 3574595.210 4047250.916
      sorted:	 3.355214930e-06 6.494857686e-05 0.001099985250 8.764637387 8.829875792 15.23710732 36.18390945 44.99240684 51.86661711 97.74476805 136.1321538 212.3827484 231.1590626 268.8718965 400.4166148 450.0480036 479.3451378 565.7718948 614.6258878 686.8457895 779.9931885 821.7019337 832.3235700 876.3473697 886.2301585 966.9506745 1005.081206 1076.258145 1095.218754 1138.742938 1262.491167 1320.677353 1496.322453 1641.473407 1757.429304 1805.160233 1914.749667 2085.834984 2402.355991 2809.441951 2925.327833 3133.305240 15123.99996 36055.72210 37238.69177 158022.3570 193723.9884 267830.7576 301079.0051 320599.4428 332067.6566 336073.4290 355396.4477 406092.7842 414867.3982 470666.3052 548880.4944 607557.5369 742682.8199 760969.5532 805495.8597 873429.4315 1049972.531 1278712.290 1368575.223 1464773.642 1555063.412 1623897.350 1738321.776 1920646.063 2220767.026 2265644.137 2776274.995 2913763.708 3260623.706 3574595.210 4047250.916
