    unsorted:	 1.898007132e-05 -2.220765681e-05 0.001099980726 10.77021414 16.29856578 16.48953716 5.255492850 55.63803630 79.71114552 102.7245383 123.1181484 174.9233097 224.1307143 389.9719317 384.6973247 370.1017084 413.9723780 305.9625597 460.1533408 725.3485120 726.5802277 734.2109482 754.0254887 767.4941581 791.4827602 808.1783011 576.3892345 863.8556712 941.9389013 941.4994827 1027.521310 1050.593885 1088.108939 1113.413774 1168.844095 1258.947292 1262.054267 1297.699985 1347.923835 1454.108276 1529.481096 1861.181294 3276.592413 19082.70436 32306.67418 261810.6517 262355.1162 255913.0811 245349.4132 280976.1813 233354.0969 288856.1449 155221.7119 307352.4087 330732.1975 474038.4427 674191.2076 693966.3185 753288.0178 869788.4154 1046121.512 1410200.757 1644887.523 1845896.198 1951949.447 2037250.019 2298450.640 2591308.559 2748970.996 3002517.385 3292507.736 3357451.100 3832696.149 4086878.837 4277352.741 6338017.255 323554198.2
      sorted:	 -2.220765681e-05 1.898007132e-05 0.001099980726 5.255492850 10.77021414 16.29856578 16.48953716 55.63803630 79.71114552 102.7245383 123.1181484 174.9233097 224.1307143 305.9625597 370.1017084 384.6973247 389.9719317 413.9723780 460.1533408 576.3892345 725.3485120 726.5802277 734.2109482 754.0254887 767.4941581 791.4827602 808.1783011 863.8556712 941.4994827 941.9389013 1027.521310 1050.593885 1088.108939 1113.413774 1168.844095 1258.947292 1262.054267 1297.699985 1347.923835 1454.108276 1529.481096 1861.181294 3276.592413 19082.70436 32306.67418 155221.7119 233354.0969 245349.4132 255913.0811 261810.6517 262355.1162 280976.1813 288856.1449 307352.4087 330732.1975 474038.4427 674191.2076 693966.3185 753288.0178 869788.4154 1046121.512 1410200.757 1644887.523 1845896.198 1951949.447 2037250.019 2298450.640 2591308.559 2748970.996 3002517.385 3292507.736 3357451.100 3832696.149 4086878.837 4277352.741 6338017.255 323554198.2
