years
 1991 1992 1993 1994 1995 1996 1997 1998 1999 2000 2001 2002 2003 2004 2005 2006 2007 2008 2009 2010 2011 2012 2013 2014 2015 2016 2017 2018 2019 2020 2021
reclasobs
 0 0 0 0 0 0 0 0 0 252601 567819 844713 477998 351125 339783 2.1784e+06 2.13404e+06 4.81314e+06 1.55562e+06 2.62356e+06 3.21686e+06 3.843e+06 1.13348e+06 3.07943e+06 1.97215e+06 2.03268e+06 2.025e+06 2.42433e+06 2.27542e+06 1.05018e+06 2.36338e+06
reclaspred
 1.90907e+06 1.12856e+06 490639 248108 41722.9 1.02967e+06 371267 101698 426165 158060 216921 554062 423365 288169 210569 1.17648e+06 772953 4.16559e+06 2.70389e+06 1.02528e+06 2.31407e+06 2.25265e+06 1.29857e+06 2.7889e+06 1.73464e+06 920983 1.55983e+06 2.37731e+06 1.72888e+06 667940 907837
pelacesobs
 0 0 0 0 0 0 0 0 0 0 0 0 0 0 0 552880 188675 0 991730 2.46772e+06 1.41603e+06 1.21717e+06 2.29649e+06 1.80582e+06 0 1.4828e+06 1.56532e+06 1.57751e+06 1.42118e+06 867257 1.10002e+06
pelacespred
 588655 470890 223616 85337.8 10159.8 457123 122806 43706.3 181542 54536.4 97395 213342 168743 115982 83302.3 449932 295620 2.00627e+06 1.26927e+06 491186 1.02566e+06 979466 569463 1.42026e+06 854555 447343 858522 1.26342e+06 770735 358358 435470
mphobs
 0 0 0 0 0 0 0 0 0 0 0 498337 0 5186 125008 0 168611 109162 213762 579715 649985 157893 87575 83554 0 0 0 0 0 0 0
mphpred
 305093 1.21754e+06 588480 187307 73933 9814.72 539363 127743 43037.7 212116 48118.4 138978 304132 169607 85665.8 81997.5 749984 434500 2.58499e+06 1.32165e+06 623243 1.20983e+06 1.33484e+06 777251 1.59e+06 975752 463955 805731 1.65927e+06 891198 305393
desembarqueobs
 494567 514787 250237 358949 120608 361735 552515 73892 212993 205616 52469 317467 293654 387597 252695 516296 358380 742168 942051 627588 828172 859565 418607 520667 417249 300574 415391 372974 316634 284311 391294
desembarquepred
 494290 518709 247769 358242 120442 361465 551608 73848.6 212799 205354 52447.8 317146 293277 386822 252332 515847 358175 741727 940754 626344 827484 858652 418294 520385 416898 300273 415087 372752 316421 284025 390990
Reclutas
 533588 1816.98 5817.62 84380.8 1974.61 309665 2178.85 587.181 76989.2 2743.83 60378.9 185567 64530.1 68446 48494.9 446899 5711.93 1.16235e+06 164960 33243.4 473663 604135 6294.32 392858 153655 19621.6 268578 372344 12834.9 5079.12 162359
log_desv_Rt
 2.42903 -3.25342 -2.0897 0.584745 -3.17022 1.8849 -3.0718 -4.38302 0.493071 -2.84124 0.250045 1.37282 0.316536 0.375451 0.0308634 2.25174 -2.10804 3.2076 1.25511 -0.346737 2.3099 2.5532 -2.01095 2.12285 1.18411 -0.873964 1.74255 2.06922 -1.29843 -2.22546 1.23922
SSB
 305093 1.21754e+06 588480 187307 73933 9814.72 539363 127743 43037.7 212116 48118.4 138978 304132 169607 85665.8 81997.5 749984 434500 2.58499e+06 1.32165e+06 623243 1.20983e+06 1.33484e+06 777251 1.59e+06 975752 463955 805731 1.65927e+06 891198 305393
BT
 1.65436e+06 1.53416e+06 753067 531177 125083 1.37474e+06 775160 171852 609132 308912 270110 753934 647653 672643 445017 1.44415e+06 965861 5.29104e+06 3.80825e+06 1.78566e+06 3.09592e+06 3.0185e+06 1.67587e+06 3.76919e+06 2.36672e+06 1.32049e+06 2.42198e+06 3.27888e+06 2.04045e+06 1.13876e+06 1.39083e+06
Ftot
 0.268509 0.423192 0.463581 1.2761 2.0347 0.36775 1.2209 0.651975 0.511126 1.09457 0.251231 0.570432 0.649488 1.20692 1.11176 0.452546 0.427636 0.187437 0.329813 0.558334 0.361778 0.377554 0.301136 0.192254 0.232134 0.307266 0.273227 0.161908 0.17336 0.39396 0.434806
BD_Bspro_t
 0.957948 0.733528 0.478547 0.269146 0.134579 0.0304586 0.505043 0.175172 0.099238 0.365119 0.161054 0.472115 0.47743 0.296992 0.172394 0.17416 0.525924 0.391691 0.726921 0.54501 0.345663 0.500562 0.542752 0.447542 0.645589 0.590177 0.486294 0.640219 0.759267 0.632714 0.433787
BD_Bspro
 0.907737 3.62251 1.75089 0.557291 0.219971 0.0292015 1.60476 0.380072 0.128049 0.631104 0.143166 0.413498 0.904877 0.504629 0.25488 0.243966 2.23141 1.29276 7.69107 3.93228 1.85432 3.5996 3.97152 2.31254 4.73071 2.90313 1.38039 2.39728 4.9368 2.65156 0.908629
BD_Bo
 0.185898 0.741864 0.358571 0.114129 0.0450486 0.00598027 0.328643 0.0778361 0.0262235 0.129246 0.0293193 0.0846815 0.185312 0.103344 0.0521976 0.0499624 0.456978 0.264748 1.57508 0.805302 0.379752 0.737172 0.813339 0.473592 0.968815 0.594541 0.282695 0.490945 1.01102 0.543021 0.186081
BD_Brms
 1.29511 5.16838 2.49807 0.795111 0.313843 0.0416631 2.28957 0.542265 0.182693 0.900423 0.20426 0.589955 1.29103 0.719975 0.363648 0.348076 3.18365 1.84443 10.9732 5.61034 2.64564 5.1357 5.66634 3.2994 6.7495 4.14202 1.96947 3.42029 7.04354 3.7831 1.29638
Sel_flota
 0.887082 1 1 1 1
 0.887082 1 1 1 1
 0.887082 1 1 1 1
 0.887082 1 1 1 1
 0.887082 1 1 1 1
 0.887082 1 1 1 1
 0.887082 1 1 1 1
 0.887082 1 1 1 1
 0.887082 1 1 1 1
 0.887082 1 1 1 1
 0.887082 1 1 1 1
 0.887082 1 1 1 1
 0.887082 1 1 1 1
 0.887082 1 1 1 1
 0.887082 1 1 1 1
 0.887082 1 1 1 1
 0.887082 1 1 1 1
 0.887082 1 1 1 1
 0.887082 1 1 1 1
 0.887082 1 1 1 1
 0.887082 1 1 1 1
 0.887082 1 1 1 1
 0.887082 1 1 1 1
 0.887082 1 1 1 1
 0.887082 1 1 1 1
 0.887082 1 1 1 1
 0.887082 1 1 1 1
 0.887082 1 1 1 1
 0.887082 1 1 1 1
 0.887082 1 1 1 1
 0.887082 1 1 1 1
Sel_reclas
 1 1 1 1 1
 1 1 1 1 1
 1 1 1 1 1
 1 1 1 1 1
 1 1 1 1 1
 1 1 1 1 1
 1 1 1 1 1
 1 1 1 1 1
 1 1 1 1 1
 1 1 1 1 1
 1 1 1 1 1
 1 1 1 1 1
 1 1 1 1 1
 1 1 1 1 1
 1 1 1 1 1
 1 1 1 1 1
 1 1 1 1 1
 1 1 1 1 1
 1 1 1 1 1
 1 1 1 1 1
 1 1 1 1 1
 1 1 1 1 1
 1 1 1 1 1
 1 1 1 1 1
 1 1 1 1 1
 1 1 1 1 1
 1 1 1 1 1
 1 1 1 1 1
 1 1 1 1 1
 1 1 1 1 1
 1 1 1 1 1
Sel_pelaces
 1 1 1 1 1
 1 1 1 1 1
 1 1 1 1 1
 1 1 1 1 1
 1 1 1 1 1
 1 1 1 1 1
 1 1 1 1 1
 1 1 1 1 1
 1 1 1 1 1
 1 1 1 1 1
 1 1 1 1 1
 1 1 1 1 1
 1 1 1 1 1
 1 1 1 1 1
 1 1 1 1 1
 1 1 1 1 1
 1 1 1 1 1
 1 1 1 1 1
 1 1 1 1 1
 1 1 1 1 1
 1 1 1 1 1
 1 1 1 1 1
 1 1 1 1 1
 1 1 1 1 1
 1 1 1 1 1
 1 1 1 1 1
 1 1 1 1 1
 1 1 1 1 1
 1 1 1 1 1
 1 1 1 1 1
 1 1 1 1 1
pf_obs 
 0.8446 0.082 0.0669 0.0065 0
 0.8095 0.147 0.0364 0.0071 0
 0.9664 0.0169 0.016 0.0007 0
 0.9276 0.0648 0.0075 0.0001 0
 0.7033 0.2144 0.0806 0.0017 0
 0.9318 0.0425 0.0243 0.0014 0
 0.5671 0.3108 0.0964 0.0239 0.0018
 0.0768 0.2599 0.5324 0.112 0.0189
 0.490249 0.384438 0.106611 0.0170017 0.00170017
 0.7925 0.1577 0.0466 0.003 0.0002
 0.840416 0.127587 0.0312969 0.00059994 9.999e-05
 0.8084 0.0986 0.0794 0.0134 0.0002
 0.7335 0.1905 0.0724 0.0035 0.0001
 0.4001 0.4547 0.1325 0.0127 0
 0.49795 0.308269 0.164784 0.0264974 0.00249975
 0.9179 0.0499 0.0305 0.0017 0
 0.2467 0.6533 0.0926 0.0074 0
 0.9418 0.0223 0.034 0.0019 0
 0.707729 0.231977 0.0356964 0.0245975 0
 0.517169 0.277429 0.184464 0.0207286 0.00020938
 0.811772 0.124168 0.05621 0.00726502 0.000585176
 0.764997 0.148141 0.077277 0.00933861 0.000247198
 0.163321 0.427699 0.378323 0.0303852 0.000271297
 0.753843 0.0900009 0.118128 0.0371064 0.000921714
 0.721811 0.176058 0.0630433 0.0369309 0.00215725
 0.143369 0.312575 0.442814 0.0836902 0.0175525
 0.692698 0.0596174 0.167031 0.0765114 0.00414204
 0.394062 0.376323 0.152708 0.0712218 0.00568511
 0.125707 0.32114 0.495352 0.0537591 0.00404204
 0.23352 0.215282 0.420074 0.123614 0.00750983
 0.774587 0.0839891 0.0768558 0.0609784 0.00358967
pf_pred 
 0.942763 0.0419526 0.0136639 0.0016199 1.65514e-07
 0.00998031 0.940295 0.0364468 0.0118707 0.00140745
 0.117096 0.0102122 0.82886 0.0321275 0.0117045
 0.880967 0.0159212 0.00119266 0.0968006 0.00511904
 0.144243 0.77177 0.0112336 0.00084151 0.0719121
 0.997666 0.000426961 0.00171969 2.50313e-05 0.000162113
 0.0239774 0.974052 0.00036055 0.00145221 0.000158035
 0.0549286 0.027847 0.915372 0.00033883 0.00151324
 0.97369 0.0016896 0.00072546 0.0238469 4.82493e-05
 0.121169 0.858965 0.00127579 0.000547786 0.0180429
 0.953372 0.00672766 0.0389988 5.79237e-05 0.000844059
 0.900993 0.0949567 0.000584376 0.0033875 7.83477e-05
 0.566509 0.396374 0.0355987 0.000219079 0.00129933
 0.742899 0.15599 0.0924542 0.0083034 0.000354168
 0.802468 0.154278 0.0262433 0.0155543 0.00145653
 0.980617 0.0161388 0.00253359 0.000430972 0.000279354
 0.0440945 0.939935 0.0132979 0.0020876 0.000585289
 0.973523 0.00134608 0.0247108 0.000349602 7.02702e-05
 0.285994 0.697392 0.000844674 0.0155062 0.000263472
 0.174003 0.26096 0.551889 0.000668443 0.0124795
 0.919006 0.0160417 0.0205204 0.0433975 0.00103388
 0.800202 0.185641 0.00280397 0.00358682 0.00776626
 0.0284431 0.799104 0.160233 0.00242021 0.00979924
 0.866008 0.00436672 0.106616 0.0213783 0.00163032
 0.498858 0.441345 0.00194874 0.0475798 0.0102681
 0.169656 0.442318 0.341727 0.00150888 0.0447907
 0.893121 0.0203521 0.0460922 0.03561 0.0048247
 0.795358 0.18533 0.00367739 0.00832833 0.00730608
 0.073136 0.756144 0.154609 0.00306781 0.0130428
 0.0854933 0.0755042 0.684466 0.139953 0.0145834
 0.915871 0.00822011 0.00626727 0.0568145 0.0128274
pobs_RECLAS
 0 0 0 0 0
 0 0 0 0 0
 0 0 0 0 0
 0 0 0 0 0
 0 0 0 0 0
 0 0 0 0 0
 0 0 0 0 0
 0 0 0 0 0
 0 0 0 0 0
 0 0 0 0 0
 0.991045 0.00858322 0.000360255 1.14367e-05 0
 0.934742 0.0480273 0.0164251 0.00080598 0
 0.827803 0.169806 0.00239088 0 0
 0.941827 0.0461693 0.0120037 0 0
 0.791401 0.0380133 0.147996 0.0225897 0
 0.846168 0.0940531 0.0597789 0 0
 0.134021 0.677848 0.182769 0.00536245 0
 0.80878 0.0450904 0.141981 0.00414843 0
 0.846168 0.0940531 0.0597789 0 0
 0.905697 0.0802665 0.012482 0.00150086 5.37128e-05
 0.989698 0.0102097 9.19794e-05 0 0
 0.975433 0.0193895 0.00387452 0.00125025 5.28907e-05
 0.303575 0.632131 0.0575291 0.00676475 0
 0.966965 0.00978017 0.0227588 0.000495775 0
 0.843318 0.132988 0.00938335 0.0141283 0.000182051
 0.564624 0.303363 0.111486 0.0197234 0.00080311
 0.826376 0.0876187 0.0782897 0.00655872 0.00115652
 0.89761 0.0855135 0.0140674 0.00269457 0.000114338
 0.34875 0.467042 0.161289 0.0227151 0.000203297
 0.318654 0.224769 0.449479 0.00709798 0
 0.937255 0.0296025 0.0250945 0.00804832 0
ppred_RECLAS
 0.949046 0.0373479 0.0121642 0.0014421 1.47347e-07
 0.0112966 0.939045 0.0363984 0.0118549 0.00140558
 0.13075 0.0100542 0.816041 0.0316306 0.0115235
 0.895292 0.0140051 0.00104912 0.0851508 0.00450297
 0.166396 0.751791 0.0109428 0.000819725 0.0700505
 0.997939 0.000377142 0.00151904 2.21105e-05 0.000143197
 0.027557 0.970479 0.000359228 0.00144688 0.000157456
 0.0620414 0.0276375 0.908483 0.00033628 0.00150185
 0.976748 0.00149321 0.000641137 0.0210751 4.26411e-05
 0.136819 0.843668 0.00125307 0.000538031 0.0177216
 0.958531 0.0059832 0.0346833 5.15141e-05 0.000750658
 0.911821 0.0845718 0.000520466 0.00301703 6.97793e-05
 0.597941 0.367633 0.0330175 0.000203194 0.00120511
 0.769151 0.140062 0.0830137 0.00745554 0.000318004
 0.823709 0.137689 0.0234213 0.0138817 0.00129991
 0.982868 0.0142652 0.00223945 0.000380939 0.000246923
 0.0496876 0.934435 0.0132201 0.00207539 0.000581864
 0.976489 0.0011953 0.0219428 0.00031044 6.23986e-05
 0.311923 0.672066 0.000814 0.0149431 0.000253904
 0.193103 0.254926 0.539128 0.000652986 0.0121909
 0.927787 0.0143027 0.0182959 0.0386929 0.000921802
 0.819365 0.167836 0.00253503 0.0032428 0.00702138
 0.0320577 0.796131 0.159637 0.0024112 0.00976279
 0.879534 0.00392593 0.0958542 0.0192203 0.00146575
 0.529428 0.414423 0.00182987 0.0446774 0.00964173
 0.187762 0.432673 0.334275 0.00147598 0.0438141
 0.904304 0.0182225 0.0412693 0.0318839 0.00431986
 0.814432 0.168056 0.00333464 0.0075521 0.00662512
 0.0818244 0.749056 0.15316 0.00303906 0.0129205
 0.0957646 0.0746562 0.676779 0.138381 0.0144196
 0.925043 0.00732391 0.00558398 0.0506203 0.0114289
pobs_PELACES
 0 0 0 0 0
 0 0 0 0 0
 0 0 0 0 0
 0 0 0 0 0
 0 0 0 0 0
 0 0 0 0 0
 0 0 0 0 0
 0 0 0 0 0
 0 0 0 0 0
 0 0 0 0 0
 0 0 0 0 0
 0 0 0 0 0
 0 0 0 0 0
 0 0 0 0 0
 0 0 0 0 0
 0 0 0 0 0
 0.505614 0.472636 0.0217494 0 0
 0 0 0 0 0
 0.443492 0.261883 0.143347 0.151278 0
 0.227955 0.32914 0.350689 0.0885471 0.00366901
 0.970185 0.0296113 0.000203453 0 0
 0.997202 0.00247181 0.000326279 0 0
 0.445219 0.490057 0.0546422 0.010081 0
 0.90214 0.0892962 0.00764917 0.000914606 0
 0 0 0 0 0
 0.581667 0.319106 0.0959925 0.00289975 0.000334073
 0.762889 0.0836404 0.116647 0.0363945 0.000428098
 0.88444 0.0763242 0.0277011 0.0115352 0
 0.521256 0.241999 0.230069 0.00667565 0
 0.616807 0.101726 0.260614 0.0208532 0
 0.833518 0.0704572 0.0857862 0.0102388 0
ppred_PELACES
 0.949527 0.0369949 0.0120492 0.00142847 1.45954e-07
 0.0114741 0.938876 0.0363918 0.0118528 0.00140533
 0.132726 0.0100314 0.814186 0.0315587 0.0114973
 0.899667 0.01342 0.00100529 0.0815933 0.00431484
 0.17718 0.742065 0.0108012 0.000809121 0.0691442
 0.997967 0.000372019 0.0014984 2.18102e-05 0.000141252
 0.0288027 0.969236 0.000358768 0.00144503 0.000157254
 0.0634702 0.0275954 0.907099 0.000335767 0.00149956
 0.977177 0.00146568 0.000629317 0.0206866 4.1855e-05
 0.141707 0.83889 0.00124598 0.000534984 0.0176213
 0.958902 0.00592974 0.0343734 5.10538e-05 0.00074395
 0.913515 0.082947 0.000510467 0.00295907 6.84386e-05
 0.603745 0.362326 0.0325408 0.000200261 0.00118772
 0.77704 0.135275 0.080177 0.00720077 0.000307138
 0.829644 0.133053 0.0226328 0.0134143 0.00125614
 0.983149 0.0140307 0.00220263 0.000374676 0.000242863
 0.0504455 0.93369 0.0132096 0.00207373 0.0005814
 0.976649 0.00118717 0.0217936 0.00030833 6.19744e-05
 0.314567 0.669484 0.000810872 0.0148857 0.000252928
 0.196365 0.253895 0.536948 0.000650346 0.0121416
 0.928685 0.0141248 0.0180684 0.0382118 0.000910339
 0.821438 0.16591 0.00250594 0.00320558 0.00694081
 0.0324077 0.795843 0.159579 0.00241033 0.00975926
 0.880291 0.00390126 0.0952519 0.0190995 0.00145654
 0.531583 0.412525 0.00182149 0.0444729 0.00959758
 0.189514 0.43174 0.333554 0.00147279 0.0437195
 0.905182 0.0180554 0.0408909 0.0315915 0.00428025
 0.815342 0.167232 0.00331829 0.00751506 0.00659263
 0.0823111 0.748659 0.153079 0.00303744 0.0129137
 0.0970434 0.0745506 0.675821 0.138185 0.0143992
 0.926159 0.00721489 0.00550086 0.0498668 0.0112587
pobs_pel_tallas
 0 0 0 0 0 0 0 0 0 0 0 0 0 0 0 0 0 0 0 0 0 0 0 0 0 0
 0 0 0 0 0 0 0 0 0 0 0 0 0 0 0 0 0 0 0 0 0 0 0 0 0 0
 0 0 0 0 0 0 0 0 0 0 0 0 0 0 0 0 0 0 0 0 0 0 0 0 0 0
 0 0 0 0 0 0 0 0 0 0 0 0 0 0 0 0 0 0 0 0 0 0 0 0 0 0
 0 0 0 0 0 0 0 0 0 0 0 0 0 0 0 0 0 0 0 0 0 0 0 0 0 0
 0 0 0 0 0 0 0 0 0 0 0 0 0 0 0 0 0 0 0 0 0 0 0 0 0 0
 0 0 0 0 0 0 0 0 0 0 0 0 0 0 0 0 0 0 0 0 0 0 0 0 0 0
 0 0 0 0 0 0 0 0 0 0 0 0 0 0 0 0 0 0 0 0 0 0 0 0 0 0
 0 0 0 0 0 0 0 0 0 0 0 0 0 0 0 0 0 0 0 0 0 0 0 0 0 0
 0 0 0 0 0 0 0 0 0 0 0 0 0 0 0 0 0 0 0 0 0 0 0 0 0 0
 0 0 0 0 0 0 0 0 0 0 0 0 0 0 0 0 0 0 0 0 0 0 0 0 0 0
 0 0 0 0 0 0 0 0 0 0 0 0 0 0 0 0 0 0 0 0 0 0 0 0 0 0
 0.00862536 0 0 0.000197151 0.00414017 0.0128641 0.00837892 0.0270097 0.101434 0.158115 0.152841 0.127902 0.109271 0.109419 0.0830992 0.0579132 0.0238553 0.00714673 0.00463305 0.00128148 0.00103504 0.000492878 0.000147863 0.000147863 4.92878e-05 0
 0 0 0 0 0 0 0 0 0 0 0 0 0 0 0 0 0 0 0 0 0 0 0 0 0 0
 0 0 0 0 0 0 0 0.0054083 0.00873648 0.0413646 0.0450493 0.0745869 0.0622846 0.0627006 0.0613931 0.0827291 0.12552 0.122667 0.0946155 0.0697135 0.0546179 0.0294188 0.0215738 0.0213955 0.0102223 0.00600262
 0 0 0 0 0.00359764 0.0251062 0.0480494 0.140153 0.205849 0.193036 0.1447 0.116669 0.0760912 0.0342217 0.00950174 0.001854 0.000860785 0 0 0 0.000165536 0 0.000143464 0 0 0
 0 0 0 0 0 0 0 0.000145254 0.000435761 0.0275982 0.070085 0.0708112 0.156366 0.174668 0.174014 0.160142 0.0824315 0.0480064 0.0283245 0.00493863 0.00203355 0 0 0 0 0
 0 0 0 0 0 0 0 0 0 0 0 0 0 0 0 0 0 0 0 0 0 0 0 0 0 0
 0 0 1.00437e-05 0.000401748 0.00122533 0.00171747 0.00176769 0.0269171 0.070346 0.194647 0.189555 0.159765 0.064822 0.0314167 0.0384472 0.0292271 0.0345202 0.0313363 0.0194345 0.0106764 0.0143323 0.0359363 0.0279516 0.0138201 0.00172751 0
 0 0.0021121 0.0136068 0.0755702 0.200478 0.177729 0.0527432 0.0373336 0.0318909 0.0142505 0.0149659 0.0166563 0.0217959 0.0798694 0.0677717 0.0528807 0.04013 0.0224614 0.0357745 0.0225083 0.00881397 0.00855152 0.00135912 0.000746735 0 0
 0 0 0 0 5.4009e-05 0.00500934 0.000945158 0.0243581 0.138947 0.33067 0.221406 0.137944 0.0707744 0.0437923 0.0131692 0.00525238 0.0047753 0.00276346 9.45158e-05 9.00151e-06 2.25038e-05 9.00151e-06 4.50075e-06 0 0 0
 0.000866109 0.00284123 0.00948549 0.0512746 0.133035 0.25785 0.225252 0.132002 0.0553304 0.0519788 0.0540692 0.017754 0.00435017 0.00159236 0.00146478 0.000404838 0.000125132 0.000115318 0.000107957 0.000100596 0 0 0 0 0 0
 0 0 0 0 0.00144013 0.00171154 0.00461396 0.0210425 0.0478622 0.0707936 0.0888783 0.103762 0.0637923 0.0337046 0.0602308 0.124433 0.169614 0.0934646 0.0462172 0.0250306 0.0313229 0.00938855 0.002487 0.000210481 0 0
 0 0.00764035 0.051015 0.0998891 0.058973 0.0496711 0.0374665 0.0718981 0.12319 0.153886 0.159021 0.0857701 0.0377988 0.023471 0.0147837 0.00900784 0.00315554 0.000888139 0.00291439 0.00214683 0.00393193 0.00274676 0.000635225 9.99891e-05 0 0
 0 0 0 0 0 0 0 0 0 0 0 0 0 0 0 0 0 0 0 0 0 0 0 0 0 0
 0 0 0 0 0 0 0 0 0 0 0 0 0 0 0 0 0 0 0 0 0 0 0 0 0 0
 0 0 0 0 0 0 0 0 0 0 0 0 0 0 0 0 0 0 0 0 0 0 0 0 0 0
 0 0 0 0 0 0 0 0 0 0 0 0 0 0 0 0 0 0 0 0 0 0 0 0 0 0
 0 0 0 0 0 0 0 0 0 0 0 0 0 0 0 0 0 0 0 0 0 0 0 0 0 0
 0 0 0 0 0 0 0 0 0 0 0 0 0 0 0 0 0 0 0 0 0 0 0 0 0 0
 0 0 0 0 0 0 0 0 0 0 0 0 0 0 0 0 0 0 0 0 0 0 0 0 0 0
ppred_pel_tallas
 1.00501e-16 7.82113e-05 0.000760242 0.00505207 0.022966 0.0714558 0.152244 0.222206 0.222209 0.152262 0.0715145 0.0231357 0.00547864 0.0016931 0.00185471 0.00295494 0.00427804 0.00543934 0.00610216 0.00610804 0.00555899 0.00473328 0.00390458 0.0032104 0.00264745 0.00215319
 1.02717e-16 9.45299e-07 9.18873e-06 6.10668e-05 0.000277656 0.000864376 0.00184498 0.00271174 0.00280208 0.00228631 0.00234577 0.00455438 0.0107886 0.023402 0.0443534 0.0731275 0.104883 0.130925 0.142391 0.135197 0.112529 0.0828055 0.0548121 0.0337433 0.0204 0.0128853
 1.28609e-16 1.09325e-05 0.000106268 0.000706185 0.00321022 0.00998819 0.021281 0.0310606 0.0310629 0.0212925 0.0100305 0.00334857 0.00111425 0.00119789 0.00267132 0.00592679 0.0120856 0.0225694 0.0385553 0.0601519 0.0855604 0.1108 0.130513 0.139789 0.136183 0.120784
 1.08946e-16 7.41044e-05 0.000720321 0.00478678 0.02176 0.0677035 0.14425 0.210537 0.210538 0.144256 0.0677254 0.0218236 0.0049481 0.00107905 0.000776304 0.00122592 0.00191346 0.00276833 0.00381886 0.00518852 0.00706589 0.00958228 0.0126519 0.0158839 0.0186471 0.0202763
 1.12284e-16 1.45943e-05 0.000141862 0.000942724 0.00428553 0.0133343 0.0284127 0.0414841 0.0415555 0.0287614 0.0145048 0.00766458 0.009418 0.0186218 0.0350485 0.0577581 0.0828339 0.103421 0.112586 0.107236 0.0900872 0.0680072 0.0480779 0.0343479 0.0271221 0.024331
 1.0007e-16 8.22012e-05 0.000799025 0.0053098 0.0241376 0.075101 0.160011 0.23354 0.23354 0.160011 0.0751016 0.0241394 0.00531459 0.000809838 0.000103789 4.42081e-05 6.20172e-05 9.09319e-05 0.000124914 0.000162559 0.000202012 0.000239402 0.000268367 0.000281763 0.000274962 0.000248471
 1.0043e-16 2.37264e-06 2.3063e-05 0.000153266 0.000696783 0.00216845 0.00462356 0.00676776 0.00686095 0.00507883 0.00369646 0.00510729 0.0112133 0.0241311 0.0456812 0.0752369 0.107725 0.134087 0.145095 0.136506 0.111675 0.0794766 0.0492538 0.02665 0.0126798 0.0054099
 1.26472e-16 5.22797e-06 5.08177e-05 0.000337702 0.00153515 0.00477643 0.0101768 0.0148542 0.0148583 0.0101973 0.00484914 0.00176284 0.000975839 0.00166359 0.00370973 0.00779105 0.0150849 0.0269695 0.0445164 0.0676752 0.0944136 0.120424 0.139984 0.147947 0.14194 0.123502
 1.02101e-16 8.04887e-05 0.000782379 0.00519918 0.0236347 0.0735364 0.156677 0.228675 0.228675 0.156678 0.0735389 0.0236421 0.00521806 0.000825362 0.000167726 0.000165786 0.000271712 0.000435968 0.000679233 0.00103874 0.0015521 0.00223104 0.00303271 0.00384779 0.00451995 0.00489442
 1.03287e-16 1.16724e-05 0.00011346 0.000753987 0.00342757 0.0106649 0.0227256 0.0331856 0.0332662 0.0231197 0.0119875 0.0072453 0.0103279 0.0209831 0.039558 0.0651465 0.0933025 0.116197 0.125872 0.118693 0.0976039 0.0703138 0.044904 0.0262036 0.0149805 0.00941389
 1.01125e-16 7.89835e-05 0.000767747 0.00510195 0.0231927 0.0721612 0.153747 0.224399 0.224399 0.15375 0.0721717 0.0232236 0.00518191 0.000950467 0.000449895 0.000680836 0.00111703 0.00170288 0.00242891 0.00327324 0.00417751 0.00502446 0.00564427 0.00586804 0.00560635 0.00490141
 1.00345e-16 7.5245e-05 0.000731409 0.00486047 0.022095 0.0687457 0.14647 0.213779 0.213787 0.146509 0.0688765 0.0224726 0.00580742 0.00279587 0.00398799 0.00645289 0.00923959 0.0115175 0.0124985 0.0118253 0.00978882 0.0071463 0.00468695 0.00287513 0.00177465 0.00119954
 1.01253e-16 4.97298e-05 0.000483391 0.00321231 0.0146027 0.0454346 0.0968045 0.141296 0.141331 0.096975 0.0460069 0.0162551 0.00735843 0.00952878 0.0172118 0.0283314 0.0407017 0.0509564 0.055692 0.0533263 0.0450395 0.0339882 0.0234521 0.0153498 0.00997046 0.00664138
 1.03123e-16 6.40038e-05 0.000622139 0.00413434 0.0187941 0.0584755 0.124589 0.181844 0.181857 0.124653 0.0586914 0.0194189 0.00570719 0.00407071 0.00665734 0.0110187 0.0161311 0.0208337 0.0239659 0.0249565 0.0240976 0.0222259 0.0200985 0.0179952 0.0157922 0.0133073
 1.02246e-16 6.83367e-05 0.000664257 0.00441422 0.0200664 0.0624342 0.133023 0.194154 0.194167 0.133086 0.0626447 0.0206748 0.00594185 0.00400073 0.0064099 0.0105023 0.0151552 0.0191304 0.0212169 0.0208643 0.0185049 0.0152465 0.0121887 0.00989778 0.00834575 0.00719889
 1.00146e-16 8.09807e-05 0.000787161 0.00523096 0.0237792 0.0739859 0.157635 0.230073 0.230074 0.157641 0.0740081 0.0238433 0.0053919 0.00113853 0.000748449 0.00110953 0.00159128 0.00200254 0.00220915 0.00215088 0.0018723 0.0014913 0.0011277 0.000847676 0.000655894 0.00052353
 1.00927e-16 4.15532e-06 4.03913e-05 0.000268419 0.00122025 0.00379712 0.00809349 0.0118315 0.0119213 0.00853217 0.00526951 0.00547048 0.0109275 0.0232776 0.0440426 0.0725598 0.103949 0.129508 0.140367 0.132442 0.108938 0.0783384 0.0495584 0.0279539 0.0144602 0.00722916
 1.00671e-16 8.04453e-05 0.000781957 0.00519638 0.023622 0.0734967 0.156593 0.228551 0.228552 0.156593 0.0734993 0.0236298 0.00521772 0.000833832 0.000194403 0.000234165 0.000422483 0.000723805 0.00115463 0.00171189 0.00234913 0.00296772 0.00343447 0.00362704 0.00348657 0.00304651
 1.01731e-16 2.59106e-05 0.00025186 0.0016737 0.00760845 0.023673 0.0504403 0.0736326 0.073697 0.0507548 0.0247286 0.0106554 0.00931477 0.0169086 0.0315905 0.0520025 0.0744845 0.0927792 0.100539 0.0948615 0.0780866 0.0563425 0.0360437 0.0210079 0.0118288 0.00706827
 1.1768e-16 1.61744e-05 0.000157221 0.00104479 0.00474947 0.0147775 0.031486 0.04596 0.0459852 0.0316097 0.0151951 0.00596545 0.00413395 0.00702261 0.0134103 0.0230675 0.0353679 0.0489086 0.0620805 0.0738393 0.0838327 0.0917069 0.0963647 0.096108 0.0897085 0.0775022
 1.04512e-16 7.64945e-05 0.000743554 0.00494118 0.0224619 0.0698872 0.148902 0.217327 0.217329 0.148909 0.0699104 0.0225293 0.0051124 0.00112433 0.000820896 0.00129369 0.00199702 0.00282176 0.00372796 0.00473771 0.00592234 0.00732455 0.0088637 0.0103031 0.0113161 0.0116169
 1.01611e-16 6.76608e-05 0.000657687 0.00437056 0.0198679 0.0618167 0.131708 0.192234 0.19225 0.131785 0.0620783 0.0206234 0.0062653 0.0047889 0.00789898 0.0129137 0.0185088 0.0230955 0.025111 0.0238508 0.0199056 0.014795 0.0100944 0.00671789 0.0047658 0.00382853
 1.06702e-16 2.66955e-06 2.5949e-05 0.000172444 0.000783953 0.00243958 0.00520062 0.00760655 0.00768332 0.00557577 0.00369941 0.00442356 0.00931129 0.0199857 0.0379374 0.0627838 0.0905993 0.114244 0.126395 0.123603 0.108274 0.086912 0.0661341 0.0496065 0.0376713 0.0289292
 1.04912e-16 7.25084e-05 0.000704807 0.00468369 0.0212914 0.0662454 0.141143 0.206002 0.206003 0.141146 0.0662548 0.0213204 0.004764 0.000904758 0.000524621 0.000941822 0.00179217 0.00318003 0.00524167 0.00801051 0.0113111 0.0147038 0.017549 0.0192026 0.0192648 0.0177427
 1.06243e-16 4.37859e-05 0.000425614 0.00282836 0.0128573 0.0400041 0.0852345 0.124411 0.12445 0.0854284 0.0406549 0.0147361 0.00754093 0.0107022 0.0195296 0.0321379 0.0461146 0.0576408 0.062887 0.0601611 0.050983 0.039142 0.0284913 0.0211519 0.0171589 0.0152847
 1.17283e-16 1.56101e-05 0.000151736 0.00100834 0.0045838 0.0142621 0.0303885 0.0443617 0.0444038 0.0305941 0.0149537 0.00658668 0.00605619 0.0112385 0.0212681 0.0356483 0.0525432 0.0685551 0.0801373 0.0855249 0.0855387 0.0825351 0.0784714 0.0737737 0.0677279 0.0596715
 1.05078e-16 7.45586e-05 0.000724737 0.00481613 0.0218934 0.0681186 0.145134 0.211828 0.211829 0.145143 0.0681486 0.0219811 0.0050399 0.00122527 0.00106103 0.0017315 0.00271473 0.00390242 0.00524415 0.00674012 0.00841913 0.0102508 0.0120586 0.0135215 0.014285 0.014115
 1.02008e-16 6.71587e-05 0.000652806 0.00433813 0.0197205 0.0613579 0.13073 0.190808 0.190824 0.130809 0.0616217 0.0204822 0.00624863 0.00481891 0.00796622 0.0130298 0.0186863 0.0233418 0.0254297 0.0242479 0.020396 0.0154015 0.0108359 0.00759382 0.00574442 0.00484828
 1.07099e-16 6.78001e-06 6.59042e-05 0.00043796 0.00199095 0.00619496 0.0132017 0.0192834 0.0193556 0.0135546 0.00738022 0.00541518 0.00903631 0.0188462 0.0357027 0.0590866 0.0852827 0.107581 0.119105 0.11662 0.102393 0.0825343 0.0632471 0.0479472 0.0369187 0.0288118
 1.35817e-16 7.99335e-06 7.76983e-05 0.000516333 0.00234718 0.00730298 0.0155601 0.0227121 0.0227204 0.015601 0.00744339 0.00276657 0.00162141 0.0026636 0.00542875 0.0102956 0.0179486 0.0291028 0.0443212 0.0636517 0.0860261 0.108763 0.127768 0.138718 0.13878 0.127855
 1.07067e-16 7.62865e-05 0.000741532 0.00492774 0.0224008 0.0696972 0.148497 0.216736 0.216737 0.148501 0.0697091 0.0224358 0.00501728 0.00094268 0.000476094 0.00071642 0.001152 0.00174208 0.00253314 0.00362484 0.00513897 0.00713804 0.00952746 0.0120076 0.0141228 0.0154012
pSPR Fmed_Fpbrs
0.440366   0.193539 0.193539
Fs Fmed_Fpbrs
0.446397   1.005 1.005
SSBpbr Bo_Bmed_Bpbrs
1.64118e+06  640662  235574 235574
Ro
47021
SPR SPRFo_SPRFmed_SPRFpbrs
336103 148008 65048.9
Fref
1.005
Nvult_r0
 121746 1003.65 765.214 6936.87 1566.18
CTP_r0
 33887.6 304.148 231.892 2102.16 474.619
YTP_r0
390990
Np
 142067 40613.6 313.755 239.217 2685.03
Nvult_p0
 120638 35144.5 271.505 207.004 2323.47
CTP_p0
 56859.4 17616.1 136.091 103.76 1164.63
YTP_p0
 757394
CBA_c0
500911
log_Ro
10.5784
likeval ReclasPelacesDesembMPH_pf_preclas_ppelaces_ptallas_desvR_qrecl_qpela
 36.4222 49.5802 0.957446 0.00207536 365.986 148.933 134.579 0 185.431 0 0 4.27639 0 0 0
q_reclas_q_pelaces
1 1
M
1
N
 533588 21319.1 6943.61 823.186 0.0841095
 1816.98 154692 5996.01 1952.9 231.545
 5817.62 459.218 37272 1444.7 526.327
 84380.8 1418.58 106.266 8624.96 456.108
 1974.61 10007.5 145.666 10.9118 932.481
 309665 119.484 481.253 7.00494 45.367
 2178.85 82209 30.4301 122.565 13.338
 587.181 271.378 8920.59 3.302 14.747
 76989.2 121.144 52.0153 1709.82 3.45947
 2743.83 17997.9 26.7317 11.4778 378.054
 60378.9 382.272 2215.95 3.29128 47.9602
 185567 17774.7 109.388 634.099 14.6657
 64530.1 41157 3696.35 22.7478 134.914
 68446 13342.9 7908.25 710.247 30.2945
 48494.9 8631.38 1468.23 870.212 81.4881
 446899 6654.09 1044.61 177.691 115.179
 5711.93 110045 1556.88 244.41 68.5239
 1.16235e+06 1437.94 26397.1 373.458 75.0653
 164960 362101 438.574 8051.16 136.8
 33243.4 45292.1 95785.5 116.015 2165.93
 473663 7452.65 9533.37 20161.6 480.319
 604135 126415 1909.41 2442.5 5288.55
 6294.32 158996 31881.2 481.542 1949.73
 392858 1772.72 43282.1 8678.77 661.846
 153655 121864 538.084 13137.7 2835.21
 19621.6 46006.7 35543.9 156.943 4658.81
 268578 5496.22 12447.5 9616.72 1302.94
 372344 77537.9 1538.54 3484.39 3056.7
 12834.9 118652 24260.7 481.391 2046.63
 5079.12 4048.64 36702 7504.47 781.984
 162359 1317.4 1004.43 9105.44 2055.79
pred_Ctot
 72888 3243.49 1056.4 125.239 0.0127964
 370.591 34915.2 1353.35 440.785 52.2617
 1281.88 111.796 9073.78 351.709 128.133
 39489.1 713.662 53.4605 4339.06 229.46
 1193.75 6387.14 92.969 6.96431 595.142
 55949.5 23.9441 96.4412 1.40376 9.09137
 991.76 40289.1 14.9132 60.0668 6.53671
 170.77 86.5746 2845.83 1.0534 4.70456
 18403.1 31.934 13.7115 450.716 0.911932
 1163.39 8247.27 12.2494 5.25952 173.238
 7764.48 54.7916 317.615 0.471744 6.87421
 48521.3 5113.72 31.4705 182.428 4.21927
 18711.1 13091.7 1175.78 7.23591 42.9152
 30927.6 6494.01 3848.97 345.679 14.7444
 20775.3 3994.15 679.42 402.689 37.7084
 96492.3 1588.05 249.304 42.4075 27.4884
 1175.43 25056 354.484 55.6495 15.6021
 114089 157.75 2895.9 40.9704 8.23508
 27086.6 66050.2 79.9993 1468.59 24.9535
 8542.75 12811.9 27095.2 32.8175 612.686
 84366 1472.65 1883.8 3983.95 94.9116
 111682 25909.4 391.343 500.603 1083.92
 953.228 26780.8 5369.99 81.1097 328.407
 39483.2 199.088 4860.88 974.685 74.3298
 18381.9 16262.6 71.8071 1753.22 378.358
 3025.5 7887.92 6094.06 26.9081 798.76
 37270.1 849.296 1923.44 1486.01 201.336
 31860.8 7424.01 147.31 333.619 292.67
 1171.09 12107.8 2475.68 49.1234 208.848
 974.177 860.354 7799.34 1594.73 166.175
 33887.6 304.148 231.892 2102.16 474.619
F
 0.23819 0.268509 0.268509 0.268509 0.268509
 0.375406 0.423192 0.423192 0.423192 0.423192
 0.411235 0.463581 0.463581 0.463581 0.463581
 1.132 1.2761 1.2761 1.2761 1.2761
 1.80494 2.0347 2.0347 2.0347 2.0347
 0.326225 0.36775 0.36775 0.36775 0.36775
 1.08304 1.2209 1.2209 1.2209 1.2209
 0.578356 0.651975 0.651975 0.651975 0.651975
 0.453411 0.511126 0.511126 0.511126 0.511126
 0.970977 1.09457 1.09457 1.09457 1.09457
 0.222863 0.251231 0.251231 0.251231 0.251231
 0.50602 0.570432 0.570432 0.570432 0.570432
 0.576149 0.649488 0.649488 0.649488 0.649488
 1.07064 1.20692 1.20692 1.20692 1.20692
 0.986227 1.11176 1.11176 1.11176 1.11176
 0.401445 0.452546 0.452546 0.452546 0.452546
 0.379348 0.427636 0.427636 0.427636 0.427636
 0.166272 0.187437 0.187437 0.187437 0.187437
 0.292571 0.329813 0.329813 0.329813 0.329813
 0.495288 0.558334 0.558334 0.558334 0.558334
 0.320927 0.361778 0.361778 0.361778 0.361778
 0.334922 0.377554 0.377554 0.377554 0.377554
 0.267133 0.301136 0.301136 0.301136 0.301136
 0.170546 0.192254 0.192254 0.192254 0.192254
 0.205922 0.232134 0.232134 0.232134 0.232134
 0.27257 0.307266 0.307266 0.307266 0.307266
 0.242375 0.273227 0.273227 0.273227 0.273227
 0.143626 0.161908 0.161908 0.161908 0.161908
 0.153784 0.17336 0.17336 0.17336 0.17336
 0.349475 0.39396 0.39396 0.39396 0.39396
 0.385709 0.434806 0.434806 0.434806 0.434806
nmprior
 8.19 8.8 8.5 0
nm_flota  nm_reclas  nm_pelaces    nm_pelaL
inf 5.84296 3.9777 6.01896
cv_recla  cv_pelaces  cv_mph
0.545894 0.798411 1.40589
 ------------------------------------------------
Talla a la edad & desviaci?n 
 8 13.2811 15.8009 17.003 17.5766
 0.8 1.32811 1.58009 1.7003 1.75766
