years
 1991 1992 1993 1994 1995 1996 1997 1998 1999 2000 2001 2002 2003 2004 2005 2006 2007 2008 2009 2010 2011 2012 2013 2014 2015 2016 2017 2018 2019 2020 2021
reclasobs
 0 0 0 0 0 0 0 0 0 252601 567819 844713 477998 351125 339783 2.1784e+06 2.13404e+06 4.81314e+06 1.55562e+06 2.62356e+06 3.21686e+06 3.843e+06 1.13348e+06 3.07943e+06 1.97215e+06 2.03268e+06 2.025e+06 2.42433e+06 2.27542e+06 1.05018e+06 2.36338e+06
reclaspred
 3.43271e+06 1.96379e+06 1.00298e+06 1.09403e+06 1.15252e+06 1.75828e+06 1.21503e+06 1.09355e+06 788017 572114 557525 670980 665139 543849 550715 1.22031e+06 1.24693e+06 2.60662e+06 2.17222e+06 1.63682e+06 2.89681e+06 2.36118e+06 1.93571e+06 2.97145e+06 2.24349e+06 1.99588e+06 2.30842e+06 2.38789e+06 1.99963e+06 1.32186e+06 1.96078e+06
pelacesobs
 0 0 0 0 0 0 0 0 0 0 0 0 0 0 0 552880 188675 0 991730 2.46772e+06 1.41603e+06 1.21717e+06 2.29649e+06 1.80582e+06 0 1.4828e+06 1.56532e+06 1.57751e+06 1.42118e+06 867257 1.10002e+06
pelacespred
 2.35503e+06 1.51306e+06 782787 658092 719385 1.10608e+06 793038 802710 586228 407538 391064 396038 426433 371300 375001 667069 731000 1.61971e+06 1.48508e+06 1.05565e+06 1.71315e+06 1.57579e+06 1.30849e+06 2.05958e+06 1.59607e+06 1.40273e+06 1.76471e+06 1.8108e+06 1.33245e+06 986994 1.35084e+06
mphobs
 0 0 0 0 0 0 0 0 0 0 0 498337 0 5186 125008 0 168611 109162 213762 579715 649985 157893 87575 83554 0 0 0 0 0 0 0
mphpred
 4.48858e+06 3.02404e+06 1.5497e+06 849072 1.05381e+06 1.2244e+06 1.60365e+06 1.11934e+06 961127 674388 442616 563340 594377 518806 380411 466522 1.2248e+06 1.24342e+06 2.24069e+06 1.74045e+06 1.8718e+06 2.30022e+06 2.19711e+06 1.8656e+06 2.58091e+06 2.12964e+06 1.76874e+06 1.83885e+06 2.48543e+06 1.74656e+06 1.15668e+06
desembarqueobs
 494567 514787 250237 358949 120608 361735 552515 73892 212993 205616 52469 317467 293654 387597 252695 516296 358380 742168 942051 627588 828172 859565 418607 520667 417249 300574 407403 355545 319650 289779 391294
desembarquepred
 494574 513042 251198 358967 120611 361749 552576 73895 213034 205657 52471.1 317538 293714 387668 252705 516298 358410 742111 941965 627524 828261 859638 418628 520695 417259 300583 407413 355543 319654 289795 391302
Reclutas
 239665 138618 136734 290346 232902 363929 153959 74053 64156.9 80671.4 140823 178382 151586 107182 109936 525510 135521 807342 485831 367722 552808 744745 168326 482648 402036 185727 397367 437489 142343 107450 390723
log_desv_Rt
 0.0646794 -0.482843 -0.496528 0.256507 0.0360541 0.482395 -0.377881 -1.10978 -1.25323 -1.02418 -0.467059 -0.230639 -0.393412 -0.74004 -0.71467 0.849804 -0.505437 1.27918 0.771296 0.492764 0.900447 1.19848 -0.288662 0.764723 0.581976 -0.190286 0.570296 0.666488 -0.456327 -0.737543 0.553435
SSB
 4.48858e+06 3.02404e+06 1.5497e+06 849072 1.05381e+06 1.2244e+06 1.60365e+06 1.11934e+06 961127 674388 442616 563340 594377 518806 380411 466522 1.2248e+06 1.24342e+06 2.24069e+06 1.74045e+06 1.8718e+06 2.30022e+06 2.19711e+06 1.8656e+06 2.58091e+06 2.12964e+06 1.76874e+06 1.83885e+06 2.48543e+06 1.74656e+06 1.15668e+06
BT
 5.92287e+06 4.04834e+06 2.08555e+06 1.93268e+06 1.83299e+06 3.07094e+06 2.37331e+06 2.01182e+06 1.6228e+06 1.18513e+06 1.01776e+06 1.24848e+06 1.32249e+06 1.33187e+06 1.20607e+06 2.15064e+06 2.03749e+06 4.81642e+06 4.55162e+06 3.12087e+06 4.97478e+06 4.6696e+06 3.49649e+06 5.70743e+06 4.2155e+06 3.65412e+06 4.85837e+06 4.90643e+06 3.39296e+06 2.62409e+06 3.81052e+06
Ftot
 0.0945323 0.169574 0.163469 0.223102 0.0707306 0.141069 0.295498 0.045372 0.180132 0.237921 0.0654188 0.317181 0.295698 0.472369 0.3151 0.297016 0.19072 0.198766 0.289303 0.256573 0.194525 0.246084 0.143056 0.121745 0.124777 0.100735 0.121965 0.103636 0.104671 0.144622 0.139608
BD_Bspro_t
 0.984989 0.887487 0.764757 0.693129 0.707246 0.770434 0.764058 0.649509 0.694736 0.661913 0.630914 0.7595 0.653523 0.574605 0.482407 0.532839 0.653833 0.644878 0.713155 0.6288 0.60237 0.647517 0.662904 0.662705 0.755436 0.762709 0.770666 0.798313 0.832852 0.780318 0.730355
BD_Bspro
 2.7952 1.88318 0.965052 0.528748 0.656246 0.762478 0.998653 0.697051 0.598529 0.419966 0.275633 0.350812 0.37014 0.32308 0.236896 0.29052 0.762729 0.774325 1.39536 1.08384 1.16564 1.43243 1.36822 1.16178 1.60723 1.3262 1.10146 1.14512 1.54777 1.08765 0.720305
BD_Bo
 1.94708 1.31179 0.672236 0.368316 0.457128 0.531127 0.695642 0.485552 0.416923 0.29254 0.192001 0.244369 0.257833 0.225051 0.165017 0.202371 0.531302 0.539379 0.971979 0.754981 0.811962 0.997803 0.953076 0.809272 1.11956 0.923808 0.767255 0.797669 1.07814 0.757633 0.50175
BD_Brms
 13.2942 8.95652 4.58984 2.51476 3.12114 3.62639 4.74965 3.31521 2.84664 1.99738 1.31093 1.66848 1.76041 1.53659 1.12669 1.38173 3.62758 3.68273 6.6364 5.1548 5.54385 6.81272 6.50734 5.52549 7.64407 6.3075 5.2386 5.44626 7.36127 5.17291 3.42581
Sel_flota
 0.872167 1 1 1 1
 0.872167 1 1 1 1
 0.872167 1 1 1 1
 0.872167 1 1 1 1
 0.872167 1 1 1 1
 0.872167 1 1 1 1
 0.872167 1 1 1 1
 0.872167 1 1 1 1
 0.872167 1 1 1 1
 0.872167 1 1 1 1
 0.872167 1 1 1 1
 0.872167 1 1 1 1
 0.872167 1 1 1 1
 0.872167 1 1 1 1
 0.872167 1 1 1 1
 0.872167 1 1 1 1
 0.872167 1 1 1 1
 0.872167 1 1 1 1
 0.872167 1 1 1 1
 0.872167 1 1 1 1
 0.872167 1 1 1 1
 0.872167 1 1 1 1
 0.872167 1 1 1 1
 0.872167 1 1 1 1
 0.872167 1 1 1 1
 0.872167 1 1 1 1
 0.872167 1 1 1 1
 0.872167 1 1 1 1
 0.872167 1 1 1 1
 0.872167 1 1 1 1
 0.872167 1 1 1 1
Sel_reclas
 1 1 1 1 1
 1 1 1 1 1
 1 1 1 1 1
 1 1 1 1 1
 1 1 1 1 1
 1 1 1 1 1
 1 1 1 1 1
 1 1 1 1 1
 1 1 1 1 1
 1 1 1 1 1
 1 1 1 1 1
 1 1 1 1 1
 1 1 1 1 1
 1 1 1 1 1
 1 1 1 1 1
 1 1 1 1 1
 1 1 1 1 1
 1 1 1 1 1
 1 1 1 1 1
 1 1 1 1 1
 1 1 1 1 1
 1 1 1 1 1
 1 1 1 1 1
 1 1 1 1 1
 1 1 1 1 1
 1 1 1 1 1
 1 1 1 1 1
 1 1 1 1 1
 1 1 1 1 1
 1 1 1 1 1
 1 1 1 1 1
Sel_pelaces
 0.850259 1 1 1 1
 0.850259 1 1 1 1
 0.850259 1 1 1 1
 0.850259 1 1 1 1
 0.850259 1 1 1 1
 0.850259 1 1 1 1
 0.850259 1 1 1 1
 0.850259 1 1 1 1
 0.850259 1 1 1 1
 0.850259 1 1 1 1
 0.850259 1 1 1 1
 0.850259 1 1 1 1
 0.850259 1 1 1 1
 0.850259 1 1 1 1
 0.850259 1 1 1 1
 0.850259 1 1 1 1
 0.850259 1 1 1 1
 0.850259 1 1 1 1
 0.850259 1 1 1 1
 0.850259 1 1 1 1
 0.850259 1 1 1 1
 0.850259 1 1 1 1
 0.850259 1 1 1 1
 0.850259 1 1 1 1
 0.850259 1 1 1 1
 0.850259 1 1 1 1
 0.850259 1 1 1 1
 0.850259 1 1 1 1
 0.850259 1 1 1 1
 0.850259 1 1 1 1
 0.850259 1 1 1 1
pf_obs 
 0.8446 0.082 0.0669 0.0065 0
 0.8095 0.147 0.0364 0.0071 0
 0.9664 0.0169 0.016 0.0007 0
 0.9276 0.0648 0.0075 0.0001 0
 0.7033 0.2144 0.0806 0.0017 0
 0.9318 0.0425 0.0243 0.0014 0
 0.5671 0.3108 0.0964 0.0239 0.0018
 0.0768 0.2599 0.5324 0.112 0.0189
 0.490249 0.384438 0.106611 0.0170017 0.00170017
 0.7925 0.1577 0.0466 0.003 0.0002
 0.840416 0.127587 0.0312969 0.00059994 9.999e-05
 0.8084 0.0986 0.0794 0.0134 0.0002
 0.7335 0.1905 0.0724 0.0035 0.0001
 0.4001 0.4547 0.1325 0.0127 0
 0.49795 0.308269 0.164784 0.0264974 0.00249975
 0.9179 0.0499 0.0305 0.0017 0
 0.2467 0.6533 0.0926 0.0074 0
 0.9418 0.0223 0.034 0.0019 0
 0.707729 0.231977 0.0356964 0.0245975 0
 0.517169 0.277429 0.184464 0.0207286 0.00020938
 0.811772 0.124168 0.05621 0.00726502 0.000585176
 0.764997 0.148141 0.077277 0.00933861 0.000247198
 0.163321 0.427699 0.378323 0.0303852 0.000271297
 0.753843 0.0900009 0.118128 0.0371064 0.000921714
 0.721811 0.176058 0.0630433 0.0369309 0.00215725
 0.143369 0.312575 0.442814 0.0836902 0.0175525
 0.692698 0.0596174 0.167031 0.0765114 0.00414204
 0.394062 0.376323 0.152708 0.0712218 0.00568511
 0.125707 0.32114 0.495352 0.0537591 0.00404204
 0.23352 0.215282 0.420074 0.123614 0.00750983
 0.774587 0.0839891 0.0768558 0.0609784 0.00358967
pf_pred 
 0.433898 0.107726 0.435396 0.0229792 7.51894e-07
 0.4136 0.275326 0.0591956 0.239251 0.0126275
 0.551835 0.20181 0.115668 0.0248689 0.105817
 0.775548 0.132063 0.041603 0.0238449 0.0269409
 0.650089 0.280345 0.0409313 0.0128943 0.0157404
 0.730156 0.183948 0.0688191 0.0100478 0.00702923
 0.466092 0.404813 0.0880021 0.0329236 0.00816979
 0.428029 0.289379 0.214263 0.0465786 0.0217503
 0.499465 0.231566 0.13608 0.100757 0.0321316
 0.654717 0.185423 0.0739573 0.0434611 0.0424417
 0.778786 0.152388 0.0369607 0.0147421 0.0171232
 0.721588 0.223351 0.0379303 0.00919979 0.00793149
 0.669988 0.248437 0.0654421 0.0111137 0.0050195
 0.609945 0.274705 0.0868372 0.0228743 0.00563909
 0.70815 0.189837 0.071845 0.022711 0.00745725
 0.918105 0.0606273 0.0138337 0.00523547 0.00219841
 0.426438 0.533034 0.0300037 0.00684615 0.00367894
 0.886564 0.0526106 0.0565277 0.00318187 0.00111618
 0.608042 0.353142 0.0180023 0.0193427 0.00147071
 0.60156 0.257088 0.127353 0.00649217 0.00750592
 0.741914 0.164763 0.0602152 0.0298287 0.00327863
 0.746864 0.19488 0.0371908 0.0135919 0.00747307
 0.341518 0.51042 0.113987 0.0217533 0.0123211
 0.744236 0.0960255 0.123821 0.0276518 0.00826599
 0.630215 0.285111 0.0317904 0.0409925 0.011891
 0.448926 0.365688 0.142936 0.0159376 0.0265123
 0.729899 0.130956 0.092335 0.0360908 0.0107184
 0.688638 0.235919 0.0365783 0.0257907 0.0130746
 0.378968 0.446376 0.132337 0.0205183 0.0218012
 0.449641 0.227607 0.231983 0.0687757 0.0219936
 0.827342 0.083982 0.036673 0.0373782 0.0146252
pobs_RECLAS
 0 0 0 0 0
 0 0 0 0 0
 0 0 0 0 0
 0 0 0 0 0
 0 0 0 0 0
 0 0 0 0 0
 0 0 0 0 0
 0 0 0 0 0
 0 0 0 0 0
 0 0 0 0 0
 0.991045 0.00858322 0.000360255 1.14367e-05 0
 0.934742 0.0480273 0.0164251 0.00080598 0
 0.827803 0.169806 0.00239088 0 0
 0.941827 0.0461693 0.0120037 0 0
 0.791401 0.0380133 0.147996 0.0225897 0
 0.846168 0.0940531 0.0597789 0 0
 0.134021 0.677848 0.182769 0.00536245 0
 0.80878 0.0450904 0.141981 0.00414843 0
 0.846168 0.0940531 0.0597789 0 0
 0.905697 0.0802665 0.012482 0.00150086 5.37128e-05
 0.989698 0.0102097 9.19794e-05 0 0
 0.975433 0.0193895 0.00387452 0.00125025 5.28907e-05
 0.303575 0.632131 0.0575291 0.00676475 0
 0.966965 0.00978017 0.0227588 0.000495775 0
 0.843318 0.132988 0.00938335 0.0141283 0.000182051
 0.564624 0.303363 0.111486 0.0197234 0.00080311
 0.826376 0.0876187 0.0782897 0.00655872 0.00115652
 0.89761 0.0855135 0.0140674 0.00269457 0.000114338
 0.34875 0.467042 0.161289 0.0227151 0.000203297
 0.318654 0.224769 0.449479 0.00709798 0
 0.937255 0.0296025 0.0250945 0.00804832 0
ppred_RECLAS
 0.468015 0.101234 0.409156 0.0215943 7.0658e-07
 0.447622 0.259352 0.0557611 0.22537 0.0118949
 0.585848 0.186494 0.10689 0.0229815 0.0977865
 0.798908 0.118318 0.0372731 0.0213632 0.0241369
 0.6807 0.255819 0.0373505 0.0117663 0.0143633
 0.75655 0.165956 0.0620879 0.00906502 0.0063417
 0.501212 0.378185 0.0822135 0.0307579 0.0076324
 0.461917 0.272234 0.201569 0.043819 0.0204617
 0.534153 0.215518 0.12665 0.0937743 0.0299048
 0.685602 0.168837 0.0673419 0.0395736 0.0386454
 0.801566 0.136696 0.0331547 0.013224 0.01536
 0.749019 0.201344 0.0341931 0.00829334 0.00715001
 0.70032 0.225603 0.0594272 0.0100922 0.00455815
 0.643565 0.251027 0.0793524 0.0209027 0.00515304
 0.736415 0.171451 0.0648868 0.0205115 0.00673502
 0.928082 0.0532417 0.0121485 0.00459768 0.0019306
 0.460759 0.501137 0.0282083 0.00643648 0.00345879
 0.89983 0.0464577 0.0499167 0.00280974 0.000985637
 0.640993 0.323454 0.0164889 0.0177166 0.00134707
 0.634611 0.235763 0.116789 0.00595364 0.0068833
 0.767654 0.148331 0.0542098 0.0268538 0.00295164
 0.772393 0.175226 0.03344 0.0122211 0.00671938
 0.373303 0.485782 0.108485 0.0207032 0.0117264
 0.769642 0.0864868 0.111521 0.024905 0.00744489
 0.661809 0.260751 0.0290742 0.0374901 0.0108751
 0.483235 0.342921 0.134037 0.0149453 0.0248617
 0.756264 0.118174 0.0833222 0.0325679 0.00967221
 0.717424 0.214107 0.0331966 0.0234063 0.0118658
 0.411939 0.422678 0.125311 0.019429 0.0206437
 0.484097 0.213357 0.21746 0.06447 0.0206166
 0.846229 0.0747952 0.0326614 0.0332894 0.0130253
pobs_PELACES
 0 0 0 0 0
 0 0 0 0 0
 0 0 0 0 0
 0 0 0 0 0
 0 0 0 0 0
 0 0 0 0 0
 0 0 0 0 0
 0 0 0 0 0
 0 0 0 0 0
 0 0 0 0 0
 0 0 0 0 0
 0 0 0 0 0
 0 0 0 0 0
 0 0 0 0 0
 0 0 0 0 0
 0 0 0 0 0
 0.505614 0.472636 0.0217494 0 0
 0 0 0 0 0
 0.443492 0.261883 0.143347 0.151278 0
 0.227955 0.32914 0.350689 0.0885471 0.00366901
 0.970185 0.0296113 0.000203453 0 0
 0.997202 0.00247181 0.000326279 0 0
 0.445219 0.490057 0.0546422 0.010081 0
 0.90214 0.0892962 0.00764917 0.000914606 0
 0 0 0 0 0
 0.581667 0.319106 0.0959925 0.00289975 0.000334073
 0.762889 0.0836404 0.116647 0.0363945 0.000428098
 0.88444 0.0763242 0.0277011 0.0115352 0
 0.521256 0.241999 0.230069 0.00667565 0
 0.616807 0.101726 0.260614 0.0208532 0
 0.833518 0.0704572 0.0857862 0.0102388 0
ppred_PELACES
 0.4289 0.108677 0.43924 0.0231821 7.58533e-07
 0.409667 0.277173 0.0595926 0.240855 0.0127122
 0.547732 0.203658 0.116727 0.0250966 0.106786
 0.773238 0.133423 0.0420312 0.0240903 0.0272182
 0.645144 0.284307 0.0415097 0.0130765 0.0159628
 0.72663 0.186351 0.0697183 0.0101791 0.00712108
 0.463838 0.406522 0.0883737 0.0330626 0.00820429
 0.4224 0.292227 0.216372 0.047037 0.0219644
 0.495553 0.233376 0.137144 0.101544 0.0323827
 0.651914 0.186928 0.0745578 0.043814 0.0427864
 0.774981 0.155009 0.0375965 0.0149957 0.0174178
 0.720019 0.224609 0.0381441 0.00925162 0.00797619
 0.667984 0.249945 0.0658395 0.0111811 0.00504998
 0.610302 0.274453 0.0867576 0.0228533 0.00563392
 0.706511 0.190903 0.0722484 0.0228385 0.00749913
 0.917428 0.0611286 0.0139481 0.00527875 0.00221659
 0.42276 0.536451 0.0301961 0.00689005 0.00370253
 0.885087 0.0532954 0.0572635 0.00322329 0.0011307
 0.605795 0.355167 0.0181056 0.0194536 0.00147914
 0.598846 0.258839 0.128221 0.00653639 0.00755705
 0.739063 0.166584 0.0608805 0.0301583 0.00331486
 0.744605 0.196619 0.0375227 0.0137132 0.00753975
 0.337546 0.513499 0.114675 0.0218845 0.0123954
 0.740624 0.0973815 0.12557 0.0280423 0.00838272
 0.625842 0.288483 0.0321664 0.0414773 0.0120317
 0.443974 0.368975 0.14422 0.0160808 0.0267505
 0.726162 0.132768 0.0936127 0.0365902 0.0108667
 0.684359 0.23916 0.037081 0.0261451 0.0132543
 0.374314 0.449721 0.133328 0.0206721 0.0219646
 0.445283 0.229409 0.23382 0.0693203 0.0221677
 0.824769 0.0852333 0.0372194 0.0379351 0.0148431
pobs_pel_tallas
 0 0 0 0 0 0 0 0 0 0 0 0 0 0 0 0 0 0 0 0 0 0 0 0 0 0
 0 0 0 0 0 0 0 0 0 0 0 0 0 0 0 0 0 0 0 0 0 0 0 0 0 0
 0 0 0 0 0 0 0 0 0 0 0 0 0 0 0 0 0 0 0 0 0 0 0 0 0 0
 0 0 0 0 0 0 0 0 0 0 0 0 0 0 0 0 0 0 0 0 0 0 0 0 0 0
 0 0 0 0 0 0 0 0 0 0 0 0 0 0 0 0 0 0 0 0 0 0 0 0 0 0
 0 0 0 0 0 0 0 0 0 0 0 0 0 0 0 0 0 0 0 0 0 0 0 0 0 0
 0 0 0 0 0 0 0 0 0 0 0 0 0 0 0 0 0 0 0 0 0 0 0 0 0 0
 0 0 0 0 0 0 0 0 0 0 0 0 0 0 0 0 0 0 0 0 0 0 0 0 0 0
 0 0 0 0 0 0 0 0 0 0 0 0 0 0 0 0 0 0 0 0 0 0 0 0 0 0
 0 0 0 0 0 0 0 0 0 0 0 0 0 0 0 0 0 0 0 0 0 0 0 0 0 0
 0 0 0 0 0 0 0 0 0 0 0 0 0 0 0 0 0 0 0 0 0 0 0 0 0 0
 0 0 0 0 0 0 0 0 0 0 0 0 0 0 0 0 0 0 0 0 0 0 0 0 0 0
 0.00862536 0 0 0.000197151 0.00414017 0.0128641 0.00837892 0.0270097 0.101434 0.158115 0.152841 0.127902 0.109271 0.109419 0.0830992 0.0579132 0.0238553 0.00714673 0.00463305 0.00128148 0.00103504 0.000492878 0.000147863 0.000147863 4.92878e-05 0
 0 0 0 0 0 0 0 0 0 0 0 0 0 0 0 0 0 0 0 0 0 0 0 0 0 0
 0 0 0 0 0 0 0 0.0054083 0.00873648 0.0413646 0.0450493 0.0745869 0.0622846 0.0627006 0.0613931 0.0827291 0.12552 0.122667 0.0946155 0.0697135 0.0546179 0.0294188 0.0215738 0.0213955 0.0102223 0.00600262
 0 0 0 0 0.00359764 0.0251062 0.0480494 0.140153 0.205849 0.193036 0.1447 0.116669 0.0760912 0.0342217 0.00950174 0.001854 0.000860785 0 0 0 0.000165536 0 0.000143464 0 0 0
 0 0 0 0 0 0 0 0.000145254 0.000435761 0.0275982 0.070085 0.0708112 0.156366 0.174668 0.174014 0.160142 0.0824315 0.0480064 0.0283245 0.00493863 0.00203355 0 0 0 0 0
 0 0 0 0 0 0 0 0 0 0 0 0 0 0 0 0 0 0 0 0 0 0 0 0 0 0
 0 0 1.00437e-05 0.000401748 0.00122533 0.00171747 0.00176769 0.0269171 0.070346 0.194647 0.189555 0.159765 0.064822 0.0314167 0.0384472 0.0292271 0.0345202 0.0313363 0.0194345 0.0106764 0.0143323 0.0359363 0.0279516 0.0138201 0.00172751 0
 0 0.0021121 0.0136068 0.0755702 0.200478 0.177729 0.0527432 0.0373336 0.0318909 0.0142505 0.0149659 0.0166563 0.0217959 0.0798694 0.0677717 0.0528807 0.04013 0.0224614 0.0357745 0.0225083 0.00881397 0.00855152 0.00135912 0.000746735 0 0
 0 0 0 0 5.4009e-05 0.00500934 0.000945158 0.0243581 0.138947 0.33067 0.221406 0.137944 0.0707744 0.0437923 0.0131692 0.00525238 0.0047753 0.00276346 9.45158e-05 9.00151e-06 2.25038e-05 9.00151e-06 4.50075e-06 0 0 0
 0.000866109 0.00284123 0.00948549 0.0512746 0.133035 0.25785 0.225252 0.132002 0.0553304 0.0519788 0.0540692 0.017754 0.00435017 0.00159236 0.00146478 0.000404838 0.000125132 0.000115318 0.000107957 0.000100596 0 0 0 0 0 0
 0 0 0 0 0.00144013 0.00171154 0.00461396 0.0210425 0.0478622 0.0707936 0.0888783 0.103762 0.0637923 0.0337046 0.0602308 0.124433 0.169614 0.0934646 0.0462172 0.0250306 0.0313229 0.00938855 0.002487 0.000210481 0 0
 0 0.00764035 0.051015 0.0998891 0.058973 0.0496711 0.0374665 0.0718981 0.12319 0.153886 0.159021 0.0857701 0.0377988 0.023471 0.0147837 0.00900784 0.00315554 0.000888139 0.00291439 0.00214683 0.00393193 0.00274676 0.000635225 9.99891e-05 0 0
 0 0 0 0 0 0 0 0 0 0 0 0 0 0 0 0 0 0 0 0 0 0 0 0 0 0
 0 0 0 0 0 0 0 0 0 0 0 0 0 0 0 0 0 0 0 0 0 0 0 0 0 0
 0 0 0 0 0 0 0 0 0 0 0 0 0 0 0 0 0 0 0 0 0 0 0 0 0 0
 0 0 0 0 0 0 0 0 0 0 0 0 0 0 0 0 0 0 0 0 0 0 0 0 0 0
 0 0 0 0 0 0 0 0 0 0 0 0 0 0 0 0 0 0 0 0 0 0 0 0 0 0
 0 0 0 0 0 0 0 0 0 0 0 0 0 0 0 0 0 0 0 0 0 0 0 0 0 0
 0 0 0 0 0 0 0 0 0 0 0 0 0 0 0 0 0 0 0 0 0 0 0 0 0 0
ppred_pel_tallas
 1.15029e-16 3.53279e-05 0.0003434 0.00228201 0.0103737 0.0322765 0.068769 0.100373 0.100384 0.0688237 0.0324622 0.0109183 0.00368074 0.00350147 0.00633897 0.0112194 0.0180062 0.0264791 0.0362889 0.0470406 0.0581156 0.0683013 0.0756875 0.0782129 0.0746616 0.0654253
 1.28097e-16 3.37438e-05 0.000328002 0.00217969 0.00990856 0.0308294 0.0656862 0.0958765 0.0959034 0.0658174 0.0312701 0.0111835 0.00538679 0.00735338 0.0134518 0.0223973 0.0327977 0.0424743 0.0493425 0.0527306 0.0538839 0.0550806 0.0579853 0.0624992 0.0668614 0.0687387
 1.24009e-16 4.5116e-05 0.000438543 0.00291428 0.0132479 0.0412192 0.0878226 0.128184 0.128204 0.0879194 0.0415447 0.0141902 0.00528792 0.00564843 0.0100242 0.0167276 0.0246399 0.0321783 0.0377978 0.0409103 0.0422529 0.0433017 0.0451819 0.0479325 0.0505823 0.0518051
 1.0827e-16 6.36906e-05 0.000619095 0.00411411 0.0187021 0.0581894 0.123979 0.180954 0.180967 0.124042 0.0584014 0.0193151 0.00565527 0.00399201 0.00649526 0.0107069 0.0155874 0.0199751 0.0227478 0.0234364 0.0225112 0.0210341 0.0199521 0.0195812 0.0195947 0.0193839
 1.05284e-16 5.31397e-05 0.000516537 0.00343257 0.015604 0.04855 0.103442 0.150982 0.15101 0.103576 0.0489997 0.016903 0.00669363 0.00763672 0.0135797 0.0223773 0.0322594 0.0406351 0.0449058 0.0438924 0.0385421 0.03128 0.0245405 0.0196181 0.0165032 0.0144679
 1.04286e-16 5.98516e-05 0.000581779 0.00386613 0.0175749 0.054682 0.116506 0.170048 0.170066 0.116595 0.0549781 0.0184311 0.00601872 0.00529206 0.00903821 0.0149327 0.0217049 0.0277118 0.0313085 0.0317211 0.0294646 0.0259089 0.0223649 0.0194341 0.0170078 0.014702
 1.07359e-16 3.82058e-05 0.000371374 0.00246791 0.0112188 0.034906 0.0743725 0.108557 0.108596 0.0745642 0.0355501 0.0130796 0.00714167 0.0105835 0.0194606 0.032185 0.0465339 0.0588886 0.0655805 0.0649231 0.0581897 0.0486761 0.0396352 0.0327146 0.02781 0.0239556
 1.14753e-16 3.47926e-05 0.000338196 0.00224743 0.0102165 0.0317876 0.0677278 0.0988567 0.0988852 0.067867 0.0322557 0.0115723 0.00566464 0.00784456 0.0144278 0.0241565 0.0356385 0.0465902 0.0546689 0.058759 0.0594949 0.0585077 0.0570672 0.0552862 0.0524083 0.0476963
 1.19681e-16 4.08181e-05 0.000396766 0.00263665 0.0119859 0.0372926 0.0794566 0.115974 0.115997 0.0795675 0.0376658 0.0130666 0.00535974 0.00637575 0.011499 0.0192211 0.028346 0.0370757 0.0436298 0.047284 0.0487706 0.0496032 0.0508669 0.0524622 0.0533003 0.0521261
 1.13835e-16 5.36973e-05 0.000521957 0.00346859 0.0157677 0.0490593 0.104527 0.152564 0.152582 0.104615 0.0493569 0.0166286 0.00563456 0.00526714 0.00911629 0.0151224 0.0221093 0.0285243 0.032847 0.0344535 0.0339936 0.0328857 0.032327 0.032599 0.0330966 0.0328798
 1.05577e-16 6.38342e-05 0.000620491 0.00412338 0.0187443 0.0583206 0.124259 0.181362 0.181377 0.124332 0.0585663 0.0194546 0.0059079 0.00452153 0.00748892 0.0123235 0.0178525 0.0226819 0.0254441 0.0255337 0.0234665 0.0205061 0.0178604 0.0160776 0.0149973 0.0141144
 1.03436e-16 5.93071e-05 0.000576486 0.00383095 0.017415 0.0541845 0.115447 0.168502 0.168524 0.115553 0.05454 0.0184417 0.00640881 0.00620597 0.0107567 0.0177049 0.0255366 0.0321945 0.0356226 0.0348769 0.0306798 0.0249117 0.0194634 0.0153467 0.0125778 0.0106403
 1.0394e-16 5.5021e-05 0.000534824 0.00355409 0.0161564 0.0502687 0.107104 0.156326 0.15635 0.107222 0.050665 0.0173016 0.00643095 0.00682281 0.0120199 0.0198437 0.0287191 0.0364046 0.0406426 0.0403777 0.0363506 0.0305293 0.0248612 0.0203424 0.0169475 0.0141706
 1.0582e-16 5.02699e-05 0.000488641 0.00324719 0.0147613 0.045928 0.0978554 0.142828 0.142855 0.0979851 0.0463636 0.0160207 0.00641227 0.00741095 0.013235 0.0219005 0.0317779 0.0404545 0.0454929 0.0457579 0.0420464 0.0364473 0.0309768 0.0265853 0.0231268 0.0199922
 1.05694e-16 5.81944e-05 0.00056567 0.00375908 0.0170882 0.053168 0.113281 0.16534 0.165359 0.113371 0.0534714 0.0179658 0.00596571 0.0053954 0.00926803 0.0153281 0.0223066 0.0285414 0.0323719 0.033032 0.0310687 0.0278819 0.0247776 0.0222981 0.0202349 0.0181027
 1.01323e-16 7.55673e-05 0.000734541 0.00488129 0.0221896 0.0690402 0.147098 0.214695 0.2147 0.147126 0.069137 0.0224695 0.0055844 0.00227107 0.00299858 0.00485058 0.00701088 0.00888218 0.00991183 0.00984892 0.00888633 0.00751812 0.00622831 0.00525602 0.0045752 0.00403081
 1.02327e-16 3.48223e-05 0.000338485 0.00224935 0.0102253 0.0318149 0.0677869 0.0989478 0.0989994 0.0680391 0.0326616 0.01267 0.00838232 0.0137147 0.0254032 0.0418483 0.0600619 0.0750692 0.081823 0.0779972 0.0653977 0.0487922 0.0331385 0.02134 0.0138098 0.00945435
 1.02181e-16 7.29035e-05 0.000708648 0.00470921 0.0214074 0.0666064 0.141912 0.207126 0.207131 0.141938 0.0666923 0.0216565 0.00533812 0.0020938 0.00273935 0.00450637 0.00670053 0.00887425 0.0106075 0.0116802 0.0121502 0.0122197 0.0120166 0.0114958 0.0105315 0.00908568
 1.02815e-16 4.98986e-05 0.000485032 0.00322321 0.0146523 0.0455888 0.097133 0.141776 0.14181 0.0973001 0.0461495 0.016271 0.00728431 0.00934314 0.0168519 0.0277258 0.0398091 0.0498019 0.0543843 0.0520453 0.044007 0.0334347 0.0235852 0.0163126 0.0117894 0.00918706
 1.05701e-16 4.93262e-05 0.000479469 0.00318624 0.0144842 0.0450658 0.0960184 0.140147 0.140172 0.0961411 0.0454781 0.0156768 0.00618651 0.00705146 0.0125961 0.0209157 0.030519 0.0391953 0.0446898 0.0459084 0.0434748 0.0391286 0.0345033 0.0303001 0.0263576 0.0222748
 1.05385e-16 6.08756e-05 0.000591733 0.00393227 0.0178756 0.0556176 0.1185 0.172957 0.172973 0.118579 0.0558824 0.0186413 0.00585781 0.00480635 0.00809831 0.0133794 0.0194756 0.0249343 0.0283165 0.0289678 0.0273792 0.024778 0.0222921 0.020361 0.0187521 0.0169912
 1.03785e-16 6.13322e-05 0.000596171 0.00396176 0.0180096 0.0560347 0.119389 0.174255 0.174274 0.119481 0.056346 0.018909 0.00622041 0.00553004 0.00944132 0.0155372 0.0224381 0.0283509 0.0314927 0.0310507 0.0276581 0.0229416 0.0185148 0.0152064 0.0129739 0.0113263
 1.07733e-16 2.78033e-05 0.000270258 0.00179596 0.00816421 0.0254022 0.0541238 0.0790057 0.0790553 0.054366 0.0262156 0.0105146 0.00769898 0.0131676 0.0245545 0.0406341 0.05873 0.0742692 0.0825898 0.0815243 0.0726464 0.0601062 0.0480434 0.0386244 0.0318464 0.0266235
 1.0788e-16 6.10042e-05 0.000592983 0.00394058 0.0179133 0.055735 0.11875 0.173321 0.17333 0.118796 0.0558928 0.0183715 0.00509958 0.00315268 0.00500934 0.0084129 0.0126475 0.0170268 0.0208704 0.0238388 0.0260407 0.0277534 0.0290157 0.029481 0.0286566 0.0262907
 1.07198e-16 5.15498e-05 0.000501082 0.00332987 0.0151371 0.0470974 0.100347 0.146465 0.146493 0.100483 0.0475536 0.0164548 0.00663768 0.00772301 0.0137709 0.0226963 0.0327247 0.0412439 0.0456482 0.0447905 0.0396915 0.032856 0.0267479 0.0225964 0.0202322 0.0187277
 1.10396e-16 3.65696e-05 0.00035547 0.00236222 0.0107383 0.0334112 0.0711873 0.103907 0.103943 0.0713619 0.0339977 0.0124344 0.00662686 0.00968909 0.017833 0.0296074 0.0430776 0.0550751 0.0623707 0.0634525 0.0593513 0.0527706 0.0462756 0.0410045 0.0366748 0.0324551
 1.08244e-16 5.9813e-05 0.000581404 0.00386363 0.0175635 0.0546467 0.116431 0.169937 0.16995 0.116494 0.0548594 0.0181794 0.00541598 0.00399148 0.00659917 0.0109813 0.0162062 0.0212138 0.0249598 0.0269712 0.0275744 0.0275368 0.0274273 0.0272379 0.0265169 0.0248009
 1.05997e-16 5.63698e-05 0.000547935 0.00364122 0.0165525 0.051501 0.109729 0.160158 0.160181 0.109842 0.0518795 0.0176459 0.00638661 0.00654396 0.0114527 0.018869 0.0272382 0.0343952 0.0381844 0.0376457 0.0335952 0.0280628 0.0230432 0.01953 0.0173961 0.0159231
 1.09753e-16 3.08318e-05 0.000299696 0.00199159 0.0090535 0.028169 0.0600187 0.0876082 0.0876516 0.0602311 0.0288826 0.0111159 0.00717391 0.0116311 0.021605 0.0358099 0.0519139 0.0659796 0.0739937 0.0740887 0.0675957 0.0580042 0.0487185 0.041401 0.0358797 0.0311523
 1.1751e-16 3.66774e-05 0.000356518 0.00236919 0.01077 0.0335096 0.0713965 0.10421 0.104232 0.0715063 0.0338794 0.0118425 0.00507788 0.00632463 0.0115334 0.0194353 0.0289969 0.0385816 0.046512 0.0519969 0.0554492 0.0578389 0.0596578 0.0604268 0.0591076 0.0549522
 1.07413e-16 6.79352e-05 0.000660354 0.00438828 0.0199485 0.0620673 0.132241 0.193012 0.19302 0.132282 0.0622032 0.0203418 0.00537846 0.0028316 0.00422075 0.00694919 0.010196 0.0132431 0.0154249 0.0164844 0.0167282 0.0167793 0.0171169 0.0177657 0.0183361 0.0183139
pSPR Fmed_Fpbrs
0.72034   0.196462 0.196462
Fs Fmed_Fpbrs
0.166391   1.005 1.005
SSBpbr Bo_Bmed_Bpbrs
2.30528e+06  1.54533e+06  337636 337636
Ro
224655
SPR SPRFo_SPRFmed_SPRFpbrs
1.60582e+06 1.15673e+06 315481
Fref
1.005
Nvult_r0
 263463 23696 10347.5 10546.5 4126.57
CTP_r0
 28597.5 2902.88 1267.62 1292 505.526
YTP_r0
391302
Np
 294734 127261 11148.2 4868.17 6549.27
Nvult_p0
 249604 110124 9646.99 4212.62 5667.34
CTP_p0
 116590 55199.2 4835.52 2111.56 2840.74
YTP_p0
 2.0385e+06
CBA_c0
885462
log_Ro
12.1423
likeval ReclasPelacesDesembMPH_pf_preclas_ppelaces_ptallas_desvR_qrecl_qpela
 18.1388 18.2772 0.132463 0.0033685 241.788 120.564 98.889 0 20.5999 7.65165e-06 0 0.673147 0 0 0
q_reclas_q_pelaces
0.67572 1
M
1
N
 239665 52155 210795 11125.3 0.364025
 138618 81190.3 17456.1 70552.1 3723.7
 136734 43983.9 25209.5 5420.09 23062.6
 290346 43617.8 13740.6 7875.47 8898.01
 232902 87925.5 12837.4 4044.08 4936.7
 363929 80554.2 30137.2 4400.12 3078.23
 153959 118383 25735.2 9628.14 2389.17
 74053 43770.5 32408.7 7045.32 3289.87
 64156.9 26185.6 15388 11393.6 3633.45
 80671.4 20170.6 8045.21 4727.78 4616.89
 140823 24116 5849.21 2333 2709.83
 178382 48932.9 8309.99 2015.54 1737.68
 151586 49764 13108.6 2226.16 1005.45
 107182 43088.4 13620.7 3587.91 884.512
 109936 26115.8 9883.68 3124.34 1025.89
 525510 30724.9 7010.71 2653.25 1114.12
 135521 149205 8398.54 1916.35 1029.8
 807342 42215.5 45358.6 2553.18 895.635
 485831 249732 12730.8 13678.6 1040.04
 367722 138870 68792 3506.85 4054.44
 552808 108154 39526.3 19580.1 2152.15
 744745 171632 32754.1 11970.5 6581.56
 168326 221056 49366.4 9421.03 5336.1
 482648 54660.1 70482.1 15740.1 4705.21
 402036 159669 17803.4 22956.8 6659.27
 185727 132650 51848.6 5781.21 9617.08
 397367 62578.4 44123 17246.2 5121.88
 437489 131432 20378 14368.2 7283.94
 142343 147034 43591 6758.63 7181.2
 107450 47796.3 48715.3 14442.6 4618.54
 390723 34844.2 15215.7 15508.2 6067.99
pred_Ctot
 12070.7 2996.87 12112.4 639.266 0.0209172
 12192.8 8116.55 1745.07 7053.06 372.257
 11619.2 4249.22 2435.45 523.627 2228.04
 32971.7 5614.55 1768.71 1013.74 1145.37
 8852.11 3817.4 557.352 175.579 214.333
 26901.1 6777.18 2535.5 370.191 258.978
 22579 19610.4 4263.1 1594.92 395.771
 1822.1 1231.88 912.11 198.283 92.5903
 5972.22 2768.9 1627.15 1204.78 384.205
 9718.89 2752.49 1097.85 645.154 630.022
 4959.92 970.523 235.395 93.889 109.054
 27870.3 8626.59 1465 355.328 306.342
 22244.5 8248.44 2172.77 368.989 166.654
 23653.2 10652.8 3367.48 887.046 218.68
 17075.9 4577.61 1732.43 547.639 179.82
 77424.3 5112.73 1166.61 441.51 185.393
 13307 16633.3 936.266 213.634 114.801
 82383.9 4888.83 5252.83 295.675 103.721
 69906.6 40600.7 2069.73 2223.83 169.087
 47463.7 20284.5 10048.3 512.239 592.225
 55289.4 12278.6 4487.4 2222.91 244.332
 92536.7 24145.8 4607.96 1684.04 925.916
 12608.7 18844.6 4208.39 803.125 454.892
 31002.5 4000.12 5158 1151.89 344.335
 26438.9 11961 1333.68 1719.73 498.855
 9945.72 8101.63 3166.67 353.089 587.365
 25568.8 4587.48 3234.55 1264.28 375.473
 24077.4 8248.6 1278.92 901.741 457.137
 7909.17 9316 2761.9 428.223 454.997
 8132.27 4116.53 4195.68 1243.89 397.779
 28597.5 2902.88 1267.62 1292 505.526
F
 0.082448 0.0945323 0.0945323 0.0945323 0.0945323
 0.147897 0.169574 0.169574 0.169574 0.169574
 0.142572 0.163469 0.163469 0.163469 0.163469
 0.194582 0.223102 0.223102 0.223102 0.223102
 0.0616889 0.0707306 0.0707306 0.0707306 0.0707306
 0.123035 0.141069 0.141069 0.141069 0.141069
 0.257724 0.295498 0.295498 0.295498 0.295498
 0.039572 0.045372 0.045372 0.045372 0.045372
 0.157105 0.180132 0.180132 0.180132 0.180132
 0.207507 0.237921 0.237921 0.237921 0.237921
 0.0570562 0.0654188 0.0654188 0.0654188 0.0654188
 0.276635 0.317181 0.317181 0.317181 0.317181
 0.257898 0.295698 0.295698 0.295698 0.295698
 0.411985 0.472369 0.472369 0.472369 0.472369
 0.27482 0.3151 0.3151 0.3151 0.3151
 0.259048 0.297016 0.297016 0.297016 0.297016
 0.16634 0.19072 0.19072 0.19072 0.19072
 0.173357 0.198766 0.198766 0.198766 0.198766
 0.252321 0.289303 0.289303 0.289303 0.289303
 0.223775 0.256573 0.256573 0.256573 0.256573
 0.169658 0.194525 0.194525 0.194525 0.194525
 0.214627 0.246084 0.246084 0.246084 0.246084
 0.124768 0.143056 0.143056 0.143056 0.143056
 0.106182 0.121745 0.121745 0.121745 0.121745
 0.108826 0.124777 0.124777 0.124777 0.124777
 0.0878574 0.100735 0.100735 0.100735 0.100735
 0.106374 0.121965 0.121965 0.121965 0.121965
 0.0903879 0.103636 0.103636 0.103636 0.103636
 0.0912905 0.104671 0.104671 0.104671 0.104671
 0.126134 0.144622 0.144622 0.144622 0.144622
 0.121761 0.139608 0.139608 0.139608 0.139608
nmprior
 8.19 8.8 8.5 0
nm_flota  nm_reclas  nm_pelaces    nm_pelaL
inf 11.355 14.788 33.1805
cv_recla  cv_pelaces  cv_mph
0.385239 0.484761 1.79112
 ------------------------------------------------
Talla a la edad & desviaci?n 
 8 13.2811 15.8009 17.003 17.5766
 0.8 1.32811 1.58009 1.7003 1.75766
