years
 1991 1992 1993 1994 1995 1996 1997 1998 1999 2000 2001 2002 2003 2004 2005 2006 2007 2008 2009 2010 2011 2012 2013 2014 2015 2016 2017 2018 2019 2020 2021
reclasobs
 0 0 0 0 0 0 0 0 0 252601 567819 844713 477998 351125 339783 2.1784e+06 2.13404e+06 4.81314e+06 1.55562e+06 2.62356e+06 3.21686e+06 3.843e+06 1.13348e+06 3.07943e+06 1.97215e+06 2.03268e+06 2.025e+06 2.42433e+06 2.27542e+06 1.05018e+06 2.36338e+06
reclaspred
 3.18485e+06 1.73023e+06 876440 894301 904863 1.63161e+06 892150 756664 530924 351655 500851 694283 682779 497126 481620 1.37776e+06 1.18967e+06 3.1952e+06 2.51599e+06 1.80723e+06 3.12762e+06 2.56043e+06 1.91154e+06 3.06733e+06 2.25872e+06 1.97765e+06 2.4075e+06 2.64661e+06 2.08182e+06 1.22786e+06 1.86088e+06
pelacesobs
 0 0 0 0 0 0 0 0 0 0 0 0 0 0 0 552880 188675 0 991730 2.46772e+06 1.41603e+06 1.21717e+06 2.29649e+06 1.80582e+06 0 1.4828e+06 1.56532e+06 1.57751e+06 1.42118e+06 867257 1.10002e+06
pelacespred
 1.81009e+06 1.06933e+06 523625 430415 482958 891459 430253 489024 309200 185231 287403 330482 361724 263547 263695 638329 582663 1.78435e+06 1.44428e+06 943731 1.64154e+06 1.39823e+06 1.09589e+06 1.90669e+06 1.36449e+06 1.20334e+06 1.64293e+06 1.7832e+06 1.20013e+06 780590 1.12809e+06
mphobs
 0 0 0 0 0 0 0 0 0 0 0 498337 0 5186 125008 0 168611 109162 213762 579715 649985 157893 87575 83554 0 0 0 0 0 0 0
mphpred
 489918 328460 156316 86963.8 93811.1 113905 161727 83553 74933 45570.2 27460.7 61007.2 65892.1 53436.8 31536.7 39993.4 153941 131726 320529 220644 230046 283206 271269 212356 312140 254976 206168 225957 330716 211367 120683
desembarqueobs
 494567 514787 250237 358949 120608 361735 552515 73892 212993 205616 52469 317467 293654 387597 252695 516296 358380 742168 942051 627588 828172 859565 418607 520667 417249 300574 407403 355545 319650 289779 391294
desembarquepred
 494568 513925 250615 358985 120613 361737 552517 73897.4 213053 205670 52471.7 317520 293677 387546 252659 516206 358405 741991 941699 627328 828246 859512 418600 520687 417228 300566 407390 355510 319623 289775 391292
Reclutas
 165997 91545.3 92009.9 134300 108880 208323 79119 32655.7 32777.6 44482 82828.3 123648 103310 72262.8 64811.6 351152 67182.2 574511 316670 252477 344984 479721 90890.4 271803 230430 100299 227562 258703 75448 53556.4 203526
log_desv_Rt
 0.239723 -0.355411 -0.350349 0.0278337 -0.182002 0.466845 -0.501292 -1.38623 -1.3825 -1.07716 -0.455475 -0.0548038 -0.234514 -0.591936 -0.700761 0.988975 -0.664836 1.48127 0.885615 0.659076 0.971253 1.30096 -0.36259 0.732833 0.567702 -0.264085 0.555177 0.683434 -0.548802 -0.891509 0.44355
SSB
 1.83194e+06 1.22821e+06 584511 325182 350786 425921 604742 312428 280196 170400 102683 228123 246389 199815 117925 149546 575629 492559 1.19855e+06 825050 860207 1.05899e+06 1.01435e+06 794060 1.16718e+06 953428 770920 844916 1.23664e+06 790362 451267
BT
 2.62778e+06 1.80669e+06 879934 838404 697872 1.44684e+06 1.01945e+06 679347 598612 430205 414042 683780 725057 738824 593504 1.24884e+06 1.00038e+06 2.97291e+06 2.71257e+06 1.73752e+06 2.77131e+06 2.5529e+06 1.71669e+06 2.93285e+06 2.07844e+06 1.76266e+06 2.51681e+06 2.63232e+06 1.72913e+06 1.24225e+06 1.82317e+06
Ftot
 0.228219 0.421841 0.415078 0.635855 0.212601 0.373764 0.869529 0.153291 0.617396 0.887134 0.188883 0.735718 0.686825 1.20619 0.892961 0.684041 0.451223 0.416244 0.582124 0.548597 0.433096 0.54279 0.326491 0.290801 0.288301 0.23327 0.286079 0.231789 0.222078 0.345084 0.366587
BD_Bspro_t
 0.964301 0.760518 0.544241 0.443235 0.434657 0.533314 0.541967 0.341255 0.394744 0.327573 0.282072 0.551105 0.4313 0.336771 0.22317 0.26927 0.466585 0.416621 0.565381 0.443757 0.408302 0.456322 0.474191 0.452521 0.580223 0.588962 0.593655 0.645243 0.711832 0.615725 0.51624
BD_Bspro
 1.96219 1.31553 0.626071 0.348303 0.375728 0.456205 0.64774 0.334643 0.300118 0.182516 0.109984 0.244343 0.263908 0.214022 0.126309 0.16018 0.616558 0.527581 1.28377 0.883713 0.92137 1.13428 1.08648 0.85052 1.25017 1.02122 0.825734 0.904991 1.32457 0.846559 0.483353
BD_Bo
 1.28089 0.858761 0.40869 0.227367 0.245269 0.297804 0.422835 0.21845 0.195913 0.119144 0.0717961 0.159503 0.172275 0.139711 0.0824529 0.104563 0.40248 0.344397 0.838024 0.576875 0.601456 0.740444 0.709235 0.555207 0.81609 0.666637 0.539027 0.590765 0.864657 0.552621 0.315526
BD_Brms
 6.75098 4.52612 2.15401 1.19835 1.2927 1.56958 2.22857 1.15135 1.03256 0.62795 0.378403 0.840668 0.907981 0.736349 0.434571 0.551102 2.12128 1.81516 4.41683 3.04044 3.16999 3.90253 3.73804 2.92623 4.30123 3.51353 2.84096 3.11364 4.5572 2.91261 1.66299
Sel_flota
 0.682952 0.976149 0.998716 0.999932 0.999996
 0.682952 0.976149 0.998716 0.999932 0.999996
 0.682952 0.976149 0.998716 0.999932 0.999996
 0.682952 0.976149 0.998716 0.999932 0.999996
 0.682952 0.976149 0.998716 0.999932 0.999996
 0.682952 0.976149 0.998716 0.999932 0.999996
 0.682952 0.976149 0.998716 0.999932 0.999996
 0.682952 0.976149 0.998716 0.999932 0.999996
 0.682952 0.976149 0.998716 0.999932 0.999996
 0.682952 0.976149 0.998716 0.999932 0.999996
 0.682952 0.976149 0.998716 0.999932 0.999996
 0.682952 0.976149 0.998716 0.999932 0.999996
 0.682952 0.976149 0.998716 0.999932 0.999996
 0.682952 0.976149 0.998716 0.999932 0.999996
 0.682952 0.976149 0.998716 0.999932 0.999996
 0.682952 0.976149 0.998716 0.999932 0.999996
 0.682952 0.976149 0.998716 0.999932 0.999996
 0.682952 0.976149 0.998716 0.999932 0.999996
 0.682952 0.976149 0.998716 0.999932 0.999996
 0.682952 0.976149 0.998716 0.999932 0.999996
 0.682952 0.976149 0.998716 0.999932 0.999996
 0.682952 0.976149 0.998716 0.999932 0.999996
 0.682952 0.976149 0.998716 0.999932 0.999996
 0.682952 0.976149 0.998716 0.999932 0.999996
 0.682952 0.976149 0.998716 0.999932 0.999996
 0.682952 0.976149 0.998716 0.999932 0.999996
 0.682952 0.976149 0.998716 0.999932 0.999996
 0.682952 0.976149 0.998716 0.999932 0.999996
 0.682952 0.976149 0.998716 0.999932 0.999996
 0.682952 0.976149 0.998716 0.999932 0.999996
 0.682952 0.976149 0.998716 0.999932 0.999996
Sel_reclas
 1 1 1 1 1
 1 1 1 1 1
 1 1 1 1 1
 1 1 1 1 1
 1 1 1 1 1
 1 1 1 1 1
 1 1 1 1 1
 1 1 1 1 1
 1 1 1 1 1
 1 1 1 1 1
 1 1 1 1 1
 1 1 1 1 1
 1 1 1 1 1
 1 1 1 1 1
 1 1 1 1 1
 1 1 1 1 1
 1 1 1 1 1
 1 1 1 1 1
 1 1 1 1 1
 1 1 1 1 1
 1 1 1 1 1
 1 1 1 1 1
 1 1 1 1 1
 1 1 1 1 1
 1 1 1 1 1
 1 1 1 1 1
 1 1 1 1 1
 1 1 1 1 1
 1 1 1 1 1
 1 1 1 1 1
 1 1 1 1 1
Sel_pelaces
 0.911614 1 1 1 1
 0.911614 1 1 1 1
 0.911614 1 1 1 1
 0.911614 1 1 1 1
 0.911614 1 1 1 1
 0.911614 1 1 1 1
 0.911614 1 1 1 1
 0.911614 1 1 1 1
 0.911614 1 1 1 1
 0.911614 1 1 1 1
 0.911614 1 1 1 1
 0.911614 1 1 1 1
 0.911614 1 1 1 1
 0.911614 1 1 1 1
 0.911614 1 1 1 1
 0.911614 1 1 1 1
 0.911614 1 1 1 1
 0.911614 1 1 1 1
 0.911614 1 1 1 1
 0.911614 1 1 1 1
 0.911614 1 1 1 1
 0.911614 1 1 1 1
 0.911614 1 1 1 1
 0.911614 1 1 1 1
 0.911614 1 1 1 1
 0.911614 1 1 1 1
 0.911614 1 1 1 1
 0.911614 1 1 1 1
 0.911614 1 1 1 1
 0.911614 1 1 1 1
 0.911614 1 1 1 1
pf_obs 
 0.8446 0.082 0.0669 0.0065 0
 0.8095 0.147 0.0364 0.0071 0
 0.9664 0.0169 0.016 0.0007 0
 0.9276 0.0648 0.0075 0.0001 0
 0.7033 0.2144 0.0806 0.0017 0
 0.9318 0.0425 0.0243 0.0014 0
 0.5671 0.3108 0.0964 0.0239 0.0018
 0.0768 0.2599 0.5324 0.112 0.0189
 0.490249 0.384438 0.106611 0.0170017 0.00170017
 0.7925 0.1577 0.0466 0.003 0.0002
 0.840416 0.127587 0.0312969 0.00059994 9.999e-05
 0.8084 0.0986 0.0794 0.0134 0.0002
 0.7335 0.1905 0.0724 0.0035 0.0001
 0.4001 0.4547 0.1325 0.0127 0
 0.49795 0.308269 0.164784 0.0264974 0.00249975
 0.9179 0.0499 0.0305 0.0017 0
 0.2467 0.6533 0.0926 0.0074 0
 0.9418 0.0223 0.034 0.0019 0
 0.707729 0.231977 0.0356964 0.0245975 0
 0.517169 0.277429 0.184464 0.0207286 0.00020938
 0.811772 0.124168 0.05621 0.00726502 0.000585176
 0.764997 0.148141 0.077277 0.00933861 0.000247198
 0.163321 0.427699 0.378323 0.0303852 0.000271297
 0.753843 0.0900009 0.118128 0.0371064 0.000921714
 0.721811 0.176058 0.0630433 0.0369309 0.00215725
 0.143369 0.312575 0.442814 0.0836902 0.0175525
 0.692698 0.0596174 0.167031 0.0765114 0.00414204
 0.394062 0.376323 0.152708 0.0712218 0.00568511
 0.125707 0.32114 0.495352 0.0537591 0.00404204
 0.23352 0.215282 0.420074 0.123614 0.00750983
 0.774587 0.0839891 0.0768558 0.0609784 0.00358967
pf_pred 
 0.492512 0.144494 0.338968 0.0240248 8.90123e-07
 0.431679 0.335564 0.0674635 0.154367 0.0109268
 0.589671 0.22052 0.113388 0.0221737 0.0542475
 0.731139 0.184892 0.0457165 0.0228651 0.015387
 0.664645 0.272279 0.0438014 0.010502 0.00877256
 0.765564 0.17427 0.0490783 0.00770268 0.00338496
 0.459666 0.449425 0.0680511 0.0186512 0.00420743
 0.458455 0.316652 0.18814 0.0275244 0.0092284
 0.556233 0.245044 0.117362 0.0680792 0.0132819
 0.742447 0.171735 0.0480539 0.0223175 0.015446
 0.846088 0.127459 0.0178469 0.0048235 0.00378339
 0.756768 0.216261 0.0224297 0.0030646 0.00147596
 0.702537 0.248084 0.0440606 0.00442354 0.000893899
 0.655231 0.272885 0.060267 0.0103671 0.001249
 0.767583 0.179606 0.04215 0.00894169 0.00171972
 0.945381 0.0462515 0.00651776 0.00147697 0.00037288
 0.371006 0.607042 0.0186791 0.00255031 0.000722583
 0.916533 0.0394794 0.0424936 0.00127131 0.000222417
 0.583886 0.392799 0.0111889 0.0117146 0.000411175
 0.622384 0.259342 0.111838 0.00309122 0.00334463
 0.741001 0.186572 0.0502013 0.0210181 0.00120755
 0.754608 0.19972 0.0331596 0.00867682 0.00383575
 0.309586 0.570944 0.0977697 0.015762 0.0059382
 0.746592 0.101522 0.126174 0.0210465 0.00466469
 0.6238 0.306678 0.0282873 0.0342626 0.00697221
 0.424011 0.409236 0.136598 0.01228 0.017876
 0.731114 0.139726 0.0924326 0.030093 0.00663438
 0.684237 0.253275 0.0328775 0.0211986 0.00841146
 0.336557 0.504526 0.128107 0.0162208 0.0145891
 0.410827 0.251231 0.258527 0.064036 0.0153798
 0.830499 0.087017 0.0357158 0.0357902 0.0109785
pobs_RECLAS
 0 0 0 0 0
 0 0 0 0 0
 0 0 0 0 0
 0 0 0 0 0
 0 0 0 0 0
 0 0 0 0 0
 0 0 0 0 0
 0 0 0 0 0
 0 0 0 0 0
 0 0 0 0 0
 0.991045 0.00858322 0.000360255 1.14367e-05 0
 0.934742 0.0480273 0.0164251 0.00080598 0
 0.827803 0.169806 0.00239088 0 0
 0.941827 0.0461693 0.0120037 0 0
 0.791401 0.0380133 0.147996 0.0225897 0
 0.846168 0.0940531 0.0597789 0 0
 0.134021 0.677848 0.182769 0.00536245 0
 0.80878 0.0450904 0.141981 0.00414843 0
 0.846168 0.0940531 0.0597789 0 0
 0.905697 0.0802665 0.012482 0.00150086 5.37128e-05
 0.989698 0.0102097 9.19794e-05 0 0
 0.975433 0.0193895 0.00387452 0.00125025 5.28907e-05
 0.303575 0.632131 0.0575291 0.00676475 0
 0.966965 0.00978017 0.0227588 0.000495775 0
 0.843318 0.132988 0.00938335 0.0141283 0.000182051
 0.564624 0.303363 0.111486 0.0197234 0.00080311
 0.826376 0.0876187 0.0782897 0.00655872 0.00115652
 0.89761 0.0855135 0.0140674 0.00269457 0.000114338
 0.34875 0.467042 0.161289 0.0227151 0.000203297
 0.318654 0.224769 0.449479 0.00709798 0
 0.937255 0.0296025 0.0250945 0.00804832 0
ppred_RECLAS
 0.586723 0.119654 0.274211 0.0194109 7.19131e-07
 0.526425 0.282461 0.0554439 0.126702 0.00896795
 0.67793 0.175043 0.0878772 0.0171631 0.0419863
 0.80032 0.138398 0.0333848 0.0166754 0.0112209
 0.741091 0.211143 0.0331832 0.00794629 0.00663725
 0.826119 0.130048 0.0357635 0.00560586 0.00246334
 0.558412 0.36889 0.0544378 0.0148997 0.00336089
 0.550925 0.265128 0.153917 0.02249 0.00753995
 0.649369 0.195796 0.091492 0.0530029 0.0103399
 0.81161 0.126719 0.0345542 0.0160258 0.0110907
 0.888021 0.0931071 0.0127371 0.00343821 0.00269664
 0.820947 0.159642 0.0161464 0.00220316 0.001061
 0.776613 0.187074 0.032407 0.00324923 0.000656552
 0.74276 0.204773 0.0439989 0.00755759 0.000910443
 0.831173 0.131234 0.0300124 0.00635805 0.00122273
 0.962218 0.0321167 0.00441451 0.000999032 0.0002522
 0.461282 0.520352 0.0156312 0.00213144 0.000603864
 0.941541 0.0280005 0.0294258 0.000879231 0.000153812
 0.672098 0.309962 0.00861553 0.00900847 0.000316171
 0.707508 0.202411 0.0851846 0.00235145 0.00254405
 0.806758 0.140147 0.036816 0.0153943 0.000884386
 0.818122 0.148703 0.0240949 0.0062967 0.00278338
 0.393912 0.503264 0.0841664 0.0135519 0.00510521
 0.811606 0.076553 0.0929282 0.0154815 0.00343104
 0.705963 0.240766 0.0216913 0.0262403 0.00533937
 0.516066 0.34617 0.112877 0.0101349 0.0147524
 0.798559 0.105879 0.0684132 0.0222452 0.00490391
 0.75801 0.195016 0.0247299 0.0159254 0.00631868
 0.423212 0.441092 0.109415 0.0138368 0.0124441
 0.505224 0.213888 0.214945 0.0531737 0.0127701
 0.877564 0.0636038 0.0254929 0.0255136 0.00782566
pobs_PELACES
 0 0 0 0 0
 0 0 0 0 0
 0 0 0 0 0
 0 0 0 0 0
 0 0 0 0 0
 0 0 0 0 0
 0 0 0 0 0
 0 0 0 0 0
 0 0 0 0 0
 0 0 0 0 0
 0 0 0 0 0
 0 0 0 0 0
 0 0 0 0 0
 0 0 0 0 0
 0 0 0 0 0
 0 0 0 0 0
 0.505614 0.472636 0.0217494 0 0
 0 0 0 0 0
 0.443492 0.261883 0.143347 0.151278 0
 0.227955 0.32914 0.350689 0.0885471 0.00366901
 0.970185 0.0296113 0.000203453 0 0
 0.997202 0.00247181 0.000326279 0 0
 0.445219 0.490057 0.0546422 0.010081 0
 0.90214 0.0892962 0.00764917 0.000914606 0
 0 0 0 0 0
 0.581667 0.319106 0.0959925 0.00289975 0.000334073
 0.762889 0.0836404 0.116647 0.0363945 0.000428098
 0.88444 0.0763242 0.0277011 0.0115352 0
 0.521256 0.241999 0.230069 0.00667565 0
 0.616807 0.101726 0.260614 0.0208532 0
 0.833518 0.0704572 0.0857862 0.0102388 0
ppred_PELACES
 0.569838 0.124693 0.285276 0.0201922 7.48075e-07
 0.513844 0.290346 0.056813 0.129809 0.00918775
 0.666709 0.181403 0.0907888 0.0177288 0.0433698
 0.79556 0.141909 0.03407 0.0170133 0.0114481
 0.727103 0.222616 0.0349309 0.00836411 0.00698621
 0.817977 0.136234 0.0373606 0.00585531 0.00257293
 0.556604 0.3708 0.0543664 0.0148749 0.00335525
 0.53175 0.276579 0.160382 0.0234331 0.00785611
 0.642341 0.200135 0.0930906 0.0539157 0.0105178
 0.810922 0.127464 0.0345283 0.0160081 0.0110782
 0.880446 0.0994292 0.0135829 0.00366623 0.00287547
 0.817876 0.162478 0.0163434 0.00222938 0.00107361
 0.772202 0.190927 0.0329058 0.00329833 0.000666463
 0.747698 0.201212 0.0428473 0.00735621 0.000886161
 0.83052 0.131939 0.0299735 0.00634754 0.00122069
 0.961276 0.0329421 0.00450496 0.00101922 0.000257293
 0.449189 0.532094 0.0159303 0.00217183 0.000615302
 0.93869 0.0294135 0.0308151 0.000920588 0.000161046
 0.664122 0.317579 0.00878906 0.00918777 0.00032246
 0.699542 0.208187 0.087258 0.00240816 0.00260537
 0.798886 0.145987 0.0382268 0.0159814 0.000918107
 0.812205 0.153655 0.0247969 0.00647874 0.00286382
 0.379557 0.515399 0.0859864 0.0138431 0.00521488
 0.801767 0.0806556 0.0976965 0.016274 0.00360665
 0.692453 0.251929 0.0226483 0.0273949 0.00557427
 0.498705 0.358768 0.116782 0.0104845 0.0152612
 0.788095 0.111493 0.0718875 0.0233722 0.00515233
 0.744983 0.205585 0.0260252 0.0167579 0.00664897
 0.406064 0.454384 0.112526 0.014229 0.0127967
 0.490807 0.220445 0.220966 0.0546557 0.0131259
 0.87145 0.0668701 0.0267289 0.0267467 0.00820383
pobs_pel_tallas
 0 0 0 0 0 0 0 0 0 0 0 0 0 0 0 0 0 0 0 0 0 0 0 0 0 0
 0 0 0 0 0 0 0 0 0 0 0 0 0 0 0 0 0 0 0 0 0 0 0 0 0 0
 0 0 0 0 0 0 0 0 0 0 0 0 0 0 0 0 0 0 0 0 0 0 0 0 0 0
 0 0 0 0 0 0 0 0 0 0 0 0 0 0 0 0 0 0 0 0 0 0 0 0 0 0
 0 0 0 0 0 0 0 0 0 0 0 0 0 0 0 0 0 0 0 0 0 0 0 0 0 0
 0 0 0 0 0 0 0 0 0 0 0 0 0 0 0 0 0 0 0 0 0 0 0 0 0 0
 0 0 0 0 0 0 0 0 0 0 0 0 0 0 0 0 0 0 0 0 0 0 0 0 0 0
 0 0 0 0 0 0 0 0 0 0 0 0 0 0 0 0 0 0 0 0 0 0 0 0 0 0
 0 0 0 0 0 0 0 0 0 0 0 0 0 0 0 0 0 0 0 0 0 0 0 0 0 0
 0 0 0 0 0 0 0 0 0 0 0 0 0 0 0 0 0 0 0 0 0 0 0 0 0 0
 0 0 0 0 0 0 0 0 0 0 0 0 0 0 0 0 0 0 0 0 0 0 0 0 0 0
 0 0 0 0 0 0 0 0 0 0 0 0 0 0 0 0 0 0 0 0 0 0 0 0 0 0
 0.00862536 0 0 0.000197151 0.00414017 0.0128641 0.00837892 0.0270097 0.101434 0.158115 0.152841 0.127902 0.109271 0.109419 0.0830992 0.0579132 0.0238553 0.00714673 0.00463305 0.00128148 0.00103504 0.000492878 0.000147863 0.000147863 4.92878e-05 0
 0 0 0 0 0 0 0 0 0 0 0 0 0 0 0 0 0 0 0 0 0 0 0 0 0 0
 0 0 0 0 0 0 0 0.0054083 0.00873648 0.0413646 0.0450493 0.0745869 0.0622846 0.0627006 0.0613931 0.0827291 0.12552 0.122667 0.0946155 0.0697135 0.0546179 0.0294188 0.0215738 0.0213955 0.0102223 0.00600262
 0 0 0 0 0.00359764 0.0251062 0.0480494 0.140153 0.205849 0.193036 0.1447 0.116669 0.0760912 0.0342217 0.00950174 0.001854 0.000860785 0 0 0 0.000165536 0 0.000143464 0 0 0
 0 0 0 0 0 0 0 0.000145254 0.000435761 0.0275982 0.070085 0.0708112 0.156366 0.174668 0.174014 0.160142 0.0824315 0.0480064 0.0283245 0.00493863 0.00203355 0 0 0 0 0
 0 0 0 0 0 0 0 0 0 0 0 0 0 0 0 0 0 0 0 0 0 0 0 0 0 0
 0 0 1.00437e-05 0.000401748 0.00122533 0.00171747 0.00176769 0.0269171 0.070346 0.194647 0.189555 0.159765 0.064822 0.0314167 0.0384472 0.0292271 0.0345202 0.0313363 0.0194345 0.0106764 0.0143323 0.0359363 0.0279516 0.0138201 0.00172751 0
 0 0.0021121 0.0136068 0.0755702 0.200478 0.177729 0.0527432 0.0373336 0.0318909 0.0142505 0.0149659 0.0166563 0.0217959 0.0798694 0.0677717 0.0528807 0.04013 0.0224614 0.0357745 0.0225083 0.00881397 0.00855152 0.00135912 0.000746735 0 0
 0 0 0 0 5.4009e-05 0.00500934 0.000945158 0.0243581 0.138947 0.33067 0.221406 0.137944 0.0707744 0.0437923 0.0131692 0.00525238 0.0047753 0.00276346 9.45158e-05 9.00151e-06 2.25038e-05 9.00151e-06 4.50075e-06 0 0 0
 0.000866109 0.00284123 0.00948549 0.0512746 0.133035 0.25785 0.225252 0.132002 0.0553304 0.0519788 0.0540692 0.017754 0.00435017 0.00159236 0.00146478 0.000404838 0.000125132 0.000115318 0.000107957 0.000100596 0 0 0 0 0 0
 0 0 0 0 0.00144013 0.00171154 0.00461396 0.0210425 0.0478622 0.0707936 0.0888783 0.103762 0.0637923 0.0337046 0.0602308 0.124433 0.169614 0.0934646 0.0462172 0.0250306 0.0313229 0.00938855 0.002487 0.000210481 0 0
 0 0.00764035 0.051015 0.0998891 0.058973 0.0496711 0.0374665 0.0718981 0.12319 0.153886 0.159021 0.0857701 0.0377988 0.023471 0.0147837 0.00900784 0.00315554 0.000888139 0.00291439 0.00214683 0.00393193 0.00274676 0.000635225 9.99891e-05 0 0
 0 0 0 0 0 0 0 0 0 0 0 0 0 0 0 0 0 0 0 0 0 0 0 0 0 0
 0 0 0 0 0 0 0 0 0 0 0 0 0 0 0 0 0 0 0 0 0 0 0 0 0 0
 0 0 0 0 0 0 0 0 0 0 0 0 0 0 0 0 0 0 0 0 0 0 0 0 0 0
 0 0 0 0 0 0 0 0 0 0 0 0 0 0 0 0 0 0 0 0 0 0 0 0 0 0
 0 0 0 0 0 0 0 0 0 0 0 0 0 0 0 0 0 0 0 0 0 0 0 0 0 0
 0 0 0 0 0 0 0 0 0 0 0 0 0 0 0 0 0 0 0 0 0 0 0 0 0 0
 0 0 0 0 0 0 0 0 0 0 0 0 0 0 0 0 0 0 0 0 0 0 0 0 0 0
ppred_pel_tallas
 1.1029e-16 4.69368e-05 0.000456243 0.00303189 0.0137826 0.0428827 0.0913666 0.133355 0.133367 0.0914276 0.0430886 0.0143826 0.00455825 0.00385464 0.00669511 0.0114989 0.0177329 0.0247357 0.0317734 0.0383632 0.0442989 0.0492887 0.052601 0.0531843 0.0502674 0.0439597
 1.16287e-16 4.23248e-05 0.000411412 0.00273398 0.0124283 0.0386691 0.0823897 0.120256 0.120284 0.0825268 0.0391297 0.0137596 0.00607989 0.00772945 0.0139837 0.023171 0.0336764 0.0430359 0.0488223 0.0500628 0.0478641 0.044625 0.0424392 0.0419243 0.0422006 0.0417541
 1.11784e-16 5.4916e-05 0.000533803 0.00354731 0.0161256 0.0501727 0.106899 0.156026 0.156043 0.106985 0.050462 0.0169624 0.00565363 0.00515082 0.00887963 0.014742 0.0215858 0.0279049 0.0322073 0.0338408 0.0333565 0.0320401 0.0309948 0.0305171 0.0301461 0.0291688
 1.04664e-16 6.55292e-05 0.000636967 0.00423287 0.019242 0.0598692 0.127558 0.186178 0.186191 0.127625 0.0600942 0.0198923 0.00586652 0.00420814 0.0068626 0.0112813 0.0163407 0.0207582 0.0232792 0.0233461 0.0214264 0.0186702 0.0161778 0.0144486 0.0133412 0.0124078
 1.03087e-16 5.98906e-05 0.000582158 0.00386864 0.0175863 0.0547176 0.116582 0.17016 0.170182 0.116687 0.0550698 0.0186036 0.00642248 0.00615836 0.0106536 0.0175271 0.0252651 0.0318204 0.0351479 0.0343081 0.0300201 0.0241603 0.0186237 0.0144373 0.0116368 0.00971921
 1.02136e-16 6.73757e-05 0.000654916 0.00435215 0.0197842 0.0615562 0.131152 0.191424 0.191437 0.131217 0.0617722 0.0204086 0.00592069 0.00408362 0.00659249 0.010827 0.0156714 0.0198763 0.0222104 0.0220974 0.0199368 0.0167934 0.0137197 0.0112517 0.00937483 0.00781912
 1.03724e-16 4.58468e-05 0.000445647 0.00296148 0.0134625 0.041887 0.089246 0.130265 0.1303 0.0894207 0.0424734 0.0151564 0.00721356 0.00972862 0.0176778 0.0291576 0.0420103 0.0528546 0.0582697 0.0566735 0.049254 0.0391404 0.0295126 0.0221234 0.0170889 0.0136309
 1.08379e-16 4.37996e-05 0.000425748 0.00282925 0.0128614 0.0400166 0.0852606 0.124446 0.124473 0.0853919 0.040458 0.0141387 0.00604499 0.00747665 0.0135254 0.0225274 0.032999 0.0426487 0.0491321 0.0513165 0.0498395 0.0464433 0.0426769 0.0390631 0.0352452 0.0307166
 1.09925e-16 5.29088e-05 0.000514292 0.00341765 0.0155362 0.0483389 0.102992 0.150324 0.150343 0.103087 0.0486579 0.016459 0.00574012 0.00560427 0.00977927 0.0162416 0.0237686 0.0306975 0.035374 0.0370656 0.0363604 0.0346461 0.0331005 0.0320173 0.0308891 0.0289933
 1.0451e-16 6.67946e-05 0.000649267 0.00431461 0.0196136 0.0610252 0.130021 0.189772 0.189785 0.130081 0.0612275 0.0201981 0.00578347 0.00386127 0.00618334 0.0101604 0.0147354 0.0187586 0.0211113 0.0212962 0.019727 0.0174187 0.0153317 0.0138851 0.0129311 0.0120619
 1.01272e-16 7.25212e-05 0.000704932 0.00468452 0.0212952 0.0662572 0.141168 0.206041 0.206051 0.141215 0.0664144 0.0217493 0.00582443 0.00319337 0.00479858 0.00781851 0.0112567 0.0141583 0.0156036 0.0151718 0.0131884 0.0105009 0.0079694 0.00606541 0.00481235 0.00398465
 1.00919e-16 6.73674e-05 0.000654835 0.00435161 0.0197818 0.0615486 0.131136 0.191401 0.191416 0.131213 0.0618053 0.0205231 0.0062117 0.00471354 0.00776996 0.0127238 0.0182873 0.0229213 0.0251046 0.0241332 0.0205371 0.0157242 0.0111482 0.00764573 0.00532218 0.00385844
 1.01443e-16 6.36053e-05 0.000618266 0.0041086 0.0186771 0.0581115 0.123813 0.180713 0.180731 0.123903 0.0584136 0.0195497 0.0062993 0.00540172 0.00915146 0.0150365 0.0216721 0.0272871 0.0301151 0.0293301 0.0255223 0.0202762 0.0152077 0.0112181 0.00839393 0.00638467
 1.02176e-16 6.1587e-05 0.000598647 0.00397822 0.0180844 0.0562675 0.119885 0.174979 0.174998 0.119979 0.0565861 0.0190051 0.00629022 0.00564925 0.0096638 0.0159052 0.022967 0.0290074 0.0321845 0.031637 0.0279746 0.0228266 0.0178323 0.0138716 0.0109838 0.00878378
 1.01742e-16 6.84088e-05 0.000664958 0.00441888 0.0200876 0.0625 0.133163 0.194359 0.194371 0.133226 0.0627091 0.0206915 0.00593575 0.0039792 0.00637127 0.0104469 0.0150943 0.0190892 0.0212289 0.0209534 0.0186621 0.0154153 0.0122714 0.00978627 0.00796497 0.00654144
 1.00285e-16 7.91791e-05 0.000769649 0.00511459 0.0232502 0.0723399 0.154128 0.224955 0.224958 0.154143 0.072392 0.0234006 0.0054922 0.00159393 0.00164449 0.00259297 0.00372658 0.00468389 0.00515534 0.0049994 0.00432174 0.00340194 0.00252539 0.00185153 0.00139405 0.00108583
 1.00918e-16 3.69992e-05 0.000359646 0.00238997 0.0108645 0.0338038 0.0720244 0.105132 0.105184 0.0722745 0.0346431 0.0132876 0.00846752 0.0136111 0.0251569 0.0414077 0.059356 0.0740309 0.0803914 0.0761127 0.0630035 0.0458577 0.029697 0.0175185 0.00982379 0.00556467
 1.01017e-16 7.73186e-05 0.000751565 0.00499441 0.0227039 0.0706402 0.150506 0.219669 0.219672 0.150521 0.0706876 0.0228412 0.00534112 0.0015149 0.00154592 0.00248239 0.00368206 0.00486523 0.00579434 0.00634482 0.00654792 0.00651833 0.00633404 0.00598092 0.00540104 0.00458248
 1.01311e-16 5.47029e-05 0.000531732 0.00353355 0.016063 0.0499781 0.106485 0.155424 0.155455 0.106634 0.0504791 0.0175094 0.00716139 0.00844231 0.0150518 0.024728 0.0354551 0.0442493 0.0481133 0.0456761 0.0380318 0.0280455 0.0186992 0.0117425 0.00741731 0.00503904
 1.03254e-16 5.76204e-05 0.00056009 0.003722 0.0169197 0.0526435 0.112163 0.16371 0.16373 0.112262 0.0529745 0.0178769 0.00612904 0.0058284 0.0101031 0.0167148 0.0243118 0.0310655 0.0351268 0.0356006 0.0330125 0.028835 0.0244942 0.020673 0.0173275 0.0141587
 1.02899e-16 6.58032e-05 0.000639631 0.00425057 0.0193225 0.0601195 0.128092 0.186956 0.18697 0.12816 0.060351 0.0199916 0.00593157 0.0043144 0.00706011 0.0116079 0.0168105 0.0213417 0.0238948 0.0238684 0.0217063 0.0185559 0.0155322 0.0131725 0.0114043 0.00987993
 1.0189e-16 6.69003e-05 0.000650295 0.00432144 0.0196446 0.0611219 0.130227 0.190073 0.190088 0.1303 0.061365 0.0203469 0.00608437 0.0044997 0.00738037 0.0121026 0.017445 0.0219741 0.0242759 0.0236988 0.0207339 0.0166694 0.012807 0.0098536 0.00783941 0.00643059
 1.04884e-16 3.12637e-05 0.000303894 0.00201949 0.00918033 0.0285637 0.0608598 0.088837 0.0888867 0.0611026 0.0293791 0.0115358 0.00793283 0.0132157 0.0245615 0.0405774 0.0584994 0.0736641 0.0813222 0.0792623 0.0691011 0.0551366 0.0417371 0.0313143 0.0240498 0.018926
 1.05083e-16 6.60405e-05 0.000641937 0.0042659 0.0193922 0.0603363 0.128553 0.187629 0.187637 0.128592 0.0604667 0.0197707 0.00522276 0.00275301 0.00414059 0.00691119 0.0103475 0.0138446 0.0168102 0.0189403 0.02032 0.0212043 0.0216845 0.0215593 0.020511 0.0184009
 1.04409e-16 5.70365e-05 0.000554415 0.00368429 0.0167482 0.0521101 0.111027 0.162052 0.162077 0.111146 0.0525083 0.017898 0.00656993 0.00685234 0.0120141 0.0197629 0.0284477 0.035751 0.0393638 0.0382542 0.0332994 0.0267046 0.0206802 0.0163954 0.0138148 0.0122277
 1.07096e-16 4.10777e-05 0.00039929 0.00265342 0.0120621 0.0375299 0.0799626 0.116715 0.11675 0.0801321 0.0380994 0.0137083 0.00679068 0.00944749 0.0172737 0.0286184 0.0415163 0.0528222 0.0593333 0.0595428 0.0544727 0.0468497 0.0393364 0.0332381 0.02845 0.0242553
 1.05319e-16 6.49143e-05 0.00063099 0.00419315 0.0190615 0.0593074 0.126361 0.18443 0.184441 0.126414 0.0594857 0.0195776 0.00549345 0.003485 0.00553077 0.00916062 0.0134721 0.0175372 0.020448 0.0217821 0.0218074 0.0211943 0.020484 0.0197619 0.0187474 0.0171288
 1.0361e-16 6.13633e-05 0.000596474 0.00396378 0.0180188 0.0560632 0.119449 0.174344 0.174364 0.119546 0.0563883 0.0189578 0.00632086 0.00574231 0.00983538 0.0161666 0.023294 0.0293231 0.0323729 0.0315948 0.0276829 0.0224022 0.0175212 0.0139739 0.0117404 0.010277
 1.06956e-16 3.34471e-05 0.000325118 0.00216052 0.00982145 0.0305584 0.0651096 0.0950385 0.0950824 0.065324 0.0312785 0.0119024 0.00738753 0.0117478 0.0217626 0.0360174 0.0520962 0.0659604 0.0734939 0.072773 0.0651604 0.0542756 0.043722 0.0353747 0.029229 0.0243652
 1.14136e-16 4.04272e-05 0.000392966 0.0026114 0.0118711 0.0369354 0.0786956 0.114863 0.114885 0.0788011 0.0372905 0.0129008 0.00521138 0.00611931 0.0110646 0.0186181 0.0277309 0.0367951 0.0441572 0.0490127 0.0517271 0.0532354 0.0540655 0.05387 0.0518039 0.0473023
 1.0486e-16 7.17802e-05 0.000697729 0.00463666 0.0210776 0.0655802 0.139726 0.203935 0.203942 0.139757 0.0656867 0.0213858 0.00541216 0.00239723 0.00331925 0.00542728 0.00794109 0.0102705 0.0118771 0.012545 0.0125068 0.0122574 0.0121967 0.0123859 0.0125708 0.0123963
pSPR Fmed_Fpbrs
0.505447   0.239734 0.239734
Fs Fmed_Fpbrs
0.417494   1.005 1.005
SSBpbr Bo_Bmed_Bpbrs
1.43021e+06  651384  271359 271359
Ro
130614
SPR SPRFo_SPRFmed_SPRFpbrs
933618 471895 223820
Fref
1.005
Nvult_r0
 145236 11561.9 4666.55 4672.1 1433.08
CTP_r0
 29080.7 3046.99 1250.62 1253.23 384.422
YTP_r0
391292
Np
 164218 58290.2 4003.69 1598.08 2006.74
Nvult_p0
 133806 50250.4 3463.85 1382.87 1736.51
CTP_p0
 54460.3 24884.6 1735.13 693.136 870.418
YTP_p0
 901290
CBA_c0
544292
log_Ro
11.6
likeval ReclasPelacesDesembMPH_pf_preclas_ppelaces_ptallas_desvR_qrecl_qpela
 12.2655 16.9442 0.028794 0.000822903 241.687 116.891 99.6569 0 24.3154 6.59471e-06 2.09246e-05 0.140963 0 0 0
q_reclas_q_pelaces
1.43893 1.91706
M
1
N
 165997 35004.4 80426.7 5694.03 0.210953
 91545.3 52253.4 10305.7 23556.9 1667.38
 92009.9 25247.7 12734.6 2487.8 6086.02
 134300 25493.4 6193.86 3094.98 2082.66
 108880 32002.7 5041.62 1207.46 1008.56
 208323 34641.3 9566.72 1499.9 659.099
 79119 59372.2 8848.05 2423 546.566
 32655.7 16072.4 9346.82 1365.86 457.918
 32777.6 10819.3 5090.99 2950.41 575.583
 44482 7909.73 2178.54 1010.93 699.633
 82828.3 8928.2 1223.99 330.437 259.169
 123648 26783.1 2731.46 372.871 179.572
 103310 27521.9 4804.73 481.939 97.3845
 72262.8 23775.7 5178.61 890.17 107.241
 64811.6 11664.4 2694.57 571.148 109.842
 351152 12957 1794.77 406.336 102.58
 67182.2 80967.9 2444.67 333.441 94.4696
 574511 18160.4 19174.7 573.077 100.255
 316670 159054 4450.11 4654.73 163.37
 252477 78280.4 33148.7 915.351 990.34
 344984 63857.6 16857.3 7050.6 405.055
 479721 94416.3 15392.6 4023.87 1778.74
 90890.4 121815 20447.7 3292.99 1240.54
 271803 26753.8 32583.4 5429.23 1203.25
 230430 81980 7409.86 8965.41 1824.3
 100299 69619.9 22761 2043.94 2975.19
 227562 31464.1 20396.1 6633.15 1462.28
 258703 68857.8 8754.71 5638.58 2237.22
 75448 81237.6 20202 2555.12 2297.95
 53556.4 23849.8 24061.1 5953.56 1429.81
 203526 15565.5 6264.64 6271.13 1923.54
pred_Ctot
 15337.7 4499.81 10556.1 748.174 0.02772
 14828.2 11526.6 2317.37 5302.48 375.334
 14691.3 5494.12 2824.99 552.445 1351.55
 30973.2 7832.58 1936.69 968.634 651.84
 9412.45 3855.92 620.299 148.726 124.234
 30289.7 6895.01 1941.79 304.758 133.927
 23490.3 22967 3477.62 953.135 215.012
 2069.41 1429.33 849.239 124.242 41.6558
 7375.63 3249.27 1556.21 902.727 176.118
 13413.9 3102.77 868.196 403.214 279.065
 6403.66 964.677 135.075 36.5069 28.6348
 32147.1 9186.66 952.798 130.182 62.698
 25394.9 8967.62 1592.68 159.9 32.3122
 27371.4 11399.4 2517.57 433.072 52.1751
 19643.8 4596.43 1078.69 228.833 44.0107
 86030.5 4208.93 593.123 134.406 33.9324
 11548 18895 581.41 79.3816 22.4913
 91961.4 3961.22 4263.65 127.559 22.3165
 67814.3 45620.9 1299.52 1360.57 47.7552
 51408.2 21421.4 9237.7 255.331 276.263
 57196.1 14401.1 3874.92 1622.34 93.2078
 96793.9 25618.2 4253.39 1112.98 492.014
 11693.6 21565.5 3692.93 595.358 224.296
 31452.9 4276.99 5315.53 886.661 196.517
 26454.1 13005.6 1199.61 1453.01 295.677
 9459.3 9129.68 3047.37 273.956 398.798
 25939.3 4957.37 3279.43 1067.68 235.382
 24253.5 8977.6 1165.38 751.405 298.153
 6795.21 10186.6 2586.53 327.504 294.558
 7245.86 4431.02 4559.7 1129.42 271.257
 29080.7 3046.99 1250.62 1253.23 384.422
F
 0.155862 0.222776 0.227926 0.228203 0.228218
 0.288097 0.41178 0.421299 0.421812 0.421839
 0.283478 0.405178 0.414545 0.41505 0.415077
 0.434258 0.62069 0.635039 0.635812 0.635853
 0.145196 0.20753 0.212328 0.212586 0.2126
 0.255263 0.364849 0.373284 0.373739 0.373762
 0.593846 0.84879 0.868412 0.86947 0.869526
 0.10469 0.149635 0.153094 0.15328 0.15329
 0.421652 0.602671 0.616603 0.617354 0.617394
 0.60587 0.865976 0.885995 0.887074 0.887131
 0.128998 0.184378 0.18864 0.18887 0.188882
 0.50246 0.718171 0.734774 0.735669 0.735716
 0.469068 0.670444 0.685943 0.686779 0.686823
 0.823771 1.17742 1.20464 1.20611 1.20619
 0.609849 0.871664 0.891815 0.892901 0.892958
 0.467167 0.667726 0.683162 0.683995 0.684038
 0.308163 0.440461 0.450643 0.451192 0.451221
 0.284274 0.406316 0.415709 0.416215 0.416242
 0.397563 0.56824 0.581377 0.582085 0.582122
 0.374665 0.535512 0.547892 0.548559 0.548595
 0.295784 0.422767 0.43254 0.433067 0.433095
 0.370699 0.529844 0.542093 0.542753 0.542788
 0.222977 0.318704 0.326071 0.326469 0.32649
 0.198603 0.283866 0.290428 0.290782 0.2908
 0.196896 0.281425 0.287931 0.288281 0.2883
 0.159312 0.227706 0.23297 0.233254 0.233269
 0.195378 0.279256 0.285712 0.28606 0.286078
 0.158301 0.226261 0.231491 0.231773 0.231788
 0.151669 0.216781 0.221793 0.222063 0.222077
 0.235676 0.336854 0.344641 0.345061 0.345083
 0.250361 0.357843 0.366116 0.366562 0.366585
nmprior
 8.19 8.8 8.5 0
nm_flota  nm_reclas  nm_pelaces    nm_pelaL
inf 14.3566 18.1749 43.3825
cv_recla  cv_pelaces  cv_mph
0.316787 0.466748 0.885278
 ------------------------------------------------
Talla a la edad & desviaci?n 
 8 13.2811 15.8009 17.003 17.5766
 0.8 1.32811 1.58009 1.7003 1.75766
