years
 1991 1992 1993 1994 1995 1996 1997 1998 1999 2000 2001 2002 2003 2004 2005 2006 2007 2008 2009 2010 2011 2012 2013 2014 2015 2016 2017 2018 2019 2020 2021
reclasobs
 0 0 0 0 0 0 0 0 0 252601 567819 844713 477998 351125 339783 2.1784e+06 2.13404e+06 4.81314e+06 1.55562e+06 2.62356e+06 3.21686e+06 3.843e+06 1.13348e+06 3.07943e+06 1.97215e+06 2.03268e+06 2.025e+06 2.42433e+06 2.27542e+06 1.05018e+06 2.36338e+06
reclaspred
 3.3048e+06 1.8794e+06 953878 954938 954847 1.46328e+06 977659 877255 643362 477226 508113 634572 631216 510925 521013 1.268e+06 1.27179e+06 2.71624e+06 2.26417e+06 1.7082e+06 3.0297e+06 2.46407e+06 1.99853e+06 3.03992e+06 2.29656e+06 2.03357e+06 2.38075e+06 2.50792e+06 2.09273e+06 1.35003e+06 1.93345e+06
pelacesobs
 0 0 0 0 0 0 0 0 0 0 0 0 0 0 0 552880 188675 0 991730 2.46772e+06 1.41603e+06 1.21717e+06 2.29649e+06 1.80582e+06 0 1.4828e+06 1.56532e+06 1.57751e+06 1.42118e+06 867257 1.10002e+06
pelacespred
 1.85686e+06 1.1846e+06 608820 496369 507385 802844 514477 546710 396856 281878 304960 320413 348319 302547 313771 628721 629094 1.52955e+06 1.33407e+06 939759 1.58223e+06 1.4207e+06 1.13683e+06 1.87737e+06 1.37807e+06 1.21164e+06 1.61095e+06 1.67772e+06 1.15148e+06 846340 1.19312e+06
mphobs
 0 0 0 0 0 0 0 0 0 0 0 498337 0 5186 125008 0 168611 109162 213762 579715 649985 157893 87575 83554 0 0 0 0 0 0 0
mphpred
 493799 331370 168436 91499.5 101975 113759 148854 99772 87034.2 61739 41509.7 59114 63772.4 55445.6 40052.9 49922.3 146721 144362 268381 208018 223937 275615 262501 220020 301481 249232 205779 217124 299207 208375 134225
desembarqueobs
 494567 514787 250237 358949 120608 361735 552515 73892 212993 205616 52469 317467 293654 387597 252695 516296 358380 742168 942051 627588 828172 859565 418607 520667 417249 300574 407403 355545 319650 289779 391294
desembarquepred
 494574 513265 251016 358972 120612 361748 552565 73895.4 213034 205654 52471.2 317531 293708 387653 252699 516278 358402 742098 941915 627498 828235 859600 418619 520689 417252 300577 407406 355537 319648 289788 391299
Reclutas
 228675 131611 130059 235591 188428 312600 131505 62140.8 57140.6 74568.6 135903 172507 144981 102141 105292 550955 125401 837635 488769 374096 565689 756483 164074 482719 405924 183499 406899 455660 138533 101335 374956
log_desv_Rt
 0.0653572 -0.487097 -0.498956 0.0951533 -0.128229 0.37798 -0.4879 -1.23754 -1.32143 -1.05523 -0.455006 -0.216508 -0.390341 -0.740592 -0.71021 0.944708 -0.535426 1.36364 0.824945 0.557569 0.9711 1.26174 -0.266629 0.81249 0.639221 -0.154738 0.64162 0.754803 -0.435837 -0.748516 0.559864
SSB
 4.25279e+06 2.85389e+06 1.45064e+06 788030 878246 979734 1.28199e+06 859276 749573 531721 357498 509113 549233 477519 344951 429951 1.26362e+06 1.2433e+06 2.3114e+06 1.79154e+06 1.92864e+06 2.3737e+06 2.26076e+06 1.8949e+06 2.59648e+06 2.14649e+06 1.77225e+06 1.86996e+06 2.57689e+06 1.79461e+06 1.156e+06
BT
 5.62003e+06 3.8288e+06 1.95875e+06 1.69434e+06 1.51617e+06 2.5576e+06 1.93867e+06 1.59566e+06 1.32337e+06 989324 900192 1.16598e+06 1.24369e+06 1.25189e+06 1.13304e+06 2.18187e+06 2.04288e+06 4.93996e+06 4.647e+06 3.19885e+06 5.10527e+06 4.78659e+06 3.55044e+06 5.74316e+06 4.24495e+06 3.66093e+06 4.92818e+06 5.05542e+06 3.48926e+06 2.65168e+06 3.71322e+06
Ftot
 0.100019 0.180372 0.17491 0.259791 0.0871225 0.173836 0.372284 0.0578645 0.225563 0.291437 0.0741099 0.343546 0.318813 0.513999 0.342234 0.295836 0.190369 0.196594 0.284008 0.251702 0.190692 0.241651 0.141235 0.122161 0.124636 0.100937 0.121492 0.101465 0.101804 0.144181 0.145337
BD_Bspro_t
 0.984124 0.881509 0.752708 0.675597 0.669984 0.732509 0.723126 0.588178 0.639274 0.605954 0.578318 0.738133 0.63292 0.552618 0.457345 0.513169 0.659477 0.643858 0.718727 0.635091 0.609473 0.6548 0.669818 0.667025 0.757282 0.764759 0.771693 0.801357 0.837794 0.784877 0.730766
BD_Bspro
 2.77754 1.8639 0.947425 0.514669 0.57359 0.639872 0.837277 0.561201 0.489552 0.347271 0.233485 0.332506 0.358709 0.311872 0.225291 0.280805 0.825283 0.812011 1.5096 1.17007 1.25961 1.55029 1.47652 1.23758 1.69578 1.40189 1.15747 1.22128 1.68299 1.17207 0.754993
BD_Bo
 1.87387 1.25749 0.639183 0.347223 0.386974 0.431692 0.564871 0.378616 0.330278 0.234288 0.157521 0.224326 0.242004 0.210405 0.151993 0.189446 0.55678 0.547826 1.01845 0.78939 0.849798 1.04591 0.996141 0.834935 1.14406 0.945789 0.780891 0.823943 1.13543 0.790742 0.509358
BD_Brms
 12.5193 8.40121 4.27036 2.31978 2.58536 2.88412 3.77388 2.52952 2.20657 1.56527 1.05239 1.49872 1.61682 1.40571 1.01546 1.26568 3.71982 3.66 6.80425 5.27389 5.67747 6.98765 6.65518 5.57817 7.64344 6.31878 5.21711 5.50473 7.58578 5.28292 3.403
Sel_flota
 0.856004 1 1 1 1
 0.856004 1 1 1 1
 0.856004 1 1 1 1
 0.856004 1 1 1 1
 0.856004 1 1 1 1
 0.856004 1 1 1 1
 0.856004 1 1 1 1
 0.856004 1 1 1 1
 0.856004 1 1 1 1
 0.856004 1 1 1 1
 0.856004 1 1 1 1
 0.856004 1 1 1 1
 0.856004 1 1 1 1
 0.856004 1 1 1 1
 0.856004 1 1 1 1
 0.856004 1 1 1 1
 0.856004 1 1 1 1
 0.856004 1 1 1 1
 0.856004 1 1 1 1
 0.856004 1 1 1 1
 0.856004 1 1 1 1
 0.856004 1 1 1 1
 0.856004 1 1 1 1
 0.856004 1 1 1 1
 0.856004 1 1 1 1
 0.856004 1 1 1 1
 0.856004 1 1 1 1
 0.856004 1 1 1 1
 0.856004 1 1 1 1
 0.856004 1 1 1 1
 0.856004 1 1 1 1
Sel_reclas
 1 1 1 1 1
 1 1 1 1 1
 1 1 1 1 1
 1 1 1 1 1
 1 1 1 1 1
 1 1 1 1 1
 1 1 1 1 1
 1 1 1 1 1
 1 1 1 1 1
 1 1 1 1 1
 1 1 1 1 1
 1 1 1 1 1
 1 1 1 1 1
 1 1 1 1 1
 1 1 1 1 1
 1 1 1 1 1
 1 1 1 1 1
 1 1 1 1 1
 1 1 1 1 1
 1 1 1 1 1
 1 1 1 1 1
 1 1 1 1 1
 1 1 1 1 1
 1 1 1 1 1
 1 1 1 1 1
 1 1 1 1 1
 1 1 1 1 1
 1 1 1 1 1
 1 1 1 1 1
 1 1 1 1 1
 1 1 1 1 1
Sel_pelaces
 1 1 1 1 1
 1 1 1 1 1
 1 1 1 1 1
 1 1 1 1 1
 1 1 1 1 1
 1 1 1 1 1
 1 1 1 1 1
 1 1 1 1 1
 1 1 1 1 1
 1 1 1 1 1
 1 1 1 1 1
 1 1 1 1 1
 1 1 1 1 1
 1 1 1 1 1
 1 1 1 1 1
 1 1 1 1 1
 1 1 1 1 1
 1 1 1 1 1
 1 1 1 1 1
 1 1 1 1 1
 1 1 1 1 1
 1 1 1 1 1
 1 1 1 1 1
 1 1 1 1 1
 1 1 1 1 1
 1 1 1 1 1
 1 1 1 1 1
 1 1 1 1 1
 1 1 1 1 1
 1 1 1 1 1
 1 1 1 1 1
pf_obs 
 0.8446 0.082 0.0669 0.0065 0
 0.8095 0.147 0.0364 0.0071 0
 0.9664 0.0169 0.016 0.0007 0
 0.9276 0.0648 0.0075 0.0001 0
 0.7033 0.2144 0.0806 0.0017 0
 0.9318 0.0425 0.0243 0.0014 0
 0.5671 0.3108 0.0964 0.0239 0.0018
 0.0768 0.2599 0.5324 0.112 0.0189
 0.490249 0.384438 0.106611 0.0170017 0.00170017
 0.7925 0.1577 0.0466 0.003 0.0002
 0.840416 0.127587 0.0312969 0.00059994 9.999e-05
 0.8084 0.0986 0.0794 0.0134 0.0002
 0.7335 0.1905 0.0724 0.0035 0.0001
 0.4001 0.4547 0.1325 0.0127 0
 0.49795 0.308269 0.164784 0.0264974 0.00249975
 0.9179 0.0499 0.0305 0.0017 0
 0.2467 0.6533 0.0926 0.0074 0
 0.9418 0.0223 0.034 0.0019 0
 0.707729 0.231977 0.0356964 0.0245975 0
 0.517169 0.277429 0.184464 0.0207286 0.00020938
 0.811772 0.124168 0.05621 0.00726502 0.000585176
 0.764997 0.148141 0.077277 0.00933861 0.000247198
 0.163321 0.427699 0.378323 0.0303852 0.000271297
 0.753843 0.0900009 0.118128 0.0371064 0.000921714
 0.721811 0.176058 0.0630433 0.0369309 0.00215725
 0.143369 0.312575 0.442814 0.0836902 0.0175525
 0.692698 0.0596174 0.167031 0.0765114 0.00414204
 0.394062 0.376323 0.152708 0.0712218 0.00568511
 0.125707 0.32114 0.495352 0.0537591 0.00404204
 0.23352 0.215282 0.420074 0.123614 0.00750983
 0.774587 0.0839891 0.0768558 0.0609784 0.00358967
pf_pred 
 0.429755 0.114278 0.431943 0.0240233 7.59359e-07
 0.40947 0.277735 0.0626847 0.236933 0.0131779
 0.550268 0.202986 0.116048 0.026192 0.104506
 0.74631 0.150183 0.0467179 0.0267088 0.0300805
 0.645269 0.276161 0.0465134 0.0144691 0.0175883
 0.741188 0.176408 0.064152 0.0108051 0.00744692
 0.472601 0.407419 0.0817792 0.0297396 0.00846123
 0.440852 0.29053 0.207509 0.0416523 0.0194567
 0.522645 0.229452 0.128809 0.0920007 0.0270931
 0.679463 0.181425 0.0668677 0.0375378 0.0347067
 0.796836 0.145771 0.0324851 0.011973 0.0129358
 0.725042 0.225952 0.0351618 0.00783583 0.00600834
 0.670189 0.250802 0.0649268 0.0101037 0.00397809
 0.611115 0.275861 0.0859483 0.02225 0.00482572
 0.714091 0.188057 0.0694131 0.0216266 0.00681288
 0.925679 0.0557703 0.0122019 0.00450383 0.00184528
 0.392663 0.56921 0.0286106 0.00625969 0.00325714
 0.889334 0.0480626 0.0586735 0.00294915 0.000980984
 0.596465 0.365277 0.0166154 0.0202836 0.00135866
 0.595522 0.258448 0.132186 0.00601272 0.00783184
 0.737737 0.167165 0.0607642 0.0310784 0.00325502
 0.74086 0.199435 0.0380553 0.0138331 0.00781605
 0.326107 0.521091 0.117597 0.0224392 0.0127654
 0.739035 0.0949749 0.128353 0.0289659 0.00867146
 0.627488 0.286737 0.0312168 0.0421878 0.0123708
 0.439272 0.37312 0.144409 0.0157217 0.0274774
 0.731148 0.129047 0.0930292 0.0360052 0.0107707
 0.689227 0.236955 0.035432 0.0255427 0.0128431
 0.359564 0.46319 0.135145 0.0202083 0.0218929
 0.427158 0.228083 0.249344 0.0727511 0.0226639
 0.821551 0.0836254 0.0377551 0.0412746 0.0157943
pobs_RECLAS
 0 0 0 0 0
 0 0 0 0 0
 0 0 0 0 0
 0 0 0 0 0
 0 0 0 0 0
 0 0 0 0 0
 0 0 0 0 0
 0 0 0 0 0
 0 0 0 0 0
 0 0 0 0 0
 0.991045 0.00858322 0.000360255 1.14367e-05 0
 0.934742 0.0480273 0.0164251 0.00080598 0
 0.827803 0.169806 0.00239088 0 0
 0.941827 0.0461693 0.0120037 0 0
 0.791401 0.0380133 0.147996 0.0225897 0
 0.846168 0.0940531 0.0597789 0 0
 0.134021 0.677848 0.182769 0.00536245 0
 0.80878 0.0450904 0.141981 0.00414843 0
 0.846168 0.0940531 0.0597789 0 0
 0.905697 0.0802665 0.012482 0.00150086 5.37128e-05
 0.989698 0.0102097 9.19794e-05 0 0
 0.975433 0.0193895 0.00387452 0.00125025 5.28907e-05
 0.303575 0.632131 0.0575291 0.00676475 0
 0.966965 0.00978017 0.0227588 0.000495775 0
 0.843318 0.132988 0.00938335 0.0141283 0.000182051
 0.564624 0.303363 0.111486 0.0197234 0.00080311
 0.826376 0.0876187 0.0782897 0.00655872 0.00115652
 0.89761 0.0855135 0.0140674 0.00269457 0.000114338
 0.34875 0.467042 0.161289 0.0227151 0.000203297
 0.318654 0.224769 0.449479 0.00709798 0
 0.937255 0.0296025 0.0250945 0.00804832 0
ppred_RECLAS
 0.46852 0.106509 0.402579 0.0223902 7.07737e-07
 0.448136 0.259549 0.0585804 0.22142 0.0123151
 0.588949 0.185528 0.106067 0.0239393 0.0955174
 0.775264 0.133042 0.0413858 0.0236604 0.0266473
 0.680244 0.248932 0.0419273 0.0130425 0.0158541
 0.770299 0.156566 0.0569362 0.00958969 0.00660928
 0.5129 0.376288 0.0755304 0.0274671 0.00781471
 0.479635 0.270379 0.193116 0.0387633 0.0181072
 0.562009 0.210531 0.118187 0.0844142 0.024859
 0.713228 0.162314 0.0598239 0.0335836 0.0310508
 0.820986 0.128442 0.0286234 0.0105497 0.011398
 0.755908 0.200587 0.0312146 0.0069562 0.00533385
 0.704609 0.224628 0.0581508 0.00904921 0.00356292
 0.649371 0.248724 0.0774933 0.0200612 0.004351
 0.745751 0.167232 0.0617267 0.0192318 0.00605846
 0.935957 0.0480575 0.0105145 0.00388096 0.00159008
 0.430938 0.533338 0.0268075 0.0058652 0.00305187
 0.903972 0.0417051 0.0509125 0.00255905 0.000851224
 0.634236 0.331087 0.0150601 0.018385 0.00123149
 0.633196 0.234375 0.119873 0.00545267 0.00710235
 0.767162 0.14841 0.0539468 0.0275916 0.00288983
 0.770191 0.176862 0.0337481 0.0122674 0.0069314
 0.361586 0.493657 0.111405 0.0212579 0.0120933
 0.768175 0.0843695 0.114021 0.0257315 0.00770316
 0.663419 0.259079 0.0282057 0.0381184 0.0111776
 0.478179 0.34723 0.134389 0.0146309 0.0255708
 0.760882 0.114775 0.0827403 0.0320231 0.00957951
 0.721777 0.212137 0.0317209 0.0228674 0.0114979
 0.396405 0.436545 0.127371 0.0190458 0.0206336
 0.466039 0.212602 0.23242 0.0678132 0.0211256
 0.843474 0.0733517 0.0331167 0.0362038 0.0138539
pobs_PELACES
 0 0 0 0 0
 0 0 0 0 0
 0 0 0 0 0
 0 0 0 0 0
 0 0 0 0 0
 0 0 0 0 0
 0 0 0 0 0
 0 0 0 0 0
 0 0 0 0 0
 0 0 0 0 0
 0 0 0 0 0
 0 0 0 0 0
 0 0 0 0 0
 0 0 0 0 0
 0 0 0 0 0
 0 0 0 0 0
 0.505614 0.472636 0.0217494 0 0
 0 0 0 0 0
 0.443492 0.261883 0.143347 0.151278 0
 0.227955 0.32914 0.350689 0.0885471 0.00366901
 0.970185 0.0296113 0.000203453 0 0
 0.997202 0.00247181 0.000326279 0 0
 0.445219 0.490057 0.0546422 0.010081 0
 0.90214 0.0892962 0.00764917 0.000914606 0
 0 0 0 0 0
 0.581667 0.319106 0.0959925 0.00289975 0.000334073
 0.762889 0.0836404 0.116647 0.0363945 0.000428098
 0.88444 0.0763242 0.0277011 0.0115352 0
 0.521256 0.241999 0.230069 0.00667565 0
 0.616807 0.101726 0.260614 0.0208532 0
 0.833518 0.0704572 0.0857862 0.0102388 0
ppred_PELACES
 0.469704 0.106272 0.401683 0.0223404 7.06161e-07
 0.450256 0.258552 0.0583552 0.220569 0.0122677
 0.590959 0.18462 0.105548 0.0238222 0.0950502
 0.777408 0.131773 0.0409911 0.0234348 0.0263932
 0.681144 0.248231 0.0418093 0.0130058 0.0158095
 0.771757 0.155572 0.0565747 0.00952881 0.00656732
 0.517319 0.372874 0.0748453 0.027218 0.00774382
 0.480321 0.270022 0.192862 0.0387122 0.0180833
 0.564646 0.209264 0.117475 0.083906 0.0247093
 0.716052 0.160715 0.0592348 0.0332529 0.030745
 0.821503 0.128071 0.0285408 0.0105193 0.0113651
 0.758908 0.198122 0.030831 0.00687072 0.0052683
 0.707753 0.222238 0.057532 0.00895291 0.00352501
 0.654911 0.244793 0.0762687 0.0197442 0.00428224
 0.748822 0.165212 0.0609811 0.0189995 0.00598528
 0.936795 0.047429 0.010377 0.00383021 0.00156929
 0.433158 0.531257 0.026703 0.00584232 0.00303997
 0.90478 0.0413542 0.0504841 0.00253752 0.000844063
 0.637361 0.328258 0.0149315 0.0182279 0.00122096
 0.63597 0.232603 0.118967 0.00541144 0.00704865
 0.768777 0.147381 0.0535727 0.0274002 0.00286979
 0.772217 0.175303 0.0334505 0.0121592 0.00687029
 0.363137 0.492458 0.111135 0.0212062 0.0120639
 0.769207 0.0839939 0.113513 0.0256169 0.00766887
 0.664741 0.258062 0.028095 0.0379688 0.0111337
 0.479376 0.346434 0.134081 0.0145973 0.0255121
 0.761931 0.114271 0.0823774 0.0318827 0.00953749
 0.722744 0.211399 0.0316106 0.0227879 0.011458
 0.397563 0.435708 0.127126 0.0190092 0.020594
 0.467744 0.211923 0.231678 0.0675967 0.0210582
 0.844384 0.0729254 0.0329243 0.0359934 0.0137734
pobs_pel_tallas
 0 0 0 0 0 0 0 0 0 0 0 0 0 0 0 0 0 0 0 0 0 0 0 0 0 0
 0 0 0 0 0 0 0 0 0 0 0 0 0 0 0 0 0 0 0 0 0 0 0 0 0 0
 0 0 0 0 0 0 0 0 0 0 0 0 0 0 0 0 0 0 0 0 0 0 0 0 0 0
 0 0 0 0 0 0 0 0 0 0 0 0 0 0 0 0 0 0 0 0 0 0 0 0 0 0
 0 0 0 0 0 0 0 0 0 0 0 0 0 0 0 0 0 0 0 0 0 0 0 0 0 0
 0 0 0 0 0 0 0 0 0 0 0 0 0 0 0 0 0 0 0 0 0 0 0 0 0 0
 0 0 0 0 0 0 0 0 0 0 0 0 0 0 0 0 0 0 0 0 0 0 0 0 0 0
 0 0 0 0 0 0 0 0 0 0 0 0 0 0 0 0 0 0 0 0 0 0 0 0 0 0
 0 0 0 0 0 0 0 0 0 0 0 0 0 0 0 0 0 0 0 0 0 0 0 0 0 0
 0 0 0 0 0 0 0 0 0 0 0 0 0 0 0 0 0 0 0 0 0 0 0 0 0 0
 0 0 0 0 0 0 0 0 0 0 0 0 0 0 0 0 0 0 0 0 0 0 0 0 0 0
 0 0 0 0 0 0 0 0 0 0 0 0 0 0 0 0 0 0 0 0 0 0 0 0 0 0
 0.00862536 0 0 0.000197151 0.00414017 0.0128641 0.00837892 0.0270097 0.101434 0.158115 0.152841 0.127902 0.109271 0.109419 0.0830992 0.0579132 0.0238553 0.00714673 0.00463305 0.00128148 0.00103504 0.000492878 0.000147863 0.000147863 4.92878e-05 0
 0 0 0 0 0 0 0 0 0 0 0 0 0 0 0 0 0 0 0 0 0 0 0 0 0 0
 0 0 0 0 0 0 0 0.0054083 0.00873648 0.0413646 0.0450493 0.0745869 0.0622846 0.0627006 0.0613931 0.0827291 0.12552 0.122667 0.0946155 0.0697135 0.0546179 0.0294188 0.0215738 0.0213955 0.0102223 0.00600262
 0 0 0 0 0.00359764 0.0251062 0.0480494 0.140153 0.205849 0.193036 0.1447 0.116669 0.0760912 0.0342217 0.00950174 0.001854 0.000860785 0 0 0 0.000165536 0 0.000143464 0 0 0
 0 0 0 0 0 0 0 0.000145254 0.000435761 0.0275982 0.070085 0.0708112 0.156366 0.174668 0.174014 0.160142 0.0824315 0.0480064 0.0283245 0.00493863 0.00203355 0 0 0 0 0
 0 0 0 0 0 0 0 0 0 0 0 0 0 0 0 0 0 0 0 0 0 0 0 0 0 0
 0 0 1.00437e-05 0.000401748 0.00122533 0.00171747 0.00176769 0.0269171 0.070346 0.194647 0.189555 0.159765 0.064822 0.0314167 0.0384472 0.0292271 0.0345202 0.0313363 0.0194345 0.0106764 0.0143323 0.0359363 0.0279516 0.0138201 0.00172751 0
 0 0.0021121 0.0136068 0.0755702 0.200478 0.177729 0.0527432 0.0373336 0.0318909 0.0142505 0.0149659 0.0166563 0.0217959 0.0798694 0.0677717 0.0528807 0.04013 0.0224614 0.0357745 0.0225083 0.00881397 0.00855152 0.00135912 0.000746735 0 0
 0 0 0 0 5.4009e-05 0.00500934 0.000945158 0.0243581 0.138947 0.33067 0.221406 0.137944 0.0707744 0.0437923 0.0131692 0.00525238 0.0047753 0.00276346 9.45158e-05 9.00151e-06 2.25038e-05 9.00151e-06 4.50075e-06 0 0 0
 0.000866109 0.00284123 0.00948549 0.0512746 0.133035 0.25785 0.225252 0.132002 0.0553304 0.0519788 0.0540692 0.017754 0.00435017 0.00159236 0.00146478 0.000404838 0.000125132 0.000115318 0.000107957 0.000100596 0 0 0 0 0 0
 0 0 0 0 0.00144013 0.00171154 0.00461396 0.0210425 0.0478622 0.0707936 0.0888783 0.103762 0.0637923 0.0337046 0.0602308 0.124433 0.169614 0.0934646 0.0462172 0.0250306 0.0313229 0.00938855 0.002487 0.000210481 0 0
 0 0.00764035 0.051015 0.0998891 0.058973 0.0496711 0.0374665 0.0718981 0.12319 0.153886 0.159021 0.0857701 0.0377988 0.023471 0.0147837 0.00900784 0.00315554 0.000888139 0.00291439 0.00214683 0.00393193 0.00274676 0.000635225 9.99891e-05 0 0
 0 0 0 0 0 0 0 0 0 0 0 0 0 0 0 0 0 0 0 0 0 0 0 0 0 0
 0 0 0 0 0 0 0 0 0 0 0 0 0 0 0 0 0 0 0 0 0 0 0 0 0 0
 0 0 0 0 0 0 0 0 0 0 0 0 0 0 0 0 0 0 0 0 0 0 0 0 0 0
 0 0 0 0 0 0 0 0 0 0 0 0 0 0 0 0 0 0 0 0 0 0 0 0 0 0
 0 0 0 0 0 0 0 0 0 0 0 0 0 0 0 0 0 0 0 0 0 0 0 0 0 0
 0 0 0 0 0 0 0 0 0 0 0 0 0 0 0 0 0 0 0 0 0 0 0 0 0 0
 0 0 0 0 0 0 0 0 0 0 0 0 0 0 0 0 0 0 0 0 0 0 0 0 0 0
ppred_pel_tallas
 1.1386e-16 3.86889e-05 0.00037607 0.00249912 0.0113606 0.0353472 0.0753114 0.109921 0.109932 0.0753646 0.0355278 0.0118901 0.00385694 0.00343574 0.00612883 0.0107975 0.0172375 0.0251796 0.0342405 0.0440311 0.0540117 0.0631362 0.0697213 0.0719161 0.0686071 0.0601306
 1.25947e-16 3.70871e-05 0.000360499 0.00239565 0.0108903 0.0338838 0.072194 0.105375 0.1054 0.0723164 0.0342951 0.0120797 0.00538792 0.00691563 0.012558 0.0209024 0.0306124 0.0396513 0.0460713 0.0492381 0.0503013 0.0513726 0.0539968 0.0580872 0.062022 0.0636565
 1.21568e-16 4.86766e-05 0.000473154 0.00314427 0.0142934 0.0444722 0.0947534 0.138299 0.138317 0.0948412 0.0447673 0.0151476 0.00529594 0.00519576 0.00909422 0.0151627 0.0223327 0.0291621 0.0342486 0.0370572 0.0382544 0.0391762 0.0408419 0.0432877 0.0456374 0.0466958
 1.08034e-16 6.40341e-05 0.000622434 0.00413629 0.018803 0.0585032 0.124648 0.18193 0.181942 0.12471 0.0587125 0.0194083 0.00565816 0.00395293 0.0064142 0.0105701 0.0153846 0.0197076 0.0224286 0.0230824 0.0221327 0.0206302 0.0195144 0.0191039 0.0190833 0.0188577
 1.0525e-16 5.6105e-05 0.00054536 0.00362411 0.0164747 0.0512591 0.109214 0.159406 0.15943 0.109331 0.0516519 0.0176096 0.00647361 0.00676853 0.0118832 0.0195789 0.0282534 0.0356511 0.0395167 0.0388287 0.0344083 0.0283485 0.0227338 0.0186476 0.0160425 0.0142648
 1.0374e-16 6.35687e-05 0.00061791 0.00410623 0.0186663 0.058078 0.123742 0.180608 0.180623 0.123815 0.0583252 0.019381 0.00590283 0.00454893 0.00755579 0.01246 0.0181053 0.0231084 0.0260957 0.0264245 0.0245321 0.0215711 0.0186443 0.0162558 0.0143071 0.0124617
 1.06296e-16 4.26109e-05 0.000414193 0.00275246 0.0125123 0.0389307 0.0829472 0.121071 0.121107 0.083123 0.0395211 0.0142184 0.00703689 0.00977392 0.0178386 0.0294769 0.0425857 0.0538249 0.0598145 0.0590009 0.0525623 0.0435529 0.0350055 0.028484 0.0239311 0.0204711
 1.12578e-16 3.95635e-05 0.000384571 0.00255561 0.0116174 0.0361463 0.0770146 0.112411 0.112437 0.0771431 0.0365786 0.0128692 0.00571008 0.00731162 0.0133153 0.0222649 0.0328069 0.042804 0.0500681 0.0535528 0.0538475 0.0524907 0.0507144 0.0486973 0.0458092 0.0414109
 1.1604e-16 4.65092e-05 0.000452086 0.00300427 0.013657 0.042492 0.0905345 0.132142 0.132162 0.090634 0.0428265 0.0146252 0.00544314 0.00580494 0.0102985 0.0171814 0.0252962 0.0329987 0.0386633 0.0416152 0.0425013 0.0426981 0.0432335 0.0441029 0.0444264 0.0431599
 1.10289e-16 5.89803e-05 0.00057331 0.00380984 0.017319 0.0538859 0.11481 0.167572 0.167588 0.114886 0.0541416 0.0180584 0.00566961 0.00464582 0.00783135 0.0129555 0.0189038 0.0243104 0.0278415 0.0289373 0.0281456 0.026699 0.0256707 0.0253738 0.0253734 0.0249385
 1.03835e-16 6.76662e-05 0.000657739 0.00437091 0.0198695 0.0618215 0.131718 0.192249 0.192261 0.131778 0.0620245 0.020456 0.00584408 0.00387723 0.00619276 0.0101595 0.014698 0.0186345 0.0208257 0.0207605 0.0188604 0.0161762 0.0137276 0.0120019 0.0109069 0.0100612
 1.02522e-16 6.25103e-05 0.000607622 0.00403786 0.0183555 0.057111 0.121682 0.177602 0.177621 0.121775 0.0574244 0.0192608 0.00631051 0.00556972 0.00948904 0.0155953 0.0224762 0.0283 0.0312432 0.0304661 0.026606 0.0213325 0.0163353 0.0125358 0.00997697 0.00822339
 1.03212e-16 5.82967e-05 0.000566665 0.00376569 0.0171183 0.0532614 0.11348 0.165632 0.165653 0.113585 0.0536137 0.0181363 0.00632312 0.00615612 0.0106928 0.017635 0.0255142 0.0323259 0.0360572 0.0357652 0.032107 0.0268355 0.0216916 0.0175753 0.0144803 0.0119708
 1.04969e-16 5.39442e-05 0.000524357 0.00348454 0.0158402 0.0492849 0.105008 0.153267 0.15329 0.105123 0.0496735 0.0169633 0.00630708 0.00669715 0.0118101 0.0195252 0.0283236 0.0360423 0.0405026 0.0406889 0.0373118 0.0322385 0.0272763 0.0232855 0.020148 0.0173302
 1.04721e-16 6.16795e-05 0.000599547 0.0039842 0.0181116 0.056352 0.120064 0.175241 0.175257 0.120143 0.0566146 0.0188709 0.00589323 0.00477744 0.00802716 0.0132543 0.019279 0.0246494 0.0279232 0.0284345 0.0266577 0.0238112 0.0210375 0.0188205 0.016993 0.0151424
 1.00962e-16 7.71625e-05 0.000750047 0.00498433 0.022658 0.0704976 0.150203 0.219226 0.219231 0.150225 0.0705727 0.0228752 0.00552967 0.00194167 0.00234363 0.0037613 0.00543207 0.00687637 0.00766288 0.00759593 0.00682542 0.00573662 0.00470869 0.00393171 0.00338961 0.0029646
 1.02007e-16 3.56787e-05 0.00034681 0.00230468 0.0104768 0.0325974 0.069454 0.101381 0.101432 0.0697038 0.0334358 0.0128974 0.00837699 0.0135899 0.0251488 0.0414204 0.0594312 0.0742459 0.0808584 0.0769617 0.0643481 0.0477545 0.032114 0.0203281 0.0128258 0.00853108
 1.01865e-16 7.45255e-05 0.000724415 0.00481399 0.0218837 0.0680884 0.14507 0.211734 0.211738 0.145089 0.0681552 0.0220777 0.00530414 0.0018054 0.00215958 0.00353565 0.00527949 0.00704041 0.00850032 0.00948877 0.0100364 0.0102697 0.0102478 0.0099004 0.00911367 0.00786896
 1.0255e-16 5.24987e-05 0.000510306 0.00339116 0.0154158 0.0479643 0.102194 0.149162 0.149194 0.102349 0.0484824 0.0169117 0.00714395 0.0086955 0.0155768 0.0256147 0.0367699 0.0459843 0.0501867 0.0479808 0.0405001 0.0306791 0.021539 0.0148032 0.0106349 0.00826449
 1.05229e-16 5.23841e-05 0.000509192 0.00338376 0.0153821 0.0478595 0.101971 0.148834 0.148856 0.102081 0.0482301 0.0164542 0.00608122 0.00641877 0.0113371 0.0188189 0.0274737 0.0353149 0.0403207 0.0415079 0.0394279 0.0356258 0.0315458 0.027798 0.0242294 0.0204871
 1.04818e-16 6.33231e-05 0.000615523 0.00409037 0.0185942 0.0578536 0.123264 0.17991 0.179924 0.123334 0.0580879 0.0192717 0.0057939 0.0043442 0.00717401 0.0118374 0.01723 0.0220596 0.0250534 0.0256337 0.0242364 0.021949 0.0197694 0.0180842 0.0166835 0.0151425
 1.03393e-16 6.36065e-05 0.000618278 0.00410868 0.0186775 0.0581126 0.123816 0.180716 0.180733 0.123898 0.0583901 0.0194794 0.00612245 0.00501725 0.00842668 0.0138534 0.0200056 0.0252775 0.0280791 0.0276858 0.0246625 0.0204598 0.0165165 0.0135714 0.0115864 0.0101226
 1.07502e-16 2.99112e-05 0.000290747 0.00193212 0.00878317 0.027328 0.0582269 0.0849938 0.0850413 0.0584592 0.0281081 0.0110374 0.00759371 0.0126609 0.0235549 0.0389772 0.0563405 0.0712591 0.0792644 0.0782786 0.0698091 0.0578303 0.0463042 0.0372998 0.0308087 0.0257882
 1.07165e-16 6.33586e-05 0.000615868 0.00409266 0.0186046 0.057886 0.123333 0.180009 0.180017 0.123373 0.0580223 0.0190005 0.00509434 0.00282946 0.00434656 0.00729299 0.0109861 0.014837 0.0182692 0.0209944 0.0230974 0.0247922 0.0260742 0.0266048 0.0259315 0.0238323
 1.06569e-16 5.47539e-05 0.000532227 0.00353684 0.016078 0.0500246 0.106584 0.155567 0.155592 0.106705 0.0504327 0.0172567 0.00649569 0.0069922 0.0123264 0.0203015 0.0292702 0.036889 0.0408278 0.0400632 0.0355119 0.0294188 0.0239905 0.0203244 0.0182618 0.0169624
 1.0974e-16 3.94856e-05 0.000383814 0.00255058 0.0115946 0.0360753 0.0768635 0.112191 0.112225 0.0770273 0.036626 0.0131869 0.0065542 0.00914581 0.016745 0.0277903 0.0404272 0.0516743 0.0584968 0.0594752 0.0555804 0.0493582 0.0432271 0.0382653 0.0342119 0.0302843
 1.07218e-16 6.27593e-05 0.000610043 0.00405395 0.0184287 0.0573385 0.122166 0.178307 0.178318 0.122221 0.0575216 0.018959 0.00539071 0.00354702 0.00569625 0.00946452 0.0139748 0.0183098 0.0215737 0.0233607 0.0239487 0.0239892 0.0239592 0.0238384 0.0232291 0.0217311
 1.05191e-16 5.95315e-05 0.000578668 0.00384545 0.0174809 0.0543896 0.115884 0.16914 0.16916 0.115983 0.0547241 0.0184472 0.0062717 0.00587736 0.0101295 0.0166712 0.0240587 0.0303677 0.0336895 0.0331742 0.0295446 0.0246003 0.0201132 0.0169706 0.0150677 0.0137718
 1.09172e-16 3.27468e-05 0.000318311 0.00211529 0.00961583 0.0299186 0.0637464 0.0930485 0.0930906 0.0639521 0.0306098 0.0116136 0.00713526 0.0112941 0.0209281 0.0346785 0.0502619 0.0638558 0.0715654 0.0715776 0.0651835 0.0557728 0.0466599 0.0394751 0.0340692 0.0294811
 1.17083e-16 3.85275e-05 0.000374501 0.00248869 0.0113132 0.0351998 0.0749977 0.109466 0.109486 0.0750993 0.035542 0.0123059 0.00499688 0.00590483 0.0107036 0.0180599 0.0270134 0.0360823 0.0437474 0.0492876 0.0530549 0.0558678 0.0580678 0.0590996 0.0579319 0.0538703
 1.0691e-16 6.95508e-05 0.000676058 0.00449265 0.0204229 0.0635433 0.135386 0.197601 0.197608 0.135421 0.0636597 0.0207597 0.00534061 0.00253606 0.00362889 0.00596187 0.00875852 0.0114031 0.0133354 0.0143455 0.0147015 0.0149336 0.0154352 0.0161985 0.0168538 0.0169273
pSPR Fmed_Fpbrs
0.70773   0.199679 0.199679
Fs Fmed_Fpbrs
0.177408   1.005 1.005
SSBpbr Bo_Bmed_Bpbrs
2.26952e+06  1.49273e+06  339700 339700
Ro
214207
SPR SPRFo_SPRFmed_SPRFpbrs
1.53114e+06 1.08363e+06 305736
Fref
1.005
Nvult_r0
 253154 22468.4 10144 11089.6 4243.6
CTP_r0
 28009.8 2851.12 1287.22 1407.21 538.488
YTP_r0
391299
Np
 295258 121802 10482.1 4732.46 6819.42
Nvult_p0
 249307 105400 9070.61 4095.19 5901.12
CTP_p0
 115292 52831.6 4546.61 2052.7 2957.92
YTP_p0
 1.98606e+06
CBA_c0
869728
log_Ro
12.0947
likeval ReclasPelacesDesembMPH_pf_preclas_ppelaces_ptallas_desvR_qrecl_qpela
 15.5361 17.3098 0.0933651 0.000812116 241.365 120.02 98.1346 0 22.9461 7.03078e-06 1.89032e-06 0.475625 0 0 0
q_reclas_q_pelaces
0.686783 0.822337
M
1
N
 228675 52360.7 197911 11007.2 0.347928
 131611 77222.1 17429 65877.5 3664.02
 130059 41489.8 23719.9 5353.58 21360.7
 235591 41192.9 12814 7325.8 8250.61
 188428 69388.1 11687 3635.5 4419.23
 312600 64337.2 23396.7 3940.67 2715.94
 131505 99099.2 19891.7 7233.75 2058.08
 62140.8 35176.1 25124.3 5043.09 2355.73
 57140.6 21755.6 12213 8723.08 2568.84
 74568.6 17329.9 6387.27 3585.65 3315.22
 135903 21375.6 4763.55 1755.7 1896.88
 172507 46922.7 7301.92 1627.24 1247.73
 144981 47292.9 12243 1905.21 750.133
 102141 40597.2 12648.6 3274.42 710.178
 105292 24200.4 8932.53 2783.05 876.725
 550955 28898.2 6322.62 2333.72 956.158
 125401 157341 7908.55 1730.3 900.339
 837635 39195.5 47848.8 2405.06 800.002
 488769 260420 11845.7 14461 968.64
 374096 141003 72117 3280.38 4272.85
 565689 110947 40329.2 20626.7 2160.36
 756483 176763 33729.2 12260.5 6927.52
 164074 226292 51068.1 9744.59 5543.55
 482719 53485.9 72283.2 16312.4 4883.4
 405924 159950 17413.7 23533.6 6900.84
 183499 134220 51947.2 5655.46 9884.22
 406899 61917.6 44636 17275.5 5167.86
 455660 134905 20172.3 14542.1 7311.91
 138533 153683 44840.1 6704.96 7263.92
 101335 46710.2 51064.4 14899.1 4641.45
 374956 32950.6 14876.5 16263.2 6223.35
pred_Ctot
 11944.3 3176.15 12005.1 667.685 0.021105
 12053.5 8175.66 1845.25 6974.59 387.917
 11572.7 4269.01 2440.61 550.845 2197.86
 30236.6 6084.64 1892.77 1082.1 1218.71
 8612.08 3685.78 620.791 193.111 234.742
 27654.7 6582.02 2393.6 403.15 277.854
 23279.2 20068.5 4028.25 1464.9 416.781
 1905.96 1256.07 897.137 180.078 84.1182
 6442.79 2828.52 1587.86 1134.12 333.984
 10620.6 2835.83 1045.2 586.749 542.496
 5308.02 971.032 216.395 79.7568 86.17
 28454.7 8867.63 1379.95 307.522 235.801
 22379.5 8374.98 2168.08 337.389 132.839
 23814.6 10750.1 3349.33 867.062 188.054
 17309 4558.35 1682.52 524.212 165.139
 79536 4791.89 1048.41 386.977 158.55
 12079.4 17510.5 880.142 192.565 100.199
 83144.7 4493.42 5485.45 275.719 91.7132
 68011.6 41650.5 1894.56 2312.82 154.92
 46647.1 20244.2 10354.1 470.976 613.467
 54576.8 12366.6 4495.26 2299.14 240.802
 90874.7 24462.9 4667.9 1696.78 958.725
 11927.8 19059.5 4301.23 820.741 466.908
 30556.7 3926.9 5306.98 1197.65 358.536
 26193.3 11969.3 1303.09 1761.05 516.397
 9669.46 8213.3 3178.81 346.075 604.845
 25622.1 4522.28 3260.08 1261.75 377.446
 24132.1 8296.6 1240.59 894.336 449.681
 7360.45 9481.74 2766.48 413.674 448.16
 7512.72 4011.45 4385.39 1279.52 398.605
 28009.8 2851.12 1287.22 1407.21 538.488
F
 0.0856165 0.100019 0.100019 0.100019 0.100019
 0.1544 0.180372 0.180372 0.180372 0.180372
 0.149724 0.17491 0.17491 0.17491 0.17491
 0.222382 0.259791 0.259791 0.259791 0.259791
 0.0745772 0.0871225 0.0871225 0.0871225 0.0871225
 0.148804 0.173836 0.173836 0.173836 0.173836
 0.318677 0.372284 0.372284 0.372284 0.372284
 0.0495322 0.0578645 0.0578645 0.0578645 0.0578645
 0.193083 0.225563 0.225563 0.225563 0.225563
 0.249472 0.291437 0.291437 0.291437 0.291437
 0.0634384 0.0741099 0.0741099 0.0741099 0.0741099
 0.294077 0.343546 0.343546 0.343546 0.343546
 0.272905 0.318813 0.318813 0.318813 0.318813
 0.439985 0.513999 0.513999 0.513999 0.513999
 0.292954 0.342234 0.342234 0.342234 0.342234
 0.253237 0.295836 0.295836 0.295836 0.295836
 0.162957 0.190369 0.190369 0.190369 0.190369
 0.168285 0.196594 0.196594 0.196594 0.196594
 0.243112 0.284008 0.284008 0.284008 0.284008
 0.215458 0.251702 0.251702 0.251702 0.251702
 0.163233 0.190692 0.190692 0.190692 0.190692
 0.206855 0.241651 0.241651 0.241651 0.241651
 0.120898 0.141235 0.141235 0.141235 0.141235
 0.10457 0.122161 0.122161 0.122161 0.122161
 0.106689 0.124636 0.124636 0.124636 0.124636
 0.0864027 0.100937 0.100937 0.100937 0.100937
 0.103997 0.121492 0.121492 0.121492 0.121492
 0.0868547 0.101465 0.101465 0.101465 0.101465
 0.0871449 0.101804 0.101804 0.101804 0.101804
 0.12342 0.144181 0.144181 0.144181 0.144181
 0.124409 0.145337 0.145337 0.145337 0.145337
nmprior
 8.19 8.8 8.5 0
nm_flota  nm_reclas  nm_pelaces    nm_pelaL
inf 11.7688 18.0639 43.0384
cv_recla  cv_pelaces  cv_mph
0.35653 0.471756 0.879457
 ------------------------------------------------
Talla a la edad & desviaci?n 
 8 13.2811 15.8009 17.003 17.5766
 0.8 1.32811 1.58009 1.7003 1.75766
