years
 1991 1992 1993 1994 1995 1996 1997 1998 1999 2000 2001 2002 2003 2004 2005 2006 2007 2008 2009 2010 2011 2012 2013 2014 2015 2016 2017 2018 2019 2020 2021
reclasobs
 0 0 0 0 0 0 0 0 0 252601 567819 844713 477998 351125 339783 2.1784e+06 2.13404e+06 4.81314e+06 1.55562e+06 2.62356e+06 3.21686e+06 3.843e+06 1.13348e+06 3.07943e+06 1.97215e+06 2.03268e+06 2.025e+06 2.42433e+06 2.27542e+06 1.05018e+06 2.36338e+06
reclaspred
 1.38828e+06 1.00072e+06 477098 194375 126967 406122 185280 71612.3 40163.3 180245 277823 407516 398800 311619 455417 793465 881390 1.80732e+06 2.17317e+06 1.47005e+06 2.25766e+06 1.91128e+06 1.65023e+06 1.75457e+06 1.60137e+06 1.50199e+06 1.54478e+06 1.85701e+06 2.09467e+06 1.06013e+06 1.05392e+06
pelacesobs
 0 0 0 0 0 0 0 0 0 0 0 0 0 0 0 552880 188675 0 991730 2.46772e+06 1.41603e+06 1.21717e+06 2.29649e+06 1.80582e+06 0 1.4828e+06 1.56532e+06 1.57751e+06 1.42118e+06 867257 1.10002e+06
pelacespred
 563571 438861 215409 64283.3 44851 168677 46778.9 28044.9 10306.5 79235.6 132600 156424 165257 137854 226017 325368 353167 835650 1.0244e+06 691346 926832 898980 744617 862099 789470 694821 849589 1.03142e+06 949973 561152 533083
mphobs
 0 0 0 0 0 0 0 0 0 0 0 498337 0 5186 125008 0 168611 109162 213762 579715 649985 157893 87575 83554 0 0 0 0 0 0 0
mphpred
 1.05829e+06 1.06207e+06 561930 204552 107595 85642.8 312625 61598.1 23089.4 18517.2 178024 265735 314984 234893 191797 417630 786313 589038 1.79667e+06 1.5025e+06 1.2733e+06 1.59472e+06 1.59258e+06 1.07521e+06 1.39999e+06 1.32589e+06 960681 1.21518e+06 1.95382e+06 1.22631e+06 595401
desembarqueobs
 494567 514787 250237 358949 120608 361735 552515 73892 212993 205616 52469 317467 293654 387597 252695 516296 358380 742168 942051 627588 828172 859565 418607 520667 417249 300574 407403 355545 319650 289779 391294
desembarquepred
 494324 514552 249360 358454 120299 360836 552355 73929.8 212724 205784 52406.7 316974 293156 387898 252523 516608 358125 741354 941109 627442 826573 858652 418205 520714 417138 300138 405853 355421 319865 289673 391104
Reclutas
 285842 82085.3 23508.9 72278.9 35044.7 209079 33418.4 7811.16 26137.7 116582 73090.1 141843 96172.2 91214.8 132668 357274 53078.5 790876 471860 203217 441019 614881 49485.6 290226 329383 80146.9 319173 383494 69124 33986.4 249351
log_desv_Rt
 0.866575 -0.381106 -1.63148 -0.508333 -1.23224 0.553846 -1.27976 -2.73331 -1.52549 -0.0302663 -0.497172 0.165859 -0.222724 -0.275648 0.0989866 1.08964 -0.817093 1.88428 1.36782 0.525408 1.30022 1.63256 -0.887182 0.881796 1.00836 -0.405003 0.976869 1.16046 -0.552962 -1.2629 0.729999
SSB
 1.05829e+06 1.06207e+06 561930 204552 107595 85642.8 312625 61598.1 23089.4 18517.2 178024 265735 314984 234893 191797 417630 786313 589038 1.79667e+06 1.5025e+06 1.2733e+06 1.59472e+06 1.59258e+06 1.07521e+06 1.39999e+06 1.32589e+06 960681 1.21518e+06 1.95382e+06 1.22631e+06 595401
BT
 1.99586e+06 1.58212e+06 749508 529547 232030 1.03438e+06 601153 156212 236329 550258 470791 788739 786225 902642 1.13328e+06 1.61118e+06 1.19771e+06 3.9777e+06 3.99439e+06 2.42709e+06 3.73932e+06 3.53776e+06 2.19386e+06 3.40903e+06 2.63092e+06 2.08453e+06 3.37527e+06 3.8457e+06 2.55392e+06 1.66586e+06 2.28468e+06
Ftot
 0.332812 0.471772 0.478439 1.50671 0.839613 0.811349 2.11085 0.906463 3.5918 1.03328 0.178769 0.704012 0.665293 1.08656 0.514925 0.598667 0.376815 0.384522 0.402082 0.395595 0.342207 0.417054 0.238103 0.279142 0.245219 0.18874 0.247865 0.181454 0.144722 0.25628 0.347858
BD_Bspro_t
 0.948143 0.728395 0.509094 0.305045 0.197901 0.211792 0.371585 0.0954695 0.0534703 0.0545002 0.388088 0.546626 0.471844 0.369161 0.322981 0.493599 0.551222 0.480347 0.66946 0.591325 0.507344 0.564486 0.598225 0.54305 0.63763 0.675947 0.654676 0.727264 0.798906 0.715979 0.591646
BD_Bspro
 1.2321 1.23651 0.654222 0.238147 0.125266 0.0997087 0.36397 0.0717149 0.0268815 0.0215584 0.207263 0.309379 0.366716 0.273471 0.223298 0.486221 0.915456 0.685782 2.09175 1.74927 1.48243 1.85663 1.85414 1.2518 1.62993 1.54365 1.11846 1.41476 2.27472 1.42772 0.69319
BD_Bo
 0.623364 0.625595 0.330995 0.120487 0.0633768 0.0504463 0.184146 0.0362832 0.0136004 0.0109072 0.104862 0.156526 0.185535 0.138359 0.112974 0.245997 0.463163 0.346962 1.05829 0.885018 0.750014 0.939338 0.938079 0.633333 0.824639 0.78099 0.565871 0.715779 1.15086 0.722334 0.35071
BD_Brms
 2.64617 2.65564 1.40507 0.511466 0.269033 0.214143 0.781694 0.154021 0.0577332 0.0463008 0.445137 0.664451 0.787593 0.587332 0.479574 1.04425 1.96612 1.47285 4.49244 3.75688 3.18379 3.98747 3.98212 2.68849 3.50058 3.31529 2.40211 3.03847 4.88539 3.06629 1.48876
Sel_flota
 0.5 1 1 1 1
 0.5 1 1 1 1
 0.5 1 1 1 1
 0.5 1 1 1 1
 0.5 1 1 1 1
 0.5 1 1 1 1
 0.5 1 1 1 1
 0.5 1 1 1 1
 0.5 1 1 1 1
 0.5 1 1 1 1
 0.5 1 1 1 1
 0.5 1 1 1 1
 0.5 1 1 1 1
 0.5 1 1 1 1
 0.5 1 1 1 1
 0.5 1 1 1 1
 0.5 1 1 1 1
 0.5 1 1 1 1
 0.5 1 1 1 1
 0.5 1 1 1 1
 0.5 1 1 1 1
 0.5 1 1 1 1
 0.5 1 1 1 1
 0.5 1 1 1 1
 0.5 1 1 1 1
 0.5 1 1 1 1
 0.5 1 1 1 1
 0.5 1 1 1 1
 0.5 1 1 1 1
 0.5 1 1 1 1
 0.5 1 1 1 1
Sel_reclas
 0.5 1 1 1 1
 0.5 1 1 1 1
 0.5 1 1 1 1
 0.5 1 1 1 1
 0.5 1 1 1 1
 0.5 1 1 1 1
 0.5 1 1 1 1
 0.5 1 1 1 1
 0.5 1 1 1 1
 0.5 1 1 1 1
 0.5 1 1 1 1
 0.5 1 1 1 1
 0.5 1 1 1 1
 0.5 1 1 1 1
 0.5 1 1 1 1
 0.5 1 1 1 1
 0.5 1 1 1 1
 0.5 1 1 1 1
 0.5 1 1 1 1
 0.5 1 1 1 1
 0.5 1 1 1 1
 0.5 1 1 1 1
 0.5 1 1 1 1
 0.5 1 1 1 1
 0.5 1 1 1 1
 0.5 1 1 1 1
 0.5 1 1 1 1
 0.5 1 1 1 1
 0.5 1 1 1 1
 0.5 1 1 1 1
 0.5 1 1 1 1
Sel_pelaces
 0.5 1 1 1 1
 0.5 1 1 1 1
 0.5 1 1 1 1
 0.5 1 1 1 1
 0.5 1 1 1 1
 0.5 1 1 1 1
 0.5 1 1 1 1
 0.5 1 1 1 1
 0.5 1 1 1 1
 0.5 1 1 1 1
 0.5 1 1 1 1
 0.5 1 1 1 1
 0.5 1 1 1 1
 0.5 1 1 1 1
 0.5 1 1 1 1
 0.5 1 1 1 1
 0.5 1 1 1 1
 0.5 1 1 1 1
 0.5 1 1 1 1
 0.5 1 1 1 1
 0.5 1 1 1 1
 0.5 1 1 1 1
 0.5 1 1 1 1
 0.5 1 1 1 1
 0.5 1 1 1 1
 0.5 1 1 1 1
 0.5 1 1 1 1
 0.5 1 1 1 1
 0.5 1 1 1 1
 0.5 1 1 1 1
 0.5 1 1 1 1
pf_obs 
 0.8446 0.082 0.0669 0.0065 0
 0.8095 0.147 0.0364 0.0071 0
 0.9664 0.0169 0.016 0.0007 0
 0.9276 0.0648 0.0075 0.0001 0
 0.7033 0.2144 0.0806 0.0017 0
 0.9318 0.0425 0.0243 0.0014 0
 0.5671 0.3108 0.0964 0.0239 0.0018
 0.0768 0.2599 0.5324 0.112 0.0189
 0.490249 0.384438 0.106611 0.0170017 0.00170017
 0.7925 0.1577 0.0466 0.003 0.0002
 0.840416 0.127587 0.0312969 0.00059994 9.999e-05
 0.8084 0.0986 0.0794 0.0134 0.0002
 0.7335 0.1905 0.0724 0.0035 0.0001
 0.4001 0.4547 0.1325 0.0127 0
 0.49795 0.308269 0.164784 0.0264974 0.00249975
 0.9179 0.0499 0.0305 0.0017 0
 0.2467 0.6533 0.0926 0.0074 0
 0.9418 0.0223 0.034 0.0019 0
 0.707729 0.231977 0.0356964 0.0245975 0
 0.517169 0.277429 0.184464 0.0207286 0.00020938
 0.811772 0.124168 0.05621 0.00726502 0.000585176
 0.764997 0.148141 0.077277 0.00933861 0.000247198
 0.163321 0.427699 0.378323 0.0303852 0.000271297
 0.753843 0.0900009 0.118128 0.0371064 0.000921714
 0.721811 0.176058 0.0630433 0.0369309 0.00215725
 0.143369 0.312575 0.442814 0.0836902 0.0175525
 0.692698 0.0596174 0.167031 0.0765114 0.00414204
 0.394062 0.376323 0.152708 0.0712218 0.00568511
 0.125707 0.32114 0.495352 0.0537591 0.00404204
 0.23352 0.215282 0.420074 0.123614 0.00750983
 0.774587 0.0839891 0.0768558 0.0609784 0.00358967
pf_pred 
 0.6459 0.223834 0.082344 0.0302927 0.0176296
 0.288259 0.570303 0.0894059 0.0328906 0.0191416
 0.207265 0.383107 0.328226 0.0514557 0.029946
 0.720296 0.105439 0.0842174 0.0721531 0.0178944
 0.593964 0.363297 0.0161109 0.0128683 0.0137592
 0.919121 0.0640698 0.0150401 0.000666973 0.00110235
 0.303304 0.673725 0.018197 0.00427165 0.000502518
 0.409775 0.380268 0.203035 0.00548387 0.00143875
 0.878593 0.0788158 0.0274403 0.0146511 0.000499539
 0.977378 0.0222246 0.000257753 8.97384e-05 4.95474e-05
 0.595014 0.401648 0.00327991 3.80392e-05 2.05558e-05
 0.713491 0.216599 0.0693336 0.000566188 1.01148e-05
 0.561445 0.377652 0.046042 0.0147381 0.000122503
 0.623493 0.285724 0.0781756 0.00953088 0.0030762
 0.75615 0.201052 0.032478 0.00888615 0.00143303
 0.823561 0.155079 0.0176116 0.00284497 0.000903928
 0.212276 0.723304 0.0566211 0.0064302 0.00136877
 0.908538 0.0344382 0.0523607 0.00409885 0.000564575
 0.504532 0.474217 0.00800148 0.0121657 0.00108352
 0.350374 0.452783 0.1884 0.00317888 0.00526372
 0.678604 0.176352 0.101094 0.0420648 0.00188501
 0.667915 0.27363 0.0320746 0.0183868 0.00799349
 0.103924 0.735048 0.132683 0.0155529 0.0127918
 0.654374 0.0689062 0.226992 0.0409742 0.0087532
 0.599888 0.321911 0.0155907 0.0513592 0.0112513
 0.228728 0.588769 0.146833 0.00711136 0.0285584
 0.706782 0.113027 0.137553 0.0343042 0.00833346
 0.616602 0.321467 0.0238724 0.0290524 0.00900545
 0.175893 0.636564 0.15725 0.0116775 0.0186165
 0.189064 0.24993 0.433337 0.107047 0.0206224
 0.802644 0.0660794 0.0404594 0.0701497 0.0206674
pobs_RECLAS
 0 0 0 0 0
 0 0 0 0 0
 0 0 0 0 0
 0 0 0 0 0
 0 0 0 0 0
 0 0 0 0 0
 0 0 0 0 0
 0 0 0 0 0
 0 0 0 0 0
 0 0 0 0 0
 0.991045 0.00858322 0.000360255 1.14367e-05 0
 0.934742 0.0480273 0.0164251 0.00080598 0
 0.827803 0.169806 0.00239088 0 0
 0.941827 0.0461693 0.0120037 0 0
 0.791401 0.0380133 0.147996 0.0225897 0
 0.846168 0.0940531 0.0597789 0 0
 0.134021 0.677848 0.182769 0.00536245 0
 0.80878 0.0450904 0.141981 0.00414843 0
 0.846168 0.0940531 0.0597789 0 0
 0.905697 0.0802665 0.012482 0.00150086 5.37128e-05
 0.989698 0.0102097 9.19794e-05 0 0
 0.975433 0.0193895 0.00387452 0.00125025 5.28907e-05
 0.303575 0.632131 0.0575291 0.00676475 0
 0.966965 0.00978017 0.0227588 0.000495775 0
 0.843318 0.132988 0.00938335 0.0141283 0.000182051
 0.564624 0.303363 0.111486 0.0197234 0.00080311
 0.826376 0.0876187 0.0782897 0.00655872 0.00115652
 0.89761 0.0855135 0.0140674 0.00269457 0.000114338
 0.34875 0.467042 0.161289 0.0227151 0.000203297
 0.318654 0.224769 0.449479 0.00709798 0
 0.937255 0.0296025 0.0250945 0.00804832 0
ppred_RECLAS
 0.649753 0.221398 0.0814478 0.029963 0.0174378
 0.293587 0.566034 0.0887366 0.0326444 0.0189983
 0.211617 0.381004 0.326424 0.0511733 0.0297816
 0.744654 0.0962567 0.0768835 0.0658698 0.0163361
 0.607063 0.351577 0.0155912 0.0124532 0.0133153
 0.922913 0.0610658 0.0143349 0.000635701 0.00105066
 0.348216 0.630294 0.0170239 0.00399629 0.000470124
 0.424509 0.370775 0.197967 0.00534697 0.00140284
 0.919371 0.0523437 0.0182238 0.00973019 0.000331758
 0.978929 0.0207007 0.000240079 8.35852e-05 4.615e-05
 0.597005 0.399673 0.00326378 3.78521e-05 2.04547e-05
 0.72223 0.209993 0.0672188 0.000548918 9.80632e-06
 0.571283 0.369181 0.0450091 0.0144074 0.000119755
 0.641598 0.271985 0.0744164 0.00907257 0.00292828
 0.761426 0.196703 0.0317754 0.00869391 0.00140203
 0.828579 0.150668 0.0171107 0.00276406 0.000878219
 0.215572 0.720277 0.0563842 0.00640329 0.00136304
 0.910194 0.0338147 0.0514128 0.00402465 0.000554354
 0.509834 0.469143 0.00791587 0.0120355 0.00107192
 0.355122 0.449474 0.187023 0.00315565 0.00522525
 0.6824 0.174269 0.0999002 0.0415679 0.00186274
 0.672816 0.269592 0.0316012 0.0181155 0.00787552
 0.104994 0.734171 0.132525 0.0155344 0.0127765
 0.657474 0.0682882 0.224956 0.0406067 0.0086747
 0.602722 0.319631 0.0154803 0.0509954 0.0111716
 0.230282 0.587583 0.146537 0.00709703 0.0285009
 0.709256 0.112074 0.136392 0.0340148 0.00826314
 0.618589 0.319802 0.0237487 0.0289019 0.0089588
 0.176844 0.635829 0.157068 0.011664 0.018595
 0.190978 0.24934 0.432314 0.106794 0.0205737
 0.80545 0.0651401 0.0398842 0.0691525 0.0203736
pobs_PELACES
 0 0 0 0 0
 0 0 0 0 0
 0 0 0 0 0
 0 0 0 0 0
 0 0 0 0 0
 0 0 0 0 0
 0 0 0 0 0
 0 0 0 0 0
 0 0 0 0 0
 0 0 0 0 0
 0 0 0 0 0
 0 0 0 0 0
 0 0 0 0 0
 0 0 0 0 0
 0 0 0 0 0
 0 0 0 0 0
 0.505614 0.472636 0.0217494 0 0
 0 0 0 0 0
 0.443492 0.261883 0.143347 0.151278 0
 0.227955 0.32914 0.350689 0.0885471 0.00366901
 0.970185 0.0296113 0.000203453 0 0
 0.997202 0.00247181 0.000326279 0 0
 0.445219 0.490057 0.0546422 0.010081 0
 0.90214 0.0892962 0.00764917 0.000914606 0
 0 0 0 0 0
 0.581667 0.319106 0.0959925 0.00289975 0.000334073
 0.762889 0.0836404 0.116647 0.0363945 0.000428098
 0.88444 0.0763242 0.0277011 0.0115352 0
 0.521256 0.241999 0.230069 0.00667565 0
 0.616807 0.101726 0.260614 0.0208532 0
 0.833518 0.0704572 0.0857862 0.0102388 0
ppred_PELACES
 0.662145 0.213565 0.0785661 0.0289029 0.0168208
 0.309986 0.552893 0.0866766 0.0318866 0.0185572
 0.225087 0.374494 0.320847 0.0502989 0.0292728
 0.789 0.0795398 0.0635312 0.0544302 0.013499
 0.639575 0.322488 0.0143011 0.0114228 0.0122136
 0.931914 0.0539353 0.0126611 0.000561472 0.000927979
 0.430797 0.550436 0.014867 0.00348996 0.000410559
 0.461396 0.347009 0.185278 0.00500425 0.00131292
 0.953756 0.0300212 0.0104521 0.00558065 0.000190276
 0.982173 0.0175137 0.000203118 7.07168e-05 3.9045e-05
 0.604081 0.392655 0.00320647 3.71875e-05 2.00956e-05
 0.744922 0.192837 0.0617274 0.000504074 9.0052e-06
 0.597933 0.346231 0.0422112 0.0135118 0.000112311
 0.681699 0.241553 0.0660902 0.00805747 0.00260064
 0.776515 0.184262 0.0297656 0.00814402 0.00131336
 0.842158 0.138733 0.0157553 0.00254511 0.000808654
 0.226272 0.710453 0.0556151 0.00631595 0.00134445
 0.915246 0.0319121 0.04852 0.0037982 0.000523163
 0.526396 0.453291 0.00764839 0.0116288 0.0010357
 0.370207 0.438959 0.182648 0.00308183 0.00510302
 0.69451 0.167624 0.0960912 0.039983 0.00179172
 0.68778 0.257262 0.0301558 0.0172869 0.00751532
 0.108743 0.731095 0.13197 0.0154693 0.012723
 0.66777 0.0662356 0.218194 0.0393861 0.00841395
 0.612369 0.311869 0.0151044 0.0497571 0.0109003
 0.235849 0.583334 0.145477 0.00704571 0.0282948
 0.717617 0.108851 0.13247 0.0330366 0.00802552
 0.625627 0.313901 0.0233104 0.0283686 0.00879348
 0.180347 0.633123 0.1564 0.0116143 0.0185158
 0.197597 0.2473 0.428777 0.10592 0.0204054
 0.814286 0.0621813 0.0380727 0.0660115 0.0194482
pobs_pel_tallas
 0 0 0 0 0 0 0 0 0 0 0 0 0 0 0 0 0 0 0 0 0 0 0 0 0 0
 0 0 0 0 0 0 0 0 0 0 0 0 0 0 0 0 0 0 0 0 0 0 0 0 0 0
 0 0 0 0 0 0 0 0 0 0 0 0 0 0 0 0 0 0 0 0 0 0 0 0 0 0
 0 0 0 0 0 0 0 0 0 0 0 0 0 0 0 0 0 0 0 0 0 0 0 0 0 0
 0 0 0 0 0 0 0 0 0 0 0 0 0 0 0 0 0 0 0 0 0 0 0 0 0 0
 0 0 0 0 0 0 0 0 0 0 0 0 0 0 0 0 0 0 0 0 0 0 0 0 0 0
 0 0 0 0 0 0 0 0 0 0 0 0 0 0 0 0 0 0 0 0 0 0 0 0 0 0
 0 0 0 0 0 0 0 0 0 0 0 0 0 0 0 0 0 0 0 0 0 0 0 0 0 0
 0 0 0 0 0 0 0 0 0 0 0 0 0 0 0 0 0 0 0 0 0 0 0 0 0 0
 0 0 0 0 0 0 0 0 0 0 0 0 0 0 0 0 0 0 0 0 0 0 0 0 0 0
 0 0 0 0 0 0 0 0 0 0 0 0 0 0 0 0 0 0 0 0 0 0 0 0 0 0
 0 0 0 0 0 0 0 0 0 0 0 0 0 0 0 0 0 0 0 0 0 0 0 0 0 0
 0.00862536 0 0 0.000197151 0.00414017 0.0128641 0.00837892 0.0270097 0.101434 0.158115 0.152841 0.127902 0.109271 0.109419 0.0830992 0.0579132 0.0238553 0.00714673 0.00463305 0.00128148 0.00103504 0.000492878 0.000147863 0.000147863 4.92878e-05 0
 0 0 0 0 0 0 0 0 0 0 0 0 0 0 0 0 0 0 0 0 0 0 0 0 0 0
 0 0 0 0 0 0 0 0.0054083 0.00873648 0.0413646 0.0450493 0.0745869 0.0622846 0.0627006 0.0613931 0.0827291 0.12552 0.122667 0.0946155 0.0697135 0.0546179 0.0294188 0.0215738 0.0213955 0.0102223 0.00600262
 0 0 0 0 0.00359764 0.0251062 0.0480494 0.140153 0.205849 0.193036 0.1447 0.116669 0.0760912 0.0342217 0.00950174 0.001854 0.000860785 0 0 0 0.000165536 0 0.000143464 0 0 0
 0 0 0 0 0 0 0 0.000145254 0.000435761 0.0275982 0.070085 0.0708112 0.156366 0.174668 0.174014 0.160142 0.0824315 0.0480064 0.0283245 0.00493863 0.00203355 0 0 0 0 0
 0 0 0 0 0 0 0 0 0 0 0 0 0 0 0 0 0 0 0 0 0 0 0 0 0 0
 0 0 1.00437e-05 0.000401748 0.00122533 0.00171747 0.00176769 0.0269171 0.070346 0.194647 0.189555 0.159765 0.064822 0.0314167 0.0384472 0.0292271 0.0345202 0.0313363 0.0194345 0.0106764 0.0143323 0.0359363 0.0279516 0.0138201 0.00172751 0
 0 0.0021121 0.0136068 0.0755702 0.200478 0.177729 0.0527432 0.0373336 0.0318909 0.0142505 0.0149659 0.0166563 0.0217959 0.0798694 0.0677717 0.0528807 0.04013 0.0224614 0.0357745 0.0225083 0.00881397 0.00855152 0.00135912 0.000746735 0 0
 0 0 0 0 5.4009e-05 0.00500934 0.000945158 0.0243581 0.138947 0.33067 0.221406 0.137944 0.0707744 0.0437923 0.0131692 0.00525238 0.0047753 0.00276346 9.45158e-05 9.00151e-06 2.25038e-05 9.00151e-06 4.50075e-06 0 0 0
 0.000866109 0.00284123 0.00948549 0.0512746 0.133035 0.25785 0.225252 0.132002 0.0553304 0.0519788 0.0540692 0.017754 0.00435017 0.00159236 0.00146478 0.000404838 0.000125132 0.000115318 0.000107957 0.000100596 0 0 0 0 0 0
 0 0 0 0 0.00144013 0.00171154 0.00461396 0.0210425 0.0478622 0.0707936 0.0888783 0.103762 0.0637923 0.0337046 0.0602308 0.124433 0.169614 0.0934646 0.0462172 0.0250306 0.0313229 0.00938855 0.002487 0.000210481 0 0
 0 0.00764035 0.051015 0.0998891 0.058973 0.0496711 0.0374665 0.0718981 0.12319 0.153886 0.159021 0.0857701 0.0377988 0.023471 0.0147837 0.00900784 0.00315554 0.000888139 0.00291439 0.00214683 0.00393193 0.00274676 0.000635225 9.99891e-05 0 0
 0 0 0 0 0 0 0 0 0 0 0 0 0 0 0 0 0 0 0 0 0 0 0 0 0 0
 0 0 0 0 0 0 0 0 0 0 0 0 0 0 0 0 0 0 0 0 0 0 0 0 0 0
 0 0 0 0 0 0 0 0 0 0 0 0 0 0 0 0 0 0 0 0 0 0 0 0 0 0
 0 0 0 0 0 0 0 0 0 0 0 0 0 0 0 0 0 0 0 0 0 0 0 0 0 0
 0 0 0 0 0 0 0 0 0 0 0 0 0 0 0 0 0 0 0 0 0 0 0 0 0 0
 0 0 0 0 0 0 0 0 0 0 0 0 0 0 0 0 0 0 0 0 0 0 0 0 0 0
 0 0 0 0 0 0 0 0 0 0 0 0 0 0 0 0 0 0 0 0 0 0 0 0 0 0
ppred_pel_tallas
 1.08068e-16 5.45401e-05 0.000530149 0.00352303 0.0160152 0.0498293 0.106167 0.154959 0.154979 0.106268 0.0501688 0.0169969 0.00599158 0.00593329 0.0103585 0.0171507 0.0249677 0.0319677 0.0363107 0.037166 0.0351769 0.0319369 0.0289129 0.0266805 0.0249324 0.0230226
 1.08981e-16 2.55333e-05 0.000248193 0.00164933 0.00749764 0.0233282 0.0497053 0.0725574 0.0726108 0.0499658 0.024203 0.0100245 0.00799316 0.0141007 0.0263455 0.0435459 0.0628052 0.0791531 0.0875405 0.0856606 0.0753208 0.0611847 0.0479312 0.038046 0.0315264 0.0270307
 1.19353e-16 1.85402e-05 0.000180218 0.00119761 0.00544419 0.0169391 0.0360919 0.0526848 0.0527213 0.0362706 0.0175403 0.00718628 0.00559147 0.00984158 0.0185714 0.0312074 0.0462034 0.0607208 0.0718061 0.0780144 0.0800426 0.0797635 0.0785419 0.0763196 0.0720805 0.0650206
 1.09597e-16 6.49889e-05 0.000631715 0.00419797 0.0190834 0.0593755 0.126506 0.184641 0.184649 0.126544 0.0595034 0.0194542 0.00513402 0.00269268 0.00403168 0.00670289 0.0099872 0.01329 0.0160672 0.0181204 0.0196985 0.0212387 0.0229492 0.0245812 0.0255541 0.0253017
 1.03708e-16 5.2681e-05 0.000512078 0.00340294 0.0154693 0.0481309 0.102549 0.14968 0.149711 0.102701 0.0486399 0.0169389 0.00708962 0.00855303 0.0153033 0.0251632 0.0361223 0.0451778 0.0493183 0.0471833 0.0399041 0.0303853 0.0216134 0.0152855 0.0115408 0.00957278
 1.00593e-16 7.67605e-05 0.00074614 0.00495836 0.02254 0.0701303 0.14942 0.218084 0.21809 0.149446 0.0702158 0.0227869 0.00557842 0.00210088 0.00265298 0.00427297 0.00616751 0.00779567 0.00866039 0.00852927 0.00756241 0.00619177 0.00485256 0.00377947 0.00298609 0.00237557
 1.0099e-16 3.54843e-05 0.00034492 0.00229212 0.0104197 0.0324197 0.0690756 0.100829 0.100882 0.0693343 0.033288 0.0129262 0.0085787 0.0140518 0.0260179 0.0428271 0.061386 0.0765531 0.0831134 0.0786639 0.0650809 0.0473314 0.0306177 0.0180433 0.0101237 0.00576432
 1.0616e-16 3.80047e-05 0.000369419 0.00245492 0.0111597 0.0347222 0.0739806 0.107984 0.108018 0.0741452 0.0352753 0.0127598 0.00648113 0.00919116 0.0168868 0.0281024 0.0410457 0.0527851 0.0602972 0.0620885 0.0589354 0.0530865 0.0466532 0.0405453 0.0345964 0.0283985
 1.00902e-16 7.85596e-05 0.000763627 0.00507457 0.0230683 0.071774 0.152922 0.223195 0.223198 0.152936 0.0718217 0.0232062 0.00542139 0.00152261 0.00152558 0.00241248 0.00350258 0.00447892 0.00507691 0.00517774 0.00487033 0.00437775 0.00390635 0.00353879 0.00323608 0.00291436
 1.00025e-16 8.09003e-05 0.00078638 0.00522577 0.0237556 0.0739125 0.157478 0.229845 0.229846 0.157487 0.0739401 0.0238353 0.0054257 0.00122222 0.000906874 0.00136655 0.00194976 0.00242865 0.00263204 0.00248317 0.00204239 0.00146911 0.000930766 0.000527816 0.000277503 0.000144597
 1.00201e-16 4.97575e-05 0.00048366 0.00321409 0.0146108 0.0454599 0.0968585 0.141376 0.141414 0.097043 0.046079 0.0163979 0.00769577 0.0102532 0.0185627 0.0305011 0.0436793 0.054393 0.0589048 0.0554941 0.045512 0.0325383 0.0203392 0.0111862 0.00548676 0.00246746
 1.01883e-16 6.13583e-05 0.000596424 0.00396345 0.0180173 0.0560586 0.119439 0.174329 0.174348 0.11953 0.0563646 0.0189017 0.00618593 0.00545591 0.00931303 0.0153575 0.0222504 0.0282525 0.0316151 0.0314987 0.0284261 0.0238529 0.0192304 0.0153198 0.0121594 0.00947216
 1.02681e-16 4.92511e-05 0.000478738 0.00318138 0.0144621 0.0449972 0.0958726 0.139936 0.139969 0.0960356 0.0455445 0.0160428 0.00714847 0.00913728 0.0164885 0.0271682 0.0391021 0.0491087 0.0539751 0.0522157 0.0449518 0.0351428 0.0258152 0.0186673 0.0138522 0.0106576
 1.03218e-16 5.61507e-05 0.000545804 0.00362706 0.0164881 0.0513008 0.109303 0.159535 0.159559 0.109417 0.0516838 0.017595 0.00640782 0.00662401 0.0116225 0.0191844 0.0277668 0.0351998 0.039296 0.0390244 0.0350851 0.0293631 0.0237314 0.0191605 0.0156547 0.0127698
 1.01946e-16 6.39606e-05 0.00062172 0.00413155 0.0187814 0.0584361 0.124505 0.181722 0.18174 0.124592 0.0587276 0.0196235 0.00624556 0.00523767 0.00883354 0.0145104 0.0209153 0.0263405 0.0290886 0.0283743 0.0247817 0.0198515 0.0151438 0.0115104 0.00899843 0.0072236
 1.00883e-16 6.93674e-05 0.000674276 0.0044808 0.0203691 0.0633759 0.135029 0.197082 0.197096 0.135095 0.0635951 0.0210022 0.00606976 0.00414185 0.00665154 0.0108776 0.0156414 0.0196235 0.0215277 0.0207541 0.017752 0.0137142 0.00986845 0.00691534 0.00493605 0.00365751
 1.02648e-16 1.86378e-05 0.000181167 0.00120392 0.00547288 0.0170285 0.0362836 0.0529713 0.0530397 0.0366178 0.0181504 0.00871219 0.00933126 0.0179106 0.0336528 0.0555069 0.0797252 0.0997619 0.108946 0.104184 0.0878178 0.0660759 0.0454284 0.0296555 0.0193075 0.0130159
 1.01878e-16 7.53876e-05 0.000732795 0.00486968 0.0221369 0.068876 0.146748 0.214183 0.214186 0.146763 0.0689279 0.0222876 0.00525149 0.00157723 0.00171111 0.00279276 0.00420925 0.00569522 0.00702138 0.00806045 0.0088163 0.00933831 0.00960433 0.00949437 0.00888248 0.00775873
 1.01679e-16 4.33587e-05 0.000421462 0.00280076 0.0127319 0.0396139 0.0844031 0.123198 0.123242 0.0846161 0.0403288 0.0147958 0.00797706 0.0117072 0.0214354 0.0352599 0.050536 0.0630221 0.0684335 0.0648112 0.053727 0.0392964 0.0258115 0.0158045 0.00964149 0.0063422
 1.06556e-16 3.04936e-05 0.000296408 0.00196974 0.00895418 0.02786 0.0593602 0.0866469 0.0866894 0.059568 0.0285579 0.0109724 0.00704427 0.0114026 0.0212059 0.0352236 0.0512322 0.0654434 0.0739575 0.0748824 0.0693251 0.0603964 0.0511167 0.0429464 0.0358137 0.0291041
 1.07129e-16 5.72059e-05 0.000556062 0.00369523 0.016798 0.0522648 0.111356 0.162531 0.162547 0.111436 0.0525325 0.0175727 0.00564601 0.00483504 0.00824404 0.0136973 0.0201002 0.0260684 0.0302207 0.031918 0.0315843 0.0302775 0.0288778 0.0275756 0.0259825 0.0236255
 1.03942e-16 5.66516e-05 0.000550674 0.00365942 0.0166352 0.0517585 0.110278 0.160959 0.160984 0.110399 0.0521652 0.0178099 0.00660775 0.00698635 0.0122778 0.0202053 0.029097 0.0365881 0.0403143 0.0392038 0.0341231 0.0272912 0.0209462 0.0162941 0.0133493 0.0114611
 1.077e-16 8.95718e-06 8.70671e-05 0.000578595 0.00263025 0.00818406 0.0174396 0.0254684 0.0255389 0.0177842 0.00934105 0.00597253 0.00897015 0.0184124 0.034831 0.0576173 0.0831107 0.104743 0.115794 0.113132 0.0990329 0.0795529 0.0608328 0.0462415 0.0360076 0.0286888
 1.11688e-16 5.50033e-05 0.000534652 0.00355295 0.0161512 0.0502524 0.107068 0.156271 0.156278 0.107101 0.0503642 0.0164784 0.0043906 0.00241746 0.00378996 0.00659477 0.0104677 0.0152007 0.0205672 0.0263954 0.0324871 0.0383693 0.0431398 0.0456666 0.045094 0.0413125
 1.07351e-16 5.04401e-05 0.000490295 0.00325819 0.0148113 0.0460835 0.0981869 0.143313 0.143343 0.0983336 0.0465761 0.0162337 0.00682748 0.00827864 0.0148327 0.0244207 0.0351342 0.0441221 0.0485445 0.0471657 0.0411379 0.0332646 0.0263268 0.0217475 0.0193721 0.0181455
 1.09843e-16 1.94267e-05 0.000188834 0.00125487 0.0057045 0.0177491 0.0378184 0.0552089 0.0552652 0.0380937 0.0186736 0.00837594 0.00796522 0.0148531 0.0279147 0.0462359 0.0668775 0.084673 0.0943404 0.0934132 0.0836496 0.0697123 0.0562487 0.0456854 0.0380218 0.0320567
 1.08522e-16 5.91092e-05 0.000574562 0.00381817 0.0173569 0.0540037 0.115061 0.167937 0.167948 0.115113 0.0541798 0.0178681 0.00511095 0.00342793 0.00557003 0.00935572 0.0140365 0.018839 0.0229925 0.0261176 0.0283537 0.0300482 0.031292 0.0317389 0.0308546 0.0283434
 1.05087e-16 5.15321e-05 0.000500911 0.00332873 0.0151319 0.0470812 0.100313 0.146416 0.146446 0.10046 0.0475771 0.0165639 0.00692202 0.00834171 0.0149332 0.024583 0.0353584 0.0443729 0.048736 0.0471535 0.040725 0.0322262 0.024458 0.0189319 0.0156486 0.0137399
 1.08974e-16 1.48551e-05 0.000144397 0.00095957 0.00436211 0.0135725 0.0289198 0.0422221 0.0422832 0.0292185 0.0145758 0.0072613 0.00824184 0.0160578 0.0302843 0.0501649 0.0725462 0.0918158 0.102226 0.101079 0.0902651 0.0748286 0.0598144 0.0478805 0.039079 0.0321822
 1.26513e-16 1.62759e-05 0.000158207 0.00105134 0.00477928 0.0148702 0.0316835 0.0462481 0.0462726 0.0318034 0.0152748 0.00595614 0.00403696 0.00678045 0.0129009 0.0221088 0.0337382 0.0464003 0.0585997 0.0695547 0.0793375 0.0881004 0.0951275 0.0987082 0.0970455 0.0894469
 1.11026e-16 6.70717e-05 0.000651961 0.00433251 0.019695 0.0612784 0.13056 0.190558 0.190564 0.13059 0.0613782 0.0199844 0.00506281 0.00225948 0.0031604 0.00522868 0.00779597 0.0104039 0.0126676 0.0145011 0.0161867 0.0181425 0.0205476 0.0231183 0.025197 0.0260688
pSPR Fmed_Fpbrs
0.505769   0.285572 0.285572
Fs Fmed_Fpbrs
0.474207   1.005 1.005
SSBpbr Bo_Bmed_Bpbrs
1.6977e+06  773760  399932 399932
Ro
120165
SPR SPRFo_SPRFmed_SPRFpbrs
858930 434420 245287
Fref
1.005
Nvult_r0
 172264 8141.63 4984.99 8643.12 2546.43
CTP_r0
 25522.7 2101.21 1286.54 2230.64 657.188
YTP_r0
391104
Np
 209237 77087 2857.54 1749.63 3821.66
Nvult_p0
 162666 66706.4 2472.74 1514.02 3307.04
CTP_p0
 54402.6 33436.4 1239.46 758.899 1657.64
YTP_p0
 1.05583e+06
CBA_c0
590521
log_Ro
11.5166
likeval ReclasPelacesDesembMPH_pf_preclas_ppelaces_ptallas_desvR_qrecl_qpela
 36.1489 35.4776 0.321959 0.00232552 261.715 136.935 113.663 0 51.2176 0 0 0.105429 0 0 0
q_reclas_q_pelaces
1 1
M
1
N
 285842 52924.4 19469.8 7162.54 4168.43
 82085.3 89035.4 13958 5134.86 2988.37
 23508.9 23852.1 20435.3 3203.62 1864.43
 72278.9 6808.43 5438.12 4659.1 1155.48
 35044.7 12518.1 555.133 443.403 474.099
 209079 8472.43 1988.87 88.1989 145.772
 33418.4 51266.4 1384.68 325.047 38.2386
 7811.16 4278.85 2284.59 61.7056 16.1892
 26137.7 1826.36 635.858 339.502 11.5756
 116582 1595.97 18.5094 6.44419 3.55804
 73090.1 25583.8 208.92 2.42298 1.30934
 141843 24589.2 7871.03 64.2759 1.14828
 96172.2 36697.8 4474.06 1432.15 11.9041
 91214.8 25368.1 6940.85 846.203 273.122
 132668 19490.7 3148.53 861.454 138.923
 357274 37727.5 4284.54 692.124 219.907
 53078.5 97433.4 7627.2 866.186 184.382
 790876 16173.3 24590.4 1924.96 265.143
 471860 240058 4050.51 6158.49 548.497
 203217 141974 59074.4 996.764 1650.48
 441019 61342.7 35164.9 14631.9 655.685
 614881 136727 16026.9 9187.47 3994.16
 49485.6 183626 33146.3 3885.36 3195.59
 290226 16161.5 53239.5 9610.22 2053
 329383 92859.6 4497.35 14815.3 3245.6
 80146.9 107191 26732.2 1294.69 5199.32
 319173 26829.2 32650.9 8142.77 1978.11
 383494 103731 7703.13 9374.62 2905.88
 69124 128843 31828 2363.57 3768.05
 33986.4 23654.2 41012.4 10131.3 1951.77
 249351 10999.2 6734.62 11676.7 3440.17
pred_Ctot
 28077.5 9730.16 3579.53 1316.83 766.367
 11114.6 21989.6 3447.29 1268.19 738.055
 3223.87 5958.97 5105.34 800.359 465.79
 25677.1 3758.67 3002.18 2572.11 637.897
 7856.85 4805.63 213.112 170.22 182.004
 45544.3 3174.78 745.266 33.0498 54.6235
 14962.7 33236.3 897.696 210.73 24.7903
 1866.53 1732.13 924.829 24.9791 6.55355
 15764 1414.13 492.34 262.874 8.96287
 30998.5 704.875 8.17488 2.84614 1.57145
 3979.51 2686.26 21.9364 0.25441 0.137479
 27375.5 8310.58 2660.22 21.7237 0.388091
 17673.6 11888.1 1449.35 463.937 3.85625
 25249 11570.7 3165.8 385.962 124.574
 19438.9 5168.6 834.936 228.443 36.8401
 59860.7 11271.9 1280.1 206.787 65.7022
 5850.86 19936.1 1560.62 177.233 37.7268
 88823.7 3366.87 5119.07 400.727 55.1959
 55219.4 51901.6 875.737 1331.49 118.588
 23428.3 30276 12597.7 212.561 351.967
 44458.4 11553.6 6623.15 2755.85 123.495
 74411.5 30484.8 3573.38 2048.45 890.544
 3545.22 25075 4526.28 530.564 436.372
 24172.8 2545.42 8385.16 1513.6 323.346
 24267.4 13022.3 630.695 2077.65 455.152
 4597.71 11835 2951.51 142.947 574.059
 23756.1 3799.03 4623.38 1153.02 280.101
 21181.9 11043.3 820.08 998.028 309.361
 3068.22 11104 2743.02 203.699 324.741
 2611.01 3451.59 5984.46 1478.34 284.799
 25522.7 2101.21 1286.54 2230.64 657.188
F
 0.166406 0.332812 0.332812 0.332812 0.332812
 0.235886 0.471772 0.471772 0.471772 0.471772
 0.239219 0.478439 0.478439 0.478439 0.478439
 0.753354 1.50671 1.50671 1.50671 1.50671
 0.419807 0.839613 0.839613 0.839613 0.839613
 0.405674 0.811349 0.811349 0.811349 0.811349
 1.05542 2.11085 2.11085 2.11085 2.11085
 0.453232 0.906463 0.906463 0.906463 0.906463
 1.7959 3.5918 3.5918 3.5918 3.5918
 0.516641 1.03328 1.03328 1.03328 1.03328
 0.0893843 0.178769 0.178769 0.178769 0.178769
 0.352006 0.704012 0.704012 0.704012 0.704012
 0.332646 0.665293 0.665293 0.665293 0.665293
 0.543279 1.08656 1.08656 1.08656 1.08656
 0.257463 0.514925 0.514925 0.514925 0.514925
 0.299334 0.598667 0.598667 0.598667 0.598667
 0.188408 0.376815 0.376815 0.376815 0.376815
 0.192261 0.384522 0.384522 0.384522 0.384522
 0.201041 0.402082 0.402082 0.402082 0.402082
 0.197797 0.395595 0.395595 0.395595 0.395595
 0.171103 0.342207 0.342207 0.342207 0.342207
 0.208527 0.417054 0.417054 0.417054 0.417054
 0.119051 0.238103 0.238103 0.238103 0.238103
 0.139571 0.279142 0.279142 0.279142 0.279142
 0.122609 0.245219 0.245219 0.245219 0.245219
 0.0943702 0.18874 0.18874 0.18874 0.18874
 0.123932 0.247865 0.247865 0.247865 0.247865
 0.0907272 0.181454 0.181454 0.181454 0.181454
 0.072361 0.144722 0.144722 0.144722 0.144722
 0.12814 0.25628 0.25628 0.25628 0.25628
 0.173929 0.347858 0.347858 0.347858 0.347858
nmprior
 8.19 8.8 8.5 0
nm_flota  nm_reclas  nm_pelaces    nm_pelaL
inf 6.31414 6.14382 10.5918
cv_recla  cv_pelaces  cv_mph
0.543842 0.675382 1.48821
 ------------------------------------------------
Talla a la edad & desviaci?n 
 8 13.2811 15.8009 17.003 17.5766
 0.8 1.32811 1.58009 1.7003 1.75766
