years
 1991 1992 1993 1994 1995 1996 1997 1998 1999 2000 2001 2002 2003 2004 2005 2006 2007 2008 2009 2010 2011 2012 2013 2014 2015 2016 2017 2018 2019 2020 2021
reclasobs
 0 0 0 0 0 0 0 0 0 252601 567819 844713 477998 351125 339783 2.1784e+06 2.13404e+06 4.81314e+06 1.55562e+06 2.62356e+06 3.21686e+06 3.843e+06 1.13348e+06 3.07943e+06 1.97215e+06 2.03268e+06 2.025e+06 2.42433e+06 2.27542e+06 1.05018e+06 2.36338e+06
reclaspred
 2.82908e+06 1.46974e+06 713387 369590 138879 1.48711e+06 621778 323812 216083 206856 381752 614930 594044 413196 346755 1.68483e+06 1.26821e+06 3.88e+06 3.12002e+06 1.96814e+06 3.68478e+06 3.10986e+06 2.03361e+06 3.42588e+06 2.36704e+06 1.82982e+06 2.56944e+06 3.27098e+06 2.47382e+06 1.16917e+06 1.71101e+06
pelacesobs
 0 0 0 0 0 0 0 0 0 0 0 0 0 0 0 552880 188675 0 991730 2.46772e+06 1.41603e+06 1.21717e+06 2.29649e+06 1.80582e+06 0 1.4828e+06 1.56532e+06 1.57751e+06 1.42118e+06 867257 1.10002e+06
pelacespred
 800928 424569 190801 68791.1 26999.1 411781 127485 95835.2 46593.4 45560 104719 139761 150594 102753 87224.7 401931 303346 1.12877e+06 897909 520984 991640 850900 564343 1.07988e+06 702689 543008 885354 1.10253e+06 689888 373586 520685
mphobs
 0 0 0 0 0 0 0 0 0 0 0 498337 0 5186 125008 0 168611 109162 213762 579715 649985 157893 87575 83554 0 0 0 0 0 0 0
mphpred
 494092 262349 120646 60424.2 21514.3 10425.1 138079 44974.7 23866.2 11417.9 12935.8 43287.8 52815.3 39937.6 20850.8 24058.6 190497 131128 392166 272955 241944 334073 327019 217203 339573 252968 179598 237159 406838 236988 103077
desembarqueobs
 494567 514787 250237 358949 120608 361735 552515 73892 212993 205616 52469 317467 293654 387597 252695 516296 358380 742168 942051 627588 828172 859565 418607 520667 417249 300574 407403 355545 319650 289779 391294
desembarquepred
 494518 514858 249651 358821 120563 361586 552005 73879.8 212848 205495 52464.2 317317 293485 387159 252502 516007 358308 741796 941125 626945 827917 859071 418467 520554 417103 300456 407266 355430 319542 289651 391172
Reclutas
 71899.9 109090 83456.6 43079.3 21143.8 277780 33309.6 9987.58 25194.6 52347 65658 121357 92452.4 67104.2 51626.4 409011 35027.5 657635 328885 206941 388948 508240 49842.8 284300 198285 73538.4 245121 305443 45682.4 26346.3 181824
log_desv_Rt
 -0.32253 0.0943657 -0.173478 -0.834761 -1.54646 1.02902 -1.09196 -2.29646 -1.37117 -0.639911 -0.413345 0.200935 -0.0711113 -0.391558 -0.653771 1.41594 -1.04167 1.89085 1.1979 0.734629 1.36564 1.63315 -0.688931 1.05223 0.691901 -0.299997 0.903947 1.12396 -0.776093 -1.32648 0.605233
SSB
 1.72517e+06 916015 421247 210977 75119.2 36400 482114 157033 83331.2 39866.8 45166.6 151143 184409 139446 72802.4 84002.7 665139 457845 1.36928e+06 953049 844769 1.16645e+06 1.14182e+06 758384 1.18565e+06 883260 627082 828062 1.42051e+06 827465 359903
BT
 2.28739e+06 1.49327e+06 675063 445810 162459 1.26902e+06 776436 288665 310278 298517 285422 583478 610589 635999 453147 1.33716e+06 981111 3.27091e+06 2.96462e+06 1.78045e+06 2.968e+06 2.7559e+06 1.66536e+06 2.98202e+06 2.01563e+06 1.52451e+06 2.46616e+06 2.90056e+06 1.85811e+06 1.16182e+06 1.58315e+06
Ftot
 0.274767 0.569719 0.577577 1.47302 1.38527 0.580285 1.28132 0.382315 1.74309 1.90784 0.310604 1.00315 0.926765 1.69433 1.45959 0.713335 0.454936 0.423513 0.541379 0.562106 0.438522 0.522956 0.331111 0.311039 0.310476 0.280501 0.326254 0.227328 0.204737 0.387092 0.480184
BD_Bspro_t
 0.95729 0.707435 0.474074 0.333936 0.145386 0.103289 0.482961 0.205143 0.160941 0.105432 0.146576 0.432055 0.350093 0.255645 0.149473 0.174292 0.497091 0.39705 0.595394 0.475539 0.40542 0.481898 0.50608 0.446351 0.587085 0.575355 0.5531 0.645246 0.739213 0.624704 0.467471
BD_Bspro
 2.43136 1.29099 0.593685 0.29734 0.105869 0.0513004 0.679467 0.221315 0.117443 0.0561862 0.0636555 0.213014 0.259897 0.196528 0.102604 0.118389 0.937413 0.645263 1.9298 1.34318 1.19057 1.64393 1.60922 1.06883 1.671 1.24482 0.883778 1.16703 2.002 1.16619 0.507229
BD_Bo
 1.10629 0.587411 0.270132 0.135293 0.0481715 0.0233422 0.309164 0.1007 0.0534376 0.0255653 0.0289639 0.0969233 0.118256 0.0894222 0.0466859 0.0538682 0.426532 0.293601 0.878076 0.61116 0.541723 0.748004 0.732211 0.486327 0.76032 0.566406 0.402128 0.531009 0.910928 0.530627 0.230794
BD_Brms
 5.23416 2.77919 1.27806 0.640104 0.227912 0.110438 1.46274 0.476439 0.252827 0.120956 0.137035 0.458569 0.559499 0.423079 0.220883 0.254864 2.01803 1.3891 4.1544 2.89155 2.56303 3.539 3.46428 2.30094 3.59727 2.67981 1.90257 2.51234 4.30983 2.51053 1.09195
Sel_flota
 0.600731 0.966201 0.998162 0.999903 0.999995
 0.600731 0.966201 0.998162 0.999903 0.999995
 0.600731 0.966201 0.998162 0.999903 0.999995
 0.600731 0.966201 0.998162 0.999903 0.999995
 0.600731 0.966201 0.998162 0.999903 0.999995
 0.600731 0.966201 0.998162 0.999903 0.999995
 0.600731 0.966201 0.998162 0.999903 0.999995
 0.600731 0.966201 0.998162 0.999903 0.999995
 0.600731 0.966201 0.998162 0.999903 0.999995
 0.600731 0.966201 0.998162 0.999903 0.999995
 0.600731 0.966201 0.998162 0.999903 0.999995
 0.600731 0.966201 0.998162 0.999903 0.999995
 0.600731 0.966201 0.998162 0.999903 0.999995
 0.600731 0.966201 0.998162 0.999903 0.999995
 0.600731 0.966201 0.998162 0.999903 0.999995
 0.600731 0.966201 0.998162 0.999903 0.999995
 0.600731 0.966201 0.998162 0.999903 0.999995
 0.600731 0.966201 0.998162 0.999903 0.999995
 0.600731 0.966201 0.998162 0.999903 0.999995
 0.600731 0.966201 0.998162 0.999903 0.999995
 0.600731 0.966201 0.998162 0.999903 0.999995
 0.600731 0.966201 0.998162 0.999903 0.999995
 0.600731 0.966201 0.998162 0.999903 0.999995
 0.600731 0.966201 0.998162 0.999903 0.999995
 0.600731 0.966201 0.998162 0.999903 0.999995
 0.600731 0.966201 0.998162 0.999903 0.999995
 0.600731 0.966201 0.998162 0.999903 0.999995
 0.600731 0.966201 0.998162 0.999903 0.999995
 0.600731 0.966201 0.998162 0.999903 0.999995
 0.600731 0.966201 0.998162 0.999903 0.999995
 0.600731 0.966201 0.998162 0.999903 0.999995
Sel_reclas
 1 1 1 1 1
 1 1 1 1 1
 1 1 1 1 1
 1 1 1 1 1
 1 1 1 1 1
 1 1 1 1 1
 1 1 1 1 1
 1 1 1 1 1
 1 1 1 1 1
 1 1 1 1 1
 1 1 1 1 1
 1 1 1 1 1
 1 1 1 1 1
 1 1 1 1 1
 1 1 1 1 1
 1 1 1 1 1
 1 1 1 1 1
 1 1 1 1 1
 1 1 1 1 1
 1 1 1 1 1
 1 1 1 1 1
 1 1 1 1 1
 1 1 1 1 1
 1 1 1 1 1
 1 1 1 1 1
 1 1 1 1 1
 1 1 1 1 1
 1 1 1 1 1
 1 1 1 1 1
 1 1 1 1 1
 1 1 1 1 1
Sel_pelaces
 1 1 1 1 1
 1 1 1 1 1
 1 1 1 1 1
 1 1 1 1 1
 1 1 1 1 1
 1 1 1 1 1
 1 1 1 1 1
 1 1 1 1 1
 1 1 1 1 1
 1 1 1 1 1
 1 1 1 1 1
 1 1 1 1 1
 1 1 1 1 1
 1 1 1 1 1
 1 1 1 1 1
 1 1 1 1 1
 1 1 1 1 1
 1 1 1 1 1
 1 1 1 1 1
 1 1 1 1 1
 1 1 1 1 1
 1 1 1 1 1
 1 1 1 1 1
 1 1 1 1 1
 1 1 1 1 1
 1 1 1 1 1
 1 1 1 1 1
 1 1 1 1 1
 1 1 1 1 1
 1 1 1 1 1
 1 1 1 1 1
pf_obs 
 0.8446 0.082 0.0669 0.0065 0
 0.8095 0.147 0.0364 0.0071 0
 0.9664 0.0169 0.016 0.0007 0
 0.9276 0.0648 0.0075 0.0001 0
 0.7033 0.2144 0.0806 0.0017 0
 0.9318 0.0425 0.0243 0.0014 0
 0.5671 0.3108 0.0964 0.0239 0.0018
 0.0768 0.2599 0.5324 0.112 0.0189
 0.490249 0.384438 0.106611 0.0170017 0.00170017
 0.7925 0.1577 0.0466 0.003 0.0002
 0.840416 0.127587 0.0312969 0.00059994 9.999e-05
 0.8084 0.0986 0.0794 0.0134 0.0002
 0.7335 0.1905 0.0724 0.0035 0.0001
 0.4001 0.4547 0.1325 0.0127 0
 0.49795 0.308269 0.164784 0.0264974 0.00249975
 0.9179 0.0499 0.0305 0.0017 0
 0.2467 0.6533 0.0926 0.0074 0
 0.9418 0.0223 0.034 0.0019 0
 0.707729 0.231977 0.0356964 0.0245975 0
 0.517169 0.277429 0.184464 0.0207286 0.00020938
 0.811772 0.124168 0.05621 0.00726502 0.000585176
 0.764997 0.148141 0.077277 0.00933861 0.000247198
 0.163321 0.427699 0.378323 0.0303852 0.000271297
 0.753843 0.0900009 0.118128 0.0371064 0.000921714
 0.721811 0.176058 0.0630433 0.0369309 0.00215725
 0.143369 0.312575 0.442814 0.0836902 0.0175525
 0.692698 0.0596174 0.167031 0.0765114 0.00414204
 0.394062 0.376323 0.152708 0.0712218 0.00568511
 0.125707 0.32114 0.495352 0.0537591 0.00404204
 0.23352 0.215282 0.420074 0.123614 0.00750983
 0.774587 0.0839891 0.0768558 0.0609784 0.00358967
pf_pred 
 0.28159 0.238434 0.425115 0.0548595 1.03479e-06
 0.567589 0.173264 0.0881298 0.151504 0.0195131
 0.582229 0.294957 0.050516 0.0246241 0.0476734
 0.514484 0.3484 0.0980643 0.0160857 0.0229663
 0.628411 0.263544 0.0789321 0.0208425 0.00827055
 0.977655 0.0176639 0.00337927 0.000951914 0.000349921
 0.249861 0.740809 0.00744243 0.0013637 0.000524118
 0.324197 0.280398 0.390766 0.00370212 0.000936049
 0.750729 0.114193 0.0573347 0.0768333 0.000910028
 0.916625 0.0737415 0.00458843 0.00214614 0.00289892
 0.870756 0.12479 0.00397337 0.000229504 0.000251296
 0.797834 0.185822 0.0158015 0.000484651 5.85243e-05
 0.702428 0.264086 0.0309066 0.00249405 8.54891e-05
 0.682645 0.261297 0.050031 0.00556442 0.000463144
 0.783074 0.182132 0.0289936 0.00517885 0.000621578
 0.969337 0.0273173 0.00283683 0.000423929 8.45197e-05
 0.189025 0.797353 0.0121951 0.00120999 0.000216332
 0.927275 0.0209254 0.0509632 0.000748856 8.73952e-05
 0.529743 0.450309 0.00590241 0.0138188 0.000226269
 0.514933 0.323254 0.155229 0.00195108 0.00463222
 0.75686 0.159654 0.0564174 0.0259697 0.00109878
 0.723343 0.233772 0.0285487 0.009695 0.00464159
 0.16373 0.687623 0.126414 0.0148116 0.00742126
 0.753872 0.0612541 0.15302 0.0270977 0.00475601
 0.555485 0.373632 0.0181407 0.04367 0.00907243
 0.347842 0.441983 0.17773 0.00831574 0.0241287
 0.767767 0.109816 0.0839414 0.0325468 0.00592929
 0.692445 0.261356 0.0222832 0.0164095 0.00750641
 0.190483 0.637745 0.146755 0.0120784 0.0129384
 0.245641 0.210756 0.431427 0.0958661 0.0163103
 0.851393 0.0540343 0.0271732 0.053514 0.0138852
pobs_RECLAS
 0 0 0 0 0
 0 0 0 0 0
 0 0 0 0 0
 0 0 0 0 0
 0 0 0 0 0
 0 0 0 0 0
 0 0 0 0 0
 0 0 0 0 0
 0 0 0 0 0
 0 0 0 0 0
 0.991045 0.00858322 0.000360255 1.14367e-05 0
 0.934742 0.0480273 0.0164251 0.00080598 0
 0.827803 0.169806 0.00239088 0 0
 0.941827 0.0461693 0.0120037 0 0
 0.791401 0.0380133 0.147996 0.0225897 0
 0.846168 0.0940531 0.0597789 0 0
 0.134021 0.677848 0.182769 0.00536245 0
 0.80878 0.0450904 0.141981 0.00414843 0
 0.846168 0.0940531 0.0597789 0 0
 0.905697 0.0802665 0.012482 0.00150086 5.37128e-05
 0.989698 0.0102097 9.19794e-05 0 0
 0.975433 0.0193895 0.00387452 0.00125025 5.28907e-05
 0.303575 0.632131 0.0575291 0.00676475 0
 0.966965 0.00978017 0.0227588 0.000495775 0
 0.843318 0.132988 0.00938335 0.0141283 0.000182051
 0.564624 0.303363 0.111486 0.0197234 0.00080311
 0.826376 0.0876187 0.0782897 0.00655872 0.00115652
 0.89761 0.0855135 0.0140674 0.00269457 0.000114338
 0.34875 0.467042 0.161289 0.0227151 0.000203297
 0.318654 0.224769 0.449479 0.00709798 0
 0.937255 0.0296025 0.0250945 0.00804832 0
ppred_RECLAS
 0.394347 0.205556 0.354439 0.0456571 8.61132e-07
 0.688466 0.127536 0.0626508 0.107502 0.0138445
 0.698948 0.214783 0.0355246 0.0172842 0.0334597
 0.653547 0.251529 0.0679332 0.0111185 0.0158725
 0.749237 0.179958 0.0517568 0.0136369 0.00541067
 0.986426 0.0108091 0.00199701 0.000561491 0.000206382
 0.365801 0.626617 0.0060504 0.00110627 0.000425131
 0.444012 0.235277 0.316956 0.00299739 0.000757791
 0.84775 0.0714576 0.0343397 0.0459095 0.000543693
 0.953003 0.0417875 0.00248458 0.00115926 0.00156568
 0.916483 0.080731 0.00248559 0.000143311 0.000156904
 0.870215 0.119649 0.00979968 0.000299962 3.62183e-05
 0.799739 0.178458 0.0201268 0.00162093 5.55554e-05
 0.795614 0.16956 0.0310888 0.00344961 0.000287086
 0.864604 0.114426 0.0174805 0.00311546 0.000373881
 0.981389 0.0166447 0.00166801 0.000248787 4.95962e-05
 0.276413 0.711838 0.0105208 0.00104195 0.000186269
 0.955283 0.0131814 0.031027 0.00045508 5.3105e-05
 0.649891 0.335761 0.00425101 0.00993405 0.000162644
 0.638835 0.243467 0.112918 0.00141663 0.00336301
 0.837534 0.107947 0.0368646 0.0169382 0.000716586
 0.812059 0.159664 0.0188358 0.00638472 0.00305646
 0.242839 0.626292 0.111326 0.0130202 0.00652308
 0.836368 0.0417694 0.100898 0.0178354 0.00313006
 0.671513 0.277626 0.0130341 0.0313205 0.00650621
 0.466952 0.365166 0.142007 0.0066324 0.0192426
 0.845669 0.0742962 0.0549112 0.0212525 0.00387136
 0.785807 0.182942 0.0150873 0.0110906 0.00507283
 0.277365 0.5733 0.12762 0.0104848 0.0112303
 0.352692 0.185351 0.366767 0.0813503 0.0138393
 0.905755 0.0350499 0.0170308 0.0334782 0.00868568
pobs_PELACES
 0 0 0 0 0
 0 0 0 0 0
 0 0 0 0 0
 0 0 0 0 0
 0 0 0 0 0
 0 0 0 0 0
 0 0 0 0 0
 0 0 0 0 0
 0 0 0 0 0
 0 0 0 0 0
 0 0 0 0 0
 0 0 0 0 0
 0 0 0 0 0
 0 0 0 0 0
 0 0 0 0 0
 0 0 0 0 0
 0.505614 0.472636 0.0217494 0 0
 0 0 0 0 0
 0.443492 0.261883 0.143347 0.151278 0
 0.227955 0.32914 0.350689 0.0885471 0.00366901
 0.970185 0.0296113 0.000203453 0 0
 0.997202 0.00247181 0.000326279 0 0
 0.445219 0.490057 0.0546422 0.010081 0
 0.90214 0.0892962 0.00764917 0.000914606 0
 0 0 0 0 0
 0.581667 0.319106 0.0959925 0.00289975 0.000334073
 0.762889 0.0836404 0.116647 0.0363945 0.000428098
 0.88444 0.0763242 0.0277011 0.0115352 0
 0.521256 0.241999 0.230069 0.00667565 0
 0.616807 0.101726 0.260614 0.0208532 0
 0.833518 0.0704572 0.0857862 0.0102388 0
ppred_PELACES
 0.402751 0.203094 0.349181 0.0449727 8.48215e-07
 0.703776 0.121715 0.059433 0.101947 0.0131289
 0.713768 0.204578 0.0336313 0.0163576 0.0316653
 0.693519 0.223467 0.059424 0.00971759 0.013872
 0.78002 0.158526 0.0449315 0.0118292 0.00469322
 0.987348 0.0100879 0.00185239 0.000520656 0.000191369
 0.402375 0.590576 0.00562586 0.00102789 0.000394994
 0.455999 0.230741 0.309593 0.00292712 0.000740017
 0.874055 0.0597063 0.0281698 0.0376231 0.000445536
 0.962381 0.0335251 0.00195361 0.000910524 0.00122967
 0.919314 0.0780029 0.00239374 0.00013799 0.000151078
 0.883363 0.107616 0.0087214 0.000266803 3.22136e-05
 0.817201 0.16307 0.0182124 0.00146598 5.02431e-05
 0.827283 0.143724 0.025885 0.00286941 0.000238788
 0.884167 0.0981275 0.0147616 0.00262868 0.00031545
 0.98291 0.0152963 0.00152139 0.000226825 4.52171e-05
 0.287537 0.70095 0.0103102 0.00102083 0.000182492
 0.957544 0.0125546 0.02942 0.000431406 5.03416e-05
 0.664652 0.321683 0.00404958 0.00946039 0.000154886
 0.654762 0.233181 0.107508 0.00134832 0.00320079
 0.844809 0.103276 0.0351066 0.0161264 0.000682232
 0.82162 0.151669 0.0177943 0.00602986 0.00288654
 0.250371 0.620439 0.109901 0.0128511 0.0064383
 0.841766 0.0404912 0.0974896 0.0172299 0.00302377
 0.679834 0.270736 0.0126691 0.0304379 0.00632281
 0.475615 0.359569 0.139417 0.0065104 0.0188884
 0.850965 0.0718769 0.0529406 0.020486 0.00373169
 0.790445 0.179045 0.0147305 0.0108269 0.0049522
 0.282433 0.569536 0.126508 0.0103923 0.0111311
 0.364104 0.182621 0.359892 0.0798075 0.0135767
 0.910853 0.0332639 0.0160813 0.031603 0.00819907
pobs_pel_tallas
 0 0 0 0 0 0 0 0 0 0 0 0 0 0 0 0 0 0 0 0 0 0 0 0 0 0
 0 0 0 0 0 0 0 0 0 0 0 0 0 0 0 0 0 0 0 0 0 0 0 0 0 0
 0 0 0 0 0 0 0 0 0 0 0 0 0 0 0 0 0 0 0 0 0 0 0 0 0 0
 0 0 0 0 0 0 0 0 0 0 0 0 0 0 0 0 0 0 0 0 0 0 0 0 0 0
 0 0 0 0 0 0 0 0 0 0 0 0 0 0 0 0 0 0 0 0 0 0 0 0 0 0
 0 0 0 0 0 0 0 0 0 0 0 0 0 0 0 0 0 0 0 0 0 0 0 0 0 0
 0 0 0 0 0 0 0 0 0 0 0 0 0 0 0 0 0 0 0 0 0 0 0 0 0 0
 0 0 0 0 0 0 0 0 0 0 0 0 0 0 0 0 0 0 0 0 0 0 0 0 0 0
 0 0 0 0 0 0 0 0 0 0 0 0 0 0 0 0 0 0 0 0 0 0 0 0 0 0
 0 0 0 0 0 0 0 0 0 0 0 0 0 0 0 0 0 0 0 0 0 0 0 0 0 0
 0 0 0 0 0 0 0 0 0 0 0 0 0 0 0 0 0 0 0 0 0 0 0 0 0 0
 0 0 0 0 0 0 0 0 0 0 0 0 0 0 0 0 0 0 0 0 0 0 0 0 0 0
 0.00862536 0 0 0.000197151 0.00414017 0.0128641 0.00837892 0.0270097 0.101434 0.158115 0.152841 0.127902 0.109271 0.109419 0.0830992 0.0579132 0.0238553 0.00714673 0.00463305 0.00128148 0.00103504 0.000492878 0.000147863 0.000147863 4.92878e-05 0
 0 0 0 0 0 0 0 0 0 0 0 0 0 0 0 0 0 0 0 0 0 0 0 0 0 0
 0 0 0 0 0 0 0 0.0054083 0.00873648 0.0413646 0.0450493 0.0745869 0.0622846 0.0627006 0.0613931 0.0827291 0.12552 0.122667 0.0946155 0.0697135 0.0546179 0.0294188 0.0215738 0.0213955 0.0102223 0.00600262
 0 0 0 0 0.00359764 0.0251062 0.0480494 0.140153 0.205849 0.193036 0.1447 0.116669 0.0760912 0.0342217 0.00950174 0.001854 0.000860785 0 0 0 0.000165536 0 0.000143464 0 0 0
 0 0 0 0 0 0 0 0.000145254 0.000435761 0.0275982 0.070085 0.0708112 0.156366 0.174668 0.174014 0.160142 0.0824315 0.0480064 0.0283245 0.00493863 0.00203355 0 0 0 0 0
 0 0 0 0 0 0 0 0 0 0 0 0 0 0 0 0 0 0 0 0 0 0 0 0 0 0
 0 0 1.00437e-05 0.000401748 0.00122533 0.00171747 0.00176769 0.0269171 0.070346 0.194647 0.189555 0.159765 0.064822 0.0314167 0.0384472 0.0292271 0.0345202 0.0313363 0.0194345 0.0106764 0.0143323 0.0359363 0.0279516 0.0138201 0.00172751 0
 0 0.0021121 0.0136068 0.0755702 0.200478 0.177729 0.0527432 0.0373336 0.0318909 0.0142505 0.0149659 0.0166563 0.0217959 0.0798694 0.0677717 0.0528807 0.04013 0.0224614 0.0357745 0.0225083 0.00881397 0.00855152 0.00135912 0.000746735 0 0
 0 0 0 0 5.4009e-05 0.00500934 0.000945158 0.0243581 0.138947 0.33067 0.221406 0.137944 0.0707744 0.0437923 0.0131692 0.00525238 0.0047753 0.00276346 9.45158e-05 9.00151e-06 2.25038e-05 9.00151e-06 4.50075e-06 0 0 0
 0.000866109 0.00284123 0.00948549 0.0512746 0.133035 0.25785 0.225252 0.132002 0.0553304 0.0519788 0.0540692 0.017754 0.00435017 0.00159236 0.00146478 0.000404838 0.000125132 0.000115318 0.000107957 0.000100596 0 0 0 0 0 0
 0 0 0 0 0.00144013 0.00171154 0.00461396 0.0210425 0.0478622 0.0707936 0.0888783 0.103762 0.0637923 0.0337046 0.0602308 0.124433 0.169614 0.0934646 0.0462172 0.0250306 0.0313229 0.00938855 0.002487 0.000210481 0 0
 0 0.00764035 0.051015 0.0998891 0.058973 0.0496711 0.0374665 0.0718981 0.12319 0.153886 0.159021 0.0857701 0.0377988 0.023471 0.0147837 0.00900784 0.00315554 0.000888139 0.00291439 0.00214683 0.00393193 0.00274676 0.000635225 9.99891e-05 0 0
 0 0 0 0 0 0 0 0 0 0 0 0 0 0 0 0 0 0 0 0 0 0 0 0 0 0
 0 0 0 0 0 0 0 0 0 0 0 0 0 0 0 0 0 0 0 0 0 0 0 0 0 0
 0 0 0 0 0 0 0 0 0 0 0 0 0 0 0 0 0 0 0 0 0 0 0 0 0 0
 0 0 0 0 0 0 0 0 0 0 0 0 0 0 0 0 0 0 0 0 0 0 0 0 0 0
 0 0 0 0 0 0 0 0 0 0 0 0 0 0 0 0 0 0 0 0 0 0 0 0 0 0
 0 0 0 0 0 0 0 0 0 0 0 0 0 0 0 0 0 0 0 0 0 0 0 0 0 0
 0 0 0 0 0 0 0 0 0 0 0 0 0 0 0 0 0 0 0 0 0 0 0 0 0 0
ppred_pel_tallas
 1.14639e-16 3.31741e-05 0.000322464 0.00214289 0.00974128 0.0303089 0.064577 0.0942562 0.0942762 0.0646753 0.0306406 0.010706 0.00458894 0.00574315 0.0105651 0.0180319 0.0274118 0.0374697 0.0468659 0.0548311 0.0613209 0.0664415 0.0697326 0.0700898 0.06647 0.0587575
 1.14192e-16 5.79691e-05 0.00056348 0.00374453 0.0170221 0.0529621 0.112842 0.164698 0.16471 0.1129 0.0531567 0.0175857 0.00516477 0.0036827 0.00603905 0.0100474 0.0148487 0.0195145 0.0231815 0.0255658 0.0271488 0.0287771 0.0309715 0.0334922 0.0354583 0.0358656
 1.08022e-16 5.87921e-05 0.00057148 0.00379769 0.0172638 0.0537141 0.114444 0.167039 0.167059 0.114541 0.0540379 0.0181994 0.00614733 0.00570418 0.00981744 0.0161673 0.0233606 0.0295538 0.0329281 0.0326959 0.0295917 0.0253789 0.0217659 0.0195618 0.018567 0.0180347
 1.05095e-16 5.71243e-05 0.000555268 0.00368995 0.016774 0.0521903 0.111198 0.162301 0.162322 0.111303 0.0525446 0.0177981 0.00626274 0.00617922 0.0107603 0.0177572 0.0257126 0.0326267 0.0364968 0.0363996 0.0330192 0.0281293 0.0234677 0.0198945 0.0173271 0.0152334
 1.03318e-16 6.42493e-05 0.000624526 0.00415019 0.0188662 0.0586998 0.125067 0.182542 0.182557 0.125142 0.0589513 0.019593 0.00597647 0.00461747 0.00766577 0.0126192 0.0182846 0.0232307 0.0260396 0.0260556 0.0237524 0.0203653 0.0170965 0.0145283 0.012591 0.0109211
 1.00141e-16 8.13265e-05 0.000790523 0.0052533 0.0238807 0.0743019 0.158308 0.231055 0.231056 0.158313 0.0743178 0.0239269 0.00536913 0.00104351 0.000562151 0.000801579 0.00114902 0.00144942 0.00160581 0.00157539 0.00139004 0.00113321 0.000888637 0.00070089 0.000570618 0.000475568
 1.00484e-16 3.31432e-05 0.000322164 0.0021409 0.00973223 0.0302809 0.0645188 0.0941789 0.0942357 0.0647962 0.0312121 0.0124203 0.00888199 0.0150173 0.0278808 0.04588 0.0657126 0.0818436 0.0886577 0.0835703 0.0686141 0.0491699 0.0308946 0.0171935 0.00866756 0.00414458
 1.09412e-16 3.75601e-05 0.000365097 0.0024262 0.0110292 0.034316 0.0731146 0.106718 0.10674 0.0732255 0.0346897 0.0121141 0.00516975 0.00642119 0.0117344 0.0198465 0.0297589 0.0398484 0.0483766 0.0543627 0.057884 0.0594976 0.0593785 0.0570445 0.0518983 0.0440028
 1.04677e-16 7.19948e-05 0.000699815 0.00465052 0.0211406 0.0657762 0.140143 0.204545 0.20455 0.140172 0.0658715 0.0214165 0.00534538 0.00222438 0.00299055 0.00489243 0.00719198 0.00937457 0.0109794 0.0118273 0.0121213 0.01227 0.0125672 0.0129877 0.0132341 0.0129564
 1.00365e-16 7.92701e-05 0.000770533 0.00512046 0.0232769 0.0724231 0.154305 0.225213 0.225217 0.154321 0.072476 0.0234297 0.00550386 0.00160684 0.00166569 0.00262339 0.00376016 0.00470532 0.00514142 0.00492619 0.00417556 0.00318903 0.00227474 0.001608 0.00120441 0.000983354
 1.00129e-16 7.57227e-05 0.000736052 0.00489132 0.0222352 0.0691822 0.1474 0.215136 0.215144 0.147437 0.0693052 0.0225905 0.00578228 0.00267868 0.00375825 0.00607522 0.0087017 0.0108527 0.0117848 0.0111568 0.00923358 0.00671762 0.00434523 0.00255619 0.00142488 0.000798511
 1.00312e-16 7.27615e-05 0.000707268 0.00470004 0.0213657 0.0664767 0.141636 0.206724 0.206735 0.141687 0.0666467 0.0218564 0.00593117 0.00339292 0.00516766 0.00841307 0.0120767 0.0151106 0.0164989 0.015771 0.0132793 0.00996551 0.00680944 0.0043863 0.00278498 0.00180531
 1.00723e-16 6.73118e-05 0.000654295 0.00434802 0.0197655 0.0614978 0.131028 0.191243 0.191258 0.131105 0.0617555 0.0205096 0.00621542 0.00472925 0.00780167 0.0127785 0.0183709 0.0230356 0.0252451 0.0242892 0.0206918 0.0158548 0.0112273 0.00764567 0.00522358 0.00365868
 1.01112e-16 6.81422e-05 0.000662366 0.00440166 0.0200093 0.0622565 0.132644 0.193601 0.193615 0.132712 0.0624839 0.0206663 0.00605117 0.00426441 0.00691233 0.0113279 0.01633 0.0205715 0.0227235 0.0221642 0.0193355 0.015424 0.0116378 0.00864741 0.00651393 0.00497493
 1.00769e-16 7.28277e-05 0.000707911 0.00470432 0.0213851 0.0665372 0.141765 0.206912 0.206921 0.141811 0.0666924 0.0218334 0.00582956 0.00316445 0.00473859 0.00771938 0.0111145 0.013979 0.0154011 0.0149579 0.0129593 0.0102304 0.00761356 0.00557949 0.00417147 0.0031989
 1.00079e-16 8.0961e-05 0.00078697 0.00522969 0.0237734 0.0739679 0.157597 0.230017 0.230019 0.157604 0.0739921 0.0238432 0.0054048 0.00116905 0.000806052 0.00120297 0.00172156 0.00215724 0.00236219 0.0022698 0.00192992 0.00147505 0.00104212 0.000710087 0.000489147 0.000349597
 1.0061e-16 2.36842e-05 0.000230219 0.00152989 0.00695469 0.021639 0.0461066 0.0673081 0.0673755 0.046436 0.0227444 0.0101455 0.00953209 0.0176753 0.0330852 0.0544753 0.0780399 0.0972279 0.10538 0.0994283 0.0817751 0.0587883 0.0371586 0.0209085 0.0107449 0.00528704
 1.00905e-16 7.88716e-05 0.00076666 0.00509473 0.0231599 0.072059 0.153529 0.224081 0.224082 0.153535 0.0720797 0.0232203 0.00524851 0.00110909 0.000748834 0.0011641 0.00178731 0.00249186 0.00319747 0.00385208 0.00443079 0.0049007 0.00518762 0.0051903 0.004841 0.00416334
 1.01175e-16 5.47466e-05 0.000532156 0.00353637 0.0160758 0.050018 0.10657 0.155548 0.155579 0.106721 0.0505254 0.0175403 0.00720937 0.00854003 0.0152329 0.0250174 0.0358493 0.0446977 0.0485198 0.0459263 0.0380367 0.0277772 0.0182001 0.0111054 0.00675114 0.00443555
 1.0384e-16 5.39319e-05 0.000524237 0.00348374 0.0158366 0.0492737 0.104984 0.153231 0.153254 0.105094 0.0496448 0.0169099 0.00618313 0.00643467 0.0113304 0.0187792 0.0273543 0.0350322 0.0397549 0.0405182 0.0378864 0.0334601 0.0287754 0.0245467 0.0207074 0.0169473
 1.02773e-16 6.95858e-05 0.000676399 0.00449491 0.0204332 0.0635754 0.135454 0.197702 0.197712 0.135503 0.0637394 0.0209076 0.00568742 0.00328565 0.00504279 0.00827352 0.0120225 0.0153542 0.0173636 0.0176362 0.0164747 0.0146509 0.0128879 0.011492 0.0103541 0.00920686
 1.01646e-16 6.76758e-05 0.000657833 0.00437153 0.0198723 0.0618303 0.131737 0.192276 0.192291 0.131808 0.0620701 0.0205647 0.00610926 0.00445058 0.00726867 0.0119041 0.0171295 0.0215163 0.0236582 0.0229109 0.0197744 0.015554 0.0115795 0.00858969 0.00663428 0.00537407
 1.05709e-16 2.06228e-05 0.000200461 0.00133214 0.00605575 0.018842 0.0401471 0.0586084 0.0586682 0.0404395 0.0198238 0.00889184 0.00845257 0.0157492 0.0295642 0.0488782 0.0704885 0.0888014 0.0981032 0.0957248 0.0835915 0.0668451 0.0507117 0.0380777 0.0291727 0.0228095
 1.05064e-16 6.93351e-05 0.000673962 0.00447871 0.0203596 0.0633463 0.134966 0.196988 0.196992 0.134986 0.0634134 0.0205553 0.00497725 0.00178601 0.00225101 0.00379381 0.00588403 0.00828977 0.0108015 0.013292 0.0157081 0.0179367 0.019681 0.0205029 0.0200392 0.0182286
 1.04558e-16 5.59971e-05 0.000544312 0.00361714 0.016443 0.0511605 0.109004 0.1591 0.159126 0.109131 0.051588 0.0176774 0.00671416 0.00730081 0.0128757 0.0211677 0.0304227 0.038135 0.041809 0.0403376 0.0346934 0.0273057 0.0206244 0.0159674 0.0133181 0.0118816
 1.07965e-16 3.91758e-05 0.000380803 0.00253057 0.0115036 0.0357923 0.0762605 0.111312 0.111347 0.0764306 0.0363637 0.013156 0.00668486 0.00947153 0.0173681 0.0288179 0.0418974 0.0534948 0.0604319 0.0611997 0.0567724 0.0497766 0.042743 0.0368602 0.0319712 0.0273949
 1.04233e-16 7.00929e-05 0.000681328 0.00452766 0.0205821 0.0640386 0.136441 0.199141 0.199148 0.136475 0.0641538 0.0209158 0.00536881 0.00252958 0.00361579 0.0059603 0.00880008 0.0115338 0.0135949 0.0147239 0.0150878 0.0150868 0.0150124 0.0148499 0.0143576 0.0133027
 1.02395e-16 6.5108e-05 0.000632873 0.00420566 0.0191183 0.0594843 0.126738 0.184982 0.184999 0.126823 0.0597672 0.0199351 0.00625524 0.0051051 0.00855294 0.0140222 0.020161 0.0252898 0.0277497 0.026791 0.0230288 0.0180384 0.0134217 0.0100622 0.00799723 0.00677423
 1.06723e-16 2.32637e-05 0.000226132 0.00150273 0.00683121 0.0212547 0.0452875 0.0661099 0.0661649 0.0455561 0.0221568 0.00943755 0.00804825 0.0145258 0.0272123 0.0450317 0.0650545 0.0821922 0.0912436 0.0897691 0.0794868 0.0649969 0.0509313 0.0397812 0.031667 0.0255084
 1.20734e-16 2.99908e-05 0.000291521 0.00193726 0.00880651 0.0274004 0.0583802 0.0852114 0.0852295 0.0584691 0.0277006 0.00968047 0.00415748 0.00522612 0.00965986 0.0165982 0.0254901 0.035374 0.0452087 0.05442 0.0629583 0.070716 0.0768747 0.0799145 0.0783918 0.0718735
 1.0503e-16 7.50257e-05 0.000729277 0.0048463 0.0220306 0.0685453 0.146043 0.213155 0.213158 0.146059 0.0685986 0.0221848 0.00523499 0.00158342 0.00171442 0.00276269 0.00408887 0.00540149 0.00647542 0.00725134 0.00787878 0.00859866 0.00954464 0.0106173 0.0115182 0.0119044
pSPR Fmed_Fpbrs
0.428822   0.26136 0.26136
Fs Fmed_Fpbrs
0.572056   1.005 1.005
SSBpbr Bo_Bmed_Bpbrs
1.55941e+06  590739  329598 329598
Ro
99266.2
SPR SPRFo_SPRFmed_SPRFpbrs
709547 304269 185448
Fref
1.005
Nvult_r0
 131696 5904.46 2904.33 5712.97 1482.24
CTP_r0
 29484.1 1871.23 941.019 1853.21 480.85
YTP_r0
391172
Np
 153748 50127.8 1776.84 856.766 2066.63
Nvult_p0
 122823 43144.3 1537.12 741.382 1788.34
CTP_p0
 46237.4 21255.1 769.772 371.598 896.397
YTP_p0
 749775
CBA_c0
498753
log_Ro
11.3256
likeval ReclasPelacesDesembMPH_pf_preclas_ppelaces_ptallas_desvR_qrecl_qpela
 11.4038 47.2137 0.0709534 0.000925796 252.649 116.988 103.465 0 47.1864 1.04859e-05 0 0.109026 0 0 0
q_reclas_q_pelaces
1.58228 1
M
1
N
 71899.9 39408.1 68250.3 8793.77 0.16586
 109090 22425.8 11117.2 19085.3 2457.94
 83456.6 28500.5 4757.63 2315.95 4483.45
 43079.3 21701 6000.64 983.374 1403.93
 21143.8 6541.41 1923.45 507.403 201.333
 277780 3384.38 631.096 177.532 65.2556
 33309.6 72112.9 710.702 130.092 49.9961
 9987.58 5675.27 7692.34 72.7692 18.3976
 25194.6 2920.26 1443 1932.11 22.8833
 52347 3252.76 199.388 93.1857 125.866
 65658 6121.43 189.408 10.9236 11.9599
 121357 20042.8 1668.11 51.1044 6.17077
 92452.4 24437.4 2797.21 225.458 7.72761
 67104.2 19491.1 3671.76 408.02 33.9592
 51626.4 8920.99 1394.99 248.939 29.8767
 409011 7902.78 801.037 119.551 23.8334
 35027.5 98024.6 1459.35 144.587 25.8484
 657635 9804.47 23235 340.919 39.7838
 328885 187585 2395.61 5600.88 91.7018
 206941 87399.1 40900.9 513.377 1218.76
 388948 54312.7 18678.6 8585.53 363.226
 508240 109948 13079.7 4435.59 2123.43
 49842.8 136565 24403.6 2854.98 1430.35
 284300 15028.7 36484.1 6450.96 1132.14
 198285 86763 4093.66 9839.55 2044
 73538.4 60533.3 23646.1 1104.66 3204.98
 245121 22858 16982.3 6574.59 1197.65
 305443 74125.6 6135.4 4511 2063.35
 45682.4 98022.7 21891.9 1798.88 1926.8
 26346.3 14860.7 29588.4 6565.02 1116.86
 181824 7681.3 3761.1 7396.45 1919
pred_Ctot
 7009.29 5935.06 10581.9 1365.55 0.0257579
 20548.7 6272.77 3190.61 5484.96 706.441
 15907.8 8058.89 1380.21 672.786 1302.54
 17153.3 11615.9 3269.54 536.311 765.713
 8066.32 3382.86 1013.18 267.535 106.161
 53162.4 960.52 183.756 51.7627 19.0278
 12019.3 35635.8 358.01 65.5994 25.2121
 1319.98 1141.65 1591.02 15.0733 3.81116
 11223.5 1707.2 857.162 1148.67 13.6051
 24686.2 1985.98 123.574 57.799 78.0725
 7172.93 1027.97 32.731 1.89056 2.07008
 36444.2 8488.15 721.797 22.1383 2.67333
 26093.2 9810.05 1148.09 92.6468 3.17568
 29348.8 11233.9 2150.98 239.23 19.9118
 20427 4751.04 756.316 135.094 16.2143
 93288.4 2629 273.015 40.7987 8.13412
 5413.76 22836.5 349.273 34.6547 6.19582
 95334.2 2151.36 5239.58 76.9908 8.9852
 59263.1 50376.7 660.31 1545.93 25.313
 38528.6 24186.7 11614.6 145.985 346.594
 58173.1 12271.2 4336.31 1996.06 84.4531
 88850.9 28715 3506.73 1190.87 570.144
 5775.93 24257.3 4459.52 522.511 261.8
 31099.1 2526.88 6312.45 1117.85 196.197
 21653.7 14564.8 707.155 1702.33 353.658
 7308.43 9286.41 3734.25 174.72 506.963
 28021.6 4007.99 3063.65 1187.88 216.404
 24922.4 9406.7 802.014 590.608 270.17
 3375.64 11301.8 2600.73 214.047 229.288
 3521.45 3021.34 6184.83 1374.31 233.821
 29484.1 1871.23 941.019 1853.21 480.85
F
 0.165061 0.26548 0.274262 0.274741 0.274766
 0.342248 0.550463 0.568672 0.569664 0.569716
 0.346969 0.558056 0.576516 0.577522 0.577575
 0.884891 1.42324 1.47032 1.47288 1.47302
 0.832174 1.33845 1.38272 1.38513 1.38526
 0.348596 0.560673 0.579219 0.580229 0.580282
 0.769726 1.23801 1.27896 1.28119 1.28131
 0.229668 0.369393 0.381612 0.382278 0.382313
 1.04713 1.68418 1.73989 1.74292 1.74308
 1.1461 1.84335 1.90433 1.90765 1.90783
 0.18659 0.300106 0.310033 0.310574 0.310602
 0.602626 0.969249 1.00131 1.00306 1.00315
 0.556737 0.895441 0.925062 0.926675 0.92676
 1.01784 1.63707 1.69122 1.69417 1.69433
 0.87682 1.41025 1.4569 1.45945 1.45958
 0.428523 0.689225 0.712024 0.713266 0.713332
 0.273295 0.43956 0.4541 0.454892 0.454934
 0.254417 0.409199 0.422735 0.423472 0.423511
 0.325223 0.523081 0.540384 0.541326 0.541376
 0.337675 0.543108 0.561073 0.562052 0.562103
 0.263434 0.4237 0.437716 0.438479 0.438519
 0.314156 0.50528 0.521995 0.522905 0.522953
 0.198909 0.31992 0.330503 0.331079 0.331109
 0.186851 0.300526 0.310467 0.311008 0.311037
 0.186512 0.299982 0.309905 0.310445 0.310474
 0.168506 0.271021 0.279986 0.280474 0.2805
 0.195991 0.315227 0.325654 0.326222 0.326252
 0.136563 0.219644 0.22691 0.227306 0.227327
 0.122992 0.197818 0.204361 0.204718 0.204736
 0.232538 0.374009 0.386381 0.387055 0.38709
 0.288461 0.463954 0.479301 0.480137 0.480181
nmprior
 8.19 8.8 8.5 0
nm_flota  nm_reclas  nm_pelaces    nm_pelaL
inf 16.6405 9.09988 17.6501
cv_recla  cv_pelaces  cv_mph
0.305457 0.779124 0.938995
 ------------------------------------------------
Talla a la edad & desviaci?n 
 8 13.2811 15.8009 17.003 17.5766
 0.8 1.32811 1.58009 1.7003 1.75766
