years
 1991 1992 1993 1994 1995 1996 1997 1998 1999 2000 2001 2002 2003 2004 2005 2006 2007 2008 2009 2010 2011 2012 2013 2014 2015 2016 2017 2018 2019 2020 2021
reclasobs
 0 0 0 0 0 0 0 0 0 252601 567819 844713 477998 351125 339783 2.1784e+06 2.13404e+06 4.81314e+06 1.55562e+06 2.62356e+06 3.21686e+06 3.843e+06 1.13348e+06 3.07943e+06 1.97215e+06 2.03268e+06 2.025e+06 2.42433e+06 2.27542e+06 1.05018e+06 2.36338e+06
reclaspred
 3.34296e+06 1.71109e+06 864619 733288 620046 2.12909e+06 1.01818e+06 739394 499514 272797 489001 765878 753246 528589 454279 1.57569e+06 1.03262e+06 3.85537e+06 2.69115e+06 1.93384e+06 3.15696e+06 2.77783e+06 1.80536e+06 3.09279e+06 2.23759e+06 1.83923e+06 2.37729e+06 2.93624e+06 2.13376e+06 1.03731e+06 1.61109e+06
pelacesobs
 0 0 0 0 0 0 0 0 0 0 0 0 0 0 0 552880 188675 0 991730 2.46772e+06 1.41603e+06 1.21717e+06 2.29649e+06 1.80582e+06 0 1.4828e+06 1.56532e+06 1.57751e+06 1.42118e+06 867257 1.10002e+06
pelacespred
 1.86615e+06 982844 455757 305410 308440 1.17169e+06 455282 478459 261516 118561 269355 342902 380190 254832 222805 699935 471284 2.15716e+06 1.46871e+06 920987 1.62249e+06 1.4021e+06 984200 1.90151e+06 1.28612e+06 1.08261e+06 1.59438e+06 1.9435e+06 1.21572e+06 627079 926164
mphobs
 0 0 0 0 0 0 0 0 0 0 0 498337 0 5186 125008 0 168611 109162 213762 579715 649985 157893 87575 83554 0 0 0 0 0 0 0
mphpred
 568963 347910 151944 85421.2 66719.3 77205.5 221317 92168.2 72278.3 35745 17558.6 60458.1 69196 53546.4 27672.3 32274.1 169528 104969 397772 223016 237438 280323 294257 197157 319039 260124 192063 226735 384615 215648 94167.9
desembarqueobs
 494567 514787 250237 358949 120608 361735 552515 73892 212993 205616 52469 317467 293654 387597 252695 516296 358380 742168 942051 627588 828172 859565 418607 520667 417249 300574 415391 372974 316634 284311 391294
desembarquepred
 494535 514498 250122 358918 120599 361651 552250 73891.2 212979 205592 52467.6 317402 293550 387286 252560 516041 358317 741801 941254 627005 828068 859137 418479 520584 417100 300494 415273 372832 316504 284195 391223
Reclutas
 123560 88582.1 88938.9 83676.3 59592.8 231745 59712.2 20311.5 27013.8 37083.2 59432.2 112037 91121.4 66782.8 50398.2 289561 37230.2 505822 234814 223671 260814 417629 57354.5 199989 175661 64501.4 166416 206143 49015.7 31102.6 134481
log_desv_Rt
 0.218922 -0.113875 -0.109855 -0.170849 -0.51027 0.847832 -0.508268 -1.58662 -1.30146 -0.98464 -0.512968 0.121024 -0.0856116 -0.39636 -0.67785 1.07056 -0.980685 1.62838 0.86099 0.812373 0.966001 1.43679 -0.548553 0.700459 0.57075 -0.431117 0.516685 0.730767 -0.705664 -1.16051 0.303621
SSB
 1.20089e+06 734319 320701 180295 140822 162954 467124 194535 152555 75445.4 37060.2 127606 146049 113018 58406.6 68119.4 357815 221553 839560 470711 501150 591666 621074 416131 673382 549032 405379 478560 811791 455160 198756
BT
 1.78713e+06 1.21896e+06 562420 515360 328078 1.2271e+06 815417 426564 406685 284329 253855 525603 556947 597641 424867 962267 628929 2.35962e+06 1.99765e+06 1.23639e+06 1.9356e+06 1.83631e+06 1.08719e+06 1.9675e+06 1.34404e+06 1.07393e+06 1.66294e+06 1.87343e+06 1.15247e+06 743018 1.09488e+06
Ftot
 0.352963 0.694919 0.695016 1.20786 0.512365 0.51705 1.19071 0.254628 1.07405 1.80018 0.336352 1.11803 1.03664 1.8382 1.53926 1.00954 0.809195 0.597212 0.872915 0.859876 0.711753 0.841911 0.552402 0.487606 0.482385 0.407289 0.49797 0.372562 0.344533 0.632775 0.711687
BD_Bspro_t
 0.945435 0.655464 0.394384 0.292008 0.227123 0.302316 0.466365 0.238516 0.254562 0.174097 0.123977 0.40399 0.306577 0.22093 0.123975 0.145076 0.349382 0.245681 0.471603 0.312683 0.28529 0.318463 0.350232 0.295062 0.436321 0.445446 0.429595 0.502702 0.607688 0.472092 0.321948
BD_Bspro
 1.69247 1.03491 0.45198 0.254098 0.198467 0.22966 0.658341 0.274168 0.215003 0.106329 0.0522308 0.179842 0.205834 0.159282 0.0823153 0.0960041 0.504286 0.312245 1.18323 0.663396 0.706296 0.833864 0.875311 0.586473 0.94903 0.773778 0.571321 0.674458 1.1441 0.641479 0.280117
BD_Bo
 0.97349 0.595271 0.259974 0.146155 0.114156 0.132098 0.378671 0.157699 0.123667 0.0611593 0.0300426 0.103443 0.118394 0.0916174 0.047347 0.0552206 0.29006 0.1796 0.680584 0.381578 0.406254 0.47963 0.50347 0.337334 0.545873 0.44507 0.328618 0.387941 0.658073 0.368972 0.16112
BD_Brms
 4.88877 2.98939 1.30556 0.733975 0.573281 0.663383 1.90165 0.791948 0.621046 0.307136 0.150871 0.519481 0.594561 0.460093 0.237772 0.277312 1.45665 0.901935 3.41782 1.91625 2.04017 2.40866 2.52838 1.69406 2.74132 2.2351 1.65029 1.9482 3.30478 1.85294 0.80913
Sel_flota
 0.646258 0.971998 0.998486 0.99992 0.999996
 0.646258 0.971998 0.998486 0.99992 0.999996
 0.646258 0.971998 0.998486 0.99992 0.999996
 0.646258 0.971998 0.998486 0.99992 0.999996
 0.646258 0.971998 0.998486 0.99992 0.999996
 0.646258 0.971998 0.998486 0.99992 0.999996
 0.646258 0.971998 0.998486 0.99992 0.999996
 0.646258 0.971998 0.998486 0.99992 0.999996
 0.646258 0.971998 0.998486 0.99992 0.999996
 0.646258 0.971998 0.998486 0.99992 0.999996
 0.646258 0.971998 0.998486 0.99992 0.999996
 0.646258 0.971998 0.998486 0.99992 0.999996
 0.646258 0.971998 0.998486 0.99992 0.999996
 0.646258 0.971998 0.998486 0.99992 0.999996
 0.646258 0.971998 0.998486 0.99992 0.999996
 0.646258 0.971998 0.998486 0.99992 0.999996
 0.646258 0.971998 0.998486 0.99992 0.999996
 0.646258 0.971998 0.998486 0.99992 0.999996
 0.646258 0.971998 0.998486 0.99992 0.999996
 0.646258 0.971998 0.998486 0.99992 0.999996
 0.646258 0.971998 0.998486 0.99992 0.999996
 0.646258 0.971998 0.998486 0.99992 0.999996
 0.646258 0.971998 0.998486 0.99992 0.999996
 0.646258 0.971998 0.998486 0.99992 0.999996
 0.646258 0.971998 0.998486 0.99992 0.999996
 0.646258 0.971998 0.998486 0.99992 0.999996
 0.646258 0.971998 0.998486 0.99992 0.999996
 0.646258 0.971998 0.998486 0.99992 0.999996
 0.646258 0.971998 0.998486 0.99992 0.999996
 0.646258 0.971998 0.998486 0.99992 0.999996
 0.646258 0.971998 0.998486 0.99992 0.999996
Sel_reclas
 0.999999 1 1 1 1
 0.999999 1 1 1 1
 0.999999 1 1 1 1
 0.999999 1 1 1 1
 0.999999 1 1 1 1
 0.999999 1 1 1 1
 0.999999 1 1 1 1
 0.999999 1 1 1 1
 0.999999 1 1 1 1
 0.999999 1 1 1 1
 0.999999 1 1 1 1
 0.999999 1 1 1 1
 0.999999 1 1 1 1
 0.999999 1 1 1 1
 0.999999 1 1 1 1
 0.999999 1 1 1 1
 0.999999 1 1 1 1
 0.999999 1 1 1 1
 0.999999 1 1 1 1
 0.999999 1 1 1 1
 0.999999 1 1 1 1
 0.999999 1 1 1 1
 0.999999 1 1 1 1
 0.999999 1 1 1 1
 0.999999 1 1 1 1
 0.999999 1 1 1 1
 0.999999 1 1 1 1
 0.999999 1 1 1 1
 0.999999 1 1 1 1
 0.999999 1 1 1 1
 0.999999 1 1 1 1
Sel_pelaces
 0.910853 1 1 1 1
 0.910853 1 1 1 1
 0.910853 1 1 1 1
 0.910853 1 1 1 1
 0.910853 1 1 1 1
 0.910853 1 1 1 1
 0.910853 1 1 1 1
 0.910853 1 1 1 1
 0.910853 1 1 1 1
 0.910853 1 1 1 1
 0.910853 1 1 1 1
 0.910853 1 1 1 1
 0.910853 1 1 1 1
 0.910853 1 1 1 1
 0.910853 1 1 1 1
 0.910853 1 1 1 1
 0.910853 1 1 1 1
 0.910853 1 1 1 1
 0.910853 1 1 1 1
 0.910853 1 1 1 1
 0.910853 1 1 1 1
 0.910853 1 1 1 1
 0.910853 1 1 1 1
 0.910853 1 1 1 1
 0.910853 1 1 1 1
 0.910853 1 1 1 1
 0.910853 1 1 1 1
 0.910853 1 1 1 1
 0.910853 1 1 1 1
 0.910853 1 1 1 1
 0.910853 1 1 1 1
pf_obs 
 0.8446 0.082 0.0669 0.0065 0
 0.8095 0.147 0.0364 0.0071 0
 0.9664 0.0169 0.016 0.0007 0
 0.9276 0.0648 0.0075 0.0001 0
 0.7033 0.2144 0.0806 0.0017 0
 0.9318 0.0425 0.0243 0.0014 0
 0.5671 0.3108 0.0964 0.0239 0.0018
 0.0768 0.2599 0.5324 0.112 0.0189
 0.490249 0.384438 0.106611 0.0170017 0.00170017
 0.7925 0.1577 0.0466 0.003 0.0002
 0.840416 0.127587 0.0312969 0.00059994 9.999e-05
 0.8084 0.0986 0.0794 0.0134 0.0002
 0.7335 0.1905 0.0724 0.0035 0.0001
 0.4001 0.4547 0.1325 0.0127 0
 0.49795 0.308269 0.164784 0.0264974 0.00249975
 0.9179 0.0499 0.0305 0.0017 0
 0.2467 0.6533 0.0926 0.0074 0
 0.9418 0.0223 0.034 0.0019 0
 0.707729 0.231977 0.0356964 0.0245975 0
 0.517169 0.277429 0.184464 0.0207286 0.00020938
 0.811772 0.124168 0.05621 0.00726502 0.000585176
 0.764997 0.148141 0.077277 0.00933861 0.000247198
 0.163321 0.427699 0.378323 0.0303852 0.000271297
 0.753843 0.0900009 0.118128 0.0371064 0.000921714
 0.721811 0.176058 0.0630433 0.0369309 0.00215725
 0.143369 0.312575 0.442814 0.0836902 0.0175525
 0.692698 0.0596174 0.167031 0.0765114 0.00414204
 0.394062 0.376323 0.152708 0.0712218 0.00568511
 0.125707 0.32114 0.495352 0.0537591 0.00404204
 0.23352 0.215282 0.420074 0.123614 0.00750983
 0.774587 0.0839891 0.0768558 0.0609784 0.00358967
pf_pred 
 0.500496 0.179478 0.290729 0.0292942 2.76212e-06
 0.522532 0.294914 0.0669305 0.105055 0.0105686
 0.669156 0.216198 0.0718568 0.0157078 0.0270808
 0.703512 0.230507 0.0436883 0.0139833 0.00830925
 0.710822 0.237224 0.0408183 0.00738007 0.00375605
 0.893261 0.08553 0.0175052 0.00291092 0.000792682
 0.409579 0.550597 0.0321297 0.00635276 0.00134155
 0.438132 0.319319 0.226894 0.0126365 0.00301848
 0.638515 0.199176 0.0934404 0.0644304 0.00443827
 0.821402 0.137608 0.0230508 0.0103381 0.00760105
 0.898187 0.0927594 0.00707156 0.00111635 0.000865957
 0.817818 0.170017 0.011114 0.000821084 0.000229771
 0.753149 0.220678 0.0244994 0.00153012 0.000144318
 0.726094 0.232779 0.0369364 0.00392301 0.000267482
 0.818746 0.155319 0.0222377 0.00332104 0.000375545
 0.96615 0.0306034 0.00280373 0.000380282 6.30296e-05
 0.32543 0.661902 0.0114997 0.00100879 0.00015913
 0.953191 0.0213679 0.0249811 0.000417191 4.22795e-05
 0.570889 0.417047 0.00561459 0.00633306 0.000116258
 0.701773 0.209348 0.08648 0.00111766 0.00128101
 0.763867 0.19067 0.0322962 0.0128114 0.000354551
 0.81117 0.160046 0.0234119 0.00381825 0.00155339
 0.288133 0.628811 0.0708245 0.00995292 0.00227861
 0.793211 0.082823 0.109945 0.0119593 0.00206151
 0.666384 0.288209 0.0185573 0.0238177 0.00303184
 0.421992 0.441956 0.118082 0.00735201 0.010618
 0.77716 0.120307 0.078994 0.0204341 0.00310415
 0.734057 0.22655 0.021602 0.013712 0.00407839
 0.317618 0.555682 0.108446 0.0100182 0.00823635
 0.396802 0.256147 0.284253 0.0537628 0.00903426
 0.871678 0.0679545 0.0261781 0.0280127 0.0061764
pobs_RECLAS
 0 0 0 0 0
 0 0 0 0 0
 0 0 0 0 0
 0 0 0 0 0
 0 0 0 0 0
 0 0 0 0 0
 0 0 0 0 0
 0 0 0 0 0
 0 0 0 0 0
 0 0 0 0 0
 0.991045 0.00858322 0.000360255 1.14367e-05 0
 0.934742 0.0480273 0.0164251 0.00080598 0
 0.827803 0.169806 0.00239088 0 0
 0.941827 0.0461693 0.0120037 0 0
 0.791401 0.0380133 0.147996 0.0225897 0
 0.846168 0.0940531 0.0597789 0 0
 0.134021 0.677848 0.182769 0.00536245 0
 0.80878 0.0450904 0.141981 0.00414843 0
 0.846168 0.0940531 0.0597789 0 0
 0.905697 0.0802665 0.012482 0.00150086 5.37128e-05
 0.989698 0.0102097 9.19794e-05 0 0
 0.975433 0.0193895 0.00387452 0.00125025 5.28907e-05
 0.303575 0.632131 0.0575291 0.00676475 0
 0.966965 0.00978017 0.0227588 0.000495775 0
 0.843318 0.132988 0.00938335 0.0141283 0.000182051
 0.564624 0.303363 0.111486 0.0197234 0.00080311
 0.826376 0.0876187 0.0782897 0.00655872 0.00115652
 0.89761 0.0855135 0.0140674 0.00269457 0.000114338
 0.34875 0.467042 0.161289 0.0227151 0.000203297
 0.318654 0.224769 0.449479 0.00709798 0
 0.937255 0.0296025 0.0250945 0.00804832 0
ppred_RECLAS
 0.60826 0.143296 0.225731 0.022711 2.14123e-06
 0.631387 0.230311 0.0507568 0.0795437 0.0080015
 0.75972 0.15864 0.051201 0.0111749 0.0192644
 0.792555 0.16245 0.0298106 0.00952496 0.00565947
 0.791122 0.172231 0.0288017 0.0051995 0.00264605
 0.928081 0.0579561 0.0115279 0.00191404 0.000521175
 0.526053 0.442936 0.0250283 0.00494013 0.00104314
 0.544729 0.261822 0.18098 0.0100645 0.00240393
 0.739416 0.145651 0.066214 0.04558 0.00313949
 0.886139 0.0884777 0.0142867 0.00639485 0.00470131
 0.930809 0.0631945 0.00468536 0.000738554 0.000572854
 0.877229 0.114814 0.00727095 0.000536256 0.000150052
 0.828627 0.153705 0.0165395 0.00103126 9.7258e-05
 0.81778 0.155714 0.0238099 0.00252382 0.000172063
 0.881599 0.10196 0.0141009 0.00210195 0.000237666
 0.978326 0.0196534 0.00174547 0.000236353 3.91708e-05
 0.429122 0.56047 0.00945028 0.000827677 0.00013055
 0.969549 0.0141194 0.0160367 0.000267404 2.70974e-05
 0.675481 0.315668 0.004123 0.00464307 8.52266e-05
 0.787618 0.150423 0.0602896 0.000777922 0.000891541
 0.834394 0.134485 0.0221186 0.00876026 0.000242418
 0.870691 0.110101 0.0156282 0.00254469 0.00103518
 0.384141 0.54582 0.0597379 0.00838205 0.00191882
 0.856617 0.0584148 0.075371 0.00818606 0.00141097
 0.754287 0.213108 0.0133374 0.0170921 0.00217555
 0.528576 0.362844 0.0942581 0.00585988 0.00846233
 0.844076 0.0852956 0.0544335 0.0140594 0.0021356
 0.808526 0.163798 0.0151875 0.00962602 0.00286285
 0.415862 0.478138 0.0907474 0.00837072 0.00688138
 0.507788 0.212554 0.22912 0.0432679 0.0072701
 0.91431 0.0460251 0.0172159 0.0183934 0.00405515
pobs_PELACES
 0 0 0 0 0
 0 0 0 0 0
 0 0 0 0 0
 0 0 0 0 0
 0 0 0 0 0
 0 0 0 0 0
 0 0 0 0 0
 0 0 0 0 0
 0 0 0 0 0
 0 0 0 0 0
 0 0 0 0 0
 0 0 0 0 0
 0 0 0 0 0
 0 0 0 0 0
 0 0 0 0 0
 0 0 0 0 0
 0.505614 0.472636 0.0217494 0 0
 0 0 0 0 0
 0.443492 0.261883 0.143347 0.151278 0
 0.227955 0.32914 0.350689 0.0885471 0.00366901
 0.970185 0.0296113 0.000203453 0 0
 0.997202 0.00247181 0.000326279 0 0
 0.445219 0.490057 0.0546422 0.010081 0
 0.90214 0.0892962 0.00764917 0.000914606 0
 0 0 0 0 0
 0.581667 0.319106 0.0959925 0.00289975 0.000334073
 0.762889 0.0836404 0.116647 0.0363945 0.000428098
 0.88444 0.0763242 0.0277011 0.0115352 0
 0.521256 0.241999 0.230069 0.00667565 0
 0.616807 0.101726 0.260614 0.0208532 0
 0.833518 0.0704572 0.0857862 0.0102388 0
ppred_PELACES
 0.595449 0.148273 0.232852 0.0234236 2.20839e-06
 0.627581 0.233237 0.0510905 0.0800403 0.00805131
 0.756684 0.160982 0.0516424 0.0112676 0.0194237
 0.79886 0.157879 0.0286675 0.0091545 0.00543919
 0.784857 0.177537 0.0295565 0.00533446 0.00271469
 0.925578 0.060026 0.0118858 0.00197298 0.000537217
 0.534846 0.435015 0.0243263 0.00479886 0.00101328
 0.528555 0.271382 0.18717 0.0104075 0.00248585
 0.744452 0.14344 0.0645998 0.0444462 0.00306132
 0.896191 0.0809551 0.0128679 0.00575489 0.00423063
 0.927049 0.0666455 0.00492672 0.000776475 0.000602263
 0.880154 0.11215 0.00703315 0.000518443 0.000145063
 0.831307 0.151442 0.0161491 0.00100642 9.49129e-05
 0.833125 0.142935 0.0215075 0.00227779 0.000155283
 0.889104 0.0956763 0.013055 0.00194463 0.00021987
 0.978662 0.0193647 0.00170472 0.000230724 3.82369e-05
 0.427589 0.562047 0.00941008 0.000823841 0.000129942
 0.968761 0.0145256 0.0164122 0.000273587 2.77236e-05
 0.675628 0.315592 0.00409067 0.00460476 8.45216e-05
 0.787826 0.150605 0.0599104 0.000772715 0.000885554
 0.832216 0.136415 0.0222969 0.00882791 0.000244285
 0.870491 0.110393 0.0155546 0.00253171 0.00102987
 0.376261 0.55311 0.0602441 0.00845087 0.00193455
 0.851833 0.0605172 0.0777515 0.00844267 0.00145518
 0.74662 0.219884 0.0137036 0.0175574 0.00223474
 0.516409 0.372515 0.0964266 0.00599353 0.00865526
 0.839029 0.0882321 0.0560629 0.0144768 0.00219898
 0.800211 0.170993 0.0158031 0.0100144 0.00297834
 0.402377 0.489446 0.0926141 0.00854152 0.00702172
 0.502242 0.215631 0.231155 0.0436391 0.00733236
 0.913214 0.0467521 0.0173794 0.0185619 0.0040922
pobs_pel_tallas
 0 0 0 0 0 0 0 0 0 0 0 0 0 0 0 0 0 0 0 0 0 0 0 0 0 0
 0 0 0 0 0 0 0 0 0 0 0 0 0 0 0 0 0 0 0 0 0 0 0 0 0 0
 0 0 0 0 0 0 0 0 0 0 0 0 0 0 0 0 0 0 0 0 0 0 0 0 0 0
 0 0 0 0 0 0 0 0 0 0 0 0 0 0 0 0 0 0 0 0 0 0 0 0 0 0
 0 0 0 0 0 0 0 0 0 0 0 0 0 0 0 0 0 0 0 0 0 0 0 0 0 0
 0 0 0 0 0 0 0 0 0 0 0 0 0 0 0 0 0 0 0 0 0 0 0 0 0 0
 0 0 0 0 0 0 0 0 0 0 0 0 0 0 0 0 0 0 0 0 0 0 0 0 0 0
 0 0 0 0 0 0 0 0 0 0 0 0 0 0 0 0 0 0 0 0 0 0 0 0 0 0
 0 0 0 0 0 0 0 0 0 0 0 0 0 0 0 0 0 0 0 0 0 0 0 0 0 0
 0 0 0 0 0 0 0 0 0 0 0 0 0 0 0 0 0 0 0 0 0 0 0 0 0 0
 0 0 0 0 0 0 0 0 0 0 0 0 0 0 0 0 0 0 0 0 0 0 0 0 0 0
 0 0 0 0 0 0 0 0 0 0 0 0 0 0 0 0 0 0 0 0 0 0 0 0 0 0
 0.00862536 0 0 0.000197151 0.00414017 0.0128641 0.00837892 0.0270097 0.101434 0.158115 0.152841 0.127902 0.109271 0.109419 0.0830992 0.0579132 0.0238553 0.00714673 0.00463305 0.00128148 0.00103504 0.000492878 0.000147863 0.000147863 4.92878e-05 0
 0 0 0 0 0 0 0 0 0 0 0 0 0 0 0 0 0 0 0 0 0 0 0 0 0 0
 0 0 0 0 0 0 0 0.0054083 0.00873648 0.0413646 0.0450493 0.0745869 0.0622846 0.0627006 0.0613931 0.0827291 0.12552 0.122667 0.0946155 0.0697135 0.0546179 0.0294188 0.0215738 0.0213955 0.0102223 0.00600262
 0 0 0 0 0.00359764 0.0251062 0.0480494 0.140153 0.205849 0.193036 0.1447 0.116669 0.0760912 0.0342217 0.00950174 0.001854 0.000860785 0 0 0 0.000165536 0 0.000143464 0 0 0
 0 0 0 0 0 0 0 0.000145254 0.000435761 0.0275982 0.070085 0.0708112 0.156366 0.174668 0.174014 0.160142 0.0824315 0.0480064 0.0283245 0.00493863 0.00203355 0 0 0 0 0
 0 0 0 0 0 0 0 0 0 0 0 0 0 0 0 0 0 0 0 0 0 0 0 0 0 0
 0 0 1.00437e-05 0.000401748 0.00122533 0.00171747 0.00176769 0.0269171 0.070346 0.194647 0.189555 0.159765 0.064822 0.0314167 0.0384472 0.0292271 0.0345202 0.0313363 0.0194345 0.0106764 0.0143323 0.0359363 0.0279516 0.0138201 0.00172751 0
 0 0.0021121 0.0136068 0.0755702 0.200478 0.177729 0.0527432 0.0373336 0.0318909 0.0142505 0.0149659 0.0166563 0.0217959 0.0798694 0.0677717 0.0528807 0.04013 0.0224614 0.0357745 0.0225083 0.00881397 0.00855152 0.00135912 0.000746735 0 0
 0 0 0 0 5.4009e-05 0.00500934 0.000945158 0.0243581 0.138947 0.33067 0.221406 0.137944 0.0707744 0.0437923 0.0131692 0.00525238 0.0047753 0.00276346 9.45158e-05 9.00151e-06 2.25038e-05 9.00151e-06 4.50075e-06 0 0 0
 0.000866109 0.00284123 0.00948549 0.0512746 0.133035 0.25785 0.225252 0.132002 0.0553304 0.0519788 0.0540692 0.017754 0.00435017 0.00159236 0.00146478 0.000404838 0.000125132 0.000115318 0.000107957 0.000100596 0 0 0 0 0 0
 0 0 0 0 0.00144013 0.00171154 0.00461396 0.0210425 0.0478622 0.0707936 0.0888783 0.103762 0.0637923 0.0337046 0.0602308 0.124433 0.169614 0.0934646 0.0462172 0.0250306 0.0313229 0.00938855 0.002487 0.000210481 0 0
 0 0.00764035 0.051015 0.0998891 0.058973 0.0496711 0.0374665 0.0718981 0.12319 0.153886 0.159021 0.0857701 0.0377988 0.023471 0.0147837 0.00900784 0.00315554 0.000888139 0.00291439 0.00214683 0.00393193 0.00274676 0.000635225 9.99891e-05 0 0
 0 0 0 0 0 0 0 0 0 0 0 0 0 0 0 0 0 0 0 0 0 0 0 0 0 0
 0 0 0 0 0 0 0 0 0 0 0 0 0 0 0 0 0 0 0 0 0 0 0 0 0 0
 0 0 0 0 0 0 0 0 0 0 0 0 0 0 0 0 0 0 0 0 0 0 0 0 0 0
 0 0 0 0 0 0 0 0 0 0 0 0 0 0 0 0 0 0 0 0 0 0 0 0 0 0
 0 0 0 0 0 0 0 0 0 0 0 0 0 0 0 0 0 0 0 0 0 0 0 0 0 0
 0 0 0 0 0 0 0 0 0 0 0 0 0 0 0 0 0 0 0 0 0 0 0 0 0 0
 0 0 0 0 0 0 0 0 0 0 0 0 0 0 0 0 0 0 0 0 0 0 0 0 0 0
ppred_pel_tallas
 1.09107e-16 4.90464e-05 0.000476748 0.00316816 0.014402 0.0448101 0.0954731 0.139349 0.139363 0.0955447 0.0450515 0.0151036 0.00494521 0.00440903 0.00767215 0.0130096 0.0196748 0.0266938 0.0330372 0.0381216 0.0419512 0.0447139 0.0462434 0.0459142 0.043094 0.0377285
 1.10924e-16 5.1693e-05 0.000502475 0.00333912 0.0151792 0.0472282 0.100625 0.146871 0.146893 0.100736 0.0475982 0.0162486 0.00602664 0.00637991 0.0112464 0.0185998 0.0270097 0.0344609 0.0389667 0.0396962 0.0374877 0.0342401 0.0316613 0.0303471 0.0297548 0.0288508
 1.05949e-16 6.23271e-05 0.000605841 0.00402603 0.0183018 0.0569436 0.121325 0.177081 0.177096 0.121401 0.0571993 0.0190407 0.00588348 0.00466908 0.00780414 0.0128695 0.0186906 0.0238417 0.0269153 0.0272775 0.0254308 0.022626 0.0200454 0.0182046 0.0169275 0.0157317
 1.02707e-16 6.5801e-05 0.000639609 0.00425043 0.0193218 0.0601175 0.128087 0.18695 0.186966 0.128162 0.0603674 0.0200438 0.00606333 0.00459923 0.00759199 0.0124633 0.0179868 0.0227037 0.0251747 0.0247416 0.0219118 0.0179976 0.0143089 0.011532 0.00965464 0.00829886
 1.01893e-16 6.46477e-05 0.000628398 0.00417593 0.0189832 0.0590638 0.125842 0.183674 0.183691 0.125926 0.0593447 0.0197946 0.00621295 0.00507633 0.00851524 0.0139833 0.0201561 0.0253858 0.0280355 0.0273468 0.0238799 0.0191173 0.0145627 0.0110413 0.00860549 0.00689244
 1.00648e-16 7.62386e-05 0.000741067 0.00492465 0.0223867 0.0696535 0.148404 0.216602 0.216608 0.148433 0.0697485 0.0226613 0.00561404 0.00224684 0.00293838 0.00474325 0.0068397 0.00863033 0.00956094 0.00937448 0.00825528 0.00669437 0.00518723 0.00400203 0.00315274 0.00252211
 1.01466e-16 4.40547e-05 0.000428227 0.00284572 0.0129363 0.0402497 0.0857578 0.125175 0.125217 0.0859624 0.0409363 0.0149186 0.00781878 0.0112745 0.0206136 0.0339312 0.0486927 0.0608479 0.0662979 0.0631502 0.0528632 0.0393006 0.0264854 0.0167837 0.0105497 0.0069197
 1.06936e-16 4.35364e-05 0.000423189 0.00281224 0.0127841 0.0397761 0.0847482 0.123698 0.123724 0.0848772 0.0402101 0.0140404 0.00597672 0.00736755 0.0133381 0.022257 0.032696 0.0424379 0.049194 0.0518163 0.050827 0.047775 0.0440161 0.0399742 0.0353496 0.0298372
 1.06877e-16 6.13196e-05 0.000596048 0.00396095 0.0180059 0.0560232 0.119364 0.174218 0.174232 0.119432 0.0562517 0.0186672 0.00562504 0.00424285 0.00702919 0.0116352 0.0170212 0.021976 0.0253126 0.0265079 0.0259868 0.0247467 0.023631 0.0228445 0.0220143 0.0206154
 1.01686e-16 7.38181e-05 0.000717538 0.0047683 0.021676 0.0674421 0.143693 0.209725 0.209733 0.143731 0.0675702 0.022046 0.00569741 0.00274657 0.00392969 0.00638624 0.00920863 0.0116164 0.012871 0.01264 0.0111933 0.00921562 0.00738812 0.00606305 0.0052216 0.00464619
 1.0034e-16 7.63598e-05 0.000742245 0.00493248 0.0224223 0.0697642 0.14864 0.216946 0.216953 0.148672 0.0698694 0.0227262 0.00569482 0.00240523 0.00323109 0.00521138 0.0074776 0.00935633 0.010218 0.00977359 0.00824495 0.00621877 0.00430336 0.00285258 0.00191434 0.00135417
 1.00309e-16 7.24971e-05 0.000704698 0.00468297 0.0212881 0.0662352 0.141121 0.205973 0.205984 0.141174 0.0664122 0.0217992 0.00596525 0.00350148 0.00537683 0.00875508 0.0125597 0.015698 0.0171091 0.0163033 0.0136532 0.0101508 0.00683018 0.00430108 0.00265902 0.00168899
 1.00622e-16 6.84737e-05 0.000665589 0.00442307 0.0201067 0.0625594 0.13329 0.194544 0.194558 0.133361 0.0627986 0.0207976 0.00615701 0.0044491 0.00724903 0.0118623 0.0170493 0.0213701 0.0234043 0.0224914 0.0191194 0.0145941 0.0102672 0.00692179 0.00466776 0.00322516
 1.00912e-16 6.86234e-05 0.000667044 0.00443274 0.0201506 0.0626961 0.133581 0.194968 0.194982 0.133648 0.0629221 0.0208035 0.00607163 0.0042448 0.00686351 0.0112381 0.0161812 0.0203439 0.022397 0.0217206 0.0187629 0.014725 0.0108378 0.00779656 0.00567781 0.00421813
 1.00634e-16 7.32344e-05 0.000711864 0.00473059 0.0215046 0.0669087 0.142556 0.208067 0.208077 0.142602 0.06706 0.0219415 0.00582718 0.00310548 0.00461836 0.00751699 0.0108159 0.0135886 0.0149427 0.0144642 0.0124572 0.00973283 0.00712272 0.00509731 0.00370758 0.00277065
 1.00084e-16 8.06111e-05 0.000783568 0.00520709 0.0236707 0.0736482 0.156915 0.229023 0.229025 0.156925 0.0736788 0.023759 0.00542868 0.00126703 0.000997918 0.00151987 0.00217611 0.00272464 0.00297916 0.00285527 0.00241642 0.00183145 0.00127533 0.000849643 0.000568456 0.000394348
 1.0052e-16 3.522e-05 0.000342351 0.00227505 0.0103421 0.0321783 0.0685613 0.100079 0.100133 0.0688254 0.0330647 0.0129007 0.00869192 0.0143317 0.0265482 0.0436886 0.0625904 0.07799 0.0845485 0.0798053 0.0656846 0.0472865 0.0299681 0.0169483 0.00879087 0.00439092
 1.0051e-16 7.97956e-05 0.000775641 0.00515441 0.0234312 0.0729031 0.155328 0.226706 0.226707 0.155335 0.0729266 0.0234991 0.00532603 0.00115377 0.000808046 0.00123583 0.00183327 0.00243085 0.00291007 0.00320887 0.00333944 0.00335231 0.00327857 0.00310542 0.00280281 0.00236875
 1.00675e-16 5.56507e-05 0.000540944 0.00359477 0.0163413 0.050844 0.10833 0.158117 0.158147 0.108478 0.0513417 0.017778 0.00719783 0.00839596 0.0149429 0.0245349 0.0351492 0.0438048 0.0475078 0.0448851 0.0370268 0.0268029 0.0172188 0.010066 0.00563287 0.00326622
 1.01995e-16 6.48922e-05 0.000630776 0.00419173 0.019055 0.0592872 0.126318 0.184368 0.184383 0.126389 0.0595266 0.0197471 0.00593172 0.00443821 0.00732213 0.01207 0.0175371 0.0223738 0.025233 0.0254623 0.0234457 0.0202624 0.016968 0.0140836 0.0115997 0.00931024
 1.01606e-16 6.85485e-05 0.000666316 0.00442791 0.0201286 0.0626277 0.133435 0.194756 0.194769 0.1335 0.0628435 0.0207521 0.0059933 0.0040846 0.00656353 0.0107504 0.015499 0.0195315 0.0215943 0.0211102 0.0185138 0.0149433 0.0115449 0.00893441 0.00712973 0.00583257
 1.00906e-16 7.17012e-05 0.000696961 0.00463155 0.0210544 0.065508 0.139572 0.203712 0.203723 0.139624 0.0656826 0.0215585 0.00589706 0.00345947 0.00531785 0.00867698 0.0124899 0.0156999 0.0172806 0.016757 0.014481 0.0113875 0.00843206 0.00615068 0.00459364 0.00354186
 1.03055e-16 3.09922e-05 0.000301255 0.00200195 0.00910061 0.0283157 0.0603315 0.0880667 0.08812 0.0605918 0.0291896 0.0116245 0.00833575 0.0141226 0.0262644 0.0433289 0.0623129 0.0781434 0.0856587 0.0824614 0.0703423 0.0540676 0.0385534 0.0266214 0.0186232 0.0134893
 1.03353e-16 7.01644e-05 0.000682023 0.00453228 0.0206031 0.0641039 0.13658 0.199344 0.19935 0.13661 0.0642019 0.0208875 0.0052514 0.00226925 0.00313554 0.00520537 0.00780069 0.0104528 0.0127135 0.0143442 0.015389 0.0160142 0.0162687 0.0160001 0.0149947 0.0131952
 1.02591e-16 6.14982e-05 0.000597784 0.00397249 0.0180584 0.0561864 0.119712 0.174727 0.174748 0.119815 0.0565336 0.019061 0.00648819 0.00608618 0.0104752 0.0171957 0.0247098 0.0309633 0.0339151 0.0326445 0.0279145 0.0216751 0.0159119 0.0117237 0.00916084 0.00766223
 1.04944e-16 4.2536e-05 0.000413465 0.00274762 0.0124903 0.0388622 0.0828014 0.120859 0.120895 0.0829772 0.0394527 0.0141966 0.00703372 0.00978042 0.0178623 0.0295411 0.0427318 0.0541098 0.0602922 0.0596857 0.0533839 0.0443295 0.0354636 0.028336 0.0229864 0.0187265
 1.03465e-16 6.91097e-05 0.000671771 0.00446416 0.0202934 0.0631404 0.134528 0.196349 0.196357 0.13457 0.0632814 0.0207017 0.0054924 0.00292803 0.0043883 0.00723484 0.010625 0.0138016 0.0160331 0.0169723 0.0168219 0.0161131 0.0152896 0.014452 0.0134227 0.012
 1.02009e-16 6.59124e-05 0.000640692 0.00425762 0.0193545 0.0602193 0.128304 0.187267 0.187283 0.128385 0.0604894 0.0201347 0.00621552 0.00491318 0.00817551 0.0133997 0.0192702 0.0241807 0.0265458 0.025645 0.0220567 0.0172734 0.0128144 0.00952052 0.00743661 0.00615143
 1.04843e-16 3.31433e-05 0.000322165 0.0021409 0.00973226 0.0302809 0.0645185 0.0941765 0.0942237 0.0647492 0.0310556 0.0119702 0.00776006 0.012594 0.0233546 0.0385958 0.0556831 0.0702009 0.0776498 0.0759256 0.0665355 0.0535092 0.0409347 0.0310569 0.024041 0.0189556
 1.12344e-16 4.13691e-05 0.000402122 0.00267224 0.0121476 0.0377959 0.080529 0.117539 0.11756 0.0806323 0.0381437 0.0131562 0.00521958 0.00601501 0.010854 0.0182778 0.027259 0.0362319 0.0435734 0.0484643 0.051197 0.0526 0.0531156 0.0523875 0.0496592 0.0445261
 1.03068e-16 7.52203e-05 0.000731168 0.00485887 0.0220877 0.0687231 0.146422 0.213708 0.213713 0.146444 0.0687975 0.022303 0.00540049 0.00191771 0.00234131 0.00378567 0.00552886 0.00713396 0.00821812 0.00862609 0.00851938 0.0082475 0.0080991 0.00813039 0.00817879 0.00800927
pSPR Fmed_Fpbrs
0.357825   0.249128 0.249128
Fs Fmed_Fpbrs
0.693452   1.005 1.005
SSBpbr Bo_Bmed_Bpbrs
1.23359e+06  379730  245642 245642
Ro
99266.2
SPR SPRFo_SPRFmed_SPRFpbrs
709547 253894 176768
Fref
1.005
Nvult_r0
 103248 6201.39 2351.5 2514.19 554.317
CTP_r0
 32526.9 2535.74 976.844 1045.3 230.474
YTP_r0
391223
Np
 118189 31233.5 1400.17 518.828 654.069
Nvult_p0
 95479 26907.6 1211.34 448.957 565.992
CTP_p0
 37595 13296.3 606.721 225.029 283.701
YTP_p0
 527520
CBA_c0
432112
log_Ro
11.3256
likeval ReclasPelacesDesembMPH_pf_preclas_ppelaces_ptallas_desvR_qrecl_qpela
 11.8487 17.113 0.0261065 0.000851139 247.887 116.011 103.192 0 28.6408 3.51204e-05 6.68173e-05 0.00953885 0 0 0
q_reclas_q_pelaces
2.31584 3.19933
M
1
N
 123560 30831 48795.1 4910.57 0.462981
 88582.1 36184.2 8048.14 12619 1269.41
 88938.9 20797.5 6774.47 1479.31 2550.23
 83676.3 20880 3893.38 1245.08 739.824
 59592.8 14102.7 2374.41 428.805 218.225
 231745 15743.3 3152.98 523.699 142.601
 59712.2 61037.5 3503.78 692.173 146.163
 20311.5 10176 7057.74 392.562 93.7651
 27013.8 6338.42 2922.78 2013.52 138.694
 37083.2 4964.12 820.908 367.92 270.503
 59432.2 4262.18 317.417 50.0465 38.8188
 112037 17592.4 1130.71 83.4606 23.3544
 91121.4 20011.2 2183.09 136.219 12.8474
 66782.8 17154.5 2687.69 285.269 19.4497
 50398.2 7489.46 1057.11 157.752 17.838
 289561 6856.51 617.142 83.6271 13.86
 37230.2 55475.8 945.475 82.855 13.0692
 505822 8118.71 9294.39 155.045 15.7119
 234814 126499 1671.43 1883.45 34.5731
 223671 49139.6 19920.7 257.197 294.772
 260814 47203.9 7837.09 3105.53 85.94
 417629 60571.8 8694.17 1416.5 576.249
 57354.5 89166.1 9830.54 1379.91 315.895
 199989 14765 19174.2 2083.25 359.08
 175661 53685.5 3381.45 4334.91 551.772
 64501.4 47314.1 12357.5 768.474 1109.78
 166416 18237.4 11715.6 3027.07 459.814
 206143 44374.8 4134.84 2621.4 779.637
 49015.7 59608.6 11365.1 1048.59 862.036
 31102.6 14432.5 15688.3 2963.97 498.035
 134481 7601.56 2870.33 3068.22 676.46
pred_Ctot
 16229 5819.72 9427.12 949.888 0.0895638
 21007.5 11856.5 2690.83 4223.56 424.893
 21094.5 6815.44 2265.22 495.175 853.696
 30500.3 9993.49 1894.08 606.237 360.242
 10907.7 3640.25 626.365 113.249 57.6373
 42754.9 4093.8 837.869 139.328 37.9408
 21541.8 28958.6 1689.86 334.123 70.5586
 1974.43 1439.01 1022.49 56.9461 13.6027
 9034.23 2818.11 1322.07 911.614 62.7964
 17649.9 2956.85 495.304 222.14 163.328
 7470.81 771.54 58.8188 9.28541 7.20273
 38601.2 8024.85 524.581 38.7553 10.8452
 29673.6 8694.57 965.263 60.2858 5.68606
 32193.4 10320.9 1637.68 173.937 11.8595
 21713.6 4119.15 589.756 88.0759 9.95965
 92423.3 2927.57 268.209 36.3783 6.0295
 9996.27 20331.7 353.238 30.987 4.888
 105632 2367.98 2768.39 46.2328 4.6854
 66966.6 48920.6 658.604 742.883 13.6373
 63034.8 18804.1 7767.83 100.391 115.064
 63087.7 15747.4 2667.34 1058.09 29.2823
 115740 22835.9 3340.49 544.801 221.643
 11204.3 24451.9 2754.08 387.029 88.6059
 35056.2 3660.39 4859.07 528.547 91.109
 30502.4 13192.2 849.424 1090.21 138.777
 9639.98 10096 2697.47 167.949 242.557
 29712.8 4599.65 3020.14 781.247 118.679
 28435 8775.83 836.792 531.16 157.984
 6297.93 11018.4 2150.33 198.646 163.315
 6821.04 4403.18 4886.32 924.184 155.299
 32526.9 2535.74 976.844 1045.3 230.474
F
 0.228106 0.34308 0.352429 0.352935 0.352962
 0.449097 0.67546 0.693867 0.694864 0.694917
 0.44916 0.675554 0.693964 0.69496 0.695013
 0.780591 1.17404 1.20603 1.20777 1.20786
 0.33112 0.498018 0.51159 0.512324 0.512363
 0.334148 0.502571 0.516267 0.517008 0.517047
 0.769504 1.15736 1.1889 1.19061 1.1907
 0.164555 0.247498 0.254242 0.254607 0.254627
 0.694114 1.04397 1.07242 1.07396 1.07405
 1.16338 1.74977 1.79746 1.80004 1.80018
 0.21737 0.326934 0.335843 0.336325 0.336351
 0.722537 1.08672 1.11634 1.11794 1.11803
 0.669934 1.00761 1.03507 1.03655 1.03663
 1.18795 1.78672 1.83541 1.83805 1.83819
 0.994756 1.49615 1.53692 1.53913 1.53925
 0.65242 0.981266 1.00801 1.00945 1.00953
 0.522949 0.786535 0.80797 0.80913 0.809191
 0.385953 0.580489 0.596308 0.597165 0.59721
 0.564129 0.848472 0.871593 0.872845 0.872911
 0.555702 0.835798 0.858575 0.859808 0.859873
 0.459977 0.691823 0.710676 0.711697 0.71175
 0.544092 0.818336 0.840636 0.841844 0.841907
 0.356994 0.536933 0.551566 0.552358 0.5524
 0.315119 0.473952 0.486868 0.487567 0.487604
 0.311745 0.468877 0.481655 0.482346 0.482383
 0.263214 0.395884 0.406673 0.407257 0.407288
 0.321817 0.484025 0.497216 0.49793 0.497968
 0.240771 0.362129 0.371998 0.372532 0.37256
 0.222658 0.334886 0.344012 0.344506 0.344532
 0.408936 0.615056 0.631817 0.632725 0.632773
 0.459933 0.691758 0.710609 0.71163 0.711684
nmprior
 8.19 8.8 8.5 0
nm_flota  nm_reclas  nm_pelaces    nm_pelaL
inf 19.6371 14.9741 33.7244
cv_recla  cv_pelaces  cv_mph
0.311359 0.469067 0.900338
 ------------------------------------------------
Talla a la edad & desviaci?n 
 8 13.2811 15.8009 17.003 17.5766
 0.8 1.32811 1.58009 1.7003 1.75766
