    unsorted:	 2.294175285e-06 5.520126802e-05 0.0001006818249 0.001099991957 6.114201996 8.837025947 4.752634880 13.77840269 63.16888809 84.20783884 169.3470590 227.8816805 206.9251887 253.1546838 460.7948050 514.6152934 621.4361094 884.4996057 892.1972869 814.9352424 789.4244983 947.0079125 1037.228407 1137.102656 1152.487423 1297.084441 1424.218674 1478.713329 1729.902976 1833.383411 1968.012023 2109.056221 2390.163320 2433.505620 2457.153662 2592.402349 2713.464834 2783.016015 3115.163414 3249.913843 3624.605719 3913.593090 4299.911138 9396.197899 41467.03996 378795.6354 158288.7585 370993.5277 384363.6128 354319.0730 349189.4239 398747.7209 416480.3555 311784.6423 443125.3853 453048.0520 238499.2810 504019.7958 618603.3464 662461.0654 688030.3506 712585.9101 725329.9966 986637.2533 1102474.418 1181369.152 1245811.650 1400525.276 1522921.321 1748690.058 1859045.295 2272820.553 2507782.308 2476310.394 2755126.628 2983341.661 3330032.321
      sorted:	 2.294175285e-06 5.520126802e-05 0.0001006818249 0.001099991957 4.752634880 6.114201996 8.837025947 13.77840269 63.16888809 84.20783884 169.3470590 206.9251887 227.8816805 253.1546838 460.7948050 514.6152934 621.4361094 789.4244983 814.9352424 884.4996057 892.1972869 947.0079125 1037.228407 1137.102656 1152.487423 1297.084441 1424.218674 1478.713329 1729.902976 1833.383411 1968.012023 2109.056221 2390.163320 2433.505620 2457.153662 2592.402349 2713.464834 2783.016015 3115.163414 3249.913843 3624.605719 3913.593090 4299.911138 9396.197899 41467.03996 158288.7585 238499.2810 311784.6423 349189.4239 354319.0730 370993.5277 378795.6354 384363.6128 398747.7209 416480.3555 443125.3853 453048.0520 504019.7958 618603.3464 662461.0654 688030.3506 712585.9101 725329.9966 986637.2533 1102474.418 1181369.152 1245811.650 1400525.276 1522921.321 1748690.058 1859045.295 2272820.553 2476310.394 2507782.308 2755126.628 2983341.661 3330032.321
