years
 1991 1992 1993 1994 1995 1996 1997 1998 1999 2000 2001 2002 2003 2004 2005 2006 2007 2008 2009 2010 2011 2012 2013 2014 2015 2016 2017 2018 2019 2020 2021
reclasobs
 0 0 0 0 0 0 0 0 0 252601 567819 844713 477998 351125 339783 2.1784e+06 2.13404e+06 4.81314e+06 1.55562e+06 2.62356e+06 3.21686e+06 3.843e+06 1.13348e+06 3.07943e+06 1.97215e+06 2.03268e+06 2.025e+06 2.42433e+06 2.27542e+06 1.05018e+06 2.36338e+06
reclaspred
 3.17982e+06 1.7273e+06 874960 893017 903737 1.63093e+06 891590 756167 530597 351429 500758 694243 682755 497075 481538 1.37765e+06 1.18945e+06 3.19513e+06 2.51593e+06 1.80697e+06 3.12721e+06 2.56012e+06 1.9111e+06 3.0676e+06 2.26011e+06 1.98072e+06 2.41469e+06 2.64604e+06 2.07492e+06 1.228e+06 1.86146e+06
pelacesobs
 0 0 0 0 0 0 0 0 0 0 0 0 0 0 0 552880 188675 0 991730 2.46772e+06 1.41603e+06 1.21717e+06 2.29649e+06 1.80582e+06 0 1.4828e+06 1.56532e+06 1.57751e+06 1.42118e+06 867257 1.10002e+06
pelacespred
 1.80747e+06 1.06755e+06 522676 429670 482364 891029 430018 488768 309013 185094 287317 330462 361719 263498 263607 638137 582704 1.78408e+06 1.44444e+06 943727 1.64136e+06 1.39815e+06 1.09594e+06 1.90685e+06 1.36561e+06 1.20553e+06 1.64575e+06 1.77685e+06 1.19686e+06 782526 1.12859e+06
mphobs
 0 0 0 0 0 0 0 0 0 0 0 498337 0 5186 125008 0 168611 109162 213762 579715 649985 157893 87575 83554 0 0 0 0 0 0 0
mphpred
 489122 327938 156038 86816.5 93667.1 113781 161672 83499.2 74888.4 45538.9 27442.5 61006.4 65896.1 53438.2 31533.4 39987.3 153946 131717 320572 220666 230037 283210 271275 212337 312238 255244 206415 225908 329443 211051 121063
desembarqueobs
 494567 514787 250237 358949 120608 361735 552515 73892 212993 205616 52469 317467 293654 387597 252695 516296 358380 742168 942051 627588 828172 859565 418607 520667 417249 300574 415391 372974 316634 284311 391294
desembarquepred
 494568 513927 250614 358985 120613 361737 552516 73897.4 213053 205670 52471.7 317520 293677 387545 252659 516206 358405 741990 941699 627328 828246 859511 418600 520687 417228 300566 415376 372934 316608 284308 391293
Reclutas
 165917 91503.6 91961.8 134193 108800 208312 79087 32636 32768.7 44474.2 82812 123636 103298 72253.6 64796.9 351077 67163.9 574417 316630 252397 344915 479614 90847.9 271820 230672 100517 229058 260108 75156.1 53389.8 203320
log_desv_Rt
 0.239242 -0.355867 -0.350872 0.0270309 -0.182734 0.466793 -0.501697 -1.38683 -1.38277 -1.07734 -0.455672 -0.0549017 -0.234627 -0.592063 -0.700986 0.988761 -0.66511 1.48111 0.88549 0.658758 0.971053 1.30074 -0.363058 0.732895 0.568751 -0.261915 0.561729 0.688852 -0.552678 -0.894624 0.442534
SSB
 1.82812e+06 1.22569e+06 583202 324482 350086 425261 604256 312083 279900 170204 102568 228015 246290 199728 117858 149455 575381 492299 1.19816e+06 824753 859775 1.05851e+06 1.0139e+06 793622 1.16701e+06 953988 771488 844343 1.23131e+06 788815 452481
BT
 2.6231e+06 1.80361e+06 878315 837240 696848 1.446e+06 1.01881e+06 678759 598201 429939 413848 683617 724899 738672 593331 1.24851e+06 1.00002e+06 2.97223e+06 2.71198e+06 1.73697e+06 2.77047e+06 2.55208e+06 1.71595e+06 2.93245e+06 2.0789e+06 1.7646e+06 2.52857e+06 2.64218e+06 1.72149e+06 1.23854e+06 1.8234e+06
Ftot
 0.228668 0.422689 0.415926 0.63705 0.212969 0.374135 0.870328 0.153455 0.618039 0.888079 0.189029 0.736109 0.687164 1.20687 0.893583 0.684502 0.451468 0.416485 0.582381 0.548901 0.433353 0.5431 0.326675 0.290931 0.288267 0.233027 0.290992 0.243228 0.220818 0.338839 0.366549
BD_Bspro_t
 0.964233 0.76014 0.543658 0.442639 0.434111 0.532879 0.541729 0.340989 0.394468 0.327306 0.281837 0.55097 0.431193 0.336668 0.223071 0.26915 0.466478 0.416494 0.565299 0.443667 0.408182 0.456212 0.474085 0.45239 0.580194 0.589103 0.593511 0.64219 0.70519 0.612249 0.516803
BD_Bspro
 1.9581 1.31284 0.624669 0.347553 0.374978 0.455498 0.64722 0.334273 0.299801 0.182306 0.109861 0.244227 0.263802 0.213929 0.126238 0.160081 0.616292 0.527303 1.28335 0.883394 0.920907 1.13377 1.08599 0.850051 1.24998 1.02182 0.826343 0.904377 1.31886 0.844901 0.484654
BD_Bo
 1.27792 0.856802 0.40768 0.226825 0.244723 0.297274 0.422398 0.218158 0.19566 0.118979 0.0716989 0.159391 0.172166 0.139618 0.0823869 0.104475 0.402213 0.344136 0.837556 0.576533 0.601015 0.739939 0.708757 0.554772 0.815782 0.666874 0.539299 0.590227 0.860734 0.551411 0.316302
BD_Brms
 6.73291 4.51417 2.14792 1.19506 1.28936 1.56622 2.22546 1.14939 1.03086 0.626857 0.377755 0.839772 0.90708 0.735594 0.434066 0.550438 2.11911 1.81312 4.41277 3.03754 3.16653 3.89847 3.73418 2.92289 4.29805 3.51351 2.84137 3.10969 4.53489 2.90518 1.66648
Sel_flota
 0.682679 0.97612 0.998714 0.999932 0.999996
 0.682679 0.97612 0.998714 0.999932 0.999996
 0.682679 0.97612 0.998714 0.999932 0.999996
 0.682679 0.97612 0.998714 0.999932 0.999996
 0.682679 0.97612 0.998714 0.999932 0.999996
 0.682679 0.97612 0.998714 0.999932 0.999996
 0.682679 0.97612 0.998714 0.999932 0.999996
 0.682679 0.97612 0.998714 0.999932 0.999996
 0.682679 0.97612 0.998714 0.999932 0.999996
 0.682679 0.97612 0.998714 0.999932 0.999996
 0.682679 0.97612 0.998714 0.999932 0.999996
 0.682679 0.97612 0.998714 0.999932 0.999996
 0.682679 0.97612 0.998714 0.999932 0.999996
 0.682679 0.97612 0.998714 0.999932 0.999996
 0.682679 0.97612 0.998714 0.999932 0.999996
 0.682679 0.97612 0.998714 0.999932 0.999996
 0.682679 0.97612 0.998714 0.999932 0.999996
 0.682679 0.97612 0.998714 0.999932 0.999996
 0.682679 0.97612 0.998714 0.999932 0.999996
 0.682679 0.97612 0.998714 0.999932 0.999996
 0.682679 0.97612 0.998714 0.999932 0.999996
 0.682679 0.97612 0.998714 0.999932 0.999996
 0.682679 0.97612 0.998714 0.999932 0.999996
 0.682679 0.97612 0.998714 0.999932 0.999996
 0.682679 0.97612 0.998714 0.999932 0.999996
 0.682679 0.97612 0.998714 0.999932 0.999996
 0.682679 0.97612 0.998714 0.999932 0.999996
 0.682679 0.97612 0.998714 0.999932 0.999996
 0.682679 0.97612 0.998714 0.999932 0.999996
 0.682679 0.97612 0.998714 0.999932 0.999996
 0.682679 0.97612 0.998714 0.999932 0.999996
Sel_reclas
 1 1 1 1 1
 1 1 1 1 1
 1 1 1 1 1
 1 1 1 1 1
 1 1 1 1 1
 1 1 1 1 1
 1 1 1 1 1
 1 1 1 1 1
 1 1 1 1 1
 1 1 1 1 1
 1 1 1 1 1
 1 1 1 1 1
 1 1 1 1 1
 1 1 1 1 1
 1 1 1 1 1
 1 1 1 1 1
 1 1 1 1 1
 1 1 1 1 1
 1 1 1 1 1
 1 1 1 1 1
 1 1 1 1 1
 1 1 1 1 1
 1 1 1 1 1
 1 1 1 1 1
 1 1 1 1 1
 1 1 1 1 1
 1 1 1 1 1
 1 1 1 1 1
 1 1 1 1 1
 1 1 1 1 1
 1 1 1 1 1
Sel_pelaces
 0.910865 1 1 1 1
 0.910865 1 1 1 1
 0.910865 1 1 1 1
 0.910865 1 1 1 1
 0.910865 1 1 1 1
 0.910865 1 1 1 1
 0.910865 1 1 1 1
 0.910865 1 1 1 1
 0.910865 1 1 1 1
 0.910865 1 1 1 1
 0.910865 1 1 1 1
 0.910865 1 1 1 1
 0.910865 1 1 1 1
 0.910865 1 1 1 1
 0.910865 1 1 1 1
 0.910865 1 1 1 1
 0.910865 1 1 1 1
 0.910865 1 1 1 1
 0.910865 1 1 1 1
 0.910865 1 1 1 1
 0.910865 1 1 1 1
 0.910865 1 1 1 1
 0.910865 1 1 1 1
 0.910865 1 1 1 1
 0.910865 1 1 1 1
 0.910865 1 1 1 1
 0.910865 1 1 1 1
 0.910865 1 1 1 1
 0.910865 1 1 1 1
 0.910865 1 1 1 1
 0.910865 1 1 1 1
pf_obs 
 0.8446 0.082 0.0669 0.0065 0
 0.8095 0.147 0.0364 0.0071 0
 0.9664 0.0169 0.016 0.0007 0
 0.9276 0.0648 0.0075 0.0001 0
 0.7033 0.2144 0.0806 0.0017 0
 0.9318 0.0425 0.0243 0.0014 0
 0.5671 0.3108 0.0964 0.0239 0.0018
 0.0768 0.2599 0.5324 0.112 0.0189
 0.490249 0.384438 0.106611 0.0170017 0.00170017
 0.7925 0.1577 0.0466 0.003 0.0002
 0.840416 0.127587 0.0312969 0.00059994 9.999e-05
 0.8084 0.0986 0.0794 0.0134 0.0002
 0.7335 0.1905 0.0724 0.0035 0.0001
 0.4001 0.4547 0.1325 0.0127 0
 0.49795 0.308269 0.164784 0.0264974 0.00249975
 0.9179 0.0499 0.0305 0.0017 0
 0.2467 0.6533 0.0926 0.0074 0
 0.9418 0.0223 0.034 0.0019 0
 0.707729 0.231977 0.0356964 0.0245975 0
 0.517169 0.277429 0.184464 0.0207286 0.00020938
 0.811772 0.124168 0.05621 0.00726502 0.000585176
 0.764997 0.148141 0.077277 0.00933861 0.000247198
 0.163321 0.427699 0.378323 0.0303852 0.000271297
 0.753843 0.0900009 0.118128 0.0371064 0.000921714
 0.721811 0.176058 0.0630433 0.0369309 0.00215725
 0.143369 0.312575 0.442814 0.0836902 0.0175525
 0.692698 0.0596174 0.167031 0.0765114 0.00414204
 0.394062 0.376323 0.152708 0.0712218 0.00568511
 0.125707 0.32114 0.495352 0.0537591 0.00404204
 0.23352 0.215282 0.420074 0.123614 0.00750983
 0.774587 0.0839891 0.0768558 0.0609784 0.00358967
pf_pred 
 0.492772 0.144572 0.338637 0.0240184 8.91406e-07
 0.43184 0.335678 0.0674556 0.15411 0.0109163
 0.589848 0.220551 0.113335 0.0221523 0.0541136
 0.731219 0.184913 0.0456882 0.0228361 0.0153433
 0.664781 0.272224 0.0437633 0.0104846 0.00874675
 0.765717 0.174203 0.0490179 0.00768778 0.00337376
 0.459617 0.449566 0.0680004 0.0186208 0.00419582
 0.458445 0.316717 0.188137 0.0274934 0.00920783
 0.556313 0.245041 0.117339 0.0680491 0.0132576
 0.742537 0.171728 0.0480169 0.0222953 0.0154232
 0.846119 0.127457 0.0178319 0.00481565 0.00377562
 0.75676 0.216284 0.0224219 0.00306089 0.00147274
 0.702508 0.248129 0.0440499 0.00442027 0.000892179
 0.655209 0.272925 0.0602575 0.0103606 0.00124734
 0.767571 0.179639 0.0421364 0.00893554 0.0017176
 0.945382 0.0462547 0.00651551 0.00147563 0.000372372
 0.370956 0.607102 0.0186721 0.00254818 0.000721507
 0.916532 0.0394853 0.0424902 0.00127056 0.00022215
 0.583844 0.392849 0.0111869 0.0117093 0.000410744
 0.622298 0.259427 0.111842 0.00309026 0.00334263
 0.740984 0.186591 0.0502051 0.0210128 0.00120664
 0.754574 0.199762 0.0331553 0.00867516 0.00383365
 0.309491 0.571053 0.0977656 0.0157554 0.00593467
 0.746636 0.101504 0.12616 0.0210386 0.00466093
 0.623981 0.306567 0.0282588 0.0342294 0.00696302
 0.42425 0.409202 0.136446 0.0122581 0.0178436
 0.732098 0.139305 0.0920603 0.0299401 0.00659608
 0.685179 0.252841 0.0326333 0.0210174 0.00832966
 0.336464 0.505416 0.127627 0.0160646 0.0144272
 0.410493 0.251323 0.259124 0.0638302 0.0152291
 0.829984 0.0871892 0.0358558 0.0360022 0.0109686
pobs_RECLAS
 0 0 0 0 0
 0 0 0 0 0
 0 0 0 0 0
 0 0 0 0 0
 0 0 0 0 0
 0 0 0 0 0
 0 0 0 0 0
 0 0 0 0 0
 0 0 0 0 0
 0 0 0 0 0
 0.991045 0.00858322 0.000360255 1.14367e-05 0
 0.934742 0.0480273 0.0164251 0.00080598 0
 0.827803 0.169806 0.00239088 0 0
 0.941827 0.0461693 0.0120037 0 0
 0.791401 0.0380133 0.147996 0.0225897 0
 0.846168 0.0940531 0.0597789 0 0
 0.134021 0.677848 0.182769 0.00536245 0
 0.80878 0.0450904 0.141981 0.00414843 0
 0.846168 0.0940531 0.0597789 0 0
 0.905697 0.0802665 0.012482 0.00150086 5.37128e-05
 0.989698 0.0102097 9.19794e-05 0 0
 0.975433 0.0193895 0.00387452 0.00125025 5.28907e-05
 0.303575 0.632131 0.0575291 0.00676475 0
 0.966965 0.00978017 0.0227588 0.000495775 0
 0.843318 0.132988 0.00938335 0.0141283 0.000182051
 0.564624 0.303363 0.111486 0.0197234 0.00080311
 0.826376 0.0876187 0.0782897 0.00655872 0.00115652
 0.89761 0.0855135 0.0140674 0.00269457 0.000114338
 0.34875 0.467042 0.161289 0.0227151 0.000203297
 0.318654 0.224769 0.449479 0.00709798 0
 0.937255 0.0296025 0.0250945 0.00804832 0
ppred_RECLAS
 0.587073 0.119679 0.273848 0.0193989 7.19914e-07
 0.526693 0.282479 0.0554202 0.126452 0.00895659
 0.678181 0.175008 0.0878037 0.01714 0.0418669
 0.800457 0.138361 0.0333503 0.0166473 0.0111844
 0.741282 0.21103 0.0331423 0.00793023 0.00661532
 0.826299 0.12995 0.035705 0.00559273 0.00245419
 0.558473 0.368922 0.054383 0.0148714 0.00335073
 0.551011 0.265129 0.153879 0.0224594 0.0075214
 0.64954 0.195736 0.0914445 0.052962 0.0103176
 0.811751 0.126664 0.0345127 0.0160029 0.0110695
 0.888083 0.093074 0.0127216 0.00343132 0.00269009
 0.821002 0.159606 0.0161349 0.00219968 0.00105829
 0.77666 0.187051 0.0323883 0.00324573 0.000655067
 0.74283 0.204735 0.0439759 0.00755008 0.000908903
 0.831225 0.131212 0.029991 0.00635119 0.00122075
 0.962233 0.0321062 0.00441109 0.000997697 0.000251748
 0.461327 0.520319 0.0156224 0.00212925 0.000602849
 0.941562 0.0279944 0.0294118 0.000878361 0.000153566
 0.672147 0.309924 0.00861154 0.0090019 0.00031575
 0.707517 0.202427 0.0851641 0.00235007 0.00254181
 0.806807 0.140118 0.0368064 0.0153852 0.000883421
 0.818155 0.148687 0.0240835 0.00629331 0.00278089
 0.393899 0.503305 0.084151 0.0135442 0.00510144
 0.811703 0.0765146 0.0928854 0.0154702 0.00342708
 0.706202 0.240601 0.0216617 0.0262054 0.00533042
 0.516403 0.346045 0.112717 0.0101137 0.0147211
 0.799454 0.105479 0.068082 0.0221141 0.0048716
 0.758945 0.194507 0.0245228 0.0157742 0.00625123
 0.423187 0.441818 0.10899 0.0137015 0.0123042
 0.504918 0.213979 0.215452 0.0530053 0.0126456
 0.877215 0.0637198 0.025588 0.0256599 0.00781718
pobs_PELACES
 0 0 0 0 0
 0 0 0 0 0
 0 0 0 0 0
 0 0 0 0 0
 0 0 0 0 0
 0 0 0 0 0
 0 0 0 0 0
 0 0 0 0 0
 0 0 0 0 0
 0 0 0 0 0
 0 0 0 0 0
 0 0 0 0 0
 0 0 0 0 0
 0 0 0 0 0
 0 0 0 0 0
 0 0 0 0 0
 0.505614 0.472636 0.0217494 0 0
 0 0 0 0 0
 0.443492 0.261883 0.143347 0.151278 0
 0.227955 0.32914 0.350689 0.0885471 0.00366901
 0.970185 0.0296113 0.000203453 0 0
 0.997202 0.00247181 0.000326279 0 0
 0.445219 0.490057 0.0546422 0.010081 0
 0.90214 0.0892962 0.00764917 0.000914606 0
 0 0 0 0 0
 0.581667 0.319106 0.0959925 0.00289975 0.000334073
 0.762889 0.0836404 0.116647 0.0363945 0.000428098
 0.88444 0.0763242 0.0277011 0.0115352 0
 0.521256 0.241999 0.230069 0.00667565 0
 0.616807 0.101726 0.260614 0.0208532 0
 0.833518 0.0704572 0.0857862 0.0102388 0
ppred_PELACES
 0.570006 0.124777 0.285027 0.020189 7.49229e-07
 0.513937 0.290474 0.0568096 0.1296 0.00917949
 0.666809 0.181455 0.090756 0.0177134 0.043267
 0.795592 0.141946 0.0340521 0.0169933 0.0114167
 0.727149 0.222625 0.0349078 0.00835196 0.00696708
 0.818051 0.136216 0.0373226 0.00584524 0.00256498
 0.556498 0.370972 0.0543314 0.0148521 0.00334632
 0.531639 0.276699 0.160411 0.0234112 0.00784013
 0.642351 0.200166 0.0930844 0.0538984 0.0104998
 0.810963 0.127476 0.0345048 0.0159935 0.0110628
 0.880428 0.0994638 0.0135759 0.00366145 0.00287049
 0.817823 0.162537 0.0163413 0.00222716 0.0010715
 0.772121 0.191012 0.0329052 0.00329662 0.000665328
 0.747643 0.201275 0.0428452 0.0073524 0.000885082
 0.830475 0.131992 0.029969 0.00634425 0.00121939
 0.961266 0.0329542 0.00450455 0.00101856 0.000257008
 0.449045 0.532244 0.0159267 0.00217033 0.000614475
 0.938668 0.0294283 0.0308224 0.000920335 0.000160903
 0.664004 0.317698 0.00878933 0.00918559 0.000322189
 0.699393 0.208312 0.0872821 0.00240798 0.00260442
 0.798814 0.146046 0.03824 0.0159817 0.000917661
 0.812125 0.153733 0.0248001 0.00647916 0.00286298
 0.37936 0.515592 0.0859957 0.0138393 0.00521255
 0.801743 0.0806665 0.0977135 0.0162724 0.00360477
 0.692528 0.2519 0.0226303 0.027374 0.00556809
 0.498835 0.358795 0.116667 0.0104671 0.0152355
 0.788973 0.111107 0.0715595 0.0232409 0.0051198
 0.746012 0.205016 0.0258009 0.0165947 0.00657637
 0.405815 0.455301 0.112131 0.0140952 0.0126577
 0.490145 0.220685 0.221642 0.0545209 0.0130071
 0.870997 0.0670372 0.0268467 0.0269182 0.00820045
pobs_pel_tallas
 0 0 0 0 0 0 0 0 0 0 0 0 0 0 0 0 0 0 0 0 0 0 0 0 0 0
 0 0 0 0 0 0 0 0 0 0 0 0 0 0 0 0 0 0 0 0 0 0 0 0 0 0
 0 0 0 0 0 0 0 0 0 0 0 0 0 0 0 0 0 0 0 0 0 0 0 0 0 0
 0 0 0 0 0 0 0 0 0 0 0 0 0 0 0 0 0 0 0 0 0 0 0 0 0 0
 0 0 0 0 0 0 0 0 0 0 0 0 0 0 0 0 0 0 0 0 0 0 0 0 0 0
 0 0 0 0 0 0 0 0 0 0 0 0 0 0 0 0 0 0 0 0 0 0 0 0 0 0
 0 0 0 0 0 0 0 0 0 0 0 0 0 0 0 0 0 0 0 0 0 0 0 0 0 0
 0 0 0 0 0 0 0 0 0 0 0 0 0 0 0 0 0 0 0 0 0 0 0 0 0 0
 0 0 0 0 0 0 0 0 0 0 0 0 0 0 0 0 0 0 0 0 0 0 0 0 0 0
 0 0 0 0 0 0 0 0 0 0 0 0 0 0 0 0 0 0 0 0 0 0 0 0 0 0
 0 0 0 0 0 0 0 0 0 0 0 0 0 0 0 0 0 0 0 0 0 0 0 0 0 0
 0 0 0 0 0 0 0 0 0 0 0 0 0 0 0 0 0 0 0 0 0 0 0 0 0 0
 0.00862536 0 0 0.000197151 0.00414017 0.0128641 0.00837892 0.0270097 0.101434 0.158115 0.152841 0.127902 0.109271 0.109419 0.0830992 0.0579132 0.0238553 0.00714673 0.00463305 0.00128148 0.00103504 0.000492878 0.000147863 0.000147863 4.92878e-05 0
 0 0 0 0 0 0 0 0 0 0 0 0 0 0 0 0 0 0 0 0 0 0 0 0 0 0
 0 0 0 0 0 0 0 0.0054083 0.00873648 0.0413646 0.0450493 0.0745869 0.0622846 0.0627006 0.0613931 0.0827291 0.12552 0.122667 0.0946155 0.0697135 0.0546179 0.0294188 0.0215738 0.0213955 0.0102223 0.00600262
 0 0 0 0 0.00359764 0.0251062 0.0480494 0.140153 0.205849 0.193036 0.1447 0.116669 0.0760912 0.0342217 0.00950174 0.001854 0.000860785 0 0 0 0.000165536 0 0.000143464 0 0 0
 0 0 0 0 0 0 0 0.000145254 0.000435761 0.0275982 0.070085 0.0708112 0.156366 0.174668 0.174014 0.160142 0.0824315 0.0480064 0.0283245 0.00493863 0.00203355 0 0 0 0 0
 0 0 0 0 0 0 0 0 0 0 0 0 0 0 0 0 0 0 0 0 0 0 0 0 0 0
 0 0 1.00437e-05 0.000401748 0.00122533 0.00171747 0.00176769 0.0269171 0.070346 0.194647 0.189555 0.159765 0.064822 0.0314167 0.0384472 0.0292271 0.0345202 0.0313363 0.0194345 0.0106764 0.0143323 0.0359363 0.0279516 0.0138201 0.00172751 0
 0 0.0021121 0.0136068 0.0755702 0.200478 0.177729 0.0527432 0.0373336 0.0318909 0.0142505 0.0149659 0.0166563 0.0217959 0.0798694 0.0677717 0.0528807 0.04013 0.0224614 0.0357745 0.0225083 0.00881397 0.00855152 0.00135912 0.000746735 0 0
 0 0 0 0 5.4009e-05 0.00500934 0.000945158 0.0243581 0.138947 0.33067 0.221406 0.137944 0.0707744 0.0437923 0.0131692 0.00525238 0.0047753 0.00276346 9.45158e-05 9.00151e-06 2.25038e-05 9.00151e-06 4.50075e-06 0 0 0
 0.000866109 0.00284123 0.00948549 0.0512746 0.133035 0.25785 0.225252 0.132002 0.0553304 0.0519788 0.0540692 0.017754 0.00435017 0.00159236 0.00146478 0.000404838 0.000125132 0.000115318 0.000107957 0.000100596 0 0 0 0 0 0
 0 0 0 0 0.00144013 0.00171154 0.00461396 0.0210425 0.0478622 0.0707936 0.0888783 0.103762 0.0637923 0.0337046 0.0602308 0.124433 0.169614 0.0934646 0.0462172 0.0250306 0.0313229 0.00938855 0.002487 0.000210481 0 0
 0 0.00764035 0.051015 0.0998891 0.058973 0.0496711 0.0374665 0.0718981 0.12319 0.153886 0.159021 0.0857701 0.0377988 0.023471 0.0147837 0.00900784 0.00315554 0.000888139 0.00291439 0.00214683 0.00393193 0.00274676 0.000635225 9.99891e-05 0 0
 0 0 0 0 0 0 0 0 0 0 0 0 0 0 0 0 0 0 0 0 0 0 0 0 0 0
 0 0 0 0 0 0 0 0 0 0 0 0 0 0 0 0 0 0 0 0 0 0 0 0 0 0
 0 0 0 0 0 0 0 0 0 0 0 0 0 0 0 0 0 0 0 0 0 0 0 0 0 0
 0 0 0 0 0 0 0 0 0 0 0 0 0 0 0 0 0 0 0 0 0 0 0 0 0 0
 0 0 0 0 0 0 0 0 0 0 0 0 0 0 0 0 0 0 0 0 0 0 0 0 0 0
 0 0 0 0 0 0 0 0 0 0 0 0 0 0 0 0 0 0 0 0 0 0 0 0 0 0
 0 0 0 0 0 0 0 0 0 0 0 0 0 0 0 0 0 0 0 0 0 0 0 0 0 0
ppred_pel_tallas
 1.10282e-16 4.69507e-05 0.000456377 0.00303279 0.0137866 0.0428954 0.0913935 0.133394 0.133407 0.0914545 0.0431014 0.0143871 0.00456002 0.00385661 0.00669843 0.0115039 0.0177389 0.0247409 0.0317749 0.0383574 0.0442834 0.0492629 0.0525668 0.0531457 0.0502291 0.0439257
 1.16265e-16 4.23324e-05 0.000411486 0.00273447 0.0124305 0.0386761 0.0824045 0.120278 0.120306 0.0825417 0.0391369 0.0137625 0.00608182 0.00773265 0.0139896 0.0231805 0.0336896 0.0430513 0.0488368 0.0500724 0.0478647 0.0446139 0.0424153 0.0418885 0.0421555 0.0417037
 1.11764e-16 5.49242e-05 0.000533883 0.00354784 0.016128 0.0501802 0.106915 0.156049 0.156067 0.107001 0.0504695 0.0169651 0.00565473 0.00515213 0.00888193 0.0147456 0.0215907 0.0279103 0.0322117 0.0338422 0.0333529 0.0320299 0.0309772 0.0304921 0.0301148 0.029133
 1.04656e-16 6.55319e-05 0.000636994 0.00423305 0.0192428 0.0598716 0.127563 0.186185 0.186199 0.12763 0.0600967 0.0198932 0.0058671 0.00420905 0.00686425 0.0112839 0.0163443 0.0207623 0.023283 0.0233484 0.0214259 0.0186663 0.0161701 0.0144375 0.0133274 0.0123923
 1.03081e-16 5.98943e-05 0.000582194 0.00386889 0.0175874 0.0547211 0.11659 0.170171 0.170192 0.116695 0.0550732 0.0186047 0.00642281 0.00615859 0.0106539 0.0175276 0.0252657 0.0318208 0.0351477 0.0343067 0.030017 0.0241552 0.0186165 0.0144282 0.0116264 0.00970809
 1.02133e-16 6.73818e-05 0.000654975 0.00435254 0.019786 0.0615617 0.131164 0.191441 0.191454 0.131229 0.0617777 0.0204103 0.00592086 0.0040832 0.00659157 0.0108254 0.0156689 0.0198728 0.0222058 0.0220916 0.0199299 0.0167854 0.0137106 0.0112419 0.00936474 0.00780939
 1.03719e-16 4.58381e-05 0.000445563 0.00296092 0.0134599 0.0418791 0.0892291 0.13024 0.130276 0.0894039 0.0424658 0.0151546 0.00721495 0.00973277 0.0176858 0.0291707 0.0420289 0.0528772 0.0582933 0.0566942 0.0492684 0.0391469 0.0295116 0.0221167 0.0170787 0.0136193
 1.08375e-16 4.37905e-05 0.000425659 0.00282866 0.0128587 0.0400083 0.0852428 0.12442 0.124447 0.0853742 0.0404498 0.0141366 0.00604577 0.00747956 0.0135311 0.0225368 0.0330125 0.0426656 0.0491507 0.0513341 0.049854 0.0464534 0.0426824 0.0390643 0.0352429 0.0307117
 1.0992e-16 5.29096e-05 0.000514301 0.00341771 0.0155364 0.0483397 0.102994 0.150326 0.150346 0.103088 0.0486587 0.0164594 0.00574052 0.00560504 0.0097807 0.0162439 0.0237718 0.0307013 0.0353777 0.0370683 0.0363614 0.0346447 0.0330965 0.0320109 0.0308808 0.0289837
 1.04505e-16 6.6798e-05 0.0006493 0.00431483 0.0196146 0.0610283 0.130028 0.189782 0.189794 0.130088 0.0612306 0.0201992 0.00578382 0.00386158 0.00618385 0.0101612 0.0147364 0.0187595 0.0211116 0.0212953 0.0197244 0.017414 0.0153247 0.0138763 0.012921 0.0120512
 1.01271e-16 7.25197e-05 0.000704918 0.00468443 0.0212947 0.0662559 0.141165 0.206037 0.206047 0.141212 0.0664131 0.021749 0.00582473 0.00319421 0.00480018 0.00782113 0.0112605 0.0141628 0.0156083 0.0151759 0.0131911 0.0105019 0.00796878 0.00606347 0.00480953 0.00398141
 1.00918e-16 6.7363e-05 0.000654793 0.00435133 0.0197805 0.0615446 0.131128 0.191388 0.191404 0.131204 0.0618014 0.020522 0.0062121 0.00471497 0.00777275 0.0127284 0.0182938 0.0229295 0.0251133 0.0241412 0.0205435 0.0157284 0.0111503 0.00764623 0.00532165 0.00385737
 1.01442e-16 6.35986e-05 0.000618201 0.00410816 0.0186751 0.0581054 0.1238 0.180694 0.180712 0.12389 0.0584076 0.0195481 0.00629984 0.00540377 0.00915545 0.0150431 0.0216815 0.0272989 0.0301278 0.0293419 0.0255319 0.0202828 0.0152116 0.0112198 0.00839429 0.00638431
 1.02176e-16 6.15824e-05 0.000598603 0.00397793 0.0180831 0.0562633 0.119876 0.174966 0.174985 0.119971 0.056582 0.019004 0.00629063 0.00565076 0.00966673 0.01591 0.0229739 0.0290159 0.0321936 0.0316454 0.0279813 0.022831 0.0178345 0.0138721 0.0109832 0.00878265
 1.01742e-16 6.84052e-05 0.000664923 0.00441865 0.0200865 0.0624967 0.133156 0.194348 0.194361 0.133219 0.0627058 0.0206907 0.00593612 0.00398048 0.00637376 0.010451 0.0151002 0.0190964 0.0212366 0.0209604 0.0186675 0.0154186 0.0122728 0.00978616 0.00796395 0.00653999
 1.00285e-16 7.91782e-05 0.00076964 0.00511453 0.0232499 0.0723391 0.154126 0.224952 0.224956 0.154142 0.0723912 0.0234004 0.00549228 0.00159422 0.00164506 0.0025939 0.00372792 0.00468555 0.00515712 0.00500104 0.00432304 0.00340279 0.00252582 0.00185162 0.00139393 0.0010856
 1.00918e-16 3.69873e-05 0.00035953 0.00238921 0.010861 0.0337929 0.0720013 0.105099 0.10515 0.0722515 0.0346325 0.0132848 0.00846847 0.0136147 0.025164 0.0414193 0.0593726 0.0740515 0.0804136 0.0761335 0.0630203 0.0458692 0.0297037 0.0175216 0.00982462 0.00556438
 1.01017e-16 7.73169e-05 0.000751547 0.0049943 0.0227033 0.0706386 0.150503 0.219664 0.219667 0.150517 0.0706859 0.0228408 0.00534117 0.00151525 0.00154663 0.00248358 0.00368379 0.00486745 0.00579686 0.0063474 0.00655033 0.00652046 0.00633584 0.00598243 0.00540228 0.00458345
 1.01311e-16 5.46932e-05 0.000531638 0.00353292 0.0160602 0.0499693 0.106466 0.155397 0.155427 0.106615 0.0504705 0.0175071 0.00716213 0.00844519 0.0150575 0.0247373 0.0354684 0.0442658 0.0481311 0.0456929 0.0380454 0.0280551 0.018705 0.0117453 0.00741834 0.00503911
 1.03255e-16 5.76081e-05 0.000559972 0.00372121 0.0169161 0.0526323 0.11214 0.163675 0.163695 0.112238 0.0529636 0.0178739 0.00612969 0.00583143 0.010109 0.0167247 0.024326 0.0310834 0.0351466 0.0356199 0.0330293 0.0288483 0.024504 0.0206801 0.0173326 0.0141623
 1.02899e-16 6.57973e-05 0.000639573 0.00425019 0.0193208 0.0601141 0.12808 0.186939 0.186954 0.128149 0.0603457 0.0199901 0.00593186 0.00431583 0.00706293 0.0116126 0.0168172 0.0213502 0.0239042 0.0238777 0.0217145 0.0185625 0.0155372 0.0131762 0.011407 0.00988195
 1.0189e-16 6.68937e-05 0.000650231 0.00432101 0.0196427 0.0611158 0.130214 0.190055 0.190069 0.130287 0.061359 0.0203453 0.00608482 0.00450157 0.00738403 0.0121087 0.0174537 0.0219849 0.0242876 0.0237099 0.0207432 0.0166762 0.0128114 0.00985616 0.00784079 0.00643129
 1.04884e-16 3.12475e-05 0.000303737 0.00201844 0.00917558 0.0285489 0.0608283 0.088791 0.0888408 0.0610712 0.0293646 0.0115319 0.00793399 0.0132203 0.0245707 0.0405924 0.058521 0.0736911 0.0813514 0.0792899 0.0691239 0.0551531 0.0417475 0.0313199 0.0240524 0.0189267
 1.05083e-16 6.60385e-05 0.000641918 0.00426577 0.0193916 0.0603344 0.128549 0.187623 0.187631 0.128588 0.0604649 0.0197702 0.00522276 0.00275328 0.00414115 0.00691214 0.010349 0.0138465 0.0168125 0.0189429 0.0203228 0.0212071 0.0216872 0.0215618 0.0205131 0.0184024
 1.04406e-16 5.70426e-05 0.000554475 0.00368468 0.01675 0.0521157 0.111039 0.16207 0.162094 0.111158 0.0525138 0.0178997 0.00656998 0.00685165 0.0120127 0.0197605 0.0284441 0.0357462 0.0393581 0.0382478 0.0332925 0.0266973 0.0206723 0.0163868 0.0138058 0.0122186
 1.07087e-16 4.10884e-05 0.000399394 0.00265412 0.0120652 0.0375397 0.0799835 0.116745 0.11678 0.080153 0.0381092 0.0137116 0.00679164 0.00944816 0.0172747 0.0286197 0.0415177 0.0528227 0.0593316 0.0595372 0.0544619 0.0468332 0.0393146 0.0332126 0.0284229 0.0242289
 1.05291e-16 6.49867e-05 0.000631694 0.00419783 0.0190827 0.0593735 0.126502 0.184635 0.184646 0.126555 0.0595511 0.0195971 0.00549358 0.00347572 0.00551165 0.00912828 0.0134241 0.0174738 0.0203723 0.0216987 0.0217199 0.0211045 0.0203922 0.019669 0.0186561 0.0170431
 1.03575e-16 6.14481e-05 0.000597297 0.00396925 0.0180437 0.0561406 0.119614 0.174585 0.174604 0.119711 0.0564648 0.01898 0.00631975 0.0057287 0.0098079 0.0161206 0.0232268 0.0292365 0.0322733 0.0314907 0.0275807 0.0223044 0.0174264 0.01388 0.011647 0.0101861
 1.06908e-16 3.34265e-05 0.000324918 0.0021592 0.00981541 0.0305396 0.0650695 0.0949801 0.0950241 0.0652844 0.0312612 0.0119004 0.00739651 0.01177 0.0218046 0.0360857 0.0521918 0.0660748 0.0736088 0.0728653 0.0652106 0.0542744 0.0436719 0.0352869 0.0291188 0.0242475
 1.14122e-16 4.03726e-05 0.000392436 0.00260788 0.0118551 0.0368856 0.0785894 0.114708 0.11473 0.0786951 0.0372411 0.0128859 0.00521081 0.00612536 0.0110774 0.0186404 0.0277654 0.0368432 0.0442185 0.0490853 0.0518078 0.0533197 0.054147 0.0539407 0.0518563 0.0473315
 1.0488e-16 7.17429e-05 0.000697367 0.00463425 0.0210666 0.0655461 0.139653 0.203829 0.203836 0.139685 0.0656529 0.0213756 0.00541171 0.00240119 0.00332754 0.00544133 0.00796204 0.0102984 0.0119109 0.0125832 0.0125486 0.0123029 0.0122464 0.0124396 0.0126269 0.0124519
pSPR Fmed_Fpbrs
0.504894   0.239803 0.239803
Fs Fmed_Fpbrs
0.41834   1.005 1.005
SSBpbr Bo_Bmed_Bpbrs
1.43054e+06  650743  271520 271520
Ro
130614
SPR SPRFo_SPRFmed_SPRFpbrs
933618 471378 223884
Fref
1.005
Nvult_r0
 145081 11576 4681.22 4696.14 1430.69
CTP_r0
 29038.1 3050.43 1254.46 1259.58 383.752
YTP_r0
391293
Np
 164603 58238.3 4008.86 1603.19 2017.18
Nvult_p0
 134112 50205.4 3468.33 1387.29 1745.55
CTP_p0
 54571.7 24862 1737.37 695.35 874.948
YTP_p0
 902035
CBA_c0
544515
log_Ro
11.6
likeval ReclasPelacesDesembMPH_pf_preclas_ppelaces_ptallas_desvR_qrecl_qpela
 12.2726 16.9389 0.0287046 0.000822919 241.711 116.875 99.6567 0 24.3523 6.60376e-06 2.09765e-05 0.140448 0 0 0
q_reclas_q_pelaces
1.43929 1.9186
M
1
N
 165917 34977.5 80241.8 5684.99 0.210977
 91503.6 52215.5 10293.3 23492.3 1663.98
 91961.8 25224.5 12715 2482.71 6064.45
 134193 25468.2 6183.13 3087.6 2074.42
 108800 31956.5 5030.87 1203.93 1004.32
 208312 34609.3 9549.53 1496.15 656.547
 79087 59360.2 8836.76 2417.75 544.769
 32636 16061 9337.88 1363.03 456.467
 32768.7 10812 5086.57 2947.1 574.138
 44474.2 7905.45 2175.75 1009.4 698.241
 82812 8923.04 1222.24 329.703 258.483
 123636 26776.5 2729.51 372.281 179.114
 103298 27517.4 4801.82 481.407 97.1617
 72253.6 23771.9 5176.15 889.332 107.065
 64796.9 11661.3 2692.47 570.493 109.656
 351077 12951.7 1793.26 405.767 102.389
 67163.9 80940.2 2442.62 333.008 94.2852
 574417 18154.7 19163.8 572.458 100.086
 316630 159020 4447.7 4650.96 163.14
 252397 78269.3 33133.9 914.622 989.265
 344915 63833.6 16850.2 7045.3 404.548
 479614 94392.1 15383.2 4021.14 1776.9
 90847.9 121780 20436.6 3289.95 1239.18
 271820 26740.3 32568.5 5425.29 1201.86
 230672 81984.3 7405.25 8960.16 1822.59
 100517 69700.1 22763.2 2042.74 2973.38
 229058 31539.7 20424.6 6635.39 1461.75
 260108 69083.8 8733.83 5618.82 2226.73
 75156.1 81048.7 20043.4 2520.08 2263.09
 53389.8 23779.4 24034.8 5914.26 1410.99
 203320 15584.9 6284.41 6303.48 1920.35
pred_Ctot
 15352.9 4504.29 10550.6 748.321 0.0277728
 14842.5 11537.4 2318.48 5296.82 375.2
 14705 5498.38 2825.47 552.261 1349.07
 30986.5 7835.97 1936.11 967.714 650.196
 9417.34 3856.36 619.954 148.526 123.907
 30304.3 6894.32 1939.95 304.254 133.521
 23490.3 22976.6 3475.39 951.677 214.442
 2069.49 1429.7 849.275 124.109 41.5654
 7377.6 3249.63 1556.11 902.439 175.817
 13418.5 3103.32 867.718 402.901 278.713
 6404.67 964.784 134.978 36.4518 28.5794
 32147.3 9187.8 952.487 130.027 62.5623
 25394 8969.28 1592.3 159.782 32.2501
 27371 11401.3 2517.23 432.81 52.1071
 19643.8 4597.35 1078.36 228.68 43.9572
 86031.5 4209.27 592.923 134.286 33.8866
 11546.3 18896.6 581.185 79.3143 22.4576
 91961.2 3961.8 4263.3 127.483 22.2897
 67808.2 45625.9 1299.26 1359.93 47.7042
 51398.8 21427.4 9237.63 255.241 276.085
 57194.4 14402.4 3875.19 1621.92 93.137
 96786.5 25622.7 4252.71 1112.73 491.728
 11689.9 21569.4 3692.73 595.102 224.16
 31456.1 4276.41 5315.19 886.366 196.367
 26469.2 13004.5 1198.73 1452 295.37
 9467.08 9131.3 3044.78 273.537 398.178
 26512.6 5044.88 3333.92 1084.27 238.874
 25498.3 9409.22 1214.42 782.143 309.98
 6730.34 10109.9 2552.95 321.341 288.589
 7102.12 4348.25 4483.22 1104.35 263.485
 29038.1 3050.43 1254.46 1259.58 383.752
F
 0.156107 0.223207 0.228374 0.228652 0.228667
 0.288561 0.412595 0.422145 0.42266 0.422687
 0.283944 0.405993 0.415391 0.415897 0.415924
 0.4349 0.621837 0.636231 0.637007 0.637047
 0.145389 0.207883 0.212695 0.212954 0.212968
 0.255414 0.365201 0.373654 0.37411 0.374134
 0.594155 0.849545 0.869209 0.870269 0.870325
 0.10476 0.14979 0.153257 0.153444 0.153454
 0.421922 0.60328 0.617244 0.617997 0.618037
 0.606273 0.866872 0.886937 0.888019 0.888076
 0.129046 0.184515 0.188786 0.189017 0.189029
 0.502526 0.718531 0.735163 0.736059 0.736107
 0.469112 0.670754 0.68628 0.687117 0.687161
 0.823903 1.17805 1.20532 1.20679 1.20686
 0.61003 0.872244 0.892434 0.893522 0.89358
 0.467295 0.668156 0.683622 0.684455 0.684499
 0.308208 0.440687 0.450888 0.451438 0.451467
 0.284326 0.40654 0.41595 0.416457 0.416484
 0.397579 0.568474 0.581632 0.582341 0.582379
 0.374723 0.535794 0.548196 0.548864 0.5489
 0.295841 0.423004 0.432795 0.433323 0.433351
 0.370763 0.53013 0.542401 0.543063 0.543098
 0.223014 0.318874 0.326255 0.326653 0.326674
 0.198612 0.283983 0.290557 0.290911 0.29093
 0.196793 0.281383 0.287896 0.288247 0.288266
 0.159083 0.227462 0.232727 0.233011 0.233026
 0.198654 0.284043 0.290618 0.290972 0.290991
 0.166047 0.23742 0.242915 0.243212 0.243227
 0.150748 0.215545 0.220534 0.220803 0.220817
 0.231318 0.330747 0.338403 0.338816 0.338838
 0.250235 0.357796 0.366078 0.366524 0.366548
nmprior
 8.19 8.8 8.5 0
nm_flota  nm_reclas  nm_pelaces    nm_pelaL
inf 14.3964 18.1471 43.2962
cv_recla  cv_pelaces  cv_mph
0.316878 0.466675 0.885287
 ------------------------------------------------
Talla a la edad & desviaci?n 
 8 13.2811 15.8009 17.003 17.5766
 0.8 1.32811 1.58009 1.7003 1.75766
