years
 1991 1992 1993 1994 1995 1996 1997 1998 1999 2000 2001 2002 2003 2004 2005 2006 2007 2008 2009 2010 2011 2012 2013 2014 2015 2016 2017 2018 2019 2020 2021
reclasobs
 0 0 0 0 0 0 0 0 0 252601 567819 844713 477998 351125 339783 2.1784e+06 2.13404e+06 4.81314e+06 1.55562e+06 2.62356e+06 3.21686e+06 3.843e+06 1.13348e+06 3.07943e+06 1.97215e+06 2.03268e+06 2.025e+06 2.42433e+06 2.27542e+06 1.05018e+06 2.36338e+06
reclaspred
 1.04782e+06 968899 381579 118102 12605.9 479960 310694 67779.9 180183 89306.4 237603 535846 501161 185657 273795 579566 914777 971362 1.82243e+06 1.57963e+06 2.2847e+06 1.96226e+06 1.48978e+06 2.02276e+06 1.7175e+06 895070 1.02159e+06 1.89302e+06 2.3525e+06 974673 416717
pelacesobs
 0 0 0 0 0 0 0 0 0 0 0 0 0 0 0 552880 188675 0 991730 2.46772e+06 1.41603e+06 1.21717e+06 2.29649e+06 1.80582e+06 0 1.4828e+06 1.56532e+06 1.57751e+06 1.42118e+06 867257 1.10002e+06
pelacespred
 355214 398135 167921 34838.7 1566.81 211329 96588.7 26366.8 73817.2 24916.5 105979 211497 209350 68452.3 127911 224811 357215 368963 884992 750508 948227 925343 674224 1.02536e+06 882610 451058 562510 1.02458e+06 1.05817e+06 548029 194734
mphobs
 0 0 0 0 0 0 0 0 0 0 0 498337 0 5186 125008 0 168611 109162 213762 579715 649985 157893 87575 83554 0 0 0 0 0 0 0
mphpred
 407027 1.07814e+06 479849 119694 40907.1 1456.54 482293 94564 23278.4 150313 20833.3 325676 450060 242340 73029.6 240618 600197 786172 538651 1.86315e+06 1.15781e+06 1.70725e+06 1.56563e+06 889707 1.87006e+06 1.029e+06 466126 886615 2.23247e+06 1.27658e+06 447878
desembarqueobs
 494567 514787 250237 358949 120608 361735 552515 73892 212993 205616 52469 317467 293654 387597 252695 516296 358380 742168 942051 627588 828172 859565 418607 520667 417249 300574 415391 372974 316634 284311 391294
desembarquepred
 494852 523175 245869 357527 120676 361217 552091 73740.4 212902 205524 52467.9 317301 293906 385568 253208 515404 359076 740597 938738 626238 827516 858753 417725 519574 416709 299821 415387 373435 317037 284107 390047
Reclutas
 459334 3147.51 6078.05 82517.8 1521.34 293698 2207.98 376.182 67429.4 1405.28 138276 177608 71261.9 39318.7 103611 327297 152180 171003 1.037e+06 10022.8 512998 564502 2339.12 449801 110536 20829.8 294086 499201 15487 4076.49 66271.3
log_desv_Rt
 2.27918 -2.70398 -2.04591 0.562419 -3.431 1.83196 -3.05851 -4.82828 0.360487 -3.51036 1.07866 1.32898 0.415767 -0.178895 0.790045 1.94027 1.17447 1.29109 3.09349 -1.54574 2.38968 2.48535 -3.00082 2.25821 0.854744 -0.814211 1.83328 2.36241 -1.1106 -2.44536 0.343162
SSB
 407027 1.07814e+06 479849 119694 40907.1 1456.54 482293 94564 23278.4 150313 20833.3 325676 450060 242340 73029.6 240618 600197 786172 538651 1.86315e+06 1.15781e+06 1.70725e+06 1.56563e+06 889707 1.87006e+06 1.029e+06 466126 886615 2.23247e+06 1.27658e+06 447878
BT
 1.61495e+06 1.37816e+06 627789 458296 95217.1 1.29418e+06 715058 132394 517893 238721 509250 967544 853346 617761 792268 1.3032e+06 1.37075e+06 1.73079e+06 4.51953e+06 2.3458e+06 3.94812e+06 3.54931e+06 1.92806e+06 4.32399e+06 2.58566e+06 1.39441e+06 2.61057e+06 4.16713e+06 2.72044e+06 1.58488e+06 1.01126e+06
Ftot
 0.440664 0.492953 0.582004 2.28599 4.02558 0.698331 1.41094 0.935796 1.0667 1.72332 0.209846 0.544283 0.535806 1.64564 0.843076 0.807386 0.365933 0.686375 0.48068 0.367232 0.338962 0.406337 0.262611 0.242733 0.228243 0.31235 0.380947 0.187172 0.127887 0.272738 0.831467
BD_Bspro_t
 0.931922 0.715243 0.438238 0.194437 0.0806391 0.0048072 0.476147 0.136634 0.0566475 0.287174 0.0787596 0.656466 0.576738 0.370594 0.162764 0.379364 0.493393 0.521238 0.412177 0.643975 0.478036 0.57251 0.586811 0.503362 0.698436 0.62144 0.504997 0.670791 0.814568 0.716495 0.507129
BD_Bspro
 1.21102 3.20775 1.42769 0.356123 0.12171 0.00433361 1.43496 0.281354 0.0692598 0.447223 0.0619848 0.968976 1.33905 0.72103 0.217284 0.715906 1.78575 2.33908 1.60264 5.54338 3.44482 5.07953 4.6582 2.64713 5.56395 3.06157 1.38686 2.63793 6.64222 3.79819 1.33256
BD_Bo
 0.241972 0.640935 0.285263 0.0711562 0.0243186 0.00086589 0.286716 0.0562169 0.0138387 0.0893587 0.0123851 0.193609 0.267554 0.144068 0.043415 0.143044 0.356808 0.467368 0.32022 1.10761 0.688303 1.01493 0.930746 0.528918 1.11172 0.611727 0.277105 0.527079 1.32717 0.758908 0.266257
BD_Brms
 1.02716 2.72076 1.21094 0.302056 0.103232 0.00367568 1.2171 0.238639 0.0587449 0.379326 0.0525743 0.821867 1.13576 0.611564 0.184296 0.607218 1.51464 1.98397 1.35933 4.70179 2.92183 4.30836 3.951 2.24524 4.71924 2.59677 1.17631 2.23744 5.6338 3.22155 1.13026
Sel_flota
 0.5 1 1 1 1
 0.5 1 1 1 1
 0.5 1 1 1 1
 0.5 1 1 1 1
 0.5 1 1 1 1
 0.5 1 1 1 1
 0.5 1 1 1 1
 0.5 1 1 1 1
 0.5 1 1 1 1
 0.5 1 1 1 1
 0.5 1 1 1 1
 0.5 1 1 1 1
 0.5 1 1 1 1
 0.5 1 1 1 1
 0.5 1 1 1 1
 0.5 1 1 1 1
 0.5 1 1 1 1
 0.5 1 1 1 1
 0.5 1 1 1 1
 0.5 1 1 1 1
 0.5 1 1 1 1
 0.5 1 1 1 1
 0.5 1 1 1 1
 0.5 1 1 1 1
 0.5 1 1 1 1
 0.5 1 1 1 1
 0.5 1 1 1 1
 0.5 1 1 1 1
 0.5 1 1 1 1
 0.5 1 1 1 1
 0.5 1 1 1 1
Sel_reclas
 0.5 1 1 1 1
 0.5 1 1 1 1
 0.5 1 1 1 1
 0.5 1 1 1 1
 0.5 1 1 1 1
 0.5 1 1 1 1
 0.5 1 1 1 1
 0.5 1 1 1 1
 0.5 1 1 1 1
 0.5 1 1 1 1
 0.5 1 1 1 1
 0.5 1 1 1 1
 0.5 1 1 1 1
 0.5 1 1 1 1
 0.5 1 1 1 1
 0.5 1 1 1 1
 0.5 1 1 1 1
 0.5 1 1 1 1
 0.5 1 1 1 1
 0.5 1 1 1 1
 0.5 1 1 1 1
 0.5 1 1 1 1
 0.5 1 1 1 1
 0.5 1 1 1 1
 0.5 1 1 1 1
 0.5 1 1 1 1
 0.5 1 1 1 1
 0.5 1 1 1 1
 0.5 1 1 1 1
 0.5 1 1 1 1
 0.5 1 1 1 1
Sel_pelaces
 0.5 1 1 1 1
 0.5 1 1 1 1
 0.5 1 1 1 1
 0.5 1 1 1 1
 0.5 1 1 1 1
 0.5 1 1 1 1
 0.5 1 1 1 1
 0.5 1 1 1 1
 0.5 1 1 1 1
 0.5 1 1 1 1
 0.5 1 1 1 1
 0.5 1 1 1 1
 0.5 1 1 1 1
 0.5 1 1 1 1
 0.5 1 1 1 1
 0.5 1 1 1 1
 0.5 1 1 1 1
 0.5 1 1 1 1
 0.5 1 1 1 1
 0.5 1 1 1 1
 0.5 1 1 1 1
 0.5 1 1 1 1
 0.5 1 1 1 1
 0.5 1 1 1 1
 0.5 1 1 1 1
 0.5 1 1 1 1
 0.5 1 1 1 1
 0.5 1 1 1 1
 0.5 1 1 1 1
 0.5 1 1 1 1
 0.5 1 1 1 1
pf_obs 
 0.8446 0.082 0.0669 0.0065 0
 0.8095 0.147 0.0364 0.0071 0
 0.9664 0.0169 0.016 0.0007 0
 0.9276 0.0648 0.0075 0.0001 0
 0.7033 0.2144 0.0806 0.0017 0
 0.9318 0.0425 0.0243 0.0014 0
 0.5671 0.3108 0.0964 0.0239 0.0018
 0.0768 0.2599 0.5324 0.112 0.0189
 0.490249 0.384438 0.106611 0.0170017 0.00170017
 0.7925 0.1577 0.0466 0.003 0.0002
 0.840416 0.127587 0.0312969 0.00059994 9.999e-05
 0.8084 0.0986 0.0794 0.0134 0.0002
 0.7335 0.1905 0.0724 0.0035 0.0001
 0.4001 0.4547 0.1325 0.0127 0
 0.49795 0.308269 0.164784 0.0264974 0.00249975
 0.9179 0.0499 0.0305 0.0017 0
 0.2467 0.6533 0.0926 0.0074 0
 0.9418 0.0223 0.034 0.0019 0
 0.707729 0.231977 0.0356964 0.0245975 0
 0.517169 0.277429 0.184464 0.0207286 0.00020938
 0.811772 0.124168 0.05621 0.00726502 0.000585176
 0.764997 0.148141 0.077277 0.00933861 0.000247198
 0.163321 0.427699 0.378323 0.0303852 0.000271297
 0.753843 0.0900009 0.118128 0.0371064 0.000921714
 0.721811 0.176058 0.0630433 0.0369309 0.00215725
 0.143369 0.312575 0.442814 0.0836902 0.0175525
 0.692698 0.0596174 0.167031 0.0765114 0.00414204
 0.394062 0.376323 0.152708 0.0712218 0.00568511
 0.125707 0.32114 0.495352 0.0537591 0.00404204
 0.23352 0.215282 0.420074 0.123614 0.00750983
 0.774587 0.0839891 0.0768558 0.0609784 0.00358967
pf_pred 
 0.8843 0.0731365 0.0269054 0.00989794 0.00576037
 0.0119421 0.934581 0.0338041 0.0124358 0.00723737
 0.0930884 0.0247873 0.83438 0.0301798 0.017564
 0.872499 0.0251376 0.00279775 0.0941767 0.00538885
 0.108327 0.863389 0.00557636 0.000620634 0.022087
 0.999163 0.000445937 0.000379104 2.44852e-06 9.97065e-06
 0.0180728 0.981596 0.00017627 0.000149852 4.90906e-06
 0.0298876 0.0537446 0.916059 0.000164501 0.000144429
 0.973013 0.00206706 0.0013806 0.0235318 7.93584e-06
 0.0594653 0.931365 0.000702325 0.000469087 0.00799812
 0.983864 0.00297842 0.0130297 9.82542e-06 0.000118455
 0.681262 0.316301 0.000449819 0.00196782 1.93737e-05
 0.398625 0.502001 0.098614 0.000140241 0.000619552
 0.439123 0.341988 0.182719 0.0358936 0.00027655
 0.874525 0.0917629 0.0205558 0.0109827 0.00217408
 0.878161 0.115487 0.00464532 0.0010406 0.000666035
 0.491219 0.482792 0.024634 0.000990869 0.000364033
 0.587903 0.281537 0.123891 0.00632144 0.000347688
 0.908616 0.0712182 0.0137767 0.00606249 0.000326346
 0.0169275 0.942155 0.0318883 0.00616859 0.00286063
 0.768137 0.00859011 0.213979 0.00724239 0.00205069
 0.628162 0.327239 0.00165232 0.0411593 0.00178754
 0.00573311 0.788037 0.181494 0.000916415 0.0238193
 0.79407 0.00253701 0.161206 0.0371275 0.00506008
 0.26058 0.659834 0.000980481 0.0623012 0.0163043
 0.116137 0.38006 0.449577 0.00066805 0.0535578
 0.844182 0.0348998 0.0519946 0.0615049 0.00741843
 0.728199 0.251143 0.0046269 0.00689327 0.00913764
 0.0388317 0.816938 0.133268 0.00245525 0.00850676
 0.0302428 0.0750691 0.760434 0.124051 0.0102038
 0.651843 0.022067 0.0252427 0.255703 0.0451444
pobs_RECLAS
 0 0 0 0 0
 0 0 0 0 0
 0 0 0 0 0
 0 0 0 0 0
 0 0 0 0 0
 0 0 0 0 0
 0 0 0 0 0
 0 0 0 0 0
 0 0 0 0 0
 0 0 0 0 0
 0.991045 0.00858322 0.000360255 1.14367e-05 0
 0.934742 0.0480273 0.0164251 0.00080598 0
 0.827803 0.169806 0.00239088 0 0
 0.941827 0.0461693 0.0120037 0 0
 0.791401 0.0380133 0.147996 0.0225897 0
 0.846168 0.0940531 0.0597789 0 0
 0.134021 0.677848 0.182769 0.00536245 0
 0.80878 0.0450904 0.141981 0.00414843 0
 0.846168 0.0940531 0.0597789 0 0
 0.905697 0.0802665 0.012482 0.00150086 5.37128e-05
 0.989698 0.0102097 9.19794e-05 0 0
 0.975433 0.0193895 0.00387452 0.00125025 5.28907e-05
 0.303575 0.632131 0.0575291 0.00676475 0
 0.966965 0.00978017 0.0227588 0.000495775 0
 0.843318 0.132988 0.00938335 0.0141283 0.000182051
 0.564624 0.303363 0.111486 0.0197234 0.00080311
 0.826376 0.0876187 0.0782897 0.00655872 0.00115652
 0.89761 0.0855135 0.0140674 0.00269457 0.000114338
 0.34875 0.467042 0.161289 0.0227151 0.000203297
 0.318654 0.224769 0.449479 0.00709798 0
 0.937255 0.0296025 0.0250945 0.00804832 0
ppred_RECLAS
 0.886706 0.0716155 0.0263459 0.0096921 0.00564058
 0.0122684 0.934272 0.0337929 0.0124317 0.00723498
 0.0959713 0.0247085 0.831728 0.0300839 0.0175081
 0.896035 0.0204974 0.0022813 0.0767923 0.00439411
 0.172301 0.801445 0.00517628 0.000576106 0.0205023
 0.999198 0.000427315 0.000363273 2.34627e-06 9.55428e-06
 0.0201923 0.979477 0.00017589 0.000149529 4.89846e-06
 0.031779 0.0536399 0.914273 0.000164181 0.000144147
 0.974936 0.00191973 0.0012822 0.0218546 7.37021e-06
 0.0685225 0.922396 0.000695562 0.00046457 0.0079211
 0.98402 0.00294954 0.0129033 9.73017e-06 0.000117307
 0.687938 0.309676 0.000440398 0.0019266 1.89679e-05
 0.405913 0.495918 0.097419 0.000138542 0.000612044
 0.474218 0.320589 0.171286 0.0336477 0.000259246
 0.880427 0.0874462 0.0195889 0.010466 0.0020718
 0.883595 0.110336 0.00443813 0.000994188 0.000636329
 0.495949 0.478304 0.024405 0.000981658 0.000360649
 0.597975 0.274656 0.120863 0.00616693 0.00033919
 0.910788 0.0695258 0.0134493 0.00591842 0.000318591
 0.0172467 0.941849 0.031878 0.00616659 0.00285971
 0.771198 0.00847672 0.211155 0.00714679 0.00202362
 0.633166 0.322835 0.00163009 0.0406054 0.00176348
 0.0058065 0.787979 0.181481 0.000916347 0.0238175
 0.795974 0.00251355 0.159715 0.0367842 0.00501329
 0.262684 0.657956 0.000977691 0.062124 0.0162579
 0.117755 0.379364 0.448754 0.000666827 0.0534597
 0.846777 0.0343186 0.0511286 0.0604806 0.00729488
 0.729919 0.249554 0.00459763 0.00684966 0.00907982
 0.039046 0.816756 0.133239 0.00245471 0.00850486
 0.0306373 0.0750385 0.760124 0.124 0.0101997
 0.663971 0.0212983 0.0243634 0.246796 0.0435718
pobs_PELACES
 0 0 0 0 0
 0 0 0 0 0
 0 0 0 0 0
 0 0 0 0 0
 0 0 0 0 0
 0 0 0 0 0
 0 0 0 0 0
 0 0 0 0 0
 0 0 0 0 0
 0 0 0 0 0
 0 0 0 0 0
 0 0 0 0 0
 0 0 0 0 0
 0 0 0 0 0
 0 0 0 0 0
 0 0 0 0 0
 0.505614 0.472636 0.0217494 0 0
 0 0 0 0 0
 0.443492 0.261883 0.143347 0.151278 0
 0.227955 0.32914 0.350689 0.0885471 0.00366901
 0.970185 0.0296113 0.000203453 0 0
 0.997202 0.00247181 0.000326279 0 0
 0.445219 0.490057 0.0546422 0.010081 0
 0.90214 0.0892962 0.00764917 0.000914606 0
 0 0 0 0 0
 0.581667 0.319106 0.0959925 0.00289975 0.000334073
 0.762889 0.0836404 0.116647 0.0363945 0.000428098
 0.88444 0.0763242 0.0277011 0.0115352 0
 0.521256 0.241999 0.230069 0.00667565 0
 0.616807 0.101726 0.260614 0.0208532 0
 0.833518 0.0704572 0.0857862 0.0102388 0
ppred_PELACES
 0.893807 0.0671265 0.0246944 0.00908458 0.00528701
 0.0132941 0.933302 0.0337579 0.0124188 0.00722746
 0.104632 0.0244718 0.82376 0.0297957 0.0173404
 0.926294 0.0145315 0.00161732 0.0544416 0.00311518
 0.287985 0.689429 0.00445281 0.000495586 0.0176368
 0.999285 0.000380842 0.000323765 2.0911e-06 8.51519e-06
 0.0253512 0.97432 0.000174964 0.000148742 4.87267e-06
 0.0368892 0.0533568 0.909447 0.000163314 0.000143386
 0.978896 0.00161645 0.00107964 0.018402 6.20586e-06
 0.0890523 0.902067 0.000680232 0.000454331 0.00774652
 0.984556 0.00285072 0.012471 9.40415e-06 0.000113376
 0.706885 0.290874 0.000413659 0.00180963 1.78163e-05
 0.427397 0.477984 0.093896 0.000133532 0.000589911
 0.541978 0.279273 0.149211 0.0293113 0.000225836
 0.894314 0.0772902 0.0173138 0.00925049 0.00183118
 0.896613 0.0979973 0.00394181 0.000883007 0.000565167
 0.511042 0.463982 0.0236742 0.000952264 0.00034985
 0.624873 0.256279 0.112777 0.00575432 0.000316495
 0.917026 0.0646644 0.0125089 0.00550459 0.000296314
 0.0183043 0.940835 0.0318437 0.00615995 0.00285663
 0.780917 0.00811666 0.202186 0.00684322 0.00193766
 0.648595 0.309257 0.00156152 0.0388976 0.00168931
 0.00606207 0.787776 0.181434 0.000916112 0.0238114
 0.802401 0.00243437 0.154684 0.0356254 0.00485536
 0.270043 0.651389 0.000967933 0.0615039 0.0160956
 0.123215 0.377016 0.445977 0.0006627 0.0531289
 0.854756 0.0325315 0.0484662 0.0573312 0.00691501
 0.735964 0.243969 0.00449472 0.00669635 0.0088766
 0.0398455 0.816076 0.133128 0.00245266 0.00849778
 0.0320024 0.0749329 0.759054 0.123826 0.0101853
 0.693861 0.0194038 0.0221962 0.224843 0.039696
pobs_pel_tallas
 0 0 0 0 0 0 0 0 0 0 0 0 0 0 0 0 0 0 0 0 0 0 0 0 0 0
 0 0 0 0 0 0 0 0 0 0 0 0 0 0 0 0 0 0 0 0 0 0 0 0 0 0
 0 0 0 0 0 0 0 0 0 0 0 0 0 0 0 0 0 0 0 0 0 0 0 0 0 0
 0 0 0 0 0 0 0 0 0 0 0 0 0 0 0 0 0 0 0 0 0 0 0 0 0 0
 0 0 0 0 0 0 0 0 0 0 0 0 0 0 0 0 0 0 0 0 0 0 0 0 0 0
 0 0 0 0 0 0 0 0 0 0 0 0 0 0 0 0 0 0 0 0 0 0 0 0 0 0
 0 0 0 0 0 0 0 0 0 0 0 0 0 0 0 0 0 0 0 0 0 0 0 0 0 0
 0 0 0 0 0 0 0 0 0 0 0 0 0 0 0 0 0 0 0 0 0 0 0 0 0 0
 0 0 0 0 0 0 0 0 0 0 0 0 0 0 0 0 0 0 0 0 0 0 0 0 0 0
 0 0 0 0 0 0 0 0 0 0 0 0 0 0 0 0 0 0 0 0 0 0 0 0 0 0
 0 0 0 0 0 0 0 0 0 0 0 0 0 0 0 0 0 0 0 0 0 0 0 0 0 0
 0 0 0 0 0 0 0 0 0 0 0 0 0 0 0 0 0 0 0 0 0 0 0 0 0 0
 0.00862536 0 0 0.000197151 0.00414017 0.0128641 0.00837892 0.0270097 0.101434 0.158115 0.152841 0.127902 0.109271 0.109419 0.0830992 0.0579132 0.0238553 0.00714673 0.00463305 0.00128148 0.00103504 0.000492878 0.000147863 0.000147863 4.92878e-05 0
 0 0 0 0 0 0 0 0 0 0 0 0 0 0 0 0 0 0 0 0 0 0 0 0 0 0
 0 0 0 0 0 0 0 0.0054083 0.00873648 0.0413646 0.0450493 0.0745869 0.0622846 0.0627006 0.0613931 0.0827291 0.12552 0.122667 0.0946155 0.0697135 0.0546179 0.0294188 0.0215738 0.0213955 0.0102223 0.00600262
 0 0 0 0 0.00359764 0.0251062 0.0480494 0.140153 0.205849 0.193036 0.1447 0.116669 0.0760912 0.0342217 0.00950174 0.001854 0.000860785 0 0 0 0.000165536 0 0.000143464 0 0 0
 0 0 0 0 0 0 0 0.000145254 0.000435761 0.0275982 0.070085 0.0708112 0.156366 0.174668 0.174014 0.160142 0.0824315 0.0480064 0.0283245 0.00493863 0.00203355 0 0 0 0 0
 0 0 0 0 0 0 0 0 0 0 0 0 0 0 0 0 0 0 0 0 0 0 0 0 0 0
 0 0 1.00437e-05 0.000401748 0.00122533 0.00171747 0.00176769 0.0269171 0.070346 0.194647 0.189555 0.159765 0.064822 0.0314167 0.0384472 0.0292271 0.0345202 0.0313363 0.0194345 0.0106764 0.0143323 0.0359363 0.0279516 0.0138201 0.00172751 0
 0 0.0021121 0.0136068 0.0755702 0.200478 0.177729 0.0527432 0.0373336 0.0318909 0.0142505 0.0149659 0.0166563 0.0217959 0.0798694 0.0677717 0.0528807 0.04013 0.0224614 0.0357745 0.0225083 0.00881397 0.00855152 0.00135912 0.000746735 0 0
 0 0 0 0 5.4009e-05 0.00500934 0.000945158 0.0243581 0.138947 0.33067 0.221406 0.137944 0.0707744 0.0437923 0.0131692 0.00525238 0.0047753 0.00276346 9.45158e-05 9.00151e-06 2.25038e-05 9.00151e-06 4.50075e-06 0 0 0
 0.000866109 0.00284123 0.00948549 0.0512746 0.133035 0.25785 0.225252 0.132002 0.0553304 0.0519788 0.0540692 0.017754 0.00435017 0.00159236 0.00146478 0.000404838 0.000125132 0.000115318 0.000107957 0.000100596 0 0 0 0 0 0
 0 0 0 0 0.00144013 0.00171154 0.00461396 0.0210425 0.0478622 0.0707936 0.0888783 0.103762 0.0637923 0.0337046 0.0602308 0.124433 0.169614 0.0934646 0.0462172 0.0250306 0.0313229 0.00938855 0.002487 0.000210481 0 0
 0 0.00764035 0.051015 0.0998891 0.058973 0.0496711 0.0374665 0.0718981 0.12319 0.153886 0.159021 0.0857701 0.0377988 0.023471 0.0147837 0.00900784 0.00315554 0.000888139 0.00291439 0.00214683 0.00393193 0.00274676 0.000635225 9.99891e-05 0 0
 0 0 0 0 0 0 0 0 0 0 0 0 0 0 0 0 0 0 0 0 0 0 0 0 0 0
 0 0 0 0 0 0 0 0 0 0 0 0 0 0 0 0 0 0 0 0 0 0 0 0 0 0
 0 0 0 0 0 0 0 0 0 0 0 0 0 0 0 0 0 0 0 0 0 0 0 0 0 0
 0 0 0 0 0 0 0 0 0 0 0 0 0 0 0 0 0 0 0 0 0 0 0 0 0 0
 0 0 0 0 0 0 0 0 0 0 0 0 0 0 0 0 0 0 0 0 0 0 0 0 0 0
 0 0 0 0 0 0 0 0 0 0 0 0 0 0 0 0 0 0 0 0 0 0 0 0 0 0
 0 0 0 0 0 0 0 0 0 0 0 0 0 0 0 0 0 0 0 0 0 0 0 0 0 0
ppred_pel_tallas
 1.02536e-16 7.36218e-05 0.00071563 0.00475561 0.0216183 0.0672627 0.14331 0.209167 0.209174 0.143342 0.0673694 0.0219269 0.00553151 0.00241391 0.00331229 0.00539466 0.00784791 0.0100479 0.011413 0.0116818 0.0110566 0.0100382 0.00908775 0.00838606 0.00783662 0.00723632
 1.03682e-16 1.09521e-06 1.06459e-05 7.07504e-05 0.000321676 0.00100134 0.00213677 0.0031375 0.0032273 0.00257547 0.00247388 0.00457285 0.0107341 0.0232633 0.0440872 0.0726872 0.10425 0.130134 0.141538 0.134417 0.111958 0.0825531 0.0549495 0.0343037 0.0213757 0.0142194
 1.29701e-16 8.61844e-06 8.37743e-05 0.00055671 0.00253072 0.00787404 0.0167766 0.0244867 0.0244903 0.016795 0.00793944 0.00273591 0.00113312 0.00154483 0.00337634 0.00711103 0.0138272 0.0248345 0.0411932 0.0629589 0.0883721 0.113547 0.133205 0.142457 0.138822 0.123341
 1.06038e-16 7.62976e-05 0.00074164 0.00492846 0.0224041 0.0697074 0.148519 0.216768 0.21677 0.148526 0.0697308 0.0224719 0.00510009 0.00112072 0.000810289 0.00125896 0.00190991 0.00264439 0.00342837 0.0043203 0.00546366 0.00699282 0.00889807 0.010945 0.0127141 0.0137503
 1.0334e-16 2.37211e-05 0.000230578 0.00153227 0.00696554 0.0216727 0.0461785 0.0674127 0.067479 0.0465024 0.0227598 0.0101035 0.00940184 0.017386 0.0325349 0.0535662 0.076735 0.0956052 0.103647 0.0978801 0.0807245 0.0585038 0.0378368 0.0226621 0.013581 0.00907487
 1.00012e-16 8.23098e-05 0.00080008 0.00531681 0.0241695 0.0752002 0.160222 0.233849 0.233849 0.160222 0.0752008 0.0241712 0.00532128 0.000809885 0.000101121 3.73764e-05 4.69257e-05 6.10276e-05 7.15693e-05 7.66784e-05 7.69277e-05 7.41917e-05 7.00013e-05 6.46481e-05 5.76123e-05 4.86219e-05
 1.0027e-16 2.08835e-06 2.02996e-05 0.000134902 0.000613304 0.00190872 0.00407019 0.0059602 0.00605389 0.00452784 0.00344472 0.00504689 0.0112528 0.0242542 0.0459189 0.0756275 0.108281 0.134771 0.145819 0.137155 0.112151 0.0797288 0.0492842 0.0264993 0.0124053 0.0050694
 1.26299e-16 3.03853e-06 2.95356e-05 0.000196275 0.00089224 0.00277612 0.00591506 0.00863455 0.00864109 0.00594764 0.00288951 0.0012374 0.00112912 0.00228517 0.004927 0.00980298 0.0179738 0.0305811 0.0484521 0.0714204 0.0975335 0.122705 0.141447 0.148754 0.142284 0.123542
 1.01879e-16 8.06303e-05 0.000783756 0.00520833 0.0236763 0.0736658 0.156953 0.229077 0.229077 0.156954 0.0736685 0.0236843 0.00522887 0.000830293 0.000174329 0.000175573 0.000283264 0.000444101 0.000673667 0.00100366 0.0014673 0.00207524 0.00278892 0.00350998 0.00409853 0.00441745
 1.01607e-16 7.33531e-06 7.13019e-05 0.00047383 0.00215402 0.00670241 0.0142834 0.0208652 0.020952 0.0147071 0.00812456 0.00625901 0.0107679 0.02251 0.0425245 0.0700334 0.100284 0.124849 0.135151 0.127256 0.104305 0.0745672 0.0467396 0.0260535 0.0134098 0.00694926
 1.00381e-16 8.10965e-05 0.000788287 0.00523845 0.0238132 0.0740917 0.15786 0.230402 0.230402 0.157862 0.0740966 0.0238276 0.00527542 0.000871945 0.000248541 0.000304761 0.000482626 0.000713335 0.00098335 0.00128112 0.00158749 0.00186603 0.00206191 0.00211845 0.00200504 0.00173705
 1.00271e-16 5.82252e-05 0.00056597 0.00376107 0.0170973 0.0531962 0.113341 0.165431 0.165459 0.113478 0.0536548 0.018421 0.00708051 0.00780163 0.0137686 0.0225878 0.0323398 0.0402623 0.0435858 0.0410394 0.0336313 0.0240235 0.0150143 0.00828816 0.00413841 0.0019756
 1.02946e-16 3.52042e-05 0.000342198 0.00227403 0.0103374 0.0321638 0.0685301 0.100031 0.100077 0.0687553 0.0329203 0.012523 0.00776172 0.0123268 0.02281 0.0376887 0.0543652 0.0685138 0.0757196 0.0738964 0.0644789 0.051373 0.0385692 0.0283046 0.0208335 0.0153685
 1.07356e-16 4.46421e-05 0.000433937 0.00288367 0.0131087 0.0407863 0.0869006 0.12684 0.126867 0.087033 0.0412316 0.0143972 0.0061263 0.00754082 0.0136245 0.0226692 0.0331546 0.0427431 0.0490463 0.0509137 0.0490095 0.0451429 0.0409481 0.0370197 0.0330384 0.0284967
 1.01758e-16 7.36635e-05 0.000716036 0.00475831 0.0216306 0.0673008 0.143392 0.209286 0.209293 0.143428 0.0674233 0.0219845 0.00564738 0.00265904 0.00377021 0.00613348 0.00886949 0.0112423 0.0125572 0.0125001 0.0113176 0.0096343 0.00805779 0.00688108 0.00605894 0.00538437
 1.00324e-16 7.38528e-05 0.000717876 0.00477054 0.0216862 0.0674738 0.14376 0.209824 0.209834 0.143806 0.0676284 0.0221326 0.00589029 0.00315967 0.00470354 0.00763874 0.0109491 0.0136685 0.0148676 0.0141202 0.0117588 0.00866225 0.00574746 0.00355645 0.00217242 0.00139651
 1.00957e-16 4.20939e-05 0.000409168 0.00271907 0.0123605 0.0384584 0.0819413 0.119605 0.11965 0.0821595 0.0391906 0.0144745 0.00802203 0.011974 0.0219716 0.0361666 0.0518824 0.0647927 0.0705135 0.0670159 0.055852 0.0411523 0.0272338 0.0166584 0.00984602 0.00590858
 1.03951e-16 5.147e-05 0.000500307 0.00332472 0.0151137 0.0470245 0.100192 0.146238 0.146262 0.100313 0.0474322 0.0162927 0.00628981 0.0069914 0.0124325 0.02061 0.0300032 0.038387 0.0434945 0.0442237 0.0412064 0.0362231 0.0309868 0.0263007 0.0220939 0.018013
 1.0098e-16 7.55342e-05 0.000734219 0.00487915 0.0221799 0.0690099 0.147033 0.2146 0.214607 0.147064 0.0691123 0.0224757 0.00562201 0.00235696 0.00316061 0.00511404 0.00737974 0.00932309 0.0103528 0.0101985 0.00906431 0.00748034 0.00597374 0.00481734 0.00400332 0.00338242
 1.02261e-16 1.5079e-06 1.46574e-05 9.74081e-05 0.000442858 0.00137838 0.00294014 0.00431019 0.0044007 0.00338234 0.00286268 0.00472785 0.0108452 0.0234502 0.0444304 0.0732415 0.105017 0.13103 0.142385 0.134978 0.112009 0.0819389 0.0536162 0.0323007 0.0188409 0.011357
 1.06851e-16 6.43231e-05 0.000625243 0.00415496 0.0188879 0.0587671 0.12521 0.182747 0.182748 0.125215 0.0587865 0.0189478 0.00432035 0.00103581 0.000988848 0.00190955 0.00361885 0.00636572 0.0103817 0.0156649 0.021784 0.0278003 0.0324401 0.0345253 0.0334679 0.0295425
 1.04311e-16 5.3424e-05 0.0005193 0.00345093 0.0156875 0.0488097 0.103995 0.15179 0.15182 0.104141 0.0492975 0.017096 0.00698408 0.00822418 0.0146635 0.0240996 0.0345827 0.0432351 0.0471862 0.0451668 0.0383111 0.0294492 0.0214543 0.0159018 0.012811 0.0112698
 1.09559e-16 4.9949e-07 4.85529e-06 3.22688e-05 0.000146736 0.000456958 0.000976406 0.00144103 0.00151706 0.00134796 0.00170482 0.00375228 0.00908748 0.0197883 0.0376186 0.0623087 0.0900297 0.113771 0.12634 0.124352 0.110168 0.0901335 0.0706457 0.0551616 0.0438776 0.035336
 1.08859e-16 6.60927e-05 0.000642445 0.00426927 0.0194075 0.0603839 0.128654 0.187775 0.187775 0.128657 0.060393 0.0194371 0.00435573 0.000871857 0.000621344 0.00123572 0.0025069 0.00469083 0.00806186 0.0127069 0.0183412 0.0242203 0.0292556 0.0323456 0.0327858 0.0305397
 1.09087e-16 2.22432e-05 0.000216212 0.00143681 0.00653157 0.0203225 0.0433015 0.0632129 0.0632756 0.0436076 0.0213499 0.00949775 0.00887665 0.016439 0.0307793 0.0507148 0.0727517 0.0908832 0.0990478 0.0945575 0.0798047 0.0607836 0.0436131 0.0316989 0.0251612 0.0221139
 1.22024e-16 1.01492e-05 9.86535e-05 0.000655589 0.00298024 0.00927282 0.0197581 0.0288452 0.0288822 0.0199389 0.00988177 0.00474689 0.00511949 0.00994045 0.0189855 0.0321107 0.0479764 0.0639129 0.0770742 0.085963 0.0909688 0.0933985 0.0939411 0.0920221 0.0865184 0.0769981
 1.08327e-16 7.04051e-05 0.000684363 0.00454783 0.0206738 0.0643238 0.137049 0.200028 0.200031 0.137065 0.0643772 0.020829 0.00494202 0.00156044 0.00178094 0.00295815 0.0045567 0.00638675 0.00832371 0.0103654 0.0126216 0.015163 0.0178369 0.0202123 0.0217191 0.0218947
 1.02366e-16 6.06204e-05 0.000589252 0.00391579 0.0178006 0.0553844 0.118003 0.172234 0.172258 0.118118 0.0557693 0.0189116 0.00670238 0.00666533 0.0115796 0.0189941 0.027233 0.0339936 0.0369829 0.0351663 0.0294103 0.0219432 0.0150714 0.0101274 0.00725003 0.00583578
 1.05735e-16 3.28219e-06 3.19042e-05 0.000212018 0.000963852 0.00299932 0.00639329 0.00934768 0.00942635 0.00677772 0.00429019 0.00469253 0.00957225 0.0204677 0.0388209 0.0641881 0.0924937 0.11636 0.128228 0.124557 0.107882 0.0850235 0.0629671 0.0456557 0.0335304 0.0251158
 1.36066e-16 2.63601e-06 2.5623e-05 0.000170274 0.000774047 0.00240839 0.00513164 0.00749152 0.00749994 0.00517336 0.00255195 0.00120408 0.00130779 0.00270121 0.0056484 0.010808 0.0190103 0.0310979 0.0477188 0.0688854 0.0933012 0.117861 0.137961 0.148887 0.147722 0.134657
 1.29912e-16 5.71524e-05 0.000555542 0.00369177 0.0167823 0.0522158 0.111251 0.162375 0.162377 0.111261 0.052249 0.01688 0.00394417 0.00113145 0.00122888 0.00216057 0.00366468 0.00589296 0.00917494 0.013993 0.0208295 0.0298388 0.0404855 0.0513911 0.0605662 0.0660019
pSPR Fmed_Fpbrs
0.463213   0.285572 0.285572
Fs Fmed_Fpbrs
0.547492   1.005 1.005
SSBpbr Bo_Bmed_Bpbrs
1.68213e+06  695077  396263 396263
Ro
47021
SPR SPRFo_SPRFmed_SPRFpbrs
336103 155687 95981.7
Fref
1.005
Nvult_r0
 50184.1 1098.89 1257.03 12733.4 2248.09
CTP_r0
 14736.7 498.884 570.679 5780.85 1020.61
YTP_r0
390047
Np
 144355 16087.2 209.59 239.752 2817.66
Nvult_p0
 112226 13920.9 181.367 207.467 2438.23
CTP_p0
 37533.1 6977.8 90.9096 103.992 1222.16
YTP_p0
 441477
CBA_c0
405476
log_Ro
10.5784
likeval ReclasPelacesDesembMPH_pf_preclas_ppelaces_ptallas_desvR_qrecl_qpela
 71.536 59.1716 3.44079 0.00214438 394.543 189.245 156.691 0 199.226 0 0 14.7479 0 0 0
q_reclas_q_pelaces
1 1
M
1
N
 459334 20709.5 7618.62 2802.73 1631.12
 3147.51 135564 4903.41 1803.86 1049.81
 6078.05 904.959 30462.4 1101.84 641.243
 82517.8 1671.43 186.026 6261.94 358.312
 1521.34 9679.58 62.5174 6.95802 247.62
 293698 74.7805 63.5731 0.410599 1.67201
 2207.98 76202 13.684 11.6332 0.381094
 376.182 401.161 6837.66 1.22787 1.07805
 67429.4 86.6759 57.8913 986.738 0.332766
 1405.28 14552.1 10.9734 7.32922 124.966
 138276 218.4 955.433 0.720474 8.68601
 177608 45802.2 65.1363 284.951 2.80542
 71261.9 49771.3 9777.15 13.9043 61.4259
 39318.7 20054.6 10714.9 2104.85 16.2173
 103611 6352.69 1423.07 760.323 150.51
 327297 25005.6 1005.82 225.314 144.212
 152180 80412.9 4102.99 165.037 60.6327
 171003 46623.2 20516.7 1046.85 57.578
 1.037e+06 44634 8634.14 3799.49 204.528
 10022.8 299988 10153.5 1964.12 910.845
 512998 3068.67 76440.4 2587.22 732.574
 564502 159300 804.352 20036.4 870.176
 2339.12 169487 39034.8 197.098 5122.93
 449801 754.629 47950.3 11043.5 1505.11
 110536 146560 217.782 13838.2 3621.46
 20829.8 36278.2 42913.9 63.7679 5112.3
 294086 6554.88 9765.62 11551.9 1393.33
 499201 89424.8 1647.5 2454.49 3253.65
 15487 167239 27281.9 502.625 1741.45
 4076.49 5344.44 54138 8831.62 726.446
 66271.3 1308.48 1496.78 15162.1 2676.87
pred_Ctot
 58456.9 4834.71 1778.59 654.307 380.791
 443.438 34703.3 1255.23 461.773 268.741
 993.284 264.488 8903.11 322.029 187.413
 38849.3 1119.29 124.574 4193.35 239.946
 966.423 7702.59 49.7487 5.53689 197.046
 56288.3 25.1221 21.357 0.137938 0.561701
 747.396 40593.7 7.28963 6.19712 0.203013
 92.2813 165.943 2828.43 0.507916 0.44594
 18392.5 39.0728 26.097 444.813 0.150008
 549.341 8603.96 6.48809 4.33343 73.8867
 8781.33 26.5834 116.294 0.0876954 1.05725
 27347.4 12697 18.0567 78.9926 0.777703
 10819.9 13625.8 2676.68 3.80658 16.8165
 14880.9 11589.2 6191.92 1216.35 9.37166
 23309.2 2445.81 547.887 292.728 57.947
 71002.2 9337.52 375.589 84.1359 53.8511
 16326.2 16046.2 818.739 32.9327 12.0991
 32287.6 15462 6804.13 347.174 19.095
 142810 11193.6 2165.32 952.858 51.2927
 1078.8 60043.9 2032.26 393.127 182.31
 51257.8 573.217 14278.8 483.284 136.842
 66702.8 34748.7 175.456 4370.6 189.814
 183.905 25278.5 5821.93 29.3966 764.07
 32819.9 104.858 6662.83 1534.53 209.14
 7606.33 19260.5 28.6202 1818.57 475.921
 1928.24 6310.21 7464.41 11.0918 889.229
 32745.4 1353.75 2016.84 2385.74 287.757
 28408.5 9797.58 180.504 268.92 356.477
 609.569 12824.1 2092.01 38.5418 133.537
 332.173 824.524 8352.25 1362.52 112.074
 14736.7 498.884 570.679 5780.85 1020.61
F
 0.220332 0.440664 0.440664 0.440664 0.440664
 0.246477 0.492953 0.492953 0.492953 0.492953
 0.291002 0.582004 0.582004 0.582004 0.582004
 1.143 2.28599 2.28599 2.28599 2.28599
 2.01279 4.02558 4.02558 4.02558 4.02558
 0.349165 0.698331 0.698331 0.698331 0.698331
 0.705472 1.41094 1.41094 1.41094 1.41094
 0.467898 0.935796 0.935796 0.935796 0.935796
 0.533349 1.0667 1.0667 1.0667 1.0667
 0.861661 1.72332 1.72332 1.72332 1.72332
 0.104923 0.209846 0.209846 0.209846 0.209846
 0.272142 0.544283 0.544283 0.544283 0.544283
 0.267903 0.535806 0.535806 0.535806 0.535806
 0.822822 1.64564 1.64564 1.64564 1.64564
 0.421538 0.843076 0.843076 0.843076 0.843076
 0.403693 0.807386 0.807386 0.807386 0.807386
 0.182967 0.365933 0.365933 0.365933 0.365933
 0.343187 0.686375 0.686375 0.686375 0.686375
 0.24034 0.48068 0.48068 0.48068 0.48068
 0.183616 0.367232 0.367232 0.367232 0.367232
 0.169481 0.338962 0.338962 0.338962 0.338962
 0.203169 0.406337 0.406337 0.406337 0.406337
 0.131306 0.262611 0.262611 0.262611 0.262611
 0.121366 0.242733 0.242733 0.242733 0.242733
 0.114121 0.228243 0.228243 0.228243 0.228243
 0.156175 0.31235 0.31235 0.31235 0.31235
 0.190474 0.380947 0.380947 0.380947 0.380947
 0.0935862 0.187172 0.187172 0.187172 0.187172
 0.0639433 0.127887 0.127887 0.127887 0.127887
 0.136369 0.272738 0.272738 0.272738 0.272738
 0.415733 0.831467 0.831467 0.831467 0.831467
nmprior
 8.19 8.8 8.5 0
nm_flota  nm_reclas  nm_pelaces    nm_pelaL
inf 4.20006 3.74353 5.56245
cv_recla  cv_pelaces  cv_mph
0.765045 0.872226 1.42908
 ------------------------------------------------
Talla a la edad & desviaci?n 
 8 13.2811 15.8009 17.003 17.5766
 0.8 1.32811 1.58009 1.7003 1.75766
