years
 1991 1992 1993 1994 1995 1996 1997 1998 1999 2000 2001 2002 2003 2004 2005 2006 2007 2008 2009 2010 2011 2012 2013 2014 2015 2016 2017 2018 2019 2020 2021
reclasobs
 0 0 0 0 0 0 0 0 0 252601 567819 844713 477998 351125 339783 2.1784e+06 2.13404e+06 4.81314e+06 1.55562e+06 2.62356e+06 3.21686e+06 3.843e+06 1.13348e+06 3.07943e+06 1.97215e+06 2.03268e+06 2.025e+06 2.42433e+06 2.27542e+06 1.05018e+06 2.36338e+06
reclaspred
 4.2067e+06 1.40606e+06 911806 489761 57060.8 1.8687e+06 601858 136434 660905 185891 274549 692309 542491 425732 296460 1.89606e+06 1.15467e+06 5.6881e+06 4.19932e+06 1.67257e+06 3.75404e+06 3.52574e+06 1.95651e+06 3.90786e+06 2.51235e+06 1.47586e+06 2.50533e+06 3.7643e+06 2.68141e+06 986254 1.52815e+06
pelacesobs
 0 0 0 0 0 0 0 0 0 0 0 0 0 0 0 552880 188675 0 991730 2.46772e+06 1.41603e+06 1.21717e+06 2.29649e+06 1.80582e+06 0 1.4828e+06 1.56532e+06 1.57751e+06 1.42118e+06 867257 1.10002e+06
pelacespred
 1.03041e+06 346707 182677 65161.5 6141.65 413579 92913.2 26940.6 135499 26895.6 57738.7 122272 100655 79235.7 52563.1 352872 211407 1.34411e+06 963960 365936 815569 739602 414675 978306 588887 337867 677759 991966 589623 251542 355942
mphobs
 0 0 0 0 0 0 0 0 0 0 0 498337 0 5186 125008 0 168611 109162 213762 579715 649985 157893 87575 83554 0 0 0 0 0 0 0
mphpred
 2.32322e+06 1.04073e+06 241093 258475 62771.1 5040.6 468686 90028 23981.7 142583 21361.9 77935.8 156939 86743 49552.3 47278 573010 301752 1.67986e+06 996247 490724 940362 1.00998e+06 555554 1.06702e+06 704793 363694 627193 1.29547e+06 670219 209010
desembarqueobs
 494567 514787 250237 358949 120608 361735 552515 73892 212993 205616 52469 317467 293654 387597 252695 516296 358380 742168 942051 627588 828172 859565 418607 520667 417249 300574 415391 372974 316634 284311 391294
desembarquepred
 494508 514336 250044 358376 120447 361494 551665 73850.8 212804 205351 52448.8 317110 293247 386778 252303 515807 358187 741658 940566 626225 827504 858591 418292 520388 416900 300264 415078 372745 316421 283997 391001
Reclutas
 4996.23 3056.98 210320 10459.2 3043.1 288274 3927.93 1048.6 65369.6 4992.16 43190 139993 69345.2 70767.6 43677.7 386083 8406.31 828481 265846 59762.6 402195 506686 10488.8 286747 153817 29194.4 224259 305284 16195 6877.06 150665
log_desv_Rt
 -2.24191 -2.73317 1.49804 -1.50311 -2.73772 1.81332 -2.48248 -3.80314 0.329462 -2.24273 -0.0849854 1.091 0.388503 0.408806 -0.0737562 2.10546 -1.72161 2.869 1.73232 0.239785 2.14634 2.3773 -1.50029 1.80801 1.18517 -0.476617 1.56221 1.87065 -1.06589 -1.9224 1.16446
SSB
 2.32322e+06 1.04073e+06 241093 258475 62771.1 5040.6 468686 90028 23981.7 142583 21361.9 77935.8 156939 86743 49552.3 47278 573010 301752 1.67986e+06 996247 490724 940362 1.00998e+06 555554 1.06702e+06 704793 363694 627193 1.29547e+06 670219 209010
BT
 2.83607e+06 1.36452e+06 650482 401833 120532 1.27486e+06 703634 132710 502941 242765 178357 543208 491521 584855 371370 1.22066e+06 770894 3.77143e+06 3.10632e+06 1.46992e+06 2.59847e+06 2.47283e+06 1.31661e+06 2.75218e+06 1.75392e+06 1.05653e+06 2.00372e+06 2.65873e+06 1.62408e+06 889740 1.20607e+06
Ftot
 0.220163 0.652295 0.650707 1.23193 2.67014 0.540975 1.44816 0.948245 0.857288 1.71916 0.508147 1.10983 1.14152 1.94791 1.89368 0.735932 0.568175 0.352426 0.462311 0.704321 0.538818 0.555588 0.397802 0.332796 0.345062 0.397291 0.418228 0.249346 0.223102 0.529473 0.645084
BD_Bspro_t
 0.965387 0.723398 0.379404 0.412799 0.119697 0.0160301 0.472129 0.132553 0.0586596 0.277802 0.0795746 0.331238 0.324001 0.180628 0.107078 0.107698 0.457301 0.307255 0.637801 0.47595 0.28858 0.431972 0.472748 0.368675 0.554479 0.513962 0.423209 0.57869 0.712209 0.565462 0.344594
BD_Bspro
 6.91223 3.09646 0.717319 0.769035 0.186762 0.0149972 1.39447 0.267859 0.0713522 0.424225 0.0635577 0.231881 0.466936 0.258085 0.147432 0.140665 1.70487 0.897798 4.99806 2.96411 1.46004 2.79784 3.00497 1.65293 3.17467 2.09696 1.08209 1.86608 3.85439 1.99409 0.621864
BD_Bo
 1.39655 0.625607 0.144927 0.155376 0.0377333 0.00303003 0.281739 0.0541181 0.014416 0.0857103 0.0128412 0.0468492 0.0943397 0.0521434 0.0297871 0.02842 0.344451 0.181391 1.00981 0.598869 0.294986 0.565275 0.607124 0.333958 0.64141 0.423669 0.218626 0.377021 0.77874 0.402885 0.125641
BD_Brms
 7.20318 3.22679 0.747512 0.801404 0.194622 0.0156284 1.45317 0.279133 0.0743555 0.442081 0.066233 0.241641 0.48659 0.268948 0.153638 0.146586 1.77663 0.935587 5.20844 3.08888 1.52149 2.9156 3.13146 1.7225 3.30829 2.18522 1.12764 1.94462 4.01663 2.07802 0.648039
Sel_flota
 0.657037 1 1 1 1
 0.657037 1 1 1 1
 0.657037 1 1 1 1
 0.657037 1 1 1 1
 0.657037 1 1 1 1
 0.657037 1 1 1 1
 0.657037 1 1 1 1
 0.657037 1 1 1 1
 0.657037 1 1 1 1
 0.657037 1 1 1 1
 0.657037 1 1 1 1
 0.657037 1 1 1 1
 0.657037 1 1 1 1
 0.657037 1 1 1 1
 0.657037 1 1 1 1
 0.657037 1 1 1 1
 0.657037 1 1 1 1
 0.657037 1 1 1 1
 0.657037 1 1 1 1
 0.657037 1 1 1 1
 0.657037 1 1 1 1
 0.657037 1 1 1 1
 0.657037 1 1 1 1
 0.657037 1 1 1 1
 0.657037 1 1 1 1
 0.657037 1 1 1 1
 0.657037 1 1 1 1
 0.657037 1 1 1 1
 0.657037 1 1 1 1
 0.657037 1 1 1 1
 0.657037 1 1 1 1
Sel_reclas
 1 1 1 1 1
 1 1 1 1 1
 1 1 1 1 1
 1 1 1 1 1
 1 1 1 1 1
 1 1 1 1 1
 1 1 1 1 1
 1 1 1 1 1
 1 1 1 1 1
 1 1 1 1 1
 1 1 1 1 1
 1 1 1 1 1
 1 1 1 1 1
 1 1 1 1 1
 1 1 1 1 1
 1 1 1 1 1
 1 1 1 1 1
 1 1 1 1 1
 1 1 1 1 1
 1 1 1 1 1
 1 1 1 1 1
 1 1 1 1 1
 1 1 1 1 1
 1 1 1 1 1
 1 1 1 1 1
 1 1 1 1 1
 1 1 1 1 1
 1 1 1 1 1
 1 1 1 1 1
 1 1 1 1 1
 1 1 1 1 1
Sel_pelaces
 1 1 1 1 1
 1 1 1 1 1
 1 1 1 1 1
 1 1 1 1 1
 1 1 1 1 1
 1 1 1 1 1
 1 1 1 1 1
 1 1 1 1 1
 1 1 1 1 1
 1 1 1 1 1
 1 1 1 1 1
 1 1 1 1 1
 1 1 1 1 1
 1 1 1 1 1
 1 1 1 1 1
 1 1 1 1 1
 1 1 1 1 1
 1 1 1 1 1
 1 1 1 1 1
 1 1 1 1 1
 1 1 1 1 1
 1 1 1 1 1
 1 1 1 1 1
 1 1 1 1 1
 1 1 1 1 1
 1 1 1 1 1
 1 1 1 1 1
 1 1 1 1 1
 1 1 1 1 1
 1 1 1 1 1
 1 1 1 1 1
pf_obs 
 0.8446 0.082 0.0669 0.0065 0
 0.8095 0.147 0.0364 0.0071 0
 0.9664 0.0169 0.016 0.0007 0
 0.9276 0.0648 0.0075 0.0001 0
 0.7033 0.2144 0.0806 0.0017 0
 0.9318 0.0425 0.0243 0.0014 0
 0.5671 0.3108 0.0964 0.0239 0.0018
 0.0768 0.2599 0.5324 0.112 0.0189
 0.490249 0.384438 0.106611 0.0170017 0.00170017
 0.7925 0.1577 0.0466 0.003 0.0002
 0.840416 0.127587 0.0312969 0.00059994 9.999e-05
 0.8084 0.0986 0.0794 0.0134 0.0002
 0.7335 0.1905 0.0724 0.0035 0.0001
 0.4001 0.4547 0.1325 0.0127 0
 0.49795 0.308269 0.164784 0.0264974 0.00249975
 0.9179 0.0499 0.0305 0.0017 0
 0.2467 0.6533 0.0926 0.0074 0
 0.9418 0.0223 0.034 0.0019 0
 0.707729 0.231977 0.0356964 0.0245975 0
 0.517169 0.277429 0.184464 0.0207286 0.00020938
 0.811772 0.124168 0.05621 0.00726502 0.000585176
 0.764997 0.148141 0.077277 0.00933861 0.000247198
 0.163321 0.427699 0.378323 0.0303852 0.000271297
 0.753843 0.0900009 0.118128 0.0371064 0.000921714
 0.721811 0.176058 0.0630433 0.0369309 0.00215725
 0.143369 0.312575 0.442814 0.0836902 0.0175525
 0.692698 0.0596174 0.167031 0.0765114 0.00414204
 0.394062 0.376323 0.152708 0.0712218 0.00568511
 0.125707 0.32114 0.495352 0.0537591 0.00404204
 0.23352 0.215282 0.420074 0.123614 0.00750983
 0.774587 0.0839891 0.0768558 0.0609784 0.00358967
pf_pred 
 0.0236116 0.175506 0.717939 0.0829427 5.99216e-07
 0.0484639 0.0352765 0.164698 0.673727 0.0778355
 0.943783 0.00460016 0.00191359 0.00893408 0.0407688
 0.132096 0.839322 0.00233881 0.000972904 0.0252699
 0.259305 0.173491 0.548525 0.00152849 0.0171505
 0.998135 0.000950627 0.000214122 0.000676986 2.30535e-05
 0.0392589 0.95969 0.000535617 0.000120644 0.000394427
 0.0997025 0.0718623 0.827529 0.000461856 0.000444139
 0.975447 0.00422173 0.00162288 0.0186882 2.04602e-05
 0.221574 0.767892 0.00181121 0.000696246 0.00802639
 0.952646 0.0186305 0.0283352 6.68336e-05 0.000321866
 0.899693 0.097448 0.00112496 0.00171097 2.34708e-05
 0.665313 0.316585 0.0175861 0.000203018 0.000313007
 0.790067 0.167145 0.0404739 0.0022483 6.59714e-05
 0.813407 0.168155 0.0146802 0.00355478 0.00020326
 0.982109 0.0163228 0.00141314 0.00012337 3.15819e-05
 0.0630123 0.927515 0.00864241 0.000748216 8.20421e-05
 0.965229 0.00359911 0.0308569 0.000287518 2.76213e-05
 0.429147 0.558565 0.00127198 0.0109053 0.000111375
 0.249246 0.418666 0.324939 0.000739963 0.00640884
 0.883556 0.0431111 0.040895 0.0317398 0.00069829
 0.761951 0.220974 0.00632133 0.00599638 0.00475636
 0.0453624 0.807316 0.136755 0.0039121 0.00665457
 0.828571 0.0124884 0.134412 0.0227687 0.00175927
 0.52577 0.42083 0.00389006 0.0418687 0.00764035
 0.224264 0.499918 0.24476 0.00226251 0.0287951
 0.859008 0.0455971 0.0614765 0.0300989 0.00381925
 0.750885 0.226711 0.0072455 0.00976878 0.00538969
 0.0870596 0.756303 0.14255 0.0045558 0.00953128
 0.11046 0.117314 0.639731 0.120578 0.0119158
 0.913108 0.0151611 0.00945998 0.0515866 0.0106841
pobs_RECLAS
 0 0 0 0 0
 0 0 0 0 0
 0 0 0 0 0
 0 0 0 0 0
 0 0 0 0 0
 0 0 0 0 0
 0 0 0 0 0
 0 0 0 0 0
 0 0 0 0 0
 0 0 0 0 0
 0.991045 0.00858322 0.000360255 1.14367e-05 0
 0.934742 0.0480273 0.0164251 0.00080598 0
 0.827803 0.169806 0.00239088 0 0
 0.941827 0.0461693 0.0120037 0 0
 0.791401 0.0380133 0.147996 0.0225897 0
 0.846168 0.0940531 0.0597789 0 0
 0.134021 0.677848 0.182769 0.00536245 0
 0.80878 0.0450904 0.141981 0.00414843 0
 0.846168 0.0940531 0.0597789 0 0
 0.905697 0.0802665 0.012482 0.00150086 5.37128e-05
 0.989698 0.0102097 9.19794e-05 0 0
 0.975433 0.0193895 0.00387452 0.00125025 5.28907e-05
 0.303575 0.632131 0.0575291 0.00676475 0
 0.966965 0.00978017 0.0227588 0.000495775 0
 0.843318 0.132988 0.00938335 0.0141283 0.000182051
 0.564624 0.303363 0.111486 0.0197234 0.00080311
 0.826376 0.0876187 0.0782897 0.00655872 0.00115652
 0.89761 0.0855135 0.0140674 0.00269457 0.000114338
 0.34875 0.467042 0.161289 0.0227151 0.000203297
 0.318654 0.224769 0.449479 0.00709798 0
 0.937255 0.0296025 0.0250945 0.00804832 0
ppred_RECLAS
 0.0357488 0.173324 0.709015 0.0819117 5.91767e-07
 0.0738086 0.0343369 0.160311 0.655782 0.0757623
 0.963323 0.00300122 0.00124846 0.00582875 0.0265982
 0.198476 0.775128 0.00215993 0.000898493 0.0233371
 0.396812 0.141283 0.446693 0.00124473 0.0139666
 0.9988 0.000611631 0.000137766 0.000435572 1.48326e-05
 0.0633806 0.935595 0.000522169 0.000117615 0.000384524
 0.150008 0.0678468 0.781289 0.000436048 0.000419322
 0.984358 0.00268947 0.00103386 0.0119054 1.30342e-05
 0.325691 0.665184 0.00156895 0.000603121 0.00695283
 0.968979 0.0122046 0.0185621 4.37818e-05 0.00021085
 0.935309 0.0628473 0.000725524 0.00110346 1.51371e-05
 0.762576 0.224583 0.0124754 0.000144019 0.000222045
 0.8672 0.105733 0.0256029 0.00142223 4.17322e-05
 0.882671 0.105735 0.00923086 0.00223523 0.000127809
 0.988546 0.01045 0.000904712 7.89828e-05 2.02191e-05
 0.0948104 0.896038 0.00834911 0.000722824 7.92579e-05
 0.977163 0.00236386 0.0202665 0.000188839 1.81414e-05
 0.538025 0.45203 0.00102938 0.00882534 9.01328e-05
 0.342537 0.366641 0.284561 0.000648013 0.00561246
 0.921874 0.0289245 0.0274376 0.0212951 0.000468503
 0.832831 0.155179 0.00443915 0.00421095 0.00334015
 0.0683735 0.787856 0.133459 0.0038178 0.00649417
 0.881568 0.0086276 0.0928588 0.0157298 0.0012154
 0.630772 0.327652 0.00302874 0.0325983 0.00594865
 0.308678 0.445518 0.218126 0.00201631 0.0256617
 0.904021 0.03104 0.0418498 0.0204897 0.00259993
 0.822262 0.161753 0.0051695 0.0069698 0.00384542
 0.127563 0.722749 0.136226 0.00435367 0.00910842
 0.161789 0.110545 0.602817 0.113621 0.0112282
 0.942646 0.0100074 0.00624422 0.0340507 0.00705221
pobs_PELACES
 0 0 0 0 0
 0 0 0 0 0
 0 0 0 0 0
 0 0 0 0 0
 0 0 0 0 0
 0 0 0 0 0
 0 0 0 0 0
 0 0 0 0 0
 0 0 0 0 0
 0 0 0 0 0
 0 0 0 0 0
 0 0 0 0 0
 0 0 0 0 0
 0 0 0 0 0
 0 0 0 0 0
 0 0 0 0 0
 0.505614 0.472636 0.0217494 0 0
 0 0 0 0 0
 0.443492 0.261883 0.143347 0.151278 0
 0.227955 0.32914 0.350689 0.0885471 0.00366901
 0.970185 0.0296113 0.000203453 0 0
 0.997202 0.00247181 0.000326279 0 0
 0.445219 0.490057 0.0546422 0.010081 0
 0.90214 0.0892962 0.00764917 0.000914606 0
 0 0 0 0 0
 0.581667 0.319106 0.0959925 0.00289975 0.000334073
 0.762889 0.0836404 0.116647 0.0363945 0.000428098
 0.88444 0.0763242 0.0277011 0.0115352 0
 0.521256 0.241999 0.230069 0.00667565 0
 0.616807 0.101726 0.260614 0.0208532 0
 0.833518 0.0704572 0.0857862 0.0102388 0
ppred_PELACES
 0.0366177 0.173168 0.708376 0.0818379 5.91234e-07
 0.0790168 0.0341438 0.159409 0.652094 0.0753362
 0.965838 0.00279542 0.00116285 0.00542905 0.0247743
 0.221591 0.752775 0.00209764 0.000872581 0.0226641
 0.470892 0.123932 0.391833 0.00109186 0.0122513
 0.998871 0.000575348 0.000129593 0.000409733 1.39527e-05
 0.073835 0.925152 0.00051634 0.000116302 0.000380232
 0.164212 0.0667131 0.768233 0.000428762 0.000412315
 0.985784 0.00244432 0.000939619 0.0108202 1.18461e-05
 0.369779 0.621693 0.00146637 0.000563688 0.00649825
 0.970662 0.0115425 0.0175551 4.14067e-05 0.000199412
 0.942506 0.0558554 0.000644807 0.000980694 1.3453e-05
 0.785169 0.203212 0.0112883 0.000130314 0.000200915
 0.8906 0.087102 0.0210916 0.00117162 3.43787e-05
 0.903112 0.0873139 0.00762265 0.00184581 0.000105542
 0.989452 0.00962372 0.000833173 7.27374e-05 1.86203e-05
 0.100475 0.890431 0.00829687 0.000718301 7.87619e-05
 0.978036 0.00227346 0.0194914 0.000181617 1.74476e-05
 0.551002 0.439333 0.00100046 0.00857745 8.76011e-05
 0.360707 0.356508 0.276697 0.000630104 0.00545735
 0.926155 0.0273397 0.0259343 0.0201284 0.000442833
 0.841403 0.147222 0.00421151 0.00399502 0.00316887
 0.0712977 0.785383 0.13304 0.00380581 0.00647378
 0.885445 0.00834522 0.0898195 0.0152149 0.00117562
 0.639821 0.319623 0.00295452 0.0317995 0.00580288
 0.318355 0.439282 0.215073 0.00198808 0.0253025
 0.90805 0.0297369 0.0400929 0.0196295 0.00249079
 0.826349 0.158034 0.00505063 0.00680954 0.003757
 0.1304 0.720399 0.135783 0.00433952 0.0090788
 0.170081 0.109451 0.596854 0.112497 0.0111171
 0.946468 0.00934049 0.00582812 0.0317816 0.00658226
pobs_pel_tallas
 0 0 0 0 0 0 0 0 0 0 0 0 0 0 0 0 0 0 0 0 0 0 0 0 0 0
 0 0 0 0 0 0 0 0 0 0 0 0 0 0 0 0 0 0 0 0 0 0 0 0 0 0
 0 0 0 0 0 0 0 0 0 0 0 0 0 0 0 0 0 0 0 0 0 0 0 0 0 0
 0 0 0 0 0 0 0 0 0 0 0 0 0 0 0 0 0 0 0 0 0 0 0 0 0 0
 0 0 0 0 0 0 0 0 0 0 0 0 0 0 0 0 0 0 0 0 0 0 0 0 0 0
 0 0 0 0 0 0 0 0 0 0 0 0 0 0 0 0 0 0 0 0 0 0 0 0 0 0
 0 0 0 0 0 0 0 0 0 0 0 0 0 0 0 0 0 0 0 0 0 0 0 0 0 0
 0 0 0 0 0 0 0 0 0 0 0 0 0 0 0 0 0 0 0 0 0 0 0 0 0 0
 0 0 0 0 0 0 0 0 0 0 0 0 0 0 0 0 0 0 0 0 0 0 0 0 0 0
 0 0 0 0 0 0 0 0 0 0 0 0 0 0 0 0 0 0 0 0 0 0 0 0 0 0
 0 0 0 0 0 0 0 0 0 0 0 0 0 0 0 0 0 0 0 0 0 0 0 0 0 0
 0 0 0 0 0 0 0 0 0 0 0 0 0 0 0 0 0 0 0 0 0 0 0 0 0 0
 0.00862536 0 0 0.000197151 0.00414017 0.0128641 0.00837892 0.0270097 0.101434 0.158115 0.152841 0.127902 0.109271 0.109419 0.0830992 0.0579132 0.0238553 0.00714673 0.00463305 0.00128148 0.00103504 0.000492878 0.000147863 0.000147863 4.92878e-05 0
 0 0 0 0 0 0 0 0 0 0 0 0 0 0 0 0 0 0 0 0 0 0 0 0 0 0
 0 0 0 0 0 0 0 0.0054083 0.00873648 0.0413646 0.0450493 0.0745869 0.0622846 0.0627006 0.0613931 0.0827291 0.12552 0.122667 0.0946155 0.0697135 0.0546179 0.0294188 0.0215738 0.0213955 0.0102223 0.00600262
 0 0 0 0 0.00359764 0.0251062 0.0480494 0.140153 0.205849 0.193036 0.1447 0.116669 0.0760912 0.0342217 0.00950174 0.001854 0.000860785 0 0 0 0.000165536 0 0.000143464 0 0 0
 0 0 0 0 0 0 0 0.000145254 0.000435761 0.0275982 0.070085 0.0708112 0.156366 0.174668 0.174014 0.160142 0.0824315 0.0480064 0.0283245 0.00493863 0.00203355 0 0 0 0 0
 0 0 0 0 0 0 0 0 0 0 0 0 0 0 0 0 0 0 0 0 0 0 0 0 0 0
 0 0 1.00437e-05 0.000401748 0.00122533 0.00171747 0.00176769 0.0269171 0.070346 0.194647 0.189555 0.159765 0.064822 0.0314167 0.0384472 0.0292271 0.0345202 0.0313363 0.0194345 0.0106764 0.0143323 0.0359363 0.0279516 0.0138201 0.00172751 0
 0 0.0021121 0.0136068 0.0755702 0.200478 0.177729 0.0527432 0.0373336 0.0318909 0.0142505 0.0149659 0.0166563 0.0217959 0.0798694 0.0677717 0.0528807 0.04013 0.0224614 0.0357745 0.0225083 0.00881397 0.00855152 0.00135912 0.000746735 0 0
 0 0 0 0 5.4009e-05 0.00500934 0.000945158 0.0243581 0.138947 0.33067 0.221406 0.137944 0.0707744 0.0437923 0.0131692 0.00525238 0.0047753 0.00276346 9.45158e-05 9.00151e-06 2.25038e-05 9.00151e-06 4.50075e-06 0 0 0
 0.000866109 0.00284123 0.00948549 0.0512746 0.133035 0.25785 0.225252 0.132002 0.0553304 0.0519788 0.0540692 0.017754 0.00435017 0.00159236 0.00146478 0.000404838 0.000125132 0.000115318 0.000107957 0.000100596 0 0 0 0 0 0
 0 0 0 0 0.00144013 0.00171154 0.00461396 0.0210425 0.0478622 0.0707936 0.0888783 0.103762 0.0637923 0.0337046 0.0602308 0.124433 0.169614 0.0934646 0.0462172 0.0250306 0.0313229 0.00938855 0.002487 0.000210481 0 0
 0 0.00764035 0.051015 0.0998891 0.058973 0.0496711 0.0374665 0.0718981 0.12319 0.153886 0.159021 0.0857701 0.0377988 0.023471 0.0147837 0.00900784 0.00315554 0.000888139 0.00291439 0.00214683 0.00393193 0.00274676 0.000635225 9.99891e-05 0 0
 0 0 0 0 0 0 0 0 0 0 0 0 0 0 0 0 0 0 0 0 0 0 0 0 0 0
 0 0 0 0 0 0 0 0 0 0 0 0 0 0 0 0 0 0 0 0 0 0 0 0 0 0
 0 0 0 0 0 0 0 0 0 0 0 0 0 0 0 0 0 0 0 0 0 0 0 0 0 0
 0 0 0 0 0 0 0 0 0 0 0 0 0 0 0 0 0 0 0 0 0 0 0 0 0 0
 0 0 0 0 0 0 0 0 0 0 0 0 0 0 0 0 0 0 0 0 0 0 0 0 0 0
 0 0 0 0 0 0 0 0 0 0 0 0 0 0 0 0 0 0 0 0 0 0 0 0 0 0
 0 0 0 0 0 0 0 0 0 0 0 0 0 0 0 0 0 0 0 0 0 0 0 0 0 0
ppred_pel_tallas
 1.28694e-16 3.01619e-06 2.93184e-05 0.000194832 0.00088569 0.0027558 0.00587218 0.00857433 0.0085921 0.00595953 0.00305223 0.00175569 0.00243078 0.00508285 0.0101056 0.0180183 0.0290207 0.0428792 0.0591367 0.0772594 0.0963155 0.114333 0.128097 0.134027 0.129824 0.115796
 1.82754e-16 6.50852e-06 6.32652e-05 0.000420419 0.00191117 0.00594637 0.0126695 0.0184923 0.0184961 0.0126882 0.00601068 0.00210392 0.000931575 0.00127332 0.00259412 0.005077 0.00930019 0.0161675 0.0269279 0.0429941 0.0653664 0.0937383 0.125718 0.156746 0.181035 0.193323
 1.04772e-16 7.95548e-05 0.000773301 0.00513886 0.0233605 0.0726832 0.154859 0.226022 0.226022 0.154861 0.0726878 0.0233739 0.00517302 0.000849766 0.000230805 0.000273091 0.000431416 0.000651519 0.000955334 0.00139829 0.00205789 0.00299983 0.00422843 0.00564707 0.00705457 0.00818832
 1.04176e-16 1.82523e-05 0.000177419 0.00117902 0.00535968 0.0166763 0.0355334 0.0518772 0.0519496 0.035887 0.0178633 0.00878574 0.00977087 0.0189069 0.0355112 0.0584753 0.0837613 0.104347 0.113105 0.10679 0.0880601 0.0638392 0.041372 0.0249627 0.0152508 0.0105405
 1.13522e-16 3.87868e-05 0.000377021 0.00250544 0.0113894 0.0354366 0.0755019 0.1102 0.110212 0.0755634 0.0356447 0.0119976 0.00405996 0.00386191 0.00692413 0.0120793 0.0190058 0.0272363 0.036186 0.0453707 0.0543302 0.062251 0.0677391 0.0691833 0.065596 0.0573093
 1.00048e-16 8.22757e-05 0.000799749 0.00531461 0.0241595 0.0751691 0.160156 0.233752 0.233752 0.160156 0.07517 0.0241621 0.00532126 0.000814311 0.000110066 5.21052e-05 6.79598e-05 8.72909e-05 0.000100618 0.000106078 0.000106055 0.000105218 0.000107214 0.000112341 0.000117688 0.000119198
 1.00328e-16 6.08188e-06 5.91181e-05 0.000392865 0.00178596 0.00555727 0.0118436 0.0173048 0.0173937 0.0122782 0.00701577 0.00599586 0.0109498 0.0230705 0.0436069 0.0718139 0.102822 0.127981 0.138481 0.130268 0.106545 0.0757801 0.046895 0.0252812 0.0119147 0.00495772
 1.223e-16 1.3526e-05 0.000131477 0.000873713 0.00397178 0.0123577 0.0263297 0.0384305 0.0384381 0.0263674 0.0124876 0.00436183 0.0019087 0.00257527 0.00519318 0.00996235 0.0175903 0.0288311 0.0441778 0.0633962 0.084913 0.105475 0.120655 0.126347 0.120594 0.104618
 1.01115e-16 8.11977e-05 0.000789271 0.00524498 0.0238429 0.0741842 0.158057 0.230689 0.23069 0.158058 0.0741882 0.0238545 0.00527422 0.000854102 0.000207503 0.00022347 0.000336748 0.00047559 0.00063335 0.000822055 0.00106572 0.00138274 0.00176288 0.00215518 0.00247813 0.00264862
 1.01358e-16 3.04583e-05 0.000296066 0.00196746 0.00894384 0.0278279 0.0592925 0.0865517 0.0866115 0.0595846 0.0288081 0.0117731 0.00906244 0.0157618 0.0293362 0.0482762 0.0691328 0.0860805 0.0932113 0.0878167 0.0720612 0.0516429 0.032547 0.0183686 0.00971641 0.00529883
 1.00548e-16 7.99521e-05 0.000777163 0.00516452 0.0234772 0.0730462 0.155633 0.227151 0.227152 0.155638 0.0730649 0.0235317 0.0053025 0.00108222 0.000670545 0.00101115 0.00151631 0.00204619 0.00251223 0.00286543 0.00310501 0.00324874 0.00329196 0.00319857 0.00293297 0.00250131
 1.00134e-16 7.7633e-05 0.00075462 0.00501472 0.0227962 0.0709274 0.151118 0.220563 0.220568 0.151145 0.0710155 0.0230504 0.00565239 0.00214482 0.0027124 0.00434695 0.00622089 0.00775256 0.00840813 0.00794474 0.00655576 0.00474955 0.00305812 0.00179808 0.00101947 0.000605312
 1.00425e-16 6.46734e-05 0.000628648 0.00417759 0.0189907 0.0590873 0.125892 0.183748 0.183767 0.125988 0.059408 0.0199167 0.00650045 0.0056946 0.00967142 0.0158485 0.0227342 0.0283983 0.0309187 0.0294063 0.0245382 0.0181192 0.0120344 0.00740205 0.00440545 0.00265898
 1.00755e-16 7.33576e-05 0.000713062 0.00473855 0.0215408 0.0670213 0.142796 0.208417 0.208426 0.142837 0.0671593 0.0219395 0.00574008 0.00290137 0.00423499 0.00689967 0.00996512 0.0125982 0.0139982 0.0137873 0.0122192 0.0099857 0.00778474 0.00599458 0.00464294 0.00358556
 1.00446e-16 7.43882e-05 0.000723079 0.00480512 0.0218434 0.0679629 0.144802 0.211345 0.211354 0.144843 0.0681008 0.0222416 0.00580434 0.00290311 0.0042109 0.00683383 0.00981381 0.0122915 0.0134458 0.0128984 0.0109369 0.00832284 0.00584335 0.00395276 0.00270894 0.00193772
 1.00038e-16 8.14998e-05 0.000792207 0.0052645 0.0239316 0.0744602 0.158645 0.231548 0.231549 0.15865 0.0744754 0.0239755 0.00537462 0.00103245 0.000537306 0.000758073 0.00108122 0.00135328 0.00147906 0.0014164 0.00119679 0.00090422 0.000625823 0.000412415 0.000271331 0.000184268
 1.00553e-16 8.27616e-06 8.04473e-05 0.000534605 0.00243029 0.00756199 0.0161148 0.0235379 0.0236236 0.0165331 0.00896601 0.00648307 0.0106982 0.0222363 0.0419938 0.0691684 0.0990688 0.123381 0.133639 0.125942 0.103354 0.073986 0.0463718 0.0256526 0.0127443 0.00589026
 1.00585e-16 8.05595e-05 0.000783067 0.00520376 0.0236555 0.0736011 0.156815 0.228876 0.228876 0.156816 0.0736053 0.0236681 0.00523666 0.000859567 0.000239488 0.000303843 0.000511964 0.000813683 0.00121145 0.00169692 0.00223247 0.00274091 0.00311505 0.00325318 0.0031049 0.00269876
 1.01017e-16 4.53854e-05 0.000441162 0.00293168 0.013327 0.0414655 0.0883482 0.128956 0.128998 0.0885546 0.0421582 0.0153265 0.007946 0.0113719 0.0207591 0.0341278 0.048879 0.060883 0.065971 0.0622359 0.0512096 0.0369111 0.0235498 0.0136349 0.00756432 0.00440467
 1.09063e-16 2.97111e-05 0.000288802 0.00191919 0.0087244 0.027145 0.0578366 0.0844215 0.0844562 0.0580064 0.027716 0.0103779 0.00608618 0.0094396 0.0175669 0.0294046 0.0433039 0.0564149 0.0657571 0.0698023 0.0691481 0.0656774 0.061001 0.055561 0.0489667 0.0409486
 1.0285e-16 7.62862e-05 0.000741529 0.00492772 0.0224007 0.0696969 0.148497 0.216736 0.216738 0.14851 0.069741 0.0225286 0.00525082 0.0014538 0.00144966 0.00233069 0.00348078 0.00465728 0.0056715 0.0064489 0.00705718 0.00761845 0.00817381 0.00861881 0.00875954 0.00843534
 1.01097e-16 6.93053e-05 0.000673672 0.00447679 0.0203508 0.0633191 0.134909 0.196906 0.19692 0.134978 0.0635513 0.0210214 0.00615876 0.0043414 0.00702323 0.0114706 0.0164464 0.0205353 0.0223501 0.0212612 0.0177827 0.0132477 0.00903804 0.00595622 0.00409657 0.00311716
 1.05518e-16 5.87286e-06 5.70864e-05 0.000379363 0.00172457 0.0053662 0.011436 0.0167071 0.0167828 0.0118061 0.00660868 0.00531358 0.00938935 0.0197294 0.0373768 0.0618055 0.0890817 0.112112 0.123629 0.120224 0.104324 0.0824635 0.0613313 0.0446899 0.0329507 0.0247071
 1.0432e-16 7.29329e-05 0.000708934 0.00471111 0.021416 0.0666333 0.141969 0.207208 0.207209 0.141974 0.0666494 0.0214646 0.00483982 0.00101272 0.000716851 0.00124465 0.00219441 0.00361338 0.00557982 0.0080984 0.0110147 0.0139565 0.0163726 0.0176991 0.0175861 0.0160536
 1.04339e-16 5.27012e-05 0.000512275 0.00340425 0.0154752 0.0481494 0.102588 0.149737 0.149768 0.102739 0.0486536 0.016931 0.00705574 0.00847508 0.0151514 0.0249036 0.0357318 0.0446596 0.0487133 0.0465726 0.0394032 0.0301299 0.0217349 0.0158722 0.0125955 0.0109905
 1.10801e-16 2.62226e-05 0.000254893 0.00169385 0.00770004 0.0239579 0.0510464 0.0745127 0.0745552 0.0512546 0.0246575 0.00972362 0.00678461 0.0114053 0.0213117 0.0354742 0.0517564 0.0664489 0.0757289 0.0777486 0.0735886 0.0662365 0.0585037 0.051607 0.0452671 0.0387556
 1.03555e-16 7.47949e-05 0.000727033 0.00483139 0.0219628 0.0683344 0.145594 0.212499 0.212502 0.145608 0.0683827 0.0221032 0.00518696 0.00151359 0.00159925 0.00260642 0.00393878 0.00535952 0.00668053 0.00782139 0.00882911 0.00978025 0.0106468 0.0112519 0.0113575 0.0108088
 1.01505e-16 6.80653e-05 0.000661619 0.00439669 0.0199867 0.0621862 0.132495 0.193383 0.193399 0.132569 0.0624356 0.0207067 0.00620263 0.00460002 0.00753627 0.0123215 0.0176746 0.0220859 0.0240729 0.0229661 0.0193208 0.0145664 0.0101762 0.00699349 0.00509693 0.00409862
 1.06075e-16 1.0741e-05 0.000104406 0.000693821 0.00315405 0.0098138 0.0209119 0.0305361 0.0306056 0.0212514 0.0109539 0.00644772 0.00896345 0.0181638 0.0343282 0.0567834 0.0819071 0.103217 0.114076 0.111365 0.0972887 0.0777771 0.0588718 0.0439297 0.0332654 0.0255789
 1.30416e-16 1.40094e-05 0.000136176 0.000904937 0.00411372 0.0127994 0.0272708 0.039805 0.0398165 0.0273274 0.012992 0.00468227 0.00237756 0.00350167 0.00684825 0.0124565 0.0206468 0.0316229 0.045446 0.0619433 0.0803028 0.0985524 0.11352 0.121702 0.120723 0.110494
 1.04472e-16 7.79593e-05 0.000757792 0.00503579 0.022892 0.0712255 0.151753 0.221489 0.22149 0.151758 0.0712407 0.0229361 0.00514777 0.00100621 0.000562115 0.00084043 0.00129018 0.00182118 0.00241853 0.0031237 0.00402378 0.00518926 0.0065903 0.00805183 0.00928627 0.00999276
pSPR Fmed_Fpbrs
0.37153   0.243879 0.243879
Fs Fmed_Fpbrs
0.650901   1.005 1.005
SSBpbr Bo_Bmed_Bpbrs
1.66355e+06  534881  322527 322527
Ro
47021
SPR SPRFo_SPRFmed_SPRFpbrs
336103 124872 81968.5
Fref
1.005
Nvult_r0
 114387 1441.78 899.619 4905.76 1016.03
CTP_r0
 34050.2 565.364 352.766 1923.69 398.413
YTP_r0
391001
Np
 126613 36278 344.805 215.145 1399.65
Nvult_p0
 102547 31392.8 298.373 186.174 1211.17
CTP_p0
 40783.6 15735.6 149.559 93.3191 607.095
YTP_p0
 587240
CBA_c0
449873
log_Ro
10.5784
likeval ReclasPelacesDesembMPH_pf_preclas_ppelaces_ptallas_desvR_qrecl_qpela
 18.6314 79.992 0.190645 0.00160694 352.571 131.315 119.585 0 143.462 2.34475e-05 0 0.00466579 0 0 0
q_reclas_q_pelaces
1.98609 1
M
1
N
 4996.23 25155.7 102904 11888.4 0.0858873
 3056.98 1590.47 7425.52 30375.5 3509.27
 210320 732.6 304.749 1422.8 6492.65
 10459.2 50455.5 140.596 58.4857 1519.09
 3043.1 1712.68 5414.96 15.089 169.307
 288274 193.689 43.6271 137.935 4.69713
 3927.93 74326.7 41.4828 9.3437 30.5478
 1048.6 558.009 6425.74 3.5863 3.44873
 65369.6 206.887 79.5296 915.822 1.00266
 4992.16 13691.7 32.2942 12.4142 143.112
 43190 593.52 902.69 2.12915 10.2538
 139993 11378.6 131.358 199.783 2.7406
 69345.2 24838.4 1379.76 15.9282 24.5577
 70767.6 12050.1 2917.91 162.088 4.75612
 43677.7 7239.51 632.021 153.043 8.75088
 386083 4630.31 400.869 34.9965 8.95888
 8406.31 87577 816.026 70.6474 7.74651
 828481 2129.04 18253.3 170.08 16.3393
 265846 241782 550.595 4720.51 48.2104
 59762.6 72179.9 56021 127.573 1104.91
 402195 13840.7 13129.2 10190 224.184
 506686 103846 2970.7 2817.99 2235.24
 10488.8 129392 21918.4 627.01 1066.56
 286747 2971.1 31978 5416.9 418.548
 153817 84770 783.595 8433.83 1539.03
 29194.4 45107.4 22084.6 204.145 2598.17
 224259 8272.55 11153.5 5460.77 692.916
 305284 62678 2003.14 2700.74 1490.07
 16195 95336.4 17969.3 574.285 1201.47
 6877.06 5145.47 28059 5288.65 522.634
 150665 1786.59 1114.76 6078.98 1259.01
pred_Ctot
 430.402 3199.19 13086.9 1511.91 0.0109228
 697.326 507.578 2369.76 9693.96 1119.94
 47878.4 233.367 97.0768 453.228 2068.21
 3912.64 24860.4 69.2746 28.817 748.484
 1814.91 1214.29 3839.19 10.6981 120.039
 56104 53.4336 12.0355 38.0526 1.29581
 1643.08 40165.4 22.4169 5.04924 16.5078
 323.106 232.884 2681.77 1.49674 1.43932
 18620.3 80.5888 30.9791 356.74 0.390566
 2333.12 8085.7 19.0715 7.33129 84.5158
 7962.47 155.718 236.834 0.558614 2.69024
 48560.3 5259.69 60.7191 92.3482 1.26682
 24555.5 11684.6 649.07 7.49301 11.5525
 35663 7544.81 1826.96 101.486 2.9779
 21648.3 4475.34 390.704 94.6083 5.40964
 97293.5 1617.03 139.994 12.2217 3.12868
 1706.37 25117.1 234.037 20.2617 2.2217
 110311 411.323 3526.47 32.859 3.15669
 45121.3 58728.6 133.739 1146.61 11.7102
 14528 24403.1 18939.9 43.1307 373.557
 78006.4 3806.14 3610.49 2802.21 61.6498
 100897 29261.1 837.062 794.033 629.83
 1557.75 27723.3 4696.17 134.342 228.518
 36240 546.216 5878.92 995.858 76.9471
 20091.4 16081.3 148.652 1599.94 291.962
 4330.84 9654.08 4726.65 43.692 556.071
 34830 1848.82 2492.67 1220.42 154.858
 29553.8 8923.01 285.172 384.485 212.13
 1412.64 12271.9 2313.04 73.9228 154.656
 1313.83 1395.35 7609.05 1434.18 141.728
 34050.2 565.364 352.766 1923.69 398.413
F
 0.144655 0.220163 0.220163 0.220163 0.220163
 0.428582 0.652295 0.652295 0.652295 0.652295
 0.427539 0.650707 0.650707 0.650707 0.650707
 0.809421 1.23193 1.23193 1.23193 1.23193
 1.75438 2.67014 2.67014 2.67014 2.67014
 0.355441 0.540975 0.540975 0.540975 0.540975
 0.951494 1.44816 1.44816 1.44816 1.44816
 0.623032 0.948245 0.948245 0.948245 0.948245
 0.56327 0.857288 0.857288 0.857288 0.857288
 1.12955 1.71916 1.71916 1.71916 1.71916
 0.333872 0.508147 0.508147 0.508147 0.508147
 0.7292 1.10983 1.10983 1.10983 1.10983
 0.750023 1.14152 1.14152 1.14152 1.14152
 1.27985 1.94791 1.94791 1.94791 1.94791
 1.24422 1.89368 1.89368 1.89368 1.89368
 0.483535 0.735932 0.735932 0.735932 0.735932
 0.373312 0.568175 0.568175 0.568175 0.568175
 0.231557 0.352426 0.352426 0.352426 0.352426
 0.303756 0.462311 0.462311 0.462311 0.462311
 0.462765 0.704321 0.704321 0.704321 0.704321
 0.354024 0.538818 0.538818 0.538818 0.538818
 0.365042 0.555588 0.555588 0.555588 0.555588
 0.261371 0.397802 0.397802 0.397802 0.397802
 0.21866 0.332796 0.332796 0.332796 0.332796
 0.226718 0.345062 0.345062 0.345062 0.345062
 0.261035 0.397291 0.397291 0.397291 0.397291
 0.274791 0.418228 0.418228 0.418228 0.418228
 0.163829 0.249346 0.249346 0.249346 0.249346
 0.146586 0.223102 0.223102 0.223102 0.223102
 0.347884 0.529473 0.529473 0.529473 0.529473
 0.423844 0.645084 0.645084 0.645084 0.645084
nmprior
 8.19 8.8 8.5 0
nm_flota  nm_reclas  nm_pelaces    nm_pelaL
inf 9.58553 5.54172 9.26271
cv_recla  cv_pelaces  cv_mph
0.390434 1.01413 1.2371
 ------------------------------------------------
Talla a la edad & desviaci?n 
 8 13.2811 15.8009 17.003 17.5766
 0.8 1.32811 1.58009 1.7003 1.75766
