years
 1991 1992 1993 1994 1995 1996 1997 1998 1999 2000 2001 2002 2003 2004 2005 2006 2007 2008 2009 2010 2011 2012 2013 2014 2015 2016 2017 2018 2019 2020 2021
reclasobs
 0 0 0 0 0 0 0 0 0 252601 567819 844713 477998 351125 339783 2.1784e+06 2.13404e+06 4.81314e+06 1.55562e+06 2.62356e+06 3.21686e+06 3.843e+06 1.13348e+06 3.07943e+06 1.97215e+06 2.03268e+06 2.025e+06 2.42433e+06 2.27542e+06 1.05018e+06 2.36338e+06
reclaspred
 3.20898e+06 1.78007e+06 897205 841758 806118 1.33553e+06 782681 675885 495371 359667 471173 631684 622012 472638 474928 1.39015e+06 1.32045e+06 3.05557e+06 2.5167e+06 1.85488e+06 3.29499e+06 2.6727e+06 2.08148e+06 3.21424e+06 2.38797e+06 2.09628e+06 2.53368e+06 2.74778e+06 2.23755e+06 1.37328e+06 1.98305e+06
pelacesobs
 0 0 0 0 0 0 0 0 0 0 0 0 0 0 0 552880 188675 0 991730 2.46772e+06 1.41603e+06 1.21717e+06 2.29649e+06 1.80582e+06 0 1.4828e+06 1.56532e+06 1.57751e+06 1.42118e+06 867257 1.10002e+06
pelacespred
 1.45739e+06 894356 447693 342139 347508 592737 307999 345452 236400 161184 223567 250476 272585 215389 223842 552723 527608 1.41562e+06 1.1973e+06 816945 1.41723e+06 1.23602e+06 964707 1.63568e+06 1.1686e+06 1.02415e+06 1.41254e+06 1.51067e+06 1.01192e+06 705248 1.00158e+06
mphobs
 0 0 0 0 0 0 0 0 0 0 0 498337 0 5186 125008 0 168611 109162 213762 579715 649985 157893 87575 83554 0 0 0 0 0 0 0
mphpred
 2.77255e+06 1.8484e+06 908001 493598 493640 548329 741414 419637 374955 252052 167352 319774 348610 290709 188143 241680 916468 851373 1.73602e+06 1.30287e+06 1.379e+06 1.71874e+06 1.62708e+06 1.31606e+06 1.83982e+06 1.49997e+06 1.22584e+06 1.33821e+06 1.91121e+06 1.28173e+06 776017
desembarqueobs
 494567 514787 250237 358949 120608 361735 552515 73892 212993 205616 52469 317467 293654 387597 252695 516296 358380 742168 942051 627588 828172 859565 418607 520667 417249 300574 407403 355545 319650 289779 391294
desembarquepred
 494571 513747 250681 358983 120613 361740 552524 73896.4 213039 205656 52471.5 317523 293692 387598 252677 516232 358397 742045 941778 627412 828216 859542 418607 520684 417241 300568 407394 355524 319636 289779 391291
Reclutas
 185911 104006 104189 151170 121510 227761 90054.4 38818.1 39490.4 54356 102924 140051 115956 80848.3 78699.2 462523 90952.2 701605 405010 307910 459473 609437 121117 370580 306994 137794 318014 360239 101457 72296.8 280515
log_desv_Rt
 0.137913 -0.442906 -0.441148 -0.0689501 -0.28736 0.340941 -0.586941 -1.42847 -1.4113 -1.0918 -0.45336 -0.14535 -0.334148 -0.69478 -0.721721 1.04934 -0.57702 1.46602 0.916558 0.642454 1.04272 1.32518 -0.290599 0.827714 0.639473 -0.161594 0.674741 0.799412 -0.467724 -0.806574 0.549274
SSB
 2.77255e+06 1.8484e+06 908001 493598 493640 548329 741414 419637 374955 252052 167352 319774 348610 290709 188143 241680 916468 851373 1.73602e+06 1.30287e+06 1.379e+06 1.71874e+06 1.62708e+06 1.31606e+06 1.83982e+06 1.49997e+06 1.22584e+06 1.33821e+06 1.91121e+06 1.28173e+06 776017
BT
 3.78029e+06 2.57004e+06 1.28008e+06 1.0904e+06 897721 1.67675e+06 1.20341e+06 862505 756601 569228 560664 842473 894888 899513 769737 1.69151e+06 1.49629e+06 3.92075e+06 3.66575e+06 2.44878e+06 3.9409e+06 3.65335e+06 2.58957e+06 4.25759e+06 3.08189e+06 2.62884e+06 3.67417e+06 3.84054e+06 2.59798e+06 1.90967e+06 2.6827e+06
Ftot
 0.152718 0.279768 0.274449 0.442846 0.156146 0.29527 0.674867 0.113787 0.442145 0.581496 0.127239 0.527668 0.49283 0.839109 0.585022 0.43257 0.272352 0.275796 0.386553 0.351642 0.269126 0.340089 0.201246 0.179491 0.180474 0.146847 0.177035 0.144213 0.139953 0.209558 0.22141
BD_Bspro_t
 0.975861 0.827604 0.653536 0.557178 0.529453 0.605332 0.599045 0.411713 0.468142 0.419821 0.389203 0.633108 0.518006 0.426014 0.314312 0.373292 0.581917 0.550703 0.655378 0.557872 0.526686 0.577962 0.593463 0.581861 0.688478 0.695095 0.701481 0.743252 0.793031 0.722704 0.647099
BD_Bspro
 2.39491 1.59663 0.784325 0.426366 0.426403 0.473643 0.640428 0.36248 0.323884 0.217721 0.144558 0.276218 0.301127 0.251112 0.162516 0.208761 0.791639 0.735411 1.49956 1.12541 1.19117 1.48464 1.40546 1.13681 1.58923 1.29566 1.05887 1.15594 1.65089 1.10715 0.670318
BD_Bo
 1.54143 1.02764 0.504813 0.274421 0.274444 0.304849 0.412197 0.233302 0.20846 0.140131 0.0930412 0.177782 0.193813 0.161623 0.1046 0.134364 0.509521 0.47333 0.965157 0.724344 0.766672 0.955554 0.90459 0.73168 1.02287 0.833924 0.68152 0.743992 1.06256 0.712593 0.431435
BD_Brms
 9.10025 6.06693 2.9803 1.62012 1.62026 1.79976 2.43352 1.37736 1.2307 0.827301 0.549294 1.04958 1.14423 0.954182 0.617534 0.793256 3.00809 2.79443 5.69806 4.27636 4.52625 5.64137 5.34049 4.31967 6.03878 4.9233 4.02354 4.39236 6.2731 4.20698 2.54709
Sel_flota
 0.762363 1 1 1 1
 0.762363 1 1 1 1
 0.762363 1 1 1 1
 0.762363 1 1 1 1
 0.762363 1 1 1 1
 0.762363 1 1 1 1
 0.762363 1 1 1 1
 0.762363 1 1 1 1
 0.762363 1 1 1 1
 0.762363 1 1 1 1
 0.762363 1 1 1 1
 0.762363 1 1 1 1
 0.762363 1 1 1 1
 0.762363 1 1 1 1
 0.762363 1 1 1 1
 0.762363 1 1 1 1
 0.762363 1 1 1 1
 0.762363 1 1 1 1
 0.762363 1 1 1 1
 0.762363 1 1 1 1
 0.762363 1 1 1 1
 0.762363 1 1 1 1
 0.762363 1 1 1 1
 0.762363 1 1 1 1
 0.762363 1 1 1 1
 0.762363 1 1 1 1
 0.762363 1 1 1 1
 0.762363 1 1 1 1
 0.762363 1 1 1 1
 0.762363 1 1 1 1
 0.762363 1 1 1 1
Sel_reclas
 1 1 1 1 1
 1 1 1 1 1
 1 1 1 1 1
 1 1 1 1 1
 1 1 1 1 1
 1 1 1 1 1
 1 1 1 1 1
 1 1 1 1 1
 1 1 1 1 1
 1 1 1 1 1
 1 1 1 1 1
 1 1 1 1 1
 1 1 1 1 1
 1 1 1 1 1
 1 1 1 1 1
 1 1 1 1 1
 1 1 1 1 1
 1 1 1 1 1
 1 1 1 1 1
 1 1 1 1 1
 1 1 1 1 1
 1 1 1 1 1
 1 1 1 1 1
 1 1 1 1 1
 1 1 1 1 1
 1 1 1 1 1
 1 1 1 1 1
 1 1 1 1 1
 1 1 1 1 1
 1 1 1 1 1
 1 1 1 1 1
Sel_pelaces
 1 1 1 1 1
 1 1 1 1 1
 1 1 1 1 1
 1 1 1 1 1
 1 1 1 1 1
 1 1 1 1 1
 1 1 1 1 1
 1 1 1 1 1
 1 1 1 1 1
 1 1 1 1 1
 1 1 1 1 1
 1 1 1 1 1
 1 1 1 1 1
 1 1 1 1 1
 1 1 1 1 1
 1 1 1 1 1
 1 1 1 1 1
 1 1 1 1 1
 1 1 1 1 1
 1 1 1 1 1
 1 1 1 1 1
 1 1 1 1 1
 1 1 1 1 1
 1 1 1 1 1
 1 1 1 1 1
 1 1 1 1 1
 1 1 1 1 1
 1 1 1 1 1
 1 1 1 1 1
 1 1 1 1 1
 1 1 1 1 1
pf_obs 
 0.8446 0.082 0.0669 0.0065 0
 0.8095 0.147 0.0364 0.0071 0
 0.9664 0.0169 0.016 0.0007 0
 0.9276 0.0648 0.0075 0.0001 0
 0.7033 0.2144 0.0806 0.0017 0
 0.9318 0.0425 0.0243 0.0014 0
 0.5671 0.3108 0.0964 0.0239 0.0018
 0.0768 0.2599 0.5324 0.112 0.0189
 0.490249 0.384438 0.106611 0.0170017 0.00170017
 0.7925 0.1577 0.0466 0.003 0.0002
 0.840416 0.127587 0.0312969 0.00059994 9.999e-05
 0.8084 0.0986 0.0794 0.0134 0.0002
 0.7335 0.1905 0.0724 0.0035 0.0001
 0.4001 0.4547 0.1325 0.0127 0
 0.49795 0.308269 0.164784 0.0264974 0.00249975
 0.9179 0.0499 0.0305 0.0017 0
 0.2467 0.6533 0.0926 0.0074 0
 0.9418 0.0223 0.034 0.0019 0
 0.707729 0.231977 0.0356964 0.0245975 0
 0.517169 0.277429 0.184464 0.0207286 0.00020938
 0.811772 0.124168 0.05621 0.00726502 0.000585176
 0.764997 0.148141 0.077277 0.00933861 0.000247198
 0.163321 0.427699 0.378323 0.0303852 0.000271297
 0.753843 0.0900009 0.118128 0.0371064 0.000921714
 0.721811 0.176058 0.0630433 0.0369309 0.00215725
 0.143369 0.312575 0.442814 0.0836902 0.0175525
 0.692698 0.0596174 0.167031 0.0765114 0.00414204
 0.394062 0.376323 0.152708 0.0712218 0.00568511
 0.125707 0.32114 0.495352 0.0537591 0.00404204
 0.23352 0.215282 0.420074 0.123614 0.00750983
 0.774587 0.0839891 0.0768558 0.0609784 0.00358967
pf_pred 
 0.449828 0.133534 0.391213 0.0254238 8.1723e-07
 0.411523 0.307686 0.0681519 0.199663 0.0129759
 0.562949 0.21346 0.116905 0.0258942 0.0807919
 0.711028 0.184162 0.0511905 0.0280352 0.0255846
 0.647472 0.273171 0.0505739 0.0140578 0.0147249
 0.7619 0.169339 0.053282 0.00986443 0.00561406
 0.470015 0.431448 0.0700802 0.0220505 0.00640569
 0.459492 0.304113 0.192444 0.0312587 0.0126926
 0.559882 0.233784 0.116093 0.0734639 0.0167781
 0.729406 0.173241 0.0517123 0.0256794 0.0199613
 0.830903 0.134252 0.0223084 0.00665904 0.0058772
 0.7388 0.226657 0.0274248 0.00455713 0.00256088
 0.682324 0.254256 0.0550332 0.00665886 0.00172828
 0.62961 0.278436 0.0735965 0.0159298 0.00242773
 0.74292 0.1843 0.0547117 0.0144614 0.00360719
 0.940975 0.0475253 0.00824391 0.00244731 0.000808227
 0.357551 0.614838 0.0222313 0.00385633 0.00152287
 0.897059 0.0444177 0.0560084 0.00202515 0.000490016
 0.585325 0.382504 0.0138812 0.0175034 0.000786027
 0.591355 0.270494 0.127433 0.00462458 0.00609322
 0.734304 0.177037 0.0586863 0.0276479 0.00232533
 0.733559 0.210549 0.0372412 0.0123452 0.00630511
 0.300999 0.553146 0.115259 0.0203865 0.0102095
 0.734354 0.09764 0.13295 0.0277026 0.00735381
 0.61219 0.305633 0.0302047 0.0411277 0.0108446
 0.423999 0.391628 0.145304 0.0143599 0.0247087
 0.72981 0.134124 0.0925127 0.0343246 0.009229
 0.681164 0.250014 0.0341636 0.0235646 0.0110939
 0.328536 0.4975 0.136413 0.0186404 0.0189104
 0.398738 0.237864 0.269248 0.0738272 0.0203226
 0.819944 0.0850953 0.0375671 0.0425238 0.0148696
pobs_RECLAS
 0 0 0 0 0
 0 0 0 0 0
 0 0 0 0 0
 0 0 0 0 0
 0 0 0 0 0
 0 0 0 0 0
 0 0 0 0 0
 0 0 0 0 0
 0 0 0 0 0
 0 0 0 0 0
 0.991045 0.00858322 0.000360255 1.14367e-05 0
 0.934742 0.0480273 0.0164251 0.00080598 0
 0.827803 0.169806 0.00239088 0 0
 0.941827 0.0461693 0.0120037 0 0
 0.791401 0.0380133 0.147996 0.0225897 0
 0.846168 0.0940531 0.0597789 0 0
 0.134021 0.677848 0.182769 0.00536245 0
 0.80878 0.0450904 0.141981 0.00414843 0
 0.846168 0.0940531 0.0597789 0 0
 0.905697 0.0802665 0.012482 0.00150086 5.37128e-05
 0.989698 0.0102097 9.19794e-05 0 0
 0.975433 0.0193895 0.00387452 0.00125025 5.28907e-05
 0.303575 0.632131 0.0575291 0.00676475 0
 0.966965 0.00978017 0.0227588 0.000495775 0
 0.843318 0.132988 0.00938335 0.0141283 0.000182051
 0.564624 0.303363 0.111486 0.0197234 0.00080311
 0.826376 0.0876187 0.0782897 0.00655872 0.00115652
 0.89761 0.0855135 0.0140674 0.00269457 0.000114338
 0.34875 0.467042 0.161289 0.0227151 0.000203297
 0.318654 0.224769 0.449479 0.00709798 0
 0.937255 0.0296025 0.0250945 0.00804832 0
ppred_RECLAS
 0.518323 0.11691 0.342508 0.0222586 7.15486e-07
 0.480108 0.271826 0.0602089 0.176393 0.0114636
 0.629728 0.180844 0.0990423 0.0219377 0.0684472
 0.765582 0.149394 0.0415264 0.0227426 0.0207546
 0.707386 0.226744 0.0419786 0.0116686 0.0122223
 0.808708 0.136049 0.0428073 0.00792518 0.00451039
 0.542822 0.372178 0.060453 0.0190213 0.00552571
 0.527815 0.265671 0.168118 0.0273074 0.0110882
 0.628037 0.19758 0.0981149 0.0620875 0.0141799
 0.782403 0.139311 0.0415841 0.0206499 0.0160517
 0.866009 0.106381 0.0176771 0.00527659 0.00465706
 0.790155 0.182094 0.0220328 0.00366115 0.00205738
 0.740649 0.207575 0.0449292 0.0054363 0.00141097
 0.696231 0.228354 0.0603588 0.0130645 0.00199105
 0.79404 0.147652 0.0438323 0.0115858 0.0028899
 0.954859 0.0363468 0.00630484 0.00187167 0.000618122
 0.423566 0.551661 0.019947 0.00346008 0.00136639
 0.920042 0.0345008 0.0435037 0.00157301 0.000380613
 0.651576 0.321393 0.0116634 0.014707 0.000660448
 0.65696 0.227068 0.106975 0.00388214 0.00511501
 0.784879 0.143338 0.0475152 0.022385 0.0018827
 0.784588 0.170225 0.0301088 0.00998082 0.00509756
 0.362016 0.504862 0.105197 0.0186069 0.00931829
 0.784517 0.0792023 0.107844 0.0224714 0.00596516
 0.675224 0.255956 0.0252952 0.0344428 0.00908193
 0.492043 0.345364 0.128139 0.0126635 0.0217898
 0.780564 0.108929 0.0751346 0.0278769 0.00749537
 0.737615 0.205748 0.0281148 0.0193924 0.00912965
 0.391639 0.450746 0.123593 0.0168887 0.0171333
 0.466404 0.211095 0.238947 0.0655188 0.0180355
 0.857224 0.0674768 0.029789 0.0337195 0.0117909
pobs_PELACES
 0 0 0 0 0
 0 0 0 0 0
 0 0 0 0 0
 0 0 0 0 0
 0 0 0 0 0
 0 0 0 0 0
 0 0 0 0 0
 0 0 0 0 0
 0 0 0 0 0
 0 0 0 0 0
 0 0 0 0 0
 0 0 0 0 0
 0 0 0 0 0
 0 0 0 0 0
 0 0 0 0 0
 0 0 0 0 0
 0.505614 0.472636 0.0217494 0 0
 0 0 0 0 0
 0.443492 0.261883 0.143347 0.151278 0
 0.227955 0.32914 0.350689 0.0885471 0.00366901
 0.970185 0.0296113 0.000203453 0 0
 0.997202 0.00247181 0.000326279 0 0
 0.445219 0.490057 0.0546422 0.010081 0
 0.90214 0.0892962 0.00764917 0.000914606 0
 0 0 0 0 0
 0.581667 0.319106 0.0959925 0.00289975 0.000334073
 0.762889 0.0836404 0.116647 0.0363945 0.000428098
 0.88444 0.0763242 0.0277011 0.0115352 0
 0.521256 0.241999 0.230069 0.00667565 0
 0.616807 0.101726 0.260614 0.0208532 0
 0.833518 0.0704572 0.0857862 0.0102388 0
ppred_PELACES
 0.521312 0.116184 0.340383 0.0221204 7.11046e-07
 0.485587 0.268962 0.0595745 0.174534 0.0113428
 0.634733 0.1784 0.0977037 0.0216412 0.0675221
 0.771757 0.145459 0.0404325 0.0221435 0.0202079
 0.709914 0.224785 0.0416159 0.0115678 0.0121167
 0.812265 0.13352 0.0420114 0.00777783 0.00442653
 0.555923 0.361513 0.0587206 0.0184762 0.00536737
 0.530039 0.26442 0.167326 0.0271788 0.011036
 0.636101 0.193297 0.095988 0.0607416 0.0138725
 0.790067 0.134404 0.0401196 0.0199227 0.0154864
 0.867162 0.105465 0.0175249 0.00523116 0.00461696
 0.796934 0.176211 0.0213211 0.00354288 0.00199092
 0.748003 0.201689 0.0436551 0.00528214 0.00137096
 0.709966 0.218029 0.0576297 0.0124738 0.00190103
 0.801442 0.142346 0.0422571 0.0111694 0.00278605
 0.956298 0.0351875 0.00610374 0.00181197 0.000598407
 0.428789 0.546662 0.0197662 0.00342872 0.00135401
 0.921619 0.0338205 0.0426459 0.00154199 0.000373108
 0.658426 0.315075 0.0114341 0.0144179 0.000647463
 0.663147 0.222973 0.105045 0.00381212 0.00502275
 0.788421 0.140978 0.0467329 0.0220165 0.0018517
 0.789061 0.16669 0.0294836 0.00977356 0.00499171
 0.365669 0.501971 0.104595 0.0185004 0.00926494
 0.786887 0.0783312 0.106658 0.0222243 0.00589956
 0.67832 0.253516 0.0250541 0.0341145 0.00899536
 0.494922 0.343407 0.127413 0.0125918 0.0216663
 0.782933 0.107753 0.0743236 0.027576 0.00741447
 0.739798 0.204036 0.0278809 0.0192311 0.00905369
 0.394257 0.448806 0.123062 0.016816 0.0170596
 0.470496 0.209476 0.237115 0.0650163 0.0178972
 0.859336 0.0664787 0.0293484 0.0332207 0.0116165
pobs_pel_tallas
 0 0 0 0 0 0 0 0 0 0 0 0 0 0 0 0 0 0 0 0 0 0 0 0 0 0
 0 0 0 0 0 0 0 0 0 0 0 0 0 0 0 0 0 0 0 0 0 0 0 0 0 0
 0 0 0 0 0 0 0 0 0 0 0 0 0 0 0 0 0 0 0 0 0 0 0 0 0 0
 0 0 0 0 0 0 0 0 0 0 0 0 0 0 0 0 0 0 0 0 0 0 0 0 0 0
 0 0 0 0 0 0 0 0 0 0 0 0 0 0 0 0 0 0 0 0 0 0 0 0 0 0
 0 0 0 0 0 0 0 0 0 0 0 0 0 0 0 0 0 0 0 0 0 0 0 0 0 0
 0 0 0 0 0 0 0 0 0 0 0 0 0 0 0 0 0 0 0 0 0 0 0 0 0 0
 0 0 0 0 0 0 0 0 0 0 0 0 0 0 0 0 0 0 0 0 0 0 0 0 0 0
 0 0 0 0 0 0 0 0 0 0 0 0 0 0 0 0 0 0 0 0 0 0 0 0 0 0
 0 0 0 0 0 0 0 0 0 0 0 0 0 0 0 0 0 0 0 0 0 0 0 0 0 0
 0 0 0 0 0 0 0 0 0 0 0 0 0 0 0 0 0 0 0 0 0 0 0 0 0 0
 0 0 0 0 0 0 0 0 0 0 0 0 0 0 0 0 0 0 0 0 0 0 0 0 0 0
 0.00862536 0 0 0.000197151 0.00414017 0.0128641 0.00837892 0.0270097 0.101434 0.158115 0.152841 0.127902 0.109271 0.109419 0.0830992 0.0579132 0.0238553 0.00714673 0.00463305 0.00128148 0.00103504 0.000492878 0.000147863 0.000147863 4.92878e-05 0
 0 0 0 0 0 0 0 0 0 0 0 0 0 0 0 0 0 0 0 0 0 0 0 0 0 0
 0 0 0 0 0 0 0 0.0054083 0.00873648 0.0413646 0.0450493 0.0745869 0.0622846 0.0627006 0.0613931 0.0827291 0.12552 0.122667 0.0946155 0.0697135 0.0546179 0.0294188 0.0215738 0.0213955 0.0102223 0.00600262
 0 0 0 0 0.00359764 0.0251062 0.0480494 0.140153 0.205849 0.193036 0.1447 0.116669 0.0760912 0.0342217 0.00950174 0.001854 0.000860785 0 0 0 0.000165536 0 0.000143464 0 0 0
 0 0 0 0 0 0 0 0.000145254 0.000435761 0.0275982 0.070085 0.0708112 0.156366 0.174668 0.174014 0.160142 0.0824315 0.0480064 0.0283245 0.00493863 0.00203355 0 0 0 0 0
 0 0 0 0 0 0 0 0 0 0 0 0 0 0 0 0 0 0 0 0 0 0 0 0 0 0
 0 0 1.00437e-05 0.000401748 0.00122533 0.00171747 0.00176769 0.0269171 0.070346 0.194647 0.189555 0.159765 0.064822 0.0314167 0.0384472 0.0292271 0.0345202 0.0313363 0.0194345 0.0106764 0.0143323 0.0359363 0.0279516 0.0138201 0.00172751 0
 0 0.0021121 0.0136068 0.0755702 0.200478 0.177729 0.0527432 0.0373336 0.0318909 0.0142505 0.0149659 0.0166563 0.0217959 0.0798694 0.0677717 0.0528807 0.04013 0.0224614 0.0357745 0.0225083 0.00881397 0.00855152 0.00135912 0.000746735 0 0
 0 0 0 0 5.4009e-05 0.00500934 0.000945158 0.0243581 0.138947 0.33067 0.221406 0.137944 0.0707744 0.0437923 0.0131692 0.00525238 0.0047753 0.00276346 9.45158e-05 9.00151e-06 2.25038e-05 9.00151e-06 4.50075e-06 0 0 0
 0.000866109 0.00284123 0.00948549 0.0512746 0.133035 0.25785 0.225252 0.132002 0.0553304 0.0519788 0.0540692 0.017754 0.00435017 0.00159236 0.00146478 0.000404838 0.000125132 0.000115318 0.000107957 0.000100596 0 0 0 0 0 0
 0 0 0 0 0.00144013 0.00171154 0.00461396 0.0210425 0.0478622 0.0707936 0.0888783 0.103762 0.0637923 0.0337046 0.0602308 0.124433 0.169614 0.0934646 0.0462172 0.0250306 0.0313229 0.00938855 0.002487 0.000210481 0 0
 0 0.00764035 0.051015 0.0998891 0.058973 0.0496711 0.0374665 0.0718981 0.12319 0.153886 0.159021 0.0857701 0.0377988 0.023471 0.0147837 0.00900784 0.00315554 0.000888139 0.00291439 0.00214683 0.00393193 0.00274676 0.000635225 9.99891e-05 0 0
 0 0 0 0 0 0 0 0 0 0 0 0 0 0 0 0 0 0 0 0 0 0 0 0 0 0
 0 0 0 0 0 0 0 0 0 0 0 0 0 0 0 0 0 0 0 0 0 0 0 0 0 0
 0 0 0 0 0 0 0 0 0 0 0 0 0 0 0 0 0 0 0 0 0 0 0 0 0 0
 0 0 0 0 0 0 0 0 0 0 0 0 0 0 0 0 0 0 0 0 0 0 0 0 0 0
 0 0 0 0 0 0 0 0 0 0 0 0 0 0 0 0 0 0 0 0 0 0 0 0 0 0
 0 0 0 0 0 0 0 0 0 0 0 0 0 0 0 0 0 0 0 0 0 0 0 0 0 0
 0 0 0 0 0 0 0 0 0 0 0 0 0 0 0 0 0 0 0 0 0 0 0 0 0 0
ppred_pel_tallas
 1.12071e-16 4.29398e-05 0.00041739 0.00277371 0.0126089 0.0392309 0.0835861 0.121999 0.122011 0.0836435 0.0394252 0.0131765 0.00422278 0.00366095 0.00643763 0.0111851 0.0175263 0.0249846 0.0329919 0.0411108 0.0489793 0.0559506 0.0608423 0.0622205 0.0591456 0.0518271
 1.21211e-16 3.99972e-05 0.000388787 0.00258363 0.0117448 0.0365426 0.0778588 0.113643 0.113669 0.077986 0.0369699 0.0129805 0.00569078 0.00719084 0.0130176 0.0216226 0.0315598 0.0406329 0.0467098 0.0490108 0.0486411 0.0477967 0.0482323 0.0501716 0.0523537 0.052963
 1.16463e-16 5.22821e-05 0.000508201 0.00337717 0.0153522 0.0477663 0.101772 0.148543 0.14856 0.101857 0.0480512 0.0161766 0.00545337 0.0050628 0.00876873 0.0145911 0.0214394 0.0278807 0.0325099 0.0347514 0.0351965 0.035113 0.0355187 0.0365561 0.0375575 0.0375856
 1.06845e-16 6.35686e-05 0.00061791 0.00410623 0.0186663 0.0580779 0.123742 0.180608 0.180622 0.12381 0.0583088 0.0193337 0.0057836 0.00428683 0.00705317 0.0116182 0.0168722 0.0215283 0.0243321 0.0247414 0.0232513 0.0210291 0.0191535 0.0180525 0.0174762 0.0168658
 1.0447e-16 5.84747e-05 0.000568395 0.00377719 0.0171706 0.0534241 0.113826 0.166138 0.166159 0.113932 0.05378 0.0181986 0.00635874 0.00620717 0.0107772 0.0177502 0.0256266 0.0323615 0.0359139 0.0353535 0.0314093 0.0259536 0.0208499 0.0170651 0.0145625 0.0127775
 1.02776e-16 6.69052e-05 0.000650342 0.00432175 0.0196461 0.0611263 0.130237 0.190087 0.1901 0.1303 0.0613382 0.0202587 0.00586126 0.00401714 0.00647886 0.0106516 0.0154465 0.019653 0.022079 0.0221688 0.0203095 0.0175209 0.0147938 0.0126049 0.010898 0.00938606
 1.04549e-16 4.57907e-05 0.000445102 0.00295786 0.013446 0.0418358 0.0891368 0.130105 0.13014 0.0893071 0.0424077 0.0150983 0.00710596 0.0095029 0.0172555 0.0284739 0.0410598 0.0517334 0.0571789 0.0558675 0.0489556 0.0394696 0.0304615 0.0235786 0.0188756 0.0155558
 1.0949e-16 4.36586e-05 0.000424377 0.00282014 0.01282 0.0398878 0.0849861 0.124045 0.124071 0.0851117 0.0403103 0.0140429 0.00590013 0.00718156 0.0129752 0.0216387 0.031768 0.0412062 0.0477474 0.0503276 0.0495401 0.0469871 0.0440447 0.0410936 0.0376972 0.0333298
 1.11259e-16 5.23948e-05 0.000509296 0.00338445 0.0153852 0.0478693 0.101991 0.148863 0.148882 0.102083 0.0481777 0.0162776 0.00563074 0.00543467 0.00947126 0.0157472 0.0230907 0.0299213 0.0346723 0.0366634 0.036472 0.035415 0.0345676 0.0341188 0.0334731 0.0318465
 1.05811e-16 6.50768e-05 0.00063257 0.00420365 0.0191092 0.0594558 0.126677 0.184892 0.184905 0.126741 0.0596692 0.0197261 0.0057543 0.00402477 0.0065288 0.0107476 0.0156137 0.019934 0.0225466 0.0229424 0.0215635 0.0194687 0.0176382 0.0164638 0.0157322 0.0149641
 1.01839e-16 7.1427e-05 0.000694296 0.00461384 0.0209739 0.0652575 0.139038 0.202933 0.202943 0.139088 0.0654244 0.021456 0.00582427 0.00333762 0.00509446 0.00831691 0.0119928 0.0151226 0.016741 0.0164082 0.0144682 0.0118074 0.00931392 0.00745744 0.00623434 0.00538717
 1.01353e-16 6.56424e-05 0.000638068 0.00424019 0.0192753 0.0599726 0.127779 0.1865 0.186517 0.127862 0.0602512 0.0200796 0.00625894 0.00504397 0.00843013 0.0138245 0.0198887 0.0249683 0.0274225 0.0264924 0.0227485 0.017701 0.0128999 0.00922262 0.00676036 0.00515775
 1.02074e-16 6.16121e-05 0.000598891 0.00397984 0.0180918 0.0562904 0.119933 0.17505 0.17507 0.120029 0.0566098 0.0190147 0.0062974 0.00566167 0.00968701 0.0159436 0.0230222 0.0290757 0.0322558 0.0316959 0.0280034 0.0228085 0.0177549 0.0137308 0.0107863 0.00854766
 1.03292e-16 5.8479e-05 0.000568437 0.00377746 0.0171718 0.053428 0.113835 0.16615 0.166171 0.113938 0.0537737 0.0181708 0.00628716 0.00605405 0.010497 0.0173141 0.0250597 0.0317715 0.0354808 0.0352667 0.0317734 0.0267119 0.0217731 0.0178172 0.0148174 0.0123346
 1.02848e-16 6.60137e-05 0.000641677 0.00426417 0.0193843 0.0603118 0.128501 0.187554 0.187568 0.128568 0.0605377 0.0200371 0.0059047 0.00422894 0.00689647 0.0113429 0.0164418 0.0209038 0.0234568 0.02351 0.0214816 0.0184686 0.0155365 0.0131985 0.011392 0.00980251
 1.00469e-16 7.8769e-05 0.000765663 0.0050881 0.0231298 0.0719653 0.15333 0.22379 0.223793 0.153346 0.072021 0.0232906 0.00549199 0.00164771 0.00175493 0.00277924 0.0040022 0.00504601 0.00558414 0.0054678 0.00480882 0.00389997 0.00303572 0.00237382 0.00191798 0.00159058
 1.01284e-16 3.53189e-05 0.000343312 0.00228143 0.0103711 0.0322686 0.0687536 0.100359 0.100411 0.0690105 0.0331311 0.012861 0.00852675 0.0139615 0.0258533 0.0425658 0.0610343 0.0761623 0.0827796 0.078502 0.0651835 0.0477336 0.0312861 0.0188913 0.0110419 0.00665178
 1.01458e-16 7.59125e-05 0.000737897 0.00490358 0.022291 0.0693555 0.147769 0.215674 0.215678 0.147786 0.0694102 0.0224497 0.00530486 0.00162313 0.00178414 0.00289954 0.00433215 0.0057846 0.00699634 0.00782615 0.00829425 0.00849662 0.00847406 0.00816495 0.0074788 0.00640946
 1.01967e-16 5.42337e-05 0.000527171 0.00350324 0.0159252 0.0495495 0.105572 0.154091 0.154121 0.10572 0.0500467 0.0173607 0.00710396 0.00837971 0.0149447 0.0245612 0.0352382 0.0440275 0.0479701 0.0457179 0.0383593 0.0287244 0.01974 0.0130958 0.00898269 0.00668422
 1.04321e-16 5.46226e-05 0.000530951 0.00352836 0.0160394 0.0499047 0.106328 0.155193 0.155215 0.106434 0.0502596 0.017066 0.00611071 0.00618599 0.0108463 0.017979 0.026205 0.0335964 0.0381964 0.0390548 0.0367149 0.0326996 0.0284565 0.0246358 0.0211361 0.0176288
 1.03907e-16 6.49413e-05 0.000631252 0.00419489 0.0190694 0.059332 0.126414 0.184507 0.184521 0.12648 0.0595559 0.0197168 0.00582236 0.00419198 0.00685096 0.0112855 0.0163986 0.0209357 0.0236633 0.0240175 0.022417 0.0199225 0.0175291 0.0156591 0.0141607 0.0126586
 1.02719e-16 6.49939e-05 0.000631764 0.0041983 0.0190849 0.0593801 0.126516 0.184658 0.184674 0.126595 0.059644 0.019847 0.00611206 0.00481147 0.00800885 0.013153 0.0189784 0.0239465 0.0265358 0.0260497 0.0230242 0.0188473 0.0149071 0.0119343 0.00992209 0.00847597
 1.0657e-16 3.01197e-05 0.000292775 0.00194559 0.00884441 0.0275185 0.0586329 0.0855866 0.085635 0.0588696 0.0283134 0.011141 0.00771299 0.0128916 0.0239826 0.0396657 0.057289 0.0723595 0.0802986 0.0789741 0.0699305 0.0572567 0.0450567 0.0355168 0.0286944 0.0235611
 1.06326e-16 6.48148e-05 0.000630023 0.00418673 0.0190323 0.0592164 0.126167 0.184146 0.184154 0.126205 0.0593436 0.0194014 0.00512093 0.00269451 0.00405942 0.00680164 0.010244 0.0138306 0.0170195 0.0195355 0.0214499 0.022956 0.0240482 0.0244195 0.0236664 0.0216063
 1.05732e-16 5.58724e-05 0.0005431 0.00360909 0.0164064 0.0510466 0.108761 0.158745 0.158769 0.10888 0.0514473 0.0175639 0.00651451 0.00688544 0.0121011 0.0199192 0.0286993 0.0361269 0.0398998 0.0390012 0.0343277 0.0280937 0.0224918 0.0186387 0.0164216 0.0150512
 1.08695e-16 4.07661e-05 0.000396261 0.0026333 0.0119706 0.0372452 0.079356 0.115829 0.115863 0.0795184 0.0377908 0.0135483 0.0065996 0.00907495 0.0165825 0.0275048 0.0399806 0.0510369 0.0576477 0.0583932 0.0542367 0.0477227 0.0412896 0.03606 0.0318273 0.0278519
 1.06193e-16 6.44892e-05 0.000626858 0.00416569 0.0189366 0.0589189 0.125533 0.183222 0.183232 0.125585 0.0590914 0.0194362 0.00542469 0.00339191 0.005365 0.008897 0.0131162 0.0171424 0.0201183 0.0216522 0.0220058 0.0218077 0.0215357 0.0212093 0.0204911 0.0190302
 1.04318e-16 6.09362e-05 0.000592322 0.00393619 0.0178934 0.055673 0.118618 0.17313 0.17315 0.118714 0.0559957 0.0188256 0.00627663 0.00570265 0.00977004 0.0160661 0.0231661 0.0291995 0.0323115 0.0316709 0.0279723 0.0229619 0.0183743 0.0151028 0.0130867 0.0117491
 1.0824e-16 3.24745e-05 0.000315664 0.0020977 0.00953585 0.0296698 0.0632163 0.0922751 0.0923184 0.0634282 0.0303815 0.0115927 0.00726529 0.0116118 0.0215309 0.0356609 0.051642 0.0655154 0.073246 0.07295 0.0659611 0.0558027 0.0459481 0.0381509 0.0323256 0.0275257
 1.16446e-16 3.87541e-05 0.000376704 0.00250333 0.0113798 0.0354069 0.0754389 0.11011 0.11013 0.0755394 0.0357453 0.0123618 0.00498512 0.00585045 0.0105993 0.0178944 0.0267909 0.0358327 0.0435218 0.0491355 0.0529926 0.0558558 0.0580138 0.0588891 0.0574737 0.0531343
 1.06162e-16 7.07824e-05 0.00068803 0.0045722 0.0207846 0.0646685 0.137783 0.2011 0.201107 0.137815 0.0647746 0.0210915 0.00534496 0.00238289 0.00331357 0.00543083 0.00797446 0.0103756 0.0121213 0.0130189 0.0133128 0.0134878 0.013906 0.0145647 0.0151317 0.0151793
pSPR Fmed_Fpbrs
0.608279   0.219383 0.219383
Fs Fmed_Fpbrs
0.276498   1.005 1.005
SSBpbr Bo_Bmed_Bpbrs
1.79869e+06  1.00417e+06  304668 304668
Ro
161961
SPR SPRFo_SPRFmed_SPRFpbrs
1.15768e+06 704195 253977
Fref
1.005
Nvult_r0
 193348 15986.2 7057.45 7988.63 2793.44
CTP_r0
 27922.9 2897.89 1279.33 1448.13 506.378
YTP_r0
391291
Np
 225330 87167.7 6683.29 2950.48 4324.39
Nvult_p0
 186802 75429.7 5783.32 2553.17 3742.06
CTP_p0
 81035.5 37808.9 2898.87 1279.77 1875.7
YTP_p0
 1.38817e+06
CBA_c0
690354
log_Ro
11.8151
likeval ReclasPelacesDesembMPH_pf_preclas_ppelaces_ptallas_desvR_qrecl_qpela
 12.3024 18.8531 0.0380626 0.00255538 241.02 118.087 98.6585 0 25.9355 0 0 0.193545 0 0 0
q_reclas_q_pelaces
1 1
M
1
N
 185911 42700.8 125100 8129.85 0.261328
 104006 60876.2 13483.9 39503.7 2567.31
 104189 30912.6 16929.8 3749.91 11700
 151170 31092.8 8642.71 4733.31 4319.57
 121510 39677.9 7345.82 2041.88 2138.78
 227761 39684.3 12486.5 2311.71 1315.64
 90054.4 66899.6 10866.5 3419.11 993.254
 38818.1 19804.7 12532.5 2035.66 826.582
 39490.4 13093.8 6502.15 4114.59 939.711
 54356 10370.7 3095.64 1537.24 1194.94
 102924 12835.9 2132.91 636.671 561.919
 140051 34363.4 4157.88 690.906 388.255
 115956 34457.6 7458.28 902.431 234.222
 80848.3 29297.2 7743.86 1676.14 255.447
 78699.2 15687.6 4657.05 1230.96 307.043
 462523 18534.5 3215.06 954.432 315.203
 90952.2 122354 4424.09 767.418 303.055
 701605 27186 34280.2 1239.5 299.916
 405010 209163 7590.58 9571.33 429.82
 307910 110965 52277.2 1897.15 2499.64
 459473 86637.2 28719.5 13530.1 1137.96
 609437 137677 24351.8 8072.4 4122.87
 121117 172995 36046.8 6375.83 3192.99
 370580 38219 52040.3 10843.6 2878.49
 306994 118894 11749.9 15999 4218.64
 137794 98419.8 36516.3 3608.77 6209.51
 318014 45322.8 31261.7 11598.9 3118.65
 360239 102220 13968.1 9634.59 4535.82
 101457 118727 32554.6 4448.48 4512.92
 72296.8 33546.6 37972.9 10412.1 2866.16
 280515 22669.5 10007.9 11328.4 3961.28
pred_Ctot
 13039.2 3870.79 11340.2 736.964 0.0236892
 12849.2 9607.04 2127.94 6234.18 405.154
 12647.6 4795.76 2626.47 581.758 1815.13
 28140.3 7288.56 2025.96 1109.55 1012.56
 8704.32 3672.39 679.892 188.986 197.955
 29557 6569.31 2067.01 382.678 217.79
 23864.7 21906.5 3558.28 1119.6 325.245
 2053.39 1359.03 859.997 139.689 56.7211
 7341.06 3065.32 1522.19 963.245 219.991
 12752.8 3028.92 904.13 448.975 349
 6062.5 979.543 162.769 48.5863 42.8817
 30291.8 9293.23 1124.45 186.848 105
 23666.9 8819.05 1908.87 230.967 59.9467
 25421.4 11242.3 2971.57 643.189 98.023
 18557 4603.52 1366.61 361.225 90.102
 84359.6 4260.7 739.076 219.404 72.4586
 10963.5 18852.6 681.673 118.245 46.6954
 85551.3 4236.05 5341.45 193.136 46.7322
 66929.4 43737.7 1587.25 2001.44 89.8788
 46778.3 21397 10080.4 365.82 481.995
 54783.4 13208 4378.35 2062.7 173.484
 89859.1 25791.7 4561.95 1512.25 772.36
 11026.6 20263.7 4222.32 746.829 374.009
 30294.6 4027.99 5484.64 1142.83 303.37
 25226.2 12594.1 1244.63 1694.73 446.87
 9309.96 8599.18 3190.52 315.308 542.54
 25661.2 4715.99 3252.89 1206.9 324.506
 23922.3 8780.43 1199.82 827.583 389.614
 6547.09 9914.2 2718.45 371.467 376.848
 6836.28 4078.12 4616.2 1265.75 348.427
 27922.9 2897.89 1279.33 1448.13 506.378
F
 0.116426 0.152718 0.152718 0.152718 0.152718
 0.213285 0.279768 0.279768 0.279768 0.279768
 0.209229 0.274449 0.274449 0.274449 0.274449
 0.337609 0.442846 0.442846 0.442846 0.442846
 0.11904 0.156146 0.156146 0.156146 0.156146
 0.225103 0.29527 0.29527 0.29527 0.29527
 0.514494 0.674867 0.674867 0.674867 0.674867
 0.0867474 0.113787 0.113787 0.113787 0.113787
 0.337075 0.442145 0.442145 0.442145 0.442145
 0.443311 0.581496 0.581496 0.581496 0.581496
 0.0970024 0.127239 0.127239 0.127239 0.127239
 0.402274 0.527668 0.527668 0.527668 0.527668
 0.375716 0.49283 0.49283 0.49283 0.49283
 0.639706 0.839109 0.839109 0.839109 0.839109
 0.445999 0.585022 0.585022 0.585022 0.585022
 0.329776 0.43257 0.43257 0.43257 0.43257
 0.207631 0.272352 0.272352 0.272352 0.272352
 0.210256 0.275796 0.275796 0.275796 0.275796
 0.294694 0.386553 0.386553 0.386553 0.386553
 0.268079 0.351642 0.351642 0.351642 0.351642
 0.205172 0.269126 0.269126 0.269126 0.269126
 0.259272 0.340089 0.340089 0.340089 0.340089
 0.153422 0.201246 0.201246 0.201246 0.201246
 0.136837 0.179491 0.179491 0.179491 0.179491
 0.137587 0.180474 0.180474 0.180474 0.180474
 0.111951 0.146847 0.146847 0.146847 0.146847
 0.134965 0.177035 0.177035 0.177035 0.177035
 0.109942 0.144213 0.144213 0.144213 0.144213
 0.106695 0.139953 0.139953 0.139953 0.139953
 0.15976 0.209558 0.209558 0.209558 0.209558
 0.168795 0.22141 0.22141 0.22141 0.22141
nmprior
 8.19 8.8 8.5 0
nm_flota  nm_reclas  nm_pelaces    nm_pelaL
inf 13.1341 17.4845 41.2523
cv_recla  cv_pelaces  cv_mph
0.317264 0.492338 1.56003
 ------------------------------------------------
Talla a la edad & desviaci?n 
 8 13.2811 15.8009 17.003 17.5766
 0.8 1.32811 1.58009 1.7003 1.75766
