years
 1991 1992 1993 1994 1995 1996 1997 1998 1999 2000 2001 2002 2003 2004 2005 2006 2007 2008 2009 2010 2011 2012 2013 2014 2015 2016 2017 2018 2019 2020 2021
reclasobs
 0 0 0 0 0 0 0 0 0 252601 567819 844713 477998 351125 339783 2.1784e+06 2.13404e+06 4.81314e+06 1.55562e+06 2.62356e+06 3.21686e+06 3.843e+06 1.13348e+06 3.07943e+06 1.97215e+06 2.03268e+06 2.025e+06 2.42433e+06 2.27542e+06 1.05018e+06 2.36338e+06
reclaspred
 1.9035e+06 1.4146e+06 714821 501930 518313 699386 450953 352114 239716 198328 320102 562146 523121 359567 472533 943506 1.39304e+06 2.03766e+06 2.07249e+06 1.74148e+06 2.729e+06 2.02902e+06 1.91073e+06 2.40625e+06 2.0447e+06 1.72975e+06 1.9001e+06 2.02556e+06 2.20635e+06 1.30346e+06 1.55987e+06
pelacesobs
 0 0 0 0 0 0 0 0 0 0 0 0 0 0 0 552880 188675 0 991730 2.46772e+06 1.41603e+06 1.21717e+06 2.29649e+06 1.80582e+06 0 1.4828e+06 1.56532e+06 1.57751e+06 1.42118e+06 867257 1.10002e+06
pelacespred
 799154 652715 346454 208245 222110 299247 161584 164199 105677 82204.2 151736 224544 223043 163833 236044 393236 572885 898600 1.00685e+06 809378 1.10106e+06 985431 880154 1.20674e+06 1.05156e+06 857116 1.05009e+06 1.14024e+06 1.00886e+06 681035 796764
mphobs
 0 0 0 0 0 0 0 0 0 0 0 498337 0 5186 125008 0 168611 109162 213762 579715 649985 157893 87575 83554 0 0 0 0 0 0 0
mphpred
 1.44665e+06 1.50411e+06 809541 379067 417411 395761 528107 264537 220320 152398 131794 370622 453402 295696 218721 432992 1.01881e+06 1.17282e+06 1.58473e+06 1.56378e+06 1.69207e+06 1.78653e+06 1.67251e+06 1.39175e+06 2.02435e+06 1.46878e+06 1.22204e+06 1.48008e+06 2.03337e+06 1.35015e+06 841738
desembarqueobs
 494567 514787 250237 358949 120608 361735 552515 73892 212993 205616 52469 317467 293654 387597 252695 516296 358380 742168 942051 627588 828172 859565 418607 520667 417249 300574 407403 355545 319650 289779 391294
desembarquepred
 494544 512445 250341 358342 120495 361952 551761 73879.1 212896 206198 52514.3 317400 293483 387116 252564 515929 358051 741097 942118 627523 826845 858723 417818 520545 417920 301083 408585 356218 319851 289795 391302
Reclutas
 361302 70215.7 44330.9 160213 75710.7 193738 75319.4 24451.7 34958.2 59885 127211 166377 85388.7 90497.9 131067 444411 160235 542199 584425 333316 405887 611620 132039 406281 250890 150718 364870 367044 97015 82373.9 350399
log_desv_Rt
 0.80236 -0.835783 -1.29567 -0.0108512 -0.760435 0.179152 -0.765617 -1.89066 -1.5332 -0.994929 -0.241506 0.0269036 -0.640141 -0.582028 -0.211648 1.00939 -0.0107107 1.20828 1.28327 0.721736 0.91872 1.32876 -0.204255 0.919691 0.437662 -0.0719467 0.812187 0.818128 -0.512489 -0.676086 0.771717
SSB
 1.44665e+06 1.50411e+06 809541 379067 417411 395761 528107 264537 220320 152398 131794 370622 453402 295696 218721 432992 1.01881e+06 1.17282e+06 1.58473e+06 1.56378e+06 1.69207e+06 1.78653e+06 1.67251e+06 1.39175e+06 2.02435e+06 1.46878e+06 1.22204e+06 1.48008e+06 2.03337e+06 1.35015e+06 841738
BT
 2.63255e+06 2.0665e+06 1.07182e+06 990204 696590 1.35388e+06 928662 547838 545287 476688 603809 988396 910717 974128 1.15604e+06 1.88431e+06 1.89974e+06 3.67636e+06 4.15201e+06 2.83654e+06 4.0669e+06 3.76183e+06 2.70196e+06 4.61284e+06 3.15261e+06 2.67401e+06 3.99913e+06 4.05955e+06 2.7303e+06 2.04209e+06 3.19844e+06
Ftot
 0.244635 0.336982 0.326098 0.649369 0.219107 0.479135 1.04761 0.198172 0.794371 0.920112 0.155982 0.519514 0.514232 0.950401 0.496604 0.507197 0.241905 0.340353 0.422109 0.336381 0.284254 0.393554 0.206247 0.204679 0.193056 0.164858 0.203474 0.166825 0.137495 0.209605 0.23701
BD_Bspro_t
 0.961615 0.791362 0.601929 0.461754 0.485544 0.531726 0.5178 0.314319 0.348584 0.310575 0.337835 0.659961 0.574373 0.431448 0.357368 0.512492 0.618262 0.631911 0.649277 0.611479 0.582103 0.594489 0.612312 0.609195 0.717055 0.701558 0.712427 0.766057 0.807494 0.737799 0.669945
BD_Bspro
 1.2496 1.29924 0.699276 0.327435 0.360557 0.341856 0.456176 0.228505 0.190311 0.13164 0.113843 0.320141 0.391645 0.25542 0.18893 0.374015 0.880044 1.01308 1.36888 1.35078 1.4616 1.5432 1.4447 1.20219 1.74862 1.26873 1.05559 1.27848 1.75641 1.16625 0.727088
BD_Bo
 0.826031 0.858842 0.462245 0.216446 0.23834 0.225978 0.301548 0.15105 0.125802 0.0870187 0.0752539 0.211624 0.258891 0.168841 0.124889 0.247237 0.581739 0.669678 0.904878 0.892912 0.966164 1.02011 0.954997 0.794687 1.1559 0.838671 0.697778 0.84512 1.16105 0.770932 0.48063
BD_Brms
 3.50649 3.64577 1.96222 0.918808 1.01175 0.959273 1.28006 0.641202 0.534026 0.369393 0.319451 0.898339 1.09899 0.716727 0.530151 1.04952 2.46947 2.84277 3.84119 3.79039 4.10135 4.33033 4.05394 3.37343 4.90675 3.56014 2.96205 3.58751 4.92862 3.27259 2.04026
Sel_flota
 0.5 1 1 1 1
 0.5 1 1 1 1
 0.5 1 1 1 1
 0.5 1 1 1 1
 0.5 1 1 1 1
 0.5 1 1 1 1
 0.5 1 1 1 1
 0.5 1 1 1 1
 0.5 1 1 1 1
 0.5 1 1 1 1
 0.5 1 1 1 1
 0.5 1 1 1 1
 0.5 1 1 1 1
 0.5 1 1 1 1
 0.5 1 1 1 1
 0.5 1 1 1 1
 0.5 1 1 1 1
 0.5 1 1 1 1
 0.5 1 1 1 1
 0.5 1 1 1 1
 0.5 1 1 1 1
 0.5 1 1 1 1
 0.5 1 1 1 1
 0.5 1 1 1 1
 0.5 1 1 1 1
 0.5 1 1 1 1
 0.5 1 1 1 1
 0.5 1 1 1 1
 0.5 1 1 1 1
 0.5 1 1 1 1
 0.5 1 1 1 1
Sel_reclas
 0.5 1 1 1 1
 0.5 1 1 1 1
 0.5 1 1 1 1
 0.5 1 1 1 1
 0.5 1 1 1 1
 0.5 1 1 1 1
 0.5 1 1 1 1
 0.5 1 1 1 1
 0.5 1 1 1 1
 0.5 1 1 1 1
 0.5 1 1 1 1
 0.5 1 1 1 1
 0.5 1 1 1 1
 0.5 1 1 1 1
 0.5 1 1 1 1
 0.5 1 1 1 1
 0.5 1 1 1 1
 0.5 1 1 1 1
 0.5 1 1 1 1
 0.5 1 1 1 1
 0.5 1 1 1 1
 0.5 1 1 1 1
 0.5 1 1 1 1
 0.5 1 1 1 1
 0.5 1 1 1 1
 0.5 1 1 1 1
 0.5 1 1 1 1
 0.5 1 1 1 1
 0.5 1 1 1 1
 0.5 1 1 1 1
 0.5 1 1 1 1
Sel_pelaces
 0.5 1 1 1 1
 0.5 1 1 1 1
 0.5 1 1 1 1
 0.5 1 1 1 1
 0.5 1 1 1 1
 0.5 1 1 1 1
 0.5 1 1 1 1
 0.5 1 1 1 1
 0.5 1 1 1 1
 0.5 1 1 1 1
 0.5 1 1 1 1
 0.5 1 1 1 1
 0.5 1 1 1 1
 0.5 1 1 1 1
 0.5 1 1 1 1
 0.5 1 1 1 1
 0.5 1 1 1 1
 0.5 1 1 1 1
 0.5 1 1 1 1
 0.5 1 1 1 1
 0.5 1 1 1 1
 0.5 1 1 1 1
 0.5 1 1 1 1
 0.5 1 1 1 1
 0.5 1 1 1 1
 0.5 1 1 1 1
 0.5 1 1 1 1
 0.5 1 1 1 1
 0.5 1 1 1 1
 0.5 1 1 1 1
 0.5 1 1 1 1
pf_obs 
 0.8446 0.082 0.0669 0.0065 0
 0.8095 0.147 0.0364 0.0071 0
 0.9664 0.0169 0.016 0.0007 0
 0.9276 0.0648 0.0075 0.0001 0
 0.7033 0.2144 0.0806 0.0017 0
 0.9318 0.0425 0.0243 0.0014 0
 0.5671 0.3108 0.0964 0.0239 0.0018
 0.0768 0.2599 0.5324 0.112 0.0189
 0.490249 0.384438 0.106611 0.0170017 0.00170017
 0.7925 0.1577 0.0466 0.003 0.0002
 0.840416 0.127587 0.0312969 0.00059994 9.999e-05
 0.8084 0.0986 0.0794 0.0134 0.0002
 0.7335 0.1905 0.0724 0.0035 0.0001
 0.4001 0.4547 0.1325 0.0127 0
 0.49795 0.308269 0.164784 0.0264974 0.00249975
 0.9179 0.0499 0.0305 0.0017 0
 0.2467 0.6533 0.0926 0.0074 0
 0.9418 0.0223 0.034 0.0019 0
 0.707729 0.231977 0.0356964 0.0245975 0
 0.517169 0.277429 0.184464 0.0207286 0.00020938
 0.811772 0.124168 0.05621 0.00726502 0.000585176
 0.764997 0.148141 0.077277 0.00933861 0.000247198
 0.163321 0.427699 0.378323 0.0303852 0.000271297
 0.753843 0.0900009 0.118128 0.0371064 0.000921714
 0.721811 0.176058 0.0630433 0.0369309 0.00215725
 0.143369 0.312575 0.442814 0.0836902 0.0175525
 0.692698 0.0596174 0.167031 0.0765114 0.00414204
 0.394062 0.376323 0.152708 0.0712218 0.00568511
 0.125707 0.32114 0.495352 0.0537591 0.00404204
 0.23352 0.215282 0.420074 0.123614 0.00750983
 0.774587 0.0839891 0.0768558 0.0609784 0.00358967
pf_pred 
 0.627126 0.235701 0.0867097 0.0318987 0.0185643
 0.200064 0.626726 0.10949 0.040279 0.0234415
 0.278598 0.257052 0.363804 0.063557 0.0369887
 0.750591 0.114733 0.0479883 0.0679173 0.0187705
 0.449903 0.484297 0.0302695 0.0126606 0.0228705
 0.73039 0.171423 0.0864425 0.00540284 0.00634198
 0.411337 0.507697 0.0514792 0.0259592 0.00352703
 0.339136 0.437258 0.192852 0.0195547 0.0112005
 0.564557 0.22695 0.137949 0.060842 0.00970282
 0.759087 0.185237 0.0290178 0.0176381 0.00901986
 0.808487 0.17122 0.0156026 0.00244418 0.00224541
 0.656297 0.30878 0.0312231 0.00284523 0.000855177
 0.44961 0.449903 0.0902762 0.00912853 0.00108187
 0.592508 0.267564 0.114381 0.0229513 0.00259583
 0.735474 0.210918 0.0351998 0.0150475 0.00336089
 0.849544 0.130319 0.0160563 0.00267961 0.00140135
 0.381329 0.575063 0.0377708 0.00465366 0.0011828
 0.759913 0.136821 0.095988 0.00630461 0.000974207
 0.622869 0.330067 0.0268208 0.0188164 0.00142686
 0.447004 0.436684 0.101797 0.00827191 0.00624332
 0.570773 0.275318 0.121537 0.028332 0.00403985
 0.654776 0.256609 0.0568405 0.0250918 0.00668331
 0.231864 0.622461 0.108282 0.0239852 0.0134083
 0.653904 0.1353 0.170819 0.0297154 0.0102617
 0.436359 0.451264 0.0439319 0.0554651 0.0129806
 0.366156 0.393718 0.19225 0.0187162 0.0291596
 0.671176 0.180244 0.0922923 0.0450658 0.0112227
 0.559979 0.357567 0.0451967 0.0231426 0.0141145
 0.226203 0.563185 0.171146 0.021633 0.0178328
 0.328016 0.254308 0.303993 0.0923803 0.0213026
 0.774368 0.114974 0.0418777 0.0500594 0.0187205
pobs_RECLAS
 0 0 0 0 0
 0 0 0 0 0
 0 0 0 0 0
 0 0 0 0 0
 0 0 0 0 0
 0 0 0 0 0
 0 0 0 0 0
 0 0 0 0 0
 0 0 0 0 0
 0 0 0 0 0
 0.991045 0.00858322 0.000360255 1.14367e-05 0
 0.934742 0.0480273 0.0164251 0.00080598 0
 0.827803 0.169806 0.00239088 0 0
 0.941827 0.0461693 0.0120037 0 0
 0.791401 0.0380133 0.147996 0.0225897 0
 0.846168 0.0940531 0.0597789 0 0
 0.134021 0.677848 0.182769 0.00536245 0
 0.80878 0.0450904 0.141981 0.00414843 0
 0.846168 0.0940531 0.0597789 0 0
 0.905697 0.0802665 0.012482 0.00150086 5.37128e-05
 0.989698 0.0102097 9.19794e-05 0 0
 0.975433 0.0193895 0.00387452 0.00125025 5.28907e-05
 0.303575 0.632131 0.0575291 0.00676475 0
 0.966965 0.00978017 0.0227588 0.000495775 0
 0.843318 0.132988 0.00938335 0.0141283 0.000182051
 0.564624 0.303363 0.111486 0.0197234 0.00080311
 0.826376 0.0876187 0.0782897 0.00655872 0.00115652
 0.89761 0.0855135 0.0140674 0.00269457 0.000114338
 0.34875 0.467042 0.161289 0.0227151 0.000203297
 0.318654 0.224769 0.449479 0.00709798 0
 0.937255 0.0296025 0.0250945 0.00804832 0
ppred_RECLAS
 0.629879 0.233961 0.0860695 0.0316632 0.0184273
 0.202822 0.624565 0.109112 0.0401402 0.0233607
 0.281924 0.255867 0.362127 0.063264 0.0368182
 0.757786 0.111423 0.0466039 0.0659581 0.0182291
 0.452477 0.48203 0.0301279 0.0126013 0.0227635
 0.735543 0.168146 0.0847901 0.00529956 0.00622075
 0.429372 0.492143 0.0499021 0.0251639 0.00341898
 0.341219 0.435879 0.192244 0.019493 0.0111652
 0.576971 0.22048 0.134016 0.0591074 0.00942619
 0.770218 0.176679 0.0276772 0.0168232 0.00860312
 0.809586 0.170238 0.0155131 0.00243016 0.00223253
 0.662841 0.3029 0.0306286 0.00279105 0.000838893
 0.456741 0.444075 0.0891067 0.00901027 0.00106785
 0.608026 0.257375 0.110025 0.0220773 0.00249698
 0.740797 0.206674 0.0344915 0.0147447 0.00329326
 0.853123 0.127219 0.0156743 0.00261587 0.00136802
 0.384079 0.572507 0.037603 0.00463298 0.00117755
 0.763064 0.135025 0.0947283 0.00622186 0.000961422
 0.628142 0.325452 0.0264458 0.0185533 0.00140691
 0.451236 0.433342 0.101018 0.0082086 0.00619553
 0.574206 0.273116 0.120565 0.0281054 0.00400754
 0.659432 0.253148 0.0560739 0.0247534 0.00659317
 0.233598 0.621056 0.108038 0.0239311 0.013378
 0.656079 0.134449 0.169746 0.0295286 0.0101972
 0.438577 0.449488 0.0437591 0.0552468 0.0129295
 0.367913 0.392627 0.191717 0.0186643 0.0290788
 0.673282 0.179089 0.091701 0.044777 0.0111508
 0.561866 0.356034 0.0450029 0.0230434 0.014054
 0.22729 0.562394 0.170906 0.0216026 0.0178077
 0.330199 0.253482 0.303005 0.0920801 0.0212334
 0.776349 0.113965 0.0415101 0.0496201 0.0185562
pobs_PELACES
 0 0 0 0 0
 0 0 0 0 0
 0 0 0 0 0
 0 0 0 0 0
 0 0 0 0 0
 0 0 0 0 0
 0 0 0 0 0
 0 0 0 0 0
 0 0 0 0 0
 0 0 0 0 0
 0 0 0 0 0
 0 0 0 0 0
 0 0 0 0 0
 0 0 0 0 0
 0 0 0 0 0
 0 0 0 0 0
 0.505614 0.472636 0.0217494 0 0
 0 0 0 0 0
 0.443492 0.261883 0.143347 0.151278 0
 0.227955 0.32914 0.350689 0.0885471 0.00366901
 0.970185 0.0296113 0.000203453 0 0
 0.997202 0.00247181 0.000326279 0 0
 0.445219 0.490057 0.0546422 0.010081 0
 0.90214 0.0892962 0.00764917 0.000914606 0
 0 0 0 0 0
 0.581667 0.319106 0.0959925 0.00289975 0.000334073
 0.762889 0.0836404 0.116647 0.0363945 0.000428098
 0.88444 0.0763242 0.0277011 0.0115352 0
 0.521256 0.241999 0.230069 0.00667565 0
 0.616807 0.101726 0.260614 0.0208532 0
 0.833518 0.0704572 0.0857862 0.0102388 0
ppred_PELACES
 0.639239 0.228045 0.0838929 0.0308625 0.0179612
 0.211961 0.617405 0.107861 0.03968 0.0230928
 0.292943 0.251941 0.35657 0.0622932 0.0362532
 0.776906 0.102628 0.0429251 0.0607515 0.0167901
 0.461448 0.474132 0.0296342 0.0123949 0.0223905
 0.750633 0.158552 0.0799522 0.00499718 0.00586581
 0.472139 0.455258 0.0461621 0.0232779 0.00316273
 0.348607 0.430991 0.190088 0.0192744 0.01104
 0.608598 0.203996 0.123996 0.0546883 0.00872146
 0.79598 0.15687 0.024574 0.014937 0.00763855
 0.813522 0.166719 0.0151924 0.00237993 0.00218638
 0.681723 0.285937 0.0289133 0.00263475 0.000791913
 0.477859 0.426812 0.0856429 0.00866002 0.00102634
 0.644703 0.233292 0.0997297 0.0200115 0.00226333
 0.756218 0.194378 0.0324395 0.0138675 0.00309733
 0.863303 0.118401 0.014588 0.00243457 0.0012732
 0.393564 0.563691 0.0370239 0.00456163 0.00115941
 0.773066 0.129324 0.0907291 0.00595919 0.000920833
 0.64426 0.311345 0.0252995 0.0177492 0.00134593
 0.465014 0.422462 0.0984819 0.00800251 0.00603998
 0.585631 0.265787 0.11733 0.0273513 0.00390001
 0.673861 0.242423 0.0536982 0.0237047 0.00631384
 0.239745 0.616074 0.107171 0.0237391 0.0132707
 0.663659 0.131486 0.166005 0.0288778 0.0099725
 0.446435 0.443196 0.0431466 0.0544735 0.0127485
 0.374261 0.388683 0.189792 0.0184768 0.0287868
 0.680624 0.175064 0.0896403 0.0437708 0.0109002
 0.56863 0.350537 0.0443081 0.0226876 0.013837
 0.231299 0.559476 0.170019 0.0214905 0.0177153
 0.337893 0.25057 0.299525 0.0910225 0.0209895
 0.783065 0.110542 0.0402635 0.0481299 0.0179989
pobs_pel_tallas
 0 0 0 0 0 0 0 0 0 0 0 0 0 0 0 0 0 0 0 0 0 0 0 0 0 0
 0 0 0 0 0 0 0 0 0 0 0 0 0 0 0 0 0 0 0 0 0 0 0 0 0 0
 0 0 0 0 0 0 0 0 0 0 0 0 0 0 0 0 0 0 0 0 0 0 0 0 0 0
 0 0 0 0 0 0 0 0 0 0 0 0 0 0 0 0 0 0 0 0 0 0 0 0 0 0
 0 0 0 0 0 0 0 0 0 0 0 0 0 0 0 0 0 0 0 0 0 0 0 0 0 0
 0 0 0 0 0 0 0 0 0 0 0 0 0 0 0 0 0 0 0 0 0 0 0 0 0 0
 0 0 0 0 0 0 0 0 0 0 0 0 0 0 0 0 0 0 0 0 0 0 0 0 0 0
 0 0 0 0 0 0 0 0 0 0 0 0 0 0 0 0 0 0 0 0 0 0 0 0 0 0
 0 0 0 0 0 0 0 0 0 0 0 0 0 0 0 0 0 0 0 0 0 0 0 0 0 0
 0 0 0 0 0 0 0 0 0 0 0 0 0 0 0 0 0 0 0 0 0 0 0 0 0 0
 0 0 0 0 0 0 0 0 0 0 0 0 0 0 0 0 0 0 0 0 0 0 0 0 0 0
 0 0 0 0 0 0 0 0 0 0 0 0 0 0 0 0 0 0 0 0 0 0 0 0 0 0
 0.00862536 0 0 0.000197151 0.00414017 0.0128641 0.00837892 0.0270097 0.101434 0.158115 0.152841 0.127902 0.109271 0.109419 0.0830992 0.0579132 0.0238553 0.00714673 0.00463305 0.00128148 0.00103504 0.000492878 0.000147863 0.000147863 4.92878e-05 0
 0 0 0 0 0 0 0 0 0 0 0 0 0 0 0 0 0 0 0 0 0 0 0 0 0 0
 0 0 0 0 0 0 0 0.0054083 0.00873648 0.0413646 0.0450493 0.0745869 0.0622846 0.0627006 0.0613931 0.0827291 0.12552 0.122667 0.0946155 0.0697135 0.0546179 0.0294188 0.0215738 0.0213955 0.0102223 0.00600262
 0 0 0 0 0.00359764 0.0251062 0.0480494 0.140153 0.205849 0.193036 0.1447 0.116669 0.0760912 0.0342217 0.00950174 0.001854 0.000860785 0 0 0 0.000165536 0 0.000143464 0 0 0
 0 0 0 0 0 0 0 0.000145254 0.000435761 0.0275982 0.070085 0.0708112 0.156366 0.174668 0.174014 0.160142 0.0824315 0.0480064 0.0283245 0.00493863 0.00203355 0 0 0 0 0
 0 0 0 0 0 0 0 0 0 0 0 0 0 0 0 0 0 0 0 0 0 0 0 0 0 0
 0 0 1.00437e-05 0.000401748 0.00122533 0.00171747 0.00176769 0.0269171 0.070346 0.194647 0.189555 0.159765 0.064822 0.0314167 0.0384472 0.0292271 0.0345202 0.0313363 0.0194345 0.0106764 0.0143323 0.0359363 0.0279516 0.0138201 0.00172751 0
 0 0.0021121 0.0136068 0.0755702 0.200478 0.177729 0.0527432 0.0373336 0.0318909 0.0142505 0.0149659 0.0166563 0.0217959 0.0798694 0.0677717 0.0528807 0.04013 0.0224614 0.0357745 0.0225083 0.00881397 0.00855152 0.00135912 0.000746735 0 0
 0 0 0 0 5.4009e-05 0.00500934 0.000945158 0.0243581 0.138947 0.33067 0.221406 0.137944 0.0707744 0.0437923 0.0131692 0.00525238 0.0047753 0.00276346 9.45158e-05 9.00151e-06 2.25038e-05 9.00151e-06 4.50075e-06 0 0 0
 0.000866109 0.00284123 0.00948549 0.0512746 0.133035 0.25785 0.225252 0.132002 0.0553304 0.0519788 0.0540692 0.017754 0.00435017 0.00159236 0.00146478 0.000404838 0.000125132 0.000115318 0.000107957 0.000100596 0 0 0 0 0 0
 0 0 0 0 0.00144013 0.00171154 0.00461396 0.0210425 0.0478622 0.0707936 0.0888783 0.103762 0.0637923 0.0337046 0.0602308 0.124433 0.169614 0.0934646 0.0462172 0.0250306 0.0313229 0.00938855 0.002487 0.000210481 0 0
 0 0.00764035 0.051015 0.0998891 0.058973 0.0496711 0.0374665 0.0718981 0.12319 0.153886 0.159021 0.0857701 0.0377988 0.023471 0.0147837 0.00900784 0.00315554 0.000888139 0.00291439 0.00214683 0.00393193 0.00274676 0.000635225 9.99891e-05 0 0
 0 0 0 0 0 0 0 0 0 0 0 0 0 0 0 0 0 0 0 0 0 0 0 0 0 0
 0 0 0 0 0 0 0 0 0 0 0 0 0 0 0 0 0 0 0 0 0 0 0 0 0 0
 0 0 0 0 0 0 0 0 0 0 0 0 0 0 0 0 0 0 0 0 0 0 0 0 0 0
 0 0 0 0 0 0 0 0 0 0 0 0 0 0 0 0 0 0 0 0 0 0 0 0 0 0
 0 0 0 0 0 0 0 0 0 0 0 0 0 0 0 0 0 0 0 0 0 0 0 0 0 0
 0 0 0 0 0 0 0 0 0 0 0 0 0 0 0 0 0 0 0 0 0 0 0 0 0 0
 0 0 0 0 0 0 0 0 0 0 0 0 0 0 0 0 0 0 0 0 0 0 0 0 0 0
ppred_pel_tallas
 1.08614e-16 5.26533e-05 0.000511809 0.00340115 0.0154611 0.0481055 0.102495 0.149599 0.149621 0.102603 0.048468 0.0165094 0.00603707 0.00628128 0.0110552 0.0183131 0.0266606 0.0341351 0.0387726 0.0396858 0.0375619 0.0341022 0.0308733 0.0284895 0.0266229 0.0245835
 1.11158e-16 1.7459e-05 0.000169708 0.00112777 0.00512673 0.0159515 0.0339885 0.0496197 0.0496793 0.0342795 0.0169287 0.0079498 0.00821626 0.0156513 0.0294422 0.0487064 0.0703071 0.0887308 0.0983679 0.0966569 0.085603 0.0703627 0.0560774 0.0454281 0.0383371 0.0332742
 1.22737e-16 2.41294e-05 0.000234546 0.00155864 0.00708538 0.0220454 0.046971 0.0685607 0.0685855 0.0470924 0.0224547 0.00827428 0.00456829 0.00688879 0.0129092 0.0219513 0.0331371 0.0448569 0.0554102 0.0639331 0.0706515 0.0761499 0.0803442 0.0821651 0.0802367 0.0739112
 1.10199e-16 6.39927e-05 0.000622032 0.00413362 0.0187908 0.0584654 0.124567 0.181811 0.181821 0.124616 0.0586291 0.0192646 0.00532655 0.00323856 0.00507078 0.00838384 0.0123212 0.0160478 0.0187867 0.0202579 0.020857 0.0213428 0.022266 0.0235878 0.0247375 0.0249909
 1.06009e-16 3.8009e-05 0.000369461 0.0024552 0.011161 0.0347263 0.0739897 0.108 0.108045 0.0742127 0.0354749 0.0133225 0.00787838 0.0121998 0.0224815 0.0370433 0.0532149 0.0666273 0.0728673 0.0699362 0.0594809 0.0457363 0.0330476 0.0238702 0.0183904 0.0154312
 1.03842e-16 6.18287e-05 0.000600997 0.00399383 0.0181554 0.0564883 0.120355 0.175665 0.17568 0.12043 0.0567409 0.0188861 0.00583231 0.0046286 0.00775248 0.0128265 0.0187219 0.0240644 0.0274768 0.0282939 0.026899 0.0243532 0.0216451 0.0191866 0.0168597 0.0144029
 1.04319e-16 3.88895e-05 0.00037802 0.00251208 0.0114196 0.0355308 0.0757037 0.110501 0.110545 0.075918 0.0362502 0.0134971 0.00772575 0.0117557 0.021636 0.0356787 0.0513278 0.0644141 0.0707163 0.0682989 0.0586746 0.0457877 0.0336654 0.0245554 0.0186228 0.0148471
 1.09397e-16 2.87144e-05 0.000279114 0.00185481 0.00843173 0.0262345 0.0558969 0.0815919 0.0816336 0.0561009 0.0269202 0.010415 0.00684289 0.0112003 0.0208641 0.0346922 0.0505424 0.0647435 0.0735228 0.0750713 0.0704925 0.0627986 0.0548425 0.0478872 0.0416723 0.0354402
 1.10591e-16 5.01295e-05 0.000487276 0.00323812 0.01472 0.0457996 0.0975817 0.142427 0.142447 0.0976787 0.0461257 0.0156639 0.00561562 0.00570475 0.01004 0.0167327 0.0246049 0.032015 0.0373159 0.0397579 0.0398668 0.0389068 0.037887 0.0369443 0.0354999 0.0328884
 1.0354e-16 6.55639e-05 0.000637304 0.00423511 0.0192522 0.0599009 0.127626 0.186277 0.186292 0.1277 0.0601491 0.0199693 0.00603569 0.00456966 0.00753902 0.0123742 0.0178554 0.0225361 0.0249951 0.0245955 0.0218659 0.0181341 0.0147128 0.0122674 0.0107377 0.00967825
 1.0109e-16 6.70088e-05 0.000651349 0.00432845 0.0196765 0.061221 0.130438 0.190382 0.190398 0.130517 0.0614843 0.0204369 0.0062366 0.0048146 0.0079671 0.0130476 0.0187476 0.0234882 0.025708 0.0246872 0.0209764 0.01603 0.0113497 0.00779958 0.00548411 0.0040628
 1.01306e-16 5.61527e-05 0.000545824 0.00362719 0.0164887 0.0513027 0.109307 0.159542 0.15957 0.109441 0.0517544 0.0177932 0.00690057 0.00768816 0.0136104 0.0223845 0.032175 0.0403207 0.0441438 0.0424007 0.036019 0.0274734 0.0193244 0.013054 0.00886425 0.00621296
 1.03623e-16 3.93607e-05 0.0003826 0.00254251 0.0115579 0.0359612 0.0766206 0.111839 0.11188 0.0768219 0.0366369 0.01351 0.00744417 0.0110885 0.0203878 0.0336837 0.0486117 0.0613179 0.0678789 0.0664511 0.0583266 0.0469857 0.0359579 0.0271817 0.0208118 0.0160809
 1.05328e-16 5.31034e-05 0.000516184 0.00343022 0.0155933 0.0485167 0.103371 0.150877 0.1509 0.103481 0.0488879 0.0166667 0.0061298 0.0064266 0.0113286 0.0187764 0.027351 0.0350382 0.0398005 0.0406703 0.0382587 0.0342059 0.0300529 0.0264602 0.0232471 0.0199601
 1.02901e-16 6.22887e-05 0.000605468 0.00402355 0.0182905 0.0569086 0.12125 0.176973 0.176991 0.121342 0.0572162 0.0191791 0.00625458 0.0054777 0.00932114 0.0153262 0.0221083 0.0278808 0.0308677 0.0302555 0.026671 0.0217377 0.0170809 0.0135589 0.0111678 0.00944989
 1.00911e-16 7.11091e-05 0.000691206 0.00459331 0.0208805 0.0649671 0.13842 0.20203 0.202041 0.138475 0.0651543 0.021421 0.00594986 0.00365193 0.00569216 0.00929267 0.0133674 0.0167837 0.0184378 0.0178196 0.0153118 0.0119278 0.00870695 0.00623749 0.00457988 0.00349599
 1.01867e-16 3.24175e-05 0.000315109 0.00209401 0.00951912 0.0296178 0.0631059 0.0921162 0.0921705 0.063371 0.0305077 0.0120885 0.00853988 0.0143747 0.0266995 0.0439968 0.0631601 0.0789684 0.0861164 0.0821489 0.0689393 0.0514661 0.0349105 0.0223156 0.0141395 0.00928626
 1.03405e-16 6.36765e-05 0.000618958 0.0041132 0.018698 0.0581765 0.123952 0.180914 0.180926 0.124013 0.0583833 0.0192969 0.00562182 0.00393004 0.00640383 0.0106207 0.0156055 0.0202711 0.0235281 0.0248308 0.0244255 0.023042 0.0213139 0.0194295 0.0172362 0.014586
 1.02818e-16 5.30669e-05 0.000515829 0.00342787 0.0155826 0.0484835 0.1033 0.150776 0.150806 0.103447 0.0489752 0.0170027 0.00699132 0.00829083 0.0148075 0.0243657 0.0350257 0.0439053 0.0481088 0.0463141 0.0395714 0.0306082 0.0222155 0.0159595 0.0119612 0.00950517
 1.04775e-16 3.83027e-05 0.000372315 0.00247417 0.0112472 0.0349946 0.0745611 0.108833 0.108873 0.0747604 0.0356638 0.013181 0.00733097 0.0109838 0.0202177 0.0334311 0.0483111 0.0610729 0.0678607 0.0668609 0.0593318 0.0486584 0.038245 0.0299178 0.0237657 0.0190134
 1.06857e-16 4.82377e-05 0.000468888 0.00311593 0.0141646 0.0440714 0.0938996 0.137055 0.13708 0.0940255 0.0444944 0.015388 0.00619334 0.00720787 0.0129084 0.021425 0.031236 0.0400705 0.0456241 0.0468073 0.0443183 0.0400101 0.0356019 0.0317956 0.0283326 0.0246574
 1.05058e-16 5.55051e-05 0.000539529 0.00358536 0.0162985 0.050711 0.108046 0.157701 0.157724 0.10816 0.0510951 0.0174085 0.00637329 0.00663178 0.0116442 0.0192116 0.0277869 0.0351947 0.0392567 0.0389788 0.0351279 0.0296674 0.0245202 0.0206366 0.0179126 0.0157321
 1.07877e-16 1.97476e-05 0.000191954 0.0012756 0.00579875 0.0180424 0.0384434 0.0561217 0.0561811 0.0387337 0.0190173 0.00861508 0.00834664 0.0156336 0.0293624 0.0485535 0.0700417 0.0882913 0.0976581 0.0955304 0.0838599 0.0677751 0.0524502 0.0406808 0.032573 0.0268027
 1.09408e-16 5.46647e-05 0.000531361 0.00353108 0.0160518 0.0499431 0.10641 0.155311 0.155323 0.106473 0.050156 0.0166697 0.00509381 0.00398111 0.0067188 0.0113151 0.0169822 0.0227957 0.0278144 0.0315579 0.034163 0.036019 0.0372245 0.0373861 0.035924 0.0325704
 1.08979e-16 3.67723e-05 0.00035744 0.00237532 0.0107979 0.0335964 0.0715824 0.104485 0.104528 0.071791 0.034297 0.0128212 0.0074537 0.0114425 0.021087 0.0347999 0.0501288 0.0630648 0.0695713 0.0678533 0.0594639 0.0482717 0.0381275 0.0310246 0.0268263 0.0242156
 1.12301e-16 3.08275e-05 0.000299654 0.00199131 0.00905222 0.028165 0.06001 0.0875942 0.0876318 0.0601942 0.0287842 0.0108432 0.00649741 0.010171 0.0188797 0.031428 0.0458894 0.0590034 0.0674282 0.0695786 0.0664554 0.0607175 0.0548128 0.0497091 0.0449932 0.0398398
 1.08866e-16 5.60622e-05 0.000544944 0.00362135 0.0164621 0.0512199 0.10913 0.159282 0.159299 0.109213 0.0514991 0.0172702 0.00565558 0.00500501 0.00858389 0.0142541 0.0208889 0.0270382 0.0312628 0.0329195 0.0325019 0.0311855 0.0299549 0.0290325 0.0279675 0.0261522
 1.05986e-16 4.68374e-05 0.000455276 0.00302547 0.0137534 0.042792 0.0911742 0.133078 0.133112 0.0913393 0.0433463 0.0153543 0.00704404 0.009228 0.0167086 0.0275519 0.0396965 0.0499527 0.0551102 0.0537152 0.0469481 0.0378232 0.0293706 0.0232085 0.0193315 0.0168331
 1.10203e-16 1.90519e-05 0.000185191 0.00123066 0.00559445 0.0174067 0.0370888 0.0541435 0.0541976 0.037353 0.0182944 0.00816032 0.00767829 0.0142834 0.0268614 0.0445527 0.0645874 0.0820745 0.0920043 0.0920231 0.0837464 0.0714764 0.059432 0.0497101 0.0421794 0.0357168
 1.21388e-16 2.78318e-05 0.000270535 0.0017978 0.00817257 0.025428 0.054178 0.0790796 0.0791042 0.0542984 0.0258335 0.00934937 0.00477333 0.00683802 0.0127126 0.0215291 0.0323199 0.0434036 0.0530368 0.0603835 0.0658082 0.0701434 0.0735958 0.0753099 0.0739407 0.0686652
 1.09063e-16 6.45001e-05 0.000626964 0.0041664 0.0189398 0.0589289 0.125555 0.183253 0.183264 0.125607 0.0591049 0.019449 0.00544758 0.00343425 0.00542777 0.00895735 0.0131083 0.016951 0.0196078 0.0207397 0.0207583 0.0205098 0.0206708 0.0213303 0.0220201 0.0220781
pSPR Fmed_Fpbrs
0.608557   0.285572 0.285572
Fs Fmed_Fpbrs
0.32949   1.005 1.005
SSBpbr Bo_Bmed_Bpbrs
1.75132e+06  978214  412564 412564
Ro
161961
SPR SPRFo_SPRFmed_SPRFpbrs
1.15768e+06 704517 330603
Fref
1.005
Nvult_r0
 235900 19368 7054.53 8432.79 3153.57
CTP_r0
 24993.4 3710.89 1351.64 1615.71 604.221
YTP_r0
391302
Np
 237616 114499 7920.52 2884.94 4449.53
Nvult_p0
 184729 99080.6 6853.94 2496.45 3850.35
CTP_p0
 61781.2 49663.9 3435.52 1251.34 1929.98
YTP_p0
 1.44803e+06
CBA_c0
708321
log_Ro
11.8151
likeval ReclasPelacesDesembMPH_pf_preclas_ppelaces_ptallas_desvR_qrecl_qpela
 19.9664 25.7101 0.3325 0.0027017 252.403 135.337 106.206 0 31.9029 0 0 0.612591 0 0 0
q_reclas_q_pelaces
1 1
M
1
N
 361302 71332.7 26241.8 9653.83 5618.3
 70215.7 117613 20547.1 7558.85 4399.08
 44330.9 21825.5 30889.5 5396.43 3140.6
 160213 13854.8 5794.93 8201.51 2266.68
 75710.7 42598.5 2662.49 1113.62 2011.68
 193738 24962.3 12587.6 786.751 923.507
 75319.4 56088.9 5687.28 2867.89 389.656
 24451.7 16410.7 7237.92 733.907 420.366
 34958.2 8146.7 4951.86 2184.01 348.296
 59885 8644.88 1354.24 823.158 420.95
 127211 13906.7 1267.26 198.519 182.374
 166377 43287.2 4377.11 398.867 119.886
 85388.7 47205.1 9472.03 957.791 113.513
 90497.9 24290.8 10384 2083.63 235.662
 131067 20699.8 3454.57 1476.79 329.843
 444411 37615 4634.47 773.44 404.485
 160235 126868 8332.86 1026.67 260.946
 542199 52231.8 36643.8 2406.81 371.908
 584425 168251 13671.8 9591.64 727.338
 333316 174090 40582.9 3297.71 2488.99
 405887 103638 45750 10665 1520.72
 611620 129535 28692.8 12666.2 3373.7
 132039 184811 32149.4 7121.31 3980.97
 406281 43815 55317.4 9622.92 3323.12
 250890 134923 13135.2 16583.5 3881.07
 150718 83804.6 40921.3 3983.82 6206.76
 364870 51058.9 26144.3 12766.1 3179.13
 367044 121244 15325.3 7847.2 4785.96
 97015 124222 37749.8 4771.6 3933.38
 82373.9 33318.7 39828.2 12103.4 2791
 350399 27288.5 9939.46 11881.4 4443.22
pred_Ctot
 26558.9 9981.99 3672.17 1350.92 786.201
 6977.64 21858.3 3818.68 1404.81 817.568
 4272.46 3942.05 5579.14 974.684 567.243
 28827.7 4406.5 1843.07 2608.48 720.913
 5010.72 5393.77 337.122 141.005 254.717
 26603 6243.74 3148.5 196.788 230.994
 20249.7 24993.4 2534.27 1277.94 173.632
 1469.94 1895.24 835.892 84.7573 48.5471
 7480.23 3007.03 1827.78 806.14 128.56
 14487.5 3535.34 553.819 336.631 172.148
 6071.77 1285.87 117.176 18.3559 16.8631
 24572.8 11561.2 1169.05 106.53 32.0192
 12496.3 12504.4 2509.1 253.714 30.069
 22483.8 10153.2 4340.37 870.925 98.5032
 18588.7 5330.82 889.653 380.317 84.9444
 64237.6 9853.94 1214.08 202.617 105.962
 11653.8 17574.5 1154.31 142.22 36.1475
 54382.6 9791.45 6869.31 451.184 69.7184
 71510.3 37894.3 3079.24 2160.27 163.815
 33068 32304.6 7530.66 611.931 461.862
 34389.5 16588.1 7322.69 1707.02 243.404
 70176.9 27502.6 6092 2689.27 716.298
 8247.49 22141.2 3851.63 853.163 476.937
 25192.5 5212.6 6581.03 1144.82 395.346
 14708.6 15211 1480.84 1869.6 437.545
 7589.19 8160.44 3984.69 387.923 604.381
 22497 6041.55 3093.53 1510.55 376.17
 18695 11937.4 1508.9 772.619 471.215
 4097.28 10201.1 3100.01 391.843 323.01
 5225.44 4051.24 4842.74 1471.66 339.36
 24993.4 3710.89 1351.64 1615.71 604.221
F
 0.122318 0.244635 0.244635 0.244635 0.244635
 0.168491 0.336982 0.336982 0.336982 0.336982
 0.163049 0.326098 0.326098 0.326098 0.326098
 0.324685 0.649369 0.649369 0.649369 0.649369
 0.109553 0.219107 0.219107 0.219107 0.219107
 0.239568 0.479135 0.479135 0.479135 0.479135
 0.523803 1.04761 1.04761 1.04761 1.04761
 0.0990858 0.198172 0.198172 0.198172 0.198172
 0.397185 0.794371 0.794371 0.794371 0.794371
 0.460056 0.920112 0.920112 0.920112 0.920112
 0.077991 0.155982 0.155982 0.155982 0.155982
 0.259757 0.519514 0.519514 0.519514 0.519514
 0.257116 0.514232 0.514232 0.514232 0.514232
 0.4752 0.950401 0.950401 0.950401 0.950401
 0.248302 0.496604 0.496604 0.496604 0.496604
 0.253598 0.507197 0.507197 0.507197 0.507197
 0.120953 0.241905 0.241905 0.241905 0.241905
 0.170177 0.340353 0.340353 0.340353 0.340353
 0.211054 0.422109 0.422109 0.422109 0.422109
 0.168191 0.336381 0.336381 0.336381 0.336381
 0.142127 0.284254 0.284254 0.284254 0.284254
 0.196777 0.393554 0.393554 0.393554 0.393554
 0.103123 0.206247 0.206247 0.206247 0.206247
 0.10234 0.204679 0.204679 0.204679 0.204679
 0.0965278 0.193056 0.193056 0.193056 0.193056
 0.0824288 0.164858 0.164858 0.164858 0.164858
 0.101737 0.203474 0.203474 0.203474 0.203474
 0.0834123 0.166825 0.166825 0.166825 0.166825
 0.0687474 0.137495 0.137495 0.137495 0.137495
 0.104802 0.209605 0.209605 0.209605 0.209605
 0.118505 0.23701 0.23701 0.23701 0.23701
nmprior
 8.19 8.8 8.5 0
nm_flota  nm_reclas  nm_pelaces    nm_pelaL
inf 7.54578 7.71287 14.2358
cv_recla  cv_pelaces  cv_mph
0.40418 0.574942 1.60407
 ------------------------------------------------
Talla a la edad & desviaci?n 
 8 13.2811 15.8009 17.003 17.5766
 0.8 1.32811 1.58009 1.7003 1.75766
