years
 1991 1992 1993 1994 1995 1996 1997 1998 1999 2000 2001 2002 2003 2004 2005 2006 2007 2008 2009 2010 2011 2012 2013 2014 2015 2016 2017 2018 2019 2020 2021
reclasobs
 0 0 0 0 0 0 0 0 0 252601 567819 844713 477998 351125 339783 2.1784e+06 2.13404e+06 4.81314e+06 1.55562e+06 2.62356e+06 3.21686e+06 3.843e+06 1.13348e+06 3.07943e+06 1.97215e+06 2.03268e+06 2.025e+06 2.42433e+06 2.27542e+06 1.05018e+06 2.36338e+06
reclaspred
 1.10581e+06 976087 407564 76769.9 19446.4 546772 415427 128100 233212 155528 240172 380312 244508 210757 222271 695533 1.19308e+06 1.32482e+06 1.95169e+06 1.57343e+06 1.99318e+06 1.64288e+06 1.32016e+06 2.08459e+06 1.85663e+06 990922 1.13942e+06 1.85946e+06 2.20053e+06 895555 642959
pelacesobs
 0 0 0 0 0 0 0 0 0 0 0 0 0 0 0 552880 188675 0 991730 2.46772e+06 1.41603e+06 1.21717e+06 2.29649e+06 1.80582e+06 0 1.4828e+06 1.56532e+06 1.57751e+06 1.42118e+06 867257 1.10002e+06
pelacespred
 387085 404970 179998 17701.3 3718.93 242972 142612 56970.7 99949.6 53432.6 111022 141247 91145.4 89798.5 99077.9 272992 474917 537630 956033 753589 806917 758463 579927 1.05958e+06 955240 506822 631020 1.01148e+06 992300 500121 318811
mphobs
 0 0 0 0 0 0 0 0 0 0 0 498337 0 5186 125008 0 168611 109162 213762 579715 649985 157893 87575 83554 0 0 0 0 0 0 0
mphpred
 499346 1.09227e+06 483521 134327 17090.1 9648.2 582749 156470 55514 214618 48498.8 301204 241446 107276 124554 170311 828372 1.00763e+06 805346 1.87838e+06 1.1274e+06 1.36084e+06 1.36129e+06 796281 2.01268e+06 1.11472e+06 539835 984739 2.10827e+06 1.18212e+06 424494
desembarqueobs
 494567 514787 250237 358949 120608 361735 552515 73892 212993 205616 52469 317467 293654 387597 252695 516296 358380 742168 942051 627588 828172 859565 418607 520667 417249 300574 415391 372974 316634 284311 391294
desembarquepred
 494265 520099 247112 359572 120307 361645 552004 73958.7 212773 205357 52471.6 317353 294328 387260 252363 515769 359069 741775 942800 626386 826777 858022 418172 521123 417490 300679 414817 372788 316336 283767 390279
Reclutas
 440566 3095.27 32121.4 41314.6 26937.8 322671 2763.57 399.305 75335.3 1754.36 127727 96559.6 53430.1 97847.2 69392.9 442275 156080 238433 973463 5504.9 397270 570030 8680.86 500203 110209 30269.6 315110 454563 12360.2 4196.04 158137
log_desv_Rt
 2.0368 -2.92139 -0.581742 -0.330048 -0.757736 1.72537 -3.03474 -4.96929 0.270684 -3.48916 0.798634 0.518896 -0.0728897 0.532143 0.188519 2.04067 0.999102 1.42282 2.8296 -2.34563 1.93335 2.29442 -1.89014 2.16375 0.651113 -0.64112 1.70166 2.06807 -1.53678 -2.61712 1.0122
SSB
 499346 1.09227e+06 483521 134327 17090.1 9648.2 582749 156470 55514 214618 48498.8 301204 241446 107276 124554 170311 828372 1.00763e+06 805346 1.87838e+06 1.1274e+06 1.36084e+06 1.36129e+06 796281 2.01268e+06 1.11472e+06 539835 984739 2.10827e+06 1.18212e+06 424494
BT
 1.6838e+06 1.3946e+06 671073 380923 104181 1.43225e+06 824125 203427 616849 308505 505881 697719 542925 777925 636721 1.54978e+06 1.65695e+06 2.26137e+06 4.61756e+06 2.35311e+06 3.35399e+06 3.15012e+06 1.71916e+06 4.57194e+06 2.75192e+06 1.55053e+06 2.84338e+06 4.00958e+06 2.56571e+06 1.47501e+06 1.52523e+06
Ftot
 0.417226 0.486803 0.550673 2.95319 3.8 0.616105 1.11131 0.525111 0.833069 1.10598 0.207477 0.747694 1.03833 1.5564 1.00954 0.683296 0.282354 0.513865 0.450662 0.368681 0.386244 0.482186 0.295698 0.236465 0.211848 0.283837 0.341893 0.190105 0.13631 0.295775 0.559321
BD_Bspro_t
 0.935423 0.720233 0.446499 0.205286 0.038545 0.031879 0.524884 0.203918 0.121233 0.367641 0.164048 0.627742 0.427644 0.234434 0.242847 0.301497 0.561204 0.574225 0.500215 0.64458 0.473819 0.523288 0.556381 0.474573 0.710049 0.636363 0.537369 0.690536 0.806474 0.701911 0.509689
BD_Bspro
 1.21557 2.65894 1.17704 0.326995 0.0416027 0.0234868 1.4186 0.380899 0.135139 0.522449 0.118062 0.733227 0.587757 0.261144 0.303204 0.414592 2.01652 2.45289 1.96047 4.57259 2.74446 3.31272 3.31382 1.9384 4.89951 2.71358 1.31413 2.39717 5.13221 2.87765 1.03335
BD_Bo
 0.303091 0.662983 0.293485 0.0815333 0.0103733 0.00585623 0.353714 0.0949737 0.0336957 0.130268 0.0294376 0.182823 0.146552 0.0651139 0.0756013 0.103375 0.502802 0.611607 0.488826 1.14013 0.684307 0.825998 0.826271 0.483323 1.22165 0.676606 0.327667 0.597713 1.27967 0.717515 0.257658
BD_Brms
 1.28662 2.81435 1.24584 0.346107 0.0440343 0.0248596 1.50151 0.403161 0.143037 0.552984 0.124962 0.776081 0.622109 0.276407 0.320926 0.438824 2.13438 2.59626 2.07505 4.83984 2.90487 3.50634 3.5075 2.0517 5.18587 2.87218 1.39094 2.53728 5.43217 3.04584 1.09375
Sel_flota
 0.5 1 1 1 1
 0.5 1 1 1 1
 0.5 1 1 1 1
 0.5 1 1 1 1
 0.5 1 1 1 1
 0.5 1 1 1 1
 0.5 1 1 1 1
 0.5 1 1 1 1
 0.5 1 1 1 1
 0.5 1 1 1 1
 0.5 1 1 1 1
 0.5 1 1 1 1
 0.5 1 1 1 1
 0.5 1 1 1 1
 0.5 1 1 1 1
 0.5 1 1 1 1
 0.5 1 1 1 1
 0.5 1 1 1 1
 0.5 1 1 1 1
 0.5 1 1 1 1
 0.5 1 1 1 1
 0.5 1 1 1 1
 0.5 1 1 1 1
 0.5 1 1 1 1
 0.5 1 1 1 1
 0.5 1 1 1 1
 0.5 1 1 1 1
 0.5 1 1 1 1
 0.5 1 1 1 1
 0.5 1 1 1 1
 0.5 1 1 1 1
Sel_reclas
 0.5 1 1 1 1
 0.5 1 1 1 1
 0.5 1 1 1 1
 0.5 1 1 1 1
 0.5 1 1 1 1
 0.5 1 1 1 1
 0.5 1 1 1 1
 0.5 1 1 1 1
 0.5 1 1 1 1
 0.5 1 1 1 1
 0.5 1 1 1 1
 0.5 1 1 1 1
 0.5 1 1 1 1
 0.5 1 1 1 1
 0.5 1 1 1 1
 0.5 1 1 1 1
 0.5 1 1 1 1
 0.5 1 1 1 1
 0.5 1 1 1 1
 0.5 1 1 1 1
 0.5 1 1 1 1
 0.5 1 1 1 1
 0.5 1 1 1 1
 0.5 1 1 1 1
 0.5 1 1 1 1
 0.5 1 1 1 1
 0.5 1 1 1 1
 0.5 1 1 1 1
 0.5 1 1 1 1
 0.5 1 1 1 1
 0.5 1 1 1 1
Sel_pelaces
 0.5 1 1 1 1
 0.5 1 1 1 1
 0.5 1 1 1 1
 0.5 1 1 1 1
 0.5 1 1 1 1
 0.5 1 1 1 1
 0.5 1 1 1 1
 0.5 1 1 1 1
 0.5 1 1 1 1
 0.5 1 1 1 1
 0.5 1 1 1 1
 0.5 1 1 1 1
 0.5 1 1 1 1
 0.5 1 1 1 1
 0.5 1 1 1 1
 0.5 1 1 1 1
 0.5 1 1 1 1
 0.5 1 1 1 1
 0.5 1 1 1 1
 0.5 1 1 1 1
 0.5 1 1 1 1
 0.5 1 1 1 1
 0.5 1 1 1 1
 0.5 1 1 1 1
 0.5 1 1 1 1
 0.5 1 1 1 1
 0.5 1 1 1 1
 0.5 1 1 1 1
 0.5 1 1 1 1
 0.5 1 1 1 1
 0.5 1 1 1 1
pf_obs 
 0.8446 0.082 0.0669 0.0065 0
 0.8095 0.147 0.0364 0.0071 0
 0.9664 0.0169 0.016 0.0007 0
 0.9276 0.0648 0.0075 0.0001 0
 0.7033 0.2144 0.0806 0.0017 0
 0.9318 0.0425 0.0243 0.0014 0
 0.5671 0.3108 0.0964 0.0239 0.0018
 0.0768 0.2599 0.5324 0.112 0.0189
 0.490249 0.384438 0.106611 0.0170017 0.00170017
 0.7925 0.1577 0.0466 0.003 0.0002
 0.840416 0.127587 0.0312969 0.00059994 9.999e-05
 0.8084 0.0986 0.0794 0.0134 0.0002
 0.7335 0.1905 0.0724 0.0035 0.0001
 0.4001 0.4547 0.1325 0.0127 0
 0.49795 0.308269 0.164784 0.0264974 0.00249975
 0.9179 0.0499 0.0305 0.0017 0
 0.2467 0.6533 0.0926 0.0074 0
 0.9418 0.0223 0.034 0.0019 0
 0.707729 0.231977 0.0356964 0.0245975 0
 0.517169 0.277429 0.184464 0.0207286 0.00020938
 0.811772 0.124168 0.05621 0.00726502 0.000585176
 0.764997 0.148141 0.077277 0.00933861 0.000247198
 0.163321 0.427699 0.378323 0.0303852 0.000271297
 0.753843 0.0900009 0.118128 0.0371064 0.000921714
 0.721811 0.176058 0.0630433 0.0369309 0.00215725
 0.143369 0.312575 0.442814 0.0836902 0.0175525
 0.692698 0.0596174 0.167031 0.0765114 0.00414204
 0.394062 0.376323 0.152708 0.0712218 0.00568511
 0.125707 0.32114 0.495352 0.0537591 0.00404204
 0.23352 0.215282 0.420074 0.123614 0.00750983
 0.774587 0.0839891 0.0768558 0.0609784 0.00358967
pf_pred 
 0.85657 0.090665 0.0333538 0.0122702 0.00714095
 0.0119022 0.920209 0.0429137 0.0157871 0.00918771
 0.352349 0.0176094 0.586754 0.0273631 0.0159247
 0.65897 0.19201 0.0040518 0.135008 0.00996022
 0.849015 0.138759 0.00688341 0.000145254 0.005197
 0.991731 0.0080988 0.00015611 7.74412e-06 6.01025e-06
 0.0188683 0.977762 0.00330062 6.36217e-05 5.60551e-06
 0.0193842 0.0511503 0.926273 0.00312681 6.55817e-05
 0.94524 0.00242981 0.0027296 0.04943 0.00017036
 0.0540711 0.92531 0.0009149 0.00102778 0.0186761
 0.961806 0.00536064 0.0321176 3.17563e-05 0.000683922
 0.562803 0.429185 0.00112453 0.00673749 0.000150132
 0.501821 0.381023 0.115009 0.000301342 0.00184569
 0.799839 0.147623 0.0401826 0.0121288 0.000226425
 0.700928 0.278355 0.0152793 0.00415899 0.0012788
 0.933977 0.0571878 0.00822346 0.000451398 0.000160649
 0.409852 0.573748 0.0142054 0.0020427 0.000152032
 0.613887 0.232372 0.149468 0.00370067 0.000571753
 0.860663 0.109824 0.0177618 0.0114248 0.00032657
 0.00958275 0.925123 0.0514645 0.00832331 0.0055068
 0.729362 0.00572955 0.247444 0.0137653 0.00369917
 0.690457 0.265683 0.000928543 0.0401014 0.00283033
 0.0228816 0.818702 0.13597 0.000475206 0.0219714
 0.822583 0.0086372 0.141416 0.0234863 0.00387725
 0.242253 0.688545 0.00336896 0.0551597 0.0106732
 0.151085 0.343898 0.458896 0.00224532 0.0438758
 0.829779 0.0475405 0.0496983 0.0663173 0.00666519
 0.688771 0.284868 0.00736238 0.00769656 0.0113025
 0.0332929 0.796598 0.1557 0.00402407 0.0103843
 0.0338779 0.0646411 0.74285 0.145195 0.0134362
 0.824813 0.0124694 0.0108871 0.125114 0.0267173
pobs_RECLAS
 0 0 0 0 0
 0 0 0 0 0
 0 0 0 0 0
 0 0 0 0 0
 0 0 0 0 0
 0 0 0 0 0
 0 0 0 0 0
 0 0 0 0 0
 0 0 0 0 0
 0 0 0 0 0
 0.991045 0.00858322 0.000360255 1.14367e-05 0
 0.934742 0.0480273 0.0164251 0.00080598 0
 0.827803 0.169806 0.00239088 0 0
 0.941827 0.0461693 0.0120037 0 0
 0.791401 0.0380133 0.147996 0.0225897 0
 0.846168 0.0940531 0.0597789 0 0
 0.134021 0.677848 0.182769 0.00536245 0
 0.80878 0.0450904 0.141981 0.00414843 0
 0.846168 0.0940531 0.0597789 0 0
 0.905697 0.0802665 0.012482 0.00150086 5.37128e-05
 0.989698 0.0102097 9.19794e-05 0 0
 0.975433 0.0193895 0.00387452 0.00125025 5.28907e-05
 0.303575 0.632131 0.0575291 0.00676475 0
 0.966965 0.00978017 0.0227588 0.000495775 0
 0.843318 0.132988 0.00938335 0.0141283 0.000182051
 0.564624 0.303363 0.111486 0.0197234 0.00080311
 0.826376 0.0876187 0.0782897 0.00655872 0.00115652
 0.89761 0.0855135 0.0140674 0.00269457 0.000114338
 0.34875 0.467042 0.161289 0.0227151 0.000203297
 0.318654 0.224769 0.449479 0.00709798 0
 0.937255 0.0296025 0.0250945 0.00804832 0
ppred_RECLAS
 0.859275 0.0889552 0.0327248 0.0120388 0.00700629
 0.0122222 0.919911 0.0428998 0.015782 0.00918474
 0.359543 0.0174138 0.580236 0.0270592 0.0157478
 0.730618 0.15167 0.00320055 0.106644 0.00786766
 0.902148 0.0899286 0.00446107 9.41377e-05 0.00336812
 0.992023 0.0078128 0.000150597 7.47064e-06 5.798e-06
 0.0204159 0.97622 0.00329541 6.35213e-05 5.59667e-06
 0.0199538 0.0511206 0.925735 0.00312499 6.55436e-05
 0.947971 0.00230866 0.0025935 0.0469654 0.000161866
 0.0583046 0.921169 0.000910806 0.00102318 0.0185925
 0.962164 0.00531047 0.031817 3.14591e-05 0.000677522
 0.574267 0.417931 0.00109505 0.00656083 0.000146196
 0.520088 0.367051 0.110792 0.000290293 0.00177801
 0.819903 0.132825 0.0361548 0.0109131 0.000203729
 0.715455 0.264834 0.0145371 0.00395697 0.00121668
 0.936489 0.0550114 0.00791051 0.000434219 0.000154535
 0.413223 0.570471 0.0141243 0.00203103 0.000151164
 0.620679 0.228285 0.146839 0.00363557 0.000561696
 0.863563 0.107538 0.017392 0.011187 0.000319772
 0.00976568 0.924952 0.051455 0.00832177 0.00550578
 0.73333 0.00564553 0.243816 0.0135634 0.00364492
 0.696101 0.260839 0.000911614 0.0393703 0.00277873
 0.0232123 0.818425 0.135924 0.000475045 0.021964
 0.824232 0.00855692 0.140102 0.023268 0.00384121
 0.244095 0.686871 0.00336078 0.0550256 0.0106473
 0.15289 0.343166 0.457921 0.00224055 0.0437825
 0.832228 0.0468563 0.0489831 0.065363 0.00656928
 0.690667 0.283132 0.00731754 0.00764968 0.0112336
 0.033491 0.796435 0.155669 0.00402324 0.0103822
 0.0343621 0.0646086 0.742477 0.145122 0.0134295
 0.82939 0.0121436 0.0106026 0.121844 0.0260192
pobs_PELACES
 0 0 0 0 0
 0 0 0 0 0
 0 0 0 0 0
 0 0 0 0 0
 0 0 0 0 0
 0 0 0 0 0
 0 0 0 0 0
 0 0 0 0 0
 0 0 0 0 0
 0 0 0 0 0
 0 0 0 0 0
 0 0 0 0 0
 0 0 0 0 0
 0 0 0 0 0
 0 0 0 0 0
 0 0 0 0 0
 0.505614 0.472636 0.0217494 0 0
 0 0 0 0 0
 0.443492 0.261883 0.143347 0.151278 0
 0.227955 0.32914 0.350689 0.0885471 0.00366901
 0.970185 0.0296113 0.000203453 0 0
 0.997202 0.00247181 0.000326279 0 0
 0.445219 0.490057 0.0546422 0.010081 0
 0.90214 0.0892962 0.00764917 0.000914606 0
 0 0 0 0 0
 0.581667 0.319106 0.0959925 0.00289975 0.000334073
 0.762889 0.0836404 0.116647 0.0363945 0.000428098
 0.88444 0.0763242 0.0277011 0.0115352 0
 0.521256 0.241999 0.230069 0.00667565 0
 0.616807 0.101726 0.260614 0.0208532 0
 0.833518 0.0704572 0.0857862 0.0102388 0
ppred_PELACES
 0.867395 0.0838221 0.0308364 0.0113441 0.006602
 0.0132309 0.918972 0.042856 0.0157658 0.00917536
 0.380721 0.016838 0.561049 0.0261644 0.0152271
 0.815332 0.103974 0.00219405 0.0731069 0.00539347
 0.945232 0.0503333 0.00249687 5.26892e-05 0.00188515
 0.992789 0.00706305 0.000136145 6.75373e-06 5.2416e-06
 0.0244243 0.972225 0.00328193 6.32614e-05 5.57376e-06
 0.0217206 0.0510284 0.924066 0.00311936 6.54254e-05
 0.954348 0.0020257 0.00227563 0.0412091 0.000142027
 0.0691697 0.910541 0.000900297 0.00101138 0.018378
 0.96339 0.00513829 0.0307854 3.04391e-05 0.000655555
 0.604117 0.388628 0.00101827 0.00610082 0.000135945
 0.5626 0.334537 0.100978 0.000264578 0.00162051
 0.854768 0.107112 0.0291556 0.00880042 0.000164289
 0.748119 0.234433 0.0128684 0.00350274 0.00107702
 0.942874 0.0494811 0.00711526 0.000390567 0.000139
 0.424563 0.559446 0.0138513 0.00199178 0.000148242
 0.640427 0.2164 0.139194 0.0034463 0.000532453
 0.87209 0.100817 0.0163051 0.0104879 0.000299787
 0.0103718 0.924386 0.0514235 0.00831668 0.00550241
 0.745606 0.00538563 0.232592 0.0129391 0.00347713
 0.712664 0.246622 0.000861928 0.0372245 0.00262728
 0.0243447 0.817476 0.135766 0.000474494 0.0219385
 0.829813 0.00828521 0.135653 0.0225292 0.00371924
 0.250602 0.680958 0.00333184 0.0545519 0.0105556
 0.159055 0.340669 0.454588 0.00222424 0.0434639
 0.839958 0.0446975 0.0467264 0.0623516 0.00626662
 0.697328 0.277035 0.00715996 0.00748495 0.0109917
 0.0342267 0.795829 0.15555 0.00402018 0.0103743
 0.0360188 0.0644978 0.741204 0.144873 0.0134065
 0.842055 0.0112421 0.00981555 0.112799 0.0240877
pobs_pel_tallas
 0 0 0 0 0 0 0 0 0 0 0 0 0 0 0 0 0 0 0 0 0 0 0 0 0 0
 0 0 0 0 0 0 0 0 0 0 0 0 0 0 0 0 0 0 0 0 0 0 0 0 0 0
 0 0 0 0 0 0 0 0 0 0 0 0 0 0 0 0 0 0 0 0 0 0 0 0 0 0
 0 0 0 0 0 0 0 0 0 0 0 0 0 0 0 0 0 0 0 0 0 0 0 0 0 0
 0 0 0 0 0 0 0 0 0 0 0 0 0 0 0 0 0 0 0 0 0 0 0 0 0 0
 0 0 0 0 0 0 0 0 0 0 0 0 0 0 0 0 0 0 0 0 0 0 0 0 0 0
 0 0 0 0 0 0 0 0 0 0 0 0 0 0 0 0 0 0 0 0 0 0 0 0 0 0
 0 0 0 0 0 0 0 0 0 0 0 0 0 0 0 0 0 0 0 0 0 0 0 0 0 0
 0 0 0 0 0 0 0 0 0 0 0 0 0 0 0 0 0 0 0 0 0 0 0 0 0 0
 0 0 0 0 0 0 0 0 0 0 0 0 0 0 0 0 0 0 0 0 0 0 0 0 0 0
 0 0 0 0 0 0 0 0 0 0 0 0 0 0 0 0 0 0 0 0 0 0 0 0 0 0
 0 0 0 0 0 0 0 0 0 0 0 0 0 0 0 0 0 0 0 0 0 0 0 0 0 0
 0.00862536 0 0 0.000197151 0.00414017 0.0128641 0.00837892 0.0270097 0.101434 0.158115 0.152841 0.127902 0.109271 0.109419 0.0830992 0.0579132 0.0238553 0.00714673 0.00463305 0.00128148 0.00103504 0.000492878 0.000147863 0.000147863 4.92878e-05 0
 0 0 0 0 0 0 0 0 0 0 0 0 0 0 0 0 0 0 0 0 0 0 0 0 0 0
 0 0 0 0 0 0 0 0.0054083 0.00873648 0.0413646 0.0450493 0.0745869 0.0622846 0.0627006 0.0613931 0.0827291 0.12552 0.122667 0.0946155 0.0697135 0.0546179 0.0294188 0.0215738 0.0213955 0.0102223 0.00600262
 0 0 0 0 0.00359764 0.0251062 0.0480494 0.140153 0.205849 0.193036 0.1447 0.116669 0.0760912 0.0342217 0.00950174 0.001854 0.000860785 0 0 0 0.000165536 0 0.000143464 0 0 0
 0 0 0 0 0 0 0 0.000145254 0.000435761 0.0275982 0.070085 0.0708112 0.156366 0.174668 0.174014 0.160142 0.0824315 0.0480064 0.0283245 0.00493863 0.00203355 0 0 0 0 0
 0 0 0 0 0 0 0 0 0 0 0 0 0 0 0 0 0 0 0 0 0 0 0 0 0 0
 0 0 1.00437e-05 0.000401748 0.00122533 0.00171747 0.00176769 0.0269171 0.070346 0.194647 0.189555 0.159765 0.064822 0.0314167 0.0384472 0.0292271 0.0345202 0.0313363 0.0194345 0.0106764 0.0143323 0.0359363 0.0279516 0.0138201 0.00172751 0
 0 0.0021121 0.0136068 0.0755702 0.200478 0.177729 0.0527432 0.0373336 0.0318909 0.0142505 0.0149659 0.0166563 0.0217959 0.0798694 0.0677717 0.0528807 0.04013 0.0224614 0.0357745 0.0225083 0.00881397 0.00855152 0.00135912 0.000746735 0 0
 0 0 0 0 5.4009e-05 0.00500934 0.000945158 0.0243581 0.138947 0.33067 0.221406 0.137944 0.0707744 0.0437923 0.0131692 0.00525238 0.0047753 0.00276346 9.45158e-05 9.00151e-06 2.25038e-05 9.00151e-06 4.50075e-06 0 0 0
 0.000866109 0.00284123 0.00948549 0.0512746 0.133035 0.25785 0.225252 0.132002 0.0553304 0.0519788 0.0540692 0.017754 0.00435017 0.00159236 0.00146478 0.000404838 0.000125132 0.000115318 0.000107957 0.000100596 0 0 0 0 0 0
 0 0 0 0 0.00144013 0.00171154 0.00461396 0.0210425 0.0478622 0.0707936 0.0888783 0.103762 0.0637923 0.0337046 0.0602308 0.124433 0.169614 0.0934646 0.0462172 0.0250306 0.0313229 0.00938855 0.002487 0.000210481 0 0
 0 0.00764035 0.051015 0.0998891 0.058973 0.0496711 0.0374665 0.0718981 0.12319 0.153886 0.159021 0.0857701 0.0377988 0.023471 0.0147837 0.00900784 0.00315554 0.000888139 0.00291439 0.00214683 0.00393193 0.00274676 0.000635225 9.99891e-05 0 0
 0 0 0 0 0 0 0 0 0 0 0 0 0 0 0 0 0 0 0 0 0 0 0 0 0 0
 0 0 0 0 0 0 0 0 0 0 0 0 0 0 0 0 0 0 0 0 0 0 0 0 0 0
 0 0 0 0 0 0 0 0 0 0 0 0 0 0 0 0 0 0 0 0 0 0 0 0 0 0
 0 0 0 0 0 0 0 0 0 0 0 0 0 0 0 0 0 0 0 0 0 0 0 0 0 0
 0 0 0 0 0 0 0 0 0 0 0 0 0 0 0 0 0 0 0 0 0 0 0 0 0 0
 0 0 0 0 0 0 0 0 0 0 0 0 0 0 0 0 0 0 0 0 0 0 0 0 0 0
 0 0 0 0 0 0 0 0 0 0 0 0 0 0 0 0 0 0 0 0 0 0 0 0 0 0
ppred_pel_tallas
 1.03167e-16 7.14462e-05 0.000694483 0.00461508 0.0209795 0.0652751 0.139076 0.202987 0.202995 0.139115 0.0654083 0.0213648 0.00558396 0.00281516 0.00411564 0.00673498 0.00979976 0.012547 0.0142516 0.0145873 0.0138066 0.0125349 0.011348 0.0104718 0.00978574 0.00903613
 1.04606e-16 1.09001e-06 1.05953e-05 7.04141e-05 0.000320146 0.000996569 0.00212656 0.00312232 0.00321076 0.00255861 0.00244685 0.00450726 0.0105739 0.0229174 0.0434396 0.0716409 0.1028 0.128433 0.139898 0.133223 0.111537 0.0830566 0.0563237 0.0363332 0.023768 0.0166846
 1.21396e-16 3.13595e-05 0.000304826 0.00202567 0.00920842 0.0286508 0.0610437 0.0890956 0.0890981 0.0610563 0.0286957 0.00934916 0.00242094 0.00130642 0.00233945 0.00487471 0.00947579 0.0170241 0.0282553 0.0432265 0.0607581 0.0782116 0.0919789 0.0986877 0.096583 0.0862978
 1.08335e-16 6.71578e-05 0.000652798 0.00433807 0.0197203 0.0613571 0.130728 0.190804 0.190814 0.130777 0.0615217 0.0201958 0.00553238 0.00326279 0.00503374 0.00824553 0.0119549 0.0152425 0.0172624 0.0177259 0.0171209 0.0164033 0.0163746 0.0172089 0.0184245 0.0192321
 1.0041e-16 7.78575e-05 0.000756803 0.00502922 0.0228621 0.0711325 0.151556 0.221201 0.221206 0.151579 0.071212 0.0230915 0.00560456 0.0020116 0.00245747 0.0039304 0.00563321 0.00703975 0.00767291 0.00731646 0.00614345 0.00460572 0.0031721 0.00211551 0.00147014 0.00112357
 1.00008e-16 8.17747e-05 0.000794879 0.00528225 0.0240123 0.0747113 0.15918 0.232329 0.232329 0.159184 0.0747225 0.0240445 0.0053629 0.000970696 0.000415 0.000554844 0.000787057 0.000980527 0.00106327 0.00100411 0.000827189 0.000596511 0.000379291 0.000215879 0.00011332 5.77538e-05
 1.00351e-16 2.012e-06 1.95574e-05 0.000129971 0.000590884 0.00183896 0.00392156 0.00574323 0.00583672 0.00437825 0.00337176 0.00501528 0.0112251 0.0242045 0.0458283 0.075484 0.108089 0.134559 0.145641 0.137075 0.112217 0.0799533 0.0496404 0.0269303 0.0128443 0.00545988
 1.27004e-16 1.78911e-06 1.73908e-05 0.000115568 0.00052536 0.00163462 0.00348296 0.00508479 0.00509112 0.00351457 0.00174483 0.000861653 0.00102732 0.00223086 0.00485707 0.00971911 0.0179227 0.0306624 0.0488145 0.0722301 0.0989187 0.124699 0.143958 0.151572 0.14514 0.126174
 1.04224e-16 7.86083e-05 0.000764101 0.00507772 0.0230826 0.0718185 0.153017 0.223333 0.223333 0.153018 0.0718221 0.0230932 0.00510549 0.000828542 0.000212995 0.000261556 0.000455359 0.000771301 0.00126564 0.00201691 0.00309471 0.00450917 0.00615956 0.00781672 0.00916525 0.00989988
 1.03471e-16 5.6976e-06 5.53828e-05 0.000368043 0.00167312 0.00520617 0.0110955 0.0162126 0.0163002 0.0115233 0.00664174 0.00581689 0.0107595 0.022707 0.0429284 0.0707074 0.101265 0.126109 0.1366 0.128793 0.105884 0.0762397 0.0486344 0.0283122 0.0161094 0.0100523
 1.01004e-16 7.93532e-05 0.000771341 0.00512583 0.0233013 0.072499 0.154467 0.225449 0.225449 0.154469 0.0725081 0.0233282 0.00519547 0.000930691 0.000403402 0.000596941 0.000981188 0.00150103 0.00214908 0.0029064 0.00372007 0.00448348 0.00504291 0.00524619 0.00501325 0.00438243
 1.00764e-16 4.97604e-05 0.000483689 0.00321428 0.0146117 0.0454626 0.0968643 0.141384 0.141421 0.0970468 0.0460754 0.0163804 0.00764979 0.0101526 0.018372 0.0301875 0.0432325 0.0538446 0.0583329 0.0550075 0.045221 0.0325278 0.0206542 0.0118274 0.00640968 0.00358605
 1.03301e-16 4.63407e-05 0.000450448 0.00299339 0.0136075 0.0423382 0.0902073 0.131667 0.131699 0.0903652 0.0428689 0.0151412 0.00684682 0.00887462 0.0160804 0.0266009 0.0385214 0.0488622 0.0545861 0.0542385 0.048744 0.0406613 0.03255 0.0257649 0.0203824 0.0159017
 1.0178e-16 7.04061e-05 0.000684373 0.0045479 0.0206741 0.0643248 0.137051 0.200032 0.200043 0.137102 0.0644947 0.021165 0.00578135 0.00338079 0.00520254 0.00851861 0.0123329 0.0156525 0.0175124 0.0174643 0.0158249 0.0134294 0.0110961 0.00923045 0.00780169 0.00658277
 1.00965e-16 6.16216e-05 0.000598984 0.00398046 0.0180946 0.0562991 0.119952 0.175078 0.175101 0.120062 0.0566692 0.0191629 0.00666051 0.00644421 0.011147 0.0182895 0.026244 0.0327987 0.0357448 0.0340654 0.0285499 0.0212825 0.0144307 0.00926427 0.00596432 0.00405351
 1.00281e-16 7.76633e-05 0.000754915 0.00501668 0.0228051 0.0709551 0.151177 0.220649 0.220654 0.151201 0.0710333 0.0230311 0.00558388 0.00199303 0.00242876 0.00389141 0.00559574 0.00703066 0.00773167 0.00748336 0.00644118 0.00502274 0.00365739 0.00258958 0.00184919 0.00134661
 1.00768e-16 3.49708e-05 0.000339928 0.00225895 0.0102689 0.0319506 0.0680761 0.0993703 0.0994241 0.068339 0.032833 0.0128162 0.00864783 0.0142694 0.026438 0.0435167 0.0623658 0.0777559 0.0843814 0.0797962 0.0659068 0.0477674 0.0306777 0.0178089 0.00970138 0.00525458
 1.04508e-16 5.27512e-05 0.00051276 0.00340747 0.0154899 0.0481949 0.102685 0.149876 0.149897 0.102788 0.0485406 0.0164904 0.00592672 0.00603832 0.0106227 0.0176747 0.0259107 0.0335222 0.038657 0.0403853 0.0391354 0.0361902 0.0327095 0.0291214 0.0252594 0.0209109
 1.01599e-16 7.18329e-05 0.000698241 0.00464006 0.021093 0.0656283 0.139828 0.204086 0.204096 0.139876 0.0657879 0.0215539 0.00579727 0.00322549 0.0048747 0.00795378 0.0114719 0.0144727 0.016036 0.0157435 0.0139239 0.0114195 0.00906845 0.0073048 0.00611147 0.00523743
 1.03486e-16 8.54507e-07 8.3062e-06 5.5202e-05 0.000250995 0.000781415 0.00166818 0.0024534 0.00254237 0.00210282 0.00224044 0.00446344 0.0106226 0.0230558 0.0437094 0.0720944 0.103467 0.129296 0.140879 0.134197 0.112357 0.0835749 0.0564066 0.0358813 0.022745 0.0151459
 1.086e-16 6.14146e-05 0.000596972 0.00396709 0.0180338 0.0561099 0.119548 0.174484 0.174485 0.119553 0.056126 0.0180849 0.00411279 0.000972645 0.000943393 0.00190111 0.00375237 0.00683856 0.011476 0.0176933 0.0249923 0.0322593 0.037978 0.0407383 0.0398135 0.0354788
 1.04266e-16 5.87013e-05 0.000570597 0.00379182 0.0172371 0.0536311 0.114268 0.166782 0.166806 0.114383 0.0540202 0.0183605 0.0066099 0.00671657 0.0117143 0.0192318 0.0276076 0.0345431 0.037761 0.0362652 0.0309745 0.0241504 0.018071 0.0139565 0.0117684 0.0107215
 1.07888e-16 2.00541e-06 1.94934e-05 0.000129544 0.000588937 0.00183283 0.00390794 0.00572027 0.00579909 0.00429307 0.00312603 0.00432444 0.00950724 0.0204945 0.0388975 0.0643265 0.0927174 0.116696 0.128715 0.125253 0.108873 0.0864205 0.0648813 0.048161 0.0366229 0.0286894
 1.06806e-16 6.83506e-05 0.000664393 0.00441512 0.0200705 0.0624468 0.13305 0.19419 0.194191 0.133055 0.0624644 0.0201242 0.00456029 0.00101599 0.000837929 0.00154324 0.00283813 0.00486919 0.00780067 0.0116622 0.0162096 0.0208449 0.0246948 0.0268792 0.0268558 0.0246494
 1.07528e-16 2.06419e-05 0.000200647 0.00133337 0.00606135 0.0188595 0.0401845 0.0586642 0.0587297 0.0405045 0.0199336 0.00916207 0.00911052 0.0171584 0.0321692 0.0530031 0.0760178 0.0949207 0.10335 0.0984608 0.0827173 0.0623618 0.0438011 0.0306546 0.0231559 0.0194649
 1.20784e-16 1.31012e-05 0.000127348 0.000846276 0.00384707 0.0119698 0.0255042 0.0372312 0.0372646 0.0256681 0.0125217 0.00544918 0.00489811 0.00907269 0.0172949 0.0293339 0.0440279 0.0590519 0.0719053 0.081232 0.0872539 0.0908841 0.0924007 0.0909878 0.0855119 0.0757024
 1.08674e-16 6.91862e-05 0.000672515 0.0044691 0.0203159 0.0632102 0.134676 0.196565 0.196569 0.134698 0.0632827 0.0205264 0.00500192 0.00185073 0.00235214 0.003901 0.00590792 0.0080731 0.0101619 0.0121278 0.0141334 0.0163688 0.0187971 0.0210429 0.0225201 0.0227072
 1.02889e-16 5.7438e-05 0.000558318 0.00371022 0.0168661 0.052477 0.111809 0.163194 0.16322 0.111939 0.0529141 0.018128 0.00687528 0.00746015 0.0131434 0.0215815 0.0309536 0.0386588 0.0420982 0.0400989 0.0336423 0.0252501 0.0175276 0.011974 0.00873668 0.00712652
 1.06852e-16 2.81938e-06 2.74054e-05 0.000182122 0.000827949 0.00257647 0.00549227 0.00803222 0.00810898 0.00586739 0.00383616 0.00446709 0.00931955 0.0199833 0.0379278 0.0627617 0.0905541 0.114161 0.126256 0.123396 0.108001 0.0865961 0.0658196 0.0493511 0.037527 0.0289239
 1.38204e-16 2.96684e-06 2.88387e-05 0.000191644 0.000871189 0.00271063 0.00577556 0.00843113 0.00843852 0.00581227 0.00283734 0.00125237 0.00120587 0.00243319 0.00512802 0.00993429 0.0177264 0.0294431 0.0458502 0.0670564 0.0918135 0.117018 0.138029 0.150051 0.150021 0.137938
 1.15675e-16 6.9359e-05 0.000674194 0.00448026 0.0203666 0.063368 0.135012 0.197055 0.197056 0.135018 0.063387 0.0204224 0.00462384 0.000999973 0.000726783 0.001201 0.00200198 0.00316127 0.00483245 0.00726016 0.0107051 0.0152729 0.0207179 0.0263523 0.0311562 0.0340794
pSPR Fmed_Fpbrs
0.476278   0.285572 0.285572
Fs Fmed_Fpbrs
0.523978   1.005 1.005
SSBpbr Bo_Bmed_Bpbrs
1.64751e+06  702298  388108 388108
Ro
57470.1
SPR SPRFo_SPRFmed_SPRFpbrs
410792 195651 117311
Fref
1.005
Nvult_r0
 114154 1051.46 918.035 10550 2252.89
CTP_r0
 24947.6 377.153 329.295 3784.23 808.1
YTP_r0
390279
Np
 154978 43983 279.972 244.445 3399.85
Nvult_p0
 120484 38060.2 242.271 211.528 2942.02
CTP_p0
 40295 19077.6 121.437 106.028 1474.68
YTP_p0
 666655
CBA_c0
473192
log_Ro
10.779
likeval ReclasPelacesDesembMPH_pf_preclas_ppelaces_ptallas_desvR_qrecl_qpela
 54.9437 53.4339 1.5817 0.00187997 366.521 184.533 146.258 0 167.026 0 0 7.88483 0 0 0
q_reclas_q_pelaces
1 1
M
1
N
 440566 25311.6 9311.64 3425.56 1993.6
 3095.27 131558 6135.18 2257.01 1313.52
 32121.4 892.681 29744.5 1387.13 807.277
 41314.6 8972.69 189.342 6308.97 465.445
 26937.8 3471.62 172.216 3.6341 130.023
 322671 1482.2 28.5704 1.41729 1.09996
 2763.57 87232.7 294.47 5.67612 0.500105
 399.305 583.254 10562.1 35.6542 0.747811
 75335.3 112.975 126.914 2298.27 7.92096
 1754.36 18272.8 18.0673 20.2964 368.811
 127727 371.249 2224.29 2.19927 47.3647
 96559.6 42358.1 110.985 664.953 14.8172
 53430.1 24442.3 7377.73 19.3308 118.399
 97847.2 11695.6 3183.51 960.92 17.9388
 69392.9 16530.5 907.383 246.988 75.9433
 442275 15409.9 2215.91 121.634 43.2888
 156080 115617 2862.56 411.629 30.6363
 238433 49858.5 32070.3 794.026 122.677
 973463 67840.3 10971.8 7057.32 201.728
 5504.9 285868 15902.8 2571.94 1701.63
 397270 1684.21 72736.9 4046.34 1087.38
 570030 120481 421.075 18185.1 1283.49
 8680.86 164777 27366.2 95.6432 4422.12
 500203 2754.6 45100.7 7490.32 1236.54
 110209 163495 799.96 13097.7 2534.36
 30269.6 36468.7 48663.7 238.105 4652.82
 315110 9662.24 10100.8 13478.5 1354.65
 454563 97707.1 2525.23 2639.85 3876.65
 12360.2 152061 29721.4 768.148 1982.25
 4196.04 4247.5 48811.9 9540.62 882.882
 158137 1331.43 1162.48 13359.1 2852.77
pred_Ctot
 53336.5 5645.48 2076.86 764.033 444.649
 431.167 33335.4 1554.59 571.9 332.833
 4997.65 249.769 8322.41 388.113 225.873
 22562.8 6574.31 138.731 4622.59 341.032
 16677.8 2725.74 135.215 2.85332 102.088
 55446.7 452.796 8.72796 0.432966 0.336027
 778.774 40356.4 136.231 2.62594 0.231363
 59.5439 157.122 2845.31 9.60486 0.201452
 16779.3 43.1326 48.4542 877.451 3.02412
 492.5 8428.06 8.33325 9.3614 170.108
 8023.72 44.7203 267.936 0.264922 5.70551
 19624.4 14965.2 39.2113 234.929 5.23495
 14262.5 10829.3 3268.74 8.56461 52.4572
 35586.9 6568.12 1787.83 539.643 10.0742
 18108.4 7191.29 394.74 107.447 33.0377
 83182.8 5093.32 732.407 40.2029 14.3079
 13140.8 18395.7 455.458 65.4938 4.8745
 34871.3 13199.7 8490.37 210.213 32.4778
 126445 16134.9 2609.48 1678.49 47.9782
 594.683 57410.9 3193.76 516.525 341.739
 44801.9 351.944 15199.6 845.549 227.225
 78723.7 30292.3 105.87 4572.24 322.705
 763.333 27312 4535.98 15.853 732.971
 35600.7 373.81 6120.35 1016.47 167.804
 7062.75 20074.1 98.2202 1608.15 311.172
 2561.1 5829.54 7778.92 38.0613 743.755
 31738.6 1818.4 1900.94 2536.61 254.94
 26257.7 10859.9 280.673 293.413 430.88
 517.643 12385.6 2420.85 62.5667 161.457
 369.06 704.19 8092.49 1581.73 146.372
 24947.6 377.153 329.295 3784.23 808.1
F
 0.208613 0.417226 0.417226 0.417226 0.417226
 0.243401 0.486803 0.486803 0.486803 0.486803
 0.275336 0.550673 0.550673 0.550673 0.550673
 1.4766 2.95319 2.95319 2.95319 2.95319
 1.9 3.8 3.8 3.8 3.8
 0.308052 0.616105 0.616105 0.616105 0.616105
 0.555656 1.11131 1.11131 1.11131 1.11131
 0.262556 0.525111 0.525111 0.525111 0.525111
 0.416534 0.833069 0.833069 0.833069 0.833069
 0.552989 1.10598 1.10598 1.10598 1.10598
 0.103738 0.207477 0.207477 0.207477 0.207477
 0.373847 0.747694 0.747694 0.747694 0.747694
 0.519165 1.03833 1.03833 1.03833 1.03833
 0.7782 1.5564 1.5564 1.5564 1.5564
 0.504772 1.00954 1.00954 1.00954 1.00954
 0.341648 0.683296 0.683296 0.683296 0.683296
 0.141177 0.282354 0.282354 0.282354 0.282354
 0.256932 0.513865 0.513865 0.513865 0.513865
 0.225331 0.450662 0.450662 0.450662 0.450662
 0.18434 0.368681 0.368681 0.368681 0.368681
 0.193122 0.386244 0.386244 0.386244 0.386244
 0.241093 0.482186 0.482186 0.482186 0.482186
 0.147849 0.295698 0.295698 0.295698 0.295698
 0.118232 0.236465 0.236465 0.236465 0.236465
 0.105924 0.211848 0.211848 0.211848 0.211848
 0.141919 0.283837 0.283837 0.283837 0.283837
 0.170947 0.341893 0.341893 0.341893 0.341893
 0.0950527 0.190105 0.190105 0.190105 0.190105
 0.0681548 0.13631 0.13631 0.13631 0.13631
 0.147887 0.295775 0.295775 0.295775 0.295775
 0.27966 0.559321 0.559321 0.559321 0.559321
nmprior
 8.19 8.8 8.5 0
nm_flota  nm_reclas  nm_pelaces    nm_pelaL
inf 4.83921 3.04019 4.24396
cv_recla  cv_pelaces  cv_mph
0.670477 0.828859 1.33807
 ------------------------------------------------
Talla a la edad & desviaci?n 
 8 13.2811 15.8009 17.003 17.5766
 0.8 1.32811 1.58009 1.7003 1.75766
