years
 1991 1992 1993 1994 1995 1996 1997 1998 1999 2000 2001 2002 2003 2004 2005 2006 2007 2008 2009 2010 2011 2012 2013 2014 2015 2016 2017 2018 2019 2020 2021
reclasobs
 0 0 0 0 0 0 0 0 0 252601 567819 844713 477998 351125 339783 2.1784e+06 2.13404e+06 4.81314e+06 1.55562e+06 2.62356e+06 3.21686e+06 3.843e+06 1.13348e+06 3.07943e+06 1.97215e+06 2.03268e+06 2.025e+06 2.42433e+06 2.27542e+06 1.05018e+06 2.36338e+06
reclaspred
 3.979e+06 1.50686e+06 831308 459911 114249 1.88316e+06 804670 346434 126579 205832 345239 622379 567924 405586 319086 1.78245e+06 1.22606e+06 4.22422e+06 3.39354e+06 1.93059e+06 3.74668e+06 3.31812e+06 2.01576e+06 3.59747e+06 2.41882e+06 1.70431e+06 2.57332e+06 3.49564e+06 2.56805e+06 1.09907e+06 1.63121e+06
pelacesobs
 0 0 0 0 0 0 0 0 0 0 0 0 0 0 0 552880 188675 0 991730 2.46772e+06 1.41603e+06 1.21717e+06 2.29649e+06 1.80582e+06 0 1.4828e+06 1.56532e+06 1.57751e+06 1.42118e+06 867257 1.10002e+06
pelacespred
 1.07737e+06 420338 199066 73277.3 19003.1 474081 157469 91588 19059.4 38838.9 83355.1 123456 123889 85775 67545.8 376583 258111 1.10002e+06 868125 457665 899068 802449 492711 1.01083e+06 639752 447563 787347 1.04444e+06 638163 314899 437238
mphobs
 0 0 0 0 0 0 0 0 0 0 0 498337 0 5186 125008 0 168611 109162 213762 579715 649985 157893 87575 83554 0 0 0 0 0 0 0
mphpred
 2.36617e+06 1.14552e+06 323344 248940 81951.2 20950.2 575479 186419 71174.4 13697 37778.2 119975 160540 113098 58848.3 63882.1 617999 381507 1.34062e+06 915210 713975 1.05327e+06 1.07616e+06 661370 1.10554e+06 787002 506225 734073 1.34941e+06 749389 288768
desembarqueobs
 494567 514787 250237 358949 120608 361735 552515 73892 212993 205616 52469 317467 293654 387597 252695 516296 358380 742168 942051 627588 828172 859565 418607 520667 417249 300574 415391 372974 316634 284311 391294
desembarquepred
 494528 514772 249609 358793 120543 361579 551894 73872.3 212739 205453 52460.9 317237 293401 387037 252440 515957 358257 741748 940904 626749 827768 858900 418397 520495 417030 300395 415197 372819 316487 284119 391119
Reclutas
 27028.9 17948.8 174440 25845.6 10146.9 315310 19911.3 5213.76 17033 58564 54117.2 123207 84941.3 67869 47708.9 397802 22777.8 666879 321341 169403 382681 516301 32162.2 279723 179725 56065.8 235823 304690 32946 17060.7 165316
log_desv_Rt
 -1.06451 -1.47389 0.800164 -1.10927 -2.04425 1.39214 -1.37013 -2.71011 -1.52626 -0.291295 -0.370263 0.452447 0.0805461 -0.143835 -0.496296 1.62454 -1.23563 2.14119 1.41109 0.770864 1.58579 1.88528 -0.890624 1.27238 0.830013 -0.334889 1.10167 1.35788 -0.866546 -1.52464 0.746443
SSB
 2.36617e+06 1.14552e+06 323344 248940 81951.2 20950.2 575479 186419 71174.4 13697 37778.2 119975 160540 113098 58848.3 63882.1 617999 381507 1.34062e+06 915210 713975 1.05327e+06 1.07616e+06 661370 1.10554e+06 787002 506225 734073 1.34941e+06 749389 288768
BT
 2.93603e+06 1.52101e+06 694223 434118 148607 1.41363e+06 850398 280354 245314 284954 236014 545828 549932 599769 406503 1.27595e+06 877333 3.20884e+06 2.893e+06 1.63457e+06 2.77211e+06 2.62671e+06 1.49974e+06 2.82688e+06 1.86659e+06 1.307e+06 2.25273e+06 2.78051e+06 1.73614e+06 1.02593e+06 1.39094e+06
Ftot
 0.209562 0.554891 0.56233 1.21537 1.55764 0.415688 1.06558 0.364583 2.40911 1.81602 0.317235 0.963102 0.943522 1.64573 1.45146 0.610116 0.494519 0.366406 0.506732 0.578168 0.429198 0.491891 0.35435 0.289914 0.313987 0.313071 0.324552 0.216618 0.211333 0.432855 0.482088
BD_Bspro_t
 0.96711 0.744434 0.437668 0.399032 0.154675 0.0617793 0.526735 0.234663 0.140419 0.0417067 0.128475 0.379263 0.315849 0.217361 0.124008 0.13872 0.476709 0.355724 0.589487 0.461705 0.364093 0.454426 0.484052 0.405778 0.563036 0.5402 0.49733 0.612806 0.719673 0.593398 0.415161
BD_Bspro
 4.22404 2.04496 0.577226 0.444403 0.146297 0.0373999 1.02733 0.332791 0.127059 0.0244516 0.0674408 0.214177 0.286592 0.2019 0.105055 0.114041 1.10324 0.681058 2.39325 1.63381 1.27457 1.88028 1.92114 1.18066 1.97359 1.40494 0.903702 1.31045 2.40893 1.33779 0.515502
BD_Bo
 1.43297 0.693734 0.195819 0.15076 0.0496302 0.0126876 0.348514 0.112897 0.0431037 0.00829501 0.0228787 0.0726577 0.0972241 0.068493 0.035639 0.0386874 0.374265 0.231043 0.811891 0.554257 0.432388 0.637869 0.651732 0.40053 0.669525 0.476614 0.306573 0.44456 0.81721 0.453835 0.17488
BD_Brms
 8.33081 4.03313 1.13843 0.876467 0.288533 0.0737614 2.02614 0.656342 0.25059 0.0482244 0.133009 0.422407 0.565228 0.398195 0.207193 0.224916 2.17585 1.34321 4.72005 3.22226 2.51376 3.70835 3.78894 2.32854 3.89239 2.77087 1.78231 2.58452 4.75098 2.63844 1.01669
Sel_flota
 0.756698 0.983359 0.99911 0.999953 0.999998
 0.756698 0.983359 0.99911 0.999953 0.999998
 0.756698 0.983359 0.99911 0.999953 0.999998
 0.756698 0.983359 0.99911 0.999953 0.999998
 0.756698 0.983359 0.99911 0.999953 0.999998
 0.756698 0.983359 0.99911 0.999953 0.999998
 0.756698 0.983359 0.99911 0.999953 0.999998
 0.756698 0.983359 0.99911 0.999953 0.999998
 0.756698 0.983359 0.99911 0.999953 0.999998
 0.756698 0.983359 0.99911 0.999953 0.999998
 0.756698 0.983359 0.99911 0.999953 0.999998
 0.756698 0.983359 0.99911 0.999953 0.999998
 0.756698 0.983359 0.99911 0.999953 0.999998
 0.756698 0.983359 0.99911 0.999953 0.999998
 0.756698 0.983359 0.99911 0.999953 0.999998
 0.756698 0.983359 0.99911 0.999953 0.999998
 0.756698 0.983359 0.99911 0.999953 0.999998
 0.756698 0.983359 0.99911 0.999953 0.999998
 0.756698 0.983359 0.99911 0.999953 0.999998
 0.756698 0.983359 0.99911 0.999953 0.999998
 0.756698 0.983359 0.99911 0.999953 0.999998
 0.756698 0.983359 0.99911 0.999953 0.999998
 0.756698 0.983359 0.99911 0.999953 0.999998
 0.756698 0.983359 0.99911 0.999953 0.999998
 0.756698 0.983359 0.99911 0.999953 0.999998
 0.756698 0.983359 0.99911 0.999953 0.999998
 0.756698 0.983359 0.99911 0.999953 0.999998
 0.756698 0.983359 0.99911 0.999953 0.999998
 0.756698 0.983359 0.99911 0.999953 0.999998
 0.756698 0.983359 0.99911 0.999953 0.999998
 0.756698 0.983359 0.99911 0.999953 0.999998
Sel_reclas
 1 1 1 1 1
 1 1 1 1 1
 1 1 1 1 1
 1 1 1 1 1
 1 1 1 1 1
 1 1 1 1 1
 1 1 1 1 1
 1 1 1 1 1
 1 1 1 1 1
 1 1 1 1 1
 1 1 1 1 1
 1 1 1 1 1
 1 1 1 1 1
 1 1 1 1 1
 1 1 1 1 1
 1 1 1 1 1
 1 1 1 1 1
 1 1 1 1 1
 1 1 1 1 1
 1 1 1 1 1
 1 1 1 1 1
 1 1 1 1 1
 1 1 1 1 1
 1 1 1 1 1
 1 1 1 1 1
 1 1 1 1 1
 1 1 1 1 1
 1 1 1 1 1
 1 1 1 1 1
 1 1 1 1 1
 1 1 1 1 1
Sel_pelaces
 1 1 1 1 1
 1 1 1 1 1
 1 1 1 1 1
 1 1 1 1 1
 1 1 1 1 1
 1 1 1 1 1
 1 1 1 1 1
 1 1 1 1 1
 1 1 1 1 1
 1 1 1 1 1
 1 1 1 1 1
 1 1 1 1 1
 1 1 1 1 1
 1 1 1 1 1
 1 1 1 1 1
 1 1 1 1 1
 1 1 1 1 1
 1 1 1 1 1
 1 1 1 1 1
 1 1 1 1 1
 1 1 1 1 1
 1 1 1 1 1
 1 1 1 1 1
 1 1 1 1 1
 1 1 1 1 1
 1 1 1 1 1
 1 1 1 1 1
 1 1 1 1 1
 1 1 1 1 1
 1 1 1 1 1
 1 1 1 1 1
pf_obs 
 0.8446 0.082 0.0669 0.0065 0
 0.8095 0.147 0.0364 0.0071 0
 0.9664 0.0169 0.016 0.0007 0
 0.9276 0.0648 0.0075 0.0001 0
 0.7033 0.2144 0.0806 0.0017 0
 0.9318 0.0425 0.0243 0.0014 0
 0.5671 0.3108 0.0964 0.0239 0.0018
 0.0768 0.2599 0.5324 0.112 0.0189
 0.490249 0.384438 0.106611 0.0170017 0.00170017
 0.7925 0.1577 0.0466 0.003 0.0002
 0.840416 0.127587 0.0312969 0.00059994 9.999e-05
 0.8084 0.0986 0.0794 0.0134 0.0002
 0.7335 0.1905 0.0724 0.0035 0.0001
 0.4001 0.4547 0.1325 0.0127 0
 0.49795 0.308269 0.164784 0.0264974 0.00249975
 0.9179 0.0499 0.0305 0.0017 0
 0.2467 0.6533 0.0926 0.0074 0
 0.9418 0.0223 0.034 0.0019 0
 0.707729 0.231977 0.0356964 0.0245975 0
 0.517169 0.277429 0.184464 0.0207286 0.00020938
 0.811772 0.124168 0.05621 0.00726502 0.000585176
 0.764997 0.148141 0.077277 0.00933861 0.000247198
 0.163321 0.427699 0.378323 0.0303852 0.000271297
 0.753843 0.0900009 0.118128 0.0371064 0.000921714
 0.721811 0.176058 0.0630433 0.0369309 0.00215725
 0.143369 0.312575 0.442814 0.0836902 0.0175525
 0.692698 0.0596174 0.167031 0.0765114 0.00414204
 0.394062 0.376323 0.152708 0.0712218 0.00568511
 0.125707 0.32114 0.495352 0.0537591 0.00404204
 0.23352 0.215282 0.420074 0.123614 0.00750983
 0.774587 0.0839891 0.0768558 0.0609784 0.00358967
pf_pred 
 0.123969 0.210441 0.593993 0.0715961 8.02592e-07
 0.213693 0.125145 0.160921 0.446474 0.0537666
 0.900077 0.0277181 0.0117012 0.0147383 0.0457649
 0.325653 0.625292 0.013824 0.00571496 0.0295161
 0.496717 0.215382 0.267521 0.00574942 0.0146296
 0.992706 0.00452971 0.00120475 0.00144902 0.000110186
 0.16371 0.831838 0.00278586 0.000726728 0.000939573
 0.223435 0.176319 0.597134 0.00194801 0.00116348
 0.748266 0.071482 0.041533 0.138 0.000718337
 0.97735 0.0193576 0.000965445 0.000537037 0.00178951
 0.885773 0.112703 0.00130882 6.30065e-05 0.000151536
 0.856502 0.130928 0.0124058 0.000141448 2.31626e-05
 0.743454 0.23051 0.0238065 0.00219953 2.91456e-05
 0.756923 0.197198 0.0413273 0.00416214 0.000389122
 0.826717 0.145389 0.0227716 0.00461503 0.000507327
 0.979904 0.0177815 0.00195156 0.000296359 6.65539e-05
 0.163569 0.824369 0.0106985 0.00114951 0.00021352
 0.951173 0.0103401 0.0379427 0.000482667 6.14274e-05
 0.572591 0.411965 0.00331922 0.0119537 0.000171243
 0.524523 0.308457 0.161106 0.0012721 0.00464193
 0.821912 0.108135 0.0457137 0.0233825 0.000857353
 0.778771 0.191054 0.0184635 0.00765572 0.00405528
 0.139235 0.713526 0.127508 0.0120788 0.00765301
 0.813962 0.033335 0.126984 0.0222752 0.00344361
 0.595597 0.345966 0.0106273 0.0397642 0.00804595
 0.361066 0.424209 0.184196 0.00555633 0.0249725
 0.832192 0.0724931 0.0636705 0.0271493 0.00449522
 0.754114 0.213996 0.0139219 0.0120067 0.00596156
 0.178923 0.658617 0.141712 0.00906245 0.0116856
 0.2282 0.172823 0.482098 0.101964 0.0149145
 0.894881 0.030507 0.0169627 0.0464092 0.0112397
pobs_RECLAS
 0 0 0 0 0
 0 0 0 0 0
 0 0 0 0 0
 0 0 0 0 0
 0 0 0 0 0
 0 0 0 0 0
 0 0 0 0 0
 0 0 0 0 0
 0 0 0 0 0
 0 0 0 0 0
 0.991045 0.00858322 0.000360255 1.14367e-05 0
 0.934742 0.0480273 0.0164251 0.00080598 0
 0.827803 0.169806 0.00239088 0 0
 0.941827 0.0461693 0.0120037 0 0
 0.791401 0.0380133 0.147996 0.0225897 0
 0.846168 0.0940531 0.0597789 0 0
 0.134021 0.677848 0.182769 0.00536245 0
 0.80878 0.0450904 0.141981 0.00414843 0
 0.846168 0.0940531 0.0597789 0 0
 0.905697 0.0802665 0.012482 0.00150086 5.37128e-05
 0.989698 0.0102097 9.19794e-05 0 0
 0.975433 0.0193895 0.00387452 0.00125025 5.28907e-05
 0.303575 0.632131 0.0575291 0.00676475 0
 0.966965 0.00978017 0.0227588 0.000495775 0
 0.843318 0.132988 0.00938335 0.0141283 0.000182051
 0.564624 0.303363 0.111486 0.0197234 0.00080311
 0.826376 0.0876187 0.0782897 0.00655872 0.00115652
 0.89761 0.0855135 0.0140674 0.00269457 0.000114338
 0.34875 0.467042 0.161289 0.0227151 0.000203297
 0.318654 0.224769 0.449479 0.00709798 0
 0.937255 0.0296025 0.0250945 0.00804832 0
ppred_RECLAS
 0.15757 0.204887 0.569015 0.0685265 7.68146e-07
 0.266791 0.118438 0.149733 0.415058 0.0499809
 0.923309 0.0215483 0.00894329 0.0112544 0.0349452
 0.396451 0.560448 0.0121553 0.00502002 0.0259256
 0.580364 0.181714 0.221099 0.00474653 0.012077
 0.994471 0.00345579 0.000903956 0.00108628 8.25989e-05
 0.208797 0.78707 0.0025874 0.000674291 0.000871733
 0.276443 0.166392 0.55428 0.00180662 0.00107899
 0.816436 0.0531009 0.0300916 0.0998513 0.000519722
 0.983856 0.0138424 0.00067547 0.000375299 0.00125049
 0.910353 0.0884709 0.00101068 4.86114e-05 0.000116909
 0.889123 0.101324 0.00942749 0.000107386 1.75839e-05
 0.795537 0.184051 0.0186663 0.00172296 2.28295e-05
 0.81319 0.152151 0.0312237 0.00314107 0.000293644
 0.868194 0.110948 0.0170309 0.00344788 0.000379002
 0.984751 0.013519 0.00145855 0.00022129 4.96932e-05
 0.204772 0.78395 0.0100043 0.00107395 0.000199475
 0.962792 0.0079828 0.0288125 0.0003662 4.66029e-05
 0.638395 0.348758 0.00276299 0.00994165 0.000142413
 0.594349 0.264733 0.135933 0.00107236 0.0039129
 0.859216 0.0860524 0.0357771 0.0182837 0.00067037
 0.822838 0.153354 0.014573 0.00603718 0.00319778
 0.175331 0.685537 0.120501 0.011405 0.00722582
 0.852983 0.026702 0.100065 0.017538 0.00271114
 0.65903 0.292417 0.00883614 0.0330334 0.00668373
 0.426567 0.382832 0.163523 0.00492844 0.0221495
 0.867654 0.0577173 0.0498664 0.0212447 0.00351741
 0.800527 0.173976 0.0111361 0.00959593 0.00476435
 0.222039 0.626039 0.132535 0.00846829 0.010919
 0.282413 0.162795 0.446613 0.0943754 0.0138039
 0.918975 0.0238076 0.0130172 0.0355827 0.00861723
pobs_PELACES
 0 0 0 0 0
 0 0 0 0 0
 0 0 0 0 0
 0 0 0 0 0
 0 0 0 0 0
 0 0 0 0 0
 0 0 0 0 0
 0 0 0 0 0
 0 0 0 0 0
 0 0 0 0 0
 0 0 0 0 0
 0 0 0 0 0
 0 0 0 0 0
 0 0 0 0 0
 0 0 0 0 0
 0 0 0 0 0
 0.505614 0.472636 0.0217494 0 0
 0 0 0 0 0
 0.443492 0.261883 0.143347 0.151278 0
 0.227955 0.32914 0.350689 0.0885471 0.00366901
 0.970185 0.0296113 0.000203453 0 0
 0.997202 0.00247181 0.000326279 0 0
 0.445219 0.490057 0.0546422 0.010081 0
 0.90214 0.0892962 0.00764917 0.000914606 0
 0 0 0 0 0
 0.581667 0.319106 0.0959925 0.00289975 0.000334073
 0.762889 0.0836404 0.116647 0.0363945 0.000428098
 0.88444 0.0763242 0.0277011 0.0115352 0
 0.521256 0.241999 0.230069 0.00667565 0
 0.616807 0.101726 0.260614 0.0208532 0
 0.833518 0.0704572 0.0857862 0.0102388 0
ppred_PELACES
 0.159773 0.204521 0.567379 0.0683255 7.65891e-07
 0.27549 0.117327 0.147902 0.409919 0.0493617
 0.926385 0.0207296 0.00857838 0.0107936 0.0335139
 0.418509 0.540218 0.0116428 0.00480672 0.0248236
 0.609539 0.16986 0.205009 0.0043992 0.0111931
 0.994644 0.00335057 0.000874543 0.00105081 7.99015e-05
 0.222274 0.773685 0.00252935 0.000658968 0.00085191
 0.282226 0.165303 0.54961 0.00179122 0.00106978
 0.843147 0.0457957 0.0256289 0.0849859 0.000442333
 0.985897 0.0121093 0.000585348 0.000325062 0.00108307
 0.912272 0.0865785 0.000987429 4.7489e-05 0.000114209
 0.896069 0.0950182 0.00879661 0.000100173 1.64026e-05
 0.806854 0.173949 0.0175555 0.00162 2.1465e-05
 0.831397 0.137541 0.027985 0.00281397 0.000263059
 0.880256 0.100917 0.0153746 0.0031113 0.000341997
 0.985427 0.0129248 0.00139002 0.000210858 4.73501e-05
 0.210867 0.77797 0.00990245 0.00106288 0.000197417
 0.963814 0.00777524 0.0280099 0.000355963 4.52999e-05
 0.64712 0.340376 0.00268949 0.00967583 0.000138604
 0.604981 0.258064 0.132111 0.00104204 0.00380224
 0.863159 0.0837161 0.0347282 0.0177456 0.000650634
 0.828187 0.148776 0.0141018 0.00584117 0.00309394
 0.179242 0.682499 0.119746 0.0113325 0.00717981
 0.855836 0.0262166 0.0980984 0.0171918 0.00265762
 0.664342 0.287931 0.00868641 0.0324708 0.00656986
 0.432438 0.379119 0.161674 0.00487227 0.021897
 0.870526 0.0565195 0.0487493 0.0207668 0.00343828
 0.803125 0.171736 0.0109804 0.00946112 0.0046974
 0.224819 0.623936 0.131945 0.00843009 0.0108697
 0.289382 0.161498 0.442058 0.0934016 0.0136613
 0.921753 0.0230338 0.0125626 0.0343355 0.00831512
pobs_pel_tallas
 0 0 0 0 0 0 0 0 0 0 0 0 0 0 0 0 0 0 0 0 0 0 0 0 0 0
 0 0 0 0 0 0 0 0 0 0 0 0 0 0 0 0 0 0 0 0 0 0 0 0 0 0
 0 0 0 0 0 0 0 0 0 0 0 0 0 0 0 0 0 0 0 0 0 0 0 0 0 0
 0 0 0 0 0 0 0 0 0 0 0 0 0 0 0 0 0 0 0 0 0 0 0 0 0 0
 0 0 0 0 0 0 0 0 0 0 0 0 0 0 0 0 0 0 0 0 0 0 0 0 0 0
 0 0 0 0 0 0 0 0 0 0 0 0 0 0 0 0 0 0 0 0 0 0 0 0 0 0
 0 0 0 0 0 0 0 0 0 0 0 0 0 0 0 0 0 0 0 0 0 0 0 0 0 0
 0 0 0 0 0 0 0 0 0 0 0 0 0 0 0 0 0 0 0 0 0 0 0 0 0 0
 0 0 0 0 0 0 0 0 0 0 0 0 0 0 0 0 0 0 0 0 0 0 0 0 0 0
 0 0 0 0 0 0 0 0 0 0 0 0 0 0 0 0 0 0 0 0 0 0 0 0 0 0
 0 0 0 0 0 0 0 0 0 0 0 0 0 0 0 0 0 0 0 0 0 0 0 0 0 0
 0 0 0 0 0 0 0 0 0 0 0 0 0 0 0 0 0 0 0 0 0 0 0 0 0 0
 0.00862536 0 0 0.000197151 0.00414017 0.0128641 0.00837892 0.0270097 0.101434 0.158115 0.152841 0.127902 0.109271 0.109419 0.0830992 0.0579132 0.0238553 0.00714673 0.00463305 0.00128148 0.00103504 0.000492878 0.000147863 0.000147863 4.92878e-05 0
 0 0 0 0 0 0 0 0 0 0 0 0 0 0 0 0 0 0 0 0 0 0 0 0 0 0
 0 0 0 0 0 0 0 0.0054083 0.00873648 0.0413646 0.0450493 0.0745869 0.0622846 0.0627006 0.0613931 0.0827291 0.12552 0.122667 0.0946155 0.0697135 0.0546179 0.0294188 0.0215738 0.0213955 0.0102223 0.00600262
 0 0 0 0 0.00359764 0.0251062 0.0480494 0.140153 0.205849 0.193036 0.1447 0.116669 0.0760912 0.0342217 0.00950174 0.001854 0.000860785 0 0 0 0.000165536 0 0.000143464 0 0 0
 0 0 0 0 0 0 0 0.000145254 0.000435761 0.0275982 0.070085 0.0708112 0.156366 0.174668 0.174014 0.160142 0.0824315 0.0480064 0.0283245 0.00493863 0.00203355 0 0 0 0 0
 0 0 0 0 0 0 0 0 0 0 0 0 0 0 0 0 0 0 0 0 0 0 0 0 0 0
 0 0 1.00437e-05 0.000401748 0.00122533 0.00171747 0.00176769 0.0269171 0.070346 0.194647 0.189555 0.159765 0.064822 0.0314167 0.0384472 0.0292271 0.0345202 0.0313363 0.0194345 0.0106764 0.0143323 0.0359363 0.0279516 0.0138201 0.00172751 0
 0 0.0021121 0.0136068 0.0755702 0.200478 0.177729 0.0527432 0.0373336 0.0318909 0.0142505 0.0149659 0.0166563 0.0217959 0.0798694 0.0677717 0.0528807 0.04013 0.0224614 0.0357745 0.0225083 0.00881397 0.00855152 0.00135912 0.000746735 0 0
 0 0 0 0 5.4009e-05 0.00500934 0.000945158 0.0243581 0.138947 0.33067 0.221406 0.137944 0.0707744 0.0437923 0.0131692 0.00525238 0.0047753 0.00276346 9.45158e-05 9.00151e-06 2.25038e-05 9.00151e-06 4.50075e-06 0 0 0
 0.000866109 0.00284123 0.00948549 0.0512746 0.133035 0.25785 0.225252 0.132002 0.0553304 0.0519788 0.0540692 0.017754 0.00435017 0.00159236 0.00146478 0.000404838 0.000125132 0.000115318 0.000107957 0.000100596 0 0 0 0 0 0
 0 0 0 0 0.00144013 0.00171154 0.00461396 0.0210425 0.0478622 0.0707936 0.0888783 0.103762 0.0637923 0.0337046 0.0602308 0.124433 0.169614 0.0934646 0.0462172 0.0250306 0.0313229 0.00938855 0.002487 0.000210481 0 0
 0 0.00764035 0.051015 0.0998891 0.058973 0.0496711 0.0374665 0.0718981 0.12319 0.153886 0.159021 0.0857701 0.0377988 0.023471 0.0147837 0.00900784 0.00315554 0.000888139 0.00291439 0.00214683 0.00393193 0.00274676 0.000635225 9.99891e-05 0 0
 0 0 0 0 0 0 0 0 0 0 0 0 0 0 0 0 0 0 0 0 0 0 0 0 0 0
 0 0 0 0 0 0 0 0 0 0 0 0 0 0 0 0 0 0 0 0 0 0 0 0 0 0
 0 0 0 0 0 0 0 0 0 0 0 0 0 0 0 0 0 0 0 0 0 0 0 0 0 0
 0 0 0 0 0 0 0 0 0 0 0 0 0 0 0 0 0 0 0 0 0 0 0 0 0 0
 0 0 0 0 0 0 0 0 0 0 0 0 0 0 0 0 0 0 0 0 0 0 0 0 0 0
 0 0 0 0 0 0 0 0 0 0 0 0 0 0 0 0 0 0 0 0 0 0 0 0 0 0
 0 0 0 0 0 0 0 0 0 0 0 0 0 0 0 0 0 0 0 0 0 0 0 0 0 0
ppred_pel_tallas
 1.23278e-16 1.31604e-05 0.000127924 0.000850098 0.00386443 0.0120238 0.0256187 0.0373956 0.0374162 0.0257196 0.012365 0.00486086 0.00339233 0.00581349 0.011209 0.0195473 0.0305726 0.0434777 0.057274 0.0712515 0.0848962 0.0972312 0.10631 0.109633 0.105407 0.093729
 1.53761e-16 2.26918e-05 0.000220572 0.00146578 0.00666322 0.0207318 0.0441718 0.0644724 0.0644841 0.044229 0.0209249 0.00722601 0.00289809 0.00341463 0.00629437 0.0109331 0.0171378 0.0246538 0.0334255 0.043929 0.0570176 0.0731402 0.0914032 0.109214 0.122899 0.129027
 1.07007e-16 7.63051e-05 0.000741713 0.00492894 0.0224063 0.0697142 0.148533 0.216789 0.216791 0.148543 0.0697474 0.0225024 0.00517137 0.00127482 0.00110092 0.00173339 0.00257642 0.00344039 0.0042122 0.00490046 0.00565784 0.0066934 0.00812143 0.00985012 0.0115808 0.0129117
 1.05158e-16 3.44721e-05 0.000335081 0.00222673 0.0101224 0.031495 0.0671053 0.097953 0.098005 0.0673591 0.0323471 0.0125825 0.00839703 0.0137891 0.0255399 0.0420483 0.0602919 0.0752471 0.081835 0.0777555 0.06492 0.048263 0.0329053 0.0218273 0.0153743 0.0122407
 1.08295e-16 5.0207e-05 0.00048803 0.00324313 0.0147428 0.0458704 0.0977324 0.142647 0.142663 0.0978139 0.0461449 0.0155391 0.00525542 0.00492529 0.00860716 0.0144875 0.0216486 0.0288504 0.0348003 0.0388035 0.0410009 0.0419376 0.0418872 0.0405835 0.0375614 0.0327159
 1.00146e-16 8.19275e-05 0.000796365 0.00529212 0.0240572 0.074851 0.159478 0.232763 0.232763 0.159479 0.0748563 0.0240726 0.00533077 0.000880906 0.000243021 0.000273528 0.00038955 0.000497348 0.000563431 0.000575335 0.00054451 0.000497458 0.000458039 0.000434646 0.000420091 0.00040082
 1.00482e-16 1.83086e-05 0.000177966 0.00118265 0.00537621 0.0167278 0.0356431 0.0520377 0.0521121 0.0360065 0.0179476 0.00889712 0.0100121 0.0194243 0.036487 0.0600723 0.0860204 0.107091 0.115922 0.109125 0.089375 0.0637462 0.0396829 0.0216773 0.0105323 0.00470591
 1.16264e-16 2.32466e-05 0.000225965 0.00150162 0.00682615 0.0212388 0.0452521 0.0660503 0.066067 0.0453343 0.0215171 0.00764028 0.00358388 0.00489924 0.00927135 0.0162584 0.0256605 0.0369101 0.0492435 0.0619827 0.0744134 0.0852865 0.0925644 0.0939858 0.0882582 0.0760052
 1.0935e-16 6.94489e-05 0.000675068 0.00448607 0.020393 0.0634502 0.135188 0.197311 0.197316 0.135209 0.0635239 0.0206067 0.00502569 0.0018645 0.00236344 0.00389376 0.00584157 0.00788223 0.00977199 0.0114926 0.0132828 0.0154395 0.0180183 0.0206664 0.0227215 0.0235073
 1.00236e-16 8.12071e-05 0.000789361 0.00524558 0.0238457 0.0741927 0.158075 0.230716 0.230717 0.158081 0.0742118 0.0239009 0.00538406 0.00109142 0.000654214 0.000951336 0.00135877 0.00170106 0.00186125 0.00178922 0.00152872 0.00118971 0.000884253 0.000674439 0.000562113 0.000512327
 1.00075e-16 7.51427e-05 0.000730414 0.00485386 0.0220649 0.0686522 0.146271 0.213489 0.213497 0.146312 0.0687888 0.022459 0.00584215 0.00288487 0.00415799 0.00673182 0.00963554 0.0120017 0.0130032 0.0122605 0.0100715 0.00722411 0.00454689 0.00253849 0.00128698 0.000621095
 1.00292e-16 7.3808e-05 0.00071744 0.00476764 0.021673 0.0674328 0.143673 0.209697 0.209706 0.143718 0.0675829 0.0221064 0.00585502 0.00308978 0.00457507 0.0074354 0.0106768 0.0133681 0.0146132 0.0139963 0.0118257 0.00892724 0.00615925 0.00402395 0.00259804 0.00170782
 1.00718e-16 6.64595e-05 0.00064601 0.00429297 0.0195152 0.0607191 0.129369 0.188822 0.188838 0.129451 0.060994 0.0203088 0.00628428 0.00499093 0.00831188 0.0136191 0.0195719 0.024525 0.0268467 0.0257794 0.0218861 0.0166719 0.0116944 0.00785699 0.0052853 0.00365345
 1.0117e-16 6.84811e-05 0.000665661 0.00442355 0.0201088 0.0625661 0.133304 0.194564 0.194577 0.133369 0.0627839 0.0207379 0.00600325 0.00411604 0.00662679 0.0108609 0.0156704 0.0197694 0.0218907 0.02144 0.0188326 0.015188 0.011641 0.008814 0.00675619 0.00522137
 1.0084e-16 7.25055e-05 0.000704779 0.00468351 0.0212905 0.0662429 0.141138 0.205997 0.206006 0.141185 0.0664025 0.0217516 0.00584084 0.00323145 0.00487172 0.00794067 0.011435 0.0143857 0.0158562 0.0154127 0.013374 0.0105877 0.00791804 0.00584545 0.00441081 0.00341527
 1.00073e-16 8.11683e-05 0.000788985 0.00524308 0.0238343 0.0741573 0.158 0.230606 0.230607 0.158006 0.0741778 0.0238933 0.00539108 0.00111194 0.00069414 0.00101806 0.0014562 0.00182572 0.00200115 0.00192624 0.0016429 0.00126261 0.000900312 0.000621979 0.000435752 0.000316493
 1.00625e-16 1.7369e-05 0.000168833 0.00112196 0.00510031 0.0158694 0.0338141 0.0493683 0.0494432 0.0341796 0.0170961 0.00864154 0.0100029 0.0195292 0.0367075 0.0604507 0.0865941 0.107871 0.116889 0.110242 0.090601 0.0650402 0.0409963 0.022943 0.0116696 0.00564164
 1.00854e-16 7.93881e-05 0.00077168 0.00512809 0.0233115 0.0725308 0.154535 0.225548 0.225549 0.154539 0.072544 0.0233501 0.00522682 0.000993773 0.000520315 0.000784219 0.00123712 0.00179399 0.00241784 0.00307727 0.00373403 0.00431852 0.00471996 0.00481788 0.0045438 0.00392891
 1.01159e-16 5.33025e-05 0.00051812 0.00344309 0.0156518 0.0486987 0.103759 0.151446 0.151479 0.103919 0.0492355 0.0172012 0.00732893 0.00898959 0.0161089 0.0264602 0.0379096 0.0472506 0.0512609 0.0484695 0.040064 0.0291489 0.0189649 0.0114281 0.00681833 0.00439288
 1.04627e-16 4.98315e-05 0.00048438 0.00321888 0.0146326 0.0455275 0.0970021 0.141583 0.141608 0.0971244 0.0459386 0.0158218 0.00621097 0.00703886 0.0125641 0.0208636 0.0304458 0.0391027 0.0445759 0.0457549 0.0432333 0.0387167 0.0338196 0.0292578 0.0249246 0.020501
 1.02914e-16 7.10973e-05 0.000691091 0.00459254 0.020877 0.0649563 0.138397 0.201995 0.202004 0.138436 0.0650895 0.0212624 0.00556187 0.00281392 0.0041228 0.00675635 0.00985156 0.0126559 0.014453 0.0149172 0.0142874 0.0131578 0.0120614 0.0111837 0.0103841 0.00942137
 1.01555e-16 6.82167e-05 0.000663091 0.00440647 0.0200312 0.0623246 0.13279 0.193813 0.193828 0.13286 0.0625596 0.02071 0.00610987 0.00438008 0.00712301 0.0116564 0.0167588 0.0210214 0.02306 0.022243 0.0190691 0.0148359 0.0108705 0.0079165 0.00603045 0.00487191
 1.05982e-16 1.47641e-05 0.000143512 0.000953693 0.00433539 0.0134894 0.0287429 0.041965 0.0420308 0.0290645 0.0145693 0.00745495 0.00878569 0.0172456 0.0325083 0.0537539 0.0775107 0.0976259 0.107808 0.105115 0.0916639 0.0731157 0.0552343 0.0412166 0.0313389 0.024313
 1.05012e-16 7.0494e-05 0.000685227 0.00455358 0.0206999 0.0644051 0.137222 0.20028 0.200283 0.137235 0.0644497 0.0208308 0.00488942 0.00144278 0.00158086 0.00268915 0.00430439 0.00632786 0.00868609 0.0113136 0.0141053 0.0168138 0.0190005 0.020142 0.019861 0.018129
 1.04693e-16 5.4721e-05 0.000531908 0.00353472 0.0160683 0.0499947 0.10652 0.155475 0.155502 0.106655 0.0504491 0.0173805 0.00682673 0.00771265 0.013676 0.022482 0.0322915 0.0404349 0.0442511 0.0425625 0.0364142 0.0284139 0.0211982 0.0161967 0.0134046 0.0119687
 1.08957e-16 3.56194e-05 0.000346234 0.00230085 0.0104593 0.0325431 0.0693378 0.101208 0.101245 0.0695172 0.0331461 0.0122032 0.00668615 0.00994597 0.018345 0.0304741 0.0443664 0.056771 0.0643587 0.0655399 0.0613086 0.0543642 0.047283 0.0412374 0.0360252 0.0309518
 1.04086e-16 7.17041e-05 0.000696989 0.00463174 0.0210552 0.0655106 0.139578 0.203719 0.203724 0.139605 0.0656015 0.0213185 0.00529616 0.00215902 0.00288264 0.00474249 0.00703831 0.00930355 0.0111116 0.01227 0.0129021 0.0132882 0.0135984 0.0137524 0.013503 0.0126409
 1.02105e-16 6.61524e-05 0.000643025 0.00427313 0.019425 0.0604386 0.128771 0.187949 0.187966 0.128852 0.0607097 0.0202081 0.00623783 0.0049292 0.00819837 0.0134285 0.0192916 0.024167 0.0264567 0.0254394 0.0217107 0.0167974 0.0122592 0.00896704 0.0069724 0.00584287
 1.06653e-16 1.85182e-05 0.000180003 0.00119619 0.00543773 0.0169191 0.0360502 0.052629 0.0526892 0.0363444 0.0179071 0.00829216 0.00836421 0.0158377 0.029784 0.0492834 0.0711618 0.089833 0.0995817 0.0977259 0.086155 0.0699395 0.0542052 0.0417406 0.0327256 0.0259989
 1.24477e-16 2.3836e-05 0.000231695 0.00153969 0.00699923 0.0217773 0.0463994 0.0677247 0.0677409 0.0464791 0.0220469 0.0077867 0.00354942 0.00472868 0.00888679 0.0154976 0.0242967 0.0346913 0.0459879 0.0577397 0.0696535 0.0810159 0.0902278 0.0950905 0.0938188 0.0860658
 1.0522e-16 7.59236e-05 0.000738004 0.0049043 0.0222942 0.0693656 0.147791 0.215706 0.215708 0.147802 0.0694026 0.0224015 0.00517525 0.0013349 0.00122612 0.00195255 0.00291898 0.00392622 0.00484663 0.00567152 0.00652803 0.00758153 0.00888321 0.0102791 0.011448 0.0120396
pSPR Fmed_Fpbrs
0.39907   0.222009 0.222009
Fs Fmed_Fpbrs
0.556539   1.005 1.005
SSBpbr Bo_Bmed_Bpbrs
1.65124e+06  576397  284027 284027
Ro
78367.9
SPR SPRFo_SPRFmed_SPRFpbrs
560168 223546 124362
Fref
1.005
Nvult_r0
 123089 3487.48 1918.4 5245.66 1270.39
CTP_r0
 32900.3 1121.59 623.634 1706.23 413.226
YTP_r0
391119
Np
 141661 42227.1 1035.8 564.194 1892.19
Nvult_p0
 117301 36444.9 896.193 488.216 1637.38
CTP_p0
 50670.7 18115 449.014 244.711 820.733
YTP_p0
 718679
CBA_c0
489387
log_Ro
11.0892
likeval ReclasPelacesDesembMPH_pf_preclas_ppelaces_ptallas_desvR_qrecl_qpela
 12.9045 59.91 0.109999 0.0016556 277.941 118.64 107.318 0 70.6295 1.61992e-05 0 0.115939 0 0 0
q_reclas_q_pelaces
1.76886 1
M
1
N
 27028.9 35990.1 100117 12058.2 0.135167
 17948.8 8485.28 10774.4 29873.4 3597.37
 174440 4338.98 1808.82 2276.81 7069.6
 25845.6 41932.6 918.208 379.404 1959.46
 10146.9 3790.4 4668.87 100.297 255.203
 315310 1148.56 301.422 362.282 27.5475
 19911.3 84690.8 280.758 73.1998 94.636
 5213.76 3270.57 10926.1 35.6182 21.2727
 17033 1455.6 840.673 2792.39 14.5351
 58564 1012.26 50.107 27.8614 92.8376
 54117.2 5451.8 62.4363 3.00345 7.22327
 123207 15659.9 1468.13 16.7298 2.73949
 84941.3 21869.3 2234.52 206.335 2.73403
 67869 15302.3 3181.22 320.249 29.9397
 47708.9 7186.91 1115.9 226.05 24.849
 397802 5852.12 634.421 96.2787 21.6207
 22777.8 92229.5 1181.57 126.867 23.5645
 666879 5763.74 20863.3 265.208 33.7509
 321341 185926 1478.87 5322.33 76.2424
 169403 80564.6 41556.4 327.914 1196.53
 382681 40236.7 16785.4 8579.68 314.575
 516301 101741 9705.8 4021.66 2130.22
 32162.2 130906 23074.4 2184.24 1383.87
 279723 9049.01 33988.5 5957.73 920.993
 179725 82634.1 2503.19 9359.27 1893.7
 56065.8 52134.9 22323.9 672.911 3024.23
 235823 16274.9 14097.2 6006.65 994.507
 304690 67863.1 4351.3 3749.83 1861.79
 32946 95142.9 20175.7 1289.24 1662.34
 17060.7 10329 28433.4 6009.46 878.985
 165316 4523.28 2482.59 6787.58 1643.8
pred_Ctot
 2538.09 4308.47 12161.1 1465.83 0.0164319
 4024.67 2356.96 3030.77 8408.83 1012.63
 39553.1 1218.05 514.198 647.663 2011.1
 10566.2 20288.3 448.533 185.428 957.683
 4868.11 2110.87 2621.86 56.3475 143.379
 55183.4 251.802 66.9707 80.5496 6.12513
 7428.25 37744.2 126.407 32.9749 42.6326
 812.613 641.256 2171.72 7.08473 4.23147
 10345.6 988.314 574.238 1908 9.93177
 30741.4 608.871 30.3669 16.8918 56.2869
 7444.63 947.233 11.0002 0.529548 1.27361
 42719.4 6530.21 618.759 7.05493 1.15527
 29008.6 8994.2 928.895 85.8225 1.13722
 33656.1 8768.29 1837.59 185.067 17.302
 21909 3853 603.476 122.304 13.4448
 96515.9 1751.39 192.219 29.19 6.55524
 4633.02 23349.9 303.031 32.5594 6.04784
 104402 1134.94 4164.64 52.9781 6.74234
 66734.9 48014.1 386.851 1393.19 19.9582
 39311.3 23117.9 12074.3 95.3395 347.897
 68873.7 9061.35 3830.67 1959.38 71.8436
 104539 25646.2 2478.45 1027.67 544.362
 4887.07 25044.3 4475.44 423.958 268.616
 35458.1 1452.15 5531.72 970.36 150.012
 24494.8 14228.3 437.063 1635.36 330.901
 7621.03 8953.8 3887.84 117.278 527.096
 33115.9 2884.76 2533.68 1080.37 178.881
 29510.6 8374.23 544.8 469.855 233.292
 3118.16 11478 2469.67 157.935 203.65
 3093.32 2342.67 6534.97 1382.15 202.171
 32900.3 1121.59 623.634 1706.23 413.226
F
 0.158575 0.206075 0.209376 0.209553 0.209562
 0.419884 0.545657 0.554397 0.554865 0.554889
 0.425514 0.552972 0.561829 0.562303 0.562328
 0.91967 1.19515 1.21429 1.21532 1.21537
 1.17866 1.53172 1.55625 1.55756 1.55763
 0.31455 0.40877 0.415318 0.415668 0.415687
 0.806324 1.04785 1.06463 1.06553 1.06558
 0.275879 0.358516 0.364259 0.364566 0.364582
 1.82296 2.36902 2.40696 2.40899 2.4091
 1.37417 1.78579 1.8144 1.81593 1.81601
 0.240051 0.311956 0.316953 0.31722 0.317234
 0.728777 0.947075 0.962245 0.963057 0.9631
 0.713961 0.92782 0.942682 0.943477 0.943519
 1.24532 1.61834 1.64426 1.64565 1.64572
 1.09832 1.4273 1.45017 1.45139 1.45146
 0.461674 0.599963 0.609573 0.610088 0.610115
 0.374202 0.48629 0.494079 0.494496 0.494518
 0.277258 0.360308 0.36608 0.366389 0.366405
 0.383443 0.498299 0.506281 0.506708 0.506731
 0.437499 0.568547 0.577654 0.578141 0.578167
 0.324773 0.422056 0.428816 0.429178 0.429197
 0.372213 0.483706 0.491453 0.491868 0.49189
 0.268136 0.348454 0.354035 0.354334 0.35435
 0.219377 0.28509 0.289656 0.289901 0.289914
 0.237593 0.308762 0.313708 0.313973 0.313987
 0.2369 0.307861 0.312792 0.313056 0.31307
 0.245587 0.319151 0.324263 0.324536 0.324551
 0.163914 0.213013 0.216425 0.216608 0.216618
 0.159915 0.207816 0.211145 0.211323 0.211332
 0.32754 0.425652 0.43247 0.432835 0.432854
 0.364795 0.474066 0.481659 0.482065 0.482087
nmprior
 8.19 8.8 8.5 0
nm_flota  nm_reclas  nm_pelaces    nm_pelaL
inf 13.7991 7.05604 12.6803
cv_recla  cv_pelaces  cv_mph
0.324934 0.877651 1.25569
 ------------------------------------------------
Talla a la edad & desviaci?n 
 8 13.2811 15.8009 17.003 17.5766
 0.8 1.32811 1.58009 1.7003 1.75766
