    unsorted:	 2.383505489e-06 2.195821693e-06 6.062731789e-05 5.030522171e-05 9.314002084e-05 0.001099993449 5.074177929 13.61631371 57.88471120 72.09711065 164.5368900 229.7898913 249.7647020 308.2561570 494.0856806 594.7663027 756.1853605 814.9845667 847.9143925 921.4698480 963.3296653 1066.593274 1112.525367 1195.918519 1392.105400 1408.954435 1680.726257 1792.448358 1987.107722 2016.037742 2227.232293 2332.743827 2529.202311 2498.609610 2583.787753 2657.840018 2866.770607 3128.595358 3251.962111 3297.865054 3832.921185 3997.818808 4350.915940 8321.319475 40113.05291 158312.5785 391483.4661 388083.6328 399911.8678 374017.8025 364301.6200 416104.4945 436598.9956 453537.6784 446843.9768 336290.2556 274270.9735 502977.0186 590533.6792 608344.9715 654983.7364 663205.3254 686627.4653 925618.2210 1007723.618 1081373.588 1168025.776 1341146.009 1452858.846 1643891.177 1759066.696 2358486.927 2407167.710 2589210.468 2727553.168 2964466.591 3278997.084
      sorted:	 2.195821693e-06 2.383505489e-06 5.030522171e-05 6.062731789e-05 9.314002084e-05 0.001099993449 5.074177929 13.61631371 57.88471120 72.09711065 164.5368900 229.7898913 249.7647020 308.2561570 494.0856806 594.7663027 756.1853605 814.9845667 847.9143925 921.4698480 963.3296653 1066.593274 1112.525367 1195.918519 1392.105400 1408.954435 1680.726257 1792.448358 1987.107722 2016.037742 2227.232293 2332.743827 2498.609610 2529.202311 2583.787753 2657.840018 2866.770607 3128.595358 3251.962111 3297.865054 3832.921185 3997.818808 4350.915940 8321.319475 40113.05291 158312.5785 274270.9735 336290.2556 364301.6200 374017.8025 388083.6328 391483.4661 399911.8678 416104.4945 436598.9956 446843.9768 453537.6784 502977.0186 590533.6792 608344.9715 654983.7364 663205.3254 686627.4653 925618.2210 1007723.618 1081373.588 1168025.776 1341146.009 1452858.846 1643891.177 1759066.696 2358486.927 2407167.710 2589210.468 2727553.168 2964466.591 3278997.084
