years
 1991 1992 1993 1994 1995 1996 1997 1998 1999 2000 2001 2002 2003 2004 2005 2006 2007 2008 2009 2010 2011 2012 2013 2014 2015 2016 2017 2018 2019 2020 2021
reclasobs
 0 0 0 0 0 0 0 0 0 252601 567819 844713 477998 351125 339783 2.1784e+06 2.13404e+06 4.81314e+06 1.55562e+06 2.62356e+06 3.21686e+06 3.843e+06 1.13348e+06 3.07943e+06 1.97215e+06 2.03268e+06 2.025e+06 2.42433e+06 2.27542e+06 1.05018e+06 2.36338e+06
reclaspred
 3.52683e+06 2.03672e+06 1.04529e+06 1.20199e+06 1.30679e+06 1.98097e+06 1.41423e+06 1.27503e+06 911348 656957 596753 694738 689491 574283 577449 1.18265e+06 1.24307e+06 2.482e+06 2.07915e+06 1.57742e+06 2.79714e+06 2.28627e+06 1.90336e+06 2.92539e+06 2.20761e+06 1.96779e+06 2.25171e+06 2.29575e+06 1.93929e+06 1.31325e+06 1.99388e+06
pelacesobs
 0 0 0 0 0 0 0 0 0 0 0 0 0 0 0 552880 188675 0 991730 2.46772e+06 1.41603e+06 1.21717e+06 2.29649e+06 1.80582e+06 0 1.4828e+06 1.56532e+06 1.57751e+06 1.42118e+06 867257 1.10002e+06
pelacespred
 2.77687e+06 1.80694e+06 944041 795439 907374 1.36465e+06 1.07363e+06 1.04499e+06 773095 536453 469609 461000 493121 437423 430931 695624 818044 1.64484e+06 1.57959e+06 1.14334e+06 1.79421e+06 1.69701e+06 1.44758e+06 2.17813e+06 1.76807e+06 1.54607e+06 1.86211e+06 1.88871e+06 1.46945e+06 1.10363e+06 1.46937e+06
mphobs
 0 0 0 0 0 0 0 0 0 0 0 498337 0 5186 125008 0 168611 109162 213762 579715 649985 157893 87575 83554 0 0 0 0 0 0 0
mphpred
 5.31922e+06 3.59728e+06 1.8666e+06 1.02498e+06 1.36503e+06 1.6155e+06 2.12355e+06 1.54014e+06 1.30132e+06 913929 595487 690957 721560 636952 480828 577955 1.37436e+06 1.44347e+06 2.46082e+06 1.94001e+06 2.09522e+06 2.57434e+06 2.46833e+06 2.12411e+06 2.93949e+06 2.41604e+06 2.01471e+06 2.07109e+06 2.75277e+06 1.96202e+06 1.33686e+06
desembarqueobs
 494567 514787 250237 358949 120608 361735 552515 73892 212993 205616 52469 317467 293654 387597 252695 516296 358380 742168 942051 627588 828172 859565 418607 520667 417249 300574 407403 355545 319650 289779 391294
desembarquepred
 494572 512815 251358 358961 120610 361746 552570 73894.1 213028 205652 52470.7 317535 293713 387674 252709 516314 358411 742126 942009 627552 828269 859660 418631 520695 417262 300585 407417 355548 319659 289797 391302
Reclutas
 267169 157085 153511 371540 298697 450308 190274 92906.1 77629.1 94960 159955 198732 170291 120904 124348 556156 159948 846223 526578 394217 598736 808618 189719 538035 440548 208158 435125 473477 160925 124693 452567
log_desv_Rt
 0.0426963 -0.488395 -0.511414 0.372471 0.154246 0.564746 -0.29672 -1.0136 -1.19324 -0.991729 -0.470291 -0.253229 -0.407677 -0.750188 -0.722104 0.775863 -0.470335 1.1956 0.721214 0.431717 0.849636 1.15014 -0.29964 0.742739 0.542835 -0.206888 0.530449 0.614918 -0.464244 -0.719331 0.569752
SSB
 5.31922e+06 3.59728e+06 1.8666e+06 1.02498e+06 1.36503e+06 1.6155e+06 2.12355e+06 1.54014e+06 1.30132e+06 913929 595487 690957 721560 636952 480828 577955 1.37436e+06 1.44347e+06 2.46082e+06 1.94001e+06 2.09522e+06 2.57434e+06 2.46833e+06 2.12411e+06 2.93949e+06 2.41604e+06 2.01471e+06 2.07109e+06 2.75277e+06 1.96202e+06 1.33686e+06
BT
 6.96358e+06 4.77409e+06 2.48437e+06 2.38875e+06 2.36246e+06 3.91001e+06 3.0764e+06 2.68112e+06 2.11926e+06 1.53101e+06 1.2645e+06 1.46183e+06 1.54483e+06 1.55676e+06 1.42106e+06 2.3755e+06 2.31192e+06 5.21226e+06 4.95899e+06 3.42604e+06 5.46151e+06 5.14995e+06 3.92314e+06 6.40902e+06 4.74391e+06 4.1245e+06 5.40745e+06 5.40206e+06 3.76198e+06 2.96039e+06 4.40443e+06
Ftot
 0.0798072 0.142113 0.136255 0.174993 0.0537646 0.107367 0.220955 0.0335512 0.134474 0.179118 0.0520895 0.26353 0.245584 0.385837 0.256866 0.259915 0.165604 0.177574 0.260392 0.229156 0.172845 0.218302 0.125938 0.105677 0.109296 0.0882171 0.106942 0.0920358 0.0937085 0.126163 0.117188
BD_Bspro_t
 0.987312 0.903798 0.796945 0.733932 0.757745 0.814476 0.810332 0.717684 0.75524 0.72687 0.697878 0.796319 0.697751 0.625117 0.541427 0.585096 0.680685 0.679127 0.733016 0.654375 0.629562 0.67305 0.688305 0.690949 0.77848 0.784614 0.79272 0.816683 0.846677 0.799674 0.757527
BD_Bspro
 2.90686 1.96585 1.02006 0.560135 0.745967 0.882843 1.16049 0.841659 0.711152 0.499447 0.325424 0.377597 0.394321 0.348083 0.262764 0.315843 0.751062 0.78883 1.34479 1.06018 1.145 1.40683 1.3489 1.16079 1.60638 1.32033 1.101 1.13182 1.50434 1.07221 0.73057
BD_Bo
 2.06316 1.39528 0.723997 0.397559 0.529455 0.626603 0.823662 0.597372 0.504744 0.354485 0.230971 0.268001 0.279871 0.247054 0.186498 0.224171 0.533071 0.559877 0.954476 0.752472 0.812672 0.998509 0.957389 0.823876 1.14014 0.937109 0.781444 0.803313 1.06771 0.761007 0.518526
BD_Brms
 14.7001 9.94142 5.15851 2.83263 3.77239 4.46458 5.86863 4.25631 3.59633 2.52572 1.64568 1.90952 1.9941 1.76027 1.32881 1.59723 3.79816 3.98915 6.80069 5.3614 5.79033 7.11443 6.82144 5.87016 8.12354 6.67695 5.56783 5.72365 7.60752 5.42221 3.69453
Sel_flota
 0.903614 1 1 1 1
 0.903614 1 1 1 1
 0.903614 1 1 1 1
 0.903614 1 1 1 1
 0.903614 1 1 1 1
 0.903614 1 1 1 1
 0.903614 1 1 1 1
 0.903614 1 1 1 1
 0.903614 1 1 1 1
 0.903614 1 1 1 1
 0.903614 1 1 1 1
 0.903614 1 1 1 1
 0.903614 1 1 1 1
 0.903614 1 1 1 1
 0.903614 1 1 1 1
 0.903614 1 1 1 1
 0.903614 1 1 1 1
 0.903614 1 1 1 1
 0.903614 1 1 1 1
 0.903614 1 1 1 1
 0.903614 1 1 1 1
 0.903614 1 1 1 1
 0.903614 1 1 1 1
 0.903614 1 1 1 1
 0.903614 1 1 1 1
 0.903614 1 1 1 1
 0.903614 1 1 1 1
 0.903614 1 1 1 1
 0.903614 1 1 1 1
 0.903614 1 1 1 1
 0.903614 1 1 1 1
Sel_reclas
 1 1 1 1 1
 1 1 1 1 1
 1 1 1 1 1
 1 1 1 1 1
 1 1 1 1 1
 1 1 1 1 1
 1 1 1 1 1
 1 1 1 1 1
 1 1 1 1 1
 1 1 1 1 1
 1 1 1 1 1
 1 1 1 1 1
 1 1 1 1 1
 1 1 1 1 1
 1 1 1 1 1
 1 1 1 1 1
 1 1 1 1 1
 1 1 1 1 1
 1 1 1 1 1
 1 1 1 1 1
 1 1 1 1 1
 1 1 1 1 1
 1 1 1 1 1
 1 1 1 1 1
 1 1 1 1 1
 1 1 1 1 1
 1 1 1 1 1
 1 1 1 1 1
 1 1 1 1 1
 1 1 1 1 1
 1 1 1 1 1
Sel_pelaces
 0.74689 1 1 1 1
 0.74689 1 1 1 1
 0.74689 1 1 1 1
 0.74689 1 1 1 1
 0.74689 1 1 1 1
 0.74689 1 1 1 1
 0.74689 1 1 1 1
 0.74689 1 1 1 1
 0.74689 1 1 1 1
 0.74689 1 1 1 1
 0.74689 1 1 1 1
 0.74689 1 1 1 1
 0.74689 1 1 1 1
 0.74689 1 1 1 1
 0.74689 1 1 1 1
 0.74689 1 1 1 1
 0.74689 1 1 1 1
 0.74689 1 1 1 1
 0.74689 1 1 1 1
 0.74689 1 1 1 1
 0.74689 1 1 1 1
 0.74689 1 1 1 1
 0.74689 1 1 1 1
 0.74689 1 1 1 1
 0.74689 1 1 1 1
 0.74689 1 1 1 1
 0.74689 1 1 1 1
 0.74689 1 1 1 1
 0.74689 1 1 1 1
 0.74689 1 1 1 1
 0.74689 1 1 1 1
pf_obs 
 0.8446 0.082 0.0669 0.0065 0
 0.8095 0.147 0.0364 0.0071 0
 0.9664 0.0169 0.016 0.0007 0
 0.9276 0.0648 0.0075 0.0001 0
 0.7033 0.2144 0.0806 0.0017 0
 0.9318 0.0425 0.0243 0.0014 0
 0.5671 0.3108 0.0964 0.0239 0.0018
 0.0768 0.2599 0.5324 0.112 0.0189
 0.490249 0.384438 0.106611 0.0170017 0.00170017
 0.7925 0.1577 0.0466 0.003 0.0002
 0.840416 0.127587 0.0312969 0.00059994 9.999e-05
 0.8084 0.0986 0.0794 0.0134 0.0002
 0.7335 0.1905 0.0724 0.0035 0.0001
 0.4001 0.4547 0.1325 0.0127 0
 0.49795 0.308269 0.164784 0.0264974 0.00249975
 0.9179 0.0499 0.0305 0.0017 0
 0.2467 0.6533 0.0926 0.0074 0
 0.9418 0.0223 0.034 0.0019 0
 0.707729 0.231977 0.0356964 0.0245975 0
 0.517169 0.277429 0.184464 0.0207286 0.00020938
 0.811772 0.124168 0.05621 0.00726502 0.000585176
 0.764997 0.148141 0.077277 0.00933861 0.000247198
 0.163321 0.427699 0.378323 0.0303852 0.000271297
 0.753843 0.0900009 0.118128 0.0371064 0.000921714
 0.721811 0.176058 0.0630433 0.0369309 0.00215725
 0.143369 0.312575 0.442814 0.0836902 0.0175525
 0.692698 0.0596174 0.167031 0.0765114 0.00414204
 0.394062 0.376323 0.152708 0.0712218 0.00568511
 0.125707 0.32114 0.495352 0.0537591 0.00404204
 0.23352 0.215282 0.420074 0.123614 0.00750983
 0.774587 0.0839891 0.0768558 0.0609784 0.00358967
pf_pred 
 0.429408 0.101402 0.446795 0.0223939 7.35452e-07
 0.415551 0.266229 0.0565523 0.249179 0.0124896
 0.54829 0.199818 0.114742 0.0243735 0.112777
 0.795656 0.117529 0.0384037 0.0220526 0.0263593
 0.653369 0.281871 0.0372471 0.0121709 0.0153427
 0.725383 0.185811 0.0722148 0.00954265 0.00704892
 0.462588 0.401051 0.0922643 0.0358583 0.00823854
 0.418618 0.285484 0.220818 0.0508005 0.0242796
 0.485636 0.228344 0.140448 0.108635 0.0369368
 0.636674 0.186345 0.0785682 0.0483251 0.0500879
 0.763444 0.15662 0.0409983 0.017286 0.0216521
 0.716403 0.221705 0.0409779 0.0107268 0.0101878
 0.665966 0.247015 0.0680279 0.0125737 0.00641742
 0.604237 0.273536 0.0903853 0.0248921 0.00694903
 0.696089 0.192524 0.0769866 0.0254389 0.00896167
 0.90973 0.0650034 0.0160058 0.00640038 0.00285994
 0.452432 0.503131 0.0319996 0.00787925 0.00455863
 0.879446 0.0578668 0.0575996 0.00366339 0.00142392
 0.617528 0.340699 0.0200516 0.019959 0.00176282
 0.602099 0.256499 0.125958 0.00741318 0.00803068
 0.744042 0.16105 0.0611806 0.0300438 0.0036837
 0.749407 0.191616 0.0371085 0.014097 0.00777136
 0.352052 0.499044 0.113859 0.0220501 0.0129943
 0.747249 0.0953349 0.121241 0.0276616 0.00851389
 0.630243 0.283597 0.0324984 0.0413294 0.0123318
 0.457099 0.355568 0.143681 0.0164649 0.0271868
 0.72976 0.130685 0.0914004 0.0369339 0.0112209
 0.689176 0.233247 0.037515 0.0262378 0.0138235
 0.393179 0.431774 0.131358 0.0211274 0.0225613
 0.465823 0.223766 0.220868 0.0671946 0.0223484
 0.831867 0.0828737 0.0357149 0.0352524 0.0142918
pobs_RECLAS
 0 0 0 0 0
 0 0 0 0 0
 0 0 0 0 0
 0 0 0 0 0
 0 0 0 0 0
 0 0 0 0 0
 0 0 0 0 0
 0 0 0 0 0
 0 0 0 0 0
 0 0 0 0 0
 0.991045 0.00858322 0.000360255 1.14367e-05 0
 0.934742 0.0480273 0.0164251 0.00080598 0
 0.827803 0.169806 0.00239088 0 0
 0.941827 0.0461693 0.0120037 0 0
 0.791401 0.0380133 0.147996 0.0225897 0
 0.846168 0.0940531 0.0597789 0 0
 0.134021 0.677848 0.182769 0.00536245 0
 0.80878 0.0450904 0.141981 0.00414843 0
 0.846168 0.0940531 0.0597789 0 0
 0.905697 0.0802665 0.012482 0.00150086 5.37128e-05
 0.989698 0.0102097 9.19794e-05 0 0
 0.975433 0.0193895 0.00387452 0.00125025 5.28907e-05
 0.303575 0.632131 0.0575291 0.00676475 0
 0.966965 0.00978017 0.0227588 0.000495775 0
 0.843318 0.132988 0.00938335 0.0141283 0.000182051
 0.564624 0.303363 0.111486 0.0197234 0.00080311
 0.826376 0.0876187 0.0782897 0.00655872 0.00115652
 0.89761 0.0855135 0.0140674 0.00269457 0.000114338
 0.34875 0.467042 0.161289 0.0227151 0.000203297
 0.318654 0.224769 0.449479 0.00709798 0
 0.937255 0.0296025 0.0250945 0.00804832 0
ppred_RECLAS
 0.454567 0.0969311 0.427095 0.0214065 7.03025e-07
 0.44067 0.254786 0.0541217 0.238469 0.0119528
 0.573545 0.188646 0.108327 0.0230108 0.106471
 0.811887 0.108193 0.0353532 0.020301 0.0242656
 0.67605 0.263427 0.0348099 0.0113745 0.0143387
 0.745282 0.172346 0.066982 0.00885116 0.00653814
 0.488383 0.381801 0.0878358 0.0341371 0.00784311
 0.443536 0.273248 0.211353 0.0486232 0.023239
 0.511267 0.216966 0.13345 0.103221 0.0350962
 0.660149 0.174305 0.0734919 0.0452028 0.0468516
 0.781331 0.144777 0.0378983 0.015979 0.0200149
 0.737037 0.205574 0.0379965 0.00994632 0.00944652
 0.68863 0.230255 0.0634122 0.0117205 0.00598199
 0.62916 0.25631 0.0846933 0.0233245 0.00651142
 0.717602 0.178896 0.0715368 0.0236381 0.00832728
 0.917907 0.0591156 0.014556 0.00582066 0.00260089
 0.478016 0.479622 0.0305044 0.0075111 0.00434563
 0.889945 0.0528272 0.0525834 0.00334435 0.00129991
 0.64175 0.319122 0.0187817 0.018695 0.00165118
 0.626624 0.240689 0.118195 0.00695627 0.00753571
 0.763148 0.149028 0.0566137 0.0278012 0.00340873
 0.768325 0.177151 0.0343071 0.0130328 0.0071847
 0.375764 0.480782 0.109692 0.0212431 0.0125188
 0.766072 0.0882351 0.112212 0.0256016 0.00787984
 0.65375 0.265568 0.0304324 0.0387019 0.0115478
 0.482527 0.338914 0.136951 0.0156937 0.0259134
 0.749451 0.121163 0.0847405 0.0342427 0.0104032
 0.710623 0.217153 0.0349265 0.0244273 0.0128697
 0.4178 0.414256 0.126029 0.0202702 0.0216459
 0.491386 0.213057 0.210298 0.0639789 0.0212789
 0.845704 0.0760534 0.0327757 0.0323512 0.0131156
pobs_PELACES
 0 0 0 0 0
 0 0 0 0 0
 0 0 0 0 0
 0 0 0 0 0
 0 0 0 0 0
 0 0 0 0 0
 0 0 0 0 0
 0 0 0 0 0
 0 0 0 0 0
 0 0 0 0 0
 0 0 0 0 0
 0 0 0 0 0
 0 0 0 0 0
 0 0 0 0 0
 0 0 0 0 0
 0 0 0 0 0
 0.505614 0.472636 0.0217494 0 0
 0 0 0 0 0
 0.443492 0.261883 0.143347 0.151278 0
 0.227955 0.32914 0.350689 0.0885471 0.00366901
 0.970185 0.0296113 0.000203453 0 0
 0.997202 0.00247181 0.000326279 0 0
 0.445219 0.490057 0.0546422 0.010081 0
 0.90214 0.0892962 0.00764917 0.000914606 0
 0 0 0 0 0
 0.581667 0.319106 0.0959925 0.00289975 0.000334073
 0.762889 0.0836404 0.116647 0.0363945 0.000428098
 0.88444 0.0763242 0.0277011 0.0115352 0
 0.521256 0.241999 0.230069 0.00667565 0
 0.616807 0.101726 0.260614 0.0208532 0
 0.833518 0.0704572 0.0857862 0.0102388 0
ppred_PELACES
 0.384253 0.109427 0.482153 0.0241661 7.93654e-07
 0.371506 0.286292 0.0608141 0.267957 0.0134308
 0.502206 0.220203 0.126448 0.0268601 0.124282
 0.764236 0.1356 0.0443085 0.0254434 0.0304123
 0.609581 0.317478 0.0419523 0.0137083 0.0172808
 0.686796 0.211919 0.0823617 0.0108835 0.00803937
 0.417928 0.434379 0.0999317 0.0388382 0.00892319
 0.373415 0.307681 0.237986 0.0547503 0.0261674
 0.439674 0.248749 0.152998 0.118342 0.0402373
 0.593346 0.208567 0.0879377 0.054088 0.056061
 0.727754 0.180249 0.0471838 0.019894 0.0249188
 0.678561 0.251288 0.0464458 0.0121581 0.0115472
 0.624735 0.277505 0.0764247 0.0141257 0.00720953
 0.561943 0.302769 0.100045 0.0275523 0.00769166
 0.656769 0.217433 0.0869469 0.0287301 0.0101211
 0.893849 0.07644 0.0188218 0.00752645 0.00336311
 0.407439 0.544472 0.0346289 0.00852667 0.0049332
 0.858634 0.0678568 0.0675435 0.00429583 0.00166974
 0.574299 0.379207 0.0223179 0.0222149 0.00196206
 0.55804 0.2849 0.139905 0.00823403 0.00891991
 0.707584 0.18399 0.069895 0.0343232 0.0042084
 0.713814 0.218832 0.0423792 0.0160993 0.00887518
 0.31101 0.530654 0.121071 0.0234467 0.0138174
 0.710494 0.109198 0.138871 0.0316841 0.00975196
 0.585939 0.317578 0.0363923 0.0462815 0.0138093
 0.411213 0.385621 0.155825 0.0178565 0.0294846
 0.691523 0.149176 0.104333 0.0421597 0.0128085
 0.647827 0.264276 0.0425056 0.0297282 0.0156624
 0.349629 0.462761 0.140785 0.0226436 0.0241805
 0.42012 0.242911 0.239765 0.0729436 0.0242604
 0.804268 0.0964775 0.0415775 0.0410391 0.0166378
pobs_pel_tallas
 0 0 0 0 0 0 0 0 0 0 0 0 0 0 0 0 0 0 0 0 0 0 0 0 0 0
 0 0 0 0 0 0 0 0 0 0 0 0 0 0 0 0 0 0 0 0 0 0 0 0 0 0
 0 0 0 0 0 0 0 0 0 0 0 0 0 0 0 0 0 0 0 0 0 0 0 0 0 0
 0 0 0 0 0 0 0 0 0 0 0 0 0 0 0 0 0 0 0 0 0 0 0 0 0 0
 0 0 0 0 0 0 0 0 0 0 0 0 0 0 0 0 0 0 0 0 0 0 0 0 0 0
 0 0 0 0 0 0 0 0 0 0 0 0 0 0 0 0 0 0 0 0 0 0 0 0 0 0
 0 0 0 0 0 0 0 0 0 0 0 0 0 0 0 0 0 0 0 0 0 0 0 0 0 0
 0 0 0 0 0 0 0 0 0 0 0 0 0 0 0 0 0 0 0 0 0 0 0 0 0 0
 0 0 0 0 0 0 0 0 0 0 0 0 0 0 0 0 0 0 0 0 0 0 0 0 0 0
 0 0 0 0 0 0 0 0 0 0 0 0 0 0 0 0 0 0 0 0 0 0 0 0 0 0
 0 0 0 0 0 0 0 0 0 0 0 0 0 0 0 0 0 0 0 0 0 0 0 0 0 0
 0 0 0 0 0 0 0 0 0 0 0 0 0 0 0 0 0 0 0 0 0 0 0 0 0 0
 0.00862536 0 0 0.000197151 0.00414017 0.0128641 0.00837892 0.0270097 0.101434 0.158115 0.152841 0.127902 0.109271 0.109419 0.0830992 0.0579132 0.0238553 0.00714673 0.00463305 0.00128148 0.00103504 0.000492878 0.000147863 0.000147863 4.92878e-05 0
 0 0 0 0 0 0 0 0 0 0 0 0 0 0 0 0 0 0 0 0 0 0 0 0 0 0
 0 0 0 0 0 0 0 0.0054083 0.00873648 0.0413646 0.0450493 0.0745869 0.0622846 0.0627006 0.0613931 0.0827291 0.12552 0.122667 0.0946155 0.0697135 0.0546179 0.0294188 0.0215738 0.0213955 0.0102223 0.00600262
 0 0 0 0 0.00359764 0.0251062 0.0480494 0.140153 0.205849 0.193036 0.1447 0.116669 0.0760912 0.0342217 0.00950174 0.001854 0.000860785 0 0 0 0.000165536 0 0.000143464 0 0 0
 0 0 0 0 0 0 0 0.000145254 0.000435761 0.0275982 0.070085 0.0708112 0.156366 0.174668 0.174014 0.160142 0.0824315 0.0480064 0.0283245 0.00493863 0.00203355 0 0 0 0 0
 0 0 0 0 0 0 0 0 0 0 0 0 0 0 0 0 0 0 0 0 0 0 0 0 0 0
 0 0 1.00437e-05 0.000401748 0.00122533 0.00171747 0.00176769 0.0269171 0.070346 0.194647 0.189555 0.159765 0.064822 0.0314167 0.0384472 0.0292271 0.0345202 0.0313363 0.0194345 0.0106764 0.0143323 0.0359363 0.0279516 0.0138201 0.00172751 0
 0 0.0021121 0.0136068 0.0755702 0.200478 0.177729 0.0527432 0.0373336 0.0318909 0.0142505 0.0149659 0.0166563 0.0217959 0.0798694 0.0677717 0.0528807 0.04013 0.0224614 0.0357745 0.0225083 0.00881397 0.00855152 0.00135912 0.000746735 0 0
 0 0 0 0 5.4009e-05 0.00500934 0.000945158 0.0243581 0.138947 0.33067 0.221406 0.137944 0.0707744 0.0437923 0.0131692 0.00525238 0.0047753 0.00276346 9.45158e-05 9.00151e-06 2.25038e-05 9.00151e-06 4.50075e-06 0 0 0
 0.000866109 0.00284123 0.00948549 0.0512746 0.133035 0.25785 0.225252 0.132002 0.0553304 0.0519788 0.0540692 0.017754 0.00435017 0.00159236 0.00146478 0.000404838 0.000125132 0.000115318 0.000107957 0.000100596 0 0 0 0 0 0
 0 0 0 0 0.00144013 0.00171154 0.00461396 0.0210425 0.0478622 0.0707936 0.0888783 0.103762 0.0637923 0.0337046 0.0602308 0.124433 0.169614 0.0934646 0.0462172 0.0250306 0.0313229 0.00938855 0.002487 0.000210481 0 0
 0 0.00764035 0.051015 0.0998891 0.058973 0.0496711 0.0374665 0.0718981 0.12319 0.153886 0.159021 0.0857701 0.0377988 0.023471 0.0147837 0.00900784 0.00315554 0.000888139 0.00291439 0.00214683 0.00393193 0.00274676 0.000635225 9.99891e-05 0 0
 0 0 0 0 0 0 0 0 0 0 0 0 0 0 0 0 0 0 0 0 0 0 0 0 0 0
 0 0 0 0 0 0 0 0 0 0 0 0 0 0 0 0 0 0 0 0 0 0 0 0 0 0
 0 0 0 0 0 0 0 0 0 0 0 0 0 0 0 0 0 0 0 0 0 0 0 0 0 0
 0 0 0 0 0 0 0 0 0 0 0 0 0 0 0 0 0 0 0 0 0 0 0 0 0 0
 0 0 0 0 0 0 0 0 0 0 0 0 0 0 0 0 0 0 0 0 0 0 0 0 0 0
 0 0 0 0 0 0 0 0 0 0 0 0 0 0 0 0 0 0 0 0 0 0 0 0 0 0
 0 0 0 0 0 0 0 0 0 0 0 0 0 0 0 0 0 0 0 0 0 0 0 0 0 0
ppred_pel_tallas
 1.16366e-16 3.16504e-05 0.000307653 0.00204447 0.00929385 0.0289167 0.0616105 0.0899246 0.0899359 0.0616659 0.0291049 0.00984673 0.00346713 0.00352846 0.00648509 0.0115465 0.0186625 0.0276877 0.0383308 0.0501987 0.0625762 0.0740416 0.0824064 0.0853574 0.0815588 0.0714699
 1.30974e-16 3.06005e-05 0.000297448 0.00197665 0.00898558 0.0279576 0.0595677 0.0869466 0.0869743 0.0597032 0.028413 0.0103029 0.0052908 0.0075587 0.0139036 0.023169 0.0339607 0.044056 0.0513373 0.0551518 0.0568198 0.0586999 0.0624675 0.0679181 0.0730884 0.0754228
 1.27432e-16 4.13661e-05 0.000402094 0.00267205 0.0121468 0.0377933 0.0805233 0.117531 0.117552 0.080628 0.0381452 0.0131658 0.00523907 0.0060369 0.0108359 0.0180983 0.0266715 0.0348592 0.0410058 0.0444952 0.0461453 0.047567 0.0499758 0.0533867 0.0566942 0.0583887
 1.09012e-16 6.29491e-05 0.000611888 0.00406621 0.0184844 0.0575119 0.122536 0.178847 0.17886 0.1226 0.0577275 0.0191076 0.00563333 0.0040422 0.00660579 0.010897 0.0158762 0.0203715 0.0232511 0.0240467 0.0232409 0.0219102 0.0210038 0.0208198 0.020997 0.0208884
 1.05592e-16 5.02104e-05 0.000488063 0.00324335 0.0147438 0.0458737 0.0977399 0.142661 0.142691 0.0978894 0.0463757 0.0161939 0.0068832 0.00843414 0.0151423 0.0249575 0.0359588 0.0452506 0.0499225 0.0486545 0.0425119 0.0342237 0.0265396 0.0209377 0.017429 0.0152043
 1.04883e-16 5.65706e-05 0.000549886 0.00365419 0.0166114 0.0516844 0.11012 0.160727 0.160748 0.11022 0.0520212 0.0175854 0.00610315 0.00590935 0.0102743 0.0169983 0.02472 0.0315847 0.0357257 0.0362614 0.0337693 0.0297913 0.0257997 0.0224647 0.0196599 0.0169598
 1.084e-16 3.44242e-05 0.000334616 0.00222364 0.0101084 0.0314512 0.0670116 0.0978141 0.097856 0.0672165 0.0321395 0.0120975 0.00721997 0.0112532 0.0208052 0.0344318 0.049813 0.0631023 0.0703948 0.0698967 0.0629618 0.0530844 0.0436953 0.0365027 0.0313535 0.027198
 1.16866e-16 3.07578e-05 0.000298977 0.00198681 0.00903175 0.0281013 0.0598739 0.087394 0.087424 0.0600205 0.0285946 0.0104606 0.005589 0.00821468 0.0152175 0.0255116 0.0376928 0.0493902 0.0581671 0.0628679 0.0641525 0.0636932 0.0627463 0.0613329 0.0585709 0.0536365
 1.23157e-16 3.62154e-05 0.000352027 0.00233934 0.0106343 0.0330875 0.0704973 0.102898 0.102922 0.0706156 0.0334856 0.0117874 0.00524548 0.00673565 0.0122781 0.0205573 0.0303706 0.039839 0.0471038 0.0514279 0.0536065 0.05523 0.0573839 0.0598486 0.0613327 0.0603853
 1.17503e-16 4.88732e-05 0.000475065 0.00315697 0.0143512 0.0446519 0.0951363 0.138858 0.138879 0.0952352 0.0449842 0.0153125 0.00557631 0.00577728 0.0101813 0.0169232 0.0247831 0.0320619 0.0370941 0.0392141 0.039165 0.0385212 0.0385735 0.0395538 0.0406815 0.0408043
 1.0762e-16 5.99442e-05 0.000582679 0.00387211 0.017602 0.0547666 0.116687 0.170311 0.170329 0.116772 0.0550525 0.0184285 0.00594892 0.00512396 0.00870748 0.0143618 0.020832 0.0265229 0.0298626 0.0301633 0.0280321 0.0249297 0.0222315 0.0205266 0.019571 0.0187236
 1.04579e-16 5.58922e-05 0.000543292 0.00361037 0.0164122 0.0510647 0.1088 0.158801 0.158826 0.108918 0.0514625 0.0175615 0.00649608 0.00684625 0.0120366 0.0198377 0.0286368 0.0361526 0.0400987 0.0394291 0.0349528 0.0287594 0.0229347 0.0185705 0.0156447 0.0135493
 1.04914e-16 5.14587e-05 0.000500197 0.00332398 0.0151104 0.0470141 0.10017 0.146206 0.146233 0.100301 0.0474542 0.0163822 0.00651948 0.00748566 0.0133465 0.0220573 0.031943 0.0405329 0.0453317 0.0451749 0.0408843 0.0346308 0.0285505 0.0237153 0.0200651 0.0170172
 1.0703e-16 4.62866e-05 0.000449922 0.00298989 0.0135916 0.0422887 0.0901017 0.131512 0.131542 0.0902448 0.0427695 0.0149815 0.00648336 0.00809176 0.0146054 0.0241931 0.0351299 0.044774 0.0504504 0.0509152 0.0470451 0.0411254 0.0353457 0.0307118 0.0270237 0.0235872
 1.07159e-16 5.40973e-05 0.000525845 0.00349442 0.0158852 0.0494247 0.105305 0.153701 0.153722 0.105408 0.0497706 0.0168853 0.00600971 0.00603256 0.0105591 0.0174939 0.0254864 0.0326664 0.0371582 0.0380989 0.0361086 0.0327619 0.0295083 0.0269183 0.0247117 0.0223098
 1.01887e-16 7.36251e-05 0.000715663 0.00475583 0.0216193 0.0672658 0.143317 0.209177 0.209184 0.143353 0.0673869 0.0219695 0.00563566 0.00263883 0.00373347 0.00607533 0.00879151 0.0111561 0.0124841 0.0124651 0.0113402 0.00972124 0.00820209 0.00706675 0.00626822 0.00560301
 1.02829e-16 3.35604e-05 0.000326219 0.00216784 0.00985472 0.030662 0.0653305 0.0953628 0.0954152 0.0655866 0.0315215 0.0123365 0.00839412 0.0139071 0.0257935 0.0425032 0.0610237 0.0763177 0.083273 0.0795354 0.0669336 0.0502889 0.034603 0.0227872 0.0152314 0.0108108
 1.0268e-16 7.07246e-05 0.000687468 0.00456847 0.0207676 0.0646157 0.137671 0.200936 0.200943 0.137703 0.0647249 0.0210841 0.00536732 0.00244569 0.00345174 0.00570335 0.00846179 0.0111657 0.0132745 0.0145085 0.0149548 0.0148985 0.0145372 0.0138432 0.0126674 0.0109485
 1.03301e-16 4.73043e-05 0.000459815 0.00305563 0.0138905 0.0432186 0.0920832 0.134406 0.134442 0.0922616 0.0438173 0.0156192 0.00739282 0.00992101 0.0179957 0.029624 0.0425513 0.0532668 0.058234 0.0558439 0.0473974 0.0362601 0.0258855 0.0182268 0.0134469 0.0106524
 1.06446e-16 4.59651e-05 0.000446797 0.00296913 0.0134972 0.041995 0.0894759 0.130598 0.130626 0.0896109 0.0424488 0.0148098 0.00627117 0.00767963 0.0138539 0.0230162 0.0335825 0.0431257 0.0491656 0.0505015 0.0478261 0.0430614 0.0380107 0.0334456 0.0291797 0.0247565
 1.06219e-16 5.82828e-05 0.000566529 0.00376479 0.0171142 0.0532487 0.113453 0.165591 0.165609 0.11354 0.0535413 0.0179603 0.00589258 0.00522461 0.00894362 0.0147961 0.0215523 0.0276218 0.0314226 0.0322354 0.0305992 0.0278575 0.0252359 0.0231968 0.0214653 0.01951
 1.04396e-16 5.8796e-05 0.000571518 0.00379794 0.0172649 0.0537176 0.114452 0.16705 0.167071 0.114555 0.0540641 0.018266 0.00631208 0.00606374 0.010501 0.017298 0.0249867 0.0315818 0.0351027 0.0346478 0.030923 0.0257365 0.0208779 0.01726 0.0148245 0.0130152
 1.0832e-16 2.56176e-05 0.000249013 0.00165478 0.00752241 0.0234053 0.0498693 0.0727965 0.0728477 0.0501197 0.024246 0.00995161 0.00775606 0.0135803 0.0253796 0.0420103 0.0607332 0.0768318 0.0854956 0.0844889 0.0754359 0.0626142 0.050283 0.0406581 0.0337173 0.0283278
 1.08864e-16 5.85225e-05 0.000568859 0.00378027 0.0171846 0.0534676 0.113919 0.16627 0.166281 0.113971 0.0536445 0.0176981 0.00507926 0.00343731 0.00560255 0.00942197 0.0141589 0.0190486 0.023327 0.0266148 0.0290394 0.0309225 0.0323193 0.0328505 0.0319642 0.0293701
 1.0811e-16 4.82631e-05 0.000469134 0.00311756 0.014172 0.0440946 0.0939492 0.137128 0.137159 0.0940988 0.0445968 0.0156227 0.00675942 0.0084207 0.0151546 0.0249928 0.0360429 0.0454392 0.0503171 0.0494168 0.0438618 0.0364057 0.0297531 0.0252459 0.0226869 0.0210473
 1.11376e-16 3.38712e-05 0.00032924 0.00218792 0.00994598 0.0309458 0.0659347 0.0962415 0.0962788 0.0661172 0.031559 0.0117192 0.00664695 0.0100897 0.0186482 0.0309787 0.0450984 0.0577119 0.0654561 0.0667575 0.0626865 0.0560461 0.0494807 0.0441397 0.0396963 0.0352697
 1.09445e-16 5.69599e-05 0.00055367 0.00367933 0.0167257 0.05204 0.110877 0.161832 0.161846 0.110948 0.0522789 0.0174177 0.00542334 0.0043847 0.00740334 0.0123354 0.0182047 0.023829 0.0280374 0.0303019 0.0309944 0.0309825 0.0309084 0.0307606 0.0300218 0.0281569
 1.06927e-16 5.33607e-05 0.000518685 0.00344685 0.0156689 0.0487519 0.103872 0.151609 0.151635 0.103996 0.0491702 0.0168773 0.00648123 0.00714637 0.0126517 0.0208625 0.0301262 0.0380624 0.0422952 0.0417679 0.0373826 0.0313766 0.0259419 0.0221595 0.0198722 0.0182737
 1.10544e-16 2.87986e-05 0.000279933 0.00186025 0.00845646 0.0263114 0.0560609 0.081832 0.0818767 0.0562795 0.0270458 0.0105791 0.00719433 0.0119442 0.0222399 0.0368753 0.0534783 0.0680101 0.0763513 0.0765872 0.0700851 0.0604208 0.0510698 0.0437095 0.0381327 0.0332906
 1.18403e-16 3.46048e-05 0.000336371 0.0022353 0.0101614 0.0316159 0.0673619 0.0983217 0.0983455 0.0674782 0.0320073 0.0112961 0.00510064 0.00664776 0.0121873 0.0205303 0.0306003 0.0406539 0.0489041 0.0545134 0.0579388 0.060248 0.0620142 0.0627764 0.0614537 0.057237
 1.08156e-16 6.62465e-05 0.00064394 0.00427921 0.0194527 0.0605245 0.128954 0.188214 0.188224 0.129 0.0606783 0.0198978 0.00539963 0.0031005 0.00476385 0.00785765 0.011524 0.014955 0.0173932 0.0185433 0.01875 0.0187212 0.0190075 0.0196511 0.0202279 0.0201705
pSPR Fmed_Fpbrs
0.754983   0.19035 0.19035
Fs Fmed_Fpbrs
0.139149   1.005 1.005
SSBpbr Bo_Bmed_Bpbrs
2.57819e+06  1.81758e+06  361848 361848
Ro
256002
SPR SPRFo_SPRFmed_SPRFpbrs
1.82988e+06 1.38153e+06 348318
Fref
1.005
Nvult_r0
 302806 27537.4 11867.4 11713.7 4748.9
CTP_r0
 28994.7 2888.56 1244.84 1228.72 498.139
YTP_r0
391302
Np
 327928 149761 13392.1 5771.39 7560.59
Nvult_p0
 279277 129594 11588.7 4994.21 6542.48
CTP_p0
 132916 64958.8 5808.79 2503.33 3279.4
YTP_p0
 2.36782e+06
CBA_c0
984257
log_Ro
12.2729
likeval ReclasPelacesDesembMPH_pf_preclas_ppelaces_ptallas_desvR_qrecl_qpela
 20.8416 20.1944 0.174765 0.00371708 242.341 121.561 99.9946 0 19.0857 1.39802e-05 0 0.885952 0 0 0
q_reclas_q_pelaces
0.588703 1
M
1
N
 267169 57190.2 251990 12630.1 0.414791
 157085 91447.6 19425.3 85591.2 4290.08
 153511 50824.3 29184.9 6199.46 28685
 371540 49931.3 16315.5 9368.92 11198.6
 298697 116691 15419.8 5038.59 6351.68
 450308 104674 40681.2 5375.71 3970.91
 190274 150342 34587.1 13442.2 3088.38
 92906.1 57329 44343.1 10201.4 4875.67
 77629.1 33157.6 20394.3 15774.7 5363.54
 94960 25290.5 10663.2 6558.62 6797.86
 159955 29713.5 7778.09 3279.46 4107.78
 198732 56138.7 10376.2 2716.17 2579.68
 170291 57617.5 15867.9 2932.87 1496.89
 120904 50178.9 16580.7 4566.34 1274.77
 124348 31385.6 12550.5 4147.08 1460.94
 556156 36269.4 8930.59 3571.16 1595.73
 159948 161772 10288.8 2533.41 1465.73
 846223 50663.6 50429.7 3207.38 1246.67
 526578 265158 15605.7 15533.6 1371.96
 394217 153102 75183.5 4424.87 4793.45
 598736 117900 44788.4 21994.1 2696.72
 808618 188413 36488.2 13861.4 7641.46
 189719 244219 55719.7 10790.7 6359.07
 538035 62286.5 79212.1 18072.6 5562.5
 440548 179906 20616 26218.1 7822.9
 208158 146827 59331.3 6798.98 11226.4
 435125 70709.7 49453.9 19983.8 6071.25
 473477 145329 23374.4 16347.9 8612.96
 160925 160283 48762.6 7842.87 8375.18
 124693 54394.6 53690.2 16334.1 5432.59
 452567 40929.5 17638.8 17410.4 7058.4
pred_Ctot
 11819.7 2791.16 12298.3 616.408 0.0202438
 12092.7 7747.35 1645.69 7251.2 363.451
 11354.9 4138.15 2376.26 504.765 2335.56
 34796 5139.83 1679.49 964.417 1152.76
 8989.41 3878.14 512.467 167.454 211.093
 26528.3 6795.38 2641 348.989 257.79
 22125.9 19182.5 4413.06 1715.13 394.055
 1758.11 1198.97 927.389 213.352 101.969
 5670.74 2666.36 1640 1268.52 431.308
 9089.26 2660.29 1121.65 689.896 715.062
 4666.85 957.401 250.618 105.668 132.357
 27140.5 8399.15 1552.42 406.377 385.957
 21813.7 8090.97 2228.25 411.85 210.202
 23142 10476.3 3461.71 953.354 266.144
 16592.4 4589.14 1835.1 606.379 213.616
 75009.3 5359.68 1319.71 527.726 235.808
 14224.9 15819 1006.1 247.732 143.328
 80344.9 5286.62 5262.22 334.682 130.087
 71138.2 39247.9 2309.91 2299.25 203.074
 47401.3 20193.3 9916.29 583.616 632.23
 55429 11997.8 4557.78 2238.18 274.426
 92990.2 23776.6 4604.6 1749.22 964.31
 13020.1 18456.4 4210.9 815.487 480.574
 31217.2 3982.73 5064.99 1155.6 355.678
 26400.9 11879.9 1361.36 1731.29 516.577
 10147.7 7893.66 3189.74 365.523 603.549
 25536.5 4573.07 3198.37 1292.43 392.651
 24046.9 8138.52 1308.98 915.494 482.332
 8316.42 9132.79 2778.46 446.881 477.212
 8572.01 4117.72 4064.39 1236.51 411.252
 28994.7 2888.56 1244.84 1228.72 498.139
F
 0.0721149 0.0798072 0.0798072 0.0798072 0.0798072
 0.128416 0.142113 0.142113 0.142113 0.142113
 0.123122 0.136255 0.136255 0.136255 0.136255
 0.158126 0.174993 0.174993 0.174993 0.174993
 0.0485824 0.0537646 0.0537646 0.0537646 0.0537646
 0.0970181 0.107367 0.107367 0.107367 0.107367
 0.199658 0.220955 0.220955 0.220955 0.220955
 0.0303173 0.0335512 0.0335512 0.0335512 0.0335512
 0.121513 0.134474 0.134474 0.134474 0.134474
 0.161854 0.179118 0.179118 0.179118 0.179118
 0.0470688 0.0520895 0.0520895 0.0520895 0.0520895
 0.238129 0.26353 0.26353 0.26353 0.26353
 0.221913 0.245584 0.245584 0.245584 0.245584
 0.348647 0.385837 0.385837 0.385837 0.385837
 0.232108 0.256866 0.256866 0.256866 0.256866
 0.234863 0.259915 0.259915 0.259915 0.259915
 0.149642 0.165604 0.165604 0.165604 0.165604
 0.160459 0.177574 0.177574 0.177574 0.177574
 0.235294 0.260392 0.260392 0.260392 0.260392
 0.207068 0.229156 0.229156 0.229156 0.229156
 0.156185 0.172845 0.172845 0.172845 0.172845
 0.19726 0.218302 0.218302 0.218302 0.218302
 0.1138 0.125938 0.125938 0.125938 0.125938
 0.0954912 0.105677 0.105677 0.105677 0.105677
 0.0987615 0.109296 0.109296 0.109296 0.109296
 0.0797142 0.0882171 0.0882171 0.0882171 0.0882171
 0.096634 0.106942 0.106942 0.106942 0.106942
 0.0831648 0.0920358 0.0920358 0.0920358 0.0920358
 0.0846762 0.0937085 0.0937085 0.0937085 0.0937085
 0.114003 0.126163 0.126163 0.126163 0.126163
 0.105893 0.117188 0.117188 0.117188 0.117188
nmprior
 8.19 8.8 8.5 0
nm_flota  nm_reclas  nm_pelaces    nm_pelaL
inf 11.0289 11.9572 25.1721
cv_recla  cv_pelaces  cv_mph
0.412943 0.509551 1.88151
 ------------------------------------------------
Talla a la edad & desviaci?n 
 8 13.2811 15.8009 17.003 17.5766
 0.8 1.32811 1.58009 1.7003 1.75766
