years
 1991 1992 1993 1994 1995 1996 1997 1998 1999 2000 2001 2002 2003 2004 2005 2006 2007 2008 2009 2010 2011 2012 2013 2014 2015 2016 2017 2018 2019 2020 2021
reclasobs
 0 0 0 0 0 0 0 0 0 252601 567819 844713 477998 351125 339783 2.1784e+06 2.13404e+06 4.81314e+06 1.55562e+06 2.62356e+06 3.21686e+06 3.843e+06 1.13348e+06 3.07943e+06 1.97215e+06 2.03268e+06 2.025e+06 2.42433e+06 2.27542e+06 1.05018e+06 2.36338e+06
reclaspred
 3.0814e+06 1.70649e+06 860449 798335 759593 1.26735e+06 737489 638299 472170 347688 462599 621721 612588 465641 467919 1.36011e+06 1.29081e+06 2.99429e+06 2.46402e+06 1.81215e+06 3.21803e+06 2.6112e+06 2.03271e+06 3.14388e+06 2.33711e+06 2.04946e+06 2.47746e+06 2.68457e+06 2.18175e+06 1.33933e+06 1.93226e+06
pelacesobs
 0 0 0 0 0 0 0 0 0 0 0 0 0 0 0 552880 188675 0 991730 2.46772e+06 1.41603e+06 1.21717e+06 2.29649e+06 1.80582e+06 0 1.4828e+06 1.56532e+06 1.57751e+06 1.42118e+06 867257 1.10002e+06
pelacespred
 1.44276e+06 883182 441705 333448 337344 579329 297069 336097 231503 160396 226114 254722 277453 219663 228082 558552 532555 1.43241e+06 1.21024e+06 824390 1.42859e+06 1.24624e+06 972010 1.65114e+06 1.18032e+06 1.03312e+06 1.42415e+06 1.51947e+06 1.0183e+06 711023 1.00715e+06
mphobs
 0 0 0 0 0 0 0 0 0 0 0 498337 0 5186 125008 0 168611 109162 213762 579715 649985 157893 87575 83554 0 0 0 0 0 0 0
mphpred
 2.74952e+06 1.82865e+06 896644 487904 480521 531133 722252 405502 364180 247536 167208 324761 355410 296430 192357 246481 926401 858710 1.75814e+06 1.31783e+06 1.39128e+06 1.73293e+06 1.6422e+06 1.32668e+06 1.85806e+06 1.51559e+06 1.23601e+06 1.34742e+06 1.92276e+06 1.29081e+06 782035
desembarqueobs
 494567 514787 250237 358949 120608 361735 552515 73892 212993 205616 52469 317467 293654 387597 252695 516296 358380 742168 942051 627588 828172 859565 418607 520667 417249 300574 415391 372974 316634 284311 391294
desembarquepred
 494571 513776 250653 358984 120613 361738 552515 73896.3 213036 205653 52471.4 317521 293691 387596 252676 516232 358396 742044 941777 627409 828216 859541 418607 520684 417240 300568 415381 372950 316620 284311 391291
Reclutas
 183342 103206 103967 146680 118364 225354 88721.8 38284.3 39663.3 55090.9 104636 141185 116648 81199.1 79363.5 465060 90874 708737 405787 307997 461458 612414 120896 373644 309065 138159 321176 364409 101122 71963.5 281390
log_desv_Rt
 0.123996 -0.450625 -0.443281 -0.0990999 -0.313593 0.330319 -0.601849 -1.44232 -1.40693 -1.07837 -0.436862 -0.137284 -0.328192 -0.690451 -0.713317 1.05481 -0.57788 1.47613 0.918475 0.642736 1.04704 1.33005 -0.292426 0.835949 0.646195 -0.158953 0.684634 0.810923 -0.471023 -0.811196 0.552387
SSB
 2.74952e+06 1.82865e+06 896644 487904 480521 531133 722252 405502 364180 247536 167208 324761 355410 296430 192357 246481 926401 858710 1.75814e+06 1.31783e+06 1.39128e+06 1.73293e+06 1.6422e+06 1.32668e+06 1.85806e+06 1.51559e+06 1.23601e+06 1.34742e+06 1.92276e+06 1.29081e+06 782035
BT
 3.74757e+06 2.54502e+06 1.26661e+06 1.07073e+06 874610 1.64614e+06 1.17821e+06 840974 745210 567157 566502 852176 906027 909219 779592 1.70532e+06 1.50793e+06 3.95937e+06 3.69589e+06 2.46772e+06 3.96596e+06 3.6787e+06 2.60663e+06 4.29279e+06 3.10955e+06 2.64976e+06 3.70934e+06 3.87948e+06 2.6102e+06 1.91807e+06 2.69587e+06
Ftot
 0.155352 0.285319 0.280147 0.460005 0.163679 0.308932 0.70537 0.118855 0.458052 0.595806 0.129092 0.532418 0.495811 0.845154 0.591018 0.441736 0.275715 0.280005 0.391283 0.355462 0.272671 0.345023 0.203065 0.181723 0.182236 0.148033 0.182831 0.15383 0.13999 0.206508 0.225376
BD_Bspro_t
 0.975523 0.826068 0.651241 0.554884 0.523958 0.599235 0.59334 0.404041 0.461371 0.415712 0.389029 0.636169 0.52255 0.430706 0.319251 0.377994 0.584784 0.553165 0.65839 0.560867 0.529316 0.580482 0.59645 0.584635 0.691215 0.697887 0.703477 0.742493 0.789728 0.72189 0.649165
BD_Bspro
 2.37502 1.57957 0.774515 0.421448 0.415071 0.458789 0.623876 0.35027 0.314577 0.21382 0.144433 0.280526 0.307001 0.256054 0.166156 0.212909 0.800219 0.741748 1.51867 1.13834 1.20178 1.4969 1.41852 1.14597 1.60498 1.30916 1.06766 1.16389 1.66086 1.11499 0.675516
BD_Bo
 1.52662 1.01532 0.497845 0.2709 0.266801 0.294902 0.401018 0.225148 0.202205 0.13744 0.0928394 0.180318 0.197335 0.164588 0.106803 0.136854 0.514368 0.476784 0.976178 0.731704 0.772485 0.96218 0.911804 0.736614 1.03166 0.841506 0.686273 0.748132 1.06758 0.7167 0.434211
BD_Brms
 8.64135 5.74718 2.81802 1.53341 1.51021 1.66928 2.26993 1.27444 1.14457 0.777969 0.525512 1.02068 1.117 0.931637 0.604549 0.774655 2.91155 2.6988 5.52559 4.14176 4.3726 5.44636 5.16121 4.16956 5.83962 4.76329 3.8846 4.23475 6.04295 4.05684 2.45782
Sel_flota
 0.736723 0.981539 0.999011 0.999948 0.999997
 0.736723 0.981539 0.999011 0.999948 0.999997
 0.736723 0.981539 0.999011 0.999948 0.999997
 0.736723 0.981539 0.999011 0.999948 0.999997
 0.736723 0.981539 0.999011 0.999948 0.999997
 0.736723 0.981539 0.999011 0.999948 0.999997
 0.736723 0.981539 0.999011 0.999948 0.999997
 0.736723 0.981539 0.999011 0.999948 0.999997
 0.736723 0.981539 0.999011 0.999948 0.999997
 0.736723 0.981539 0.999011 0.999948 0.999997
 0.736723 0.981539 0.999011 0.999948 0.999997
 0.736723 0.981539 0.999011 0.999948 0.999997
 0.736723 0.981539 0.999011 0.999948 0.999997
 0.736723 0.981539 0.999011 0.999948 0.999997
 0.736723 0.981539 0.999011 0.999948 0.999997
 0.736723 0.981539 0.999011 0.999948 0.999997
 0.736723 0.981539 0.999011 0.999948 0.999997
 0.736723 0.981539 0.999011 0.999948 0.999997
 0.736723 0.981539 0.999011 0.999948 0.999997
 0.736723 0.981539 0.999011 0.999948 0.999997
 0.736723 0.981539 0.999011 0.999948 0.999997
 0.736723 0.981539 0.999011 0.999948 0.999997
 0.736723 0.981539 0.999011 0.999948 0.999997
 0.736723 0.981539 0.999011 0.999948 0.999997
 0.736723 0.981539 0.999011 0.999948 0.999997
 0.736723 0.981539 0.999011 0.999948 0.999997
 0.736723 0.981539 0.999011 0.999948 0.999997
 0.736723 0.981539 0.999011 0.999948 0.999997
 0.736723 0.981539 0.999011 0.999948 0.999997
 0.736723 0.981539 0.999011 0.999948 0.999997
 0.736723 0.981539 0.999011 0.999948 0.999997
Sel_reclas
 1 1 1 1 1
 1 1 1 1 1
 1 1 1 1 1
 1 1 1 1 1
 1 1 1 1 1
 1 1 1 1 1
 1 1 1 1 1
 1 1 1 1 1
 1 1 1 1 1
 1 1 1 1 1
 1 1 1 1 1
 1 1 1 1 1
 1 1 1 1 1
 1 1 1 1 1
 1 1 1 1 1
 1 1 1 1 1
 1 1 1 1 1
 1 1 1 1 1
 1 1 1 1 1
 1 1 1 1 1
 1 1 1 1 1
 1 1 1 1 1
 1 1 1 1 1
 1 1 1 1 1
 1 1 1 1 1
 1 1 1 1 1
 1 1 1 1 1
 1 1 1 1 1
 1 1 1 1 1
 1 1 1 1 1
 1 1 1 1 1
Sel_pelaces
 1 1 1 1 1
 1 1 1 1 1
 1 1 1 1 1
 1 1 1 1 1
 1 1 1 1 1
 1 1 1 1 1
 1 1 1 1 1
 1 1 1 1 1
 1 1 1 1 1
 1 1 1 1 1
 1 1 1 1 1
 1 1 1 1 1
 1 1 1 1 1
 1 1 1 1 1
 1 1 1 1 1
 1 1 1 1 1
 1 1 1 1 1
 1 1 1 1 1
 1 1 1 1 1
 1 1 1 1 1
 1 1 1 1 1
 1 1 1 1 1
 1 1 1 1 1
 1 1 1 1 1
 1 1 1 1 1
 1 1 1 1 1
 1 1 1 1 1
 1 1 1 1 1
 1 1 1 1 1
 1 1 1 1 1
 1 1 1 1 1
pf_obs 
 0.8446 0.082 0.0669 0.0065 0
 0.8095 0.147 0.0364 0.0071 0
 0.9664 0.0169 0.016 0.0007 0
 0.9276 0.0648 0.0075 0.0001 0
 0.7033 0.2144 0.0806 0.0017 0
 0.9318 0.0425 0.0243 0.0014 0
 0.5671 0.3108 0.0964 0.0239 0.0018
 0.0768 0.2599 0.5324 0.112 0.0189
 0.490249 0.384438 0.106611 0.0170017 0.00170017
 0.7925 0.1577 0.0466 0.003 0.0002
 0.840416 0.127587 0.0312969 0.00059994 9.999e-05
 0.8084 0.0986 0.0794 0.0134 0.0002
 0.7335 0.1905 0.0724 0.0035 0.0001
 0.4001 0.4547 0.1325 0.0127 0
 0.49795 0.308269 0.164784 0.0264974 0.00249975
 0.9179 0.0499 0.0305 0.0017 0
 0.2467 0.6533 0.0926 0.0074 0
 0.9418 0.0223 0.034 0.0019 0
 0.707729 0.231977 0.0356964 0.0245975 0
 0.517169 0.277429 0.184464 0.0207286 0.00020938
 0.811772 0.124168 0.05621 0.00726502 0.000585176
 0.764997 0.148141 0.077277 0.00933861 0.000247198
 0.163321 0.427699 0.378323 0.0303852 0.000271297
 0.753843 0.0900009 0.118128 0.0371064 0.000921714
 0.721811 0.176058 0.0630433 0.0369309 0.00215725
 0.143369 0.312575 0.442814 0.0836902 0.0175525
 0.692698 0.0596174 0.167031 0.0765114 0.00414204
 0.394062 0.376323 0.152708 0.0712218 0.00568511
 0.125707 0.32114 0.495352 0.0537591 0.00404204
 0.23352 0.215282 0.420074 0.123614 0.00750983
 0.774587 0.0839891 0.0768558 0.0609784 0.00358967
pf_pred 
 0.441092 0.135738 0.397214 0.0259549 8.43701e-07
 0.406731 0.307162 0.0704618 0.202431 0.0132148
 0.559046 0.214481 0.118421 0.0266321 0.0814203
 0.701801 0.189875 0.0532397 0.0288181 0.026266
 0.643662 0.274067 0.0528084 0.0144888 0.014973
 0.762024 0.168737 0.0534842 0.0101164 0.00563825
 0.467365 0.434598 0.0699261 0.0217207 0.00639117
 0.45744 0.305341 0.194438 0.0305251 0.0122555
 0.561618 0.233068 0.116468 0.0728352 0.0160097
 0.730435 0.174045 0.0513153 0.0250888 0.0191159
 0.829099 0.136164 0.0226171 0.00651494 0.00560506
 0.733978 0.230633 0.0283013 0.00461597 0.00247113
 0.675886 0.258492 0.0570648 0.00684549 0.00171211
 0.622692 0.282271 0.0761385 0.0164367 0.00246194
 0.736947 0.187697 0.0567522 0.0149086 0.00369529
 0.939234 0.0487357 0.0086419 0.0025527 0.000835748
 0.351569 0.619929 0.0229576 0.00398405 0.00156031
 0.895059 0.0446699 0.0576714 0.00209403 0.000505177
 0.578812 0.388278 0.0141686 0.0179338 0.000807401
 0.584118 0.273194 0.131759 0.004708 0.00622041
 0.729664 0.178866 0.0605119 0.0285896 0.0023686
 0.729435 0.213135 0.0382552 0.0126895 0.00648517
 0.294777 0.556308 0.117822 0.0207195 0.0103737
 0.729501 0.0978311 0.136754 0.0284213 0.00749271
 0.606958 0.308939 0.0307852 0.0422375 0.0110812
 0.417129 0.394023 0.149047 0.0145777 0.0252226
 0.725574 0.134703 0.0950187 0.0352906 0.00941421
 0.677838 0.252013 0.0347656 0.02407 0.0113131
 0.322118 0.500918 0.138996 0.018826 0.0191413
 0.390378 0.237611 0.276214 0.0752596 0.0205369
 0.81595 0.0859112 0.038701 0.0441439 0.0152944
pobs_RECLAS
 0 0 0 0 0
 0 0 0 0 0
 0 0 0 0 0
 0 0 0 0 0
 0 0 0 0 0
 0 0 0 0 0
 0 0 0 0 0
 0 0 0 0 0
 0 0 0 0 0
 0 0 0 0 0
 0.991045 0.00858322 0.000360255 1.14367e-05 0
 0.934742 0.0480273 0.0164251 0.00080598 0
 0.827803 0.169806 0.00239088 0 0
 0.941827 0.0461693 0.0120037 0 0
 0.791401 0.0380133 0.147996 0.0225897 0
 0.846168 0.0940531 0.0597789 0 0
 0.134021 0.677848 0.182769 0.00536245 0
 0.80878 0.0450904 0.141981 0.00414843 0
 0.846168 0.0940531 0.0597789 0 0
 0.905697 0.0802665 0.012482 0.00150086 5.37128e-05
 0.989698 0.0102097 9.19794e-05 0 0
 0.975433 0.0193895 0.00387452 0.00125025 5.28907e-05
 0.303575 0.632131 0.0575291 0.00676475 0
 0.966965 0.00978017 0.0227588 0.000495775 0
 0.843318 0.132988 0.00938335 0.0141283 0.000182051
 0.564624 0.303363 0.111486 0.0197234 0.00080311
 0.826376 0.0876187 0.0782897 0.00655872 0.00115652
 0.89761 0.0855135 0.0140674 0.00269457 0.000114338
 0.34875 0.467042 0.161289 0.0227151 0.000203297
 0.318654 0.224769 0.449479 0.00709798 0
 0.937255 0.0296025 0.0250945 0.00804832 0
ppred_RECLAS
 0.51681 0.118952 0.341917 0.0223205 7.25522e-07
 0.481396 0.27095 0.0610362 0.175183 0.0114354
 0.631962 0.180728 0.0979898 0.0220161 0.0673046
 0.761765 0.152743 0.0420395 0.022733 0.0207188
 0.708089 0.225457 0.0426707 0.0116963 0.0120865
 0.812116 0.133932 0.0416856 0.00787712 0.00438997
 0.545359 0.37229 0.0587552 0.018232 0.00536437
 0.531635 0.265659 0.166178 0.0260639 0.0104638
 0.635555 0.195484 0.0958882 0.059906 0.0131671
 0.787228 0.13832 0.0400159 0.0195446 0.0148909
 0.86677 0.10654 0.0173834 0.00500259 0.00430371
 0.789117 0.183288 0.0220729 0.00359653 0.00192528
 0.738768 0.20913 0.0453132 0.00543037 0.00135811
 0.694507 0.22969 0.0607417 0.0130991 0.00196191
 0.7925 0.148869 0.0441671 0.0115909 0.00287279
 0.954379 0.0367245 0.00639244 0.00188638 0.000617564
 0.421247 0.553756 0.0201384 0.00349143 0.00136731
 0.920395 0.0342399 0.0434105 0.0015747 0.000379872
 0.649454 0.323631 0.0115942 0.0146608 0.000660015
 0.655227 0.227908 0.107923 0.00385251 0.00508985
 0.78461 0.143399 0.0476413 0.022487 0.00186292
 0.784396 0.170508 0.0300492 0.00995782 0.00508885
 0.359666 0.507052 0.105475 0.0185305 0.00927728
 0.784949 0.0786806 0.108028 0.0224298 0.00591287
 0.674718 0.256688 0.0251235 0.0344367 0.00903413
 0.490376 0.346521 0.128755 0.012581 0.0217668
 0.781199 0.108397 0.0751028 0.0278671 0.00743352
 0.738506 0.20537 0.0278286 0.0192488 0.00904669
 0.389522 0.453231 0.123536 0.0167161 0.0169953
 0.464344 0.211111 0.241031 0.0656107 0.017903
 0.857087 0.067372 0.029807 0.0339665 0.0117677
pobs_PELACES
 0 0 0 0 0
 0 0 0 0 0
 0 0 0 0 0
 0 0 0 0 0
 0 0 0 0 0
 0 0 0 0 0
 0 0 0 0 0
 0 0 0 0 0
 0 0 0 0 0
 0 0 0 0 0
 0 0 0 0 0
 0 0 0 0 0
 0 0 0 0 0
 0 0 0 0 0
 0 0 0 0 0
 0 0 0 0 0
 0.505614 0.472636 0.0217494 0 0
 0 0 0 0 0
 0.443492 0.261883 0.143347 0.151278 0
 0.227955 0.32914 0.350689 0.0885471 0.00366901
 0.970185 0.0296113 0.000203453 0 0
 0.997202 0.00247181 0.000326279 0 0
 0.445219 0.490057 0.0546422 0.010081 0
 0.90214 0.0892962 0.00764917 0.000914606 0
 0 0 0 0 0
 0.581667 0.319106 0.0959925 0.00289975 0.000334073
 0.762889 0.0836404 0.116647 0.0363945 0.000428098
 0.88444 0.0763242 0.0277011 0.0115352 0
 0.521256 0.241999 0.230069 0.00667565 0
 0.616807 0.101726 0.260614 0.0208532 0
 0.833518 0.0704572 0.0857862 0.0102388 0
ppred_PELACES
 0.520112 0.118219 0.339506 0.022162 7.20369e-07
 0.487357 0.268055 0.0602847 0.17301 0.0112936
 0.637405 0.178205 0.0964661 0.0216719 0.066252
 0.768618 0.148495 0.040762 0.0220391 0.0200862
 0.71086 0.223366 0.0422351 0.0115763 0.0119624
 0.815972 0.131251 0.0407784 0.00770497 0.00429401
 0.559632 0.360871 0.056722 0.0175972 0.00517754
 0.5341 0.26434 0.16524 0.0259158 0.0104043
 0.644369 0.190995 0.0934391 0.0583677 0.0128289
 0.79538 0.133185 0.0383981 0.018751 0.0142861
 0.867988 0.105583 0.0172144 0.00495375 0.00426168
 0.796252 0.177159 0.0212694 0.00346503 0.00185487
 0.746533 0.203031 0.0438659 0.00525613 0.00131452
 0.70905 0.219023 0.0576391 0.0124268 0.00186118
 0.800398 0.143343 0.0423828 0.0111206 0.0027562
 0.955929 0.0354946 0.00616264 0.00181832 0.000595277
 0.426704 0.548573 0.0199182 0.00345296 0.00135224
 0.922103 0.0335362 0.0424497 0.00153971 0.00037143
 0.656656 0.317038 0.0113324 0.0143281 0.00064503
 0.661841 0.223692 0.105709 0.00377308 0.00498488
 0.788398 0.140952 0.0467547 0.0220667 0.00182809
 0.789144 0.166824 0.0293416 0.0097223 0.00496845
 0.36351 0.504132 0.104745 0.0184011 0.00921246
 0.787529 0.0777888 0.106692 0.0221511 0.00583938
 0.677991 0.254163 0.0248503 0.0340603 0.00893536
 0.493434 0.344537 0.127908 0.0124978 0.0216227
 0.783805 0.107164 0.0741702 0.0275195 0.00734078
 0.740936 0.203501 0.0275509 0.0190558 0.00895597
 0.392265 0.451289 0.122908 0.0166304 0.016908
 0.468678 0.209556 0.238971 0.0650458 0.0177488
 0.859388 0.066334 0.0293097 0.0333974 0.0115705
pobs_pel_tallas
 0 0 0 0 0 0 0 0 0 0 0 0 0 0 0 0 0 0 0 0 0 0 0 0 0 0
 0 0 0 0 0 0 0 0 0 0 0 0 0 0 0 0 0 0 0 0 0 0 0 0 0 0
 0 0 0 0 0 0 0 0 0 0 0 0 0 0 0 0 0 0 0 0 0 0 0 0 0 0
 0 0 0 0 0 0 0 0 0 0 0 0 0 0 0 0 0 0 0 0 0 0 0 0 0 0
 0 0 0 0 0 0 0 0 0 0 0 0 0 0 0 0 0 0 0 0 0 0 0 0 0 0
 0 0 0 0 0 0 0 0 0 0 0 0 0 0 0 0 0 0 0 0 0 0 0 0 0 0
 0 0 0 0 0 0 0 0 0 0 0 0 0 0 0 0 0 0 0 0 0 0 0 0 0 0
 0 0 0 0 0 0 0 0 0 0 0 0 0 0 0 0 0 0 0 0 0 0 0 0 0 0
 0 0 0 0 0 0 0 0 0 0 0 0 0 0 0 0 0 0 0 0 0 0 0 0 0 0
 0 0 0 0 0 0 0 0 0 0 0 0 0 0 0 0 0 0 0 0 0 0 0 0 0 0
 0 0 0 0 0 0 0 0 0 0 0 0 0 0 0 0 0 0 0 0 0 0 0 0 0 0
 0 0 0 0 0 0 0 0 0 0 0 0 0 0 0 0 0 0 0 0 0 0 0 0 0 0
 0.00862536 0 0 0.000197151 0.00414017 0.0128641 0.00837892 0.0270097 0.101434 0.158115 0.152841 0.127902 0.109271 0.109419 0.0830992 0.0579132 0.0238553 0.00714673 0.00463305 0.00128148 0.00103504 0.000492878 0.000147863 0.000147863 4.92878e-05 0
 0 0 0 0 0 0 0 0 0 0 0 0 0 0 0 0 0 0 0 0 0 0 0 0 0 0
 0 0 0 0 0 0 0 0.0054083 0.00873648 0.0413646 0.0450493 0.0745869 0.0622846 0.0627006 0.0613931 0.0827291 0.12552 0.122667 0.0946155 0.0697135 0.0546179 0.0294188 0.0215738 0.0213955 0.0102223 0.00600262
 0 0 0 0 0.00359764 0.0251062 0.0480494 0.140153 0.205849 0.193036 0.1447 0.116669 0.0760912 0.0342217 0.00950174 0.001854 0.000860785 0 0 0 0.000165536 0 0.000143464 0 0 0
 0 0 0 0 0 0 0 0.000145254 0.000435761 0.0275982 0.070085 0.0708112 0.156366 0.174668 0.174014 0.160142 0.0824315 0.0480064 0.0283245 0.00493863 0.00203355 0 0 0 0 0
 0 0 0 0 0 0 0 0 0 0 0 0 0 0 0 0 0 0 0 0 0 0 0 0 0 0
 0 0 1.00437e-05 0.000401748 0.00122533 0.00171747 0.00176769 0.0269171 0.070346 0.194647 0.189555 0.159765 0.064822 0.0314167 0.0384472 0.0292271 0.0345202 0.0313363 0.0194345 0.0106764 0.0143323 0.0359363 0.0279516 0.0138201 0.00172751 0
 0 0.0021121 0.0136068 0.0755702 0.200478 0.177729 0.0527432 0.0373336 0.0318909 0.0142505 0.0149659 0.0166563 0.0217959 0.0798694 0.0677717 0.0528807 0.04013 0.0224614 0.0357745 0.0225083 0.00881397 0.00855152 0.00135912 0.000746735 0 0
 0 0 0 0 5.4009e-05 0.00500934 0.000945158 0.0243581 0.138947 0.33067 0.221406 0.137944 0.0707744 0.0437923 0.0131692 0.00525238 0.0047753 0.00276346 9.45158e-05 9.00151e-06 2.25038e-05 9.00151e-06 4.50075e-06 0 0 0
 0.000866109 0.00284123 0.00948549 0.0512746 0.133035 0.25785 0.225252 0.132002 0.0553304 0.0519788 0.0540692 0.017754 0.00435017 0.00159236 0.00146478 0.000404838 0.000125132 0.000115318 0.000107957 0.000100596 0 0 0 0 0 0
 0 0 0 0 0.00144013 0.00171154 0.00461396 0.0210425 0.0478622 0.0707936 0.0888783 0.103762 0.0637923 0.0337046 0.0602308 0.124433 0.169614 0.0934646 0.0462172 0.0250306 0.0313229 0.00938855 0.002487 0.000210481 0 0
 0 0.00764035 0.051015 0.0998891 0.058973 0.0496711 0.0374665 0.0718981 0.12319 0.153886 0.159021 0.0857701 0.0377988 0.023471 0.0147837 0.00900784 0.00315554 0.000888139 0.00291439 0.00214683 0.00393193 0.00274676 0.000635225 9.99891e-05 0 0
 0 0 0 0 0 0 0 0 0 0 0 0 0 0 0 0 0 0 0 0 0 0 0 0 0 0
 0 0 0 0 0 0 0 0 0 0 0 0 0 0 0 0 0 0 0 0 0 0 0 0 0 0
 0 0 0 0 0 0 0 0 0 0 0 0 0 0 0 0 0 0 0 0 0 0 0 0 0 0
 0 0 0 0 0 0 0 0 0 0 0 0 0 0 0 0 0 0 0 0 0 0 0 0 0 0
 0 0 0 0 0 0 0 0 0 0 0 0 0 0 0 0 0 0 0 0 0 0 0 0 0 0
 0 0 0 0 0 0 0 0 0 0 0 0 0 0 0 0 0 0 0 0 0 0 0 0 0 0
 0 0 0 0 0 0 0 0 0 0 0 0 0 0 0 0 0 0 0 0 0 0 0 0 0 0
ppred_pel_tallas
 1.12051e-16 4.2841e-05 0.00041643 0.00276732 0.0125799 0.0391406 0.0833937 0.121718 0.12173 0.0834521 0.0393381 0.0131566 0.0042393 0.00370971 0.00653112 0.0113377 0.017741 0.0252441 0.0332583 0.0413372 0.049128 0.0560071 0.0608172 0.0621413 0.0590439 0.0517285
 1.2107e-16 4.0143e-05 0.000390204 0.00259304 0.0117876 0.0366758 0.0781426 0.114057 0.114083 0.0782694 0.0371017 0.0130192 0.00568996 0.00716998 0.0129756 0.0215534 0.0314608 0.0405092 0.0465731 0.0488737 0.0485085 0.0476615 0.0480781 0.0499808 0.0521178 0.0526882
 1.16215e-16 5.25022e-05 0.000510341 0.00339139 0.0154168 0.0479674 0.1022 0.149168 0.149185 0.102285 0.0482519 0.0162402 0.00546485 0.00505861 0.00875587 0.0145667 0.0213975 0.0278133 0.0324071 0.0346014 0.0349863 0.034832 0.0351623 0.0361297 0.0370775 0.0370775
 1.06824e-16 6.33101e-05 0.000615396 0.00408953 0.0185904 0.0578417 0.123238 0.179873 0.179887 0.123309 0.0580774 0.0192716 0.00580164 0.0043601 0.00719671 0.0118555 0.017213 0.0219547 0.024797 0.0251844 0.0236209 0.0212998 0.0193272 0.0181479 0.0175158 0.0168686
 1.04462e-16 5.85526e-05 0.000569152 0.00378222 0.0171934 0.0534953 0.113978 0.166359 0.16638 0.114083 0.0538489 0.0182151 0.00634779 0.00617324 0.010712 0.0176438 0.0254766 0.03218 0.035727 0.0351931 0.0313008 0.0259059 0.0208541 0.0171009 0.0146073 0.012814
 1.0271e-16 6.72106e-05 0.000653311 0.00434148 0.0197357 0.0614053 0.130831 0.190954 0.190967 0.130893 0.0616136 0.0203379 0.00585464 0.00396237 0.00636885 0.0104675 0.0151773 0.019306 0.0216811 0.0217562 0.019913 0.0171566 0.0144641 0.0123071 0.0106314 0.00915434
 1.04371e-16 4.60962e-05 0.000448072 0.0029776 0.0135357 0.0421149 0.0897315 0.130973 0.131008 0.0899015 0.0426858 0.0151848 0.00711757 0.00948758 0.0172195 0.0284096 0.0409571 0.0515831 0.0569728 0.0555979 0.0486152 0.039055 0.0299786 0.0230466 0.0183261 0.0150265
 1.09196e-16 4.39932e-05 0.000427629 0.00284175 0.0129182 0.0401934 0.0856373 0.124996 0.125021 0.0857629 0.0406157 0.0141405 0.00591993 0.00718021 0.0129649 0.0216161 0.0317233 0.0411241 0.0476067 0.0501033 0.0492083 0.0465322 0.0434674 0.0404153 0.0369583 0.0325819
 1.1077e-16 5.30759e-05 0.000515917 0.00342845 0.0155852 0.0484916 0.103317 0.150798 0.150817 0.103408 0.0487962 0.0164667 0.00564728 0.00538057 0.00935429 0.0155465 0.0227863 0.0295055 0.0341492 0.0360398 0.0357461 0.0345747 0.0336015 0.0330333 0.0323035 0.030655
 1.05441e-16 6.55144e-05 0.000636823 0.00423192 0.0192377 0.0598556 0.127529 0.186135 0.186148 0.127592 0.0600671 0.0198488 0.00576787 0.0039964 0.00646569 0.0106383 0.0154459 0.0197005 0.022245 0.0225705 0.0211139 0.0189291 0.016999 0.0157287 0.0149246 0.0141259
 1.01742e-16 7.1495e-05 0.000694957 0.00461823 0.0209938 0.0653196 0.139171 0.203126 0.203136 0.139221 0.0654867 0.0214764 0.00582985 0.00334075 0.00509887 0.0083231 0.0119993 0.0151255 0.0167337 0.0163822 0.0144147 0.0117196 0.00918888 0.00729748 0.00604706 0.00518454
 1.01321e-16 6.55863e-05 0.000637522 0.00423656 0.0192588 0.0599213 0.127669 0.186341 0.186358 0.127753 0.0602013 0.0200675 0.00626609 0.00506689 0.00847447 0.0138974 0.0199925 0.0250962 0.0275583 0.0266153 0.0228404 0.0177527 0.0129118 0.00920183 0.00671658 0.00510048
 1.02068e-16 6.1491e-05 0.000597714 0.00397202 0.0180562 0.0561798 0.119698 0.174706 0.174726 0.119793 0.0565013 0.0189852 0.00630496 0.00569406 0.00975064 0.0160489 0.0231738 0.029266 0.0324646 0.031897 0.0281744 0.0229383 0.0178441 0.0137867 0.0108176 0.0085617
 1.03281e-16 5.84036e-05 0.000567703 0.00377259 0.0171497 0.0533591 0.113688 0.165935 0.165956 0.113791 0.0537063 0.0181532 0.00629362 0.00607801 0.0105437 0.0173911 0.0251699 0.0319084 0.0356283 0.0354043 0.0318836 0.0267864 0.0218131 0.0178302 0.0148123 0.0123192
 1.02842e-16 6.59277e-05 0.000640841 0.00425862 0.0193591 0.0602333 0.128334 0.18731 0.187324 0.128402 0.0604607 0.0200164 0.00591056 0.00425301 0.00694364 0.0114209 0.0165539 0.0210442 0.0236102 0.0236564 0.0216043 0.0185592 0.0155955 0.0132319 0.0114069 0.0098052
 1.00471e-16 7.87386e-05 0.000765368 0.00508614 0.0231208 0.0719375 0.153271 0.223704 0.223707 0.153287 0.0719937 0.0232831 0.00549356 0.00165511 0.00176954 0.00280345 0.00403714 0.00509004 0.00563281 0.00551531 0.00485032 0.00393311 0.0030607 0.00239227 0.00193167 0.00160075
 1.01291e-16 3.51471e-05 0.000341643 0.00227034 0.0103207 0.0321117 0.0684193 0.099871 0.0999238 0.0686772 0.0329772 0.0128193 0.00853751 0.0140075 0.0259436 0.0427151 0.0612487 0.0764307 0.0830727 0.0787825 0.0654201 0.0479119 0.0314089 0.0189717 0.0110945 0.00668732
 1.01451e-16 7.59524e-05 0.000738284 0.00490616 0.0223027 0.069392 0.147847 0.215788 0.215791 0.147863 0.0694462 0.0224601 0.00530412 0.00161625 0.00177026 0.00287625 0.00429794 0.00574024 0.00694499 0.00777221 0.00824159 0.00844748 0.00842924 0.00812476 0.00744379 0.00638043
 1.01955e-16 5.4088e-05 0.000525754 0.00349382 0.0158824 0.0494163 0.105288 0.153677 0.153708 0.105437 0.0499166 0.0173268 0.0071169 0.00842699 0.0150367 0.0247128 0.0354546 0.0442955 0.0482575 0.0459836 0.0385692 0.0288627 0.019811 0.0131161 0.0089721 0.00665907
 1.0433e-16 5.4515e-05 0.000529906 0.00352141 0.0160078 0.0498064 0.106119 0.154888 0.154909 0.106225 0.0501625 0.0170378 0.0061122 0.00620349 0.0108818 0.0180388 0.0262933 0.0337121 0.0383322 0.0392001 0.0368599 0.0328378 0.0285839 0.0247491 0.0212315 0.017703
 1.03908e-16 6.49394e-05 0.000631234 0.00419477 0.0190688 0.0593303 0.12641 0.184502 0.184515 0.126477 0.0595542 0.0197161 0.00582196 0.00419136 0.00684985 0.0112838 0.0163962 0.0209331 0.0236612 0.0240167 0.0224182 0.0199262 0.0175351 0.0156667 0.014169 0.0126666
 1.02706e-16 6.50007e-05 0.00063183 0.00419874 0.0190869 0.0593864 0.12653 0.184677 0.184693 0.126608 0.0596504 0.0198496 0.00611397 0.0048147 0.00801474 0.0131623 0.0189911 0.0239607 0.0265481 0.026056 0.0230209 0.0188328 0.0148821 0.0119016 0.00988546 0.00843921
 1.06556e-16 2.99419e-05 0.000291046 0.00193411 0.0087922 0.0273561 0.0582868 0.0850814 0.0851301 0.0585245 0.0281544 0.0110987 0.00772621 0.0129437 0.0240845 0.0398341 0.0575305 0.0726608 0.0806257 0.0792835 0.0701852 0.0574387 0.0451683 0.0355726 0.0287119 0.0235551
 1.06309e-16 6.48678e-05 0.000630538 0.00419014 0.0190478 0.0592648 0.12627 0.184297 0.184304 0.126308 0.0593911 0.0194145 0.00511817 0.00268154 0.00403392 0.00675952 0.0101836 0.0137552 0.0169374 0.0194569 0.0213831 0.0229037 0.0240081 0.0243864 0.0236353 0.0215746
 1.05711e-16 5.58452e-05 0.000542836 0.00360733 0.0163984 0.0510218 0.108708 0.158668 0.158692 0.108828 0.0514235 0.0175589 0.00652006 0.00690105 0.012131 0.019968 0.0287681 0.0362103 0.0399856 0.0390742 0.0343752 0.0281098 0.0224783 0.0186029 0.0163728 0.014998
 1.08692e-16 4.06436e-05 0.00039507 0.00262538 0.0119346 0.0371332 0.0791175 0.115481 0.115515 0.0792805 0.0376807 0.0135175 0.00660474 0.00910232 0.0166368 0.0275954 0.0401121 0.0512044 0.0578361 0.0585821 0.0544082 0.0478666 0.0414037 0.0361463 0.0318887 0.0278911
 1.0617e-16 6.4561e-05 0.000627556 0.00417033 0.0189577 0.0589846 0.125673 0.183426 0.183436 0.125724 0.0591562 0.0194546 0.00542255 0.00337777 0.00533684 0.00885014 0.0130482 0.0170559 0.020021 0.0215542 0.0219153 0.0217278 0.0214654 0.0211453 0.0204309 0.0189732
 1.04274e-16 6.103e-05 0.000593233 0.00394224 0.0179209 0.0557586 0.1188 0.173397 0.173416 0.118896 0.0560805 0.0188507 0.00627644 0.00568985 0.00974386 0.016022 0.0231012 0.0291146 0.0322116 0.0315629 0.0278614 0.0228498 0.0182602 0.0149861 0.012969 0.0116345
 1.08192e-16 3.23104e-05 0.000314069 0.0020871 0.00948768 0.0295199 0.062897 0.0918091 0.0918527 0.06311 0.0302355 0.0115558 0.00728294 0.0116718 0.0216471 0.035852 0.0519144 0.0658519 0.0736045 0.0732772 0.0662117 0.0559548 0.0460051 0.0381332 0.0322589 0.0274333
 1.16477e-16 3.86044e-05 0.000375249 0.00249366 0.0113358 0.0352701 0.0751474 0.109684 0.109705 0.075248 0.0356087 0.0123184 0.00497702 0.00585288 0.0106078 0.0179121 0.0268241 0.0358905 0.0436148 0.0492741 0.0531826 0.0560942 0.0582861 0.0591707 0.0577358 0.0533525
 1.06171e-16 7.07867e-05 0.000688072 0.00457248 0.0207858 0.0646725 0.137792 0.201112 0.201119 0.137823 0.0647783 0.0210921 0.00534359 0.00237933 0.00330678 0.00541966 0.00795858 0.0103561 0.012101 0.0130013 0.0133012 0.0134843 0.0139113 0.0145779 0.0151508 0.0152017
pSPR Fmed_Fpbrs
0.608875   0.226665 0.226665
Fs Fmed_Fpbrs
0.282084   1.005 1.005
SSBpbr Bo_Bmed_Bpbrs
1.80105e+06  1.00656e+06  318182 318182
Ro
161961
SPR SPRFo_SPRFmed_SPRFpbrs
1.15768e+06 704885 262406
Fref
1.005
Nvult_r0
 193709 16032.9 7119.02 8114.02 2811.13
CTP_r0
 27583.5 2904.26 1308.3 1492.3 517.032
YTP_r0
391291
Np
 226755 87680.7 6704.67 2960.48 4363.79
Nvult_p0
 186971 75652.5 5800.92 2561.8 3776.16
CTP_p0
 79541.5 37568.2 2906.26 1284.06 1892.79
YTP_p0
 1.37393e+06
CBA_c0
686084
log_Ro
11.8151
likeval ReclasPelacesDesembMPH_pf_preclas_ppelaces_ptallas_desvR_qrecl_qpela
 12.2353 18.6985 0.0349142 0.00257826 240.808 118.078 98.6804 0 26.1195 4.81247e-08 0 0.17746 0 0 0
q_reclas_q_pelaces
0.969392 1
M
1
N
 183342 43009 123794 8081.9 0.262701
 103206 60153.5 13584.4 38994.5 2545.47
 103967 30769.6 16724.1 3758.01 11488.6
 146680 31114.8 8598.2 4650.52 4238.51
 118364 38450 7287.57 1997.71 2064.37
 225354 38597 12045.6 2276.53 1268.74
 88721.8 66027.9 10485 3254.62 957.617
 38284.3 19411.1 12154.9 1906.51 765.407
 39663.3 12903.2 6354.62 3970.89 872.795
 55090.9 10412.1 3027.93 1479.32 1127.1
 104636 13066.4 2134.35 614.26 528.447
 141185 35001.4 4234.78 690.18 369.469
 116648 35086.9 7635.42 915.248 228.902
 81199.1 29781.5 7934.09 1711.68 256.371
 79363.5 16026.8 4779.5 1254.64 310.967
 465060 18889.8 3300.76 974.24 318.951
 90874 123560 4504.34 781.026 305.867
 708737 27285.3 34677.9 1258.09 303.498
 405787 212130 7625.62 9644.39 434.184
 307997 111895 53151.1 1897.65 2507.15
 461458 87200.8 29039.7 13708.7 1135.69
 612414 138866 24546.7 8135.7 4157.7
 120896 174727 36410.4 6397.42 3202.89
 373644 38295.3 52662.6 10935.2 2882.73
 309065 120232 11786.5 16157.2 4238.69
 138159 99414 36986.5 3614.32 6253.26
 321176 45574.3 31626.4 11736.1 3130.6
 364409 103264 14011.6 9692.41 4555.33
 101122 119695 32665 4420.31 4494.14
 71963.5 33555.4 38380.2 10448.4 2851.05
 281390 22737.6 10079.5 11487.3 3979.78
pred_Ctot
 12651.1 3893.13 11392.6 744.421 0.0241985
 12581.6 9501.56 2179.62 6261.87 408.778
 12463.7 4781.74 2640.13 593.75 1815.23
 27394.8 7411.77 2078.21 1124.91 1025.29
 8583.69 3654.88 704.238 193.219 199.675
 29539.2 6540.96 2073.27 392.155 218.562
 23701.4 22039.7 3546.16 1101.52 324.115
 2043.51 1364.04 868.607 136.364 54.7487
 7380.45 3062.84 1530.55 957.156 210.39
 12819.4 3054.56 900.604 440.318 335.492
 6047.5 993.191 164.971 47.5203 40.8836
 29891.6 9392.65 1152.58 187.988 100.638
 23240.9 8888.46 1962.22 235.388 58.8725
 25008.1 11336.4 3057.81 660.12 98.8744
 18344 4672.11 1412.67 371.103 91.9825
 83849.1 4350.83 771.496 227.889 74.6105
 10735.8 18930.7 701.053 121.66 47.6468
 84924.3 4238.34 5471.93 198.684 47.9318
 65762.4 44114.6 1609.78 2037.57 91.7338
 45821.8 21431 10336 369.324 487.967
 53962.9 13228.2 4475.21 2114.37 175.172
 88706.1 25919.2 4652.19 1543.16 788.658
 10749.1 20286 4296.41 755.543 378.282
 29920.8 4012.59 5609.04 1165.71 307.317
 24815.4 12630.9 1258.65 1726.88 453.053
 9104.25 8599.95 3253.1 318.173 550.508
 25867.5 4802.3 3387.52 1258.15 335.627
 24910.4 9261.43 1277.63 884.565 415.755
 6316.94 9823.32 2725.8 369.189 375.373
 6500.24 3956.5 4599.27 1253.16 341.963
 27583.5 2904.26 1308.3 1492.3 517.032
F
 0.114451 0.152484 0.155198 0.155344 0.155351
 0.210201 0.280051 0.285037 0.285304 0.285318
 0.206391 0.274976 0.27987 0.280133 0.280147
 0.338896 0.451512 0.45955 0.459981 0.460003
 0.120586 0.160658 0.163517 0.163671 0.163679
 0.227597 0.303229 0.308626 0.308916 0.308931
 0.519662 0.692348 0.704673 0.705334 0.705368
 0.0875633 0.116661 0.118738 0.118849 0.118855
 0.337457 0.449596 0.457599 0.458028 0.458051
 0.438944 0.584807 0.595217 0.595775 0.595805
 0.0951049 0.126709 0.128964 0.129085 0.129092
 0.392245 0.522589 0.531892 0.53239 0.532417
 0.365275 0.486658 0.495321 0.495785 0.49581
 0.622644 0.829552 0.844319 0.84511 0.845152
 0.435416 0.580107 0.590433 0.590987 0.591016
 0.325437 0.433581 0.441299 0.441713 0.441735
 0.203126 0.270625 0.275443 0.275701 0.275714
 0.206286 0.274836 0.279728 0.27999 0.280004
 0.288267 0.384059 0.390896 0.391263 0.391282
 0.261877 0.3489 0.35511 0.355443 0.355461
 0.200883 0.267637 0.272401 0.272656 0.27267
 0.254186 0.338653 0.344681 0.345005 0.345022
 0.149603 0.199316 0.202864 0.203054 0.203064
 0.133879 0.178368 0.181543 0.181713 0.181722
 0.134257 0.178871 0.182055 0.182226 0.182235
 0.109059 0.1453 0.147886 0.148025 0.148032
 0.134696 0.179456 0.18265 0.182822 0.182831
 0.11333 0.15099 0.153678 0.153822 0.153829
 0.103134 0.137405 0.139851 0.139982 0.139989
 0.152139 0.202695 0.206304 0.206497 0.206507
 0.166039 0.221215 0.225153 0.225364 0.225375
nmprior
 8.19 8.8 8.5 0
nm_flota  nm_reclas  nm_pelaces    nm_pelaL
inf 13.1568 17.2799 40.6259
cv_recla  cv_pelaces  cv_mph
0.316396 0.490315 1.567
 ------------------------------------------------
Talla a la edad & desviaci?n 
 8 13.2811 15.8009 17.003 17.5766
 0.8 1.32811 1.58009 1.7003 1.75766
