years
 1991 1992 1993 1994 1995 1996 1997 1998 1999 2000 2001 2002 2003 2004 2005 2006 2007 2008 2009 2010 2011 2012 2013 2014 2015 2016 2017 2018 2019 2020 2021
reclasobs
 0 0 0 0 0 0 0 0 0 252601 567819 844713 477998 351125 339783 2.1784e+06 2.13404e+06 4.81314e+06 1.55562e+06 2.62356e+06 3.21686e+06 3.843e+06 1.13348e+06 3.07943e+06 1.97215e+06 2.03268e+06 2.025e+06 2.42433e+06 2.27542e+06 1.05018e+06 2.36338e+06
reclaspred
 1.37095e+06 991605 492009 222175 130890 415784 229158 111719 38829.8 165657 255245 434341 455085 272882 461225 772929 829478 1.99097e+06 2.26648e+06 1.35009e+06 2.03534e+06 1.97077e+06 1.9271e+06 1.85055e+06 1.50285e+06 1.45705e+06 1.68858e+06 1.83307e+06 1.86874e+06 896425 1.05757e+06
pelacesobs
 0 0 0 0 0 0 0 0 0 0 0 0 0 0 0 552880 188675 0 991730 2.46772e+06 1.41603e+06 1.21717e+06 2.29649e+06 1.80582e+06 0 1.4828e+06 1.56532e+06 1.57751e+06 1.42118e+06 867257 1.10002e+06
pelacespred
 557505 434852 221376 75744.8 46932.6 175243 63245 46424.9 9648.75 71915.4 121038 169272 189814 114262 229316 317733 331063 929066 1.06531e+06 638375 839360 913011 866402 896462 747470 676309 931024 1.02169e+06 852914 476073 532647
mphobs
 0 0 0 0 0 0 0 0 0 0 0 498337 0 5186 125008 0 168611 109162 213762 579715 649985 157893 87575 83554 0 0 0 0 0 0 0
mphpred
 1.05758e+06 1.03824e+06 569060 223636 127144 76653.7 343855 92261.9 39214.5 15919.6 160625 246961 368269 259180 146640 441984 738267 561833 2.06315e+06 1.43908e+06 1.11889e+06 1.47191e+06 1.77277e+06 1.31809e+06 1.34623e+06 1.23113e+06 974298 1.36704e+06 1.80361e+06 1.04271e+06 509121
desembarqueobs
 494567 514787 250237 358949 120608 361735 552515 73892 212993 205616 52469 317467 293654 387597 252695 516296 358380 742168 942051 627588 828172 859565 418607 520667 417249 300574 415391 372974 316634 284311 391294
desembarquepred
 494499 513061 250038 358191 120364 361089 552772 73927.9 212702 205439 52448.4 317235 293384 387318 252891 516609 358212 742411 942434 627055 828382 859153 418014 520242 416663 299719 415073 372623 316307 284218 390805
Reclutas
 276287 93076.2 28762.9 75704.5 23649.5 220711 41526 9406.05 21412.4 110259 69453.4 172301 94063.9 66561.7 148925 330797 55500.5 907991 364029 174353 433149 736111 73828.5 235650 308414 102098 369152 325954 39054.7 40842.9 278622
log_desv_Rt
 0.832575 -0.255446 -1.42978 -0.462027 -1.62552 0.60799 -1.06255 -2.54751 -1.7249 -0.0860287 -0.548208 0.360378 -0.24489 -0.590736 0.21458 1.01264 -0.772474 2.02237 1.10837 0.372216 1.28222 1.81252 -0.48712 0.673484 0.942578 -0.162929 1.12234 0.997892 -1.1239 -1.07913 0.840993
SSB
 1.05758e+06 1.03824e+06 569060 223636 127144 76653.7 343855 92261.9 39214.5 15919.6 160625 246961 368269 259180 146640 441984 738267 561833 2.06315e+06 1.43908e+06 1.11889e+06 1.47191e+06 1.77277e+06 1.31809e+06 1.34623e+06 1.23113e+06 974298 1.36704e+06 1.80361e+06 1.04271e+06 509121
BT
 1.97292e+06 1.58446e+06 765509 560149 229058 1.07329e+06 647435 206674 235131 518503 437542 856500 841605 788487 1.18453e+06 1.56453e+06 1.15112e+06 4.42012e+06 3.9223e+06 2.27949e+06 3.51764e+06 3.6834e+06 2.52608e+06 3.31031e+06 2.51065e+06 2.10294e+06 3.73379e+06 3.67532e+06 2.28866e+06 1.48316e+06 2.35901e+06
Ftot
 0.336974 0.474748 0.465963 1.3452 0.813075 0.795168 1.81477 0.600973 3.53085 1.11657 0.194531 0.665383 0.587409 1.21048 0.510457 0.613133 0.399649 0.350576 0.386045 0.428886 0.379402 0.405635 0.204495 0.264391 0.260645 0.194263 0.232255 0.192449 0.160166 0.296305 0.346811
BD_Bspro_t
 0.947512 0.724854 0.513183 0.323753 0.222572 0.194513 0.399841 0.135114 0.0836803 0.0472117 0.366325 0.534782 0.507772 0.382304 0.269567 0.508498 0.53873 0.473607 0.695543 0.579953 0.478513 0.549262 0.623162 0.584414 0.623744 0.659217 0.659609 0.745466 0.780786 0.680162 0.559155
BD_Bspro
 1.23128 1.20876 0.662522 0.260366 0.148026 0.0892433 0.40033 0.107415 0.0456551 0.0185342 0.187006 0.287521 0.428754 0.301747 0.170724 0.514575 0.85952 0.654108 2.40201 1.67543 1.30266 1.71365 2.06393 1.53457 1.56733 1.43333 1.13432 1.59156 2.09984 1.21396 0.592739
BD_Bo
 0.629269 0.617761 0.338595 0.133065 0.0756517 0.0456095 0.204596 0.0548966 0.0233329 0.00947229 0.0955733 0.146944 0.219123 0.154214 0.087252 0.262984 0.439275 0.334295 1.22759 0.856264 0.665748 0.875795 1.05481 0.784274 0.801017 0.73253 0.579715 0.813399 1.07316 0.620418 0.302931
BD_Brms
 2.67124 2.62238 1.43733 0.56486 0.32114 0.193612 0.868507 0.233035 0.0990478 0.0402097 0.405707 0.623772 0.930173 0.654635 0.370383 1.11636 1.86471 1.41907 5.2111 3.63482 2.82609 3.71773 4.47765 3.32923 3.4003 3.10957 2.46088 3.45286 4.55555 2.63366 1.28594
Sel_flota
 0.5 1 1 1 1
 0.5 1 1 1 1
 0.5 1 1 1 1
 0.5 1 1 1 1
 0.5 1 1 1 1
 0.5 1 1 1 1
 0.5 1 1 1 1
 0.5 1 1 1 1
 0.5 1 1 1 1
 0.5 1 1 1 1
 0.5 1 1 1 1
 0.5 1 1 1 1
 0.5 1 1 1 1
 0.5 1 1 1 1
 0.5 1 1 1 1
 0.5 1 1 1 1
 0.5 1 1 1 1
 0.5 1 1 1 1
 0.5 1 1 1 1
 0.5 1 1 1 1
 0.5 1 1 1 1
 0.5 1 1 1 1
 0.5 1 1 1 1
 0.5 1 1 1 1
 0.5 1 1 1 1
 0.5 1 1 1 1
 0.5 1 1 1 1
 0.5 1 1 1 1
 0.5 1 1 1 1
 0.5 1 1 1 1
 0.5 1 1 1 1
Sel_reclas
 0.5 1 1 1 1
 0.5 1 1 1 1
 0.5 1 1 1 1
 0.5 1 1 1 1
 0.5 1 1 1 1
 0.5 1 1 1 1
 0.5 1 1 1 1
 0.5 1 1 1 1
 0.5 1 1 1 1
 0.5 1 1 1 1
 0.5 1 1 1 1
 0.5 1 1 1 1
 0.5 1 1 1 1
 0.5 1 1 1 1
 0.5 1 1 1 1
 0.5 1 1 1 1
 0.5 1 1 1 1
 0.5 1 1 1 1
 0.5 1 1 1 1
 0.5 1 1 1 1
 0.5 1 1 1 1
 0.5 1 1 1 1
 0.5 1 1 1 1
 0.5 1 1 1 1
 0.5 1 1 1 1
 0.5 1 1 1 1
 0.5 1 1 1 1
 0.5 1 1 1 1
 0.5 1 1 1 1
 0.5 1 1 1 1
 0.5 1 1 1 1
Sel_pelaces
 0.5 1 1 1 1
 0.5 1 1 1 1
 0.5 1 1 1 1
 0.5 1 1 1 1
 0.5 1 1 1 1
 0.5 1 1 1 1
 0.5 1 1 1 1
 0.5 1 1 1 1
 0.5 1 1 1 1
 0.5 1 1 1 1
 0.5 1 1 1 1
 0.5 1 1 1 1
 0.5 1 1 1 1
 0.5 1 1 1 1
 0.5 1 1 1 1
 0.5 1 1 1 1
 0.5 1 1 1 1
 0.5 1 1 1 1
 0.5 1 1 1 1
 0.5 1 1 1 1
 0.5 1 1 1 1
 0.5 1 1 1 1
 0.5 1 1 1 1
 0.5 1 1 1 1
 0.5 1 1 1 1
 0.5 1 1 1 1
 0.5 1 1 1 1
 0.5 1 1 1 1
 0.5 1 1 1 1
 0.5 1 1 1 1
 0.5 1 1 1 1
pf_obs 
 0.8446 0.082 0.0669 0.0065 0
 0.8095 0.147 0.0364 0.0071 0
 0.9664 0.0169 0.016 0.0007 0
 0.9276 0.0648 0.0075 0.0001 0
 0.7033 0.2144 0.0806 0.0017 0
 0.9318 0.0425 0.0243 0.0014 0
 0.5671 0.3108 0.0964 0.0239 0.0018
 0.0768 0.2599 0.5324 0.112 0.0189
 0.490249 0.384438 0.106611 0.0170017 0.00170017
 0.7925 0.1577 0.0466 0.003 0.0002
 0.840416 0.127587 0.0312969 0.00059994 9.999e-05
 0.8084 0.0986 0.0794 0.0134 0.0002
 0.7335 0.1905 0.0724 0.0035 0.0001
 0.4001 0.4547 0.1325 0.0127 0
 0.49795 0.308269 0.164784 0.0264974 0.00249975
 0.9179 0.0499 0.0305 0.0017 0
 0.2467 0.6533 0.0926 0.0074 0
 0.9418 0.0223 0.034 0.0019 0
 0.707729 0.231977 0.0356964 0.0245975 0
 0.517169 0.277429 0.184464 0.0207286 0.00020938
 0.811772 0.124168 0.05621 0.00726502 0.000585176
 0.764997 0.148141 0.077277 0.00933861 0.000247198
 0.163321 0.427699 0.378323 0.0303852 0.000271297
 0.753843 0.0900009 0.118128 0.0371064 0.000921714
 0.721811 0.176058 0.0630433 0.0369309 0.00215725
 0.143369 0.312575 0.442814 0.0836902 0.0175525
 0.692698 0.0596174 0.167031 0.0765114 0.00414204
 0.394062 0.376323 0.152708 0.0712218 0.00568511
 0.125707 0.32114 0.495352 0.0537591 0.00404204
 0.23352 0.215282 0.420074 0.123614 0.00750983
 0.774587 0.0839891 0.0768558 0.0609784 0.00358967
pf_pred 
 0.638268 0.228659 0.0841188 0.0309456 0.0180096
 0.321258 0.540379 0.0874623 0.0321756 0.0187254
 0.233569 0.400424 0.291396 0.0471635 0.0274481
 0.701216 0.12328 0.0916922 0.0667262 0.0170852
 0.459733 0.475186 0.0268529 0.0199724 0.0182558
 0.93819 0.0424787 0.0170025 0.000960817 0.00136783
 0.331541 0.651732 0.011496 0.00460138 0.000630201
 0.356666 0.416709 0.220954 0.00389745 0.00177364
 0.787559 0.121444 0.0589418 0.0312531 0.000802154
 0.979651 0.0196456 0.000402253 0.00019523 0.000106175
 0.607134 0.39004 0.00272829 5.5863e-05 4.18577e-05
 0.763593 0.1811 0.0549092 0.000384084 1.3757e-05
 0.507108 0.437765 0.0422303 0.0128042 9.27716e-05
 0.531499 0.333323 0.120059 0.0115819 0.00353704
 0.8258 0.134268 0.02841 0.010233 0.00128863
 0.800755 0.182756 0.0127097 0.00268927 0.00109062
 0.233111 0.695305 0.0656602 0.00456633 0.00135804
 0.922159 0.031675 0.0418566 0.00395268 0.000356641
 0.403042 0.575118 0.00888727 0.011744 0.0012091
 0.341139 0.397144 0.252141 0.00389633 0.00567886
 0.709381 0.157277 0.0803746 0.0510287 0.00193784
 0.718909 0.237677 0.0234945 0.0120066 0.00791229
 0.129213 0.742423 0.108538 0.0107291 0.0090962
 0.548534 0.108239 0.292631 0.0427811 0.00781427
 0.607865 0.284102 0.0259011 0.0700253 0.0121072
 0.291116 0.54597 0.118032 0.0107607 0.0341224
 0.72533 0.127793 0.113122 0.0244555 0.00929954
 0.543628 0.387845 0.031883 0.0282227 0.00842151
 0.117126 0.632226 0.213012 0.0175107 0.0201257
 0.262345 0.16055 0.413265 0.139239 0.0246017
 0.834395 0.0724297 0.0202795 0.0522008 0.0206952
pobs_RECLAS
 0 0 0 0 0
 0 0 0 0 0
 0 0 0 0 0
 0 0 0 0 0
 0 0 0 0 0
 0 0 0 0 0
 0 0 0 0 0
 0 0 0 0 0
 0 0 0 0 0
 0 0 0 0 0
 0.991045 0.00858322 0.000360255 1.14367e-05 0
 0.934742 0.0480273 0.0164251 0.00080598 0
 0.827803 0.169806 0.00239088 0 0
 0.941827 0.0461693 0.0120037 0 0
 0.791401 0.0380133 0.147996 0.0225897 0
 0.846168 0.0940531 0.0597789 0 0
 0.134021 0.677848 0.182769 0.00536245 0
 0.80878 0.0450904 0.141981 0.00414843 0
 0.846168 0.0940531 0.0597789 0 0
 0.905697 0.0802665 0.012482 0.00150086 5.37128e-05
 0.989698 0.0102097 9.19794e-05 0 0
 0.975433 0.0193895 0.00387452 0.00125025 5.28907e-05
 0.303575 0.632131 0.0575291 0.00676475 0
 0.966965 0.00978017 0.0227588 0.000495775 0
 0.843318 0.132988 0.00938335 0.0141283 0.000182051
 0.564624 0.303363 0.111486 0.0197234 0.00080311
 0.826376 0.0876187 0.0782897 0.00655872 0.00115652
 0.89761 0.0855135 0.0140674 0.00269457 0.000114338
 0.34875 0.467042 0.161289 0.0227151 0.000203297
 0.318654 0.224769 0.449479 0.00709798 0
 0.937255 0.0296025 0.0250945 0.00804832 0
ppred_RECLAS
 0.642216 0.226162 0.0832005 0.0306078 0.017813
 0.32696 0.535839 0.0867275 0.0319053 0.0185681
 0.238153 0.398029 0.289653 0.0468815 0.0272839
 0.722846 0.114356 0.0850541 0.0618955 0.0158483
 0.472745 0.463742 0.0262062 0.0194914 0.0178161
 0.941068 0.0405008 0.0162108 0.000916079 0.00130414
 0.368711 0.615491 0.0108568 0.00434552 0.000595158
 0.36476 0.411466 0.218174 0.00384841 0.00175133
 0.852388 0.0843837 0.0409548 0.0217157 0.000557365
 0.981203 0.0181468 0.000371564 0.000180335 9.80744e-05
 0.6093 0.38789 0.00271325 5.5555e-05 4.16269e-05
 0.770749 0.175618 0.0532471 0.000372458 1.33405e-05
 0.515625 0.4302 0.0415006 0.0125829 9.11686e-05
 0.554015 0.317304 0.114289 0.0110253 0.00336706
 0.829863 0.131137 0.0277474 0.00999429 0.00125857
 0.80644 0.177541 0.0123471 0.00261254 0.00105951
 0.236896 0.691873 0.0653362 0.0045438 0.00135133
 0.923439 0.031154 0.0411681 0.00388766 0.000350775
 0.407908 0.57043 0.00881483 0.0116483 0.00119924
 0.346317 0.394023 0.25016 0.00386571 0.00563423
 0.71344 0.155081 0.0792523 0.0503162 0.00191078
 0.723221 0.234031 0.0231341 0.0118224 0.00779091
 0.130299 0.741498 0.108403 0.0107157 0.00908486
 0.551726 0.107474 0.290563 0.0424787 0.00775903
 0.610884 0.281914 0.0257017 0.0694861 0.012014
 0.292993 0.544524 0.117719 0.0107322 0.034032
 0.727537 0.126766 0.112213 0.0242589 0.00922479
 0.545855 0.385952 0.0317274 0.0280849 0.00838041
 0.117885 0.631682 0.212828 0.0174957 0.0201084
 0.265204 0.159927 0.411663 0.138699 0.0245063
 0.836832 0.0713637 0.0199811 0.0514326 0.0203906
pobs_PELACES
 0 0 0 0 0
 0 0 0 0 0
 0 0 0 0 0
 0 0 0 0 0
 0 0 0 0 0
 0 0 0 0 0
 0 0 0 0 0
 0 0 0 0 0
 0 0 0 0 0
 0 0 0 0 0
 0 0 0 0 0
 0 0 0 0 0
 0 0 0 0 0
 0 0 0 0 0
 0 0 0 0 0
 0 0 0 0 0
 0.505614 0.472636 0.0217494 0 0
 0 0 0 0 0
 0.443492 0.261883 0.143347 0.151278 0
 0.227955 0.32914 0.350689 0.0885471 0.00366901
 0.970185 0.0296113 0.000203453 0 0
 0.997202 0.00247181 0.000326279 0 0
 0.445219 0.490057 0.0546422 0.010081 0
 0.90214 0.0892962 0.00764917 0.000914606 0
 0 0 0 0 0
 0.581667 0.319106 0.0959925 0.00289975 0.000334073
 0.762889 0.0836404 0.116647 0.0363945 0.000428098
 0.88444 0.0763242 0.0277011 0.0115352 0
 0.521256 0.241999 0.230069 0.00667565 0
 0.616807 0.101726 0.260614 0.0208532 0
 0.833518 0.0704572 0.0857862 0.0102388 0
ppred_PELACES
 0.654888 0.218152 0.0802537 0.0295237 0.0171821
 0.344426 0.521934 0.0844769 0.0310773 0.0180863
 0.252381 0.390595 0.284243 0.0460059 0.0267743
 0.765053 0.096941 0.0721017 0.0524698 0.0134348
 0.506257 0.434267 0.0245406 0.0182525 0.0166837
 0.947937 0.0357801 0.0143213 0.000809302 0.00115213
 0.440702 0.545302 0.00961867 0.00384996 0.000527288
 0.38803 0.396393 0.210182 0.00370744 0.00168718
 0.911819 0.0504097 0.0244659 0.0129727 0.000332962
 0.984316 0.0151413 0.000310026 0.000150468 8.18314e-05
 0.616913 0.380331 0.00266037 5.44724e-05 4.08157e-05
 0.78957 0.161201 0.0488757 0.00034188 1.22453e-05
 0.539776 0.40875 0.0394313 0.0119555 8.66228e-05
 0.602677 0.282682 0.101819 0.00982226 0.00299967
 0.841427 0.122224 0.0258615 0.009315 0.00117303
 0.821744 0.163504 0.0113708 0.00240597 0.000975734
 0.249022 0.680878 0.0642979 0.00447159 0.00132986
 0.92743 0.0295301 0.0390222 0.00368502 0.00033249
 0.423378 0.555526 0.00858452 0.0113439 0.00116791
 0.362506 0.384265 0.243964 0.00376997 0.00549469
 0.726065 0.148249 0.0757605 0.0480993 0.00182659
 0.736417 0.222874 0.0220312 0.0112588 0.00741948
 0.13417 0.738197 0.10792 0.010668 0.00904442
 0.562489 0.104893 0.283586 0.0414588 0.00757273
 0.621057 0.274544 0.0250297 0.0676695 0.0116999
 0.299676 0.539377 0.116606 0.0106308 0.0337103
 0.735067 0.123263 0.109112 0.0235885 0.00896985
 0.553715 0.379273 0.0311783 0.0275989 0.00823537
 0.120661 0.629694 0.212159 0.0174406 0.0200451
 0.27484 0.15783 0.406265 0.13688 0.0241849
 0.844496 0.0680119 0.0190426 0.0490168 0.0194329
pobs_pel_tallas
 0 0 0 0 0 0 0 0 0 0 0 0 0 0 0 0 0 0 0 0 0 0 0 0 0 0
 0 0 0 0 0 0 0 0 0 0 0 0 0 0 0 0 0 0 0 0 0 0 0 0 0 0
 0 0 0 0 0 0 0 0 0 0 0 0 0 0 0 0 0 0 0 0 0 0 0 0 0 0
 0 0 0 0 0 0 0 0 0 0 0 0 0 0 0 0 0 0 0 0 0 0 0 0 0 0
 0 0 0 0 0 0 0 0 0 0 0 0 0 0 0 0 0 0 0 0 0 0 0 0 0 0
 0 0 0 0 0 0 0 0 0 0 0 0 0 0 0 0 0 0 0 0 0 0 0 0 0 0
 0 0 0 0 0 0 0 0 0 0 0 0 0 0 0 0 0 0 0 0 0 0 0 0 0 0
 0 0 0 0 0 0 0 0 0 0 0 0 0 0 0 0 0 0 0 0 0 0 0 0 0 0
 0 0 0 0 0 0 0 0 0 0 0 0 0 0 0 0 0 0 0 0 0 0 0 0 0 0
 0 0 0 0 0 0 0 0 0 0 0 0 0 0 0 0 0 0 0 0 0 0 0 0 0 0
 0 0 0 0 0 0 0 0 0 0 0 0 0 0 0 0 0 0 0 0 0 0 0 0 0 0
 0 0 0 0 0 0 0 0 0 0 0 0 0 0 0 0 0 0 0 0 0 0 0 0 0 0
 0.00862536 0 0 0.000197151 0.00414017 0.0128641 0.00837892 0.0270097 0.101434 0.158115 0.152841 0.127902 0.109271 0.109419 0.0830992 0.0579132 0.0238553 0.00714673 0.00463305 0.00128148 0.00103504 0.000492878 0.000147863 0.000147863 4.92878e-05 0
 0 0 0 0 0 0 0 0 0 0 0 0 0 0 0 0 0 0 0 0 0 0 0 0 0 0
 0 0 0 0 0 0 0 0.0054083 0.00873648 0.0413646 0.0450493 0.0745869 0.0622846 0.0627006 0.0613931 0.0827291 0.12552 0.122667 0.0946155 0.0697135 0.0546179 0.0294188 0.0215738 0.0213955 0.0102223 0.00600262
 0 0 0 0 0.00359764 0.0251062 0.0480494 0.140153 0.205849 0.193036 0.1447 0.116669 0.0760912 0.0342217 0.00950174 0.001854 0.000860785 0 0 0 0.000165536 0 0.000143464 0 0 0
 0 0 0 0 0 0 0 0.000145254 0.000435761 0.0275982 0.070085 0.0708112 0.156366 0.174668 0.174014 0.160142 0.0824315 0.0480064 0.0283245 0.00493863 0.00203355 0 0 0 0 0
 0 0 0 0 0 0 0 0 0 0 0 0 0 0 0 0 0 0 0 0 0 0 0 0 0 0
 0 0 1.00437e-05 0.000401748 0.00122533 0.00171747 0.00176769 0.0269171 0.070346 0.194647 0.189555 0.159765 0.064822 0.0314167 0.0384472 0.0292271 0.0345202 0.0313363 0.0194345 0.0106764 0.0143323 0.0359363 0.0279516 0.0138201 0.00172751 0
 0 0.0021121 0.0136068 0.0755702 0.200478 0.177729 0.0527432 0.0373336 0.0318909 0.0142505 0.0149659 0.0166563 0.0217959 0.0798694 0.0677717 0.0528807 0.04013 0.0224614 0.0357745 0.0225083 0.00881397 0.00855152 0.00135912 0.000746735 0 0
 0 0 0 0 5.4009e-05 0.00500934 0.000945158 0.0243581 0.138947 0.33067 0.221406 0.137944 0.0707744 0.0437923 0.0131692 0.00525238 0.0047753 0.00276346 9.45158e-05 9.00151e-06 2.25038e-05 9.00151e-06 4.50075e-06 0 0 0
 0.000866109 0.00284123 0.00948549 0.0512746 0.133035 0.25785 0.225252 0.132002 0.0553304 0.0519788 0.0540692 0.017754 0.00435017 0.00159236 0.00146478 0.000404838 0.000125132 0.000115318 0.000107957 0.000100596 0 0 0 0 0 0
 0 0 0 0 0.00144013 0.00171154 0.00461396 0.0210425 0.0478622 0.0707936 0.0888783 0.103762 0.0637923 0.0337046 0.0602308 0.124433 0.169614 0.0934646 0.0462172 0.0250306 0.0313229 0.00938855 0.002487 0.000210481 0 0
 0 0.00764035 0.051015 0.0998891 0.058973 0.0496711 0.0374665 0.0718981 0.12319 0.153886 0.159021 0.0857701 0.0377988 0.023471 0.0147837 0.00900784 0.00315554 0.000888139 0.00291439 0.00214683 0.00393193 0.00274676 0.000635225 9.99891e-05 0 0
 0 0 0 0 0 0 0 0 0 0 0 0 0 0 0 0 0 0 0 0 0 0 0 0 0 0
 0 0 0 0 0 0 0 0 0 0 0 0 0 0 0 0 0 0 0 0 0 0 0 0 0 0
 0 0 0 0 0 0 0 0 0 0 0 0 0 0 0 0 0 0 0 0 0 0 0 0 0 0
 0 0 0 0 0 0 0 0 0 0 0 0 0 0 0 0 0 0 0 0 0 0 0 0 0 0
 0 0 0 0 0 0 0 0 0 0 0 0 0 0 0 0 0 0 0 0 0 0 0 0 0 0
 0 0 0 0 0 0 0 0 0 0 0 0 0 0 0 0 0 0 0 0 0 0 0 0 0 0
 0 0 0 0 0 0 0 0 0 0 0 0 0 0 0 0 0 0 0 0 0 0 0 0 0 0
ppred_pel_tallas
 1.08241e-16 5.39423e-05 0.000524339 0.00348442 0.0158397 0.0492832 0.105004 0.153261 0.153282 0.105107 0.04963 0.0168425 0.00600599 0.00604354 0.0105792 0.0175189 0.025504 0.0326543 0.0370907 0.0379643 0.0359325 0.0326229 0.029534 0.0272536 0.025468 0.0235171
 1.08749e-16 2.837e-05 0.000275767 0.00183257 0.00833063 0.0259199 0.055227 0.080616 0.0806663 0.055473 0.0267458 0.0107163 0.00782224 0.0133556 0.0248826 0.041127 0.05933 0.0748028 0.0827856 0.081104 0.0714612 0.0582474 0.0458593 0.036621 0.0305119 0.0262576
 1.17448e-16 2.07884e-05 0.000202071 0.00134283 0.00610435 0.0189931 0.0404682 0.0590725 0.0591105 0.0406541 0.0196185 0.00791543 0.00590684 0.0102249 0.0192309 0.0322174 0.0474793 0.0619512 0.0724601 0.0774732 0.0778159 0.0756875 0.072861 0.0696175 0.0651026 0.0584694
 1.09642e-16 6.30164e-05 0.000612542 0.00407056 0.0185042 0.0575734 0.122666 0.179037 0.179047 0.122713 0.057729 0.0189551 0.00520803 0.00311449 0.00487087 0.00810266 0.0120248 0.0158945 0.0190108 0.0210954 0.0224339 0.0235795 0.0248568 0.0260792 0.0266773 0.0260806
 1.05474e-16 4.16998e-05 0.000405337 0.00269361 0.0122448 0.0380983 0.0811739 0.118484 0.118526 0.0813781 0.0387839 0.0142244 0.0076603 0.0112397 0.0205949 0.0339222 0.0487273 0.0610036 0.0667112 0.064025 0.0544613 0.0419055 0.0303373 0.0219944 0.0170271 0.0143357
 1.00699e-16 7.80803e-05 0.000758969 0.00504361 0.0229275 0.0713361 0.151989 0.221833 0.221837 0.152006 0.071393 0.023092 0.00545713 0.00166395 0.00180342 0.002875 0.00417379 0.00533107 0.00602585 0.00610647 0.00566725 0.00496598 0.00425115 0.00363977 0.00311851 0.00262565
 1.00893e-16 3.63002e-05 0.000352851 0.00234482 0.0106592 0.0331651 0.0706638 0.103147 0.103199 0.07092 0.0340251 0.0131418 0.00857099 0.0139268 0.0257633 0.0423969 0.0607481 0.0757138 0.0821209 0.0775896 0.0639917 0.0462738 0.0296224 0.0171394 0.00934508 0.00514221
 1.06825e-16 3.19616e-05 0.000310678 0.00206457 0.00938524 0.0292012 0.0622176 0.0908165 0.0908549 0.0624055 0.0298329 0.0112128 0.00666306 0.0103858 0.0192732 0.032088 0.0468585 0.0602401 0.0687742 0.0707508 0.0670574 0.0602701 0.0528159 0.0457527 0.0389086 0.0318277
 1.02077e-16 7.51053e-05 0.00073005 0.00485144 0.022054 0.0686181 0.146198 0.213382 0.213386 0.146222 0.0686984 0.0222865 0.0054366 0.00201258 0.00252605 0.00409734 0.00599017 0.00773498 0.00890779 0.00931745 0.00910296 0.00860436 0.00811328 0.00770822 0.00727825 0.00666811
 1.00042e-16 8.10768e-05 0.000788096 0.00523717 0.0238074 0.0740738 0.157822 0.230346 0.230348 0.157829 0.0740976 0.0238764 0.00541008 0.00116507 0.000795615 0.0011833 0.00168805 0.00210438 0.00228407 0.00216104 0.00178739 0.00130039 0.000843658 0.000502616 0.000290839 0.00017702
 1.00187e-16 5.08144e-05 0.000493934 0.00328237 0.0149212 0.0464256 0.0989159 0.144378 0.144415 0.0990946 0.0470252 0.0166522 0.00762322 0.00995641 0.0179816 0.0295413 0.0423026 0.0526748 0.0570369 0.0537224 0.0440411 0.0314627 0.0196381 0.0107701 0.00525405 0.00233977
 1.01489e-16 6.50358e-05 0.000632171 0.004201 0.0190972 0.0594184 0.126598 0.184776 0.184792 0.126674 0.0596741 0.0198362 0.00605788 0.00469161 0.00779161 0.0128218 0.0185636 0.0235471 0.0263056 0.0261367 0.023484 0.0195777 0.0156495 0.0123519 0.00972465 0.00753196
 1.02457e-16 4.44608e-05 0.000432174 0.00287195 0.0130555 0.0406207 0.0865482 0.126328 0.126367 0.0867406 0.0412665 0.0149203 0.0075513 0.0106424 0.0194214 0.032 0.0460055 0.0576687 0.0631746 0.0607601 0.0517667 0.0397401 0.0283323 0.0196311 0.0138752 0.0102351
 1.04504e-16 4.96418e-05 0.000482536 0.00320662 0.0145769 0.0453542 0.0966328 0.141044 0.141072 0.0967665 0.0458032 0.015875 0.00646961 0.00762075 0.0136505 0.0226028 0.0328204 0.0418213 0.0470833 0.0474024 0.0435409 0.0375816 0.0315539 0.0264482 0.0222028 0.0183385
 1.01911e-16 6.93072e-05 0.000673691 0.00447691 0.0203514 0.0633209 0.134912 0.196911 0.196923 0.13497 0.0635145 0.0209108 0.00588173 0.00374293 0.00590578 0.00967335 0.0139744 0.0176713 0.0196532 0.0194086 0.0173176 0.0143723 0.0115571 0.00937889 0.00782126 0.00660863
 1.00777e-16 6.7686e-05 0.000657932 0.00437219 0.0198753 0.0618397 0.131757 0.192306 0.192322 0.131833 0.0620978 0.0206207 0.00624223 0.00473711 0.00780555 0.0127728 0.018336 0.0229376 0.0250391 0.0239321 0.0201618 0.0151703 0.0104536 0.0068826 0.00457633 0.00320434
 1.02704e-16 2.05118e-05 0.000199382 0.00132497 0.00602314 0.0187406 0.0399312 0.0582945 0.0583601 0.0402516 0.0198161 0.00912881 0.00911776 0.0172016 0.0322824 0.0532618 0.0765445 0.0958733 0.104868 0.100561 0.0851685 0.0646047 0.0450016 0.0299263 0.0198891 0.0136089
 1.0156e-16 7.63912e-05 0.00074255 0.0049345 0.0224315 0.0697929 0.148701 0.217034 0.217037 0.148715 0.0698407 0.0225704 0.00528573 0.00151797 0.00157451 0.00254834 0.0038176 0.00512091 0.00623712 0.00704801 0.00757088 0.00788072 0.00799539 0.00783772 0.00730633 0.00638171
 1.01726e-16 3.48732e-05 0.00033898 0.00225264 0.0102402 0.0318614 0.067886 0.0990928 0.0991463 0.0681471 0.0327375 0.0127694 0.00859584 0.0141684 0.0262472 0.0432001 0.061909 0.0771847 0.0837708 0.0792597 0.0655749 0.0477634 0.0310981 0.0187034 0.0110524 0.0069648
 1.08447e-16 2.98593e-05 0.000290243 0.00192877 0.00876791 0.0272804 0.0581252 0.0848433 0.0848806 0.0583078 0.0278941 0.0105441 0.00640111 0.0100989 0.0187909 0.0313618 0.0459704 0.0594523 0.0685206 0.0715297 0.0692555 0.064 0.0578497 0.0515826 0.0448996 0.0373947
 1.07358e-16 5.98051e-05 0.000581326 0.00386312 0.0175612 0.0546394 0.116416 0.169915 0.169929 0.116486 0.054876 0.0182457 0.00558632 0.00435994 0.00728614 0.0120836 0.0177171 0.0229551 0.0265863 0.0280721 0.0278308 0.0268455 0.0259233 0.0252153 0.0243047 0.0226609
 1.03078e-16 6.06577e-05 0.000589615 0.0039182 0.0178116 0.0554185 0.118076 0.17234 0.172361 0.118181 0.0557707 0.0188287 0.00647068 0.00615997 0.0106349 0.0174734 0.0251384 0.0315605 0.0346795 0.0335608 0.0289604 0.0228232 0.0171244 0.0129504 0.0103467 0.00876168
 1.05904e-16 1.10516e-05 0.000107425 0.000713883 0.00324525 0.0100976 0.0215166 0.031419 0.0314901 0.0218642 0.0112649 0.00661694 0.00917726 0.0185829 0.0350985 0.0580044 0.0835466 0.105035 0.115631 0.112153 0.0969389 0.0762249 0.0563913 0.0410268 0.0304909 0.0233523
 1.1365e-16 4.63315e-05 0.000450359 0.00299279 0.0136048 0.0423297 0.0901882 0.131635 0.131645 0.0902399 0.0425045 0.0141153 0.00429501 0.00336188 0.00577757 0.0100049 0.0156371 0.0222314 0.0292923 0.0364857 0.0435948 0.0501702 0.0552459 0.0575242 0.0560082 0.0506195
 1.09559e-16 5.11557e-05 0.000497251 0.00330441 0.0150214 0.0467373 0.0995796 0.145345 0.145371 0.0997089 0.0471714 0.0162756 0.00645304 0.00737258 0.0131154 0.0216232 0.0312068 0.0394061 0.0437858 0.0433141 0.0390222 0.0333244 0.0285305 0.0256866 0.024432 0.023664
 1.10274e-16 2.4684e-05 0.000239938 0.00159447 0.00724827 0.0225523 0.0480521 0.0701443 0.0701964 0.0483065 0.0234066 0.00971662 0.00779358 0.0137833 0.0257774 0.0426591 0.0616447 0.0779331 0.0866338 0.0854906 0.076197 0.0631686 0.0508099 0.0414234 0.0349757 0.0302276
 1.07064e-16 6.05465e-05 0.000588534 0.00391102 0.0177789 0.0553169 0.117859 0.172021 0.172033 0.117918 0.0555149 0.0183529 0.0053591 0.00377399 0.00618171 0.0103109 0.0152861 0.0201444 0.0239272 0.0261727 0.0271118 0.0273425 0.027273 0.0268269 0.0256118 0.0233232
 1.05159e-16 4.56088e-05 0.000443334 0.00294611 0.0133926 0.0416696 0.0887829 0.129589 0.129625 0.0889614 0.0422688 0.0151229 0.00728806 0.00991781 0.018028 0.0297033 0.042722 0.0536036 0.0588445 0.0568621 0.0489608 0.0384742 0.028784 0.021743 0.0174099 0.0148113
 1.11425e-16 9.93885e-06 9.66092e-05 0.000642005 0.0029185 0.00908086 0.01935 0.0282546 0.0283155 0.0196476 0.0100806 0.00580856 0.00790564 0.0159836 0.0302709 0.0502594 0.0729366 0.092836 0.104338 0.104781 0.0959227 0.0825015 0.0691454 0.0581296 0.0493019 0.0414838
 1.29585e-16 2.26383e-05 0.000220052 0.00146232 0.00664752 0.020683 0.0440679 0.0643217 0.0643375 0.0441457 0.020946 0.00741566 0.00342207 0.00460342 0.00865772 0.0150929 0.023659 0.0338026 0.0449111 0.0566671 0.0689463 0.0812042 0.091931 0.0988436 0.0998514 0.0941376
 1.08772e-16 6.956e-05 0.000676148 0.00449324 0.0204256 0.0635518 0.135404 0.197627 0.197634 0.135436 0.06366 0.0207389 0.00528172 0.00240443 0.00337371 0.00552812 0.00810967 0.0105466 0.012339 0.0133377 0.013862 0.0144782 0.0155904 0.017154 0.0186959 0.0195816
pSPR Fmed_Fpbrs
0.509986   0.285572 0.285572
Fs Fmed_Fpbrs
0.467437   1.005 1.005
SSBpbr Bo_Bmed_Bpbrs
1.68065e+06  773076  395915 395915
Ro
120165
SPR SPRFo_SPRFmed_SPRFpbrs
858930 438042 245287
Fref
1.005
Nvult_r0
 192441 9586.76 2684.19 6909.27 2739.2
CTP_r0
 28438.9 2468.64 691.193 1779.17 705.36
YTP_r0
390805
Np
 209163 86181.2 3369.51 943.428 3060
Nvult_p0
 162609 74576 2915.77 816.386 2647.94
CTP_p0
 54383.3 37381 1461.52 409.211 1327.27
YTP_p0
 1.10291e+06
CBA_c0
604438
log_Ro
11.5166
likeval ReclasPelacesDesembMPH_pf_preclas_ppelaces_ptallas_desvR_qrecl_qpela
 38.6155 35.9692 0.241351 0.00242923 260.473 140.169 112.483 0 50.7218 0 0 0.250831 0 0 0
q_reclas_q_pelaces
1 1
M
1
N
 276287 52924.4 19469.8 7162.54 4168.43
 93076.2 85880.2 13900 5113.53 2975.96
 28762.9 27005.6 19652.5 3180.83 1851.17
 75704.5 8382.16 6234.39 4536.89 1161.67
 23649.5 14214.2 803.247 597.43 546.082
 220711 5793.9 2319.06 131.051 186.566
 41526 54558.4 962.365 385.195 52.756
 9406.05 6165.29 3269.06 57.6635 26.2414
 21412.4 2562.2 1243.54 659.37 16.9236
 110259 1347.89 27.5988 13.3948 7.28471
 69453.4 23209.3 162.346 3.32412 2.49073
 172301 23182.3 7028.84 49.166 1.76101
 94063.9 45447.2 4384.21 1329.28 9.63122
 66561.7 25797.3 9291.89 896.371 273.747
 148925 13368.3 2828.63 1018.84 128.301
 330797 42445.3 2951.85 624.587 253.299
 55500.5 89562.7 8457.74 588.193 174.929
 907991 16719.4 22093.6 2086.39 188.25
 364029 280324 4331.83 5724.27 589.338
 174353 110411 70098.5 1083.23 1578.79
 433149 51761 26451.8 16793.9 637.756
 736111 131813 13029.8 6658.69 4388.05
 73828.5 221089 32322 3195.05 2708.79
 235650 24520.2 66291.9 9691.53 1770.23
 308414 75956 6924.78 18721.6 3236.93
 102098 99595.8 21531.3 1962.97 6224.6
 369152 34083.2 30170.3 6522.42 2480.24
 325954 120914 9939.82 8798.68 2625.48
 39054.7 108911 36694.7 3016.51 3466.97
 40842.9 13261.7 34136.5 11501.4 2032.14
 278622 12956.3 3627.62 9337.71 3701.97
pred_Ctot
 27455.2 9835.8 3618.39 1331.13 774.687
 12674.8 21319.9 3450.7 1269.44 738.786
 3851.11 6602.22 4804.57 777.637 452.567
 24727 4347.24 3233.35 2352.97 602.475
 5160.89 5334.36 301.447 224.207 204.936
 47267.1 2140.13 856.605 48.407 68.9128
 16821.9 33067.8 583.289 233.467 31.9754
 1581.32 1847.53 979.625 17.2798 7.86365
 12809 1975.19 958.641 508.306 13.0464
 31187.3 625.42 12.8058 6.21516 3.38009
 4101.63 2635.01 18.4316 0.377395 0.282779
 31667.6 7510.56 2277.19 15.9287 0.570526
 15498.3 13379 1290.65 391.322 2.8353
 20056 12577.9 4530.4 437.039 133.469
 21650.8 3520.24 744.853 268.288 33.7852
 56602.1 12918.3 898.399 190.094 77.0918
 6458.79 19264.8 1819.25 126.519 37.627
 93613.1 3215.49 4249.08 401.257 36.2044
 41033.6 58552.6 904.811 1195.66 123.098
 21646.9 25200.7 15999.6 247.241 360.351
 48048.9 10653 5444.06 3456.35 131.257
 86842.3 28710.8 2838.08 1450.36 955.784
 4573.98 26280.9 3842.12 379.796 321.994
 18646 3679.3 9947.23 1454.23 265.626
 24076.1 11252.6 1025.88 2773.53 479.539
 6021.54 11293 2441.4 222.579 705.799
 25827.9 4550.53 4028.11 870.824 331.143
 19051.7 13592.2 1117.35 989.075 295.135
 1912.43 10323 3478.05 285.915 328.612
 3598.36 2202.13 5668.41 1909.82 337.44
 28438.9 2468.64 691.193 1779.17 705.36
F
 0.168487 0.336974 0.336974 0.336974 0.336974
 0.237374 0.474748 0.474748 0.474748 0.474748
 0.232982 0.465963 0.465963 0.465963 0.465963
 0.6726 1.3452 1.3452 1.3452 1.3452
 0.406538 0.813075 0.813075 0.813075 0.813075
 0.397584 0.795168 0.795168 0.795168 0.795168
 0.907384 1.81477 1.81477 1.81477 1.81477
 0.300487 0.600973 0.600973 0.600973 0.600973
 1.76542 3.53085 3.53085 3.53085 3.53085
 0.558283 1.11657 1.11657 1.11657 1.11657
 0.0972654 0.194531 0.194531 0.194531 0.194531
 0.332691 0.665383 0.665383 0.665383 0.665383
 0.293705 0.587409 0.587409 0.587409 0.587409
 0.605239 1.21048 1.21048 1.21048 1.21048
 0.255229 0.510457 0.510457 0.510457 0.510457
 0.306567 0.613133 0.613133 0.613133 0.613133
 0.199824 0.399649 0.399649 0.399649 0.399649
 0.175288 0.350576 0.350576 0.350576 0.350576
 0.193023 0.386045 0.386045 0.386045 0.386045
 0.214443 0.428886 0.428886 0.428886 0.428886
 0.189701 0.379402 0.379402 0.379402 0.379402
 0.202817 0.405635 0.405635 0.405635 0.405635
 0.102248 0.204495 0.204495 0.204495 0.204495
 0.132196 0.264391 0.264391 0.264391 0.264391
 0.130323 0.260645 0.260645 0.260645 0.260645
 0.0971317 0.194263 0.194263 0.194263 0.194263
 0.116127 0.232255 0.232255 0.232255 0.232255
 0.0962247 0.192449 0.192449 0.192449 0.192449
 0.0800831 0.160166 0.160166 0.160166 0.160166
 0.148152 0.296305 0.296305 0.296305 0.296305
 0.173406 0.346811 0.346811 0.346811 0.346811
nmprior
 8.19 8.8 8.5 0
nm_flota  nm_reclas  nm_pelaces    nm_pelaL
inf 6.06281 6.42255 11.2207
cv_recla  cv_pelaces  cv_mph
0.56209 0.680045 1.52104
 ------------------------------------------------
Talla a la edad & desviaci?n 
 8 13.2811 15.8009 17.003 17.5766
 0.8 1.32811 1.58009 1.7003 1.75766
