years
 1991 1992 1993 1994 1995 1996 1997 1998 1999 2000 2001 2002 2003 2004 2005 2006 2007 2008 2009 2010 2011 2012 2013 2014 2015 2016 2017 2018 2019 2020 2021
reclasobs
 0 0 0 0 0 0 0 0 0 252601 567819 844713 477998 351125 339783 2.1784e+06 2.13404e+06 4.81314e+06 1.55562e+06 2.62356e+06 3.21686e+06 3.843e+06 1.13348e+06 3.07943e+06 1.97215e+06 2.03268e+06 2.025e+06 2.42433e+06 2.27542e+06 1.05018e+06 2.36338e+06
reclaspred
 2.78358e+06 1.48503e+06 719643 405752 217035 1.34208e+06 587500 357870 260352 213390 395816 610105 594840 414280 364062 1.62429e+06 1.29247e+06 3.67404e+06 2.97557e+06 1.97185e+06 3.6298e+06 3.01239e+06 2.05388e+06 3.36811e+06 2.36512e+06 1.90292e+06 2.57681e+06 3.1544e+06 2.42303e+06 1.2197e+06 1.76856e+06
pelacesobs
 0 0 0 0 0 0 0 0 0 0 0 0 0 0 0 552880 188675 0 991730 2.46772e+06 1.41603e+06 1.21717e+06 2.29649e+06 1.80582e+06 0 1.4828e+06 1.56532e+06 1.57751e+06 1.42118e+06 867257 1.10002e+06
pelacespred
 830284 464338 212848 86872.3 51902.8 397546 129174 116108 65892 52263.4 118134 151412 164839 113353 101901 420226 336231 1.15004e+06 927397 565054 1.05242e+06 897580 620671 1.14653e+06 761033 613093 959849 1.15074e+06 730375 420275 585430
mphobs
 0 0 0 0 0 0 0 0 0 0 0 498337 0 5186 125008 0 168611 109162 213762 579715 649985 157893 87575 83554 0 0 0 0 0 0 0
mphpred
 449668 264137 124336 61582.9 27298.1 19685.4 122095 43637.2 28398.1 15787.2 13804.7 45361.1 53253 41197.5 22007.5 26414.6 183936 136072 367554 260795 245312 328088 316136 220418 333218 253917 188527 237180 389272 233976 110437
desembarqueobs
 494567 514787 250237 358949 120608 361735 552515 73892 212993 205616 52469 317467 293654 387597 252695 516296 358380 742168 942051 627588 828172 859565 418607 520667 417249 300574 407403 355545 319650 289779 391294
desembarquepred
 494529 514781 249752 358913 120586 361609 552092 73885.4 212904 205533 52466.6 317371 293538 387261 252547 516057 358333 741851 941272 627064 828001 859190 418506 520592 417143 300489 407302 355454 319567 289689 391208
Reclutas
 107552 104014 79093.5 50781.4 32023.8 258808 44177.1 14002.2 27747.3 49478.5 72073 121737 95624.8 67686.8 54858.7 416601 44498 651515 340280 228727 395826 515714 62538.9 292628 213475 84841.1 254573 309721 54894.6 33607.5 194351
log_desv_Rt
 -0.0199181 -0.053372 -0.327264 -0.770365 -1.23142 0.858193 -0.909688 -2.05868 -1.37476 -0.796357 -0.420215 0.103968 -0.137463 -0.483004 -0.693134 1.33423 -0.902451 1.78141 1.13187 0.734633 1.28308 1.54766 -0.562107 0.981007 0.665627 -0.257114 0.841694 1.03778 -0.692479 -1.18314 0.571772
SSB
 1.70597e+06 1.0021e+06 471713 233636 103565 74683.3 463209 165553 107738 59894.1 52372.9 172093 202034 156297 83493.2 100213 697823 516236 1.39444e+06 989417 930676 1.24472e+06 1.19937e+06 836234 1.26418e+06 963323 715244 899823 1.47684e+06 887670 418980
BT
 2.34623e+06 1.57868e+06 728042 493468 219774 1.2347e+06 778241 334937 356844 313811 316408 610617 643882 660669 487454 1.3805e+06 1.05645e+06 3.31747e+06 3.03513e+06 1.87858e+06 3.1042e+06 2.86809e+06 1.79592e+06 3.13456e+06 2.14965e+06 1.68522e+06 2.63635e+06 3.01248e+06 1.95133e+06 1.26581e+06 1.7311e+06
Ftot
 0.265184 0.519416 0.525127 1.28915 0.886773 0.576999 1.28483 0.331132 1.37214 1.66725 0.275768 0.926423 0.855407 1.56372 1.29399 0.67866 0.420308 0.408019 0.527107 0.525162 0.408492 0.497419 0.307873 0.290436 0.288554 0.251871 0.297802 0.216173 0.194992 0.348985 0.426262
BD_Bspro_t
 0.958751 0.723966 0.496532 0.356187 0.191092 0.188385 0.474668 0.213792 0.197575 0.147089 0.165157 0.466245 0.373625 0.279188 0.168114 0.200675 0.510089 0.42539 0.600751 0.486325 0.428988 0.498174 0.519177 0.471244 0.603564 0.59693 0.584285 0.663582 0.747266 0.64213 0.503661
BD_Bspro
 2.17531 1.27779 0.601489 0.297914 0.132057 0.0952299 0.590645 0.211099 0.137379 0.076372 0.0667816 0.219439 0.257617 0.199297 0.106464 0.127783 0.889806 0.658262 1.77808 1.26162 1.18672 1.58716 1.52934 1.0663 1.61197 1.22835 0.91202 1.14738 1.88314 1.13188 0.534248
BD_Bo
 1.09662 0.644163 0.303224 0.150185 0.066573 0.0480075 0.297757 0.10642 0.0692556 0.0385008 0.0336661 0.110624 0.12987 0.10047 0.0536707 0.0644183 0.448571 0.331844 0.896369 0.636012 0.598252 0.800122 0.770973 0.537544 0.812632 0.619238 0.45977 0.57842 0.949335 0.570607 0.269326
BD_Brms
 5.22751 3.07066 1.44544 0.715917 0.317347 0.228847 1.41938 0.507293 0.330135 0.18353 0.160483 0.527334 0.61908 0.478932 0.255843 0.307076 2.1383 1.58187 4.27291 3.03181 2.85181 3.81411 3.67516 2.56242 3.87374 2.95185 2.19168 2.75728 4.52539 2.72003 1.28385
Sel_flota
 0.606477 0.966977 0.998206 0.999905 0.999995
 0.606477 0.966977 0.998206 0.999905 0.999995
 0.606477 0.966977 0.998206 0.999905 0.999995
 0.606477 0.966977 0.998206 0.999905 0.999995
 0.606477 0.966977 0.998206 0.999905 0.999995
 0.606477 0.966977 0.998206 0.999905 0.999995
 0.606477 0.966977 0.998206 0.999905 0.999995
 0.606477 0.966977 0.998206 0.999905 0.999995
 0.606477 0.966977 0.998206 0.999905 0.999995
 0.606477 0.966977 0.998206 0.999905 0.999995
 0.606477 0.966977 0.998206 0.999905 0.999995
 0.606477 0.966977 0.998206 0.999905 0.999995
 0.606477 0.966977 0.998206 0.999905 0.999995
 0.606477 0.966977 0.998206 0.999905 0.999995
 0.606477 0.966977 0.998206 0.999905 0.999995
 0.606477 0.966977 0.998206 0.999905 0.999995
 0.606477 0.966977 0.998206 0.999905 0.999995
 0.606477 0.966977 0.998206 0.999905 0.999995
 0.606477 0.966977 0.998206 0.999905 0.999995
 0.606477 0.966977 0.998206 0.999905 0.999995
 0.606477 0.966977 0.998206 0.999905 0.999995
 0.606477 0.966977 0.998206 0.999905 0.999995
 0.606477 0.966977 0.998206 0.999905 0.999995
 0.606477 0.966977 0.998206 0.999905 0.999995
 0.606477 0.966977 0.998206 0.999905 0.999995
 0.606477 0.966977 0.998206 0.999905 0.999995
 0.606477 0.966977 0.998206 0.999905 0.999995
 0.606477 0.966977 0.998206 0.999905 0.999995
 0.606477 0.966977 0.998206 0.999905 0.999995
 0.606477 0.966977 0.998206 0.999905 0.999995
 0.606477 0.966977 0.998206 0.999905 0.999995
Sel_reclas
 1 1 1 1 1
 1 1 1 1 1
 1 1 1 1 1
 1 1 1 1 1
 1 1 1 1 1
 1 1 1 1 1
 1 1 1 1 1
 1 1 1 1 1
 1 1 1 1 1
 1 1 1 1 1
 1 1 1 1 1
 1 1 1 1 1
 1 1 1 1 1
 1 1 1 1 1
 1 1 1 1 1
 1 1 1 1 1
 1 1 1 1 1
 1 1 1 1 1
 1 1 1 1 1
 1 1 1 1 1
 1 1 1 1 1
 1 1 1 1 1
 1 1 1 1 1
 1 1 1 1 1
 1 1 1 1 1
 1 1 1 1 1
 1 1 1 1 1
 1 1 1 1 1
 1 1 1 1 1
 1 1 1 1 1
 1 1 1 1 1
Sel_pelaces
 1 1 1 1 1
 1 1 1 1 1
 1 1 1 1 1
 1 1 1 1 1
 1 1 1 1 1
 1 1 1 1 1
 1 1 1 1 1
 1 1 1 1 1
 1 1 1 1 1
 1 1 1 1 1
 1 1 1 1 1
 1 1 1 1 1
 1 1 1 1 1
 1 1 1 1 1
 1 1 1 1 1
 1 1 1 1 1
 1 1 1 1 1
 1 1 1 1 1
 1 1 1 1 1
 1 1 1 1 1
 1 1 1 1 1
 1 1 1 1 1
 1 1 1 1 1
 1 1 1 1 1
 1 1 1 1 1
 1 1 1 1 1
 1 1 1 1 1
 1 1 1 1 1
 1 1 1 1 1
 1 1 1 1 1
 1 1 1 1 1
pf_obs 
 0.8446 0.082 0.0669 0.0065 0
 0.8095 0.147 0.0364 0.0071 0
 0.9664 0.0169 0.016 0.0007 0
 0.9276 0.0648 0.0075 0.0001 0
 0.7033 0.2144 0.0806 0.0017 0
 0.9318 0.0425 0.0243 0.0014 0
 0.5671 0.3108 0.0964 0.0239 0.0018
 0.0768 0.2599 0.5324 0.112 0.0189
 0.490249 0.384438 0.106611 0.0170017 0.00170017
 0.7925 0.1577 0.0466 0.003 0.0002
 0.840416 0.127587 0.0312969 0.00059994 9.999e-05
 0.8084 0.0986 0.0794 0.0134 0.0002
 0.7335 0.1905 0.0724 0.0035 0.0001
 0.4001 0.4547 0.1325 0.0127 0
 0.49795 0.308269 0.164784 0.0264974 0.00249975
 0.9179 0.0499 0.0305 0.0017 0
 0.2467 0.6533 0.0926 0.0074 0
 0.9418 0.0223 0.034 0.0019 0
 0.707729 0.231977 0.0356964 0.0245975 0
 0.517169 0.277429 0.184464 0.0207286 0.00020938
 0.811772 0.124168 0.05621 0.00726502 0.000585176
 0.764997 0.148141 0.077277 0.00933861 0.000247198
 0.163321 0.427699 0.378323 0.0303852 0.000271297
 0.753843 0.0900009 0.118128 0.0371064 0.000921714
 0.721811 0.176058 0.0630433 0.0369309 0.00215725
 0.143369 0.312575 0.442814 0.0836902 0.0175525
 0.692698 0.0596174 0.167031 0.0765114 0.00414204
 0.394062 0.376323 0.152708 0.0712218 0.00568511
 0.125707 0.32114 0.495352 0.0537591 0.00404204
 0.23352 0.215282 0.420074 0.123614 0.00750983
 0.774587 0.0839891 0.0768558 0.0609784 0.00358967
pf_pred 
 0.371533 0.213911 0.372526 0.0420298 9.85004e-07
 0.509483 0.244738 0.0856307 0.143938 0.0162092
 0.553626 0.289688 0.079819 0.0268192 0.0500478
 0.548627 0.310854 0.0925336 0.0244723 0.0235135
 0.656474 0.248623 0.0665428 0.0186963 0.00966447
 0.952607 0.0372869 0.0074128 0.0018903 0.000803515
 0.320171 0.661497 0.0145529 0.00277401 0.00100576
 0.380809 0.30831 0.302958 0.00629355 0.00162947
 0.714712 0.146403 0.0704444 0.0666998 0.00174084
 0.878063 0.103508 0.00974062 0.00441365 0.00427419
 0.870263 0.122504 0.00620218 0.000546045 0.000485229
 0.779028 0.202755 0.0172353 0.000841884 0.000139709
 0.696425 0.264795 0.0357254 0.00289044 0.000164177
 0.66527 0.272735 0.0544037 0.00699503 0.000596541
 0.774617 0.185108 0.0332023 0.00620887 0.000863362
 0.964778 0.0310016 0.00350198 0.000592877 0.000125889
 0.222345 0.762341 0.013549 0.00146496 0.000299963
 0.91787 0.0268964 0.0541859 0.000926749 0.000120469
 0.538595 0.438879 0.00756801 0.0146747 0.000283023
 0.532591 0.313798 0.146406 0.00242404 0.00478048
 0.741734 0.172549 0.0583101 0.0261242 0.00128265
 0.717287 0.235134 0.0321954 0.0104718 0.00491184
 0.192434 0.658563 0.124763 0.0164146 0.00782613
 0.740374 0.0738428 0.152511 0.0278683 0.00540398
 0.561609 0.363187 0.0219464 0.0437347 0.00952284
 0.362801 0.433355 0.169936 0.00990864 0.0239989
 0.751134 0.120738 0.0881176 0.0333655 0.00664448
 0.681789 0.265867 0.0258718 0.0182169 0.00825534
 0.216061 0.609529 0.146554 0.013781 0.0140745
 0.276784 0.224138 0.390973 0.0908668 0.0172387
 0.836968 0.0646833 0.0312729 0.0525695 0.0145065
pobs_RECLAS
 0 0 0 0 0
 0 0 0 0 0
 0 0 0 0 0
 0 0 0 0 0
 0 0 0 0 0
 0 0 0 0 0
 0 0 0 0 0
 0 0 0 0 0
 0 0 0 0 0
 0 0 0 0 0
 0.991045 0.00858322 0.000360255 1.14367e-05 0
 0.934742 0.0480273 0.0164251 0.00080598 0
 0.827803 0.169806 0.00239088 0 0
 0.941827 0.0461693 0.0120037 0 0
 0.791401 0.0380133 0.147996 0.0225897 0
 0.846168 0.0940531 0.0597789 0 0
 0.134021 0.677848 0.182769 0.00536245 0
 0.80878 0.0450904 0.141981 0.00414843 0
 0.846168 0.0940531 0.0597789 0 0
 0.905697 0.0802665 0.012482 0.00150086 5.37128e-05
 0.989698 0.0102097 9.19794e-05 0 0
 0.975433 0.0193895 0.00387452 0.00125025 5.28907e-05
 0.303575 0.632131 0.0575291 0.00676475 0
 0.966965 0.00978017 0.0227588 0.000495775 0
 0.843318 0.132988 0.00938335 0.0141283 0.000182051
 0.564624 0.303363 0.111486 0.0197234 0.00080311
 0.826376 0.0876187 0.0782897 0.00655872 0.00115652
 0.89761 0.0855135 0.0140674 0.00269457 0.000114338
 0.34875 0.467042 0.161289 0.0227151 0.000203297
 0.318654 0.224769 0.449479 0.00709798 0
 0.937255 0.0296025 0.0250945 0.00804832 0
ppred_RECLAS
 0.492947 0.17634 0.297236 0.0334768 7.84485e-07
 0.632529 0.186555 0.0631068 0.105886 0.0119229
 0.671608 0.215702 0.0574592 0.0192714 0.0359593
 0.678507 0.224112 0.0641734 0.0169365 0.0162711
 0.762646 0.173498 0.0447997 0.012563 0.0064934
 0.970655 0.0232557 0.00446857 0.00113743 0.000483444
 0.447036 0.538611 0.0113988 0.00216826 0.000786049
 0.502253 0.251939 0.239554 0.00496766 0.00128606
 0.815247 0.0966808 0.0447184 0.0422515 0.00110262
 0.927818 0.0616668 0.00556396 0.00251542 0.00243565
 0.915401 0.0800269 0.00392139 0.000344639 0.000306226
 0.855118 0.133329 0.0109315 0.000532932 8.84303e-05
 0.792891 0.181467 0.0236252 0.0019078 0.000108352
 0.778651 0.181719 0.034787 0.0044629 0.000380554
 0.855883 0.119183 0.020563 0.00383727 0.000533525
 0.978352 0.0191327 0.00208775 0.000352796 7.49039e-05
 0.316788 0.670193 0.0115214 0.00124351 0.000254594
 0.948741 0.0171642 0.0334492 0.00057107 7.42271e-05
 0.655784 0.327962 0.00546745 0.0105824 0.000204078
 0.652409 0.235939 0.106424 0.00175887 0.00346836
 0.824677 0.118441 0.038717 0.0173152 0.000850064
 0.805868 0.16238 0.0214982 0.00697988 0.00327362
 0.278777 0.591704 0.10848 0.0142472 0.00679215
 0.824685 0.0510507 0.102042 0.0186135 0.00360903
 0.674877 0.270902 0.0158428 0.0315163 0.00686176
 0.480644 0.356904 0.13547 0.00788521 0.0190964
 0.831873 0.0829667 0.0585997 0.0221497 0.00441053
 0.775799 0.188337 0.0177421 0.0124709 0.00565091
 0.308215 0.54175 0.126108 0.0118378 0.0120888
 0.387448 0.194238 0.327829 0.076057 0.0144278
 0.894697 0.0426524 0.019946 0.0334692 0.00923494
pobs_PELACES
 0 0 0 0 0
 0 0 0 0 0
 0 0 0 0 0
 0 0 0 0 0
 0 0 0 0 0
 0 0 0 0 0
 0 0 0 0 0
 0 0 0 0 0
 0 0 0 0 0
 0 0 0 0 0
 0 0 0 0 0
 0 0 0 0 0
 0 0 0 0 0
 0 0 0 0 0
 0 0 0 0 0
 0 0 0 0 0
 0.505614 0.472636 0.0217494 0 0
 0 0 0 0 0
 0.443492 0.261883 0.143347 0.151278 0
 0.227955 0.32914 0.350689 0.0885471 0.00366901
 0.970185 0.0296113 0.000203453 0 0
 0.997202 0.00247181 0.000326279 0 0
 0.445219 0.490057 0.0546422 0.010081 0
 0.90214 0.0892962 0.00764917 0.000914606 0
 0 0 0 0 0
 0.581667 0.319106 0.0959925 0.00289975 0.000334073
 0.762889 0.0836404 0.116647 0.0363945 0.000428098
 0.88444 0.0763242 0.0277011 0.0115352 0
 0.521256 0.241999 0.230069 0.00667565 0
 0.616807 0.101726 0.260614 0.0208532 0
 0.833518 0.0704572 0.0857862 0.0102388 0
ppred_PELACES
 0.501281 0.173752 0.292075 0.0328907 7.70744e-07
 0.647393 0.179498 0.0603953 0.101307 0.0114071
 0.685646 0.206875 0.0548103 0.0183775 0.0342909
 0.711845 0.201694 0.0569917 0.0150302 0.0144392
 0.781636 0.160014 0.0409423 0.0114756 0.00593119
 0.972581 0.021756 0.00415563 0.00105743 0.000449434
 0.48514 0.501669 0.0104773 0.00199154 0.000721958
 0.51252 0.247159 0.234208 0.0048559 0.00125712
 0.839512 0.084564 0.0385648 0.0364093 0.000950123
 0.940169 0.0512454 0.00454491 0.0020528 0.0019876
 0.917919 0.0776571 0.00379447 0.000333432 0.000296267
 0.868332 0.121261 0.00984758 0.000479839 7.96183e-05
 0.809274 0.167296 0.0215891 0.00174254 9.89634e-05
 0.809496 0.156848 0.0295461 0.0037872 0.000322922
 0.874106 0.104354 0.017766 0.00331292 0.000460603
 0.980013 0.0176786 0.00191564 0.000323589 6.87016e-05
 0.327726 0.659518 0.0112888 0.00121813 0.000249394
 0.951181 0.016393 0.0318123 0.000542998 7.05776e-05
 0.669856 0.314638 0.00521691 0.0100945 0.000194666
 0.666826 0.226548 0.101636 0.00167924 0.00331129
 0.831787 0.113796 0.0370422 0.0165624 0.000813096
 0.815087 0.154801 0.0203899 0.00661821 0.00310395
 0.286317 0.585854 0.107067 0.0140592 0.00670247
 0.829927 0.0496304 0.0989068 0.0180386 0.00349754
 0.682475 0.264707 0.0154346 0.0306992 0.0066838
 0.488333 0.351909 0.133227 0.0077536 0.0187775
 0.836986 0.080571 0.0567332 0.0214406 0.0042693
 0.780303 0.184621 0.0173533 0.0121961 0.00552638
 0.313278 0.538022 0.124988 0.0117315 0.0119801
 0.397941 0.191385 0.321855 0.0746564 0.0141619
 0.899625 0.0407668 0.0189806 0.0318417 0.00878576
pobs_pel_tallas
 0 0 0 0 0 0 0 0 0 0 0 0 0 0 0 0 0 0 0 0 0 0 0 0 0 0
 0 0 0 0 0 0 0 0 0 0 0 0 0 0 0 0 0 0 0 0 0 0 0 0 0 0
 0 0 0 0 0 0 0 0 0 0 0 0 0 0 0 0 0 0 0 0 0 0 0 0 0 0
 0 0 0 0 0 0 0 0 0 0 0 0 0 0 0 0 0 0 0 0 0 0 0 0 0 0
 0 0 0 0 0 0 0 0 0 0 0 0 0 0 0 0 0 0 0 0 0 0 0 0 0 0
 0 0 0 0 0 0 0 0 0 0 0 0 0 0 0 0 0 0 0 0 0 0 0 0 0 0
 0 0 0 0 0 0 0 0 0 0 0 0 0 0 0 0 0 0 0 0 0 0 0 0 0 0
 0 0 0 0 0 0 0 0 0 0 0 0 0 0 0 0 0 0 0 0 0 0 0 0 0 0
 0 0 0 0 0 0 0 0 0 0 0 0 0 0 0 0 0 0 0 0 0 0 0 0 0 0
 0 0 0 0 0 0 0 0 0 0 0 0 0 0 0 0 0 0 0 0 0 0 0 0 0 0
 0 0 0 0 0 0 0 0 0 0 0 0 0 0 0 0 0 0 0 0 0 0 0 0 0 0
 0 0 0 0 0 0 0 0 0 0 0 0 0 0 0 0 0 0 0 0 0 0 0 0 0 0
 0.00862536 0 0 0.000197151 0.00414017 0.0128641 0.00837892 0.0270097 0.101434 0.158115 0.152841 0.127902 0.109271 0.109419 0.0830992 0.0579132 0.0238553 0.00714673 0.00463305 0.00128148 0.00103504 0.000492878 0.000147863 0.000147863 4.92878e-05 0
 0 0 0 0 0 0 0 0 0 0 0 0 0 0 0 0 0 0 0 0 0 0 0 0 0 0
 0 0 0 0 0 0 0 0.0054083 0.00873648 0.0413646 0.0450493 0.0745869 0.0622846 0.0627006 0.0613931 0.0827291 0.12552 0.122667 0.0946155 0.0697135 0.0546179 0.0294188 0.0215738 0.0213955 0.0102223 0.00600262
 0 0 0 0 0.00359764 0.0251062 0.0480494 0.140153 0.205849 0.193036 0.1447 0.116669 0.0760912 0.0342217 0.00950174 0.001854 0.000860785 0 0 0 0.000165536 0 0.000143464 0 0 0
 0 0 0 0 0 0 0 0.000145254 0.000435761 0.0275982 0.070085 0.0708112 0.156366 0.174668 0.174014 0.160142 0.0824315 0.0480064 0.0283245 0.00493863 0.00203355 0 0 0 0 0
 0 0 0 0 0 0 0 0 0 0 0 0 0 0 0 0 0 0 0 0 0 0 0 0 0 0
 0 0 1.00437e-05 0.000401748 0.00122533 0.00171747 0.00176769 0.0269171 0.070346 0.194647 0.189555 0.159765 0.064822 0.0314167 0.0384472 0.0292271 0.0345202 0.0313363 0.0194345 0.0106764 0.0143323 0.0359363 0.0279516 0.0138201 0.00172751 0
 0 0.0021121 0.0136068 0.0755702 0.200478 0.177729 0.0527432 0.0373336 0.0318909 0.0142505 0.0149659 0.0166563 0.0217959 0.0798694 0.0677717 0.0528807 0.04013 0.0224614 0.0357745 0.0225083 0.00881397 0.00855152 0.00135912 0.000746735 0 0
 0 0 0 0 5.4009e-05 0.00500934 0.000945158 0.0243581 0.138947 0.33067 0.221406 0.137944 0.0707744 0.0437923 0.0131692 0.00525238 0.0047753 0.00276346 9.45158e-05 9.00151e-06 2.25038e-05 9.00151e-06 4.50075e-06 0 0 0
 0.000866109 0.00284123 0.00948549 0.0512746 0.133035 0.25785 0.225252 0.132002 0.0553304 0.0519788 0.0540692 0.017754 0.00435017 0.00159236 0.00146478 0.000404838 0.000125132 0.000115318 0.000107957 0.000100596 0 0 0 0 0 0
 0 0 0 0 0.00144013 0.00171154 0.00461396 0.0210425 0.0478622 0.0707936 0.0888783 0.103762 0.0637923 0.0337046 0.0602308 0.124433 0.169614 0.0934646 0.0462172 0.0250306 0.0313229 0.00938855 0.002487 0.000210481 0 0
 0 0.00764035 0.051015 0.0998891 0.058973 0.0496711 0.0374665 0.0718981 0.12319 0.153886 0.159021 0.0857701 0.0377988 0.023471 0.0147837 0.00900784 0.00315554 0.000888139 0.00291439 0.00214683 0.00393193 0.00274676 0.000635225 9.99891e-05 0 0
 0 0 0 0 0 0 0 0 0 0 0 0 0 0 0 0 0 0 0 0 0 0 0 0 0 0
 0 0 0 0 0 0 0 0 0 0 0 0 0 0 0 0 0 0 0 0 0 0 0 0 0 0
 0 0 0 0 0 0 0 0 0 0 0 0 0 0 0 0 0 0 0 0 0 0 0 0 0 0
 0 0 0 0 0 0 0 0 0 0 0 0 0 0 0 0 0 0 0 0 0 0 0 0 0 0
 0 0 0 0 0 0 0 0 0 0 0 0 0 0 0 0 0 0 0 0 0 0 0 0 0 0
 0 0 0 0 0 0 0 0 0 0 0 0 0 0 0 0 0 0 0 0 0 0 0 0 0 0
 0 0 0 0 0 0 0 0 0 0 0 0 0 0 0 0 0 0 0 0 0 0 0 0 0 0
ppred_pel_tallas
 1.11772e-16 4.12899e-05 0.000401352 0.00266713 0.0121244 0.0377236 0.0803747 0.117313 0.11733 0.0804588 0.0380071 0.0129488 0.00475689 0.00503051 0.00902957 0.0153748 0.0233363 0.0318279 0.0396824 0.0462292 0.0514368 0.0554294 0.0578712 0.0578872 0.0546445 0.0480736
 1.13879e-16 5.3325e-05 0.000518338 0.00344454 0.0156584 0.0487191 0.103802 0.151505 0.151523 0.103887 0.0490048 0.016485 0.00552432 0.00507525 0.00875868 0.0145345 0.0212743 0.0275123 0.0318323 0.0336922 0.0337657 0.0334205 0.0337302 0.0347951 0.0358091 0.035675
 1.09281e-16 5.64758e-05 0.000548965 0.00364807 0.0165836 0.0515978 0.109935 0.160458 0.160478 0.110033 0.051926 0.0175322 0.00603179 0.00576143 0.00998235 0.0164848 0.0239144 0.0304517 0.0342956 0.0346601 0.0322475 0.0287411 0.0257261 0.0238821 0.0229238 0.0220995
 1.05648e-16 5.86338e-05 0.000569941 0.00378746 0.0172173 0.0535694 0.114136 0.166589 0.166608 0.114231 0.0538894 0.0181421 0.00611144 0.00565145 0.00973375 0.0160637 0.0232881 0.0296128 0.0332494 0.0333825 0.0306368 0.0266 0.0228026 0.0199606 0.0179313 0.016177
 1.03378e-16 6.43824e-05 0.00062582 0.00415879 0.0189053 0.0588214 0.125326 0.18292 0.182935 0.125401 0.0590751 0.0196384 0.00600067 0.00465182 0.0077258 0.0127108 0.0183995 0.02334 0.0260961 0.0260071 0.023564 0.0200378 0.0166723 0.01408 0.012198 0.0106443
 1.00308e-16 8.01103e-05 0.0007787 0.00517474 0.0235236 0.0731907 0.155941 0.2276 0.227602 0.155951 0.0732251 0.0236231 0.00542459 0.00132444 0.00111747 0.00172293 0.00247963 0.00312955 0.00346948 0.00340741 0.00301167 0.00246151 0.00193662 0.00153242 0.00125015 0.00104226
 1.00753e-16 3.99605e-05 0.00038843 0.00258126 0.011734 0.0365092 0.0777885 0.113545 0.113593 0.0780243 0.0373005 0.0140181 0.00830968 0.0128775 0.0237115 0.0390122 0.0559021 0.0696824 0.0755936 0.0714435 0.0589484 0.0426511 0.0273165 0.0157966 0.0085758 0.00465694
 1.07522e-16 4.22157e-05 0.000410351 0.00272693 0.0123962 0.0385695 0.0821772 0.119945 0.119969 0.0822952 0.0389667 0.0135474 0.00563117 0.00679847 0.0123149 0.0206566 0.0305962 0.0402203 0.0475275 0.0514651 0.0523486 0.0512658 0.0490426 0.0457212 0.0409022 0.0344634
 1.04947e-16 6.91495e-05 0.000672158 0.00446672 0.0203051 0.0631767 0.134605 0.196462 0.19647 0.134645 0.0633115 0.0206953 0.00544885 0.00282534 0.00418598 0.00688454 0.0100878 0.0130689 0.0151441 0.0160248 0.015975 0.0155792 0.0153055 0.0152182 0.0150248 0.0143489
 1.00687e-16 7.74405e-05 0.000752749 0.00500228 0.0227397 0.0707515 0.150744 0.220016 0.220021 0.150768 0.0708325 0.0229734 0.00558896 0.00203291 0.0025071 0.00401815 0.00577169 0.00723985 0.00794376 0.0076678 0.00658689 0.00515126 0.00381989 0.00284772 0.00224877 0.00189678
 1.00214e-16 7.56078e-05 0.000734934 0.0048839 0.0222015 0.0690771 0.147176 0.21481 0.214817 0.147213 0.0691997 0.0225553 0.00577143 0.00267047 0.00374577 0.00605768 0.00868322 0.0108437 0.0118016 0.0112182 0.00935443 0.00690294 0.0045869 0.0028344 0.00171332 0.00107134
 1.00377e-16 7.15234e-05 0.000695233 0.00462007 0.0210022 0.0653456 0.139226 0.203207 0.203219 0.139283 0.0655371 0.0215551 0.00600731 0.00372148 0.00581263 0.00947959 0.0136092 0.0170292 0.0185961 0.0177801 0.0149787 0.0112529 0.0077062 0.0049855 0.00318926 0.00209028
 1.00858e-16 6.66588e-05 0.000647948 0.00430584 0.0195737 0.0609012 0.129757 0.189388 0.189404 0.129836 0.0611657 0.0203375 0.00622269 0.00483154 0.00800935 0.0131281 0.0188867 0.0237095 0.0260342 0.0251332 0.0215375 0.0166709 0.0120002 0.0083652 0.00587256 0.00421513
 1.01328e-16 6.66771e-05 0.000648125 0.00430702 0.0195791 0.0609179 0.129793 0.189439 0.189454 0.129867 0.0611662 0.0202963 0.00610769 0.00458061 0.00753983 0.0123712 0.0178416 0.0224904 0.0248708 0.024306 0.0212765 0.0170707 0.0129969 0.00977545 0.00746424 0.00577381
 1.0095e-16 7.1999e-05 0.000699856 0.00465079 0.0211418 0.0657801 0.140152 0.204558 0.204568 0.140201 0.0659452 0.0216188 0.00584822 0.00331455 0.00503977 0.00822291 0.01185 0.0149251 0.016483 0.0160756 0.0140288 0.0112097 0.00849946 0.00638311 0.00489658 0.00383593
 1.00104e-16 8.07224e-05 0.000784651 0.00521428 0.0237034 0.0737499 0.157132 0.229339 0.229341 0.15714 0.0737779 0.023784 0.00541672 0.00122642 0.000919221 0.00139055 0.00199208 0.00249801 0.00273863 0.00263719 0.00225107 0.00173265 0.00123901 0.000860065 0.000606635 0.000444065
 1.00659e-16 2.69945e-05 0.000262396 0.00174372 0.00792673 0.0246633 0.0525502 0.0767118 0.0767752 0.05286 0.0257034 0.0109291 0.00927352 0.0166781 0.0311387 0.0512662 0.0734496 0.0915247 0.0992286 0.0936749 0.0771215 0.0555518 0.0352499 0.0199896 0.0104294 0.00527049
 1.00989e-16 7.83475e-05 0.000761566 0.00506087 0.023006 0.0715802 0.152509 0.222592 0.222594 0.152517 0.0716071 0.0230842 0.00525932 0.00120194 0.000935635 0.00147713 0.00224616 0.0030851 0.00388094 0.00456525 0.00512101 0.00553849 0.00576445 0.00570537 0.0052903 0.00453848
 1.01277e-16 5.51752e-05 0.000536323 0.00356406 0.0162017 0.0504097 0.107404 0.156766 0.156796 0.107552 0.0509059 0.0176343 0.00715715 0.00837034 0.0149049 0.0244792 0.035085 0.0437599 0.0475312 0.045042 0.0373856 0.0274183 0.0181147 0.0112236 0.00698736 0.00471514
 1.0372e-16 5.49256e-05 0.000533896 0.00354793 0.0161284 0.0501815 0.106918 0.156054 0.156076 0.107025 0.050542 0.0171708 0.00616957 0.00627348 0.0110035 0.0182287 0.0265414 0.0339693 0.0385096 0.0391878 0.0365599 0.0321954 0.0276043 0.0234947 0.019805 0.0162245
 1.02897e-16 6.85132e-05 0.000665973 0.00442562 0.0201182 0.0625954 0.133367 0.194655 0.194666 0.13342 0.0627761 0.0206407 0.00573891 0.003539 0.00554301 0.00910309 0.0132198 0.0168642 0.0190351 0.0192732 0.0179143 0.0158169 0.0137917 0.0121921 0.0109113 0.00965983
 1.01818e-16 6.71376e-05 0.000652602 0.00433677 0.0197143 0.0613387 0.130689 0.190748 0.190763 0.130762 0.0615834 0.0204213 0.00611123 0.0045261 0.00742318 0.0121648 0.0175155 0.0220234 0.0242578 0.0235627 0.0204443 0.0162237 0.0122427 0.00923887 0.00725278 0.00593733
 1.05784e-16 2.35837e-05 0.000229242 0.0015234 0.00692517 0.0215471 0.0459104 0.0670194 0.0670759 0.0461865 0.0224743 0.0096036 0.0082483 0.0149153 0.0279309 0.0461791 0.0666142 0.08396 0.0928306 0.0907114 0.0794174 0.0637883 0.0487323 0.0369432 0.0286106 0.0225997
 1.05268e-16 6.836e-05 0.000664483 0.00441572 0.0200732 0.0624553 0.133068 0.194218 0.194222 0.133092 0.0625369 0.0203108 0.00501915 0.0020056 0.00268536 0.00451421 0.00692387 0.00960191 0.0122562 0.0147224 0.0169781 0.0189877 0.0205311 0.0212093 0.0206561 0.0187841
 1.04723e-16 5.62146e-05 0.000546426 0.0036312 0.0165069 0.0513593 0.109427 0.159718 0.159743 0.109552 0.0517773 0.0177141 0.00666045 0.00715593 0.0125995 0.020718 0.0297917 0.037377 0.0410406 0.0397037 0.0343126 0.0272284 0.0208236 0.0163626 0.0138104 0.0123842
 1.0789e-16 4.02234e-05 0.000390986 0.00259824 0.0118112 0.0367493 0.0782996 0.114288 0.114322 0.078466 0.0373085 0.0134281 0.00666302 0.0092852 0.0169927 0.0281872 0.0409698 0.0522896 0.0590344 0.0597307 0.0553425 0.0484572 0.0415694 0.0358527 0.0311494 0.0267747
 1.04531e-16 6.89414e-05 0.000670135 0.00445328 0.020244 0.0629866 0.1342 0.19587 0.195878 0.134238 0.0631156 0.0206177 0.00539511 0.00273886 0.00403543 0.00666131 0.00982281 0.012847 0.0150927 0.0162659 0.0165578 0.0164301 0.0162306 0.0159664 0.0153842 0.0142289
 1.02707e-16 6.42726e-05 0.000624752 0.0041517 0.018873 0.0587211 0.125112 0.182609 0.182626 0.125199 0.0590128 0.0197155 0.006266 0.00523884 0.0088232 0.0144748 0.0208239 0.0261464 0.028738 0.0278288 0.0240508 0.0190181 0.0143659 0.0109853 0.00889866 0.00763189
 1.06949e-16 2.58044e-05 0.000250828 0.00166684 0.00757726 0.0235759 0.0502329 0.0733273 0.0733793 0.0504867 0.0244283 0.0100401 0.0078524 0.0137657 0.0257272 0.0425802 0.0615414 0.0778148 0.0865006 0.0853023 0.0758365 0.0624244 0.0494002 0.0390705 0.0315104 0.0256822
 1.19221e-16 3.27779e-05 0.000318613 0.0021173 0.00962493 0.0299468 0.0638056 0.0931301 0.093149 0.0638983 0.0302596 0.0105344 0.00442354 0.00543102 0.00997112 0.0170322 0.0259374 0.0355663 0.0447295 0.052802 0.0598472 0.0660295 0.0708794 0.073177 0.0716233 0.0657331
 1.05239e-16 7.41009e-05 0.000720288 0.00478656 0.021759 0.0677004 0.144243 0.210528 0.210532 0.144262 0.0677656 0.0219477 0.00526195 0.00176417 0.00207523 0.00336429 0.00496409 0.00651993 0.007741 0.00853714 0.00907886 0.00966233 0.0104738 0.0114375 0.0122498 0.012551
pSPR Fmed_Fpbrs
0.456208   0.25978 0.25978
Fs Fmed_Fpbrs
0.520635   1.005 1.005
SSBpbr Bo_Bmed_Bpbrs
1.55566e+06  631920  326345 326345
Ro
109716
SPR SPRFo_SPRFmed_SPRFpbrs
784242 357777 203730
Fref
1.005
Nvult_r0
 139141 7567.79 3577.8 6007.07 1657.55
CTP_r0
 28581.6 2208.87 1067.94 1795.19 495.383
YTP_r0
391208
Np
 163638 55210.2 2437.36 1132.24 2355.41
Nvult_p0
 130913 47524.7 2108.55 979.76 2038.23
CTP_p0
 49575.6 23422.7 1055.96 491.078 1021.65
YTP_p0
 824294
CBA_c0
521134
log_Ro
11.4256
likeval ReclasPelacesDesembMPH_pf_preclas_ppelaces_ptallas_desvR_qrecl_qpela
 10.9312 39.8334 0.0439766 0.00090585 246.819 116.605 101.867 0 40.1057 7.38183e-06 0 0.0793076 0 0 0
q_reclas_q_pelaces
1.46962 1
M
1
N
 107552 40357.9 68309.1 7695.18 0.180329
 104014 33688.2 11488.7 19285.1 2171.59
 79093.5 27924.6 7499.87 2516.52 4695.79
 50781.4 21160.9 6182.5 1633.46 1569.38
 32023.8 8547.92 2237.98 628.062 324.636
 258808 6880.36 1334.02 339.728 144.399
 44177.1 67097.8 1448.79 275.887 100.022
 14002.2 7455.74 7125.97 147.814 38.2676
 27747.3 4213.91 1991.3 1883.64 49.1598
 49478.5 4441.4 411.3 186.209 180.317
 72073 6621.93 325.881 28.6474 25.4547
 121737 22430.8 1865.87 91.0363 15.1064
 95624.8 25533.9 3368.96 272.25 15.4628
 67686.8 20939.7 4107.65 527.678 44.9987
 54858.7 9645.86 1698.19 317.25 44.1122
 416601 9207.2 1015.39 171.683 36.4521
 44498 101549 1757.23 189.727 38.8451
 651515 12686.5 24881.1 424.936 55.2338
 340280 187138 3145.56 6091.06 117.467
 228727 90930.1 41353.1 683.746 1348.33
 395826 61192.8 20131.2 9006.33 442.159
 515714 113663 15165.6 4925.93 2310.35
 62538.9 140313 25848.2 3395.67 1618.86
 292628 19088.2 38327.7 6993.08 1355.93
 213475 90265.8 5302.75 10551.4 2297.29
 84841.1 65925.2 25121.7 1462.56 3542.06
 254573 26789.9 19010 7187.29 1431.18
 309721 78177.2 7389.49 5195.01 2354.03
 54894.6 99939.9 23334.8 2190.82 2237.28
 33607.5 17942.2 30447.9 7066.06 1340.43
 194351 10005.1 4710.04 7906.28 2181.57
pred_Ctot
 10233.6 5892 10260.9 1157.68 0.0271311
 18227.3 8755.75 3063.52 5149.54 579.902
 13993.6 7322.22 2017.53 677.888 1265.02
 18531.3 10499.9 3125.57 826.615 794.229
 8793.24 3330.21 891.317 250.431 129.452
 49696.1 1945.2 386.715 98.614 41.9182
 16082.4 33227.4 731.002 139.34 50.52
 1636.98 1325.33 1302.32 27.0541 7.00459
 10585.5 2168.36 1043.34 987.884 25.7834
 21547.1 2540.02 239.028 108.308 104.886
 7112.9 1001.26 50.6921 4.46298 3.96591
 34607.6 9007.2 765.661 37.3999 6.20647
 25510.8 9699.73 1308.66 105.88 6.01399
 28251.3 11581.9 2310.3 297.05 25.3327
 20073.2 4796.85 860.396 160.895 22.3729
 91862.9 2951.87 333.447 56.4518 11.9867
 6461.82 22155.3 393.763 42.575 8.71757
 92117.3 2699.32 5438.08 93.0083 12.0903
 60402.5 49219.5 848.738 1645.74 31.7405
 40469.8 23844.4 11124.9 184.194 363.252
 56024.1 13032.9 4404.24 1973.2 96.88
 87002 28520.1 3905.08 1270.16 595.773
 6836.51 23396.5 4432.4 583.153 278.036
 30306.4 3022.67 6242.87 1140.76 221.206
 21975.7 14211.5 858.76 1711.34 372.628
 7692.5 9188.46 3603.16 210.093 508.85
 26985.1 4337.61 3165.7 1198.68 238.708
 24315.3 9481.9 922.692 649.686 294.418
 3907.79 11024.2 2650.64 249.25 254.557
 4122.87 3338.67 5823.8 1353.52 256.782
 28581.6 2208.87 1067.94 1795.19 495.383
F
 0.160828 0.256427 0.264709 0.265159 0.265183
 0.315014 0.502263 0.518484 0.519367 0.519413
 0.318478 0.507786 0.524185 0.525078 0.525125
 0.781842 1.24658 1.28684 1.28903 1.28915
 0.537808 0.857489 0.885182 0.886689 0.886768
 0.349937 0.557945 0.575964 0.576945 0.576996
 0.779222 1.2424 1.28253 1.28471 1.28483
 0.200824 0.320197 0.330538 0.331101 0.331131
 0.83217 1.32682 1.36967 1.37201 1.37213
 1.01115 1.61219 1.66426 1.66709 1.66724
 0.167247 0.266661 0.275273 0.275742 0.275766
 0.561854 0.895829 0.924761 0.926335 0.926418
 0.518785 0.827158 0.853872 0.855326 0.855402
 0.948362 1.51208 1.56092 1.56357 1.56371
 0.784775 1.25126 1.29167 1.29387 1.29398
 0.411592 0.656248 0.677442 0.678595 0.678656
 0.254907 0.406428 0.419554 0.420268 0.420306
 0.247454 0.394545 0.407287 0.40798 0.408017
 0.319678 0.5097 0.526161 0.527057 0.527104
 0.318499 0.507819 0.524219 0.525112 0.525159
 0.247741 0.395003 0.407759 0.408454 0.40849
 0.301673 0.480992 0.496526 0.497372 0.497416
 0.186718 0.297706 0.30732 0.307844 0.307871
 0.176143 0.280845 0.289915 0.290409 0.290435
 0.175002 0.279025 0.288037 0.288527 0.288553
 0.152754 0.243553 0.251419 0.251847 0.25187
 0.18061 0.287967 0.297267 0.297774 0.2978
 0.131104 0.209034 0.215785 0.216152 0.216172
 0.118258 0.188552 0.194642 0.194973 0.194991
 0.211652 0.337461 0.348359 0.348952 0.348983
 0.258518 0.412185 0.425497 0.426221 0.42626
nmprior
 8.19 8.8 8.5 0
nm_flota  nm_reclas  nm_pelaces    nm_pelaL
inf 17.1956 10.6496 21.6539
cv_recla  cv_pelaces  cv_mph
0.29906 0.715643 0.928824
 ------------------------------------------------
Talla a la edad & desviaci?n 
 8 13.2811 15.8009 17.003 17.5766
 0.8 1.32811 1.58009 1.7003 1.75766
