years
 1991 1992 1993 1994 1995 1996 1997 1998 1999 2000 2001 2002 2003 2004 2005 2006 2007 2008 2009 2010 2011 2012 2013 2014 2015 2016 2017 2018 2019 2020 2021
reclasobs
 0 0 0 0 0 0 0 0 0 252601 567819 844713 477998 351125 339783 2.1784e+06 2.13404e+06 4.81314e+06 1.55562e+06 2.62356e+06 3.21686e+06 3.843e+06 1.13348e+06 3.07943e+06 1.97215e+06 2.03268e+06 2.025e+06 2.42433e+06 2.27542e+06 1.05018e+06 2.36338e+06
reclaspred
 2.3884e+06 1.29607e+06 635661 423656 304475 933462 439172 312433 244311 214164 380714 548560 534409 381249 359560 1.2881e+06 1.11447e+06 2.92992e+06 2.37138e+06 1.62538e+06 2.93942e+06 2.42595e+06 1.7555e+06 2.82752e+06 2.04435e+06 1.69229e+06 2.16003e+06 2.51765e+06 1.98605e+06 1.0839e+06 1.54132e+06
pelacesobs
 0 0 0 0 0 0 0 0 0 0 0 0 0 0 0 552880 188675 0 991730 2.46772e+06 1.41603e+06 1.21717e+06 2.29649e+06 1.80582e+06 0 1.4828e+06 1.56532e+06 1.57751e+06 1.42118e+06 867257 1.10002e+06
pelacespred
 1.05753e+06 621375 296511 152008 122082 405086 145910 152538 99567.3 85570.1 172123 210853 228373 165760 161179 503131 438390 1.36191e+06 1.11309e+06 708943 1.26333e+06 1.09685e+06 799239 1.43155e+06 989113 817647 1.19718e+06 1.36841e+06 891566 558379 767292
mphobs
 0 0 0 0 0 0 0 0 0 0 0 498337 0 5186 125008 0 168611 109162 213762 579715 649985 157893 87575 83554 0 0 0 0 0 0 0
mphpred
 2.07194e+06 1.32574e+06 633139 324602 197583 180760 473875 193108 151030 100242 89881.2 257735 292685 233505 135951 167843 840842 689492 1.67179e+06 1.20446e+06 1.17425e+06 1.51638e+06 1.45983e+06 1.08616e+06 1.59941e+06 1.25925e+06 964547 1.12964e+06 1.74965e+06 1.10388e+06 579622
desembarqueobs
 494567 514787 250237 358949 120608 361735 552515 73892 212993 205616 52469 317467 293654 387597 252695 516296 358380 742168 942051 627588 828172 859565 418607 520667 417249 300574 407403 355545 319650 289779 391294
desembarquepred
 494549 514596 249936 358970 120603 361648 552209 73890.4 212956 205579 52469.3 317442 293616 387432 252616 516144 358366 741951 941541 627240 828103 859362 418559 520639 417194 300534 407351 355491 319604 289738 391253
Reclutas
 145705 97927.9 84951.2 69191.9 53488.5 231781 57230.8 19640.7 31856.2 55891.2 94947.3 133040 105746 72325.4 66062.9 453429 61591.6 719248 369021 259447 435554 574408 83836.9 342646 260608 105463 290810 346885 71989.7 46548.5 231100
log_desv_Rt
 0.10934 -0.288013 -0.430168 -0.635361 -0.892778 0.573547 -0.825152 -1.89464 -1.41101 -0.848837 -0.318923 0.0184069 -0.211205 -0.591069 -0.681637 1.24459 -0.751719 1.70596 1.03861 0.686309 1.20437 1.4811 -0.443371 0.964454 0.690772 -0.213888 0.800427 0.97675 -0.595722 -1.03175 0.570606
SSB
 2.07194e+06 1.32574e+06 633139 324602 197583 180760 473875 193108 151030 100242 89881.2 257735 292685 233505 135951 167843 840842 689492 1.67179e+06 1.20446e+06 1.17425e+06 1.51638e+06 1.45983e+06 1.08616e+06 1.59941e+06 1.25925e+06 964547 1.12964e+06 1.74965e+06 1.10388e+06 579622
BT
 2.86414e+06 1.94095e+06 927468 651850 382084 1.24974e+06 818394 418795 436469 391515 440885 748354 791275 782992 625413 1.57492e+06 1.29188e+06 3.80163e+06 3.46671e+06 2.21212e+06 3.58614e+06 3.33357e+06 2.20807e+06 3.78848e+06 2.67368e+06 2.15556e+06 3.18075e+06 3.51362e+06 2.32192e+06 1.58016e+06 2.1484e+06
Ftot
 0.21104 0.396741 0.398748 0.872428 0.435961 0.510998 1.19027 0.260363 0.984544 1.1106 0.184725 0.672146 0.625145 1.13103 0.866895 0.549107 0.333628 0.331007 0.439845 0.425787 0.331266 0.409266 0.245545 0.226988 0.223839 0.190322 0.231431 0.176887 0.161775 0.26908 0.319086
BD_Bspro_t
 0.966991 0.775003 0.568178 0.44226 0.31455 0.355825 0.48619 0.243006 0.258502 0.222951 0.251447 0.566534 0.464932 0.368409 0.248423 0.294855 0.558976 0.498629 0.644834 0.536852 0.48775 0.548915 0.569692 0.537942 0.659537 0.659706 0.653673 0.712122 0.778857 0.692036 0.582338
BD_Bspro
 2.21926 1.42 0.678157 0.347682 0.211631 0.193612 0.507569 0.206838 0.161769 0.107369 0.096272 0.27606 0.313495 0.250108 0.145617 0.179777 0.900628 0.738516 1.79066 1.2901 1.25774 1.6242 1.56363 1.16339 1.71313 1.34878 1.03313 1.20996 1.87406 1.18237 0.620834
BD_Bo
 1.24212 0.794775 0.379565 0.194598 0.11845 0.108365 0.284087 0.115767 0.090542 0.0600945 0.0538835 0.154511 0.175464 0.139986 0.0815021 0.100621 0.504082 0.413348 1.00224 0.722069 0.703958 0.909065 0.875162 0.65115 0.958842 0.754914 0.578243 0.677213 1.04891 0.661772 0.347481
BD_Brms
 6.18267 3.956 1.88929 0.968612 0.589587 0.539387 1.41404 0.576233 0.450673 0.299121 0.268205 0.76908 0.873371 0.69678 0.405677 0.500843 2.50907 2.05744 4.98863 3.5941 3.50396 4.52488 4.35613 3.2411 4.77265 3.75759 2.87821 3.37083 5.22096 3.29397 1.72959
Sel_flota
 0.639494 0.971185 0.998441 0.999918 0.999996
 0.639494 0.971185 0.998441 0.999918 0.999996
 0.639494 0.971185 0.998441 0.999918 0.999996
 0.639494 0.971185 0.998441 0.999918 0.999996
 0.639494 0.971185 0.998441 0.999918 0.999996
 0.639494 0.971185 0.998441 0.999918 0.999996
 0.639494 0.971185 0.998441 0.999918 0.999996
 0.639494 0.971185 0.998441 0.999918 0.999996
 0.639494 0.971185 0.998441 0.999918 0.999996
 0.639494 0.971185 0.998441 0.999918 0.999996
 0.639494 0.971185 0.998441 0.999918 0.999996
 0.639494 0.971185 0.998441 0.999918 0.999996
 0.639494 0.971185 0.998441 0.999918 0.999996
 0.639494 0.971185 0.998441 0.999918 0.999996
 0.639494 0.971185 0.998441 0.999918 0.999996
 0.639494 0.971185 0.998441 0.999918 0.999996
 0.639494 0.971185 0.998441 0.999918 0.999996
 0.639494 0.971185 0.998441 0.999918 0.999996
 0.639494 0.971185 0.998441 0.999918 0.999996
 0.639494 0.971185 0.998441 0.999918 0.999996
 0.639494 0.971185 0.998441 0.999918 0.999996
 0.639494 0.971185 0.998441 0.999918 0.999996
 0.639494 0.971185 0.998441 0.999918 0.999996
 0.639494 0.971185 0.998441 0.999918 0.999996
 0.639494 0.971185 0.998441 0.999918 0.999996
 0.639494 0.971185 0.998441 0.999918 0.999996
 0.639494 0.971185 0.998441 0.999918 0.999996
 0.639494 0.971185 0.998441 0.999918 0.999996
 0.639494 0.971185 0.998441 0.999918 0.999996
 0.639494 0.971185 0.998441 0.999918 0.999996
 0.639494 0.971185 0.998441 0.999918 0.999996
Sel_reclas
 1 1 1 1 1
 1 1 1 1 1
 1 1 1 1 1
 1 1 1 1 1
 1 1 1 1 1
 1 1 1 1 1
 1 1 1 1 1
 1 1 1 1 1
 1 1 1 1 1
 1 1 1 1 1
 1 1 1 1 1
 1 1 1 1 1
 1 1 1 1 1
 1 1 1 1 1
 1 1 1 1 1
 1 1 1 1 1
 1 1 1 1 1
 1 1 1 1 1
 1 1 1 1 1
 1 1 1 1 1
 1 1 1 1 1
 1 1 1 1 1
 1 1 1 1 1
 1 1 1 1 1
 1 1 1 1 1
 1 1 1 1 1
 1 1 1 1 1
 1 1 1 1 1
 1 1 1 1 1
 1 1 1 1 1
 1 1 1 1 1
Sel_pelaces
 1 1 1 1 1
 1 1 1 1 1
 1 1 1 1 1
 1 1 1 1 1
 1 1 1 1 1
 1 1 1 1 1
 1 1 1 1 1
 1 1 1 1 1
 1 1 1 1 1
 1 1 1 1 1
 1 1 1 1 1
 1 1 1 1 1
 1 1 1 1 1
 1 1 1 1 1
 1 1 1 1 1
 1 1 1 1 1
 1 1 1 1 1
 1 1 1 1 1
 1 1 1 1 1
 1 1 1 1 1
 1 1 1 1 1
 1 1 1 1 1
 1 1 1 1 1
 1 1 1 1 1
 1 1 1 1 1
 1 1 1 1 1
 1 1 1 1 1
 1 1 1 1 1
 1 1 1 1 1
 1 1 1 1 1
 1 1 1 1 1
pf_obs 
 0.8446 0.082 0.0669 0.0065 0
 0.8095 0.147 0.0364 0.0071 0
 0.9664 0.0169 0.016 0.0007 0
 0.9276 0.0648 0.0075 0.0001 0
 0.7033 0.2144 0.0806 0.0017 0
 0.9318 0.0425 0.0243 0.0014 0
 0.5671 0.3108 0.0964 0.0239 0.0018
 0.0768 0.2599 0.5324 0.112 0.0189
 0.490249 0.384438 0.106611 0.0170017 0.00170017
 0.7925 0.1577 0.0466 0.003 0.0002
 0.840416 0.127587 0.0312969 0.00059994 9.999e-05
 0.8084 0.0986 0.0794 0.0134 0.0002
 0.7335 0.1905 0.0724 0.0035 0.0001
 0.4001 0.4547 0.1325 0.0127 0
 0.49795 0.308269 0.164784 0.0264974 0.00249975
 0.9179 0.0499 0.0305 0.0017 0
 0.2467 0.6533 0.0926 0.0074 0
 0.9418 0.0223 0.034 0.0019 0
 0.707729 0.231977 0.0356964 0.0245975 0
 0.517169 0.277429 0.184464 0.0207286 0.00020938
 0.811772 0.124168 0.05621 0.00726502 0.000585176
 0.764997 0.148141 0.077277 0.00933861 0.000247198
 0.163321 0.427699 0.378323 0.0303852 0.000271297
 0.753843 0.0900009 0.118128 0.0371064 0.000921714
 0.721811 0.176058 0.0630433 0.0369309 0.00215725
 0.143369 0.312575 0.442814 0.0836902 0.0175525
 0.692698 0.0596174 0.167031 0.0765114 0.00414204
 0.394062 0.376323 0.152708 0.0712218 0.00568511
 0.125707 0.32114 0.495352 0.0537591 0.00404204
 0.23352 0.215282 0.420074 0.123614 0.00750983
 0.774587 0.0839891 0.0768558 0.0609784 0.00358967
pf_pred 
 0.411475 0.186975 0.367367 0.0341818 9.1669e-07
 0.432024 0.297967 0.0875478 0.166951 0.0155097
 0.538691 0.255557 0.109696 0.0311827 0.0648733
 0.57861 0.276764 0.0813388 0.0337702 0.0295164
 0.645869 0.252508 0.0677192 0.0190869 0.0148166
 0.891286 0.0814461 0.0196335 0.00509046 0.0025438
 0.395701 0.563206 0.0310608 0.00722694 0.00280468
 0.431472 0.316929 0.23525 0.0123656 0.00398322
 0.678323 0.175985 0.082332 0.0592495 0.00411067
 0.842649 0.12563 0.0177099 0.0079262 0.00608519
 0.852374 0.134402 0.0106581 0.00143437 0.00113192
 0.734071 0.239145 0.0244495 0.00188237 0.000452509
 0.661359 0.279578 0.053316 0.00524695 0.000500037
 0.615661 0.29572 0.0736383 0.0135264 0.00145508
 0.738562 0.197335 0.0498569 0.0118435 0.00240338
 0.950418 0.0414394 0.0062091 0.00150455 0.000428961
 0.259252 0.718287 0.0188826 0.00272999 0.00084847
 0.906085 0.0335264 0.0586138 0.00149246 0.000282348
 0.530305 0.441423 0.0103011 0.0174433 0.000527266
 0.532801 0.302398 0.155203 0.00350137 0.00609717
 0.728432 0.176751 0.0620951 0.030819 0.00190247
 0.714001 0.232037 0.0355177 0.0120859 0.00635784
 0.219444 0.625717 0.126418 0.018719 0.00970284
 0.729354 0.0826617 0.151602 0.0297132 0.00666922
 0.567796 0.350073 0.0256165 0.0455903 0.0109233
 0.365426 0.42615 0.169806 0.0120586 0.0265599
 0.730747 0.127093 0.0963955 0.0372963 0.00846834
 0.672624 0.265293 0.0297782 0.0219163 0.010388
 0.244197 0.574379 0.147848 0.0161183 0.0174579
 0.306513 0.230415 0.35437 0.0886112 0.0200915
 0.819961 0.0744814 0.0358065 0.0533984 0.0163527
pobs_RECLAS
 0 0 0 0 0
 0 0 0 0 0
 0 0 0 0 0
 0 0 0 0 0
 0 0 0 0 0
 0 0 0 0 0
 0 0 0 0 0
 0 0 0 0 0
 0 0 0 0 0
 0 0 0 0 0
 0.991045 0.00858322 0.000360255 1.14367e-05 0
 0.934742 0.0480273 0.0164251 0.00080598 0
 0.827803 0.169806 0.00239088 0 0
 0.941827 0.0461693 0.0120037 0 0
 0.791401 0.0380133 0.147996 0.0225897 0
 0.846168 0.0940531 0.0597789 0 0
 0.134021 0.677848 0.182769 0.00536245 0
 0.80878 0.0450904 0.141981 0.00414843 0
 0.846168 0.0940531 0.0597789 0 0
 0.905697 0.0802665 0.012482 0.00150086 5.37128e-05
 0.989698 0.0102097 9.19794e-05 0 0
 0.975433 0.0193895 0.00387452 0.00125025 5.28907e-05
 0.303575 0.632131 0.0575291 0.00676475 0
 0.966965 0.00978017 0.0227588 0.000495775 0
 0.843318 0.132988 0.00938335 0.0141283 0.000182051
 0.564624 0.303363 0.111486 0.0197234 0.00080311
 0.826376 0.0876187 0.0782897 0.00655872 0.00115652
 0.89761 0.0855135 0.0140674 0.00269457 0.000114338
 0.34875 0.467042 0.161289 0.0227151 0.000203297
 0.318654 0.224769 0.449479 0.00709798 0
 0.937255 0.0296025 0.0250945 0.00804832 0
ppred_RECLAS
 0.521465 0.154989 0.296041 0.0275038 7.37538e-07
 0.543001 0.243157 0.069409 0.132157 0.0122763
 0.645698 0.198868 0.0829309 0.023538 0.048965
 0.686744 0.207986 0.0592496 0.0245582 0.0214629
 0.739423 0.187368 0.0488108 0.0137361 0.0106621
 0.927471 0.0547401 0.0128139 0.0033171 0.00165749
 0.514323 0.453669 0.0242044 0.00562167 0.00218149
 0.540661 0.259285 0.187073 0.00981833 0.00316243
 0.772921 0.126061 0.0571287 0.0410422 0.0028472
 0.896365 0.083294 0.0113651 0.00507766 0.00389792
 0.898388 0.0927429 0.00715031 0.000960844 0.000758183
 0.81211 0.169475 0.0168127 0.00129233 0.000310641
 0.753509 0.204556 0.0378608 0.00372002 0.00035449
 0.721698 0.215749 0.0519939 0.00953383 0.00102549
 0.817996 0.13843 0.0339024 0.0080401 0.00163142
 0.967615 0.0271985 0.00395672 0.000957257 0.0002729
 0.349836 0.630995 0.0161192 0.0023269 0.000723133
 0.937861 0.0225937 0.0383849 0.000975882 0.000184605
 0.635752 0.342934 0.00777349 0.0131428 0.000397241
 0.639859 0.235487 0.117406 0.00264456 0.00460479
 0.806264 0.127373 0.0434841 0.021549 0.00133012
 0.794595 0.167568 0.0249178 0.00846588 0.00445315
 0.302059 0.562641 0.110496 0.0163367 0.00846732
 0.807867 0.0598537 0.106709 0.0208829 0.00468686
 0.668931 0.269639 0.0191805 0.0340844 0.00816589
 0.470321 0.359016 0.139081 0.00986184 0.0217196
 0.808265 0.09188 0.0677428 0.0261707 0.00594173
 0.759293 0.196121 0.021403 0.0157286 0.00745457
 0.331751 0.511275 0.127959 0.0139291 0.0150856
 0.40838 0.200366 0.299518 0.0747816 0.0169545
 0.876748 0.0518766 0.0242361 0.0360883 0.0110507
pobs_PELACES
 0 0 0 0 0
 0 0 0 0 0
 0 0 0 0 0
 0 0 0 0 0
 0 0 0 0 0
 0 0 0 0 0
 0 0 0 0 0
 0 0 0 0 0
 0 0 0 0 0
 0 0 0 0 0
 0 0 0 0 0
 0 0 0 0 0
 0 0 0 0 0
 0 0 0 0 0
 0 0 0 0 0
 0 0 0 0 0
 0.505614 0.472636 0.0217494 0 0
 0 0 0 0 0
 0.443492 0.261883 0.143347 0.151278 0
 0.227955 0.32914 0.350689 0.0885471 0.00366901
 0.970185 0.0296113 0.000203453 0 0
 0.997202 0.00247181 0.000326279 0 0
 0.445219 0.490057 0.0546422 0.010081 0
 0.90214 0.0892962 0.00764917 0.000914606 0
 0 0 0 0 0
 0.581667 0.319106 0.0959925 0.00289975 0.000334073
 0.762889 0.0836404 0.116647 0.0363945 0.000428098
 0.88444 0.0763242 0.0277011 0.0115352 0
 0.521256 0.241999 0.230069 0.00667565 0
 0.616807 0.101726 0.260614 0.0208532 0
 0.833518 0.0704572 0.0857862 0.0102388 0
ppred_PELACES
 0.527547 0.153217 0.2921 0.0271348 7.27641e-07
 0.554183 0.237618 0.0675863 0.128661 0.0119515
 0.655982 0.193407 0.0803649 0.0228052 0.0474402
 0.70747 0.194749 0.0550451 0.0228058 0.0199309
 0.748723 0.180883 0.0469371 0.0132061 0.0102505
 0.931218 0.0519715 0.01211 0.00313411 0.00156603
 0.546937 0.423506 0.0223545 0.005189 0.00201353
 0.547983 0.255413 0.183848 0.00964786 0.0031075
 0.791941 0.115968 0.0520912 0.0374052 0.00259483
 0.907295 0.0746591 0.0100857 0.0045036 0.00345714
 0.900232 0.0910731 0.00700991 0.000941893 0.000743225
 0.823166 0.159597 0.0157374 0.00120928 0.000290673
 0.766168 0.194236 0.0357492 0.00351147 0.000334612
 0.746304 0.197126 0.047025 0.00861796 0.000926951
 0.831963 0.128048 0.0311162 0.00737624 0.00149668
 0.96947 0.025661 0.00371467 0.000898455 0.000256133
 0.358208 0.622926 0.0158654 0.00228989 0.000711625
 0.940046 0.0218406 0.036995 0.000940394 0.000177891
 0.646881 0.332536 0.00750802 0.0126913 0.000383588
 0.650829 0.228617 0.113545 0.00255707 0.0044524
 0.812023 0.123715 0.0421096 0.0208645 0.00128786
 0.801919 0.161704 0.0239575 0.00813798 0.00428063
 0.307847 0.558216 0.109385 0.0161705 0.00838114
 0.811911 0.0586771 0.104398 0.0204284 0.00458483
 0.674419 0.265271 0.0188318 0.0334612 0.00801654
 0.475653 0.355601 0.137522 0.0097504 0.0214741
 0.812328 0.0900321 0.0662423 0.0255881 0.00580944
 0.762869 0.193266 0.0210579 0.0154737 0.00733371
 0.335765 0.50838 0.127049 0.013829 0.0149771
 0.415908 0.198137 0.29547 0.0737613 0.016723
 0.880654 0.0503192 0.0234411 0.0348991 0.0106865
pobs_pel_tallas
 0 0 0 0 0 0 0 0 0 0 0 0 0 0 0 0 0 0 0 0 0 0 0 0 0 0
 0 0 0 0 0 0 0 0 0 0 0 0 0 0 0 0 0 0 0 0 0 0 0 0 0 0
 0 0 0 0 0 0 0 0 0 0 0 0 0 0 0 0 0 0 0 0 0 0 0 0 0 0
 0 0 0 0 0 0 0 0 0 0 0 0 0 0 0 0 0 0 0 0 0 0 0 0 0 0
 0 0 0 0 0 0 0 0 0 0 0 0 0 0 0 0 0 0 0 0 0 0 0 0 0 0
 0 0 0 0 0 0 0 0 0 0 0 0 0 0 0 0 0 0 0 0 0 0 0 0 0 0
 0 0 0 0 0 0 0 0 0 0 0 0 0 0 0 0 0 0 0 0 0 0 0 0 0 0
 0 0 0 0 0 0 0 0 0 0 0 0 0 0 0 0 0 0 0 0 0 0 0 0 0 0
 0 0 0 0 0 0 0 0 0 0 0 0 0 0 0 0 0 0 0 0 0 0 0 0 0 0
 0 0 0 0 0 0 0 0 0 0 0 0 0 0 0 0 0 0 0 0 0 0 0 0 0 0
 0 0 0 0 0 0 0 0 0 0 0 0 0 0 0 0 0 0 0 0 0 0 0 0 0 0
 0 0 0 0 0 0 0 0 0 0 0 0 0 0 0 0 0 0 0 0 0 0 0 0 0 0
 0.00862536 0 0 0.000197151 0.00414017 0.0128641 0.00837892 0.0270097 0.101434 0.158115 0.152841 0.127902 0.109271 0.109419 0.0830992 0.0579132 0.0238553 0.00714673 0.00463305 0.00128148 0.00103504 0.000492878 0.000147863 0.000147863 4.92878e-05 0
 0 0 0 0 0 0 0 0 0 0 0 0 0 0 0 0 0 0 0 0 0 0 0 0 0 0
 0 0 0 0 0 0 0 0.0054083 0.00873648 0.0413646 0.0450493 0.0745869 0.0622846 0.0627006 0.0613931 0.0827291 0.12552 0.122667 0.0946155 0.0697135 0.0546179 0.0294188 0.0215738 0.0213955 0.0102223 0.00600262
 0 0 0 0 0.00359764 0.0251062 0.0480494 0.140153 0.205849 0.193036 0.1447 0.116669 0.0760912 0.0342217 0.00950174 0.001854 0.000860785 0 0 0 0.000165536 0 0.000143464 0 0 0
 0 0 0 0 0 0 0 0.000145254 0.000435761 0.0275982 0.070085 0.0708112 0.156366 0.174668 0.174014 0.160142 0.0824315 0.0480064 0.0283245 0.00493863 0.00203355 0 0 0 0 0
 0 0 0 0 0 0 0 0 0 0 0 0 0 0 0 0 0 0 0 0 0 0 0 0 0 0
 0 0 1.00437e-05 0.000401748 0.00122533 0.00171747 0.00176769 0.0269171 0.070346 0.194647 0.189555 0.159765 0.064822 0.0314167 0.0384472 0.0292271 0.0345202 0.0313363 0.0194345 0.0106764 0.0143323 0.0359363 0.0279516 0.0138201 0.00172751 0
 0 0.0021121 0.0136068 0.0755702 0.200478 0.177729 0.0527432 0.0373336 0.0318909 0.0142505 0.0149659 0.0166563 0.0217959 0.0798694 0.0677717 0.0528807 0.04013 0.0224614 0.0357745 0.0225083 0.00881397 0.00855152 0.00135912 0.000746735 0 0
 0 0 0 0 5.4009e-05 0.00500934 0.000945158 0.0243581 0.138947 0.33067 0.221406 0.137944 0.0707744 0.0437923 0.0131692 0.00525238 0.0047753 0.00276346 9.45158e-05 9.00151e-06 2.25038e-05 9.00151e-06 4.50075e-06 0 0 0
 0.000866109 0.00284123 0.00948549 0.0512746 0.133035 0.25785 0.225252 0.132002 0.0553304 0.0519788 0.0540692 0.017754 0.00435017 0.00159236 0.00146478 0.000404838 0.000125132 0.000115318 0.000107957 0.000100596 0 0 0 0 0 0
 0 0 0 0 0.00144013 0.00171154 0.00461396 0.0210425 0.0478622 0.0707936 0.0888783 0.103762 0.0637923 0.0337046 0.0602308 0.124433 0.169614 0.0934646 0.0462172 0.0250306 0.0313229 0.00938855 0.002487 0.000210481 0 0
 0 0.00764035 0.051015 0.0998891 0.058973 0.0496711 0.0374665 0.0718981 0.12319 0.153886 0.159021 0.0857701 0.0377988 0.023471 0.0147837 0.00900784 0.00315554 0.000888139 0.00291439 0.00214683 0.00393193 0.00274676 0.000635225 9.99891e-05 0 0
 0 0 0 0 0 0 0 0 0 0 0 0 0 0 0 0 0 0 0 0 0 0 0 0 0 0
 0 0 0 0 0 0 0 0 0 0 0 0 0 0 0 0 0 0 0 0 0 0 0 0 0 0
 0 0 0 0 0 0 0 0 0 0 0 0 0 0 0 0 0 0 0 0 0 0 0 0 0 0
 0 0 0 0 0 0 0 0 0 0 0 0 0 0 0 0 0 0 0 0 0 0 0 0 0 0
 0 0 0 0 0 0 0 0 0 0 0 0 0 0 0 0 0 0 0 0 0 0 0 0 0 0
 0 0 0 0 0 0 0 0 0 0 0 0 0 0 0 0 0 0 0 0 0 0 0 0 0 0
 0 0 0 0 0 0 0 0 0 0 0 0 0 0 0 0 0 0 0 0 0 0 0 0 0 0
ppred_pel_tallas
 1.1119e-16 4.34534e-05 0.000422383 0.00280688 0.0127597 0.0397002 0.084586 0.123459 0.123474 0.0846605 0.0399513 0.0134905 0.00466179 0.00453916 0.00805944 0.0137694 0.0210267 0.0289278 0.0364903 0.0431215 0.0487094 0.0531894 0.0560422 0.0563047 0.0531656 0.0466385
 1.16937e-16 4.56473e-05 0.000443708 0.0029486 0.0134039 0.0417047 0.0888571 0.129694 0.129717 0.0889695 0.0420825 0.0144966 0.00569672 0.00646142 0.0115311 0.0191468 0.0279626 0.0360254 0.0414284 0.0434345 0.0429476 0.0418344 0.0416118 0.0425247 0.0435998 0.0434307
 1.12684e-16 5.40324e-05 0.000525215 0.00349024 0.0158661 0.0493655 0.105179 0.153516 0.153535 0.105271 0.0496734 0.0167566 0.00573051 0.00543229 0.00942288 0.0156244 0.0228193 0.0293819 0.0337069 0.0351088 0.0342233 0.032506 0.0312319 0.0307877 0.0306882 0.0301046
 1.07299e-16 5.82734e-05 0.000566438 0.00376418 0.0171114 0.0532401 0.113434 0.165565 0.165584 0.113526 0.0535492 0.0180048 0.00600924 0.00547636 0.00940981 0.0155355 0.0225456 0.0287236 0.032368 0.0327229 0.0304197 0.027003 0.0239292 0.0218253 0.020452 0.0191764
 1.0446e-16 6.16714e-05 0.000599468 0.00398367 0.0181092 0.0563446 0.120049 0.175218 0.175236 0.120134 0.0566314 0.0189381 0.00606621 0.00515187 0.00872593 0.0143769 0.0208201 0.0264286 0.0295868 0.0295564 0.0269002 0.0230581 0.0194312 0.0166957 0.0147541 0.0131428
 1.00943e-16 7.67032e-05 0.000745583 0.00495466 0.0225232 0.070078 0.149309 0.217921 0.217926 0.149333 0.0701603 0.0227611 0.00555239 0.00205176 0.00256128 0.00412321 0.00595645 0.00754155 0.0084052 0.00833048 0.00747777 0.00626517 0.00510601 0.00421056 0.00356829 0.00306063
 1.01615e-16 4.50506e-05 0.000437908 0.00291005 0.0132287 0.0411596 0.0876964 0.128004 0.128045 0.0878956 0.041828 0.0151585 0.00775117 0.0109961 0.0200677 0.0330277 0.0473926 0.059217 0.0645109 0.0614354 0.0514169 0.0382252 0.0257845 0.0164 0.0104094 0.00695666
 1.06865e-16 4.51367e-05 0.000438745 0.00291562 0.013254 0.0412382 0.0878632 0.128244 0.128269 0.0879848 0.0416469 0.0144372 0.00589666 0.00698244 0.0125781 0.0209963 0.0308757 0.040141 0.04665 0.0493243 0.0486391 0.0460147 0.0426767 0.0389777 0.0346115 0.0292988
 1.05724e-16 6.52312e-05 0.00063407 0.00421362 0.0191545 0.0595968 0.126978 0.18533 0.185341 0.127033 0.0597816 0.0196892 0.00555909 0.00358271 0.00569944 0.00941016 0.0137669 0.0177798 0.020491 0.0214808 0.0210959 0.0201436 0.0193029 0.0187316 0.0181168 0.017022
 1.01347e-16 7.47327e-05 0.000726428 0.00482737 0.0219445 0.0682776 0.145473 0.212324 0.212331 0.145508 0.0683957 0.0222856 0.00568349 0.00259554 0.00362515 0.00587672 0.00846359 0.0106559 0.0117673 0.0114884 0.0100697 0.00815098 0.00637411 0.00508021 0.00426554 0.00373616
 1.00446e-16 7.41509e-05 0.000720773 0.00478979 0.0217737 0.0677461 0.144341 0.210671 0.21068 0.144383 0.0678899 0.022189 0.00583164 0.00299353 0.00438579 0.00712076 0.0102211 0.012791 0.0139718 0.0133685 0.0112832 0.00851582 0.00589635 0.00390753 0.00261555 0.00183872
 1.00666e-16 6.78031e-05 0.00065907 0.00437975 0.0199097 0.0619467 0.131984 0.192638 0.192654 0.13206 0.0621988 0.0206378 0.00620663 0.00464509 0.00763185 0.0124934 0.0179517 0.0224911 0.0246135 0.0236237 0.0200395 0.0152439 0.0106695 0.0071476 0.00479503 0.00331172
 1.01491e-16 6.31083e-05 0.000613435 0.00407649 0.0185312 0.0576574 0.122846 0.179301 0.17932 0.122937 0.0579648 0.0194191 0.00630598 0.00548211 0.00931445 0.0153111 0.0220775 0.0278172 0.0307363 0.0299942 0.0261854 0.0209097 0.0157958 0.0117473 0.00884751 0.00674566
 1.02429e-16 6.14721e-05 0.000597531 0.0039708 0.0180507 0.0561626 0.119661 0.174653 0.174672 0.119754 0.0564749 0.0189533 0.00623778 0.00555114 0.00948322 0.0156166 0.0225745 0.0285623 0.0317858 0.0314046 0.0280066 0.0231629 0.0184425 0.01467 0.0118596 0.00963199
 1.01924e-16 6.85277e-05 0.000666113 0.00442656 0.0201225 0.0626086 0.133395 0.194696 0.194709 0.133455 0.0628116 0.0207089 0.00589955 0.0038851 0.00619203 0.0101546 0.014683 0.018593 0.0207231 0.0205332 0.018409 0.0153698 0.0124264 0.0100988 0.00837536 0.00698974
 1.00248e-16 7.98539e-05 0.000776209 0.00515818 0.0234483 0.0729565 0.155442 0.226872 0.226875 0.155454 0.0729971 0.0235656 0.00545241 0.00141855 0.00129985 0.00202269 0.00290637 0.00365537 0.00402803 0.00391442 0.00339669 0.00269167 0.00202009 0.00150416 0.00115288 0.000913056
 1.00968e-16 2.95052e-05 0.000286801 0.0019059 0.00866397 0.0269571 0.0574373 0.0838439 0.0839039 0.05773 0.0279397 0.0115004 0.00901991 0.0157974 0.02943 0.0484574 0.0694503 0.0865947 0.0939855 0.0889002 0.0734623 0.0532982 0.0343058 0.0200115 0.0110118 0.00607655
 1.01198e-16 7.74304e-05 0.000752651 0.00500163 0.0227367 0.0707423 0.150724 0.219986 0.219989 0.150735 0.0707779 0.0228403 0.00526412 0.00133394 0.00120554 0.00193312 0.00292244 0.00397573 0.00493665 0.00571437 0.00629947 0.00670625 0.00689879 0.00678252 0.00627496 0.00538983
 1.0164e-16 5.32828e-05 0.000517928 0.00344181 0.015646 0.0486807 0.103721 0.15139 0.151422 0.103877 0.0492053 0.0171604 0.00724021 0.00880022 0.0157547 0.0258882 0.0371175 0.0463226 0.0503686 0.0478264 0.0398507 0.0294505 0.0197514 0.0125783 0.00816562 0.00577037
 1.04346e-16 5.3608e-05 0.000521088 0.00346282 0.0157415 0.0489777 0.104353 0.152311 0.152333 0.104461 0.0493418 0.0167947 0.00611246 0.00632473 0.0111325 0.0184666 0.0269369 0.0345766 0.0393845 0.0403822 0.0381091 0.034096 0.029792 0.0258392 0.022133 0.0183629
 1.03558e-16 6.68853e-05 0.000650149 0.00432047 0.0196402 0.0611081 0.130198 0.19003 0.190042 0.130256 0.0613047 0.0202085 0.00574917 0.00377636 0.00602592 0.00991387 0.0144115 0.0184139 0.0208418 0.0212028 0.0198635 0.0177487 0.0157206 0.0141356 0.0128484 0.011523
 1.02274e-16 6.60531e-05 0.000642059 0.00426671 0.0193959 0.0603478 0.128578 0.187667 0.187682 0.128654 0.0606036 0.0201347 0.00612142 0.00469153 0.00775866 0.0127274 0.018341 0.0230936 0.025499 0.0248769 0.0217545 0.0175005 0.0134956 0.0104851 0.0084883 0.00712904
 1.0634e-16 2.5357e-05 0.00024648 0.00163795 0.0074459 0.0231672 0.0493622 0.0720569 0.0721108 0.0496254 0.0240509 0.00999891 0.00804859 0.0142483 0.0266389 0.044055 0.063589 0.0802306 0.088867 0.0871131 0.0766906 0.0621776 0.048195 0.037245 0.0294549 0.0237185
 1.05853e-16 6.68761e-05 0.000650059 0.00431987 0.0196375 0.0610996 0.130179 0.190002 0.190008 0.130208 0.0611957 0.0199169 0.00502877 0.00222266 0.0031272 0.0052568 0.00801699 0.0110262 0.0139205 0.016504 0.0187791 0.0207678 0.0222946 0.022965 0.0223825 0.0204246
 1.05324e-16 5.55511e-05 0.000539976 0.00358833 0.0163121 0.050753 0.108136 0.157832 0.157858 0.10826 0.0511721 0.0175223 0.00662556 0.007168 0.0126373 0.0207902 0.029917 0.0375803 0.0413538 0.0401654 0.0349634 0.0280993 0.0219218 0.0176591 0.0152388 0.0138505
 1.08672e-16 3.9179e-05 0.000380834 0.00253078 0.0115046 0.0357951 0.0762666 0.111321 0.111355 0.0764348 0.0363603 0.0131388 0.00663955 0.00937228 0.01718 0.028508 0.0414552 0.0529501 0.05986 0.060706 0.0564646 0.0497407 0.0430307 0.0374854 0.0329074 0.0285735
 1.05484e-16 6.69104e-05 0.000650393 0.00432209 0.0196476 0.061131 0.130246 0.1901 0.190109 0.130289 0.0612753 0.0200655 0.00537573 0.00296559 0.00450851 0.00746522 0.0110251 0.0144527 0.0170412 0.018468 0.0189454 0.018977 0.0189284 0.0187786 0.0182183 0.0169462
 1.03451e-16 6.28365e-05 0.000610793 0.00405894 0.0184514 0.0574091 0.122317 0.178529 0.178548 0.122408 0.0577146 0.0193337 0.00627361 0.00544491 0.00924247 0.0151779 0.0218552 0.027484 0.030292 0.0294829 0.0257195 0.0206804 0.016051 0.0127276 0.0106956 0.00943022
 1.07718e-16 2.76566e-05 0.000268832 0.00178649 0.00812115 0.0252682 0.0538383 0.0785889 0.0786379 0.0540782 0.0260739 0.0104494 0.00763489 0.0130496 0.0243407 0.0403005 0.0582941 0.0738108 0.082245 0.0814413 0.07292 0.060726 0.0488886 0.0395084 0.0325888 0.0271123
 1.18805e-16 3.42579e-05 0.000332999 0.00221289 0.0100595 0.031299 0.0666865 0.0973349 0.0973545 0.0667821 0.0316215 0.0109967 0.00458684 0.00558659 0.0102214 0.0173936 0.0263422 0.0358362 0.0445858 0.0519385 0.0580477 0.0632774 0.0673994 0.0693843 0.068 0.0626853
 1.05998e-16 7.25383e-05 0.000705098 0.00468563 0.0213002 0.0662728 0.141201 0.206089 0.206093 0.141225 0.0663532 0.0215329 0.00527199 0.00199232 0.00253903 0.00414213 0.00610557 0.00800071 0.00946127 0.0103664 0.0109188 0.0114835 0.0123016 0.0133041 0.0141506 0.0144309
pSPR Fmed_Fpbrs
0.530735   0.250904 0.250904
Fs Fmed_Fpbrs
0.396378   1.005 1.005
SSBpbr Bo_Bmed_Bpbrs
1.66807e+06  801897  335121 335121
Ro
130614
SPR SPRFo_SPRFmed_SPRFpbrs
933618 495503 234248
Fref
1.005
Nvult_r0
 161776 10526.7 4955.17 7381.41 2260.34
CTP_r0
 27416.4 2490.38 1197.23 1785.44 546.772
YTP_r0
391253
Np
 193343 69324.5 3890.46 1809.69 3414.37
Nvult_p0
 155940 59714.9 3365.75 1565.97 2954.59
CTP_p0
 61010.2 29495.4 1685.76 784.907 1480.98
YTP_p0
 1.04718e+06
CBA_c0
588033
log_Ro
11.6
likeval ReclasPelacesDesembMPH_pf_preclas_ppelaces_ptallas_desvR_qrecl_qpela
 13.3801 24.8221 0.016483 0.00228215 242.658 117.109 100.15 0 34.6666 0 0 0.0363725 0 0 0
q_reclas_q_pelaces
1 1
M
1
N
 145705 44848.9 85911.5 7982.87 0.21407
 97927.9 46834.8 13441.4 25600.4 2378.1
 84951.2 27952.8 11720.2 3327.49 6922.14
 69191.9 24217.6 6981.47 2895.6 2530.72
 53488.5 14570.1 3818.25 1074.86 834.33
 231781 14889.7 3509.85 908.927 454.181
 57230.8 61498.4 3334.75 775.203 300.832
 19640.7 9834.76 7120.94 373.807 120.403
 31856.2 6117.21 2809.66 2019.97 140.136
 55891.2 6244.01 864.963 386.762 296.915
 94947.3 10106.6 781.163 104.985 82.8425
 133040 31037.3 3107.4 238.972 57.444
 105746 31843 5944.18 584.316 55.6823
 72325.4 26082.4 6383.31 1171.45 126.011
 66062.9 12908.5 3198.94 759.129 154.041
 453429 13960.5 2046.17 495.235 141.187
 61591.6 117412 3013.04 435.057 135.205
 719248 18305 31239.2 794.408 150.278
 369021 214118 4882.73 8258.01 249.602
 259447 102470 51385.6 1157.83 2016.07
 435554 72694.5 24929.6 12357.2 762.76
 574408 129642 19385.9 6588.38 3465.62
 83836.9 162653 32050.2 4739.43 2456.47
 342646 26360 47141.2 9227.05 2070.89
 260608 109021 7778.8 13825.5 3312.32
 105463 83085.8 32270.5 2288.54 5040.29
 290810 34351.6 25407.3 9817.12 2228.88
 346885 92265.7 10093.4 7418.41 3515.98
 71989.7 113963 28585 3112.03 3370.42
 46548.5 23880.6 35829.2 8947.37 2028.56
 231100 14417.2 6764.86 10075.4 3085.28
pred_Ctot
 11756.7 5342.29 10496.5 976.65 0.0261918
 14160.8 9766.73 2869.63 5472.31 508.373
 12340.2 5854.23 2512.88 714.324 1486.1
 19560.9 9356.5 2749.8 1141.66 997.854
 8415.06 3289.94 882.317 248.684 193.046
 41939.8 3832.48 923.863 239.534 119.7
 20484.4 29155.7 1607.94 374.119 145.191
 1930.28 1417.85 1052.44 55.3202 17.8198
 9895.44 2567.29 1201.07 864.338 59.9668
 19013.4 2834.7 399.605 178.846 137.306
 6752.09 1064.67 84.4284 11.3624 8.96656
 30421.7 9910.75 1013.25 78.0099 18.7531
 22751.9 9618 1834.17 180.504 17.2022
 24938.1 11978.5 2982.81 547.902 58.9397
 18582.5 4965.03 1254.42 297.988 60.4701
 87327.6 3807.59 570.513 138.243 39.4144
 7611.41 21088.3 554.376 80.15 24.9103
 88244.8 3265.18 5708.48 145.352 27.4982
 58515.6 48708 1136.65 1924.75 58.1803
 39967.8 22684.2 11642.4 262.653 457.376
 53476.6 12975.9 4558.61 2262.53 139.667
 85411.8 27757.3 4248.78 1445.77 760.551
 7800.43 22242 4493.68 665.391 344.9
 29613.8 3356.29 6155.44 1206.44 270.789
 22229.2 13705.3 1002.88 1784.85 427.647
 7715.82 8997.99 3585.39 254.613 560.803
 25596.2 4451.73 3376.48 1306.39 296.624
 23670.2 9335.89 1047.92 771.252 365.563
 4510.46 10609.1 2730.84 297.715 322.458
 4717.27 3546.11 5453.79 1363.74 309.211
 27416.4 2490.38 1197.23 1785.44 546.772
F
 0.134959 0.204958 0.210711 0.211022 0.211039
 0.253713 0.385308 0.396122 0.396708 0.396739
 0.254997 0.387258 0.398126 0.398715 0.398746
 0.557913 0.847289 0.871068 0.872356 0.872424
 0.278795 0.423399 0.435282 0.435926 0.43596
 0.32678 0.496274 0.510202 0.510956 0.510996
 0.76117 1.15597 1.18841 1.19017 1.19026
 0.1665 0.25286 0.259957 0.260341 0.260361
 0.62961 0.956174 0.983009 0.984463 0.98454
 0.71022 1.07859 1.10887 1.11051 1.11059
 0.118131 0.179402 0.184437 0.18471 0.184724
 0.429834 0.652778 0.671098 0.672091 0.672144
 0.399777 0.607132 0.624171 0.625094 0.625143
 0.723289 1.09844 1.12927 1.13094 1.13103
 0.554374 0.841915 0.865543 0.866824 0.866891
 0.351151 0.533284 0.548251 0.549062 0.549105
 0.213353 0.324014 0.333107 0.3336 0.333626
 0.211677 0.321469 0.330491 0.330979 0.331005
 0.281278 0.427171 0.439159 0.439809 0.439843
 0.272288 0.413518 0.425123 0.425752 0.425785
 0.211843 0.321721 0.33075 0.331239 0.331265
 0.261723 0.397473 0.408628 0.409233 0.409265
 0.157025 0.23847 0.245162 0.245525 0.245544
 0.145157 0.220447 0.226634 0.226969 0.226987
 0.143143 0.217389 0.22349 0.22382 0.223838
 0.12171 0.184838 0.190025 0.190306 0.190321
 0.147999 0.224762 0.23107 0.231412 0.23143
 0.113118 0.17179 0.176611 0.176872 0.176886
 0.103454 0.157114 0.161523 0.161762 0.161775
 0.172075 0.261327 0.268661 0.269058 0.269079
 0.204053 0.309891 0.318588 0.319059 0.319084
nmprior
 8.19 8.8 8.5 0
nm_flota  nm_reclas  nm_pelaces    nm_pelaL
inf 15.1354 12.3685 26.3034
cv_recla  cv_pelaces  cv_mph
0.330868 0.564926 1.47427
 ------------------------------------------------
Talla a la edad & desviaci?n 
 8 13.2811 15.8009 17.003 17.5766
 0.8 1.32811 1.58009 1.7003 1.75766
