years
 1991 1992 1993 1994 1995 1996 1997 1998 1999 2000 2001 2002 2003 2004 2005 2006 2007 2008 2009 2010 2011 2012 2013 2014 2015 2016 2017 2018 2019 2020 2021
reclasobs
 0 0 0 0 0 0 0 0 0 252601 567819 844713 477998 351125 339783 2.1784e+06 2.13404e+06 4.81314e+06 1.55562e+06 2.62356e+06 3.21686e+06 3.843e+06 1.13348e+06 3.07943e+06 1.97215e+06 2.03268e+06 2.025e+06 2.42433e+06 2.27542e+06 1.05018e+06 2.36338e+06
reclaspred
 1.5805e+06 1.16433e+06 558845 316035 232371 503867 339113 222106 217757 152007 230859 404486 471626 339570 350947 813565 1.24891e+06 1.77565e+06 1.67619e+06 1.10297e+06 2.01898e+06 2.09366e+06 1.95543e+06 2.23906e+06 1.81347e+06 1.35439e+06 1.51922e+06 1.83814e+06 2.01278e+06 1.0182e+06 1.14928e+06
pelacesobs
 0 0 0 0 0 0 0 0 0 0 0 0 0 0 0 552880 188675 0 991730 2.46772e+06 1.41603e+06 1.21717e+06 2.29649e+06 1.80582e+06 0 1.4828e+06 1.56532e+06 1.57751e+06 1.42118e+06 867257 1.10002e+06
pelacespred
 644160 520277 260733 118252 92752.4 216034 108999 100271 93186.3 55923 107080 153765 203171 147659 167824 329768 504804 774974 792457 496316 854799 967411 894032 1.11426e+06 930834 660397 842405 1.0192e+06 913348 537650 582660
mphobs
 0 0 0 0 0 0 0 0 0 0 0 498337 0 5186 125008 0 168611 109162 213762 579715 649985 157893 87575 83554 0 0 0 0 0 0 0
mphpred
 1.15758e+06 1.26361e+06 636021 281074 214926 146277 434988 171616 131985 162719 73061 271755 312500 316713 187058 294094 922107 1.02381e+06 1.35122e+06 1.17232e+06 897872 1.65237e+06 1.78905e+06 1.36635e+06 1.81918e+06 1.28073e+06 849980 1.25073e+06 1.89307e+06 1.16661e+06 583905
desembarqueobs
 494567 514787 250237 358949 120608 361735 552515 73892 212993 205616 52469 317467 293654 387597 252695 516296 358380 742168 942051 627588 828172 859565 418607 520667 417249 300574 407403 355545 319650 289779 391294
desembarquepred
 494363 515092 249824 356622 120635 360971 551743 73862.7 212743 205594 52506.1 317341 292447 387382 252806 515937 358655 740990 942890 627128 825111 860209 418741 519406 416544 300625 407996 356516 320550 290417 390879
Reclutas
 340070 53295.1 47201 98011.2 28709.6 230157 54631.6 16255.5 51017.1 28446.2 107091 133624 139837 71026.3 95699.2 444926 138781 488117 466579 153746 547297 673247 92342.6 356229 225163 75688.1 351051 361962 61468.4 40333.1 288456
log_desv_Rt
 0.956906 -0.896401 -1.01783 -0.287163 -1.51501 0.566519 -0.871632 -2.08381 -0.940083 -1.52423 -0.198563 0.0227861 0.0682327 -0.609195 -0.311035 1.22566 0.0606551 1.31831 1.27318 0.163056 1.43275 1.63987 -0.346739 1.00333 0.544579 -0.545623 0.988688 1.0193 -0.753722 -1.17507 0.792298
SSB
 1.15758e+06 1.26361e+06 636021 281074 214926 146277 434988 171616 131985 162719 73061 271755 312500 316713 187058 294094 922107 1.02381e+06 1.35122e+06 1.17232e+06 897872 1.65237e+06 1.78905e+06 1.36635e+06 1.81918e+06 1.28073e+06 849980 1.25073e+06 1.89307e+06 1.16661e+06 583905
BT
 2.2399e+06 1.73754e+06 872830 690078 343980 1.20346e+06 773762 362843 545539 357456 463567 771454 947008 883360 885142 1.71384e+06 1.6988e+06 3.27988e+06 3.44891e+06 1.91022e+06 3.80178e+06 3.74462e+06 2.63937e+06 4.2255e+06 2.84053e+06 2.00825e+06 3.46099e+06 3.75573e+06 2.46021e+06 1.62648e+06 2.50961e+06
Ftot
 0.293443 0.408346 0.412564 0.986558 0.476659 0.659601 1.33204 0.310961 0.876903 1.14781 0.21565 0.70905 0.568503 0.996267 0.659856 0.586291 0.26958 0.388998 0.517558 0.520094 0.381715 0.382624 0.201967 0.219181 0.216506 0.20927 0.253438 0.183815 0.150844 0.267283 0.319676
BD_Bspro_t
 0.954134 0.759348 0.539368 0.381861 0.327322 0.310541 0.464675 0.22501 0.239636 0.30918 0.220039 0.59443 0.493068 0.443158 0.311894 0.413357 0.587844 0.593703 0.607984 0.537095 0.432412 0.57423 0.619601 0.595101 0.688981 0.669277 0.637388 0.736248 0.794792 0.705621 0.588224
BD_Bspro
 1.23988 1.35346 0.681243 0.301059 0.230208 0.156678 0.465917 0.183818 0.141369 0.174289 0.0782558 0.291078 0.334719 0.339232 0.200358 0.315005 0.987671 1.0966 1.44729 1.25567 0.961713 1.76986 1.91626 1.4635 1.94852 1.37179 0.910415 1.33966 2.02767 1.24956 0.625422
BD_Bo
 0.71167 0.776861 0.391021 0.172802 0.132135 0.0899299 0.267427 0.105508 0.0811433 0.100039 0.0449174 0.167073 0.192123 0.194713 0.115002 0.180807 0.566904 0.629428 0.830719 0.720731 0.552005 1.01587 1.0999 0.840024 1.11842 0.787382 0.522561 0.768942 1.16385 0.717222 0.35898
BD_Brms
 3.02103 3.29776 1.65988 0.733542 0.56091 0.381751 1.13522 0.447881 0.344452 0.424662 0.190673 0.709222 0.815556 0.826552 0.48818 0.767522 2.4065 2.67191 3.52638 3.05949 2.34325 4.31233 4.66903 3.56588 4.74765 3.34242 2.21826 3.26414 4.9405 3.04459 1.52386
Sel_flota
 0.5 1 1 1 1
 0.5 1 1 1 1
 0.5 1 1 1 1
 0.5 1 1 1 1
 0.5 1 1 1 1
 0.5 1 1 1 1
 0.5 1 1 1 1
 0.5 1 1 1 1
 0.5 1 1 1 1
 0.5 1 1 1 1
 0.5 1 1 1 1
 0.5 1 1 1 1
 0.5 1 1 1 1
 0.5 1 1 1 1
 0.5 1 1 1 1
 0.5 1 1 1 1
 0.5 1 1 1 1
 0.5 1 1 1 1
 0.5 1 1 1 1
 0.5 1 1 1 1
 0.5 1 1 1 1
 0.5 1 1 1 1
 0.5 1 1 1 1
 0.5 1 1 1 1
 0.5 1 1 1 1
 0.5 1 1 1 1
 0.5 1 1 1 1
 0.5 1 1 1 1
 0.5 1 1 1 1
 0.5 1 1 1 1
 0.5 1 1 1 1
Sel_reclas
 0.5 1 1 1 1
 0.5 1 1 1 1
 0.5 1 1 1 1
 0.5 1 1 1 1
 0.5 1 1 1 1
 0.5 1 1 1 1
 0.5 1 1 1 1
 0.5 1 1 1 1
 0.5 1 1 1 1
 0.5 1 1 1 1
 0.5 1 1 1 1
 0.5 1 1 1 1
 0.5 1 1 1 1
 0.5 1 1 1 1
 0.5 1 1 1 1
 0.5 1 1 1 1
 0.5 1 1 1 1
 0.5 1 1 1 1
 0.5 1 1 1 1
 0.5 1 1 1 1
 0.5 1 1 1 1
 0.5 1 1 1 1
 0.5 1 1 1 1
 0.5 1 1 1 1
 0.5 1 1 1 1
 0.5 1 1 1 1
 0.5 1 1 1 1
 0.5 1 1 1 1
 0.5 1 1 1 1
 0.5 1 1 1 1
 0.5 1 1 1 1
Sel_pelaces
 0.5 1 1 1 1
 0.5 1 1 1 1
 0.5 1 1 1 1
 0.5 1 1 1 1
 0.5 1 1 1 1
 0.5 1 1 1 1
 0.5 1 1 1 1
 0.5 1 1 1 1
 0.5 1 1 1 1
 0.5 1 1 1 1
 0.5 1 1 1 1
 0.5 1 1 1 1
 0.5 1 1 1 1
 0.5 1 1 1 1
 0.5 1 1 1 1
 0.5 1 1 1 1
 0.5 1 1 1 1
 0.5 1 1 1 1
 0.5 1 1 1 1
 0.5 1 1 1 1
 0.5 1 1 1 1
 0.5 1 1 1 1
 0.5 1 1 1 1
 0.5 1 1 1 1
 0.5 1 1 1 1
 0.5 1 1 1 1
 0.5 1 1 1 1
 0.5 1 1 1 1
 0.5 1 1 1 1
 0.5 1 1 1 1
 0.5 1 1 1 1
pf_obs 
 0.8446 0.082 0.0669 0.0065 0
 0.8095 0.147 0.0364 0.0071 0
 0.9664 0.0169 0.016 0.0007 0
 0.9276 0.0648 0.0075 0.0001 0
 0.7033 0.2144 0.0806 0.0017 0
 0.9318 0.0425 0.0243 0.0014 0
 0.5671 0.3108 0.0964 0.0239 0.0018
 0.0768 0.2599 0.5324 0.112 0.0189
 0.490249 0.384438 0.106611 0.0170017 0.00170017
 0.7925 0.1577 0.0466 0.003 0.0002
 0.840416 0.127587 0.0312969 0.00059994 9.999e-05
 0.8084 0.0986 0.0794 0.0134 0.0002
 0.7335 0.1905 0.0724 0.0035 0.0001
 0.4001 0.4547 0.1325 0.0127 0
 0.49795 0.308269 0.164784 0.0264974 0.00249975
 0.9179 0.0499 0.0305 0.0017 0
 0.2467 0.6533 0.0926 0.0074 0
 0.9418 0.0223 0.034 0.0019 0
 0.707729 0.231977 0.0356964 0.0245975 0
 0.517169 0.277429 0.184464 0.0207286 0.00020938
 0.811772 0.124168 0.05621 0.00726502 0.000585176
 0.764997 0.148141 0.077277 0.00933861 0.000247198
 0.163321 0.427699 0.378323 0.0303852 0.000271297
 0.753843 0.0900009 0.118128 0.0371064 0.000921714
 0.721811 0.176058 0.0630433 0.0369309 0.00215725
 0.143369 0.312575 0.442814 0.0836902 0.0175525
 0.692698 0.0596174 0.167031 0.0765114 0.00414204
 0.394062 0.376323 0.152708 0.0712218 0.00568511
 0.125707 0.32114 0.495352 0.0537591 0.00404204
 0.23352 0.215282 0.420074 0.123614 0.00750983
 0.774587 0.0839891 0.0768558 0.0609784 0.00358967
pf_pred 
 0.664605 0.21201 0.0779941 0.0286924 0.0166983
 0.17841 0.667369 0.0974866 0.0358633 0.0208716
 0.345419 0.215704 0.356495 0.0520754 0.0303067
 0.693103 0.167141 0.0460537 0.0761132 0.0175889
 0.381184 0.532721 0.0468885 0.0129196 0.0262865
 0.902053 0.0575509 0.0347755 0.00306083 0.00255933
 0.35073 0.621758 0.0161656 0.00976819 0.00157866
 0.343931 0.410588 0.235079 0.00611202 0.0042901
 0.758059 0.129463 0.0703917 0.0403021 0.00178335
 0.562121 0.390632 0.0252823 0.0137465 0.00821867
 0.882062 0.0929569 0.0222854 0.00144234 0.0012531
 0.670162 0.310377 0.0153389 0.00367732 0.000444777
 0.653888 0.28907 0.0536763 0.00265269 0.000712872
 0.473289 0.430949 0.0799793 0.014851 0.000931176
 0.708594 0.207432 0.0687067 0.0127512 0.00251617
 0.893891 0.0908795 0.0108408 0.00359073 0.000797898
 0.363742 0.606222 0.0257253 0.0030687 0.00124229
 0.765768 0.129633 0.0996612 0.00422917 0.000708715
 0.605663 0.347137 0.0261219 0.0200825 0.00099502
 0.334291 0.520959 0.127424 0.00958862 0.00773695
 0.785394 0.116057 0.0771213 0.0188635 0.00256483
 0.660525 0.302632 0.019924 0.0132398 0.0036787
 0.160628 0.683019 0.139384 0.00917643 0.00779217
 0.636645 0.104995 0.210235 0.0429027 0.00522297
 0.441428 0.440738 0.0340493 0.0681779 0.0156069
 0.250037 0.470717 0.220338 0.0170222 0.0418865
 0.753534 0.102299 0.0904873 0.0423562 0.0113242
 0.589144 0.356762 0.0224525 0.0198602 0.0117818
 0.164004 0.628474 0.180199 0.0113407 0.0159822
 0.227921 0.224598 0.411578 0.118009 0.0178934
 0.822039 0.0694154 0.0315759 0.0578633 0.0191064
pobs_RECLAS
 0 0 0 0 0
 0 0 0 0 0
 0 0 0 0 0
 0 0 0 0 0
 0 0 0 0 0
 0 0 0 0 0
 0 0 0 0 0
 0 0 0 0 0
 0 0 0 0 0
 0 0 0 0 0
 0.991045 0.00858322 0.000360255 1.14367e-05 0
 0.934742 0.0480273 0.0164251 0.00080598 0
 0.827803 0.169806 0.00239088 0 0
 0.941827 0.0461693 0.0120037 0 0
 0.791401 0.0380133 0.147996 0.0225897 0
 0.846168 0.0940531 0.0597789 0 0
 0.134021 0.677848 0.182769 0.00536245 0
 0.80878 0.0450904 0.141981 0.00414843 0
 0.846168 0.0940531 0.0597789 0 0
 0.905697 0.0802665 0.012482 0.00150086 5.37128e-05
 0.989698 0.0102097 9.19794e-05 0 0
 0.975433 0.0193895 0.00387452 0.00125025 5.28907e-05
 0.303575 0.632131 0.0575291 0.00676475 0
 0.966965 0.00978017 0.0227588 0.000495775 0
 0.843318 0.132988 0.00938335 0.0141283 0.000182051
 0.564624 0.303363 0.111486 0.0197234 0.00080311
 0.826376 0.0876187 0.0782897 0.00655872 0.00115652
 0.89761 0.0855135 0.0140674 0.00269457 0.000114338
 0.34875 0.467042 0.161289 0.0227151 0.000203297
 0.318654 0.224769 0.449479 0.00709798 0
 0.937255 0.0296025 0.0250945 0.00804832 0
ppred_RECLAS
 0.667843 0.209963 0.0772412 0.0284155 0.0165371
 0.1816 0.664777 0.0971081 0.0357241 0.0207906
 0.350385 0.214068 0.35379 0.0516803 0.0300768
 0.707395 0.159357 0.0439091 0.0725687 0.0167698
 0.387374 0.527393 0.0464194 0.0127904 0.0260236
 0.905498 0.055527 0.0335525 0.00295319 0.00246933
 0.374775 0.598731 0.015567 0.00940643 0.0015202
 0.347456 0.408382 0.233815 0.00607918 0.00426704
 0.768524 0.123864 0.0673472 0.038559 0.00170622
 0.582715 0.37226 0.0240932 0.0130999 0.00783213
 0.88312 0.092123 0.0220854 0.0014294 0.00124186
 0.679718 0.301385 0.0148945 0.00357079 0.000431891
 0.661247 0.282924 0.052535 0.00259629 0.000697714
 0.490522 0.41685 0.0773626 0.0143651 0.00090071
 0.716709 0.201655 0.0667933 0.0123961 0.0024461
 0.897073 0.0881541 0.0105156 0.00348305 0.00077397
 0.366799 0.603309 0.0256017 0.00305395 0.00123632
 0.769403 0.127621 0.0981148 0.00416355 0.000697718
 0.61257 0.341057 0.0256644 0.0197307 0.000977592
 0.340818 0.515852 0.126175 0.00949461 0.00766109
 0.788731 0.114252 0.0759221 0.0185702 0.00252494
 0.664989 0.298653 0.019662 0.0130657 0.00363033
 0.161911 0.681976 0.139171 0.00916241 0.00778027
 0.639047 0.104301 0.208845 0.042619 0.00518844
 0.443958 0.438741 0.0338951 0.0678691 0.0155362
 0.251892 0.469552 0.219793 0.0169801 0.0417828
 0.755807 0.101355 0.0896527 0.0419655 0.0112197
 0.591207 0.35497 0.0223398 0.0197605 0.0117226
 0.164946 0.627766 0.179996 0.0113279 0.0159642
 0.230227 0.223927 0.410349 0.117657 0.0178399
 0.824383 0.0685013 0.0311601 0.0571013 0.0188548
pobs_PELACES
 0 0 0 0 0
 0 0 0 0 0
 0 0 0 0 0
 0 0 0 0 0
 0 0 0 0 0
 0 0 0 0 0
 0 0 0 0 0
 0 0 0 0 0
 0 0 0 0 0
 0 0 0 0 0
 0 0 0 0 0
 0 0 0 0 0
 0 0 0 0 0
 0 0 0 0 0
 0 0 0 0 0
 0 0 0 0 0
 0.505614 0.472636 0.0217494 0 0
 0 0 0 0 0
 0.443492 0.261883 0.143347 0.151278 0
 0.227955 0.32914 0.350689 0.0885471 0.00366901
 0.970185 0.0296113 0.000203453 0 0
 0.997202 0.00247181 0.000326279 0 0
 0.445219 0.490057 0.0546422 0.010081 0
 0.90214 0.0892962 0.00764917 0.000914606 0
 0 0 0 0 0
 0.581667 0.319106 0.0959925 0.00289975 0.000334073
 0.762889 0.0836404 0.116647 0.0363945 0.000428098
 0.88444 0.0763242 0.0277011 0.0115352 0
 0.521256 0.241999 0.230069 0.00667565 0
 0.616807 0.101726 0.260614 0.0208532 0
 0.833518 0.0704572 0.0857862 0.0102388 0
ppred_PELACES
 0.678495 0.20323 0.0747642 0.0275042 0.0160068
 0.191829 0.656468 0.0958943 0.0352776 0.0205307
 0.366033 0.208911 0.345268 0.0504355 0.0293523
 0.739919 0.141644 0.0390285 0.0645025 0.0149058
 0.406196 0.51119 0.0449933 0.0123974 0.025224
 0.914409 0.0502911 0.0303887 0.00267472 0.00223648
 0.427515 0.548226 0.0142538 0.00861296 0.00139196
 0.359179 0.401046 0.229615 0.00596997 0.00419039
 0.793259 0.110628 0.0601505 0.0344386 0.00152389
 0.627923 0.331929 0.021483 0.0116807 0.00698361
 0.886743 0.0892674 0.0214008 0.0013851 0.00120336
 0.704635 0.277938 0.0137357 0.00329299 0.000398291
 0.681931 0.265649 0.0493272 0.00243776 0.000655112
 0.531575 0.383261 0.0711289 0.0132076 0.000828133
 0.738285 0.186297 0.0617063 0.011452 0.0022598
 0.905668 0.0807925 0.00963751 0.00319218 0.000709337
 0.37719 0.593408 0.0251816 0.00300384 0.00121603
 0.780593 0.121428 0.0933535 0.0039615 0.000663859
 0.632632 0.323396 0.0243354 0.018709 0.00092697
 0.360352 0.500565 0.122436 0.00921324 0.00743406
 0.799035 0.108679 0.0722191 0.0176645 0.00240179
 0.678904 0.286248 0.0188453 0.012523 0.00347954
 0.166484 0.678254 0.138412 0.00911241 0.00773782
 0.647346 0.101903 0.204043 0.0416391 0.00506914
 0.452794 0.43177 0.0333565 0.0667906 0.0152893
 0.258454 0.465433 0.217865 0.0168312 0.0414163
 0.763442 0.0981859 0.0868495 0.0406534 0.0108689
 0.598517 0.348623 0.0219403 0.0194071 0.011513
 0.168403 0.625167 0.17925 0.011281 0.0158981
 0.238136 0.221626 0.406133 0.116448 0.0176566
 0.831889 0.0655734 0.0298282 0.0546606 0.0180489
pobs_pel_tallas
 0 0 0 0 0 0 0 0 0 0 0 0 0 0 0 0 0 0 0 0 0 0 0 0 0 0
 0 0 0 0 0 0 0 0 0 0 0 0 0 0 0 0 0 0 0 0 0 0 0 0 0 0
 0 0 0 0 0 0 0 0 0 0 0 0 0 0 0 0 0 0 0 0 0 0 0 0 0 0
 0 0 0 0 0 0 0 0 0 0 0 0 0 0 0 0 0 0 0 0 0 0 0 0 0 0
 0 0 0 0 0 0 0 0 0 0 0 0 0 0 0 0 0 0 0 0 0 0 0 0 0 0
 0 0 0 0 0 0 0 0 0 0 0 0 0 0 0 0 0 0 0 0 0 0 0 0 0 0
 0 0 0 0 0 0 0 0 0 0 0 0 0 0 0 0 0 0 0 0 0 0 0 0 0 0
 0 0 0 0 0 0 0 0 0 0 0 0 0 0 0 0 0 0 0 0 0 0 0 0 0 0
 0 0 0 0 0 0 0 0 0 0 0 0 0 0 0 0 0 0 0 0 0 0 0 0 0 0
 0 0 0 0 0 0 0 0 0 0 0 0 0 0 0 0 0 0 0 0 0 0 0 0 0 0
 0 0 0 0 0 0 0 0 0 0 0 0 0 0 0 0 0 0 0 0 0 0 0 0 0 0
 0 0 0 0 0 0 0 0 0 0 0 0 0 0 0 0 0 0 0 0 0 0 0 0 0 0
 0.00862536 0 0 0.000197151 0.00414017 0.0128641 0.00837892 0.0270097 0.101434 0.158115 0.152841 0.127902 0.109271 0.109419 0.0830992 0.0579132 0.0238553 0.00714673 0.00463305 0.00128148 0.00103504 0.000492878 0.000147863 0.000147863 4.92878e-05 0
 0 0 0 0 0 0 0 0 0 0 0 0 0 0 0 0 0 0 0 0 0 0 0 0 0 0
 0 0 0 0 0 0 0 0.0054083 0.00873648 0.0413646 0.0450493 0.0745869 0.0622846 0.0627006 0.0613931 0.0827291 0.12552 0.122667 0.0946155 0.0697135 0.0546179 0.0294188 0.0215738 0.0213955 0.0102223 0.00600262
 0 0 0 0 0.00359764 0.0251062 0.0480494 0.140153 0.205849 0.193036 0.1447 0.116669 0.0760912 0.0342217 0.00950174 0.001854 0.000860785 0 0 0 0.000165536 0 0.000143464 0 0 0
 0 0 0 0 0 0 0 0.000145254 0.000435761 0.0275982 0.070085 0.0708112 0.156366 0.174668 0.174014 0.160142 0.0824315 0.0480064 0.0283245 0.00493863 0.00203355 0 0 0 0 0
 0 0 0 0 0 0 0 0 0 0 0 0 0 0 0 0 0 0 0 0 0 0 0 0 0 0
 0 0 1.00437e-05 0.000401748 0.00122533 0.00171747 0.00176769 0.0269171 0.070346 0.194647 0.189555 0.159765 0.064822 0.0314167 0.0384472 0.0292271 0.0345202 0.0313363 0.0194345 0.0106764 0.0143323 0.0359363 0.0279516 0.0138201 0.00172751 0
 0 0.0021121 0.0136068 0.0755702 0.200478 0.177729 0.0527432 0.0373336 0.0318909 0.0142505 0.0149659 0.0166563 0.0217959 0.0798694 0.0677717 0.0528807 0.04013 0.0224614 0.0357745 0.0225083 0.00881397 0.00855152 0.00135912 0.000746735 0 0
 0 0 0 0 5.4009e-05 0.00500934 0.000945158 0.0243581 0.138947 0.33067 0.221406 0.137944 0.0707744 0.0437923 0.0131692 0.00525238 0.0047753 0.00276346 9.45158e-05 9.00151e-06 2.25038e-05 9.00151e-06 4.50075e-06 0 0 0
 0.000866109 0.00284123 0.00948549 0.0512746 0.133035 0.25785 0.225252 0.132002 0.0553304 0.0519788 0.0540692 0.017754 0.00435017 0.00159236 0.00146478 0.000404838 0.000125132 0.000115318 0.000107957 0.000100596 0 0 0 0 0 0
 0 0 0 0 0.00144013 0.00171154 0.00461396 0.0210425 0.0478622 0.0707936 0.0888783 0.103762 0.0637923 0.0337046 0.0602308 0.124433 0.169614 0.0934646 0.0462172 0.0250306 0.0313229 0.00938855 0.002487 0.000210481 0 0
 0 0.00764035 0.051015 0.0998891 0.058973 0.0496711 0.0374665 0.0718981 0.12319 0.153886 0.159021 0.0857701 0.0377988 0.023471 0.0147837 0.00900784 0.00315554 0.000888139 0.00291439 0.00214683 0.00393193 0.00274676 0.000635225 9.99891e-05 0 0
 0 0 0 0 0 0 0 0 0 0 0 0 0 0 0 0 0 0 0 0 0 0 0 0 0 0
 0 0 0 0 0 0 0 0 0 0 0 0 0 0 0 0 0 0 0 0 0 0 0 0 0 0
 0 0 0 0 0 0 0 0 0 0 0 0 0 0 0 0 0 0 0 0 0 0 0 0 0 0
 0 0 0 0 0 0 0 0 0 0 0 0 0 0 0 0 0 0 0 0 0 0 0 0 0 0
 0 0 0 0 0 0 0 0 0 0 0 0 0 0 0 0 0 0 0 0 0 0 0 0 0 0
 0 0 0 0 0 0 0 0 0 0 0 0 0 0 0 0 0 0 0 0 0 0 0 0 0 0
 0 0 0 0 0 0 0 0 0 0 0 0 0 0 0 0 0 0 0 0 0 0 0 0 0 0
ppred_pel_tallas
 1.07677e-16 5.58868e-05 0.000543239 0.00361002 0.0164106 0.0510596 0.108789 0.158784 0.158804 0.108885 0.0513827 0.0173448 0.00595911 0.00568491 0.0098612 0.016321 0.0237595 0.0304207 0.0345536 0.0353674 0.0334746 0.0303914 0.0275138 0.0253894 0.0237259 0.0219085
 1.09948e-16 1.58009e-05 0.00015359 0.00102066 0.00463982 0.0144366 0.0307609 0.0449097 0.044973 0.0310702 0.0154749 0.00763914 0.00855008 0.0165929 0.031245 0.0516515 0.0744603 0.0937641 0.103551 0.101073 0.0884837 0.0713538 0.0552912 0.0433073 0.0354465 0.0301355
 1.20043e-16 3.01497e-05 0.000293065 0.00194752 0.00885317 0.0275456 0.0586896 0.0856635 0.0856842 0.0587907 0.0278866 0.00984455 0.00446066 0.00586098 0.0108446 0.0185082 0.0281262 0.038443 0.0481171 0.0564318 0.063454 0.0694174 0.0739281 0.0758183 0.0738305 0.0675305
 1.10154e-16 6.09462e-05 0.000592419 0.00393683 0.0178963 0.055682 0.118637 0.173157 0.173171 0.118704 0.0559071 0.0185472 0.00557383 0.00417615 0.00689819 0.0113931 0.0166177 0.0213708 0.0245021 0.025564 0.0250976 0.0242356 0.0239211 0.0243509 0.0249897 0.0250181
 1.06942e-16 3.34579e-05 0.000325223 0.00216122 0.00982463 0.0305683 0.0651309 0.0950708 0.09512 0.0653714 0.0313759 0.0121566 0.00801288 0.0130935 0.0242654 0.0400187 0.0575455 0.0721652 0.0791389 0.0763133 0.0654344 0.0510045 0.0376246 0.0278678 0.0219011 0.0184759
 1.01537e-16 7.53187e-05 0.000732124 0.00486522 0.0221166 0.068813 0.146614 0.213988 0.213993 0.146637 0.0688933 0.022349 0.00545028 0.00201515 0.00252909 0.00410638 0.00601166 0.00777539 0.00896745 0.00938018 0.00912611 0.00851719 0.00783104 0.00716177 0.00644805 0.00560451
 1.01651e-16 3.52139e-05 0.000342292 0.00227465 0.0103403 0.0321727 0.0685493 0.100061 0.100114 0.068807 0.0330375 0.0128368 0.00853634 0.0139952 0.0259165 0.0426635 0.0611603 0.0762927 0.082877 0.0785332 0.0651419 0.0476553 0.0312453 0.0189749 0.0113136 0.00712396
 1.08037e-16 2.95851e-05 0.000287578 0.00191106 0.00868743 0.02703 0.0575917 0.084065 0.0841039 0.057782 0.0276697 0.0105384 0.00656991 0.0104994 0.0195445 0.0325778 0.0476518 0.061421 0.0704198 0.0729295 0.0698181 0.0636113 0.0566467 0.0498758 0.043047 0.0356909
 1.05476e-16 6.53397e-05 0.000635125 0.00422063 0.0191864 0.059696 0.127189 0.185638 0.185649 0.127242 0.0598726 0.0196975 0.0055077 0.00345816 0.00546637 0.00903839 0.0132625 0.017208 0.0199725 0.0211517 0.0210471 0.0203745 0.0197159 0.0191705 0.0184276 0.0171071
 1.03059e-16 5.17213e-05 0.000502749 0.00334095 0.0151875 0.0472541 0.100681 0.146953 0.146985 0.100837 0.0477781 0.0167008 0.00713766 0.00878506 0.015764 0.0259345 0.0372513 0.046632 0.0509776 0.0488754 0.0414599 0.0316763 0.0225545 0.0158193 0.0116328 0.00922697
 1.00984e-16 7.30399e-05 0.000709974 0.00471803 0.0214475 0.0667311 0.142178 0.207515 0.207523 0.14222 0.0668725 0.0218561 0.00574446 0.00295271 0.00433828 0.0070716 0.0102146 0.0129162 0.014358 0.0141557 0.0125732 0.0103225 0.00811992 0.00634978 0.00503211 0.00400696
 1.00866e-16 5.80399e-05 0.000564169 0.0037491 0.0170429 0.0530269 0.11298 0.164904 0.164931 0.113111 0.0534655 0.0183093 0.00692583 0.00749217 0.0131955 0.0216701 0.031087 0.0388312 0.0422793 0.0402221 0.0335952 0.0248759 0.0166459 0.0104271 0.00645024 0.00416095
 1.01847e-16 5.61698e-05 0.000545991 0.0036283 0.0164937 0.0513183 0.10934 0.15959 0.159616 0.109465 0.0517387 0.0177082 0.00667741 0.00720447 0.0127082 0.0209363 0.0301893 0.0380321 0.0420098 0.040968 0.0357158 0.0284389 0.021368 0.0157491 0.011711 0.00879091
 1.03616e-16 4.37852e-05 0.000425607 0.00282831 0.0128571 0.0400035 0.085233 0.124408 0.124445 0.0854137 0.0406101 0.0146095 0.00722826 0.0100347 0.0183049 0.0302223 0.043601 0.0549701 0.0608075 0.0594687 0.052136 0.041964 0.0321463 0.0244275 0.0189216 0.01489
 1.0336e-16 6.08116e-05 0.00059111 0.00392814 0.0178567 0.0555591 0.118375 0.172776 0.172794 0.118463 0.0558548 0.0187118 0.00607711 0.0052914 0.00901403 0.014875 0.0215834 0.0274783 0.0308975 0.0310583 0.0284846 0.024577 0.0206959 0.0174972 0.0149151 0.0125849
 1.0074e-16 7.45987e-05 0.000725126 0.00481872 0.0219052 0.0681553 0.145212 0.211943 0.211951 0.14525 0.068283 0.022274 0.0057444 0.00274549 0.00391048 0.00634374 0.00912418 0.0114593 0.0125966 0.0121908 0.0105057 0.0082343 0.00608409 0.00445026 0.00336441 0.00265362
 1.01386e-16 3.10688e-05 0.000302 0.0020069 0.00912309 0.0283856 0.0604807 0.0882853 0.0883424 0.0607597 0.029322 0.0118263 0.00878751 0.0150882 0.028066 0.0462265 0.0662985 0.0827608 0.0900051 0.0854419 0.071073 0.0522083 0.034398 0.0209362 0.0123551 0.00748966
 1.03235e-16 6.42965e-05 0.000624985 0.00415324 0.01888 0.0587429 0.125158 0.182675 0.182687 0.125216 0.0589374 0.0194432 0.0055725 0.00374173 0.00603755 0.0100197 0.0147522 0.0192231 0.0224176 0.0238203 0.0236399 0.0225203 0.0210065 0.0192372 0.0170613 0.0143682
 1.02819e-16 5.21091e-05 0.000506519 0.003366 0.0153014 0.0476084 0.101436 0.148055 0.148086 0.101588 0.0481192 0.0167762 0.00706669 0.00858047 0.0153725 0.0252964 0.0363555 0.0455546 0.0498831 0.047967 0.040901 0.0315272 0.0227566 0.0162275 0.0120716 0.00954451
 1.05844e-16 2.96818e-05 0.000288518 0.00191731 0.00871582 0.0271184 0.0577804 0.0843423 0.0843907 0.0580166 0.0279116 0.0110078 0.00767405 0.0128676 0.0239549 0.0396461 0.0573183 0.0725096 0.0806608 0.0796235 0.0708754 0.0583988 0.0461904 0.0363807 0.0290605 0.0233204
 1.0429e-16 6.58155e-05 0.00063975 0.00425136 0.0193261 0.0601307 0.128115 0.18699 0.187001 0.128167 0.0603045 0.0198293 0.00551899 0.00342202 0.00539406 0.00892907 0.0131274 0.0170768 0.0198813 0.0211126 0.0210118 0.0202165 0.0192532 0.0182288 0.0169198 0.0150871
 1.02462e-16 5.59205e-05 0.000543567 0.00361219 0.0164205 0.0510905 0.108855 0.158882 0.15891 0.108989 0.0515425 0.0177256 0.0068866 0.00768663 0.0136074 0.0223698 0.0321327 0.0402299 0.043989 0.0421911 0.0358114 0.0273839 0.0195131 0.013679 0.0100183 0.0078738
 1.06391e-16 1.37132e-05 0.000133297 0.000885809 0.0040268 0.0125292 0.0266972 0.0389791 0.0390445 0.027017 0.013603 0.0071291 0.00867584 0.0171483 0.0323552 0.0535368 0.0772772 0.0974956 0.107965 0.105761 0.0929381 0.0750264 0.0576312 0.043826 0.0338466 0.0264576
 1.10948e-16 5.33211e-05 0.0005183 0.00344429 0.0156572 0.0487155 0.103794 0.151492 0.151502 0.103844 0.0488831 0.0161451 0.00468392 0.00327386 0.00543182 0.0092753 0.0142443 0.0197726 0.0252719 0.0304103 0.0351414 0.0393842 0.0426683 0.0441504 0.0430545 0.0391881
 1.10359e-16 3.72961e-05 0.000362532 0.00240915 0.0109517 0.034075 0.0726019 0.105973 0.106015 0.0728051 0.0347573 0.0129223 0.00735494 0.0111573 0.0205341 0.0338806 0.048797 0.061382 0.0677207 0.0660992 0.0580807 0.0474838 0.0380822 0.0317841 0.028357 0.0263761
 1.15103e-16 2.12886e-05 0.000206933 0.00137515 0.00625124 0.0194502 0.0414423 0.0604958 0.0605409 0.0416628 0.0201913 0.00839482 0.00676757 0.0120176 0.0225663 0.0375724 0.0548227 0.0704089 0.0803182 0.0826564 0.0786527 0.0715504 0.0643566 0.0582925 0.0528833 0.0471018
 1.08448e-16 6.28837e-05 0.000611252 0.00406199 0.0184652 0.0574522 0.122408 0.17866 0.17867 0.122455 0.0576101 0.0189231 0.00521768 0.00315543 0.00495781 0.00826353 0.0122931 0.0163005 0.0195683 0.0217831 0.0231742 0.0242265 0.0252097 0.0259312 0.0258897 0.0246484
 1.04617e-16 4.92991e-05 0.000479205 0.00318449 0.0144762 0.0450411 0.0959661 0.140072 0.140106 0.0961301 0.0455916 0.0160658 0.00717282 0.00918015 0.0165579 0.0272546 0.0391643 0.0490663 0.0537253 0.0516821 0.044152 0.0342396 0.0251128 0.0185345 0.014596 0.0123997
 1.09155e-16 1.38713e-05 0.000134834 0.000896022 0.00407322 0.0126736 0.0270047 0.0394269 0.0394873 0.0272999 0.0136651 0.00693874 0.00809548 0.0158731 0.0299674 0.0496854 0.0719547 0.0912759 0.102005 0.101477 0.0914897 0.0768974 0.0625177 0.0508386 0.041863 0.0344451
 1.26443e-16 1.9615e-05 0.000190665 0.00126703 0.00575976 0.0179209 0.0381831 0.055734 0.055756 0.0382908 0.0182843 0.00681751 0.00395245 0.00615374 0.0116414 0.0199933 0.0306274 0.0423621 0.0539284 0.0646711 0.0746374 0.083854 0.09148 0.095738 0.0948015 0.0879355
 1.09414e-16 6.85216e-05 0.000666054 0.00442617 0.0201207 0.062603 0.133383 0.194677 0.194684 0.133414 0.0627079 0.0204243 0.00519111 0.00234607 0.00329014 0.00541567 0.0080044 0.0105337 0.0125508 0.013927 0.0149536 0.0161179 0.0177152 0.0195968 0.0212248 0.0219593
pSPR Fmed_Fpbrs
0.547293   0.285572 0.285572
Fs Fmed_Fpbrs
0.410927   1.005 1.005
SSBpbr Bo_Bmed_Bpbrs
1.62656e+06  808880  383174 383174
Ro
130614
SPR SPRFo_SPRFmed_SPRFpbrs
933618 510963 266615
Fref
1.005
Nvult_r0
 198014 9512.62 4327.13 7929.53 2618.32
CTP_r0
 27288.5 2304.32 1048.2 1920.83 634.258
YTP_r0
390879
Np
 200589 90441.6 3468.96 1577.97 3664.37
Nvult_p0
 155943 78262.7 3001.83 1365.48 3170.93
CTP_p0
 52154.1 39229 1504.66 684.445 1589.42
YTP_p0
 1.13398e+06
CBA_c0
613809
log_Ro
11.6
likeval ReclasPelacesDesembMPH_pf_preclas_ppelaces_ptallas_desvR_qrecl_qpela
 35.956 40.8092 0.615959 0.00258803 252.375 134.942 107.561 0 41.9764 0 0 0.0555056 0 0 0
q_reclas_q_pelaces
1 1
M
1
N
 340070 57526.4 21162.8 7785.36 4530.9
 53295.1 108032 15780.9 5805.48 3378.65
 47201 15985.3 26419 3859.18 2245.95
 98011.2 14127.6 3892.71 6433.5 1486.71
 28709.6 22016.7 1937.84 533.951 1086.39
 230157 8321.99 5028.61 442.603 370.085
 54631.6 60883.5 1582.97 956.517 154.585
 16255.5 10325.2 5911.62 153.701 107.885
 51017.1 5118.96 2783.28 1593.54 70.5134
 28446.2 12106.1 783.526 426.018 254.706
 107091 5895.03 1413.27 91.4688 79.4677
 133624 35369.7 1747.98 419.058 50.6856
 139837 34484.4 6403.26 316.45 85.0413
 71026.3 38715 7185.06 1334.16 83.6535
 95699.2 15877.7 5259.1 976.028 192.598
 444926 25312.1 3019.41 1000.1 222.233
 138781 122090 5180.96 618.022 250.192
 488117 44616.8 34301.3 1455.59 243.924
 466579 147829 11124.1 8552.16 423.731
 153746 132509 32411 2438.92 1967.93
 547297 43608.6 28978.5 7088.02 963.74
 673247 166357 10952.2 7277.89 2022.18
 92342.6 204548 41742.1 2748.12 2333.57
 356229 30708 61487.5 12547.8 1527.57
 225163 117446 9073.35 18167.8 4158.87
 75688.1 74334.2 34795.1 2688.1 6614.59
 351051 25077.9 22182.4 10383.4 2776.06
 361962 113774 7160.28 6333.57 3757.3
 61468.4 121466 34827.2 2191.82 3088.9
 40333.1 20970.2 38428.1 11018.3 1670.66
 288456 12981.6 5905.11 10821.2 3573.15
pred_Ctot
 29688.9 9470.8 3484.11 1281.73 745.939
 6326.04 23663.5 3456.68 1271.64 740.065
 5655.77 3531.86 5837.11 852.663 496.23
 25103.5 6053.66 1668.02 2756.74 637.052
 3923.8 5483.69 482.657 132.991 270.586
 41981.2 2678.39 1618.44 142.45 119.11
 17712.3 31399.5 816.384 493.305 79.7243
 1498.52 1788.96 1024.25 26.6304 18.6922
 11860.4 2025.55 1101.33 630.556 27.9018
 8222.97 5714.35 369.842 201.09 120.227
 6980.67 735.665 176.367 11.4148 9.91709
 25948.2 12017.6 593.912 142.384 17.2215
 22382 9894.61 1837.29 90.7992 24.4009
 18337.1 16696.7 3098.71 575.386 36.0774
 17461.6 5111.67 1693.11 314.222 62.005
 73184.1 7440.43 887.548 293.978 65.325
 11184.9 18641 791.039 94.3608 38.1998
 55408.8 9379.86 7211.21 306.011 51.2806
 68678 39362.9 2962.04 2277.21 112.828
 22730 35422.4 8664.17 651.975 526.071
 61052.9 9021.71 5995.05 1466.36 199.378
 75268.2 34485.5 2270.38 1508.7 419.195
 5653.21 24038.5 4905.54 322.959 274.241
 23583.7 3889.41 7787.88 1589.28 193.478
 14732.8 14709.8 1136.41 2275.46 520.884
 4793.98 9025.09 4224.55 326.369 803.093
 26685.9 3622.84 3204.55 1500.02 401.04
 20243 12258.4 771.471 682.398 404.824
 2840.24 10884 3120.69 196.399 276.781
 3224.39 3177.37 5822.57 1669.47 253.136
 27288.5 2304.32 1048.2 1920.83 634.258
F
 0.146722 0.293443 0.293443 0.293443 0.293443
 0.204173 0.408346 0.408346 0.408346 0.408346
 0.206282 0.412564 0.412564 0.412564 0.412564
 0.493279 0.986558 0.986558 0.986558 0.986558
 0.238329 0.476659 0.476659 0.476659 0.476659
 0.3298 0.659601 0.659601 0.659601 0.659601
 0.666022 1.33204 1.33204 1.33204 1.33204
 0.15548 0.310961 0.310961 0.310961 0.310961
 0.438452 0.876903 0.876903 0.876903 0.876903
 0.573903 1.14781 1.14781 1.14781 1.14781
 0.107825 0.21565 0.21565 0.21565 0.21565
 0.354525 0.70905 0.70905 0.70905 0.70905
 0.284251 0.568503 0.568503 0.568503 0.568503
 0.498134 0.996267 0.996267 0.996267 0.996267
 0.329928 0.659856 0.659856 0.659856 0.659856
 0.293145 0.586291 0.586291 0.586291 0.586291
 0.13479 0.26958 0.26958 0.26958 0.26958
 0.194499 0.388998 0.388998 0.388998 0.388998
 0.258779 0.517558 0.517558 0.517558 0.517558
 0.260047 0.520094 0.520094 0.520094 0.520094
 0.190857 0.381715 0.381715 0.381715 0.381715
 0.191312 0.382624 0.382624 0.382624 0.382624
 0.100984 0.201967 0.201967 0.201967 0.201967
 0.10959 0.219181 0.219181 0.219181 0.219181
 0.108253 0.216506 0.216506 0.216506 0.216506
 0.104635 0.20927 0.20927 0.20927 0.20927
 0.126719 0.253438 0.253438 0.253438 0.253438
 0.0919077 0.183815 0.183815 0.183815 0.183815
 0.075422 0.150844 0.150844 0.150844 0.150844
 0.133641 0.267283 0.267283 0.267283 0.267283
 0.159838 0.319676 0.319676 0.319676 0.319676
nmprior
 8.19 8.8 8.5 0
nm_flota  nm_reclas  nm_pelaces    nm_pelaL
inf 7.66589 8.03912 15.0235
cv_recla  cv_pelaces  cv_mph
0.542389 0.724355 1.56997
 ------------------------------------------------
Talla a la edad & desviaci?n 
 8 13.2811 15.8009 17.003 17.5766
 0.8 1.32811 1.58009 1.7003 1.75766
