years
 1991 1992 1993 1994 1995 1996 1997 1998 1999 2000 2001 2002 2003 2004 2005 2006 2007 2008 2009 2010 2011 2012 2013 2014 2015 2016 2017 2018 2019 2020 2021
reclasobs
 0 0 0 0 0 0 0 0 0 252601 567819 844713 477998 351125 339783 2.1784e+06 2.13404e+06 4.81314e+06 1.55562e+06 2.62356e+06 3.21686e+06 3.843e+06 1.13348e+06 3.07943e+06 1.97215e+06 2.03268e+06 2.025e+06 2.42433e+06 2.27542e+06 1.05018e+06 2.36338e+06
reclaspred
 4.74483e+06 2.75552e+06 1.41116e+06 1.65953e+06 1.95033e+06 2.79847e+06 2.05012e+06 1.7744e+06 1.22021e+06 834778 687311 774778 756768 625371 655239 1.37548e+06 1.55272e+06 2.93392e+06 2.57675e+06 1.9941e+06 3.48039e+06 2.77664e+06 2.41667e+06 3.4329e+06 2.71903e+06 2.5054e+06 2.76956e+06 2.77218e+06 2.55257e+06 1.74725e+06 2.44508e+06
pelacesobs
 0 0 0 0 0 0 0 0 0 0 0 0 0 0 0 552880 188675 0 991730 2.46772e+06 1.41603e+06 1.21717e+06 2.29649e+06 1.80582e+06 0 1.4828e+06 1.56532e+06 1.57751e+06 1.42118e+06 867257 1.10002e+06
pelacespred
 2.31684e+06 1.50129e+06 784323 799295 930997 1.40694e+06 1.01518e+06 983814 689011 453947 393471 360760 379232 337211 368473 645680 692956 1.51479e+06 1.37445e+06 984244 1.63294e+06 1.45719e+06 1.22187e+06 1.93365e+06 1.46909e+06 1.32902e+06 1.705e+06 1.71889e+06 1.23703e+06 949081 1.3935e+06
mphobs
 0 0 0 0 0 0 0 0 0 0 0 498337 0 5186 125008 0 168611 109162 213762 579715 649985 157893 87575 83554 0 0 0 0 0 0 0
mphpred
 4.37617e+06 2.97332e+06 1.54148e+06 858263 1.30917e+06 1.60595e+06 1.99658e+06 1.39465e+06 1.14999e+06 762972 474326 524690 512495 444530 333980 444002 1.1287e+06 1.16579e+06 1.99677e+06 1.57198e+06 1.73138e+06 2.1207e+06 1.97413e+06 1.71827e+06 2.33412e+06 1.94258e+06 1.65884e+06 1.71994e+06 2.27687e+06 1.62153e+06 1.12242e+06
desembarqueobs
 494567 514787 250237 358949 120608 361735 552515 73892 212993 205616 52469 317467 293654 387597 252695 516296 358380 742168 942051 627588 828172 859565 418607 520667 417249 300574 407403 355545 319650 289779 391294
desembarquepred
 494575 512691 251514 358962 120610 361754 552611 73895.1 213049 205677 52471.9 317579 293744 387710 252714 516315 358417 742127 942003 627551 828296 859690 418640 520710 417272 300588 407422 355550 319661 289802 391305
Reclutas
 246736 143458 138190 388102 302058 405527 169573 80955.7 63234.6 77735.7 123244 158023 141422 104649 111489 492718 135626 726253 473553 362341 521111 681012 173564 439410 379788 185120 375149 401406 144305 115022 394971
log_desv_Rt
 0.0937561 -0.448521 -0.485933 0.546704 0.296054 0.590622 -0.281281 -1.02066 -1.26771 -1.06125 -0.6004 -0.351821 -0.462816 -0.763955 -0.70064 0.785372 -0.504663 1.17333 0.7457 0.478021 0.841399 1.10901 -0.258016 0.670868 0.525049 -0.193559 0.512759 0.580408 -0.442638 -0.669439 0.564249
SSB
 4.37617e+06 2.97332e+06 1.54148e+06 858263 1.30917e+06 1.60595e+06 1.99658e+06 1.39465e+06 1.14999e+06 762972 474326 524690 512495 444530 333980 444002 1.1287e+06 1.16579e+06 1.99677e+06 1.57198e+06 1.73138e+06 2.1207e+06 1.97413e+06 1.71827e+06 2.33412e+06 1.94258e+06 1.65884e+06 1.71994e+06 2.27687e+06 1.62153e+06 1.12242e+06
BT
 5.80707e+06 4.00181e+06 2.07779e+06 2.24088e+06 2.30498e+06 3.70336e+06 2.87551e+06 2.39944e+06 1.83917e+06 1.27715e+06 993987 1.14112e+06 1.18585e+06 1.22601e+06 1.15975e+06 2.0258e+06 1.92398e+06 4.39357e+06 4.21575e+06 2.90533e+06 4.65348e+06 4.29953e+06 3.25953e+06 5.22303e+06 3.86248e+06 3.42962e+06 4.57543e+06 4.54312e+06 3.15342e+06 2.51254e+06 3.79528e+06
Ftot
 0.0959185 0.170595 0.162816 0.186946 0.054719 0.113219 0.239713 0.0377193 0.1571 0.219341 0.0670773 0.350511 0.332719 0.517834 0.323915 0.311299 0.201408 0.214901 0.313076 0.272703 0.206455 0.26632 0.153747 0.131485 0.135338 0.106713 0.127866 0.110608 0.112606 0.14943 0.137422
BD_Bspro_t
 0.98477 0.885825 0.762847 0.695548 0.745648 0.808293 0.79795 0.697678 0.733576 0.692025 0.650387 0.749366 0.623533 0.539779 0.451627 0.519756 0.634997 0.628702 0.689542 0.605168 0.582681 0.627299 0.637487 0.642959 0.735898 0.744905 0.757741 0.786407 0.819908 0.76696 0.722898
BD_Bspro
 2.7252 1.8516 0.959936 0.534472 0.815266 1.00008 1.24334 0.868502 0.716143 0.47513 0.29538 0.326744 0.319149 0.276825 0.207981 0.276496 0.702881 0.725983 1.24346 0.978931 1.0782 1.32064 1.22936 1.07003 1.45354 1.20972 1.03302 1.07107 1.41789 1.00979 0.698974
BD_Bo
 1.93401 1.31403 0.681243 0.379301 0.578574 0.709733 0.88237 0.616355 0.508229 0.337188 0.209624 0.231882 0.226492 0.196456 0.147599 0.196222 0.498817 0.515212 0.882455 0.694723 0.765168 0.937225 0.872447 0.759374 1.03154 0.858505 0.733109 0.76011 1.00624 0.716621 0.496044
BD_Brms
 13.6443 9.27042 4.80613 2.67595 4.08181 5.00712 6.22507 4.34834 3.58552 2.37884 1.47889 1.63591 1.59789 1.38598 1.0413 1.38434 3.51912 3.63479 6.22567 4.90123 5.39822 6.61206 6.15506 5.35734 7.27746 6.0567 5.17204 5.36253 7.09896 5.05572 3.49956
Sel_flota
 0.896349 1 1 1 1
 0.896349 1 1 1 1
 0.896349 1 1 1 1
 0.896349 1 1 1 1
 0.896349 1 1 1 1
 0.896349 1 1 1 1
 0.896349 1 1 1 1
 0.896349 1 1 1 1
 0.896349 1 1 1 1
 0.896349 1 1 1 1
 0.896349 1 1 1 1
 0.896349 1 1 1 1
 0.896349 1 1 1 1
 0.896349 1 1 1 1
 0.896349 1 1 1 1
 0.896349 1 1 1 1
 0.896349 1 1 1 1
 0.896349 1 1 1 1
 0.896349 1 1 1 1
 0.896349 1 1 1 1
 0.896349 1 1 1 1
 0.896349 1 1 1 1
 0.896349 1 1 1 1
 0.896349 1 1 1 1
 0.896349 1 1 1 1
 0.896349 1 1 1 1
 0.896349 1 1 1 1
 0.896349 1 1 1 1
 0.896349 1 1 1 1
 0.896349 1 1 1 1
 0.896349 1 1 1 1
Sel_reclas
 0.773884 0.945128 0.988595 0.997713 0.999545
 0.773884 0.945128 0.988595 0.997713 0.999545
 0.773884 0.945128 0.988595 0.997713 0.999545
 0.773884 0.945128 0.988595 0.997713 0.999545
 0.773884 0.945128 0.988595 0.997713 0.999545
 0.773884 0.945128 0.988595 0.997713 0.999545
 0.773884 0.945128 0.988595 0.997713 0.999545
 0.773884 0.945128 0.988595 0.997713 0.999545
 0.773884 0.945128 0.988595 0.997713 0.999545
 0.773884 0.945128 0.988595 0.997713 0.999545
 0.773884 0.945128 0.988595 0.997713 0.999545
 0.773884 0.945128 0.988595 0.997713 0.999545
 0.773884 0.945128 0.988595 0.997713 0.999545
 0.773884 0.945128 0.988595 0.997713 0.999545
 0.773884 0.945128 0.988595 0.997713 0.999545
 0.773884 0.945128 0.988595 0.997713 0.999545
 0.773884 0.945128 0.988595 0.997713 0.999545
 0.773884 0.945128 0.988595 0.997713 0.999545
 0.773884 0.945128 0.988595 0.997713 0.999545
 0.773884 0.945128 0.988595 0.997713 0.999545
 0.773884 0.945128 0.988595 0.997713 0.999545
 0.773884 0.945128 0.988595 0.997713 0.999545
 0.773884 0.945128 0.988595 0.997713 0.999545
 0.773884 0.945128 0.988595 0.997713 0.999545
 0.773884 0.945128 0.988595 0.997713 0.999545
 0.773884 0.945128 0.988595 0.997713 0.999545
 0.773884 0.945128 0.988595 0.997713 0.999545
 0.773884 0.945128 0.988595 0.997713 0.999545
 0.773884 0.945128 0.988595 0.997713 0.999545
 0.773884 0.945128 0.988595 0.997713 0.999545
 0.773884 0.945128 0.988595 0.997713 0.999545
Sel_pelaces
 0.902119 1 1 1 1
 0.902119 1 1 1 1
 0.902119 1 1 1 1
 0.902119 1 1 1 1
 0.902119 1 1 1 1
 0.902119 1 1 1 1
 0.902119 1 1 1 1
 0.902119 1 1 1 1
 0.902119 1 1 1 1
 0.902119 1 1 1 1
 0.902119 1 1 1 1
 0.902119 1 1 1 1
 0.902119 1 1 1 1
 0.902119 1 1 1 1
 0.902119 1 1 1 1
 0.902119 1 1 1 1
 0.902119 1 1 1 1
 0.902119 1 1 1 1
 0.902119 1 1 1 1
 0.902119 1 1 1 1
 0.902119 1 1 1 1
 0.902119 1 1 1 1
 0.902119 1 1 1 1
 0.902119 1 1 1 1
 0.902119 1 1 1 1
 0.902119 1 1 1 1
 0.902119 1 1 1 1
 0.902119 1 1 1 1
 0.902119 1 1 1 1
 0.902119 1 1 1 1
 0.902119 1 1 1 1
pf_obs 
 0.8446 0.082 0.0669 0.0065 0
 0.8095 0.147 0.0364 0.0071 0
 0.9664 0.0169 0.016 0.0007 0
 0.9276 0.0648 0.0075 0.0001 0
 0.7033 0.2144 0.0806 0.0017 0
 0.9318 0.0425 0.0243 0.0014 0
 0.5671 0.3108 0.0964 0.0239 0.0018
 0.0768 0.2599 0.5324 0.112 0.0189
 0.490249 0.384438 0.106611 0.0170017 0.00170017
 0.7925 0.1577 0.0466 0.003 0.0002
 0.840416 0.127587 0.0312969 0.00059994 9.999e-05
 0.8084 0.0986 0.0794 0.0134 0.0002
 0.7335 0.1905 0.0724 0.0035 0.0001
 0.4001 0.4547 0.1325 0.0127 0
 0.49795 0.308269 0.164784 0.0264974 0.00249975
 0.9179 0.0499 0.0305 0.0017 0
 0.2467 0.6533 0.0926 0.0074 0
 0.9418 0.0223 0.034 0.0019 0
 0.707729 0.231977 0.0356964 0.0245975 0
 0.517169 0.277429 0.184464 0.0207286 0.00020938
 0.811772 0.124168 0.05621 0.00726502 0.000585176
 0.764997 0.148141 0.077277 0.00933861 0.000247198
 0.163321 0.427699 0.378323 0.0303852 0.000271297
 0.753843 0.0900009 0.118128 0.0371064 0.000921714
 0.721811 0.176058 0.0630433 0.0369309 0.00215725
 0.143369 0.312575 0.442814 0.0836902 0.0175525
 0.692698 0.0596174 0.167031 0.0765114 0.00414204
 0.394062 0.376323 0.152708 0.0712218 0.00568511
 0.125707 0.32114 0.495352 0.0537591 0.00404204
 0.23352 0.215282 0.420074 0.123614 0.00750983
 0.774587 0.0839891 0.0768558 0.0609784 0.00358967
pf_pred 
 0.45494 0.0984168 0.42576 0.0208827 7.43784e-07
 0.429237 0.276046 0.0532145 0.230211 0.0112918
 0.558201 0.202714 0.115632 0.0222909 0.101162
 0.824186 0.103277 0.0332827 0.0189851 0.0202692
 0.654011 0.290988 0.0323085 0.0104119 0.0122801
 0.700977 0.203055 0.0807121 0.00896147 0.00629413
 0.4522 0.397036 0.102378 0.0406942 0.00769171
 0.411017 0.284562 0.220638 0.0568931 0.0268887
 0.464835 0.234565 0.145233 0.112608 0.0427599
 0.632482 0.181756 0.0814201 0.0504119 0.0539299
 0.756995 0.160526 0.0407901 0.0182725 0.0234166
 0.723431 0.214966 0.0406937 0.0103404 0.0105683
 0.693866 0.229281 0.0597349 0.011308 0.00581011
 0.641234 0.258611 0.0750122 0.019543 0.00560039
 0.73804 0.176394 0.0616794 0.0178907 0.00599678
 0.917459 0.0629245 0.0132088 0.00461873 0.00178876
 0.453107 0.506813 0.0305548 0.00641394 0.00311134
 0.884039 0.0560611 0.0555103 0.00334662 0.00104329
 0.636131 0.326041 0.0182876 0.0181079 0.00143202
 0.624214 0.250067 0.11265 0.0063185 0.00675119
 0.74676 0.165461 0.0584122 0.0263135 0.0030529
 0.748719 0.193277 0.0378985 0.0133792 0.00672629
 0.379789 0.478605 0.108919 0.0213572 0.0113301
 0.743978 0.104499 0.116928 0.0266098 0.00798582
 0.645972 0.271082 0.0338554 0.037882 0.0112082
 0.475252 0.352847 0.131626 0.0164388 0.0238362
 0.733649 0.134299 0.0887931 0.0331235 0.0101351
 0.689488 0.234725 0.0382135 0.0252652 0.0123088
 0.409581 0.421442 0.127735 0.0207954 0.0204473
 0.486358 0.224963 0.20606 0.0624546 0.0201652
 0.832349 0.0865082 0.0355385 0.0325523 0.0130519
pobs_RECLAS
 0 0 0 0 0
 0 0 0 0 0
 0 0 0 0 0
 0 0 0 0 0
 0 0 0 0 0
 0 0 0 0 0
 0 0 0 0 0
 0 0 0 0 0
 0 0 0 0 0
 0 0 0 0 0
 0.991045 0.00858322 0.000360255 1.14367e-05 0
 0.934742 0.0480273 0.0164251 0.00080598 0
 0.827803 0.169806 0.00239088 0 0
 0.941827 0.0461693 0.0120037 0 0
 0.791401 0.0380133 0.147996 0.0225897 0
 0.846168 0.0940531 0.0597789 0 0
 0.134021 0.677848 0.182769 0.00536245 0
 0.80878 0.0450904 0.141981 0.00414843 0
 0.846168 0.0940531 0.0597789 0 0
 0.905697 0.0802665 0.012482 0.00150086 5.37128e-05
 0.989698 0.0102097 9.19794e-05 0 0
 0.975433 0.0193895 0.00387452 0.00125025 5.28907e-05
 0.303575 0.632131 0.0575291 0.00676475 0
 0.966965 0.00978017 0.0227588 0.000495775 0
 0.843318 0.132988 0.00938335 0.0141283 0.000182051
 0.564624 0.303363 0.111486 0.0197234 0.00080311
 0.826376 0.0876187 0.0782897 0.00655872 0.00115652
 0.89761 0.0855135 0.0140674 0.00269457 0.000114338
 0.34875 0.467042 0.161289 0.0227151 0.000203297
 0.318654 0.224769 0.449479 0.00709798 0
 0.937255 0.0296025 0.0250945 0.00804832 0
ppred_RECLAS
 0.423684 0.100245 0.453615 0.0224542 8.01223e-07
 0.401012 0.281843 0.0568307 0.248122 0.0121927
 0.529301 0.210086 0.125349 0.0243868 0.110878
 0.807715 0.110591 0.0372789 0.0214608 0.0229544
 0.631522 0.307439 0.0357049 0.0116126 0.0137213
 0.678604 0.21496 0.0893738 0.0100147 0.00704678
 0.427215 0.4096 0.110476 0.0443178 0.00839199
 0.383476 0.290538 0.235632 0.0613198 0.0290341
 0.435801 0.240371 0.155672 0.121815 0.0463412
 0.605566 0.190074 0.0890624 0.0556523 0.0596452
 0.736742 0.170921 0.0454292 0.0205383 0.0263687
 0.703497 0.227942 0.0451346 0.0115746 0.0118515
 0.672477 0.242363 0.066047 0.0126182 0.00649522
 0.61851 0.271315 0.0823168 0.0216438 0.00621381
 0.717697 0.187108 0.0684348 0.0200332 0.00672726
 0.909667 0.0680669 0.0149454 0.00527416 0.00204635
 0.430425 0.525966 0.0331678 0.00702667 0.00341483
 0.872038 0.0604047 0.062562 0.00380653 0.00118884
 0.614498 0.343602 0.0201589 0.020145 0.00159604
 0.59971 0.262241 0.123567 0.00699477 0.0074875
 0.726329 0.175807 0.0649189 0.0295143 0.00343056
 0.729631 0.205606 0.0421703 0.0150245 0.00756735
 0.35654 0.491122 0.116907 0.023135 0.0122959
 0.720983 0.11072 0.129586 0.0297626 0.00894839
 0.622483 0.285591 0.0373078 0.0421301 0.012488
 0.449097 0.364638 0.142281 0.0179333 0.026051
 0.71091 0.142287 0.0984008 0.0370461 0.0113562
 0.667277 0.248417 0.0423026 0.0282267 0.0137768
 0.384871 0.433059 0.137292 0.0225575 0.0222207
 0.457424 0.231281 0.22159 0.0677809 0.0219252
 0.81585 0.0927009 0.039834 0.0368234 0.0147915
pobs_PELACES
 0 0 0 0 0
 0 0 0 0 0
 0 0 0 0 0
 0 0 0 0 0
 0 0 0 0 0
 0 0 0 0 0
 0 0 0 0 0
 0 0 0 0 0
 0 0 0 0 0
 0 0 0 0 0
 0 0 0 0 0
 0 0 0 0 0
 0 0 0 0 0
 0 0 0 0 0
 0 0 0 0 0
 0 0 0 0 0
 0.505614 0.472636 0.0217494 0 0
 0 0 0 0 0
 0.443492 0.261883 0.143347 0.151278 0
 0.227955 0.32914 0.350689 0.0885471 0.00366901
 0.970185 0.0296113 0.000203453 0 0
 0.997202 0.00247181 0.000326279 0 0
 0.445219 0.490057 0.0546422 0.010081 0
 0.90214 0.0892962 0.00764917 0.000914606 0
 0 0 0 0 0
 0.581667 0.319106 0.0959925 0.00289975 0.000334073
 0.762889 0.0836404 0.116647 0.0363945 0.000428098
 0.88444 0.0763242 0.0277011 0.0115352 0
 0.521256 0.241999 0.230069 0.00667565 0
 0.616807 0.101726 0.260614 0.0208532 0
 0.833518 0.0704572 0.0857862 0.0102388 0
ppred_PELACES
 0.457566 0.0979427 0.423709 0.0207821 7.40201e-07
 0.432652 0.274394 0.0528961 0.228833 0.0112243
 0.561546 0.201179 0.114757 0.0221221 0.100396
 0.826302 0.102034 0.0328822 0.0187567 0.0200253
 0.655994 0.28932 0.0321233 0.0103522 0.0122097
 0.703351 0.201443 0.0800714 0.00889033 0.00624416
 0.456438 0.393964 0.101586 0.0403793 0.0076322
 0.412965 0.283622 0.219909 0.056705 0.0267998
 0.468149 0.233112 0.144333 0.11191 0.0424951
 0.636229 0.179903 0.08059 0.049898 0.0533801
 0.758705 0.159396 0.0405032 0.0181439 0.0232519
 0.727876 0.211512 0.0400397 0.0101742 0.0103985
 0.698408 0.22588 0.0588486 0.0111402 0.00572391
 0.648234 0.253564 0.0735486 0.0191617 0.00549111
 0.74209 0.173666 0.0607259 0.0176141 0.00590407
 0.918995 0.0617537 0.0129631 0.00453279 0.00175548
 0.456908 0.50329 0.0303424 0.00636935 0.00308971
 0.885664 0.0552755 0.0547324 0.00329972 0.00102867
 0.640872 0.321794 0.0180493 0.017872 0.00141336
 0.628575 0.247165 0.111343 0.00624518 0.00667285
 0.749691 0.163546 0.0577361 0.0260089 0.00301756
 0.752153 0.190636 0.0373806 0.0131963 0.00663437
 0.382894 0.476209 0.108373 0.0212502 0.0112734
 0.746288 0.103556 0.115873 0.0263697 0.00791376
 0.648789 0.268925 0.033586 0.0375807 0.0111191
 0.478011 0.350991 0.130934 0.0163523 0.0237109
 0.735988 0.13312 0.0880134 0.0328326 0.0100461
 0.691888 0.232911 0.0379182 0.0250699 0.0122137
 0.412322 0.419485 0.127142 0.0206988 0.0203524
 0.489598 0.223543 0.20476 0.0620605 0.020038
 0.834077 0.0856168 0.0351723 0.0322169 0.0129174
pobs_pel_tallas
 0 0 0 0 0 0 0 0 0 0 0 0 0 0 0 0 0 0 0 0 0 0 0 0 0 0
 0 0 0 0 0 0 0 0 0 0 0 0 0 0 0 0 0 0 0 0 0 0 0 0 0 0
 0 0 0 0 0 0 0 0 0 0 0 0 0 0 0 0 0 0 0 0 0 0 0 0 0 0
 0 0 0 0 0 0 0 0 0 0 0 0 0 0 0 0 0 0 0 0 0 0 0 0 0 0
 0 0 0 0 0 0 0 0 0 0 0 0 0 0 0 0 0 0 0 0 0 0 0 0 0 0
 0 0 0 0 0 0 0 0 0 0 0 0 0 0 0 0 0 0 0 0 0 0 0 0 0 0
 0 0 0 0 0 0 0 0 0 0 0 0 0 0 0 0 0 0 0 0 0 0 0 0 0 0
 0 0 0 0 0 0 0 0 0 0 0 0 0 0 0 0 0 0 0 0 0 0 0 0 0 0
 0 0 0 0 0 0 0 0 0 0 0 0 0 0 0 0 0 0 0 0 0 0 0 0 0 0
 0 0 0 0 0 0 0 0 0 0 0 0 0 0 0 0 0 0 0 0 0 0 0 0 0 0
 0 0 0 0 0 0 0 0 0 0 0 0 0 0 0 0 0 0 0 0 0 0 0 0 0 0
 0 0 0 0 0 0 0 0 0 0 0 0 0 0 0 0 0 0 0 0 0 0 0 0 0 0
 0.00862536 0 0 0.000197151 0.00414017 0.0128641 0.00837892 0.0270097 0.101434 0.158115 0.152841 0.127902 0.109271 0.109419 0.0830992 0.0579132 0.0238553 0.00714673 0.00463305 0.00128148 0.00103504 0.000492878 0.000147863 0.000147863 4.92878e-05 0
 0 0 0 0 0 0 0 0 0 0 0 0 0 0 0 0 0 0 0 0 0 0 0 0 0 0
 0 0 0 0 0 0 0 0.0054083 0.00873648 0.0413646 0.0450493 0.0745869 0.0622846 0.0627006 0.0613931 0.0827291 0.12552 0.122667 0.0946155 0.0697135 0.0546179 0.0294188 0.0215738 0.0213955 0.0102223 0.00600262
 0 0 0 0 0.00359764 0.0251062 0.0480494 0.140153 0.205849 0.193036 0.1447 0.116669 0.0760912 0.0342217 0.00950174 0.001854 0.000860785 0 0 0 0.000165536 0 0.000143464 0 0 0
 0 0 0 0 0 0 0 0.000145254 0.000435761 0.0275982 0.070085 0.0708112 0.156366 0.174668 0.174014 0.160142 0.0824315 0.0480064 0.0283245 0.00493863 0.00203355 0 0 0 0 0
 0 0 0 0 0 0 0 0 0 0 0 0 0 0 0 0 0 0 0 0 0 0 0 0 0 0
 0 0 1.00437e-05 0.000401748 0.00122533 0.00171747 0.00176769 0.0269171 0.070346 0.194647 0.189555 0.159765 0.064822 0.0314167 0.0384472 0.0292271 0.0345202 0.0313363 0.0194345 0.0106764 0.0143323 0.0359363 0.0279516 0.0138201 0.00172751 0
 0 0.0021121 0.0136068 0.0755702 0.200478 0.177729 0.0527432 0.0373336 0.0318909 0.0142505 0.0149659 0.0166563 0.0217959 0.0798694 0.0677717 0.0528807 0.04013 0.0224614 0.0357745 0.0225083 0.00881397 0.00855152 0.00135912 0.000746735 0 0
 0 0 0 0 5.4009e-05 0.00500934 0.000945158 0.0243581 0.138947 0.33067 0.221406 0.137944 0.0707744 0.0437923 0.0131692 0.00525238 0.0047753 0.00276346 9.45158e-05 9.00151e-06 2.25038e-05 9.00151e-06 4.50075e-06 0 0 0
 0.000866109 0.00284123 0.00948549 0.0512746 0.133035 0.25785 0.225252 0.132002 0.0553304 0.0519788 0.0540692 0.017754 0.00435017 0.00159236 0.00146478 0.000404838 0.000125132 0.000115318 0.000107957 0.000100596 0 0 0 0 0 0
 0 0 0 0 0.00144013 0.00171154 0.00461396 0.0210425 0.0478622 0.0707936 0.0888783 0.103762 0.0637923 0.0337046 0.0602308 0.124433 0.169614 0.0934646 0.0462172 0.0250306 0.0313229 0.00938855 0.002487 0.000210481 0 0
 0 0.00764035 0.051015 0.0998891 0.058973 0.0496711 0.0374665 0.0718981 0.12319 0.153886 0.159021 0.0857701 0.0377988 0.023471 0.0147837 0.00900784 0.00315554 0.000888139 0.00291439 0.00214683 0.00393193 0.00274676 0.000635225 9.99891e-05 0 0
 0 0 0 0 0 0 0 0 0 0 0 0 0 0 0 0 0 0 0 0 0 0 0 0 0 0
 0 0 0 0 0 0 0 0 0 0 0 0 0 0 0 0 0 0 0 0 0 0 0 0 0 0
 0 0 0 0 0 0 0 0 0 0 0 0 0 0 0 0 0 0 0 0 0 0 0 0 0 0
 0 0 0 0 0 0 0 0 0 0 0 0 0 0 0 0 0 0 0 0 0 0 0 0 0 0
 0 0 0 0 0 0 0 0 0 0 0 0 0 0 0 0 0 0 0 0 0 0 0 0 0 0
 0 0 0 0 0 0 0 0 0 0 0 0 0 0 0 0 0 0 0 0 0 0 0 0 0 0
 0 0 0 0 0 0 0 0 0 0 0 0 0 0 0 0 0 0 0 0 0 0 0 0 0 0
ppred_pel_tallas
 1.14337e-16 3.76891e-05 0.000366352 0.00243454 0.0110671 0.0344338 0.0733651 0.107081 0.107091 0.0734147 0.034602 0.011561 0.00370502 0.00324089 0.0057924 0.0102848 0.016596 0.024573 0.0339414 0.0443471 0.0551669 0.0651677 0.0724446 0.0749777 0.0715986 0.0627105
 1.26445e-16 3.5637e-05 0.000346405 0.00230198 0.0104645 0.0325591 0.0693715 0.101255 0.101282 0.0695013 0.0329951 0.0117256 0.0054738 0.00729217 0.0132948 0.0221135 0.0323374 0.0417824 0.0483559 0.0513686 0.0520489 0.0526795 0.0549732 0.0589251 0.0628891 0.0646275
 1.22572e-16 4.62539e-05 0.000449604 0.00298778 0.013582 0.0422588 0.0900376 0.131417 0.131436 0.0901332 0.0425803 0.0145126 0.0053318 0.00559388 0.00989779 0.0165085 0.0243036 0.031708 0.0371811 0.0401248 0.0412516 0.0420126 0.0435302 0.0458762 0.048146 0.0490932
 1.06245e-16 6.80614e-05 0.000661581 0.00439644 0.0199856 0.0621826 0.132487 0.193371 0.193381 0.132535 0.0623447 0.0204544 0.00557528 0.00324171 0.00498841 0.0081937 0.0119294 0.0152925 0.0174242 0.0179647 0.0172702 0.016148 0.0153164 0.0150133 0.0149896 0.0147857
 1.04106e-16 5.40334e-05 0.000525224 0.0034903 0.0158664 0.0493665 0.105182 0.153521 0.153549 0.105318 0.0498238 0.0171871 0.00680476 0.00775912 0.013788 0.0226976 0.0326672 0.0410336 0.0451254 0.0437264 0.0378095 0.0298859 0.0225072 0.0170789 0.013666 0.0115674
 1.04311e-16 5.79341e-05 0.00056314 0.00374227 0.0170118 0.0529302 0.112774 0.164601 0.164621 0.112869 0.0532504 0.0179378 0.0060706 0.00565884 0.0097735 0.0161647 0.0235101 0.0300435 0.0339876 0.0344983 0.0321144 0.02829 0.0244167 0.0211334 0.0183354 0.0156443
 1.08374e-16 3.75963e-05 0.00036545 0.00242854 0.0110398 0.0343492 0.073186 0.106825 0.106863 0.073372 0.0349739 0.0128452 0.00696436 0.0102807 0.0189087 0.0313068 0.0453469 0.0575612 0.064433 0.0643457 0.0585089 0.0500361 0.0419535 0.0357193 0.03113 0.027219
 1.16641e-16 3.40154e-05 0.000330642 0.00219723 0.00998832 0.0310775 0.066215 0.0966485 0.0966761 0.0663501 0.0315323 0.0113057 0.00551867 0.00763015 0.0140409 0.0235367 0.0347911 0.0456263 0.0538126 0.058304 0.0597245 0.0596184 0.0591239 0.0582152 0.0560129 0.0516892
 1.2264e-16 3.85608e-05 0.000374825 0.00249085 0.011323 0.0352303 0.0750627 0.109561 0.109584 0.0751737 0.0356035 0.0124039 0.00521499 0.00635924 0.0115166 0.0192796 0.0284942 0.037404 0.0442781 0.0484389 0.0506428 0.0523844 0.0546718 0.0572734 0.0589381 0.0582579
 1.1641e-16 5.24054e-05 0.000509399 0.00338514 0.0153883 0.0478789 0.102012 0.148893 0.14891 0.102097 0.0481658 0.0162183 0.00547424 0.00508953 0.00880992 0.0146408 0.0214715 0.0278465 0.03235 0.0344264 0.0347234 0.0345846 0.0350836 0.0363595 0.0376696 0.0379599
 1.06965e-16 6.24935e-05 0.000607459 0.00403678 0.0183506 0.0570957 0.121649 0.177554 0.177569 0.121724 0.0573485 0.0190814 0.00587301 0.00462248 0.0077074 0.0126961 0.0184123 0.0234379 0.0263832 0.026644 0.024764 0.0220432 0.0197044 0.0182692 0.0175128 0.0168514
 1.0399e-16 5.99542e-05 0.000582776 0.00387275 0.017605 0.0547758 0.116706 0.170341 0.170361 0.116806 0.0551106 0.0185724 0.00630206 0.00588911 0.010147 0.0167052 0.0241184 0.0304584 0.0338025 0.0332717 0.0295463 0.0243816 0.0195271 0.0158945 0.0134587 0.0117043
 1.03842e-16 5.7527e-05 0.000559183 0.00371597 0.0168923 0.0525582 0.111982 0.163445 0.163467 0.112088 0.0529163 0.0179271 0.00631576 0.00624156 0.01087 0.0179332 0.025954 0.032902 0.0367394 0.0365171 0.0329108 0.0277042 0.0226591 0.01867 0.0157005 0.0132742
 1.05039e-16 5.33942e-05 0.000519011 0.00344901 0.0156787 0.0487825 0.103937 0.151704 0.151729 0.104057 0.0491847 0.0168415 0.00637068 0.00690722 0.0122158 0.0201894 0.0292633 0.0371886 0.0417002 0.0417451 0.0380728 0.0326469 0.0273784 0.0231942 0.0199895 0.0172018
 1.04563e-16 6.1125e-05 0.000594156 0.00394838 0.0179488 0.0558454 0.118985 0.173666 0.173683 0.119067 0.0561213 0.0187464 0.00595365 0.00498166 0.0084232 0.0139059 0.0202082 0.0257971 0.0291469 0.0295515 0.0275125 0.024327 0.021224 0.0187465 0.0167475 0.0148083
 1.01142e-16 7.56964e-05 0.000735796 0.00488962 0.0222275 0.0691581 0.147349 0.215061 0.215067 0.147378 0.0692559 0.0225101 0.00559942 0.00228658 0.00302474 0.00489085 0.00706223 0.00893239 0.00993908 0.00982598 0.00878806 0.00732919 0.00594781 0.004898 0.00416556 0.00360205
 1.02166e-16 3.7635e-05 0.000365826 0.00243105 0.0110512 0.0343847 0.073262 0.106938 0.106987 0.0734986 0.0351791 0.013345 0.00818558 0.0129172 0.0238429 0.0392735 0.0563741 0.0704763 0.0768468 0.0733025 0.0615315 0.0459963 0.031335 0.0202614 0.0131612 0.00901588
 1.02099e-16 7.2951e-05 0.000709109 0.00471228 0.0214213 0.0666498 0.142005 0.207261 0.207266 0.142031 0.0667387 0.0216791 0.00536288 0.00214093 0.00282602 0.00464434 0.00688711 0.00908364 0.0107913 0.011781 0.0121233 0.0120512 0.0117281 0.0111352 0.0101555 0.00874287
 1.02635e-16 5.27878e-05 0.000513116 0.00340984 0.0155007 0.0482285 0.102757 0.149983 0.150014 0.102908 0.0487365 0.0169675 0.00708995 0.00854063 0.0152805 0.0251319 0.0360916 0.0451673 0.0493535 0.047282 0.0400566 0.0305373 0.0216633 0.0151032 0.0110068 0.00862365
 1.05032e-16 5.17749e-05 0.000503271 0.00334441 0.0152032 0.047303 0.100785 0.147104 0.147127 0.100902 0.0476963 0.0163407 0.00620538 0.00676742 0.012003 0.0199029 0.0289939 0.0371406 0.0421725 0.0430426 0.0403714 0.0358749 0.0311861 0.0270409 0.0233181 0.0196198
 1.04828e-16 6.17511e-05 0.000600243 0.00398883 0.0181326 0.0564174 0.120204 0.175444 0.17546 0.120281 0.0566773 0.0188841 0.00587818 0.00473487 0.00794424 0.0131152 0.0190753 0.0243882 0.027631 0.0281528 0.026434 0.023689 0.021048 0.0189746 0.0172747 0.0155077
 1.03574e-16 6.19539e-05 0.000602214 0.00400192 0.0181922 0.0566027 0.120599 0.176021 0.17604 0.120689 0.0569046 0.0190643 0.00619214 0.00538682 0.00915873 0.0150697 0.0217658 0.0275077 0.0305666 0.0301527 0.0268758 0.0223068 0.0180039 0.0147673 0.0125585 0.0109096
 1.07289e-16 3.15386e-05 0.000306567 0.00203724 0.00926105 0.0288148 0.0613947 0.089617 0.0896629 0.0616193 0.0295692 0.011441 0.00751239 0.0122696 0.0227831 0.0376979 0.0544958 0.0689358 0.0766988 0.0757762 0.0676238 0.0560796 0.044967 0.0362787 0.0300009 0.0251251
 1.07355e-16 6.14708e-05 0.000597518 0.00397072 0.0180503 0.0561612 0.119658 0.174646 0.174656 0.119708 0.0563285 0.0185354 0.00519654 0.00330033 0.00527354 0.0088278 0.0131957 0.0176126 0.021321 0.0239493 0.0256462 0.0267936 0.0275578 0.027696 0.0267627 0.0244936
 1.06689e-16 5.34399e-05 0.000519455 0.00345196 0.0156921 0.0488242 0.104026 0.151835 0.15186 0.104153 0.0492496 0.0169209 0.0065367 0.00725512 0.0128513 0.021178 0.0305483 0.0385276 0.0426896 0.0419629 0.0372883 0.0309825 0.0253215 0.0214363 0.0191683 0.0176682
 1.09521e-16 3.93732e-05 0.000382722 0.00254332 0.0115616 0.0359726 0.0766447 0.111872 0.111906 0.0768107 0.0365304 0.0131743 0.00659788 0.00925505 0.0169518 0.0281257 0.0408948 0.0522298 0.0590484 0.0599102 0.0558079 0.0493417 0.0429902 0.0378725 0.0337393 0.0297965
 1.07567e-16 6.06224e-05 0.000589271 0.00391591 0.0178012 0.0553862 0.118007 0.172237 0.17225 0.11807 0.0555992 0.0184179 0.00546988 0.00400117 0.00659832 0.0109651 0.0161504 0.0210743 0.0246726 0.0264606 0.0267707 0.0264 0.0259674 0.0255229 0.0246635 0.0229502
 1.05735e-16 5.69899e-05 0.000553962 0.00368128 0.0167346 0.0520675 0.110936 0.161919 0.161942 0.111046 0.0524362 0.0177996 0.00635549 0.00639491 0.0111596 0.0183856 0.0265462 0.0335333 0.0372483 0.0367538 0.0328381 0.0274675 0.0225738 0.0191183 0.01698 0.0154714
 1.09297e-16 3.39625e-05 0.000330128 0.00219382 0.00997279 0.0310293 0.0661127 0.0965019 0.0965424 0.0663108 0.0316949 0.0118968 0.00702882 0.0109029 0.0201661 0.0334227 0.0484667 0.0616283 0.06917 0.0693526 0.0634134 0.054593 0.046045 0.0392964 0.0341694 0.0297251
 1.15581e-16 4.03276e-05 0.000391999 0.00260497 0.0118418 0.0368445 0.0785018 0.11458 0.114602 0.0786087 0.037204 0.0128842 0.0052356 0.00618213 0.0111768 0.0187818 0.0279184 0.0369376 0.044158 0.0487917 0.0512823 0.0526882 0.0536546 0.053885 0.0524798 0.0487235
 1.06454e-16 6.87018e-05 0.000667806 0.00443781 0.0201736 0.0627677 0.133733 0.19519 0.195198 0.133774 0.0629041 0.0205683 0.005431 0.00284455 0.00422867 0.00695205 0.0101777 0.0131701 0.0152431 0.0161213 0.0161033 0.0158221 0.0157886 0.0160793 0.0163659 0.0161891
pSPR Fmed_Fpbrs
0.716997   0.191745 0.191745
Fs Fmed_Fpbrs
0.166723   1.005 1.005
SSBpbr Bo_Bmed_Bpbrs
2.26275e+06  1.50925e+06  320732 320732
Ro
224655
SPR SPRFo_SPRFmed_SPRFpbrs
1.60582e+06 1.15136e+06 307907
Fref
1.005
Nvult_r0
 266509 25142.8 10329 9461.05 3793.41
CTP_r0
 29227.9 3037.74 1247.94 1143.08 458.317
YTP_r0
391305
Np
 285109 128462 11867 4875.1 5897.28
Nvult_p0
 242501 111163 10269 4218.62 5103.15
CTP_p0
 114925 55720.3 5147.3 2114.57 2557.94
YTP_p0
 2.03214e+06
CBA_c0
883555
log_Ro
12.1423
likeval ReclasPelacesDesembMPH_pf_preclas_ppelaces_ptallas_desvR_qrecl_qpela
 25.3838 17.9636 0.215739 0.00312733 243.148 124.519 98.4017 0 19.6824 0 0 1.08932 0 0 0
q_reclas_q_pelaces
1 1
M
1
N
 246736 48039.6 207824 10193.4 0.363059
 143458 83291.3 16056.4 69461.4 3407.08
 138190 45292 25835.5 4980.41 22602.5
 388102 43934.2 14158.5 8076.3 8622.55
 302058 120747 13406.6 4320.49 5095.68
 405527 105802 42055.1 4669.38 3279.56
 169573 134788 34756 13815.1 2611.23
 80955.7 50320.7 39016.7 10060.7 4754.88
 63234.6 28791.8 17826.7 13822.1 5248.6
 77735.7 20207.1 9052.06 5604.66 5995.77
 123244 23493.1 5969.69 2674.2 3427.06
 158023 42693.2 8081.93 2053.65 2098.91
 141422 42460 11062.1 2094.09 1075.96
 104649 38610.2 11199.2 2917.74 836.13
 111489 24202.3 8462.82 2454.71 822.797
 492718 30679.2 6440.04 2251.88 872.118
 135626 137127 8267.11 1735.4 841.824
 726253 41652.9 41243.6 2486.5 775.152
 473553 220362 12360 12238.6 967.861
 362341 131583 59275.5 3324.75 3552.43
 521111 104392 36853 16601.5 1926.11
 681012 159319 31239.8 11028.5 5544.5
 173564 197327 44906.7 8805.48 4671.38
 439410 55630.8 62247.4 14165.9 4251.31
 379788 143678 17943.9 20078.1 5940.55
 185120 123755 46165.7 5765.63 8360.15
 375149 61889.7 40918.8 15264.4 4670.6
 401406 123065 20035.1 13246.4 6453.43
 144305 133731 40532.4 6598.74 6488.3
 115022 47990 43957.5 13323.1 4301.73
 394971 37009.8 15204.1 13926.5 5583.84
pred_Ctot
 12939.9 2799.28 12109.9 593.97 0.0211555
 13019.9 8373.23 1614.14 6982.92 342.512
 12003.9 4359.28 2486.62 479.356 2175.45
 38370.7 4808.14 1549.5 883.868 943.65
 9175.77 4082.56 453.287 146.079 172.289
 24944.2 7225.71 2872.14 318.894 223.976
 21091.5 18518.5 4775.12 1898.05 358.756
 1705.96 1181.1 915.779 236.14 111.604
 5311.07 2680.07 1659.39 1286.62 488.563
 8912.21 2561.1 1147.28 710.347 759.918
 4568.4 968.76 246.165 110.273 141.318
 27627.7 8209.51 1554.08 394.898 403.601
 23618.1 7804.39 2033.28 384.906 197.767
 25502.7 10285.3 2983.33 777.249 222.734
 18183.1 4345.81 1519.6 440.772 147.743
 77575.4 5320.56 1116.87 390.535 151.248
 14370.8 16074.1 969.079 203.425 98.6795
 81708.8 5181.55 5130.64 309.317 96.4276
 74936.4 38407.8 2154.28 2133.12 168.692
 50667.4 20297.9 9143.77 512.872 547.994
 56496.8 12518.1 4419.23 1990.77 230.97
 93211.8 24062 4718.17 1665.64 837.389
 14284.1 18000.6 4096.5 803.256 426.134
 31179.3 4379.44 4900.32 1115.19 334.677
 27699.2 11624 1451.71 1624.38 480.608
 10758.2 7987.36 2979.61 372.123 539.579
 25921.2 4745.05 3137.23 1170.32 358.093
 24144.4 8219.58 1338.16 884.735 431.029
 8830.19 9085.9 2753.84 448.329 440.826
 9214.84 4262.29 3904.14 1183.3 382.063
 29227.9 3037.74 1247.94 1143.08 458.317
F
 0.0859765 0.0959185 0.0959185 0.0959185 0.0959185
 0.152913 0.170595 0.170595 0.170595 0.170595
 0.14594 0.162816 0.162816 0.162816 0.162816
 0.167569 0.186946 0.186946 0.186946 0.186946
 0.0490473 0.054719 0.054719 0.054719 0.054719
 0.101484 0.113219 0.113219 0.113219 0.113219
 0.214867 0.239713 0.239713 0.239713 0.239713
 0.0338097 0.0377193 0.0377193 0.0377193 0.0377193
 0.140816 0.1571 0.1571 0.1571 0.1571
 0.196606 0.219341 0.219341 0.219341 0.219341
 0.0601247 0.0670773 0.0670773 0.0670773 0.0670773
 0.31418 0.350511 0.350511 0.350511 0.350511
 0.298232 0.332719 0.332719 0.332719 0.332719
 0.46416 0.517834 0.517834 0.517834 0.517834
 0.290341 0.323915 0.323915 0.323915 0.323915
 0.279032 0.311299 0.311299 0.311299 0.311299
 0.180532 0.201408 0.201408 0.201408 0.201408
 0.192627 0.214901 0.214901 0.214901 0.214901
 0.280625 0.313076 0.313076 0.313076 0.313076
 0.244437 0.272703 0.272703 0.272703 0.272703
 0.185056 0.206455 0.206455 0.206455 0.206455
 0.238715 0.26632 0.26632 0.26632 0.26632
 0.137811 0.153747 0.153747 0.153747 0.153747
 0.117857 0.131485 0.131485 0.131485 0.131485
 0.12131 0.135338 0.135338 0.135338 0.135338
 0.0956523 0.106713 0.106713 0.106713 0.106713
 0.114613 0.127866 0.127866 0.127866 0.127866
 0.0991434 0.110608 0.110608 0.110608 0.110608
 0.100934 0.112606 0.112606 0.112606 0.112606
 0.133941 0.14943 0.14943 0.14943 0.14943
 0.123178 0.137422 0.137422 0.137422 0.137422
nmprior
 8.19 8.8 8.5 0
nm_flota  nm_reclas  nm_pelaces    nm_pelaL
inf 10.1438 18.7167 45.071
cv_recla  cv_pelaces  cv_mph
0.455725 0.480583 1.72581
 ------------------------------------------------
Talla a la edad & desviaci?n 
 8 13.2811 15.8009 17.003 17.5766
 0.8 1.32811 1.58009 1.7003 1.75766
