years
 1991 1992 1993 1994 1995 1996 1997 1998 1999 2000 2001 2002 2003 2004 2005 2006 2007 2008 2009 2010 2011 2012 2013 2014 2015 2016 2017 2018 2019 2020 2021
reclasobs
 0 0 0 0 0 0 0 0 0 252601 567819 844713 477998 351125 339783 2.1784e+06 2.13404e+06 4.81314e+06 1.55562e+06 2.62356e+06 3.21686e+06 3.843e+06 1.13348e+06 3.07943e+06 1.97215e+06 2.03268e+06 2.025e+06 2.42433e+06 2.27542e+06 1.05018e+06 2.36338e+06
reclaspred
 2.47108e+06 1.92278e+06 1.03213e+06 758368 919432 1.49865e+06 1.26676e+06 1.0949e+06 653395 400030 441744 643920 692139 538746 576729 974761 1.44907e+06 2.45289e+06 2.37963e+06 1.95992e+06 3.29175e+06 2.34297e+06 2.07914e+06 2.68262e+06 2.43932e+06 2.32779e+06 2.37481e+06 2.34004e+06 2.58923e+06 1.73028e+06 2.18591e+06
pelacesobs
 0 0 0 0 0 0 0 0 0 0 0 0 0 0 0 552880 188675 0 991730 2.46772e+06 1.41603e+06 1.21717e+06 2.29649e+06 1.80582e+06 0 1.4828e+06 1.56532e+06 1.57751e+06 1.42118e+06 867257 1.10002e+06
pelacespred
 1.05336e+06 914264 519908 334122 405461 660562 561728 534096 339834 195036 222788 264458 312765 256847 292675 410561 598895 1.09544e+06 1.1675e+06 921663 1.35167e+06 1.17108e+06 984032 1.35949e+06 1.25345e+06 1.14797e+06 1.31322e+06 1.33368e+06 1.19353e+06 903247 1.12521e+06
mphobs
 0 0 0 0 0 0 0 0 0 0 0 498337 0 5186 125008 0 168611 109162 213762 579715 649985 157893 87575 83554 0 0 0 0 0 0 0
mphpred
 1.83619e+06 2.02648e+06 1.12767e+06 602942 624236 873927 1.26173e+06 910446 725126 377621 255358 465907 503960 479298 334533 505011 1.01154e+06 1.28916e+06 2.02743e+06 1.68493e+06 1.99289e+06 2.23767e+06 1.80373e+06 1.54887e+06 2.29016e+06 1.8803e+06 1.7094e+06 1.75409e+06 2.34033e+06 1.65342e+06 1.22323e+06
desembarqueobs
 494567 514787 250237 358949 120608 361735 552515 73892 212993 205616 52469 317467 293654 387597 252695 516296 358380 742168 942051 627588 828172 859565 418607 520667 417249 300574 415391 372974 316634 284311 391294
desembarquepred
 494373 510216 252014 359042 120622 361313 552125 73863.5 212843 205505 52423.4 317370 293469 387536 252428 516274 358801 741751 941768 627634 828333 859851 418427 520255 416986 300476 415206 372465 316247 284322 391932
Reclutas
 466495 64232.6 79300.5 184794 215712 316889 143853 44519.2 26903.5 67389.3 139609 158653 158944 93905.5 131761 421051 192489 692632 515823 416555 497468 551501 166849 452899 353989 210531 377737 411590 137269 140789 449909
log_desv_Rt
 0.828314 -1.15442 -0.94369 -0.0976949 0.0570084 0.441617 -0.348141 -1.52101 -2.02468 -1.10645 -0.378087 -0.250213 -0.248384 -0.774646 -0.435944 0.72582 -0.0568979 1.22356 0.928828 0.715083 0.892596 0.995709 -0.199847 0.798734 0.552331 0.0326993 0.617263 0.703093 -0.394989 -0.369671 0.79211
SSB
 1.83619e+06 2.02648e+06 1.12767e+06 602942 624236 873927 1.26173e+06 910446 725126 377621 255358 465907 503960 479298 334533 505011 1.01154e+06 1.28916e+06 2.02743e+06 1.68493e+06 1.99289e+06 2.23767e+06 1.80373e+06 1.54887e+06 2.29016e+06 1.8803e+06 1.7094e+06 1.75409e+06 2.34033e+06 1.65342e+06 1.22323e+06
BT
 3.34062e+06 2.66103e+06 1.49974e+06 1.33183e+06 1.28659e+06 2.4579e+06 1.95338e+06 1.49351e+06 1.08711e+06 781263 793768 1.07991e+06 1.24979e+06 1.21592e+06 1.30188e+06 1.90425e+06 2.02141e+06 4.42306e+06 4.43229e+06 3.19923e+06 4.86668e+06 4.15256e+06 3.033e+06 5.13272e+06 3.74924e+06 3.51348e+06 4.66631e+06 4.66069e+06 3.20969e+06 2.67913e+06 4.26452e+06
Ftot
 0.18925 0.248989 0.229611 0.438412 0.124739 0.227548 0.403342 0.0644026 0.304318 0.473395 0.113057 0.455544 0.394266 0.652115 0.408367 0.4912 0.233313 0.284405 0.368614 0.300077 0.237069 0.342412 0.190134 0.183775 0.16194 0.122692 0.165798 0.151151 0.116072 0.155712 0.170139
BD_Bspro_t
 0.970174 0.836219 0.678535 0.576516 0.588671 0.717835 0.724536 0.608296 0.636079 0.533157 0.51151 0.725266 0.617982 0.554869 0.452924 0.544729 0.617898 0.658964 0.699702 0.63041 0.624204 0.646777 0.633325 0.641008 0.746808 0.752415 0.772326 0.792364 0.825699 0.77553 0.745463
BD_Bspro
 1.26073 1.39139 0.77426 0.41398 0.428601 0.60004 0.866308 0.625113 0.497872 0.259275 0.175329 0.319892 0.34602 0.329086 0.22969 0.346741 0.694526 0.885136 1.39203 1.15688 1.36832 1.53639 1.23844 1.06345 1.57242 1.29101 1.17367 1.20436 1.60687 1.13524 0.839871
BD_Bo
 0.927209 1.0233 0.569434 0.304464 0.315217 0.441303 0.637131 0.459743 0.366163 0.190685 0.128947 0.235266 0.254482 0.242028 0.168927 0.255013 0.510793 0.650978 1.02378 0.850832 1.00634 1.12994 0.910819 0.782123 1.15645 0.949484 0.863186 0.885755 1.18178 0.834921 0.617688
BD_Brms
 3.93598 4.3439 2.41724 1.29244 1.33809 1.87332 2.70461 1.9516 1.55435 0.809454 0.547377 0.998701 1.08027 1.02741 0.717092 1.08252 2.16831 2.76339 4.34592 3.61176 4.27188 4.79659 3.86641 3.3201 4.9091 4.03054 3.66421 3.76001 5.01665 3.54422 2.62207
Sel_flota
 0.5 1 1 1 1
 0.5 1 1 1 1
 0.5 1 1 1 1
 0.5 1 1 1 1
 0.5 1 1 1 1
 0.5 1 1 1 1
 0.5 1 1 1 1
 0.5 1 1 1 1
 0.5 1 1 1 1
 0.5 1 1 1 1
 0.5 1 1 1 1
 0.5 1 1 1 1
 0.5 1 1 1 1
 0.5 1 1 1 1
 0.5 1 1 1 1
 0.5 1 1 1 1
 0.5 1 1 1 1
 0.5 1 1 1 1
 0.5 1 1 1 1
 0.5 1 1 1 1
 0.5 1 1 1 1
 0.5 1 1 1 1
 0.5 1 1 1 1
 0.5 1 1 1 1
 0.5 1 1 1 1
 0.5 1 1 1 1
 0.5 1 1 1 1
 0.5 1 1 1 1
 0.5 1 1 1 1
 0.5 1 1 1 1
 0.5 1 1 1 1
Sel_reclas
 0.5 1 1 1 1
 0.5 1 1 1 1
 0.5 1 1 1 1
 0.5 1 1 1 1
 0.5 1 1 1 1
 0.5 1 1 1 1
 0.5 1 1 1 1
 0.5 1 1 1 1
 0.5 1 1 1 1
 0.5 1 1 1 1
 0.5 1 1 1 1
 0.5 1 1 1 1
 0.5 1 1 1 1
 0.5 1 1 1 1
 0.5 1 1 1 1
 0.5 1 1 1 1
 0.5 1 1 1 1
 0.5 1 1 1 1
 0.5 1 1 1 1
 0.5 1 1 1 1
 0.5 1 1 1 1
 0.5 1 1 1 1
 0.5 1 1 1 1
 0.5 1 1 1 1
 0.5 1 1 1 1
 0.5 1 1 1 1
 0.5 1 1 1 1
 0.5 1 1 1 1
 0.5 1 1 1 1
 0.5 1 1 1 1
 0.5 1 1 1 1
Sel_pelaces
 0.5 1 1 1 1
 0.5 1 1 1 1
 0.5 1 1 1 1
 0.5 1 1 1 1
 0.5 1 1 1 1
 0.5 1 1 1 1
 0.5 1 1 1 1
 0.5 1 1 1 1
 0.5 1 1 1 1
 0.5 1 1 1 1
 0.5 1 1 1 1
 0.5 1 1 1 1
 0.5 1 1 1 1
 0.5 1 1 1 1
 0.5 1 1 1 1
 0.5 1 1 1 1
 0.5 1 1 1 1
 0.5 1 1 1 1
 0.5 1 1 1 1
 0.5 1 1 1 1
 0.5 1 1 1 1
 0.5 1 1 1 1
 0.5 1 1 1 1
 0.5 1 1 1 1
 0.5 1 1 1 1
 0.5 1 1 1 1
 0.5 1 1 1 1
 0.5 1 1 1 1
 0.5 1 1 1 1
 0.5 1 1 1 1
 0.5 1 1 1 1
pf_obs 
 0.8446 0.082 0.0669 0.0065 0
 0.8095 0.147 0.0364 0.0071 0
 0.9664 0.0169 0.016 0.0007 0
 0.9276 0.0648 0.0075 0.0001 0
 0.7033 0.2144 0.0806 0.0017 0
 0.9318 0.0425 0.0243 0.0014 0
 0.5671 0.3108 0.0964 0.0239 0.0018
 0.0768 0.2599 0.5324 0.112 0.0189
 0.490249 0.384438 0.106611 0.0170017 0.00170017
 0.7925 0.1577 0.0466 0.003 0.0002
 0.840416 0.127587 0.0312969 0.00059994 9.999e-05
 0.8084 0.0986 0.0794 0.0134 0.0002
 0.7335 0.1905 0.0724 0.0035 0.0001
 0.4001 0.4547 0.1325 0.0127 0
 0.49795 0.308269 0.164784 0.0264974 0.00249975
 0.9179 0.0499 0.0305 0.0017 0
 0.2467 0.6533 0.0926 0.0074 0
 0.9418 0.0223 0.034 0.0019 0
 0.707729 0.231977 0.0356964 0.0245975 0
 0.517169 0.277429 0.184464 0.0207286 0.00020938
 0.811772 0.124168 0.05621 0.00726502 0.000585176
 0.764997 0.148141 0.077277 0.00933861 0.000247198
 0.163321 0.427699 0.378323 0.0303852 0.000271297
 0.753843 0.0900009 0.118128 0.0371064 0.000921714
 0.721811 0.176058 0.0630433 0.0369309 0.00215725
 0.143369 0.312575 0.442814 0.0836902 0.0175525
 0.692698 0.0596174 0.167031 0.0765114 0.00414204
 0.394062 0.376323 0.152708 0.0712218 0.00568511
 0.125707 0.32114 0.495352 0.0537591 0.00404204
 0.23352 0.215282 0.420074 0.123614 0.00750983
 0.774587 0.0839891 0.0768558 0.0609784 0.00358967
pf_pred 
 0.630646 0.233476 0.0858911 0.0315976 0.0183891
 0.144867 0.669719 0.117204 0.0431171 0.0250931
 0.347372 0.174492 0.374464 0.0655332 0.0381388
 0.673451 0.173946 0.0408011 0.0875603 0.0242414
 0.625727 0.308753 0.0349017 0.00818661 0.0224327
 0.633337 0.284615 0.0676846 0.00765113 0.00671234
 0.370749 0.495275 0.103997 0.0247316 0.00524834
 0.229483 0.440029 0.260123 0.0546201 0.0157457
 0.254014 0.281777 0.265102 0.156715 0.0423929
 0.650075 0.149521 0.0756972 0.0712177 0.0534889
 0.747577 0.204726 0.0203807 0.010318 0.0169983
 0.605671 0.338974 0.0448954 0.00446938 0.00599034
 0.590202 0.319308 0.0777874 0.0103026 0.00240029
 0.458378 0.414042 0.0994081 0.0242171 0.0039547
 0.658859 0.230079 0.0849016 0.0203842 0.00577678
 0.826701 0.141035 0.0217598 0.00802961 0.00247419
 0.433035 0.520048 0.0381824 0.00589104 0.00284369
 0.783193 0.134605 0.0753998 0.00553592 0.00126641
 0.526904 0.41974 0.0331259 0.0185557 0.00167404
 0.499955 0.356748 0.127136 0.0100336 0.00612742
 0.575878 0.29108 0.0949165 0.0338258 0.00429979
 0.574841 0.316545 0.0745432 0.0243073 0.00976365
 0.27554 0.543242 0.134923 0.031773 0.0145223
 0.652559 0.154932 0.144354 0.0358526 0.0123019
 0.490148 0.407197 0.0457761 0.0426508 0.0142277
 0.375368 0.417597 0.16535 0.0185882 0.0230965
 0.598071 0.222986 0.119632 0.047369 0.0119417
 0.556981 0.335637 0.0595742 0.0319617 0.0158458
 0.266176 0.531631 0.153185 0.0271896 0.0218193
 0.39538 0.259255 0.250205 0.0720944 0.0230654
 0.737488 0.151723 0.0475054 0.0458472 0.0174369
pobs_RECLAS
 0 0 0 0 0
 0 0 0 0 0
 0 0 0 0 0
 0 0 0 0 0
 0 0 0 0 0
 0 0 0 0 0
 0 0 0 0 0
 0 0 0 0 0
 0 0 0 0 0
 0 0 0 0 0
 0.991045 0.00858322 0.000360255 1.14367e-05 0
 0.934742 0.0480273 0.0164251 0.00080598 0
 0.827803 0.169806 0.00239088 0 0
 0.941827 0.0461693 0.0120037 0 0
 0.791401 0.0380133 0.147996 0.0225897 0
 0.846168 0.0940531 0.0597789 0 0
 0.134021 0.677848 0.182769 0.00536245 0
 0.80878 0.0450904 0.141981 0.00414843 0
 0.846168 0.0940531 0.0597789 0 0
 0.905697 0.0802665 0.012482 0.00150086 5.37128e-05
 0.989698 0.0102097 9.19794e-05 0 0
 0.975433 0.0193895 0.00387452 0.00125025 5.28907e-05
 0.303575 0.632131 0.0575291 0.00676475 0
 0.966965 0.00978017 0.0227588 0.000495775 0
 0.843318 0.132988 0.00938335 0.0141283 0.000182051
 0.564624 0.303363 0.111486 0.0197234 0.00080311
 0.826376 0.0876187 0.0782897 0.00655872 0.00115652
 0.89761 0.0855135 0.0140674 0.00269457 0.000114338
 0.34875 0.467042 0.161289 0.0227151 0.000203297
 0.318654 0.224769 0.449479 0.00709798 0
 0.937255 0.0296025 0.0250945 0.00804832 0
ppred_RECLAS
 0.632697 0.23218 0.0854142 0.0314221 0.0182869
 0.146364 0.668546 0.116999 0.0430416 0.0250492
 0.349862 0.173826 0.373035 0.0652832 0.0379933
 0.678616 0.171194 0.0401558 0.0861753 0.023858
 0.627031 0.307677 0.03478 0.00815808 0.0223545
 0.635853 0.282662 0.0672201 0.00759861 0.00666627
 0.375729 0.491354 0.103174 0.0245358 0.00520679
 0.229972 0.439749 0.259958 0.0545854 0.0157357
 0.256904 0.280685 0.264075 0.156108 0.0422287
 0.655952 0.14701 0.0744258 0.0700215 0.0525905
 0.748522 0.20396 0.0203044 0.0102794 0.0169347
 0.611561 0.333911 0.0442248 0.00440262 0.00590086
 0.595202 0.315412 0.0768385 0.0101769 0.002371
 0.468082 0.406624 0.0976272 0.0237832 0.00388385
 0.6637 0.226813 0.0836966 0.0200949 0.00569479
 0.830559 0.137896 0.0212755 0.00785089 0.00241912
 0.435778 0.517531 0.0379976 0.00586253 0.00282993
 0.785567 0.133131 0.0745742 0.0054753 0.00125255
 0.53166 0.41552 0.0327929 0.0183691 0.00165721
 0.503691 0.354082 0.126186 0.00995859 0.00608163
 0.578654 0.289175 0.0942954 0.0336044 0.00427165
 0.579106 0.313369 0.0737954 0.0240635 0.0096657
 0.277312 0.541913 0.134593 0.0316953 0.0144868
 0.654491 0.154071 0.143552 0.0356533 0.0122335
 0.492001 0.405718 0.0456098 0.0424958 0.014176
 0.376653 0.416739 0.16501 0.01855 0.023049
 0.599899 0.221972 0.119088 0.0471536 0.0118874
 0.558676 0.334353 0.0593463 0.0318394 0.0157852
 0.267184 0.5309 0.152974 0.0271523 0.0217893
 0.397078 0.258527 0.249503 0.0718919 0.0230007
 0.739001 0.150848 0.0472317 0.045583 0.0173364
pobs_PELACES
 0 0 0 0 0
 0 0 0 0 0
 0 0 0 0 0
 0 0 0 0 0
 0 0 0 0 0
 0 0 0 0 0
 0 0 0 0 0
 0 0 0 0 0
 0 0 0 0 0
 0 0 0 0 0
 0 0 0 0 0
 0 0 0 0 0
 0 0 0 0 0
 0 0 0 0 0
 0 0 0 0 0
 0 0 0 0 0
 0.505614 0.472636 0.0217494 0 0
 0 0 0 0 0
 0.443492 0.261883 0.143347 0.151278 0
 0.227955 0.32914 0.350689 0.0885471 0.00366901
 0.970185 0.0296113 0.000203453 0 0
 0.997202 0.00247181 0.000326279 0 0
 0.445219 0.490057 0.0546422 0.010081 0
 0.90214 0.0892962 0.00764917 0.000914606 0
 0 0 0 0 0
 0.581667 0.319106 0.0959925 0.00289975 0.000334073
 0.762889 0.0836404 0.116647 0.0363945 0.000428098
 0.88444 0.0763242 0.0277011 0.0115352 0
 0.521256 0.241999 0.230069 0.00667565 0
 0.616807 0.101726 0.260614 0.0208532 0
 0.833518 0.0704572 0.0857862 0.0102388 0
ppred_PELACES
 0.639923 0.227612 0.0837338 0.0308039 0.0179272
 0.151571 0.664468 0.116285 0.042779 0.0248964
 0.358528 0.171509 0.368063 0.064413 0.0374869
 0.694185 0.162901 0.0382105 0.0820008 0.0227023
 0.631832 0.303716 0.0343324 0.00805307 0.0220667
 0.644502 0.275949 0.0656236 0.00741815 0.00650795
 0.391464 0.47897 0.100573 0.0239174 0.00507556
 0.231859 0.438672 0.25932 0.0544516 0.0156972
 0.266606 0.27702 0.260627 0.15407 0.0416774
 0.673359 0.139572 0.0706603 0.0664788 0.0499297
 0.752017 0.201125 0.0200222 0.0101365 0.0166993
 0.62926 0.318696 0.0422097 0.00420202 0.00563199
 0.610773 0.303279 0.0738826 0.00978539 0.0022798
 0.494938 0.386094 0.092698 0.0225824 0.00368776
 0.67857 0.216784 0.0799959 0.0192064 0.00544299
 0.841661 0.12886 0.0198814 0.00733647 0.00226061
 0.445266 0.508829 0.0373587 0.00576395 0.00278235
 0.793366 0.128289 0.0718619 0.00527617 0.00120699
 0.546771 0.402114 0.0317348 0.0177765 0.00160374
 0.516064 0.345255 0.12304 0.00971033 0.00593002
 0.58816 0.282651 0.0921678 0.0328462 0.00417528
 0.592812 0.303165 0.0713923 0.0232799 0.00935095
 0.283643 0.537166 0.133414 0.0314176 0.0143598
 0.661315 0.151028 0.140716 0.0349491 0.0119919
 0.49868 0.400383 0.0450101 0.041937 0.0139896
 0.381417 0.413553 0.163748 0.0184082 0.0228728
 0.606447 0.218339 0.117139 0.0463819 0.0116929
 0.564815 0.329702 0.0585207 0.0313965 0.0155656
 0.270951 0.528171 0.152188 0.0270127 0.0216773
 0.403245 0.255882 0.246951 0.0711566 0.0227654
 0.744379 0.14774 0.0462584 0.0446437 0.0169792
pobs_pel_tallas
 0 0 0 0 0 0 0 0 0 0 0 0 0 0 0 0 0 0 0 0 0 0 0 0 0 0
 0 0 0 0 0 0 0 0 0 0 0 0 0 0 0 0 0 0 0 0 0 0 0 0 0 0
 0 0 0 0 0 0 0 0 0 0 0 0 0 0 0 0 0 0 0 0 0 0 0 0 0 0
 0 0 0 0 0 0 0 0 0 0 0 0 0 0 0 0 0 0 0 0 0 0 0 0 0 0
 0 0 0 0 0 0 0 0 0 0 0 0 0 0 0 0 0 0 0 0 0 0 0 0 0 0
 0 0 0 0 0 0 0 0 0 0 0 0 0 0 0 0 0 0 0 0 0 0 0 0 0 0
 0 0 0 0 0 0 0 0 0 0 0 0 0 0 0 0 0 0 0 0 0 0 0 0 0 0
 0 0 0 0 0 0 0 0 0 0 0 0 0 0 0 0 0 0 0 0 0 0 0 0 0 0
 0 0 0 0 0 0 0 0 0 0 0 0 0 0 0 0 0 0 0 0 0 0 0 0 0 0
 0 0 0 0 0 0 0 0 0 0 0 0 0 0 0 0 0 0 0 0 0 0 0 0 0 0
 0 0 0 0 0 0 0 0 0 0 0 0 0 0 0 0 0 0 0 0 0 0 0 0 0 0
 0 0 0 0 0 0 0 0 0 0 0 0 0 0 0 0 0 0 0 0 0 0 0 0 0 0
 0.00862536 0 0 0.000197151 0.00414017 0.0128641 0.00837892 0.0270097 0.101434 0.158115 0.152841 0.127902 0.109271 0.109419 0.0830992 0.0579132 0.0238553 0.00714673 0.00463305 0.00128148 0.00103504 0.000492878 0.000147863 0.000147863 4.92878e-05 0
 0 0 0 0 0 0 0 0 0 0 0 0 0 0 0 0 0 0 0 0 0 0 0 0 0 0
 0 0 0 0 0 0 0 0.0054083 0.00873648 0.0413646 0.0450493 0.0745869 0.0622846 0.0627006 0.0613931 0.0827291 0.12552 0.122667 0.0946155 0.0697135 0.0546179 0.0294188 0.0215738 0.0213955 0.0102223 0.00600262
 0 0 0 0 0.00359764 0.0251062 0.0480494 0.140153 0.205849 0.193036 0.1447 0.116669 0.0760912 0.0342217 0.00950174 0.001854 0.000860785 0 0 0 0.000165536 0 0.000143464 0 0 0
 0 0 0 0 0 0 0 0.000145254 0.000435761 0.0275982 0.070085 0.0708112 0.156366 0.174668 0.174014 0.160142 0.0824315 0.0480064 0.0283245 0.00493863 0.00203355 0 0 0 0 0
 0 0 0 0 0 0 0 0 0 0 0 0 0 0 0 0 0 0 0 0 0 0 0 0 0 0
 0 0 1.00437e-05 0.000401748 0.00122533 0.00171747 0.00176769 0.0269171 0.070346 0.194647 0.189555 0.159765 0.064822 0.0314167 0.0384472 0.0292271 0.0345202 0.0313363 0.0194345 0.0106764 0.0143323 0.0359363 0.0279516 0.0138201 0.00172751 0
 0 0.0021121 0.0136068 0.0755702 0.200478 0.177729 0.0527432 0.0373336 0.0318909 0.0142505 0.0149659 0.0166563 0.0217959 0.0798694 0.0677717 0.0528807 0.04013 0.0224614 0.0357745 0.0225083 0.00881397 0.00855152 0.00135912 0.000746735 0 0
 0 0 0 0 5.4009e-05 0.00500934 0.000945158 0.0243581 0.138947 0.33067 0.221406 0.137944 0.0707744 0.0437923 0.0131692 0.00525238 0.0047753 0.00276346 9.45158e-05 9.00151e-06 2.25038e-05 9.00151e-06 4.50075e-06 0 0 0
 0.000866109 0.00284123 0.00948549 0.0512746 0.133035 0.25785 0.225252 0.132002 0.0553304 0.0519788 0.0540692 0.017754 0.00435017 0.00159236 0.00146478 0.000404838 0.000125132 0.000115318 0.000107957 0.000100596 0 0 0 0 0 0
 0 0 0 0 0.00144013 0.00171154 0.00461396 0.0210425 0.0478622 0.0707936 0.0888783 0.103762 0.0637923 0.0337046 0.0602308 0.124433 0.169614 0.0934646 0.0462172 0.0250306 0.0313229 0.00938855 0.002487 0.000210481 0 0
 0 0.00764035 0.051015 0.0998891 0.058973 0.0496711 0.0374665 0.0718981 0.12319 0.153886 0.159021 0.0857701 0.0377988 0.023471 0.0147837 0.00900784 0.00315554 0.000888139 0.00291439 0.00214683 0.00393193 0.00274676 0.000635225 9.99891e-05 0 0
 0 0 0 0 0 0 0 0 0 0 0 0 0 0 0 0 0 0 0 0 0 0 0 0 0 0
 0 0 0 0 0 0 0 0 0 0 0 0 0 0 0 0 0 0 0 0 0 0 0 0 0 0
 0 0 0 0 0 0 0 0 0 0 0 0 0 0 0 0 0 0 0 0 0 0 0 0 0 0
 0 0 0 0 0 0 0 0 0 0 0 0 0 0 0 0 0 0 0 0 0 0 0 0 0 0
 0 0 0 0 0 0 0 0 0 0 0 0 0 0 0 0 0 0 0 0 0 0 0 0 0 0
 0 0 0 0 0 0 0 0 0 0 0 0 0 0 0 0 0 0 0 0 0 0 0 0 0 0
 0 0 0 0 0 0 0 0 0 0 0 0 0 0 0 0 0 0 0 0 0 0 0 0 0 0
ppred_pel_tallas
 1.08598e-16 5.27097e-05 0.000512357 0.00340479 0.0154777 0.048157 0.102604 0.149759 0.149781 0.102712 0.0485188 0.016524 0.00603571 0.00627089 0.0110344 0.0182784 0.02661 0.0340703 0.0386991 0.0396105 0.0374906 0.0340375 0.0308147 0.0284354 0.0265724 0.0245369
 1.12029e-16 1.24849e-05 0.000121358 0.000806466 0.00366612 0.011407 0.0243062 0.035489 0.0355531 0.0246194 0.0124587 0.00670441 0.00843536 0.0167833 0.0316808 0.0524201 0.0756695 0.0955007 0.105877 0.104043 0.0921555 0.0757635 0.0603985 0.0489447 0.0413165 0.0358669
 1.23469e-16 2.95315e-05 0.000287057 0.00190759 0.00867166 0.0269808 0.0574861 0.0839063 0.0839234 0.0575699 0.0272637 0.00949592 0.00400381 0.00495332 0.00915682 0.0157861 0.024365 0.0340562 0.0439476 0.053536 0.0627488 0.0713781 0.0784829 0.0824418 0.0817397 0.075882
 1.1321e-16 5.71791e-05 0.000555802 0.0036935 0.0167901 0.0522404 0.111304 0.162455 0.162471 0.111381 0.0524991 0.0175383 0.00557482 0.00467371 0.00791178 0.0130836 0.0190787 0.0245297 0.0281288 0.0293897 0.0289774 0.0282385 0.0282819 0.0293125 0.0306375 0.0311957
 1.05611e-16 5.20432e-05 0.000505878 0.00336174 0.015282 0.0475481 0.101307 0.147867 0.147897 0.10145 0.0480282 0.0166685 0.00684158 0.00810111 0.0144733 0.0238367 0.0343165 0.043128 0.0474781 0.0461055 0.0400483 0.0319564 0.0245113 0.0191717 0.0159658 0.0140976
 1.0381e-16 5.30868e-05 0.000516023 0.00342915 0.0155885 0.0485016 0.103339 0.150832 0.150858 0.103469 0.0489388 0.0168518 0.00660238 0.00744973 0.0132405 0.0218547 0.0315924 0.0399668 0.0444679 0.0439215 0.0391566 0.0323824 0.0258085 0.0206 0.0167787 0.0138015
 1.06283e-16 3.22445e-05 0.000313428 0.00208284 0.00946831 0.0294597 0.0627687 0.0916224 0.0916686 0.0629945 0.0302182 0.0116599 0.00758662 0.0123369 0.0228924 0.0378611 0.0546925 0.0691021 0.0767275 0.075539 0.0670092 0.0550295 0.0434948 0.0344638 0.0279662 0.0230094
 1.15713e-16 1.9098e-05 0.00018564 0.00123364 0.00560799 0.0174488 0.037178 0.0542713 0.0543139 0.0373863 0.0181491 0.00763509 0.00633755 0.0113793 0.0214302 0.0357967 0.0524977 0.0679741 0.0785557 0.0824898 0.0808131 0.0762708 0.071243 0.0664242 0.0610849 0.0542741
 1.30096e-16 2.196e-05 0.000213459 0.00141851 0.00644837 0.0200634 0.0427483 0.062398 0.0624251 0.0428809 0.0205099 0.00774324 0.00468899 0.00742054 0.0139105 0.0234957 0.0351151 0.0468797 0.0568896 0.0643704 0.0700243 0.0751642 0.0803468 0.0846867 0.0863606 0.0837758
 1.17192e-16 5.54638e-05 0.000539127 0.00358269 0.0162864 0.0506731 0.107965 0.157581 0.157594 0.108031 0.0508962 0.0169321 0.0052094 0.00411011 0.00689753 0.0114782 0.0169272 0.0221638 0.0261665 0.0285831 0.0299635 0.0313269 0.0333811 0.0360073 0.0383432 0.0393056
 1.04472e-16 6.19427e-05 0.000602105 0.0040012 0.0181889 0.0565925 0.120577 0.17599 0.176009 0.120672 0.0569103 0.0191069 0.00630519 0.00563072 0.00960954 0.0157826 0.0227189 0.0285561 0.0314514 0.0305842 0.0266613 0.0214553 0.0167476 0.0134869 0.0116496 0.0106497
 1.02675e-16 5.18314e-05 0.00050382 0.00334806 0.0152198 0.0473546 0.100895 0.147266 0.147297 0.101045 0.0478585 0.016675 0.00700039 0.00847579 0.0151888 0.0250192 0.0360146 0.0452422 0.0497432 0.0481455 0.0414735 0.032444 0.0238416 0.0172382 0.0127923 0.00986596
 1.03577e-16 5.03087e-05 0.000489018 0.0032497 0.0147727 0.0459634 0.0979311 0.142939 0.142969 0.0980741 0.046444 0.0161613 0.00673772 0.00811087 0.0145474 0.0240267 0.034737 0.0439521 0.0489111 0.0483163 0.043065 0.0355676 0.0282369 0.0223492 0.0179429 0.0144553
 1.05663e-16 4.07675e-05 0.000396274 0.00263338 0.011971 0.0372464 0.0793588 0.115834 0.115872 0.079541 0.0378583 0.013739 0.00707436 0.010101 0.0185014 0.0305992 0.0442559 0.056031 0.0624295 0.0618223 0.0553735 0.0461608 0.0372388 0.0301821 0.0249618 0.0207773
 1.05212e-16 5.5893e-05 0.0005433 0.00361042 0.0164125 0.0510653 0.108801 0.158802 0.158823 0.108903 0.0514098 0.0174085 0.00611469 0.00602329 0.0105021 0.0173749 0.0252614 0.0322659 0.0364831 0.0370216 0.0344884 0.0304776 0.0265032 0.0232393 0.0205253 0.0178832
 1.01726e-16 6.93265e-05 0.000673879 0.00447816 0.0203571 0.0633385 0.13495 0.196966 0.196978 0.135011 0.0635423 0.0209459 0.00595646 0.00390171 0.00620168 0.0101486 0.0146267 0.0184238 0.0203555 0.0198787 0.0174104 0.0140351 0.0108459 0.00843072 0.00680399 0.0056713
 1.02258e-16 3.66761e-05 0.000356505 0.0023691 0.0107696 0.0335085 0.0713953 0.104214 0.104263 0.0716346 0.034312 0.0130894 0.00818927 0.0130525 0.0241209 0.0397454 0.0570786 0.0714128 0.0779706 0.0745431 0.0628195 0.0472769 0.0325622 0.0213848 0.0141242 0.00977071
 1.02841e-16 6.53485e-05 0.000635211 0.0042212 0.019189 0.0597041 0.127206 0.185664 0.185676 0.127267 0.0599087 0.019781 0.00571124 0.00390113 0.00630632 0.010422 0.0152382 0.0196416 0.0225238 0.0233417 0.0223818 0.0204601 0.0183261 0.0162755 0.0142073 0.0119449
 1.03073e-16 4.50369e-05 0.000437775 0.00290917 0.0132247 0.0411471 0.0876697 0.127965 0.128003 0.0878589 0.0417822 0.0150586 0.00751067 0.010477 0.0190943 0.031451 0.0451991 0.0566264 0.0619832 0.0595506 0.0506785 0.0388939 0.0278206 0.0195158 0.0141778 0.0109203
 1.05617e-16 4.25076e-05 0.000413189 0.00274579 0.012482 0.0388362 0.0827459 0.120777 0.12081 0.0829091 0.0393846 0.0140672 0.0067305 0.00912989 0.0166498 0.0275949 0.0400641 0.0510375 0.0574333 0.0577813 0.0530175 0.0456964 0.038311 0.0320844 0.0269471 0.0223084
 1.06733e-16 4.8446e-05 0.000470913 0.00312938 0.0142257 0.0442617 0.0943052 0.137647 0.137674 0.0944388 0.0447105 0.0155233 0.00639078 0.00760524 0.0136411 0.0225889 0.0328043 0.0418207 0.0471469 0.0476298 0.0440951 0.0386773 0.0334104 0.0292107 0.0258604 0.0226833
 1.06055e-16 4.88292e-05 0.000474637 0.00315413 0.0143382 0.0446118 0.0950512 0.138736 0.138765 0.0951942 0.0450922 0.0157266 0.00664161 0.00809615 0.0145482 0.0240391 0.0347792 0.0440651 0.0491708 0.0488433 0.044025 0.0371519 0.0306172 0.025615 0.0220428 0.0191715
 1.09569e-16 2.33634e-05 0.000227101 0.00150917 0.00686048 0.0213458 0.0454814 0.0663922 0.0664441 0.0457348 0.0221972 0.00932093 0.00768992 0.0137353 0.0257236 0.0426095 0.0616606 0.0781348 0.0871935 0.0865916 0.0779611 0.0655788 0.0536647 0.044355 0.0375382 0.0320269
 1.09634e-16 5.44717e-05 0.000529484 0.00351861 0.0159951 0.0497668 0.106034 0.154763 0.154777 0.106106 0.0500097 0.0166993 0.00529599 0.00444152 0.00757834 0.0126895 0.0188548 0.0249317 0.0297706 0.0328209 0.0343616 0.0350923 0.0354511 0.0352671 0.0339888 0.0312023
 1.07975e-16 4.10757e-05 0.00039927 0.00265329 0.0120615 0.0375281 0.0799589 0.11671 0.116749 0.0801475 0.0381611 0.0138899 0.0072427 0.010418 0.0190692 0.0314646 0.0453389 0.0570681 0.0630045 0.0615172 0.0539892 0.0438894 0.0346748 0.0281439 0.0241959 0.0216835
 1.10548e-16 3.14169e-05 0.000305384 0.00202938 0.00922531 0.0287036 0.0611575 0.0892696 0.0893096 0.0613532 0.0293611 0.0111265 0.00680967 0.0107677 0.0199803 0.0331885 0.0482892 0.0617357 0.069901 0.0710755 0.0663924 0.0588583 0.0513336 0.0451018 0.0398834 0.0348105
 1.10067e-16 4.99523e-05 0.000485554 0.00322668 0.014668 0.0456378 0.0972369 0.141924 0.141946 0.0973405 0.0459862 0.0156762 0.00576479 0.00605091 0.0106925 0.0177901 0.0260773 0.0337583 0.0390287 0.0410648 0.040452 0.0386249 0.0367977 0.0352675 0.0335321 0.0309206
 1.07556e-16 4.65232e-05 0.000452222 0.00300517 0.0136611 0.0425049 0.0905624 0.132185 0.132217 0.0907179 0.0430269 0.0151691 0.00679197 0.00872399 0.0157718 0.0260433 0.0376168 0.0475371 0.052832 0.0521625 0.0466222 0.0389665 0.0319088 0.0268092 0.0235258 0.0211394
 1.10905e-16 2.2318e-05 0.000216939 0.00144164 0.0065535 0.0203906 0.0434463 0.0634218 0.0634729 0.0436957 0.0212285 0.00897513 0.00752643 0.0135205 0.0253484 0.0420286 0.0609116 0.077376 0.0867008 0.0866887 0.0789078 0.067471 0.0563985 0.0476663 0.0410897 0.0355002
 1.18181e-16 3.32148e-05 0.00032286 0.00214552 0.00975323 0.0303461 0.0646564 0.0943732 0.0943982 0.0647788 0.0307581 0.0109478 0.00516118 0.00696345 0.0128141 0.0215762 0.0321236 0.0426018 0.0511052 0.0567328 0.0599627 0.0619426 0.0633281 0.063706 0.0620137 0.0574553
 1.08724e-16 6.13135e-05 0.000595989 0.00396056 0.0180041 0.0560176 0.119352 0.174201 0.174215 0.119422 0.0562524 0.0186831 0.00566795 0.00433342 0.00719017 0.0118732 0.0173014 0.022205 0.0253531 0.0262344 0.0253668 0.0239048 0.0228533 0.0225056 0.0224499 0.021996
pSPR Fmed_Fpbrs
0.691103   0.285572 0.285572
Fs Fmed_Fpbrs
0.237226   1.005 1.005
SSBpbr Bo_Bmed_Bpbrs
1.98034e+06  1.2696e+06  466513 466513
Ro
203758
SPR SPRFo_SPRFmed_SPRFpbrs
1.45645e+06 1.00656e+06 415922
Fref
1.005
Nvult_r0
 297894 33045.2 10346.7 9985.52 3797.76
CTP_r0
 23354.9 4804.78 1504.41 1451.9 552.196
YTP_r0
391932
Np
 297402 152014 14868.9 4655.55 5887.34
Nvult_p0
 231208 131544 12866.6 4028.63 5094.55
CTP_p0
 77325.9 65936.1 6449.35 2019.34 2553.63
YTP_p0
 1.94156e+06
CBA_c0
856821
log_Ro
12.0447
likeval ReclasPelacesDesembMPH_pf_preclas_ppelaces_ptallas_desvR_qrecl_qpela
 19.2205 18.7721 0.722666 0.00314636 252.284 138.647 105.578 0 27.6412 0 0 3.40672 0 0 0
q_reclas_q_pelaces
1 1
M
1
N
 466495 89741.6 33014.1 12145.2 7068.23
 64232.6 156120 27321.8 10051.1 5849.52
 79300.5 20863.8 44774.3 7835.74 4560.22
 184794 26008.9 6100.71 13092.3 3624.66
 215712 54600 6172.03 1447.73 3967
 316889 74557.7 17730.7 2004.29 1758.36
 143853 104040 21846.2 5195.26 1102.5
 44519.2 43255.4 25570.4 5369.23 1547.83
 26903.5 15858.7 14920.3 8820.1 2385.93
 67389.3 8500.27 4303.39 4048.73 3040.84
 139609 19565.9 1947.8 986.105 1624.55
 158653 48536.7 6428.44 639.957 857.738
 158944 46476.6 11322.3 1499.58 349.372
 93905.5 48010.4 11526.9 2808.1 458.569
 131761 24934 9200.91 2209.07 626.039
 421051 39520 6097.41 2250.01 693.303
 192489 121165 8896.05 1372.54 662.547
 692632 63015.5 35298.5 2591.65 592.874
 515823 221029 17443.6 9771.17 881.525
 416555 157820 56243 4438.7 2710.68
 497468 131891 43007.7 15326.8 1948.28
 551501 162552 38279.3 12482.3 5013.82
 166849 170961 42460.9 9999.13 4570.24
 452899 55813.8 52003.1 12915.8 4431.72
 353989 151985 17085.8 15919.2 5310.43
 210531 120097 47552.8 5345.77 6642.31
 377737 72841.7 39079.7 15473.8 3900.95
 411590 127906 22702.8 12180.1 6038.6
 137269 140394 40453.2 7180.28 5762.08
 140789 47651.3 45988 13251 4239.45
 449909 47914 15002.2 14478.6 5506.59
pred_Ctot
 26830.5 9933.13 3654.2 1344.3 782.353
 4801.42 22197 3884.59 1429.06 831.68
 5488.1 2756.78 5916.12 1035.35 602.551
 23408 6046.06 1418.18 3043.45 842.592
 8286.85 4088.98 462.222 108.42 297.088
 21742.9 9771.02 2323.66 262.668 230.439
 16882.9 22553.4 4735.73 1126.21 238.995
 894.114 1714.44 1013.49 212.811 61.3487
 2430.41 2696.04 2536.5 1499.45 405.616
 9153.14 2105.27 1065.83 1002.75 753.13
 4872.75 1334.42 132.842 67.2535 110.796
 20810.7 11647 1542.59 153.567 205.826
 18267.5 9882.97 2407.62 318.877 74.2919
 16959 15318.7 3677.89 895.982 146.316
 15640.6 5461.81 2015.47 483.898 137.134
 59129.7 10087.5 1556.37 574.317 176.966
 13526 16243.9 1192.64 184.009 88.8239
 58713.7 10090.9 5652.5 415.012 94.9395
 55713.9 44382.6 3502.67 1962.05 177.01
 37138.3 26500.4 9444.06 745.325 455.164
 35492.1 17939.6 5849.82 2084.72 265.001
 55626.9 30631.8 7213.48 2352.2 944.82
 9639.37 19004.6 4720.08 1111.53 508.042
 25323.4 6012.34 5601.85 1391.31 477.391
 17519.7 14554.8 1636.21 1524.5 508.552
 7958.48 8853.82 3505.71 394.103 489.688
 19125.3 7130.68 3825.63 1514.78 381.875
 19055.7 11483 2038.18 1093.49 542.124
 4915.78 9818.24 2829.04 502.142 402.963
 6708.57 4398.88 4245.34 1223.26 391.361
 23354.9 4804.78 1504.41 1451.9 552.196
F
 0.0946252 0.18925 0.18925 0.18925 0.18925
 0.124494 0.248989 0.248989 0.248989 0.248989
 0.114805 0.229611 0.229611 0.229611 0.229611
 0.219206 0.438412 0.438412 0.438412 0.438412
 0.0623694 0.124739 0.124739 0.124739 0.124739
 0.113774 0.227548 0.227548 0.227548 0.227548
 0.201671 0.403342 0.403342 0.403342 0.403342
 0.0322013 0.0644026 0.0644026 0.0644026 0.0644026
 0.152159 0.304318 0.304318 0.304318 0.304318
 0.236697 0.473395 0.473395 0.473395 0.473395
 0.0565285 0.113057 0.113057 0.113057 0.113057
 0.227772 0.455544 0.455544 0.455544 0.455544
 0.197133 0.394266 0.394266 0.394266 0.394266
 0.326057 0.652115 0.652115 0.652115 0.652115
 0.204183 0.408367 0.408367 0.408367 0.408367
 0.2456 0.4912 0.4912 0.4912 0.4912
 0.116657 0.233313 0.233313 0.233313 0.233313
 0.142202 0.284405 0.284405 0.284405 0.284405
 0.184307 0.368614 0.368614 0.368614 0.368614
 0.150038 0.300077 0.300077 0.300077 0.300077
 0.118535 0.237069 0.237069 0.237069 0.237069
 0.171206 0.342412 0.342412 0.342412 0.342412
 0.0950669 0.190134 0.190134 0.190134 0.190134
 0.0918877 0.183775 0.183775 0.183775 0.183775
 0.0809702 0.16194 0.16194 0.16194 0.16194
 0.061346 0.122692 0.122692 0.122692 0.122692
 0.0828992 0.165798 0.165798 0.165798 0.165798
 0.0755756 0.151151 0.151151 0.151151 0.151151
 0.0580359 0.116072 0.116072 0.116072 0.116072
 0.0778558 0.155712 0.155712 0.155712 0.155712
 0.0850694 0.170139 0.170139 0.170139 0.170139
nmprior
 8.19 8.8 8.5 0
nm_flota  nm_reclas  nm_pelaces    nm_pelaL
inf 6.74057 8.53162 16.2308
cv_recla  cv_pelaces  cv_mph
0.396558 0.49128 1.73105
 ------------------------------------------------
Talla a la edad & desviaci?n 
 8 13.2811 15.8009 17.003 17.5766
 0.8 1.32811 1.58009 1.7003 1.75766
