years
 1991 1992 1993 1994 1995 1996 1997 1998 1999 2000 2001 2002 2003 2004 2005 2006 2007 2008 2009 2010 2011 2012 2013 2014 2015 2016 2017 2018 2019 2020 2021
reclasobs
 0 0 0 0 0 0 0 0 0 252601 567819 844713 477998 351125 339783 2.1784e+06 2.13404e+06 4.81314e+06 1.55562e+06 2.62356e+06 3.21686e+06 3.843e+06 1.13348e+06 3.07943e+06 1.97215e+06 2.03268e+06 2.025e+06 2.42433e+06 2.27542e+06 1.05018e+06 2.36338e+06
reclaspred
 3.31158e+06 1.88896e+06 959018 957184 955995 1.45721e+06 984677 885816 650649 484566 508713 632008 630286 514256 525170 1.26291e+06 1.27577e+06 2.68921e+06 2.24874e+06 1.70207e+06 3.02274e+06 2.45902e+06 2.00253e+06 3.0377e+06 2.29731e+06 2.03407e+06 2.37667e+06 2.49898e+06 2.09181e+06 1.35479e+06 1.93478e+06
pelacesobs
 0 0 0 0 0 0 0 0 0 0 0 0 0 0 0 552880 188675 0 991730 2.46772e+06 1.41603e+06 1.21717e+06 2.29649e+06 1.80582e+06 0 1.4828e+06 1.56532e+06 1.57751e+06 1.42118e+06 867257 1.10002e+06
pelacespred
 1.86265e+06 1.19394e+06 615373 499809 508339 799952 521552 551210 402589 287695 305975 320562 348988 306694 317784 628268 632436 1.51407e+06 1.32884e+06 940367 1.57812e+06 1.42328e+06 1.14026e+06 1.87449e+06 1.37979e+06 1.21194e+06 1.60701e+06 1.67079e+06 1.15054e+06 849965 1.19419e+06
mphobs
 0 0 0 0 0 0 0 0 0 0 0 498337 0 5186 125008 0 168611 109162 213762 579715 649985 157893 87575 83554 0 0 0 0 0 0 0
mphpred
 493351 331282 169063 91696.2 102159 113442 148446 100909 87747.4 62620.1 42268.1 58963.9 63749.2 55748.8 40800.4 50687.3 146340 144817 265455 207145 223382 274899 261946 220111 300614 248553 205285 216264 297208 207852 134587
desembarqueobs
 494567 514787 250237 358949 120608 361735 552515 73892 212993 205616 52469 317467 293654 387597 252695 516296 358380 742168 942051 627588 828172 859565 418607 520667 417249 300574 407403 355545 319650 289779 391294
desembarquepred
 494574 513222 251039 358970 120612 361748 552563 73895.2 213031 205652 52471.1 317529 293707 387654 252699 516280 358401 742102 941924 627505 828232 859600 418619 520688 417252 300577 407406 355538 319648 289788 391298
Reclutas
 237059 137253 135147 247685 198077 327635 138131 65732.5 60251.7 78413 142503 179264 150859 106454 110497 575768 132379 870889 509956 389359 593109 792021 172721 509118 427350 193467 429029 480209 146081 106990 395958
log_desv_Rt
 0.0537463 -0.492738 -0.5082 0.0975932 -0.125909 0.377337 -0.486361 -1.22897 -1.31603 -1.05257 -0.4552 -0.225708 -0.398218 -0.746855 -0.70958 0.94114 -0.528892 1.35495 0.819761 0.549938 0.970813 1.26002 -0.262889 0.818115 0.64304 -0.149458 0.64696 0.759656 -0.430401 -0.741831 0.566745
SSB
 4.55284e+06 3.0572e+06 1.56018e+06 846209 942768 1.04689e+06 1.36992e+06 931228 809768 577884 390067 544142 588303 514472 376523 467763 1.35049e+06 1.33643e+06 2.44972e+06 1.91162e+06 2.06146e+06 2.53687e+06 2.41735e+06 2.03127e+06 2.77419e+06 2.29374e+06 1.89445e+06 1.99577e+06 2.74276e+06 1.91814e+06 1.24202e+06
BT
 5.9923e+06 4.08363e+06 2.09553e+06 1.80007e+06 1.61603e+06 2.70255e+06 2.05846e+06 1.71352e+06 1.41633e+06 1.06078e+06 961580 1.22804e+06 1.31247e+06 1.32232e+06 1.20511e+06 2.301e+06 2.17326e+06 5.18598e+06 4.88722e+06 3.3809e+06 5.39539e+06 5.06674e+06 3.7782e+06 6.09319e+06 4.51336e+06 3.89349e+06 5.22417e+06 5.35515e+06 3.70645e+06 2.82421e+06 3.94434e+06
Ftot
 0.0935198 0.168321 0.163081 0.242018 0.0812968 0.16275 0.346726 0.0535605 0.208561 0.268527 0.0688561 0.322084 0.298214 0.477369 0.316222 0.275887 0.177658 0.184634 0.267287 0.235997 0.178326 0.226042 0.131978 0.113857 0.116471 0.0943853 0.113401 0.0948193 0.0954872 0.134585 0.135171
BD_Bspro_t
 0.985148 0.888557 0.766258 0.691895 0.68612 0.745796 0.736609 0.607464 0.656994 0.625753 0.599481 0.751101 0.648966 0.571183 0.479165 0.534126 0.674385 0.660392 0.730573 0.650066 0.625361 0.6698 0.684545 0.682439 0.76936 0.77653 0.783277 0.811533 0.846095 0.795894 0.744582
BD_Bspro
 2.83522 1.90383 0.971582 0.526965 0.587096 0.651938 0.8531 0.57991 0.504272 0.359869 0.242909 0.338857 0.366358 0.320381 0.234474 0.291293 0.840998 0.832243 1.52553 1.19043 1.28374 1.5798 1.50537 1.26495 1.72759 1.4284 1.17975 1.24284 1.70801 1.1945 0.773454
BD_Bo
 1.91474 1.28573 0.656147 0.35588 0.396489 0.440279 0.576131 0.391636 0.340555 0.243034 0.164046 0.228843 0.247415 0.216366 0.15835 0.196722 0.567959 0.562046 1.03025 0.803945 0.866962 1.0669 1.01663 0.854269 1.16671 0.964653 0.796728 0.839336 1.15349 0.806691 0.522344
BD_Brms
 3.48134 2.33769 1.193 0.647055 0.720888 0.800507 1.04751 0.712065 0.61919 0.44188 0.298265 0.416079 0.449846 0.393392 0.287909 0.357676 1.03265 1.0219 1.87318 1.46172 1.5763 1.93982 1.84843 1.55322 2.12129 1.75391 1.4486 1.52607 2.09725 1.46671 0.949716
Sel_flota
 0.86856 1 1 1 1
 0.86856 1 1 1 1
 0.86856 1 1 1 1
 0.86856 1 1 1 1
 0.86856 1 1 1 1
 0.86856 1 1 1 1
 0.86856 1 1 1 1
 0.86856 1 1 1 1
 0.86856 1 1 1 1
 0.86856 1 1 1 1
 0.86856 1 1 1 1
 0.86856 1 1 1 1
 0.86856 1 1 1 1
 0.86856 1 1 1 1
 0.86856 1 1 1 1
 0.86856 1 1 1 1
 0.86856 1 1 1 1
 0.86856 1 1 1 1
 0.86856 1 1 1 1
 0.86856 1 1 1 1
 0.86856 1 1 1 1
 0.86856 1 1 1 1
 0.86856 1 1 1 1
 0.86856 1 1 1 1
 0.86856 1 1 1 1
 0.86856 1 1 1 1
 0.86856 1 1 1 1
 0.86856 1 1 1 1
 0.86856 1 1 1 1
 0.86856 1 1 1 1
 0.86856 1 1 1 1
Sel_reclas
 1 1 1 1 1
 1 1 1 1 1
 1 1 1 1 1
 1 1 1 1 1
 1 1 1 1 1
 1 1 1 1 1
 1 1 1 1 1
 1 1 1 1 1
 1 1 1 1 1
 1 1 1 1 1
 1 1 1 1 1
 1 1 1 1 1
 1 1 1 1 1
 1 1 1 1 1
 1 1 1 1 1
 1 1 1 1 1
 1 1 1 1 1
 1 1 1 1 1
 1 1 1 1 1
 1 1 1 1 1
 1 1 1 1 1
 1 1 1 1 1
 1 1 1 1 1
 1 1 1 1 1
 1 1 1 1 1
 1 1 1 1 1
 1 1 1 1 1
 1 1 1 1 1
 1 1 1 1 1
 1 1 1 1 1
 1 1 1 1 1
Sel_pelaces
 1 1 1 1 1
 1 1 1 1 1
 1 1 1 1 1
 1 1 1 1 1
 1 1 1 1 1
 1 1 1 1 1
 1 1 1 1 1
 1 1 1 1 1
 1 1 1 1 1
 1 1 1 1 1
 1 1 1 1 1
 1 1 1 1 1
 1 1 1 1 1
 1 1 1 1 1
 1 1 1 1 1
 1 1 1 1 1
 1 1 1 1 1
 1 1 1 1 1
 1 1 1 1 1
 1 1 1 1 1
 1 1 1 1 1
 1 1 1 1 1
 1 1 1 1 1
 1 1 1 1 1
 1 1 1 1 1
 1 1 1 1 1
 1 1 1 1 1
 1 1 1 1 1
 1 1 1 1 1
 1 1 1 1 1
 1 1 1 1 1
pf_obs 
 0.8446 0.082 0.0669 0.0065 0
 0.8095 0.147 0.0364 0.0071 0
 0.9664 0.0169 0.016 0.0007 0
 0.9276 0.0648 0.0075 0.0001 0
 0.7033 0.2144 0.0806 0.0017 0
 0.9318 0.0425 0.0243 0.0014 0
 0.5671 0.3108 0.0964 0.0239 0.0018
 0.0768 0.2599 0.5324 0.112 0.0189
 0.490249 0.384438 0.106611 0.0170017 0.00170017
 0.7925 0.1577 0.0466 0.003 0.0002
 0.840416 0.127587 0.0312969 0.00059994 9.999e-05
 0.8084 0.0986 0.0794 0.0134 0.0002
 0.7335 0.1905 0.0724 0.0035 0.0001
 0.4001 0.4547 0.1325 0.0127 0
 0.49795 0.308269 0.164784 0.0264974 0.00249975
 0.9179 0.0499 0.0305 0.0017 0
 0.2467 0.6533 0.0926 0.0074 0
 0.9418 0.0223 0.034 0.0019 0
 0.707729 0.231977 0.0356964 0.0245975 0
 0.517169 0.277429 0.184464 0.0207286 0.00020938
 0.811772 0.124168 0.05621 0.00726502 0.000585176
 0.764997 0.148141 0.077277 0.00933861 0.000247198
 0.163321 0.427699 0.378323 0.0303852 0.000271297
 0.753843 0.0900009 0.118128 0.0371064 0.000921714
 0.721811 0.176058 0.0630433 0.0369309 0.00215725
 0.143369 0.312575 0.442814 0.0836902 0.0175525
 0.692698 0.0596174 0.167031 0.0765114 0.00414204
 0.394062 0.376323 0.152708 0.0712218 0.00568511
 0.125707 0.32114 0.495352 0.0537591 0.00404204
 0.23352 0.215282 0.420074 0.123614 0.00750983
 0.774587 0.0839891 0.0768558 0.0609784 0.00358967
pf_pred 
 0.426051 0.112707 0.437238 0.0240036 7.50477e-07
 0.409009 0.273401 0.0623655 0.241942 0.0132826
 0.548017 0.201903 0.115691 0.0263902 0.107999
 0.747315 0.148003 0.0467617 0.0267945 0.0311253
 0.644969 0.275617 0.0465145 0.0146963 0.0182031
 0.741329 0.175356 0.0646786 0.0109155 0.00772042
 0.473241 0.405437 0.0822461 0.0303357 0.00874064
 0.439706 0.288752 0.209 0.0423974 0.0201436
 0.521635 0.227554 0.129258 0.0935572 0.027996
 0.676805 0.181206 0.067543 0.0383664 0.0360796
 0.794561 0.146111 0.0332636 0.0123987 0.0136659
 0.723814 0.225756 0.0358663 0.00816532 0.00639815
 0.668615 0.250474 0.0661367 0.0105073 0.00426647
 0.608872 0.275362 0.0875008 0.0231042 0.00516106
 0.710478 0.188396 0.0711947 0.0226233 0.00730799
 0.924309 0.0562699 0.0126379 0.00477585 0.00200784
 0.39433 0.566263 0.0292951 0.00657948 0.0035317
 0.887689 0.0485006 0.0596583 0.00308636 0.00106526
 0.597586 0.363087 0.0169832 0.0208902 0.00145375
 0.594133 0.258077 0.133347 0.00623722 0.00820601
 0.737976 0.165585 0.0613218 0.0316845 0.00343186
 0.740694 0.198836 0.0382135 0.0141518 0.0081041
 0.326999 0.518207 0.118696 0.0228117 0.0132857
 0.739281 0.0941448 0.128261 0.0293784 0.00893445
 0.628088 0.285293 0.031278 0.0426126 0.0127288
 0.440521 0.370596 0.144892 0.0158852 0.0281063
 0.731843 0.127994 0.0928431 0.0362988 0.0110209
 0.690232 0.235482 0.0354573 0.0257198 0.0131087
 0.361106 0.460648 0.135501 0.0204029 0.0223427
 0.428349 0.226361 0.248957 0.0732315 0.0231019
 0.82167 0.0830578 0.0377257 0.0414916 0.0160551
pobs_RECLAS
 0 0 0 0 0
 0 0 0 0 0
 0 0 0 0 0
 0 0 0 0 0
 0 0 0 0 0
 0 0 0 0 0
 0 0 0 0 0
 0 0 0 0 0
 0 0 0 0 0
 0 0 0 0 0
 0.991045 0.00858322 0.000360255 1.14367e-05 0
 0.934742 0.0480273 0.0164251 0.00080598 0
 0.827803 0.169806 0.00239088 0 0
 0.941827 0.0461693 0.0120037 0 0
 0.791401 0.0380133 0.147996 0.0225897 0
 0.846168 0.0940531 0.0597789 0 0
 0.134021 0.677848 0.182769 0.00536245 0
 0.80878 0.0450904 0.141981 0.00414843 0
 0.846168 0.0940531 0.0597789 0 0
 0.905697 0.0802665 0.012482 0.00150086 5.37128e-05
 0.989698 0.0102097 9.19794e-05 0 0
 0.975433 0.0193895 0.00387452 0.00125025 5.28907e-05
 0.303575 0.632131 0.0575291 0.00676475 0
 0.966965 0.00978017 0.0227588 0.000495775 0
 0.843318 0.132988 0.00938335 0.0141283 0.000182051
 0.564624 0.303363 0.111486 0.0197234 0.00080311
 0.826376 0.0876187 0.0782897 0.00655872 0.00115652
 0.89761 0.0855135 0.0140674 0.00269457 0.000114338
 0.34875 0.467042 0.161289 0.0227151 0.000203297
 0.318654 0.224769 0.449479 0.00709798 0
 0.937255 0.0296025 0.0250945 0.00804832 0
ppred_RECLAS
 0.461086 0.105827 0.410548 0.0225383 7.04666e-07
 0.443972 0.257226 0.058676 0.227629 0.0124968
 0.58312 0.186222 0.106706 0.0243406 0.0996117
 0.773545 0.13264 0.0419077 0.0240132 0.0278944
 0.676746 0.250948 0.0423513 0.0133809 0.0165738
 0.76778 0.157425 0.0580648 0.00979929 0.00693096
 0.509666 0.377401 0.0765589 0.028238 0.00813624
 0.474814 0.270659 0.195904 0.0397408 0.0188814
 0.557292 0.210593 0.119623 0.0865835 0.0259092
 0.707574 0.163955 0.0611126 0.0347137 0.0326446
 0.81673 0.130344 0.0296741 0.0110608 0.0121912
 0.751914 0.202787 0.0322172 0.00733457 0.0057472
 0.699919 0.226813 0.0598891 0.0095147 0.00386344
 0.643549 0.250948 0.0797431 0.0210558 0.00470349
 0.739427 0.169558 0.064076 0.0203612 0.00657727
 0.933826 0.0491945 0.0110488 0.00417533 0.00175537
 0.428982 0.533867 0.0276191 0.00620306 0.00332965
 0.901197 0.0426676 0.0524834 0.00271518 0.000937143
 0.63179 0.332226 0.0155397 0.0191146 0.00133019
 0.628334 0.23633 0.12211 0.00571163 0.00751452
 0.7647 0.148697 0.0550676 0.028453 0.00308184
 0.767354 0.178394 0.0342848 0.0126968 0.00727092
 0.359099 0.493491 0.113035 0.0217237 0.012652
 0.765757 0.0845843 0.115236 0.026395 0.00802715
 0.660681 0.260291 0.028537 0.0388782 0.0116133
 0.475762 0.347252 0.135765 0.0148846 0.0263359
 0.758827 0.115114 0.0835006 0.0326462 0.00991191
 0.719753 0.213041 0.0320783 0.0232687 0.0118595
 0.394477 0.436587 0.128423 0.0193372 0.0211757
 0.463553 0.212421 0.233625 0.0687217 0.0216792
 0.84161 0.0737708 0.0335074 0.0368522 0.0142599
pobs_PELACES
 0 0 0 0 0
 0 0 0 0 0
 0 0 0 0 0
 0 0 0 0 0
 0 0 0 0 0
 0 0 0 0 0
 0 0 0 0 0
 0 0 0 0 0
 0 0 0 0 0
 0 0 0 0 0
 0 0 0 0 0
 0 0 0 0 0
 0 0 0 0 0
 0 0 0 0 0
 0 0 0 0 0
 0 0 0 0 0
 0.505614 0.472636 0.0217494 0 0
 0 0 0 0 0
 0.443492 0.261883 0.143347 0.151278 0
 0.227955 0.32914 0.350689 0.0885471 0.00366901
 0.970185 0.0296113 0.000203453 0 0
 0.997202 0.00247181 0.000326279 0 0
 0.445219 0.490057 0.0546422 0.010081 0
 0.90214 0.0892962 0.00764917 0.000914606 0
 0 0 0 0 0
 0.581667 0.319106 0.0959925 0.00289975 0.000334073
 0.762889 0.0836404 0.116647 0.0363945 0.000428098
 0.88444 0.0763242 0.0277011 0.0115352 0
 0.521256 0.241999 0.230069 0.00667565 0
 0.616807 0.101726 0.260614 0.0208532 0
 0.833518 0.0704572 0.0857862 0.0102388 0
ppred_PELACES
 0.462094 0.105629 0.40978 0.0224962 7.03348e-07
 0.445775 0.256392 0.0584857 0.226891 0.0124563
 0.584838 0.185454 0.106266 0.0242403 0.0992011
 0.775378 0.131566 0.0415683 0.0238187 0.0276686
 0.677517 0.25035 0.0422503 0.013349 0.0165343
 0.769036 0.156574 0.0577507 0.00974628 0.00689346
 0.513424 0.374509 0.0759721 0.0280216 0.00807388
 0.475393 0.270361 0.195688 0.039697 0.0188606
 0.559523 0.209531 0.11902 0.0861472 0.0257786
 0.709979 0.162607 0.0606102 0.0344283 0.0323763
 0.817177 0.130026 0.0296018 0.0110338 0.0121615
 0.754511 0.200664 0.0318799 0.00725779 0.00568704
 0.702629 0.224765 0.0593483 0.00942878 0.00382855
 0.648285 0.247614 0.0786836 0.0207761 0.004641
 0.742061 0.167844 0.0634283 0.0201554 0.00651078
 0.934562 0.0486476 0.0109259 0.00412891 0.00173586
 0.43087 0.532101 0.0275277 0.00618255 0.00331864
 0.901907 0.0423607 0.0521058 0.00269564 0.000930401
 0.634483 0.329796 0.015426 0.0189748 0.00132046
 0.630721 0.234812 0.121326 0.00567494 0.00746625
 0.766089 0.147819 0.0547425 0.028285 0.00306365
 0.769099 0.177055 0.0340275 0.0126015 0.00721636
 0.360417 0.492476 0.112802 0.021679 0.012626
 0.766642 0.0842649 0.114801 0.0262953 0.00799683
 0.661812 0.259423 0.0284418 0.0387486 0.0115746
 0.476784 0.346576 0.135501 0.0148556 0.0262846
 0.759726 0.114685 0.0831893 0.0325245 0.00987496
 0.720581 0.212411 0.0319835 0.0231999 0.0118244
 0.395467 0.435873 0.128213 0.0193056 0.0211411
 0.465005 0.211846 0.232993 0.0685357 0.0216205
 0.84239 0.0734075 0.0333424 0.0366708 0.0141897
pobs_pel_tallas
 0 0 0 0 0 0 0 0 0 0 0 0 0 0 0 0 0 0 0 0 0 0 0 0 0 0
 0 0 0 0 0 0 0 0 0 0 0 0 0 0 0 0 0 0 0 0 0 0 0 0 0 0
 0 0 0 0 0 0 0 0 0 0 0 0 0 0 0 0 0 0 0 0 0 0 0 0 0 0
 0 0 0 0 0 0 0 0 0 0 0 0 0 0 0 0 0 0 0 0 0 0 0 0 0 0
 0 0 0 0 0 0 0 0 0 0 0 0 0 0 0 0 0 0 0 0 0 0 0 0 0 0
 0 0 0 0 0 0 0 0 0 0 0 0 0 0 0 0 0 0 0 0 0 0 0 0 0 0
 0 0 0 0 0 0 0 0 0 0 0 0 0 0 0 0 0 0 0 0 0 0 0 0 0 0
 0 0 0 0 0 0 0 0 0 0 0 0 0 0 0 0 0 0 0 0 0 0 0 0 0 0
 0 0 0 0 0 0 0 0 0 0 0 0 0 0 0 0 0 0 0 0 0 0 0 0 0 0
 0 0 0 0 0 0 0 0 0 0 0 0 0 0 0 0 0 0 0 0 0 0 0 0 0 0
 0 0 0 0 0 0 0 0 0 0 0 0 0 0 0 0 0 0 0 0 0 0 0 0 0 0
 0 0 0 0 0 0 0 0 0 0 0 0 0 0 0 0 0 0 0 0 0 0 0 0 0 0
 0.00862536 0 0 0.000197151 0.00414017 0.0128641 0.00837892 0.0270097 0.101434 0.158115 0.152841 0.127902 0.109271 0.109419 0.0830992 0.0579132 0.0238553 0.00714673 0.00463305 0.00128148 0.00103504 0.000492878 0.000147863 0.000147863 4.92878e-05 0
 0 0 0 0 0 0 0 0 0 0 0 0 0 0 0 0 0 0 0 0 0 0 0 0 0 0
 0 0 0 0 0 0 0 0.0054083 0.00873648 0.0413646 0.0450493 0.0745869 0.0622846 0.0627006 0.0613931 0.0827291 0.12552 0.122667 0.0946155 0.0697135 0.0546179 0.0294188 0.0215738 0.0213955 0.0102223 0.00600262
 0 0 0 0 0.00359764 0.0251062 0.0480494 0.140153 0.205849 0.193036 0.1447 0.116669 0.0760912 0.0342217 0.00950174 0.001854 0.000860785 0 0 0 0.000165536 0 0.000143464 0 0 0
 0 0 0 0 0 0 0 0.000145254 0.000435761 0.0275982 0.070085 0.0708112 0.156366 0.174668 0.174014 0.160142 0.0824315 0.0480064 0.0283245 0.00493863 0.00203355 0 0 0 0 0
 0 0 0 0 0 0 0 0 0 0 0 0 0 0 0 0 0 0 0 0 0 0 0 0 0 0
 0 0 1.00437e-05 0.000401748 0.00122533 0.00171747 0.00176769 0.0269171 0.070346 0.194647 0.189555 0.159765 0.064822 0.0314167 0.0384472 0.0292271 0.0345202 0.0313363 0.0194345 0.0106764 0.0143323 0.0359363 0.0279516 0.0138201 0.00172751 0
 0 0.0021121 0.0136068 0.0755702 0.200478 0.177729 0.0527432 0.0373336 0.0318909 0.0142505 0.0149659 0.0166563 0.0217959 0.0798694 0.0677717 0.0528807 0.04013 0.0224614 0.0357745 0.0225083 0.00881397 0.00855152 0.00135912 0.000746735 0 0
 0 0 0 0 5.4009e-05 0.00500934 0.000945158 0.0243581 0.138947 0.33067 0.221406 0.137944 0.0707744 0.0437923 0.0131692 0.00525238 0.0047753 0.00276346 9.45158e-05 9.00151e-06 2.25038e-05 9.00151e-06 4.50075e-06 0 0 0
 0.000866109 0.00284123 0.00948549 0.0512746 0.133035 0.25785 0.225252 0.132002 0.0553304 0.0519788 0.0540692 0.017754 0.00435017 0.00159236 0.00146478 0.000404838 0.000125132 0.000115318 0.000107957 0.000100596 0 0 0 0 0 0
 0 0 0 0 0.00144013 0.00171154 0.00461396 0.0210425 0.0478622 0.0707936 0.0888783 0.103762 0.0637923 0.0337046 0.0602308 0.124433 0.169614 0.0934646 0.0462172 0.0250306 0.0313229 0.00938855 0.002487 0.000210481 0 0
 0 0.00764035 0.051015 0.0998891 0.058973 0.0496711 0.0374665 0.0718981 0.12319 0.153886 0.159021 0.0857701 0.0377988 0.023471 0.0147837 0.00900784 0.00315554 0.000888139 0.00291439 0.00214683 0.00393193 0.00274676 0.000635225 9.99891e-05 0 0
 0 0 0 0 0 0 0 0 0 0 0 0 0 0 0 0 0 0 0 0 0 0 0 0 0 0
 0 0 0 0 0 0 0 0 0 0 0 0 0 0 0 0 0 0 0 0 0 0 0 0 0 0
 0 0 0 0 0 0 0 0 0 0 0 0 0 0 0 0 0 0 0 0 0 0 0 0 0 0
 0 0 0 0 0 0 0 0 0 0 0 0 0 0 0 0 0 0 0 0 0 0 0 0 0 0
 0 0 0 0 0 0 0 0 0 0 0 0 0 0 0 0 0 0 0 0 0 0 0 0 0 0
 0 0 0 0 0 0 0 0 0 0 0 0 0 0 0 0 0 0 0 0 0 0 0 0 0 0
 0 0 0 0 0 0 0 0 0 0 0 0 0 0 0 0 0 0 0 0 0 0 0 0 0 0
ppred_pel_tallas
 1.14109e-16 3.80621e-05 0.000369977 0.00245863 0.0111766 0.0347746 0.0740913 0.108141 0.108151 0.0741443 0.0349544 0.011704 0.00381202 0.00342196 0.00611947 0.0107982 0.017274 0.0252988 0.0345077 0.0445155 0.0547611 0.0641522 0.0709453 0.0732375 0.0698922 0.0612602
 1.26616e-16 3.67179e-05 0.000356912 0.0023718 0.0107819 0.0335466 0.0714755 0.104326 0.104351 0.0715968 0.0339545 0.0119617 0.00534007 0.00686028 0.0124613 0.0207487 0.0304053 0.0394235 0.0458885 0.0491893 0.0504784 0.0518479 0.0548048 0.0592136 0.0634011 0.0651785
 1.22333e-16 4.81724e-05 0.000468253 0.00311171 0.0141454 0.0440116 0.0937721 0.136867 0.136885 0.0938602 0.044308 0.0150035 0.00527341 0.00521316 0.00913728 0.0152381 0.0224501 0.02933 0.0344764 0.037361 0.0386625 0.0397286 0.0415806 0.0442405 0.046801 0.0480266
 1.08305e-16 6.38669e-05 0.000620809 0.0041255 0.0187539 0.0583504 0.124322 0.181455 0.181467 0.124384 0.0585595 0.0193584 0.00564531 0.00394707 0.00640673 0.01056 0.0153751 0.0197069 0.0224504 0.0231453 0.0222569 0.0208334 0.0198076 0.0194876 0.0195448 0.0193717
 1.05421e-16 5.58062e-05 0.000542456 0.00360481 0.016387 0.0509861 0.108632 0.158557 0.158581 0.10875 0.0513823 0.0175316 0.00647871 0.00681899 0.0119846 0.0197477 0.0284987 0.0359642 0.0398714 0.0391919 0.0347556 0.0286739 0.023048 0.0189669 0.0163772 0.0146126
 1.03851e-16 6.33445e-05 0.000615731 0.00409175 0.0186005 0.0578732 0.123306 0.179971 0.179986 0.12338 0.058122 0.0193199 0.00590024 0.00457298 0.00760622 0.0125459 0.0182343 0.0232816 0.0263074 0.0266659 0.0247961 0.0218548 0.0189459 0.0165703 0.0146238 0.0127655
 1.06465e-16 4.22901e-05 0.000411075 0.00273174 0.0124181 0.0386375 0.0823227 0.12016 0.120196 0.0824993 0.0392306 0.0141317 0.00703531 0.00981289 0.0179191 0.0296128 0.0427872 0.0540905 0.0601309 0.0593503 0.0529318 0.0439397 0.0354131 0.0289132 0.0243736 0.0209082
 1.1289e-16 3.91576e-05 0.000380626 0.00252939 0.0114983 0.0357755 0.0762245 0.111257 0.111284 0.0763532 0.0362084 0.012752 0.00568887 0.0073194 0.0133395 0.0223118 0.0328892 0.0429389 0.0502767 0.053859 0.0542732 0.0530481 0.0513978 0.0494787 0.046641 0.0422357
 1.16491e-16 4.60872e-05 0.000447984 0.00297701 0.0135331 0.0421065 0.0897132 0.130943 0.130964 0.0898128 0.0424415 0.0145028 0.00541976 0.00580989 0.0103171 0.0172177 0.0253606 0.0331063 0.0388349 0.0418776 0.042885 0.0432306 0.0439286 0.0449514 0.0453916 0.0441812
 1.10723e-16 5.848e-05 0.000568447 0.00377753 0.0171721 0.0534289 0.113836 0.166151 0.166167 0.113913 0.0536876 0.0179203 0.00565956 0.00469001 0.00792536 0.0131153 0.0191431 0.0246312 0.0282347 0.029392 0.0286602 0.0272853 0.0263464 0.0261485 0.0262354 0.0258518
 1.04053e-16 6.73098e-05 0.000654275 0.00434789 0.0197649 0.0614959 0.131024 0.191236 0.191249 0.131085 0.061702 0.0203604 0.00584383 0.00392376 0.00628814 0.0103199 0.0149343 0.0189431 0.0211882 0.0211528 0.0192657 0.0165916 0.0141609 0.0124606 0.0113889 0.0105514
 1.02662e-16 6.21481e-05 0.000604102 0.00401447 0.0182492 0.0567802 0.120977 0.176573 0.176593 0.121071 0.0570976 0.0191662 0.00631656 0.00563068 0.00961177 0.0158005 0.0227758 0.0286854 0.0316846 0.0309244 0.0270502 0.0217501 0.0167306 0.0129184 0.0103507 0.00858242
 1.03364e-16 5.78747e-05 0.000562563 0.00373843 0.0169944 0.0528759 0.112658 0.164433 0.164455 0.112765 0.0532322 0.0180241 0.00632542 0.00621692 0.0108169 0.0178439 0.0258224 0.032729 0.0365307 0.0362755 0.0326263 0.0273507 0.0222008 0.0180771 0.0149657 0.0124228
 1.05203e-16 5.33984e-05 0.000519052 0.00344928 0.01568 0.0487863 0.103945 0.151716 0.15174 0.104062 0.0491794 0.0168162 0.00630499 0.00676482 0.0119498 0.0197617 0.0286752 0.0365074 0.0410591 0.0413052 0.0379632 0.0329147 0.0279755 0.0240014 0.0208611 0.0180087
 1.04997e-16 6.11227e-05 0.000594134 0.00394823 0.0179481 0.0558433 0.118981 0.173659 0.173675 0.11906 0.0561101 0.0187197 0.0058883 0.0048404 0.00815829 0.0134768 0.0196112 0.0250917 0.0284579 0.0290361 0.0273071 0.0245023 0.0217704 0.0195884 0.0177733 0.0158985
 1.01036e-16 7.69786e-05 0.00074826 0.00497245 0.022604 0.0703296 0.149845 0.218704 0.218708 0.149868 0.0704066 0.0228268 0.00553193 0.00197086 0.00240265 0.00386012 0.00557673 0.00706325 0.00787839 0.0078222 0.0070484 0.00595099 0.0049165 0.00413674 0.00359216 0.00315984
 1.02113e-16 3.54903e-05 0.000344979 0.00229251 0.0104214 0.0324252 0.0690873 0.100846 0.100897 0.0693374 0.033265 0.012846 0.00837479 0.01361 0.025191 0.0414921 0.0595384 0.0743892 0.0810327 0.0771594 0.0645641 0.0479876 0.032365 0.020595 0.013101 0.00880195
 1.01943e-16 7.42889e-05 0.000722115 0.00479871 0.0218142 0.0678722 0.144609 0.211062 0.211066 0.144629 0.0679407 0.0220129 0.00530094 0.00182984 0.00221124 0.00362428 0.00541385 0.00722326 0.00872768 0.00975288 0.0103297 0.0105858 0.0105789 0.0102339 0.00943221 0.00815398
 1.02656e-16 5.22616e-05 0.000508001 0.00337585 0.0153461 0.0477477 0.101733 0.148488 0.14852 0.101888 0.0482682 0.0168491 0.00714643 0.00873217 0.015651 0.0257388 0.0369513 0.0462182 0.0504559 0.0482633 0.0407794 0.0309507 0.021808 0.0150763 0.0109128 0.00853949
 1.05394e-16 5.19517e-05 0.000504989 0.00335583 0.0152551 0.0474645 0.101129 0.147606 0.147628 0.10124 0.0478387 0.0163376 0.00607939 0.00647207 0.0114474 0.0190061 0.0277531 0.0356864 0.040768 0.0420067 0.0399574 0.0361743 0.0321069 0.0283614 0.0247762 0.020993
 1.04973e-16 6.31018e-05 0.000613372 0.00407607 0.0185292 0.0576514 0.122833 0.179281 0.179296 0.122903 0.0578865 0.0192089 0.00578512 0.00435444 0.00719836 0.0118807 0.0172991 0.0221608 0.0251925 0.0258169 0.0244708 0.0222401 0.0201169 0.0184782 0.0171035 0.0155609
 1.03513e-16 6.33497e-05 0.000615782 0.00409209 0.018602 0.057878 0.123316 0.179987 0.180004 0.123399 0.0581583 0.019412 0.00612613 0.00505911 0.00851105 0.0139943 0.0202112 0.0255417 0.0283814 0.0279998 0.0249681 0.0207507 0.0167983 0.0138532 0.0118718 0.0104066
 1.07692e-16 2.96872e-05 0.00028857 0.00191765 0.0087174 0.0271233 0.0577908 0.0843574 0.0844049 0.0580231 0.0279035 0.0109719 0.0075801 0.0126611 0.0235606 0.0389906 0.0563686 0.071313 0.0793595 0.0784324 0.0700377 0.0581423 0.0466963 0.0377549 0.0312978 0.026277
 1.07325e-16 6.31473e-05 0.000613814 0.00407901 0.0185426 0.057693 0.122921 0.179409 0.179417 0.122962 0.0578297 0.0189398 0.00508432 0.00283571 0.00436323 0.00732384 0.0110376 0.0149168 0.0183861 0.0211583 0.0233181 0.025076 0.0264198 0.0270003 0.0263547 0.0242547
 1.06732e-16 5.45127e-05 0.000529882 0.00352126 0.0160071 0.0498043 0.106114 0.154882 0.154907 0.106236 0.0502145 0.0171921 0.00649586 0.00702435 0.0123921 0.0204115 0.0294312 0.0370975 0.0410698 0.0403215 0.0357757 0.0296888 0.0242761 0.0206354 0.0185998 0.0173172
 1.09937e-16 3.92721e-05 0.000381739 0.00253679 0.0115319 0.0358802 0.0764478 0.111585 0.111618 0.0766118 0.0364312 0.0131251 0.00654259 0.00914891 0.0167558 0.0278117 0.0404655 0.0517384 0.0585982 0.0596271 0.0557955 0.0496449 0.043585 0.0386827 0.0346667 0.0307479
 1.07363e-16 6.25777e-05 0.000608277 0.00404222 0.0183753 0.0571726 0.121813 0.177791 0.177803 0.121867 0.0573563 0.0189076 0.00538407 0.00355661 0.00571839 0.00950343 0.0140357 0.0183969 0.0216902 0.0235102 0.0241361 0.02422 0.0242356 0.0241559 0.0235744 0.0220839
 1.05305e-16 5.93534e-05 0.000576936 0.00383394 0.0174286 0.0542268 0.115537 0.168634 0.168654 0.115637 0.054563 0.0183996 0.00627193 0.00590135 0.0101785 0.0167533 0.0241792 0.0305241 0.0338716 0.033369 0.0297436 0.0248028 0.0203248 0.0171974 0.0153102 0.0140229
 1.09326e-16 3.25742e-05 0.000316633 0.00210414 0.00956513 0.0297609 0.0634103 0.092558 0.0926001 0.0636161 0.0304524 0.0115638 0.00712644 0.0112978 0.0209391 0.0346995 0.0502979 0.0639135 0.0716529 0.0717044 0.0653588 0.0560029 0.0469448 0.039806 0.0344289 0.0298471
 1.1731e-16 3.83019e-05 0.000372308 0.00247412 0.011247 0.0349937 0.0745585 0.108825 0.108845 0.0746601 0.0353358 0.0122395 0.00498201 0.00590242 0.0107042 0.0180647 0.0270286 0.0361191 0.0438223 0.0494211 0.0532668 0.0561719 0.0584659 0.0595784 0.0584641 0.0544189
 1.0706e-16 6.93865e-05 0.000674462 0.00448204 0.0203747 0.0633933 0.135066 0.197135 0.197142 0.135101 0.0635104 0.0207137 0.00533574 0.00254715 0.00365329 0.00600381 0.00882223 0.0114905 0.0134465 0.0144805 0.0148636 0.0151288 0.01567 0.0164746 0.0171643 0.0172569
pSPR Fmed_Fpbrs
0.721977   0.6 0.325
Fs Fmed_Fpbrs
0.165497   0.267587 0.64829
SSBpbr Bo_Bmed_Bpbrs
2.37779e+06  1.59782e+06  1.30779e+06 653893
Ro
224655
SPR SPRFo_SPRFmed_SPRFpbrs
1.60582e+06 1.15936e+06 521890
Fref
0.267587
Nvult_r0
 266429 23763.8 10793.7 11871.2 4593.54
CTP_r0
 27993.3 2829.68 1285.27 1413.57 546.978
YTP_r0
391298
Np
 311298 129529 11253.4 5111.39 7428.24
Nvult_p0
 220527 93065.4 8085.44 3672.48 5337.12
CTP_p0
 41588.2 19646.1 1706.83 775.26 1126.66
YTP_p0
 730521
CBA_c0
493065
log_Ro
12.1423
likeval ReclasPelacesDesembMPH_pf_preclas_ppelaces_ptallas_desvR_qrecl_qpela
 15.8066 17.3335 0.0987254 0.000812107 241.44 120.311 98.113 0 22.8737 9.59283e-06 3.38687e-06 0.502573 6.91225e-16 0 0
q_reclas_q_pelaces
0.644751 0.769645
M
1
N
 237059 54744.6 212377 11659.1 0.364525
 137253 80405.6 18341.3 71153.9 3906.34
 135147 43625 24997.2 5702.11 23335.4
 247685 43151.6 13633.8 7812.16 9074.85
 198077 73843.7 12462.2 3937.44 4876.98
 327635 67900.6 25044.5 4226.63 2989.46
 138131 104642 21227.5 7829.55 2255.93
 65732.5 37601.8 27216.4 5521.06 2623.14
 60251.7 23082.5 13111.5 9490.18 2839.83
 78413 18492.8 6893.04 3915.45 3682.07
 142503 22845.6 5201.03 1938.64 2136.77
 179264 49380.7 7845.2 1786.04 1399.5
 150859 49854.4 13163.9 2091.37 849.198
 106454 42833.9 13611.2 3593.98 802.83
 110497 25870.1 9776.3 3106.59 1003.52
 575768 30886.8 6936.97 2621.48 1102.11
 132379 166681 8623.06 1936.68 1039.56
 870889 41736.1 51337.6 2655.9 916.682
 509956 272912 12765.3 15702 1092.7
 389359 148736 76850.6 3594.65 4729.3
 593109 116690 43214.4 22328.5 2418.48
 792021 186884 35916.6 13301.1 7616.97
 172721 239429 54841.6 10539.8 6138.45
 509118 56658.7 77190.7 17680.6 5376.98
 427350 169659 18600.5 25341 7569.6
 193467 142087 55551.9 6090.42 10776
 429029 65570.6 47563.1 18595.7 5645.96
 480209 143026 21536 15621.6 7961.94
 146081 162693 47856.6 7205.95 7891.06
 106990 49463.1 54400.7 16002.1 5048.09
 395958 35017.2 15905.1 17492.9 6768.82
pred_Ctot
 11768.7 3113.27 12077.7 663.044 0.0207302
 11942.2 7982.73 1820.94 7064.21 387.825
 11414 4205.2 2409.59 549.652 2249.4
 30195.4 5980.09 1889.41 1082.63 1257.62
 8585.66 3668.95 619.189 195.633 242.314
 27617.9 6532.82 2409.57 406.65 287.621
 23267.6 19933.8 4043.74 1491.5 429.746
 1895.9 1245.03 901.156 182.807 86.8542
 6404.39 2793.8 1586.96 1148.65 343.721
 10509 2813.67 1048.77 595.731 560.223
 5254.98 966.331 219.995 82.0012 90.3818
 28288.4 8823.09 1401.74 319.121 250.056
 22224 8325.47 2198.31 349.249 141.812
 23618.9 10681.6 3394.26 896.241 200.204
 17154 4548.67 1718.94 546.224 176.446
 79078.3 4814.12 1081.22 408.593 171.779
 12117.1 17400.3 900.188 202.176 108.523
 82641.9 4515.3 5554.06 287.334 99.1731
 68058.8 41351.8 1934.21 2379.18 165.567
 46383.4 20147.9 10410.3 486.934 640.636
 54480.5 12224.2 4527.04 2339.08 253.354
 90686.5 24344.4 4678.65 1732.66 992.221
 11936 18915.4 4332.61 832.666 484.951
 30548.6 3890.25 5300.01 1213.97 369.189
 26206.7 11903.7 1305.06 1777.99 531.103
 9690.44 8152.25 3187.28 349.438 618.273
 25644.2 4484.97 3253.27 1271.93 386.179
 24159.7 8242.39 1241.09 900.25 458.834
 7399.47 9439.2 2776.57 418.078 457.827
 7532.7 3980.65 4378.02 1287.81 406.256
 27993.3 2829.68 1285.27 1413.57 546.978
F
 0.0812276 0.0935198 0.0935198 0.0935198 0.0935198
 0.146197 0.168321 0.168321 0.168321 0.168321
 0.141645 0.163081 0.163081 0.163081 0.163081
 0.210207 0.242018 0.242018 0.242018 0.242018
 0.0706111 0.0812968 0.0812968 0.0812968 0.0812968
 0.141358 0.16275 0.16275 0.16275 0.16275
 0.301152 0.346726 0.346726 0.346726 0.346726
 0.0465205 0.0535605 0.0535605 0.0535605 0.0535605
 0.181148 0.208561 0.208561 0.208561 0.208561
 0.233232 0.268527 0.268527 0.268527 0.268527
 0.0598056 0.0688561 0.0688561 0.0688561 0.0688561
 0.279749 0.322084 0.322084 0.322084 0.322084
 0.259017 0.298214 0.298214 0.298214 0.298214
 0.414623 0.477369 0.477369 0.477369 0.477369
 0.274658 0.316222 0.316222 0.316222 0.316222
 0.239625 0.275887 0.275887 0.275887 0.275887
 0.154306 0.177658 0.177658 0.177658 0.177658
 0.160365 0.184634 0.184634 0.184634 0.184634
 0.232154 0.267287 0.267287 0.267287 0.267287
 0.204978 0.235997 0.235997 0.235997 0.235997
 0.154887 0.178326 0.178326 0.178326 0.178326
 0.196331 0.226042 0.226042 0.226042 0.226042
 0.114631 0.131978 0.131978 0.131978 0.131978
 0.0988914 0.113857 0.113857 0.113857 0.113857
 0.101162 0.116471 0.116471 0.116471 0.116471
 0.0819793 0.0943853 0.0943853 0.0943853 0.0943853
 0.0984957 0.113401 0.113401 0.113401 0.113401
 0.0823562 0.0948193 0.0948193 0.0948193 0.0948193
 0.0829363 0.0954872 0.0954872 0.0954872 0.0954872
 0.116895 0.134585 0.134585 0.134585 0.134585
 0.117404 0.135171 0.135171 0.135171 0.135171
nmprior
 8.19 8.8 8.5 0
nm_flota  nm_reclas  nm_pelaces    nm_pelaL
inf 11.6897 17.8493 42.3747
cv_recla  cv_pelaces  cv_mph
0.35962 0.47208 0.879452
 ------------------------------------------------
Talla a la edad & desviaci?n 
 8 13.2811 15.8009 17.003 17.5766
 0.8 1.32811 1.58009 1.7003 1.75766
