years
 1991 1992 1993 1994 1995 1996 1997 1998 1999 2000 2001 2002 2003 2004 2005 2006 2007 2008 2009 2010 2011 2012 2013 2014 2015 2016 2017 2018 2019 2020 2021
reclasobs
 0 0 0 0 0 0 0 0 0 252601 567819 844713 477998 351125 339783 2.1784e+06 2.13404e+06 4.81314e+06 1.55562e+06 2.62356e+06 3.21686e+06 3.843e+06 1.13348e+06 3.07943e+06 1.97215e+06 2.03268e+06 2.025e+06 2.42433e+06 2.27542e+06 1.05018e+06 2.36338e+06
reclaspred
 4.09981e+06 1.47373e+06 857717 470075 92208.7 1.72731e+06 587489 173714 546768 189854 315793 636723 566679 410849 312229 1.83464e+06 1.20941e+06 4.53371e+06 3.61843e+06 1.88549e+06 3.7724e+06 3.40774e+06 2.00613e+06 3.68947e+06 2.44659e+06 1.64323e+06 2.55713e+06 3.60667e+06 2.62976e+06 1.06497e+06 1.60807e+06
pelacesobs
 0 0 0 0 0 0 0 0 0 0 0 0 0 0 0 552880 188675 0 991730 2.46772e+06 1.41603e+06 1.21717e+06 2.29649e+06 1.80582e+06 0 1.4828e+06 1.56532e+06 1.57751e+06 1.42118e+06 867257 1.10002e+06
pelacespred
 1.06191e+06 389979 190392 69178.6 13246.8 407106 97302 39208.1 117535 30955.1 72107.4 119322 115725 81701.1 61322.1 366593 239797 1.12502e+06 879386 425980 862012 775287 461167 983667 612297 406664 741905 1.02295e+06 618939 288548 405908
mphobs
 0 0 0 0 0 0 0 0 0 0 0 498337 0 5186 125008 0 168611 109162 213762 579715 649985 157893 87575 83554 0 0 0 0 0 0 0
mphpred
 818754 383740 99768.7 86423.9 25785.7 4629.32 160615 35031.6 12581.3 42121 9186.43 34828.1 53567.3 35953.1 18832.8 19772.3 207979 121346 477881 320299 223560 348570 363079 214698 372546 259561 157799 239977 460636 249097 88939.7
desembarqueobs
 494567 514787 250237 358949 120608 361735 552515 73892 212993 205616 52469 317467 293654 387597 252695 516296 358380 742168 942051 627588 828172 859565 418607 520667 417249 300574 407403 355545 319650 289779 391294
desembarquepred
 494524 514662 249679 358709 120520 361543 551778 73863.2 212832 205397 52457.3 317195 293356 386955 252399 515912 358235 741710 940788 626606 827692 858805 418364 520464 416992 300358 407183 355385 319479 289540 391086
Reclutas
 16480.3 10533.2 188079 20512.9 7187.83 282517 11571.9 2933.39 57525.3 15366.8 50804.1 128357 81309.4 68156.8 46241.3 392845 17496.1 690592 315239 139642 382973 512958 24233.1 278024 170529 47775.5 228441 302082 27350.5 13342.3 159985
log_desv_Rt
 -1.41615 -1.86378 1.01855 -1.19726 -2.24592 1.42542 -1.76973 -3.14216 -0.16609 -1.48611 -0.290337 0.636504 0.179948 0.00349549 -0.384441 1.7551 -1.35634 2.31923 1.53502 0.720765 1.72965 2.02188 -1.03059 1.40939 0.920592 -0.351802 1.21296 1.49238 -0.90958 -1.62737 0.856762
SSB
 2.35918e+06 1.10572e+06 287476 249024 74299.6 13339 462799 100941 36252.2 121369 26470 100355 154350 103596 54265.3 56972.3 599275 349648 1.37698e+06 922918 644170 1.00438e+06 1.04618e+06 618635 1.07346e+06 747905 454685 691475 1.32729e+06 717755 256273
BT
 2.90401e+06 1.45697e+06 672137 419224 135934 1.26002e+06 711191 160536 463090 255578 210834 536539 529701 590081 391865 1.25265e+06 835573 3.26717e+06 2.91686e+06 1.57228e+06 2.69043e+06 2.56145e+06 1.42598e+06 2.76439e+06 1.80472e+06 1.21336e+06 2.1404e+06 2.71283e+06 1.69449e+06 974240 1.31948e+06
Ftot
 0.213531 0.592194 0.598345 1.24701 1.89913 0.500182 1.44402 0.738085 0.874608 1.71528 0.385185 1.03855 1.01807 1.76798 1.60983 0.655184 0.526799 0.377133 0.50933 0.622316 0.465085 0.518888 0.374249 0.308638 0.331385 0.343042 0.350449 0.218959 0.219743 0.476618 0.535622
BD_Bspro_t
 0.966509 0.73667 0.414432 0.401875 0.141224 0.0405552 0.468134 0.144955 0.0839449 0.248666 0.0946068 0.373019 0.320529 0.207161 0.115898 0.126055 0.468736 0.336958 0.595098 0.461994 0.341796 0.443814 0.477824 0.390656 0.555741 0.527926 0.472904 0.602599 0.722142 0.585713 0.388773
BD_Bspro
 4.85948 2.27758 0.592148 0.512944 0.153044 0.027476 0.953282 0.20792 0.0746729 0.249997 0.0545234 0.206712 0.317933 0.213389 0.111777 0.117353 1.2344 0.720212 2.83632 1.90104 1.32687 2.06883 2.15495 1.27428 2.21114 1.54055 0.936569 1.42431 2.73397 1.47844 0.527876
BD_Bo
 1.44223 0.675959 0.175742 0.152236 0.0454215 0.00815455 0.282923 0.0617082 0.022162 0.0741962 0.0161819 0.0613497 0.0943587 0.0633313 0.033174 0.0348288 0.366354 0.21375 0.841786 0.564207 0.3938 0.614005 0.639564 0.37819 0.65624 0.457216 0.277962 0.422719 0.811409 0.438784 0.156667
BD_Brms
 7.96984 3.73537 0.971159 0.84126 0.251001 0.0450623 1.56344 0.341002 0.122468 0.410011 0.0894217 0.339021 0.52143 0.349971 0.18332 0.192465 2.02449 1.18119 4.65174 3.11783 2.17615 3.39301 3.53425 2.08989 3.6264 2.52659 1.53603 2.33596 4.48388 2.42474 0.865749
Sel_flota
 0.71868 0.979814 0.998917 0.999943 0.999997
 0.71868 0.979814 0.998917 0.999943 0.999997
 0.71868 0.979814 0.998917 0.999943 0.999997
 0.71868 0.979814 0.998917 0.999943 0.999997
 0.71868 0.979814 0.998917 0.999943 0.999997
 0.71868 0.979814 0.998917 0.999943 0.999997
 0.71868 0.979814 0.998917 0.999943 0.999997
 0.71868 0.979814 0.998917 0.999943 0.999997
 0.71868 0.979814 0.998917 0.999943 0.999997
 0.71868 0.979814 0.998917 0.999943 0.999997
 0.71868 0.979814 0.998917 0.999943 0.999997
 0.71868 0.979814 0.998917 0.999943 0.999997
 0.71868 0.979814 0.998917 0.999943 0.999997
 0.71868 0.979814 0.998917 0.999943 0.999997
 0.71868 0.979814 0.998917 0.999943 0.999997
 0.71868 0.979814 0.998917 0.999943 0.999997
 0.71868 0.979814 0.998917 0.999943 0.999997
 0.71868 0.979814 0.998917 0.999943 0.999997
 0.71868 0.979814 0.998917 0.999943 0.999997
 0.71868 0.979814 0.998917 0.999943 0.999997
 0.71868 0.979814 0.998917 0.999943 0.999997
 0.71868 0.979814 0.998917 0.999943 0.999997
 0.71868 0.979814 0.998917 0.999943 0.999997
 0.71868 0.979814 0.998917 0.999943 0.999997
 0.71868 0.979814 0.998917 0.999943 0.999997
 0.71868 0.979814 0.998917 0.999943 0.999997
 0.71868 0.979814 0.998917 0.999943 0.999997
 0.71868 0.979814 0.998917 0.999943 0.999997
 0.71868 0.979814 0.998917 0.999943 0.999997
 0.71868 0.979814 0.998917 0.999943 0.999997
 0.71868 0.979814 0.998917 0.999943 0.999997
Sel_reclas
 1 1 1 1 1
 1 1 1 1 1
 1 1 1 1 1
 1 1 1 1 1
 1 1 1 1 1
 1 1 1 1 1
 1 1 1 1 1
 1 1 1 1 1
 1 1 1 1 1
 1 1 1 1 1
 1 1 1 1 1
 1 1 1 1 1
 1 1 1 1 1
 1 1 1 1 1
 1 1 1 1 1
 1 1 1 1 1
 1 1 1 1 1
 1 1 1 1 1
 1 1 1 1 1
 1 1 1 1 1
 1 1 1 1 1
 1 1 1 1 1
 1 1 1 1 1
 1 1 1 1 1
 1 1 1 1 1
 1 1 1 1 1
 1 1 1 1 1
 1 1 1 1 1
 1 1 1 1 1
 1 1 1 1 1
 1 1 1 1 1
Sel_pelaces
 1 1 1 1 1
 1 1 1 1 1
 1 1 1 1 1
 1 1 1 1 1
 1 1 1 1 1
 1 1 1 1 1
 1 1 1 1 1
 1 1 1 1 1
 1 1 1 1 1
 1 1 1 1 1
 1 1 1 1 1
 1 1 1 1 1
 1 1 1 1 1
 1 1 1 1 1
 1 1 1 1 1
 1 1 1 1 1
 1 1 1 1 1
 1 1 1 1 1
 1 1 1 1 1
 1 1 1 1 1
 1 1 1 1 1
 1 1 1 1 1
 1 1 1 1 1
 1 1 1 1 1
 1 1 1 1 1
 1 1 1 1 1
 1 1 1 1 1
 1 1 1 1 1
 1 1 1 1 1
 1 1 1 1 1
 1 1 1 1 1
pf_obs 
 0.8446 0.082 0.0669 0.0065 0
 0.8095 0.147 0.0364 0.0071 0
 0.9664 0.0169 0.016 0.0007 0
 0.9276 0.0648 0.0075 0.0001 0
 0.7033 0.2144 0.0806 0.0017 0
 0.9318 0.0425 0.0243 0.0014 0
 0.5671 0.3108 0.0964 0.0239 0.0018
 0.0768 0.2599 0.5324 0.112 0.0189
 0.490249 0.384438 0.106611 0.0170017 0.00170017
 0.7925 0.1577 0.0466 0.003 0.0002
 0.840416 0.127587 0.0312969 0.00059994 9.999e-05
 0.8084 0.0986 0.0794 0.0134 0.0002
 0.7335 0.1905 0.0724 0.0035 0.0001
 0.4001 0.4547 0.1325 0.0127 0
 0.49795 0.308269 0.164784 0.0264974 0.00249975
 0.9179 0.0499 0.0305 0.0017 0
 0.2467 0.6533 0.0926 0.0074 0
 0.9418 0.0223 0.034 0.0019 0
 0.707729 0.231977 0.0356964 0.0245975 0
 0.517169 0.277429 0.184464 0.0207286 0.00020938
 0.811772 0.124168 0.05621 0.00726502 0.000585176
 0.764997 0.148141 0.077277 0.00933861 0.000247198
 0.163321 0.427699 0.378323 0.0303852 0.000271297
 0.753843 0.0900009 0.118128 0.0371064 0.000921714
 0.721811 0.176058 0.0630433 0.0369309 0.00215725
 0.143369 0.312575 0.442814 0.0836902 0.0175525
 0.692698 0.0596174 0.167031 0.0765114 0.00414204
 0.394062 0.376323 0.152708 0.0712218 0.00568511
 0.125707 0.32114 0.495352 0.0537591 0.00404204
 0.23352 0.215282 0.420074 0.123614 0.00750983
 0.774587 0.0839891 0.0768558 0.0609784 0.00358967
pf_pred 
 0.0772291 0.200302 0.646244 0.0762244 7.55162e-07
 0.142685 0.090569 0.169196 0.534568 0.0629825
 0.920854 0.0159288 0.00683947 0.0124541 0.0439239
 0.261097 0.699298 0.00814502 0.00340797 0.0280517
 0.425623 0.213864 0.341845 0.00384522 0.014823
 0.994782 0.00308316 0.000817238 0.00124967 6.80761e-05
 0.116562 0.880311 0.0018665 0.000482686 0.000777275
 0.22179 0.144747 0.631305 0.00128934 0.000868554
 0.9568 0.0132557 0.00569588 0.0241662 8.24794e-05
 0.527742 0.459265 0.00407249 0.00169884 0.00722095
 0.940433 0.0399768 0.0190732 0.000162267 0.000354585
 0.875024 0.119718 0.0035558 0.00165768 4.4863e-05
 0.728807 0.249059 0.0212311 0.000610915 0.000292015
 0.765045 0.190808 0.040647 0.00335719 0.000142532
 0.825612 0.149793 0.0201317 0.00410978 0.000353046
 0.980918 0.017077 0.00173217 0.000223691 4.94818e-05
 0.128905 0.859927 0.0100218 0.000990066 0.000155917
 0.955006 0.00799476 0.0365359 0.000415414 4.74391e-05
 0.548864 0.436957 0.00256717 0.0114665 0.000145085
 0.464139 0.342756 0.187185 0.00107305 0.00484716
 0.835073 0.0931573 0.0463351 0.0246563 0.000778695
 0.775874 0.197441 0.0152323 0.00739688 0.00405522
 0.106085 0.746439 0.130303 0.00980849 0.00736446
 0.81745 0.0264471 0.130838 0.0223257 0.00293871
 0.577525 0.365555 0.00840389 0.0406713 0.00784423
 0.326293 0.44433 0.199091 0.0044762 0.0258101
 0.837855 0.066245 0.0637332 0.0279241 0.00424259
 0.753597 0.217122 0.012125 0.0114063 0.00574994
 0.148967 0.688923 0.143208 0.00783212 0.0110695
 0.189932 0.158913 0.529226 0.107727 0.0142022
 0.901388 0.0253724 0.0146512 0.0476296 0.0109593
pobs_RECLAS
 0 0 0 0 0
 0 0 0 0 0
 0 0 0 0 0
 0 0 0 0 0
 0 0 0 0 0
 0 0 0 0 0
 0 0 0 0 0
 0 0 0 0 0
 0 0 0 0 0
 0 0 0 0 0
 0.991045 0.00858322 0.000360255 1.14367e-05 0
 0.934742 0.0480273 0.0164251 0.00080598 0
 0.827803 0.169806 0.00239088 0 0
 0.941827 0.0461693 0.0120037 0 0
 0.791401 0.0380133 0.147996 0.0225897 0
 0.846168 0.0940531 0.0597789 0 0
 0.134021 0.677848 0.182769 0.00536245 0
 0.80878 0.0450904 0.141981 0.00414843 0
 0.846168 0.0940531 0.0597789 0 0
 0.905697 0.0802665 0.012482 0.00150086 5.37128e-05
 0.989698 0.0102097 9.19794e-05 0 0
 0.975433 0.0193895 0.00387452 0.00125025 5.28907e-05
 0.303575 0.632131 0.0575291 0.00676475 0
 0.966965 0.00978017 0.0227588 0.000495775 0
 0.843318 0.132988 0.00938335 0.0141283 0.000182051
 0.564624 0.303363 0.111486 0.0197234 0.00080311
 0.826376 0.0876187 0.0782897 0.00655872 0.00115652
 0.89761 0.0855135 0.0140674 0.00269457 0.000114338
 0.34875 0.467042 0.161289 0.0227151 0.000203297
 0.318654 0.224769 0.449479 0.00709798 0
 0.937255 0.0296025 0.0250945 0.00804832 0
ppred_RECLAS
 0.104349 0.197449 0.624606 0.073595 7.29072e-07
 0.190735 0.0871593 0.159483 0.503324 0.059298
 0.942689 0.0117363 0.00493575 0.00897769 0.0316612
 0.336984 0.628292 0.00714864 0.00298734 0.0245878
 0.531076 0.177578 0.276282 0.00310325 0.0119619
 0.996256 0.00223108 0.000579405 0.000885026 4.82092e-05
 0.161028 0.836076 0.00172996 0.000446794 0.000719429
 0.288432 0.134657 0.574948 0.00117291 0.000790077
 0.969379 0.00954434 0.00401282 0.0170057 5.80369e-05
 0.623713 0.366202 0.0031642 0.00131813 0.00560229
 0.956336 0.0294976 0.0137931 0.00011722 0.000256135
 0.908647 0.0875922 0.00254385 0.0011845 3.20551e-05
 0.792395 0.191007 0.0159223 0.000457611 0.000218723
 0.829604 0.139059 0.0288564 0.00238002 0.000101038
 0.874835 0.107896 0.0141385 0.0028824 0.000247592
 0.986255 0.012328 0.00122453 0.000157958 3.49393e-05
 0.170169 0.819407 0.00935546 0.000923225 0.000145382
 0.96746 0.00587827 0.0263288 0.000299039 3.41474e-05
 0.627628 0.360909 0.00207738 0.00926873 0.00011727
 0.548266 0.291113 0.155702 0.000891583 0.00402722
 0.875949 0.0707004 0.0344569 0.0183157 0.000578413
 0.827775 0.152096 0.0114958 0.0055763 0.00305694
 0.140918 0.71973 0.12314 0.00925941 0.00695181
 0.862302 0.0202946 0.0984195 0.0167761 0.00220809
 0.653477 0.300674 0.00677552 0.0327558 0.00631723
 0.401588 0.397371 0.174521 0.00391962 0.0225996
 0.878034 0.0504319 0.0475571 0.0208145 0.00316223
 0.807796 0.169769 0.00929551 0.00873536 0.00440326
 0.194116 0.654826 0.133461 0.00729143 0.0103047
 0.247894 0.15 0.489461 0.0995246 0.0131201
 0.927906 0.0188464 0.0106612 0.0346208 0.00796557
pobs_PELACES
 0 0 0 0 0
 0 0 0 0 0
 0 0 0 0 0
 0 0 0 0 0
 0 0 0 0 0
 0 0 0 0 0
 0 0 0 0 0
 0 0 0 0 0
 0 0 0 0 0
 0 0 0 0 0
 0 0 0 0 0
 0 0 0 0 0
 0 0 0 0 0
 0 0 0 0 0
 0 0 0 0 0
 0 0 0 0 0
 0.505614 0.472636 0.0217494 0 0
 0 0 0 0 0
 0.443492 0.261883 0.143347 0.151278 0
 0.227955 0.32914 0.350689 0.0885471 0.00366901
 0.970185 0.0296113 0.000203453 0 0
 0.997202 0.00247181 0.000326279 0 0
 0.445219 0.490057 0.0546422 0.010081 0
 0.90214 0.0892962 0.00764917 0.000914606 0
 0 0 0 0 0
 0.581667 0.319106 0.0959925 0.00289975 0.000334073
 0.762889 0.0836404 0.116647 0.0363945 0.000428098
 0.88444 0.0763242 0.0277011 0.0115352 0
 0.521256 0.241999 0.230069 0.00667565 0
 0.616807 0.101726 0.260614 0.0208532 0
 0.833518 0.0704572 0.0857862 0.0102388 0
ppred_PELACES
 0.106182 0.197253 0.623146 0.0734178 7.27314e-07
 0.19929 0.0865378 0.157756 0.497773 0.0586434
 0.945574 0.0111806 0.00468435 0.00851869 0.0300421
 0.361496 0.605323 0.00683336 0.00285439 0.023493
 0.573357 0.162773 0.250234 0.00280888 0.0108268
 0.996418 0.0021373 0.000553304 0.000845015 4.60293e-05
 0.17856 0.81863 0.00167851 0.000433295 0.000697675
 0.302455 0.132502 0.563121 0.0011485 0.000773621
 0.971648 0.00887215 0.00370969 0.0157164 5.36361e-05
 0.657788 0.33314 0.00284757 0.00118554 0.00503861
 0.957733 0.0285763 0.0133298 0.000113269 0.000247499
 0.915831 0.0807268 0.00232917 0.00108416 2.93389e-05
 0.806537 0.178086 0.0147502 0.000423781 0.00020255
 0.850334 0.122391 0.0251162 0.0020703 8.78869e-05
 0.889391 0.0954828 0.0123855 0.00252365 0.00021677
 0.987005 0.0116601 0.00115342 0.000148752 3.29025e-05
 0.176682 0.81301 0.00925165 0.000912818 0.000143742
 0.968527 0.00569658 0.0254544 0.000289071 3.3009e-05
 0.637851 0.351037 0.00201408 0.00898475 0.000113676
 0.561854 0.282751 0.150637 0.0008624 0.00389536
 0.880374 0.068266 0.033173 0.0176305 0.000556769
 0.83411 0.146558 0.011041 0.00535478 0.00293547
 0.144916 0.716657 0.122326 0.00919698 0.00690489
 0.865624 0.0198381 0.0960187 0.0163652 0.00215399
 0.65998 0.295117 0.00663642 0.0320797 0.0061868
 0.408889 0.39281 0.172146 0.00386581 0.0222892
 0.881369 0.0491176 0.0462154 0.0202249 0.00307264
 0.810735 0.167202 0.00914231 0.00859075 0.00433035
 0.197137 0.652542 0.132812 0.0072554 0.0102538
 0.256093 0.148726 0.483847 0.0983671 0.0129674
 0.9311 0.0180583 0.010181 0.0330552 0.00760527
pobs_pel_tallas
 0 0 0 0 0 0 0 0 0 0 0 0 0 0 0 0 0 0 0 0 0 0 0 0 0 0
 0 0 0 0 0 0 0 0 0 0 0 0 0 0 0 0 0 0 0 0 0 0 0 0 0 0
 0 0 0 0 0 0 0 0 0 0 0 0 0 0 0 0 0 0 0 0 0 0 0 0 0 0
 0 0 0 0 0 0 0 0 0 0 0 0 0 0 0 0 0 0 0 0 0 0 0 0 0 0
 0 0 0 0 0 0 0 0 0 0 0 0 0 0 0 0 0 0 0 0 0 0 0 0 0 0
 0 0 0 0 0 0 0 0 0 0 0 0 0 0 0 0 0 0 0 0 0 0 0 0 0 0
 0 0 0 0 0 0 0 0 0 0 0 0 0 0 0 0 0 0 0 0 0 0 0 0 0 0
 0 0 0 0 0 0 0 0 0 0 0 0 0 0 0 0 0 0 0 0 0 0 0 0 0 0
 0 0 0 0 0 0 0 0 0 0 0 0 0 0 0 0 0 0 0 0 0 0 0 0 0 0
 0 0 0 0 0 0 0 0 0 0 0 0 0 0 0 0 0 0 0 0 0 0 0 0 0 0
 0 0 0 0 0 0 0 0 0 0 0 0 0 0 0 0 0 0 0 0 0 0 0 0 0 0
 0 0 0 0 0 0 0 0 0 0 0 0 0 0 0 0 0 0 0 0 0 0 0 0 0 0
 0.00862536 0 0 0.000197151 0.00414017 0.0128641 0.00837892 0.0270097 0.101434 0.158115 0.152841 0.127902 0.109271 0.109419 0.0830992 0.0579132 0.0238553 0.00714673 0.00463305 0.00128148 0.00103504 0.000492878 0.000147863 0.000147863 4.92878e-05 0
 0 0 0 0 0 0 0 0 0 0 0 0 0 0 0 0 0 0 0 0 0 0 0 0 0 0
 0 0 0 0 0 0 0 0.0054083 0.00873648 0.0413646 0.0450493 0.0745869 0.0622846 0.0627006 0.0613931 0.0827291 0.12552 0.122667 0.0946155 0.0697135 0.0546179 0.0294188 0.0215738 0.0213955 0.0102223 0.00600262
 0 0 0 0 0.00359764 0.0251062 0.0480494 0.140153 0.205849 0.193036 0.1447 0.116669 0.0760912 0.0342217 0.00950174 0.001854 0.000860785 0 0 0 0.000165536 0 0.000143464 0 0 0
 0 0 0 0 0 0 0 0.000145254 0.000435761 0.0275982 0.070085 0.0708112 0.156366 0.174668 0.174014 0.160142 0.0824315 0.0480064 0.0283245 0.00493863 0.00203355 0 0 0 0 0
 0 0 0 0 0 0 0 0 0 0 0 0 0 0 0 0 0 0 0 0 0 0 0 0 0 0
 0 0 1.00437e-05 0.000401748 0.00122533 0.00171747 0.00176769 0.0269171 0.070346 0.194647 0.189555 0.159765 0.064822 0.0314167 0.0384472 0.0292271 0.0345202 0.0313363 0.0194345 0.0106764 0.0143323 0.0359363 0.0279516 0.0138201 0.00172751 0
 0 0.0021121 0.0136068 0.0755702 0.200478 0.177729 0.0527432 0.0373336 0.0318909 0.0142505 0.0149659 0.0166563 0.0217959 0.0798694 0.0677717 0.0528807 0.04013 0.0224614 0.0357745 0.0225083 0.00881397 0.00855152 0.00135912 0.000746735 0 0
 0 0 0 0 5.4009e-05 0.00500934 0.000945158 0.0243581 0.138947 0.33067 0.221406 0.137944 0.0707744 0.0437923 0.0131692 0.00525238 0.0047753 0.00276346 9.45158e-05 9.00151e-06 2.25038e-05 9.00151e-06 4.50075e-06 0 0 0
 0.000866109 0.00284123 0.00948549 0.0512746 0.133035 0.25785 0.225252 0.132002 0.0553304 0.0519788 0.0540692 0.017754 0.00435017 0.00159236 0.00146478 0.000404838 0.000125132 0.000115318 0.000107957 0.000100596 0 0 0 0 0 0
 0 0 0 0 0.00144013 0.00171154 0.00461396 0.0210425 0.0478622 0.0707936 0.0888783 0.103762 0.0637923 0.0337046 0.0602308 0.124433 0.169614 0.0934646 0.0462172 0.0250306 0.0313229 0.00938855 0.002487 0.000210481 0 0
 0 0.00764035 0.051015 0.0998891 0.058973 0.0496711 0.0374665 0.0718981 0.12319 0.153886 0.159021 0.0857701 0.0377988 0.023471 0.0147837 0.00900784 0.00315554 0.000888139 0.00291439 0.00214683 0.00393193 0.00274676 0.000635225 9.99891e-05 0 0
 0 0 0 0 0 0 0 0 0 0 0 0 0 0 0 0 0 0 0 0 0 0 0 0 0 0
 0 0 0 0 0 0 0 0 0 0 0 0 0 0 0 0 0 0 0 0 0 0 0 0 0 0
 0 0 0 0 0 0 0 0 0 0 0 0 0 0 0 0 0 0 0 0 0 0 0 0 0 0
 0 0 0 0 0 0 0 0 0 0 0 0 0 0 0 0 0 0 0 0 0 0 0 0 0 0
 0 0 0 0 0 0 0 0 0 0 0 0 0 0 0 0 0 0 0 0 0 0 0 0 0 0
 0 0 0 0 0 0 0 0 0 0 0 0 0 0 0 0 0 0 0 0 0 0 0 0 0 0
 0 0 0 0 0 0 0 0 0 0 0 0 0 0 0 0 0 0 0 0 0 0 0 0 0 0
ppred_pel_tallas
 1.25396e-16 8.74609e-06 8.50151e-05 0.000564956 0.00256822 0.0079908 0.017026 0.0248541 0.024874 0.0171239 0.00832239 0.00353799 0.0030446 0.0056482 0.0110139 0.0193404 0.0305281 0.0439484 0.0587737 0.0743407 0.0899874 0.10439 0.115152 0.119375 0.115076 0.102425
 1.64419e-16 1.64153e-05 0.000159562 0.00106035 0.00482019 0.0149974 0.031954 0.0466396 0.0466483 0.0319969 0.015143 0.00524658 0.00215351 0.00262441 0.00493771 0.00879627 0.0143012 0.0216343 0.0312272 0.0438986 0.0605391 0.0812894 0.104669 0.127335 0.144833 0.153079
 1.06077e-16 7.78857e-05 0.000757077 0.00503104 0.0228704 0.0711583 0.15161 0.22128 0.221281 0.151616 0.0711762 0.0229225 0.00516272 0.00104747 0.000638665 0.000958915 0.00144161 0.00197146 0.00251038 0.00309586 0.00384431 0.00489038 0.00628793 0.00793542 0.00957393 0.0108611
 1.04614e-16 2.97761e-05 0.000289434 0.0019234 0.00874352 0.0272046 0.0579645 0.0846131 0.0846713 0.0582489 0.0281593 0.0114992 0.00883462 0.015357 0.0285884 0.0470656 0.0674497 0.0840994 0.0913033 0.0864684 0.0717361 0.052659 0.0350224 0.0222295 0.0147307 0.0111088
 1.09377e-16 4.72267e-05 0.00045906 0.00305062 0.0138677 0.0431476 0.0919311 0.134179 0.134196 0.0920096 0.0434123 0.0146368 0.00499799 0.00476571 0.00838858 0.014215 0.021451 0.0290045 0.0357132 0.0409126 0.0446092 0.0470549 0.0481605 0.0473641 0.0440883 0.0383373
 1.0011e-16 8.20737e-05 0.000797785 0.00530156 0.0241001 0.0749845 0.159762 0.233178 0.233178 0.159763 0.0749879 0.0241099 0.00532623 0.000851758 0.000184958 0.0001769 0.000249361 0.000318937 0.000362773 0.000373185 0.000357758 0.000333423 0.000314985 0.000306877 0.000303238 0.000294171
 1.0042e-16 1.47079e-05 0.000142967 0.000950067 0.00431891 0.0134382 0.0286344 0.0418092 0.0418879 0.0290189 0.0147288 0.00804423 0.010292 0.0205062 0.038599 0.0635547 0.0910024 0.113282 0.122603 0.115378 0.0944395 0.0672765 0.0417735 0.0226915 0.010886 0.00472743
 1.16531e-16 2.49128e-05 0.000242162 0.00160925 0.00731542 0.0227611 0.0484954 0.0707832 0.0707968 0.0485622 0.0229881 0.00798178 0.00332196 0.00411314 0.00776233 0.0137949 0.0221901 0.0327089 0.044918 0.0582822 0.07194 0.0842735 0.0928411 0.0951155 0.0897409 0.0774371
 1.01695e-16 8.00334e-05 0.000777953 0.00516977 0.023501 0.0731204 0.155791 0.227381 0.227382 0.155795 0.0731346 0.0235423 0.0052738 0.00100689 0.000520519 0.000749642 0.00111158 0.00148696 0.00182122 0.0021089 0.00239786 0.00275185 0.00319182 0.00366101 0.00404025 0.00420208
 1.01139e-16 5.41812e-05 0.00052666 0.00349985 0.0159098 0.0495015 0.105469 0.153942 0.153974 0.105626 0.0500268 0.0174262 0.00730266 0.00881675 0.0157649 0.0258886 0.0370821 0.0462002 0.0500817 0.047281 0.0389582 0.0281593 0.0180757 0.010612 0.00607234 0.00374795
 1.00446e-16 7.88872e-05 0.000766812 0.00509573 0.0231645 0.0720733 0.15356 0.224126 0.224128 0.153573 0.0721188 0.023296 0.00542659 0.00149125 0.00146111 0.00230714 0.00335385 0.00429557 0.00487558 0.00497021 0.00464777 0.00410337 0.00352437 0.00299817 0.0025175 0.00204631
 1.00202e-16 7.54358e-05 0.000733263 0.00487279 0.022151 0.06892 0.146842 0.214321 0.214329 0.14688 0.0690473 0.0225186 0.00579488 0.00274382 0.00388685 0.006288 0.00900774 0.0112368 0.0122075 0.0115682 0.00959458 0.0070144 0.00458819 0.00276715 0.00162237 0.000989652
 1.00549e-16 6.64334e-05 0.000645757 0.00429128 0.0195076 0.0606953 0.129318 0.188748 0.188765 0.129402 0.0609766 0.0203196 0.0063287 0.00509039 0.00849851 0.0139205 0.0199893 0.0250144 0.0273188 0.0261243 0.0220134 0.0165434 0.0113335 0.00733343 0.0046886 0.00306713
 1.00979e-16 7.00409e-05 0.000680823 0.00452431 0.0205669 0.0639912 0.13634 0.198995 0.199007 0.136398 0.064185 0.0211267 0.00593004 0.00375123 0.00590613 0.00966552 0.0139447 0.0175917 0.0194778 0.0190728 0.0167446 0.0134881 0.0103128 0.00777418 0.0059196 0.00453488
 1.00672e-16 7.3258e-05 0.000712094 0.00473211 0.0215115 0.0669303 0.142603 0.208134 0.208144 0.142647 0.0670813 0.0219475 0.00582631 0.00310038 0.00460795 0.00749899 0.0107883 0.0135508 0.014896 0.0144119 0.0124044 0.00968635 0.00709041 0.00508664 0.00372321 0.0028122
 1.00057e-16 8.12983e-05 0.000790248 0.00525148 0.0238725 0.0742761 0.158253 0.230975 0.230976 0.158259 0.0742945 0.0239256 0.00538496 0.00108149 0.000633987 0.000918288 0.00131218 0.00164401 0.00179985 0.00172883 0.00146889 0.00112109 0.000789895 0.000535669 0.000366397 0.000259616
 1.00591e-16 1.45533e-05 0.000141463 0.000940074 0.00427349 0.0132968 0.0283332 0.0413695 0.0414477 0.0287152 0.0145788 0.00797409 0.0102206 0.0203727 0.0383541 0.0631658 0.0904786 0.112699 0.1221 0.115121 0.0945556 0.0678023 0.0426401 0.0237522 0.0119681 0.00568427
 1.00771e-16 7.97763e-05 0.000775454 0.00515316 0.0234255 0.0728855 0.15529 0.226651 0.226652 0.155293 0.0728953 0.0234543 0.00522726 0.000943215 0.000415915 0.000606844 0.000971911 0.0014405 0.0019915 0.00260225 0.00323317 0.00380847 0.00421435 0.00433356 0.00410272 0.00355322
 1.01069e-16 5.2539e-05 0.000510698 0.00339377 0.0154276 0.0480012 0.102273 0.149277 0.149311 0.102438 0.0485547 0.0170254 0.00740095 0.00924644 0.0166082 0.027282 0.039082 0.0487006 0.0528115 0.0498956 0.0411777 0.0298632 0.019302 0.0114801 0.00669579 0.00418938
 1.05166e-16 4.62792e-05 0.00044985 0.00298941 0.0135895 0.042282 0.0900873 0.131491 0.131518 0.0902214 0.0427326 0.0148931 0.0062698 0.00763723 0.013773 0.0228946 0.0334341 0.0429887 0.0490923 0.0505273 0.0479291 0.0431363 0.0378799 0.032912 0.028104 0.0231213
 1.02838e-16 7.25152e-05 0.000704874 0.00468413 0.0212934 0.0662517 0.141157 0.206023 0.20603 0.141189 0.0663605 0.0216083 0.0054766 0.00244178 0.00339185 0.00554718 0.00811312 0.0104773 0.0120678 0.0126262 0.012341 0.0116726 0.0110156 0.0104753 0.0099003 0.009079
 1.0139e-16 6.87046e-05 0.000667833 0.00443799 0.0201744 0.0627703 0.133739 0.195199 0.195213 0.133808 0.0630017 0.0208428 0.00611493 0.00432638 0.00701044 0.0114641 0.016469 0.0206304 0.0225795 0.0216927 0.0184672 0.0141954 0.0102042 0.00724555 0.00538632 0.00429004
 1.05805e-16 1.19367e-05 0.000116029 0.000771055 0.00350515 0.0109062 0.0232393 0.033933 0.0340021 0.023577 0.01204 0.00678037 0.00899352 0.0180696 0.0341202 0.0564164 0.0813296 0.102392 0.112986 0.110015 0.0957037 0.0760128 0.0570238 0.0421306 0.0316565 0.0242685
 1.04782e-16 7.13003e-05 0.000693064 0.00460566 0.0209366 0.0651417 0.138791 0.20257 0.202573 0.138801 0.0651762 0.0210382 0.00486787 0.00128953 0.00127466 0.00217882 0.0035624 0.00538027 0.00761422 0.0102237 0.0130837 0.0158981 0.0181825 0.0193946 0.0191653 0.0174856
 1.04532e-16 5.43617e-05 0.000528415 0.00351151 0.0159628 0.0496664 0.105821 0.154454 0.154483 0.105959 0.0501321 0.0173075 0.00688473 0.00788562 0.0140084 0.0230257 0.0330599 0.0413697 0.0452214 0.0434039 0.0369906 0.0286644 0.0211458 0.0159217 0.0130056 0.0115328
 1.09228e-16 3.36797e-05 0.000327379 0.00217555 0.00988976 0.0307709 0.0655621 0.0956978 0.0957358 0.0657481 0.0313959 0.0116971 0.00672075 0.0102781 0.0190155 0.0316003 0.046023 0.0589242 0.0668585 0.0681758 0.0638924 0.0567808 0.049483 0.0431944 0.0377047 0.0323146
 1.03895e-16 7.25972e-05 0.000705671 0.00468943 0.0213175 0.0663266 0.141316 0.206256 0.206261 0.14134 0.0664057 0.0215468 0.00526842 0.00198079 0.00252738 0.00415066 0.00617838 0.00820679 0.0098744 0.0110189 0.0117424 0.0122693 0.0127164 0.0129793 0.0128159 0.0120344
 1.01902e-16 6.67792e-05 0.000649117 0.00431361 0.0196091 0.0610112 0.129991 0.18973 0.189746 0.13007 0.0612751 0.0203712 0.00622582 0.00482034 0.0079796 0.0130629 0.0187581 0.0234812 0.0256728 0.0246284 0.02093 0.0160713 0.0115827 0.00832541 0.0063598 0.0052689
 1.06463e-16 1.62381e-05 0.00015784 0.0010489 0.00476821 0.014836 0.031612 0.0461518 0.0462148 0.0319196 0.0158691 0.00775286 0.0085435 0.0165275 0.0311309 0.0515058 0.0743446 0.0937949 0.103867 0.101751 0.0894274 0.072225 0.0555422 0.0423376 0.0328322 0.0258233
 1.26061e-16 2.10941e-05 0.000205042 0.00136258 0.00619408 0.0192722 0.0410619 0.0599342 0.0599493 0.041136 0.019523 0.00692826 0.00324188 0.00442832 0.00839649 0.0147755 0.0234525 0.0340378 0.0460289 0.0590471 0.0726631 0.0858355 0.0965535 0.102274 0.101056 0.0926213
 1.04901e-16 7.66935e-05 0.000745488 0.00495403 0.0225203 0.070069 0.14929 0.217893 0.217895 0.149298 0.0700981 0.0226047 0.00516721 0.00121572 0.000984734 0.00154804 0.00232606 0.00315874 0.00395873 0.00473463 0.00559809 0.00667953 0.00800114 0.00940312 0.0105794 0.0112012
pSPR Fmed_Fpbrs
0.387955   0.230962 0.230962
Fs Fmed_Fpbrs
0.593266   1.005 1.005
SSBpbr Bo_Bmed_Bpbrs
1.63578e+06  552820  296013 296013
Ro
67918.9
SPR SPRFo_SPRFmed_SPRFpbrs
485480 188344 112127
Fref
1.005
Nvult_r0
 119934 2726.28 1554.53 5050.25 1161.99
CTP_r0
 33335.4 938.332 541.834 1761.45 405.299
YTP_r0
391086
Np
 135644 40050.3 758.506 426.89 1684.29
Nvult_p0
 111410 34546.6 656.255 369.401 1457.48
CTP_p0
 46722.1 17140.3 328.768 185.156 730.559
YTP_p0
 665638
CBA_c0
473452
log_Ro
10.9461
likeval ReclasPelacesDesembMPH_pf_preclas_ppelaces_ptallas_desvR_qrecl_qpela
 14.5309 66.8741 0.127404 0.00100728 297.449 120.424 109.984 0 87.6655 1.9243e-05 0 0.0759353 0 0 0
q_reclas_q_pelaces
1.86193 1
M
1
N
 16480.3 32065.7 101643 11977.5 0.118656
 10533.2 5200.26 9569.36 30209.8 3559.15
 188079 2531.81 1070.87 1948.41 6871.46
 20512.9 45008.1 518.233 216.703 1783.67
 7187.83 3079.78 4879.33 54.8592 211.472
 282517 675.383 176.235 269.264 14.6676
 11571.9 72549.4 152.2 39.3376 63.3439
 2933.39 1508.02 6484.39 13.2333 8.91421
 57525.3 634.9 269.176 1141.24 3.8949
 15366.8 11287.1 99.1381 41.3348 175.689
 50804.1 1647.85 773.373 6.5738 14.3644
 128357 14170.4 415.639 193.639 5.2404
 81309.4 22386 1884.33 54.1845 25.8991
 68156.8 14390.9 3037.15 250.726 10.6445
 46241.3 7037.13 936.418 191.064 16.4127
 392845 5349.05 534.653 68.9907 15.2606
 17496.1 90246.8 1035.58 102.222 16.0973
 690592 4407.82 19813.9 225.087 25.7031
 315239 193739 1120.59 5001.1 63.2757
 139642 80421.9 43270.2 247.853 1119.55
 382973 32846.1 16079.3 8549.06 269.984
 512958 100858 7660.96 3717.13 2037.77
 24233.1 129967 22316 1678.35 1260.09
 278024 6812.48 33134.9 5648.9 743.522
 170529 81932.5 1852.15 8955.64 1727.18
 47775.5 49439.4 21784.5 489.35 2821.5
 228441 13735.4 12995.8 5688.97 864.301
 302082 65327.9 3584.43 3368.81 1698.14
 27350.5 94948.8 19392.4 1059.59 1497.49
 13342.3 8591.81 28163.6 5728.05 755.124
 159985 3484.78 1981.42 6436.13 1480.85
pred_Ctot
 1500.74 3892.34 12558 1481.22 0.0146746
 2388.74 1516.25 2832.58 8949.4 1054.41
 43022.5 744.197 319.542 581.861 2052.14
 8239.41 22067.7 257.031 107.545 885.224
 3758.61 1888.6 3018.78 33.9566 130.9
 55519.5 172.074 45.6107 69.745 3.79937
 5125.27 38707.4 82.0703 21.2238 34.1769
 796.647 519.917 2267.58 4.63116 3.11975
 17846.2 247.245 106.239 450.746 1.5384
 7574.48 6591.66 58.4508 24.3829 103.639
 7942.45 337.625 161.083 1.37043 2.99466
 45290.9 6196.55 184.047 85.8009 2.32209
 28274.5 9662.42 823.672 23.7008 11.3289
 34201.9 8530.24 1817.15 150.086 6.37201
 21933.9 3979.53 534.837 109.184 9.37933
 96870.6 1686.44 171.061 22.0906 4.88658
 3594.39 23978.3 279.449 27.6071 4.34759
 105950 886.949 4053.34 46.0866 5.26295
 62921.6 50092.6 294.299 1314.52 16.6325
 33003.3 24372.2 13310 76.3006 344.665
 70673.5 7884.05 3921.41 2086.7 65.9022
 104029 26472.9 2042.34 991.771 543.722
 3692.41 25980.8 4535.37 341.397 256.33
 35599.1 1151.74 5697.87 972.261 127.977
 23291.6 14742.8 338.929 1640.27 316.358
 6732.38 9167.84 4107.84 92.3573 532.539
 32816.6 2594.65 2496.26 1093.72 166.171
 28163 8114.15 453.13 426.271 214.884
 2558.42 11831.8 2459.51 134.512 190.112
 2515.06 2104.32 7007.98 1426.51 188.064
 33335.4 938.332 541.834 1761.45 405.299
F
 0.15346 0.20922 0.2133 0.213519 0.21353
 0.425598 0.58024 0.591553 0.592161 0.592193
 0.430018 0.586266 0.597697 0.59831 0.598343
 0.896198 1.22183 1.24566 1.24693 1.247
 1.36486 1.86079 1.89707 1.89902 1.89912
 0.35947 0.490085 0.49964 0.500153 0.50018
 1.03779 1.41487 1.44246 1.44394 1.44401
 0.530447 0.723186 0.737285 0.738043 0.738083
 0.628563 0.856953 0.873661 0.874558 0.874605
 1.23274 1.68066 1.71342 1.71518 1.71528
 0.276824 0.377409 0.384767 0.385163 0.385183
 0.746382 1.01758 1.03742 1.03849 1.03854
 0.731665 0.997518 1.01697 1.01801 1.01807
 1.27061 1.73229 1.76606 1.76788 1.76797
 1.15696 1.57734 1.60809 1.60974 1.60983
 0.470868 0.641959 0.654475 0.655147 0.655182
 0.3786 0.516165 0.526228 0.526769 0.526797
 0.271038 0.36952 0.376725 0.377111 0.377132
 0.366045 0.499048 0.508778 0.509301 0.509328
 0.447246 0.609754 0.621642 0.622281 0.622314
 0.334247 0.455696 0.464581 0.465058 0.465083
 0.372914 0.508413 0.518326 0.518858 0.518886
 0.268965 0.366694 0.373843 0.374227 0.374247
 0.221812 0.302407 0.308303 0.30862 0.308637
 0.23816 0.324696 0.331026 0.331366 0.331384
 0.246538 0.336118 0.342671 0.343023 0.343041
 0.251861 0.343375 0.35007 0.350429 0.350448
 0.157361 0.214539 0.218722 0.218946 0.218958
 0.157925 0.215307 0.219505 0.21973 0.219742
 0.342536 0.466997 0.476102 0.476591 0.476617
 0.384941 0.52481 0.535042 0.535592 0.53562
nmprior
 8.19 8.8 8.5 0
nm_flota  nm_reclas  nm_pelaces    nm_pelaL
inf 13.1176 6.3743 11.1112
cv_recla  cv_pelaces  cv_mph
0.344803 0.927259 0.979444
 ------------------------------------------------
Talla a la edad & desviaci?n 
 8 13.2811 15.8009 17.003 17.5766
 0.8 1.32811 1.58009 1.7003 1.75766
