    unsorted:	 2.283545421e-06 5.387587551e-05 0.0001017974953 0.001099990728 11.73288258 11.67200683 15.03118125 14.09613862 63.96374573 92.37458897 162.0497647 191.8475960 209.3713893 219.8528418 392.5983754 474.1548640 514.5433283 687.9900748 804.7460943 755.4918002 859.7875348 866.9724902 917.1032984 984.4078404 1038.698958 1059.832542 1164.883977 1176.579469 1290.383076 1542.660661 1617.496549 2058.962954 2034.416043 2099.040216 1908.225115 2140.397180 2373.726643 2548.146022 2720.963897 3135.810482 3281.166966 3625.015773 3982.752668 11128.28654 41192.90937 158235.2383 205816.7471 352447.1241 339268.6385 325219.7385 366618.0087 381236.2020 391388.5416 398405.9765 289492.3714 443356.9478 482823.2668 512156.1016 663481.7515 719590.1076 741804.5968 768778.4293 825643.4117 1082977.384 1212570.984 1316201.349 1370416.579 1504337.230 1560696.309 1851951.899 1993174.344 2103296.707 2624141.925 2664563.774 2868522.639 3096242.412 3416398.223
      sorted:	 2.283545421e-06 5.387587551e-05 0.0001017974953 0.001099990728 11.67200683 11.73288258 14.09613862 15.03118125 63.96374573 92.37458897 162.0497647 191.8475960 209.3713893 219.8528418 392.5983754 474.1548640 514.5433283 687.9900748 755.4918002 804.7460943 859.7875348 866.9724902 917.1032984 984.4078404 1038.698958 1059.832542 1164.883977 1176.579469 1290.383076 1542.660661 1617.496549 1908.225115 2034.416043 2058.962954 2099.040216 2140.397180 2373.726643 2548.146022 2720.963897 3135.810482 3281.166966 3625.015773 3982.752668 11128.28654 41192.90937 158235.2383 205816.7471 289492.3714 325219.7385 339268.6385 352447.1241 366618.0087 381236.2020 391388.5416 398405.9765 443356.9478 482823.2668 512156.1016 663481.7515 719590.1076 741804.5968 768778.4293 825643.4117 1082977.384 1212570.984 1316201.349 1370416.579 1504337.230 1560696.309 1851951.899 1993174.344 2103296.707 2624141.925 2664563.774 2868522.639 3096242.412 3416398.223
