years
 1991 1992 1993 1994 1995 1996 1997 1998 1999 2000 2001 2002 2003 2004 2005 2006 2007 2008 2009 2010 2011 2012 2013 2014 2015 2016 2017 2018 2019 2020 2021
reclasobs
 0 0 0 0 0 0 0 0 0 252601 567819 844713 477998 351125 339783 2.1784e+06 2.13404e+06 4.81314e+06 1.55562e+06 2.62356e+06 3.21686e+06 3.843e+06 1.13348e+06 3.07943e+06 1.97215e+06 2.03268e+06 2.025e+06 2.42433e+06 2.27542e+06 1.05018e+06 2.36338e+06
reclaspred
 4.14961e+06 1.37849e+06 908750 490577 57255.3 1.86564e+06 597874 133998 660819 185841 274175 692758 542731 424972 296793 1.89785e+06 1.1556e+06 5.68319e+06 4.20257e+06 1.67535e+06 3.74726e+06 3.52761e+06 1.9587e+06 3.90513e+06 2.51155e+06 1.47654e+06 2.48939e+06 3.76721e+06 2.69279e+06 984551 1.53075e+06
pelacesobs
 0 0 0 0 0 0 0 0 0 0 0 0 0 0 0 552880 188675 0 991730 2.46772e+06 1.41603e+06 1.21717e+06 2.29649e+06 1.80582e+06 0 1.4828e+06 1.56532e+06 1.57751e+06 1.42118e+06 867257 1.10002e+06
pelacespred
 1.01244e+06 337592 180397 64893.6 6155.07 412114 91867.6 26283 135192 26809.8 57534.9 122119 100489 78880.3 52527.3 352633 211208 1.34062e+06 962950 365627 812377 738322 414158 975883 587459 337134 673052 993994 590869 249691 355818
mphobs
 0 0 0 0 0 0 0 0 0 0 0 498337 0 5186 125008 0 168611 109162 213762 579715 649985 157893 87575 83554 0 0 0 0 0 0 0
mphpred
 2.2877e+06 1.02206e+06 234156 258618 62820.5 5071.24 466248 88630.5 23267 142312 21269.3 77726 156738 86467.5 49344.9 47259.7 572542 301181 1.67553e+06 995268 490719 936748 1.00904e+06 555177 1.06436e+06 703293 363469 624335 1.29949e+06 670280 206953
desembarqueobs
 494567 514787 250237 358949 120608 361735 552515 73892 212993 205616 52469 317467 293654 387597 252695 516296 358380 742168 942051 627588 828172 859565 418607 520667 417249 300574 407403 355545 319650 289779 391294
desembarquepred
 494509 514359 250003 358407 120453 361494 551661 73851.2 212804 205351 52449 317110 293247 386778 252304 515809 358187 741660 940565 626227 827508 858594 418293 520390 416901 300265 407102 355338 319432 289453 391002
Reclutas
 5043.07 3086.14 211788 10054.5 3033.66 287499 3951.95 1053.29 65387.6 5014.46 43089.8 139991 69338.3 70667.2 43711.8 385908 8437.96 826615 266738 59985.2 400402 507354 10538 285926 153807 29271.8 221483 303942 16308.3 6916.12 150985
log_desv_Rt
 -2.23258 -2.72367 1.50499 -1.54257 -2.74082 1.81062 -2.47639 -3.79868 0.329738 -2.23827 -0.0873082 1.09099 0.388403 0.407386 -0.0729776 2.105 -1.71785 2.86674 1.73567 0.243504 2.14187 2.37861 -1.49561 1.80514 1.1851 -0.47397 1.54975 1.86624 -1.05892 -1.91674 1.16659
SSB
 2.2877e+06 1.02206e+06 234156 258618 62820.5 5071.24 466248 88630.5 23267 142312 21269.3 77726 156738 86467.5 49344.9 47259.7 572542 301181 1.67553e+06 995268 490719 936748 1.00904e+06 555177 1.06436e+06 703293 363469 624335 1.29949e+06 670280 206953
BT
 2.79454e+06 1.3431e+06 644479 400800 120638 1.2715e+06 701123 131198 502199 242524 177925 542865 491207 584013 371242 1.2201e+06 770469 3.76346e+06 3.10421e+06 1.46957e+06 2.5904e+06 2.47003e+06 1.31586e+06 2.74636e+06 1.75079e+06 1.0554e+06 1.98426e+06 2.64554e+06 1.62973e+06 891656 1.20582e+06
Ftot
 0.224441 0.665842 0.665055 1.26287 2.68517 0.554828 1.50005 0.969027 0.877466 1.7703 0.519996 1.13732 1.17078 1.99583 1.9386 0.753093 0.58482 0.360338 0.475137 0.7144 0.549518 0.569764 0.406829 0.338687 0.353897 0.404577 0.420645 0.243623 0.229973 0.542974 0.656893
BD_Bspro_t
 0.964854 0.719565 0.372687 0.412383 0.119536 0.0160991 0.470661 0.130791 0.0570382 0.277455 0.0792432 0.330726 0.323723 0.180098 0.106709 0.107679 0.457113 0.306756 0.637345 0.475718 0.28852 0.431287 0.472661 0.368474 0.553996 0.513513 0.423223 0.580835 0.718638 0.568576 0.342802
BD_Bspro
 6.80656 3.04091 0.696678 0.76946 0.186909 0.0150884 1.38722 0.263701 0.0692258 0.423417 0.063282 0.231257 0.46634 0.257265 0.146815 0.140611 1.70347 0.896097 4.98518 2.9612 1.46003 2.78709 3.00217 1.65181 3.16678 2.09249 1.08142 1.85757 3.86634 1.99427 0.615743
BD_Bo
 1.38327 0.617991 0.141583 0.156374 0.0379846 0.00306634 0.281918 0.0535907 0.0140684 0.0860491 0.0128605 0.0469972 0.0947723 0.0522829 0.0298366 0.0285757 0.346189 0.18211 1.01312 0.601792 0.296715 0.566408 0.610118 0.335689 0.64357 0.425248 0.219773 0.377506 0.785739 0.405287 0.125135
BD_Brms
 6.91267 3.08832 0.707539 0.781455 0.189822 0.0153236 1.40884 0.267811 0.0703049 0.430017 0.0642685 0.234862 0.47361 0.261276 0.149104 0.142803 1.73003 0.910066 5.06289 3.00736 1.48279 2.83054 3.04897 1.67756 3.21614 2.12511 1.09828 1.88653 3.92661 2.02536 0.625341
Sel_flota
 0.642525 0.971551 0.998461 0.999919 0.999996
 0.642525 0.971551 0.998461 0.999919 0.999996
 0.642525 0.971551 0.998461 0.999919 0.999996
 0.642525 0.971551 0.998461 0.999919 0.999996
 0.642525 0.971551 0.998461 0.999919 0.999996
 0.642525 0.971551 0.998461 0.999919 0.999996
 0.642525 0.971551 0.998461 0.999919 0.999996
 0.642525 0.971551 0.998461 0.999919 0.999996
 0.642525 0.971551 0.998461 0.999919 0.999996
 0.642525 0.971551 0.998461 0.999919 0.999996
 0.642525 0.971551 0.998461 0.999919 0.999996
 0.642525 0.971551 0.998461 0.999919 0.999996
 0.642525 0.971551 0.998461 0.999919 0.999996
 0.642525 0.971551 0.998461 0.999919 0.999996
 0.642525 0.971551 0.998461 0.999919 0.999996
 0.642525 0.971551 0.998461 0.999919 0.999996
 0.642525 0.971551 0.998461 0.999919 0.999996
 0.642525 0.971551 0.998461 0.999919 0.999996
 0.642525 0.971551 0.998461 0.999919 0.999996
 0.642525 0.971551 0.998461 0.999919 0.999996
 0.642525 0.971551 0.998461 0.999919 0.999996
 0.642525 0.971551 0.998461 0.999919 0.999996
 0.642525 0.971551 0.998461 0.999919 0.999996
 0.642525 0.971551 0.998461 0.999919 0.999996
 0.642525 0.971551 0.998461 0.999919 0.999996
 0.642525 0.971551 0.998461 0.999919 0.999996
 0.642525 0.971551 0.998461 0.999919 0.999996
 0.642525 0.971551 0.998461 0.999919 0.999996
 0.642525 0.971551 0.998461 0.999919 0.999996
 0.642525 0.971551 0.998461 0.999919 0.999996
 0.642525 0.971551 0.998461 0.999919 0.999996
Sel_reclas
 1 1 1 1 1
 1 1 1 1 1
 1 1 1 1 1
 1 1 1 1 1
 1 1 1 1 1
 1 1 1 1 1
 1 1 1 1 1
 1 1 1 1 1
 1 1 1 1 1
 1 1 1 1 1
 1 1 1 1 1
 1 1 1 1 1
 1 1 1 1 1
 1 1 1 1 1
 1 1 1 1 1
 1 1 1 1 1
 1 1 1 1 1
 1 1 1 1 1
 1 1 1 1 1
 1 1 1 1 1
 1 1 1 1 1
 1 1 1 1 1
 1 1 1 1 1
 1 1 1 1 1
 1 1 1 1 1
 1 1 1 1 1
 1 1 1 1 1
 1 1 1 1 1
 1 1 1 1 1
 1 1 1 1 1
 1 1 1 1 1
Sel_pelaces
 1 1 1 1 1
 1 1 1 1 1
 1 1 1 1 1
 1 1 1 1 1
 1 1 1 1 1
 1 1 1 1 1
 1 1 1 1 1
 1 1 1 1 1
 1 1 1 1 1
 1 1 1 1 1
 1 1 1 1 1
 1 1 1 1 1
 1 1 1 1 1
 1 1 1 1 1
 1 1 1 1 1
 1 1 1 1 1
 1 1 1 1 1
 1 1 1 1 1
 1 1 1 1 1
 1 1 1 1 1
 1 1 1 1 1
 1 1 1 1 1
 1 1 1 1 1
 1 1 1 1 1
 1 1 1 1 1
 1 1 1 1 1
 1 1 1 1 1
 1 1 1 1 1
 1 1 1 1 1
 1 1 1 1 1
 1 1 1 1 1
pf_obs 
 0.8446 0.082 0.0669 0.0065 0
 0.8095 0.147 0.0364 0.0071 0
 0.9664 0.0169 0.016 0.0007 0
 0.9276 0.0648 0.0075 0.0001 0
 0.7033 0.2144 0.0806 0.0017 0
 0.9318 0.0425 0.0243 0.0014 0
 0.5671 0.3108 0.0964 0.0239 0.0018
 0.0768 0.2599 0.5324 0.112 0.0189
 0.490249 0.384438 0.106611 0.0170017 0.00170017
 0.7925 0.1577 0.0466 0.003 0.0002
 0.840416 0.127587 0.0312969 0.00059994 9.999e-05
 0.8084 0.0986 0.0794 0.0134 0.0002
 0.7335 0.1905 0.0724 0.0035 0.0001
 0.4001 0.4547 0.1325 0.0127 0
 0.49795 0.308269 0.164784 0.0264974 0.00249975
 0.9179 0.0499 0.0305 0.0017 0
 0.2467 0.6533 0.0926 0.0074 0
 0.9418 0.0223 0.034 0.0019 0
 0.707729 0.231977 0.0356964 0.0245975 0
 0.517169 0.277429 0.184464 0.0207286 0.00020938
 0.811772 0.124168 0.05621 0.00726502 0.000585176
 0.764997 0.148141 0.077277 0.00933861 0.000247198
 0.163321 0.427699 0.378323 0.0303852 0.000271297
 0.753843 0.0900009 0.118128 0.0371064 0.000921714
 0.721811 0.176058 0.0630433 0.0369309 0.00215725
 0.143369 0.312575 0.442814 0.0836902 0.0175525
 0.692698 0.0596174 0.167031 0.0765114 0.00414204
 0.394062 0.376323 0.152708 0.0712218 0.00568511
 0.125707 0.32114 0.495352 0.0537591 0.00404204
 0.23352 0.215282 0.420074 0.123614 0.00750983
 0.774587 0.0839891 0.0768558 0.0609784 0.00358967
pf_pred 
 0.0237156 0.1785 0.716055 0.081729 6.05849e-07
 0.0487054 0.0352913 0.171624 0.66823 0.0761493
 0.944485 0.00459609 0.00196157 0.00918775 0.0397691
 0.127391 0.844539 0.00241016 0.000990506 0.0246688
 0.257683 0.165929 0.558763 0.0015173 0.0161083
 0.998091 0.00097298 0.000222606 0.000691618 2.17171e-05
 0.0398267 0.959093 0.000560698 0.000123763 0.00039583
 0.100099 0.0710725 0.827947 0.000458527 0.000423624
 0.975735 0.0042228 0.00164728 0.0183756 1.95318e-05
 0.223157 0.766588 0.00185046 0.000692226 0.00771268
 0.952294 0.018504 0.0288396 6.5581e-05 0.00029687
 0.900281 0.0968433 0.00113956 0.00171479 2.15089e-05
 0.666373 0.315244 0.0178778 0.000200756 0.000305115
 0.790222 0.166493 0.0410049 0.00221713 6.257e-05
 0.814403 0.167043 0.0149205 0.00344281 0.000190733
 0.982163 0.0162422 0.00144449 0.000121084 2.93861e-05
 0.0635985 0.926703 0.0088614 0.000757847 7.87764e-05
 0.964652 0.00358955 0.0314412 0.000290041 2.73304e-05
 0.431801 0.555741 0.0013019 0.0110439 0.000111286
 0.249012 0.415719 0.328172 0.000742977 0.00635447
 0.881745 0.0433205 0.042191 0.0320518 0.000691696
 0.763465 0.219167 0.00650917 0.006119 0.0047398
 0.0456556 0.804497 0.139214 0.00398971 0.00664273
 0.825624 0.0124695 0.137182 0.0229734 0.0017514
 0.527002 0.418649 0.00400304 0.042669 0.00767734
 0.224404 0.495896 0.248502 0.00230154 0.0288968
 0.856034 0.0459673 0.0633994 0.0307462 0.00385293
 0.751761 0.225172 0.00753453 0.0100549 0.00547756
 0.087502 0.752389 0.145645 0.00472971 0.00973444
 0.109438 0.115617 0.642304 0.120676 0.0119646
 0.912709 0.0151223 0.00966375 0.0518234 0.0106815
pobs_RECLAS
 0 0 0 0 0
 0 0 0 0 0
 0 0 0 0 0
 0 0 0 0 0
 0 0 0 0 0
 0 0 0 0 0
 0 0 0 0 0
 0 0 0 0 0
 0 0 0 0 0
 0 0 0 0 0
 0.991045 0.00858322 0.000360255 1.14367e-05 0
 0.934742 0.0480273 0.0164251 0.00080598 0
 0.827803 0.169806 0.00239088 0 0
 0.941827 0.0461693 0.0120037 0 0
 0.791401 0.0380133 0.147996 0.0225897 0
 0.846168 0.0940531 0.0597789 0 0
 0.134021 0.677848 0.182769 0.00536245 0
 0.80878 0.0450904 0.141981 0.00414843 0
 0.846168 0.0940531 0.0597789 0 0
 0.905697 0.0802665 0.012482 0.00150086 5.37128e-05
 0.989698 0.0102097 9.19794e-05 0 0
 0.975433 0.0193895 0.00387452 0.00125025 5.28907e-05
 0.303575 0.632131 0.0575291 0.00676475 0
 0.966965 0.00978017 0.0227588 0.000495775 0
 0.843318 0.132988 0.00938335 0.0141283 0.000182051
 0.564624 0.303363 0.111486 0.0197234 0.00080311
 0.826376 0.0876187 0.0782897 0.00655872 0.00115652
 0.89761 0.0855135 0.0140674 0.00269457 0.000114338
 0.34875 0.467042 0.161289 0.0227151 0.000203297
 0.318654 0.224769 0.449479 0.00709798 0
 0.937255 0.0296025 0.0250945 0.00804832 0
ppred_RECLAS
 0.0364689 0.180246 0.703148 0.0801363 5.93996e-07
 0.0757382 0.0353262 0.166768 0.648296 0.0738715
 0.964535 0.0030215 0.00125183 0.00585411 0.0253374
 0.190914 0.783925 0.00216413 0.000887811 0.0221091
 0.399383 0.139073 0.447466 0.0012121 0.0128665
 0.998781 0.000630352 0.000140071 0.000434509 1.36426e-05
 0.0638745 0.935109 0.000527921 0.00011631 0.000371957
 0.153316 0.0688243 0.777033 0.000429609 0.000396873
 0.984835 0.00271035 0.00102522 0.0114176 1.2135e-05
 0.326125 0.665313 0.00154757 0.000577771 0.00643676
 0.969069 0.0122114 0.0184878 4.1976e-05 0.00019
 0.935305 0.0628886 0.000716447 0.00107623 1.34981e-05
 0.762399 0.224907 0.0123459 0.000138394 0.000210316
 0.8672 0.106239 0.0251647 0.0013578 3.83146e-05
 0.882821 0.105868 0.00909923 0.00209526 0.000116065
 0.98853 0.0104724 0.000903715 7.56318e-05 1.83537e-05
 0.0951016 0.895796 0.00831845 0.000710299 7.38278e-05
 0.977199 0.00237513 0.0202217 0.00018626 1.75498e-05
 0.539196 0.450996 0.00102649 0.0086942 8.76021e-05
 0.34356 0.368233 0.282115 0.000637685 0.00545348
 0.921462 0.029317 0.0277324 0.021035 0.00045391
 0.833339 0.154762 0.00446391 0.00418979 0.00324515
 0.0686532 0.788611 0.132623 0.00379501 0.00631806
 0.881467 0.00870352 0.0930789 0.0155641 0.00118645
 0.631142 0.327579 0.00304466 0.0324044 0.00582998
 0.30957 0.445998 0.217206 0.00200862 0.0252171
 0.902997 0.0315902 0.0423411 0.0205024 0.00256903
 0.822296 0.161621 0.00525878 0.00700744 0.0038171
 0.127989 0.722516 0.136009 0.0044102 0.00907612
 0.162904 0.111485 0.601575 0.112848 0.0111876
 0.943362 0.0100662 0.00624478 0.0334356 0.00689097
pobs_PELACES
 0 0 0 0 0
 0 0 0 0 0
 0 0 0 0 0
 0 0 0 0 0
 0 0 0 0 0
 0 0 0 0 0
 0 0 0 0 0
 0 0 0 0 0
 0 0 0 0 0
 0 0 0 0 0
 0 0 0 0 0
 0 0 0 0 0
 0 0 0 0 0
 0 0 0 0 0
 0 0 0 0 0
 0 0 0 0 0
 0.505614 0.472636 0.0217494 0 0
 0 0 0 0 0
 0.443492 0.261883 0.143347 0.151278 0
 0.227955 0.32914 0.350689 0.0885471 0.00366901
 0.970185 0.0296113 0.000203453 0 0
 0.997202 0.00247181 0.000326279 0 0
 0.445219 0.490057 0.0546422 0.010081 0
 0.90214 0.0892962 0.00764917 0.000914606 0
 0 0 0 0 0
 0.581667 0.319106 0.0959925 0.00289975 0.000334073
 0.762889 0.0836404 0.116647 0.0363945 0.000428098
 0.88444 0.0763242 0.0277011 0.0115352 0
 0.521256 0.241999 0.230069 0.00667565 0
 0.616807 0.101726 0.260614 0.0208532 0
 0.833518 0.0704572 0.0857862 0.0102388 0
ppred_PELACES
 0.0373935 0.180367 0.702218 0.0800216 5.93142e-07
 0.0813997 0.0353189 0.165751 0.644134 0.073396
 0.967106 0.00281849 0.00116085 0.00542691 0.023488
 0.213057 0.762749 0.00208218 0.000853676 0.0212583
 0.475474 0.123698 0.388618 0.00105133 0.0111592
 0.998855 0.000593543 0.000131243 0.000407016 1.27792e-05
 0.0743343 0.924675 0.000515122 0.000113408 0.000362663
 0.168582 0.0681196 0.762488 0.000421371 0.000389253
 0.986285 0.00246767 0.000926181 0.0103103 1.09579e-05
 0.369738 0.622383 0.00142513 0.000531606 0.00592219
 0.970796 0.0115616 0.0174234 3.95494e-05 0.000179014
 0.942403 0.0560047 0.000631613 0.000948277 1.18929e-05
 0.784748 0.203865 0.011075 0.000124079 0.000188555
 0.890578 0.0878461 0.0204425 0.00110195 3.10934e-05
 0.90305 0.0877383 0.00741229 0.00170522 9.44548e-05
 0.989427 0.00965893 0.000827959 6.92667e-05 1.68088e-05
 0.100713 0.890287 0.00822448 0.000702077 7.29722e-05
 0.978116 0.00228614 0.0194019 0.000178678 1.68352e-05
 0.552009 0.438497 0.000993838 0.00841574 8.47953e-05
 0.361902 0.358942 0.273258 0.000617451 0.00528034
 0.925887 0.0277516 0.0261238 0.0198097 0.000427463
 0.841805 0.146956 0.00421736 0.00395729 0.00306503
 0.0715688 0.786578 0.131804 0.00377084 0.00627775
 0.885541 0.00842804 0.0898621 0.0150237 0.00114525
 0.640127 0.319718 0.00296227 0.0315221 0.0056712
 0.319315 0.440266 0.213646 0.00197531 0.0247986
 0.907141 0.0303183 0.0404848 0.0195996 0.00245588
 0.826158 0.158141 0.00513443 0.00684094 0.00372638
 0.130842 0.720406 0.135335 0.00438786 0.00903009
 0.171704 0.11078 0.594892 0.111565 0.0110602
 0.947306 0.00941242 0.00580524 0.0310723 0.00640381
pobs_pel_tallas
 0 0 0 0 0 0 0 0 0 0 0 0 0 0 0 0 0 0 0 0 0 0 0 0 0 0
 0 0 0 0 0 0 0 0 0 0 0 0 0 0 0 0 0 0 0 0 0 0 0 0 0 0
 0 0 0 0 0 0 0 0 0 0 0 0 0 0 0 0 0 0 0 0 0 0 0 0 0 0
 0 0 0 0 0 0 0 0 0 0 0 0 0 0 0 0 0 0 0 0 0 0 0 0 0 0
 0 0 0 0 0 0 0 0 0 0 0 0 0 0 0 0 0 0 0 0 0 0 0 0 0 0
 0 0 0 0 0 0 0 0 0 0 0 0 0 0 0 0 0 0 0 0 0 0 0 0 0 0
 0 0 0 0 0 0 0 0 0 0 0 0 0 0 0 0 0 0 0 0 0 0 0 0 0 0
 0 0 0 0 0 0 0 0 0 0 0 0 0 0 0 0 0 0 0 0 0 0 0 0 0 0
 0 0 0 0 0 0 0 0 0 0 0 0 0 0 0 0 0 0 0 0 0 0 0 0 0 0
 0 0 0 0 0 0 0 0 0 0 0 0 0 0 0 0 0 0 0 0 0 0 0 0 0 0
 0 0 0 0 0 0 0 0 0 0 0 0 0 0 0 0 0 0 0 0 0 0 0 0 0 0
 0 0 0 0 0 0 0 0 0 0 0 0 0 0 0 0 0 0 0 0 0 0 0 0 0 0
 0.00862536 0 0 0.000197151 0.00414017 0.0128641 0.00837892 0.0270097 0.101434 0.158115 0.152841 0.127902 0.109271 0.109419 0.0830992 0.0579132 0.0238553 0.00714673 0.00463305 0.00128148 0.00103504 0.000492878 0.000147863 0.000147863 4.92878e-05 0
 0 0 0 0 0 0 0 0 0 0 0 0 0 0 0 0 0 0 0 0 0 0 0 0 0 0
 0 0 0 0 0 0 0 0.0054083 0.00873648 0.0413646 0.0450493 0.0745869 0.0622846 0.0627006 0.0613931 0.0827291 0.12552 0.122667 0.0946155 0.0697135 0.0546179 0.0294188 0.0215738 0.0213955 0.0102223 0.00600262
 0 0 0 0 0.00359764 0.0251062 0.0480494 0.140153 0.205849 0.193036 0.1447 0.116669 0.0760912 0.0342217 0.00950174 0.001854 0.000860785 0 0 0 0.000165536 0 0.000143464 0 0 0
 0 0 0 0 0 0 0 0.000145254 0.000435761 0.0275982 0.070085 0.0708112 0.156366 0.174668 0.174014 0.160142 0.0824315 0.0480064 0.0283245 0.00493863 0.00203355 0 0 0 0 0
 0 0 0 0 0 0 0 0 0 0 0 0 0 0 0 0 0 0 0 0 0 0 0 0 0 0
 0 0 1.00437e-05 0.000401748 0.00122533 0.00171747 0.00176769 0.0269171 0.070346 0.194647 0.189555 0.159765 0.064822 0.0314167 0.0384472 0.0292271 0.0345202 0.0313363 0.0194345 0.0106764 0.0143323 0.0359363 0.0279516 0.0138201 0.00172751 0
 0 0.0021121 0.0136068 0.0755702 0.200478 0.177729 0.0527432 0.0373336 0.0318909 0.0142505 0.0149659 0.0166563 0.0217959 0.0798694 0.0677717 0.0528807 0.04013 0.0224614 0.0357745 0.0225083 0.00881397 0.00855152 0.00135912 0.000746735 0 0
 0 0 0 0 5.4009e-05 0.00500934 0.000945158 0.0243581 0.138947 0.33067 0.221406 0.137944 0.0707744 0.0437923 0.0131692 0.00525238 0.0047753 0.00276346 9.45158e-05 9.00151e-06 2.25038e-05 9.00151e-06 4.50075e-06 0 0 0
 0.000866109 0.00284123 0.00948549 0.0512746 0.133035 0.25785 0.225252 0.132002 0.0553304 0.0519788 0.0540692 0.017754 0.00435017 0.00159236 0.00146478 0.000404838 0.000125132 0.000115318 0.000107957 0.000100596 0 0 0 0 0 0
 0 0 0 0 0.00144013 0.00171154 0.00461396 0.0210425 0.0478622 0.0707936 0.0888783 0.103762 0.0637923 0.0337046 0.0602308 0.124433 0.169614 0.0934646 0.0462172 0.0250306 0.0313229 0.00938855 0.002487 0.000210481 0 0
 0 0.00764035 0.051015 0.0998891 0.058973 0.0496711 0.0374665 0.0718981 0.12319 0.153886 0.159021 0.0857701 0.0377988 0.023471 0.0147837 0.00900784 0.00315554 0.000888139 0.00291439 0.00214683 0.00393193 0.00274676 0.000635225 9.99891e-05 0 0
 0 0 0 0 0 0 0 0 0 0 0 0 0 0 0 0 0 0 0 0 0 0 0 0 0 0
 0 0 0 0 0 0 0 0 0 0 0 0 0 0 0 0 0 0 0 0 0 0 0 0 0 0
 0 0 0 0 0 0 0 0 0 0 0 0 0 0 0 0 0 0 0 0 0 0 0 0 0 0
 0 0 0 0 0 0 0 0 0 0 0 0 0 0 0 0 0 0 0 0 0 0 0 0 0 0
 0 0 0 0 0 0 0 0 0 0 0 0 0 0 0 0 0 0 0 0 0 0 0 0 0 0
 0 0 0 0 0 0 0 0 0 0 0 0 0 0 0 0 0 0 0 0 0 0 0 0 0 0
 0 0 0 0 0 0 0 0 0 0 0 0 0 0 0 0 0 0 0 0 0 0 0 0 0 0
ppred_pel_tallas
 1.28336e-16 3.0801e-06 2.99396e-05 0.00019896 0.000904456 0.0028142 0.00599662 0.00875609 0.00877455 0.0060873 0.00312176 0.00180647 0.00251469 0.00525571 0.0104271 0.018535 0.0297304 0.0436988 0.0599022 0.0777708 0.0964094 0.113943 0.127271 0.1329 0.128571 0.114578
 1.81811e-16 6.7048e-06 6.5173e-05 0.000433098 0.0019688 0.00612569 0.0130516 0.01905 0.0190539 0.0130709 0.00619199 0.00216736 0.000959076 0.00130834 0.00265921 0.00518887 0.00947008 0.0163944 0.0271908 0.0432462 0.0655319 0.0937164 0.125398 0.156036 0.179901 0.191816
 1.04554e-16 7.96592e-05 0.000774316 0.0051456 0.0233912 0.0727786 0.155062 0.226318 0.226319 0.155064 0.0727832 0.0234046 0.00517996 0.000851133 0.000231361 0.000273204 0.000429852 0.000645381 0.000939336 0.00136411 0.00199409 0.00289282 0.00406493 0.0054179 0.00675892 0.00783672
 1.03939e-16 1.75494e-05 0.000170586 0.00113361 0.00515327 0.0160341 0.0341651 0.0498803 0.0499537 0.0345234 0.0172367 0.00862469 0.0098392 0.0191479 0.0359798 0.0592475 0.084865 0.105716 0.114576 0.108152 0.0891329 0.0645327 0.0416917 0.0249772 0.0150482 0.0102018
 1.13241e-16 3.91642e-05 0.00038069 0.00252982 0.0115002 0.0357815 0.0762366 0.111272 0.111285 0.076298 0.035989 0.012107 0.00408046 0.00385627 0.00690438 0.0120396 0.0189335 0.0271136 0.0359907 0.0450786 0.0539214 0.0617175 0.0670919 0.0684546 0.0648333 0.0565651
 1.00048e-16 8.22744e-05 0.000799736 0.00531453 0.0241591 0.0751679 0.160153 0.233748 0.233748 0.160153 0.0751688 0.0241618 0.00532139 0.000814751 0.000110924 5.35207e-05 6.99869e-05 8.98128e-05 0.000103341 0.000108618 0.000108081 0.000106556 0.00010786 0.000112407 0.000117329 0.000118566
 1.00324e-16 6.12301e-06 5.95179e-05 0.000395522 0.00179804 0.00559484 0.0119237 0.0174216 0.0175105 0.012358 0.00705259 0.00600576 0.0109471 0.023059 0.0435844 0.0717768 0.102769 0.127915 0.138409 0.1302 0.106488 0.0757391 0.046868 0.0252644 0.0119038 0.00494964
 1.2213e-16 1.38859e-05 0.000134976 0.000896964 0.00407747 0.0126866 0.0270304 0.0394532 0.0394609 0.0270687 0.0128185 0.00447328 0.00194595 0.00260788 0.00524458 0.0100357 0.0176704 0.0288788 0.0441321 0.0631895 0.0844959 0.10484 0.119846 0.12545 0.119711 0.103838
 1.01064e-16 8.1239e-05 0.000789672 0.00524765 0.023855 0.0742219 0.158138 0.230806 0.230807 0.158139 0.0742259 0.0238667 0.00527709 0.000854926 0.000208203 0.000224156 0.000336696 0.000473125 0.000625604 0.000804974 0.00103452 0.0013329 0.00169147 0.00206232 0.00236783 0.0025286
 1.01256e-16 3.0455e-05 0.000296033 0.00196725 0.00894286 0.0278249 0.0592861 0.0865423 0.0866021 0.0595784 0.0288061 0.0117752 0.00907004 0.0157788 0.0293683 0.0483286 0.0692069 0.0861704 0.0933034 0.087893 0.0721048 0.0516422 0.0324977 0.0182723 0.00957973 0.00513219
 1.00541e-16 7.99632e-05 0.000777271 0.00516524 0.0234804 0.0730563 0.155654 0.227182 0.227183 0.15566 0.0730751 0.023535 0.00530339 0.00108266 0.000671097 0.00101179 0.00151661 0.00204531 0.00250889 0.00285821 0.00309282 0.00323127 0.00326999 0.0031738 0.00290764 0.00247757
 1.0013e-16 7.76245e-05 0.000754538 0.00501417 0.0227937 0.0709197 0.151102 0.220539 0.220544 0.151128 0.071008 0.0230486 0.00565355 0.00214843 0.00271937 0.00435839 0.00623716 0.00777253 0.00842919 0.00796355 0.00656948 0.00475674 0.00305898 0.00179393 0.00101206 0.000596361
 1.00417e-16 6.46387e-05 0.000628311 0.00417535 0.0189805 0.0590556 0.125825 0.183649 0.183669 0.125921 0.0593773 0.0199095 0.00650558 0.00571028 0.00970159 0.0158978 0.0228039 0.028483 0.0310066 0.0294826 0.0245909 0.0181432 0.0120325 0.00738194 0.00437638 0.00262864
 1.00729e-16 7.33558e-05 0.000713044 0.00473843 0.0215402 0.0670197 0.142793 0.208412 0.208421 0.142834 0.0671588 0.0219423 0.00574822 0.00291917 0.00426828 0.00695324 0.0100389 0.0126838 0.0140792 0.0138436 0.012235 0.00995502 0.0077133 0.00589664 0.0045358 0.00348444
 1.00424e-16 7.4383e-05 0.00072303 0.00480479 0.0218419 0.0679582 0.144792 0.211331 0.211339 0.144834 0.0680968 0.022242 0.00580876 0.00291336 0.00423022 0.00686516 0.00985746 0.0123433 0.0134968 0.0129377 0.0109551 0.00831548 0.00581188 0.00390311 0.00264917 0.00187583
 1.00037e-16 8.14978e-05 0.000792188 0.00526437 0.023931 0.0744584 0.158641 0.231542 0.231543 0.158646 0.0744736 0.0239751 0.00537488 0.0010333 0.000538946 0.000760763 0.00108504 0.00135796 0.001484 0.0014208 0.00120001 0.000905929 0.000626097 0.000411583 0.000269813 0.000182444
 1.00548e-16 8.2958e-06 8.06382e-05 0.000535873 0.00243605 0.00757993 0.016153 0.0235937 0.0236793 0.0165713 0.00898372 0.00648818 0.0106978 0.0222328 0.0419868 0.0691567 0.0990517 0.123359 0.133614 0.125916 0.103328 0.0739627 0.0463505 0.025633 0.0127264 0.00587438
 1.00582e-16 8.05662e-05 0.000783132 0.00520419 0.0236575 0.0736072 0.156828 0.228895 0.228895 0.156829 0.0736114 0.0236701 0.0052372 0.000859854 0.000239853 0.000304263 0.000512172 0.000813118 0.0012093 0.00169229 0.00222472 0.00272996 0.00310156 0.0032384 0.00309037 0.00268585
 1.01e-16 4.54683e-05 0.000441968 0.00293704 0.0133514 0.0415413 0.0885097 0.129191 0.129233 0.0887157 0.0422327 0.0153471 0.0079418 0.0113518 0.0207196 0.0340625 0.0487852 0.0607655 0.0658422 0.0621115 0.0511023 0.0368258 0.0234838 0.0135817 0.0075177 0.00436126
 1.08933e-16 2.98095e-05 0.000289759 0.00192555 0.0087533 0.027235 0.0580282 0.0847012 0.0847362 0.0581991 0.0278096 0.0104175 0.00611907 0.00949754 0.0176724 0.0295719 0.0435282 0.0566623 0.0659654 0.0698976 0.0690727 0.0654129 0.0605752 0.0550365 0.048419 0.040444
 1.02821e-16 7.62641e-05 0.000741314 0.0049263 0.0223942 0.0696768 0.148454 0.216673 0.216676 0.148467 0.0697215 0.022524 0.00525414 0.00146393 0.00146929 0.00236317 0.00352748 0.00471565 0.00573471 0.00650763 0.00710254 0.0076443 0.00817756 0.00860096 0.00872304 0.00838514
 1.01075e-16 6.93384e-05 0.000673994 0.00447893 0.0203606 0.0633493 0.134973 0.197 0.197014 0.135042 0.0635812 0.0210299 0.00615785 0.00433508 0.00701066 0.0114498 0.0164164 0.0204975 0.0223081 0.0212197 0.017745 0.0132142 0.00900703 0.0059247 0.00406226 0.00307951
 1.05446e-16 5.89519e-06 5.73035e-05 0.000380805 0.00173113 0.0053866 0.0114795 0.0167706 0.0168464 0.0118501 0.00663093 0.00532543 0.00940398 0.0197581 0.0374298 0.0618903 0.0891974 0.112244 0.123749 0.120298 0.104325 0.0823806 0.0611735 0.0444811 0.0327212 0.0244844
 1.04296e-16 7.29408e-05 0.000709011 0.00471163 0.0214184 0.0666405 0.141985 0.207231 0.207232 0.141989 0.0666568 0.0214673 0.00484127 0.00101484 0.000720708 0.00125091 0.00220316 0.0036237 0.00558967 0.0081049 0.0110148 0.0139476 0.016353 0.0176687 0.0175462 0.0160072
 1.04289e-16 5.27265e-05 0.00051252 0.00340588 0.0154826 0.0481724 0.102638 0.149809 0.14984 0.102788 0.0486768 0.0169388 0.00705842 0.0084776 0.0151556 0.0249103 0.0357407 0.0446691 0.04872 0.0465722 0.0393904 0.0301004 0.0216858 0.015803 0.0125088 0.0108919
 1.10673e-16 2.63016e-05 0.000255661 0.00169896 0.00772326 0.0240302 0.0512004 0.0747374 0.07478 0.051409 0.0247312 0.00975115 0.00680041 0.011429 0.0213541 0.035541 0.0518451 0.0665448 0.0758048 0.0777717 0.0735317 0.0660875 0.0582697 0.0513106 0.0449391 0.0384269
 1.03558e-16 7.472e-05 0.000726305 0.00482655 0.0219408 0.068266 0.145448 0.212286 0.212289 0.145463 0.0683153 0.0220839 0.00518889 0.00152771 0.00162758 0.00265388 0.00400833 0.00544938 0.00678383 0.00792861 0.0089317 0.00987292 0.0107273 0.0113195 0.0114115 0.0108484
 1.01506e-16 6.80495e-05 0.000661466 0.00439567 0.0199821 0.0621718 0.132464 0.193339 0.193354 0.132539 0.0624214 0.0207025 0.00620286 0.00460262 0.00754153 0.0123303 0.0176876 0.022103 0.0240928 0.0229873 0.019342 0.0145865 0.0101948 0.00701013 0.00511097 0.00410943
 1.06058e-16 1.07774e-05 0.00010476 0.000696172 0.00316474 0.00984705 0.0209827 0.0306395 0.030709 0.0213223 0.0109872 0.00645838 0.00896572 0.0181639 0.0343274 0.0567812 0.081902 0.103207 0.114057 0.111335 0.0972451 0.07772 0.0588042 0.0438573 0.0331948 0.0255161
 1.30256e-16 1.4143e-05 0.000137475 0.000913572 0.00415297 0.0129215 0.027531 0.0401848 0.0401964 0.0275882 0.0131162 0.00472732 0.00240056 0.00353373 0.00690502 0.0125454 0.0207637 0.0317464 0.0455372 0.0619553 0.0801963 0.0983097 0.113152 0.121244 0.120223 0.110004
 1.0437e-16 7.80284e-05 0.000758463 0.00504026 0.0229123 0.0712886 0.151888 0.221685 0.221686 0.151892 0.0713039 0.0229567 0.00515297 0.00100842 0.000564861 0.000844191 0.00129387 0.00182183 0.00241081 0.00310007 0.0039754 0.00510767 0.00646972 0.00789149 0.00909203 0.00977711
pSPR Fmed_Fpbrs
0.371794   0.250106 0.250106
Fs Fmed_Fpbrs
0.664641   1.005 1.005
SSBpbr Bo_Bmed_Bpbrs
1.65384e+06  532196  330944 330944
Ro
47021
SPR SPRFo_SPRFmed_SPRFpbrs
336103 124961 84061.4
Fref
1.005
Nvult_r0
 114565 1446.14 908.938 4870.03 1003.74
CTP_r0
 34003 563.383 360.023 1930.68 397.941
YTP_r0
391002
Np
 126102 36419.7 348.811 214.488 1366.79
Nvult_p0
 101781 31373.2 301.767 185.603 1182.74
CTP_p0
 39935.6 15499.4 151.144 93.0292 592.841
YTP_p0
 576600
CBA_c0
446682
log_Ro
10.5784
likeval ReclasPelacesDesembMPH_pf_preclas_ppelaces_ptallas_desvR_qrecl_qpela
 18.6173 80.2627 0.189307 0.00160501 352.286 131.222 119.504 0 143.225 2.35528e-05 0 0.00364695 0 0 0
q_reclas_q_pelaces
1.98915 1
M
1
N
 5043.07 25862.7 101197 11535.1 0.0855022
 3086.14 1606.09 7650.3 29754.2 3390.49
 211788 740.153 309.408 1447.63 6265.7
 10054.5 50819.1 142.697 58.5939 1459.23
 3033.66 1643.11 5481.21 14.8766 157.932
 287499 198.788 44.5037 138.109 4.33642
 3951.95 74049.1 42.6572 9.40835 30.0895
 1053.29 554.543 6343.01 3.50943 3.24213
 65387.6 207.898 79.5738 886.759 0.942508
 5014.46 13688.3 32.6075 12.1894 135.808
 43089.8 591.476 901.771 2.04822 9.27123
 139991 11349.5 131.291 197.387 2.47573
 69338.3 24799.5 1382.94 15.5156 23.58
 70667.2 12022 2925.15 158.061 4.46053
 43711.8 7211.04 636.159 146.694 8.12662
 385908 4627.5 403.396 33.7787 8.19739
 8437.96 87506.9 819.017 69.9643 7.27219
 826615 2131.83 18238.5 168.037 15.833
 266738 241245 552.607 4682.12 47.1776
 59985.2 72311.4 55935.2 126.5 1081.86
 400402 13944.4 13288.6 10083.4 217.593
 507354 103481 3007.76 2824.22 2187.52
 10538 129428 21885.7 626.446 1042.94
 285926 2984.97 32068.3 5363.58 408.87
 153807 84615.4 790.206 8412.35 1513.52
 29271.8 45074.3 22071.5 204.168 2563.24
 221483 8303.47 11192.5 5421.28 679.32
 303942 62182.2 2029.92 2705.39 1473.7
 16308.3 95612.6 18054.2 585.521 1205
 6916.12 5175.37 28131.1 5279.11 523.375
 150985 1794.96 1123.43 6017.88 1240.3
pred_Ctot
 433.174 3260.37 13079 1492.81 0.011066
 702.933 509.336 2476.93 9644.13 1099.01
 48191.4 234.511 100.087 468.796 2029.18
 3767.88 24979.1 71.2859 29.2964 729.634
 1794.66 1155.63 3891.58 10.5674 112.188
 56095.4 54.6841 12.5111 38.8708 1.22056
 1667.41 40153.9 23.4745 5.18151 16.572
 324.388 230.324 2683.11 1.48594 1.37283
 18639.1 80.6668 31.4674 351.022 0.37311
 2353.71 8085.46 19.5174 7.30114 81.3482
 7948.94 154.455 240.728 0.547414 2.47801
 48636.1 5231.79 61.5627 92.6387 1.16198
 24606.4 11640.6 660.153 7.41308 11.2666
 35653.4 7511.86 1850.06 100.033 2.82304
 21679.4 4446.71 397.183 91.6477 5.07732
 97306 1609.17 143.11 11.9962 2.91138
 1722.39 25097.3 239.987 20.5242 2.13345
 110049 409.502 3586.86 33.0884 3.1179
 45473.6 58525.9 137.105 1163.05 11.7197
 14484.8 24182.1 19089.5 43.2185 369.635
 77479.8 3806.61 3707.37 2816.42 60.78
 101278 29073.6 863.476 811.718 628.759
 1565.2 27580.5 4772.67 136.779 227.732
 35978.6 543.389 5978.05 1001.13 76.3217
 20144 16002.4 153.011 1630.97 293.457
 4326.15 9560.07 4790.71 44.37 557.083
 33894.2 1820.05 2510.26 1217.38 152.555
 28197 8445.74 282.604 377.14 205.452
 1433.25 12323.9 2385.61 77.4711 159.447
 1324.54 1399.33 7773.88 1460.55 144.809
 34003 563.383 360.023 1930.68 397.941
F
 0.144209 0.218056 0.224095 0.224422 0.22444
 0.42782 0.6469 0.664817 0.665788 0.665839
 0.427314 0.646134 0.664031 0.665001 0.665052
 0.811428 1.22695 1.26093 1.26277 1.26287
 1.72529 2.60878 2.68104 2.68495 2.68516
 0.356491 0.539043 0.553974 0.554783 0.554825
 0.96382 1.45737 1.49774 1.49993 1.50004
 0.622624 0.941459 0.967536 0.968949 0.969023
 0.563794 0.852503 0.876116 0.877395 0.877463
 1.13746 1.71993 1.76757 1.77015 1.77029
 0.33411 0.505202 0.519196 0.519954 0.519994
 0.730757 1.10497 1.13557 1.13723 1.13732
 0.752259 1.13748 1.16898 1.17069 1.17078
 1.28237 1.93905 1.99275 1.99566 1.99582
 1.2456 1.88345 1.93562 1.93844 1.93859
 0.483881 0.731668 0.751934 0.753032 0.753089
 0.375762 0.568183 0.58392 0.584773 0.584818
 0.231526 0.350087 0.359783 0.360309 0.360336
 0.305287 0.46162 0.474406 0.475098 0.475135
 0.45902 0.694076 0.713301 0.714342 0.714397
 0.353079 0.533884 0.548672 0.549473 0.549515
 0.366087 0.553554 0.568887 0.569717 0.569761
 0.261398 0.395255 0.406203 0.406796 0.406827
 0.217615 0.329052 0.338166 0.33866 0.338686
 0.227388 0.343829 0.353353 0.353868 0.353896
 0.259951 0.393068 0.403955 0.404545 0.404576
 0.270275 0.408678 0.419998 0.420611 0.420644
 0.156534 0.236693 0.243249 0.243604 0.243622
 0.147763 0.22343 0.229619 0.229954 0.229972
 0.348874 0.527527 0.542138 0.54293 0.542972
 0.42207 0.638205 0.655882 0.65684 0.65689
nmprior
 8.19 8.8 8.5 0
nm_flota  nm_reclas  nm_pelaces    nm_pelaL
inf 9.61189 5.53305 9.24387
cv_recla  cv_pelaces  cv_mph
0.390286 1.01585 1.23636
 ------------------------------------------------
Talla a la edad & desviaci?n 
 8 13.2811 15.8009 17.003 17.5766
 0.8 1.32811 1.58009 1.7003 1.75766
