years
 1991 1992 1993 1994 1995 1996 1997 1998 1999 2000 2001 2002 2003 2004 2005 2006 2007 2008 2009 2010 2011 2012 2013 2014 2015 2016 2017 2018 2019 2020 2021
reclasobs
 0 0 0 0 0 0 0 0 0 252601 567819 844713 477998 351125 339783 2.1784e+06 2.13404e+06 4.81314e+06 1.55562e+06 2.62356e+06 3.21686e+06 3.843e+06 1.13348e+06 3.07943e+06 1.97215e+06 2.03268e+06 2.025e+06 2.42433e+06 2.27542e+06 1.05018e+06 2.36338e+06
reclaspred
 5.41462e+06 3.19186e+06 1.64276e+06 1.99073e+06 2.50618e+06 3.51408e+06 2.69614e+06 2.29671e+06 1.56264e+06 1.05293e+06 786679 840045 816389 693091 729422 1.36384e+06 1.64624e+06 2.86195e+06 2.57088e+06 2.02363e+06 3.51626e+06 2.79033e+06 2.52878e+06 3.47853e+06 2.82649e+06 2.63636e+06 2.82228e+06 2.74487e+06 2.67367e+06 1.89784e+06 2.63634e+06
pelacesobs
 0 0 0 0 0 0 0 0 0 0 0 0 0 0 0 552880 188675 0 991730 2.46772e+06 1.41603e+06 1.21717e+06 2.29649e+06 1.80582e+06 0 1.4828e+06 1.56532e+06 1.57751e+06 1.42118e+06 867257 1.10002e+06
pelacespred
 2.70937e+06 1.78224e+06 942994 997136 1.23585e+06 1.8091e+06 1.40951e+06 1.2939e+06 910117 595031 470355 410346 424849 390771 428059 668361 769862 1.50253e+06 1.42796e+06 1.04229e+06 1.67547e+06 1.53024e+06 1.32121e+06 1.99659e+06 1.58908e+06 1.43825e+06 1.77203e+06 1.75892e+06 1.3407e+06 1.05417e+06 1.54356e+06
mphobs
 0 0 0 0 0 0 0 0 0 0 0 498337 0 5186 125008 0 168611 109162 213762 579715 649985 157893 87575 83554 0 0 0 0 0 0 0
mphpred
 5.14719e+06 3.51784e+06 1.85295e+06 1.03741e+06 1.79409e+06 2.24453e+06 2.7367e+06 1.94896e+06 1.56303e+06 1.02846e+06 633729 635727 604940 532116 420409 564126 1.25491e+06 1.34891e+06 2.14135e+06 1.72119e+06 1.90671e+06 2.334e+06 2.16199e+06 1.9229e+06 2.60191e+06 2.16219e+06 1.86821e+06 1.91562e+06 2.47742e+06 1.79883e+06 1.30384e+06
desembarqueobs
 494567 514787 250237 358949 120608 361735 552515 73892 212993 205616 52469 317467 293654 387597 252695 516296 358380 742168 942051 627588 828172 859565 418607 520667 417249 300574 407403 355545 319650 289779 391294
desembarquepred
 494572 512369 251756 358955 120608 361749 552603 73894 213043 205674 52471.6 317587 293751 387727 252719 516336 358421 742148 942063 627586 828313 859729 418647 520715 417280 300592 407428 355557 319668 289805 391304
Reclutas
 277137 164245 155522 534887 408522 507791 209276 100346 75317.6 90972.4 136150 169582 156240 119091 130614 511450 161115 738178 511762 384688 556436 719042 197463 478821 410680 207847 406413 425500 164114 137756 471887
log_desv_Rt
 0.0793275 -0.443827 -0.498395 0.736872 0.467361 0.684885 -0.201531 -0.936565 -1.22347 -1.03463 -0.631427 -0.411848 -0.493789 -0.765297 -0.672938 0.692065 -0.463065 1.059 0.692675 0.407247 0.776367 1.03273 -0.259634 0.626141 0.472628 -0.208384 0.462185 0.50808 -0.444625 -0.619698 0.611554
SSB
 5.14719e+06 3.51784e+06 1.85295e+06 1.03741e+06 1.79409e+06 2.24453e+06 2.7367e+06 1.94896e+06 1.56303e+06 1.02846e+06 633729 635727 604940 532116 420409 564126 1.25491e+06 1.34891e+06 2.14135e+06 1.72119e+06 1.90671e+06 2.334e+06 2.16199e+06 1.9229e+06 2.60191e+06 2.16219e+06 1.86821e+06 1.91562e+06 2.47742e+06 1.79883e+06 1.30384e+06
BT
 6.78463e+06 4.70035e+06 2.47105e+06 2.90297e+06 3.13995e+06 4.90343e+06 3.84678e+06 3.23051e+06 2.41129e+06 1.64879e+06 1.22667e+06 1.30822e+06 1.35218e+06 1.41882e+06 1.38931e+06 2.22606e+06 2.17514e+06 4.65989e+06 4.52422e+06 3.13997e+06 5.03177e+06 4.64453e+06 3.60063e+06 5.7465e+06 4.26287e+06 3.82311e+06 5.03672e+06 4.92232e+06 3.44755e+06 2.83034e+06 4.48358e+06
Ftot
 0.0814326 0.143395 0.135768 0.139125 0.0392467 0.0829071 0.174859 0.0277133 0.117372 0.166076 0.0539985 0.298416 0.283437 0.426539 0.258642 0.274286 0.175441 0.195885 0.286337 0.24716 0.186272 0.241609 0.13752 0.116488 0.120818 0.0945259 0.113306 0.0998729 0.1022 0.130076 0.112563
BD_Bspro_t
 0.987055 0.901886 0.794705 0.73636 0.799763 0.852664 0.842932 0.763248 0.79047 0.753573 0.714921 0.785412 0.664127 0.586265 0.509994 0.577729 0.660677 0.662997 0.70594 0.627563 0.60652 0.649543 0.658186 0.66836 0.75639 0.764563 0.778559 0.803674 0.832126 0.785092 0.751228
BD_Bspro
 2.81285 1.92244 1.01261 0.566929 0.980437 1.2266 1.49556 1.06508 0.854171 0.562038 0.346322 0.347414 0.33059 0.290792 0.229746 0.308285 0.685786 0.737157 1.17021 0.940603 1.04199 1.27549 1.18149 1.05083 1.4219 1.1816 1.02094 1.04686 1.35387 0.983029 0.712529
BD_Bo
 2.02838 1.3863 0.730205 0.40882 0.707006 0.884514 1.07847 0.76804 0.615953 0.405292 0.249738 0.250525 0.238392 0.209694 0.165673 0.222308 0.494529 0.531573 0.843854 0.678281 0.75139 0.919773 0.85199 0.757768 1.02535 0.852069 0.736216 0.754901 0.97629 0.708875 0.513814
BD_Brms
 14.966 10.2285 5.38764 3.01638 5.21648 6.52618 7.95721 5.66681 4.54467 2.99036 1.84263 1.84844 1.75892 1.54718 1.22238 1.64025 3.64876 3.92209 6.22618 5.00454 5.54396 6.78633 6.28621 5.59102 7.5653 6.28679 5.432 5.56986 7.20333 5.23027 3.79106
Sel_flota
 0.929116 1 1 1 1
 0.929116 1 1 1 1
 0.929116 1 1 1 1
 0.929116 1 1 1 1
 0.929116 1 1 1 1
 0.929116 1 1 1 1
 0.929116 1 1 1 1
 0.929116 1 1 1 1
 0.929116 1 1 1 1
 0.929116 1 1 1 1
 0.929116 1 1 1 1
 0.929116 1 1 1 1
 0.929116 1 1 1 1
 0.929116 1 1 1 1
 0.929116 1 1 1 1
 0.929116 1 1 1 1
 0.929116 1 1 1 1
 0.929116 1 1 1 1
 0.929116 1 1 1 1
 0.929116 1 1 1 1
 0.929116 1 1 1 1
 0.929116 1 1 1 1
 0.929116 1 1 1 1
 0.929116 1 1 1 1
 0.929116 1 1 1 1
 0.929116 1 1 1 1
 0.929116 1 1 1 1
 0.929116 1 1 1 1
 0.929116 1 1 1 1
 0.929116 1 1 1 1
 0.929116 1 1 1 1
Sel_reclas
 0.659613 0.906997 0.980032 0.995968 0.999196
 0.659613 0.906997 0.980032 0.995968 0.999196
 0.659613 0.906997 0.980032 0.995968 0.999196
 0.659613 0.906997 0.980032 0.995968 0.999196
 0.659613 0.906997 0.980032 0.995968 0.999196
 0.659613 0.906997 0.980032 0.995968 0.999196
 0.659613 0.906997 0.980032 0.995968 0.999196
 0.659613 0.906997 0.980032 0.995968 0.999196
 0.659613 0.906997 0.980032 0.995968 0.999196
 0.659613 0.906997 0.980032 0.995968 0.999196
 0.659613 0.906997 0.980032 0.995968 0.999196
 0.659613 0.906997 0.980032 0.995968 0.999196
 0.659613 0.906997 0.980032 0.995968 0.999196
 0.659613 0.906997 0.980032 0.995968 0.999196
 0.659613 0.906997 0.980032 0.995968 0.999196
 0.659613 0.906997 0.980032 0.995968 0.999196
 0.659613 0.906997 0.980032 0.995968 0.999196
 0.659613 0.906997 0.980032 0.995968 0.999196
 0.659613 0.906997 0.980032 0.995968 0.999196
 0.659613 0.906997 0.980032 0.995968 0.999196
 0.659613 0.906997 0.980032 0.995968 0.999196
 0.659613 0.906997 0.980032 0.995968 0.999196
 0.659613 0.906997 0.980032 0.995968 0.999196
 0.659613 0.906997 0.980032 0.995968 0.999196
 0.659613 0.906997 0.980032 0.995968 0.999196
 0.659613 0.906997 0.980032 0.995968 0.999196
 0.659613 0.906997 0.980032 0.995968 0.999196
 0.659613 0.906997 0.980032 0.995968 0.999196
 0.659613 0.906997 0.980032 0.995968 0.999196
 0.659613 0.906997 0.980032 0.995968 0.999196
 0.659613 0.906997 0.980032 0.995968 0.999196
Sel_pelaces
 0.79068 1 1 1 1
 0.79068 1 1 1 1
 0.79068 1 1 1 1
 0.79068 1 1 1 1
 0.79068 1 1 1 1
 0.79068 1 1 1 1
 0.79068 1 1 1 1
 0.79068 1 1 1 1
 0.79068 1 1 1 1
 0.79068 1 1 1 1
 0.79068 1 1 1 1
 0.79068 1 1 1 1
 0.79068 1 1 1 1
 0.79068 1 1 1 1
 0.79068 1 1 1 1
 0.79068 1 1 1 1
 0.79068 1 1 1 1
 0.79068 1 1 1 1
 0.79068 1 1 1 1
 0.79068 1 1 1 1
 0.79068 1 1 1 1
 0.79068 1 1 1 1
 0.79068 1 1 1 1
 0.79068 1 1 1 1
 0.79068 1 1 1 1
 0.79068 1 1 1 1
 0.79068 1 1 1 1
 0.79068 1 1 1 1
 0.79068 1 1 1 1
 0.79068 1 1 1 1
 0.79068 1 1 1 1
pf_obs 
 0.8446 0.082 0.0669 0.0065 0
 0.8095 0.147 0.0364 0.0071 0
 0.9664 0.0169 0.016 0.0007 0
 0.9276 0.0648 0.0075 0.0001 0
 0.7033 0.2144 0.0806 0.0017 0
 0.9318 0.0425 0.0243 0.0014 0
 0.5671 0.3108 0.0964 0.0239 0.0018
 0.0768 0.2599 0.5324 0.112 0.0189
 0.490249 0.384438 0.106611 0.0170017 0.00170017
 0.7925 0.1577 0.0466 0.003 0.0002
 0.840416 0.127587 0.0312969 0.00059994 9.999e-05
 0.8084 0.0986 0.0794 0.0134 0.0002
 0.7335 0.1905 0.0724 0.0035 0.0001
 0.4001 0.4547 0.1325 0.0127 0
 0.49795 0.308269 0.164784 0.0264974 0.00249975
 0.9179 0.0499 0.0305 0.0017 0
 0.2467 0.6533 0.0926 0.0074 0
 0.9418 0.0223 0.034 0.0019 0
 0.707729 0.231977 0.0356964 0.0245975 0
 0.517169 0.277429 0.184464 0.0207286 0.00020938
 0.811772 0.124168 0.05621 0.00726502 0.000585176
 0.764997 0.148141 0.077277 0.00933861 0.000247198
 0.163321 0.427699 0.378323 0.0303852 0.000271297
 0.753843 0.0900009 0.118128 0.0371064 0.000921714
 0.721811 0.176058 0.0630433 0.0369309 0.00215725
 0.143369 0.312575 0.442814 0.0836902 0.0175525
 0.692698 0.0596174 0.167031 0.0765114 0.00414204
 0.394062 0.376323 0.152708 0.0712218 0.00568511
 0.125707 0.32114 0.495352 0.0537591 0.00404204
 0.23352 0.215282 0.420074 0.123614 0.00750983
 0.774587 0.0839891 0.0768558 0.0609784 0.00358967
pf_pred 
 0.454422 0.0909525 0.434574 0.0200507 7.3015e-07
 0.434288 0.267892 0.0496491 0.237225 0.0109457
 0.554591 0.202181 0.11518 0.0213466 0.106701
 0.850292 0.085942 0.0289447 0.0164894 0.0183315
 0.654007 0.297594 0.027784 0.00935745 0.0112571
 0.686459 0.210326 0.0887767 0.00828836 0.00614963
 0.442605 0.391729 0.11113 0.0469071 0.00762862
 0.397458 0.278763 0.227547 0.0645532 0.0316786
 0.447786 0.229428 0.149335 0.121898 0.051552
 0.614971 0.179905 0.0852227 0.0554717 0.0644293
 0.736844 0.166802 0.0450216 0.0213271 0.0300054
 0.714758 0.214294 0.0449709 0.0121381 0.0138396
 0.693775 0.224164 0.0616501 0.0129376 0.0074735
 0.643328 0.25383 0.0752827 0.0207044 0.00685484
 0.733651 0.1769 0.0636572 0.0188799 0.0069115
 0.90479 0.0713922 0.0158187 0.00569233 0.00230631
 0.484751 0.469848 0.0340441 0.00754329 0.00381423
 0.873681 0.0637882 0.0570209 0.0041316 0.00137835
 0.651385 0.307631 0.0206961 0.0185005 0.00178771
 0.625862 0.250897 0.108752 0.00731638 0.00717217
 0.748865 0.162063 0.0597312 0.0258907 0.0034493
 0.74902 0.191714 0.0382461 0.0140962 0.00692408
 0.399861 0.458771 0.107985 0.0215425 0.0118399
 0.74528 0.106736 0.113125 0.0266272 0.00823151
 0.647963 0.267504 0.0354219 0.0375423 0.0115684
 0.488381 0.340571 0.129975 0.0172108 0.0238619
 0.733096 0.135519 0.0874592 0.0333778 0.0105475
 0.687911 0.233482 0.0399121 0.0257578 0.0129365
 0.430221 0.40132 0.126029 0.0215437 0.0208864
 0.51256 0.219048 0.18904 0.0593654 0.0199865
 0.839058 0.0856634 0.0338291 0.0291948 0.0122549
pobs_RECLAS
 0 0 0 0 0
 0 0 0 0 0
 0 0 0 0 0
 0 0 0 0 0
 0 0 0 0 0
 0 0 0 0 0
 0 0 0 0 0
 0 0 0 0 0
 0 0 0 0 0
 0 0 0 0 0
 0.991045 0.00858322 0.000360255 1.14367e-05 0
 0.934742 0.0480273 0.0164251 0.00080598 0
 0.827803 0.169806 0.00239088 0 0
 0.941827 0.0461693 0.0120037 0 0
 0.791401 0.0380133 0.147996 0.0225897 0
 0.846168 0.0940531 0.0597789 0 0
 0.134021 0.677848 0.182769 0.00536245 0
 0.80878 0.0450904 0.141981 0.00414843 0
 0.846168 0.0940531 0.0597789 0 0
 0.905697 0.0802665 0.012482 0.00150086 5.37128e-05
 0.989698 0.0102097 9.19794e-05 0 0
 0.975433 0.0193895 0.00387452 0.00125025 5.28907e-05
 0.303575 0.632131 0.0575291 0.00676475 0
 0.966965 0.00978017 0.0227588 0.000495775 0
 0.843318 0.132988 0.00938335 0.0141283 0.000182051
 0.564624 0.303363 0.111486 0.0197234 0.00080311
 0.826376 0.0876187 0.0782897 0.00655872 0.00115652
 0.89761 0.0855135 0.0140674 0.00269457 0.000114338
 0.34875 0.467042 0.161289 0.0227151 0.000203297
 0.318654 0.224769 0.449479 0.00709798 0
 0.937255 0.0296025 0.0250945 0.00804832 0
ppred_RECLAS
 0.379228 0.096922 0.500387 0.0234626 8.57164e-07
 0.364161 0.286717 0.0574168 0.2788 0.0129056
 0.481631 0.224122 0.13796 0.0259842 0.130303
 0.81073 0.104593 0.0380628 0.0220365 0.0245777
 0.593782 0.345107 0.0348143 0.0119159 0.0143814
 0.625311 0.244645 0.111577 0.0105865 0.00788019
 0.377598 0.426455 0.130724 0.0560745 0.0091491
 0.330463 0.296062 0.261127 0.0752842 0.0370644
 0.376273 0.246115 0.173097 0.143591 0.0609231
 0.544036 0.203105 0.10396 0.0687681 0.0801317
 0.679662 0.1965 0.0573081 0.0275888 0.0389409
 0.657975 0.251471 0.0570221 0.0156411 0.0178914
 0.634683 0.26145 0.0776947 0.0165698 0.00960267
 0.580292 0.291506 0.093419 0.0261101 0.00867256
 0.677366 0.208277 0.0809831 0.0244091 0.00896458
 0.879445 0.0884772 0.0211829 0.00774657 0.00314878
 0.422559 0.522635 0.0409182 0.00921386 0.00467404
 0.838948 0.0781494 0.0754838 0.00555831 0.00186033
 0.591898 0.35638 0.0259063 0.0235345 0.00228152
 0.560797 0.28671 0.134283 0.00918087 0.00902908
 0.693955 0.191623 0.076313 0.033616 0.00449303
 0.696306 0.227301 0.048997 0.0183523 0.00904388
 0.338514 0.495746 0.126084 0.0255621 0.0140947
 0.685951 0.125414 0.143624 0.0343557 0.0106551
 0.585222 0.308424 0.044129 0.0475312 0.0146939
 0.420932 0.37479 0.154552 0.0207979 0.0289288
 0.673568 0.158962 0.110849 0.042992 0.0136297
 0.628009 0.272144 0.0502671 0.0329681 0.0166115
 0.365819 0.435682 0.147837 0.0256826 0.0249797
 0.440255 0.24017 0.223959 0.0714746 0.0241413
 0.796637 0.103833 0.0443065 0.0388585 0.0163642
pobs_PELACES
 0 0 0 0 0
 0 0 0 0 0
 0 0 0 0 0
 0 0 0 0 0
 0 0 0 0 0
 0 0 0 0 0
 0 0 0 0 0
 0 0 0 0 0
 0 0 0 0 0
 0 0 0 0 0
 0 0 0 0 0
 0 0 0 0 0
 0 0 0 0 0
 0 0 0 0 0
 0 0 0 0 0
 0 0 0 0 0
 0.505614 0.472636 0.0217494 0 0
 0 0 0 0 0
 0.443492 0.261883 0.143347 0.151278 0
 0.227955 0.32914 0.350689 0.0885471 0.00366901
 0.970185 0.0296113 0.000203453 0 0
 0.997202 0.00247181 0.000326279 0 0
 0.445219 0.490057 0.0546422 0.010081 0
 0.90214 0.0892962 0.00764917 0.000914606 0
 0 0 0 0 0
 0.581667 0.319106 0.0959925 0.00289975 0.000334073
 0.762889 0.0836404 0.116647 0.0363945 0.000428098
 0.88444 0.0763242 0.0277011 0.0115352 0
 0.521256 0.241999 0.230069 0.00667565 0
 0.616807 0.101726 0.260614 0.0208532 0
 0.833518 0.0704572 0.0857862 0.0102388 0
ppred_PELACES
 0.415385 0.0974603 0.465669 0.0214853 7.82393e-07
 0.396177 0.28594 0.0529939 0.253207 0.011683
 0.515486 0.219932 0.125292 0.0232207 0.116069
 0.829165 0.0980704 0.0330294 0.0188164 0.0209185
 0.616924 0.32949 0.0307618 0.0103604 0.0124637
 0.651295 0.233915 0.0987333 0.00921793 0.00683933
 0.404521 0.418494 0.118723 0.0501121 0.00814986
 0.359717 0.296224 0.241799 0.0685966 0.0336629
 0.409155 0.245478 0.159782 0.130426 0.0551584
 0.577353 0.197482 0.0935492 0.0608914 0.0707242
 0.704721 0.187163 0.0505172 0.0239305 0.0336681
 0.682753 0.238338 0.0500166 0.0135 0.0153924
 0.660426 0.248576 0.068364 0.0143466 0.00828739
 0.608716 0.278462 0.0825882 0.0227136 0.00752004
 0.702618 0.197511 0.071074 0.0210797 0.00771678
 0.890776 0.0819007 0.0181471 0.0065302 0.00264578
 0.445945 0.505234 0.0366081 0.00811141 0.00410149
 0.85551 0.0729639 0.0652232 0.00472592 0.00157662
 0.615997 0.338859 0.022797 0.0203784 0.00196918
 0.589213 0.275474 0.119405 0.00803308 0.00787474
 0.718464 0.181682 0.066962 0.0290249 0.00386686
 0.718982 0.214658 0.0428234 0.0157833 0.00775276
 0.362792 0.487109 0.114655 0.0228731 0.0125712
 0.714172 0.119771 0.126941 0.0298791 0.00923682
 0.611201 0.295439 0.0391209 0.0414627 0.0127764
 0.448925 0.366836 0.139999 0.0185381 0.0257021
 0.701076 0.151778 0.0979517 0.0373821 0.0118129
 0.652943 0.259643 0.0443841 0.0286438 0.014386
 0.39192 0.428297 0.134501 0.0229919 0.0222904
 0.473225 0.236725 0.204295 0.0641559 0.0215994
 0.816566 0.0976352 0.0385569 0.0332749 0.0139675
pobs_pel_tallas
 0 0 0 0 0 0 0 0 0 0 0 0 0 0 0 0 0 0 0 0 0 0 0 0 0 0
 0 0 0 0 0 0 0 0 0 0 0 0 0 0 0 0 0 0 0 0 0 0 0 0 0 0
 0 0 0 0 0 0 0 0 0 0 0 0 0 0 0 0 0 0 0 0 0 0 0 0 0 0
 0 0 0 0 0 0 0 0 0 0 0 0 0 0 0 0 0 0 0 0 0 0 0 0 0 0
 0 0 0 0 0 0 0 0 0 0 0 0 0 0 0 0 0 0 0 0 0 0 0 0 0 0
 0 0 0 0 0 0 0 0 0 0 0 0 0 0 0 0 0 0 0 0 0 0 0 0 0 0
 0 0 0 0 0 0 0 0 0 0 0 0 0 0 0 0 0 0 0 0 0 0 0 0 0 0
 0 0 0 0 0 0 0 0 0 0 0 0 0 0 0 0 0 0 0 0 0 0 0 0 0 0
 0 0 0 0 0 0 0 0 0 0 0 0 0 0 0 0 0 0 0 0 0 0 0 0 0 0
 0 0 0 0 0 0 0 0 0 0 0 0 0 0 0 0 0 0 0 0 0 0 0 0 0 0
 0 0 0 0 0 0 0 0 0 0 0 0 0 0 0 0 0 0 0 0 0 0 0 0 0 0
 0 0 0 0 0 0 0 0 0 0 0 0 0 0 0 0 0 0 0 0 0 0 0 0 0 0
 0.00862536 0 0 0.000197151 0.00414017 0.0128641 0.00837892 0.0270097 0.101434 0.158115 0.152841 0.127902 0.109271 0.109419 0.0830992 0.0579132 0.0238553 0.00714673 0.00463305 0.00128148 0.00103504 0.000492878 0.000147863 0.000147863 4.92878e-05 0
 0 0 0 0 0 0 0 0 0 0 0 0 0 0 0 0 0 0 0 0 0 0 0 0 0 0
 0 0 0 0 0 0 0 0.0054083 0.00873648 0.0413646 0.0450493 0.0745869 0.0622846 0.0627006 0.0613931 0.0827291 0.12552 0.122667 0.0946155 0.0697135 0.0546179 0.0294188 0.0215738 0.0213955 0.0102223 0.00600262
 0 0 0 0 0.00359764 0.0251062 0.0480494 0.140153 0.205849 0.193036 0.1447 0.116669 0.0760912 0.0342217 0.00950174 0.001854 0.000860785 0 0 0 0.000165536 0 0.000143464 0 0 0
 0 0 0 0 0 0 0 0.000145254 0.000435761 0.0275982 0.070085 0.0708112 0.156366 0.174668 0.174014 0.160142 0.0824315 0.0480064 0.0283245 0.00493863 0.00203355 0 0 0 0 0
 0 0 0 0 0 0 0 0 0 0 0 0 0 0 0 0 0 0 0 0 0 0 0 0 0 0
 0 0 1.00437e-05 0.000401748 0.00122533 0.00171747 0.00176769 0.0269171 0.070346 0.194647 0.189555 0.159765 0.064822 0.0314167 0.0384472 0.0292271 0.0345202 0.0313363 0.0194345 0.0106764 0.0143323 0.0359363 0.0279516 0.0138201 0.00172751 0
 0 0.0021121 0.0136068 0.0755702 0.200478 0.177729 0.0527432 0.0373336 0.0318909 0.0142505 0.0149659 0.0166563 0.0217959 0.0798694 0.0677717 0.0528807 0.04013 0.0224614 0.0357745 0.0225083 0.00881397 0.00855152 0.00135912 0.000746735 0 0
 0 0 0 0 5.4009e-05 0.00500934 0.000945158 0.0243581 0.138947 0.33067 0.221406 0.137944 0.0707744 0.0437923 0.0131692 0.00525238 0.0047753 0.00276346 9.45158e-05 9.00151e-06 2.25038e-05 9.00151e-06 4.50075e-06 0 0 0
 0.000866109 0.00284123 0.00948549 0.0512746 0.133035 0.25785 0.225252 0.132002 0.0553304 0.0519788 0.0540692 0.017754 0.00435017 0.00159236 0.00146478 0.000404838 0.000125132 0.000115318 0.000107957 0.000100596 0 0 0 0 0 0
 0 0 0 0 0.00144013 0.00171154 0.00461396 0.0210425 0.0478622 0.0707936 0.0888783 0.103762 0.0637923 0.0337046 0.0602308 0.124433 0.169614 0.0934646 0.0462172 0.0250306 0.0313229 0.00938855 0.002487 0.000210481 0 0
 0 0.00764035 0.051015 0.0998891 0.058973 0.0496711 0.0374665 0.0718981 0.12319 0.153886 0.159021 0.0857701 0.0377988 0.023471 0.0147837 0.00900784 0.00315554 0.000888139 0.00291439 0.00214683 0.00393193 0.00274676 0.000635225 9.99891e-05 0 0
 0 0 0 0 0 0 0 0 0 0 0 0 0 0 0 0 0 0 0 0 0 0 0 0 0 0
 0 0 0 0 0 0 0 0 0 0 0 0 0 0 0 0 0 0 0 0 0 0 0 0 0 0
 0 0 0 0 0 0 0 0 0 0 0 0 0 0 0 0 0 0 0 0 0 0 0 0 0 0
 0 0 0 0 0 0 0 0 0 0 0 0 0 0 0 0 0 0 0 0 0 0 0 0 0 0
 0 0 0 0 0 0 0 0 0 0 0 0 0 0 0 0 0 0 0 0 0 0 0 0 0 0
 0 0 0 0 0 0 0 0 0 0 0 0 0 0 0 0 0 0 0 0 0 0 0 0 0 0
 0 0 0 0 0 0 0 0 0 0 0 0 0 0 0 0 0 0 0 0 0 0 0 0 0 0
ppred_pel_tallas
 1.15618e-16 3.42147e-05 0.000332579 0.00221011 0.0100468 0.0312595 0.066602 0.0972097 0.0972198 0.0666517 0.0314283 0.0105433 0.0034901 0.00323815 0.00587791 0.0105097 0.0171014 0.0255839 0.0357507 0.0472541 0.059372 0.0706558 0.0789171 0.0818842 0.0782722 0.0685547
 1.28973e-16 3.26326e-05 0.000317201 0.00210791 0.00958228 0.0298142 0.0635233 0.0927199 0.0927475 0.0636585 0.0302687 0.0108967 0.00541379 0.00755723 0.0138557 0.0230606 0.0337411 0.0436406 0.050603 0.053941 0.0549638 0.056062 0.0589966 0.0636938 0.0683328 0.0704692
 1.25643e-16 4.24599e-05 0.000412726 0.00274271 0.012468 0.0387926 0.0826525 0.120638 0.12066 0.082757 0.039144 0.0134854 0.00530543 0.00603718 0.0108142 0.0180521 0.0265824 0.0346949 0.0407146 0.0439998 0.0453439 0.0463458 0.0482356 0.0510787 0.0538532 0.0551472
 1.06406e-16 6.82973e-05 0.000663874 0.00441167 0.0200548 0.0623981 0.132946 0.194041 0.19405 0.132992 0.062554 0.0205057 0.0055454 0.00314574 0.00480272 0.00788825 0.0114939 0.0147551 0.0168522 0.0174452 0.0168786 0.0159241 0.0152607 0.0150994 0.0151799 0.0150428
 1.04121e-16 5.08153e-05 0.000493943 0.00328243 0.0149214 0.0464263 0.0989174 0.144379 0.144411 0.0990724 0.0469469 0.0164247 0.00705478 0.0087256 0.0156743 0.0258072 0.0371141 0.0465569 0.0510801 0.0492923 0.042309 0.0330165 0.024363 0.0179954 0.0140231 0.0116607
 1.04991e-16 5.36463e-05 0.000521461 0.0034653 0.0157527 0.0490127 0.104428 0.15242 0.152443 0.104538 0.0493848 0.0168286 0.00617086 0.00644406 0.0113495 0.0188024 0.0273693 0.0350186 0.0396931 0.0404096 0.0377777 0.0334559 0.0290251 0.0252009 0.0218574 0.0185774
 1.09938e-16 3.33199e-05 0.000323881 0.00215231 0.0097841 0.0304422 0.0648618 0.0946762 0.0947166 0.0650595 0.0311062 0.0117033 0.00697508 0.0108696 0.0201139 0.0333378 0.0483486 0.0614971 0.0690771 0.0693877 0.0637004 0.0552686 0.0472172 0.0409922 0.036294 0.0320614
 1.1963e-16 2.96294e-05 0.000288009 0.00191392 0.00870042 0.0270704 0.0576774 0.0841879 0.0842168 0.0578187 0.0275459 0.010078 0.00538844 0.00792787 0.0147013 0.0246841 0.0365609 0.048102 0.0570236 0.0622669 0.0644847 0.06524 0.0656175 0.06545 0.0636801 0.0593454
 1.27089e-16 3.37016e-05 0.000327592 0.00217696 0.00989617 0.0307908 0.0656039 0.0957559 0.0957798 0.0657209 0.0311842 0.0110357 0.00505013 0.00664276 0.0121564 0.0203896 0.0302029 0.0397937 0.0473922 0.0523356 0.0554487 0.0582862 0.0618256 0.0656762 0.0683377 0.0681566
 1.20826e-16 4.75558e-05 0.000462259 0.00307188 0.0139643 0.0434483 0.0925719 0.135115 0.135135 0.0926656 0.0437634 0.0148763 0.00536816 0.00549893 0.0096851 0.0161306 0.0237051 0.0308487 0.036047 0.0387312 0.0396404 0.0402468 0.0416792 0.0439894 0.0462243 0.0470835
 1.09604e-16 5.8047e-05 0.000564237 0.00374956 0.0170449 0.0530332 0.112994 0.164921 0.164939 0.113082 0.0533303 0.0179035 0.0059073 0.00528352 0.00904773 0.0149387 0.0216918 0.0276695 0.0312612 0.0317772 0.0298696 0.0270617 0.0247628 0.0235339 0.0230424 0.0225325
 1.05464e-16 5.62375e-05 0.000546649 0.00363268 0.0165136 0.0513801 0.109472 0.159782 0.159805 0.109584 0.0517577 0.0176044 0.00637222 0.00653218 0.011439 0.0188625 0.0272637 0.0344942 0.0384052 0.0380195 0.0341044 0.0286203 0.0235007 0.019722 0.0172037 0.0153263
 1.04878e-16 5.43985e-05 0.000528773 0.00351388 0.0159736 0.0496999 0.105892 0.154557 0.154581 0.106009 0.0500942 0.017113 0.00637648 0.00678672 0.0119655 0.0197638 0.0286259 0.036336 0.0406646 0.0405764 0.0368148 0.0313285 0.0260272 0.0218565 0.0187383 0.0161218
 1.06006e-16 5.01392e-05 0.000487371 0.00323875 0.0147229 0.0458086 0.0976011 0.142457 0.142484 0.0977326 0.0462505 0.0160001 0.00644818 0.00750542 0.0134136 0.0221879 0.0321736 0.0409148 0.0459328 0.0460784 0.0421769 0.0363781 0.0307647 0.02633 0.0229318 0.0199303
 1.05522e-16 5.78738e-05 0.000562554 0.00373837 0.0169941 0.052875 0.112657 0.16443 0.164449 0.11275 0.0531889 0.0179016 0.00601984 0.00555498 0.00957472 0.0158303 0.0230177 0.0294085 0.0332751 0.033819 0.0316103 0.0281157 0.0247172 0.0220116 0.0198122 0.0176297
 1.01648e-16 7.33721e-05 0.000713203 0.00473948 0.021545 0.0670346 0.142825 0.208458 0.208466 0.142863 0.0671643 0.02192 0.00568126 0.0027711 0.00398763 0.00649199 0.00938233 0.0118786 0.0132397 0.0131277 0.0118004 0.00992208 0.00814603 0.00679983 0.00585619 0.00511329
 1.02694e-16 3.6732e-05 0.000357048 0.00237271 0.010786 0.0335596 0.0715041 0.104373 0.104421 0.0717418 0.0343574 0.0130895 0.00815188 0.0129638 0.0239521 0.0394682 0.0566847 0.0709306 0.077468 0.0741119 0.0625477 0.0472263 0.0327585 0.0218203 0.0147632 0.010554
 1.02642e-16 7.04673e-05 0.000684967 0.00455185 0.020692 0.0643806 0.13717 0.200205 0.200212 0.137205 0.0644978 0.0210316 0.00540819 0.00256795 0.00368632 0.00608606 0.00900041 0.0118167 0.0139431 0.0150779 0.015332 0.0150486 0.0144889 0.0136665 0.012441 0.0107346
 1.03122e-16 5.07389e-05 0.0004932 0.00327749 0.014899 0.0463565 0.0987687 0.144163 0.144195 0.0989281 0.0468917 0.0164441 0.00715428 0.00895082 0.0160975 0.0264917 0.0380649 0.0476791 0.0521791 0.0501289 0.0426857 0.032843 0.0236668 0.0168822 0.0126218 0.0100865
 1.05655e-16 4.85327e-05 0.000471755 0.00313498 0.0142512 0.0443409 0.0944739 0.137893 0.13792 0.0946043 0.0447791 0.0155185 0.00632209 0.00744897 0.0133572 0.0221554 0.0322592 0.0412893 0.046823 0.0476965 0.0446151 0.0395157 0.0342466 0.0296484 0.0255872 0.0215994
 1.05545e-16 5.9179e-05 0.000575241 0.00382268 0.0173773 0.0540675 0.115197 0.168137 0.168155 0.115283 0.0543563 0.0182125 0.00592259 0.00517137 0.00882361 0.0145875 0.0212303 0.0271698 0.0308312 0.031493 0.0296838 0.0267396 0.0238965 0.0216511 0.0197758 0.0177808
 1.04186e-16 5.92217e-05 0.000575656 0.00382543 0.0173899 0.0541065 0.11528 0.168259 0.16828 0.115382 0.0544464 0.0183721 0.00629201 0.00596424 0.0103051 0.0169747 0.0245237 0.0310044 0.0344745 0.0340471 0.0304095 0.0253273 0.0205479 0.0169623 0.0145161 0.0126745
 1.07855e-16 2.98828e-05 0.000290472 0.00193029 0.00877484 0.027302 0.0581716 0.0849131 0.0849601 0.0584014 0.0280739 0.0110051 0.00753227 0.0125317 0.0233137 0.0385879 0.0558022 0.07063 0.0786628 0.077851 0.0696794 0.0580566 0.0468656 0.0381129 0.0317591 0.0267619
 1.08254e-16 5.88254e-05 0.000571804 0.00379984 0.0172735 0.0537444 0.114509 0.167131 0.167143 0.114566 0.0539376 0.0178338 0.00521503 0.00369045 0.00606782 0.010164 0.0151655 0.0201841 0.0243331 0.0271811 0.028916 0.030015 0.0307189 0.0307913 0.0297398 0.0272499
 1.07525e-16 5.03439e-05 0.000489361 0.00325197 0.014783 0.0459956 0.0979996 0.143039 0.143068 0.0981388 0.046463 0.0161332 0.00664167 0.00789151 0.0141162 0.0232803 0.0335921 0.0423886 0.0470094 0.0462792 0.041228 0.034391 0.0282531 0.0240413 0.0215705 0.0199054
 1.10343e-16 3.69774e-05 0.000359434 0.00238857 0.0108581 0.0337838 0.0719812 0.105066 0.105102 0.0721547 0.0343668 0.012544 0.00662747 0.00963607 0.0177229 0.0294189 0.0427926 0.0546899 0.0618983 0.0629181 0.0587837 0.0521988 0.0457293 0.0405156 0.036272 0.0321552
 1.08614e-16 5.77467e-05 0.000561319 0.00373016 0.0169568 0.0527589 0.112409 0.164067 0.164082 0.112481 0.0530017 0.0176597 0.00550108 0.00444901 0.00750553 0.0124865 0.018383 0.0239688 0.0280283 0.0300091 0.030297 0.0298134 0.0292797 0.0287665 0.0278184 0.0259279
 1.06655e-16 5.37821e-05 0.000522781 0.00347407 0.0157926 0.0491368 0.104692 0.152807 0.152832 0.104815 0.0495479 0.0169801 0.00645607 0.00703661 0.0124373 0.0205107 0.0296268 0.0374489 0.0416436 0.0411695 0.0369034 0.0310282 0.0256816 0.0219166 0.0195827 0.017905
 1.10069e-16 3.2282e-05 0.000313793 0.00208526 0.00947933 0.0294939 0.0628415 0.0917277 0.0917691 0.0630439 0.0301738 0.0114444 0.00702376 0.0111142 0.0206019 0.0341596 0.0495607 0.0630729 0.070893 0.0712533 0.0654126 0.0566591 0.0481766 0.0414822 0.0363582 0.031827
 1.16046e-16 3.8979e-05 0.00037889 0.00251786 0.0114458 0.0356123 0.0758767 0.110749 0.110772 0.0759897 0.0359927 0.0125481 0.005299 0.00649725 0.0117978 0.0198082 0.0293922 0.0387821 0.046177 0.0507392 0.0529663 0.0540427 0.0547384 0.0548202 0.0533778 0.0496395
 1.06839e-16 6.72594e-05 0.000653786 0.00434464 0.0197501 0.0614499 0.130926 0.191092 0.191102 0.130972 0.0616054 0.0201999 0.00547633 0.00313339 0.00480393 0.0079094 0.0115666 0.0149374 0.01723 0.0181213 0.0179478 0.0174376 0.0171923 0.0173297 0.0175106 0.0172408
pSPR Fmed_Fpbrs
0.751483   0.185533 0.185533
Fs Fmed_Fpbrs
0.13971   1.005 1.005
SSBpbr Bo_Bmed_Bpbrs
2.53758e+06  1.78007e+06  343927 343927
Ro
256002
SPR SPRFo_SPRFmed_SPRFpbrs
1.82988e+06 1.37513e+06 339504
Fref
1.005
Nvult_r0
 315528 30146.5 11905.1 10274.2 4312.71
CTP_r0
 29874.8 3050.06 1204.49 1039.49 436.337
YTP_r0
391304
Np
 317742 156359 14762.2 5829.7 6684.85
Nvult_p0
 271796 135304 12774.3 5044.67 5784.67
CTP_p0
 131243 67820.6 6403.07 2528.62 2899.55
YTP_p0
 2.4031e+06
CBA_c0
994842
log_Ro
12.2729
likeval ReclasPelacesDesembMPH_pf_preclas_ppelaces_ptallas_desvR_qrecl_qpela
 32.408 19.2771 0.297223 0.0034174 244.376 129.05 99.1752 0 18.4743 0 0 1.49732 0 0 0
q_reclas_q_pelaces
1 1
M
1
N
 277137 51659.8 246832 11388.5 0.414715
 164245 94523.8 17518.3 83703.2 3862.1
 155522 52885.4 30128 5583.71 27910.1
 534887 50433 16985.5 9676.39 10757.4
 408522 172914 16143.6 5437.03 6540.83
 507791 144905 61163.2 5710.31 4236.82
 209276 172956 49066.4 20710.5 3368.2
 100346 65443.6 53419.8 15154.8 7437
 75317.6 35976.7 23417.3 19114.9 8083.88
 90972.4 24845.1 11769.4 7660.71 8897.76
 136150 28681.5 7741.42 3667.18 5159.41
 169582 47635.9 9996.69 2698.21 3076.43
 156240 47279.3 13002.9 2728.73 1576.27
 119091 44170.2 13100.3 3602.88 1192.84
 130614 29476.2 10607 3145.89 1151.64
 511450 37786 8372.41 3012.8 1220.67
 161115 145825 10566.1 2341.18 1183.81
 738178 50355.8 45013.6 3261.58 1088.1
 511762 226373 15229.4 13613.7 1315.5
 384688 144289 62542.6 4207.6 4124.67
 556436 112482 41457.1 17969.7 2394.02
 719042 172170 34347.2 12659.2 6218.22
 197463 211333 49743.2 9923.55 5454.05
 478821 63929.4 67756.2 15948.3 4930.26
 410680 158079 20932.2 22185.3 6836.23
 207847 135038 51535.8 6824.18 9461.38
 406413 70033.6 45197.1 17248.9 5450.75
 425500 134572 23004 14845.9 7456.2
 164114 142661 44800.7 7658.35 7424.68
 137756 54905 47383.4 14880.1 5009.67
 471887 44908.7 17734.8 15305.2 6424.56
pred_Ctot
 12844.7 2570.88 12283.7 566.756 0.0206385
 13092.2 8076 1496.75 7151.5 329.973
 11771.5 4291.4 2444.75 453.092 2264.78
 41434.1 4187.89 1410.45 803.515 893.28
 9274.51 4220.2 394.006 132.698 159.638
 23947.7 7337.42 3097.06 289.147 214.535
 20101.8 17791.1 5047.2 2130.37 346.468
 1615.82 1133.28 925.066 262.434 128.786
 4962.91 2542.8 1655.12 1351.03 571.363
 8326.85 2435.96 1153.93 751.099 872.387
 4228.68 957.261 258.374 122.394 172.198
 26549 7959.74 1670.4 450.858 514.057
 23361.2 7548.17 2075.92 435.644 251.652
 25434.8 10035.5 2976.4 818.577 271.015
 17985.3 4336.67 1560.54 462.838 169.434
 74253.9 5858.98 1298.2 467.155 189.273
 15523.9 15046.7 1090.25 241.571 122.149
 78805.7 5753.67 5143.27 372.669 124.327
 77219.2 36468.5 2453.45 2193.16 211.926
 50835.7 20379.1 8833.39 594.273 582.56
 56692.4 12268.9 4521.92 1960.04 261.127
 93077.5 23823.5 4752.68 1751.68 860.426
 15128.8 17357.7 4085.61 815.061 447.964
 31323.9 4486.08 4754.62 1119.13 345.968
 27819.1 11484.8 1520.78 1611.81 496.668
 11126.3 7758.9 2961.09 392.097 543.623
 25892.1 4786.4 3088.96 1178.87 372.528
 24017 8151.56 1393.45 899.281 451.653
 9470.71 8834.5 2774.35 474.255 459.785
 10011.3 4278.43 3692.32 1159.52 390.375
 29874.8 3050.06 1204.49 1039.49 436.337
F
 0.0756603 0.0814326 0.0814326 0.0814326 0.0814326
 0.133231 0.143395 0.143395 0.143395 0.143395
 0.126144 0.135768 0.135768 0.135768 0.135768
 0.129264 0.139125 0.139125 0.139125 0.139125
 0.0364647 0.0392467 0.0392467 0.0392467 0.0392467
 0.0770304 0.0829071 0.0829071 0.0829071 0.0829071
 0.162464 0.174859 0.174859 0.174859 0.174859
 0.0257489 0.0277133 0.0277133 0.0277133 0.0277133
 0.109052 0.117372 0.117372 0.117372 0.117372
 0.154304 0.166076 0.166076 0.166076 0.166076
 0.0501709 0.0539985 0.0539985 0.0539985 0.0539985
 0.277263 0.298416 0.298416 0.298416 0.298416
 0.263346 0.283437 0.283437 0.283437 0.283437
 0.396305 0.426539 0.426539 0.426539 0.426539
 0.240308 0.258642 0.258642 0.258642 0.258642
 0.254843 0.274286 0.274286 0.274286 0.274286
 0.163006 0.175441 0.175441 0.175441 0.175441
 0.182 0.195885 0.195885 0.195885 0.195885
 0.266041 0.286337 0.286337 0.286337 0.286337
 0.229641 0.24716 0.24716 0.24716 0.24716
 0.173068 0.186272 0.186272 0.186272 0.186272
 0.224483 0.241609 0.241609 0.241609 0.241609
 0.127772 0.13752 0.13752 0.13752 0.13752
 0.108231 0.116488 0.116488 0.116488 0.116488
 0.112254 0.120818 0.120818 0.120818 0.120818
 0.0878255 0.0945259 0.0945259 0.0945259 0.0945259
 0.105274 0.113306 0.113306 0.113306 0.113306
 0.0927936 0.0998729 0.0998729 0.0998729 0.0998729
 0.0949558 0.1022 0.1022 0.1022 0.1022
 0.120856 0.130076 0.130076 0.130076 0.130076
 0.104584 0.112563 0.112563 0.112563 0.112563
nmprior
 8.19 8.8 8.5 0
nm_flota  nm_reclas  nm_pelaces    nm_pelaL
inf 9.73688 15.2 34.3872
cv_recla  cv_pelaces  cv_mph
0.514933 0.497844 1.80407
 ------------------------------------------------
Talla a la edad & desviaci?n 
 8 13.2811 15.8009 17.003 17.5766
 0.8 1.32811 1.58009 1.7003 1.75766
