    unsorted:	 3.132808208e-05 0.001099979690 1.647114872 10.65032495 5.011336117 16.53400774 15.91409406 60.46257320 43.28874048 61.77787312 96.64261560 115.2319002 161.1128600 221.0096013 321.2479356 392.2007177 428.1501188 451.6316739 483.8762071 607.4042168 672.9657090 750.9186536 782.4529457 808.8308951 835.3608803 1006.851926 1002.057464 987.5260035 975.2116020 913.3313456 1067.158772 1122.019516 1165.073475 1221.119044 1269.910698 1434.229720 1464.966300 1582.802847 1756.674843 1907.757201 2111.054286 2193.207144 2745.825725 20905.83496 32210.72403 157262.0451 286633.4833 284118.5939 294977.4877 255734.1513 254770.9378 317241.8136 322783.7270 343273.2560 451699.6990 481090.6254 560021.6223 682258.9553 797181.1294 779411.0160 893261.9913 1082170.078 1325959.017 1512359.444 1667170.980 1706122.002 2066119.965 1990859.886 2149288.967 2362507.522 2545475.723 2733191.419 2950607.728 3088644.285 3608336.296 3838612.784 5391694.227
      sorted:	 3.132808208e-05 0.001099979690 1.647114872 5.011336117 10.65032495 15.91409406 16.53400774 43.28874048 60.46257320 61.77787312 96.64261560 115.2319002 161.1128600 221.0096013 321.2479356 392.2007177 428.1501188 451.6316739 483.8762071 607.4042168 672.9657090 750.9186536 782.4529457 808.8308951 835.3608803 913.3313456 975.2116020 987.5260035 1002.057464 1006.851926 1067.158772 1122.019516 1165.073475 1221.119044 1269.910698 1434.229720 1464.966300 1582.802847 1756.674843 1907.757201 2111.054286 2193.207144 2745.825725 20905.83496 32210.72403 157262.0451 254770.9378 255734.1513 284118.5939 286633.4833 294977.4877 317241.8136 322783.7270 343273.2560 451699.6990 481090.6254 560021.6223 682258.9553 779411.0160 797181.1294 893261.9913 1082170.078 1325959.017 1512359.444 1667170.980 1706122.002 1990859.886 2066119.965 2149288.967 2362507.522 2545475.723 2733191.419 2950607.728 3088644.285 3608336.296 3838612.784 5391694.227
