years
 1991 1992 1993 1994 1995 1996 1997 1998 1999 2000 2001 2002 2003 2004 2005 2006 2007 2008 2009 2010 2011 2012 2013 2014 2015 2016 2017 2018 2019 2020 2021
reclasobs
 0 0 0 0 0 0 0 0 0 252601 567819 844713 477998 351125 339783 2.1784e+06 2.13404e+06 4.81314e+06 1.55562e+06 2.62356e+06 3.21686e+06 3.843e+06 1.13348e+06 3.07943e+06 1.97215e+06 2.03268e+06 2.025e+06 2.42433e+06 2.27542e+06 1.05018e+06 2.36338e+06
reclaspred
 4.1496e+06 1.3785e+06 908748 490576 57255.3 1.86563e+06 597872 133997 660817 185841 274177 692757 542734 424974 296792 1.89785e+06 1.15561e+06 5.68321e+06 4.20257e+06 1.67535e+06 3.74726e+06 3.52761e+06 1.95871e+06 3.90512e+06 2.51155e+06 1.47654e+06 2.48938e+06 3.7672e+06 2.69278e+06 984548 1.53075e+06
pelacesobs
 0 0 0 0 0 0 0 0 0 0 0 0 0 0 0 552880 188675 0 991730 2.46772e+06 1.41603e+06 1.21717e+06 2.29649e+06 1.80582e+06 0 1.4828e+06 1.56532e+06 1.57751e+06 1.42118e+06 867257 1.10002e+06
pelacespred
 1.01244e+06 337594 180397 64893.7 6155.1 412114 91867.6 26283 135193 26809.9 57535.6 122119 100490 78881.3 52527.4 352634 211210 1.34063e+06 962955 365629 812380 738326 414161 975884 587460 337134 673053 993995 590870 249691 355818
mphobs
 0 0 0 0 0 0 0 0 0 0 0 498337 0 5186 125008 0 168611 109162 213762 579715 649985 157893 87575 83554 0 0 0 0 0 0 0
mphpred
 864823 386370 88518.3 97765.3 23748.1 1917.09 176256 33505 8795.6 53798.1 8040.44 29383.1 59251.9 32687.8 18654.1 17865.6 216439 113856 633406 376243 185507 354120 381448 209875 402361 265866 137402 236018 491245 253386 78234.5
desembarqueobs
 494567 514787 250237 358949 120608 361735 552515 73892 212993 205616 52469 317467 293654 387597 252695 516296 358380 742168 942051 627588 828172 859565 418607 520667 417249 300574 407403 355545 319650 289779 391294
desembarquepred
 494509 514359 250003 358407 120453 361494 551661 73851.2 212804 205351 52449 317110 293247 386778 252304 515809 358187 741660 940565 626227 827508 858594 418293 520390 416901 300265 407102 355338 319432 289453 391002
Reclutas
 5043.06 3086.14 211788 10054.4 3033.65 287499 3951.94 1053.28 65387.6 5014.45 43090.2 139991 69338.9 70667.3 43711.6 385909 8437.97 826620 266737 59985 400403 507356 10538 285926 153807 29271.8 221483 303943 16308.3 6916.11 150985
log_desv_Rt
 -2.23258 -2.72367 1.50499 -1.54258 -2.74083 1.81062 -2.47639 -3.79868 0.329738 -2.23827 -0.0872985 1.09098 0.388412 0.407388 -0.0729802 2.10501 -1.71785 2.86675 1.73567 0.2435 2.14188 2.37862 -1.49561 1.80514 1.1851 -0.473972 1.54975 1.86624 -1.05892 -1.91674 1.16659
SSB
 2.28771e+06 1.02206e+06 234157 258618 62820.6 5071.26 466248 88630.5 23267 142312 21269.3 77727 156739 86468.9 49345.7 47259.9 572545 301183 1.67554e+06 995272 490721 936753 1.00904e+06 555180 1.06436e+06 703293 363470 624336 1.29949e+06 670281 206953
BT
 2.79455e+06 1.34311e+06 644481 400801 120638 1.2715e+06 701123 131197 502199 242524 177927 542865 491209 584016 371242 1.2201e+06 770473 3.76348e+06 3.10422e+06 1.46957e+06 2.59041e+06 2.47004e+06 1.31586e+06 2.74636e+06 1.75079e+06 1.0554e+06 1.98426e+06 2.64554e+06 1.62973e+06 891657 1.20582e+06
Ftot
 0.22444 0.665839 0.665052 1.26287 2.68516 0.554827 1.50005 0.969028 0.877464 1.77029 0.51999 1.13732 1.17078 1.99581 1.93859 0.753089 0.584817 0.360335 0.475134 0.714397 0.549515 0.569761 0.406827 0.338686 0.353896 0.404577 0.420644 0.243623 0.229972 0.542973 0.656892
BD_Bspro_t
 0.964854 0.719566 0.372688 0.412384 0.119536 0.0160991 0.470661 0.130791 0.0570381 0.277456 0.0792434 0.330729 0.323724 0.1801 0.10671 0.107679 0.457114 0.306758 0.637346 0.475719 0.288521 0.431289 0.472663 0.368476 0.553996 0.513513 0.423224 0.580836 0.718638 0.568577 0.342802
BD_Bspro
 6.80658 3.04092 0.696682 0.769461 0.186909 0.0150884 1.38722 0.263701 0.0692257 0.423417 0.0632822 0.23126 0.466342 0.257269 0.146817 0.140611 1.70348 0.896104 4.98521 2.96121 1.46003 2.7871 3.00218 1.65182 3.16678 2.0925 1.08142 1.85757 3.86634 1.99427 0.615744
BD_Bo
 1.38327 0.617992 0.141584 0.156374 0.0379846 0.00306635 0.281918 0.0535907 0.0140684 0.0860492 0.0128606 0.0469978 0.0947725 0.0522836 0.029837 0.0285758 0.346191 0.182111 1.01312 0.601794 0.296716 0.56641 0.61012 0.335691 0.643571 0.425248 0.219773 0.377506 0.785739 0.405287 0.125135
BD_Brms
 6.91269 3.08833 0.707543 0.781457 0.189823 0.0153236 1.40885 0.267812 0.0703049 0.430018 0.0642687 0.234865 0.473612 0.26128 0.149106 0.142803 1.73004 0.910074 5.06293 3.00738 1.48279 2.83055 3.04899 1.67757 3.21615 2.12512 1.09828 1.88653 3.92662 2.02536 0.625343
Sel_flota
 0.642526 0.971551 0.998461 0.999919 0.999996
 0.642526 0.971551 0.998461 0.999919 0.999996
 0.642526 0.971551 0.998461 0.999919 0.999996
 0.642526 0.971551 0.998461 0.999919 0.999996
 0.642526 0.971551 0.998461 0.999919 0.999996
 0.642526 0.971551 0.998461 0.999919 0.999996
 0.642526 0.971551 0.998461 0.999919 0.999996
 0.642526 0.971551 0.998461 0.999919 0.999996
 0.642526 0.971551 0.998461 0.999919 0.999996
 0.642526 0.971551 0.998461 0.999919 0.999996
 0.642526 0.971551 0.998461 0.999919 0.999996
 0.642526 0.971551 0.998461 0.999919 0.999996
 0.642526 0.971551 0.998461 0.999919 0.999996
 0.642526 0.971551 0.998461 0.999919 0.999996
 0.642526 0.971551 0.998461 0.999919 0.999996
 0.642526 0.971551 0.998461 0.999919 0.999996
 0.642526 0.971551 0.998461 0.999919 0.999996
 0.642526 0.971551 0.998461 0.999919 0.999996
 0.642526 0.971551 0.998461 0.999919 0.999996
 0.642526 0.971551 0.998461 0.999919 0.999996
 0.642526 0.971551 0.998461 0.999919 0.999996
 0.642526 0.971551 0.998461 0.999919 0.999996
 0.642526 0.971551 0.998461 0.999919 0.999996
 0.642526 0.971551 0.998461 0.999919 0.999996
 0.642526 0.971551 0.998461 0.999919 0.999996
 0.642526 0.971551 0.998461 0.999919 0.999996
 0.642526 0.971551 0.998461 0.999919 0.999996
 0.642526 0.971551 0.998461 0.999919 0.999996
 0.642526 0.971551 0.998461 0.999919 0.999996
 0.642526 0.971551 0.998461 0.999919 0.999996
 0.642526 0.971551 0.998461 0.999919 0.999996
Sel_reclas
 1 1 1 1 1
 1 1 1 1 1
 1 1 1 1 1
 1 1 1 1 1
 1 1 1 1 1
 1 1 1 1 1
 1 1 1 1 1
 1 1 1 1 1
 1 1 1 1 1
 1 1 1 1 1
 1 1 1 1 1
 1 1 1 1 1
 1 1 1 1 1
 1 1 1 1 1
 1 1 1 1 1
 1 1 1 1 1
 1 1 1 1 1
 1 1 1 1 1
 1 1 1 1 1
 1 1 1 1 1
 1 1 1 1 1
 1 1 1 1 1
 1 1 1 1 1
 1 1 1 1 1
 1 1 1 1 1
 1 1 1 1 1
 1 1 1 1 1
 1 1 1 1 1
 1 1 1 1 1
 1 1 1 1 1
 1 1 1 1 1
Sel_pelaces
 1 1 1 1 1
 1 1 1 1 1
 1 1 1 1 1
 1 1 1 1 1
 1 1 1 1 1
 1 1 1 1 1
 1 1 1 1 1
 1 1 1 1 1
 1 1 1 1 1
 1 1 1 1 1
 1 1 1 1 1
 1 1 1 1 1
 1 1 1 1 1
 1 1 1 1 1
 1 1 1 1 1
 1 1 1 1 1
 1 1 1 1 1
 1 1 1 1 1
 1 1 1 1 1
 1 1 1 1 1
 1 1 1 1 1
 1 1 1 1 1
 1 1 1 1 1
 1 1 1 1 1
 1 1 1 1 1
 1 1 1 1 1
 1 1 1 1 1
 1 1 1 1 1
 1 1 1 1 1
 1 1 1 1 1
 1 1 1 1 1
pf_obs 
 0.8446 0.082 0.0669 0.0065 0
 0.8095 0.147 0.0364 0.0071 0
 0.9664 0.0169 0.016 0.0007 0
 0.9276 0.0648 0.0075 0.0001 0
 0.7033 0.2144 0.0806 0.0017 0
 0.9318 0.0425 0.0243 0.0014 0
 0.5671 0.3108 0.0964 0.0239 0.0018
 0.0768 0.2599 0.5324 0.112 0.0189
 0.490249 0.384438 0.106611 0.0170017 0.00170017
 0.7925 0.1577 0.0466 0.003 0.0002
 0.840416 0.127587 0.0312969 0.00059994 9.999e-05
 0.8084 0.0986 0.0794 0.0134 0.0002
 0.7335 0.1905 0.0724 0.0035 0.0001
 0.4001 0.4547 0.1325 0.0127 0
 0.49795 0.308269 0.164784 0.0264974 0.00249975
 0.9179 0.0499 0.0305 0.0017 0
 0.2467 0.6533 0.0926 0.0074 0
 0.9418 0.0223 0.034 0.0019 0
 0.707729 0.231977 0.0356964 0.0245975 0
 0.517169 0.277429 0.184464 0.0207286 0.00020938
 0.811772 0.124168 0.05621 0.00726502 0.000585176
 0.764997 0.148141 0.077277 0.00933861 0.000247198
 0.163321 0.427699 0.378323 0.0303852 0.000271297
 0.753843 0.0900009 0.118128 0.0371064 0.000921714
 0.721811 0.176058 0.0630433 0.0369309 0.00215725
 0.143369 0.312575 0.442814 0.0836902 0.0175525
 0.692698 0.0596174 0.167031 0.0765114 0.00414204
 0.394062 0.376323 0.152708 0.0712218 0.00568511
 0.125707 0.32114 0.495352 0.0537591 0.00404204
 0.23352 0.215282 0.420074 0.123614 0.00750983
 0.774587 0.0839891 0.0768558 0.0609784 0.00358967
pf_pred 
 0.0237156 0.1785 0.716054 0.081729 6.05847e-07
 0.0487052 0.0352911 0.171624 0.66823 0.0761493
 0.944485 0.00459609 0.00196157 0.0091878 0.0397693
 0.127391 0.84454 0.00241017 0.00099051 0.024669
 0.257682 0.165928 0.558764 0.00151731 0.0161085
 0.998091 0.000972976 0.000222605 0.000691622 2.17173e-05
 0.0398267 0.959093 0.000560697 0.000123762 0.000395833
 0.100099 0.0710723 0.827947 0.000458526 0.000423627
 0.975735 0.00422278 0.00164727 0.0183755 1.95318e-05
 0.223157 0.766588 0.00185045 0.000692224 0.00771269
 0.952294 0.0185037 0.0288394 6.55804e-05 0.000296868
 0.90028 0.0968445 0.00113956 0.00171481 2.15091e-05
 0.666375 0.315241 0.017878 0.000200756 0.000305118
 0.79022 0.166495 0.0410051 0.00221718 6.25711e-05
 0.8144 0.167045 0.0149209 0.0034429 0.000190742
 0.982163 0.0162422 0.00144451 0.000121088 2.93871e-05
 0.0635984 0.926704 0.0088614 0.000757861 7.87795e-05
 0.964652 0.00358953 0.0314412 0.000290041 2.7331e-05
 0.431799 0.555744 0.0013019 0.011044 0.000111287
 0.249011 0.415717 0.328175 0.000742982 0.00635455
 0.881745 0.0433202 0.0421908 0.0320521 0.000691704
 0.763465 0.219167 0.00650914 0.00611898 0.00473985
 0.0456554 0.804497 0.139215 0.0039897 0.00664277
 0.825623 0.0124694 0.137183 0.0229736 0.00175141
 0.527002 0.418648 0.00400303 0.0426693 0.00767741
 0.224404 0.495896 0.248502 0.00230154 0.028897
 0.856034 0.0459672 0.0633993 0.0307462 0.00385296
 0.751761 0.225172 0.0075345 0.0100549 0.00547757
 0.087502 0.752389 0.145645 0.00472971 0.00973445
 0.109438 0.115617 0.642304 0.120676 0.0119646
 0.912709 0.0151223 0.00966373 0.0518234 0.0106815
pobs_RECLAS
 0 0 0 0 0
 0 0 0 0 0
 0 0 0 0 0
 0 0 0 0 0
 0 0 0 0 0
 0 0 0 0 0
 0 0 0 0 0
 0 0 0 0 0
 0 0 0 0 0
 0 0 0 0 0
 0.991045 0.00858322 0.000360255 1.14367e-05 0
 0.934742 0.0480273 0.0164251 0.00080598 0
 0.827803 0.169806 0.00239088 0 0
 0.941827 0.0461693 0.0120037 0 0
 0.791401 0.0380133 0.147996 0.0225897 0
 0.846168 0.0940531 0.0597789 0 0
 0.134021 0.677848 0.182769 0.00536245 0
 0.80878 0.0450904 0.141981 0.00414843 0
 0.846168 0.0940531 0.0597789 0 0
 0.905697 0.0802665 0.012482 0.00150086 5.37128e-05
 0.989698 0.0102097 9.19794e-05 0 0
 0.975433 0.0193895 0.00387452 0.00125025 5.28907e-05
 0.303575 0.632131 0.0575291 0.00676475 0
 0.966965 0.00978017 0.0227588 0.000495775 0
 0.843318 0.132988 0.00938335 0.0141283 0.000182051
 0.564624 0.303363 0.111486 0.0197234 0.00080311
 0.826376 0.0876187 0.0782897 0.00655872 0.00115652
 0.89761 0.0855135 0.0140674 0.00269457 0.000114338
 0.34875 0.467042 0.161289 0.0227151 0.000203297
 0.318654 0.224769 0.449479 0.00709798 0
 0.937255 0.0296025 0.0250945 0.00804832 0
ppred_RECLAS
 0.0364687 0.180246 0.703148 0.0801363 5.93994e-07
 0.0757378 0.0353261 0.166769 0.648296 0.0738715
 0.964535 0.0030215 0.00125183 0.00585416 0.0253375
 0.190913 0.783926 0.00216413 0.000887815 0.0221093
 0.399381 0.139072 0.447468 0.00121211 0.0128666
 0.998781 0.000630351 0.00014007 0.000434512 1.36428e-05
 0.0638744 0.935109 0.00052792 0.000116309 0.00037196
 0.153316 0.0688241 0.777034 0.000429609 0.000396876
 0.984835 0.00271034 0.00102522 0.0114176 1.21351e-05
 0.326124 0.665314 0.00154757 0.00057777 0.00643678
 0.969069 0.0122113 0.0184877 4.19757e-05 0.000189999
 0.935304 0.0628895 0.000716451 0.00107624 1.34983e-05
 0.7624 0.224906 0.012346 0.000138394 0.000210318
 0.867199 0.10624 0.025165 0.00135784 3.83155e-05
 0.882819 0.10587 0.00909955 0.00209532 0.000116071
 0.98853 0.0104724 0.00090373 7.56347e-05 1.83544e-05
 0.0951012 0.895796 0.00831845 0.000710312 7.38308e-05
 0.977199 0.00237512 0.0202218 0.000186261 1.75502e-05
 0.539193 0.450999 0.00102649 0.00869429 8.76032e-05
 0.343559 0.368232 0.282118 0.00063769 0.00545355
 0.921462 0.0293169 0.0277323 0.0210352 0.000453917
 0.833339 0.154762 0.0044639 0.00418978 0.0032452
 0.0686528 0.788611 0.132623 0.00379501 0.0063181
 0.881466 0.00870352 0.0930794 0.0155642 0.00118646
 0.631142 0.327579 0.00304466 0.0324046 0.00583004
 0.30957 0.445998 0.217206 0.00200863 0.0252173
 0.902997 0.0315901 0.0423411 0.0205024 0.00256905
 0.822296 0.161621 0.00525878 0.00700745 0.00381711
 0.127989 0.722516 0.136009 0.0044102 0.00907614
 0.162904 0.111485 0.601575 0.112848 0.0111876
 0.943362 0.0100662 0.00624478 0.0334356 0.00689099
pobs_PELACES
 0 0 0 0 0
 0 0 0 0 0
 0 0 0 0 0
 0 0 0 0 0
 0 0 0 0 0
 0 0 0 0 0
 0 0 0 0 0
 0 0 0 0 0
 0 0 0 0 0
 0 0 0 0 0
 0 0 0 0 0
 0 0 0 0 0
 0 0 0 0 0
 0 0 0 0 0
 0 0 0 0 0
 0 0 0 0 0
 0.505614 0.472636 0.0217494 0 0
 0 0 0 0 0
 0.443492 0.261883 0.143347 0.151278 0
 0.227955 0.32914 0.350689 0.0885471 0.00366901
 0.970185 0.0296113 0.000203453 0 0
 0.997202 0.00247181 0.000326279 0 0
 0.445219 0.490057 0.0546422 0.010081 0
 0.90214 0.0892962 0.00764917 0.000914606 0
 0 0 0 0 0
 0.581667 0.319106 0.0959925 0.00289975 0.000334073
 0.762889 0.0836404 0.116647 0.0363945 0.000428098
 0.88444 0.0763242 0.0277011 0.0115352 0
 0.521256 0.241999 0.230069 0.00667565 0
 0.616807 0.101726 0.260614 0.0208532 0
 0.833518 0.0704572 0.0857862 0.0102388 0
ppred_PELACES
 0.0373934 0.180367 0.702218 0.0800216 5.9314e-07
 0.0813993 0.0353188 0.165751 0.644134 0.073396
 0.967106 0.0028185 0.00116085 0.00542695 0.0234882
 0.213055 0.76275 0.00208219 0.000853681 0.0212585
 0.475472 0.123697 0.38862 0.00105134 0.0111593
 0.998855 0.000593542 0.000131243 0.00040702 1.27794e-05
 0.074334 0.924675 0.000515121 0.000113408 0.000362667
 0.168582 0.0681194 0.762488 0.000421371 0.000389256
 0.986285 0.00246766 0.000926178 0.0103103 1.09579e-05
 0.369737 0.622384 0.00142513 0.000531606 0.00592221
 0.970797 0.0115615 0.0174233 3.95492e-05 0.000179013
 0.942403 0.0560057 0.000631617 0.000948289 1.18931e-05
 0.784748 0.203864 0.0110752 0.000124079 0.000188557
 0.890577 0.0878476 0.0204428 0.00110199 3.10942e-05
 0.903048 0.0877397 0.00741256 0.00170527 9.44597e-05
 0.989427 0.00965892 0.000827974 6.92694e-05 1.68094e-05
 0.100713 0.890288 0.00822448 0.00070209 7.29751e-05
 0.978116 0.00228613 0.019402 0.000178678 1.68356e-05
 0.552006 0.4385 0.000993844 0.00841583 8.47964e-05
 0.361901 0.358941 0.273261 0.000617457 0.00528042
 0.925887 0.0277515 0.0261237 0.0198099 0.000427469
 0.841804 0.146956 0.00421735 0.00395729 0.00306507
 0.0715684 0.786578 0.131805 0.00377084 0.0062778
 0.88554 0.00842804 0.0898627 0.0150239 0.00114526
 0.640127 0.319718 0.00296227 0.0315223 0.00567126
 0.319314 0.440266 0.213646 0.00197532 0.0247988
 0.907141 0.0303183 0.0404849 0.0195996 0.0024559
 0.826158 0.158141 0.00513443 0.00684095 0.00372639
 0.130841 0.720406 0.135335 0.00438786 0.00903011
 0.171703 0.110779 0.594892 0.111565 0.0110602
 0.947306 0.00941241 0.00580524 0.0310724 0.00640383
pobs_pel_tallas
 0 0 0 0 0 0 0 0 0 0 0 0 0 0 0 0 0 0 0 0 0 0 0 0 0 0
 0 0 0 0 0 0 0 0 0 0 0 0 0 0 0 0 0 0 0 0 0 0 0 0 0 0
 0 0 0 0 0 0 0 0 0 0 0 0 0 0 0 0 0 0 0 0 0 0 0 0 0 0
 0 0 0 0 0 0 0 0 0 0 0 0 0 0 0 0 0 0 0 0 0 0 0 0 0 0
 0 0 0 0 0 0 0 0 0 0 0 0 0 0 0 0 0 0 0 0 0 0 0 0 0 0
 0 0 0 0 0 0 0 0 0 0 0 0 0 0 0 0 0 0 0 0 0 0 0 0 0 0
 0 0 0 0 0 0 0 0 0 0 0 0 0 0 0 0 0 0 0 0 0 0 0 0 0 0
 0 0 0 0 0 0 0 0 0 0 0 0 0 0 0 0 0 0 0 0 0 0 0 0 0 0
 0 0 0 0 0 0 0 0 0 0 0 0 0 0 0 0 0 0 0 0 0 0 0 0 0 0
 0 0 0 0 0 0 0 0 0 0 0 0 0 0 0 0 0 0 0 0 0 0 0 0 0 0
 0 0 0 0 0 0 0 0 0 0 0 0 0 0 0 0 0 0 0 0 0 0 0 0 0 0
 0 0 0 0 0 0 0 0 0 0 0 0 0 0 0 0 0 0 0 0 0 0 0 0 0 0
 0.00862536 0 0 0.000197151 0.00414017 0.0128641 0.00837892 0.0270097 0.101434 0.158115 0.152841 0.127902 0.109271 0.109419 0.0830992 0.0579132 0.0238553 0.00714673 0.00463305 0.00128148 0.00103504 0.000492878 0.000147863 0.000147863 4.92878e-05 0
 0 0 0 0 0 0 0 0 0 0 0 0 0 0 0 0 0 0 0 0 0 0 0 0 0 0
 0 0 0 0 0 0 0 0.0054083 0.00873648 0.0413646 0.0450493 0.0745869 0.0622846 0.0627006 0.0613931 0.0827291 0.12552 0.122667 0.0946155 0.0697135 0.0546179 0.0294188 0.0215738 0.0213955 0.0102223 0.00600262
 0 0 0 0 0.00359764 0.0251062 0.0480494 0.140153 0.205849 0.193036 0.1447 0.116669 0.0760912 0.0342217 0.00950174 0.001854 0.000860785 0 0 0 0.000165536 0 0.000143464 0 0 0
 0 0 0 0 0 0 0 0.000145254 0.000435761 0.0275982 0.070085 0.0708112 0.156366 0.174668 0.174014 0.160142 0.0824315 0.0480064 0.0283245 0.00493863 0.00203355 0 0 0 0 0
 0 0 0 0 0 0 0 0 0 0 0 0 0 0 0 0 0 0 0 0 0 0 0 0 0 0
 0 0 1.00437e-05 0.000401748 0.00122533 0.00171747 0.00176769 0.0269171 0.070346 0.194647 0.189555 0.159765 0.064822 0.0314167 0.0384472 0.0292271 0.0345202 0.0313363 0.0194345 0.0106764 0.0143323 0.0359363 0.0279516 0.0138201 0.00172751 0
 0 0.0021121 0.0136068 0.0755702 0.200478 0.177729 0.0527432 0.0373336 0.0318909 0.0142505 0.0149659 0.0166563 0.0217959 0.0798694 0.0677717 0.0528807 0.04013 0.0224614 0.0357745 0.0225083 0.00881397 0.00855152 0.00135912 0.000746735 0 0
 0 0 0 0 5.4009e-05 0.00500934 0.000945158 0.0243581 0.138947 0.33067 0.221406 0.137944 0.0707744 0.0437923 0.0131692 0.00525238 0.0047753 0.00276346 9.45158e-05 9.00151e-06 2.25038e-05 9.00151e-06 4.50075e-06 0 0 0
 0.000866109 0.00284123 0.00948549 0.0512746 0.133035 0.25785 0.225252 0.132002 0.0553304 0.0519788 0.0540692 0.017754 0.00435017 0.00159236 0.00146478 0.000404838 0.000125132 0.000115318 0.000107957 0.000100596 0 0 0 0 0 0
 0 0 0 0 0.00144013 0.00171154 0.00461396 0.0210425 0.0478622 0.0707936 0.0888783 0.103762 0.0637923 0.0337046 0.0602308 0.124433 0.169614 0.0934646 0.0462172 0.0250306 0.0313229 0.00938855 0.002487 0.000210481 0 0
 0 0.00764035 0.051015 0.0998891 0.058973 0.0496711 0.0374665 0.0718981 0.12319 0.153886 0.159021 0.0857701 0.0377988 0.023471 0.0147837 0.00900784 0.00315554 0.000888139 0.00291439 0.00214683 0.00393193 0.00274676 0.000635225 9.99891e-05 0 0
 0 0 0 0 0 0 0 0 0 0 0 0 0 0 0 0 0 0 0 0 0 0 0 0 0 0
 0 0 0 0 0 0 0 0 0 0 0 0 0 0 0 0 0 0 0 0 0 0 0 0 0 0
 0 0 0 0 0 0 0 0 0 0 0 0 0 0 0 0 0 0 0 0 0 0 0 0 0 0
 0 0 0 0 0 0 0 0 0 0 0 0 0 0 0 0 0 0 0 0 0 0 0 0 0 0
 0 0 0 0 0 0 0 0 0 0 0 0 0 0 0 0 0 0 0 0 0 0 0 0 0 0
 0 0 0 0 0 0 0 0 0 0 0 0 0 0 0 0 0 0 0 0 0 0 0 0 0 0
 0 0 0 0 0 0 0 0 0 0 0 0 0 0 0 0 0 0 0 0 0 0 0 0 0 0
ppred_pel_tallas
 1.28336e-16 3.08008e-06 2.99395e-05 0.000198959 0.000904452 0.00281418 0.00599659 0.00875606 0.00877451 0.00608727 0.00312175 0.00180647 0.00251469 0.00525572 0.0104271 0.018535 0.0297304 0.0436988 0.0599022 0.0777709 0.0964094 0.113943 0.127271 0.1329 0.128571 0.114578
 1.81811e-16 6.70476e-06 6.51727e-05 0.000433095 0.00196879 0.00612566 0.0130515 0.0190499 0.0190538 0.0130708 0.00619196 0.00216735 0.000959072 0.00130834 0.0026592 0.00518886 0.00947007 0.0163944 0.0271908 0.0432462 0.065532 0.0937165 0.125398 0.156036 0.179901 0.191816
 1.04554e-16 7.96592e-05 0.000774316 0.0051456 0.0233912 0.0727786 0.155062 0.226318 0.226318 0.155064 0.0727832 0.0234046 0.00517996 0.000851133 0.000231361 0.000273204 0.000429853 0.000645383 0.000939339 0.00136412 0.0019941 0.00289284 0.00406496 0.00541794 0.00675897 0.00783678
 1.03939e-16 1.75492e-05 0.000170585 0.0011336 0.00515323 0.016034 0.0341648 0.04988 0.0499533 0.0345232 0.0172366 0.00862466 0.00983921 0.019148 0.0359799 0.0592476 0.0848652 0.105716 0.114576 0.108152 0.0891331 0.0645328 0.0416918 0.0249773 0.0150482 0.0102018
 1.13241e-16 3.91641e-05 0.000380689 0.00252981 0.0115002 0.0357813 0.0762364 0.111272 0.111284 0.0762977 0.0359889 0.012107 0.00408044 0.00385626 0.00690436 0.0120396 0.0189335 0.0271136 0.0359907 0.0450787 0.0539216 0.0617178 0.0670922 0.0684549 0.0648337 0.0565655
 1.00048e-16 8.22744e-05 0.000799736 0.00531453 0.0241591 0.0751679 0.160153 0.233748 0.233748 0.160153 0.0751688 0.0241618 0.00532139 0.000814751 0.000110924 5.35206e-05 6.99868e-05 8.98127e-05 0.000103341 0.000108618 0.000108081 0.000106556 0.000107861 0.000112408 0.00011733 0.000118567
 1.00324e-16 6.12299e-06 5.95177e-05 0.000395521 0.00179803 0.00559483 0.0119237 0.0174216 0.0175105 0.012358 0.00705258 0.00600575 0.0109471 0.023059 0.0435844 0.0717768 0.102769 0.127915 0.138409 0.1302 0.106488 0.0757391 0.046868 0.0252644 0.0119038 0.00494964
 1.2213e-16 1.38859e-05 0.000134976 0.000896962 0.00407746 0.0126865 0.0270303 0.0394531 0.0394608 0.0270686 0.0128185 0.00447327 0.00194594 0.00260788 0.00524457 0.0100357 0.0176704 0.0288788 0.0441321 0.0631895 0.0844959 0.10484 0.119846 0.12545 0.119711 0.103838
 1.01064e-16 8.1239e-05 0.000789672 0.00524765 0.023855 0.0742219 0.158138 0.230806 0.230807 0.158139 0.0742259 0.0238667 0.00527709 0.000854925 0.000208203 0.000224156 0.000336695 0.000473124 0.000625603 0.000804973 0.00103452 0.0013329 0.00169147 0.00206232 0.00236783 0.00252861
 1.01256e-16 3.04549e-05 0.000296032 0.00196724 0.00894283 0.0278248 0.0592859 0.086542 0.0866019 0.0595782 0.028806 0.0117752 0.00907005 0.0157788 0.0293683 0.0483287 0.069207 0.0861705 0.0933036 0.0878932 0.0721049 0.0516423 0.0324977 0.0182723 0.00957975 0.00513221
 1.00541e-16 7.99632e-05 0.000777271 0.00516524 0.0234804 0.0730563 0.155654 0.227182 0.227183 0.15566 0.0730751 0.023535 0.00530339 0.00108266 0.000671091 0.00101178 0.0015166 0.00204529 0.00250887 0.00285819 0.0030928 0.00323125 0.00326997 0.00317379 0.00290763 0.00247756
 1.0013e-16 7.76245e-05 0.000754537 0.00501417 0.0227937 0.0709196 0.151102 0.220539 0.220544 0.151128 0.0710079 0.0230486 0.00565355 0.00214845 0.00271941 0.00435846 0.00623726 0.00777265 0.00842933 0.00796368 0.00656958 0.00475682 0.00305902 0.00179395 0.00101208 0.000596369
 1.00417e-16 6.46387e-05 0.000628311 0.00417535 0.0189806 0.0590557 0.125825 0.183649 0.183669 0.125921 0.0593774 0.0199095 0.00650558 0.00571026 0.00970155 0.0158977 0.0228038 0.0284829 0.0310065 0.0294825 0.0245908 0.0181432 0.0120324 0.00738194 0.00437639 0.00262865
 1.00729e-16 7.33556e-05 0.000713043 0.00473842 0.0215402 0.0670195 0.142793 0.208412 0.20842 0.142834 0.0671587 0.0219423 0.00574822 0.00291921 0.00426835 0.00695336 0.010039 0.012684 0.0140794 0.0138439 0.0122352 0.00995518 0.00771343 0.00589673 0.00453587 0.00348449
 1.00424e-16 7.43829e-05 0.000723028 0.00480478 0.0218418 0.0679581 0.144792 0.21133 0.211339 0.144833 0.0680966 0.022242 0.00580877 0.00291339 0.00423029 0.00686527 0.00985762 0.0123435 0.0134971 0.0129379 0.0109553 0.00831563 0.005812 0.0039032 0.00264924 0.00187589
 1.00037e-16 8.14978e-05 0.000792188 0.00526437 0.023931 0.0744584 0.158641 0.231542 0.231543 0.158646 0.0744736 0.0239751 0.00537488 0.0010333 0.000538945 0.000760763 0.00108504 0.00135796 0.001484 0.0014208 0.00120001 0.00090593 0.000626099 0.000411586 0.000269816 0.000182447
 1.00548e-16 8.29576e-06 8.06378e-05 0.000535871 0.00243604 0.0075799 0.0161529 0.0235936 0.0236792 0.0165712 0.00898369 0.00648817 0.0106978 0.0222328 0.0419868 0.0691567 0.0990518 0.123359 0.133614 0.125916 0.103328 0.0739627 0.0463505 0.025633 0.0127265 0.00587439
 1.00582e-16 8.05662e-05 0.000783132 0.00520419 0.0236575 0.0736072 0.156828 0.228895 0.228895 0.156829 0.0736114 0.0236701 0.0052372 0.000859854 0.000239852 0.000304263 0.000512172 0.000813119 0.0012093 0.00169229 0.00222472 0.00272997 0.00310156 0.00323841 0.00309038 0.00268586
 1.01e-16 4.54681e-05 0.000441966 0.00293702 0.0133513 0.041541 0.0885091 0.129191 0.129233 0.0887151 0.0422324 0.015347 0.00794182 0.0113519 0.0207198 0.0340628 0.0487856 0.060766 0.0658427 0.062112 0.0511027 0.0368261 0.023484 0.0135818 0.00751777 0.0043613
 1.08933e-16 2.98094e-05 0.000289758 0.00192554 0.00875326 0.0272348 0.058028 0.0847008 0.0847358 0.0581988 0.0278095 0.0104174 0.00611905 0.00949751 0.0176724 0.0295718 0.0435281 0.0566622 0.0659653 0.0698976 0.0690729 0.0654132 0.0605756 0.0550369 0.0484194 0.0404444
 1.02821e-16 7.62641e-05 0.000741314 0.0049263 0.0223942 0.0696768 0.148454 0.216673 0.216676 0.148467 0.0697215 0.022524 0.00525414 0.00146393 0.00146929 0.00236316 0.00352747 0.00471563 0.00573469 0.00650761 0.00710253 0.00764431 0.00817758 0.00860099 0.00872308 0.00838519
 1.01075e-16 6.93383e-05 0.000673993 0.00447892 0.0203605 0.0633493 0.134973 0.197 0.197014 0.135042 0.0635811 0.0210299 0.00615785 0.00433508 0.00701067 0.0114498 0.0164164 0.0204975 0.0223082 0.0212198 0.017745 0.0132143 0.00900705 0.00592472 0.00406228 0.00307953
 1.05446e-16 5.89516e-06 5.73031e-05 0.000380803 0.00173112 0.00538657 0.0114795 0.0167705 0.0168463 0.01185 0.0066309 0.00532542 0.00940397 0.0197581 0.0374298 0.0618903 0.0891974 0.112244 0.123749 0.120298 0.104325 0.0823807 0.0611735 0.0444812 0.0327212 0.0244844
 1.04296e-16 7.29408e-05 0.00070901 0.00471162 0.0214184 0.0666404 0.141985 0.207231 0.207232 0.141989 0.0666567 0.0214673 0.00484127 0.00101484 0.00072071 0.00125092 0.00220317 0.00362372 0.0055897 0.00810494 0.0110148 0.0139476 0.0163531 0.0176688 0.0175463 0.0160073
 1.04289e-16 5.27264e-05 0.00051252 0.00340588 0.0154826 0.0481724 0.102638 0.149809 0.14984 0.102788 0.0486768 0.0169388 0.00705842 0.0084776 0.0151556 0.0249103 0.0357407 0.0446691 0.0487201 0.0465722 0.0393905 0.0301004 0.0216858 0.015803 0.0125088 0.0108919
 1.10673e-16 2.63016e-05 0.000255661 0.00169896 0.00772325 0.0240301 0.0512003 0.0747372 0.0747799 0.0514089 0.0247312 0.00975114 0.0068004 0.011429 0.0213541 0.035541 0.0518451 0.0665449 0.0758048 0.0777718 0.0735318 0.0660876 0.0582698 0.0513107 0.0449391 0.038427
 1.03558e-16 7.472e-05 0.000726305 0.00482655 0.0219408 0.068266 0.145448 0.212286 0.212289 0.145463 0.0683153 0.0220839 0.00518889 0.00152771 0.00162758 0.00265388 0.00400832 0.00544937 0.00678383 0.00792861 0.0089317 0.00987292 0.0107273 0.0113196 0.0114115 0.0108484
 1.01506e-16 6.80495e-05 0.000661466 0.00439567 0.0199821 0.0621718 0.132464 0.193339 0.193354 0.132539 0.0624214 0.0207025 0.00620286 0.00460262 0.00754153 0.0123303 0.0176876 0.022103 0.0240929 0.0229873 0.019342 0.0145865 0.0101948 0.00701013 0.00511097 0.00410944
 1.06058e-16 1.07774e-05 0.00010476 0.000696171 0.00316473 0.00984703 0.0209827 0.0306394 0.0307089 0.0213222 0.0109872 0.00645838 0.00896572 0.0181639 0.0343274 0.0567812 0.0819021 0.103207 0.114057 0.111335 0.0972451 0.07772 0.0588043 0.0438573 0.0331948 0.0255161
 1.30256e-16 1.4143e-05 0.000137475 0.00091357 0.00415296 0.0129215 0.027531 0.0401847 0.0401963 0.0275882 0.0131162 0.00472731 0.00240056 0.00353373 0.00690501 0.0125454 0.0207637 0.0317464 0.0455372 0.0619553 0.0801963 0.0983097 0.113152 0.121244 0.120223 0.110004
 1.0437e-16 7.80284e-05 0.000758463 0.00504026 0.0229123 0.0712886 0.151888 0.221685 0.221686 0.151892 0.0713039 0.0229567 0.00515297 0.00100842 0.000564861 0.00084419 0.00129387 0.00182183 0.00241081 0.00310007 0.0039754 0.00510768 0.00646973 0.00789151 0.00909205 0.00977713
pSPR Fmed_Fpbrs
0.371795   0.250106 0.250106
Fs Fmed_Fpbrs
0.664638   1.005 1.005
SSBpbr Bo_Bmed_Bpbrs
1.65384e+06  532198  330944 330944
Ro
47021
SPR SPRFo_SPRFmed_SPRFpbrs
336103 124961 84061.3
Fref
1.005
Nvult_r0
 114565 1446.14 908.937 4870.03 1003.74
CTP_r0
 34003 563.382 360.023 1930.68 397.941
YTP_r0
391002
Np
 126102 36419.8 348.811 214.489 1366.79
Nvult_p0
 101781 31373.2 301.768 185.603 1182.74
CTP_p0
 39935.7 15499.4 151.144 93.0293 592.843
YTP_p0
 576601
CBA_c0
446682
log_Ro
10.5784
likeval ReclasPelacesDesembMPH_pf_preclas_ppelaces_ptallas_desvR_qrecl_qpela
 18.6173 80.2623 0.189307 0.00108455 352.286 131.222 119.504 0 143.225 2.35526e-05 0 0.00364691 0 0 0
q_reclas_q_pelaces
1.98914 1
M
1
N
 5043.06 25862.8 101197 11535.1 0.0855022
 3086.14 1606.09 7650.33 29754.3 3390.5
 211788 740.153 309.408 1447.64 6265.73
 10054.4 50819.1 142.697 58.5941 1459.24
 3033.65 1643.1 5481.22 14.8767 157.934
 287499 198.787 44.5036 138.11 4.33648
 3951.94 74049.1 42.6571 9.40834 30.0898
 1053.28 554.541 6343.01 3.50942 3.24215
 65387.6 207.897 79.5734 886.758 0.94251
 5014.45 13688.3 32.6075 12.1894 135.808
 43090.2 591.475 901.774 2.04822 9.27126
 139991 11349.7 131.292 197.389 2.47575
 69338.9 24799.5 1382.96 15.5158 23.5803
 70667.3 12022.2 2925.18 158.066 4.46062
 43711.6 7211.12 636.179 146.698 8.12699
 385909 4627.51 403.404 33.7801 8.19769
 8437.97 87507.2 819.02 69.9659 7.27251
 826620 2131.83 18238.6 168.038 15.8334
 266737 241247 552.61 4682.17 47.1781
 59985 72311.1 55935.7 126.501 1081.87
 400403 13944.4 13288.6 10083.5 217.596
 507356 103481 3007.75 2824.23 2187.55
 10538 129428 21885.9 626.448 1042.95
 285926 2984.97 32068.5 5363.63 408.874
 153807 84615.5 790.207 8412.41 1513.53
 29271.8 45074.3 22071.5 204.168 2563.26
 221483 8303.46 11192.5 5421.29 679.326
 303943 62182.3 2029.92 2705.39 1473.7
 16308.3 95612.6 18054.2 585.521 1205.01
 6916.11 5175.36 28131.1 5279.12 523.376
 150985 1794.95 1123.43 6017.89 1240.3
pred_Ctot
 433.173 3260.37 13079 1492.81 0.011066
 702.931 509.334 2476.94 9644.13 1099.01
 48191.4 234.51 100.087 468.798 2029.19
 3767.86 24979.1 71.286 29.2965 729.639
 1794.66 1155.62 3891.58 10.5675 112.189
 56095.4 54.6839 12.511 38.871 1.22057
 1667.4 40153.9 23.4744 5.1815 16.5722
 324.388 230.323 2683.11 1.48594 1.37284
 18639.1 80.6663 31.4672 351.021 0.37311
 2353.71 8085.46 19.5173 7.30112 81.3483
 7948.95 154.453 240.727 0.54741 2.478
 48635.9 5231.84 61.5627 92.6393 1.16199
 24606.5 11640.6 660.161 7.4131 11.2667
 35653.3 7511.93 1850.07 100.035 2.82309
 21679.3 4446.75 397.195 91.6501 5.07754
 97306 1609.16 143.112 11.9966 2.91147
 1722.39 25097.3 239.987 20.5246 2.13353
 110049 409.5 3586.87 33.0884 3.11797
 45473.2 58526.1 137.105 1163.05 11.7198
 14484.8 24181.9 19089.6 43.2187 369.639
 77479.8 3806.59 3707.35 2816.45 60.7807
 101278 29073.6 863.472 811.716 628.766
 1565.2 27580.4 4772.68 136.778 227.733
 35978.6 543.387 5978.07 1001.13 76.3222
 20144 16002.3 153.011 1630.98 293.46
 4326.15 9560.06 4790.71 44.37 557.087
 33894.2 1820.04 2510.26 1217.38 152.556
 28197 8445.73 282.604 377.139 205.452
 1433.25 12323.9 2385.61 77.471 159.447
 1324.54 1399.32 7773.88 1460.55 144.809
 34003 563.382 360.023 1930.68 397.941
F
 0.144209 0.218055 0.224095 0.224422 0.224439
 0.427819 0.646897 0.664815 0.665785 0.665837
 0.427314 0.646132 0.664029 0.664998 0.665049
 0.811429 1.22695 1.26093 1.26277 1.26287
 1.72529 2.60877 2.68103 2.68494 2.68515
 0.356491 0.539042 0.553973 0.554782 0.554824
 0.963822 1.45737 1.49774 1.49993 1.50004
 0.622626 0.94146 0.967536 0.968949 0.969023
 0.563794 0.852501 0.876114 0.877393 0.877461
 1.13746 1.71993 1.76757 1.77015 1.77029
 0.334107 0.505197 0.51919 0.519948 0.519987
 0.730756 1.10496 1.13557 1.13722 1.13731
 0.752254 1.13747 1.16897 1.17068 1.17077
 1.28236 1.93903 1.99273 1.99564 1.9958
 1.2456 1.88344 1.93561 1.93843 1.93858
 0.483879 0.731664 0.75193 0.753028 0.753085
 0.37576 0.56818 0.583917 0.58477 0.584815
 0.231525 0.350084 0.35978 0.360306 0.360333
 0.305286 0.461617 0.474403 0.475096 0.475132
 0.459019 0.694073 0.713298 0.714339 0.714394
 0.353078 0.533882 0.548669 0.54947 0.549512
 0.366086 0.553552 0.568884 0.569715 0.569758
 0.261397 0.395253 0.406201 0.406794 0.406825
 0.217615 0.329051 0.338165 0.338658 0.338684
 0.227388 0.343828 0.353352 0.353868 0.353895
 0.259951 0.393067 0.403954 0.404544 0.404575
 0.270275 0.408678 0.419997 0.42061 0.420643
 0.156534 0.236692 0.243248 0.243603 0.243622
 0.147763 0.22343 0.229618 0.229954 0.229971
 0.348875 0.527526 0.542138 0.542929 0.542971
 0.42207 0.638204 0.655881 0.656838 0.656889
nmprior
 8.19 8.8 8.5 0
nm_flota  nm_reclas  nm_pelaces    nm_pelaL
inf 9.61186 5.53305 9.24388
cv_recla  cv_pelaces  cv_mph
0.390286 1.01585 1.01632
 ------------------------------------------------
Talla a la edad & desviaci?n 
 8 13.2811 15.8009 17.003 17.5766
 0.8 1.32811 1.58009 1.7003 1.75766
