years
 1991 1992 1993 1994 1995 1996 1997 1998 1999 2000 2001 2002 2003 2004 2005 2006 2007 2008 2009 2010 2011 2012 2013 2014 2015 2016 2017 2018 2019 2020 2021
reclasobs
 0 0 0 0 0 0 0 0 0 252601 567819 844713 477998 351125 339783 2.1784e+06 2.13404e+06 4.81314e+06 1.55562e+06 2.62356e+06 3.21686e+06 3.843e+06 1.13348e+06 3.07943e+06 1.97215e+06 2.03268e+06 2.025e+06 2.42433e+06 2.27542e+06 1.05018e+06 2.36338e+06
reclaspred
 3.34221e+06 1.95412e+06 816471 489077 94461.1 2.11135e+06 823643 256178 732039 215204 237892 780408 510501 398813 279589 1.89592e+06 1.13438e+06 7.11894e+06 4.4908e+06 1.52639e+06 3.58085e+06 3.59804e+06 1.95208e+06 4.3984e+06 2.66318e+06 1.30187e+06 2.36478e+06 3.8441e+06 2.72933e+06 958123 1.39053e+06
pelacesobs
 0 0 0 0 0 0 0 0 0 0 0 0 0 0 0 552880 188675 0 991730 2.46772e+06 1.41603e+06 1.21717e+06 2.29649e+06 1.80582e+06 0 1.4828e+06 1.56532e+06 1.57751e+06 1.42118e+06 867257 1.10002e+06
pelacespred
 519946 417667 190094 87993.5 12935.9 495338 150173 60690.7 162424 35033.8 53069.1 148804 95754.9 75797.9 51299 370099 218193 1.7866e+06 1.08572e+06 368394 817522 794734 434695 1.1619e+06 673478 320201 670274 1.06085e+06 628667 259582 337677
mphobs
 0 0 0 0 0 0 0 0 0 0 0 498337 0 5186 125008 0 168611 109162 213762 579715 649985 157893 87575 83554 0 0 0 0 0 0 0
mphpred
 59715.4 400290 188623 57775.7 29499.2 4748.25 216029 58792.6 22057 62757.7 10102.2 26027.9 71815.5 31876.1 18181.9 17123.3 217139 113381 824828 396015 161663 342070 388263 212461 463128 271852 116978 225022 501240 254757 76552.7
desembarqueobs
 494567 514787 250237 358949 120608 361735 552515 73892 212993 205616 52469 317467 293654 387597 252695 516296 358380 742168 942051 627588 828172 859565 418607 520667 417249 300574 407403 355545 319650 289779 391294
desembarquepred
 494224 520135 247049 358232 120441 361446 551583 73847.5 212761 205279 52435.1 317039 293109 386679 252230 515715 358064 741607 940294 625866 827261 858376 418167 520284 416752 300119 407009 355275 319342 289339 390891
Reclutas
 533951 1010.59 3114.65 97143.2 1220.99 328677 1287.49 354.211 67848.5 1589.97 37985.6 164525 53042.1 71440.5 43891.9 399381 3558.61 1.0746e+06 143430 22840.4 421149 555079 3788.08 341836 131452 13710.6 229114 329058 8744.35 3303.51 143963
log_desv_Rt
 2.68103 -3.58874 -2.46316 0.976912 -3.39961 2.1958 -3.34658 -4.63714 0.618003 -3.13556 0.0379317 1.50379 0.371811 0.66959 0.182455 2.39064 -2.3299 3.38043 1.36657 -0.470743 2.44371 2.71984 -2.26742 2.23506 1.27937 -0.981102 1.83495 2.19696 -1.43087 -2.40429 1.37028
SSB
 165907 1.11212e+06 524048 160518 81957.2 13192 600192 163343 61280.7 174359 28066.8 72312.8 199524 88560.9 50514.5 47573.5 603274 315005 2.29161e+06 1.10024e+06 449146 950367 1.07871e+06 590279 1.2867e+06 755282 324999 625175 1.39259e+06 707789 212685
BT
 1.48463e+06 1.40878e+06 673811 528061 131146 1.46244e+06 839712 210985 566515 264637 168011 604850 479133 581405 368023 1.25841e+06 787156 4.78684e+06 3.38395e+06 1.50485e+06 2.62629e+06 2.5806e+06 1.36409e+06 3.17798e+06 1.94707e+06 1.02802e+06 1.98152e+06 2.79373e+06 1.71631e+06 919385 1.16261e+06
Ftot
 0.265703 0.464818 0.524644 1.16365 1.79103 0.30649 1.07385 0.501257 0.508253 1.43648 0.390645 0.693693 0.942849 1.46264 1.38183 0.47769 0.545908 0.188637 0.370045 0.695735 0.408341 0.420588 0.377864 0.213432 0.279435 0.405579 0.307671 0.167492 0.210058 0.523717 0.492213
BD_Bspro_t
 0.958378 0.712945 0.44393 0.239562 0.143916 0.0385044 0.528207 0.211501 0.134108 0.31886 0.102417 0.328781 0.375691 0.184592 0.110196 0.109432 0.469954 0.318281 0.701317 0.496989 0.276821 0.440821 0.485136 0.375861 0.591144 0.522099 0.397146 0.58217 0.729026 0.577613 0.350905
BD_Bspro
 0.634656 4.25429 2.00468 0.614041 0.313518 0.0504644 2.29596 0.624848 0.234422 0.666989 0.107366 0.276624 0.763255 0.338779 0.193237 0.181987 2.30775 1.20502 8.76628 4.20885 1.71816 3.63552 4.12646 2.25804 4.92213 2.88924 1.24325 2.39153 5.32719 2.70756 0.813603
BD_Bo
 0.105565 0.707637 0.333449 0.102136 0.0521489 0.008394 0.381899 0.103934 0.0389926 0.110944 0.0178587 0.0460123 0.126956 0.0563508 0.0321421 0.0302708 0.38386 0.200436 1.45814 0.700079 0.285789 0.604714 0.686375 0.375591 0.818721 0.480582 0.206795 0.397796 0.886097 0.450363 0.135331
BD_Brms
 0.851332 5.70673 2.6891 0.823679 0.420555 0.0676933 3.07982 0.838176 0.314455 0.894704 0.144022 0.371066 1.02384 0.454441 0.25921 0.244118 3.09564 1.61642 11.7591 5.64578 2.30475 4.87671 5.53527 3.02895 6.60257 3.87565 1.6677 3.20802 7.14592 3.63195 1.09137
Sel_flota
 0.992974 1 1 1 1
 0.992974 1 1 1 1
 0.992974 1 1 1 1
 0.992974 1 1 1 1
 0.992974 1 1 1 1
 0.992974 1 1 1 1
 0.992974 1 1 1 1
 0.992974 1 1 1 1
 0.992974 1 1 1 1
 0.992974 1 1 1 1
 0.992974 1 1 1 1
 0.992974 1 1 1 1
 0.992974 1 1 1 1
 0.992974 1 1 1 1
 0.992974 1 1 1 1
 0.992974 1 1 1 1
 0.992974 1 1 1 1
 0.992974 1 1 1 1
 0.992974 1 1 1 1
 0.992974 1 1 1 1
 0.992974 1 1 1 1
 0.992974 1 1 1 1
 0.992974 1 1 1 1
 0.992974 1 1 1 1
 0.992974 1 1 1 1
 0.992974 1 1 1 1
 0.992974 1 1 1 1
 0.992974 1 1 1 1
 0.992974 1 1 1 1
 0.992974 1 1 1 1
 0.992974 1 1 1 1
Sel_reclas
 1 1 1 1 1
 1 1 1 1 1
 1 1 1 1 1
 1 1 1 1 1
 1 1 1 1 1
 1 1 1 1 1
 1 1 1 1 1
 1 1 1 1 1
 1 1 1 1 1
 1 1 1 1 1
 1 1 1 1 1
 1 1 1 1 1
 1 1 1 1 1
 1 1 1 1 1
 1 1 1 1 1
 1 1 1 1 1
 1 1 1 1 1
 1 1 1 1 1
 1 1 1 1 1
 1 1 1 1 1
 1 1 1 1 1
 1 1 1 1 1
 1 1 1 1 1
 1 1 1 1 1
 1 1 1 1 1
 1 1 1 1 1
 1 1 1 1 1
 1 1 1 1 1
 1 1 1 1 1
 1 1 1 1 1
 1 1 1 1 1
Sel_pelaces
 1 1 1 1 1
 1 1 1 1 1
 1 1 1 1 1
 1 1 1 1 1
 1 1 1 1 1
 1 1 1 1 1
 1 1 1 1 1
 1 1 1 1 1
 1 1 1 1 1
 1 1 1 1 1
 1 1 1 1 1
 1 1 1 1 1
 1 1 1 1 1
 1 1 1 1 1
 1 1 1 1 1
 1 1 1 1 1
 1 1 1 1 1
 1 1 1 1 1
 1 1 1 1 1
 1 1 1 1 1
 1 1 1 1 1
 1 1 1 1 1
 1 1 1 1 1
 1 1 1 1 1
 1 1 1 1 1
 1 1 1 1 1
 1 1 1 1 1
 1 1 1 1 1
 1 1 1 1 1
 1 1 1 1 1
 1 1 1 1 1
pf_obs 
 0.8446 0.082 0.0669 0.0065 0
 0.8095 0.147 0.0364 0.0071 0
 0.9664 0.0169 0.016 0.0007 0
 0.9276 0.0648 0.0075 0.0001 0
 0.7033 0.2144 0.0806 0.0017 0
 0.9318 0.0425 0.0243 0.0014 0
 0.5671 0.3108 0.0964 0.0239 0.0018
 0.0768 0.2599 0.5324 0.112 0.0189
 0.490249 0.384438 0.106611 0.0170017 0.00170017
 0.7925 0.1577 0.0466 0.003 0.0002
 0.840416 0.127587 0.0312969 0.00059994 9.999e-05
 0.8084 0.0986 0.0794 0.0134 0.0002
 0.7335 0.1905 0.0724 0.0035 0.0001
 0.4001 0.4547 0.1325 0.0127 0
 0.49795 0.308269 0.164784 0.0264974 0.00249975
 0.9179 0.0499 0.0305 0.0017 0
 0.2467 0.6533 0.0926 0.0074 0
 0.9418 0.0223 0.034 0.0019 0
 0.707729 0.231977 0.0356964 0.0245975 0
 0.517169 0.277429 0.184464 0.0207286 0.00020938
 0.811772 0.124168 0.05621 0.00726502 0.000585176
 0.764997 0.148141 0.077277 0.00933861 0.000247198
 0.163321 0.427699 0.378323 0.0303852 0.000271297
 0.753843 0.0900009 0.118128 0.0371064 0.000921714
 0.721811 0.176058 0.0630433 0.0369309 0.00215725
 0.143369 0.312575 0.442814 0.0836902 0.0175525
 0.692698 0.0596174 0.167031 0.0765114 0.00414204
 0.394062 0.376323 0.152708 0.0712218 0.00568511
 0.125707 0.32114 0.495352 0.0537591 0.00404204
 0.23352 0.215282 0.420074 0.123614 0.00750983
 0.774587 0.0839891 0.0768558 0.0609784 0.00358967
pf_pred 
 0.971072 0.0211366 0.00703127 0.000759856 1.06145e-07
 0.00642664 0.965059 0.0208347 0.00693082 0.000749106
 0.0789415 0.00597289 0.888824 0.0191888 0.00707325
 0.918807 0.00646485 0.000484595 0.0721124 0.00213071
 0.0904556 0.83654 0.00581285 0.000435722 0.0667555
 0.997476 0.000231674 0.00210864 1.46523e-05 0.000169367
 0.0141325 0.9834 0.000226504 0.00206159 0.000179913
 0.0299628 0.0138727 0.953771 0.000219679 0.00217397
 0.962613 0.00113029 0.000518511 0.0356484 8.94657e-05
 0.0919116 0.87444 0.00101729 0.00046667 0.0321648
 0.961567 0.00357753 0.0335643 3.90473e-05 0.00125252
 0.943194 0.054641 0.000201526 0.00189071 7.27552e-05
 0.621091 0.35759 0.0205067 7.56325e-05 0.000736887
 0.852982 0.0917042 0.0522011 0.00299358 0.000118612
 0.858673 0.120799 0.0128051 0.00728911 0.000434572
 0.988157 0.010189 0.00141393 0.000149882 9.04046e-05
 0.0368403 0.951855 0.00972548 0.00134961 0.000229356
 0.98118 0.000699681 0.017908 0.000182973 2.97063e-05
 0.299132 0.687779 0.000486625 0.0124549 0.000147917
 0.157631 0.253508 0.577864 0.000408857 0.0105887
 0.940499 0.0094598 0.0150599 0.0343285 0.000653322
 0.834085 0.156124 0.00155656 0.00247803 0.00575609
 0.0228522 0.81622 0.151431 0.00150978 0.00798662
 0.891 0.00251209 0.0889502 0.0165027 0.0010349
 0.533804 0.415739 0.00116285 0.0411754 0.00811824
 0.166195 0.446797 0.345122 0.000965333 0.0409207
 0.918737 0.0136048 0.0362547 0.0280044 0.00339878
 0.82876 0.157431 0.00231185 0.00616072 0.00533631
 0.0657141 0.775324 0.146143 0.00214608 0.0106727
 0.0768788 0.0611134 0.715344 0.134837 0.0118271
 0.938887 0.004739 0.00373216 0.0436856 0.00895669
pobs_RECLAS
 0 0 0 0 0
 0 0 0 0 0
 0 0 0 0 0
 0 0 0 0 0
 0 0 0 0 0
 0 0 0 0 0
 0 0 0 0 0
 0 0 0 0 0
 0 0 0 0 0
 0 0 0 0 0
 0.991045 0.00858322 0.000360255 1.14367e-05 0
 0.934742 0.0480273 0.0164251 0.00080598 0
 0.827803 0.169806 0.00239088 0 0
 0.941827 0.0461693 0.0120037 0 0
 0.791401 0.0380133 0.147996 0.0225897 0
 0.846168 0.0940531 0.0597789 0 0
 0.134021 0.677848 0.182769 0.00536245 0
 0.80878 0.0450904 0.141981 0.00414843 0
 0.846168 0.0940531 0.0597789 0 0
 0.905697 0.0802665 0.012482 0.00150086 5.37128e-05
 0.989698 0.0102097 9.19794e-05 0 0
 0.975433 0.0193895 0.00387452 0.00125025 5.28907e-05
 0.303575 0.632131 0.0575291 0.00676475 0
 0.966965 0.00978017 0.0227588 0.000495775 0
 0.843318 0.132988 0.00938335 0.0141283 0.000182051
 0.564624 0.303363 0.111486 0.0197234 0.00080311
 0.826376 0.0876187 0.0782897 0.00655872 0.00115652
 0.89761 0.0855135 0.0140674 0.00269457 0.000114338
 0.34875 0.467042 0.161289 0.0227151 0.000203297
 0.318654 0.224769 0.449479 0.00709798 0
 0.937255 0.0296025 0.0250945 0.00804832 0
ppred_RECLAS
 0.971275 0.0209885 0.00698198 0.00075453 1.05401e-07
 0.0064743 0.965012 0.0208337 0.00693049 0.00074907
 0.0794887 0.00596934 0.888295 0.0191774 0.00706905
 0.919433 0.00641502 0.00048086 0.0715565 0.00211428
 0.0912529 0.835807 0.00580775 0.00043534 0.0666969
 0.997494 0.000229998 0.00209339 1.45463e-05 0.000168142
 0.0142481 0.983284 0.000226477 0.00206135 0.000179892
 0.0301809 0.0138696 0.953556 0.00021963 0.00217348
 0.962882 0.00112218 0.000514788 0.0353925 8.88234e-05
 0.0926587 0.87372 0.00101645 0.000466286 0.0321384
 0.961838 0.0035523 0.0333276 3.87719e-05 0.00124369
 0.943606 0.0542451 0.000200066 0.00187701 7.22281e-05
 0.622986 0.355801 0.0204042 7.52543e-05 0.000733202
 0.854104 0.0910047 0.051803 0.00297075 0.000117707
 0.859739 0.119887 0.0127085 0.00723411 0.000431293
 0.988244 0.0101142 0.00140356 0.000148783 8.97415e-05
 0.0371083 0.95159 0.00972277 0.00134924 0.000229292
 0.981312 0.000694769 0.0177822 0.000181688 2.94978e-05
 0.300673 0.686267 0.000485555 0.0124275 0.000147592
 0.158658 0.253199 0.577159 0.000408358 0.0105758
 0.94091 0.00939438 0.0149557 0.0340911 0.000648804
 0.835105 0.155164 0.00154699 0.00246279 0.0057207
 0.0230168 0.816083 0.151406 0.00150952 0.00798527
 0.891697 0.00249602 0.0883813 0.0163972 0.00102828
 0.535609 0.41413 0.00115835 0.041016 0.00808681
 0.167219 0.446249 0.344698 0.000964147 0.0408704
 0.919279 0.0135141 0.0360129 0.0278177 0.00337611
 0.829775 0.156498 0.00229815 0.00612423 0.0053047
 0.0661573 0.774956 0.146074 0.00214507 0.0106676
 0.0774128 0.061078 0.71493 0.134759 0.0118202
 0.939314 0.00470589 0.00370608 0.0433804 0.00889411
pobs_PELACES
 0 0 0 0 0
 0 0 0 0 0
 0 0 0 0 0
 0 0 0 0 0
 0 0 0 0 0
 0 0 0 0 0
 0 0 0 0 0
 0 0 0 0 0
 0 0 0 0 0
 0 0 0 0 0
 0 0 0 0 0
 0 0 0 0 0
 0 0 0 0 0
 0 0 0 0 0
 0 0 0 0 0
 0 0 0 0 0
 0.505614 0.472636 0.0217494 0 0
 0 0 0 0 0
 0.443492 0.261883 0.143347 0.151278 0
 0.227955 0.32914 0.350689 0.0885471 0.00366901
 0.970185 0.0296113 0.000203453 0 0
 0.997202 0.00247181 0.000326279 0 0
 0.445219 0.490057 0.0546422 0.010081 0
 0.90214 0.0892962 0.00764917 0.000914606 0
 0 0 0 0 0
 0.581667 0.319106 0.0959925 0.00289975 0.000334073
 0.762889 0.0836404 0.116647 0.0363945 0.000428098
 0.88444 0.0763242 0.0277011 0.0115352 0
 0.521256 0.241999 0.230069 0.00667565 0
 0.616807 0.101726 0.260614 0.0208532 0
 0.833518 0.0704572 0.0857862 0.0102388 0
ppred_PELACES
 0.971292 0.0209759 0.0069778 0.000754078 1.05338e-07
 0.00648123 0.965006 0.0208335 0.00693044 0.000749065
 0.0795778 0.00596876 0.88821 0.0191756 0.00706836
 0.919633 0.00639912 0.000479668 0.0713792 0.00210904
 0.0915978 0.83549 0.00580555 0.000435175 0.0666716
 0.997496 0.000229835 0.00209191 1.4536e-05 0.000168022
 0.0142831 0.983249 0.000226469 0.00206127 0.000179885
 0.0302149 0.0138691 0.953523 0.000219622 0.0021734
 0.962924 0.0011209 0.000514204 0.0353524 8.87227e-05
 0.0929392 0.87345 0.00101613 0.000466142 0.0321284
 0.961871 0.00354921 0.0332986 3.87381e-05 0.0012426
 0.943691 0.0541628 0.000199762 0.00187416 7.21186e-05
 0.623499 0.355317 0.0203764 7.51518e-05 0.000732204
 0.854526 0.0907414 0.0516531 0.00296215 0.000117367
 0.860125 0.119557 0.0126735 0.00721421 0.000430106
 0.988257 0.0101032 0.00140202 0.00014862 8.96433e-05
 0.0371536 0.951546 0.00972232 0.00134917 0.000229282
 0.98132 0.000694471 0.0177746 0.00018161 2.94851e-05
 0.300853 0.68609 0.00048543 0.0124243 0.000147554
 0.158873 0.253134 0.577012 0.000408254 0.0105731
 0.940963 0.00938601 0.0149424 0.0340607 0.000648226
 0.83524 0.155038 0.00154573 0.00246078 0.00571604
 0.0230365 0.816066 0.151403 0.00150949 0.00798511
 0.891745 0.00249492 0.0883423 0.0163899 0.00102783
 0.53577 0.413986 0.00115795 0.0410018 0.008084
 0.16735 0.446178 0.344644 0.000963995 0.040864
 0.919332 0.0135052 0.0359893 0.0277994 0.0033739
 0.829829 0.156448 0.00229741 0.00612226 0.00530299
 0.0661874 0.774931 0.146069 0.002145 0.0106673
 0.0774996 0.0610723 0.714863 0.134746 0.0118191
 0.939379 0.00470085 0.00370211 0.0433339 0.00888458
pobs_pel_tallas
 0 0 0 0 0 0 0 0 0 0 0 0 0 0 0 0 0 0 0 0 0 0 0 0 0 0
 0 0 0 0 0 0 0 0 0 0 0 0 0 0 0 0 0 0 0 0 0 0 0 0 0 0
 0 0 0 0 0 0 0 0 0 0 0 0 0 0 0 0 0 0 0 0 0 0 0 0 0 0
 0 0 0 0 0 0 0 0 0 0 0 0 0 0 0 0 0 0 0 0 0 0 0 0 0 0
 0 0 0 0 0 0 0 0 0 0 0 0 0 0 0 0 0 0 0 0 0 0 0 0 0 0
 0 0 0 0 0 0 0 0 0 0 0 0 0 0 0 0 0 0 0 0 0 0 0 0 0 0
 0 0 0 0 0 0 0 0 0 0 0 0 0 0 0 0 0 0 0 0 0 0 0 0 0 0
 0 0 0 0 0 0 0 0 0 0 0 0 0 0 0 0 0 0 0 0 0 0 0 0 0 0
 0 0 0 0 0 0 0 0 0 0 0 0 0 0 0 0 0 0 0 0 0 0 0 0 0 0
 0 0 0 0 0 0 0 0 0 0 0 0 0 0 0 0 0 0 0 0 0 0 0 0 0 0
 0 0 0 0 0 0 0 0 0 0 0 0 0 0 0 0 0 0 0 0 0 0 0 0 0 0
 0 0 0 0 0 0 0 0 0 0 0 0 0 0 0 0 0 0 0 0 0 0 0 0 0 0
 0.00862536 0 0 0.000197151 0.00414017 0.0128641 0.00837892 0.0270097 0.101434 0.158115 0.152841 0.127902 0.109271 0.109419 0.0830992 0.0579132 0.0238553 0.00714673 0.00463305 0.00128148 0.00103504 0.000492878 0.000147863 0.000147863 4.92878e-05 0
 0 0 0 0 0 0 0 0 0 0 0 0 0 0 0 0 0 0 0 0 0 0 0 0 0 0
 0 0 0 0 0 0 0 0.0054083 0.00873648 0.0413646 0.0450493 0.0745869 0.0622846 0.0627006 0.0613931 0.0827291 0.12552 0.122667 0.0946155 0.0697135 0.0546179 0.0294188 0.0215738 0.0213955 0.0102223 0.00600262
 0 0 0 0 0.00359764 0.0251062 0.0480494 0.140153 0.205849 0.193036 0.1447 0.116669 0.0760912 0.0342217 0.00950174 0.001854 0.000860785 0 0 0 0.000165536 0 0.000143464 0 0 0
 0 0 0 0 0 0 0 0.000145254 0.000435761 0.0275982 0.070085 0.0708112 0.156366 0.174668 0.174014 0.160142 0.0824315 0.0480064 0.0283245 0.00493863 0.00203355 0 0 0 0 0
 0 0 0 0 0 0 0 0 0 0 0 0 0 0 0 0 0 0 0 0 0 0 0 0 0 0
 0 0 1.00437e-05 0.000401748 0.00122533 0.00171747 0.00176769 0.0269171 0.070346 0.194647 0.189555 0.159765 0.064822 0.0314167 0.0384472 0.0292271 0.0345202 0.0313363 0.0194345 0.0106764 0.0143323 0.0359363 0.0279516 0.0138201 0.00172751 0
 0 0.0021121 0.0136068 0.0755702 0.200478 0.177729 0.0527432 0.0373336 0.0318909 0.0142505 0.0149659 0.0166563 0.0217959 0.0798694 0.0677717 0.0528807 0.04013 0.0224614 0.0357745 0.0225083 0.00881397 0.00855152 0.00135912 0.000746735 0 0
 0 0 0 0 5.4009e-05 0.00500934 0.000945158 0.0243581 0.138947 0.33067 0.221406 0.137944 0.0707744 0.0437923 0.0131692 0.00525238 0.0047753 0.00276346 9.45158e-05 9.00151e-06 2.25038e-05 9.00151e-06 4.50075e-06 0 0 0
 0.000866109 0.00284123 0.00948549 0.0512746 0.133035 0.25785 0.225252 0.132002 0.0553304 0.0519788 0.0540692 0.017754 0.00435017 0.00159236 0.00146478 0.000404838 0.000125132 0.000115318 0.000107957 0.000100596 0 0 0 0 0 0
 0 0 0 0 0.00144013 0.00171154 0.00461396 0.0210425 0.0478622 0.0707936 0.0888783 0.103762 0.0637923 0.0337046 0.0602308 0.124433 0.169614 0.0934646 0.0462172 0.0250306 0.0313229 0.00938855 0.002487 0.000210481 0 0
 0 0.00764035 0.051015 0.0998891 0.058973 0.0496711 0.0374665 0.0718981 0.12319 0.153886 0.159021 0.0857701 0.0377988 0.023471 0.0147837 0.00900784 0.00315554 0.000888139 0.00291439 0.00214683 0.00393193 0.00274676 0.000635225 9.99891e-05 0 0
 0 0 0 0 0 0 0 0 0 0 0 0 0 0 0 0 0 0 0 0 0 0 0 0 0 0
 0 0 0 0 0 0 0 0 0 0 0 0 0 0 0 0 0 0 0 0 0 0 0 0 0 0
 0 0 0 0 0 0 0 0 0 0 0 0 0 0 0 0 0 0 0 0 0 0 0 0 0 0
 0 0 0 0 0 0 0 0 0 0 0 0 0 0 0 0 0 0 0 0 0 0 0 0 0 0
 0 0 0 0 0 0 0 0 0 0 0 0 0 0 0 0 0 0 0 0 0 0 0 0 0 0
 0 0 0 0 0 0 0 0 0 0 0 0 0 0 0 0 0 0 0 0 0 0 0 0 0 0
 0 0 0 0 0 0 0 0 0 0 0 0 0 0 0 0 0 0 0 0 0 0 0 0 0 0
ppred_pel_tallas
 1.00283e-16 8.0004e-05 0.000777668 0.00516788 0.0234924 0.0730936 0.155734 0.227298 0.2273 0.155744 0.0731269 0.0235887 0.00540978 0.00130673 0.00108761 0.00167873 0.00242741 0.00308722 0.00346522 0.00347136 0.00316303 0.00269727 0.00222843 0.00183393 0.00151195 0.0012277
 1.0167e-16 5.34051e-07 5.19126e-06 3.45023e-05 0.000156899 0.00048867 0.00104459 0.00154407 0.0016369 0.00149806 0.00201071 0.00455063 0.0110541 0.0240305 0.0455389 0.0750479 0.107555 0.134086 0.145496 0.137575 0.113625 0.0823813 0.052996 0.0309365 0.0171136 0.00959328
 1.28753e-16 6.55472e-06 6.37142e-05 0.000423403 0.00192473 0.00598856 0.0127593 0.018623 0.018625 0.0127695 0.00602674 0.00205251 0.00081009 0.00112559 0.00265956 0.00604076 0.0125403 0.023734 0.0409159 0.0641819 0.0915136 0.118512 0.139323 0.148661 0.144006 0.126714
 1.07531e-16 7.57489e-05 0.000736307 0.00489302 0.0222429 0.0692061 0.147451 0.215209 0.21521 0.147454 0.0692167 0.0222741 0.00497296 0.000916598 0.000436475 0.000654017 0.00106983 0.00166086 0.00249874 0.003711 0.00544095 0.0077535 0.0105248 0.0133892 0.0158007 0.017202
 1.11708e-16 7.54497e-06 7.33398e-05 0.000487373 0.00221558 0.00689391 0.0146912 0.021459 0.0215394 0.0150837 0.00821153 0.00601914 0.0100268 0.0208713 0.0394295 0.0649741 0.0931406 0.116194 0.1263 0.119949 0.100186 0.0747536 0.0516701 0.0355674 0.0268816 0.0233735
 1.00091e-16 8.21624e-05 0.000798648 0.0053073 0.0241262 0.0750655 0.159935 0.23343 0.23343 0.159935 0.075066 0.0241275 0.00531067 0.000806533 9.86291e-05 3.68831e-05 5.41249e-05 8.65209e-05 0.000130291 0.000184745 0.000246193 0.000306528 0.000354113 0.000377466 0.000370127 0.000333754
 1.00496e-16 1.17669e-06 1.14379e-05 7.60136e-05 0.000345605 0.00107581 0.00229563 0.00337035 0.0034649 0.00275748 0.00262591 0.00481988 0.011296 0.024468 0.0463406 0.076325 0.109284 0.136028 0.1472 0.138493 0.113315 0.0806678 0.0500297 0.0271231 0.0129728 0.00561291
 1.2791e-16 2.48877e-06 2.41917e-05 0.000160763 0.000730805 0.00227382 0.00484471 0.00707156 0.00707436 0.0048591 0.00232638 0.000901277 0.000658835 0.00134303 0.00318334 0.00701503 0.0141758 0.0262588 0.0445353 0.0690202 0.0975256 0.125386 0.146441 0.15519 0.149121 0.129877
 1.03576e-16 7.93148e-05 0.000770968 0.00512335 0.02329 0.0724639 0.154392 0.22534 0.22534 0.154393 0.0724659 0.0232962 0.00513962 0.000809432 0.000161704 0.000168341 0.000302977 0.000539436 0.000928966 0.00154144 0.0024377 0.00362799 0.00502942 0.00645032 0.00762344 0.00828588
 1.05737e-16 7.65546e-06 7.44138e-05 0.00049451 0.00224802 0.00699489 0.0149064 0.021774 0.021858 0.0153168 0.00837204 0.00622323 0.0104635 0.0218058 0.041189 0.067846 0.097186 0.121075 0.13125 0.123958 0.102299 0.0743267 0.0484562 0.0296757 0.018697 0.0135026
 1.01177e-16 7.9228e-05 0.000770125 0.00511775 0.0232645 0.0723846 0.154223 0.225093 0.225094 0.154225 0.0723913 0.0232845 0.00517018 0.000892618 0.00033534 0.00049001 0.000839777 0.00134965 0.00203208 0.00287661 0.00382041 0.00473075 0.00542194 0.00571601 0.00552072 0.00487678
 1.0022e-16 7.77306e-05 0.000755569 0.00502102 0.0228248 0.0710166 0.151309 0.22084 0.220846 0.151334 0.071102 0.0230714 0.00563932 0.00210348 0.00263229 0.00421472 0.00603141 0.00751688 0.00815454 0.00771092 0.00637621 0.00464565 0.0030356 0.00185028 0.00113199 0.000759224
 1.00811e-16 5.13569e-05 0.000499207 0.00331741 0.0150805 0.0469212 0.0999718 0.145919 0.145953 0.100139 0.047482 0.0166996 0.00737918 0.00935773 0.0168506 0.0277109 0.0397597 0.049672 0.0540925 0.0514671 0.0429793 0.0317818 0.0211672 0.0130865 0.00785735 0.00480433
 1.01831e-16 7.03862e-05 0.000684179 0.00454661 0.0206682 0.0643066 0.137012 0.199975 0.199984 0.137055 0.0644513 0.021087 0.00560073 0.00299473 0.00448596 0.00737595 0.0107832 0.0139005 0.0159411 0.0165174 0.015827 0.0144416 0.0128878 0.0113766 0.0098448 0.00818131
 1.01193e-16 7.08474e-05 0.000688662 0.0045764 0.0208037 0.0647279 0.13791 0.201286 0.201298 0.137966 0.0649169 0.0213493 0.00594586 0.0036774 0.00574469 0.00937915 0.013491 0.0169388 0.0186125 0.0180053 0.0155137 0.0121702 0.00902602 0.00666331 0.0051183 0.00411936
 1.00074e-16 8.14014e-05 0.00079125 0.00525814 0.0239027 0.0743703 0.158454 0.231268 0.231269 0.158459 0.0743862 0.0239489 0.00537394 0.00104403 0.000561404 0.000799069 0.00114263 0.00143541 0.00157877 0.00152879 0.00131761 0.00103086 0.000756354 0.000543748 0.000398354 0.000300737
 1.00698e-16 3.06049e-06 2.97491e-05 0.000197698 0.000898762 0.00279687 0.00596241 0.0087215 0.00881301 0.00640945 0.00429729 0.00522983 0.0110592 0.0237073 0.044873 0.073922 0.105883 0.131878 0.142863 0.134673 0.110578 0.0792445 0.0497839 0.0276816 0.0139091 0.00658475
 1.00537e-16 8.083e-05 0.000785697 0.00522123 0.023735 0.0738482 0.157341 0.229645 0.229645 0.157342 0.0738499 0.0237401 0.0052355 0.000821172 0.000160804 0.000170632 0.000313794 0.000551577 0.000898956 0.0013544 0.00187889 0.00238943 0.00277494 0.0029345 0.00282046 0.00246137
 1.01461e-16 2.4781e-05 0.00024088 0.00160074 0.00727676 0.0226411 0.0482416 0.0704239 0.0704899 0.0485639 0.0237228 0.0103992 0.00943094 0.0173096 0.032369 0.0532841 0.0763134 0.0950412 0.102957 0.0970792 0.0798026 0.0574085 0.0364798 0.0209471 0.0114416 0.00651086
 1.18547e-16 1.30862e-05 0.000127203 0.000845309 0.00384267 0.0119561 0.0254747 0.0371863 0.0372115 0.0255983 0.0123738 0.00505966 0.00393994 0.00701422 0.0134765 0.0232551 0.0358076 0.0498114 0.0637204 0.0764926 0.0876744 0.0967007 0.102203 0.102251 0.0955227 0.0824412
 1.0396e-16 7.75058e-05 0.000753384 0.0050065 0.0227588 0.0708112 0.150871 0.220201 0.220201 0.150875 0.0708268 0.0228042 0.00512213 0.00101188 0.000586867 0.00089763 0.00140808 0.00204116 0.00278924 0.00368557 0.00478496 0.00610169 0.00754065 0.00887945 0.00982773 0.0101363
 1.01299e-16 6.87976e-05 0.000668737 0.00444399 0.0202018 0.0628553 0.13392 0.195464 0.195479 0.133993 0.0630998 0.0209076 0.0062142 0.00452815 0.00738404 0.0120608 0.0172804 0.0215507 0.0234074 0.0221894 0.0184476 0.0136046 0.00913941 0.00591607 0.00403936 0.00313594
 1.06081e-16 1.89766e-06 1.8446e-05 0.000122584 0.000557297 0.00173438 0.00369819 0.00541411 0.00549281 0.00408276 0.00302581 0.00428795 0.0094891 0.0204723 0.0388664 0.0642984 0.0927284 0.116811 0.129012 0.125789 0.109631 0.0872646 0.0655582 0.0483544 0.0360565 0.0272329
 1.04368e-16 7.34519e-05 0.000713978 0.00474464 0.0215684 0.0671074 0.142979 0.208683 0.208683 0.142981 0.0671143 0.0215902 0.00480616 0.000871053 0.000438617 0.000783612 0.00152991 0.00277776 0.00466087 0.00721159 0.0102603 0.0133884 0.0159951 0.0174849 0.0174977 0.0160551
 1.0562e-16 4.41308e-05 0.000428967 0.00285064 0.0129586 0.0403193 0.0859059 0.125391 0.12543 0.0861005 0.0409723 0.0148438 0.00757923 0.01074 0.0195935 0.0322381 0.0462466 0.0577787 0.062981 0.0601442 0.0507855 0.0387077 0.0277914 0.0201939 0.0159896 0.0139856
 1.17072e-16 1.37845e-05 0.00013399 0.000890414 0.00404772 0.0125942 0.0268349 0.0391753 0.0392188 0.0270473 0.0133089 0.00611749 0.00610677 0.0115906 0.0219743 0.0368332 0.0542831 0.0708092 0.082738 0.0882344 0.0881354 0.0848683 0.0804579 0.0753617 0.0688735 0.060351
 1.04401e-16 7.57242e-05 0.000736066 0.00489142 0.0222357 0.0691834 0.147403 0.215139 0.21514 0.147409 0.0692061 0.022302 0.00506111 0.00111719 0.00083131 0.00133894 0.00212292 0.00310175 0.00425247 0.00558479 0.00711482 0.00879327 0.0104417 0.0117649 0.0124511 0.0123023
 1.01618e-16 6.8352e-05 0.000664406 0.00441521 0.0200709 0.0624481 0.133053 0.194198 0.194213 0.133126 0.0626949 0.0207833 0.00620209 0.00456062 0.00745475 0.0121819 0.0174635 0.0218003 0.023722 0.022568 0.0188974 0.0141415 0.00977837 0.00665713 0.00485713 0.00398017
 1.06434e-16 5.45193e-06 5.29948e-05 0.000352173 0.00160097 0.00498162 0.0106166 0.0155109 0.0155857 0.0109818 0.00620805 0.0051439 0.00924761 0.0194789 0.0369191 0.0610774 0.088098 0.111011 0.122673 0.119726 0.10454 0.0834945 0.0630959 0.0469657 0.0354556 0.0271778
 1.36159e-16 6.38355e-06 6.20504e-05 0.000412347 0.00187447 0.00583222 0.0124264 0.0181382 0.0181452 0.0124613 0.0059526 0.00223679 0.00137707 0.00235116 0.00489138 0.00948187 0.0169429 0.0281798 0.0439307 0.0642923 0.0880459 0.112186 0.132237 0.1436 0.143363 0.131574
 1.05958e-16 7.73754e-05 0.000752116 0.00499808 0.0227205 0.070692 0.150617 0.21983 0.21983 0.150619 0.0706999 0.0227437 0.00505755 0.000886638 0.000347576 0.000493693 0.000809634 0.00126289 0.00190504 0.00282738 0.00413065 0.00585855 0.0079209 0.0100572 0.0118786 0.0129841
pSPR Fmed_Fpbrs
0.383076   0.174 0.174
Fs Fmed_Fpbrs
0.50001   1.005 1.005
SSBpbr Bo_Bmed_Bpbrs
1.5716e+06  523462  194879 194879
Ro
36571.7
SPR SPRFo_SPRFmed_SPRFpbrs
261412 100141 45485.8
Fref
1.005
Nvult_r0
 111477 560.021 441.039 5162.45 1058.44
CTP_r0
 36597.6 184.725 145.479 1702.86 349.13
YTP_r0
390891
Np
 122764 32485.7 162.47 127.951 1834.49
Nvult_p0
 106115 28111.1 140.591 110.722 1587.46
CTP_p0
 53002.8 14090.6 70.471 55.4988 795.708
YTP_p0
 656061
CBA_c0
470442
log_Ro
10.327
likeval ReclasPelacesDesembMPH_pf_preclas_ppelaces_ptallas_desvR_qrecl_qpela
 22.906 77.7625 1.63981 0.00116929 396.642 155.3 142.254 0 219.349 2.07399e-05 0 7.63941 0 0 0
q_reclas_q_pelaces
1.90663 1
M
1
N
 533951 11549 3841.87 415.184 0.0579975
 1010.59 150877 3257.29 1083.56 117.115
 3114.65 234.332 34870.8 752.826 277.501
 97143.2 680.559 51.0136 7591.32 224.301
 1220.99 11253.9 78.1999 5.86174 898.057
 328677 75.8664 690.52 4.7982 55.4628
 1287.49 89187.3 20.5423 186.971 16.3168
 354.211 163.065 11210.9 2.58218 25.5535
 67848.5 79.2144 36.3389 2498.36 6.27004
 1589.97 15068.3 17.5299 8.04166 554.264
 37985.6 140.483 1318.01 1.53331 49.1841
 164525 9481.16 34.9682 328.071 12.6243
 53042.1 30394 1743.01 6.42854 62.6332
 71440.5 7651.2 4355.32 249.765 9.89621
 43891.9 6150.34 651.959 371.117 22.1258
 399381 4094.35 568.176 60.2289 36.3283
 3558.61 91430.7 934.184 129.637 22.0309
 1.0746e+06 761.319 19485.6 199.092 32.3233
 143430 327795 231.926 5936.01 70.4974
 22840.4 36539.8 83291.4 58.9312 1526.23
 421149 4210.94 6703.74 15281 290.82
 555079 103287 1029.78 1639.39 3808.06
 3788.08 134488 24951.3 248.766 1315.95
 341836 957.576 33906.7 6290.64 394.491
 131452 101738 284.568 10076.2 1986.66
 13710.6 36641.1 28302.8 79.1652 3355.83
 229114 3371.79 8985.31 6940.57 842.348
 329058 62097.9 911.898 2430.07 2104.88
 8744.35 102506 19321.5 283.734 1411.03
 3303.51 2611.24 30565.1 5761.29 505.346
 143963 722.491 568.991 6660.15 1365.5
pred_Ctot
 79969.7 1740.64 579.038 62.5756 0.00874125
 245.139 36811.3 794.72 264.37 28.574
 833.724 63.0814 9387.12 202.659 74.7026
 46042.1 323.959 24.2834 3613.61 106.771
 732.977 6778.63 47.1025 3.53073 540.931
 55879.4 12.9785 118.128 0.820833 9.48807
 580.252 40376.5 9.29981 84.6449 7.38687
 91.3884 42.3126 2909.06 0.670035 6.63073
 17702.9 20.7866 9.53564 655.59 1.64531
 852.099 8106.8 9.4311 4.32643 298.196
 7966.61 29.64 278.082 0.323508 10.3772
 54708.2 3169.34 11.6891 109.667 4.22003
 21947.9 12636.4 724.66 2.67268 26.0399
 38666.7 4157.06 2366.34 135.703 5.37683
 23020.3 3238.52 343.295 195.415 11.6505
 99076.1 1021.58 141.766 15.0277 9.06428
 983.309 25406.1 259.584 36.0227 6.12177
 117816 84.0148 2150.31 21.9706 3.56701
 28722.3 66039.8 46.7252 1195.91 14.2029
 7611.64 12241.3 27903.7 19.7427 511.305
 91701.5 922.36 1468.38 3347.14 63.701
 123905 23192.6 231.231 368.117 855.081
 772.268 27583.4 5117.48 51.0215 269.9
 41986.4 118.376 4191.58 777.654 48.7674
 20593.3 16038.5 44.861 1588.48 313.188
 2968.33 7980.05 6164.07 17.2414 730.866
 39084.4 578.767 1542.33 1191.35 144.589
 32306.1 6136.85 90.1186 240.153 208.016
 1058.48 12488.4 2353.97 34.5677 171.908
 883.023 701.942 8216.37 1548.73 135.845
 36597.6 184.725 145.479 1702.86 349.13
F
 0.263836 0.265703 0.265703 0.265703 0.265703
 0.461552 0.464818 0.464818 0.464818 0.464818
 0.520958 0.524644 0.524644 0.524644 0.524644
 1.15547 1.16365 1.16365 1.16365 1.16365
 1.77844 1.79103 1.79103 1.79103 1.79103
 0.304337 0.30649 0.30649 0.30649 0.30649
 1.0663 1.07385 1.07385 1.07385 1.07385
 0.497735 0.501257 0.501257 0.501257 0.501257
 0.504682 0.508253 0.508253 0.508253 0.508253
 1.42638 1.43648 1.43648 1.43648 1.43648
 0.3879 0.390645 0.390645 0.390645 0.390645
 0.688818 0.693693 0.693693 0.693693 0.693693
 0.936224 0.942849 0.942849 0.942849 0.942849
 1.45236 1.46264 1.46264 1.46264 1.46264
 1.37212 1.38183 1.38183 1.38183 1.38183
 0.474334 0.47769 0.47769 0.47769 0.47769
 0.542072 0.545908 0.545908 0.545908 0.545908
 0.187311 0.188637 0.188637 0.188637 0.188637
 0.367445 0.370045 0.370045 0.370045 0.370045
 0.690847 0.695735 0.695735 0.695735 0.695735
 0.405472 0.408341 0.408341 0.408341 0.408341
 0.417633 0.420588 0.420588 0.420588 0.420588
 0.375209 0.377864 0.377864 0.377864 0.377864
 0.211933 0.213432 0.213432 0.213432 0.213432
 0.277472 0.279435 0.279435 0.279435 0.279435
 0.402729 0.405579 0.405579 0.405579 0.405579
 0.305509 0.307671 0.307671 0.307671 0.307671
 0.166316 0.167492 0.167492 0.167492 0.167492
 0.208582 0.210058 0.210058 0.210058 0.210058
 0.520037 0.523717 0.523717 0.523717 0.523717
 0.488754 0.492213 0.492213 0.492213 0.492213
nmprior
 8.19 8.8 8.5 0
nm_flota  nm_reclas  nm_pelaces    nm_pelaL
inf 5.94006 3.4892 5.07625
cv_recla  cv_pelaces  cv_mph
0.432912 0.999902 1.05528
 ------------------------------------------------
Talla a la edad & desviaci?n 
 8 13.2811 15.8009 17.003 17.5766
 0.8 1.32811 1.58009 1.7003 1.75766
