years
 1991 1992 1993 1994 1995 1996 1997 1998 1999 2000 2001 2002 2003 2004 2005 2006 2007 2008 2009 2010 2011 2012 2013 2014 2015 2016 2017 2018 2019 2020 2021
reclasobs
 0 0 0 0 0 0 0 0 0 252601 567819 844713 477998 351125 339783 2.1784e+06 2.13404e+06 4.81314e+06 1.55562e+06 2.62356e+06 3.21686e+06 3.843e+06 1.13348e+06 3.07943e+06 1.97215e+06 2.03268e+06 2.025e+06 2.42433e+06 2.27542e+06 1.05018e+06 2.36338e+06
reclaspred
 2.82457e+06 1.51676e+06 744935 489355 341866 1.24568e+06 575630 397707 295990 225955 407737 607891 594589 418111 382873 1.56426e+06 1.30784e+06 3.50183e+06 2.8519e+06 1.95681e+06 3.55936e+06 2.92256e+06 2.06647e+06 3.32202e+06 2.36732e+06 1.96101e+06 2.57398e+06 3.04664e+06 2.37451e+06 1.26273e+06 1.82149e+06
pelacesobs
 0 0 0 0 0 0 0 0 0 0 0 0 0 0 0 552880 188675 0 991730 2.46772e+06 1.41603e+06 1.21717e+06 2.29649e+06 1.80582e+06 0 1.4828e+06 1.56532e+06 1.57751e+06 1.42118e+06 867257 1.10002e+06
pelacespred
 908540 521872 245912 122952 97412.5 397902 139223 142256 86455.6 62335.5 133384 165977 181140 126889 119866 441952 372175 1.1878e+06 969782 612365 1.11932e+06 954504 683646 1.2292e+06 831351 689757 1.04282e+06 1.21046e+06 778627 472470 659401
mphobs
 0 0 0 0 0 0 0 0 0 0 0 498337 0 5186 125008 0 168611 109162 213762 579715 649985 157893 87575 83554 0 0 0 0 0 0 0
mphpred
 435153 273054 128657 66098.9 38412.8 35223.6 112156 44302.6 33351.6 19883.1 15239.3 47223.4 54078.3 42545 23487.5 29081.4 177537 140022 348045 250946 245847 321327 306643 222961 328619 255231 195755 236518 373567 231026 117009
desembarqueobs
 494567 514787 250237 358949 120608 361735 552515 73892 212993 205616 52469 317467 293654 387597 252695 516296 358380 742168 942051 627588 828172 859565 418607 520667 417249 300574 407403 355545 319650 289779 391294
desembarquepred
 494542 514624 249919 358955 120600 361638 552185 73889.5 212949 205569 52468.3 317417 293584 387355 252586 516103 358353 741903 941406 627164 828068 859292 418538 520623 417175 300515 407331 355475 319588 289719 391236
Reclutas
 134211 96763.8 83304 65222.7 48475.1 237936 54391.1 18272.1 29592.2 48209.8 78500.9 123520 98731.9 68959.9 58689 425243 54222.3 653360 352683 247326 405643 528666 75051 304622 230528 95901.7 265675 316696 64301.5 41258.2 209109
log_desv_Rt
 0.110545 -0.216592 -0.366369 -0.611058 -0.907814 0.683138 -0.792664 -1.88349 -1.40135 -0.913302 -0.425755 0.0275357 -0.196457 -0.55534 -0.716612 1.2638 -0.795773 1.69326 1.0767 0.721841 1.21661 1.48149 -0.470696 0.930207 0.651508 -0.225541 0.793411 0.969078 -0.625282 -1.06902 0.553989
SSB
 1.80303e+06 1.13138e+06 533079 273876 159160 145946 464708 183564 138190 82384.1 63143.1 195667 224070 176282 97318.8 120497 735611 580173 1.4421e+06 1.03978e+06 1.01865e+06 1.3314e+06 1.27055e+06 923824 1.36161e+06 1.05753e+06 811099 979997 1.54785e+06 957241 484818
BT
 2.52137e+06 1.70951e+06 806775 580087 324300 1.23328e+06 801856 395035 406149 337448 351683 644589 681983 692503 529275 1.43174e+06 1.13891e+06 3.40221e+06 3.13523e+06 1.98506e+06 3.25615e+06 3.00235e+06 1.94164e+06 3.32416e+06 2.31082e+06 1.86122e+06 2.82629e+06 3.15045e+06 2.06233e+06 1.38291e+06 1.90015e+06
Ftot
 0.243191 0.462905 0.465586 1.02445 0.532787 0.537194 1.23019 0.278483 1.10379 1.40758 0.240196 0.838779 0.776737 1.41016 1.11908 0.630376 0.385977 0.383072 0.502984 0.486395 0.376876 0.465743 0.283766 0.265987 0.264212 0.224992 0.268532 0.201733 0.183869 0.31345 0.373101
BD_Bspro_t
 0.96208 0.746278 0.524817 0.396649 0.266417 0.305383 0.477523 0.232443 0.240287 0.190114 0.192221 0.50082 0.400294 0.305314 0.190974 0.23129 0.524231 0.453795 0.609663 0.499767 0.451297 0.515045 0.533876 0.496235 0.621633 0.619116 0.613329 0.681846 0.756384 0.660005 0.538545
BD_Bspro
 2.09916 1.3172 0.620632 0.318857 0.185301 0.169916 0.541032 0.213713 0.160886 0.0959148 0.0735137 0.227803 0.260871 0.205235 0.113302 0.140287 0.856427 0.67546 1.67895 1.21055 1.18595 1.55006 1.47923 1.07555 1.58524 1.23122 0.944313 1.14095 1.80207 1.11446 0.564445
BD_Bo
 1.14636 0.719326 0.33893 0.174129 0.101194 0.0927921 0.29546 0.11671 0.0878606 0.0523795 0.0401461 0.124404 0.142463 0.11208 0.0618749 0.0766114 0.467698 0.368871 0.916881 0.661086 0.647652 0.846496 0.807812 0.587363 0.865706 0.672375 0.515693 0.623078 0.984116 0.60861 0.308246
BD_Brms
 5.59926 3.51347 1.65547 0.850516 0.49427 0.453233 1.44314 0.570056 0.429146 0.255842 0.19609 0.607639 0.695844 0.547441 0.302221 0.3742 2.28442 1.80171 4.47841 3.22901 3.16339 4.13462 3.94567 2.86891 4.22845 3.28415 2.51885 3.04336 4.80681 2.97269 1.50559
Sel_flota
 0.625088 0.969399 0.998341 0.999913 0.999995
 0.625088 0.969399 0.998341 0.999913 0.999995
 0.625088 0.969399 0.998341 0.999913 0.999995
 0.625088 0.969399 0.998341 0.999913 0.999995
 0.625088 0.969399 0.998341 0.999913 0.999995
 0.625088 0.969399 0.998341 0.999913 0.999995
 0.625088 0.969399 0.998341 0.999913 0.999995
 0.625088 0.969399 0.998341 0.999913 0.999995
 0.625088 0.969399 0.998341 0.999913 0.999995
 0.625088 0.969399 0.998341 0.999913 0.999995
 0.625088 0.969399 0.998341 0.999913 0.999995
 0.625088 0.969399 0.998341 0.999913 0.999995
 0.625088 0.969399 0.998341 0.999913 0.999995
 0.625088 0.969399 0.998341 0.999913 0.999995
 0.625088 0.969399 0.998341 0.999913 0.999995
 0.625088 0.969399 0.998341 0.999913 0.999995
 0.625088 0.969399 0.998341 0.999913 0.999995
 0.625088 0.969399 0.998341 0.999913 0.999995
 0.625088 0.969399 0.998341 0.999913 0.999995
 0.625088 0.969399 0.998341 0.999913 0.999995
 0.625088 0.969399 0.998341 0.999913 0.999995
 0.625088 0.969399 0.998341 0.999913 0.999995
 0.625088 0.969399 0.998341 0.999913 0.999995
 0.625088 0.969399 0.998341 0.999913 0.999995
 0.625088 0.969399 0.998341 0.999913 0.999995
 0.625088 0.969399 0.998341 0.999913 0.999995
 0.625088 0.969399 0.998341 0.999913 0.999995
 0.625088 0.969399 0.998341 0.999913 0.999995
 0.625088 0.969399 0.998341 0.999913 0.999995
 0.625088 0.969399 0.998341 0.999913 0.999995
 0.625088 0.969399 0.998341 0.999913 0.999995
Sel_reclas
 1 1 1 1 1
 1 1 1 1 1
 1 1 1 1 1
 1 1 1 1 1
 1 1 1 1 1
 1 1 1 1 1
 1 1 1 1 1
 1 1 1 1 1
 1 1 1 1 1
 1 1 1 1 1
 1 1 1 1 1
 1 1 1 1 1
 1 1 1 1 1
 1 1 1 1 1
 1 1 1 1 1
 1 1 1 1 1
 1 1 1 1 1
 1 1 1 1 1
 1 1 1 1 1
 1 1 1 1 1
 1 1 1 1 1
 1 1 1 1 1
 1 1 1 1 1
 1 1 1 1 1
 1 1 1 1 1
 1 1 1 1 1
 1 1 1 1 1
 1 1 1 1 1
 1 1 1 1 1
 1 1 1 1 1
 1 1 1 1 1
Sel_pelaces
 1 1 1 1 1
 1 1 1 1 1
 1 1 1 1 1
 1 1 1 1 1
 1 1 1 1 1
 1 1 1 1 1
 1 1 1 1 1
 1 1 1 1 1
 1 1 1 1 1
 1 1 1 1 1
 1 1 1 1 1
 1 1 1 1 1
 1 1 1 1 1
 1 1 1 1 1
 1 1 1 1 1
 1 1 1 1 1
 1 1 1 1 1
 1 1 1 1 1
 1 1 1 1 1
 1 1 1 1 1
 1 1 1 1 1
 1 1 1 1 1
 1 1 1 1 1
 1 1 1 1 1
 1 1 1 1 1
 1 1 1 1 1
 1 1 1 1 1
 1 1 1 1 1
 1 1 1 1 1
 1 1 1 1 1
 1 1 1 1 1
pf_obs 
 0.8446 0.082 0.0669 0.0065 0
 0.8095 0.147 0.0364 0.0071 0
 0.9664 0.0169 0.016 0.0007 0
 0.9276 0.0648 0.0075 0.0001 0
 0.7033 0.2144 0.0806 0.0017 0
 0.9318 0.0425 0.0243 0.0014 0
 0.5671 0.3108 0.0964 0.0239 0.0018
 0.0768 0.2599 0.5324 0.112 0.0189
 0.490249 0.384438 0.106611 0.0170017 0.00170017
 0.7925 0.1577 0.0466 0.003 0.0002
 0.840416 0.127587 0.0312969 0.00059994 9.999e-05
 0.8084 0.0986 0.0794 0.0134 0.0002
 0.7335 0.1905 0.0724 0.0035 0.0001
 0.4001 0.4547 0.1325 0.0127 0
 0.49795 0.308269 0.164784 0.0264974 0.00249975
 0.9179 0.0499 0.0305 0.0017 0
 0.2467 0.6533 0.0926 0.0074 0
 0.9418 0.0223 0.034 0.0019 0
 0.707729 0.231977 0.0356964 0.0245975 0
 0.517169 0.277429 0.184464 0.0207286 0.00020938
 0.811772 0.124168 0.05621 0.00726502 0.000585176
 0.764997 0.148141 0.077277 0.00933861 0.000247198
 0.163321 0.427699 0.378323 0.0303852 0.000271297
 0.753843 0.0900009 0.118128 0.0371064 0.000921714
 0.721811 0.176058 0.0630433 0.0369309 0.00215725
 0.143369 0.312575 0.442814 0.0836902 0.0175525
 0.692698 0.0596174 0.167031 0.0765114 0.00414204
 0.394062 0.376323 0.152708 0.0712218 0.00568511
 0.125707 0.32114 0.495352 0.0537591 0.00404204
 0.23352 0.215282 0.420074 0.123614 0.00750983
 0.774587 0.0839891 0.0768558 0.0609784 0.00358967
pf_pred 
 0.418421 0.191835 0.354844 0.0348985 9.45431e-07
 0.457697 0.292381 0.0842432 0.150867 0.0148122
 0.558157 0.260202 0.0996296 0.0276801 0.054331
 0.587016 0.281965 0.0783471 0.0289171 0.0237548
 0.660303 0.248941 0.0629123 0.0166675 0.011176
 0.908358 0.0704743 0.0156699 0.00381333 0.0016842
 0.379981 0.58571 0.0266175 0.00569676 0.00199446
 0.420944 0.31885 0.246506 0.0106358 0.00306455
 0.677227 0.175359 0.0823875 0.0616088 0.00341793
 0.843917 0.126007 0.016719 0.00747407 0.00588331
 0.867358 0.121936 0.00873625 0.00109626 0.000873147
 0.764834 0.21465 0.0189098 0.0013115 0.000295125
 0.691109 0.264446 0.0407203 0.00343314 0.000290993
 0.652618 0.278777 0.0590927 0.0087169 0.00079537
 0.767313 0.186086 0.0378091 0.00757581 0.00121578
 0.960076 0.0345892 0.00430893 0.000833042 0.000193182
 0.254345 0.728247 0.0151612 0.00181543 0.000431439
 0.910401 0.0321486 0.0561547 0.00112896 0.000166994
 0.548371 0.426595 0.00918455 0.0154923 0.000356862
 0.546907 0.304463 0.140686 0.00291844 0.00502609
 0.733685 0.178905 0.0594427 0.026475 0.00149199
 0.716248 0.232744 0.0346616 0.0111228 0.00522336
 0.218782 0.631948 0.123242 0.0176988 0.00833007
 0.732682 0.0831339 0.149929 0.0282907 0.0059643
 0.570416 0.351095 0.0249674 0.0435816 0.00993969
 0.376527 0.424272 0.1638 0.0112748 0.0241265
 0.740169 0.127609 0.0908973 0.0339907 0.00733319
 0.676342 0.266081 0.0287553 0.0198245 0.00899674
 0.241287 0.582481 0.145705 0.0152587 0.0152676
 0.305829 0.232202 0.357238 0.0866154 0.0181154
 0.827173 0.0727582 0.0342344 0.0509301 0.014904
pobs_RECLAS
 0 0 0 0 0
 0 0 0 0 0
 0 0 0 0 0
 0 0 0 0 0
 0 0 0 0 0
 0 0 0 0 0
 0 0 0 0 0
 0 0 0 0 0
 0 0 0 0 0
 0 0 0 0 0
 0.991045 0.00858322 0.000360255 1.14367e-05 0
 0.934742 0.0480273 0.0164251 0.00080598 0
 0.827803 0.169806 0.00239088 0 0
 0.941827 0.0461693 0.0120037 0 0
 0.791401 0.0380133 0.147996 0.0225897 0
 0.846168 0.0940531 0.0597789 0 0
 0.134021 0.677848 0.182769 0.00536245 0
 0.80878 0.0450904 0.141981 0.00414843 0
 0.846168 0.0940531 0.0597789 0 0
 0.905697 0.0802665 0.012482 0.00150086 5.37128e-05
 0.989698 0.0102097 9.19794e-05 0 0
 0.975433 0.0193895 0.00387452 0.00125025 5.28907e-05
 0.303575 0.632131 0.0575291 0.00676475 0
 0.966965 0.00978017 0.0227588 0.000495775 0
 0.843318 0.132988 0.00938335 0.0141283 0.000182051
 0.564624 0.303363 0.111486 0.0197234 0.00080311
 0.826376 0.0876187 0.0782897 0.00655872 0.00115652
 0.89761 0.0855135 0.0140674 0.00269457 0.000114338
 0.34875 0.467042 0.161289 0.0227151 0.000203297
 0.318654 0.224769 0.449479 0.00709798 0
 0.937255 0.0296025 0.0250945 0.00804832 0
ppred_RECLAS
 0.534408 0.156708 0.281265 0.0276176 7.48121e-07
 0.574801 0.232631 0.0649822 0.11618 0.0114057
 0.668892 0.19753 0.0733242 0.0203379 0.0399161
 0.700987 0.206393 0.0554272 0.0204203 0.0167732
 0.756375 0.180044 0.0440981 0.0116635 0.00781996
 0.940536 0.0460615 0.00992586 0.00241145 0.00106495
 0.504201 0.46928 0.0205826 0.00439677 0.00153917
 0.535672 0.259156 0.194386 0.00837347 0.00241248
 0.777671 0.12274 0.0557046 0.0415783 0.00230645
 0.901451 0.0801313 0.0102476 0.00457201 0.00359855
 0.911091 0.0819315 0.0056959 0.000713596 0.000568314
 0.840156 0.146314 0.0124722 0.000863496 0.000194293
 0.783016 0.186628 0.0278168 0.00234115 0.000198418
 0.760719 0.193418 0.0395153 0.00581746 0.000530757
 0.845051 0.124778 0.0244876 0.00489747 0.000785877
 0.974649 0.0220568 0.00266176 0.000513721 0.000119121
 0.349329 0.635932 0.0128395 0.00153491 0.000364741
 0.942179 0.0211564 0.0358387 0.00071934 0.000106394
 0.657961 0.323649 0.0067543 0.011374 0.000261975
 0.658329 0.231927 0.103887 0.0021515 0.00370495
 0.813965 0.126246 0.0406809 0.0180891 0.00101932
 0.800286 0.164733 0.0237841 0.0076196 0.00357791
 0.306085 0.564572 0.106819 0.0153155 0.00720776
 0.81412 0.0590293 0.10329 0.0194587 0.00410197
 0.676327 0.266034 0.0183556 0.0319887 0.00729508
 0.48788 0.351858 0.13182 0.0090589 0.0193832
 0.819103 0.0902324 0.0623603 0.0232817 0.0050224
 0.766344 0.193133 0.0202551 0.013942 0.00632659
 0.333145 0.515524 0.125153 0.0130855 0.013092
 0.413482 0.200227 0.298828 0.0723356 0.0151275
 0.884551 0.0494969 0.0225873 0.0335478 0.00981645
pobs_PELACES
 0 0 0 0 0
 0 0 0 0 0
 0 0 0 0 0
 0 0 0 0 0
 0 0 0 0 0
 0 0 0 0 0
 0 0 0 0 0
 0 0 0 0 0
 0 0 0 0 0
 0 0 0 0 0
 0 0 0 0 0
 0 0 0 0 0
 0 0 0 0 0
 0 0 0 0 0
 0 0 0 0 0
 0 0 0 0 0
 0.505614 0.472636 0.0217494 0 0
 0 0 0 0 0
 0.443492 0.261883 0.143347 0.151278 0
 0.227955 0.32914 0.350689 0.0885471 0.00366901
 0.970185 0.0296113 0.000203453 0 0
 0.997202 0.00247181 0.000326279 0 0
 0.445219 0.490057 0.0546422 0.010081 0
 0.90214 0.0892962 0.00764917 0.000914606 0
 0 0 0 0 0
 0.581667 0.319106 0.0959925 0.00289975 0.000334073
 0.762889 0.0836404 0.116647 0.0363945 0.000428098
 0.88444 0.0763242 0.0277011 0.0115352 0
 0.521256 0.241999 0.230069 0.00667565 0
 0.616807 0.101726 0.260614 0.0208532 0
 0.833518 0.0704572 0.0857862 0.0102388 0
ppred_PELACES
 0.541661 0.154506 0.27667 0.0271629 7.358e-07
 0.588104 0.22582 0.0628013 0.112254 0.0110201
 0.680901 0.190716 0.0704805 0.0195444 0.0383583
 0.725416 0.190116 0.050559 0.0186169 0.0152915
 0.767597 0.171982 0.0419097 0.0110816 0.00742974
 0.943921 0.0434901 0.00932378 0.00226455 0.00100006
 0.539223 0.436408 0.0189172 0.00403845 0.00141369
 0.543825 0.254906 0.19069 0.00821307 0.00236626
 0.799373 0.111294 0.0499803 0.0372843 0.00206819
 0.914974 0.0693124 0.00874563 0.00389907 0.00306877
 0.913291 0.0799183 0.00554321 0.00069438 0.000553006
 0.852629 0.134988 0.011415 0.000789955 0.000177741
 0.797804 0.17409 0.0257562 0.00216686 0.000183642
 0.789088 0.170928 0.0344534 0.00506854 0.000462411
 0.86123 0.111984 0.021743 0.00434603 0.000697368
 0.976378 0.0205687 0.00246727 0.00047603 0.000110379
 0.359381 0.62616 0.0125957 0.00150546 0.000357739
 0.944627 0.0203079 0.0342758 0.000687833 0.000101733
 0.670763 0.311619 0.00647206 0.0108959 0.000250959
 0.670979 0.223674 0.0997263 0.0020648 0.00355561
 0.820536 0.12193 0.0391491 0.0174045 0.000980735
 0.808732 0.157891 0.0226951 0.00726897 0.00341322
 0.313085 0.559162 0.105509 0.0151255 0.00711826
 0.81891 0.057609 0.100549 0.0189397 0.00399253
 0.682964 0.2607 0.0179423 0.0312641 0.00712977
 0.494438 0.347588 0.12994 0.0089287 0.0191045
 0.82377 0.0880195 0.0606751 0.0226494 0.00488597
 0.770483 0.189776 0.0198648 0.0136718 0.00620398
 0.337893 0.51206 0.124094 0.0129736 0.0129799
 0.422632 0.197497 0.293872 0.0711245 0.0148741
 0.889019 0.0476821 0.0216817 0.0321966 0.00942096
pobs_pel_tallas
 0 0 0 0 0 0 0 0 0 0 0 0 0 0 0 0 0 0 0 0 0 0 0 0 0 0
 0 0 0 0 0 0 0 0 0 0 0 0 0 0 0 0 0 0 0 0 0 0 0 0 0 0
 0 0 0 0 0 0 0 0 0 0 0 0 0 0 0 0 0 0 0 0 0 0 0 0 0 0
 0 0 0 0 0 0 0 0 0 0 0 0 0 0 0 0 0 0 0 0 0 0 0 0 0 0
 0 0 0 0 0 0 0 0 0 0 0 0 0 0 0 0 0 0 0 0 0 0 0 0 0 0
 0 0 0 0 0 0 0 0 0 0 0 0 0 0 0 0 0 0 0 0 0 0 0 0 0 0
 0 0 0 0 0 0 0 0 0 0 0 0 0 0 0 0 0 0 0 0 0 0 0 0 0 0
 0 0 0 0 0 0 0 0 0 0 0 0 0 0 0 0 0 0 0 0 0 0 0 0 0 0
 0 0 0 0 0 0 0 0 0 0 0 0 0 0 0 0 0 0 0 0 0 0 0 0 0 0
 0 0 0 0 0 0 0 0 0 0 0 0 0 0 0 0 0 0 0 0 0 0 0 0 0 0
 0 0 0 0 0 0 0 0 0 0 0 0 0 0 0 0 0 0 0 0 0 0 0 0 0 0
 0 0 0 0 0 0 0 0 0 0 0 0 0 0 0 0 0 0 0 0 0 0 0 0 0 0
 0.00862536 0 0 0.000197151 0.00414017 0.0128641 0.00837892 0.0270097 0.101434 0.158115 0.152841 0.127902 0.109271 0.109419 0.0830992 0.0579132 0.0238553 0.00714673 0.00463305 0.00128148 0.00103504 0.000492878 0.000147863 0.000147863 4.92878e-05 0
 0 0 0 0 0 0 0 0 0 0 0 0 0 0 0 0 0 0 0 0 0 0 0 0 0 0
 0 0 0 0 0 0 0 0.0054083 0.00873648 0.0413646 0.0450493 0.0745869 0.0622846 0.0627006 0.0613931 0.0827291 0.12552 0.122667 0.0946155 0.0697135 0.0546179 0.0294188 0.0215738 0.0213955 0.0102223 0.00600262
 0 0 0 0 0.00359764 0.0251062 0.0480494 0.140153 0.205849 0.193036 0.1447 0.116669 0.0760912 0.0342217 0.00950174 0.001854 0.000860785 0 0 0 0.000165536 0 0.000143464 0 0 0
 0 0 0 0 0 0 0 0.000145254 0.000435761 0.0275982 0.070085 0.0708112 0.156366 0.174668 0.174014 0.160142 0.0824315 0.0480064 0.0283245 0.00493863 0.00203355 0 0 0 0 0
 0 0 0 0 0 0 0 0 0 0 0 0 0 0 0 0 0 0 0 0 0 0 0 0 0 0
 0 0 1.00437e-05 0.000401748 0.00122533 0.00171747 0.00176769 0.0269171 0.070346 0.194647 0.189555 0.159765 0.064822 0.0314167 0.0384472 0.0292271 0.0345202 0.0313363 0.0194345 0.0106764 0.0143323 0.0359363 0.0279516 0.0138201 0.00172751 0
 0 0.0021121 0.0136068 0.0755702 0.200478 0.177729 0.0527432 0.0373336 0.0318909 0.0142505 0.0149659 0.0166563 0.0217959 0.0798694 0.0677717 0.0528807 0.04013 0.0224614 0.0357745 0.0225083 0.00881397 0.00855152 0.00135912 0.000746735 0 0
 0 0 0 0 5.4009e-05 0.00500934 0.000945158 0.0243581 0.138947 0.33067 0.221406 0.137944 0.0707744 0.0437923 0.0131692 0.00525238 0.0047753 0.00276346 9.45158e-05 9.00151e-06 2.25038e-05 9.00151e-06 4.50075e-06 0 0 0
 0.000866109 0.00284123 0.00948549 0.0512746 0.133035 0.25785 0.225252 0.132002 0.0553304 0.0519788 0.0540692 0.017754 0.00435017 0.00159236 0.00146478 0.000404838 0.000125132 0.000115318 0.000107957 0.000100596 0 0 0 0 0 0
 0 0 0 0 0.00144013 0.00171154 0.00461396 0.0210425 0.0478622 0.0707936 0.0888783 0.103762 0.0637923 0.0337046 0.0602308 0.124433 0.169614 0.0934646 0.0462172 0.0250306 0.0313229 0.00938855 0.002487 0.000210481 0 0
 0 0.00764035 0.051015 0.0998891 0.058973 0.0496711 0.0374665 0.0718981 0.12319 0.153886 0.159021 0.0857701 0.0377988 0.023471 0.0147837 0.00900784 0.00315554 0.000888139 0.00291439 0.00214683 0.00393193 0.00274676 0.000635225 9.99891e-05 0 0
 0 0 0 0 0 0 0 0 0 0 0 0 0 0 0 0 0 0 0 0 0 0 0 0 0 0
 0 0 0 0 0 0 0 0 0 0 0 0 0 0 0 0 0 0 0 0 0 0 0 0 0 0
 0 0 0 0 0 0 0 0 0 0 0 0 0 0 0 0 0 0 0 0 0 0 0 0 0 0
 0 0 0 0 0 0 0 0 0 0 0 0 0 0 0 0 0 0 0 0 0 0 0 0 0 0
 0 0 0 0 0 0 0 0 0 0 0 0 0 0 0 0 0 0 0 0 0 0 0 0 0 0
 0 0 0 0 0 0 0 0 0 0 0 0 0 0 0 0 0 0 0 0 0 0 0 0 0 0
 0 0 0 0 0 0 0 0 0 0 0 0 0 0 0 0 0 0 0 0 0 0 0 0 0 0
ppred_pel_tallas
 1.10748e-16 4.46159e-05 0.000433683 0.00288197 0.013101 0.0407623 0.0868489 0.126762 0.126777 0.0869238 0.041015 0.013836 0.0047461 0.00456679 0.00808051 0.0137735 0.0209658 0.0287128 0.0359974 0.0422199 0.0473092 0.0512901 0.0537577 0.0538463 0.0507863 0.0445614
 1.14993e-16 4.84414e-05 0.000470868 0.00312908 0.0142244 0.0442574 0.0942959 0.137632 0.137654 0.0944028 0.0446164 0.0152623 0.00573929 0.00618542 0.0109517 0.0181666 0.0265057 0.0340927 0.0390939 0.0407865 0.0400158 0.0385617 0.0379008 0.0383304 0.039007 0.0386685
 1.10535e-16 5.6085e-05 0.000545166 0.00362282 0.0164688 0.0512407 0.109174 0.159347 0.159366 0.109265 0.051544 0.0173458 0.00582806 0.00537273 0.00926486 0.0153357 0.0223447 0.0286579 0.03266 0.0336487 0.0322458 0.0299151 0.0279795 0.0269137 0.0263391 0.0255189
 1.05963e-16 5.97516e-05 0.000580807 0.00385967 0.0175455 0.0545906 0.116312 0.169764 0.169783 0.116402 0.0548922 0.0184171 0.00604963 0.00536896 0.00917551 0.0151336 0.0219364 0.0278911 0.0313182 0.0314622 0.0289305 0.0252393 0.0218405 0.019398 0.0177408 0.0163092
 1.03623e-16 6.3226e-05 0.000614579 0.00408409 0.0185657 0.0577649 0.123075 0.179635 0.179651 0.123156 0.0580375 0.0193534 0.00606292 0.00493937 0.00829161 0.0136468 0.0197451 0.0250266 0.0279444 0.0277879 0.0250903 0.0212303 0.0175614 0.0147579 0.0127604 0.0111545
 1.00677e-16 7.77496e-05 0.000755754 0.00502225 0.0228304 0.0710339 0.151345 0.220894 0.220898 0.151366 0.0711028 0.0230294 0.00552209 0.00184779 0.00215428 0.00344511 0.004971 0.00628418 0.00698537 0.00689149 0.0061373 0.00507614 0.00406015 0.00327298 0.00271262 0.00228383
 1.01302e-16 4.44151e-05 0.000431731 0.00286901 0.0130421 0.0405791 0.0864596 0.126199 0.126241 0.0866647 0.0412677 0.0150302 0.00785598 0.0113069 0.0206648 0.0340046 0.0487735 0.0608975 0.0662558 0.0629488 0.0524522 0.0386701 0.0256768 0.0158811 0.00965593 0.00612732
 1.06793e-16 4.47942e-05 0.000435416 0.00289349 0.0131534 0.0409253 0.0871965 0.127271 0.127296 0.0873178 0.0413333 0.0143351 0.00587101 0.00697294 0.0125705 0.0209956 0.0309007 0.040225 0.0468374 0.0496576 0.0491386 0.0466603 0.0434019 0.0396831 0.035195 0.0296884
 1.0556e-16 6.58433e-05 0.00064002 0.00425316 0.0193343 0.0601561 0.128169 0.187069 0.18708 0.128222 0.0603335 0.0198474 0.00554451 0.00347014 0.00547386 0.00903339 0.0132174 0.0170745 0.0196872 0.0206549 0.0203112 0.0194305 0.0186609 0.0181476 0.0175826 0.0165404
 1.01181e-16 7.53652e-05 0.000732577 0.00486823 0.0221303 0.0688555 0.146704 0.214121 0.214127 0.146737 0.0689651 0.0224468 0.00566279 0.0024671 0.00336959 0.00545168 0.0078475 0.00987311 0.0108891 0.0106074 0.0092613 0.0074474 0.0057665 0.00454087 0.00377171 0.0032812
 1.00344e-16 7.52266e-05 0.000731229 0.00485928 0.0220896 0.0687289 0.146434 0.213727 0.213735 0.146472 0.0688551 0.0224539 0.00577328 0.00272494 0.003857 0.00624512 0.00896023 0.0112067 0.0122292 0.0116805 0.00982655 0.00737238 0.00505049 0.00328918 0.00214972 0.00147348
 1.00474e-16 7.023e-05 0.00068266 0.00453652 0.0206224 0.0641639 0.136708 0.199533 0.199546 0.136772 0.0643771 0.0212379 0.006081 0.00405204 0.00646269 0.0105555 0.0151572 0.0189718 0.020728 0.019837 0.0167407 0.0126182 0.00869429 0.00568476 0.00369552 0.00247176
 1.01037e-16 6.57141e-05 0.000638764 0.00424481 0.0192963 0.0600381 0.127918 0.186704 0.186721 0.128 0.0603134 0.0200915 0.00624071 0.00499573 0.00833999 0.0136823 0.0196992 0.0247605 0.0272464 0.0264008 0.0227694 0.0178174 0.0130485 0.00931525 0.00671675 0.00493589
 1.01625e-16 6.49962e-05 0.000631786 0.00419844 0.0190855 0.0593822 0.126521 0.184664 0.184681 0.126601 0.0596528 0.0198673 0.00616164 0.00491985 0.00821575 0.0134973 0.0194779 0.0245774 0.0272249 0.0266853 0.0234786 0.0189979 0.0146516 0.0112061 0.00871055 0.00684571
 1.01211e-16 7.09384e-05 0.000689547 0.00458228 0.0208304 0.0648111 0.138087 0.201545 0.201556 0.13814 0.0649884 0.0213425 0.00586829 0.00349839 0.00540973 0.00884221 0.0127563 0.0160944 0.0178268 0.0174751 0.0153843 0.0124723 0.00966449 0.00746099 0.00588598 0.0047177
 1.00143e-16 8.04229e-05 0.00078174 0.00519493 0.0236154 0.0734763 0.156549 0.228489 0.228491 0.156559 0.0735089 0.0237093 0.00543057 0.001296 0.00105672 0.00161865 0.00232143 0.00291372 0.00319947 0.00308973 0.00265093 0.00205924 0.00149556 0.0010625 0.000771049 0.000580319
 1.00736e-16 2.96019e-05 0.000287741 0.00191214 0.00869235 0.0270455 0.0576254 0.0841186 0.0841788 0.0579196 0.028033 0.0115431 0.00906181 0.0158752 0.0295731 0.0486861 0.0697616 0.0869479 0.0943024 0.0890856 0.0734379 0.0530307 0.0338171 0.0193666 0.0102961 0.00537209
 1.01081e-16 7.78077e-05 0.000756318 0.005026 0.0228475 0.071087 0.151458 0.221058 0.22106 0.151468 0.0711201 0.0229438 0.00527001 0.00129663 0.00112625 0.00179664 0.00271465 0.00369118 0.0045799 0.00529578 0.00582988 0.00619599 0.006362 0.00624193 0.00576122 0.00493435
 1.01402e-16 5.52499e-05 0.000537049 0.00356888 0.0162236 0.0504779 0.10755 0.156978 0.157008 0.107696 0.0509694 0.0176427 0.00712804 0.00829749 0.0147667 0.0242544 0.0347701 0.0433831 0.0471528 0.0447373 0.0372182 0.0274178 0.0182715 0.0114982 0.00732757 0.00507056
 1.03744e-16 5.52677e-05 0.000537222 0.00357003 0.0162288 0.0504941 0.107584 0.157026 0.157048 0.10769 0.0508499 0.017258 0.00615825 0.00620353 0.0108638 0.0179949 0.0261994 0.0335289 0.0380063 0.0386709 0.0360744 0.0317702 0.0272522 0.02322 0.0196094 0.016107
 1.03073e-16 6.75864e-05 0.000656964 0.00436576 0.0198461 0.0617487 0.131563 0.192022 0.192034 0.13162 0.0619423 0.0204059 0.0057727 0.00373474 0.00593178 0.00974949 0.0141563 0.0180531 0.0203662 0.0206031 0.0191244 0.0168529 0.0146618 0.0129345 0.0115596 0.0102278
 1.02002e-16 6.66142e-05 0.000647514 0.00430296 0.0195606 0.0608605 0.12967 0.189261 0.189276 0.129745 0.0611102 0.0202819 0.00611357 0.00460045 0.00757503 0.0124206 0.0178935 0.0225186 0.024841 0.0241933 0.0210888 0.0168661 0.0128797 0.00986738 0.00785987 0.00650053
 1.0591e-16 2.57885e-05 0.000250674 0.00166582 0.0075726 0.0235615 0.0502022 0.0732829 0.0733368 0.0504657 0.0244465 0.0101294 0.00808571 0.0142716 0.0266721 0.0441005 0.0636337 0.0802424 0.0887953 0.0868976 0.0762784 0.0615419 0.0473462 0.0362312 0.0283518 0.0226117
 1.05492e-16 6.74525e-05 0.000655663 0.00435711 0.0198068 0.0616263 0.131302 0.19164 0.191645 0.13133 0.0617205 0.0200808 0.00505228 0.00219724 0.00306577 0.00514615 0.00783822 0.0107604 0.0135495 0.0160094 0.0181441 0.0199839 0.0213723 0.021941 0.0213177 0.0193913
 1.04927e-16 5.62549e-05 0.000546818 0.0036338 0.0165187 0.051396 0.109506 0.159832 0.159857 0.109628 0.0518079 0.017708 0.00661829 0.00705945 0.012418 0.0204243 0.0293838 0.0368959 0.040571 0.0393502 0.0341624 0.0273197 0.0211385 0.0168403 0.0143723 0.0129557
 1.07968e-16 4.07263e-05 0.000395874 0.00263072 0.0119589 0.0372088 0.0792785 0.115716 0.11575 0.0794429 0.0377611 0.0135558 0.00664516 0.00917965 0.016782 0.0278343 0.0404529 0.0516228 0.0582709 0.0589458 0.0546067 0.0478188 0.0410537 0.0354715 0.0309077 0.0266685
 1.04872e-16 6.78529e-05 0.000659554 0.00438297 0.0199243 0.0619921 0.132081 0.192778 0.192786 0.132123 0.062133 0.0203324 0.00541133 0.00291802 0.00439707 0.0072672 0.0107106 0.0139949 0.0164172 0.0176551 0.0179197 0.0177225 0.0174539 0.0171327 0.0164903 0.0152493
 1.03043e-16 6.34637e-05 0.00061689 0.00409945 0.0186355 0.0579821 0.123538 0.180311 0.180329 0.123627 0.0582821 0.0195018 0.00627364 0.00536229 0.00907348 0.0148944 0.0214393 0.0269438 0.0296621 0.0288066 0.0250252 0.0199681 0.0152997 0.0119163 0.00982377 0.00852518
 1.0721e-16 2.78319e-05 0.000270536 0.00179781 0.0081726 0.0254283 0.0541794 0.0790868 0.0791363 0.054421 0.0262397 0.0105172 0.00768696 0.0131392 0.0245048 0.0405634 0.0586535 0.0742211 0.0826164 0.0816614 0.0728894 0.0603905 0.048251 0.0386212 0.0315355 0.025988
 1.18181e-16 3.48117e-05 0.000338382 0.00224867 0.0102221 0.0318049 0.0677645 0.0989083 0.0989278 0.0678599 0.0321264 0.0111561 0.00461439 0.00557335 0.0101846 0.0173262 0.0262312 0.0356659 0.0443362 0.0515824 0.0575505 0.0626031 0.0665233 0.0683075 0.0667589 0.0613505
 1.05462e-16 7.32273e-05 0.000711795 0.00473013 0.0215025 0.0669023 0.142543 0.208046 0.208051 0.142565 0.0669784 0.021723 0.00528546 0.00193064 0.002408 0.00391935 0.0057721 0.00755363 0.00891299 0.00973214 0.0102013 0.0106676 0.0113653 0.0122391 0.012979 0.013208
pSPR Fmed_Fpbrs
0.487561   0.254734 0.254734
Fs Fmed_Fpbrs
0.462756   1.005 1.005
SSBpbr Bo_Bmed_Bpbrs
1.57283e+06  688210  322012 322012
Ro
120165
SPR SPRFo_SPRFmed_SPRFpbrs
858930 418781 218798
Fref
1.005
Nvult_r0
 148184 9280.29 4273.62 6350.53 1858.28
CTP_r0
 28023.9 2464.98 1159.83 1725.47 504.933
YTP_r0
391236
Np
 174781 60924.3 3197.06 1451.08 2700.39
Nvult_p0
 140475 52464 2765.82 1255.66 2336.76
CTP_p0
 54199.6 25889.8 1385.21 629.369 1171.29
YTP_p0
 915701
CBA_c0
548576
log_Ro
11.5166
likeval ReclasPelacesDesembMPH_pf_preclas_ppelaces_ptallas_desvR_qrecl_qpela
 10.7016 33.327 0.0224986 0.000888224 243.454 116.605 100.755 0 35.1364 4.63722e-06 0 0.0372758 0 0 0
q_reclas_q_pelaces
1.35683 1
M
1
N
 134211 41038.1 73916.4 7259.27 0.196645
 96763.8 42410.4 11926.4 21330.7 2094.13
 83304 26653.4 9960.77 2763.83 5424.51
 65222.7 22907.5 6243.73 2302.14 1891.07
 48475.1 12647.2 3121.65 825.989 553.81
 237936 12781.7 2775.83 674.663 297.953
 54391.1 62565.2 2793.39 597.29 209.103
 18272.1 9274.1 6984.32 300.927 86.7011
 29592.2 5647.98 2604.56 1945.75 107.941
 48209.8 5460.53 712.688 318.322 250.56
 78500.9 7357.37 513.267 64.3155 51.2219
 123520 24852.7 2144.39 148.561 33.4285
 98731.9 26899 4054.61 341.458 28.9403
 68959.9 22351.2 4660.5 686.881 62.6713
 58689 10507.1 2095.67 419.498 67.3184
 425243 10726.6 1306.32 252.246 58.492
 54222.3 105490 2141.79 256.118 60.8626
 653360 15671.2 26694.4 535.96 79.2726
 352683 189175 3976.78 6699.39 154.309
 247326 94742.2 42737.8 885.435 1524.78
 405643 67132.4 21750.7 9674.51 545.167
 528666 117907 17138.4 5492.58 2579.18
 75051 145362 27616.2 3960.43 1863.87
 304622 23122.1 40615.2 7653.06 1613.31
 230528 94898.4 6572.82 11457 2612.81
 95901.7 71895.7 27022.8 1857.38 3974.25
 265675 30651.6 21266 7941.17 1713.11
 316696 82633.8 8691.7 5983.6 2715.26
 64301.5 102703 24999.6 2614.23 2615.54
 41258.2 21086.8 31614 7654.51 1600.81
 209109 12477.4 5724.7 8505.13 2488.73
pred_Ctot
 12113.6 5553.77 10273 1010.34 0.0273709
 15734.1 10051.1 2896.01 5186.3 509.197
 13614.9 6347.01 2430.23 675.191 1325.28
 20524.5 9858.68 2739.34 1011.06 830.569
 8917.46 3361.98 849.636 225.097 150.933
 44085 3420.31 760.501 185.071 81.7386
 19612.4 30230.9 1373.84 294.033 102.942
 1871.73 1417.77 1096.09 47.2923 13.6266
 9852.27 2551.11 1198.57 896.282 49.7239
 19120.8 2854.96 378.806 169.341 133.299
 7003.42 984.568 70.5403 8.8517 7.05017
 33234.2 9327.14 821.686 56.9885 12.824
 24964.2 9552.31 1470.9 124.012 10.5112
 27385.2 11698.1 2479.65 365.779 33.3754
 19741.3 4787.6 972.747 194.91 31.2795
 90381.5 3256.23 405.642 78.4225 18.1862
 7493.31 21455 446.668 53.4847 12.7107
 89677.2 3166.73 5531.4 111.206 16.4494
 61699.9 47998.3 1033.4 1743.11 40.1522
 42012.5 23388.4 10807.3 224.19 386.097
 54860.8 13377.5 4444.79 1979.65 111.563
 86429.3 28085.1 4182.6 1342.19 630.3
 7823.4 22597.7 4406.98 632.888 297.874
 29898.6 3392.45 6118.19 1154.46 243.386
 22485.5 13840 984.201 1717.96 391.817
 8045.29 9065.47 3499.94 240.909 515.513
 26308.6 4535.75 3230.86 1208.17 260.651
 23963 9427.34 1018.81 702.389 318.757
 4454.84 10754.2 2690.13 281.719 281.882
 4715.25 3580.07 5507.87 1335.43 279.302
 28023.9 2464.98 1159.83 1725.47 504.933
F
 0.152016 0.235749 0.242788 0.24317 0.24319
 0.289357 0.44874 0.462137 0.462865 0.462903
 0.291032 0.451338 0.464813 0.465545 0.465584
 0.640372 0.993102 1.02275 1.02436 1.02445
 0.333039 0.516483 0.531903 0.532741 0.532785
 0.335794 0.520756 0.536303 0.537147 0.537192
 0.768975 1.19254 1.22815 1.23008 1.23018
 0.174076 0.269961 0.278021 0.278458 0.278481
 0.689965 1.07001 1.10196 1.10369 1.10378
 0.87986 1.3645 1.40524 1.40745 1.40757
 0.150144 0.232846 0.239798 0.240175 0.240195
 0.524311 0.813111 0.837388 0.838705 0.838775
 0.485529 0.752968 0.775449 0.776669 0.776733
 0.881472 1.367 1.40782 1.41003 1.41015
 0.699525 1.08484 1.11723 1.11898 1.11908
 0.394041 0.611086 0.629331 0.630321 0.630373
 0.24127 0.374166 0.385337 0.385943 0.385975
 0.239454 0.371349 0.382436 0.383038 0.38307
 0.314409 0.487592 0.50215 0.50294 0.502982
 0.30404 0.471511 0.485589 0.486353 0.486393
 0.23558 0.365343 0.37625 0.376843 0.376874
 0.29113 0.451491 0.46497 0.465702 0.465741
 0.177379 0.275083 0.283296 0.283742 0.283765
 0.166265 0.257847 0.265545 0.265963 0.265985
 0.165156 0.256127 0.263774 0.264189 0.264211
 0.14064 0.218107 0.224619 0.224973 0.224991
 0.167856 0.260315 0.268087 0.268509 0.268531
 0.126101 0.19556 0.201399 0.201716 0.201732
 0.114935 0.178243 0.183564 0.183853 0.183868
 0.195934 0.303858 0.31293 0.313422 0.313448
 0.233221 0.361683 0.372482 0.373068 0.373099
nmprior
 8.19 8.8 8.5 0
nm_flota  nm_reclas  nm_pelaces    nm_pelaL
inf 16.7913 12.2149 25.8796
cv_recla  cv_pelaces  cv_mph
0.295903 0.654591 0.919743
 ------------------------------------------------
Talla a la edad & desviaci?n 
 8 13.2811 15.8009 17.003 17.5766
 0.8 1.32811 1.58009 1.7003 1.75766
