years
 1991 1992 1993 1994 1995 1996 1997 1998 1999 2000 2001 2002 2003 2004 2005 2006 2007 2008 2009 2010 2011 2012 2013 2014 2015 2016 2017 2018 2019 2020 2021
reclasobs
 0 0 0 0 0 0 0 0 0 252601 567819 844713 477998 351125 339783 2.1784e+06 2.13404e+06 4.81314e+06 1.55562e+06 2.62356e+06 3.21686e+06 3.843e+06 1.13348e+06 3.07943e+06 1.97215e+06 2.03268e+06 2.025e+06 2.42433e+06 2.27542e+06 1.05018e+06 2.36338e+06
reclaspred
 3.08139e+06 1.70648e+06 860446 798327 759583 1.26734e+06 737478 638289 472163 347684 462600 621723 612592 465645 467920 1.36011e+06 1.29081e+06 2.9943e+06 2.46403e+06 1.81215e+06 3.21804e+06 2.61121e+06 2.03271e+06 3.14388e+06 2.3371e+06 2.04945e+06 2.47745e+06 2.68456e+06 2.18174e+06 1.33932e+06 1.93225e+06
pelacesobs
 0 0 0 0 0 0 0 0 0 0 0 0 0 0 0 552880 188675 0 991730 2.46772e+06 1.41603e+06 1.21717e+06 2.29649e+06 1.80582e+06 0 1.4828e+06 1.56532e+06 1.57751e+06 1.42118e+06 867257 1.10002e+06
pelacespred
 1.44276e+06 883183 441706 333446 337341 579324 297065 336093 231500 160395 226115 254725 277456 219666 228083 558556 532560 1.43242e+06 1.21025e+06 824397 1.4286e+06 1.24625e+06 972017 1.65114e+06 1.18033e+06 1.03312e+06 1.42415e+06 1.51947e+06 1.0183e+06 711022 1.00715e+06
mphobs
 0 0 0 0 0 0 0 0 0 0 0 498337 0 5186 125008 0 168611 109162 213762 579715 649985 157893 87575 83554 0 0 0 0 0 0 0
mphpred
 462987 307923 150984 82157.2 80913.3 89435.4 121617 68280.8 61322.8 41681.5 28155.7 54686.3 59847.3 49916 32391.1 41504.7 155996 144598 296053 221909 234277 291807 276529 223398 312876 255207 208129 226889 323769 217357 131685
desembarqueobs
 494567 514787 250237 358949 120608 361735 552515 73892 212993 205616 52469 317467 293654 387597 252695 516296 358380 742168 942051 627588 828172 859565 418607 520667 417249 300574 415391 372974 316634 284311 391294
desembarquepred
 494571 513776 250653 358984 120613 361738 552515 73896.3 213036 205653 52471.4 317521 293691 387596 252676 516232 358396 742044 941777 627409 828216 859541 418607 520684 417240 300568 415381 372950 316620 284311 391291
Reclutas
 183341 103206 103967 146679 118362 225354 88721.2 38284 39663.2 55091.1 104638 141186 116649 81199.5 79363.3 465063 90874.3 708742 405789 307998 461460 612417 120896 373644 309064 138158 321176 364410 101122 71963.1 281389
log_desv_Rt
 0.123995 -0.450625 -0.443281 -0.0991108 -0.313603 0.330316 -0.601855 -1.44232 -1.40693 -1.07837 -0.436852 -0.13728 -0.328184 -0.690446 -0.713319 1.05482 -0.577877 1.47614 0.918478 0.642737 1.04704 1.33006 -0.292427 0.835948 0.646194 -0.158956 0.684634 0.810924 -0.471027 -0.811201 0.552385
SSB
 2.74953e+06 1.82865e+06 896645 487904 480517 531127 722245 405497 364176 247533 167207 324764 355413 296434 192360 246483 926409 858718 1.75816e+06 1.31785e+06 1.39129e+06 1.73295e+06 1.64222e+06 1.32669e+06 1.85807e+06 1.51559e+06 1.23601e+06 1.34742e+06 1.92276e+06 1.29081e+06 782033
BT
 3.74758e+06 2.54502e+06 1.26661e+06 1.07072e+06 874602 1.64613e+06 1.1782e+06 840965 745204 567155 566504 852181 906035 909227 779595 1.70533e+06 1.50794e+06 3.9594e+06 3.69591e+06 2.46774e+06 3.96598e+06 3.67872e+06 2.60665e+06 4.2928e+06 3.10955e+06 2.64976e+06 3.70934e+06 3.87948e+06 2.6102e+06 1.91807e+06 2.69586e+06
Ftot
 0.155352 0.285318 0.280147 0.460007 0.163681 0.308934 0.705377 0.118857 0.458057 0.59581 0.129091 0.532414 0.495806 0.845145 0.591015 0.441734 0.275713 0.280003 0.39128 0.35546 0.272669 0.34502 0.203064 0.181723 0.182236 0.148033 0.182831 0.15383 0.13999 0.206508 0.225377
BD_Bspro_t
 0.975523 0.826068 0.651241 0.554884 0.523957 0.599233 0.593338 0.404038 0.461367 0.415709 0.389028 0.636171 0.522552 0.430709 0.319255 0.377995 0.584786 0.553167 0.658392 0.56087 0.529318 0.580484 0.596452 0.584636 0.691215 0.697888 0.703477 0.742493 0.789728 0.72189 0.649165
BD_Bspro
 2.37502 1.57958 0.774516 0.421449 0.415068 0.458784 0.623871 0.350266 0.314573 0.213817 0.144433 0.280529 0.307004 0.256058 0.166159 0.21291 0.800226 0.741755 1.51869 1.13835 1.20179 1.49691 1.41853 1.14598 1.60498 1.30916 1.06766 1.16389 1.66086 1.11499 0.675515
BD_Bo
 1.52662 1.01532 0.497845 0.2709 0.266798 0.294898 0.401013 0.225145 0.202202 0.137438 0.0928387 0.180319 0.197337 0.16459 0.106804 0.136855 0.514371 0.476787 0.976186 0.73171 0.772489 0.962185 0.911809 0.736617 1.03166 0.841504 0.68627 0.748129 1.06757 0.716698 0.434209
BD_Brms
 8.64134 5.74717 2.81802 1.53341 1.51019 1.66925 2.26991 1.27442 1.14455 0.777958 0.525507 1.02068 1.11701 0.931648 0.604558 0.774657 2.91156 2.69882 5.52563 4.14179 4.37262 5.44638 5.16123 4.16957 5.83962 4.76328 3.88458 4.23473 6.04293 4.05682 2.45781
Sel_flota
 0.736722 0.981539 0.999011 0.999948 0.999997
 0.736722 0.981539 0.999011 0.999948 0.999997
 0.736722 0.981539 0.999011 0.999948 0.999997
 0.736722 0.981539 0.999011 0.999948 0.999997
 0.736722 0.981539 0.999011 0.999948 0.999997
 0.736722 0.981539 0.999011 0.999948 0.999997
 0.736722 0.981539 0.999011 0.999948 0.999997
 0.736722 0.981539 0.999011 0.999948 0.999997
 0.736722 0.981539 0.999011 0.999948 0.999997
 0.736722 0.981539 0.999011 0.999948 0.999997
 0.736722 0.981539 0.999011 0.999948 0.999997
 0.736722 0.981539 0.999011 0.999948 0.999997
 0.736722 0.981539 0.999011 0.999948 0.999997
 0.736722 0.981539 0.999011 0.999948 0.999997
 0.736722 0.981539 0.999011 0.999948 0.999997
 0.736722 0.981539 0.999011 0.999948 0.999997
 0.736722 0.981539 0.999011 0.999948 0.999997
 0.736722 0.981539 0.999011 0.999948 0.999997
 0.736722 0.981539 0.999011 0.999948 0.999997
 0.736722 0.981539 0.999011 0.999948 0.999997
 0.736722 0.981539 0.999011 0.999948 0.999997
 0.736722 0.981539 0.999011 0.999948 0.999997
 0.736722 0.981539 0.999011 0.999948 0.999997
 0.736722 0.981539 0.999011 0.999948 0.999997
 0.736722 0.981539 0.999011 0.999948 0.999997
 0.736722 0.981539 0.999011 0.999948 0.999997
 0.736722 0.981539 0.999011 0.999948 0.999997
 0.736722 0.981539 0.999011 0.999948 0.999997
 0.736722 0.981539 0.999011 0.999948 0.999997
 0.736722 0.981539 0.999011 0.999948 0.999997
 0.736722 0.981539 0.999011 0.999948 0.999997
Sel_reclas
 1 1 1 1 1
 1 1 1 1 1
 1 1 1 1 1
 1 1 1 1 1
 1 1 1 1 1
 1 1 1 1 1
 1 1 1 1 1
 1 1 1 1 1
 1 1 1 1 1
 1 1 1 1 1
 1 1 1 1 1
 1 1 1 1 1
 1 1 1 1 1
 1 1 1 1 1
 1 1 1 1 1
 1 1 1 1 1
 1 1 1 1 1
 1 1 1 1 1
 1 1 1 1 1
 1 1 1 1 1
 1 1 1 1 1
 1 1 1 1 1
 1 1 1 1 1
 1 1 1 1 1
 1 1 1 1 1
 1 1 1 1 1
 1 1 1 1 1
 1 1 1 1 1
 1 1 1 1 1
 1 1 1 1 1
 1 1 1 1 1
Sel_pelaces
 1 1 1 1 1
 1 1 1 1 1
 1 1 1 1 1
 1 1 1 1 1
 1 1 1 1 1
 1 1 1 1 1
 1 1 1 1 1
 1 1 1 1 1
 1 1 1 1 1
 1 1 1 1 1
 1 1 1 1 1
 1 1 1 1 1
 1 1 1 1 1
 1 1 1 1 1
 1 1 1 1 1
 1 1 1 1 1
 1 1 1 1 1
 1 1 1 1 1
 1 1 1 1 1
 1 1 1 1 1
 1 1 1 1 1
 1 1 1 1 1
 1 1 1 1 1
 1 1 1 1 1
 1 1 1 1 1
 1 1 1 1 1
 1 1 1 1 1
 1 1 1 1 1
 1 1 1 1 1
 1 1 1 1 1
 1 1 1 1 1
pf_obs 
 0.8446 0.082 0.0669 0.0065 0
 0.8095 0.147 0.0364 0.0071 0
 0.9664 0.0169 0.016 0.0007 0
 0.9276 0.0648 0.0075 0.0001 0
 0.7033 0.2144 0.0806 0.0017 0
 0.9318 0.0425 0.0243 0.0014 0
 0.5671 0.3108 0.0964 0.0239 0.0018
 0.0768 0.2599 0.5324 0.112 0.0189
 0.490249 0.384438 0.106611 0.0170017 0.00170017
 0.7925 0.1577 0.0466 0.003 0.0002
 0.840416 0.127587 0.0312969 0.00059994 9.999e-05
 0.8084 0.0986 0.0794 0.0134 0.0002
 0.7335 0.1905 0.0724 0.0035 0.0001
 0.4001 0.4547 0.1325 0.0127 0
 0.49795 0.308269 0.164784 0.0264974 0.00249975
 0.9179 0.0499 0.0305 0.0017 0
 0.2467 0.6533 0.0926 0.0074 0
 0.9418 0.0223 0.034 0.0019 0
 0.707729 0.231977 0.0356964 0.0245975 0
 0.517169 0.277429 0.184464 0.0207286 0.00020938
 0.811772 0.124168 0.05621 0.00726502 0.000585176
 0.764997 0.148141 0.077277 0.00933861 0.000247198
 0.163321 0.427699 0.378323 0.0303852 0.000271297
 0.753843 0.0900009 0.118128 0.0371064 0.000921714
 0.721811 0.176058 0.0630433 0.0369309 0.00215725
 0.143369 0.312575 0.442814 0.0836902 0.0175525
 0.692698 0.0596174 0.167031 0.0765114 0.00414204
 0.394062 0.376323 0.152708 0.0712218 0.00568511
 0.125707 0.32114 0.495352 0.0537591 0.00404204
 0.23352 0.215282 0.420074 0.123614 0.00750983
 0.774587 0.0839891 0.0768558 0.0609784 0.00358967
pf_pred 
 0.441091 0.135738 0.397215 0.0259551 8.43051e-07
 0.406731 0.307161 0.0704621 0.202431 0.0132149
 0.559046 0.214481 0.118421 0.0266323 0.0814205
 0.701799 0.189877 0.0532402 0.0288183 0.0262663
 0.643662 0.274067 0.0528089 0.014489 0.0149731
 0.762025 0.168736 0.0534838 0.0101164 0.00563826
 0.467364 0.434598 0.0699255 0.0217204 0.00639117
 0.457441 0.305341 0.194438 0.0305248 0.0122554
 0.561621 0.233068 0.116467 0.0728348 0.0160094
 0.730437 0.174044 0.0513146 0.0250884 0.0191156
 0.8291 0.136163 0.0226168 0.00651477 0.00560489
 0.733977 0.230635 0.0283012 0.00461591 0.00247107
 0.675885 0.258492 0.0570652 0.00684548 0.00171209
 0.62269 0.282273 0.0761389 0.016437 0.00246194
 0.736944 0.187699 0.0567534 0.0149089 0.00369539
 0.939234 0.0487355 0.008642 0.00255275 0.000835766
 0.351567 0.619931 0.0229576 0.0039841 0.00156034
 0.895059 0.0446698 0.0576716 0.00209402 0.000505185
 0.57881 0.38828 0.0141686 0.0179339 0.000807406
 0.584116 0.273195 0.131761 0.00470803 0.00622048
 0.729663 0.178866 0.0605121 0.0285899 0.00236863
 0.729435 0.213135 0.0382552 0.0126896 0.00648526
 0.294775 0.556309 0.117822 0.0207195 0.0103738
 0.729499 0.0978311 0.136755 0.0284215 0.00749279
 0.606957 0.308939 0.0307853 0.0422379 0.0110813
 0.417128 0.394024 0.149047 0.0145778 0.0252229
 0.725574 0.134702 0.0950188 0.0352906 0.00941427
 0.677838 0.252013 0.0347656 0.0240699 0.0113132
 0.322117 0.500919 0.138996 0.0188259 0.0191413
 0.390377 0.237611 0.276215 0.0752598 0.0205369
 0.81595 0.085911 0.0387009 0.044144 0.0152944
pobs_RECLAS
 0 0 0 0 0
 0 0 0 0 0
 0 0 0 0 0
 0 0 0 0 0
 0 0 0 0 0
 0 0 0 0 0
 0 0 0 0 0
 0 0 0 0 0
 0 0 0 0 0
 0 0 0 0 0
 0.991045 0.00858322 0.000360255 1.14367e-05 0
 0.934742 0.0480273 0.0164251 0.00080598 0
 0.827803 0.169806 0.00239088 0 0
 0.941827 0.0461693 0.0120037 0 0
 0.791401 0.0380133 0.147996 0.0225897 0
 0.846168 0.0940531 0.0597789 0 0
 0.134021 0.677848 0.182769 0.00536245 0
 0.80878 0.0450904 0.141981 0.00414843 0
 0.846168 0.0940531 0.0597789 0 0
 0.905697 0.0802665 0.012482 0.00150086 5.37128e-05
 0.989698 0.0102097 9.19794e-05 0 0
 0.975433 0.0193895 0.00387452 0.00125025 5.28907e-05
 0.303575 0.632131 0.0575291 0.00676475 0
 0.966965 0.00978017 0.0227588 0.000495775 0
 0.843318 0.132988 0.00938335 0.0141283 0.000182051
 0.564624 0.303363 0.111486 0.0197234 0.00080311
 0.826376 0.0876187 0.0782897 0.00655872 0.00115652
 0.89761 0.0855135 0.0140674 0.00269457 0.000114338
 0.34875 0.467042 0.161289 0.0227151 0.000203297
 0.318654 0.224769 0.449479 0.00709798 0
 0.937255 0.0296025 0.0250945 0.00804832 0
ppred_RECLAS
 0.516809 0.118952 0.341918 0.0223206 7.24962e-07
 0.481395 0.27095 0.0610365 0.175183 0.0114355
 0.631962 0.180728 0.0979898 0.0220162 0.0673047
 0.761763 0.152744 0.0420399 0.0227332 0.020719
 0.708089 0.225457 0.0426711 0.0116964 0.0120866
 0.812117 0.133931 0.0416852 0.00787712 0.00438998
 0.545359 0.37229 0.0587547 0.0182318 0.00536436
 0.531636 0.265659 0.166178 0.0260636 0.0104637
 0.635557 0.195483 0.0958875 0.0599056 0.0131669
 0.78723 0.138319 0.0400153 0.0195443 0.0148906
 0.866772 0.106539 0.0173831 0.00500245 0.00430357
 0.789116 0.183289 0.0220729 0.00359648 0.00192523
 0.738768 0.20913 0.0453135 0.00543036 0.00135809
 0.694505 0.229692 0.060742 0.0130993 0.00196191
 0.792497 0.148871 0.044168 0.0115911 0.00287287
 0.954379 0.0367243 0.00639251 0.00188641 0.000617577
 0.421246 0.553757 0.0201383 0.00349147 0.00136734
 0.920395 0.0342398 0.0434106 0.0015747 0.000379877
 0.649452 0.323633 0.0115942 0.014661 0.000660019
 0.655225 0.227909 0.107924 0.00385254 0.00508991
 0.784609 0.143399 0.0476414 0.0224872 0.00186294
 0.784396 0.170508 0.0300492 0.00995787 0.00508891
 0.359664 0.507053 0.105475 0.0185305 0.00927738
 0.784948 0.0786806 0.108029 0.02243 0.00591293
 0.674717 0.256688 0.0251235 0.034437 0.00903423
 0.490376 0.346521 0.128755 0.0125811 0.0217671
 0.7812 0.108397 0.0751027 0.0278671 0.00743356
 0.738506 0.20537 0.0278285 0.0192487 0.00904669
 0.389521 0.453231 0.123536 0.0167161 0.0169953
 0.464343 0.211111 0.241032 0.0656109 0.017903
 0.857087 0.0673718 0.0298069 0.0339666 0.0117677
pobs_PELACES
 0 0 0 0 0
 0 0 0 0 0
 0 0 0 0 0
 0 0 0 0 0
 0 0 0 0 0
 0 0 0 0 0
 0 0 0 0 0
 0 0 0 0 0
 0 0 0 0 0
 0 0 0 0 0
 0 0 0 0 0
 0 0 0 0 0
 0 0 0 0 0
 0 0 0 0 0
 0 0 0 0 0
 0 0 0 0 0
 0.505614 0.472636 0.0217494 0 0
 0 0 0 0 0
 0.443492 0.261883 0.143347 0.151278 0
 0.227955 0.32914 0.350689 0.0885471 0.00366901
 0.970185 0.0296113 0.000203453 0 0
 0.997202 0.00247181 0.000326279 0 0
 0.445219 0.490057 0.0546422 0.010081 0
 0.90214 0.0892962 0.00764917 0.000914606 0
 0 0 0 0 0
 0.581667 0.319106 0.0959925 0.00289975 0.000334073
 0.762889 0.0836404 0.116647 0.0363945 0.000428098
 0.88444 0.0763242 0.0277011 0.0115352 0
 0.521256 0.241999 0.230069 0.00667565 0
 0.616807 0.101726 0.260614 0.0208532 0
 0.833518 0.0704572 0.0857862 0.0102388 0
ppred_PELACES
 0.520112 0.118219 0.339507 0.0221621 7.19814e-07
 0.487357 0.268054 0.060285 0.173011 0.0112936
 0.637405 0.178205 0.0964661 0.021672 0.0662521
 0.768616 0.148496 0.0407623 0.0220392 0.0200864
 0.71086 0.223366 0.0422354 0.0115764 0.0119625
 0.815974 0.131249 0.040778 0.00770496 0.00429401
 0.559632 0.360872 0.0567215 0.017597 0.00517754
 0.534101 0.26434 0.16524 0.0259155 0.0104042
 0.644372 0.190994 0.0934384 0.0583672 0.0128286
 0.795382 0.133184 0.0383975 0.0187507 0.0142858
 0.867989 0.105582 0.0172141 0.00495362 0.00426155
 0.796251 0.17716 0.0212693 0.00346499 0.00185483
 0.746533 0.20303 0.0438663 0.00525611 0.0013145
 0.709048 0.219024 0.0576395 0.0124269 0.00186119
 0.800395 0.143344 0.0423837 0.0111208 0.00275628
 0.955929 0.0354944 0.0061627 0.00181835 0.00059529
 0.426702 0.548574 0.0199181 0.003453 0.00135227
 0.922103 0.0335361 0.0424498 0.00153971 0.000371436
 0.656655 0.31704 0.0113324 0.0143282 0.000645034
 0.66184 0.223692 0.10571 0.00377311 0.00498494
 0.788398 0.140952 0.0467549 0.0220669 0.00182811
 0.789143 0.166824 0.0293416 0.00972235 0.00496852
 0.363508 0.504133 0.104745 0.0184011 0.00921256
 0.787528 0.0777888 0.106692 0.0221513 0.00583944
 0.67799 0.254164 0.0248503 0.0340606 0.00893545
 0.493434 0.344537 0.127909 0.0124978 0.0216229
 0.783805 0.107164 0.0741702 0.0275195 0.00734082
 0.740936 0.203501 0.0275508 0.0190558 0.00895597
 0.392264 0.45129 0.122908 0.0166303 0.016908
 0.468677 0.209556 0.238972 0.0650459 0.0177488
 0.859389 0.0663338 0.0293096 0.0333975 0.0115705
pobs_pel_tallas
 0 0 0 0 0 0 0 0 0 0 0 0 0 0 0 0 0 0 0 0 0 0 0 0 0 0
 0 0 0 0 0 0 0 0 0 0 0 0 0 0 0 0 0 0 0 0 0 0 0 0 0 0
 0 0 0 0 0 0 0 0 0 0 0 0 0 0 0 0 0 0 0 0 0 0 0 0 0 0
 0 0 0 0 0 0 0 0 0 0 0 0 0 0 0 0 0 0 0 0 0 0 0 0 0 0
 0 0 0 0 0 0 0 0 0 0 0 0 0 0 0 0 0 0 0 0 0 0 0 0 0 0
 0 0 0 0 0 0 0 0 0 0 0 0 0 0 0 0 0 0 0 0 0 0 0 0 0 0
 0 0 0 0 0 0 0 0 0 0 0 0 0 0 0 0 0 0 0 0 0 0 0 0 0 0
 0 0 0 0 0 0 0 0 0 0 0 0 0 0 0 0 0 0 0 0 0 0 0 0 0 0
 0 0 0 0 0 0 0 0 0 0 0 0 0 0 0 0 0 0 0 0 0 0 0 0 0 0
 0 0 0 0 0 0 0 0 0 0 0 0 0 0 0 0 0 0 0 0 0 0 0 0 0 0
 0 0 0 0 0 0 0 0 0 0 0 0 0 0 0 0 0 0 0 0 0 0 0 0 0 0
 0 0 0 0 0 0 0 0 0 0 0 0 0 0 0 0 0 0 0 0 0 0 0 0 0 0
 0.00862536 0 0 0.000197151 0.00414017 0.0128641 0.00837892 0.0270097 0.101434 0.158115 0.152841 0.127902 0.109271 0.109419 0.0830992 0.0579132 0.0238553 0.00714673 0.00463305 0.00128148 0.00103504 0.000492878 0.000147863 0.000147863 4.92878e-05 0
 0 0 0 0 0 0 0 0 0 0 0 0 0 0 0 0 0 0 0 0 0 0 0 0 0 0
 0 0 0 0 0 0 0 0.0054083 0.00873648 0.0413646 0.0450493 0.0745869 0.0622846 0.0627006 0.0613931 0.0827291 0.12552 0.122667 0.0946155 0.0697135 0.0546179 0.0294188 0.0215738 0.0213955 0.0102223 0.00600262
 0 0 0 0 0.00359764 0.0251062 0.0480494 0.140153 0.205849 0.193036 0.1447 0.116669 0.0760912 0.0342217 0.00950174 0.001854 0.000860785 0 0 0 0.000165536 0 0.000143464 0 0 0
 0 0 0 0 0 0 0 0.000145254 0.000435761 0.0275982 0.070085 0.0708112 0.156366 0.174668 0.174014 0.160142 0.0824315 0.0480064 0.0283245 0.00493863 0.00203355 0 0 0 0 0
 0 0 0 0 0 0 0 0 0 0 0 0 0 0 0 0 0 0 0 0 0 0 0 0 0 0
 0 0 1.00437e-05 0.000401748 0.00122533 0.00171747 0.00176769 0.0269171 0.070346 0.194647 0.189555 0.159765 0.064822 0.0314167 0.0384472 0.0292271 0.0345202 0.0313363 0.0194345 0.0106764 0.0143323 0.0359363 0.0279516 0.0138201 0.00172751 0
 0 0.0021121 0.0136068 0.0755702 0.200478 0.177729 0.0527432 0.0373336 0.0318909 0.0142505 0.0149659 0.0166563 0.0217959 0.0798694 0.0677717 0.0528807 0.04013 0.0224614 0.0357745 0.0225083 0.00881397 0.00855152 0.00135912 0.000746735 0 0
 0 0 0 0 5.4009e-05 0.00500934 0.000945158 0.0243581 0.138947 0.33067 0.221406 0.137944 0.0707744 0.0437923 0.0131692 0.00525238 0.0047753 0.00276346 9.45158e-05 9.00151e-06 2.25038e-05 9.00151e-06 4.50075e-06 0 0 0
 0.000866109 0.00284123 0.00948549 0.0512746 0.133035 0.25785 0.225252 0.132002 0.0553304 0.0519788 0.0540692 0.017754 0.00435017 0.00159236 0.00146478 0.000404838 0.000125132 0.000115318 0.000107957 0.000100596 0 0 0 0 0 0
 0 0 0 0 0.00144013 0.00171154 0.00461396 0.0210425 0.0478622 0.0707936 0.0888783 0.103762 0.0637923 0.0337046 0.0602308 0.124433 0.169614 0.0934646 0.0462172 0.0250306 0.0313229 0.00938855 0.002487 0.000210481 0 0
 0 0.00764035 0.051015 0.0998891 0.058973 0.0496711 0.0374665 0.0718981 0.12319 0.153886 0.159021 0.0857701 0.0377988 0.023471 0.0147837 0.00900784 0.00315554 0.000888139 0.00291439 0.00214683 0.00393193 0.00274676 0.000635225 9.99891e-05 0 0
 0 0 0 0 0 0 0 0 0 0 0 0 0 0 0 0 0 0 0 0 0 0 0 0 0 0
 0 0 0 0 0 0 0 0 0 0 0 0 0 0 0 0 0 0 0 0 0 0 0 0 0 0
 0 0 0 0 0 0 0 0 0 0 0 0 0 0 0 0 0 0 0 0 0 0 0 0 0 0
 0 0 0 0 0 0 0 0 0 0 0 0 0 0 0 0 0 0 0 0 0 0 0 0 0 0
 0 0 0 0 0 0 0 0 0 0 0 0 0 0 0 0 0 0 0 0 0 0 0 0 0 0
 0 0 0 0 0 0 0 0 0 0 0 0 0 0 0 0 0 0 0 0 0 0 0 0 0 0
 0 0 0 0 0 0 0 0 0 0 0 0 0 0 0 0 0 0 0 0 0 0 0 0 0 0
ppred_pel_tallas
 1.12051e-16 4.28409e-05 0.000416429 0.00276732 0.0125798 0.0391406 0.0833936 0.121718 0.12173 0.083452 0.0393381 0.0131566 0.0042393 0.00370972 0.00653114 0.0113377 0.017741 0.0252442 0.0332584 0.0413373 0.0491281 0.0560071 0.0608172 0.0621414 0.0590439 0.0517286
 1.2107e-16 4.0143e-05 0.000390204 0.00259304 0.0117876 0.0366758 0.0781426 0.114057 0.114083 0.0782694 0.0371017 0.0130192 0.00568995 0.00716997 0.0129756 0.0215534 0.0314608 0.0405092 0.0465731 0.0488736 0.0485085 0.0476615 0.0480781 0.0499809 0.0521179 0.0526883
 1.16215e-16 5.25022e-05 0.00051034 0.00339139 0.0154168 0.0479674 0.1022 0.149168 0.149185 0.102285 0.0482519 0.0162402 0.00546485 0.00505861 0.00875587 0.0145667 0.0213975 0.0278133 0.0324071 0.0346014 0.0349863 0.034832 0.0351623 0.0361298 0.0370776 0.0370776
 1.06824e-16 6.33099e-05 0.000615395 0.00408952 0.0185904 0.0578416 0.123238 0.179873 0.179887 0.123308 0.0580773 0.0192716 0.00580165 0.00436013 0.00719676 0.0118555 0.0172131 0.0219548 0.0247972 0.0251846 0.0236211 0.0212999 0.0193274 0.018148 0.017516 0.0168688
 1.04462e-16 5.85526e-05 0.000569152 0.00378222 0.0171934 0.0534953 0.113978 0.166359 0.16638 0.114083 0.0538489 0.0182151 0.00634779 0.00617323 0.010712 0.0176437 0.0254766 0.03218 0.0357269 0.0351931 0.0313008 0.0259059 0.0208542 0.017101 0.0146074 0.0128141
 1.0271e-16 6.72107e-05 0.000653312 0.00434149 0.0197358 0.0614054 0.130831 0.190955 0.190967 0.130893 0.0616137 0.0203379 0.00585463 0.00396235 0.0063688 0.0104674 0.0151771 0.0193058 0.0216809 0.0217561 0.0199129 0.0171565 0.014464 0.012307 0.0106313 0.00915428
 1.04371e-16 4.60963e-05 0.000448072 0.0029776 0.0135357 0.0421149 0.0897316 0.130973 0.131008 0.0899016 0.0426858 0.0151848 0.00711757 0.00948759 0.0172195 0.0284096 0.0409572 0.0515831 0.0569728 0.0555979 0.0486152 0.0390549 0.0299785 0.0230465 0.018326 0.0150263
 1.09196e-16 4.39932e-05 0.00042763 0.00284175 0.0129182 0.0401935 0.0856374 0.124996 0.125021 0.085763 0.0406158 0.0141406 0.00591993 0.00718021 0.0129649 0.0216161 0.0317233 0.0411241 0.0476067 0.0501032 0.0492082 0.0465321 0.0434673 0.0404151 0.0369581 0.0325818
 1.1077e-16 5.30761e-05 0.000515919 0.00342846 0.0155853 0.0484917 0.103317 0.150799 0.150817 0.103408 0.0487964 0.0164668 0.00564728 0.00538055 0.00935424 0.0155464 0.0227862 0.0295053 0.034149 0.0360395 0.0357458 0.0345744 0.0336013 0.033033 0.0323032 0.0306547
 1.05441e-16 6.55146e-05 0.000636825 0.00423193 0.0192377 0.0598558 0.12753 0.186136 0.186149 0.127593 0.0600672 0.0198489 0.00576787 0.00399638 0.00646564 0.0106382 0.0154458 0.0197004 0.0222448 0.0225703 0.0211137 0.0189289 0.0169988 0.0157285 0.0149243 0.0141256
 1.01742e-16 7.14951e-05 0.000694958 0.00461824 0.0209939 0.0653197 0.139171 0.203126 0.203136 0.139221 0.0654868 0.0214764 0.00582984 0.00334073 0.00509883 0.00832303 0.0119992 0.0151254 0.0167335 0.016382 0.0144145 0.0117194 0.00918875 0.00729736 0.00604694 0.00518443
 1.01321e-16 6.55862e-05 0.000637521 0.00423655 0.0192588 0.0599212 0.127669 0.18634 0.186358 0.127753 0.0602013 0.0200674 0.0062661 0.00506692 0.00847452 0.0138975 0.0199926 0.0250964 0.0275585 0.0266154 0.0228405 0.0177528 0.0129118 0.00920183 0.00671656 0.00510045
 1.02068e-16 6.14909e-05 0.000597714 0.00397202 0.0180562 0.0561798 0.119698 0.174706 0.174726 0.119793 0.0565013 0.0189852 0.00630496 0.00569406 0.00975064 0.0160489 0.0231738 0.029266 0.0324646 0.031897 0.0281745 0.0229384 0.0178441 0.0137867 0.0108176 0.00856173
 1.03281e-16 5.84034e-05 0.000567702 0.00377258 0.0171496 0.0533589 0.113688 0.165935 0.165956 0.113791 0.0537062 0.0181531 0.00629362 0.00607804 0.0105437 0.0173912 0.02517 0.0319086 0.0356285 0.0354045 0.0318838 0.0267866 0.0218133 0.0178303 0.0148124 0.0123193
 1.02842e-16 6.59275e-05 0.000640839 0.0042586 0.019359 0.0602331 0.128333 0.187309 0.187323 0.128401 0.0604605 0.0200164 0.00591056 0.00425305 0.00694372 0.0114211 0.0165541 0.0210444 0.0236105 0.0236567 0.0216046 0.0185595 0.0155958 0.0132321 0.0114071 0.0098054
 1.00471e-16 7.87386e-05 0.000765368 0.00508614 0.0231208 0.0719375 0.153271 0.223704 0.223707 0.153287 0.0719937 0.0232831 0.00549355 0.00165511 0.00176953 0.00280344 0.00403712 0.00509002 0.00563279 0.00551529 0.00485031 0.0039331 0.0030607 0.00239228 0.00193168 0.00160077
 1.01291e-16 3.5147e-05 0.000341642 0.00227033 0.0103206 0.0321116 0.0684191 0.0998707 0.0999235 0.0686769 0.0329771 0.0128192 0.00853752 0.0140075 0.0259437 0.0427152 0.0612489 0.0764309 0.0830729 0.0787826 0.0654203 0.047912 0.031409 0.0189718 0.0110945 0.00668734
 1.01451e-16 7.59524e-05 0.000738284 0.00490616 0.0223027 0.069392 0.147847 0.215788 0.215791 0.147863 0.0694462 0.0224601 0.00530412 0.00161624 0.00177025 0.00287624 0.00429793 0.00574023 0.00694498 0.00777221 0.00824159 0.00844749 0.00842926 0.00812478 0.00744381 0.00638045
 1.01955e-16 5.40879e-05 0.000525753 0.00349382 0.0158824 0.0494162 0.105288 0.153677 0.153707 0.105437 0.0499165 0.0173267 0.00711691 0.00842703 0.0150368 0.0247129 0.0354548 0.0442957 0.0482577 0.0459838 0.0385694 0.0288629 0.0198111 0.0131162 0.00897215 0.00665911
 1.0433e-16 5.45149e-05 0.000529904 0.0035214 0.0160078 0.0498063 0.106118 0.154887 0.154909 0.106224 0.0501624 0.0170378 0.0061122 0.0062035 0.0108818 0.0180388 0.0262934 0.0337122 0.0383323 0.0392002 0.03686 0.0328379 0.0285841 0.0247493 0.0212317 0.0177032
 1.03908e-16 6.49393e-05 0.000631233 0.00419477 0.0190688 0.0593302 0.12641 0.184502 0.184515 0.126477 0.0595541 0.0197161 0.00582196 0.00419136 0.00684984 0.0112838 0.0163962 0.0209331 0.0236612 0.0240167 0.0224182 0.0199262 0.0175351 0.0156667 0.0141691 0.0126667
 1.02706e-16 6.50007e-05 0.00063183 0.00419873 0.0190868 0.0593863 0.126529 0.184677 0.184693 0.126608 0.0596504 0.0198496 0.00611397 0.00481471 0.00801475 0.0131623 0.0189911 0.0239607 0.0265481 0.026056 0.0230209 0.0188328 0.0148821 0.0119016 0.00988549 0.00843924
 1.06557e-16 2.99418e-05 0.000291045 0.0019341 0.00879216 0.0273559 0.0582865 0.085081 0.0851297 0.0585242 0.0281542 0.0110986 0.00772621 0.0129438 0.0240846 0.0398342 0.0575307 0.072661 0.080626 0.0792837 0.0701854 0.0574389 0.0451684 0.0355727 0.028712 0.0235552
 1.06309e-16 6.48677e-05 0.000630537 0.00419014 0.0190478 0.0592647 0.12627 0.184296 0.184304 0.126308 0.059391 0.0194145 0.00511816 0.00268154 0.00403392 0.00675953 0.0101836 0.0137552 0.0169374 0.019457 0.0213832 0.0229038 0.0240083 0.0243866 0.0236355 0.0215748
 1.05711e-16 5.58452e-05 0.000542835 0.00360733 0.0163984 0.0510217 0.108708 0.158668 0.158692 0.108828 0.0514235 0.0175589 0.00652006 0.00690105 0.012131 0.019968 0.0287681 0.0362103 0.0399856 0.0390742 0.0343752 0.0281099 0.0224784 0.0186029 0.0163729 0.0149981
 1.08692e-16 4.06436e-05 0.00039507 0.00262538 0.0119346 0.0371332 0.0791174 0.115481 0.115515 0.0792804 0.0376807 0.0135175 0.00660474 0.00910233 0.0166368 0.0275954 0.0401122 0.0512045 0.0578362 0.0585822 0.0544082 0.0478667 0.0414038 0.0361464 0.0318888 0.0278912
 1.0617e-16 6.4561e-05 0.000627556 0.00417033 0.0189577 0.0589846 0.125673 0.183426 0.183436 0.125724 0.0591562 0.0194546 0.00542255 0.00337777 0.00533682 0.00885012 0.0130482 0.0170558 0.020021 0.0215542 0.0219153 0.0217278 0.0214654 0.0211453 0.0204309 0.0189732
 1.04274e-16 6.103e-05 0.000593233 0.00394224 0.0179209 0.0557586 0.1188 0.173397 0.173416 0.118896 0.0560805 0.0188507 0.00627644 0.00568985 0.00974386 0.016022 0.0231011 0.0291146 0.0322116 0.0315629 0.0278614 0.0228498 0.0182602 0.014986 0.0129689 0.0116344
 1.08192e-16 3.23104e-05 0.000314068 0.0020871 0.00948766 0.0295199 0.0628968 0.0918089 0.0918525 0.0631099 0.0302355 0.0115558 0.00728295 0.0116718 0.0216471 0.0358521 0.0519145 0.065852 0.0736047 0.0732773 0.0662118 0.0559549 0.0460052 0.0381332 0.032259 0.0274333
 1.16477e-16 3.86043e-05 0.000375248 0.00249366 0.0113358 0.03527 0.0751473 0.109684 0.109704 0.0752478 0.0356087 0.0123184 0.00497702 0.00585287 0.0106078 0.0179121 0.0268241 0.0358905 0.0436148 0.0492742 0.0531827 0.0560944 0.0582863 0.0591709 0.0577359 0.0533526
 1.06171e-16 7.07867e-05 0.000688072 0.00457248 0.0207858 0.0646725 0.137792 0.201113 0.201119 0.137823 0.0647783 0.0210921 0.00534358 0.00237933 0.00330677 0.00541965 0.00795855 0.0103561 0.0121009 0.0130012 0.0133012 0.0134843 0.0139113 0.0145779 0.0151508 0.0152017
pSPR Fmed_Fpbrs
0.608875   0.226665 0.226665
Fs Fmed_Fpbrs
0.282084   1.005 1.005
SSBpbr Bo_Bmed_Bpbrs
1.80105e+06  1.00656e+06  318183 318183
Ro
161961
SPR SPRFo_SPRFmed_SPRFpbrs
1.15768e+06 704885 262407
Fref
1.005
Nvult_r0
 193709 16032.8 7118.99 8114.03 2811.12
CTP_r0
 27583.4 2904.25 1308.3 1492.3 517.033
YTP_r0
391291
Np
 226755 87680.5 6704.63 2960.46 4363.79
Nvult_p0
 186971 75652.3 5800.89 2561.78 3776.16
CTP_p0
 79541.3 37568.1 2906.24 1284.05 1892.78
YTP_p0
 1.37393e+06
CBA_c0
686083
log_Ro
11.8151
likeval ReclasPelacesDesembMPH_pf_preclas_ppelaces_ptallas_desvR_qrecl_qpela
 12.2352 18.6984 0.0349128 0.000832746 240.808 118.078 98.6804 0 26.1196 4.81375e-08 0 0.177453 0 0 0
q_reclas_q_pelaces
0.969388 1
M
1
N
 183341 43009.2 123794 8081.94 0.262499
 103206 60153.5 13584.5 38994.6 2545.48
 103967 30769.7 16724.1 3758.03 11488.6
 146679 31114.8 8598.21 4650.51 4238.52
 118362 38449.5 7287.55 1997.71 2064.37
 225354 38596.6 12045.5 2276.52 1268.73
 88721.2 66027.6 10484.9 3254.56 957.611
 38284 19410.9 12154.7 1906.47 765.391
 39663.2 12903.1 6354.54 3970.84 872.775
 55091.1 10412.1 3027.89 1479.3 1127.07
 104638 13066.4 2134.33 614.249 528.436
 141186 35001.8 4234.79 690.175 369.462
 116649 35087.1 7635.54 915.253 228.9
 81199.5 29781.9 7934.19 1711.72 256.373
 79363.3 16027 4779.6 1254.67 310.975
 465063 18889.8 3300.81 974.264 318.959
 90874.3 123561 4504.35 781.041 305.875
 708742 27285.4 34678.3 1258.1 303.505
 405789 212132 7625.67 9644.51 434.189
 307998 111896 53151.8 1897.67 2507.19
 461460 87201.1 29039.9 13708.9 1135.71
 612417 138867 24546.8 8135.78 4157.77
 120896 174728 36410.7 6397.47 3202.93
 373644 38295.3 52663 10935.3 2882.76
 309064 120232 11786.5 16157.3 4238.73
 138158 99413.9 36986.5 3614.32 6253.32
 321176 45574.1 31626.4 11736.1 3130.62
 364410 103264 14011.6 9692.39 4555.33
 101122 119695 32664.9 4420.29 4494.13
 71963.1 33555.3 38380.3 10448.4 2851.04
 281389 22737.5 10079.4 11487.3 3979.77
pred_Ctot
 12651.1 3893.14 11392.6 744.425 0.0241798
 12581.6 9501.54 2179.63 6261.87 408.78
 12463.6 4781.74 2640.13 593.753 1815.23
 27394.6 7411.8 2078.22 1124.92 1025.3
 8583.67 3654.87 704.242 193.22 199.677
 29539.3 6540.93 2073.26 392.156 218.563
 23701.5 22039.8 3546.13 1101.51 324.115
 2043.52 1364.05 868.607 136.363 54.7482
 7380.49 3062.84 1530.55 957.152 210.387
 12819.5 3054.56 900.596 440.313 335.487
 6047.53 993.188 164.969 47.5193 40.8826
 29891.5 9392.7 1152.58 187.985 100.636
 23240.9 8888.45 1962.24 235.387 58.8715
 25007.9 11336.4 3057.83 660.128 98.8744
 18343.8 4672.15 1412.69 371.11 91.9847
 83849.1 4350.81 771.505 227.894 74.612
 10735.7 18930.7 701.051 121.662 47.6478
 84924.3 4238.33 5471.95 198.683 47.9326
 65762 44114.7 1609.78 2037.58 91.7341
 45821.5 21431 10336.1 369.325 487.971
 53962.8 13228.2 4475.22 2114.39 175.174
 88706 25919.2 4652.19 1543.17 788.667
 10749.1 20286 4296.42 755.545 378.285
 29920.7 4012.58 5609.07 1165.72 307.32
 24815.4 12630.9 1258.65 1726.89 453.057
 9104.22 8599.94 3253.1 318.173 550.514
 25867.5 4802.29 3387.52 1258.15 335.629
 24910.4 9261.43 1277.63 884.564 415.756
 6316.91 9823.33 2725.8 369.188 375.372
 6500.21 3956.49 4599.28 1253.16 341.963
 27583.4 2904.25 1308.3 1492.3 517.033
F
 0.114451 0.152484 0.155198 0.155344 0.155351
 0.2102 0.280051 0.285036 0.285304 0.285318
 0.206391 0.274975 0.27987 0.280133 0.280147
 0.338897 0.451515 0.459552 0.459983 0.460006
 0.120587 0.160659 0.163519 0.163672 0.163681
 0.227599 0.303231 0.308629 0.308918 0.308934
 0.519667 0.692355 0.70468 0.705341 0.705375
 0.0875642 0.116662 0.118739 0.11885 0.118856
 0.33746 0.4496 0.457604 0.458033 0.458056
 0.438946 0.584811 0.595221 0.595779 0.595809
 0.0951044 0.126708 0.128964 0.129085 0.129091
 0.392241 0.522585 0.531888 0.532387 0.532413
 0.365271 0.486653 0.495316 0.49578 0.495805
 0.622637 0.829542 0.844309 0.845101 0.845142
 0.435413 0.580104 0.59043 0.590984 0.591013
 0.325435 0.433579 0.441297 0.441711 0.441732
 0.203124 0.270623 0.27544 0.275699 0.275712
 0.206284 0.274833 0.279726 0.279988 0.280002
 0.288264 0.384056 0.390893 0.391259 0.391279
 0.261875 0.348897 0.355108 0.355441 0.355459
 0.200881 0.267635 0.272399 0.272655 0.272668
 0.254184 0.338651 0.344679 0.345002 0.345019
 0.149602 0.199315 0.202863 0.203053 0.203063
 0.133879 0.178368 0.181543 0.181713 0.181722
 0.134257 0.178871 0.182055 0.182226 0.182235
 0.109059 0.1453 0.147886 0.148025 0.148032
 0.134696 0.179456 0.182651 0.182822 0.182831
 0.11333 0.15099 0.153678 0.153822 0.15383
 0.103133 0.137405 0.139851 0.139982 0.139989
 0.152139 0.202696 0.206304 0.206498 0.206508
 0.16604 0.221216 0.225154 0.225365 0.225376
nmprior
 8.19 8.8 8.5 0
nm_flota  nm_reclas  nm_pelaces    nm_pelaL
inf 13.1568 17.2797 40.6255
cv_recla  cv_pelaces  cv_mph
0.316395 0.490315 0.890557
 ------------------------------------------------
Talla a la edad & desviaci?n 
 8 13.2811 15.8009 17.003 17.5766
 0.8 1.32811 1.58009 1.7003 1.75766
