years
 1991 1992 1993 1994 1995 1996 1997 1998 1999 2000 2001 2002 2003 2004 2005 2006 2007 2008 2009 2010 2011 2012 2013 2014 2015 2016 2017 2018 2019 2020 2021
reclasobs
 0 0 0 0 0 0 0 0 0 252601 567819 844713 477998 351125 339783 2.1784e+06 2.13404e+06 4.81314e+06 1.55562e+06 2.62356e+06 3.21686e+06 3.843e+06 1.13348e+06 3.07943e+06 1.97215e+06 2.03268e+06 2.025e+06 2.42433e+06 2.27542e+06 1.05018e+06 2.36338e+06
reclaspred
 1.06685e+06 1.00324e+06 403764 120484 10929.4 484961 319854 73474.5 188459 104444 200106 485821 435841 183076 335374 644633 1.11649e+06 1.1608e+06 1.84706e+06 1.62915e+06 2.52649e+06 2.06674e+06 1.36645e+06 2.02875e+06 1.76543e+06 860121 1.20055e+06 2.2439e+06 2.7847e+06 1.2103e+06 496336
pelacesobs
 0 0 0 0 0 0 0 0 0 0 0 0 0 0 0 552880 188675 0 991730 2.46772e+06 1.41603e+06 1.21717e+06 2.29649e+06 1.80582e+06 0 1.4828e+06 1.56532e+06 1.57751e+06 1.42118e+06 867257 1.10002e+06
pelacespred
 361600 414415 179452 36009.5 1234.83 213824 100546 29270.7 77848.4 31173.5 89820.4 190784 174866 70265.3 161390 255788 444224 432811 911778 776804 1.06706e+06 989208 633019 1.04069e+06 909136 442416 672266 1.22621e+06 1.26365e+06 687871 240455
mphobs
 0 0 0 0 0 0 0 0 0 0 0 498337 0 5186 125008 0 168611 109162 213762 579715 649985 157893 87575 83554 0 0 0 0 0 0 0
mphpred
 407565 1.1076e+06 504988 127242 39861.1 958.928 491138 99823.3 26422.6 163063 27276.2 263019 425176 190420 85600.9 311507 654196 1.06714e+06 534968 1.91739e+06 1.20106e+06 1.98032e+06 1.49405e+06 788887 1.95806e+06 1.01077e+06 453129 1.11153e+06 2.62868e+06 1.54464e+06 587112
desembarqueobs
 494567 514787 250237 358949 120608 361735 552515 73892 212993 205616 52469 317467 293654 387597 252695 516296 358380 742168 942051 627588 828172 859565 418607 520667 417249 300574 407403 355545 319650 289779 391294
desembarquepred
 494057 521487 246185 358585 120358 361115 551372 73740.8 212649 205305 52413.6 317746 293068 386734 252254 514408 358575 741022 940996 626967 826810 858217 418013 520425 417132 300675 406905 355368 319584 289816 390659
Reclutas
 469928 4403.23 3646.67 81349.8 585.349 296519 2052.61 557.991 69127.9 2394.31 113317 191122 45587.9 57410.8 122171 326403 216371 88589.7 1.07644e+06 8512.46 602687 444858 1761.87 491434 82369.2 23239.6 368084 560706 21344.7 8366.06 52811.7
log_desv_Rt
 2.30199 -2.36826 -2.55678 0.548164 -4.38614 1.84152 -3.13148 -4.43401 0.385363 -2.9775 0.87959 1.40232 -0.0309532 0.199639 0.954823 1.93754 1.5264 0.633421 3.13082 -1.70906 2.5508 2.24716 -3.28422 2.34673 0.560617 -0.704736 2.05772 2.4786 -0.789793 -1.72641 0.116137
SSB
 407565 1.1076e+06 504988 127242 39861.1 958.928 491138 99823.3 26422.6 163063 27276.2 263019 425176 190420 85600.9 311507 654196 1.06714e+06 534968 1.91739e+06 1.20106e+06 1.98032e+06 1.49405e+06 788887 1.95806e+06 1.01077e+06 453129 1.11153e+06 2.62868e+06 1.54464e+06 587112
BT
 1.64037e+06 1.41531e+06 653231 466251 93844.8 1.30594e+06 723762 139868 534232 255219 429914 932210 727736 654840 930776 1.38988e+06 1.69276e+06 1.73703e+06 4.66028e+06 2.40528e+06 4.43363e+06 3.584e+06 1.84432e+06 4.50073e+06 2.61166e+06 1.38902e+06 3.09939e+06 4.81257e+06 3.20313e+06 1.92013e+06 1.09881e+06
Ftot
 0.43241 0.475546 0.552656 2.25121 4.25329 0.691231 1.37711 0.871797 1.02126 1.53032 0.248341 0.599564 0.608208 1.69659 0.693023 0.727295 0.301382 0.578806 0.475811 0.356879 0.307202 0.385671 0.285822 0.242566 0.222338 0.325567 0.319175 0.150583 0.109093 0.225148 0.706039
BD_Bspro_t
 0.933154 0.721128 0.450857 0.203267 0.0786375 0.00321687 0.482813 0.143496 0.0638166 0.305738 0.100102 0.610753 0.558615 0.321355 0.185258 0.436225 0.517719 0.593348 0.41635 0.655213 0.492604 0.607536 0.577031 0.483268 0.712783 0.620577 0.504012 0.720352 0.841632 0.75571 0.569452
BD_Bspro
 1.21262 3.29543 1.50248 0.378581 0.118598 0.00285308 1.46127 0.297002 0.0786145 0.485158 0.0811543 0.782555 1.26502 0.566554 0.254687 0.92682 1.94642 3.17503 1.59168 5.70477 3.57349 5.89202 4.44523 2.34716 5.82579 3.00733 1.34818 3.3071 7.82106 4.59574 1.74682
BD_Bo
 0.233233 0.633837 0.288985 0.0728157 0.0228109 0.000548756 0.281059 0.0571249 0.0151206 0.0933144 0.0156091 0.150515 0.243311 0.10897 0.048986 0.178263 0.374371 0.61068 0.306141 1.09725 0.68732 1.13326 0.854988 0.451449 1.12052 0.578425 0.259308 0.636082 1.50429 0.883936 0.335981
BD_Brms
 0.990071 2.69062 1.22673 0.309101 0.0968318 0.00232946 1.19309 0.242494 0.0641866 0.396118 0.0662602 0.638935 1.03285 0.462576 0.207944 0.756723 1.5892 2.59232 1.29956 4.65778 2.91766 4.81067 3.62941 1.91639 4.75659 2.4554 1.10076 2.70015 6.38567 3.75229 1.42623
Sel_flota
 0.5 1 1 1 1
 0.5 1 1 1 1
 0.5 1 1 1 1
 0.5 1 1 1 1
 0.5 1 1 1 1
 0.5 1 1 1 1
 0.5 1 1 1 1
 0.5 1 1 1 1
 0.5 1 1 1 1
 0.5 1 1 1 1
 0.5 1 1 1 1
 0.5 1 1 1 1
 0.5 1 1 1 1
 0.5 1 1 1 1
 0.5 1 1 1 1
 0.5 1 1 1 1
 0.5 1 1 1 1
 0.5 1 1 1 1
 0.5 1 1 1 1
 0.5 1 1 1 1
 0.5 1 1 1 1
 0.5 1 1 1 1
 0.5 1 1 1 1
 0.5 1 1 1 1
 0.5 1 1 1 1
 0.5 1 1 1 1
 0.5 1 1 1 1
 0.5 1 1 1 1
 0.5 1 1 1 1
 0.5 1 1 1 1
 0.5 1 1 1 1
Sel_reclas
 0.5 1 1 1 1
 0.5 1 1 1 1
 0.5 1 1 1 1
 0.5 1 1 1 1
 0.5 1 1 1 1
 0.5 1 1 1 1
 0.5 1 1 1 1
 0.5 1 1 1 1
 0.5 1 1 1 1
 0.5 1 1 1 1
 0.5 1 1 1 1
 0.5 1 1 1 1
 0.5 1 1 1 1
 0.5 1 1 1 1
 0.5 1 1 1 1
 0.5 1 1 1 1
 0.5 1 1 1 1
 0.5 1 1 1 1
 0.5 1 1 1 1
 0.5 1 1 1 1
 0.5 1 1 1 1
 0.5 1 1 1 1
 0.5 1 1 1 1
 0.5 1 1 1 1
 0.5 1 1 1 1
 0.5 1 1 1 1
 0.5 1 1 1 1
 0.5 1 1 1 1
 0.5 1 1 1 1
 0.5 1 1 1 1
 0.5 1 1 1 1
Sel_pelaces
 0.5 1 1 1 1
 0.5 1 1 1 1
 0.5 1 1 1 1
 0.5 1 1 1 1
 0.5 1 1 1 1
 0.5 1 1 1 1
 0.5 1 1 1 1
 0.5 1 1 1 1
 0.5 1 1 1 1
 0.5 1 1 1 1
 0.5 1 1 1 1
 0.5 1 1 1 1
 0.5 1 1 1 1
 0.5 1 1 1 1
 0.5 1 1 1 1
 0.5 1 1 1 1
 0.5 1 1 1 1
 0.5 1 1 1 1
 0.5 1 1 1 1
 0.5 1 1 1 1
 0.5 1 1 1 1
 0.5 1 1 1 1
 0.5 1 1 1 1
 0.5 1 1 1 1
 0.5 1 1 1 1
 0.5 1 1 1 1
 0.5 1 1 1 1
 0.5 1 1 1 1
 0.5 1 1 1 1
 0.5 1 1 1 1
 0.5 1 1 1 1
pf_obs 
 0.8446 0.082 0.0669 0.0065 0
 0.8095 0.147 0.0364 0.0071 0
 0.9664 0.0169 0.016 0.0007 0
 0.9276 0.0648 0.0075 0.0001 0
 0.7033 0.2144 0.0806 0.0017 0
 0.9318 0.0425 0.0243 0.0014 0
 0.5671 0.3108 0.0964 0.0239 0.0018
 0.0768 0.2599 0.5324 0.112 0.0189
 0.490249 0.384438 0.106611 0.0170017 0.00170017
 0.7925 0.1577 0.0466 0.003 0.0002
 0.840416 0.127587 0.0312969 0.00059994 9.999e-05
 0.8084 0.0986 0.0794 0.0134 0.0002
 0.7335 0.1905 0.0724 0.0035 0.0001
 0.4001 0.4547 0.1325 0.0127 0
 0.49795 0.308269 0.164784 0.0264974 0.00249975
 0.9179 0.0499 0.0305 0.0017 0
 0.2467 0.6533 0.0926 0.0074 0
 0.9418 0.0223 0.034 0.0019 0
 0.707729 0.231977 0.0356964 0.0245975 0
 0.517169 0.277429 0.184464 0.0207286 0.00020938
 0.811772 0.124168 0.05621 0.00726502 0.000585176
 0.764997 0.148141 0.077277 0.00933861 0.000247198
 0.163321 0.427699 0.378323 0.0303852 0.000271297
 0.753843 0.0900009 0.118128 0.0371064 0.000921714
 0.721811 0.176058 0.0630433 0.0369309 0.00215725
 0.143369 0.312575 0.442814 0.0836902 0.0175525
 0.692698 0.0596174 0.167031 0.0765114 0.00414204
 0.394062 0.376323 0.152708 0.0712218 0.00568511
 0.125707 0.32114 0.495352 0.0537591 0.00404204
 0.23352 0.215282 0.420074 0.123614 0.00750983
 0.774587 0.0839891 0.0768558 0.0609784 0.00358967
pf_pred 
 0.88646 0.0717711 0.0264031 0.00971316 0.00565283
 0.0161584 0.931525 0.0330702 0.0121659 0.00708024
 0.0549177 0.0345739 0.862092 0.0306052 0.0178115
 0.871453 0.0155596 0.0041334 0.103065 0.00578836
 0.0449785 0.924037 0.00375045 0.000996306 0.0262379
 0.999538 0.000151898 0.000300445 1.21943e-06 8.85503e-06
 0.0165351 0.983281 6.02639e-05 0.000119199 3.99695e-06
 0.0415982 0.0481676 0.910064 5.57765e-05 0.000114022
 0.969795 0.00309904 0.00136228 0.0257386 4.80227e-06
 0.0910244 0.898879 0.00103588 0.000455354 0.00860492
 0.973226 0.0066954 0.0198558 2.2882e-05 0.000200137
 0.741917 0.254828 0.000813969 0.00241389 2.71127e-05
 0.300428 0.611209 0.0872484 0.000278688 0.000835754
 0.60878 0.19909 0.167862 0.0239618 0.000306069
 0.867 0.112586 0.0103888 0.00875927 0.00126633
 0.847207 0.143896 0.00753156 0.000694969 0.000670673
 0.562246 0.408402 0.0276432 0.00144685 0.000262347
 0.347859 0.481053 0.159616 0.0108038 0.000668009
 0.931337 0.0384792 0.0222648 0.00738759 0.000530956
 0.0139854 0.955547 0.0170743 0.00987952 0.00351369
 0.789276 0.00645284 0.197959 0.00353726 0.00277465
 0.529512 0.419427 0.00156359 0.0479674 0.00152944
 0.00492979 0.713119 0.251352 0.000937018 0.0296622
 0.830637 0.00180852 0.120078 0.0423238 0.00515244
 0.19725 0.733215 0.000742519 0.0493 0.0194921
 0.136027 0.297451 0.51745 0.000524016 0.0485485
 0.874357 0.0323846 0.0321073 0.0558543 0.00529696
 0.701592 0.280121 0.00471336 0.004673 0.00890016
 0.0452623 0.79336 0.151489 0.00254897 0.00734032
 0.0498889 0.0847286 0.719108 0.137311 0.00896374
 0.525508 0.0479038 0.0380421 0.32287 0.0656753
pobs_RECLAS
 0 0 0 0 0
 0 0 0 0 0
 0 0 0 0 0
 0 0 0 0 0
 0 0 0 0 0
 0 0 0 0 0
 0 0 0 0 0
 0 0 0 0 0
 0 0 0 0 0
 0 0 0 0 0
 0.991045 0.00858322 0.000360255 1.14367e-05 0
 0.934742 0.0480273 0.0164251 0.00080598 0
 0.827803 0.169806 0.00239088 0 0
 0.941827 0.0461693 0.0120037 0 0
 0.791401 0.0380133 0.147996 0.0225897 0
 0.846168 0.0940531 0.0597789 0 0
 0.134021 0.677848 0.182769 0.00536245 0
 0.80878 0.0450904 0.141981 0.00414843 0
 0.846168 0.0940531 0.0597789 0 0
 0.905697 0.0802665 0.012482 0.00150086 5.37128e-05
 0.989698 0.0102097 9.19794e-05 0 0
 0.975433 0.0193895 0.00387452 0.00125025 5.28907e-05
 0.303575 0.632131 0.0575291 0.00676475 0
 0.966965 0.00978017 0.0227588 0.000495775 0
 0.843318 0.132988 0.00938335 0.0141283 0.000182051
 0.564624 0.303363 0.111486 0.0197234 0.00080311
 0.826376 0.0876187 0.0782897 0.00655872 0.00115652
 0.89761 0.0855135 0.0140674 0.00269457 0.000114338
 0.34875 0.467042 0.161289 0.0227151 0.000203297
 0.318654 0.224769 0.449479 0.00709798 0
 0.937255 0.0296025 0.0250945 0.00804832 0
ppred_RECLAS
 0.888773 0.0703091 0.0258653 0.0095153 0.00553768
 0.0165784 0.931128 0.0330561 0.0121607 0.00707722
 0.0565772 0.0345131 0.860578 0.0305515 0.0177803
 0.894666 0.0127499 0.00338701 0.0844543 0.00474312
 0.0778798 0.892203 0.00362124 0.000961983 0.025334
 0.999557 0.000145635 0.000288058 1.16916e-06 8.48995e-06
 0.0184071 0.98141 6.01492e-05 0.000118972 3.98934e-06
 0.0439505 0.0480494 0.907831 5.56396e-05 0.000113742
 0.971819 0.00289138 0.001271 0.0240138 4.48047e-06
 0.102112 0.887915 0.00102324 0.000449799 0.00849996
 0.973537 0.00661768 0.0196253 2.26164e-05 0.000197813
 0.748561 0.248268 0.000793015 0.00235175 2.64147e-05
 0.307973 0.604617 0.0863074 0.000275682 0.00082674
 0.643407 0.181469 0.153004 0.021841 0.000278979
 0.871798 0.108524 0.010014 0.00844325 0.00122064
 0.852947 0.13849 0.00724859 0.000668859 0.000645476
 0.56594 0.404955 0.0274099 0.00143464 0.000260133
 0.355484 0.475428 0.15775 0.0106775 0.000660198
 0.932988 0.0375542 0.0217295 0.00721 0.000518192
 0.0142409 0.955299 0.0170699 0.00987696 0.00351278
 0.79182 0.00637494 0.195569 0.00349456 0.00274115
 0.534532 0.414952 0.00154691 0.0474556 0.00151312
 0.00499953 0.713069 0.251334 0.000936953 0.0296601
 0.832273 0.00179105 0.118918 0.0419149 0.00510266
 0.198929 0.731682 0.000740966 0.0491969 0.0194514
 0.137973 0.296781 0.516285 0.000522836 0.0484392
 0.876112 0.0319321 0.0316587 0.055074 0.00522296
 0.703023 0.278778 0.00469076 0.00465059 0.00885749
 0.0454712 0.793186 0.151455 0.00254841 0.00733871
 0.0503996 0.0846831 0.718722 0.137237 0.00895892
 0.536295 0.0468148 0.0371773 0.31553 0.0641823
pobs_PELACES
 0 0 0 0 0
 0 0 0 0 0
 0 0 0 0 0
 0 0 0 0 0
 0 0 0 0 0
 0 0 0 0 0
 0 0 0 0 0
 0 0 0 0 0
 0 0 0 0 0
 0 0 0 0 0
 0 0 0 0 0
 0 0 0 0 0
 0 0 0 0 0
 0 0 0 0 0
 0 0 0 0 0
 0 0 0 0 0
 0.505614 0.472636 0.0217494 0 0
 0 0 0 0 0
 0.443492 0.261883 0.143347 0.151278 0
 0.227955 0.32914 0.350689 0.0885471 0.00366901
 0.970185 0.0296113 0.000203453 0 0
 0.997202 0.00247181 0.000326279 0 0
 0.445219 0.490057 0.0546422 0.010081 0
 0.90214 0.0892962 0.00764917 0.000914606 0
 0 0 0 0 0
 0.581667 0.319106 0.0959925 0.00289975 0.000334073
 0.762889 0.0836404 0.116647 0.0363945 0.000428098
 0.88444 0.0763242 0.0277011 0.0115352 0
 0.521256 0.241999 0.230069 0.00667565 0
 0.616807 0.101726 0.260614 0.0208532 0
 0.833518 0.0704572 0.0857862 0.0102388 0
ppred_PELACES
 0.895633 0.0659728 0.02427 0.00892844 0.00519615
 0.0179074 0.929869 0.0330114 0.0121442 0.00706766
 0.0616459 0.0343277 0.855954 0.0303874 0.0176847
 0.924893 0.00909114 0.00241506 0.060219 0.00338202
 0.145578 0.826702 0.00335539 0.000891358 0.0234741
 0.999604 0.000129943 0.000257021 1.04319e-06 7.57519e-06
 0.022995 0.976823 5.9868e-05 0.000118416 3.97069e-06
 0.0504072 0.0477249 0.9017 5.52638e-05 0.000112974
 0.976085 0.00245372 0.00107861 0.020379 3.80228e-06
 0.127698 0.862613 0.000994086 0.000436982 0.00825775
 0.974572 0.00635875 0.0188574 2.17315e-05 0.000190073
 0.766719 0.230339 0.000735744 0.00218191 2.45071e-05
 0.329763 0.58558 0.0835899 0.000267002 0.000800709
 0.704771 0.150241 0.126675 0.0180825 0.000230971
 0.884044 0.0981573 0.0090574 0.00763672 0.00110404
 0.867371 0.124906 0.00653761 0.000603254 0.000582164
 0.578113 0.393598 0.0266412 0.00139441 0.000252838
 0.377654 0.459074 0.152324 0.0103102 0.000637489
 0.937733 0.0348952 0.020191 0.0066995 0.000481502
 0.0150916 0.954475 0.0170552 0.00986843 0.00350975
 0.800052 0.00612286 0.187836 0.00335637 0.00263276
 0.550325 0.400873 0.00149442 0.0458455 0.00146178
 0.00523969 0.712897 0.251274 0.000936727 0.029653
 0.837786 0.00173218 0.115009 0.0405372 0.00493494
 0.20484 0.726283 0.000735498 0.0488339 0.0193078
 0.144487 0.294538 0.512383 0.000518885 0.0480731
 0.881716 0.0304878 0.0302267 0.0525829 0.00498671
 0.708184 0.273933 0.00460924 0.00456977 0.00870355
 0.0462589 0.792532 0.151331 0.00254631 0.00733266
 0.0522076 0.0845219 0.717353 0.136975 0.00894186
 0.565111 0.0439056 0.0348669 0.295922 0.0601938
pobs_pel_tallas
 0 0 0 0 0 0 0 0 0 0 0 0 0 0 0 0 0 0 0 0 0 0 0 0 0 0
 0 0 0 0 0 0 0 0 0 0 0 0 0 0 0 0 0 0 0 0 0 0 0 0 0 0
 0 0 0 0 0 0 0 0 0 0 0 0 0 0 0 0 0 0 0 0 0 0 0 0 0 0
 0 0 0 0 0 0 0 0 0 0 0 0 0 0 0 0 0 0 0 0 0 0 0 0 0 0
 0 0 0 0 0 0 0 0 0 0 0 0 0 0 0 0 0 0 0 0 0 0 0 0 0 0
 0 0 0 0 0 0 0 0 0 0 0 0 0 0 0 0 0 0 0 0 0 0 0 0 0 0
 0 0 0 0 0 0 0 0 0 0 0 0 0 0 0 0 0 0 0 0 0 0 0 0 0 0
 0 0 0 0 0 0 0 0 0 0 0 0 0 0 0 0 0 0 0 0 0 0 0 0 0 0
 0 0 0 0 0 0 0 0 0 0 0 0 0 0 0 0 0 0 0 0 0 0 0 0 0 0
 0 0 0 0 0 0 0 0 0 0 0 0 0 0 0 0 0 0 0 0 0 0 0 0 0 0
 0 0 0 0 0 0 0 0 0 0 0 0 0 0 0 0 0 0 0 0 0 0 0 0 0 0
 0 0 0 0 0 0 0 0 0 0 0 0 0 0 0 0 0 0 0 0 0 0 0 0 0 0
 0.00862536 0 0 0.000197151 0.00414017 0.0128641 0.00837892 0.0270097 0.101434 0.158115 0.152841 0.127902 0.109271 0.109419 0.0830992 0.0579132 0.0238553 0.00714673 0.00463305 0.00128148 0.00103504 0.000492878 0.000147863 0.000147863 4.92878e-05 0
 0 0 0 0 0 0 0 0 0 0 0 0 0 0 0 0 0 0 0 0 0 0 0 0 0 0
 0 0 0 0 0 0 0 0.0054083 0.00873648 0.0413646 0.0450493 0.0745869 0.0622846 0.0627006 0.0613931 0.0827291 0.12552 0.122667 0.0946155 0.0697135 0.0546179 0.0294188 0.0215738 0.0213955 0.0102223 0.00600262
 0 0 0 0 0.00359764 0.0251062 0.0480494 0.140153 0.205849 0.193036 0.1447 0.116669 0.0760912 0.0342217 0.00950174 0.001854 0.000860785 0 0 0 0.000165536 0 0.000143464 0 0 0
 0 0 0 0 0 0 0 0.000145254 0.000435761 0.0275982 0.070085 0.0708112 0.156366 0.174668 0.174014 0.160142 0.0824315 0.0480064 0.0283245 0.00493863 0.00203355 0 0 0 0 0
 0 0 0 0 0 0 0 0 0 0 0 0 0 0 0 0 0 0 0 0 0 0 0 0 0 0
 0 0 1.00437e-05 0.000401748 0.00122533 0.00171747 0.00176769 0.0269171 0.070346 0.194647 0.189555 0.159765 0.064822 0.0314167 0.0384472 0.0292271 0.0345202 0.0313363 0.0194345 0.0106764 0.0143323 0.0359363 0.0279516 0.0138201 0.00172751 0
 0 0.0021121 0.0136068 0.0755702 0.200478 0.177729 0.0527432 0.0373336 0.0318909 0.0142505 0.0149659 0.0166563 0.0217959 0.0798694 0.0677717 0.0528807 0.04013 0.0224614 0.0357745 0.0225083 0.00881397 0.00855152 0.00135912 0.000746735 0 0
 0 0 0 0 5.4009e-05 0.00500934 0.000945158 0.0243581 0.138947 0.33067 0.221406 0.137944 0.0707744 0.0437923 0.0131692 0.00525238 0.0047753 0.00276346 9.45158e-05 9.00151e-06 2.25038e-05 9.00151e-06 4.50075e-06 0 0 0
 0.000866109 0.00284123 0.00948549 0.0512746 0.133035 0.25785 0.225252 0.132002 0.0553304 0.0519788 0.0540692 0.017754 0.00435017 0.00159236 0.00146478 0.000404838 0.000125132 0.000115318 0.000107957 0.000100596 0 0 0 0 0 0
 0 0 0 0 0.00144013 0.00171154 0.00461396 0.0210425 0.0478622 0.0707936 0.0888783 0.103762 0.0637923 0.0337046 0.0602308 0.124433 0.169614 0.0934646 0.0462172 0.0250306 0.0313229 0.00938855 0.002487 0.000210481 0 0
 0 0.00764035 0.051015 0.0998891 0.058973 0.0496711 0.0374665 0.0718981 0.12319 0.153886 0.159021 0.0857701 0.0377988 0.023471 0.0147837 0.00900784 0.00315554 0.000888139 0.00291439 0.00214683 0.00393193 0.00274676 0.000635225 9.99891e-05 0 0
 0 0 0 0 0 0 0 0 0 0 0 0 0 0 0 0 0 0 0 0 0 0 0 0 0 0
 0 0 0 0 0 0 0 0 0 0 0 0 0 0 0 0 0 0 0 0 0 0 0 0 0 0
 0 0 0 0 0 0 0 0 0 0 0 0 0 0 0 0 0 0 0 0 0 0 0 0 0 0
 0 0 0 0 0 0 0 0 0 0 0 0 0 0 0 0 0 0 0 0 0 0 0 0 0 0
 0 0 0 0 0 0 0 0 0 0 0 0 0 0 0 0 0 0 0 0 0 0 0 0 0 0
 0 0 0 0 0 0 0 0 0 0 0 0 0 0 0 0 0 0 0 0 0 0 0 0 0 0
 0 0 0 0 0 0 0 0 0 0 0 0 0 0 0 0 0 0 0 0 0 0 0 0 0 0
ppred_pel_tallas
 1.02493e-16 7.37721e-05 0.000717091 0.00476532 0.0216625 0.0674 0.143603 0.209594 0.209601 0.143634 0.0675049 0.0219657 0.00552789 0.00238619 0.00325678 0.00530204 0.00771303 0.00987521 0.0112168 0.011481 0.0108666 0.00986569 0.00893156 0.00824193 0.00770193 0.00711195
 1.03605e-16 1.4752e-06 1.43396e-05 9.52957e-05 0.000433255 0.0013485 0.00287642 0.00421698 0.00430645 0.0033135 0.00281561 0.00466872 0.0107192 0.0231807 0.0439235 0.0724153 0.103856 0.129637 0.140984 0.133866 0.111462 0.0821349 0.0546039 0.0340121 0.0211211 0.0139934
 1.3075e-16 5.0777e-06 4.93571e-05 0.000327995 0.00149102 0.00463914 0.00988435 0.0144275 0.0144321 0.00990763 0.00472112 0.0017447 0.00102841 0.00178865 0.00392321 0.00807785 0.0153527 0.0270276 0.044118 0.0666407 0.0927964 0.118628 0.138739 0.148104 0.144163 0.127983
 1.06684e-16 7.61822e-05 0.000740518 0.004921 0.0223702 0.0696019 0.148294 0.21644 0.216441 0.148299 0.0696168 0.0224135 0.00503139 0.000986787 0.000560633 0.000853829 0.00134468 0.00197474 0.00277416 0.00383813 0.00529957 0.00723989 0.00957687 0.012007 0.0140577 0.0152411
 1.04371e-16 1.19912e-05 0.000116559 0.000774579 0.00352117 0.0109561 0.0233461 0.0340909 0.0341704 0.0237344 0.0122596 0.00728379 0.0102105 0.0206863 0.0389926 0.0642219 0.0919962 0.11461 0.124237 0.117308 0.0967367 0.0701195 0.0454055 0.0273204 0.0165731 0.0113163
 1.00009e-16 8.23361e-05 0.000800336 0.00531851 0.0241772 0.0752242 0.160273 0.233923 0.233923 0.160273 0.0752244 0.0241778 0.00532009 0.000803832 8.91453e-05 1.74849e-05 1.81511e-05 2.46039e-05 3.10168e-05 3.66074e-05 4.12334e-05 4.48056e-05 4.6878e-05 4.66772e-05 4.36074e-05 3.77918e-05
 1.00264e-16 1.89427e-06 1.84131e-05 0.000122366 0.000556315 0.00173141 0.00369242 0.00540888 0.0055028 0.00415124 0.00327135 0.00500127 0.0112688 0.0243144 0.0460364 0.0758209 0.108557 0.135114 0.146187 0.137498 0.112426 0.0799154 0.0493888 0.026543 0.0124124 0.00505941
 1.26058e-16 4.15199e-06 4.03588e-05 0.000268199 0.0012192 0.00379341 0.00808247 0.0117978 0.0118038 0.00811233 0.00389767 0.00153786 0.00113401 0.00214797 0.00464208 0.00931743 0.0172447 0.0296031 0.0472619 0.0700783 0.0960985 0.121223 0.139962 0.147321 0.140977 0.122431
 1.02077e-16 8.03988e-05 0.000781505 0.00519338 0.0236083 0.0734543 0.156502 0.22842 0.22842 0.156503 0.0734584 0.0236202 0.00522366 0.000849427 0.000215126 0.000244587 0.000385855 0.000580592 0.000840099 0.00119657 0.00168939 0.00233698 0.00310383 0.00388557 0.00452833 0.00487875
 1.01691e-16 1.05185e-05 0.000102244 0.000679449 0.00308873 0.00961062 0.0204795 0.0299078 0.0299908 0.0208847 0.0109706 0.00701423 0.0105234 0.02156 0.0406694 0.0669739 0.0959053 0.119403 0.129268 0.121739 0.0998211 0.0714225 0.0448565 0.0251215 0.0130724 0.00692437
 1.00581e-16 8.02742e-05 0.000780294 0.00518533 0.0235717 0.0733405 0.15626 0.228066 0.228066 0.156263 0.0733511 0.0236028 0.00526462 0.000957741 0.000430005 0.000616869 0.000957348 0.00136214 0.00179387 0.00222629 0.00263758 0.00299146 0.00322473 0.00326356 0.00306364 0.00264395
 1.00304e-16 6.31537e-05 0.000613876 0.00407943 0.0185445 0.0576989 0.122934 0.179431 0.179453 0.123043 0.0580621 0.0195928 0.00670825 0.00634432 0.0109219 0.0178922 0.0256185 0.0319015 0.0345489 0.0325559 0.0267214 0.0191512 0.0120567 0.00676511 0.00350212 0.00179599
 1.02725e-16 2.71622e-05 0.000264027 0.00175455 0.00797597 0.0248165 0.0528763 0.0771863 0.0772428 0.053152 0.0257424 0.01065 0.00846636 0.0149143 0.0278455 0.045976 0.0661873 0.0831361 0.0913689 0.0883278 0.0758448 0.0588635 0.0424799 0.0296175 0.0206696 0.0146142
 1.05547e-16 5.8051e-05 0.000564277 0.00374982 0.0170461 0.0530369 0.113001 0.164932 0.164947 0.113073 0.053278 0.0177446 0.00551102 0.00443562 0.00748847 0.0124915 0.0184624 0.0242033 0.0284999 0.0307418 0.0311811 0.0305582 0.02944 0.0278621 0.0255123 0.0221818
 1.0124e-16 7.28176e-05 0.000707813 0.00470367 0.0213822 0.066528 0.141745 0.206883 0.206893 0.141791 0.0666831 0.0218301 0.00582772 0.00316082 0.00472924 0.00769747 0.011069 0.0138958 0.0152681 0.0147747 0.0127492 0.0100476 0.00753737 0.00569258 0.00452875 0.00380121
 1.0038e-16 7.14442e-05 0.000694463 0.00461495 0.0209789 0.0652733 0.139072 0.202982 0.202994 0.139131 0.0654704 0.0215481 0.00604265 0.00380812 0.00597591 0.00974281 0.0139726 0.0174538 0.0190044 0.0180799 0.0150993 0.0111749 0.00746671 0.00466007 0.00286184 0.00182635
 1.01053e-16 4.76185e-05 0.000462869 0.00307593 0.0139827 0.0435057 0.0926949 0.135299 0.135337 0.09288 0.0441271 0.0157768 0.00757685 0.0102802 0.0186683 0.0307231 0.0441018 0.0551372 0.0601204 0.0573318 0.0480736 0.0358167 0.0241783 0.0152903 0.00948763 0.00602449
 1.05655e-16 3.1107e-05 0.000302371 0.00200936 0.0091343 0.0284204 0.0605544 0.0883902 0.0884346 0.0607713 0.0291492 0.0112407 0.00730304 0.0118792 0.0220777 0.0366052 0.0530868 0.0674957 0.0757022 0.0757287 0.0688241 0.058428 0.0479369 0.0390795 0.0318597 0.0255553
 1.01346e-16 7.72398e-05 0.000750799 0.00498932 0.0226807 0.0705682 0.150353 0.219445 0.219449 0.15037 0.0706239 0.022842 0.00539535 0.00164132 0.00178079 0.002854 0.00417954 0.00541532 0.00626729 0.00659903 0.00649598 0.00617748 0.00582973 0.00549983 0.00511801 0.00459716
 1.0232e-16 1.24328e-06 1.20852e-05 8.03147e-05 0.000365155 0.00113663 0.0024251 0.00355875 0.00365055 0.00287359 0.00264198 0.00471067 0.0109789 0.023773 0.045037 0.0742166 0.106357 0.132583 0.143855 0.136019 0.112363 0.0815488 0.0526455 0.0310559 0.0176497 0.0104609
 1.06205e-16 6.58992e-05 0.000640564 0.00425677 0.0193507 0.0602071 0.128278 0.187225 0.187226 0.128282 0.0602229 0.0193998 0.00439401 0.000986016 0.000856011 0.00165934 0.0031926 0.00569236 0.00938269 0.0142635 0.0199263 0.0254876 0.0297578 0.0316481 0.0306282 0.0269707
 1.04991e-16 4.53296e-05 0.00044062 0.00292808 0.0133106 0.0414146 0.0882395 0.128796 0.128835 0.0884279 0.0420469 0.0151363 0.00750726 0.0104261 0.0189783 0.0312238 0.0447961 0.0559767 0.0610351 0.058315 0.0492785 0.0375951 0.0270045 0.0195792 0.015385 0.0132786
 1.12546e-16 4.31736e-07 4.1967e-06 2.78919e-05 0.000126835 0.000394999 0.000844134 0.00124649 0.00131543 0.0011811 0.00152709 0.0033996 0.00825386 0.0179975 0.0342776 0.0569389 0.0826517 0.105238 0.11833 0.11889 0.10887 0.0935891 0.0782617 0.0654813 0.0551431 0.0460098
 1.0822e-16 6.90073e-05 0.000670776 0.00445754 0.0202633 0.0630468 0.134328 0.196055 0.196056 0.13433 0.0630535 0.0202854 0.00452232 0.000843629 0.000490016 0.000944639 0.00192752 0.00363376 0.00629525 0.0100096 0.0145912 0.0194893 0.0238575 0.0267952 0.0276638 0.026321
 1.08372e-16 1.68725e-05 0.000164007 0.00108989 0.00495452 0.0154157 0.0328474 0.0479564 0.0480263 0.0331887 0.0165612 0.00826117 0.00938325 0.0182463 0.0342943 0.0565044 0.0810206 0.101127 0.110029 0.104693 0.0877579 0.065909 0.046022 0.0320007 0.02412 0.0204101
 1.23049e-16 1.19012e-05 0.000115684 0.000768765 0.00349471 0.0108735 0.0231682 0.0338208 0.0338499 0.0233108 0.0113545 0.00489344 0.00431489 0.00797295 0.0152737 0.0261154 0.039673 0.0541607 0.0676067 0.0788682 0.0878803 0.0948512 0.0992368 0.0996095 0.0946177 0.0841566
 1.06998e-16 7.26258e-05 0.000705948 0.00469128 0.0213259 0.0663527 0.141372 0.206336 0.206339 0.141386 0.0664021 0.0214695 0.0050551 0.0015109 0.0016338 0.00267391 0.00405895 0.00557515 0.00707843 0.00855974 0.0101521 0.0119955 0.0140499 0.0160112 0.0174035 0.0177879
 1.02135e-16 5.83322e-05 0.00056701 0.00376798 0.0171287 0.053294 0.113549 0.165734 0.165761 0.113678 0.053726 0.018376 0.00689633 0.00738786 0.0129879 0.0213159 0.0305537 0.0381176 0.0414253 0.039306 0.0327257 0.0241862 0.0162873 0.0105481 0.00715614 0.00546572
 1.06066e-16 3.81045e-06 3.7039e-05 0.000246141 0.00111897 0.00348194 0.00742146 0.0108479 0.0109243 0.00779498 0.00473627 0.00474254 0.00934414 0.0199056 0.0377595 0.0624726 0.090115 0.11356 0.125499 0.122492 0.106948 0.0853768 0.0644179 0.0477731 0.0358175 0.0271642
 1.35973e-16 4.30029e-06 4.18004e-05 0.000277779 0.00126275 0.00392892 0.00837132 0.0122201 0.0122294 0.00841722 0.00408635 0.00173207 0.00151102 0.00291684 0.00600136 0.0113182 0.0195835 0.0314894 0.047554 0.0677694 0.0909888 0.114403 0.133743 0.144525 0.143861 0.131763
 1.40881e-16 4.65475e-05 0.000452458 0.00300674 0.0136682 0.0425269 0.0906083 0.132246 0.132251 0.0906298 0.0425998 0.0138812 0.00355097 0.00167439 0.00247316 0.00431277 0.00696448 0.0104979 0.0151951 0.021629 0.0305047 0.0421796 0.0560885 0.0704669 0.0826496 0.089896
pSPR Fmed_Fpbrs
0.478339   0.285572 0.285572
Fs Fmed_Fpbrs
0.520356   1.005 1.005
SSBpbr Bo_Bmed_Bpbrs
1.74746e+06  748503  411653 411653
Ro
47021
SPR SPRFo_SPRFmed_SPRFpbrs
336103 160771 95981.7
Fref
1.005
Nvult_r0
 39162 2250.66 1787.33 15169.4 3085.62
CTP_r0
 10217.9 931.431 739.681 6277.82 1276.98
YTP_r0
390659
Np
 159560 13649.6 499.359 396.558 3976.82
Nvult_p0
 124046 11811.6 432.115 343.158 3441.3
CTP_p0
 41486.4 5920.51 216.596 172.007 1724.94
YTP_p0
 476202
CBA_c0
416322
log_Ro
10.5784
likeval ReclasPelacesDesembMPH_pf_preclas_ppelaces_ptallas_desvR_qrecl_qpela
 60.9335 52.0998 2.5032 0.00213525 410.959 197.495 158.663 0 200.572 0 0 11.7356 0 0 0
q_reclas_q_pelaces
1 1
M
1
N
 469928 20709.5 7618.62 2802.73 1631.12
 4403.23 139265 4944.05 1818.81 1058.51
 3646.67 1277.07 31843.4 1130.48 657.911
 81349.8 1017.64 270.336 6740.76 378.575
 585.349 9709.98 39.4105 10.4694 275.714
 296519 25.6762 50.786 0.206129 1.49682
 2052.61 77207.4 4.73193 9.35948 0.313841
 557.991 379.294 7166.26 0.439209 0.897861
 69127.9 132.747 58.3532 1102.51 0.205704
 2394.31 15261.4 17.5875 7.73113 146.097
 113317 409.807 1215.32 1.40055 12.2498
 191122 36819 117.607 348.772 3.91739
 45587.9 52098.2 7436.88 23.7548 71.2379
 57410.8 12373.3 10432.5 1489.2 19.0219
 122171 9042.54 834.394 703.516 101.708
 326403 31782.2 1663.49 153.497 148.131
 216371 83469.7 5649.75 295.709 53.6189
 88589.7 68463.8 22716.7 1537.61 95.0716
 1.07644e+06 24400.7 14118.7 4684.67 336.694
 8512.46 312158 5577.84 3227.44 1147.85
 602687 2619.78 80369.2 1436.09 1126.48
 444858 190147 708.851 21746 693.369
 1761.87 134952 47566.3 177.323 5613.33
 491434 561.842 37303.9 13148.4 1600.67
 82369.2 160140 162.171 10767.5 4257.22
 23239.6 27113.8 47167.6 47.7661 4425.39
 368084 7265.05 7202.84 12530.2 1188.3
 560706 115437 1942.35 1925.72 3667.72
 21344.7 191312 36530.2 614.662 1770.06
 8366.06 7435.42 63105.8 12049.8 786.619
 52811.7 2750.02 2183.89 18535.1 3770.23
pred_Ctot
 58782.1 4759.22 1750.82 644.09 374.845
 600.528 34620.2 1229.06 452.145 263.138
 569.191 358.338 8935.08 317.206 184.606
 37936.5 677.347 179.937 4486.7 251.982
 380.672 7820.5 31.7416 8.43215 222.062
 56329.2 8.56023 16.9316 0.0687216 0.499027
 682.341 40576.3 2.48686 4.91887 0.164939
 129.092 149.479 2824.22 0.173092 0.353846
 18208.2 58.1854 25.5772 483.248 0.0901638
 860.24 8495 9.78974 4.30339 81.3221
 8449.55 58.1295 172.388 0.198662 1.73759
 32064.5 11013.3 35.1785 104.325 1.17177
 7745.32 15757.6 2249.35 7.18484 21.5465
 22199.1 7259.8 6121.07 873.766 11.1608
 23260.6 3020.55 278.719 235.001 33.9742
 64783.5 11003.3 575.917 53.1423 51.2845
 19369.6 14069.6 952.316 49.8445 9.03794
 14407 19923.5 6610.73 447.455 27.6665
 146883 6068.62 3511.41 1165.11 83.7379
 892.27 60963.9 1089.34 630.313 224.173
 54929.3 449.083 13776.9 246.174 193.1
 50099.8 39684.1 147.939 4538.44 144.708
 150.053 21705.9 7650.67 28.521 902.86
 35834.4 78.0213 5180.28 1825.89 222.281
 5528.14 20549.1 20.8099 1381.69 546.288
 2236.35 4890.24 8507.14 8.61508 798.162
 34770.4 1287.83 1276.8 2221.15 210.643
 25864.8 10326.9 173.762 172.274 328.112
 719.455 12610.6 2407.95 40.5165 116.676
 568.25 965.085 8190.86 1564.01 102.1
 10217.9 931.431 739.681 6277.82 1276.98
F
 0.216205 0.43241 0.43241 0.43241 0.43241
 0.237773 0.475546 0.475546 0.475546 0.475546
 0.276328 0.552656 0.552656 0.552656 0.552656
 1.1256 2.25121 2.25121 2.25121 2.25121
 2.12664 4.25329 4.25329 4.25329 4.25329
 0.345616 0.691231 0.691231 0.691231 0.691231
 0.688556 1.37711 1.37711 1.37711 1.37711
 0.435898 0.871797 0.871797 0.871797 0.871797
 0.510629 1.02126 1.02126 1.02126 1.02126
 0.765162 1.53032 1.53032 1.53032 1.53032
 0.124171 0.248341 0.248341 0.248341 0.248341
 0.299782 0.599564 0.599564 0.599564 0.599564
 0.304104 0.608208 0.608208 0.608208 0.608208
 0.848293 1.69659 1.69659 1.69659 1.69659
 0.346512 0.693023 0.693023 0.693023 0.693023
 0.363647 0.727295 0.727295 0.727295 0.727295
 0.150691 0.301382 0.301382 0.301382 0.301382
 0.289403 0.578806 0.578806 0.578806 0.578806
 0.237905 0.475811 0.475811 0.475811 0.475811
 0.17844 0.356879 0.356879 0.356879 0.356879
 0.153601 0.307202 0.307202 0.307202 0.307202
 0.192836 0.385671 0.385671 0.385671 0.385671
 0.142911 0.285822 0.285822 0.285822 0.285822
 0.121283 0.242566 0.242566 0.242566 0.242566
 0.111169 0.222338 0.222338 0.222338 0.222338
 0.162783 0.325567 0.325567 0.325567 0.325567
 0.159588 0.319175 0.319175 0.319175 0.319175
 0.0752914 0.150583 0.150583 0.150583 0.150583
 0.0545464 0.109093 0.109093 0.109093 0.109093
 0.112574 0.225148 0.225148 0.225148 0.225148
 0.35302 0.706039 0.706039 0.706039 0.706039
nmprior
 8.19 8.8 8.5 0
nm_flota  nm_reclas  nm_pelaces    nm_pelaL
inf 3.52879 2.32554 2.99558
cv_recla  cv_pelaces  cv_mph
0.706078 0.818446 1.42603
 ------------------------------------------------
Talla a la edad & desviaci?n 
 8 13.2811 15.8009 17.003 17.5766
 0.8 1.32811 1.58009 1.7003 1.75766
