years
 1991 1992 1993 1994 1995 1996 1997 1998 1999 2000 2001 2002 2003 2004 2005 2006 2007 2008 2009 2010 2011 2012 2013 2014 2015 2016 2017 2018 2019 2020 2021
reclasobs
 0 0 0 0 0 0 0 0 0 252601 567819 844713 477998 351125 339783 2.1784e+06 2.13404e+06 4.81314e+06 1.55562e+06 2.62356e+06 3.21686e+06 3.843e+06 1.13348e+06 3.07943e+06 1.97215e+06 2.03268e+06 2.025e+06 2.42433e+06 2.27542e+06 1.05018e+06 2.36338e+06
reclaspred
 3.39294e+06 1.93873e+06 988939 1.05299e+06 1.09425e+06 1.66915e+06 1.14673e+06 1.0329e+06 748147 546859 543532 659776 654968 534778 542369 1.23387e+06 1.2698e+06 2.6274e+06 2.19237e+06 1.64693e+06 2.92909e+06 2.38529e+06 1.9506e+06 2.99605e+06 2.25398e+06 2.00095e+06 2.32336e+06 2.4049e+06 2.01371e+06 1.32969e+06 1.98352e+06
pelacesobs
 0 0 0 0 0 0 0 0 0 0 0 0 0 0 0 552880 188675 0 991730 2.46772e+06 1.41603e+06 1.21717e+06 2.29649e+06 1.80582e+06 0 1.4828e+06 1.56532e+06 1.57751e+06 1.42118e+06 867257 1.10002e+06
pelacespred
 2.30538e+06 1.48131e+06 765453 610556 657395 998208 720554 732362 538831 375054 362633 369642 400160 347128 348772 630895 710377 1.54149e+06 1.42936e+06 1.02725e+06 1.65023e+06 1.52607e+06 1.27445e+06 1.97569e+06 1.54566e+06 1.35997e+06 1.69212e+06 1.72888e+06 1.29909e+06 975223 1.29814e+06
mphobs
 0 0 0 0 0 0 0 0 0 0 0 498337 0 5186 125008 0 168611 109162 213762 579715 649985 157893 87575 83554 0 0 0 0 0 0 0
mphpred
 509437 342906 175440 95929.8 115611 132817 173896 120574 103958 73283.8 48452.2 63181.2 67090.2 58561.6 42869.6 52730.7 142849 145806 259439 202202 216514 267690 255147 215912 298964 245387 203578 212674 287532 201952 133637
desembarqueobs
 494567 514787 250237 358949 120608 361735 552515 73892 212993 205616 52469 317467 293654 387597 252695 516296 358380 742168 942051 627588 828172 859565 418607 520667 417249 300574 407403 355545 319650 289779 391294
desembarquepred
 494574 513089 251155 358968 120611 361749 552573 73895.1 213034 205656 52471.1 317536 293712 387665 252704 516295 358409 742109 941955 627521 828256 859633 418627 520694 417258 300582 407412 355543 319655 289795 391301
Reclutas
 238610 137669 136374 277431 222602 352800 149250 71688.1 63005.9 79931.4 141063 178343 151121 106718 109754 539642 138852 815632 494236 369349 565540 754075 169081 491488 403897 188004 405084 444762 143370 108549 400126
log_desv_Rt
 0.0602652 -0.489711 -0.499163 0.211008 -0.00918139 0.451337 -0.40894 -1.14224 -1.27134 -1.0334 -0.465355 -0.230859 -0.396481 -0.744378 -0.716319 0.876341 -0.481156 1.2894 0.788449 0.497178 0.923217 1.21093 -0.284189 0.782873 0.586595 -0.1781 0.58953 0.682976 -0.449138 -0.727366 0.577216
SSB
 4.49061e+06 3.02266e+06 1.54647e+06 845605 1.01909e+06 1.17076e+06 1.53286e+06 1.06284e+06 916375 645984 427098 556931 591389 516211 377889 464812 1.25919e+06 1.28526e+06 2.28691e+06 1.78238e+06 1.90853e+06 2.35965e+06 2.24907e+06 1.90323e+06 2.63532e+06 2.16304e+06 1.79451e+06 1.87469e+06 2.53454e+06 1.78018e+06 1.17798e+06
BT
 5.92285e+06 4.04415e+06 2.08127e+06 1.88948e+06 1.76663e+06 2.95902e+06 2.27826e+06 1.92349e+06 1.56187e+06 1.14828e+06 1.0003e+06 1.24076e+06 1.31724e+06 1.32609e+06 1.20194e+06 2.19052e+06 2.09151e+06 4.90037e+06 4.63732e+06 3.17522e+06 5.08032e+06 4.76342e+06 3.56166e+06 5.81544e+06 4.28497e+06 3.70714e+06 4.9419e+06 4.99376e+06 3.45378e+06 2.66908e+06 3.89383e+06
Ftot
 0.0946475 0.169959 0.164058 0.22953 0.0738004 0.147462 0.30969 0.0476064 0.188053 0.24668 0.0666935 0.320019 0.297804 0.476527 0.317815 0.29252 0.185628 0.195853 0.284371 0.252789 0.190972 0.241665 0.140566 0.119913 0.123042 0.0995584 0.120335 0.102186 0.102859 0.142371 0.137165
BD_Bspro_t
 0.98497 0.887432 0.764516 0.692198 0.701026 0.763594 0.756434 0.637996 0.684616 0.652128 0.622281 0.75692 0.65185 0.573051 0.480623 0.532181 0.659851 0.651806 0.717304 0.634381 0.607379 0.653512 0.668409 0.667676 0.759571 0.765906 0.773682 0.801595 0.835664 0.783677 0.734187
BD_Bspro
 2.79646 1.88232 0.963046 0.526589 0.634627 0.729074 0.954571 0.661869 0.57066 0.402278 0.265969 0.346822 0.368279 0.321463 0.235325 0.289456 0.784145 0.800377 1.42414 1.10995 1.18851 1.46944 1.40058 1.18521 1.64111 1.34701 1.11751 1.16744 1.57835 1.10858 0.733574
BD_Bo
 1.93729 1.304 0.667162 0.364801 0.439646 0.505075 0.661291 0.458518 0.395332 0.278683 0.184254 0.240265 0.25513 0.222698 0.163024 0.200524 0.543226 0.554471 0.986593 0.768933 0.823358 1.01797 0.97027 0.821068 1.1369 0.933155 0.774167 0.808757 1.09342 0.767983 0.508192
BD_Brms
 13.1081 8.82318 4.51417 2.46833 2.97474 3.41745 4.47445 3.10244 2.67491 1.88563 1.2467 1.62569 1.72627 1.50682 1.10306 1.35679 3.67559 3.75168 6.67552 5.20278 5.57103 6.88783 6.56507 5.55554 7.69253 6.31394 5.23819 5.47223 7.39836 5.19635 3.43855
Sel_flota
 0.865449 1 1 1 1
 0.865449 1 1 1 1
 0.865449 1 1 1 1
 0.865449 1 1 1 1
 0.865449 1 1 1 1
 0.865449 1 1 1 1
 0.865449 1 1 1 1
 0.865449 1 1 1 1
 0.865449 1 1 1 1
 0.865449 1 1 1 1
 0.865449 1 1 1 1
 0.865449 1 1 1 1
 0.865449 1 1 1 1
 0.865449 1 1 1 1
 0.865449 1 1 1 1
 0.865449 1 1 1 1
 0.865449 1 1 1 1
 0.865449 1 1 1 1
 0.865449 1 1 1 1
 0.865449 1 1 1 1
 0.865449 1 1 1 1
 0.865449 1 1 1 1
 0.865449 1 1 1 1
 0.865449 1 1 1 1
 0.865449 1 1 1 1
 0.865449 1 1 1 1
 0.865449 1 1 1 1
 0.865449 1 1 1 1
 0.865449 1 1 1 1
 0.865449 1 1 1 1
 0.865449 1 1 1 1
Sel_reclas
 1 1 1 1 1
 1 1 1 1 1
 1 1 1 1 1
 1 1 1 1 1
 1 1 1 1 1
 1 1 1 1 1
 1 1 1 1 1
 1 1 1 1 1
 1 1 1 1 1
 1 1 1 1 1
 1 1 1 1 1
 1 1 1 1 1
 1 1 1 1 1
 1 1 1 1 1
 1 1 1 1 1
 1 1 1 1 1
 1 1 1 1 1
 1 1 1 1 1
 1 1 1 1 1
 1 1 1 1 1
 1 1 1 1 1
 1 1 1 1 1
 1 1 1 1 1
 1 1 1 1 1
 1 1 1 1 1
 1 1 1 1 1
 1 1 1 1 1
 1 1 1 1 1
 1 1 1 1 1
 1 1 1 1 1
 1 1 1 1 1
Sel_pelaces
 0.773724 0.945081 0.988585 0.997711 0.999544
 0.773724 0.945081 0.988585 0.997711 0.999544
 0.773724 0.945081 0.988585 0.997711 0.999544
 0.773724 0.945081 0.988585 0.997711 0.999544
 0.773724 0.945081 0.988585 0.997711 0.999544
 0.773724 0.945081 0.988585 0.997711 0.999544
 0.773724 0.945081 0.988585 0.997711 0.999544
 0.773724 0.945081 0.988585 0.997711 0.999544
 0.773724 0.945081 0.988585 0.997711 0.999544
 0.773724 0.945081 0.988585 0.997711 0.999544
 0.773724 0.945081 0.988585 0.997711 0.999544
 0.773724 0.945081 0.988585 0.997711 0.999544
 0.773724 0.945081 0.988585 0.997711 0.999544
 0.773724 0.945081 0.988585 0.997711 0.999544
 0.773724 0.945081 0.988585 0.997711 0.999544
 0.773724 0.945081 0.988585 0.997711 0.999544
 0.773724 0.945081 0.988585 0.997711 0.999544
 0.773724 0.945081 0.988585 0.997711 0.999544
 0.773724 0.945081 0.988585 0.997711 0.999544
 0.773724 0.945081 0.988585 0.997711 0.999544
 0.773724 0.945081 0.988585 0.997711 0.999544
 0.773724 0.945081 0.988585 0.997711 0.999544
 0.773724 0.945081 0.988585 0.997711 0.999544
 0.773724 0.945081 0.988585 0.997711 0.999544
 0.773724 0.945081 0.988585 0.997711 0.999544
 0.773724 0.945081 0.988585 0.997711 0.999544
 0.773724 0.945081 0.988585 0.997711 0.999544
 0.773724 0.945081 0.988585 0.997711 0.999544
 0.773724 0.945081 0.988585 0.997711 0.999544
 0.773724 0.945081 0.988585 0.997711 0.999544
 0.773724 0.945081 0.988585 0.997711 0.999544
pf_obs 
 0.8446 0.082 0.0669 0.0065 0
 0.8095 0.147 0.0364 0.0071 0
 0.9664 0.0169 0.016 0.0007 0
 0.9276 0.0648 0.0075 0.0001 0
 0.7033 0.2144 0.0806 0.0017 0
 0.9318 0.0425 0.0243 0.0014 0
 0.5671 0.3108 0.0964 0.0239 0.0018
 0.0768 0.2599 0.5324 0.112 0.0189
 0.490249 0.384438 0.106611 0.0170017 0.00170017
 0.7925 0.1577 0.0466 0.003 0.0002
 0.840416 0.127587 0.0312969 0.00059994 9.999e-05
 0.8084 0.0986 0.0794 0.0134 0.0002
 0.7335 0.1905 0.0724 0.0035 0.0001
 0.4001 0.4547 0.1325 0.0127 0
 0.49795 0.308269 0.164784 0.0264974 0.00249975
 0.9179 0.0499 0.0305 0.0017 0
 0.2467 0.6533 0.0926 0.0074 0
 0.9418 0.0223 0.034 0.0019 0
 0.707729 0.231977 0.0356964 0.0245975 0
 0.517169 0.277429 0.184464 0.0207286 0.00020938
 0.811772 0.124168 0.05621 0.00726502 0.000585176
 0.764997 0.148141 0.077277 0.00933861 0.000247198
 0.163321 0.427699 0.378323 0.0303852 0.000271297
 0.753843 0.0900009 0.118128 0.0371064 0.000921714
 0.721811 0.176058 0.0630433 0.0369309 0.00215725
 0.143369 0.312575 0.442814 0.0836902 0.0175525
 0.692698 0.0596174 0.167031 0.0765114 0.00414204
 0.394062 0.376323 0.152708 0.0712218 0.00568511
 0.125707 0.32114 0.495352 0.0537591 0.00404204
 0.23352 0.215282 0.420074 0.123614 0.00750983
 0.774587 0.0839891 0.0768558 0.0609784 0.00358967
pf_pred 
 0.430708 0.10912 0.43688 0.0232913 7.55484e-07
 0.410491 0.276069 0.0600791 0.240537 0.0128241
 0.55029 0.202017 0.115995 0.0252433 0.106454
 0.766841 0.13731 0.0430571 0.0247227 0.0280694
 0.647546 0.280099 0.0426106 0.0133617 0.0163827
 0.731814 0.182649 0.0679776 0.0103412 0.0072187
 0.466713 0.406019 0.0866755 0.0322586 0.00833302
 0.429898 0.290232 0.21308 0.0454875 0.0213026
 0.503858 0.231474 0.134739 0.0989218 0.0310071
 0.659259 0.185241 0.0725481 0.0422297 0.040722
 0.781962 0.151574 0.0361325 0.014151 0.0161803
 0.721025 0.224971 0.0375422 0.00894937 0.00751252
 0.668268 0.25013 0.0658056 0.0109814 0.00481523
 0.608195 0.276046 0.0872835 0.0229631 0.00551227
 0.707591 0.190379 0.0718848 0.0227293 0.00741521
 0.919814 0.0594629 0.0134923 0.00509452 0.00213637
 0.423156 0.537261 0.0293535 0.0066604 0.00356949
 0.883514 0.0538698 0.0583192 0.0031863 0.00111045
 0.60654 0.353727 0.0183746 0.0198922 0.00146558
 0.595454 0.261231 0.128843 0.0066928 0.00777941
 0.741876 0.163775 0.0609249 0.030049 0.00337524
 0.743033 0.198194 0.0372903 0.0138721 0.00761045
 0.336231 0.513148 0.116171 0.0218577 0.012592
 0.74297 0.0955686 0.124823 0.0282586 0.00837988
 0.624818 0.289367 0.0319077 0.041675 0.0122325
 0.447105 0.36504 0.144887 0.0159762 0.0269916
 0.729547 0.131173 0.0919574 0.0364985 0.010824
 0.686279 0.238068 0.0366925 0.025723 0.0132374
 0.37436 0.449314 0.133805 0.0206229 0.0218975
 0.446285 0.227435 0.234324 0.0697813 0.022175
 0.827399 0.0837193 0.0365077 0.0376134 0.0147607
pobs_RECLAS
 0 0 0 0 0
 0 0 0 0 0
 0 0 0 0 0
 0 0 0 0 0
 0 0 0 0 0
 0 0 0 0 0
 0 0 0 0 0
 0 0 0 0 0
 0 0 0 0 0
 0 0 0 0 0
 0.991045 0.00858322 0.000360255 1.14367e-05 0
 0.934742 0.0480273 0.0164251 0.00080598 0
 0.827803 0.169806 0.00239088 0 0
 0.941827 0.0461693 0.0120037 0 0
 0.791401 0.0380133 0.147996 0.0225897 0
 0.846168 0.0940531 0.0597789 0 0
 0.134021 0.677848 0.182769 0.00536245 0
 0.80878 0.0450904 0.141981 0.00414843 0
 0.846168 0.0940531 0.0597789 0 0
 0.905697 0.0802665 0.012482 0.00150086 5.37128e-05
 0.989698 0.0102097 9.19794e-05 0 0
 0.975433 0.0193895 0.00387452 0.00125025 5.28907e-05
 0.303575 0.632131 0.0575291 0.00676475 0
 0.966965 0.00978017 0.0227588 0.000495775 0
 0.843318 0.132988 0.00938335 0.0141283 0.000182051
 0.564624 0.303363 0.111486 0.0197234 0.00080311
 0.826376 0.0876187 0.0782897 0.00655872 0.00115652
 0.89761 0.0855135 0.0140674 0.00269457 0.000114338
 0.34875 0.467042 0.161289 0.0227151 0.000203297
 0.318654 0.224769 0.449479 0.00709798 0
 0.937255 0.0296025 0.0250945 0.00804832 0
ppred_RECLAS
 0.466718 0.102218 0.409245 0.0218181 7.07696e-07
 0.44639 0.259258 0.0564205 0.225889 0.0120432
 0.586236 0.18587 0.106724 0.0232255 0.0979449
 0.79218 0.122387 0.0383778 0.0220359 0.0250189
 0.679972 0.254329 0.0386904 0.0121324 0.0148755
 0.759546 0.163762 0.0609482 0.00927188 0.00647224
 0.50388 0.377723 0.0806348 0.0300104 0.00775227
 0.465751 0.27198 0.19968 0.0426269 0.0199629
 0.540501 0.214378 0.124788 0.0916157 0.028717
 0.691645 0.167635 0.0656528 0.038216 0.0368516
 0.805718 0.13506 0.0321958 0.0126092 0.0144174
 0.749997 0.201608 0.0336435 0.00801999 0.00673235
 0.700363 0.22593 0.059439 0.00991894 0.00434936
 0.643755 0.250992 0.0793616 0.0208789 0.00501198
 0.737442 0.170944 0.0645463 0.020409 0.00665822
 0.930111 0.051827 0.0117597 0.00444032 0.00186203
 0.459356 0.503545 0.0275114 0.00624243 0.00334548
 0.897815 0.0472561 0.0511592 0.00279511 0.000974113
 0.64135 0.322432 0.0167489 0.0181323 0.00133592
 0.630528 0.238582 0.117672 0.00611253 0.00710494
 0.769008 0.14656 0.0545211 0.0268905 0.00302047
 0.770218 0.177227 0.0333454 0.0124046 0.00680534
 0.369612 0.487342 0.110329 0.0207584 0.0119587
 0.769844 0.0855761 0.111772 0.0253039 0.00750369
 0.658375 0.263485 0.0290537 0.0379474 0.0111384
 0.483339 0.341118 0.135392 0.0149292 0.0252227
 0.757368 0.117679 0.0824979 0.0327439 0.00971059
 0.716774 0.214927 0.0331258 0.0232226 0.0119506
 0.40907 0.424387 0.126382 0.0194787 0.0206826
 0.482653 0.212497 0.218933 0.065198 0.0207185
 0.847291 0.0740707 0.0323002 0.0332785 0.0130595
pobs_PELACES
 0 0 0 0 0
 0 0 0 0 0
 0 0 0 0 0
 0 0 0 0 0
 0 0 0 0 0
 0 0 0 0 0
 0 0 0 0 0
 0 0 0 0 0
 0 0 0 0 0
 0 0 0 0 0
 0 0 0 0 0
 0 0 0 0 0
 0 0 0 0 0
 0 0 0 0 0
 0 0 0 0 0
 0 0 0 0 0
 0.505614 0.472636 0.0217494 0 0
 0 0 0 0 0
 0.443492 0.261883 0.143347 0.151278 0
 0.227955 0.32914 0.350689 0.0885471 0.00366901
 0.970185 0.0296113 0.000203453 0 0
 0.997202 0.00247181 0.000326279 0 0
 0.445219 0.490057 0.0546422 0.010081 0
 0.90214 0.0892962 0.00764917 0.000914606 0
 0 0 0 0 0
 0.581667 0.319106 0.0959925 0.00289975 0.000334073
 0.762889 0.0836404 0.116647 0.0363945 0.000428098
 0.88444 0.0763242 0.0277011 0.0115352 0
 0.521256 0.241999 0.230069 0.00667565 0
 0.616807 0.101726 0.260614 0.0208532 0
 0.833518 0.0704572 0.0857862 0.0102388 0
ppred_PELACES
 0.409486 0.109086 0.456847 0.0245807 7.98769e-07
 0.392685 0.276482 0.0629386 0.254311 0.0135834
 0.531812 0.204462 0.122803 0.0269716 0.113951
 0.75531 0.141089 0.0462789 0.0268179 0.0305041
 0.633338 0.288403 0.0458936 0.014524 0.0178405
 0.71939 0.188218 0.0732749 0.01125 0.0078675
 0.45451 0.410487 0.0916631 0.0344297 0.00891022
 0.41128 0.292742 0.224816 0.048436 0.0227251
 0.485957 0.233474 0.142159 0.105333 0.0330773
 0.644604 0.188755 0.0773274 0.0454272 0.0438859
 0.770287 0.15725 0.0392111 0.0154985 0.0177536
 0.711619 0.23036 0.0402111 0.00967408 0.00813579
 0.657112 0.255523 0.0703191 0.0118429 0.00520254
 0.598346 0.278988 0.0922743 0.0245002 0.00589206
 0.696315 0.194395 0.07678 0.0245013 0.00800798
 0.915953 0.061537 0.0146057 0.00556583 0.00233829
 0.411423 0.546363 0.0312249 0.00715043 0.00383915
 0.87621 0.0558451 0.0632405 0.00348707 0.0012175
 0.595954 0.361373 0.0196358 0.0214538 0.00158355
 0.581541 0.26578 0.13712 0.00718854 0.00837099
 0.72972 0.168439 0.0655443 0.0326257 0.00367141
 0.732803 0.203763 0.040103 0.0150562 0.0082752
 0.323307 0.517457 0.122539 0.0232686 0.0134295
 0.727663 0.0982766 0.134269 0.0306776 0.00911393
 0.610535 0.296827 0.0342369 0.04513 0.013271
 0.430784 0.369721 0.1535 0.0170822 0.0289132
 0.714724 0.134925 0.0989422 0.0396333 0.0117753
 0.67276 0.24529 0.0395459 0.0279792 0.0144249
 0.359646 0.453668 0.141321 0.0219823 0.0233838
 0.427625 0.228517 0.246276 0.0740176 0.0235644
 0.816543 0.0866623 0.0395307 0.0411039 0.0161601
pobs_pel_tallas
 0 0 0 0 0 0 0 0 0 0 0 0 0 0 0 0 0 0 0 0 0 0 0 0 0 0
 0 0 0 0 0 0 0 0 0 0 0 0 0 0 0 0 0 0 0 0 0 0 0 0 0 0
 0 0 0 0 0 0 0 0 0 0 0 0 0 0 0 0 0 0 0 0 0 0 0 0 0 0
 0 0 0 0 0 0 0 0 0 0 0 0 0 0 0 0 0 0 0 0 0 0 0 0 0 0
 0 0 0 0 0 0 0 0 0 0 0 0 0 0 0 0 0 0 0 0 0 0 0 0 0 0
 0 0 0 0 0 0 0 0 0 0 0 0 0 0 0 0 0 0 0 0 0 0 0 0 0 0
 0 0 0 0 0 0 0 0 0 0 0 0 0 0 0 0 0 0 0 0 0 0 0 0 0 0
 0 0 0 0 0 0 0 0 0 0 0 0 0 0 0 0 0 0 0 0 0 0 0 0 0 0
 0 0 0 0 0 0 0 0 0 0 0 0 0 0 0 0 0 0 0 0 0 0 0 0 0 0
 0 0 0 0 0 0 0 0 0 0 0 0 0 0 0 0 0 0 0 0 0 0 0 0 0 0
 0 0 0 0 0 0 0 0 0 0 0 0 0 0 0 0 0 0 0 0 0 0 0 0 0 0
 0 0 0 0 0 0 0 0 0 0 0 0 0 0 0 0 0 0 0 0 0 0 0 0 0 0
 0.00862536 0 0 0.000197151 0.00414017 0.0128641 0.00837892 0.0270097 0.101434 0.158115 0.152841 0.127902 0.109271 0.109419 0.0830992 0.0579132 0.0238553 0.00714673 0.00463305 0.00128148 0.00103504 0.000492878 0.000147863 0.000147863 4.92878e-05 0
 0 0 0 0 0 0 0 0 0 0 0 0 0 0 0 0 0 0 0 0 0 0 0 0 0 0
 0 0 0 0 0 0 0 0.0054083 0.00873648 0.0413646 0.0450493 0.0745869 0.0622846 0.0627006 0.0613931 0.0827291 0.12552 0.122667 0.0946155 0.0697135 0.0546179 0.0294188 0.0215738 0.0213955 0.0102223 0.00600262
 0 0 0 0 0.00359764 0.0251062 0.0480494 0.140153 0.205849 0.193036 0.1447 0.116669 0.0760912 0.0342217 0.00950174 0.001854 0.000860785 0 0 0 0.000165536 0 0.000143464 0 0 0
 0 0 0 0 0 0 0 0.000145254 0.000435761 0.0275982 0.070085 0.0708112 0.156366 0.174668 0.174014 0.160142 0.0824315 0.0480064 0.0283245 0.00493863 0.00203355 0 0 0 0 0
 0 0 0 0 0 0 0 0 0 0 0 0 0 0 0 0 0 0 0 0 0 0 0 0 0 0
 0 0 1.00437e-05 0.000401748 0.00122533 0.00171747 0.00176769 0.0269171 0.070346 0.194647 0.189555 0.159765 0.064822 0.0314167 0.0384472 0.0292271 0.0345202 0.0313363 0.0194345 0.0106764 0.0143323 0.0359363 0.0279516 0.0138201 0.00172751 0
 0 0.0021121 0.0136068 0.0755702 0.200478 0.177729 0.0527432 0.0373336 0.0318909 0.0142505 0.0149659 0.0166563 0.0217959 0.0798694 0.0677717 0.0528807 0.04013 0.0224614 0.0357745 0.0225083 0.00881397 0.00855152 0.00135912 0.000746735 0 0
 0 0 0 0 5.4009e-05 0.00500934 0.000945158 0.0243581 0.138947 0.33067 0.221406 0.137944 0.0707744 0.0437923 0.0131692 0.00525238 0.0047753 0.00276346 9.45158e-05 9.00151e-06 2.25038e-05 9.00151e-06 4.50075e-06 0 0 0
 0.000866109 0.00284123 0.00948549 0.0512746 0.133035 0.25785 0.225252 0.132002 0.0553304 0.0519788 0.0540692 0.017754 0.00435017 0.00159236 0.00146478 0.000404838 0.000125132 0.000115318 0.000107957 0.000100596 0 0 0 0 0 0
 0 0 0 0 0.00144013 0.00171154 0.00461396 0.0210425 0.0478622 0.0707936 0.0888783 0.103762 0.0637923 0.0337046 0.0602308 0.124433 0.169614 0.0934646 0.0462172 0.0250306 0.0313229 0.00938855 0.002487 0.000210481 0 0
 0 0.00764035 0.051015 0.0998891 0.058973 0.0496711 0.0374665 0.0718981 0.12319 0.153886 0.159021 0.0857701 0.0377988 0.023471 0.0147837 0.00900784 0.00315554 0.000888139 0.00291439 0.00214683 0.00393193 0.00274676 0.000635225 9.99891e-05 0 0
 0 0 0 0 0 0 0 0 0 0 0 0 0 0 0 0 0 0 0 0 0 0 0 0 0 0
 0 0 0 0 0 0 0 0 0 0 0 0 0 0 0 0 0 0 0 0 0 0 0 0 0 0
 0 0 0 0 0 0 0 0 0 0 0 0 0 0 0 0 0 0 0 0 0 0 0 0 0 0
 0 0 0 0 0 0 0 0 0 0 0 0 0 0 0 0 0 0 0 0 0 0 0 0 0 0
 0 0 0 0 0 0 0 0 0 0 0 0 0 0 0 0 0 0 0 0 0 0 0 0 0 0
 0 0 0 0 0 0 0 0 0 0 0 0 0 0 0 0 0 0 0 0 0 0 0 0 0 0
 0 0 0 0 0 0 0 0 0 0 0 0 0 0 0 0 0 0 0 0 0 0 0 0 0 0
ppred_pel_tallas
 1.15677e-16 3.37289e-05 0.000327857 0.00217872 0.00990416 0.0308156 0.0656563 0.0958296 0.0958408 0.0657113 0.0310024 0.0104527 0.00358851 0.00351445 0.00640438 0.0113635 0.0182915 0.0269993 0.0371625 0.0483883 0.0600207 0.0707621 0.0785866 0.0813248 0.077704 0.0681362
 1.2969e-16 3.2345e-05 0.000314405 0.00208933 0.00949781 0.0295514 0.0629633 0.0919024 0.0919292 0.0630942 0.0299913 0.0107703 0.00529104 0.00732998 0.0134379 0.0223931 0.0328331 0.0426114 0.0496816 0.0534056 0.0550427 0.0568506 0.0604304 0.0655832 0.0704314 0.072542
 1.25585e-16 4.38047e-05 0.000425797 0.00282957 0.0128628 0.0400212 0.08527 0.124458 0.124478 0.0853673 0.0403481 0.0138096 0.00521512 0.00566364 0.0100819 0.0168408 0.0248416 0.0325157 0.0383352 0.0417289 0.0434437 0.0449455 0.0473221 0.0505494 0.0535805 0.0550213
 1.09224e-16 6.22139e-05 0.000604741 0.00401872 0.0182685 0.0568402 0.121105 0.176759 0.176772 0.121171 0.0570645 0.018917 0.00564931 0.00417401 0.00687013 0.0113382 0.0165194 0.0211962 0.0241903 0.0250128 0.024163 0.0227579 0.0217833 0.02155 0.0216863 0.0215268
 1.05874e-16 5.21673e-05 0.000507085 0.00336976 0.0153185 0.0476615 0.101549 0.14822 0.148247 0.101685 0.0481179 0.0166367 0.00667936 0.00773437 0.0137855 0.0227279 0.0327857 0.0413423 0.0457723 0.0448864 0.0396428 0.0324855 0.0258556 0.0210323 0.0179757 0.0159303
 1.04623e-16 5.92552e-05 0.000575982 0.0038276 0.0173997 0.0541371 0.115346 0.168354 0.168372 0.115435 0.0544363 0.0182649 0.00600291 0.00533675 0.00913623 0.0151028 0.021967 0.0280773 0.0317797 0.032296 0.0301434 0.026692 0.0232448 0.0203851 0.0179838 0.015645
 1.07711e-16 3.74374e-05 0.000363905 0.00241828 0.0109932 0.0342041 0.0728768 0.106374 0.106414 0.0730705 0.0348544 0.0128725 0.00713863 0.0106786 0.0196569 0.032517 0.047027 0.0595404 0.0663594 0.0657848 0.0591 0.0496217 0.0406162 0.033725 0.0288246 0.0249308
 1.15266e-16 3.38767e-05 0.000329293 0.00218827 0.00994758 0.0309508 0.065945 0.0962546 0.0962831 0.0660844 0.03142 0.0113067 0.00561454 0.00785762 0.014475 0.0242529 0.0358167 0.046897 0.0551623 0.0595001 0.0605309 0.0598496 0.0586714 0.0570531 0.0542008 0.0493744
 1.20324e-16 4.00277e-05 0.000389084 0.0025856 0.0117538 0.0365705 0.077918 0.113728 0.113751 0.0780291 0.036944 0.0128356 0.00531197 0.0063768 0.0115195 0.0192685 0.0284438 0.0372618 0.0439569 0.0478143 0.0495628 0.0506931 0.0522486 0.0540779 0.055046 0.0538726
 1.14263e-16 5.30952e-05 0.000516105 0.0034297 0.0155909 0.0485092 0.103355 0.150853 0.150871 0.103444 0.0488098 0.0164605 0.00561772 0.0053102 0.00921095 0.0152861 0.0223603 0.0288725 0.0332938 0.0349985 0.0346414 0.0336461 0.0332048 0.0335813 0.0341458 0.0339379
 1.05731e-16 6.34475e-05 0.000616732 0.0040984 0.0186308 0.0579673 0.123506 0.180264 0.180279 0.12358 0.0582167 0.0193514 0.00590914 0.00457537 0.00759899 0.012509 0.0181264 0.0230407 0.0258668 0.0259914 0.023936 0.020977 0.0183322 0.0165495 0.0154609 0.0145526
 1.03567e-16 5.86152e-05 0.00056976 0.00378626 0.0172118 0.0535524 0.1141 0.166537 0.166559 0.114208 0.053917 0.018265 0.00643053 0.00634454 0.0110329 0.0181651 0.0262057 0.0330482 0.0365864 0.0358522 0.0315844 0.0257058 0.020148 0.0159414 0.0130987 0.0110912
 1.04163e-16 5.41255e-05 0.000526119 0.00349625 0.0158935 0.0494506 0.105361 0.153782 0.153807 0.105481 0.0498558 0.0170645 0.00643842 0.00695763 0.0122943 0.020306 0.0294019 0.0372984 0.0416928 0.0415071 0.0374926 0.0316459 0.0259371 0.0213646 0.0178909 0.0150009
 1.06189e-16 4.9285e-05 0.000479068 0.00318357 0.0144721 0.0450282 0.0959383 0.14003 0.140057 0.0960701 0.0454712 0.0157528 0.00640253 0.00752032 0.0134638 0.0222905 0.0323638 0.0412416 0.0464553 0.0468539 0.0432407 0.0377189 0.0323078 0.0279421 0.0244519 0.0212146
 1.06078e-16 5.73546e-05 0.000557507 0.00370483 0.0168416 0.0524007 0.111646 0.162954 0.162973 0.111738 0.0527099 0.0177357 0.00595312 0.00547929 0.00944536 0.0156314 0.0227644 0.0291611 0.0331384 0.03392 0.032058 0.0289628 0.0259398 0.0235145 0.0214544 0.0192584
 1.01392e-16 7.54459e-05 0.000733361 0.00487344 0.022154 0.0689292 0.146861 0.214349 0.214355 0.14689 0.0690267 0.0224358 0.00558148 0.00228082 0.00301974 0.00488711 0.00706675 0.00895934 0.01001 0.00996705 0.00902394 0.00767544 0.00640442 0.00544657 0.00477161 0.00422167
 1.02408e-16 3.38885e-05 0.000329408 0.00218904 0.00995107 0.0309618 0.0659692 0.096295 0.0963476 0.0662261 0.0318242 0.012441 0.00843549 0.0139533 0.0258723 0.0426246 0.0611786 0.07647 0.0833594 0.0794784 0.0666652 0.0497737 0.0338497 0.0218464 0.0141822 0.00974223
 1.02396e-16 7.21723e-05 0.00070154 0.00466198 0.0211927 0.0659383 0.140489 0.205049 0.205054 0.140516 0.0660285 0.021454 0.00532214 0.0021563 0.00287486 0.00474208 0.00706458 0.00938276 0.0112618 0.0124716 0.0130654 0.0132389 0.0131045 0.0125954 0.01157 0.00999318
 1.03079e-16 4.9088e-05 0.000477153 0.00317085 0.0144143 0.0448483 0.0955553 0.139473 0.139508 0.0957252 0.0454188 0.0160615 0.0073035 0.00949176 0.0171492 0.0282211 0.040529 0.050721 0.0554243 0.0531054 0.0450077 0.034346 0.0244218 0.017105 0.012555 0.00991792
 1.06163e-16 4.79008e-05 0.000465613 0.00309416 0.0140656 0.0437635 0.0932438 0.136097 0.136123 0.0933698 0.044187 0.0152908 0.0061769 0.00721963 0.0129462 0.021512 0.0314139 0.040395 0.0461502 0.0475589 0.045251 0.0409864 0.0364053 0.032191 0.0281559 0.023889
 1.05828e-16 6.01061e-05 0.000584253 0.00388256 0.0176496 0.0549145 0.117002 0.170771 0.170787 0.117081 0.0551824 0.0184244 0.00583118 0.00485053 0.00819945 0.0135579 0.0197566 0.0253382 0.0288584 0.0296608 0.0282368 0.0258081 0.0234835 0.0216711 0.0201073 0.0183011
 1.0412e-16 6.036e-05 0.000586721 0.00389897 0.0177242 0.0551465 0.117496 0.171493 0.171513 0.117592 0.0554692 0.0186564 0.00624021 0.00570141 0.00978526 0.0161114 0.0232749 0.0294241 0.0327156 0.0323098 0.0288628 0.0240551 0.0195486 0.0161891 0.0139201 0.0122242
 1.08275e-16 2.66304e-05 0.000258857 0.0017202 0.00781982 0.0243306 0.0518408 0.0756736 0.0757236 0.0520849 0.0251506 0.0101891 0.00767137 0.0132632 0.0247622 0.0409943 0.0592839 0.0750391 0.0835763 0.0827164 0.0740333 0.0616756 0.0497658 0.0404366 0.0336517 0.0283116
 1.08519e-16 5.99367e-05 0.000582606 0.00387162 0.0175998 0.0547597 0.116672 0.170288 0.170297 0.116719 0.0549192 0.0180631 0.00504422 0.00317432 0.00507595 0.0085428 0.0128773 0.0174054 0.0214573 0.0246974 0.0272232 0.029278 0.030845 0.0315152 0.0307493 0.0282834
 1.07836e-16 5.0289e-05 0.000488827 0.00324843 0.0147669 0.0459455 0.0978928 0.142883 0.142912 0.0980326 0.046415 0.0161229 0.00665259 0.00792165 0.0141718 0.0233658 0.033701 0.042498 0.0470837 0.0462852 0.0411561 0.0342699 0.028148 0.024032 0.0217204 0.0202351
 1.11131e-16 3.54832e-05 0.000344909 0.00229204 0.0104193 0.0324185 0.0690725 0.100821 0.100857 0.0692475 0.0330066 0.0121199 0.00656872 0.00970723 0.0178935 0.0297279 0.0432952 0.0554412 0.0629486 0.0643103 0.0605445 0.0543192 0.0481428 0.0430915 0.0388374 0.0345378
 1.08858e-16 5.88709e-05 0.000572246 0.00380278 0.0172869 0.053786 0.114597 0.167261 0.167274 0.114661 0.0540022 0.0179133 0.00538196 0.00404242 0.00671685 0.0111893 0.0165341 0.0216864 0.0255967 0.0277913 0.0285987 0.0287811 0.0288853 0.0288653 0.0282286 0.0264865
 1.06452e-16 5.54144e-05 0.000538648 0.0035795 0.0162719 0.0506281 0.107869 0.157443 0.157467 0.107985 0.0510163 0.0173936 0.00639595 0.00669037 0.0117492 0.0193653 0.0279646 0.0353336 0.0392672 0.0387853 0.0347253 0.0291631 0.0241316 0.0206319 0.0185156 0.0170326
 1.10356e-16 2.96236e-05 0.000287952 0.00191355 0.00869873 0.0270652 0.0576669 0.0841758 0.0842196 0.0578813 0.0277852 0.01078 0.00714394 0.0117262 0.0218127 0.0361704 0.0524691 0.0667533 0.0749885 0.0752966 0.0690093 0.0596147 0.0504989 0.0432892 0.0377775 0.0329458
 1.18577e-16 3.5223e-05 0.00034238 0.00227523 0.0103429 0.0321807 0.0685652 0.100078 0.1001 0.0686748 0.0325496 0.0114129 0.00497871 0.0063026 0.0115273 0.019455 0.0290899 0.0388353 0.0470516 0.0529656 0.0569691 0.0599641 0.0623394 0.0635079 0.062353 0.0581037
 1.0802e-16 6.72576e-05 0.000653768 0.00434452 0.0197495 0.0614482 0.130922 0.191087 0.191095 0.130963 0.0615865 0.0201498 0.00535219 0.00286405 0.00429671 0.00708265 0.0104049 0.0135424 0.0158274 0.0170066 0.0173944 0.0176182 0.0181473 0.0189798 0.0196892 0.0197275
pSPR Fmed_Fpbrs
0.720521   0.197793 0.197793
Fs Fmed_Fpbrs
0.166856   1.005 1.005
SSBpbr Bo_Bmed_Bpbrs
2.31799e+06  1.55426e+06  342582 342582
Ro
224655
SPR SPRFo_SPRFmed_SPRFpbrs
1.60582e+06 1.15702e+06 317619
Fref
1.005
Nvult_r0
 269405 23980.8 10457.4 10774.1 4228.1
CTP_r0
 28587.3 2892.57 1261.37 1299.57 509.994
YTP_r0
391301
Np
 299113 130722 11322.8 4937.56 6718.68
Nvult_p0
 253002 113119 9798.07 4272.67 5813.94
CTP_p0
 117691 56700.4 4911.25 2141.66 2914.22
YTP_p0
 2.07613e+06
CBA_c0
896751
log_Ro
12.1423
likeval ReclasPelacesDesembMPH_pf_preclas_ppelaces_ptallas_desvR_qrecl_qpela
 17.3228 17.6524 0.12303 0.000803857 241.712 120.569 99.2213 0 21.0949 8.10337e-06 0 0.625401 0 0 0
q_reclas_q_pelaces
0.668057 1
M
1
N
 238610 52592.6 210563 11225.7 0.364121
 137669 80876 17600.5 70466.6 3756.9
 136374 43718.1 25102.3 5462.84 23037.5
 277431 43528.6 13649.5 7837.35 8898.27
 222602 83673.8 12729.1 3991.53 4893.99
 352800 76823.7 28592 4349.61 3036.25
 149250 114238 24387 9076.28 2344.58
 71688.1 41997.2 30833.2 6582.15 3082.53
 63005.9 25308.1 14731.6 10815.6 3390.14
 79931.4 19697.2 7714.26 4490.41 4330.1
 141063 23752.3 5662.11 2217.52 2535.52
 178343 48983.8 8174.22 1948.59 1635.73
 151121 49736.9 13085.1 2183.58 957.481
 106718 42963.4 13584.7 3573.93 857.921
 109754 25991.7 9814.12 3103.14 1012.37
 539642 30667.2 6958.48 2627.43 1101.8
 138852 154122 8420.54 1910.65 1023.97
 815632 43499.8 47092.7 2572.93 896.683
 494236 253272 13156.3 14243 1049.37
 369349 142153 70111.8 3642 4233.3
 565540 109177 40614.1 20031.4 2250.03
 754075 176356 33181.6 12343.7 6771.91
 169081 225055 50949.8 9586.26 5522.55
 491488 55076.5 71936 16285.5 4829.35
 403897 162985 17971.9 23473.3 6889.95
 188004 133576 53017.2 5846.05 9876.82
 405084 63453.2 44483.3 17655.7 5236
 444762 134283 20696.6 14509.1 7466.6
 143370 149770 44601.4 6874.24 7299.12
 108549 48250.6 49712 14804.1 4704.43
 400126 35303.6 15394.9 15861.2 6224.44
pred_Ctot
 11942.2 3025.55 12113.3 645.796 0.0209472
 12047.3 8102.2 1763.23 7059.38 376.368
 11543.6 4237.76 2433.26 529.534 2233.11
 32110.6 5749.69 1802.97 1035.24 1175.37
 8751.91 3785.68 575.904 180.59 221.42
 26999.7 6738.69 2507.98 381.532 266.329
 22670 19721.9 4210.15 1566.92 404.765
 1835.28 1239.03 909.662 194.191 90.943
 6061.93 2784.87 1621.05 1190.13 373.047
 9883.58 2777.12 1087.64 633.105 610.502
 5024.79 973.997 232.183 90.9327 103.973
 27893.3 8703.11 1452.34 346.211 290.626
 22163.7 8295.77 2182.5 364.207 159.701
 23571.2 10698.5 3382.76 889.956 213.634
 17060.6 4590.2 1733.2 548.023 178.787
 77881.9 5034.8 1142.41 431.36 180.889
 13198.2 16757.1 915.531 207.737 111.332
 81505.4 4969.56 5380.02 293.94 102.44
 69537.1 40553.2 2106.56 2280.55 168.023
 46702.2 20488.6 10105.3 524.924 610.148
 55199.7 12185.8 4533.15 2235.81 251.137
 91505.4 24407.8 4592.35 1708.37 937.235
 12364.7 18870.7 4272.12 803.803 463.063
 30886.2 3972.92 5189.07 1174.75 348.363
 26015.3 12048.3 1328.53 1735.21 509.322
 9880.34 8066.83 3201.77 353.05 596.473
 25542.2 4592.49 3219.52 1277.85 378.961
 23968.3 8314.55 1281.49 898.378 462.317
 7775.25 9332.01 2779.06 428.325 454.799
 8034.84 4094.71 4218.73 1256.33 399.235
 28587.3 2892.57 1261.37 1299.57 509.994
F
 0.0819126 0.0946475 0.0946475 0.0946475 0.0946475
 0.147091 0.169959 0.169959 0.169959 0.169959
 0.141984 0.164058 0.164058 0.164058 0.164058
 0.198647 0.22953 0.22953 0.22953 0.22953
 0.0638704 0.0738004 0.0738004 0.0738004 0.0738004
 0.12762 0.147462 0.147462 0.147462 0.147462
 0.268021 0.30969 0.30969 0.30969 0.30969
 0.0412009 0.0476064 0.0476064 0.0476064 0.0476064
 0.16275 0.188053 0.188053 0.188053 0.188053
 0.213489 0.24668 0.24668 0.24668 0.24668
 0.0577198 0.0666935 0.0666935 0.0666935 0.0666935
 0.27696 0.320019 0.320019 0.320019 0.320019
 0.257734 0.297804 0.297804 0.297804 0.297804
 0.41241 0.476527 0.476527 0.476527 0.476527
 0.275053 0.317815 0.317815 0.317815 0.317815
 0.253161 0.29252 0.29252 0.29252 0.29252
 0.160651 0.185628 0.185628 0.185628 0.185628
 0.169501 0.195853 0.195853 0.195853 0.195853
 0.246109 0.284371 0.284371 0.284371 0.284371
 0.218776 0.252789 0.252789 0.252789 0.252789
 0.165276 0.190972 0.190972 0.190972 0.190972
 0.209148 0.241665 0.241665 0.241665 0.241665
 0.121653 0.140566 0.140566 0.140566 0.140566
 0.103779 0.119913 0.119913 0.119913 0.119913
 0.106487 0.123042 0.123042 0.123042 0.123042
 0.0861627 0.0995584 0.0995584 0.0995584 0.0995584
 0.104144 0.120335 0.120335 0.120335 0.120335
 0.0884363 0.102186 0.102186 0.102186 0.102186
 0.0890189 0.102859 0.102859 0.102859 0.102859
 0.123214 0.142371 0.142371 0.142371 0.142371
 0.118709 0.137165 0.137165 0.137165 0.137165
nmprior
 8.19 8.8 8.5 0
nm_flota  nm_reclas  nm_pelaces    nm_pelaL
inf 11.4244 13.5337 29.5694
cv_recla  cv_pelaces  cv_mph
0.376473 0.476402 0.874973
 ------------------------------------------------
Talla a la edad & desviaci?n 
 8 13.2811 15.8009 17.003 17.5766
 0.8 1.32811 1.58009 1.7003 1.75766
