years
 1991 1992 1993 1994 1995 1996 1997 1998 1999 2000 2001 2002 2003 2004 2005 2006 2007 2008 2009 2010 2011 2012 2013 2014 2015 2016 2017 2018 2019 2020 2021
reclasobs
 0 0 0 0 0 0 0 0 0 252601 567819 844713 477998 351125 339783 2.1784e+06 2.13404e+06 4.81314e+06 1.55562e+06 2.62356e+06 3.21686e+06 3.843e+06 1.13348e+06 3.07943e+06 1.97215e+06 2.03268e+06 2.025e+06 2.42433e+06 2.27542e+06 1.05018e+06 2.36338e+06
reclaspred
 3.39635e+06 1.98211e+06 818196 498377 92777.9 2.1653e+06 843580 259372 762660 225220 206775 904276 478976 396924 269358 1.91296e+06 1.12082e+06 7.83138e+06 4.65313e+06 1.48206e+06 3.5524e+06 3.61558e+06 1.93437e+06 4.79486e+06 2.7422e+06 1.19387e+06 2.30267e+06 3.90849e+06 2.76025e+06 938490 1.33271e+06
pelacesobs
 0 0 0 0 0 0 0 0 0 0 0 0 0 0 0 552880 188675 0 991730 2.46772e+06 1.41603e+06 1.21717e+06 2.29649e+06 1.80582e+06 0 1.4828e+06 1.56532e+06 1.57751e+06 1.42118e+06 867257 1.10002e+06
pelacespred
 514970 413518 186039 87568 12209.5 497076 150631 60035 165925 36129.2 44753.4 172874 84054 73403.1 47350.1 364311 209748 1.931e+06 1.10032e+06 353109 794834 777035 419059 1.24629e+06 688060 292019 637047 1.05241e+06 620928 249002 313736
mphobs
 0 0 0 0 0 0 0 0 0 0 0 498337 0 5186 125008 0 168611 109162 213762 579715 649985 157893 87575 83554 0 0 0 0 0 0 0
mphpred
 154285 1.10525e+06 518621 155701 81153.4 12311.9 602657 163507 60658.3 179366 28700.2 59739.9 233761 77190.2 47597.1 43377.4 592446 301637 2.49001e+06 1.10151e+06 413047 920814 1.05599e+06 570687 1.38663e+06 737039 280425 593187 1.38664e+06 694405 199575
desembarqueobs
 494567 514787 250237 358949 120608 361735 552515 73892 212993 205616 52469 317467 293654 387597 252695 516296 358380 742168 942051 627588 828172 859565 418607 520667 417249 300574 407403 355545 319650 289779 391294
desembarquepred
 494188 520597 246821 358157 120428 361418 551519 73844.5 212739 205250 52427.4 317017 293014 386589 252173 515656 358032 741584 940168 625693 827159 858251 418128 520257 416688 300032 406962 355251 319314 289291 390832
Reclutas
 534706 423.991 1079.39 98880.7 558.889 329825 557.659 155.712 69073 714.561 32372.7 188001 31807.7 73424.2 43051.4 396591 1707.93 1.15952e+06 85954 11184.4 420447 552180 1706.92 372339 101728 7178.1 226083 332004 4947.76 1740.04 137637
log_desv_Rt
 3.01891 -4.12085 -3.18641 1.33111 -3.84461 2.53576 -3.84681 -5.12255 0.972357 -3.59889 0.21451 1.97364 0.196902 1.03345 0.499587 2.7201 -2.72752 3.79295 1.19101 -0.848283 2.77851 3.05107 -2.72812 2.657 1.35949 -1.29177 2.1581 2.54234 -1.66387 -2.7089 1.66181
SSB
 154285 1.10525e+06 518621 155701 81153.4 12311.9 602657 163507 60658.3 179366 28700.2 59739.9 233761 77190.2 47597.1 43377.4 592446 301637 2.49001e+06 1.10151e+06 413047 920814 1.05599e+06 570687 1.38663e+06 737039 280425 593187 1.38664e+06 694405 199575
BT
 1.47224e+06 1.39925e+06 664627 526679 129302 1.4664e+06 841002 209499 574414 266961 149528 660182 446681 577558 358834 1.24476e+06 767838 5.11805e+06 3.41581e+06 1.4827e+06 2.57855e+06 2.53742e+06 1.32755e+06 3.37233e+06 1.98587e+06 972496 1.90645e+06 2.77351e+06 1.69829e+06 897668 1.10795e+06
Ftot
 0.266651 0.468666 0.534065 1.16478 1.84338 0.304788 1.07201 0.505788 0.498145 1.40972 0.454977 0.616904 1.01381 1.49085 1.44545 0.48247 0.563486 0.175126 0.364995 0.728799 0.419432 0.426872 0.389264 0.200043 0.277212 0.449544 0.321878 0.168078 0.212255 0.545012 0.521991
BD_Bspro_t
 0.958233 0.711414 0.44072 0.234395 0.142585 0.0359972 0.528996 0.211707 0.13315 0.324988 0.104473 0.29295 0.405984 0.165513 0.105975 0.102375 0.46685 0.30986 0.716232 0.496592 0.263594 0.436405 0.481561 0.368834 0.607478 0.516117 0.368569 0.57312 0.729034 0.572821 0.337783
BD_Bspro
 0.826277 5.91917 2.77748 0.833859 0.434618 0.0659365 3.22753 0.875664 0.324856 0.960597 0.153704 0.319938 1.25191 0.413393 0.254907 0.232308 3.17285 1.61542 13.3353 5.89915 2.21208 4.93143 5.65535 3.05632 7.42613 3.94722 1.50182 3.17682 7.42618 3.71889 1.06883
BD_Bo
 0.0965092 0.69136 0.32441 0.0973947 0.0507634 0.00770139 0.376976 0.102278 0.0379432 0.112198 0.0179527 0.0373687 0.146223 0.0482843 0.0297731 0.0271336 0.370589 0.188681 1.55756 0.689021 0.258371 0.575991 0.660544 0.356978 0.867373 0.461036 0.175413 0.371052 0.867378 0.434367 0.124839
BD_Brms
 0.780971 5.59461 2.62518 0.788136 0.410787 0.0623211 3.05056 0.827649 0.307044 0.907925 0.145276 0.302395 1.18326 0.390726 0.24093 0.21957 2.99888 1.52684 12.6041 5.57569 2.09078 4.66103 5.34525 2.88873 7.01894 3.73079 1.41947 3.00263 7.01898 3.51498 1.01022
Sel_flota
 0.995403 1 1 1 1
 0.995403 1 1 1 1
 0.995403 1 1 1 1
 0.995403 1 1 1 1
 0.995403 1 1 1 1
 0.995403 1 1 1 1
 0.995403 1 1 1 1
 0.995403 1 1 1 1
 0.995403 1 1 1 1
 0.995403 1 1 1 1
 0.995403 1 1 1 1
 0.995403 1 1 1 1
 0.995403 1 1 1 1
 0.995403 1 1 1 1
 0.995403 1 1 1 1
 0.995403 1 1 1 1
 0.995403 1 1 1 1
 0.995403 1 1 1 1
 0.995403 1 1 1 1
 0.995403 1 1 1 1
 0.995403 1 1 1 1
 0.995403 1 1 1 1
 0.995403 1 1 1 1
 0.995403 1 1 1 1
 0.995403 1 1 1 1
 0.995403 1 1 1 1
 0.995403 1 1 1 1
 0.995403 1 1 1 1
 0.995403 1 1 1 1
 0.995403 1 1 1 1
 0.995403 1 1 1 1
Sel_reclas
 1 1 1 1 1
 1 1 1 1 1
 1 1 1 1 1
 1 1 1 1 1
 1 1 1 1 1
 1 1 1 1 1
 1 1 1 1 1
 1 1 1 1 1
 1 1 1 1 1
 1 1 1 1 1
 1 1 1 1 1
 1 1 1 1 1
 1 1 1 1 1
 1 1 1 1 1
 1 1 1 1 1
 1 1 1 1 1
 1 1 1 1 1
 1 1 1 1 1
 1 1 1 1 1
 1 1 1 1 1
 1 1 1 1 1
 1 1 1 1 1
 1 1 1 1 1
 1 1 1 1 1
 1 1 1 1 1
 1 1 1 1 1
 1 1 1 1 1
 1 1 1 1 1
 1 1 1 1 1
 1 1 1 1 1
 1 1 1 1 1
Sel_pelaces
 1 1 1 1 1
 1 1 1 1 1
 1 1 1 1 1
 1 1 1 1 1
 1 1 1 1 1
 1 1 1 1 1
 1 1 1 1 1
 1 1 1 1 1
 1 1 1 1 1
 1 1 1 1 1
 1 1 1 1 1
 1 1 1 1 1
 1 1 1 1 1
 1 1 1 1 1
 1 1 1 1 1
 1 1 1 1 1
 1 1 1 1 1
 1 1 1 1 1
 1 1 1 1 1
 1 1 1 1 1
 1 1 1 1 1
 1 1 1 1 1
 1 1 1 1 1
 1 1 1 1 1
 1 1 1 1 1
 1 1 1 1 1
 1 1 1 1 1
 1 1 1 1 1
 1 1 1 1 1
 1 1 1 1 1
 1 1 1 1 1
pf_obs 
 0.8446 0.082 0.0669 0.0065 0
 0.8095 0.147 0.0364 0.0071 0
 0.9664 0.0169 0.016 0.0007 0
 0.9276 0.0648 0.0075 0.0001 0
 0.7033 0.2144 0.0806 0.0017 0
 0.9318 0.0425 0.0243 0.0014 0
 0.5671 0.3108 0.0964 0.0239 0.0018
 0.0768 0.2599 0.5324 0.112 0.0189
 0.490249 0.384438 0.106611 0.0170017 0.00170017
 0.7925 0.1577 0.0466 0.003 0.0002
 0.840416 0.127587 0.0312969 0.00059994 9.999e-05
 0.8084 0.0986 0.0794 0.0134 0.0002
 0.7335 0.1905 0.0724 0.0035 0.0001
 0.4001 0.4547 0.1325 0.0127 0
 0.49795 0.308269 0.164784 0.0264974 0.00249975
 0.9179 0.0499 0.0305 0.0017 0
 0.2467 0.6533 0.0926 0.0074 0
 0.9418 0.0223 0.034 0.0019 0
 0.707729 0.231977 0.0356964 0.0245975 0
 0.517169 0.277429 0.184464 0.0207286 0.00020938
 0.811772 0.124168 0.05621 0.00726502 0.000585176
 0.764997 0.148141 0.077277 0.00933861 0.000247198
 0.163321 0.427699 0.378323 0.0303852 0.000271297
 0.753843 0.0900009 0.118128 0.0371064 0.000921714
 0.721811 0.176058 0.0630433 0.0369309 0.00215725
 0.143369 0.312575 0.442814 0.0836902 0.0175525
 0.692698 0.0596174 0.167031 0.0765114 0.00414204
 0.394062 0.376323 0.152708 0.0712218 0.00568511
 0.125707 0.32114 0.495352 0.0537591 0.00404204
 0.23352 0.215282 0.420074 0.123614 0.00750983
 0.774587 0.0839891 0.0768558 0.0609784 0.00358967
pf_pred 
 0.973088 0.0197123 0.00649409 0.000705247 7.58601e-08
 0.00271768 0.970583 0.0195567 0.00644284 0.000699756
 0.0291764 0.00265406 0.94225 0.0189858 0.00693409
 0.925385 0.00219002 0.000197998 0.0702937 0.00193367
 0.0432981 0.885856 0.00207938 0.000187996 0.0685788
 0.997721 9.96842e-05 0.00201794 4.73674e-06 0.000156647
 0.00615455 0.991593 9.85328e-05 0.00199463 0.00015952
 0.0134514 0.00611941 0.978207 9.72027e-05 0.00212507
 0.964151 0.000485106 0.000219357 0.035065 7.966e-05
 0.0425235 0.923351 0.000461786 0.000208812 0.0334551
 0.955374 0.00191414 0.0411895 2.05997e-05 0.00150171
 0.959421 0.0387786 7.72379e-05 0.00166205 6.1427e-05
 0.448471 0.529285 0.0212567 4.23385e-05 0.000944735
 0.885495 0.0515694 0.060397 0.00242562 0.000112636
 0.861412 0.12285 0.00708809 0.00830143 0.000348877
 0.989096 0.00940494 0.00132904 7.66821e-05 9.35829e-05
 0.0183086 0.97105 0.00917829 0.00129701 0.000166162
 0.98342 0.000305425 0.0160985 0.000152162 2.42572e-05
 0.190277 0.796365 0.000246075 0.0129703 0.000142138
 0.0883393 0.17426 0.725235 0.000224096 0.0119413
 0.949211 0.0045143 0.00884517 0.0368118 0.000617494
 0.836768 0.154987 0.000732836 0.00143589 0.00607614
 0.0106083 0.828676 0.152598 0.000721541 0.00739626
 0.902725 0.00103776 0.0806043 0.014843 0.000789609
 0.449097 0.497563 0.000569051 0.0441989 0.00857207
 0.101862 0.404546 0.445801 0.000509851 0.0472811
 0.931787 0.00698512 0.0275787 0.0303911 0.00325801
 0.836179 0.152703 0.00113845 0.00449484 0.00548422
 0.0383754 0.804757 0.146222 0.00109013 0.00955551
 0.043407 0.0368934 0.769671 0.139847 0.0101815
 0.941491 0.00255473 0.00215801 0.0450206 0.00877567
pobs_RECLAS
 0 0 0 0 0
 0 0 0 0 0
 0 0 0 0 0
 0 0 0 0 0
 0 0 0 0 0
 0 0 0 0 0
 0 0 0 0 0
 0 0 0 0 0
 0 0 0 0 0
 0 0 0 0 0
 0.991045 0.00858322 0.000360255 1.14367e-05 0
 0.934742 0.0480273 0.0164251 0.00080598 0
 0.827803 0.169806 0.00239088 0 0
 0.941827 0.0461693 0.0120037 0 0
 0.791401 0.0380133 0.147996 0.0225897 0
 0.846168 0.0940531 0.0597789 0 0
 0.134021 0.677848 0.182769 0.00536245 0
 0.80878 0.0450904 0.141981 0.00414843 0
 0.846168 0.0940531 0.0597789 0 0
 0.905697 0.0802665 0.012482 0.00150086 5.37128e-05
 0.989698 0.0102097 9.19794e-05 0 0
 0.975433 0.0193895 0.00387452 0.00125025 5.28907e-05
 0.303575 0.632131 0.0575291 0.00676475 0
 0.966965 0.00978017 0.0227588 0.000495775 0
 0.843318 0.132988 0.00938335 0.0141283 0.000182051
 0.564624 0.303363 0.111486 0.0197234 0.00080311
 0.826376 0.0876187 0.0782897 0.00655872 0.00115652
 0.89761 0.0855135 0.0140674 0.00269457 0.000114338
 0.34875 0.467042 0.161289 0.0227151 0.000203297
 0.318654 0.224769 0.449479 0.00709798 0
 0.937255 0.0296025 0.0250945 0.00804832 0
ppred_RECLAS
 0.973212 0.0196217 0.00646425 0.000702006 7.55115e-08
 0.00273089 0.97057 0.0195564 0.00644275 0.000699746
 0.0293158 0.00265368 0.942114 0.018983 0.00693309
 0.925764 0.00217889 0.000196992 0.0699365 0.00192385
 0.0435633 0.88561 0.00207881 0.000187944 0.0685597
 0.997732 9.92123e-05 0.00200839 4.71432e-06 0.000155906
 0.00618768 0.99156 9.85295e-05 0.00199456 0.000159515
 0.0135164 0.00611901 0.978142 9.71963e-05 0.00212493
 0.964319 0.000482827 0.000218327 0.0349003 7.92858e-05
 0.0427602 0.923123 0.000461672 0.000208761 0.0334469
 0.95558 0.00190529 0.040999 2.05044e-05 0.00149476
 0.959614 0.0385939 7.68702e-05 0.00165414 6.11345e-05
 0.449793 0.528017 0.0212058 4.22371e-05 0.000942471
 0.886092 0.0513006 0.0600822 0.00241297 0.000112048
 0.862108 0.122233 0.00705249 0.00825974 0.000347125
 0.989148 0.00935973 0.00132265 7.63135e-05 9.3133e-05
 0.0183975 0.970962 0.00917746 0.0012969 0.000166147
 0.983496 0.000304021 0.0160245 0.000151463 2.41457e-05
 0.191016 0.795638 0.000245851 0.0129584 0.000142008
 0.0887483 0.174182 0.72491 0.000223996 0.0119359
 0.949443 0.00449366 0.00880472 0.0366435 0.000614671
 0.837427 0.154361 0.000729877 0.0014301 0.00605161
 0.0106589 0.828633 0.15259 0.000721505 0.00739588
 0.903137 0.00103337 0.0802632 0.0147802 0.000786267
 0.450269 0.496504 0.000567839 0.0441048 0.00855382
 0.102307 0.404345 0.445581 0.000509599 0.0472577
 0.932089 0.00695417 0.0274565 0.0302565 0.00324357
 0.836819 0.152106 0.001134 0.00447727 0.00546279
 0.0385494 0.804611 0.146196 0.00108993 0.00955379
 0.0436116 0.0368855 0.769506 0.139817 0.0101793
 0.94176 0.00254297 0.00214808 0.0448133 0.00873527
pobs_PELACES
 0 0 0 0 0
 0 0 0 0 0
 0 0 0 0 0
 0 0 0 0 0
 0 0 0 0 0
 0 0 0 0 0
 0 0 0 0 0
 0 0 0 0 0
 0 0 0 0 0
 0 0 0 0 0
 0 0 0 0 0
 0 0 0 0 0
 0 0 0 0 0
 0 0 0 0 0
 0 0 0 0 0
 0 0 0 0 0
 0.505614 0.472636 0.0217494 0 0
 0 0 0 0 0
 0.443492 0.261883 0.143347 0.151278 0
 0.227955 0.32914 0.350689 0.0885471 0.00366901
 0.970185 0.0296113 0.000203453 0 0
 0.997202 0.00247181 0.000326279 0 0
 0.445219 0.490057 0.0546422 0.010081 0
 0.90214 0.0892962 0.00764917 0.000914606 0
 0 0 0 0 0
 0.581667 0.319106 0.0959925 0.00289975 0.000334073
 0.762889 0.0836404 0.116647 0.0363945 0.000428098
 0.88444 0.0763242 0.0277011 0.0115352 0
 0.521256 0.241999 0.230069 0.00667565 0
 0.616807 0.101726 0.260614 0.0208532 0
 0.833518 0.0704572 0.0857862 0.0102388 0
ppred_PELACES
 0.973223 0.0196139 0.00646171 0.000701729 7.54818e-08
 0.00273282 0.970568 0.0195564 0.00644274 0.000699745
 0.0293388 0.00265361 0.942092 0.0189826 0.00693293
 0.925885 0.00217533 0.00019667 0.0698222 0.0019207
 0.04368 0.885502 0.00207855 0.000187921 0.0685514
 0.997733 9.91666e-05 0.00200746 4.71214e-06 0.000155834
 0.00619768 0.99155 9.85285e-05 0.00199454 0.000159513
 0.0135266 0.00611894 0.978132 9.71953e-05 0.00212491
 0.964345 0.000482476 0.000218168 0.0348748 7.92281e-05
 0.0428478 0.923038 0.000461629 0.000208742 0.0334438
 0.95561 0.00190403 0.040972 2.04909e-05 0.00149378
 0.95965 0.0385593 7.68012e-05 0.00165265 6.10797e-05
 0.450173 0.527652 0.0211911 4.22079e-05 0.000941819
 0.88632 0.0511979 0.0599619 0.00240814 0.000111824
 0.862368 0.122002 0.00703917 0.00824414 0.000346469
 0.989156 0.00935295 0.0013217 7.62583e-05 9.30656e-05
 0.0184129 0.970947 0.00917732 0.00129688 0.000166144
 0.9835 0.000303941 0.0160203 0.000151423 2.41394e-05
 0.191102 0.795553 0.000245825 0.0129571 0.000141993
 0.0888377 0.174165 0.724839 0.000223974 0.0119347
 0.949474 0.00449094 0.00879941 0.0366214 0.000614299
 0.837516 0.154277 0.000729482 0.00142932 0.00604833
 0.0106652 0.828628 0.152589 0.0007215 0.00739584
 0.903164 0.00103309 0.0802412 0.0147762 0.000786052
 0.450373 0.49641 0.000567732 0.0440965 0.0085522
 0.102369 0.404317 0.445549 0.000509564 0.0472544
 0.93212 0.006951 0.027444 0.0302427 0.00324209
 0.836854 0.152074 0.00113376 0.00447632 0.00546162
 0.0385613 0.804601 0.146194 0.00108992 0.00955367
 0.0436461 0.0368841 0.769479 0.139812 0.010179
 0.941804 0.00254108 0.00214648 0.0447799 0.00872875
pobs_pel_tallas
 0 0 0 0 0 0 0 0 0 0 0 0 0 0 0 0 0 0 0 0 0 0 0 0 0 0
 0 0 0 0 0 0 0 0 0 0 0 0 0 0 0 0 0 0 0 0 0 0 0 0 0 0
 0 0 0 0 0 0 0 0 0 0 0 0 0 0 0 0 0 0 0 0 0 0 0 0 0 0
 0 0 0 0 0 0 0 0 0 0 0 0 0 0 0 0 0 0 0 0 0 0 0 0 0 0
 0 0 0 0 0 0 0 0 0 0 0 0 0 0 0 0 0 0 0 0 0 0 0 0 0 0
 0 0 0 0 0 0 0 0 0 0 0 0 0 0 0 0 0 0 0 0 0 0 0 0 0 0
 0 0 0 0 0 0 0 0 0 0 0 0 0 0 0 0 0 0 0 0 0 0 0 0 0 0
 0 0 0 0 0 0 0 0 0 0 0 0 0 0 0 0 0 0 0 0 0 0 0 0 0 0
 0 0 0 0 0 0 0 0 0 0 0 0 0 0 0 0 0 0 0 0 0 0 0 0 0 0
 0 0 0 0 0 0 0 0 0 0 0 0 0 0 0 0 0 0 0 0 0 0 0 0 0 0
 0 0 0 0 0 0 0 0 0 0 0 0 0 0 0 0 0 0 0 0 0 0 0 0 0 0
 0 0 0 0 0 0 0 0 0 0 0 0 0 0 0 0 0 0 0 0 0 0 0 0 0 0
 0.00862536 0 0 0.000197151 0.00414017 0.0128641 0.00837892 0.0270097 0.101434 0.158115 0.152841 0.127902 0.109271 0.109419 0.0830992 0.0579132 0.0238553 0.00714673 0.00463305 0.00128148 0.00103504 0.000492878 0.000147863 0.000147863 4.92878e-05 0
 0 0 0 0 0 0 0 0 0 0 0 0 0 0 0 0 0 0 0 0 0 0 0 0 0 0
 0 0 0 0 0 0 0 0.0054083 0.00873648 0.0413646 0.0450493 0.0745869 0.0622846 0.0627006 0.0613931 0.0827291 0.12552 0.122667 0.0946155 0.0697135 0.0546179 0.0294188 0.0215738 0.0213955 0.0102223 0.00600262
 0 0 0 0 0.00359764 0.0251062 0.0480494 0.140153 0.205849 0.193036 0.1447 0.116669 0.0760912 0.0342217 0.00950174 0.001854 0.000860785 0 0 0 0.000165536 0 0.000143464 0 0 0
 0 0 0 0 0 0 0 0.000145254 0.000435761 0.0275982 0.070085 0.0708112 0.156366 0.174668 0.174014 0.160142 0.0824315 0.0480064 0.0283245 0.00493863 0.00203355 0 0 0 0 0
 0 0 0 0 0 0 0 0 0 0 0 0 0 0 0 0 0 0 0 0 0 0 0 0 0 0
 0 0 1.00437e-05 0.000401748 0.00122533 0.00171747 0.00176769 0.0269171 0.070346 0.194647 0.189555 0.159765 0.064822 0.0314167 0.0384472 0.0292271 0.0345202 0.0313363 0.0194345 0.0106764 0.0143323 0.0359363 0.0279516 0.0138201 0.00172751 0
 0 0.0021121 0.0136068 0.0755702 0.200478 0.177729 0.0527432 0.0373336 0.0318909 0.0142505 0.0149659 0.0166563 0.0217959 0.0798694 0.0677717 0.0528807 0.04013 0.0224614 0.0357745 0.0225083 0.00881397 0.00855152 0.00135912 0.000746735 0 0
 0 0 0 0 5.4009e-05 0.00500934 0.000945158 0.0243581 0.138947 0.33067 0.221406 0.137944 0.0707744 0.0437923 0.0131692 0.00525238 0.0047753 0.00276346 9.45158e-05 9.00151e-06 2.25038e-05 9.00151e-06 4.50075e-06 0 0 0
 0.000866109 0.00284123 0.00948549 0.0512746 0.133035 0.25785 0.225252 0.132002 0.0553304 0.0519788 0.0540692 0.017754 0.00435017 0.00159236 0.00146478 0.000404838 0.000125132 0.000115318 0.000107957 0.000100596 0 0 0 0 0 0
 0 0 0 0 0.00144013 0.00171154 0.00461396 0.0210425 0.0478622 0.0707936 0.0888783 0.103762 0.0637923 0.0337046 0.0602308 0.124433 0.169614 0.0934646 0.0462172 0.0250306 0.0313229 0.00938855 0.002487 0.000210481 0 0
 0 0.00764035 0.051015 0.0998891 0.058973 0.0496711 0.0374665 0.0718981 0.12319 0.153886 0.159021 0.0857701 0.0377988 0.023471 0.0147837 0.00900784 0.00315554 0.000888139 0.00291439 0.00214683 0.00393193 0.00274676 0.000635225 9.99891e-05 0 0
 0 0 0 0 0 0 0 0 0 0 0 0 0 0 0 0 0 0 0 0 0 0 0 0 0 0
 0 0 0 0 0 0 0 0 0 0 0 0 0 0 0 0 0 0 0 0 0 0 0 0 0 0
 0 0 0 0 0 0 0 0 0 0 0 0 0 0 0 0 0 0 0 0 0 0 0 0 0 0
 0 0 0 0 0 0 0 0 0 0 0 0 0 0 0 0 0 0 0 0 0 0 0 0 0 0
 0 0 0 0 0 0 0 0 0 0 0 0 0 0 0 0 0 0 0 0 0 0 0 0 0 0
 0 0 0 0 0 0 0 0 0 0 0 0 0 0 0 0 0 0 0 0 0 0 0 0 0 0
 0 0 0 0 0 0 0 0 0 0 0 0 0 0 0 0 0 0 0 0 0 0 0 0 0 0
ppred_pel_tallas
 1.00262e-16 8.01631e-05 0.000779213 0.00517815 0.0235391 0.0732389 0.156043 0.22775 0.227752 0.156053 0.07327 0.0236291 0.00540433 0.00127385 0.00102218 0.00156971 0.00226896 0.00288512 0.00323735 0.00324141 0.0029511 0.0025136 0.00207365 0.00170404 0.00140325 0.00113865
 1.01577e-16 2.25301e-07 2.1901e-06 1.45585e-05 6.62382e-05 0.000206593 0.000443618 0.000667044 0.000760399 0.00089968 0.00173736 0.00448512 0.0110972 0.0241644 0.045797 0.0754706 0.108153 0.134817 0.146261 0.138248 0.114104 0.0826182 0.0530086 0.0307847 0.0168704 0.00932249
 1.30265e-16 2.41661e-06 2.34903e-05 0.000156101 0.000709614 0.00220788 0.00470418 0.00686622 0.00686794 0.00471325 0.00224256 0.000828365 0.000524128 0.00105784 0.00264171 0.00611797 0.012884 0.0246469 0.042811 0.0674899 0.0965266 0.12522 0.147329 0.157237 0.152278 0.133914
 1.07334e-16 7.62639e-05 0.000741313 0.00492628 0.0223942 0.0696766 0.148453 0.216672 0.216672 0.148454 0.0696805 0.0224061 0.00495777 0.000815784 0.000235855 0.000321009 0.000588551 0.00105174 0.00181876 0.00303193 0.00481756 0.00720286 0.0100291 0.0129168 0.0153292 0.01673
 1.11907e-16 3.59805e-06 3.49744e-05 0.000232421 0.00105661 0.00328795 0.00700847 0.0102469 0.0103321 0.00742449 0.0046843 0.00508735 0.0103412 0.0220733 0.0417733 0.0688345 0.0986539 0.123028 0.133642 0.126772 0.105647 0.0784936 0.0538346 0.0366119 0.0273141 0.0235814
 1.00085e-16 8.21819e-05 0.000798838 0.00530856 0.0241319 0.0750834 0.159973 0.233485 0.233485 0.159973 0.0750836 0.0241326 0.00531041 0.000803381 9.22532e-05 2.61805e-05 3.83991e-05 6.61026e-05 0.000106592 0.000159694 0.000221419 0.000282865 0.000331719 0.00035632 0.000350445 0.000316042
 1.00484e-16 5.10701e-07 4.96429e-06 3.29941e-05 0.000150045 0.000467357 0.000999278 0.00147846 0.0015738 0.00146503 0.00203054 0.00466208 0.0113476 0.0246679 0.0467307 0.0769682 0.110204 0.137172 0.148434 0.13965 0.114252 0.0813218 0.0504179 0.0273121 0.0130392 0.00561725
 1.28598e-16 1.11418e-06 1.08302e-05 7.19704e-05 0.000327168 0.00101795 0.00216892 0.00316602 0.00316812 0.00217988 0.00105909 0.000465139 0.00049036 0.00116199 0.0028818 0.00656624 0.0136397 0.0258129 0.0444671 0.0696524 0.0990961 0.127938 0.14978 0.158933 0.152816 0.133129
 1.03518e-16 7.94318e-05 0.000772106 0.00513091 0.0233244 0.0725708 0.15462 0.225672 0.225672 0.15462 0.0725719 0.0233276 0.00513975 0.000794252 0.000130565 0.000115961 0.000225767 0.000438505 0.000810157 0.00141234 0.00230357 0.0034897 0.00488484 0.00629799 0.00746567 0.00812933
 1.0593e-16 3.52951e-06 3.43081e-05 0.000227994 0.00103648 0.00322536 0.00687524 0.0100532 0.010142 0.00730885 0.00468067 0.00523728 0.0107626 0.0229987 0.0435208 0.0716924 0.102692 0.127926 0.13866 0.130927 0.108001 0.0783961 0.0510098 0.03112 0.0194862 0.0139817
 1.01438e-16 7.87123e-05 0.000765112 0.00508444 0.0231131 0.0719135 0.153219 0.223628 0.223628 0.15322 0.0719178 0.0231264 0.00512084 0.000854557 0.000277729 0.000410327 0.000759266 0.00131945 0.00213066 0.00319077 0.00441381 0.00561383 0.00653867 0.00695524 0.00674788 0.00597204
 1.00189e-16 7.90451e-05 0.000768347 0.00510593 0.0232108 0.0722176 0.153867 0.224575 0.224578 0.153885 0.0722784 0.0233864 0.00554611 0.00172797 0.00189776 0.00300244 0.00429464 0.00535312 0.00580921 0.00549732 0.00455353 0.0033308 0.00219633 0.00136532 0.000865566 0.00060803
 1.00911e-16 3.70803e-05 0.000360434 0.00239521 0.0108883 0.0338778 0.0721822 0.105363 0.105413 0.0724302 0.0347104 0.0132917 0.00842377 0.0135062 0.0249601 0.0410917 0.0589228 0.0735307 0.0799212 0.0757856 0.062902 0.0459977 0.0300224 0.0179271 0.0102089 0.00585039
 1.02004e-16 7.3005e-05 0.000709635 0.00471577 0.0214372 0.0666992 0.14211 0.207415 0.20742 0.142134 0.0667819 0.021677 0.00532158 0.00204497 0.0026466 0.00435737 0.00649598 0.00863708 0.0103814 0.0115141 0.0120756 0.0122334 0.0120796 0.0115486 0.010518 0.00897367
 1.0112e-16 7.10322e-05 0.000690458 0.00458834 0.0208579 0.0648968 0.13827 0.201811 0.201823 0.138327 0.0650894 0.0214141 0.00598377 0.00373452 0.00584593 0.00953583 0.0136927 0.0171434 0.0187479 0.0179902 0.0152902 0.011731 0.00842178 0.00598664 0.00447194 0.00358439
 1.00065e-16 8.14755e-05 0.000791971 0.00526292 0.0239245 0.074438 0.158598 0.231479 0.231479 0.158602 0.0744527 0.0239672 0.00537013 0.00102599 0.000525855 0.000740199 0.00105785 0.00132886 0.00146147 0.0014149 0.00121877 0.000952247 0.000696633 0.000498052 0.000361762 0.000270176
 1.00672e-16 1.51685e-06 1.47444e-05 9.79864e-05 0.000445489 0.00138658 0.00295771 0.00433644 0.00442982 0.00341386 0.00291757 0.00486477 0.0111807 0.0241743 0.0457842 0.0754242 0.108031 0.134547 0.145741 0.137361 0.112749 0.08075 0.0506659 0.0280993 0.0140445 0.00658135
 1.00482e-16 8.10096e-05 0.000787442 0.00523283 0.0237877 0.0740123 0.157691 0.230155 0.230155 0.157691 0.0740133 0.0237909 0.00524202 0.000811404 0.000137906 0.000129344 0.000247001 0.000452457 0.000761755 0.00117487 0.00165549 0.00212586 0.00248279 0.00263351 0.00253485 0.00221328
 1.01534e-16 1.5741e-05 0.000153008 0.00101679 0.00462225 0.0143819 0.0306451 0.0447434 0.0448199 0.0310188 0.0156362 0.00824274 0.010096 0.0199443 0.0375184 0.0617796 0.0884777 0.110181 0.119338 0.11249 0.0924092 0.0663822 0.0420478 0.0239735 0.0129032 0.00716312
 1.23004e-16 7.31749e-06 7.11286e-05 0.000472675 0.00214872 0.00668557 0.014245 0.0207947 0.0208125 0.0143328 0.00698352 0.00302303 0.00271892 0.0051451 0.0101413 0.0180467 0.0289926 0.0426673 0.0584961 0.0757966 0.0934977 0.10957 0.120908 0.124253 0.117802 0.102388
 1.04032e-16 7.82069e-05 0.000760199 0.00505179 0.0229647 0.0714517 0.152235 0.222192 0.222193 0.152238 0.0714594 0.0229872 0.00510961 0.000891393 0.000342631 0.000484695 0.000795017 0.00123399 0.00183626 0.0026614 0.00376584 0.00515005 0.0067057 0.00820375 0.00934574 0.00986275
 1.01228e-16 6.89851e-05 0.00067056 0.0044561 0.0202568 0.0630265 0.134285 0.195996 0.196011 0.134358 0.0632698 0.0209591 0.00621726 0.00450998 0.00734556 0.0119951 0.0171812 0.0214162 0.0232408 0.0219953 0.0182294 0.0133633 0.00887639 0.00563802 0.00375985 0.00287327
 1.0594e-16 8.78647e-07 8.54084e-06 5.67608e-05 0.000258075 0.000803397 0.00171467 0.00251937 0.00259928 0.00210516 0.00211466 0.00404599 0.00956694 0.0207757 0.0394596 0.0652784 0.0941345 0.118566 0.13092 0.127593 0.111115 0.0883196 0.06619 0.0486416 0.0360977 0.027115
 1.03931e-16 7.43924e-05 0.00072312 0.00480539 0.0218446 0.0679667 0.14481 0.211355 0.211355 0.144811 0.067971 0.0218588 0.00484718 0.000835066 0.000347802 0.000616167 0.00125161 0.00235027 0.00404442 0.00636824 0.00916288 0.0120366 0.0144319 0.015802 0.0158201 0.0145106
 1.06013e-16 3.70968e-05 0.000360594 0.00239628 0.0108931 0.0338929 0.0722141 0.105409 0.105456 0.0724474 0.0346759 0.0131535 0.0080655 0.0127221 0.023472 0.0386386 0.0554151 0.0692001 0.0753611 0.0718354 0.0604328 0.045715 0.0323538 0.0229721 0.0177068 0.0151738
 1.21009e-16 8.43212e-06 8.19632e-05 0.000544676 0.00247604 0.0077041 0.0164159 0.0239677 0.0240073 0.0166095 0.00835605 0.00436678 0.00531962 0.0106013 0.0202663 0.034219 0.0509853 0.0676342 0.0810493 0.0895998 0.0937559 0.0950657 0.0944851 0.0916203 0.0854173 0.0754424
 1.04376e-16 7.67775e-05 0.000746305 0.00495946 0.022545 0.0701458 0.149453 0.218131 0.218132 0.149457 0.0701579 0.0225806 0.00505154 0.000956354 0.00050273 0.000781933 0.00129279 0.00200188 0.0029404 0.004151 0.00565088 0.00737365 0.00912783 0.0106168 0.0115268 0.0116408
 1.01445e-16 6.89306e-05 0.00067003 0.00445259 0.0202408 0.0629768 0.134179 0.195842 0.195856 0.134251 0.0632166 0.0209332 0.006189 0.00445583 0.00724488 0.011832 0.0169545 0.0211495 0.0229838 0.0218126 0.0181804 0.0134846 0.00917274 0.00608398 0.0043074 0.0034622
 1.06151e-16 3.17641e-06 3.08759e-05 0.000205185 0.00093279 0.00290267 0.00618731 0.00904683 0.00912442 0.00656647 0.00417587 0.0046107 0.00943907 0.0201944 0.038314 0.0633773 0.0913883 0.115099 0.127079 0.123839 0.107842 0.0857403 0.0643265 0.0474042 0.0353713 0.0267992
 1.37959e-16 3.59509e-06 3.49455e-05 0.000232225 0.00105567 0.00328459 0.00699835 0.0102153 0.0102201 0.00702231 0.00336863 0.00131418 0.000940778 0.00177936 0.00389661 0.00795241 0.0149973 0.0262686 0.0428218 0.0648705 0.0909883 0.11767 0.139835 0.1524 0.152256 0.139573
 1.06031e-16 7.75751e-05 0.000754058 0.00501098 0.0227792 0.0708745 0.151006 0.220397 0.220397 0.151007 0.070879 0.0227924 0.00504538 0.000833658 0.000242948 0.000319146 0.000555516 0.000938518 0.00154042 0.0024646 0.00380993 0.00560799 0.00775435 0.00997752 0.0118805 0.0130546
pSPR Fmed_Fpbrs
0.377854   0.173576 0.173576
Fs Fmed_Fpbrs
0.507373   1.005 1.005
SSBpbr Bo_Bmed_Bpbrs
1.59866e+06  524127  197556 197556
Ro
26122.8
SPR SPRFo_SPRFmed_SPRFpbrs
186724 70554.2 32410.7
Fref
1.005
Nvult_r0
 107522 290.878 245.708 5125.97 999.183
CTP_r0
 36764.8 99.7611 84.2694 1758.03 342.686
YTP_r0
390832
Np
 115903 30115.2 81.2204 68.6079 1743.72
Nvult_p0
 100223 26059.8 70.2833 59.3692 1508.91
CTP_p0
 50120.9 13062.4 35.2293 29.7586 756.337
YTP_p0
 614893
CBA_c0
458050
log_Ro
9.99056
likeval ReclasPelacesDesembMPH_pf_preclas_ppelaces_ptallas_desvR_qrecl_qpela
 26.7351 83.1741 1.922 0.00174907 454.368 178.323 162.533 0 291.48 2.21814e-05 0 8.92601 0 0 0
q_reclas_q_pelaces
1.94914 1
M
1
N
 534706 10787.2 3553.79 385.935 0.0415133
 423.991 150851 3039.56 1001.36 108.758
 1079.39 97.8269 34730.8 699.804 255.586
 98880.7 233.351 21.0971 7489.94 206.037
 558.889 11410 26.783 2.42143 883.311
 329825 32.8201 664.387 1.55953 51.5747
 557.659 89583.9 8.90179 180.202 14.4116
 155.712 70.5745 11281.6 1.12103 24.5082
 69073 34.6239 15.6564 2502.73 5.68565
 714.561 15476.3 7.73999 3.4999 560.741
 32372.7 64.614 1390.4 0.695366 50.6919
 188001 7571.8 15.0813 324.527 11.9941
 31807.7 37426.6 1503.1 2.99382 66.8037
 73424.2 4265.51 4995.68 200.633 9.31654
 43051.4 6124.28 353.355 413.842 17.3922
 396591 3756.87 530.895 30.6312 37.3824
 1707.93 90256.3 853.095 120.554 15.4443
 1.15952e+06 358.577 18900.1 178.642 28.4786
 85954 358324 110.722 5835.98 63.9548
 11184.4 21988 91509.5 28.2763 1506.74
 420447 1991.87 3902.81 16242.7 272.461
 552180 101882 481.737 943.899 3994.21
 1706.92 132816 24457.7 115.645 1185.44
 372339 426.226 33105.6 6096.28 324.306
 101728 112245 128.371 9970.77 1933.76
 7178.1 28399.2 31295.4 35.7917 3319.15
 226083 1688.02 6664.65 7344.31 787.328
 332004 60370.8 450.084 1777.02 2168.17
 4947.76 103321 18773.2 139.96 1226.81
 1740.04 1473.52 30740.7 5585.5 406.65
 137637 372.098 314.316 6557.27 1278.18
pred_Ctot
 80514.3 1631.01 537.328 58.3528 0.00627674
 103.756 37055.1 746.639 245.976 26.7154
 293.654 26.7125 9483.54 191.088 69.7901
 46964.2 111.145 10.0486 3567.47 98.1358
 340.501 6966.47 16.3525 1.47842 539.311
 55920.5 5.58712 113.102 0.265486 8.7798
 251.445 40511.8 4.02558 81.4911 6.51723
 40.5486 18.4467 2948.77 0.293014 6.40595
 17766.6 8.93913 4.04213 646.148 1.46791
 379.5 8240.43 4.1212 1.86354 298.57
 7730.81 15.4891 333.302 0.166691 12.1517
 57285.8 2315.42 4.61178 99.2389 3.66773
 13833.8 16326.6 655.697 1.306 29.1418
 40206.5 2341.54 2742.37 110.137 5.11429
 23182.3 3306.13 190.755 223.408 9.38897
 99387 945.033 133.546 7.70523 9.40346
 484.881 25717 243.075 34.3498 4.40058
 118932 36.9373 1946.91 18.4021 2.9336
 17046.7 71345.4 22.0456 1161.99 12.734
 3864.93 7624.05 31729.8 9.80444 522.442
 93828.6 446.234 874.336 3638.81 61.0387
 125055 23162.7 109.522 214.594 908.078
 357.654 27938.3 5144.76 24.3264 249.361
 43190.5 49.6513 3856.48 710.159 37.7785
 15858.2 17569.6 20.0939 1560.72 302.691
 1697.22 6740.5 7427.89 8.49509 787.793
 40210.7 301.439 1190.14 1311.51 140.597
 32776.2 5985.59 44.6245 176.187 214.968
 605.998 12708.2 2309.04 17.2146 150.894
 481.112 408.917 8530.84 1550.03 112.849
 36764.8 99.7611 84.2694 1758.03 342.686
F
 0.265425 0.266651 0.266651 0.266651 0.266651
 0.466512 0.468666 0.468666 0.468666 0.468666
 0.53161 0.534065 0.534065 0.534065 0.534065
 1.15942 1.16478 1.16478 1.16478 1.16478
 1.83491 1.84338 1.84338 1.84338 1.84338
 0.303387 0.304788 0.304788 0.304788 0.304788
 1.06708 1.07201 1.07201 1.07201 1.07201
 0.503463 0.505788 0.505788 0.505788 0.505788
 0.495855 0.498145 0.498145 0.498145 0.498145
 1.40324 1.40972 1.40972 1.40972 1.40972
 0.452885 0.454977 0.454977 0.454977 0.454977
 0.614069 0.616904 0.616904 0.616904 0.616904
 1.00915 1.01381 1.01381 1.01381 1.01381
 1.48399 1.49085 1.49085 1.49085 1.49085
 1.43881 1.44545 1.44545 1.44545 1.44545
 0.480252 0.48247 0.48247 0.48247 0.48247
 0.560895 0.563486 0.563486 0.563486 0.563486
 0.174321 0.175126 0.175126 0.175126 0.175126
 0.363318 0.364995 0.364995 0.364995 0.364995
 0.725449 0.728799 0.728799 0.728799 0.728799
 0.417504 0.419432 0.419432 0.419432 0.419432
 0.424909 0.426872 0.426872 0.426872 0.426872
 0.387475 0.389264 0.389264 0.389264 0.389264
 0.199123 0.200043 0.200043 0.200043 0.200043
 0.275937 0.277212 0.277212 0.277212 0.277212
 0.447478 0.449544 0.449544 0.449544 0.449544
 0.320399 0.321878 0.321878 0.321878 0.321878
 0.167305 0.168078 0.168078 0.168078 0.168078
 0.211279 0.212255 0.212255 0.212255 0.212255
 0.542507 0.545012 0.545012 0.545012 0.545012
 0.519591 0.521991 0.521991 0.521991 0.521991
nmprior
 8.19 8.8 8.5 0
nm_flota  nm_reclas  nm_pelaces    nm_pelaL
inf 4.38828 2.53184 3.34555
cv_recla  cv_pelaces  cv_mph
0.467698 1.03411 1.29065
 ------------------------------------------------
Talla a la edad & desviaci?n 
 8 13.2811 15.8009 17.003 17.5766
 0.8 1.32811 1.58009 1.7003 1.75766
