years
 1991 1992 1993 1994 1995 1996 1997 1998 1999 2000 2001 2002 2003 2004 2005 2006 2007 2008 2009 2010 2011 2012 2013 2014 2015 2016 2017 2018 2019 2020 2021
reclasobs
 0 0 0 0 0 0 0 0 0 252601 567819 844713 477998 351125 339783 2.1784e+06 2.13404e+06 4.81314e+06 1.55562e+06 2.62356e+06 3.21686e+06 3.843e+06 1.13348e+06 3.07943e+06 1.97215e+06 2.03268e+06 2.025e+06 2.42433e+06 2.27542e+06 1.05018e+06 2.36338e+06
reclaspred
 3.19122e+06 1.74918e+06 886259 905297 914472 1.56557e+06 892134 768565 546622 375112 500477 677854 665690 493334 485682 1.35316e+06 1.20769e+06 3.09281e+06 2.45815e+06 1.79174e+06 3.11133e+06 2.53776e+06 1.93801e+06 3.05597e+06 2.2738e+06 2.00475e+06 2.4167e+06 2.62501e+06 2.09033e+06 1.26534e+06 1.87233e+06
pelacesobs
 0 0 0 0 0 0 0 0 0 0 0 0 0 0 0 552880 188675 0 991730 2.46772e+06 1.41603e+06 1.21717e+06 2.29649e+06 1.80582e+06 0 1.4828e+06 1.56532e+06 1.57751e+06 1.42118e+06 867257 1.10002e+06
pelacespred
 1.76167e+06 1.05736e+06 523755 440856 481176 855354 427513 487687 319150 202278 291071 325494 354273 267942 273878 644879 581714 1.74924e+06 1.40339e+06 934672 1.63114e+06 1.3923e+06 1.08776e+06 1.90298e+06 1.34728e+06 1.19447e+06 1.64613e+06 1.76065e+06 1.15934e+06 786197 1.14641e+06
mphobs
 0 0 0 0 0 0 0 0 0 0 0 498337 0 5186 125008 0 168611 109162 213762 579715 649985 157893 87575 83554 0 0 0 0 0 0 0
mphpred
 487165 326147 157395 87212.1 95324.5 113392 154972 84652.1 76059.4 48325.8 30157.4 60312.6 64848.9 53165.2 32636.8 41560.4 152140 134275 308387 216991 229286 281313 268519 214730 308401 254285 207289 224194 322792 211425 125057
desembarqueobs
 494567 514787 250237 358949 120608 361735 552515 73892 212993 205616 52469 317467 293654 387597 252695 516296 358380 742168 942051 627588 828172 859565 418607 520667 417249 300574 415391 372974 316634 284311 391294
desembarquepred
 494572 513794 250702 358985 120614 361744 552542 73897.4 213053 205671 52471.9 317530 293691 387582 252672 516226 358404 742019 941757 627374 828249 859542 418607 520691 417236 300570 415383 372943 316614 284313 391297
Reclutas
 172758 95362.6 96115.8 147188 118865 216378 85169.5 36303.8 35577.3 48045.8 89867.7 129026 107757 75233.8 69785.5 377952 73828.4 610873 336360 270072 372487 513794 101320 297331 255345 111782 252317 286563 83785.2 59720.4 223551
log_desv_Rt
 0.202687 -0.391518 -0.383651 0.0425065 -0.171213 0.427821 -0.504561 -1.35728 -1.3775 -1.07705 -0.450866 -0.08919 -0.269327 -0.628603 -0.703779 0.985563 -0.647461 1.46568 0.868977 0.649483 0.970998 1.29262 -0.330921 0.745642 0.59341 -0.232658 0.581481 0.708754 -0.520949 -0.859531 0.460436
SSB
 2.12854e+06 1.42501e+06 687695 381050 416495 495437 677109 369865 332321 211147 131765 263520 283340 232291 142598 181587 664736 586679 1.34742e+06 948083 1.0018e+06 1.22912e+06 1.17322e+06 938205 1.34747e+06 1.11103e+06 905696 979557 1.41035e+06 923764 546402
BT
 2.99239e+06 2.04846e+06 1.00797e+06 943688 800090 1.56483e+06 1.11759e+06 780728 679605 493952 473119 742353 786061 795707 656145 1.36774e+06 1.13153e+06 3.23408e+06 2.95902e+06 1.92899e+06 3.0724e+06 2.83808e+06 1.95576e+06 3.28628e+06 2.35922e+06 2.01629e+06 2.84663e+06 2.96485e+06 1.95707e+06 1.42727e+06 2.05966e+06
Ftot
 0.197548 0.363839 0.356898 0.542659 0.180935 0.332044 0.762373 0.130254 0.518714 0.721343 0.159715 0.646582 0.604978 1.04926 0.757319 0.59123 0.38633 0.36492 0.514781 0.476934 0.373674 0.470678 0.28013 0.249299 0.247697 0.199381 0.248802 0.209517 0.191212 0.28657 0.310396
BD_Bspro_t
 0.969 0.78683 0.58581 0.487138 0.480376 0.57288 0.57232 0.380652 0.437395 0.377196 0.335194 0.587776 0.466863 0.372087 0.258009 0.308901 0.50283 0.459609 0.594664 0.478597 0.446003 0.493975 0.511348 0.495152 0.615851 0.626034 0.631889 0.675726 0.732882 0.649326 0.563153
BD_Bspro
 2.111 1.41328 0.68203 0.377911 0.413064 0.491356 0.671531 0.366818 0.329584 0.209407 0.130679 0.261349 0.281006 0.230378 0.141423 0.180091 0.65926 0.581846 1.33632 0.940273 0.993552 1.219 1.16356 0.930476 1.33637 1.10188 0.898235 0.971488 1.39873 0.916154 0.541901
BD_Bo
 1.38968 0.930362 0.448981 0.24878 0.271921 0.323461 0.44207 0.241477 0.216966 0.137853 0.0860263 0.172047 0.184987 0.151658 0.0930992 0.118554 0.433992 0.38303 0.8797 0.618983 0.654057 0.802468 0.765974 0.612534 0.879738 0.725369 0.59131 0.639532 0.92079 0.603106 0.356735
BD_Brms
 7.59621 5.08551 2.45421 1.35987 1.48636 1.76809 2.41643 1.31995 1.18597 0.753529 0.470234 0.940436 1.01117 0.828988 0.508895 0.648038 2.37227 2.09371 4.80859 3.38346 3.57518 4.38642 4.18694 3.34821 4.80879 3.96498 3.2322 3.49579 5.03319 3.29668 1.94997
Sel_flota
 0.710479 0.979003 0.998872 0.999941 0.999997
 0.710479 0.979003 0.998872 0.999941 0.999997
 0.710479 0.979003 0.998872 0.999941 0.999997
 0.710479 0.979003 0.998872 0.999941 0.999997
 0.710479 0.979003 0.998872 0.999941 0.999997
 0.710479 0.979003 0.998872 0.999941 0.999997
 0.710479 0.979003 0.998872 0.999941 0.999997
 0.710479 0.979003 0.998872 0.999941 0.999997
 0.710479 0.979003 0.998872 0.999941 0.999997
 0.710479 0.979003 0.998872 0.999941 0.999997
 0.710479 0.979003 0.998872 0.999941 0.999997
 0.710479 0.979003 0.998872 0.999941 0.999997
 0.710479 0.979003 0.998872 0.999941 0.999997
 0.710479 0.979003 0.998872 0.999941 0.999997
 0.710479 0.979003 0.998872 0.999941 0.999997
 0.710479 0.979003 0.998872 0.999941 0.999997
 0.710479 0.979003 0.998872 0.999941 0.999997
 0.710479 0.979003 0.998872 0.999941 0.999997
 0.710479 0.979003 0.998872 0.999941 0.999997
 0.710479 0.979003 0.998872 0.999941 0.999997
 0.710479 0.979003 0.998872 0.999941 0.999997
 0.710479 0.979003 0.998872 0.999941 0.999997
 0.710479 0.979003 0.998872 0.999941 0.999997
 0.710479 0.979003 0.998872 0.999941 0.999997
 0.710479 0.979003 0.998872 0.999941 0.999997
 0.710479 0.979003 0.998872 0.999941 0.999997
 0.710479 0.979003 0.998872 0.999941 0.999997
 0.710479 0.979003 0.998872 0.999941 0.999997
 0.710479 0.979003 0.998872 0.999941 0.999997
 0.710479 0.979003 0.998872 0.999941 0.999997
 0.710479 0.979003 0.998872 0.999941 0.999997
Sel_reclas
 1 1 1 1 1
 1 1 1 1 1
 1 1 1 1 1
 1 1 1 1 1
 1 1 1 1 1
 1 1 1 1 1
 1 1 1 1 1
 1 1 1 1 1
 1 1 1 1 1
 1 1 1 1 1
 1 1 1 1 1
 1 1 1 1 1
 1 1 1 1 1
 1 1 1 1 1
 1 1 1 1 1
 1 1 1 1 1
 1 1 1 1 1
 1 1 1 1 1
 1 1 1 1 1
 1 1 1 1 1
 1 1 1 1 1
 1 1 1 1 1
 1 1 1 1 1
 1 1 1 1 1
 1 1 1 1 1
 1 1 1 1 1
 1 1 1 1 1
 1 1 1 1 1
 1 1 1 1 1
 1 1 1 1 1
 1 1 1 1 1
Sel_pelaces
 0.98809 1 1 1 1
 0.98809 1 1 1 1
 0.98809 1 1 1 1
 0.98809 1 1 1 1
 0.98809 1 1 1 1
 0.98809 1 1 1 1
 0.98809 1 1 1 1
 0.98809 1 1 1 1
 0.98809 1 1 1 1
 0.98809 1 1 1 1
 0.98809 1 1 1 1
 0.98809 1 1 1 1
 0.98809 1 1 1 1
 0.98809 1 1 1 1
 0.98809 1 1 1 1
 0.98809 1 1 1 1
 0.98809 1 1 1 1
 0.98809 1 1 1 1
 0.98809 1 1 1 1
 0.98809 1 1 1 1
 0.98809 1 1 1 1
 0.98809 1 1 1 1
 0.98809 1 1 1 1
 0.98809 1 1 1 1
 0.98809 1 1 1 1
 0.98809 1 1 1 1
 0.98809 1 1 1 1
 0.98809 1 1 1 1
 0.98809 1 1 1 1
 0.98809 1 1 1 1
 0.98809 1 1 1 1
pf_obs 
 0.8446 0.082 0.0669 0.0065 0
 0.8095 0.147 0.0364 0.0071 0
 0.9664 0.0169 0.016 0.0007 0
 0.9276 0.0648 0.0075 0.0001 0
 0.7033 0.2144 0.0806 0.0017 0
 0.9318 0.0425 0.0243 0.0014 0
 0.5671 0.3108 0.0964 0.0239 0.0018
 0.0768 0.2599 0.5324 0.112 0.0189
 0.490249 0.384438 0.106611 0.0170017 0.00170017
 0.7925 0.1577 0.0466 0.003 0.0002
 0.840416 0.127587 0.0312969 0.00059994 9.999e-05
 0.8084 0.0986 0.0794 0.0134 0.0002
 0.7335 0.1905 0.0724 0.0035 0.0001
 0.4001 0.4547 0.1325 0.0127 0
 0.49795 0.308269 0.164784 0.0264974 0.00249975
 0.9179 0.0499 0.0305 0.0017 0
 0.2467 0.6533 0.0926 0.0074 0
 0.9418 0.0223 0.034 0.0019 0
 0.707729 0.231977 0.0356964 0.0245975 0
 0.517169 0.277429 0.184464 0.0207286 0.00020938
 0.811772 0.124168 0.05621 0.00726502 0.000585176
 0.764997 0.148141 0.077277 0.00933861 0.000247198
 0.163321 0.427699 0.378323 0.0303852 0.000271297
 0.753843 0.0900009 0.118128 0.0371064 0.000921714
 0.721811 0.176058 0.0630433 0.0369309 0.00215725
 0.143369 0.312575 0.442814 0.0836902 0.0175525
 0.692698 0.0596174 0.167031 0.0765114 0.00414204
 0.394062 0.376323 0.152708 0.0712218 0.00568511
 0.125707 0.32114 0.495352 0.0537591 0.00404204
 0.23352 0.215282 0.420074 0.123614 0.00750983
 0.774587 0.0839891 0.0768558 0.0609784 0.00358967
pf_pred 
 0.477632 0.137684 0.360583 0.0240996 1.11095e-06
 0.423849 0.325488 0.0671251 0.172052 0.0114865
 0.580036 0.216916 0.11593 0.0233509 0.0637673
 0.733163 0.178126 0.0463544 0.024197 0.0181597
 0.657637 0.275254 0.0451907 0.0114604 0.0104573
 0.755111 0.178495 0.0536053 0.0086153 0.00417358
 0.463962 0.437627 0.0721861 0.021179 0.00504639
 0.456296 0.311218 0.190811 0.0305817 0.0110932
 0.546936 0.244471 0.120468 0.0723425 0.0157825
 0.727093 0.175693 0.0530906 0.0254974 0.0186261
 0.834496 0.133122 0.0210604 0.00618696 0.00513406
 0.747845 0.220822 0.0253084 0.00392002 0.00210477
 0.69412 0.250256 0.0488782 0.00545068 0.00129564
 0.6441 0.275581 0.0660341 0.0125543 0.00173027
 0.756716 0.182038 0.0477783 0.0110763 0.00239178
 0.941527 0.0484459 0.00755716 0.00192703 0.000542359
 0.369733 0.605236 0.0208337 0.00316473 0.00103263
 0.911008 0.0408096 0.0463125 0.00155658 0.000313201
 0.581811 0.391917 0.0122027 0.0135244 0.000545328
 0.617497 0.257364 0.117469 0.00356515 0.00410501
 0.736729 0.185485 0.0527657 0.0234884 0.00153157
 0.749366 0.201096 0.035149 0.0097643 0.00462407
 0.313307 0.559398 0.102642 0.017499 0.00715359
 0.740591 0.102062 0.128715 0.0230924 0.00553957
 0.625178 0.300976 0.0294481 0.0363265 0.00807101
 0.424945 0.40382 0.138112 0.0132182 0.0199048
 0.728658 0.138266 0.0940518 0.0314829 0.00754153
 0.684342 0.250204 0.03372 0.0224361 0.00929825
 0.339728 0.497091 0.129935 0.0171372 0.0161092
 0.41049 0.247144 0.259124 0.0662977 0.0169437
 0.823928 0.0880564 0.0373906 0.0383273 0.0122973
pobs_RECLAS
 0 0 0 0 0
 0 0 0 0 0
 0 0 0 0 0
 0 0 0 0 0
 0 0 0 0 0
 0 0 0 0 0
 0 0 0 0 0
 0 0 0 0 0
 0 0 0 0 0
 0 0 0 0 0
 0.991045 0.00858322 0.000360255 1.14367e-05 0
 0.934742 0.0480273 0.0164251 0.00080598 0
 0.827803 0.169806 0.00239088 0 0
 0.941827 0.0461693 0.0120037 0 0
 0.791401 0.0380133 0.147996 0.0225897 0
 0.846168 0.0940531 0.0597789 0 0
 0.134021 0.677848 0.182769 0.00536245 0
 0.80878 0.0450904 0.141981 0.00414843 0
 0.846168 0.0940531 0.0597789 0 0
 0.905697 0.0802665 0.012482 0.00150086 5.37128e-05
 0.989698 0.0102097 9.19794e-05 0 0
 0.975433 0.0193895 0.00387452 0.00125025 5.28907e-05
 0.303575 0.632131 0.0575291 0.00676475 0
 0.966965 0.00978017 0.0227588 0.000495775 0
 0.843318 0.132988 0.00938335 0.0141283 0.000182051
 0.564624 0.303363 0.111486 0.0197234 0.00080311
 0.826376 0.0876187 0.0782897 0.00655872 0.00115652
 0.89761 0.0855135 0.0140674 0.00269457 0.000114338
 0.34875 0.467042 0.161289 0.0227151 0.000203297
 0.318654 0.224769 0.449479 0.00709798 0
 0.937255 0.0296025 0.0250945 0.00804832 0
ppred_RECLAS
 0.562471 0.117076 0.300397 0.0200553 9.24458e-07
 0.508334 0.280378 0.056627 0.144982 0.0096787
 0.660135 0.177356 0.0928297 0.0186773 0.0510014
 0.795058 0.137804 0.0351013 0.0183019 0.0137346
 0.727503 0.219971 0.0353839 0.00896362 0.00817855
 0.811773 0.137973 0.0405828 0.00651513 0.003156
 0.551601 0.36758 0.0593006 0.0173779 0.00414044
 0.539227 0.266059 0.159841 0.0255904 0.00928213
 0.630655 0.201298 0.0970987 0.0582427 0.0127057
 0.791406 0.135366 0.0400128 0.0191941 0.0140206
 0.875057 0.100903 0.015641 0.00458992 0.00380858
 0.80721 0.169292 0.0189846 0.00293712 0.00157693
 0.762002 0.195484 0.0373635 0.00416182 0.000989212
 0.72331 0.215382 0.0504153 0.00957294 0.00131928
 0.815713 0.138668 0.0355968 0.00824253 0.00177976
 0.957807 0.0350882 0.00535661 0.00136434 0.000383965
 0.44997 0.528625 0.0178193 0.00270382 0.000882187
 0.935128 0.0300862 0.0334372 0.00112259 0.000225864
 0.66109 0.318052 0.0096938 0.0107316 0.00043269
 0.694438 0.207021 0.0925076 0.00280441 0.00322888
 0.796825 0.144041 0.0401278 0.0178428 0.00116338
 0.807572 0.155047 0.0265319 0.00736218 0.00348629
 0.388717 0.499882 0.0898457 0.0153005 0.00625448
 0.8004 0.0795233 0.0982469 0.0176069 0.00422341
 0.699071 0.242647 0.0232572 0.0286582 0.00636689
 0.507326 0.348093 0.116639 0.011151 0.0167909
 0.790046 0.108082 0.0720216 0.0240821 0.00576838
 0.75103 0.198199 0.0261693 0.0173932 0.00720788
 0.417273 0.440942 0.112924 0.0148774 0.0139842
 0.494635 0.21445 0.220242 0.0562876 0.0143846
 0.867951 0.0667458 0.0277598 0.0284238 0.00911926
pobs_PELACES
 0 0 0 0 0
 0 0 0 0 0
 0 0 0 0 0
 0 0 0 0 0
 0 0 0 0 0
 0 0 0 0 0
 0 0 0 0 0
 0 0 0 0 0
 0 0 0 0 0
 0 0 0 0 0
 0 0 0 0 0
 0 0 0 0 0
 0 0 0 0 0
 0 0 0 0 0
 0 0 0 0 0
 0 0 0 0 0
 0.505614 0.472636 0.0217494 0 0
 0 0 0 0 0
 0.443492 0.261883 0.143347 0.151278 0
 0.227955 0.32914 0.350689 0.0885471 0.00366901
 0.970185 0.0296113 0.000203453 0 0
 0.997202 0.00247181 0.000326279 0 0
 0.445219 0.490057 0.0546422 0.010081 0
 0.90214 0.0892962 0.00764917 0.000914606 0
 0 0 0 0 0
 0.581667 0.319106 0.0959925 0.00289975 0.000334073
 0.762889 0.0836404 0.116647 0.0363945 0.000428098
 0.88444 0.0763242 0.0277011 0.0115352 0
 0.521256 0.241999 0.230069 0.00667565 0
 0.616807 0.101726 0.260614 0.0208532 0
 0.833518 0.0704572 0.0857862 0.0102388 0
ppred_PELACES
 0.564064 0.116761 0.299201 0.019974 9.20709e-07
 0.513662 0.277635 0.0559393 0.143203 0.00955988
 0.664784 0.175131 0.0914506 0.0183975 0.050237
 0.801069 0.133922 0.0339913 0.0177198 0.0132977
 0.728351 0.219337 0.0352401 0.00892662 0.00814476
 0.814513 0.136045 0.0399286 0.00640937 0.00310474
 0.565528 0.356488 0.0572244 0.016765 0.00399435
 0.539208 0.266167 0.15977 0.0255778 0.00927751
 0.6389 0.197116 0.0947586 0.0568287 0.0123971
 0.800123 0.12993 0.0382248 0.0183317 0.0133905
 0.875317 0.100714 0.0155954 0.00457627 0.00379725
 0.814243 0.163201 0.0182242 0.00281884 0.00151341
 0.769595 0.189382 0.0360539 0.0040151 0.000954326
 0.73952 0.203076 0.0472088 0.00896077 0.00123489
 0.824036 0.132569 0.0338628 0.00783891 0.00169258
 0.959436 0.0337559 0.00513328 0.00130718 0.000367876
 0.455508 0.523354 0.017597 0.00266973 0.000871057
 0.936429 0.0295209 0.0327306 0.00109873 0.000221061
 0.668632 0.31104 0.00944816 0.0104577 0.000421645
 0.701037 0.202755 0.0903184 0.00273759 0.00315191
 0.80034 0.141651 0.0393656 0.0175016 0.00114112
 0.812242 0.151377 0.0258239 0.00716454 0.00339267
 0.391853 0.497486 0.0892509 0.0151977 0.00621243
 0.802167 0.0788973 0.0973143 0.0174382 0.00418293
 0.701232 0.240983 0.0230602 0.028413 0.00631238
 0.508844 0.347155 0.116173 0.0111056 0.0167225
 0.791843 0.107243 0.071346 0.0238541 0.00571375
 0.752313 0.197235 0.0260062 0.0172835 0.0071624
 0.418555 0.440107 0.112569 0.0148296 0.0139392
 0.498262 0.213144 0.218491 0.0558343 0.0142687
 0.869838 0.0658605 0.0273359 0.0279867 0.00897898
pobs_pel_tallas
 0 0 0 0 0 0 0 0 0 0 0 0 0 0 0 0 0 0 0 0 0 0 0 0 0 0
 0 0 0 0 0 0 0 0 0 0 0 0 0 0 0 0 0 0 0 0 0 0 0 0 0 0
 0 0 0 0 0 0 0 0 0 0 0 0 0 0 0 0 0 0 0 0 0 0 0 0 0 0
 0 0 0 0 0 0 0 0 0 0 0 0 0 0 0 0 0 0 0 0 0 0 0 0 0 0
 0 0 0 0 0 0 0 0 0 0 0 0 0 0 0 0 0 0 0 0 0 0 0 0 0 0
 0 0 0 0 0 0 0 0 0 0 0 0 0 0 0 0 0 0 0 0 0 0 0 0 0 0
 0 0 0 0 0 0 0 0 0 0 0 0 0 0 0 0 0 0 0 0 0 0 0 0 0 0
 0 0 0 0 0 0 0 0 0 0 0 0 0 0 0 0 0 0 0 0 0 0 0 0 0 0
 0 0 0 0 0 0 0 0 0 0 0 0 0 0 0 0 0 0 0 0 0 0 0 0 0 0
 0 0 0 0 0 0 0 0 0 0 0 0 0 0 0 0 0 0 0 0 0 0 0 0 0 0
 0 0 0 0 0 0 0 0 0 0 0 0 0 0 0 0 0 0 0 0 0 0 0 0 0 0
 0 0 0 0 0 0 0 0 0 0 0 0 0 0 0 0 0 0 0 0 0 0 0 0 0 0
 0.00862536 0 0 0.000197151 0.00414017 0.0128641 0.00837892 0.0270097 0.101434 0.158115 0.152841 0.127902 0.109271 0.109419 0.0830992 0.0579132 0.0238553 0.00714673 0.00463305 0.00128148 0.00103504 0.000492878 0.000147863 0.000147863 4.92878e-05 0
 0 0 0 0 0 0 0 0 0 0 0 0 0 0 0 0 0 0 0 0 0 0 0 0 0 0
 0 0 0 0 0 0 0 0.0054083 0.00873648 0.0413646 0.0450493 0.0745869 0.0622846 0.0627006 0.0613931 0.0827291 0.12552 0.122667 0.0946155 0.0697135 0.0546179 0.0294188 0.0215738 0.0213955 0.0102223 0.00600262
 0 0 0 0 0.00359764 0.0251062 0.0480494 0.140153 0.205849 0.193036 0.1447 0.116669 0.0760912 0.0342217 0.00950174 0.001854 0.000860785 0 0 0 0.000165536 0 0.000143464 0 0 0
 0 0 0 0 0 0 0 0.000145254 0.000435761 0.0275982 0.070085 0.0708112 0.156366 0.174668 0.174014 0.160142 0.0824315 0.0480064 0.0283245 0.00493863 0.00203355 0 0 0 0 0
 0 0 0 0 0 0 0 0 0 0 0 0 0 0 0 0 0 0 0 0 0 0 0 0 0 0
 0 0 1.00437e-05 0.000401748 0.00122533 0.00171747 0.00176769 0.0269171 0.070346 0.194647 0.189555 0.159765 0.064822 0.0314167 0.0384472 0.0292271 0.0345202 0.0313363 0.0194345 0.0106764 0.0143323 0.0359363 0.0279516 0.0138201 0.00172751 0
 0 0.0021121 0.0136068 0.0755702 0.200478 0.177729 0.0527432 0.0373336 0.0318909 0.0142505 0.0149659 0.0166563 0.0217959 0.0798694 0.0677717 0.0528807 0.04013 0.0224614 0.0357745 0.0225083 0.00881397 0.00855152 0.00135912 0.000746735 0 0
 0 0 0 0 5.4009e-05 0.00500934 0.000945158 0.0243581 0.138947 0.33067 0.221406 0.137944 0.0707744 0.0437923 0.0131692 0.00525238 0.0047753 0.00276346 9.45158e-05 9.00151e-06 2.25038e-05 9.00151e-06 4.50075e-06 0 0 0
 0.000866109 0.00284123 0.00948549 0.0512746 0.133035 0.25785 0.225252 0.132002 0.0553304 0.0519788 0.0540692 0.017754 0.00435017 0.00159236 0.00146478 0.000404838 0.000125132 0.000115318 0.000107957 0.000100596 0 0 0 0 0 0
 0 0 0 0 0.00144013 0.00171154 0.00461396 0.0210425 0.0478622 0.0707936 0.0888783 0.103762 0.0637923 0.0337046 0.0602308 0.124433 0.169614 0.0934646 0.0462172 0.0250306 0.0313229 0.00938855 0.002487 0.000210481 0 0
 0 0.00764035 0.051015 0.0998891 0.058973 0.0496711 0.0374665 0.0718981 0.12319 0.153886 0.159021 0.0857701 0.0377988 0.023471 0.0147837 0.00900784 0.00315554 0.000888139 0.00291439 0.00214683 0.00393193 0.00274676 0.000635225 9.99891e-05 0 0
 0 0 0 0 0 0 0 0 0 0 0 0 0 0 0 0 0 0 0 0 0 0 0 0 0 0
 0 0 0 0 0 0 0 0 0 0 0 0 0 0 0 0 0 0 0 0 0 0 0 0 0 0
 0 0 0 0 0 0 0 0 0 0 0 0 0 0 0 0 0 0 0 0 0 0 0 0 0 0
 0 0 0 0 0 0 0 0 0 0 0 0 0 0 0 0 0 0 0 0 0 0 0 0 0 0
 0 0 0 0 0 0 0 0 0 0 0 0 0 0 0 0 0 0 0 0 0 0 0 0 0 0
 0 0 0 0 0 0 0 0 0 0 0 0 0 0 0 0 0 0 0 0 0 0 0 0 0 0
 0 0 0 0 0 0 0 0 0 0 0 0 0 0 0 0 0 0 0 0 0 0 0 0 0 0
ppred_pel_tallas
 1.10668e-16 4.64612e-05 0.000451619 0.00300117 0.0136429 0.0424482 0.0904407 0.132003 0.132015 0.0904981 0.042642 0.0142084 0.00444195 0.00366686 0.00635751 0.0109694 0.0170346 0.0239914 0.0312013 0.0382168 0.0447712 0.0504301 0.0542939 0.0551846 0.0522878 0.0457547
 1.17665e-16 4.23097e-05 0.000411266 0.00273301 0.0124239 0.0386554 0.0823604 0.120213 0.12024 0.0824916 0.039096 0.0136977 0.00593483 0.00741613 0.0133932 0.0222069 0.0323183 0.0413986 0.0471661 0.0487327 0.0471861 0.0448148 0.0435612 0.0438991 0.0448341 0.0447737
 1.13031e-16 5.47574e-05 0.000532262 0.00353707 0.016079 0.0500278 0.10659 0.155575 0.155592 0.106673 0.0503072 0.0168875 0.00557248 0.0049953 0.00858952 0.0142695 0.0209226 0.0271106 0.0314151 0.0332285 0.0330968 0.0322575 0.031747 0.0317966 0.0318875 0.0312547
 1.05043e-16 6.5983e-05 0.000641379 0.00426219 0.0193753 0.0602838 0.128441 0.187467 0.18748 0.128505 0.0604962 0.0199892 0.00580483 0.00401433 0.00648792 0.0106647 0.0154614 0.0196721 0.0221229 0.0222968 0.0206394 0.0182318 0.0160957 0.0146748 0.0138022 0.0130243
 1.03347e-16 5.99934e-05 0.000583157 0.00387528 0.0176165 0.0548116 0.116783 0.170452 0.170473 0.116886 0.0551586 0.0186189 0.00639194 0.00607849 0.010501 0.0172772 0.0249113 0.0313891 0.0347002 0.0339233 0.0297693 0.0240851 0.0187307 0.0147053 0.0120287 0.0101906
 1.02356e-16 6.70904e-05 0.000652142 0.00433371 0.0197004 0.0612955 0.130597 0.190613 0.190626 0.130661 0.0615113 0.0203242 0.00590109 0.00407901 0.00659079 0.0108301 0.0156887 0.0199253 0.0223158 0.0222876 0.0202356 0.0172111 0.0142461 0.0118562 0.0100118 0.0084394
 1.041e-16 4.65819e-05 0.000452793 0.00300897 0.0136784 0.0425586 0.0906769 0.132353 0.132387 0.0908449 0.0431226 0.0153075 0.00709896 0.00938335 0.0170135 0.0280693 0.0404689 0.0509723 0.0563041 0.0549503 0.0480474 0.0385806 0.0295678 0.0226495 0.0179005 0.0145564
 1.08814e-16 4.44139e-05 0.000431719 0.00286893 0.0130417 0.0405778 0.0864563 0.126191 0.126217 0.0865827 0.0410028 0.0142718 0.00596592 0.00722388 0.0130361 0.0217217 0.0318487 0.0412256 0.0476129 0.0499307 0.0487895 0.0458419 0.042535 0.0393181 0.0357997 0.0314646
 1.10583e-16 5.26254e-05 0.000511537 0.00339935 0.015453 0.04808 0.10244 0.149518 0.149538 0.102534 0.0483943 0.0163624 0.00568832 0.00552926 0.00964435 0.016026 0.0234752 0.0303665 0.0350853 0.0369229 0.0364627 0.0350598 0.0338444 0.033061 0.0321604 0.030391
 1.05241e-16 6.59051e-05 0.000640621 0.00425715 0.0193524 0.0602126 0.12829 0.187245 0.187258 0.128351 0.0604188 0.0199487 0.00575582 0.0039188 0.00631146 0.0103826 0.0150771 0.0192351 0.021728 0.0220584 0.0206492 0.0185238 0.016636 0.0153779 0.0145618 0.0137442
 1.01578e-16 7.20987e-05 0.000700825 0.00465723 0.0211711 0.0658712 0.140346 0.204841 0.204851 0.140393 0.0660305 0.0216313 0.00581265 0.00322369 0.00486522 0.0079338 0.0114335 0.0144036 0.0159182 0.0155554 0.0136438 0.0110346 0.00858455 0.00675301 0.00554665 0.00472608
 1.01107e-16 6.70681e-05 0.000651926 0.00433228 0.0196939 0.0612752 0.130554 0.19055 0.190566 0.130631 0.0615331 0.0204387 0.00620138 0.00473079 0.00780942 0.0127934 0.0183968 0.0230787 0.0253154 0.0244023 0.0208695 0.0161229 0.0116092 0.0081536 0.00585017 0.00437341
 1.01654e-16 6.33905e-05 0.000616179 0.00409472 0.018614 0.0579153 0.123395 0.180103 0.180121 0.123485 0.058215 0.01948 0.006269 0.00536467 0.00908747 0.014938 0.0215464 0.0271633 0.0300432 0.0293694 0.0257213 0.0206538 0.0157455 0.0118653 0.00908261 0.00704768
 1.02522e-16 6.09133e-05 0.000592099 0.00393471 0.0178866 0.055652 0.118573 0.173065 0.173085 0.118669 0.0559737 0.0188163 0.00626969 0.00569403 0.00976397 0.0160807 0.0232408 0.0293958 0.0326961 0.0322769 0.0287475 0.023733 0.0188578 0.0149773 0.012107 0.00985087
 1.02084e-16 6.78748e-05 0.000659767 0.00438439 0.0199308 0.0620122 0.132124 0.192841 0.192854 0.132187 0.0622223 0.0205381 0.00591 0.00399417 0.00641218 0.0105237 0.0152246 0.0192947 0.0215345 0.0213858 0.0192447 0.0161587 0.0131627 0.0107838 0.00900332 0.00754561
 1.00351e-16 7.90275e-05 0.000768175 0.00510479 0.0232057 0.0722014 0.153833 0.224524 0.224527 0.153849 0.0722548 0.0233599 0.00549195 0.00161344 0.00168465 0.00266077 0.00382709 0.0048163 0.00531275 0.00517225 0.00450256 0.00358777 0.00271623 0.00204653 0.00158868 0.00127197
 1.01057e-16 3.75197e-05 0.000364705 0.00242359 0.0110173 0.0342793 0.0730375 0.106611 0.106661 0.0732835 0.0351049 0.0134009 0.00840207 0.0134006 0.0247505 0.0407411 0.0584101 0.0728717 0.0791719 0.0750261 0.0622101 0.04543 0.029611 0.0176857 0.0101369 0.00593057
 1.011e-16 7.71324e-05 0.000749754 0.00498238 0.0226492 0.07047 0.150144 0.21914 0.219143 0.150158 0.0705176 0.0227872 0.00533101 0.00151777 0.00155604 0.00250308 0.00372041 0.00493124 0.00590025 0.00650304 0.00676718 0.00679882 0.00666388 0.00633651 0.00575213 0.00490012
 1.01473e-16 5.50744e-05 0.000535343 0.00355754 0.0161721 0.0503175 0.107208 0.156479 0.156509 0.107354 0.0508083 0.0175888 0.00711114 0.00828434 0.0147469 0.0242274 0.0347437 0.0433757 0.0471921 0.0448533 0.0374316 0.0277292 0.0186574 0.0119164 0.00772953 0.00541583
 1.03467e-16 5.77435e-05 0.000561288 0.00372996 0.0169558 0.052756 0.112403 0.16406 0.164079 0.112499 0.0530786 0.0178888 0.00607616 0.00569781 0.00985586 0.0163136 0.023752 0.0303996 0.0344651 0.0350794 0.0327439 0.0288672 0.0248016 0.0211773 0.0179304 0.0147707
 1.03121e-16 6.5923e-05 0.000640795 0.00425831 0.0193577 0.0602289 0.128325 0.187296 0.18731 0.128392 0.0604537 0.0200072 0.00589039 0.00420936 0.00686024 0.0112819 0.0163518 0.0207886 0.0233316 0.0234024 0.0214301 0.0185171 0.0157252 0.0135507 0.0119006 0.0104248
 1.02077e-16 6.69034e-05 0.000650324 0.00432164 0.0196455 0.0611246 0.130233 0.190082 0.190097 0.130304 0.0613642 0.0203375 0.00605902 0.00444439 0.00727652 0.0119343 0.0172104 0.0216961 0.0240028 0.0234916 0.0206458 0.0167284 0.0130107 0.0101749 0.0082374 0.00686108
 1.05279e-16 3.22765e-05 0.00031374 0.00208491 0.00947774 0.029489 0.0628312 0.0917141 0.091762 0.0630657 0.0302763 0.0117521 0.00779519 0.0127839 0.0237286 0.0392114 0.0565617 0.0712911 0.07883 0.0770507 0.0675053 0.0543129 0.0416442 0.0317765 0.0248475 0.0198619
 1.05286e-16 6.60735e-05 0.000642258 0.00426803 0.0194018 0.0603664 0.128617 0.187722 0.18773 0.128655 0.060494 0.0197724 0.00520483 0.00270963 0.00405796 0.00677547 0.0101545 0.013608 0.0165629 0.0187269 0.020183 0.0211733 0.0217717 0.0217605 0.0208088 0.0187669
 1.04645e-16 5.77596e-05 0.000561444 0.00373099 0.0169606 0.0527707 0.112434 0.164106 0.164129 0.112548 0.0531516 0.0180606 0.00649201 0.00658794 0.0115012 0.0189189 0.0272439 0.0342634 0.0377763 0.0368025 0.0321839 0.0260248 0.0204247 0.0164784 0.0141258 0.0126644
 1.07385e-16 4.19129e-05 0.000407408 0.00270737 0.0123073 0.0382929 0.0815883 0.119088 0.119121 0.0817524 0.0388441 0.0139007 0.00671203 0.00916657 0.0167269 0.0277164 0.0402253 0.0512173 0.0576032 0.0579314 0.0531898 0.0460047 0.0389289 0.0331956 0.0286753 0.0246556
 1.05446e-16 6.52231e-05 0.000633992 0.0042131 0.0191521 0.0595895 0.126962 0.185307 0.185317 0.127013 0.059761 0.0196489 0.00546478 0.00338197 0.00533001 0.00882909 0.0129967 0.0169446 0.0198063 0.0211804 0.0213234 0.0208708 0.0203248 0.019745 0.0188404 0.0172984
 1.03747e-16 6.19671e-05 0.000602342 0.00400277 0.018196 0.0566147 0.120624 0.176059 0.176078 0.120717 0.0569267 0.0190971 0.00626465 0.00554072 0.00944312 0.0155202 0.0223701 0.028177 0.0311413 0.0304531 0.02678 0.0218116 0.0172344 0.0139296 0.0118612 0.0104933
 1.07208e-16 3.44759e-05 0.000335118 0.00222698 0.0101236 0.0314984 0.0671122 0.0979611 0.0980036 0.0673199 0.032196 0.0121395 0.00729122 0.0114031 0.021092 0.0349124 0.0505167 0.0640013 0.0713891 0.0708225 0.0636188 0.0532686 0.0432358 0.035305 0.0294444 0.0247483
 1.14374e-16 4.10412e-05 0.000398935 0.00265107 0.0120514 0.0374964 0.0798909 0.116607 0.116628 0.0799929 0.03784 0.0130477 0.00516703 0.00594168 0.010716 0.0180399 0.026896 0.0357427 0.0429962 0.047889 0.050772 0.0525279 0.0536275 0.0536853 0.0518387 0.0475142
 1.05132e-16 7.16474e-05 0.000696438 0.00462808 0.0210386 0.0654588 0.139467 0.203558 0.203564 0.139498 0.0655638 0.0213423 0.00539243 0.00237193 0.00327452 0.00535623 0.0078454 0.0101649 0.0117906 0.0125151 0.0125704 0.0124405 0.0125084 0.0128165 0.0130937 0.0129719
pSPR Fmed_Fpbrs
0.544363   0.232944 0.232944
Fs Fmed_Fpbrs
0.359586   1.005 1.005
SSBpbr Bo_Bmed_Bpbrs
1.53168e+06  757204  280211 280211
Ro
141063
SPR SPRFo_SPRFmed_SPRFpbrs
1.00831e+06 548884 234879
Fref
1.005
Nvult_r0
 157587 13057.1 5459.76 5591.97 1794.11
CTP_r0
 28473.4 3043.06 1292.15 1324.52 424.973
YTP_r0
391297
Np
 181866 65964.1 4865.61 2017.39 2622.35
Nvult_p0
 149105 56892 4209.67 1745.71 2269.22
CTP_p0
 62114.2 28215.1 2108.89 875.007 1137.44
YTP_p0
 1.03572e+06
CBA_c0
584623
log_Ro
11.677
likeval ReclasPelacesDesembMPH_pf_preclas_ppelaces_ptallas_desvR_qrecl_qpela
 12.7231 17.0441 0.0385566 0.000819944 241.289 117.251 99.1242 0 24.0945 2.69407e-06 1.03926e-05 0.194547 0 0 0
q_reclas_q_pelaces
1.26186 1.58193
M
1
N
 172758 36925.4 94930.5 6338.46 0.292176
 95362.6 55231.8 11195.3 28669.1 1913.91
 96115.8 27090.6 14229.8 2863.57 7819.54
 147188 27439.5 7027.16 3665.05 2750.47
 118865 36824.5 5934.13 1503.41 1371.74
 216378 38453.2 11347.8 1822.1 882.652
 85169.5 62872.9 10220.2 2996.24 713.894
 36303.8 18228.6 10965.5 1755.68 636.82
 35577.3 12174.9 5903.08 3541.83 772.665
 48045.8 9053.7 2695.43 1293.49 944.87
 89867.7 10587.3 1643.74 482.404 400.287
 129026 29514 3331.07 515.531 276.792
 107757 29983 5765.31 642.391 152.691
 75233.8 25791.7 6100.42 1159.01 159.732
 69785.5 13132.9 3396.76 786.846 169.902
 377952 14989.8 2301.83 586.465 165.052
 73828.4 91351.2 3091.18 469.138 153.069
 610873 20640.7 23023 773.103 155.549
 336360 173403 5312.21 5882.52 237.183
 270072 85836.2 38538.1 1168.6 1345.49
 372487 70798.3 19796.8 8804.4 574.068
 513794 105079 18065.6 5014.17 2374.44
 101320 135289 24383.8 4153.12 1697.71
 297331 30546.7 37832.5 6780.87 1626.56
 255345 91626.9 8803.88 10849.8 2410.49
 111782 78777.8 26449.3 2528.88 3807.95
 252317 35690.7 23841.7 7973.1 1909.81
 286563 77782.5 10291.4 6840.87 2834.93
 83785.2 90840.1 23308.1 3071.09 2886.72
 59720.4 26907.5 27713.1 7083.75 1810.31
 223551 17922.8 7477.15 7657.28 2456.72
pred_Ctot
 14465 4169.76 10920.2 729.855 0.033645
 14023.3 10769 2220.88 5692.45 380.038
 13891.7 5195.08 2776.49 559.247 1527.21
 30710.2 7461.19 1941.66 1013.55 760.658
 9159.57 3833.74 629.416 159.62 145.649
 29301 6926.22 2080.08 334.304 161.95
 23519.3 22184.3 3659.28 1073.61 255.813
 2043.81 1393.98 854.668 136.979 49.6879
 7142.6 3192.62 1573.23 944.742 206.109
 12692.5 3066.99 926.777 445.097 325.148
 6150.63 981.173 155.225 45.6008 37.8405
 31176.7 9205.76 1055.07 163.42 87.7452
 24639.8 8883.57 1735.07 193.488 45.9924
 26522.8 11347.9 2719.15 516.963 71.2492
 19169.2 4611.39 1210.32 280.585 60.5886
 84777.3 4362.18 680.464 173.514 48.8352
 11454.8 18751 645.454 98.0476 31.9923
 90069.6 4034.77 4578.83 153.896 30.9656
 67089.5 45192.6 1407.11 1559.52 62.8826
 50434.3 21020.3 9594.33 291.186 335.279
 56099.6 14124.1 4017.94 1788.57 116.624
 94854.6 25454.7 4449.15 1235.96 585.313
 11747.6 20975 3848.64 656.135 268.228
 30952.4 4265.58 5379.55 965.128 231.522
 26422.8 12720.6 1244.61 1535.32 341.117
 9441.32 8971.96 3068.54 293.678 442.24
 26217.7 4974.91 3384.06 1132.78 271.35
 25359.8 9271.86 1249.57 831.421 344.567
 6802.79 9953.87 2601.84 343.159 322.575
 7070.5 4256.94 4463.3 1141.95 291.848
 28473.4 3043.06 1292.15 1324.52 424.973
F
 0.140354 0.1934 0.197325 0.197536 0.197547
 0.2585 0.3562 0.363429 0.363818 0.363838
 0.253569 0.349405 0.356496 0.356877 0.356897
 0.385548 0.531264 0.542047 0.542626 0.542657
 0.128551 0.177136 0.180731 0.180924 0.180934
 0.23591 0.325072 0.33167 0.332024 0.332043
 0.54165 0.746365 0.761513 0.762328 0.762371
 0.0925427 0.127519 0.130107 0.130246 0.130254
 0.368535 0.507822 0.518129 0.518683 0.518712
 0.512499 0.706197 0.72053 0.7213 0.721341
 0.113474 0.156361 0.159534 0.159705 0.159714
 0.459383 0.633005 0.645853 0.646543 0.64658
 0.429824 0.592275 0.604296 0.604942 0.604976
 0.745479 1.02723 1.04808 1.0492 1.04926
 0.538059 0.741417 0.756465 0.757274 0.757316
 0.420056 0.578816 0.590563 0.591195 0.591228
 0.274479 0.378218 0.385894 0.386307 0.386329
 0.259268 0.357258 0.364509 0.364898 0.364919
 0.365741 0.503972 0.514201 0.514751 0.51478
 0.338852 0.46692 0.476396 0.476906 0.476933
 0.265487 0.365828 0.373252 0.373652 0.373673
 0.334407 0.460795 0.470148 0.47065 0.470677
 0.199026 0.274248 0.279814 0.280113 0.280129
 0.177122 0.244064 0.249018 0.249284 0.249298
 0.175983 0.242496 0.247417 0.247682 0.247696
 0.141656 0.195195 0.199156 0.199369 0.199381
 0.176768 0.243578 0.248521 0.248787 0.248801
 0.148857 0.205118 0.209281 0.209505 0.209516
 0.135852 0.187197 0.190996 0.191201 0.191211
 0.203602 0.280553 0.286247 0.286553 0.286569
 0.22053 0.303878 0.310046 0.310377 0.310395
nmprior
 8.19 8.8 8.5 0
nm_flota  nm_reclas  nm_pelaces    nm_pelaL
inf 13.5224 20.1167 49.502
cv_recla  cv_pelaces  cv_mph
0.322643 0.468122 0.883685
 ------------------------------------------------
Talla a la edad & desviaci?n 
 8 13.2811 15.8009 17.003 17.5766
 0.8 1.32811 1.58009 1.7003 1.75766
