    unsorted:	 2.365975573e-06 2.294584477e-06 6.022507755e-05 5.461964188e-05 8.323446203e-05 -5.450936788e-05 0.001099993664 13.48622175 66.89704613 172.6662473 159.7022496 240.5122208 296.0206226 383.5129317 713.0843566 809.1622479 849.3090034 927.9759483 966.8296912 552.8130674 1068.678640 1197.782546 1279.822170 1369.212839 1557.022315 1610.327114 1949.793864 2064.614519 2152.444675 2525.940737 2490.499989 2470.169772 2292.217583 2632.064756 2641.651349 2866.787092 3186.963222 3286.678328 3413.110327 3890.182950 4004.041642 4268.471921 5545.796236 9055.779848 37054.61599 402582.0196 404183.7208 411890.9665 416950.3180 386885.6525 367010.4786 451642.0566 465193.7321 469136.6244 474344.6408 345528.5774 158344.0885 528778.2487 558930.4174 585440.8907 611921.4825 665638.3826 821975.8097 870465.6600 999422.5993 1066311.290 1316742.097 1332939.120 1517052.708 1646255.110 2225691.488 2347179.399 2667960.281 2744099.911 3123685.176 3151589.784 5156624.740
      sorted:	 -5.450936788e-05 2.294584477e-06 2.365975573e-06 5.461964188e-05 6.022507755e-05 8.323446203e-05 0.001099993664 13.48622175 66.89704613 159.7022496 172.6662473 240.5122208 296.0206226 383.5129317 552.8130674 713.0843566 809.1622479 849.3090034 927.9759483 966.8296912 1068.678640 1197.782546 1279.822170 1369.212839 1557.022315 1610.327114 1949.793864 2064.614519 2152.444675 2292.217583 2470.169772 2490.499989 2525.940737 2632.064756 2641.651349 2866.787092 3186.963222 3286.678328 3413.110327 3890.182950 4004.041642 4268.471921 5545.796236 9055.779848 37054.61599 158344.0885 345528.5774 367010.4786 386885.6525 402582.0196 404183.7208 411890.9665 416950.3180 451642.0566 465193.7321 469136.6244 474344.6408 528778.2487 558930.4174 585440.8907 611921.4825 665638.3826 821975.8097 870465.6600 999422.5993 1066311.290 1316742.097 1332939.120 1517052.708 1646255.110 2225691.488 2347179.399 2667960.281 2744099.911 3123685.176 3151589.784 5156624.740
