years
 1991 1992 1993 1994 1995 1996 1997 1998 1999 2000 2001 2002 2003 2004 2005 2006 2007 2008 2009 2010 2011 2012 2013 2014 2015 2016 2017 2018 2019 2020 2021
reclasobs
 0 0 0 0 0 0 0 0 0 252601 567819 844713 477998 351125 339783 2.1784e+06 2.13404e+06 4.81314e+06 1.55562e+06 2.62356e+06 3.21686e+06 3.843e+06 1.13348e+06 3.07943e+06 1.97215e+06 2.03268e+06 2.025e+06 2.42433e+06 2.27542e+06 1.05018e+06 2.36338e+06
reclaspred
 4.94542e+06 2.88478e+06 1.47766e+06 1.71659e+06 2.04868e+06 2.90931e+06 2.16981e+06 1.87036e+06 1.28419e+06 877054 702399 782918 765457 639048 673528 1.37828e+06 1.6148e+06 2.92772e+06 2.60068e+06 2.02283e+06 3.53185e+06 2.80951e+06 2.48261e+06 3.47331e+06 2.77711e+06 2.56957e+06 2.80918e+06 2.77696e+06 2.61729e+06 1.81844e+06 2.54099e+06
pelacesobs
 0 0 0 0 0 0 0 0 0 0 0 0 0 0 0 552880 188675 0 991730 2.46772e+06 1.41603e+06 1.21717e+06 2.29649e+06 1.80582e+06 0 1.4828e+06 1.56532e+06 1.57751e+06 1.42118e+06 867257 1.10002e+06
pelacespred
 2.39863e+06 1.56172e+06 818941 806222 950812 1.41583e+06 1.06039e+06 1.01203e+06 714405 469341 394024 355108 372427 334703 366471 623982 701375 1.44946e+06 1.34806e+06 979764 1.5964e+06 1.44133e+06 1.22577e+06 1.88734e+06 1.46756e+06 1.33053e+06 1.66946e+06 1.6626e+06 1.24067e+06 973136 1.40001e+06
mphobs
 0 0 0 0 0 0 0 0 0 0 0 498337 0 5186 125008 0 168611 109162 213762 579715 649985 157893 87575 83554 0 0 0 0 0 0 0
mphpred
 4.6245e+06 3.14581e+06 1.63729e+06 912570 1.41876e+06 1.74254e+06 2.15336e+06 1.51263e+06 1.23908e+06 821606 511349 553399 537710 469344 359642 483359 1.19729e+06 1.26073e+06 2.07836e+06 1.6544e+06 1.82034e+06 2.23845e+06 2.07429e+06 1.81554e+06 2.46291e+06 2.04212e+06 1.7515e+06 1.81315e+06 2.37396e+06 1.70455e+06 1.20289e+06
desembarqueobs
 494567 514787 250237 358949 120608 361735 552515 73892 212993 205616 52469 317467 293654 387597 252695 516296 358380 742168 942051 627588 828172 859565 418607 520667 417249 300574 415391 372974 316634 284311 391294
desembarquepred
 494574 512610 251569 358961 120610 361753 552610 73894.8 213047 205676 52471.9 317581 293746 387715 252715 516319 358418 742133 942016 627561 828298 859701 418642 520711 417275 300589 415412 372983 316648 284334 391304
Reclutas
 255442 148958 143720 418000 324087 427226 178144 85282.2 66072.3 81297.2 127148 161250 145779 109099 118122 509631 147127 735192 493654 371609 542454 699368 182800 458689 392191 195234 392920 415780 151786 123839 429211
log_desv_Rt
 0.082961 -0.456368 -0.49217 0.575448 0.320976 0.597278 -0.277442 -1.01407 -1.26929 -1.06192 -0.614681 -0.377078 -0.477942 -0.767784 -0.688319 0.773652 -0.468736 1.1401 0.741801 0.457807 0.836069 1.09014 -0.251643 0.668338 0.511715 -0.185835 0.513572 0.570122 -0.437562 -0.641055 0.601915
SSB
 4.6245e+06 3.14581e+06 1.63729e+06 912570 1.41876e+06 1.74254e+06 2.15336e+06 1.51263e+06 1.23908e+06 821606 511349 553399 537710 469344 359642 483359 1.19729e+06 1.26073e+06 2.07836e+06 1.6544e+06 1.82034e+06 2.23845e+06 2.07429e+06 1.81554e+06 2.46291e+06 2.04212e+06 1.7515e+06 1.81315e+06 2.37396e+06 1.70455e+06 1.20289e+06
BT
 6.11946e+06 4.2201e+06 2.19914e+06 2.39688e+06 2.48865e+06 3.95942e+06 3.08171e+06 2.57819e+06 1.96426e+06 1.36208e+06 1.05121e+06 1.18512e+06 1.23249e+06 1.28291e+06 1.23429e+06 2.1235e+06 2.05114e+06 4.54333e+06 4.38528e+06 3.02744e+06 4.86241e+06 4.48429e+06 3.42401e+06 5.47607e+06 4.04855e+06 3.607e+06 4.80759e+06 4.74369e+06 3.28918e+06 2.65179e+06 4.10151e+06
Ftot
 0.0908848 0.161252 0.153609 0.173627 0.0504986 0.105282 0.2224 0.0350393 0.146431 0.204557 0.0634006 0.335638 0.318067 0.48887 0.301039 0.294592 0.187921 0.205954 0.299642 0.26052 0.196391 0.254163 0.145993 0.124769 0.128771 0.101286 0.123567 0.110913 0.106679 0.138028 0.126233
BD_Bspro_t
 0.985564 0.891444 0.773806 0.709278 0.76079 0.820424 0.809822 0.714734 0.74848 0.708225 0.667836 0.759641 0.635359 0.553876 0.470279 0.540562 0.648895 0.646616 0.69866 0.617712 0.595326 0.640057 0.64915 0.65602 0.746506 0.754601 0.767621 0.793145 0.822059 0.773684 0.736565
BD_Bspro
 2.75183 1.87193 0.974276 0.543029 0.84424 1.0369 1.28137 0.900097 0.737319 0.4889 0.304281 0.329303 0.319967 0.279285 0.214007 0.287625 0.712452 0.750201 1.23674 0.984461 1.0832 1.332 1.23432 1.08034 1.46556 1.21517 1.04224 1.07893 1.41263 1.0143 0.715784
BD_Bo
 1.96265 1.33509 0.694868 0.387296 0.602125 0.739535 0.91389 0.641963 0.525866 0.348691 0.217017 0.234864 0.228205 0.19919 0.152633 0.205138 0.508131 0.535054 0.882059 0.702132 0.772557 0.950001 0.880332 0.770517 1.04526 0.866677 0.743338 0.769506 1.00751 0.723416 0.510507
BD_Brms
 13.9233 9.47128 4.92949 2.74753 4.27155 5.24636 6.48326 4.55417 3.73057 2.47366 1.53955 1.66615 1.61892 1.41308 1.0828 1.45528 3.60475 3.79575 6.25745 4.98102 5.48063 6.73944 6.2452 5.46615 7.41523 6.14833 5.27334 5.45898 7.14742 5.13201 3.62161
Sel_flota
 0.900422 1 1 1 1
 0.900422 1 1 1 1
 0.900422 1 1 1 1
 0.900422 1 1 1 1
 0.900422 1 1 1 1
 0.900422 1 1 1 1
 0.900422 1 1 1 1
 0.900422 1 1 1 1
 0.900422 1 1 1 1
 0.900422 1 1 1 1
 0.900422 1 1 1 1
 0.900422 1 1 1 1
 0.900422 1 1 1 1
 0.900422 1 1 1 1
 0.900422 1 1 1 1
 0.900422 1 1 1 1
 0.900422 1 1 1 1
 0.900422 1 1 1 1
 0.900422 1 1 1 1
 0.900422 1 1 1 1
 0.900422 1 1 1 1
 0.900422 1 1 1 1
 0.900422 1 1 1 1
 0.900422 1 1 1 1
 0.900422 1 1 1 1
 0.900422 1 1 1 1
 0.900422 1 1 1 1
 0.900422 1 1 1 1
 0.900422 1 1 1 1
 0.900422 1 1 1 1
 0.900422 1 1 1 1
Sel_reclas
 0.722641 0.929139 0.985072 0.996998 0.999402
 0.722641 0.929139 0.985072 0.996998 0.999402
 0.722641 0.929139 0.985072 0.996998 0.999402
 0.722641 0.929139 0.985072 0.996998 0.999402
 0.722641 0.929139 0.985072 0.996998 0.999402
 0.722641 0.929139 0.985072 0.996998 0.999402
 0.722641 0.929139 0.985072 0.996998 0.999402
 0.722641 0.929139 0.985072 0.996998 0.999402
 0.722641 0.929139 0.985072 0.996998 0.999402
 0.722641 0.929139 0.985072 0.996998 0.999402
 0.722641 0.929139 0.985072 0.996998 0.999402
 0.722641 0.929139 0.985072 0.996998 0.999402
 0.722641 0.929139 0.985072 0.996998 0.999402
 0.722641 0.929139 0.985072 0.996998 0.999402
 0.722641 0.929139 0.985072 0.996998 0.999402
 0.722641 0.929139 0.985072 0.996998 0.999402
 0.722641 0.929139 0.985072 0.996998 0.999402
 0.722641 0.929139 0.985072 0.996998 0.999402
 0.722641 0.929139 0.985072 0.996998 0.999402
 0.722641 0.929139 0.985072 0.996998 0.999402
 0.722641 0.929139 0.985072 0.996998 0.999402
 0.722641 0.929139 0.985072 0.996998 0.999402
 0.722641 0.929139 0.985072 0.996998 0.999402
 0.722641 0.929139 0.985072 0.996998 0.999402
 0.722641 0.929139 0.985072 0.996998 0.999402
 0.722641 0.929139 0.985072 0.996998 0.999402
 0.722641 0.929139 0.985072 0.996998 0.999402
 0.722641 0.929139 0.985072 0.996998 0.999402
 0.722641 0.929139 0.985072 0.996998 0.999402
 0.722641 0.929139 0.985072 0.996998 0.999402
 0.722641 0.929139 0.985072 0.996998 0.999402
Sel_pelaces
 0.799577 0.952556 0.9902 0.998037 0.999609
 0.799577 0.952556 0.9902 0.998037 0.999609
 0.799577 0.952556 0.9902 0.998037 0.999609
 0.799577 0.952556 0.9902 0.998037 0.999609
 0.799577 0.952556 0.9902 0.998037 0.999609
 0.799577 0.952556 0.9902 0.998037 0.999609
 0.799577 0.952556 0.9902 0.998037 0.999609
 0.799577 0.952556 0.9902 0.998037 0.999609
 0.799577 0.952556 0.9902 0.998037 0.999609
 0.799577 0.952556 0.9902 0.998037 0.999609
 0.799577 0.952556 0.9902 0.998037 0.999609
 0.799577 0.952556 0.9902 0.998037 0.999609
 0.799577 0.952556 0.9902 0.998037 0.999609
 0.799577 0.952556 0.9902 0.998037 0.999609
 0.799577 0.952556 0.9902 0.998037 0.999609
 0.799577 0.952556 0.9902 0.998037 0.999609
 0.799577 0.952556 0.9902 0.998037 0.999609
 0.799577 0.952556 0.9902 0.998037 0.999609
 0.799577 0.952556 0.9902 0.998037 0.999609
 0.799577 0.952556 0.9902 0.998037 0.999609
 0.799577 0.952556 0.9902 0.998037 0.999609
 0.799577 0.952556 0.9902 0.998037 0.999609
 0.799577 0.952556 0.9902 0.998037 0.999609
 0.799577 0.952556 0.9902 0.998037 0.999609
 0.799577 0.952556 0.9902 0.998037 0.999609
 0.799577 0.952556 0.9902 0.998037 0.999609
 0.799577 0.952556 0.9902 0.998037 0.999609
 0.799577 0.952556 0.9902 0.998037 0.999609
 0.799577 0.952556 0.9902 0.998037 0.999609
 0.799577 0.952556 0.9902 0.998037 0.999609
 0.799577 0.952556 0.9902 0.998037 0.999609
pf_obs 
 0.8446 0.082 0.0669 0.0065 0
 0.8095 0.147 0.0364 0.0071 0
 0.9664 0.0169 0.016 0.0007 0
 0.9276 0.0648 0.0075 0.0001 0
 0.7033 0.2144 0.0806 0.0017 0
 0.9318 0.0425 0.0243 0.0014 0
 0.5671 0.3108 0.0964 0.0239 0.0018
 0.0768 0.2599 0.5324 0.112 0.0189
 0.490249 0.384438 0.106611 0.0170017 0.00170017
 0.7925 0.1577 0.0466 0.003 0.0002
 0.840416 0.127587 0.0312969 0.00059994 9.999e-05
 0.8084 0.0986 0.0794 0.0134 0.0002
 0.7335 0.1905 0.0724 0.0035 0.0001
 0.4001 0.4547 0.1325 0.0127 0
 0.49795 0.308269 0.164784 0.0264974 0.00249975
 0.9179 0.0499 0.0305 0.0017 0
 0.2467 0.6533 0.0926 0.0074 0
 0.9418 0.0223 0.034 0.0019 0
 0.707729 0.231977 0.0356964 0.0245975 0
 0.517169 0.277429 0.184464 0.0207286 0.00020938
 0.811772 0.124168 0.05621 0.00726502 0.000585176
 0.764997 0.148141 0.077277 0.00933861 0.000247198
 0.163321 0.427699 0.378323 0.0303852 0.000271297
 0.753843 0.0900009 0.118128 0.0371064 0.000921714
 0.721811 0.176058 0.0630433 0.0369309 0.00215725
 0.143369 0.312575 0.442814 0.0836902 0.0175525
 0.692698 0.0596174 0.167031 0.0765114 0.00414204
 0.394062 0.376323 0.152708 0.0712218 0.00568511
 0.125707 0.32114 0.495352 0.0537591 0.00404204
 0.23352 0.215282 0.420074 0.123614 0.00750983
 0.774587 0.0839891 0.0768558 0.0609784 0.00358967
pf_pred 
 0.451709 0.0965309 0.430969 0.0207896 7.43603e-07
 0.427598 0.274253 0.0524916 0.234353 0.0113054
 0.556023 0.202368 0.115761 0.0221565 0.103691
 0.827798 0.100557 0.0326563 0.0186804 0.0203081
 0.652259 0.293355 0.0317586 0.0103137 0.0123136
 0.696368 0.205346 0.082914 0.00897627 0.0063954
 0.44884 0.396466 0.10462 0.042243 0.00783156
 0.406725 0.28371 0.222679 0.0587607 0.0281248
 0.460039 0.233675 0.146469 0.114961 0.0448559
 0.628498 0.181419 0.0822608 0.0515616 0.0562603
 0.7515 0.162865 0.0418187 0.0189618 0.0248539
 0.719737 0.216145 0.0420225 0.01079 0.0113053
 0.692879 0.228584 0.0605695 0.0117758 0.00619171
 0.641034 0.257964 0.0751734 0.0199192 0.0059089
 0.736593 0.176869 0.062189 0.0181225 0.00622654
 0.914119 0.0652483 0.0138539 0.00487117 0.00190722
 0.461502 0.497178 0.0313929 0.00666554 0.00326129
 0.877498 0.0600795 0.0576325 0.00363904 0.00115071
 0.640382 0.319896 0.0194812 0.0186877 0.00155311
 0.619648 0.254142 0.11227 0.00683704 0.00710364
 0.746753 0.164005 0.0596292 0.0263418 0.0032709
 0.745045 0.195846 0.0382801 0.0139179 0.00691185
 0.382975 0.473369 0.11035 0.0215691 0.0117366
 0.742756 0.105504 0.116412 0.0271376 0.00819065
 0.642532 0.272967 0.0346566 0.03824 0.0116049
 0.478533 0.348305 0.132229 0.0167882 0.0241456
 0.733016 0.135155 0.0880529 0.033428 0.0103482
 0.686885 0.23621 0.0389317 0.0253638 0.0126098
 0.413292 0.416759 0.128207 0.0211309 0.0206109
 0.493347 0.223171 0.201367 0.0619466 0.0201686
 0.834329 0.0864124 0.0349118 0.0315009 0.0128457
pobs_RECLAS
 0 0 0 0 0
 0 0 0 0 0
 0 0 0 0 0
 0 0 0 0 0
 0 0 0 0 0
 0 0 0 0 0
 0 0 0 0 0
 0 0 0 0 0
 0 0 0 0 0
 0 0 0 0 0
 0.991045 0.00858322 0.000360255 1.14367e-05 0
 0.934742 0.0480273 0.0164251 0.00080598 0
 0.827803 0.169806 0.00239088 0 0
 0.941827 0.0461693 0.0120037 0 0
 0.791401 0.0380133 0.147996 0.0225897 0
 0.846168 0.0940531 0.0597789 0 0
 0.134021 0.677848 0.182769 0.00536245 0
 0.80878 0.0450904 0.141981 0.00414843 0
 0.846168 0.0940531 0.0597789 0 0
 0.905697 0.0802665 0.012482 0.00150086 5.37128e-05
 0.989698 0.0102097 9.19794e-05 0 0
 0.975433 0.0193895 0.00387452 0.00125025 5.28907e-05
 0.303575 0.632131 0.0575291 0.00676475 0
 0.966965 0.00978017 0.0227588 0.000495775 0
 0.843318 0.132988 0.00938335 0.0141283 0.000182051
 0.564624 0.303363 0.111486 0.0197234 0.00080311
 0.826376 0.0876187 0.0782897 0.00655872 0.00115652
 0.89761 0.0855135 0.0140674 0.00269457 0.000114338
 0.34875 0.467042 0.161289 0.0227151 0.000203297
 0.318654 0.224769 0.449479 0.00709798 0
 0.937255 0.0296025 0.0250945 0.00804832 0
ppred_RECLAS
 0.404129 0.099904 0.472879 0.0230875 8.27783e-07
 0.383941 0.284661 0.0577637 0.261012 0.0126218
 0.510918 0.214973 0.130374 0.0252555 0.11848
 0.801775 0.112573 0.0387591 0.0224398 0.0244539
 0.616016 0.320614 0.0367992 0.0120953 0.0144755
 0.660284 0.225203 0.0964055 0.0105632 0.00754421
 0.409129 0.417475 0.116796 0.0477302 0.00887018
 0.364347 0.294148 0.244769 0.0653718 0.0313646
 0.415145 0.2438 0.162015 0.128702 0.0503384
 0.585886 0.195405 0.0939362 0.0595927 0.06518
 0.718639 0.180209 0.0490576 0.0225134 0.0295803
 0.686864 0.237955 0.0490477 0.0127464 0.0133873
 0.65801 0.25048 0.0703668 0.0138462 0.00729788
 0.603817 0.279702 0.0864146 0.0231751 0.00689131
 0.703537 0.194966 0.0726786 0.0214357 0.00738264
 0.900803 0.0742125 0.0167058 0.00594504 0.00233329
 0.424625 0.52865 0.0353895 0.00760509 0.00372997
 0.857389 0.0678258 0.06898 0.00440827 0.00139731
 0.604995 0.348799 0.02252 0.0218643 0.00182149
 0.580285 0.274811 0.128709 0.00793304 0.00826226
 0.713882 0.181172 0.069836 0.0312242 0.00388651
 0.713714 0.216646 0.044895 0.0165206 0.00822414
 0.345995 0.494443 0.122201 0.0241747 0.0131862
 0.70648 0.116047 0.135754 0.0320295 0.00969043
 0.604706 0.297066 0.0399869 0.0446556 0.0135845
 0.43724 0.368112 0.148161 0.0190387 0.0274484
 0.697035 0.148624 0.102657 0.039444 0.01224
 0.651088 0.258955 0.0452499 0.029837 0.0148695
 0.374223 0.436462 0.142352 0.0237462 0.0232177
 0.448425 0.234546 0.224371 0.0698588 0.0227995
 0.808362 0.0968165 0.0414698 0.0378713 0.0154807
pobs_PELACES
 0 0 0 0 0
 0 0 0 0 0
 0 0 0 0 0
 0 0 0 0 0
 0 0 0 0 0
 0 0 0 0 0
 0 0 0 0 0
 0 0 0 0 0
 0 0 0 0 0
 0 0 0 0 0
 0 0 0 0 0
 0 0 0 0 0
 0 0 0 0 0
 0 0 0 0 0
 0 0 0 0 0
 0 0 0 0 0
 0.505614 0.472636 0.0217494 0 0
 0 0 0 0 0
 0.443492 0.261883 0.143347 0.151278 0
 0.227955 0.32914 0.350689 0.0885471 0.00366901
 0.970185 0.0296113 0.000203453 0 0
 0.997202 0.00247181 0.000326279 0 0
 0.445219 0.490057 0.0546422 0.010081 0
 0.90214 0.0892962 0.00764917 0.000914606 0
 0 0 0 0 0
 0.581667 0.319106 0.0959925 0.00289975 0.000334073
 0.762889 0.0836404 0.116647 0.0363945 0.000428098
 0.88444 0.0763242 0.0277011 0.0115352 0
 0.521256 0.241999 0.230069 0.00667565 0
 0.616807 0.101726 0.260614 0.0208532 0
 0.833518 0.0704572 0.0857862 0.0102388 0
ppred_PELACES
 0.427393 0.0976034 0.452979 0.0220243 7.89005e-07
 0.406395 0.277705 0.055253 0.248633 0.0120132
 0.534297 0.207251 0.123239 0.0237745 0.111439
 0.815919 0.105541 0.0356294 0.0205424 0.0223676
 0.635097 0.305761 0.0344099 0.0112632 0.0134683
 0.679425 0.213971 0.0898107 0.00979986 0.00699318
 0.430984 0.404511 0.110961 0.0451581 0.00838518
 0.38511 0.287744 0.23477 0.0624417 0.0299338
 0.4381 0.237241 0.154581 0.122288 0.0477899
 0.608666 0.186833 0.0880637 0.0556358 0.0608014
 0.735744 0.170593 0.0455339 0.0208098 0.0273191
 0.706382 0.224257 0.0453226 0.0117295 0.012309
 0.678453 0.236806 0.0652279 0.0127819 0.00673128
 0.627105 0.264865 0.0802347 0.0214286 0.00636667
 0.722619 0.18372 0.0671506 0.0197232 0.0067872
 0.908664 0.0686939 0.0151619 0.00537328 0.00210713
 0.445297 0.510509 0.0335085 0.00717104 0.00351415
 0.868444 0.0632254 0.0630472 0.00401244 0.00127078
 0.625973 0.331112 0.0209611 0.0202665 0.00168697
 0.602457 0.262104 0.120363 0.00738792 0.00768809
 0.731989 0.171017 0.0646357 0.0287795 0.00357922
 0.731698 0.204081 0.0414663 0.0151957 0.00755829
 0.365726 0.481939 0.116788 0.0230081 0.0125394
 0.725359 0.109946 0.126108 0.0296305 0.00895712
 0.625068 0.283316 0.0373921 0.0415849 0.0126399
 0.458691 0.356621 0.140736 0.0180097 0.0259432
 0.715913 0.140865 0.0954 0.0365038 0.0113182
 0.670258 0.246102 0.0421652 0.0276879 0.0137869
 0.394579 0.424914 0.135882 0.0225731 0.0220523
 0.471475 0.227457 0.213346 0.0661509 0.0215714
 0.822114 0.0908545 0.038157 0.0347016 0.0141732
pobs_pel_tallas
 0 0 0 0 0 0 0 0 0 0 0 0 0 0 0 0 0 0 0 0 0 0 0 0 0 0
 0 0 0 0 0 0 0 0 0 0 0 0 0 0 0 0 0 0 0 0 0 0 0 0 0 0
 0 0 0 0 0 0 0 0 0 0 0 0 0 0 0 0 0 0 0 0 0 0 0 0 0 0
 0 0 0 0 0 0 0 0 0 0 0 0 0 0 0 0 0 0 0 0 0 0 0 0 0 0
 0 0 0 0 0 0 0 0 0 0 0 0 0 0 0 0 0 0 0 0 0 0 0 0 0 0
 0 0 0 0 0 0 0 0 0 0 0 0 0 0 0 0 0 0 0 0 0 0 0 0 0 0
 0 0 0 0 0 0 0 0 0 0 0 0 0 0 0 0 0 0 0 0 0 0 0 0 0 0
 0 0 0 0 0 0 0 0 0 0 0 0 0 0 0 0 0 0 0 0 0 0 0 0 0 0
 0 0 0 0 0 0 0 0 0 0 0 0 0 0 0 0 0 0 0 0 0 0 0 0 0 0
 0 0 0 0 0 0 0 0 0 0 0 0 0 0 0 0 0 0 0 0 0 0 0 0 0 0
 0 0 0 0 0 0 0 0 0 0 0 0 0 0 0 0 0 0 0 0 0 0 0 0 0 0
 0 0 0 0 0 0 0 0 0 0 0 0 0 0 0 0 0 0 0 0 0 0 0 0 0 0
 0.00862536 0 0 0.000197151 0.00414017 0.0128641 0.00837892 0.0270097 0.101434 0.158115 0.152841 0.127902 0.109271 0.109419 0.0830992 0.0579132 0.0238553 0.00714673 0.00463305 0.00128148 0.00103504 0.000492878 0.000147863 0.000147863 4.92878e-05 0
 0 0 0 0 0 0 0 0 0 0 0 0 0 0 0 0 0 0 0 0 0 0 0 0 0 0
 0 0 0 0 0 0 0 0.0054083 0.00873648 0.0413646 0.0450493 0.0745869 0.0622846 0.0627006 0.0613931 0.0827291 0.12552 0.122667 0.0946155 0.0697135 0.0546179 0.0294188 0.0215738 0.0213955 0.0102223 0.00600262
 0 0 0 0 0.00359764 0.0251062 0.0480494 0.140153 0.205849 0.193036 0.1447 0.116669 0.0760912 0.0342217 0.00950174 0.001854 0.000860785 0 0 0 0.000165536 0 0.000143464 0 0 0
 0 0 0 0 0 0 0 0.000145254 0.000435761 0.0275982 0.070085 0.0708112 0.156366 0.174668 0.174014 0.160142 0.0824315 0.0480064 0.0283245 0.00493863 0.00203355 0 0 0 0 0
 0 0 0 0 0 0 0 0 0 0 0 0 0 0 0 0 0 0 0 0 0 0 0 0 0 0
 0 0 1.00437e-05 0.000401748 0.00122533 0.00171747 0.00176769 0.0269171 0.070346 0.194647 0.189555 0.159765 0.064822 0.0314167 0.0384472 0.0292271 0.0345202 0.0313363 0.0194345 0.0106764 0.0143323 0.0359363 0.0279516 0.0138201 0.00172751 0
 0 0.0021121 0.0136068 0.0755702 0.200478 0.177729 0.0527432 0.0373336 0.0318909 0.0142505 0.0149659 0.0166563 0.0217959 0.0798694 0.0677717 0.0528807 0.04013 0.0224614 0.0357745 0.0225083 0.00881397 0.00855152 0.00135912 0.000746735 0 0
 0 0 0 0 5.4009e-05 0.00500934 0.000945158 0.0243581 0.138947 0.33067 0.221406 0.137944 0.0707744 0.0437923 0.0131692 0.00525238 0.0047753 0.00276346 9.45158e-05 9.00151e-06 2.25038e-05 9.00151e-06 4.50075e-06 0 0 0
 0.000866109 0.00284123 0.00948549 0.0512746 0.133035 0.25785 0.225252 0.132002 0.0553304 0.0519788 0.0540692 0.017754 0.00435017 0.00159236 0.00146478 0.000404838 0.000125132 0.000115318 0.000107957 0.000100596 0 0 0 0 0 0
 0 0 0 0 0.00144013 0.00171154 0.00461396 0.0210425 0.0478622 0.0707936 0.0888783 0.103762 0.0637923 0.0337046 0.0602308 0.124433 0.169614 0.0934646 0.0462172 0.0250306 0.0313229 0.00938855 0.002487 0.000210481 0 0
 0 0.00764035 0.051015 0.0998891 0.058973 0.0496711 0.0374665 0.0718981 0.12319 0.153886 0.159021 0.0857701 0.0377988 0.023471 0.0147837 0.00900784 0.00315554 0.000888139 0.00291439 0.00214683 0.00393193 0.00274676 0.000635225 9.99891e-05 0 0
 0 0 0 0 0 0 0 0 0 0 0 0 0 0 0 0 0 0 0 0 0 0 0 0 0 0
 0 0 0 0 0 0 0 0 0 0 0 0 0 0 0 0 0 0 0 0 0 0 0 0 0 0
 0 0 0 0 0 0 0 0 0 0 0 0 0 0 0 0 0 0 0 0 0 0 0 0 0 0
 0 0 0 0 0 0 0 0 0 0 0 0 0 0 0 0 0 0 0 0 0 0 0 0 0 0
 0 0 0 0 0 0 0 0 0 0 0 0 0 0 0 0 0 0 0 0 0 0 0 0 0 0
 0 0 0 0 0 0 0 0 0 0 0 0 0 0 0 0 0 0 0 0 0 0 0 0 0 0
 0 0 0 0 0 0 0 0 0 0 0 0 0 0 0 0 0 0 0 0 0 0 0 0 0 0
ppred_pel_tallas
 1.15306e-16 3.52038e-05 0.000342194 0.002274 0.0103373 0.0321631 0.0685273 0.10002 0.10003 0.0685769 0.0323317 0.010833 0.00355115 0.00323853 0.00585245 0.010443 0.0169519 0.0252857 0.0352188 0.0464032 0.0581478 0.0690694 0.0770633 0.0799298 0.0764135 0.0669612
 1.28633e-16 3.34743e-05 0.000325382 0.00216228 0.00982943 0.0305832 0.0651616 0.0951109 0.0951378 0.065293 0.0310247 0.0111065 0.0053746 0.00736166 0.013471 0.0224266 0.0328348 0.0425137 0.0493808 0.0527763 0.0539688 0.0552624 0.0583355 0.0630772 0.0676844 0.069764
 1.24853e-16 4.40094e-05 0.000427787 0.0028428 0.012923 0.0402082 0.0856686 0.12504 0.12506 0.0857671 0.0405396 0.0138824 0.00525988 0.0057341 0.0102109 0.0170502 0.0251338 0.032861 0.0386675 0.0419577 0.0434755 0.0447054 0.0467674 0.0496765 0.052428 0.0536688
 1.06901e-16 6.72062e-05 0.000653268 0.0043412 0.0197345 0.0614013 0.130822 0.190941 0.190951 0.130872 0.0615691 0.0202197 0.00556133 0.00332434 0.00516267 0.00848965 0.0123716 0.0158833 0.0181437 0.018787 0.018184 0.0171645 0.016458 0.0162898 0.0163784 0.0162284
 1.0448e-16 5.23122e-05 0.000508493 0.00337912 0.015361 0.0477939 0.101831 0.148632 0.148661 0.101975 0.0482772 0.0167567 0.00688215 0.00815412 0.0145685 0.0239914 0.034533 0.0433846 0.0477254 0.0462722 0.040054 0.0317234 0.0239732 0.0182824 0.0147125 0.012516
 1.04813e-16 5.59634e-05 0.000543984 0.00361497 0.0164331 0.0511297 0.108938 0.159002 0.159023 0.109039 0.05147 0.0174173 0.00608984 0.00596161 0.0103888 0.0172004 0.0250381 0.0320397 0.0363259 0.0370022 0.0346311 0.0307339 0.0267564 0.0233464 0.020375 0.017443
 1.09254e-16 3.54997e-05 0.00034507 0.00229311 0.0104242 0.0324337 0.0691049 0.100869 0.100908 0.0692959 0.0330754 0.0122788 0.00695311 0.0105338 0.0194327 0.0321944 0.0466686 0.0593147 0.0665394 0.0666925 0.0610078 0.0526498 0.0446725 0.0385121 0.0339105 0.0298551
 1.18177e-16 3.17211e-05 0.00030834 0.00204903 0.00931461 0.0289814 0.0617489 0.0901302 0.0901582 0.0618861 0.0294431 0.0106526 0.00542351 0.00772773 0.0142784 0.0239648 0.0354838 0.0466584 0.0552574 0.0602374 0.0622187 0.0627149 0.062791 0.0623171 0.0603157 0.0559069
 1.24873e-16 3.60858e-05 0.000350766 0.00233097 0.0105963 0.032969 0.0702448 0.102529 0.102552 0.0703578 0.0333491 0.0116974 0.00510713 0.00645219 0.0117467 0.0196918 0.0291558 0.0383834 0.0456478 0.050288 0.0530809 0.0555178 0.0585521 0.0618432 0.0640045 0.0635149
 1.18458e-16 5.0135e-05 0.00048733 0.00323848 0.0147217 0.0458047 0.0975924 0.142443 0.142461 0.0976811 0.0461028 0.0155843 0.00541026 0.00525036 0.00916226 0.0152465 0.0223921 0.0291093 0.0339508 0.03636 0.0370189 0.0373111 0.0383128 0.0401053 0.0418423 0.0423614
 1.08068e-16 6.06023e-05 0.000589076 0.00391462 0.0177953 0.0553679 0.117968 0.172181 0.172197 0.118048 0.0556386 0.0185777 0.00588087 0.00488916 0.00825059 0.0136071 0.019749 0.025172 0.0283993 0.0287924 0.0269368 0.0242173 0.0219245 0.0205886 0.0199371 0.0193174
 1.04625e-16 5.81838e-05 0.000565567 0.00375839 0.0170851 0.0531583 0.11326 0.165311 0.165333 0.113366 0.0535134 0.0181112 0.00633526 0.00619506 0.010762 0.0177328 0.0256183 0.0323861 0.036006 0.0355512 0.0317411 0.0264246 0.0214354 0.0177141 0.0152112 0.0133668
 1.04364e-16 5.58833e-05 0.000543206 0.00360979 0.0164096 0.0510565 0.108782 0.158776 0.158798 0.108894 0.0514321 0.017495 0.00633674 0.0065045 0.011402 0.0188256 0.0272639 0.0346005 0.0387078 0.0385949 0.0349656 0.0296735 0.0245395 0.0204724 0.0174117 0.0148496
 1.0561e-16 5.16538e-05 0.000502094 0.00333659 0.0151677 0.0471924 0.100549 0.14676 0.146786 0.100674 0.0476127 0.0163826 0.00638985 0.00717901 0.0127666 0.0211139 0.0306215 0.0389524 0.0437493 0.0439171 0.0402346 0.0347368 0.0293941 0.0251448 0.0218557 0.0189294
 1.05112e-16 5.95212e-05 0.000578567 0.00384478 0.0174778 0.0543801 0.115863 0.16911 0.169127 0.11595 0.0546721 0.0183221 0.00596731 0.00522343 0.00891452 0.0147316 0.0214236 0.02738 0.0309945 0.0315237 0.0294948 0.0262661 0.023116 0.020594 0.0185255 0.0164596
 1.01351e-16 7.48454e-05 0.000727524 0.00483466 0.0219776 0.0683806 0.145692 0.212644 0.21265 0.145725 0.0684895 0.0222921 0.00562453 0.00245347 0.00335762 0.00544535 0.0078678 0.00995976 0.0110983 0.0109995 0.00987929 0.00829484 0.00679484 0.00565528 0.00485492 0.00422616
 1.02412e-16 3.66787e-05 0.00035653 0.00236927 0.0107704 0.0335109 0.0714003 0.104221 0.10427 0.0716404 0.0343169 0.0130974 0.0082074 0.0130909 0.0241914 0.0398557 0.0572234 0.071567 0.078091 0.0745838 0.0627532 0.0471129 0.0323475 0.0211889 0.0140131 0.00978331
 1.02454e-16 7.15326e-05 0.000695322 0.00462066 0.0210049 0.065354 0.139244 0.203232 0.203238 0.139274 0.0654557 0.0212998 0.00536502 0.00233361 0.00322196 0.00531484 0.00788492 0.0104045 0.0123695 0.0135183 0.0139315 0.0138733 0.0135274 0.0128678 0.0117572 0.0101411
 1.03008e-16 5.15606e-05 0.000501188 0.00333057 0.0151403 0.0471073 0.100368 0.146497 0.146529 0.100524 0.0476301 0.01665 0.00711829 0.00876418 0.0157282 0.0258785 0.0371783 0.0465576 0.0509316 0.0488972 0.0415882 0.0319359 0.0229439 0.0163044 0.0121494 0.00969511
 1.05583e-16 4.96237e-05 0.00048236 0.00320545 0.0145715 0.0453376 0.0965974 0.140992 0.141017 0.0967216 0.0457547 0.0157781 0.00624026 0.00712779 0.0127302 0.0211221 0.0307823 0.0394563 0.0448485 0.045852 0.0431219 0.0384678 0.0336041 0.029292 0.025387 0.0214601
 1.05401e-16 6.0293e-05 0.000586069 0.00389464 0.0177045 0.0550853 0.117366 0.171302 0.171319 0.117447 0.0553572 0.0184908 0.00587198 0.00491443 0.0083156 0.0137443 0.0200121 0.0256306 0.0291221 0.0298107 0.0281923 0.0255163 0.0229321 0.0208899 0.0191605 0.0172755
 1.04052e-16 6.02691e-05 0.000585837 0.00389309 0.0176974 0.0550634 0.117319 0.171235 0.171255 0.117415 0.0553866 0.0186313 0.00623843 0.00570976 0.00980356 0.0161439 0.0233268 0.0294993 0.0328161 0.032435 0.0290085 0.0242118 0.0197005 0.0163158 0.0140014 0.0122472
 1.07923e-16 3.01245e-05 0.000292821 0.0019459 0.00884581 0.0275228 0.058642 0.0855995 0.085646 0.0588694 0.0282866 0.0110528 0.00748965 0.0124077 0.023076 0.0382002 0.0552565 0.0699705 0.0779863 0.0772774 0.0693057 0.0579218 0.0469442 0.0383364 0.032047 0.0270468
 1.08155e-16 5.97469e-05 0.000580761 0.00385936 0.0175441 0.0545863 0.116302 0.169749 0.16976 0.116355 0.0547639 0.0180596 0.0051621 0.00345405 0.00560315 0.00939537 0.0140604 0.0187991 0.0228162 0.025722 0.0276713 0.029055 0.0300253 0.0302954 0.0293686 0.0269526
 1.07461e-16 5.1486e-05 0.000500463 0.00332575 0.0151184 0.0470391 0.100223 0.146284 0.146311 0.100356 0.0474873 0.0164132 0.0065765 0.00759933 0.0135415 0.0223287 0.0322221 0.040668 0.0451187 0.0444521 0.03966 0.0331749 0.0273763 0.0234299 0.0211424 0.0195999
 1.10349e-16 3.77818e-05 0.000367253 0.00244052 0.0110943 0.0345186 0.0735469 0.107351 0.107386 0.0737156 0.0350856 0.0127338 0.00656309 0.00939045 0.0172439 0.0286298 0.0416653 0.0532919 0.060395 0.0615189 0.0576609 0.0514277 0.0452833 0.0403062 0.0362004 0.032146
 1.08366e-16 5.89688e-05 0.000573198 0.0038091 0.0173156 0.0538754 0.114788 0.167539 0.167553 0.114855 0.0541009 0.0179686 0.00545449 0.00418654 0.00698479 0.0116213 0.0171307 0.0223816 0.026256 0.0282462 0.0287035 0.0284612 0.0281547 0.027812 0.026983 0.0251878
 1.0639e-16 5.52083e-05 0.000536644 0.00356619 0.0162114 0.0504398 0.107468 0.156858 0.156882 0.107584 0.0508294 0.017337 0.00639277 0.00671105 0.0117936 0.0194432 0.0280862 0.0355051 0.0394896 0.0390541 0.0350306 0.029488 0.0244505 0.0209123 0.0187252 0.01715
 1.10026e-16 3.25011e-05 0.000315922 0.00209941 0.00954366 0.0296941 0.0632679 0.0923499 0.092391 0.0634687 0.0303686 0.0114935 0.00699974 0.0110334 0.0204459 0.0339044 0.0492002 0.062634 0.0704358 0.0708513 0.065123 0.0565009 0.0481281 0.0414967 0.0363867 0.0318347
 1.165e-16 3.88348e-05 0.000377488 0.00250854 0.0114035 0.0354806 0.075596 0.110339 0.110361 0.0757048 0.0358467 0.0124647 0.00518735 0.00627515 0.0113865 0.0191493 0.0284916 0.0377518 0.045234 0.0501457 0.0529348 0.0546551 0.0559225 0.0563858 0.0550863 0.0512722
 1.07004e-16 6.77164e-05 0.000658228 0.00437416 0.0198843 0.0618674 0.131815 0.19239 0.192399 0.131859 0.0620122 0.0203032 0.00542847 0.00296921 0.00448502 0.00738382 0.0108153 0.0140058 0.0162304 0.0171991 0.0172288 0.016988 0.0170119 0.0173726 0.0177127 0.0175383
pSPR Fmed_Fpbrs
0.729226   0.190961 0.190961
Fs Fmed_Fpbrs
0.157476   1.005 1.005
SSBpbr Bo_Bmed_Bpbrs
2.35626e+06  1.60043e+06  332142 332142
Ro
235106
SPR SPRFo_SPRFmed_SPRFpbrs
1.68052e+06 1.22548e+06 320914
Fref
1.005
Nvult_r0
 288278 27187.6 10984.1 9911.01 4041.59
CTP_r0
 29422.3 3047.3 1231.15 1110.87 452.999
YTP_r0
391304
Np
 300137 140933 13045.8 5270.66 6297.78
Nvult_p0
 255467 121955 11289 4560.91 5449.72
CTP_p0
 121358 61129.6 5658.58 2286.14 2731.65
YTP_p0
 2.19064e+06
CBA_c0
931104
log_Ro
12.1878
likeval ReclasPelacesDesembMPH_pf_preclas_ppelaces_ptallas_desvR_qrecl_qpela
 27.0833 17.9652 0.233879 0.00325567 243.449 126.224 98.7476 0 19.4852 0 0 1.17974 0 0 0
q_reclas_q_pelaces
1 1
M
1
N
 255442 49335.8 220263 10625.3 0.380046
 148958 86588 16572.8 73990.7 3569.38
 143720 47392.9 27110.2 5188.85 24283.6
 418000 46041.9 14952.3 8553.15 9298.44
 324087 131518 14238.2 4623.89 5520.49
 427226 113925 46000.2 4979.99 3548.13
 178144 142953 37722.6 15231.5 2823.81
 85282.2 53642.3 42102.8 11110.1 5317.69
 66072.3 30399.2 19054.4 14955.4 5835.37
 81297.2 21304.1 9659.91 6054.9 6606.67
 127148 24876.5 6387.5 2896.28 3796.25
 161250 44179.8 8589.35 2205.47 2310.8
 145779 43848.5 11618.8 2258.92 1187.74
 109099 40273.7 11736.2 3109.81 922.504
 118122 25843.6 9086.85 2648 909.801
 509631 33137.1 7035.88 2473.88 968.607
 147127 143801 9079.89 1927.9 943.275
 735192 45699.7 43838.3 2768.05 875.29
 493654 224682 13682.8 13125.5 1090.84
 371609 138661 61254.9 3730.32 3875.78
 542454 108122 39311.3 17366.2 2156.38
 699368 167213 32683.6 11883.1 5901.33
 182800 204655 47708.3 9325.1 5074.17
 458689 58964.5 65061.3 15166.9 4577.64
 392191 150811 19147.4 21127.2 6411.58
 195234 128484 48776.9 6192.86 8906.88
 392920 65562.2 42713.5 16215.5 5019.8
 415780 129327 21315.4 13886.9 6903.99
 151786 138419 42582 7018.29 6845.58
 123839 50724.9 45769.1 14079.9 4584.16
 429211 40233.4 16254.8 14666.7 5980.92
pred_Ctot
 12772.9 2729.58 12186.4 587.863 0.0210267
 12877.1 8259.12 1580.79 7057.54 340.462
 11868.5 4319.63 2470.96 472.939 2213.33
 38732.5 4705.06 1527.99 874.054 950.215
 9140.44 4110.94 445.05 144.532 172.557
 24615.2 7258.57 2930.84 317.292 226.064
 20772.2 18348.4 4841.79 1955 362.443
 1678.61 1170.91 919.023 242.513 116.075
 5215.07 2648.98 1660.4 1303.22 508.493
 8775.61 2533.12 1148.59 719.947 785.554
 4480.66 971.05 249.335 113.056 148.186
 27246.4 8182.37 1590.8 408.468 427.974
 23489 7749.13 2053.34 399.207 209.903
 25446.6 10240.2 2984.1 790.716 234.561
 18123.5 4351.79 1530.13 445.895 153.201
 76695.1 5474.37 1162.35 408.694 160.017
 14678.6 15813.4 998.488 212.005 103.729
 79861.8 5467.88 5245.18 331.192 104.727
 75427.9 37679.3 2294.61 2201.15 182.934
 50064.2 20533.3 9070.79 552.396 573.936
 56385 12383.5 4502.42 1988.99 246.976
 92132.1 24218.2 4733.71 1721.09 854.718
 14387.5 17783.4 4145.61 810.304 440.919
 31095.1 4416.85 4873.54 1136.1 342.897
 27399.5 11640.1 1477.86 1630.67 494.868
 10837.7 7888.35 2994.69 380.215 546.845
 26391.7 4866.16 3170.28 1203.55 372.58
 25184.4 8660.56 1427.42 929.957 462.336
 8856.82 8931.11 2747.47 452.834 441.691
 9242.09 4180.76 3772.31 1160.47 377.828
 29422.3 3047.3 1231.15 1110.87 452.999
F
 0.0818347 0.0908848 0.0908848 0.0908848 0.0908848
 0.145195 0.161252 0.161252 0.161252 0.161252
 0.138313 0.153609 0.153609 0.153609 0.153609
 0.156337 0.173627 0.173627 0.173627 0.173627
 0.0454701 0.0504986 0.0504986 0.0504986 0.0504986
 0.0947984 0.105282 0.105282 0.105282 0.105282
 0.200254 0.2224 0.2224 0.2224 0.2224
 0.0315502 0.0350393 0.0350393 0.0350393 0.0350393
 0.13185 0.146431 0.146431 0.146431 0.146431
 0.184187 0.204557 0.204557 0.204557 0.204557
 0.0570873 0.0634006 0.0634006 0.0634006 0.0634006
 0.302216 0.335638 0.335638 0.335638 0.335638
 0.286394 0.318067 0.318067 0.318067 0.318067
 0.440189 0.48887 0.48887 0.48887 0.48887
 0.271062 0.301039 0.301039 0.301039 0.301039
 0.265257 0.294592 0.294592 0.294592 0.294592
 0.169208 0.187921 0.187921 0.187921 0.187921
 0.185446 0.205954 0.205954 0.205954 0.205954
 0.269804 0.299642 0.299642 0.299642 0.299642
 0.234578 0.26052 0.26052 0.26052 0.26052
 0.176835 0.196391 0.196391 0.196391 0.196391
 0.228853 0.254163 0.254163 0.254163 0.254163
 0.131456 0.145993 0.145993 0.145993 0.145993
 0.112345 0.124769 0.124769 0.124769 0.124769
 0.115948 0.128771 0.128771 0.128771 0.128771
 0.0912003 0.101286 0.101286 0.101286 0.101286
 0.111263 0.123567 0.123567 0.123567 0.123567
 0.0998683 0.110913 0.110913 0.110913 0.110913
 0.0960563 0.106679 0.106679 0.106679 0.106679
 0.124283 0.138028 0.138028 0.138028 0.138028
 0.113663 0.126233 0.126233 0.126233 0.126233
nmprior
 8.19 8.8 8.5 0
nm_flota  nm_reclas  nm_pelaces    nm_pelaL
inf 10.0013 16.2054 37.373
cv_recla  cv_pelaces  cv_mph
0.470734 0.480605 1.76086
 ------------------------------------------------
Talla a la edad & desviaci?n 
 8 13.2811 15.8009 17.003 17.5766
 0.8 1.32811 1.58009 1.7003 1.75766
