years
 1991 1992 1993 1994 1995 1996 1997 1998 1999 2000 2001 2002 2003 2004 2005 2006 2007 2008 2009 2010 2011 2012 2013 2014 2015 2016 2017 2018 2019 2020 2021
reclasobs
 0 0 0 0 0 0 0 0 0 252601 567819 844713 477998 351125 339783 2.1784e+06 2.13404e+06 4.81314e+06 1.55562e+06 2.62356e+06 3.21686e+06 3.843e+06 1.13348e+06 3.07943e+06 1.97215e+06 2.03268e+06 2.025e+06 2.42433e+06 2.27542e+06 1.05018e+06 2.36338e+06
reclaspred
 3.34587e+06 1.7132e+06 865658 734211 621386 2.12901e+06 1.01814e+06 739724 499691 272870 489135 765965 753436 528698 454465 1.57571e+06 1.03293e+06 3.85542e+06 2.69149e+06 1.93407e+06 3.15738e+06 2.77775e+06 1.80582e+06 3.0928e+06 2.23597e+06 1.83573e+06 2.36545e+06 2.93536e+06 2.14415e+06 1.03745e+06 1.61139e+06
pelacesobs
 0 0 0 0 0 0 0 0 0 0 0 0 0 0 0 552880 188675 0 991730 2.46772e+06 1.41603e+06 1.21717e+06 2.29649e+06 1.80582e+06 0 1.4828e+06 1.56532e+06 1.57751e+06 1.42118e+06 867257 1.10002e+06
pelacespred
 1.86772e+06 984272 456502 305948 309206 1.17174e+06 455238 478689 261646 118616 269458 342978 380336 254935 222947 700025 471435 2.15739e+06 1.46896e+06 921131 1.62285e+06 1.40212e+06 984458 1.90165e+06 1.28521e+06 1.08038e+06 1.58933e+06 1.95206e+06 1.22124e+06 624740 926227
mphobs
 0 0 0 0 0 0 0 0 0 0 0 498337 0 5186 125008 0 168611 109162 213762 579715 649985 157893 87575 83554 0 0 0 0 0 0 0
mphpred
 570209 348877 152447 85681.1 66954.9 77526.9 221647 92320.6 72429.5 35821 17595.9 60570.9 69320.1 53648.9 27726.5 32343.6 169812 105181 398415 223416 237861 280818 294735 197532 319540 260264 192149 227074 387259 216546 93884.2
desembarqueobs
 494567 514787 250237 358949 120608 361735 552515 73892 212993 205616 52469 317467 293654 387597 252695 516296 358380 742168 942051 627588 828172 859565 418607 520667 417249 300574 407403 355545 319650 289779 391294
desembarquepred
 494533 514495 250122 358918 120599 361652 552250 73891.2 212979 205592 52467.5 317402 293550 387287 252559 516041 358318 741800 941256 627005 828069 859137 418480 520585 417100 300494 407291 355416 319517 289657 391223
Reclutas
 123724 88596 88892.6 83711.4 59697.2 231613 59728.1 20329.7 27014.2 37075.8 59446.9 112035 91135.5 66780.7 50408.7 289561 37252.7 505814 234856 223671 260830 417575 57393.2 199973 175429 64334.3 164752 204524 49405.4 31324 134677
log_desv_Rt
 0.22025 -0.113718 -0.110376 -0.17043 -0.50852 0.847261 -0.508002 -1.58572 -1.30144 -0.984841 -0.512722 0.121004 -0.0854577 -0.39639 -0.677642 1.07056 -0.98008 1.62836 0.861166 0.812373 0.966062 1.43666 -0.547879 0.700378 0.569429 -0.433712 0.506637 0.722878 -0.697746 -1.15342 0.305075
SSB
 1.20165e+06 735220 321265 180563 141100 163379 467096 194556 152637 75488.8 37081.4 127647 146084 113059 58430.6 68160.5 357859 221657 839616 470825 501266 591793 621122 416277 673395 548478 404933 478533 816105 456347 197851
BT
 1.78842e+06 1.22007e+06 563034 515811 328669 1.22707e+06 815444 426757 406802 284368 253933 525664 557058 597709 424979 962333 629075 2.35974e+06 1.99791e+06 1.23656e+06 1.93585e+06 1.8364e+06 1.08745e+06 1.96759e+06 1.34346e+06 1.07232e+06 1.65033e+06 1.86178e+06 1.15924e+06 746726 1.09493e+06
Ftot
 0.352736 0.69419 0.694267 1.20693 0.511495 0.517308 1.19102 0.2546 1.0741 1.80057 0.336495 1.11851 1.03692 1.83892 1.53978 1.01032 0.809179 0.597629 0.873135 0.860159 0.711993 0.842333 0.552404 0.48786 0.482815 0.408082 0.490971 0.355696 0.346144 0.644287 0.712342
BD_Bspro_t
 0.945471 0.655735 0.394795 0.292346 0.227522 0.302914 0.466393 0.238566 0.254695 0.174192 0.124049 0.404073 0.306639 0.220993 0.124021 0.145149 0.349415 0.245768 0.471623 0.312738 0.285341 0.318515 0.350272 0.295155 0.436338 0.445225 0.429624 0.505738 0.615503 0.475899 0.32117
BD_Bspro
 1.69355 1.03618 0.452775 0.254477 0.198859 0.230259 0.658301 0.274197 0.215119 0.10639 0.0522607 0.179899 0.205884 0.15934 0.0823491 0.096062 0.504349 0.312393 1.18331 0.663557 0.706458 0.834043 0.875378 0.586679 0.949049 0.772997 0.570692 0.674421 1.15018 0.643152 0.27884
BD_Bo
 0.975001 0.596546 0.26067 0.146506 0.114486 0.132563 0.378994 0.157859 0.123847 0.0612504 0.0300873 0.10357 0.118531 0.0917343 0.0474097 0.0553044 0.290361 0.179849 0.681252 0.38202 0.406719 0.480171 0.503969 0.33776 0.546382 0.445026 0.328556 0.388274 0.662175 0.370273 0.160533
BD_Brms
 4.8924 2.99337 1.308 0.735146 0.574475 0.665182 1.90173 0.792113 0.621446 0.307345 0.150973 0.5197 0.594768 0.460308 0.237894 0.277509 1.45699 0.902456 3.41841 1.91692 2.04085 2.40942 2.52884 1.69483 2.74166 2.23307 1.64864 1.9483 3.32269 1.85797 0.805528
Sel_flota
 0.645643 0.971924 0.998482 0.99992 0.999996
 0.645643 0.971924 0.998482 0.99992 0.999996
 0.645643 0.971924 0.998482 0.99992 0.999996
 0.645643 0.971924 0.998482 0.99992 0.999996
 0.645643 0.971924 0.998482 0.99992 0.999996
 0.645643 0.971924 0.998482 0.99992 0.999996
 0.645643 0.971924 0.998482 0.99992 0.999996
 0.645643 0.971924 0.998482 0.99992 0.999996
 0.645643 0.971924 0.998482 0.99992 0.999996
 0.645643 0.971924 0.998482 0.99992 0.999996
 0.645643 0.971924 0.998482 0.99992 0.999996
 0.645643 0.971924 0.998482 0.99992 0.999996
 0.645643 0.971924 0.998482 0.99992 0.999996
 0.645643 0.971924 0.998482 0.99992 0.999996
 0.645643 0.971924 0.998482 0.99992 0.999996
 0.645643 0.971924 0.998482 0.99992 0.999996
 0.645643 0.971924 0.998482 0.99992 0.999996
 0.645643 0.971924 0.998482 0.99992 0.999996
 0.645643 0.971924 0.998482 0.99992 0.999996
 0.645643 0.971924 0.998482 0.99992 0.999996
 0.645643 0.971924 0.998482 0.99992 0.999996
 0.645643 0.971924 0.998482 0.99992 0.999996
 0.645643 0.971924 0.998482 0.99992 0.999996
 0.645643 0.971924 0.998482 0.99992 0.999996
 0.645643 0.971924 0.998482 0.99992 0.999996
 0.645643 0.971924 0.998482 0.99992 0.999996
 0.645643 0.971924 0.998482 0.99992 0.999996
 0.645643 0.971924 0.998482 0.99992 0.999996
 0.645643 0.971924 0.998482 0.99992 0.999996
 0.645643 0.971924 0.998482 0.99992 0.999996
 0.645643 0.971924 0.998482 0.99992 0.999996
Sel_reclas
 0.999978 1 1 1 1
 0.999978 1 1 1 1
 0.999978 1 1 1 1
 0.999978 1 1 1 1
 0.999978 1 1 1 1
 0.999978 1 1 1 1
 0.999978 1 1 1 1
 0.999978 1 1 1 1
 0.999978 1 1 1 1
 0.999978 1 1 1 1
 0.999978 1 1 1 1
 0.999978 1 1 1 1
 0.999978 1 1 1 1
 0.999978 1 1 1 1
 0.999978 1 1 1 1
 0.999978 1 1 1 1
 0.999978 1 1 1 1
 0.999978 1 1 1 1
 0.999978 1 1 1 1
 0.999978 1 1 1 1
 0.999978 1 1 1 1
 0.999978 1 1 1 1
 0.999978 1 1 1 1
 0.999978 1 1 1 1
 0.999978 1 1 1 1
 0.999978 1 1 1 1
 0.999978 1 1 1 1
 0.999978 1 1 1 1
 0.999978 1 1 1 1
 0.999978 1 1 1 1
 0.999978 1 1 1 1
Sel_pelaces
 0.911005 1 1 1 1
 0.911005 1 1 1 1
 0.911005 1 1 1 1
 0.911005 1 1 1 1
 0.911005 1 1 1 1
 0.911005 1 1 1 1
 0.911005 1 1 1 1
 0.911005 1 1 1 1
 0.911005 1 1 1 1
 0.911005 1 1 1 1
 0.911005 1 1 1 1
 0.911005 1 1 1 1
 0.911005 1 1 1 1
 0.911005 1 1 1 1
 0.911005 1 1 1 1
 0.911005 1 1 1 1
 0.911005 1 1 1 1
 0.911005 1 1 1 1
 0.911005 1 1 1 1
 0.911005 1 1 1 1
 0.911005 1 1 1 1
 0.911005 1 1 1 1
 0.911005 1 1 1 1
 0.911005 1 1 1 1
 0.911005 1 1 1 1
 0.911005 1 1 1 1
 0.911005 1 1 1 1
 0.911005 1 1 1 1
 0.911005 1 1 1 1
 0.911005 1 1 1 1
 0.911005 1 1 1 1
pf_obs 
 0.8446 0.082 0.0669 0.0065 0
 0.8095 0.147 0.0364 0.0071 0
 0.9664 0.0169 0.016 0.0007 0
 0.9276 0.0648 0.0075 0.0001 0
 0.7033 0.2144 0.0806 0.0017 0
 0.9318 0.0425 0.0243 0.0014 0
 0.5671 0.3108 0.0964 0.0239 0.0018
 0.0768 0.2599 0.5324 0.112 0.0189
 0.490249 0.384438 0.106611 0.0170017 0.00170017
 0.7925 0.1577 0.0466 0.003 0.0002
 0.840416 0.127587 0.0312969 0.00059994 9.999e-05
 0.8084 0.0986 0.0794 0.0134 0.0002
 0.7335 0.1905 0.0724 0.0035 0.0001
 0.4001 0.4547 0.1325 0.0127 0
 0.49795 0.308269 0.164784 0.0264974 0.00249975
 0.9179 0.0499 0.0305 0.0017 0
 0.2467 0.6533 0.0926 0.0074 0
 0.9418 0.0223 0.034 0.0019 0
 0.707729 0.231977 0.0356964 0.0245975 0
 0.517169 0.277429 0.184464 0.0207286 0.00020938
 0.811772 0.124168 0.05621 0.00726502 0.000585176
 0.764997 0.148141 0.077277 0.00933861 0.000247198
 0.163321 0.427699 0.378323 0.0303852 0.000271297
 0.753843 0.0900009 0.118128 0.0371064 0.000921714
 0.721811 0.176058 0.0630433 0.0369309 0.00215725
 0.143369 0.312575 0.442814 0.0836902 0.0175525
 0.692698 0.0596174 0.167031 0.0765114 0.00414204
 0.394062 0.376323 0.152708 0.0712218 0.00568511
 0.125707 0.32114 0.495352 0.0537591 0.00404204
 0.23352 0.215282 0.420074 0.123614 0.00750983
 0.774587 0.0839891 0.0768558 0.0609784 0.00358967
pf_pred 
 0.500467 0.179459 0.290777 0.0292965 1.10358e-06
 0.522025 0.29532 0.06696 0.105122 0.0105738
 0.668541 0.216516 0.0720675 0.0157378 0.0271372
 0.703281 0.230592 0.0437697 0.0140286 0.00832853
 0.710638 0.237372 0.0408309 0.00739261 0.00376629
 0.892884 0.085831 0.0175681 0.00292024 0.000796598
 0.409549 0.550518 0.0322176 0.00637 0.00134515
 0.438081 0.319512 0.226721 0.0126616 0.00302437
 0.638193 0.199419 0.0935366 0.0644034 0.00444857
 0.821198 0.137761 0.0230879 0.0103516 0.00760122
 0.898079 0.0928596 0.00707778 0.0011177 0.000866263
 0.817668 0.170155 0.0111255 0.000821699 0.000229932
 0.752997 0.220821 0.0245071 0.00153074 0.000144334
 0.725883 0.232975 0.0369519 0.00392287 0.000267489
 0.818617 0.155445 0.0222432 0.0033199 0.000375241
 0.966105 0.0306453 0.00280604 0.000380323 6.29956e-05
 0.325381 0.66195 0.0115013 0.00100825 0.000158915
 0.953131 0.0214058 0.0250036 0.00041755 4.22826e-05
 0.570745 0.417185 0.00562047 0.00633354 0.000116253
 0.701549 0.209542 0.086509 0.00111872 0.00128096
 0.763694 0.190816 0.0323229 0.0128129 0.000354622
 0.811001 0.160194 0.0234305 0.00382113 0.00155346
 0.288094 0.628853 0.0708248 0.00995051 0.00227749
 0.79299 0.0829522 0.110029 0.0119665 0.00206214
 0.665909 0.288609 0.0185979 0.0238486 0.00303514
 0.421447 0.442263 0.118286 0.00736988 0.010634
 0.775544 0.121115 0.0795992 0.0206099 0.00313133
 0.732689 0.227378 0.0218863 0.0139061 0.00414006
 0.31812 0.554292 0.109045 0.010171 0.00837209
 0.397446 0.256425 0.283017 0.0539533 0.00915894
 0.872094 0.0679364 0.0260652 0.0277321 0.00617196
pobs_RECLAS
 0 0 0 0 0
 0 0 0 0 0
 0 0 0 0 0
 0 0 0 0 0
 0 0 0 0 0
 0 0 0 0 0
 0 0 0 0 0
 0 0 0 0 0
 0 0 0 0 0
 0 0 0 0 0
 0.991045 0.00858322 0.000360255 1.14367e-05 0
 0.934742 0.0480273 0.0164251 0.00080598 0
 0.827803 0.169806 0.00239088 0 0
 0.941827 0.0461693 0.0120037 0 0
 0.791401 0.0380133 0.147996 0.0225897 0
 0.846168 0.0940531 0.0597789 0 0
 0.134021 0.677848 0.182769 0.00536245 0
 0.80878 0.0450904 0.141981 0.00414843 0
 0.846168 0.0940531 0.0597789 0 0
 0.905697 0.0802665 0.012482 0.00150086 5.37128e-05
 0.989698 0.0102097 9.19794e-05 0 0
 0.975433 0.0193895 0.00387452 0.00125025 5.28907e-05
 0.303575 0.632131 0.0575291 0.00676475 0
 0.966965 0.00978017 0.0227588 0.000495775 0
 0.843318 0.132988 0.00938335 0.0141283 0.000182051
 0.564624 0.303363 0.111486 0.0197234 0.00080311
 0.826376 0.0876187 0.0782897 0.00655872 0.00115652
 0.89761 0.0855135 0.0140674 0.00269457 0.000114338
 0.34875 0.467042 0.161289 0.0227151 0.000203297
 0.318654 0.224769 0.449479 0.00709798 0
 0.937255 0.0296025 0.0250945 0.00804832 0
ppred_RECLAS
 0.60845 0.143209 0.22564 0.0226999 8.55023e-07
 0.631119 0.230556 0.0507596 0.079563 0.00800228
 0.759375 0.158811 0.0513272 0.011191 0.0192954
 0.792522 0.162414 0.0298461 0.00954935 0.00566877
 0.791116 0.172236 0.0287914 0.00520485 0.00265148
 0.927878 0.0581197 0.0115604 0.00191868 0.000523344
 0.526266 0.442656 0.0250824 0.00495066 0.00104534
 0.544899 0.261865 0.180749 0.0100793 0.00240738
 0.739334 0.145749 0.0662406 0.0455322 0.00314479
 0.886108 0.0885021 0.0142963 0.00639714 0.00469698
 0.93079 0.0632135 0.00468548 0.000738814 0.000572565
 0.877226 0.114816 0.0072721 0.000536185 0.000150025
 0.828647 0.153693 0.0165314 0.00103084 9.71894e-05
 0.817786 0.155722 0.0237987 0.00252146 0.000171913
 0.881616 0.101956 0.014091 0.00209923 0.000237249
 0.978318 0.0196618 0.00174512 0.000236135 3.91093e-05
 0.42929 0.560306 0.00944737 0.000826864 0.000130315
 0.969537 0.0141322 0.0160361 0.000267381 2.70738e-05
 0.675556 0.315594 0.00412465 0.0046404 8.51676e-05
 0.787598 0.150467 0.0602665 0.000778091 0.000890861
 0.834389 0.134494 0.0221198 0.00875455 0.000242278
 0.870673 0.110121 0.0156276 0.00254449 0.00103436
 0.384308 0.545684 0.0597145 0.00837669 0.00191711
 0.856567 0.0584664 0.0753715 0.0081848 0.00141033
 0.754061 0.213299 0.013359 0.0171045 0.00217667
 0.528252 0.363012 0.0943913 0.00587227 0.00847241
 0.842925 0.0858823 0.0548567 0.0141819 0.00215453
 0.807473 0.16446 0.0153932 0.00976592 0.00290723
 0.416666 0.476663 0.091188 0.00849271 0.00699009
 0.508846 0.212565 0.227858 0.0433703 0.00736179
 0.914674 0.0459661 0.0171229 0.0181891 0.00404777
pobs_PELACES
 0 0 0 0 0
 0 0 0 0 0
 0 0 0 0 0
 0 0 0 0 0
 0 0 0 0 0
 0 0 0 0 0
 0 0 0 0 0
 0 0 0 0 0
 0 0 0 0 0
 0 0 0 0 0
 0 0 0 0 0
 0 0 0 0 0
 0 0 0 0 0
 0 0 0 0 0
 0 0 0 0 0
 0 0 0 0 0
 0.505614 0.472636 0.0217494 0 0
 0 0 0 0 0
 0.443492 0.261883 0.143347 0.151278 0
 0.227955 0.32914 0.350689 0.0885471 0.00366901
 0.970185 0.0296113 0.000203453 0 0
 0.997202 0.00247181 0.000326279 0 0
 0.445219 0.490057 0.0546422 0.010081 0
 0.90214 0.0892962 0.00764917 0.000914606 0
 0 0 0 0 0
 0.581667 0.319106 0.0959925 0.00289975 0.000334073
 0.762889 0.0836404 0.116647 0.0363945 0.000428098
 0.88444 0.0763242 0.0277011 0.0115352 0
 0.521256 0.241999 0.230069 0.00667565 0
 0.616807 0.101726 0.260614 0.0208532 0
 0.833518 0.0704572 0.0857862 0.0102388 0
ppred_PELACES
 0.595697 0.148165 0.232728 0.023409 8.81727e-07
 0.627367 0.23345 0.0510851 0.0800468 0.0080508
 0.75638 0.161127 0.0517599 0.0112816 0.0194513
 0.798878 0.157806 0.0286942 0.00917555 0.0054467
 0.784883 0.177517 0.0295415 0.00533914 0.00271986
 0.92539 0.0601779 0.0119157 0.00197715 0.000539287
 0.535168 0.434637 0.0243722 0.00480779 0.00101514
 0.528783 0.271396 0.18691 0.0104216 0.00248912
 0.744446 0.143496 0.0646059 0.0443859 0.00306553
 0.896214 0.0809377 0.0128697 0.00575386 0.00422447
 0.927047 0.0666492 0.00492559 0.000776551 0.000601805
 0.880197 0.112108 0.00703134 0.000518158 0.000144977
 0.831384 0.15138 0.0161353 0.00100565 9.48114e-05
 0.833214 0.142871 0.0214856 0.00227441 0.000155062
 0.889172 0.0956282 0.0130393 0.00194113 0.000219372
 0.978664 0.0193644 0.00170357 0.000230402 3.81588e-05
 0.427838 0.561804 0.0094057 0.0008229 0.000129688
 0.968759 0.014534 0.0164058 0.000273469 2.76897e-05
 0.675784 0.31544 0.00409121 0.00460087 8.44402e-05
 0.78787 0.150604 0.0598686 0.000772639 0.000884599
 0.832259 0.136386 0.0222914 0.00881947 0.00024407
 0.870517 0.110375 0.0155485 0.0025306 0.00102869
 0.376494 0.552915 0.0602137 0.00844449 0.0019326
 0.851821 0.060555 0.0777309 0.00843906 0.00145413
 0.74645 0.220027 0.0137222 0.0175655 0.00223531
 0.516172 0.372616 0.0965427 0.00600495 0.00866375
 0.83778 0.0888702 0.0565214 0.0146089 0.00221937
 0.798871 0.171889 0.0160384 0.0101735 0.00302855
 0.403277 0.487876 0.0930504 0.00866475 0.00713163
 0.503701 0.215486 0.229689 0.0437055 0.00741857
 0.913613 0.0466759 0.0172791 0.0183488 0.00408325
pobs_pel_tallas
 0 0 0 0 0 0 0 0 0 0 0 0 0 0 0 0 0 0 0 0 0 0 0 0 0 0
 0 0 0 0 0 0 0 0 0 0 0 0 0 0 0 0 0 0 0 0 0 0 0 0 0 0
 0 0 0 0 0 0 0 0 0 0 0 0 0 0 0 0 0 0 0 0 0 0 0 0 0 0
 0 0 0 0 0 0 0 0 0 0 0 0 0 0 0 0 0 0 0 0 0 0 0 0 0 0
 0 0 0 0 0 0 0 0 0 0 0 0 0 0 0 0 0 0 0 0 0 0 0 0 0 0
 0 0 0 0 0 0 0 0 0 0 0 0 0 0 0 0 0 0 0 0 0 0 0 0 0 0
 0 0 0 0 0 0 0 0 0 0 0 0 0 0 0 0 0 0 0 0 0 0 0 0 0 0
 0 0 0 0 0 0 0 0 0 0 0 0 0 0 0 0 0 0 0 0 0 0 0 0 0 0
 0 0 0 0 0 0 0 0 0 0 0 0 0 0 0 0 0 0 0 0 0 0 0 0 0 0
 0 0 0 0 0 0 0 0 0 0 0 0 0 0 0 0 0 0 0 0 0 0 0 0 0 0
 0 0 0 0 0 0 0 0 0 0 0 0 0 0 0 0 0 0 0 0 0 0 0 0 0 0
 0 0 0 0 0 0 0 0 0 0 0 0 0 0 0 0 0 0 0 0 0 0 0 0 0 0
 0.00862536 0 0 0.000197151 0.00414017 0.0128641 0.00837892 0.0270097 0.101434 0.158115 0.152841 0.127902 0.109271 0.109419 0.0830992 0.0579132 0.0238553 0.00714673 0.00463305 0.00128148 0.00103504 0.000492878 0.000147863 0.000147863 4.92878e-05 0
 0 0 0 0 0 0 0 0 0 0 0 0 0 0 0 0 0 0 0 0 0 0 0 0 0 0
 0 0 0 0 0 0 0 0.0054083 0.00873648 0.0413646 0.0450493 0.0745869 0.0622846 0.0627006 0.0613931 0.0827291 0.12552 0.122667 0.0946155 0.0697135 0.0546179 0.0294188 0.0215738 0.0213955 0.0102223 0.00600262
 0 0 0 0 0.00359764 0.0251062 0.0480494 0.140153 0.205849 0.193036 0.1447 0.116669 0.0760912 0.0342217 0.00950174 0.001854 0.000860785 0 0 0 0.000165536 0 0.000143464 0 0 0
 0 0 0 0 0 0 0 0.000145254 0.000435761 0.0275982 0.070085 0.0708112 0.156366 0.174668 0.174014 0.160142 0.0824315 0.0480064 0.0283245 0.00493863 0.00203355 0 0 0 0 0
 0 0 0 0 0 0 0 0 0 0 0 0 0 0 0 0 0 0 0 0 0 0 0 0 0 0
 0 0 1.00437e-05 0.000401748 0.00122533 0.00171747 0.00176769 0.0269171 0.070346 0.194647 0.189555 0.159765 0.064822 0.0314167 0.0384472 0.0292271 0.0345202 0.0313363 0.0194345 0.0106764 0.0143323 0.0359363 0.0279516 0.0138201 0.00172751 0
 0 0.0021121 0.0136068 0.0755702 0.200478 0.177729 0.0527432 0.0373336 0.0318909 0.0142505 0.0149659 0.0166563 0.0217959 0.0798694 0.0677717 0.0528807 0.04013 0.0224614 0.0357745 0.0225083 0.00881397 0.00855152 0.00135912 0.000746735 0 0
 0 0 0 0 5.4009e-05 0.00500934 0.000945158 0.0243581 0.138947 0.33067 0.221406 0.137944 0.0707744 0.0437923 0.0131692 0.00525238 0.0047753 0.00276346 9.45158e-05 9.00151e-06 2.25038e-05 9.00151e-06 4.50075e-06 0 0 0
 0.000866109 0.00284123 0.00948549 0.0512746 0.133035 0.25785 0.225252 0.132002 0.0553304 0.0519788 0.0540692 0.017754 0.00435017 0.00159236 0.00146478 0.000404838 0.000125132 0.000115318 0.000107957 0.000100596 0 0 0 0 0 0
 0 0 0 0 0.00144013 0.00171154 0.00461396 0.0210425 0.0478622 0.0707936 0.0888783 0.103762 0.0637923 0.0337046 0.0602308 0.124433 0.169614 0.0934646 0.0462172 0.0250306 0.0313229 0.00938855 0.002487 0.000210481 0 0
 0 0.00764035 0.051015 0.0998891 0.058973 0.0496711 0.0374665 0.0718981 0.12319 0.153886 0.159021 0.0857701 0.0377988 0.023471 0.0147837 0.00900784 0.00315554 0.000888139 0.00291439 0.00214683 0.00393193 0.00274676 0.000635225 9.99891e-05 0 0
 0 0 0 0 0 0 0 0 0 0 0 0 0 0 0 0 0 0 0 0 0 0 0 0 0 0
 0 0 0 0 0 0 0 0 0 0 0 0 0 0 0 0 0 0 0 0 0 0 0 0 0 0
 0 0 0 0 0 0 0 0 0 0 0 0 0 0 0 0 0 0 0 0 0 0 0 0 0 0
 0 0 0 0 0 0 0 0 0 0 0 0 0 0 0 0 0 0 0 0 0 0 0 0 0 0
 0 0 0 0 0 0 0 0 0 0 0 0 0 0 0 0 0 0 0 0 0 0 0 0 0 0
 0 0 0 0 0 0 0 0 0 0 0 0 0 0 0 0 0 0 0 0 0 0 0 0 0 0
 0 0 0 0 0 0 0 0 0 0 0 0 0 0 0 0 0 0 0 0 0 0 0 0 0 0
ppred_pel_tallas
 1.09102e-16 4.90668e-05 0.000476947 0.00316948 0.014408 0.0448287 0.0955128 0.139407 0.139421 0.0955844 0.04507 0.0151091 0.00494525 0.00440642 0.00766676 0.0130005 0.0196611 0.0266756 0.0330152 0.0380972 0.0419253 0.0446874 0.0462168 0.0458884 0.0430699 0.0377074
 1.10924e-16 5.16754e-05 0.000502304 0.00333799 0.015174 0.0472121 0.100591 0.146821 0.146843 0.100701 0.0475824 0.0162444 0.00602793 0.00638503 0.0112564 0.0186163 0.0270333 0.0344903 0.0389985 0.0397261 0.037512 0.0342574 0.031672 0.0303531 0.0297579 0.0288526
 1.05959e-16 6.2302e-05 0.000605598 0.00402441 0.0182944 0.0569208 0.121276 0.17701 0.177025 0.121352 0.0571766 0.0190341 0.00588356 0.00467256 0.00781127 0.0128815 0.0187084 0.0238651 0.0269429 0.0273075 0.0254615 0.0226568 0.0200761 0.018235 0.0169569 0.0157591
 1.02711e-16 6.58025e-05 0.000639624 0.00425053 0.0193223 0.0601189 0.12809 0.186955 0.18697 0.128165 0.0603687 0.0200439 0.0060626 0.00459746 0.00758863 0.0124579 0.0179792 0.0226945 0.0251655 0.0247342 0.0219078 0.0179977 0.0143131 0.0115395 0.00966406 0.00830902
 1.01894e-16 6.46498e-05 0.000628419 0.00417607 0.0189838 0.0590657 0.125846 0.18368 0.183697 0.12593 0.0593466 0.0197951 0.00621285 0.00507582 0.00851423 0.0139816 0.0201536 0.0253826 0.028032 0.0273432 0.0238766 0.0191146 0.0145607 0.01104 0.00860508 0.0068928
 1.00649e-16 7.62232e-05 0.000740916 0.00492365 0.0223822 0.0696394 0.148374 0.216558 0.216564 0.148403 0.0697346 0.0226574 0.00561479 0.0022505 0.0029456 0.00475523 0.006857 0.00865215 0.0095851 0.00939817 0.00827613 0.00671125 0.0052003 0.0040121 0.00316067 0.00252846
 1.01469e-16 4.40812e-05 0.000428485 0.00284743 0.012944 0.040274 0.0858095 0.12525 0.125292 0.0860138 0.04096 0.0149247 0.00781619 0.0112654 0.0205959 0.0339021 0.0486513 0.0607968 0.0662434 0.0631005 0.0528249 0.0392766 0.0264748 0.0167828 0.0105544 0.00692655
 1.0693e-16 4.35552e-05 0.000423372 0.00281346 0.0127896 0.0397933 0.0847848 0.123751 0.123778 0.0849139 0.0402273 0.0140459 0.00597801 0.00736784 0.0133382 0.0222566 0.0326943 0.0424335 0.049185 0.0518007 0.0508036 0.047744 0.0439794 0.0399355 0.035313 0.0298062
 1.06872e-16 6.13191e-05 0.000596043 0.00396092 0.0180058 0.0560227 0.119363 0.174216 0.17423 0.119431 0.0562514 0.0186673 0.00562564 0.00424422 0.0070318 0.0116394 0.0170272 0.0219833 0.02532 0.026514 0.0259903 0.0247465 0.023627 0.022837 0.0220041 0.0206036
 1.01685e-16 7.382e-05 0.000717557 0.00476842 0.0216765 0.0674438 0.143696 0.209731 0.209739 0.143735 0.0675719 0.0220465 0.00569733 0.00274616 0.00392887 0.00638489 0.00920669 0.011614 0.0128683 0.0126375 0.0111911 0.00921381 0.00738658 0.00606157 0.00522001 0.00464442
 1.00339e-16 7.63596e-05 0.000742243 0.00493247 0.0224223 0.069764 0.14864 0.216946 0.216952 0.148671 0.0698693 0.0227261 0.00569485 0.00240532 0.00323126 0.00521165 0.00747799 0.0093568 0.0102185 0.00977401 0.00824524 0.00621889 0.00430333 0.00285243 0.00191412 0.00135393
 1.00309e-16 7.25007e-05 0.000704733 0.0046832 0.0212891 0.0662385 0.141128 0.205983 0.205994 0.141181 0.0664154 0.0218001 0.00596501 0.00350048 0.00537488 0.00875187 0.0125551 0.0156923 0.0171029 0.0162974 0.0136483 0.0101472 0.00682777 0.0042996 0.00265813 0.00168844
 1.00622e-16 6.84801e-05 0.000665651 0.00442348 0.0201085 0.0625651 0.133302 0.194562 0.194576 0.133373 0.0628043 0.0207992 0.0061567 0.0044476 0.00724607 0.0118574 0.0170422 0.0213612 0.0233943 0.0224817 0.0191108 0.0145871 0.0102618 0.00691771 0.00466464 0.00322276
 1.00911e-16 6.86307e-05 0.000667115 0.00443322 0.0201528 0.0627028 0.133595 0.194989 0.195003 0.133663 0.0629288 0.0208054 0.00607137 0.00424327 0.00686045 0.011233 0.0161738 0.0203345 0.0223864 0.02171 0.0187531 0.0147166 0.0108308 0.00779065 0.00567283 0.004214
 1.00633e-16 7.32399e-05 0.000711918 0.00473095 0.0215062 0.0669138 0.142567 0.208083 0.208092 0.142612 0.067065 0.0219429 0.00582698 0.00310432 0.00461606 0.00751315 0.0108103 0.0135815 0.0149347 0.0144562 0.0124499 0.00972647 0.00711735 0.00509276 0.00370367 0.00276733
 1.00084e-16 8.06112e-05 0.00078357 0.0052071 0.0236707 0.0736484 0.156916 0.229023 0.229025 0.156925 0.0736789 0.023759 0.00542869 0.00126702 0.000997901 0.00151984 0.00217606 0.00272457 0.00297906 0.00285513 0.00241624 0.00183124 0.00127508 0.000849378 0.000568187 0.000394095
 1.0052e-16 3.52405e-05 0.000342551 0.00227637 0.0103481 0.032197 0.0686012 0.100137 0.100191 0.0688652 0.033083 0.0129056 0.00869047 0.0143258 0.0265367 0.0436696 0.0625633 0.0779562 0.0845119 0.0797707 0.0656561 0.0472659 0.029955 0.0169408 0.00878684 0.00438879
 1.0051e-16 7.97954e-05 0.00077564 0.0051544 0.0234311 0.072903 0.155328 0.226705 0.226707 0.155335 0.0729264 0.0234991 0.00532612 0.00115397 0.000808425 0.00123644 0.00183412 0.00243185 0.00291104 0.0032096 0.00333976 0.00335216 0.003278 0.00310459 0.00280189 0.0023679
 1.00675e-16 5.56635e-05 0.000541069 0.0035956 0.0163451 0.0508557 0.108355 0.158153 0.158183 0.108503 0.0513532 0.017781 0.00719692 0.0083923 0.0149358 0.0245231 0.0351322 0.0437837 0.0474849 0.0448635 0.0370091 0.0267901 0.0172107 0.0100613 0.00563018 0.00326459
 1.01994e-16 6.48958e-05 0.00063081 0.00419196 0.019056 0.0592905 0.126325 0.184378 0.184393 0.126396 0.0595299 0.0197481 0.00593193 0.00443819 0.007322 0.0120697 0.0175365 0.0223727 0.025231 0.0254593 0.0234414 0.0202569 0.0169614 0.0140766 0.0115929 0.00930429
 1.01605e-16 6.85521e-05 0.000666351 0.00442814 0.0201297 0.062631 0.133442 0.194766 0.194779 0.133507 0.0628468 0.020753 0.00599319 0.0040839 0.00656214 0.0107481 0.0154957 0.0195273 0.0215895 0.0211054 0.0185094 0.0149394 0.0115414 0.00893118 0.00712666 0.00582966
 1.00905e-16 7.17033e-05 0.000696982 0.00463169 0.021055 0.06551 0.139576 0.203718 0.203729 0.139628 0.0656845 0.0215591 0.005897 0.00345905 0.00531702 0.00867559 0.0124879 0.0156973 0.0172777 0.016754 0.0144783 0.011385 0.00842994 0.00614881 0.00459196 0.00354036
 1.03053e-16 3.10114e-05 0.000301442 0.00200319 0.00910625 0.0283332 0.0603689 0.0881213 0.0881746 0.0606291 0.0292069 0.0116293 0.00833476 0.014118 0.0262551 0.0433136 0.0622909 0.0781157 0.0856281 0.0824316 0.0703163 0.0540469 0.0385378 0.0266097 0.0186142 0.0134821
 1.03352e-16 7.01634e-05 0.000682013 0.00453222 0.0206028 0.064103 0.136578 0.199341 0.199347 0.136608 0.064201 0.0208874 0.00525175 0.00227016 0.00313726 0.00520817 0.00780459 0.0104575 0.0127181 0.0143479 0.015391 0.0160141 0.0162668 0.0159969 0.0149909 0.0131915
 1.02593e-16 6.14842e-05 0.000597648 0.00397158 0.0180542 0.0561736 0.119685 0.174688 0.174709 0.119788 0.056521 0.0190575 0.00648892 0.00608962 0.010482 0.0172069 0.024726 0.0309836 0.0339374 0.0326662 0.0279333 0.02169 0.0159231 0.0117322 0.00916739 0.00766751
 1.0495e-16 4.25165e-05 0.000413276 0.00274636 0.0124846 0.0388444 0.0827634 0.120803 0.120839 0.0829393 0.039435 0.0141913 0.00703365 0.00978286 0.0178674 0.0295496 0.0427447 0.0541269 0.0603127 0.0597087 0.0534083 0.0443547 0.0354891 0.0283611 0.0230101 0.0187477
 1.03495e-16 6.90069e-05 0.000670771 0.00445751 0.0202632 0.0630464 0.134327 0.196056 0.196065 0.13437 0.0631884 0.0206744 0.00549321 0.00294342 0.0044196 0.00728751 0.0107027 0.0139031 0.016152 0.0170999 0.0169509 0.0162395 0.0154126 0.0145708 0.0135349 0.0121016
 1.0204e-16 6.5802e-05 0.000639619 0.00425049 0.0193221 0.0601184 0.128089 0.186953 0.18697 0.12817 0.06039 0.0201064 0.00621871 0.00493467 0.00821837 0.0134711 0.0193737 0.0243126 0.0266944 0.0257951 0.0221961 0.017397 0.0129239 0.00962031 0.00752989 0.00623845
 1.04886e-16 3.32175e-05 0.000322886 0.00214569 0.00975403 0.0303487 0.0646628 0.0943871 0.0944342 0.0648927 0.0311209 0.0119849 0.00774712 0.0125562 0.023282 0.0384771 0.0555154 0.069997 0.0774386 0.0757432 0.0664122 0.053459 0.040953 0.0311265 0.0241404 0.0190652
 1.12322e-16 4.14892e-05 0.00040329 0.00268 0.0121829 0.0379057 0.0807629 0.11788 0.117901 0.0808661 0.0382532 0.0131907 0.00522518 0.00601111 0.0108435 0.0182576 0.0272241 0.0361758 0.0434891 0.0483459 0.0510417 0.0524111 0.0529048 0.0521734 0.0494631 0.0443656
 1.03042e-16 7.52531e-05 0.000731487 0.00486099 0.0220973 0.0687531 0.146486 0.213801 0.213806 0.146508 0.0688274 0.0223123 0.00540168 0.00191598 0.00233731 0.00377869 0.00551801 0.00711857 0.00819769 0.00859996 0.00848651 0.0082066 0.00804938 0.0080724 0.00811491 0.00794352
pSPR Fmed_Fpbrs
0.358312   0.249289 0.249289
Fs Fmed_Fpbrs
0.692712   1.005 1.005
SSBpbr Bo_Bmed_Bpbrs
1.23246e+06  379983  245616 245616
Ro
99266.2
SPR SPRFo_SPRFmed_SPRFpbrs
709547 254240 176882
Fref
1.005
Nvult_r0
 103398 6202.53 2342.33 2490.02 554.147
CTP_r0
 32573.4 2537.48 973.556 1035.81 230.527
YTP_r0
391223
Np
 117778 31279.4 1399.43 516.394 647.2
Nvult_p0
 95133.1 26946.8 1210.69 446.851 560.048
CTP_p0
 37437.2 13315.2 606.396 223.973 280.722
YTP_p0
 526497
CBA_c0
431805
log_Ro
11.3256
likeval ReclasPelacesDesembMPH_pf_preclas_ppelaces_ptallas_desvR_qrecl_qpela
 11.8387 17.1361 0.0260898 0.000851102 247.83 116.031 103.18 0 28.5641 3.51166e-05 6.68032e-05 0.00956421 0 0 0
q_reclas_q_pelaces
2.31574 3.19893
M
1
N
 123724 30844.9 48827.1 4913.37 0.185071
 88596 36245.4 8053.76 12630.1 1270.35
 88892.6 20819.5 6791.1 1481.42 2554.32
 83711.4 20888.1 3900.53 1249.07 741.519
 59697.2 14127.6 2377.7 429.993 219.054
 231613 15784.7 3161.33 524.88 143.171
 59728.1 61012 3512.25 693.83 146.509
 20329.7 10184.1 7053.24 393.389 93.9595
 27014.2 6345.23 2925.24 2012.29 138.989
 37075.8 4967.3 821.814 368.213 270.372
 59446.9 4265 317.544 50.0829 38.8137
 112035 17598.7 1131.33 83.4821 23.3593
 91135.5 20018.4 2183.05 136.23 12.8444
 66780.7 17164.9 2688.12 285.183 19.4451
 50408.7 7494.19 1057.14 157.664 17.8197
 289561 6862.09 617.284 83.5863 13.8443
 37252.7 55482.2 945.598 82.8098 13.0514
 505814 8127.75 9296.16 155.068 15.7019
 234856 126509 1672.69 1883.03 34.5613
 223671 49167.7 19919.4 257.335 294.641
 260830 47220.2 7839.92 3104.46 85.9168
 417575 60592.7 8695.62 1416.68 575.913
 57393.2 89176.7 9830.5 1379.56 315.737
 199973 14779.9 19177.2 2083.24 358.972
 175429 53688.5 3384.16 4334.5 551.606
 64334.3 47252.6 12353.5 768.761 1109.17
 164752 18185.4 11691.7 3023.69 459.372
 204524 44143.7 4151.34 2634.4 784.251
 49405.4 59801.5 11493 1070.66 881.239
 31324 14535.2 15714.8 2992.54 507.974
 134677 7601.96 2858.72 3038.29 676.155
pred_Ctot
 16227 5818.7 9428.03 949.9 0.0357822
 20976 11866.5 2690.58 4223.99 424.875
 21048.1 6816.72 2268.95 495.483 854.377
 30475.2 9992.23 1896.67 607.9 360.9
 10901.6 3641.42 626.37 113.407 57.7771
 42713.7 4105.98 840.423 139.698 38.1076
 21536.8 28949.9 1694.21 334.977 70.7371
 1974.25 1439.91 1021.74 57.0605 13.6296
 9028.23 2821.08 1323.22 911.086 62.9319
 17638.3 2958.94 495.899 222.339 163.265
 7469.04 772.284 58.8637 9.29558 7.20444
 38585.4 8029.53 525.006 38.7756 10.8504
 29663.1 8698.86 965.415 60.3011 5.68578
 32181.5 10328.7 1638.24 173.917 11.8589
 21709.4 4122.34 589.882 88.0424 9.95126
 92410.5 2931.31 268.405 36.3789 6.0257
 9994.52 20332.7 353.278 30.9697 4.88129
 105607 2371.77 2770.41 46.2648 4.68493
 66941.4 48930.7 659.213 742.847 13.635
 63003.6 18818.2 7769.06 100.468 115.039
 63059.5 15756 2668.96 1057.99 29.2817
 115684 22850.7 3342.21 545.06 221.591
 11202.7 24453.4 2754.07 386.933 88.5617
 35040.1 3665.43 4861.88 528.769 91.1202
 30460.6 13201.8 850.722 1090.9 138.836
 9623.53 10098.9 2700.99 168.287 242.821
 29029.7 4533.52 2979.51 771.455 117.21
 27028.6 8387.87 807.376 512.99 152.725
 6369.49 11098.2 2183.33 203.646 167.628
 6968.94 4496.25 4962.5 946.036 160.596
 32573.4 2537.48 973.556 1035.81 230.527
F
 0.227741 0.342832 0.3522 0.352707 0.352734
 0.448199 0.6747 0.693136 0.694134 0.694187
 0.448248 0.674775 0.693213 0.694211 0.694264
 0.779247 1.17305 1.2051 1.20684 1.20693
 0.330243 0.497135 0.510719 0.511454 0.511493
 0.333996 0.502784 0.516522 0.517266 0.517305
 0.768974 1.15758 1.18921 1.19093 1.19102
 0.164381 0.247452 0.254214 0.25458 0.254599
 0.693485 1.04395 1.07247 1.07402 1.0741
 1.16252 1.75002 1.79783 1.80042 1.80056
 0.217255 0.327048 0.335984 0.336468 0.336493
 0.722155 1.0871 1.11681 1.11842 1.1185
 0.669482 1.00781 1.03535 1.03684 1.03692
 1.18729 1.78729 1.83613 1.83878 1.83892
 0.99415 1.49655 1.53745 1.53966 1.53978
 0.652303 0.98195 1.00878 1.01023 1.01031
 0.522441 0.786461 0.807951 0.809115 0.809176
 0.385855 0.58085 0.596722 0.597581 0.597626
 0.563733 0.848621 0.87181 0.873065 0.873131
 0.555355 0.83601 0.858853 0.86009 0.860155
 0.459693 0.692003 0.710912 0.711936 0.71199
 0.543846 0.818684 0.841054 0.842265 0.842329
 0.356655 0.536895 0.551565 0.55236 0.552402
 0.314983 0.474163 0.487119 0.487821 0.487858
 0.311726 0.46926 0.482083 0.482777 0.482813
 0.263475 0.396625 0.407462 0.408049 0.40808
 0.316992 0.477187 0.490226 0.490932 0.490969
 0.229652 0.345709 0.355156 0.355667 0.355694
 0.223486 0.336426 0.345619 0.346117 0.346143
 0.415979 0.626198 0.643309 0.644235 0.644284
 0.459918 0.692343 0.711261 0.712285 0.712339
nmprior
 8.19 8.8 8.5 0
nm_flota  nm_reclas  nm_pelaces    nm_pelaL
inf 19.679 15.0096 33.8282
cv_recla  cv_pelaces  cv_mph
0.311227 0.469384 0.900319
 ------------------------------------------------
Talla a la edad & desviaci?n 
 8 13.2811 15.8009 17.003 17.5766
 0.8 1.32811 1.58009 1.7003 1.75766
