years
 1991 1992 1993 1994 1995 1996 1997 1998 1999 2000 2001 2002 2003 2004 2005 2006 2007 2008 2009 2010 2011 2012 2013 2014 2015 2016 2017 2018 2019 2020 2021
reclasobs
 0 0 0 0 0 0 0 0 0 252601 567819 844713 477998 351125 339783 2.1784e+06 2.13404e+06 4.81314e+06 1.55562e+06 2.62356e+06 3.21686e+06 3.843e+06 1.13348e+06 3.07943e+06 1.97215e+06 2.03268e+06 2.025e+06 2.42433e+06 2.27542e+06 1.05018e+06 2.36338e+06
reclaspred
 2.94078e+06 1.60198e+06 800957 663865 586567 1.18433e+06 614491 496784 370476 272935 432091 610249 598987 436884 425961 1.45001e+06 1.3119e+06 3.21338e+06 2.63516e+06 1.89156e+06 3.38778e+06 2.7534e+06 2.0639e+06 3.23382e+06 2.36348e+06 2.03458e+06 2.54308e+06 2.84788e+06 2.27209e+06 1.3212e+06 1.90208e+06
pelacesobs
 0 0 0 0 0 0 0 0 0 0 0 0 0 0 0 552880 188675 0 991730 2.46772e+06 1.41603e+06 1.21717e+06 2.29649e+06 1.80582e+06 0 1.4828e+06 1.56532e+06 1.57751e+06 1.42118e+06 867257 1.10002e+06
pelacespred
 1.14554e+06 681862 333462 221742 214844 451881 191202 217918 142762 98312 173298 205313 224027 166585 168567 496761 452735 1.30101e+06 1.08394e+06 718305 1.27285e+06 1.09551e+06 827670 1.43453e+06 1.00257e+06 863265 1.23462e+06 1.35778e+06 894648 592842 833083
mphobs
 0 0 0 0 0 0 0 0 0 0 0 498337 0 5186 125008 0 168611 109162 213762 579715 649985 157893 87575 83554 0 0 0 0 0 0 0
mphpred
 2.20753e+06 1.45084e+06 695172 373487 311079 333664 541502 258571 225919 146310 101571 254172 283076 229698 137894 176639 827370 721827 1.5878e+06 1.17254e+06 1.20772e+06 1.53072e+06 1.44952e+06 1.12492e+06 1.60338e+06 1.28365e+06 1.02617e+06 1.16371e+06 1.72512e+06 1.12133e+06 635626
desembarqueobs
 494567 514787 250237 358949 120608 361735 552515 73892 212993 205616 52469 317467 293654 387597 252695 516296 358380 742168 942051 627588 828172 859565 418607 520667 417249 300574 415391 372974 316634 284311 391294
desembarquepred
 494561 514181 250322 358981 120611 361701 552384 73894.6 213010 205627 52470.6 317486 293654 387508 252644 516180 358382 741988 941629 627316 828164 859450 418583 520665 417219 300550 415358 372930 316603 284292 391274
Reclutas
 163453 95257.7 93611.8 104889 85366.8 212670 71497.7 27613.7 33635 49620.7 91888.1 130735 106562 73837 68422.1 445141 73860.4 674862 379606 280377 432099 567082 99614 337317 269926 118330 293829 339224 83485.6 57267.7 244686
log_desv_Rt
 0.147319 -0.392619 -0.410048 -0.296301 -0.502247 0.410536 -0.67954 -1.63089 -1.43364 -1.0448 -0.428633 -0.0760325 -0.280479 -0.647344 -0.72351 1.14919 -0.647028 1.5653 0.989929 0.686931 1.11945 1.3913 -0.347902 0.871819 0.648944 -0.175726 0.733794 0.877455 -0.524531 -0.901469 0.550772
SSB
 2.20753e+06 1.45084e+06 695172 373487 311079 333664 541502 258571 225919 146310 101571 254172 283076 229698 137894 176639 827370 721827 1.5878e+06 1.17254e+06 1.20772e+06 1.53072e+06 1.44952e+06 1.12492e+06 1.60338e+06 1.28365e+06 1.02617e+06 1.16371e+06 1.72512e+06 1.12133e+06 635626
BT
 3.06435e+06 2.07958e+06 1.01351e+06 811489 593594 1.3541e+06 928049 569282 539012 422079 444155 736495 781908 785575 642149 1.56062e+06 1.3241e+06 3.65917e+06 3.40236e+06 2.22579e+06 3.60764e+06 3.3308e+06 2.27411e+06 3.79542e+06 2.70289e+06 2.25968e+06 3.2745e+06 3.50806e+06 2.32629e+06 1.64947e+06 2.29745e+06
Ftot
 0.194503 0.361683 0.359047 0.655823 0.257227 0.419062 0.988213 0.185389 0.713374 0.929523 0.176236 0.668102 0.621317 1.09653 0.806424 0.528071 0.323247 0.327492 0.444618 0.413068 0.318177 0.400016 0.238159 0.218426 0.217557 0.17933 0.220606 0.180026 0.159434 0.247975 0.284276
BD_Bspro_t
 0.969496 0.79 0.590333 0.481658 0.415337 0.489228 0.51983 0.301411 0.344521 0.29466 0.277549 0.571752 0.461657 0.36695 0.251202 0.304588 0.555386 0.508654 0.63387 0.531187 0.493919 0.549949 0.566577 0.545007 0.659399 0.662929 0.665072 0.714345 0.771223 0.692658 0.602295
BD_Bspro
 2.18934 1.43888 0.689445 0.370411 0.308516 0.330916 0.537041 0.256441 0.224058 0.145105 0.100734 0.252078 0.280744 0.227805 0.136759 0.175184 0.820555 0.715881 1.57472 1.16288 1.19777 1.51811 1.43758 1.11565 1.59017 1.27308 1.01772 1.15412 1.71091 1.11209 0.63039
BD_Bo
 1.32496 0.870794 0.417243 0.224168 0.18671 0.200266 0.32501 0.155195 0.135597 0.0878156 0.0609629 0.152555 0.169903 0.137865 0.0827645 0.106019 0.496589 0.433242 0.953002 0.703762 0.724876 0.918742 0.870006 0.67518 0.96235 0.770452 0.615909 0.698462 1.03542 0.673022 0.381504
BD_Brms
 6.92475 4.55109 2.18067 1.17158 0.975816 1.04666 1.69862 0.811106 0.70868 0.458957 0.318615 0.797307 0.887976 0.720534 0.432558 0.554096 2.59536 2.26428 4.98074 3.67812 3.78847 4.80169 4.54697 3.52874 5.0296 4.02667 3.21897 3.65042 5.41149 3.51746 1.99388
Sel_flota
 0.676578 0.975458 0.998678 0.99993 0.999996
 0.676578 0.975458 0.998678 0.99993 0.999996
 0.676578 0.975458 0.998678 0.99993 0.999996
 0.676578 0.975458 0.998678 0.99993 0.999996
 0.676578 0.975458 0.998678 0.99993 0.999996
 0.676578 0.975458 0.998678 0.99993 0.999996
 0.676578 0.975458 0.998678 0.99993 0.999996
 0.676578 0.975458 0.998678 0.99993 0.999996
 0.676578 0.975458 0.998678 0.99993 0.999996
 0.676578 0.975458 0.998678 0.99993 0.999996
 0.676578 0.975458 0.998678 0.99993 0.999996
 0.676578 0.975458 0.998678 0.99993 0.999996
 0.676578 0.975458 0.998678 0.99993 0.999996
 0.676578 0.975458 0.998678 0.99993 0.999996
 0.676578 0.975458 0.998678 0.99993 0.999996
 0.676578 0.975458 0.998678 0.99993 0.999996
 0.676578 0.975458 0.998678 0.99993 0.999996
 0.676578 0.975458 0.998678 0.99993 0.999996
 0.676578 0.975458 0.998678 0.99993 0.999996
 0.676578 0.975458 0.998678 0.99993 0.999996
 0.676578 0.975458 0.998678 0.99993 0.999996
 0.676578 0.975458 0.998678 0.99993 0.999996
 0.676578 0.975458 0.998678 0.99993 0.999996
 0.676578 0.975458 0.998678 0.99993 0.999996
 0.676578 0.975458 0.998678 0.99993 0.999996
 0.676578 0.975458 0.998678 0.99993 0.999996
 0.676578 0.975458 0.998678 0.99993 0.999996
 0.676578 0.975458 0.998678 0.99993 0.999996
 0.676578 0.975458 0.998678 0.99993 0.999996
 0.676578 0.975458 0.998678 0.99993 0.999996
 0.676578 0.975458 0.998678 0.99993 0.999996
Sel_reclas
 1 1 1 1 1
 1 1 1 1 1
 1 1 1 1 1
 1 1 1 1 1
 1 1 1 1 1
 1 1 1 1 1
 1 1 1 1 1
 1 1 1 1 1
 1 1 1 1 1
 1 1 1 1 1
 1 1 1 1 1
 1 1 1 1 1
 1 1 1 1 1
 1 1 1 1 1
 1 1 1 1 1
 1 1 1 1 1
 1 1 1 1 1
 1 1 1 1 1
 1 1 1 1 1
 1 1 1 1 1
 1 1 1 1 1
 1 1 1 1 1
 1 1 1 1 1
 1 1 1 1 1
 1 1 1 1 1
 1 1 1 1 1
 1 1 1 1 1
 1 1 1 1 1
 1 1 1 1 1
 1 1 1 1 1
 1 1 1 1 1
Sel_pelaces
 1 1 1 1 1
 1 1 1 1 1
 1 1 1 1 1
 1 1 1 1 1
 1 1 1 1 1
 1 1 1 1 1
 1 1 1 1 1
 1 1 1 1 1
 1 1 1 1 1
 1 1 1 1 1
 1 1 1 1 1
 1 1 1 1 1
 1 1 1 1 1
 1 1 1 1 1
 1 1 1 1 1
 1 1 1 1 1
 1 1 1 1 1
 1 1 1 1 1
 1 1 1 1 1
 1 1 1 1 1
 1 1 1 1 1
 1 1 1 1 1
 1 1 1 1 1
 1 1 1 1 1
 1 1 1 1 1
 1 1 1 1 1
 1 1 1 1 1
 1 1 1 1 1
 1 1 1 1 1
 1 1 1 1 1
 1 1 1 1 1
pf_obs 
 0.8446 0.082 0.0669 0.0065 0
 0.8095 0.147 0.0364 0.0071 0
 0.9664 0.0169 0.016 0.0007 0
 0.9276 0.0648 0.0075 0.0001 0
 0.7033 0.2144 0.0806 0.0017 0
 0.9318 0.0425 0.0243 0.0014 0
 0.5671 0.3108 0.0964 0.0239 0.0018
 0.0768 0.2599 0.5324 0.112 0.0189
 0.490249 0.384438 0.106611 0.0170017 0.00170017
 0.7925 0.1577 0.0466 0.003 0.0002
 0.840416 0.127587 0.0312969 0.00059994 9.999e-05
 0.8084 0.0986 0.0794 0.0134 0.0002
 0.7335 0.1905 0.0724 0.0035 0.0001
 0.4001 0.4547 0.1325 0.0127 0
 0.49795 0.308269 0.164784 0.0264974 0.00249975
 0.9179 0.0499 0.0305 0.0017 0
 0.2467 0.6533 0.0926 0.0074 0
 0.9418 0.0223 0.034 0.0019 0
 0.707729 0.231977 0.0356964 0.0245975 0
 0.517169 0.277429 0.184464 0.0207286 0.00020938
 0.811772 0.124168 0.05621 0.00726502 0.000585176
 0.764997 0.148141 0.077277 0.00933861 0.000247198
 0.163321 0.427699 0.378323 0.0303852 0.000271297
 0.753843 0.0900009 0.118128 0.0371064 0.000921714
 0.721811 0.176058 0.0630433 0.0369309 0.00215725
 0.143369 0.312575 0.442814 0.0836902 0.0175525
 0.692698 0.0596174 0.167031 0.0765114 0.00414204
 0.394062 0.376323 0.152708 0.0712218 0.00568511
 0.125707 0.32114 0.495352 0.0537591 0.00404204
 0.23352 0.215282 0.420074 0.123614 0.00750983
 0.774587 0.0839891 0.0768558 0.0609784 0.00358967
pf_pred 
 0.441439 0.157782 0.37209 0.028688 8.91028e-07
 0.414221 0.316693 0.0773952 0.177986 0.0137047
 0.561846 0.227565 0.115347 0.0274227 0.0678195
 0.657698 0.226822 0.0607938 0.0299744 0.0247119
 0.650918 0.263912 0.0570587 0.0148113 0.0132999
 0.811906 0.138303 0.0378854 0.00798018 0.00392599
 0.44844 0.479583 0.0533276 0.0141952 0.00445414
 0.458358 0.315376 0.197699 0.0211765 0.00739065
 0.610469 0.216569 0.101772 0.0622123 0.00897734
 0.782116 0.157023 0.0343459 0.0156131 0.0109018
 0.851835 0.12733 0.0151703 0.00319959 0.00246514
 0.744386 0.22851 0.023375 0.00271614 0.00101285
 0.681047 0.262863 0.050314 0.00498285 0.000793512
 0.633224 0.283849 0.0687235 0.0127424 0.0014604
 0.751242 0.187421 0.0478921 0.0111463 0.00229866
 0.949377 0.0422125 0.00639082 0.0015776 0.000442061
 0.310038 0.667219 0.0190594 0.00280008 0.000883458
 0.899682 0.0403674 0.0580254 0.00161338 0.000311358
 0.565003 0.405344 0.0121264 0.0169648 0.000561911
 0.568073 0.287713 0.134652 0.00391381 0.00564803
 0.727503 0.182306 0.0606444 0.0275898 0.00195613
 0.72043 0.224009 0.037507 0.012145 0.00590851
 0.262637 0.587888 0.120443 0.0196079 0.00942363
 0.726658 0.0943581 0.143447 0.0286428 0.00689442
 0.589151 0.328117 0.0290417 0.0430422 0.0106486
 0.399172 0.407869 0.154912 0.0133676 0.0246795
 0.728303 0.13417 0.0941094 0.0348657 0.00855141
 0.673706 0.260831 0.0327507 0.0223951 0.0103177
 0.286489 0.536099 0.142539 0.0174585 0.0174148
 0.354296 0.238715 0.307671 0.0798168 0.0195014
 0.816527 0.0828434 0.0378191 0.0474987 0.0153115
pobs_RECLAS
 0 0 0 0 0
 0 0 0 0 0
 0 0 0 0 0
 0 0 0 0 0
 0 0 0 0 0
 0 0 0 0 0
 0 0 0 0 0
 0 0 0 0 0
 0 0 0 0 0
 0 0 0 0 0
 0.991045 0.00858322 0.000360255 1.14367e-05 0
 0.934742 0.0480273 0.0164251 0.00080598 0
 0.827803 0.169806 0.00239088 0 0
 0.941827 0.0461693 0.0120037 0 0
 0.791401 0.0380133 0.147996 0.0225897 0
 0.846168 0.0940531 0.0597789 0 0
 0.134021 0.677848 0.182769 0.00536245 0
 0.80878 0.0450904 0.141981 0.00414843 0
 0.846168 0.0940531 0.0597789 0 0
 0.905697 0.0802665 0.012482 0.00150086 5.37128e-05
 0.989698 0.0102097 9.19794e-05 0 0
 0.975433 0.0193895 0.00387452 0.00125025 5.28907e-05
 0.303575 0.632131 0.0575291 0.00676475 0
 0.966965 0.00978017 0.0227588 0.000495775 0
 0.843318 0.132988 0.00938335 0.0141283 0.000182051
 0.564624 0.303363 0.111486 0.0197234 0.00080311
 0.826376 0.0876187 0.0782897 0.00655872 0.00115652
 0.89761 0.0855135 0.0140674 0.00269457 0.000114338
 0.34875 0.467042 0.161289 0.0227151 0.000203297
 0.318654 0.224769 0.449479 0.00709798 0
 0.937255 0.0296025 0.0250945 0.00804832 0
ppred_RECLAS
 0.538235 0.132702 0.305536 0.0235267 7.3067e-07
 0.510568 0.267686 0.0638387 0.146619 0.0112887
 0.654247 0.181735 0.0898933 0.0213435 0.0527812
 0.741141 0.173039 0.0452096 0.0222603 0.0183508
 0.731541 0.204168 0.0430893 0.0111707 0.0100302
 0.86395 0.100693 0.0269116 0.00566122 0.00278495
 0.551031 0.391764 0.0423989 0.0112698 0.00353594
 0.553325 0.262694 0.160779 0.0171999 0.00600239
 0.701378 0.167965 0.0769237 0.046958 0.00677563
 0.844279 0.113078 0.0240802 0.0109308 0.00763185
 0.89314 0.0921436 0.0107187 0.00225782 0.00173944
 0.811883 0.168625 0.0168136 0.00195105 0.000727493
 0.759777 0.19886 0.0371092 0.00367014 0.000584423
 0.724582 0.214482 0.0505124 0.00935196 0.00107174
 0.818999 0.137256 0.0341668 0.00794078 0.00163748
 0.965098 0.0292246 0.00431516 0.0010638 0.000298067
 0.395717 0.584832 0.0163044 0.00239224 0.000754729
 0.929835 0.0286466 0.0401873 0.00111595 0.000215346
 0.655602 0.321472 0.0093824 0.0131087 0.000434158
 0.659583 0.228619 0.104394 0.00303036 0.00437282
 0.796688 0.137129 0.0445206 0.0202281 0.00143409
 0.790883 0.168385 0.0275091 0.008896 0.00432757
 0.341948 0.527224 0.105444 0.0171442 0.00823899
 0.796685 0.0713048 0.105827 0.021104 0.00507946
 0.676453 0.259678 0.0224386 0.0332133 0.00821636
 0.492416 0.347235 0.128765 0.0110971 0.0204864
 0.797467 0.101253 0.0693343 0.0256542 0.00629169
 0.750405 0.200496 0.0245796 0.0167862 0.00773316
 0.369051 0.476893 0.123806 0.0151447 0.0151058
 0.447258 0.207503 0.261073 0.0676412 0.0165255
 0.867729 0.0605448 0.0269784 0.0338396 0.0109077
pobs_PELACES
 0 0 0 0 0
 0 0 0 0 0
 0 0 0 0 0
 0 0 0 0 0
 0 0 0 0 0
 0 0 0 0 0
 0 0 0 0 0
 0 0 0 0 0
 0 0 0 0 0
 0 0 0 0 0
 0 0 0 0 0
 0 0 0 0 0
 0 0 0 0 0
 0 0 0 0 0
 0 0 0 0 0
 0 0 0 0 0
 0.505614 0.472636 0.0217494 0 0
 0 0 0 0 0
 0.443492 0.261883 0.143347 0.151278 0
 0.227955 0.32914 0.350689 0.0885471 0.00366901
 0.970185 0.0296113 0.000203453 0 0
 0.997202 0.00247181 0.000326279 0 0
 0.445219 0.490057 0.0546422 0.010081 0
 0.90214 0.0892962 0.00764917 0.000914606 0
 0 0 0 0 0
 0.581667 0.319106 0.0959925 0.00289975 0.000334073
 0.762889 0.0836404 0.116647 0.0363945 0.000428098
 0.88444 0.0763242 0.0277011 0.0115352 0
 0.521256 0.241999 0.230069 0.00667565 0
 0.616807 0.101726 0.260614 0.0208532 0
 0.833518 0.0704572 0.0857862 0.0102388 0
ppred_PELACES
 0.543264 0.131397 0.30208 0.0232587 7.22345e-07
 0.519803 0.262977 0.0625422 0.14362 0.0110577
 0.662512 0.177628 0.0876204 0.0208007 0.0514386
 0.753673 0.164943 0.0428784 0.0211067 0.0173996
 0.736588 0.200427 0.0422164 0.0109433 0.00982588
 0.868831 0.0971616 0.0258846 0.00544424 0.00267818
 0.575244 0.370998 0.0398485 0.0105875 0.00332182
 0.557985 0.260107 0.158969 0.017005 0.00593436
 0.716399 0.159906 0.0728337 0.0444481 0.00641338
 0.856201 0.104629 0.0221229 0.0100384 0.00700866
 0.894806 0.0907246 0.0105394 0.00221989 0.00171021
 0.821819 0.159804 0.0158527 0.00183903 0.000685716
 0.770928 0.189784 0.0352475 0.00348512 0.000554953
 0.745988 0.198183 0.0462833 0.00856508 0.000981542
 0.830704 0.128574 0.0318083 0.00739018 0.00152391
 0.966832 0.0277913 0.00408695 0.00100732 0.000282238
 0.403385 0.577457 0.016059 0.00235591 0.000743264
 0.932007 0.0278009 0.0389032 0.00108014 0.000208435
 0.665487 0.312318 0.00908424 0.0126898 0.00042028
 0.668901 0.222593 0.101321 0.00294065 0.00424334
 0.801852 0.133754 0.043319 0.0196796 0.00139519
 0.797431 0.163211 0.0265823 0.00859485 0.00418104
 0.347336 0.523099 0.104429 0.0169773 0.00815878
 0.800328 0.0701042 0.103871 0.0207121 0.00498511
 0.681206 0.255951 0.0220797 0.0326791 0.00808418
 0.496947 0.344286 0.127496 0.010987 0.0202829
 0.801095 0.0995245 0.0680355 0.0251713 0.00617324
 0.753768 0.19785 0.0242218 0.0165407 0.00761999
 0.37279 0.474209 0.122959 0.0150401 0.0150014
 0.453609 0.205365 0.257893 0.0668104 0.0163224
 0.871052 0.0590962 0.0262756 0.0329543 0.0106222
pobs_pel_tallas
 0 0 0 0 0 0 0 0 0 0 0 0 0 0 0 0 0 0 0 0 0 0 0 0 0 0
 0 0 0 0 0 0 0 0 0 0 0 0 0 0 0 0 0 0 0 0 0 0 0 0 0 0
 0 0 0 0 0 0 0 0 0 0 0 0 0 0 0 0 0 0 0 0 0 0 0 0 0 0
 0 0 0 0 0 0 0 0 0 0 0 0 0 0 0 0 0 0 0 0 0 0 0 0 0 0
 0 0 0 0 0 0 0 0 0 0 0 0 0 0 0 0 0 0 0 0 0 0 0 0 0 0
 0 0 0 0 0 0 0 0 0 0 0 0 0 0 0 0 0 0 0 0 0 0 0 0 0 0
 0 0 0 0 0 0 0 0 0 0 0 0 0 0 0 0 0 0 0 0 0 0 0 0 0 0
 0 0 0 0 0 0 0 0 0 0 0 0 0 0 0 0 0 0 0 0 0 0 0 0 0 0
 0 0 0 0 0 0 0 0 0 0 0 0 0 0 0 0 0 0 0 0 0 0 0 0 0 0
 0 0 0 0 0 0 0 0 0 0 0 0 0 0 0 0 0 0 0 0 0 0 0 0 0 0
 0 0 0 0 0 0 0 0 0 0 0 0 0 0 0 0 0 0 0 0 0 0 0 0 0 0
 0 0 0 0 0 0 0 0 0 0 0 0 0 0 0 0 0 0 0 0 0 0 0 0 0 0
 0.00862536 0 0 0.000197151 0.00414017 0.0128641 0.00837892 0.0270097 0.101434 0.158115 0.152841 0.127902 0.109271 0.109419 0.0830992 0.0579132 0.0238553 0.00714673 0.00463305 0.00128148 0.00103504 0.000492878 0.000147863 0.000147863 4.92878e-05 0
 0 0 0 0 0 0 0 0 0 0 0 0 0 0 0 0 0 0 0 0 0 0 0 0 0 0
 0 0 0 0 0 0 0 0.0054083 0.00873648 0.0413646 0.0450493 0.0745869 0.0622846 0.0627006 0.0613931 0.0827291 0.12552 0.122667 0.0946155 0.0697135 0.0546179 0.0294188 0.0215738 0.0213955 0.0102223 0.00600262
 0 0 0 0 0.00359764 0.0251062 0.0480494 0.140153 0.205849 0.193036 0.1447 0.116669 0.0760912 0.0342217 0.00950174 0.001854 0.000860785 0 0 0 0.000165536 0 0.000143464 0 0 0
 0 0 0 0 0 0 0 0.000145254 0.000435761 0.0275982 0.070085 0.0708112 0.156366 0.174668 0.174014 0.160142 0.0824315 0.0480064 0.0283245 0.00493863 0.00203355 0 0 0 0 0
 0 0 0 0 0 0 0 0 0 0 0 0 0 0 0 0 0 0 0 0 0 0 0 0 0 0
 0 0 1.00437e-05 0.000401748 0.00122533 0.00171747 0.00176769 0.0269171 0.070346 0.194647 0.189555 0.159765 0.064822 0.0314167 0.0384472 0.0292271 0.0345202 0.0313363 0.0194345 0.0106764 0.0143323 0.0359363 0.0279516 0.0138201 0.00172751 0
 0 0.0021121 0.0136068 0.0755702 0.200478 0.177729 0.0527432 0.0373336 0.0318909 0.0142505 0.0149659 0.0166563 0.0217959 0.0798694 0.0677717 0.0528807 0.04013 0.0224614 0.0357745 0.0225083 0.00881397 0.00855152 0.00135912 0.000746735 0 0
 0 0 0 0 5.4009e-05 0.00500934 0.000945158 0.0243581 0.138947 0.33067 0.221406 0.137944 0.0707744 0.0437923 0.0131692 0.00525238 0.0047753 0.00276346 9.45158e-05 9.00151e-06 2.25038e-05 9.00151e-06 4.50075e-06 0 0 0
 0.000866109 0.00284123 0.00948549 0.0512746 0.133035 0.25785 0.225252 0.132002 0.0553304 0.0519788 0.0540692 0.017754 0.00435017 0.00159236 0.00146478 0.000404838 0.000125132 0.000115318 0.000107957 0.000100596 0 0 0 0 0 0
 0 0 0 0 0.00144013 0.00171154 0.00461396 0.0210425 0.0478622 0.0707936 0.0888783 0.103762 0.0637923 0.0337046 0.0602308 0.124433 0.169614 0.0934646 0.0462172 0.0250306 0.0313229 0.00938855 0.002487 0.000210481 0 0
 0 0.00764035 0.051015 0.0998891 0.058973 0.0496711 0.0374665 0.0718981 0.12319 0.153886 0.159021 0.0857701 0.0377988 0.023471 0.0147837 0.00900784 0.00315554 0.000888139 0.00291439 0.00214683 0.00393193 0.00274676 0.000635225 9.99891e-05 0 0
 0 0 0 0 0 0 0 0 0 0 0 0 0 0 0 0 0 0 0 0 0 0 0 0 0 0
 0 0 0 0 0 0 0 0 0 0 0 0 0 0 0 0 0 0 0 0 0 0 0 0 0 0
 0 0 0 0 0 0 0 0 0 0 0 0 0 0 0 0 0 0 0 0 0 0 0 0 0 0
 0 0 0 0 0 0 0 0 0 0 0 0 0 0 0 0 0 0 0 0 0 0 0 0 0 0
 0 0 0 0 0 0 0 0 0 0 0 0 0 0 0 0 0 0 0 0 0 0 0 0 0 0
 0 0 0 0 0 0 0 0 0 0 0 0 0 0 0 0 0 0 0 0 0 0 0 0 0 0
 0 0 0 0 0 0 0 0 0 0 0 0 0 0 0 0 0 0 0 0 0 0 0 0 0 0
ppred_pel_tallas
 1.11084e-16 4.47479e-05 0.000434966 0.0028905 0.0131398 0.0408829 0.0871058 0.127136 0.127149 0.0871701 0.0410999 0.0137724 0.00449962 0.00401812 0.00705579 0.01213 0.0187152 0.0261237 0.0335882 0.0406041 0.0469541 0.0523234 0.0559263 0.0566353 0.053619 0.0469806
 1.18147e-16 4.28155e-05 0.000416182 0.00276568 0.0125724 0.0391175 0.0833449 0.12165 0.121675 0.0834693 0.0395353 0.0137803 0.00580271 0.00706359 0.0127215 0.0211131 0.0307835 0.0395547 0.0452974 0.0471927 0.0462662 0.0446419 0.0440761 0.0449116 0.0461081 0.0460978
 1.13365e-16 5.45703e-05 0.000530443 0.00352498 0.0160241 0.0498569 0.106226 0.155043 0.155061 0.10631 0.0501401 0.0168436 0.00558781 0.00505257 0.00869938 0.014446 0.0211649 0.0273922 0.0316866 0.033437 0.0332142 0.0323001 0.0317742 0.0318879 0.0321092 0.031633
 1.06341e-16 6.20791e-05 0.000603431 0.00401001 0.0182289 0.056717 0.120842 0.176376 0.176392 0.12092 0.0569787 0.0189852 0.00591033 0.00475867 0.00797415 0.0131398 0.0190558 0.0242545 0.0272928 0.0275349 0.0255288 0.0226026 0.0200097 0.0182918 0.0172391 0.016291
 1.0403e-16 6.06718e-05 0.000589752 0.00391911 0.0178157 0.0554314 0.118103 0.172379 0.172398 0.118198 0.0557488 0.0187329 0.00622274 0.00562272 0.00963143 0.0158592 0.0229172 0.0289846 0.0322479 0.0318771 0.0285089 0.0237851 0.0193321 0.0159816 0.013689 0.011964
 1.01772e-16 7.15645e-05 0.000695633 0.00462272 0.0210142 0.0653831 0.139306 0.203323 0.203333 0.139352 0.0655372 0.0214595 0.00574129 0.0031407 0.00472466 0.00772238 0.0111756 0.0141757 0.0158456 0.0157789 0.0142665 0.0120733 0.0099515 0.00827843 0.00703055 0.00599724
 1.02869e-16 4.73822e-05 0.000460572 0.00306066 0.0139134 0.0432898 0.0922348 0.134627 0.134663 0.0924094 0.043876 0.0156064 0.00730942 0.00973242 0.0176468 0.0290739 0.0418193 0.0524665 0.0575635 0.0555173 0.0475432 0.0368453 0.0267118 0.0190056 0.0139136 0.0106634
 1.07364e-16 4.59605e-05 0.000446753 0.00296883 0.0134959 0.0419908 0.0894669 0.130585 0.13061 0.0895904 0.0424062 0.0146979 0.0059954 0.00708436 0.0127415 0.0212245 0.0311125 0.040253 0.0464414 0.0485986 0.0472936 0.0441208 0.0404961 0.0368958 0.0330103 0.0284278
 1.07686e-16 5.90089e-05 0.000573587 0.00381169 0.0173274 0.053912 0.114866 0.167653 0.167669 0.114942 0.0541668 0.0180646 0.00566678 0.0046389 0.0078263 0.0129687 0.0189707 0.0244876 0.0281934 0.029501 0.0288814 0.0274473 0.0261468 0.0252219 0.024274 0.0227303
 1.02859e-16 7.05241e-05 0.00068552 0.00455552 0.0207087 0.0644326 0.137281 0.200368 0.200378 0.13733 0.0645984 0.0211877 0.00575863 0.00331453 0.00507136 0.00829357 0.0119917 0.015192 0.0169566 0.0168658 0.0152633 0.0130096 0.010942 0.0094647 0.00850925 0.00777142
 1.0084e-16 7.3704e-05 0.000716429 0.00476092 0.0216425 0.0673378 0.143471 0.209401 0.20941 0.143513 0.0674812 0.0220566 0.00580022 0.00298465 0.00437976 0.00711952 0.0102384 0.0128531 0.0141179 0.0136441 0.0117288 0.00915314 0.00671692 0.00487026 0.00365378 0.00287479
 1.00799e-16 6.76922e-05 0.000657992 0.00437259 0.0198772 0.0618453 0.131769 0.192323 0.192339 0.131844 0.0620978 0.0206062 0.00620194 0.00464951 0.00764247 0.0125119 0.0179805 0.0225321 0.0246686 0.0236963 0.0201353 0.0153708 0.0108349 0.00735482 0.00504 0.003582
 1.0151e-16 6.35004e-05 0.000617246 0.00410182 0.0186463 0.0580156 0.123609 0.180415 0.180433 0.123698 0.058316 0.019514 0.00628033 0.0053747 0.00910379 0.0149626 0.0215767 0.0271899 0.0300505 0.0293377 0.0256323 0.0204963 0.0155187 0.0115798 0.00875798 0.00670882
 1.02412e-16 6.1446e-05 0.000597277 0.00396912 0.0180431 0.0561387 0.11961 0.174579 0.174598 0.119704 0.0564527 0.0189503 0.00624789 0.0055764 0.009531 0.015694 0.022682 0.0286894 0.0319106 0.0315007 0.0280531 0.0231523 0.0183824 0.0145788 0.0117588 0.00953959
 1.0195e-16 6.8424e-05 0.000665106 0.00441986 0.0200921 0.0625139 0.133193 0.194402 0.194414 0.133254 0.0627177 0.0206809 0.0058991 0.00389787 0.00621855 0.0101997 0.0147507 0.0186837 0.0208333 0.0206571 0.0185413 0.0155064 0.0125639 0.0102324 0.00849893 0.00709684
 1.00274e-16 7.96367e-05 0.000774097 0.00514415 0.0233845 0.072758 0.155019 0.226255 0.226258 0.155032 0.072802 0.0235115 0.00546283 0.00146984 0.00140111 0.0021906 0.00314865 0.00396084 0.00436605 0.00424531 0.00368752 0.00292721 0.00220289 0.00164637 0.00126692 0.00100677
 1.00974e-16 3.32264e-05 0.000322972 0.00214627 0.00975665 0.0303569 0.0646805 0.0944148 0.0944703 0.0649519 0.0312677 0.0123862 0.00874152 0.0147029 0.0272915 0.0449299 0.0644003 0.0803116 0.0871916 0.0825175 0.0682552 0.0496136 0.0320508 0.0188262 0.0104871 0.00589291
 1.01274e-16 7.67682e-05 0.000746214 0.00495886 0.0225422 0.0701373 0.149435 0.218105 0.218108 0.149448 0.0701824 0.0226732 0.00529006 0.00147775 0.00149095 0.00240791 0.00361086 0.00485049 0.00591688 0.00669357 0.00718758 0.00745825 0.00751422 0.00728367 0.00668415 0.00571965
 1.01686e-16 5.48154e-05 0.000532825 0.00354081 0.016096 0.0500809 0.106704 0.155743 0.155774 0.106851 0.0505736 0.0175186 0.00710907 0.00831388 0.0148077 0.0243289 0.0348917 0.0435666 0.0474137 0.0450925 0.0376842 0.0280049 0.0189746 0.012291 0.00816286 0.00588959
 1.03994e-16 5.50966e-05 0.000535558 0.00355897 0.0161786 0.0503377 0.107251 0.15654 0.156561 0.107356 0.0506919 0.017203 0.00613555 0.00617698 0.010818 0.0179236 0.0261068 0.0334342 0.0379441 0.0386841 0.0362015 0.0320331 0.0276496 0.023728 0.0201878 0.016708
 1.03495e-16 6.60475e-05 0.000642006 0.00426635 0.0193942 0.0603427 0.128567 0.18765 0.187663 0.12863 0.0605551 0.0200083 0.00580994 0.00401884 0.00650052 0.0106983 0.0155378 0.0198217 0.0223749 0.0226588 0.0210703 0.0186202 0.0162624 0.0144111 0.0129368 0.0114933
 1.02379e-16 6.56834e-05 0.000638466 0.00424283 0.0192873 0.06001 0.127858 0.186616 0.186632 0.127935 0.0602683 0.0200333 0.0061157 0.0047282 0.00783654 0.0128614 0.018545 0.023373 0.0258492 0.0252878 0.0222155 0.0180015 0.0140225 0.011015 0.00899008 0.00757095
 1.06231e-16 2.86097e-05 0.000278097 0.00184805 0.00840101 0.0261389 0.0556936 0.0812971 0.0813475 0.0559402 0.0269671 0.0107937 0.00785628 0.0134016 0.0249746 0.0412999 0.0596239 0.0752537 0.0834046 0.0818463 0.0721913 0.0587207 0.0457475 0.035594 0.0283589 0.0229927
 1.05937e-16 6.59219e-05 0.000640785 0.00425824 0.0193573 0.0602279 0.128322 0.187291 0.187298 0.128356 0.060342 0.0196887 0.00509739 0.00249722 0.00366379 0.00614151 0.00928256 0.0125991 0.0156191 0.0180977 0.0200798 0.0216953 0.0228819 0.0233117 0.0225973 0.0205868
 1.05348e-16 5.61101e-05 0.00054541 0.00362444 0.0164762 0.0512637 0.109224 0.15942 0.159445 0.109344 0.0516682 0.0176444 0.00655641 0.00694472 0.0122067 0.0200856 0.0289207 0.0363663 0.0400883 0.039054 0.0341708 0.0276886 0.0218468 0.0178043 0.0154756 0.0140798
 1.08302e-16 4.0933e-05 0.000397883 0.00264407 0.0120196 0.0373976 0.0796808 0.116303 0.116337 0.0798436 0.0379447 0.0136012 0.00662022 0.00909783 0.0166224 0.0275685 0.0400673 0.0511338 0.0577287 0.0584217 0.0541728 0.0475317 0.0409487 0.0355641 0.0311931 0.0271186
 1.05558e-16 6.59852e-05 0.0006414 0.00426233 0.0193759 0.0602857 0.128445 0.187472 0.187482 0.128493 0.060445 0.0198373 0.0054249 0.00319447 0.00495952 0.00821272 0.0121029 0.0158097 0.0185383 0.0199248 0.0202101 0.0199765 0.0196704 0.0193169 0.0186126 0.0172406
 1.03698e-16 6.20869e-05 0.000603507 0.00401052 0.0182312 0.0567242 0.120858 0.176399 0.176418 0.120951 0.0570371 0.0191348 0.00627873 0.00555522 0.00946711 0.0155558 0.0224126 0.028212 0.0311452 0.0303992 0.0266476 0.0215956 0.0169491 0.013606 0.0115384 0.0102075
 1.07717e-16 3.07063e-05 0.000298477 0.00198348 0.00901666 0.0280544 0.0597746 0.0872523 0.0872981 0.0599984 0.0288061 0.011189 0.00744063 0.0122255 0.0227236 0.0376255 0.0544485 0.068993 0.076975 0.0763912 0.0686552 0.0575197 0.0467084 0.0381397 0.0317821 0.0266697
 1.16958e-16 3.73633e-05 0.000363184 0.00241349 0.0109714 0.0341361 0.0727314 0.106158 0.106178 0.0728301 0.0344688 0.011937 0.00485585 0.00575614 0.0104599 0.0177062 0.0266129 0.0358016 0.0438447 0.0500395 0.0546405 0.0582655 0.0610221 0.062182 0.060675 0.0559134
 1.05876e-16 7.17474e-05 0.00069741 0.00463454 0.0210679 0.0655502 0.139662 0.203842 0.203847 0.13969 0.0656445 0.0213409 0.00532188 0.00220526 0.00295779 0.00483691 0.00710889 0.00926616 0.0108593 0.011725 0.0120864 0.0123743 0.0129006 0.0136421 0.0142752 0.0143921
pSPR Fmed_Fpbrs
0.551624   0.241337 0.241337
Fs Fmed_Fpbrs
0.359333   1.005 1.005
SSBpbr Bo_Bmed_Bpbrs
1.66611e+06  835759  318788 318788
Ro
141063
SPR SPRFo_SPRFmed_SPRFpbrs
1.00831e+06 556206 243342
Fref
1.005
Nvult_r0
 170421 12847.4 5758.24 7224.97 2328.89
CTP_r0
 27490.5 2789.14 1273.28 1599.17 515.502
YTP_r0
391274
Np
 200964 74265.1 4966.24 2205.63 3531.88
Nvult_p0
 163508 64014.8 4296.59 1908.6 3056.28
CTP_p0
 66179.6 31689.6 2152.23 956.648 1531.95
YTP_p0
 1.13913e+06
CBA_c0
615631
log_Ro
11.677
likeval ReclasPelacesDesembMPH_pf_preclas_ppelaces_ptallas_desvR_qrecl_qpela
 10.9577 23.5175 0.0112587 0.00228144 241.099 117.188 99.3762 0 29.4369 8.59392e-07 0 0.0431561 0 0 0
q_reclas_q_pelaces
1.14038 1
M
1
N
 163453 41487.9 95738.5 7372.89 0.228982
 95257.7 52716.4 12624.9 29002.3 2233.01
 93611.8 27436.6 13627.9 3236.42 8003.58
 104889 27010.7 7111.01 3502.75 2887.64
 85366.8 24759 5240.96 1358.92 1220.18
 212670 26388.4 7087.08 1491.26 733.61
 71497.7 58921.9 6450.43 1715.61 538.297
 27613.7 13478 8266.84 884.476 308.666
 33635 8961 4138.04 2527.19 364.661
 49620.7 7636.3 1643.81 746.613 521.298
 91888.1 9732.91 1134.51 239.003 184.13
 130735 30004.1 3015.01 350.007 130.511
 106562 30604.6 5752.47 569.147 90.6312
 73837 25748 6141.57 1137.84 130.402
 68422.1 12935.5 3250.28 755.787 155.856
 445141 14586.4 2167 534.396 149.736
 73860.4 114561 3205.84 470.466 148.429
 674862 21834.2 30747.1 853.983 164.796
 379606 198926 5835.86 8155.86 270.126
 280377 103370 47428.8 1377.12 1987.21
 432099 77996.4 25416.1 11550.2 818.872
 567082 128173 21037.2 6804.8 3310.32
 99614 159152 31918.5 5190.38 2494.37
 337317 31192.3 46411.5 9256.63 2227.97
 269926 107044 9272.98 13727.6 3395.98
 118330 85708.7 31849.5 2745.15 5067.83
 293829 38557.4 26470.4 9795.57 2402.38
 339224 93106.2 11438.2 7812.4 3599.07
 83485.6 110483 28735.5 3515.45 3506.44
 57267.7 27572.1 34790.2 9015.19 2202.53
 244686 17813.6 7963.87 9991.05 3220.49
pred_Ctot
 12877.8 4602.87 10854.8 836.899 0.0259934
 13333.5 10194.1 2491.3 5729.25 441.145
 13016.8 5272.22 2672.36 635.329 1571.24
 24627.4 8493.31 2276.41 1122.39 925.334
 8742.74 3544.71 766.379 198.936 178.637
 33962.5 5785.28 1584.77 333.815 164.227
 23248.2 24862.7 2764.63 735.912 230.913
 2078.85 1430.37 896.649 96.0446 33.5198
 8463.44 3002.47 1410.95 862.5 124.46
 15400.1 3091.84 676.282 307.426 214.66
 6592.79 985.468 117.411 24.7632 19.079
 31171.2 9568.85 978.829 113.738 42.413
 23917.5 9231.4 1766.96 174.991 27.8671
 25938.6 11627.2 2815.1 521.963 59.822
 19004.3 4741.24 1211.54 281.97 58.1497
 87019.5 3869.17 585.779 144.602 40.5191
 9336.35 20092.3 573.945 84.3202 26.6041
 86327.1 3873.37 5567.7 154.809 29.8757
 63880.5 45829.1 1371.03 1918.07 63.5309
 44205.7 22388.9 10478.2 304.56 439.512
 53837 13491.1 4487.84 2041.71 144.759
 86887.4 27016.6 4523.52 1464.75 712.595
 9495.05 21253.7 4354.33 708.878 340.689
 29648.7 3849.95 5852.85 1168.67 281.303
 23636.6 13164 1165.15 1726.85 427.218
 8631.61 8819.69 3349.79 289.058 533.664
 26068.4 4802.4 3368.49 1247.96 306.083
 24835.9 9615.44 1207.34 825.586 380.36
 5444.11 10187.4 2708.65 331.761 330.931
 5668.37 3819.19 4922.42 1276.99 312.003
 27490.5 2789.14 1273.28 1599.17 515.502
F
 0.131597 0.18973 0.194246 0.19449 0.194503
 0.244707 0.352807 0.361205 0.361658 0.361682
 0.242923 0.350235 0.358572 0.359022 0.359045
 0.443716 0.639728 0.654956 0.655777 0.655821
 0.174034 0.250914 0.256887 0.257209 0.257226
 0.283528 0.408777 0.418508 0.419032 0.41906
 0.668603 0.96396 0.986906 0.988144 0.988209
 0.12543 0.180839 0.185143 0.185376 0.185388
 0.482653 0.695867 0.712431 0.713325 0.713372
 0.628895 0.906711 0.928294 0.929458 0.929519
 0.119237 0.171911 0.176003 0.176224 0.176235
 0.452023 0.651705 0.667218 0.668055 0.668099
 0.420369 0.606069 0.620495 0.621274 0.621315
 0.741886 1.06962 1.09508 1.09645 1.09652
 0.545609 0.786633 0.805358 0.806368 0.806421
 0.357281 0.515111 0.527373 0.528034 0.528069
 0.218702 0.315314 0.322819 0.323224 0.323245
 0.221574 0.319455 0.327059 0.327469 0.327491
 0.300819 0.433706 0.44403 0.444587 0.444616
 0.279473 0.402931 0.412522 0.413039 0.413067
 0.215272 0.310369 0.317756 0.318155 0.318176
 0.270642 0.390199 0.399487 0.399988 0.400014
 0.161133 0.232314 0.237844 0.238142 0.238158
 0.147782 0.213066 0.218137 0.218411 0.218425
 0.147194 0.212218 0.217269 0.217542 0.217556
 0.121331 0.174929 0.179093 0.179318 0.179329
 0.149257 0.215192 0.220314 0.22059 0.220605
 0.121801 0.175607 0.179788 0.180013 0.180025
 0.10787 0.155521 0.159223 0.159423 0.159433
 0.167774 0.241889 0.247647 0.247957 0.247974
 0.192335 0.2773 0.2839 0.284256 0.284275
nmprior
 8.19 8.8 8.5 0
nm_flota  nm_reclas  nm_pelaces    nm_pelaL
inf 14.8465 15.1558 34.2574
cv_recla  cv_pelaces  cv_mph
0.299422 0.549879 1.47404
 ------------------------------------------------
Talla a la edad & desviaci?n 
 8 13.2811 15.8009 17.003 17.5766
 0.8 1.32811 1.58009 1.7003 1.75766
