years
 1991 1992 1993 1994 1995 1996 1997 1998 1999 2000 2001 2002 2003 2004 2005 2006 2007 2008 2009 2010 2011 2012 2013 2014 2015 2016 2017 2018 2019 2020 2021
reclasobs
 0 0 0 0 0 0 0 0 0 252601 567819 844713 477998 351125 339783 2.1784e+06 2.13404e+06 4.81314e+06 1.55562e+06 2.62356e+06 3.21686e+06 3.843e+06 1.13348e+06 3.07943e+06 1.97215e+06 2.03268e+06 2.025e+06 2.42433e+06 2.27542e+06 1.05018e+06 2.36338e+06
reclaspred
 2.69965e+06 1.04248e+06 549709 282618 57540.6 929112 308781 82841.7 361078 148306 261747 479913 431024 295213 231845 1.16864e+06 813384 3.31988e+06 2.46027e+06 1.1662e+06 2.38974e+06 2.21502e+06 1.34197e+06 2.54029e+06 1.69687e+06 1.09396e+06 1.66211e+06 2.32227e+06 1.71682e+06 722875 1.02065e+06
pelacesobs
 0 0 0 0 0 0 0 0 0 0 0 0 0 0 0 552880 188675 0 991730 2.46772e+06 1.41603e+06 1.21717e+06 2.29649e+06 1.80582e+06 0 1.4828e+06 1.56532e+06 1.57751e+06 1.42118e+06 867257 1.10002e+06
pelacespred
 1.32211e+06 539796 249283 82036.6 16975.5 408149 94855.2 33985.2 149550 50692 116529 180091 175697 119392 93912.2 447259 311909 1.57391e+06 1.14805e+06 530605 1.04054e+06 968788 591325 1.28321e+06 819579 521976 913188 1.23862e+06 765017 381067 493582
mphobs
 0 0 0 0 0 0 0 0 0 0 0 498337 0 5186 125008 0 168611 109162 213762 579715 649985 157893 87575 83554 0 0 0 0 0 0 0
mphpred
 2.87467e+06 1.40957e+06 408883 294884 87864.9 16124.9 462245 95683.5 32032.5 171132 46283.1 170307 249372 174264 90191.6 93414 744802 464030 1.98499e+06 1.21955e+06 759043 1.23068e+06 1.31239e+06 803557 1.42662e+06 989887 578771 857050 1.61202e+06 899610 343297
desembarqueobs
 494567 514787 250237 358949 120608 361735 552515 73892 212993 205616 52469 317467 293654 387597 252695 516296 358380 742168 942051 627588 828172 859565 418607 520667 417249 300574 415391 372974 316634 284311 391294
desembarquepred
 494538 514973 249396 358811 120534 361543 551730 73860 212849 205418 52461.5 317247 293418 387052 252453 515990 358273 741841 941059 626726 827755 858945 418416 520510 417042 300407 415210 372838 316506 284135 391123
Reclutas
 13580.1 8504.92 188023 14284.7 5592.58 282374 9397.73 2286.66 68574.2 12906.3 73381.9 146566 87717.6 68034 51219.7 440313 16807.5 910049 286630 105207 441909 586237 22000.7 343837 193279 44967.5 265886 353355 27320.9 12917 176209
log_desv_Rt
 -1.60971 -2.07767 1.01825 -1.55912 -2.49687 1.42492 -1.97785 -3.39122 0.00960209 -1.6606 0.0773624 0.769164 0.255808 0.00169266 -0.28219 1.86917 -1.39649 2.59518 1.43988 0.437611 1.87279 2.15541 -1.12724 1.62185 1.04582 -0.412375 1.36475 1.64916 -0.910662 -1.65977 0.953354
SSB
 2.87467e+06 1.40957e+06 408883 294884 87864.9 16124.9 462245 95683.5 32032.5 171132 46283.1 170307 249372 174264 90191.6 93414 744802 464030 1.98499e+06 1.21955e+06 759043 1.23068e+06 1.31239e+06 803557 1.42662e+06 989887 578771 857050 1.61202e+06 899610 343297
BT
 3.50107e+06 1.80363e+06 817616 456158 148074 1.26275e+06 706243 148943 535437 301141 313147 677288 668141 678181 469183 1.43956e+06 1.00252e+06 4.29807e+06 3.53451e+06 1.83732e+06 3.11001e+06 3.00554e+06 1.72666e+06 3.45278e+06 2.28223e+06 1.48205e+06 2.54391e+06 3.22517e+06 2.02762e+06 1.18317e+06 1.5229e+06
Ftot
 0.173603 0.454654 0.463654 1.08837 1.64207 0.441943 1.42909 0.802853 0.648765 1.19303 0.225656 0.682914 0.675521 1.2447 1.09022 0.493083 0.412152 0.251163 0.376339 0.511706 0.367272 0.401145 0.294712 0.222464 0.244872 0.266513 0.271051 0.17532 0.175704 0.368813 0.413272
BD_Bspro_t
 0.972606 0.782173 0.499416 0.447446 0.167909 0.0510541 0.472573 0.139712 0.0760071 0.318931 0.153402 0.501163 0.431613 0.304106 0.17892 0.191235 0.524031 0.40487 0.676718 0.529375 0.383463 0.498499 0.536787 0.455537 0.623852 0.595819 0.534124 0.650707 0.754454 0.636737 0.459361
BD_Bspro
 5.92131 2.90347 0.842225 0.607407 0.180986 0.0332144 0.952141 0.197091 0.0659812 0.352501 0.0953348 0.350801 0.513661 0.358953 0.185778 0.192416 1.53416 0.955818 4.08872 2.51205 1.56349 2.53497 2.70328 1.65518 2.93858 2.03899 1.19216 1.76537 3.32047 1.85303 0.707129
BD_Bo
 1.61803 0.793387 0.230142 0.165977 0.0494553 0.00907601 0.260177 0.053856 0.0180297 0.0963226 0.0260507 0.0958581 0.14036 0.0980858 0.0507649 0.0525787 0.419216 0.261182 1.11726 0.686431 0.427232 0.692694 0.738685 0.452287 0.802983 0.557164 0.325765 0.482396 0.907334 0.506351 0.193227
BD_Brms
 10.2134 5.00808 1.45272 1.04769 0.312175 0.0572903 1.64231 0.339954 0.113808 0.608015 0.164439 0.605082 0.885993 0.619144 0.320442 0.331891 2.64621 1.64865 7.05248 4.33294 2.6968 4.37247 4.66278 2.85496 5.06865 3.51697 2.05632 3.04501 5.72734 3.19622 1.2197
Sel_flota
 0.813366 1 1 1 1
 0.813366 1 1 1 1
 0.813366 1 1 1 1
 0.813366 1 1 1 1
 0.813366 1 1 1 1
 0.813366 1 1 1 1
 0.813366 1 1 1 1
 0.813366 1 1 1 1
 0.813366 1 1 1 1
 0.813366 1 1 1 1
 0.813366 1 1 1 1
 0.813366 1 1 1 1
 0.813366 1 1 1 1
 0.813366 1 1 1 1
 0.813366 1 1 1 1
 0.813366 1 1 1 1
 0.813366 1 1 1 1
 0.813366 1 1 1 1
 0.813366 1 1 1 1
 0.813366 1 1 1 1
 0.813366 1 1 1 1
 0.813366 1 1 1 1
 0.813366 1 1 1 1
 0.813366 1 1 1 1
 0.813366 1 1 1 1
 0.813366 1 1 1 1
 0.813366 1 1 1 1
 0.813366 1 1 1 1
 0.813366 1 1 1 1
 0.813366 1 1 1 1
 0.813366 1 1 1 1
Sel_reclas
 1 1 1 1 1
 1 1 1 1 1
 1 1 1 1 1
 1 1 1 1 1
 1 1 1 1 1
 1 1 1 1 1
 1 1 1 1 1
 1 1 1 1 1
 1 1 1 1 1
 1 1 1 1 1
 1 1 1 1 1
 1 1 1 1 1
 1 1 1 1 1
 1 1 1 1 1
 1 1 1 1 1
 1 1 1 1 1
 1 1 1 1 1
 1 1 1 1 1
 1 1 1 1 1
 1 1 1 1 1
 1 1 1 1 1
 1 1 1 1 1
 1 1 1 1 1
 1 1 1 1 1
 1 1 1 1 1
 1 1 1 1 1
 1 1 1 1 1
 1 1 1 1 1
 1 1 1 1 1
 1 1 1 1 1
 1 1 1 1 1
Sel_pelaces
 1 1 1 1 1
 1 1 1 1 1
 1 1 1 1 1
 1 1 1 1 1
 1 1 1 1 1
 1 1 1 1 1
 1 1 1 1 1
 1 1 1 1 1
 1 1 1 1 1
 1 1 1 1 1
 1 1 1 1 1
 1 1 1 1 1
 1 1 1 1 1
 1 1 1 1 1
 1 1 1 1 1
 1 1 1 1 1
 1 1 1 1 1
 1 1 1 1 1
 1 1 1 1 1
 1 1 1 1 1
 1 1 1 1 1
 1 1 1 1 1
 1 1 1 1 1
 1 1 1 1 1
 1 1 1 1 1
 1 1 1 1 1
 1 1 1 1 1
 1 1 1 1 1
 1 1 1 1 1
 1 1 1 1 1
 1 1 1 1 1
pf_obs 
 0.8446 0.082 0.0669 0.0065 0
 0.8095 0.147 0.0364 0.0071 0
 0.9664 0.0169 0.016 0.0007 0
 0.9276 0.0648 0.0075 0.0001 0
 0.7033 0.2144 0.0806 0.0017 0
 0.9318 0.0425 0.0243 0.0014 0
 0.5671 0.3108 0.0964 0.0239 0.0018
 0.0768 0.2599 0.5324 0.112 0.0189
 0.490249 0.384438 0.106611 0.0170017 0.00170017
 0.7925 0.1577 0.0466 0.003 0.0002
 0.840416 0.127587 0.0312969 0.00059994 9.999e-05
 0.8084 0.0986 0.0794 0.0134 0.0002
 0.7335 0.1905 0.0724 0.0035 0.0001
 0.4001 0.4547 0.1325 0.0127 0
 0.49795 0.308269 0.164784 0.0264974 0.00249975
 0.9179 0.0499 0.0305 0.0017 0
 0.2467 0.6533 0.0926 0.0074 0
 0.9418 0.0223 0.034 0.0019 0
 0.707729 0.231977 0.0356964 0.0245975 0
 0.517169 0.277429 0.184464 0.0207286 0.00020938
 0.811772 0.124168 0.05621 0.00726502 0.000585176
 0.764997 0.148141 0.077277 0.00933861 0.000247198
 0.163321 0.427699 0.378323 0.0303852 0.000271297
 0.753843 0.0900009 0.118128 0.0371064 0.000921714
 0.721811 0.176058 0.0630433 0.0369309 0.00215725
 0.143369 0.312575 0.442814 0.0836902 0.0175525
 0.692698 0.0596174 0.167031 0.0765114 0.00414204
 0.394062 0.376323 0.152708 0.0712218 0.00568511
 0.125707 0.32114 0.495352 0.0537591 0.00404204
 0.23352 0.215282 0.420074 0.123614 0.00750983
 0.774587 0.0839891 0.0768558 0.0609784 0.00358967
pf_pred 
 0.059267 0.220117 0.640989 0.0796256 6.45084e-07
 0.107614 0.0653086 0.193524 0.563548 0.0700062
 0.908103 0.0124144 0.00581688 0.0172367 0.0564292
 0.195916 0.745871 0.00786403 0.00368476 0.0466644
 0.370451 0.160516 0.435077 0.00458719 0.0293693
 0.995187 0.00227094 0.000648066 0.00175657 0.000137096
 0.102727 0.89393 0.00157735 0.000450135 0.00131531
 0.207618 0.114312 0.675543 0.00119201 0.00133415
 0.972125 0.00729411 0.00296902 0.0175458 6.56116e-05
 0.426723 0.561147 0.00317422 0.00129204 0.00766407
 0.94555 0.0280247 0.0258663 0.000146317 0.000412835
 0.841755 0.151333 0.00355744 0.00328345 7.09785e-05
 0.679246 0.281087 0.0379347 0.000891746 0.000840857
 0.703257 0.219029 0.0681032 0.00919103 0.000419784
 0.791536 0.161093 0.0349649 0.0108717 0.00153423
 0.975755 0.0204174 0.00295767 0.000641958 0.000227774
 0.113028 0.870352 0.0139958 0.00202744 0.000596189
 0.960092 0.00562903 0.0336369 0.000540903 0.000101396
 0.459478 0.523319 0.0024264 0.0144992 0.000276864
 0.373579 0.326807 0.290079 0.00134497 0.00819046
 0.863539 0.0597015 0.0400456 0.0355451 0.00116843
 0.783756 0.19251 0.0103835 0.00696489 0.00638536
 0.0882375 0.750798 0.143298 0.00772913 0.00993745
 0.830238 0.018593 0.124481 0.0237585 0.00292909
 0.566185 0.37326 0.0066323 0.0444037 0.00951973
 0.285015 0.445094 0.232217 0.00412617 0.0335475
 0.847544 0.0511542 0.0630625 0.0329013 0.00533774
 0.764741 0.20602 0.00981082 0.0120947 0.00733384
 0.138244 0.691952 0.148699 0.00708118 0.014023
 0.1718 0.138674 0.55366 0.118981 0.0168863
 0.898093 0.0214076 0.0134787 0.0538143 0.0132059
pobs_RECLAS
 0 0 0 0 0
 0 0 0 0 0
 0 0 0 0 0
 0 0 0 0 0
 0 0 0 0 0
 0 0 0 0 0
 0 0 0 0 0
 0 0 0 0 0
 0 0 0 0 0
 0 0 0 0 0
 0.991045 0.00858322 0.000360255 1.14367e-05 0
 0.934742 0.0480273 0.0164251 0.00080598 0
 0.827803 0.169806 0.00239088 0 0
 0.941827 0.0461693 0.0120037 0 0
 0.791401 0.0380133 0.147996 0.0225897 0
 0.846168 0.0940531 0.0597789 0 0
 0.134021 0.677848 0.182769 0.00536245 0
 0.80878 0.0450904 0.141981 0.00414843 0
 0.846168 0.0940531 0.0597789 0 0
 0.905697 0.0802665 0.012482 0.00150086 5.37128e-05
 0.989698 0.0102097 9.19794e-05 0 0
 0.975433 0.0193895 0.00387452 0.00125025 5.28907e-05
 0.303575 0.632131 0.0575291 0.00676475 0
 0.966965 0.00978017 0.0227588 0.000495775 0
 0.843318 0.132988 0.00938335 0.0141283 0.000182051
 0.564624 0.303363 0.111486 0.0197234 0.00080311
 0.826376 0.0876187 0.0782897 0.00655872 0.00115652
 0.89761 0.0855135 0.0140674 0.00269457 0.000114338
 0.34875 0.467042 0.161289 0.0227151 0.000203297
 0.318654 0.224769 0.449479 0.00709798 0
 0.937255 0.0296025 0.0250945 0.00804832 0
ppred_RECLAS
 0.0720929 0.217116 0.63225 0.07854 6.36289e-07
 0.130209 0.0636549 0.188624 0.549279 0.0682336
 0.924643 0.01018 0.00476991 0.0141343 0.0462726
 0.236161 0.708539 0.00747042 0.00350033 0.0443288
 0.433917 0.144334 0.391215 0.00412475 0.0264085
 0.996118 0.00183167 0.00052271 0.0014168 0.000110577
 0.128568 0.868185 0.00153193 0.000437172 0.00127743
 0.247462 0.108564 0.641575 0.00113207 0.00126706
 0.977549 0.00587478 0.00239129 0.0141317 5.28445e-05
 0.48686 0.502282 0.00284124 0.00115651 0.0068601
 0.955434 0.0229377 0.0211711 0.000119758 0.000337898
 0.869257 0.125032 0.00293917 0.0027128 5.86428e-05
 0.725743 0.24034 0.0324356 0.000762476 0.000718965
 0.751722 0.183256 0.0569803 0.00768991 0.000351223
 0.828135 0.132811 0.0288264 0.00896307 0.00126488
 0.980398 0.0165078 0.00239132 0.000519033 0.000184159
 0.136454 0.847366 0.0136262 0.00197389 0.000580443
 0.967444 0.00459199 0.0274399 0.000441252 8.2716e-05
 0.512936 0.471563 0.00218643 0.0130652 0.000249482
 0.425786 0.29957 0.265903 0.00123288 0.00750785
 0.886851 0.0495025 0.0332045 0.0294728 0.000968825
 0.81795 0.162069 0.0087416 0.00586355 0.00537566
 0.10687 0.735455 0.140369 0.00757117 0.00973437
 0.857899 0.0155634 0.104198 0.0198873 0.00245182
 0.617138 0.329419 0.00585331 0.0391883 0.0084016
 0.330013 0.417082 0.217603 0.00386649 0.0314362
 0.872935 0.0426347 0.0525597 0.0274218 0.00444877
 0.800355 0.174832 0.00832563 0.0102638 0.00622363
 0.165166 0.670335 0.144054 0.00685995 0.0135849
 0.204417 0.133212 0.531855 0.114295 0.0162213
 0.916166 0.017611 0.0110883 0.0442705 0.0108639
pobs_PELACES
 0 0 0 0 0
 0 0 0 0 0
 0 0 0 0 0
 0 0 0 0 0
 0 0 0 0 0
 0 0 0 0 0
 0 0 0 0 0
 0 0 0 0 0
 0 0 0 0 0
 0 0 0 0 0
 0 0 0 0 0
 0 0 0 0 0
 0 0 0 0 0
 0 0 0 0 0
 0 0 0 0 0
 0 0 0 0 0
 0.505614 0.472636 0.0217494 0 0
 0 0 0 0 0
 0.443492 0.261883 0.143347 0.151278 0
 0.227955 0.32914 0.350689 0.0885471 0.00366901
 0.970185 0.0296113 0.000203453 0 0
 0.997202 0.00247181 0.000326279 0 0
 0.445219 0.490057 0.0546422 0.010081 0
 0.90214 0.0892962 0.00764917 0.000914606 0
 0 0 0 0 0
 0.581667 0.319106 0.0959925 0.00289975 0.000334073
 0.762889 0.0836404 0.116647 0.0363945 0.000428098
 0.88444 0.0763242 0.0277011 0.0115352 0
 0.521256 0.241999 0.230069 0.00667565 0
 0.616807 0.101726 0.260614 0.0208532 0
 0.833518 0.0704572 0.0857862 0.0102388 0
ppred_PELACES
 0.0728115 0.216948 0.631761 0.0784792 6.35796e-07
 0.133414 0.0634204 0.187929 0.547255 0.0679822
 0.926609 0.0099144 0.00464548 0.0137656 0.0450655
 0.248466 0.697125 0.00735008 0.00344395 0.0436147
 0.458905 0.137963 0.373947 0.00394267 0.0252428
 0.996222 0.00178267 0.000508728 0.0013789 0.000107619
 0.138756 0.858035 0.00151402 0.000432061 0.00126249
 0.256785 0.107219 0.633627 0.00111804 0.00125137
 0.97841 0.00564963 0.00229965 0.0135901 5.08193e-05
 0.505227 0.484304 0.00273954 0.00111511 0.00661456
 0.956022 0.022635 0.0208917 0.000118177 0.00033344
 0.873964 0.120531 0.00283337 0.00261515 5.65318e-05
 0.733946 0.233152 0.0314655 0.000739671 0.000697461
 0.765752 0.172901 0.0537604 0.00725536 0.000331376
 0.837482 0.125587 0.0272586 0.00847559 0.00119609
 0.980973 0.0160234 0.00232115 0.000503803 0.000178755
 0.139473 0.844403 0.0135786 0.00196699 0.000578414
 0.967928 0.00452376 0.0270322 0.000434696 8.1487e-05
 0.518725 0.465958 0.00216045 0.01291 0.000246517
 0.433509 0.295541 0.262327 0.00121629 0.00740688
 0.889101 0.0485181 0.0325442 0.0288867 0.000949559
 0.8216 0.158819 0.00856634 0.00574599 0.00526788
 0.108615 0.734018 0.140095 0.00755638 0.00971535
 0.859561 0.0153814 0.102979 0.0196547 0.00242314
 0.620695 0.326358 0.00579893 0.0388242 0.00832354
 0.333652 0.414817 0.216421 0.00384549 0.0312655
 0.874775 0.0420172 0.0517986 0.0270246 0.00438434
 0.802075 0.173326 0.00825391 0.0101754 0.00617002
 0.166664 0.669132 0.143795 0.00684765 0.0135605
 0.208136 0.13259 0.529369 0.113761 0.0161455
 0.918101 0.0172047 0.0108325 0.0432491 0.0106132
pobs_pel_tallas
 0 0 0 0 0 0 0 0 0 0 0 0 0 0 0 0 0 0 0 0 0 0 0 0 0 0
 0 0 0 0 0 0 0 0 0 0 0 0 0 0 0 0 0 0 0 0 0 0 0 0 0 0
 0 0 0 0 0 0 0 0 0 0 0 0 0 0 0 0 0 0 0 0 0 0 0 0 0 0
 0 0 0 0 0 0 0 0 0 0 0 0 0 0 0 0 0 0 0 0 0 0 0 0 0 0
 0 0 0 0 0 0 0 0 0 0 0 0 0 0 0 0 0 0 0 0 0 0 0 0 0 0
 0 0 0 0 0 0 0 0 0 0 0 0 0 0 0 0 0 0 0 0 0 0 0 0 0 0
 0 0 0 0 0 0 0 0 0 0 0 0 0 0 0 0 0 0 0 0 0 0 0 0 0 0
 0 0 0 0 0 0 0 0 0 0 0 0 0 0 0 0 0 0 0 0 0 0 0 0 0 0
 0 0 0 0 0 0 0 0 0 0 0 0 0 0 0 0 0 0 0 0 0 0 0 0 0 0
 0 0 0 0 0 0 0 0 0 0 0 0 0 0 0 0 0 0 0 0 0 0 0 0 0 0
 0 0 0 0 0 0 0 0 0 0 0 0 0 0 0 0 0 0 0 0 0 0 0 0 0 0
 0 0 0 0 0 0 0 0 0 0 0 0 0 0 0 0 0 0 0 0 0 0 0 0 0 0
 0.00862536 0 0 0.000197151 0.00414017 0.0128641 0.00837892 0.0270097 0.101434 0.158115 0.152841 0.127902 0.109271 0.109419 0.0830992 0.0579132 0.0238553 0.00714673 0.00463305 0.00128148 0.00103504 0.000492878 0.000147863 0.000147863 4.92878e-05 0
 0 0 0 0 0 0 0 0 0 0 0 0 0 0 0 0 0 0 0 0 0 0 0 0 0 0
 0 0 0 0 0 0 0 0.0054083 0.00873648 0.0413646 0.0450493 0.0745869 0.0622846 0.0627006 0.0613931 0.0827291 0.12552 0.122667 0.0946155 0.0697135 0.0546179 0.0294188 0.0215738 0.0213955 0.0102223 0.00600262
 0 0 0 0 0.00359764 0.0251062 0.0480494 0.140153 0.205849 0.193036 0.1447 0.116669 0.0760912 0.0342217 0.00950174 0.001854 0.000860785 0 0 0 0.000165536 0 0.000143464 0 0 0
 0 0 0 0 0 0 0 0.000145254 0.000435761 0.0275982 0.070085 0.0708112 0.156366 0.174668 0.174014 0.160142 0.0824315 0.0480064 0.0283245 0.00493863 0.00203355 0 0 0 0 0
 0 0 0 0 0 0 0 0 0 0 0 0 0 0 0 0 0 0 0 0 0 0 0 0 0 0
 0 0 1.00437e-05 0.000401748 0.00122533 0.00171747 0.00176769 0.0269171 0.070346 0.194647 0.189555 0.159765 0.064822 0.0314167 0.0384472 0.0292271 0.0345202 0.0313363 0.0194345 0.0106764 0.0143323 0.0359363 0.0279516 0.0138201 0.00172751 0
 0 0.0021121 0.0136068 0.0755702 0.200478 0.177729 0.0527432 0.0373336 0.0318909 0.0142505 0.0149659 0.0166563 0.0217959 0.0798694 0.0677717 0.0528807 0.04013 0.0224614 0.0357745 0.0225083 0.00881397 0.00855152 0.00135912 0.000746735 0 0
 0 0 0 0 5.4009e-05 0.00500934 0.000945158 0.0243581 0.138947 0.33067 0.221406 0.137944 0.0707744 0.0437923 0.0131692 0.00525238 0.0047753 0.00276346 9.45158e-05 9.00151e-06 2.25038e-05 9.00151e-06 4.50075e-06 0 0 0
 0.000866109 0.00284123 0.00948549 0.0512746 0.133035 0.25785 0.225252 0.132002 0.0553304 0.0519788 0.0540692 0.017754 0.00435017 0.00159236 0.00146478 0.000404838 0.000125132 0.000115318 0.000107957 0.000100596 0 0 0 0 0 0
 0 0 0 0 0.00144013 0.00171154 0.00461396 0.0210425 0.0478622 0.0707936 0.0888783 0.103762 0.0637923 0.0337046 0.0602308 0.124433 0.169614 0.0934646 0.0462172 0.0250306 0.0313229 0.00938855 0.002487 0.000210481 0 0
 0 0.00764035 0.051015 0.0998891 0.058973 0.0496711 0.0374665 0.0718981 0.12319 0.153886 0.159021 0.0857701 0.0377988 0.023471 0.0147837 0.00900784 0.00315554 0.000888139 0.00291439 0.00214683 0.00393193 0.00274676 0.000635225 9.99891e-05 0 0
 0 0 0 0 0 0 0 0 0 0 0 0 0 0 0 0 0 0 0 0 0 0 0 0 0 0
 0 0 0 0 0 0 0 0 0 0 0 0 0 0 0 0 0 0 0 0 0 0 0 0 0 0
 0 0 0 0 0 0 0 0 0 0 0 0 0 0 0 0 0 0 0 0 0 0 0 0 0 0
 0 0 0 0 0 0 0 0 0 0 0 0 0 0 0 0 0 0 0 0 0 0 0 0 0 0
 0 0 0 0 0 0 0 0 0 0 0 0 0 0 0 0 0 0 0 0 0 0 0 0 0 0
 0 0 0 0 0 0 0 0 0 0 0 0 0 0 0 0 0 0 0 0 0 0 0 0 0 0
 0 0 0 0 0 0 0 0 0 0 0 0 0 0 0 0 0 0 0 0 0 0 0 0 0 0
ppred_pel_tallas
 1.26158e-16 5.99743e-06 5.82972e-05 0.000387406 0.00176111 0.00547957 0.0116756 0.0170455 0.0170673 0.0117829 0.00584253 0.00282161 0.00309532 0.00612157 0.0119661 0.0209329 0.0328553 0.0469453 0.0622098 0.0779106 0.0934418 0.107618 0.11816 0.12221 0.117741 0.104865
 1.71826e-16 1.09891e-05 0.000106818 0.000709844 0.00322685 0.01004 0.0213915 0.0312228 0.0312294 0.0214239 0.0101505 0.00355298 0.00155508 0.00204313 0.00396675 0.00730287 0.0124008 0.0197924 0.0302819 0.0449174 0.0645432 0.0889567 0.116128 0.142103 0.161889 0.171054
 1.09144e-16 7.63236e-05 0.000741892 0.00493013 0.0224117 0.069731 0.148569 0.216842 0.216843 0.148574 0.0697471 0.0224584 0.00504865 0.00100479 0.000588849 0.000890534 0.00137356 0.00195844 0.00265418 0.00354907 0.00480123 0.00656191 0.00885895 0.0115085 0.0141138 0.0161632
 1.08117e-16 2.0466e-05 0.000198937 0.00132201 0.00600969 0.0186987 0.0398421 0.0581648 0.0582318 0.0401697 0.0197982 0.00918353 0.00928211 0.017554 0.032917 0.0542212 0.0777256 0.0969614 0.105379 0.10003 0.0834244 0.0619886 0.0423883 0.0284938 0.0207169 0.0172773
 1.15494e-16 3.77994e-05 0.000367424 0.00244166 0.0110994 0.0345345 0.07358 0.107395 0.107409 0.0736479 0.0347642 0.0117698 0.00415089 0.00418606 0.00754562 0.0130797 0.0203834 0.0288442 0.0377446 0.0465731 0.0549972 0.062446 0.0677709 0.0694916 0.0665767 0.0591632
 1.00172e-16 8.20575e-05 0.000797628 0.00530052 0.0240954 0.0749697 0.159731 0.233132 0.233132 0.159732 0.0749725 0.0241036 0.00532118 0.000842897 0.000168567 0.000150269 0.000212139 0.000274789 0.000319775 0.000342231 0.000349651 0.000356092 0.000371864 0.000396459 0.000419337 0.00042674
 1.0052e-16 1.14293e-05 0.000111097 0.000738285 0.00335619 0.0104428 0.0222525 0.0324955 0.032578 0.0226556 0.0117955 0.00726081 0.0105298 0.0214544 0.0404526 0.0666128 0.0953811 0.118733 0.128501 0.120929 0.0989866 0.0705256 0.0438116 0.0238347 0.011489 0.00506158
 1.18637e-16 2.1151e-05 0.000205596 0.00136626 0.00621081 0.0193242 0.0411726 0.060095 0.0601063 0.0412282 0.0195136 0.00677006 0.00281561 0.00351979 0.00675408 0.0122716 0.0203154 0.0310135 0.0442778 0.0596902 0.076137 0.0914152 0.102374 0.105925 0.100497 0.0869809
 1.0144e-16 8.05903e-05 0.000783367 0.00520575 0.0236646 0.0736293 0.156875 0.228964 0.228964 0.156878 0.0736383 0.0236909 0.0052723 0.000930104 0.00036378 0.000486414 0.000724494 0.00098295 0.00123187 0.00147528 0.00174972 0.00209638 0.00251985 0.00296457 0.00332769 0.00350137
 1.01435e-16 4.16149e-05 0.000404512 0.00268813 0.0122199 0.0380208 0.081009 0.118245 0.118291 0.0812365 0.0387844 0.0144241 0.00821589 0.0124545 0.0228765 0.0376222 0.0538844 0.0671165 0.0727209 0.0685928 0.0564197 0.0406351 0.0258894 0.0149652 0.00831756 0.00492427
 1.00678e-16 7.87462e-05 0.000765441 0.00508663 0.0231231 0.0719445 0.153285 0.223725 0.223727 0.153296 0.0719808 0.0232284 0.00535238 0.00134985 0.00120106 0.00189316 0.00279402 0.00366735 0.0043243 0.00466796 0.00472856 0.0046089 0.00438912 0.00407747 0.00363987 0.00306466
 1.00385e-16 7.19873e-05 0.000699742 0.00465003 0.0211384 0.0657694 0.140129 0.204525 0.204536 0.140186 0.0659595 0.0216872 0.00602665 0.00370129 0.00576182 0.00938367 0.0134454 0.0167716 0.018219 0.0172652 0.0143249 0.0104879 0.0068915 0.00420768 0.00253662 0.00162456
 1.0116e-16 6.04542e-05 0.000587636 0.00390505 0.0177518 0.0552326 0.11768 0.171762 0.171784 0.117789 0.0556012 0.0188163 0.00657682 0.00641912 0.0111324 0.0182996 0.0263332 0.0330641 0.0363171 0.0350756 0.0300753 0.0232945 0.0167724 0.011679 0.00816844 0.00582266
 1.0238e-16 6.3074e-05 0.000613102 0.00407428 0.0185211 0.0576261 0.122779 0.179203 0.17922 0.122861 0.0579004 0.0193141 0.00606707 0.00497055 0.00835963 0.0137748 0.019963 0.0253648 0.0284227 0.028399 0.0257781 0.0218741 0.0179814 0.0147533 0.0121748 0.00994176
 1.01872e-16 6.89823e-05 0.000670533 0.00445593 0.020256 0.063024 0.13428 0.195988 0.196 0.134339 0.0632229 0.0208308 0.00589955 0.00382463 0.00606703 0.00994144 0.0143628 0.0181636 0.0202016 0.0199489 0.0177928 0.0147489 0.0118272 0.00955042 0.00790832 0.0066271
 1.00152e-16 8.08014e-05 0.000785419 0.00521938 0.0237266 0.0738221 0.157286 0.229564 0.229565 0.157293 0.0738475 0.0237998 0.00540311 0.0011865 0.000842567 0.00126512 0.00181473 0.00228209 0.00251437 0.00244275 0.00211847 0.00167695 0.00125614 0.00093262 0.000712305 0.000562241
 1.00903e-16 1.14884e-05 0.000111671 0.000742097 0.00337352 0.0104967 0.0223673 0.0326628 0.032744 0.0227641 0.0118283 0.00721749 0.0103825 0.0211285 0.0398431 0.065632 0.0940312 0.117166 0.127019 0.119897 0.0986926 0.0710728 0.0450876 0.0255708 0.013363 0.0067945
 1.00839e-16 7.97269e-05 0.000774974 0.00514998 0.023411 0.0728404 0.155194 0.226511 0.226511 0.155197 0.0728485 0.0234347 0.00521127 0.000915225 0.000364914 0.000525989 0.000863325 0.0013204 0.00188994 0.00255497 0.0032685 0.00393615 0.00442202 0.00459186 0.00437547 0.00380786
 1.01518e-16 4.27268e-05 0.000415319 0.00275995 0.0125463 0.0390366 0.0831732 0.121403 0.121448 0.0833921 0.0397713 0.0146673 0.00807891 0.0120107 0.0220178 0.0362105 0.0518748 0.064642 0.0700999 0.0662345 0.0546744 0.0396775 0.0256909 0.0153483 0.00903891 0.00574531
 1.09022e-16 3.57076e-05 0.000347091 0.00230654 0.0104852 0.0326235 0.069509 0.101456 0.101485 0.06965 0.0330979 0.0118597 0.00577288 0.00796732 0.0146631 0.0245871 0.0363473 0.0476357 0.0560356 0.0602901 0.0608258 0.0590431 0.056058 0.0520317 0.0465296 0.0393562
 1.0401e-16 7.32341e-05 0.000711862 0.00473057 0.0215045 0.0669085 0.142556 0.208065 0.20807 0.142579 0.0669863 0.0217298 0.00529854 0.00196022 0.00246941 0.00403408 0.00596588 0.00785068 0.00932514 0.0102421 0.0107426 0.011111 0.0115266 0.01192 0.0120332 0.0116059
 1.01756e-16 6.76742e-05 0.000657817 0.00437143 0.0198719 0.0618289 0.131734 0.192272 0.192287 0.131808 0.0620796 0.0205958 0.00618756 0.0046193 0.00758212 0.0124041 0.0178081 0.022284 0.0243474 0.0233269 0.0197744 0.0151112 0.0107979 0.00766298 0.00577485 0.00474482
 1.06633e-16 8.94665e-06 8.69647e-05 0.000577915 0.00262716 0.00817445 0.0174191 0.0254386 0.0255094 0.0177651 0.00933622 0.00598338 0.00900482 0.0184906 0.0349825 0.0578746 0.0834953 0.105249 0.116383 0.113726 0.0995269 0.0798207 0.0607432 0.045686 0.0349384 0.0271516
 1.05357e-16 7.08009e-05 0.00068821 0.0045734 0.02079 0.0646855 0.137819 0.201152 0.201153 0.137827 0.0647132 0.0208722 0.00478756 0.00118191 0.00108532 0.00188327 0.00317606 0.0049778 0.00732957 0.0102184 0.0134936 0.0167839 0.0195077 0.0210368 0.0209526 0.0192408
 1.05553e-16 5.11259e-05 0.000496962 0.00330249 0.0150127 0.0467101 0.099522 0.145262 0.145293 0.0996754 0.0472251 0.0164996 0.00703264 0.00863263 0.0154816 0.0254617 0.0365601 0.0457556 0.0500321 0.0480607 0.0410412 0.0319512 0.0238009 0.0182204 0.015194 0.0137248
 1.12029e-16 2.74825e-05 0.00026714 0.00177524 0.00807002 0.025109 0.0534989 0.0780917 0.0781319 0.0536956 0.0257701 0.00998258 0.00658781 0.010812 0.020168 0.0335952 0.0490833 0.0631618 0.0722559 0.074643 0.0713335 0.0650953 0.0584901 0.0525553 0.0469297 0.0408694
 1.04958e-16 7.20541e-05 0.000700391 0.00465435 0.021158 0.0658304 0.140259 0.204713 0.204717 0.140279 0.0658985 0.0213558 0.005155 0.00180676 0.00221307 0.00364989 0.00550031 0.00744784 0.00922169 0.0107084 0.0119869 0.0131913 0.0143157 0.0151399 0.0153401 0.0146866
 1.02348e-16 6.60659e-05 0.000642184 0.00426754 0.0193996 0.0603595 0.128603 0.187703 0.18772 0.128684 0.0606331 0.0201896 0.00624956 0.00496558 0.0082673 0.0135383 0.0194404 0.0243355 0.0266104 0.0255414 0.021741 0.0167669 0.0122102 0.00895873 0.00705785 0.00604891
 1.07303e-16 1.3728e-05 0.000133441 0.000886768 0.00403116 0.0125428 0.0267261 0.0390211 0.0390856 0.0270416 0.0136024 0.00709258 0.00857473 0.0169274 0.0319406 0.0528652 0.0763423 0.0963894 0.10688 0.104938 0.0925842 0.0752497 0.0584213 0.0450822 0.035424 0.0282042
 1.29452e-16 1.71439e-05 0.000166645 0.00110741 0.00503415 0.0156632 0.0333725 0.048711 0.0487246 0.0334394 0.0158902 0.0057005 0.00282041 0.00403996 0.00776649 0.0138418 0.0223467 0.0331513 0.046008 0.0606519 0.0765241 0.0922131 0.105213 0.112525 0.111935 0.103136
 1.06451e-16 7.56227e-05 0.00073508 0.00488486 0.0222059 0.0690908 0.147205 0.214851 0.214852 0.147213 0.0691186 0.0222868 0.00508964 0.00118815 0.000954751 0.00151056 0.00229871 0.00318581 0.00411767 0.00513508 0.00636944 0.00794627 0.00984906 0.0118438 0.0135255 0.0144663
pSPR Fmed_Fpbrs
0.447689   0.208422 0.208422
Fs Fmed_Fpbrs
0.456962   1.005 1.005
SSBpbr Bo_Bmed_Bpbrs
1.77665e+06  706556  281460 281460
Ro
67918.9
SPR SPRFo_SPRFmed_SPRFpbrs
485480 217344 101184
Fref
1.005
Nvult_r0
 129891 2663.69 1677.12 6695.98 1643.18
CTP_r0
 32677.4 778.922 490.428 1958.05 480.502
YTP_r0
391123
Np
 153419 46317.9 856.663 539.375 2677.52
Nvult_p0
 128497 40080.7 741.305 466.743 2316.96
CTP_p0
 57794.7 20090.3 371.577 233.953 1161.37
YTP_p0
 813548
CBA_c0
517851
log_Ro
10.9461
likeval ReclasPelacesDesembMPH_pf_preclas_ppelaces_ptallas_desvR_qrecl_qpela
 30.7899 44.0399 0.131273 0.00200624 309.614 125.361 112.391 0 103.319 0 0 0.237014 0 0 0
q_reclas_q_pelaces
1 1
M
1
N
 13580.1 41566.1 121042 15036.2 0.121815
 8504.92 4337.97 12854.3 37432.3 4649.99
 188023 2161.59 1012.83 3001.25 9825.43
 14284.7 47439 500.169 234.359 2967.96
 5592.58 2168.32 5877.2 61.9657 396.733
 282374 541.092 154.413 418.535 32.6655
 9397.73 72513.3 127.951 36.5138 106.694
 2286.66 1081.23 6389.65 11.2746 12.6191
 68574.2 437.831 178.216 1053.19 3.93835
 12906.3 14883.2 84.1892 34.2687 203.273
 73381.9 1799.22 1660.64 9.39369 26.5045
 146566 22469 528.187 487.507 10.5385
 87717.6 30939.1 4175.45 98.1538 92.5526
 68034 18628.2 5792.12 781.689 35.7023
 51219.7 9093.95 1973.83 613.728 86.6101
 440313 7763.04 1124.55 244.083 86.6035
 16807.5 108465 1744.19 252.663 74.2983
 910049 4422 26424.1 424.917 79.6539
 286630 272929 1265.45 7561.83 144.394
 105207 77640.5 68914.9 319.528 1945.83
 441909 25526.6 17122.3 15198 499.588
 586237 120588 6504.21 4362.79 3999.77
 22000.7 155624 29702.5 1602.08 2059.82
 343837 6368.49 42637.5 8137.8 1003.28
 193279 105554 1875.55 12556.9 2692.08
 44967.5 58262.8 30397.2 540.115 4391.37
 265886 13318.7 16419.2 8566.31 1389.75
 353355 78461.1 3736.38 4606.18 2793.04
 27320.9 112716 24222.5 1153.49 2284.29
 12917 8712.35 34784.4 7475.11 1060.9
 176209 3520.35 2216.5 8849.46 2171.64
pred_Ctot
 1143.55 4247.14 12367.8 1536.37 0.0124468
 1712.49 1039.27 3079.6 8967.9 1114.03
 38498.6 526.303 246.604 730.742 2392.29
 5689.43 21660.2 228.373 107.006 1355.14
 2888.67 1251.66 3392.61 35.7697 229.014
 55490.2 126.624 36.1352 97.9439 7.64425
 4470.5 38902.1 68.6433 19.589 57.2397
 730.368 402.132 2376.45 4.19329 4.69332
 18545.6 139.153 56.6412 334.729 1.2517
 5470.05 7193.2 40.6895 16.5624 98.2437
 7895.46 234.009 215.986 1.22176 3.44723
 41290.9 7423.38 174.504 161.064 3.48173
 24499.7 10138.5 1368.27 32.1643 30.3288
 29651.6 9234.96 2871.45 387.523 17.6994
 20424.1 4156.69 902.205 280.525 39.588
 94992.5 1987.7 287.938 62.4965 22.1745
 3109.56 23944.6 385.045 55.7775 16.402
 108077 633.656 3786.47 60.889 11.4141
 48979.3 55784.5 258.648 1545.58 29.513
 23416.9 20485.2 18182.9 84.3063 513.4
 73908.7 5109.74 3427.43 3042.23 100.004
 105935 26020.2 1403.47 941.396 863.065
 3022.62 25719 4908.73 264.765 340.412
 36509.7 817.626 5474.06 1044.78 128.807
 22424.9 14783.7 262.685 1758.69 377.048
 5638.36 8805.17 4593.88 81.6268 663.661
 33856.3 2043.42 2519.12 1314.29 213.224
 30032.4 8090.67 385.284 474.975 288.01
 2326.85 11646.6 2502.83 119.187 236.028
 2168.33 1750.24 6987.9 1501.69 213.127
 32677.4 778.922 490.428 1958.05 480.502
F
 0.141203 0.173603 0.173603 0.173603 0.173603
 0.3698 0.454654 0.454654 0.454654 0.454654
 0.37712 0.463654 0.463654 0.463654 0.463654
 0.88524 1.08837 1.08837 1.08837 1.08837
 1.33561 1.64207 1.64207 1.64207 1.64207
 0.359462 0.441943 0.441943 0.441943 0.441943
 1.16237 1.42909 1.42909 1.42909 1.42909
 0.653014 0.802853 0.802853 0.802853 0.802853
 0.527684 0.648765 0.648765 0.648765 0.648765
 0.970369 1.19303 1.19303 1.19303 1.19303
 0.183541 0.225656 0.225656 0.225656 0.225656
 0.555459 0.682914 0.682914 0.682914 0.682914
 0.549446 0.675521 0.675521 0.675521 0.675521
 1.0124 1.2447 1.2447 1.2447 1.2447
 0.88675 1.09022 1.09022 1.09022 1.09022
 0.401057 0.493083 0.493083 0.493083 0.493083
 0.335231 0.412152 0.412152 0.412152 0.412152
 0.204287 0.251163 0.251163 0.251163 0.251163
 0.306101 0.376339 0.376339 0.376339 0.376339
 0.416204 0.511706 0.511706 0.511706 0.511706
 0.298727 0.367272 0.367272 0.367272 0.367272
 0.326278 0.401145 0.401145 0.401145 0.401145
 0.239709 0.294712 0.294712 0.294712 0.294712
 0.180944 0.222464 0.222464 0.222464 0.222464
 0.199171 0.244872 0.244872 0.244872 0.244872
 0.216773 0.266513 0.266513 0.266513 0.266513
 0.220464 0.271051 0.271051 0.271051 0.271051
 0.1426 0.17532 0.17532 0.17532 0.17532
 0.142912 0.175704 0.175704 0.175704 0.175704
 0.29998 0.368813 0.368813 0.368813 0.368813
 0.336141 0.413272 0.413272 0.413272 0.413272
nmprior
 8.19 8.8 8.5 0
nm_flota  nm_reclas  nm_pelaces    nm_pelaL
inf 9.355 6.2223 10.768
cv_recla  cv_pelaces  cv_mph
0.501914 0.752481 1.38228
 ------------------------------------------------
Talla a la edad & desviaci?n 
 8 13.2811 15.8009 17.003 17.5766
 0.8 1.32811 1.58009 1.7003 1.75766
