years
 1991 1992 1993 1994 1995 1996 1997 1998 1999 2000 2001 2002 2003 2004 2005 2006 2007 2008 2009 2010 2011 2012 2013 2014 2015 2016 2017 2018 2019 2020 2021
reclasobs
 0 0 0 0 0 0 0 0 0 252601 567819 844713 477998 351125 339783 2.1784e+06 2.13404e+06 4.81314e+06 1.55562e+06 2.62356e+06 3.21686e+06 3.843e+06 1.13348e+06 3.07943e+06 1.97215e+06 2.03268e+06 2.025e+06 2.42433e+06 2.27542e+06 1.05018e+06 2.36338e+06
reclaspred
 3.26362e+06 1.84141e+06 934862 944279 947727 1.4717e+06 955497 853573 624074 458748 506607 641020 634401 504097 512442 1.28085e+06 1.26221e+06 2.78131e+06 2.30045e+06 1.72339e+06 3.04606e+06 2.47514e+06 1.98848e+06 3.04362e+06 2.29348e+06 2.03188e+06 2.38947e+06 2.52846e+06 2.09434e+06 1.33848e+06 1.93065e+06
pelacesobs
 0 0 0 0 0 0 0 0 0 0 0 0 0 0 0 552880 188675 0 991730 2.46772e+06 1.41603e+06 1.21717e+06 2.29649e+06 1.80582e+06 0 1.4828e+06 1.56532e+06 1.57751e+06 1.42118e+06 867257 1.10002e+06
pelacespred
 1.82844e+06 1.15194e+06 588028 484831 502606 806427 494278 533887 381794 267296 302470 320333 347405 293555 305150 630450 621216 1.56762e+06 1.34661e+06 938469 1.59244e+06 1.41394e+06 1.12843e+06 1.8838e+06 1.37327e+06 1.21076e+06 1.62012e+06 1.69417e+06 1.15356e+06 837495 1.19098e+06
mphobs
 0 0 0 0 0 0 0 0 0 0 0 498337 0 5186 125008 0 168611 109162 213762 579715 649985 157893 87575 83554 0 0 0 0 0 0 0
mphpred
 491105 328754 165392 90376.4 100922 113954 149036 96428.9 84909.8 59389.3 39582.9 59446.5 63855.7 54774.9 38363.6 48205.1 147665 143162 275425 210001 225301 277213 263701 219659 303329 250701 206855 219042 303910 209519 133282
desembarqueobs
 494567 514787 250237 358949 120608 361735 552515 73892 212993 205616 52469 317467 293654 387597 252695 516296 358380 742168 942051 627588 828172 859565 418607 520667 417249 300574 407403 355545 319650 289779 391294
desembarquepred
 494574 513364 250961 358976 120613 361750 552569 73895.9 213039 205659 52471.5 317535 293709 387648 252696 516272 358404 742086 941891 627480 828243 859598 418620 520692 417252 300578 407406 355535 319646 289789 391299
Reclutas
 210404 120065 120171 210608 168732 281743 117987 54969 50973 66959.4 122834 159229 133539 93786.2 95123.7 501489 111499 771446 446351 344079 510806 685391 146875 429955 363193 163694 362704 406755 123546 90158.3 333307
log_desv_Rt
 0.0847452 -0.476254 -0.475373 0.0857142 -0.135975 0.376712 -0.493713 -1.25752 -1.33299 -1.0602 -0.45345 -0.193941 -0.369892 -0.723267 -0.709106 0.953297 -0.55027 1.38398 0.836821 0.576587 0.971705 1.2657 -0.274703 0.799396 0.630648 -0.166283 0.629303 0.743926 -0.447673 -0.762718 0.544778
SSB
 3.63065e+06 2.43042e+06 1.22271e+06 668136 746098 842443 1.1018e+06 712881 627723 439054 292629 439477 472074 404941 283615 356372 1.09166e+06 1.05837e+06 2.03617e+06 1.5525e+06 1.66561e+06 2.04938e+06 1.94949e+06 1.6239e+06 2.24246e+06 1.85339e+06 1.52924e+06 1.61934e+06 2.24675e+06 1.54894e+06 985332
BT
 4.84624e+06 3.29891e+06 1.67533e+06 1.47655e+06 1.31186e+06 2.26097e+06 1.69392e+06 1.35713e+06 1.13629e+06 846487 778197 1.04324e+06 1.10867e+06 1.11466e+06 992762 1.94663e+06 1.78462e+06 4.45109e+06 4.16881e+06 2.8379e+06 4.52841e+06 4.22935e+06 3.09787e+06 5.04579e+06 3.71042e+06 3.19845e+06 4.33868e+06 4.45862e+06 3.05723e+06 2.30916e+06 3.25514e+06
Ftot
 0.117428 0.212971 0.206945 0.309065 0.103215 0.204471 0.442702 0.0697151 0.272138 0.354864 0.0885644 0.401282 0.373664 0.612536 0.413543 0.351084 0.224699 0.229081 0.328843 0.293309 0.223807 0.283835 0.165799 0.14462 0.146541 0.118285 0.143312 0.119584 0.118384 0.169038 0.172988
BD_Bspro_t
 0.98142 0.863552 0.71913 0.6365 0.631715 0.700927 0.690923 0.542788 0.597568 0.559483 0.529044 0.708007 0.596633 0.511145 0.409423 0.46654 0.625688 0.605903 0.691877 0.601263 0.573897 0.620778 0.636394 0.631866 0.729316 0.737489 0.744772 0.777573 0.818439 0.759158 0.698527
BD_Bspro
 2.62757 1.75894 0.8849 0.483543 0.539966 0.609692 0.797391 0.515926 0.454295 0.317752 0.211781 0.318058 0.341649 0.293063 0.205258 0.257913 0.790057 0.765962 1.47361 1.12357 1.20544 1.48318 1.41088 1.17525 1.62291 1.34133 1.10674 1.17195 1.62602 1.121 0.713104
BD_Bo
 1.76986 1.18477 0.596044 0.325701 0.363706 0.410672 0.5371 0.347513 0.306001 0.214029 0.14265 0.214235 0.230125 0.197399 0.138256 0.173723 0.53216 0.51593 0.992586 0.756806 0.811948 0.999028 0.950333 0.791612 1.09315 0.903484 0.745468 0.789391 1.09524 0.755071 0.480327
BD_Brms
 3.21792 2.15413 1.08372 0.592184 0.661283 0.746676 0.976546 0.631842 0.556365 0.389143 0.259363 0.389518 0.418409 0.358908 0.251374 0.31586 0.967564 0.938055 1.8047 1.37601 1.47627 1.81641 1.72788 1.4393 1.98754 1.6427 1.3554 1.43526 1.99135 1.37286 0.873321
Sel_flota
 0.81103 0.987885 0.999355 0.999966 0.999998
 0.81103 0.987885 0.999355 0.999966 0.999998
 0.81103 0.987885 0.999355 0.999966 0.999998
 0.81103 0.987885 0.999355 0.999966 0.999998
 0.81103 0.987885 0.999355 0.999966 0.999998
 0.81103 0.987885 0.999355 0.999966 0.999998
 0.81103 0.987885 0.999355 0.999966 0.999998
 0.81103 0.987885 0.999355 0.999966 0.999998
 0.81103 0.987885 0.999355 0.999966 0.999998
 0.81103 0.987885 0.999355 0.999966 0.999998
 0.81103 0.987885 0.999355 0.999966 0.999998
 0.81103 0.987885 0.999355 0.999966 0.999998
 0.81103 0.987885 0.999355 0.999966 0.999998
 0.81103 0.987885 0.999355 0.999966 0.999998
 0.81103 0.987885 0.999355 0.999966 0.999998
 0.81103 0.987885 0.999355 0.999966 0.999998
 0.81103 0.987885 0.999355 0.999966 0.999998
 0.81103 0.987885 0.999355 0.999966 0.999998
 0.81103 0.987885 0.999355 0.999966 0.999998
 0.81103 0.987885 0.999355 0.999966 0.999998
 0.81103 0.987885 0.999355 0.999966 0.999998
 0.81103 0.987885 0.999355 0.999966 0.999998
 0.81103 0.987885 0.999355 0.999966 0.999998
 0.81103 0.987885 0.999355 0.999966 0.999998
 0.81103 0.987885 0.999355 0.999966 0.999998
 0.81103 0.987885 0.999355 0.999966 0.999998
 0.81103 0.987885 0.999355 0.999966 0.999998
 0.81103 0.987885 0.999355 0.999966 0.999998
 0.81103 0.987885 0.999355 0.999966 0.999998
 0.81103 0.987885 0.999355 0.999966 0.999998
 0.81103 0.987885 0.999355 0.999966 0.999998
Sel_reclas
 1 1 1 1 1
 1 1 1 1 1
 1 1 1 1 1
 1 1 1 1 1
 1 1 1 1 1
 1 1 1 1 1
 1 1 1 1 1
 1 1 1 1 1
 1 1 1 1 1
 1 1 1 1 1
 1 1 1 1 1
 1 1 1 1 1
 1 1 1 1 1
 1 1 1 1 1
 1 1 1 1 1
 1 1 1 1 1
 1 1 1 1 1
 1 1 1 1 1
 1 1 1 1 1
 1 1 1 1 1
 1 1 1 1 1
 1 1 1 1 1
 1 1 1 1 1
 1 1 1 1 1
 1 1 1 1 1
 1 1 1 1 1
 1 1 1 1 1
 1 1 1 1 1
 1 1 1 1 1
 1 1 1 1 1
 1 1 1 1 1
Sel_pelaces
 1 1 1 1 1
 1 1 1 1 1
 1 1 1 1 1
 1 1 1 1 1
 1 1 1 1 1
 1 1 1 1 1
 1 1 1 1 1
 1 1 1 1 1
 1 1 1 1 1
 1 1 1 1 1
 1 1 1 1 1
 1 1 1 1 1
 1 1 1 1 1
 1 1 1 1 1
 1 1 1 1 1
 1 1 1 1 1
 1 1 1 1 1
 1 1 1 1 1
 1 1 1 1 1
 1 1 1 1 1
 1 1 1 1 1
 1 1 1 1 1
 1 1 1 1 1
 1 1 1 1 1
 1 1 1 1 1
 1 1 1 1 1
 1 1 1 1 1
 1 1 1 1 1
 1 1 1 1 1
 1 1 1 1 1
 1 1 1 1 1
pf_obs 
 0.8446 0.082 0.0669 0.0065 0
 0.8095 0.147 0.0364 0.0071 0
 0.9664 0.0169 0.016 0.0007 0
 0.9276 0.0648 0.0075 0.0001 0
 0.7033 0.2144 0.0806 0.0017 0
 0.9318 0.0425 0.0243 0.0014 0
 0.5671 0.3108 0.0964 0.0239 0.0018
 0.0768 0.2599 0.5324 0.112 0.0189
 0.490249 0.384438 0.106611 0.0170017 0.00170017
 0.7925 0.1577 0.0466 0.003 0.0002
 0.840416 0.127587 0.0312969 0.00059994 9.999e-05
 0.8084 0.0986 0.0794 0.0134 0.0002
 0.7335 0.1905 0.0724 0.0035 0.0001
 0.4001 0.4547 0.1325 0.0127 0
 0.49795 0.308269 0.164784 0.0264974 0.00249975
 0.9179 0.0499 0.0305 0.0017 0
 0.2467 0.6533 0.0926 0.0074 0
 0.9418 0.0223 0.034 0.0019 0
 0.707729 0.231977 0.0356964 0.0245975 0
 0.517169 0.277429 0.184464 0.0207286 0.00020938
 0.811772 0.124168 0.05621 0.00726502 0.000585176
 0.764997 0.148141 0.077277 0.00933861 0.000247198
 0.163321 0.427699 0.378323 0.0303852 0.000271297
 0.753843 0.0900009 0.118128 0.0371064 0.000921714
 0.721811 0.176058 0.0630433 0.0369309 0.00215725
 0.143369 0.312575 0.442814 0.0836902 0.0175525
 0.692698 0.0596174 0.167031 0.0765114 0.00414204
 0.394062 0.376323 0.152708 0.0712218 0.00568511
 0.125707 0.32114 0.495352 0.0537591 0.00404204
 0.23352 0.215282 0.420074 0.123614 0.00750983
 0.774587 0.0839891 0.0768558 0.0609784 0.00358967
pf_pred 
 0.434162 0.118407 0.423215 0.0242155 7.89898e-07
 0.408615 0.287326 0.0642236 0.226862 0.0129729
 0.5543 0.205736 0.117364 0.025909 0.09669
 0.741497 0.156859 0.0472421 0.0266169 0.027785
 0.644168 0.278315 0.0472865 0.0140561 0.0161748
 0.738968 0.179742 0.0637455 0.0107048 0.00683937
 0.469378 0.412796 0.0814499 0.0285291 0.00784655
 0.441658 0.295144 0.205403 0.0399621 0.0178336
 0.523061 0.234322 0.12895 0.0887188 0.024948
 0.684174 0.1826 0.0658946 0.0357979 0.0315332
 0.800799 0.145746 0.0310852 0.011068 0.011301
 0.726386 0.227314 0.0339836 0.00716434 0.0051522
 0.671951 0.252661 0.062779 0.00925647 0.00335227
 0.614387 0.27797 0.0831679 0.0203838 0.00409095
 0.720569 0.188274 0.0659965 0.0194433 0.00571709
 0.928104 0.0550466 0.0114052 0.00394261 0.00150195
 0.386992 0.577385 0.0273613 0.00559335 0.0026682
 0.891899 0.0473632 0.0572498 0.00267918 0.000808412
 0.591793 0.371972 0.0159886 0.0190844 0.00116182
 0.596402 0.260108 0.130911 0.00555271 0.00702635
 0.73474 0.172062 0.0603422 0.0299772 0.00287841
 0.739372 0.201859 0.038292 0.0132616 0.00721597
 0.321967 0.528481 0.116172 0.0217541 0.0116254
 0.735688 0.0974238 0.130429 0.0283262 0.00813363
 0.623885 0.291232 0.0315267 0.0417057 0.0116509
 0.433767 0.379662 0.144866 0.0154958 0.0262086
 0.726912 0.132186 0.0948454 0.0357663 0.0102899
 0.684783 0.241495 0.0359082 0.025459 0.0123548
 0.35373 0.469577 0.13575 0.0199487 0.0209939
 0.421282 0.232167 0.252621 0.0721755 0.0217543
 0.819395 0.0855262 0.0384247 0.0413059 0.0153484
pobs_RECLAS
 0 0 0 0 0
 0 0 0 0 0
 0 0 0 0 0
 0 0 0 0 0
 0 0 0 0 0
 0 0 0 0 0
 0 0 0 0 0
 0 0 0 0 0
 0 0 0 0 0
 0 0 0 0 0
 0.991045 0.00858322 0.000360255 1.14367e-05 0
 0.934742 0.0480273 0.0164251 0.00080598 0
 0.827803 0.169806 0.00239088 0 0
 0.941827 0.0461693 0.0120037 0 0
 0.791401 0.0380133 0.147996 0.0225897 0
 0.846168 0.0940531 0.0597789 0 0
 0.134021 0.677848 0.182769 0.00536245 0
 0.80878 0.0450904 0.141981 0.00414843 0
 0.846168 0.0940531 0.0597789 0 0
 0.905697 0.0802665 0.012482 0.00150086 5.37128e-05
 0.989698 0.0102097 9.19794e-05 0 0
 0.975433 0.0193895 0.00387452 0.00125025 5.28907e-05
 0.303575 0.632131 0.0575291 0.00676475 0
 0.966965 0.00978017 0.0227588 0.000495775 0
 0.843318 0.132988 0.00938335 0.0141283 0.000182051
 0.564624 0.303363 0.111486 0.0197234 0.00080311
 0.826376 0.0876187 0.0782897 0.00655872 0.00115652
 0.89761 0.0855135 0.0140674 0.00269457 0.000114338
 0.34875 0.467042 0.161289 0.0227151 0.000203297
 0.318654 0.224769 0.449479 0.00709798 0
 0.937255 0.0296025 0.0250945 0.00804832 0
ppred_RECLAS
 0.485875 0.108584 0.383605 0.0219355 7.15502e-07
 0.459468 0.264277 0.0583797 0.206091 0.0117847
 0.604765 0.183632 0.103528 0.0228403 0.0852351
 0.779284 0.134575 0.0400505 0.0225508 0.0235396
 0.688898 0.243958 0.0409691 0.0121707 0.0140048
 0.776442 0.154508 0.0541548 0.00908854 0.00580655
 0.521533 0.373239 0.0727566 0.0254678 0.00700433
 0.492355 0.26983 0.185618 0.0360907 0.0161054
 0.574591 0.210298 0.114365 0.0786344 0.0221115
 0.727538 0.158346 0.0564611 0.0306536 0.0270009
 0.831055 0.124004 0.0261419 0.00930216 0.0094977
 0.765576 0.195157 0.0288263 0.00607322 0.00436738
 0.715898 0.219421 0.0538685 0.0079376 0.00287454
 0.663744 0.243241 0.0718769 0.0176049 0.0035331
 0.760722 0.161864 0.0560573 0.0165045 0.00485281
 0.940735 0.0455048 0.00931589 0.00321833 0.00122599
 0.435822 0.531759 0.0249036 0.00508775 0.00242693
 0.91037 0.0395318 0.0472229 0.00220856 0.000666386
 0.64011 0.328301 0.0139439 0.0166332 0.00101256
 0.645041 0.229731 0.114256 0.0048432 0.00612834
 0.772792 0.148001 0.0512951 0.0254668 0.00244524
 0.776919 0.173248 0.0324764 0.0112405 0.006116
 0.367692 0.494127 0.107354 0.0200904 0.010736
 0.77395 0.0839442 0.111075 0.0241082 0.00692224
 0.670057 0.256175 0.0274092 0.0362362 0.0101226
 0.484138 0.347232 0.130955 0.0139991 0.0236765
 0.765798 0.11406 0.0808882 0.0304842 0.0087699
 0.726673 0.209988 0.0308611 0.021867 0.0106113
 0.401237 0.43646 0.124713 0.0183154 0.0192744
 0.472444 0.213152 0.229226 0.0654508 0.0197268
 0.847968 0.0724543 0.0321721 0.034563 0.0128425
pobs_PELACES
 0 0 0 0 0
 0 0 0 0 0
 0 0 0 0 0
 0 0 0 0 0
 0 0 0 0 0
 0 0 0 0 0
 0 0 0 0 0
 0 0 0 0 0
 0 0 0 0 0
 0 0 0 0 0
 0 0 0 0 0
 0 0 0 0 0
 0 0 0 0 0
 0 0 0 0 0
 0 0 0 0 0
 0 0 0 0 0
 0.505614 0.472636 0.0217494 0 0
 0 0 0 0 0
 0.443492 0.261883 0.143347 0.151278 0
 0.227955 0.32914 0.350689 0.0885471 0.00366901
 0.970185 0.0296113 0.000203453 0 0
 0.997202 0.00247181 0.000326279 0 0
 0.445219 0.490057 0.0546422 0.010081 0
 0.90214 0.0892962 0.00764917 0.000914606 0
 0 0 0 0 0
 0.581667 0.319106 0.0959925 0.00289975 0.000334073
 0.762889 0.0836404 0.116647 0.0363945 0.000428098
 0.88444 0.0763242 0.0277011 0.0115352 0
 0.521256 0.241999 0.230069 0.00667565 0
 0.616807 0.101726 0.260614 0.0208532 0
 0.833518 0.0704572 0.0857862 0.0102388 0
ppred_PELACES
 0.487675 0.108242 0.382226 0.0218562 7.12913e-07
 0.462663 0.262828 0.0580127 0.204786 0.0117101
 0.607751 0.182323 0.10271 0.0226588 0.0845577
 0.782451 0.132706 0.0394482 0.0222103 0.0231841
 0.690206 0.242953 0.0407844 0.0121156 0.0139414
 0.778549 0.153089 0.053616 0.00899775 0.00574853
 0.528069 0.368277 0.0716693 0.0250849 0.00689901
 0.493404 0.269307 0.185209 0.0360106 0.0160697
 0.578599 0.208428 0.113231 0.0778507 0.0218911
 0.731737 0.155996 0.0555484 0.0301559 0.0265624
 0.831792 0.123474 0.0260215 0.00925914 0.00945377
 0.769798 0.191692 0.0282714 0.00595583 0.00428294
 0.720378 0.216031 0.0529613 0.00780334 0.00282591
 0.671818 0.237554 0.0700338 0.0171513 0.00344206
 0.76518 0.15893 0.0549551 0.0161787 0.00475697
 0.941884 0.0446363 0.00912596 0.00315249 0.00120091
 0.439062 0.528732 0.0247408 0.00505425 0.00241095
 0.911495 0.0390549 0.0466128 0.00217993 0.000657745
 0.644545 0.324291 0.0137565 0.0164085 0.000998878
 0.64904 0.227232 0.112888 0.00478492 0.00605458
 0.77513 0.146522 0.0507396 0.0251898 0.00241864
 0.779819 0.171038 0.0320277 0.0110845 0.00603113
 0.369977 0.49241 0.106914 0.0200074 0.0106916
 0.775484 0.0834036 0.1103 0.0239391 0.00687368
 0.671973 0.25472 0.0272383 0.0360094 0.0100592
 0.485899 0.346097 0.130469 0.0139468 0.023588
 0.767345 0.113339 0.0803329 0.030274 0.00870944
 0.728078 0.20893 0.0306919 0.0217466 0.0105529
 0.402928 0.435281 0.12432 0.0182573 0.0192133
 0.475 0.212201 0.228058 0.065115 0.0196255
 0.84931 0.07184 0.0318785 0.0342464 0.0127248
pobs_pel_tallas
 0 0 0 0 0 0 0 0 0 0 0 0 0 0 0 0 0 0 0 0 0 0 0 0 0 0
 0 0 0 0 0 0 0 0 0 0 0 0 0 0 0 0 0 0 0 0 0 0 0 0 0 0
 0 0 0 0 0 0 0 0 0 0 0 0 0 0 0 0 0 0 0 0 0 0 0 0 0 0
 0 0 0 0 0 0 0 0 0 0 0 0 0 0 0 0 0 0 0 0 0 0 0 0 0 0
 0 0 0 0 0 0 0 0 0 0 0 0 0 0 0 0 0 0 0 0 0 0 0 0 0 0
 0 0 0 0 0 0 0 0 0 0 0 0 0 0 0 0 0 0 0 0 0 0 0 0 0 0
 0 0 0 0 0 0 0 0 0 0 0 0 0 0 0 0 0 0 0 0 0 0 0 0 0 0
 0 0 0 0 0 0 0 0 0 0 0 0 0 0 0 0 0 0 0 0 0 0 0 0 0 0
 0 0 0 0 0 0 0 0 0 0 0 0 0 0 0 0 0 0 0 0 0 0 0 0 0 0
 0 0 0 0 0 0 0 0 0 0 0 0 0 0 0 0 0 0 0 0 0 0 0 0 0 0
 0 0 0 0 0 0 0 0 0 0 0 0 0 0 0 0 0 0 0 0 0 0 0 0 0 0
 0 0 0 0 0 0 0 0 0 0 0 0 0 0 0 0 0 0 0 0 0 0 0 0 0 0
 0.00862536 0 0 0.000197151 0.00414017 0.0128641 0.00837892 0.0270097 0.101434 0.158115 0.152841 0.127902 0.109271 0.109419 0.0830992 0.0579132 0.0238553 0.00714673 0.00463305 0.00128148 0.00103504 0.000492878 0.000147863 0.000147863 4.92878e-05 0
 0 0 0 0 0 0 0 0 0 0 0 0 0 0 0 0 0 0 0 0 0 0 0 0 0 0
 0 0 0 0 0 0 0 0.0054083 0.00873648 0.0413646 0.0450493 0.0745869 0.0622846 0.0627006 0.0613931 0.0827291 0.12552 0.122667 0.0946155 0.0697135 0.0546179 0.0294188 0.0215738 0.0213955 0.0102223 0.00600262
 0 0 0 0 0.00359764 0.0251062 0.0480494 0.140153 0.205849 0.193036 0.1447 0.116669 0.0760912 0.0342217 0.00950174 0.001854 0.000860785 0 0 0 0.000165536 0 0.000143464 0 0 0
 0 0 0 0 0 0 0 0.000145254 0.000435761 0.0275982 0.070085 0.0708112 0.156366 0.174668 0.174014 0.160142 0.0824315 0.0480064 0.0283245 0.00493863 0.00203355 0 0 0 0 0
 0 0 0 0 0 0 0 0 0 0 0 0 0 0 0 0 0 0 0 0 0 0 0 0 0 0
 0 0 1.00437e-05 0.000401748 0.00122533 0.00171747 0.00176769 0.0269171 0.070346 0.194647 0.189555 0.159765 0.064822 0.0314167 0.0384472 0.0292271 0.0345202 0.0313363 0.0194345 0.0106764 0.0143323 0.0359363 0.0279516 0.0138201 0.00172751 0
 0 0.0021121 0.0136068 0.0755702 0.200478 0.177729 0.0527432 0.0373336 0.0318909 0.0142505 0.0149659 0.0166563 0.0217959 0.0798694 0.0677717 0.0528807 0.04013 0.0224614 0.0357745 0.0225083 0.00881397 0.00855152 0.00135912 0.000746735 0 0
 0 0 0 0 5.4009e-05 0.00500934 0.000945158 0.0243581 0.138947 0.33067 0.221406 0.137944 0.0707744 0.0437923 0.0131692 0.00525238 0.0047753 0.00276346 9.45158e-05 9.00151e-06 2.25038e-05 9.00151e-06 4.50075e-06 0 0 0
 0.000866109 0.00284123 0.00948549 0.0512746 0.133035 0.25785 0.225252 0.132002 0.0553304 0.0519788 0.0540692 0.017754 0.00435017 0.00159236 0.00146478 0.000404838 0.000125132 0.000115318 0.000107957 0.000100596 0 0 0 0 0 0
 0 0 0 0 0.00144013 0.00171154 0.00461396 0.0210425 0.0478622 0.0707936 0.0888783 0.103762 0.0637923 0.0337046 0.0602308 0.124433 0.169614 0.0934646 0.0462172 0.0250306 0.0313229 0.00938855 0.002487 0.000210481 0 0
 0 0.00764035 0.051015 0.0998891 0.058973 0.0496711 0.0374665 0.0718981 0.12319 0.153886 0.159021 0.0857701 0.0377988 0.023471 0.0147837 0.00900784 0.00315554 0.000888139 0.00291439 0.00214683 0.00393193 0.00274676 0.000635225 9.99891e-05 0 0
 0 0 0 0 0 0 0 0 0 0 0 0 0 0 0 0 0 0 0 0 0 0 0 0 0 0
 0 0 0 0 0 0 0 0 0 0 0 0 0 0 0 0 0 0 0 0 0 0 0 0 0 0
 0 0 0 0 0 0 0 0 0 0 0 0 0 0 0 0 0 0 0 0 0 0 0 0 0 0
 0 0 0 0 0 0 0 0 0 0 0 0 0 0 0 0 0 0 0 0 0 0 0 0 0 0
 0 0 0 0 0 0 0 0 0 0 0 0 0 0 0 0 0 0 0 0 0 0 0 0 0 0
 0 0 0 0 0 0 0 0 0 0 0 0 0 0 0 0 0 0 0 0 0 0 0 0 0 0
 0 0 0 0 0 0 0 0 0 0 0 0 0 0 0 0 0 0 0 0 0 0 0 0 0 0
ppred_pel_tallas
 1.1325e-16 4.01692e-05 0.000390459 0.00259474 0.0117953 0.0366996 0.0781928 0.114127 0.114138 0.0782468 0.0368827 0.0123315 0.00396806 0.00347912 0.00617121 0.0108284 0.0171964 0.0249506 0.0336595 0.0429229 0.0522527 0.0607187 0.0667864 0.0687327 0.0655011 0.0573931
 1.24261e-16 3.8109e-05 0.000370433 0.00246166 0.0111904 0.0348175 0.0741833 0.108278 0.108303 0.0743077 0.0352353 0.0123988 0.0055011 0.00702698 0.0127468 0.0211991 0.0310049 0.0400645 0.0463585 0.0491993 0.0497247 0.0500852 0.0519095 0.0552266 0.0585428 0.0598253
 1.19593e-16 5.00597e-05 0.000486598 0.00323361 0.0146996 0.0457359 0.0974457 0.142229 0.142246 0.0975324 0.0460271 0.0155428 0.00535737 0.00514705 0.00897376 0.0149508 0.0220008 0.0286842 0.0335967 0.0361867 0.0370914 0.0376207 0.0387939 0.0406891 0.0425117 0.0431674
 1.07324e-16 6.44495e-05 0.000626472 0.00416313 0.018925 0.0588827 0.125456 0.18311 0.183123 0.125519 0.0590934 0.0195343 0.0056948 0.00397771 0.00645195 0.0106262 0.0154517 0.0197614 0.0224259 0.0229659 0.0218421 0.0201154 0.0187478 0.018089 0.0178586 0.0174944
 1.04814e-16 5.68514e-05 0.000552616 0.00367233 0.0166939 0.051941 0.110667 0.161526 0.161549 0.110781 0.0523255 0.0178046 0.00646104 0.00664288 0.0116309 0.0191586 0.027643 0.0348721 0.0386345 0.0379258 0.0335451 0.0275388 0.0219495 0.0178465 0.0151983 0.013383
 1.03462e-16 6.41281e-05 0.000623348 0.00414236 0.0188306 0.0585891 0.124831 0.182197 0.182212 0.124903 0.0588322 0.0195336 0.00590949 0.0044893 0.00743069 0.0122468 0.0177851 0.0226781 0.0255692 0.0258233 0.0238731 0.0208621 0.0178898 0.0154686 0.0135145 0.0117018
 1.05846e-16 4.34965e-05 0.000422801 0.00280966 0.0127723 0.0397397 0.0846709 0.123587 0.123623 0.0848446 0.0403228 0.014457 0.00704026 0.0096642 0.0176123 0.0290949 0.0420198 0.0530796 0.0589281 0.0580252 0.0515349 0.0424836 0.0338864 0.0273131 0.0227317 0.0192928
 1.11745e-16 4.0641e-05 0.000395045 0.00262522 0.0119339 0.0371308 0.0791122 0.115472 0.115498 0.0792403 0.0375617 0.0131814 0.00576844 0.00729539 0.0132593 0.0221537 0.0326066 0.0424671 0.049534 0.0527534 0.0527207 0.0510024 0.0488811 0.0465973 0.0435733 0.0391957
 1.14833e-16 4.76585e-05 0.000463257 0.00307851 0.0139945 0.0435421 0.0927718 0.135407 0.135428 0.0928708 0.043875 0.0149582 0.00550562 0.00578879 0.0102428 0.0170741 0.0251089 0.0326911 0.0381809 0.0408875 0.041448 0.0412471 0.0413481 0.0418084 0.0418224 0.0404096
 1.09163e-16 6.02723e-05 0.000585868 0.0038933 0.0176984 0.0550663 0.117325 0.171243 0.171258 0.117399 0.0553144 0.0184158 0.00569738 0.00453564 0.00759596 0.0125545 0.0183023 0.023501 0.0268439 0.0277752 0.0268198 0.0251776 0.0239087 0.0233502 0.0231223 0.0225566
 1.03311e-16 6.85136e-05 0.000665977 0.00442565 0.0201184 0.0625958 0.133367 0.194656 0.194668 0.133426 0.0627914 0.0206836 0.00584524 0.00376786 0.00596832 0.00978195 0.0141415 0.0179073 0.0199706 0.0198331 0.0178996 0.0151879 0.0126932 0.0109035 0.00975035 0.00888307
 1.02188e-16 6.34073e-05 0.000616342 0.00409581 0.018619 0.0579306 0.123428 0.180151 0.180169 0.123518 0.0582338 0.0194947 0.00629403 0.00541545 0.00917889 0.0150771 0.02172 0.0273285 0.030133 0.0293178 0.0254999 0.0203009 0.0153679 0.0116077 0.00907668 0.00736291
 1.02845e-16 5.93366e-05 0.000576773 0.00383286 0.0174236 0.0542115 0.115504 0.168586 0.168607 0.115606 0.0545539 0.0184129 0.00631771 0.00600675 0.010388 0.0171217 0.0247562 0.0313338 0.0348906 0.0345066 0.0308244 0.0255618 0.0204329 0.0163368 0.0132857 0.0108628
 1.04385e-16 5.53368e-05 0.000537894 0.0035745 0.0162492 0.0505573 0.107718 0.157223 0.157246 0.107831 0.0509342 0.0173385 0.00631192 0.00652339 0.0114513 0.0189182 0.0274213 0.0348487 0.0390752 0.039109 0.0356438 0.0305105 0.0254943 0.0214663 0.0183424 0.0156188
 1.04055e-16 6.30269e-05 0.000612644 0.00407123 0.0185072 0.057583 0.122687 0.179069 0.179084 0.122762 0.0578354 0.0192372 0.00590609 0.00462711 0.00771361 0.0127218 0.0184835 0.0235882 0.0266376 0.026984 0.0250864 0.0221337 0.0192546 0.0169512 0.0150946 0.0133055
 1.00795e-16 7.75818e-05 0.000754122 0.00501141 0.0227811 0.0708806 0.151019 0.220417 0.220422 0.15104 0.0709513 0.0229854 0.00552436 0.00187475 0.00220841 0.00353491 0.00510069 0.00644843 0.00716963 0.00707852 0.00631622 0.00524803 0.00423617 0.00346659 0.00293105 0.00252334
 1.01765e-16 3.6165e-05 0.000351537 0.00233609 0.0106196 0.0330416 0.0704006 0.102762 0.102813 0.0706492 0.033876 0.0130285 0.00837879 0.0135295 0.0250242 0.0412098 0.0591188 0.0738339 0.0803674 0.0764203 0.0637779 0.0471625 0.0314981 0.019689 0.0121767 0.00789821
 1.01686e-16 7.50786e-05 0.000729791 0.00484972 0.0220461 0.0685936 0.146146 0.213305 0.213309 0.146165 0.0686567 0.0222291 0.00531221 0.0017495 0.00204114 0.00333215 0.00497038 0.00661854 0.00797374 0.00887413 0.00935048 0.00952729 0.00946804 0.00911406 0.00836333 0.0071991
 1.02295e-16 5.30904e-05 0.000516057 0.00342938 0.0155895 0.0485049 0.103346 0.150843 0.150874 0.103498 0.0490167 0.0170672 0.0071363 0.00860083 0.0153858 0.0252955 0.036304 0.045385 0.0494995 0.0472642 0.0397982 0.0300049 0.0208797 0.0141404 0.00996436 0.00760303
 1.04821e-16 5.34606e-05 0.000519657 0.0034533 0.0156982 0.0488431 0.104066 0.151892 0.151914 0.104174 0.049205 0.0167452 0.0060872 0.0062891 0.0110679 0.0183617 0.0267902 0.0344033 0.0392186 0.0402722 0.0381081 0.0342505 0.0301339 0.0263789 0.022854 0.0192198
 1.04438e-16 6.38464e-05 0.00062061 0.00412417 0.0187479 0.0583318 0.124282 0.181397 0.181411 0.124352 0.0585646 0.0194211 0.00581667 0.00432433 0.00712458 0.011748 0.0170849 0.0218422 0.024746 0.0252166 0.0236889 0.0212558 0.018931 0.0171266 0.0156587 0.0141193
 1.03101e-16 6.42327e-05 0.000624365 0.00414912 0.0188613 0.0586847 0.125034 0.182495 0.182511 0.125115 0.0589554 0.0196436 0.00611358 0.00491535 0.00822126 0.0135102 0.0195049 0.0246339 0.0273425 0.0269203 0.0239171 0.0197498 0.0158284 0.0128837 0.0108901 0.00943009
 1.07027e-16 3.04746e-05 0.000296224 0.00196852 0.00894862 0.0278427 0.0593236 0.0865945 0.0866421 0.0595559 0.0286226 0.0112021 0.00762786 0.0126603 0.0235404 0.038943 0.0562691 0.0711223 0.0790238 0.0778899 0.0692325 0.0570441 0.0453173 0.0361563 0.0295816 0.0245642
 1.06769e-16 6.38756e-05 0.000620894 0.00412606 0.0187565 0.0583583 0.124339 0.181478 0.181486 0.124379 0.0584936 0.0191492 0.00511966 0.00281591 0.00430902 0.00722274 0.0108673 0.0146501 0.017991 0.0205987 0.0225588 0.0240946 0.0252211 0.0256269 0.0248851 0.0227885
 1.06165e-16 5.53496e-05 0.000538018 0.00357532 0.0162529 0.0505689 0.107743 0.15726 0.157284 0.107863 0.0509717 0.0174162 0.00649549 0.00691325 0.0121652 0.0200314 0.0288746 0.0363767 0.0402326 0.039427 0.0348611 0.0287516 0.0232833 0.0195533 0.0174234 0.0160823
 1.09244e-16 4.00229e-05 0.000389037 0.00258529 0.0117524 0.0365662 0.0779093 0.113718 0.113751 0.078073 0.0371162 0.0133427 0.00658361 0.00913847 0.0167186 0.0277379 0.0403327 0.051515 0.0582433 0.0590937 0.0550384 0.0486349 0.042324 0.0372123 0.0330657 0.0291177
 1.06858e-16 6.32052e-05 0.000614377 0.00408275 0.0185596 0.0577459 0.123034 0.179574 0.179585 0.123088 0.0579274 0.0190854 0.00540795 0.00352547 0.00564564 0.00937506 0.0138337 0.0181058 0.0212972 0.0230007 0.0234909 0.0234197 0.0232724 0.0230469 0.0223674 0.020851
 1.04906e-16 5.99709e-05 0.000582938 0.00387383 0.0176099 0.054791 0.116739 0.170388 0.170408 0.116837 0.0551216 0.0185648 0.00627144 0.00581884 0.0100099 0.0164705 0.0237642 0.0299854 0.0332439 0.0326963 0.0290553 0.0241006 0.019589 0.0164075 0.0144646 0.0131466
 1.08782e-16 3.31887e-05 0.000322606 0.00214383 0.00974558 0.0303223 0.0646065 0.0943039 0.094346 0.064812 0.0310128 0.0117411 0.00715779 0.0112845 0.0208997 0.0346247 0.0501694 0.0637074 0.0713403 0.0712519 0.0647336 0.0551829 0.0459304 0.0386289 0.0331506 0.028548
 1.16487e-16 3.91252e-05 0.000380311 0.0025273 0.0114888 0.0357459 0.0761611 0.111164 0.111185 0.0762628 0.0360883 0.0124822 0.00503706 0.00591291 0.010705 0.0180521 0.0269798 0.0359921 0.0435546 0.0489365 0.0524914 0.0550558 0.0570043 0.0578222 0.0565162 0.0524159
 1.06527e-16 6.99566e-05 0.000680003 0.00451886 0.0205421 0.0639141 0.136176 0.198754 0.198761 0.13621 0.0640287 0.0208737 0.00535385 0.00251127 0.00357347 0.0058662 0.00861226 0.0112004 0.0130742 0.0140224 0.0143063 0.0144493 0.0148458 0.0155006 0.0160656 0.0160895
pSPR Fmed_Fpbrs
0.674655   0.6 0.325
Fs Fmed_Fpbrs
0.20964   0.277764 0.677135
SSBpbr Bo_Bmed_Bpbrs
2.05138e+06  1.2814e+06  1.12826e+06 564129
Ro
193308
SPR SPRFo_SPRFmed_SPRFpbrs
1.38175e+06 932206 449069
Fref
0.277764
Nvult_r0
 226741 19951 8875.58 9536.14 3543.33
CTP_r0
 27897.3 2911.85 1308.22 1406.31 522.556
YTP_r0
391299
Np
 263337 106566 8967.26 3977.81 5595.51
Nvult_p0
 186001 76770.2 6468 2869.35 4036.26
CTP_p0
 34197.5 16529.9 1405.32 623.73 877.414
YTP_p0
 604716
CBA_c0
455324
log_Ro
11.992
likeval ReclasPelacesDesembMPH_pf_preclas_ppelaces_ptallas_desvR_qrecl_qpela
 14.913 17.2605 0.081571 0.000812403 241.123 119.366 98.227 0 23.1026 2.80168e-06 1.20398e-07 0.416008 7.48551e-16 0 0
q_reclas_q_pelaces
0.788843 0.951833
M
1
N
 210404 47512.3 167964 9604.96 0.313299
 120065 70371.8 15564.3 54948.5 3142.09
 120171 37162.7 20976.5 4628.11 17271.2
 210608 37377.7 11143.6 6275.1 6550.3
 168732 60300.4 10132.6 3010.18 3463.81
 281743 57088.3 20032.8 3362.23 2148.09
 117987 87809 17160.4 6007.65 1652.28
 54969 30311.5 20859.8 4055.96 1809.98
 50973 19110.3 10408.9 7157.46 2012.64
 66959.4 15038.1 5373.01 2917.41 2569.78
 122834 18472.5 3896.27 1386.46 1415.61
 159229 42056.2 6226.35 1311.95 943.455
 133539 42304.4 10408.1 1533.83 555.467
 93786.2 36282.7 10759.1 2635.74 528.967
 95123.7 20993.9 7287.97 2146.02 630.994
 501489 25022.7 5133.05 1773.49 675.598
 111499 138773 6507.48 1329.55 634.219
 771446 34184.7 40889.1 1912.47 577.05
 446351 235680 10028.9 11964.3 728.343
 344079 125764 62653.3 2656.05 3360.85
 510806 99782.1 34627.5 17192.9 1650.81
 685391 156722 29426.4 10185.7 5542.13
 146875 200295 43557.4 8151.82 4356.22
 429955 47234 62552.1 13577.1 3898.44
 363193 140666 15063.1 19915 5563.28
 163694 118639 44773.9 4786.5 8095.35
 362704 54711.2 38831.5 14635 4210.31
 406755 118790 17470.1 12379.1 6007.18
 123546 135806 38831.1 5702.96 6001.59
 90158.3 41289.1 44446 12691.3 3825.14
 333307 28918.2 12853.4 13809.3 5131.1
pred_Ctot
 12176.6 3320.88 11869.6 679.156 0.0221537
 12210.3 8585.95 1919.14 6779.15 387.66
 11898.8 4416.4 2519.37 556.17 2075.57
 30125.1 6372.76 1919.32 1081.37 1128.83
 8623.85 3725.96 633.052 188.178 216.542
 27585.9 6709.85 2379.64 399.614 255.316
 23162.8 20370.6 4019.38 1407.85 387.21
 1918.99 1282.39 892.468 173.634 77.4865
 6497.25 2910.65 1601.77 1102.03 309.894
 10836.1 2892.06 1043.65 566.975 499.43
 5413.32 985.231 210.133 74.8183 76.3936
 28709.7 8984.37 1343.17 283.164 203.636
 22619 8505.02 2113.25 311.589 112.843
 24159.9 10930.8 3270.45 801.564 160.87
 17606.5 4600.31 1612.57 475.081 139.692
 80389.6 4767.97 987.882 341.497 130.094
 11917.7 17781 842.614 172.252 82.1694
 83944.7 4457.78 5388.29 252.162 76.087
 67499 42426.6 1823.64 2176.74 132.515
 46946.2 20474.6 10304.8 437.086 553.085
 54397.4 12738.8 4467.51 2219.4 213.106
 90772.8 24782.2 4701.11 1628.13 885.907
 11810.4 19385.7 4261.4 797.981 426.443
 30369 4021.63 5384.05 1169.3 335.754
 25977.5 12126.4 1312.72 1736.56 485.124
 9539.9 8349.97 3186.07 340.801 576.411
 25398.2 4618.56 3313.89 1249.67 359.526
 23955.1 8447.98 1256.14 890.605 432.194
 7205.85 9565.77 2765.38 406.375 427.668
 7383.49 4069.01 4427.5 1264.96 381.271
 27897.3 2911.85 1308.22 1406.31 522.556
F
 0.0952373 0.116005 0.117352 0.117424 0.117427
 0.172726 0.210391 0.212834 0.212964 0.212971
 0.167839 0.204438 0.206811 0.206938 0.206944
 0.250661 0.305321 0.308865 0.309054 0.309064
 0.0837109 0.101965 0.103149 0.103212 0.103215
 0.165832 0.201994 0.204339 0.204464 0.204471
 0.359044 0.437338 0.442416 0.442686 0.442701
 0.0565411 0.0688706 0.0696702 0.0697128 0.069715
 0.220712 0.268841 0.271962 0.272128 0.272137
 0.287805 0.350565 0.354635 0.354852 0.354863
 0.0718284 0.0874915 0.0885073 0.0885614 0.0885642
 0.325452 0.396421 0.401024 0.401269 0.401282
 0.303053 0.369137 0.373423 0.373651 0.373664
 0.496785 0.605115 0.612141 0.612515 0.612535
 0.335396 0.408533 0.413276 0.413529 0.413542
 0.28474 0.346831 0.350858 0.351072 0.351084
 0.182238 0.221977 0.224554 0.224691 0.224699
 0.185792 0.226306 0.228933 0.229073 0.229081
 0.266701 0.324859 0.328631 0.328832 0.328842
 0.237882 0.289755 0.293119 0.293299 0.293308
 0.181514 0.221096 0.223663 0.223799 0.223807
 0.230199 0.280397 0.283652 0.283826 0.283835
 0.134468 0.16379 0.165692 0.165793 0.165798
 0.117291 0.142868 0.144526 0.144615 0.14462
 0.118849 0.144765 0.146446 0.146536 0.14654
 0.0959331 0.116852 0.118209 0.118281 0.118285
 0.116231 0.141576 0.14322 0.143307 0.143312
 0.0969864 0.118136 0.119507 0.11958 0.119584
 0.0960129 0.11695 0.118308 0.11838 0.118384
 0.137095 0.166991 0.168929 0.169033 0.169038
 0.140298 0.170892 0.172876 0.172982 0.172987
nmprior
 8.19 8.8 8.5 0
nm_flota  nm_reclas  nm_pelaces    nm_pelaL
inf 11.9724 18.6035 44.7171
cv_recla  cv_pelaces  cv_mph
0.349307 0.471084 0.879612
 ------------------------------------------------
Talla a la edad & desviaci?n 
 8 13.2811 15.8009 17.003 17.5766
 0.8 1.32811 1.58009 1.7003 1.75766
