years
 1991 1992 1993 1994 1995 1996 1997 1998 1999 2000 2001 2002 2003 2004 2005 2006 2007 2008 2009 2010 2011 2012 2013 2014 2015 2016 2017 2018 2019 2020 2021
reclasobs
 0 0 0 0 0 0 0 0 0 252601 567819 844713 477998 351125 339783 2.1784e+06 2.13404e+06 4.81314e+06 1.55562e+06 2.62356e+06 3.21686e+06 3.843e+06 1.13348e+06 3.07943e+06 1.97215e+06 2.03268e+06 2.025e+06 2.42433e+06 2.27542e+06 1.05018e+06 2.36338e+06
reclaspred
 2.82794e+06 1.46786e+06 712902 369657 138802 1.4873e+06 621918 323721 215818 206848 381676 614877 593893 413108 346651 1.68465e+06 1.26791e+06 3.87982e+06 3.11986e+06 1.96774e+06 3.68423e+06 3.10966e+06 2.03318e+06 3.4257e+06 2.36782e+06 1.83168e+06 2.57939e+06 3.27062e+06 2.46623e+06 1.16983e+06 1.71033e+06
pelacesobs
 0 0 0 0 0 0 0 0 0 0 0 0 0 0 0 552880 188675 0 991730 2.46772e+06 1.41603e+06 1.21717e+06 2.29649e+06 1.80582e+06 0 1.4828e+06 1.56532e+06 1.57751e+06 1.42118e+06 867257 1.10002e+06
pelacespred
 800760 424051 190627 68795 26985.8 411891 127546 95816.6 46524.3 45562.6 104709 139763 150564 102733 87201.9 401933 303306 1.12885e+06 897964 520960 991592 850951 564285 1.07994e+06 702987 543641 887893 1.09943e+06 688011 374762 520600
mphobs
 0 0 0 0 0 0 0 0 0 0 0 498337 0 5186 125008 0 168611 109162 213762 579715 649985 157893 87575 83554 0 0 0 0 0 0 0
mphpred
 494096 262233 120439 60422 21523.4 10416.6 138134 44992.5 23861.3 11399.7 12937.2 43289.2 52819 39935.1 20849.5 24054.6 190504 131115 392219 272984 241924 334075 327040 217189 339614 253133 179695 237352 405460 236697 103493
desembarqueobs
 494567 514787 250237 358949 120608 361735 552515 73892 212993 205616 52469 317467 293654 387597 252695 516296 358380 742168 942051 627588 828172 859565 418607 520667 417249 300574 415391 372974 316634 284311 391294
desembarquepred
 494518 514859 249650 358821 120563 361586 552005 73879.8 212848 205495 52464.2 317317 293485 387159 252502 516007 358308 741796 941125 626944 827916 859071 418467 520553 417103 300456 415248 372847 316528 284188 391172
Reclutas
 71768.1 108863 83750 43069.8 21118.4 277849 33292.6 9976.23 25175.5 52376.5 65650.9 121366 92438.7 67107.7 51622.2 409020 35006.5 657711 328889 206894 388971 508309 49811.6 284340 198486 73676.8 247062 306815 45445.8 26247 181516
log_desv_Rt
 -0.324364 0.0922861 -0.169968 -0.834984 -1.54766 1.02927 -1.09247 -2.2976 -1.37193 -0.639347 -0.413454 0.201005 -0.0712585 -0.391505 -0.653853 1.41596 -1.04227 1.89096 1.19792 0.734402 1.3657 1.63329 -0.689558 1.05237 0.692912 -0.298117 0.911833 1.12844 -0.781285 -1.33025 0.603539
SSB
 1.72512e+06 915575 420507 210961 75148.1 36369.2 482289 157089 83310.6 39801.5 45169.6 151142 184415 139432 72795.1 83985.7 665136 457782 1.36942e+06 953111 844668 1.16641e+06 1.14185e+06 758308 1.18575e+06 883802 627397 828706 1.41565e+06 826418 361342
BT
 2.28702e+06 1.49212e+06 674620 445712 162434 1.26928e+06 776580 288627 310115 298534 285399 583482 610528 635968 453092 1.33716e+06 981019 3.27111e+06 2.96474e+06 1.78037e+06 2.96795e+06 2.75597e+06 1.66523e+06 2.98218e+06 2.01627e+06 1.52594e+06 2.48056e+06 2.91157e+06 1.85115e+06 1.15882e+06 1.58303e+06
Ftot
 0.274792 0.570131 0.578003 1.47211 1.38495 0.579524 1.28061 0.382225 1.74333 1.90635 0.310339 1.00242 0.926288 1.69326 1.45853 0.71257 0.454875 0.423119 0.5411 0.561905 0.438285 0.522653 0.331069 0.31082 0.31026 0.280145 0.331256 0.23821 0.203399 0.379727 0.479665
BD_Bspro_t
 0.957285 0.707326 0.473685 0.333935 0.145388 0.103171 0.483018 0.205189 0.160901 0.105288 0.146581 0.432043 0.350086 0.255624 0.149459 0.174263 0.497084 0.39702 0.595415 0.475544 0.405382 0.481879 0.506057 0.446297 0.587083 0.575475 0.552906 0.642462 0.733088 0.621436 0.468158
BD_Bspro
 2.43129 1.29036 0.592641 0.297318 0.10591 0.051257 0.679714 0.221394 0.117414 0.0560942 0.0636598 0.213012 0.259906 0.196508 0.102594 0.118365 0.937408 0.645175 1.92999 1.34327 1.19043 1.64388 1.60926 1.06872 1.67113 1.24559 0.884221 1.16794 1.99514 1.16471 0.509257
BD_Bo
 1.10531 0.586624 0.269426 0.135166 0.0481486 0.0233024 0.30901 0.10065 0.0533785 0.0255015 0.0289409 0.0968394 0.118158 0.0893362 0.046641 0.053811 0.426163 0.293308 0.877407 0.610674 0.541193 0.747337 0.7316 0.48586 0.759728 0.566266 0.401983 0.530966 0.907028 0.5295 0.231518
BD_Brms
 5.23435 2.77804 1.2759 0.640098 0.228014 0.110352 1.46336 0.476641 0.252781 0.120766 0.137054 0.458596 0.559553 0.423064 0.220875 0.25483 2.01815 1.389 4.15508 2.89193 2.56289 3.53912 3.46459 2.30086 3.5978 2.68163 1.90365 2.51446 4.29536 2.50752 1.09638
Sel_flota
 0.60144 0.966298 0.998168 0.999903 0.999995
 0.60144 0.966298 0.998168 0.999903 0.999995
 0.60144 0.966298 0.998168 0.999903 0.999995
 0.60144 0.966298 0.998168 0.999903 0.999995
 0.60144 0.966298 0.998168 0.999903 0.999995
 0.60144 0.966298 0.998168 0.999903 0.999995
 0.60144 0.966298 0.998168 0.999903 0.999995
 0.60144 0.966298 0.998168 0.999903 0.999995
 0.60144 0.966298 0.998168 0.999903 0.999995
 0.60144 0.966298 0.998168 0.999903 0.999995
 0.60144 0.966298 0.998168 0.999903 0.999995
 0.60144 0.966298 0.998168 0.999903 0.999995
 0.60144 0.966298 0.998168 0.999903 0.999995
 0.60144 0.966298 0.998168 0.999903 0.999995
 0.60144 0.966298 0.998168 0.999903 0.999995
 0.60144 0.966298 0.998168 0.999903 0.999995
 0.60144 0.966298 0.998168 0.999903 0.999995
 0.60144 0.966298 0.998168 0.999903 0.999995
 0.60144 0.966298 0.998168 0.999903 0.999995
 0.60144 0.966298 0.998168 0.999903 0.999995
 0.60144 0.966298 0.998168 0.999903 0.999995
 0.60144 0.966298 0.998168 0.999903 0.999995
 0.60144 0.966298 0.998168 0.999903 0.999995
 0.60144 0.966298 0.998168 0.999903 0.999995
 0.60144 0.966298 0.998168 0.999903 0.999995
 0.60144 0.966298 0.998168 0.999903 0.999995
 0.60144 0.966298 0.998168 0.999903 0.999995
 0.60144 0.966298 0.998168 0.999903 0.999995
 0.60144 0.966298 0.998168 0.999903 0.999995
 0.60144 0.966298 0.998168 0.999903 0.999995
 0.60144 0.966298 0.998168 0.999903 0.999995
Sel_reclas
 1 1 1 1 1
 1 1 1 1 1
 1 1 1 1 1
 1 1 1 1 1
 1 1 1 1 1
 1 1 1 1 1
 1 1 1 1 1
 1 1 1 1 1
 1 1 1 1 1
 1 1 1 1 1
 1 1 1 1 1
 1 1 1 1 1
 1 1 1 1 1
 1 1 1 1 1
 1 1 1 1 1
 1 1 1 1 1
 1 1 1 1 1
 1 1 1 1 1
 1 1 1 1 1
 1 1 1 1 1
 1 1 1 1 1
 1 1 1 1 1
 1 1 1 1 1
 1 1 1 1 1
 1 1 1 1 1
 1 1 1 1 1
 1 1 1 1 1
 1 1 1 1 1
 1 1 1 1 1
 1 1 1 1 1
 1 1 1 1 1
Sel_pelaces
 1 1 1 1 1
 1 1 1 1 1
 1 1 1 1 1
 1 1 1 1 1
 1 1 1 1 1
 1 1 1 1 1
 1 1 1 1 1
 1 1 1 1 1
 1 1 1 1 1
 1 1 1 1 1
 1 1 1 1 1
 1 1 1 1 1
 1 1 1 1 1
 1 1 1 1 1
 1 1 1 1 1
 1 1 1 1 1
 1 1 1 1 1
 1 1 1 1 1
 1 1 1 1 1
 1 1 1 1 1
 1 1 1 1 1
 1 1 1 1 1
 1 1 1 1 1
 1 1 1 1 1
 1 1 1 1 1
 1 1 1 1 1
 1 1 1 1 1
 1 1 1 1 1
 1 1 1 1 1
 1 1 1 1 1
 1 1 1 1 1
pf_obs 
 0.8446 0.082 0.0669 0.0065 0
 0.8095 0.147 0.0364 0.0071 0
 0.9664 0.0169 0.016 0.0007 0
 0.9276 0.0648 0.0075 0.0001 0
 0.7033 0.2144 0.0806 0.0017 0
 0.9318 0.0425 0.0243 0.0014 0
 0.5671 0.3108 0.0964 0.0239 0.0018
 0.0768 0.2599 0.5324 0.112 0.0189
 0.490249 0.384438 0.106611 0.0170017 0.00170017
 0.7925 0.1577 0.0466 0.003 0.0002
 0.840416 0.127587 0.0312969 0.00059994 9.999e-05
 0.8084 0.0986 0.0794 0.0134 0.0002
 0.7335 0.1905 0.0724 0.0035 0.0001
 0.4001 0.4547 0.1325 0.0127 0
 0.49795 0.308269 0.164784 0.0264974 0.00249975
 0.9179 0.0499 0.0305 0.0017 0
 0.2467 0.6533 0.0926 0.0074 0
 0.9418 0.0223 0.034 0.0019 0
 0.707729 0.231977 0.0356964 0.0245975 0
 0.517169 0.277429 0.184464 0.0207286 0.00020938
 0.811772 0.124168 0.05621 0.00726502 0.000585176
 0.764997 0.148141 0.077277 0.00933861 0.000247198
 0.163321 0.427699 0.378323 0.0303852 0.000271297
 0.753843 0.0900009 0.118128 0.0371064 0.000921714
 0.721811 0.176058 0.0630433 0.0369309 0.00215725
 0.143369 0.312575 0.442814 0.0836902 0.0175525
 0.692698 0.0596174 0.167031 0.0765114 0.00414204
 0.394062 0.376323 0.152708 0.0712218 0.00568511
 0.125707 0.32114 0.495352 0.0537591 0.00404204
 0.23352 0.215282 0.420074 0.123614 0.00750983
 0.774587 0.0839891 0.0768558 0.0609784 0.00358967
pf_pred 
 0.281455 0.238455 0.425182 0.0549073 1.03103e-06
 0.567555 0.173088 0.0881867 0.151627 0.0195431
 0.583895 0.293669 0.0503031 0.024564 0.0475693
 0.514286 0.349101 0.0976652 0.0160246 0.0229238
 0.628283 0.263422 0.0792318 0.0207989 0.0082651
 0.977712 0.0176106 0.00337372 0.000954576 0.000348987
 0.249848 0.740832 0.00743034 0.00136356 0.000525626
 0.324154 0.280128 0.39108 0.00369964 0.000937633
 0.750831 0.114058 0.0572873 0.0769143 0.000910087
 0.916864 0.0735202 0.00457627 0.00214165 0.0028983
 0.870844 0.124709 0.00396653 0.000229247 0.000251431
 0.797991 0.185671 0.0157957 0.000484009 5.85331e-05
 0.702593 0.263921 0.0309052 0.00249546 8.54701e-05
 0.682875 0.261073 0.0500207 0.00556738 0.000463665
 0.783231 0.181972 0.0289916 0.00518305 0.000622578
 0.969373 0.0272823 0.00283545 0.000424156 8.46472e-05
 0.189084 0.797292 0.0121958 0.00121121 0.000216807
 0.927366 0.0208872 0.0509111 0.000748279 8.74265e-05
 0.529961 0.450101 0.00589573 0.0138159 0.000226307
 0.515123 0.323084 0.155209 0.00194977 0.00463345
 0.757103 0.159465 0.0563714 0.0259621 0.00109859
 0.723577 0.233576 0.0285168 0.00968888 0.00464115
 0.163785 0.687564 0.126416 0.0148096 0.00742518
 0.754129 0.0611557 0.152883 0.0270792 0.00475311
 0.555968 0.373234 0.0181072 0.0436252 0.00906519
 0.348334 0.44176 0.177504 0.00829954 0.0241026
 0.769228 0.109183 0.0833911 0.032312 0.00588639
 0.693223 0.261021 0.0220809 0.0162476 0.0074274
 0.190316 0.638548 0.146392 0.0119531 0.0127912
 0.245432 0.21042 0.432289 0.0957118 0.0161469
 0.85091 0.0540674 0.0272468 0.0538661 0.0139094
pobs_RECLAS
 0 0 0 0 0
 0 0 0 0 0
 0 0 0 0 0
 0 0 0 0 0
 0 0 0 0 0
 0 0 0 0 0
 0 0 0 0 0
 0 0 0 0 0
 0 0 0 0 0
 0 0 0 0 0
 0.991045 0.00858322 0.000360255 1.14367e-05 0
 0.934742 0.0480273 0.0164251 0.00080598 0
 0.827803 0.169806 0.00239088 0 0
 0.941827 0.0461693 0.0120037 0 0
 0.791401 0.0380133 0.147996 0.0225897 0
 0.846168 0.0940531 0.0597789 0 0
 0.134021 0.677848 0.182769 0.00536245 0
 0.80878 0.0450904 0.141981 0.00414843 0
 0.846168 0.0940531 0.0597789 0 0
 0.905697 0.0802665 0.012482 0.00150086 5.37128e-05
 0.989698 0.0102097 9.19794e-05 0 0
 0.975433 0.0193895 0.00387452 0.00125025 5.28907e-05
 0.303575 0.632131 0.0575291 0.00676475 0
 0.966965 0.00978017 0.0227588 0.000495775 0
 0.843318 0.132988 0.00938335 0.0141283 0.000182051
 0.564624 0.303363 0.111486 0.0197234 0.00080311
 0.826376 0.0876187 0.0782897 0.00655872 0.00115652
 0.89761 0.0855135 0.0140674 0.00269457 0.000114338
 0.34875 0.467042 0.161289 0.0227151 0.000203297
 0.318654 0.224769 0.449479 0.00709798 0
 0.937255 0.0296025 0.0250945 0.00804832 0
ppred_RECLAS
 0.39391 0.205671 0.354695 0.045723 8.58492e-07
 0.688192 0.127503 0.0627448 0.107682 0.0138777
 0.700155 0.213836 0.035377 0.0172431 0.0333888
 0.653057 0.252268 0.0677279 0.011088 0.0158599
 0.748901 0.180052 0.0520105 0.0136235 0.00541309
 0.986445 0.0107886 0.00199617 0.000563755 0.000206085
 0.365496 0.626926 0.00604408 0.00110681 0.000426606
 0.44368 0.235166 0.317397 0.00299717 0.000759525
 0.847656 0.0714424 0.0343489 0.0460087 0.000544329
 0.953079 0.0417138 0.00248143 0.00115845 0.00156753
 0.916458 0.0807575 0.00248399 0.000143306 0.000157158
 0.870188 0.119669 0.00980681 0.000299895 3.62636e-05
 0.799675 0.178501 0.0201455 0.00162345 5.55976e-05
 0.795566 0.169575 0.0311159 0.00345519 0.000287722
 0.864559 0.114445 0.0174999 0.00312167 0.000374926
 0.98139 0.0166423 0.00166927 0.000249231 4.97332e-05
 0.276267 0.711977 0.0105253 0.00104339 0.000186749
 0.95529 0.013171 0.0310304 0.000455248 5.31846e-05
 0.649832 0.335817 0.0042493 0.00993928 0.000162791
 0.638743 0.243489 0.112985 0.0014167 0.00336634
 0.837557 0.107909 0.0368686 0.016949 0.000717133
 0.812063 0.159659 0.0188319 0.00638653 0.00305897
 0.242707 0.626379 0.111363 0.0130227 0.00652866
 0.836396 0.0417357 0.100898 0.0178393 0.00313098
 0.671697 0.277472 0.013018 0.0313076 0.00650501
 0.467206 0.36507 0.141874 0.00662176 0.0192284
 0.846617 0.0738752 0.0545606 0.0211029 0.00384403
 0.786305 0.182737 0.0149536 0.0109836 0.00502055
 0.27691 0.574237 0.127364 0.010381 0.0111079
 0.352087 0.185164 0.367762 0.0812777 0.0137105
 0.905329 0.0351147 0.0170998 0.0337437 0.00871248
pobs_PELACES
 0 0 0 0 0
 0 0 0 0 0
 0 0 0 0 0
 0 0 0 0 0
 0 0 0 0 0
 0 0 0 0 0
 0 0 0 0 0
 0 0 0 0 0
 0 0 0 0 0
 0 0 0 0 0
 0 0 0 0 0
 0 0 0 0 0
 0 0 0 0 0
 0 0 0 0 0
 0 0 0 0 0
 0 0 0 0 0
 0.505614 0.472636 0.0217494 0 0
 0 0 0 0 0
 0.443492 0.261883 0.143347 0.151278 0
 0.227955 0.32914 0.350689 0.0885471 0.00366901
 0.970185 0.0296113 0.000203453 0 0
 0.997202 0.00247181 0.000326279 0 0
 0.445219 0.490057 0.0546422 0.010081 0
 0.90214 0.0892962 0.00764917 0.000914606 0
 0 0 0 0 0
 0.581667 0.319106 0.0959925 0.00289975 0.000334073
 0.762889 0.0836404 0.116647 0.0363945 0.000428098
 0.88444 0.0763242 0.0277011 0.0115352 0
 0.521256 0.241999 0.230069 0.00667565 0
 0.616807 0.101726 0.260614 0.0208532 0
 0.833518 0.0704572 0.0857862 0.0102388 0
ppred_PELACES
 0.402298 0.203214 0.349447 0.0450394 8.4565e-07
 0.703495 0.121691 0.0595268 0.102126 0.0131614
 0.714925 0.203669 0.0334907 0.0163183 0.0315974
 0.692965 0.224205 0.0592689 0.00969495 0.0138668
 0.779658 0.158656 0.0451674 0.0118216 0.00469696
 0.987363 0.0100708 0.00185205 0.000522877 0.000191138
 0.401976 0.590977 0.00562128 0.00102863 0.000396457
 0.455642 0.230644 0.310045 0.0029271 0.00074176
 0.873937 0.0597114 0.0281872 0.0377177 0.000446215
 0.962422 0.0334836 0.00195231 0.000910434 0.00123186
 0.919283 0.0780354 0.00239244 0.000137999 0.000151338
 0.883308 0.107662 0.00873034 0.000266823 3.22636e-05
 0.817105 0.163143 0.0182338 0.00146861 5.02934e-05
 0.827172 0.143794 0.0259195 0.00287538 0.000239427
 0.884083 0.0981811 0.0147844 0.00263508 0.00031647
 0.982907 0.0152976 0.00152294 0.00022729 4.5354e-05
 0.287367 0.701113 0.0103152 0.0010223 0.000182971
 0.957544 0.0125463 0.0294275 0.000431627 5.04244e-05
 0.664562 0.321768 0.00404842 0.00946649 0.000155045
 0.65464 0.233224 0.107584 0.00134855 0.00320433
 0.844815 0.103249 0.0351143 0.0161385 0.00068283
 0.821602 0.151683 0.017793 0.0060324 0.0028893
 0.250222 0.620539 0.109941 0.012854 0.00644402
 0.84178 0.0404615 0.0974982 0.0172352 0.00302491
 0.679996 0.270601 0.0126542 0.0304274 0.00632206
 0.475843 0.359487 0.139293 0.00650027 0.0188755
 0.851957 0.0714345 0.0525745 0.0203309 0.00370336
 0.791146 0.178664 0.0145837 0.0107104 0.00489566
 0.28193 0.570504 0.126266 0.0102903 0.0110107
 0.363252 0.182498 0.361023 0.079771 0.0134562
 0.910434 0.033331 0.0161495 0.0318597 0.00822593
pobs_pel_tallas
 0 0 0 0 0 0 0 0 0 0 0 0 0 0 0 0 0 0 0 0 0 0 0 0 0 0
 0 0 0 0 0 0 0 0 0 0 0 0 0 0 0 0 0 0 0 0 0 0 0 0 0 0
 0 0 0 0 0 0 0 0 0 0 0 0 0 0 0 0 0 0 0 0 0 0 0 0 0 0
 0 0 0 0 0 0 0 0 0 0 0 0 0 0 0 0 0 0 0 0 0 0 0 0 0 0
 0 0 0 0 0 0 0 0 0 0 0 0 0 0 0 0 0 0 0 0 0 0 0 0 0 0
 0 0 0 0 0 0 0 0 0 0 0 0 0 0 0 0 0 0 0 0 0 0 0 0 0 0
 0 0 0 0 0 0 0 0 0 0 0 0 0 0 0 0 0 0 0 0 0 0 0 0 0 0
 0 0 0 0 0 0 0 0 0 0 0 0 0 0 0 0 0 0 0 0 0 0 0 0 0 0
 0 0 0 0 0 0 0 0 0 0 0 0 0 0 0 0 0 0 0 0 0 0 0 0 0 0
 0 0 0 0 0 0 0 0 0 0 0 0 0 0 0 0 0 0 0 0 0 0 0 0 0 0
 0 0 0 0 0 0 0 0 0 0 0 0 0 0 0 0 0 0 0 0 0 0 0 0 0 0
 0 0 0 0 0 0 0 0 0 0 0 0 0 0 0 0 0 0 0 0 0 0 0 0 0 0
 0.00862536 0 0 0.000197151 0.00414017 0.0128641 0.00837892 0.0270097 0.101434 0.158115 0.152841 0.127902 0.109271 0.109419 0.0830992 0.0579132 0.0238553 0.00714673 0.00463305 0.00128148 0.00103504 0.000492878 0.000147863 0.000147863 4.92878e-05 0
 0 0 0 0 0 0 0 0 0 0 0 0 0 0 0 0 0 0 0 0 0 0 0 0 0 0
 0 0 0 0 0 0 0 0.0054083 0.00873648 0.0413646 0.0450493 0.0745869 0.0622846 0.0627006 0.0613931 0.0827291 0.12552 0.122667 0.0946155 0.0697135 0.0546179 0.0294188 0.0215738 0.0213955 0.0102223 0.00600262
 0 0 0 0 0.00359764 0.0251062 0.0480494 0.140153 0.205849 0.193036 0.1447 0.116669 0.0760912 0.0342217 0.00950174 0.001854 0.000860785 0 0 0 0.000165536 0 0.000143464 0 0 0
 0 0 0 0 0 0 0 0.000145254 0.000435761 0.0275982 0.070085 0.0708112 0.156366 0.174668 0.174014 0.160142 0.0824315 0.0480064 0.0283245 0.00493863 0.00203355 0 0 0 0 0
 0 0 0 0 0 0 0 0 0 0 0 0 0 0 0 0 0 0 0 0 0 0 0 0 0 0
 0 0 1.00437e-05 0.000401748 0.00122533 0.00171747 0.00176769 0.0269171 0.070346 0.194647 0.189555 0.159765 0.064822 0.0314167 0.0384472 0.0292271 0.0345202 0.0313363 0.0194345 0.0106764 0.0143323 0.0359363 0.0279516 0.0138201 0.00172751 0
 0 0.0021121 0.0136068 0.0755702 0.200478 0.177729 0.0527432 0.0373336 0.0318909 0.0142505 0.0149659 0.0166563 0.0217959 0.0798694 0.0677717 0.0528807 0.04013 0.0224614 0.0357745 0.0225083 0.00881397 0.00855152 0.00135912 0.000746735 0 0
 0 0 0 0 5.4009e-05 0.00500934 0.000945158 0.0243581 0.138947 0.33067 0.221406 0.137944 0.0707744 0.0437923 0.0131692 0.00525238 0.0047753 0.00276346 9.45158e-05 9.00151e-06 2.25038e-05 9.00151e-06 4.50075e-06 0 0 0
 0.000866109 0.00284123 0.00948549 0.0512746 0.133035 0.25785 0.225252 0.132002 0.0553304 0.0519788 0.0540692 0.017754 0.00435017 0.00159236 0.00146478 0.000404838 0.000125132 0.000115318 0.000107957 0.000100596 0 0 0 0 0 0
 0 0 0 0 0.00144013 0.00171154 0.00461396 0.0210425 0.0478622 0.0707936 0.0888783 0.103762 0.0637923 0.0337046 0.0602308 0.124433 0.169614 0.0934646 0.0462172 0.0250306 0.0313229 0.00938855 0.002487 0.000210481 0 0
 0 0.00764035 0.051015 0.0998891 0.058973 0.0496711 0.0374665 0.0718981 0.12319 0.153886 0.159021 0.0857701 0.0377988 0.023471 0.0147837 0.00900784 0.00315554 0.000888139 0.00291439 0.00214683 0.00393193 0.00274676 0.000635225 9.99891e-05 0 0
 0 0 0 0 0 0 0 0 0 0 0 0 0 0 0 0 0 0 0 0 0 0 0 0 0 0
 0 0 0 0 0 0 0 0 0 0 0 0 0 0 0 0 0 0 0 0 0 0 0 0 0 0
 0 0 0 0 0 0 0 0 0 0 0 0 0 0 0 0 0 0 0 0 0 0 0 0 0 0
 0 0 0 0 0 0 0 0 0 0 0 0 0 0 0 0 0 0 0 0 0 0 0 0 0 0
 0 0 0 0 0 0 0 0 0 0 0 0 0 0 0 0 0 0 0 0 0 0 0 0 0 0
 0 0 0 0 0 0 0 0 0 0 0 0 0 0 0 0 0 0 0 0 0 0 0 0 0 0
 0 0 0 0 0 0 0 0 0 0 0 0 0 0 0 0 0 0 0 0 0 0 0 0 0 0
ppred_pel_tallas
 1.14654e-16 3.31368e-05 0.000322102 0.00214048 0.00973032 0.0302748 0.0645043 0.0941501 0.0941702 0.0646027 0.0306067 0.0106956 0.004588 0.00574607 0.0105715 0.018043 0.027429 0.0374938 0.0468971 0.0548693 0.0613657 0.0664925 0.0697885 0.0701481 0.0665272 0.0588097
 1.14219e-16 5.79459e-05 0.000563255 0.00374303 0.0170153 0.0529409 0.112797 0.164632 0.164644 0.112854 0.0531355 0.0175788 0.00516305 0.00368202 0.00603829 0.0100465 0.0148482 0.0195157 0.0231863 0.0255768 0.0271685 0.0288076 0.0310135 0.0335446 0.0355181 0.0359285
 1.08003e-16 5.88875e-05 0.000572407 0.00380385 0.0172918 0.0538012 0.11463 0.16731 0.167329 0.114726 0.0541236 0.0182233 0.00614305 0.00568232 0.00977423 0.0160956 0.0232572 0.0294235 0.0327839 0.0325546 0.0294669 0.0252766 0.0216844 0.0194953 0.0185097 0.0179834
 1.05087e-16 5.70786e-05 0.000554825 0.00368701 0.0167606 0.0521486 0.111109 0.162171 0.162193 0.111215 0.0525041 0.017788 0.00626814 0.00619695 0.0107946 0.0178134 0.0257923 0.0327245 0.0365996 0.0364915 0.0330868 0.0281668 0.0234775 0.0198844 0.0173063 0.0152096
 1.03325e-16 6.42194e-05 0.000624236 0.00414827 0.0188574 0.0586725 0.125009 0.182457 0.182472 0.125084 0.0589242 0.0195849 0.00597611 0.00462066 0.00767249 0.0126307 0.0183022 0.0232546 0.0260695 0.0260903 0.0237908 0.0204062 0.0171385 0.0145693 0.0126286 0.010953
 1.00141e-16 8.13278e-05 0.000790535 0.00525338 0.0238811 0.074303 0.158311 0.231059 0.23106 0.158315 0.074319 0.0239272 0.00536902 0.00104309 0.000561345 0.000800251 0.00114712 0.00144707 0.00160327 0.00157303 0.00138816 0.00113196 0.000887996 0.000700725 0.000570765 0.000475884
 1.00484e-16 3.31104e-05 0.000321845 0.00213877 0.00972259 0.0302509 0.0644548 0.0940856 0.0941425 0.0647325 0.0311828 0.0124125 0.00888444 0.0150269 0.0278997 0.0459111 0.0657571 0.0818989 0.0887176 0.0836265 0.0686599 0.0492023 0.0309145 0.0172041 0.00867242 0.00414659
 1.09426e-16 3.75307e-05 0.000364812 0.0024243 0.0110205 0.0342891 0.0730574 0.106634 0.106657 0.0731683 0.0346627 0.0121051 0.00516691 0.00641896 0.011731 0.0198418 0.0297541 0.0398465 0.0483822 0.0543808 0.0579183 0.0595486 0.0594427 0.0571154 0.0519678 0.044064
 1.04687e-16 7.19851e-05 0.000699721 0.00464989 0.0211377 0.0657673 0.140124 0.204517 0.204523 0.140153 0.0658627 0.0214137 0.00534482 0.00222445 0.00299091 0.00489313 0.00719325 0.00937673 0.0109829 0.0118328 0.0121297 0.012282 0.0125833 0.0130077 0.0132571 0.0129809
 1.00365e-16 7.92734e-05 0.000770566 0.00512068 0.0232779 0.0724261 0.154312 0.225223 0.225226 0.154327 0.072479 0.0234305 0.0055036 0.00160584 0.00166374 0.00262016 0.00375553 0.00469955 0.00513518 0.00492031 0.00417075 0.00318564 0.0022727 0.00160704 0.00120416 0.000983541
 1.00129e-16 7.57201e-05 0.000736027 0.00489116 0.0222345 0.0691798 0.147395 0.215129 0.215137 0.147432 0.0693029 0.0225899 0.00578248 0.00267946 0.00375978 0.00607774 0.0087053 0.0108572 0.0117896 0.0111613 0.00923721 0.00672014 0.0043467 0.00255691 0.00142515 0.000798574
 1.00312e-16 7.27569e-05 0.000707223 0.00469975 0.0213644 0.0664726 0.141627 0.206711 0.206722 0.141678 0.0666426 0.0218553 0.0059314 0.00339404 0.00516986 0.00841671 0.012082 0.0151172 0.0165062 0.0157782 0.0132855 0.00997047 0.00681315 0.00438901 0.00278697 0.00180677
 1.00724e-16 6.73039e-05 0.000654217 0.00434751 0.0197631 0.0614905 0.131013 0.19122 0.191236 0.131089 0.0617483 0.0205076 0.00621574 0.00473101 0.00780515 0.0127843 0.0183793 0.0230462 0.025257 0.0243011 0.0207025 0.0158638 0.0112346 0.00765158 0.00522839 0.00366256
 1.01114e-16 6.81331e-05 0.000662278 0.00440107 0.0200066 0.0622481 0.132627 0.193576 0.193589 0.132695 0.0624757 0.020664 0.00605139 0.00426609 0.00691569 0.0113335 0.0163382 0.0205821 0.0227355 0.0221767 0.0193474 0.0154348 0.0116474 0.00865606 0.00652158 0.00498151
 1.0077e-16 7.28208e-05 0.000707844 0.00470387 0.0213831 0.0665309 0.141751 0.206892 0.206902 0.141798 0.0666862 0.0218316 0.00582973 0.00316574 0.00474117 0.00772369 0.0111208 0.0139871 0.0154103 0.0149673 0.0129682 0.0102384 0.00762075 0.00558596 0.00417729 0.00320403
 1.00079e-16 8.09607e-05 0.000786967 0.00522967 0.0237733 0.0739677 0.157596 0.230016 0.230018 0.157603 0.0739919 0.0238431 0.0054048 0.00116908 0.000806119 0.00120308 0.00172173 0.00215747 0.00236247 0.00227012 0.00193026 0.00147542 0.00104251 0.000710482 0.000489536 0.000349959
 1.00611e-16 2.36702e-05 0.000230082 0.00152898 0.00695057 0.0216262 0.0460793 0.0672683 0.0673357 0.0464087 0.0227318 0.0101421 0.00953305 0.0176793 0.0330929 0.054488 0.0780581 0.0972506 0.105405 0.0994517 0.0817945 0.0588025 0.0371679 0.0209141 0.0107481 0.00528902
 1.00905e-16 7.88716e-05 0.00076666 0.00509473 0.0231599 0.072059 0.153529 0.224081 0.224082 0.153536 0.0720798 0.0232203 0.00524842 0.00110889 0.000748461 0.0011635 0.00178649 0.0024909 0.00319656 0.00385144 0.0044306 0.00490102 0.00518838 0.00519134 0.00484213 0.00416438
 1.01175e-16 5.47392e-05 0.000532084 0.00353589 0.0160737 0.0500113 0.106555 0.155527 0.155558 0.106707 0.0505187 0.0175386 0.00720986 0.00854206 0.0152369 0.025024 0.0358587 0.0447094 0.0485325 0.0459384 0.0380467 0.0277846 0.018205 0.0111086 0.00675336 0.00443729
 1.03842e-16 5.39218e-05 0.000524139 0.00348309 0.0158336 0.0492645 0.104964 0.153203 0.153225 0.105074 0.0496356 0.0169071 0.00618299 0.00643572 0.0113326 0.018783 0.0273601 0.0350401 0.0397647 0.0405297 0.0378992 0.0334738 0.0287895 0.0245608 0.0207205 0.0169588
 1.02774e-16 6.95864e-05 0.000676404 0.00449494 0.0204334 0.0635758 0.135455 0.197703 0.197713 0.135504 0.0637399 0.0209076 0.00568715 0.003285 0.00504155 0.00827151 0.0120197 0.0153508 0.0173602 0.0176334 0.0164732 0.014651 0.0128895 0.0114948 0.0103577 0.00921075
 1.01647e-16 6.76743e-05 0.000657819 0.00437144 0.0198719 0.061829 0.131734 0.192272 0.192287 0.131805 0.0620688 0.0205644 0.00610932 0.0044509 0.00726931 0.0119051 0.017131 0.0215182 0.0236602 0.0229129 0.0197762 0.0155554 0.0115807 0.0085908 0.00663542 0.00537531
 1.05711e-16 2.06106e-05 0.000200342 0.00133135 0.00605215 0.0188308 0.0401232 0.0585736 0.0586334 0.0404156 0.0198127 0.00888869 0.00845293 0.0157516 0.029569 0.0488862 0.0705001 0.0888163 0.0981201 0.0957419 0.0836076 0.0668593 0.0507241 0.0380885 0.0291822 0.0228178
 1.05065e-16 6.93363e-05 0.000673974 0.00447879 0.0203599 0.0633474 0.134968 0.196991 0.196995 0.134988 0.0634144 0.0205556 0.00497699 0.00178529 0.00224964 0.00379157 0.00588087 0.00828595 0.0107976 0.0132887 0.0157059 0.017936 0.0196816 0.0205046 0.0200416 0.0182312
 1.04556e-16 5.60104e-05 0.000544441 0.003618 0.0164469 0.0511726 0.10903 0.159137 0.159164 0.109157 0.0515999 0.0176807 0.00671347 0.00729756 0.0128693 0.0211571 0.0304074 0.0381158 0.0417878 0.0403171 0.0346756 0.0272916 0.0206137 0.0159593 0.0133116 0.0118762
 1.07958e-16 3.91947e-05 0.000380986 0.00253179 0.0115092 0.0358095 0.0762972 0.111365 0.1114 0.0764672 0.0363808 0.0131611 0.0066851 0.00946955 0.017364 0.0288107 0.0418866 0.0534801 0.0604137 0.0611788 0.0567492 0.0497517 0.0427169 0.0368339 0.0319458 0.0273718
 1.04202e-16 7.01746e-05 0.000682122 0.00453294 0.0206061 0.0641132 0.1366 0.199374 0.19938 0.136634 0.0642277 0.0209377 0.00536889 0.00251895 0.00359391 0.00592333 0.00874521 0.0114614 0.0135087 0.0146291 0.0149887 0.0149854 0.0149091 0.0147458 0.0142556 0.0132072
 1.0237e-16 6.51657e-05 0.000633434 0.00420939 0.0191353 0.0595371 0.126851 0.185146 0.185163 0.126935 0.0598193 0.0199503 0.00625456 0.00509599 0.00853453 0.0139914 0.020116 0.0252317 0.0276828 0.026721 0.0229599 0.0179719 0.0133567 0.00999718 0.00793183 0.00670998
 1.06685e-16 2.32223e-05 0.000225729 0.00150005 0.00681905 0.0212169 0.0452069 0.0659923 0.0660473 0.0454759 0.0221205 0.00942975 0.00805652 0.0145492 0.0272571 0.045105 0.065158 0.082318 0.0913737 0.089881 0.0795611 0.0650244 0.0509138 0.0397285 0.0315922 0.025424
 1.20743e-16 2.99206e-05 0.000290839 0.00193273 0.00878592 0.0273363 0.0582436 0.0850121 0.0850302 0.0583325 0.0276363 0.00965944 0.00415195 0.00522352 0.00965693 0.0165955 0.0254909 0.0353846 0.0452381 0.0544773 0.0630493 0.0708393 0.0770206 0.0800663 0.0785308 0.0719847
 1.05062e-16 7.49912e-05 0.000728942 0.00484407 0.0220205 0.0685138 0.145976 0.213057 0.21306 0.145992 0.0685672 0.022175 0.00523357 0.0015849 0.00171794 0.00276888 0.00409856 0.00541539 0.00649424 0.00727612 0.00791108 0.00864042 0.00959731 0.0106808 0.0115904 0.0119808
pSPR Fmed_Fpbrs
0.428412   0.261165 0.261165
Fs Fmed_Fpbrs
0.572475   1.005 1.005
SSBpbr Bo_Bmed_Bpbrs
1.56075e+06  590608  329576 329576
Ro
99266.2
SPR SPRFo_SPRFmed_SPRFpbrs
709547 303979 185309
Fref
1.005
Nvult_r0
 131474 5905.89 2911.3 5748.78 1484.36
CTP_r0
 29436.8 1870.43 942.59 1863.47 481.187
YTP_r0
391172
Np
 154178 50041.5 1778.32 859.393 2081.18
Nvult_p0
 123188 43070.8 1538.41 743.656 1800.93
CTP_p0
 46409 21220 770.417 372.737 902.708
YTP_p0
 750762
CBA_c0
499049
log_Ro
11.3256
likeval ReclasPelacesDesembMPH_pf_preclas_ppelaces_ptallas_desvR_qrecl_qpela
 11.4133 47.1891 0.0710451 0.000925796 252.681 116.985 103.482 0 47.2642 1.04811e-05 0 0.109168 0 0 0
q_reclas_q_pelaces
1.58211 1
M
1
N
 71768.1 39398.3 68243.6 8799.24 0.165216
 108863 22380 11113.9 19083 2459.4
 83750 28422.8 4745.77 2314.3 4481.42
 43069.8 21762.8 5981.48 980.502 1402.58
 21118.4 6536.73 1930.36 506.242 201.161
 277849 3377.65 630.754 178.225 65.1534
 33292.6 72134.3 709.771 130.12 50.156
 9976.23 5669.63 7698.89 72.7243 18.4297
 25175.5 2916.31 1441.64 1933.92 22.8821
 52376.5 3245.81 199.039 93.0748 125.953
 65650.9 6122.07 189.24 10.9205 11.9763
 121366 20039.4 1668.66 51.0724 6.17602
 92438.7 24432.5 2798.45 225.697 7.72969
 67107.7 19481 3672.4 408.393 34.0104
 51622.2 8916.5 1395.49 249.246 29.9375
 409020 7898.97 801.339 119.718 23.8901
 35006.5 98022.3 1459.62 144.752 25.9087
 657711 9795.81 23234.8 341.003 39.8387
 328889 187595 2394.31 5603.02 91.7715
 206894 87381.4 40911.9 513.239 1219.58
 388971 54285.4 18677.4 8589.55 363.441
 508309 109936 13075.5 4436.35 2124.94
 49811.6 136557 24406.8 2854.92 1431.28
 284340 15016.2 36482.5 6452.06 1132.42
 198486 86767.5 4090.98 9841.26 2044.82
 73676.8 60589.1 23651.6 1104.17 3206.35
 247062 22901.4 17003.4 6578.44 1198.32
 306815 74470.8 6117.2 4494.08 2054.25
 45445.8 97805.1 21763.3 1774.17 1898.41
 26247 14793.5 29560.3 6535.18 1102.42
 181516 7684.21 3770.69 7443.95 1922.04
pred_Ctot
 7004.74 5934.58 10581.8 1366.51 0.0256599
 20539.9 6264.05 3191.48 5487.41 707.265
 15990.2 8042.22 1377.57 672.693 1302.7
 17156.1 11645.7 3258.01 534.565 764.715
 8062.05 3380.19 1016.69 266.889 106.057
 53169.5 957.692 183.468 51.9114 18.9785
 12018.6 35636.9 357.428 65.5924 25.2846
 1319.61 1140.39 1592.07 15.061 3.81705
 11224.5 1705.09 856.41 1149.82 13.6053
 24706.2 1981.11 123.314 57.7098 78.0988
 7174.3 1027.39 32.6776 1.88861 2.07137
 36459.4 8483.13 721.691 22.1139 2.67432
 26103.1 9805.31 1148.2 92.7126 3.17542
 29360.8 11225.1 2150.68 239.374 19.9357
 20431.7 4747 756.29 135.207 16.2409
 93298.7 2625.82 272.902 40.8234 8.14699
 5415.56 22835.3 349.302 34.6903 6.20958
 95366.6 2147.96 5235.49 76.95 8.99059
 59298.2 50362.5 659.683 1545.89 25.3218
 38547.3 24176.8 11614.5 145.904 346.727
 58209.8 12260.5 4334.11 1996.1 84.4652
 88909.9 28700.7 3504.01 1190.52 570.283
 5777.91 24255.5 4459.64 522.444 261.941
 31117.1 2523.43 6308.3 1117.35 196.124
 21685.3 14557.9 706.265 1701.58 353.584
 7321.55 9285.25 3730.9 174.446 506.607
 28672.9 4069.78 3108.4 1204.43 219.415
 26192.1 9862.19 834.287 613.884 280.63
 3341.04 11209.8 2569.94 209.839 224.552
 3451.22 2958.89 6078.76 1345.88 227.054
 29436.8 1870.43 942.59 1863.47 481.187
F
 0.165271 0.265531 0.274288 0.274765 0.274791
 0.3429 0.550917 0.569087 0.570076 0.570129
 0.347634 0.558523 0.576944 0.577947 0.578
 0.885384 1.42249 1.46941 1.47196 1.4721
 0.832966 1.33828 1.38241 1.38482 1.38495
 0.348549 0.559993 0.578462 0.579468 0.579521
 0.770212 1.23745 1.27827 1.28049 1.28061
 0.229886 0.369343 0.381525 0.382188 0.382223
 1.04851 1.68457 1.74013 1.74316 1.74332
 1.14656 1.8421 1.90286 1.90617 1.90634
 0.18665 0.29988 0.30977 0.310309 0.310337
 0.602895 0.968635 1.00058 1.00232 1.00241
 0.557106 0.89507 0.92459 0.926198 0.926283
 1.0184 1.6362 1.69016 1.6931 1.69325
 0.877219 1.40938 1.45586 1.45839 1.45852
 0.428568 0.688555 0.711264 0.712501 0.712566
 0.27358 0.439545 0.454042 0.454831 0.454873
 0.254481 0.408859 0.422344 0.423078 0.423117
 0.325439 0.522864 0.540108 0.541048 0.541097
 0.337952 0.542967 0.560875 0.561851 0.561902
 0.263602 0.423514 0.437482 0.438243 0.438283
 0.314345 0.505039 0.521696 0.522603 0.522651
 0.199118 0.319912 0.330463 0.331038 0.331068
 0.186939 0.300344 0.31025 0.31079 0.310818
 0.186603 0.299803 0.309691 0.31023 0.310258
 0.16849 0.270703 0.279632 0.280118 0.280143
 0.199231 0.320092 0.330649 0.331224 0.331255
 0.143269 0.230182 0.237773 0.238187 0.238209
 0.122332 0.196544 0.203026 0.203379 0.203397
 0.228383 0.366929 0.379031 0.37969 0.379725
 0.28849 0.4635 0.478787 0.479619 0.479663
nmprior
 8.19 8.8 8.5 0
nm_flota  nm_reclas  nm_pelaces    nm_pelaL
inf 16.5859 9.08581 17.6146
cv_recla  cv_pelaces  cv_mph
0.305584 0.77892 0.938995
 ------------------------------------------------
Talla a la edad & desviaci?n 
 8 13.2811 15.8009 17.003 17.5766
 0.8 1.32811 1.58009 1.7003 1.75766
