years
 1991 1992 1993 1994 1995 1996 1997 1998 1999 2000 2001 2002 2003 2004 2005 2006 2007 2008 2009 2010 2011 2012 2013 2014 2015 2016 2017 2018 2019 2020 2021
reclasobs
 0 0 0 0 0 0 0 0 0 252601 567819 844713 477998 351125 339783 2.1784e+06 2.13404e+06 4.81314e+06 1.55562e+06 2.62356e+06 3.21686e+06 3.843e+06 1.13348e+06 3.07943e+06 1.97215e+06 2.03268e+06 2.025e+06 2.42433e+06 2.27542e+06 1.05018e+06 2.36338e+06
reclaspred
 3.4401e+06 1.97748e+06 1.01146e+06 1.10335e+06 1.16487e+06 1.76734e+06 1.24202e+06 1.12186e+06 809692 590670 562234 669516 665877 550725 556921 1.21391e+06 1.27671e+06 2.55182e+06 2.13592e+06 1.61096e+06 2.87385e+06 2.34391e+06 1.93525e+06 2.97298e+06 2.23398e+06 1.9849e+06 2.29081e+06 2.34889e+06 1.97883e+06 1.32806e+06 2.01517e+06
pelacesobs
 0 0 0 0 0 0 0 0 0 0 0 0 0 0 0 552880 188675 0 991730 2.46772e+06 1.41603e+06 1.21717e+06 2.29649e+06 1.80582e+06 0 1.4828e+06 1.56532e+06 1.57751e+06 1.42118e+06 867257 1.10002e+06
pelacespred
 2.55647e+06 1.65881e+06 862635 674808 739419 1.10137e+06 851004 845719 630468 438549 398100 397252 429470 377471 372541 633827 754778 1.52939e+06 1.46397e+06 1.07189e+06 1.67694e+06 1.58241e+06 1.34798e+06 2.01807e+06 1.63128e+06 1.43361e+06 1.72575e+06 1.74437e+06 1.36927e+06 1.04706e+06 1.35236e+06
mphobs
 0 0 0 0 0 0 0 0 0 0 0 498337 0 5186 125008 0 168611 109162 213762 579715 649985 157893 87575 83554 0 0 0 0 0 0 0
mphpred
 515498 347747 179333 98129.2 122399 141713 185987 132506 113178 80041.3 52800.4 64986.1 68722.3 60490.5 45199.5 54952.3 140892 147387 251490 198037 212441 263178 251289 214336 296654 242540 201735 209454 280039 198605 133992
desembarqueobs
 494567 514787 250237 358949 120608 361735 552515 73892 212993 205616 52469 317467 293654 387597 252695 516296 358380 742168 942051 627588 828172 859565 418607 520667 417249 300574 407403 355545 319650 289779 391294
desembarquepred
 494573 512954 251248 358964 120611 361747 552570 73894.5 213030 205653 52470.9 317534 293711 387669 252707 516304 358409 742120 941983 627539 828260 859647 418629 520694 417261 300584 407415 355546 319658 289796 391301
Reclutas
 256283 149331 147357 321192 258193 401143 169914 82596.4 71102.2 88804 153707 191674 163191 115538 119399 568589 156948 847332 525416 388838 603310 802579 184116 533091 431630 204474 434683 473185 156701 120893 446553
log_desv_Rt
 0.0427669 -0.497349 -0.510658 0.268524 0.0501914 0.490803 -0.368223 -1.08955 -1.2394 -1.01708 -0.468465 -0.247719 -0.408591 -0.753919 -0.72104 0.839644 -0.447601 1.23858 0.760675 0.459647 0.898916 1.18432 -0.28795 0.775177 0.564054 -0.183075 0.571103 0.655971 -0.449178 -0.708612 0.598043
SSB
 5.04842e+06 3.40559e+06 1.75626e+06 961009 1.19869e+06 1.38784e+06 1.82142e+06 1.29767e+06 1.10838e+06 783869 517090 636429 673018 592402 442653 538164 1.3798e+06 1.44341e+06 2.46291e+06 1.93943e+06 2.0805e+06 2.57738e+06 2.46095e+06 2.09906e+06 2.90522e+06 2.37526e+06 1.97565e+06 2.05124e+06 2.7425e+06 1.945e+06 1.31223e+06
BT
 6.61989e+06 4.52706e+06 2.34512e+06 2.15957e+06 2.06626e+06 3.42653e+06 2.6696e+06 2.30062e+06 1.8456e+06 1.35028e+06 1.1504e+06 1.37568e+06 1.46022e+06 1.47098e+06 1.34297e+06 2.36464e+06 2.30643e+06 5.21736e+06 4.95827e+06 3.41197e+06 5.46686e+06 5.13976e+06 3.8866e+06 6.3445e+06 4.67932e+06 4.05484e+06 5.35864e+06 5.3772e+06 3.73753e+06 2.92233e+06 4.33858e+06
Ftot
 0.0842763 0.150651 0.14496 0.197025 0.0623422 0.124834 0.258796 0.0394181 0.156414 0.205757 0.0575463 0.28328 0.263256 0.416455 0.276911 0.264744 0.166567 0.179823 0.262504 0.232246 0.17458 0.220738 0.12778 0.108107 0.111646 0.0903677 0.109235 0.0935357 0.0945801 0.128675 0.120719
BD_Bspro_t
 0.986606 0.898884 0.786977 0.720383 0.734202 0.792464 0.786689 0.682417 0.724414 0.695045 0.666644 0.781609 0.68163 0.607133 0.520466 0.568205 0.680796 0.677975 0.732781 0.654172 0.628261 0.673495 0.688097 0.689135 0.776911 0.782281 0.790121 0.815512 0.846294 0.79839 0.754528
BD_Bspro
 2.87627 1.94029 1.00061 0.547522 0.682935 0.790704 1.03773 0.739332 0.631485 0.446598 0.294605 0.362596 0.383443 0.337513 0.252195 0.306612 0.786121 0.822362 1.40321 1.10496 1.18533 1.46843 1.40209 1.19591 1.65521 1.35327 1.1256 1.16867 1.5625 1.10814 0.747624
BD_Bo
 2.01637 1.36021 0.701461 0.383833 0.478762 0.554312 0.727487 0.518299 0.442694 0.313082 0.206529 0.254193 0.268807 0.236609 0.176798 0.214946 0.551099 0.576505 0.983702 0.77462 0.830962 1.02942 0.982918 0.838375 1.16036 0.948694 0.789087 0.819278 1.09537 0.776845 0.524111
BD_Brms
 14.0021 9.44562 4.8711 2.66542 3.32463 3.84927 5.05183 3.59918 3.07416 2.17411 1.43418 1.76517 1.86666 1.64306 1.22772 1.49263 3.82695 4.00338 6.83104 5.37913 5.77038 7.14852 6.8256 5.82186 8.05782 6.58794 5.47959 5.68924 7.6065 5.39458 3.63954
Sel_flota
 0.88469 1 1 1 1
 0.88469 1 1 1 1
 0.88469 1 1 1 1
 0.88469 1 1 1 1
 0.88469 1 1 1 1
 0.88469 1 1 1 1
 0.88469 1 1 1 1
 0.88469 1 1 1 1
 0.88469 1 1 1 1
 0.88469 1 1 1 1
 0.88469 1 1 1 1
 0.88469 1 1 1 1
 0.88469 1 1 1 1
 0.88469 1 1 1 1
 0.88469 1 1 1 1
 0.88469 1 1 1 1
 0.88469 1 1 1 1
 0.88469 1 1 1 1
 0.88469 1 1 1 1
 0.88469 1 1 1 1
 0.88469 1 1 1 1
 0.88469 1 1 1 1
 0.88469 1 1 1 1
 0.88469 1 1 1 1
 0.88469 1 1 1 1
 0.88469 1 1 1 1
 0.88469 1 1 1 1
 0.88469 1 1 1 1
 0.88469 1 1 1 1
 0.88469 1 1 1 1
 0.88469 1 1 1 1
Sel_reclas
 1 1 1 1 1
 1 1 1 1 1
 1 1 1 1 1
 1 1 1 1 1
 1 1 1 1 1
 1 1 1 1 1
 1 1 1 1 1
 1 1 1 1 1
 1 1 1 1 1
 1 1 1 1 1
 1 1 1 1 1
 1 1 1 1 1
 1 1 1 1 1
 1 1 1 1 1
 1 1 1 1 1
 1 1 1 1 1
 1 1 1 1 1
 1 1 1 1 1
 1 1 1 1 1
 1 1 1 1 1
 1 1 1 1 1
 1 1 1 1 1
 1 1 1 1 1
 1 1 1 1 1
 1 1 1 1 1
 1 1 1 1 1
 1 1 1 1 1
 1 1 1 1 1
 1 1 1 1 1
 1 1 1 1 1
 1 1 1 1 1
Sel_pelaces
 0.679855 0.914437 0.981747 0.996319 0.999266
 0.679855 0.914437 0.981747 0.996319 0.999266
 0.679855 0.914437 0.981747 0.996319 0.999266
 0.679855 0.914437 0.981747 0.996319 0.999266
 0.679855 0.914437 0.981747 0.996319 0.999266
 0.679855 0.914437 0.981747 0.996319 0.999266
 0.679855 0.914437 0.981747 0.996319 0.999266
 0.679855 0.914437 0.981747 0.996319 0.999266
 0.679855 0.914437 0.981747 0.996319 0.999266
 0.679855 0.914437 0.981747 0.996319 0.999266
 0.679855 0.914437 0.981747 0.996319 0.999266
 0.679855 0.914437 0.981747 0.996319 0.999266
 0.679855 0.914437 0.981747 0.996319 0.999266
 0.679855 0.914437 0.981747 0.996319 0.999266
 0.679855 0.914437 0.981747 0.996319 0.999266
 0.679855 0.914437 0.981747 0.996319 0.999266
 0.679855 0.914437 0.981747 0.996319 0.999266
 0.679855 0.914437 0.981747 0.996319 0.999266
 0.679855 0.914437 0.981747 0.996319 0.999266
 0.679855 0.914437 0.981747 0.996319 0.999266
 0.679855 0.914437 0.981747 0.996319 0.999266
 0.679855 0.914437 0.981747 0.996319 0.999266
 0.679855 0.914437 0.981747 0.996319 0.999266
 0.679855 0.914437 0.981747 0.996319 0.999266
 0.679855 0.914437 0.981747 0.996319 0.999266
 0.679855 0.914437 0.981747 0.996319 0.999266
 0.679855 0.914437 0.981747 0.996319 0.999266
 0.679855 0.914437 0.981747 0.996319 0.999266
 0.679855 0.914437 0.981747 0.996319 0.999266
 0.679855 0.914437 0.981747 0.996319 0.999266
 0.679855 0.914437 0.981747 0.996319 0.999266
pf_obs 
 0.8446 0.082 0.0669 0.0065 0
 0.8095 0.147 0.0364 0.0071 0
 0.9664 0.0169 0.016 0.0007 0
 0.9276 0.0648 0.0075 0.0001 0
 0.7033 0.2144 0.0806 0.0017 0
 0.9318 0.0425 0.0243 0.0014 0
 0.5671 0.3108 0.0964 0.0239 0.0018
 0.0768 0.2599 0.5324 0.112 0.0189
 0.490249 0.384438 0.106611 0.0170017 0.00170017
 0.7925 0.1577 0.0466 0.003 0.0002
 0.840416 0.127587 0.0312969 0.00059994 9.999e-05
 0.8084 0.0986 0.0794 0.0134 0.0002
 0.7335 0.1905 0.0724 0.0035 0.0001
 0.4001 0.4547 0.1325 0.0127 0
 0.49795 0.308269 0.164784 0.0264974 0.00249975
 0.9179 0.0499 0.0305 0.0017 0
 0.2467 0.6533 0.0926 0.0074 0
 0.9418 0.0223 0.034 0.0019 0
 0.707729 0.231977 0.0356964 0.0245975 0
 0.517169 0.277429 0.184464 0.0207286 0.00020938
 0.811772 0.124168 0.05621 0.00726502 0.000585176
 0.764997 0.148141 0.077277 0.00933861 0.000247198
 0.163321 0.427699 0.378323 0.0303852 0.000271297
 0.753843 0.0900009 0.118128 0.0371064 0.000921714
 0.721811 0.176058 0.0630433 0.0369309 0.00215725
 0.143369 0.312575 0.442814 0.0836902 0.0175525
 0.692698 0.0596174 0.167031 0.0765114 0.00414204
 0.394062 0.376323 0.152708 0.0712218 0.00568511
 0.125707 0.32114 0.495352 0.0537591 0.00404204
 0.23352 0.215282 0.420074 0.123614 0.00750983
 0.774587 0.0839891 0.0768558 0.0609784 0.00358967
pf_pred 
 0.42616 0.105151 0.445696 0.0229918 7.45096e-07
 0.410383 0.269913 0.0585828 0.248312 0.0128099
 0.547298 0.200484 0.115459 0.0250597 0.111699
 0.777144 0.129224 0.0414657 0.0238802 0.0282855
 0.648638 0.281026 0.0407845 0.013087 0.016464
 0.728885 0.183531 0.070051 0.0101663 0.00736613
 0.464665 0.403637 0.0891533 0.0340284 0.00851665
 0.423918 0.287879 0.217302 0.0479965 0.0229045
 0.495452 0.229438 0.137477 0.103773 0.0338589
 0.648043 0.186089 0.075427 0.0451952 0.045246
 0.772606 0.154299 0.0386472 0.0156648 0.0187829
 0.717379 0.224414 0.0394964 0.00989263 0.00881767
 0.664934 0.249726 0.0677646 0.0119264 0.00564981
 0.603625 0.275693 0.0899443 0.024407 0.00633047
 0.699345 0.192222 0.0754191 0.0246053 0.00840858
 0.915153 0.0617924 0.0147396 0.00578313 0.0025315
 0.439004 0.519186 0.0304495 0.00726325 0.00409721
 0.877512 0.0578399 0.0598296 0.00350892 0.00130915
 0.61198 0.345837 0.0199194 0.0206046 0.00165928
 0.594029 0.26178 0.128516 0.00740219 0.00827343
 0.743359 0.160904 0.0617332 0.0303067 0.00369664
 0.743418 0.197098 0.0372942 0.0143084 0.00788125
 0.341548 0.506219 0.116941 0.0221271 0.0131654
 0.744397 0.0949935 0.123477 0.0285242 0.00860855
 0.623333 0.289399 0.0324327 0.0421576 0.0126779
 0.452093 0.35798 0.145924 0.0163536 0.0276497
 0.729352 0.131025 0.0912244 0.0371859 0.0112134
 0.685974 0.236847 0.0373635 0.0260139 0.0138017
 0.382573 0.440255 0.133628 0.0210803 0.0224638
 0.456256 0.224814 0.227412 0.0690252 0.0224926
 0.830365 0.0829465 0.035842 0.0362563 0.0145906
pobs_RECLAS
 0 0 0 0 0
 0 0 0 0 0
 0 0 0 0 0
 0 0 0 0 0
 0 0 0 0 0
 0 0 0 0 0
 0 0 0 0 0
 0 0 0 0 0
 0 0 0 0 0
 0 0 0 0 0
 0.991045 0.00858322 0.000360255 1.14367e-05 0
 0.934742 0.0480273 0.0164251 0.00080598 0
 0.827803 0.169806 0.00239088 0 0
 0.941827 0.0461693 0.0120037 0 0
 0.791401 0.0380133 0.147996 0.0225897 0
 0.846168 0.0940531 0.0597789 0 0
 0.134021 0.677848 0.182769 0.00536245 0
 0.80878 0.0450904 0.141981 0.00414843 0
 0.846168 0.0940531 0.0597789 0 0
 0.905697 0.0802665 0.012482 0.00150086 5.37128e-05
 0.989698 0.0102097 9.19794e-05 0 0
 0.975433 0.0193895 0.00387452 0.00125025 5.28907e-05
 0.303575 0.632131 0.0575291 0.00676475 0
 0.966965 0.00978017 0.0227588 0.000495775 0
 0.843318 0.132988 0.00938335 0.0141283 0.000182051
 0.564624 0.303363 0.111486 0.0197234 0.00080311
 0.826376 0.0876187 0.0782897 0.00655872 0.00115652
 0.89761 0.0855135 0.0140674 0.00269457 0.000114338
 0.34875 0.467042 0.161289 0.0227151 0.000203297
 0.318654 0.224769 0.449479 0.00709798 0
 0.937255 0.0296025 0.0250945 0.00804832 0
ppred_RECLAS
 0.45657 0.0995783 0.422077 0.0217734 7.0561e-07
 0.440718 0.256026 0.0555688 0.235536 0.0121508
 0.577819 0.186967 0.107675 0.0233702 0.104168
 0.797995 0.117134 0.037586 0.0216459 0.025639
 0.676164 0.25901 0.0375894 0.0120617 0.0151742
 0.752652 0.167443 0.0639102 0.00927509 0.0067204
 0.495989 0.380019 0.0839365 0.0320372 0.00801831
 0.454177 0.272758 0.205888 0.0454754 0.0217014
 0.526479 0.215329 0.129023 0.0973916 0.0317768
 0.675961 0.171328 0.0694439 0.0416102 0.0416569
 0.793504 0.140119 0.0350955 0.0142252 0.0170568
 0.742189 0.204714 0.0360292 0.00902422 0.00804362
 0.692313 0.22932 0.0622274 0.0109519 0.00518815
 0.63379 0.254712 0.0830993 0.0225495 0.00584871
 0.725113 0.175748 0.0689552 0.0224965 0.00768791
 0.924412 0.0550493 0.0131311 0.00515205 0.00225525
 0.469818 0.490669 0.028777 0.0068643 0.00387216
 0.890277 0.0518123 0.0535946 0.00314325 0.00117272
 0.64135 0.31966 0.0184116 0.019045 0.00153369
 0.623826 0.242566 0.119083 0.0068589 0.00766618
 0.766371 0.146477 0.0561979 0.0275892 0.00336518
 0.766532 0.179343 0.0339346 0.0130195 0.00717128
 0.369925 0.484402 0.111901 0.0211734 0.012598
 0.767203 0.0865175 0.11246 0.0259791 0.00784043
 0.6519 0.267451 0.029973 0.0389603 0.0117164
 0.482813 0.337909 0.137742 0.0154367 0.0260995
 0.753058 0.119548 0.083234 0.0339288 0.0102312
 0.711943 0.21726 0.0342736 0.0238626 0.0126604
 0.412133 0.419177 0.12723 0.020071 0.0213883
 0.487116 0.212055 0.214506 0.0651077 0.021216
 0.847095 0.0747658 0.032307 0.0326804 0.0131516
pobs_PELACES
 0 0 0 0 0
 0 0 0 0 0
 0 0 0 0 0
 0 0 0 0 0
 0 0 0 0 0
 0 0 0 0 0
 0 0 0 0 0
 0 0 0 0 0
 0 0 0 0 0
 0 0 0 0 0
 0 0 0 0 0
 0 0 0 0 0
 0 0 0 0 0
 0 0 0 0 0
 0 0 0 0 0
 0 0 0 0 0
 0.505614 0.472636 0.0217494 0 0
 0 0 0 0 0
 0.443492 0.261883 0.143347 0.151278 0
 0.227955 0.32914 0.350689 0.0885471 0.00366901
 0.970185 0.0296113 0.000203453 0 0
 0.997202 0.00247181 0.000326279 0 0
 0.445219 0.490057 0.0546422 0.010081 0
 0.90214 0.0892962 0.00764917 0.000914606 0
 0 0 0 0 0
 0.581667 0.319106 0.0959925 0.00289975 0.000334073
 0.762889 0.0836404 0.116647 0.0363945 0.000428098
 0.88444 0.0763242 0.0277011 0.0115352 0
 0.521256 0.241999 0.230069 0.00667565 0
 0.616807 0.101726 0.260614 0.0208532 0
 0.833518 0.0704572 0.0857862 0.0102388 0
ppred_PELACES
 0.371365 0.108593 0.49417 0.0258708 8.40874e-07
 0.360105 0.279768 0.0651916 0.280426 0.0145094
 0.494338 0.213963 0.132292 0.0291394 0.130268
 0.740855 0.145176 0.0500133 0.0292304 0.0347251
 0.60493 0.31094 0.0484474 0.0157766 0.0199064
 0.689233 0.205264 0.0841127 0.0123882 0.00900261
 0.420222 0.428816 0.101686 0.0393882 0.00988728
 0.373575 0.301311 0.244182 0.0547343 0.0261971
 0.443199 0.242367 0.155914 0.119436 0.0390848
 0.600662 0.203176 0.0884148 0.0537638 0.0539834
 0.736127 0.174456 0.0469124 0.0192971 0.0232068
 0.680386 0.249715 0.0471842 0.0119936 0.010722
 0.623656 0.275087 0.0801414 0.0143141 0.00680095
 0.560824 0.298391 0.104515 0.0287818 0.00748728
 0.65838 0.212384 0.0894632 0.0296204 0.0101524
 0.899897 0.0713578 0.0182742 0.00727635 0.00319456
 0.397287 0.554559 0.0349182 0.0084528 0.00478234
 0.853865 0.0663837 0.0737218 0.00438786 0.00164191
 0.570992 0.378984 0.0234354 0.0246014 0.001987
 0.547793 0.283976 0.149674 0.00874885 0.00980751
 0.704529 0.17992 0.0741102 0.0369229 0.00451698
 0.707325 0.220731 0.0448401 0.0174589 0.009645
 0.301139 0.527818 0.130905 0.0251371 0.0150006
 0.701143 0.105913 0.147805 0.0346509 0.0104885
 0.578331 0.317783 0.0382352 0.0504377 0.0152128
 0.404111 0.379109 0.165912 0.0188696 0.0319981
 0.686235 0.145922 0.109074 0.0451221 0.0136468
 0.643806 0.263319 0.0445971 0.0315111 0.0167677
 0.338475 0.461381 0.150348 0.0240701 0.0257256
 0.404188 0.23551 0.255768 0.0787843 0.0257486
 0.79873 0.0943872 0.0437877 0.0449513 0.0181433
pobs_pel_tallas
 0 0 0 0 0 0 0 0 0 0 0 0 0 0 0 0 0 0 0 0 0 0 0 0 0 0
 0 0 0 0 0 0 0 0 0 0 0 0 0 0 0 0 0 0 0 0 0 0 0 0 0 0
 0 0 0 0 0 0 0 0 0 0 0 0 0 0 0 0 0 0 0 0 0 0 0 0 0 0
 0 0 0 0 0 0 0 0 0 0 0 0 0 0 0 0 0 0 0 0 0 0 0 0 0 0
 0 0 0 0 0 0 0 0 0 0 0 0 0 0 0 0 0 0 0 0 0 0 0 0 0 0
 0 0 0 0 0 0 0 0 0 0 0 0 0 0 0 0 0 0 0 0 0 0 0 0 0 0
 0 0 0 0 0 0 0 0 0 0 0 0 0 0 0 0 0 0 0 0 0 0 0 0 0 0
 0 0 0 0 0 0 0 0 0 0 0 0 0 0 0 0 0 0 0 0 0 0 0 0 0 0
 0 0 0 0 0 0 0 0 0 0 0 0 0 0 0 0 0 0 0 0 0 0 0 0 0 0
 0 0 0 0 0 0 0 0 0 0 0 0 0 0 0 0 0 0 0 0 0 0 0 0 0 0
 0 0 0 0 0 0 0 0 0 0 0 0 0 0 0 0 0 0 0 0 0 0 0 0 0 0
 0 0 0 0 0 0 0 0 0 0 0 0 0 0 0 0 0 0 0 0 0 0 0 0 0 0
 0.00862536 0 0 0.000197151 0.00414017 0.0128641 0.00837892 0.0270097 0.101434 0.158115 0.152841 0.127902 0.109271 0.109419 0.0830992 0.0579132 0.0238553 0.00714673 0.00463305 0.00128148 0.00103504 0.000492878 0.000147863 0.000147863 4.92878e-05 0
 0 0 0 0 0 0 0 0 0 0 0 0 0 0 0 0 0 0 0 0 0 0 0 0 0 0
 0 0 0 0 0 0 0 0.0054083 0.00873648 0.0413646 0.0450493 0.0745869 0.0622846 0.0627006 0.0613931 0.0827291 0.12552 0.122667 0.0946155 0.0697135 0.0546179 0.0294188 0.0215738 0.0213955 0.0102223 0.00600262
 0 0 0 0 0.00359764 0.0251062 0.0480494 0.140153 0.205849 0.193036 0.1447 0.116669 0.0760912 0.0342217 0.00950174 0.001854 0.000860785 0 0 0 0.000165536 0 0.000143464 0 0 0
 0 0 0 0 0 0 0 0.000145254 0.000435761 0.0275982 0.070085 0.0708112 0.156366 0.174668 0.174014 0.160142 0.0824315 0.0480064 0.0283245 0.00493863 0.00203355 0 0 0 0 0
 0 0 0 0 0 0 0 0 0 0 0 0 0 0 0 0 0 0 0 0 0 0 0 0 0 0
 0 0 1.00437e-05 0.000401748 0.00122533 0.00171747 0.00176769 0.0269171 0.070346 0.194647 0.189555 0.159765 0.064822 0.0314167 0.0384472 0.0292271 0.0345202 0.0313363 0.0194345 0.0106764 0.0143323 0.0359363 0.0279516 0.0138201 0.00172751 0
 0 0.0021121 0.0136068 0.0755702 0.200478 0.177729 0.0527432 0.0373336 0.0318909 0.0142505 0.0149659 0.0166563 0.0217959 0.0798694 0.0677717 0.0528807 0.04013 0.0224614 0.0357745 0.0225083 0.00881397 0.00855152 0.00135912 0.000746735 0 0
 0 0 0 0 5.4009e-05 0.00500934 0.000945158 0.0243581 0.138947 0.33067 0.221406 0.137944 0.0707744 0.0437923 0.0131692 0.00525238 0.0047753 0.00276346 9.45158e-05 9.00151e-06 2.25038e-05 9.00151e-06 4.50075e-06 0 0 0
 0.000866109 0.00284123 0.00948549 0.0512746 0.133035 0.25785 0.225252 0.132002 0.0553304 0.0519788 0.0540692 0.017754 0.00435017 0.00159236 0.00146478 0.000404838 0.000125132 0.000115318 0.000107957 0.000100596 0 0 0 0 0 0
 0 0 0 0 0.00144013 0.00171154 0.00461396 0.0210425 0.0478622 0.0707936 0.0888783 0.103762 0.0637923 0.0337046 0.0602308 0.124433 0.169614 0.0934646 0.0462172 0.0250306 0.0313229 0.00938855 0.002487 0.000210481 0 0
 0 0.00764035 0.051015 0.0998891 0.058973 0.0496711 0.0374665 0.0718981 0.12319 0.153886 0.159021 0.0857701 0.0377988 0.023471 0.0147837 0.00900784 0.00315554 0.000888139 0.00291439 0.00214683 0.00393193 0.00274676 0.000635225 9.99891e-05 0 0
 0 0 0 0 0 0 0 0 0 0 0 0 0 0 0 0 0 0 0 0 0 0 0 0 0 0
 0 0 0 0 0 0 0 0 0 0 0 0 0 0 0 0 0 0 0 0 0 0 0 0 0 0
 0 0 0 0 0 0 0 0 0 0 0 0 0 0 0 0 0 0 0 0 0 0 0 0 0 0
 0 0 0 0 0 0 0 0 0 0 0 0 0 0 0 0 0 0 0 0 0 0 0 0 0 0
 0 0 0 0 0 0 0 0 0 0 0 0 0 0 0 0 0 0 0 0 0 0 0 0 0 0
 0 0 0 0 0 0 0 0 0 0 0 0 0 0 0 0 0 0 0 0 0 0 0 0 0 0
 0 0 0 0 0 0 0 0 0 0 0 0 0 0 0 0 0 0 0 0 0 0 0 0 0 0
ppred_pel_tallas
 1.16884e-16 3.05889e-05 0.000297335 0.0019759 0.00898214 0.0279468 0.0595441 0.0869087 0.0869199 0.0595992 0.0281341 0.00953263 0.00339348 0.00351016 0.00647794 0.01156 0.0187372 0.0278968 0.0387762 0.0509905 0.0637963 0.0757037 0.0844325 0.0875851 0.0837805 0.0734881
 1.32532e-16 2.96614e-05 0.00028832 0.00191599 0.00870981 0.0270996 0.0577396 0.0842783 0.0843054 0.0578721 0.027545 0.00999828 0.00515848 0.00739552 0.0136173 0.0227168 0.0333575 0.0434039 0.050832 0.0550468 0.0573588 0.0600478 0.0646653 0.0708713 0.0765829 0.0791638
 1.2884e-16 4.0718e-05 0.000395793 0.00263019 0.0119565 0.0372011 0.0792616 0.115689 0.11571 0.0793634 0.0375435 0.0129479 0.00512861 0.00588301 0.0105614 0.0176627 0.0260855 0.034212 0.0404694 0.0442873 0.0464672 0.0485446 0.0516301 0.0556371 0.0593823 0.0613091
 1.10289e-16 6.10233e-05 0.000593168 0.00394181 0.0179189 0.0557524 0.118787 0.173376 0.17339 0.118856 0.0559833 0.0185865 0.00562082 0.00426931 0.00707541 0.011689 0.0170481 0.0219124 0.0250817 0.0260643 0.0253792 0.02417 0.023431 0.0234486 0.0238002 0.023764
 1.06429e-16 4.98273e-05 0.000484339 0.00321861 0.0146313 0.0455237 0.0969941 0.141572 0.141602 0.0971406 0.0460156 0.0160525 0.0067865 0.00827548 0.014854 0.0244981 0.0353367 0.0445526 0.0493157 0.0483453 0.0426789 0.0349578 0.0278205 0.0226494 0.0193988 0.0172458
 1.05246e-16 5.67712e-05 0.000551837 0.00366715 0.0166703 0.0518677 0.11051 0.161297 0.161317 0.110608 0.0521942 0.0176143 0.00604099 0.00574815 0.00996721 0.016497 0.0240139 0.0307316 0.0348535 0.0355328 0.0333248 0.0297033 0.0260612 0.0230081 0.0203887 0.017774
 1.08668e-16 3.46132e-05 0.000336453 0.00223585 0.0101639 0.0316238 0.0673793 0.0983508 0.0983922 0.0675817 0.0323034 0.0121279 0.00716943 0.0111188 0.0205488 0.0340133 0.0492238 0.0623903 0.0696663 0.0692858 0.0625825 0.0529928 0.0438807 0.0369059 0.0318942 0.0277975
 1.17046e-16 3.07709e-05 0.000299104 0.00198765 0.00903561 0.0281133 0.0598994 0.0874311 0.0874605 0.0600431 0.0285967 0.0104361 0.00551938 0.00806272 0.0149338 0.0250558 0.037067 0.0486673 0.0574897 0.062407 0.0640426 0.0639793 0.063371 0.0621657 0.0594579 0.0544474
 1.23154e-16 3.65057e-05 0.000354849 0.0023581 0.0107196 0.0333527 0.0710623 0.103722 0.103746 0.0711777 0.0337409 0.011844 0.00519248 0.00658283 0.0119857 0.0200808 0.0297016 0.0390338 0.0462839 0.0507428 0.0531755 0.0550973 0.0575102 0.0601378 0.0616736 0.0606864
 1.17131e-16 4.94757e-05 0.000480922 0.0031959 0.0145281 0.0452024 0.0963092 0.14057 0.14059 0.0964055 0.0455262 0.0154649 0.00555375 0.00564911 0.00992789 0.0165044 0.0241822 0.0313101 0.0362707 0.0384165 0.0384652 0.0379355 0.0380641 0.0390568 0.0401419 0.0401993
 1.07261e-16 6.06339e-05 0.000589383 0.00391666 0.0178046 0.0553967 0.118029 0.172271 0.172287 0.118112 0.0556735 0.0186046 0.00592712 0.00498584 0.00843314 0.0139071 0.0201763 0.0256962 0.0289455 0.0292566 0.0272122 0.0242179 0.0215965 0.0199138 0.0189357 0.0180517
 1.04443e-16 5.60425e-05 0.000544753 0.00362008 0.0164564 0.051202 0.109092 0.159228 0.159252 0.10921 0.0515973 0.0175985 0.00648804 0.00680915 0.011964 0.0197188 0.0284684 0.0359461 0.0398802 0.0392294 0.034793 0.0286411 0.0228399 0.018471 0.0155154 0.0133781
 1.0497e-16 5.13698e-05 0.000499333 0.00331824 0.0150843 0.0469329 0.0999965 0.145953 0.14598 0.100126 0.0473693 0.0163456 0.00648747 0.00742845 0.0132423 0.0218927 0.0317232 0.0402924 0.0451331 0.0450912 0.0409706 0.0349006 0.0289691 0.0242124 0.0205592 0.0174403
 1.07246e-16 4.61944e-05 0.000449026 0.00298394 0.0135646 0.0422046 0.0899223 0.13125 0.131279 0.0900634 0.0426786 0.0149351 0.00642915 0.00798688 0.0144118 0.0238834 0.034708 0.0442941 0.0500169 0.0506541 0.0470584 0.0414522 0.0359502 0.0315003 0.0278783 0.0243992
 1.07325e-16 5.42299e-05 0.000527134 0.00350299 0.0159241 0.0495459 0.105564 0.154078 0.154098 0.105664 0.0498839 0.0169016 0.00596165 0.0059111 0.0103287 0.0171196 0.0249631 0.0320418 0.0365336 0.0375998 0.0358388 0.0327661 0.0297639 0.0273535 0.0252356 0.0228394
 1.01817e-16 7.41234e-05 0.000720505 0.00478801 0.0217656 0.0677209 0.144287 0.210592 0.210599 0.144321 0.0678341 0.0220926 0.00560962 0.00251661 0.00349273 0.00567675 0.00821772 0.0104354 0.0116914 0.0116969 0.0106757 0.00919562 0.0078057 0.00676542 0.00602679 0.0053988
 1.02807e-16 3.27241e-05 0.00031809 0.00211383 0.00960918 0.029898 0.0637028 0.0929873 0.0930407 0.0639636 0.0307735 0.0121369 0.0084553 0.0141502 0.0262687 0.0432876 0.0621477 0.0777184 0.0847917 0.0809684 0.068111 0.0511317 0.0351274 0.0230677 0.0153539 0.0108436
 1.02863e-16 7.03317e-05 0.000683649 0.00454309 0.0206522 0.0642568 0.136906 0.19982 0.199826 0.136938 0.0643639 0.0209628 0.00532734 0.00241156 0.00339836 0.00562759 0.00838025 0.0111203 0.0133304 0.0147379 0.0154105 0.0155884 0.0154143 0.0148151 0.0136235 0.0117915
 1.03577e-16 4.70319e-05 0.000457167 0.00303804 0.0138105 0.0429698 0.091553 0.133632 0.133668 0.0917313 0.0435682 0.0155384 0.00737332 0.00991466 0.0179899 0.0296186 0.042553 0.0532898 0.0583006 0.0559827 0.0476375 0.0366231 0.0263775 0.0188328 0.0141306 0.0113621
 1.0693e-16 4.5121e-05 0.000438593 0.0029146 0.0132494 0.0412239 0.0878329 0.1282 0.128228 0.0879675 0.0416765 0.0145588 0.00620968 0.00765871 0.0138362 0.0230075 0.0336144 0.0432588 0.049486 0.0511031 0.0487797 0.0443819 0.0396383 0.0352523 0.0310014 0.0264364
 1.06652e-16 5.80312e-05 0.000564084 0.00374854 0.0170403 0.0530188 0.112963 0.164876 0.164894 0.113048 0.0533052 0.0178685 0.00583166 0.00512605 0.00876499 0.0145122 0.0211695 0.027196 0.03106 0.0320666 0.030736 0.0283537 0.0260716 0.0242886 0.0226927 0.0207462
 1.04734e-16 5.82615e-05 0.000566322 0.00376341 0.0171079 0.0532293 0.113411 0.165532 0.165553 0.113515 0.0535789 0.018118 0.00630026 0.00610879 0.0105979 0.0174644 0.0252393 0.0319269 0.0355363 0.035162 0.0315149 0.02641 0.0216352 0.0180902 0.015697 0.0138832
 1.08972e-16 2.48045e-05 0.000241109 0.00160226 0.00728365 0.0226624 0.0482866 0.0704863 0.0705373 0.0485356 0.023499 0.00970112 0.00767489 0.0135125 0.0252731 0.0418563 0.0605602 0.0767166 0.0855617 0.0848792 0.0762661 0.0639269 0.052024 0.0426864 0.0358424 0.0303595
 1.09543e-16 5.77522e-05 0.000561372 0.00373052 0.0169584 0.0527639 0.112419 0.164082 0.164092 0.11247 0.0529359 0.0174581 0.00499552 0.0033582 0.00547335 0.00922957 0.0139288 0.0188585 0.0233058 0.0269142 0.0297858 0.0321685 0.0340195 0.0348693 0.0341121 0.0314513
 1.08818e-16 4.76364e-05 0.000463043 0.00307708 0.013988 0.043522 0.0927294 0.135348 0.135378 0.0928791 0.0440247 0.01544 0.0067224 0.00842302 0.0151725 0.0250305 0.0361147 0.0455683 0.0505376 0.0497739 0.0444075 0.0371876 0.0307976 0.0265429 0.0241811 0.0226433
 1.12193e-16 3.32862e-05 0.000323553 0.00215013 0.00977419 0.0304113 0.0647959 0.0945792 0.0946159 0.0649754 0.0310146 0.011519 0.00653869 0.00993308 0.0183696 0.0305414 0.0445213 0.0570973 0.0649894 0.066661 0.0631444 0.0571369 0.0511507 0.046225 0.0419757 0.037523
 1.1002e-16 5.65243e-05 0.000549436 0.0036512 0.0165978 0.0516421 0.110029 0.160594 0.160608 0.110099 0.051876 0.0172756 0.00536008 0.00430534 0.00726485 0.0121194 0.0179228 0.0235369 0.0278356 0.0303139 0.0313281 0.0316939 0.0319833 0.0321189 0.0315401 0.0296971
 1.07353e-16 5.30295e-05 0.000515465 0.00342545 0.0155716 0.0484492 0.103227 0.150668 0.150694 0.103351 0.0488661 0.016776 0.00644987 0.00712215 0.0126137 0.0208062 0.0300596 0.0380099 0.0422987 0.0418798 0.037653 0.0318381 0.0265997 0.0229877 0.0208179 0.0192665
 1.11225e-16 2.78798e-05 0.000271002 0.0018009 0.00818668 0.025472 0.0542725 0.0792216 0.0792662 0.0544905 0.0262045 0.0103042 0.00712285 0.0119113 0.0222012 0.0368325 0.0534634 0.0680892 0.0766232 0.0771638 0.0710574 0.0618219 0.0528527 0.0457506 0.0402611 0.0353307
 1.197e-16 3.32925e-05 0.000323615 0.00215054 0.00977604 0.030417 0.0648075 0.0945933 0.0946164 0.0649205 0.0307973 0.0108791 0.00493775 0.00646918 0.011885 0.0200693 0.0300228 0.0401104 0.0486527 0.0548614 0.0591436 0.0624219 0.0650776 0.0664759 0.0654327 0.0611252
 1.08867e-16 6.57904e-05 0.000639506 0.00424974 0.0193187 0.0601078 0.128066 0.186918 0.186928 0.128111 0.0602584 0.0197547 0.00534755 0.00304769 0.0046746 0.0077191 0.0113447 0.0147741 0.0172828 0.0185967 0.0190582 0.0193478 0.0199714 0.0209198 0.0217219 0.0217758
pSPR Fmed_Fpbrs
0.744701   0.194005 0.194005
Fs Fmed_Fpbrs
0.147715   1.005 1.005
SSBpbr Bo_Bmed_Bpbrs
2.50372e+06  1.73934e+06  360547 360547
Ro
245553
SPR SPRFo_SPRFmed_SPRFpbrs
1.7552e+06 1.3071e+06 340517
Fref
1.005
Nvult_r0
 298916 26748.4 11558.2 11691.8 4705.15
CTP_r0
 28843.5 2881.22 1245 1259.39 506.819
YTP_r0
391301
Np
 324017 147637 12940.3 5591.62 7500.45
Nvult_p0
 275024 127756 11197.8 4838.65 6490.44
CTP_p0
 129440 64037.5 5612.84 2425.36 3253.31
YTP_p0
 2.31906e+06
CBA_c0
969630
log_Ro
12.2313
likeval ReclasPelacesDesembMPH_pf_preclas_ppelaces_ptallas_desvR_qrecl_qpela
 18.6449 18.232 0.146152 0.000801593 242.041 121.238 100.215 0 20.2059 1.2592e-05 0 0.741684 0 0 0
q_reclas_q_pelaces
0.60481 1
M
1
N
 256283 56167.8 238075 12281.4 0.398004
 149331 87507.4 18992.9 80504.3 4153.05
 147357 48081 27690 6009.95 26788.2
 321192 47684.8 15301.1 8811.98 10437.6
 258193 99259 14405.2 4622.34 5815.13
 401143 89886.9 34308.4 4979.08 3607.66
 169914 132142 29186.9 11140.2 2788.17
 82596.4 49716.5 37527.8 8288.95 3955.59
 71102.2 29344.2 17582.8 13272.1 4330.41
 88804 22776.7 9232.03 5531.76 5537.97
 153707 27232.2 6820.84 2764.67 3315
 191674 53739 9457.94 2368.93 2111.51
 163191 54881.7 14892.5 2621.05 1241.65
 115538 47561.5 15516.8 4210.59 1092.11
 119399 29404.9 11537.1 3763.96 1286.29
 568589 34380.7 8200.96 3217.67 1408.5
 156948 165495 9706.05 2315.22 1306.02
 847332 49826.8 51540.9 3022.8 1127.78
 525416 265869 15313.4 15840.2 1275.61
 388838 153232 75226.3 4332.86 4842.83
 603310 116477 44688.2 21938.8 2675.97
 802579 190182 35985.5 13806.4 7604.69
 184116 242875 56106 10616.2 6316.52
 533091 60492.5 78631 18164.4 5481.98
 431630 178226 19973.6 25962.6 7807.64
 204474 143854 58639.2 6571.65 11111
 434683 69442 48348.2 19708.2 5943.01
 473185 145181 22902.8 15945.8 8460.06
 156701 160250 48639.8 7673.11 8176.68
 120893 53019.7 53632.5 16278.8 5304.61
 446553 39688.7 17149.8 17348.1 6981.4
pred_Ctot
 11710.5 2889.45 12247.3 631.795 0.0204746
 11907.5 7831.68 1699.82 7204.92 371.687
 11329.5 4150.16 2390.1 518.755 2312.25
 32942.3 5477.68 1757.68 1012.26 1198.99
 8797.44 3811.54 553.158 177.498 223.301
 26753.5 6736.47 2571.2 373.151 270.372
 22392.7 19451.8 4296.4 1639.87 410.428
 1794.48 1218.62 919.855 203.173 96.9565
 5874.3 2720.32 1629.99 1230.38 401.447
 9481.98 2722.8 1103.63 661.284 662.026
 4842.89 967.186 242.251 98.1908 117.736
 27412.3 8575.25 1509.22 378.015 336.938
 21842.9 8203.43 2226.05 391.78 185.595
 23190.1 10591.6 3455.49 937.668 243.205
 16729.5 4598.3 1804.16 588.602 201.148
 76495 5165.05 1232.04 483.395 211.601
 13758 16270.8 954.259 227.623 128.403
 79807 5260.36 5441.31 319.125 119.063
 70144.1 39639.2 2283.12 2361.66 190.184
 46422.4 20457.7 10043.3 578.47 646.555
 55270.8 11963.7 4590.03 2253.38 274.855
 91444.2 24244.1 4587.37 1760.01 969.433
 12555.7 18609.2 4298.87 813.416 483.975
 30977.1 3953.04 5138.35 1187 358.234
 25869.1 12010.4 1346 1749.59 526.148
 9996.26 7915.31 3226.53 361.595 611.364
 25511.9 4583.1 3190.93 1300.72 392.232
 23916.3 8257.62 1302.67 906.968 481.194
 8005.55 9212.58 2796.24 441.117 470.067
 8299.26 4089.34 4136.61 1255.56 409.138
 28843.5 2881.22 1245 1259.39 506.819
F
 0.0745584 0.0842763 0.0842763 0.0842763 0.0842763
 0.133279 0.150651 0.150651 0.150651 0.150651
 0.128245 0.14496 0.14496 0.14496 0.14496
 0.174306 0.197025 0.197025 0.197025 0.197025
 0.0551535 0.0623422 0.0623422 0.0623422 0.0623422
 0.110439 0.124834 0.124834 0.124834 0.124834
 0.228954 0.258796 0.258796 0.258796 0.258796
 0.0348728 0.0394181 0.0394181 0.0394181 0.0394181
 0.138378 0.156414 0.156414 0.156414 0.156414
 0.182031 0.205757 0.205757 0.205757 0.205757
 0.0509106 0.0575463 0.0575463 0.0575463 0.0575463
 0.250615 0.28328 0.28328 0.28328 0.28328
 0.2329 0.263256 0.263256 0.263256 0.263256
 0.368433 0.416455 0.416455 0.416455 0.416455
 0.244981 0.276911 0.276911 0.276911 0.276911
 0.234217 0.264744 0.264744 0.264744 0.264744
 0.14736 0.166567 0.166567 0.166567 0.166567
 0.159087 0.179823 0.179823 0.179823 0.179823
 0.232235 0.262504 0.262504 0.262504 0.262504
 0.205465 0.232246 0.232246 0.232246 0.232246
 0.154449 0.17458 0.17458 0.17458 0.17458
 0.195285 0.220738 0.220738 0.220738 0.220738
 0.113046 0.12778 0.12778 0.12778 0.12778
 0.0956416 0.108107 0.108107 0.108107 0.108107
 0.0987722 0.111646 0.111646 0.111646 0.111646
 0.0799474 0.0903677 0.0903677 0.0903677 0.0903677
 0.0966394 0.109235 0.109235 0.109235 0.109235
 0.0827501 0.0935357 0.0935357 0.0935357 0.0935357
 0.0836741 0.0945801 0.0945801 0.0945801 0.0945801
 0.113837 0.128675 0.128675 0.128675 0.128675
 0.106799 0.120719 0.120719 0.120719 0.120719
nmprior
 8.19 8.8 8.5 0
nm_flota  nm_reclas  nm_pelaces    nm_pelaL
inf 11.2043 11.4476 23.7864
cv_recla  cv_pelaces  cv_mph
0.390576 0.48416 0.87374
 ------------------------------------------------
Talla a la edad & desviaci?n 
 8 13.2811 15.8009 17.003 17.5766
 0.8 1.32811 1.58009 1.7003 1.75766
