years
 1991 1992 1993 1994 1995 1996 1997 1998 1999 2000 2001 2002 2003 2004 2005 2006 2007 2008 2009 2010 2011 2012 2013 2014 2015 2016 2017 2018 2019 2020 2021
reclasobs
 0 0 0 0 0 0 0 0 0 252601 567819 844713 477998 351125 339783 2.1784e+06 2.13404e+06 4.81314e+06 1.55562e+06 2.62356e+06 3.21686e+06 3.843e+06 1.13348e+06 3.07943e+06 1.97215e+06 2.03268e+06 2.025e+06 2.42433e+06 2.27542e+06 1.05018e+06 2.36338e+06
reclaspred
 5.86723e+06 1.55869e+06 1.0367e+06 789994 125082 3.41622e+06 1.18121e+06 298413 1.04784e+06 229913 335892 902690 715663 576016 385239 2.05959e+06 782539 5.29428e+06 2.36215e+06 2.18511e+06 2.73257e+06 3.46078e+06 1.57115e+06 3.11074e+06 2.45959e+06 1.48025e+06 2.11125e+06 4.03085e+06 2.72821e+06 703732 1.26303e+06
pelacesobs
 0 0 0 0 0 0 0 0 0 0 0 0 0 0 0 552880 188675 0 991730 2.46772e+06 1.41603e+06 1.21717e+06 2.29649e+06 1.80582e+06 0 1.4828e+06 1.56532e+06 1.57751e+06 1.42118e+06 867257 1.10002e+06
pelacespred
 4.3686e+06 1.0454e+06 540239 323337 41346.2 2.32916e+06 573520 189560 647065 86752.6 203275 448704 375683 294354 183653 1.06774e+06 338528 3.57853e+06 1.28462e+06 1.06013e+06 1.48566e+06 1.89585e+06 842629 2.18077e+06 1.49865e+06 876945 1.57248e+06 3.09763e+06 1.72498e+06 424424 756113
mphobs
 0 0 0 0 0 0 0 0 0 0 0 498337 0 5186 125008 0 168611 109162 213762 579715 649985 157893 87575 83554 0 0 0 0 0 0 0
mphpred
 1.6988e+06 669542 106458 137587 56767.3 6990.7 460219 94452.8 28043.1 104195 10271.2 44307.9 89176.6 48320.6 26990 24834.6 249949 68242 656332 181640 291737 252111 438943 174652 372380 340506 156119 231984 681825 288931 49703.5
desembarqueobs
 494567 514787 250237 358949 120608 361735 552515 73892 212993 205616 52469 317467 293654 387597 252695 516296 358380 742168 942051 627588 828172 859565 418607 520667 417249 300574 415391 372974 316634 284311 391294
desembarquepred
 494488 514302 250026 358343 120467 361506 551710 73854.7 212799 205333 52443.4 317051 293172 386708 252259 515603 357895 741369 939882 626309 827245 858202 418037 520179 416661 300181 414880 372591 316176 283564 390902
Reclutas
 7054.32 4273.38 172409 55314.1 4748.29 289259 5756.32 1527.58 58048.4 6597.09 32532.3 121290 70552.5 69052.6 40814 270084 8204.71 502537 108164 243799 176266 454238 12067.1 160872 166340 23156.6 125703 215359 19472.3 7276.97 98569.1
log_desv_Rt
 -1.89696 -2.39819 1.29927 0.162432 -2.29281 1.81673 -2.1003 -3.42691 0.210682 -1.96397 -0.368363 0.947593 0.405762 0.384274 -0.141569 1.74814 -1.74589 2.36907 0.833053 1.64575 1.3214 2.26803 -1.36011 1.23001 1.26344 -0.708313 0.983327 1.52171 -0.8816 -1.86588 0.740163
SSB
 1.75467e+06 691562 109959 142112 58634.2 7220.6 475355 97559.1 28965.4 107622 10609 45765.1 92109.4 49909.8 27877.6 25651.4 258169 70486.3 677917 187614 301332 260403 453379 180396 384627 351705 161254 239613 704249 298433 51338.1
BT
 2.17629e+06 973037 428526 386214 113925 1.28196e+06 714034 145110 457556 213739 127890 444373 414444 522472 322250 846579 413719 2.15267e+06 1.3886e+06 926425 1.29267e+06 1.49934e+06 675326 1.3974e+06 970415 602708 1.0851e+06 1.63671e+06 941029 465457 686281
Ftot
 0.297073 1.05407 1.05112 1.5801 2.46363 0.530664 1.41054 0.837492 0.95575 2.35373 0.745552 1.50904 1.58487 2.50464 2.49887 1.17492 1.41729 0.682978 1.35662 1.23266 1.20725 1.08888 0.89321 0.761265 0.697592 0.728706 0.877284 0.435532 0.410963 1.27983 1.38182
BD_Bspro_t
 0.95358 0.628817 0.223539 0.280316 0.10627 0.0196077 0.458869 0.138218 0.0682845 0.222058 0.0415647 0.227878 0.222542 0.114127 0.0635992 0.0616397 0.274056 0.0971667 0.407746 0.159244 0.195483 0.175695 0.274487 0.146619 0.297578 0.327128 0.226341 0.336074 0.565127 0.358263 0.116056
BD_Bspro
 5.22064 2.05759 0.32716 0.422823 0.174453 0.0214833 1.41431 0.290266 0.0861802 0.320204 0.0315648 0.136164 0.274051 0.148496 0.0829438 0.07632 0.768126 0.209717 2.01699 0.558203 0.896547 0.774771 1.34893 0.53673 1.14437 1.04642 0.479774 0.712917 2.09534 0.887922 0.152745
BD_Bo
 1.17632 0.46362 0.0737164 0.0952712 0.0393082 0.00484066 0.318676 0.0654032 0.0194183 0.072149 0.00711224 0.0306808 0.0617498 0.0334593 0.0186891 0.0171966 0.173076 0.0472537 0.454473 0.125775 0.202012 0.174573 0.303943 0.120937 0.257852 0.235781 0.108104 0.160636 0.472125 0.200068 0.0344169
BD_Brms
 6.12472 2.41391 0.383816 0.496045 0.204664 0.0252037 1.65924 0.340533 0.101104 0.375656 0.037031 0.159744 0.32151 0.174211 0.0973076 0.0895368 0.901147 0.246034 2.36629 0.65487 1.05181 0.908942 1.58253 0.629678 1.34255 1.22763 0.562859 0.836376 2.4582 1.04169 0.179197
Sel_flota
 0.664481 1 1 1 1
 0.664481 1 1 1 1
 0.664481 1 1 1 1
 0.664481 1 1 1 1
 0.664481 1 1 1 1
 0.664481 1 1 1 1
 0.664481 1 1 1 1
 0.664481 1 1 1 1
 0.664481 1 1 1 1
 0.664481 1 1 1 1
 0.664481 1 1 1 1
 0.664481 1 1 1 1
 0.664481 1 1 1 1
 0.664481 1 1 1 1
 0.664481 1 1 1 1
 0.664481 1 1 1 1
 0.664481 1 1 1 1
 0.664481 1 1 1 1
 0.664481 1 1 1 1
 0.664481 1 1 1 1
 0.664481 1 1 1 1
 0.664481 1 1 1 1
 0.664481 1 1 1 1
 0.664481 1 1 1 1
 0.664481 1 1 1 1
 0.664481 1 1 1 1
 0.664481 1 1 1 1
 0.664481 1 1 1 1
 0.664481 1 1 1 1
 0.664481 1 1 1 1
 0.664481 1 1 1 1
Sel_reclas
 0.95812 1 1 1 1
 0.95812 1 1 1 1
 0.95812 1 1 1 1
 0.95812 1 1 1 1
 0.95812 1 1 1 1
 0.95812 1 1 1 1
 0.95812 1 1 1 1
 0.95812 1 1 1 1
 0.95812 1 1 1 1
 0.95812 1 1 1 1
 0.95812 1 1 1 1
 0.95812 1 1 1 1
 0.95812 1 1 1 1
 0.95812 1 1 1 1
 0.95812 1 1 1 1
 0.95812 1 1 1 1
 0.95812 1 1 1 1
 0.95812 1 1 1 1
 0.95812 1 1 1 1
 0.95812 1 1 1 1
 0.95812 1 1 1 1
 0.95812 1 1 1 1
 0.95812 1 1 1 1
 0.95812 1 1 1 1
 0.95812 1 1 1 1
 0.95812 1 1 1 1
 0.95812 1 1 1 1
 0.95812 1 1 1 1
 0.95812 1 1 1 1
 0.95812 1 1 1 1
 0.95812 1 1 1 1
Sel_pelaces
 0.948652 1 1 1 1
 0.948652 1 1 1 1
 0.948652 1 1 1 1
 0.948652 1 1 1 1
 0.948652 1 1 1 1
 0.948652 1 1 1 1
 0.948652 1 1 1 1
 0.948652 1 1 1 1
 0.948652 1 1 1 1
 0.948652 1 1 1 1
 0.948652 1 1 1 1
 0.948652 1 1 1 1
 0.948652 1 1 1 1
 0.948652 1 1 1 1
 0.948652 1 1 1 1
 0.948652 1 1 1 1
 0.948652 1 1 1 1
 0.948652 1 1 1 1
 0.948652 1 1 1 1
 0.948652 1 1 1 1
 0.948652 1 1 1 1
 0.948652 1 1 1 1
 0.948652 1 1 1 1
 0.948652 1 1 1 1
 0.948652 1 1 1 1
 0.948652 1 1 1 1
 0.948652 1 1 1 1
 0.948652 1 1 1 1
 0.948652 1 1 1 1
 0.948652 1 1 1 1
 0.948652 1 1 1 1
pf_obs 
 0.8446 0.082 0.0669 0.0065 0
 0.8095 0.147 0.0364 0.0071 0
 0.9664 0.0169 0.016 0.0007 0
 0.9276 0.0648 0.0075 0.0001 0
 0.7033 0.2144 0.0806 0.0017 0
 0.9318 0.0425 0.0243 0.0014 0
 0.5671 0.3108 0.0964 0.0239 0.0018
 0.0768 0.2599 0.5324 0.112 0.0189
 0.490249 0.384438 0.106611 0.0170017 0.00170017
 0.7925 0.1577 0.0466 0.003 0.0002
 0.840416 0.127587 0.0312969 0.00059994 9.999e-05
 0.8084 0.0986 0.0794 0.0134 0.0002
 0.7335 0.1905 0.0724 0.0035 0.0001
 0.4001 0.4547 0.1325 0.0127 0
 0.49795 0.308269 0.164784 0.0264974 0.00249975
 0.9179 0.0499 0.0305 0.0017 0
 0.2467 0.6533 0.0926 0.0074 0
 0.9418 0.0223 0.034 0.0019 0
 0.707729 0.231977 0.0356964 0.0245975 0
 0.517169 0.277429 0.184464 0.0207286 0.00020938
 0.811772 0.124168 0.05621 0.00726502 0.000585176
 0.764997 0.148141 0.077277 0.00933861 0.000247198
 0.163321 0.427699 0.378323 0.0303852 0.000271297
 0.753843 0.0900009 0.118128 0.0371064 0.000921714
 0.721811 0.176058 0.0630433 0.0369309 0.00215725
 0.143369 0.312575 0.442814 0.0836902 0.0175525
 0.692698 0.0596174 0.167031 0.0765114 0.00414204
 0.394062 0.376323 0.152708 0.0712218 0.00568511
 0.125707 0.32114 0.495352 0.0537591 0.00404204
 0.23352 0.215282 0.420074 0.123614 0.00750983
 0.774587 0.0839891 0.0768558 0.0609784 0.00358967
pf_pred 
 0.0441243 0.167062 0.692145 0.0966677 7.58586e-07
 0.093965 0.0622389 0.147474 0.610989 0.0853338
 0.96463 0.00580303 0.00203105 0.00481253 0.0227232
 0.575578 0.41635 0.00132442 0.000463546 0.00628447
 0.293573 0.526347 0.176655 0.000561946 0.00286315
 0.996904 0.00164623 0.00108025 0.000362557 7.02948e-06
 0.0563603 0.941898 0.000926143 0.000607731 0.000207924
 0.129565 0.0955561 0.773449 0.000760511 0.000669783
 0.965948 0.00719224 0.00294864 0.0238669 4.41356e-05
 0.322295 0.665026 0.00267799 0.00109791 0.00890312
 0.963008 0.020625 0.0160603 6.46732e-05 0.000241524
 0.927324 0.0711252 0.000864746 0.000673362 1.2838e-05
 0.766232 0.225421 0.00816862 9.93147e-05 7.8809e-05
 0.84853 0.132708 0.0180925 0.000655621 1.42964e-05
 0.869808 0.122293 0.00692016 0.000943451 3.49334e-05
 0.98558 0.0136779 0.000696927 3.94368e-05 5.57564e-06
 0.12218 0.871277 0.00620649 0.000316238 2.04248e-05
 0.985734 0.00318873 0.0109947 7.83199e-05 4.24835e-06
 0.414146 0.581013 0.0010821 0.00373104 2.80195e-05
 0.872073 0.075499 0.0519948 9.68366e-05 0.000336398
 0.76013 0.223291 0.00978403 0.00673809 5.61435e-05
 0.910433 0.0771656 0.011544 0.000505829 0.000351258
 0.0948984 0.860728 0.03823 0.00571923 0.000424624
 0.884859 0.0184697 0.0919314 0.00408321 0.000656203
 0.758948 0.224526 0.00265098 0.013195 0.000680252
 0.270212 0.617281 0.104794 0.0012373 0.00647604
 0.874577 0.0493982 0.0643049 0.0109168 0.000803534
 0.844686 0.143944 0.00447823 0.00582962 0.00106252
 0.171557 0.745165 0.0771811 0.00240117 0.00369548
 0.20617 0.200946 0.533286 0.0552355 0.00436314
 0.958054 0.0143338 0.00698953 0.0185494 0.00207303
pobs_RECLAS
 0 0 0 0 0
 0 0 0 0 0
 0 0 0 0 0
 0 0 0 0 0
 0 0 0 0 0
 0 0 0 0 0
 0 0 0 0 0
 0 0 0 0 0
 0 0 0 0 0
 0 0 0 0 0
 0.991045 0.00858322 0.000360255 1.14367e-05 0
 0.934742 0.0480273 0.0164251 0.00080598 0
 0.827803 0.169806 0.00239088 0 0
 0.941827 0.0461693 0.0120037 0 0
 0.791401 0.0380133 0.147996 0.0225897 0
 0.846168 0.0940531 0.0597789 0 0
 0.134021 0.677848 0.182769 0.00536245 0
 0.80878 0.0450904 0.141981 0.00414843 0
 0.846168 0.0940531 0.0597789 0 0
 0.905697 0.0802665 0.012482 0.00150086 5.37128e-05
 0.989698 0.0102097 9.19794e-05 0 0
 0.975433 0.0193895 0.00387452 0.00125025 5.28907e-05
 0.303575 0.632131 0.0575291 0.00676475 0
 0.966965 0.00978017 0.0227588 0.000495775 0
 0.843318 0.132988 0.00938335 0.0141283 0.000182051
 0.564624 0.303363 0.111486 0.0197234 0.00080311
 0.826376 0.0876187 0.0782897 0.00655872 0.00115652
 0.89761 0.0855135 0.0140674 0.00269457 0.000114338
 0.34875 0.467042 0.161289 0.0227151 0.000203297
 0.318654 0.224769 0.449479 0.00709798 0
 0.937255 0.0296025 0.0250945 0.00804832 0
ppred_RECLAS
 0.0629999 0.163763 0.678477 0.0947588 7.43606e-07
 0.136122 0.059343 0.140612 0.58256 0.0813633
 0.976431 0.00386698 0.00135344 0.00320694 0.0151421
 0.682373 0.311585 0.000991165 0.000346906 0.00470313
 0.418473 0.433286 0.145421 0.000462591 0.00235693
 0.997895 0.00111944 0.000734573 0.000246541 4.78008e-06
 0.0853012 0.91301 0.000897738 0.000589092 0.000201547
 0.182291 0.0897678 0.726597 0.000714444 0.000629212
 0.977174 0.0048212 0.00197657 0.0159988 2.95856e-05
 0.448588 0.541096 0.00217893 0.00089331 0.00724399
 0.974857 0.0140186 0.010916 4.39577e-05 0.000164161
 0.952581 0.0464066 0.000564215 0.000439344 8.37629e-06
 0.838571 0.155665 0.00564087 6.85821e-05 5.44218e-05
 0.906936 0.0815362 0.0111161 0.000402817 8.78377e-06
 0.920728 0.0744627 0.00421359 0.000574455 2.12705e-05
 0.990544 0.00896902 0.000456996 2.58598e-05 3.65611e-06
 0.178607 0.81527 0.00580753 0.00029591 1.91119e-05
 0.990342 0.00215876 0.00744336 5.30223e-05 2.87612e-06
 0.52356 0.472503 0.000880003 0.00303423 2.27866e-05
 0.912999 0.0513457 0.0353609 6.58571e-05 0.000228779
 0.829609 0.158615 0.00695008 0.00478639 3.98815e-05
 0.939328 0.0522718 0.00781989 0.000342647 0.000237941
 0.136131 0.821517 0.0364884 0.00545868 0.00040528
 0.91972 0.0128777 0.0640977 0.00284695 0.000457527
 0.823828 0.164094 0.00193746 0.00964353 0.000497161
 0.355218 0.54538 0.0925874 0.00109318 0.00572171
 0.912812 0.0343392 0.0447017 0.00758885 0.000558578
 0.888507 0.103331 0.00321472 0.00418482 0.000762735
 0.2326 0.690259 0.0714941 0.00222425 0.00342318
 0.286363 0.180646 0.479413 0.0496556 0.00392237
 0.972662 0.00934216 0.00455549 0.0120897 0.00135112
pobs_PELACES
 0 0 0 0 0
 0 0 0 0 0
 0 0 0 0 0
 0 0 0 0 0
 0 0 0 0 0
 0 0 0 0 0
 0 0 0 0 0
 0 0 0 0 0
 0 0 0 0 0
 0 0 0 0 0
 0 0 0 0 0
 0 0 0 0 0
 0 0 0 0 0
 0 0 0 0 0
 0 0 0 0 0
 0 0 0 0 0
 0.505614 0.472636 0.0217494 0 0
 0 0 0 0 0
 0.443492 0.261883 0.143347 0.151278 0
 0.227955 0.32914 0.350689 0.0885471 0.00366901
 0.970185 0.0296113 0.000203453 0 0
 0.997202 0.00247181 0.000326279 0 0
 0.445219 0.490057 0.0546422 0.010081 0
 0.90214 0.0892962 0.00764917 0.000914606 0
 0 0 0 0 0
 0.581667 0.319106 0.0959925 0.00289975 0.000334073
 0.762889 0.0836404 0.116647 0.0363945 0.000428098
 0.88444 0.0763242 0.0277011 0.0115352 0
 0.521256 0.241999 0.230069 0.00667565 0
 0.616807 0.101726 0.260614 0.0208532 0
 0.833518 0.0704572 0.0857862 0.0102388 0
ppred_PELACES
 0.064369 0.163524 0.677486 0.0946204 7.4252e-07
 0.149172 0.0584465 0.138488 0.573759 0.0801341
 0.97876 0.00348479 0.00121967 0.00288998 0.0136455
 0.717018 0.277599 0.000883054 0.000309067 0.00419014
 0.483456 0.384868 0.129171 0.000410898 0.00209355
 0.997995 0.00106621 0.00069964 0.000234816 4.55276e-06
 0.0974256 0.900908 0.000885839 0.000581284 0.000198876
 0.194959 0.0883772 0.715341 0.000703376 0.000619464
 0.979218 0.00438953 0.0017996 0.0145663 2.69366e-05
 0.511073 0.479779 0.00193202 0.000792081 0.00642311
 0.976577 0.0130597 0.0101693 4.09509e-05 0.000152932
 0.959196 0.0399333 0.000485512 0.000378059 7.20787e-06
 0.859746 0.135247 0.00490094 5.95861e-05 4.72832e-05
 0.927181 0.0637991 0.00869798 0.00031519 6.87298e-06
 0.93814 0.058107 0.00328808 0.000448276 1.65985e-05
 0.991606 0.00796208 0.00040569 2.29566e-05 3.24565e-06
 0.201198 0.792848 0.00564781 0.000287771 1.85862e-05
 0.99095 0.00202275 0.00697441 4.96818e-05 2.69492e-06
 0.558379 0.437972 0.000815691 0.00281248 2.11213e-05
 0.92254 0.045715 0.0314831 5.86351e-05 0.000203691
 0.846394 0.14299 0.00626543 0.00431489 3.59528e-05
 0.945335 0.0470966 0.00704568 0.000308723 0.000214384
 0.146936 0.811242 0.036032 0.00539041 0.000400211
 0.925042 0.0120241 0.0598488 0.00265823 0.000427199
 0.833384 0.155193 0.00183236 0.00912041 0.000470192
 0.371583 0.531537 0.0902373 0.00106543 0.00557649
 0.919507 0.0317024 0.0412692 0.00700613 0.000515686
 0.892244 0.0998674 0.00310697 0.00404455 0.000737169
 0.239009 0.684494 0.070897 0.00220567 0.00339459
 0.314031 0.173642 0.460826 0.0477304 0.0037703
 0.976219 0.00812644 0.00396267 0.0105164 0.00117529
pobs_pel_tallas
 0 0 0 0 0 0 0 0 0 0 0 0 0 0 0 0 0 0 0 0 0 0 0 0 0 0
 0 0 0 0 0 0 0 0 0 0 0 0 0 0 0 0 0 0 0 0 0 0 0 0 0 0
 0 0 0 0 0 0 0 0 0 0 0 0 0 0 0 0 0 0 0 0 0 0 0 0 0 0
 0 0 0 0 0 0 0 0 0 0 0 0 0 0 0 0 0 0 0 0 0 0 0 0 0 0
 0 0 0 0 0 0 0 0 0 0 0 0 0 0 0 0 0 0 0 0 0 0 0 0 0 0
 0 0 0 0 0 0 0 0 0 0 0 0 0 0 0 0 0 0 0 0 0 0 0 0 0 0
 0 0 0 0 0 0 0 0 0 0 0 0 0 0 0 0 0 0 0 0 0 0 0 0 0 0
 0 0 0 0 0 0 0 0 0 0 0 0 0 0 0 0 0 0 0 0 0 0 0 0 0 0
 0 0 0 0 0 0 0 0 0 0 0 0 0 0 0 0 0 0 0 0 0 0 0 0 0 0
 0 0 0 0 0 0 0 0 0 0 0 0 0 0 0 0 0 0 0 0 0 0 0 0 0 0
 0 0 0 0 0 0 0 0 0 0 0 0 0 0 0 0 0 0 0 0 0 0 0 0 0 0
 0 0 0 0 0 0 0 0 0 0 0 0 0 0 0 0 0 0 0 0 0 0 0 0 0 0
 0.00862536 0 0 0.000197151 0.00414017 0.0128641 0.00837892 0.0270097 0.101434 0.158115 0.152841 0.127902 0.109271 0.109419 0.0830992 0.0579132 0.0238553 0.00714673 0.00463305 0.00128148 0.00103504 0.000492878 0.000147863 0.000147863 4.92878e-05 0
 0 0 0 0 0 0 0 0 0 0 0 0 0 0 0 0 0 0 0 0 0 0 0 0 0 0
 0 0 0 0 0 0 0 0.0054083 0.00873648 0.0413646 0.0450493 0.0745869 0.0622846 0.0627006 0.0613931 0.0827291 0.12552 0.122667 0.0946155 0.0697135 0.0546179 0.0294188 0.0215738 0.0213955 0.0102223 0.00600262
 0 0 0 0 0.00359764 0.0251062 0.0480494 0.140153 0.205849 0.193036 0.1447 0.116669 0.0760912 0.0342217 0.00950174 0.001854 0.000860785 0 0 0 0.000165536 0 0.000143464 0 0 0
 0 0 0 0 0 0 0 0.000145254 0.000435761 0.0275982 0.070085 0.0708112 0.156366 0.174668 0.174014 0.160142 0.0824315 0.0480064 0.0283245 0.00493863 0.00203355 0 0 0 0 0
 0 0 0 0 0 0 0 0 0 0 0 0 0 0 0 0 0 0 0 0 0 0 0 0 0 0
 0 0 1.00437e-05 0.000401748 0.00122533 0.00171747 0.00176769 0.0269171 0.070346 0.194647 0.189555 0.159765 0.064822 0.0314167 0.0384472 0.0292271 0.0345202 0.0313363 0.0194345 0.0106764 0.0143323 0.0359363 0.0279516 0.0138201 0.00172751 0
 0 0.0021121 0.0136068 0.0755702 0.200478 0.177729 0.0527432 0.0373336 0.0318909 0.0142505 0.0149659 0.0166563 0.0217959 0.0798694 0.0677717 0.0528807 0.04013 0.0224614 0.0357745 0.0225083 0.00881397 0.00855152 0.00135912 0.000746735 0 0
 0 0 0 0 5.4009e-05 0.00500934 0.000945158 0.0243581 0.138947 0.33067 0.221406 0.137944 0.0707744 0.0437923 0.0131692 0.00525238 0.0047753 0.00276346 9.45158e-05 9.00151e-06 2.25038e-05 9.00151e-06 4.50075e-06 0 0 0
 0.000866109 0.00284123 0.00948549 0.0512746 0.133035 0.25785 0.225252 0.132002 0.0553304 0.0519788 0.0540692 0.017754 0.00435017 0.00159236 0.00146478 0.000404838 0.000125132 0.000115318 0.000107957 0.000100596 0 0 0 0 0 0
 0 0 0 0 0.00144013 0.00171154 0.00461396 0.0210425 0.0478622 0.0707936 0.0888783 0.103762 0.0637923 0.0337046 0.0602308 0.124433 0.169614 0.0934646 0.0462172 0.0250306 0.0313229 0.00938855 0.002487 0.000210481 0 0
 0 0.00764035 0.051015 0.0998891 0.058973 0.0496711 0.0374665 0.0718981 0.12319 0.153886 0.159021 0.0857701 0.0377988 0.023471 0.0147837 0.00900784 0.00315554 0.000888139 0.00291439 0.00214683 0.00393193 0.00274676 0.000635225 9.99891e-05 0 0
 0 0 0 0 0 0 0 0 0 0 0 0 0 0 0 0 0 0 0 0 0 0 0 0 0 0
 0 0 0 0 0 0 0 0 0 0 0 0 0 0 0 0 0 0 0 0 0 0 0 0 0 0
 0 0 0 0 0 0 0 0 0 0 0 0 0 0 0 0 0 0 0 0 0 0 0 0 0 0
 0 0 0 0 0 0 0 0 0 0 0 0 0 0 0 0 0 0 0 0 0 0 0 0 0 0
 0 0 0 0 0 0 0 0 0 0 0 0 0 0 0 0 0 0 0 0 0 0 0 0 0 0
 0 0 0 0 0 0 0 0 0 0 0 0 0 0 0 0 0 0 0 0 0 0 0 0 0 0
 0 0 0 0 0 0 0 0 0 0 0 0 0 0 0 0 0 0 0 0 0 0 0 0 0 0
ppred_pel_tallas
 1.29082e-16 5.30202e-06 5.15376e-05 0.000342486 0.0015569 0.00484419 0.0103217 0.0150683 0.0150851 0.0104043 0.00512452 0.0023799 0.00245858 0.0048373 0.00958173 0.0171038 0.0276018 0.0408914 0.0565857 0.0742179 0.0929165 0.110777 0.124664 0.131049 0.127609 0.114522
 1.75113e-16 1.22871e-05 0.000119435 0.000793691 0.00360801 0.0112259 0.0239182 0.0349105 0.0349166 0.0239479 0.0113273 0.00390688 0.00156768 0.00189115 0.00362972 0.00667923 0.0113602 0.0182086 0.0280729 0.0421033 0.0613166 0.0857377 0.113547 0.140866 0.162549 0.173784
 1.02636e-16 8.06192e-05 0.000783647 0.00520761 0.023673 0.0736556 0.156931 0.229046 0.229046 0.156933 0.0736612 0.0236893 0.00524882 0.000874705 0.000257046 0.000307379 0.000461091 0.000641616 0.000840953 0.00108082 0.00140912 0.0018769 0.00250177 0.00323901 0.00397909 0.0045753
 1.00837e-16 5.90599e-05 0.000574083 0.00381499 0.0173424 0.0539588 0.114966 0.167802 0.167828 0.115096 0.0543964 0.0186058 0.0069832 0.00748034 0.013146 0.0215628 0.0308768 0.0384525 0.0416516 0.0392675 0.0322697 0.0232036 0.01474 0.00847867 0.00468199 0.00276181
 1.04222e-16 3.98218e-05 0.000387082 0.0025723 0.0116933 0.0363824 0.0775179 0.113147 0.113185 0.0776998 0.0369933 0.0134592 0.00701013 0.010092 0.0185208 0.0306835 0.0444903 0.0565479 0.0633826 0.0633228 0.0574024 0.0484999 0.039474 0.0318062 0.0255476 0.0201425
 1.00045e-16 8.22035e-05 0.000799047 0.00530995 0.0241383 0.0751031 0.160015 0.233547 0.233547 0.160016 0.0751048 0.0241432 0.00532239 0.000826348 0.000134493 9.33776e-05 0.000129182 0.000167824 0.000195649 0.000208294 0.000208189 0.000201603 0.000193604 0.000185012 0.000173317 0.00015587
 1.00348e-16 8.02501e-06 7.8006e-05 0.000518382 0.00235654 0.00733254 0.0156259 0.0228247 0.0229113 0.0160491 0.00875284 0.00645617 0.0107989 0.0224868 0.0424676 0.0699353 0.100135 0.124641 0.134876 0.126894 0.103812 0.0738755 0.0457673 0.0247339 0.0117221 0.0049413
 1.20842e-16 1.60585e-05 0.000156095 0.0010373 0.00471544 0.0146715 0.0312596 0.0456263 0.0456359 0.031307 0.0148339 0.00519813 0.00230069 0.00308484 0.00607686 0.0113157 0.0192995 0.0304828 0.0450755 0.0627455 0.0821199 0.100411 0.113747 0.118457 0.112742 0.0976844
 1.01519e-16 8.06569e-05 0.000784013 0.00521004 0.0236841 0.07369 0.157004 0.229153 0.229153 0.157007 0.0736971 0.0237047 0.00526213 0.000899172 0.000303903 0.000387467 0.000582482 0.000805964 0.00104104 0.00129923 0.00161543 0.00202184 0.0025117 0.00301969 0.00343576 0.00364669
 1.01345e-16 4.20965e-05 0.000409193 0.00271924 0.0123613 0.0384608 0.0819464 0.119613 0.119659 0.0821718 0.0392172 0.0145448 0.00819504 0.0123457 0.0226613 0.037265 0.0533687 0.0664652 0.0719982 0.0678814 0.0557874 0.0401122 0.0254685 0.0146198 0.00802201 0.00466458
 1.00327e-16 8.04394e-05 0.000781899 0.005196 0.0236202 0.0734913 0.156581 0.228535 0.228536 0.156587 0.0735123 0.0236808 0.00534865 0.00111714 0.000722944 0.00108292 0.00158697 0.00206731 0.00240998 0.00255868 0.00253512 0.00240804 0.00223616 0.00203555 0.00179196 0.00149587
 1.00064e-16 7.90077e-05 0.000767983 0.00510352 0.0231999 0.0721834 0.153794 0.224468 0.224472 0.153813 0.0722463 0.0233816 0.0055594 0.00176182 0.00196251 0.00310895 0.0044464 0.00553984 0.00600563 0.00566938 0.00466873 0.00336699 0.00214518 0.0012313 0.000663499 0.000360613
 1.00191e-16 7.08161e-05 0.000688358 0.00457438 0.0207945 0.0646994 0.137849 0.201198 0.201211 0.137913 0.0649128 0.0214105 0.00611941 0.00405729 0.00645756 0.0105334 0.0150958 0.0188328 0.0204597 0.0193841 0.0160627 0.0117094 0.00759631 0.00448325 0.00249993 0.001386
 1.00301e-16 7.63707e-05 0.00074235 0.00493318 0.0224255 0.0697741 0.148661 0.216977 0.216983 0.148691 0.069875 0.0227168 0.00566431 0.00233816 0.00310629 0.0050122 0.00720709 0.0090497 0.00994123 0.00960316 0.00823631 0.00638121 0.00459506 0.00319743 0.0022306 0.00158112
 1.00158e-16 7.72734e-05 0.000751125 0.00499149 0.0226906 0.0705988 0.150419 0.219541 0.219547 0.150446 0.0706906 0.0229554 0.00565575 0.00219987 0.00282473 0.00453706 0.00650355 0.00812586 0.00885163 0.00842721 0.00704669 0.00522571 0.00350192 0.00219254 0.00134702 0.000852511
 1.00017e-16 8.16773e-05 0.000793932 0.00527596 0.0239837 0.0746223 0.158991 0.232052 0.232053 0.158995 0.0746349 0.02402 0.00536696 0.000992389 0.000457997 0.000626328 0.000890609 0.00111191 0.00121011 0.00115015 0.000958661 0.000706529 0.000467817 0.000286464 0.000169645 0.000102096
 1.00398e-16 1.65726e-05 0.000161092 0.00107051 0.00486645 0.0151417 0.0322639 0.0471061 0.0471823 0.0326363 0.0163918 0.00847488 0.0101196 0.0198869 0.0373959 0.0615771 0.0881868 0.109811 0.118908 0.112003 0.091827 0.0656126 0.0409693 0.0224875 0.0109903 0.00491354
 1.00208e-16 8.16233e-05 0.000793407 0.00527247 0.0239679 0.074573 0.158886 0.231898 0.231898 0.158887 0.0745764 0.0239779 0.00529804 0.000850853 0.000195466 0.000206258 0.000317672 0.000458233 0.000614077 0.000776713 0.000936825 0.00107786 0.00117317 0.0011935 0.00112225 0.000967374
 1.00422e-16 4.5993e-05 0.000447069 0.00297093 0.0135054 0.0420207 0.089531 0.130682 0.130724 0.0897368 0.0427112 0.0154986 0.00796911 0.0113421 0.0206905 0.0340091 0.0486972 0.0606292 0.065638 0.0618101 0.0506637 0.0362056 0.0226481 0.0125255 0.00627858 0.00301956
 1.00961e-16 7.59884e-05 0.000738634 0.00490848 0.0223133 0.0694248 0.147917 0.21589 0.215895 0.147939 0.0694979 0.0225248 0.00544136 0.00190787 0.00231393 0.00375005 0.00549848 0.0071283 0.00824626 0.00865466 0.00843828 0.00785775 0.00714608 0.00638499 0.00553827 0.00456883
 1.00657e-16 6.97164e-05 0.000677668 0.00450334 0.0204716 0.0636947 0.135709 0.198074 0.198088 0.135776 0.0639203 0.021123 0.00613761 0.00424179 0.00682837 0.0111515 0.0159949 0.0199831 0.0217677 0.0207314 0.0173614 0.012936 0.00878203 0.00567314 0.00371162 0.00259292
 1.00283e-16 7.7866e-05 0.000756885 0.00502977 0.0228646 0.0711403 0.151572 0.221225 0.221229 0.151594 0.0712147 0.0230797 0.00556973 0.00193561 0.00231638 0.00370584 0.00532967 0.00669875 0.00737116 0.00714192 0.00615844 0.004817 0.00352458 0.00251239 0.00180806 0.00132654
 1.01856e-16 1.21031e-05 0.000117646 0.000781805 0.00355402 0.0110583 0.0235638 0.0344083 0.0344864 0.0239451 0.0123384 0.00724972 0.0100521 0.0203335 0.038343 0.0632046 0.0906592 0.113187 0.123124 0.116932 0.0973413 0.0716017 0.0472865 0.0288866 0.0171236 0.0104096
 1.0207e-16 7.61945e-05 0.000740637 0.0049218 0.0223738 0.0696131 0.148318 0.216475 0.216476 0.148324 0.069634 0.0224353 0.00508059 0.00110163 0.000803721 0.00131718 0.00214325 0.0032207 0.00452394 0.00601102 0.00758827 0.00906571 0.0101575 0.0105679 0.0101295 0.00890087
 1.01087e-16 6.86448e-05 0.000667252 0.00443412 0.0201569 0.0627157 0.133623 0.19503 0.195045 0.133696 0.0629604 0.0208636 0.00620653 0.0045318 0.00739468 0.0120815 0.017317 0.0216115 0.0235034 0.0223329 0.0186488 0.0138646 0.00944171 0.00622311 0.00429665 0.00328643
 1.03791e-16 3.06069e-05 0.00029751 0.00197706 0.00898747 0.0279636 0.0595814 0.0869715 0.0870228 0.0598318 0.0288045 0.0114165 0.0080749 0.0136115 0.0253227 0.0418308 0.0602886 0.0758735 0.0836655 0.0813568 0.0705899 0.0557888 0.0414823 0.0302204 0.0222849 0.0167246
 1.0199e-16 7.57385e-05 0.000736206 0.00489235 0.0222399 0.0691966 0.147431 0.21518 0.215183 0.147446 0.0692479 0.022389 0.00526948 0.00156893 0.00168492 0.00273794 0.00410542 0.00551483 0.00673417 0.0076433 0.00826766 0.00869138 0.00892997 0.00888691 0.008431 0.00751627
 1.00646e-16 7.3493e-05 0.000714378 0.00474729 0.0215805 0.067145 0.14306 0.208802 0.208812 0.143107 0.0673026 0.0220354 0.00588839 0.00320276 0.0047917 0.00778538 0.0111617 0.0139403 0.0151788 0.01445 0.0121004 0.0090307 0.00617326 0.00406794 0.00277716 0.00207206
 1.03017e-16 1.9687e-05 0.000191365 0.00127169 0.00578096 0.0179871 0.0383258 0.0559514 0.0560173 0.0386479 0.0190685 0.00890378 0.00910799 0.0172899 0.0324687 0.0535814 0.0770293 0.0965328 0.105686 0.101507 0.0862093 0.065711 0.0461411 0.0310555 0.0209544 0.0145601
 1.18768e-16 2.58663e-05 0.00025143 0.00167084 0.00759541 0.0236322 0.0503516 0.0734933 0.0735107 0.0504371 0.0239212 0.00843882 0.00382105 0.00505499 0.00946967 0.0164509 0.0256425 0.0362999 0.0475397 0.0587442 0.0695185 0.0791447 0.0861342 0.0885316 0.0849233 0.0753963
 1.01371e-16 8.04099e-05 0.000781613 0.00519409 0.0236116 0.0734644 0.156524 0.228451 0.228452 0.156528 0.0734774 0.0236493 0.00528927 0.00099097 0.000482829 0.000684161 0.00101047 0.00134382 0.00162932 0.00185633 0.0020638 0.0023091 0.00261754 0.00295177 0.00322308 0.00333442
pSPR Fmed_Fpbrs
0.229634   0.242062 0.242062
Fs Fmed_Fpbrs
1.05218   1.005 1.005
SSBpbr Bo_Bmed_Bpbrs
1.49166e+06  267951  286490 286490
Ro
47021
SPR SPRFo_SPRFmed_SPRFpbrs
336103 77180.5 81357.6
Fref
1.005
Nvult_r0
 84092.1 1038.07 506.189 1343.36 150.131
CTP_r0
 40252.9 602.238 293.667 779.358 87.099
YTP_r0
390902
Np
 93696.8 14477 105.66 51.5224 149.366
Nvult_p0
 76019.8 12527.5 91.4314 44.5844 129.252
CTP_p0
 30439 6279.39 45.8297 22.3478 64.7874
YTP_p0
 334059
CBA_c0
373849
log_Ro
10.5784
likeval ReclasPelacesDesembMPH_pf_preclas_ppelaces_ptallas_desvR_qrecl_qpela
 17.1049 23.4178 0.30682 0.00100857 337.285 122.599 123.154 0 106.393 8.74038e-05 0.000155334 0.0042479 0 0 0
q_reclas_q_pelaces
3.7614 5.88939
M
1
N
 7054.32 18467 76509.3 10685.6 0.0838537
 4273.38 2130.25 5047.59 20912.3 2920.72
 172409 780.355 273.123 647.159 3055.67
 55314.1 31545.1 100.346 35.1209 476.148
 4748.29 7121.25 2390.07 7.6029 38.7372
 289259 339.849 223.008 74.8469 1.45118
 5756.32 74791.7 73.5406 48.2571 16.5103
 1527.58 829.464 6713.83 6.60153 5.81398
 58048.4 322.126 132.064 1068.95 1.97675
 6597.09 11315.8 45.5675 18.6816 151.492
 32532.3 507.945 395.527 1.59275 5.94816
 121290 7292.36 88.6611 69.0388 1.31626
 70552.5 16370.2 593.208 7.21228 5.72314
 69052.6 9054.3 1234.41 44.7313 0.975405
 40814 4809.46 272.151 37.1034 1.37384
 270084 2853.58 145.398 8.22756 1.16323
 8204.71 45514.1 324.217 16.5197 1.06696
 502537 1176.98 4058.18 28.9082 1.56809
 108164 117430 218.705 754.09 5.6631
 243799 16154.5 11125.3 20.7201 71.9791
 176266 39538.2 1732.46 1193.11 9.94133
 454238 29072.7 4349.3 190.575 132.339
 12067.1 81051.4 3599.97 538.557 39.9852
 160872 2452.15 12205.3 542.111 87.1214
 166340 35686.1 421.346 2097.21 108.119
 23156.6 38493.9 6534.98 77.1586 403.849
 125703 5249.17 6833.2 1160.05 85.3855
 215359 25815.7 803.15 1045.52 190.558
 19472.3 59317.4 6143.85 191.141 294.171
 7276.97 5451.64 14468 1498.54 118.372
 98569.1 1143.73 557.711 1480.1 165.412
pred_Ctot
 811.766 3073.49 12733.6 1778.42 0.0139559
 1438.8 953.009 2258.14 9355.54 1306.64
 57927.2 348.479 121.967 288.998 1364.55
 24683.5 17855 56.7976 19.879 269.508
 2736.7 4906.62 1646.78 5.23848 26.6903
 55909.9 92.3262 60.5841 20.3335 0.394238
 2383.67 39836.1 39.1697 25.703 8.79382
 430.989 317.861 2572.82 2.52979 2.22799
 18151.3 135.151 55.4086 448.487 0.829362
 3714.3 7664.11 30.8626 12.6529 102.604
 8361.6 179.083 139.448 0.561543 2.0971
 52531.5 4029.14 48.9866 38.145 0.727251
 31544.6 9280.26 336.29 4.08864 3.24445
 40130.4 6276.28 855.669 31.007 0.676134
 23692 3331.04 188.493 25.6979 0.951524
 98457.2 1366.39 69.6214 3.93964 0.556994
 3408.47 24306.1 173.143 8.82212 0.569794
 120215 388.881 1340.85 9.55148 0.518106
 43620.2 61195.7 113.973 392.975 2.95118
 91972.9 7962.48 5483.62 10.2128 35.4781
 65519.1 19246.5 843.33 580.786 4.83926
 156663 13278.3 1986.44 87.0405 60.4426
 3581.19 32481.3 1442.69 215.827 16.024
 42052.6 877.766 4369 194.053 31.1858
 40492 11979.1 141.437 703.99 36.2934
 5842.16 13346 2265.71 26.7512 140.016
 36784.9 2077.7 2704.68 459.164 33.7968
 35023 5968.33 185.68 241.712 44.0551
 3007.46 13063 1353.01 42.0935 64.7831
 2818.74 2747.31 7291.04 755.175 59.6525
 40252.9 602.238 293.667 779.358 87.099
F
 0.1974 0.297073 0.297073 0.297073 0.297073
 0.700412 1.05407 1.05407 1.05407 1.05407
 0.698452 1.05112 1.05112 1.05112 1.05112
 1.04994 1.5801 1.5801 1.5801 1.5801
 1.63704 2.46363 2.46363 2.46363 2.46363
 0.352616 0.530664 0.530664 0.530664 0.530664
 0.937275 1.41054 1.41054 1.41054 1.41054
 0.556498 0.837492 0.837492 0.837492 0.837492
 0.635078 0.95575 0.95575 0.95575 0.95575
 1.56401 2.35373 2.35373 2.35373 2.35373
 0.495405 0.745552 0.745552 0.745552 0.745552
 1.00273 1.50904 1.50904 1.50904 1.50904
 1.05312 1.58487 1.58487 1.58487 1.58487
 1.66428 2.50464 2.50464 2.50464 2.50464
 1.66045 2.49887 2.49887 2.49887 2.49887
 0.78071 1.17492 1.17492 1.17492 1.17492
 0.94176 1.41729 1.41729 1.41729 1.41729
 0.453826 0.682978 0.682978 0.682978 0.682978
 0.901447 1.35662 1.35662 1.35662 1.35662
 0.819079 1.23266 1.23266 1.23266 1.23266
 0.802196 1.20725 1.20725 1.20725 1.20725
 0.723537 1.08888 1.08888 1.08888 1.08888
 0.593521 0.89321 0.89321 0.89321 0.89321
 0.505846 0.761265 0.761265 0.761265 0.761265
 0.463537 0.697592 0.697592 0.697592 0.697592
 0.484211 0.728706 0.728706 0.728706 0.728706
 0.582939 0.877284 0.877284 0.877284 0.877284
 0.289403 0.435532 0.435532 0.435532 0.435532
 0.273077 0.410963 0.410963 0.410963 0.410963
 0.850424 1.27983 1.27983 1.27983 1.27983
 0.918196 1.38182 1.38182 1.38182 1.38182
nmprior
 8.19 8.8 8.5 0
nm_flota  nm_reclas  nm_pelaces    nm_pelaL
inf 21.2215 4.69298 7.46248
cv_recla  cv_pelaces  cv_mph
0.374098 0.548713 0.980075
 ------------------------------------------------
Talla a la edad & desviaci?n 
 8 13.2811 15.8009 17.003 17.5766
 0.8 1.32811 1.58009 1.7003 1.75766
