years
 1991 1992 1993 1994 1995 1996 1997 1998 1999 2000 2001 2002 2003 2004 2005 2006 2007 2008 2009 2010 2011 2012 2013 2014 2015 2016 2017 2018 2019 2020 2021
reclasobs
 0 0 0 0 0 0 0 0 0 252601 567819 844713 477998 351125 339783 2.1784e+06 2.13404e+06 4.81314e+06 1.55562e+06 2.62356e+06 3.21686e+06 3.843e+06 1.13348e+06 3.07943e+06 1.97215e+06 2.03268e+06 2.025e+06 2.42433e+06 2.27542e+06 1.05018e+06 2.36338e+06
reclaspred
 4.63187e+06 1.67519e+06 940059 667650 278245 2.86593e+06 1.28703e+06 676126 445589 244653 432941 798496 749558 539116 413866 1.75349e+06 900804 4.29739e+06 2.6259e+06 1.99986e+06 2.99395e+06 3.02975e+06 1.69176e+06 3.08874e+06 2.26918e+06 1.66625e+06 2.25253e+06 3.28301e+06 2.29948e+06 871585 1.41026e+06
pelacesobs
 0 0 0 0 0 0 0 0 0 0 0 0 0 0 0 552880 188675 0 991730 2.46772e+06 1.41603e+06 1.21717e+06 2.29649e+06 1.80582e+06 0 1.4828e+06 1.56532e+06 1.57751e+06 1.42118e+06 867257 1.10002e+06
pelacespred
 3.05472e+06 1.0521e+06 485207 257850 122156 1.74432e+06 624196 459845 222299 99239.8 249173 365336 383340 258714 196642 822528 401014 2.58585e+06 1.43914e+06 946210 1.57814e+06 1.5602e+06 920587 2.00231e+06 1.3298e+06 992964 1.57604e+06 2.30251e+06 1.36554e+06 523417 818476
mphobs
 0 0 0 0 0 0 0 0 0 0 0 498337 0 5186 125008 0 168611 109162 213762 579715 649985 157893 87575 83554 0 0 0 0 0 0 0
mphpred
 1.05044e+06 490426 129501 103373 50238.2 26948.1 345232 118960 65724 27937.6 14169.8 55826.6 72465.3 51654.3 25873.2 27373.7 194001 84342.2 473899 210529 248137 268330 337768 183648 335493 276966 174476 226104 471574 232324 71594.3
desembarqueobs
 494567 514787 250237 358949 120608 361735 552515 73892 212993 205616 52469 317467 293654 387597 252695 516296 358380 742168 942051 627588 828172 859565 418607 520667 417249 300574 415391 372974 316634 284311 391294
desembarquepred
 494514 514569 249913 358755 120560 361592 552012 73879.7 212855 205472 52460.5 317252 293402 387047 252444 515868 358153 741621 940715 626705 827766 858736 418297 520427 416921 300378 415126 372724 316361 283978 391106
Reclutas
 51349 37969.4 139206 57754.5 22812 283394 36124.2 10227 25307.7 39429.9 44566.1 111135 82986 66803 44503.4 271089 22748.6 478013 186838 223652 218284 423937 36331.7 175093 161012 44971.7 141180 197614 35863.7 19691.2 110691
log_desv_Rt
 -0.42277 -0.724633 0.57454 -0.305214 -1.23413 1.28542 -0.774452 -2.03639 -1.13031 -0.68689 -0.564442 0.349327 0.0572571 -0.159667 -0.56585 1.24103 -1.23691 1.80822 0.86883 1.04868 1.02438 1.68817 -0.768724 0.803905 0.720063 -0.555382 0.588619 0.924901 -0.781688 -1.38124 0.345331
SSB
 1.53375e+06 716072 189085 150935 73352.9 39346.9 504074 173694 95963.8 40791.8 20689.4 81512.5 105807 75420.6 37777.5 39968.4 283261 123148 691941 307393 362306 391789 493175 268145 489854 404399 254753 330135 688547 339217 104535
BT
 2.01573e+06 1.07345e+06 477218 404096 162030 1.29675e+06 804547 310173 324050 246664 182040 461819 474760 544255 358032 868654 489139 2.11981e+06 1.65303e+06 1.02833e+06 1.55999e+06 1.59406e+06 834254 1.60653e+06 1.08227e+06 788065 1.30508e+06 1.63835e+06 969378 557570 829358
Ftot
 0.314767 0.856476 0.860654 1.521 1.25711 0.479629 1.16975 0.337196 1.45019 2.34212 0.450119 1.29922 1.24934 2.11015 1.91002 1.05851 1.11426 0.638934 1.07882 1.02854 0.906261 0.952832 0.728041 0.594112 0.596908 0.557645 0.640794 0.408607 0.409639 0.922758 0.967342
BD_Bspro_t
 0.951057 0.645002 0.304266 0.273225 0.131914 0.0966583 0.47917 0.216755 0.177908 0.10484 0.0740209 0.303736 0.23991 0.158842 0.0837314 0.0915078 0.295957 0.155271 0.42098 0.231139 0.223724 0.237306 0.293592 0.20638 0.353435 0.363949 0.316957 0.409431 0.56255 0.394098 0.202866
BD_Bspro
 2.73802 1.27832 0.33755 0.269445 0.130948 0.0702413 0.899862 0.310075 0.171312 0.0728206 0.0369342 0.145514 0.188884 0.134639 0.0674396 0.0713506 0.505671 0.219842 1.23524 0.548752 0.64678 0.699412 0.880406 0.478687 0.874476 0.721924 0.454779 0.589349 1.22918 0.605563 0.186614
BD_Bo
 1.14688 0.535451 0.14139 0.112863 0.0548505 0.0294221 0.376927 0.129882 0.071758 0.0305025 0.0154707 0.0609519 0.0791182 0.0563966 0.0282485 0.0298868 0.211812 0.0920855 0.517407 0.229857 0.270918 0.292964 0.368777 0.200509 0.366294 0.302394 0.190494 0.246862 0.514869 0.253653 0.0781672
BD_Brms
 6.30222 2.94236 0.776954 0.620195 0.301409 0.161678 2.07125 0.713713 0.394318 0.167615 0.0850132 0.334937 0.434763 0.309905 0.155229 0.164231 1.16393 0.50602 2.84321 1.26309 1.48872 1.60987 2.02647 1.10182 2.01282 1.66169 1.04679 1.35653 2.82926 1.39385 0.429537
Sel_flota
 0.714456 0.979398 0.998894 0.999942 0.999997
 0.714456 0.979398 0.998894 0.999942 0.999997
 0.714456 0.979398 0.998894 0.999942 0.999997
 0.714456 0.979398 0.998894 0.999942 0.999997
 0.714456 0.979398 0.998894 0.999942 0.999997
 0.714456 0.979398 0.998894 0.999942 0.999997
 0.714456 0.979398 0.998894 0.999942 0.999997
 0.714456 0.979398 0.998894 0.999942 0.999997
 0.714456 0.979398 0.998894 0.999942 0.999997
 0.714456 0.979398 0.998894 0.999942 0.999997
 0.714456 0.979398 0.998894 0.999942 0.999997
 0.714456 0.979398 0.998894 0.999942 0.999997
 0.714456 0.979398 0.998894 0.999942 0.999997
 0.714456 0.979398 0.998894 0.999942 0.999997
 0.714456 0.979398 0.998894 0.999942 0.999997
 0.714456 0.979398 0.998894 0.999942 0.999997
 0.714456 0.979398 0.998894 0.999942 0.999997
 0.714456 0.979398 0.998894 0.999942 0.999997
 0.714456 0.979398 0.998894 0.999942 0.999997
 0.714456 0.979398 0.998894 0.999942 0.999997
 0.714456 0.979398 0.998894 0.999942 0.999997
 0.714456 0.979398 0.998894 0.999942 0.999997
 0.714456 0.979398 0.998894 0.999942 0.999997
 0.714456 0.979398 0.998894 0.999942 0.999997
 0.714456 0.979398 0.998894 0.999942 0.999997
 0.714456 0.979398 0.998894 0.999942 0.999997
 0.714456 0.979398 0.998894 0.999942 0.999997
 0.714456 0.979398 0.998894 0.999942 0.999997
 0.714456 0.979398 0.998894 0.999942 0.999997
 0.714456 0.979398 0.998894 0.999942 0.999997
 0.714456 0.979398 0.998894 0.999942 0.999997
Sel_reclas
 0.966908 1 1 1 1
 0.966908 1 1 1 1
 0.966908 1 1 1 1
 0.966908 1 1 1 1
 0.966908 1 1 1 1
 0.966908 1 1 1 1
 0.966908 1 1 1 1
 0.966908 1 1 1 1
 0.966908 1 1 1 1
 0.966908 1 1 1 1
 0.966908 1 1 1 1
 0.966908 1 1 1 1
 0.966908 1 1 1 1
 0.966908 1 1 1 1
 0.966908 1 1 1 1
 0.966908 1 1 1 1
 0.966908 1 1 1 1
 0.966908 1 1 1 1
 0.966908 1 1 1 1
 0.966908 1 1 1 1
 0.966908 1 1 1 1
 0.966908 1 1 1 1
 0.966908 1 1 1 1
 0.966908 1 1 1 1
 0.966908 1 1 1 1
 0.966908 1 1 1 1
 0.966908 1 1 1 1
 0.966908 1 1 1 1
 0.966908 1 1 1 1
 0.966908 1 1 1 1
 0.966908 1 1 1 1
Sel_pelaces
 0.908513 1 1 1 1
 0.908513 1 1 1 1
 0.908513 1 1 1 1
 0.908513 1 1 1 1
 0.908513 1 1 1 1
 0.908513 1 1 1 1
 0.908513 1 1 1 1
 0.908513 1 1 1 1
 0.908513 1 1 1 1
 0.908513 1 1 1 1
 0.908513 1 1 1 1
 0.908513 1 1 1 1
 0.908513 1 1 1 1
 0.908513 1 1 1 1
 0.908513 1 1 1 1
 0.908513 1 1 1 1
 0.908513 1 1 1 1
 0.908513 1 1 1 1
 0.908513 1 1 1 1
 0.908513 1 1 1 1
 0.908513 1 1 1 1
 0.908513 1 1 1 1
 0.908513 1 1 1 1
 0.908513 1 1 1 1
 0.908513 1 1 1 1
 0.908513 1 1 1 1
 0.908513 1 1 1 1
 0.908513 1 1 1 1
 0.908513 1 1 1 1
 0.908513 1 1 1 1
 0.908513 1 1 1 1
pf_obs 
 0.8446 0.082 0.0669 0.0065 0
 0.8095 0.147 0.0364 0.0071 0
 0.9664 0.0169 0.016 0.0007 0
 0.9276 0.0648 0.0075 0.0001 0
 0.7033 0.2144 0.0806 0.0017 0
 0.9318 0.0425 0.0243 0.0014 0
 0.5671 0.3108 0.0964 0.0239 0.0018
 0.0768 0.2599 0.5324 0.112 0.0189
 0.490249 0.384438 0.106611 0.0170017 0.00170017
 0.7925 0.1577 0.0466 0.003 0.0002
 0.840416 0.127587 0.0312969 0.00059994 9.999e-05
 0.8084 0.0986 0.0794 0.0134 0.0002
 0.7335 0.1905 0.0724 0.0035 0.0001
 0.4001 0.4547 0.1325 0.0127 0
 0.49795 0.308269 0.164784 0.0264974 0.00249975
 0.9179 0.0499 0.0305 0.0017 0
 0.2467 0.6533 0.0926 0.0074 0
 0.9418 0.0223 0.034 0.0019 0
 0.707729 0.231977 0.0356964 0.0245975 0
 0.517169 0.277429 0.184464 0.0207286 0.00020938
 0.811772 0.124168 0.05621 0.00726502 0.000585176
 0.764997 0.148141 0.077277 0.00933861 0.000247198
 0.163321 0.427699 0.378323 0.0303852 0.000271297
 0.753843 0.0900009 0.118128 0.0371064 0.000921714
 0.721811 0.176058 0.0630433 0.0369309 0.00215725
 0.143369 0.312575 0.442814 0.0836902 0.0175525
 0.692698 0.0596174 0.167031 0.0765114 0.00414204
 0.394062 0.376323 0.152708 0.0712218 0.00568511
 0.125707 0.32114 0.495352 0.0537591 0.00404204
 0.23352 0.215282 0.420074 0.123614 0.00750983
 0.774587 0.0839891 0.0768558 0.0609784 0.00358967
pf_pred 
 0.2771 0.197279 0.466653 0.058967 9.14834e-07
 0.415476 0.208402 0.104356 0.24131 0.0304559
 0.885501 0.0608122 0.0195236 0.00948965 0.0246735
 0.61592 0.35522 0.0155512 0.00484512 0.0084641
 0.658267 0.253233 0.0820954 0.0034547 0.00295019
 0.979854 0.0154252 0.00353005 0.00110466 8.60161e-05
 0.280937 0.709162 0.00762498 0.00170214 0.000573363
 0.344773 0.25702 0.392907 0.00408329 0.00121632
 0.75412 0.106474 0.0554551 0.0828356 0.00111591
 0.897774 0.0865561 0.00693962 0.00347725 0.0052532
 0.92233 0.0737152 0.00337541 0.000256793 0.000322124
 0.878654 0.114727 0.00629027 0.000281056 4.81392e-05
 0.794992 0.189652 0.0145465 0.000769198 4.01768e-05
 0.799425 0.174103 0.024553 0.00181728 0.000100922
 0.860927 0.123772 0.013366 0.00179479 0.000139849
 0.979653 0.0187791 0.00140208 0.000144663 2.08877e-05
 0.279446 0.711479 0.00839629 0.000606734 7.15142e-05
 0.974517 0.00989882 0.0153942 0.000175716 1.41688e-05
 0.57068 0.422102 0.00285001 0.00431459 5.3143e-05
 0.794445 0.140665 0.0638351 0.000417047 0.000638014
 0.791533 0.179905 0.0197434 0.00867599 0.000143142
 0.873492 0.108473 0.0156286 0.00166365 0.000741922
 0.248452 0.689026 0.0538453 0.00752064 0.00115563
 0.851331 0.0498861 0.090775 0.00689839 0.00110989
 0.72632 0.245387 0.00966027 0.0171244 0.00150861
 0.417491 0.465118 0.105546 0.00404771 0.0077964
 0.836048 0.0845892 0.063697 0.0140876 0.00157863
 0.802113 0.175253 0.0118304 0.00867373 0.00213024
 0.300407 0.597513 0.0906531 0.00597611 0.00545065
 0.379326 0.238164 0.327834 0.0485635 0.0061134
 0.921384 0.0390236 0.0154831 0.0206679 0.00344136
pobs_RECLAS
 0 0 0 0 0
 0 0 0 0 0
 0 0 0 0 0
 0 0 0 0 0
 0 0 0 0 0
 0 0 0 0 0
 0 0 0 0 0
 0 0 0 0 0
 0 0 0 0 0
 0 0 0 0 0
 0.991045 0.00858322 0.000360255 1.14367e-05 0
 0.934742 0.0480273 0.0164251 0.00080598 0
 0.827803 0.169806 0.00239088 0 0
 0.941827 0.0461693 0.0120037 0 0
 0.791401 0.0380133 0.147996 0.0225897 0
 0.846168 0.0940531 0.0597789 0 0
 0.134021 0.677848 0.182769 0.00536245 0
 0.80878 0.0450904 0.141981 0.00414843 0
 0.846168 0.0940531 0.0597789 0 0
 0.905697 0.0802665 0.012482 0.00150086 5.37128e-05
 0.989698 0.0102097 9.19794e-05 0 0
 0.975433 0.0193895 0.00387452 0.00125025 5.28907e-05
 0.303575 0.632131 0.0575291 0.00676475 0
 0.966965 0.00978017 0.0227588 0.000495775 0
 0.843318 0.132988 0.00938335 0.0141283 0.000182051
 0.564624 0.303363 0.111486 0.0197234 0.00080311
 0.826376 0.0876187 0.0782897 0.00655872 0.00115652
 0.89761 0.0855135 0.0140674 0.00269457 0.000114338
 0.34875 0.467042 0.161289 0.0227151 0.000203297
 0.318654 0.224769 0.449479 0.00709798 0
 0.937255 0.0296025 0.0250945 0.00804832 0
ppred_RECLAS
 0.342156 0.182211 0.422324 0.0533077 8.26987e-07
 0.49656 0.182158 0.0892172 0.206059 0.0260053
 0.914461 0.0459194 0.0144192 0.00700033 0.0182
 0.695677 0.281999 0.0120368 0.0037451 0.00654199
 0.730489 0.200951 0.0636045 0.00267316 0.00228263
 0.985013 0.0115313 0.00258457 0.000807894 6.29043e-05
 0.352188 0.6391 0.00671191 0.00149643 0.000504038
 0.416139 0.231876 0.347305 0.00360545 0.00107392
 0.815028 0.0812699 0.0412851 0.0615873 0.000829607
 0.930506 0.0591222 0.00459776 0.00230005 0.00347447
 0.941064 0.055994 0.00251135 0.000190847 0.000239387
 0.910441 0.0847845 0.00453762 0.000202485 3.46791e-05
 0.844478 0.144129 0.0107936 0.000570023 2.97715e-05
 0.856166 0.125325 0.0171702 0.00126888 7.04608e-05
 0.9009 0.088464 0.00929276 0.00124599 9.70794e-05
 0.985221 0.0136643 0.000996996 0.000102741 1.48337e-05
 0.349756 0.642242 0.00740493 0.000534434 6.29882e-05
 0.981287 0.00736435 0.011211 0.000127821 1.03062e-05
 0.647895 0.346323 0.00228496 0.00345491 4.25515e-05
 0.843044 0.10818 0.0479832 0.000313102 0.000478963
 0.839253 0.139151 0.0149334 0.0065545 0.000108133
 0.904931 0.0817785 0.0115198 0.0012248 0.000546178
 0.310367 0.633399 0.0484381 0.00675761 0.00103832
 0.886948 0.0384728 0.0685396 0.00520275 0.00083703
 0.782308 0.195626 0.0075398 0.0133505 0.00117607
 0.492605 0.40686 0.0904017 0.00346303 0.00666985
 0.8746 0.0653736 0.048188 0.0106454 0.00119284
 0.844947 0.137648 0.0091023 0.00666625 0.00163712
 0.36615 0.542989 0.0806999 0.00531413 0.0048466
 0.459518 0.210287 0.283045 0.0418787 0.00527155
 0.942221 0.0290177 0.0112558 0.0150069 0.00249861
pobs_PELACES
 0 0 0 0 0
 0 0 0 0 0
 0 0 0 0 0
 0 0 0 0 0
 0 0 0 0 0
 0 0 0 0 0
 0 0 0 0 0
 0 0 0 0 0
 0 0 0 0 0
 0 0 0 0 0
 0 0 0 0 0
 0 0 0 0 0
 0 0 0 0 0
 0 0 0 0 0
 0 0 0 0 0
 0 0 0 0 0
 0.505614 0.472636 0.0217494 0 0
 0 0 0 0 0
 0.443492 0.261883 0.143347 0.151278 0
 0.227955 0.32914 0.350689 0.0885471 0.00366901
 0.970185 0.0296113 0.000203453 0 0
 0.997202 0.00247181 0.000326279 0 0
 0.445219 0.490057 0.0546422 0.010081 0
 0.90214 0.0892962 0.00764917 0.000914606 0
 0 0 0 0 0
 0.581667 0.319106 0.0959925 0.00289975 0.000334073
 0.762889 0.0836404 0.116647 0.0363945 0.000428098
 0.88444 0.0763242 0.0277011 0.0115352 0
 0.521256 0.241999 0.230069 0.00667565 0
 0.616807 0.101726 0.260614 0.0208532 0
 0.833518 0.0704572 0.0857862 0.0102388 0
ppred_PELACES
 0.334701 0.184548 0.426875 0.0538762 8.35802e-07
 0.50062 0.18135 0.0883333 0.203957 0.0257396
 0.915674 0.0453885 0.0141738 0.00687914 0.0178847
 0.710583 0.268383 0.011344 0.00352771 0.00616207
 0.740156 0.194142 0.0609544 0.00256067 0.00218652
 0.984721 0.011765 0.00262882 0.000821589 6.39701e-05
 0.361385 0.63009 0.00656767 0.00146368 0.000492996
 0.408506 0.235215 0.351543 0.00364902 0.00108689
 0.825333 0.077157 0.0388318 0.0578985 0.000779896
 0.939304 0.0517558 0.0039647 0.00198176 0.00299352
 0.939787 0.0572156 0.00255872 0.000194416 0.000243862
 0.914571 0.0809103 0.00429423 0.000191538 3.28035e-05
 0.850618 0.13852 0.0102905 0.00054322 2.83709e-05
 0.870766 0.1128 0.0152459 0.00112585 6.2516e-05
 0.909972 0.0804723 0.00835002 0.00111885 8.71702e-05
 0.985663 0.013263 0.000961151 9.9011e-05 1.42949e-05
 0.357806 0.634346 0.00726165 0.000523891 6.17444e-05
 0.981214 0.00741131 0.0112362 0.00012808 1.0327e-05
 0.655193 0.339184 0.00222238 0.00335904 4.13699e-05
 0.846933 0.105717 0.0465815 0.000303847 0.000464797
 0.841631 0.137201 0.0146386 0.00642307 0.000105963
 0.906796 0.0802431 0.0112344 0.00119407 0.000532463
 0.31074 0.6333 0.0482041 0.00672328 0.00103303
 0.886161 0.0388386 0.0689273 0.00523111 0.000841582
 0.780651 0.197194 0.00757112 0.0134031 0.0011807
 0.4894 0.409722 0.0907116 0.00347424 0.00669136
 0.87413 0.0657494 0.0482656 0.0106602 0.00119448
 0.841474 0.140773 0.00928452 0.00679874 0.00166964
 0.360115 0.548368 0.0812848 0.00535189 0.00488099
 0.464995 0.208917 0.279537 0.0413465 0.00520447
 0.943592 0.0284196 0.0109554 0.0146015 0.00243106
pobs_pel_tallas
 0 0 0 0 0 0 0 0 0 0 0 0 0 0 0 0 0 0 0 0 0 0 0 0 0 0
 0 0 0 0 0 0 0 0 0 0 0 0 0 0 0 0 0 0 0 0 0 0 0 0 0 0
 0 0 0 0 0 0 0 0 0 0 0 0 0 0 0 0 0 0 0 0 0 0 0 0 0 0
 0 0 0 0 0 0 0 0 0 0 0 0 0 0 0 0 0 0 0 0 0 0 0 0 0 0
 0 0 0 0 0 0 0 0 0 0 0 0 0 0 0 0 0 0 0 0 0 0 0 0 0 0
 0 0 0 0 0 0 0 0 0 0 0 0 0 0 0 0 0 0 0 0 0 0 0 0 0 0
 0 0 0 0 0 0 0 0 0 0 0 0 0 0 0 0 0 0 0 0 0 0 0 0 0 0
 0 0 0 0 0 0 0 0 0 0 0 0 0 0 0 0 0 0 0 0 0 0 0 0 0 0
 0 0 0 0 0 0 0 0 0 0 0 0 0 0 0 0 0 0 0 0 0 0 0 0 0 0
 0 0 0 0 0 0 0 0 0 0 0 0 0 0 0 0 0 0 0 0 0 0 0 0 0 0
 0 0 0 0 0 0 0 0 0 0 0 0 0 0 0 0 0 0 0 0 0 0 0 0 0 0
 0 0 0 0 0 0 0 0 0 0 0 0 0 0 0 0 0 0 0 0 0 0 0 0 0 0
 0.00862536 0 0 0.000197151 0.00414017 0.0128641 0.00837892 0.0270097 0.101434 0.158115 0.152841 0.127902 0.109271 0.109419 0.0830992 0.0579132 0.0238553 0.00714673 0.00463305 0.00128148 0.00103504 0.000492878 0.000147863 0.000147863 4.92878e-05 0
 0 0 0 0 0 0 0 0 0 0 0 0 0 0 0 0 0 0 0 0 0 0 0 0 0 0
 0 0 0 0 0 0 0 0.0054083 0.00873648 0.0413646 0.0450493 0.0745869 0.0622846 0.0627006 0.0613931 0.0827291 0.12552 0.122667 0.0946155 0.0697135 0.0546179 0.0294188 0.0215738 0.0213955 0.0102223 0.00600262
 0 0 0 0 0.00359764 0.0251062 0.0480494 0.140153 0.205849 0.193036 0.1447 0.116669 0.0760912 0.0342217 0.00950174 0.001854 0.000860785 0 0 0 0.000165536 0 0.000143464 0 0 0
 0 0 0 0 0 0 0 0.000145254 0.000435761 0.0275982 0.070085 0.0708112 0.156366 0.174668 0.174014 0.160142 0.0824315 0.0480064 0.0283245 0.00493863 0.00203355 0 0 0 0 0
 0 0 0 0 0 0 0 0 0 0 0 0 0 0 0 0 0 0 0 0 0 0 0 0 0 0
 0 0 1.00437e-05 0.000401748 0.00122533 0.00171747 0.00176769 0.0269171 0.070346 0.194647 0.189555 0.159765 0.064822 0.0314167 0.0384472 0.0292271 0.0345202 0.0313363 0.0194345 0.0106764 0.0143323 0.0359363 0.0279516 0.0138201 0.00172751 0
 0 0.0021121 0.0136068 0.0755702 0.200478 0.177729 0.0527432 0.0373336 0.0318909 0.0142505 0.0149659 0.0166563 0.0217959 0.0798694 0.0677717 0.0528807 0.04013 0.0224614 0.0357745 0.0225083 0.00881397 0.00855152 0.00135912 0.000746735 0 0
 0 0 0 0 5.4009e-05 0.00500934 0.000945158 0.0243581 0.138947 0.33067 0.221406 0.137944 0.0707744 0.0437923 0.0131692 0.00525238 0.0047753 0.00276346 9.45158e-05 9.00151e-06 2.25038e-05 9.00151e-06 4.50075e-06 0 0 0
 0.000866109 0.00284123 0.00948549 0.0512746 0.133035 0.25785 0.225252 0.132002 0.0553304 0.0519788 0.0540692 0.017754 0.00435017 0.00159236 0.00146478 0.000404838 0.000125132 0.000115318 0.000107957 0.000100596 0 0 0 0 0 0
 0 0 0 0 0.00144013 0.00171154 0.00461396 0.0210425 0.0478622 0.0707936 0.0888783 0.103762 0.0637923 0.0337046 0.0602308 0.124433 0.169614 0.0934646 0.0462172 0.0250306 0.0313229 0.00938855 0.002487 0.000210481 0 0
 0 0.00764035 0.051015 0.0998891 0.058973 0.0496711 0.0374665 0.0718981 0.12319 0.153886 0.159021 0.0857701 0.0377988 0.023471 0.0147837 0.00900784 0.00315554 0.000888139 0.00291439 0.00214683 0.00393193 0.00274676 0.000635225 9.99891e-05 0 0
 0 0 0 0 0 0 0 0 0 0 0 0 0 0 0 0 0 0 0 0 0 0 0 0 0 0
 0 0 0 0 0 0 0 0 0 0 0 0 0 0 0 0 0 0 0 0 0 0 0 0 0 0
 0 0 0 0 0 0 0 0 0 0 0 0 0 0 0 0 0 0 0 0 0 0 0 0 0 0
 0 0 0 0 0 0 0 0 0 0 0 0 0 0 0 0 0 0 0 0 0 0 0 0 0 0
 0 0 0 0 0 0 0 0 0 0 0 0 0 0 0 0 0 0 0 0 0 0 0 0 0 0
 0 0 0 0 0 0 0 0 0 0 0 0 0 0 0 0 0 0 0 0 0 0 0 0 0 0
 0 0 0 0 0 0 0 0 0 0 0 0 0 0 0 0 0 0 0 0 0 0 0 0 0 0
ppred_pel_tallas
 1.1777e-16 2.75689e-05 0.00026798 0.00178082 0.00809536 0.0251878 0.0536659 0.0783307 0.0783492 0.0537562 0.0254928 0.00898468 0.00404374 0.00530922 0.00989841 0.0170938 0.0264225 0.0369796 0.0477327 0.0580183 0.06756 0.0759039 0.0818751 0.0837579 0.0802179 0.071248
 1.27406e-16 4.12354e-05 0.000400823 0.00266361 0.0121084 0.0376738 0.0802687 0.117158 0.117176 0.080355 0.0379642 0.0129497 0.00478481 0.00506393 0.00899666 0.0150803 0.0223923 0.0296604 0.0357077 0.0402358 0.044063 0.0484669 0.0540916 0.0602749 0.0652726 0.0671493
 1.04138e-16 7.54229e-05 0.000733137 0.00487195 0.0221472 0.0689082 0.146816 0.214284 0.214288 0.146838 0.0689803 0.0223558 0.00539654 0.00188152 0.00226619 0.00365386 0.00532223 0.00684035 0.00783503 0.0081634 0.00800498 0.00773748 0.0076868 0.00794194 0.0083462 0.00862582
 1.01793e-16 5.85299e-05 0.000568931 0.00378075 0.0171867 0.0534745 0.113934 0.166295 0.166321 0.11406 0.053898 0.0184095 0.00684793 0.00725788 0.0127423 0.0209216 0.0300129 0.0374925 0.0408345 0.0388848 0.0325666 0.0242921 0.0165659 0.010849 0.00732943 0.00541475
 1.02436e-16 6.09657e-05 0.000592609 0.00393809 0.017902 0.0556999 0.118675 0.173214 0.173233 0.118767 0.056008 0.0187924 0.00617549 0.00548471 0.00937479 0.0154609 0.0224021 0.0284505 0.0318516 0.0317693 0.0287416 0.024244 0.0197402 0.0159856 0.0129921 0.0104445
 1.00173e-16 8.11101e-05 0.000788419 0.00523932 0.0238172 0.0741042 0.157887 0.230441 0.230442 0.157892 0.0741228 0.0238711 0.00537459 0.00108397 0.000643204 0.000937022 0.00134673 0.00170344 0.00189569 0.00187376 0.00167367 0.00139012 0.00111713 0.000903235 0.000747389 0.000624289
 1.00581e-16 2.9767e-05 0.000289346 0.00192281 0.00874083 0.0271963 0.0579468 0.0845878 0.0846484 0.0582429 0.0281899 0.0116088 0.00911517 0.0159684 0.0297425 0.0489537 0.0701187 0.0873383 0.0946235 0.0892176 0.0732888 0.0525753 0.0331078 0.0185138 0.00942986 0.00460298
 1.10755e-16 3.36481e-05 0.000327072 0.00217351 0.00988046 0.0307419 0.0654997 0.0956036 0.0956268 0.0656131 0.0311241 0.0109905 0.00498314 0.00653755 0.0120532 0.0204566 0.0308163 0.0415474 0.0509328 0.0579775 0.0626776 0.0654209 0.0661468 0.064149 0.0587167 0.04997
 1.07079e-16 6.79816e-05 0.000660805 0.00439128 0.0199621 0.0621097 0.132332 0.193143 0.193151 0.132368 0.062233 0.0203192 0.00529097 0.00263611 0.00385349 0.006355 0.00937165 0.0122752 0.014493 0.0158137 0.0165098 0.0170981 0.0179184 0.0188723 0.0194978 0.0192766
 1.00834e-16 7.73693e-05 0.000752057 0.00499768 0.0227187 0.0706864 0.150605 0.219814 0.219819 0.150629 0.0707682 0.0229548 0.00559002 0.00204447 0.00252998 0.00405531 0.00582359 0.00730215 0.00800796 0.00772526 0.00663451 0.00519536 0.00387568 0.00293408 0.00238068 0.00207881
 1.0015e-16 7.74091e-05 0.000752444 0.00500025 0.0227304 0.0707228 0.150683 0.219927 0.219932 0.15071 0.0708131 0.0229911 0.00565407 0.00217824 0.00278083 0.00446311 0.00639433 0.00798293 0.0086839 0.00824741 0.00686633 0.00505221 0.00333955 0.00204534 0.00122044 0.00075235
 1.0017e-16 7.5332e-05 0.000732254 0.00486609 0.0221205 0.0688252 0.14664 0.214027 0.214034 0.146678 0.0689529 0.0224892 0.00579089 0.00274913 0.00389989 0.00631265 0.00904985 0.011303 0.0123038 0.0116982 0.00975645 0.00719794 0.00477432 0.00293132 0.00174173 0.00105103
 1.00392e-16 7.00643e-05 0.00068105 0.00452582 0.0205737 0.0640125 0.136386 0.199062 0.199075 0.136451 0.0642312 0.0212052 0.00611016 0.00413703 0.00662573 0.0108219 0.0155332 0.019428 0.0211992 0.0202414 0.0170108 0.0127241 0.00864814 0.00552784 0.00347859 0.00223972
 1.00593e-16 7.17238e-05 0.000697181 0.00463301 0.021061 0.0655287 0.139616 0.203776 0.203787 0.139669 0.065707 0.0215761 0.0059257 0.00351868 0.00542891 0.00885778 0.0127435 0.0160033 0.0175833 0.0169927 0.0145877 0.011325 0.00818904 0.00574237 0.0040555 0.00292294
 1.00389e-16 7.49532e-05 0.000728572 0.00484161 0.0220093 0.0684791 0.145902 0.21295 0.212958 0.14594 0.0686062 0.0223764 0.00576296 0.00273897 0.00389038 0.00630584 0.00905954 0.011356 0.0124389 0.0119584 0.0101754 0.00778514 0.0055058 0.0037516 0.00257683 0.00182772
 1.00044e-16 8.11877e-05 0.000789174 0.00524434 0.02384 0.0741751 0.158038 0.230661 0.230662 0.158044 0.074196 0.0239005 0.00539603 0.00112007 0.000708858 0.00104137 0.00148747 0.00186016 0.00202986 0.0019385 0.00162991 0.00122074 0.000832328 0.000535835 0.000341949 0.00022522
 1.00435e-16 2.94722e-05 0.00028648 0.00190376 0.00865427 0.026927 0.057373 0.0837504 0.0838114 0.0576711 0.0279273 0.0115416 0.00914483 0.0160717 0.0299437 0.0492859 0.070595 0.0879317 0.0952652 0.0898171 0.0737662 0.0528853 0.0332439 0.0184969 0.00929322 0.00438359
 1.00341e-16 8.08213e-05 0.000785612 0.00522067 0.0237324 0.0738403 0.157325 0.22962 0.229621 0.157328 0.0738523 0.0237674 0.00530925 0.000981458 0.000459963 0.000651154 0.000973346 0.00131315 0.00161183 0.00183781 0.00199052 0.00208135 0.00210729 0.00204516 0.00187221 0.0015926
 1.00495e-16 5.39675e-05 0.000524583 0.00348604 0.015847 0.0493062 0.105053 0.153335 0.153368 0.105213 0.049841 0.0173908 0.00735752 0.00896413 0.0160471 0.0263518 0.0377401 0.047007 0.0509286 0.0480258 0.0394725 0.0283639 0.0179485 0.0101734 0.00536654 0.00283423
 1.01481e-16 6.97607e-05 0.000678099 0.00450621 0.0204846 0.0637352 0.135795 0.198199 0.198209 0.135845 0.0639033 0.0209709 0.00572918 0.00335526 0.00517572 0.00850177 0.0123686 0.0158172 0.0179064 0.0181778 0.0168893 0.0147756 0.0125482 0.0105484 0.00876035 0.00705056
 1.0112e-16 6.93241e-05 0.000673855 0.004478 0.0203564 0.0633363 0.134945 0.196959 0.196972 0.13501 0.0635531 0.0209825 0.0060494 0.00410316 0.00657907 0.0107587 0.0154729 0.0194187 0.021319 0.0205872 0.0176745 0.0137642 0.0100667 0.00726115 0.00540527 0.00420463
 1.00555e-16 7.46916e-05 0.000726029 0.00482472 0.0219325 0.0682401 0.145393 0.212207 0.212215 0.145431 0.068367 0.0222989 0.0057445 0.00273376 0.00388724 0.00630672 0.00907404 0.0114019 0.0125411 0.0121445 0.0104665 0.00818653 0.00600134 0.00430515 0.003141 0.00235617
 1.02403e-16 2.55954e-05 0.000248796 0.00165334 0.00751589 0.023385 0.0498265 0.0727361 0.072797 0.0501244 0.024385 0.0104033 0.00889768 0.0160518 0.0300043 0.0494732 0.0710539 0.0889033 0.097074 0.0928105 0.0782044 0.058815 0.0404157 0.026379 0.0171916 0.0116247
 1.02667e-16 7.29919e-05 0.000709508 0.00471493 0.0214334 0.0666872 0.142084 0.207377 0.207381 0.142103 0.0667507 0.021618 0.0051832 0.00174751 0.0020905 0.00346059 0.00525717 0.00719113 0.00900052 0.010533 0.0117715 0.0127268 0.0133054 0.0132995 0.0125237 0.0109773
 1.01813e-16 6.43012e-05 0.000625031 0.00415355 0.0188815 0.0587473 0.125168 0.18269 0.182709 0.125261 0.0590585 0.01978 0.00640771 0.00554145 0.00938867 0.0153867 0.0220836 0.0276173 0.0301442 0.0288314 0.0243683 0.0185258 0.0131217 0.0091845 0.00679468 0.00546532
 1.04204e-16 4.03113e-05 0.000391841 0.00260392 0.0118371 0.0368297 0.0784711 0.114539 0.114579 0.0786643 0.0374786 0.0137119 0.0073122 0.0106773 0.0195954 0.0323856 0.0467726 0.0590698 0.0655239 0.0643684 0.05683 0.046217 0.0358737 0.0276203 0.0215827 0.0170244
 1.02681e-16 7.2001e-05 0.000699875 0.00465092 0.0211424 0.0657819 0.140155 0.204562 0.204569 0.140187 0.0658872 0.0214473 0.00541942 0.00238772 0.00330747 0.00543229 0.0080016 0.0104457 0.012227 0.0130857 0.0131564 0.0128014 0.0123089 0.011718 0.0108832 0.00967039
 1.01269e-16 6.93112e-05 0.000673729 0.00447717 0.0203526 0.0633244 0.13492 0.196922 0.196936 0.134986 0.0635467 0.0209944 0.00608753 0.00418677 0.00673426 0.0110054 0.0158057 0.0197913 0.0216466 0.0207733 0.0176519 0.0135284 0.00968193 0.00683686 0.00505587 0.00401137
 1.03849e-16 2.96623e-05 0.000288328 0.00191604 0.00871009 0.0271006 0.0577427 0.0842882 0.084341 0.0580009 0.0279678 0.0112148 0.0082031 0.0140129 0.0260943 0.0430892 0.0620589 0.0780129 0.0858648 0.0832396 0.0718646 0.0563619 0.0414707 0.0298701 0.0218556 0.0164013
 1.13148e-16 3.83011e-05 0.0003723 0.00247406 0.0112468 0.0349929 0.0745569 0.108822 0.108843 0.0746574 0.0353316 0.0122301 0.0049617 0.00586658 0.0106598 0.0180501 0.0271357 0.0364981 0.0446414 0.0507699 0.05503 0.0579411 0.0595675 0.05925 0.0561287 0.0499337
 1.022e-16 7.77225e-05 0.00075549 0.0050205 0.0228225 0.0710091 0.151293 0.220817 0.220819 0.151306 0.0710544 0.0229535 0.00535018 0.0014781 0.00145888 0.00231263 0.00338203 0.00438093 0.00508133 0.00539568 0.00542653 0.00538449 0.00543399 0.00558878 0.00572435 0.00567455
pSPR Fmed_Fpbrs
0.277002   0.23198 0.23198
Fs Fmed_Fpbrs
0.856971   1.005 1.005
SSBpbr Bo_Bmed_Bpbrs
1.33733e+06  303575  243367 243367
Ro
78367.9
SPR SPRFo_SPRFmed_SPRFpbrs
560168 155168 129948
Fref
1.005
Nvult_r0
 90289.6 3212.35 1261.77 1683.4 280.29
CTP_r0
 36899.3 1562.8 620.062 827.703 137.819
YTP_r0
391106
Np
 101575 20401.8 534.454 205.366 311.935
Nvult_p0
 83350.3 17597 462.404 177.71 269.929
CTP_p0
 34835.2 8728.87 231.651 89.0738 135.301
YTP_p0
 415314
CBA_c0
398369
log_Ro
11.0892
likeval ReclasPelacesDesembMPH_pf_preclas_ppelaces_ptallas_desvR_qrecl_qpela
 13.0027 18.6184 0.101336 0.000897675 267.277 116.257 107.997 0 41.0916 6.25961e-05 0.000112257 0.0187245 0 0 0
q_reclas_q_pelaces
3.06832 4.51484
M
1
N
 51349 27566.1 64088.4 8090.87 0.125518
 37969.4 15085.9 7450.68 17216.1 2172.77
 139206 7575.1 2398.7 1165.06 3029.11
 57754.5 27689.5 1199.55 373.523 652.501
 22812 7167.19 2296.51 96.5809 82.4739
 283394 3418.28 769.743 240.67 18.7393
 36124.2 74007.4 786.148 175.381 59.0747
 10227 5761.67 8658.27 89.8993 26.7777
 25307.7 2956.82 1523.45 2274.34 30.6376
 39429.9 3303.6 262.844 131.651 198.885
 44566.1 2721.5 122.597 9.31877 11.689
 111135 11886.3 644.253 28.7684 4.92728
 82986 16159.5 1224.99 64.7357 3.38116
 66803 12504.3 1748.76 129.377 7.18471
 44503.4 5441.95 582.395 78.1669 6.09057
 271089 4182.61 308.344 31.7927 4.59035
 22748.6 46814.4 545.656 39.4044 4.64434
 478013 3775.04 5782.77 65.9539 5.31797
 186838 111402 742.777 1123.73 13.8406
 223652 31800.2 14247 93.0153 142.293
 218284 39458.3 4272.17 1876.01 30.9503
 423937 42027 5975.42 635.631 283.456
 36331.7 78951.2 6080.65 848.637 130.398
 175093 7944.95 14236.2 1080.99 173.914
 161012 42133.9 1633.4 2893.11 254.864
 44971.7 38668 8638.62 331.018 637.554
 141180 11107.5 8238.82 1820.69 204.014
 197614 32858.6 2181.53 1598.03 392.454
 35863.7 54292.4 8101.31 533.59 486.65
 19691.2 9845.92 13372.3 1979.49 249.178
 110691 3746.81 1467.13 1957.07 325.854
pred_Ctot
 6657.84 4739.98 11212.2 1416.79 0.0219806
 11538.3 5787.58 2898.11 6701.48 845.799
 42461.7 2916.08 936.197 455.049 1183.15
 26344.4 15193.7 665.162 207.238 362.031
 9176.57 3530.19 1144.45 48.1603 41.1271
 53439.2 841.259 192.521 60.2458 4.69114
 13822.8 34892.6 375.168 83.7494 28.2109
 1411.43 1052.19 1608.48 16.7161 4.97935
 11197.1 1580.91 823.39 1229.93 16.5689
 22977.1 2215.27 177.609 88.9949 134.447
 7952.18 635.56 29.1022 2.21403 2.7773
 45720.1 5969.73 327.31 14.6245 2.50489
 33241 7929.93 608.231 32.1625 1.67991
 36891.1 8034.36 1133.05 83.8623 4.65724
 23269.1 3345.31 361.256 48.5095 3.77984
 96574.6 1851.25 138.218 14.2609 2.05911
 8409.77 21411.5 252.681 18.2593 2.15218
 114902 1167.14 1815.09 20.7181 1.67061
 67484.3 49914.5 337.02 510.21 6.28428
 78020.8 13814.4 6269.11 40.9573 62.658
 69271.3 15744.5 1727.85 759.284 12.5271
 139730 17352.1 2500.06 266.129 118.683
 9713.14 26937.2 2105.06 294.016 45.179
 39619.7 2321.63 4224.53 321.041 51.6528
 36576.6 12357.4 486.48 862.366 75.9721
 9648.02 10748.7 2439.12 93.5406 180.171
 34017.6 3441.81 2591.74 573.204 64.2322
 32385.7 7075.91 477.658 350.206 86.0097
 5890.61 11716.5 1777.6 117.184 106.88
 6335.13 3977.58 5475.17 811.062 102.1
 36899.3 1562.8 620.062 827.703 137.819
F
 0.224887 0.308282 0.314419 0.314748 0.314766
 0.611915 0.838831 0.855529 0.856426 0.856473
 0.6149 0.842923 0.859702 0.860604 0.860651
 1.08669 1.48966 1.51932 1.52091 1.52099
 0.898151 1.23121 1.25572 1.25704 1.25711
 0.342674 0.469748 0.479098 0.479601 0.479627
 0.835734 1.14565 1.16846 1.16968 1.16975
 0.240912 0.330249 0.336823 0.337176 0.337195
 1.03609 1.42031 1.44858 1.4501 1.45018
 1.67334 2.29387 2.33953 2.34198 2.34211
 0.321591 0.440846 0.449622 0.450093 0.450118
 0.928233 1.27245 1.29778 1.29914 1.29921
 0.892598 1.2236 1.24796 1.24927 1.24933
 1.50761 2.06668 2.10782 2.11003 2.11015
 1.36463 1.87067 1.90791 1.90991 1.91002
 0.756259 1.0367 1.05734 1.05845 1.05851
 0.796093 1.09131 1.11303 1.1142 1.11426
 0.456491 0.625771 0.638228 0.638897 0.638932
 0.770773 1.0566 1.07763 1.07876 1.07882
 0.734847 1.00735 1.0274 1.02848 1.02854
 0.647484 0.88759 0.905259 0.906208 0.906258
 0.680756 0.933202 0.951778 0.952776 0.952829
 0.520154 0.713042 0.727236 0.727999 0.728039
 0.424467 0.581872 0.593455 0.594077 0.59411
 0.426464 0.58461 0.596248 0.596873 0.596906
 0.398413 0.546156 0.557028 0.557612 0.557643
 0.457819 0.627592 0.640085 0.640756 0.640792
 0.291932 0.400189 0.408155 0.408583 0.408606
 0.292669 0.4012 0.409186 0.409615 0.409638
 0.65927 0.903748 0.921737 0.922704 0.922755
 0.691124 0.947413 0.966273 0.967286 0.967339
nmprior
 8.19 8.8 8.5 0
nm_flota  nm_reclas  nm_pelaces    nm_pelaL
inf 26.0936 9.90748 19.713
cv_recla  cv_pelaces  cv_mph
0.326168 0.489264 0.924623
 ------------------------------------------------
Talla a la edad & desviaci?n 
 8 13.2811 15.8009 17.003 17.5766
 0.8 1.32811 1.58009 1.7003 1.75766
