years
 1991 1992 1993 1994 1995 1996 1997 1998 1999 2000 2001 2002 2003 2004 2005 2006 2007 2008 2009 2010 2011 2012 2013 2014 2015 2016 2017 2018 2019 2020 2021
reclasobs
 0 0 0 0 0 0 0 0 0 252601 567819 844713 477998 351125 339783 2.1784e+06 2.13404e+06 4.81314e+06 1.55562e+06 2.62356e+06 3.21686e+06 3.843e+06 1.13348e+06 3.07943e+06 1.97215e+06 2.03268e+06 2.025e+06 2.42433e+06 2.27542e+06 1.05018e+06 2.36338e+06
reclaspred
 3.39634e+06 1.98211e+06 818195 498375 92777.4 2.16529e+06 843576 259370 762657 225219 206777 904277 478978 396927 269357 1.91296e+06 1.12082e+06 7.83137e+06 4.65313e+06 1.48207e+06 3.5524e+06 3.61558e+06 1.93437e+06 4.79486e+06 2.74219e+06 1.19387e+06 2.30266e+06 3.90848e+06 2.76024e+06 938488 1.33271e+06
pelacesobs
 0 0 0 0 0 0 0 0 0 0 0 0 0 0 0 552880 188675 0 991730 2.46772e+06 1.41603e+06 1.21717e+06 2.29649e+06 1.80582e+06 0 1.4828e+06 1.56532e+06 1.57751e+06 1.42118e+06 867257 1.10002e+06
pelacespred
 514970 413518 186039 87568 12209.5 497075 150631 60034.7 165925 36129.1 44753.9 172875 84054.8 73404.2 47350.2 364313 209749 1.93101e+06 1.10032e+06 353111 794837 777038 419062 1.2463e+06 688061 292019 637048 1.05241e+06 620929 249002 313736
mphobs
 0 0 0 0 0 0 0 0 0 0 0 498337 0 5186 125008 0 168611 109162 213762 579715 649985 157893 87575 83554 0 0 0 0 0 0 0
mphpred
 58303.2 417663 195982 58837.9 30667 4652.52 227737 61787.4 22922 67780.5 10845.5 22575.4 88336.3 29169.7 17986.8 16391.9 223880 113986 940953 416251 156087 347968 399048 215658 523995 278520 105970 224159 523998 262409 75417.5
desembarqueobs
 494567 514787 250237 358949 120608 361735 552515 73892 212993 205616 52469 317467 293654 387597 252695 516296 358380 742168 942051 627588 828172 859565 418607 520667 417249 300574 407403 355545 319650 289779 391294
desembarquepred
 494188 520597 246821 358157 120428 361418 551519 73844.5 212739 205250 52427.4 317017 293014 386589 252173 515656 358032 741584 940168 625693 827159 858251 418128 520257 416688 300032 406962 355251 319314 289291 390832
Reclutas
 534706 423.99 1079.39 98880.6 558.888 329825 557.658 155.712 69073 714.56 32373.1 188002 31807.8 73424.5 43051.2 396592 1707.93 1.15952e+06 85953.8 11184.4 420448 552181 1706.92 372339 101727 7178.09 226084 332004 4947.75 1740.04 137637
log_desv_Rt
 3.01891 -4.12085 -3.18641 1.33111 -3.84461 2.53575 -3.84682 -5.12256 0.972357 -3.5989 0.21452 1.97364 0.196906 1.03345 0.499584 2.7201 -2.72752 3.79295 1.191 -0.848285 2.77851 3.05107 -2.72812 2.657 1.35949 -1.29177 2.1581 2.54234 -1.66387 -2.7089 1.66181
SSB
 154286 1.10525e+06 518621 155701 81153.3 12311.8 602656 163507 60658 179366 28700.1 59740.7 233762 77191.1 47597.9 43377.5 592449 301639 2.49002e+06 1.10151e+06 413049 920818 1.05599e+06 570690 1.38664e+06 737040 280425 593187 1.38664e+06 694405 199575
BT
 1.47224e+06 1.39925e+06 664627 526679 129301 1.4664e+06 841001 209498 574414 266960 149529 660184 446682 577561 358834 1.24476e+06 767841 5.11806e+06 3.41582e+06 1.48271e+06 2.57856e+06 2.53743e+06 1.32756e+06 3.37233e+06 1.98587e+06 972496 1.90645e+06 2.77351e+06 1.6983e+06 897669 1.10795e+06
Ftot
 0.266651 0.468666 0.534064 1.16478 1.84339 0.304788 1.07201 0.50579 0.498146 1.40972 0.454973 0.616903 1.0138 1.49083 1.44545 0.482469 0.563483 0.175126 0.364994 0.728797 0.419431 0.426871 0.389262 0.200043 0.277211 0.449544 0.321879 0.168078 0.212254 0.545012 0.521991
BD_Bspro_t
 0.958233 0.711415 0.440721 0.234395 0.142585 0.0359971 0.528996 0.211707 0.133149 0.324988 0.104473 0.292952 0.405985 0.165515 0.105976 0.102375 0.466851 0.309861 0.716233 0.496593 0.263595 0.436407 0.481562 0.368835 0.607478 0.516117 0.36857 0.57312 0.729034 0.572821 0.337783
BD_Bspro
 0.826282 5.91918 2.77748 0.83386 0.434617 0.0659362 3.22753 0.875661 0.324855 0.960596 0.153704 0.319942 1.25192 0.413398 0.254911 0.232309 3.17287 1.61543 13.3353 5.89917 2.21209 4.93145 5.65537 3.05634 7.42614 3.94722 1.50182 3.17682 7.42618 3.71889 1.06883
BD_Bo
 0.0965097 0.69136 0.32441 0.0973948 0.0507633 0.00770135 0.376975 0.102277 0.037943 0.112198 0.0179526 0.0373692 0.146224 0.0482849 0.0297736 0.0271337 0.370591 0.188682 1.55757 0.689023 0.258372 0.575993 0.660547 0.35698 0.867373 0.461036 0.175413 0.371053 0.867378 0.434367 0.124839
BD_Brms
 0.780974 5.5946 2.62518 0.788136 0.410785 0.0623206 3.05055 0.827645 0.307041 0.907922 0.145276 0.302398 1.18327 0.39073 0.240933 0.21957 2.99888 1.52685 12.6041 5.5757 2.09079 4.66104 5.34526 2.88874 7.01893 3.73078 1.41947 3.00262 7.01897 3.51497 1.01022
Sel_flota
 0.995402 1 1 1 1
 0.995402 1 1 1 1
 0.995402 1 1 1 1
 0.995402 1 1 1 1
 0.995402 1 1 1 1
 0.995402 1 1 1 1
 0.995402 1 1 1 1
 0.995402 1 1 1 1
 0.995402 1 1 1 1
 0.995402 1 1 1 1
 0.995402 1 1 1 1
 0.995402 1 1 1 1
 0.995402 1 1 1 1
 0.995402 1 1 1 1
 0.995402 1 1 1 1
 0.995402 1 1 1 1
 0.995402 1 1 1 1
 0.995402 1 1 1 1
 0.995402 1 1 1 1
 0.995402 1 1 1 1
 0.995402 1 1 1 1
 0.995402 1 1 1 1
 0.995402 1 1 1 1
 0.995402 1 1 1 1
 0.995402 1 1 1 1
 0.995402 1 1 1 1
 0.995402 1 1 1 1
 0.995402 1 1 1 1
 0.995402 1 1 1 1
 0.995402 1 1 1 1
 0.995402 1 1 1 1
Sel_reclas
 1 1 1 1 1
 1 1 1 1 1
 1 1 1 1 1
 1 1 1 1 1
 1 1 1 1 1
 1 1 1 1 1
 1 1 1 1 1
 1 1 1 1 1
 1 1 1 1 1
 1 1 1 1 1
 1 1 1 1 1
 1 1 1 1 1
 1 1 1 1 1
 1 1 1 1 1
 1 1 1 1 1
 1 1 1 1 1
 1 1 1 1 1
 1 1 1 1 1
 1 1 1 1 1
 1 1 1 1 1
 1 1 1 1 1
 1 1 1 1 1
 1 1 1 1 1
 1 1 1 1 1
 1 1 1 1 1
 1 1 1 1 1
 1 1 1 1 1
 1 1 1 1 1
 1 1 1 1 1
 1 1 1 1 1
 1 1 1 1 1
Sel_pelaces
 1 1 1 1 1
 1 1 1 1 1
 1 1 1 1 1
 1 1 1 1 1
 1 1 1 1 1
 1 1 1 1 1
 1 1 1 1 1
 1 1 1 1 1
 1 1 1 1 1
 1 1 1 1 1
 1 1 1 1 1
 1 1 1 1 1
 1 1 1 1 1
 1 1 1 1 1
 1 1 1 1 1
 1 1 1 1 1
 1 1 1 1 1
 1 1 1 1 1
 1 1 1 1 1
 1 1 1 1 1
 1 1 1 1 1
 1 1 1 1 1
 1 1 1 1 1
 1 1 1 1 1
 1 1 1 1 1
 1 1 1 1 1
 1 1 1 1 1
 1 1 1 1 1
 1 1 1 1 1
 1 1 1 1 1
 1 1 1 1 1
pf_obs 
 0.8446 0.082 0.0669 0.0065 0
 0.8095 0.147 0.0364 0.0071 0
 0.9664 0.0169 0.016 0.0007 0
 0.9276 0.0648 0.0075 0.0001 0
 0.7033 0.2144 0.0806 0.0017 0
 0.9318 0.0425 0.0243 0.0014 0
 0.5671 0.3108 0.0964 0.0239 0.0018
 0.0768 0.2599 0.5324 0.112 0.0189
 0.490249 0.384438 0.106611 0.0170017 0.00170017
 0.7925 0.1577 0.0466 0.003 0.0002
 0.840416 0.127587 0.0312969 0.00059994 9.999e-05
 0.8084 0.0986 0.0794 0.0134 0.0002
 0.7335 0.1905 0.0724 0.0035 0.0001
 0.4001 0.4547 0.1325 0.0127 0
 0.49795 0.308269 0.164784 0.0264974 0.00249975
 0.9179 0.0499 0.0305 0.0017 0
 0.2467 0.6533 0.0926 0.0074 0
 0.9418 0.0223 0.034 0.0019 0
 0.707729 0.231977 0.0356964 0.0245975 0
 0.517169 0.277429 0.184464 0.0207286 0.00020938
 0.811772 0.124168 0.05621 0.00726502 0.000585176
 0.764997 0.148141 0.077277 0.00933861 0.000247198
 0.163321 0.427699 0.378323 0.0303852 0.000271297
 0.753843 0.0900009 0.118128 0.0371064 0.000921714
 0.721811 0.176058 0.0630433 0.0369309 0.00215725
 0.143369 0.312575 0.442814 0.0836902 0.0175525
 0.692698 0.0596174 0.167031 0.0765114 0.00414204
 0.394062 0.376323 0.152708 0.0712218 0.00568511
 0.125707 0.32114 0.495352 0.0537591 0.00404204
 0.23352 0.215282 0.420074 0.123614 0.00750983
 0.774587 0.0839891 0.0768558 0.0609784 0.00358967
pf_pred 
 0.973088 0.0197124 0.00649414 0.000705252 7.57915e-08
 0.00271767 0.970583 0.0195568 0.00644287 0.00069976
 0.0291763 0.00265405 0.94225 0.0189859 0.00693412
 0.925384 0.00219002 0.000197998 0.070294 0.00193369
 0.043298 0.885856 0.00207938 0.000187996 0.0685789
 0.997721 9.9684e-05 0.00201793 4.73672e-06 0.000156647
 0.00615454 0.991593 9.85326e-05 0.00199462 0.00015952
 0.0134514 0.00611941 0.978207 9.72024e-05 0.00212506
 0.964151 0.000485105 0.000219357 0.0350648 7.96593e-05
 0.0425235 0.923351 0.000461784 0.000208811 0.033455
 0.955375 0.00191412 0.0411891 2.05994e-05 0.00150168
 0.95942 0.0387791 7.72381e-05 0.00166205 6.14267e-05
 0.448471 0.529285 0.021257 4.23385e-05 0.000944735
 0.885495 0.0515698 0.0603974 0.00242566 0.000112636
 0.86141 0.122852 0.00708824 0.00830159 0.000348888
 0.989096 0.00940491 0.00132906 7.66837e-05 9.35846e-05
 0.0183085 0.97105 0.00917826 0.00129703 0.000166165
 0.98342 0.000305425 0.0160986 0.000152162 2.42577e-05
 0.190276 0.796366 0.000246076 0.0129704 0.000142138
 0.0883389 0.174259 0.725236 0.000224097 0.0119413
 0.949211 0.0045143 0.00884517 0.036812 0.0006175
 0.836768 0.154987 0.000732837 0.0014359 0.00607618
 0.0106083 0.828676 0.152598 0.000721542 0.00739629
 0.902725 0.00103776 0.0806048 0.0148431 0.000789617
 0.449096 0.497564 0.000569051 0.0441992 0.00857213
 0.101862 0.404545 0.445801 0.000509852 0.0472814
 0.931787 0.00698512 0.0275787 0.0303912 0.00325803
 0.836179 0.152703 0.00113845 0.00449484 0.00548422
 0.0383753 0.804757 0.146222 0.00109013 0.00955551
 0.0434069 0.0368933 0.769671 0.139847 0.0101815
 0.941491 0.00255473 0.00215801 0.0450207 0.00877568
pobs_RECLAS
 0 0 0 0 0
 0 0 0 0 0
 0 0 0 0 0
 0 0 0 0 0
 0 0 0 0 0
 0 0 0 0 0
 0 0 0 0 0
 0 0 0 0 0
 0 0 0 0 0
 0 0 0 0 0
 0.991045 0.00858322 0.000360255 1.14367e-05 0
 0.934742 0.0480273 0.0164251 0.00080598 0
 0.827803 0.169806 0.00239088 0 0
 0.941827 0.0461693 0.0120037 0 0
 0.791401 0.0380133 0.147996 0.0225897 0
 0.846168 0.0940531 0.0597789 0 0
 0.134021 0.677848 0.182769 0.00536245 0
 0.80878 0.0450904 0.141981 0.00414843 0
 0.846168 0.0940531 0.0597789 0 0
 0.905697 0.0802665 0.012482 0.00150086 5.37128e-05
 0.989698 0.0102097 9.19794e-05 0 0
 0.975433 0.0193895 0.00387452 0.00125025 5.28907e-05
 0.303575 0.632131 0.0575291 0.00676475 0
 0.966965 0.00978017 0.0227588 0.000495775 0
 0.843318 0.132988 0.00938335 0.0141283 0.000182051
 0.564624 0.303363 0.111486 0.0197234 0.00080311
 0.826376 0.0876187 0.0782897 0.00655872 0.00115652
 0.89761 0.0855135 0.0140674 0.00269457 0.000114338
 0.34875 0.467042 0.161289 0.0227151 0.000203297
 0.318654 0.224769 0.449479 0.00709798 0
 0.937255 0.0296025 0.0250945 0.00804832 0
ppred_RECLAS
 0.973212 0.0196218 0.00646428 0.00070201 7.54431e-08
 0.00273088 0.97057 0.0195565 0.00644279 0.000699751
 0.0293157 0.00265367 0.942114 0.0189832 0.00693313
 0.925764 0.00217888 0.000196992 0.0699367 0.00192386
 0.0435634 0.88561 0.0020788 0.000187944 0.0685598
 0.997732 9.92121e-05 0.00200838 4.71429e-06 0.000155905
 0.00618768 0.99156 9.85293e-05 0.00199455 0.000159514
 0.0135164 0.00611901 0.978142 9.7196e-05 0.00212492
 0.964319 0.000482826 0.000218326 0.0349001 7.92851e-05
 0.0427601 0.923123 0.00046167 0.00020876 0.0334467
 0.955581 0.00190527 0.0409985 2.05041e-05 0.00149474
 0.959613 0.0385944 7.68703e-05 0.00165414 6.11342e-05
 0.449793 0.528017 0.0212061 4.22371e-05 0.000942471
 0.886092 0.0513009 0.0600825 0.00241302 0.000112049
 0.862106 0.122234 0.00705264 0.0082599 0.000347136
 0.989148 0.00935969 0.00132267 7.63149e-05 9.31347e-05
 0.0183974 0.970962 0.00917742 0.00129691 0.00016615
 0.983496 0.000304021 0.0160246 0.000151463 2.41461e-05
 0.191015 0.795638 0.000245851 0.0129585 0.000142009
 0.0887479 0.174181 0.724911 0.000223996 0.011936
 0.949443 0.00449366 0.00880472 0.0366436 0.000614676
 0.837427 0.154361 0.000729878 0.0014301 0.00605164
 0.0106589 0.828633 0.15259 0.000721505 0.00739591
 0.903136 0.00103337 0.0802636 0.0147803 0.000786274
 0.450269 0.496504 0.00056784 0.0441051 0.00855388
 0.102307 0.404345 0.445581 0.0005096 0.047258
 0.932089 0.00695416 0.0274564 0.0302565 0.00324358
 0.836819 0.152107 0.001134 0.00447727 0.00546279
 0.0385493 0.804611 0.146196 0.00108993 0.00955378
 0.0436116 0.0368854 0.769506 0.139817 0.0101793
 0.94176 0.00254297 0.00214808 0.0448134 0.00873527
pobs_PELACES
 0 0 0 0 0
 0 0 0 0 0
 0 0 0 0 0
 0 0 0 0 0
 0 0 0 0 0
 0 0 0 0 0
 0 0 0 0 0
 0 0 0 0 0
 0 0 0 0 0
 0 0 0 0 0
 0 0 0 0 0
 0 0 0 0 0
 0 0 0 0 0
 0 0 0 0 0
 0 0 0 0 0
 0 0 0 0 0
 0.505614 0.472636 0.0217494 0 0
 0 0 0 0 0
 0.443492 0.261883 0.143347 0.151278 0
 0.227955 0.32914 0.350689 0.0885471 0.00366901
 0.970185 0.0296113 0.000203453 0 0
 0.997202 0.00247181 0.000326279 0 0
 0.445219 0.490057 0.0546422 0.010081 0
 0.90214 0.0892962 0.00764917 0.000914606 0
 0 0 0 0 0
 0.581667 0.319106 0.0959925 0.00289975 0.000334073
 0.762889 0.0836404 0.116647 0.0363945 0.000428098
 0.88444 0.0763242 0.0277011 0.0115352 0
 0.521256 0.241999 0.230069 0.00667565 0
 0.616807 0.101726 0.260614 0.0208532 0
 0.833518 0.0704572 0.0857862 0.0102388 0
ppred_PELACES
 0.973222 0.0196141 0.00646174 0.000701734 7.54134e-08
 0.00273282 0.970568 0.0195565 0.00644277 0.000699749
 0.0293387 0.00265361 0.942092 0.0189827 0.00693296
 0.925885 0.00217532 0.00019667 0.0698223 0.00192072
 0.0436801 0.885502 0.00207855 0.000187921 0.0685515
 0.997733 9.91663e-05 0.00200745 4.71212e-06 0.000155834
 0.00619769 0.99155 9.85283e-05 0.00199453 0.000159513
 0.0135266 0.00611895 0.978132 9.7195e-05 0.0021249
 0.964345 0.000482474 0.000218167 0.0348747 7.92273e-05
 0.0428478 0.923038 0.000461628 0.000208741 0.0334436
 0.95561 0.00190401 0.0409715 2.04906e-05 0.00149375
 0.95965 0.0385598 7.68013e-05 0.00165265 6.10793e-05
 0.450173 0.527651 0.0211914 4.22078e-05 0.000941819
 0.88632 0.0511982 0.0599622 0.00240819 0.000111825
 0.862366 0.122004 0.00703932 0.00824429 0.00034648
 0.989156 0.00935292 0.00132171 7.62597e-05 9.30673e-05
 0.0184128 0.970947 0.00917728 0.00129689 0.000166147
 0.9835 0.000303941 0.0160204 0.000151423 2.41398e-05
 0.191101 0.795554 0.000245825 0.0129571 0.000141993
 0.0888374 0.174164 0.72484 0.000223974 0.0119348
 0.949474 0.00449094 0.0087994 0.0366215 0.000614304
 0.837515 0.154277 0.000729482 0.00142932 0.00604836
 0.0106651 0.828628 0.152589 0.0007215 0.00739587
 0.903163 0.00103309 0.0802416 0.0147763 0.000786059
 0.450373 0.49641 0.000567732 0.0440967 0.00855226
 0.102369 0.404317 0.44555 0.000509564 0.0472547
 0.93212 0.00695099 0.0274439 0.0302427 0.00324211
 0.836854 0.152074 0.00113376 0.00447631 0.00546162
 0.0385613 0.804601 0.146194 0.00108992 0.00955366
 0.0436461 0.0368841 0.769479 0.139812 0.010179
 0.941804 0.00254107 0.00214648 0.0447799 0.00872876
pobs_pel_tallas
 0 0 0 0 0 0 0 0 0 0 0 0 0 0 0 0 0 0 0 0 0 0 0 0 0 0
 0 0 0 0 0 0 0 0 0 0 0 0 0 0 0 0 0 0 0 0 0 0 0 0 0 0
 0 0 0 0 0 0 0 0 0 0 0 0 0 0 0 0 0 0 0 0 0 0 0 0 0 0
 0 0 0 0 0 0 0 0 0 0 0 0 0 0 0 0 0 0 0 0 0 0 0 0 0 0
 0 0 0 0 0 0 0 0 0 0 0 0 0 0 0 0 0 0 0 0 0 0 0 0 0 0
 0 0 0 0 0 0 0 0 0 0 0 0 0 0 0 0 0 0 0 0 0 0 0 0 0 0
 0 0 0 0 0 0 0 0 0 0 0 0 0 0 0 0 0 0 0 0 0 0 0 0 0 0
 0 0 0 0 0 0 0 0 0 0 0 0 0 0 0 0 0 0 0 0 0 0 0 0 0 0
 0 0 0 0 0 0 0 0 0 0 0 0 0 0 0 0 0 0 0 0 0 0 0 0 0 0
 0 0 0 0 0 0 0 0 0 0 0 0 0 0 0 0 0 0 0 0 0 0 0 0 0 0
 0 0 0 0 0 0 0 0 0 0 0 0 0 0 0 0 0 0 0 0 0 0 0 0 0 0
 0 0 0 0 0 0 0 0 0 0 0 0 0 0 0 0 0 0 0 0 0 0 0 0 0 0
 0.00862536 0 0 0.000197151 0.00414017 0.0128641 0.00837892 0.0270097 0.101434 0.158115 0.152841 0.127902 0.109271 0.109419 0.0830992 0.0579132 0.0238553 0.00714673 0.00463305 0.00128148 0.00103504 0.000492878 0.000147863 0.000147863 4.92878e-05 0
 0 0 0 0 0 0 0 0 0 0 0 0 0 0 0 0 0 0 0 0 0 0 0 0 0 0
 0 0 0 0 0 0 0 0.0054083 0.00873648 0.0413646 0.0450493 0.0745869 0.0622846 0.0627006 0.0613931 0.0827291 0.12552 0.122667 0.0946155 0.0697135 0.0546179 0.0294188 0.0215738 0.0213955 0.0102223 0.00600262
 0 0 0 0 0.00359764 0.0251062 0.0480494 0.140153 0.205849 0.193036 0.1447 0.116669 0.0760912 0.0342217 0.00950174 0.001854 0.000860785 0 0 0 0.000165536 0 0.000143464 0 0 0
 0 0 0 0 0 0 0 0.000145254 0.000435761 0.0275982 0.070085 0.0708112 0.156366 0.174668 0.174014 0.160142 0.0824315 0.0480064 0.0283245 0.00493863 0.00203355 0 0 0 0 0
 0 0 0 0 0 0 0 0 0 0 0 0 0 0 0 0 0 0 0 0 0 0 0 0 0 0
 0 0 1.00437e-05 0.000401748 0.00122533 0.00171747 0.00176769 0.0269171 0.070346 0.194647 0.189555 0.159765 0.064822 0.0314167 0.0384472 0.0292271 0.0345202 0.0313363 0.0194345 0.0106764 0.0143323 0.0359363 0.0279516 0.0138201 0.00172751 0
 0 0.0021121 0.0136068 0.0755702 0.200478 0.177729 0.0527432 0.0373336 0.0318909 0.0142505 0.0149659 0.0166563 0.0217959 0.0798694 0.0677717 0.0528807 0.04013 0.0224614 0.0357745 0.0225083 0.00881397 0.00855152 0.00135912 0.000746735 0 0
 0 0 0 0 5.4009e-05 0.00500934 0.000945158 0.0243581 0.138947 0.33067 0.221406 0.137944 0.0707744 0.0437923 0.0131692 0.00525238 0.0047753 0.00276346 9.45158e-05 9.00151e-06 2.25038e-05 9.00151e-06 4.50075e-06 0 0 0
 0.000866109 0.00284123 0.00948549 0.0512746 0.133035 0.25785 0.225252 0.132002 0.0553304 0.0519788 0.0540692 0.017754 0.00435017 0.00159236 0.00146478 0.000404838 0.000125132 0.000115318 0.000107957 0.000100596 0 0 0 0 0 0
 0 0 0 0 0.00144013 0.00171154 0.00461396 0.0210425 0.0478622 0.0707936 0.0888783 0.103762 0.0637923 0.0337046 0.0602308 0.124433 0.169614 0.0934646 0.0462172 0.0250306 0.0313229 0.00938855 0.002487 0.000210481 0 0
 0 0.00764035 0.051015 0.0998891 0.058973 0.0496711 0.0374665 0.0718981 0.12319 0.153886 0.159021 0.0857701 0.0377988 0.023471 0.0147837 0.00900784 0.00315554 0.000888139 0.00291439 0.00214683 0.00393193 0.00274676 0.000635225 9.99891e-05 0 0
 0 0 0 0 0 0 0 0 0 0 0 0 0 0 0 0 0 0 0 0 0 0 0 0 0 0
 0 0 0 0 0 0 0 0 0 0 0 0 0 0 0 0 0 0 0 0 0 0 0 0 0 0
 0 0 0 0 0 0 0 0 0 0 0 0 0 0 0 0 0 0 0 0 0 0 0 0 0 0
 0 0 0 0 0 0 0 0 0 0 0 0 0 0 0 0 0 0 0 0 0 0 0 0 0 0
 0 0 0 0 0 0 0 0 0 0 0 0 0 0 0 0 0 0 0 0 0 0 0 0 0 0
 0 0 0 0 0 0 0 0 0 0 0 0 0 0 0 0 0 0 0 0 0 0 0 0 0 0
 0 0 0 0 0 0 0 0 0 0 0 0 0 0 0 0 0 0 0 0 0 0 0 0 0 0
ppred_pel_tallas
 1.00262e-16 8.0163e-05 0.000779213 0.00517815 0.0235391 0.0732389 0.156043 0.22775 0.227752 0.156053 0.07327 0.0236291 0.00540433 0.00127386 0.00102218 0.00156972 0.00226898 0.00288514 0.00323737 0.00324142 0.00295112 0.00251361 0.00207367 0.00170405 0.00140325 0.00113866
 1.01577e-16 2.253e-07 2.19009e-06 1.45585e-05 6.62381e-05 0.000206592 0.000443617 0.000667042 0.000760398 0.000899679 0.00173736 0.00448512 0.0110972 0.0241644 0.045797 0.0754706 0.108153 0.134817 0.146261 0.138248 0.114104 0.0826182 0.0530086 0.0307847 0.0168705 0.00932252
 1.30265e-16 2.4166e-06 2.34902e-05 0.000156101 0.000709612 0.00220787 0.00470416 0.0068662 0.00686792 0.00471324 0.00224256 0.000828363 0.000524128 0.00105784 0.00264171 0.00611797 0.012884 0.0246469 0.042811 0.0674899 0.0965266 0.12522 0.147329 0.157237 0.152278 0.133914
 1.07334e-16 7.62639e-05 0.000741312 0.00492628 0.0223942 0.0696765 0.148453 0.216672 0.216672 0.148454 0.0696805 0.0224061 0.00495777 0.000815784 0.000235855 0.000321009 0.000588551 0.00105175 0.00181876 0.00303193 0.00481757 0.00720287 0.0100291 0.0129169 0.0153292 0.0167301
 1.11907e-16 3.59805e-06 3.49744e-05 0.000232422 0.00105661 0.00328795 0.00700848 0.0102469 0.0103321 0.0074245 0.0046843 0.00508735 0.0103412 0.0220733 0.0417733 0.0688345 0.0986539 0.123028 0.133642 0.126772 0.105647 0.0784936 0.0538346 0.0366119 0.0273141 0.0235815
 1.00085e-16 8.21819e-05 0.000798838 0.00530856 0.0241319 0.0750834 0.159973 0.233485 0.233485 0.159973 0.0750836 0.0241326 0.00531041 0.000803381 9.22532e-05 2.61805e-05 3.83989e-05 6.61023e-05 0.000106591 0.000159693 0.000221418 0.000282864 0.000331717 0.000356318 0.000350444 0.000316041
 1.00484e-16 5.10701e-07 4.9643e-06 3.29941e-05 0.000150045 0.000467357 0.000999278 0.00147846 0.0015738 0.00146503 0.00203054 0.00466208 0.0113476 0.0246679 0.0467307 0.0769682 0.110204 0.137172 0.148434 0.13965 0.114252 0.0813218 0.0504179 0.0273121 0.0130392 0.00561725
 1.28598e-16 1.11418e-06 1.08302e-05 7.19705e-05 0.000327169 0.00101795 0.00216893 0.00316603 0.00316812 0.00217989 0.00105909 0.00046514 0.00049036 0.00116199 0.0028818 0.00656624 0.0136397 0.0258129 0.0444671 0.0696524 0.0990961 0.127938 0.14978 0.158933 0.152816 0.133129
 1.03518e-16 7.94319e-05 0.000772106 0.00513092 0.0233244 0.0725709 0.15462 0.225672 0.225672 0.15462 0.0725719 0.0233276 0.00513975 0.000794252 0.000130565 0.000115961 0.000225766 0.000438503 0.000810153 0.00141233 0.00230356 0.00348968 0.00488481 0.00629796 0.00746564 0.00812929
 1.0593e-16 3.52951e-06 3.43082e-05 0.000227994 0.00103648 0.00322536 0.00687525 0.0100532 0.010142 0.00730885 0.00468067 0.00523729 0.0107626 0.0229987 0.0435208 0.0716924 0.102692 0.127926 0.13866 0.130927 0.108001 0.0783961 0.0510098 0.03112 0.0194862 0.0139817
 1.01438e-16 7.87124e-05 0.000765112 0.00508444 0.0231131 0.0719135 0.153219 0.223628 0.223628 0.153221 0.0719178 0.0231264 0.00512084 0.000854556 0.000277727 0.000410323 0.000759257 0.00131943 0.00213064 0.00319073 0.00441375 0.00561376 0.00653859 0.00695516 0.00674779 0.00597196
 1.00189e-16 7.90451e-05 0.000768346 0.00510593 0.0232108 0.0722175 0.153867 0.224574 0.224578 0.153885 0.0722783 0.0233863 0.00554612 0.00172798 0.00189778 0.00300248 0.00429469 0.00535319 0.00580928 0.00549739 0.00455359 0.00333084 0.00219636 0.00136533 0.000865573 0.000608032
 1.00911e-16 3.70803e-05 0.000360434 0.00239521 0.0108883 0.0338779 0.0721822 0.105363 0.105413 0.0724303 0.0347104 0.0132917 0.00842376 0.0135062 0.0249601 0.0410917 0.0589227 0.0735306 0.0799211 0.0757855 0.062902 0.0459977 0.0300224 0.0179271 0.0102089 0.00585043
 1.02004e-16 7.3005e-05 0.000709634 0.00471577 0.0214372 0.0666991 0.14211 0.207414 0.207419 0.142134 0.0667818 0.021677 0.00532158 0.00204497 0.00264661 0.0043574 0.00649601 0.00863713 0.0103815 0.0115142 0.0120756 0.0122335 0.0120796 0.0115486 0.010518 0.00897372
 1.0112e-16 7.1032e-05 0.000690456 0.00458833 0.0208579 0.0648966 0.13827 0.201811 0.201823 0.138327 0.0650893 0.0214141 0.00598378 0.00373456 0.00584601 0.00953597 0.0136929 0.0171436 0.0187482 0.0179905 0.0152904 0.0117312 0.00842191 0.00598674 0.00447202 0.00358446
 1.00065e-16 8.14755e-05 0.000791971 0.00526292 0.0239245 0.074438 0.158598 0.231479 0.231479 0.158602 0.0744527 0.0239672 0.00537013 0.00102599 0.000525853 0.000740196 0.00105785 0.00132886 0.00146146 0.0014149 0.00121877 0.000952247 0.000696634 0.000498054 0.000361765 0.000270179
 1.00672e-16 1.51684e-06 1.47443e-05 9.79859e-05 0.000445487 0.00138658 0.0029577 0.00433642 0.0044298 0.00341384 0.00291756 0.00486477 0.0111807 0.0241743 0.0457842 0.0754242 0.108031 0.134547 0.145741 0.137361 0.112749 0.08075 0.0506659 0.0280993 0.0140445 0.00658135
 1.00482e-16 8.10096e-05 0.000787442 0.00523283 0.0237877 0.0740123 0.157691 0.230155 0.230155 0.157691 0.0740133 0.0237909 0.00524202 0.000811404 0.000137906 0.000129344 0.000247002 0.000452459 0.000761758 0.00117487 0.00165549 0.00212587 0.0024828 0.00263352 0.00253486 0.00221329
 1.01534e-16 1.57409e-05 0.000153007 0.00101679 0.00462223 0.0143819 0.0306449 0.0447432 0.0448197 0.0310186 0.0156362 0.00824272 0.010096 0.0199443 0.0375184 0.0617796 0.0884778 0.110181 0.119338 0.11249 0.0924093 0.0663823 0.0420478 0.0239735 0.0129032 0.00716314
 1.23004e-16 7.31746e-06 7.11283e-05 0.000472674 0.00214872 0.00668555 0.0142449 0.0207946 0.0208125 0.0143327 0.0069835 0.00302302 0.00271892 0.00514508 0.0101413 0.0180466 0.0289926 0.0426672 0.0584961 0.0757966 0.0934977 0.10957 0.120908 0.124253 0.117802 0.102388
 1.04032e-16 7.82069e-05 0.000760199 0.00505179 0.0229647 0.0714517 0.152235 0.222192 0.222193 0.152238 0.0714594 0.0229872 0.00510961 0.000891393 0.000342631 0.000484695 0.000795017 0.00123399 0.00183626 0.0026614 0.00376584 0.00515006 0.00670572 0.00820377 0.00934577 0.00986278
 1.01228e-16 6.89851e-05 0.000670559 0.0044561 0.0202568 0.0630265 0.134285 0.195996 0.196011 0.134358 0.0632698 0.0209591 0.00621726 0.00450998 0.00734556 0.0119951 0.0171812 0.0214162 0.0232408 0.0219954 0.0182294 0.0133633 0.00887641 0.00563803 0.00375986 0.00287328
 1.0594e-16 8.78643e-07 8.5408e-06 5.67605e-05 0.000258074 0.000803393 0.00171467 0.00251935 0.00259927 0.00210515 0.00211466 0.00404599 0.00956694 0.0207757 0.0394596 0.0652784 0.0941345 0.118566 0.13092 0.127593 0.111115 0.0883196 0.06619 0.0486417 0.0360977 0.027115
 1.03931e-16 7.43923e-05 0.00072312 0.00480539 0.0218446 0.0679666 0.14481 0.211355 0.211355 0.144811 0.067971 0.0218587 0.00484718 0.000835066 0.000347803 0.00061617 0.00125161 0.00235028 0.00404444 0.00636828 0.00916293 0.0120366 0.014432 0.0158021 0.0158202 0.0145107
 1.06013e-16 3.70967e-05 0.000360594 0.00239627 0.0108931 0.0338929 0.0722141 0.105409 0.105456 0.0724474 0.0346758 0.0131534 0.0080655 0.0127221 0.023472 0.0386386 0.0554151 0.0692001 0.0753611 0.0718354 0.0604328 0.0457151 0.0323539 0.0229722 0.0177069 0.0151739
 1.21009e-16 8.43211e-06 8.19631e-05 0.000544676 0.00247604 0.00770409 0.0164158 0.0239677 0.0240073 0.0166095 0.00835604 0.00436677 0.00531961 0.0106013 0.0202663 0.034219 0.0509852 0.0676342 0.0810493 0.0895998 0.0937559 0.0950657 0.0944851 0.0916203 0.0854174 0.0754425
 1.04376e-16 7.67775e-05 0.000746305 0.00495946 0.022545 0.0701458 0.149453 0.218131 0.218132 0.149457 0.0701579 0.0225806 0.00505154 0.000956354 0.00050273 0.000781932 0.00129279 0.00200188 0.00294039 0.00415099 0.00565088 0.00737365 0.00912783 0.0106168 0.0115268 0.0116408
 1.01445e-16 6.89306e-05 0.00067003 0.00445259 0.0202408 0.0629768 0.134179 0.195842 0.195856 0.134251 0.0632166 0.0209332 0.006189 0.00445583 0.00724488 0.011832 0.0169545 0.0211495 0.0229838 0.0218126 0.0181804 0.0134846 0.00917275 0.00608398 0.0043074 0.0034622
 1.06151e-16 3.17641e-06 3.08759e-05 0.000205185 0.000932788 0.00290267 0.00618731 0.00904682 0.00912441 0.00656646 0.00417586 0.0046107 0.00943907 0.0201944 0.038314 0.0633773 0.0913883 0.115099 0.127079 0.123839 0.107842 0.0857403 0.0643265 0.0474042 0.0353713 0.0267992
 1.37959e-16 3.59508e-06 3.49455e-05 0.000232225 0.00105566 0.00328459 0.00699834 0.0102153 0.01022 0.0070223 0.00336862 0.00131418 0.000940777 0.00177936 0.00389661 0.00795241 0.0149973 0.0262686 0.0428218 0.0648705 0.0909883 0.11767 0.139836 0.1524 0.152256 0.139573
 1.06031e-16 7.75751e-05 0.000754058 0.00501098 0.0227792 0.0708745 0.151006 0.220397 0.220397 0.151007 0.070879 0.0227924 0.00504538 0.000833658 0.000242948 0.000319145 0.000555516 0.000938518 0.00154042 0.0024646 0.00380993 0.00560799 0.00775435 0.00997752 0.0118805 0.0130547
pSPR Fmed_Fpbrs
0.377854   0.173576 0.173576
Fs Fmed_Fpbrs
0.507372   1.005 1.005
SSBpbr Bo_Bmed_Bpbrs
1.59866e+06  524128  197556 197556
Ro
26122.8
SPR SPRFo_SPRFmed_SPRFpbrs
186724 70554.3 32410.8
Fref
1.005
Nvult_r0
 107522 290.878 245.708 5125.98 999.184
CTP_r0
 36764.8 99.7611 84.2694 1758.04 342.686
YTP_r0
390832
Np
 115903 30115.2 81.2204 68.6079 1743.72
Nvult_p0
 100223 26059.9 70.2832 59.3691 1508.91
CTP_p0
 50120.9 13062.4 35.2293 29.7586 756.338
YTP_p0
 614893
CBA_c0
458050
log_Ro
9.99056
likeval ReclasPelacesDesembMPH_pf_preclas_ppelaces_ptallas_desvR_qrecl_qpela
 26.735 83.1738 1.92199 0.00122821 454.368 178.323 162.533 0 291.48 2.21812e-05 0 8.92596 0 0 0
q_reclas_q_pelaces
1.94913 1
M
1
N
 534706 10787.3 3553.81 385.938 0.0414757
 423.99 150851 3039.57 1001.37 108.759
 1079.39 97.8269 34730.8 699.809 255.588
 98880.6 233.35 21.0971 7489.95 206.038
 558.888 11410 26.7829 2.42143 883.311
 329825 32.82 664.384 1.55952 51.5745
 557.658 89583.8 8.90176 180.201 14.4115
 155.712 70.5743 11281.5 1.12102 24.508
 69073 34.6238 15.6563 2502.71 5.6856
 714.56 15476.3 7.73996 3.49988 560.738
 32373.1 64.6139 1390.4 0.695362 50.6915
 188002 7571.92 15.0813 324.528 11.994
 31807.8 37426.7 1503.12 2.99383 66.8039
 73424.5 4265.56 4995.73 200.637 9.31662
 43051.2 6124.38 353.362 413.85 17.3927
 396592 3756.87 530.904 30.6319 37.3831
 1707.93 90256.6 853.095 120.556 15.4446
 1.15952e+06 358.578 18900.2 178.643 28.4792
 85953.8 358325 110.722 5836.02 63.9552
 11184.4 21987.9 91509.8 28.2764 1506.75
 420448 1991.88 3902.81 16242.8 272.463
 552181 101882 481.738 943.901 3994.24
 1706.92 132817 24457.8 115.646 1185.45
 372339 426.227 33105.7 6096.32 324.309
 101727 112245 128.372 9970.83 1933.78
 7178.09 28399.2 31295.4 35.7917 3319.17
 226084 1688.02 6664.64 7344.31 787.332
 332004 60370.8 450.083 1777.02 2168.17
 4947.75 103321 18773.2 139.96 1226.81
 1740.04 1473.52 30740.7 5585.5 406.65
 137637 372.098 314.316 6557.28 1278.18
pred_Ctot
 80514.3 1631.02 537.331 58.3532 0.00627106
 103.756 37055.1 746.643 245.977 26.7156
 293.653 26.7125 9483.54 191.089 69.7905
 46964.1 111.145 10.0486 3567.48 98.1366
 340.501 6966.47 16.3525 1.47842 539.312
 55920.5 5.58711 113.101 0.265484 8.77979
 251.445 40511.8 4.02557 81.4907 6.51721
 40.5487 18.4468 2948.77 0.293013 6.40592
 17766.6 8.93911 4.04212 646.146 1.4679
 379.5 8240.43 4.12119 1.86353 298.568
 7730.82 15.4889 333.299 0.166689 12.1515
 57285.7 2315.45 4.61179 99.2389 3.66771
 13833.8 16326.6 655.705 1.306 29.1418
 40206.4 2341.56 2742.38 110.139 5.11432
 23182.2 3306.18 190.759 223.412 9.38927
 99387 945.031 133.548 7.70538 9.40363
 484.878 25717 243.074 34.3502 4.40066
 118932 36.9373 1946.92 18.4021 2.93366
 17046.6 71345.4 22.0456 1162 12.734
 3864.91 7624.02 31729.8 9.80445 522.444
 93828.5 446.234 874.336 3638.83 61.0392
 125055 23162.8 109.522 214.594 908.083
 357.652 27938.3 5144.76 24.3264 249.362
 43190.5 49.6513 3856.5 710.164 37.7789
 15858.1 17569.6 20.0939 1560.73 302.693
 1697.21 6740.49 7427.89 8.4951 787.798
 40210.7 301.438 1190.14 1311.51 140.598
 32776.2 5985.6 44.6245 176.187 214.968
 605.996 12708.2 2309.04 17.2146 150.894
 481.111 408.916 8530.84 1550.03 112.849
 36764.8 99.7611 84.2694 1758.04 342.686
F
 0.265425 0.266651 0.266651 0.266651 0.266651
 0.466511 0.468666 0.468666 0.468666 0.468666
 0.531609 0.534064 0.534064 0.534064 0.534064
 1.15942 1.16478 1.16478 1.16478 1.16478
 1.83491 1.84339 1.84339 1.84339 1.84339
 0.303387 0.304788 0.304788 0.304788 0.304788
 1.06708 1.07201 1.07201 1.07201 1.07201
 0.503464 0.50579 0.50579 0.50579 0.50579
 0.495856 0.498146 0.498146 0.498146 0.498146
 1.40324 1.40972 1.40972 1.40972 1.40972
 0.452881 0.454973 0.454973 0.454973 0.454973
 0.614066 0.616903 0.616903 0.616903 0.616903
 1.00914 1.0138 1.0138 1.0138 1.0138
 1.48398 1.49083 1.49083 1.49083 1.49083
 1.43881 1.44545 1.44545 1.44545 1.44545
 0.480251 0.482469 0.482469 0.482469 0.482469
 0.560892 0.563483 0.563483 0.563483 0.563483
 0.17432 0.175126 0.175126 0.175126 0.175126
 0.363316 0.364994 0.364994 0.364994 0.364994
 0.725446 0.728797 0.728797 0.728797 0.728797
 0.417503 0.419431 0.419431 0.419431 0.419431
 0.424908 0.426871 0.426871 0.426871 0.426871
 0.387472 0.389262 0.389262 0.389262 0.389262
 0.199123 0.200043 0.200043 0.200043 0.200043
 0.275937 0.277211 0.277211 0.277211 0.277211
 0.447477 0.449544 0.449544 0.449544 0.449544
 0.320399 0.321879 0.321879 0.321879 0.321879
 0.167305 0.168078 0.168078 0.168078 0.168078
 0.211279 0.212254 0.212254 0.212254 0.212254
 0.542506 0.545012 0.545012 0.545012 0.545012
 0.519591 0.521991 0.521991 0.521991 0.521991
nmprior
 8.19 8.8 8.5 0
nm_flota  nm_reclas  nm_pelaces    nm_pelaL
inf 4.38829 2.53184 3.34555
cv_recla  cv_pelaces  cv_mph
0.467697 1.03411 1.08154
 ------------------------------------------------
Talla a la edad & desviaci?n 
 8 13.2811 15.8009 17.003 17.5766
 0.8 1.32811 1.58009 1.7003 1.75766
