years
 1991 1992 1993 1994 1995 1996 1997 1998 1999 2000 2001 2002 2003 2004 2005 2006 2007 2008 2009 2010 2011 2012 2013 2014 2015 2016 2017 2018 2019 2020 2021
reclasobs
 0 0 0 0 0 0 0 0 0 252601 567819 844713 477998 351125 339783 2.1784e+06 2.13404e+06 4.81314e+06 1.55562e+06 2.62356e+06 3.21686e+06 3.843e+06 1.13348e+06 3.07943e+06 1.97215e+06 2.03268e+06 2.025e+06 2.42433e+06 2.27542e+06 1.05018e+06 2.36338e+06
reclaspred
 2.66166e+06 1.00387e+06 541769 273774 45132.5 936612 304539 72910.2 381510 144947 242109 483777 419595 288051 220032 1.15552e+06 781384 3.54595e+06 2.5237e+06 1.09039e+06 2.32775e+06 2.19484e+06 1.29911e+06 2.55023e+06 1.67094e+06 1.01594e+06 1.59453e+06 2.30637e+06 1.69641e+06 684992 970132
pelacesobs
 0 0 0 0 0 0 0 0 0 0 0 0 0 0 0 552880 188675 0 991730 2.46772e+06 1.41603e+06 1.21717e+06 2.29649e+06 1.80582e+06 0 1.4828e+06 1.56532e+06 1.57751e+06 1.42118e+06 867257 1.10002e+06
pelacespred
 1.30798e+06 519885 242714 77789.7 12144.6 411740 93428.5 29036.7 159052 48779.8 107629 181832 169529 115799 87869.2 441147 298419 1.6898e+06 1.17878e+06 503517 1.01979e+06 954331 569644 1.28963e+06 808728 484562 876308 1.23015e+06 754816 361389 466672
mphobs
 0 0 0 0 0 0 0 0 0 0 0 498337 0 5186 125008 0 168611 109162 213762 579715 649985 157893 87575 83554 0 0 0 0 0 0 0
mphpred
 2.85956e+06 1.38043e+06 386060 292877 79628.1 10635.5 466224 91609.5 26990.6 183496 43582.1 155731 252611 167226 85992.5 86590.3 733940 440671 2.1466e+06 1.24324e+06 688907 1.20271e+06 1.2983e+06 774389 1.43446e+06 964022 528183 822938 1.60759e+06 879520 317397
desembarqueobs
 494567 514787 250237 358949 120608 361735 552515 73892 212993 205616 52469 317467 293654 387597 252695 516296 358380 742168 942051 627588 828172 859565 418607 520667 417249 300574 407403 355545 319650 289779 391294
desembarquepred
 494533 514852 249508 358704 120507 361524 551675 73854.4 212839 205400 52459.1 317217 293381 386980 252418 515956 358256 741825 940980 626603 827691 858872 418391 520486 417010 300376 407202 355407 319502 289566 391093
Reclutas
 7893.52 4868.11 195221 10426.5 3834.32 285794 5850.17 1467.54 72460.1 7648.73 68507.5 153929 82382.4 68058.3 49816.8 438306 12099.1 982227 251940 73651.3 450821 584954 15085.8 350783 181108 35630 261333 353981 21766.6 9675.29 171290
log_desv_Rt
 -1.98522 -2.46856 1.22286 -1.70692 -2.70727 1.60401 -2.28479 -3.66767 0.231771 -2.01672 0.175678 0.985226 0.360107 0.1691 -0.142913 2.03165 -1.55813 2.83856 1.47793 0.248077 2.05981 2.32027 -1.33751 1.8089 1.14783 -0.478078 1.51453 1.81798 -0.97089 -1.78169 1.0921
SSB
 2.85956e+06 1.38043e+06 386060 292877 79628.1 10635.5 466224 91609.5 26990.6 183496 43582.1 155731 252611 167226 85992.5 86590.3 733940 440671 2.1466e+06 1.24324e+06 688907 1.20271e+06 1.2983e+06 774389 1.43446e+06 964022 528183 822938 1.60759e+06 879520 317397
BT
 3.47042e+06 1.76074e+06 801399 443082 137343 1.2709e+06 704160 137696 556744 295371 292990 681315 652640 669951 455244 1.42514e+06 971801 4.56454e+06 3.60309e+06 1.78963e+06 3.06868e+06 2.96927e+06 1.67625e+06 3.46774e+06 2.2589e+06 1.39796e+06 2.45162e+06 3.1872e+06 2.00671e+06 1.14683e+06 1.46173e+06
Ftot
 0.175852 0.470532 0.477896 1.11411 1.95479 0.448023 1.44064 0.894573 0.629746 1.20088 0.247941 0.691582 0.695749 1.28884 1.15886 0.508433 0.427056 0.240432 0.365833 0.540595 0.383943 0.409199 0.303265 0.225242 0.249102 0.285594 0.28188 0.171029 0.179245 0.394746 0.441397
BD_Bspro_t
 0.972256 0.778255 0.487869 0.446807 0.153664 0.0345871 0.474844 0.135027 0.0655181 0.333593 0.147113 0.486689 0.435093 0.295341 0.172118 0.180309 0.520188 0.393456 0.691915 0.532429 0.363407 0.494837 0.535423 0.447442 0.624854 0.58956 0.514148 0.645495 0.759248 0.634148 0.441913
BD_Bspro
 6.96108 3.36042 0.939794 0.712957 0.19384 0.0258902 1.13494 0.223007 0.0657038 0.446689 0.106093 0.3791 0.614936 0.407081 0.209333 0.210789 1.78665 1.07274 5.22552 3.02646 1.67702 2.92778 3.16047 1.88511 3.49193 2.34674 1.28577 2.00329 3.91338 2.14103 0.772646
BD_Bo
 1.59931 0.772058 0.215918 0.163802 0.0445349 0.00594828 0.260753 0.051236 0.0150955 0.102627 0.0243749 0.0870984 0.141282 0.0935271 0.0480945 0.0484288 0.410483 0.246462 1.20057 0.69533 0.385296 0.672658 0.726121 0.433105 0.802272 0.539165 0.295406 0.460258 0.899101 0.491904 0.177516
BD_Brms
 9.87799 4.76854 1.3336 1.01171 0.275066 0.036739 1.61051 0.316454 0.0932358 0.633866 0.150549 0.537955 0.872614 0.577661 0.297051 0.299116 2.53531 1.52225 7.41518 4.29464 2.37975 4.15461 4.48481 2.67503 4.95516 3.3301 1.82455 2.84274 5.55321 3.0382 1.09641
Sel_flota
 0.796866 1 1 1 1
 0.796866 1 1 1 1
 0.796866 1 1 1 1
 0.796866 1 1 1 1
 0.796866 1 1 1 1
 0.796866 1 1 1 1
 0.796866 1 1 1 1
 0.796866 1 1 1 1
 0.796866 1 1 1 1
 0.796866 1 1 1 1
 0.796866 1 1 1 1
 0.796866 1 1 1 1
 0.796866 1 1 1 1
 0.796866 1 1 1 1
 0.796866 1 1 1 1
 0.796866 1 1 1 1
 0.796866 1 1 1 1
 0.796866 1 1 1 1
 0.796866 1 1 1 1
 0.796866 1 1 1 1
 0.796866 1 1 1 1
 0.796866 1 1 1 1
 0.796866 1 1 1 1
 0.796866 1 1 1 1
 0.796866 1 1 1 1
 0.796866 1 1 1 1
 0.796866 1 1 1 1
 0.796866 1 1 1 1
 0.796866 1 1 1 1
 0.796866 1 1 1 1
 0.796866 1 1 1 1
Sel_reclas
 1 1 1 1 1
 1 1 1 1 1
 1 1 1 1 1
 1 1 1 1 1
 1 1 1 1 1
 1 1 1 1 1
 1 1 1 1 1
 1 1 1 1 1
 1 1 1 1 1
 1 1 1 1 1
 1 1 1 1 1
 1 1 1 1 1
 1 1 1 1 1
 1 1 1 1 1
 1 1 1 1 1
 1 1 1 1 1
 1 1 1 1 1
 1 1 1 1 1
 1 1 1 1 1
 1 1 1 1 1
 1 1 1 1 1
 1 1 1 1 1
 1 1 1 1 1
 1 1 1 1 1
 1 1 1 1 1
 1 1 1 1 1
 1 1 1 1 1
 1 1 1 1 1
 1 1 1 1 1
 1 1 1 1 1
 1 1 1 1 1
Sel_pelaces
 1 1 1 1 1
 1 1 1 1 1
 1 1 1 1 1
 1 1 1 1 1
 1 1 1 1 1
 1 1 1 1 1
 1 1 1 1 1
 1 1 1 1 1
 1 1 1 1 1
 1 1 1 1 1
 1 1 1 1 1
 1 1 1 1 1
 1 1 1 1 1
 1 1 1 1 1
 1 1 1 1 1
 1 1 1 1 1
 1 1 1 1 1
 1 1 1 1 1
 1 1 1 1 1
 1 1 1 1 1
 1 1 1 1 1
 1 1 1 1 1
 1 1 1 1 1
 1 1 1 1 1
 1 1 1 1 1
 1 1 1 1 1
 1 1 1 1 1
 1 1 1 1 1
 1 1 1 1 1
 1 1 1 1 1
 1 1 1 1 1
pf_obs 
 0.8446 0.082 0.0669 0.0065 0
 0.8095 0.147 0.0364 0.0071 0
 0.9664 0.0169 0.016 0.0007 0
 0.9276 0.0648 0.0075 0.0001 0
 0.7033 0.2144 0.0806 0.0017 0
 0.9318 0.0425 0.0243 0.0014 0
 0.5671 0.3108 0.0964 0.0239 0.0018
 0.0768 0.2599 0.5324 0.112 0.0189
 0.490249 0.384438 0.106611 0.0170017 0.00170017
 0.7925 0.1577 0.0466 0.003 0.0002
 0.840416 0.127587 0.0312969 0.00059994 9.999e-05
 0.8084 0.0986 0.0794 0.0134 0.0002
 0.7335 0.1905 0.0724 0.0035 0.0001
 0.4001 0.4547 0.1325 0.0127 0
 0.49795 0.308269 0.164784 0.0264974 0.00249975
 0.9179 0.0499 0.0305 0.0017 0
 0.2467 0.6533 0.0926 0.0074 0
 0.9418 0.0223 0.034 0.0019 0
 0.707729 0.231977 0.0356964 0.0245975 0
 0.517169 0.277429 0.184464 0.0207286 0.00020938
 0.811772 0.124168 0.05621 0.00726502 0.000585176
 0.764997 0.148141 0.077277 0.00933861 0.000247198
 0.163321 0.427699 0.378323 0.0303852 0.000271297
 0.753843 0.0900009 0.118128 0.0371064 0.000921714
 0.721811 0.176058 0.0630433 0.0369309 0.00215725
 0.143369 0.312575 0.442814 0.0836902 0.0175525
 0.692698 0.0596174 0.167031 0.0765114 0.00414204
 0.394062 0.376323 0.152708 0.0712218 0.00568511
 0.125707 0.32114 0.495352 0.0537591 0.00404204
 0.23352 0.215282 0.420074 0.123614 0.00750983
 0.774587 0.0839891 0.0768558 0.0609784 0.00358967
pf_pred 
 0.0351536 0.211656 0.671174 0.0820159 7.96915e-07
 0.0664195 0.0416559 0.195659 0.620447 0.075818
 0.919011 0.0070051 0.00330113 0.0155056 0.0551774
 0.146495 0.800546 0.00458065 0.00215862 0.0462197
 0.303172 0.13932 0.522915 0.00299207 0.0316006
 0.997006 0.00125563 0.000347537 0.00130443 8.62926e-05
 0.0649875 0.932901 0.000885417 0.000245069 0.000980678
 0.149381 0.081739 0.767144 0.000728096 0.00100796
 0.978464 0.00427522 0.00165865 0.0155669 3.5228e-05
 0.287548 0.701101 0.00225337 0.000874236 0.00822351
 0.950576 0.0184418 0.0304885 9.79917e-05 0.000395631
 0.857256 0.137227 0.0020584 0.00340301 5.50962e-05
 0.653985 0.308541 0.0360262 0.00054039 0.000907856
 0.710386 0.209001 0.0718824 0.00839322 0.000337406
 0.790332 0.164729 0.03243 0.0111537 0.0013547
 0.97689 0.019568 0.00278284 0.000547854 0.000211311
 0.0835123 0.90056 0.0134869 0.00191802 0.000523238
 0.964437 0.0038268 0.0311842 0.000467017 8.45347e-05
 0.402494 0.580928 0.00178388 0.0145367 0.000257108
 0.293162 0.331735 0.364696 0.00111989 0.00928724
 0.882688 0.0419728 0.0353584 0.0388716 0.00110926
 0.781683 0.198291 0.00716516 0.00603603 0.00682512
 0.0614433 0.774678 0.148846 0.0053785 0.00965416
 0.836934 0.0128114 0.124019 0.023829 0.0024066
 0.542626 0.397347 0.00471608 0.0456534 0.00965772
 0.243583 0.45799 0.25926 0.00307714 0.0360893
 0.857564 0.0420212 0.0607987 0.0344171 0.00519939
 0.767593 0.206058 0.00777341 0.011247 0.00732856
 0.111348 0.718776 0.150617 0.00568193 0.0135777
 0.136926 0.119482 0.601446 0.126031 0.0161158
 0.903874 0.0166215 0.0110064 0.0554036 0.0130941
pobs_RECLAS
 0 0 0 0 0
 0 0 0 0 0
 0 0 0 0 0
 0 0 0 0 0
 0 0 0 0 0
 0 0 0 0 0
 0 0 0 0 0
 0 0 0 0 0
 0 0 0 0 0
 0 0 0 0 0
 0.991045 0.00858322 0.000360255 1.14367e-05 0
 0.934742 0.0480273 0.0164251 0.00080598 0
 0.827803 0.169806 0.00239088 0 0
 0.941827 0.0461693 0.0120037 0 0
 0.791401 0.0380133 0.147996 0.0225897 0
 0.846168 0.0940531 0.0597789 0 0
 0.134021 0.677848 0.182769 0.00536245 0
 0.80878 0.0450904 0.141981 0.00414843 0
 0.846168 0.0940531 0.0597789 0 0
 0.905697 0.0802665 0.012482 0.00150086 5.37128e-05
 0.989698 0.0102097 9.19794e-05 0 0
 0.975433 0.0193895 0.00387452 0.00125025 5.28907e-05
 0.303575 0.632131 0.0575291 0.00676475 0
 0.966965 0.00978017 0.0227588 0.000495775 0
 0.843318 0.132988 0.00938335 0.0141283 0.000182051
 0.564624 0.303363 0.111486 0.0197234 0.00080311
 0.826376 0.0876187 0.0782897 0.00655872 0.00115652
 0.89761 0.0855135 0.0140674 0.00269457 0.000114338
 0.34875 0.467042 0.161289 0.0227151 0.000203297
 0.318654 0.224769 0.449479 0.00709798 0
 0.937255 0.0296025 0.0250945 0.00804832 0
ppred_RECLAS
 0.0438643 0.209745 0.665114 0.0812754 7.89721e-07
 0.0827921 0.0409253 0.192228 0.609566 0.0744883
 0.935066 0.00561646 0.00264674 0.0124318 0.0442394
 0.182446 0.766826 0.00438771 0.00206769 0.0442729
 0.371967 0.125565 0.471291 0.00269668 0.0284809
 0.997637 0.000990939 0.000274275 0.00102945 6.81019e-05
 0.0841136 0.913818 0.000867305 0.000240056 0.000960618
 0.184454 0.0783688 0.735513 0.000698075 0.000966396
 0.983033 0.00336821 0.00130675 0.0122643 2.77541e-05
 0.345074 0.644492 0.00207143 0.000803646 0.00755952
 0.960407 0.0147734 0.0244239 7.84997e-05 0.000316934
 0.884725 0.11082 0.0016623 0.00274817 4.4494e-05
 0.70724 0.261054 0.0304814 0.000457219 0.000768129
 0.762802 0.171175 0.0588725 0.00687415 0.000276339
 0.830827 0.132914 0.0261665 0.00899952 0.00109306
 0.981716 0.0154814 0.00220167 0.00043344 0.00016718
 0.103513 0.880907 0.0131925 0.00187616 0.00051182
 0.971589 0.00305725 0.0249132 0.000373102 6.75352e-05
 0.46008 0.52494 0.00161195 0.0131356 0.000232329
 0.345272 0.307279 0.337809 0.00103733 0.00860256
 0.904968 0.0340011 0.028643 0.0314889 0.000898582
 0.819322 0.164104 0.00592985 0.00499539 0.00564843
 0.0763646 0.762362 0.14648 0.00529299 0.00950068
 0.866126 0.0105179 0.101817 0.019563 0.00197576
 0.599414 0.348012 0.00413053 0.0399851 0.00845861
 0.289021 0.430479 0.243687 0.0028923 0.0339215
 0.883716 0.0343059 0.0496358 0.0280979 0.00424476
 0.806138 0.171883 0.00648419 0.0093817 0.00611312
 0.13628 0.698609 0.146391 0.00552251 0.0131968
 0.167255 0.115283 0.58031 0.121602 0.0155494
 0.9226 0.0133835 0.00886224 0.0446106 0.0105433
pobs_PELACES
 0 0 0 0 0
 0 0 0 0 0
 0 0 0 0 0
 0 0 0 0 0
 0 0 0 0 0
 0 0 0 0 0
 0 0 0 0 0
 0 0 0 0 0
 0 0 0 0 0
 0 0 0 0 0
 0 0 0 0 0
 0 0 0 0 0
 0 0 0 0 0
 0 0 0 0 0
 0 0 0 0 0
 0 0 0 0 0
 0.505614 0.472636 0.0217494 0 0
 0 0 0 0 0
 0.443492 0.261883 0.143347 0.151278 0
 0.227955 0.32914 0.350689 0.0885471 0.00366901
 0.970185 0.0296113 0.000203453 0 0
 0.997202 0.00247181 0.000326279 0 0
 0.445219 0.490057 0.0546422 0.010081 0
 0.90214 0.0892962 0.00764917 0.000914606 0
 0 0 0 0 0
 0.581667 0.319106 0.0959925 0.00289975 0.000334073
 0.762889 0.0836404 0.116647 0.0363945 0.000428098
 0.88444 0.0763242 0.0277011 0.0115352 0
 0.521256 0.241999 0.230069 0.00667565 0
 0.616807 0.101726 0.260614 0.0208532 0
 0.833518 0.0704572 0.0857862 0.0102388 0
ppred_PELACES
 0.0443613 0.209636 0.664768 0.0812332 7.8931e-07
 0.0852191 0.040817 0.191719 0.607953 0.0742912
 0.936984 0.00545055 0.00256855 0.0120646 0.0429325
 0.193851 0.756128 0.0043265 0.00203885 0.0436552
 0.403055 0.11935 0.447961 0.00256319 0.027071
 0.997707 0.000961688 0.000266179 0.000999064 6.60916e-05
 0.0918584 0.906091 0.000859971 0.000238026 0.000952495
 0.193646 0.0774855 0.727223 0.000690207 0.000955504
 0.983723 0.00323125 0.00125362 0.0117656 2.66255e-05
 0.363486 0.626372 0.00201319 0.000781053 0.00734699
 0.961034 0.0145394 0.024037 7.72562e-05 0.000311913
 0.889369 0.106356 0.00159532 0.00263744 4.27013e-05
 0.716802 0.252527 0.0294858 0.000442285 0.000743039
 0.778078 0.160151 0.0550811 0.00643145 0.000258543
 0.841467 0.124554 0.0245208 0.00843351 0.00102431
 0.982318 0.0149718 0.0021292 0.000419173 0.000161677
 0.1062 0.878267 0.013153 0.00187054 0.000510286
 0.97203 0.00300974 0.0245261 0.000367304 6.64857e-05
 0.466178 0.519012 0.00159375 0.0129873 0.000229705
 0.353509 0.303413 0.333559 0.00102427 0.00849433
 0.907159 0.0332174 0.0279828 0.0307631 0.00087787
 0.823347 0.160449 0.00579775 0.0048841 0.0055226
 0.0778109 0.761168 0.14625 0.0052847 0.0094858
 0.867867 0.0103811 0.100493 0.0193086 0.00195007
 0.603417 0.344534 0.00408926 0.0395855 0.00837409
 0.29297 0.428088 0.242333 0.00287623 0.033733
 0.885643 0.0337372 0.0488129 0.0276321 0.00417439
 0.807923 0.1703 0.00642447 0.00929529 0.00605682
 0.137701 0.69746 0.14615 0.00551343 0.0131751
 0.170973 0.114768 0.577719 0.121059 0.01548
 0.924687 0.0130227 0.00862332 0.0434079 0.0102591
pobs_pel_tallas
 0 0 0 0 0 0 0 0 0 0 0 0 0 0 0 0 0 0 0 0 0 0 0 0 0 0
 0 0 0 0 0 0 0 0 0 0 0 0 0 0 0 0 0 0 0 0 0 0 0 0 0 0
 0 0 0 0 0 0 0 0 0 0 0 0 0 0 0 0 0 0 0 0 0 0 0 0 0 0
 0 0 0 0 0 0 0 0 0 0 0 0 0 0 0 0 0 0 0 0 0 0 0 0 0 0
 0 0 0 0 0 0 0 0 0 0 0 0 0 0 0 0 0 0 0 0 0 0 0 0 0 0
 0 0 0 0 0 0 0 0 0 0 0 0 0 0 0 0 0 0 0 0 0 0 0 0 0 0
 0 0 0 0 0 0 0 0 0 0 0 0 0 0 0 0 0 0 0 0 0 0 0 0 0 0
 0 0 0 0 0 0 0 0 0 0 0 0 0 0 0 0 0 0 0 0 0 0 0 0 0 0
 0 0 0 0 0 0 0 0 0 0 0 0 0 0 0 0 0 0 0 0 0 0 0 0 0 0
 0 0 0 0 0 0 0 0 0 0 0 0 0 0 0 0 0 0 0 0 0 0 0 0 0 0
 0 0 0 0 0 0 0 0 0 0 0 0 0 0 0 0 0 0 0 0 0 0 0 0 0 0
 0 0 0 0 0 0 0 0 0 0 0 0 0 0 0 0 0 0 0 0 0 0 0 0 0 0
 0.00862536 0 0 0.000197151 0.00414017 0.0128641 0.00837892 0.0270097 0.101434 0.158115 0.152841 0.127902 0.109271 0.109419 0.0830992 0.0579132 0.0238553 0.00714673 0.00463305 0.00128148 0.00103504 0.000492878 0.000147863 0.000147863 4.92878e-05 0
 0 0 0 0 0 0 0 0 0 0 0 0 0 0 0 0 0 0 0 0 0 0 0 0 0 0
 0 0 0 0 0 0 0 0.0054083 0.00873648 0.0413646 0.0450493 0.0745869 0.0622846 0.0627006 0.0613931 0.0827291 0.12552 0.122667 0.0946155 0.0697135 0.0546179 0.0294188 0.0215738 0.0213955 0.0102223 0.00600262
 0 0 0 0 0.00359764 0.0251062 0.0480494 0.140153 0.205849 0.193036 0.1447 0.116669 0.0760912 0.0342217 0.00950174 0.001854 0.000860785 0 0 0 0.000165536 0 0.000143464 0 0 0
 0 0 0 0 0 0 0 0.000145254 0.000435761 0.0275982 0.070085 0.0708112 0.156366 0.174668 0.174014 0.160142 0.0824315 0.0480064 0.0283245 0.00493863 0.00203355 0 0 0 0 0
 0 0 0 0 0 0 0 0 0 0 0 0 0 0 0 0 0 0 0 0 0 0 0 0 0 0
 0 0 1.00437e-05 0.000401748 0.00122533 0.00171747 0.00176769 0.0269171 0.070346 0.194647 0.189555 0.159765 0.064822 0.0314167 0.0384472 0.0292271 0.0345202 0.0313363 0.0194345 0.0106764 0.0143323 0.0359363 0.0279516 0.0138201 0.00172751 0
 0 0.0021121 0.0136068 0.0755702 0.200478 0.177729 0.0527432 0.0373336 0.0318909 0.0142505 0.0149659 0.0166563 0.0217959 0.0798694 0.0677717 0.0528807 0.04013 0.0224614 0.0357745 0.0225083 0.00881397 0.00855152 0.00135912 0.000746735 0 0
 0 0 0 0 5.4009e-05 0.00500934 0.000945158 0.0243581 0.138947 0.33067 0.221406 0.137944 0.0707744 0.0437923 0.0131692 0.00525238 0.0047753 0.00276346 9.45158e-05 9.00151e-06 2.25038e-05 9.00151e-06 4.50075e-06 0 0 0
 0.000866109 0.00284123 0.00948549 0.0512746 0.133035 0.25785 0.225252 0.132002 0.0553304 0.0519788 0.0540692 0.017754 0.00435017 0.00159236 0.00146478 0.000404838 0.000125132 0.000115318 0.000107957 0.000100596 0 0 0 0 0 0
 0 0 0 0 0.00144013 0.00171154 0.00461396 0.0210425 0.0478622 0.0707936 0.0888783 0.103762 0.0637923 0.0337046 0.0602308 0.124433 0.169614 0.0934646 0.0462172 0.0250306 0.0313229 0.00938855 0.002487 0.000210481 0 0
 0 0.00764035 0.051015 0.0998891 0.058973 0.0496711 0.0374665 0.0718981 0.12319 0.153886 0.159021 0.0857701 0.0377988 0.023471 0.0147837 0.00900784 0.00315554 0.000888139 0.00291439 0.00214683 0.00393193 0.00274676 0.000635225 9.99891e-05 0 0
 0 0 0 0 0 0 0 0 0 0 0 0 0 0 0 0 0 0 0 0 0 0 0 0 0 0
 0 0 0 0 0 0 0 0 0 0 0 0 0 0 0 0 0 0 0 0 0 0 0 0 0 0
 0 0 0 0 0 0 0 0 0 0 0 0 0 0 0 0 0 0 0 0 0 0 0 0 0 0
 0 0 0 0 0 0 0 0 0 0 0 0 0 0 0 0 0 0 0 0 0 0 0 0 0 0
 0 0 0 0 0 0 0 0 0 0 0 0 0 0 0 0 0 0 0 0 0 0 0 0 0 0
 0 0 0 0 0 0 0 0 0 0 0 0 0 0 0 0 0 0 0 0 0 0 0 0 0 0
 0 0 0 0 0 0 0 0 0 0 0 0 0 0 0 0 0 0 0 0 0 0 0 0 0 0
ppred_pel_tallas
 1.27385e-16 3.65403e-06 3.55185e-05 0.000236034 0.00107299 0.00333858 0.00711397 0.0103875 0.0104087 0.00721809 0.00369109 0.00210401 0.00287253 0.00595141 0.0117088 0.0205763 0.0324932 0.0468047 0.0626415 0.0793054 0.0960923 0.111583 0.123205 0.127848 0.123371 0.109936
 1.79085e-16 7.01939e-06 6.8231e-05 0.000453419 0.00206118 0.00641312 0.013664 0.0199439 0.0199484 0.013686 0.00648865 0.00228668 0.00104807 0.00146453 0.00295904 0.0057043 0.0102528 0.0174444 0.0284281 0.044494 0.0665145 0.0940768 0.124753 0.15408 0.176532 0.187228
 1.08551e-16 7.71781e-05 0.000750199 0.00498533 0.0226626 0.0705118 0.150233 0.219269 0.21927 0.150235 0.0705207 0.0226887 0.0050519 0.000899106 0.000371438 0.000524931 0.00083497 0.00125486 0.00182627 0.00264844 0.00386084 0.00558025 0.00780959 0.0103671 0.0128832 0.0148831
 1.07911e-16 1.59674e-05 0.000155209 0.00103142 0.00468874 0.0145888 0.0310856 0.0453856 0.0454584 0.0314409 0.0157812 0.00813068 0.00966359 0.0189743 0.0356841 0.058779 0.084236 0.105031 0.114046 0.108071 0.0898233 0.0662871 0.0447199 0.0293616 0.0207048 0.0168568
 1.17796e-16 3.31991e-05 0.000322708 0.00214451 0.00974862 0.0303316 0.0646252 0.0943249 0.0943371 0.064685 0.0305343 0.0103426 0.00366768 0.00375386 0.00685971 0.0120948 0.0192941 0.0281563 0.0382507 0.049154 0.0602977 0.0705713 0.0781617 0.0810491 0.0779865 0.0692726
 1.0012e-16 8.21798e-05 0.000798817 0.00530842 0.0241313 0.0750814 0.159969 0.233479 0.233479 0.159969 0.075083 0.0241357 0.00531958 0.000823303 0.000129034 8.42115e-05 0.00011572 0.000150766 0.000177581 0.000193982 0.000204467 0.000216692 0.000235621 0.000259597 0.000280979 0.000290378
 1.00442e-16 7.56644e-06 7.35486e-05 0.000488761 0.00222189 0.00691359 0.0147333 0.021522 0.0216091 0.015159 0.00834205 0.0063451 0.0108284 0.0226113 0.0427114 0.0703377 0.100711 0.125359 0.135655 0.127631 0.104423 0.0743259 0.046074 0.0249432 0.0118838 0.00509058
 1.21237e-16 1.59504e-05 0.000155043 0.00103032 0.00468369 0.0145727 0.031049 0.0453188 0.0453273 0.0310915 0.0147183 0.00511816 0.00217367 0.00282507 0.00559509 0.0105446 0.0182474 0.0292817 0.0439789 0.0620565 0.0820768 0.101093 0.11505 0.120143 0.114528 0.0993264
 1.01222e-16 8.1028e-05 0.000787621 0.00523402 0.0237931 0.0740291 0.157727 0.230207 0.230207 0.157728 0.0740343 0.0238082 0.00527243 0.000872617 0.000246011 0.00028845 0.000432979 0.000602462 0.000785015 0.000991274 0.00124882 0.00158178 0.001983 0.00239904 0.00274116 0.00291814
 1.0154e-16 2.994e-05 0.000291028 0.00193398 0.00879165 0.0273544 0.0582837 0.0850794 0.0851396 0.0585779 0.028342 0.0116423 0.00908261 0.0158739 0.0295582 0.0486443 0.0696638 0.0867501 0.0939532 0.0885466 0.0727121 0.0521896 0.0330051 0.0187741 0.0101017 0.00567886
 1.00759e-16 7.91591e-05 0.000769455 0.0051133 0.0232443 0.0723217 0.154089 0.224898 0.224899 0.154096 0.0723454 0.0233132 0.00528779 0.0011557 0.000828241 0.00128428 0.00193572 0.00262724 0.00325154 0.0037473 0.00410922 0.00435011 0.00445134 0.00435586 0.00401318 0.00343374
 1.00346e-16 7.32562e-05 0.000712076 0.004732 0.021511 0.0669287 0.142599 0.20813 0.20814 0.142649 0.0670964 0.0219952 0.00594642 0.00335978 0.00509176 0.00827577 0.0118537 0.0147794 0.0160428 0.0151834 0.0125698 0.00916838 0.00598763 0.00362401 0.00216588 0.00138536
 1.01086e-16 5.90421e-05 0.00057391 0.00381384 0.0173372 0.0539425 0.114931 0.16775 0.167775 0.11505 0.0543415 0.0184896 0.00670596 0.0068852 0.0120386 0.0197905 0.0284589 0.0356907 0.039123 0.0376536 0.0320895 0.0245964 0.0174143 0.0118392 0.00805313 0.00559769
 1.0232e-16 6.40893e-05 0.000622971 0.00413986 0.0188192 0.0585536 0.124755 0.182087 0.182103 0.124831 0.0588079 0.0195544 0.00598755 0.0046644 0.0077626 0.0127916 0.0185594 0.0236258 0.0265552 0.0266638 0.0243873 0.0209162 0.0174154 0.0144608 0.0120271 0.00984443
 1.01759e-16 6.93106e-05 0.000673723 0.00447713 0.0203524 0.0633239 0.134919 0.19692 0.196932 0.134977 0.0635211 0.0209222 0.00590797 0.00379929 0.00601129 0.00984391 0.0142109 0.0179492 0.0199218 0.0196046 0.0173873 0.0142897 0.0113297 0.00904098 0.00742079 0.00619432
 1.00135e-16 8.09122e-05 0.000786496 0.00522654 0.0237591 0.0739234 0.157502 0.229879 0.22988 0.157509 0.0739471 0.0238275 0.00539819 0.0011612 0.000792536 0.00118211 0.00169486 0.00213073 0.00234644 0.00227754 0.0019719 0.00155624 0.00115986 0.000854828 0.000647212 0.000506576
 1.00879e-16 8.7477e-06 8.50309e-05 0.000565064 0.00256875 0.00799279 0.0170326 0.0248773 0.0249618 0.0174453 0.0093778 0.00656677 0.0105917 0.0219437 0.0414349 0.0682573 0.0977882 0.121838 0.132065 0.124627 0.102537 0.073772 0.0467119 0.0263915 0.0136897 0.00687006
 1.00757e-16 8.00649e-05 0.000778259 0.0051718 0.0235103 0.0731492 0.155852 0.227471 0.227471 0.155854 0.0731547 0.0235267 0.00521492 0.000878273 0.000287201 0.000392739 0.00066151 0.00104625 0.00155024 0.00216278 0.0028374 0.00347842 0.00395205 0.00413027 0.00394849 0.0034409
 1.01521e-16 3.83985e-05 0.000373248 0.00248036 0.0112754 0.0350822 0.0747483 0.109108 0.109158 0.0749921 0.0359006 0.0136377 0.00840451 0.0132877 0.0245123 0.0403248 0.0577635 0.0719663 0.0780155 0.0736644 0.0607269 0.0439492 0.028294 0.0167073 0.00963551 0.00595467
 1.11244e-16 2.91182e-05 0.000283039 0.00188089 0.00855029 0.0266033 0.0566822 0.0827356 0.0827652 0.0568275 0.0270924 0.00996865 0.00546247 0.0081719 0.0152165 0.025642 0.0381679 0.0505473 0.060395 0.0664272 0.0689323 0.0690267 0.0674324 0.063938 0.0579242 0.0492978
 1.0405e-16 7.47215e-05 0.000726319 0.00482665 0.0219412 0.0682674 0.145451 0.212291 0.212294 0.145467 0.0683209 0.0220964 0.00521856 0.00158997 0.0017392 0.00282191 0.00421394 0.00563714 0.00687048 0.0078373 0.00863936 0.00944379 0.0103077 0.0110889 0.0115115 0.0113243
 1.01633e-16 6.7818e-05 0.000659215 0.00438072 0.0199141 0.0619603 0.132014 0.192681 0.192696 0.132089 0.0622135 0.0206451 0.00621439 0.0046582 0.00765114 0.0125119 0.0179491 0.0224315 0.0244539 0.0233363 0.0196419 0.0148214 0.0103714 0.00715019 0.00524 0.00424809
 1.06551e-16 6.40934e-06 6.23011e-05 0.000414016 0.0018821 0.00585632 0.0124802 0.0182306 0.018304 0.012839 0.00706107 0.0053625 0.0091527 0.0191468 0.0362739 0.0600152 0.0865824 0.109136 0.120669 0.117887 0.103113 0.0826003 0.062711 0.0469725 0.0357052 0.0275363
 1.0517e-16 7.14851e-05 0.00069486 0.00461759 0.0209909 0.0653105 0.139151 0.203095 0.203096 0.139157 0.0653303 0.02105 0.00477375 0.00106147 0.000843262 0.0014784 0.00258426 0.00421572 0.00645633 0.00931303 0.012622 0.0159777 0.0187676 0.0203524 0.0203202 0.018669
 1.05594e-16 4.97027e-05 0.000483128 0.00321056 0.0145947 0.0454099 0.0967517 0.141219 0.141252 0.0969137 0.0459535 0.0161642 0.00714758 0.00906936 0.0163329 0.0268634 0.0385612 0.0482344 0.0526927 0.0505293 0.0430123 0.0332943 0.0245702 0.018582 0.0153315 0.0137767
 1.131e-16 2.41317e-05 0.000234569 0.00155879 0.00708607 0.0220476 0.0469763 0.068572 0.0686135 0.0471794 0.0227305 0.00906194 0.00653206 0.0111361 0.0208591 0.0347876 0.0509044 0.0656659 0.0754116 0.078366 0.0755292 0.0696648 0.0632937 0.0573772 0.051491 0.0448964
 1.04895e-16 7.29493e-05 0.000709093 0.00471217 0.0214209 0.0666482 0.142001 0.207256 0.207259 0.142018 0.0667032 0.0215807 0.00511733 0.00160661 0.00181623 0.00298966 0.00454288 0.00623128 0.00785926 0.00935028 0.010762 0.0121674 0.013499 0.014503 0.0148514 0.014323
 1.02187e-16 6.65476e-05 0.000646867 0.00429866 0.0195411 0.0607996 0.129541 0.189072 0.189088 0.129621 0.0610684 0.0203171 0.00624541 0.00489286 0.00811957 0.0132901 0.0190753 0.0238602 0.0260561 0.0249502 0.0211471 0.0161857 0.0116423 0.00840288 0.00652189 0.00555086
 1.07179e-16 1.13424e-05 0.000110252 0.000732668 0.00333064 0.0103632 0.0220824 0.0322441 0.0323113 0.0224113 0.0114676 0.00652119 0.00874457 0.0176108 0.0332782 0.0550752 0.0795139 0.100351 0.11119 0.109028 0.095976 0.0777099 0.0599785 0.0459251 0.0357776 0.0282547
 1.31462e-16 1.40829e-05 0.00013689 0.000909686 0.00413531 0.0128665 0.027414 0.040014 0.0400259 0.0274729 0.0130671 0.00472621 0.0024372 0.00361827 0.00705717 0.0127733 0.0210396 0.0319914 0.0456344 0.0617992 0.079762 0.0977042 0.11261 0.121056 0.120632 0.111102
 1.06342e-16 7.61653e-05 0.000740353 0.00491991 0.0223652 0.0695864 0.148261 0.216392 0.216393 0.148268 0.0696076 0.0224268 0.00507618 0.00108714 0.000752311 0.00117211 0.00180435 0.00255013 0.00339153 0.00438704 0.00565813 0.00730252 0.00927755 0.0113379 0.0130811 0.0140857
pSPR Fmed_Fpbrs
0.440636   0.211907 0.211907
Fs Fmed_Fpbrs
0.472291   1.005 1.005
SSBpbr Bo_Bmed_Bpbrs
1.78799e+06  698455  289488 289488
Ro
57470.1
SPR SPRFo_SPRFmed_SPRFpbrs
410792 181010 87049.5
Fref
1.005
Nvult_r0
 126962 1983.87 1313.67 6612.73 1562.86
CTP_r0
 33036.8 607.517 402.284 2025.01 478.593
YTP_r0
391093
Np
 147826 44328.4 614.847 407.138 2534.34
Nvult_p0
 123412 38359.1 532.052 352.313 2193.06
CTP_p0
 54882 19227.4 266.689 176.596 1099.27
YTP_p0
 771478
CBA_c0
505209
log_Ro
10.779
likeval ReclasPelacesDesembMPH_pf_preclas_ppelaces_ptallas_desvR_qrecl_qpela
 34.4606 47.7356 0.137983 0.00199625 334.158 130.723 117.527 0 128.222 0 0 0.153105 0 0 0
q_reclas_q_pelaces
1 1
M
1
N
 7893.52 38424.6 121846 14889.4 0.144674
 4868.11 2524.17 11856.1 37596.5 4594.25
 195221 1230.91 580.062 2724.58 9695.56
 10426.5 49073.1 280.792 132.322 2833.25
 3834.32 1578.63 5925.14 33.9031 358.066
 285794 297.091 82.2298 308.637 20.4175
 5850.17 73571.3 69.8266 19.3268 77.3392
 1467.54 682.819 6408.45 6.08226 8.42011
 72460.1 264.672 102.684 963.718 2.1809
 7648.73 16138.6 51.8702 20.1239 189.296
 68507.5 1080.69 1786.63 5.74232 23.184
 153929 20684.1 310.261 512.933 8.30461
 82382.4 32635.2 3810.6 57.1586 96.0265
 68058.3 17408.4 5987.32 699.099 28.1036
 49816.8 8965.03 1764.93 607.018 73.7266
 438306 7278.29 1035.07 203.773 78.5966
 12099.1 107529 1610.37 229.017 62.4762
 982227 3167.13 25808.6 386.512 69.9625
 251940 298339 916.122 7465.38 132.039
 73651.3 69246.4 76126.5 233.765 1938.62
 450821 17611.6 14836.3 16310.4 465.441
 584954 122134 4413.27 3717.8 4203.83
 15085.8 155315 29842.1 1078.33 1935.56
 350783 4358.34 42190.3 8106.42 818.705
 181108 107843 1279.99 12390.7 2621.19
 35630 54630.6 30925.4 367.052 4304.86
 261333 10439.6 15104.6 8550.45 1291.72
 353981 76797.7 2897.15 4191.76 2731.35
 21766.6 113631 23810.9 898.254 2146.5
 9675.29 6941.65 34942.8 7322.12 936.293
 171290 2598.71 1720.81 8662.18 2047.23
pred_Ctot
 659.932 3973.38 12599.8 1539.67 0.0149603
 991.869 622.064 2921.86 9265.39 1132.22
 40306.3 307.233 144.782 680.048 2419.99
 4160.98 22738.4 130.107 61.3124 1312.81
 2154.26 989.967 3715.69 21.2609 224.546
 55833.2 70.3164 19.4624 73.0492 4.83246
 2761.69 39644.3 37.6264 10.4144 41.6746
 500.611 273.926 2570.87 2.44002 3.37789
 18819.4 82.2281 31.9018 299.408 0.677562
 3211.76 7830.95 25.1691 9.76478 91.8526
 7889.88 153.068 253.058 0.813341 3.28377
 43095.1 6898.54 103.478 171.073 2.76974
 23174.5 10933.4 1276.62 19.1491 32.1706
 29940.7 8808.8 3029.63 353.75 14.2207
 20422.8 4256.74 838.019 288.222 35.0066
 95374.1 1910.43 271.69 53.4872 20.6303
 2267.85 24455.5 366.247 52.0854 14.209
 109960 436.311 3555.45 53.2467 9.63818
 41237.4 59518.8 182.767 1489.35 26.3419
 16872.5 19092.5 20989.5 64.4534 534.513
 77003.1 3661.58 3084.57 3391.04 96.7684
 105646 26799.5 968.389 815.785 922.432
 2087.85 26323.7 5057.81 182.762 328.05
 36969.1 565.907 5478.19 1052.58 106.305
 20947.8 15339.3 182.062 1762.43 372.831
 4670.02 8780.68 4970.59 58.9955 691.912
 33847.5 1658.55 2399.69 1358.42 205.217
 28827.8 7738.71 291.939 422.393 275.232
 1852.86 11960.6 2506.3 94.5488 225.937
 1693.35 1477.62 7438.02 1558.61 199.302
 33036.8 607.517 402.284 2025.01 478.593
F
 0.14013 0.175852 0.175852 0.175852 0.175852
 0.374951 0.470532 0.470532 0.470532 0.470532
 0.380819 0.477896 0.477896 0.477896 0.477896
 0.887793 1.11411 1.11411 1.11411 1.11411
 1.55771 1.95479 1.95479 1.95479 1.95479
 0.357015 0.448023 0.448023 0.448023 0.448023
 1.148 1.44064 1.44064 1.44064 1.44064
 0.712855 0.894573 0.894573 0.894573 0.894573
 0.501823 0.629746 0.629746 0.629746 0.629746
 0.956942 1.20088 1.20088 1.20088 1.20088
 0.197576 0.247941 0.247941 0.247941 0.247941
 0.551098 0.691582 0.691582 0.691582 0.691582
 0.554419 0.695749 0.695749 0.695749 0.695749
 1.02703 1.28884 1.28884 1.28884 1.28884
 0.923456 1.15886 1.15886 1.15886 1.15886
 0.405153 0.508433 0.508433 0.508433 0.508433
 0.340306 0.427056 0.427056 0.427056 0.427056
 0.191592 0.240432 0.240432 0.240432 0.240432
 0.29152 0.365833 0.365833 0.365833 0.365833
 0.430782 0.540595 0.540595 0.540595 0.540595
 0.305951 0.383943 0.383943 0.383943 0.383943
 0.326077 0.409199 0.409199 0.409199 0.409199
 0.241661 0.303265 0.303265 0.303265 0.303265
 0.179487 0.225242 0.225242 0.225242 0.225242
 0.198501 0.249102 0.249102 0.249102 0.249102
 0.22758 0.285594 0.285594 0.285594 0.285594
 0.22462 0.28188 0.28188 0.28188 0.28188
 0.136287 0.171029 0.171029 0.171029 0.171029
 0.142834 0.179245 0.179245 0.179245 0.179245
 0.314559 0.394746 0.394746 0.394746 0.394746
 0.351735 0.441397 0.441397 0.441397 0.441397
nmprior
 8.19 8.8 8.5 0
nm_flota  nm_reclas  nm_pelaces    nm_pelaL
inf 8.10598 5.80413 9.83689
cv_recla  cv_pelaces  cv_mph
0.53099 0.783418 1.37884
 ------------------------------------------------
Talla a la edad & desviaci?n 
 8 13.2811 15.8009 17.003 17.5766
 0.8 1.32811 1.58009 1.7003 1.75766
