years
 1991 1992 1993 1994 1995 1996 1997 1998 1999 2000 2001 2002 2003 2004 2005 2006 2007 2008 2009 2010 2011 2012 2013 2014 2015 2016 2017 2018 2019 2020 2021
reclasobs
 0 0 0 0 0 0 0 0 0 252601 567819 844713 477998 351125 339783 2.1784e+06 2.13404e+06 4.81314e+06 1.55562e+06 2.62356e+06 3.21686e+06 3.843e+06 1.13348e+06 3.07943e+06 1.97215e+06 2.03268e+06 2.025e+06 2.42433e+06 2.27542e+06 1.05018e+06 2.36338e+06
reclaspred
 3.06378e+06 2.41447e+06 1.38302e+06 1.27603e+06 1.6208e+06 2.20106e+06 1.76957e+06 1.67375e+06 1.23347e+06 916598 689099 775585 770452 664958 765092 1.23515e+06 1.77582e+06 2.68893e+06 2.44262e+06 1.96285e+06 3.44556e+06 2.76748e+06 2.66509e+06 3.24105e+06 2.82815e+06 2.74399e+06 2.764e+06 2.61648e+06 2.8929e+06 2.06295e+06 3.05544e+06
pelacesobs
 0 0 0 0 0 0 0 0 0 0 0 0 0 0 0 552880 188675 0 991730 2.46772e+06 1.41603e+06 1.21717e+06 2.29649e+06 1.80582e+06 0 1.4828e+06 1.56532e+06 1.57751e+06 1.42118e+06 867257 1.10002e+06
pelacespred
 1.33273e+06 1.17391e+06 708419 578437 728628 996736 830438 859784 671301 467052 378990 336777 354881 330502 398420 536282 750509 1.20269e+06 1.21416e+06 929105 1.43919e+06 1.38188e+06 1.27107e+06 1.64217e+06 1.47365e+06 1.36037e+06 1.53653e+06 1.50466e+06 1.34164e+06 1.07277e+06 1.58465e+06
mphobs
 0 0 0 0 0 0 0 0 0 0 0 498337 0 5186 125008 0 168611 109162 213762 579715 649985 157893 87575 83554 0 0 0 0 0 0 0
mphpred
 2.32037e+06 2.50396e+06 1.46561e+06 879222 1.18245e+06 1.46153e+06 1.77503e+06 1.26831e+06 1.22138e+06 877060 570146 608409 590426 533408 451563 693849 1.26471e+06 1.57204e+06 2.1055e+06 1.73108e+06 1.96041e+06 2.49524e+06 2.23837e+06 2.05958e+06 2.65486e+06 2.20702e+06 2.0305e+06 2.02893e+06 2.58221e+06 1.90301e+06 1.51188e+06
desembarqueobs
 494567 514787 250237 358949 120608 361735 552515 73892 212993 205616 52469 317467 293654 387597 252695 516296 358380 742168 942051 627588 828172 859565 418607 520667 417249 300574 415391 372974 316634 284311 391294
desembarquepred
 494463 507799 253514 359226 120648 361739 552554 73903.9 213158 205786 52445.7 317487 293789 387813 252748 516476 358536 742426 942473 627795 828773 860206 418810 521006 417433 300686 415576 373108 316631 284283 391308
Reclutas
 531755 89384.3 125288 333089 286615 359233 166449 114880 75829 86356 136548 165557 159217 127192 164101 472745 219225 656528 528869 393232 593954 686439 224353 468767 411190 245268 417772 435570 174543 178618 678351
log_desv_Rt
 0.730999 -1.05224 -0.714569 0.263226 0.112954 0.338787 -0.430496 -0.801298 -1.2167 -1.08671 -0.628512 -0.435867 -0.474918 -0.699487 -0.444703 0.61337 -0.155086 0.94178 0.725556 0.429215 0.841617 0.986332 -0.131966 0.604921 0.47387 -0.0428337 0.489751 0.53147 -0.383012 -0.359934 0.974481
SSB
 2.32037e+06 2.50396e+06 1.46561e+06 879222 1.18245e+06 1.46153e+06 1.77503e+06 1.26831e+06 1.22138e+06 877060 570146 608409 590426 533408 451563 693849 1.26471e+06 1.57204e+06 2.1055e+06 1.73108e+06 1.96041e+06 2.49524e+06 2.23837e+06 2.05958e+06 2.65486e+06 2.20702e+06 2.0305e+06 2.02893e+06 2.58221e+06 1.90301e+06 1.51188e+06
BT
 4.06671e+06 3.29238e+06 1.96873e+06 2.10902e+06 2.12002e+06 3.33906e+06 2.61544e+06 2.56685e+06 2.01731e+06 1.4533e+06 1.15481e+06 1.27205e+06 1.35438e+06 1.4833e+06 1.65637e+06 2.28496e+06 2.42901e+06 4.61493e+06 4.57401e+06 3.19294e+06 5.29599e+06 4.78406e+06 3.83433e+06 5.8518e+06 4.33745e+06 4.10516e+06 5.32051e+06 5.13371e+06 3.60479e+06 3.15569e+06 6.01494e+06
Ftot
 0.153085 0.198329 0.17331 0.264878 0.0710468 0.155879 0.292091 0.0422346 0.163665 0.211691 0.072653 0.380715 0.35561 0.535778 0.310412 0.390436 0.190891 0.259968 0.359672 0.299641 0.226904 0.291432 0.149007 0.152606 0.140083 0.104309 0.14281 0.13555 0.104127 0.130868 0.121958
BD_Bspro_t
 0.975804 0.863964 0.735072 0.668228 0.725976 0.803166 0.786679 0.689349 0.757115 0.728709 0.696351 0.776408 0.662846 0.590958 0.532744 0.621365 0.670562 0.703388 0.71091 0.639668 0.624999 0.673443 0.680221 0.699103 0.771612 0.780369 0.800975 0.815335 0.840042 0.799768 0.784338
BD_Bspro
 1.26804 1.36837 0.800931 0.48048 0.646191 0.798699 0.970024 0.693109 0.667466 0.479298 0.311575 0.332485 0.322658 0.291498 0.246772 0.379177 0.691145 0.859096 1.15062 0.946009 1.07133 1.36361 1.22323 1.12552 1.45084 1.2061 1.10963 1.10878 1.41114 1.03996 0.826215
BD_Bo
 1.02796 1.10929 0.649289 0.38951 0.523846 0.64748 0.786367 0.561882 0.541094 0.388552 0.252584 0.269535 0.261568 0.236308 0.20005 0.307387 0.560289 0.696442 0.932774 0.766899 0.868495 1.10543 0.991635 0.912427 1.17615 0.977748 0.899546 0.898851 1.14396 0.843065 0.669787
BD_Brms
 4.36368 4.70893 2.75622 1.65346 2.22372 2.74854 3.33811 2.38518 2.29693 1.64939 1.07221 1.14417 1.11035 1.00312 0.849208 1.30485 2.37842 2.95638 3.9596 3.25547 3.68674 4.69254 4.20947 3.87323 4.99272 4.15052 3.81855 3.8156 4.8561 3.57879 2.84323
Sel_flota
 0.5 1 1 1 1
 0.5 1 1 1 1
 0.5 1 1 1 1
 0.5 1 1 1 1
 0.5 1 1 1 1
 0.5 1 1 1 1
 0.5 1 1 1 1
 0.5 1 1 1 1
 0.5 1 1 1 1
 0.5 1 1 1 1
 0.5 1 1 1 1
 0.5 1 1 1 1
 0.5 1 1 1 1
 0.5 1 1 1 1
 0.5 1 1 1 1
 0.5 1 1 1 1
 0.5 1 1 1 1
 0.5 1 1 1 1
 0.5 1 1 1 1
 0.5 1 1 1 1
 0.5 1 1 1 1
 0.5 1 1 1 1
 0.5 1 1 1 1
 0.5 1 1 1 1
 0.5 1 1 1 1
 0.5 1 1 1 1
 0.5 1 1 1 1
 0.5 1 1 1 1
 0.5 1 1 1 1
 0.5 1 1 1 1
 0.5 1 1 1 1
Sel_reclas
 0.5 1 1 1 1
 0.5 1 1 1 1
 0.5 1 1 1 1
 0.5 1 1 1 1
 0.5 1 1 1 1
 0.5 1 1 1 1
 0.5 1 1 1 1
 0.5 1 1 1 1
 0.5 1 1 1 1
 0.5 1 1 1 1
 0.5 1 1 1 1
 0.5 1 1 1 1
 0.5 1 1 1 1
 0.5 1 1 1 1
 0.5 1 1 1 1
 0.5 1 1 1 1
 0.5 1 1 1 1
 0.5 1 1 1 1
 0.5 1 1 1 1
 0.5 1 1 1 1
 0.5 1 1 1 1
 0.5 1 1 1 1
 0.5 1 1 1 1
 0.5 1 1 1 1
 0.5 1 1 1 1
 0.5 1 1 1 1
 0.5 1 1 1 1
 0.5 1 1 1 1
 0.5 1 1 1 1
 0.5 1 1 1 1
 0.5 1 1 1 1
Sel_pelaces
 0.5 1 1 1 1
 0.5 1 1 1 1
 0.5 1 1 1 1
 0.5 1 1 1 1
 0.5 1 1 1 1
 0.5 1 1 1 1
 0.5 1 1 1 1
 0.5 1 1 1 1
 0.5 1 1 1 1
 0.5 1 1 1 1
 0.5 1 1 1 1
 0.5 1 1 1 1
 0.5 1 1 1 1
 0.5 1 1 1 1
 0.5 1 1 1 1
 0.5 1 1 1 1
 0.5 1 1 1 1
 0.5 1 1 1 1
 0.5 1 1 1 1
 0.5 1 1 1 1
 0.5 1 1 1 1
 0.5 1 1 1 1
 0.5 1 1 1 1
 0.5 1 1 1 1
 0.5 1 1 1 1
 0.5 1 1 1 1
 0.5 1 1 1 1
 0.5 1 1 1 1
 0.5 1 1 1 1
 0.5 1 1 1 1
 0.5 1 1 1 1
pf_obs 
 0.8446 0.082 0.0669 0.0065 0
 0.8095 0.147 0.0364 0.0071 0
 0.9664 0.0169 0.016 0.0007 0
 0.9276 0.0648 0.0075 0.0001 0
 0.7033 0.2144 0.0806 0.0017 0
 0.9318 0.0425 0.0243 0.0014 0
 0.5671 0.3108 0.0964 0.0239 0.0018
 0.0768 0.2599 0.5324 0.112 0.0189
 0.490249 0.384438 0.106611 0.0170017 0.00170017
 0.7925 0.1577 0.0466 0.003 0.0002
 0.840416 0.127587 0.0312969 0.00059994 9.999e-05
 0.8084 0.0986 0.0794 0.0134 0.0002
 0.7335 0.1905 0.0724 0.0035 0.0001
 0.4001 0.4547 0.1325 0.0127 0
 0.49795 0.308269 0.164784 0.0264974 0.00249975
 0.9179 0.0499 0.0305 0.0017 0
 0.2467 0.6533 0.0926 0.0074 0
 0.9418 0.0223 0.034 0.0019 0
 0.707729 0.231977 0.0356964 0.0245975 0
 0.517169 0.277429 0.184464 0.0207286 0.00020938
 0.811772 0.124168 0.05621 0.00726502 0.000585176
 0.764997 0.148141 0.077277 0.00933861 0.000247198
 0.163321 0.427699 0.378323 0.0303852 0.000271297
 0.753843 0.0900009 0.118128 0.0371064 0.000921714
 0.721811 0.176058 0.0630433 0.0369309 0.00215725
 0.143369 0.312575 0.442814 0.0836902 0.0175525
 0.692698 0.0596174 0.167031 0.0765114 0.00414204
 0.394062 0.376323 0.152708 0.0712218 0.00568511
 0.125707 0.32114 0.495352 0.0537591 0.00404204
 0.23352 0.215282 0.420074 0.123614 0.00750983
 0.774587 0.0839891 0.0768558 0.0609784 0.00358967
pf_pred 
 0.605988 0.249063 0.0916251 0.033707 0.0196167
 0.163813 0.63796 0.125303 0.0460964 0.026827
 0.390166 0.179029 0.328678 0.0645563 0.0375703
 0.704606 0.169531 0.0369494 0.0678351 0.0210776
 0.53163 0.392379 0.0436123 0.0095053 0.022873
 0.560059 0.307345 0.111083 0.0123467 0.00916635
 0.34424 0.47689 0.12496 0.045164 0.00874674
 0.369003 0.33695 0.213841 0.0560327 0.0241739
 0.33934 0.358176 0.161525 0.10251 0.0384491
 0.476371 0.271671 0.136599 0.0616015 0.0537581
 0.615334 0.253723 0.0679361 0.034159 0.0288477
 0.58521 0.317608 0.0641004 0.0171633 0.015918
 0.563227 0.331923 0.0802843 0.0162032 0.00836223
 0.516209 0.358807 0.0949808 0.0229736 0.00702946
 0.635713 0.260648 0.0768647 0.020347 0.00642733
 0.796627 0.161275 0.0301213 0.00888272 0.00309413
 0.417022 0.523587 0.0470969 0.00879627 0.00349758
 0.739697 0.156762 0.0929929 0.00836475 0.00218348
 0.535231 0.399695 0.0391894 0.0232475 0.00263698
 0.480349 0.37397 0.125283 0.0122838 0.00811345
 0.625564 0.250553 0.0891531 0.0298671 0.00486264
 0.593098 0.317959 0.0595162 0.0211774 0.00824968
 0.287289 0.542252 0.133199 0.0249325 0.0123276
 0.590715 0.187145 0.169011 0.041516 0.0116133
 0.498689 0.376598 0.0570248 0.0514991 0.016189
 0.374747 0.421821 0.152824 0.0231407 0.0274679
 0.581284 0.231459 0.126332 0.0457694 0.0151568
 0.537716 0.34363 0.0655899 0.0357993 0.017265
 0.296477 0.49789 0.152853 0.0291757 0.0236041
 0.411698 0.273541 0.22276 0.0683877 0.0236141
 0.770041 0.136277 0.043559 0.0354726 0.0146505
pobs_RECLAS
 0 0 0 0 0
 0 0 0 0 0
 0 0 0 0 0
 0 0 0 0 0
 0 0 0 0 0
 0 0 0 0 0
 0 0 0 0 0
 0 0 0 0 0
 0 0 0 0 0
 0 0 0 0 0
 0.991045 0.00858322 0.000360255 1.14367e-05 0
 0.934742 0.0480273 0.0164251 0.00080598 0
 0.827803 0.169806 0.00239088 0 0
 0.941827 0.0461693 0.0120037 0 0
 0.791401 0.0380133 0.147996 0.0225897 0
 0.846168 0.0940531 0.0597789 0 0
 0.134021 0.677848 0.182769 0.00536245 0
 0.80878 0.0450904 0.141981 0.00414843 0
 0.846168 0.0940531 0.0597789 0 0
 0.905697 0.0802665 0.012482 0.00150086 5.37128e-05
 0.989698 0.0102097 9.19794e-05 0 0
 0.975433 0.0193895 0.00387452 0.00125025 5.28907e-05
 0.303575 0.632131 0.0575291 0.00676475 0
 0.966965 0.00978017 0.0227588 0.000495775 0
 0.843318 0.132988 0.00938335 0.0141283 0.000182051
 0.564624 0.303363 0.111486 0.0197234 0.00080311
 0.826376 0.0876187 0.0782897 0.00655872 0.00115652
 0.89761 0.0855135 0.0140674 0.00269457 0.000114338
 0.34875 0.467042 0.161289 0.0227151 0.000203297
 0.318654 0.224769 0.449479 0.00709798 0
 0.937255 0.0296025 0.0250945 0.00804832 0
ppred_RECLAS
 0.607651 0.248012 0.0912385 0.0335648 0.0195339
 0.16509 0.636987 0.125112 0.046026 0.0267861
 0.392069 0.17847 0.327652 0.0643548 0.037453
 0.707289 0.167992 0.0366138 0.0672191 0.0208862
 0.532393 0.39174 0.0435413 0.00948982 0.0228357
 0.561809 0.306122 0.110641 0.0122976 0.00912987
 0.347516 0.474508 0.124335 0.0449384 0.00870304
 0.369418 0.336728 0.2137 0.0559958 0.024158
 0.341023 0.357263 0.161114 0.102249 0.0383511
 0.478866 0.270376 0.135948 0.061308 0.0535019
 0.616076 0.253234 0.0678051 0.0340931 0.0287921
 0.59002 0.313925 0.0633571 0.0169643 0.0157334
 0.567719 0.328509 0.0794586 0.0160365 0.00827622
 0.523773 0.353197 0.0934956 0.0226144 0.00691955
 0.639307 0.258076 0.0761063 0.0201463 0.00636392
 0.799922 0.158662 0.0296332 0.00873878 0.00304399
 0.419188 0.521642 0.0469219 0.00876359 0.00348459
 0.742124 0.1553 0.0921257 0.00828674 0.00216311
 0.539839 0.395733 0.0388009 0.0230171 0.00261084
 0.484075 0.371289 0.124385 0.0121958 0.00805528
 0.628095 0.24886 0.0885506 0.0296653 0.00482977
 0.596578 0.315239 0.0590071 0.0209962 0.00817912
 0.288676 0.541196 0.13294 0.024884 0.0123036
 0.592393 0.186378 0.168318 0.0413458 0.0115657
 0.50027 0.375411 0.056845 0.0513368 0.016138
 0.375825 0.421094 0.152561 0.0231008 0.0274206
 0.582854 0.23059 0.125858 0.0455977 0.0151
 0.539232 0.342503 0.0653748 0.035682 0.0172084
 0.297435 0.497212 0.152645 0.029136 0.023572
 0.413121 0.272879 0.222221 0.0682224 0.023557
 0.771002 0.135707 0.0433768 0.0353242 0.0145892
pobs_PELACES
 0 0 0 0 0
 0 0 0 0 0
 0 0 0 0 0
 0 0 0 0 0
 0 0 0 0 0
 0 0 0 0 0
 0 0 0 0 0
 0 0 0 0 0
 0 0 0 0 0
 0 0 0 0 0
 0 0 0 0 0
 0 0 0 0 0
 0 0 0 0 0
 0 0 0 0 0
 0 0 0 0 0
 0 0 0 0 0
 0.505614 0.472636 0.0217494 0 0
 0 0 0 0 0
 0.443492 0.261883 0.143347 0.151278 0
 0.227955 0.32914 0.350689 0.0885471 0.00366901
 0.970185 0.0296113 0.000203453 0 0
 0.997202 0.00247181 0.000326279 0 0
 0.445219 0.490057 0.0546422 0.010081 0
 0.90214 0.0892962 0.00764917 0.000914606 0
 0 0 0 0 0
 0.581667 0.319106 0.0959925 0.00289975 0.000334073
 0.762889 0.0836404 0.116647 0.0363945 0.000428098
 0.88444 0.0763242 0.0277011 0.0115352 0
 0.521256 0.241999 0.230069 0.00667565 0
 0.616807 0.101726 0.260614 0.0208532 0
 0.833518 0.0704572 0.0857862 0.0102388 0
ppred_PELACES
 0.613656 0.244216 0.089842 0.033051 0.0192349
 0.16965 0.633507 0.124428 0.0457747 0.0266398
 0.398906 0.176463 0.323968 0.0636311 0.0370318
 0.716254 0.162846 0.0354924 0.0651602 0.0202465
 0.53531 0.389297 0.0432697 0.00943062 0.0226933
 0.568131 0.301706 0.109045 0.0121202 0.00899817
 0.358523 0.466503 0.122238 0.0441803 0.00855622
 0.371043 0.33586 0.213149 0.0558515 0.0240958
 0.347118 0.353959 0.159624 0.101303 0.0379964
 0.487588 0.265851 0.133673 0.0602819 0.0526065
 0.618907 0.251366 0.0673051 0.0338417 0.0285798
 0.605125 0.302359 0.0610228 0.0163393 0.0151537
 0.582058 0.317613 0.0768229 0.0155046 0.0080017
 0.545764 0.336888 0.0891784 0.0215701 0.00660003
 0.651031 0.249688 0.0736325 0.0194914 0.00615706
 0.810034 0.150643 0.0281356 0.00829713 0.00289015
 0.426875 0.514738 0.0463009 0.0086476 0.00343847
 0.750248 0.150408 0.0892236 0.0080257 0.00209497
 0.554542 0.383088 0.0375611 0.0222816 0.00252742
 0.49643 0.362398 0.121407 0.0119037 0.00786238
 0.636797 0.243036 0.0864785 0.0289711 0.00471676
 0.608096 0.306239 0.0573225 0.0203968 0.00794561
 0.29375 0.537336 0.131992 0.0247065 0.0122158
 0.598458 0.183604 0.165813 0.0407305 0.0113936
 0.506048 0.37107 0.0561877 0.0507432 0.0159514
 0.37987 0.418364 0.151572 0.0229511 0.0272428
 0.588572 0.22743 0.124133 0.0449727 0.014893
 0.544784 0.338376 0.0645871 0.035252 0.0170011
 0.301037 0.494662 0.151863 0.0289866 0.0234511
 0.418366 0.27044 0.220235 0.0676127 0.0233464
 0.774536 0.133613 0.0427075 0.0347791 0.0143641
pobs_pel_tallas
 0 0 0 0 0 0 0 0 0 0 0 0 0 0 0 0 0 0 0 0 0 0 0 0 0 0
 0 0 0 0 0 0 0 0 0 0 0 0 0 0 0 0 0 0 0 0 0 0 0 0 0 0
 0 0 0 0 0 0 0 0 0 0 0 0 0 0 0 0 0 0 0 0 0 0 0 0 0 0
 0 0 0 0 0 0 0 0 0 0 0 0 0 0 0 0 0 0 0 0 0 0 0 0 0 0
 0 0 0 0 0 0 0 0 0 0 0 0 0 0 0 0 0 0 0 0 0 0 0 0 0 0
 0 0 0 0 0 0 0 0 0 0 0 0 0 0 0 0 0 0 0 0 0 0 0 0 0 0
 0 0 0 0 0 0 0 0 0 0 0 0 0 0 0 0 0 0 0 0 0 0 0 0 0 0
 0 0 0 0 0 0 0 0 0 0 0 0 0 0 0 0 0 0 0 0 0 0 0 0 0 0
 0 0 0 0 0 0 0 0 0 0 0 0 0 0 0 0 0 0 0 0 0 0 0 0 0 0
 0 0 0 0 0 0 0 0 0 0 0 0 0 0 0 0 0 0 0 0 0 0 0 0 0 0
 0 0 0 0 0 0 0 0 0 0 0 0 0 0 0 0 0 0 0 0 0 0 0 0 0 0
 0 0 0 0 0 0 0 0 0 0 0 0 0 0 0 0 0 0 0 0 0 0 0 0 0 0
 0.00862536 0 0 0.000197151 0.00414017 0.0128641 0.00837892 0.0270097 0.101434 0.158115 0.152841 0.127902 0.109271 0.109419 0.0830992 0.0579132 0.0238553 0.00714673 0.00463305 0.00128148 0.00103504 0.000492878 0.000147863 0.000147863 4.92878e-05 0
 0 0 0 0 0 0 0 0 0 0 0 0 0 0 0 0 0 0 0 0 0 0 0 0 0 0
 0 0 0 0 0 0 0 0.0054083 0.00873648 0.0413646 0.0450493 0.0745869 0.0622846 0.0627006 0.0613931 0.0827291 0.12552 0.122667 0.0946155 0.0697135 0.0546179 0.0294188 0.0215738 0.0213955 0.0102223 0.00600262
 0 0 0 0 0.00359764 0.0251062 0.0480494 0.140153 0.205849 0.193036 0.1447 0.116669 0.0760912 0.0342217 0.00950174 0.001854 0.000860785 0 0 0 0.000165536 0 0.000143464 0 0 0
 0 0 0 0 0 0 0 0.000145254 0.000435761 0.0275982 0.070085 0.0708112 0.156366 0.174668 0.174014 0.160142 0.0824315 0.0480064 0.0283245 0.00493863 0.00203355 0 0 0 0 0
 0 0 0 0 0 0 0 0 0 0 0 0 0 0 0 0 0 0 0 0 0 0 0 0 0 0
 0 0 1.00437e-05 0.000401748 0.00122533 0.00171747 0.00176769 0.0269171 0.070346 0.194647 0.189555 0.159765 0.064822 0.0314167 0.0384472 0.0292271 0.0345202 0.0313363 0.0194345 0.0106764 0.0143323 0.0359363 0.0279516 0.0138201 0.00172751 0
 0 0.0021121 0.0136068 0.0755702 0.200478 0.177729 0.0527432 0.0373336 0.0318909 0.0142505 0.0149659 0.0166563 0.0217959 0.0798694 0.0677717 0.0528807 0.04013 0.0224614 0.0357745 0.0225083 0.00881397 0.00855152 0.00135912 0.000746735 0 0
 0 0 0 0 5.4009e-05 0.00500934 0.000945158 0.0243581 0.138947 0.33067 0.221406 0.137944 0.0707744 0.0437923 0.0131692 0.00525238 0.0047753 0.00276346 9.45158e-05 9.00151e-06 2.25038e-05 9.00151e-06 4.50075e-06 0 0 0
 0.000866109 0.00284123 0.00948549 0.0512746 0.133035 0.25785 0.225252 0.132002 0.0553304 0.0519788 0.0540692 0.017754 0.00435017 0.00159236 0.00146478 0.000404838 0.000125132 0.000115318 0.000107957 0.000100596 0 0 0 0 0 0
 0 0 0 0 0.00144013 0.00171154 0.00461396 0.0210425 0.0478622 0.0707936 0.0888783 0.103762 0.0637923 0.0337046 0.0602308 0.124433 0.169614 0.0934646 0.0462172 0.0250306 0.0313229 0.00938855 0.002487 0.000210481 0 0
 0 0.00764035 0.051015 0.0998891 0.058973 0.0496711 0.0374665 0.0718981 0.12319 0.153886 0.159021 0.0857701 0.0377988 0.023471 0.0147837 0.00900784 0.00315554 0.000888139 0.00291439 0.00214683 0.00393193 0.00274676 0.000635225 9.99891e-05 0 0
 0 0 0 0 0 0 0 0 0 0 0 0 0 0 0 0 0 0 0 0 0 0 0 0 0 0
 0 0 0 0 0 0 0 0 0 0 0 0 0 0 0 0 0 0 0 0 0 0 0 0 0 0
 0 0 0 0 0 0 0 0 0 0 0 0 0 0 0 0 0 0 0 0 0 0 0 0 0 0
 0 0 0 0 0 0 0 0 0 0 0 0 0 0 0 0 0 0 0 0 0 0 0 0 0 0
 0 0 0 0 0 0 0 0 0 0 0 0 0 0 0 0 0 0 0 0 0 0 0 0 0 0
 0 0 0 0 0 0 0 0 0 0 0 0 0 0 0 0 0 0 0 0 0 0 0 0 0 0
 0 0 0 0 0 0 0 0 0 0 0 0 0 0 0 0 0 0 0 0 0 0 0 0 0 0
ppred_pel_tallas
 1.09225e-16 5.05461e-05 0.000491326 0.00326504 0.0148424 0.0461803 0.0983929 0.143612 0.143636 0.0985084 0.0465685 0.015965 0.00608787 0.00666993 0.0118333 0.0196113 0.0285511 0.0365557 0.0415221 0.0425001 0.0402255 0.0365205 0.0330626 0.0305097 0.0285108 0.0263268
 1.12852e-16 1.3974e-05 0.000135832 0.000902654 0.00410337 0.0127674 0.0272046 0.0397188 0.0397799 0.0275033 0.0137706 0.0070018 0.00818154 0.0160372 0.0302481 0.0500762 0.0723567 0.0914701 0.101695 0.100422 0.0896912 0.0747308 0.0607121 0.0502689 0.0432279 0.0379801
 1.22043e-16 3.28574e-05 0.000319385 0.00212243 0.00964827 0.0300194 0.0639602 0.0933555 0.093373 0.0640459 0.0303087 0.0104901 0.00425937 0.00506355 0.00927597 0.0158942 0.0243265 0.0336052 0.042704 0.0510922 0.0588153 0.0659319 0.0718417 0.0752159 0.0746693 0.0696292
 1.11027e-16 5.8997e-05 0.000573472 0.00381092 0.0173239 0.0539012 0.114843 0.16762 0.167635 0.11492 0.0541596 0.0180711 0.00568894 0.00468204 0.0078892 0.0130249 0.0189473 0.0242585 0.0276117 0.0284793 0.0274987 0.0260243 0.0252253 0.0254226 0.0260733 0.0262576
 1.06135e-16 4.40928e-05 0.000428598 0.00284819 0.0129475 0.0402846 0.085832 0.125282 0.12532 0.0860152 0.0408999 0.0147244 0.00730792 0.010162 0.0185235 0.0305381 0.0439542 0.055212 0.060721 0.0588495 0.0509148 0.0403066 0.0304694 0.0232993 0.0188774 0.0162382
 1.05963e-16 4.67962e-05 0.000454876 0.00302281 0.0137413 0.0427544 0.0910938 0.13296 0.132989 0.0912365 0.0432337 0.0151269 0.00650599 0.00807531 0.0145681 0.0241367 0.0350605 0.0447043 0.0503897 0.0508487 0.046911 0.0408083 0.0346999 0.0296138 0.0254331 0.0215839
 1.09526e-16 2.95311e-05 0.000287053 0.00190757 0.00867157 0.0269807 0.0574869 0.0839133 0.0839584 0.0577072 0.0277205 0.0108095 0.00727889 0.0120289 0.0223774 0.0370742 0.053703 0.0681679 0.0763004 0.0761781 0.0692213 0.0591059 0.0494119 0.041876 0.0362826 0.0315216
 1.15916e-16 3.05624e-05 0.000297078 0.00197419 0.00897438 0.0279228 0.0594937 0.0868397 0.0868723 0.0596534 0.0284597 0.0105286 0.00588907 0.00888828 0.0164794 0.0275438 0.0404942 0.052651 0.061271 0.065071 0.0648636 0.0627002 0.06027 0.0579043 0.054821 0.0501068
 1.21287e-16 2.85917e-05 0.000277922 0.00184689 0.00839571 0.0261224 0.0556577 0.0812413 0.0812756 0.0558255 0.0266865 0.0100278 0.00595421 0.00927991 0.0172315 0.0287265 0.0420609 0.0543655 0.0627544 0.0659889 0.0651789 0.0628398 0.0610718 0.0603312 0.0595637 0.0572669
 1.18874e-16 4.0162e-05 0.000390389 0.00259428 0.0117932 0.0366932 0.0781797 0.114111 0.114137 0.0783059 0.0371173 0.0130205 0.00568395 0.00716526 0.0129966 0.0216618 0.0317738 0.0411919 0.0477787 0.0506261 0.0505695 0.0494717 0.0488587 0.0490057 0.0490481 0.0477857
 1.10237e-16 5.09786e-05 0.00049553 0.00329297 0.0149694 0.0465755 0.0992349 0.144841 0.144866 0.0993536 0.0469743 0.0161222 0.00618996 0.00683079 0.0121162 0.0200398 0.0290809 0.0370454 0.0417463 0.0422234 0.0393147 0.0350386 0.0312877 0.0288604 0.0274062 0.0260434
 1.06042e-16 4.98434e-05 0.000484496 0.00321965 0.0146361 0.0455384 0.0970255 0.141618 0.141647 0.097168 0.0460172 0.0160195 0.0066939 0.00807439 0.014481 0.0239053 0.0345371 0.0436581 0.0485313 0.047905 0.0427464 0.0355464 0.0287764 0.0237067 0.0202761 0.0177387
 1.05208e-16 4.79434e-05 0.000466027 0.00309692 0.0140781 0.0438025 0.093327 0.13622 0.136251 0.0934769 0.0443058 0.0155326 0.00675039 0.00845 0.0152357 0.0251765 0.0364148 0.0461108 0.0513922 0.0509236 0.0456685 0.0381649 0.0309295 0.025256 0.02111 0.0178128
 1.0594e-16 4.49539e-05 0.000436968 0.00290381 0.0132003 0.0410712 0.0875078 0.127727 0.12776 0.0876668 0.0416054 0.014744 0.00678212 0.00891446 0.0161779 0.02676 0.0387453 0.0491455 0.0549318 0.0546949 0.0494425 0.0418246 0.0344471 0.0286145 0.0242438 0.0206076
 1.05186e-16 5.36246e-05 0.000521251 0.00346389 0.0157464 0.048993 0.104386 0.152359 0.152383 0.104503 0.0493891 0.0168915 0.00634142 0.00681333 0.0120341 0.0198906 0.0288373 0.0366628 0.0411407 0.0412372 0.0376904 0.0324291 0.0273258 0.0232802 0.0201763 0.0174513
 1.02172e-16 6.67215e-05 0.000648556 0.00430989 0.0195921 0.0609584 0.129879 0.189565 0.18958 0.12995 0.0611969 0.0202811 0.0060398 0.00442698 0.00724856 0.0118934 0.0171634 0.0216619 0.024012 0.0235794 0.02084 0.0170377 0.0134185 0.0106422 0.00871312 0.0072956
 1.02917e-16 3.51613e-05 0.00034178 0.00227125 0.0103248 0.0321246 0.0684466 0.0999102 0.0999598 0.0686888 0.0329376 0.0126726 0.00816233 0.0131948 0.0244242 0.0402664 0.0578697 0.0724932 0.0793227 0.0761318 0.0646154 0.0492612 0.0347067 0.0236254 0.0163539 0.0118591
 1.03773e-16 6.17969e-05 0.000600688 0.00399179 0.0181461 0.0564593 0.120293 0.175574 0.175589 0.120364 0.0566993 0.0188408 0.00574071 0.00443542 0.00739378 0.0122534 0.0179423 0.0231791 0.026677 0.0278052 0.0268925 0.024872 0.022585 0.0203366 0.0179774 0.0152894
 1.03845e-16 4.5677e-05 0.000443996 0.00295051 0.0134126 0.0417319 0.0889155 0.129782 0.129819 0.0890958 0.0423372 0.0151607 0.00733746 0.0100174 0.0182178 0.0300209 0.0431866 0.0541973 0.0595029 0.0574802 0.049409 0.0386148 0.0284879 0.0209128 0.0160124 0.0129069
 1.06121e-16 4.08903e-05 0.000397468 0.00264132 0.0120071 0.0373587 0.0795979 0.116183 0.116218 0.0797691 0.037934 0.0136703 0.00682137 0.00953982 0.0174544 0.0289222 0.0419643 0.0534038 0.0600007 0.0602187 0.0550652 0.0472636 0.0394775 0.0330215 0.0278193 0.0232104
 1.06262e-16 5.24522e-05 0.000509854 0.00338816 0.0154021 0.0479218 0.102103 0.149028 0.149051 0.102218 0.0483079 0.0165186 0.00619517 0.00665206 0.0117604 0.0194717 0.0283096 0.0361595 0.0408928 0.0415226 0.0387456 0.0343632 0.0300746 0.026618 0.0237742 0.0209593
 1.05123e-16 5.00881e-05 0.000486874 0.00323545 0.0147079 0.0457619 0.0975017 0.142313 0.142342 0.0976461 0.0462467 0.0161086 0.00675265 0.00816944 0.0146541 0.0241825 0.0349161 0.0440912 0.0489238 0.0481371 0.0427092 0.0351722 0.0280492 0.0226546 0.0189572 0.0162304
 1.08492e-16 2.41959e-05 0.000235193 0.00156294 0.00710495 0.0221064 0.047102 0.0687576 0.0688095 0.0473555 0.022958 0.00956579 0.00774438 0.0137438 0.0257222 0.0425973 0.0616213 0.0780362 0.0869835 0.0861982 0.0772999 0.0645698 0.0522559 0.0425476 0.0354016 0.0296961
 1.10845e-16 4.92943e-05 0.000479158 0.00318417 0.0144748 0.0450366 0.0959558 0.140054 0.140072 0.0960435 0.0453317 0.0153303 0.00534273 0.00522862 0.00917919 0.015385 0.0228334 0.0301341 0.0358738 0.0393722 0.0409697 0.0415374 0.0416474 0.0411419 0.0393982 0.0359449
 1.09505e-16 4.16825e-05 0.000405169 0.00269249 0.0122397 0.0380825 0.08114 0.118434 0.11847 0.0813149 0.0386697 0.0139362 0.00695232 0.00970905 0.017726 0.0292795 0.0422781 0.0534051 0.0593281 0.0585685 0.0524009 0.0439737 0.0363649 0.031082 0.0278847 0.0256213
 1.11393e-16 3.12895e-05 0.000304145 0.00202115 0.0091879 0.0285872 0.0609095 0.0889077 0.0889482 0.0611073 0.0292519 0.0111098 0.00685265 0.0108757 0.0201804 0.0335011 0.0486985 0.0621696 0.0702395 0.0711963 0.0662366 0.0584809 0.0509044 0.0448513 0.0400169 0.03543
 1.10671e-16 4.84799e-05 0.000471242 0.00313157 0.0142357 0.0442926 0.0943709 0.137742 0.137764 0.0944789 0.0446556 0.0152861 0.00577595 0.00626999 0.0111384 0.0185405 0.0271836 0.0352023 0.0407189 0.0428747 0.0422755 0.04041 0.0385372 0.0369644 0.0351706 0.0324614
 1.08363e-16 4.48732e-05 0.000436183 0.00289859 0.0131766 0.0409975 0.0873507 0.127498 0.12753 0.0875102 0.0415333 0.0147249 0.00678696 0.00893124 0.0161988 0.026764 0.0386844 0.0489424 0.0545019 0.0539979 0.0485493 0.0409638 0.033988 0.0289719 0.0257282 0.0232902
 1.11385e-16 2.47962e-05 0.000241028 0.00160171 0.00728119 0.0226547 0.0482701 0.0704616 0.0705095 0.0485038 0.0234398 0.00955039 0.0073043 0.0127117 0.0237733 0.0394321 0.0571986 0.0727663 0.0817394 0.0820758 0.0752359 0.0650307 0.0551544 0.047373 0.0414408 0.0362248
 1.17157e-16 3.44603e-05 0.000334966 0.00222597 0.0101189 0.0314839 0.0670808 0.097912 0.0979384 0.0672099 0.031918 0.0113766 0.00539794 0.00730947 0.0134281 0.0225335 0.0333724 0.043901 0.0520301 0.0567867 0.0587579 0.0593598 0.0595737 0.0592454 0.0574209 0.0532492
 1.07186e-16 6.37975e-05 0.000620135 0.00412101 0.0187335 0.0582871 0.124187 0.181258 0.181271 0.12425 0.0584994 0.0193475 0.00566488 0.00399933 0.00650838 0.0107312 0.0156284 0.0200383 0.0228362 0.0235456 0.0226214 0.021101 0.0199018 0.0193178 0.019023 0.0184446
pSPR Fmed_Fpbrs
0.746652   0.285572 0.285572
Fs Fmed_Fpbrs
0.183902   1.005 1.005
SSBpbr Bo_Bmed_Bpbrs
2.25725e+06  1.57252e+06  531746 531746
Ro
256002
SPR SPRFo_SPRFmed_SPRFpbrs
1.82988e+06 1.36629e+06 522564
Fref
1.005
Nvult_r0
 443563 41505.4 13266.6 10803.7 4462.04
CTP_r0
 25493.5 4511.68 1442.09 1174.38 485.029
YTP_r0
391308
Np
 363045 234789 20042.6 6406.31 6915.9
Nvult_p0
 282241 203172 17343.6 5543.63 5984.6
CTP_p0
 94393.3 101839 8693.44 2778.73 2999.76
YTP_p0
 2.73871e+06
CBA_c0
1.09553e+06
log_Ro
12.2729
likeval ReclasPelacesDesembMPH_pf_preclas_ppelaces_ptallas_desvR_qrecl_qpela
 31.8389 19.2754 1.81044 0.00351866 253.882 140.147 104.645 0 18.5726 0 0 9.22292 0 0 0
q_reclas_q_pelaces
1 1
M
1
N
 531755 112751 41478.9 15259.2 8880.52
 89384.3 181207 35591.2 13093.3 7619.99
 125288 29778.3 54669.8 10737.8 6249.15
 333089 42265.1 9211.66 16911.6 5254.76
 286615 107337 11930.3 2600.21 6256.99
 359233 101760 36778.9 4087.92 3034.92
 166449 122246 32032 11577.3 2242.13
 114880 52912.7 33580.4 8799.07 3796.14
 75829 41378.8 18660.5 11842.6 4441.9
 86356 25704 12924.2 5828.41 5086.3
 136548 28577.9 7651.92 3847.46 3249.24
 165557 48441 9776.48 2617.72 2427.78
 159217 50348.1 12178 2457.79 1268.43
 127192 49031.5 12979.2 3139.37 960.584
 164101 35795 10555.9 2794.28 882.671
 472745 51690.6 9654.24 2847.02 991.706
 219225 143070 12869.2 2403.59 955.715
 656528 73306.8 43486.3 3911.61 1021.06
 528869 212084 20794.4 12335.5 1399.22
 393232 162537 54451.4 5338.86 3526.31
 593954 124534 44312.4 14845.1 2416.91
 686439 195068 36513.3 12992.3 5061.19
 224353 218285 53619.8 10036.7 4962.5
 468767 76609.1 69185.7 16994.9 4754
 411190 159781 24194.1 21849.7 6868.57
 245268 141036 51096.7 7737.1 9183.9
 417772 85643.8 46744.9 16935.5 5608.29
 435570 143098 27313.6 14907.9 7189.7
 174543 149737 45969.6 8774.38 7098.77
 178618 60953.4 49637.8 15238.9 5261.95
 678351 61547.9 19672.9 16020.7 6616.72
pred_Ctot
 24924.1 10243.9 3768.52 1386.36 806.829
 5377.54 20942.5 4113.36 1513.22 880.66
 6620.65 3037.91 5577.27 1095.44 637.522
 26401.8 6352.4 1384.5 2541.8 789.786
 6341.41 4680.39 520.218 113.381 272.834
 17135.2 9403.34 3398.64 377.753 280.448
 14468.4 20043.7 5252.06 1898.24 367.626
 1520.04 1388.01 880.88 230.817 99.5804
 3791.58 4002.04 1804.79 1145.38 429.607
 5530.2 3153.83 1585.78 715.133 624.078
 3088.41 1273.46 340.977 171.447 144.789
 18423.9 9999.08 2018.04 540.344 501.137
 16633.9 9802.76 2371.05 478.532 246.963
 19311 13422.7 3553.17 859.426 262.967
 15102.7 6192.26 1826.09 483.388 152.695
 53846.5 10901.1 2035.99 600.411 209.142
 12713.8 15962.6 1435.84 268.172 106.631
 51125.1 10834.8 6427.32 578.14 150.914
 55838.1 41698.3 4088.44 2425.31 275.103
 35011.1 27257.5 9131.51 895.328 591.363
 40643.3 16278.6 5792.34 1940.49 315.929
 59541.3 31920.1 5974.86 2126 828.189
 10244.1 19335.6 4749.62 889.044 439.577
 21905.2 6939.79 6267.34 1539.52 430.651
 17683.4 13354.1 2022.08 1826.14 574.057
 7912.44 8906.37 3226.74 488.595 579.96
 18306 7289.17 3978.47 1441.38 477.324
 18142.7 11594.2 2213.03 1207.88 582.529
 5621.23 9440.06 2898.12 553.175 447.537
 7189.91 4777.12 3890.28 1194.33 412.397
 25493.5 4511.68 1442.09 1174.38 485.029
F
 0.0765427 0.153085 0.153085 0.153085 0.153085
 0.0991646 0.198329 0.198329 0.198329 0.198329
 0.0866551 0.17331 0.17331 0.17331 0.17331
 0.132439 0.264878 0.264878 0.264878 0.264878
 0.0355234 0.0710468 0.0710468 0.0710468 0.0710468
 0.0779397 0.155879 0.155879 0.155879 0.155879
 0.146045 0.292091 0.292091 0.292091 0.292091
 0.0211173 0.0422346 0.0422346 0.0422346 0.0422346
 0.0818326 0.163665 0.163665 0.163665 0.163665
 0.105845 0.211691 0.211691 0.211691 0.211691
 0.0363265 0.072653 0.072653 0.072653 0.072653
 0.190358 0.380715 0.380715 0.380715 0.380715
 0.177805 0.35561 0.35561 0.35561 0.35561
 0.267889 0.535778 0.535778 0.535778 0.535778
 0.155206 0.310412 0.310412 0.310412 0.310412
 0.195218 0.390436 0.390436 0.390436 0.390436
 0.0954454 0.190891 0.190891 0.190891 0.190891
 0.129984 0.259968 0.259968 0.259968 0.259968
 0.179836 0.359672 0.359672 0.359672 0.359672
 0.149821 0.299641 0.299641 0.299641 0.299641
 0.113452 0.226904 0.226904 0.226904 0.226904
 0.145716 0.291432 0.291432 0.291432 0.291432
 0.0745033 0.149007 0.149007 0.149007 0.149007
 0.0763031 0.152606 0.152606 0.152606 0.152606
 0.0700413 0.140083 0.140083 0.140083 0.140083
 0.0521544 0.104309 0.104309 0.104309 0.104309
 0.0714051 0.14281 0.14281 0.14281 0.14281
 0.0677751 0.13555 0.13555 0.13555 0.13555
 0.0520635 0.104127 0.104127 0.104127 0.104127
 0.065434 0.130868 0.130868 0.130868 0.130868
 0.0609791 0.121958 0.121958 0.121958 0.121958
nmprior
 8.19 8.8 8.5 0
nm_flota  nm_reclas  nm_pelaces    nm_pelaL
inf 6.64539 8.6147 16.4366
cv_recla  cv_pelaces  cv_mph
0.510392 0.497821 1.8306
 ------------------------------------------------
Talla a la edad & desviaci?n 
 8 13.2811 15.8009 17.003 17.5766
 0.8 1.32811 1.58009 1.7003 1.75766
