years
 1991 1992 1993 1994 1995 1996 1997 1998 1999 2000 2001 2002 2003 2004 2005 2006 2007 2008 2009 2010 2011 2012 2013 2014 2015 2016 2017 2018 2019 2020 2021
reclasobs
 0 0 0 0 0 0 0 0 0 252601 567819 844713 477998 351125 339783 2.1784e+06 2.13404e+06 4.81314e+06 1.55562e+06 2.62356e+06 3.21686e+06 3.843e+06 1.13348e+06 3.07943e+06 1.97215e+06 2.03268e+06 2.025e+06 2.42433e+06 2.27542e+06 1.05018e+06 2.36338e+06
reclaspred
 3.72014e+06 1.70314e+06 891104 659607 406672 2.48326e+06 1.14773e+06 722513 489877 255415 466633 787758 762053 539226 435634 1.66988e+06 959655 4.11596e+06 2.68699e+06 1.97525e+06 3.0961e+06 2.90469e+06 1.74621e+06 3.10152e+06 2.24622e+06 1.75038e+06 2.32237e+06 3.10539e+06 2.2013e+06 946715 1.50298e+06
pelacesobs
 0 0 0 0 0 0 0 0 0 0 0 0 0 0 0 552880 188675 0 991730 2.46772e+06 1.41603e+06 1.21717e+06 2.29649e+06 1.80582e+06 0 1.4828e+06 1.56532e+06 1.57751e+06 1.42118e+06 867257 1.10002e+06
pelacespred
 2.23015e+06 1.00057e+06 458822 259056 191039 1.42079e+06 530650 478437 250914 105581 260212 352999 384813 256911 208005 752216 431624 2.36382e+06 1.46471e+06 928259 1.60268e+06 1.46336e+06 949342 1.94125e+06 1.29541e+06 1.03418e+06 1.57826e+06 2.09579e+06 1.27885e+06 569163 859118
mphobs
 0 0 0 0 0 0 0 0 0 0 0 498337 0 5186 125008 0 168611 109162 213762 579715 649985 157893 87575 83554 0 0 0 0 0 0 0
mphpred
 707103 375490 141193 87541.8 51662.8 44545.5 267568 101772 68633.2 31885 14893.1 56767 68611.6 51299.6 25870.9 28606.6 174882 90433.7 423203 211545 234499 266368 303722 183680 316226 258105 177002 219027 410258 214932 79048.8
desembarqueobs
 494567 514787 250237 358949 120608 361735 552515 73892 212993 205616 52469 317467 293654 387597 252695 516296 358380 742168 942051 627588 828172 859565 418607 520667 417249 300574 415391 372974 316634 284311 391294
desembarquepred
 494515 514618 249946 358847 120583 361615 552122 73885.8 212918 205530 52464.2 317325 293475 387156 252500 515950 358242 741704 940987 626839 827924 858923 418392 520506 417010 300438 415199 372774 316434 284096 391166
Reclutas
 87758.5 77082.6 105555 67036.9 36791.7 260560 48751.9 15157.6 26372.3 37075.6 51383.8 110955 86958.2 66571.1 46853.4 277579 28821.7 490264 208287 221767 236835 416759 45798.6 185056 165123 53538.1 151443 198870 41547.9 24574.2 119869
log_desv_Rt
 -0.0119966 -0.141707 0.172644 -0.281342 -0.881312 1.07625 -0.599841 -1.76808 -1.21427 -0.873627 -0.547262 0.222544 -0.0211574 -0.288314 -0.639562 1.13952 -1.12546 1.70836 0.852332 0.915043 0.980778 1.54592 -0.662331 0.734071 0.620106 -0.506191 0.533626 0.806067 -0.759738 -1.28489 0.299812
SSB
 1.25914e+06 668637 251423 155886 91996.3 79322.4 476459 181227 122216 56777.8 26520.2 101085 122177 91349.5 46068.5 50940 311413 161036 753600 376700 417573 474323 540839 327079 563105 459609 315188 390023 730549 382730 140763
BT
 1.77503e+06 1.11396e+06 503792 438097 215522 1.24752e+06 801155 363777 364701 260054 212975 487971 511149 566625 385284 903408 543697 2.21911e+06 1.80235e+06 1.11379e+06 1.71826e+06 1.6856e+06 936225 1.75166e+06 1.18307e+06 903734 1.4506e+06 1.72066e+06 1.03534e+06 629246 932679
Ftot
 0.358722 0.795601 0.799676 1.46214 0.857014 0.521832 1.20038 0.29386 1.24856 2.13765 0.399661 1.24062 1.16256 2.02218 1.77336 1.07055 0.975521 0.63654 0.986892 0.968756 0.824564 0.926321 0.649192 0.556234 0.55394 0.488926 0.583323 0.404452 0.385585 0.784904 0.865133
BD_Bspro_t
 0.94452 0.634346 0.347533 0.265252 0.159756 0.176098 0.467694 0.224089 0.21399 0.137279 0.0923128 0.350253 0.268763 0.186225 0.100288 0.113205 0.31723 0.192674 0.443049 0.267781 0.249372 0.272931 0.316332 0.244158 0.389266 0.398213 0.367158 0.45106 0.57973 0.426323 0.253363
BD_Bspro
 1.98333 1.0532 0.396028 0.245544 0.144908 0.124944 0.750493 0.285459 0.192507 0.0894334 0.0417731 0.159224 0.192447 0.143889 0.0725647 0.0802379 0.490521 0.253655 1.18703 0.593357 0.657739 0.747128 0.8519 0.515198 0.886973 0.723952 0.496467 0.614343 1.15072 0.602856 0.221722
BD_Bo
 1.00578 0.534093 0.200831 0.124519 0.0734847 0.0633611 0.380586 0.14476 0.0976233 0.0453529 0.0211837 0.0807449 0.0975925 0.0729681 0.0367986 0.0406898 0.24875 0.128632 0.601959 0.3009 0.333549 0.378879 0.432011 0.261264 0.449796 0.367126 0.251765 0.311542 0.583547 0.305717 0.112438
BD_Brms
 5.18555 2.75366 1.03544 0.641988 0.37887 0.326675 1.96221 0.746349 0.503322 0.233829 0.109218 0.416302 0.503164 0.376206 0.189725 0.209787 1.2825 0.663197 3.10356 1.55137 1.7197 1.95341 2.22734 1.34702 2.31904 1.89282 1.29804 1.60624 3.00863 1.5762 0.579705
Sel_flota
 0.66626 0.974313 0.998614 0.999927 0.999996
 0.66626 0.974313 0.998614 0.999927 0.999996
 0.66626 0.974313 0.998614 0.999927 0.999996
 0.66626 0.974313 0.998614 0.999927 0.999996
 0.66626 0.974313 0.998614 0.999927 0.999996
 0.66626 0.974313 0.998614 0.999927 0.999996
 0.66626 0.974313 0.998614 0.999927 0.999996
 0.66626 0.974313 0.998614 0.999927 0.999996
 0.66626 0.974313 0.998614 0.999927 0.999996
 0.66626 0.974313 0.998614 0.999927 0.999996
 0.66626 0.974313 0.998614 0.999927 0.999996
 0.66626 0.974313 0.998614 0.999927 0.999996
 0.66626 0.974313 0.998614 0.999927 0.999996
 0.66626 0.974313 0.998614 0.999927 0.999996
 0.66626 0.974313 0.998614 0.999927 0.999996
 0.66626 0.974313 0.998614 0.999927 0.999996
 0.66626 0.974313 0.998614 0.999927 0.999996
 0.66626 0.974313 0.998614 0.999927 0.999996
 0.66626 0.974313 0.998614 0.999927 0.999996
 0.66626 0.974313 0.998614 0.999927 0.999996
 0.66626 0.974313 0.998614 0.999927 0.999996
 0.66626 0.974313 0.998614 0.999927 0.999996
 0.66626 0.974313 0.998614 0.999927 0.999996
 0.66626 0.974313 0.998614 0.999927 0.999996
 0.66626 0.974313 0.998614 0.999927 0.999996
 0.66626 0.974313 0.998614 0.999927 0.999996
 0.66626 0.974313 0.998614 0.999927 0.999996
 0.66626 0.974313 0.998614 0.999927 0.999996
 0.66626 0.974313 0.998614 0.999927 0.999996
 0.66626 0.974313 0.998614 0.999927 0.999996
 0.66626 0.974313 0.998614 0.999927 0.999996
Sel_reclas
 0.98751 1 1 1 1
 0.98751 1 1 1 1
 0.98751 1 1 1 1
 0.98751 1 1 1 1
 0.98751 1 1 1 1
 0.98751 1 1 1 1
 0.98751 1 1 1 1
 0.98751 1 1 1 1
 0.98751 1 1 1 1
 0.98751 1 1 1 1
 0.98751 1 1 1 1
 0.98751 1 1 1 1
 0.98751 1 1 1 1
 0.98751 1 1 1 1
 0.98751 1 1 1 1
 0.98751 1 1 1 1
 0.98751 1 1 1 1
 0.98751 1 1 1 1
 0.98751 1 1 1 1
 0.98751 1 1 1 1
 0.98751 1 1 1 1
 0.98751 1 1 1 1
 0.98751 1 1 1 1
 0.98751 1 1 1 1
 0.98751 1 1 1 1
 0.98751 1 1 1 1
 0.98751 1 1 1 1
 0.98751 1 1 1 1
 0.98751 1 1 1 1
 0.98751 1 1 1 1
 0.98751 1 1 1 1
Sel_pelaces
 0.901475 1 1 1 1
 0.901475 1 1 1 1
 0.901475 1 1 1 1
 0.901475 1 1 1 1
 0.901475 1 1 1 1
 0.901475 1 1 1 1
 0.901475 1 1 1 1
 0.901475 1 1 1 1
 0.901475 1 1 1 1
 0.901475 1 1 1 1
 0.901475 1 1 1 1
 0.901475 1 1 1 1
 0.901475 1 1 1 1
 0.901475 1 1 1 1
 0.901475 1 1 1 1
 0.901475 1 1 1 1
 0.901475 1 1 1 1
 0.901475 1 1 1 1
 0.901475 1 1 1 1
 0.901475 1 1 1 1
 0.901475 1 1 1 1
 0.901475 1 1 1 1
 0.901475 1 1 1 1
 0.901475 1 1 1 1
 0.901475 1 1 1 1
 0.901475 1 1 1 1
 0.901475 1 1 1 1
 0.901475 1 1 1 1
 0.901475 1 1 1 1
 0.901475 1 1 1 1
 0.901475 1 1 1 1
pf_obs 
 0.8446 0.082 0.0669 0.0065 0
 0.8095 0.147 0.0364 0.0071 0
 0.9664 0.0169 0.016 0.0007 0
 0.9276 0.0648 0.0075 0.0001 0
 0.7033 0.2144 0.0806 0.0017 0
 0.9318 0.0425 0.0243 0.0014 0
 0.5671 0.3108 0.0964 0.0239 0.0018
 0.0768 0.2599 0.5324 0.112 0.0189
 0.490249 0.384438 0.106611 0.0170017 0.00170017
 0.7925 0.1577 0.0466 0.003 0.0002
 0.840416 0.127587 0.0312969 0.00059994 9.999e-05
 0.8084 0.0986 0.0794 0.0134 0.0002
 0.7335 0.1905 0.0724 0.0035 0.0001
 0.4001 0.4547 0.1325 0.0127 0
 0.49795 0.308269 0.164784 0.0264974 0.00249975
 0.9179 0.0499 0.0305 0.0017 0
 0.2467 0.6533 0.0926 0.0074 0
 0.9418 0.0223 0.034 0.0019 0
 0.707729 0.231977 0.0356964 0.0245975 0
 0.517169 0.277429 0.184464 0.0207286 0.00020938
 0.811772 0.124168 0.05621 0.00726502 0.000585176
 0.764997 0.148141 0.077277 0.00933861 0.000247198
 0.163321 0.427699 0.378323 0.0303852 0.000271297
 0.753843 0.0900009 0.118128 0.0371064 0.000921714
 0.721811 0.176058 0.0630433 0.0369309 0.00215725
 0.143369 0.312575 0.442814 0.0836902 0.0175525
 0.692698 0.0596174 0.167031 0.0765114 0.00414204
 0.394062 0.376323 0.152708 0.0712218 0.00568511
 0.125707 0.32114 0.495352 0.0537591 0.00404204
 0.23352 0.215282 0.420074 0.123614 0.00750983
 0.774587 0.0839891 0.0768558 0.0609784 0.00358967
pf_pred 
 0.416146 0.197501 0.345054 0.0412972 1.47906e-06
 0.54481 0.240077 0.0741778 0.125891 0.0150442
 0.760714 0.160652 0.0422048 0.0125779 0.0238511
 0.663347 0.284254 0.035608 0.00902024 0.0077701
 0.702645 0.23615 0.0520654 0.00621592 0.00292326
 0.952077 0.0384085 0.00761342 0.00161755 0.000283361
 0.351603 0.628626 0.0159461 0.00306216 0.000763251
 0.398765 0.299097 0.293305 0.00712706 0.00170577
 0.694118 0.154717 0.0762668 0.072712 0.00218638
 0.855573 0.117308 0.0140263 0.00661337 0.00647919
 0.912788 0.0812587 0.00489145 0.000550147 0.000511789
 0.849064 0.142205 0.00815221 0.00047632 0.00010324
 0.77479 0.205529 0.0185885 0.00101968 7.23182e-05
 0.762749 0.204804 0.0297213 0.00257519 0.000150932
 0.839954 0.140618 0.0169048 0.00231194 0.000211379
 0.973663 0.0241534 0.00193071 0.00021987 3.27232e-05
 0.301674 0.687915 0.00958034 0.000735088 9.59583e-05
 0.96552 0.0148036 0.0193944 0.000259733 2.2483e-05
 0.568367 0.422524 0.00398583 0.0050498 7.33494e-05
 0.747753 0.175926 0.0747728 0.000678067 0.000869701
 0.777117 0.187051 0.0252848 0.0103346 0.000213461
 0.843082 0.134255 0.0191313 0.00249306 0.00103799
 0.269372 0.659728 0.0609934 0.00836509 0.00154072
 0.822658 0.0665583 0.100357 0.0089721 0.0014545
 0.693691 0.270456 0.0137275 0.0200459 0.00207908
 0.419963 0.454489 0.111276 0.00547032 0.00880149
 0.806419 0.103401 0.0711337 0.0168851 0.00216191
 0.767121 0.202907 0.0162536 0.0108251 0.0028935
 0.308218 0.578519 0.0990662 0.00770457 0.0064925
 0.388435 0.249946 0.303864 0.0505254 0.00722908
 0.89771 0.0532622 0.0204684 0.0240054 0.00455378
pobs_RECLAS
 0 0 0 0 0
 0 0 0 0 0
 0 0 0 0 0
 0 0 0 0 0
 0 0 0 0 0
 0 0 0 0 0
 0 0 0 0 0
 0 0 0 0 0
 0 0 0 0 0
 0 0 0 0 0
 0.991045 0.00858322 0.000360255 1.14367e-05 0
 0.934742 0.0480273 0.0164251 0.00080598 0
 0.827803 0.169806 0.00239088 0 0
 0.941827 0.0461693 0.0120037 0 0
 0.791401 0.0380133 0.147996 0.0225897 0
 0.846168 0.0940531 0.0597789 0 0
 0.134021 0.677848 0.182769 0.00536245 0
 0.80878 0.0450904 0.141981 0.00414843 0
 0.846168 0.0940531 0.0597789 0 0
 0.905697 0.0802665 0.012482 0.00150086 5.37128e-05
 0.989698 0.0102097 9.19794e-05 0 0
 0.975433 0.0193895 0.00387452 0.00125025 5.28907e-05
 0.303575 0.632131 0.0575291 0.00676475 0
 0.966965 0.00978017 0.0227588 0.000495775 0
 0.843318 0.132988 0.00938335 0.0141283 0.000182051
 0.564624 0.303363 0.111486 0.0197234 0.00080311
 0.826376 0.0876187 0.0782897 0.00655872 0.00115652
 0.89761 0.0855135 0.0140674 0.00269457 0.000114338
 0.34875 0.467042 0.161289 0.0227151 0.000203297
 0.318654 0.224769 0.449479 0.00709798 0
 0.937255 0.0296025 0.0250945 0.00804832 0
ppred_RECLAS
 0.514352 0.16709 0.284548 0.0340091 1.21795e-06
 0.644007 0.19027 0.0572015 0.0969377 0.0115833
 0.827178 0.117095 0.029931 0.00890702 0.0168888
 0.755312 0.207615 0.0252077 0.00637495 0.00549094
 0.780546 0.175276 0.0375895 0.00448106 0.00210722
 0.967081 0.0265206 0.00512114 0.00108652 0.000190322
 0.453594 0.530221 0.013058 0.0025036 0.000623977
 0.494674 0.254597 0.243409 0.00590662 0.00141358
 0.779502 0.113218 0.0541684 0.0515611 0.00155026
 0.907889 0.0753333 0.00868614 0.00408751 0.00400417
 0.93881 0.0571127 0.00335062 0.000376332 0.000350067
 0.896295 0.0978725 0.00544598 0.000317692 6.88527e-05
 0.8403 0.146114 0.0128328 0.000702843 4.98434e-05
 0.840779 0.138105 0.0193452 0.00167297 9.80435e-05
 0.893902 0.0935948 0.0108816 0.00148553 0.000135808
 0.982515 0.0160738 0.00124839 0.000141948 2.11243e-05
 0.394453 0.596768 0.00807919 0.00061897 8.07939e-05
 0.976771 0.010125 0.0129162 0.000172729 1.49507e-05
 0.665253 0.327882 0.0030066 0.0038034 5.52408e-05
 0.818321 0.127788 0.0528 0.000478087 0.000613155
 0.839537 0.135265 0.0177885 0.00725999 0.000149943
 0.89019 0.0943306 0.0130706 0.00170072 0.000708042
 0.353622 0.585162 0.0526741 0.00721383 0.00132858
 0.874185 0.0480025 0.0704986 0.00629387 0.00102025
 0.769953 0.20376 0.0100737 0.0146897 0.00152345
 0.516796 0.380748 0.0908239 0.0044587 0.00717332
 0.861538 0.0748789 0.050169 0.0118919 0.00152249
 0.828694 0.14976 0.0116915 0.00777593 0.00207833
 0.39553 0.507624 0.0847221 0.00657998 0.00554443
 0.490377 0.211684 0.250414 0.0415771 0.00594831
 0.930173 0.0368566 0.0137767 0.0161334 0.00306025
pobs_PELACES
 0 0 0 0 0
 0 0 0 0 0
 0 0 0 0 0
 0 0 0 0 0
 0 0 0 0 0
 0 0 0 0 0
 0 0 0 0 0
 0 0 0 0 0
 0 0 0 0 0
 0 0 0 0 0
 0 0 0 0 0
 0 0 0 0 0
 0 0 0 0 0
 0 0 0 0 0
 0 0 0 0 0
 0 0 0 0 0
 0.505614 0.472636 0.0217494 0 0
 0 0 0 0 0
 0.443492 0.261883 0.143347 0.151278 0
 0.227955 0.32914 0.350689 0.0885471 0.00366901
 0.970185 0.0296113 0.000203453 0 0
 0.997202 0.00247181 0.000326279 0 0
 0.445219 0.490057 0.0546422 0.010081 0
 0.90214 0.0892962 0.00764917 0.000914606 0
 0 0 0 0 0
 0.581667 0.319106 0.0959925 0.00289975 0.000334073
 0.762889 0.0836404 0.116647 0.0363945 0.000428098
 0.88444 0.0763242 0.0277011 0.0115352 0
 0.521256 0.241999 0.230069 0.00667565 0
 0.616807 0.101726 0.260614 0.0208532 0
 0.833518 0.0704572 0.0857862 0.0102388 0
ppred_PELACES
 0.501158 0.171955 0.291992 0.0348934 1.24961e-06
 0.642354 0.191742 0.0572774 0.0970327 0.0115945
 0.826068 0.118097 0.0299941 0.0089227 0.0169182
 0.766102 0.198817 0.0238581 0.00602983 0.00519351
 0.780093 0.175882 0.0374611 0.0044641 0.0020992
 0.965874 0.0275163 0.00529122 0.00112236 0.000196596
 0.461327 0.522866 0.0127535 0.00244395 0.000609094
 0.479657 0.26247 0.250345 0.00607417 0.00145366
 0.786428 0.11021 0.052204 0.0496644 0.00149319
 0.918149 0.0671552 0.00761157 0.00357853 0.00350539
 0.935856 0.0598834 0.00350193 0.000393259 0.000365809
 0.899551 0.094853 0.00522571 0.000304679 6.60305e-05
 0.843998 0.142844 0.0124291 0.000680392 4.825e-05
 0.85577 0.125371 0.0172789 0.00149297 8.74906e-05
 0.902211 0.0864102 0.00990448 0.00135109 0.000123513
 0.982827 0.0157973 0.00121642 0.000138249 2.05733e-05
 0.396396 0.594921 0.00799141 0.000611987 7.98806e-05
 0.97623 0.0103906 0.0131875 0.000176309 1.52603e-05
 0.667329 0.325903 0.00296489 0.00374904 5.445e-05
 0.819748 0.127076 0.0520996 0.000471548 0.000604755
 0.838689 0.136123 0.0177833 0.00725528 0.000149843
 0.890587 0.0940888 0.0129406 0.00168313 0.000700703
 0.348005 0.590539 0.0528822 0.00724028 0.00133343
 0.870641 0.0494915 0.0723619 0.00645866 0.00104695
 0.763818 0.209304 0.0103019 0.0150189 0.00155756
 0.506648 0.389069 0.0924457 0.00453736 0.00729978
 0.857958 0.0769814 0.051337 0.0121657 0.00155752
 0.821534 0.156085 0.0121457 0.00807664 0.00215868
 0.383295 0.518156 0.0862129 0.00669465 0.005641
 0.488463 0.213268 0.250704 0.0416112 0.00595308
 0.930184 0.0369754 0.0137256 0.0160675 0.00304769
pobs_pel_tallas
 0 0 0 0 0 0 0 0 0 0 0 0 0 0 0 0 0 0 0 0 0 0 0 0 0 0
 0 0 0 0 0 0 0 0 0 0 0 0 0 0 0 0 0 0 0 0 0 0 0 0 0 0
 0 0 0 0 0 0 0 0 0 0 0 0 0 0 0 0 0 0 0 0 0 0 0 0 0 0
 0 0 0 0 0 0 0 0 0 0 0 0 0 0 0 0 0 0 0 0 0 0 0 0 0 0
 0 0 0 0 0 0 0 0 0 0 0 0 0 0 0 0 0 0 0 0 0 0 0 0 0 0
 0 0 0 0 0 0 0 0 0 0 0 0 0 0 0 0 0 0 0 0 0 0 0 0 0 0
 0 0 0 0 0 0 0 0 0 0 0 0 0 0 0 0 0 0 0 0 0 0 0 0 0 0
 0 0 0 0 0 0 0 0 0 0 0 0 0 0 0 0 0 0 0 0 0 0 0 0 0 0
 0 0 0 0 0 0 0 0 0 0 0 0 0 0 0 0 0 0 0 0 0 0 0 0 0 0
 0 0 0 0 0 0 0 0 0 0 0 0 0 0 0 0 0 0 0 0 0 0 0 0 0 0
 0 0 0 0 0 0 0 0 0 0 0 0 0 0 0 0 0 0 0 0 0 0 0 0 0 0
 0 0 0 0 0 0 0 0 0 0 0 0 0 0 0 0 0 0 0 0 0 0 0 0 0 0
 0.00862536 0 0 0.000197151 0.00414017 0.0128641 0.00837892 0.0270097 0.101434 0.158115 0.152841 0.127902 0.109271 0.109419 0.0830992 0.0579132 0.0238553 0.00714673 0.00463305 0.00128148 0.00103504 0.000492878 0.000147863 0.000147863 4.92878e-05 0
 0 0 0 0 0 0 0 0 0 0 0 0 0 0 0 0 0 0 0 0 0 0 0 0 0 0
 0 0 0 0 0 0 0 0.0054083 0.00873648 0.0413646 0.0450493 0.0745869 0.0622846 0.0627006 0.0613931 0.0827291 0.12552 0.122667 0.0946155 0.0697135 0.0546179 0.0294188 0.0215738 0.0213955 0.0102223 0.00600262
 0 0 0 0 0.00359764 0.0251062 0.0480494 0.140153 0.205849 0.193036 0.1447 0.116669 0.0760912 0.0342217 0.00950174 0.001854 0.000860785 0 0 0 0.000165536 0 0.000143464 0 0 0
 0 0 0 0 0 0 0 0.000145254 0.000435761 0.0275982 0.070085 0.0708112 0.156366 0.174668 0.174014 0.160142 0.0824315 0.0480064 0.0283245 0.00493863 0.00203355 0 0 0 0 0
 0 0 0 0 0 0 0 0 0 0 0 0 0 0 0 0 0 0 0 0 0 0 0 0 0 0
 0 0 1.00437e-05 0.000401748 0.00122533 0.00171747 0.00176769 0.0269171 0.070346 0.194647 0.189555 0.159765 0.064822 0.0314167 0.0384472 0.0292271 0.0345202 0.0313363 0.0194345 0.0106764 0.0143323 0.0359363 0.0279516 0.0138201 0.00172751 0
 0 0.0021121 0.0136068 0.0755702 0.200478 0.177729 0.0527432 0.0373336 0.0318909 0.0142505 0.0149659 0.0166563 0.0217959 0.0798694 0.0677717 0.0528807 0.04013 0.0224614 0.0357745 0.0225083 0.00881397 0.00855152 0.00135912 0.000746735 0 0
 0 0 0 0 5.4009e-05 0.00500934 0.000945158 0.0243581 0.138947 0.33067 0.221406 0.137944 0.0707744 0.0437923 0.0131692 0.00525238 0.0047753 0.00276346 9.45158e-05 9.00151e-06 2.25038e-05 9.00151e-06 4.50075e-06 0 0 0
 0.000866109 0.00284123 0.00948549 0.0512746 0.133035 0.25785 0.225252 0.132002 0.0553304 0.0519788 0.0540692 0.017754 0.00435017 0.00159236 0.00146478 0.000404838 0.000125132 0.000115318 0.000107957 0.000100596 0 0 0 0 0 0
 0 0 0 0 0.00144013 0.00171154 0.00461396 0.0210425 0.0478622 0.0707936 0.0888783 0.103762 0.0637923 0.0337046 0.0602308 0.124433 0.169614 0.0934646 0.0462172 0.0250306 0.0313229 0.00938855 0.002487 0.000210481 0 0
 0 0.00764035 0.051015 0.0998891 0.058973 0.0496711 0.0374665 0.0718981 0.12319 0.153886 0.159021 0.0857701 0.0377988 0.023471 0.0147837 0.00900784 0.00315554 0.000888139 0.00291439 0.00214683 0.00393193 0.00274676 0.000635225 9.99891e-05 0 0
 0 0 0 0 0 0 0 0 0 0 0 0 0 0 0 0 0 0 0 0 0 0 0 0 0 0
 0 0 0 0 0 0 0 0 0 0 0 0 0 0 0 0 0 0 0 0 0 0 0 0 0 0
 0 0 0 0 0 0 0 0 0 0 0 0 0 0 0 0 0 0 0 0 0 0 0 0 0 0
 0 0 0 0 0 0 0 0 0 0 0 0 0 0 0 0 0 0 0 0 0 0 0 0 0 0
 0 0 0 0 0 0 0 0 0 0 0 0 0 0 0 0 0 0 0 0 0 0 0 0 0 0
 0 0 0 0 0 0 0 0 0 0 0 0 0 0 0 0 0 0 0 0 0 0 0 0 0 0
 0 0 0 0 0 0 0 0 0 0 0 0 0 0 0 0 0 0 0 0 0 0 0 0 0 0
ppred_pel_tallas
 1.1197e-16 4.12798e-05 0.000401254 0.00266647 0.0121214 0.0377143 0.080355 0.117284 0.117301 0.0804382 0.0379951 0.0129377 0.00473589 0.0049862 0.00894625 0.0152389 0.0231452 0.0315982 0.0394515 0.0460466 0.0513493 0.0554678 0.0580444 0.058183 0.0550342 0.0485169
 1.13396e-16 5.29099e-05 0.000514303 0.00341772 0.0155365 0.0483399 0.102994 0.150327 0.150345 0.103085 0.0486448 0.0164183 0.00563572 0.00537139 0.00932371 0.015457 0.0225736 0.0290828 0.0334396 0.0350393 0.0345988 0.0336136 0.033307 0.0338918 0.0346142 0.034377
 1.04654e-16 6.80421e-05 0.000661394 0.00439519 0.0199799 0.062165 0.13245 0.193316 0.193328 0.132505 0.0623523 0.0205212 0.00575522 0.00363478 0.00572838 0.00939833 0.0136188 0.0173152 0.0194479 0.0195586 0.0180423 0.0158612 0.013933 0.0126701 0.0119419 0.0113522
 1.02223e-16 6.31028e-05 0.000613382 0.00407614 0.0185295 0.0576524 0.122835 0.179286 0.179305 0.122929 0.0579667 0.0194372 0.00635415 0.00558538 0.00950319 0.015604 0.0224567 0.0282088 0.0310182 0.0300397 0.025928 0.0203935 0.0151812 0.011262 0.00870478 0.0070673
 1.0193e-16 6.42553e-05 0.000624584 0.00415058 0.018868 0.0587053 0.125079 0.182559 0.182576 0.125161 0.0589838 0.0196727 0.00617142 0.00503906 0.00845678 0.0139014 0.0200706 0.0253449 0.0281121 0.0276184 0.0243966 0.0198732 0.015486 0.012011 0.00948865 0.00758521
 1.00306e-16 7.95577e-05 0.000773329 0.00513905 0.0233614 0.0726859 0.154865 0.226031 0.226033 0.154878 0.0727294 0.0234872 0.00545503 0.00146348 0.00139131 0.00217688 0.00313433 0.00395412 0.00437959 0.00429312 0.0037798 0.00306543 0.00237763 0.00183921 0.00145565 0.00117176
 1.0085e-16 3.7999e-05 0.000369364 0.00245456 0.0111581 0.0347172 0.0739706 0.107973 0.108023 0.0742163 0.0355419 0.0135389 0.00842571 0.0133881 0.0247149 0.0406723 0.0582898 0.0726764 0.0788747 0.0746009 0.0616395 0.0447158 0.028783 0.0168012 0.00926883 0.00514823
 1.08147e-16 3.95088e-05 0.00038404 0.00255208 0.0116014 0.0360964 0.0769081 0.112255 0.112281 0.0770335 0.0365183 0.0128241 0.00563691 0.00716984 0.0130775 0.021948 0.0325179 0.0427639 0.0505652 0.054806 0.0558196 0.0547533 0.052471 0.0490024 0.0439115 0.0370638
 1.06769e-16 6.47771e-05 0.000629656 0.00418429 0.0190212 0.059182 0.126094 0.18404 0.184051 0.126146 0.0593578 0.01953 0.00546518 0.00343851 0.00543719 0.00898764 0.0131844 0.017107 0.0198734 0.0211129 0.0211692 0.020795 0.0205819 0.0205893 0.0204125 0.0195459
 1.0119e-16 7.56268e-05 0.000735119 0.00488512 0.0222071 0.0690945 0.147213 0.214863 0.21487 0.147245 0.0692006 0.0225137 0.00565466 0.00241481 0.00326514 0.00527711 0.00759259 0.00954558 0.0105157 0.0102245 0.00890112 0.00712884 0.00549594 0.00431916 0.00359999 0.00316139
 1.00218e-16 7.70852e-05 0.000749296 0.00497933 0.0226353 0.0704269 0.150052 0.219007 0.219013 0.15008 0.0705215 0.0229082 0.00566396 0.00224249 0.00290895 0.0046766 0.00670465 0.00837896 0.00913109 0.00870028 0.00728705 0.00542287 0.00366125 0.00232773 0.00147126 0.00097315
 1.00217e-16 7.40948e-05 0.000720228 0.00478617 0.0217572 0.0676949 0.144231 0.210512 0.210521 0.144276 0.0678446 0.0221895 0.00587041 0.00308488 0.0045583 0.00740086 0.0106123 0.0132567 0.0144346 0.0137314 0.0114635 0.00847339 0.00564084 0.0034867 0.00209502 0.00128416
 1.00472e-16 6.9519e-05 0.00067575 0.0044906 0.0204136 0.0635144 0.135325 0.197513 0.197527 0.135392 0.06374 0.021065 0.00612506 0.00424151 0.00683474 0.0111711 0.0160428 0.0200822 0.0219446 0.0210061 0.017733 0.013371 0.00921432 0.00601953 0.00389991 0.00258883
 1.00696e-16 7.04887e-05 0.000685175 0.00455323 0.0206983 0.0644002 0.137212 0.200267 0.200279 0.137271 0.0645985 0.0212708 0.00599011 0.00382152 0.00602577 0.00984684 0.0141692 0.0177979 0.019563 0.0189195 0.0162632 0.0126557 0.00918825 0.0064828 0.00461489 0.00335478
 1.00465e-16 7.43139e-05 0.000722358 0.00480032 0.0218216 0.067895 0.144658 0.211134 0.211142 0.144699 0.0680316 0.0222159 0.00579 0.0028821 0.0041739 0.00677689 0.00974126 0.0122197 0.013402 0.0129133 0.0110316 0.00849884 0.00607967 0.00421244 0.00295166 0.00213251
 1.00057e-16 8.09542e-05 0.000786904 0.00522925 0.0237714 0.0739617 0.157583 0.229998 0.229999 0.157591 0.0739867 0.0238434 0.00540996 0.0011811 0.000828766 0.00123974 0.00177269 0.00221766 0.00242138 0.00231481 0.00195002 0.0014656 0.00100555 0.00065408 0.000423563 0.000283628
 1.00458e-16 3.26508e-05 0.000317377 0.00210908 0.00958763 0.029831 0.0635602 0.0927799 0.0928371 0.0638397 0.0307691 0.0122957 0.00890054 0.0151228 0.0280909 0.0462306 0.0662237 0.0824982 0.0893997 0.0843231 0.069309 0.0497657 0.0313773 0.017564 0.00893012 0.00430507
 1.00404e-16 8.04108e-05 0.000781622 0.00519415 0.0236119 0.0734652 0.156526 0.228454 0.228455 0.156531 0.0734821 0.0236606 0.00531743 0.00105358 0.000605167 0.000894627 0.00133053 0.00177555 0.00214558 0.00239623 0.00253275 0.00258401 0.00256274 0.00245146 0.00222502 0.00188475
 1.00555e-16 5.4967e-05 0.000534299 0.00355061 0.0161406 0.0502195 0.106999 0.156175 0.156206 0.107152 0.0507334 0.017624 0.00727085 0.00864438 0.0154245 0.0253264 0.0362759 0.0451931 0.0489825 0.0462239 0.0380442 0.0274135 0.0174462 0.0100052 0.00539965 0.00296039
 1.01686e-16 6.75216e-05 0.000656334 0.00436157 0.0198271 0.0616894 0.131436 0.191838 0.19185 0.131496 0.0618915 0.0204112 0.00583025 0.00387044 0.00619486 0.0101943 0.0148165 0.018915 0.0213539 0.0215822 0.0199196 0.0172687 0.0145102 0.0120765 0.00995753 0.00798488
 1.01302e-16 6.90817e-05 0.000671499 0.00446235 0.0202852 0.0631148 0.134473 0.19627 0.196284 0.134537 0.06333 0.0209068 0.00602264 0.00407744 0.00653703 0.0106963 0.0153989 0.0193588 0.0213155 0.0206893 0.0179216 0.0141703 0.0106124 0.00789767 0.00606786 0.00482974
 1.00685e-16 7.33565e-05 0.000713051 0.00473848 0.0215404 0.0670203 0.142794 0.208414 0.208423 0.142839 0.0671691 0.0219701 0.00581691 0.00306707 0.00454339 0.00739315 0.0106382 0.0133668 0.0147018 0.0142367 0.0122711 0.00960302 0.00705025 0.00507458 0.00372445 0.00281762
 1.02629e-16 2.86648e-05 0.000278632 0.00185161 0.0084172 0.0261893 0.0558012 0.0814555 0.0815123 0.0560791 0.0271221 0.0111106 0.00860975 0.015023 0.0280052 0.0461849 0.0663673 0.0831158 0.0908983 0.087149 0.0738019 0.0560021 0.0390781 0.0261218 0.0175566 0.0122402
 1.02926e-16 7.17136e-05 0.000697081 0.00463235 0.021058 0.0655193 0.139596 0.203745 0.20375 0.13962 0.0655997 0.0212915 0.00522353 0.00200394 0.00260142 0.00431153 0.00649311 0.00876655 0.0107762 0.0123263 0.0134312 0.0141825 0.0145634 0.0144007 0.0135011 0.0118376
 1.02121e-16 6.29147e-05 0.000611553 0.00406399 0.0184743 0.0574805 0.122469 0.178751 0.178772 0.122568 0.057811 0.0194283 0.00645747 0.00583249 0.00996668 0.0163473 0.0234746 0.0293816 0.0321173 0.0308001 0.0261586 0.0200615 0.0144214 0.0103113 0.00780279 0.00637447
 1.04458e-16 4.1732e-05 0.00040565 0.00269569 0.0122542 0.0381276 0.0812364 0.118575 0.118612 0.0814199 0.038744 0.0140353 0.00716905 0.0101796 0.0186293 0.0307964 0.0445074 0.0562729 0.0625416 0.0616414 0.0547265 0.0449087 0.035319 0.027639 0.0219563 0.0175653
 1.02985e-16 7.06689e-05 0.000686927 0.00456487 0.0207512 0.0645649 0.137563 0.200778 0.200786 0.137599 0.064688 0.0211077 0.0054628 0.00265777 0.00384498 0.0063267 0.00929894 0.0120961 0.0140813 0.0149502 0.0148722 0.0142977 0.0135992 0.012854 0.0119066 0.0105919
 1.01566e-16 6.76687e-05 0.000657764 0.00437107 0.0198703 0.0618239 0.131723 0.192257 0.192272 0.131796 0.0620704 0.0205822 0.00615733 0.00455502 0.00746306 0.0122149 0.017553 0.0219991 0.0240993 0.0231923 0.019808 0.0153193 0.011131 0.00803128 0.00607883 0.00490701
 1.04247e-16 3.15716e-05 0.000306888 0.00203938 0.00927075 0.028845 0.0614592 0.089712 0.0897619 0.0617033 0.0296647 0.0116386 0.00798362 0.0132855 0.0246869 0.0407787 0.0587756 0.0739794 0.0816023 0.0794066 0.0690076 0.0547275 0.040978 0.0302236 0.0226994 0.0174318
 1.1247e-16 4.02341e-05 0.00039109 0.00259893 0.0118144 0.036759 0.0783198 0.114314 0.114335 0.0784221 0.0371037 0.0128143 0.00512601 0.00596436 0.010791 0.01821 0.0272411 0.0363726 0.0440265 0.0493882 0.0526892 0.0546351 0.0555218 0.0548804 0.0519245 0.046316
 1.02533e-16 7.6618e-05 0.000744754 0.00494915 0.0224981 0.0700001 0.149143 0.217679 0.217682 0.14916 0.070059 0.0226684 0.00537763 0.00168352 0.00186979 0.00299771 0.0043786 0.00565482 0.0065248 0.00686818 0.00681457 0.00664021 0.00657001 0.00664146 0.00671678 0.0066015
pSPR Fmed_Fpbrs
0.310911   0.243958 0.243958
Fs Fmed_Fpbrs
0.796119   1.005 1.005
SSBpbr Bo_Bmed_Bpbrs
1.25191e+06  326637  242818 242818
Ro
88817.6
SPR SPRFo_SPRFmed_SPRFpbrs
634862 197385 154879
Fref
1.005
Nvult_r0
 95089.8 4510.23 1710.38 2004.51 380.239
CTP_r0
 34769.1 2062.89 792.76 929.748 176.372
YTP_r0
391166
Np
 107852 24778.9 848.603 313.885 424.267
Nvult_p0
 87541 21354.9 734.17 271.614 367.135
CTP_p0
 35108.4 10565.2 367.746 136.141 184.025
YTP_p0
 453197
CBA_c0
409775
log_Ro
11.2143
likeval ReclasPelacesDesembMPH_pf_preclas_ppelaces_ptallas_desvR_qrecl_qpela
 12.3484 17.6816 0.0590054 0.00087259 254.828 116.073 105.473 0 33.1937 4.9515e-05 9.07167e-05 0.0202989 0 0 0
q_reclas_q_pelaces
2.71049 3.87697
M
1
N
 87758.5 29752 50887.9 6083.54 0.217869
 77082.6 25421.3 7716.73 13084.1 1563.5
 105555 16689.9 4307.78 1282.6 2432.04
 67036.9 22792.6 2816.98 713.091 614.239
 36791.7 9309.87 2017.48 240.64 113.164
 260560 7646.73 1485.98 315.38 55.2448
 48751.9 67704.7 1691.9 324.641 80.9143
 15157.6 8060.54 7733.89 187.709 44.9231
 26372.3 4584.67 2227.03 2121.58 63.7912
 37075.6 4222.57 499.686 235.472 230.687
 51383.8 3282.89 193.535 21.7429 20.2258
 110955 14484 818.182 47.7677 10.353
 86958.2 17859.8 1590.89 87.1985 6.18409
 66571.1 14744.3 2116.69 183.295 10.7426
 46853.4 6366.03 756.257 103.362 9.45003
 277579 5288.35 416.101 47.3461 7.04619
 28821.7 50041.1 685.546 52.5553 6.86025
 490264 5535.48 7116.25 95.2063 8.24081
 208287 118019 1095.26 1386.42 20.1371
 221767 39701.5 16598.3 150.388 192.882
 236835 42784.9 5683.22 2320.74 47.9325
 416759 50299.2 7048.4 917.682 382.061
 45798.6 82709.8 7504.19 1028.15 189.36
 185056 10932.3 16164.6 1443.64 234.022
 165123 46995.8 2339.12 3412.2 353.88
 53538.1 41998.1 10077.9 494.902 796.23
 151443 14219.9 9595.13 2275.27 291.303
 198870 37771.9 2963.3 1971.4 526.917
 41547.9 55878.6 9369.9 727.902 613.354
 24574.2 11821.8 14118.7 2345.39 335.557
 119869 5358.83 2024.26 2371.88 449.921
pred_Ctot
 12024.8 5706.9 9970.53 1193.3 0.0427381
 20922.4 9219.67 2848.65 4834.58 577.742
 28767.7 6075.33 1596.05 475.656 901.97
 28485.8 12206.6 1529.1 387.352 333.668
 10593.1 3560.19 784.936 93.711 44.071
 49753.1 2007.13 397.857 84.5292 14.8077
 18082.1 32328.7 820.066 157.479 39.2521
 1731.12 1298.44 1273.3 30.94 7.40512
 10058.4 2241.99 1105.17 1053.66 31.6826
 19853.1 2722.07 325.474 153.46 150.346
 7759.45 690.766 41.5813 4.6767 4.35063
 42128.3 7055.82 404.491 23.6337 5.12251
 31520.1 8361.36 756.218 41.4826 2.94206
 34556.4 9278.65 1346.53 116.669 6.83801
 22511.7 3768.71 453.069 61.9625 5.66521
 94728.2 2349.9 187.84 21.3913 3.18366
 9172.94 20917.3 291.308 22.3517 2.91779
 110856 1699.66 2226.76 29.8211 2.58137
 66876.4 49716 468.99 594.18 8.6306
 70207.8 16518 7020.55 63.6649 81.6578
 66141.4 15920.1 2152.02 879.594 18.168
 127485 20301.2 2892.91 376.984 156.958
 10527.3 25782.8 2383.68 326.916 60.213
 37330.1 3020.24 4553.93 407.13 66.0015
 33191.6 12940.7 656.831 959.152 99.4793
 9660.93 10455.2 2559.81 125.841 202.472
 31813.6 4079.2 2806.25 666.125 85.2885
 30352.8 8028.47 643.111 428.317 114.488
 6075.76 11404.1 1952.85 151.877 127.984
 6598.16 4245.72 5161.6 858.252 122.797
 34769.1 2062.89 792.76 929.748 176.372
F
 0.239002 0.349507 0.358225 0.358695 0.35872
 0.530077 0.775164 0.794498 0.795542 0.795598
 0.532792 0.779135 0.798568 0.799617 0.799673
 0.974168 1.42459 1.46012 1.46204 1.46214
 0.570995 0.835 0.855827 0.856952 0.857011
 0.347676 0.508428 0.521109 0.521794 0.52183
 0.799763 1.16954 1.19871 1.20029 1.20037
 0.195787 0.286312 0.293453 0.293838 0.293859
 0.831869 1.21649 1.24683 1.24847 1.24856
 1.42423 2.08274 2.13469 2.1375 2.13764
 0.266278 0.389395 0.399107 0.399632 0.39966
 0.826574 1.20875 1.2389 1.24053 1.24061
 0.774569 1.1327 1.16095 1.16248 1.16256
 1.34729 1.97023 2.01937 2.02203 2.02217
 1.18152 1.7278 1.7709 1.77323 1.77335
 0.713262 1.04305 1.06906 1.07047 1.07054
 0.649951 0.950463 0.974169 0.97545 0.975517
 0.424101 0.62019 0.635658 0.636494 0.636538
 0.657527 0.961542 0.985525 0.98682 0.986889
 0.645444 0.943872 0.967414 0.968686 0.968753
 0.549374 0.803383 0.823421 0.824504 0.824561
 0.617171 0.902527 0.925037 0.926253 0.926317
 0.432531 0.632516 0.648292 0.649144 0.649189
 0.370597 0.541947 0.555464 0.556194 0.556232
 0.369068 0.539711 0.553172 0.553899 0.553938
 0.325752 0.476367 0.488249 0.488891 0.488924
 0.388645 0.568339 0.582514 0.58328 0.58332
 0.269471 0.394063 0.403892 0.404423 0.404451
 0.2569 0.375681 0.385051 0.385557 0.385584
 0.52295 0.764742 0.783816 0.784846 0.784901
 0.576404 0.84291 0.863934 0.86507 0.86513
nmprior
 8.19 8.8 8.5 0
nm_flota  nm_reclas  nm_pelaces    nm_pelaL
inf 21.5117 12.1547 25.7138
cv_recla  cv_pelaces  cv_mph
0.317856 0.476796 0.911613
 ------------------------------------------------
Talla a la edad & desviaci?n 
 8 13.2811 15.8009 17.003 17.5766
 0.8 1.32811 1.58009 1.7003 1.75766
