    unsorted:	 2.313305922e-06 2.419573180e-06 -2.870089565e-06 5.670134802e-05 6.679761460e-05 8.323381620e-05 0.001099994767 13.48617819 66.91748331 161.5229509 173.7422187 240.8161236 296.3650453 383.8984065 713.1743030 809.1359830 849.5718269 927.9705981 966.9582660 553.0820607 1068.139553 1197.934991 1282.973443 1369.617408 1557.357585 1610.781099 1951.905722 2064.865159 2152.493751 2525.628481 2469.945652 2490.488408 2631.528935 2294.908857 2641.584371 2867.086548 3190.597081 3286.719287 3412.324481 3891.916009 4003.445566 4269.405387 5709.518693 9493.011798 37049.82922 158344.7466 402580.8862 404676.2251 411918.2520 417015.2544 387667.6987 366557.3118 451771.3991 465668.9655 469074.0799 474461.0824 345885.7946 529753.2039 559538.7417 585543.3425 612006.0230 665593.6837 826774.4830 870410.7477 1000048.656 1069282.938 1319338.682 1334396.713 1521127.711 1648148.978 2226882.363 2347047.102 2677489.018 2800551.384 3125368.908 3172505.651 23971349.37
      sorted:	 -2.870089565e-06 2.313305922e-06 2.419573180e-06 5.670134802e-05 6.679761460e-05 8.323381620e-05 0.001099994767 13.48617819 66.91748331 161.5229509 173.7422187 240.8161236 296.3650453 383.8984065 553.0820607 713.1743030 809.1359830 849.5718269 927.9705981 966.9582660 1068.139553 1197.934991 1282.973443 1369.617408 1557.357585 1610.781099 1951.905722 2064.865159 2152.493751 2294.908857 2469.945652 2490.488408 2525.628481 2631.528935 2641.584371 2867.086548 3190.597081 3286.719287 3412.324481 3891.916009 4003.445566 4269.405387 5709.518693 9493.011798 37049.82922 158344.7466 345885.7946 366557.3118 387667.6987 402580.8862 404676.2251 411918.2520 417015.2544 451771.3991 465668.9655 469074.0799 474461.0824 529753.2039 559538.7417 585543.3425 612006.0230 665593.6837 826774.4830 870410.7477 1000048.656 1069282.938 1319338.682 1334396.713 1521127.711 1648148.978 2226882.363 2347047.102 2677489.018 2800551.384 3125368.908 3172505.651 23971349.37
