    unsorted:	 2.383355281e-06 1.697532880e-06 6.111174281e-05 9.749837668e-05 0.001099992291 7.289198386 13.70676187 39.36729910 68.32108276 129.1538917 231.7551159 217.5853963 273.2763215 434.0867037 512.6309000 665.7907221 770.9897225 823.2317001 901.4357967 934.3455941 977.4609515 1014.154133 1132.525269 1171.617819 1248.343883 1341.314988 1565.783370 1642.357359 1853.152988 1906.465414 2082.476220 2193.414450 2468.395096 2479.668328 2515.979607 2638.991158 2818.022472 2886.896759 3239.317363 3254.929247 3710.969654 3941.555838 4320.672051 8930.836802 41051.94293 158294.3306 383708.5738 378740.1017 390563.3604 358854.9551 360511.9406 405649.7235 423681.8286 321311.3691 444120.6527 452516.4390 253079.8808 502723.7122 605245.2804 639634.9418 676591.7609 694638.0832 702600.4240 961499.9195 1065563.657 1140090.448 1209771.228 1367097.750 1497443.265 1706826.792 1816048.725 2368745.721 2443227.173 2479229.637 2742139.735 2977563.706 3318750.114
      sorted:	 1.697532880e-06 2.383355281e-06 6.111174281e-05 9.749837668e-05 0.001099992291 7.289198386 13.70676187 39.36729910 68.32108276 129.1538917 217.5853963 231.7551159 273.2763215 434.0867037 512.6309000 665.7907221 770.9897225 823.2317001 901.4357967 934.3455941 977.4609515 1014.154133 1132.525269 1171.617819 1248.343883 1341.314988 1565.783370 1642.357359 1853.152988 1906.465414 2082.476220 2193.414450 2468.395096 2479.668328 2515.979607 2638.991158 2818.022472 2886.896759 3239.317363 3254.929247 3710.969654 3941.555838 4320.672051 8930.836802 41051.94293 158294.3306 253079.8808 321311.3691 358854.9551 360511.9406 378740.1017 383708.5738 390563.3604 405649.7235 423681.8286 444120.6527 452516.4390 502723.7122 605245.2804 639634.9418 676591.7609 694638.0832 702600.4240 961499.9195 1065563.657 1140090.448 1209771.228 1367097.750 1497443.265 1706826.792 1816048.725 2368745.721 2443227.173 2479229.637 2742139.735 2977563.706 3318750.114
