years
 1991 1992 1993 1994 1995 1996 1997 1998 1999 2000 2001 2002 2003 2004 2005 2006 2007 2008 2009 2010 2011 2012 2013 2014 2015 2016 2017 2018 2019 2020 2021
reclasobs
 0 0 0 0 0 0 0 0 0 252601 567819 844713 477998 351125 339783 2.1784e+06 2.13404e+06 4.81314e+06 1.55562e+06 2.62356e+06 3.21686e+06 3.843e+06 1.13348e+06 3.07943e+06 1.97215e+06 2.03268e+06 2.025e+06 2.42433e+06 2.27542e+06 1.05018e+06 2.36338e+06
reclaspred
 3.3421e+06 1.95405e+06 816426 489385 94618.3 2.11232e+06 824402 256608 732282 215303 237832 780028 510565 398646 279557 1.89611e+06 1.13452e+06 7.1197e+06 4.49136e+06 1.52662e+06 3.58005e+06 3.59858e+06 1.95242e+06 4.39907e+06 2.66351e+06 1.30186e+06 2.37734e+06 3.84026e+06 2.71681e+06 958896 1.38943e+06
pelacesobs
 0 0 0 0 0 0 0 0 0 0 0 0 0 0 0 552880 188675 0 991730 2.46772e+06 1.41603e+06 1.21717e+06 2.29649e+06 1.80582e+06 0 1.4828e+06 1.56532e+06 1.57751e+06 1.42118e+06 867257 1.10002e+06
pelacespred
 519902 417637 190077 88077.1 12968.3 495579 150351 60807.4 162492 35057.3 53058.9 148714 95769.8 75748.9 51291.1 370136 218223 1.78677e+06 1.08585e+06 368468 817273 794871 434771 1.16206e+06 673586 320211 672886 1.05688e+06 625985 260612 337449
mphobs
 0 0 0 0 0 0 0 0 0 0 0 498337 0 5186 125008 0 168611 109162 213762 579715 649985 157893 87575 83554 0 0 0 0 0 0 0
mphpred
 59650.8 400238 188596 57787.1 29529.4 4760.65 216149 58872.1 22104.7 62776.6 10109 26019.7 71770.3 31888.4 18174.8 17121.6 217145 113394 824856 396037 161688 341946 388291 212496 463163 271847 116892 225481 498728 254093 76984.6
desembarqueobs
 494567 514787 250237 358949 120608 361735 552515 73892 212993 205616 52469 317467 293654 387597 252695 516296 358380 742168 942051 627588 828172 859565 418607 520667 417249 300574 415391 372974 316634 284311 391294
desembarquepred
 494224 520135 247049 358233 120441 361446 551583 73847.5 212761 205279 52435.1 317039 293109 386679 252230 515715 358064 741607 940293 625866 827261 858376 418167 520284 416752 300119 414984 372681 316332 283888 390891
Reclutas
 533983 1009.73 3114.12 97196.1 1220.35 328793 1286.94 354.035 67848.3 1589 37971.7 164472 53107.6 71420.3 43895.9 399411 3557.59 1.07468e+06 143448 22842.5 421025 555348 3786.44 341869 131456 13709.8 231248 330022 8702.12 3292.68 143644
log_desv_Rt
 2.68109 -3.58959 -2.46333 0.977456 -3.40014 2.19615 -3.34701 -4.63763 0.617999 -3.13617 0.0375669 1.50346 0.373046 0.669308 0.182546 2.39072 -2.33019 3.3805 1.3667 -0.470651 2.44342 2.72032 -2.26785 2.23515 1.2794 -0.981161 1.84422 2.19988 -1.43571 -2.40757 1.36806
SSB
 165740 1.11206e+06 524014 160562 82047.4 13227.5 600571 163576 61417.9 174425 28087.9 72295.9 199414 88601.9 50498.8 47572.6 603338 315064 2.29187e+06 1.10039e+06 449252 950099 1.07887e+06 590422 1.2869e+06 755328 324784 626501 1.38572e+06 706000 213902
BT
 1.48449e+06 1.40871e+06 673769 528202 131239 1.46299e+06 840128 211254 566673 264707 167985 604645 479196 581295 367997 1.25848e+06 787224 4.78722e+06 3.38426e+06 1.50501e+06 2.62576e+06 2.58081e+06 1.36426e+06 3.17835e+06 1.94727e+06 1.02806e+06 1.99622e+06 2.80227e+06 1.70757e+06 915652 1.16215e+06
Ftot
 0.265153 0.46484 0.524669 1.16127 1.78877 0.305651 1.07301 0.500459 0.507056 1.43589 0.389969 0.692642 0.94187 1.46054 1.37935 0.47658 0.545827 0.188214 0.369872 0.695554 0.407716 0.419954 0.377795 0.213027 0.279248 0.405513 0.311331 0.175429 0.209053 0.514025 0.491669
BD_Bspro_t
 0.958463 0.712926 0.443899 0.239623 0.144038 0.0385945 0.528351 0.211728 0.134362 0.318938 0.102485 0.32875 0.375597 0.184662 0.110164 0.109426 0.469971 0.31832 0.701344 0.497015 0.276862 0.440756 0.485128 0.375859 0.591135 0.522062 0.396842 0.579776 0.722439 0.573882 0.3516
BD_Bspro
 0.634019 4.25406 2.00455 0.61421 0.313863 0.0506002 2.29741 0.625742 0.234947 0.667242 0.107447 0.276559 0.762835 0.338936 0.193177 0.181983 2.308 1.20524 8.76726 4.20941 1.71856 3.63449 4.12708 2.25859 4.92288 2.88942 1.24242 2.39661 5.30089 2.70072 0.818257
BD_Bo
 0.105345 0.706829 0.333064 0.102053 0.0521495 0.00840741 0.381724 0.103969 0.0390373 0.110865 0.0178527 0.0459514 0.126748 0.0563155 0.0320971 0.0302372 0.383483 0.200255 1.45671 0.69941 0.285545 0.603884 0.685729 0.375273 0.817956 0.480088 0.206433 0.398205 0.880764 0.448734 0.135957
BD_Brms
 0.852344 5.71896 2.69482 0.825714 0.421942 0.0680244 3.08853 0.841217 0.315851 0.897008 0.144446 0.371793 1.02552 0.45565 0.259698 0.244649 3.10276 1.62027 11.7863 5.65893 2.31035 4.88603 5.54824 3.03634 6.61809 3.88439 1.67025 3.22188 7.12627 3.63071 1.10003
Sel_flota
 0.9953 1 1 1 1
 0.9953 1 1 1 1
 0.9953 1 1 1 1
 0.9953 1 1 1 1
 0.9953 1 1 1 1
 0.9953 1 1 1 1
 0.9953 1 1 1 1
 0.9953 1 1 1 1
 0.9953 1 1 1 1
 0.9953 1 1 1 1
 0.9953 1 1 1 1
 0.9953 1 1 1 1
 0.9953 1 1 1 1
 0.9953 1 1 1 1
 0.9953 1 1 1 1
 0.9953 1 1 1 1
 0.9953 1 1 1 1
 0.9953 1 1 1 1
 0.9953 1 1 1 1
 0.9953 1 1 1 1
 0.9953 1 1 1 1
 0.9953 1 1 1 1
 0.9953 1 1 1 1
 0.9953 1 1 1 1
 0.9953 1 1 1 1
 0.9953 1 1 1 1
 0.9953 1 1 1 1
 0.9953 1 1 1 1
 0.9953 1 1 1 1
 0.9953 1 1 1 1
 0.9953 1 1 1 1
Sel_reclas
 1 1 1 1 1
 1 1 1 1 1
 1 1 1 1 1
 1 1 1 1 1
 1 1 1 1 1
 1 1 1 1 1
 1 1 1 1 1
 1 1 1 1 1
 1 1 1 1 1
 1 1 1 1 1
 1 1 1 1 1
 1 1 1 1 1
 1 1 1 1 1
 1 1 1 1 1
 1 1 1 1 1
 1 1 1 1 1
 1 1 1 1 1
 1 1 1 1 1
 1 1 1 1 1
 1 1 1 1 1
 1 1 1 1 1
 1 1 1 1 1
 1 1 1 1 1
 1 1 1 1 1
 1 1 1 1 1
 1 1 1 1 1
 1 1 1 1 1
 1 1 1 1 1
 1 1 1 1 1
 1 1 1 1 1
 1 1 1 1 1
Sel_pelaces
 1 1 1 1 1
 1 1 1 1 1
 1 1 1 1 1
 1 1 1 1 1
 1 1 1 1 1
 1 1 1 1 1
 1 1 1 1 1
 1 1 1 1 1
 1 1 1 1 1
 1 1 1 1 1
 1 1 1 1 1
 1 1 1 1 1
 1 1 1 1 1
 1 1 1 1 1
 1 1 1 1 1
 1 1 1 1 1
 1 1 1 1 1
 1 1 1 1 1
 1 1 1 1 1
 1 1 1 1 1
 1 1 1 1 1
 1 1 1 1 1
 1 1 1 1 1
 1 1 1 1 1
 1 1 1 1 1
 1 1 1 1 1
 1 1 1 1 1
 1 1 1 1 1
 1 1 1 1 1
 1 1 1 1 1
 1 1 1 1 1
pf_obs 
 0.8446 0.082 0.0669 0.0065 0
 0.8095 0.147 0.0364 0.0071 0
 0.9664 0.0169 0.016 0.0007 0
 0.9276 0.0648 0.0075 0.0001 0
 0.7033 0.2144 0.0806 0.0017 0
 0.9318 0.0425 0.0243 0.0014 0
 0.5671 0.3108 0.0964 0.0239 0.0018
 0.0768 0.2599 0.5324 0.112 0.0189
 0.490249 0.384438 0.106611 0.0170017 0.00170017
 0.7925 0.1577 0.0466 0.003 0.0002
 0.840416 0.127587 0.0312969 0.00059994 9.999e-05
 0.8084 0.0986 0.0794 0.0134 0.0002
 0.7335 0.1905 0.0724 0.0035 0.0001
 0.4001 0.4547 0.1325 0.0127 0
 0.49795 0.308269 0.164784 0.0264974 0.00249975
 0.9179 0.0499 0.0305 0.0017 0
 0.2467 0.6533 0.0926 0.0074 0
 0.9418 0.0223 0.034 0.0019 0
 0.707729 0.231977 0.0356964 0.0245975 0
 0.517169 0.277429 0.184464 0.0207286 0.00020938
 0.811772 0.124168 0.05621 0.00726502 0.000585176
 0.764997 0.148141 0.077277 0.00933861 0.000247198
 0.163321 0.427699 0.378323 0.0303852 0.000271297
 0.753843 0.0900009 0.118128 0.0371064 0.000921714
 0.721811 0.176058 0.0630433 0.0369309 0.00215725
 0.143369 0.312575 0.442814 0.0836902 0.0175525
 0.692698 0.0596174 0.167031 0.0765114 0.00414204
 0.394062 0.376323 0.152708 0.0712218 0.00568511
 0.125707 0.32114 0.495352 0.0537591 0.00404204
 0.23352 0.215282 0.420074 0.123614 0.00750983
 0.774587 0.0839891 0.0768558 0.0609784 0.00358967
pf_pred 
 0.971162 0.0210724 0.00700868 0.000757081 1.05925e-07
 0.00643368 0.965065 0.020826 0.00692675 0.000748335
 0.0790701 0.00596075 0.888723 0.0191786 0.00706794
 0.918969 0.00644407 0.000482766 0.0719783 0.00212573
 0.0904744 0.83639 0.00581622 0.000435729 0.066884
 0.997476 0.000230553 0.00210876 1.46642e-05 0.000169731
 0.0141406 0.983385 0.000226031 0.0020674 0.000180778
 0.0299666 0.0138261 0.953808 0.000219232 0.00218056
 0.96261 0.00112718 0.000516861 0.0356563 8.97116e-05
 0.0919579 0.874292 0.00101744 0.000466543 0.032266
 0.961614 0.0035599 0.0335314 3.90215e-05 0.00125538
 0.943299 0.0545366 0.00020072 0.00189062 7.29831e-05
 0.621944 0.356756 0.0204865 7.53999e-05 0.000737622
 0.853098 0.0916273 0.0521609 0.0029953 0.000118871
 0.85897 0.120478 0.0128186 0.00729728 0.000435671
 0.988184 0.0101623 0.0014124 0.000150276 9.06558e-05
 0.0368936 0.951795 0.0097286 0.00135212 0.000230649
 0.981219 0.000697115 0.0178713 0.000182668 2.97188e-05
 0.299566 0.687347 0.00048578 0.0124535 0.000148001
 0.157876 0.253292 0.577829 0.000408379 0.0105937
 0.940596 0.00943221 0.0150304 0.0342885 0.000652863
 0.8345 0.155723 0.00155241 0.00247381 0.00575088
 0.0228843 0.816201 0.151409 0.0015094 0.00799682
 0.891201 0.00250392 0.0887897 0.0164709 0.00103413
 0.534314 0.415259 0.00116053 0.0411528 0.00811334
 0.166476 0.446505 0.345111 0.000964488 0.0409438
 0.919594 0.0134514 0.0358664 0.0277217 0.00336637
 0.82889 0.157422 0.00228984 0.00610558 0.00529216
 0.0658608 0.774987 0.146421 0.00212982 0.0106012
 0.077069 0.0610866 0.715009 0.135089 0.0117458
 0.938549 0.00476322 0.00375205 0.0439172 0.0090189
pobs_RECLAS
 0 0 0 0 0
 0 0 0 0 0
 0 0 0 0 0
 0 0 0 0 0
 0 0 0 0 0
 0 0 0 0 0
 0 0 0 0 0
 0 0 0 0 0
 0 0 0 0 0
 0 0 0 0 0
 0.991045 0.00858322 0.000360255 1.14367e-05 0
 0.934742 0.0480273 0.0164251 0.00080598 0
 0.827803 0.169806 0.00239088 0 0
 0.941827 0.0461693 0.0120037 0 0
 0.791401 0.0380133 0.147996 0.0225897 0
 0.846168 0.0940531 0.0597789 0 0
 0.134021 0.677848 0.182769 0.00536245 0
 0.80878 0.0450904 0.141981 0.00414843 0
 0.846168 0.0940531 0.0597789 0 0
 0.905697 0.0802665 0.012482 0.00150086 5.37128e-05
 0.989698 0.0102097 9.19794e-05 0 0
 0.975433 0.0193895 0.00387452 0.00125025 5.28907e-05
 0.303575 0.632131 0.0575291 0.00676475 0
 0.966965 0.00978017 0.0227588 0.000495775 0
 0.843318 0.132988 0.00938335 0.0141283 0.000182051
 0.564624 0.303363 0.111486 0.0197234 0.00080311
 0.826376 0.0876187 0.0782897 0.00655872 0.00115652
 0.89761 0.0855135 0.0140674 0.00269457 0.000114338
 0.34875 0.467042 0.161289 0.0227151 0.000203297
 0.318654 0.224769 0.449479 0.00709798 0
 0.937255 0.0296025 0.0250945 0.00804832 0
ppred_RECLAS
 0.971297 0.0209736 0.00697582 0.000753532 1.05429e-07
 0.00646552 0.965034 0.0208254 0.00692653 0.000748311
 0.0794359 0.00595839 0.88837 0.019171 0.00706513
 0.919387 0.00641084 0.000480277 0.0716072 0.00211476
 0.0910065 0.8359 0.00581281 0.000435475 0.0668449
 0.997489 0.000229437 0.00209855 1.45932e-05 0.000168909
 0.0142178 0.983308 0.000226013 0.00206724 0.000180764
 0.0301121 0.013824 0.953665 0.000219199 0.00218023
 0.962789 0.00112177 0.00051438 0.0354851 8.92809e-05
 0.0924568 0.873812 0.00101688 0.000466286 0.0322483
 0.961795 0.00354311 0.0333732 3.88375e-05 0.00124946
 0.943574 0.0542723 0.000199748 0.00188146 7.26294e-05
 0.62321 0.355562 0.0204179 7.51475e-05 0.000735153
 0.853847 0.0911598 0.0518948 0.00298002 0.000118264
 0.859682 0.11987 0.0127539 0.00726046 0.000433472
 0.988242 0.0101125 0.00140547 0.000149539 9.0211e-05
 0.0370727 0.951618 0.0097268 0.00135187 0.000230607
 0.981307 0.000693842 0.0177874 0.000181811 2.95793e-05
 0.300595 0.686337 0.000485066 0.0124352 0.000147783
 0.158562 0.253086 0.577359 0.000408046 0.010585
 0.940871 0.00938858 0.0149609 0.0341299 0.000649844
 0.83518 0.155083 0.00154603 0.00246363 0.00572722
 0.0229943 0.816109 0.151392 0.00150923 0.00799592
 0.891667 0.00249321 0.0884099 0.0164004 0.0010297
 0.53552 0.414184 0.00115753 0.0410463 0.00809233
 0.167161 0.446138 0.344827 0.000963695 0.0409102
 0.919953 0.0133913 0.0357063 0.0275979 0.00335134
 0.829568 0.156798 0.00228076 0.00608138 0.00527118
 0.0661572 0.774741 0.146375 0.00212915 0.0105979
 0.0774257 0.061063 0.714733 0.135037 0.0117412
 0.938836 0.00474097 0.00373453 0.0437121 0.00897677
pobs_PELACES
 0 0 0 0 0
 0 0 0 0 0
 0 0 0 0 0
 0 0 0 0 0
 0 0 0 0 0
 0 0 0 0 0
 0 0 0 0 0
 0 0 0 0 0
 0 0 0 0 0
 0 0 0 0 0
 0 0 0 0 0
 0 0 0 0 0
 0 0 0 0 0
 0 0 0 0 0
 0 0 0 0 0
 0 0 0 0 0
 0.505614 0.472636 0.0217494 0 0
 0 0 0 0 0
 0.443492 0.261883 0.143347 0.151278 0
 0.227955 0.32914 0.350689 0.0885471 0.00366901
 0.970185 0.0296113 0.000203453 0 0
 0.997202 0.00247181 0.000326279 0 0
 0.445219 0.490057 0.0546422 0.010081 0
 0.90214 0.0892962 0.00764917 0.000914606 0
 0 0 0 0 0
 0.581667 0.319106 0.0959925 0.00289975 0.000334073
 0.762889 0.0836404 0.116647 0.0363945 0.000428098
 0.88444 0.0763242 0.0277011 0.0115352 0
 0.521256 0.241999 0.230069 0.00667565 0
 0.616807 0.101726 0.260614 0.0208532 0
 0.833518 0.0704572 0.0857862 0.0102388 0
ppred_PELACES
 0.971308 0.0209652 0.00697304 0.000753231 1.05387e-07
 0.00647015 0.96503 0.0208253 0.00692649 0.000748308
 0.0794954 0.005958 0.888312 0.0191697 0.00706467
 0.91952 0.00640024 0.000479482 0.0714887 0.00211127
 0.0912362 0.835689 0.00581134 0.000435364 0.066828
 0.99749 0.000229328 0.00209756 1.45863e-05 0.00016883
 0.0142411 0.983285 0.000226008 0.00206719 0.00018076
 0.0301348 0.0138237 0.953642 0.000219194 0.00218018
 0.962818 0.00112092 0.00051399 0.0354583 8.92133e-05
 0.0926438 0.873632 0.00101667 0.00046619 0.0322416
 0.961818 0.00354105 0.0333538 3.88149e-05 0.00124873
 0.943631 0.0542173 0.000199545 0.00187956 7.25558e-05
 0.623553 0.355239 0.0203993 7.50791e-05 0.000734484
 0.85413 0.0909836 0.0517945 0.00297426 0.000118036
 0.85994 0.11965 0.0127305 0.00724711 0.000432676
 0.988251 0.0101051 0.00140445 0.00014943 9.01451e-05
 0.0371029 0.951588 0.00972649 0.00135183 0.000230599
 0.981313 0.000693643 0.0177823 0.000181759 2.95708e-05
 0.300716 0.686218 0.000484982 0.012433 0.000147757
 0.158706 0.253043 0.57726 0.000407976 0.0105832
 0.940906 0.00938299 0.014952 0.0341096 0.000649457
 0.83527 0.154998 0.00154519 0.00246229 0.00572411
 0.0230075 0.816098 0.15139 0.00150921 0.00799581
 0.891699 0.00249247 0.0883838 0.0163956 0.0010294
 0.535628 0.414088 0.00115726 0.0410367 0.00809045
 0.167248 0.446091 0.344791 0.000963594 0.0409059
 0.919989 0.0133854 0.0356904 0.0275857 0.00334985
 0.829607 0.156763 0.00228025 0.00608 0.00526999
 0.0661773 0.774724 0.146372 0.0021291 0.0105977
 0.0774827 0.0610592 0.714689 0.135029 0.0117405
 0.938879 0.00473758 0.00373185 0.0436808 0.00897034
pobs_pel_tallas
 0 0 0 0 0 0 0 0 0 0 0 0 0 0 0 0 0 0 0 0 0 0 0 0 0 0
 0 0 0 0 0 0 0 0 0 0 0 0 0 0 0 0 0 0 0 0 0 0 0 0 0 0
 0 0 0 0 0 0 0 0 0 0 0 0 0 0 0 0 0 0 0 0 0 0 0 0 0 0
 0 0 0 0 0 0 0 0 0 0 0 0 0 0 0 0 0 0 0 0 0 0 0 0 0 0
 0 0 0 0 0 0 0 0 0 0 0 0 0 0 0 0 0 0 0 0 0 0 0 0 0 0
 0 0 0 0 0 0 0 0 0 0 0 0 0 0 0 0 0 0 0 0 0 0 0 0 0 0
 0 0 0 0 0 0 0 0 0 0 0 0 0 0 0 0 0 0 0 0 0 0 0 0 0 0
 0 0 0 0 0 0 0 0 0 0 0 0 0 0 0 0 0 0 0 0 0 0 0 0 0 0
 0 0 0 0 0 0 0 0 0 0 0 0 0 0 0 0 0 0 0 0 0 0 0 0 0 0
 0 0 0 0 0 0 0 0 0 0 0 0 0 0 0 0 0 0 0 0 0 0 0 0 0 0
 0 0 0 0 0 0 0 0 0 0 0 0 0 0 0 0 0 0 0 0 0 0 0 0 0 0
 0 0 0 0 0 0 0 0 0 0 0 0 0 0 0 0 0 0 0 0 0 0 0 0 0 0
 0.00862536 0 0 0.000197151 0.00414017 0.0128641 0.00837892 0.0270097 0.101434 0.158115 0.152841 0.127902 0.109271 0.109419 0.0830992 0.0579132 0.0238553 0.00714673 0.00463305 0.00128148 0.00103504 0.000492878 0.000147863 0.000147863 4.92878e-05 0
 0 0 0 0 0 0 0 0 0 0 0 0 0 0 0 0 0 0 0 0 0 0 0 0 0 0
 0 0 0 0 0 0 0 0.0054083 0.00873648 0.0413646 0.0450493 0.0745869 0.0622846 0.0627006 0.0613931 0.0827291 0.12552 0.122667 0.0946155 0.0697135 0.0546179 0.0294188 0.0215738 0.0213955 0.0102223 0.00600262
 0 0 0 0 0.00359764 0.0251062 0.0480494 0.140153 0.205849 0.193036 0.1447 0.116669 0.0760912 0.0342217 0.00950174 0.001854 0.000860785 0 0 0 0.000165536 0 0.000143464 0 0 0
 0 0 0 0 0 0 0 0.000145254 0.000435761 0.0275982 0.070085 0.0708112 0.156366 0.174668 0.174014 0.160142 0.0824315 0.0480064 0.0283245 0.00493863 0.00203355 0 0 0 0 0
 0 0 0 0 0 0 0 0 0 0 0 0 0 0 0 0 0 0 0 0 0 0 0 0 0 0
 0 0 1.00437e-05 0.000401748 0.00122533 0.00171747 0.00176769 0.0269171 0.070346 0.194647 0.189555 0.159765 0.064822 0.0314167 0.0384472 0.0292271 0.0345202 0.0313363 0.0194345 0.0106764 0.0143323 0.0359363 0.0279516 0.0138201 0.00172751 0
 0 0.0021121 0.0136068 0.0755702 0.200478 0.177729 0.0527432 0.0373336 0.0318909 0.0142505 0.0149659 0.0166563 0.0217959 0.0798694 0.0677717 0.0528807 0.04013 0.0224614 0.0357745 0.0225083 0.00881397 0.00855152 0.00135912 0.000746735 0 0
 0 0 0 0 5.4009e-05 0.00500934 0.000945158 0.0243581 0.138947 0.33067 0.221406 0.137944 0.0707744 0.0437923 0.0131692 0.00525238 0.0047753 0.00276346 9.45158e-05 9.00151e-06 2.25038e-05 9.00151e-06 4.50075e-06 0 0 0
 0.000866109 0.00284123 0.00948549 0.0512746 0.133035 0.25785 0.225252 0.132002 0.0553304 0.0519788 0.0540692 0.017754 0.00435017 0.00159236 0.00146478 0.000404838 0.000125132 0.000115318 0.000107957 0.000100596 0 0 0 0 0 0
 0 0 0 0 0.00144013 0.00171154 0.00461396 0.0210425 0.0478622 0.0707936 0.0888783 0.103762 0.0637923 0.0337046 0.0602308 0.124433 0.169614 0.0934646 0.0462172 0.0250306 0.0313229 0.00938855 0.002487 0.000210481 0 0
 0 0.00764035 0.051015 0.0998891 0.058973 0.0496711 0.0374665 0.0718981 0.12319 0.153886 0.159021 0.0857701 0.0377988 0.023471 0.0147837 0.00900784 0.00315554 0.000888139 0.00291439 0.00214683 0.00393193 0.00274676 0.000635225 9.99891e-05 0 0
 0 0 0 0 0 0 0 0 0 0 0 0 0 0 0 0 0 0 0 0 0 0 0 0 0 0
 0 0 0 0 0 0 0 0 0 0 0 0 0 0 0 0 0 0 0 0 0 0 0 0 0 0
 0 0 0 0 0 0 0 0 0 0 0 0 0 0 0 0 0 0 0 0 0 0 0 0 0 0
 0 0 0 0 0 0 0 0 0 0 0 0 0 0 0 0 0 0 0 0 0 0 0 0 0 0
 0 0 0 0 0 0 0 0 0 0 0 0 0 0 0 0 0 0 0 0 0 0 0 0 0 0
 0 0 0 0 0 0 0 0 0 0 0 0 0 0 0 0 0 0 0 0 0 0 0 0 0 0
 0 0 0 0 0 0 0 0 0 0 0 0 0 0 0 0 0 0 0 0 0 0 0 0 0 0
ppred_pel_tallas
 1.00283e-16 8.00054e-05 0.000777681 0.00516796 0.0234928 0.0730949 0.155736 0.227302 0.227304 0.155746 0.0731281 0.023589 0.00540975 0.00130647 0.00108709 0.00167787 0.00242615 0.00308561 0.00346339 0.00346949 0.00316126 0.00269569 0.00222704 0.00183272 0.00151089 0.0012268
 1.01669e-16 5.33138e-07 5.18239e-06 3.44433e-05 0.000156631 0.000487836 0.00104282 0.00154148 0.00163431 0.00149629 0.00200991 0.00455047 0.0110544 0.0240311 0.04554 0.0750497 0.107557 0.134089 0.145499 0.137578 0.113627 0.0823817 0.0529953 0.0309349 0.0171116 0.00959117
 1.28755e-16 6.54794e-06 6.36483e-05 0.000422965 0.00192274 0.00598237 0.0127461 0.0186037 0.0186057 0.0127563 0.00602053 0.00205048 0.000809565 0.00112536 0.00265931 0.00604055 0.0125404 0.023735 0.0409187 0.0641872 0.0915221 0.118523 0.139336 0.148676 0.144019 0.126725
 1.07543e-16 7.57397e-05 0.000736217 0.00489242 0.0222402 0.0691976 0.147433 0.215183 0.215183 0.147436 0.0692083 0.0222714 0.00497239 0.000916567 0.000436606 0.000654329 0.00107049 0.00166218 0.00250121 0.00371538 0.00544815 0.00776447 0.0105402 0.0134092 0.0158244 0.0172279
 1.11735e-16 7.51518e-06 7.30503e-05 0.000485449 0.00220683 0.0068667 0.0146332 0.0213744 0.0214548 0.0150259 0.00818463 0.0060113 0.0100271 0.020876 0.039439 0.0649899 0.0931633 0.116223 0.126333 0.119982 0.100217 0.0747839 0.051701 0.0356017 0.0269209 0.023418
 1.00091e-16 8.21619e-05 0.000798643 0.00530726 0.024126 0.0750651 0.159934 0.233429 0.233429 0.159934 0.0750655 0.0241273 0.00531064 0.000806521 9.86202e-05 3.68801e-05 5.41464e-05 8.66015e-05 0.00013048 0.000185096 0.000246748 0.000307295 0.00035506 0.000378521 0.000371197 0.000334749
 1.00496e-16 1.17323e-06 1.14043e-05 7.57901e-05 0.000344589 0.00107265 0.00228889 0.00336052 0.00345507 0.00275076 0.00262281 0.00481903 0.0112962 0.0244689 0.0463423 0.0763277 0.109288 0.136033 0.147205 0.138499 0.113319 0.0806713 0.0500324 0.0271252 0.0129746 0.00561464
 1.27915e-16 2.48217e-06 2.41275e-05 0.000160336 0.000728866 0.00226779 0.00483186 0.0070528 0.0070556 0.00484623 0.00232029 0.000899145 0.000657933 0.00134196 0.00318151 0.00701225 0.0141724 0.0262556 0.0445339 0.0690223 0.0975327 0.125398 0.146458 0.155209 0.149141 0.129894
 1.03587e-16 7.9306e-05 0.000770883 0.00512279 0.0232874 0.0724559 0.154375 0.225315 0.225315 0.154376 0.0724579 0.0232936 0.00513906 0.000809378 0.00016178 0.000168557 0.00030349 0.000540547 0.000931174 0.00154547 0.00244445 0.00363838 0.00504408 0.0064693 0.00764601 0.00831051
 1.05756e-16 7.63113e-06 7.41774e-05 0.000492939 0.00224088 0.00697266 0.0148591 0.0217049 0.0217889 0.0152695 0.0083501 0.00621691 0.010464 0.0218101 0.0411976 0.0678603 0.0972065 0.121101 0.131279 0.123987 0.102326 0.0743512 0.0484799 0.0297009 0.0187254 0.0135345
 1.01179e-16 7.92236e-05 0.000770082 0.00511747 0.0232633 0.0723806 0.154215 0.225081 0.225081 0.154217 0.0723873 0.0232831 0.00516983 0.00089243 0.0003351 0.000489728 0.000839621 0.00134998 0.00203341 0.00287952 0.00382534 0.00473779 0.00543074 0.00572583 0.00553063 0.0048859
 1.00221e-16 7.77256e-05 0.000755521 0.0050207 0.0228234 0.0710121 0.151299 0.220826 0.220831 0.151324 0.0710976 0.0230702 0.00563962 0.00210478 0.00263486 0.00421896 0.00603749 0.00752448 0.00816281 0.0077188 0.00638282 0.00465064 0.00303912 0.00185277 0.0011339 0.000760843
 1.00812e-16 5.13613e-05 0.00049925 0.00331769 0.0150818 0.0469252 0.0999803 0.145931 0.145966 0.100147 0.0474859 0.0167006 0.00737858 0.00935585 0.016847 0.027705 0.0397513 0.0496618 0.0540818 0.0514578 0.0429727 0.0317785 0.021167 0.0130885 0.00786044 0.00480764
 1.01837e-16 7.03535e-05 0.000683861 0.0045445 0.0206586 0.0642768 0.136949 0.199883 0.199891 0.136992 0.0644219 0.0210786 0.00560143 0.00300058 0.00449773 0.00739566 0.010812 0.0139378 0.0159839 0.0165619 0.0158699 0.014481 0.0129234 0.0114083 0.00987261 0.0082047
 1.01199e-16 7.08321e-05 0.000688514 0.00457542 0.0207992 0.064714 0.137881 0.201243 0.201255 0.137937 0.0649031 0.0213453 0.00594595 0.00367962 0.00574921 0.00938675 0.0135021 0.0169534 0.0186296 0.0180236 0.0155323 0.0121886 0.00904425 0.00668138 0.00513591 0.00413587
 1.00074e-16 8.14009e-05 0.000791246 0.00525811 0.0239026 0.0743698 0.158453 0.231267 0.231268 0.158458 0.0743858 0.0239487 0.00537393 0.00104407 0.000561501 0.000799234 0.00114288 0.00143575 0.00157918 0.00152928 0.00131815 0.00103145 0.000756996 0.000544426 0.000399042 0.000301399
 1.00699e-16 3.05631e-06 2.97086e-05 0.000197428 0.000897536 0.00279306 0.00595429 0.00870965 0.00880116 0.00640135 0.00429355 0.00522879 0.0110595 0.0237083 0.044875 0.0739253 0.105888 0.131884 0.14287 0.134679 0.110583 0.0792489 0.0497872 0.0276842 0.0139111 0.00658651
 1.00537e-16 8.08294e-05 0.000785691 0.00522119 0.0237348 0.0738477 0.15734 0.229643 0.229643 0.157341 0.0738494 0.0237399 0.00523546 0.000821154 0.000160785 0.000170616 0.000313805 0.000551661 0.000899179 0.00135483 0.00187958 0.00239038 0.00277611 0.00293576 0.0028217 0.00246246
 1.01462e-16 2.47697e-05 0.000240771 0.00160001 0.00727345 0.0226307 0.0482196 0.0703918 0.0704578 0.048542 0.0237127 0.0103964 0.00943168 0.0173127 0.0323751 0.0532941 0.0763277 0.0950591 0.102976 0.0970976 0.079818 0.0574198 0.0364875 0.0209521 0.011445 0.00651354
 1.18556e-16 1.30725e-05 0.000127069 0.000844421 0.00383863 0.0119435 0.0254479 0.0371472 0.0371724 0.0255715 0.0123611 0.00505523 0.00393811 0.00701208 0.0134728 0.0232495 0.0358008 0.0498052 0.063718 0.0764975 0.0876893 0.0967263 0.102238 0.102291 0.0955624 0.082477
 1.03965e-16 7.75012e-05 0.000753339 0.0050062 0.0227575 0.0708069 0.150862 0.220187 0.220188 0.150866 0.0708225 0.0228028 0.00512181 0.00101178 0.000586786 0.000897557 0.00140811 0.00204151 0.00279025 0.00368772 0.00478876 0.00610759 0.00754888 0.00888988 0.00983985 0.0101493
 1.013e-16 6.88001e-05 0.000668762 0.00444416 0.0202025 0.0628576 0.133925 0.195471 0.195486 0.133998 0.063102 0.0209081 0.00621391 0.00452719 0.00738218 0.0120578 0.0172761 0.0215453 0.0234016 0.0221841 0.0184435 0.0136022 0.00913857 0.00591661 0.00404094 0.00313821
 1.06082e-16 1.89526e-06 1.84227e-05 0.000122429 0.000556594 0.00173219 0.00369353 0.00540731 0.00548601 0.00407812 0.00302367 0.00428739 0.0094893 0.020473 0.0388679 0.0643008 0.0927318 0.116815 0.129016 0.125793 0.109634 0.0872663 0.0655592 0.048355 0.0360573 0.0272342
 1.0437e-16 7.3448e-05 0.000713941 0.00474439 0.0215673 0.0671039 0.142972 0.208672 0.208672 0.142974 0.0671108 0.0215891 0.0048059 0.000870999 0.000438613 0.000783695 0.00153022 0.00277855 0.0046625 0.00721443 0.0102646 0.0133943 0.0160023 0.0174929 0.0175057 0.0160625
 1.05624e-16 4.4119e-05 0.000428853 0.00284988 0.0129552 0.0403085 0.0858831 0.125357 0.125397 0.0860777 0.0409617 0.0148408 0.00757964 0.0107424 0.0195983 0.032246 0.046258 0.0577931 0.062997 0.06016 0.0507997 0.0387199 0.0278021 0.020204 0.0159997 0.0139959
 1.17084e-16 1.37761e-05 0.000133909 0.000889873 0.00404526 0.0125865 0.0268186 0.0391516 0.039195 0.027031 0.0133011 0.00611465 0.00610529 0.0115885 0.0219706 0.0368274 0.0542755 0.0708012 0.0827321 0.0882337 0.0881423 0.0848838 0.0804813 0.0753905 0.0689048 0.0603818
 1.04367e-16 7.57783e-05 0.000736592 0.00489491 0.0222516 0.0692328 0.147508 0.215292 0.215294 0.147515 0.0692553 0.0223173 0.00506311 0.00111436 0.000824742 0.00132732 0.00210454 0.00307513 0.00421641 0.00553809 0.00705614 0.00872162 0.0103575 0.0116708 0.0123521 0.0122051
 1.01608e-16 6.83337e-05 0.000664227 0.00441403 0.0200655 0.0624314 0.133017 0.194146 0.194161 0.133091 0.0626787 0.0207794 0.00620449 0.00456824 0.00746947 0.0122061 0.0174979 0.0218427 0.023767 0.0226086 0.0189275 0.0141581 0.00978162 0.00664947 0.0048419 0.00396068
 1.06429e-16 5.45109e-06 5.29867e-05 0.000352119 0.00160073 0.00498085 0.010615 0.0155086 0.0155833 0.0109801 0.00620697 0.00514275 0.0092453 0.0194741 0.0369101 0.061063 0.0880787 0.110989 0.122654 0.119716 0.104542 0.0835095 0.0631205 0.0469938 0.0354807 0.0271951
 1.36169e-16 6.38216e-06 6.20369e-05 0.000412257 0.00187407 0.00583095 0.0124237 0.0181342 0.0181412 0.0124586 0.0059513 0.00223631 0.00137679 0.00235071 0.00489049 0.00948025 0.0169402 0.0281759 0.0439257 0.0642867 0.0880409 0.112183 0.132239 0.143608 0.143378 0.131594
 1.06008e-16 7.73343e-05 0.000751717 0.00499542 0.0227085 0.0706544 0.150537 0.219713 0.219713 0.150539 0.0706624 0.0227318 0.00505536 0.000887296 0.000349663 0.000497548 0.00081606 0.00127299 0.00192038 0.00285032 0.00416437 0.00590662 0.00798614 0.0101403 0.0119771 0.0130921
pSPR Fmed_Fpbrs
0.382615   0.173594 0.173594
Fs Fmed_Fpbrs
0.500034   1.005 1.005
SSBpbr Bo_Bmed_Bpbrs
1.57331e+06  523308  194452 194452
Ro
36571.7
SPR SPRFo_SPRFmed_SPRFpbrs
261412 100020 45379.5
Fref
1.005
Nvult_r0
 111250 562.82 443.341 5189.24 1065.67
CTP_r0
 36553.3 185.511 146.13 1710.43 351.255
YTP_r0
390891
Np
 123154 32394.1 163.396 128.709 1845.49
Nvult_p0
 106491 28031.9 141.393 111.377 1596.97
CTP_p0
 53252.9 14050.9 70.873 55.8276 800.479
YTP_p0
 657483
CBA_c0
470868
log_Ro
10.327
likeval ReclasPelacesDesembMPH_pf_preclas_ppelaces_ptallas_desvR_qrecl_qpela
 22.9083 77.7296 1.63964 0.00116951 396.668 155.319 142.28 0 219.489 2.07412e-05 0 7.63932 0 0 0
q_reclas_q_pelaces
1.90667 1
M
1
N
 533983 11537.7 3837.44 414.522 0.057997
 1009.73 150876 3255.89 1082.91 116.993
 3114.12 233.874 34869.7 752.485 277.316
 97196.1 679.596 50.9129 7590.89 224.181
 1220.35 11256.2 78.2752 5.86409 900.132
 328793 75.6816 692.224 4.8137 55.7161
 1286.94 89229.7 20.5094 187.59 16.4033
 354.035 162.723 11225.7 2.58022 25.6637
 67848.3 79.1457 36.2918 2503.64 6.29917
 1589 15068.4 17.5356 8.04086 556.105
 37971.7 140.01 1318.78 1.53471 49.3738
 164472 9475.46 34.8742 328.486 12.6805
 53107.6 30366.8 1743.79 6.41798 62.7858
 71420.3 7651.31 4355.68 250.122 9.92628
 43895.9 6140.51 653.337 371.927 22.2052
 399411 4091.66 568.676 60.5059 36.5008
 3557.59 91437 934.607 129.896 22.158
 1.07468e+06 760.197 19488.5 199.198 32.408
 143448 327814 231.681 5939.41 70.5854
 22842.5 36519.3 83310.5 58.8794 1527.38
 421025 4205.27 6701.2 15287.3 291.074
 555348 103223 1029.04 1639.79 3812.04
 3786.44 134507 24951.6 248.744 1317.85
 341869 956.385 33913.7 6291.15 394.99
 131456 101738 284.33 10082.4 1987.76
 13709.8 36625.3 28308.3 79.1137 3358.48
 231248 3368.63 8982.04 6942.36 843.041
 330022 62403.7 907.715 2420.31 2097.86
 8702.12 101957 19263.2 280.199 1394.7
 3292.68 2599.96 30432.2 5749.66 499.923
 143644 726.217 572.05 6695.77 1375.05
pred_Ctot
 79993.9 1735.72 577.3 62.3602 0.008725
 245.413 36812.4 794.409 264.221 28.5452
 835.182 62.9607 9387.17 202.575 74.6554
 46075.6 323.095 24.2051 3608.87 106.58
 732.971 6775.94 47.1196 3.53003 541.855
 55879.4 12.9157 118.134 0.8215 9.50844
 580.581 40375.6 9.28032 84.8828 7.42236
 91.3984 42.1696 2909.13 0.668661 6.65072
 17702.6 20.729 9.50516 655.726 1.64981
 852.486 8105.04 9.4321 4.32504 299.119
 7967.83 29.4969 277.837 0.323328 10.4019
 54724.1 3163.86 11.6445 109.682 4.23401
 21994.3 12616.3 724.48 2.66643 26.0851
 38674.9 4153.89 2364.7 135.791 5.38897
 23029.5 3230.09 343.674 195.644 11.6806
 99084.6 1018.97 141.621 15.0681 9.08999
 984.744 25404.8 259.671 36.0901 6.15638
 117836 83.7175 2146.19 21.9369 3.56897
 28772.2 66017.2 46.6574 1196.11 14.2149
 7624.19 12232 27904.6 19.7215 511.591
 91737.1 919.931 1465.93 3344.19 63.6743
 124052 23148.9 230.773 367.742 854.894
 773.357 27582.9 5116.75 51.0092 270.247
 42007.2 118.024 4185.15 776.365 48.7441
 20624.7 16029.1 44.7968 1588.51 313.177
 2973.61 7975.53 6164.41 17.2278 731.343
 39942.6 584.261 1557.86 1204.09 146.218
 33901.8 6438.6 93.655 249.719 216.45
 1051 12367.2 2336.57 33.9875 169.173
 868.627 688.493 8058.71 1522.56 132.384
 36553.3 185.511 146.13 1710.43 351.255
F
 0.263907 0.265153 0.265153 0.265153 0.265153
 0.462655 0.46484 0.46484 0.46484 0.46484
 0.522203 0.524669 0.524669 0.524669 0.524669
 1.15581 1.16127 1.16127 1.16127 1.16127
 1.78036 1.78877 1.78877 1.78877 1.78877
 0.304215 0.305651 0.305651 0.305651 0.305651
 1.06797 1.07301 1.07301 1.07301 1.07301
 0.498107 0.500459 0.500459 0.500459 0.500459
 0.504673 0.507056 0.507056 0.507056 0.507056
 1.42914 1.43589 1.43589 1.43589 1.43589
 0.388136 0.389969 0.389969 0.389969 0.389969
 0.689387 0.692642 0.692642 0.692642 0.692642
 0.937444 0.94187 0.94187 0.94187 0.94187
 1.45368 1.46054 1.46054 1.46054 1.46054
 1.37287 1.37935 1.37935 1.37935 1.37935
 0.47434 0.47658 0.47658 0.47658 0.47658
 0.543262 0.545827 0.545827 0.545827 0.545827
 0.18733 0.188214 0.188214 0.188214 0.188214
 0.368134 0.369872 0.369872 0.369872 0.369872
 0.692285 0.695554 0.695554 0.695554 0.695554
 0.4058 0.407716 0.407716 0.407716 0.407716
 0.41798 0.419954 0.419954 0.419954 0.419954
 0.37602 0.377795 0.377795 0.377795 0.377795
 0.212025 0.213027 0.213027 0.213027 0.213027
 0.277936 0.279248 0.279248 0.279248 0.279248
 0.403607 0.405513 0.405513 0.405513 0.405513
 0.309868 0.311331 0.311331 0.311331 0.311331
 0.174605 0.175429 0.175429 0.175429 0.175429
 0.208071 0.209053 0.209053 0.209053 0.209053
 0.511609 0.514025 0.514025 0.514025 0.514025
 0.489359 0.491669 0.491669 0.491669 0.491669
nmprior
 8.19 8.8 8.5 0
nm_flota  nm_reclas  nm_pelaces    nm_pelaL
inf 5.93224 3.4851 5.0685
cv_recla  cv_pelaces  cv_mph
0.432934 0.99969 1.05538
 ------------------------------------------------
Talla a la edad & desviaci?n 
 8 13.2811 15.8009 17.003 17.5766
 0.8 1.32811 1.58009 1.7003 1.75766
