years
 1991 1992 1993 1994 1995 1996 1997 1998 1999 2000 2001 2002 2003 2004 2005 2006 2007 2008 2009 2010 2011 2012 2013 2014 2015 2016 2017 2018 2019 2020 2021
reclasobs
 0 0 0 0 0 0 0 0 0 252601 567819 844713 477998 351125 339783 2.1784e+06 2.13404e+06 4.81314e+06 1.55562e+06 2.62356e+06 3.21686e+06 3.843e+06 1.13348e+06 3.07943e+06 1.97215e+06 2.03268e+06 2.025e+06 2.42433e+06 2.27542e+06 1.05018e+06 2.36338e+06
reclaspred
 1.27924e+06 1.07635e+06 463899 25082.3 22932.3 698483 658787 282790 264503 157294 227348 414558 369834 224579 445448 755328 1.21857e+06 1.58087e+06 1.77741e+06 1.39033e+06 2.0319e+06 1.93184e+06 1.68412e+06 1.93321e+06 1.6701e+06 1.19304e+06 1.17159e+06 1.85994e+06 2.26773e+06 983371 819830
pelacesobs
 0 0 0 0 0 0 0 0 0 0 0 0 0 0 0 552880 188675 0 991730 2.46772e+06 1.41603e+06 1.21717e+06 2.29649e+06 1.80582e+06 0 1.4828e+06 1.56532e+06 1.57751e+06 1.42118e+06 867257 1.10002e+06
pelacespred
 471456 458921 211024 3102.36 4895.79 316811 255507 137977 117052 56537.2 105435 157989 149827 91837.4 220733 309358 492903 638412 869293 648744 835876 895179 751630 960897 843332 568408 641290 1.01339e+06 1.02137e+06 544748 413538
mphobs
 0 0 0 0 0 0 0 0 0 0 0 498337 0 5186 125008 0 168611 109162 213762 579715 649985 157893 87575 83554 0 0 0 0 0 0 0
mphpred
 686965 1.2014e+06 543641 115481 1837.18 14979.8 813920 312399 143722 208221 56141 279679 312907 192464 123488 432474 733841 1.18138e+06 945469 1.57172e+06 1.06199e+06 1.49432e+06 1.68962e+06 1.05102e+06 1.63663e+06 1.20162e+06 678961 942462 2.14471e+06 1.24892e+06 497980
desembarqueobs
 494567 514787 250237 358949 120608 361735 552515 73892 212993 205616 52469 317467 293654 387597 252695 516296 358380 742168 942051 627588 828172 859565 418607 520667 417249 300574 415391 372974 316634 284311 391294
desembarquepred
 494874 519142 247628 358961 120324 361080 551602 73750.1 213334 205640 52351.7 318111 294312 387486 252855 516879 358561 741968 942203 627325 826863 858958 418700 520429 417064 300308 415977 373558 316700 283980 390960
Reclutas
 434503 3828.93 36767.8 9818.62 41806.6 396793 4612.32 1253.09 62281.8 9005.27 115674 134438 80175.6 72051.2 150345 325193 227015 249660 792678 81262.6 454120 687028 12167.6 359009 230941 36815 277346 471500 27644.3 12082.7 199442
log_desv_Rt
 1.71279 -3.01883 -0.756793 -2.07713 -0.62836 1.622 -2.83268 -4.1358 -0.229745 -2.16361 0.389358 0.539689 0.0228048 -0.0840378 0.651515 1.423 1.0636 1.15868 2.314 0.0362708 1.75695 2.17096 -1.86263 1.52193 1.08075 -0.75551 1.26385 1.79451 -1.042 -1.86964 0.934109
SSB
 686965 1.2014e+06 543641 115481 1837.18 14979.8 813920 312399 143722 208221 56141 279679 312907 192464 123488 432474 733841 1.18138e+06 945469 1.57172e+06 1.06199e+06 1.49432e+06 1.68962e+06 1.05102e+06 1.63663e+06 1.20162e+06 678961 942462 2.14471e+06 1.24892e+06 497980
BT
 1.89704e+06 1.5245e+06 748650 326818 108441 1.76488e+06 1.08729e+06 392897 638115 331958 473083 783531 724401 738431 1.16501e+06 1.53665e+06 1.8309e+06 2.50964e+06 4.1333e+06 2.19088e+06 3.54946e+06 3.59104e+06 2.12035e+06 3.86939e+06 2.64084e+06 1.6854e+06 2.75408e+06 4.06352e+06 2.65369e+06 1.58961e+06 1.86392e+06
Ftot
 0.362022 0.44293 0.48839 4.89085 3.74357 0.484833 0.740544 0.244729 0.734313 1.10133 0.218462 0.694373 0.715167 1.44285 0.528313 0.627017 0.276633 0.433909 0.492004 0.416316 0.379494 0.413251 0.233565 0.253887 0.235041 0.236563 0.333126 0.190482 0.132477 0.270331 0.44374
BD_Bspro_t
 0.943722 0.741712 0.482456 0.170095 0.00489665 0.0541025 0.61698 0.335807 0.254776 0.364653 0.188692 0.620057 0.492752 0.333514 0.242052 0.504869 0.543428 0.627263 0.541414 0.610194 0.467154 0.549631 0.605717 0.533553 0.666434 0.653202 0.582142 0.67902 0.808387 0.714197 0.549792
BD_Bspro
 1.22635 2.14471 0.970497 0.206154 0.0032797 0.0267416 1.45299 0.557688 0.256569 0.371712 0.100222 0.499276 0.558595 0.343582 0.220448 0.772043 1.31004 2.10898 1.68783 2.8058 1.89584 2.66763 3.01628 1.87626 2.92167 2.1451 1.21207 1.68246 3.82869 2.22955 0.888983
BD_Bo
 0.415116 0.725976 0.328509 0.0697824 0.00111016 0.00905192 0.491831 0.188775 0.0868476 0.125823 0.0339246 0.169003 0.189082 0.116301 0.0746208 0.261333 0.443442 0.713879 0.571323 0.94975 0.641733 0.902982 1.021 0.635108 0.988973 0.726107 0.410279 0.569506 1.29599 0.754693 0.300917
BD_Brms
 1.76216 3.08175 1.39451 0.296225 0.00471262 0.0384252 2.08781 0.801346 0.368666 0.534115 0.144009 0.717414 0.802649 0.493696 0.316764 1.10935 1.8824 3.0304 2.42526 4.03167 2.72414 3.83314 4.33411 2.69602 4.19817 3.08231 1.74163 2.41754 5.50147 3.20366 1.27739
Sel_flota
 0.5 1 1 1 1
 0.5 1 1 1 1
 0.5 1 1 1 1
 0.5 1 1 1 1
 0.5 1 1 1 1
 0.5 1 1 1 1
 0.5 1 1 1 1
 0.5 1 1 1 1
 0.5 1 1 1 1
 0.5 1 1 1 1
 0.5 1 1 1 1
 0.5 1 1 1 1
 0.5 1 1 1 1
 0.5 1 1 1 1
 0.5 1 1 1 1
 0.5 1 1 1 1
 0.5 1 1 1 1
 0.5 1 1 1 1
 0.5 1 1 1 1
 0.5 1 1 1 1
 0.5 1 1 1 1
 0.5 1 1 1 1
 0.5 1 1 1 1
 0.5 1 1 1 1
 0.5 1 1 1 1
 0.5 1 1 1 1
 0.5 1 1 1 1
 0.5 1 1 1 1
 0.5 1 1 1 1
 0.5 1 1 1 1
 0.5 1 1 1 1
Sel_reclas
 0.5 1 1 1 1
 0.5 1 1 1 1
 0.5 1 1 1 1
 0.5 1 1 1 1
 0.5 1 1 1 1
 0.5 1 1 1 1
 0.5 1 1 1 1
 0.5 1 1 1 1
 0.5 1 1 1 1
 0.5 1 1 1 1
 0.5 1 1 1 1
 0.5 1 1 1 1
 0.5 1 1 1 1
 0.5 1 1 1 1
 0.5 1 1 1 1
 0.5 1 1 1 1
 0.5 1 1 1 1
 0.5 1 1 1 1
 0.5 1 1 1 1
 0.5 1 1 1 1
 0.5 1 1 1 1
 0.5 1 1 1 1
 0.5 1 1 1 1
 0.5 1 1 1 1
 0.5 1 1 1 1
 0.5 1 1 1 1
 0.5 1 1 1 1
 0.5 1 1 1 1
 0.5 1 1 1 1
 0.5 1 1 1 1
 0.5 1 1 1 1
Sel_pelaces
 0.5 1 1 1 1
 0.5 1 1 1 1
 0.5 1 1 1 1
 0.5 1 1 1 1
 0.5 1 1 1 1
 0.5 1 1 1 1
 0.5 1 1 1 1
 0.5 1 1 1 1
 0.5 1 1 1 1
 0.5 1 1 1 1
 0.5 1 1 1 1
 0.5 1 1 1 1
 0.5 1 1 1 1
 0.5 1 1 1 1
 0.5 1 1 1 1
 0.5 1 1 1 1
 0.5 1 1 1 1
 0.5 1 1 1 1
 0.5 1 1 1 1
 0.5 1 1 1 1
 0.5 1 1 1 1
 0.5 1 1 1 1
 0.5 1 1 1 1
 0.5 1 1 1 1
 0.5 1 1 1 1
 0.5 1 1 1 1
 0.5 1 1 1 1
 0.5 1 1 1 1
 0.5 1 1 1 1
 0.5 1 1 1 1
 0.5 1 1 1 1
pf_obs 
 0.8446 0.082 0.0669 0.0065 0
 0.8095 0.147 0.0364 0.0071 0
 0.9664 0.0169 0.016 0.0007 0
 0.9276 0.0648 0.0075 0.0001 0
 0.7033 0.2144 0.0806 0.0017 0
 0.9318 0.0425 0.0243 0.0014 0
 0.5671 0.3108 0.0964 0.0239 0.0018
 0.0768 0.2599 0.5324 0.112 0.0189
 0.490249 0.384438 0.106611 0.0170017 0.00170017
 0.7925 0.1577 0.0466 0.003 0.0002
 0.840416 0.127587 0.0312969 0.00059994 9.999e-05
 0.8084 0.0986 0.0794 0.0134 0.0002
 0.7335 0.1905 0.0724 0.0035 0.0001
 0.4001 0.4547 0.1325 0.0127 0
 0.49795 0.308269 0.164784 0.0264974 0.00249975
 0.9179 0.0499 0.0305 0.0017 0
 0.2467 0.6533 0.0926 0.0074 0
 0.9418 0.0223 0.034 0.0019 0
 0.707729 0.231977 0.0356964 0.0245975 0
 0.517169 0.277429 0.184464 0.0207286 0.00020938
 0.811772 0.124168 0.05621 0.00726502 0.000585176
 0.764997 0.148141 0.077277 0.00933861 0.000247198
 0.163321 0.427699 0.378323 0.0303852 0.000271297
 0.753843 0.0900009 0.118128 0.0371064 0.000921714
 0.721811 0.176058 0.0630433 0.0369309 0.00215725
 0.143369 0.312575 0.442814 0.0836902 0.0175525
 0.692698 0.0596174 0.167031 0.0765114 0.00414204
 0.394062 0.376323 0.152708 0.0712218 0.00568511
 0.125707 0.32114 0.495352 0.0537591 0.00404204
 0.23352 0.215282 0.420074 0.123614 0.00750983
 0.774587 0.0839891 0.0768558 0.0609784 0.00358967
pf_pred 
 0.810428 0.119833 0.0440839 0.0162176 0.00943825
 0.0139721 0.892446 0.0591553 0.021762 0.012665
 0.360017 0.020099 0.561051 0.037189 0.0216431
 0.303403 0.39451 0.00948723 0.26483 0.0277702
 0.989019 0.00942461 0.000881657 2.12022e-05 0.000653909
 0.989251 0.0107346 1.23696e-05 1.15716e-06 8.86071e-07
 0.0225086 0.972932 0.00455286 5.24634e-06 8.66597e-07
 0.0298957 0.0532139 0.912614 0.0042706 5.73396e-06
 0.844942 0.00964117 0.00797668 0.1368 0.000641017
 0.243362 0.705187 0.00319915 0.00264684 0.0456058
 0.938047 0.0296383 0.0301175 0.000136631 0.0020608
 0.660867 0.328954 0.00486983 0.00494857 0.000361058
 0.520979 0.396953 0.0796044 0.00117846 0.00128489
 0.619695 0.278022 0.0847593 0.0169975 0.000525987
 0.844472 0.130657 0.0181817 0.00554296 0.00114598
 0.800075 0.185404 0.0121996 0.00169764 0.000624553
 0.554424 0.403994 0.0385612 0.00253734 0.000482982
 0.577053 0.308737 0.103551 0.00988396 0.000774164
 0.817029 0.138486 0.0324731 0.0108916 0.00112103
 0.149959 0.775333 0.056544 0.0132588 0.00490477
 0.742412 0.0736347 0.167786 0.0122364 0.0039307
 0.700182 0.259653 0.0114818 0.0261628 0.00252092
 0.0254333 0.819724 0.134099 0.00592985 0.0148139
 0.715391 0.0150814 0.226704 0.0370867 0.00573692
 0.467762 0.449373 0.00439101 0.066006 0.0124683
 0.143116 0.559892 0.250753 0.00245021 0.0437891
 0.764682 0.0620905 0.113188 0.0506921 0.00934774
 0.713509 0.251485 0.00923663 0.0168379 0.00893157
 0.0703734 0.781374 0.130138 0.00477976 0.0133351
 0.0835429 0.124656 0.665528 0.110844 0.0154292
 0.822181 0.0293472 0.020195 0.10782 0.020457
pobs_RECLAS
 0 0 0 0 0
 0 0 0 0 0
 0 0 0 0 0
 0 0 0 0 0
 0 0 0 0 0
 0 0 0 0 0
 0 0 0 0 0
 0 0 0 0 0
 0 0 0 0 0
 0 0 0 0 0
 0.991045 0.00858322 0.000360255 1.14367e-05 0
 0.934742 0.0480273 0.0164251 0.00080598 0
 0.827803 0.169806 0.00239088 0 0
 0.941827 0.0461693 0.0120037 0 0
 0.791401 0.0380133 0.147996 0.0225897 0
 0.846168 0.0940531 0.0597789 0 0
 0.134021 0.677848 0.182769 0.00536245 0
 0.80878 0.0450904 0.141981 0.00414843 0
 0.846168 0.0940531 0.0597789 0 0
 0.905697 0.0802665 0.012482 0.00150086 5.37128e-05
 0.989698 0.0102097 9.19794e-05 0 0
 0.975433 0.0193895 0.00387452 0.00125025 5.28907e-05
 0.303575 0.632131 0.0575291 0.00676475 0
 0.966965 0.00978017 0.0227588 0.000495775 0
 0.843318 0.132988 0.00938335 0.0141283 0.000182051
 0.564624 0.303363 0.111486 0.0197234 0.00080311
 0.826376 0.0876187 0.0782897 0.00655872 0.00115652
 0.89761 0.0855135 0.0140674 0.00269457 0.000114338
 0.34875 0.467042 0.161289 0.0227151 0.000203297
 0.318654 0.224769 0.449479 0.00709798 0
 0.937255 0.0296025 0.0250945 0.00804832 0
ppred_RECLAS
 0.813281 0.118029 0.0434204 0.0159735 0.00929619
 0.014305 0.892144 0.0591353 0.0217547 0.0126607
 0.366254 0.0199031 0.555584 0.0368266 0.0214322
 0.471245 0.299454 0.00720132 0.20102 0.0210791
 0.9932 0.00583568 0.000545918 1.31283e-05 0.000404898
 0.989532 0.0104545 1.20469e-05 1.12696e-06 8.6295e-07
 0.0235465 0.971899 0.00454803 5.24077e-06 8.65677e-07
 0.0302397 0.053195 0.912291 0.00426909 5.73193e-06
 0.850826 0.00927531 0.00767399 0.131608 0.000616692
 0.258277 0.691285 0.00313609 0.00259466 0.0447068
 0.938646 0.0293515 0.0298261 0.000135309 0.00204086
 0.670298 0.319806 0.0047344 0.00481096 0.000351017
 0.531962 0.387852 0.0777793 0.00115145 0.00125543
 0.646807 0.258202 0.0787169 0.0157858 0.00048849
 0.848342 0.127406 0.0177292 0.00540502 0.00111746
 0.80594 0.179964 0.0118417 0.00164783 0.000606229
 0.557779 0.400953 0.0382709 0.00251824 0.000479346
 0.582726 0.304596 0.102162 0.0097514 0.000763781
 0.821063 0.135432 0.0317572 0.0106514 0.00109631
 0.152802 0.77274 0.0563549 0.0132145 0.00488836
 0.746175 0.072559 0.165335 0.0120576 0.00387327
 0.704766 0.255683 0.0113063 0.0257628 0.00248238
 0.0257119 0.819489 0.134061 0.00592816 0.0148096
 0.717889 0.0149489 0.224714 0.0367612 0.00568655
 0.470567 0.447004 0.00436787 0.0656582 0.0124026
 0.144513 0.558979 0.250344 0.00244621 0.0437178
 0.767711 0.0612912 0.111731 0.0500395 0.0092274
 0.71532 0.249895 0.00917823 0.0167314 0.0088751
 0.0707636 0.781046 0.130083 0.00477775 0.0133295
 0.0845615 0.124517 0.664788 0.110721 0.015412
 0.825654 0.0287741 0.0198006 0.105714 0.0200575
pobs_PELACES
 0 0 0 0 0
 0 0 0 0 0
 0 0 0 0 0
 0 0 0 0 0
 0 0 0 0 0
 0 0 0 0 0
 0 0 0 0 0
 0 0 0 0 0
 0 0 0 0 0
 0 0 0 0 0
 0 0 0 0 0
 0 0 0 0 0
 0 0 0 0 0
 0 0 0 0 0
 0 0 0 0 0
 0 0 0 0 0
 0.505614 0.472636 0.0217494 0 0
 0 0 0 0 0
 0.443492 0.261883 0.143347 0.151278 0
 0.227955 0.32914 0.350689 0.0885471 0.00366901
 0.970185 0.0296113 0.000203453 0 0
 0.997202 0.00247181 0.000326279 0 0
 0.445219 0.490057 0.0546422 0.010081 0
 0.90214 0.0892962 0.00764917 0.000914606 0
 0 0 0 0 0
 0.581667 0.319106 0.0959925 0.00289975 0.000334073
 0.762889 0.0836404 0.116647 0.0363945 0.000428098
 0.88444 0.0763242 0.0277011 0.0115352 0
 0.521256 0.241999 0.230069 0.00667565 0
 0.616807 0.101726 0.260614 0.0208532 0
 0.833518 0.0704572 0.0857862 0.0102388 0
ppred_PELACES
 0.822183 0.112402 0.0413504 0.015212 0.00885301
 0.0153729 0.891178 0.0590713 0.0217311 0.012647
 0.385153 0.0193096 0.539016 0.0357284 0.0207931
 0.666377 0.188943 0.00454375 0.126836 0.0133001
 0.996322 0.00315643 0.000295279 7.10091e-06 0.000219003
 0.990329 0.00965848 1.11296e-05 1.04116e-06 7.97247e-07
 0.0265256 0.968934 0.00453415 5.22478e-06 8.63036e-07
 0.0314466 0.0531288 0.911155 0.00426377 5.72479e-06
 0.865559 0.00835921 0.00691604 0.11861 0.000555782
 0.294584 0.657447 0.00298258 0.00246766 0.0425184
 0.94069 0.028374 0.0288328 0.000130803 0.00197289
 0.695107 0.295741 0.00437816 0.00444895 0.000324604
 0.561197 0.363625 0.0729208 0.00107952 0.00117701
 0.699118 0.21996 0.0670581 0.0134477 0.00041614
 0.859221 0.118267 0.0164575 0.00501733 0.0010373
 0.821611 0.165432 0.0108854 0.00151477 0.000557274
 0.569006 0.390773 0.0372993 0.0024543 0.000467176
 0.600025 0.291969 0.097927 0.00934713 0.000732117
 0.83268 0.126639 0.0296953 0.00995988 0.00102513
 0.161908 0.764434 0.0557491 0.0130725 0.00483582
 0.757851 0.0692214 0.15773 0.011503 0.00369511
 0.718752 0.24357 0.0107706 0.0245422 0.00236478
 0.0266952 0.818662 0.133926 0.00592218 0.0147947
 0.726295 0.0145035 0.218018 0.0356658 0.00551711
 0.480239 0.438839 0.00428808 0.0644587 0.012176
 0.149406 0.555782 0.248912 0.00243222 0.0434677
 0.777369 0.058743 0.107085 0.0479591 0.00884377
 0.721677 0.244315 0.00897328 0.0163578 0.00867692
 0.0722145 0.779826 0.12988 0.00477029 0.0133087
 0.0880789 0.124039 0.662234 0.110295 0.0153528
 0.835944 0.0270759 0.018632 0.0994748 0.0188737
pobs_pel_tallas
 0 0 0 0 0 0 0 0 0 0 0 0 0 0 0 0 0 0 0 0 0 0 0 0 0 0
 0 0 0 0 0 0 0 0 0 0 0 0 0 0 0 0 0 0 0 0 0 0 0 0 0 0
 0 0 0 0 0 0 0 0 0 0 0 0 0 0 0 0 0 0 0 0 0 0 0 0 0 0
 0 0 0 0 0 0 0 0 0 0 0 0 0 0 0 0 0 0 0 0 0 0 0 0 0 0
 0 0 0 0 0 0 0 0 0 0 0 0 0 0 0 0 0 0 0 0 0 0 0 0 0 0
 0 0 0 0 0 0 0 0 0 0 0 0 0 0 0 0 0 0 0 0 0 0 0 0 0 0
 0 0 0 0 0 0 0 0 0 0 0 0 0 0 0 0 0 0 0 0 0 0 0 0 0 0
 0 0 0 0 0 0 0 0 0 0 0 0 0 0 0 0 0 0 0 0 0 0 0 0 0 0
 0 0 0 0 0 0 0 0 0 0 0 0 0 0 0 0 0 0 0 0 0 0 0 0 0 0
 0 0 0 0 0 0 0 0 0 0 0 0 0 0 0 0 0 0 0 0 0 0 0 0 0 0
 0 0 0 0 0 0 0 0 0 0 0 0 0 0 0 0 0 0 0 0 0 0 0 0 0 0
 0 0 0 0 0 0 0 0 0 0 0 0 0 0 0 0 0 0 0 0 0 0 0 0 0 0
 0.00862536 0 0 0.000197151 0.00414017 0.0128641 0.00837892 0.0270097 0.101434 0.158115 0.152841 0.127902 0.109271 0.109419 0.0830992 0.0579132 0.0238553 0.00714673 0.00463305 0.00128148 0.00103504 0.000492878 0.000147863 0.000147863 4.92878e-05 0
 0 0 0 0 0 0 0 0 0 0 0 0 0 0 0 0 0 0 0 0 0 0 0 0 0 0
 0 0 0 0 0 0 0 0.0054083 0.00873648 0.0413646 0.0450493 0.0745869 0.0622846 0.0627006 0.0613931 0.0827291 0.12552 0.122667 0.0946155 0.0697135 0.0546179 0.0294188 0.0215738 0.0213955 0.0102223 0.00600262
 0 0 0 0 0.00359764 0.0251062 0.0480494 0.140153 0.205849 0.193036 0.1447 0.116669 0.0760912 0.0342217 0.00950174 0.001854 0.000860785 0 0 0 0.000165536 0 0.000143464 0 0 0
 0 0 0 0 0 0 0 0.000145254 0.000435761 0.0275982 0.070085 0.0708112 0.156366 0.174668 0.174014 0.160142 0.0824315 0.0480064 0.0283245 0.00493863 0.00203355 0 0 0 0 0
 0 0 0 0 0 0 0 0 0 0 0 0 0 0 0 0 0 0 0 0 0 0 0 0 0 0
 0 0 1.00437e-05 0.000401748 0.00122533 0.00171747 0.00176769 0.0269171 0.070346 0.194647 0.189555 0.159765 0.064822 0.0314167 0.0384472 0.0292271 0.0345202 0.0313363 0.0194345 0.0106764 0.0143323 0.0359363 0.0279516 0.0138201 0.00172751 0
 0 0.0021121 0.0136068 0.0755702 0.200478 0.177729 0.0527432 0.0373336 0.0318909 0.0142505 0.0149659 0.0166563 0.0217959 0.0798694 0.0677717 0.0528807 0.04013 0.0224614 0.0357745 0.0225083 0.00881397 0.00855152 0.00135912 0.000746735 0 0
 0 0 0 0 5.4009e-05 0.00500934 0.000945158 0.0243581 0.138947 0.33067 0.221406 0.137944 0.0707744 0.0437923 0.0131692 0.00525238 0.0047753 0.00276346 9.45158e-05 9.00151e-06 2.25038e-05 9.00151e-06 4.50075e-06 0 0 0
 0.000866109 0.00284123 0.00948549 0.0512746 0.133035 0.25785 0.225252 0.132002 0.0553304 0.0519788 0.0540692 0.017754 0.00435017 0.00159236 0.00146478 0.000404838 0.000125132 0.000115318 0.000107957 0.000100596 0 0 0 0 0 0
 0 0 0 0 0.00144013 0.00171154 0.00461396 0.0210425 0.0478622 0.0707936 0.0888783 0.103762 0.0637923 0.0337046 0.0602308 0.124433 0.169614 0.0934646 0.0462172 0.0250306 0.0313229 0.00938855 0.002487 0.000210481 0 0
 0 0.00764035 0.051015 0.0998891 0.058973 0.0496711 0.0374665 0.0718981 0.12319 0.153886 0.159021 0.0857701 0.0377988 0.023471 0.0147837 0.00900784 0.00315554 0.000888139 0.00291439 0.00214683 0.00393193 0.00274676 0.000635225 9.99891e-05 0 0
 0 0 0 0 0 0 0 0 0 0 0 0 0 0 0 0 0 0 0 0 0 0 0 0 0 0
 0 0 0 0 0 0 0 0 0 0 0 0 0 0 0 0 0 0 0 0 0 0 0 0 0 0
 0 0 0 0 0 0 0 0 0 0 0 0 0 0 0 0 0 0 0 0 0 0 0 0 0 0
 0 0 0 0 0 0 0 0 0 0 0 0 0 0 0 0 0 0 0 0 0 0 0 0 0 0
 0 0 0 0 0 0 0 0 0 0 0 0 0 0 0 0 0 0 0 0 0 0 0 0 0 0
 0 0 0 0 0 0 0 0 0 0 0 0 0 0 0 0 0 0 0 0 0 0 0 0 0 0
 0 0 0 0 0 0 0 0 0 0 0 0 0 0 0 0 0 0 0 0 0 0 0 0 0 0
ppred_pel_tallas
 1.04246e-16 6.77221e-05 0.000658283 0.00437452 0.019886 0.0618726 0.131827 0.192407 0.192418 0.13188 0.0620513 0.0204027 0.00567375 0.00350203 0.00549082 0.00902936 0.013141 0.016825 0.0191108 0.0195609 0.0185141 0.0168088 0.0152173 0.0140423 0.0131223 0.0121171
 1.06253e-16 1.26643e-06 1.23102e-05 8.181e-05 0.000371949 0.00115773 0.00246984 0.00362279 0.00370858 0.00288898 0.00256478 0.00443464 0.0102747 0.0222466 0.0421793 0.0696012 0.0999657 0.12509 0.136636 0.130778 0.110526 0.0837695 0.0586591 0.0398892 0.0280032 0.0210667
 1.22662e-16 3.17245e-05 0.000308374 0.00204925 0.0093156 0.0289843 0.0617542 0.0901326 0.0901353 0.0617678 0.0290325 0.00946547 0.00246606 0.00135261 0.00240827 0.00495627 0.00952269 0.0169443 0.0279279 0.0425512 0.0597243 0.0769532 0.0907743 0.0978887 0.0964939 0.0870593
 1.15151e-16 5.48886e-05 0.000533537 0.00354554 0.0161175 0.0501477 0.106846 0.155948 0.155966 0.106935 0.0504468 0.0169816 0.00571569 0.00527594 0.00907869 0.014975 0.021714 0.0276754 0.0313216 0.0321235 0.030965 0.0295868 0.0294567 0.0309101 0.0330932 0.0345861
 1.00048e-16 8.20657e-05 0.000797708 0.00530105 0.0240978 0.0749772 0.159747 0.233155 0.233156 0.159748 0.0749822 0.0241122 0.00533719 0.000876557 0.000231712 0.000252904 0.000355697 0.000445777 0.000488936 0.000471624 0.000404617 0.000315738 0.000233457 0.00017375 0.000137713 0.000117624
 1.00004e-16 8.15721e-05 0.000792909 0.00526916 0.0239528 0.0745262 0.158786 0.231753 0.231754 0.158791 0.0745414 0.0239968 0.00537938 0.00103315 0.000536773 0.000755489 0.00107379 0.00133624 0.00144593 0.00136029 0.00111272 0.000791598 0.000490025 0.000264266 0.000124516 5.16298e-05
 1.0038e-16 2.18508e-06 2.12398e-05 0.000141151 0.000641708 0.00199709 0.00425846 0.00623487 0.00632805 0.00471361 0.00352474 0.00505127 0.0111991 0.0241256 0.0456767 0.0752363 0.107739 0.134135 0.145203 0.136698 0.11196 0.0798409 0.0496565 0.0270326 0.0129841 0.00559786
 1.26737e-16 2.59023e-06 2.51779e-05 0.000167316 0.0007606 0.00236654 0.00504241 0.00736088 0.0073674 0.0050749 0.00247966 0.00110503 0.00109854 0.00227803 0.00492353 0.0098041 0.0179905 0.0306351 0.0485774 0.0716603 0.097933 0.123299 0.142245 0.149732 0.143386 0.124685
 1.12191e-16 7.1295e-05 0.000693013 0.00460531 0.0209351 0.0651368 0.138781 0.202555 0.202556 0.138785 0.0651511 0.0209772 0.00471422 0.000941783 0.000578305 0.000940678 0.00159645 0.00258014 0.00403973 0.00619107 0.00924266 0.0132453 0.0179311 0.0226525 0.0265025 0.0285969
 1.07697e-16 2.42646e-05 0.000235861 0.00156738 0.00712513 0.0221693 0.0472363 0.068956 0.0690192 0.0475452 0.023206 0.0101179 0.00907302 0.0165991 0.0310381 0.051111 0.07325 0.0913437 0.0992101 0.09407 0.078301 0.0579871 0.0394424 0.02634 0.0190755 0.0159565
 1.01187e-16 7.74834e-05 0.000753166 0.00500505 0.0227522 0.0707907 0.150827 0.220137 0.22014 0.150841 0.0708363 0.0228846 0.00533921 0.0014887 0.0014921 0.0023901 0.00354222 0.00467563 0.00556132 0.00608158 0.00627193 0.0062508 0.00610116 0.00581321 0.00532737 0.00462006
 1.00704e-16 5.72551e-05 0.00055654 0.00369841 0.0168124 0.0523099 0.111453 0.162674 0.162703 0.111592 0.0527763 0.0181588 0.00707506 0.00791812 0.0140098 0.022996 0.032947 0.0410666 0.0445503 0.0421123 0.0347737 0.0252217 0.0162687 0.0095887 0.00544809 0.00323252
 1.02505e-16 4.62252e-05 0.000449325 0.00298592 0.0135736 0.0422327 0.0899825 0.131339 0.131375 0.0901539 0.0428083 0.0152365 0.00716134 0.0095685 0.0173772 0.0286852 0.041385 0.0521752 0.0577012 0.0563795 0.0493016 0.0394328 0.0297966 0.0220784 0.0164557 0.0123185
 1.03411e-16 5.75855e-05 0.000559751 0.00371975 0.0169094 0.0526116 0.112095 0.163611 0.163632 0.112199 0.0529607 0.0179183 0.00625484 0.00610303 0.0106121 0.0175226 0.0253991 0.0322786 0.0361872 0.036195 0.0329286 0.0280666 0.0232538 0.0193059 0.0161753 0.013442
 1.01184e-16 7.07729e-05 0.000687938 0.00457159 0.0207818 0.0646599 0.137765 0.201075 0.201086 0.137821 0.0648469 0.021322 0.0059275 0.00364793 0.00569239 0.00929885 0.013389 0.0168382 0.0185512 0.0180235 0.0156367 0.012393 0.00931197 0.00695633 0.00536359 0.00428225
 1.00603e-16 6.7675e-05 0.000657826 0.00437148 0.0198721 0.0618297 0.131735 0.192275 0.192291 0.131813 0.0620908 0.0206262 0.00626325 0.00478414 0.0078942 0.012917 0.0185382 0.0231795 0.0252812 0.0241233 0.0202566 0.0151423 0.0103005 0.00662246 0.00423989 0.00282796
 1.01502e-16 4.68683e-05 0.000455577 0.00302747 0.0137625 0.0428204 0.0912347 0.133168 0.133205 0.0914185 0.0434376 0.0155449 0.00750007 0.0102139 0.0185636 0.0305726 0.0439347 0.0550309 0.0601971 0.0577296 0.0488979 0.037094 0.0258349 0.017167 0.0113849 0.00775759
 1.03962e-16 4.94233e-05 0.000480412 0.00319251 0.0145127 0.0451546 0.0962076 0.140424 0.140452 0.0963456 0.0456181 0.0158526 0.00655992 0.00784512 0.0140761 0.0232955 0.0337915 0.0429853 0.048256 0.0483524 0.0440718 0.0375972 0.0310748 0.0255814 0.0210935 0.0171304
 1.02062e-16 6.85868e-05 0.000666688 0.00443038 0.0201399 0.0626627 0.13351 0.194864 0.194876 0.13357 0.0628633 0.0207198 0.005887 0.00384983 0.00612375 0.010041 0.0145186 0.0183856 0.0204958 0.0203197 0.0182444 0.0152829 0.0124352 0.0102084 0.00857692 0.00725964
 1.03934e-16 1.33363e-05 0.000129634 0.000861467 0.00391615 0.012185 0.0259641 0.0379108 0.0379844 0.0263237 0.013392 0.00740136 0.00960565 0.0192044 0.0361989 0.0597158 0.0857698 0.107328 0.117223 0.11215 0.0946533 0.0714645 0.0495553 0.0329721 0.0222486 0.0158288
 1.06349e-16 6.24232e-05 0.000606776 0.00403224 0.01833 0.0570314 0.121512 0.177351 0.177358 0.121545 0.0571457 0.0186631 0.00487957 0.0024934 0.0037534 0.00638743 0.00984897 0.013745 0.0176718 0.02137 0.0247365 0.0276192 0.0296153 0.0301318 0.0287163 0.0253933
 1.03235e-16 5.92027e-05 0.000575472 0.00382421 0.0173843 0.0540892 0.115244 0.168206 0.16823 0.115358 0.0544738 0.0184946 0.0066098 0.006652 0.011587 0.0190303 0.0273374 0.0342388 0.0374767 0.0360417 0.0307973 0.0239258 0.0176428 0.0131637 0.0105179 0.00903963
 1.07172e-16 2.19902e-06 2.13753e-05 0.00014205 0.000645789 0.00200971 0.00428482 0.00627037 0.0063493 0.00467049 0.00330474 0.00438652 0.00953274 0.0205244 0.0389496 0.064409 0.0928285 0.116819 0.128817 0.125291 0.108805 0.0862094 0.0645018 0.0475968 0.0358692 0.0277586
 1.10806e-16 5.9824e-05 0.000581511 0.00386434 0.0175667 0.0546567 0.116452 0.169965 0.169967 0.116461 0.0546868 0.0176584 0.00411112 0.00117589 0.00135199 0.00256723 0.00468912 0.00798092 0.0126966 0.0188764 0.0261302 0.0335066 0.0396153 0.0430529 0.0429562 0.0393708
 1.08761e-16 3.95567e-05 0.000384505 0.00255518 0.0116155 0.0361403 0.0770023 0.112396 0.112438 0.0772086 0.0368328 0.0136149 0.00757088 0.0113242 0.0207891 0.0342397 0.0491764 0.0615714 0.0673899 0.064873 0.0556649 0.0437896 0.0332867 0.026298 0.0227129 0.0210856
 1.14926e-16 1.23065e-05 0.000119624 0.000794943 0.00361373 0.0112439 0.0239584 0.0349792 0.0350331 0.0242216 0.0121283 0.00617155 0.00722815 0.0142054 0.0268869 0.0447509 0.0652112 0.0835614 0.0949508 0.0970662 0.0913574 0.0817421 0.0719304 0.0635624 0.0562725 0.0489974
 1.09412e-16 6.40309e-05 0.000622403 0.00413609 0.018802 0.0585002 0.124641 0.181918 0.181924 0.12467 0.0585966 0.0190829 0.00484948 0.00220793 0.00315859 0.00534038 0.00820663 0.0114231 0.0146878 0.0178726 0.0210296 0.0241777 0.0270536 0.0290826 0.0296263 0.0283259
 1.03431e-16 5.94436e-05 0.000577813 0.00383977 0.0174551 0.0543093 0.115713 0.168891 0.168914 0.115827 0.0546949 0.0185684 0.0066328 0.00666979 0.0116142 0.0190683 0.0273769 0.0342556 0.0374324 0.0358915 0.0305054 0.0234835 0.017081 0.0125537 0.00995771 0.00862696
 1.06678e-16 5.94837e-06 5.78204e-05 0.00038424 0.00174675 0.00543518 0.011583 0.0169215 0.0169967 0.0119504 0.00666884 0.00531025 0.00933015 0.0195902 0.0371108 0.0613654 0.0884487 0.111322 0.122779 0.119454 0.103779 0.0822686 0.0615737 0.0454172 0.0341619 0.0263388
 1.32802e-16 7.25497e-06 7.05209e-05 0.000468637 0.00213036 0.00662842 0.014123 0.0206157 0.0206287 0.014187 0.0068462 0.00277266 0.00213103 0.00386569 0.00770248 0.0139963 0.0231365 0.0353157 0.0505555 0.0686291 0.088628 0.108392 0.124466 0.133045 0.131587 0.120071
 1.13715e-16 6.88556e-05 0.000669301 0.00444774 0.0202188 0.0629081 0.134033 0.195625 0.195628 0.134046 0.0629523 0.0203472 0.00477362 0.00139323 0.00148266 0.00245077 0.0037973 0.00539902 0.00723814 0.00945052 0.0122961 0.0159706 0.0203573 0.0248986 0.0287023 0.030847
pSPR Fmed_Fpbrs
0.508477   0.285572 0.285572
Fs Fmed_Fpbrs
0.469851   1.005 1.005
SSBpbr Bo_Bmed_Bpbrs
1.65488e+06  758721  389843 389843
Ro
78367.9
SPR SPRFo_SPRFmed_SPRFpbrs
560168 284832 159969
Fref
1.005
Nvult_r0
 140671 2966.45 2041.34 10898.5 2067.82
CTP_r0
 25543.3 911.753 627.414 3349.71 635.553
YTP_r0
390960
Np
 179396 58771.3 916.559 630.721 4162.21
Nvult_p0
 139467 50857.1 793.135 545.788 3601.73
CTP_p0
 46643.8 25492 397.556 273.575 1805.35
YTP_p0
 840439
CBA_c0
525804
log_Ro
11.0892
likeval ReclasPelacesDesembMPH_pf_preclas_ppelaces_ptallas_desvR_qrecl_qpela
 43.7129 45.9633 1.13137 0.00224493 333.679 151.335 128.953 0 119.65 0 0 4.97903 0 0 0
q_reclas_q_pelaces
1 1
M
1
N
 434503 34515.7 12697.6 4671.19 2718.53
 3828.93 133379 8840.94 3252.4 1892.82
 36767.8 1128.76 31508.7 2088.53 1215.48
 9818.62 10595.5 254.802 7112.63 745.834
 41806.6 313.128 29.2926 0.704434 21.7258
 396793 2366.17 2.72658 0.255067 0.195312
 4612.32 114548 536.032 0.617679 0.102029
 1253.09 1171.7 20094.6 94.0334 0.126255
 62281.8 407.893 337.473 5787.64 27.1198
 9005.27 15871.3 72.0019 59.5712 1026.43
 115674 1910.08 1940.97 8.8054 132.811
 134438 38150.6 564.782 573.914 41.8739
 80175.6 34950 7008.81 103.758 113.129
 72051.2 20627.7 6288.68 1261.12 39.0254
 150345 12883.6 1792.82 546.569 113
 325193 42468.9 2794.47 388.865 143.061
 227015 87436.1 8345.78 549.154 104.531
 249660 72726.1 24392.5 2328.26 182.362
 792678 73932 17336.1 5814.57 598.471
 81262.6 228016 16628.9 3899.26 1442.43
 454120 24277 55318.1 4034.27 1295.93
 687028 138188 6110.65 13923.9 1341.64
 12167.6 205562 33628.1 1487.03 3714.88
 359009 3982.85 59870.5 9794.27 1515.07
 230941 116327 1136.68 17086.6 3227.61
 36815 75538.3 33830.5 330.572 5907.85
 277346 12032.6 21934.9 9823.72 1811.52
 471500 86375.4 3172.43 5783.16 3067.65
 27644.3 157698 26264.6 964.655 2691.31
 12082.7 9517.95 50815.6 8463.35 1178.08
 199442 3883.01 2672.06 14265.9 2706.72
pred_Ctot
 46152.7 6824.29 2510.51 923.567 537.494
 489.57 31270.6 2072.76 762.525 443.772
 5136.77 286.775 8005.14 530.617 308.807
 6746.61 8772.52 210.963 5888.9 617.513
 25706.7 244.965 22.9161 0.55109 16.9965
 55070.7 597.583 0.688605 0.0644179 0.0493267
 929.716 40186.9 188.056 0.2167 0.0357947
 92.147 164.02 2812.94 13.1632 0.0176737
 12463.8 142.217 117.664 2017.93 9.45566
 2519.6 7301.04 33.1219 27.4036 472.173
 7634.05 241.204 245.104 1.11194 16.7713
 25639.3 12762.3 188.932 191.987 14.0078
 15684.7 11950.8 2396.59 35.4792 38.6833
 24796.3 11124.7 3391.53 680.132 21.0467
 22541.5 3487.64 485.325 147.959 30.5896
 56747.8 13150.3 865.295 120.41 44.2983
 18747.6 13660.9 1303.93 85.7989 16.3318
 31328.2 16761.3 5621.79 536.6 42.0293
 111483 18896.3 4430.94 1486.15 152.963
 9818.26 50763.3 3702.1 868.095 321.129
 50386.5 4997.48 11387.4 830.467 266.771
 82447.5 30574.5 1352 3080.7 296.843
 855.889 27585.5 4512.74 199.553 498.52
 27336.7 576.293 8662.89 1417.17 219.221
 16342.4 15699.9 153.41 2306.08 435.61
 2621.25 10254.7 4592.66 44.8768 802.021
 27267 2214.02 4036.04 1807.58 333.321
 27287.9 9617.96 353.252 643.959 341.585
 1126.07 12503 2082.38 76.4824 213.38
 976.351 1456.83 7777.91 1295.41 180.318
 25543.3 911.753 627.414 3349.71 635.553
F
 0.181011 0.362022 0.362022 0.362022 0.362022
 0.221465 0.44293 0.44293 0.44293 0.44293
 0.244195 0.48839 0.48839 0.48839 0.48839
 2.44542 4.89085 4.89085 4.89085 4.89085
 1.87178 3.74357 3.74357 3.74357 3.74357
 0.242417 0.484833 0.484833 0.484833 0.484833
 0.370272 0.740544 0.740544 0.740544 0.740544
 0.122365 0.244729 0.244729 0.244729 0.244729
 0.367156 0.734313 0.734313 0.734313 0.734313
 0.550663 1.10133 1.10133 1.10133 1.10133
 0.109231 0.218462 0.218462 0.218462 0.218462
 0.347187 0.694373 0.694373 0.694373 0.694373
 0.357583 0.715167 0.715167 0.715167 0.715167
 0.721423 1.44285 1.44285 1.44285 1.44285
 0.264156 0.528313 0.528313 0.528313 0.528313
 0.313509 0.627017 0.627017 0.627017 0.627017
 0.138316 0.276633 0.276633 0.276633 0.276633
 0.216954 0.433909 0.433909 0.433909 0.433909
 0.246002 0.492004 0.492004 0.492004 0.492004
 0.208158 0.416316 0.416316 0.416316 0.416316
 0.189747 0.379494 0.379494 0.379494 0.379494
 0.206626 0.413251 0.413251 0.413251 0.413251
 0.116783 0.233565 0.233565 0.233565 0.233565
 0.126944 0.253887 0.253887 0.253887 0.253887
 0.11752 0.235041 0.235041 0.235041 0.235041
 0.118281 0.236563 0.236563 0.236563 0.236563
 0.166563 0.333126 0.333126 0.333126 0.333126
 0.0952408 0.190482 0.190482 0.190482 0.190482
 0.0662383 0.132477 0.132477 0.132477 0.132477
 0.135166 0.270331 0.270331 0.270331 0.270331
 0.22187 0.44374 0.44374 0.44374 0.44374
nmprior
 8.19 8.8 8.5 0
nm_flota  nm_reclas  nm_pelaces    nm_pelaL
inf 5.55461 4.86433 7.81863
cv_recla  cv_pelaces  cv_mph
0.598039 0.768737 1.4622
 ------------------------------------------------
Talla a la edad & desviaci?n 
 8 13.2811 15.8009 17.003 17.5766
 0.8 1.32811 1.58009 1.7003 1.75766
