years
 1991 1992 1993 1994 1995 1996 1997 1998 1999 2000 2001 2002 2003 2004 2005 2006 2007 2008 2009 2010 2011 2012 2013 2014 2015 2016 2017 2018 2019 2020 2021
reclasobs
 0 0 0 0 0 0 0 0 0 252601 567819 844713 477998 351125 339783 2.1784e+06 2.13404e+06 4.81314e+06 1.55562e+06 2.62356e+06 3.21686e+06 3.843e+06 1.13348e+06 3.07943e+06 1.97215e+06 2.03268e+06 2.025e+06 2.42433e+06 2.27542e+06 1.05018e+06 2.36338e+06
reclaspred
 1.30099e+06 940784 444447 191752 118629 419995 197174 65447.9 99508.5 194998 231122 395525 420361 215762 369429 718837 834026 1.37208e+06 1.87945e+06 1.29196e+06 2.04807e+06 1.93417e+06 1.64588e+06 1.70309e+06 1.52704e+06 1.37161e+06 1.47825e+06 1.64884e+06 1.69784e+06 778717 923508
pelacesobs
 0 0 0 0 0 0 0 0 0 0 0 0 0 0 0 552880 188675 0 991730 2.46772e+06 1.41603e+06 1.21717e+06 2.29649e+06 1.80582e+06 0 1.4828e+06 1.56532e+06 1.57751e+06 1.42118e+06 867257 1.10002e+06
pelacespred
 519427 406579 197084 61801.6 41248.3 176184 51146.4 25324.6 35580.9 82981 111397 153185 172357 84236.4 179357 290034 329302 611138 883447 602030 857869 895811 745211 834373 751016 628557 816627 913505 768292 404195 461945
mphobs
 0 0 0 0 0 0 0 0 0 0 0 498337 0 5186 125008 0 168611 109162 213762 579715 649985 157893 87575 83554 0 0 0 0 0 0 0
mphpred
 962871 1.01062e+06 515266 197966 104449 77170.8 336222 61191.1 26657.1 75153 164824 207933 342740 226587 103278 347462 727027 560721 1.23256e+06 1.47753e+06 982065 1.59432e+06 1.59691e+06 1.06853e+06 1.33955e+06 1.25798e+06 837677 1.20501e+06 1.62813e+06 951466 403601
desembarqueobs
 494567 514787 250237 358949 120608 361735 552515 73892 212993 205616 52469 317467 293654 387597 252695 516296 358380 742168 942051 627588 828172 859565 418607 520667 417249 300574 407403 355545 319650 289779 391294
desembarquepred
 494583 515163 249517 359083 120258 361719 552064 73944.7 212902 205419 52414.3 317825 293448 387088 252462 516728 358587 741771 941941 627825 830770 859164 419022 520725 416848 299896 407693 355751 319684 289761 391019
Reclutas
 289977 71673.3 35503.8 70574.1 31460 221111 25918 6743.85 42507.5 94423.6 54905.1 176043 88083.3 55147.3 128791 353033 58533.8 559488 633416 85117 512561 602979 48715.3 275137 316847 56521.1 338069 302508 47359.7 19442.5 264737
log_desv_Rt
 0.971907 -0.425776 -1.12825 -0.441231 -1.24918 0.700772 -1.44296 -2.78926 -0.948214 -0.150104 -0.692289 0.472836 -0.219611 -0.687887 0.160294 1.16867 -0.628291 1.62913 1.75323 -0.253868 1.54153 1.70399 -0.811902 0.919376 1.06053 -0.66328 1.12535 1.01421 -0.840123 -1.73043 0.880841
SSB
 962871 1.01062e+06 515266 197966 104449 77170.8 336222 61191.1 26657.1 75153 164824 207933 342740 226587 103278 347462 727027 560721 1.23256e+06 1.47753e+06 982065 1.59432e+06 1.59691e+06 1.06853e+06 1.33955e+06 1.25798e+06 837677 1.20501e+06 1.62813e+06 951466 403601
BT
 1.89188e+06 1.49274e+06 713121 515286 220022 1.07563e+06 611570 146734 347827 527504 392337 819947 788603 684097 996986 1.51217e+06 1.14926e+06 3.00691e+06 3.90164e+06 2.09226e+06 3.736e+06 3.50603e+06 2.19554e+06 3.29392e+06 2.52507e+06 1.86488e+06 3.35747e+06 3.33658e+06 2.10787e+06 1.27533e+06 2.146e+06
Ftot
 0.35479 0.50068 0.512235 1.52484 0.891837 0.788701 2.00947 0.98129 1.80742 0.945567 0.214253 0.72929 0.632988 1.47483 0.631727 0.658728 0.398009 0.501704 0.464439 0.446963 0.378678 0.412442 0.239172 0.287355 0.256727 0.206131 0.260122 0.20411 0.17789 0.345745 0.39634
BD_Bspro_t
 0.944815 0.717022 0.485567 0.296425 0.190565 0.193329 0.386095 0.0948359 0.063182 0.181897 0.371425 0.504455 0.49434 0.348814 0.207653 0.453919 0.532976 0.46117 0.589652 0.583707 0.440295 0.55821 0.592906 0.538883 0.62579 0.663549 0.625177 0.72302 0.767742 0.661286 0.502804
BD_Bspro
 1.22777 1.28866 0.657024 0.252429 0.133185 0.0984018 0.428722 0.0780259 0.033991 0.0958289 0.210171 0.265139 0.437033 0.288925 0.131692 0.443055 0.927045 0.714985 1.57166 1.88403 1.25225 2.03295 2.03625 1.36251 1.70808 1.60407 1.06814 1.53652 2.07606 1.21323 0.514638
BD_Bo
 0.604078 0.634035 0.323263 0.124198 0.0655285 0.0484148 0.210936 0.0383896 0.0167239 0.0471489 0.103406 0.130451 0.215025 0.142154 0.0647937 0.217988 0.456116 0.351781 0.773275 0.926962 0.61612 1.00023 1.00186 0.670368 0.840396 0.789218 0.525535 0.755986 1.02144 0.596923 0.253208
BD_Brms
 2.5643 2.69147 1.37225 0.527218 0.278167 0.20552 0.895419 0.162963 0.0709927 0.200146 0.438957 0.553763 0.912777 0.603441 0.275048 0.925354 1.9362 1.4933 3.28254 3.93493 2.61542 4.24597 4.25286 2.8457 3.56746 3.35022 2.23088 3.20915 4.336 2.53393 1.07486
Sel_flota
 0.5 1 1 1 1
 0.5 1 1 1 1
 0.5 1 1 1 1
 0.5 1 1 1 1
 0.5 1 1 1 1
 0.5 1 1 1 1
 0.5 1 1 1 1
 0.5 1 1 1 1
 0.5 1 1 1 1
 0.5 1 1 1 1
 0.5 1 1 1 1
 0.5 1 1 1 1
 0.5 1 1 1 1
 0.5 1 1 1 1
 0.5 1 1 1 1
 0.5 1 1 1 1
 0.5 1 1 1 1
 0.5 1 1 1 1
 0.5 1 1 1 1
 0.5 1 1 1 1
 0.5 1 1 1 1
 0.5 1 1 1 1
 0.5 1 1 1 1
 0.5 1 1 1 1
 0.5 1 1 1 1
 0.5 1 1 1 1
 0.5 1 1 1 1
 0.5 1 1 1 1
 0.5 1 1 1 1
 0.5 1 1 1 1
 0.5 1 1 1 1
Sel_reclas
 0.5 1 1 1 1
 0.5 1 1 1 1
 0.5 1 1 1 1
 0.5 1 1 1 1
 0.5 1 1 1 1
 0.5 1 1 1 1
 0.5 1 1 1 1
 0.5 1 1 1 1
 0.5 1 1 1 1
 0.5 1 1 1 1
 0.5 1 1 1 1
 0.5 1 1 1 1
 0.5 1 1 1 1
 0.5 1 1 1 1
 0.5 1 1 1 1
 0.5 1 1 1 1
 0.5 1 1 1 1
 0.5 1 1 1 1
 0.5 1 1 1 1
 0.5 1 1 1 1
 0.5 1 1 1 1
 0.5 1 1 1 1
 0.5 1 1 1 1
 0.5 1 1 1 1
 0.5 1 1 1 1
 0.5 1 1 1 1
 0.5 1 1 1 1
 0.5 1 1 1 1
 0.5 1 1 1 1
 0.5 1 1 1 1
 0.5 1 1 1 1
Sel_pelaces
 0.5 1 1 1 1
 0.5 1 1 1 1
 0.5 1 1 1 1
 0.5 1 1 1 1
 0.5 1 1 1 1
 0.5 1 1 1 1
 0.5 1 1 1 1
 0.5 1 1 1 1
 0.5 1 1 1 1
 0.5 1 1 1 1
 0.5 1 1 1 1
 0.5 1 1 1 1
 0.5 1 1 1 1
 0.5 1 1 1 1
 0.5 1 1 1 1
 0.5 1 1 1 1
 0.5 1 1 1 1
 0.5 1 1 1 1
 0.5 1 1 1 1
 0.5 1 1 1 1
 0.5 1 1 1 1
 0.5 1 1 1 1
 0.5 1 1 1 1
 0.5 1 1 1 1
 0.5 1 1 1 1
 0.5 1 1 1 1
 0.5 1 1 1 1
 0.5 1 1 1 1
 0.5 1 1 1 1
 0.5 1 1 1 1
 0.5 1 1 1 1
pf_obs 
 0.8446 0.082 0.0669 0.0065 0
 0.8095 0.147 0.0364 0.0071 0
 0.9664 0.0169 0.016 0.0007 0
 0.9276 0.0648 0.0075 0.0001 0
 0.7033 0.2144 0.0806 0.0017 0
 0.9318 0.0425 0.0243 0.0014 0
 0.5671 0.3108 0.0964 0.0239 0.0018
 0.0768 0.2599 0.5324 0.112 0.0189
 0.490249 0.384438 0.106611 0.0170017 0.00170017
 0.7925 0.1577 0.0466 0.003 0.0002
 0.840416 0.127587 0.0312969 0.00059994 9.999e-05
 0.8084 0.0986 0.0794 0.0134 0.0002
 0.7335 0.1905 0.0724 0.0035 0.0001
 0.4001 0.4547 0.1325 0.0127 0
 0.49795 0.308269 0.164784 0.0264974 0.00249975
 0.9179 0.0499 0.0305 0.0017 0
 0.2467 0.6533 0.0926 0.0074 0
 0.9418 0.0223 0.034 0.0019 0
 0.707729 0.231977 0.0356964 0.0245975 0
 0.517169 0.277429 0.184464 0.0207286 0.00020938
 0.811772 0.124168 0.05621 0.00726502 0.000585176
 0.764997 0.148141 0.077277 0.00933861 0.000247198
 0.163321 0.427699 0.378323 0.0303852 0.000271297
 0.753843 0.0900009 0.118128 0.0371064 0.000921714
 0.721811 0.176058 0.0630433 0.0369309 0.00215725
 0.143369 0.312575 0.442814 0.0836902 0.0175525
 0.692698 0.0596174 0.167031 0.0765114 0.00414204
 0.394062 0.376323 0.152708 0.0712218 0.00568511
 0.125707 0.32114 0.495352 0.0537591 0.00404204
 0.23352 0.215282 0.420074 0.123614 0.00750983
 0.774587 0.0839891 0.0768558 0.0609784 0.00358967
pf_pred 
 0.670523 0.208269 0.076618 0.0281862 0.0164037
 0.265891 0.601348 0.0839207 0.0308727 0.0179672
 0.304215 0.318491 0.309062 0.0431309 0.0251012
 0.69481 0.154314 0.0690624 0.0670179 0.0147956
 0.574655 0.375688 0.0251083 0.0112371 0.0133118
 0.931091 0.0538742 0.01328 0.000887539 0.000867765
 0.238875 0.73975 0.0167114 0.00411937 0.000544485
 0.390996 0.338895 0.262523 0.00593056 0.00165511
 0.922523 0.0493632 0.0156447 0.0121191 0.000350184
 0.896449 0.101251 0.00146549 0.00046446 0.000370186
 0.559469 0.422466 0.0176636 0.000255661 0.000145607
 0.802475 0.144241 0.0510988 0.00213647 4.85349e-05
 0.501561 0.453941 0.0324945 0.0115115 0.000492236
 0.515164 0.344213 0.128069 0.00916758 0.00338658
 0.853142 0.113976 0.0233444 0.00868557 0.000851416
 0.843938 0.145744 0.00800759 0.0016401 0.000670038
 0.239602 0.707097 0.0497777 0.00273493 0.000789009
 0.878952 0.0502958 0.065793 0.00463164 0.000327891
 0.671548 0.310132 0.00761197 0.00995737 0.000750595
 0.171796 0.683171 0.136944 0.00336119 0.00472828
 0.780389 0.0707474 0.122795 0.0246146 0.00145402
 0.650596 0.310444 0.0125509 0.0217843 0.00462468
 0.102737 0.725368 0.152728 0.00617461 0.0129923
 0.64399 0.0702692 0.231 0.0486375 0.00610387
 0.602852 0.316801 0.0158589 0.0521339 0.0123545
 0.18049 0.627934 0.152818 0.00764999 0.0311077
 0.751789 0.0791644 0.129529 0.0315229 0.00799485
 0.556029 0.385143 0.0187624 0.030699 0.00936591
 0.15082 0.617249 0.201199 0.0098015 0.02093
 0.151083 0.231269 0.448954 0.146342 0.0223524
 0.870735 0.0366018 0.025244 0.0490052 0.0184137
pobs_RECLAS
 0 0 0 0 0
 0 0 0 0 0
 0 0 0 0 0
 0 0 0 0 0
 0 0 0 0 0
 0 0 0 0 0
 0 0 0 0 0
 0 0 0 0 0
 0 0 0 0 0
 0 0 0 0 0
 0.991045 0.00858322 0.000360255 1.14367e-05 0
 0.934742 0.0480273 0.0164251 0.00080598 0
 0.827803 0.169806 0.00239088 0 0
 0.941827 0.0461693 0.0120037 0 0
 0.791401 0.0380133 0.147996 0.0225897 0
 0.846168 0.0940531 0.0597789 0 0
 0.134021 0.677848 0.182769 0.00536245 0
 0.80878 0.0450904 0.141981 0.00414843 0
 0.846168 0.0940531 0.0597789 0 0
 0.905697 0.0802665 0.012482 0.00150086 5.37128e-05
 0.989698 0.0102097 9.19794e-05 0 0
 0.975433 0.0193895 0.00387452 0.00125025 5.28907e-05
 0.303575 0.632131 0.0575291 0.00676475 0
 0.966965 0.00978017 0.0227588 0.000495775 0
 0.843318 0.132988 0.00938335 0.0141283 0.000182051
 0.564624 0.303363 0.111486 0.0197234 0.00080311
 0.826376 0.0876187 0.0782897 0.00655872 0.00115652
 0.89761 0.0855135 0.0140674 0.00269457 0.000114338
 0.34875 0.467042 0.161289 0.0227151 0.000203297
 0.318654 0.224769 0.449479 0.00709798 0
 0.937255 0.0296025 0.0250945 0.00804832 0
ppred_RECLAS
 0.674538 0.205731 0.0756843 0.0278427 0.0162038
 0.271357 0.596871 0.0832958 0.0306428 0.0178334
 0.310309 0.315701 0.306355 0.0427531 0.0248813
 0.720966 0.141089 0.0631435 0.0612741 0.0135276
 0.589075 0.362951 0.024257 0.0108561 0.0128605
 0.934242 0.0514103 0.0126727 0.000846949 0.000828079
 0.275151 0.704493 0.015915 0.00392304 0.000518534
 0.407205 0.329875 0.255536 0.00577271 0.00161106
 0.933369 0.042453 0.0134547 0.0104225 0.000301163
 0.902261 0.0955679 0.00138324 0.000438392 0.00034941
 0.561966 0.420072 0.0175634 0.000254212 0.000144782
 0.809544 0.139079 0.0492702 0.00206002 4.6798e-05
 0.510944 0.445395 0.0318828 0.0112948 0.00048297
 0.545184 0.3229 0.120139 0.00859994 0.00317689
 0.857772 0.110383 0.0226084 0.00841176 0.000824576
 0.849076 0.140946 0.00774399 0.00158611 0.00064798
 0.243439 0.703528 0.0495264 0.00272113 0.000785027
 0.881888 0.0490757 0.0641968 0.00451928 0.000319936
 0.677111 0.30488 0.00748306 0.00978874 0.000737884
 0.175259 0.680314 0.136371 0.00334713 0.0047085
 0.78375 0.0696647 0.120916 0.0242379 0.00143177
 0.655553 0.30604 0.0123728 0.0214752 0.00455907
 0.103801 0.724508 0.152547 0.00616729 0.0129769
 0.64724 0.0696277 0.228891 0.0481935 0.00604814
 0.605832 0.314424 0.0157399 0.0517427 0.0122618
 0.18193 0.626831 0.152549 0.00763656 0.0310531
 0.754143 0.0784137 0.128301 0.0312239 0.00791904
 0.558397 0.383089 0.0186623 0.0305353 0.00931597
 0.151877 0.616481 0.200949 0.00978931 0.0209039
 0.153364 0.230648 0.447747 0.145948 0.0222924
 0.873063 0.0359427 0.0247894 0.0481227 0.0180821
pobs_PELACES
 0 0 0 0 0
 0 0 0 0 0
 0 0 0 0 0
 0 0 0 0 0
 0 0 0 0 0
 0 0 0 0 0
 0 0 0 0 0
 0 0 0 0 0
 0 0 0 0 0
 0 0 0 0 0
 0 0 0 0 0
 0 0 0 0 0
 0 0 0 0 0
 0 0 0 0 0
 0 0 0 0 0
 0 0 0 0 0
 0.505614 0.472636 0.0217494 0 0
 0 0 0 0 0
 0.443492 0.261883 0.143347 0.151278 0
 0.227955 0.32914 0.350689 0.0885471 0.00366901
 0.970185 0.0296113 0.000203453 0 0
 0.997202 0.00247181 0.000326279 0 0
 0.445219 0.490057 0.0546422 0.010081 0
 0.90214 0.0892962 0.00764917 0.000914606 0
 0 0 0 0 0
 0.581667 0.319106 0.0959925 0.00289975 0.000334073
 0.762889 0.0836404 0.116647 0.0363945 0.000428098
 0.88444 0.0763242 0.0277011 0.0115352 0
 0.521256 0.241999 0.230069 0.00667565 0
 0.616807 0.101726 0.260614 0.0208532 0
 0.833518 0.0704572 0.0857862 0.0102388 0
ppred_PELACES
 0.687256 0.197692 0.0727267 0.0267547 0.0155706
 0.287996 0.583241 0.0813937 0.0299431 0.0174262
 0.328681 0.307292 0.298194 0.0416143 0.0242185
 0.768677 0.116964 0.0523468 0.050797 0.0112145
 0.624173 0.331951 0.0221852 0.00992888 0.0117621
 0.941799 0.0455021 0.0112163 0.000749616 0.000732915
 0.345906 0.635724 0.0143614 0.0035401 0.000467918
 0.446798 0.307843 0.238468 0.00538716 0.00150346
 0.949686 0.0320566 0.0101597 0.00787015 0.00022741
 0.915183 0.0829334 0.00120037 0.000380435 0.000303216
 0.570648 0.411746 0.0172153 0.000249173 0.000141912
 0.82741 0.126033 0.0446483 0.00186677 4.2408e-05
 0.536989 0.421676 0.0301849 0.0106933 0.000457249
 0.604578 0.280733 0.10445 0.00747688 0.00276202
 0.870021 0.100877 0.0206614 0.00768734 0.000753563
 0.862482 0.128426 0.0070561 0.00144522 0.000590421
 0.255737 0.692092 0.0487214 0.0026769 0.000772266
 0.890242 0.0456047 0.0596564 0.00419964 0.000297308
 0.693633 0.289279 0.00710016 0.00928785 0.000700127
 0.186176 0.671309 0.134566 0.00330283 0.00464618
 0.794152 0.0663137 0.115099 0.023072 0.0013629
 0.670753 0.292535 0.0118268 0.0205276 0.00435789
 0.107529 0.721494 0.151912 0.00614162 0.0129229
 0.657988 0.0675062 0.221916 0.046725 0.00586386
 0.615901 0.306392 0.0153379 0.0504209 0.0119486
 0.187047 0.622911 0.151595 0.00758879 0.0308589
 0.762014 0.0759034 0.124193 0.0302243 0.00766552
 0.566684 0.3759 0.0183121 0.0299623 0.00914114
 0.155696 0.613705 0.200044 0.00974522 0.0208098
 0.160919 0.228589 0.443752 0.144646 0.0220935
 0.880136 0.0339401 0.0234082 0.0454415 0.0170746
pobs_pel_tallas
 0 0 0 0 0 0 0 0 0 0 0 0 0 0 0 0 0 0 0 0 0 0 0 0 0 0
 0 0 0 0 0 0 0 0 0 0 0 0 0 0 0 0 0 0 0 0 0 0 0 0 0 0
 0 0 0 0 0 0 0 0 0 0 0 0 0 0 0 0 0 0 0 0 0 0 0 0 0 0
 0 0 0 0 0 0 0 0 0 0 0 0 0 0 0 0 0 0 0 0 0 0 0 0 0 0
 0 0 0 0 0 0 0 0 0 0 0 0 0 0 0 0 0 0 0 0 0 0 0 0 0 0
 0 0 0 0 0 0 0 0 0 0 0 0 0 0 0 0 0 0 0 0 0 0 0 0 0 0
 0 0 0 0 0 0 0 0 0 0 0 0 0 0 0 0 0 0 0 0 0 0 0 0 0 0
 0 0 0 0 0 0 0 0 0 0 0 0 0 0 0 0 0 0 0 0 0 0 0 0 0 0
 0 0 0 0 0 0 0 0 0 0 0 0 0 0 0 0 0 0 0 0 0 0 0 0 0 0
 0 0 0 0 0 0 0 0 0 0 0 0 0 0 0 0 0 0 0 0 0 0 0 0 0 0
 0 0 0 0 0 0 0 0 0 0 0 0 0 0 0 0 0 0 0 0 0 0 0 0 0 0
 0 0 0 0 0 0 0 0 0 0 0 0 0 0 0 0 0 0 0 0 0 0 0 0 0 0
 0.00862536 0 0 0.000197151 0.00414017 0.0128641 0.00837892 0.0270097 0.101434 0.158115 0.152841 0.127902 0.109271 0.109419 0.0830992 0.0579132 0.0238553 0.00714673 0.00463305 0.00128148 0.00103504 0.000492878 0.000147863 0.000147863 4.92878e-05 0
 0 0 0 0 0 0 0 0 0 0 0 0 0 0 0 0 0 0 0 0 0 0 0 0 0 0
 0 0 0 0 0 0 0 0.0054083 0.00873648 0.0413646 0.0450493 0.0745869 0.0622846 0.0627006 0.0613931 0.0827291 0.12552 0.122667 0.0946155 0.0697135 0.0546179 0.0294188 0.0215738 0.0213955 0.0102223 0.00600262
 0 0 0 0 0.00359764 0.0251062 0.0480494 0.140153 0.205849 0.193036 0.1447 0.116669 0.0760912 0.0342217 0.00950174 0.001854 0.000860785 0 0 0 0.000165536 0 0.000143464 0 0 0
 0 0 0 0 0 0 0 0.000145254 0.000435761 0.0275982 0.070085 0.0708112 0.156366 0.174668 0.174014 0.160142 0.0824315 0.0480064 0.0283245 0.00493863 0.00203355 0 0 0 0 0
 0 0 0 0 0 0 0 0 0 0 0 0 0 0 0 0 0 0 0 0 0 0 0 0 0 0
 0 0 1.00437e-05 0.000401748 0.00122533 0.00171747 0.00176769 0.0269171 0.070346 0.194647 0.189555 0.159765 0.064822 0.0314167 0.0384472 0.0292271 0.0345202 0.0313363 0.0194345 0.0106764 0.0143323 0.0359363 0.0279516 0.0138201 0.00172751 0
 0 0.0021121 0.0136068 0.0755702 0.200478 0.177729 0.0527432 0.0373336 0.0318909 0.0142505 0.0149659 0.0166563 0.0217959 0.0798694 0.0677717 0.0528807 0.04013 0.0224614 0.0357745 0.0225083 0.00881397 0.00855152 0.00135912 0.000746735 0 0
 0 0 0 0 5.4009e-05 0.00500934 0.000945158 0.0243581 0.138947 0.33067 0.221406 0.137944 0.0707744 0.0437923 0.0131692 0.00525238 0.0047753 0.00276346 9.45158e-05 9.00151e-06 2.25038e-05 9.00151e-06 4.50075e-06 0 0 0
 0.000866109 0.00284123 0.00948549 0.0512746 0.133035 0.25785 0.225252 0.132002 0.0553304 0.0519788 0.0540692 0.017754 0.00435017 0.00159236 0.00146478 0.000404838 0.000125132 0.000115318 0.000107957 0.000100596 0 0 0 0 0 0
 0 0 0 0 0.00144013 0.00171154 0.00461396 0.0210425 0.0478622 0.0707936 0.0888783 0.103762 0.0637923 0.0337046 0.0602308 0.124433 0.169614 0.0934646 0.0462172 0.0250306 0.0313229 0.00938855 0.002487 0.000210481 0 0
 0 0.00764035 0.051015 0.0998891 0.058973 0.0496711 0.0374665 0.0718981 0.12319 0.153886 0.159021 0.0857701 0.0377988 0.023471 0.0147837 0.00900784 0.00315554 0.000888139 0.00291439 0.00214683 0.00393193 0.00274676 0.000635225 9.99891e-05 0 0
 0 0 0 0 0 0 0 0 0 0 0 0 0 0 0 0 0 0 0 0 0 0 0 0 0 0
 0 0 0 0 0 0 0 0 0 0 0 0 0 0 0 0 0 0 0 0 0 0 0 0 0 0
 0 0 0 0 0 0 0 0 0 0 0 0 0 0 0 0 0 0 0 0 0 0 0 0 0 0
 0 0 0 0 0 0 0 0 0 0 0 0 0 0 0 0 0 0 0 0 0 0 0 0 0 0
 0 0 0 0 0 0 0 0 0 0 0 0 0 0 0 0 0 0 0 0 0 0 0 0 0 0
 0 0 0 0 0 0 0 0 0 0 0 0 0 0 0 0 0 0 0 0 0 0 0 0 0 0
 0 0 0 0 0 0 0 0 0 0 0 0 0 0 0 0 0 0 0 0 0 0 0 0 0 0
ppred_pel_tallas
 1.07468e-16 5.66084e-05 0.000550254 0.00365663 0.0166225 0.051719 0.110193 0.160835 0.160854 0.110287 0.0520332 0.0175313 0.00594171 0.00555181 0.00959471 0.0158764 0.0231121 0.0295917 0.033612 0.0344036 0.0325624 0.0295632 0.026764 0.0246975 0.0230794 0.0213114
 1.0845e-16 2.3722e-05 0.000230586 0.00153233 0.00696578 0.0216734 0.0461796 0.0674123 0.0674685 0.0464543 0.0225958 0.00963005 0.00822033 0.0148317 0.0277578 0.045863 0.0660948 0.0831874 0.0917895 0.0894542 0.0781004 0.062694 0.0482463 0.0374653 0.0304164 0.0257125
 1.16956e-16 2.70731e-05 0.00026316 0.00174879 0.00794978 0.0247349 0.0527014 0.0769255 0.0769555 0.0528483 0.0252293 0.0093832 0.00536667 0.00822659 0.0153436 0.0258264 0.038377 0.0507204 0.0604844 0.0664873 0.0692199 0.0700434 0.0698466 0.068375 0.064699 0.0582165
 1.08533e-16 6.3315e-05 0.000615444 0.00408984 0.0185918 0.0578462 0.123248 0.179886 0.179897 0.123303 0.0580327 0.0191316 0.00544849 0.0035944 0.00576004 0.0095276 0.0139733 0.0181266 0.0210601 0.0223978 0.0225326 0.0222963 0.0223414 0.0227296 0.0229917 0.0225145
 1.03712e-16 5.14123e-05 0.000499746 0.00332099 0.0150968 0.0469718 0.10008 0.146076 0.146108 0.100236 0.047496 0.0166102 0.0071183 0.00878363 0.0157675 0.0259431 0.0372697 0.046669 0.0510474 0.0489994 0.0416669 0.0320006 0.0230302 0.0164714 0.0124668 0.0102203
 1.00535e-16 7.75747e-05 0.000754054 0.00501096 0.0227791 0.0708742 0.151005 0.220397 0.220402 0.151027 0.0709463 0.0229874 0.00553428 0.00189759 0.0022526 0.00360959 0.00521148 0.00659295 0.00733508 0.0072423 0.00644873 0.00531603 0.00420715 0.00331556 0.00264958 0.00212684
 1.01012e-16 2.8492e-05 0.000276952 0.00184045 0.00836644 0.0260314 0.055465 0.0809656 0.0810267 0.0557637 0.0270341 0.011261 0.00910007 0.0161047 0.030029 0.0494437 0.070858 0.088338 0.0958563 0.0906365 0.0748512 0.0542512 0.0348648 0.0202954 0.0111495 0.00616165
 1.07756e-16 3.68022e-05 0.000357731 0.00237725 0.0108066 0.0336236 0.0716398 0.104567 0.104597 0.0717864 0.0341166 0.0122345 0.00597553 0.00825976 0.0151811 0.0253944 0.0373999 0.04873 0.0568134 0.0603332 0.0598067 0.0568563 0.0528639 0.0481969 0.0425035 0.0355428
 1.0113e-16 7.82244e-05 0.000760369 0.00505292 0.0229698 0.0714677 0.15227 0.222243 0.222246 0.152285 0.0715186 0.0231171 0.00542308 0.00157034 0.00162223 0.00257337 0.00373611 0.00477727 0.00541679 0.00553186 0.00522297 0.00473353 0.00428559 0.00396266 0.00371118 0.00342551
 1.00146e-16 7.53824e-05 0.000732744 0.00486934 0.0221353 0.0688712 0.146738 0.21417 0.214178 0.146777 0.069002 0.0225128 0.00581616 0.00279688 0.00398737 0.00645117 0.00923549 0.0115079 0.0124769 0.0117806 0.00970434 0.00700221 0.00446526 0.00256723 0.00138803 0.000759862
 1.00652e-16 4.70036e-05 0.000456892 0.00303621 0.0138022 0.0429439 0.0914981 0.133552 0.133592 0.0916916 0.0435936 0.0156777 0.00774074 0.0107157 0.019497 0.0320705 0.0459878 0.057394 0.0623912 0.059177 0.0491362 0.0359532 0.0234854 0.0140322 0.00798188 0.00454554
 1.01516e-16 6.81527e-05 0.000662468 0.00440234 0.0200124 0.062266 0.132665 0.193631 0.193643 0.132724 0.0624662 0.020591 0.00585656 0.00384332 0.00612741 0.0100691 0.0146069 0.0185912 0.0208868 0.0209486 0.0191108 0.0163032 0.013442 0.010991 0.00895193 0.00713983
 1.02129e-16 4.42312e-05 0.000429943 0.00285712 0.0129881 0.040411 0.0861013 0.125676 0.125717 0.0862997 0.0410768 0.0149106 0.00768057 0.0109519 0.020005 0.0329436 0.0473146 0.0592101 0.0646767 0.0618924 0.0522637 0.039502 0.0274481 0.0183251 0.0124169 0.00885791
 1.04304e-16 4.97983e-05 0.000484058 0.00321673 0.0146228 0.0454972 0.0969375 0.141489 0.141516 0.0970703 0.0459432 0.0159123 0.00645819 0.00757578 0.0135638 0.0224628 0.0326266 0.0415926 0.0468562 0.0472169 0.0434194 0.0375148 0.0315025 0.0263598 0.022035 0.018077
 1.01521e-16 7.16625e-05 0.000696585 0.00462905 0.021043 0.0654726 0.139497 0.203602 0.203611 0.139544 0.0656324 0.0215046 0.00578826 0.00322904 0.00488686 0.00798036 0.0115241 0.014566 0.0161871 0.0159646 0.0142133 0.0117551 0.00940694 0.00759185 0.0062995 0.00530313
 1.00482e-16 7.10416e-05 0.000690549 0.00458894 0.0208607 0.0649054 0.138288 0.201838 0.201851 0.138349 0.0651081 0.0214459 0.00605707 0.00389252 0.00614344 0.010021 0.0143747 0.0179628 0.0195719 0.018644 0.0156105 0.0116134 0.00784101 0.00499156 0.00316786 0.00211191
 1.01983e-16 2.10649e-05 0.000204758 0.00136069 0.00618556 0.0192459 0.0410079 0.0598662 0.0599329 0.0413334 0.0203386 0.00934044 0.0092757 0.0174694 0.0327685 0.0540309 0.077574 0.0970042 0.105807 0.100961 0.0847509 0.0632727 0.0428735 0.0272885 0.0170978 0.0109889
 1.02205e-16 7.33281e-05 0.000712775 0.00473664 0.0215321 0.0669943 0.142739 0.208332 0.208337 0.142761 0.0670682 0.0217464 0.00527869 0.00190922 0.00238404 0.00392527 0.00587961 0.00787577 0.00957092 0.0107789 0.0115249 0.0119273 0.0120214 0.0117007 0.0108226 0.00936897
 1.01329e-16 5.71337e-05 0.00055536 0.00369056 0.0167768 0.0521989 0.111216 0.162329 0.162357 0.111352 0.0526553 0.0180942 0.00699491 0.00776043 0.0137164 0.0225218 0.0322895 0.0402956 0.0438108 0.041589 0.0346312 0.0255528 0.0170735 0.0107861 0.0069038 0.00479096
 1.05173e-16 1.53352e-05 0.000149064 0.000990584 0.00450309 0.0140111 0.0298546 0.0435872 0.043652 0.030171 0.0150738 0.00757314 0.00869929 0.0169852 0.0320131 0.0529579 0.0764165 0.0963537 0.106587 0.104203 0.0912233 0.0731285 0.0554969 0.0414255 0.0312166 0.0237122
 1.05883e-16 6.54133e-05 0.00063584 0.00422538 0.019208 0.0597632 0.127332 0.185846 0.185853 0.127364 0.0598716 0.0195234 0.0050253 0.00240951 0.0035145 0.00591728 0.00900989 0.0123599 0.0155462 0.0183381 0.0207359 0.0227718 0.0242668 0.0248037 0.0239668 0.0216464
 1.03213e-16 5.52491e-05 0.000537041 0.00356883 0.0162234 0.0504771 0.107548 0.156975 0.157003 0.107685 0.0509388 0.0175565 0.00691326 0.00783173 0.0138912 0.0228316 0.0327799 0.0410107 0.0447976 0.0429127 0.0363849 0.027843 0.019978 0.0143008 0.0109074 0.00904862
 1.07372e-16 8.85721e-06 8.60953e-05 0.000572137 0.00260089 0.00809272 0.017245 0.0251841 0.0252537 0.0175851 0.00923514 0.00590147 0.00886038 0.0181904 0.034424 0.0569773 0.0822633 0.103827 0.115053 0.112833 0.0993477 0.0804655 0.0621264 0.0475778 0.0370544 0.0292355
 1.121e-16 5.41977e-05 0.00052682 0.00350091 0.0159146 0.0495163 0.1055 0.153982 0.153989 0.105534 0.0496303 0.0162482 0.00435493 0.00244669 0.0038635 0.00672824 0.0106856 0.0155299 0.0210377 0.0270412 0.0333438 0.0394612 0.0444601 0.0471617 0.046663 0.0428269
 1.076e-16 5.0731e-05 0.000493123 0.00327698 0.0148967 0.0463493 0.0987532 0.144139 0.144169 0.0988973 0.0468333 0.0162942 0.00678397 0.00814583 0.0145765 0.0239998 0.0345351 0.0433849 0.0477647 0.0464666 0.0406271 0.0330003 0.0263109 0.021942 0.0197206 0.0185886
 1.10518e-16 1.54069e-05 0.000149761 0.000995216 0.00452415 0.0140766 0.0299939 0.0437896 0.0438498 0.0302878 0.0150637 0.00737642 0.00815954 0.0158052 0.0297937 0.0493501 0.0713675 0.0903273 0.100585 0.0995084 0.0889851 0.0740145 0.0595838 0.0483039 0.0401791 0.0339142
 1.07932e-16 6.27661e-05 0.000610109 0.00405439 0.0184307 0.0573446 0.122179 0.178326 0.178333 0.122216 0.0574686 0.018791 0.00496798 0.00263468 0.00399665 0.00674088 0.0102507 0.0140387 0.0176296 0.0207812 0.0235328 0.0259708 0.0279302 0.0289376 0.0284691 0.0263034
 1.05177e-16 4.66771e-05 0.000453718 0.00301512 0.0137063 0.0426456 0.0908624 0.132624 0.13266 0.0910392 0.0432391 0.0154199 0.00731426 0.009832 0.0178384 0.0293676 0.0421911 0.0528402 0.0578303 0.0555995 0.0474771 0.0368323 0.0270932 0.0201522 0.0160745 0.0138455
 1.10429e-16 1.28246e-05 0.00012466 0.000828413 0.00376588 0.0117174 0.0249673 0.0364529 0.0365122 0.0252572 0.0126915 0.00658161 0.0079046 0.0155995 0.0294824 0.0489283 0.0709644 0.0902401 0.101257 0.101408 0.0924144 0.0789285 0.0655242 0.0544944 0.0457548 0.0381873
 1.31109e-16 1.32547e-05 0.000128841 0.000856193 0.00389214 0.01211 0.0258025 0.0376643 0.037687 0.0259139 0.0124859 0.00498667 0.00363733 0.00631228 0.0120874 0.020831 0.0320499 0.0446124 0.0572986 0.0694955 0.0812431 0.0924528 0.10203 0.10785 0.107752 0.100807
 1.08131e-16 7.24956e-05 0.000704683 0.00468287 0.0212876 0.0662338 0.141118 0.205967 0.20597 0.141134 0.0662884 0.0214463 0.00508365 0.00158856 0.00177852 0.00290048 0.00435623 0.00589086 0.00732438 0.00864453 0.0100307 0.0117104 0.0137398 0.0158769 0.0176431 0.0185264
pSPR Fmed_Fpbrs
0.487611   0.285572 0.285572
Fs Fmed_Fpbrs
0.504331   1.005 1.005
SSBpbr Bo_Bmed_Bpbrs
1.59395e+06  697532  375491 375491
Ro
109716
SPR SPRFo_SPRFmed_SPRFpbrs
784242 382405 223958
Fref
1.005
Nvult_r0
 184854 4527.8 3122.79 6062.15 2277.85
CTP_r0
 30573.7 1285.18 886.379 1720.69 646.55
YTP_r0
391019
Np
 192212 79883.2 1489.22 1027.1 2487.36
Nvult_p0
 149431 69126.1 1288.68 888.792 2152.41
CTP_p0
 49976 34649.2 645.946 445.504 1078.89
YTP_p0
 999292
CBA_c0
573501
log_Ro
11.4256
likeval ReclasPelacesDesembMPH_pf_preclas_ppelaces_ptallas_desvR_qrecl_qpela
 47.9279 45.0571 0.225057 0.00221335 261.639 143.617 117.184 0 54.6552 0 0 0.29463 0 0 0
q_reclas_q_pelaces
1 1
M
1
N
 289977 48322.4 17776.8 6539.72 3805.97
 71673.3 89336.2 12467.2 4586.44 2669.2
 35503.8 20527.8 19920.1 2779.93 1617.85
 70574.1 10110 4524.67 4390.71 969.344
 31460 12112.6 809.517 362.295 429.186
 221111 7409.76 1826.51 122.071 119.351
 25918 54834.3 1238.74 305.35 40.3602
 6743.85 3491.06 2704.32 61.0923 17.0498
 42507.5 1518.9 481.386 372.902 10.7751
 94423.6 6334.23 91.6812 29.0566 23.1589
 54905.1 21650 905.201 13.1018 7.46191
 176043 18146.5 6428.59 268.783 6.10602
 88083.3 44974 3219.38 1140.5 48.7681
 55147.3 23612.8 8785.45 628.89 232.317
 128791 9704.52 1987.66 739.535 72.494
 353033 34547.2 1898.12 388.769 158.826
 58533.8 93428.7 6577.13 361.367 104.252
 559488 17647.6 23085.2 1625.13 115.049
 633416 160160 3931.01 5142.23 387.626
 85117 184732 37030.2 908.88 1278.55
 512561 25041.8 43464.5 8712.6 514.666
 602979 156035 6308.31 10949.2 2324.45
 48715.3 180487 38002 1536.38 3232.77
 275137 15901.4 52273.5 11006.3 1381.26
 316847 87671.2 4388.79 14427.5 3418.97
 56521.1 102520 24949.8 1248.98 5078.81
 338069 18756.7 30689.7 7468.81 1894.24
 302508 109201 5319.76 8704.18 2655.54
 47359.7 100490 32755.7 1595.71 3407.45
 19442.5 15939.9 30943.5 10086.4 1540.61
 264737 6017.01 4149.89 8056.02 3027.05
pred_Ctot
 30230 9389.68 3454.27 1270.76 739.55
 10240.2 23159.7 3232.03 1189 691.969
 5177.71 5420.69 5260.21 734.084 427.22
 25290.4 5616.87 2513.8 2439.38 538.546
 7417.05 4848.99 324.071 145.036 171.815
 47026.6 2721.02 670.732 44.8269 43.8282
 11239.9 34808 786.335 193.832 25.62
 1719.79 1490.62 1154.7 26.0854 7.27997
 17171.8 918.845 291.21 225.584 6.51831
 23361.3 2638.57 38.1905 12.1037 9.64699
 3556.79 2685.8 112.295 1.62535 0.925689
 35022.9 6295.2 2230.13 93.2432 2.11823
 15499.2 14027.6 1004.14 355.727 15.211
 19287.4 12887.1 4794.82 343.228 126.791
 22622.5 3022.26 619.014 230.312 22.5767
 64319.8 11107.7 610.289 124.998 51.0661
 6786.07 20026.6 1409.82 77.4596 22.3466
 80083.3 4582.57 5994.55 422 29.8749
 84557.1 39049.8 958.451 1253.77 94.5103
 10973.4 43637.2 8747.21 214.694 302.016
 56757.8 5145.47 8930.89 1790.22 105.751
 72231 34466.4 1393.43 2418.56 513.445
 3504.94 24746.5 5210.43 210.651 443.243
 23550.9 2569.77 8447.73 1778.69 223.22
 24382.1 12812.9 641.407 2108.53 499.671
 3528.54 12276 2987.55 149.555 608.148
 26340.8 2773.73 4538.37 1104.48 280.12
 18707.8 12958.3 631.267 1032.88 315.119
 2566.36 10503.1 3423.62 166.783 356.145
 1978.82 3029.06 5880.19 1916.72 292.762
 30573.7 1285.18 886.379 1720.69 646.55
F
 0.177395 0.35479 0.35479 0.35479 0.35479
 0.25034 0.50068 0.50068 0.50068 0.50068
 0.256118 0.512235 0.512235 0.512235 0.512235
 0.76242 1.52484 1.52484 1.52484 1.52484
 0.445919 0.891837 0.891837 0.891837 0.891837
 0.394351 0.788701 0.788701 0.788701 0.788701
 1.00473 2.00947 2.00947 2.00947 2.00947
 0.490645 0.98129 0.98129 0.98129 0.98129
 0.903712 1.80742 1.80742 1.80742 1.80742
 0.472784 0.945567 0.945567 0.945567 0.945567
 0.107126 0.214253 0.214253 0.214253 0.214253
 0.364645 0.72929 0.72929 0.72929 0.72929
 0.316494 0.632988 0.632988 0.632988 0.632988
 0.737416 1.47483 1.47483 1.47483 1.47483
 0.315863 0.631727 0.631727 0.631727 0.631727
 0.329364 0.658728 0.658728 0.658728 0.658728
 0.199005 0.398009 0.398009 0.398009 0.398009
 0.250852 0.501704 0.501704 0.501704 0.501704
 0.232219 0.464439 0.464439 0.464439 0.464439
 0.223481 0.446963 0.446963 0.446963 0.446963
 0.189339 0.378678 0.378678 0.378678 0.378678
 0.206221 0.412442 0.412442 0.412442 0.412442
 0.119586 0.239172 0.239172 0.239172 0.239172
 0.143677 0.287355 0.287355 0.287355 0.287355
 0.128364 0.256727 0.256727 0.256727 0.256727
 0.103065 0.206131 0.206131 0.206131 0.206131
 0.130061 0.260122 0.260122 0.260122 0.260122
 0.102055 0.20411 0.20411 0.20411 0.20411
 0.0889449 0.17789 0.17789 0.17789 0.17789
 0.172872 0.345745 0.345745 0.345745 0.345745
 0.19817 0.39634 0.39634 0.39634 0.39634
nmprior
 8.19 8.8 8.5 0
nm_flota  nm_reclas  nm_pelaces    nm_pelaL
inf 6.66418 6.11603 10.5296
cv_recla  cv_pelaces  cv_mph
0.626209 0.761121 1.45188
 ------------------------------------------------
Talla a la edad & desviaci?n 
 8 13.2811 15.8009 17.003 17.5766
 0.8 1.32811 1.58009 1.7003 1.75766
