years
 1991 1992 1993 1994 1995 1996 1997 1998 1999 2000 2001 2002 2003 2004 2005 2006 2007 2008 2009 2010 2011 2012 2013 2014 2015 2016 2017 2018 2019 2020 2021
reclasobs
 0 0 0 0 0 0 0 0 0 252601 567819 844713 477998 351125 339783 2.1784e+06 2.13404e+06 4.81314e+06 1.55562e+06 2.62356e+06 3.21686e+06 3.843e+06 1.13348e+06 3.07943e+06 1.97215e+06 2.03268e+06 2.025e+06 2.42433e+06 2.27542e+06 1.05018e+06 2.36338e+06
reclaspred
 3.50982e+06 1.96476e+06 995919 1.01104e+06 1.0148e+06 1.59674e+06 989813 867877 623049 442353 514539 665356 654399 505579 513651 1.424e+06 1.37928e+06 3.10888e+06 2.5687e+06 1.91869e+06 3.3987e+06 2.75088e+06 2.17758e+06 3.33547e+06 2.49338e+06 2.21354e+06 2.64416e+06 2.82342e+06 2.31755e+06 1.46056e+06 2.12113e+06
pelacesobs
 0 0 0 0 0 0 0 0 0 0 0 0 0 0 0 552880 188675 0 991730 2.46772e+06 1.41603e+06 1.21717e+06 2.29649e+06 1.80582e+06 0 1.4828e+06 1.56532e+06 1.57751e+06 1.42118e+06 867257 1.10002e+06
pelacespred
 1.60611e+06 998691 505261 420236 440907 716838 410095 447465 308047 205962 249508 267266 289216 233592 245129 569328 553510 1.43997e+06 1.22684e+06 847987 1.46277e+06 1.27943e+06 1.01338e+06 1.69984e+06 1.22385e+06 1.08423e+06 1.47639e+06 1.55686e+06 1.05018e+06 749793 1.07481e+06
mphobs
 0 0 0 0 0 0 0 0 0 0 0 498337 0 5186 125008 0 168611 109162 213762 579715 649985 157893 87575 83554 0 0 0 0 0 0 0
mphpred
 3.04127e+06 2.0386e+06 1.01413e+06 555435 617930 706131 917984 559470 493815 330877 212775 347516 370484 311588 207103 266982 940983 897153 1.76671e+06 1.33673e+06 1.43562e+06 1.77863e+06 1.68053e+06 1.38396e+06 1.91543e+06 1.57324e+06 1.30152e+06 1.40017e+06 1.965e+06 1.33709e+06 835215
desembarqueobs
 494567 514787 250237 358949 120608 361735 552515 73892 212993 205616 52469 317467 293654 387597 252695 516296 358380 742168 942051 627588 828172 859565 418607 520667 417249 300574 407403 355545 319650 289779 391294
desembarquepred
 494574 513491 250892 358980 120613 361752 552575 73896.7 213049 205669 52471.8 317540 293708 387631 252688 516252 358403 742066 941833 627448 828239 859580 418616 520692 417249 300574 407402 355530 319642 289786 391297
Reclutas
 196874 110109 109871 186631 148806 249988 103040 46347.4 43053.7 56786.7 104795 142446 119466 83870.5 82732.5 465340 98724 701945 414644 319497 467613 621721 131057 380073 320588 146577 326420 365654 109845 79838.8 296413
log_desv_Rt
 0.132692 -0.448401 -0.450568 0.07926 -0.147229 0.371537 -0.514758 -1.31371 -1.38743 -1.11057 -0.497872 -0.190914 -0.366841 -0.720601 -0.734262 0.992894 -0.557547 1.40398 0.877546 0.616874 0.997767 1.28262 -0.274244 0.790487 0.620282 -0.162323 0.638309 0.751814 -0.450806 -0.769865 0.54188
SSB
 3.04127e+06 2.0386e+06 1.01413e+06 555435 617930 706131 917984 559470 493815 330877 212775 347516 370484 311588 207103 266982 940983 897153 1.76671e+06 1.33673e+06 1.43562e+06 1.77863e+06 1.68053e+06 1.38396e+06 1.91543e+06 1.57324e+06 1.30152e+06 1.40017e+06 1.965e+06 1.33709e+06 835215
BT
 4.12155e+06 2.81023e+06 1.41365e+06 1.26976e+06 1.1115e+06 1.96105e+06 1.44154e+06 1.0968e+06 922410 673794 620994 882670 933869 941990 818697 1.73037e+06 1.55574e+06 3.97595e+06 3.73494e+06 2.51764e+06 4.04632e+06 3.75265e+06 2.70177e+06 4.40503e+06 3.20765e+06 2.76678e+06 3.82062e+06 3.9465e+06 2.68572e+06 2.01031e+06 2.85e+06
Ftot
 0.138704 0.252409 0.245904 0.366734 0.122391 0.240086 0.535506 0.0871633 0.345387 0.464634 0.112077 0.490212 0.459699 0.770193 0.526274 0.40628 0.258995 0.262458 0.37299 0.33482 0.255514 0.324133 0.191181 0.168618 0.170681 0.137637 0.165471 0.13669 0.134703 0.196099 0.201433
BD_Bspro_t
 0.978052 0.84126 0.678263 0.588559 0.583621 0.660049 0.648587 0.482159 0.537951 0.488413 0.449374 0.656123 0.536202 0.444826 0.335804 0.396452 0.588901 0.56371 0.659782 0.564434 0.536407 0.585889 0.600509 0.593091 0.696496 0.704313 0.712787 0.751219 0.797345 0.730907 0.662648
BD_Bspro
 2.46782 1.65421 0.822912 0.450704 0.501415 0.572984 0.744891 0.453978 0.400703 0.268488 0.172655 0.28199 0.300627 0.252836 0.168052 0.21664 0.763553 0.727988 1.43359 1.08468 1.16492 1.44326 1.36365 1.123 1.55426 1.27659 1.05611 1.13616 1.59448 1.08497 0.677729
BD_Bo
 1.63458 1.09568 0.545063 0.298528 0.332117 0.379521 0.493385 0.300696 0.265409 0.177835 0.11436 0.186778 0.199123 0.167468 0.111311 0.143494 0.505747 0.48219 0.94955 0.71845 0.771595 0.955955 0.903228 0.743832 1.02948 0.845561 0.699523 0.752543 1.05612 0.71864 0.4489
BD_Brms
 10.098 6.76882 3.36726 1.84422 2.05173 2.34458 3.048 1.85762 1.63963 1.09862 0.706483 1.15387 1.23013 1.03457 0.687649 0.886466 3.12437 2.97884 5.86607 4.43839 4.76671 5.90564 5.5799 4.5952 6.35983 5.22365 4.32147 4.64901 6.52444 4.43957 2.77319
Sel_flota
 0.79703 1 1 1 1
 0.79703 1 1 1 1
 0.79703 1 1 1 1
 0.79703 1 1 1 1
 0.79703 1 1 1 1
 0.79703 1 1 1 1
 0.79703 1 1 1 1
 0.79703 1 1 1 1
 0.79703 1 1 1 1
 0.79703 1 1 1 1
 0.79703 1 1 1 1
 0.79703 1 1 1 1
 0.79703 1 1 1 1
 0.79703 1 1 1 1
 0.79703 1 1 1 1
 0.79703 1 1 1 1
 0.79703 1 1 1 1
 0.79703 1 1 1 1
 0.79703 1 1 1 1
 0.79703 1 1 1 1
 0.79703 1 1 1 1
 0.79703 1 1 1 1
 0.79703 1 1 1 1
 0.79703 1 1 1 1
 0.79703 1 1 1 1
 0.79703 1 1 1 1
 0.79703 1 1 1 1
 0.79703 1 1 1 1
 0.79703 1 1 1 1
 0.79703 1 1 1 1
 0.79703 1 1 1 1
Sel_reclas
 1 1 1 1 1
 1 1 1 1 1
 1 1 1 1 1
 1 1 1 1 1
 1 1 1 1 1
 1 1 1 1 1
 1 1 1 1 1
 1 1 1 1 1
 1 1 1 1 1
 1 1 1 1 1
 1 1 1 1 1
 1 1 1 1 1
 1 1 1 1 1
 1 1 1 1 1
 1 1 1 1 1
 1 1 1 1 1
 1 1 1 1 1
 1 1 1 1 1
 1 1 1 1 1
 1 1 1 1 1
 1 1 1 1 1
 1 1 1 1 1
 1 1 1 1 1
 1 1 1 1 1
 1 1 1 1 1
 1 1 1 1 1
 1 1 1 1 1
 1 1 1 1 1
 1 1 1 1 1
 1 1 1 1 1
 1 1 1 1 1
Sel_pelaces
 1 1 1 1 1
 1 1 1 1 1
 1 1 1 1 1
 1 1 1 1 1
 1 1 1 1 1
 1 1 1 1 1
 1 1 1 1 1
 1 1 1 1 1
 1 1 1 1 1
 1 1 1 1 1
 1 1 1 1 1
 1 1 1 1 1
 1 1 1 1 1
 1 1 1 1 1
 1 1 1 1 1
 1 1 1 1 1
 1 1 1 1 1
 1 1 1 1 1
 1 1 1 1 1
 1 1 1 1 1
 1 1 1 1 1
 1 1 1 1 1
 1 1 1 1 1
 1 1 1 1 1
 1 1 1 1 1
 1 1 1 1 1
 1 1 1 1 1
 1 1 1 1 1
 1 1 1 1 1
 1 1 1 1 1
 1 1 1 1 1
pf_obs 
 0.8446 0.082 0.0669 0.0065 0
 0.8095 0.147 0.0364 0.0071 0
 0.9664 0.0169 0.016 0.0007 0
 0.9276 0.0648 0.0075 0.0001 0
 0.7033 0.2144 0.0806 0.0017 0
 0.9318 0.0425 0.0243 0.0014 0
 0.5671 0.3108 0.0964 0.0239 0.0018
 0.0768 0.2599 0.5324 0.112 0.0189
 0.490249 0.384438 0.106611 0.0170017 0.00170017
 0.7925 0.1577 0.0466 0.003 0.0002
 0.840416 0.127587 0.0312969 0.00059994 9.999e-05
 0.8084 0.0986 0.0794 0.0134 0.0002
 0.7335 0.1905 0.0724 0.0035 0.0001
 0.4001 0.4547 0.1325 0.0127 0
 0.49795 0.308269 0.164784 0.0264974 0.00249975
 0.9179 0.0499 0.0305 0.0017 0
 0.2467 0.6533 0.0926 0.0074 0
 0.9418 0.0223 0.034 0.0019 0
 0.707729 0.231977 0.0356964 0.0245975 0
 0.517169 0.277429 0.184464 0.0207286 0.00020938
 0.811772 0.124168 0.05621 0.00726502 0.000585176
 0.764997 0.148141 0.077277 0.00933861 0.000247198
 0.163321 0.427699 0.378323 0.0303852 0.000271297
 0.753843 0.0900009 0.118128 0.0371064 0.000921714
 0.721811 0.176058 0.0630433 0.0369309 0.00215725
 0.143369 0.312575 0.442814 0.0836902 0.0175525
 0.692698 0.0596174 0.167031 0.0765114 0.00414204
 0.394062 0.376323 0.152708 0.0712218 0.00568511
 0.125707 0.32114 0.495352 0.0537591 0.00404204
 0.23352 0.215282 0.420074 0.123614 0.00750983
 0.774587 0.0839891 0.0768558 0.0609784 0.00358967
pf_pred 
 0.454167 0.123061 0.398881 0.0238898 7.93919e-07
 0.415651 0.30089 0.0639073 0.207145 0.0124067
 0.563802 0.209046 0.116964 0.0248425 0.0853457
 0.742522 0.161078 0.0461994 0.0258492 0.0243517
 0.649014 0.277644 0.0458825 0.0131597 0.0142995
 0.741734 0.181271 0.0609066 0.0100652 0.00602371
 0.470271 0.417262 0.0789384 0.0265231 0.00700628
 0.449884 0.299078 0.19774 0.0374088 0.0158895
 0.530276 0.239104 0.125379 0.0828964 0.0223437
 0.699486 0.179236 0.0617346 0.0323719 0.0271721
 0.815399 0.139517 0.0268896 0.00926165 0.008933
 0.739578 0.221065 0.0297455 0.00573298 0.00387918
 0.687763 0.247029 0.0553525 0.00744799 0.00240679
 0.633891 0.272871 0.0737666 0.0165291 0.00294279
 0.74377 0.180845 0.0561866 0.0151892 0.00400944
 0.938378 0.0490222 0.00889287 0.00276292 0.000944076
 0.382006 0.588694 0.0233088 0.00422833 0.00176258
 0.895831 0.0463108 0.0551155 0.00218225 0.00056089
 0.598591 0.368345 0.0146992 0.0174939 0.000870682
 0.60448 0.261859 0.122652 0.00489455 0.00611503
 0.738048 0.174578 0.057847 0.0270948 0.00243211
 0.739873 0.204146 0.0373084 0.0123623 0.00631009
 0.321226 0.534766 0.113017 0.0206542 0.0103372
 0.737149 0.0993497 0.128813 0.0272231 0.00746512
 0.623801 0.294254 0.0309728 0.0401581 0.0108143
 0.438344 0.38185 0.140639 0.0148035 0.0243623
 0.731397 0.134 0.0915121 0.0337048 0.00938626
 0.685162 0.244643 0.0350187 0.0239151 0.0112611
 0.350451 0.477512 0.133681 0.0191353 0.0192214
 0.420671 0.236117 0.25231 0.0706349 0.0202671
 0.821892 0.0859633 0.0375553 0.040131 0.0144584
pobs_RECLAS
 0 0 0 0 0
 0 0 0 0 0
 0 0 0 0 0
 0 0 0 0 0
 0 0 0 0 0
 0 0 0 0 0
 0 0 0 0 0
 0 0 0 0 0
 0 0 0 0 0
 0 0 0 0 0
 0.991045 0.00858322 0.000360255 1.14367e-05 0
 0.934742 0.0480273 0.0164251 0.00080598 0
 0.827803 0.169806 0.00239088 0 0
 0.941827 0.0461693 0.0120037 0 0
 0.791401 0.0380133 0.147996 0.0225897 0
 0.846168 0.0940531 0.0597789 0 0
 0.134021 0.677848 0.182769 0.00536245 0
 0.80878 0.0450904 0.141981 0.00414843 0
 0.846168 0.0940531 0.0597789 0 0
 0.905697 0.0802665 0.012482 0.00150086 5.37128e-05
 0.989698 0.0102097 9.19794e-05 0 0
 0.975433 0.0193895 0.00387452 0.00125025 5.28907e-05
 0.303575 0.632131 0.0575291 0.00676475 0
 0.966965 0.00978017 0.0227588 0.000495775 0
 0.843318 0.132988 0.00938335 0.0141283 0.000182051
 0.564624 0.303363 0.111486 0.0197234 0.00080311
 0.826376 0.0876187 0.0782897 0.00655872 0.00115652
 0.89761 0.0855135 0.0140674 0.00269457 0.000114338
 0.34875 0.467042 0.161289 0.0227151 0.000203297
 0.318654 0.224769 0.449479 0.00709798 0
 0.937255 0.0296025 0.0250945 0.00804832 0
ppred_RECLAS
 0.511398 0.110158 0.357059 0.0213849 7.10676e-07
 0.472857 0.271434 0.057651 0.186866 0.0111921
 0.619735 0.18224 0.101966 0.0216569 0.0744018
 0.784822 0.134615 0.0386094 0.0216024 0.020351
 0.69927 0.23789 0.0393128 0.0112755 0.012252
 0.783585 0.151896 0.0510369 0.00843417 0.00504759
 0.530152 0.370094 0.0700151 0.0235249 0.00621428
 0.506821 0.268124 0.177274 0.033537 0.014245
 0.587965 0.209739 0.109981 0.0727155 0.0195996
 0.746966 0.150917 0.0519807 0.0272572 0.022879
 0.847405 0.115327 0.0222275 0.00765588 0.00738422
 0.782822 0.184356 0.0248062 0.00478099 0.00323502
 0.73637 0.208574 0.0467357 0.00628855 0.00203212
 0.689303 0.23157 0.0626017 0.0140273 0.00249738
 0.786705 0.150541 0.0467717 0.012644 0.0033376
 0.950692 0.0392263 0.00711583 0.00221082 0.000755425
 0.438091 0.535268 0.0211935 0.0038446 0.00160262
 0.915595 0.0375241 0.0446583 0.00176821 0.00045447
 0.653542 0.317921 0.012687 0.015099 0.000751491
 0.658855 0.225859 0.10579 0.00422166 0.00527435
 0.780382 0.146364 0.0484983 0.022716 0.00203906
 0.78229 0.170857 0.0312248 0.0103464 0.00528115
 0.37342 0.493646 0.104327 0.0190661 0.0095423
 0.779247 0.0834382 0.108182 0.0228632 0.00626953
 0.676084 0.253359 0.0266683 0.034577 0.00931131
 0.495386 0.34307 0.126356 0.0133001 0.0218881
 0.774121 0.112686 0.076956 0.0283436 0.00789326
 0.732433 0.207911 0.0297608 0.0203244 0.00957032
 0.404273 0.437945 0.122604 0.0175498 0.0176287
 0.47768 0.212882 0.227482 0.0636841 0.0182728
 0.853212 0.070847 0.0309514 0.0330741 0.0119159
pobs_PELACES
 0 0 0 0 0
 0 0 0 0 0
 0 0 0 0 0
 0 0 0 0 0
 0 0 0 0 0
 0 0 0 0 0
 0 0 0 0 0
 0 0 0 0 0
 0 0 0 0 0
 0 0 0 0 0
 0 0 0 0 0
 0 0 0 0 0
 0 0 0 0 0
 0 0 0 0 0
 0 0 0 0 0
 0 0 0 0 0
 0.505614 0.472636 0.0217494 0 0
 0 0 0 0 0
 0.443492 0.261883 0.143347 0.151278 0
 0.227955 0.32914 0.350689 0.0885471 0.00366901
 0.970185 0.0296113 0.000203453 0 0
 0.997202 0.00247181 0.000326279 0 0
 0.445219 0.490057 0.0546422 0.010081 0
 0.90214 0.0892962 0.00764917 0.000914606 0
 0 0 0 0 0
 0.581667 0.319106 0.0959925 0.00289975 0.000334073
 0.762889 0.0836404 0.116647 0.0363945 0.000428098
 0.88444 0.0763242 0.0277011 0.0115352 0
 0.521256 0.241999 0.230069 0.00667565 0
 0.616807 0.101726 0.260614 0.0208532 0
 0.833518 0.0704572 0.0857862 0.0102388 0
ppred_PELACES
 0.513719 0.109634 0.355362 0.0212833 7.073e-07
 0.477073 0.269263 0.0571899 0.185372 0.0111026
 0.623609 0.180384 0.100927 0.0214363 0.0736439
 0.788941 0.132038 0.0378703 0.0211889 0.0199614
 0.700991 0.236528 0.0390878 0.0112109 0.0121819
 0.786299 0.149991 0.0503967 0.00832838 0.00498428
 0.539076 0.363065 0.0686853 0.0230781 0.00609625
 0.50828 0.26733 0.176749 0.0334378 0.0142028
 0.593558 0.206892 0.108488 0.0717285 0.0193335
 0.752803 0.147436 0.0507816 0.0266285 0.0223512
 0.848373 0.114596 0.0220865 0.00760731 0.00733737
 0.788352 0.179662 0.0241745 0.00465925 0.00315265
 0.742303 0.203879 0.0456838 0.00614701 0.00198638
 0.700242 0.223417 0.0603976 0.0135335 0.00240945
 0.79256 0.146409 0.0454878 0.012297 0.00324598
 0.951952 0.0382238 0.00693398 0.00215432 0.000736119
 0.442366 0.531196 0.0210322 0.00381535 0.00159043
 0.916944 0.0369245 0.0439447 0.00173995 0.000447209
 0.659177 0.31275 0.0124806 0.0148535 0.000739268
 0.663878 0.222534 0.104232 0.00415951 0.0051967
 0.783301 0.144419 0.0478537 0.0224141 0.00201196
 0.785965 0.167973 0.0306977 0.0101718 0.00519201
 0.376421 0.491281 0.103827 0.0189747 0.0094966
 0.781183 0.0827062 0.107233 0.0226626 0.00621453
 0.678583 0.251405 0.0264626 0.0343103 0.00923949
 0.49769 0.341503 0.125779 0.0132393 0.0217881
 0.776053 0.111722 0.0762977 0.0281012 0.00782574
 0.734224 0.20652 0.0295616 0.0201884 0.00950628
 0.406448 0.436346 0.122156 0.0174857 0.0175644
 0.480958 0.211546 0.226054 0.0632844 0.0181581
 0.854893 0.0700353 0.0305968 0.0326952 0.0117794
pobs_pel_tallas
 0 0 0 0 0 0 0 0 0 0 0 0 0 0 0 0 0 0 0 0 0 0 0 0 0 0
 0 0 0 0 0 0 0 0 0 0 0 0 0 0 0 0 0 0 0 0 0 0 0 0 0 0
 0 0 0 0 0 0 0 0 0 0 0 0 0 0 0 0 0 0 0 0 0 0 0 0 0 0
 0 0 0 0 0 0 0 0 0 0 0 0 0 0 0 0 0 0 0 0 0 0 0 0 0 0
 0 0 0 0 0 0 0 0 0 0 0 0 0 0 0 0 0 0 0 0 0 0 0 0 0 0
 0 0 0 0 0 0 0 0 0 0 0 0 0 0 0 0 0 0 0 0 0 0 0 0 0 0
 0 0 0 0 0 0 0 0 0 0 0 0 0 0 0 0 0 0 0 0 0 0 0 0 0 0
 0 0 0 0 0 0 0 0 0 0 0 0 0 0 0 0 0 0 0 0 0 0 0 0 0 0
 0 0 0 0 0 0 0 0 0 0 0 0 0 0 0 0 0 0 0 0 0 0 0 0 0 0
 0 0 0 0 0 0 0 0 0 0 0 0 0 0 0 0 0 0 0 0 0 0 0 0 0 0
 0 0 0 0 0 0 0 0 0 0 0 0 0 0 0 0 0 0 0 0 0 0 0 0 0 0
 0 0 0 0 0 0 0 0 0 0 0 0 0 0 0 0 0 0 0 0 0 0 0 0 0 0
 0.00862536 0 0 0.000197151 0.00414017 0.0128641 0.00837892 0.0270097 0.101434 0.158115 0.152841 0.127902 0.109271 0.109419 0.0830992 0.0579132 0.0238553 0.00714673 0.00463305 0.00128148 0.00103504 0.000492878 0.000147863 0.000147863 4.92878e-05 0
 0 0 0 0 0 0 0 0 0 0 0 0 0 0 0 0 0 0 0 0 0 0 0 0 0 0
 0 0 0 0 0 0 0 0.0054083 0.00873648 0.0413646 0.0450493 0.0745869 0.0622846 0.0627006 0.0613931 0.0827291 0.12552 0.122667 0.0946155 0.0697135 0.0546179 0.0294188 0.0215738 0.0213955 0.0102223 0.00600262
 0 0 0 0 0.00359764 0.0251062 0.0480494 0.140153 0.205849 0.193036 0.1447 0.116669 0.0760912 0.0342217 0.00950174 0.001854 0.000860785 0 0 0 0.000165536 0 0.000143464 0 0 0
 0 0 0 0 0 0 0 0.000145254 0.000435761 0.0275982 0.070085 0.0708112 0.156366 0.174668 0.174014 0.160142 0.0824315 0.0480064 0.0283245 0.00493863 0.00203355 0 0 0 0 0
 0 0 0 0 0 0 0 0 0 0 0 0 0 0 0 0 0 0 0 0 0 0 0 0 0 0
 0 0 1.00437e-05 0.000401748 0.00122533 0.00171747 0.00176769 0.0269171 0.070346 0.194647 0.189555 0.159765 0.064822 0.0314167 0.0384472 0.0292271 0.0345202 0.0313363 0.0194345 0.0106764 0.0143323 0.0359363 0.0279516 0.0138201 0.00172751 0
 0 0.0021121 0.0136068 0.0755702 0.200478 0.177729 0.0527432 0.0373336 0.0318909 0.0142505 0.0149659 0.0166563 0.0217959 0.0798694 0.0677717 0.0528807 0.04013 0.0224614 0.0357745 0.0225083 0.00881397 0.00855152 0.00135912 0.000746735 0 0
 0 0 0 0 5.4009e-05 0.00500934 0.000945158 0.0243581 0.138947 0.33067 0.221406 0.137944 0.0707744 0.0437923 0.0131692 0.00525238 0.0047753 0.00276346 9.45158e-05 9.00151e-06 2.25038e-05 9.00151e-06 4.50075e-06 0 0 0
 0.000866109 0.00284123 0.00948549 0.0512746 0.133035 0.25785 0.225252 0.132002 0.0553304 0.0519788 0.0540692 0.017754 0.00435017 0.00159236 0.00146478 0.000404838 0.000125132 0.000115318 0.000107957 0.000100596 0 0 0 0 0 0
 0 0 0 0 0.00144013 0.00171154 0.00461396 0.0210425 0.0478622 0.0707936 0.0888783 0.103762 0.0637923 0.0337046 0.0602308 0.124433 0.169614 0.0934646 0.0462172 0.0250306 0.0313229 0.00938855 0.002487 0.000210481 0 0
 0 0.00764035 0.051015 0.0998891 0.058973 0.0496711 0.0374665 0.0718981 0.12319 0.153886 0.159021 0.0857701 0.0377988 0.023471 0.0147837 0.00900784 0.00315554 0.000888139 0.00291439 0.00214683 0.00393193 0.00274676 0.000635225 9.99891e-05 0 0
 0 0 0 0 0 0 0 0 0 0 0 0 0 0 0 0 0 0 0 0 0 0 0 0 0 0
 0 0 0 0 0 0 0 0 0 0 0 0 0 0 0 0 0 0 0 0 0 0 0 0 0 0
 0 0 0 0 0 0 0 0 0 0 0 0 0 0 0 0 0 0 0 0 0 0 0 0 0 0
 0 0 0 0 0 0 0 0 0 0 0 0 0 0 0 0 0 0 0 0 0 0 0 0 0 0
 0 0 0 0 0 0 0 0 0 0 0 0 0 0 0 0 0 0 0 0 0 0 0 0 0 0
 0 0 0 0 0 0 0 0 0 0 0 0 0 0 0 0 0 0 0 0 0 0 0 0 0 0
 0 0 0 0 0 0 0 0 0 0 0 0 0 0 0 0 0 0 0 0 0 0 0 0 0 0
ppred_pel_tallas
 1.12418e-16 4.23144e-05 0.000411311 0.00273331 0.0124252 0.0386595 0.0823686 0.120222 0.120233 0.0824231 0.038844 0.0129647 0.0041129 0.00350702 0.00616735 0.0107682 0.0169927 0.024452 0.0326608 0.0412096 0.0496773 0.0572817 0.0626804 0.0643185 0.0612162 0.0536287
 1.22189e-16 3.92959e-05 0.00038197 0.00253833 0.0115389 0.0359019 0.0764937 0.11165 0.111676 0.0766211 0.0363297 0.0127759 0.00564907 0.00719212 0.0130333 0.021653 0.0316133 0.0407256 0.0468711 0.0492911 0.0491144 0.0485521 0.0493501 0.0516886 0.0542332 0.0550855
 1.17572e-16 5.13659e-05 0.000499295 0.00331799 0.0150831 0.0469293 0.0999884 0.14594 0.145957 0.100074 0.0472174 0.0159171 0.00541828 0.0051075 0.00887265 0.0147726 0.021721 0.0282792 0.0330378 0.0354263 0.0360502 0.0361905 0.036863 0.0381855 0.0394456 0.0396552
 1.0663e-16 6.49841e-05 0.000631669 0.00419766 0.019082 0.0593711 0.126497 0.184629 0.184641 0.126559 0.0595808 0.019688 0.00572087 0.00396384 0.00641442 0.0105583 0.0153413 0.0195948 0.022186 0.0226289 0.0213759 0.0194838 0.0179212 0.0170588 0.016648 0.0161614
 1.04375e-16 5.77398e-05 0.000561251 0.00372971 0.0169547 0.0527526 0.112396 0.16405 0.164073 0.112507 0.0531269 0.018036 0.00644433 0.00648943 0.0113229 0.0186453 0.0268966 0.033918 0.0375523 0.036817 0.0324873 0.0265557 0.0210167 0.0169223 0.014257 0.0124306
 1.03172e-16 6.47665e-05 0.000629553 0.0041836 0.0190181 0.0591723 0.126073 0.184011 0.184025 0.126144 0.0594105 0.0197066 0.00591413 0.00441485 0.0072759 0.011984 0.0173925 0.022155 0.0249369 0.0251135 0.0231113 0.02006 0.0170523 0.0146074 0.0126566 0.0108863
 1.05422e-16 4.4403e-05 0.000431613 0.00286822 0.0130385 0.040568 0.0864356 0.126163 0.126198 0.0866068 0.0411427 0.0146991 0.00703804 0.0095396 0.0173577 0.0286666 0.0413887 0.0522557 0.0579613 0.0569822 0.0504661 0.0414049 0.0327883 0.0261867 0.0215908 0.0181781
 1.10926e-16 4.18664e-05 0.000406956 0.00270437 0.0122937 0.0382503 0.0814974 0.118953 0.118979 0.0816245 0.0386778 0.0135312 0.00582168 0.00724845 0.013142 0.02194 0.0322565 0.0419375 0.0487802 0.0517289 0.0513834 0.0493308 0.0468974 0.0443814 0.0412568 0.0369345
 1.13649e-16 4.88906e-05 0.000475235 0.0031581 0.0143563 0.0446678 0.0951703 0.138908 0.138928 0.0952685 0.0449981 0.0153123 0.00556528 0.00575554 0.0101529 0.0169096 0.0248376 0.032275 0.0375739 0.0400311 0.0402731 0.0396893 0.0393752 0.0394487 0.0391775 0.0376437
 1.07957e-16 6.20074e-05 0.000602734 0.00400538 0.0182079 0.0566516 0.120703 0.176172 0.176186 0.120772 0.0568859 0.0188856 0.00570953 0.00433301 0.00717679 0.0118479 0.0172574 0.0221282 0.025214 0.0259794 0.0249145 0.023157 0.0217247 0.0209654 0.0205563 0.0199011
 1.02672e-16 6.98794e-05 0.000679253 0.00451387 0.0205194 0.0638436 0.136026 0.198536 0.198547 0.13608 0.064025 0.0210437 0.00583048 0.00355548 0.00553853 0.00906233 0.0130881 0.0165464 0.0184007 0.018183 0.0162686 0.0136097 0.0111463 0.00935318 0.00818893 0.00734447
 1.01745e-16 6.49356e-05 0.000631197 0.00419453 0.0190677 0.0593268 0.126403 0.184492 0.184509 0.126487 0.0596109 0.0198881 0.00625383 0.00512634 0.00860104 0.0141139 0.020319 0.0255383 0.0281065 0.0272546 0.0235631 0.0185617 0.0138118 0.0101848 0.00775187 0.00613747
 1.02324e-16 6.11426e-05 0.000594328 0.00394952 0.0179539 0.0558615 0.11902 0.173717 0.173736 0.119116 0.0561844 0.018887 0.00629291 0.00571401 0.00979615 0.0161288 0.0232987 0.0294439 0.0327011 0.0321975 0.0285461 0.0233881 0.018373 0.014383 0.0114547 0.0092019
 1.03566e-16 5.76781e-05 0.000560651 0.00372573 0.0169366 0.0526962 0.112276 0.163874 0.163896 0.112381 0.0530505 0.0179605 0.00629801 0.00618348 0.0107585 0.0177523 0.0257019 0.0326022 0.03644 0.0362746 0.0327652 0.0276593 0.0226787 0.0186916 0.0156582 0.0131213
 1.03133e-16 6.52822e-05 0.000634566 0.00421692 0.0191695 0.0596435 0.127077 0.185476 0.18549 0.127146 0.0598759 0.0198412 0.00590509 0.00432659 0.0070969 0.0116813 0.0169431 0.0215634 0.0242391 0.0243651 0.0223693 0.0193704 0.016449 0.0141154 0.0122913 0.0106476
 1.00551e-16 7.8411e-05 0.000762183 0.00506497 0.0230246 0.0716382 0.152633 0.222773 0.222777 0.152651 0.0716987 0.0231994 0.00550385 0.00172072 0.00190021 0.00302094 0.00435273 0.00549175 0.00608468 0.00597051 0.00527055 0.00430146 0.00338064 0.00267639 0.00218998 0.0018355
 1.01395e-16 3.64372e-05 0.000354183 0.00235367 0.0106995 0.0332904 0.0709305 0.103536 0.103587 0.0711802 0.0341285 0.0131191 0.008423 0.0135891 0.0251293 0.0413743 0.0593348 0.0740611 0.0805329 0.0764355 0.0635676 0.0466911 0.0307812 0.0187877 0.0111793 0.00689777
 1.01528e-16 7.55274e-05 0.000734154 0.00487871 0.0221779 0.0690037 0.14702 0.21458 0.214584 0.147038 0.0690633 0.0223509 0.00531589 0.00169799 0.00193367 0.00314904 0.0046955 0.00624969 0.00752389 0.00836398 0.00879838 0.0089451 0.00886581 0.00850808 0.00777932 0.00666741
 1.02055e-16 5.42956e-05 0.000527772 0.00350723 0.0159434 0.049606 0.105692 0.154267 0.154297 0.105839 0.0500995 0.0173684 0.00708184 0.00832369 0.0148384 0.0243883 0.0349961 0.0437379 0.0476792 0.0454834 0.0382294 0.0287208 0.019854 0.0132963 0.00922969 0.00693994
 1.04362e-16 5.46828e-05 0.000531536 0.00353224 0.0160571 0.0499597 0.106445 0.155364 0.155386 0.106551 0.0503139 0.0170816 0.00610935 0.00617496 0.0108239 0.0179408 0.0261477 0.0335199 0.0381044 0.0389542 0.0366138 0.0326066 0.0283805 0.0245854 0.0211177 0.0176443
 1.04007e-16 6.45195e-05 0.000627153 0.00416765 0.0189455 0.0589467 0.125593 0.183309 0.183323 0.125661 0.0591761 0.0196088 0.00583484 0.00427476 0.00701608 0.0115606 0.0167983 0.0214456 0.0242389 0.0246004 0.0229592 0.0204022 0.0179493 0.0160335 0.0145 0.0129639
 1.02828e-16 6.47389e-05 0.000629286 0.00418183 0.01901 0.0591472 0.12602 0.183933 0.183949 0.126099 0.0594131 0.0197782 0.00611071 0.00484229 0.00807269 0.0132612 0.0191396 0.0241605 0.0267931 0.0263366 0.0233295 0.0191661 0.0152376 0.0122726 0.0102579 0.0087939
 1.06632e-16 3.10054e-05 0.000301383 0.0020028 0.00910447 0.0283276 0.0603568 0.0881024 0.0881498 0.0605884 0.0291057 0.0113524 0.007648 0.0126337 0.0234782 0.0388325 0.0560939 0.070868 0.078678 0.0774403 0.0686653 0.0563484 0.0444944 0.0352284 0.0285933 0.0235751
 1.06441e-16 6.4345e-05 0.000625457 0.00415638 0.0188943 0.0587872 0.125253 0.182812 0.18282 0.125293 0.0589213 0.0192835 0.00514077 0.00279953 0.00426716 0.00714608 0.0107409 0.0144573 0.0177137 0.0202175 0.0220553 0.0234581 0.0244578 0.0247658 0.0239767 0.0218941
 1.05833e-16 5.5894e-05 0.00054331 0.00361049 0.0164128 0.0510663 0.108803 0.158806 0.158831 0.108921 0.0514638 0.0175608 0.00649235 0.00683468 0.0120057 0.0197648 0.0284851 0.0358747 0.0396543 0.0388175 0.0342513 0.0281441 0.0226582 0.0188879 0.0167117 0.0153431
 1.08732e-16 4.09942e-05 0.000398478 0.00264803 0.0120376 0.0374535 0.0797999 0.116477 0.11651 0.0799614 0.0379961 0.0136064 0.00659209 0.00902834 0.0164892 0.0273484 0.0397509 0.0507395 0.0573054 0.0580386 0.0539009 0.0474281 0.0410492 0.0358813 0.0317144 0.0278039
 1.06373e-16 6.39225e-05 0.00062135 0.00412909 0.0187702 0.0584012 0.12443 0.181612 0.181623 0.124484 0.0585801 0.0192881 0.00543415 0.00348734 0.00555731 0.00921891 0.0135873 0.0177501 0.0208171 0.0223814 0.0227155 0.0224752 0.0221624 0.0218038 0.0210546 0.0195518
 1.0454e-16 6.04771e-05 0.000587859 0.00390653 0.0177585 0.0552535 0.117724 0.171826 0.171846 0.117821 0.0555802 0.0187023 0.00627602 0.00576202 0.00989206 0.0162719 0.0234705 0.0295992 0.0327847 0.0321881 0.0285113 0.0235156 0.0189461 0.0156941 0.013687 0.0123348
 1.08363e-16 3.34786e-05 0.000325424 0.00216256 0.00983071 0.0305872 0.0651709 0.0951276 0.0951698 0.0653769 0.0312793 0.0118308 0.00718774 0.011311 0.0209431 0.0346902 0.0502501 0.0637796 0.0713626 0.0711727 0.0645048 0.0547739 0.0453373 0.0378758 0.032285 0.0276318
 1.15997e-16 3.96159e-05 0.000385081 0.002559 0.0116328 0.0361942 0.0771163 0.112558 0.112579 0.0772177 0.0365355 0.012623 0.00506032 0.00589857 0.0106671 0.0179831 0.0268669 0.0358206 0.0433072 0.0485913 0.0520225 0.0544385 0.0562255 0.0568912 0.0554704 0.0513168
 1.06174e-16 7.04164e-05 0.000684473 0.00454856 0.0206771 0.0643342 0.137071 0.200061 0.200067 0.137104 0.0644459 0.0210003 0.00536231 0.00246894 0.00348379 0.00571377 0.00838422 0.0108951 0.0127006 0.013592 0.0138225 0.0139034 0.0142243 0.0147984 0.0152968 0.0152895
pSPR Fmed_Fpbrs
0.631505   0.211872 0.211872
Fs Fmed_Fpbrs
0.248732   1.005 1.005
SSBpbr Bo_Bmed_Bpbrs
1.86058e+06  1.08194e+06  301175 301175
Ro
172410
SPR SPRFo_SPRFmed_SPRFpbrs
1.23237e+06 778250 261105
Fref
1.005
Nvult_r0
 203543 17565.7 7674.04 8200.34 2954.41
CTP_r0
 28157.8 2945.08 1286.63 1374.87 495.339
YTP_r0
391297
Np
 235048 92870.6 7555.53 3300.83 4588.07
Nvult_p0
 196234 80364.6 6538.1 2856.34 3970.24
CTP_p0
 87276.7 40282.5 3277.2 1431.73 1990.07
YTP_p0
 1.49219e+06
CBA_c0
721566
log_Ro
11.8776
likeval ReclasPelacesDesembMPH_pf_preclas_ppelaces_ptallas_desvR_qrecl_qpela
 13.9979 17.9821 0.0679649 0.00264062 241.243 118.583 98.4566 0 24.2314 0 0 0.346159 0 0 0
q_reclas_q_pelaces
1 1
M
1
N
 196874 43008.9 139407 8349.32 0.27747
 110109 64846 13772.9 44642.7 2673.82
 109871 33125.2 18534 3936.51 13523.8
 186631 33225.4 9529.49 5331.87 5022.99
 148806 51256.2 8470.42 2429.43 2639.85
 249988 49654.9 16683.9 2757.13 1650.05
 103040 75948.5 14368.1 4827.65 1275.26
 46347.4 24737.1 16355.3 3094.12 1314.24
 43053.7 15906 8340.64 5514.53 1486.38
 56786.7 12027.1 4142.53 2172.23 1823.31
 104795 14425.2 2780.22 957.598 923.618
 142446 35257.4 4744.08 914.346 618.685
 119466 35454.4 7944.36 1068.96 345.43
 83870.5 30466.9 8236.27 1845.52 328.571
 82732.5 16700 5188.51 1402.64 370.249
 465340 20008.5 3629.64 1127.69 385.326
 98724 123835 4903.15 889.454 370.77
 701945 29544.6 35161.7 1392.2 357.827
 414644 209488 8359.87 9949.26 495.182
 319497 113311 53073.6 2117.96 2646.08
 467613 90007 29824.1 13969.3 1253.92
 621721 140329 25645.6 8497.76 4337.53
 131057 176646 37332.2 6822.6 3414.62
 380073 41398.9 53676 11343.8 3110.7
 320588 122238 12866.6 16682.3 4492.42
 146577 102937 37912.8 3990.65 6567.46
 326420 48320.3 32999.1 12153.9 3384.67
 365654 105246 15065.1 10288.3 4844.55
 109845 120632 33771.2 4834.08 4855.83
 79838.8 36296 38785.2 10858 3115.48
 296413 25121.2 10974.9 11727.6 4225.19
pred_Ctot
 13142.9 3561.2 11543 691.334 0.0229748
 12893.6 9333.68 1982.42 6425.69 384.86
 12560.3 4657.09 2605.7 553.436 1901.31
 30619.8 6642.47 1905.15 1065.96 1004.2
 8812.48 3769.92 623.003 178.686 194.162
 27954.2 6831.67 2295.43 379.334 227.02
 23423.4 20783.1 3931.79 1321.07 348.971
 1977.45 1314.58 869.156 164.429 69.8418
 6697.42 3019.9 1583.55 1046.99 282.203
 11448.1 2933.45 1010.38 529.812 444.71
 5702.3 975.675 188.046 64.7691 62.4708
 30058.6 8984.73 1208.95 233.005 157.661
 23864.9 8571.74 1920.69 258.44 83.5139
 25549.7 10998.4 2973.25 666.223 118.612
 18535.3 4506.78 1400.21 378.526 99.918
 83535.1 4363.99 791.649 245.957 84.0424
 11837 18241.5 722.257 131.021 54.6162
 85194.2 4404.19 5241.53 207.534 53.341
 69053.1 42492 1695.69 2018.08 100.441
 48341.7 20941.5 9808.75 391.429 489.034
 55375 13098.4 4340.2 2032.9 182.479
 91376 25212.5 4607.67 1526.77 779.31
 11855.3 19736.3 4171.06 762.276 381.509
 30546.1 4116.86 5337.75 1128.08 309.34
 26063.1 12294.3 1294.08 1677.85 451.832
 9713.34 8461.48 3116.45 328.033 539.848
 25770.8 4721.5 3224.43 1187.59 330.725
 24071.7 8594.99 1230.3 840.206 395.635
 7130.8 9716.18 2720.07 389.356 391.109
 7396.17 4151.36 4436.07 1241.89 356.333
 28157.8 2945.08 1286.63 1374.87 495.339
F
 0.110551 0.138704 0.138704 0.138704 0.138704
 0.201178 0.252409 0.252409 0.252409 0.252409
 0.195993 0.245904 0.245904 0.245904 0.245904
 0.292298 0.366734 0.366734 0.366734 0.366734
 0.097549 0.122391 0.122391 0.122391 0.122391
 0.191356 0.240086 0.240086 0.240086 0.240086
 0.426814 0.535506 0.535506 0.535506 0.535506
 0.0694718 0.0871633 0.0871633 0.0871633 0.0871633
 0.275284 0.345387 0.345387 0.345387 0.345387
 0.370328 0.464634 0.464634 0.464634 0.464634
 0.0893287 0.112077 0.112077 0.112077 0.112077
 0.390713 0.490212 0.490212 0.490212 0.490212
 0.366394 0.459699 0.459699 0.459699 0.459699
 0.613867 0.770193 0.770193 0.770193 0.770193
 0.419456 0.526274 0.526274 0.526274 0.526274
 0.323817 0.40628 0.40628 0.40628 0.40628
 0.206427 0.258995 0.258995 0.258995 0.258995
 0.209187 0.262458 0.262458 0.262458 0.262458
 0.297284 0.37299 0.37299 0.37299 0.37299
 0.266862 0.33482 0.33482 0.33482 0.33482
 0.203652 0.255514 0.255514 0.255514 0.255514
 0.258344 0.324133 0.324133 0.324133 0.324133
 0.152377 0.191181 0.191181 0.191181 0.191181
 0.134393 0.168618 0.168618 0.168618 0.168618
 0.136038 0.170681 0.170681 0.170681 0.170681
 0.109701 0.137637 0.137637 0.137637 0.137637
 0.131885 0.165471 0.165471 0.165471 0.165471
 0.108946 0.13669 0.13669 0.13669 0.13669
 0.107362 0.134703 0.134703 0.134703 0.134703
 0.156296 0.196099 0.196099 0.196099 0.196099
 0.160548 0.201433 0.201433 0.201433 0.201433
nmprior
 8.19 8.8 8.5 0
nm_flota  nm_reclas  nm_pelaces    nm_pelaL
inf 12.5197 18.8438 45.4692
cv_recla  cv_pelaces  cv_mph
0.338421 0.480831 1.58584
 ------------------------------------------------
Talla a la edad & desviaci?n 
 8 13.2811 15.8009 17.003 17.5766
 0.8 1.32811 1.58009 1.7003 1.75766
