    unsorted:	 1.392022347e-06 1.482192367e-06 2.014775567e-06 7.151125700e-05 0.001099991758 1.453139596 6.049450914 13.65361144 59.53423244 76.14377348 164.8134009 226.9762362 240.7025730 292.0794385 486.1379314 569.6119167 719.3340977 805.4247577 840.4153266 913.5974430 950.5253700 1037.012429 1070.079771 1187.257121 1328.802059 1375.363884 1629.406939 1697.229302 1954.691696 1946.699370 2160.948097 2269.465523 2509.574040 2490.734979 2552.218620 2638.298776 2843.550865 3023.125289 3217.887674 3278.659291 3779.053753 3970.786774 4335.932001 8581.693504 40575.31131 158303.9853 387837.9955 384089.6668 395713.8935 367931.2582 362135.8567 411142.1240 430398.0931 445304.5841 452739.4537 329422.3976 264477.5688 502421.2834 596739.6791 621600.2269 665989.5917 675644.0936 692317.6274 941014.1270 1034020.803 1106782.846 1185632.983 1350486.146 1473844.871 1671828.645 1783917.212 2429642.255 2382371.210 2514100.684 2732555.927 2967708.412 3300130.778
      sorted:	 1.392022347e-06 1.482192367e-06 2.014775567e-06 7.151125700e-05 0.001099991758 1.453139596 6.049450914 13.65361144 59.53423244 76.14377348 164.8134009 226.9762362 240.7025730 292.0794385 486.1379314 569.6119167 719.3340977 805.4247577 840.4153266 913.5974430 950.5253700 1037.012429 1070.079771 1187.257121 1328.802059 1375.363884 1629.406939 1697.229302 1946.699370 1954.691696 2160.948097 2269.465523 2490.734979 2509.574040 2552.218620 2638.298776 2843.550865 3023.125289 3217.887674 3278.659291 3779.053753 3970.786774 4335.932001 8581.693504 40575.31131 158303.9853 264477.5688 329422.3976 362135.8567 367931.2582 384089.6668 387837.9955 395713.8935 411142.1240 430398.0931 445304.5841 452739.4537 502421.2834 596739.6791 621600.2269 665989.5917 675644.0936 692317.6274 941014.1270 1034020.803 1106782.846 1185632.983 1350486.146 1473844.871 1671828.645 1783917.212 2382371.210 2429642.255 2514100.684 2732555.927 2967708.412 3300130.778
