    unsorted:	 2.321657301e-06 6.963391537e-07 5.636759178e-05 0.0001021987405 0.001099991650 10.24120907 13.89741830 38.43567122 67.99993560 135.0757038 186.2307778 222.8406725 230.9441336 432.5996431 451.2796558 563.0942356 788.6022019 801.9345786 754.7179675 873.6286187 922.6654014 993.7823182 1012.927008 1114.227828 1239.828750 1231.921891 1298.718484 1523.882906 1728.809598 1764.914809 1997.068939 2282.023841 2263.073080 2310.786962 2412.606196 2474.386574 2603.942483 2867.459134 3187.261737 3435.259264 3776.527457 4135.922108 10060.85484 41730.72611 39460.64070 158261.2706 376474.5334 381948.7781 363943.8988 348682.9486 339657.8949 393412.6498 406959.1659 301592.1149 223985.3106 443725.4786 465285.4334 505514.3392 633878.1292 710168.9869 693472.4292 733875.9324 768046.3736 1028487.358 1154157.550 1242685.251 1292623.975 1440382.876 1540082.977 1805634.901 1913779.054 2166211.278 2582121.270 2543360.701 2794794.492 3038273.607 3380967.575
      sorted:	 6.963391537e-07 2.321657301e-06 5.636759178e-05 0.0001021987405 0.001099991650 10.24120907 13.89741830 38.43567122 67.99993560 135.0757038 186.2307778 222.8406725 230.9441336 432.5996431 451.2796558 563.0942356 754.7179675 788.6022019 801.9345786 873.6286187 922.6654014 993.7823182 1012.927008 1114.227828 1231.921891 1239.828750 1298.718484 1523.882906 1728.809598 1764.914809 1997.068939 2263.073080 2282.023841 2310.786962 2412.606196 2474.386574 2603.942483 2867.459134 3187.261737 3435.259264 3776.527457 4135.922108 10060.85484 39460.64070 41730.72611 158261.2706 223985.3106 301592.1149 339657.8949 348682.9486 363943.8988 376474.5334 381948.7781 393412.6498 406959.1659 443725.4786 465285.4334 505514.3392 633878.1292 693472.4292 710168.9869 733875.9324 768046.3736 1028487.358 1154157.550 1242685.251 1292623.975 1440382.876 1540082.977 1805634.901 1913779.054 2166211.278 2543360.701 2582121.270 2794794.492 3038273.607 3380967.575
