years
 1991 1992 1993 1994 1995 1996 1997 1998 1999 2000 2001 2002 2003 2004 2005 2006 2007 2008 2009 2010 2011 2012 2013 2014 2015 2016 2017 2018 2019 2020 2021
reclasobs
 0 0 0 0 0 0 0 0 0 252601 567819 844713 477998 351125 339783 2.1784e+06 2.13404e+06 4.81314e+06 1.55562e+06 2.62356e+06 3.21686e+06 3.843e+06 1.13348e+06 3.07943e+06 1.97215e+06 2.03268e+06 2.025e+06 2.42433e+06 2.27542e+06 1.05018e+06 2.36338e+06
reclaspred
 1.76102e+06 1.28873e+06 650442 361605 290060 563136 397276 305570 222234 145632 261692 487412 451871 333499 465960 969402 1.42744e+06 2.15845e+06 2.0216e+06 1.56186e+06 2.63231e+06 2.09744e+06 1.85103e+06 2.4121e+06 2.12828e+06 1.7077e+06 1.82898e+06 1.98894e+06 2.15622e+06 1.24849e+06 1.37887e+06
pelacesobs
 0 0 0 0 0 0 0 0 0 0 0 0 0 0 0 552880 188675 0 991730 2.46772e+06 1.41603e+06 1.21717e+06 2.29649e+06 1.80582e+06 0 1.4828e+06 1.56532e+06 1.57751e+06 1.42118e+06 867257 1.10002e+06
pelacespred
 735518 588387 309702 139928 119791 239411 134714 141001 96164 54863.2 120975 190449 188396 150782 232259 404556 588168 962650 975488 720340 1.08013e+06 1.00987e+06 853892 1.21802e+06 1.09417e+06 847067 1.01456e+06 1.11676e+06 985128 653995 699903
mphobs
 0 0 0 0 0 0 0 0 0 0 0 498337 0 5186 125008 0 168611 109162 213762 579715 649985 157893 87575 83554 0 0 0 0 0 0 0
mphpred
 1.34918e+06 1.37327e+06 732572 338112 240063 213361 472723 225242 189870 140856 79051.6 317493 387294 252233 208415 430792 1.06092e+06 1.18612e+06 1.73229e+06 1.39943e+06 1.51235e+06 1.85001e+06 1.69642e+06 1.29607e+06 2.10254e+06 1.52353e+06 1.15478e+06 1.44073e+06 2.0003e+06 1.30154e+06 800552
desembarqueobs
 494567 514787 250237 358949 120608 361735 552515 73892 212993 205616 52469 317467 293654 387597 252695 516296 358380 742168 942051 627588 828172 859565 418607 520667 417249 300574 407403 355545 319650 289779 391294
desembarquepred
 494089 511843 250565 359219 120617 361541 552010 73947.1 213199 205672 52456.9 317668 293773 387298 252249 516393 358337 743069 941282 627497 828257 860199 419535 521345 417646 300302 408248 355827 319574 289526 391760
Reclutas
 334660 72486.4 48880.1 93247 53725.2 221218 69319.2 22808.5 37578.1 37903.5 121066 154298 82758.6 95252.8 131678 462392 153990 605925 461823 323207 470933 594968 99795.1 443662 254756 122664 363957 364130 86756.2 80625.5 295574
log_desv_Rt
 0.792451 -0.737265 -1.13129 -0.485413 -1.03678 0.378485 -0.781942 -1.89353 -1.39424 -1.38562 -0.224326 0.0182186 -0.604736 -0.464131 -0.140304 1.11575 0.0162199 1.38609 1.11452 0.757629 1.13405 1.36784 -0.417546 1.0744 0.519642 -0.211219 0.876372 0.876847 -0.557563 -0.63085 0.668256
SSB
 1.34918e+06 1.37327e+06 732572 338112 240063 213361 472723 225242 189870 140856 79051.6 317493 387294 252233 208415 430792 1.06092e+06 1.18612e+06 1.73229e+06 1.39943e+06 1.51235e+06 1.85001e+06 1.69642e+06 1.29607e+06 2.10254e+06 1.52353e+06 1.15478e+06 1.44073e+06 2.0003e+06 1.30154e+06 800552
BT
 2.45471e+06 1.91958e+06 988508 745621 433982 1.24862e+06 849080 486264 526037 370845 519369 888160 822362 948610 1.14731e+06 1.93436e+06 1.92433e+06 3.94998e+06 3.88683e+06 2.61615e+06 4.16815e+06 3.79513e+06 2.56892e+06 4.76593e+06 3.25499e+06 2.57212e+06 3.91301e+06 3.99485e+06 2.66102e+06 1.97677e+06 2.81314e+06
Ftot
 0.263752 0.368295 0.357578 0.877084 0.386092 0.592085 1.16906 0.22801 0.85489 1.19982 0.190349 0.595649 0.59144 1.02083 0.502906 0.494704 0.23634 0.322762 0.431248 0.373876 0.295161 0.381639 0.213562 0.204579 0.18547 0.166484 0.211126 0.16968 0.140526 0.218458 0.267745
BD_Bspro_t
 0.958678 0.776273 0.578325 0.427106 0.355041 0.396515 0.490902 0.275918 0.307343 0.283222 0.234405 0.628917 0.53692 0.395193 0.344581 0.509228 0.625594 0.634142 0.664228 0.585469 0.559097 0.60325 0.614374 0.592594 0.724321 0.708584 0.701739 0.76144 0.805143 0.731127 0.658211
BD_Bspro
 1.24579 1.26803 0.676431 0.3122 0.221666 0.19701 0.436495 0.207981 0.175319 0.130061 0.0729934 0.293162 0.357613 0.232903 0.192443 0.397778 0.979612 1.09522 1.59954 1.29218 1.39645 1.70824 1.56641 1.19674 1.94141 1.40677 1.06628 1.33032 1.84701 1.2018 0.739201
BD_Bo
 0.770429 0.784183 0.418323 0.193073 0.137084 0.121836 0.269941 0.128621 0.108422 0.0804335 0.0451411 0.181299 0.221158 0.144034 0.119012 0.245997 0.605818 0.677311 0.989197 0.799122 0.8636 1.05642 0.96871 0.740098 1.20062 0.869985 0.659416 0.822705 1.14224 0.743224 0.457142
BD_Brms
 3.27046 3.32884 1.77577 0.819591 0.581919 0.517191 1.14589 0.545993 0.46025 0.341439 0.191623 0.769611 0.93881 0.61142 0.505203 1.04425 2.57169 2.87517 4.19912 3.39226 3.66596 4.48448 4.11216 3.1417 5.09661 3.69307 2.79921 3.49236 4.84878 3.15497 1.94056
Sel_flota
 0.5 1 1 1 1
 0.5 1 1 1 1
 0.5 1 1 1 1
 0.5 1 1 1 1
 0.5 1 1 1 1
 0.5 1 1 1 1
 0.5 1 1 1 1
 0.5 1 1 1 1
 0.5 1 1 1 1
 0.5 1 1 1 1
 0.5 1 1 1 1
 0.5 1 1 1 1
 0.5 1 1 1 1
 0.5 1 1 1 1
 0.5 1 1 1 1
 0.5 1 1 1 1
 0.5 1 1 1 1
 0.5 1 1 1 1
 0.5 1 1 1 1
 0.5 1 1 1 1
 0.5 1 1 1 1
 0.5 1 1 1 1
 0.5 1 1 1 1
 0.5 1 1 1 1
 0.5 1 1 1 1
 0.5 1 1 1 1
 0.5 1 1 1 1
 0.5 1 1 1 1
 0.5 1 1 1 1
 0.5 1 1 1 1
 0.5 1 1 1 1
Sel_reclas
 0.5 1 1 1 1
 0.5 1 1 1 1
 0.5 1 1 1 1
 0.5 1 1 1 1
 0.5 1 1 1 1
 0.5 1 1 1 1
 0.5 1 1 1 1
 0.5 1 1 1 1
 0.5 1 1 1 1
 0.5 1 1 1 1
 0.5 1 1 1 1
 0.5 1 1 1 1
 0.5 1 1 1 1
 0.5 1 1 1 1
 0.5 1 1 1 1
 0.5 1 1 1 1
 0.5 1 1 1 1
 0.5 1 1 1 1
 0.5 1 1 1 1
 0.5 1 1 1 1
 0.5 1 1 1 1
 0.5 1 1 1 1
 0.5 1 1 1 1
 0.5 1 1 1 1
 0.5 1 1 1 1
 0.5 1 1 1 1
 0.5 1 1 1 1
 0.5 1 1 1 1
 0.5 1 1 1 1
 0.5 1 1 1 1
 0.5 1 1 1 1
Sel_pelaces
 0.5 1 1 1 1
 0.5 1 1 1 1
 0.5 1 1 1 1
 0.5 1 1 1 1
 0.5 1 1 1 1
 0.5 1 1 1 1
 0.5 1 1 1 1
 0.5 1 1 1 1
 0.5 1 1 1 1
 0.5 1 1 1 1
 0.5 1 1 1 1
 0.5 1 1 1 1
 0.5 1 1 1 1
 0.5 1 1 1 1
 0.5 1 1 1 1
 0.5 1 1 1 1
 0.5 1 1 1 1
 0.5 1 1 1 1
 0.5 1 1 1 1
 0.5 1 1 1 1
 0.5 1 1 1 1
 0.5 1 1 1 1
 0.5 1 1 1 1
 0.5 1 1 1 1
 0.5 1 1 1 1
 0.5 1 1 1 1
 0.5 1 1 1 1
 0.5 1 1 1 1
 0.5 1 1 1 1
 0.5 1 1 1 1
 0.5 1 1 1 1
pf_obs 
 0.8446 0.082 0.0669 0.0065 0
 0.8095 0.147 0.0364 0.0071 0
 0.9664 0.0169 0.016 0.0007 0
 0.9276 0.0648 0.0075 0.0001 0
 0.7033 0.2144 0.0806 0.0017 0
 0.9318 0.0425 0.0243 0.0014 0
 0.5671 0.3108 0.0964 0.0239 0.0018
 0.0768 0.2599 0.5324 0.112 0.0189
 0.490249 0.384438 0.106611 0.0170017 0.00170017
 0.7925 0.1577 0.0466 0.003 0.0002
 0.840416 0.127587 0.0312969 0.00059994 9.999e-05
 0.8084 0.0986 0.0794 0.0134 0.0002
 0.7335 0.1905 0.0724 0.0035 0.0001
 0.4001 0.4547 0.1325 0.0127 0
 0.49795 0.308269 0.164784 0.0264974 0.00249975
 0.9179 0.0499 0.0305 0.0017 0
 0.2467 0.6533 0.0926 0.0074 0
 0.9418 0.0223 0.034 0.0019 0
 0.707729 0.231977 0.0356964 0.0245975 0
 0.517169 0.277429 0.184464 0.0207286 0.00020938
 0.811772 0.124168 0.05621 0.00726502 0.000585176
 0.764997 0.148141 0.077277 0.00933861 0.000247198
 0.163321 0.427699 0.378323 0.0303852 0.000271297
 0.753843 0.0900009 0.118128 0.0371064 0.000921714
 0.721811 0.176058 0.0630433 0.0369309 0.00215725
 0.143369 0.312575 0.442814 0.0836902 0.0175525
 0.692698 0.0596174 0.167031 0.0765114 0.00414204
 0.394062 0.376323 0.152708 0.0712218 0.00568511
 0.125707 0.32114 0.495352 0.0537591 0.00404204
 0.23352 0.215282 0.420074 0.123614 0.00750983
 0.774587 0.0839891 0.0768558 0.0609784 0.00358967
pf_pred 
 0.625675 0.236618 0.087047 0.0320228 0.0186365
 0.220616 0.610578 0.106706 0.039255 0.0228455
 0.314309 0.265712 0.329016 0.0574997 0.0334635
 0.647963 0.177857 0.0674963 0.0835768 0.0231065
 0.520775 0.397406 0.0413366 0.0156871 0.0247947
 0.843641 0.110938 0.0376659 0.00391785 0.00383684
 0.395079 0.56156 0.0307646 0.0104452 0.00215047
 0.355353 0.422925 0.205829 0.0112762 0.00461671
 0.613979 0.20894 0.116175 0.0565402 0.00436569
 0.676583 0.260809 0.0338875 0.0188422 0.0098782
 0.876178 0.106569 0.0139129 0.00180774 0.0015321
 0.666886 0.31226 0.0179476 0.00234311 0.000562471
 0.476604 0.433326 0.084432 0.00485285 0.00078564
 0.634179 0.250973 0.0950837 0.0185267 0.00123724
 0.740743 0.214607 0.0306326 0.0116055 0.00241229
 0.854558 0.126464 0.0157094 0.00224233 0.00102611
 0.361656 0.594824 0.0378416 0.0047007 0.000978011
 0.778867 0.121334 0.0929954 0.0059162 0.000887816
 0.539958 0.407536 0.0288096 0.0220809 0.00161555
 0.480539 0.378141 0.125191 0.00884999 0.0072793
 0.630744 0.249026 0.0875213 0.0289755 0.00373314
 0.628628 0.292895 0.0529249 0.0186007 0.0069515
 0.185718 0.644614 0.133815 0.0241798 0.0116741
 0.696257 0.0993467 0.161807 0.0335894 0.00899982
 0.426887 0.475508 0.0319243 0.0519954 0.0136857
 0.31235 0.420489 0.221662 0.0148818 0.0306178
 0.690767 0.151004 0.0967555 0.0510048 0.0104695
 0.563826 0.360409 0.0369973 0.023706 0.0150618
 0.209628 0.57782 0.175631 0.0180291 0.0188919
 0.335235 0.23669 0.312954 0.0951239 0.0199969
 0.752498 0.128298 0.0424426 0.0561182 0.0206432
pobs_RECLAS
 0 0 0 0 0
 0 0 0 0 0
 0 0 0 0 0
 0 0 0 0 0
 0 0 0 0 0
 0 0 0 0 0
 0 0 0 0 0
 0 0 0 0 0
 0 0 0 0 0
 0 0 0 0 0
 0.991045 0.00858322 0.000360255 1.14367e-05 0
 0.934742 0.0480273 0.0164251 0.00080598 0
 0.827803 0.169806 0.00239088 0 0
 0.941827 0.0461693 0.0120037 0 0
 0.791401 0.0380133 0.147996 0.0225897 0
 0.846168 0.0940531 0.0597789 0 0
 0.134021 0.677848 0.182769 0.00536245 0
 0.80878 0.0450904 0.141981 0.00414843 0
 0.846168 0.0940531 0.0597789 0 0
 0.905697 0.0802665 0.012482 0.00150086 5.37128e-05
 0.989698 0.0102097 9.19794e-05 0 0
 0.975433 0.0193895 0.00387452 0.00125025 5.28907e-05
 0.303575 0.632131 0.0575291 0.00676475 0
 0.966965 0.00978017 0.0227588 0.000495775 0
 0.843318 0.132988 0.00938335 0.0141283 0.000182051
 0.564624 0.303363 0.111486 0.0197234 0.00080311
 0.826376 0.0876187 0.0782897 0.00655872 0.00115652
 0.89761 0.0855135 0.0140674 0.00269457 0.000114338
 0.34875 0.467042 0.161289 0.0227151 0.000203297
 0.318654 0.224769 0.449479 0.00709798 0
 0.937255 0.0296025 0.0250945 0.00804832 0
ppred_RECLAS
 0.628682 0.234718 0.0863479 0.0317656 0.0184868
 0.223912 0.607995 0.106255 0.039089 0.0227489
 0.318289 0.26417 0.327106 0.057166 0.0332693
 0.661064 0.171238 0.0649845 0.0804666 0.0222466
 0.525812 0.39323 0.0409021 0.0155223 0.0245342
 0.84813 0.107754 0.0365846 0.00380538 0.0037267
 0.415896 0.542236 0.0297059 0.0100858 0.00207647
 0.357849 0.421287 0.205032 0.0112325 0.00459884
 0.627154 0.201809 0.11221 0.0546105 0.00421669
 0.695873 0.245253 0.0318663 0.0177184 0.00928903
 0.877137 0.105744 0.0138051 0.00179373 0.00152023
 0.67455 0.305076 0.0175347 0.00228921 0.000549531
 0.485188 0.426219 0.0830473 0.00477327 0.000772755
 0.65058 0.239721 0.0908208 0.0176961 0.00118177
 0.74608 0.210189 0.030002 0.0113666 0.00236264
 0.857931 0.123531 0.0153451 0.00219033 0.00100231
 0.364276 0.592382 0.0376862 0.0046814 0.000973996
 0.78166 0.119801 0.091821 0.00584148 0.000876604
 0.545693 0.402456 0.0284504 0.0218057 0.00159541
 0.485388 0.374612 0.124022 0.00876737 0.00721135
 0.634152 0.246728 0.0867137 0.0287081 0.00369869
 0.633264 0.289239 0.0522642 0.0183685 0.00686473
 0.18725 0.643401 0.133563 0.0241343 0.0116521
 0.698288 0.0986825 0.160725 0.0333649 0.00893965
 0.428996 0.473758 0.0318068 0.051804 0.0136354
 0.313994 0.419484 0.221132 0.0148462 0.0305446
 0.692892 0.149966 0.0960905 0.0506543 0.0103976
 0.565744 0.358824 0.0368345 0.0236017 0.0149955
 0.210681 0.577051 0.175397 0.0180051 0.0188668
 0.337548 0.235866 0.311866 0.0947929 0.0199273
 0.754926 0.127039 0.0420261 0.0555675 0.0204406
pobs_PELACES
 0 0 0 0 0
 0 0 0 0 0
 0 0 0 0 0
 0 0 0 0 0
 0 0 0 0 0
 0 0 0 0 0
 0 0 0 0 0
 0 0 0 0 0
 0 0 0 0 0
 0 0 0 0 0
 0 0 0 0 0
 0 0 0 0 0
 0 0 0 0 0
 0 0 0 0 0
 0 0 0 0 0
 0 0 0 0 0
 0.505614 0.472636 0.0217494 0 0
 0 0 0 0 0
 0.443492 0.261883 0.143347 0.151278 0
 0.227955 0.32914 0.350689 0.0885471 0.00366901
 0.970185 0.0296113 0.000203453 0 0
 0.997202 0.00247181 0.000326279 0 0
 0.445219 0.490057 0.0546422 0.010081 0
 0.90214 0.0892962 0.00764917 0.000914606 0
 0 0 0 0 0
 0.581667 0.319106 0.0959925 0.00289975 0.000334073
 0.762889 0.0836404 0.116647 0.0363945 0.000428098
 0.88444 0.0763242 0.0277011 0.0115352 0
 0.521256 0.241999 0.230069 0.00667565 0
 0.616807 0.101726 0.260614 0.0208532 0
 0.833518 0.0704572 0.0857862 0.0102388 0
ppred_PELACES
 0.638783 0.228333 0.0839989 0.0309015 0.0179839
 0.234649 0.599584 0.104785 0.0385482 0.0224342
 0.331226 0.259157 0.320899 0.0560811 0.0326379
 0.692697 0.155257 0.0589195 0.0729566 0.0201703
 0.541664 0.380084 0.0395348 0.0150033 0.023714
 0.86029 0.0991257 0.0336553 0.00350068 0.0034283
 0.463379 0.498157 0.0272911 0.0092659 0.00190767
 0.36654 0.415586 0.202257 0.0110805 0.0045366
 0.659504 0.184299 0.102474 0.0498722 0.00385083
 0.73608 0.21283 0.0276535 0.015376 0.00806098
 0.880482 0.102865 0.0134293 0.0017449 0.00147884
 0.695746 0.285208 0.0163927 0.00214012 0.000513742
 0.509579 0.406025 0.0791126 0.00454711 0.000736143
 0.687837 0.214161 0.0811369 0.0158092 0.00105576
 0.761476 0.197444 0.0281828 0.0106773 0.00221938
 0.867593 0.11513 0.0143015 0.00204137 0.000934151
 0.373354 0.583923 0.0371481 0.00461456 0.000960088
 0.790612 0.114889 0.0880561 0.00560196 0.000840661
 0.563269 0.386886 0.0273498 0.0209621 0.00153369
 0.500806 0.363388 0.120306 0.00850469 0.00699529
 0.645375 0.239159 0.0840535 0.0278275 0.00358523
 0.647762 0.277804 0.0501981 0.0176424 0.00659335
 0.192672 0.639108 0.132672 0.0239733 0.0115744
 0.705352 0.0963722 0.156962 0.0325837 0.00873035
 0.436508 0.467525 0.0313884 0.0511225 0.013456
 0.319941 0.415847 0.219215 0.0147175 0.0302798
 0.700254 0.14637 0.0937869 0.0494399 0.0101483
 0.57261 0.353151 0.0362522 0.0232286 0.0147585
 0.214562 0.574213 0.174534 0.0179166 0.018774
 0.345655 0.23298 0.308049 0.0936328 0.0196835
 0.763008 0.12285 0.0406403 0.0537352 0.0197666
pobs_pel_tallas
 0 0 0 0 0 0 0 0 0 0 0 0 0 0 0 0 0 0 0 0 0 0 0 0 0 0
 0 0 0 0 0 0 0 0 0 0 0 0 0 0 0 0 0 0 0 0 0 0 0 0 0 0
 0 0 0 0 0 0 0 0 0 0 0 0 0 0 0 0 0 0 0 0 0 0 0 0 0 0
 0 0 0 0 0 0 0 0 0 0 0 0 0 0 0 0 0 0 0 0 0 0 0 0 0 0
 0 0 0 0 0 0 0 0 0 0 0 0 0 0 0 0 0 0 0 0 0 0 0 0 0 0
 0 0 0 0 0 0 0 0 0 0 0 0 0 0 0 0 0 0 0 0 0 0 0 0 0 0
 0 0 0 0 0 0 0 0 0 0 0 0 0 0 0 0 0 0 0 0 0 0 0 0 0 0
 0 0 0 0 0 0 0 0 0 0 0 0 0 0 0 0 0 0 0 0 0 0 0 0 0 0
 0 0 0 0 0 0 0 0 0 0 0 0 0 0 0 0 0 0 0 0 0 0 0 0 0 0
 0 0 0 0 0 0 0 0 0 0 0 0 0 0 0 0 0 0 0 0 0 0 0 0 0 0
 0 0 0 0 0 0 0 0 0 0 0 0 0 0 0 0 0 0 0 0 0 0 0 0 0 0
 0 0 0 0 0 0 0 0 0 0 0 0 0 0 0 0 0 0 0 0 0 0 0 0 0 0
 0.00862536 0 0 0.000197151 0.00414017 0.0128641 0.00837892 0.0270097 0.101434 0.158115 0.152841 0.127902 0.109271 0.109419 0.0830992 0.0579132 0.0238553 0.00714673 0.00463305 0.00128148 0.00103504 0.000492878 0.000147863 0.000147863 4.92878e-05 0
 0 0 0 0 0 0 0 0 0 0 0 0 0 0 0 0 0 0 0 0 0 0 0 0 0 0
 0 0 0 0 0 0 0 0.0054083 0.00873648 0.0413646 0.0450493 0.0745869 0.0622846 0.0627006 0.0613931 0.0827291 0.12552 0.122667 0.0946155 0.0697135 0.0546179 0.0294188 0.0215738 0.0213955 0.0102223 0.00600262
 0 0 0 0 0.00359764 0.0251062 0.0480494 0.140153 0.205849 0.193036 0.1447 0.116669 0.0760912 0.0342217 0.00950174 0.001854 0.000860785 0 0 0 0.000165536 0 0.000143464 0 0 0
 0 0 0 0 0 0 0 0.000145254 0.000435761 0.0275982 0.070085 0.0708112 0.156366 0.174668 0.174014 0.160142 0.0824315 0.0480064 0.0283245 0.00493863 0.00203355 0 0 0 0 0
 0 0 0 0 0 0 0 0 0 0 0 0 0 0 0 0 0 0 0 0 0 0 0 0 0 0
 0 0 1.00437e-05 0.000401748 0.00122533 0.00171747 0.00176769 0.0269171 0.070346 0.194647 0.189555 0.159765 0.064822 0.0314167 0.0384472 0.0292271 0.0345202 0.0313363 0.0194345 0.0106764 0.0143323 0.0359363 0.0279516 0.0138201 0.00172751 0
 0 0.0021121 0.0136068 0.0755702 0.200478 0.177729 0.0527432 0.0373336 0.0318909 0.0142505 0.0149659 0.0166563 0.0217959 0.0798694 0.0677717 0.0528807 0.04013 0.0224614 0.0357745 0.0225083 0.00881397 0.00855152 0.00135912 0.000746735 0 0
 0 0 0 0 5.4009e-05 0.00500934 0.000945158 0.0243581 0.138947 0.33067 0.221406 0.137944 0.0707744 0.0437923 0.0131692 0.00525238 0.0047753 0.00276346 9.45158e-05 9.00151e-06 2.25038e-05 9.00151e-06 4.50075e-06 0 0 0
 0.000866109 0.00284123 0.00948549 0.0512746 0.133035 0.25785 0.225252 0.132002 0.0553304 0.0519788 0.0540692 0.017754 0.00435017 0.00159236 0.00146478 0.000404838 0.000125132 0.000115318 0.000107957 0.000100596 0 0 0 0 0 0
 0 0 0 0 0.00144013 0.00171154 0.00461396 0.0210425 0.0478622 0.0707936 0.0888783 0.103762 0.0637923 0.0337046 0.0602308 0.124433 0.169614 0.0934646 0.0462172 0.0250306 0.0313229 0.00938855 0.002487 0.000210481 0 0
 0 0.00764035 0.051015 0.0998891 0.058973 0.0496711 0.0374665 0.0718981 0.12319 0.153886 0.159021 0.0857701 0.0377988 0.023471 0.0147837 0.00900784 0.00315554 0.000888139 0.00291439 0.00214683 0.00393193 0.00274676 0.000635225 9.99891e-05 0 0
 0 0 0 0 0 0 0 0 0 0 0 0 0 0 0 0 0 0 0 0 0 0 0 0 0 0
 0 0 0 0 0 0 0 0 0 0 0 0 0 0 0 0 0 0 0 0 0 0 0 0 0 0
 0 0 0 0 0 0 0 0 0 0 0 0 0 0 0 0 0 0 0 0 0 0 0 0 0 0
 0 0 0 0 0 0 0 0 0 0 0 0 0 0 0 0 0 0 0 0 0 0 0 0 0 0
 0 0 0 0 0 0 0 0 0 0 0 0 0 0 0 0 0 0 0 0 0 0 0 0 0 0
 0 0 0 0 0 0 0 0 0 0 0 0 0 0 0 0 0 0 0 0 0 0 0 0 0 0
 0 0 0 0 0 0 0 0 0 0 0 0 0 0 0 0 0 0 0 0 0 0 0 0 0 0
ppred_pel_tallas
 1.08625e-16 5.26157e-05 0.000511444 0.00339872 0.0154501 0.0480712 0.102422 0.149492 0.149514 0.10253 0.0484342 0.0164997 0.00603797 0.00628821 0.0110691 0.0183362 0.0266942 0.0341782 0.0388216 0.039736 0.0376093 0.0341453 0.0309123 0.0285255 0.0266565 0.0246146
 1.1084e-16 1.93279e-05 0.000187874 0.00124849 0.00567549 0.0176589 0.0376262 0.0549287 0.0549865 0.0379088 0.0186079 0.00841707 0.00813238 0.0152227 0.0285949 0.0473009 0.0682783 0.0861708 0.0955306 0.0938702 0.083137 0.0683385 0.0544672 0.0441266 0.0372409 0.032324
 1.20475e-16 2.72827e-05 0.000265197 0.00176233 0.00801131 0.0249263 0.0531091 0.0775195 0.077545 0.0532336 0.0253458 0.00922879 0.00484083 0.00706012 0.0131511 0.0222721 0.0334251 0.044854 0.0547192 0.0621015 0.0673163 0.0711865 0.0739492 0.0748308 0.0726275 0.0666916
 1.1247e-16 5.70566e-05 0.00055461 0.00368558 0.0167541 0.0521284 0.111066 0.162107 0.162122 0.111139 0.0523757 0.0174696 0.00548606 0.00450052 0.00759781 0.0125973 0.0184515 0.0238875 0.0276795 0.0293515 0.0294719 0.0292083 0.029482 0.0303901 0.0312616 0.0311765
 1.06756e-16 4.46162e-05 0.000433686 0.002882 0.0131012 0.0407628 0.0868507 0.126769 0.126805 0.0870296 0.0413634 0.0148359 0.00723584 0.00993592 0.0180849 0.0298125 0.0429111 0.0539083 0.0593076 0.0575319 0.0498869 0.0396989 0.0303341 0.0236227 0.0195973 0.0172538
 1.01928e-16 7.0861e-05 0.000688794 0.00457728 0.0208076 0.0647404 0.137937 0.201324 0.201334 0.137983 0.0648978 0.0212627 0.00572089 0.00319022 0.00483593 0.00792014 0.0114898 0.0146306 0.016456 0.0165491 0.015188 0.0131177 0.0110632 0.009376 0.00802413 0.00681453
 1.02168e-16 3.8168e-05 0.000371007 0.00246547 0.0112077 0.0348716 0.0742994 0.108452 0.1085 0.0745336 0.0356579 0.0134779 0.00816055 0.0127922 0.0235951 0.0388605 0.0557734 0.0697103 0.0759854 0.0724415 0.0607579 0.0453635 0.0308595 0.0199354 0.0129652 0.00892438
 1.07822e-16 3.01915e-05 0.000293472 0.00195023 0.00886547 0.027584 0.0587721 0.085788 0.0858283 0.058969 0.0282458 0.0107797 0.00676574 0.0108405 0.0201621 0.0335471 0.0489312 0.0627904 0.0714903 0.0732582 0.069086 0.0617711 0.0539589 0.0468162 0.0401383 0.0333377
 1.08658e-16 5.43225e-05 0.000528034 0.00350897 0.0159513 0.0496305 0.105744 0.15434 0.154358 0.105831 0.0499247 0.0168029 0.00565333 0.00523143 0.00905276 0.015054 0.0220922 0.0286561 0.0332371 0.0351492 0.0348805 0.0336137 0.0323226 0.0311966 0.0297602 0.0274277
 1.03759e-16 6.063e-05 0.000589345 0.0039164 0.0178034 0.0553932 0.118022 0.17226 0.172281 0.118122 0.0557297 0.0187756 0.00635669 0.0059169 0.01018 0.016738 0.0241186 0.0303625 0.033522 0.0327173 0.0286648 0.0231904 0.0181248 0.0144385 0.0121162 0.0106
 1.0084e-16 7.25242e-05 0.000704961 0.00468471 0.021296 0.0662599 0.141174 0.20605 0.20606 0.141223 0.0664225 0.0217657 0.00586351 0.00327791 0.00495787 0.00807848 0.0116228 0.0145994 0.0160499 0.0155311 0.0133741 0.0104561 0.00767607 0.00554153 0.0041034 0.00315556
 1.00848e-16 5.73077e-05 0.000557051 0.0037018 0.0168279 0.0523579 0.111555 0.162824 0.162851 0.111689 0.0528081 0.0181276 0.00696233 0.00766828 0.0135435 0.0222487 0.0319249 0.0398932 0.0434632 0.0413915 0.0346313 0.025713 0.0172741 0.010869 0.0067375 0.00432278
 1.02968e-16 4.19734e-05 0.000407997 0.00271128 0.0123251 0.0383483 0.0817065 0.119261 0.1193 0.0818978 0.0389909 0.0141818 0.00737302 0.010589 0.0193901 0.032021 0.0461944 0.058231 0.0643875 0.0629016 0.0550013 0.0440087 0.0333064 0.0247731 0.0185919 0.0140579
 1.04161e-16 5.66563e-05 0.000550719 0.00365972 0.0166366 0.0517627 0.110287 0.160971 0.160992 0.110388 0.0521031 0.0176207 0.00613391 0.00596491 0.0103774 0.0171658 0.0249545 0.031865 0.0360046 0.0364763 0.0338591 0.029709 0.0255158 0.0219641 0.0189414 0.0160406
 1.02311e-16 6.27218e-05 0.000609679 0.00405153 0.0184177 0.0573043 0.122094 0.178203 0.178222 0.122187 0.0576166 0.0193196 0.00631569 0.00555276 0.00945182 0.01553 0.0223744 0.0281566 0.0310574 0.0302412 0.0263477 0.0210483 0.016034 0.0122262 0.00966511 0.0079108
 1.00806e-16 7.14625e-05 0.000694641 0.00461613 0.0209843 0.0652899 0.139108 0.203034 0.203045 0.139162 0.0654719 0.0215099 0.0059352 0.00357354 0.00553711 0.00903574 0.0129971 0.0163173 0.0179222 0.0173143 0.0148641 0.0115558 0.00840039 0.00597164 0.00433253 0.00325681
 1.01847e-16 3.07528e-05 0.000298928 0.00198649 0.00903031 0.028097 0.0598656 0.0873874 0.0874436 0.0601402 0.0290187 0.0116917 0.00866326 0.0148619 0.0276515 0.0455677 0.0654098 0.0817691 0.0891478 0.0850015 0.0712732 0.0531254 0.0359337 0.0228587 0.0143807 0.00936499
 1.03275e-16 6.51217e-05 0.000633006 0.00420655 0.0191224 0.0594968 0.126765 0.185019 0.18503 0.126819 0.0596808 0.0196552 0.00554947 0.0035822 0.00571759 0.00948284 0.0139639 0.018202 0.0212403 0.0225953 0.0224688 0.0214719 0.0201172 0.0185268 0.016543 0.0140451
 1.0325e-16 4.63958e-05 0.000450984 0.00299695 0.0136237 0.0423886 0.0903148 0.131825 0.131862 0.0904968 0.0429996 0.0153879 0.00742342 0.0101079 0.0183689 0.0302482 0.0434639 0.0544411 0.0595745 0.0572183 0.0486849 0.037384 0.0268133 0.0189496 0.0139629 0.0109665
 1.05602e-16 4.12508e-05 0.000400972 0.0026646 0.0121129 0.037688 0.0802996 0.117207 0.117242 0.0804713 0.0382648 0.0137804 0.0068552 0.00956572 0.0174953 0.0289841 0.0420406 0.0534708 0.060016 0.0601263 0.0548074 0.0467955 0.0387796 0.032108 0.0267397 0.0220428
 1.05885e-16 5.31587e-05 0.000516722 0.0034338 0.0156096 0.0485673 0.103479 0.151035 0.151058 0.103592 0.0489472 0.0167081 0.00619553 0.00655949 0.0115705 0.0191519 0.0278374 0.0355412 0.0401638 0.0407302 0.0379247 0.0335232 0.0292065 0.0257141 0.0228451 0.0200373
 1.04405e-16 5.33553e-05 0.000518633 0.0034465 0.0156673 0.0487469 0.103861 0.151594 0.151621 0.103992 0.0491867 0.0169377 0.00663636 0.00748567 0.0132956 0.0219239 0.0316441 0.0399378 0.0442737 0.0434903 0.0384761 0.0315359 0.0249727 0.0199961 0.0165927 0.0141123
 1.08355e-16 1.58702e-05 0.000154264 0.00102514 0.00466019 0.0144999 0.0308959 0.0451064 0.0451681 0.0311973 0.015512 0.00758419 0.00836803 0.0161946 0.030511 0.0504982 0.0729349 0.0921181 0.102219 0.100524 0.0890006 0.0728566 0.0573196 0.0451747 0.0364942 0.0299669
 1.093e-16 5.80989e-05 0.000564742 0.00375291 0.0170602 0.0530806 0.113094 0.165066 0.165076 0.113141 0.0532379 0.0175174 0.00491202 0.00313273 0.00504581 0.00853951 0.0129741 0.0177381 0.0222159 0.0260852 0.0293858 0.0322288 0.0344243 0.0354104 0.0345739 0.0316843
 1.0843e-16 3.59547e-05 0.000349493 0.0023225 0.0105578 0.0328494 0.0699909 0.102163 0.102208 0.0702109 0.033588 0.0126904 0.00767403 0.0120268 0.0221992 0.036609 0.0526628 0.0660999 0.0726297 0.0703444 0.0609051 0.0484634 0.0371909 0.0293079 0.0247552 0.022165
 1.13033e-16 2.63532e-05 0.000256162 0.00170229 0.00773839 0.0240772 0.0513006 0.0748831 0.0749235 0.0514978 0.0247401 0.00965624 0.00652857 0.0108324 0.020231 0.0337135 0.0492843 0.0634825 0.0727463 0.0753695 0.0723749 0.0665246 0.0603443 0.054804 0.0494606 0.0435018
 1.0942e-16 5.76791e-05 0.000560661 0.00372579 0.0169369 0.0526971 0.112277 0.163875 0.163889 0.112347 0.0529313 0.0176151 0.00543456 0.00431276 0.0072484 0.0120635 0.01778 0.0232291 0.0272602 0.029366 0.029939 0.0298698 0.0298244 0.0298048 0.0292808 0.0276739
 1.05964e-16 4.71652e-05 0.000458462 0.00304664 0.0138496 0.0430915 0.0918123 0.13401 0.134044 0.0919785 0.0436497 0.0154616 0.00709228 0.00928828 0.0168117 0.027707 0.0398858 0.0501211 0.0551681 0.0535643 0.0465214 0.0371196 0.0284662 0.022236 0.0184372 0.016132
 1.10158e-16 1.76733e-05 0.000171791 0.00114162 0.00518965 0.0161472 0.0344054 0.0502274 0.0502828 0.0346766 0.0170583 0.007823 0.00775873 0.0146403 0.0275641 0.0457186 0.0662709 0.0841981 0.0943518 0.0943092 0.0857226 0.0730084 0.0605068 0.0503907 0.0425527 0.0358655
 1.21671e-16 2.84712e-05 0.00027675 0.0018391 0.00836031 0.0260121 0.0554225 0.0808955 0.0809184 0.0555346 0.0263902 0.00945807 0.00461712 0.00641594 0.0119082 0.0202205 0.0304864 0.041206 0.0508184 0.0585681 0.0647395 0.0699591 0.074201 0.0764468 0.0752993 0.0699775
 1.09939e-16 6.2848e-05 0.000610905 0.00405968 0.0184547 0.0574195 0.122339 0.178559 0.178571 0.122397 0.057615 0.0190201 0.00548205 0.0037266 0.00601247 0.00992869 0.0145138 0.0187345 0.0216098 0.0227629 0.0226606 0.0222634 0.02235 0.0230424 0.0238309 0.0239727
pSPR Fmed_Fpbrs
0.584342   0.285572 0.285572
Fs Fmed_Fpbrs
0.360166   1.005 1.005
SSBpbr Bo_Bmed_Bpbrs
1.75121e+06  935745  412537 412537
Ro
151512
SPR SPRFo_SPRFmed_SPRFpbrs
1.083e+06 632840 309274
Fref
1.005
Nvult_r0
 200463 19106.8 6320.75 8357.39 3074.28
CTP_r0
 23668 4035.31 1334.93 1765.06 649.281
YTP_r0
391760
Np
 224066 95111.3 7484.55 2475.98 4195.23
Nvult_p0
 174195 82303.6 6476.68 2142.56 3630.3
CTP_p0
 58258.3 41254.4 3246.41 1073.95 1819.67
YTP_p0
 1.27258e+06
CBA_c0
656005
log_Ro
11.7484
likeval ReclasPelacesDesembMPH_pf_preclas_ppelaces_ptallas_desvR_qrecl_qpela
 23.4738 28.8222 0.3069 0.00264259 250.702 134.047 106.086 0 34.8509 0 0 0.550154 0 0 0
q_reclas_q_pelaces
1 1
M
1
N
 334660 66730.7 24548.8 9031.01 5255.84
 72486.4 107904 18857.5 6937.3 4037.35
 48880.1 22181.4 27465.9 4800.01 2793.5
 93247 15038 5706.89 7066.51 1953.68
 53725.2 22125 2301.35 873.357 1380.41
 221218 16294.6 5532.38 575.455 563.556
 69319.2 60528 3315.97 1125.84 231.79
 22808.5 14213.5 6917.41 378.964 155.156
 37578.1 7486.69 4162.77 2025.94 156.43
 37903.5 9015.79 1171.44 651.349 341.475
 121066 7653.28 999.157 129.823 110.028
 154298 40494.4 2327.48 303.859 72.9422
 82758.6 42142.6 8211.34 471.959 76.4065
 95252.8 22651.1 8581.59 1672.09 111.665
 131678 21033.5 3002.28 1137.44 236.428
 462392 37671.7 4679.59 667.957 305.663
 153990 132829 8450.32 1049.7 218.398
 605925 50335.7 38579.5 2454.36 368.314
 461823 189687 13409.4 10277.5 751.955
 323207 136942 45337.1 3204.98 2636.16
 470933 98628.1 34663.3 11475.9 1478.53
 594968 149476 27009.7 9492.67 3547.63
 99795.1 180854 37543.3 6783.93 3275.29
 443662 32994.4 53738.3 11155.5 2988.96
 254756 147345 9892.32 16111.7 4240.77
 122664 85419.3 45028.9 3023.12 6219.77
 363957 41521.2 26604.7 14024.7 2878.79
 364130 120479 12367.6 7924.52 5034.91
 86756.2 123060 37404.6 3839.72 4023.47
 80625.5 29750.3 39336.2 11956.4 2513.47
 295574 26591.3 8796.73 11631.2 4278.54
pred_Ctot
 26419.6 9991.37 3675.62 1352.19 786.94
 7822.97 21650.9 3783.77 1391.97 810.095
 5132.89 4339.28 5373.08 939.013 546.484
 21681.7 5951.32 2258.51 2796.58 773.173
 6056.61 4621.83 480.744 182.441 288.362
 36704.9 4826.67 1638.76 170.457 166.932
 20328.5 28894.6 1582.97 537.451 110.651
 1568 1866.16 908.222 49.7561 20.3713
 8552.93 2910.6 1618.36 787.623 60.8154
 11342.8 4372.41 568.118 315.886 165.606
 7001.99 851.651 111.185 14.4466 12.2438
 25737.3 12051.1 692.657 90.4283 21.7076
 13718.2 12472.6 2430.23 139.681 22.6133
 25081 9925.7 3760.45 732.71 48.9315
 18888.6 5472.38 781.118 295.934 61.5125
 65352.9 9671.42 1201.39 171.484 78.4726
 10954.3 18016.8 1146.2 142.381 29.6233
 57838.8 9010.25 6905.85 439.338 65.9293
 57626.5 43493.9 3074.67 2356.56 172.418
 35370.3 27833.3 9214.72 651.408 535.796
 41339.8 16321.5 5736.26 1899.09 244.675
 66358.6 30918.2 5586.79 1963.51 733.806
 6444.87 22369.7 4643.72 839.102 405.119
 27497.4 3923.52 6390.28 1326.55 355.432
 14370.8 16007.6 1074.7 1750.38 460.718
 6235.4 8394.18 4425.01 297.083 611.219
 23248.2 5082.11 3256.36 1716.6 352.359
 18852.9 12051.2 1237.09 792.668 503.628
 3742.46 10315.8 3135.52 321.872 337.276
 5320.89 3756.77 4967.25 1509.82 317.393
 23668 4035.31 1334.93 1765.06 649.281
F
 0.131876 0.263752 0.263752 0.263752 0.263752
 0.184147 0.368295 0.368295 0.368295 0.368295
 0.178789 0.357578 0.357578 0.357578 0.357578
 0.438542 0.877084 0.877084 0.877084 0.877084
 0.193046 0.386092 0.386092 0.386092 0.386092
 0.296042 0.592085 0.592085 0.592085 0.592085
 0.584532 1.16906 1.16906 1.16906 1.16906
 0.114005 0.22801 0.22801 0.22801 0.22801
 0.427445 0.85489 0.85489 0.85489 0.85489
 0.599911 1.19982 1.19982 1.19982 1.19982
 0.0951745 0.190349 0.190349 0.190349 0.190349
 0.297824 0.595649 0.595649 0.595649 0.595649
 0.29572 0.59144 0.59144 0.59144 0.59144
 0.510417 1.02083 1.02083 1.02083 1.02083
 0.251453 0.502906 0.502906 0.502906 0.502906
 0.247352 0.494704 0.494704 0.494704 0.494704
 0.11817 0.23634 0.23634 0.23634 0.23634
 0.161381 0.322762 0.322762 0.322762 0.322762
 0.215624 0.431248 0.431248 0.431248 0.431248
 0.186938 0.373876 0.373876 0.373876 0.373876
 0.14758 0.295161 0.295161 0.295161 0.295161
 0.19082 0.381639 0.381639 0.381639 0.381639
 0.106781 0.213562 0.213562 0.213562 0.213562
 0.102289 0.204579 0.204579 0.204579 0.204579
 0.0927349 0.18547 0.18547 0.18547 0.18547
 0.0832419 0.166484 0.166484 0.166484 0.166484
 0.105563 0.211126 0.211126 0.211126 0.211126
 0.0848398 0.16968 0.16968 0.16968 0.16968
 0.0702632 0.140526 0.140526 0.140526 0.140526
 0.109229 0.218458 0.218458 0.218458 0.218458
 0.133873 0.267745 0.267745 0.267745 0.267745
nmprior
 8.19 8.8 8.5 0
nm_flota  nm_reclas  nm_pelaces    nm_pelaL
inf 7.39866 7.42058 13.5385
cv_recla  cv_pelaces  cv_mph
0.438245 0.608746 1.58643
 ------------------------------------------------
Talla a la edad & desviaci?n 
 8 13.2811 15.8009 17.003 17.5766
 0.8 1.32811 1.58009 1.7003 1.75766
