years
 1991 1992 1993 1994 1995 1996 1997 1998 1999 2000 2001 2002 2003 2004 2005 2006 2007 2008 2009 2010 2011 2012 2013 2014 2015 2016 2017 2018 2019 2020 2021
reclasobs
 0 0 0 0 0 0 0 0 0 252601 567819 844713 477998 351125 339783 2.1784e+06 2.13404e+06 4.81314e+06 1.55562e+06 2.62356e+06 3.21686e+06 3.843e+06 1.13348e+06 3.07943e+06 1.97215e+06 2.03268e+06 2.025e+06 2.42433e+06 2.27542e+06 1.05018e+06 2.36338e+06
reclaspred
 4.98556e+06 1.0887e+06 1.37385e+06 821665 41527 3.31132e+06 1.10487e+06 234332 1.07625e+06 220052 296345 1.23462e+06 550246 807825 368163 1.99473e+06 683246 6.35754e+06 5.04521e+06 1.32084e+06 3.08679e+06 3.32631e+06 1.39369e+06 3.63231e+06 2.47774e+06 1.2147e+06 2.15196e+06 4.02644e+06 2.63876e+06 548526 1.35953e+06
pelacesobs
 0 0 0 0 0 0 0 0 0 0 0 0 0 0 0 552880 188675 0 991730 2.46772e+06 1.41603e+06 1.21717e+06 2.29649e+06 1.80582e+06 0 1.4828e+06 1.56532e+06 1.57751e+06 1.42118e+06 867257 1.10002e+06
pelacespred
 5.55188e+06 1.03568e+06 590627 393636 11990.1 1.71782e+06 683977 209439 526182 101426 141756 534339 264780 379611 146629 798444 360542 3.4305e+06 3.39894e+06 908700 1.51637e+06 1.58808e+06 936613 2.18564e+06 1.64374e+06 884308 1.35027e+06 2.62275e+06 2.15716e+06 466712 655537
mphobs
 0 0 0 0 0 0 0 0 0 0 0 498337 0 5186 125008 0 168611 109162 213762 579715 649985 157893 87575 83554 0 0 0 0 0 0 0
mphpred
 1.49813e+06 534273 60929.3 227666 41412.1 1034.97 446181 85515.2 18888.4 111945 8712.28 37615 136063 31772.9 41847.6 23166.4 241223 54239.1 903453 529055 123527 316582 427106 146626 460541 335514 113512 241177 689771 267352 30728.2
desembarqueobs
 494567 514787 250237 358949 120608 361735 552515 73892 212993 205616 52469 317467 293654 387597 252695 516296 358380 742168 942051 627588 828172 859565 418607 520667 417249 300574 415391 372974 316634 284311 391294
desembarquepred
 494447 513894 250993 357557 120309 361402 551620 73845.2 212730 205297 52425.7 316955 293013 386468 252066 515369 357977 741174 939859 625073 826818 857759 418010 520050 416522 300047 414666 372486 316156 283441 390738
Reclutas
 1320.89 781.54 250753 3734.96 1076.32 294063 1087.23 309.101 62440.6 1451.14 30717.3 157786 32336.6 87668 35228.1 271676 2742.75 611330 268541 23364.3 272196 405178 3012.91 197557 136847 10416.2 140544 220024 8324.71 2475.41 110118
log_desv_Rt
 -2.9845 -3.5093 2.26166 -1.94507 -3.18926 2.42099 -3.17917 -4.43689 0.871409 -2.89046 0.162018 1.79843 0.213395 1.21075 0.299036 2.3418 -2.25384 3.15283 2.3302 -0.111598 2.34372 2.74152 -2.1599 2.02322 1.65606 -0.919449 1.68271 2.13093 -1.14358 -2.3564 1.43875
SSB
 1.61993e+06 577710 65882.9 246175 44778.9 1119.12 482456 92467.6 20424 121047 9420.6 40673.2 147125 34356.1 45249.8 25049.9 260834 58648.8 976905 572068 133569 342321 461830 158547 497984 362791 122741 260785 745850 289089 33226.4
BT
 2.00705e+06 844002 496522 366554 106932 1.29539e+06 712913 129693 480047 211053 121122 551582 360752 617194 327504 854387 400301 2.58625e+06 2.29934e+06 910812 1.54089e+06 1.517e+06 644858 1.64031e+06 1.04152e+06 549233 1.14671e+06 1.70045e+06 958308 442846 737147
Ftot
 0.332239 1.35374 1.30979 1.39375 4.32125 0.910726 1.53545 0.979854 1.5056 2.46786 1.31835 1.81751 2.07342 3.13021 3.6806 1.97042 1.62467 0.935079 0.881265 1.53078 1.77617 1.53293 1.00554 0.994169 0.803022 0.882789 1.30837 0.635806 0.431487 1.50417 2.10108
BD_Bspro_t
 0.948663 0.580271 0.15274 0.390108 0.0804651 0.00337987 0.475251 0.135192 0.0502969 0.243727 0.0377286 0.214434 0.297339 0.0837874 0.0977467 0.0612719 0.277222 0.0832075 0.506784 0.337289 0.100067 0.21695 0.28679 0.139925 0.360863 0.345605 0.194481 0.362843 0.58613 0.352416 0.0813219
BD_Bspro
 8.67555 3.09393 0.352836 1.31839 0.239814 0.00599345 2.5838 0.495212 0.109381 0.648267 0.0504521 0.217826 0.78793 0.183995 0.242336 0.134155 1.3969 0.314094 5.23183 3.06372 0.715333 1.8333 2.47333 0.849101 2.66696 1.94293 0.657338 1.39664 3.99441 1.54822 0.177944
BD_Bo
 1.15812 0.413017 0.047101 0.175996 0.0320134 0.000800081 0.344918 0.0661071 0.0146015 0.0865388 0.00673499 0.0290781 0.105183 0.0245619 0.03235 0.0179087 0.186476 0.0419292 0.69841 0.408984 0.0954916 0.244732 0.330172 0.113349 0.356019 0.259367 0.0877498 0.186441 0.533224 0.206675 0.0237543
BD_Brms
 4.12519 1.47115 0.167772 0.62689 0.114031 0.00284986 1.22859 0.235471 0.0520102 0.308248 0.0239898 0.103575 0.374658 0.0874887 0.11523 0.06379 0.664221 0.149351 2.48771 1.45679 0.340138 0.871728 1.17606 0.403744 1.26813 0.923856 0.312562 0.664096 1.89933 0.736171 0.0846119
Sel_flota
 0.383199 0.9219 0.995561 0.999765 0.999988
 0.383199 0.9219 0.995561 0.999765 0.999988
 0.383199 0.9219 0.995561 0.999765 0.999988
 0.383199 0.9219 0.995561 0.999765 0.999988
 0.383199 0.9219 0.995561 0.999765 0.999988
 0.383199 0.9219 0.995561 0.999765 0.999988
 0.383199 0.9219 0.995561 0.999765 0.999988
 0.383199 0.9219 0.995561 0.999765 0.999988
 0.383199 0.9219 0.995561 0.999765 0.999988
 0.383199 0.9219 0.995561 0.999765 0.999988
 0.383199 0.9219 0.995561 0.999765 0.999988
 0.383199 0.9219 0.995561 0.999765 0.999988
 0.383199 0.9219 0.995561 0.999765 0.999988
 0.383199 0.9219 0.995561 0.999765 0.999988
 0.383199 0.9219 0.995561 0.999765 0.999988
 0.383199 0.9219 0.995561 0.999765 0.999988
 0.383199 0.9219 0.995561 0.999765 0.999988
 0.383199 0.9219 0.995561 0.999765 0.999988
 0.383199 0.9219 0.995561 0.999765 0.999988
 0.383199 0.9219 0.995561 0.999765 0.999988
 0.383199 0.9219 0.995561 0.999765 0.999988
 0.383199 0.9219 0.995561 0.999765 0.999988
 0.383199 0.9219 0.995561 0.999765 0.999988
 0.383199 0.9219 0.995561 0.999765 0.999988
 0.383199 0.9219 0.995561 0.999765 0.999988
 0.383199 0.9219 0.995561 0.999765 0.999988
 0.383199 0.9219 0.995561 0.999765 0.999988
 0.383199 0.9219 0.995561 0.999765 0.999988
 0.383199 0.9219 0.995561 0.999765 0.999988
 0.383199 0.9219 0.995561 0.999765 0.999988
 0.383199 0.9219 0.995561 0.999765 0.999988
Sel_reclas
 0.969298 1 1 1 1
 0.969298 1 1 1 1
 0.969298 1 1 1 1
 0.969298 1 1 1 1
 0.969298 1 1 1 1
 0.969298 1 1 1 1
 0.969298 1 1 1 1
 0.969298 1 1 1 1
 0.969298 1 1 1 1
 0.969298 1 1 1 1
 0.969298 1 1 1 1
 0.969298 1 1 1 1
 0.969298 1 1 1 1
 0.969298 1 1 1 1
 0.969298 1 1 1 1
 0.969298 1 1 1 1
 0.969298 1 1 1 1
 0.969298 1 1 1 1
 0.969298 1 1 1 1
 0.969298 1 1 1 1
 0.969298 1 1 1 1
 0.969298 1 1 1 1
 0.969298 1 1 1 1
 0.969298 1 1 1 1
 0.969298 1 1 1 1
 0.969298 1 1 1 1
 0.969298 1 1 1 1
 0.969298 1 1 1 1
 0.969298 1 1 1 1
 0.969298 1 1 1 1
 0.969298 1 1 1 1
Sel_pelaces
 0.463962 0.813291 0.956373 0.991017 0.998202
 0.463962 0.813291 0.956373 0.991017 0.998202
 0.463962 0.813291 0.956373 0.991017 0.998202
 0.463962 0.813291 0.956373 0.991017 0.998202
 0.463962 0.813291 0.956373 0.991017 0.998202
 0.463962 0.813291 0.956373 0.991017 0.998202
 0.463962 0.813291 0.956373 0.991017 0.998202
 0.463962 0.813291 0.956373 0.991017 0.998202
 0.463962 0.813291 0.956373 0.991017 0.998202
 0.463962 0.813291 0.956373 0.991017 0.998202
 0.463962 0.813291 0.956373 0.991017 0.998202
 0.463962 0.813291 0.956373 0.991017 0.998202
 0.463962 0.813291 0.956373 0.991017 0.998202
 0.463962 0.813291 0.956373 0.991017 0.998202
 0.463962 0.813291 0.956373 0.991017 0.998202
 0.463962 0.813291 0.956373 0.991017 0.998202
 0.463962 0.813291 0.956373 0.991017 0.998202
 0.463962 0.813291 0.956373 0.991017 0.998202
 0.463962 0.813291 0.956373 0.991017 0.998202
 0.463962 0.813291 0.956373 0.991017 0.998202
 0.463962 0.813291 0.956373 0.991017 0.998202
 0.463962 0.813291 0.956373 0.991017 0.998202
 0.463962 0.813291 0.956373 0.991017 0.998202
 0.463962 0.813291 0.956373 0.991017 0.998202
 0.463962 0.813291 0.956373 0.991017 0.998202
 0.463962 0.813291 0.956373 0.991017 0.998202
 0.463962 0.813291 0.956373 0.991017 0.998202
 0.463962 0.813291 0.956373 0.991017 0.998202
 0.463962 0.813291 0.956373 0.991017 0.998202
 0.463962 0.813291 0.956373 0.991017 0.998202
 0.463962 0.813291 0.956373 0.991017 0.998202
pf_obs 
 0.8446 0.082 0.0669 0.0065 0
 0.8095 0.147 0.0364 0.0071 0
 0.9664 0.0169 0.016 0.0007 0
 0.9276 0.0648 0.0075 0.0001 0
 0.7033 0.2144 0.0806 0.0017 0
 0.9318 0.0425 0.0243 0.0014 0
 0.5671 0.3108 0.0964 0.0239 0.0018
 0.0768 0.2599 0.5324 0.112 0.0189
 0.490249 0.384438 0.106611 0.0170017 0.00170017
 0.7925 0.1577 0.0466 0.003 0.0002
 0.840416 0.127587 0.0312969 0.00059994 9.999e-05
 0.8084 0.0986 0.0794 0.0134 0.0002
 0.7335 0.1905 0.0724 0.0035 0.0001
 0.4001 0.4547 0.1325 0.0127 0
 0.49795 0.308269 0.164784 0.0264974 0.00249975
 0.9179 0.0499 0.0305 0.0017 0
 0.2467 0.6533 0.0926 0.0074 0
 0.9418 0.0223 0.034 0.0019 0
 0.707729 0.231977 0.0356964 0.0245975 0
 0.517169 0.277429 0.184464 0.0207286 0.00020938
 0.811772 0.124168 0.05621 0.00726502 0.000585176
 0.764997 0.148141 0.077277 0.00933861 0.000247198
 0.163321 0.427699 0.378323 0.0303852 0.000271297
 0.753843 0.0900009 0.118128 0.0371064 0.000921714
 0.721811 0.176058 0.0630433 0.0369309 0.00215725
 0.143369 0.312575 0.442814 0.0836902 0.0175525
 0.692698 0.0596174 0.167031 0.0765114 0.00414204
 0.394062 0.376323 0.152708 0.0712218 0.00568511
 0.125707 0.32114 0.495352 0.0537591 0.00404204
 0.23352 0.215282 0.420074 0.123614 0.00750983
 0.774587 0.0839891 0.0768558 0.0609784 0.00358967
pf_pred 
 0.00578033 0.141586 0.734061 0.118572 5.8081e-07
 0.0152917 0.0155811 0.149013 0.706548 0.113566
 0.979838 0.00125341 0.000346275 0.00287359 0.0156889
 0.0347302 0.960528 0.000338275 8.12843e-05 0.00432187
 0.106258 0.108899 0.781535 0.000237922 0.00307041
 0.999241 0.000514761 3.96141e-05 0.000203927 8.46293e-07
 0.00780624 0.991963 0.000162752 1.11297e-05 5.71536e-05
 0.0206584 0.0293832 0.949769 0.000133875 5.56693e-05
 0.968932 0.00220439 0.000974306 0.0278842 5.52656e-06
 0.0650922 0.928443 0.000531539 0.000201929 0.00573135
 0.95794 0.0121031 0.0297903 1.38423e-05 0.000152609
 0.929391 0.0698507 0.000240575 0.000514599 2.85165e-06
 0.395279 0.594645 0.00998536 2.90333e-05 6.18548e-05
 0.892922 0.082118 0.0246138 0.000343392 3.09193e-06
 0.713881 0.282081 0.00326745 0.00076041 1.05516e-05
 0.97979 0.0194373 0.000764793 6.6341e-06 1.53981e-06
 0.0315099 0.964313 0.00404267 0.000133105 1.40823e-06
 0.985114 0.00174074 0.0130972 4.69311e-05 1.54783e-06
 0.457851 0.5398 0.000304858 0.00203703 7.49019e-06
 0.116996 0.639395 0.242674 0.000121974 0.000812717
 0.920201 0.0282699 0.0388271 0.0126537 4.83032e-05
 0.812564 0.184147 0.0012951 0.00150597 0.000488073
 0.0171337 0.9285 0.0535488 0.000323586 0.000493936
 0.876397 0.00660521 0.111236 0.00567541 8.60355e-05
 0.564807 0.418702 0.000988813 0.0147441 0.000758491
 0.100048 0.715874 0.177852 0.000375576 0.00585162
 0.877249 0.0319688 0.0738773 0.0163369 0.000568123
 0.762986 0.228918 0.00233399 0.00469576 0.00106618
 0.0510691 0.85395 0.0920549 0.00084688 0.00207866
 0.0619611 0.118183 0.744501 0.073046 0.00230891
 0.967188 0.00753201 0.00363224 0.0196731 0.00197438
pobs_RECLAS
 0 0 0 0 0
 0 0 0 0 0
 0 0 0 0 0
 0 0 0 0 0
 0 0 0 0 0
 0 0 0 0 0
 0 0 0 0 0
 0 0 0 0 0
 0 0 0 0 0
 0 0 0 0 0
 0.991045 0.00858322 0.000360255 1.14367e-05 0
 0.934742 0.0480273 0.0164251 0.00080598 0
 0.827803 0.169806 0.00239088 0 0
 0.941827 0.0461693 0.0120037 0 0
 0.791401 0.0380133 0.147996 0.0225897 0
 0.846168 0.0940531 0.0597789 0 0
 0.134021 0.677848 0.182769 0.00536245 0
 0.80878 0.0450904 0.141981 0.00414843 0
 0.846168 0.0940531 0.0597789 0 0
 0.905697 0.0802665 0.012482 0.00150086 5.37128e-05
 0.989698 0.0102097 9.19794e-05 0 0
 0.975433 0.0193895 0.00387452 0.00125025 5.28907e-05
 0.303575 0.632131 0.0575291 0.00676475 0
 0.966965 0.00978017 0.0227588 0.000495775 0
 0.843318 0.132988 0.00938335 0.0141283 0.000182051
 0.564624 0.303363 0.111486 0.0197234 0.00080311
 0.826376 0.0876187 0.0782897 0.00655872 0.00115652
 0.89761 0.0855135 0.0140674 0.00269457 0.000114338
 0.34875 0.467042 0.161289 0.0227151 0.000203297
 0.318654 0.224769 0.449479 0.00709798 0
 0.937255 0.0296025 0.0250945 0.00804832 0
ppred_RECLAS
 0.0145601 0.150253 0.719476 0.11571 5.6666e-07
 0.042573 0.0166974 0.145294 0.685313 0.110123
 0.992796 0.000491255 0.000123587 0.00102028 0.00556891
 0.0858768 0.91006 0.000291384 6.96477e-05 0.00370213
 0.370631 0.0893507 0.537766 0.000162088 0.00209066
 0.999703 0.000207461 1.46384e-05 7.49961e-05 3.11154e-07
 0.0204524 0.979341 0.000145667 9.90721e-06 5.08614e-05
 0.0542724 0.0308955 0.91465 0.000128301 5.33377e-05
 0.989094 0.000850999 0.000341193 0.00971208 1.92435e-06
 0.174006 0.820959 0.00041675 0.000157257 0.00446185
 0.984363 0.00480628 0.0107709 4.97885e-06 5.48757e-05
 0.97315 0.0265909 8.25192e-05 0.00017549 9.72181e-07
 0.65105 0.343733 0.00516963 1.49389e-05 3.18166e-05
 0.966726 0.0263136 0.00686486 9.50269e-05 8.55278e-07
 0.903419 0.0954133 0.000946034 0.000218238 3.02691e-06
 0.992737 0.00701284 0.000247746 2.13615e-06 4.95656e-07
 0.0803151 0.916095 0.00347517 0.000113786 1.20348e-06
 0.994406 0.000706251 0.00487027 1.73679e-05 5.72663e-07
 0.676538 0.322181 0.000166907 0.00110996 4.0803e-06
 0.265092 0.546228 0.18796 9.39608e-05 0.000625884
 0.971189 0.0109068 0.01351 0.00437764 1.67057e-05
 0.920131 0.0786002 0.000501168 0.000579604 0.000187791
 0.0420249 0.909239 0.0480073 0.000288688 0.000440554
 0.950698 0.00286382 0.0441619 0.00224226 3.39824e-05
 0.761974 0.229752 0.000498288 0.00739514 0.000380338
 0.218756 0.632163 0.144062 0.000302775 0.00471617
 0.951907 0.0134207 0.0282428 0.00621317 0.000216006
 0.886726 0.109715 0.00102963 0.00206209 0.000468088
 0.11471 0.802905 0.0798583 0.000731432 0.00179488
 0.159762 0.115261 0.65867 0.0642759 0.00203111
 0.98926 0.00269303 0.00116237 0.00625678 0.00062772
pobs_PELACES
 0 0 0 0 0
 0 0 0 0 0
 0 0 0 0 0
 0 0 0 0 0
 0 0 0 0 0
 0 0 0 0 0
 0 0 0 0 0
 0 0 0 0 0
 0 0 0 0 0
 0 0 0 0 0
 0 0 0 0 0
 0 0 0 0 0
 0 0 0 0 0
 0 0 0 0 0
 0 0 0 0 0
 0 0 0 0 0
 0.505614 0.472636 0.0217494 0 0
 0 0 0 0 0
 0.443492 0.261883 0.143347 0.151278 0
 0.227955 0.32914 0.350689 0.0885471 0.00366901
 0.970185 0.0296113 0.000203453 0 0
 0.997202 0.00247181 0.000326279 0 0
 0.445219 0.490057 0.0546422 0.010081 0
 0.90214 0.0892962 0.00764917 0.000914606 0
 0 0 0 0 0
 0.581667 0.319106 0.0959925 0.00289975 0.000334073
 0.762889 0.0836404 0.116647 0.0363945 0.000428098
 0.88444 0.0763242 0.0277011 0.0115352 0
 0.521256 0.241999 0.230069 0.00667565 0
 0.616807 0.101726 0.260614 0.0208532 0
 0.833518 0.0704572 0.0857862 0.0102388 0
ppred_PELACES
 0.00798553 0.131988 0.737224 0.122802 6.0574e-07
 0.0276933 0.0145075 0.143642 0.700749 0.113408
 0.988682 0.000658571 0.000188721 0.00161151 0.0088589
 0.0661007 0.929003 0.000338127 8.35864e-05 0.00447479
 0.415646 0.0789731 0.503195 0.000156222 0.00202897
 0.999546 0.000299762 2.43277e-05 0.000128988 5.39009e-07
 0.0158882 0.983874 0.000165783 1.16589e-05 6.02812e-05
 0.0339648 0.0276006 0.938241 0.000136192 5.70247e-05
 0.983675 0.00110033 0.00050013 0.0147211 2.93766e-06
 0.161137 0.832998 0.000468302 0.000182485 0.00521425
 0.977126 0.00641272 0.0163663 7.82501e-06 8.68624e-05
 0.967132 0.0325041 0.000113489 0.000249466 1.39183e-06
 0.613105 0.380438 0.00639755 1.91019e-05 4.09717e-05
 0.966971 0.0256356 0.00728837 0.000104091 9.43434e-07
 0.913649 0.0852234 0.000908619 0.000216093 3.01808e-06
 0.991282 0.00838207 0.000331928 2.95758e-06 6.91128e-07
 0.0641716 0.931696 0.00399521 0.000135246 1.44067e-06
 0.990929 0.00101267 0.00802731 2.96248e-05 9.83816e-07
 0.589943 0.408133 0.000243362 0.00167497 6.20159e-06
 0.212276 0.56613 0.220714 0.000114088 0.000765381
 0.961673 0.0133817 0.0186681 0.00625274 2.40312e-05
 0.898807 0.0993371 0.000717578 0.000858119 0.000280014
 0.02973 0.914016 0.0553795 0.000344602 0.000529656
 0.922289 0.00395582 0.0700203 0.00367889 5.61553e-05
 0.683423 0.303552 0.000759201 0.0116625 0.000604127
 0.157785 0.662217 0.173693 0.000377811 0.00592725
 0.930051 0.0176561 0.042325 0.00963092 0.000337223
 0.83682 0.157123 0.00170737 0.00354016 0.000809395
 0.0750105 0.826215 0.0956258 0.000907032 0.00224185
 0.115614 0.10847 0.702746 0.0709131 0.00225684
 0.986075 0.0031394 0.00151408 0.00842065 0.000850807
pobs_pel_tallas
 0 0 0 0 0 0 0 0 0 0 0 0 0 0 0 0 0 0 0 0 0 0 0 0 0 0
 0 0 0 0 0 0 0 0 0 0 0 0 0 0 0 0 0 0 0 0 0 0 0 0 0 0
 0 0 0 0 0 0 0 0 0 0 0 0 0 0 0 0 0 0 0 0 0 0 0 0 0 0
 0 0 0 0 0 0 0 0 0 0 0 0 0 0 0 0 0 0 0 0 0 0 0 0 0 0
 0 0 0 0 0 0 0 0 0 0 0 0 0 0 0 0 0 0 0 0 0 0 0 0 0 0
 0 0 0 0 0 0 0 0 0 0 0 0 0 0 0 0 0 0 0 0 0 0 0 0 0 0
 0 0 0 0 0 0 0 0 0 0 0 0 0 0 0 0 0 0 0 0 0 0 0 0 0 0
 0 0 0 0 0 0 0 0 0 0 0 0 0 0 0 0 0 0 0 0 0 0 0 0 0 0
 0 0 0 0 0 0 0 0 0 0 0 0 0 0 0 0 0 0 0 0 0 0 0 0 0 0
 0 0 0 0 0 0 0 0 0 0 0 0 0 0 0 0 0 0 0 0 0 0 0 0 0 0
 0 0 0 0 0 0 0 0 0 0 0 0 0 0 0 0 0 0 0 0 0 0 0 0 0 0
 0 0 0 0 0 0 0 0 0 0 0 0 0 0 0 0 0 0 0 0 0 0 0 0 0 0
 0.00862536 0 0 0.000197151 0.00414017 0.0128641 0.00837892 0.0270097 0.101434 0.158115 0.152841 0.127902 0.109271 0.109419 0.0830992 0.0579132 0.0238553 0.00714673 0.00463305 0.00128148 0.00103504 0.000492878 0.000147863 0.000147863 4.92878e-05 0
 0 0 0 0 0 0 0 0 0 0 0 0 0 0 0 0 0 0 0 0 0 0 0 0 0 0
 0 0 0 0 0 0 0 0.0054083 0.00873648 0.0413646 0.0450493 0.0745869 0.0622846 0.0627006 0.0613931 0.0827291 0.12552 0.122667 0.0946155 0.0697135 0.0546179 0.0294188 0.0215738 0.0213955 0.0102223 0.00600262
 0 0 0 0 0.00359764 0.0251062 0.0480494 0.140153 0.205849 0.193036 0.1447 0.116669 0.0760912 0.0342217 0.00950174 0.001854 0.000860785 0 0 0 0.000165536 0 0.000143464 0 0 0
 0 0 0 0 0 0 0 0.000145254 0.000435761 0.0275982 0.070085 0.0708112 0.156366 0.174668 0.174014 0.160142 0.0824315 0.0480064 0.0283245 0.00493863 0.00203355 0 0 0 0 0
 0 0 0 0 0 0 0 0 0 0 0 0 0 0 0 0 0 0 0 0 0 0 0 0 0 0
 0 0 1.00437e-05 0.000401748 0.00122533 0.00171747 0.00176769 0.0269171 0.070346 0.194647 0.189555 0.159765 0.064822 0.0314167 0.0384472 0.0292271 0.0345202 0.0313363 0.0194345 0.0106764 0.0143323 0.0359363 0.0279516 0.0138201 0.00172751 0
 0 0.0021121 0.0136068 0.0755702 0.200478 0.177729 0.0527432 0.0373336 0.0318909 0.0142505 0.0149659 0.0166563 0.0217959 0.0798694 0.0677717 0.0528807 0.04013 0.0224614 0.0357745 0.0225083 0.00881397 0.00855152 0.00135912 0.000746735 0 0
 0 0 0 0 5.4009e-05 0.00500934 0.000945158 0.0243581 0.138947 0.33067 0.221406 0.137944 0.0707744 0.0437923 0.0131692 0.00525238 0.0047753 0.00276346 9.45158e-05 9.00151e-06 2.25038e-05 9.00151e-06 4.50075e-06 0 0 0
 0.000866109 0.00284123 0.00948549 0.0512746 0.133035 0.25785 0.225252 0.132002 0.0553304 0.0519788 0.0540692 0.017754 0.00435017 0.00159236 0.00146478 0.000404838 0.000125132 0.000115318 0.000107957 0.000100596 0 0 0 0 0 0
 0 0 0 0 0.00144013 0.00171154 0.00461396 0.0210425 0.0478622 0.0707936 0.0888783 0.103762 0.0637923 0.0337046 0.0602308 0.124433 0.169614 0.0934646 0.0462172 0.0250306 0.0313229 0.00938855 0.002487 0.000210481 0 0
 0 0.00764035 0.051015 0.0998891 0.058973 0.0496711 0.0374665 0.0718981 0.12319 0.153886 0.159021 0.0857701 0.0377988 0.023471 0.0147837 0.00900784 0.00315554 0.000888139 0.00291439 0.00214683 0.00393193 0.00274676 0.000635225 9.99891e-05 0 0
 0 0 0 0 0 0 0 0 0 0 0 0 0 0 0 0 0 0 0 0 0 0 0 0 0 0
 0 0 0 0 0 0 0 0 0 0 0 0 0 0 0 0 0 0 0 0 0 0 0 0 0 0
 0 0 0 0 0 0 0 0 0 0 0 0 0 0 0 0 0 0 0 0 0 0 0 0 0 0
 0 0 0 0 0 0 0 0 0 0 0 0 0 0 0 0 0 0 0 0 0 0 0 0 0 0
 0 0 0 0 0 0 0 0 0 0 0 0 0 0 0 0 0 0 0 0 0 0 0 0 0 0
 0 0 0 0 0 0 0 0 0 0 0 0 0 0 0 0 0 0 0 0 0 0 0 0 0 0
 0 0 0 0 0 0 0 0 0 0 0 0 0 0 0 0 0 0 0 0 0 0 0 0 0 0
ppred_pel_tallas
 1.33624e-16 6.57789e-07 6.39395e-06 4.24907e-05 0.000193165 0.000601081 0.00128117 0.0018728 0.00188667 0.0013495 0.000833832 0.000880171 0.00182263 0.00407676 0.00827159 0.0150852 0.0250245 0.0383487 0.0551115 0.0750486 0.097085 0.118729 0.136074 0.144904 0.142493 0.128977
 1.93617e-16 2.28106e-06 2.21727e-05 0.000147346 0.000669813 0.00208405 0.00444035 0.00648121 0.0064831 0.00444983 0.00211744 0.000773406 0.000435416 0.00074802 0.00168009 0.00360354 0.00726572 0.0138334 0.024874 0.0420747 0.0665795 0.0980548 0.133897 0.169139 0.197403 0.21274
 1.01667e-16 8.14365e-05 0.000791591 0.0052604 0.023913 0.0744023 0.158522 0.231367 0.231368 0.158522 0.0744034 0.0239162 0.00526862 0.000810126 0.000118585 7.28179e-05 0.000111945 0.000176558 0.000273598 0.000423503 0.000652793 0.000982957 0.00141459 0.00191431 0.00241288 0.00281912
 1.01013e-16 5.44482e-06 5.29257e-05 0.000351714 0.0015989 0.00497524 0.0106036 0.015495 0.0155843 0.0110399 0.00643983 0.00582636 0.0109528 0.0231606 0.0437892 0.0721169 0.103261 0.128538 0.13911 0.130915 0.107178 0.0764138 0.0475801 0.0260802 0.0128684 0.00606294
 1.14901e-16 3.42363e-05 0.000332789 0.0022115 0.0100532 0.0312791 0.0666438 0.0972703 0.0972787 0.0666851 0.0314198 0.0104692 0.00329203 0.00281114 0.00509011 0.00926726 0.015447 0.023775 0.0342395 0.046536 0.0597603 0.072108 0.0810192 0.0840062 0.0798135 0.0691572
 1.00014e-16 8.23313e-05 0.00080029 0.00531821 0.0241758 0.0752199 0.160264 0.23391 0.23391 0.160264 0.0752203 0.0241772 0.00532165 0.000807807 9.66255e-05 2.94705e-05 3.45387e-05 4.34479e-05 4.86393e-05 4.88242e-05 4.51869e-05 4.03597e-05 3.67439e-05 3.52332e-05 3.51053e-05 3.48526e-05
 1.00268e-16 1.30889e-06 1.2723e-05 8.45535e-05 0.000384426 0.0011966 0.00255298 0.00374598 0.00384058 0.00301512 0.00274766 0.00486148 0.0113115 0.0244842 0.0463683 0.0763687 0.109342 0.136091 0.147246 0.138496 0.113244 0.0805002 0.0497537 0.0267425 0.0125085 0.00510066
 1.27106e-16 2.79765e-06 2.71941e-05 0.000180715 0.000821506 0.00255603 0.00544604 0.00794949 0.00795359 0.00546675 0.00262974 0.00105271 0.000829908 0.00167158 0.00378918 0.00798284 0.0154923 0.0277521 0.0458769 0.0698148 0.0974564 0.124335 0.144523 0.152696 0.146414 0.12728
 1.01492e-16 8.1024e-05 0.000787583 0.00523376 0.0237919 0.0740255 0.157719 0.230196 0.230196 0.15772 0.0740274 0.0237974 0.00524787 0.000819644 0.000145931 0.000124386 0.000200415 0.000319318 0.000493861 0.000750162 0.00111499 0.0015969 0.00216561 0.00274343 0.00321923 0.00348306
 1.01128e-16 1.32728e-05 0.000129017 0.000857367 0.00389751 0.012127 0.0258409 0.0377323 0.0378124 0.0262322 0.0134403 0.00768814 0.010363 0.0208491 0.0392734 0.0646676 0.0925962 0.115269 0.124762 0.117436 0.0961874 0.0686503 0.0428564 0.023645 0.0118628 0.00581157
 1.0049e-16 8.04846e-05 0.000782339 0.00519892 0.0236335 0.0735327 0.156669 0.228663 0.228664 0.156672 0.0735433 0.0236645 0.00527793 0.000958564 0.000426098 0.000605405 0.000929964 0.00130517 0.00168928 0.00205534 0.00238731 0.00266173 0.00283242 0.00284081 0.00264999 0.00227541
 1.00037e-16 7.96613e-05 0.000774337 0.00514574 0.0233918 0.0727805 0.155067 0.226325 0.226328 0.155082 0.0728318 0.0235397 0.0055167 0.00158298 0.00161197 0.00252976 0.00361522 0.00450139 0.00487453 0.00459251 0.00376792 0.00269787 0.00169451 0.000945404 0.000482819 0.000240655
 1.00291e-16 5.05007e-05 0.000490885 0.0032621 0.0148291 0.0461389 0.0983053 0.143487 0.143524 0.098484 0.0467389 0.0165609 0.0076055 0.00995982 0.0179962 0.0295727 0.0423638 0.0527845 0.0572184 0.0539986 0.0444266 0.0319541 0.0202087 0.0113718 0.00582955 0.0028384
 1.00228e-16 7.96481e-05 0.000774208 0.00514489 0.0233879 0.0727685 0.155041 0.226287 0.22629 0.155053 0.0728091 0.0235054 0.00544002 0.0014193 0.00130715 0.00204099 0.00294621 0.00373284 0.00416282 0.00412433 0.00368909 0.00305521 0.0024216 0.00189462 0.00148146 0.00114344
 1.00071e-16 7.52561e-05 0.000731516 0.00486118 0.0220982 0.0687558 0.146492 0.213811 0.213819 0.146532 0.0688902 0.0224861 0.00583399 0.00285221 0.00409411 0.00662636 0.00948436 0.0118133 0.0127987 0.0120675 0.00991266 0.00711016 0.00447549 0.00249929 0.00126784 0.000612158
 1.00013e-16 8.16506e-05 0.000793673 0.00527424 0.0239759 0.074598 0.158939 0.231976 0.231977 0.158943 0.0746112 0.0240141 0.00537 0.00100249 0.00047755 0.000658422 0.000936201 0.00116789 0.00126922 0.00120324 0.000998177 0.000729111 0.000474702 0.000281889 0.000158653 8.89358e-05
 1.00368e-16 5.28593e-06 5.13812e-05 0.00034145 0.00155224 0.00483007 0.0102943 0.0150436 0.0151332 0.010732 0.006299 0.0057923 0.0109743 0.023229 0.0439235 0.072343 0.103595 0.128972 0.13961 0.131424 0.107629 0.0767379 0.0477106 0.025958 0.0124561 0.00536365
 1.00236e-16 8.16215e-05 0.00079339 0.00527236 0.0239674 0.0745714 0.158882 0.231893 0.231893 0.158883 0.0745733 0.0239729 0.00528678 0.000826782 0.000150634 0.000134366 0.000219259 0.000345156 0.000509317 0.000707709 0.000925008 0.00113011 0.00127973 0.00133268 0.00126867 0.00109969
 1.00281e-16 4.85929e-05 0.00047234 0.00313887 0.0142689 0.044396 0.0945917 0.138068 0.138107 0.0947834 0.0450394 0.0161261 0.00779625 0.0106243 0.0192844 0.0316873 0.045368 0.0564753 0.0611231 0.0575263 0.0470991 0.0335779 0.0208938 0.0114169 0.0055664 0.00252112
 1.06656e-16 1.7485e-05 0.000169961 0.00112945 0.00513436 0.0159752 0.0340389 0.0496922 0.049747 0.0343066 0.0168748 0.00773534 0.00766816 0.0144765 0.0272824 0.0453188 0.0658408 0.0839418 0.0945552 0.0952181 0.0873724 0.0750937 0.0623858 0.0512581 0.0417236 0.0330436
 1.01174e-16 7.92118e-05 0.000769967 0.0051167 0.0232598 0.0723698 0.154192 0.225047 0.225049 0.154198 0.0723915 0.0233229 0.00527663 0.00112364 0.000764292 0.00117329 0.00176493 0.00239284 0.00296385 0.00343375 0.00381524 0.00413744 0.00439024 0.00450803 0.00440854 0.00405199
 1.0018e-16 7.40336e-05 0.000719633 0.00478221 0.0217393 0.0676389 0.144112 0.210338 0.210348 0.144159 0.0677956 0.0221914 0.00591608 0.00319141 0.00475816 0.00772226 0.0110543 0.0137693 0.0149199 0.014073 0.0115728 0.00832591 0.00528359 0.00301554 0.00161687 0.000883095
 1.01956e-16 2.44901e-06 2.38053e-05 0.000158199 0.000719204 0.00223818 0.00477193 0.00698322 0.00707119 0.00520172 0.0036809 0.00488461 0.0106077 0.0228143 0.0432241 0.0712915 0.102313 0.127844 0.139262 0.132569 0.110798 0.0820416 0.0547506 0.0339294 0.0203949 0.0124257
 1.02401e-16 7.59677e-05 0.000738433 0.00490715 0.0223072 0.0694059 0.147877 0.21583 0.215831 0.147879 0.0694145 0.0223332 0.00497758 0.000909362 0.000450842 0.00075583 0.00138506 0.00237222 0.00378476 0.00561817 0.00772771 0.00979771 0.0113948 0.0121123 0.0117419 0.0103723
 1.01372e-16 5.62927e-05 0.000547185 0.00363624 0.0165298 0.0514306 0.109579 0.15994 0.15997 0.109722 0.0519092 0.0179115 0.00710141 0.00810142 0.0143732 0.0235948 0.0338028 0.0421322 0.0457126 0.0432399 0.0357829 0.0261197 0.0171434 0.0105543 0.00658013 0.00452912
 1.06223e-16 1.29967e-05 0.000126332 0.000839526 0.0038164 0.0118746 0.0253024 0.036943 0.037007 0.0256149 0.0129242 0.00684942 0.00845821 0.0167757 0.0316843 0.0524912 0.0759141 0.0960727 0.106926 0.105598 0.0939877 0.0772966 0.0607646 0.0472191 0.0368636 0.0286377
 1.02249e-16 7.66071e-05 0.000744648 0.00494845 0.0224949 0.0699901 0.149121 0.217647 0.217649 0.14913 0.0700193 0.0225803 0.00516591 0.0012298 0.00102864 0.00165946 0.00257055 0.00362516 0.00473115 0.00583514 0.00691536 0.00792186 0.00872096 0.00911414 0.00893389 0.00814616
 1.00582e-16 6.89278e-05 0.000670002 0.0044524 0.02024 0.0629742 0.134174 0.195834 0.195849 0.134248 0.063222 0.0209553 0.00624629 0.00458092 0.00748133 0.0122196 0.0175039 0.0218192 0.0236755 0.0223934 0.0185203 0.0134884 0.0087927 0.00531796 0.00319425 0.0020798
 1.03442e-16 6.17869e-06 6.00591e-05 0.000399118 0.00181438 0.00564564 0.0120316 0.0175771 0.0176567 0.0124205 0.00695125 0.00558483 0.0098612 0.0207082 0.0391979 0.0647305 0.0930965 0.116744 0.127951 0.123109 0.104861 0.0802953 0.0567481 0.0384683 0.0260584 0.0180233
 1.27801e-16 9.52304e-06 9.25673e-05 0.000615143 0.00279636 0.00870057 0.0185379 0.027059 0.0270705 0.0185948 0.00889474 0.00337105 0.00210994 0.00352844 0.00704059 0.0129424 0.0217105 0.0336885 0.0490103 0.0674071 0.0877243 0.107429 0.122748 0.129808 0.126325 0.112786
 1.01034e-16 8.12217e-05 0.000789504 0.00524653 0.02385 0.0742061 0.158104 0.230757 0.230758 0.158105 0.0742112 0.0238647 0.00528372 0.000871671 0.000240305 0.000277171 0.00041266 0.000567265 0.000725504 0.00089323 0.00109366 0.00135007 0.00166119 0.00198745 0.00225921 0.00240327
pSPR Fmed_Fpbrs
0.254123   0.330744 0.330744
Fs Fmed_Fpbrs
1.34206   1.005 1.005
SSBpbr Bo_Bmed_Bpbrs
1.39876e+06  285518  392692 392692
Ro
26122.8
SPR SPRFo_SPRFmed_SPRFpbrs
186724 47450.7 61757.7
Fref
1.005
Nvult_r0
 92009.2 484.579 227.797 1232.13 123.647
CTP_r0
 41038.3 319.587 154.118 834.742 83.7741
YTP_r0
390738
Np
 89821.3 18109.3 27.1337 10.8394 60.7031
Nvult_p0
 67339.5 15471.6 23.4635 9.37939 52.5287
CTP_p0
 18723 7440.68 11.7349 4.70084 26.3297
YTP_p0
 262049
CBA_c0
352132
log_Ro
9.99056
likeval ReclasPelacesDesembMPH_pf_preclas_ppelaces_ptallas_desvR_qrecl_qpela
 33.135 29.7749 0.635016 0.000996563 442.325 143.682 139.195 0 218.787 8.02935e-05 0.000232548 0.667451 0 0 0
q_reclas_q_pelaces
3.56001 8.75432
M
1
N
 1320.89 14449.3 70041.1 11272.3 0.0552051
 781.54 427.839 3913.2 18510.1 2974.83
 250753 171.145 45.1835 374.046 2041.92
 3734.96 55843.7 18.8219 4.51208 239.877
 1076.32 805.456 5684.03 1.72886 22.3101
 294063 75.5957 5.51598 28.3138 0.117484
 1087.23 76310 12.0107 0.819522 4.20796
 309.101 222.072 6815.97 0.958067 0.398335
 62440.6 78.1154 33.1048 945.316 0.187336
 1451.14 12900.6 7.17195 2.72036 77.2057
 30717.3 207.353 487.799 0.226111 2.49251
 157786 6818.47 22.6246 48.2989 0.267621
 32336.6 28927 469.576 1.36288 2.90331
 87668 5374.51 1573.47 21.9246 0.197398
 35228.1 9718.8 110.353 25.6546 0.35597
 271676 3162.74 120.142 1.0402 0.241413
 2742.75 46971.8 189.173 6.21518 0.0657485
 611330 541.392 3864.23 13.8074 0.45531
 268541 157168 84.1074 560.365 2.06015
 23364.3 70478.1 25658.6 12.868 85.7297
 272196 4780.83 6322.25 2056.26 7.84856
 405178 50698.6 342.038 396.846 128.6
 3012.91 82839.8 4538.92 27.3522 41.7456
 197557 753.96 12060.1 613.617 9.30067
 136847 49653.2 110.921 1648.97 84.8152
 10416.2 37008.4 8712.48 18.345 285.779
 140544 2732.11 6033.35 1330.94 46.2781
 220024 31316.8 300.86 603.35 136.969
 8324.71 63440 6410.93 58.7718 144.228
 2475.41 2595.77 15678.8 1534.85 48.5092
 110118 511.713 238.636 1290.22 129.473
pred_Ctot
 100.857 2470.44 12808.1 2068.88 0.0101342
 208.489 212.436 2031.67 9633.21 1548.38
 65134.9 83.3206 23.0187 191.022 1042.92
 1019.89 28206.9 9.93382 2.387 126.916
 623.929 639.431 4589.02 1.39703 18.0288
 56333.6 29.0204 2.2333 11.4967 0.047711
 320.48 40724.4 6.68168 0.456921 2.3464
 63.0545 89.6849 2898.93 0.408619 0.169916
 18124.8 41.2353 18.2254 521.602 0.10338
 604.533 8622.76 4.93657 1.87538 53.2289
 8021.2 101.344 249.446 0.115907 1.27785
 52901.9 3975.97 13.6938 29.2915 0.162319
 11937.6 17958.5 301.561 0.876814 1.86804
 42509.6 3909.42 1171.8 16.3479 0.147198
 18762.4 7413.74 85.8762 19.9853 0.277321
 96672.5 1917.81 75.4595 0.654564 0.151928
 844.651 25849.2 108.367 3.56799 0.0377489
 119807 211.703 1592.84 5.70763 0.188243
 50000.6 58950.1 33.2927 222.459 0.817984
 6870.66 37548.7 14251.1 7.16297 47.7271
 89702.9 2755.8 3784.94 1233.51 4.70869
 119280 27031.7 190.113 221.068 71.6466
 628.316 34049.3 1963.7 11.8663 18.1133
 40802 307.516 5178.78 264.228 4.00552
 23492.9 17415.7 41.1292 613.276 31.5491
 1942.33 13898 3452.83 7.29145 113.604
 36475.2 1329.23 3071.75 679.274 23.622
 30676.2 9203.77 93.8393 188.795 42.8663
 812.853 13592.1 1465.21 13.4796 33.0855
 718.012 1369.52 8627.36 846.465 26.7559
 41038.3 319.587 154.118 834.742 83.7741
F
 0.127314 0.306291 0.330764 0.332161 0.332235
 0.518753 1.24801 1.34773 1.35342 1.35372
 0.50191 1.20749 1.30397 1.30948 1.30977
 0.534083 1.2849 1.38756 1.39342 1.39373
 1.6559 3.98376 4.30207 4.32023 4.3212
 0.34899 0.839598 0.906683 0.910512 0.910715
 0.588385 1.41554 1.52864 1.53509 1.53544
 0.375479 0.903327 0.975504 0.979624 0.979841
 0.576944 1.38801 1.49891 1.50524 1.50558
 0.945683 2.27512 2.45691 2.46728 2.46783
 0.50519 1.21539 1.3125 1.31804 1.31833
 0.696468 1.67556 1.80944 1.81708 1.81749
 0.794535 1.91149 2.06422 2.07294 2.0734
 1.19949 2.88574 3.11632 3.12948 3.13017
 1.4104 3.39315 3.66426 3.67974 3.68056
 0.755065 1.81653 1.96168 1.96996 1.9704
 0.622573 1.49778 1.61746 1.62429 1.62465
 0.358322 0.86205 0.930928 0.93486 0.935068
 0.3377 0.812439 0.877353 0.881059 0.881254
 0.586594 1.41123 1.52399 1.53042 1.53076
 0.680626 1.63745 1.76828 1.77575 1.77614
 0.587418 1.41321 1.52613 1.53257 1.53291
 0.385321 0.927005 1.00107 1.0053 1.00552
 0.380965 0.916525 0.989756 0.993936 0.994157
 0.307718 0.740306 0.799457 0.802834 0.803012
 0.338284 0.813843 0.87887 0.882582 0.882778
 0.501365 1.20618 1.30256 1.30806 1.30835
 0.243641 0.58615 0.632984 0.635657 0.635798
 0.165346 0.397788 0.429572 0.431386 0.431482
 0.576398 1.3867 1.4975 1.50382 1.50416
 0.805133 1.93699 2.09175 2.10059 2.10106
nmprior
 8.19 8.8 8.5 0
nm_flota  nm_reclas  nm_pelaces    nm_pelaL
inf 7.87207 3.29888 4.71929
cv_recla  cv_pelaces  cv_mph
0.520677 0.618725 0.974222
 ------------------------------------------------
Talla a la edad & desviaci?n 
 8 13.2811 15.8009 17.003 17.5766
 0.8 1.32811 1.58009 1.7003 1.75766
