years
 1991 1992 1993 1994 1995 1996 1997 1998 1999 2000 2001 2002 2003 2004 2005 2006 2007 2008 2009 2010 2011 2012 2013 2014 2015 2016 2017 2018 2019 2020 2021
reclasobs
 0 0 0 0 0 0 0 0 0 252601 567819 844713 477998 351125 339783 2.1784e+06 2.13404e+06 4.81314e+06 1.55562e+06 2.62356e+06 3.21686e+06 3.843e+06 1.13348e+06 3.07943e+06 1.97215e+06 2.03268e+06 2.025e+06 2.42433e+06 2.27542e+06 1.05018e+06 2.36338e+06
reclaspred
 5.38138e+06 3.1683e+06 1.6272e+06 1.90572e+06 2.36935e+06 3.31631e+06 2.54678e+06 2.17442e+06 1.48454e+06 1.00487e+06 759299 819963 799901 679520 718954 1.37619e+06 1.68738e+06 2.89858e+06 2.60685e+06 2.05178e+06 3.57261e+06 2.83235e+06 2.56796e+06 3.51338e+06 2.8566e+06 2.66287e+06 2.8522e+06 2.76891e+06 2.70992e+06 1.92773e+06 2.68129e+06
pelacesobs
 0 0 0 0 0 0 0 0 0 0 0 0 0 0 0 552880 188675 0 991730 2.46772e+06 1.41603e+06 1.21717e+06 2.29649e+06 1.80582e+06 0 1.4828e+06 1.56532e+06 1.57751e+06 1.42118e+06 867257 1.10002e+06
pelacespred
 2.63286e+06 1.73119e+06 915016 904616 1.10269e+06 1.6141e+06 1.27e+06 1.17648e+06 834504 545297 433008 377516 392435 360183 395029 629213 740471 1.42683e+06 1.3626e+06 1.00689e+06 1.60519e+06 1.47188e+06 1.27489e+06 1.90329e+06 1.52378e+06 1.38416e+06 1.69122e+06 1.66504e+06 1.29128e+06 1.0357e+06 1.47978e+06
mphobs
 0 0 0 0 0 0 0 0 0 0 0 498337 0 5186 125008 0 168611 109162 213762 579715 649985 157893 87575 83554 0 0 0 0 0 0 0
mphpred
 5.13637e+06 3.50624e+06 1.84223e+06 1.03007e+06 1.71742e+06 2.13114e+06 2.60111e+06 1.84736e+06 1.48832e+06 982348 608657 622677 596420 525688 416204 564099 1.29506e+06 1.39954e+06 2.19223e+06 1.76749e+06 1.95161e+06 2.40123e+06 2.21694e+06 1.96599e+06 2.65767e+06 2.20011e+06 1.90156e+06 1.95672e+06 2.52532e+06 1.83597e+06 1.33492e+06
desembarqueobs
 494567 514787 250237 358949 120608 361735 552515 73892 212993 205616 52469 317467 293654 387597 252695 516296 358380 742168 942051 627588 828172 859565 418607 520667 417249 300574 415391 372974 316634 284311 391294
desembarquepred
 494572 512416 251714 358956 120609 361750 552604 73894.2 213044 205674 52471.7 317586 293750 387725 252718 516331 358419 742146 942050 627582 828307 859723 418646 520714 417280 300591 415416 372987 316652 284336 391303
Reclutas
 275218 162249 155279 506681 388315 488794 202033 96984.5 73477.2 89605.3 135501 168765 155456 118678 131152 527430 165490 746199 521215 388033 569972 727732 199464 487159 414008 211492 416393 434440 165765 140097 486672
log_desv_Rt
 0.0723805 -0.456055 -0.499964 0.682697 0.416631 0.646757 -0.236755 -0.970633 -1.24821 -1.04977 -0.636206 -0.416679 -0.49882 -0.768769 -0.668825 0.722831 -0.436274 1.06981 0.710979 0.415906 0.800402 1.04475 -0.249553 0.643405 0.4807 -0.190998 0.486446 0.528874 -0.434614 -0.602847 0.642406
SSB
 5.13637e+06 3.50624e+06 1.84223e+06 1.03007e+06 1.71742e+06 2.13114e+06 2.60111e+06 1.84736e+06 1.48832e+06 982348 608657 622677 596420 525688 416204 564099 1.29506e+06 1.39954e+06 2.19223e+06 1.76749e+06 1.95161e+06 2.40123e+06 2.21694e+06 1.96599e+06 2.65767e+06 2.20011e+06 1.90156e+06 1.95672e+06 2.52532e+06 1.83597e+06 1.33492e+06
BT
 6.76752e+06 4.68121e+06 2.45815e+06 2.80791e+06 2.99958e+06 4.68682e+06 3.669e+06 3.07999e+06 2.31032e+06 1.5884e+06 1.1949e+06 1.2903e+06 1.33916e+06 1.40879e+06 1.38795e+06 2.27348e+06 2.24028e+06 4.75327e+06 4.61955e+06 3.20415e+06 5.15103e+06 4.74625e+06 3.67569e+06 5.85747e+06 4.33806e+06 3.88962e+06 5.14562e+06 5.02804e+06 3.50836e+06 2.88466e+06 4.61176e+06
Ftot
 0.0817993 0.144267 0.136774 0.145172 0.0413563 0.0873853 0.184185 0.0291544 0.123024 0.17311 0.0555798 0.303903 0.287762 0.432629 0.260781 0.269874 0.170419 0.192889 0.281317 0.24318 0.18267 0.237305 0.135046 0.114926 0.119167 0.0932564 0.113787 0.103328 0.0995455 0.125388 0.110125
BD_Bspro_t
 0.986997 0.901579 0.793944 0.73502 0.793378 0.846935 0.836609 0.75374 0.7823 0.744888 0.706431 0.781552 0.660507 0.583043 0.507337 0.577859 0.667409 0.670517 0.710786 0.633865 0.612511 0.656243 0.664245 0.673924 0.760706 0.768161 0.78187 0.805245 0.831008 0.786526 0.755935
BD_Bspro
 2.80694 1.9161 1.00675 0.562915 0.938541 1.16463 1.42146 1.00955 0.813343 0.536837 0.332621 0.340282 0.325933 0.28728 0.227449 0.308271 0.707726 0.764827 1.19802 0.965903 1.06652 1.31223 1.21152 1.07438 1.45237 1.20232 1.03917 1.06931 1.38004 1.00332 0.72951
BD_Bo
 2.0221 1.38035 0.725254 0.40552 0.676119 0.838994 1.02401 0.727275 0.585927 0.386734 0.239618 0.245137 0.2348 0.206954 0.163853 0.222076 0.509842 0.550977 0.863045 0.695831 0.768316 0.945324 0.87277 0.773976 1.04628 0.866146 0.748613 0.770327 0.994174 0.722788 0.525534
BD_Brms
 14.7046 10.0378 5.27402 2.94893 4.91671 6.10113 7.44657 5.28871 4.26084 2.81231 1.74249 1.78263 1.70746 1.50496 1.19153 1.61493 3.70755 4.00668 6.27602 5.06005 5.58716 6.87435 6.34674 5.62832 7.60849 6.29858 5.44388 5.60178 7.22959 5.25609 3.82166
Sel_flota
 0.918546 1 1 1 1
 0.918546 1 1 1 1
 0.918546 1 1 1 1
 0.918546 1 1 1 1
 0.918546 1 1 1 1
 0.918546 1 1 1 1
 0.918546 1 1 1 1
 0.918546 1 1 1 1
 0.918546 1 1 1 1
 0.918546 1 1 1 1
 0.918546 1 1 1 1
 0.918546 1 1 1 1
 0.918546 1 1 1 1
 0.918546 1 1 1 1
 0.918546 1 1 1 1
 0.918546 1 1 1 1
 0.918546 1 1 1 1
 0.918546 1 1 1 1
 0.918546 1 1 1 1
 0.918546 1 1 1 1
 0.918546 1 1 1 1
 0.918546 1 1 1 1
 0.918546 1 1 1 1
 0.918546 1 1 1 1
 0.918546 1 1 1 1
 0.918546 1 1 1 1
 0.918546 1 1 1 1
 0.918546 1 1 1 1
 0.918546 1 1 1 1
 0.918546 1 1 1 1
 0.918546 1 1 1 1
Sel_reclas
 0.646956 0.902175 0.978909 0.995737 0.99915
 0.646956 0.902175 0.978909 0.995737 0.99915
 0.646956 0.902175 0.978909 0.995737 0.99915
 0.646956 0.902175 0.978909 0.995737 0.99915
 0.646956 0.902175 0.978909 0.995737 0.99915
 0.646956 0.902175 0.978909 0.995737 0.99915
 0.646956 0.902175 0.978909 0.995737 0.99915
 0.646956 0.902175 0.978909 0.995737 0.99915
 0.646956 0.902175 0.978909 0.995737 0.99915
 0.646956 0.902175 0.978909 0.995737 0.99915
 0.646956 0.902175 0.978909 0.995737 0.99915
 0.646956 0.902175 0.978909 0.995737 0.99915
 0.646956 0.902175 0.978909 0.995737 0.99915
 0.646956 0.902175 0.978909 0.995737 0.99915
 0.646956 0.902175 0.978909 0.995737 0.99915
 0.646956 0.902175 0.978909 0.995737 0.99915
 0.646956 0.902175 0.978909 0.995737 0.99915
 0.646956 0.902175 0.978909 0.995737 0.99915
 0.646956 0.902175 0.978909 0.995737 0.99915
 0.646956 0.902175 0.978909 0.995737 0.99915
 0.646956 0.902175 0.978909 0.995737 0.99915
 0.646956 0.902175 0.978909 0.995737 0.99915
 0.646956 0.902175 0.978909 0.995737 0.99915
 0.646956 0.902175 0.978909 0.995737 0.99915
 0.646956 0.902175 0.978909 0.995737 0.99915
 0.646956 0.902175 0.978909 0.995737 0.99915
 0.646956 0.902175 0.978909 0.995737 0.99915
 0.646956 0.902175 0.978909 0.995737 0.99915
 0.646956 0.902175 0.978909 0.995737 0.99915
 0.646956 0.902175 0.978909 0.995737 0.99915
 0.646956 0.902175 0.978909 0.995737 0.99915
Sel_pelaces
 0.713415 0.92608 0.984387 0.996858 0.999374
 0.713415 0.92608 0.984387 0.996858 0.999374
 0.713415 0.92608 0.984387 0.996858 0.999374
 0.713415 0.92608 0.984387 0.996858 0.999374
 0.713415 0.92608 0.984387 0.996858 0.999374
 0.713415 0.92608 0.984387 0.996858 0.999374
 0.713415 0.92608 0.984387 0.996858 0.999374
 0.713415 0.92608 0.984387 0.996858 0.999374
 0.713415 0.92608 0.984387 0.996858 0.999374
 0.713415 0.92608 0.984387 0.996858 0.999374
 0.713415 0.92608 0.984387 0.996858 0.999374
 0.713415 0.92608 0.984387 0.996858 0.999374
 0.713415 0.92608 0.984387 0.996858 0.999374
 0.713415 0.92608 0.984387 0.996858 0.999374
 0.713415 0.92608 0.984387 0.996858 0.999374
 0.713415 0.92608 0.984387 0.996858 0.999374
 0.713415 0.92608 0.984387 0.996858 0.999374
 0.713415 0.92608 0.984387 0.996858 0.999374
 0.713415 0.92608 0.984387 0.996858 0.999374
 0.713415 0.92608 0.984387 0.996858 0.999374
 0.713415 0.92608 0.984387 0.996858 0.999374
 0.713415 0.92608 0.984387 0.996858 0.999374
 0.713415 0.92608 0.984387 0.996858 0.999374
 0.713415 0.92608 0.984387 0.996858 0.999374
 0.713415 0.92608 0.984387 0.996858 0.999374
 0.713415 0.92608 0.984387 0.996858 0.999374
 0.713415 0.92608 0.984387 0.996858 0.999374
 0.713415 0.92608 0.984387 0.996858 0.999374
 0.713415 0.92608 0.984387 0.996858 0.999374
 0.713415 0.92608 0.984387 0.996858 0.999374
 0.713415 0.92608 0.984387 0.996858 0.999374
pf_obs 
 0.8446 0.082 0.0669 0.0065 0
 0.8095 0.147 0.0364 0.0071 0
 0.9664 0.0169 0.016 0.0007 0
 0.9276 0.0648 0.0075 0.0001 0
 0.7033 0.2144 0.0806 0.0017 0
 0.9318 0.0425 0.0243 0.0014 0
 0.5671 0.3108 0.0964 0.0239 0.0018
 0.0768 0.2599 0.5324 0.112 0.0189
 0.490249 0.384438 0.106611 0.0170017 0.00170017
 0.7925 0.1577 0.0466 0.003 0.0002
 0.840416 0.127587 0.0312969 0.00059994 9.999e-05
 0.8084 0.0986 0.0794 0.0134 0.0002
 0.7335 0.1905 0.0724 0.0035 0.0001
 0.4001 0.4547 0.1325 0.0127 0
 0.49795 0.308269 0.164784 0.0264974 0.00249975
 0.9179 0.0499 0.0305 0.0017 0
 0.2467 0.6533 0.0926 0.0074 0
 0.9418 0.0223 0.034 0.0019 0
 0.707729 0.231977 0.0356964 0.0245975 0
 0.517169 0.277429 0.184464 0.0207286 0.00020938
 0.811772 0.124168 0.05621 0.00726502 0.000585176
 0.764997 0.148141 0.077277 0.00933861 0.000247198
 0.163321 0.427699 0.378323 0.0303852 0.000271297
 0.753843 0.0900009 0.118128 0.0371064 0.000921714
 0.721811 0.176058 0.0630433 0.0369309 0.00215725
 0.143369 0.312575 0.442814 0.0836902 0.0175525
 0.692698 0.0596174 0.167031 0.0765114 0.00414204
 0.394062 0.376323 0.152708 0.0712218 0.00568511
 0.125707 0.32114 0.495352 0.0537591 0.00404204
 0.23352 0.215282 0.420074 0.123614 0.00750983
 0.774587 0.0839891 0.0768558 0.0609784 0.00358967
pf_pred 
 0.450374 0.0920857 0.43721 0.0203293 7.35092e-07
 0.429649 0.269467 0.0504108 0.239343 0.0111293
 0.553493 0.201958 0.115539 0.0216146 0.107395
 0.842439 0.0907544 0.0302171 0.017287 0.0193025
 0.651628 0.297602 0.029243 0.0097366 0.0117899
 0.687237 0.209893 0.0878781 0.00863507 0.00635649
 0.442707 0.393489 0.109928 0.0460244 0.00785154
 0.398366 0.280351 0.226849 0.0633739 0.0310598
 0.44992 0.230611 0.148867 0.120457 0.0501446
 0.618332 0.180339 0.0844037 0.0544854 0.0624404
 0.739499 0.166749 0.0442982 0.0207329 0.0287216
 0.714168 0.216095 0.0446394 0.0118588 0.0132392
 0.692591 0.225676 0.0617917 0.0127645 0.0071767
 0.642246 0.255179 0.0753028 0.0206184 0.0066539
 0.733978 0.177265 0.0633092 0.0186824 0.00676619
 0.906428 0.0704241 0.0154245 0.0055088 0.00221439
 0.480009 0.475496 0.0334878 0.00733461 0.0036725
 0.869601 0.0656304 0.0592266 0.00417115 0.00137102
 0.648982 0.308871 0.0212126 0.0191428 0.0017913
 0.619519 0.255356 0.110101 0.00756147 0.0074622
 0.747602 0.162057 0.0606314 0.0261422 0.0035672
 0.744005 0.195809 0.038644 0.0144581 0.00708446
 0.394445 0.461408 0.110257 0.0217599 0.0121303
 0.742688 0.107169 0.114403 0.0273376 0.00840286
 0.642654 0.271439 0.0357794 0.0381948 0.0119324
 0.486315 0.340677 0.131416 0.0173225 0.0242688
 0.732233 0.136205 0.0872524 0.0336576 0.0106521
 0.685077 0.236062 0.0401139 0.0256968 0.0130497
 0.425319 0.404661 0.127445 0.0216567 0.0209184
 0.509519 0.219435 0.190857 0.060109 0.0200804
 0.838682 0.0858577 0.0337599 0.0293632 0.0123371
pobs_RECLAS
 0 0 0 0 0
 0 0 0 0 0
 0 0 0 0 0
 0 0 0 0 0
 0 0 0 0 0
 0 0 0 0 0
 0 0 0 0 0
 0 0 0 0 0
 0 0 0 0 0
 0 0 0 0 0
 0.991045 0.00858322 0.000360255 1.14367e-05 0
 0.934742 0.0480273 0.0164251 0.00080598 0
 0.827803 0.169806 0.00239088 0 0
 0.941827 0.0461693 0.0120037 0 0
 0.791401 0.0380133 0.147996 0.0225897 0
 0.846168 0.0940531 0.0597789 0 0
 0.134021 0.677848 0.182769 0.00536245 0
 0.80878 0.0450904 0.141981 0.00414843 0
 0.846168 0.0940531 0.0597789 0 0
 0.905697 0.0802665 0.012482 0.00150086 5.37128e-05
 0.989698 0.0102097 9.19794e-05 0 0
 0.975433 0.0193895 0.00387452 0.00125025 5.28907e-05
 0.303575 0.632131 0.0575291 0.00676475 0
 0.966965 0.00978017 0.0227588 0.000495775 0
 0.843318 0.132988 0.00938335 0.0141283 0.000182051
 0.564624 0.303363 0.111486 0.0197234 0.00080311
 0.826376 0.0876187 0.0782897 0.00655872 0.00115652
 0.89761 0.0855135 0.0140674 0.00269457 0.000114338
 0.34875 0.467042 0.161289 0.0227151 0.000203297
 0.318654 0.224769 0.449479 0.00709798 0
 0.937255 0.0296025 0.0250945 0.00804832 0
ppred_RECLAS
 0.373977 0.0978871 0.504283 0.0238512 8.65396e-07
 0.358581 0.287754 0.0584105 0.282092 0.0131621
 0.479193 0.223733 0.138883 0.0264283 0.131763
 0.800588 0.110351 0.0398671 0.0231998 0.0259934
 0.590332 0.345244 0.0368097 0.0124667 0.0151475
 0.62522 0.244437 0.111045 0.0110991 0.00819835
 0.37688 0.428461 0.129878 0.0553122 0.00946833
 0.330252 0.297643 0.261325 0.0742604 0.0365201
 0.377144 0.247385 0.173278 0.14262 0.0595739
 0.546445 0.203867 0.103531 0.0679819 0.0781744
 0.681832 0.196857 0.0567447 0.0270147 0.0375522
 0.656656 0.253847 0.0568981 0.0153753 0.0172238
 0.632624 0.263401 0.0782551 0.0164433 0.00927676
 0.578357 0.293163 0.09387 0.0261441 0.00846604
 0.676926 0.208959 0.080976 0.0243067 0.00883328
 0.881117 0.0874907 0.0207924 0.00755356 0.00304674
 0.417286 0.528781 0.0404079 0.00900243 0.00452304
 0.833301 0.0804351 0.0787605 0.00564223 0.0018609
 0.588576 0.357963 0.0266751 0.0244861 0.00229916
 0.553186 0.291486 0.136368 0.00952645 0.00943361
 0.691588 0.191754 0.0778437 0.0341405 0.00467458
 0.689934 0.232136 0.04971 0.018918 0.00930159
 0.33262 0.497878 0.129091 0.0259148 0.0144961
 0.681842 0.125919 0.145853 0.0354519 0.0109343
 0.578664 0.312792 0.0447371 0.0485782 0.0152282
 0.417869 0.374704 0.156836 0.0210285 0.029562
 0.671551 0.159873 0.111125 0.0436033 0.0138471
 0.624084 0.275245 0.0507503 0.0330693 0.0168513
 0.36028 0.438751 0.149935 0.0259163 0.0251186
 0.435969 0.240277 0.226759 0.072644 0.0243511
 0.795399 0.104215 0.0444637 0.0393378 0.0165846
pobs_PELACES
 0 0 0 0 0
 0 0 0 0 0
 0 0 0 0 0
 0 0 0 0 0
 0 0 0 0 0
 0 0 0 0 0
 0 0 0 0 0
 0 0 0 0 0
 0 0 0 0 0
 0 0 0 0 0
 0 0 0 0 0
 0 0 0 0 0
 0 0 0 0 0
 0 0 0 0 0
 0 0 0 0 0
 0 0 0 0 0
 0.505614 0.472636 0.0217494 0 0
 0 0 0 0 0
 0.443492 0.261883 0.143347 0.151278 0
 0.227955 0.32914 0.350689 0.0885471 0.00366901
 0.970185 0.0296113 0.000203453 0 0
 0.997202 0.00247181 0.000326279 0 0
 0.445219 0.490057 0.0546422 0.010081 0
 0.90214 0.0892962 0.00764917 0.000914606 0
 0 0 0 0 0
 0.581667 0.319106 0.0959925 0.00289975 0.000334073
 0.762889 0.0836404 0.116647 0.0363945 0.000428098
 0.88444 0.0763242 0.0277011 0.0115352 0
 0.521256 0.241999 0.230069 0.00667565 0
 0.616807 0.101726 0.260614 0.0208532 0
 0.833518 0.0704572 0.0857862 0.0102388 0
ppred_PELACES
 0.395592 0.0961752 0.485377 0.0228549 8.285e-07
 0.379262 0.282215 0.0561197 0.269824 0.0125784
 0.50132 0.217084 0.132012 0.0250091 0.124575
 0.813944 0.10403 0.0368181 0.0213303 0.0238772
 0.608645 0.330979 0.0345703 0.0116562 0.0141499
 0.644075 0.233852 0.104074 0.0103561 0.00764259
 0.396666 0.417708 0.124041 0.0525912 0.00899445
 0.349219 0.29275 0.251796 0.0712345 0.0350005
 0.398222 0.242351 0.166295 0.136264 0.0568679
 0.56843 0.196493 0.0977549 0.0639035 0.0734183
 0.699332 0.187671 0.0529955 0.0251177 0.0348837
 0.675684 0.241169 0.0529557 0.0142464 0.0159447
 0.652255 0.250854 0.0730099 0.015273 0.00860873
 0.600103 0.279884 0.0877935 0.024343 0.00787571
 0.695511 0.198458 0.075341 0.0225147 0.00817468
 0.889706 0.0816422 0.0190074 0.00687441 0.0027703
 0.436417 0.512441 0.038362 0.00850863 0.00427109
 0.84512 0.075544 0.0724652 0.00516816 0.00170301
 0.60831 0.341796 0.0249517 0.0228024 0.00213913
 0.574205 0.279811 0.128241 0.00891887 0.00882399
 0.709384 0.182194 0.0724572 0.0316369 0.00432787
 0.707522 0.220189 0.0461915 0.0175008 0.00859705
 0.350776 0.486989 0.123697 0.0247216 0.0138161
 0.700572 0.120063 0.136238 0.0329677 0.010159
 0.598227 0.30005 0.0420409 0.0454476 0.014234
 0.437902 0.364609 0.149503 0.0199562 0.0280293
 0.690234 0.152495 0.103838 0.0405629 0.01287
 0.642773 0.263158 0.0475339 0.0308357 0.015699
 0.379177 0.428696 0.143516 0.0246965 0.0239148
 0.457607 0.233978 0.216319 0.0689912 0.0231058
 0.809025 0.0983815 0.04112 0.0362178 0.0152555
pobs_pel_tallas
 0 0 0 0 0 0 0 0 0 0 0 0 0 0 0 0 0 0 0 0 0 0 0 0 0 0
 0 0 0 0 0 0 0 0 0 0 0 0 0 0 0 0 0 0 0 0 0 0 0 0 0 0
 0 0 0 0 0 0 0 0 0 0 0 0 0 0 0 0 0 0 0 0 0 0 0 0 0 0
 0 0 0 0 0 0 0 0 0 0 0 0 0 0 0 0 0 0 0 0 0 0 0 0 0 0
 0 0 0 0 0 0 0 0 0 0 0 0 0 0 0 0 0 0 0 0 0 0 0 0 0 0
 0 0 0 0 0 0 0 0 0 0 0 0 0 0 0 0 0 0 0 0 0 0 0 0 0 0
 0 0 0 0 0 0 0 0 0 0 0 0 0 0 0 0 0 0 0 0 0 0 0 0 0 0
 0 0 0 0 0 0 0 0 0 0 0 0 0 0 0 0 0 0 0 0 0 0 0 0 0 0
 0 0 0 0 0 0 0 0 0 0 0 0 0 0 0 0 0 0 0 0 0 0 0 0 0 0
 0 0 0 0 0 0 0 0 0 0 0 0 0 0 0 0 0 0 0 0 0 0 0 0 0 0
 0 0 0 0 0 0 0 0 0 0 0 0 0 0 0 0 0 0 0 0 0 0 0 0 0 0
 0 0 0 0 0 0 0 0 0 0 0 0 0 0 0 0 0 0 0 0 0 0 0 0 0 0
 0.00862536 0 0 0.000197151 0.00414017 0.0128641 0.00837892 0.0270097 0.101434 0.158115 0.152841 0.127902 0.109271 0.109419 0.0830992 0.0579132 0.0238553 0.00714673 0.00463305 0.00128148 0.00103504 0.000492878 0.000147863 0.000147863 4.92878e-05 0
 0 0 0 0 0 0 0 0 0 0 0 0 0 0 0 0 0 0 0 0 0 0 0 0 0 0
 0 0 0 0 0 0 0 0.0054083 0.00873648 0.0413646 0.0450493 0.0745869 0.0622846 0.0627006 0.0613931 0.0827291 0.12552 0.122667 0.0946155 0.0697135 0.0546179 0.0294188 0.0215738 0.0213955 0.0102223 0.00600262
 0 0 0 0 0.00359764 0.0251062 0.0480494 0.140153 0.205849 0.193036 0.1447 0.116669 0.0760912 0.0342217 0.00950174 0.001854 0.000860785 0 0 0 0.000165536 0 0.000143464 0 0 0
 0 0 0 0 0 0 0 0.000145254 0.000435761 0.0275982 0.070085 0.0708112 0.156366 0.174668 0.174014 0.160142 0.0824315 0.0480064 0.0283245 0.00493863 0.00203355 0 0 0 0 0
 0 0 0 0 0 0 0 0 0 0 0 0 0 0 0 0 0 0 0 0 0 0 0 0 0 0
 0 0 1.00437e-05 0.000401748 0.00122533 0.00171747 0.00176769 0.0269171 0.070346 0.194647 0.189555 0.159765 0.064822 0.0314167 0.0384472 0.0292271 0.0345202 0.0313363 0.0194345 0.0106764 0.0143323 0.0359363 0.0279516 0.0138201 0.00172751 0
 0 0.0021121 0.0136068 0.0755702 0.200478 0.177729 0.0527432 0.0373336 0.0318909 0.0142505 0.0149659 0.0166563 0.0217959 0.0798694 0.0677717 0.0528807 0.04013 0.0224614 0.0357745 0.0225083 0.00881397 0.00855152 0.00135912 0.000746735 0 0
 0 0 0 0 5.4009e-05 0.00500934 0.000945158 0.0243581 0.138947 0.33067 0.221406 0.137944 0.0707744 0.0437923 0.0131692 0.00525238 0.0047753 0.00276346 9.45158e-05 9.00151e-06 2.25038e-05 9.00151e-06 4.50075e-06 0 0 0
 0.000866109 0.00284123 0.00948549 0.0512746 0.133035 0.25785 0.225252 0.132002 0.0553304 0.0519788 0.0540692 0.017754 0.00435017 0.00159236 0.00146478 0.000404838 0.000125132 0.000115318 0.000107957 0.000100596 0 0 0 0 0 0
 0 0 0 0 0.00144013 0.00171154 0.00461396 0.0210425 0.0478622 0.0707936 0.0888783 0.103762 0.0637923 0.0337046 0.0602308 0.124433 0.169614 0.0934646 0.0462172 0.0250306 0.0313229 0.00938855 0.002487 0.000210481 0 0
 0 0.00764035 0.051015 0.0998891 0.058973 0.0496711 0.0374665 0.0718981 0.12319 0.153886 0.159021 0.0857701 0.0377988 0.023471 0.0147837 0.00900784 0.00315554 0.000888139 0.00291439 0.00214683 0.00393193 0.00274676 0.000635225 9.99891e-05 0 0
 0 0 0 0 0 0 0 0 0 0 0 0 0 0 0 0 0 0 0 0 0 0 0 0 0 0
 0 0 0 0 0 0 0 0 0 0 0 0 0 0 0 0 0 0 0 0 0 0 0 0 0 0
 0 0 0 0 0 0 0 0 0 0 0 0 0 0 0 0 0 0 0 0 0 0 0 0 0 0
 0 0 0 0 0 0 0 0 0 0 0 0 0 0 0 0 0 0 0 0 0 0 0 0 0 0
 0 0 0 0 0 0 0 0 0 0 0 0 0 0 0 0 0 0 0 0 0 0 0 0 0 0
 0 0 0 0 0 0 0 0 0 0 0 0 0 0 0 0 0 0 0 0 0 0 0 0 0 0
 0 0 0 0 0 0 0 0 0 0 0 0 0 0 0 0 0 0 0 0 0 0 0 0 0 0
ppred_pel_tallas
 1.16324e-16 3.25844e-05 0.000316732 0.0021048 0.00956812 0.02977 0.0634285 0.0925779 0.0925879 0.0634778 0.0299374 0.010061 0.00337727 0.00321085 0.00586902 0.0105353 0.0172262 0.0259232 0.0364638 0.0485101 0.0612916 0.0732487 0.0820473 0.0852851 0.0816141 0.0715348
 1.3088e-16 3.12394e-05 0.000303658 0.00201792 0.00917317 0.0285413 0.0608112 0.0887615 0.0887888 0.0609448 0.0289901 0.0104714 0.00528401 0.00745912 0.0137008 0.0228261 0.0334519 0.0433859 0.0505446 0.0542946 0.0559542 0.0578668 0.0616947 0.0672294 0.0725071 0.0749658
 1.27455e-16 4.12931e-05 0.000401384 0.00266734 0.0121253 0.0377265 0.0803811 0.117323 0.117344 0.0804844 0.0380737 0.0131307 0.00520059 0.00596381 0.0107022 0.0178875 0.0263906 0.0345524 0.0407524 0.0443852 0.0462425 0.0478792 0.0504485 0.0539241 0.0571946 0.0587776
 1.0727e-16 6.70435e-05 0.000651687 0.00433069 0.0196867 0.0612527 0.130506 0.190479 0.190489 0.130555 0.0614181 0.0201652 0.00553416 0.00328687 0.00509581 0.00838332 0.012228 0.0157237 0.0180095 0.0187315 0.0182574 0.0174 0.0168644 0.016851 0.017058 0.016976
 1.04646e-16 5.01333e-05 0.000487314 0.00323837 0.0147212 0.0458033 0.0975899 0.142442 0.142474 0.0977457 0.0463263 0.0162317 0.00702929 0.00876055 0.0157558 0.0259513 0.0373416 0.0468857 0.0515247 0.0498675 0.0430322 0.0339028 0.0254132 0.0191844 0.0152968 0.0129444
 1.05396e-16 5.30517e-05 0.000515681 0.00342688 0.0155781 0.0484695 0.10327 0.150731 0.150753 0.103381 0.0488416 0.0166544 0.00613379 0.00644263 0.0113614 0.0188341 0.0274412 0.0351639 0.0399571 0.0408426 0.0384209 0.0343247 0.0300962 0.0264104 0.0231138 0.0197832
 1.10483e-16 3.26729e-05 0.000317592 0.00211051 0.00959412 0.0298511 0.0636024 0.092838 0.0928783 0.0637997 0.030514 0.0115104 0.00692649 0.0108501 0.0200927 0.033316 0.0483463 0.061556 0.0692604 0.0697694 0.0643455 0.05621 0.0484387 0.0424255 0.0378319 0.0335822
 1.20409e-16 2.87647e-05 0.000279603 0.00185806 0.00844651 0.0262804 0.0559942 0.0817311 0.0817597 0.056134 0.0267507 0.00980954 0.00529682 0.00784423 0.0145659 0.0244837 0.0363242 0.0479137 0.0570235 0.0626193 0.0653262 0.0666274 0.0675016 0.0676842 0.0660592 0.0616574
 1.2815e-16 3.28011e-05 0.000318838 0.00211879 0.00963173 0.029968 0.0638509 0.0931972 0.0932208 0.0639664 0.0303567 0.010758 0.00495923 0.00656482 0.0120308 0.0202015 0.0299753 0.0396008 0.0473613 0.0526246 0.0562031 0.0595935 0.0636854 0.0679942 0.0709441 0.0708412
 1.21705e-16 4.68209e-05 0.000455115 0.0030244 0.0137485 0.0427768 0.0911412 0.133027 0.133046 0.0912345 0.0430905 0.0146566 0.00531132 0.00547279 0.00965261 0.0160897 0.0236741 0.0308701 0.0361894 0.03908 0.0402796 0.0412351 0.0430303 0.0456619 0.0481243 0.0490806
 1.1e-16 5.76031e-05 0.000559923 0.00372088 0.0169146 0.0526277 0.11213 0.16366 0.163678 0.112218 0.0529256 0.0177758 0.00588548 0.00529491 0.00907933 0.0149975 0.0217907 0.0278242 0.0314904 0.0321032 0.0303152 0.0276443 0.0254854 0.0243777 0.0239657 0.0234774
 1.05717e-16 5.56553e-05 0.000540989 0.00359506 0.0163427 0.0508482 0.108338 0.158128 0.158151 0.108452 0.0512303 0.0174467 0.00636806 0.00660025 0.0115805 0.0191028 0.0276226 0.0349725 0.0389836 0.0386689 0.0348015 0.0293538 0.0242656 0.0205065 0.0179823 0.0160625
 1.0516e-16 5.37254e-05 0.00052223 0.0034704 0.015776 0.049085 0.104582 0.152645 0.152669 0.1047 0.049483 0.0169262 0.00636075 0.00684189 0.0120854 0.0199717 0.0289461 0.0367816 0.0412363 0.0412679 0.0376192 0.032237 0.0270198 0.0228934 0.0197607 0.017065
 1.0638e-16 4.94298e-05 0.000480475 0.00319293 0.0145146 0.0451605 0.0962201 0.140442 0.140469 0.0963524 0.0456047 0.0157989 0.00642061 0.00753974 0.0134952 0.0223344 0.0324096 0.0412639 0.0464166 0.0467167 0.0429856 0.0373612 0.031901 0.0275661 0.0241877 0.0211171
 1.05867e-16 5.72884e-05 0.000556863 0.00370055 0.0168222 0.0523402 0.111517 0.162766 0.162786 0.111611 0.0526557 0.0177345 0.00599451 0.00557769 0.00963145 0.0159339 0.0231878 0.0296667 0.0336435 0.03432 0.0322629 0.0289274 0.0256725 0.0230663 0.0208982 0.0186698
 1.01728e-16 7.32839e-05 0.000712346 0.00473379 0.0215191 0.066954 0.142653 0.208208 0.208216 0.142691 0.0670834 0.021893 0.00567295 0.00276481 0.00397798 0.00647815 0.00936706 0.0118693 0.0132484 0.0131684 0.0118855 0.0100571 0.00832762 0.00701584 0.0060885 0.00534218
 1.02815e-16 3.59472e-05 0.00034942 0.00232202 0.0105556 0.0328426 0.0699765 0.102143 0.102192 0.0702175 0.0336518 0.012892 0.0081841 0.0131374 0.024296 0.0400396 0.0575114 0.0719776 0.0786354 0.0752696 0.0635874 0.0480972 0.0334668 0.0224012 0.0152507 0.0109669
 1.02918e-16 6.96114e-05 0.000676648 0.00449656 0.0204407 0.0635987 0.135504 0.197774 0.197781 0.13554 0.0637202 0.0207928 0.00538497 0.00263134 0.00382665 0.00633241 0.00938558 0.0123639 0.0146625 0.0159704 0.0163912 0.0162557 0.0158011 0.0150106 0.0137237 0.0118658
 1.03457e-16 5.01058e-05 0.000487046 0.00323659 0.0147131 0.0457781 0.0975363 0.142364 0.142397 0.0976971 0.0463179 0.0162719 0.00714791 0.00902065 0.0162431 0.0267383 0.0384321 0.048167 0.0527676 0.0507909 0.0434035 0.0336153 0.0245004 0.0177744 0.0135482 0.0110012
 1.06161e-16 4.72966e-05 0.00045974 0.00305513 0.0138882 0.0432115 0.0920677 0.134381 0.134408 0.0922003 0.0436569 0.0151763 0.00629501 0.00755425 0.0135849 0.02255 0.0328654 0.0421306 0.0478978 0.0489889 0.0461071 0.0411866 0.0360568 0.0315241 0.0274232 0.0232827
 1.06043e-16 5.8431e-05 0.00056797 0.00377436 0.0171577 0.0533841 0.113741 0.166012 0.16603 0.113827 0.0536739 0.0179959 0.00588235 0.00518328 0.00886388 0.0146673 0.0213741 0.0274116 0.0312137 0.032064 0.0304851 0.027791 0.0251801 0.0231039 0.0212981 0.0192584
 1.046e-16 5.82777e-05 0.00056648 0.00376446 0.0171127 0.0532441 0.113443 0.165578 0.165599 0.113547 0.0535928 0.0181205 0.00629555 0.00609669 0.0105755 0.0174295 0.0251938 0.0318793 0.0355004 0.0351519 0.0315372 0.0264572 0.021686 0.0181152 0.0156689 0.0137873
 1.08512e-16 2.88931e-05 0.000280851 0.00186636 0.00848422 0.0263978 0.056245 0.0821011 0.0821481 0.0564749 0.0271698 0.0107151 0.00747043 0.0125291 0.0233331 0.0386403 0.0559216 0.0708725 0.0791044 0.0785759 0.0707559 0.0595091 0.0486528 0.0401259 0.0338432 0.0287538
 1.08988e-16 5.77052e-05 0.000560915 0.00372748 0.0169446 0.052721 0.112328 0.163948 0.16396 0.112386 0.0529149 0.0175073 0.00514966 0.00369735 0.006108 0.010252 0.0153389 0.0205006 0.0248687 0.0280196 0.0301279 0.0316285 0.0326959 0.033021 0.0320581 0.0294776
 1.08257e-16 4.92752e-05 0.000478973 0.00318294 0.0144692 0.0450193 0.0959194 0.140003 0.140032 0.0960608 0.0454941 0.0158408 0.00662675 0.00800019 0.0143441 0.0236664 0.0341672 0.0431532 0.0479344 0.0473272 0.0423809 0.0356611 0.0296678 0.0256113 0.0232642 0.021645
 1.11153e-16 3.60695e-05 0.000350608 0.00232992 0.0105915 0.0329542 0.0702138 0.102487 0.102522 0.0703864 0.0335341 0.0122684 0.00654706 0.00958236 0.0176445 0.029311 0.0426852 0.0546559 0.0620524 0.0633937 0.0596923 0.0535881 0.0475591 0.0426621 0.0385583 0.0343945
 1.09282e-16 5.68537e-05 0.000552638 0.00367248 0.0166946 0.051943 0.110671 0.16153 0.161545 0.110743 0.0521872 0.0174015 0.00545404 0.00446527 0.00755708 0.0125867 0.0185594 0.0242591 0.0284797 0.0306753 0.031228 0.0310384 0.030788 0.030496 0.0296618 0.0277539
 1.07189e-16 5.29444e-05 0.000514639 0.00341996 0.0155466 0.0483715 0.103062 0.150427 0.150452 0.103186 0.0487882 0.0167506 0.00644347 0.00711997 0.0126128 0.0208093 0.030074 0.0380479 0.0423752 0.042007 0.0378316 0.0320509 0.0268099 0.0231478 0.0208843 0.0192155
 1.10775e-16 3.12324e-05 0.00030359 0.00201747 0.00917114 0.028535 0.0607984 0.0887458 0.0887873 0.0610011 0.0292158 0.0111391 0.00696397 0.0111239 0.0206457 0.0342522 0.0497378 0.0633875 0.0714137 0.0720546 0.0665563 0.0581683 0.0500144 0.0435467 0.0385011 0.0338881
 1.17132e-16 3.76925e-05 0.000366385 0.00243476 0.0110681 0.034437 0.0733724 0.107094 0.107117 0.0734843 0.0348134 0.0121594 0.00518937 0.00643033 0.0117035 0.0196816 0.0292743 0.0387704 0.0464243 0.0514249 0.0542438 0.0559827 0.0572935 0.0578253 0.056587 0.0527848
 1.07426e-16 6.66383e-05 0.000647748 0.00430452 0.0195677 0.0608825 0.129717 0.189328 0.189337 0.129764 0.0610392 0.0200213 0.00544598 0.00314959 0.00484825 0.00799095 0.0117018 0.0151462 0.0175365 0.0185557 0.0185449 0.0182288 0.0181917 0.0185205 0.0188396 0.0186248
pSPR Fmed_Fpbrs
0.751247   0.187515 0.187515
Fs Fmed_Fpbrs
0.14063   1.005 1.005
SSBpbr Bo_Bmed_Bpbrs
2.54011e+06  1.78125e+06  349303 349303
Ro
256002
SPR SPRFo_SPRFmed_SPRFpbrs
1.82988e+06 1.37469e+06 343130
Fref
1.005
Nvult_r0
 324860 30796.6 12109.5 10532.4 4425.24
CTP_r0
 29842.4 3055.03 1201.26 1044.82 438.985
YTP_r0
391303
Np
 324124 161812 15135.4 5951.37 6881.97
Nvult_p0
 276754 140023 13097.3 5149.95 5955.24
CTP_p0
 132847 70185.9 6564.97 2581.4 2985.05
YTP_p0
 2.46153e+06
CBA_c0
1.01237e+06
log_Ro
12.2729
likeval ReclasPelacesDesembMPH_pf_preclas_ppelaces_ptallas_desvR_qrecl_qpela
 31.4213 18.5215 0.282946 0.00345942 244.211 129.432 99.4044 0 18.8027 0 0 1.42524 0 0 0
q_reclas_q_pelaces
1 1
M
1
N
 275218 51830.9 246086 11442.4 0.41375
 162249 93918.6 17569.9 83419.4 3878.96
 155279 52280 29909.1 5595.26 27800.8
 506681 50379.7 16774.2 9596.4 10715.2
 388315 163128 16029.3 5337.02 6462.53
 488794 137528 57580.2 5657.94 4164.95
 202033 165948 46360.3 19410.1 3311.27
 96984.5 62755.6 50779.3 14186 6952.63
 73477.2 34735.8 22423.1 18143.9 7553.03
 89605.3 24142.5 11299.4 7294.12 8359.08
 135501 28117.9 7469.75 3496.06 4843.15
 168765 47367 9784.75 2599.4 2901.97
 155456 46962.8 12858.7 2656.27 1493.46
 118678 43905.6 12956.5 3547.56 1144.86
 131152 29342.2 10479.4 3092.46 1119.99
 527430 37970.9 8316.53 2970.21 1193.94
 165490 151430 10664.8 2335.84 1169.57
 746199 52058.8 46979.2 3308.61 1087.51
 521215 229939 15791.7 14250.9 1333.53
 388033 148081 63847.5 4384.9 4327.34
 569972 114173 42716.3 18417.8 2513.18
 727732 177292 34989.5 13090.8 6414.5
 199464 215284 51443.9 10152.7 5659.76
 487159 64818.1 69193.8 16534.4 5082.25
 414008 161261 21256.4 22691.4 7088.97
 211492 136514 52660.1 6941.32 9724.83
 416393 71416.3 45748.9 17647.6 5585.22
 434440 137980 23446.9 15020 7627.66
 165765 145350 45777.1 7778.88 7513.7
 140097 55652.9 48404.9 15244.8 5092.77
 486672 45932 18060.8 15708.7 6600.08
pred_Ctot
 12670.2 2590.61 12299.9 571.917 0.0206801
 12867.5 8070.23 1509.74 7168.05 333.311
 11707.9 4271.97 2443.97 457.207 2271.69
 40421.6 4354.55 1449.87 829.461 926.165
 9178.14 4191.71 411.886 137.139 166.06
 23988.5 7326.49 3067.45 301.414 221.878
 20153.6 17913.1 5004.3 2095.2 357.431
 1623.52 1142.56 924.513 258.278 126.583
 5008.95 2567.39 1657.34 1341.05 558.259
 8435.74 2460.31 1151.5 743.33 851.857
 4280.92 965.299 256.44 120.022 166.268
 26580.8 8042.9 1661.45 441.378 492.753
 23321.1 7599.04 2080.67 429.81 241.656
 25405.4 10094.1 2978.76 815.603 263.209
 18007.2 4348.97 1553.21 458.35 166
 74691.8 5803.11 1271.02 453.938 182.471
 15353 15208.6 1071.1 234.595 117.464
 77702.4 5864.34 5292.14 372.71 122.506
 76620.1 36466 2504.4 2260.04 211.485
 50003.2 20610.5 8886.55 610.308 602.296
 56421.2 12230.4 4575.82 1972.94 269.215
 91710.6 24136.6 4763.49 1782.19 873.274
 14859 17381.6 4153.47 819.711 456.958
 31118.4 4490.32 4793.45 1145.44 352.077
 27377.8 11563.6 1524.25 1627.14 508.332
 11052.2 7742.36 2986.61 393.677 551.543
 26345.6 4900.65 3139.33 1211 383.262
 25059.5 8634.94 1467.33 939.964 477.345
 9224.85 8776.8 2764.19 469.718 453.705
 9725.37 4188.43 3642.95 1147.32 383.281
 29842.4 3055.03 1201.26 1044.82 438.985
F
 0.0751364 0.0817993 0.0817993 0.0817993 0.0817993
 0.132516 0.144267 0.144267 0.144267 0.144267
 0.125633 0.136774 0.136774 0.136774 0.136774
 0.133347 0.145172 0.145172 0.145172 0.145172
 0.0379877 0.0413563 0.0413563 0.0413563 0.0413563
 0.0802674 0.0873853 0.0873853 0.0873853 0.0873853
 0.169183 0.184185 0.184185 0.184185 0.184185
 0.0267797 0.0291544 0.0291544 0.0291544 0.0291544
 0.113003 0.123024 0.123024 0.123024 0.123024
 0.15901 0.17311 0.17311 0.17311 0.17311
 0.0510526 0.0555798 0.0555798 0.0555798 0.0555798
 0.279149 0.303903 0.303903 0.303903 0.303903
 0.264323 0.287762 0.287762 0.287762 0.287762
 0.39739 0.432629 0.432629 0.432629 0.432629
 0.23954 0.260781 0.260781 0.260781 0.260781
 0.247892 0.269874 0.269874 0.269874 0.269874
 0.156538 0.170419 0.170419 0.170419 0.170419
 0.177177 0.192889 0.192889 0.192889 0.192889
 0.258403 0.281317 0.281317 0.281317 0.281317
 0.223372 0.24318 0.24318 0.24318 0.24318
 0.167791 0.18267 0.18267 0.18267 0.18267
 0.217976 0.237305 0.237305 0.237305 0.237305
 0.124046 0.135046 0.135046 0.135046 0.135046
 0.105565 0.114926 0.114926 0.114926 0.114926
 0.10946 0.119167 0.119167 0.119167 0.119167
 0.0856603 0.0932564 0.0932564 0.0932564 0.0932564
 0.104518 0.113787 0.113787 0.113787 0.113787
 0.0949113 0.103328 0.103328 0.103328 0.103328
 0.0914372 0.0995455 0.0995455 0.0995455 0.0995455
 0.115175 0.125388 0.125388 0.125388 0.125388
 0.101155 0.110125 0.110125 0.110125 0.110125
nmprior
 8.19 8.8 8.5 0
nm_flota  nm_reclas  nm_pelaces    nm_pelaL
inf 9.76871 14.0544 31.0567
cv_recla  cv_pelaces  cv_mph
0.507034 0.487989 1.81513
 ------------------------------------------------
Talla a la edad & desviaci?n 
 8 13.2811 15.8009 17.003 17.5766
 0.8 1.32811 1.58009 1.7003 1.75766
