years
 1991 1992 1993 1994 1995 1996 1997 1998 1999 2000 2001 2002 2003 2004 2005 2006 2007 2008 2009 2010 2011 2012 2013 2014 2015 2016 2017 2018 2019 2020 2021
reclasobs
 0 0 0 0 0 0 0 0 0 252601 567819 844713 477998 351125 339783 2.1784e+06 2.13404e+06 4.81314e+06 1.55562e+06 2.62356e+06 3.21686e+06 3.843e+06 1.13348e+06 3.07943e+06 1.97215e+06 2.03268e+06 2.025e+06 2.42433e+06 2.27542e+06 1.05018e+06 2.36338e+06
reclaspred
 3.34211e+06 1.95405e+06 816427 489387 94618.9 2.11233e+06 824407 256610 732284 215304 237830 780028 510562 398643 279558 1.89611e+06 1.13452e+06 7.11969e+06 4.49136e+06 1.52662e+06 3.58005e+06 3.59858e+06 1.95242e+06 4.39908e+06 2.66351e+06 1.30186e+06 2.37734e+06 3.84027e+06 2.71682e+06 958899 1.38943e+06
pelacesobs
 0 0 0 0 0 0 0 0 0 0 0 0 0 0 0 552880 188675 0 991730 2.46772e+06 1.41603e+06 1.21717e+06 2.29649e+06 1.80582e+06 0 1.4828e+06 1.56532e+06 1.57751e+06 1.42118e+06 867257 1.10002e+06
pelacespred
 519901 417637 190076 88077.1 12968.4 495579 150351 60807.7 162493 35057.3 53058.2 148714 95768.7 75747.7 51290.9 370135 218221 1.78676e+06 1.08585e+06 368466 817269 794867 434769 1.16206e+06 673585 320211 672885 1.05688e+06 625984 260611 337448
mphobs
 0 0 0 0 0 0 0 0 0 0 0 498337 0 5186 125008 0 168611 109162 213762 579715 649985 157893 87575 83554 0 0 0 0 0 0 0
mphpred
 165739 1.11206e+06 524013 160561 82047.5 13227.6 600572 163577 61418.2 174425 28087.9 72294.9 199413 88600.7 50497.9 47572.4 603335 315062 2.29186e+06 1.10039e+06 449249 950095 1.07886e+06 590419 1.2869e+06 755327 324783 626500 1.38572e+06 705999 213902
desembarqueobs
 494567 514787 250237 358949 120608 361735 552515 73892 212993 205616 52469 317467 293654 387597 252695 516296 358380 742168 942051 627588 828172 859565 418607 520667 417249 300574 415391 372974 316634 284311 391294
desembarquepred
 494224 520135 247049 358233 120441 361446 551583 73847.5 212761 205279 52435.1 317039 293109 386679 252230 515715 358064 741607 940293 625866 827261 858376 418167 520284 416752 300119 414984 372681 316332 283888 390891
Reclutas
 533983 1009.73 3114.14 97196.3 1220.35 328793 1286.94 354.036 67848.2 1589 37971.3 164472 53107.2 71420.2 43896 399410 3557.59 1.07468e+06 143449 22842.6 421024 555347 3786.44 341869 131457 13709.9 231248 330021 8702.13 3292.68 143644
log_desv_Rt
 2.68109 -3.58959 -2.46332 0.977458 -3.40013 2.19615 -3.34701 -4.63763 0.617999 -3.13617 0.0375561 1.50346 0.373038 0.669306 0.182549 2.39071 -2.33019 3.3805 1.3667 -0.470648 2.44342 2.72032 -2.26785 2.23515 1.2794 -0.98116 1.84422 2.19988 -1.43571 -2.40757 1.36806
SSB
 165739 1.11206e+06 524013 160561 82047.5 13227.6 600572 163577 61418.2 174425 28087.9 72294.9 199413 88600.7 50497.9 47572.4 603335 315062 2.29186e+06 1.10039e+06 449249 950095 1.07886e+06 590419 1.2869e+06 755327 324783 626500 1.38572e+06 705999 213902
BT
 1.48448e+06 1.4087e+06 673768 528202 131239 1.46299e+06 840129 211255 566673 264707 167983 604644 479194 581292 367997 1.25848e+06 787220 4.7872e+06 3.38425e+06 1.505e+06 2.62576e+06 2.5808e+06 1.36426e+06 3.17834e+06 1.94727e+06 1.02806e+06 1.99622e+06 2.80227e+06 1.70757e+06 915651 1.16215e+06
Ftot
 0.265153 0.46484 0.52467 1.16127 1.78876 0.305651 1.07301 0.500457 0.507055 1.43589 0.389973 0.692643 0.941877 1.46055 1.37935 0.476581 0.54583 0.188215 0.369874 0.695557 0.407717 0.419955 0.377797 0.213027 0.279249 0.405513 0.311331 0.175429 0.209053 0.514025 0.491669
BD_Bspro_t
 0.958463 0.712926 0.443899 0.239623 0.144038 0.0385946 0.528351 0.211729 0.134362 0.318938 0.102485 0.328747 0.375596 0.18466 0.110163 0.109426 0.46997 0.318319 0.701343 0.497014 0.276861 0.440755 0.485127 0.375858 0.591134 0.522062 0.396842 0.579776 0.722439 0.573882 0.351599
BD_Bspro
 0.634015 4.25406 2.00455 0.614209 0.313863 0.0506004 2.29742 0.625744 0.234948 0.667242 0.107447 0.276555 0.762832 0.338932 0.193174 0.181983 2.30799 1.20523 8.76722 4.20939 1.71855 3.63447 4.12706 2.25858 4.92288 2.88942 1.24242 2.3966 5.30089 2.70072 0.818256
BD_Bo
 0.105344 0.706828 0.333064 0.102053 0.0521496 0.00840746 0.381725 0.10397 0.0390375 0.110865 0.0178527 0.0459508 0.126747 0.0563148 0.0320966 0.0302371 0.383481 0.200254 1.45671 0.699407 0.285543 0.603882 0.685727 0.375271 0.817955 0.480088 0.206433 0.398205 0.880764 0.448734 0.135956
BD_Brms
 0.852341 5.71897 2.69483 0.825714 0.421944 0.068025 3.08855 0.841222 0.315854 0.897011 0.144447 0.371789 1.02552 0.455645 0.259694 0.244649 3.10275 1.62026 11.7863 5.65892 2.31034 4.88602 5.54823 3.03633 6.6181 3.8844 1.67025 3.22189 7.12628 3.63072 1.10003
Sel_flota
 0.995301 1 1 1 1
 0.995301 1 1 1 1
 0.995301 1 1 1 1
 0.995301 1 1 1 1
 0.995301 1 1 1 1
 0.995301 1 1 1 1
 0.995301 1 1 1 1
 0.995301 1 1 1 1
 0.995301 1 1 1 1
 0.995301 1 1 1 1
 0.995301 1 1 1 1
 0.995301 1 1 1 1
 0.995301 1 1 1 1
 0.995301 1 1 1 1
 0.995301 1 1 1 1
 0.995301 1 1 1 1
 0.995301 1 1 1 1
 0.995301 1 1 1 1
 0.995301 1 1 1 1
 0.995301 1 1 1 1
 0.995301 1 1 1 1
 0.995301 1 1 1 1
 0.995301 1 1 1 1
 0.995301 1 1 1 1
 0.995301 1 1 1 1
 0.995301 1 1 1 1
 0.995301 1 1 1 1
 0.995301 1 1 1 1
 0.995301 1 1 1 1
 0.995301 1 1 1 1
 0.995301 1 1 1 1
Sel_reclas
 1 1 1 1 1
 1 1 1 1 1
 1 1 1 1 1
 1 1 1 1 1
 1 1 1 1 1
 1 1 1 1 1
 1 1 1 1 1
 1 1 1 1 1
 1 1 1 1 1
 1 1 1 1 1
 1 1 1 1 1
 1 1 1 1 1
 1 1 1 1 1
 1 1 1 1 1
 1 1 1 1 1
 1 1 1 1 1
 1 1 1 1 1
 1 1 1 1 1
 1 1 1 1 1
 1 1 1 1 1
 1 1 1 1 1
 1 1 1 1 1
 1 1 1 1 1
 1 1 1 1 1
 1 1 1 1 1
 1 1 1 1 1
 1 1 1 1 1
 1 1 1 1 1
 1 1 1 1 1
 1 1 1 1 1
 1 1 1 1 1
Sel_pelaces
 1 1 1 1 1
 1 1 1 1 1
 1 1 1 1 1
 1 1 1 1 1
 1 1 1 1 1
 1 1 1 1 1
 1 1 1 1 1
 1 1 1 1 1
 1 1 1 1 1
 1 1 1 1 1
 1 1 1 1 1
 1 1 1 1 1
 1 1 1 1 1
 1 1 1 1 1
 1 1 1 1 1
 1 1 1 1 1
 1 1 1 1 1
 1 1 1 1 1
 1 1 1 1 1
 1 1 1 1 1
 1 1 1 1 1
 1 1 1 1 1
 1 1 1 1 1
 1 1 1 1 1
 1 1 1 1 1
 1 1 1 1 1
 1 1 1 1 1
 1 1 1 1 1
 1 1 1 1 1
 1 1 1 1 1
 1 1 1 1 1
pf_obs 
 0.8446 0.082 0.0669 0.0065 0
 0.8095 0.147 0.0364 0.0071 0
 0.9664 0.0169 0.016 0.0007 0
 0.9276 0.0648 0.0075 0.0001 0
 0.7033 0.2144 0.0806 0.0017 0
 0.9318 0.0425 0.0243 0.0014 0
 0.5671 0.3108 0.0964 0.0239 0.0018
 0.0768 0.2599 0.5324 0.112 0.0189
 0.490249 0.384438 0.106611 0.0170017 0.00170017
 0.7925 0.1577 0.0466 0.003 0.0002
 0.840416 0.127587 0.0312969 0.00059994 9.999e-05
 0.8084 0.0986 0.0794 0.0134 0.0002
 0.7335 0.1905 0.0724 0.0035 0.0001
 0.4001 0.4547 0.1325 0.0127 0
 0.49795 0.308269 0.164784 0.0264974 0.00249975
 0.9179 0.0499 0.0305 0.0017 0
 0.2467 0.6533 0.0926 0.0074 0
 0.9418 0.0223 0.034 0.0019 0
 0.707729 0.231977 0.0356964 0.0245975 0
 0.517169 0.277429 0.184464 0.0207286 0.00020938
 0.811772 0.124168 0.05621 0.00726502 0.000585176
 0.764997 0.148141 0.077277 0.00933861 0.000247198
 0.163321 0.427699 0.378323 0.0303852 0.000271297
 0.753843 0.0900009 0.118128 0.0371064 0.000921714
 0.721811 0.176058 0.0630433 0.0369309 0.00215725
 0.143369 0.312575 0.442814 0.0836902 0.0175525
 0.692698 0.0596174 0.167031 0.0765114 0.00414204
 0.394062 0.376323 0.152708 0.0712218 0.00568511
 0.125707 0.32114 0.495352 0.0537591 0.00404204
 0.23352 0.215282 0.420074 0.123614 0.00750983
 0.774587 0.0839891 0.0768558 0.0609784 0.00358967
pf_pred 
 0.971162 0.0210722 0.00700863 0.000757075 1.05926e-07
 0.0064337 0.965065 0.0208259 0.00692671 0.00074833
 0.0790707 0.00596076 0.888722 0.0191784 0.00706789
 0.918969 0.00644409 0.000482765 0.0719781 0.0021257
 0.0904745 0.83639 0.00581624 0.000435729 0.0668838
 0.997476 0.000230553 0.00210877 1.46643e-05 0.000169731
 0.0141406 0.983385 0.000226031 0.00206741 0.000180779
 0.0299665 0.013826 0.953808 0.000219233 0.00218057
 0.96261 0.00112718 0.000516863 0.0356565 8.97124e-05
 0.0919581 0.874292 0.00101745 0.000466545 0.0322662
 0.961614 0.00355993 0.0335317 3.90221e-05 0.0012554
 0.9433 0.0545358 0.00020072 0.00189062 7.29833e-05
 0.621943 0.356758 0.0204862 7.53999e-05 0.000737622
 0.853099 0.0916262 0.0521606 0.00299524 0.00011887
 0.858973 0.120476 0.0128183 0.00729714 0.000435657
 0.988184 0.0101623 0.00141238 0.000150273 9.06541e-05
 0.0368938 0.951795 0.00972864 0.0013521 0.000230645
 0.981219 0.000697115 0.0178712 0.000182668 2.97182e-05
 0.299567 0.687345 0.000485779 0.0124534 0.000148
 0.157877 0.253294 0.577827 0.000408378 0.0105936
 0.940596 0.00943221 0.0150305 0.0342883 0.000652857
 0.8345 0.155723 0.00155241 0.0024738 0.00575084
 0.0228844 0.816201 0.151409 0.0015094 0.00799679
 0.891202 0.00250392 0.0887892 0.0164708 0.00103412
 0.534315 0.415259 0.00116053 0.0411526 0.00811328
 0.166476 0.446505 0.345111 0.000964487 0.0409435
 0.919594 0.0134514 0.0358664 0.0277217 0.00336635
 0.82889 0.157422 0.00228984 0.00610558 0.00529215
 0.065861 0.774987 0.146421 0.00212983 0.0106012
 0.0770692 0.0610866 0.715009 0.135089 0.0117458
 0.938549 0.00476322 0.00375205 0.0439171 0.00901888
pobs_RECLAS
 0 0 0 0 0
 0 0 0 0 0
 0 0 0 0 0
 0 0 0 0 0
 0 0 0 0 0
 0 0 0 0 0
 0 0 0 0 0
 0 0 0 0 0
 0 0 0 0 0
 0 0 0 0 0
 0.991045 0.00858322 0.000360255 1.14367e-05 0
 0.934742 0.0480273 0.0164251 0.00080598 0
 0.827803 0.169806 0.00239088 0 0
 0.941827 0.0461693 0.0120037 0 0
 0.791401 0.0380133 0.147996 0.0225897 0
 0.846168 0.0940531 0.0597789 0 0
 0.134021 0.677848 0.182769 0.00536245 0
 0.80878 0.0450904 0.141981 0.00414843 0
 0.846168 0.0940531 0.0597789 0 0
 0.905697 0.0802665 0.012482 0.00150086 5.37128e-05
 0.989698 0.0102097 9.19794e-05 0 0
 0.975433 0.0193895 0.00387452 0.00125025 5.28907e-05
 0.303575 0.632131 0.0575291 0.00676475 0
 0.966965 0.00978017 0.0227588 0.000495775 0
 0.843318 0.132988 0.00938335 0.0141283 0.000182051
 0.564624 0.303363 0.111486 0.0197234 0.00080311
 0.826376 0.0876187 0.0782897 0.00655872 0.00115652
 0.89761 0.0855135 0.0140674 0.00269457 0.000114338
 0.34875 0.467042 0.161289 0.0227151 0.000203297
 0.318654 0.224769 0.449479 0.00709798 0
 0.937255 0.0296025 0.0250945 0.00804832 0
ppred_RECLAS
 0.971297 0.0209735 0.00697578 0.000753527 1.05429e-07
 0.00646553 0.965034 0.0208252 0.00692649 0.000748306
 0.0794364 0.0059584 0.888369 0.0191708 0.00706509
 0.919387 0.00641087 0.000480277 0.071607 0.00211475
 0.0910064 0.835901 0.00581284 0.000435475 0.0668447
 0.997488 0.000229438 0.00209856 1.45934e-05 0.00016891
 0.0142178 0.983308 0.000226014 0.00206725 0.000180765
 0.030112 0.013824 0.953665 0.0002192 0.00218024
 0.962789 0.00112177 0.000514382 0.0354853 8.92818e-05
 0.0924569 0.873811 0.00101689 0.000466289 0.0322485
 0.961795 0.00354314 0.0333736 3.88381e-05 0.00124948
 0.943575 0.0542715 0.000199747 0.00188146 7.26297e-05
 0.623208 0.355564 0.0204177 7.51476e-05 0.000735154
 0.853848 0.0911589 0.0518946 0.00297997 0.000118264
 0.859684 0.119868 0.0127536 0.00726032 0.000433458
 0.988242 0.0101125 0.00140545 0.000149536 9.02094e-05
 0.0370728 0.951618 0.00972683 0.00135185 0.000230602
 0.981307 0.000693842 0.0177873 0.000181811 2.95787e-05
 0.300597 0.686335 0.000485065 0.0124351 0.000147782
 0.158563 0.253087 0.577357 0.000408045 0.0105849
 0.940871 0.00938859 0.0149609 0.0341298 0.000649838
 0.835181 0.155083 0.00154603 0.00246363 0.00572719
 0.0229944 0.816109 0.151392 0.00150923 0.00799589
 0.891667 0.00249321 0.0884094 0.0164003 0.00102969
 0.53552 0.414184 0.00115753 0.041046 0.00809227
 0.167161 0.446138 0.344827 0.000963694 0.0409099
 0.919953 0.0133913 0.0357063 0.0275979 0.00335132
 0.829569 0.156798 0.00228077 0.00608138 0.00527118
 0.0661573 0.774741 0.146375 0.00212915 0.0105979
 0.0774258 0.061063 0.714733 0.135037 0.0117412
 0.938836 0.00474097 0.00373453 0.043712 0.00897676
pobs_PELACES
 0 0 0 0 0
 0 0 0 0 0
 0 0 0 0 0
 0 0 0 0 0
 0 0 0 0 0
 0 0 0 0 0
 0 0 0 0 0
 0 0 0 0 0
 0 0 0 0 0
 0 0 0 0 0
 0 0 0 0 0
 0 0 0 0 0
 0 0 0 0 0
 0 0 0 0 0
 0 0 0 0 0
 0 0 0 0 0
 0.505614 0.472636 0.0217494 0 0
 0 0 0 0 0
 0.443492 0.261883 0.143347 0.151278 0
 0.227955 0.32914 0.350689 0.0885471 0.00366901
 0.970185 0.0296113 0.000203453 0 0
 0.997202 0.00247181 0.000326279 0 0
 0.445219 0.490057 0.0546422 0.010081 0
 0.90214 0.0892962 0.00764917 0.000914606 0
 0 0 0 0 0
 0.581667 0.319106 0.0959925 0.00289975 0.000334073
 0.762889 0.0836404 0.116647 0.0363945 0.000428098
 0.88444 0.0763242 0.0277011 0.0115352 0
 0.521256 0.241999 0.230069 0.00667565 0
 0.616807 0.101726 0.260614 0.0208532 0
 0.833518 0.0704572 0.0857862 0.0102388 0
ppred_PELACES
 0.971309 0.0209651 0.006973 0.000753226 1.05387e-07
 0.00647016 0.96503 0.0208252 0.00692645 0.000748303
 0.0794959 0.00595801 0.888312 0.0191696 0.00706463
 0.91952 0.00640026 0.000479482 0.0714886 0.00211125
 0.0912361 0.835689 0.00581137 0.000435365 0.0668278
 0.99749 0.000229329 0.00209757 1.45865e-05 0.00016883
 0.0142411 0.983285 0.000226008 0.0020672 0.00018076
 0.0301347 0.0138236 0.953642 0.000219195 0.00218019
 0.962817 0.00112092 0.000513993 0.0354585 8.92143e-05
 0.0926438 0.873631 0.00101668 0.000466193 0.0322418
 0.961817 0.00354108 0.0333541 3.88155e-05 0.00124875
 0.943632 0.0542166 0.000199545 0.00187955 7.25561e-05
 0.623551 0.35524 0.0203991 7.50792e-05 0.000734485
 0.854131 0.0909827 0.0517943 0.00297421 0.000118035
 0.859942 0.119648 0.0127302 0.00724698 0.000432662
 0.988251 0.0101051 0.00140443 0.000149426 9.01436e-05
 0.0371031 0.951588 0.00972653 0.00135181 0.000230595
 0.981313 0.000693644 0.0177822 0.000181759 2.95703e-05
 0.300718 0.686217 0.000484981 0.012433 0.000147757
 0.158707 0.253044 0.577258 0.000407975 0.0105831
 0.940906 0.00938301 0.0149521 0.0341095 0.000649451
 0.83527 0.154998 0.00154519 0.00246229 0.00572407
 0.0230076 0.816098 0.15139 0.00150921 0.00799578
 0.891699 0.00249247 0.0883834 0.0163955 0.00102939
 0.535628 0.414088 0.00115726 0.0410365 0.0080904
 0.167248 0.446091 0.344791 0.000963593 0.0409056
 0.919989 0.0133854 0.0356904 0.0275857 0.00334983
 0.829607 0.156763 0.00228025 0.00608001 0.00526999
 0.0661773 0.774724 0.146372 0.00212911 0.0105977
 0.0774828 0.0610593 0.714689 0.135029 0.0117405
 0.938879 0.00473758 0.00373186 0.0436808 0.00897034
pobs_pel_tallas
 0 0 0 0 0 0 0 0 0 0 0 0 0 0 0 0 0 0 0 0 0 0 0 0 0 0
 0 0 0 0 0 0 0 0 0 0 0 0 0 0 0 0 0 0 0 0 0 0 0 0 0 0
 0 0 0 0 0 0 0 0 0 0 0 0 0 0 0 0 0 0 0 0 0 0 0 0 0 0
 0 0 0 0 0 0 0 0 0 0 0 0 0 0 0 0 0 0 0 0 0 0 0 0 0 0
 0 0 0 0 0 0 0 0 0 0 0 0 0 0 0 0 0 0 0 0 0 0 0 0 0 0
 0 0 0 0 0 0 0 0 0 0 0 0 0 0 0 0 0 0 0 0 0 0 0 0 0 0
 0 0 0 0 0 0 0 0 0 0 0 0 0 0 0 0 0 0 0 0 0 0 0 0 0 0
 0 0 0 0 0 0 0 0 0 0 0 0 0 0 0 0 0 0 0 0 0 0 0 0 0 0
 0 0 0 0 0 0 0 0 0 0 0 0 0 0 0 0 0 0 0 0 0 0 0 0 0 0
 0 0 0 0 0 0 0 0 0 0 0 0 0 0 0 0 0 0 0 0 0 0 0 0 0 0
 0 0 0 0 0 0 0 0 0 0 0 0 0 0 0 0 0 0 0 0 0 0 0 0 0 0
 0 0 0 0 0 0 0 0 0 0 0 0 0 0 0 0 0 0 0 0 0 0 0 0 0 0
 0.00862536 0 0 0.000197151 0.00414017 0.0128641 0.00837892 0.0270097 0.101434 0.158115 0.152841 0.127902 0.109271 0.109419 0.0830992 0.0579132 0.0238553 0.00714673 0.00463305 0.00128148 0.00103504 0.000492878 0.000147863 0.000147863 4.92878e-05 0
 0 0 0 0 0 0 0 0 0 0 0 0 0 0 0 0 0 0 0 0 0 0 0 0 0 0
 0 0 0 0 0 0 0 0.0054083 0.00873648 0.0413646 0.0450493 0.0745869 0.0622846 0.0627006 0.0613931 0.0827291 0.12552 0.122667 0.0946155 0.0697135 0.0546179 0.0294188 0.0215738 0.0213955 0.0102223 0.00600262
 0 0 0 0 0.00359764 0.0251062 0.0480494 0.140153 0.205849 0.193036 0.1447 0.116669 0.0760912 0.0342217 0.00950174 0.001854 0.000860785 0 0 0 0.000165536 0 0.000143464 0 0 0
 0 0 0 0 0 0 0 0.000145254 0.000435761 0.0275982 0.070085 0.0708112 0.156366 0.174668 0.174014 0.160142 0.0824315 0.0480064 0.0283245 0.00493863 0.00203355 0 0 0 0 0
 0 0 0 0 0 0 0 0 0 0 0 0 0 0 0 0 0 0 0 0 0 0 0 0 0 0
 0 0 1.00437e-05 0.000401748 0.00122533 0.00171747 0.00176769 0.0269171 0.070346 0.194647 0.189555 0.159765 0.064822 0.0314167 0.0384472 0.0292271 0.0345202 0.0313363 0.0194345 0.0106764 0.0143323 0.0359363 0.0279516 0.0138201 0.00172751 0
 0 0.0021121 0.0136068 0.0755702 0.200478 0.177729 0.0527432 0.0373336 0.0318909 0.0142505 0.0149659 0.0166563 0.0217959 0.0798694 0.0677717 0.0528807 0.04013 0.0224614 0.0357745 0.0225083 0.00881397 0.00855152 0.00135912 0.000746735 0 0
 0 0 0 0 5.4009e-05 0.00500934 0.000945158 0.0243581 0.138947 0.33067 0.221406 0.137944 0.0707744 0.0437923 0.0131692 0.00525238 0.0047753 0.00276346 9.45158e-05 9.00151e-06 2.25038e-05 9.00151e-06 4.50075e-06 0 0 0
 0.000866109 0.00284123 0.00948549 0.0512746 0.133035 0.25785 0.225252 0.132002 0.0553304 0.0519788 0.0540692 0.017754 0.00435017 0.00159236 0.00146478 0.000404838 0.000125132 0.000115318 0.000107957 0.000100596 0 0 0 0 0 0
 0 0 0 0 0.00144013 0.00171154 0.00461396 0.0210425 0.0478622 0.0707936 0.0888783 0.103762 0.0637923 0.0337046 0.0602308 0.124433 0.169614 0.0934646 0.0462172 0.0250306 0.0313229 0.00938855 0.002487 0.000210481 0 0
 0 0.00764035 0.051015 0.0998891 0.058973 0.0496711 0.0374665 0.0718981 0.12319 0.153886 0.159021 0.0857701 0.0377988 0.023471 0.0147837 0.00900784 0.00315554 0.000888139 0.00291439 0.00214683 0.00393193 0.00274676 0.000635225 9.99891e-05 0 0
 0 0 0 0 0 0 0 0 0 0 0 0 0 0 0 0 0 0 0 0 0 0 0 0 0 0
 0 0 0 0 0 0 0 0 0 0 0 0 0 0 0 0 0 0 0 0 0 0 0 0 0 0
 0 0 0 0 0 0 0 0 0 0 0 0 0 0 0 0 0 0 0 0 0 0 0 0 0 0
 0 0 0 0 0 0 0 0 0 0 0 0 0 0 0 0 0 0 0 0 0 0 0 0 0 0
 0 0 0 0 0 0 0 0 0 0 0 0 0 0 0 0 0 0 0 0 0 0 0 0 0 0
 0 0 0 0 0 0 0 0 0 0 0 0 0 0 0 0 0 0 0 0 0 0 0 0 0 0
 0 0 0 0 0 0 0 0 0 0 0 0 0 0 0 0 0 0 0 0 0 0 0 0 0 0
ppred_pel_tallas
 1.00283e-16 8.00054e-05 0.000777681 0.00516796 0.0234928 0.0730949 0.155736 0.227302 0.227304 0.155746 0.0731282 0.023589 0.00540975 0.00130647 0.00108709 0.00167786 0.00242614 0.00308559 0.00346337 0.00346947 0.00316125 0.00269567 0.00222703 0.00183271 0.00151088 0.00122679
 1.01669e-16 5.3314e-07 5.1824e-06 3.44434e-05 0.000156632 0.000487837 0.00104282 0.00154148 0.00163431 0.00149629 0.00200992 0.00455047 0.0110544 0.0240311 0.04554 0.0750497 0.107557 0.134089 0.145499 0.137578 0.113627 0.0823817 0.0529953 0.0309349 0.0171116 0.00959114
 1.28755e-16 6.54798e-06 6.36487e-05 0.000422968 0.00192275 0.0059824 0.0127462 0.0186038 0.0186058 0.0127564 0.00602056 0.00205049 0.000809567 0.00112536 0.00265931 0.00604055 0.0125404 0.023735 0.0409187 0.0641872 0.0915221 0.118523 0.139336 0.148676 0.144019 0.126725
 1.07543e-16 7.57397e-05 0.000736217 0.00489242 0.0222402 0.0691976 0.147433 0.215183 0.215183 0.147436 0.0692083 0.0222714 0.00497239 0.000916567 0.000436607 0.000654331 0.00107049 0.00166218 0.00250121 0.00371537 0.00544815 0.00776446 0.0105402 0.0134092 0.0158244 0.0172279
 1.11735e-16 7.51517e-06 7.30502e-05 0.000485448 0.00220683 0.00686669 0.0146332 0.0213744 0.0214548 0.0150258 0.00818462 0.0060113 0.0100271 0.020876 0.039439 0.0649899 0.0931633 0.116223 0.126333 0.119982 0.100217 0.0747839 0.051701 0.0356016 0.0269209 0.023418
 1.00091e-16 8.21619e-05 0.000798643 0.00530726 0.024126 0.0750651 0.159934 0.233429 0.233429 0.159934 0.0750655 0.0241273 0.00531064 0.000806521 9.86203e-05 3.68803e-05 5.41466e-05 8.66018e-05 0.000130481 0.000185097 0.000246749 0.000307296 0.000355062 0.000378523 0.000371198 0.00033475
 1.00496e-16 1.17323e-06 1.14043e-05 7.579e-05 0.000344589 0.00107265 0.00228889 0.00336052 0.00345507 0.00275076 0.0026228 0.00481903 0.0112962 0.0244689 0.0463423 0.0763277 0.109288 0.136033 0.147205 0.138499 0.113319 0.0806713 0.0500324 0.0271252 0.0129746 0.00561464
 1.27915e-16 2.48216e-06 2.41275e-05 0.000160336 0.000728865 0.00226778 0.00483185 0.00705279 0.00705559 0.00484622 0.00232028 0.000899143 0.000657933 0.00134196 0.00318151 0.00701225 0.0141724 0.0262556 0.0445339 0.0690223 0.0975327 0.125398 0.146458 0.155209 0.149141 0.129894
 1.03587e-16 7.9306e-05 0.000770882 0.00512279 0.0232874 0.0724559 0.154375 0.225315 0.225315 0.154375 0.0724579 0.0232936 0.00513906 0.000809378 0.00016178 0.000168558 0.000303491 0.000540549 0.000931179 0.00154548 0.00244447 0.0036384 0.00504411 0.00646934 0.00764606 0.00831056
 1.05756e-16 7.63113e-06 7.41774e-05 0.000492939 0.00224088 0.00697266 0.0148591 0.0217049 0.0217889 0.0152695 0.0083501 0.00621691 0.010464 0.0218101 0.0411976 0.0678602 0.0972065 0.1211 0.131279 0.123987 0.102326 0.0743512 0.04848 0.0297009 0.0187254 0.0135345
 1.01179e-16 7.92236e-05 0.000770082 0.00511746 0.0232632 0.0723806 0.154215 0.225081 0.225081 0.154216 0.0723873 0.0232831 0.00516982 0.000892431 0.000335103 0.000489733 0.00083963 0.00134999 0.00203343 0.00287955 0.00382538 0.00473784 0.0054308 0.00572589 0.00553069 0.00488595
 1.00221e-16 7.77257e-05 0.000755522 0.00502071 0.0228234 0.0710121 0.151299 0.220826 0.220832 0.151324 0.0710976 0.0230702 0.00563961 0.00210477 0.00263482 0.0042189 0.00603741 0.00752437 0.00816269 0.00771869 0.00638274 0.00465058 0.00303908 0.00185275 0.00113389 0.000760838
 1.00812e-16 5.13612e-05 0.000499249 0.00331769 0.0150817 0.0469251 0.0999801 0.145931 0.145965 0.100147 0.0474857 0.0167005 0.00737859 0.00935589 0.016847 0.0277051 0.0397515 0.049662 0.0540821 0.051458 0.0429729 0.0317786 0.0211671 0.0130885 0.00786042 0.00480762
 1.01837e-16 7.03536e-05 0.000683862 0.00454451 0.0206587 0.0642768 0.136949 0.199883 0.199892 0.136992 0.064422 0.0210786 0.00560143 0.00300056 0.00449769 0.00739559 0.0108119 0.0139376 0.0159837 0.0165617 0.0158698 0.0144809 0.0129233 0.0114082 0.00987256 0.00820466
 1.01199e-16 7.08323e-05 0.000688515 0.00457543 0.0207992 0.0647142 0.137881 0.201244 0.201255 0.137937 0.0649033 0.0213453 0.00594595 0.00367958 0.00574914 0.00938662 0.013502 0.0169531 0.0186294 0.0180233 0.015532 0.0121884 0.00904409 0.00668126 0.00513581 0.00413579
 1.00074e-16 8.14009e-05 0.000791246 0.00525811 0.0239026 0.0743698 0.158453 0.231267 0.231268 0.158458 0.0743858 0.0239487 0.00537393 0.00104408 0.000561503 0.000799237 0.00114288 0.00143575 0.00157919 0.00152928 0.00131815 0.00103145 0.000756994 0.000544423 0.000399039 0.000301396
 1.00699e-16 3.05633e-06 2.97087e-05 0.000197429 0.00089754 0.00279307 0.00595432 0.00870968 0.0088012 0.00640137 0.00429356 0.0052288 0.0110595 0.0237083 0.044875 0.0739253 0.105888 0.131884 0.14287 0.134679 0.110583 0.0792489 0.0497872 0.0276842 0.0139111 0.00658651
 1.00537e-16 8.08294e-05 0.000785691 0.00522119 0.0237348 0.0738477 0.15734 0.229643 0.229643 0.157341 0.0738494 0.0237399 0.00523546 0.000821154 0.000160785 0.000170615 0.000313804 0.000551659 0.000899176 0.00135483 0.00187957 0.00239037 0.0027761 0.00293575 0.00282169 0.00246245
 1.01462e-16 2.47699e-05 0.000240772 0.00160002 0.00727348 0.0226309 0.0482199 0.0703922 0.0704582 0.0485422 0.0237128 0.0103965 0.00943167 0.0173127 0.032375 0.053294 0.0763276 0.0950589 0.102976 0.0970974 0.0798178 0.0574197 0.0364874 0.020952 0.011445 0.00651352
 1.18555e-16 1.30725e-05 0.00012707 0.000844424 0.00383865 0.0119436 0.025448 0.0371474 0.0371726 0.0255716 0.0123611 0.00505525 0.00393812 0.00701211 0.0134729 0.0232496 0.0358009 0.0498053 0.063718 0.0764975 0.0876893 0.0967262 0.102238 0.102291 0.0955622 0.0824768
 1.03965e-16 7.75012e-05 0.000753339 0.0050062 0.0227575 0.0708069 0.150862 0.220187 0.220188 0.150866 0.0708225 0.0228028 0.00512181 0.00101178 0.000586786 0.000897558 0.00140811 0.00204151 0.00279025 0.00368771 0.00478875 0.00610758 0.00754886 0.00888986 0.00983982 0.0101493
 1.013e-16 6.88001e-05 0.000668762 0.00444416 0.0202025 0.0628576 0.133925 0.195471 0.195486 0.133998 0.063102 0.0209081 0.00621391 0.00452718 0.00738217 0.0120578 0.017276 0.0215452 0.0234016 0.022184 0.0184434 0.0136022 0.00913856 0.0059166 0.00404093 0.0031382
 1.06082e-16 1.89527e-06 1.84228e-05 0.00012243 0.000556597 0.0017322 0.00369355 0.00540734 0.00548604 0.00407814 0.00302368 0.00428739 0.0094893 0.0204731 0.0388679 0.0643008 0.0927318 0.116815 0.129016 0.125793 0.109634 0.0872663 0.0655591 0.048355 0.0360572 0.0272342
 1.0437e-16 7.34481e-05 0.000713942 0.00474439 0.0215673 0.0671039 0.142972 0.208672 0.208672 0.142974 0.0671108 0.0215891 0.0048059 0.000870999 0.000438612 0.000783691 0.00153022 0.00277854 0.00466248 0.00721439 0.0102646 0.0133943 0.0160022 0.0174928 0.0175056 0.0160624
 1.05624e-16 4.41191e-05 0.000428853 0.00284988 0.0129552 0.0403086 0.0858831 0.125357 0.125397 0.0860777 0.0409618 0.0148409 0.00757964 0.0107424 0.0195983 0.032246 0.046258 0.0577931 0.062997 0.06016 0.0507997 0.0387199 0.0278021 0.0202039 0.0159996 0.0139958
 1.17083e-16 1.37761e-05 0.000133909 0.000889874 0.00404526 0.0125866 0.0268186 0.0391516 0.039195 0.027031 0.0133011 0.00611466 0.0061053 0.0115885 0.0219706 0.0368274 0.0542755 0.0708012 0.0827322 0.0882337 0.0881423 0.0848838 0.0804812 0.0753905 0.0689047 0.0603817
 1.04367e-16 7.57783e-05 0.000736592 0.00489491 0.0222516 0.0692328 0.147508 0.215292 0.215294 0.147515 0.0692553 0.0223173 0.00506311 0.00111436 0.000824743 0.00132732 0.00210454 0.00307513 0.00421642 0.00553809 0.00705614 0.00872163 0.0103575 0.0116708 0.0123521 0.0122051
 1.01608e-16 6.83337e-05 0.000664228 0.00441403 0.0200655 0.0624314 0.133017 0.194146 0.194161 0.133091 0.0626787 0.0207794 0.00620449 0.00456824 0.00746947 0.0122061 0.0174979 0.0218427 0.023767 0.0226086 0.0189275 0.0141581 0.00978162 0.00664947 0.0048419 0.00396068
 1.06429e-16 5.4511e-06 5.29867e-05 0.000352119 0.00160073 0.00498086 0.010615 0.0155086 0.0155833 0.0109801 0.00620697 0.00514275 0.0092453 0.0194741 0.0369101 0.061063 0.0880787 0.110989 0.122654 0.119716 0.104542 0.0835095 0.0631205 0.0469938 0.0354807 0.0271951
 1.36169e-16 6.38217e-06 6.20369e-05 0.000412258 0.00187407 0.00583096 0.0124237 0.0181342 0.0181413 0.0124586 0.00595131 0.00223631 0.00137679 0.00235071 0.00489049 0.00948025 0.0169402 0.0281759 0.0439257 0.0642867 0.0880409 0.112183 0.132239 0.143607 0.143377 0.131594
 1.06008e-16 7.73343e-05 0.000751717 0.00499542 0.0227085 0.0706544 0.150537 0.219713 0.219713 0.150539 0.0706624 0.0227318 0.00505536 0.000887296 0.000349663 0.000497549 0.000816061 0.00127299 0.00192038 0.00285032 0.00416437 0.00590662 0.00798614 0.0101403 0.0119771 0.0130921
pSPR Fmed_Fpbrs
0.382615   0.173594 0.173594
Fs Fmed_Fpbrs
0.500034   1.005 1.005
SSBpbr Bo_Bmed_Bpbrs
1.57331e+06  523306  194451 194451
Ro
36571.7
SPR SPRFo_SPRFmed_SPRFpbrs
261412 100020 45379.5
Fref
1.005
Nvult_r0
 111250 562.82 443.341 5189.23 1065.67
CTP_r0
 36553.3 185.511 146.13 1710.42 351.255
YTP_r0
390891
Np
 123153 32394.1 163.396 128.71 1845.49
Nvult_p0
 106491 28031.9 141.393 111.377 1596.97
CTP_p0
 53253 14050.9 70.873 55.8276 800.478
YTP_p0
 657483
CBA_c0
470868
log_Ro
10.327
likeval ReclasPelacesDesembMPH_pf_preclas_ppelaces_ptallas_desvR_qrecl_qpela
 22.9084 77.73 1.63965 0.00174387 396.668 155.319 142.28 0 219.489 2.07414e-05 0 7.63936 0 0 0
q_reclas_q_pelaces
1.90667 1
M
1
N
 533983 11537.6 3837.41 414.519 0.0579971
 1009.73 150876 3255.87 1082.9 116.992
 3114.14 233.875 34869.6 752.48 277.314
 97196.3 679.599 50.9129 7590.87 224.179
 1220.35 11256.2 78.2757 5.8641 900.131
 328793 75.6818 692.228 4.81374 55.7162
 1286.94 89229.8 20.5095 187.591 16.4034
 354.036 162.724 11225.7 2.58023 25.6639
 67848.2 79.1459 36.292 2503.65 6.29923
 1589 15068.4 17.5357 8.04091 556.108
 37971.3 140.01 1318.78 1.53472 49.3741
 164472 9475.32 34.874 328.485 12.6805
 53107.2 30366.8 1743.77 6.41795 62.7855
 71420.2 7651.2 4355.65 250.116 9.92617
 43896 6140.42 653.32 371.92 22.2045
 399410 4091.66 568.667 60.5043 36.5001
 3557.59 91436.6 934.607 129.893 22.1575
 1.07468e+06 760.195 19488.3 199.197 32.4074
 143449 327813 231.681 5939.36 70.585
 22842.6 36519.4 83310.1 58.8791 1527.36
 421024 4205.27 6701.2 15287.1 291.07
 555347 103223 1029.03 1639.79 3812.01
 3786.44 134506 24951.5 248.743 1317.84
 341869 956.385 33913.5 6291.1 394.987
 131457 101738 284.329 10082.4 1987.75
 13709.9 36625.3 28308.3 79.1136 3358.46
 231248 3368.63 8982.04 6942.35 843.035
 330021 62403.6 907.716 2420.31 2097.86
 8702.13 101957 19263.1 280.2 1394.7
 3292.68 2599.96 30432.1 5749.66 499.923
 143644 726.217 572.05 6695.76 1375.05
pred_Ctot
 79993.9 1735.7 577.296 62.3598 0.00872502
 245.414 36812.4 794.405 264.219 28.5451
 835.188 62.9608 9387.17 202.573 74.655
 46075.7 323.096 24.2051 3608.86 106.579
 732.972 6775.94 47.1198 3.53003 541.854
 55879.4 12.9157 118.135 0.821506 9.50845
 580.581 40375.6 9.28035 84.8832 7.42238
 91.3983 42.1696 2909.13 0.668663 6.65076
 17702.5 20.729 9.5052 655.728 1.64983
 852.488 8105.03 9.43213 4.32506 299.121
 7967.81 29.4972 277.839 0.323332 10.4021
 54724.2 3163.81 11.6445 109.681 4.23402
 21994.3 12616.3 724.471 2.66643 26.0851
 38675 4153.85 2364.69 135.788 5.38893
 23029.6 3230.04 343.666 195.641 11.6802
 99084.6 1018.97 141.619 15.0677 9.08982
 984.75 25404.8 259.672 36.0897 6.15625
 117836 83.7174 2146.18 21.9369 3.5689
 28772.4 66017.1 46.6574 1196.11 14.2149
 7624.24 12232.1 27904.6 19.7215 511.588
 91737.2 919.932 1465.93 3344.17 63.6737
 124052 23148.9 230.773 367.742 854.888
 773.363 27582.9 5116.75 51.0092 270.246
 42007.3 118.023 4185.13 776.359 48.7437
 20624.7 16029.1 44.7968 1588.5 313.175
 2973.62 7975.53 6164.41 17.2278 731.339
 39942.6 584.261 1557.86 1204.09 146.217
 33901.8 6438.59 93.655 249.719 216.45
 1051 12367.2 2336.57 33.9875 169.173
 868.63 688.494 8058.71 1522.56 132.384
 36553.3 185.511 146.13 1710.42 351.255
F
 0.263908 0.265153 0.265153 0.265153 0.265153
 0.462656 0.46484 0.46484 0.46484 0.46484
 0.522205 0.52467 0.52467 0.52467 0.52467
 1.15581 1.16127 1.16127 1.16127 1.16127
 1.78036 1.78876 1.78876 1.78876 1.78876
 0.304214 0.305651 0.305651 0.305651 0.305651
 1.06797 1.07301 1.07301 1.07301 1.07301
 0.498106 0.500457 0.500457 0.500457 0.500457
 0.504673 0.507055 0.507055 0.507055 0.507055
 1.42914 1.43589 1.43589 1.43589 1.43589
 0.38814 0.389973 0.389973 0.389973 0.389973
 0.689389 0.692643 0.692643 0.692643 0.692643
 0.937451 0.941877 0.941877 0.941877 0.941877
 1.45369 1.46055 1.46055 1.46055 1.46055
 1.37287 1.37935 1.37935 1.37935 1.37935
 0.474342 0.476581 0.476581 0.476581 0.476581
 0.543265 0.54583 0.54583 0.54583 0.54583
 0.187331 0.188215 0.188215 0.188215 0.188215
 0.368136 0.369874 0.369874 0.369874 0.369874
 0.692289 0.695557 0.695557 0.695557 0.695557
 0.405801 0.407717 0.407717 0.407717 0.407717
 0.417982 0.419955 0.419955 0.419955 0.419955
 0.376022 0.377797 0.377797 0.377797 0.377797
 0.212026 0.213027 0.213027 0.213027 0.213027
 0.277937 0.279249 0.279249 0.279249 0.279249
 0.403608 0.405513 0.405513 0.405513 0.405513
 0.309868 0.311331 0.311331 0.311331 0.311331
 0.174605 0.175429 0.175429 0.175429 0.175429
 0.208071 0.209053 0.209053 0.209053 0.209053
 0.51161 0.514025 0.514025 0.514025 0.514025
 0.489359 0.491669 0.491669 0.491669 0.491669
nmprior
 8.19 8.8 8.5 0
nm_flota  nm_reclas  nm_pelaces    nm_pelaL
inf 5.93223 3.48511 5.06852
cv_recla  cv_pelaces  cv_mph
0.432935 0.999693 1.28873
 ------------------------------------------------
Talla a la edad & desviaci?n 
 8 13.2811 15.8009 17.003 17.5766
 0.8 1.32811 1.58009 1.7003 1.75766
