years
 1991 1992 1993 1994 1995 1996 1997 1998 1999 2000 2001 2002 2003 2004 2005 2006 2007 2008 2009 2010 2011 2012 2013 2014 2015 2016 2017 2018 2019 2020 2021
reclasobs
 0 0 0 0 0 0 0 0 0 252601 567819 844713 477998 351125 339783 2.1784e+06 2.13404e+06 4.81314e+06 1.55562e+06 2.62356e+06 3.21686e+06 3.843e+06 1.13348e+06 3.07943e+06 1.97215e+06 2.03268e+06 2.025e+06 2.42433e+06 2.27542e+06 1.05018e+06 2.36338e+06
reclaspred
 4.73652e+06 2.75046e+06 1.40855e+06 1.65694e+06 1.94782e+06 2.79561e+06 2.04816e+06 1.77292e+06 1.2193e+06 834254 687020 774562 756597 625235 655134 1.3752e+06 1.55259e+06 2.93342e+06 2.57642e+06 1.99384e+06 3.47992e+06 2.77621e+06 2.41645e+06 3.43288e+06 2.71985e+06 2.50738e+06 2.77249e+06 2.77029e+06 2.54726e+06 1.74711e+06 2.44599e+06
pelacesobs
 0 0 0 0 0 0 0 0 0 0 0 0 0 0 0 552880 188675 0 991730 2.46772e+06 1.41603e+06 1.21717e+06 2.29649e+06 1.80582e+06 0 1.4828e+06 1.56532e+06 1.57751e+06 1.42118e+06 867257 1.10002e+06
pelacespred
 2.31265e+06 1.49838e+06 782748 797992 929795 1.40553e+06 1.01417e+06 983008 688498 453655 393312 360667 379160 337154 368439 645601 692943 1.51462e+06 1.37437e+06 984173 1.63279e+06 1.45705e+06 1.22181e+06 1.93378e+06 1.46961e+06 1.33015e+06 1.70584e+06 1.71481e+06 1.23472e+06 949861 1.39408e+06
mphobs
 0 0 0 0 0 0 0 0 0 0 0 498337 0 5186 125008 0 168611 109162 213762 579715 649985 157893 87575 83554 0 0 0 0 0 0 0
mphpred
 4.3685e+06 2.96807e+06 1.53856e+06 856717 1.30735e+06 1.60416e+06 1.99479e+06 1.39341e+06 1.14914e+06 762473 474074 524576 512426 444481 333956 444011 1.12872e+06 1.16584e+06 1.99677e+06 1.572e+06 1.73138e+06 2.12071e+06 1.97411e+06 1.71829e+06 2.33458e+06 1.94368e+06 1.65993e+06 1.71913e+06 2.27111e+06 1.61988e+06 1.12404e+06
desembarqueobs
 494567 514787 250237 358949 120608 361735 552515 73892 212993 205616 52469 317467 293654 387597 252695 516296 358380 742168 942051 627588 828172 859565 418607 520667 417249 300574 415391 372974 316634 284311 391294
desembarquepred
 494575 512692 251513 358962 120610 361754 552611 73895.1 213049 205677 52471.9 317579 293744 387710 252714 516315 358417 742127 942003 627550 828296 859690 418640 520710 417272 300588 415411 372979 316645 284333 391305
Reclutas
 246502 143276 138071 387740 301835 405306 169494 80923.5 63218 77725.5 123243 158014 141416 104647 111497 492720 135632 726237 473558 362324 521111 680976 173568 439524 380100 185390 376486 402772 144075 114891 394933
log_desv_Rt
 0.0928072 -0.449795 -0.486799 0.545769 0.295315 0.590078 -0.281747 -1.02106 -1.26798 -1.06138 -0.600405 -0.351878 -0.462856 -0.763974 -0.700569 0.785376 -0.504617 1.17331 0.745709 0.477975 0.841398 1.10896 -0.257997 0.671127 0.52587 -0.192104 0.516315 0.583807 -0.44423 -0.670584 0.564152
SSB
 4.3685e+06 2.96807e+06 1.53856e+06 856717 1.30735e+06 1.60416e+06 1.99479e+06 1.39341e+06 1.14914e+06 762473 474074 524576 512426 444481 333956 444011 1.12872e+06 1.16584e+06 1.99677e+06 1.572e+06 1.73138e+06 2.12071e+06 1.97411e+06 1.71829e+06 2.33458e+06 1.94368e+06 1.65993e+06 1.71913e+06 2.27111e+06 1.61988e+06 1.12404e+06
BT
 5.79751e+06 3.99512e+06 2.07417e+06 2.23794e+06 2.30228e+06 3.70029e+06 2.87321e+06 2.39768e+06 1.83805e+06 1.27652e+06 993689 1.14096e+06 1.18575e+06 1.22595e+06 1.15978e+06 2.02583e+06 1.92404e+06 4.39358e+06 4.2158e+06 2.90533e+06 4.65349e+06 4.29949e+06 3.25954e+06 5.22388e+06 3.86389e+06 3.43251e+06 4.58671e+06 4.55241e+06 3.14549e+06 2.50904e+06 3.79698e+06
Ftot
 0.096088 0.170907 0.163117 0.187264 0.0547936 0.113348 0.239943 0.0377529 0.157226 0.21949 0.0671154 0.350651 0.332837 0.518026 0.324036 0.311442 0.201438 0.214986 0.313152 0.272772 0.206515 0.266397 0.153771 0.131511 0.135308 0.106636 0.130222 0.116066 0.111781 0.146667 0.137409
BD_Bspro_t
 0.984743 0.885645 0.762501 0.695154 0.745374 0.808111 0.797799 0.697488 0.733428 0.691883 0.650265 0.749317 0.623498 0.539751 0.451612 0.519758 0.635006 0.628717 0.689546 0.605178 0.582689 0.627309 0.6375 0.642979 0.735951 0.745022 0.757635 0.784222 0.81535 0.764475 0.723215
BD_Bspro
 2.72042 1.84832 0.958117 0.533509 0.814133 0.998966 1.24223 0.867727 0.715609 0.47482 0.295223 0.326673 0.319106 0.276795 0.207966 0.276502 0.702895 0.726014 1.24346 0.978944 1.07819 1.32064 1.22935 1.07004 1.45383 1.2104 1.0337 1.07056 1.4143 1.00876 0.699979
BD_Bo
 1.93084 1.31186 0.68003 0.378662 0.577837 0.709023 0.881681 0.615875 0.507909 0.337006 0.209537 0.231858 0.226488 0.196457 0.147606 0.196249 0.498885 0.515293 0.882557 0.694813 0.765253 0.937337 0.87254 0.759468 1.03186 0.859088 0.733677 0.759839 1.00381 0.715971 0.496815
BD_Brms
 13.6115 9.24801 4.7939 2.66939 4.07348 4.99828 6.21544 4.34163 3.58052 2.37574 1.47714 1.63449 1.59663 1.38493 1.04055 1.38346 3.5169 3.63258 6.22161 4.8981 5.39468 6.60778 6.151 5.35389 7.27416 6.05617 5.17208 5.35651 7.07639 5.04726 3.50231
Sel_flota
 0.895785 1 1 1 1
 0.895785 1 1 1 1
 0.895785 1 1 1 1
 0.895785 1 1 1 1
 0.895785 1 1 1 1
 0.895785 1 1 1 1
 0.895785 1 1 1 1
 0.895785 1 1 1 1
 0.895785 1 1 1 1
 0.895785 1 1 1 1
 0.895785 1 1 1 1
 0.895785 1 1 1 1
 0.895785 1 1 1 1
 0.895785 1 1 1 1
 0.895785 1 1 1 1
 0.895785 1 1 1 1
 0.895785 1 1 1 1
 0.895785 1 1 1 1
 0.895785 1 1 1 1
 0.895785 1 1 1 1
 0.895785 1 1 1 1
 0.895785 1 1 1 1
 0.895785 1 1 1 1
 0.895785 1 1 1 1
 0.895785 1 1 1 1
 0.895785 1 1 1 1
 0.895785 1 1 1 1
 0.895785 1 1 1 1
 0.895785 1 1 1 1
 0.895785 1 1 1 1
 0.895785 1 1 1 1
Sel_reclas
 0.773674 0.945066 0.988582 0.99771 0.999544
 0.773674 0.945066 0.988582 0.99771 0.999544
 0.773674 0.945066 0.988582 0.99771 0.999544
 0.773674 0.945066 0.988582 0.99771 0.999544
 0.773674 0.945066 0.988582 0.99771 0.999544
 0.773674 0.945066 0.988582 0.99771 0.999544
 0.773674 0.945066 0.988582 0.99771 0.999544
 0.773674 0.945066 0.988582 0.99771 0.999544
 0.773674 0.945066 0.988582 0.99771 0.999544
 0.773674 0.945066 0.988582 0.99771 0.999544
 0.773674 0.945066 0.988582 0.99771 0.999544
 0.773674 0.945066 0.988582 0.99771 0.999544
 0.773674 0.945066 0.988582 0.99771 0.999544
 0.773674 0.945066 0.988582 0.99771 0.999544
 0.773674 0.945066 0.988582 0.99771 0.999544
 0.773674 0.945066 0.988582 0.99771 0.999544
 0.773674 0.945066 0.988582 0.99771 0.999544
 0.773674 0.945066 0.988582 0.99771 0.999544
 0.773674 0.945066 0.988582 0.99771 0.999544
 0.773674 0.945066 0.988582 0.99771 0.999544
 0.773674 0.945066 0.988582 0.99771 0.999544
 0.773674 0.945066 0.988582 0.99771 0.999544
 0.773674 0.945066 0.988582 0.99771 0.999544
 0.773674 0.945066 0.988582 0.99771 0.999544
 0.773674 0.945066 0.988582 0.99771 0.999544
 0.773674 0.945066 0.988582 0.99771 0.999544
 0.773674 0.945066 0.988582 0.99771 0.999544
 0.773674 0.945066 0.988582 0.99771 0.999544
 0.773674 0.945066 0.988582 0.99771 0.999544
 0.773674 0.945066 0.988582 0.99771 0.999544
 0.773674 0.945066 0.988582 0.99771 0.999544
Sel_pelaces
 0.901953 1 1 1 1
 0.901953 1 1 1 1
 0.901953 1 1 1 1
 0.901953 1 1 1 1
 0.901953 1 1 1 1
 0.901953 1 1 1 1
 0.901953 1 1 1 1
 0.901953 1 1 1 1
 0.901953 1 1 1 1
 0.901953 1 1 1 1
 0.901953 1 1 1 1
 0.901953 1 1 1 1
 0.901953 1 1 1 1
 0.901953 1 1 1 1
 0.901953 1 1 1 1
 0.901953 1 1 1 1
 0.901953 1 1 1 1
 0.901953 1 1 1 1
 0.901953 1 1 1 1
 0.901953 1 1 1 1
 0.901953 1 1 1 1
 0.901953 1 1 1 1
 0.901953 1 1 1 1
 0.901953 1 1 1 1
 0.901953 1 1 1 1
 0.901953 1 1 1 1
 0.901953 1 1 1 1
 0.901953 1 1 1 1
 0.901953 1 1 1 1
 0.901953 1 1 1 1
 0.901953 1 1 1 1
pf_obs 
 0.8446 0.082 0.0669 0.0065 0
 0.8095 0.147 0.0364 0.0071 0
 0.9664 0.0169 0.016 0.0007 0
 0.9276 0.0648 0.0075 0.0001 0
 0.7033 0.2144 0.0806 0.0017 0
 0.9318 0.0425 0.0243 0.0014 0
 0.5671 0.3108 0.0964 0.0239 0.0018
 0.0768 0.2599 0.5324 0.112 0.0189
 0.490249 0.384438 0.106611 0.0170017 0.00170017
 0.7925 0.1577 0.0466 0.003 0.0002
 0.840416 0.127587 0.0312969 0.00059994 9.999e-05
 0.8084 0.0986 0.0794 0.0134 0.0002
 0.7335 0.1905 0.0724 0.0035 0.0001
 0.4001 0.4547 0.1325 0.0127 0
 0.49795 0.308269 0.164784 0.0264974 0.00249975
 0.9179 0.0499 0.0305 0.0017 0
 0.2467 0.6533 0.0926 0.0074 0
 0.9418 0.0223 0.034 0.0019 0
 0.707729 0.231977 0.0356964 0.0245975 0
 0.517169 0.277429 0.184464 0.0207286 0.00020938
 0.811772 0.124168 0.05621 0.00726502 0.000585176
 0.764997 0.148141 0.077277 0.00933861 0.000247198
 0.163321 0.427699 0.378323 0.0303852 0.000271297
 0.753843 0.0900009 0.118128 0.0371064 0.000921714
 0.721811 0.176058 0.0630433 0.0369309 0.00215725
 0.143369 0.312575 0.442814 0.0836902 0.0175525
 0.692698 0.0596174 0.167031 0.0765114 0.00414204
 0.394062 0.376323 0.152708 0.0712218 0.00568511
 0.125707 0.32114 0.495352 0.0537591 0.00404204
 0.23352 0.215282 0.420074 0.123614 0.00750983
 0.774587 0.0839891 0.0768558 0.0609784 0.00358967
pf_pred 
 0.454973 0.0984523 0.42569 0.0208838 7.42721e-07
 0.429142 0.276207 0.0532251 0.230135 0.0112906
 0.558246 0.202728 0.115652 0.022286 0.101088
 0.824172 0.103323 0.0332738 0.0189819 0.0202495
 0.653979 0.291044 0.0323066 0.0104039 0.0122667
 0.700934 0.203118 0.0807034 0.00895828 0.00628632
 0.452124 0.397142 0.102374 0.0406757 0.00768351
 0.410954 0.284655 0.220646 0.0568776 0.0268677
 0.464777 0.23464 0.145256 0.112593 0.0427341
 0.632439 0.18182 0.0814286 0.0504089 0.0539041
 0.75694 0.160591 0.0407946 0.01827 0.0234046
 0.723327 0.215065 0.040705 0.0103402 0.0105633
 0.693749 0.229382 0.0597517 0.0113091 0.00580767
 0.641115 0.258711 0.0750305 0.0195447 0.00559888
 0.737946 0.176474 0.0616921 0.0178918 0.00599573
 0.917411 0.062965 0.0132152 0.00461978 0.0017888
 0.452963 0.50695 0.0305616 0.0064143 0.00311056
 0.88397 0.0560978 0.0555405 0.00334827 0.00104352
 0.636 0.32616 0.0182947 0.0181129 0.00143226
 0.624056 0.250186 0.112684 0.00632059 0.00675262
 0.746645 0.16554 0.05844 0.0263215 0.00305372
 0.748595 0.193377 0.0379151 0.0133851 0.00672809
 0.37965 0.478719 0.10894 0.0213597 0.0113309
 0.743907 0.104533 0.116957 0.0266153 0.0079867
 0.645968 0.271105 0.0338497 0.0378727 0.0112047
 0.475287 0.352899 0.131569 0.0164275 0.0238176
 0.734013 0.134169 0.088655 0.0330527 0.0101103
 0.68995 0.234529 0.0380944 0.0251717 0.0122552
 0.409606 0.421806 0.127524 0.0207137 0.0203507
 0.486193 0.225126 0.206248 0.0623547 0.020079
 0.832044 0.0866591 0.0356204 0.0326334 0.013043
pobs_RECLAS
 0 0 0 0 0
 0 0 0 0 0
 0 0 0 0 0
 0 0 0 0 0
 0 0 0 0 0
 0 0 0 0 0
 0 0 0 0 0
 0 0 0 0 0
 0 0 0 0 0
 0 0 0 0 0
 0.991045 0.00858322 0.000360255 1.14367e-05 0
 0.934742 0.0480273 0.0164251 0.00080598 0
 0.827803 0.169806 0.00239088 0 0
 0.941827 0.0461693 0.0120037 0 0
 0.791401 0.0380133 0.147996 0.0225897 0
 0.846168 0.0940531 0.0597789 0 0
 0.134021 0.677848 0.182769 0.00536245 0
 0.80878 0.0450904 0.141981 0.00414843 0
 0.846168 0.0940531 0.0597789 0 0
 0.905697 0.0802665 0.012482 0.00150086 5.37128e-05
 0.989698 0.0102097 9.19794e-05 0 0
 0.975433 0.0193895 0.00387452 0.00125025 5.28907e-05
 0.303575 0.632131 0.0575291 0.00676475 0
 0.966965 0.00978017 0.0227588 0.000495775 0
 0.843318 0.132988 0.00938335 0.0141283 0.000182051
 0.564624 0.303363 0.111486 0.0197234 0.00080311
 0.826376 0.0876187 0.0782897 0.00655872 0.00115652
 0.89761 0.0855135 0.0140674 0.00269457 0.000114338
 0.34875 0.467042 0.161289 0.0227151 0.000203297
 0.318654 0.224769 0.449479 0.00709798 0
 0.937255 0.0296025 0.0250945 0.00804832 0
ppred_RECLAS
 0.423812 0.100261 0.453473 0.0224523 7.99969e-07
 0.401018 0.281951 0.0568337 0.248007 0.0121897
 0.529448 0.210051 0.125347 0.0243773 0.110777
 0.807765 0.110601 0.0372577 0.0214509 0.0229254
 0.631588 0.307413 0.0356949 0.0116012 0.0137035
 0.678651 0.214961 0.089342 0.0100088 0.00703639
 0.427245 0.409627 0.110455 0.0442915 0.0083819
 0.383509 0.290579 0.235609 0.0612956 0.0290078
 0.435844 0.240397 0.155672 0.121781 0.0463064
 0.60562 0.190088 0.0890514 0.0556369 0.0596039
 0.736765 0.170935 0.0454218 0.0205302 0.0263482
 0.703479 0.227972 0.0451348 0.0115714 0.0118427
 0.672451 0.242393 0.0660483 0.0126163 0.00649086
 0.618494 0.271338 0.0823162 0.0216405 0.00621066
 0.717686 0.187131 0.0684296 0.020029 0.00672428
 0.909651 0.0680828 0.0149472 0.00527353 0.00204569
 0.430389 0.526002 0.0331702 0.00702608 0.0034135
 0.872009 0.0604204 0.0625746 0.00380716 0.00118872
 0.614467 0.343629 0.020162 0.020146 0.00159595
 0.59965 0.262291 0.123576 0.00699552 0.00748743
 0.726291 0.175831 0.0649315 0.0295154 0.00343055
 0.729586 0.205643 0.0421767 0.015027 0.00756732
 0.356502 0.491152 0.116916 0.0231351 0.0122953
 0.720989 0.11072 0.129583 0.0297609 0.00894702
 0.622577 0.285537 0.0372933 0.0421109 0.0124815
 0.449234 0.364621 0.142199 0.0179187 0.0260273
 0.711383 0.142108 0.0982247 0.0369587 0.0113259
 0.667866 0.248142 0.0421614 0.0281163 0.013714
 0.384999 0.433368 0.137053 0.0224669 0.0221138
 0.457355 0.231399 0.221756 0.0676624 0.0218282
 0.815582 0.0928261 0.0399122 0.0369029 0.0147766
pobs_PELACES
 0 0 0 0 0
 0 0 0 0 0
 0 0 0 0 0
 0 0 0 0 0
 0 0 0 0 0
 0 0 0 0 0
 0 0 0 0 0
 0 0 0 0 0
 0 0 0 0 0
 0 0 0 0 0
 0 0 0 0 0
 0 0 0 0 0
 0 0 0 0 0
 0 0 0 0 0
 0 0 0 0 0
 0 0 0 0 0
 0.505614 0.472636 0.0217494 0 0
 0 0 0 0 0
 0.443492 0.261883 0.143347 0.151278 0
 0.227955 0.32914 0.350689 0.0885471 0.00366901
 0.970185 0.0296113 0.000203453 0 0
 0.997202 0.00247181 0.000326279 0 0
 0.445219 0.490057 0.0546422 0.010081 0
 0.90214 0.0892962 0.00764917 0.000914606 0
 0 0 0 0 0
 0.581667 0.319106 0.0959925 0.00289975 0.000334073
 0.762889 0.0836404 0.116647 0.0363945 0.000428098
 0.88444 0.0763242 0.0277011 0.0115352 0
 0.521256 0.241999 0.230069 0.00667565 0
 0.616807 0.101726 0.260614 0.0208532 0
 0.833518 0.0704572 0.0857862 0.0102388 0
ppred_PELACES
 0.457717 0.0979567 0.423547 0.0207787 7.38982e-07
 0.43268 0.274495 0.0528952 0.228709 0.0112206
 0.561714 0.201137 0.114744 0.0221111 0.100295
 0.82636 0.102037 0.0328598 0.0187457 0.0199975
 0.656067 0.289288 0.0321117 0.0103411 0.0121927
 0.703408 0.201438 0.0800359 0.00888419 0.00623433
 0.45649 0.393978 0.101559 0.0403516 0.00762228
 0.413011 0.283661 0.219876 0.0566789 0.0267738
 0.468213 0.233134 0.144323 0.11187 0.0424598
 0.636303 0.179908 0.0805726 0.049879 0.0533374
 0.758735 0.159405 0.0404934 0.0181351 0.0232318
 0.727879 0.211526 0.0400353 0.0101701 0.0103895
 0.698405 0.225895 0.0588435 0.0111372 0.00571938
 0.64825 0.253567 0.0735388 0.0191561 0.00548757
 0.742099 0.173678 0.0607146 0.0176082 0.00590072
 0.918987 0.0617636 0.012963 0.00453163 0.00175467
 0.456887 0.503314 0.0303424 0.00636829 0.00308825
 0.885647 0.0552872 0.0547379 0.00329988 0.00102845
 0.640862 0.321804 0.0180503 0.017871 0.00141312
 0.628538 0.247204 0.111341 0.00624524 0.00667213
 0.749671 0.163562 0.0577421 0.0260072 0.00301725
 0.752126 0.190661 0.0373826 0.0131971 0.0066336
 0.38287 0.476235 0.108374 0.0212488 0.0112721
 0.746309 0.103553 0.11586 0.0263658 0.00791181
 0.648893 0.268865 0.03357 0.0375598 0.0111121
 0.478162 0.350965 0.130848 0.0163375 0.0236871
 0.736463 0.132933 0.0878384 0.0327483 0.0100172
 0.6925 0.2326 0.037781 0.0249646 0.0121544
 0.412452 0.419772 0.126909 0.0206138 0.0202526
 0.489522 0.223667 0.204911 0.0619506 0.0199489
 0.83384 0.0857324 0.0352395 0.0322844 0.0129035
pobs_pel_tallas
 0 0 0 0 0 0 0 0 0 0 0 0 0 0 0 0 0 0 0 0 0 0 0 0 0 0
 0 0 0 0 0 0 0 0 0 0 0 0 0 0 0 0 0 0 0 0 0 0 0 0 0 0
 0 0 0 0 0 0 0 0 0 0 0 0 0 0 0 0 0 0 0 0 0 0 0 0 0 0
 0 0 0 0 0 0 0 0 0 0 0 0 0 0 0 0 0 0 0 0 0 0 0 0 0 0
 0 0 0 0 0 0 0 0 0 0 0 0 0 0 0 0 0 0 0 0 0 0 0 0 0 0
 0 0 0 0 0 0 0 0 0 0 0 0 0 0 0 0 0 0 0 0 0 0 0 0 0 0
 0 0 0 0 0 0 0 0 0 0 0 0 0 0 0 0 0 0 0 0 0 0 0 0 0 0
 0 0 0 0 0 0 0 0 0 0 0 0 0 0 0 0 0 0 0 0 0 0 0 0 0 0
 0 0 0 0 0 0 0 0 0 0 0 0 0 0 0 0 0 0 0 0 0 0 0 0 0 0
 0 0 0 0 0 0 0 0 0 0 0 0 0 0 0 0 0 0 0 0 0 0 0 0 0 0
 0 0 0 0 0 0 0 0 0 0 0 0 0 0 0 0 0 0 0 0 0 0 0 0 0 0
 0 0 0 0 0 0 0 0 0 0 0 0 0 0 0 0 0 0 0 0 0 0 0 0 0 0
 0.00862536 0 0 0.000197151 0.00414017 0.0128641 0.00837892 0.0270097 0.101434 0.158115 0.152841 0.127902 0.109271 0.109419 0.0830992 0.0579132 0.0238553 0.00714673 0.00463305 0.00128148 0.00103504 0.000492878 0.000147863 0.000147863 4.92878e-05 0
 0 0 0 0 0 0 0 0 0 0 0 0 0 0 0 0 0 0 0 0 0 0 0 0 0 0
 0 0 0 0 0 0 0 0.0054083 0.00873648 0.0413646 0.0450493 0.0745869 0.0622846 0.0627006 0.0613931 0.0827291 0.12552 0.122667 0.0946155 0.0697135 0.0546179 0.0294188 0.0215738 0.0213955 0.0102223 0.00600262
 0 0 0 0 0.00359764 0.0251062 0.0480494 0.140153 0.205849 0.193036 0.1447 0.116669 0.0760912 0.0342217 0.00950174 0.001854 0.000860785 0 0 0 0.000165536 0 0.000143464 0 0 0
 0 0 0 0 0 0 0 0.000145254 0.000435761 0.0275982 0.070085 0.0708112 0.156366 0.174668 0.174014 0.160142 0.0824315 0.0480064 0.0283245 0.00493863 0.00203355 0 0 0 0 0
 0 0 0 0 0 0 0 0 0 0 0 0 0 0 0 0 0 0 0 0 0 0 0 0 0 0
 0 0 1.00437e-05 0.000401748 0.00122533 0.00171747 0.00176769 0.0269171 0.070346 0.194647 0.189555 0.159765 0.064822 0.0314167 0.0384472 0.0292271 0.0345202 0.0313363 0.0194345 0.0106764 0.0143323 0.0359363 0.0279516 0.0138201 0.00172751 0
 0 0.0021121 0.0136068 0.0755702 0.200478 0.177729 0.0527432 0.0373336 0.0318909 0.0142505 0.0149659 0.0166563 0.0217959 0.0798694 0.0677717 0.0528807 0.04013 0.0224614 0.0357745 0.0225083 0.00881397 0.00855152 0.00135912 0.000746735 0 0
 0 0 0 0 5.4009e-05 0.00500934 0.000945158 0.0243581 0.138947 0.33067 0.221406 0.137944 0.0707744 0.0437923 0.0131692 0.00525238 0.0047753 0.00276346 9.45158e-05 9.00151e-06 2.25038e-05 9.00151e-06 4.50075e-06 0 0 0
 0.000866109 0.00284123 0.00948549 0.0512746 0.133035 0.25785 0.225252 0.132002 0.0553304 0.0519788 0.0540692 0.017754 0.00435017 0.00159236 0.00146478 0.000404838 0.000125132 0.000115318 0.000107957 0.000100596 0 0 0 0 0 0
 0 0 0 0 0.00144013 0.00171154 0.00461396 0.0210425 0.0478622 0.0707936 0.0888783 0.103762 0.0637923 0.0337046 0.0602308 0.124433 0.169614 0.0934646 0.0462172 0.0250306 0.0313229 0.00938855 0.002487 0.000210481 0 0
 0 0.00764035 0.051015 0.0998891 0.058973 0.0496711 0.0374665 0.0718981 0.12319 0.153886 0.159021 0.0857701 0.0377988 0.023471 0.0147837 0.00900784 0.00315554 0.000888139 0.00291439 0.00214683 0.00393193 0.00274676 0.000635225 9.99891e-05 0 0
 0 0 0 0 0 0 0 0 0 0 0 0 0 0 0 0 0 0 0 0 0 0 0 0 0 0
 0 0 0 0 0 0 0 0 0 0 0 0 0 0 0 0 0 0 0 0 0 0 0 0 0 0
 0 0 0 0 0 0 0 0 0 0 0 0 0 0 0 0 0 0 0 0 0 0 0 0 0 0
 0 0 0 0 0 0 0 0 0 0 0 0 0 0 0 0 0 0 0 0 0 0 0 0 0 0
 0 0 0 0 0 0 0 0 0 0 0 0 0 0 0 0 0 0 0 0 0 0 0 0 0 0
 0 0 0 0 0 0 0 0 0 0 0 0 0 0 0 0 0 0 0 0 0 0 0 0 0 0
 0 0 0 0 0 0 0 0 0 0 0 0 0 0 0 0 0 0 0 0 0 0 0 0 0 0
ppred_pel_tallas
 1.14332e-16 3.77016e-05 0.000366473 0.00243534 0.0110707 0.0344451 0.0733894 0.107116 0.107126 0.073439 0.0346134 0.0115647 0.00370592 0.00324119 0.00579264 0.0102849 0.0165954 0.0245707 0.0339362 0.0443375 0.055152 0.0651474 0.0724201 0.0749513 0.0715728 0.0626879
 1.26432e-16 3.56393e-05 0.000346427 0.00230213 0.0104652 0.0325611 0.0693759 0.101262 0.101288 0.0695057 0.0329974 0.0117268 0.00547508 0.00729467 0.0132994 0.0221211 0.032348 0.041795 0.0483683 0.051378 0.0520523 0.0526752 0.0549606 0.0589048 0.0628631 0.0645982
 1.22553e-16 4.62677e-05 0.000449738 0.00298867 0.0135861 0.0422714 0.0900644 0.131456 0.131475 0.09016 0.0425928 0.0145165 0.0053322 0.00559294 0.00989573 0.016505 0.0242983 0.031701 0.0371725 0.0401147 0.0412395 0.0419979 0.0435116 0.045853 0.0481179 0.049061
 1.06239e-16 6.80662e-05 0.000661627 0.00439675 0.019987 0.062187 0.132496 0.193384 0.193394 0.132545 0.0623491 0.0204558 0.00557562 0.00324181 0.00498848 0.00819375 0.0119293 0.0152921 0.017423 0.0179623 0.0172662 0.0161419 0.0153081 0.0150029 0.0149774 0.0147725
 1.04102e-16 5.40394e-05 0.000525282 0.00349069 0.0158682 0.0493719 0.105193 0.153538 0.153566 0.105329 0.0498292 0.0171887 0.00680477 0.00775835 0.0137864 0.022695 0.0326633 0.0410285 0.0451194 0.04372 0.037803 0.0298792 0.0225001 0.0170711 0.0136575 0.0115585
 1.04308e-16 5.79388e-05 0.000563186 0.00374257 0.0170132 0.0529345 0.112783 0.164614 0.164634 0.112879 0.0532547 0.0179392 0.00607082 0.00565871 0.00977313 0.016164 0.0235089 0.0300417 0.0339849 0.0344945 0.0321093 0.0282835 0.0244089 0.0211247 0.0183262 0.0156354
 1.08369e-16 3.76006e-05 0.000365491 0.00242882 0.0110411 0.0343531 0.0731943 0.106837 0.106875 0.0733803 0.0349778 0.0128465 0.00696478 0.0102811 0.0189093 0.0313076 0.0453479 0.0575621 0.0644331 0.0643443 0.0585054 0.05003 0.0419449 0.0357085 0.0311177 0.0272062
 1.16633e-16 3.40192e-05 0.000330679 0.00219748 0.00998945 0.031081 0.0662224 0.0966594 0.096687 0.0663576 0.0315358 0.011307 0.00551934 0.00763111 0.0140426 0.0235394 0.0347948 0.0456304 0.053816 0.0583054 0.0597227 0.0596125 0.0591139 0.0582015 0.0559967 0.0516718
 1.22629e-16 3.85661e-05 0.000374877 0.00249119 0.0113246 0.0352351 0.075073 0.109576 0.109599 0.075184 0.0356084 0.0124055 0.00521557 0.00635981 0.0115175 0.0192811 0.0284962 0.0374061 0.0442795 0.0484387 0.0506399 0.0523779 0.0546612 0.0572589 0.0589201 0.0582377
 1.164e-16 5.24114e-05 0.000509458 0.00338553 0.0153901 0.0478845 0.102024 0.14891 0.148928 0.102109 0.0481713 0.0162201 0.00547468 0.00508969 0.0088101 0.014641 0.0214717 0.0278463 0.032349 0.034424 0.0347188 0.0345773 0.0350731 0.0363459 0.0376532 0.0379416
 1.0696e-16 6.2496e-05 0.000607483 0.00403694 0.0183514 0.057098 0.121654 0.177561 0.177576 0.121729 0.0573508 0.0190822 0.00587326 0.0046227 0.00770776 0.0126966 0.018413 0.0234386 0.0263836 0.0266436 0.0247624 0.02204 0.0196996 0.0182627 0.0175049 0.0168426
 1.03988e-16 5.99545e-05 0.000582779 0.00387277 0.0176051 0.054776 0.116707 0.170341 0.170362 0.116807 0.0551109 0.0185726 0.00630224 0.00588946 0.0101477 0.0167062 0.0241199 0.0304602 0.0338043 0.033273 0.0295468 0.024381 0.0195254 0.0158918 0.0134553 0.0117004
 1.03841e-16 5.75267e-05 0.00055918 0.00371595 0.0168922 0.052558 0.111981 0.163444 0.163466 0.112088 0.0529161 0.0179271 0.00631592 0.00624194 0.0108707 0.0179344 0.0259556 0.032904 0.0367414 0.0365188 0.0329117 0.0277042 0.0226581 0.0186683 0.0156983 0.0132717
 1.05037e-16 5.33956e-05 0.000519024 0.0034491 0.0156791 0.0487837 0.10394 0.151708 0.151733 0.104059 0.049186 0.0168418 0.00637079 0.00690729 0.0122159 0.0201896 0.0292635 0.0371887 0.0417 0.0417445 0.0380716 0.032645 0.0273759 0.0231911 0.019986 0.0171982
 1.04561e-16 6.11257e-05 0.000594164 0.00394843 0.017949 0.0558461 0.118987 0.173668 0.173685 0.119069 0.056122 0.0187467 0.00595383 0.00498193 0.0084237 0.0139067 0.0202093 0.0257983 0.0291479 0.0295519 0.0275121 0.0243256 0.0212217 0.0187433 0.0167439 0.0148046
 1.01142e-16 7.56958e-05 0.00073579 0.00488958 0.0222273 0.0691575 0.147348 0.215059 0.215065 0.147377 0.0692553 0.02251 0.00559949 0.00228682 0.0030252 0.00489161 0.00706331 0.00893373 0.00994051 0.00982729 0.00878907 0.0073298 0.00594803 0.0048979 0.00416523 0.0036016
 1.02166e-16 3.76333e-05 0.000365809 0.00243093 0.0110507 0.0343831 0.0732586 0.106933 0.106982 0.0734953 0.0351776 0.0133446 0.00818574 0.0129177 0.023844 0.0392754 0.0563767 0.0704796 0.0768503 0.0733057 0.0615341 0.045998 0.0313358 0.0202616 0.0131609 0.00901534
 1.02099e-16 7.29495e-05 0.000709096 0.00471219 0.0214209 0.0666485 0.142002 0.207257 0.207262 0.142028 0.0667375 0.0216788 0.00536293 0.00214121 0.00282658 0.00464528 0.00688848 0.00908539 0.0107933 0.0117831 0.0121252 0.0120529 0.0117295 0.0111364 0.0101565 0.00874364
 1.02635e-16 5.2787e-05 0.000513109 0.00340979 0.0155004 0.0482277 0.102755 0.149981 0.150012 0.102907 0.0487358 0.0169673 0.00709001 0.00854087 0.015281 0.0251327 0.0360928 0.0451687 0.049355 0.0472834 0.0400578 0.0305381 0.0216637 0.0151034 0.0110068 0.00862353
 1.05032e-16 5.17719e-05 0.000503241 0.00334422 0.0152023 0.0473002 0.100779 0.147095 0.147119 0.100896 0.0476936 0.01634 0.00620563 0.00676836 0.0120048 0.0199059 0.0289982 0.0371459 0.0421782 0.043048 0.0403757 0.0358778 0.0311877 0.0270416 0.0233182 0.0196196
 1.04827e-16 6.17494e-05 0.000600227 0.00398872 0.0181321 0.0564159 0.120201 0.17544 0.175455 0.120278 0.0566758 0.0188837 0.00587826 0.00473526 0.00794503 0.0131165 0.0190772 0.0243907 0.0276337 0.0281555 0.0264363 0.023691 0.0210494 0.0189756 0.0172754 0.0155081
 1.03574e-16 6.19516e-05 0.000602192 0.00400178 0.0181915 0.0566007 0.120594 0.176015 0.176033 0.120684 0.0569026 0.0190638 0.00619229 0.00538742 0.00915991 0.0150716 0.0217687 0.0275112 0.0305704 0.0301564 0.0268789 0.0223092 0.0180055 0.0147683 0.0125591 0.0109099
 1.07288e-16 3.15366e-05 0.000306547 0.00203711 0.00926045 0.0288129 0.0613907 0.0896112 0.0896571 0.0616154 0.0295674 0.0114405 0.00751255 0.0122702 0.0227843 0.0376999 0.0544987 0.0689395 0.0767027 0.0757799 0.0676268 0.0560817 0.0449682 0.0362791 0.0300008 0.0251247
 1.07354e-16 6.14725e-05 0.000597534 0.00397083 0.0180508 0.0561628 0.119661 0.174651 0.174661 0.119711 0.05633 0.0185359 0.00519661 0.00330027 0.00527337 0.0088275 0.0131952 0.0176119 0.02132 0.0239479 0.0256443 0.0267912 0.027555 0.0276929 0.0267595 0.0244905
 1.06685e-16 5.34485e-05 0.000519539 0.00345252 0.0156947 0.0488321 0.104043 0.151859 0.151885 0.104169 0.0492573 0.0169231 0.00653655 0.00725368 0.0128484 0.0211732 0.0305412 0.0385185 0.0426793 0.0419522 0.037278 0.0309728 0.0253122 0.0214271 0.019159 0.017659
 1.09513e-16 3.93857e-05 0.000382843 0.00254413 0.0115653 0.035984 0.0766689 0.111908 0.111942 0.0768349 0.0365417 0.0131779 0.00659835 0.00925442 0.0169503 0.028123 0.0408906 0.0522237 0.0590399 0.0598992 0.0557941 0.0493249 0.0429706 0.0378509 0.033717 0.0297747
 1.07549e-16 6.06615e-05 0.000589651 0.00391844 0.0178127 0.0554219 0.118083 0.172348 0.172361 0.118146 0.0556346 0.0184285 0.0054702 0.00399669 0.00658901 0.0109493 0.0161268 0.0210429 0.0246347 0.0264179 0.0267248 0.0263513 0.0259159 0.0254693 0.0246094 0.0228982
 1.05711e-16 5.70404e-05 0.000554453 0.00368453 0.0167494 0.0521136 0.111034 0.162063 0.162085 0.111144 0.0524818 0.0178129 0.00635514 0.00638749 0.0111446 0.0183603 0.0265092 0.0334853 0.0371926 0.0366947 0.0327788 0.0274089 0.0225151 0.0190583 0.0169188 0.0154107
 1.09265e-16 3.39732e-05 0.000330232 0.00219451 0.00997595 0.0310391 0.0661336 0.0965324 0.096573 0.0663319 0.0317052 0.0119013 0.00703269 0.0109098 0.0201789 0.0334432 0.0484948 0.0616604 0.0691993 0.0693705 0.0634125 0.0545695 0.0459996 0.0392336 0.034096 0.0296482
 1.1556e-16 4.03214e-05 0.000391938 0.00260457 0.01184 0.0368387 0.0784896 0.114562 0.114584 0.0785965 0.0371985 0.0128829 0.00523664 0.00618525 0.0111829 0.018792 0.0279333 0.0369568 0.0441796 0.0488129 0.0513002 0.0526997 0.0536574 0.0538774 0.0524611 0.0486949
 1.06461e-16 6.86823e-05 0.000667617 0.00443655 0.0201679 0.0627499 0.133696 0.195134 0.195143 0.133736 0.0628865 0.0205631 0.00543109 0.00284732 0.00423432 0.00696156 0.0101917 0.0131884 0.0152646 0.0161445 0.0161269 0.0158458 0.0158123 0.0161029 0.016389 0.0162106
pSPR Fmed_Fpbrs
0.716649   0.191853 0.191853
Fs Fmed_Fpbrs
0.167029   1.005 1.005
SSBpbr Bo_Bmed_Bpbrs
2.26249e+06  1.50829e+06  320941 320941
Ro
224655
SPR SPRFo_SPRFmed_SPRFpbrs
1.60582e+06 1.15081e+06 308081
Fref
1.005
Nvult_r0
 266472 25178.3 10349.3 9481.44 3789.57
CTP_r0
 29204.9 3041.75 1250.28 1145.44 457.813
YTP_r0
391305
Np
 285521 128461 11884 4884.79 5910.13
Nvult_p0
 242827 111163 10283.7 4227.01 5114.27
CTP_p0
 115041 55720 5154.66 2118.77 2563.51
YTP_p0
 2.03349e+06
CBA_c0
883962
log_Ro
12.1423
likeval ReclasPelacesDesembMPH_pf_preclas_ppelaces_ptallas_desvR_qrecl_qpela
 25.3753 17.9657 0.215558 0.00312729 243.157 124.509 98.3957 0 19.6999 0 0 1.08844 0 0 0
q_reclas_q_pelaces
1 1
M
1
N
 246502 47979 207453 10177.4 0.361952
 143276 83204.2 16033.4 69325.6 3401.15
 138071 45226.1 25800.4 4971.74 22551.5
 387740 43888.3 14133.6 8062.91 8601.32
 301835 120613 13388.3 4311.53 5083.5
 405306 105720 42005.1 4662.68 3271.96
 169494 134708 34724.6 13796.9 2606.19
 80923.5 50293.7 38984.5 10049.3 4747.06
 63218 28780.2 17816.5 13810.3 5241.62
 77725.5 20201.3 9047.25 5600.76 5989.09
 123243 23489.8 5967.09 2672.38 3423.42
 158014 42693.1 8080.49 2052.68 2096.95
 141416 42460.7 11060.6 2093.43 1075.05
 104647 38611.8 11198.1 2916.99 835.616
 111497 24204.8 8461.55 2453.99 822.361
 492720 30683.6 6439.91 2251.27 871.704
 135632 137134 8267.13 1735.11 841.428
 726237 41658.4 41244.5 2486.43 774.924
 473558 220367 12360.6 12237.8 967.691
 362324 131599 59272.4 3324.65 3551.9
 521111 104396 36854.8 16599.5 1925.81
 680976 159329 31239.4 11028.4 5543.48
 173568 197333 44906.1 8804.67 4670.69
 439524 55635.5 62247.7 14165.4 4250.74
 380100 143723 17945 20077.7 5940.04
 185390 123869 46181.5 5766.14 8360.11
 376486 61987.8 40959.8 15270.8 4671.12
 402772 123252 20019.7 13228.4 6440.47
 144075 133540 40373.1 6557.77 6442.87
 114891 47952.1 43931 13281.6 4276.85
 394933 37062.2 15234.1 13956.6 5578.22
pred_Ctot
 12941.8 2800.5 12108.8 594.045 0.0211268
 13018 8378.71 1614.58 6981.13 342.498
 12007.2 4360.44 2487.53 479.347 2174.29
 38373.1 4810.68 1549.22 883.791 942.807
 9175.57 4083.45 453.273 145.971 172.106
 24942.8 7227.95 2871.84 318.781 223.699
 21088 18523.5 4774.95 1897.2 358.375
 1705.72 1181.5 915.825 236.079 111.518
 5310.55 2681 1659.69 1286.49 488.28
 8911.44 2561.95 1147.38 710.292 759.541
 4568.11 969.159 246.194 110.259 141.246
 27620.5 8212.32 1554.34 394.846 403.363
 23611.5 7806.93 2033.62 384.902 197.661
 25496.8 10288.8 2983.92 777.28 222.664
 18180.3 4347.67 1519.86 440.786 147.712
 77563.9 5323.47 1117.3 390.586 151.237
 14365 16077.2 969.214 203.42 98.6467
 81689.1 5184.09 5132.59 309.419 96.4338
 74911.4 38416.9 2154.84 2133.43 168.699
 50647.9 20304.9 9145.38 512.974 548.038
 56478.9 12522 4420.61 1991.05 230.994
 93178.4 24069.8 4719.33 1666.05 837.452
 14277.9 18003.8 4097.02 803.298 426.133
 31174.5 4380.62 4901.24 1115.35 334.693
 27699.5 11625.1 1451.49 1624 480.465
 10759.9 7989.22 2978.57 371.9 539.203
 26454.1 4835.49 3195.16 1191.23 364.381
 25355.9 8619.02 1399.98 925.068 450.383
 8748.92 9009.5 2723.84 442.431 434.679
 9037.83 4184.86 3833.93 1159.11 373.248
 29204.9 3041.75 1250.28 1145.44 457.813
F
 0.0860742 0.096088 0.096088 0.096088 0.096088
 0.153096 0.170907 0.170907 0.170907 0.170907
 0.146118 0.163117 0.163117 0.163117 0.163117
 0.167748 0.187264 0.187264 0.187264 0.187264
 0.0490832 0.0547936 0.0547936 0.0547936 0.0547936
 0.101536 0.113348 0.113348 0.113348 0.113348
 0.214938 0.239943 0.239943 0.239943 0.239943
 0.0338185 0.0377529 0.0377529 0.0377529 0.0377529
 0.14084 0.157226 0.157226 0.157226 0.157226
 0.196616 0.21949 0.21949 0.21949 0.21949
 0.060121 0.0671154 0.0671154 0.0671154 0.0671154
 0.314108 0.350651 0.350651 0.350651 0.350651
 0.29815 0.332837 0.332837 0.332837 0.332837
 0.46404 0.518026 0.518026 0.518026 0.518026
 0.290267 0.324036 0.324036 0.324036 0.324036
 0.278985 0.311442 0.311442 0.311442 0.311442
 0.180445 0.201438 0.201438 0.201438 0.201438
 0.192581 0.214986 0.214986 0.214986 0.214986
 0.280517 0.313152 0.313152 0.313152 0.313152
 0.244345 0.272772 0.272772 0.272772 0.272772
 0.184993 0.206515 0.206515 0.206515 0.206515
 0.238635 0.266397 0.266397 0.266397 0.266397
 0.137746 0.153771 0.153771 0.153771 0.153771
 0.117805 0.131511 0.131511 0.131511 0.131511
 0.121207 0.135308 0.135308 0.135308 0.135308
 0.0955231 0.106636 0.106636 0.106636 0.106636
 0.116651 0.130222 0.130222 0.130222 0.130222
 0.10397 0.116066 0.116066 0.116066 0.116066
 0.100132 0.111781 0.111781 0.111781 0.111781
 0.131382 0.146667 0.146667 0.146667 0.146667
 0.123089 0.137409 0.137409 0.137409 0.137409
nmprior
 8.19 8.8 8.5 0
nm_flota  nm_reclas  nm_pelaces    nm_pelaL
inf 10.1497 18.7322 45.1196
cv_recla  cv_pelaces  cv_mph
0.455649 0.480611 1.7258
 ------------------------------------------------
Talla a la edad & desviaci?n 
 8 13.2811 15.8009 17.003 17.5766
 0.8 1.32811 1.58009 1.7003 1.75766
