years
 1991 1992 1993 1994 1995 1996 1997 1998 1999 2000 2001 2002 2003 2004 2005 2006 2007 2008 2009 2010 2011 2012 2013 2014 2015 2016 2017 2018 2019 2020 2021
reclasobs
 0 0 0 0 0 0 0 0 0 252601 567819 844713 477998 351125 339783 2.1784e+06 2.13404e+06 4.81314e+06 1.55562e+06 2.62356e+06 3.21686e+06 3.843e+06 1.13348e+06 3.07943e+06 1.97215e+06 2.03268e+06 2.025e+06 2.42433e+06 2.27542e+06 1.05018e+06 2.36338e+06
reclaspred
 3.18253e+06 1.71005e+06 866219 877790 887442 1.74231e+06 909824 754889 520337 327035 502858 717200 707687 506090 477964 1.41456e+06 1.16886e+06 3.33677e+06 2.598e+06 1.82234e+06 3.15054e+06 2.59179e+06 1.86972e+06 3.08298e+06 2.23361e+06 1.93369e+06 2.39321e+06 2.6623e+06 2.05008e+06 1.16924e+06 1.84806e+06
pelacesobs
 0 0 0 0 0 0 0 0 0 0 0 0 0 0 0 552880 188675 0 991730 2.46772e+06 1.41603e+06 1.21717e+06 2.29649e+06 1.80582e+06 0 1.4828e+06 1.56532e+06 1.57751e+06 1.42118e+06 867257 1.10002e+06
pelacespred
 1.94643e+06 1.1224e+06 540844 414939 481402 936542 448568 502679 304044 164940 277135 331239 367046 255021 244983 611868 581403 1.78706e+06 1.48683e+06 954116 1.63235e+06 1.39391e+06 1.10872e+06 1.88774e+06 1.38753e+06 1.21868e+06 1.6177e+06 1.77162e+06 1.25861e+06 788433 1.08749e+06
mphobs
 0 0 0 0 0 0 0 0 0 0 0 498337 0 5186 125008 0 168611 109162 213762 579715 649985 157893 87575 83554 0 0 0 0 0 0 0
mphpred
 491720 329814 154178 86184.8 90773.8 113144 172988 83849.7 74428.5 42639.6 24369.6 61587.9 67058.4 53765.5 30336.4 37949.3 155874 127816 335573 224761 228618 284111 273190 206595 315055 253190 201903 225529 335807 207739 113286
desembarqueobs
 494567 514787 250237 358949 120608 361735 552515 73892 212993 205616 52469 317467 293654 387597 252695 516296 358380 742168 942051 627588 828172 859565 418607 520667 417249 300574 407403 355545 319650 289779 391294
desembarquepred
 494563 514081 250505 358980 120612 361723 552472 73897 213048 205664 52471.3 317502 293654 387491 252640 516177 358406 741950 941617 627258 828235 859462 418587 520677 417213 300559 407379 355499 319613 289766 391284
Reclutas
 158788 88605.7 88493.2 120898 98226.9 204449 73284.7 29079.9 30248.8 41132.5 75368.7 118621 99151.1 69684.2 59776.3 324648 60592.4 538284 297643 233184 318598 445627 79600.5 246770 204322 88487 203822 231177 66483 47024.9 183985
log_desv_Rt
 0.278705 -0.304668 -0.305939 0.00607859 -0.201584 0.531456 -0.494513 -1.41882 -1.37941 -1.07207 -0.466472 -0.0129334 -0.192219 -0.544891 -0.698255 0.993878 -0.684695 1.49952 0.907031 0.662961 0.975064 1.31062 -0.411845 0.719592 0.53083 -0.306009 0.528382 0.654317 -0.591918 -0.938187 0.425987
SSB
 1.53867e+06 1.03204e+06 482445 269685 284045 354045 541305 262379 232898 133426 76256.1 192718 209836 168241 94927.3 118749 487752 399955 1.05006e+06 703310 715381 889026 854852 646468 985856 792270 631785 705714 1.05079e+06 650048 354488
BT
 2.26595e+06 1.56821e+06 754007 732076 592726 1.34373e+06 932808 587347 525337 371977 356561 626133 665526 685285 532427 1.13203e+06 871127 2.71357e+06 2.46919e+06 1.54341e+06 2.47148e+06 2.26759e+06 1.47282e+06 2.57847e+06 1.79333e+06 1.50291e+06 2.1894e+06 2.29822e+06 1.48471e+06 1.04651e+06 1.58718e+06
Ftot
 0.269864 0.501085 0.494959 0.767006 0.258749 0.423696 0.992966 0.182217 0.746004 1.12364 0.229319 0.852537 0.792321 1.4073 1.07841 0.806475 0.540344 0.483222 0.668594 0.646398 0.514639 0.640092 0.392035 0.348412 0.345053 0.281936 0.345337 0.276735 0.264105 0.424765 0.446006
BD_Bspro_t
 0.957971 0.727015 0.494333 0.392178 0.379845 0.484486 0.511087 0.302311 0.349878 0.275216 0.226008 0.507809 0.391411 0.298594 0.187635 0.226691 0.425335 0.367214 0.531716 0.404339 0.364247 0.412738 0.430738 0.400982 0.53709 0.542653 0.544513 0.602803 0.676806 0.567991 0.45678
BD_Bspro
 1.79138 1.20154 0.561681 0.313978 0.330696 0.412193 0.630208 0.305472 0.271149 0.15534 0.0887803 0.22437 0.244299 0.195872 0.110518 0.138253 0.567861 0.465643 1.22252 0.818822 0.832875 1.03504 0.995253 0.752644 1.14777 0.922392 0.73555 0.82162 1.22337 0.756812 0.412709
BD_Bo
 1.15453 0.774385 0.362001 0.202357 0.213132 0.265656 0.406166 0.196875 0.174754 0.100116 0.0572184 0.144605 0.15745 0.126239 0.0712283 0.089103 0.365983 0.300104 0.787908 0.527726 0.536783 0.667077 0.641435 0.485075 0.739733 0.594476 0.474058 0.52953 0.788457 0.487761 0.265989
BD_Brms
 5.84329 3.91929 1.83215 1.02416 1.0787 1.34453 2.05567 0.996416 0.88446 0.506702 0.289592 0.731871 0.796879 0.638915 0.360499 0.450965 1.8523 1.51888 3.98774 2.67091 2.71675 3.37619 3.24641 2.45505 3.74391 3.00875 2.39929 2.68004 3.99052 2.46864 1.34621
Sel_flota
 0.652187 0.972698 0.998525 0.999922 0.999996
 0.652187 0.972698 0.998525 0.999922 0.999996
 0.652187 0.972698 0.998525 0.999922 0.999996
 0.652187 0.972698 0.998525 0.999922 0.999996
 0.652187 0.972698 0.998525 0.999922 0.999996
 0.652187 0.972698 0.998525 0.999922 0.999996
 0.652187 0.972698 0.998525 0.999922 0.999996
 0.652187 0.972698 0.998525 0.999922 0.999996
 0.652187 0.972698 0.998525 0.999922 0.999996
 0.652187 0.972698 0.998525 0.999922 0.999996
 0.652187 0.972698 0.998525 0.999922 0.999996
 0.652187 0.972698 0.998525 0.999922 0.999996
 0.652187 0.972698 0.998525 0.999922 0.999996
 0.652187 0.972698 0.998525 0.999922 0.999996
 0.652187 0.972698 0.998525 0.999922 0.999996
 0.652187 0.972698 0.998525 0.999922 0.999996
 0.652187 0.972698 0.998525 0.999922 0.999996
 0.652187 0.972698 0.998525 0.999922 0.999996
 0.652187 0.972698 0.998525 0.999922 0.999996
 0.652187 0.972698 0.998525 0.999922 0.999996
 0.652187 0.972698 0.998525 0.999922 0.999996
 0.652187 0.972698 0.998525 0.999922 0.999996
 0.652187 0.972698 0.998525 0.999922 0.999996
 0.652187 0.972698 0.998525 0.999922 0.999996
 0.652187 0.972698 0.998525 0.999922 0.999996
 0.652187 0.972698 0.998525 0.999922 0.999996
 0.652187 0.972698 0.998525 0.999922 0.999996
 0.652187 0.972698 0.998525 0.999922 0.999996
 0.652187 0.972698 0.998525 0.999922 0.999996
 0.652187 0.972698 0.998525 0.999922 0.999996
 0.652187 0.972698 0.998525 0.999922 0.999996
Sel_reclas
 1 1 1 1 1
 1 1 1 1 1
 1 1 1 1 1
 1 1 1 1 1
 1 1 1 1 1
 1 1 1 1 1
 1 1 1 1 1
 1 1 1 1 1
 1 1 1 1 1
 1 1 1 1 1
 1 1 1 1 1
 1 1 1 1 1
 1 1 1 1 1
 1 1 1 1 1
 1 1 1 1 1
 1 1 1 1 1
 1 1 1 1 1
 1 1 1 1 1
 1 1 1 1 1
 1 1 1 1 1
 1 1 1 1 1
 1 1 1 1 1
 1 1 1 1 1
 1 1 1 1 1
 1 1 1 1 1
 1 1 1 1 1
 1 1 1 1 1
 1 1 1 1 1
 1 1 1 1 1
 1 1 1 1 1
 1 1 1 1 1
Sel_pelaces
 0.734708 0.933055 0.985944 0.997175 0.999437
 0.734708 0.933055 0.985944 0.997175 0.999437
 0.734708 0.933055 0.985944 0.997175 0.999437
 0.734708 0.933055 0.985944 0.997175 0.999437
 0.734708 0.933055 0.985944 0.997175 0.999437
 0.734708 0.933055 0.985944 0.997175 0.999437
 0.734708 0.933055 0.985944 0.997175 0.999437
 0.734708 0.933055 0.985944 0.997175 0.999437
 0.734708 0.933055 0.985944 0.997175 0.999437
 0.734708 0.933055 0.985944 0.997175 0.999437
 0.734708 0.933055 0.985944 0.997175 0.999437
 0.734708 0.933055 0.985944 0.997175 0.999437
 0.734708 0.933055 0.985944 0.997175 0.999437
 0.734708 0.933055 0.985944 0.997175 0.999437
 0.734708 0.933055 0.985944 0.997175 0.999437
 0.734708 0.933055 0.985944 0.997175 0.999437
 0.734708 0.933055 0.985944 0.997175 0.999437
 0.734708 0.933055 0.985944 0.997175 0.999437
 0.734708 0.933055 0.985944 0.997175 0.999437
 0.734708 0.933055 0.985944 0.997175 0.999437
 0.734708 0.933055 0.985944 0.997175 0.999437
 0.734708 0.933055 0.985944 0.997175 0.999437
 0.734708 0.933055 0.985944 0.997175 0.999437
 0.734708 0.933055 0.985944 0.997175 0.999437
 0.734708 0.933055 0.985944 0.997175 0.999437
 0.734708 0.933055 0.985944 0.997175 0.999437
 0.734708 0.933055 0.985944 0.997175 0.999437
 0.734708 0.933055 0.985944 0.997175 0.999437
 0.734708 0.933055 0.985944 0.997175 0.999437
 0.734708 0.933055 0.985944 0.997175 0.999437
 0.734708 0.933055 0.985944 0.997175 0.999437
pf_obs 
 0.8446 0.082 0.0669 0.0065 0
 0.8095 0.147 0.0364 0.0071 0
 0.9664 0.0169 0.016 0.0007 0
 0.9276 0.0648 0.0075 0.0001 0
 0.7033 0.2144 0.0806 0.0017 0
 0.9318 0.0425 0.0243 0.0014 0
 0.5671 0.3108 0.0964 0.0239 0.0018
 0.0768 0.2599 0.5324 0.112 0.0189
 0.490249 0.384438 0.106611 0.0170017 0.00170017
 0.7925 0.1577 0.0466 0.003 0.0002
 0.840416 0.127587 0.0312969 0.00059994 9.999e-05
 0.8084 0.0986 0.0794 0.0134 0.0002
 0.7335 0.1905 0.0724 0.0035 0.0001
 0.4001 0.4547 0.1325 0.0127 0
 0.49795 0.308269 0.164784 0.0264974 0.00249975
 0.9179 0.0499 0.0305 0.0017 0
 0.2467 0.6533 0.0926 0.0074 0
 0.9418 0.0223 0.034 0.0019 0
 0.707729 0.231977 0.0356964 0.0245975 0
 0.517169 0.277429 0.184464 0.0207286 0.00020938
 0.811772 0.124168 0.05621 0.00726502 0.000585176
 0.764997 0.148141 0.077277 0.00933861 0.000247198
 0.163321 0.427699 0.378323 0.0303852 0.000271297
 0.753843 0.0900009 0.118128 0.0371064 0.000921714
 0.721811 0.176058 0.0630433 0.0369309 0.00215725
 0.143369 0.312575 0.442814 0.0836902 0.0175525
 0.692698 0.0596174 0.167031 0.0765114 0.00414204
 0.394062 0.376323 0.152708 0.0712218 0.00568511
 0.125707 0.32114 0.495352 0.0537591 0.00404204
 0.23352 0.215282 0.420074 0.123614 0.00750983
 0.774587 0.0839891 0.0768558 0.0609784 0.00358967
pf_pred 
 0.509952 0.152988 0.313093 0.0239652 9.11385e-07
 0.444521 0.344484 0.0672094 0.133577 0.0102088
 0.603153 0.224756 0.108108 0.0204054 0.0435771
 0.728726 0.193479 0.0447039 0.0208022 0.0122889
 0.674833 0.267291 0.0417303 0.00928595 0.00685959
 0.782984 0.165328 0.0427094 0.00647694 0.00250196
 0.451378 0.4678 0.0620417 0.0155224 0.00325765
 0.457769 0.323461 0.187685 0.0238748 0.00721059
 0.568207 0.243502 0.113597 0.0640943 0.0105996
 0.760699 0.166368 0.0418168 0.0187878 0.0123285
 0.859666 0.120087 0.0142683 0.0034313 0.00254707
 0.768913 0.20889 0.0190733 0.00220192 0.000921143
 0.713397 0.244541 0.0381643 0.00335002 0.000547355
 0.669653 0.268234 0.0532949 0.00800293 0.000815566
 0.780041 0.176426 0.0356782 0.00674234 0.00111261
 0.950204 0.0431998 0.00533607 0.00103304 0.0002269
 0.373858 0.607716 0.0160661 0.00190961 0.000449954
 0.923351 0.0377546 0.0377871 0.000965811 0.000141586
 0.587588 0.392478 0.00998253 0.00966805 0.000282831
 0.627215 0.262651 0.104995 0.00257593 0.00256279
 0.749212 0.185209 0.0466884 0.0180109 0.000879771
 0.761771 0.19768 0.0302085 0.00736503 0.00297463
 0.304224 0.585874 0.0917467 0.0135321 0.00462279
 0.757125 0.09928 0.121508 0.0184435 0.00364343
 0.622119 0.314379 0.0264307 0.0313775 0.00569421
 0.424776 0.414451 0.134453 0.0109655 0.015355
 0.737888 0.13997 0.0887282 0.0279508 0.00546278
 0.686572 0.255899 0.031162 0.0191627 0.0072045
 0.333933 0.51413 0.124725 0.0147504 0.0124609
 0.413512 0.256005 0.256795 0.0605078 0.0131799
 0.841127 0.0845681 0.0330235 0.032089 0.00919216
pobs_RECLAS
 0 0 0 0 0
 0 0 0 0 0
 0 0 0 0 0
 0 0 0 0 0
 0 0 0 0 0
 0 0 0 0 0
 0 0 0 0 0
 0 0 0 0 0
 0 0 0 0 0
 0 0 0 0 0
 0.991045 0.00858322 0.000360255 1.14367e-05 0
 0.934742 0.0480273 0.0164251 0.00080598 0
 0.827803 0.169806 0.00239088 0 0
 0.941827 0.0461693 0.0120037 0 0
 0.791401 0.0380133 0.147996 0.0225897 0
 0.846168 0.0940531 0.0597789 0 0
 0.134021 0.677848 0.182769 0.00536245 0
 0.80878 0.0450904 0.141981 0.00414843 0
 0.846168 0.0940531 0.0597789 0 0
 0.905697 0.0802665 0.012482 0.00150086 5.37128e-05
 0.989698 0.0102097 9.19794e-05 0 0
 0.975433 0.0193895 0.00387452 0.00125025 5.28907e-05
 0.303575 0.632131 0.0575291 0.00676475 0
 0.966965 0.00978017 0.0227588 0.000495775 0
 0.843318 0.132988 0.00938335 0.0141283 0.000182051
 0.564624 0.303363 0.111486 0.0197234 0.00080311
 0.826376 0.0876187 0.0782897 0.00655872 0.00115652
 0.89761 0.0855135 0.0140674 0.00269457 0.000114338
 0.34875 0.467042 0.161289 0.0227151 0.000203297
 0.318654 0.224769 0.449479 0.00709798 0
 0.937255 0.0296025 0.0250945 0.00804832 0
ppred_RECLAS
 0.614589 0.12257 0.244178 0.0186633 7.09703e-07
 0.551313 0.281286 0.053377 0.105928 0.00809508
 0.700251 0.171844 0.080396 0.0151523 0.0323563
 0.806619 0.139089 0.0312193 0.0145049 0.00856809
 0.7582 0.199719 0.0303536 0.00674468 0.00498196
 0.84608 0.118028 0.0296645 0.00449207 0.00173509
 0.563299 0.374025 0.0481301 0.0120224 0.00252289
 0.561348 0.264501 0.149437 0.0189823 0.00573255
 0.672107 0.187282 0.0848839 0.0478199 0.00790753
 0.834791 0.115959 0.028258 0.0126749 0.00831654
 0.902318 0.0839145 0.00970677 0.00233099 0.00173017
 0.837745 0.147082 0.0130406 0.00150311 0.000628753
 0.794003 0.176512 0.0267573 0.00234508 0.000383128
 0.766284 0.19094 0.0367122 0.00550313 0.000560763
 0.848488 0.122264 0.0239778 0.00452381 0.000746447
 0.967279 0.0284967 0.00341874 0.000660825 0.000145133
 0.476253 0.50875 0.0130794 0.00155229 0.000365732
 0.948822 0.0255633 0.0248867 0.000635145 9.31036e-05
 0.686038 0.299204 0.00739639 0.00715248 0.000209224
 0.721862 0.197604 0.0767818 0.00188089 0.00187115
 0.820588 0.133469 0.0327227 0.0126046 0.000615645
 0.830901 0.140997 0.020944 0.00509855 0.00205907
 0.398962 0.508285 0.0774498 0.0114067 0.00389642
 0.826993 0.071869 0.0856009 0.0129744 0.00256284
 0.713908 0.239126 0.0195651 0.0231932 0.00420865
 0.528246 0.342469 0.108146 0.00880733 0.0123319
 0.811383 0.102016 0.0629354 0.0197969 0.00386887
 0.768121 0.190269 0.0225541 0.0138494 0.0052065
 0.431383 0.441609 0.104288 0.0123157 0.0104034
 0.520154 0.212741 0.207617 0.0488484 0.0106394
 0.890445 0.0590891 0.0224472 0.0217799 0.00623856
pobs_PELACES
 0 0 0 0 0
 0 0 0 0 0
 0 0 0 0 0
 0 0 0 0 0
 0 0 0 0 0
 0 0 0 0 0
 0 0 0 0 0
 0 0 0 0 0
 0 0 0 0 0
 0 0 0 0 0
 0 0 0 0 0
 0 0 0 0 0
 0 0 0 0 0
 0 0 0 0 0
 0 0 0 0 0
 0 0 0 0 0
 0.505614 0.472636 0.0217494 0 0
 0 0 0 0 0
 0.443492 0.261883 0.143347 0.151278 0
 0.227955 0.32914 0.350689 0.0885471 0.00366901
 0.970185 0.0296113 0.000203453 0 0
 0.997202 0.00247181 0.000326279 0 0
 0.445219 0.490057 0.0546422 0.010081 0
 0.90214 0.0892962 0.00764917 0.000914606 0
 0 0 0 0 0
 0.581667 0.319106 0.0959925 0.00289975 0.000334073
 0.762889 0.0836404 0.116647 0.0363945 0.000428098
 0.88444 0.0763242 0.0277011 0.0115352 0
 0.521256 0.241999 0.230069 0.00667565 0
 0.616807 0.101726 0.260614 0.0208532 0
 0.833518 0.0704572 0.0857862 0.0102388 0
ppred_PELACES
 0.554608 0.136515 0.286715 0.0221614 8.44631e-07
 0.499435 0.306905 0.0612774 0.122964 0.00941814
 0.654242 0.193498 0.0952552 0.0181532 0.0388519
 0.77816 0.157127 0.0370245 0.0173919 0.0102966
 0.715283 0.23282 0.0373076 0.00838333 0.00620636
 0.817165 0.138424 0.0366303 0.005609 0.00217141
 0.528313 0.401082 0.0540778 0.0136557 0.00287207
 0.501152 0.294162 0.175343 0.0225249 0.00681779
 0.63052 0.206197 0.0981284 0.0558917 0.00926311
 0.815249 0.127701 0.03257 0.0147678 0.00971149
 0.880829 0.101538 0.0123869 0.00300815 0.00223785
 0.815777 0.166208 0.0154588 0.00180143 0.000755238
 0.76617 0.198918 0.0316487 0.00280434 0.00045919
 0.748189 0.204017 0.0409558 0.00620516 0.000633712
 0.830395 0.135579 0.0278392 0.00530952 0.000878058
 0.961805 0.0330428 0.00416015 0.000812993 0.000178954
 0.43084 0.552019 0.0149273 0.00179134 0.000423007
 0.93738 0.030475 0.0312212 0.000805709 0.000118372
 0.648108 0.334463 0.008687 0.0084936 0.000249014
 0.683153 0.221799 0.0905679 0.00224321 0.00223662
 0.78946 0.154433 0.0398334 0.0155147 0.000759492
 0.804049 0.161932 0.0252789 0.00622209 0.00251847
 0.350737 0.544429 0.0873672 0.0130116 0.00445467
 0.790913 0.084131 0.105572 0.016181 0.00320347
 0.668637 0.274231 0.0236396 0.028338 0.00515386
 0.472183 0.377344 0.125611 0.0103449 0.0145175
 0.773951 0.119148 0.0774424 0.0246338 0.00482501
 0.726575 0.221973 0.0277381 0.0172245 0.00648997
 0.377579 0.477357 0.118853 0.0141938 0.012017
 0.464093 0.230465 0.236804 0.0563393 0.0122987
 0.867201 0.0697148 0.0278789 0.0273526 0.00785246
pobs_pel_tallas
 0 0 0 0 0 0 0 0 0 0 0 0 0 0 0 0 0 0 0 0 0 0 0 0 0 0
 0 0 0 0 0 0 0 0 0 0 0 0 0 0 0 0 0 0 0 0 0 0 0 0 0 0
 0 0 0 0 0 0 0 0 0 0 0 0 0 0 0 0 0 0 0 0 0 0 0 0 0 0
 0 0 0 0 0 0 0 0 0 0 0 0 0 0 0 0 0 0 0 0 0 0 0 0 0 0
 0 0 0 0 0 0 0 0 0 0 0 0 0 0 0 0 0 0 0 0 0 0 0 0 0 0
 0 0 0 0 0 0 0 0 0 0 0 0 0 0 0 0 0 0 0 0 0 0 0 0 0 0
 0 0 0 0 0 0 0 0 0 0 0 0 0 0 0 0 0 0 0 0 0 0 0 0 0 0
 0 0 0 0 0 0 0 0 0 0 0 0 0 0 0 0 0 0 0 0 0 0 0 0 0 0
 0 0 0 0 0 0 0 0 0 0 0 0 0 0 0 0 0 0 0 0 0 0 0 0 0 0
 0 0 0 0 0 0 0 0 0 0 0 0 0 0 0 0 0 0 0 0 0 0 0 0 0 0
 0 0 0 0 0 0 0 0 0 0 0 0 0 0 0 0 0 0 0 0 0 0 0 0 0 0
 0 0 0 0 0 0 0 0 0 0 0 0 0 0 0 0 0 0 0 0 0 0 0 0 0 0
 0.00862536 0 0 0.000197151 0.00414017 0.0128641 0.00837892 0.0270097 0.101434 0.158115 0.152841 0.127902 0.109271 0.109419 0.0830992 0.0579132 0.0238553 0.00714673 0.00463305 0.00128148 0.00103504 0.000492878 0.000147863 0.000147863 4.92878e-05 0
 0 0 0 0 0 0 0 0 0 0 0 0 0 0 0 0 0 0 0 0 0 0 0 0 0 0
 0 0 0 0 0 0 0 0.0054083 0.00873648 0.0413646 0.0450493 0.0745869 0.0622846 0.0627006 0.0613931 0.0827291 0.12552 0.122667 0.0946155 0.0697135 0.0546179 0.0294188 0.0215738 0.0213955 0.0102223 0.00600262
 0 0 0 0 0.00359764 0.0251062 0.0480494 0.140153 0.205849 0.193036 0.1447 0.116669 0.0760912 0.0342217 0.00950174 0.001854 0.000860785 0 0 0 0.000165536 0 0.000143464 0 0 0
 0 0 0 0 0 0 0 0.000145254 0.000435761 0.0275982 0.070085 0.0708112 0.156366 0.174668 0.174014 0.160142 0.0824315 0.0480064 0.0283245 0.00493863 0.00203355 0 0 0 0 0
 0 0 0 0 0 0 0 0 0 0 0 0 0 0 0 0 0 0 0 0 0 0 0 0 0 0
 0 0 1.00437e-05 0.000401748 0.00122533 0.00171747 0.00176769 0.0269171 0.070346 0.194647 0.189555 0.159765 0.064822 0.0314167 0.0384472 0.0292271 0.0345202 0.0313363 0.0194345 0.0106764 0.0143323 0.0359363 0.0279516 0.0138201 0.00172751 0
 0 0.0021121 0.0136068 0.0755702 0.200478 0.177729 0.0527432 0.0373336 0.0318909 0.0142505 0.0149659 0.0166563 0.0217959 0.0798694 0.0677717 0.0528807 0.04013 0.0224614 0.0357745 0.0225083 0.00881397 0.00855152 0.00135912 0.000746735 0 0
 0 0 0 0 5.4009e-05 0.00500934 0.000945158 0.0243581 0.138947 0.33067 0.221406 0.137944 0.0707744 0.0437923 0.0131692 0.00525238 0.0047753 0.00276346 9.45158e-05 9.00151e-06 2.25038e-05 9.00151e-06 4.50075e-06 0 0 0
 0.000866109 0.00284123 0.00948549 0.0512746 0.133035 0.25785 0.225252 0.132002 0.0553304 0.0519788 0.0540692 0.017754 0.00435017 0.00159236 0.00146478 0.000404838 0.000125132 0.000115318 0.000107957 0.000100596 0 0 0 0 0 0
 0 0 0 0 0.00144013 0.00171154 0.00461396 0.0210425 0.0478622 0.0707936 0.0888783 0.103762 0.0637923 0.0337046 0.0602308 0.124433 0.169614 0.0934646 0.0462172 0.0250306 0.0313229 0.00938855 0.002487 0.000210481 0 0
 0 0.00764035 0.051015 0.0998891 0.058973 0.0496711 0.0374665 0.0718981 0.12319 0.153886 0.159021 0.0857701 0.0377988 0.023471 0.0147837 0.00900784 0.00315554 0.000888139 0.00291439 0.00214683 0.00393193 0.00274676 0.000635225 9.99891e-05 0 0
 0 0 0 0 0 0 0 0 0 0 0 0 0 0 0 0 0 0 0 0 0 0 0 0 0 0
 0 0 0 0 0 0 0 0 0 0 0 0 0 0 0 0 0 0 0 0 0 0 0 0 0 0
 0 0 0 0 0 0 0 0 0 0 0 0 0 0 0 0 0 0 0 0 0 0 0 0 0 0
 0 0 0 0 0 0 0 0 0 0 0 0 0 0 0 0 0 0 0 0 0 0 0 0 0 0
 0 0 0 0 0 0 0 0 0 0 0 0 0 0 0 0 0 0 0 0 0 0 0 0 0 0
 0 0 0 0 0 0 0 0 0 0 0 0 0 0 0 0 0 0 0 0 0 0 0 0 0 0
 0 0 0 0 0 0 0 0 0 0 0 0 0 0 0 0 0 0 0 0 0 0 0 0 0 0
ppred_pel_tallas
 1.10532e-16 4.56824e-05 0.000444049 0.00295086 0.0134142 0.0417366 0.0889248 0.129791 0.129805 0.0889913 0.0419612 0.0140683 0.00461281 0.0041385 0.00725635 0.0124294 0.0190752 0.0264282 0.0336476 0.0402031 0.0459293 0.0506356 0.0536898 0.0540902 0.0510594 0.0446714
 1.15773e-16 4.11379e-05 0.000399875 0.00265731 0.0120798 0.0375848 0.0800795 0.116885 0.116914 0.0802244 0.0380716 0.0134868 0.00619314 0.00813243 0.0147694 0.0244703 0.0355434 0.0453701 0.0513598 0.0524534 0.049794 0.0459093 0.0430408 0.0419138 0.0417043 0.0409219
 1.11194e-16 5.38891e-05 0.000523821 0.00348098 0.015824 0.0492345 0.1049 0.153109 0.153127 0.104992 0.0495429 0.0167164 0.00572669 0.00544557 0.00945855 0.0157035 0.0229767 0.0296636 0.034157 0.0357424 0.0349919 0.0332711 0.0317696 0.0308397 0.0300479 0.0287017
 1.04596e-16 6.4096e-05 0.000623036 0.00414029 0.0188212 0.0585598 0.124768 0.182106 0.182121 0.124843 0.0588089 0.019541 0.00594862 0.00457565 0.00758592 0.0124801 0.0180692 0.0229342 0.0256787 0.0256768 0.0234395 0.0202393 0.0173029 0.0152026 0.01381 0.0126597
 1.03028e-16 5.89169e-05 0.000572694 0.00380575 0.0173004 0.0538281 0.114687 0.167394 0.167417 0.114797 0.0541964 0.0183644 0.00647683 0.00640501 0.0111395 0.0183329 0.0264282 0.0332871 0.0367695 0.0358896 0.0313944 0.0252402 0.0194051 0.0149636 0.0119611 0.0098853
 1.02023e-16 6.73088e-05 0.000654266 0.00434783 0.0197646 0.0614951 0.131022 0.191234 0.191247 0.131088 0.0617145 0.0203988 0.00594105 0.00413657 0.00669333 0.0109914 0.0159027 0.0201552 0.0224945 0.0223334 0.0200792 0.0168196 0.0136337 0.0110774 0.00914448 0.00756488
 1.03519e-16 4.35165e-05 0.000422996 0.00281096 0.0127782 0.039758 0.0847101 0.123645 0.123684 0.084899 0.0403922 0.0146098 0.00740833 0.0104584 0.0191006 0.031503 0.0453644 0.0570195 0.0627559 0.0608551 0.0526073 0.0414195 0.0307688 0.0225945 0.0170578 0.0133333
 1.08548e-16 4.12793e-05 0.00040125 0.00266645 0.0121213 0.037714 0.0803547 0.117286 0.117315 0.0804944 0.0381836 0.0134803 0.00608801 0.00790432 0.0143899 0.0239819 0.0351434 0.0454453 0.0523946 0.0547779 0.0532549 0.0496513 0.0455895 0.0416154 0.0373653 0.0323401
 1.10058e-16 5.19351e-05 0.000504828 0.00335476 0.0152503 0.0474494 0.101097 0.147558 0.147578 0.101194 0.047778 0.0162013 0.0057483 0.00575106 0.0100783 0.0167458 0.0245145 0.0316761 0.0365276 0.0383116 0.0376256 0.0358851 0.0342881 0.0331274 0.0318818 0.0298221
 1.04098e-16 6.7151e-05 0.000652732 0.00433763 0.0197183 0.0613509 0.130715 0.190785 0.190797 0.130775 0.0615534 0.0203036 0.00580832 0.00386806 0.00618806 0.0101624 0.0147255 0.0187187 0.0210134 0.0211053 0.0194083 0.0169468 0.0146994 0.0131094 0.0120523 0.0111378
 1.01064e-16 7.25528e-05 0.000705239 0.00468656 0.0213044 0.066286 0.14123 0.206131 0.206141 0.141278 0.0664465 0.021768 0.00585001 0.00324461 0.00489398 0.00797255 0.01147 0.014408 0.0158426 0.0153411 0.0132361 0.0103996 0.00772131 0.00569777 0.00436683 0.00350713
 1.00798e-16 6.71945e-05 0.000653154 0.00434044 0.019731 0.0613906 0.1308 0.19091 0.190926 0.130878 0.0616532 0.0204891 0.00624273 0.00480356 0.00794273 0.0130065 0.018687 0.0234079 0.0256097 0.0245705 0.0208339 0.0158455 0.0111021 0.00747052 0.00506781 0.00357184
 1.01324e-16 6.31085e-05 0.000613437 0.0040765 0.0185312 0.0576576 0.122846 0.179302 0.179321 0.12294 0.0579722 0.01944 0.00635788 0.00559417 0.00952369 0.0156476 0.0225404 0.0283536 0.0312416 0.0303416 0.0262734 0.0207004 0.0153251 0.0111062 0.00814704 0.00608453
 1.01964e-16 6.16274e-05 0.00059904 0.00398083 0.0180963 0.0563044 0.119963 0.175094 0.175114 0.120059 0.0566274 0.0190294 0.00632403 0.0057171 0.00978996 0.0161084 0.0232473 0.0293332 0.0324922 0.0318477 0.028021 0.022676 0.0174943 0.0133907 0.0104225 0.00820659
 1.0152e-16 6.83985e-05 0.000664858 0.00441822 0.0200846 0.0624906 0.133143 0.194329 0.194343 0.133207 0.0627053 0.0207048 0.00597574 0.0040671 0.00653615 0.0107136 0.0154644 0.0195249 0.0216519 0.0212663 0.0187828 0.0153048 0.0119428 0.00929288 0.00737983 0.00593721
 1.00241e-16 7.92226e-05 0.000770072 0.0051174 0.023263 0.0723797 0.154213 0.225079 0.225082 0.154228 0.0724319 0.0234138 0.00549601 0.00159643 0.00164817 0.00259811 0.00373196 0.0046863 0.00514959 0.00497923 0.00428152 0.00333852 0.00243941 0.00174761 0.00127988 0.00097051
 1.00824e-16 3.54878e-05 0.000344954 0.00229234 0.0104207 0.0324229 0.0690825 0.100839 0.100892 0.0693419 0.0332937 0.0129343 0.00859685 0.0140908 0.0260914 0.0429469 0.0615546 0.0767559 0.0833177 0.0788267 0.0651616 0.0473034 0.0304738 0.0177946 0.00979521 0.00539069
 1.0101e-16 7.72107e-05 0.000750516 0.00498744 0.0226722 0.0705416 0.150296 0.219363 0.219366 0.150311 0.0705907 0.0228144 0.00534639 0.00154062 0.0015968 0.00256701 0.00380471 0.0050209 0.00596823 0.00651717 0.00670138 0.00664315 0.00642831 0.00604735 0.00544351 0.00460471
 1.01231e-16 5.33839e-05 0.00051891 0.00344834 0.0156757 0.048773 0.103917 0.151677 0.151709 0.104074 0.0493006 0.0171988 0.00726874 0.00884911 0.0158453 0.0260363 0.0373265 0.0465741 0.0506198 0.0480168 0.0399165 0.029339 0.0194316 0.012047 0.00745105 0.00493125
 1.03274e-16 5.62704e-05 0.000546969 0.0036348 0.0165233 0.0514102 0.109536 0.159875 0.159896 0.109641 0.0517628 0.0175429 0.00619831 0.00615712 0.0107517 0.0177911 0.0258664 0.0330283 0.0373022 0.0377322 0.0348821 0.0303318 0.0256171 0.0214832 0.0178955 0.0145382
 1.02874e-16 6.50268e-05 0.000632084 0.00420042 0.0190945 0.0594102 0.12658 0.184751 0.184765 0.126653 0.059655 0.0198022 0.0059783 0.00451839 0.00746114 0.0122722 0.0177675 0.0225448 0.025218 0.0251476 0.0228018 0.0193966 0.0161194 0.0135501 0.0116258 0.00998963
 1.01822e-16 6.62284e-05 0.000643764 0.00427804 0.0194474 0.060508 0.128919 0.188165 0.18818 0.128996 0.0607642 0.0201873 0.00613554 0.0046994 0.00777067 0.0127471 0.0183689 0.023126 0.0255254 0.0248779 0.0217008 0.0173549 0.0132193 0.0100489 0.00788553 0.00638477
 1.0472e-16 2.88899e-05 0.00028082 0.00186615 0.00848328 0.0263949 0.0562391 0.0820936 0.082146 0.0564955 0.0272561 0.0109709 0.00811113 0.0139157 0.0259299 0.0428365 0.0617375 0.0777006 0.0856993 0.0833918 0.0724886 0.0575452 0.043203 0.0320417 0.0242815 0.0188623
 1.05234e-16 6.51464e-05 0.000633247 0.00420815 0.0191296 0.0595194 0.126813 0.185089 0.185097 0.126853 0.0596556 0.0195248 0.00520744 0.0028387 0.00432407 0.0072292 0.0108363 0.0145223 0.0176726 0.0199676 0.0214846 0.02247 0.022997 0.0228404 0.0216685 0.019354
 1.04467e-16 5.50748e-05 0.000535347 0.00355757 0.0161722 0.0503179 0.107209 0.15648 0.156506 0.107338 0.0507512 0.0174236 0.00669812 0.00738919 0.0130663 0.0215014 0.0309425 0.0388679 0.0427588 0.0414866 0.036004 0.0287146 0.0220351 0.0172549 0.0143555 0.0125804
 1.07216e-16 3.88932e-05 0.000378056 0.00251232 0.0114206 0.0355341 0.0757104 0.110509 0.110546 0.0758887 0.0361331 0.0131524 0.00686462 0.00989713 0.0181699 0.0301137 0.0436946 0.0556099 0.0624919 0.0627509 0.0574503 0.0494413 0.0415075 0.0350143 0.0298591 0.0253115
 1.05553e-16 6.37493e-05 0.000619666 0.0041179 0.0187194 0.058243 0.124093 0.18112 0.181132 0.12415 0.0584336 0.019271 0.00550762 0.00367003 0.0059059 0.00979141 0.0144013 0.0187485 0.021862 0.0232883 0.0233099 0.022639 0.0218506 0.0210363 0.0199017 0.0181234
 1.03683e-16 5.9847e-05 0.000581735 0.00386583 0.0175735 0.0546779 0.116498 0.170036 0.170058 0.116602 0.0550289 0.0185873 0.00641057 0.00613704 0.010611 0.0174499 0.0251397 0.0316373 0.034909 0.034035 0.0297625 0.0239978 0.0186547 0.0147511 0.0122773 0.0106579
 1.07009e-16 3.11008e-05 0.000302311 0.00200897 0.00913249 0.0284148 0.0605425 0.0883732 0.0884193 0.0607677 0.0291714 0.0113186 0.00750033 0.0123027 0.0228593 0.0378387 0.0547304 0.0692934 0.077201 0.0764272 0.0683975 0.0569085 0.0457436 0.0368774 0.0303183 0.0251194
 1.14624e-16 3.82268e-05 0.000371578 0.00246927 0.0112249 0.0349251 0.0744124 0.108612 0.108634 0.0745227 0.0352965 0.0123021 0.00518934 0.00636364 0.0115775 0.0194966 0.0290596 0.0385967 0.046384 0.0515759 0.0545362 0.0562105 0.0571145 0.05686 0.0545635 0.0496634
 1.04895e-16 7.14302e-05 0.000694327 0.00461405 0.0209748 0.0652604 0.139044 0.202941 0.202948 0.139078 0.0653715 0.0212961 0.00542246 0.00246587 0.00345632 0.005656 0.00827427 0.0106971 0.0123614 0.0130391 0.0129702 0.0126694 0.0125547 0.012695 0.0128339 0.0126111
pSPR Fmed_Fpbrs
0.459287   0.247583 0.247583
Fs Fmed_Fpbrs
0.496826   1.005 1.005
SSBpbr Bo_Bmed_Bpbrs
1.33272e+06  545465  263322 263322
Ro
120165
SPR SPRFo_SPRFmed_SPRFpbrs
858930 394496 212656
Fref
1.005
Nvult_r0
 133384 9987.41 3829.7 3717.72 1064.92
CTP_r0
 30055.9 3021.86 1180.03 1146.63 328.462
YTP_r0
391284
Np
 146471 50601.1 3126.21 1180.79 1415.07
Nvult_p0
 118494 43597.6 2704.61 1021.77 1224.51
CTP_p0
 46915.9 21551.4 1354.68 512.141 613.782
YTP_p0
 767866
CBA_c0
504259
log_Ro
11.5166
likeval ReclasPelacesDesembMPH_pf_preclas_ppelaces_ptallas_desvR_qrecl_qpela
 11.8601 16.6201 0.0200237 0.000826446 242.538 116.686 100.275 0 24.6585 1.32764e-05 4.50612e-05 0.0870605 0 0 0
q_reclas_q_pelaces
1.67586 2.59873
M
1
N
 158788 33067.2 66105 5053.58 0.192172
 88605.7 48987.6 9356.26 18574.3 1419.48
 88493.2 23509.3 11069.2 2086.94 4456.53
 120898 23573.4 5343.87 2484.16 1467.45
 98226.9 26969.6 4112.6 914 675.133
 204449 30524.4 7713.92 1168.46 451.333
 73284.7 57053.6 7436.49 1858.85 390.092
 29079.9 14108.1 7989.56 1015.01 306.529
 30248.8 9499.2 4347.1 2450.24 405.186
 41132.5 6840.93 1691.43 759.274 498.211
 75368.7 7271.58 843.631 202.622 150.398
 118621 23875 2140.24 246.839 103.256
 99151.1 25026.1 3832.71 336.094 54.9111
 69684.2 21756.3 4259.83 639.173 65.1344
 59776.3 10238.5 2036.09 384.431 63.4352
 324648 10883.9 1319.41 255.179 56.0451
 60592.4 70581.6 1827.28 216.947 51.1156
 538284 15670.3 15351 391.912 57.4499
 297643 144494 3602.89 3485.7 101.966
 233184 70799.2 27740.6 679.857 676.352
 318598 56275.2 13889 5351.9 261.407
 445627 83787.8 12549.3 3056.34 1234.34
 79600.5 107988 16538.2 2436.39 832.26
 246770 22676.7 27131.4 4113.26 812.504
 204322 72329.1 5944.35 7048.34 1279.01
 88487 60018.7 19022 1549.44 2169.54
 203822 27085 16783.9 5280.78 1032.03
 231177 59860.9 7121.17 4373.62 1644.22
 66483 71001.3 16824.6 1987.24 1678.68
 47024.9 20587.8 20202.5 4754.67 1035.61
 183985 13113.6 5010.49 4863.05 1392.98
pred_Ctot
 16432.9 4929.95 10089.2 772.261 0.0293687
 16033.7 12425.4 2424.22 4818.08 368.229
 15842.4 5903.46 2839.56 535.969 1144.6
 31319 8315.29 1921.27 894.03 528.151
 9775.37 3871.88 604.489 134.513 99.3654
 31911.6 6738.19 1740.68 263.977 101.971
 23259.7 24106 3197.04 799.877 167.868
 2079.8 1469.6 852.72 108.472 32.7603
 7661.27 3283.2 1531.65 864.198 142.916
 14320 3131.84 787.194 353.676 232.082
 6699.4 935.843 111.193 26.7402 19.8494
 33444.4 9085.81 829.603 95.7737 40.0657
 26367.8 9038.47 1410.59 123.82 20.2307
 28449.2 11395.5 2264.15 339.992 34.6481
 20188.3 4566.11 923.392 174.499 28.7956
 87571.8 3981.34 491.777 95.2063 20.9113
 11705.7 19027.9 503.036 59.7906 14.0883
 94364.5 3858.44 3861.77 98.7038 14.4697
 68880 46008.2 1170.2 1133.34 33.1549
 52462.8 21969.2 8782.21 215.461 214.362
 59006.7 14586.7 3677.1 1418.51 69.2893
 99438.8 25804.5 3943.3 961.403 388.297
 11590.7 22321.4 3495.49 515.563 176.125
 32298.9 4235.27 5183.51 786.797 155.428
 26508.3 13395.6 1126.21 1336.99 242.629
 9536.72 9304.89 3018.62 246.189 344.738
 26463.3 5019.82 3182.11 1002.41 195.915
 24489 9127.53 1111.5 683.504 256.974
 6743.67 10382.7 2518.79 297.879 251.644
 7356.4 4554.35 4568.4 1076.44 234.471
 30055.9 3021.86 1180.03 1146.63 328.462
F
 0.176002 0.262496 0.269466 0.269843 0.269863
 0.326801 0.487405 0.500346 0.501046 0.501083
 0.322806 0.481445 0.494229 0.49492 0.494957
 0.500231 0.746065 0.765875 0.766947 0.767003
 0.168753 0.251685 0.258368 0.258729 0.258748
 0.276329 0.412128 0.423071 0.423663 0.423694
 0.647599 0.965856 0.991501 0.992889 0.992962
 0.11884 0.177242 0.181949 0.182203 0.182217
 0.486534 0.725636 0.744903 0.745946 0.746001
 0.732824 1.09296 1.12198 1.12355 1.12364
 0.149559 0.223058 0.228981 0.229302 0.229318
 0.556013 0.829261 0.851279 0.85247 0.852533
 0.516742 0.770689 0.791153 0.79226 0.792318
 0.91782 1.36887 1.40522 1.40719 1.40729
 0.703325 1.04897 1.07682 1.07833 1.07841
 0.525973 0.784457 0.805286 0.806413 0.806472
 0.352405 0.525592 0.539547 0.540302 0.540342
 0.315151 0.470029 0.482509 0.483185 0.48322
 0.436048 0.65034 0.667608 0.668542 0.668591
 0.421572 0.62875 0.645444 0.646348 0.646395
 0.335641 0.500589 0.51388 0.514599 0.514637
 0.41746 0.622616 0.639148 0.640043 0.64009
 0.25568 0.381331 0.391457 0.392004 0.392033
 0.22723 0.338899 0.347898 0.348385 0.34841
 0.225039 0.335632 0.344544 0.345026 0.345051
 0.183875 0.274238 0.28152 0.281914 0.281935
 0.225224 0.335908 0.344827 0.34531 0.345335
 0.180483 0.26918 0.276327 0.276713 0.276734
 0.172246 0.256894 0.263715 0.264084 0.264104
 0.277026 0.413168 0.424138 0.424732 0.424763
 0.29088 0.433829 0.445349 0.445972 0.446005
nmprior
 8.19 8.8 8.5 0
nm_flota  nm_reclas  nm_pelaces    nm_pelaL
inf 15.8102 15.1736 34.3096
cv_recla  cv_pelaces  cv_mph
0.311508 0.462264 0.887181
 ------------------------------------------------
Talla a la edad & desviaci?n 
 8 13.2811 15.8009 17.003 17.5766
 0.8 1.32811 1.58009 1.7003 1.75766
