    unsorted:	 2.290332173e-06 2.273350783e-06 1.963681497e-06 5.482829817e-05 5.309354674e-05 8.722791925e-05 0.001099993390 934.2459174 893.0198387 854.6789852 805.3061821 1068.271119 1192.024397 1207.861706 1275.673998 665.6924843 1502.219932 1535.185618 534.2968712 355.9582676 281.3521593 237.9521167 169.7233267 154.2031434 13.53499700 65.23459330 2019.928202 2048.753446 1938.351256 2188.608530 2396.319444 2455.168934 2529.952987 2612.407490 2641.372236 2853.481903 3207.930496 3278.186700 3321.150189 3874.736900 4015.783419 4318.937470 5733.624523 9211.600097 38556.91567 411084.3662 405730.3269 399836.4815 394898.3666 379139.5126 361944.3909 465342.3854 466161.6136 454562.2255 448525.6589 327609.6461 158331.5147 544072.8890 576323.0482 591897.5018 628305.4977 671553.4705 847646.1727 898760.5642 1033794.847 1091907.304 1320205.841 1380269.558 1552597.600 1683669.445 2287047.025 2359000.099 2693024.994 2618554.289 2959374.713 3128732.868 3972310.990
      sorted:	 1.963681497e-06 2.273350783e-06 2.290332173e-06 5.309354674e-05 5.482829817e-05 8.722791925e-05 0.001099993390 13.53499700 65.23459330 154.2031434 169.7233267 237.9521167 281.3521593 355.9582676 534.2968712 665.6924843 805.3061821 854.6789852 893.0198387 934.2459174 1068.271119 1192.024397 1207.861706 1275.673998 1502.219932 1535.185618 1938.351256 2019.928202 2048.753446 2188.608530 2396.319444 2455.168934 2529.952987 2612.407490 2641.372236 2853.481903 3207.930496 3278.186700 3321.150189 3874.736900 4015.783419 4318.937470 5733.624523 9211.600097 38556.91567 158331.5147 327609.6461 361944.3909 379139.5126 394898.3666 399836.4815 405730.3269 411084.3662 448525.6589 454562.2255 465342.3854 466161.6136 544072.8890 576323.0482 591897.5018 628305.4977 671553.4705 847646.1727 898760.5642 1033794.847 1091907.304 1320205.841 1380269.558 1552597.600 1683669.445 2287047.025 2359000.099 2618554.289 2693024.994 2959374.713 3128732.868 3972310.990
