years
 1991 1992 1993 1994 1995 1996 1997 1998 1999 2000 2001 2002 2003 2004 2005 2006 2007 2008 2009 2010 2011 2012 2013 2014 2015 2016 2017 2018 2019 2020 2021
reclasobs
 0 0 0 0 0 0 0 0 0 252601 567819 844713 477998 351125 339783 2.1784e+06 2.13404e+06 4.81314e+06 1.55562e+06 2.62356e+06 3.21686e+06 3.843e+06 1.13348e+06 3.07943e+06 1.97215e+06 2.03268e+06 2.025e+06 2.42433e+06 2.27542e+06 1.05018e+06 2.36338e+06
reclaspred
 4.16013e+06 1.30706e+06 972616 526122 41404 1.9838e+06 617977 116588 726774 187912 222619 857816 448893 464083 277065 1.94611e+06 1.1095e+06 7.60339e+06 4.66321e+06 1.48139e+06 3.80606e+06 3.60369e+06 1.90217e+06 4.33158e+06 2.62707e+06 1.27365e+06 2.41918e+06 3.90963e+06 2.73553e+06 914608 1.43969e+06
pelacesobs
 0 0 0 0 0 0 0 0 0 0 0 0 0 0 0 552880 188675 0 991730 2.46772e+06 1.41603e+06 1.21717e+06 2.29649e+06 1.80582e+06 0 1.4828e+06 1.56532e+06 1.57751e+06 1.42118e+06 867257 1.10002e+06
pelacespred
 956928 296382 175445 64110.8 3531.53 413144 88995.4 20366.1 140676 24731.3 42741.4 147446 71327 82892.4 44369.3 338501 188123 1.7196e+06 1.008e+06 313462 790036 701405 373732 1.02714e+06 584762 272367 612932 963694 563667 219224 309506
mphobs
 0 0 0 0 0 0 0 0 0 0 0 498337 0 5186 125008 0 168611 109162 213762 579715 649985 157893 87575 83554 0 0 0 0 0 0 0
mphpred
 2.1879e+06 946064 197985 272386 57540.8 2356.9 466049 82166.4 17286.5 148958 18380.2 56688.8 188654 58004.1 48638.3 38514.6 545823 264109 2.19791e+06 1.00504e+06 364973 904357 961303 498611 1.12525e+06 669241 273555 564129 1.26776e+06 627194 168887
desembarqueobs
 494567 514787 250237 358949 120608 361735 552515 73892 212993 205616 52469 317467 293654 387597 252695 516296 358380 742168 942051 627588 828172 859565 418607 520667 417249 300574 415391 372974 316634 284311 391294
desembarquepred
 494496 514178 250239 358165 120397 361437 551539 73842 212763 205303 52436.9 317041 293099 386605 252182 515686 358140 741641 940353 625818 827318 858346 418216 520319 416793 300136 414977 372690 316374 283908 390897
Reclutas
 1113.93 672.812 229834 2087.8 841.077 288809 901.08 250.777 68138.1 1189.03 34416.2 168395 36315.6 79559.9 40391.4 378452 2591.61 1.05055e+06 120380 16149.2 424819 485011 2735.37 311847 125987 11018.5 218724 306614 6821.63 2479.22 141166
log_desv_Rt
 -3.15491 -3.6591 2.17455 -2.52669 -3.43588 2.40296 -3.36697 -4.646 0.95873 -3.08967 0.27572 1.8635 0.32944 1.1137 0.435809 2.67328 -2.31053 3.69427 1.52785 -0.480937 2.78886 2.92137 -2.25654 2.47971 1.57337 -0.863233 2.125 2.46278 -1.34271 -2.35486 1.68713
SSB
 2.1879e+06 946064 197985 272386 57540.8 2356.9 466049 82166.4 17286.5 148958 18380.2 56688.8 188654 58004.1 48638.3 38514.6 545823 264109 2.19791e+06 1.00504e+06 364973 904357 961303 498611 1.12525e+06 669241 273555 564129 1.26776e+06 627194 168887
BT
 2.66897e+06 1.25079e+06 628795 393536 115674 1.27381e+06 695324 117791 514204 236295 144708 601108 415800 597608 352404 1.18704e+06 717635 4.63355e+06 3.20301e+06 1.38448e+06 2.55605e+06 2.38139e+06 1.22238e+06 2.86466e+06 1.74941e+06 913219 1.85784e+06 2.59284e+06 1.56421e+06 821844 1.10082e+06
Ftot
 0.236995 0.735643 0.728625 1.23737 3.25926 0.619291 1.53696 1.12879 0.949419 1.80711 0.735211 1.12009 1.38468 2.21452 2.32842 0.867485 0.640742 0.322081 0.43335 0.808643 0.641465 0.624091 0.4416 0.356126 0.361577 0.480354 0.518427 0.28462 0.238297 0.597812 0.810345
BD_Bspro_t
 0.962957 0.702523 0.337909 0.42403 0.108402 0.00761853 0.471749 0.123072 0.0435672 0.286349 0.0698166 0.275425 0.355111 0.130824 0.106391 0.0913221 0.446549 0.281638 0.691574 0.475391 0.239149 0.428887 0.466308 0.348499 0.568411 0.502395 0.363456 0.556918 0.709051 0.548761 0.300546
BD_Bspro
 11.7173 5.06666 1.06031 1.45877 0.30816 0.0126224 2.49593 0.440043 0.092578 0.797749 0.0984355 0.303597 1.01034 0.310641 0.260483 0.206265 2.92316 1.41444 11.7709 5.38248 1.95462 4.84329 5.14827 2.67032 6.02631 3.58413 1.46502 3.0212 6.78951 3.35895 0.904474
BD_Bo
 1.29784 0.561192 0.117442 0.161576 0.0341324 0.00139808 0.276454 0.04874 0.0102541 0.0883602 0.0109029 0.033627 0.111907 0.0344072 0.0288516 0.0228463 0.323775 0.156666 1.30377 0.596174 0.216497 0.536452 0.570232 0.295769 0.667486 0.396985 0.162269 0.334633 0.752019 0.372043 0.100181
BD_Brms
 5.93696 2.56718 0.53724 0.739129 0.156139 0.00639554 1.26464 0.222961 0.0469075 0.404204 0.0498754 0.153827 0.511919 0.157396 0.131982 0.104511 1.48111 0.71667 5.9641 2.7272 0.990367 2.45401 2.60853 1.353 3.05342 1.81601 0.7423 1.53078 3.44012 1.70191 0.45828
Sel_flota
 0.574906 0.962541 0.997956 0.999892 0.999994
 0.574906 0.962541 0.997956 0.999892 0.999994
 0.574906 0.962541 0.997956 0.999892 0.999994
 0.574906 0.962541 0.997956 0.999892 0.999994
 0.574906 0.962541 0.997956 0.999892 0.999994
 0.574906 0.962541 0.997956 0.999892 0.999994
 0.574906 0.962541 0.997956 0.999892 0.999994
 0.574906 0.962541 0.997956 0.999892 0.999994
 0.574906 0.962541 0.997956 0.999892 0.999994
 0.574906 0.962541 0.997956 0.999892 0.999994
 0.574906 0.962541 0.997956 0.999892 0.999994
 0.574906 0.962541 0.997956 0.999892 0.999994
 0.574906 0.962541 0.997956 0.999892 0.999994
 0.574906 0.962541 0.997956 0.999892 0.999994
 0.574906 0.962541 0.997956 0.999892 0.999994
 0.574906 0.962541 0.997956 0.999892 0.999994
 0.574906 0.962541 0.997956 0.999892 0.999994
 0.574906 0.962541 0.997956 0.999892 0.999994
 0.574906 0.962541 0.997956 0.999892 0.999994
 0.574906 0.962541 0.997956 0.999892 0.999994
 0.574906 0.962541 0.997956 0.999892 0.999994
 0.574906 0.962541 0.997956 0.999892 0.999994
 0.574906 0.962541 0.997956 0.999892 0.999994
 0.574906 0.962541 0.997956 0.999892 0.999994
 0.574906 0.962541 0.997956 0.999892 0.999994
 0.574906 0.962541 0.997956 0.999892 0.999994
 0.574906 0.962541 0.997956 0.999892 0.999994
 0.574906 0.962541 0.997956 0.999892 0.999994
 0.574906 0.962541 0.997956 0.999892 0.999994
 0.574906 0.962541 0.997956 0.999892 0.999994
 0.574906 0.962541 0.997956 0.999892 0.999994
Sel_reclas
 1 1 1 1 1
 1 1 1 1 1
 1 1 1 1 1
 1 1 1 1 1
 1 1 1 1 1
 1 1 1 1 1
 1 1 1 1 1
 1 1 1 1 1
 1 1 1 1 1
 1 1 1 1 1
 1 1 1 1 1
 1 1 1 1 1
 1 1 1 1 1
 1 1 1 1 1
 1 1 1 1 1
 1 1 1 1 1
 1 1 1 1 1
 1 1 1 1 1
 1 1 1 1 1
 1 1 1 1 1
 1 1 1 1 1
 1 1 1 1 1
 1 1 1 1 1
 1 1 1 1 1
 1 1 1 1 1
 1 1 1 1 1
 1 1 1 1 1
 1 1 1 1 1
 1 1 1 1 1
 1 1 1 1 1
 1 1 1 1 1
Sel_pelaces
 1 1 1 1 1
 1 1 1 1 1
 1 1 1 1 1
 1 1 1 1 1
 1 1 1 1 1
 1 1 1 1 1
 1 1 1 1 1
 1 1 1 1 1
 1 1 1 1 1
 1 1 1 1 1
 1 1 1 1 1
 1 1 1 1 1
 1 1 1 1 1
 1 1 1 1 1
 1 1 1 1 1
 1 1 1 1 1
 1 1 1 1 1
 1 1 1 1 1
 1 1 1 1 1
 1 1 1 1 1
 1 1 1 1 1
 1 1 1 1 1
 1 1 1 1 1
 1 1 1 1 1
 1 1 1 1 1
 1 1 1 1 1
 1 1 1 1 1
 1 1 1 1 1
 1 1 1 1 1
 1 1 1 1 1
 1 1 1 1 1
pf_obs 
 0.8446 0.082 0.0669 0.0065 0
 0.8095 0.147 0.0364 0.0071 0
 0.9664 0.0169 0.016 0.0007 0
 0.9276 0.0648 0.0075 0.0001 0
 0.7033 0.2144 0.0806 0.0017 0
 0.9318 0.0425 0.0243 0.0014 0
 0.5671 0.3108 0.0964 0.0239 0.0018
 0.0768 0.2599 0.5324 0.112 0.0189
 0.490249 0.384438 0.106611 0.0170017 0.00170017
 0.7925 0.1577 0.0466 0.003 0.0002
 0.840416 0.127587 0.0312969 0.00059994 9.999e-05
 0.8084 0.0986 0.0794 0.0134 0.0002
 0.7335 0.1905 0.0724 0.0035 0.0001
 0.4001 0.4547 0.1325 0.0127 0
 0.49795 0.308269 0.164784 0.0264974 0.00249975
 0.9179 0.0499 0.0305 0.0017 0
 0.2467 0.6533 0.0926 0.0074 0
 0.9418 0.0223 0.034 0.0019 0
 0.707729 0.231977 0.0356964 0.0245975 0
 0.517169 0.277429 0.184464 0.0207286 0.00020938
 0.811772 0.124168 0.05621 0.00726502 0.000585176
 0.764997 0.148141 0.077277 0.00933861 0.000247198
 0.163321 0.427699 0.378323 0.0303852 0.000271297
 0.753843 0.0900009 0.118128 0.0371064 0.000921714
 0.721811 0.176058 0.0630433 0.0369309 0.00215725
 0.143369 0.312575 0.442814 0.0836902 0.0175525
 0.692698 0.0596174 0.167031 0.0765114 0.00414204
 0.394062 0.376323 0.152708 0.0712218 0.00568511
 0.125707 0.32114 0.495352 0.0537591 0.00404204
 0.23352 0.215282 0.420074 0.123614 0.00750983
 0.774587 0.0839891 0.0768558 0.0609784 0.00358967
pf_pred 
 0.00508331 0.16671 0.742476 0.0857298 3.97508e-07
 0.0111446 0.00891235 0.169737 0.726499 0.0837062
 0.955157 0.00101486 0.000416559 0.00753675 0.035875
 0.0252385 0.953052 0.000518075 0.000201995 0.0209899
 0.0926174 0.0503662 0.839168 0.000427466 0.0174209
 0.999224 0.000251131 3.27325e-05 0.000481615 1.01707e-05
 0.00872981 0.99088 0.000130704 1.62231e-05 0.000243098
 0.0261137 0.0204684 0.95307 0.000116928 0.000231033
 0.982488 0.00101849 0.000368105 0.0161198 5.86503e-06
 0.0571435 0.935284 0.000466012 0.000159074 0.00694711
 0.953096 0.00644956 0.0401555 1.84716e-05 0.000280388
 0.932434 0.0659779 0.000228274 0.00134991 1.00175e-05
 0.436302 0.545526 0.0177709 5.78258e-05 0.000343351
 0.868092 0.0852026 0.0452967 0.00137759 3.0978e-05
 0.785336 0.204668 0.00666501 0.00323026 9.99448e-05
 0.983694 0.014986 0.00126434 3.7429e-05 1.86047e-05
 0.0195655 0.972467 0.00735373 0.000587513 2.59597e-05
 0.973256 0.000973446 0.0255707 0.000184166 1.53233e-05
 0.19066 0.797318 0.00045542 0.0114775 8.93412e-05
 0.0857111 0.273108 0.632083 0.000345432 0.00875248
 0.923586 0.0123599 0.0198534 0.0435754 0.000625315
 0.738307 0.251206 0.00176979 0.00270694 0.00601068
 0.0116668 0.832306 0.150071 0.0010073 0.00494834
 0.840803 0.00333627 0.132157 0.0228011 0.000902624
 0.435505 0.511796 0.0011513 0.043723 0.00782436
 0.0980033 0.521449 0.346432 0.000746988 0.0333683
 0.885159 0.0192777 0.056298 0.0357532 0.00351183
 0.750043 0.23403 0.00277939 0.00775332 0.00539414
 0.0357228 0.80895 0.145815 0.00166306 0.00784933
 0.042652 0.0576832 0.759522 0.131578 0.00856449
 0.921975 0.00629568 0.00452288 0.0567608 0.010446
pobs_RECLAS
 0 0 0 0 0
 0 0 0 0 0
 0 0 0 0 0
 0 0 0 0 0
 0 0 0 0 0
 0 0 0 0 0
 0 0 0 0 0
 0 0 0 0 0
 0 0 0 0 0
 0 0 0 0 0
 0.991045 0.00858322 0.000360255 1.14367e-05 0
 0.934742 0.0480273 0.0164251 0.00080598 0
 0.827803 0.169806 0.00239088 0 0
 0.941827 0.0461693 0.0120037 0 0
 0.791401 0.0380133 0.147996 0.0225897 0
 0.846168 0.0940531 0.0597789 0 0
 0.134021 0.677848 0.182769 0.00536245 0
 0.80878 0.0450904 0.141981 0.00414843 0
 0.846168 0.0940531 0.0597789 0 0
 0.905697 0.0802665 0.012482 0.00150086 5.37128e-05
 0.989698 0.0102097 9.19794e-05 0 0
 0.975433 0.0193895 0.00387452 0.00125025 5.28907e-05
 0.303575 0.632131 0.0575291 0.00676475 0
 0.966965 0.00978017 0.0227588 0.000495775 0
 0.843318 0.132988 0.00938335 0.0141283 0.000182051
 0.564624 0.303363 0.111486 0.0197234 0.00080311
 0.826376 0.0876187 0.0782897 0.00655872 0.00115652
 0.89761 0.0855135 0.0140674 0.00269457 0.000114338
 0.34875 0.467042 0.161289 0.0227151 0.000203297
 0.318654 0.224769 0.449479 0.00709798 0
 0.937255 0.0296025 0.0250945 0.00804832 0
ppred_RECLAS
 0.00882216 0.171288 0.735172 0.0847181 3.92776e-07
 0.0199696 0.00920331 0.168457 0.719482 0.0828883
 0.974674 0.000597087 0.000235552 0.00425274 0.0202408
 0.0446146 0.935044 0.00048659 0.000189273 0.0196656
 0.198915 0.0474175 0.738031 0.000374559 0.0152617
 0.999562 0.00014583 1.82814e-05 0.000268423 5.66793e-06
 0.0160419 0.983589 0.000123852 1.5334e-05 0.000229746
 0.0475483 0.0208716 0.931241 0.000113987 0.000225195
 0.990377 0.000582978 0.000202189 0.00883452 3.21397e-06
 0.103402 0.889759 0.000421998 0.000143666 0.00627334
 0.973322 0.00379587 0.0227137 1.0426e-05 0.000158243
 0.961014 0.0381084 0.00012635 0.000745466 5.5313e-06
 0.585868 0.401351 0.0124993 4.05737e-05 0.000240882
 0.930299 0.0458774 0.0231068 0.000700682 1.57539e-05
 0.880945 0.113802 0.00350604 0.00169414 5.24085e-05
 0.99065 0.00862039 0.000698337 2.06281e-05 1.02523e-05
 0.0332865 0.959158 0.00697508 0.000556092 2.45686e-05
 0.984607 0.000580803 0.0146974 0.000105642 8.78886e-06
 0.286662 0.703149 0.000386697 0.00972573 7.56971e-05
 0.143914 0.262995 0.584694 0.000318845 0.00807788
 0.955688 0.00741434 0.0114529 0.0250847 0.000359931
 0.829622 0.163812 0.00110996 0.00169417 0.00376144
 0.0198513 0.830304 0.144137 0.0009655 0.00474247
 0.902987 0.00210973 0.0804944 0.0138598 0.000548609
 0.568101 0.393001 0.000851495 0.0322723 0.00577461
 0.15874 0.494179 0.316027 0.000680032 0.0303741
 0.931681 0.0118475 0.0332969 0.0211024 0.00207254
 0.835838 0.154076 0.00176306 0.00490838 0.00341449
 0.0592209 0.793895 0.137906 0.00156974 0.0074081
 0.0736621 0.0579037 0.733395 0.126787 0.00825174
 0.955398 0.00374114 0.00258175 0.0323301 0.0059492
pobs_PELACES
 0 0 0 0 0
 0 0 0 0 0
 0 0 0 0 0
 0 0 0 0 0
 0 0 0 0 0
 0 0 0 0 0
 0 0 0 0 0
 0 0 0 0 0
 0 0 0 0 0
 0 0 0 0 0
 0 0 0 0 0
 0 0 0 0 0
 0 0 0 0 0
 0 0 0 0 0
 0 0 0 0 0
 0 0 0 0 0
 0.505614 0.472636 0.0217494 0 0
 0 0 0 0 0
 0.443492 0.261883 0.143347 0.151278 0
 0.227955 0.32914 0.350689 0.0885471 0.00366901
 0.970185 0.0296113 0.000203453 0 0
 0.997202 0.00247181 0.000326279 0 0
 0.445219 0.490057 0.0546422 0.010081 0
 0.90214 0.0892962 0.00764917 0.000914606 0
 0 0 0 0 0
 0.581667 0.319106 0.0959925 0.00289975 0.000334073
 0.762889 0.0836404 0.116647 0.0363945 0.000428098
 0.88444 0.0763242 0.0277011 0.0115352 0
 0.521256 0.241999 0.230069 0.00667565 0
 0.616807 0.101726 0.260614 0.0208532 0
 0.833518 0.0704572 0.0857862 0.0102388 0
ppred_PELACES
 0.00911202 0.171633 0.734614 0.084641 3.92416e-07
 0.0220884 0.00926554 0.168144 0.717808 0.0826935
 0.977073 0.000545289 0.000213294 0.00384909 0.0183192
 0.051885 0.928228 0.000476108 0.00018505 0.0192259
 0.280834 0.0441218 0.661069 0.000334802 0.0136403
 0.999597 0.000134728 1.67678e-05 0.000246103 5.1965e-06
 0.0194596 0.98018 0.000121225 1.49941e-05 0.000224642
 0.0552007 0.0209728 0.92349 0.000112957 0.000223151
 0.991561 0.000516923 0.000177301 0.00774238 2.81656e-06
 0.1269 0.866585 0.000402418 0.000136842 0.005975
 0.975833 0.00346406 0.0205509 9.42882e-06 0.000143105
 0.966052 0.0331944 0.000108626 0.000640436 4.75181e-06
 0.628207 0.360498 0.0110468 3.58269e-05 0.000212691
 0.947018 0.0351809 0.0172667 0.000522847 1.17547e-05
 0.908916 0.0871707 0.00261347 0.00126097 3.90053e-05
 0.991631 0.0077226 0.000619296 1.82832e-05 9.08664e-06
 0.0360293 0.956492 0.00690381 0.000550185 2.43071e-05
 0.985272 0.000557737 0.0140606 0.000101044 8.40628e-06
 0.298147 0.691882 0.000378578 0.0095189 7.40863e-05
 0.158002 0.260365 0.573403 0.000312526 0.00791758
 0.959289 0.00685598 0.0105113 0.023013 0.000330197
 0.840651 0.153253 0.00103087 0.00157283 0.00349195
 0.020997 0.829988 0.14334 0.000959893 0.00471487
 0.907252 0.0020253 0.0769519 0.0132469 0.00052434
 0.579509 0.382773 0.000825838 0.0312926 0.00559925
 0.167442 0.490205 0.31173 0.000670582 0.0299514
 0.93609 0.0111397 0.0311187 0.0197154 0.00193628
 0.840802 0.149449 0.00170444 0.00474432 0.00330033
 0.0609672 0.792767 0.137328 0.00156291 0.00737582
 0.0795355 0.0579178 0.728467 0.125887 0.00819299
 0.959964 0.00338888 0.00231661 0.0289949 0.00533533
pobs_pel_tallas
 0 0 0 0 0 0 0 0 0 0 0 0 0 0 0 0 0 0 0 0 0 0 0 0 0 0
 0 0 0 0 0 0 0 0 0 0 0 0 0 0 0 0 0 0 0 0 0 0 0 0 0 0
 0 0 0 0 0 0 0 0 0 0 0 0 0 0 0 0 0 0 0 0 0 0 0 0 0 0
 0 0 0 0 0 0 0 0 0 0 0 0 0 0 0 0 0 0 0 0 0 0 0 0 0 0
 0 0 0 0 0 0 0 0 0 0 0 0 0 0 0 0 0 0 0 0 0 0 0 0 0 0
 0 0 0 0 0 0 0 0 0 0 0 0 0 0 0 0 0 0 0 0 0 0 0 0 0 0
 0 0 0 0 0 0 0 0 0 0 0 0 0 0 0 0 0 0 0 0 0 0 0 0 0 0
 0 0 0 0 0 0 0 0 0 0 0 0 0 0 0 0 0 0 0 0 0 0 0 0 0 0
 0 0 0 0 0 0 0 0 0 0 0 0 0 0 0 0 0 0 0 0 0 0 0 0 0 0
 0 0 0 0 0 0 0 0 0 0 0 0 0 0 0 0 0 0 0 0 0 0 0 0 0 0
 0 0 0 0 0 0 0 0 0 0 0 0 0 0 0 0 0 0 0 0 0 0 0 0 0 0
 0 0 0 0 0 0 0 0 0 0 0 0 0 0 0 0 0 0 0 0 0 0 0 0 0 0
 0.00862536 0 0 0.000197151 0.00414017 0.0128641 0.00837892 0.0270097 0.101434 0.158115 0.152841 0.127902 0.109271 0.109419 0.0830992 0.0579132 0.0238553 0.00714673 0.00463305 0.00128148 0.00103504 0.000492878 0.000147863 0.000147863 4.92878e-05 0
 0 0 0 0 0 0 0 0 0 0 0 0 0 0 0 0 0 0 0 0 0 0 0 0 0 0
 0 0 0 0 0 0 0 0.0054083 0.00873648 0.0413646 0.0450493 0.0745869 0.0622846 0.0627006 0.0613931 0.0827291 0.12552 0.122667 0.0946155 0.0697135 0.0546179 0.0294188 0.0215738 0.0213955 0.0102223 0.00600262
 0 0 0 0 0.00359764 0.0251062 0.0480494 0.140153 0.205849 0.193036 0.1447 0.116669 0.0760912 0.0342217 0.00950174 0.001854 0.000860785 0 0 0 0.000165536 0 0.000143464 0 0 0
 0 0 0 0 0 0 0 0.000145254 0.000435761 0.0275982 0.070085 0.0708112 0.156366 0.174668 0.174014 0.160142 0.0824315 0.0480064 0.0283245 0.00493863 0.00203355 0 0 0 0 0
 0 0 0 0 0 0 0 0 0 0 0 0 0 0 0 0 0 0 0 0 0 0 0 0 0 0
 0 0 1.00437e-05 0.000401748 0.00122533 0.00171747 0.00176769 0.0269171 0.070346 0.194647 0.189555 0.159765 0.064822 0.0314167 0.0384472 0.0292271 0.0345202 0.0313363 0.0194345 0.0106764 0.0143323 0.0359363 0.0279516 0.0138201 0.00172751 0
 0 0.0021121 0.0136068 0.0755702 0.200478 0.177729 0.0527432 0.0373336 0.0318909 0.0142505 0.0149659 0.0166563 0.0217959 0.0798694 0.0677717 0.0528807 0.04013 0.0224614 0.0357745 0.0225083 0.00881397 0.00855152 0.00135912 0.000746735 0 0
 0 0 0 0 5.4009e-05 0.00500934 0.000945158 0.0243581 0.138947 0.33067 0.221406 0.137944 0.0707744 0.0437923 0.0131692 0.00525238 0.0047753 0.00276346 9.45158e-05 9.00151e-06 2.25038e-05 9.00151e-06 4.50075e-06 0 0 0
 0.000866109 0.00284123 0.00948549 0.0512746 0.133035 0.25785 0.225252 0.132002 0.0553304 0.0519788 0.0540692 0.017754 0.00435017 0.00159236 0.00146478 0.000404838 0.000125132 0.000115318 0.000107957 0.000100596 0 0 0 0 0 0
 0 0 0 0 0.00144013 0.00171154 0.00461396 0.0210425 0.0478622 0.0707936 0.0888783 0.103762 0.0637923 0.0337046 0.0602308 0.124433 0.169614 0.0934646 0.0462172 0.0250306 0.0313229 0.00938855 0.002487 0.000210481 0 0
 0 0.00764035 0.051015 0.0998891 0.058973 0.0496711 0.0374665 0.0718981 0.12319 0.153886 0.159021 0.0857701 0.0377988 0.023471 0.0147837 0.00900784 0.00315554 0.000888139 0.00291439 0.00214683 0.00393193 0.00274676 0.000635225 9.99891e-05 0 0
 0 0 0 0 0 0 0 0 0 0 0 0 0 0 0 0 0 0 0 0 0 0 0 0 0 0
 0 0 0 0 0 0 0 0 0 0 0 0 0 0 0 0 0 0 0 0 0 0 0 0 0 0
 0 0 0 0 0 0 0 0 0 0 0 0 0 0 0 0 0 0 0 0 0 0 0 0 0 0
 0 0 0 0 0 0 0 0 0 0 0 0 0 0 0 0 0 0 0 0 0 0 0 0 0 0
 0 0 0 0 0 0 0 0 0 0 0 0 0 0 0 0 0 0 0 0 0 0 0 0 0 0
 0 0 0 0 0 0 0 0 0 0 0 0 0 0 0 0 0 0 0 0 0 0 0 0 0 0
 0 0 0 0 0 0 0 0 0 0 0 0 0 0 0 0 0 0 0 0 0 0 0 0 0 0
ppred_pel_tallas
 1.29732e-16 7.50584e-07 7.29596e-06 4.8485e-05 0.000220417 0.000685892 0.00146201 0.00213754 0.0021552 0.00154886 0.000980764 0.00108646 0.00227652 0.00505022 0.0101027 0.018068 0.0292111 0.0433655 0.0601327 0.0789935 0.0989536 0.117895 0.132409 0.138735 0.134483 0.119991
 1.90835e-16 1.8194e-06 1.76852e-05 0.000117524 0.000534249 0.00166225 0.00354166 0.00516944 0.00517087 0.00354888 0.00168817 0.000616728 0.000354423 0.000637798 0.00149608 0.00334423 0.00699244 0.0136912 0.0250739 0.0428191 0.0679463 0.0998952 0.135808 0.170544 0.197725 0.211603
 1.03493e-16 8.04802e-05 0.000782296 0.00519863 0.0236322 0.0735287 0.156661 0.228651 0.228651 0.156661 0.0735296 0.0236351 0.00520629 0.000800281 0.000118761 8.09761e-05 0.000140603 0.000253052 0.000446469 0.000768045 0.00127107 0.00199343 0.00292832 0.00400013 0.00506141 0.00592109
 1.03524e-16 4.27389e-06 4.15438e-05 0.000276078 0.00125506 0.00390545 0.00832426 0.0121682 0.0122575 0.00876029 0.00536888 0.00547925 0.0108692 0.0231326 0.0437592 0.0720769 0.103224 0.128542 0.139224 0.131246 0.107868 0.0776217 0.0494575 0.0287268 0.0162865 0.0101258
 1.21431e-16 2.3132e-05 0.000224851 0.00149421 0.00679248 0.021134 0.0450283 0.0657212 0.0657265 0.0450545 0.0212249 0.00706789 0.00223395 0.00199956 0.00386063 0.00755945 0.0137023 0.023067 0.0362259 0.0530658 0.0722199 0.0907919 0.104843 0.110722 0.106645 0.0935724
 1.00027e-16 8.23355e-05 0.00080033 0.00531848 0.024177 0.0752237 0.160272 0.233922 0.233922 0.160272 0.0752239 0.0241776 0.00532004 0.000803769 8.89277e-05 1.68599e-05 1.66795e-05 2.16894e-05 2.6117e-05 2.96545e-05 3.31367e-05 3.7739e-05 4.40214e-05 5.1299e-05 5.77814e-05 6.13698e-05
 1.00294e-16 1.60306e-06 1.55824e-05 0.000103555 0.000470805 0.00146536 0.00312558 0.00458163 0.00467588 0.00358598 0.0030106 0.00493105 0.0112883 0.0243951 0.0461945 0.0760819 0.108931 0.13558 0.146694 0.137977 0.112823 0.0802064 0.0495816 0.0266649 0.0124932 0.00512124
 1.26705e-16 4.54682e-06 4.41967e-05 0.000293703 0.00133513 0.00415411 0.00885089 0.0129188 0.0129223 0.00886837 0.0042169 0.00153451 0.00086202 0.0015087 0.00343957 0.00737687 0.0145609 0.0264601 0.0442307 0.0678494 0.0952186 0.121885 0.141956 0.150154 0.144067 0.125288
 1.00783e-16 8.16735e-05 0.000793896 0.00527572 0.0239826 0.0746189 0.158983 0.232041 0.232041 0.158984 0.0746198 0.0239852 0.0052824 0.000809134 0.000112672 6.28371e-05 9.75399e-05 0.000157222 0.000246699 0.000379854 0.000570753 0.000823768 0.00112294 0.00142754 0.00167927 0.00182028
 1.01258e-16 1.04528e-05 0.000101605 0.000675205 0.00306944 0.0095506 0.0203516 0.0297213 0.0298046 0.0207587 0.0109168 0.0070129 0.0105642 0.0216571 0.0408537 0.0672749 0.0963302 0.119918 0.129795 0.12218 0.100082 0.0714486 0.0446344 0.0246733 0.0124431 0.00617234
 1.0062e-16 8.0378e-05 0.000781303 0.00519203 0.0236022 0.0734353 0.156462 0.22836 0.228361 0.156463 0.0734414 0.0236203 0.00523889 0.00088847 0.000298146 0.000402648 0.000657873 0.00100449 0.00143506 0.00193602 0.00247142 0.00296984 0.00332905 0.00344862 0.00327714 0.0028428
 1.00077e-16 7.95724e-05 0.000773472 0.00513999 0.0233657 0.0726993 0.154894 0.226072 0.226076 0.154909 0.0727516 0.0235167 0.00551887 0.00159939 0.00164471 0.00258411 0.00369378 0.00460087 0.00498582 0.0047043 0.00387196 0.00279227 0.00178308 0.00103385 0.000574622 0.000334996
 1.00451e-16 5.17447e-05 0.000502977 0.00334246 0.0151943 0.0472754 0.100727 0.147021 0.147055 0.100896 0.0478441 0.016836 0.00745999 0.00948073 0.0170701 0.0280543 0.04021 0.0501465 0.0544441 0.0515243 0.0426089 0.0309442 0.0199343 0.011617 0.00634343 0.00341636
 1.00562e-16 7.80046e-05 0.000758233 0.00503872 0.0229053 0.0712669 0.151842 0.221618 0.221622 0.151858 0.0713229 0.0230673 0.00544637 0.00165104 0.00178212 0.00284476 0.00414119 0.00531212 0.00604412 0.0061852 0.00581736 0.00517597 0.00448508 0.00384609 0.00324679 0.00264407
 1.00231e-16 7.48662e-05 0.000727726 0.004836 0.0219837 0.0683996 0.145733 0.212703 0.212712 0.145774 0.0685372 0.0223807 0.00583174 0.0028989 0.00419086 0.00679028 0.00972852 0.0121373 0.0131883 0.0125021 0.0103765 0.00759658 0.00498284 0.00302141 0.00178804 0.00110488
 1.00024e-16 8.16793e-05 0.000793952 0.00527609 0.0239843 0.0746242 0.158995 0.232058 0.232058 0.158998 0.0746364 0.0240196 0.00536443 0.00098667 0.000447278 0.000609067 0.000866819 0.00108423 0.00118376 0.00113144 0.000952565 0.000714765 0.000488394 0.000314754 0.000200203 0.00013031
 1.00503e-16 2.96789e-06 2.8849e-05 0.000191716 0.000871571 0.00271227 0.00578219 0.00845856 0.00855054 0.00623152 0.00422039 0.0052248 0.0111086 0.0238263 0.0450978 0.0742865 0.106391 0.132481 0.143459 0.135134 0.110802 0.0791869 0.0494675 0.0271802 0.0133163 0.00598746
 1.00418e-16 8.11556e-05 0.000788861 0.00524226 0.0238305 0.0741457 0.157975 0.230569 0.23057 0.157976 0.074147 0.0238347 0.00525364 0.000817118 0.000144773 0.000136732 0.000248963 0.000436932 0.000711262 0.00107053 0.00148378 0.00188542 0.00218776 0.00231129 0.00221877 0.00193317
 1.01155e-16 2.45581e-05 0.000238713 0.00158634 0.0072113 0.0224374 0.0478077 0.0697907 0.0698572 0.0481327 0.0235282 0.01036 0.00948232 0.0174506 0.0326391 0.053727 0.0769414 0.0958087 0.103757 0.0977743 0.0802696 0.0575776 0.0363456 0.0205544 0.0108644 0.00583335
 1.17985e-16 1.30145e-05 0.000126505 0.000840674 0.0038216 0.0118905 0.025335 0.0369826 0.0370086 0.0254621 0.0123195 0.00507104 0.00401638 0.00718922 0.0138062 0.0237902 0.0365546 0.0506994 0.0646001 0.0771764 0.0880013 0.0965894 0.101666 0.101373 0.094423 0.0812428
 1.02669e-16 7.90154e-05 0.000768058 0.00510401 0.0232021 0.0721904 0.153809 0.224489 0.22449 0.153813 0.0722017 0.0232351 0.00518815 0.000955908 0.000448452 0.000650724 0.00101377 0.00146007 0.00197838 0.00258862 0.00332834 0.00420963 0.00517044 0.00606141 0.00668652 0.00687811
 1.00818e-16 6.92433e-05 0.00067307 0.00447279 0.0203326 0.0632625 0.134788 0.19673 0.196745 0.13486 0.0635041 0.0210302 0.00622224 0.00448694 0.00729723 0.0119145 0.0170639 0.0212654 0.0230656 0.0218039 0.0180196 0.0131173 0.00856438 0.00522941 0.00323765 0.00224459
 1.05243e-16 1.72967e-06 1.6813e-05 0.000111732 0.000507969 0.00158091 0.00337125 0.00493721 0.00501724 0.0037623 0.00289401 0.00430099 0.00963401 0.020808 0.0394989 0.0653234 0.0941558 0.118501 0.130676 0.127066 0.11022 0.0870249 0.064539 0.0467461 0.0341109 0.0251929
 1.03639e-16 7.47291e-05 0.000726394 0.00482714 0.0219435 0.0682743 0.145466 0.212311 0.212312 0.145467 0.0682801 0.0219617 0.00487892 0.000859181 0.000384838 0.000669258 0.00131009 0.00238569 0.00401075 0.00621104 0.00883569 0.011518 0.0137357 0.0149763 0.0149359 0.0136446
 1.04208e-16 4.77335e-05 0.000463986 0.00308335 0.0140165 0.0436108 0.0929187 0.135625 0.135662 0.0930985 0.0442145 0.0157593 0.00745463 0.00999515 0.0181163 0.0297904 0.0427186 0.0533333 0.0580554 0.0552864 0.0464138 0.0349513 0.0245055 0.0171145 0.01291 0.0108539
 1.14258e-16 1.37921e-05 0.000134064 0.000890906 0.00404996 0.0126012 0.0268499 0.0391982 0.0392458 0.0270828 0.0133842 0.00631619 0.0065973 0.0126502 0.0239564 0.0400309 0.0587039 0.0759777 0.0876923 0.0917919 0.0893154 0.0832389 0.0762304 0.0692315 0.0617424 0.0530738
 1.03206e-16 7.71045e-05 0.000749483 0.00498058 0.022641 0.0704445 0.15009 0.21906 0.219061 0.150095 0.0704632 0.0226958 0.00512072 0.00106425 0.000701169 0.00110669 0.00175186 0.00255523 0.00349165 0.00456049 0.00576426 0.00705335 0.00827935 0.00921071 0.00961615 0.00936615
 1.01122e-16 6.92558e-05 0.000673191 0.00447359 0.0203363 0.0632738 0.134812 0.196765 0.19678 0.134882 0.0635095 0.0210167 0.00618016 0.00439399 0.00712217 0.0116296 0.0166648 0.0207883 0.0225895 0.0214309 0.0178417 0.0131882 0.00888849 0.00576813 0.00392393 0.00299839
 1.05571e-16 5.02195e-06 4.88152e-05 0.000324398 0.00147471 0.00458879 0.00977973 0.0142898 0.0143663 0.0101532 0.00584304 0.00509775 0.00942 0.0199087 0.037734 0.0624018 0.089951 0.113225 0.124891 0.121505 0.105507 0.0834816 0.0621637 0.0453441 0.0334422 0.0250527
 1.35048e-16 6.55125e-06 6.36805e-05 0.00042318 0.00192372 0.00598543 0.0127528 0.0186145 0.0186213 0.0127863 0.00610119 0.00227291 0.00135573 0.00228508 0.0047701 0.00929885 0.016718 0.0279715 0.0438247 0.0643622 0.0882989 0.112524 0.132467 0.143487 0.142726 0.13036
 1.03879e-16 7.9071e-05 0.000768598 0.0051076 0.0232184 0.0722412 0.153917 0.224647 0.224647 0.153919 0.0722468 0.023235 0.00515009 0.000864397 0.000270617 0.000349363 0.00056482 0.000870214 0.00129482 0.00189719 0.00274441 0.00386766 0.00521001 0.00660143 0.00778633 0.00850101
pSPR Fmed_Fpbrs
0.36048   0.268603 0.268603
Fs Fmed_Fpbrs
0.732668   1.005 1.005
SSBpbr Bo_Bmed_Bpbrs
1.68581e+06  523410  368523 368523
Ro
26122.8
SPR SPRFo_SPRFmed_SPRFpbrs
186724 67310.1 50154.5
Fref
1.005
Nvult_r0
 108574 537.71 378.595 4746.17 873.413
CTP_r0
 34506.1 235.624 169.275 2124.35 390.955
YTP_r0
390897
Np
 116116 32591.9 109.073 74.1989 1080.32
Nvult_p0
 92145.7 28034.7 94.3554 64.2061 934.845
CTP_p0
 33743.6 13784.7 47.2471 32.1814 468.587
YTP_p0
 493948
CBA_c0
421812
log_Ro
9.99056
likeval ReclasPelacesDesembMPH_pf_preclas_ppelaces_ptallas_desvR_qrecl_qpela
 25.254 95.0309 0.300354 0.00158251 454.603 160.328 144.386 0 251.051 2.77797e-05 0 0.0470368 0 0 0
q_reclas_q_pelaces
2.11039 1
M
1
N
 1113.93 22644.2 97598.4 11249.4 0.052156
 672.812 357.594 6631.21 28342.2 3265.3
 229834 162.153 64.8004 1170.75 5572.38
 2087.8 55615.9 29.5833 11.5211 1197.12
 841.077 377.095 6218.02 3.16569 129.01
 288809 47.5089 6.02145 88.4653 1.86806
 901.08 74420.6 9.62944 1.19399 17.8907
 250.777 137.001 6236.06 0.764151 1.50976
 68138.1 48.2123 17.0045 743.685 0.270564
 1189.03 14522.7 7.11183 2.42541 105.918
 34416.2 154.776 938.281 0.430997 6.54179
 168395 8296.64 28.0589 165.727 1.22975
 36315.6 32536.6 1038.44 3.37537 20.0407
 79559.9 6026.64 3156.79 95.9309 2.15712
 40391.4 8193.76 263.06 127.399 3.94159
 378452 3896.16 320.514 9.47558 4.70965
 2591.61 84552.1 621.887 49.611 2.19193
 1.05055e+06 659.622 16787.4 120.702 10.042
 120380 321150 177.977 4478.13 34.8549
 16149.2 34519.2 77850.5 42.4865 1076.44
 424819 3732.12 5830.86 12779 183.366
 485011 108081 740.477 1130.9 2510.92
 2735.37 124634 21805.6 146.127 717.785
 311847 780.663 29973.7 5162.76 204.36
 125987 93482.4 203.844 7728.56 1382.93
 11018.5 37649 24282.1 52.275 2334.95
 218724 3075.34 8722.85 5531 543.233
 306614 59725.8 686.882 1912.82 1330.67
 6821.63 95771.1 16706.6 190.209 897.67
 2479.22 2188.25 28010.8 4845.24 315.354
 141166 646.784 452.794 5674.6 1044.25
pred_Ctot
 90.6936 2974.35 13246.8 1529.54 0.00709212
 151.779 121.378 2311.66 9894.21 1140
 51433.5 54.6486 22.431 405.841 1931.8
 711.095 26852.2 14.5968 5.69121 591.391
 517.426 281.381 4688.18 2.38813 97.3253
 56288.9 14.1469 1.84391 27.1306 0.572943
 358.432 40683.9 5.3665 0.666093 9.98123
 79.7199 62.4859 2909.53 0.356957 0.705296
 18931.4 19.6252 7.09296 310.611 0.113013
 526.998 8625.52 4.29772 1.46704 64.0687
 7760.11 52.5123 326.946 0.150396 2.28292
 53216.6 3765.54 13.0283 77.0433 0.571725
 13424.8 16785.6 546.802 1.77928 10.5647
 39970.7 3923.1 2085.66 63.43 1.42636
 20889.8 5444.13 177.288 85.9243 2.65851
 97799.6 1489.92 125.702 3.72122 1.84969
 520.093 25850.3 195.478 15.6174 0.690065
 113960 113.982 2994.1 21.5642 1.79422
 17124.6 71613.2 40.9047 1030.88 8.02441
 3940.64 12556.4 29060.5 15.8815 402.403
 85336.6 1142.02 1834.4 4026.24 57.7773
 95158.7 32377.3 228.104 348.892 774.703
 395.778 28234.6 5090.92 34.171 167.864
 37109.9 147.25 5832.89 1006.35 39.8384
 15202.8 17866 40.19 1526.3 273.136
 1718.88 9145.7 6076.07 13.1014 585.246
 36507.8 795.098 2321.97 1474.62 144.843
 29648.8 9251.06 109.868 306.484 213.227
 558.281 12642.4 2278.82 25.9906 122.671
 468.696 633.871 8346.26 1445.89 94.1138
 34506.1 235.624 169.275 2124.35 390.955
F
 0.13625 0.228118 0.236511 0.23697 0.236994
 0.422925 0.708087 0.734139 0.735564 0.735639
 0.418891 0.701332 0.727136 0.728547 0.728621
 0.71137 1.19102 1.23484 1.23723 1.23736
 1.87377 3.13717 3.2526 3.25891 3.25924
 0.356034 0.596093 0.618025 0.619224 0.619287
 0.883605 1.47938 1.53382 1.53679 1.53695
 0.648949 1.08651 1.12649 1.12867 1.12879
 0.545826 0.913855 0.947479 0.949317 0.949414
 1.03892 1.73942 1.80341 1.80691 1.8071
 0.422677 0.707671 0.733708 0.735132 0.735207
 0.643946 1.07813 1.1178 1.11997 1.12008
 0.796058 1.33281 1.38185 1.38453 1.38467
 1.27314 2.13156 2.20999 2.21428 2.2145
 1.33862 2.2412 2.32366 2.32817 2.32841
 0.498722 0.83499 0.865711 0.867391 0.86748
 0.368366 0.61674 0.639432 0.640673 0.640738
 0.185166 0.310016 0.321422 0.322046 0.322079
 0.249135 0.417117 0.432464 0.433303 0.433348
 0.464894 0.778353 0.806991 0.808556 0.808639
 0.368782 0.617436 0.640154 0.641396 0.641461
 0.358793 0.600713 0.622815 0.624024 0.624088
 0.253878 0.425058 0.440697 0.441552 0.441597
 0.204739 0.342786 0.355398 0.356088 0.356124
 0.207873 0.348033 0.360838 0.361538 0.361575
 0.276158 0.46236 0.479372 0.480302 0.480351
 0.298047 0.499007 0.517367 0.518371 0.518424
 0.16363 0.273959 0.284038 0.284589 0.284619
 0.136998 0.22937 0.237809 0.238271 0.238295
 0.343685 0.575419 0.59659 0.597748 0.597809
 0.465872 0.779991 0.808689 0.810258 0.810341
nmprior
 8.19 8.8 8.5 0
nm_flota  nm_reclas  nm_pelaces    nm_pelaL
inf 6.09346 3.27592 4.67663
cv_recla  cv_pelaces  cv_mph
0.454559 1.10536 1.22766
 ------------------------------------------------
Talla a la edad & desviaci?n 
 8 13.2811 15.8009 17.003 17.5766
 0.8 1.32811 1.58009 1.7003 1.75766
