years
 1991 1992 1993 1994 1995 1996 1997 1998 1999 2000 2001 2002 2003 2004 2005 2006 2007 2008 2009 2010 2011 2012 2013 2014 2015 2016 2017 2018 2019 2020 2021
reclasobs
 0 0 0 0 0 0 0 0 0 252601 567819 844713 477998 351125 339783 2.1784e+06 2.13404e+06 4.81314e+06 1.55562e+06 2.62356e+06 3.21686e+06 3.843e+06 1.13348e+06 3.07943e+06 1.97215e+06 2.03268e+06 2.025e+06 2.42433e+06 2.27542e+06 1.05018e+06 2.36338e+06
reclaspred
 2.14601e+06 1.59724e+06 842403 593485 617146 891483 647454 586701 378745 270258 364908 557060 528533 415074 517652 957011 1.47893e+06 2.38599e+06 2.19592e+06 1.74293e+06 2.99418e+06 2.29771e+06 2.05235e+06 2.55094e+06 2.23933e+06 2.02904e+06 2.14034e+06 2.1877e+06 2.39287e+06 1.50539e+06 1.97899e+06
pelacesobs
 0 0 0 0 0 0 0 0 0 0 0 0 0 0 0 552880 188675 0 991730 2.46772e+06 1.41603e+06 1.21717e+06 2.29649e+06 1.80582e+06 0 1.4828e+06 1.56532e+06 1.57751e+06 1.42118e+06 867257 1.10002e+06
pelacespred
 912364 749212 414480 248370 269668 382206 254354 280550 182679 119981 177433 222610 229823 193599 260457 400498 609715 1.05571e+06 1.07462e+06 813105 1.23754e+06 1.12855e+06 965238 1.28677e+06 1.15072e+06 999201 1.18451e+06 1.2382e+06 1.09952e+06 786920 1.01829e+06
mphobs
 0 0 0 0 0 0 0 0 0 0 0 498337 0 5186 125008 0 168611 109162 213762 579715 649985 157893 87575 83554 0 0 0 0 0 0 0
mphpred
 1.64046e+06 1.7027e+06 917033 493240 453309 533530 687258 432635 394912 230402 176250 404587 421354 327846 264821 467194 1.01404e+06 1.33345e+06 1.88835e+06 1.53789e+06 1.72357e+06 2.11986e+06 1.80136e+06 1.50897e+06 2.1415e+06 1.68764e+06 1.45092e+06 1.62943e+06 2.18351e+06 1.49896e+06 1.01941e+06
desembarqueobs
 494567 514787 250237 358949 120608 361735 552515 73892 212993 205616 52469 317467 293654 387597 252695 516296 358380 742168 942051 627588 828172 859565 418607 520667 417249 300574 415391 372974 316634 284311 391294
desembarquepred
 494223 510570 251540 359415 120664 361887 552659 73910.6 212995 205605 52470.8 317685 293550 387387 252586 516700 358764 742003 941833 627763 828234 860508 420095 521125 417707 300857 415424 373056 316582 284172 391231
Reclutas
 390414 64187 81638.3 138261 128255 207784 103857 39515 31246.8 61824.7 131969 141293 111404 100518 132675 432030 202392 624720 489542 361223 517936 572934 151472 420010 312160 172877 378887 387729 116599 107199 446358
log_desv_Rt
 0.758494 -1.04691 -0.806417 -0.279575 -0.35469 0.127786 -0.565702 -1.53203 -1.7668 -1.08441 -0.326145 -0.257879 -0.495552 -0.598375 -0.320815 0.859781 0.101493 1.22859 0.984756 0.680781 1.04114 1.14206 -0.188316 0.831565 0.534801 -0.0561323 0.728523 0.751592 -0.449977 -0.534028 0.892407
SSB
 1.64046e+06 1.7027e+06 917033 493240 453309 533530 687258 432635 394912 230402 176250 404587 421354 327846 264821 467194 1.01404e+06 1.33345e+06 1.88835e+06 1.53789e+06 1.72357e+06 2.11986e+06 1.80136e+06 1.50897e+06 2.1415e+06 1.68764e+06 1.45092e+06 1.62943e+06 2.18351e+06 1.49896e+06 1.01941e+06
BT
 2.93021e+06 2.28202e+06 1.25598e+06 1.06109e+06 868580 1.57945e+06 1.18076e+06 885015 728245 580030 673302 954290 971003 1.07293e+06 1.22312e+06 1.89008e+06 2.06414e+06 4.20105e+06 4.17317e+06 2.87982e+06 4.64651e+06 4.063e+06 2.95283e+06 4.85053e+06 3.45909e+06 3.06282e+06 4.36783e+06 4.36622e+06 2.96419e+06 2.33528e+06 4.00013e+06
Ftot
 0.217322 0.298487 0.279487 0.554105 0.184961 0.378533 0.759637 0.119765 0.515376 0.687511 0.13683 0.523668 0.510288 0.834174 0.454287 0.500686 0.22869 0.292156 0.398429 0.336357 0.260218 0.349297 0.193305 0.193427 0.176478 0.140715 0.18387 0.16181 0.12562 0.178494 0.187441
BD_Bspro_t
 0.965826 0.811307 0.633672 0.525903 0.508249 0.608374 0.588755 0.426576 0.485543 0.404726 0.408778 0.683426 0.565961 0.462748 0.399836 0.527287 0.617456 0.661902 0.683999 0.609439 0.592137 0.635094 0.630761 0.631326 0.731433 0.730862 0.743988 0.780089 0.814809 0.756671 0.71119
BD_Bspro
 1.25508 1.30269 0.701599 0.377366 0.346815 0.40819 0.525803 0.330998 0.302137 0.176274 0.134844 0.309539 0.322367 0.250826 0.202608 0.357438 0.775813 1.02019 1.44473 1.1766 1.31866 1.62185 1.37818 1.15448 1.6384 1.29117 1.11007 1.24663 1.67055 1.14682 0.779925
BD_Bo
 0.887782 0.921461 0.496278 0.26693 0.245321 0.288734 0.371928 0.234133 0.213717 0.124688 0.0953826 0.218953 0.228027 0.177423 0.143315 0.252835 0.548773 0.721633 1.02193 0.832273 0.932759 1.14722 0.974856 0.816623 1.15893 0.91331 0.785207 0.881808 1.18167 0.811203 0.551682
BD_Brms
 3.76862 3.91158 2.10669 1.13311 1.04138 1.22567 1.57883 0.993888 0.907226 0.529298 0.404897 0.929453 0.96797 0.753156 0.60837 1.07328 2.32953 3.06331 4.33807 3.53298 3.95954 4.86993 4.13824 3.46655 4.91963 3.87698 3.33319 3.74326 5.01615 3.44354 2.34188
Sel_flota
 0.5 1 1 1 1
 0.5 1 1 1 1
 0.5 1 1 1 1
 0.5 1 1 1 1
 0.5 1 1 1 1
 0.5 1 1 1 1
 0.5 1 1 1 1
 0.5 1 1 1 1
 0.5 1 1 1 1
 0.5 1 1 1 1
 0.5 1 1 1 1
 0.5 1 1 1 1
 0.5 1 1 1 1
 0.5 1 1 1 1
 0.5 1 1 1 1
 0.5 1 1 1 1
 0.5 1 1 1 1
 0.5 1 1 1 1
 0.5 1 1 1 1
 0.5 1 1 1 1
 0.5 1 1 1 1
 0.5 1 1 1 1
 0.5 1 1 1 1
 0.5 1 1 1 1
 0.5 1 1 1 1
 0.5 1 1 1 1
 0.5 1 1 1 1
 0.5 1 1 1 1
 0.5 1 1 1 1
 0.5 1 1 1 1
 0.5 1 1 1 1
Sel_reclas
 0.5 1 1 1 1
 0.5 1 1 1 1
 0.5 1 1 1 1
 0.5 1 1 1 1
 0.5 1 1 1 1
 0.5 1 1 1 1
 0.5 1 1 1 1
 0.5 1 1 1 1
 0.5 1 1 1 1
 0.5 1 1 1 1
 0.5 1 1 1 1
 0.5 1 1 1 1
 0.5 1 1 1 1
 0.5 1 1 1 1
 0.5 1 1 1 1
 0.5 1 1 1 1
 0.5 1 1 1 1
 0.5 1 1 1 1
 0.5 1 1 1 1
 0.5 1 1 1 1
 0.5 1 1 1 1
 0.5 1 1 1 1
 0.5 1 1 1 1
 0.5 1 1 1 1
 0.5 1 1 1 1
 0.5 1 1 1 1
 0.5 1 1 1 1
 0.5 1 1 1 1
 0.5 1 1 1 1
 0.5 1 1 1 1
 0.5 1 1 1 1
Sel_pelaces
 0.5 1 1 1 1
 0.5 1 1 1 1
 0.5 1 1 1 1
 0.5 1 1 1 1
 0.5 1 1 1 1
 0.5 1 1 1 1
 0.5 1 1 1 1
 0.5 1 1 1 1
 0.5 1 1 1 1
 0.5 1 1 1 1
 0.5 1 1 1 1
 0.5 1 1 1 1
 0.5 1 1 1 1
 0.5 1 1 1 1
 0.5 1 1 1 1
 0.5 1 1 1 1
 0.5 1 1 1 1
 0.5 1 1 1 1
 0.5 1 1 1 1
 0.5 1 1 1 1
 0.5 1 1 1 1
 0.5 1 1 1 1
 0.5 1 1 1 1
 0.5 1 1 1 1
 0.5 1 1 1 1
 0.5 1 1 1 1
 0.5 1 1 1 1
 0.5 1 1 1 1
 0.5 1 1 1 1
 0.5 1 1 1 1
 0.5 1 1 1 1
pf_obs 
 0.8446 0.082 0.0669 0.0065 0
 0.8095 0.147 0.0364 0.0071 0
 0.9664 0.0169 0.016 0.0007 0
 0.9276 0.0648 0.0075 0.0001 0
 0.7033 0.2144 0.0806 0.0017 0
 0.9318 0.0425 0.0243 0.0014 0
 0.5671 0.3108 0.0964 0.0239 0.0018
 0.0768 0.2599 0.5324 0.112 0.0189
 0.490249 0.384438 0.106611 0.0170017 0.00170017
 0.7925 0.1577 0.0466 0.003 0.0002
 0.840416 0.127587 0.0312969 0.00059994 9.999e-05
 0.8084 0.0986 0.0794 0.0134 0.0002
 0.7335 0.1905 0.0724 0.0035 0.0001
 0.4001 0.4547 0.1325 0.0127 0
 0.49795 0.308269 0.164784 0.0264974 0.00249975
 0.9179 0.0499 0.0305 0.0017 0
 0.2467 0.6533 0.0926 0.0074 0
 0.9418 0.0223 0.034 0.0019 0
 0.707729 0.231977 0.0356964 0.0245975 0
 0.517169 0.277429 0.184464 0.0207286 0.00020938
 0.811772 0.124168 0.05621 0.00726502 0.000585176
 0.764997 0.148141 0.077277 0.00933861 0.000247198
 0.163321 0.427699 0.378323 0.0303852 0.000271297
 0.753843 0.0900009 0.118128 0.0371064 0.000921714
 0.721811 0.176058 0.0630433 0.0369309 0.00215725
 0.143369 0.312575 0.442814 0.0836902 0.0175525
 0.692698 0.0596174 0.167031 0.0765114 0.00414204
 0.394062 0.376323 0.152708 0.0712218 0.00568511
 0.125707 0.32114 0.495352 0.0537591 0.00404204
 0.23352 0.215282 0.420074 0.123614 0.00750983
 0.774587 0.0839891 0.0768558 0.0609784 0.00358967
pf_pred 
 0.61555 0.243019 0.0894016 0.032889 0.0191406
 0.169822 0.642186 0.118833 0.0437164 0.0254419
 0.396198 0.186644 0.322694 0.059713 0.0347516
 0.633949 0.215215 0.0466257 0.0806126 0.0235983
 0.58139 0.33663 0.0481993 0.0104423 0.023339
 0.660038 0.253551 0.0694877 0.00994939 0.00697319
 0.43488 0.459557 0.0787312 0.0215769 0.00525469
 0.33879 0.437218 0.182151 0.0312061 0.010635
 0.393704 0.312199 0.194468 0.0810182 0.0186103
 0.705074 0.177918 0.0602507 0.0375302 0.0192271
 0.782595 0.18599 0.0189512 0.0064177 0.00604559
 0.603431 0.349892 0.0399324 0.00406884 0.00267588
 0.545697 0.354949 0.0876595 0.0100044 0.00168978
 0.576634 0.312192 0.0868613 0.0214516 0.00286173
 0.698838 0.234861 0.0488906 0.0136028 0.00380757
 0.837529 0.136799 0.0200199 0.0041675 0.00148409
 0.441572 0.51552 0.0361289 0.00528727 0.00149259
 0.75817 0.152027 0.0829021 0.00580998 0.00109029
 0.537765 0.403305 0.0370465 0.0202019 0.00168148
 0.486579 0.371788 0.123577 0.0113514 0.00670528
 0.621966 0.255981 0.0883834 0.0293774 0.00429254
 0.588926 0.320856 0.06109 0.0210927 0.00803534
 0.252984 0.568441 0.139383 0.026538 0.0126535
 0.643296 0.148992 0.158058 0.0387561 0.0108974
 0.477575 0.414036 0.0452728 0.0480277 0.0150877
 0.357752 0.422782 0.173933 0.0190187 0.0265142
 0.640637 0.193092 0.109454 0.0450293 0.011788
 0.554621 0.351912 0.0502211 0.0284677 0.0147776
 0.24748 0.544219 0.164588 0.0234881 0.0202256
 0.358873 0.26008 0.275571 0.0833406 0.0221349
 0.776777 0.120841 0.0415324 0.0440061 0.0168434
pobs_RECLAS
 0 0 0 0 0
 0 0 0 0 0
 0 0 0 0 0
 0 0 0 0 0
 0 0 0 0 0
 0 0 0 0 0
 0 0 0 0 0
 0 0 0 0 0
 0 0 0 0 0
 0 0 0 0 0
 0.991045 0.00858322 0.000360255 1.14367e-05 0
 0.934742 0.0480273 0.0164251 0.00080598 0
 0.827803 0.169806 0.00239088 0 0
 0.941827 0.0461693 0.0120037 0 0
 0.791401 0.0380133 0.147996 0.0225897 0
 0.846168 0.0940531 0.0597789 0 0
 0.134021 0.677848 0.182769 0.00536245 0
 0.80878 0.0450904 0.141981 0.00414843 0
 0.846168 0.0940531 0.0597789 0 0
 0.905697 0.0802665 0.012482 0.00150086 5.37128e-05
 0.989698 0.0102097 9.19794e-05 0 0
 0.975433 0.0193895 0.00387452 0.00125025 5.28907e-05
 0.303575 0.632131 0.0575291 0.00676475 0
 0.966965 0.00978017 0.0227588 0.000495775 0
 0.843318 0.132988 0.00938335 0.0141283 0.000182051
 0.564624 0.303363 0.111486 0.0197234 0.00080311
 0.826376 0.0876187 0.0782897 0.00655872 0.00115652
 0.89761 0.0855135 0.0140674 0.00269457 0.000114338
 0.34875 0.467042 0.161289 0.0227151 0.000203297
 0.318654 0.224769 0.449479 0.00709798 0
 0.937255 0.0296025 0.0250945 0.00804832 0
ppred_RECLAS
 0.617984 0.24148 0.0888355 0.0326807 0.0190194
 0.171927 0.640558 0.118532 0.0436056 0.0253774
 0.399492 0.185625 0.320933 0.0593872 0.034562
 0.641258 0.210917 0.0456947 0.079003 0.0231271
 0.583479 0.334949 0.0479587 0.0103901 0.0232225
 0.664447 0.250263 0.0685865 0.00982035 0.00688275
 0.446645 0.44999 0.0770921 0.0211277 0.0051453
 0.339986 0.436427 0.181822 0.0311496 0.0106158
 0.400613 0.308641 0.192253 0.080095 0.0183983
 0.713696 0.172717 0.0584894 0.036433 0.0186651
 0.783642 0.185095 0.0188599 0.0063868 0.00601649
 0.610455 0.343695 0.0392251 0.00399677 0.00262849
 0.552752 0.349437 0.0862983 0.00984903 0.00166354
 0.58979 0.30249 0.084162 0.020785 0.0027728
 0.703999 0.230836 0.0480527 0.0133697 0.00374232
 0.84128 0.133641 0.0195577 0.0040713 0.00144983
 0.444265 0.513033 0.0359546 0.00526177 0.00148539
 0.760816 0.150364 0.0819951 0.00574642 0.00107836
 0.542975 0.398759 0.036629 0.0199742 0.00166253
 0.490853 0.368692 0.122548 0.0112569 0.00664946
 0.624938 0.253968 0.0876886 0.0291464 0.0042588
 0.593251 0.31748 0.0604472 0.0208708 0.00795079
 0.254694 0.56714 0.139064 0.0264773 0.0126245
 0.645366 0.148128 0.157141 0.0385312 0.0108342
 0.47961 0.412424 0.0450965 0.0478406 0.015029
 0.359213 0.42182 0.173537 0.0189754 0.0264539
 0.6426 0.192037 0.108856 0.0447834 0.0117236
 0.55645 0.350467 0.0500149 0.0283509 0.0147169
 0.248527 0.543461 0.164358 0.0234554 0.0201974
 0.360775 0.259309 0.274753 0.0830934 0.0220692
 0.778285 0.120025 0.0412517 0.0437087 0.0167296
pobs_PELACES
 0 0 0 0 0
 0 0 0 0 0
 0 0 0 0 0
 0 0 0 0 0
 0 0 0 0 0
 0 0 0 0 0
 0 0 0 0 0
 0 0 0 0 0
 0 0 0 0 0
 0 0 0 0 0
 0 0 0 0 0
 0 0 0 0 0
 0 0 0 0 0
 0 0 0 0 0
 0 0 0 0 0
 0 0 0 0 0
 0.505614 0.472636 0.0217494 0 0
 0 0 0 0 0
 0.443492 0.261883 0.143347 0.151278 0
 0.227955 0.32914 0.350689 0.0885471 0.00366901
 0.970185 0.0296113 0.000203453 0 0
 0.997202 0.00247181 0.000326279 0 0
 0.445219 0.490057 0.0546422 0.010081 0
 0.90214 0.0892962 0.00764917 0.000914606 0
 0 0 0 0 0
 0.581667 0.319106 0.0959925 0.00289975 0.000334073
 0.762889 0.0836404 0.116647 0.0363945 0.000428098
 0.88444 0.0763242 0.0277011 0.0115352 0
 0.521256 0.241999 0.230069 0.00667565 0
 0.616807 0.101726 0.260614 0.0208532 0
 0.833518 0.0704572 0.0857862 0.0102388 0
ppred_PELACES
 0.626413 0.236152 0.0868754 0.0319597 0.0185998
 0.179052 0.635046 0.117512 0.0432304 0.0251591
 0.410605 0.18219 0.314994 0.0582882 0.0339224
 0.662008 0.198718 0.0430517 0.0744334 0.0217894
 0.590877 0.329 0.047107 0.0102056 0.0228101
 0.678227 0.239986 0.06577 0.00941708 0.00660011
 0.477791 0.424662 0.072753 0.0199385 0.00485569
 0.344434 0.433486 0.180596 0.0309397 0.0105442
 0.421194 0.298044 0.185651 0.0773448 0.0177665
 0.736303 0.159079 0.0538709 0.0335562 0.0171912
 0.787445 0.181841 0.0185284 0.00627453 0.00591072
 0.630795 0.325749 0.0371769 0.00378808 0.00249124
 0.573463 0.333256 0.082302 0.00939294 0.0015865
 0.622632 0.278272 0.0774238 0.0191209 0.00255081
 0.719377 0.218844 0.0455563 0.0126752 0.0035479
 0.852003 0.124613 0.0182364 0.00379625 0.00135188
 0.4536 0.504416 0.0353507 0.00517339 0.00146044
 0.769478 0.144919 0.0790258 0.00553832 0.00103931
 0.559237 0.384571 0.0353256 0.0192634 0.00160337
 0.504727 0.358646 0.119209 0.0109502 0.00646827
 0.634946 0.247191 0.0853486 0.0283686 0.00414515
 0.607081 0.306686 0.058392 0.0201612 0.00768047
 0.260796 0.562497 0.137925 0.0262605 0.0125212
 0.652636 0.145091 0.15392 0.0377413 0.0106121
 0.486882 0.406661 0.0444664 0.0471721 0.014819
 0.364575 0.418291 0.172085 0.0188166 0.0262325
 0.649537 0.18831 0.106743 0.0439141 0.011496
 0.563029 0.345269 0.049273 0.0279303 0.0144986
 0.252418 0.540647 0.163507 0.023334 0.0200929
 0.367595 0.256542 0.271822 0.0822069 0.0218338
 0.783576 0.117161 0.0402673 0.0426657 0.0163304
pobs_pel_tallas
 0 0 0 0 0 0 0 0 0 0 0 0 0 0 0 0 0 0 0 0 0 0 0 0 0 0
 0 0 0 0 0 0 0 0 0 0 0 0 0 0 0 0 0 0 0 0 0 0 0 0 0 0
 0 0 0 0 0 0 0 0 0 0 0 0 0 0 0 0 0 0 0 0 0 0 0 0 0 0
 0 0 0 0 0 0 0 0 0 0 0 0 0 0 0 0 0 0 0 0 0 0 0 0 0 0
 0 0 0 0 0 0 0 0 0 0 0 0 0 0 0 0 0 0 0 0 0 0 0 0 0 0
 0 0 0 0 0 0 0 0 0 0 0 0 0 0 0 0 0 0 0 0 0 0 0 0 0 0
 0 0 0 0 0 0 0 0 0 0 0 0 0 0 0 0 0 0 0 0 0 0 0 0 0 0
 0 0 0 0 0 0 0 0 0 0 0 0 0 0 0 0 0 0 0 0 0 0 0 0 0 0
 0 0 0 0 0 0 0 0 0 0 0 0 0 0 0 0 0 0 0 0 0 0 0 0 0 0
 0 0 0 0 0 0 0 0 0 0 0 0 0 0 0 0 0 0 0 0 0 0 0 0 0 0
 0 0 0 0 0 0 0 0 0 0 0 0 0 0 0 0 0 0 0 0 0 0 0 0 0 0
 0 0 0 0 0 0 0 0 0 0 0 0 0 0 0 0 0 0 0 0 0 0 0 0 0 0
 0.00862536 0 0 0.000197151 0.00414017 0.0128641 0.00837892 0.0270097 0.101434 0.158115 0.152841 0.127902 0.109271 0.109419 0.0830992 0.0579132 0.0238553 0.00714673 0.00463305 0.00128148 0.00103504 0.000492878 0.000147863 0.000147863 4.92878e-05 0
 0 0 0 0 0 0 0 0 0 0 0 0 0 0 0 0 0 0 0 0 0 0 0 0 0 0
 0 0 0 0 0 0 0 0.0054083 0.00873648 0.0413646 0.0450493 0.0745869 0.0622846 0.0627006 0.0613931 0.0827291 0.12552 0.122667 0.0946155 0.0697135 0.0546179 0.0294188 0.0215738 0.0213955 0.0102223 0.00600262
 0 0 0 0 0.00359764 0.0251062 0.0480494 0.140153 0.205849 0.193036 0.1447 0.116669 0.0760912 0.0342217 0.00950174 0.001854 0.000860785 0 0 0 0.000165536 0 0.000143464 0 0 0
 0 0 0 0 0 0 0 0.000145254 0.000435761 0.0275982 0.070085 0.0708112 0.156366 0.174668 0.174014 0.160142 0.0824315 0.0480064 0.0283245 0.00493863 0.00203355 0 0 0 0 0
 0 0 0 0 0 0 0 0 0 0 0 0 0 0 0 0 0 0 0 0 0 0 0 0 0 0
 0 0 1.00437e-05 0.000401748 0.00122533 0.00171747 0.00176769 0.0269171 0.070346 0.194647 0.189555 0.159765 0.064822 0.0314167 0.0384472 0.0292271 0.0345202 0.0313363 0.0194345 0.0106764 0.0143323 0.0359363 0.0279516 0.0138201 0.00172751 0
 0 0.0021121 0.0136068 0.0755702 0.200478 0.177729 0.0527432 0.0373336 0.0318909 0.0142505 0.0149659 0.0166563 0.0217959 0.0798694 0.0677717 0.0528807 0.04013 0.0224614 0.0357745 0.0225083 0.00881397 0.00855152 0.00135912 0.000746735 0 0
 0 0 0 0 5.4009e-05 0.00500934 0.000945158 0.0243581 0.138947 0.33067 0.221406 0.137944 0.0707744 0.0437923 0.0131692 0.00525238 0.0047753 0.00276346 9.45158e-05 9.00151e-06 2.25038e-05 9.00151e-06 4.50075e-06 0 0 0
 0.000866109 0.00284123 0.00948549 0.0512746 0.133035 0.25785 0.225252 0.132002 0.0553304 0.0519788 0.0540692 0.017754 0.00435017 0.00159236 0.00146478 0.000404838 0.000125132 0.000115318 0.000107957 0.000100596 0 0 0 0 0 0
 0 0 0 0 0.00144013 0.00171154 0.00461396 0.0210425 0.0478622 0.0707936 0.0888783 0.103762 0.0637923 0.0337046 0.0602308 0.124433 0.169614 0.0934646 0.0462172 0.0250306 0.0313229 0.00938855 0.002487 0.000210481 0 0
 0 0.00764035 0.051015 0.0998891 0.058973 0.0496711 0.0374665 0.0718981 0.12319 0.153886 0.159021 0.0857701 0.0377988 0.023471 0.0147837 0.00900784 0.00315554 0.000888139 0.00291439 0.00214683 0.00393193 0.00274676 0.000635225 9.99891e-05 0 0
 0 0 0 0 0 0 0 0 0 0 0 0 0 0 0 0 0 0 0 0 0 0 0 0 0 0
 0 0 0 0 0 0 0 0 0 0 0 0 0 0 0 0 0 0 0 0 0 0 0 0 0 0
 0 0 0 0 0 0 0 0 0 0 0 0 0 0 0 0 0 0 0 0 0 0 0 0 0 0
 0 0 0 0 0 0 0 0 0 0 0 0 0 0 0 0 0 0 0 0 0 0 0 0 0 0
 0 0 0 0 0 0 0 0 0 0 0 0 0 0 0 0 0 0 0 0 0 0 0 0 0 0
 0 0 0 0 0 0 0 0 0 0 0 0 0 0 0 0 0 0 0 0 0 0 0 0 0 0
 0 0 0 0 0 0 0 0 0 0 0 0 0 0 0 0 0 0 0 0 0 0 0 0 0 0
ppred_pel_tallas
 1.08921e-16 5.15969e-05 0.00050154 0.00333291 0.0151509 0.0471403 0.100438 0.146597 0.14662 0.10055 0.0475157 0.0162365 0.00606254 0.00647613 0.0114453 0.0189639 0.0276083 0.0353486 0.040151 0.0410967 0.0388972 0.0353146 0.0319708 0.0295023 0.0275693 0.0254575
 1.12147e-16 1.47484e-05 0.00014336 0.000952679 0.00433078 0.013475 0.0287122 0.0419191 0.0419803 0.0290115 0.0144804 0.00723534 0.00824635 0.016075 0.0303003 0.0501455 0.0724192 0.0914692 0.101542 0.100013 0.0889352 0.073583 0.0591947 0.0484723 0.0412908 0.036058
 1.20723e-16 3.3821e-05 0.000328752 0.00218468 0.00993123 0.0308998 0.0658361 0.0960934 0.0961114 0.0659244 0.0311978 0.0107979 0.0043831 0.00520415 0.00951727 0.0162679 0.0248083 0.03409 0.0430037 0.0509746 0.0580724 0.0644476 0.0696279 0.0724093 0.0714969 0.0663575
 1.12446e-16 5.45287e-05 0.000530039 0.0035223 0.0160119 0.0498189 0.106145 0.154926 0.154945 0.106239 0.0501343 0.0169234 0.00581328 0.00554142 0.00960338 0.0158769 0.0230836 0.0295213 0.0335326 0.0344568 0.0330564 0.0309798 0.0296686 0.0295529 0.0300279 0.0300343
 1.06328e-16 4.86698e-05 0.000473088 0.00314384 0.0142914 0.0444662 0.0947411 0.138284 0.138316 0.094896 0.0449865 0.0157945 0.00691698 0.00871097 0.0156974 0.0258839 0.0373083 0.0469789 0.0518863 0.0506652 0.0444169 0.0359598 0.0281296 0.0224436 0.0189021 0.0166593
 1.04021e-16 5.58647e-05 0.000543025 0.00360859 0.0164041 0.0510395 0.108746 0.158723 0.158746 0.108859 0.0514201 0.017504 0.0063717 0.00658299 0.0115505 0.0190687 0.0276077 0.0350179 0.0391356 0.0389487 0.0351648 0.0296635 0.0243013 0.0200215 0.0167915 0.0141244
 1.0503e-16 3.93551e-05 0.000382546 0.00254215 0.0115563 0.0359561 0.0766098 0.111823 0.111864 0.0768099 0.0366281 0.0134975 0.00741594 0.0110257 0.0202632 0.0334647 0.0482688 0.0608375 0.0672763 0.0657826 0.0576995 0.0465602 0.0359296 0.0277348 0.0220528 0.0179803
 1.1021e-16 2.83707e-05 0.000275773 0.00183261 0.0083308 0.0259204 0.0552278 0.0806154 0.0806574 0.055433 0.0266099 0.0103247 0.00684684 0.0112526 0.0209653 0.03485 0.0507489 0.0649652 0.0737096 0.075185 0.0705437 0.0628684 0.055069 0.0484155 0.0425906 0.0367333
 1.16197e-16 3.46932e-05 0.000337231 0.00224102 0.0101874 0.0316968 0.0675344 0.0985746 0.0986035 0.0676761 0.0321733 0.0115669 0.00571624 0.00796481 0.0146425 0.0244735 0.0360114 0.0468987 0.0547414 0.0584509 0.058793 0.0576011 0.0563264 0.0551413 0.053175 0.0494378
 1.0787e-16 6.06483e-05 0.000589524 0.00391759 0.0178088 0.0554099 0.118057 0.172311 0.172327 0.118132 0.0556628 0.01854 0.00575606 0.00461363 0.0077353 0.0127782 0.0186093 0.0238528 0.0271607 0.0279495 0.0267409 0.0247546 0.023083 0.0221012 0.021472 0.0205759
 1.02211e-16 6.48608e-05 0.000630471 0.0041897 0.0190458 0.0592586 0.126257 0.18428 0.184297 0.126343 0.0595459 0.0198756 0.00627217 0.005175 0.00869137 0.0142548 0.0205031 0.0257326 0.0282566 0.027306 0.0234914 0.0183961 0.0136357 0.0101098 0.00787676 0.00651041
 1.01958e-16 5.19578e-05 0.000505049 0.00335623 0.0152569 0.0474702 0.101141 0.147625 0.147657 0.101295 0.0479849 0.0167436 0.00708703 0.00864664 0.0155061 0.0255304 0.0367197 0.0460624 0.0505189 0.0486779 0.0415916 0.0320608 0.0229726 0.0159814 0.0112897 0.00826774
 1.03671e-16 4.72355e-05 0.000459145 0.00305118 0.0138703 0.0431557 0.091949 0.134209 0.134241 0.0921062 0.0436838 0.0153963 0.00688419 0.00883496 0.0159787 0.0264039 0.0381758 0.048304 0.0537532 0.0530922 0.0473 0.0390179 0.0308933 0.0243324 0.0193907 0.0154699
 1.04655e-16 5.12855e-05 0.000498513 0.00331279 0.0150595 0.0468558 0.0998323 0.145714 0.145741 0.0999637 0.0472972 0.016335 0.00651761 0.00750471 0.0133869 0.0221273 0.0320509 0.0406834 0.0455251 0.0454085 0.0411518 0.03492 0.0288374 0.0239613 0.0202223 0.0170421
 1.03243e-16 5.92542e-05 0.000575972 0.00382754 0.0173994 0.0541362 0.115344 0.168352 0.168373 0.115447 0.0544828 0.0184008 0.00634233 0.00606984 0.0105051 0.0173048 0.0249965 0.0315902 0.0350944 0.0345883 0.0307515 0.0253664 0.0202106 0.0162138 0.0133693 0.0111993
 1.01168e-16 7.01783e-05 0.000682159 0.00453318 0.0206072 0.0641167 0.136608 0.199386 0.199398 0.136667 0.0643138 0.0211764 0.00596205 0.0038015 0.00599474 0.00980033 0.0141128 0.0177507 0.0195592 0.0190043 0.016484 0.0130504 0.00977542 0.00725428 0.00553368 0.00435892
 1.01916e-16 3.73625e-05 0.000363177 0.00241344 0.0109712 0.0341357 0.0727315 0.106164 0.106212 0.0729687 0.0349321 0.0132706 0.00818241 0.012947 0.0239072 0.0393875 0.0565545 0.0707355 0.0771887 0.0737202 0.0620043 0.0464855 0.0317827 0.0205989 0.013327 0.00897861
 1.03049e-16 6.33809e-05 0.000616085 0.0040941 0.0186112 0.0579064 0.123376 0.180074 0.180088 0.123445 0.0581375 0.0192797 0.00577647 0.00430299 0.00710716 0.0117575 0.0171819 0.022126 0.0253341 0.0261909 0.0250235 0.0227638 0.020274 0.0179037 0.0155501 0.0130158
 1.03321e-16 4.60637e-05 0.000447756 0.00297549 0.0135262 0.0420852 0.0896683 0.130881 0.130918 0.0898493 0.0426928 0.0152807 0.00737823 0.0100547 0.0182792 0.0301147 0.0433042 0.054307 0.0595485 0.0573902 0.0491152 0.0380717 0.0276871 0.0198869 0.0148301 0.0116607
 1.05725e-16 4.15737e-05 0.000404112 0.00268547 0.0122078 0.0379831 0.0809282 0.118124 0.118159 0.0810977 0.0385524 0.0138536 0.00682176 0.0094504 0.017271 0.0286136 0.0415092 0.0528088 0.0593007 0.0594596 0.0542802 0.04646 0.0386432 0.032145 0.0269073 0.0222922
 1.06073e-16 5.22997e-05 0.000508372 0.00337831 0.0153573 0.0477825 0.101807 0.148595 0.148619 0.101923 0.0481752 0.0164926 0.00623224 0.0067525 0.0119523 0.0197852 0.0287516 0.036695 0.0414432 0.0419885 0.0390424 0.0344488 0.0299561 0.0263383 0.0233919 0.0205322
 1.05086e-16 5.00045e-05 0.000486062 0.00323005 0.0146834 0.0456855 0.097339 0.142075 0.142105 0.0974836 0.0461711 0.0160862 0.00675269 0.00818071 0.0146775 0.0242229 0.0349779 0.0441758 0.0490292 0.0482584 0.0428394 0.0353024 0.0281685 0.0227506 0.0190184 0.0162506
 1.08877e-16 2.14815e-05 0.000208808 0.00138761 0.00630789 0.0196265 0.0418183 0.0610464 0.0611007 0.0420837 0.0205179 0.00888395 0.00785843 0.0143498 0.0269224 0.0445907 0.0645047 0.0816863 0.0910499 0.0902246 0.0809064 0.0675776 0.054686 0.0445235 0.037044 0.0310724
 1.1006e-16 5.37568e-05 0.000522535 0.00347243 0.0157852 0.0491136 0.104642 0.152731 0.152746 0.104712 0.0493476 0.0164639 0.00518696 0.00430095 0.00733438 0.0123148 0.018379 0.0244667 0.0295071 0.0329794 0.035112 0.0364815 0.0373746 0.0374973 0.0362449 0.0332304
 1.08626e-16 4.01039e-05 0.000389824 0.00259052 0.0117761 0.0366402 0.0780672 0.11395 0.113989 0.0782587 0.0372831 0.0136332 0.0072519 0.0105658 0.0193672 0.0319602 0.0460573 0.0579834 0.0640414 0.0625858 0.0550332 0.0449147 0.035738 0.02931 0.0254931 0.0230807
 1.114e-16 3.00296e-05 0.000291899 0.00193977 0.00881795 0.0274361 0.0584571 0.0853283 0.0853688 0.058655 0.0281014 0.0107417 0.00677731 0.0108813 0.0202263 0.0336132 0.0489387 0.0626321 0.0710399 0.0724408 0.0679739 0.0606535 0.0533295 0.0472515 0.0420986 0.0369753
 1.09478e-16 5.35015e-05 0.000520054 0.00345594 0.0157102 0.0488804 0.104146 0.152007 0.152026 0.104235 0.0491811 0.0165805 0.00564745 0.00532717 0.00925125 0.0153895 0.0225899 0.0293123 0.0340179 0.0360081 0.0357843 0.0345581 0.0333286 0.0322929 0.0309642 0.0287327
 1.06765e-16 4.6376e-05 0.000450792 0.00299567 0.0136179 0.0423705 0.0902761 0.131768 0.131801 0.0904388 0.0429167 0.0151956 0.00695642 0.00909915 0.0164775 0.0271855 0.0392042 0.0494104 0.0546619 0.0535411 0.0472088 0.0386073 0.0306701 0.0249246 0.0213028 0.018873
 1.10598e-16 2.07915e-05 0.000202101 0.00134303 0.00610526 0.018996 0.040475 0.0590853 0.0591376 0.0407303 0.0198539 0.00858481 0.00757379 0.0138262 0.0259612 0.0430577 0.0624251 0.0793404 0.0889709 0.0890543 0.081165 0.0694702 0.0580452 0.0488978 0.0418645 0.0358135
 1.19849e-16 3.02783e-05 0.000294316 0.00195584 0.00889096 0.0276632 0.0589403 0.0860304 0.0860555 0.0590633 0.0280771 0.0100916 0.00498887 0.0069797 0.0129165 0.0218035 0.0325768 0.0434367 0.0525269 0.0589667 0.0631938 0.0662359 0.0685624 0.0695608 0.0680263 0.0631324
 1.08235e-16 6.45421e-05 0.000627373 0.00416911 0.0189522 0.0589673 0.125637 0.183373 0.183384 0.125692 0.0591537 0.0194913 0.00552522 0.00359744 0.00573455 0.00945772 0.0138121 0.0177972 0.0204594 0.0214154 0.0210864 0.0203759 0.0200383 0.0202364 0.020561 0.0203922
pSPR Fmed_Fpbrs
0.645057   0.285572 0.285572
Fs Fmed_Fpbrs
0.286527   1.005 1.005
SSBpbr Bo_Bmed_Bpbrs
1.84782e+06  1.09956e+06  435296 435296
Ro
182859
SPR SPRFo_SPRFmed_SPRFpbrs
1.30706e+06 843130 373261
Fref
1.005
Nvult_r0
 296842 25068.1 8615.73 9128.89 3494.11
CTP_r0
 25436.4 3957.08 1360.02 1441.02 551.556
YTP_r0
391231
Np
 274544 149516 11001.1 3781.02 5228.12
Nvult_p0
 213438 129382 9519.72 3271.86 4524.1
CTP_p0
 71382.8 64852.2 4771.73 1640.01 2267.69
YTP_p0
 1.81926e+06
CBA_c0
819640
log_Ro
11.9365
likeval ReclasPelacesDesembMPH_pf_preclas_ppelaces_ptallas_desvR_qrecl_qpela
 16.8298 22.1233 0.586779 0.00290974 249.85 136.228 104.939 0 27.5865 0 0 2.29108 0 0 0
q_reclas_q_pelaces
1 1
M
1
N
 390414 80536.8 29627.8 10899.5 6343.24
 64187 128837 23840.7 8770.49 5104.22
 81638.3 20339.3 35165.3 6507.18 3787.03
 138261 26116.2 5658 9782.29 2863.64
 128255 38555.1 5520.39 1195.98 2673.08
 207784 43014.8 11788.5 1687.9 1183
 103857 63258.8 10837.5 2970.09 723.317
 39515 26132.9 10887.3 1865.21 635.663
 31246.8 13691.8 8528.63 3553.14 816.176
 61824.7 8883.8 3008.44 1873.96 960.051
 131969 16127.9 1643.32 556.5 524.233
 141293 45338.4 5174.37 527.234 346.736
 111404 40004.9 9879.75 1127.55 190.448
 100518 31754 8834.94 2181.91 291.076
 132675 24367.6 5072.56 1411.34 395.048
 432030 38890.7 5691.46 1184.78 421.912
 202392 123736 8671.74 1269.06 358.256
 624720 66411 36214.6 2538.01 476.277
 489542 198587 18241.6 9947.36 827.958
 361223 147563 49047.8 4505.41 2661.34
 517936 112316 38779.8 12889.8 1883.43
 572934 167292 31852 10997.6 4189.58
 151472 176995 43399.4 8263.12 3939.91
 420010 50589.6 53668 13159.5 3700.17
 312160 140270 15337.8 16271.1 5111.51
 172877 105138 43253.9 4729.6 6593.6
 378887 59277.2 33601.2 13823.5 3618.78
 387729 127142 18144.3 10285.1 5338.96
 116599 131552 39785.1 5677.69 4889.05
 107199 40282.9 42682.2 12908.3 3428.4
 446358 36069.2 12396.8 13135.1 5027.5
pred_Ctot
 25637.5 10121.7 3723.55 1369.82 797.202
 5694.16 21532.6 3984.5 1465.81 853.07
 6807.55 3206.95 5544.6 1026 597.109
 21630.8 7343.27 1590.9 2750.56 805.191
 7215.8 4178.01 598.216 129.602 289.667
 23000.6 8835.6 2421.46 346.71 242.997
 21394.8 22608.8 3873.34 1061.52 258.515
 1459 1882.88 784.432 134.389 45.7996
 4581.96 3633.39 2263.24 942.895 216.588
 11690 2949.85 998.949 622.245 318.783
 5547.34 1318.37 134.333 45.4911 42.8535
 21017.5 12186.7 1390.85 141.718 93.2011
 16191.1 10531.5 2600.9 296.835 50.1366
 22413.2 12134.6 3376.22 833.803 111.233
 17359.3 5834.01 1214.46 337.899 94.5811
 61726.5 10082.2 1475.48 307.148 109.378
 13953.3 16290 1141.64 167.073 47.1646
 54314.5 10891.1 5939.01 416.22 78.107
 56809.9 42605.4 3913.62 2134.14 177.633
 35834.3 27380.5 9100.87 835.982 493.813
 40369.5 16614.8 5736.64 1906.78 278.613
 58868.8 32072.6 6106.53 2108.42 803.209
 8891.17 19977.9 4898.62 932.682 444.709
 24668.9 5713.51 6061.18 1486.21 417.892
 16786.1 14552.8 1591.28 1688.11 530.314
 7467.27 8824.62 3630.45 396.972 553.423
 21195.5 6388.45 3621.28 1489.8 390.005
 19174.7 12166.5 1736.27 984.203 510.898
 4510.1 9917.9 2999.46 428.05 368.593
 5827.97 4223.62 4475.18 1353.42 359.463
 25436.4 3957.08 1360.02 1441.02 551.556
F
 0.108661 0.217322 0.217322 0.217322 0.217322
 0.149243 0.298487 0.298487 0.298487 0.298487
 0.139744 0.279487 0.279487 0.279487 0.279487
 0.277052 0.554105 0.554105 0.554105 0.554105
 0.0924807 0.184961 0.184961 0.184961 0.184961
 0.189266 0.378533 0.378533 0.378533 0.378533
 0.379818 0.759637 0.759637 0.759637 0.759637
 0.0598827 0.119765 0.119765 0.119765 0.119765
 0.257688 0.515376 0.515376 0.515376 0.515376
 0.343755 0.687511 0.687511 0.687511 0.687511
 0.068415 0.13683 0.13683 0.13683 0.13683
 0.261834 0.523668 0.523668 0.523668 0.523668
 0.255144 0.510288 0.510288 0.510288 0.510288
 0.417087 0.834174 0.834174 0.834174 0.834174
 0.227144 0.454287 0.454287 0.454287 0.454287
 0.250343 0.500686 0.500686 0.500686 0.500686
 0.114345 0.22869 0.22869 0.22869 0.22869
 0.146078 0.292156 0.292156 0.292156 0.292156
 0.199215 0.398429 0.398429 0.398429 0.398429
 0.168179 0.336357 0.336357 0.336357 0.336357
 0.130109 0.260218 0.260218 0.260218 0.260218
 0.174649 0.349297 0.349297 0.349297 0.349297
 0.0966527 0.193305 0.193305 0.193305 0.193305
 0.0967136 0.193427 0.193427 0.193427 0.193427
 0.0882388 0.176478 0.176478 0.176478 0.176478
 0.0703577 0.140715 0.140715 0.140715 0.140715
 0.0919348 0.18387 0.18387 0.18387 0.18387
 0.080905 0.16181 0.16181 0.16181 0.16181
 0.0628098 0.12562 0.12562 0.12562 0.12562
 0.0892468 0.178494 0.178494 0.178494 0.178494
 0.0937206 0.187441 0.187441 0.187441 0.187441
nmprior
 8.19 8.8 8.5 0
nm_flota  nm_reclas  nm_pelaces    nm_pelaL
inf 6.96578 9.07268 17.5815
cv_recla  cv_pelaces  cv_mph
0.371077 0.533331 1.66469
 ------------------------------------------------
Talla a la edad & desviaci?n 
 8 13.2811 15.8009 17.003 17.5766
 0.8 1.32811 1.58009 1.7003 1.75766
