years
 1991 1992 1993 1994 1995 1996 1997 1998 1999 2000 2001 2002 2003 2004 2005 2006 2007 2008 2009 2010 2011 2012 2013 2014 2015 2016 2017 2018 2019 2020 2021
reclasobs
 0 0 0 0 0 0 0 0 0 252601 567819 844713 477998 351125 339783 2.1784e+06 2.13404e+06 4.81314e+06 1.55562e+06 2.62356e+06 3.21686e+06 3.843e+06 1.13348e+06 3.07943e+06 1.97215e+06 2.03268e+06 2.025e+06 2.42433e+06 2.27542e+06 1.05018e+06 2.36338e+06
reclaspred
 2.70235e+06 1.04398e+06 550349 282969 57737.5 928974 308661 82781.5 360988 148280 261712 479836 430967 295186 231829 1.16856e+06 813336 3.31924e+06 2.45996e+06 1.1662e+06 2.3896e+06 2.21489e+06 1.34193e+06 2.54016e+06 1.69643e+06 1.09334e+06 1.65549e+06 2.32246e+06 1.72169e+06 722017 1.02114e+06
pelacesobs
 0 0 0 0 0 0 0 0 0 0 0 0 0 0 0 552880 188675 0 991730 2.46772e+06 1.41603e+06 1.21717e+06 2.29649e+06 1.80582e+06 0 1.4828e+06 1.56532e+06 1.57751e+06 1.42118e+06 867257 1.10002e+06
pelacespred
 1.32347e+06 540669 249675 82180 17059.7 408085 94805 33955.1 149505 50681 116511 180057 175670 119378 93903.8 447225 311887 1.57358e+06 1.14789e+06 530577 1.04046e+06 968724 591302 1.28313e+06 819382 521680 910571 1.24176e+06 766965 379690 493745
mphobs
 0 0 0 0 0 0 0 0 0 0 0 498337 0 5186 125008 0 168611 109162 213762 579715 649985 157893 87575 83554 0 0 0 0 0 0 0
mphpred
 2.87728e+06 1.41127e+06 409644 295271 88069.4 16209.7 462124 95617.9 32000 171075 46273.7 170280 249318 174233 90178.6 93404.4 744741 463998 1.98454e+06 1.21938e+06 759051 1.23058e+06 1.3123e+06 803528 1.42653e+06 989526 578769 856021 1.61727e+06 900613 341682
desembarqueobs
 494567 514787 250237 358949 120608 361735 552515 73892 212993 205616 52469 317467 293654 387597 252695 516296 358380 742168 942051 627588 828172 859565 418607 520667 417249 300574 407403 355545 319650 289779 391294
desembarquepred
 494539 514977 249391 358813 120534 361543 551730 73860 212849 205418 52461.5 317247 293418 387052 252453 515990 358273 741841 941059 626726 827755 858945 418416 520510 417042 300408 407229 355422 319519 289595 391124
Reclutas
 13598.9 8517.61 188048 14256.3 5592.4 282317 9402.4 2287.41 68565.4 12916.8 73373.3 146551 87718.9 68035.1 51219.1 440291 16812.8 909875 286674 105253 441868 586223 22009.6 343818 193158 44925.7 263830 352041 27450.1 12958.6 176582
log_desv_Rt
 -1.60833 -2.07618 1.01838 -1.56111 -2.49691 1.42472 -1.97735 -3.39089 0.00947303 -1.65979 0.0772456 0.769056 0.255823 0.00170969 -0.282201 1.86912 -1.39617 2.59499 1.44003 0.438053 1.8727 2.15539 -1.12684 1.6218 1.04519 -0.413306 1.35699 1.64543 -0.905943 -1.65655 0.955472
SSB
 2.87728e+06 1.41127e+06 409644 295271 88069.4 16209.7 462124 95617.9 32000 171075 46273.7 170280 249318 174233 90178.6 93404.4 744741 463998 1.98454e+06 1.21938e+06 759051 1.23058e+06 1.3123e+06 803528 1.42653e+06 989526 578769 856021 1.61727e+06 900613 341682
BT
 3.50417e+06 1.80563e+06 818570 456532 148293 1.26261e+06 706126 148873 535332 301116 313106 677208 668081 678148 469163 1.43948e+06 1.00247e+06 4.29733e+06 3.53414e+06 1.83723e+06 3.10982e+06 3.00539e+06 1.72661e+06 3.45261e+06 2.28179e+06 1.48139e+06 2.52925e+06 3.21445e+06 2.03471e+06 1.18592e+06 1.52318e+06
Ftot
 0.173433 0.454038 0.463095 1.08717 1.63775 0.442005 1.42954 0.803397 0.648934 1.19324 0.225688 0.683024 0.675617 1.24482 1.09031 0.493122 0.412178 0.251213 0.376393 0.51172 0.367294 0.401172 0.294724 0.222477 0.244929 0.266657 0.266917 0.167217 0.176858 0.376056 0.413201
BD_Bspro_t
 0.972632 0.782383 0.49985 0.447779 0.168266 0.0513197 0.472532 0.139639 0.0759406 0.318867 0.153375 0.501113 0.431557 0.304068 0.178899 0.191218 0.52401 0.404851 0.676671 0.529343 0.383462 0.498476 0.536769 0.455526 0.623832 0.595733 0.534333 0.653226 0.760211 0.639934 0.458653
BD_Bspro
 5.92668 2.90695 0.843792 0.608205 0.181407 0.033389 0.951892 0.196956 0.0659142 0.352384 0.0953155 0.350747 0.513549 0.358888 0.185752 0.192396 1.53403 0.955752 4.0878 2.5117 1.56351 2.53478 2.70311 1.65512 2.93839 2.03824 1.19216 1.76325 3.33129 1.8551 0.703803
BD_Bo
 1.62063 0.794896 0.230732 0.166312 0.0496052 0.00913011 0.260292 0.0538569 0.018024 0.0963583 0.0260637 0.0959106 0.140428 0.0981369 0.0507932 0.0526101 0.419476 0.261347 1.1178 0.686816 0.427536 0.693126 0.739156 0.452588 0.803493 0.557351 0.325992 0.482155 0.910931 0.507271 0.192452
BD_Brms
 10.2297 5.01752 1.45642 1.04979 0.313116 0.0576307 1.643 0.339953 0.11377 0.608229 0.164518 0.605403 0.886407 0.619456 0.320615 0.332083 2.6478 1.64967 7.05571 4.33529 2.69868 4.37513 4.66567 2.85681 5.07178 3.51809 2.05771 3.04344 5.74994 3.20198 1.21479
Sel_flota
 0.813353 1 1 1 1
 0.813353 1 1 1 1
 0.813353 1 1 1 1
 0.813353 1 1 1 1
 0.813353 1 1 1 1
 0.813353 1 1 1 1
 0.813353 1 1 1 1
 0.813353 1 1 1 1
 0.813353 1 1 1 1
 0.813353 1 1 1 1
 0.813353 1 1 1 1
 0.813353 1 1 1 1
 0.813353 1 1 1 1
 0.813353 1 1 1 1
 0.813353 1 1 1 1
 0.813353 1 1 1 1
 0.813353 1 1 1 1
 0.813353 1 1 1 1
 0.813353 1 1 1 1
 0.813353 1 1 1 1
 0.813353 1 1 1 1
 0.813353 1 1 1 1
 0.813353 1 1 1 1
 0.813353 1 1 1 1
 0.813353 1 1 1 1
 0.813353 1 1 1 1
 0.813353 1 1 1 1
 0.813353 1 1 1 1
 0.813353 1 1 1 1
 0.813353 1 1 1 1
 0.813353 1 1 1 1
Sel_reclas
 1 1 1 1 1
 1 1 1 1 1
 1 1 1 1 1
 1 1 1 1 1
 1 1 1 1 1
 1 1 1 1 1
 1 1 1 1 1
 1 1 1 1 1
 1 1 1 1 1
 1 1 1 1 1
 1 1 1 1 1
 1 1 1 1 1
 1 1 1 1 1
 1 1 1 1 1
 1 1 1 1 1
 1 1 1 1 1
 1 1 1 1 1
 1 1 1 1 1
 1 1 1 1 1
 1 1 1 1 1
 1 1 1 1 1
 1 1 1 1 1
 1 1 1 1 1
 1 1 1 1 1
 1 1 1 1 1
 1 1 1 1 1
 1 1 1 1 1
 1 1 1 1 1
 1 1 1 1 1
 1 1 1 1 1
 1 1 1 1 1
Sel_pelaces
 1 1 1 1 1
 1 1 1 1 1
 1 1 1 1 1
 1 1 1 1 1
 1 1 1 1 1
 1 1 1 1 1
 1 1 1 1 1
 1 1 1 1 1
 1 1 1 1 1
 1 1 1 1 1
 1 1 1 1 1
 1 1 1 1 1
 1 1 1 1 1
 1 1 1 1 1
 1 1 1 1 1
 1 1 1 1 1
 1 1 1 1 1
 1 1 1 1 1
 1 1 1 1 1
 1 1 1 1 1
 1 1 1 1 1
 1 1 1 1 1
 1 1 1 1 1
 1 1 1 1 1
 1 1 1 1 1
 1 1 1 1 1
 1 1 1 1 1
 1 1 1 1 1
 1 1 1 1 1
 1 1 1 1 1
 1 1 1 1 1
pf_obs 
 0.8446 0.082 0.0669 0.0065 0
 0.8095 0.147 0.0364 0.0071 0
 0.9664 0.0169 0.016 0.0007 0
 0.9276 0.0648 0.0075 0.0001 0
 0.7033 0.2144 0.0806 0.0017 0
 0.9318 0.0425 0.0243 0.0014 0
 0.5671 0.3108 0.0964 0.0239 0.0018
 0.0768 0.2599 0.5324 0.112 0.0189
 0.490249 0.384438 0.106611 0.0170017 0.00170017
 0.7925 0.1577 0.0466 0.003 0.0002
 0.840416 0.127587 0.0312969 0.00059994 9.999e-05
 0.8084 0.0986 0.0794 0.0134 0.0002
 0.7335 0.1905 0.0724 0.0035 0.0001
 0.4001 0.4547 0.1325 0.0127 0
 0.49795 0.308269 0.164784 0.0264974 0.00249975
 0.9179 0.0499 0.0305 0.0017 0
 0.2467 0.6533 0.0926 0.0074 0
 0.9418 0.0223 0.034 0.0019 0
 0.707729 0.231977 0.0356964 0.0245975 0
 0.517169 0.277429 0.184464 0.0207286 0.00020938
 0.811772 0.124168 0.05621 0.00726502 0.000585176
 0.764997 0.148141 0.077277 0.00933861 0.000247198
 0.163321 0.427699 0.378323 0.0303852 0.000271297
 0.753843 0.0900009 0.118128 0.0371064 0.000921714
 0.721811 0.176058 0.0630433 0.0369309 0.00215725
 0.143369 0.312575 0.442814 0.0836902 0.0175525
 0.692698 0.0596174 0.167031 0.0765114 0.00414204
 0.394062 0.376323 0.152708 0.0712218 0.00568511
 0.125707 0.32114 0.495352 0.0537591 0.00404204
 0.23352 0.215282 0.420074 0.123614 0.00750983
 0.774587 0.0839891 0.0768558 0.0609784 0.00358967
pf_pred 
 0.0592824 0.220431 0.640638 0.0796471 8.35806e-07
 0.10763 0.065324 0.193796 0.563226 0.0700237
 0.907951 0.0124362 0.00582787 0.0172894 0.0564952
 0.195477 0.746178 0.00788274 0.00369403 0.0467688
 0.370125 0.160249 0.435568 0.00460141 0.0294568
 0.995164 0.00227933 0.000650342 0.00176767 0.000138219
 0.102795 0.893846 0.00158303 0.000451672 0.00132367
 0.207768 0.114371 0.675323 0.00119602 0.00134131
 0.972145 0.00729448 0.0029683 0.0175268 6.58518e-05
 0.426987 0.560897 0.00317277 0.00129108 0.007652
 0.945538 0.0280461 0.0258571 0.000146263 0.000412272
 0.841757 0.151329 0.00356005 0.00328218 7.08979e-05
 0.67929 0.28105 0.0379274 0.000892248 0.000840377
 0.703284 0.219023 0.0680857 0.00918809 0.000419736
 0.791551 0.161088 0.0349601 0.0108677 0.00153359
 0.975756 0.0204174 0.00295741 0.000641832 0.000227676
 0.113067 0.870315 0.0139948 0.00202712 0.000595994
 0.960086 0.00563186 0.0336401 0.000540939 0.000101391
 0.45957 0.523228 0.00242715 0.0144978 0.000276824
 0.373696 0.326808 0.289963 0.00134508 0.00818783
 0.86351 0.0597319 0.0400526 0.0355371 0.00116833
 0.783764 0.192498 0.0103883 0.00696577 0.00638364
 0.0882733 0.750778 0.14328 0.00773223 0.00993623
 0.83023 0.0186016 0.124482 0.0237565 0.00292951
 0.566042 0.37338 0.00663743 0.0444179 0.00952213
 0.284918 0.445061 0.232328 0.00413 0.033563
 0.846596 0.0514572 0.0634507 0.0331221 0.00537375
 0.764577 0.205963 0.00988181 0.012185 0.00739272
 0.13843 0.691556 0.148739 0.00713628 0.0141383
 0.171991 0.138839 0.553176 0.118976 0.0170176
 0.898688 0.0213199 0.0134129 0.0534408 0.013138
pobs_RECLAS
 0 0 0 0 0
 0 0 0 0 0
 0 0 0 0 0
 0 0 0 0 0
 0 0 0 0 0
 0 0 0 0 0
 0 0 0 0 0
 0 0 0 0 0
 0 0 0 0 0
 0 0 0 0 0
 0.991045 0.00858322 0.000360255 1.14367e-05 0
 0.934742 0.0480273 0.0164251 0.00080598 0
 0.827803 0.169806 0.00239088 0 0
 0.941827 0.0461693 0.0120037 0 0
 0.791401 0.0380133 0.147996 0.0225897 0
 0.846168 0.0940531 0.0597789 0 0
 0.134021 0.677848 0.182769 0.00536245 0
 0.80878 0.0450904 0.141981 0.00414843 0
 0.846168 0.0940531 0.0597789 0 0
 0.905697 0.0802665 0.012482 0.00150086 5.37128e-05
 0.989698 0.0102097 9.19794e-05 0 0
 0.975433 0.0193895 0.00387452 0.00125025 5.28907e-05
 0.303575 0.632131 0.0575291 0.00676475 0
 0.966965 0.00978017 0.0227588 0.000495775 0
 0.843318 0.132988 0.00938335 0.0141283 0.000182051
 0.564624 0.303363 0.111486 0.0197234 0.00080311
 0.826376 0.0876187 0.0782897 0.00655872 0.00115652
 0.89761 0.0855135 0.0140674 0.00269457 0.000114338
 0.34875 0.467042 0.161289 0.0227151 0.000203297
 0.318654 0.224769 0.449479 0.00709798 0
 0.937255 0.0296025 0.0250945 0.00804832 0
ppred_RECLAS
 0.0721123 0.217425 0.631901 0.0785609 8.24407e-07
 0.130229 0.0636697 0.188888 0.548963 0.0682504
 0.924517 0.0101981 0.00477905 0.0141779 0.0463281
 0.235653 0.708915 0.00748909 0.00350956 0.0444333
 0.433523 0.14412 0.391727 0.00413827 0.0264919
 0.9961 0.00183841 0.000524538 0.00142573 0.000111481
 0.128655 0.868083 0.0015374 0.000438653 0.00128552
 0.247638 0.108616 0.641337 0.00113583 0.00127381
 0.977565 0.00587493 0.00239065 0.0141159 5.30365e-05
 0.487137 0.502019 0.00283972 0.00115555 0.00684876
 0.955425 0.0229549 0.0211633 0.000119712 0.000337432
 0.869262 0.125027 0.00294127 0.0027117 5.85751e-05
 0.725787 0.240303 0.0324286 0.000762887 0.000718536
 0.751751 0.183247 0.0569642 0.00768726 0.000351175
 0.82815 0.132804 0.0288218 0.00895958 0.00126432
 0.980398 0.0165075 0.00239107 0.000518922 0.000184076
 0.136501 0.84732 0.0136251 0.00197356 0.000580247
 0.96744 0.00459422 0.0274421 0.000441274 8.271e-05
 0.513033 0.471467 0.00218704 0.0130636 0.000249439
 0.425913 0.299561 0.265788 0.00123294 0.00750518
 0.886828 0.0495272 0.03321 0.0294659 0.000968728
 0.81796 0.162056 0.00874549 0.0058642 0.00537413
 0.106915 0.735428 0.140351 0.00757413 0.00973308
 0.857895 0.0155704 0.104198 0.0198853 0.00245214
 0.617005 0.329531 0.00585795 0.0392016 0.00840388
 0.329912 0.417058 0.217709 0.00387013 0.0314512
 0.872113 0.042898 0.0528966 0.0276127 0.00447991
 0.800186 0.17481 0.00838712 0.010342 0.00627452
 0.165387 0.669918 0.144085 0.00691299 0.013696
 0.204667 0.13336 0.531346 0.114281 0.016346
 0.916667 0.0175366 0.0110327 0.0439575 0.0108066
pobs_PELACES
 0 0 0 0 0
 0 0 0 0 0
 0 0 0 0 0
 0 0 0 0 0
 0 0 0 0 0
 0 0 0 0 0
 0 0 0 0 0
 0 0 0 0 0
 0 0 0 0 0
 0 0 0 0 0
 0 0 0 0 0
 0 0 0 0 0
 0 0 0 0 0
 0 0 0 0 0
 0 0 0 0 0
 0 0 0 0 0
 0.505614 0.472636 0.0217494 0 0
 0 0 0 0 0
 0.443492 0.261883 0.143347 0.151278 0
 0.227955 0.32914 0.350689 0.0885471 0.00366901
 0.970185 0.0296113 0.000203453 0 0
 0.997202 0.00247181 0.000326279 0 0
 0.445219 0.490057 0.0546422 0.010081 0
 0.90214 0.0892962 0.00764917 0.000914606 0
 0 0 0 0 0
 0.581667 0.319106 0.0959925 0.00289975 0.000334073
 0.762889 0.0836404 0.116647 0.0363945 0.000428098
 0.88444 0.0763242 0.0277011 0.0115352 0
 0.521256 0.241999 0.230069 0.00667565 0
 0.616807 0.101726 0.260614 0.0208532 0
 0.833518 0.0704572 0.0857862 0.0102388 0
ppred_PELACES
 0.0728304 0.217257 0.631412 0.0785001 8.23769e-07
 0.13343 0.0634354 0.188193 0.546943 0.0679992
 0.926483 0.0099324 0.00465454 0.0138085 0.0451211
 0.247927 0.697532 0.00736883 0.0034532 0.0437198
 0.458442 0.13778 0.374495 0.00395623 0.0253266
 0.996204 0.00178923 0.000510504 0.00138758 0.000108499
 0.138853 0.857924 0.00151941 0.00043352 0.00127047
 0.256972 0.107268 0.63338 0.00112173 0.00125801
 0.978426 0.0056497 0.002299 0.0135748 5.10033e-05
 0.505508 0.484037 0.002738 0.00111416 0.00660343
 0.956013 0.022652 0.020884 0.000118132 0.000332979
 0.873969 0.120525 0.00283537 0.00261407 5.64661e-05
 0.733991 0.233113 0.0314584 0.000740064 0.00069704
 0.765782 0.172889 0.0537446 0.00725278 0.000331326
 0.837498 0.12558 0.027254 0.00847221 0.00119555
 0.980974 0.016023 0.0023209 0.000503693 0.000178674
 0.139521 0.844356 0.0135774 0.00196666 0.000578217
 0.967924 0.00452594 0.0270342 0.000434716 8.14808e-05
 0.518823 0.465861 0.00216104 0.0129083 0.000246473
 0.433637 0.29553 0.262212 0.00121635 0.00740421
 0.889079 0.0485422 0.0325495 0.0288799 0.000949462
 0.82161 0.158807 0.00857012 0.00574661 0.00526636
 0.10866 0.73399 0.140076 0.00755933 0.00971405
 0.859557 0.0153882 0.102979 0.0196527 0.00242345
 0.620564 0.32647 0.00580352 0.0388373 0.00832579
 0.333553 0.414791 0.216526 0.0038491 0.0312803
 0.873935 0.0422867 0.0521428 0.0272192 0.00441607
 0.801828 0.173374 0.00831821 0.010257 0.00622297
 0.166897 0.668707 0.143825 0.00690049 0.0136712
 0.208463 0.132724 0.52881 0.113736 0.016268
 0.91859 0.0171318 0.010778 0.0429428 0.0105572
pobs_pel_tallas
 0 0 0 0 0 0 0 0 0 0 0 0 0 0 0 0 0 0 0 0 0 0 0 0 0 0
 0 0 0 0 0 0 0 0 0 0 0 0 0 0 0 0 0 0 0 0 0 0 0 0 0 0
 0 0 0 0 0 0 0 0 0 0 0 0 0 0 0 0 0 0 0 0 0 0 0 0 0 0
 0 0 0 0 0 0 0 0 0 0 0 0 0 0 0 0 0 0 0 0 0 0 0 0 0 0
 0 0 0 0 0 0 0 0 0 0 0 0 0 0 0 0 0 0 0 0 0 0 0 0 0 0
 0 0 0 0 0 0 0 0 0 0 0 0 0 0 0 0 0 0 0 0 0 0 0 0 0 0
 0 0 0 0 0 0 0 0 0 0 0 0 0 0 0 0 0 0 0 0 0 0 0 0 0 0
 0 0 0 0 0 0 0 0 0 0 0 0 0 0 0 0 0 0 0 0 0 0 0 0 0 0
 0 0 0 0 0 0 0 0 0 0 0 0 0 0 0 0 0 0 0 0 0 0 0 0 0 0
 0 0 0 0 0 0 0 0 0 0 0 0 0 0 0 0 0 0 0 0 0 0 0 0 0 0
 0 0 0 0 0 0 0 0 0 0 0 0 0 0 0 0 0 0 0 0 0 0 0 0 0 0
 0 0 0 0 0 0 0 0 0 0 0 0 0 0 0 0 0 0 0 0 0 0 0 0 0 0
 0.00862536 0 0 0.000197151 0.00414017 0.0128641 0.00837892 0.0270097 0.101434 0.158115 0.152841 0.127902 0.109271 0.109419 0.0830992 0.0579132 0.0238553 0.00714673 0.00463305 0.00128148 0.00103504 0.000492878 0.000147863 0.000147863 4.92878e-05 0
 0 0 0 0 0 0 0 0 0 0 0 0 0 0 0 0 0 0 0 0 0 0 0 0 0 0
 0 0 0 0 0 0 0 0.0054083 0.00873648 0.0413646 0.0450493 0.0745869 0.0622846 0.0627006 0.0613931 0.0827291 0.12552 0.122667 0.0946155 0.0697135 0.0546179 0.0294188 0.0215738 0.0213955 0.0102223 0.00600262
 0 0 0 0 0.00359764 0.0251062 0.0480494 0.140153 0.205849 0.193036 0.1447 0.116669 0.0760912 0.0342217 0.00950174 0.001854 0.000860785 0 0 0 0.000165536 0 0.000143464 0 0 0
 0 0 0 0 0 0 0 0.000145254 0.000435761 0.0275982 0.070085 0.0708112 0.156366 0.174668 0.174014 0.160142 0.0824315 0.0480064 0.0283245 0.00493863 0.00203355 0 0 0 0 0
 0 0 0 0 0 0 0 0 0 0 0 0 0 0 0 0 0 0 0 0 0 0 0 0 0 0
 0 0 1.00437e-05 0.000401748 0.00122533 0.00171747 0.00176769 0.0269171 0.070346 0.194647 0.189555 0.159765 0.064822 0.0314167 0.0384472 0.0292271 0.0345202 0.0313363 0.0194345 0.0106764 0.0143323 0.0359363 0.0279516 0.0138201 0.00172751 0
 0 0.0021121 0.0136068 0.0755702 0.200478 0.177729 0.0527432 0.0373336 0.0318909 0.0142505 0.0149659 0.0166563 0.0217959 0.0798694 0.0677717 0.0528807 0.04013 0.0224614 0.0357745 0.0225083 0.00881397 0.00855152 0.00135912 0.000746735 0 0
 0 0 0 0 5.4009e-05 0.00500934 0.000945158 0.0243581 0.138947 0.33067 0.221406 0.137944 0.0707744 0.0437923 0.0131692 0.00525238 0.0047753 0.00276346 9.45158e-05 9.00151e-06 2.25038e-05 9.00151e-06 4.50075e-06 0 0 0
 0.000866109 0.00284123 0.00948549 0.0512746 0.133035 0.25785 0.225252 0.132002 0.0553304 0.0519788 0.0540692 0.017754 0.00435017 0.00159236 0.00146478 0.000404838 0.000125132 0.000115318 0.000107957 0.000100596 0 0 0 0 0 0
 0 0 0 0 0.00144013 0.00171154 0.00461396 0.0210425 0.0478622 0.0707936 0.0888783 0.103762 0.0637923 0.0337046 0.0602308 0.124433 0.169614 0.0934646 0.0462172 0.0250306 0.0313229 0.00938855 0.002487 0.000210481 0 0
 0 0.00764035 0.051015 0.0998891 0.058973 0.0496711 0.0374665 0.0718981 0.12319 0.153886 0.159021 0.0857701 0.0377988 0.023471 0.0147837 0.00900784 0.00315554 0.000888139 0.00291439 0.00214683 0.00393193 0.00274676 0.000635225 9.99891e-05 0 0
 0 0 0 0 0 0 0 0 0 0 0 0 0 0 0 0 0 0 0 0 0 0 0 0 0 0
 0 0 0 0 0 0 0 0 0 0 0 0 0 0 0 0 0 0 0 0 0 0 0 0 0 0
 0 0 0 0 0 0 0 0 0 0 0 0 0 0 0 0 0 0 0 0 0 0 0 0 0 0
 0 0 0 0 0 0 0 0 0 0 0 0 0 0 0 0 0 0 0 0 0 0 0 0 0 0
 0 0 0 0 0 0 0 0 0 0 0 0 0 0 0 0 0 0 0 0 0 0 0 0 0 0
 0 0 0 0 0 0 0 0 0 0 0 0 0 0 0 0 0 0 0 0 0 0 0 0 0 0
 0 0 0 0 0 0 0 0 0 0 0 0 0 0 0 0 0 0 0 0 0 0 0 0 0 0
ppred_pel_tallas
 1.2615e-16 5.99899e-06 5.83124e-05 0.000387507 0.00176156 0.005481 0.0116786 0.0170499 0.0170718 0.0117861 0.00584443 0.00282343 0.00309882 0.00612892 0.0119798 0.0209547 0.0328851 0.0469793 0.0622409 0.0779303 0.0934437 0.107599 0.118125 0.122165 0.117695 0.104824
 1.71806e-16 1.09904e-05 0.000106831 0.00070993 0.00322724 0.0100412 0.021394 0.0312266 0.0312332 0.0214265 0.0101518 0.00355346 0.0015554 0.0020437 0.00396792 0.00730506 0.0124045 0.0197981 0.0302896 0.0449267 0.0645524 0.0889631 0.116129 0.142094 0.161868 0.171022
 1.09158e-16 7.63132e-05 0.000741792 0.00492947 0.0224086 0.0697216 0.148549 0.216812 0.216813 0.148554 0.0697377 0.0224555 0.0050482 0.00100517 0.000589772 0.000892147 0.00137607 0.00196201 0.00265901 0.00355548 0.0048098 0.00657345 0.00887426 0.011528 0.0141373 0.0161896
 1.08136e-16 2.04215e-05 0.000198505 0.00131914 0.00599664 0.0186581 0.0397556 0.0580385 0.0581056 0.0400834 0.0197582 0.00917233 0.00928389 0.0175637 0.0329363 0.054253 0.0777713 0.0970189 0.105442 0.100092 0.0834791 0.0620341 0.0424263 0.0285282 0.020751 0.0173127
 1.15526e-16 3.77613e-05 0.000367053 0.0024392 0.0110882 0.0344997 0.0735058 0.107287 0.107301 0.0735736 0.0347291 0.0117579 0.00414654 0.00418172 0.00753847 0.013069 0.0203707 0.0288337 0.0377432 0.0465888 0.0550365 0.0625108 0.0678579 0.0695928 0.0666819 0.0592626
 1.00173e-16 8.2056e-05 0.000797614 0.00530042 0.024095 0.0749684 0.159728 0.233128 0.233128 0.159729 0.0749712 0.0241032 0.00532116 0.00084305 0.000168887 0.000150808 0.000212935 0.000275839 0.000321029 0.000343634 0.000351182 0.000357783 0.000373778 0.000398634 0.000421743 0.000429265
 1.00522e-16 1.14373e-05 0.000111175 0.0007388 0.00335853 0.0104501 0.022268 0.0325181 0.0326006 0.022671 0.0118026 0.00726264 0.0105291 0.0214517 0.0404473 0.0666041 0.0953688 0.118717 0.128484 0.120914 0.0989748 0.070518 0.043808 0.0238343 0.0114906 0.00506425
 1.18631e-16 2.11665e-05 0.000205746 0.00136725 0.00621534 0.0193383 0.0412027 0.0601389 0.0601502 0.0412583 0.0195278 0.00677479 0.00281708 0.0035209 0.00675575 0.0122739 0.0203176 0.031014 0.0442743 0.05968 0.0761184 0.091388 0.10234 0.105888 0.100461 0.0869504
 1.01438e-16 8.05916e-05 0.000783379 0.00520583 0.0236649 0.0736304 0.156877 0.228967 0.228968 0.15688 0.0736395 0.0236913 0.00527238 0.000930114 0.00036377 0.000486384 0.00072442 0.000982784 0.00123153 0.00147466 0.00174869 0.00209481 0.00251767 0.00296176 0.00332438 0.00349779
 1.01433e-16 4.16381e-05 0.000404737 0.00268962 0.0122267 0.038042 0.0810541 0.118311 0.118357 0.0812815 0.0388052 0.0144297 0.00821433 0.0124481 0.0228639 0.0376013 0.0538546 0.0670793 0.0726806 0.0685547 0.0563881 0.0406119 0.0258741 0.0149556 0.00831117 0.00491942
 1.00677e-16 7.87455e-05 0.000765435 0.00508658 0.0231229 0.0719438 0.153284 0.223723 0.223725 0.153295 0.0719802 0.0232283 0.00535253 0.00135025 0.00120183 0.00189443 0.0027958 0.00366949 0.00432648 0.00466979 0.0047297 0.00460924 0.00438873 0.00407658 0.00363876 0.00306356
 1.00385e-16 7.19877e-05 0.000699746 0.00465006 0.0211385 0.0657698 0.14013 0.204526 0.204538 0.140187 0.0659599 0.0216873 0.00602661 0.00370114 0.00576153 0.0093832 0.0134448 0.0167708 0.0182181 0.0172644 0.0143243 0.0104875 0.00689134 0.00420763 0.0025366 0.00162453
 1.0116e-16 6.04579e-05 0.000587672 0.00390529 0.0177529 0.055236 0.117687 0.171772 0.171795 0.117797 0.0556045 0.0188172 0.00657663 0.0064182 0.0111305 0.0182966 0.0263289 0.0330587 0.0363111 0.0350697 0.0300702 0.0232904 0.0167694 0.0116768 0.00816684 0.00582148
 1.02379e-16 6.30765e-05 0.000613126 0.00407444 0.0185218 0.0576283 0.122784 0.17921 0.179227 0.122866 0.0579027 0.0193148 0.00606709 0.00497028 0.00835906 0.0137738 0.0199615 0.0253628 0.0284203 0.0283962 0.025775 0.0218708 0.017978 0.01475 0.0121716 0.00993895
 1.01871e-16 6.89836e-05 0.000670546 0.00445601 0.0202564 0.0630252 0.134282 0.195991 0.196004 0.134342 0.0632241 0.0208312 0.00589955 0.00382445 0.00606666 0.00994083 0.0143619 0.0181624 0.0202003 0.0199474 0.0177912 0.0147474 0.0118256 0.00954878 0.00790667 0.0066255
 1.00152e-16 8.08015e-05 0.000785419 0.00521939 0.0237266 0.0738222 0.157286 0.229564 0.229566 0.157294 0.0738476 0.0237998 0.00540311 0.00118649 0.000842546 0.00126508 0.00181468 0.00228202 0.0025143 0.00244267 0.00211838 0.00167686 0.00125606 0.000932534 0.000712218 0.000562157
 1.00903e-16 1.14924e-05 0.00011171 0.000742356 0.00337469 0.0105004 0.0223751 0.0326742 0.0327554 0.0227718 0.0118319 0.00721846 0.0103822 0.0211274 0.0398408 0.0656284 0.094026 0.11716 0.127012 0.11989 0.0986871 0.0710687 0.045085 0.0255692 0.0133621 0.00679398
 1.00839e-16 7.97266e-05 0.000774971 0.00514995 0.0234109 0.0728401 0.155194 0.22651 0.22651 0.155196 0.0728481 0.0234346 0.00521127 0.000915278 0.000365022 0.000526171 0.000863594 0.00132075 0.00189036 0.00255542 0.00326895 0.00393659 0.00442244 0.00459225 0.00437581 0.00380815
 1.01518e-16 4.27348e-05 0.000415398 0.00276047 0.0125487 0.0390439 0.0831889 0.121426 0.121471 0.0834078 0.0397785 0.0146692 0.00807832 0.0120084 0.0220133 0.036203 0.051864 0.0646286 0.0700854 0.0662208 0.0546632 0.0396694 0.0256858 0.0153454 0.0090374 0.00574448
 1.09018e-16 3.57182e-05 0.000347193 0.00230722 0.0104883 0.0326332 0.0695295 0.101486 0.101515 0.0696705 0.0331076 0.0118628 0.0057734 0.00796703 0.0146622 0.0245855 0.0363446 0.0476313 0.0560288 0.0602805 0.0608129 0.0590271 0.0560397 0.0520124 0.046511 0.0393399
 1.04009e-16 7.32323e-05 0.000711844 0.00473045 0.0215039 0.0669068 0.142552 0.20806 0.208065 0.142575 0.0669846 0.0217293 0.00529869 0.0019608 0.00247055 0.00403597 0.0059686 0.00785408 0.00932885 0.0102456 0.0107455 0.0111129 0.0115276 0.0119203 0.0120328 0.0116052
 1.01756e-16 6.7675e-05 0.000657825 0.00437148 0.0198721 0.0618296 0.131735 0.192274 0.19229 0.13181 0.0620803 0.020596 0.00618747 0.004619 0.00758153 0.0124032 0.0178067 0.0222824 0.0243457 0.0233254 0.0197733 0.0151106 0.0107977 0.00766309 0.00577506 0.004745
 1.06632e-16 8.95035e-06 8.70007e-05 0.000578154 0.00262825 0.00817783 0.0174263 0.0254491 0.0255199 0.0177723 0.00933956 0.00598434 0.00900473 0.0184899 0.0349812 0.0578723 0.083492 0.105245 0.116378 0.113721 0.099522 0.0798161 0.0607392 0.0456825 0.0349355 0.0271493
 1.05357e-16 7.08006e-05 0.000688207 0.00457338 0.0207899 0.0646851 0.137819 0.201151 0.201152 0.137827 0.0647128 0.0208721 0.00478761 0.00118208 0.00108564 0.0018838 0.0031768 0.00497872 0.00733053 0.0102192 0.0134943 0.0167843 0.0195077 0.0210366 0.0209523 0.0192403
 1.05555e-16 5.11151e-05 0.000496857 0.00330179 0.0150095 0.0467002 0.0995009 0.145231 0.145262 0.0996544 0.0472154 0.0164969 0.00703322 0.0086353 0.0154869 0.0254704 0.0365726 0.0457713 0.0500493 0.0480772 0.0410555 0.0319624 0.0238093 0.0182269 0.0151994 0.0137296
 1.12035e-16 2.74744e-05 0.000267061 0.00177472 0.00806762 0.0251016 0.0534831 0.0780685 0.0781087 0.0536797 0.0257626 0.00998008 0.00658703 0.0108114 0.0201671 0.0335939 0.049082 0.0631611 0.0722572 0.0746474 0.0713422 0.0651086 0.0585073 0.0525751 0.04695 0.0408885
 1.04993e-16 7.19849e-05 0.000699719 0.00464988 0.0211377 0.0657672 0.140124 0.204516 0.20452 0.140144 0.0658357 0.0213368 0.00515375 0.00181321 0.00222678 0.00367339 0.00553586 0.00749616 0.00928186 0.0107789 0.0120666 0.0132798 0.0144127 0.0152434 0.0154457 0.0147883
 1.02367e-16 6.60456e-05 0.000641986 0.00426623 0.0193937 0.0603409 0.128563 0.187645 0.187662 0.128645 0.0606146 0.0201839 0.00624882 0.00496666 0.00826978 0.0135426 0.0194471 0.024345 0.0266229 0.0255573 0.0217609 0.0167916 0.0122404 0.00899446 0.00709795 0.00609121
 1.07327e-16 1.37472e-05 0.000133628 0.000888006 0.00403678 0.0125603 0.0267634 0.0390755 0.03914 0.0270787 0.0136192 0.00709628 0.00857114 0.0169171 0.0319207 0.0528326 0.076296 0.0963326 0.10682 0.104885 0.0925473 0.0752332 0.0584256 0.0451046 0.0354598 0.0282484
 1.29454e-16 1.71709e-05 0.000166907 0.00110916 0.00504207 0.0156878 0.0334251 0.0487877 0.0488013 0.033492 0.015915 0.00570898 0.00282349 0.004043 0.00777139 0.0138488 0.0223544 0.0331562 0.0460045 0.0606341 0.076488 0.0921592 0.105146 0.112456 0.111873 0.103089
 1.06409e-16 7.56631e-05 0.000735472 0.00488747 0.0222177 0.0691276 0.147284 0.214965 0.214967 0.147292 0.0691553 0.0222983 0.00509137 0.00118658 0.000950942 0.00150387 0.00228823 0.00317073 0.00409712 0.00510773 0.0063332 0.00789851 0.00978763 0.0117682 0.0134382 0.0143723
pSPR Fmed_Fpbrs
0.448105   0.208424 0.208424
Fs Fmed_Fpbrs
0.456366   1.005 1.005
SSBpbr Bo_Bmed_Bpbrs
1.77541e+06  706800  281268 281268
Ro
67918.9
SPR SPRFo_SPRFmed_SPRFpbrs
485480 217546 101186
Fref
1.005
Nvult_r0
 130163 2656.54 1671.29 6658.92 1637.04
CTP_r0
 32741.3 776.735 488.663 1946.98 478.649
YTP_r0
391124
Np
 152992 46419 854.443 537.551 2662.99
Nvult_p0
 128140 40168.2 739.383 465.164 2304.39
CTP_p0
 57633.2 20134.2 370.614 233.162 1155.07
YTP_p0
 812780
CBA_c0
517621
log_Ro
10.9461
likeval ReclasPelacesDesembMPH_pf_preclas_ppelaces_ptallas_desvR_qrecl_qpela
 30.8003 44.0714 0.131854 0.00200607 309.592 125.349 112.373 0 103.231 0 0 0.240396 0 0 0
q_reclas_q_pelaces
1 1
M
1
N
 13598.9 41670.8 121107 15056.6 0.158002
 8517.61 4344.55 12888.9 37458.9 4657.12
 188048 2165.92 1015 3011.17 9839.36
 14256.3 47467.1 501.45 234.991 2975.14
 5592.4 2166.15 5887.73 62.1989 398.178
 282317 542.99 154.927 421.101 32.927
 9402.4 72495.5 128.392 36.6329 107.356
 2287.41 1081.39 6385.22 11.3084 12.6822
 68565.4 437.787 178.146 1051.89 3.95217
 12916.8 14879.4 84.1666 34.2494 202.991
 73373.3 1800.38 1659.86 9.38917 26.4652
 146551 22465.8 528.512 487.261 10.5253
 87718.9 30933.2 4174.41 98.2035 92.4944
 68035.1 18627.2 5790.48 781.419 35.6973
 51219.1 9093.37 1973.49 613.481 86.5705
 440291 7762.53 1124.39 244.02 86.5607
 16812.8 108457 1744.01 252.616 74.2716
 909875 4423.35 26421.4 424.862 79.6338
 286674 272866 1265.77 7560.69 144.365
 105253 77649.6 68895.4 319.592 1945.43
 441868 25537.8 17124.1 15193.5 499.506
 586223 120575 6506.91 4363.14 3998.51
 22009.6 155618 29698.6 1602.7 2059.54
 343818 6371.05 42635.3 8136.62 1003.36
 193158 105547 1876.27 12556.1 2691.72
 44925.7 58223.7 30393.5 540.294 4390.78
 263830 13304.8 16405.8 8564.05 1389.44
 352041 78117.1 3747.94 4621.5 2803.89
 27450.1 113040 24312.5 1166.48 2311.02
 12958.6 8745.36 34844.1 7494.23 1071.92
 176582 3510.98 2208.84 8800.68 2163.58
pred_Ctot
 1144.05 4253.96 12363.2 1537.06 0.0161297
 1713.03 1039.69 3084.42 8964.22 1114.49
 38463.5 526.832 246.885 732.43 2393.3
 5673.74 21657.9 228.798 107.22 1357.47
 2884.21 1248.75 3394.18 35.8566 229.543
 55485 127.083 36.2596 98.5558 7.70634
 4473.54 38899.3 68.8917 19.6563 57.6046
 730.977 402.386 2375.95 4.20787 4.71906
 18546.9 139.166 56.6301 334.381 1.25634
 5475.05 7192.12 40.683 16.5549 98.118
 7895.47 234.192 215.913 1.22133 3.44257
 41291.1 7423.24 174.633 161.003 3.47779
 24502.5 10137.7 1368.07 32.184 30.313
 29653.6 9234.99 2870.8 387.412 17.698
 20424.8 4156.63 902.092 280.426 39.5719
 94992.8 1987.69 287.913 62.4844 22.165
 3110.68 23944 385.025 55.7701 16.3969
 108074 633.962 3786.77 60.892 11.4133
 48992.4 55778.6 258.746 1545.54 29.5108
 23427.5 20488 18178.2 84.325 513.306
 73904.7 5112.23 3427.95 3041.49 99.9927
 105937 26018.9 1404.13 941.526 862.842
 3023.91 25718.8 4908.24 264.877 340.378
 36509.2 818 5474.08 1044.69 128.825
 22415.3 14785.9 262.842 1758.95 377.077
 5635.81 8803.52 4595.55 81.6933 663.892
 33126.3 2013.45 2482.75 1296.03 210.268
 28614.1 7708.13 369.824 456.022 276.671
 2352.27 11751.2 2527.44 121.263 240.245
 2212.87 1786.34 7117.29 1530.78 218.952
 32741.3 776.735 488.663 1946.98 478.649
F
 0.141063 0.173433 0.173433 0.173433 0.173433
 0.369293 0.454038 0.454038 0.454038 0.454038
 0.37666 0.463095 0.463095 0.463095 0.463095
 0.884249 1.08717 1.08717 1.08717 1.08717
 1.33207 1.63775 1.63775 1.63775 1.63775
 0.359506 0.442005 0.442005 0.442005 0.442005
 1.16272 1.42954 1.42954 1.42954 1.42954
 0.653445 0.803397 0.803397 0.803397 0.803397
 0.527812 0.648934 0.648934 0.648934 0.648934
 0.970526 1.19324 1.19324 1.19324 1.19324
 0.183564 0.225688 0.225688 0.225688 0.225688
 0.555539 0.683024 0.683024 0.683024 0.683024
 0.549515 0.675617 0.675617 0.675617 0.675617
 1.01248 1.24482 1.24482 1.24482 1.24482
 0.886804 1.09031 1.09031 1.09031 1.09031
 0.401083 0.493122 0.493122 0.493122 0.493122
 0.335246 0.412178 0.412178 0.412178 0.412178
 0.204325 0.251213 0.251213 0.251213 0.251213
 0.306141 0.376393 0.376393 0.376393 0.376393
 0.416209 0.51172 0.51172 0.51172 0.51172
 0.29874 0.367294 0.367294 0.367294 0.367294
 0.326294 0.401172 0.401172 0.401172 0.401172
 0.239714 0.294724 0.294724 0.294724 0.294724
 0.180953 0.222477 0.222477 0.222477 0.222477
 0.199214 0.244929 0.244929 0.244929 0.244929
 0.216886 0.266657 0.266657 0.266657 0.266657
 0.217098 0.266917 0.266917 0.266917 0.266917
 0.136007 0.167217 0.167217 0.167217 0.167217
 0.143848 0.176858 0.176858 0.176858 0.176858
 0.305866 0.376056 0.376056 0.376056 0.376056
 0.336078 0.413201 0.413201 0.413201 0.413201
nmprior
 8.19 8.8 8.5 0
nm_flota  nm_reclas  nm_pelaces    nm_pelaL
inf 9.37681 6.22829 10.7815
cv_recla  cv_pelaces  cv_mph
0.501999 0.752749 1.38222
 ------------------------------------------------
Talla a la edad & desviaci?n 
 8 13.2811 15.8009 17.003 17.5766
 0.8 1.32811 1.58009 1.7003 1.75766
