years
 1991 1992 1993 1994 1995 1996 1997 1998 1999 2000 2001 2002 2003 2004 2005 2006 2007 2008 2009 2010 2011 2012 2013 2014 2015 2016 2017 2018 2019 2020 2021
reclasobs
 0 0 0 0 0 0 0 0 0 252601 567819 844713 477998 351125 339783 2.1784e+06 2.13404e+06 4.81314e+06 1.55562e+06 2.62356e+06 3.21686e+06 3.843e+06 1.13348e+06 3.07943e+06 1.97215e+06 2.03268e+06 2.025e+06 2.42433e+06 2.27542e+06 1.05018e+06 2.36338e+06
reclaspred
 3.23874e+06 1.81045e+06 918612 933975 939976 1.49218e+06 931734 824745 599071 433285 504547 650955 641236 497675 502327 1.30027e+06 1.24787e+06 2.87155e+06 2.34913e+06 1.7438e+06 3.06731e+06 2.49232e+06 1.97448e+06 3.04853e+06 2.2887e+06 2.02651e+06 2.39903e+06 2.55689e+06 2.09574e+06 1.31969e+06 1.91946e+06
pelacesobs
 0 0 0 0 0 0 0 0 0 0 0 0 0 0 0 552880 188675 0 991730 2.46772e+06 1.41603e+06 1.21717e+06 2.29649e+06 1.80582e+06 0 1.4828e+06 1.56532e+06 1.57751e+06 1.42118e+06 867257 1.10002e+06
pelacespred
 1.80741e+06 1.12159e+06 567372 472603 497682 817290 471217 518589 362222 247588 299251 321338 348086 283754 294760 634561 610391 1.62226e+06 1.36482e+06 937686 1.60686e+06 1.40744e+06 1.11731e+06 1.89323e+06 1.36693e+06 1.20826e+06 1.63174e+06 1.71762e+06 1.15642e+06 823947 1.18384e+06
mphobs
 0 0 0 0 0 0 0 0 0 0 0 498337 0 5186 125008 0 168611 109162 213762 579715 649985 157893 87575 83554 0 0 0 0 0 0 0
mphpred
 490930 328320 163079 89555.2 99731.9 114321 150220 92502.9 82200.4 56135.3 36838.9 59842.8 64114.4 54123.3 36363 46043.5 149073 141169 285280 212607 226957 279165 265428 218881 305608 252416 207808 221335 310273 210782 131472
desembarqueobs
 494567 514787 250237 358949 120608 361735 552515 73892 212993 205616 52469 317467 293654 387597 252695 516296 358380 742168 942051 627588 828172 859565 418607 520667 417249 300574 407403 355545 319650 289779 391294
desembarquepred
 494574 513497 250884 358980 120613 361751 552569 73896.5 213046 205665 52471.7 317538 293708 387636 252691 516261 358406 742068 941856 627453 828249 859589 418618 520694 417250 300577 407405 355532 319643 289788 391300
Reclutas
 194623 109471 110261 185729 149052 253043 104669 47593.6 44727 59294.8 109754 146549 122632 85828.6 84909.6 452048 97011.6 706149 403279 314080 455798 615430 129169 377008 320131 143331 318218 357842 108110 78458.5 290372
log_desv_Rt
 0.121188 -0.454218 -0.447027 0.0744153 -0.145578 0.383686 -0.499071 -1.28718 -1.3493 -1.06735 -0.451634 -0.162517 -0.340689 -0.697522 -0.708287 0.963913 -0.575044 1.40995 0.849754 0.599772 0.972174 1.27245 -0.288752 0.782392 0.618855 -0.184716 0.612861 0.730218 -0.466728 -0.787304 0.521288
SSB
 3.02945e+06 2.02601e+06 1.00633e+06 552631 615430 705457 926986 570821 507246 346402 227327 369281 395640 333986 224390 284127 919905 871130 1.76042e+06 1.31197e+06 1.40052e+06 1.72268e+06 1.63791e+06 1.35068e+06 1.88586e+06 1.55762e+06 1.28235e+06 1.36582e+06 1.91465e+06 1.3007e+06 811293
BT
 4.1027e+06 2.79401e+06 1.40526e+06 1.26408e+06 1.10925e+06 1.97381e+06 1.45636e+06 1.12174e+06 950203 703294 655530 921424 976342 981561 854393 1.71257e+06 1.5243e+06 3.96228e+06 3.6875e+06 2.47483e+06 3.9481e+06 3.67146e+06 2.64227e+06 4.34411e+06 3.17178e+06 2.72936e+06 3.7423e+06 3.85813e+06 2.62155e+06 1.96108e+06 2.78482e+06
Ftot
 0.140286 0.255844 0.249308 0.374006 0.124558 0.242875 0.535597 0.0862317 0.338096 0.447586 0.108099 0.474084 0.443083 0.74107 0.509804 0.421323 0.270084 0.269592 0.384581 0.346962 0.266924 0.338118 0.19833 0.174259 0.175341 0.141303 0.171999 0.142836 0.139962 0.203126 0.210432
BD_Bspro_t
 0.977855 0.840444 0.677099 0.588102 0.583452 0.660604 0.651225 0.487374 0.544853 0.500012 0.465767 0.669487 0.552536 0.462196 0.354095 0.411019 0.58434 0.558256 0.659146 0.560059 0.530578 0.578697 0.594853 0.587404 0.693284 0.702217 0.709634 0.746664 0.793385 0.725754 0.656351
BD_Bspro
 2.45823 1.64399 0.816581 0.448428 0.499386 0.572438 0.752196 0.463188 0.411601 0.281085 0.184463 0.29965 0.321039 0.271011 0.18208 0.230553 0.74645 0.706872 1.42848 1.06458 1.13644 1.39786 1.32907 1.096 1.53027 1.26392 1.04055 1.10829 1.55363 1.05545 0.658317
BD_Bo
 1.64745 1.10177 0.547255 0.300527 0.334678 0.383636 0.504105 0.310419 0.275846 0.188377 0.123623 0.200819 0.215154 0.181626 0.122026 0.154512 0.500255 0.47373 0.957335 0.713462 0.761616 0.936813 0.890716 0.734516 1.02555 0.847051 0.697356 0.742751 1.04121 0.707338 0.44119
BD_Brms
 9.82006 6.56737 3.26205 1.79137 1.99493 2.28676 3.00485 1.85033 1.64425 1.12287 0.736887 1.19703 1.28248 1.08263 0.727368 0.921007 2.9819 2.82379 5.70644 4.25277 4.53981 5.58412 5.30934 4.37827 6.11307 5.04907 4.15677 4.42736 6.20638 4.21627 2.62983
Sel_flota
 0.775305 0.984976 0.999198 0.999958 0.999998
 0.775305 0.984976 0.999198 0.999958 0.999998
 0.775305 0.984976 0.999198 0.999958 0.999998
 0.775305 0.984976 0.999198 0.999958 0.999998
 0.775305 0.984976 0.999198 0.999958 0.999998
 0.775305 0.984976 0.999198 0.999958 0.999998
 0.775305 0.984976 0.999198 0.999958 0.999998
 0.775305 0.984976 0.999198 0.999958 0.999998
 0.775305 0.984976 0.999198 0.999958 0.999998
 0.775305 0.984976 0.999198 0.999958 0.999998
 0.775305 0.984976 0.999198 0.999958 0.999998
 0.775305 0.984976 0.999198 0.999958 0.999998
 0.775305 0.984976 0.999198 0.999958 0.999998
 0.775305 0.984976 0.999198 0.999958 0.999998
 0.775305 0.984976 0.999198 0.999958 0.999998
 0.775305 0.984976 0.999198 0.999958 0.999998
 0.775305 0.984976 0.999198 0.999958 0.999998
 0.775305 0.984976 0.999198 0.999958 0.999998
 0.775305 0.984976 0.999198 0.999958 0.999998
 0.775305 0.984976 0.999198 0.999958 0.999998
 0.775305 0.984976 0.999198 0.999958 0.999998
 0.775305 0.984976 0.999198 0.999958 0.999998
 0.775305 0.984976 0.999198 0.999958 0.999998
 0.775305 0.984976 0.999198 0.999958 0.999998
 0.775305 0.984976 0.999198 0.999958 0.999998
 0.775305 0.984976 0.999198 0.999958 0.999998
 0.775305 0.984976 0.999198 0.999958 0.999998
 0.775305 0.984976 0.999198 0.999958 0.999998
 0.775305 0.984976 0.999198 0.999958 0.999998
 0.775305 0.984976 0.999198 0.999958 0.999998
 0.775305 0.984976 0.999198 0.999958 0.999998
Sel_reclas
 1 1 1 1 1
 1 1 1 1 1
 1 1 1 1 1
 1 1 1 1 1
 1 1 1 1 1
 1 1 1 1 1
 1 1 1 1 1
 1 1 1 1 1
 1 1 1 1 1
 1 1 1 1 1
 1 1 1 1 1
 1 1 1 1 1
 1 1 1 1 1
 1 1 1 1 1
 1 1 1 1 1
 1 1 1 1 1
 1 1 1 1 1
 1 1 1 1 1
 1 1 1 1 1
 1 1 1 1 1
 1 1 1 1 1
 1 1 1 1 1
 1 1 1 1 1
 1 1 1 1 1
 1 1 1 1 1
 1 1 1 1 1
 1 1 1 1 1
 1 1 1 1 1
 1 1 1 1 1
 1 1 1 1 1
 1 1 1 1 1
Sel_pelaces
 1 1 1 1 1
 1 1 1 1 1
 1 1 1 1 1
 1 1 1 1 1
 1 1 1 1 1
 1 1 1 1 1
 1 1 1 1 1
 1 1 1 1 1
 1 1 1 1 1
 1 1 1 1 1
 1 1 1 1 1
 1 1 1 1 1
 1 1 1 1 1
 1 1 1 1 1
 1 1 1 1 1
 1 1 1 1 1
 1 1 1 1 1
 1 1 1 1 1
 1 1 1 1 1
 1 1 1 1 1
 1 1 1 1 1
 1 1 1 1 1
 1 1 1 1 1
 1 1 1 1 1
 1 1 1 1 1
 1 1 1 1 1
 1 1 1 1 1
 1 1 1 1 1
 1 1 1 1 1
 1 1 1 1 1
 1 1 1 1 1
pf_obs 
 0.8446 0.082 0.0669 0.0065 0
 0.8095 0.147 0.0364 0.0071 0
 0.9664 0.0169 0.016 0.0007 0
 0.9276 0.0648 0.0075 0.0001 0
 0.7033 0.2144 0.0806 0.0017 0
 0.9318 0.0425 0.0243 0.0014 0
 0.5671 0.3108 0.0964 0.0239 0.0018
 0.0768 0.2599 0.5324 0.112 0.0189
 0.490249 0.384438 0.106611 0.0170017 0.00170017
 0.7925 0.1577 0.0466 0.003 0.0002
 0.840416 0.127587 0.0312969 0.00059994 9.999e-05
 0.8084 0.0986 0.0794 0.0134 0.0002
 0.7335 0.1905 0.0724 0.0035 0.0001
 0.4001 0.4547 0.1325 0.0127 0
 0.49795 0.308269 0.164784 0.0264974 0.00249975
 0.9179 0.0499 0.0305 0.0017 0
 0.2467 0.6533 0.0926 0.0074 0
 0.9418 0.0223 0.034 0.0019 0
 0.707729 0.231977 0.0356964 0.0245975 0
 0.517169 0.277429 0.184464 0.0207286 0.00020938
 0.811772 0.124168 0.05621 0.00726502 0.000585176
 0.764997 0.148141 0.077277 0.00933861 0.000247198
 0.163321 0.427699 0.378323 0.0303852 0.000271297
 0.753843 0.0900009 0.118128 0.0371064 0.000921714
 0.721811 0.176058 0.0630433 0.0369309 0.00215725
 0.143369 0.312575 0.442814 0.0836902 0.0175525
 0.692698 0.0596174 0.167031 0.0765114 0.00414204
 0.394062 0.376323 0.152708 0.0712218 0.00568511
 0.125707 0.32114 0.495352 0.0537591 0.00404204
 0.23352 0.215282 0.420074 0.123614 0.00750983
 0.774587 0.0839891 0.0768558 0.0609784 0.00358967
pf_pred 
 0.446509 0.12396 0.405293 0.0242371 8.14117e-07
 0.411548 0.300201 0.0653052 0.210374 0.0125712
 0.561561 0.209261 0.117861 0.0252363 0.0860814
 0.738361 0.163742 0.0471219 0.0261236 0.0246518
 0.646567 0.278765 0.0470322 0.0133086 0.0143273
 0.740915 0.18145 0.0614266 0.0102125 0.005996
 0.467791 0.419467 0.0793357 0.0264366 0.00696978
 0.446067 0.300436 0.200582 0.0372473 0.0156685
 0.528449 0.239029 0.126952 0.0835462 0.0220233
 0.695318 0.181871 0.0627757 0.0327913 0.0272439
 0.809872 0.143194 0.0282188 0.00957086 0.00914432
 0.731679 0.226657 0.0314941 0.00611638 0.00405326
 0.677837 0.252866 0.0587004 0.00801196 0.0025846
 0.622494 0.278437 0.0780555 0.0178026 0.00321067
 0.731835 0.186822 0.0603203 0.0165677 0.0044553
 0.932268 0.0532579 0.01014 0.00321492 0.00111938
 0.381714 0.586233 0.0252982 0.00473386 0.00202157
 0.897333 0.0456871 0.0540713 0.00229641 0.000612686
 0.588387 0.378549 0.0148446 0.0172899 0.000929421
 0.601609 0.260371 0.127111 0.00490045 0.00600905
 0.734467 0.17675 0.05836 0.0280201 0.00240269
 0.741014 0.20279 0.0376094 0.0122213 0.0063655
 0.319183 0.537735 0.112444 0.0205112 0.0101277
 0.735776 0.0995384 0.130496 0.0268729 0.00731635
 0.622952 0.295108 0.0311627 0.0402423 0.0105347
 0.430269 0.38734 0.143236 0.0148986 0.0242563
 0.725701 0.134926 0.0952085 0.0346895 0.00947502
 0.682804 0.245338 0.0356217 0.0247599 0.0114761
 0.349058 0.477622 0.134517 0.0192436 0.0195598
 0.417575 0.237148 0.254351 0.0705814 0.0203439
 0.819767 0.0868777 0.0383636 0.0405191 0.0144728
pobs_RECLAS
 0 0 0 0 0
 0 0 0 0 0
 0 0 0 0 0
 0 0 0 0 0
 0 0 0 0 0
 0 0 0 0 0
 0 0 0 0 0
 0 0 0 0 0
 0 0 0 0 0
 0 0 0 0 0
 0.991045 0.00858322 0.000360255 1.14367e-05 0
 0.934742 0.0480273 0.0164251 0.00080598 0
 0.827803 0.169806 0.00239088 0 0
 0.941827 0.0461693 0.0120037 0 0
 0.791401 0.0380133 0.147996 0.0225897 0
 0.846168 0.0940531 0.0597789 0 0
 0.134021 0.677848 0.182769 0.00536245 0
 0.80878 0.0450904 0.141981 0.00414843 0
 0.846168 0.0940531 0.0597789 0 0
 0.905697 0.0802665 0.012482 0.00150086 5.37128e-05
 0.989698 0.0102097 9.19794e-05 0 0
 0.975433 0.0193895 0.00387452 0.00125025 5.28907e-05
 0.303575 0.632131 0.0575291 0.00676475 0
 0.966965 0.00978017 0.0227588 0.000495775 0
 0.843318 0.132988 0.00938335 0.0141283 0.000182051
 0.564624 0.303363 0.111486 0.0197234 0.00080311
 0.826376 0.0876187 0.0782897 0.00655872 0.00115652
 0.89761 0.0855135 0.0140674 0.00269457 0.000114338
 0.34875 0.467042 0.161289 0.0227151 0.000203297
 0.318654 0.224769 0.449479 0.00709798 0
 0.937255 0.0296025 0.0250945 0.00804832 0
ppred_RECLAS
 0.509638 0.111068 0.357907 0.0213869 7.18348e-07
 0.473676 0.27052 0.0579893 0.186661 0.0111537
 0.622437 0.181627 0.100805 0.0215674 0.0735639
 0.784313 0.135757 0.0384896 0.0213211 0.020119
 0.700319 0.237105 0.0394276 0.0111482 0.012001
 0.785759 0.150709 0.0502763 0.00835216 0.00490357
 0.531685 0.370316 0.0689781 0.0229666 0.00605467
 0.507758 0.26876 0.176861 0.0328172 0.0138044
 0.591027 0.208864 0.109295 0.0718696 0.0189445
 0.746727 0.152126 0.0517228 0.0269962 0.0224282
 0.844776 0.117332 0.0227899 0.00772365 0.00737913
 0.778379 0.187652 0.0256826 0.00498375 0.00330253
 0.730446 0.212261 0.0485376 0.00661955 0.00213533
 0.682255 0.235338 0.0649399 0.0147989 0.00266882
 0.779102 0.15461 0.0491663 0.0134932 0.00362837
 0.946569 0.0421494 0.00790538 0.00250443 0.000871959
 0.44116 0.530275 0.0225488 0.00421608 0.00180039
 0.918426 0.0365984 0.0426814 0.00181127 0.000483229
 0.647171 0.324886 0.0125513 0.0146072 0.000785177
 0.660244 0.223196 0.107354 0.0041355 0.00507084
 0.780293 0.146978 0.0478203 0.0229418 0.00196715
 0.786058 0.168067 0.03071 0.00997151 0.00519346
 0.374935 0.495226 0.102053 0.0186014 0.00918435
 0.781782 0.0829632 0.107193 0.022057 0.00600493
 0.67878 0.252232 0.0262497 0.0338717 0.00886662
 0.491502 0.347332 0.126589 0.013157 0.0214199
 0.772621 0.112688 0.0783671 0.0285312 0.00779264
 0.733443 0.206865 0.0296025 0.0205602 0.00952919
 0.406793 0.436957 0.12129 0.0173381 0.0176222
 0.47988 0.213643 0.225816 0.0626143 0.0180468
 0.853982 0.0709356 0.0308689 0.0325781 0.0116359
pobs_PELACES
 0 0 0 0 0
 0 0 0 0 0
 0 0 0 0 0
 0 0 0 0 0
 0 0 0 0 0
 0 0 0 0 0
 0 0 0 0 0
 0 0 0 0 0
 0 0 0 0 0
 0 0 0 0 0
 0 0 0 0 0
 0 0 0 0 0
 0 0 0 0 0
 0 0 0 0 0
 0 0 0 0 0
 0 0 0 0 0
 0.505614 0.472636 0.0217494 0 0
 0 0 0 0 0
 0.443492 0.261883 0.143347 0.151278 0
 0.227955 0.32914 0.350689 0.0885471 0.00366901
 0.970185 0.0296113 0.000203453 0 0
 0.997202 0.00247181 0.000326279 0 0
 0.445219 0.490057 0.0546422 0.010081 0
 0.90214 0.0892962 0.00764917 0.000914606 0
 0 0 0 0 0
 0.581667 0.319106 0.0959925 0.00289975 0.000334073
 0.762889 0.0836404 0.116647 0.0363945 0.000428098
 0.88444 0.0763242 0.0277011 0.0115352 0
 0.521256 0.241999 0.230069 0.00667565 0
 0.616807 0.101726 0.260614 0.0208532 0
 0.833518 0.0704572 0.0857862 0.0102388 0
ppred_PELACES
 0.512191 0.110546 0.355991 0.0212716 7.14476e-07
 0.478243 0.268335 0.0574521 0.18492 0.0110497
 0.626628 0.179723 0.0996311 0.021315 0.0727028
 0.78877 0.133041 0.0376533 0.0208559 0.01968
 0.70215 0.235685 0.0391686 0.0110746 0.0119218
 0.788631 0.14874 0.0495627 0.00823311 0.00483366
 0.541033 0.363118 0.0674675 0.0224606 0.00592124
 0.509295 0.26797 0.17627 0.0327068 0.0137579
 0.596861 0.206048 0.107651 0.0707824 0.0186579
 0.7527 0.148666 0.0504405 0.026324 0.0218696
 0.845771 0.116594 0.0226353 0.00767102 0.00732884
 0.784045 0.182918 0.0249791 0.00484665 0.00321166
 0.736526 0.207566 0.0473653 0.00645896 0.00208351
 0.693459 0.227246 0.0624894 0.0142378 0.00256762
 0.785236 0.150426 0.0477216 0.013095 0.00352128
 0.948045 0.0410023 0.00767503 0.0024312 0.000846457
 0.445788 0.525918 0.0223352 0.00417586 0.0017832
 0.919864 0.0359783 0.0419051 0.00177821 0.000474407
 0.653256 0.319329 0.0123143 0.0143301 0.000770278
 0.665733 0.219713 0.105507 0.004064 0.00498314
 0.783514 0.144884 0.0470801 0.0225852 0.00193656
 0.790023 0.165009 0.0301035 0.00977372 0.00509042
 0.378203 0.492734 0.101445 0.0184897 0.00912914
 0.783919 0.082193 0.106111 0.0218334 0.00594404
 0.681459 0.250174 0.0260141 0.0335662 0.00878663
 0.493999 0.3457 0.125911 0.013086 0.0213043
 0.774777 0.111666 0.0775934 0.0282483 0.00771536
 0.735401 0.205377 0.0293699 0.020398 0.00945397
 0.409174 0.435279 0.120745 0.0172596 0.0175424
 0.483531 0.212264 0.224144 0.0621478 0.0179123
 0.855852 0.0700634 0.0304593 0.032144 0.0114808
pobs_pel_tallas
 0 0 0 0 0 0 0 0 0 0 0 0 0 0 0 0 0 0 0 0 0 0 0 0 0 0
 0 0 0 0 0 0 0 0 0 0 0 0 0 0 0 0 0 0 0 0 0 0 0 0 0 0
 0 0 0 0 0 0 0 0 0 0 0 0 0 0 0 0 0 0 0 0 0 0 0 0 0 0
 0 0 0 0 0 0 0 0 0 0 0 0 0 0 0 0 0 0 0 0 0 0 0 0 0 0
 0 0 0 0 0 0 0 0 0 0 0 0 0 0 0 0 0 0 0 0 0 0 0 0 0 0
 0 0 0 0 0 0 0 0 0 0 0 0 0 0 0 0 0 0 0 0 0 0 0 0 0 0
 0 0 0 0 0 0 0 0 0 0 0 0 0 0 0 0 0 0 0 0 0 0 0 0 0 0
 0 0 0 0 0 0 0 0 0 0 0 0 0 0 0 0 0 0 0 0 0 0 0 0 0 0
 0 0 0 0 0 0 0 0 0 0 0 0 0 0 0 0 0 0 0 0 0 0 0 0 0 0
 0 0 0 0 0 0 0 0 0 0 0 0 0 0 0 0 0 0 0 0 0 0 0 0 0 0
 0 0 0 0 0 0 0 0 0 0 0 0 0 0 0 0 0 0 0 0 0 0 0 0 0 0
 0 0 0 0 0 0 0 0 0 0 0 0 0 0 0 0 0 0 0 0 0 0 0 0 0 0
 0.00862536 0 0 0.000197151 0.00414017 0.0128641 0.00837892 0.0270097 0.101434 0.158115 0.152841 0.127902 0.109271 0.109419 0.0830992 0.0579132 0.0238553 0.00714673 0.00463305 0.00128148 0.00103504 0.000492878 0.000147863 0.000147863 4.92878e-05 0
 0 0 0 0 0 0 0 0 0 0 0 0 0 0 0 0 0 0 0 0 0 0 0 0 0 0
 0 0 0 0 0 0 0 0.0054083 0.00873648 0.0413646 0.0450493 0.0745869 0.0622846 0.0627006 0.0613931 0.0827291 0.12552 0.122667 0.0946155 0.0697135 0.0546179 0.0294188 0.0215738 0.0213955 0.0102223 0.00600262
 0 0 0 0 0.00359764 0.0251062 0.0480494 0.140153 0.205849 0.193036 0.1447 0.116669 0.0760912 0.0342217 0.00950174 0.001854 0.000860785 0 0 0 0.000165536 0 0.000143464 0 0 0
 0 0 0 0 0 0 0 0.000145254 0.000435761 0.0275982 0.070085 0.0708112 0.156366 0.174668 0.174014 0.160142 0.0824315 0.0480064 0.0283245 0.00493863 0.00203355 0 0 0 0 0
 0 0 0 0 0 0 0 0 0 0 0 0 0 0 0 0 0 0 0 0 0 0 0 0 0 0
 0 0 1.00437e-05 0.000401748 0.00122533 0.00171747 0.00176769 0.0269171 0.070346 0.194647 0.189555 0.159765 0.064822 0.0314167 0.0384472 0.0292271 0.0345202 0.0313363 0.0194345 0.0106764 0.0143323 0.0359363 0.0279516 0.0138201 0.00172751 0
 0 0.0021121 0.0136068 0.0755702 0.200478 0.177729 0.0527432 0.0373336 0.0318909 0.0142505 0.0149659 0.0166563 0.0217959 0.0798694 0.0677717 0.0528807 0.04013 0.0224614 0.0357745 0.0225083 0.00881397 0.00855152 0.00135912 0.000746735 0 0
 0 0 0 0 5.4009e-05 0.00500934 0.000945158 0.0243581 0.138947 0.33067 0.221406 0.137944 0.0707744 0.0437923 0.0131692 0.00525238 0.0047753 0.00276346 9.45158e-05 9.00151e-06 2.25038e-05 9.00151e-06 4.50075e-06 0 0 0
 0.000866109 0.00284123 0.00948549 0.0512746 0.133035 0.25785 0.225252 0.132002 0.0553304 0.0519788 0.0540692 0.017754 0.00435017 0.00159236 0.00146478 0.000404838 0.000125132 0.000115318 0.000107957 0.000100596 0 0 0 0 0 0
 0 0 0 0 0.00144013 0.00171154 0.00461396 0.0210425 0.0478622 0.0707936 0.0888783 0.103762 0.0637923 0.0337046 0.0602308 0.124433 0.169614 0.0934646 0.0462172 0.0250306 0.0313229 0.00938855 0.002487 0.000210481 0 0
 0 0.00764035 0.051015 0.0998891 0.058973 0.0496711 0.0374665 0.0718981 0.12319 0.153886 0.159021 0.0857701 0.0377988 0.023471 0.0147837 0.00900784 0.00315554 0.000888139 0.00291439 0.00214683 0.00393193 0.00274676 0.000635225 9.99891e-05 0 0
 0 0 0 0 0 0 0 0 0 0 0 0 0 0 0 0 0 0 0 0 0 0 0 0 0 0
 0 0 0 0 0 0 0 0 0 0 0 0 0 0 0 0 0 0 0 0 0 0 0 0 0 0
 0 0 0 0 0 0 0 0 0 0 0 0 0 0 0 0 0 0 0 0 0 0 0 0 0 0
 0 0 0 0 0 0 0 0 0 0 0 0 0 0 0 0 0 0 0 0 0 0 0 0 0 0
 0 0 0 0 0 0 0 0 0 0 0 0 0 0 0 0 0 0 0 0 0 0 0 0 0 0
 0 0 0 0 0 0 0 0 0 0 0 0 0 0 0 0 0 0 0 0 0 0 0 0 0 0
 0 0 0 0 0 0 0 0 0 0 0 0 0 0 0 0 0 0 0 0 0 0 0 0 0 0
ppred_pel_tallas
 1.12435e-16 4.21885e-05 0.000410087 0.00272518 0.0123883 0.0385445 0.0821236 0.119864 0.119875 0.0821785 0.0387304 0.012932 0.00411539 0.0035291 0.00621184 0.0108429 0.0171023 0.024594 0.0328249 0.0413816 0.0498446 0.0574368 0.0628207 0.0644429 0.0613231 0.0537158
 1.22142e-16 3.93923e-05 0.000382907 0.00254455 0.0115672 0.03599 0.0766814 0.111924 0.11195 0.0768083 0.0364163 0.0128 0.00564476 0.00717011 0.01299 0.0215816 0.0315114 0.0405989 0.0467337 0.0491602 0.0490024 0.0484616 0.0492741 0.0516157 0.0541541 0.0549972
 1.17363e-16 5.16145e-05 0.000501712 0.00333405 0.0151561 0.0471564 0.100472 0.146646 0.146663 0.100558 0.0474434 0.0159869 0.00542628 0.00509197 0.00883778 0.0147118 0.0216269 0.0281467 0.0328646 0.0352105 0.0357879 0.0358767 0.0364952 0.0377685 0.0389938 0.0391914
 1.06543e-16 6.497e-05 0.000631531 0.00419675 0.0190778 0.0593582 0.126469 0.184589 0.184601 0.126532 0.0595694 0.0196883 0.00573128 0.00398828 0.00646069 0.0106337 0.0154474 0.0197225 0.0223152 0.022734 0.0214338 0.0194812 0.0178569 0.0169412 0.0164917 0.0159833
 1.04319e-16 5.78352e-05 0.000562179 0.00373588 0.0169828 0.0528398 0.112582 0.164321 0.164344 0.112693 0.0532128 0.0180601 0.00644087 0.00646938 0.0112832 0.0185797 0.0268024 0.0338001 0.0374229 0.0366912 0.0323763 0.026462 0.0209344 0.0168418 0.0141702 0.0123347
 1.03113e-16 6.49585e-05 0.00063142 0.00419601 0.0190745 0.0593478 0.126447 0.184556 0.184571 0.126518 0.0595839 0.0197572 0.00591194 0.00438469 0.00721475 0.0118813 0.0172414 0.0219585 0.0247083 0.0248708 0.0228696 0.0198271 0.0168295 0.0143946 0.0124562 0.0107037
 1.05295e-16 4.45643e-05 0.00043318 0.00287864 0.0130859 0.0407153 0.0867495 0.126621 0.126656 0.0869206 0.0412901 0.0147465 0.00704856 0.00954104 0.0173565 0.0286617 0.0413749 0.0522242 0.0578996 0.0568756 0.0503014 0.0411756 0.0324976 0.0258494 0.0212306 0.0178226
 1.10764e-16 4.195e-05 0.000407769 0.00270977 0.0123182 0.0383268 0.0816602 0.119191 0.119217 0.0817876 0.0387552 0.0135586 0.00583413 0.00726441 0.0131702 0.0219847 0.0323163 0.0420029 0.0488327 0.0517447 0.0513394 0.0492117 0.0466989 0.0441111 0.0409328 0.0365821
 1.13416e-16 4.91627e-05 0.000477879 0.00317567 0.0144362 0.0449164 0.0956998 0.139681 0.139701 0.0957976 0.0452453 0.0153882 0.0055728 0.00573596 0.0101102 0.0168361 0.024726 0.0321222 0.0373805 0.039798 0.0399969 0.0393618 0.0389881 0.0390007 0.0386805 0.0371226
 1.07835e-16 6.19989e-05 0.000602651 0.00400483 0.0182054 0.0566438 0.120686 0.176148 0.176162 0.120756 0.0568801 0.0188886 0.00572285 0.00436302 0.00723339 0.01194 0.0173866 0.022283 0.0253694 0.0261031 0.0249777 0.0231428 0.0216314 0.0208033 0.0203436 0.0196594
 1.02693e-16 6.9665e-05 0.000677169 0.00450003 0.0204565 0.0636477 0.135609 0.197927 0.197938 0.135664 0.0638324 0.0209899 0.00583964 0.00360368 0.005634 0.00922098 0.0133177 0.0168375 0.0187255 0.0185051 0.0165573 0.0138501 0.0113387 0.00950614 0.00831124 0.0074415
 1.01798e-16 6.45808e-05 0.000627748 0.00417161 0.0189635 0.0590027 0.125712 0.183484 0.183502 0.125798 0.0592919 0.0197989 0.00626838 0.00520477 0.00875645 0.014372 0.0206926 0.0260116 0.0286344 0.0277783 0.0240337 0.018956 0.0141325 0.0104474 0.00797171 0.00632271
 1.02421e-16 6.06667e-05 0.000589702 0.00391878 0.0178142 0.0554268 0.118093 0.172365 0.172385 0.118191 0.0557556 0.0187643 0.00630487 0.0058029 0.00997416 0.0164261 0.0237325 0.0300007 0.0333356 0.0328492 0.0291641 0.0239471 0.0188712 0.0148284 0.0118516 0.00954737
 1.03724e-16 5.71193e-05 0.00055522 0.00368964 0.0167726 0.0521858 0.111188 0.162287 0.162309 0.111295 0.0525462 0.0178141 0.00630643 0.00627565 0.0109446 0.0180642 0.026159 0.0331936 0.0371231 0.0369919 0.033469 0.0283269 0.0233087 0.0192883 0.0162181 0.0136306
 1.03325e-16 6.46789e-05 0.000628701 0.00417794 0.0189923 0.0590923 0.125903 0.183762 0.183777 0.125974 0.0593311 0.0196826 0.00591285 0.0044232 0.00729232 0.012009 0.0174239 0.0221864 0.0249604 0.0251258 0.0231211 0.020091 0.0171381 0.0147778 0.0129225 0.0112308
 1.0062e-16 7.80892e-05 0.000759055 0.00504419 0.0229301 0.0713442 0.152007 0.221859 0.221863 0.152026 0.0714091 0.0231177 0.00551506 0.00178755 0.00203306 0.0032419 0.004673 0.00589865 0.00654087 0.00642737 0.00568806 0.00466153 0.00368639 0.00294094 0.00242465 0.00204438
 1.015e-16 3.67191e-05 0.000356923 0.00237188 0.0107822 0.0335478 0.0714791 0.104336 0.104387 0.0717263 0.0343777 0.0131781 0.00838149 0.013462 0.0248847 0.0409738 0.0587679 0.0733694 0.0798114 0.0758035 0.063124 0.0464804 0.0307876 0.0189542 0.011436 0.0071832
 1.01478e-16 7.5768e-05 0.000736492 0.00489425 0.0222485 0.0692235 0.147488 0.215264 0.215267 0.147505 0.0692816 0.022417 0.00531991 0.00167472 0.00188396 0.00306303 0.00456361 0.00606738 0.00729275 0.00808974 0.0084884 0.00860842 0.00851567 0.00816385 0.00746427 0.00640255
 1.02005e-16 5.38079e-05 0.000523032 0.00347573 0.0158002 0.0491604 0.104743 0.152881 0.152912 0.104893 0.0496644 0.0172551 0.00712531 0.00848229 0.0151471 0.0248969 0.0357227 0.0446384 0.048646 0.0463788 0.0389381 0.0291886 0.0200928 0.0133599 0.00918313 0.00683851
 1.04352e-16 5.48356e-05 0.000533022 0.00354212 0.016102 0.0500993 0.106743 0.155798 0.15582 0.106847 0.0504491 0.0171138 0.00608746 0.00610752 0.0106943 0.0177293 0.0258499 0.0331597 0.0377338 0.0386369 0.0364001 0.0325143 0.0283919 0.02466 0.021211 0.017722
 1.03989e-16 6.45371e-05 0.000627323 0.00416878 0.0189507 0.0589627 0.125627 0.183359 0.183373 0.125695 0.0591928 0.0196159 0.00584101 0.00428574 0.00703607 0.0115922 0.0168403 0.0214915 0.0242765 0.0246159 0.022942 0.02035 0.0178688 0.0159381 0.0144045 0.0128805
 1.02753e-16 6.50732e-05 0.000632535 0.00420342 0.0191081 0.0594526 0.126671 0.184883 0.184899 0.126748 0.0597138 0.0198627 0.00609822 0.00477108 0.00793139 0.0130265 0.0188001 0.0237305 0.0263132 0.0258595 0.0228981 0.0187988 0.0149293 0.0120066 0.0100199 0.00857826
 1.06453e-16 3.11522e-05 0.00030281 0.00201228 0.00914757 0.0284617 0.0606425 0.0885195 0.088567 0.0608748 0.029242 0.0114018 0.00767315 0.0126686 0.0235399 0.038929 0.0562203 0.0710004 0.0787738 0.0774483 0.0685433 0.0560788 0.0440906 0.0347299 0.0280536 0.0230473
 1.06279e-16 6.45704e-05 0.000627647 0.00417094 0.0189605 0.0589931 0.125691 0.183452 0.18346 0.125731 0.0591263 0.0193471 0.00514898 0.00278752 0.00423943 0.00709722 0.0106641 0.014347 0.0175656 0.020027 0.0218167 0.0231661 0.0241115 0.0243737 0.0235572 0.0214736
 1.05668e-16 5.61309e-05 0.000545613 0.00362579 0.0164823 0.0512828 0.109264 0.159479 0.159504 0.109382 0.0516783 0.0176247 0.00649335 0.00680562 0.0119459 0.0196644 0.0283373 0.0356819 0.0394278 0.0385713 0.0339939 0.027874 0.022367 0.0185682 0.0163643 0.0149801
 1.0864e-16 4.06901e-05 0.000395523 0.00262839 0.0119483 0.0371758 0.0792081 0.115614 0.115647 0.0793716 0.037725 0.0135363 0.00662035 0.00912977 0.0166867 0.027674 0.0402168 0.0513182 0.0579288 0.0586186 0.0543624 0.0477326 0.0411985 0.0359029 0.0316444 0.0276758
 1.06407e-16 6.38174e-05 0.000620327 0.00412229 0.0187394 0.0583052 0.124226 0.181313 0.181324 0.124279 0.058484 0.0192571 0.00542719 0.00348628 0.00555807 0.00922279 0.0135986 0.0177762 0.0208678 0.0224669 0.022843 0.0226443 0.0223634 0.0220188 0.0212615 0.019731
 1.04546e-16 6.0574e-05 0.000588801 0.00391279 0.017787 0.055342 0.117913 0.172101 0.172121 0.11801 0.055667 0.0187256 0.0062692 0.00573441 0.00983796 0.0161824 0.0233418 0.0294382 0.0326088 0.0320203 0.0283712 0.0234133 0.0188814 0.0156602 0.0136752 0.0123372
 1.08296e-16 3.37032e-05 0.000327607 0.00217707 0.00989666 0.0307924 0.0656081 0.0957657 0.0958077 0.0658136 0.0314827 0.0118917 0.00718955 0.0112852 0.0208891 0.0345981 0.0501117 0.0635934 0.071135 0.0709141 0.0642247 0.054479 0.045034 0.0375739 0.0319987 0.0273767
 1.15787e-16 3.98279e-05 0.000387141 0.00257269 0.0116951 0.0363879 0.077529 0.11316 0.113181 0.0776307 0.0367303 0.0126882 0.00508141 0.00591618 0.0106951 0.0180243 0.0269152 0.0358576 0.0433024 0.0485079 0.0518283 0.0541168 0.0557822 0.0563545 0.0548845 0.0507315
 1.06064e-16 7.04954e-05 0.000685241 0.00455367 0.0207003 0.0644064 0.137225 0.200285 0.200292 0.137258 0.0645181 0.0210236 0.00536761 0.00247006 0.00348424 0.00571358 0.0083819 0.0108875 0.0126827 0.0135567 0.0137614 0.0138086 0.0140905 0.0146252 0.0150902 0.0150619
pSPR Fmed_Fpbrs
0.632668   0.217764 0.217764
Fs Fmed_Fpbrs
0.252135   1.005 1.005
SSBpbr Bo_Bmed_Bpbrs
1.83887e+06  1.07145e+06  308497 308497
Ro
172410
SPR SPRFo_SPRFmed_SPRFpbrs
1.23237e+06 779683 268366
Fref
1.005
Nvult_r0
 199630 17284.7 7542.61 7961.4 2843.59
CTP_r0
 28001.1 2967.52 1310.4 1384.03 494.354
YTP_r0
391300
Np
 230923 90741.4 7372.93 3203.67 4388.48
Nvult_p0
 191949 78336.2 6379.29 2772.24 3797.52
CTP_p0
 84062.8 38969.3 3196.32 1389.55 1903.5
YTP_p0
 1.44078e+06
CBA_c0
706143
log_Ro
11.8776
likeval ReclasPelacesDesembMPH_pf_preclas_ppelaces_ptallas_desvR_qrecl_qpela
 14.1411 17.1973 0.0666916 0.000813868 241.01 118.601 98.4055 0 23.3609 2.8055e-07 7.52731e-07 0.340441 0 0 0
q_reclas_q_pelaces
0.927691 1.13137
M
1
N
 194623 43043.5 138842 8297.03 0.278684
 109471 64219 13791.2 44396.7 2652.89
 110261 33026.1 18362.3 3929.03 13401.5
 185729 33433.5 9504.23 5265.58 4968.74
 149052 51127.4 8509.39 2406.16 2590.24
 253043 49785.6 16637.1 2764.09 1622.81
 104669 77112 14418.3 4801.62 1265.87
 47593.6 25420.4 16738.4 3105.99 1306.52
 44727 16376.4 8590.16 5649.38 1489.16
 59294.8 12660 4318.14 2254.19 1872.78
 109754 15417.5 2996.93 1015.72 970.416
 146549 37130.2 5098.93 989.631 655.796
 122632 37330 8563.16 1168.04 376.789
 85828.6 31997.6 8876.18 2023.32 364.891
 84909.6 17775.1 5673.04 1557.21 418.743
 452048 21038.1 3957.66 1253.99 436.601
 97011.6 119957 5110.72 955.68 408.105
 706149 28946 33821.9 1435.44 382.965
 403279 210779 8165.29 9504.18 510.88
 314080 110108 53091 2045.45 2508.1
 455798 88291.6 28780.9 13809 1184.06
 615430 136333 24971.4 8109.23 4223.56
 129169 174195 35947.6 6552.75 3235.4
 377008 40746 52711.1 10847 2953.08
 320131 121166 12625.5 16292.5 4264.92
 143331 102800 37504.3 3898.2 6346.41
 318218 47257.2 32904.4 11980.3 3272.16
 357842 102451 14675.7 10193.4 4724.44
 108110 117843 32743.1 4680.8 4757.53
 78458.5 35681.6 37769.1 10473.5 3018.68
 290372 24657.6 10746.3 11342.2 4051.1
pred_Ctot
 12792 3551.3 11611.2 694.365 0.0233235
 12653.4 9229.95 2007.87 6468.16 386.514
 12444.5 4637.34 2611.86 559.25 1907.61
 30256.8 6709.88 1930.98 1070.5 1010.19
 8742.03 3769.1 635.907 179.942 193.716
 27878.6 6827.46 2311.32 384.267 225.613
 23252.5 20850.4 3943.54 1314.08 346.447
 1956.26 1317.59 879.668 163.351 68.7154
 6659.89 3012.41 1599.94 1052.91 277.554
 11303.6 2956.63 1020.52 533.079 442.896
 5615.92 992.951 195.678 66.3675 63.4097
 29354.8 9093.43 1263.54 245.387 162.616
 23174.2 8645.07 2006.87 273.916 88.3632
 24832.8 11107.5 3113.82 710.189 128.081
 18093.8 4618.95 1491.35 409.617 110.152
 81768.6 4671.21 889.374 281.979 98.1798
 11785 18099.3 781.057 146.153 62.414
 85640.1 4360.31 5160.48 219.166 58.4739
 67336.6 43322.1 1698.86 1978.71 106.365
 47862.3 20714.3 10112.6 389.866 478.063
 54776.5 13182 4352.48 2089.74 179.192
 91643.5 25079.7 4651.27 1511.45 787.242
 11784.5 19853.5 4151.5 757.29 373.923
 30451.2 4119.54 5400.79 1112.18 302.798
 26008.9 12321.1 1301.08 1680.16 439.834
 9485.99 8539.56 3157.87 328.464 534.771
 25387.4 4720.15 3330.71 1213.55 331.468
 23928.1 8597.6 1248.32 867.681 402.167
 7090.04 9701.42 2732.29 390.875 397.298
 7320.04 4157.17 4458.74 1237.28 356.625
 28001.1 2967.52 1310.4 1384.03 494.354
F
 0.108764 0.138178 0.140173 0.14028 0.140285
 0.198357 0.252 0.255639 0.255833 0.255844
 0.19329 0.245562 0.249108 0.249297 0.249307
 0.289969 0.368387 0.373706 0.373991 0.374006
 0.0965708 0.122687 0.124458 0.124553 0.124558
 0.188302 0.239226 0.24268 0.242864 0.242874
 0.415251 0.52755 0.535167 0.535574 0.535596
 0.0668559 0.0849361 0.0861625 0.0862281 0.0862315
 0.262127 0.333016 0.337824 0.338081 0.338095
 0.347015 0.440861 0.447227 0.447567 0.447585
 0.0838099 0.106475 0.108013 0.108095 0.108099
 0.36756 0.466961 0.473704 0.474064 0.474083
 0.343525 0.436426 0.442728 0.443065 0.443082
 0.574556 0.729936 0.740476 0.741039 0.741069
 0.395253 0.502144 0.509395 0.509782 0.509803
 0.326654 0.414993 0.420985 0.421305 0.421322
 0.209398 0.266026 0.269867 0.270073 0.270083
 0.209016 0.265541 0.269376 0.269581 0.269591
 0.298168 0.378803 0.384273 0.384565 0.38458
 0.269001 0.341749 0.346684 0.346947 0.346961
 0.206947 0.262913 0.26671 0.266912 0.266923
 0.262145 0.333038 0.337847 0.338104 0.338117
 0.153766 0.19535 0.198171 0.198322 0.19833
 0.135104 0.171641 0.174119 0.174251 0.174258
 0.135943 0.172707 0.175201 0.175334 0.175341
 0.109553 0.13918 0.14119 0.141297 0.141303
 0.133352 0.169415 0.171861 0.171992 0.171999
 0.110742 0.14069 0.142722 0.14283 0.142836
 0.108513 0.137859 0.139849 0.139956 0.139961
 0.157485 0.200075 0.202963 0.203118 0.203126
 0.163149 0.20727 0.210263 0.210423 0.210431
nmprior
 8.19 8.8 8.5 0
nm_flota  nm_reclas  nm_pelaces    nm_pelaL
inf 12.3215 19.249 46.7445
cv_recla  cv_pelaces  cv_mph
0.340146 0.470221 0.880405
 ------------------------------------------------
Talla a la edad & desviaci?n 
 8 13.2811 15.8009 17.003 17.5766
 0.8 1.32811 1.58009 1.7003 1.75766
