years
 1991 1992 1993 1994 1995 1996 1997 1998 1999 2000 2001 2002 2003 2004 2005 2006 2007 2008 2009 2010 2011 2012 2013 2014 2015 2016 2017 2018 2019 2020 2021
reclasobs
 0 0 0 0 0 0 0 0 0 252601 567819 844713 477998 351125 339783 2.1784e+06 2.13404e+06 4.81314e+06 1.55562e+06 2.62356e+06 3.21686e+06 3.843e+06 1.13348e+06 3.07943e+06 1.97215e+06 2.03268e+06 2.025e+06 2.42433e+06 2.27542e+06 1.05018e+06 2.36338e+06
reclaspred
 3.29715e+06 1.86874e+06 948168 952198 953236 1.4702e+06 969590 867408 634942 468726 507414 637623 632600 507515 516574 1.27403e+06 1.26717e+06 2.74709e+06 2.28156e+06 1.7152e+06 3.03751e+06 2.46989e+06 1.99392e+06 3.04226e+06 2.29552e+06 2.03269e+06 2.38509e+06 2.51802e+06 2.09365e+06 1.34435e+06 1.93135e+06
pelacesobs
 0 0 0 0 0 0 0 0 0 0 0 0 0 0 0 552880 188675 0 991730 2.46772e+06 1.41603e+06 1.21717e+06 2.29649e+06 1.80582e+06 0 1.4828e+06 1.56532e+06 1.57751e+06 1.42118e+06 867257 1.10002e+06
pelacespred
 1.85028e+06 1.17413e+06 601500 492417 506172 806227 506424 541520 390242 275184 303803 320367 347800 298143 309432 629453 625306 1.54744e+06 1.34011e+06 939168 1.58697e+06 1.41794e+06 1.13295e+06 1.88064e+06 1.37607e+06 1.21118e+06 1.61532e+06 1.68565e+06 1.15252e+06 842080 1.1916e+06
mphobs
 0 0 0 0 0 0 0 0 0 0 0 498337 0 5186 125008 0 168611 109162 213762 579715 649985 157893 87575 83554 0 0 0 0 0 0 0
mphpred
 494207 331445 167721 91269.4 101722 114066 149302 98456.9 86187.6 60701.6 40621.4 59276.3 63814.4 55129.6 39238.9 49079.4 147167 143802 271726 208991 224552 276398 263123 219877 302421 249963 206285 218059 301462 208931 133761
desembarqueobs
 494567 514787 250237 358949 120608 361735 552515 73892 212993 205616 52469 317467 293654 387597 252695 516296 358380 742168 942051 627588 828172 859565 418607 520667 417249 300574 407403 355545 319650 289779 391294
desembarquepred
 494574 513313 250989 358973 120612 361749 552567 73895.6 213036 205657 52471.3 317533 293708 387651 252697 516275 358403 742092 941904 627490 828238 859599 418619 520690 417252 300577 407406 355536 319647 289788 391299
Reclutas
 220415 126038 124999 223418 178730 297675 124865 58525.4 54023.1 70723.1 129319 165842 139198 97901 100109 526159 118367 804495 467511 358892 538256 721056 155385 456300 384471 173485 384742 431124 130949 95638.8 353851
log_desv_Rt
 0.0785774 -0.48035 -0.488632 0.0921093 -0.13106 0.379068 -0.489704 -1.24747 -1.32752 -1.05816 -0.454654 -0.205897 -0.381039 -0.732978 -0.710678 0.948668 -0.543143 1.37328 0.830489 0.566087 0.971399 1.26378 -0.271029 0.806216 0.634935 -0.160842 0.635637 0.749461 -0.442129 -0.756356 0.551942
SSB
 3.95242e+06 2.65073e+06 1.34135e+06 729926 813519 912243 1.19404e+06 787408 689285 485460 324869 474062 510355 440898 313813 392512 1.17697e+06 1.15006e+06 2.17313e+06 1.6714e+06 1.79585e+06 2.21049e+06 2.10432e+06 1.75847e+06 2.41861e+06 1.99907e+06 1.64977e+06 1.74392e+06 2.41094e+06 1.67092e+06 1.06975e+06
BT
 5.24766e+06 3.57437e+06 1.82229e+06 1.58847e+06 1.41594e+06 2.41273e+06 1.81892e+06 1.47767e+06 1.23026e+06 917744 838778 1.10416e+06 1.17549e+06 1.18233e+06 1.06161e+06 2.06319e+06 1.91254e+06 4.69419e+06 4.40664e+06 3.01688e+06 4.81513e+06 4.50665e+06 3.32265e+06 5.3929e+06 3.9763e+06 3.42791e+06 4.63168e+06 4.75551e+06 3.27189e+06 2.4788e+06 3.48121e+06
Ftot
 0.107487 0.194253 0.188557 0.280356 0.0938636 0.186511 0.40187 0.0629147 0.24557 0.318636 0.0802191 0.367969 0.34226 0.556161 0.372533 0.318733 0.205015 0.210191 0.302947 0.269624 0.204868 0.259524 0.151873 0.131737 0.13402 0.108466 0.130804 0.109084 0.109016 0.15526 0.157139
BD_Bspro_t
 0.982949 0.873516 0.737523 0.657506 0.652051 0.71769 0.708181 0.566909 0.619576 0.583884 0.554743 0.723726 0.615415 0.532553 0.43395 0.49047 0.643182 0.625627 0.705797 0.618771 0.592187 0.638369 0.653657 0.650023 0.74385 0.751654 0.758762 0.789994 0.828535 0.77258 0.715323
BD_Bspro
 2.71373 1.81999 0.920969 0.501168 0.558563 0.626347 0.819829 0.540635 0.473264 0.333317 0.223056 0.325491 0.35041 0.302721 0.215464 0.269499 0.808106 0.789631 1.49207 1.14758 1.23304 1.51772 1.44483 1.20737 1.66062 1.37257 1.13273 1.19738 1.65535 1.14726 0.734493
BD_Bo
 1.82843 1.22625 0.620519 0.337671 0.376342 0.422013 0.552374 0.364262 0.31887 0.224578 0.150288 0.219306 0.236095 0.203964 0.145173 0.18158 0.544476 0.532028 1.00531 0.773206 0.83078 1.02259 0.973481 0.813484 1.11887 0.924791 0.763198 0.806756 1.11532 0.772985 0.494878
BD_Brms
 11.9956 8.045 4.071 2.21534 2.46904 2.76867 3.62392 2.38979 2.09199 1.47338 0.985982 1.43878 1.54893 1.33813 0.952426 1.19128 3.57211 3.49044 6.59547 5.07272 5.45044 6.70886 6.38665 5.33697 7.34051 6.06721 5.00706 5.29283 7.31723 5.07127 3.24671
Sel_flota
 0.842418 1 1 1 1
 0.842418 1 1 1 1
 0.842418 1 1 1 1
 0.842418 1 1 1 1
 0.842418 1 1 1 1
 0.842418 1 1 1 1
 0.842418 1 1 1 1
 0.842418 1 1 1 1
 0.842418 1 1 1 1
 0.842418 1 1 1 1
 0.842418 1 1 1 1
 0.842418 1 1 1 1
 0.842418 1 1 1 1
 0.842418 1 1 1 1
 0.842418 1 1 1 1
 0.842418 1 1 1 1
 0.842418 1 1 1 1
 0.842418 1 1 1 1
 0.842418 1 1 1 1
 0.842418 1 1 1 1
 0.842418 1 1 1 1
 0.842418 1 1 1 1
 0.842418 1 1 1 1
 0.842418 1 1 1 1
 0.842418 1 1 1 1
 0.842418 1 1 1 1
 0.842418 1 1 1 1
 0.842418 1 1 1 1
 0.842418 1 1 1 1
 0.842418 1 1 1 1
 0.842418 1 1 1 1
Sel_reclas
 1 1 1 1 1
 1 1 1 1 1
 1 1 1 1 1
 1 1 1 1 1
 1 1 1 1 1
 1 1 1 1 1
 1 1 1 1 1
 1 1 1 1 1
 1 1 1 1 1
 1 1 1 1 1
 1 1 1 1 1
 1 1 1 1 1
 1 1 1 1 1
 1 1 1 1 1
 1 1 1 1 1
 1 1 1 1 1
 1 1 1 1 1
 1 1 1 1 1
 1 1 1 1 1
 1 1 1 1 1
 1 1 1 1 1
 1 1 1 1 1
 1 1 1 1 1
 1 1 1 1 1
 1 1 1 1 1
 1 1 1 1 1
 1 1 1 1 1
 1 1 1 1 1
 1 1 1 1 1
 1 1 1 1 1
 1 1 1 1 1
Sel_pelaces
 1 1 1 1 1
 1 1 1 1 1
 1 1 1 1 1
 1 1 1 1 1
 1 1 1 1 1
 1 1 1 1 1
 1 1 1 1 1
 1 1 1 1 1
 1 1 1 1 1
 1 1 1 1 1
 1 1 1 1 1
 1 1 1 1 1
 1 1 1 1 1
 1 1 1 1 1
 1 1 1 1 1
 1 1 1 1 1
 1 1 1 1 1
 1 1 1 1 1
 1 1 1 1 1
 1 1 1 1 1
 1 1 1 1 1
 1 1 1 1 1
 1 1 1 1 1
 1 1 1 1 1
 1 1 1 1 1
 1 1 1 1 1
 1 1 1 1 1
 1 1 1 1 1
 1 1 1 1 1
 1 1 1 1 1
 1 1 1 1 1
pf_obs 
 0.8446 0.082 0.0669 0.0065 0
 0.8095 0.147 0.0364 0.0071 0
 0.9664 0.0169 0.016 0.0007 0
 0.9276 0.0648 0.0075 0.0001 0
 0.7033 0.2144 0.0806 0.0017 0
 0.9318 0.0425 0.0243 0.0014 0
 0.5671 0.3108 0.0964 0.0239 0.0018
 0.0768 0.2599 0.5324 0.112 0.0189
 0.490249 0.384438 0.106611 0.0170017 0.00170017
 0.7925 0.1577 0.0466 0.003 0.0002
 0.840416 0.127587 0.0312969 0.00059994 9.999e-05
 0.8084 0.0986 0.0794 0.0134 0.0002
 0.7335 0.1905 0.0724 0.0035 0.0001
 0.4001 0.4547 0.1325 0.0127 0
 0.49795 0.308269 0.164784 0.0264974 0.00249975
 0.9179 0.0499 0.0305 0.0017 0
 0.2467 0.6533 0.0926 0.0074 0
 0.9418 0.0223 0.034 0.0019 0
 0.707729 0.231977 0.0356964 0.0245975 0
 0.517169 0.277429 0.184464 0.0207286 0.00020938
 0.811772 0.124168 0.05621 0.00726502 0.000585176
 0.764997 0.148141 0.077277 0.00933861 0.000247198
 0.163321 0.427699 0.378323 0.0303852 0.000271297
 0.753843 0.0900009 0.118128 0.0371064 0.000921714
 0.721811 0.176058 0.0630433 0.0369309 0.00215725
 0.143369 0.312575 0.442814 0.0836902 0.0175525
 0.692698 0.0596174 0.167031 0.0765114 0.00414204
 0.394062 0.376323 0.152708 0.0712218 0.00568511
 0.125707 0.32114 0.495352 0.0537591 0.00404204
 0.23352 0.215282 0.420074 0.123614 0.00750983
 0.774587 0.0839891 0.0768558 0.0609784 0.00358967
pf_pred 
 0.434072 0.116083 0.425805 0.0240388 7.66324e-07
 0.410134 0.282584 0.0630295 0.231199 0.0130527
 0.552837 0.204214 0.116389 0.0259601 0.100601
 0.745204 0.152624 0.0466608 0.0265936 0.0289178
 0.645743 0.276661 0.0464803 0.0142101 0.0169055
 0.741244 0.177456 0.0634925 0.010667 0.00714091
 0.471948 0.409669 0.0811873 0.0290483 0.00814727
 0.44225 0.292506 0.20578 0.040781 0.0186836
 0.523999 0.231488 0.128232 0.0902123 0.0260688
 0.682719 0.181542 0.0660123 0.0365673 0.0331593
 0.79959 0.145247 0.0315631 0.011477 0.0121227
 0.72657 0.226053 0.0343361 0.00746147 0.00557892
 0.672075 0.251084 0.0635272 0.00964939 0.00366471
 0.613767 0.276313 0.0841632 0.0212943 0.00446287
 0.71819 0.187621 0.0673832 0.0205245 0.00628128
 0.927217 0.0551826 0.011718 0.00420845 0.00167417
 0.390804 0.572473 0.0278425 0.00591233 0.00296809
 0.891221 0.0475413 0.0575467 0.00279881 0.000892686
 0.595239 0.367694 0.0161998 0.0196091 0.00125788
 0.597192 0.25878 0.130838 0.00576444 0.00742521
 0.737542 0.168905 0.0601021 0.0303874 0.00306332
 0.741165 0.200018 0.0378517 0.0134689 0.0074963
 0.325134 0.524349 0.116314 0.0220114 0.0121916
 0.738871 0.0958647 0.128405 0.0284835 0.0083758
 0.626921 0.288294 0.0311258 0.0416911 0.0119676
 0.437938 0.375937 0.143826 0.0155283 0.0267697
 0.730485 0.130179 0.0931954 0.0356547 0.0104857
 0.688221 0.238537 0.0353769 0.0253263 0.0125389
 0.357874 0.466058 0.134707 0.0199782 0.0213833
 0.425869 0.229993 0.249776 0.0721943 0.022167
 0.821505 0.0842221 0.0377649 0.0410134 0.0154942
pobs_RECLAS
 0 0 0 0 0
 0 0 0 0 0
 0 0 0 0 0
 0 0 0 0 0
 0 0 0 0 0
 0 0 0 0 0
 0 0 0 0 0
 0 0 0 0 0
 0 0 0 0 0
 0 0 0 0 0
 0.991045 0.00858322 0.000360255 1.14367e-05 0
 0.934742 0.0480273 0.0164251 0.00080598 0
 0.827803 0.169806 0.00239088 0 0
 0.941827 0.0461693 0.0120037 0 0
 0.791401 0.0380133 0.147996 0.0225897 0
 0.846168 0.0940531 0.0597789 0 0
 0.134021 0.677848 0.182769 0.00536245 0
 0.80878 0.0450904 0.141981 0.00414843 0
 0.846168 0.0940531 0.0597789 0 0
 0.905697 0.0802665 0.012482 0.00150086 5.37128e-05
 0.989698 0.0102097 9.19794e-05 0 0
 0.975433 0.0193895 0.00387452 0.00125025 5.28907e-05
 0.303575 0.632131 0.0575291 0.00676475 0
 0.966965 0.00978017 0.0227588 0.000495775 0
 0.843318 0.132988 0.00938335 0.0141283 0.000182051
 0.564624 0.303363 0.111486 0.0197234 0.00080311
 0.826376 0.0876187 0.0782897 0.00655872 0.00115652
 0.89761 0.0855135 0.0140674 0.00269457 0.000114338
 0.34875 0.467042 0.161289 0.0227151 0.000203297
 0.318654 0.224769 0.449479 0.00709798 0
 0.937255 0.0296025 0.0250945 0.00804832 0
ppred_RECLAS
 0.476952 0.107287 0.393542 0.0222174 7.0826e-07
 0.452893 0.2621 0.0584606 0.21444 0.0121066
 0.59543 0.184762 0.105302 0.0234873 0.0910181
 0.777159 0.133483 0.0408088 0.0232584 0.0252911
 0.684207 0.246622 0.0414336 0.0126673 0.01507
 0.773246 0.155509 0.05564 0.00934777 0.00625775
 0.516536 0.375077 0.074332 0.0265955 0.00745933
 0.48508 0.270044 0.189978 0.0376494 0.0172489
 0.567438 0.210363 0.11653 0.0819796 0.0236898
 0.719713 0.160375 0.0583153 0.0323036 0.029293
 0.825825 0.126233 0.0274313 0.00997454 0.0105358
 0.760433 0.198058 0.0300838 0.00653741 0.00488801
 0.709882 0.222136 0.056203 0.00853689 0.00324219
 0.655951 0.246134 0.0749711 0.0189685 0.00397545
 0.752755 0.164608 0.0591183 0.0180071 0.00551085
 0.938281 0.0467943 0.00993671 0.00356872 0.00141968
 0.433073 0.532753 0.0259107 0.00550211 0.00276215
 0.907036 0.0406293 0.0491801 0.0023919 0.0007629
 0.636939 0.329813 0.0145308 0.017589 0.00112829
 0.638664 0.232137 0.117368 0.00517096 0.00666074
 0.769916 0.148071 0.0526885 0.0266391 0.00268546
 0.773404 0.175105 0.0331371 0.0117913 0.00656262
 0.364341 0.493887 0.109557 0.0207327 0.0114834
 0.770916 0.0841006 0.112648 0.0249881 0.00734796
 0.666511 0.257701 0.0278228 0.037267 0.0106977
 0.48088 0.347216 0.132838 0.0143419 0.0247245
 0.763226 0.114365 0.0818738 0.0313233 0.00921189
 0.72409 0.211094 0.0313069 0.0224126 0.0110963
 0.398533 0.436547 0.126178 0.0187131 0.0200293
 0.468799 0.212796 0.2311 0.066796 0.0205095
 0.845583 0.072861 0.0326707 0.0354809 0.0134041
pobs_PELACES
 0 0 0 0 0
 0 0 0 0 0
 0 0 0 0 0
 0 0 0 0 0
 0 0 0 0 0
 0 0 0 0 0
 0 0 0 0 0
 0 0 0 0 0
 0 0 0 0 0
 0 0 0 0 0
 0 0 0 0 0
 0 0 0 0 0
 0 0 0 0 0
 0 0 0 0 0
 0 0 0 0 0
 0 0 0 0 0
 0.505614 0.472636 0.0217494 0 0
 0 0 0 0 0
 0.443492 0.261883 0.143347 0.151278 0
 0.227955 0.32914 0.350689 0.0885471 0.00366901
 0.970185 0.0296113 0.000203453 0 0
 0.997202 0.00247181 0.000326279 0 0
 0.445219 0.490057 0.0546422 0.010081 0
 0.90214 0.0892962 0.00764917 0.000914606 0
 0 0 0 0 0
 0.581667 0.319106 0.0959925 0.00289975 0.000334073
 0.762889 0.0836404 0.116647 0.0363945 0.000428098
 0.88444 0.0763242 0.0277011 0.0115352 0
 0.521256 0.241999 0.230069 0.00667565 0
 0.616807 0.101726 0.260614 0.0208532 0
 0.833518 0.0704572 0.0857862 0.0102388 0
ppred_PELACES
 0.478347 0.107001 0.392493 0.0221582 7.06371e-07
 0.455397 0.260901 0.058193 0.213458 0.0120512
 0.59779 0.183684 0.104688 0.0233503 0.0904872
 0.779674 0.131976 0.0403483 0.0229959 0.0250057
 0.685261 0.245799 0.0412954 0.012625 0.0150197
 0.774942 0.154345 0.0552238 0.00927785 0.00621095
 0.521753 0.37103 0.0735299 0.0263085 0.00737884
 0.485897 0.269615 0.189677 0.0375897 0.0172215
 0.57057 0.208839 0.115686 0.0813861 0.0235183
 0.723044 0.158469 0.0576224 0.0319198 0.0289449
 0.826425 0.125799 0.0273369 0.00994022 0.0104995
 0.763901 0.195191 0.0296482 0.00644276 0.00481724
 0.713534 0.21934 0.0554955 0.00842943 0.00320138
 0.662448 0.241486 0.0735553 0.0186103 0.00390037
 0.756343 0.16222 0.0582604 0.0177458 0.00543088
 0.939234 0.0460718 0.0097833 0.00351363 0.00139776
 0.435692 0.530291 0.025791 0.00547669 0.00274939
 0.907953 0.0402283 0.0486946 0.00236829 0.00075537
 0.640574 0.326511 0.0143853 0.0174129 0.001117
 0.641893 0.230062 0.116319 0.00512474 0.00660121
 0.771798 0.14686 0.0522576 0.0264213 0.0026635
 0.77576 0.173284 0.0327925 0.0116687 0.00649437
 0.366172 0.492464 0.109241 0.0206729 0.0114503
 0.772123 0.0836573 0.112054 0.0248564 0.00730923
 0.668059 0.256506 0.0276937 0.0370941 0.010648
 0.482288 0.346274 0.132478 0.014303 0.0246574
 0.764453 0.113772 0.0814495 0.031161 0.00916415
 0.725222 0.210228 0.0311785 0.0223207 0.0110508
 0.399893 0.43556 0.125892 0.0186708 0.0199841
 0.470811 0.21199 0.230225 0.0665431 0.0204319
 0.846647 0.072359 0.0324456 0.0352364 0.0133117
pobs_pel_tallas
 0 0 0 0 0 0 0 0 0 0 0 0 0 0 0 0 0 0 0 0 0 0 0 0 0 0
 0 0 0 0 0 0 0 0 0 0 0 0 0 0 0 0 0 0 0 0 0 0 0 0 0 0
 0 0 0 0 0 0 0 0 0 0 0 0 0 0 0 0 0 0 0 0 0 0 0 0 0 0
 0 0 0 0 0 0 0 0 0 0 0 0 0 0 0 0 0 0 0 0 0 0 0 0 0 0
 0 0 0 0 0 0 0 0 0 0 0 0 0 0 0 0 0 0 0 0 0 0 0 0 0 0
 0 0 0 0 0 0 0 0 0 0 0 0 0 0 0 0 0 0 0 0 0 0 0 0 0 0
 0 0 0 0 0 0 0 0 0 0 0 0 0 0 0 0 0 0 0 0 0 0 0 0 0 0
 0 0 0 0 0 0 0 0 0 0 0 0 0 0 0 0 0 0 0 0 0 0 0 0 0 0
 0 0 0 0 0 0 0 0 0 0 0 0 0 0 0 0 0 0 0 0 0 0 0 0 0 0
 0 0 0 0 0 0 0 0 0 0 0 0 0 0 0 0 0 0 0 0 0 0 0 0 0 0
 0 0 0 0 0 0 0 0 0 0 0 0 0 0 0 0 0 0 0 0 0 0 0 0 0 0
 0 0 0 0 0 0 0 0 0 0 0 0 0 0 0 0 0 0 0 0 0 0 0 0 0 0
 0.00862536 0 0 0.000197151 0.00414017 0.0128641 0.00837892 0.0270097 0.101434 0.158115 0.152841 0.127902 0.109271 0.109419 0.0830992 0.0579132 0.0238553 0.00714673 0.00463305 0.00128148 0.00103504 0.000492878 0.000147863 0.000147863 4.92878e-05 0
 0 0 0 0 0 0 0 0 0 0 0 0 0 0 0 0 0 0 0 0 0 0 0 0 0 0
 0 0 0 0 0 0 0 0.0054083 0.00873648 0.0413646 0.0450493 0.0745869 0.0622846 0.0627006 0.0613931 0.0827291 0.12552 0.122667 0.0946155 0.0697135 0.0546179 0.0294188 0.0215738 0.0213955 0.0102223 0.00600262
 0 0 0 0 0.00359764 0.0251062 0.0480494 0.140153 0.205849 0.193036 0.1447 0.116669 0.0760912 0.0342217 0.00950174 0.001854 0.000860785 0 0 0 0.000165536 0 0.000143464 0 0 0
 0 0 0 0 0 0 0 0.000145254 0.000435761 0.0275982 0.070085 0.0708112 0.156366 0.174668 0.174014 0.160142 0.0824315 0.0480064 0.0283245 0.00493863 0.00203355 0 0 0 0 0
 0 0 0 0 0 0 0 0 0 0 0 0 0 0 0 0 0 0 0 0 0 0 0 0 0 0
 0 0 1.00437e-05 0.000401748 0.00122533 0.00171747 0.00176769 0.0269171 0.070346 0.194647 0.189555 0.159765 0.064822 0.0314167 0.0384472 0.0292271 0.0345202 0.0313363 0.0194345 0.0106764 0.0143323 0.0359363 0.0279516 0.0138201 0.00172751 0
 0 0.0021121 0.0136068 0.0755702 0.200478 0.177729 0.0527432 0.0373336 0.0318909 0.0142505 0.0149659 0.0166563 0.0217959 0.0798694 0.0677717 0.0528807 0.04013 0.0224614 0.0357745 0.0225083 0.00881397 0.00855152 0.00135912 0.000746735 0 0
 0 0 0 0 5.4009e-05 0.00500934 0.000945158 0.0243581 0.138947 0.33067 0.221406 0.137944 0.0707744 0.0437923 0.0131692 0.00525238 0.0047753 0.00276346 9.45158e-05 9.00151e-06 2.25038e-05 9.00151e-06 4.50075e-06 0 0 0
 0.000866109 0.00284123 0.00948549 0.0512746 0.133035 0.25785 0.225252 0.132002 0.0553304 0.0519788 0.0540692 0.017754 0.00435017 0.00159236 0.00146478 0.000404838 0.000125132 0.000115318 0.000107957 0.000100596 0 0 0 0 0 0
 0 0 0 0 0.00144013 0.00171154 0.00461396 0.0210425 0.0478622 0.0707936 0.0888783 0.103762 0.0637923 0.0337046 0.0602308 0.124433 0.169614 0.0934646 0.0462172 0.0250306 0.0313229 0.00938855 0.002487 0.000210481 0 0
 0 0.00764035 0.051015 0.0998891 0.058973 0.0496711 0.0374665 0.0718981 0.12319 0.153886 0.159021 0.0857701 0.0377988 0.023471 0.0147837 0.00900784 0.00315554 0.000888139 0.00291439 0.00214683 0.00393193 0.00274676 0.000635225 9.99891e-05 0 0
 0 0 0 0 0 0 0 0 0 0 0 0 0 0 0 0 0 0 0 0 0 0 0 0 0 0
 0 0 0 0 0 0 0 0 0 0 0 0 0 0 0 0 0 0 0 0 0 0 0 0 0 0
 0 0 0 0 0 0 0 0 0 0 0 0 0 0 0 0 0 0 0 0 0 0 0 0 0 0
 0 0 0 0 0 0 0 0 0 0 0 0 0 0 0 0 0 0 0 0 0 0 0 0 0 0
 0 0 0 0 0 0 0 0 0 0 0 0 0 0 0 0 0 0 0 0 0 0 0 0 0 0
 0 0 0 0 0 0 0 0 0 0 0 0 0 0 0 0 0 0 0 0 0 0 0 0 0 0
 0 0 0 0 0 0 0 0 0 0 0 0 0 0 0 0 0 0 0 0 0 0 0 0 0 0
ppred_pel_tallas
 1.13577e-16 3.94008e-05 0.00038299 0.0025451 0.0115697 0.0359976 0.0766972 0.111944 0.111955 0.0767507 0.0361791 0.0121014 0.00390796 0.00345136 0.00613941 0.0107966 0.017196 0.0250441 0.0339369 0.0434811 0.0531606 0.0619824 0.0683313 0.0704154 0.0671474 0.0588473
 1.25193e-16 3.75105e-05 0.000364615 0.002423 0.0110146 0.0342707 0.0730182 0.106578 0.106603 0.0731417 0.0346856 0.0122145 0.00544134 0.00697594 0.0126629 0.0210688 0.0308362 0.0398959 0.0462641 0.0492805 0.0500911 0.050829 0.053081 0.0568148 0.0604666 0.061941
 1.20723e-16 4.92392e-05 0.000478623 0.00318062 0.0144586 0.0449863 0.0958487 0.139898 0.139916 0.095936 0.0452798 0.0153084 0.005321 0.00517616 0.00904578 0.0150778 0.0222005 0.0289729 0.0339919 0.0367151 0.0377956 0.0385569 0.0400162 0.042226 0.0443444 0.0452203
 1.07737e-16 6.42207e-05 0.000624248 0.00414835 0.0188578 0.0586737 0.125011 0.18246 0.182473 0.125073 0.0588834 0.0194639 0.00567218 0.00395878 0.00642122 0.0105791 0.0153921 0.0197047 0.0224004 0.023009 0.0219922 0.0204032 0.019189 0.0186798 0.0185742 0.0182915
 1.05063e-16 5.64441e-05 0.000548656 0.00364602 0.0165743 0.0515688 0.109874 0.160369 0.160393 0.10999 0.0519578 0.017698 0.0064675 0.00671056 0.0117669 0.0193851 0.027972 0.0352919 0.03911 0.0384129 0.0340119 0.0279789 0.0223792 0.0182896 0.0156696 0.013879
 1.03615e-16 6.3831e-05 0.00062046 0.00412317 0.0187434 0.0583176 0.124252 0.181353 0.181368 0.124325 0.0585628 0.0194523 0.00590526 0.00451947 0.00749431 0.0123555 0.0179488 0.0228991 0.0258415 0.0261371 0.0242209 0.0212405 0.0182962 0.0158954 0.0139462 0.0121171
 1.06104e-16 4.29761e-05 0.000417743 0.00277605 0.0126196 0.0392643 0.0836581 0.122109 0.122145 0.0838331 0.0398518 0.014317 0.00703886 0.00972994 0.0177477 0.0293232 0.0423578 0.0535241 0.0594555 0.0586038 0.0521412 0.0431111 0.0345395 0.0279933 0.0234261 0.0199732
 1.12227e-16 4.00227e-05 0.000389035 0.00258528 0.0117523 0.036566 0.0779086 0.113715 0.113742 0.0780369 0.0369975 0.0130019 0.00573382 0.00730225 0.0132869 0.0222101 0.0327113 0.0426485 0.0498292 0.0532041 0.0533649 0.0518605 0.0499431 0.0478164 0.0448722 0.0404823
 1.15534e-16 4.69971e-05 0.000456829 0.00303579 0.0138003 0.0429379 0.0914845 0.133528 0.133549 0.0915837 0.0432716 0.0147663 0.00546889 0.00579638 0.0102717 0.0171306 0.0252094 0.0328594 0.0384498 0.0412994 0.0420509 0.0420835 0.0424392 0.043139 0.043334 0.0420068
 1.09803e-16 5.95562e-05 0.000578907 0.00384704 0.0174881 0.0544121 0.115931 0.169208 0.169224 0.116006 0.0546641 0.0182171 0.00568038 0.00459322 0.00771987 0.0127661 0.0186207 0.0239317 0.0273788 0.0284051 0.0275476 0.0260233 0.0248975 0.0244928 0.0243977 0.0239088
 1.03595e-16 6.80715e-05 0.000661679 0.00439709 0.0199886 0.0621919 0.132507 0.1934 0.193412 0.132566 0.0623912 0.0205645 0.0058438 0.00382311 0.00608199 0.00997334 0.014424 0.0182771 0.020407 0.020309 0.0183965 0.015704 0.0132388 0.0114876 0.0103692 0.00951624
 1.02367e-16 6.29216e-05 0.00061162 0.00406443 0.0184763 0.0574868 0.122482 0.178771 0.178789 0.122574 0.0577956 0.0193681 0.00630314 0.00549939 0.00934759 0.0153589 0.0221312 0.0278566 0.0307361 0.029941 0.0260994 0.0208589 0.0158901 0.0121078 0.00956133 0.00782593
 1.03045e-16 5.87729e-05 0.000571293 0.00379645 0.0172581 0.0536965 0.114407 0.166985 0.167006 0.11451 0.0540441 0.0182627 0.00632003 0.00608639 0.0105508 0.017396 0.0251617 0.0318653 0.0355172 0.035185 0.031519 0.026255 0.021121 0.0170157 0.0139412 0.0114705
 1.04711e-16 5.4565e-05 0.000530391 0.00352464 0.0160225 0.0498521 0.106216 0.15503 0.155054 0.10633 0.0502353 0.0171302 0.00630835 0.00661777 0.0116465 0.0192488 0.0279134 0.035501 0.0398576 0.0399786 0.0365667 0.0314718 0.02649 0.0224856 0.0193553 0.0165789
 1.04422e-16 6.2299e-05 0.000605569 0.00402422 0.0182935 0.056918 0.12127 0.177001 0.177017 0.121347 0.0571758 0.0190388 0.00589798 0.0047058 0.00787827 0.0130018 0.0189026 0.0241489 0.0273198 0.0277584 0.0259316 0.023043 0.0202274 0.0179759 0.0161382 0.0143169
 1.00884e-16 7.73634e-05 0.000752 0.00499731 0.022717 0.0706811 0.150594 0.219797 0.219801 0.150616 0.0707541 0.0229279 0.00552691 0.00190914 0.00227796 0.0036514 0.0052713 0.00666894 0.00742417 0.00734618 0.00658059 0.00550291 0.00448395 0.0037116 0.00317342 0.0027571
 1.01895e-16 3.58875e-05 0.000348839 0.00231816 0.0105381 0.0327881 0.0698603 0.101974 0.102025 0.0701097 0.0336249 0.0129542 0.00837908 0.0135668 0.0251007 0.0413386 0.059309 0.0740831 0.0806613 0.0767393 0.0641071 0.0474965 0.0318385 0.0200371 0.0125273 0.00823863
 1.01781e-16 7.47869e-05 0.000726956 0.00483088 0.0219605 0.0683272 0.145578 0.212477 0.212481 0.145598 0.0683922 0.0221491 0.00530752 0.00177804 0.00210186 0.00343667 0.00512957 0.00683661 0.00824735 0.00919555 0.00971169 0.00992076 0.00988333 0.00953404 0.0087646 0.00755738
 1.02434e-16 5.27633e-05 0.000512878 0.00340826 0.0154935 0.0482061 0.102709 0.149914 0.149945 0.102863 0.0487214 0.0169813 0.00714083 0.0086538 0.0154926 0.0254739 0.0365642 0.0457194 0.0498824 0.0476624 0.0401869 0.0303766 0.0212416 0.0145031 0.0103308 0.00796442
 1.05047e-16 5.28719e-05 0.000513934 0.00341527 0.0155253 0.0483052 0.10292 0.15022 0.150242 0.103029 0.0486717 0.0165856 0.00608275 0.00635746 0.0112104 0.0186041 0.0271535 0.0348897 0.03981 0.0409404 0.0388282 0.0350077 0.0309169 0.0271694 0.0236215 0.0199269
 1.04647e-16 6.3572e-05 0.000617942 0.00410644 0.0186673 0.058081 0.123748 0.180617 0.180631 0.123818 0.0583144 0.0193422 0.00580346 0.00433201 0.00714535 0.0117865 0.0171493 0.0219423 0.0248935 0.0254247 0.0239714 0.0216221 0.019381 0.0176454 0.0162169 0.0146787
 1.0326e-16 6.38984e-05 0.000621115 0.00412753 0.0187632 0.0583792 0.124384 0.181545 0.181562 0.124465 0.0586536 0.0195558 0.00611797 0.004969 0.0083295 0.0136911 0.0197689 0.0249736 0.0277318 0.0273259 0.0243135 0.0201293 0.0161984 0.0132555 0.011268 0.00980691
 1.0729e-16 3.01612e-05 0.000293177 0.00194827 0.00885658 0.0275564 0.0587135 0.085704 0.0857515 0.0589458 0.0283364 0.0111106 0.00760916 0.0126613 0.0235497 0.038964 0.0563115 0.0712016 0.0791607 0.0781083 0.069554 0.0574804 0.0458637 0.0367887 0.0302599 0.0252408
 1.06985e-16 6.35988e-05 0.000618203 0.00410818 0.0186752 0.0581054 0.1238 0.180692 0.1807 0.12384 0.0582412 0.0190693 0.0051054 0.00282166 0.00432629 0.00725577 0.0109245 0.0147427 0.0181327 0.0208051 0.0228451 0.0244701 0.0256837 0.0261593 0.0254561 0.0233587
 1.06387e-16 5.50272e-05 0.000534884 0.00355449 0.0161582 0.0502743 0.107116 0.156344 0.156368 0.107236 0.0506799 0.0173297 0.00649533 0.00695541 0.0122513 0.0201758 0.0290862 0.0366509 0.0405516 0.0397686 0.0352117 0.0291128 0.0236679 0.0199743 0.0178824 0.016565
 1.09519e-16 3.97255e-05 0.000386146 0.00256608 0.011665 0.0362944 0.0773303 0.112873 0.112906 0.0774941 0.0368448 0.0132564 0.00656722 0.0091423 0.0167328 0.0277662 0.0403841 0.0516021 0.0583826 0.0593042 0.0553382 0.0490358 0.0428249 0.0377965 0.0337017 0.029765
 1.07056e-16 6.2967e-05 0.000612062 0.00406737 0.0184897 0.0575283 0.12257 0.178897 0.178909 0.122625 0.0577105 0.0190176 0.00539802 0.00353541 0.00566973 0.00941807 0.0139024 0.0182069 0.0214371 0.0231871 0.0237328 0.0237256 0.0236451 0.0234791 0.0228394 0.0213339
 1.05063e-16 5.97356e-05 0.000580651 0.00385863 0.0175408 0.054576 0.116281 0.169719 0.16974 0.11638 0.0549087 0.0185017 0.0062713 0.00584958 0.0100728 0.0165761 0.0239193 0.0301869 0.0334792 0.0329495 0.0293157 0.0243683 0.0198716 0.0167128 0.014793 0.013488
 1.08999e-16 3.29387e-05 0.000320176 0.00212768 0.00967217 0.0300939 0.0641199 0.0935936 0.0936357 0.0643256 0.0307849 0.0116692 0.00714547 0.0112908 0.0209175 0.0346579 0.0502256 0.063796 0.0714722 0.0714396 0.0649896 0.0555157 0.0463397 0.0391022 0.0336634 0.0290684
 1.16829e-16 3.87801e-05 0.000376956 0.00250501 0.0113874 0.0354306 0.0754894 0.110183 0.110204 0.075591 0.0357728 0.0123802 0.00501331 0.00590706 0.010702 0.0180531 0.0269945 0.0360389 0.0436613 0.0491366 0.0528172 0.0555282 0.0576241 0.0585661 0.0573391 0.053259
 1.06742e-16 6.97372e-05 0.000677871 0.00450469 0.0204777 0.0637137 0.135749 0.198131 0.198138 0.135783 0.0638291 0.0208118 0.00534593 0.00252301 0.00360029 0.00591279 0.0086841 0.0113013 0.0132066 0.0141899 0.0145163 0.0147119 0.0151701 0.0158881 0.0165054 0.0165584
pSPR Fmed_Fpbrs
0.691931   0.202424 0.202424
Fs Fmed_Fpbrs
0.191137   1.005 1.005
SSBpbr Bo_Bmed_Bpbrs
2.16165e+06  1.38763e+06  329488 329488
Ro
203758
SPR SPRFo_SPRFmed_SPRFpbrs
1.45645e+06 1.00776e+06 294821
Fref
1.005
Nvult_r0
 239817 21165 9490.31 10306.6 3893.67
CTP_r0
 28035 2874.2 1288.78 1399.64 528.76
YTP_r0
391299
Np
 279180 114034 9705.05 4351.72 6211.83
Nvult_p0
 235134 98678.5 8398.17 3765.71 5375.34
CTP_p0
 107803 49462.3 4209.55 1887.55 2694.37
YTP_p0
 1.85372e+06
CBA_c0
830025
log_Ro
12.0447
likeval ReclasPelacesDesembMPH_pf_preclas_ppelaces_ptallas_desvR_qrecl_qpela
 15.2373 17.2839 0.0874988 0.000812264 241.293 119.704 98.1675 0 23.0303 4.73422e-06 7.67757e-07 0.446071 0 0 0
q_reclas_q_pelaces
0.734677 0.882798
M
1
N
 220415 50002.6 183415 10354.7 0.330093
 126038 74066.5 16520.3 60598.2 3421.18
 124999 39367.6 22437 5004.49 19393.4
 223418 39230.7 11993.8 6835.66 7433.08
 178730 64901.3 10903.7 3333.52 3965.83
 297675 60752.2 21736.7 3651.87 2444.7
 124865 93586.2 18546.7 6635.89 1861.19
 58525.4 32743 23034.9 4565.01 2091.44
 54023.1 20418.9 11311 7957.37 2299.45
 70723.1 16160 5876.08 3255.04 2951.67
 129319 19892.6 4322.8 1571.85 1660.3
 165842 44465 6753.96 1467.68 1097.38
 139198 44748.3 11321.8 1719.72 653.126
 97901 38381.3 11690.7 2957.88 619.916
 100109 22543.3 8096.31 2466.09 754.717
 526159 26908.1 5713.91 2052.12 816.358
 118367 147983 7197.22 1528.32 767.245
 804495 36637.9 44348.6 2156.92 687.953
 467511 247930 10923.2 13222.1 848.17
 358892 133249 67370 2968.17 3823.32
 538256 105202 37434.5 18926.7 1907.98
 721056 166626 31532.5 11220.3 6244.82
 155385 213170 47286.5 8948.57 4956.41
 456300 50298 67371.1 14944.6 4394.59
 384471 150231 16219.7 21725.3 6236.37
 173485 126339 48334.9 5218.49 8996.32
 384742 58248.5 41700.1 15953.6 4691.81
 431124 126771 18801.1 13459.7 6663.81
 130949 144677 41816.7 6201.75 6637.95
 95638.8 43946.3 47726.4 13794.6 4235.61
 353851 30870 13842 15032.7 5679.09
pred_Ctot
 12151.5 3249.64 11920 672.945 0.0214526
 12188.4 8397.85 1873.11 6870.78 387.902
 11756.3 4342.69 2475.05 552.052 2139.31
 30285.2 6202.67 1896.3 1080.77 1175.23
 8645.17 3703.92 622.275 190.244 226.33
 27712.3 6634.39 2373.74 398.8 266.971
 23299.3 20224.7 4008.09 1434.07 402.218
 1918 1268.57 892.453 176.864 81.0295
 6490.19 2867.18 1588.27 1117.36 322.885
 10756.8 2860.34 1040.08 576.147 522.451
 5371.27 975.7 212.026 77.0968 81.4348
 28654.7 8915.16 1354.16 294.267 220.023
 22562.6 8429.3 2132.71 323.946 123.03
 24042.3 10823.6 3296.81 834.131 174.818
 17485.1 4567.83 1640.51 499.691 152.924
 80048.9 4764.05 1011.64 363.326 144.535
 12036.5 17631.8 857.531 182.096 91.4154
 83725.1 4466.23 5406.19 262.932 83.8628
 67962 41981.8 1849.62 2238.89 143.62
 46956.5 20347.6 10287.7 453.251 583.836
 54697.6 12526.4 4457.29 2253.59 227.182
 91117.1 24589.7 4653.39 1655.83 921.578
 11919.9 19223.4 4264.25 806.972 446.964
 30573.8 3966.79 5313.27 1178.62 346.583
 26186.8 12042.2 1300.14 1741.46 499.895
 9648.03 8282.12 3168.58 342.097 589.751
 25604.7 4563.01 3266.65 1249.76 367.542
 24107.6 8355.69 1239.22 887.153 439.224
 7317.96 9530.16 2754.56 408.522 437.256
 7491.5 4045.83 4393.84 1269.98 389.942
 28035 2874.2 1288.78 1399.64 528.76
F
 0.0905493 0.107487 0.107487 0.107487 0.107487
 0.163642 0.194253 0.194253 0.194253 0.194253
 0.158844 0.188557 0.188557 0.188557 0.188557
 0.236177 0.280356 0.280356 0.280356 0.280356
 0.0790723 0.0938636 0.0938636 0.0938636 0.0938636
 0.15712 0.186511 0.186511 0.186511 0.186511
 0.338543 0.40187 0.40187 0.40187 0.40187
 0.0530004 0.0629147 0.0629147 0.0629147 0.0629147
 0.206873 0.24557 0.24557 0.24557 0.24557
 0.268424 0.318636 0.318636 0.318636 0.318636
 0.067578 0.0802191 0.0802191 0.0802191 0.0802191
 0.309983 0.367969 0.367969 0.367969 0.367969
 0.288326 0.34226 0.34226 0.34226 0.34226
 0.468519 0.556161 0.556161 0.556161 0.556161
 0.313829 0.372533 0.372533 0.372533 0.372533
 0.268506 0.318733 0.318733 0.318733 0.318733
 0.172708 0.205015 0.205015 0.205015 0.205015
 0.177069 0.210191 0.210191 0.210191 0.210191
 0.255207 0.302947 0.302947 0.302947 0.302947
 0.227136 0.269624 0.269624 0.269624 0.269624
 0.172584 0.204868 0.204868 0.204868 0.204868
 0.218627 0.259524 0.259524 0.259524 0.259524
 0.127941 0.151873 0.151873 0.151873 0.151873
 0.110977 0.131737 0.131737 0.131737 0.131737
 0.112901 0.13402 0.13402 0.13402 0.13402
 0.0913737 0.108466 0.108466 0.108466 0.108466
 0.110191 0.130804 0.130804 0.130804 0.130804
 0.0918947 0.109084 0.109084 0.109084 0.109084
 0.0918368 0.109016 0.109016 0.109016 0.109016
 0.130793 0.15526 0.15526 0.15526 0.15526
 0.132377 0.157139 0.157139 0.157139 0.157139
nmprior
 8.19 8.8 8.5 0
nm_flota  nm_reclas  nm_pelaces    nm_pelaL
inf 11.8661 18.3022 43.778
cv_recla  cv_pelaces  cv_mph
0.353085 0.471404 0.879537
 ------------------------------------------------
Talla a la edad & desviaci?n 
 8 13.2811 15.8009 17.003 17.5766
 0.8 1.32811 1.58009 1.7003 1.75766
