years
 1991 1992 1993 1994 1995 1996 1997 1998 1999 2000 2001 2002 2003 2004 2005 2006 2007 2008 2009 2010 2011 2012 2013 2014 2015 2016 2017 2018 2019 2020 2021
reclasobs
 0 0 0 0 0 0 0 0 0 252601 567819 844713 477998 351125 339783 2.1784e+06 2.13404e+06 4.81314e+06 1.55562e+06 2.62356e+06 3.21686e+06 3.843e+06 1.13348e+06 3.07943e+06 1.97215e+06 2.03268e+06 2.025e+06 2.42433e+06 2.27542e+06 1.05018e+06 2.36338e+06
reclaspred
 3.3923e+06 1.93338e+06 985708 1.05581e+06 1.0997e+06 1.68469e+06 1.14688e+06 1.03048e+06 744731 541805 544161 663538 657268 533085 540522 1.2355e+06 1.24803e+06 2.65554e+06 2.207e+06 1.65948e+06 2.93405e+06 2.3895e+06 1.94749e+06 2.98834e+06 2.25696e+06 2.00714e+06 2.33227e+06 2.42314e+06 2.01913e+06 1.32475e+06 1.94922e+06
pelacesobs
 0 0 0 0 0 0 0 0 0 0 0 0 0 0 0 552880 188675 0 991730 2.46772e+06 1.41603e+06 1.21717e+06 2.29649e+06 1.80582e+06 0 1.4828e+06 1.56532e+06 1.57751e+06 1.42118e+06 867257 1.10002e+06
pelacespred
 2.21029e+06 1.41258e+06 728010 612389 659909 1.02659e+06 706620 727459 527937 367123 366928 375878 405498 350133 356750 660007 700832 1.6168e+06 1.45281e+06 1.02583e+06 1.68727e+06 1.535e+06 1.26048e+06 2.02116e+06 1.53789e+06 1.35456e+06 1.73433e+06 1.78347e+06 1.28261e+06 947425 1.3119e+06
mphobs
 0 0 0 0 0 0 0 0 0 0 0 498337 0 5186 125008 0 168611 109162 213762 579715 649985 157893 87575 83554 0 0 0 0 0 0 0
mphpred
 511214 343951 175374 96017.9 116207 134211 175652 120410 104051 72895.5 47957.7 63537.5 67300 58451.1 42307.2 52243.7 142716 142907 263139 203063 218171 268070 255756 216052 298882 247056 204864 213709 290324 203172 133367
desembarqueobs
 494567 514787 250237 358949 120608 361735 552515 73892 212993 205616 52469 317467 293654 387597 252695 516296 358380 742168 942051 627588 828172 859565 418607 520667 417249 300574 415391 372974 316634 284311 391294
desembarquepred
 494574 513129 251136 358969 120612 361750 552577 73895.3 213036 205658 52471.3 317538 293714 387665 252703 516292 358409 742104 941946 627513 828258 859629 418626 520694 417257 300582 415400 372969 316636 284325 391302
Reclutas
 230506 132502 131097 265440 212766 337519 142597 68049.5 59858.5 76084 134601 171817 145512 102693 104995 514616 127242 793184 471093 358791 536464 722574 161012 463454 388772 178183 385404 426339 135719 101477 369958
log_desv_Rt
 0.0733309 -0.480344 -0.491006 0.214445 -0.00675121 0.454678 -0.406919 -1.14671 -1.27496 -1.03511 -0.464629 -0.220513 -0.386683 -0.735198 -0.713032 0.876476 -0.520852 1.30911 0.788111 0.515796 0.918055 1.21587 -0.285465 0.771762 0.596048 -0.184135 0.587348 0.68829 -0.456357 -0.747109 0.546444
SSB
 4.20185e+06 2.82706e+06 1.44146e+06 789206 955146 1.10313e+06 1.44375e+06 989690 855237 599155 394182 522238 553163 480431 347738 429410 1.17303e+06 1.1746e+06 2.16284e+06 1.66905e+06 1.79322e+06 2.20336e+06 2.10215e+06 1.77581e+06 2.45662e+06 2.03064e+06 1.68385e+06 1.75655e+06 2.38628e+06 1.66995e+06 1.09619e+06
BT
 5.56442e+06 3.79964e+06 1.94947e+06 1.78596e+06 1.66694e+06 2.81236e+06 2.1568e+06 1.80378e+06 1.4675e+06 1.076e+06 938987 1.17971e+06 1.25039e+06 1.25866e+06 1.13442e+06 2.07361e+06 1.94329e+06 4.67701e+06 4.4065e+06 3.01316e+06 4.80271e+06 4.50091e+06 3.34804e+06 5.4641e+06 4.0326e+06 3.4928e+06 4.67704e+06 4.7425e+06 3.25643e+06 2.50437e+06 3.6112e+06
Ftot
 0.100942 0.181579 0.175407 0.244499 0.0784217 0.156118 0.329755 0.0509413 0.201535 0.265503 0.0712867 0.339661 0.316771 0.509695 0.340869 0.312553 0.201169 0.207583 0.301262 0.26791 0.203565 0.257624 0.150143 0.128518 0.131221 0.10589 0.130624 0.113754 0.108297 0.149454 0.149146
BD_Bspro_t
 0.983979 0.880528 0.751274 0.676284 0.686388 0.751946 0.744737 0.621234 0.669264 0.634654 0.603113 0.744632 0.636312 0.555171 0.459835 0.512368 0.643507 0.631407 0.705437 0.618766 0.591875 0.637543 0.653006 0.651632 0.746277 0.754059 0.761683 0.788801 0.823019 0.770245 0.719805
BD_Bspro
 2.74427 1.84638 0.941432 0.515437 0.623814 0.720461 0.942925 0.646375 0.558563 0.391313 0.257444 0.341078 0.361276 0.313774 0.227111 0.280451 0.766118 0.767143 1.41257 1.09007 1.17117 1.43904 1.37293 1.1598 1.60444 1.32623 1.09974 1.14722 1.5585 1.09066 0.715932
BD_Bo
 1.89635 1.27589 0.650552 0.35618 0.431071 0.497856 0.651584 0.446661 0.38598 0.270407 0.1779 0.235693 0.24965 0.216825 0.156939 0.193799 0.529406 0.530114 0.976118 0.753263 0.809307 0.994408 0.948729 0.801449 1.10871 0.916458 0.759944 0.792756 1.07696 0.75367 0.494727
BD_Brms
 12.7285 8.56393 4.36658 2.39072 2.8934 3.34167 4.37351 2.99804 2.59074 1.815 1.19408 1.582 1.67568 1.45536 1.05339 1.3008 3.55344 3.55819 6.55182 5.05599 5.43216 6.67459 6.36798 5.37942 7.44177 6.15137 5.10083 5.32107 7.22868 5.05872 3.32066
Sel_flota
 0.859472 1 1 1 1
 0.859472 1 1 1 1
 0.859472 1 1 1 1
 0.859472 1 1 1 1
 0.859472 1 1 1 1
 0.859472 1 1 1 1
 0.859472 1 1 1 1
 0.859472 1 1 1 1
 0.859472 1 1 1 1
 0.859472 1 1 1 1
 0.859472 1 1 1 1
 0.859472 1 1 1 1
 0.859472 1 1 1 1
 0.859472 1 1 1 1
 0.859472 1 1 1 1
 0.859472 1 1 1 1
 0.859472 1 1 1 1
 0.859472 1 1 1 1
 0.859472 1 1 1 1
 0.859472 1 1 1 1
 0.859472 1 1 1 1
 0.859472 1 1 1 1
 0.859472 1 1 1 1
 0.859472 1 1 1 1
 0.859472 1 1 1 1
 0.859472 1 1 1 1
 0.859472 1 1 1 1
 0.859472 1 1 1 1
 0.859472 1 1 1 1
 0.859472 1 1 1 1
 0.859472 1 1 1 1
Sel_reclas
 1 1 1 1 1
 1 1 1 1 1
 1 1 1 1 1
 1 1 1 1 1
 1 1 1 1 1
 1 1 1 1 1
 1 1 1 1 1
 1 1 1 1 1
 1 1 1 1 1
 1 1 1 1 1
 1 1 1 1 1
 1 1 1 1 1
 1 1 1 1 1
 1 1 1 1 1
 1 1 1 1 1
 1 1 1 1 1
 1 1 1 1 1
 1 1 1 1 1
 1 1 1 1 1
 1 1 1 1 1
 1 1 1 1 1
 1 1 1 1 1
 1 1 1 1 1
 1 1 1 1 1
 1 1 1 1 1
 1 1 1 1 1
 1 1 1 1 1
 1 1 1 1 1
 1 1 1 1 1
 1 1 1 1 1
 1 1 1 1 1
Sel_pelaces
 0.894437 1 1 1 1
 0.894437 1 1 1 1
 0.894437 1 1 1 1
 0.894437 1 1 1 1
 0.894437 1 1 1 1
 0.894437 1 1 1 1
 0.894437 1 1 1 1
 0.894437 1 1 1 1
 0.894437 1 1 1 1
 0.894437 1 1 1 1
 0.894437 1 1 1 1
 0.894437 1 1 1 1
 0.894437 1 1 1 1
 0.894437 1 1 1 1
 0.894437 1 1 1 1
 0.894437 1 1 1 1
 0.894437 1 1 1 1
 0.894437 1 1 1 1
 0.894437 1 1 1 1
 0.894437 1 1 1 1
 0.894437 1 1 1 1
 0.894437 1 1 1 1
 0.894437 1 1 1 1
 0.894437 1 1 1 1
 0.894437 1 1 1 1
 0.894437 1 1 1 1
 0.894437 1 1 1 1
 0.894437 1 1 1 1
 0.894437 1 1 1 1
 0.894437 1 1 1 1
 0.894437 1 1 1 1
pf_obs 
 0.8446 0.082 0.0669 0.0065 0
 0.8095 0.147 0.0364 0.0071 0
 0.9664 0.0169 0.016 0.0007 0
 0.9276 0.0648 0.0075 0.0001 0
 0.7033 0.2144 0.0806 0.0017 0
 0.9318 0.0425 0.0243 0.0014 0
 0.5671 0.3108 0.0964 0.0239 0.0018
 0.0768 0.2599 0.5324 0.112 0.0189
 0.490249 0.384438 0.106611 0.0170017 0.00170017
 0.7925 0.1577 0.0466 0.003 0.0002
 0.840416 0.127587 0.0312969 0.00059994 9.999e-05
 0.8084 0.0986 0.0794 0.0134 0.0002
 0.7335 0.1905 0.0724 0.0035 0.0001
 0.4001 0.4547 0.1325 0.0127 0
 0.49795 0.308269 0.164784 0.0264974 0.00249975
 0.9179 0.0499 0.0305 0.0017 0
 0.2467 0.6533 0.0926 0.0074 0
 0.9418 0.0223 0.034 0.0019 0
 0.707729 0.231977 0.0356964 0.0245975 0
 0.517169 0.277429 0.184464 0.0207286 0.00020938
 0.811772 0.124168 0.05621 0.00726502 0.000585176
 0.764997 0.148141 0.077277 0.00933861 0.000247198
 0.163321 0.427699 0.378323 0.0303852 0.000271297
 0.753843 0.0900009 0.118128 0.0371064 0.000921714
 0.721811 0.176058 0.0630433 0.0369309 0.00215725
 0.143369 0.312575 0.442814 0.0836902 0.0175525
 0.692698 0.0596174 0.167031 0.0765114 0.00414204
 0.394062 0.376323 0.152708 0.0712218 0.00568511
 0.125707 0.32114 0.495352 0.0537591 0.00404204
 0.23352 0.215282 0.420074 0.123614 0.00750983
 0.774587 0.0839891 0.0768558 0.0609784 0.00358967
pf_pred 
 0.436159 0.110375 0.430258 0.0232059 7.59181e-07
 0.413181 0.279195 0.0602194 0.234743 0.0126612
 0.553412 0.202786 0.115996 0.025019 0.102788
 0.768109 0.137746 0.0427495 0.0244532 0.0269431
 0.64921 0.279697 0.0422303 0.0131062 0.0157571
 0.732416 0.1831 0.0673613 0.0101706 0.00695137
 0.467402 0.406581 0.0862296 0.0317233 0.00806346
 0.431969 0.290964 0.211511 0.0448583 0.0206978
 0.505382 0.232711 0.134157 0.0975234 0.0302265
 0.662352 0.184803 0.0719116 0.0414569 0.0394769
 0.784959 0.150545 0.0353 0.0137362 0.0154595
 0.723603 0.223971 0.0367019 0.00860593 0.00711772
 0.671525 0.249048 0.0643622 0.010547 0.00451848
 0.612201 0.275183 0.0853844 0.0220662 0.0051651
 0.712668 0.18893 0.0698262 0.0216658 0.00690979
 0.921165 0.0589822 0.0130541 0.00482462 0.00197442
 0.416317 0.54467 0.0291887 0.0064601 0.00336466
 0.889105 0.0507565 0.0561186 0.00300738 0.00101227
 0.604102 0.358166 0.0172699 0.0190944 0.00136769
 0.601698 0.257129 0.127719 0.00615827 0.00729656
 0.740846 0.16653 0.0597946 0.0297006 0.00312889
 0.745898 0.196133 0.0372505 0.0133752 0.00734351
 0.337448 0.515006 0.113886 0.0216298 0.0120305
 0.742965 0.0963932 0.124868 0.0276126 0.00816122
 0.630173 0.285761 0.0315264 0.0408393 0.0117002
 0.445843 0.369704 0.142525 0.015724 0.0262044
 0.730343 0.130969 0.0925253 0.0356696 0.0104934
 0.688972 0.23672 0.0360905 0.0254968 0.0127209
 0.373482 0.452571 0.13239 0.0201842 0.0213738
 0.443247 0.229222 0.236595 0.0692106 0.0217257
 0.825402 0.0845016 0.0370935 0.0382867 0.0147157
pobs_RECLAS
 0 0 0 0 0
 0 0 0 0 0
 0 0 0 0 0
 0 0 0 0 0
 0 0 0 0 0
 0 0 0 0 0
 0 0 0 0 0
 0 0 0 0 0
 0 0 0 0 0
 0 0 0 0 0
 0.991045 0.00858322 0.000360255 1.14367e-05 0
 0.934742 0.0480273 0.0164251 0.00080598 0
 0.827803 0.169806 0.00239088 0 0
 0.941827 0.0461693 0.0120037 0 0
 0.791401 0.0380133 0.147996 0.0225897 0
 0.846168 0.0940531 0.0597789 0 0
 0.134021 0.677848 0.182769 0.00536245 0
 0.80878 0.0450904 0.141981 0.00414843 0
 0.846168 0.0940531 0.0597789 0 0
 0.905697 0.0802665 0.012482 0.00150086 5.37128e-05
 0.989698 0.0102097 9.19794e-05 0 0
 0.975433 0.0193895 0.00387452 0.00125025 5.28907e-05
 0.303575 0.632131 0.0575291 0.00676475 0
 0.966965 0.00978017 0.0227588 0.000495775 0
 0.843318 0.132988 0.00938335 0.0141283 0.000182051
 0.564624 0.303363 0.111486 0.0197234 0.00080311
 0.826376 0.0876187 0.0782897 0.00655872 0.00115652
 0.89761 0.0855135 0.0140674 0.00269457 0.000114338
 0.34875 0.467042 0.161289 0.0227151 0.000203297
 0.318654 0.224769 0.449479 0.00709798 0
 0.937255 0.0296025 0.0250945 0.00804832 0
ppred_RECLAS
 0.474009 0.102966 0.401376 0.0216481 7.08219e-07
 0.450917 0.261241 0.0563468 0.219648 0.011847
 0.591034 0.185703 0.106224 0.0229113 0.0941286
 0.794543 0.122044 0.0378764 0.0216657 0.0238717
 0.683082 0.252689 0.0381526 0.0118407 0.0142356
 0.761406 0.163264 0.0600635 0.00906875 0.00619827
 0.506442 0.376779 0.079909 0.0293979 0.00747241
 0.469595 0.271691 0.197501 0.0418869 0.0193268
 0.543813 0.21463 0.123733 0.0899459 0.027878
 0.696145 0.166307 0.0647144 0.0373077 0.0355258
 0.809554 0.133327 0.0312627 0.0121651 0.0136914
 0.75379 0.19951 0.0326935 0.00766601 0.00634035
 0.704995 0.223671 0.057804 0.00947228 0.00405806
 0.649423 0.24877 0.0771889 0.0199482 0.00466933
 0.743631 0.168571 0.0623019 0.0193311 0.0061652
 0.931777 0.0510424 0.0112968 0.00417516 0.00170864
 0.454193 0.509325 0.0272946 0.00604089 0.00314632
 0.903428 0.0442011 0.0488707 0.00261897 0.00088153
 0.640704 0.325053 0.0156732 0.017329 0.00124124
 0.638256 0.233528 0.115996 0.00559304 0.00662685
 0.769338 0.148221 0.0532206 0.0264353 0.00278489
 0.774157 0.17432 0.0331078 0.0118877 0.00652682
 0.372551 0.48772 0.107852 0.0204838 0.0113931
 0.771099 0.0858426 0.1112 0.0245903 0.00726794
 0.665095 0.258777 0.0285494 0.0369829 0.0105954
 0.483828 0.344362 0.132755 0.0146462 0.0244082
 0.759416 0.116849 0.0825497 0.0318239 0.00936202
 0.720752 0.212532 0.0324028 0.0228915 0.0114211
 0.40987 0.426285 0.1247 0.0190119 0.0201325
 0.481357 0.213531 0.2204 0.0644731 0.0202386
 0.846417 0.074331 0.032629 0.0336785 0.0129445
pobs_PELACES
 0 0 0 0 0
 0 0 0 0 0
 0 0 0 0 0
 0 0 0 0 0
 0 0 0 0 0
 0 0 0 0 0
 0 0 0 0 0
 0 0 0 0 0
 0 0 0 0 0
 0 0 0 0 0
 0 0 0 0 0
 0 0 0 0 0
 0 0 0 0 0
 0 0 0 0 0
 0 0 0 0 0
 0 0 0 0 0
 0.505614 0.472636 0.0217494 0 0
 0 0 0 0 0
 0.443492 0.261883 0.143347 0.151278 0
 0.227955 0.32914 0.350689 0.0885471 0.00366901
 0.970185 0.0296113 0.000203453 0 0
 0.997202 0.00247181 0.000326279 0 0
 0.445219 0.490057 0.0546422 0.010081 0
 0.90214 0.0892962 0.00764917 0.000914606 0
 0 0 0 0 0
 0.581667 0.319106 0.0959925 0.00289975 0.000334073
 0.762889 0.0836404 0.116647 0.0363945 0.000428098
 0.88444 0.0763242 0.0277011 0.0115352 0
 0.521256 0.241999 0.230069 0.00667565 0
 0.616807 0.101726 0.260614 0.0208532 0
 0.833518 0.0704572 0.0857862 0.0102388 0
ppred_PELACES
 0.44746 0.108163 0.421635 0.0227408 7.43966e-07
 0.425532 0.273319 0.0589519 0.229803 0.0123948
 0.565819 0.197152 0.112773 0.0243239 0.099932
 0.777699 0.132049 0.0409816 0.0234419 0.0258288
 0.659271 0.271674 0.0410191 0.0127303 0.0153052
 0.741941 0.176583 0.0649635 0.00980859 0.00670393
 0.482382 0.395146 0.0838043 0.030831 0.00783667
 0.442513 0.285563 0.207585 0.0440256 0.0203136
 0.518364 0.226603 0.130636 0.0949637 0.0294332
 0.674753 0.178016 0.0692705 0.0399343 0.038027
 0.792302 0.145404 0.0340946 0.0132671 0.0149316
 0.73558 0.214266 0.0351115 0.00823301 0.00680929
 0.684457 0.239243 0.0618284 0.0101318 0.00434059
 0.629152 0.263155 0.0816522 0.0211017 0.00493933
 0.724954 0.180851 0.0668405 0.0207394 0.00661432
 0.925342 0.0558569 0.0123624 0.00456898 0.0018698
 0.42899 0.532844 0.028555 0.00631984 0.00329161
 0.894161 0.0484423 0.0535599 0.00287026 0.000966115
 0.617944 0.345643 0.0166661 0.0184267 0.00131987
 0.615068 0.248497 0.123431 0.00595156 0.00705164
 0.75072 0.160185 0.0575163 0.028569 0.00300967
 0.756267 0.188129 0.0357304 0.0128294 0.00704384
 0.348444 0.506459 0.111996 0.0212708 0.0118308
 0.751929 0.0930317 0.120513 0.0266497 0.00787662
 0.641208 0.277235 0.0305857 0.0396207 0.0113511
 0.457265 0.362084 0.139587 0.0153999 0.0256643
 0.739617 0.126465 0.0893433 0.0344429 0.0101325
 0.698868 0.229188 0.0349422 0.0246855 0.0123162
 0.38437 0.444706 0.130089 0.0198334 0.0210024
 0.455311 0.224255 0.231468 0.067711 0.021255
 0.832315 0.0811559 0.0356249 0.0367708 0.014133
pobs_pel_tallas
 0 0 0 0 0 0 0 0 0 0 0 0 0 0 0 0 0 0 0 0 0 0 0 0 0 0
 0 0 0 0 0 0 0 0 0 0 0 0 0 0 0 0 0 0 0 0 0 0 0 0 0 0
 0 0 0 0 0 0 0 0 0 0 0 0 0 0 0 0 0 0 0 0 0 0 0 0 0 0
 0 0 0 0 0 0 0 0 0 0 0 0 0 0 0 0 0 0 0 0 0 0 0 0 0 0
 0 0 0 0 0 0 0 0 0 0 0 0 0 0 0 0 0 0 0 0 0 0 0 0 0 0
 0 0 0 0 0 0 0 0 0 0 0 0 0 0 0 0 0 0 0 0 0 0 0 0 0 0
 0 0 0 0 0 0 0 0 0 0 0 0 0 0 0 0 0 0 0 0 0 0 0 0 0 0
 0 0 0 0 0 0 0 0 0 0 0 0 0 0 0 0 0 0 0 0 0 0 0 0 0 0
 0 0 0 0 0 0 0 0 0 0 0 0 0 0 0 0 0 0 0 0 0 0 0 0 0 0
 0 0 0 0 0 0 0 0 0 0 0 0 0 0 0 0 0 0 0 0 0 0 0 0 0 0
 0 0 0 0 0 0 0 0 0 0 0 0 0 0 0 0 0 0 0 0 0 0 0 0 0 0
 0 0 0 0 0 0 0 0 0 0 0 0 0 0 0 0 0 0 0 0 0 0 0 0 0 0
 0.00862536 0 0 0.000197151 0.00414017 0.0128641 0.00837892 0.0270097 0.101434 0.158115 0.152841 0.127902 0.109271 0.109419 0.0830992 0.0579132 0.0238553 0.00714673 0.00463305 0.00128148 0.00103504 0.000492878 0.000147863 0.000147863 4.92878e-05 0
 0 0 0 0 0 0 0 0 0 0 0 0 0 0 0 0 0 0 0 0 0 0 0 0 0 0
 0 0 0 0 0 0 0 0.0054083 0.00873648 0.0413646 0.0450493 0.0745869 0.0622846 0.0627006 0.0613931 0.0827291 0.12552 0.122667 0.0946155 0.0697135 0.0546179 0.0294188 0.0215738 0.0213955 0.0102223 0.00600262
 0 0 0 0 0.00359764 0.0251062 0.0480494 0.140153 0.205849 0.193036 0.1447 0.116669 0.0760912 0.0342217 0.00950174 0.001854 0.000860785 0 0 0 0.000165536 0 0.000143464 0 0 0
 0 0 0 0 0 0 0 0.000145254 0.000435761 0.0275982 0.070085 0.0708112 0.156366 0.174668 0.174014 0.160142 0.0824315 0.0480064 0.0283245 0.00493863 0.00203355 0 0 0 0 0
 0 0 0 0 0 0 0 0 0 0 0 0 0 0 0 0 0 0 0 0 0 0 0 0 0 0
 0 0 1.00437e-05 0.000401748 0.00122533 0.00171747 0.00176769 0.0269171 0.070346 0.194647 0.189555 0.159765 0.064822 0.0314167 0.0384472 0.0292271 0.0345202 0.0313363 0.0194345 0.0106764 0.0143323 0.0359363 0.0279516 0.0138201 0.00172751 0
 0 0.0021121 0.0136068 0.0755702 0.200478 0.177729 0.0527432 0.0373336 0.0318909 0.0142505 0.0149659 0.0166563 0.0217959 0.0798694 0.0677717 0.0528807 0.04013 0.0224614 0.0357745 0.0225083 0.00881397 0.00855152 0.00135912 0.000746735 0 0
 0 0 0 0 5.4009e-05 0.00500934 0.000945158 0.0243581 0.138947 0.33067 0.221406 0.137944 0.0707744 0.0437923 0.0131692 0.00525238 0.0047753 0.00276346 9.45158e-05 9.00151e-06 2.25038e-05 9.00151e-06 4.50075e-06 0 0 0
 0.000866109 0.00284123 0.00948549 0.0512746 0.133035 0.25785 0.225252 0.132002 0.0553304 0.0519788 0.0540692 0.017754 0.00435017 0.00159236 0.00146478 0.000404838 0.000125132 0.000115318 0.000107957 0.000100596 0 0 0 0 0 0
 0 0 0 0 0.00144013 0.00171154 0.00461396 0.0210425 0.0478622 0.0707936 0.0888783 0.103762 0.0637923 0.0337046 0.0602308 0.124433 0.169614 0.0934646 0.0462172 0.0250306 0.0313229 0.00938855 0.002487 0.000210481 0 0
 0 0.00764035 0.051015 0.0998891 0.058973 0.0496711 0.0374665 0.0718981 0.12319 0.153886 0.159021 0.0857701 0.0377988 0.023471 0.0147837 0.00900784 0.00315554 0.000888139 0.00291439 0.00214683 0.00393193 0.00274676 0.000635225 9.99891e-05 0 0
 0 0 0 0 0 0 0 0 0 0 0 0 0 0 0 0 0 0 0 0 0 0 0 0 0 0
 0 0 0 0 0 0 0 0 0 0 0 0 0 0 0 0 0 0 0 0 0 0 0 0 0 0
 0 0 0 0 0 0 0 0 0 0 0 0 0 0 0 0 0 0 0 0 0 0 0 0 0 0
 0 0 0 0 0 0 0 0 0 0 0 0 0 0 0 0 0 0 0 0 0 0 0 0 0 0
 0 0 0 0 0 0 0 0 0 0 0 0 0 0 0 0 0 0 0 0 0 0 0 0 0 0
 0 0 0 0 0 0 0 0 0 0 0 0 0 0 0 0 0 0 0 0 0 0 0 0 0 0
 0 0 0 0 0 0 0 0 0 0 0 0 0 0 0 0 0 0 0 0 0 0 0 0 0 0
ppred_pel_tallas
 1.14476e-16 3.68567e-05 0.00035826 0.00238077 0.0108226 0.0336733 0.0717449 0.104716 0.104727 0.0717992 0.0338575 0.0113629 0.00376732 0.00348545 0.00626929 0.0110691 0.0177138 0.0259543 0.0354195 0.0457144 0.0562595 0.0659257 0.0729154 0.0752696 0.0718214 0.0629358
 1.26915e-16 3.50505e-05 0.000340704 0.0022641 0.0102923 0.0320232 0.0682299 0.099589 0.0996155 0.0683592 0.0324578 0.0115492 0.00542595 0.00726638 0.0132609 0.0220712 0.0323065 0.0418067 0.0485021 0.0517135 0.0526555 0.053573 0.0561256 0.0602581 0.0642924 0.0659861
 1.22656e-16 4.66058e-05 0.000453025 0.00301051 0.0136854 0.0425804 0.0907227 0.132416 0.132436 0.0908164 0.0428954 0.0145975 0.00530806 0.00549567 0.00970464 0.0161876 0.023839 0.0311201 0.0365292 0.039489 0.0407053 0.0416017 0.043269 0.0457567 0.0481474 0.049187
 1.07939e-16 6.4058e-05 0.000622667 0.00413784 0.01881 0.0585251 0.124694 0.181998 0.18201 0.124757 0.0587349 0.0194166 0.00566282 0.00395992 0.00642692 0.0105907 0.0154133 0.0197416 0.0224611 0.0231045 0.0221349 0.0206046 0.0194558 0.0190106 0.0189573 0.0187055
 1.0512e-16 5.43033e-05 0.000527848 0.00350774 0.0159457 0.049613 0.105707 0.154288 0.154314 0.105835 0.0500428 0.0171871 0.0066244 0.00733313 0.0129836 0.0213922 0.0308453 0.038867 0.0429765 0.0420477 0.0369833 0.0300937 0.0236956 0.0190168 0.0160423 0.0140769
 1.04039e-16 6.11127e-05 0.000594038 0.00394759 0.0179452 0.0558342 0.118961 0.173631 0.173648 0.119045 0.0561148 0.0187564 0.00598697 0.00505632 0.00856602 0.0141437 0.0205532 0.0262325 0.0296211 0.0299859 0.0278177 0.0244199 0.0210416 0.0182586 0.0159697 0.0138081
 1.06938e-16 3.97333e-05 0.000386222 0.00256658 0.0116673 0.0363016 0.0773458 0.112896 0.112935 0.0775321 0.0369275 0.0134758 0.00710868 0.0103101 0.018912 0.0312687 0.0451972 0.0571725 0.0636227 0.0629053 0.0562604 0.0469016 0.0380083 0.0312015 0.0263964 0.0226611
 1.13917e-16 3.64493e-05 0.0003543 0.00235445 0.010703 0.0333011 0.0709526 0.103563 0.103591 0.0710886 0.0337584 0.0120273 0.00569211 0.00768481 0.0140889 0.0235764 0.0347617 0.0454009 0.0531931 0.0570414 0.0575684 0.0563856 0.0547638 0.0528503 0.049938 0.0453241
 1.18333e-16 4.2697e-05 0.00041503 0.00275802 0.0125376 0.0390092 0.083114 0.121312 0.121334 0.0832217 0.0393715 0.0135865 0.00540073 0.00621654 0.0111578 0.0186377 0.027466 0.0358826 0.0421452 0.0455378 0.0467664 0.0473095 0.0482469 0.0495228 0.050127 0.0488811
 1.12485e-16 5.55785e-05 0.000540243 0.00359011 0.0163201 0.050778 0.108189 0.157908 0.157925 0.108273 0.0510614 0.0171397 0.00565187 0.00505643 0.00867872 0.0143837 0.0210148 0.0270818 0.0311257 0.0325423 0.0319448 0.0306877 0.0299272 0.0299597 0.0302446 0.0299208
 1.04879e-16 6.52609e-05 0.000634359 0.00421554 0.0191633 0.0596241 0.127036 0.185416 0.18543 0.127105 0.0598546 0.0198293 0.00588892 0.00429202 0.00702584 0.0115495 0.0167224 0.0212281 0.0237776 0.0237981 0.0217715 0.0188861 0.016285 0.0144981 0.013393 0.012512
 1.03047e-16 6.05888e-05 0.000588945 0.00391375 0.0177913 0.0553556 0.117942 0.172144 0.172164 0.118043 0.0556946 0.0187706 0.00637235 0.00595759 0.0102611 0.0168797 0.0243384 0.0306675 0.033901 0.0331355 0.0290599 0.0234731 0.0181887 0.014185 0.0114907 0.00962211
 1.03597e-16 5.63778e-05 0.000548013 0.00364174 0.0165548 0.0515083 0.109745 0.160181 0.160204 0.109858 0.0518876 0.0176508 0.0063949 0.00656528 0.011505 0.018985 0.0274692 0.0348058 0.03883 0.038529 0.0346127 0.0289695 0.0234731 0.0190885 0.015802 0.0131357
 1.05376e-16 5.18225e-05 0.000503733 0.00334748 0.0152172 0.0473465 0.100878 0.147239 0.147265 0.101002 0.0477641 0.0164245 0.00638162 0.00713921 0.0126889 0.0209874 0.0304441 0.0387382 0.0435281 0.0437222 0.0400859 0.034629 0.0292966 0.0250152 0.0216576 0.0186475
 1.05175e-16 5.97136e-05 0.000580437 0.00385721 0.0175343 0.0545559 0.116238 0.169656 0.169674 0.116323 0.0548433 0.0183655 0.00594698 0.00515389 0.00877942 0.0145089 0.021105 0.0269847 0.03057 0.0311318 0.0291893 0.0260761 0.023042 0.0206168 0.018617 0.016591
 1.01146e-16 7.62192e-05 0.000740878 0.00492339 0.022381 0.0696357 0.148367 0.216546 0.216552 0.148393 0.0697242 0.0226368 0.0055657 0.00214441 0.00274586 0.00442966 0.00639949 0.00810263 0.00903236 0.00895846 0.00805728 0.00678191 0.00557777 0.00466752 0.00403127 0.00352993
 1.02152e-16 3.53354e-05 0.000343473 0.0022825 0.010376 0.0322837 0.0687858 0.100406 0.100457 0.0690363 0.0331247 0.0128041 0.00837364 0.0136281 0.0252287 0.0415563 0.0596351 0.0745194 0.081192 0.0773405 0.0647601 0.0481932 0.0325747 0.0208012 0.0132933 0.00896934
 1.0201e-16 7.36509e-05 0.000715913 0.00475749 0.0216269 0.0672893 0.143367 0.209249 0.209254 0.14339 0.0673674 0.0218534 0.00532966 0.00197645 0.00250121 0.00410574 0.00610993 0.00810363 0.00970667 0.0107187 0.0111886 0.0112925 0.0111367 0.010672 0.00978086 0.0084324
 1.02641e-16 5.08993e-05 0.000494759 0.00328785 0.0149461 0.0465031 0.099081 0.144619 0.144652 0.0992435 0.0470487 0.0165213 0.00723966 0.00911421 0.0163993 0.0269754 0.0387262 0.048436 0.0528712 0.0505601 0.0426928 0.0323545 0.0227222 0.0156091 0.0111901 0.00866187
 1.05416e-16 5.06624e-05 0.000492456 0.00327255 0.0148765 0.0462866 0.0986193 0.143943 0.143967 0.0987371 0.0466824 0.0160215 0.00615302 0.00680208 0.0120966 0.0200814 0.0293018 0.0376329 0.0429093 0.0440794 0.0417402 0.0375598 0.033105 0.0290494 0.025241 0.0212995
 1.05076e-16 6.18358e-05 0.000601066 0.0039943 0.0181575 0.0564948 0.120369 0.175685 0.175701 0.120445 0.0567494 0.0188937 0.00584546 0.0046526 0.00778739 0.0128582 0.0187113 0.0239445 0.0271715 0.0277615 0.0261878 0.0236356 0.0211972 0.0193041 0.0177398 0.0160513
 1.03558e-16 6.22928e-05 0.000605508 0.00402381 0.0182917 0.0569123 0.121258 0.176984 0.177002 0.121347 0.0572102 0.0191522 0.00618483 0.00532604 0.00903647 0.0148646 0.0214649 0.027118 0.0301165 0.0296818 0.0264192 0.0218857 0.017627 0.0144394 0.0122859 0.0106999
 1.07497e-16 2.87009e-05 0.000278983 0.00185395 0.0084278 0.0262223 0.0558711 0.0815558 0.0816047 0.05611 0.0270245 0.0107458 0.00767559 0.0129982 0.0242157 0.040069 0.0579074 0.0732166 0.0813957 0.0803054 0.0714989 0.0590741 0.0471222 0.0377892 0.0310803 0.0259282
 1.07508e-16 6.19354e-05 0.000602034 0.00400073 0.0181867 0.0565857 0.120562 0.175966 0.175975 0.120607 0.0567365 0.0186245 0.00510814 0.0030479 0.00479053 0.00804036 0.0120888 0.016278 0.0199578 0.0228036 0.0249173 0.0265608 0.0277677 0.0282052 0.0274026 0.0251228
 1.06848e-16 5.28155e-05 0.000513385 0.00341163 0.0155088 0.0482537 0.102811 0.150061 0.150087 0.102941 0.0486921 0.016775 0.00659031 0.00745328 0.013236 0.0218088 0.0314426 0.0396234 0.0438456 0.0430059 0.0380849 0.0314911 0.0255952 0.0215821 0.0192932 0.0178402
 1.10009e-16 3.76644e-05 0.000366111 0.00243294 0.0110598 0.0344114 0.0733183 0.107018 0.107053 0.0734896 0.0349869 0.012724 0.00661717 0.00952323 0.017496 0.029041 0.0422437 0.0539889 0.0611028 0.0620998 0.0579936 0.051446 0.0449881 0.0397522 0.0354725 0.031338
 1.0778e-16 6.09213e-05 0.000592176 0.00393522 0.017889 0.0556592 0.118588 0.173086 0.173098 0.118649 0.0558618 0.0184756 0.00541387 0.00384037 0.00628983 0.0104602 0.0154364 0.0202052 0.0237707 0.025681 0.0262455 0.0261936 0.0260673 0.0258609 0.025148 0.0234926
 1.05627e-16 5.75649e-05 0.000559551 0.00371841 0.0169034 0.0525928 0.112055 0.163553 0.163575 0.112163 0.0529555 0.0179511 0.00634906 0.00630479 0.0109767 0.0180775 0.0260916 0.0329393 0.0365524 0.0360091 0.0320915 0.0267469 0.0218918 0.018485 0.0164116 0.0149881
 1.09411e-16 3.16601e-05 0.000307748 0.00204509 0.00929673 0.0289258 0.061631 0.0899613 0.0900043 0.0618411 0.0296313 0.0113359 0.00716889 0.0115106 0.0213598 0.0353975 0.0513064 0.0651875 0.0730671 0.0730954 0.0665901 0.0570093 0.0477324 0.0404191 0.034913 0.0302309
 1.17125e-16 3.75034e-05 0.000364546 0.00242254 0.0110125 0.0342642 0.0730043 0.106556 0.106578 0.0731117 0.0346258 0.0120613 0.00507139 0.00620145 0.0112834 0.0190162 0.0283823 0.0377853 0.0455888 0.0510186 0.0544703 0.0568769 0.0586999 0.0594558 0.058125 0.0539855
 1.07129e-16 6.85567e-05 0.000666396 0.00442844 0.020131 0.0626351 0.133451 0.194777 0.194785 0.13349 0.0627646 0.0205056 0.00537137 0.00273415 0.00402372 0.00661951 0.00971385 0.0126211 0.0147088 0.0157336 0.015988 0.0160645 0.0164163 0.0170622 0.017626 0.0176136
pSPR Fmed_Fpbrs
0.706108   0.198984 0.198984
Fs Fmed_Fpbrs
0.178318   1.005 1.005
SSBpbr Bo_Bmed_Bpbrs
2.21575e+06  1.45377e+06  330112 330112
Ro
214207
SPR SPRFo_SPRFmed_SPRFpbrs
1.53114e+06 1.08115e+06 304673
Fref
1.005
Nvult_r0
 250232 22426.9 9844.68 10161.4 3905.56
CTP_r0
 28431.9 2910.76 1277.73 1318.83 506.898
YTP_r0
391302
Np
 283693 119725 10404.5 4567.24 6208.1
Nvult_p0
 239696 103603 9003.42 3952.22 5372.12
CTP_p0
 111088 51930.8 4512.94 1981.04 2692.76
YTP_p0
 1.92801e+06
CBA_c0
852315
log_Ro
12.0947
likeval ReclasPelacesDesembMPH_pf_preclas_ppelaces_ptallas_desvR_qrecl_qpela
 17.2258 17.8326 0.117816 0.000802511 241.62 120.183 98.5792 0 21.2251 5.76263e-06 0 0.599359 0 0 0
q_reclas_q_pelaces
0.711651 1
M
1
N
 230506 50427.8 196575 10602.2 0.346851
 132502 77751.6 16770.2 65372.4 3525.96
 131097 41701.5 23853.7 5144.98 21137.6
 265440 41478.8 12873 7363.48 8113.25
 212766 79142.5 11949.4 3708.52 4458.62
 337519 73170.5 26918.9 4064.38 2777.9
 142597 108575 23027.2 8471.53 2153.3
 68049.5 39512.2 28722.7 6091.65 2810.71
 59858.5 23961.6 13813.8 10041.7 3112.34
 76084 18518.5 7206.03 4154.26 3955.85
 134601 22279 5224.02 2032.8 2287.84
 171817 46574.2 7632.07 1789.58 1480.11
 145512 47205.1 12199.4 1999.1 856.444
 102693 40772.4 12650.9 3269.43 765.284
 104995 24377.9 9009.78 2795.57 891.58
 514616 28816.4 6377.71 2357.12 964.626
 127242 144718 7755.43 1716.45 893.989
 793184 39377.5 43537.5 2333.16 785.33
 471093 244116 11770.7 13014.2 932.177
 358791 133771 66445.5 3203.84 3796.03
 536464 104845 37645.7 18699 1969.9
 722574 165677 31466.2 11298.3 6203.2
 161012 213023 47106.8 8946.75 4976.19
 463454 52062 67441.2 14913.6 4407.88
 388772 152665 16842.7 21818 6250.74
 178183 127767 49255.8 5434.12 9056.09
 385404 59847.5 42280.3 16299.6 4795.04
 426339 126726 19320.7 13649.4 6810.01
 135719 142233 41607.1 6343.44 6717.33
 101477 45490.8 46954.1 13735.4 4311.63
 369958 32831.4 14411.9 14875.5 5717.47
pred_Ctot
 12194.5 3085.96 12029.5 648.808 0.0212258
 12257.6 8282.76 1786.5 6964.03 375.615
 11740.7 4302.11 2460.85 530.779 2180.65
 32350.5 5801.45 1800.49 1029.9 1134.76
 8814.8 3797.65 573.392 177.953 213.946
 27085.2 6771.16 2491.06 376.115 257.066
 22764.2 19802 4199.7 1545.04 392.72
 1849.32 1245.65 905.507 192.044 88.61
 6103.47 2810.44 1620.21 1177.79 365.045
 9996.7 2789.18 1085.34 625.698 595.814
 5081.95 974.654 228.538 88.9302 100.087
 28157.9 8715.48 1428.2 334.886 276.975
 22413.8 8312.58 2148.25 352.031 150.815
 23856.7 10723.5 3327.32 859.891 201.277
 17261 4575.93 1691.21 524.75 167.356
 78325.1 5015.16 1109.97 410.23 167.882
 12952.3 16945.5 908.107 200.984 104.68
 83128.9 4745.59 5246.93 281.182 94.6443
 69377.8 41133.5 1983.35 2192.88 157.071
 47529.8 20311.3 10088.9 486.46 576.376
 55212.5 12410.9 4456.27 2213.48 233.185
 92372.1 24289.1 4613.11 1656.39 909.422
 12452.5 19004.7 4202.6 798.178 443.947
 30914.3 4010.86 5195.67 1148.94 339.583
 26452.9 11995.4 1323.39 1714.32 491.141
 9871.26 8185.48 3155.6 348.139 580.182
 26109.9 4682.17 3307.8 1275.2 375.14
 25302.8 8693.67 1325.44 936.381 467.182
 7683.13 9310.12 2723.47 415.222 439.695
 7813.96 4040.92 4170.9 1220.11 383
 28431.9 2910.76 1277.73 1318.83 506.898
F
 0.0867567 0.100942 0.100942 0.100942 0.100942
 0.156062 0.181579 0.181579 0.181579 0.181579
 0.150758 0.175407 0.175407 0.175407 0.175407
 0.21014 0.244499 0.244499 0.244499 0.244499
 0.0674013 0.0784217 0.0784217 0.0784217 0.0784217
 0.134179 0.156118 0.156118 0.156118 0.156118
 0.283416 0.329755 0.329755 0.329755 0.329755
 0.0437826 0.0509413 0.0509413 0.0509413 0.0509413
 0.173214 0.201535 0.201535 0.201535 0.201535
 0.228192 0.265503 0.265503 0.265503 0.265503
 0.061269 0.0712867 0.0712867 0.0712867 0.0712867
 0.291929 0.339661 0.339661 0.339661 0.339661
 0.272256 0.316771 0.316771 0.316771 0.316771
 0.438069 0.509695 0.509695 0.509695 0.509695
 0.292968 0.340869 0.340869 0.340869 0.340869
 0.26863 0.312553 0.312553 0.312553 0.312553
 0.172899 0.201169 0.201169 0.201169 0.201169
 0.178411 0.207583 0.207583 0.207583 0.207583
 0.258926 0.301262 0.301262 0.301262 0.301262
 0.230261 0.26791 0.26791 0.26791 0.26791
 0.174959 0.203565 0.203565 0.203565 0.203565
 0.221421 0.257624 0.257624 0.257624 0.257624
 0.129044 0.150143 0.150143 0.150143 0.150143
 0.110458 0.128518 0.128518 0.128518 0.128518
 0.112781 0.131221 0.131221 0.131221 0.131221
 0.0910096 0.10589 0.10589 0.10589 0.10589
 0.112268 0.130624 0.130624 0.130624 0.130624
 0.0977686 0.113754 0.113754 0.113754 0.113754
 0.0930779 0.108297 0.108297 0.108297 0.108297
 0.128451 0.149454 0.149454 0.149454 0.149454
 0.128187 0.149146 0.149146 0.149146 0.149146
nmprior
 8.19 8.8 8.5 0
nm_flota  nm_reclas  nm_pelaces    nm_pelaL
inf 11.5126 16.1073 37.079
cv_recla  cv_pelaces  cv_mph
0.375418 0.478827 0.87424
 ------------------------------------------------
Talla a la edad & desviaci?n 
 8 13.2811 15.8009 17.003 17.5766
 0.8 1.32811 1.58009 1.7003 1.75766
