years
 1991 1992 1993 1994 1995 1996 1997 1998 1999 2000 2001 2002 2003 2004 2005 2006 2007 2008 2009 2010 2011 2012 2013 2014 2015 2016 2017 2018 2019 2020 2021
reclasobs
 0 0 0 0 0 0 0 0 0 252601 567819 844713 477998 351125 339783 2.1784e+06 2.13404e+06 4.81314e+06 1.55562e+06 2.62356e+06 3.21686e+06 3.843e+06 1.13348e+06 3.07943e+06 1.97215e+06 2.03268e+06 2.025e+06 2.42433e+06 2.27542e+06 1.05018e+06 2.36338e+06
reclaspred
 3.81607e+06 2.15443e+06 1.09748e+06 1.19941e+06 1.25408e+06 1.91821e+06 1.2411e+06 1.093e+06 771654 538469 563936 701354 687304 538171 550569 1.45624e+06 1.43204e+06 3.16102e+06 2.61797e+06 1.97567e+06 3.49262e+06 2.82335e+06 2.26456e+06 3.4471e+06 2.58985e+06 2.31907e+06 2.74433e+06 2.89432e+06 2.39178e+06 1.54006e+06 2.2481e+06
pelacesobs
 0 0 0 0 0 0 0 0 0 0 0 0 0 0 0 552880 188675 0 991730 2.46772e+06 1.41603e+06 1.21717e+06 2.29649e+06 1.80582e+06 0 1.4828e+06 1.56532e+06 1.57751e+06 1.42118e+06 867257 1.10002e+06
pelacespred
 1.75776e+06 1.10592e+06 564611 507145 547391 869774 535836 567349 392093 258897 279419 285557 306268 251729 265520 585196 576921 1.4641e+06 1.25475e+06 876004 1.50421e+06 1.31956e+06 1.05744e+06 1.75899e+06 1.2745e+06 1.13838e+06 1.53435e+06 1.6e+06 1.08568e+06 790478 1.14217e+06
mphobs
 0 0 0 0 0 0 0 0 0 0 0 498337 0 5186 125008 0 168611 109162 213762 579715 649985 157893 87575 83554 0 0 0 0 0 0 0
mphpred
 3.31612e+06 2.2321e+06 1.12348e+06 618806 758417 888861 1.13569e+06 730589 633264 422588 265915 378494 393509 332654 225883 291270 964140 938019 1.79734e+06 1.36859e+06 1.48608e+06 1.83311e+06 1.73018e+06 1.44544e+06 1.9851e+06 1.64013e+06 1.36958e+06 1.45645e+06 2.01559e+06 1.38811e+06 889123
desembarqueobs
 494567 514787 250237 358949 120608 361735 552515 73892 212993 205616 52469 317467 293654 387597 252695 516296 358380 742168 942051 627588 828172 859565 418607 520667 417249 300574 407403 355545 319650 289779 391294
desembarquepred
 494576 513262 251078 358975 120613 361757 552601 73896.6 213053 205676 52472 317552 293719 387657 252697 516269 358408 742084 941877 627476 828256 859609 418623 520698 417256 300578 407407 355535 319646 289791 391300
Reclutas
 207605 117087 115578 227830 180482 280746 117702 54329.2 47188.2 60050.6 106678 144730 122854 86793.7 86478.2 467991 105452 703665 423139 329396 475311 633429 139748 389013 332874 154318 334172 371014 117350 86630.3 311153
log_desv_Rt
 0.126925 -0.445794 -0.458766 0.219884 -0.0130852 0.428735 -0.440558 -1.21365 -1.35457 -1.11353 -0.538896 -0.233845 -0.397719 -0.74518 -0.748822 0.939734 -0.550455 1.34759 0.838986 0.588545 0.955254 1.24243 -0.268871 0.754898 0.599048 -0.1697 0.602941 0.707525 -0.443557 -0.747065 0.53157
SSB
 3.31612e+06 2.2321e+06 1.12348e+06 618806 758417 888861 1.13569e+06 730589 633264 422588 265915 378494 393509 332654 225883 291270 964140 938019 1.79734e+06 1.36859e+06 1.48608e+06 1.83311e+06 1.73018e+06 1.44544e+06 1.9851e+06 1.64013e+06 1.36958e+06 1.45645e+06 2.01559e+06 1.38811e+06 889123
BT
 4.46952e+06 3.05685e+06 1.55103e+06 1.46897e+06 1.35525e+06 2.31151e+06 1.7331e+06 1.37202e+06 1.11633e+06 796951 690409 926459 973824 984237 865586 1.76743e+06 1.6095e+06 4.03088e+06 3.80011e+06 2.57991e+06 4.14237e+06 3.84424e+06 2.80329e+06 4.54096e+06 3.32289e+06 2.89109e+06 3.9536e+06 4.04542e+06 2.76711e+06 2.10238e+06 3.00396e+06
Ftot
 0.126806 0.229343 0.222075 0.306687 0.0978265 0.195483 0.427407 0.0682195 0.275019 0.376743 0.0989699 0.456145 0.43022 0.711438 0.478819 0.383823 0.247556 0.250829 0.360678 0.320422 0.243968 0.310281 0.182591 0.159429 0.162363 0.130046 0.155906 0.130196 0.130061 0.184949 0.185388
BD_Bspro_t
 0.979915 0.853122 0.700273 0.616501 0.631176 0.706415 0.69449 0.548038 0.599691 0.550591 0.506578 0.678248 0.553908 0.462724 0.355981 0.417241 0.59531 0.574778 0.664001 0.570373 0.544708 0.592819 0.606788 0.602647 0.703461 0.712175 0.722164 0.758006 0.801215 0.737988 0.675569
BD_Bspro
 2.53708 1.70772 0.859544 0.473433 0.580245 0.680045 0.868886 0.558955 0.484494 0.323311 0.203445 0.289576 0.301064 0.254505 0.172817 0.222844 0.737639 0.717655 1.3751 1.04708 1.13696 1.40247 1.32372 1.10587 1.51875 1.25482 1.04783 1.11429 1.54208 1.06201 0.680246
BD_Bo
 1.71769 1.15619 0.581941 0.32053 0.392846 0.460414 0.588266 0.378432 0.32802 0.218893 0.137739 0.196053 0.203831 0.172309 0.117003 0.150873 0.499407 0.485877 0.93099 0.708907 0.769762 0.949518 0.896202 0.748714 1.02825 0.84956 0.709419 0.754413 1.04404 0.719018 0.46055
BD_Brms
 11.0855 7.46168 3.75567 2.0686 2.53531 2.97137 3.79649 2.44228 2.11694 1.41267 0.888926 1.26527 1.31546 1.11203 0.755103 0.973687 3.22302 3.1357 6.00832 4.57507 4.9678 6.12789 5.78381 4.83196 6.63599 5.48279 4.57837 4.86875 6.73792 4.64032 2.97225
Sel_flota
 0.830079 1 1 1 1
 0.830079 1 1 1 1
 0.830079 1 1 1 1
 0.830079 1 1 1 1
 0.830079 1 1 1 1
 0.830079 1 1 1 1
 0.830079 1 1 1 1
 0.830079 1 1 1 1
 0.830079 1 1 1 1
 0.830079 1 1 1 1
 0.830079 1 1 1 1
 0.830079 1 1 1 1
 0.830079 1 1 1 1
 0.830079 1 1 1 1
 0.830079 1 1 1 1
 0.830079 1 1 1 1
 0.830079 1 1 1 1
 0.830079 1 1 1 1
 0.830079 1 1 1 1
 0.830079 1 1 1 1
 0.830079 1 1 1 1
 0.830079 1 1 1 1
 0.830079 1 1 1 1
 0.830079 1 1 1 1
 0.830079 1 1 1 1
 0.830079 1 1 1 1
 0.830079 1 1 1 1
 0.830079 1 1 1 1
 0.830079 1 1 1 1
 0.830079 1 1 1 1
 0.830079 1 1 1 1
Sel_reclas
 1 1 1 1 1
 1 1 1 1 1
 1 1 1 1 1
 1 1 1 1 1
 1 1 1 1 1
 1 1 1 1 1
 1 1 1 1 1
 1 1 1 1 1
 1 1 1 1 1
 1 1 1 1 1
 1 1 1 1 1
 1 1 1 1 1
 1 1 1 1 1
 1 1 1 1 1
 1 1 1 1 1
 1 1 1 1 1
 1 1 1 1 1
 1 1 1 1 1
 1 1 1 1 1
 1 1 1 1 1
 1 1 1 1 1
 1 1 1 1 1
 1 1 1 1 1
 1 1 1 1 1
 1 1 1 1 1
 1 1 1 1 1
 1 1 1 1 1
 1 1 1 1 1
 1 1 1 1 1
 1 1 1 1 1
 1 1 1 1 1
Sel_pelaces
 1 1 1 1 1
 1 1 1 1 1
 1 1 1 1 1
 1 1 1 1 1
 1 1 1 1 1
 1 1 1 1 1
 1 1 1 1 1
 1 1 1 1 1
 1 1 1 1 1
 1 1 1 1 1
 1 1 1 1 1
 1 1 1 1 1
 1 1 1 1 1
 1 1 1 1 1
 1 1 1 1 1
 1 1 1 1 1
 1 1 1 1 1
 1 1 1 1 1
 1 1 1 1 1
 1 1 1 1 1
 1 1 1 1 1
 1 1 1 1 1
 1 1 1 1 1
 1 1 1 1 1
 1 1 1 1 1
 1 1 1 1 1
 1 1 1 1 1
 1 1 1 1 1
 1 1 1 1 1
 1 1 1 1 1
 1 1 1 1 1
pf_obs 
 0.8446 0.082 0.0669 0.0065 0
 0.8095 0.147 0.0364 0.0071 0
 0.9664 0.0169 0.016 0.0007 0
 0.9276 0.0648 0.0075 0.0001 0
 0.7033 0.2144 0.0806 0.0017 0
 0.9318 0.0425 0.0243 0.0014 0
 0.5671 0.3108 0.0964 0.0239 0.0018
 0.0768 0.2599 0.5324 0.112 0.0189
 0.490249 0.384438 0.106611 0.0170017 0.00170017
 0.7925 0.1577 0.0466 0.003 0.0002
 0.840416 0.127587 0.0312969 0.00059994 9.999e-05
 0.8084 0.0986 0.0794 0.0134 0.0002
 0.7335 0.1905 0.0724 0.0035 0.0001
 0.4001 0.4547 0.1325 0.0127 0
 0.49795 0.308269 0.164784 0.0264974 0.00249975
 0.9179 0.0499 0.0305 0.0017 0
 0.2467 0.6533 0.0926 0.0074 0
 0.9418 0.0223 0.034 0.0019 0
 0.707729 0.231977 0.0356964 0.0245975 0
 0.517169 0.277429 0.184464 0.0207286 0.00020938
 0.811772 0.124168 0.05621 0.00726502 0.000585176
 0.764997 0.148141 0.077277 0.00933861 0.000247198
 0.163321 0.427699 0.378323 0.0303852 0.000271297
 0.753843 0.0900009 0.118128 0.0371064 0.000921714
 0.721811 0.176058 0.0630433 0.0369309 0.00215725
 0.143369 0.312575 0.442814 0.0836902 0.0175525
 0.692698 0.0596174 0.167031 0.0765114 0.00414204
 0.394062 0.376323 0.152708 0.0712218 0.00568511
 0.125707 0.32114 0.495352 0.0537591 0.00404204
 0.23352 0.215282 0.420074 0.123614 0.00750983
 0.774587 0.0839891 0.0768558 0.0609784 0.00358967
pf_pred 
 0.457586 0.114855 0.404834 0.0227251 7.77361e-07
 0.421445 0.293458 0.0603685 0.212784 0.0119449
 0.564171 0.206236 0.116455 0.0239565 0.0891809
 0.770422 0.14111 0.0418631 0.0236389 0.0229654
 0.651886 0.280807 0.0413704 0.0122733 0.0136634
 0.728355 0.18878 0.0668435 0.00984783 0.00617398
 0.467503 0.408509 0.0861658 0.0305097 0.00731292
 0.439325 0.294417 0.204261 0.0430843 0.018912
 0.507296 0.240088 0.132652 0.0920313 0.0279328
 0.674665 0.182378 0.0696609 0.0384885 0.0348073
 0.799368 0.144863 0.0312632 0.0119413 0.0125644
 0.739489 0.215961 0.0321664 0.00694191 0.00544141
 0.692303 0.240609 0.0556154 0.00828366 0.00318902
 0.63779 0.267753 0.0738621 0.0170728 0.00352188
 0.744509 0.177825 0.0574122 0.0158377 0.00441596
 0.936166 0.0502261 0.00947129 0.00305788 0.00107874
 0.402767 0.566423 0.0242425 0.00457149 0.00199661
 0.895276 0.0475976 0.0541795 0.00231885 0.000628253
 0.609922 0.356351 0.0153292 0.017449 0.000949139
 0.615655 0.254285 0.118815 0.00511107 0.0061343
 0.742048 0.171805 0.056995 0.0266309 0.00252052
 0.745797 0.198369 0.037188 0.0123368 0.00630995
 0.33858 0.519143 0.111026 0.020814 0.0104365
 0.740337 0.100182 0.125175 0.0267705 0.00753508
 0.634029 0.284471 0.031444 0.0392883 0.0107674
 0.45082 0.373249 0.136752 0.0151159 0.024063
 0.733598 0.13333 0.0904418 0.0331363 0.0094934
 0.689322 0.239584 0.0355814 0.0241359 0.0113764
 0.369473 0.460489 0.131127 0.0194742 0.0194363
 0.439356 0.233778 0.238718 0.0679765 0.0201712
 0.824324 0.0861329 0.037338 0.0381269 0.0140785
pobs_RECLAS
 0 0 0 0 0
 0 0 0 0 0
 0 0 0 0 0
 0 0 0 0 0
 0 0 0 0 0
 0 0 0 0 0
 0 0 0 0 0
 0 0 0 0 0
 0 0 0 0 0
 0 0 0 0 0
 0.991045 0.00858322 0.000360255 1.14367e-05 0
 0.934742 0.0480273 0.0164251 0.00080598 0
 0.827803 0.169806 0.00239088 0 0
 0.941827 0.0461693 0.0120037 0 0
 0.791401 0.0380133 0.147996 0.0225897 0
 0.846168 0.0940531 0.0597789 0 0
 0.134021 0.677848 0.182769 0.00536245 0
 0.80878 0.0450904 0.141981 0.00414843 0
 0.846168 0.0940531 0.0597789 0 0
 0.905697 0.0802665 0.012482 0.00150086 5.37128e-05
 0.989698 0.0102097 9.19794e-05 0 0
 0.975433 0.0193895 0.00387452 0.00125025 5.28907e-05
 0.303575 0.632131 0.0575291 0.00676475 0
 0.966965 0.00978017 0.0227588 0.000495775 0
 0.843318 0.132988 0.00938335 0.0141283 0.000182051
 0.564624 0.303363 0.111486 0.0197234 0.00080311
 0.826376 0.0876187 0.0782897 0.00655872 0.00115652
 0.89761 0.0855135 0.0140674 0.00269457 0.000114338
 0.34875 0.467042 0.161289 0.0227151 0.000203297
 0.318654 0.224769 0.449479 0.00709798 0
 0.937255 0.0296025 0.0250945 0.00804832 0
ppred_RECLAS
 0.504533 0.104914 0.369794 0.0207582 7.10078e-07
 0.468349 0.269667 0.0554743 0.195533 0.0109765
 0.610173 0.184468 0.104164 0.0214279 0.0797679
 0.802556 0.121359 0.0360036 0.0203302 0.019751
 0.693185 0.247493 0.0364623 0.0108173 0.0120424
 0.764177 0.163885 0.0580288 0.00854919 0.00535982
 0.51605 0.371266 0.0783101 0.0277282 0.00664621
 0.485839 0.269992 0.187316 0.03951 0.017343
 0.554822 0.216929 0.119856 0.083154 0.0252385
 0.715564 0.159451 0.0609036 0.03365 0.0304315
 0.827795 0.124338 0.0268336 0.0102493 0.0107841
 0.775287 0.186285 0.0277463 0.00598798 0.00469368
 0.732113 0.209479 0.0484198 0.00721191 0.00277642
 0.683075 0.234277 0.0646275 0.0149383 0.00308156
 0.77992 0.153178 0.0494548 0.0136425 0.0038039
 0.946792 0.0418653 0.00789466 0.00254885 0.000899173
 0.449295 0.522295 0.0223539 0.00421534 0.00184107
 0.911839 0.0400696 0.0456106 0.0019521 0.000528889
 0.654712 0.315433 0.013569 0.0154454 0.000840154
 0.659954 0.224977 0.10512 0.00452197 0.00542727
 0.77678 0.148672 0.0493209 0.0230451 0.00218114
 0.780408 0.171359 0.0321247 0.0106571 0.00545081
 0.382148 0.484947 0.103713 0.019443 0.00974908
 0.774952 0.0868274 0.108488 0.0232018 0.0065306
 0.676637 0.251352 0.0277831 0.0347142 0.00951379
 0.497724 0.341371 0.125072 0.0138249 0.0220078
 0.76882 0.115702 0.0784842 0.0287552 0.00823825
 0.72814 0.209649 0.0311356 0.0211202 0.00995499
 0.414298 0.427752 0.121805 0.0180897 0.0180546
 0.486367 0.214176 0.218701 0.0622766 0.0184798
 0.850071 0.0735092 0.0318657 0.032539 0.0120152
pobs_PELACES
 0 0 0 0 0
 0 0 0 0 0
 0 0 0 0 0
 0 0 0 0 0
 0 0 0 0 0
 0 0 0 0 0
 0 0 0 0 0
 0 0 0 0 0
 0 0 0 0 0
 0 0 0 0 0
 0 0 0 0 0
 0 0 0 0 0
 0 0 0 0 0
 0 0 0 0 0
 0 0 0 0 0
 0 0 0 0 0
 0.505614 0.472636 0.0217494 0 0
 0 0 0 0 0
 0.443492 0.261883 0.143347 0.151278 0
 0.227955 0.32914 0.350689 0.0885471 0.00366901
 0.970185 0.0296113 0.000203453 0 0
 0.997202 0.00247181 0.000326279 0 0
 0.445219 0.490057 0.0546422 0.010081 0
 0.90214 0.0892962 0.00764917 0.000914606 0
 0 0 0 0 0
 0.581667 0.319106 0.0959925 0.00289975 0.000334073
 0.762889 0.0836404 0.116647 0.0363945 0.000428098
 0.88444 0.0763242 0.0277011 0.0115352 0
 0.521256 0.241999 0.230069 0.00667565 0
 0.616807 0.101726 0.260614 0.0208532 0
 0.833518 0.0704572 0.0857862 0.0102388 0
ppred_PELACES
 0.50631 0.104537 0.368468 0.0206837 7.07531e-07
 0.471552 0.268042 0.0551401 0.194355 0.0109104
 0.613131 0.183068 0.103373 0.0212653 0.0791627
 0.805267 0.119693 0.0355093 0.0200511 0.0194798
 0.694351 0.246553 0.0363238 0.0107762 0.0119966
 0.766147 0.162516 0.0575441 0.00847779 0.00531505
 0.522033 0.366676 0.077342 0.0273854 0.00656405
 0.486794 0.269491 0.186968 0.0394366 0.0173108
 0.558628 0.215075 0.118832 0.0824432 0.0250227
 0.719844 0.157051 0.0599872 0.0331437 0.0299736
 0.828585 0.123767 0.0267105 0.0102023 0.0107347
 0.779712 0.182617 0.0271999 0.00587008 0.00460126
 0.736818 0.2058 0.0475694 0.00708525 0.00272766
 0.691648 0.22794 0.0628794 0.0145342 0.00299821
 0.784494 0.149995 0.048427 0.013359 0.00372484
 0.947866 0.0410203 0.00773533 0.00249741 0.000881025
 0.452732 0.519035 0.0222144 0.00418903 0.00182958
 0.912963 0.0395587 0.045029 0.00192721 0.000522145
 0.65927 0.311269 0.0133899 0.0152415 0.000829065
 0.663975 0.222317 0.103877 0.00446851 0.0053631
 0.779143 0.147099 0.0487988 0.0228012 0.00215805
 0.783375 0.169044 0.0316906 0.0105131 0.00537716
 0.384568 0.483048 0.103307 0.0193668 0.00971089
 0.776507 0.0862273 0.107739 0.0230414 0.00648547
 0.678626 0.249806 0.0276122 0.0345007 0.00945527
 0.499547 0.340132 0.124618 0.0137747 0.0219279
 0.77037 0.114927 0.0779579 0.0285624 0.00818301
 0.729583 0.208536 0.0309704 0.0210081 0.00990216
 0.416069 0.426459 0.121437 0.018035 0.018
 0.488958 0.213095 0.217598 0.0619624 0.0183866
 0.851391 0.072862 0.0315852 0.0322525 0.0119094
pobs_pel_tallas
 0 0 0 0 0 0 0 0 0 0 0 0 0 0 0 0 0 0 0 0 0 0 0 0 0 0
 0 0 0 0 0 0 0 0 0 0 0 0 0 0 0 0 0 0 0 0 0 0 0 0 0 0
 0 0 0 0 0 0 0 0 0 0 0 0 0 0 0 0 0 0 0 0 0 0 0 0 0 0
 0 0 0 0 0 0 0 0 0 0 0 0 0 0 0 0 0 0 0 0 0 0 0 0 0 0
 0 0 0 0 0 0 0 0 0 0 0 0 0 0 0 0 0 0 0 0 0 0 0 0 0 0
 0 0 0 0 0 0 0 0 0 0 0 0 0 0 0 0 0 0 0 0 0 0 0 0 0 0
 0 0 0 0 0 0 0 0 0 0 0 0 0 0 0 0 0 0 0 0 0 0 0 0 0 0
 0 0 0 0 0 0 0 0 0 0 0 0 0 0 0 0 0 0 0 0 0 0 0 0 0 0
 0 0 0 0 0 0 0 0 0 0 0 0 0 0 0 0 0 0 0 0 0 0 0 0 0 0
 0 0 0 0 0 0 0 0 0 0 0 0 0 0 0 0 0 0 0 0 0 0 0 0 0 0
 0 0 0 0 0 0 0 0 0 0 0 0 0 0 0 0 0 0 0 0 0 0 0 0 0 0
 0 0 0 0 0 0 0 0 0 0 0 0 0 0 0 0 0 0 0 0 0 0 0 0 0 0
 0.00862536 0 0 0.000197151 0.00414017 0.0128641 0.00837892 0.0270097 0.101434 0.158115 0.152841 0.127902 0.109271 0.109419 0.0830992 0.0579132 0.0238553 0.00714673 0.00463305 0.00128148 0.00103504 0.000492878 0.000147863 0.000147863 4.92878e-05 0
 0 0 0 0 0 0 0 0 0 0 0 0 0 0 0 0 0 0 0 0 0 0 0 0 0 0
 0 0 0 0 0 0 0 0.0054083 0.00873648 0.0413646 0.0450493 0.0745869 0.0622846 0.0627006 0.0613931 0.0827291 0.12552 0.122667 0.0946155 0.0697135 0.0546179 0.0294188 0.0215738 0.0213955 0.0102223 0.00600262
 0 0 0 0 0.00359764 0.0251062 0.0480494 0.140153 0.205849 0.193036 0.1447 0.116669 0.0760912 0.0342217 0.00950174 0.001854 0.000860785 0 0 0 0.000165536 0 0.000143464 0 0 0
 0 0 0 0 0 0 0 0.000145254 0.000435761 0.0275982 0.070085 0.0708112 0.156366 0.174668 0.174014 0.160142 0.0824315 0.0480064 0.0283245 0.00493863 0.00203355 0 0 0 0 0
 0 0 0 0 0 0 0 0 0 0 0 0 0 0 0 0 0 0 0 0 0 0 0 0 0 0
 0 0 1.00437e-05 0.000401748 0.00122533 0.00171747 0.00176769 0.0269171 0.070346 0.194647 0.189555 0.159765 0.064822 0.0314167 0.0384472 0.0292271 0.0345202 0.0313363 0.0194345 0.0106764 0.0143323 0.0359363 0.0279516 0.0138201 0.00172751 0
 0 0.0021121 0.0136068 0.0755702 0.200478 0.177729 0.0527432 0.0373336 0.0318909 0.0142505 0.0149659 0.0166563 0.0217959 0.0798694 0.0677717 0.0528807 0.04013 0.0224614 0.0357745 0.0225083 0.00881397 0.00855152 0.00135912 0.000746735 0 0
 0 0 0 0 5.4009e-05 0.00500934 0.000945158 0.0243581 0.138947 0.33067 0.221406 0.137944 0.0707744 0.0437923 0.0131692 0.00525238 0.0047753 0.00276346 9.45158e-05 9.00151e-06 2.25038e-05 9.00151e-06 4.50075e-06 0 0 0
 0.000866109 0.00284123 0.00948549 0.0512746 0.133035 0.25785 0.225252 0.132002 0.0553304 0.0519788 0.0540692 0.017754 0.00435017 0.00159236 0.00146478 0.000404838 0.000125132 0.000115318 0.000107957 0.000100596 0 0 0 0 0 0
 0 0 0 0 0.00144013 0.00171154 0.00461396 0.0210425 0.0478622 0.0707936 0.0888783 0.103762 0.0637923 0.0337046 0.0602308 0.124433 0.169614 0.0934646 0.0462172 0.0250306 0.0313229 0.00938855 0.002487 0.000210481 0 0
 0 0.00764035 0.051015 0.0998891 0.058973 0.0496711 0.0374665 0.0718981 0.12319 0.153886 0.159021 0.0857701 0.0377988 0.023471 0.0147837 0.00900784 0.00315554 0.000888139 0.00291439 0.00214683 0.00393193 0.00274676 0.000635225 9.99891e-05 0 0
 0 0 0 0 0 0 0 0 0 0 0 0 0 0 0 0 0 0 0 0 0 0 0 0 0 0
 0 0 0 0 0 0 0 0 0 0 0 0 0 0 0 0 0 0 0 0 0 0 0 0 0 0
 0 0 0 0 0 0 0 0 0 0 0 0 0 0 0 0 0 0 0 0 0 0 0 0 0 0
 0 0 0 0 0 0 0 0 0 0 0 0 0 0 0 0 0 0 0 0 0 0 0 0 0 0
 0 0 0 0 0 0 0 0 0 0 0 0 0 0 0 0 0 0 0 0 0 0 0 0 0 0
 0 0 0 0 0 0 0 0 0 0 0 0 0 0 0 0 0 0 0 0 0 0 0 0 0 0
 0 0 0 0 0 0 0 0 0 0 0 0 0 0 0 0 0 0 0 0 0 0 0 0 0 0
ppred_pel_tallas
 1.12735e-16 4.17041e-05 0.000405379 0.00269389 0.012246 0.038102 0.0811807 0.118488 0.118498 0.0812329 0.0382788 0.0127638 0.00401993 0.00338752 0.00596078 0.0104529 0.0165969 0.024075 0.0324686 0.0413902 0.0503693 0.058511 0.0643389 0.0661949 0.0630639 0.0552389
 1.22998e-16 3.88412e-05 0.00037755 0.00250896 0.0114054 0.0354865 0.0756086 0.110358 0.110384 0.0757354 0.0359123 0.0126369 0.00560586 0.00715777 0.0129769 0.0215636 0.0314934 0.0405973 0.0467816 0.0493114 0.0493304 0.0490491 0.0501921 0.0528955 0.0557626 0.0568293
 1.1856e-16 5.05028e-05 0.000490905 0.00326224 0.0148297 0.0461407 0.0983083 0.143488 0.143505 0.0983953 0.0464332 0.0156762 0.00539431 0.00516925 0.00900732 0.0150029 0.0220684 0.0287508 0.0336276 0.0361291 0.0368776 0.0371767 0.0380521 0.0396067 0.0410904 0.0414665
 1.06363e-16 6.63288e-05 0.000644739 0.00428452 0.0194768 0.0605997 0.129114 0.188449 0.18846 0.129171 0.0607897 0.0200263 0.00566589 0.00366704 0.0058266 0.00958254 0.0139311 0.0178117 0.0202025 0.0206682 0.0196208 0.0180149 0.0167187 0.0160523 0.015772 0.0153833
 1.04223e-16 5.71928e-05 0.000555934 0.00369438 0.0167941 0.0522529 0.111331 0.162496 0.16252 0.111447 0.0526429 0.0179206 0.00652235 0.00673047 0.011787 0.019405 0.0279713 0.0352282 0.0389176 0.0380118 0.0333259 0.0269579 0.0210181 0.0166361 0.013819 0.0119565
 1.03452e-16 6.31065e-05 0.000613418 0.00407638 0.0185306 0.0576557 0.122842 0.179295 0.179311 0.122919 0.0579139 0.0192769 0.00595241 0.00471765 0.00788373 0.0130013 0.0188809 0.0240737 0.0271374 0.0273939 0.0252973 0.0220568 0.0188382 0.0161903 0.0140353 0.0120437
 1.06183e-16 4.29992e-05 0.000417968 0.00277754 0.0126263 0.0392854 0.083703 0.122174 0.12221 0.0838759 0.0398662 0.0143044 0.00699208 0.00962592 0.017553 0.0290102 0.041927 0.0530245 0.0589837 0.0582762 0.0520499 0.0432877 0.0349457 0.0285398 0.024006 0.0204943
 1.12349e-16 4.00967e-05 0.000389754 0.00259005 0.011774 0.0366335 0.0780525 0.113925 0.113952 0.0781807 0.0370647 0.0130227 0.00573638 0.00729764 0.0132754 0.0221875 0.0326708 0.0425822 0.0497298 0.0530691 0.0532006 0.0516863 0.0497901 0.0477205 0.0448618 0.0405668
 1.15987e-16 4.60135e-05 0.000447267 0.00297225 0.0135114 0.0420392 0.0895697 0.130734 0.130755 0.0896719 0.0423828 0.0145062 0.0054778 0.00594568 0.0105744 0.0176383 0.0259539 0.033824 0.0395675 0.0424818 0.0432292 0.0432331 0.043572 0.0442745 0.0444723 0.0431202
 1.10168e-16 5.92927e-05 0.000576346 0.00383002 0.0174107 0.0541713 0.115418 0.16846 0.168475 0.115493 0.0544212 0.0181335 0.00564819 0.00455833 0.00766052 0.0126746 0.0185036 0.0238161 0.0273128 0.028448 0.0277529 0.0264215 0.0254868 0.0252393 0.0252438 0.0247859
 1.03643e-16 6.82495e-05 0.000663409 0.00440859 0.0200408 0.0623545 0.132853 0.193906 0.193918 0.132912 0.0625506 0.0206075 0.00583193 0.00377379 0.0059851 0.00981262 0.0141919 0.0179846 0.0200841 0.0199958 0.0181286 0.0155019 0.0131068 0.0114198 0.0103556 0.0095458
 1.022e-16 6.42239e-05 0.000624279 0.00414856 0.0188587 0.0586766 0.125017 0.18247 0.182488 0.125103 0.0589655 0.019693 0.00624285 0.0051966 0.00874928 0.0143664 0.0206979 0.0260474 0.0287303 0.0279711 0.0243588 0.0194377 0.0147746 0.0112293 0.00884977 0.0072381
 1.02598e-16 6.06908e-05 0.000589936 0.00392033 0.0178213 0.0554487 0.11814 0.172433 0.172453 0.118237 0.0557747 0.0187633 0.00628643 0.0057597 0.00989229 0.0162924 0.0235439 0.0297728 0.0331031 0.0326574 0.0290544 0.0239449 0.0189818 0.0150402 0.0121419 0.00988671
 1.03838e-16 5.69702e-05 0.00055377 0.00368 0.0167288 0.0520495 0.110898 0.161863 0.161885 0.111005 0.052411 0.0177735 0.00630491 0.00629202 0.0109786 0.0181216 0.0262441 0.0333058 0.037257 0.0371407 0.0336291 0.0284998 0.0234991 0.0195 0.0164494 0.0138731
 1.03406e-16 6.46178e-05 0.000628108 0.004174 0.0189744 0.0590365 0.125784 0.183588 0.183603 0.125855 0.0592746 0.0196628 0.00590426 0.0044127 0.0072741 0.0119807 0.0173872 0.0221489 0.0249358 0.0251306 0.0231696 0.0201905 0.0172863 0.0149638 0.0131296 0.0114408
 1.00634e-16 7.80745e-05 0.000758912 0.00504323 0.0229258 0.0713307 0.151978 0.221817 0.221821 0.151997 0.0713957 0.0231134 0.00551435 0.00178794 0.00203413 0.00324386 0.00467624 0.00590363 0.00654816 0.00643767 0.00570219 0.00468025 0.00371005 0.00296919 0.00245626 0.00207741
 1.01504e-16 3.7291e-05 0.000362482 0.00240882 0.0109502 0.0340704 0.0725924 0.105961 0.106011 0.0728364 0.0348894 0.0133147 0.00833986 0.0132963 0.0245607 0.0404389 0.0580017 0.0724149 0.0787771 0.0748281 0.0623231 0.045907 0.0304291 0.0187585 0.0113434 0.00714715
 1.01592e-16 7.51996e-05 0.000730966 0.00485753 0.0220816 0.0687042 0.146382 0.213649 0.213653 0.146401 0.068768 0.0222668 0.00532518 0.00176149 0.00206054 0.0033607 0.00500374 0.00664419 0.00797136 0.00882022 0.00922624 0.00932627 0.00919973 0.00880195 0.00803842 0.00689163
 1.02135e-16 5.43033e-05 0.000527847 0.00350773 0.0159457 0.049613 0.105707 0.154289 0.154319 0.105853 0.0501043 0.017364 0.00706581 0.008288 0.0147713 0.0242799 0.0348458 0.043561 0.0475076 0.0453563 0.0381797 0.0287635 0.0199829 0.0134888 0.00945548 0.00716986
 1.04411e-16 5.46907e-05 0.000531614 0.00353276 0.0160594 0.049967 0.106461 0.155387 0.155409 0.106566 0.0503208 0.017083 0.00610729 0.00616938 0.0108131 0.0179226 0.0261208 0.0334852 0.0380651 0.0389152 0.0365813 0.032587 0.0283793 0.0246069 0.0211635 0.017712
 1.04098e-16 6.4177e-05 0.000623824 0.00414553 0.018845 0.0586338 0.124926 0.182336 0.18235 0.124996 0.0588675 0.0195205 0.00584367 0.00433918 0.0071449 0.0117754 0.0171109 0.0218455 0.0246922 0.025063 0.0233947 0.0207945 0.018301 0.0163545 0.0147968 0.0132352
 1.02923e-16 6.45256e-05 0.000627212 0.00416804 0.0189473 0.0589523 0.125605 0.183327 0.183343 0.125684 0.0592199 0.0197205 0.00610954 0.00486799 0.00812593 0.0133514 0.019274 0.0243389 0.0270074 0.0265754 0.0235838 0.0194319 0.0155139 0.0125564 0.0105409 0.00906344
 1.06691e-16 3.16765e-05 0.000307907 0.00204615 0.00930153 0.0289408 0.0616631 0.0900088 0.0900554 0.0618908 0.0297058 0.0115119 0.00759726 0.0124351 0.0230899 0.0381913 0.0551746 0.0697215 0.0774341 0.076266 0.0677015 0.0556637 0.0440804 0.0350289 0.0285404 0.0236115
 1.0654e-16 6.39599e-05 0.000621713 0.0041315 0.0187812 0.0584354 0.124503 0.181718 0.181726 0.124544 0.058575 0.0191865 0.0051563 0.00288403 0.00443449 0.00742363 0.0111416 0.0149631 0.0182751 0.0207708 0.0225493 0.0238718 0.0247996 0.0250592 0.0242425 0.0221423
 1.05921e-16 5.58976e-05 0.000543345 0.00361072 0.0164138 0.0510696 0.10881 0.158816 0.158841 0.108928 0.0514646 0.0175548 0.00647477 0.0067962 0.0119336 0.0196485 0.0283242 0.0356863 0.0394733 0.0386867 0.034206 0.0281997 0.0228065 0.0191031 0.0169603 0.0155935
 1.08776e-16 4.11471e-05 0.000399964 0.00265791 0.0120825 0.0375932 0.0800976 0.116912 0.116945 0.0802584 0.0381337 0.013645 0.00658597 0.00899472 0.0164222 0.027236 0.0395862 0.0505269 0.0570618 0.0577884 0.0536678 0.0472291 0.0408947 0.0357768 0.0316621 0.0278018
 1.06529e-16 6.34544e-05 0.000616799 0.00409885 0.0186328 0.0579735 0.123519 0.180282 0.180293 0.123574 0.0581575 0.0191654 0.00544113 0.00356439 0.00571281 0.00947936 0.0139688 0.0182431 0.0213856 0.0229769 0.0232989 0.0230286 0.0226868 0.0223057 0.0215335 0.0199975
 1.0473e-16 6.00948e-05 0.000584143 0.00388184 0.0176463 0.0549042 0.11698 0.17074 0.17076 0.117078 0.0552342 0.0185994 0.00627494 0.00581021 0.0099913 0.0164393 0.0237185 0.0299255 0.0331722 0.0326135 0.0289574 0.0239774 0.0194266 0.016194 0.0141967 0.0128338
 1.08469e-16 3.42711e-05 0.000333128 0.00221375 0.0100634 0.0313113 0.0667135 0.0973789 0.0974201 0.0669148 0.0319877 0.0120184 0.00712593 0.0110723 0.0204766 0.03392 0.0491458 0.0624026 0.069869 0.069764 0.0633521 0.0539622 0.0448594 0.0376668 0.0322644 0.0277296
 1.1566e-16 4.02749e-05 0.000391486 0.00260156 0.0118263 0.0367963 0.0783991 0.11443 0.114451 0.0785011 0.0371398 0.0128225 0.00511744 0.00593454 0.0107175 0.0180484 0.0269215 0.035807 0.0431388 0.0481716 0.0512787 0.053355 0.0548605 0.0553684 0.0539456 0.0499355
 1.06181e-16 7.0128e-05 0.000681669 0.00452993 0.0205924 0.0640706 0.13651 0.199241 0.199248 0.136544 0.0641868 0.0209286 0.00537625 0.00253735 0.00361904 0.00593857 0.00870971 0.0113075 0.0131603 0.0140462 0.0142255 0.0142307 0.0144733 0.0149792 0.0154223 0.0153708
pSPR Fmed_Fpbrs
0.652441   0.20495 0.20495
Fs Fmed_Fpbrs
0.225435   1.005 1.005
SSBpbr Bo_Bmed_Bpbrs
1.93057e+06  1.16305e+06  299142 299142
Ro
182859
SPR SPRFo_SPRFmed_SPRFpbrs
1.30706e+06 852780 267883
Fref
1.005
Nvult_r0
 213013 18979.9 8227.65 8401.49 3102.29
CTP_r0
 28408.2 2968.35 1286.76 1313.95 485.181
YTP_r0
391300
Np
 243930 98140.3 8353.99 3621.39 4828.09
Nvult_p0
 204965 84924.7 7229.04 3133.74 4177.94
CTP_p0
 93220.7 42568.2 3623.53 1570.78 2094.18
YTP_p0
 1.58948e+06
CBA_c0
750754
log_Ro
11.9365
likeval ReclasPelacesDesembMPH_pf_preclas_ppelaces_ptallas_desvR_qrecl_qpela
 16.471 17.4761 0.102531 0.0027201 241.623 119.092 98.3184 0 22.8593 0 0 0.520948 0 0 0
q_reclas_q_pelaces
1 1
M
1
N
 207605 43637.6 153811 8634.12 0.295348
 117087 68743.4 14141.5 49845.1 2798.12
 115578 35607.2 20106.4 4136.16 15397.3
 227830 35361 10490.5 5923.71 5754.93
 180482 64976.5 9572.77 2839.95 3161.59
 280746 61217.1 21675.8 3193.43 2002.09
 117702 87810.7 18521.7 6558.2 1571.94
 54329.2 30367.6 21068.5 4443.92 1950.67
 47188.2 18886.3 10434.9 7239.54 2197.31
 60050.6 13816.4 5277.31 2915.78 2636.9
 106678 16158.7 3487.25 1331.99 1401.49
 144730 36149.6 5384.32 1162 910.835
 122854 36460.7 8427.68 1255.26 483.248
 86793.7 31622.8 8723.44 2016.37 415.95
 86478.2 17689.7 5711.26 1575.5 439.292
 467991 21379.6 4031.61 1301.64 459.185
 105452 125192 5358.12 1010.4 441.295
 703665 31587.7 35955.7 1538.88 416.934
 423139 210207 9042.53 10293 559.886
 329396 115389 53915.4 2319.29 2783.61
 475311 92877.8 30811.5 14396.6 1362.59
 633429 142802 26770.9 8881.05 4542.41
 139748 180114 38519.9 7221.31 3620.9
 389013 44180.3 55202 11805.7 3322.96
 332874 125371 13857.8 17315 4745.34
 154318 107017 39209.2 4333.98 6899.27
 334172 50961.3 34568.5 12665.3 3628.55
 371014 108012 16041.2 10881.2 5128.85
 117350 122507 34884.6 5180.83 5170.77
 86630.3 38752.6 39571.4 11268.2 3343.7
 311153 27333.9 11849 12099.4 4467.76
pred_Ctot
 13224.5 3319.37 11700 656.771 0.0224662
 13030.9 9073.59 1866.56 6579.17 369.331
 12485.6 4564.18 2577.27 530.18 1973.65
 33045.7 6052.64 1795.63 1013.94 985.055
 8957.36 3858.49 568.458 168.644 187.744
 26936 6981.46 2472.01 364.193 228.326
 22870.6 19984.6 4215.29 1492.56 357.754
 1899.49 1272.96 883.154 186.281 81.7687
 6202.42 2935.42 1621.86 1125.21 341.519
 10456.2 2826.55 1079.63 596.508 539.455
 5354.27 970.311 209.405 79.9842 84.1578
 29735.6 8684.03 1293.45 279.142 218.805
 24006.9 8343.55 1928.57 287.251 110.585
 25657.4 10771.3 2971.37 686.815 141.68
 18515 4422.29 1427.77 393.863 109.819
 82827.8 4443.78 837.977 270.547 95.4424
 12591.2 17707.3 757.861 142.912 62.4175
 85036.5 4520.99 5146.16 220.252 59.6737
 70908.4 41428.7 1782.15 2028.59 110.345
 49691.4 20524.2 9589.89 412.53 495.119
 55997.1 12964.9 4301.01 2009.64 190.205
 92842.3 24694.4 4629.44 1535.78 785.51
 12578.3 19286.3 4124.65 773.245 387.72
 30812.4 4169.54 5209.72 1114.17 313.606
 26824.4 12035.4 1330.33 1662.2 455.545
 10070.1 8337.39 3054.67 337.648 537.503
 25914.6 4709.94 3194.88 1170.55 335.357
 24237.4 8424.08 1251.09 848.648 400.01
 7658.59 9545.22 2718.06 403.669 402.885
 7891.77 4199.16 4287.88 1221 362.318
 28408.2 2968.35 1286.76 1313.95 485.181
F
 0.105259 0.126806 0.126806 0.126806 0.126806
 0.190373 0.229343 0.229343 0.229343 0.229343
 0.184339 0.222075 0.222075 0.222075 0.222075
 0.254574 0.306687 0.306687 0.306687 0.306687
 0.0812037 0.0978265 0.0978265 0.0978265 0.0978265
 0.162266 0.195483 0.195483 0.195483 0.195483
 0.354781 0.427407 0.427407 0.427407 0.427407
 0.0566276 0.0682195 0.0682195 0.0682195 0.0682195
 0.228287 0.275019 0.275019 0.275019 0.275019
 0.312726 0.376743 0.376743 0.376743 0.376743
 0.0821528 0.0989699 0.0989699 0.0989699 0.0989699
 0.378636 0.456144 0.456145 0.456145 0.456145
 0.357117 0.43022 0.43022 0.43022 0.43022
 0.59055 0.711438 0.711438 0.711438 0.711438
 0.397457 0.478819 0.478819 0.478819 0.478819
 0.318603 0.383823 0.383823 0.383823 0.383823
 0.205491 0.247556 0.247556 0.247556 0.247556
 0.208208 0.250829 0.250829 0.250829 0.250829
 0.299391 0.360678 0.360678 0.360678 0.360678
 0.265976 0.320422 0.320422 0.320422 0.320422
 0.202513 0.243968 0.243968 0.243968 0.243968
 0.257557 0.310281 0.310281 0.310281 0.310281
 0.151565 0.182591 0.182591 0.182591 0.182591
 0.132339 0.159429 0.159429 0.159429 0.159429
 0.134774 0.162363 0.162363 0.162363 0.162363
 0.107948 0.130046 0.130046 0.130046 0.130046
 0.129414 0.155906 0.155906 0.155906 0.155906
 0.108073 0.130196 0.130196 0.130196 0.130196
 0.107961 0.130061 0.130061 0.130061 0.130061
 0.153523 0.184949 0.184949 0.184949 0.184949
 0.153887 0.185388 0.185388 0.185388 0.185388
nmprior
 8.19 8.8 8.5 0
nm_flota  nm_reclas  nm_pelaces    nm_pelaL
inf 12.0662 19.9922 49.1042
cv_recla  cv_pelaces  cv_mph
0.367101 0.474017 1.60952
 ------------------------------------------------
Talla a la edad & desviaci?n 
 8 13.2811 15.8009 17.003 17.5766
 0.8 1.32811 1.58009 1.7003 1.75766
