years
 1991 1992 1993 1994 1995 1996 1997 1998 1999 2000 2001 2002 2003 2004 2005 2006 2007 2008 2009 2010 2011 2012 2013 2014 2015 2016 2017 2018 2019 2020 2021
reclasobs
 0 0 0 0 0 0 0 0 0 252601 567819 844713 477998 351125 339783 2.1784e+06 2.13404e+06 4.81314e+06 1.55562e+06 2.62356e+06 3.21686e+06 3.843e+06 1.13348e+06 3.07943e+06 1.97215e+06 2.03268e+06 2.025e+06 2.42433e+06 2.27542e+06 1.05018e+06 2.36338e+06
reclaspred
 3.15943e+06 1.76249e+06 891381 860090 838456 1.34599e+06 821142 722438 531493 390761 480223 630125 621801 480987 486410 1.32548e+06 1.27725e+06 2.9077e+06 2.39534e+06 1.77531e+06 3.14365e+06 2.55188e+06 2.01293e+06 3.10068e+06 2.31829e+06 2.0427e+06 2.43833e+06 2.61754e+06 2.14573e+06 1.33876e+06 1.93313e+06
pelacesobs
 0 0 0 0 0 0 0 0 0 0 0 0 0 0 0 552880 188675 0 991730 2.46772e+06 1.41603e+06 1.21717e+06 2.29649e+06 1.80582e+06 0 1.4828e+06 1.56532e+06 1.57751e+06 1.42118e+06 867257 1.10002e+06
pelacespred
 1.60232e+06 992096 500365 393822 403382 666994 369675 411193 287884 200017 256349 281544 306138 248702 258955 589316 569566 1.49649e+06 1.27092e+06 873656 1.50115e+06 1.31775e+06 1.0386e+06 1.75266e+06 1.2628e+06 1.10951e+06 1.50981e+06 1.59958e+06 1.07827e+06 763930 1.08618e+06
mphobs
 0 0 0 0 0 0 0 0 0 0 0 498337 0 5186 125008 0 168611 109162 213762 579715 649985 157893 87575 83554 0 0 0 0 0 0 0
mphpred
 475568 317222 157128 85743.9 89420.1 99855.2 132316 79078.1 70675.3 48656.7 32603.3 56710.3 61545.4 51901.9 34727.3 44224 152300 143920 287767 216823 230588 285535 270966 221879 309020 253568 207954 223869 315991 214229 132338
desembarqueobs
 494567 514787 250237 358949 120608 361735 552515 73892 212993 205616 52469 317467 293654 387597 252695 516296 358380 742168 942051 627588 828172 859565 418607 520667 417249 300574 407403 355545 319650 289779 391294
desembarquepred
 494573 513606 250784 358982 120613 361746 552547 73896.4 213040 205659 52471.5 317529 293701 387622 252686 516250 358401 742062 941828 627440 828231 859569 418613 520689 417246 300573 407400 355529 319641 289784 391296
Reclutas
 192700 108629 109450 169215 135964 242128 98656.2 44139.2 43377.1 58805.4 110640 146955 122171 85329.9 84738.8 474314 98103.1 726730 417773 319880 475522 634574 130028 390928 326733 146561 332480 375341 109068 78498 298406
log_desv_Rt
 0.111259 -0.461938 -0.454408 -0.0187069 -0.237481 0.339591 -0.558233 -1.36253 -1.37994 -1.07564 -0.443595 -0.15975 -0.34445 -0.70335 -0.710302 1.012 -0.563855 1.43868 0.885063 0.61807 1.01454 1.30308 -0.282123 0.81865 0.639268 -0.162431 0.656704 0.77796 -0.457901 -0.786801 0.548579
SSB
 3.04297e+06 2.02977e+06 1.0054e+06 548641 572163 638933 846635 505989 452223 311335 208615 362867 393804 332100 222206 282972 974503 920885 1.8413e+06 1.38736e+06 1.47544e+06 1.82702e+06 1.7338e+06 1.41971e+06 1.97729e+06 1.62248e+06 1.33061e+06 1.43245e+06 2.0219e+06 1.37077e+06 846777
BT
 4.11424e+06 2.79629e+06 1.40304e+06 1.21015e+06 1.02602e+06 1.8473e+06 1.34747e+06 1.01345e+06 875479 659310 636443 914977 972547 976587 850777 1.77715e+06 1.59323e+06 4.10612e+06 3.83644e+06 2.58019e+06 4.1331e+06 3.84315e+06 2.75988e+06 4.5259e+06 3.29818e+06 2.8252e+06 3.89739e+06 4.04496e+06 2.75049e+06 2.04408e+06 2.8768e+06
Ftot
 0.140196 0.256219 0.250466 0.394635 0.136282 0.264349 0.590617 0.0963603 0.373339 0.486385 0.112019 0.480117 0.447315 0.750896 0.516943 0.408026 0.257553 0.261321 0.369474 0.333194 0.255205 0.323325 0.189696 0.167943 0.169084 0.136902 0.166041 0.136914 0.133244 0.19514 0.204976
BD_Bspro_t
 0.977873 0.840685 0.677219 0.58612 0.567433 0.641275 0.631542 0.457976 0.516142 0.472955 0.443574 0.663825 0.549889 0.45997 0.35162 0.410447 0.597731 0.571106 0.669193 0.573709 0.543904 0.593288 0.60914 0.600515 0.704026 0.711528 0.718206 0.756034 0.802355 0.736219 0.666491
BD_Bspro
 2.46919 1.64704 0.815823 0.44519 0.464278 0.518457 0.686996 0.410581 0.366953 0.25263 0.169279 0.294445 0.319549 0.26948 0.180308 0.229615 0.790753 0.747245 1.49411 1.12577 1.19724 1.48252 1.40688 1.15202 1.60446 1.31655 1.07972 1.16235 1.64065 1.1123 0.687111
BD_Bo
 1.62211 1.08201 0.535945 0.292463 0.305002 0.340594 0.451314 0.269726 0.241065 0.165962 0.111206 0.193432 0.209924 0.177032 0.118451 0.150843 0.519476 0.490894 0.98154 0.739558 0.78651 0.973926 0.924234 0.756804 1.05403 0.864889 0.709308 0.76359 1.07781 0.730711 0.451389
BD_Brms
 9.53971 6.36334 3.15192 1.71999 1.79373 2.00306 2.6542 1.58628 1.41772 0.976035 0.654009 1.13759 1.23458 1.04113 0.696617 0.887117 3.05507 2.88698 5.77249 4.34939 4.62551 5.72772 5.43547 4.45081 6.19882 5.08647 4.17148 4.49072 6.33865 4.29736 2.65465
Sel_flota
 0.765291 0.984115 0.999151 0.999955 0.999998
 0.765291 0.984115 0.999151 0.999955 0.999998
 0.765291 0.984115 0.999151 0.999955 0.999998
 0.765291 0.984115 0.999151 0.999955 0.999998
 0.765291 0.984115 0.999151 0.999955 0.999998
 0.765291 0.984115 0.999151 0.999955 0.999998
 0.765291 0.984115 0.999151 0.999955 0.999998
 0.765291 0.984115 0.999151 0.999955 0.999998
 0.765291 0.984115 0.999151 0.999955 0.999998
 0.765291 0.984115 0.999151 0.999955 0.999998
 0.765291 0.984115 0.999151 0.999955 0.999998
 0.765291 0.984115 0.999151 0.999955 0.999998
 0.765291 0.984115 0.999151 0.999955 0.999998
 0.765291 0.984115 0.999151 0.999955 0.999998
 0.765291 0.984115 0.999151 0.999955 0.999998
 0.765291 0.984115 0.999151 0.999955 0.999998
 0.765291 0.984115 0.999151 0.999955 0.999998
 0.765291 0.984115 0.999151 0.999955 0.999998
 0.765291 0.984115 0.999151 0.999955 0.999998
 0.765291 0.984115 0.999151 0.999955 0.999998
 0.765291 0.984115 0.999151 0.999955 0.999998
 0.765291 0.984115 0.999151 0.999955 0.999998
 0.765291 0.984115 0.999151 0.999955 0.999998
 0.765291 0.984115 0.999151 0.999955 0.999998
 0.765291 0.984115 0.999151 0.999955 0.999998
 0.765291 0.984115 0.999151 0.999955 0.999998
 0.765291 0.984115 0.999151 0.999955 0.999998
 0.765291 0.984115 0.999151 0.999955 0.999998
 0.765291 0.984115 0.999151 0.999955 0.999998
 0.765291 0.984115 0.999151 0.999955 0.999998
 0.765291 0.984115 0.999151 0.999955 0.999998
Sel_reclas
 1 1 1 1 1
 1 1 1 1 1
 1 1 1 1 1
 1 1 1 1 1
 1 1 1 1 1
 1 1 1 1 1
 1 1 1 1 1
 1 1 1 1 1
 1 1 1 1 1
 1 1 1 1 1
 1 1 1 1 1
 1 1 1 1 1
 1 1 1 1 1
 1 1 1 1 1
 1 1 1 1 1
 1 1 1 1 1
 1 1 1 1 1
 1 1 1 1 1
 1 1 1 1 1
 1 1 1 1 1
 1 1 1 1 1
 1 1 1 1 1
 1 1 1 1 1
 1 1 1 1 1
 1 1 1 1 1
 1 1 1 1 1
 1 1 1 1 1
 1 1 1 1 1
 1 1 1 1 1
 1 1 1 1 1
 1 1 1 1 1
Sel_pelaces
 1 1 1 1 1
 1 1 1 1 1
 1 1 1 1 1
 1 1 1 1 1
 1 1 1 1 1
 1 1 1 1 1
 1 1 1 1 1
 1 1 1 1 1
 1 1 1 1 1
 1 1 1 1 1
 1 1 1 1 1
 1 1 1 1 1
 1 1 1 1 1
 1 1 1 1 1
 1 1 1 1 1
 1 1 1 1 1
 1 1 1 1 1
 1 1 1 1 1
 1 1 1 1 1
 1 1 1 1 1
 1 1 1 1 1
 1 1 1 1 1
 1 1 1 1 1
 1 1 1 1 1
 1 1 1 1 1
 1 1 1 1 1
 1 1 1 1 1
 1 1 1 1 1
 1 1 1 1 1
 1 1 1 1 1
 1 1 1 1 1
pf_obs 
 0.8446 0.082 0.0669 0.0065 0
 0.8095 0.147 0.0364 0.0071 0
 0.9664 0.0169 0.016 0.0007 0
 0.9276 0.0648 0.0075 0.0001 0
 0.7033 0.2144 0.0806 0.0017 0
 0.9318 0.0425 0.0243 0.0014 0
 0.5671 0.3108 0.0964 0.0239 0.0018
 0.0768 0.2599 0.5324 0.112 0.0189
 0.490249 0.384438 0.106611 0.0170017 0.00170017
 0.7925 0.1577 0.0466 0.003 0.0002
 0.840416 0.127587 0.0312969 0.00059994 9.999e-05
 0.8084 0.0986 0.0794 0.0134 0.0002
 0.7335 0.1905 0.0724 0.0035 0.0001
 0.4001 0.4547 0.1325 0.0127 0
 0.49795 0.308269 0.164784 0.0264974 0.00249975
 0.9179 0.0499 0.0305 0.0017 0
 0.2467 0.6533 0.0926 0.0074 0
 0.9418 0.0223 0.034 0.0019 0
 0.707729 0.231977 0.0356964 0.0245975 0
 0.517169 0.277429 0.184464 0.0207286 0.00020938
 0.811772 0.124168 0.05621 0.00726502 0.000585176
 0.764997 0.148141 0.077277 0.00933861 0.000247198
 0.163321 0.427699 0.378323 0.0303852 0.000271297
 0.753843 0.0900009 0.118128 0.0371064 0.000921714
 0.721811 0.176058 0.0630433 0.0369309 0.00215725
 0.143369 0.312575 0.442814 0.0836902 0.0175525
 0.692698 0.0596174 0.167031 0.0765114 0.00414204
 0.394062 0.376323 0.152708 0.0712218 0.00568511
 0.125707 0.32114 0.495352 0.0537591 0.00404204
 0.23352 0.215282 0.420074 0.123614 0.00750983
 0.774587 0.0839891 0.0768558 0.0609784 0.00358967
pf_pred 
 0.439399 0.128075 0.407411 0.0251139 8.21308e-07
 0.407117 0.300077 0.0677104 0.212036 0.01306
 0.557706 0.210553 0.118302 0.0262504 0.0871887
 0.719144 0.175632 0.0505435 0.0279268 0.0267541
 0.643151 0.276564 0.0505537 0.0142883 0.0154427
 0.749623 0.17531 0.0583863 0.0105067 0.00617382
 0.469208 0.423762 0.0753247 0.0246654 0.00704027
 0.451615 0.30125 0.198104 0.0345176 0.0145135
 0.543668 0.235433 0.122195 0.0791336 0.0195696
 0.709929 0.17869 0.0579749 0.0295554 0.0238504
 0.817678 0.140278 0.0260926 0.00830688 0.0076443
 0.730964 0.229472 0.0305513 0.00559533 0.0034177
 0.674677 0.255967 0.059323 0.00774973 0.00228392
 0.619657 0.280557 0.0788264 0.01793 0.00302956
 0.73101 0.187707 0.0603019 0.0165785 0.00440301
 0.934824 0.0513719 0.00968967 0.00305331 0.00106127
 0.367476 0.601346 0.0246703 0.00456931 0.00193839
 0.894116 0.0458238 0.0571476 0.00230548 0.000607607
 0.584461 0.381476 0.0148831 0.018251 0.000929499
 0.590523 0.267178 0.130829 0.00501391 0.0064555
 0.731786 0.176469 0.0602264 0.02898 0.00253815
 0.734059 0.208141 0.0382508 0.0128373 0.00671212
 0.307126 0.544408 0.116643 0.0210666 0.0107567
 0.732065 0.0981477 0.13387 0.0282239 0.00769355
 0.614475 0.30129 0.0311718 0.0418458 0.0112177
 0.424275 0.388358 0.146952 0.0149638 0.0254509
 0.725369 0.134221 0.0952004 0.0354645 0.00974503
 0.680161 0.247955 0.0354221 0.0247281 0.0117331
 0.336163 0.48699 0.137594 0.0193515 0.0199023
 0.404418 0.235942 0.264937 0.0736958 0.0210066
 0.817494 0.0860469 0.038592 0.0426392 0.0152282
pobs_RECLAS
 0 0 0 0 0
 0 0 0 0 0
 0 0 0 0 0
 0 0 0 0 0
 0 0 0 0 0
 0 0 0 0 0
 0 0 0 0 0
 0 0 0 0 0
 0 0 0 0 0
 0 0 0 0 0
 0.991045 0.00858322 0.000360255 1.14367e-05 0
 0.934742 0.0480273 0.0164251 0.00080598 0
 0.827803 0.169806 0.00239088 0 0
 0.941827 0.0461693 0.0120037 0 0
 0.791401 0.0380133 0.147996 0.0225897 0
 0.846168 0.0940531 0.0597789 0 0
 0.134021 0.677848 0.182769 0.00536245 0
 0.80878 0.0450904 0.141981 0.00414843 0
 0.846168 0.0940531 0.0597789 0 0
 0.905697 0.0802665 0.012482 0.00150086 5.37128e-05
 0.989698 0.0102097 9.19794e-05 0 0
 0.975433 0.0193895 0.00387452 0.00125025 5.28907e-05
 0.303575 0.632131 0.0575291 0.00676475 0
 0.966965 0.00978017 0.0227588 0.000495775 0
 0.843318 0.132988 0.00938335 0.0141283 0.000182051
 0.564624 0.303363 0.111486 0.0197234 0.00080311
 0.826376 0.0876187 0.0782897 0.00655872 0.00115652
 0.89761 0.0855135 0.0140674 0.00269457 0.000114338
 0.34875 0.467042 0.161289 0.0227151 0.000203297
 0.318654 0.224769 0.449479 0.00709798 0
 0.937255 0.0296025 0.0250945 0.00804832 0
ppred_RECLAS
 0.50564 0.11429 0.358018 0.0220512 7.21117e-07
 0.472312 0.269215 0.059809 0.187138 0.0115259
 0.62178 0.181557 0.100437 0.0222679 0.0739578
 0.769798 0.144831 0.0410251 0.0226486 0.0216966
 0.699891 0.233406 0.0420146 0.0118652 0.0128233
 0.795528 0.143842 0.0471659 0.00848058 0.00498302
 0.536738 0.371077 0.064894 0.0212315 0.00605984
 0.51653 0.267438 0.1732 0.0301538 0.0126782
 0.609015 0.203297 0.103863 0.0672055 0.016619
 0.762248 0.147384 0.0470571 0.0239691 0.0193415
 0.852955 0.113543 0.0207986 0.00661611 0.00608813
 0.779955 0.18813 0.0246491 0.00451053 0.00275497
 0.730134 0.213057 0.048597 0.00634316 0.00186931
 0.682589 0.23517 0.0649783 0.0147669 0.00249499
 0.780636 0.15383 0.048629 0.0133579 0.00354751
 0.94921 0.0401683 0.00745727 0.00234788 0.00081604
 0.429182 0.5431 0.0219367 0.00405967 0.00172211
 0.91679 0.0363302 0.0446081 0.00179812 0.000473873
 0.646248 0.325183 0.0124883 0.0153014 0.000779248
 0.652649 0.227881 0.109848 0.00420632 0.00541547
 0.78008 0.145476 0.0488827 0.0235022 0.0020583
 0.782043 0.171175 0.0309679 0.0103845 0.00542938
 0.364744 0.500799 0.105655 0.0190666 0.00973509
 0.780724 0.0811178 0.10895 0.0229513 0.00625604
 0.673612 0.255957 0.0260768 0.0349775 0.00937607
 0.488503 0.346772 0.129217 0.0131471 0.0223601
 0.774537 0.111074 0.0775784 0.0288763 0.00793435
 0.733463 0.207363 0.0291718 0.0203482 0.00965447
 0.395995 0.444924 0.123794 0.0173964 0.0178909
 0.469513 0.212146 0.234565 0.0651938 0.0185824
 0.853667 0.0695743 0.0307252 0.0339195 0.0121135
pobs_PELACES
 0 0 0 0 0
 0 0 0 0 0
 0 0 0 0 0
 0 0 0 0 0
 0 0 0 0 0
 0 0 0 0 0
 0 0 0 0 0
 0 0 0 0 0
 0 0 0 0 0
 0 0 0 0 0
 0 0 0 0 0
 0 0 0 0 0
 0 0 0 0 0
 0 0 0 0 0
 0 0 0 0 0
 0 0 0 0 0
 0.505614 0.472636 0.0217494 0 0
 0 0 0 0 0
 0.443492 0.261883 0.143347 0.151278 0
 0.227955 0.32914 0.350689 0.0885471 0.00366901
 0.970185 0.0296113 0.000203453 0 0
 0.997202 0.00247181 0.000326279 0 0
 0.445219 0.490057 0.0546422 0.010081 0
 0.90214 0.0892962 0.00764917 0.000914606 0
 0 0 0 0 0
 0.581667 0.319106 0.0959925 0.00289975 0.000334073
 0.762889 0.0836404 0.116647 0.0363945 0.000428098
 0.88444 0.0763242 0.0277011 0.0115352 0
 0.521256 0.241999 0.230069 0.00667565 0
 0.616807 0.101726 0.260614 0.0208532 0
 0.833518 0.0704572 0.0857862 0.0102388 0
ppred_PELACES
 0.508305 0.113735 0.356032 0.021928 7.17088e-07
 0.477087 0.266952 0.0592308 0.185316 0.0114137
 0.62618 0.179565 0.0992109 0.0219946 0.0730501
 0.77494 0.141702 0.0400603 0.0221136 0.021184
 0.701986 0.231812 0.0416995 0.0117758 0.0127266
 0.798679 0.141681 0.0463964 0.00834165 0.00490137
 0.547471 0.362694 0.0632424 0.0206879 0.00590464
 0.518321 0.266505 0.172513 0.0300334 0.0126276
 0.615631 0.200039 0.10201 0.0659996 0.0163207
 0.768722 0.143506 0.0457084 0.0232791 0.0187847
 0.853982 0.112763 0.0206445 0.00656686 0.00604281
 0.785907 0.183106 0.0239337 0.00437907 0.00267465
 0.736542 0.208095 0.04736 0.00618097 0.0018215
 0.694426 0.226621 0.0623832 0.0141744 0.00239485
 0.787091 0.149419 0.0471136 0.0129399 0.00343646
 0.950632 0.0390605 0.00723693 0.00227826 0.000791839
 0.433759 0.538778 0.0217344 0.00402195 0.00170611
 0.918273 0.0357087 0.0437883 0.00176495 0.000465129
 0.652358 0.319616 0.012252 0.0150104 0.000764424
 0.658212 0.224359 0.107972 0.00413411 0.00532248
 0.7833 0.143409 0.0481271 0.0231373 0.00202634
 0.786055 0.168083 0.0303597 0.0101797 0.00532227
 0.367971 0.498356 0.105041 0.0189548 0.00967796
 0.782884 0.0803616 0.107845 0.0227174 0.00619227
 0.676332 0.253872 0.0258426 0.0346619 0.00929145
 0.491029 0.345136 0.12852 0.0130757 0.0222387
 0.776698 0.110056 0.0768043 0.0285869 0.00785482
 0.735421 0.205871 0.0289423 0.0201874 0.00957814
 0.398341 0.443274 0.123253 0.0173199 0.0178121
 0.473171 0.210807 0.232859 0.0647164 0.0184462
 0.855575 0.0687053 0.0303106 0.03346 0.0119494
pobs_pel_tallas
 0 0 0 0 0 0 0 0 0 0 0 0 0 0 0 0 0 0 0 0 0 0 0 0 0 0
 0 0 0 0 0 0 0 0 0 0 0 0 0 0 0 0 0 0 0 0 0 0 0 0 0 0
 0 0 0 0 0 0 0 0 0 0 0 0 0 0 0 0 0 0 0 0 0 0 0 0 0 0
 0 0 0 0 0 0 0 0 0 0 0 0 0 0 0 0 0 0 0 0 0 0 0 0 0 0
 0 0 0 0 0 0 0 0 0 0 0 0 0 0 0 0 0 0 0 0 0 0 0 0 0 0
 0 0 0 0 0 0 0 0 0 0 0 0 0 0 0 0 0 0 0 0 0 0 0 0 0 0
 0 0 0 0 0 0 0 0 0 0 0 0 0 0 0 0 0 0 0 0 0 0 0 0 0 0
 0 0 0 0 0 0 0 0 0 0 0 0 0 0 0 0 0 0 0 0 0 0 0 0 0 0
 0 0 0 0 0 0 0 0 0 0 0 0 0 0 0 0 0 0 0 0 0 0 0 0 0 0
 0 0 0 0 0 0 0 0 0 0 0 0 0 0 0 0 0 0 0 0 0 0 0 0 0 0
 0 0 0 0 0 0 0 0 0 0 0 0 0 0 0 0 0 0 0 0 0 0 0 0 0 0
 0 0 0 0 0 0 0 0 0 0 0 0 0 0 0 0 0 0 0 0 0 0 0 0 0 0
 0.00862536 0 0 0.000197151 0.00414017 0.0128641 0.00837892 0.0270097 0.101434 0.158115 0.152841 0.127902 0.109271 0.109419 0.0830992 0.0579132 0.0238553 0.00714673 0.00463305 0.00128148 0.00103504 0.000492878 0.000147863 0.000147863 4.92878e-05 0
 0 0 0 0 0 0 0 0 0 0 0 0 0 0 0 0 0 0 0 0 0 0 0 0 0 0
 0 0 0 0 0 0 0 0.0054083 0.00873648 0.0413646 0.0450493 0.0745869 0.0622846 0.0627006 0.0613931 0.0827291 0.12552 0.122667 0.0946155 0.0697135 0.0546179 0.0294188 0.0215738 0.0213955 0.0102223 0.00600262
 0 0 0 0 0.00359764 0.0251062 0.0480494 0.140153 0.205849 0.193036 0.1447 0.116669 0.0760912 0.0342217 0.00950174 0.001854 0.000860785 0 0 0 0.000165536 0 0.000143464 0 0 0
 0 0 0 0 0 0 0 0.000145254 0.000435761 0.0275982 0.070085 0.0708112 0.156366 0.174668 0.174014 0.160142 0.0824315 0.0480064 0.0283245 0.00493863 0.00203355 0 0 0 0 0
 0 0 0 0 0 0 0 0 0 0 0 0 0 0 0 0 0 0 0 0 0 0 0 0 0 0
 0 0 1.00437e-05 0.000401748 0.00122533 0.00171747 0.00176769 0.0269171 0.070346 0.194647 0.189555 0.159765 0.064822 0.0314167 0.0384472 0.0292271 0.0345202 0.0313363 0.0194345 0.0106764 0.0143323 0.0359363 0.0279516 0.0138201 0.00172751 0
 0 0.0021121 0.0136068 0.0755702 0.200478 0.177729 0.0527432 0.0373336 0.0318909 0.0142505 0.0149659 0.0166563 0.0217959 0.0798694 0.0677717 0.0528807 0.04013 0.0224614 0.0357745 0.0225083 0.00881397 0.00855152 0.00135912 0.000746735 0 0
 0 0 0 0 5.4009e-05 0.00500934 0.000945158 0.0243581 0.138947 0.33067 0.221406 0.137944 0.0707744 0.0437923 0.0131692 0.00525238 0.0047753 0.00276346 9.45158e-05 9.00151e-06 2.25038e-05 9.00151e-06 4.50075e-06 0 0 0
 0.000866109 0.00284123 0.00948549 0.0512746 0.133035 0.25785 0.225252 0.132002 0.0553304 0.0519788 0.0540692 0.017754 0.00435017 0.00159236 0.00146478 0.000404838 0.000125132 0.000115318 0.000107957 0.000100596 0 0 0 0 0 0
 0 0 0 0 0.00144013 0.00171154 0.00461396 0.0210425 0.0478622 0.0707936 0.0888783 0.103762 0.0637923 0.0337046 0.0602308 0.124433 0.169614 0.0934646 0.0462172 0.0250306 0.0313229 0.00938855 0.002487 0.000210481 0 0
 0 0.00764035 0.051015 0.0998891 0.058973 0.0496711 0.0374665 0.0718981 0.12319 0.153886 0.159021 0.0857701 0.0377988 0.023471 0.0147837 0.00900784 0.00315554 0.000888139 0.00291439 0.00214683 0.00393193 0.00274676 0.000635225 9.99891e-05 0 0
 0 0 0 0 0 0 0 0 0 0 0 0 0 0 0 0 0 0 0 0 0 0 0 0 0 0
 0 0 0 0 0 0 0 0 0 0 0 0 0 0 0 0 0 0 0 0 0 0 0 0 0 0
 0 0 0 0 0 0 0 0 0 0 0 0 0 0 0 0 0 0 0 0 0 0 0 0 0 0
 0 0 0 0 0 0 0 0 0 0 0 0 0 0 0 0 0 0 0 0 0 0 0 0 0 0
 0 0 0 0 0 0 0 0 0 0 0 0 0 0 0 0 0 0 0 0 0 0 0 0 0 0
 0 0 0 0 0 0 0 0 0 0 0 0 0 0 0 0 0 0 0 0 0 0 0 0 0 0
 0 0 0 0 0 0 0 0 0 0 0 0 0 0 0 0 0 0 0 0 0 0 0 0 0 0
ppred_pel_tallas
 1.12503e-16 4.18684e-05 0.000406976 0.0027045 0.0122943 0.0382521 0.0815006 0.118955 0.118966 0.081557 0.038443 0.0128525 0.00413118 0.00360553 0.00636242 0.0110919 0.0174603 0.0250429 0.0333176 0.0418582 0.0502575 0.0577672 0.0630787 0.0646535 0.0615093 0.0538897
 1.22294e-16 3.92971e-05 0.000381982 0.0025384 0.0115392 0.035903 0.076496 0.111654 0.111679 0.0766223 0.0363272 0.012766 0.00562351 0.00713677 0.0129299 0.0214866 0.0313843 0.0404597 0.0466196 0.0491161 0.0490659 0.0486494 0.0495767 0.0520019 0.0545812 0.0554222
 1.17477e-16 5.15776e-05 0.000501353 0.00333167 0.0151453 0.0471227 0.100401 0.146541 0.146559 0.100486 0.0474095 0.0159753 0.00542202 0.00508749 0.00882987 0.0146987 0.0216081 0.0281237 0.0328415 0.0351945 0.0357886 0.0359049 0.0365613 0.0378795 0.0391505 0.0393858
 1.06995e-16 6.38308e-05 0.000620458 0.00412316 0.0187433 0.0583174 0.124252 0.181352 0.181366 0.124319 0.0585424 0.0193936 0.00575759 0.00419571 0.00687586 0.0113255 0.0164527 0.0210059 0.0237673 0.0242136 0.0228299 0.0207528 0.0190273 0.0180587 0.0175883 0.0170555
 1.04598e-16 5.78217e-05 0.000562048 0.00373501 0.0169788 0.0528275 0.112555 0.164283 0.164305 0.112665 0.0531944 0.0180389 0.00639682 0.00637583 0.0111084 0.0182973 0.0264115 0.0333421 0.0369826 0.0363739 0.0322709 0.0266109 0.0213242 0.0174152 0.0148487 0.0130395
 1.03042e-16 6.57862e-05 0.000639465 0.00424947 0.0193175 0.0601039 0.128058 0.186908 0.186921 0.128125 0.0603289 0.0199677 0.00588375 0.00421398 0.00687467 0.0113141 0.0164158 0.0209031 0.0235144 0.0236609 0.0217496 0.0188542 0.0160135 0.0137218 0.0119125 0.0102821
 1.04992e-16 4.50945e-05 0.000438335 0.00291289 0.0132416 0.0411997 0.0877817 0.128127 0.128162 0.0879526 0.0417737 0.0148998 0.00707631 0.00953084 0.0173245 0.0285989 0.0412633 0.0520392 0.057611 0.0564512 0.0497144 0.0404163 0.0315848 0.0248339 0.0201873 0.0168331
 1.10196e-16 4.26935e-05 0.000414996 0.0027578 0.0125366 0.039006 0.0831074 0.121303 0.121329 0.0832341 0.039432 0.0137697 0.00586378 0.0072304 0.0130892 0.0218406 0.0320872 0.0416682 0.0483736 0.05114 0.0505648 0.048246 0.0455384 0.0427837 0.0395024 0.0351382
 1.12376e-16 5.07087e-05 0.000492907 0.00327554 0.0148901 0.0463289 0.0987093 0.144073 0.144093 0.0988042 0.0466481 0.015814 0.00560152 0.00559402 0.00980863 0.0163218 0.0239529 0.0310802 0.0360955 0.0383063 0.0383137 0.0374711 0.0368653 0.0366529 0.0361743 0.0345824
 1.0687e-16 6.33186e-05 0.00061548 0.00409008 0.0185929 0.0578495 0.123255 0.179897 0.179911 0.123323 0.0580775 0.019252 0.00574707 0.00424128 0.00697505 0.0114999 0.0167259 0.0213944 0.0242768 0.0248392 0.0235558 0.0215469 0.0198348 0.0188033 0.0181872 0.0174451
 1.02306e-16 7.03414e-05 0.000683744 0.00454372 0.0206551 0.0642657 0.136925 0.199849 0.19986 0.136978 0.0644442 0.0211708 0.00583874 0.00351241 0.00544736 0.00890735 0.0128562 0.016236 0.0180213 0.0177468 0.01578 0.0130612 0.0105249 0.00865338 0.00742323 0.00654558
 1.0163e-16 6.47341e-05 0.000629239 0.00418151 0.0190086 0.0591428 0.126011 0.18392 0.183938 0.126097 0.0594323 0.0198446 0.00627999 0.00520965 0.00876207 0.0143785 0.0206957 0.0260022 0.0285982 0.027698 0.0238929 0.0187444 0.0138495 0.010104 0.00758885 0.00592728
 1.02349e-16 6.06681e-05 0.000589715 0.00391887 0.0178146 0.055428 0.118096 0.172369 0.172389 0.118194 0.0557576 0.0187671 0.00631095 0.00581595 0.00999873 0.0164662 0.023789 0.030069 0.0334048 0.0329052 0.0291933 0.0239404 0.0188254 0.0147455 0.0117383 0.00941352
 1.03686e-16 5.7199e-05 0.000555995 0.00369478 0.016796 0.0522586 0.111343 0.162513 0.162535 0.11145 0.052618 0.0178346 0.00630439 0.00626072 0.0109148 0.0180146 0.0260873 0.0331026 0.0370209 0.036889 0.0333735 0.0282412 0.0232301 0.019212 0.0161406 0.0135512
 1.03278e-16 6.48317e-05 0.000630187 0.00418782 0.0190372 0.0592319 0.1262 0.184196 0.184211 0.126271 0.0594691 0.0197229 0.00591098 0.00439894 0.00724321 0.0119265 0.0173028 0.0220292 0.0247781 0.0249329 0.0229298 0.0199071 0.0169622 0.0146092 0.0127627 0.0110841
 1.00582e-16 7.83023e-05 0.000761127 0.00505795 0.0229927 0.0715389 0.152421 0.222464 0.222468 0.15244 0.0716008 0.0231714 0.0055065 0.00174082 0.00194046 0.00308809 0.0044505 0.0056169 0.00622679 0.00611589 0.00540803 0.00442614 0.00349335 0.00278023 0.00228684 0.00192474
 1.01458e-16 3.57283e-05 0.000347292 0.00230788 0.0104913 0.0326426 0.0695505 0.101522 0.101574 0.0698038 0.0334928 0.0129456 0.008464 0.0137716 0.0254881 0.0419678 0.0601882 0.0751308 0.0817049 0.0775633 0.0645299 0.0474326 0.0313147 0.0191647 0.0114551 0.00711127
 1.01529e-16 7.56369e-05 0.000735218 0.00488578 0.0222101 0.0691037 0.147233 0.214892 0.214895 0.14725 0.0691615 0.0223775 0.00530904 0.00166866 0.0018761 0.00305377 0.00455849 0.00607791 0.00733576 0.00818333 0.00864526 0.00882926 0.00878625 0.00845741 0.00774899 0.00665064
 1.02071e-16 5.37339e-05 0.000522313 0.00347095 0.0157785 0.0490928 0.104599 0.152671 0.152702 0.104749 0.0495972 0.0172347 0.00712384 0.00848881 0.0151609 0.0249201 0.0357569 0.0446835 0.0487002 0.0464404 0.0390078 0.0292701 0.020191 0.0134782 0.0093202 0.00698747
 1.04489e-16 5.42161e-05 0.000527 0.0035021 0.01592 0.0495333 0.105537 0.154038 0.15406 0.105643 0.0498905 0.0169533 0.00610137 0.00621966 0.0109194 0.0181058 0.0264003 0.0338684 0.0385454 0.0394765 0.0372044 0.0332506 0.0290557 0.0252583 0.0217463 0.0181887
 1.04089e-16 6.45194e-05 0.000627151 0.00416764 0.0189455 0.0589466 0.125592 0.183309 0.183323 0.12566 0.0591744 0.0196042 0.00582347 0.00425014 0.00696982 0.0114855 0.0166933 0.0213207 0.0241153 0.0245055 0.0229173 0.0204272 0.0180418 0.0161823 0.0146867 0.0131672
 1.02841e-16 6.47464e-05 0.000629358 0.0041823 0.0190122 0.059154 0.126034 0.183954 0.18397 0.126114 0.05942 0.0197808 0.00611233 0.00484477 0.00807704 0.0132678 0.0191478 0.0241681 0.0267966 0.0263323 0.0233154 0.0191428 0.0152093 0.0122454 0.0102382 0.00878604
 1.06698e-16 3.03094e-05 0.000294618 0.00195784 0.0089001 0.0276918 0.059002 0.0861252 0.0861733 0.059237 0.028481 0.0111803 0.00768421 0.0128042 0.0238141 0.0393893 0.0568967 0.0718786 0.079793 0.0785258 0.0696094 0.0570983 0.0450574 0.0356457 0.0289092 0.0238207
 1.06459e-16 6.44851e-05 0.000626818 0.00416543 0.0189354 0.0589152 0.125525 0.18321 0.183218 0.125564 0.0590456 0.019314 0.00512329 0.00274321 0.00415846 0.00696799 0.0104886 0.014149 0.0173908 0.0199319 0.0218493 0.0233494 0.0244373 0.0248071 0.0240487 0.0219715
 1.0586e-16 5.57086e-05 0.000541508 0.00359851 0.0163583 0.0508969 0.108442 0.15828 0.158304 0.108562 0.0512983 0.0175176 0.00650834 0.00689372 0.0121204 0.0199532 0.0287529 0.0362042 0.040004 0.0391361 0.034498 0.028304 0.0227435 0.0189266 0.016733 0.0153674
 1.08872e-16 4.04455e-05 0.000393145 0.00261259 0.0118765 0.0369522 0.0787319 0.114918 0.114952 0.0788951 0.0375007 0.0134622 0.00659909 0.0091162 0.0166672 0.0276477 0.0401916 0.0513135 0.0579743 0.0587493 0.0546071 0.0481038 0.0416858 0.0364747 0.0322557 0.028279
 1.06441e-16 6.39756e-05 0.000621866 0.00413252 0.0187858 0.0584497 0.124534 0.181763 0.181774 0.124586 0.058626 0.0192962 0.0054188 0.00344709 0.0054806 0.0090938 0.0134113 0.0175379 0.0206009 0.0222018 0.0226071 0.0224549 0.0222263 0.0219327 0.0212221 0.0197323
 1.04534e-16 6.05757e-05 0.000588817 0.0039129 0.0177875 0.0553436 0.117916 0.172106 0.172126 0.118013 0.0556693 0.0187283 0.00627477 0.00574623 0.00985999 0.0162178 0.0233904 0.0294942 0.0326611 0.0320553 0.028378 0.0233879 0.0188279 0.0155888 0.0135987 0.0122669
 1.08422e-16 3.28109e-05 0.000318933 0.00211943 0.00963463 0.0299771 0.0638711 0.0932307 0.0932735 0.0640803 0.0306801 0.0116664 0.00722405 0.011478 0.0212718 0.0352347 0.0510345 0.0647659 0.0724484 0.0722258 0.0654145 0.0554879 0.0458633 0.0382559 0.0325651 0.0278452
 1.16386e-16 3.89745e-05 0.000378846 0.00251757 0.0114445 0.0356082 0.0758678 0.110736 0.110756 0.0759689 0.0359486 0.0124321 0.00501303 0.00588137 0.010651 0.0179714 0.0268828 0.0359091 0.0435336 0.0490284 0.0527273 0.0554279 0.0574606 0.0582804 0.0568905 0.052645
 1.06271e-16 7.04726e-05 0.000685019 0.00455219 0.0206936 0.0643855 0.13718 0.20022 0.200227 0.137213 0.0644951 0.0210108 0.00535074 0.00243636 0.0034211 0.00561054 0.00823686 0.010713 0.0125073 0.0134187 0.0136981 0.0138466 0.0142407 0.014883 0.0154369 0.0154673
pSPR Fmed_Fpbrs
0.633605   0.220037 0.220037
Fs Fmed_Fpbrs
0.252838   1.005 1.005
SSBpbr Bo_Bmed_Bpbrs
1.87594e+06  1.0948e+06  318979 318979
Ro
172410
SPR SPRFo_SPRFmed_SPRFpbrs
1.23237e+06 780837 271168
Fref
1.005
Nvult_r0
 204566 17393.4 7703.25 8505.42 3037.53
CTP_r0
 27738.3 2919.65 1309.46 1446.79 516.707
YTP_r0
391296
Np
 238155 93839.6 7478.37 3297.49 4730.92
Nvult_p0
 197554 80999.8 6470.47 2853.43 4093.85
CTP_p0
 85885.8 40276.6 3241.93 1430.24 2052.03
YTP_p0
 1.48288e+06
CBA_c0
718770
log_Ro
11.8776
likeval ReclasPelacesDesembMPH_pf_preclas_ppelaces_ptallas_desvR_qrecl_qpela
 13.1764 17.6825 0.0519474 0.000823319 240.874 118.543 98.4754 0 24.763 5.18701e-07 0 0.265333 0 0 0
q_reclas_q_pelaces
0.902978 1
M
1
N
 192700 44229.1 138696 8543.1 0.279377
 108629 63678.2 14174.1 44354.2 2731.82
 109450 32846.8 18205 4036.64 13406.9
 169215 33241.1 9443.89 5214.49 4995.34
 135964 46023.7 8293.08 2342.15 2531.28
 242128 45064.6 14806.1 2662.47 1564.42
 98656.2 72759.7 12780.9 4182.53 1193.78
 44139.2 23095.7 14968.2 2606.04 1095.71
 43377.1 15083.5 7727.75 5001.05 1236.7
 58805.4 11991.7 3842.78 1957.75 1579.79
 110640 14909.6 2733.44 869.553 800.163
 146955 37358.2 4912.42 899.097 549.161
 122171 37438.4 8568.24 1118.58 329.644
 85329.9 31915.7 8868.33 2016.02 340.629
 84738.8 17670 5607.64 1540.69 409.17
 474314 20988.2 3908.44 1230.75 427.77
 98103.1 127691 5167.64 956.437 405.723
 726730 29633.8 36457.6 1469.74 387.332
 417773 218890 8429.58 10330 526.074
 319880 115837 55978.3 2143.82 2760.1
 475522 91190.8 30700.6 14761.9 1292.85
 634574 143898 26096.5 8752.09 4575.94
 130028 182275 38510 6950.07 3548.6
 390928 41371 55636.1 11721 3194.91
 326733 126469 12901 17305.6 4638.97
 146561 105609 39393.5 4008.28 6817.16
 332480 48553.9 33954.3 12639.3 3472.93
 375341 107717 15169.2 10581.6 5020.59
 109068 124344 34631.7 4866.98 5005.32
 78498 36234.2 40122.1 11152.2 3178.76
 298406 24871.8 11000.7 12145.4 4337.47
pred_Ctot
 12501.5 3643.91 11591.4 714.526 0.0233674
 12423.5 9157.08 2066.23 6470.44 398.536
 12258 4627.82 2600.2 576.966 1916.35
 28575 6978.69 2008.33 1109.67 1063.07
 8585.06 3691.7 674.812 190.727 206.136
 28498.5 6664.77 2219.68 399.435 234.71
 23521.4 21243.2 3776.03 1236.48 352.929
 1995.51 1331.11 875.344 152.52 64.1298
 6974.51 3020.28 1567.59 1015.17 251.05
 11907 2997.02 972.363 495.707 400.022
 5786.19 992.657 184.641 58.7824 54.0938
 29427.2 9238.08 1229.93 225.257 137.59
 23017.4 8732.61 2023.87 264.392 77.9187
 24691.8 11179.5 3141.04 714.466 120.72
 18071.3 4640.29 1490.72 409.837 108.847
 82480.8 4532.62 854.934 269.398 93.6373
 11273.5 18448.2 756.837 140.178 59.4661
 84635.3 4337.59 5409.48 218.233 57.5149
 66555.1 43440.3 1694.8 2078.32 105.846
 46465.3 21022.9 10294.3 394.52 507.951
 54185.5 13066.8 4459.5 2145.84 187.939
 89716.6 25439 4675.01 1568.98 820.355
 11239 19922.2 4268.44 770.917 393.634
 30118.7 4038 5507.68 1161.19 316.528
 25334.9 12422.2 1285.22 1725.31 462.506
 9294.46 8507.64 3219.24 327.806 557.545
 25340.5 4688.97 3325.79 1238.94 340.439
 23804.9 8678.16 1239.73 865.457 410.645
 6739.7 9763.61 2758.6 387.976 399.02
 6967.91 4065.16 4564.73 1269.74 361.933
 27738.3 2919.65 1309.46 1446.79 516.707
F
 0.107291 0.137969 0.140077 0.14019 0.140196
 0.196082 0.252149 0.256001 0.256208 0.256218
 0.191679 0.246487 0.250253 0.250454 0.250465
 0.302011 0.388366 0.3943 0.394617 0.394634
 0.104295 0.134117 0.136166 0.136276 0.136282
 0.202304 0.260149 0.264124 0.264337 0.264348
 0.451994 0.581235 0.590116 0.590591 0.590616
 0.0737437 0.0948296 0.0962785 0.096356 0.0963601
 0.285713 0.367409 0.373023 0.373323 0.373339
 0.372226 0.478659 0.485972 0.486363 0.486384
 0.0857271 0.11024 0.111924 0.112014 0.112019
 0.367429 0.47249 0.47971 0.480096 0.480116
 0.342326 0.440209 0.446935 0.447295 0.447314
 0.574654 0.738968 0.750259 0.750863 0.750895
 0.395612 0.508731 0.516504 0.51692 0.516942
 0.312259 0.401544 0.40768 0.408008 0.408025
 0.197103 0.253461 0.257334 0.257541 0.257552
 0.199987 0.25717 0.261099 0.261309 0.26132
 0.282755 0.363604 0.36916 0.369457 0.369473
 0.254991 0.327901 0.332912 0.333179 0.333194
 0.195307 0.251151 0.254989 0.255194 0.255205
 0.247438 0.318189 0.323051 0.323311 0.323324
 0.145173 0.186683 0.189535 0.189688 0.189696
 0.128525 0.165275 0.1678 0.167935 0.167943
 0.129399 0.166399 0.168941 0.169077 0.169084
 0.10477 0.134727 0.136786 0.136896 0.136902
 0.12707 0.163403 0.1659 0.166034 0.166041
 0.104779 0.134739 0.136798 0.136908 0.136914
 0.101971 0.131128 0.133131 0.133238 0.133244
 0.149339 0.19204 0.194974 0.195131 0.19514
 0.156866 0.20172 0.204802 0.204967 0.204975
nmprior
 8.19 8.8 8.5 0
nm_flota  nm_reclas  nm_pelaces    nm_pelaL
inf 12.6005 18.0135 42.8822
cv_recla  cv_pelaces  cv_mph
0.328339 0.476809 0.885502
 ------------------------------------------------
Talla a la edad & desviaci?n 
 8 13.2811 15.8009 17.003 17.5766
 0.8 1.32811 1.58009 1.7003 1.75766
