years
 1991 1992 1993 1994 1995 1996 1997 1998 1999 2000 2001 2002 2003 2004 2005 2006 2007 2008 2009 2010 2011 2012 2013 2014 2015 2016 2017 2018 2019 2020 2021
reclasobs
 0 0 0 0 0 0 0 0 0 252601 567819 844713 477998 351125 339783 2.1784e+06 2.13404e+06 4.81314e+06 1.55562e+06 2.62356e+06 3.21686e+06 3.843e+06 1.13348e+06 3.07943e+06 1.97215e+06 2.03268e+06 2.025e+06 2.42433e+06 2.27542e+06 1.05018e+06 2.36338e+06
reclaspred
 1.26563e+06 996808 409602 164382 71739.2 411834 183250 16531.3 69850.4 159657 285794 356414 299910 292779 362137 789780 1.10452e+06 1.91157e+06 1.82434e+06 1.23924e+06 2.2888e+06 1.95135e+06 1.4654e+06 2.10481e+06 2.0587e+06 1.48926e+06 1.29182e+06 1.74011e+06 2.0103e+06 836536 863851
pelacesobs
 0 0 0 0 0 0 0 0 0 0 0 0 0 0 0 552880 188675 0 991730 2.46772e+06 1.41603e+06 1.21717e+06 2.29649e+06 1.80582e+06 0 1.4828e+06 1.56532e+06 1.57751e+06 1.42118e+06 867257 1.10002e+06
pelacespred
 480350 424854 183743 53470.2 20966.3 177061 45761 4034.35 22586.3 66575.4 134248 130739 122116 130343 174476 319145 444333 862391 853503 558979 956298 917266 667558 1.07205e+06 1.04222e+06 723262 710463 953401 905539 457300 435664
mphobs
 0 0 0 0 0 0 0 0 0 0 0 498337 0 5186 125008 0 168611 109162 213762 579715 649985 157893 87575 83554 0 0 0 0 0 0 0
mphpred
 778224 1.10632e+06 508628 149645 95171.7 25923.9 349697 32547.7 2886.63 47048.4 138044 301097 218050 180605 188457 308491 868699 852990 1.68231e+06 1.15096e+06 1.15132e+06 1.75408e+06 1.50063e+06 908583 1.97791e+06 1.50247e+06 859357 986403 1.92397e+06 1.08777e+06 409482
desembarqueobs
 494567 514787 250237 358949 120608 361735 552515 73892 212993 205616 52469 317467 293654 387597 252695 516296 358380 742168 942051 627588 828172 859565 418607 520667 417249 300574 415391 372974 316634 284311 391294
desembarquepred
 494050 521031 246886 358265 120544 361598 552265 73886.7 212839 205253 52482.5 317603 292540 388001 252484 516362 358533 742494 941799 628354 828345 860157 418932 520210 417115 300576 415382 372839 316396 283628 390263
Reclutas
 374576 26974.5 11988.2 91681.8 4241.44 246819 7319.15 2262.04 39784.6 90630.9 100579 82607.8 100744 103276 99696.5 419786 103581 676905 343471 264932 524427 510433 25899.1 473454 269460 38515.3 264701 412718 23753.3 7304 244790
log_desv_Rt
 1.43921 -1.19169 -2.00266 0.0317394 -3.04168 1.02207 -2.49609 -3.67032 -0.803106 0.0202101 0.124363 -0.0724806 0.125996 0.150823 0.115546 1.55316 0.153773 2.03095 1.35252 1.09289 1.77572 1.74868 -1.23238 1.67347 1.10984 -0.835528 1.09202 1.53618 -1.31886 -2.49816 1.01382
SSB
 778224 1.10632e+06 508628 149645 95171.7 25923.9 349697 32547.7 2886.63 47048.4 138044 301097 218050 180605 188457 308491 868699 852990 1.68231e+06 1.15096e+06 1.15132e+06 1.75408e+06 1.50063e+06 908583 1.97791e+06 1.50247e+06 859357 986403 1.92397e+06 1.08777e+06 409482
BT
 1.86712e+06 1.47978e+06 670653 516845 149321 1.12062e+06 592652 80622.1 291487 474113 518605 657232 686916 905678 912967 1.65806e+06 1.49485e+06 3.83629e+06 3.40107e+06 2.17091e+06 3.99603e+06 3.4737e+06 1.97016e+06 4.51573e+06 3.14777e+06 2.04883e+06 2.88484e+06 3.75461e+06 2.38356e+06 1.37847e+06 2.0318e+06
Ftot
 0.364758 0.478384 0.546991 1.75745 1.35473 0.807731 2.09315 2.77938 2.48086 1.14143 0.174294 0.793093 0.868152 1.15685 0.639939 0.603191 0.303601 0.363728 0.475393 0.467646 0.33875 0.40892 0.267728 0.233721 0.191421 0.19049 0.302069 0.202961 0.149069 0.31586 0.422011
BD_Bspro_t
 0.943309 0.728808 0.470306 0.24338 0.175781 0.0763801 0.389199 0.0526548 0.00769082 0.12617 0.334717 0.574862 0.391611 0.324292 0.318891 0.423375 0.572088 0.555508 0.650626 0.532752 0.491251 0.586735 0.581529 0.507978 0.712561 0.703304 0.634437 0.687355 0.793331 0.688265 0.509918
BD_Bspro
 1.22582 1.74262 0.801163 0.235712 0.149909 0.040834 0.550824 0.0512673 0.00454686 0.074108 0.21744 0.474273 0.343461 0.28448 0.296847 0.485918 1.36833 1.34358 2.64988 1.81293 1.8135 2.76294 2.3637 1.43115 3.11549 2.36661 1.35361 1.55373 3.03054 1.7134 0.644994
BD_Bo
 0.448822 0.638044 0.293339 0.0863041 0.054888 0.014951 0.201679 0.0187711 0.00166479 0.027134 0.0796137 0.173651 0.125755 0.10416 0.108688 0.177915 0.501002 0.491942 0.970233 0.663787 0.663998 1.01162 0.86545 0.524004 1.14071 0.866515 0.495614 0.568884 1.10961 0.627346 0.236159
BD_Brms
 1.90524 2.70848 1.24522 0.366359 0.232998 0.0634667 0.856125 0.0796829 0.00706701 0.115183 0.337958 0.737144 0.533829 0.442157 0.461379 0.755245 2.12674 2.08828 4.11862 2.81776 2.81866 4.29433 3.67382 2.22438 4.84229 3.67834 2.10387 2.4149 4.71025 2.66307 1.00249
Sel_flota
 0.5 1 1 1 1
 0.5 1 1 1 1
 0.5 1 1 1 1
 0.5 1 1 1 1
 0.5 1 1 1 1
 0.5 1 1 1 1
 0.5 1 1 1 1
 0.5 1 1 1 1
 0.5 1 1 1 1
 0.5 1 1 1 1
 0.5 1 1 1 1
 0.5 1 1 1 1
 0.5 1 1 1 1
 0.5 1 1 1 1
 0.5 1 1 1 1
 0.5 1 1 1 1
 0.5 1 1 1 1
 0.5 1 1 1 1
 0.5 1 1 1 1
 0.5 1 1 1 1
 0.5 1 1 1 1
 0.5 1 1 1 1
 0.5 1 1 1 1
 0.5 1 1 1 1
 0.5 1 1 1 1
 0.5 1 1 1 1
 0.5 1 1 1 1
 0.5 1 1 1 1
 0.5 1 1 1 1
 0.5 1 1 1 1
 0.5 1 1 1 1
Sel_reclas
 0.5 1 1 1 1
 0.5 1 1 1 1
 0.5 1 1 1 1
 0.5 1 1 1 1
 0.5 1 1 1 1
 0.5 1 1 1 1
 0.5 1 1 1 1
 0.5 1 1 1 1
 0.5 1 1 1 1
 0.5 1 1 1 1
 0.5 1 1 1 1
 0.5 1 1 1 1
 0.5 1 1 1 1
 0.5 1 1 1 1
 0.5 1 1 1 1
 0.5 1 1 1 1
 0.5 1 1 1 1
 0.5 1 1 1 1
 0.5 1 1 1 1
 0.5 1 1 1 1
 0.5 1 1 1 1
 0.5 1 1 1 1
 0.5 1 1 1 1
 0.5 1 1 1 1
 0.5 1 1 1 1
 0.5 1 1 1 1
 0.5 1 1 1 1
 0.5 1 1 1 1
 0.5 1 1 1 1
 0.5 1 1 1 1
 0.5 1 1 1 1
Sel_pelaces
 0.5 1 1 1 1
 0.5 1 1 1 1
 0.5 1 1 1 1
 0.5 1 1 1 1
 0.5 1 1 1 1
 0.5 1 1 1 1
 0.5 1 1 1 1
 0.5 1 1 1 1
 0.5 1 1 1 1
 0.5 1 1 1 1
 0.5 1 1 1 1
 0.5 1 1 1 1
 0.5 1 1 1 1
 0.5 1 1 1 1
 0.5 1 1 1 1
 0.5 1 1 1 1
 0.5 1 1 1 1
 0.5 1 1 1 1
 0.5 1 1 1 1
 0.5 1 1 1 1
 0.5 1 1 1 1
 0.5 1 1 1 1
 0.5 1 1 1 1
 0.5 1 1 1 1
 0.5 1 1 1 1
 0.5 1 1 1 1
 0.5 1 1 1 1
 0.5 1 1 1 1
 0.5 1 1 1 1
 0.5 1 1 1 1
 0.5 1 1 1 1
pf_obs 
 0.8446 0.082 0.0669 0.0065 0
 0.8095 0.147 0.0364 0.0071 0
 0.9664 0.0169 0.016 0.0007 0
 0.9276 0.0648 0.0075 0.0001 0
 0.7033 0.2144 0.0806 0.0017 0
 0.9318 0.0425 0.0243 0.0014 0
 0.5671 0.3108 0.0964 0.0239 0.0018
 0.0768 0.2599 0.5324 0.112 0.0189
 0.490249 0.384438 0.106611 0.0170017 0.00170017
 0.7925 0.1577 0.0466 0.003 0.0002
 0.840416 0.127587 0.0312969 0.00059994 9.999e-05
 0.8084 0.0986 0.0794 0.0134 0.0002
 0.7335 0.1905 0.0724 0.0035 0.0001
 0.4001 0.4547 0.1325 0.0127 0
 0.49795 0.308269 0.164784 0.0264974 0.00249975
 0.9179 0.0499 0.0305 0.0017 0
 0.2467 0.6533 0.0926 0.0074 0
 0.9418 0.0223 0.034 0.0019 0
 0.707729 0.231977 0.0356964 0.0245975 0
 0.517169 0.277429 0.184464 0.0207286 0.00020938
 0.811772 0.124168 0.05621 0.00726502 0.000585176
 0.764997 0.148141 0.077277 0.00933861 0.000247198
 0.163321 0.427699 0.378323 0.0303852 0.000271297
 0.753843 0.0900009 0.118128 0.0371064 0.000921714
 0.721811 0.176058 0.0630433 0.0369309 0.00215725
 0.143369 0.312575 0.442814 0.0836902 0.0175525
 0.692698 0.0596174 0.167031 0.0765114 0.00414204
 0.394062 0.376323 0.152708 0.0712218 0.00568511
 0.125707 0.32114 0.495352 0.0537591 0.00404204
 0.23352 0.215282 0.420074 0.123614 0.00750983
 0.774587 0.0839891 0.0768558 0.0609784 0.00358967
pf_pred 
 0.764899 0.148612 0.0546714 0.0201125 0.011705
 0.101804 0.789506 0.0687048 0.0252751 0.0147095
 0.15052 0.176512 0.591533 0.0514767 0.0299582
 0.842724 0.0464522 0.0230278 0.0771718 0.0106241
 0.153691 0.804893 0.0122324 0.006064 0.0231196
 0.984954 0.005444 0.00913254 0.000138792 0.000331125
 0.0764049 0.918154 0.00196871 0.0033026 0.000169936
 0.309373 0.175912 0.511683 0.00109715 0.00193523
 0.989853 0.00720255 0.000750061 0.00218173 1.29296e-05
 0.928928 0.0709215 0.000106911 1.11335e-05 3.25764e-05
 0.729313 0.263711 0.0069615 1.04941e-05 4.29047e-06
 0.545509 0.386393 0.0663433 0.00175135 3.71946e-06
 0.68579 0.237175 0.0654932 0.0112451 0.000297482
 0.691967 0.262346 0.0344864 0.00952304 0.00167835
 0.696243 0.263431 0.0343452 0.00451481 0.00146644
 0.882399 0.0997511 0.0154802 0.00201825 0.000351481
 0.31345 0.650559 0.0305282 0.00473762 0.000725243
 0.847472 0.0762703 0.0722604 0.0033909 0.000606783
 0.456487 0.502955 0.0202805 0.0192143 0.001063
 0.490218 0.336489 0.160362 0.00646624 0.0064652
 0.714787 0.196574 0.0585072 0.027883 0.00224846
 0.590032 0.347379 0.0431372 0.0128391 0.0066122
 0.0639496 0.716219 0.18627 0.0231308 0.0104301
 0.793369 0.0266418 0.137719 0.0358171 0.00645327
 0.4463 0.493729 0.00773236 0.0399705 0.0122683
 0.122892 0.553003 0.289001 0.00452608 0.0305776
 0.713971 0.0654145 0.139094 0.0726909 0.00882945
 0.684652 0.266575 0.0111544 0.0237181 0.0139007
 0.068341 0.765646 0.140337 0.00587213 0.0198041
 0.0599323 0.124966 0.669859 0.122779 0.022464
 0.876945 0.0151301 0.0143467 0.0769031 0.0166747
pobs_RECLAS
 0 0 0 0 0
 0 0 0 0 0
 0 0 0 0 0
 0 0 0 0 0
 0 0 0 0 0
 0 0 0 0 0
 0 0 0 0 0
 0 0 0 0 0
 0 0 0 0 0
 0 0 0 0 0
 0.991045 0.00858322 0.000360255 1.14367e-05 0
 0.934742 0.0480273 0.0164251 0.00080598 0
 0.827803 0.169806 0.00239088 0 0
 0.941827 0.0461693 0.0120037 0 0
 0.791401 0.0380133 0.147996 0.0225897 0
 0.846168 0.0940531 0.0597789 0 0
 0.134021 0.677848 0.182769 0.00536245 0
 0.80878 0.0450904 0.141981 0.00414843 0
 0.846168 0.0940531 0.0597789 0 0
 0.905697 0.0802665 0.012482 0.00150086 5.37128e-05
 0.989698 0.0102097 9.19794e-05 0 0
 0.975433 0.0193895 0.00387452 0.00125025 5.28907e-05
 0.303575 0.632131 0.0575291 0.00676475 0
 0.966965 0.00978017 0.0227588 0.000495775 0
 0.843318 0.132988 0.00938335 0.0141283 0.000182051
 0.564624 0.303363 0.111486 0.0197234 0.00080311
 0.826376 0.0876187 0.0782897 0.00655872 0.00115652
 0.89761 0.0855135 0.0140674 0.00269457 0.000114338
 0.34875 0.467042 0.161289 0.0227151 0.000203297
 0.318654 0.224769 0.449479 0.00709798 0
 0.937255 0.0296025 0.0250945 0.00804832 0
ppred_RECLAS
 0.768271 0.14648 0.0538871 0.019824 0.0115371
 0.104233 0.787372 0.0685191 0.0252068 0.0146697
 0.154542 0.175676 0.588732 0.051233 0.0298164
 0.862301 0.0406702 0.0201615 0.067566 0.00930165
 0.168075 0.791213 0.0120245 0.00596093 0.0227266
 0.985703 0.00517298 0.00867789 0.000131883 0.00031464
 0.0919492 0.902701 0.00193558 0.00324701 0.000167076
 0.379053 0.158164 0.460057 0.000986459 0.00173997
 0.992164 0.00556178 0.000579194 0.00168472 9.98416e-06
 0.934247 0.0656138 9.89099e-05 1.03003e-05 3.01385e-05
 0.730898 0.262167 0.00692075 1.04327e-05 4.26536e-06
 0.558014 0.375761 0.0645178 0.00170316 3.61711e-06
 0.697969 0.227981 0.0629545 0.0108092 0.00028595
 0.709802 0.247155 0.0324896 0.00897164 0.00158117
 0.704235 0.2565 0.0334415 0.00439602 0.00142786
 0.88601 0.0966883 0.0150049 0.00195628 0.000340689
 0.31672 0.64746 0.0303828 0.00471505 0.000721788
 0.849884 0.075064 0.0711175 0.00333727 0.000597186
 0.462964 0.496961 0.0200389 0.0189853 0.00105033
 0.496603 0.332274 0.158353 0.00638525 0.00638422
 0.718291 0.194159 0.0577884 0.0275404 0.00222084
 0.595259 0.34295 0.0425872 0.0126754 0.00652789
 0.0647372 0.715617 0.186114 0.0231114 0.0104213
 0.795198 0.0264061 0.1365 0.0355001 0.00639617
 0.448507 0.491761 0.00770153 0.0398112 0.0122194
 0.123853 0.552398 0.288684 0.00452112 0.0305441
 0.717037 0.0647133 0.137603 0.0719117 0.00873481
 0.686707 0.264838 0.0110817 0.0235635 0.0138101
 0.0687732 0.765291 0.140271 0.00586941 0.019795
 0.0608331 0.124846 0.669217 0.122662 0.0224425
 0.879353 0.014834 0.014066 0.0753984 0.0163484
pobs_PELACES
 0 0 0 0 0
 0 0 0 0 0
 0 0 0 0 0
 0 0 0 0 0
 0 0 0 0 0
 0 0 0 0 0
 0 0 0 0 0
 0 0 0 0 0
 0 0 0 0 0
 0 0 0 0 0
 0 0 0 0 0
 0 0 0 0 0
 0 0 0 0 0
 0 0 0 0 0
 0 0 0 0 0
 0 0 0 0 0
 0.505614 0.472636 0.0217494 0 0
 0 0 0 0 0
 0.443492 0.261883 0.143347 0.151278 0
 0.227955 0.32914 0.350689 0.0885471 0.00366901
 0.970185 0.0296113 0.000203453 0 0
 0.997202 0.00247181 0.000326279 0 0
 0.445219 0.490057 0.0546422 0.010081 0
 0.90214 0.0892962 0.00764917 0.000914606 0
 0 0 0 0 0
 0.581667 0.319106 0.0959925 0.00289975 0.000334073
 0.762889 0.0836404 0.116647 0.0363945 0.000428098
 0.88444 0.0763242 0.0277011 0.0115352 0
 0.521256 0.241999 0.230069 0.00667565 0
 0.616807 0.101726 0.260614 0.0208532 0
 0.833518 0.0704572 0.0857862 0.0102388 0
ppred_PELACES
 0.778813 0.139817 0.0514358 0.0189222 0.0110123
 0.111836 0.780688 0.0679375 0.0249928 0.0145452
 0.166706 0.173149 0.580263 0.0504959 0.0293874
 0.893263 0.0315253 0.0156281 0.0523736 0.00721014
 0.201684 0.759249 0.0115387 0.00572012 0.0218085
 0.987464 0.00453561 0.00760867 0.000115633 0.000275873
 0.125133 0.869713 0.00186485 0.00312835 0.00016097
 0.491257 0.129584 0.376925 0.000808206 0.00142556
 0.994783 0.00370325 0.00038565 0.00112176 6.64785e-06
 0.944912 0.0549709 8.28661e-05 8.62953e-06 2.52498e-05
 0.736516 0.256693 0.00677625 1.02149e-05 4.1763e-06
 0.59 0.348568 0.0598487 0.0015799 3.35535e-06
 0.727285 0.205853 0.056844 0.00976004 0.000258195
 0.747496 0.215052 0.0282695 0.00780631 0.00137579
 0.725744 0.237846 0.0310095 0.00407632 0.00132402
 0.895682 0.0884841 0.0137317 0.00179029 0.000311781
 0.327659 0.637095 0.0298964 0.00463957 0.000710233
 0.857381 0.0713151 0.0675657 0.0031706 0.000567361
 0.482513 0.478871 0.0193094 0.0182942 0.0010121
 0.515888 0.319545 0.152287 0.00614063 0.00613964
 0.729462 0.18646 0.0554969 0.0264484 0.00213277
 0.611405 0.32927 0.0408883 0.0121698 0.00626749
 0.0674639 0.71353 0.185571 0.023044 0.0103909
 0.801407 0.0256056 0.132362 0.0344239 0.00620226
 0.456332 0.484784 0.00759227 0.0392464 0.012046
 0.127304 0.550222 0.287547 0.00450332 0.0304238
 0.727039 0.0624258 0.132739 0.0693697 0.00842604
 0.693866 0.258786 0.0108284 0.0230251 0.0134945
 0.0703652 0.763983 0.140032 0.00585938 0.0197611
 0.0638797 0.124441 0.667046 0.122264 0.0223697
 0.886548 0.0139494 0.0132272 0.0709022 0.0153735
pobs_pel_tallas
 0 0 0 0 0 0 0 0 0 0 0 0 0 0 0 0 0 0 0 0 0 0 0 0 0 0
 0 0 0 0 0 0 0 0 0 0 0 0 0 0 0 0 0 0 0 0 0 0 0 0 0 0
 0 0 0 0 0 0 0 0 0 0 0 0 0 0 0 0 0 0 0 0 0 0 0 0 0 0
 0 0 0 0 0 0 0 0 0 0 0 0 0 0 0 0 0 0 0 0 0 0 0 0 0 0
 0 0 0 0 0 0 0 0 0 0 0 0 0 0 0 0 0 0 0 0 0 0 0 0 0 0
 0 0 0 0 0 0 0 0 0 0 0 0 0 0 0 0 0 0 0 0 0 0 0 0 0 0
 0 0 0 0 0 0 0 0 0 0 0 0 0 0 0 0 0 0 0 0 0 0 0 0 0 0
 0 0 0 0 0 0 0 0 0 0 0 0 0 0 0 0 0 0 0 0 0 0 0 0 0 0
 0 0 0 0 0 0 0 0 0 0 0 0 0 0 0 0 0 0 0 0 0 0 0 0 0 0
 0 0 0 0 0 0 0 0 0 0 0 0 0 0 0 0 0 0 0 0 0 0 0 0 0 0
 0 0 0 0 0 0 0 0 0 0 0 0 0 0 0 0 0 0 0 0 0 0 0 0 0 0
 0 0 0 0 0 0 0 0 0 0 0 0 0 0 0 0 0 0 0 0 0 0 0 0 0 0
 0.00862536 0 0 0.000197151 0.00414017 0.0128641 0.00837892 0.0270097 0.101434 0.158115 0.152841 0.127902 0.109271 0.109419 0.0830992 0.0579132 0.0238553 0.00714673 0.00463305 0.00128148 0.00103504 0.000492878 0.000147863 0.000147863 4.92878e-05 0
 0 0 0 0 0 0 0 0 0 0 0 0 0 0 0 0 0 0 0 0 0 0 0 0 0 0
 0 0 0 0 0 0 0 0.0054083 0.00873648 0.0413646 0.0450493 0.0745869 0.0622846 0.0627006 0.0613931 0.0827291 0.12552 0.122667 0.0946155 0.0697135 0.0546179 0.0294188 0.0215738 0.0213955 0.0102223 0.00600262
 0 0 0 0 0.00359764 0.0251062 0.0480494 0.140153 0.205849 0.193036 0.1447 0.116669 0.0760912 0.0342217 0.00950174 0.001854 0.000860785 0 0 0 0.000165536 0 0.000143464 0 0 0
 0 0 0 0 0 0 0 0.000145254 0.000435761 0.0275982 0.070085 0.0708112 0.156366 0.174668 0.174014 0.160142 0.0824315 0.0480064 0.0283245 0.00493863 0.00203355 0 0 0 0 0
 0 0 0 0 0 0 0 0 0 0 0 0 0 0 0 0 0 0 0 0 0 0 0 0 0 0
 0 0 1.00437e-05 0.000401748 0.00122533 0.00171747 0.00176769 0.0269171 0.070346 0.194647 0.189555 0.159765 0.064822 0.0314167 0.0384472 0.0292271 0.0345202 0.0313363 0.0194345 0.0106764 0.0143323 0.0359363 0.0279516 0.0138201 0.00172751 0
 0 0.0021121 0.0136068 0.0755702 0.200478 0.177729 0.0527432 0.0373336 0.0318909 0.0142505 0.0149659 0.0166563 0.0217959 0.0798694 0.0677717 0.0528807 0.04013 0.0224614 0.0357745 0.0225083 0.00881397 0.00855152 0.00135912 0.000746735 0 0
 0 0 0 0 5.4009e-05 0.00500934 0.000945158 0.0243581 0.138947 0.33067 0.221406 0.137944 0.0707744 0.0437923 0.0131692 0.00525238 0.0047753 0.00276346 9.45158e-05 9.00151e-06 2.25038e-05 9.00151e-06 4.50075e-06 0 0 0
 0.000866109 0.00284123 0.00948549 0.0512746 0.133035 0.25785 0.225252 0.132002 0.0553304 0.0519788 0.0540692 0.017754 0.00435017 0.00159236 0.00146478 0.000404838 0.000125132 0.000115318 0.000107957 0.000100596 0 0 0 0 0 0
 0 0 0 0 0.00144013 0.00171154 0.00461396 0.0210425 0.0478622 0.0707936 0.0888783 0.103762 0.0637923 0.0337046 0.0602308 0.124433 0.169614 0.0934646 0.0462172 0.0250306 0.0313229 0.00938855 0.002487 0.000210481 0 0
 0 0.00764035 0.051015 0.0998891 0.058973 0.0496711 0.0374665 0.0718981 0.12319 0.153886 0.159021 0.0857701 0.0377988 0.023471 0.0147837 0.00900784 0.00315554 0.000888139 0.00291439 0.00214683 0.00393193 0.00274676 0.000635225 9.99891e-05 0 0
 0 0 0 0 0 0 0 0 0 0 0 0 0 0 0 0 0 0 0 0 0 0 0 0 0 0
 0 0 0 0 0 0 0 0 0 0 0 0 0 0 0 0 0 0 0 0 0 0 0 0 0 0
 0 0 0 0 0 0 0 0 0 0 0 0 0 0 0 0 0 0 0 0 0 0 0 0 0 0
 0 0 0 0 0 0 0 0 0 0 0 0 0 0 0 0 0 0 0 0 0 0 0 0 0 0
 0 0 0 0 0 0 0 0 0 0 0 0 0 0 0 0 0 0 0 0 0 0 0 0 0 0
 0 0 0 0 0 0 0 0 0 0 0 0 0 0 0 0 0 0 0 0 0 0 0 0 0 0
 0 0 0 0 0 0 0 0 0 0 0 0 0 0 0 0 0 0 0 0 0 0 0 0 0 0
ppred_pel_tallas
 1.05282e-16 6.41498e-05 0.000623559 0.00414377 0.018837 0.0586089 0.124873 0.182259 0.182272 0.124939 0.0588312 0.0194797 0.00575988 0.0041609 0.00680994 0.0112302 0.016346 0.0209286 0.023772 0.0243319 0.0230297 0.0209085 0.0189288 0.0174672 0.0163228 0.0150724
 1.07128e-16 9.21196e-06 8.95437e-05 0.000595053 0.00270507 0.00841688 0.0179358 0.0261936 0.0262688 0.0183032 0.00965006 0.0062661 0.00953068 0.019586 0.0370073 0.06109 0.0878261 0.110082 0.120593 0.116028 0.099007 0.0763653 0.0551206 0.0392472 0.0291114 0.0229727
 1.26827e-16 1.37314e-05 0.000133474 0.000886981 0.0040321 0.0125454 0.02673 0.0390169 0.0390345 0.0268163 0.0128376 0.00488719 0.00307576 0.00505182 0.00976539 0.017194 0.027264 0.0394915 0.053222 0.0679127 0.0829548 0.0970723 0.107975 0.112913 0.109971 0.0992018
 1.06932e-16 7.35769e-05 0.000715194 0.00475271 0.0216051 0.0672216 0.143223 0.209039 0.209042 0.143238 0.0672723 0.0217519 0.00512327 0.00153136 0.0016459 0.00266611 0.00398701 0.00536009 0.00661324 0.0077364 0.00890573 0.0103481 0.0121304 0.0140342 0.0156104 0.0163739
 1.04792e-16 1.66126e-05 0.00016148 0.0010731 0.00487819 0.0151782 0.0323416 0.0472188 0.0472918 0.0326983 0.0163757 0.0083349 0.0097426 0.0190629 0.0358431 0.0590453 0.0846265 0.105528 0.114582 0.108525 0.0900186 0.0659996 0.0436995 0.0273814 0.0176355 0.0127417
 1.0028e-16 8.13361e-05 0.000790616 0.00525392 0.0238836 0.0743106 0.158327 0.231083 0.231083 0.158329 0.074318 0.0239051 0.00530841 0.000911275 0.000315467 0.000405721 0.000606516 0.000824638 0.00102382 0.00118538 0.00130797 0.00139539 0.00144084 0.00142484 0.0013295 0.00115601
 1.00618e-16 1.03072e-05 0.00010019 0.000665802 0.00302669 0.0094176 0.0200683 0.0293078 0.0293914 0.0204768 0.0107888 0.00698454 0.0105909 0.0217348 0.0410043 0.0675254 0.0966931 0.120377 0.130304 0.122668 0.100481 0.0716975 0.0446871 0.0244944 0.0120115 0.00549297
 1.11233e-16 4.04643e-05 0.000393327 0.0026138 0.0118819 0.0369692 0.0787673 0.114966 0.114979 0.0788313 0.0371856 0.0125141 0.00422688 0.00400165 0.00714715 0.0124106 0.0194007 0.0275569 0.0362001 0.0447948 0.0529082 0.0598336 0.0643309 0.0649442 0.0608029 0.0522996
 1.00126e-16 8.19389e-05 0.000796476 0.00529286 0.0240606 0.0748614 0.1595 0.232795 0.232795 0.159502 0.0748672 0.0240775 0.00533536 0.000889298 0.000258379 0.000297911 0.000422381 0.000533876 0.000594838 0.000591205 0.00053673 0.000463475 0.00040175 0.000364698 0.00034673 0.000332851
 1.00022e-16 7.78312e-05 0.000756547 0.00502752 0.0228544 0.0711085 0.151504 0.221126 0.221131 0.15153 0.0711952 0.0231045 0.00565482 0.00212389 0.00266865 0.00427283 0.00611049 0.00760577 0.00823067 0.00774411 0.00633618 0.0045099 0.00279495 0.00151139 0.000717044 0.000302771
 1.00263e-16 6.06659e-05 0.000589695 0.00391873 0.017814 0.0554261 0.118092 0.172364 0.172389 0.118213 0.0558309 0.0189828 0.00685023 0.00698118 0.0121757 0.0199708 0.0286167 0.0356779 0.038716 0.0366065 0.0302217 0.0218782 0.0140072 0.0080665 0.00431022 0.0022413
 1.01976e-16 4.85976e-05 0.000472386 0.00313917 0.0142702 0.0444002 0.0946006 0.138079 0.138113 0.0947648 0.0449517 0.0158632 0.00713809 0.00920364 0.0166352 0.0274347 0.0395373 0.0497559 0.0548591 0.0533268 0.046227 0.0364508 0.0269614 0.0194336 0.0140674 0.010266
 1.02716e-16 5.99056e-05 0.000582303 0.00386961 0.0175907 0.0547313 0.116612 0.170202 0.170222 0.116709 0.0550578 0.0185341 0.00623974 0.00576319 0.0099195 0.0163565 0.0236777 0.030027 0.0335423 0.0333468 0.0300358 0.0252095 0.0204535 0.0165817 0.0135874 0.0110889
 1.01887e-16 6.15703e-05 0.000598486 0.00397715 0.0180795 0.0562523 0.119852 0.174932 0.174953 0.119953 0.0565923 0.0190615 0.00644195 0.00597865 0.010278 0.0168902 0.0243158 0.0305581 0.0336238 0.032592 0.0281565 0.0221475 0.0164329 0.0120545 0.00909831 0.0071181
 1.01589e-16 5.97786e-05 0.00058107 0.00386141 0.0175534 0.0546154 0.116365 0.169843 0.169865 0.116477 0.0549914 0.0186394 0.00658693 0.0065299 0.0113547 0.0186687 0.026867 0.0337413 0.0370783 0.0358493 0.0308145 0.0239987 0.0174808 0.0124407 0.00900944 0.00672862
 1.00652e-16 7.37762e-05 0.000717131 0.00476559 0.0216637 0.0674037 0.143611 0.209606 0.209615 0.143653 0.0675437 0.0220679 0.00578034 0.00293252 0.00428168 0.0069628 0.0100251 0.0126101 0.0138946 0.0134962 0.0116925 0.00922524 0.00685288 0.00500045 0.00371007 0.00281467
 1.01612e-16 2.6989e-05 0.000262342 0.00174336 0.0079251 0.0246583 0.0525393 0.0766955 0.0767568 0.0528388 0.0256636 0.0108277 0.00902427 0.0161404 0.0301343 0.0496492 0.0712221 0.0889371 0.0967791 0.0919697 0.0766523 0.0565124 0.0374862 0.0230877 0.0138738 0.00859373
 1.02383e-16 7.06214e-05 0.000686465 0.0045618 0.0207373 0.0645214 0.13747 0.200643 0.20065 0.137504 0.0646361 0.0210695 0.00539996 0.00253022 0.00361325 0.00596817 0.00883746 0.0116249 0.013753 0.0149221 0.0152266 0.0149811 0.0144193 0.0135432 0.0122227 0.0104079
 1.02686e-16 3.97441e-05 0.000386327 0.00256728 0.0116705 0.0363115 0.0773672 0.112929 0.112975 0.0775923 0.0370672 0.0138523 0.00804024 0.0123221 0.0226735 0.0373314 0.0535653 0.0669274 0.072919 0.0694838 0.0582659 0.0435564 0.0298004 0.0195744 0.0131908 0.00959032
 1.06132e-16 4.24931e-05 0.000413048 0.00274485 0.0124777 0.038823 0.0827176 0.120735 0.120766 0.0828689 0.0393317 0.0139492 0.00644628 0.00851914 0.0155128 0.0257742 0.0375775 0.0481914 0.0548156 0.0560877 0.0527806 0.0470664 0.0410061 0.0355211 0.0304629 0.0253685
 1.04663e-16 6.00849e-05 0.000584046 0.00388119 0.0176434 0.0548951 0.116961 0.170711 0.170729 0.117049 0.0551911 0.0184988 0.0060312 0.00528628 0.00901641 0.0148795 0.0215914 0.0274987 0.0309563 0.0312118 0.0288284 0.0252404 0.0218122 0.0191549 0.0171068 0.0151825
 1.03546e-16 5.03607e-05 0.000489524 0.00325306 0.014788 0.046011 0.0980324 0.143088 0.14312 0.0981875 0.0465315 0.0162913 0.00702634 0.0087255 0.0156887 0.0258488 0.0372127 0.0467591 0.0514424 0.0498624 0.0430979 0.0339708 0.025356 0.018849 0.0145588 0.0117597
 1.09607e-16 5.55706e-06 5.40167e-05 0.000358963 0.00163184 0.00507762 0.0108209 0.0158079 0.0158768 0.0111577 0.00620868 0.00490039 0.00856976 0.017999 0.0341468 0.0565998 0.0818978 0.103743 0.115673 0.114646 0.10276 0.0856347 0.0688693 0.0553825 0.045201 0.036977
 1.08329e-16 6.60108e-05 0.000641649 0.00426398 0.0193834 0.0603091 0.128495 0.187543 0.187545 0.128508 0.060354 0.0195159 0.00460685 0.00142448 0.0016538 0.00289458 0.00478483 0.00732349 0.0105315 0.0143931 0.0187577 0.0232075 0.0270278 0.0293853 0.0296592 0.0277244
 1.06318e-16 3.75875e-05 0.000365364 0.00242798 0.0110373 0.0343413 0.0731694 0.106803 0.106849 0.0733973 0.0351061 0.0132454 0.00796678 0.012444 0.022941 0.0377745 0.0542037 0.0677454 0.073885 0.070609 0.0596711 0.0454975 0.0326134 0.023549 0.0184243 0.0158957
 1.14039e-16 1.0486e-05 0.000101927 0.000677345 0.00307914 0.00958065 0.0204146 0.0298068 0.0298602 0.0206754 0.0104575 0.00561586 0.00706035 0.0140873 0.0267207 0.044547 0.0650734 0.0837057 0.0956849 0.0986997 0.0940608 0.0854168 0.0761645 0.0677143 0.0596616 0.051123
 1.1223e-16 5.98853e-05 0.000582106 0.0038683 0.0175847 0.0547127 0.116571 0.170141 0.170147 0.116602 0.0548159 0.0178858 0.00463483 0.00229144 0.00341281 0.00582896 0.00905787 0.0128083 0.0168204 0.020996 0.0253737 0.0298777 0.0340565 0.03709 0.0381173 0.0366637
 1.04972e-16 5.71529e-05 0.000555546 0.0036918 0.0167824 0.0522164 0.111254 0.162383 0.162408 0.111375 0.052625 0.0179621 0.0066515 0.00701205 0.0123064 0.0202229 0.0290572 0.0364091 0.0398919 0.0384517 0.0330295 0.0259674 0.0196306 0.0152969 0.0129514 0.011811
 1.08169e-16 5.79605e-06 5.63397e-05 0.000374401 0.00170202 0.005296 0.0112864 0.0164883 0.016562 0.0116465 0.00650505 0.0051947 0.00914359 0.0192064 0.0363949 0.0602094 0.0868482 0.109447 0.120979 0.118165 0.103377 0.0829439 0.0632947 0.0479747 0.037253 0.029645
 1.35329e-16 5.26171e-06 5.11457e-05 0.000339882 0.00154506 0.00480733 0.010243 0.0149527 0.0149657 0.0103072 0.00502602 0.00219017 0.00201007 0.00386581 0.00774513 0.0140909 0.0233251 0.03567 0.0511847 0.0696821 0.090281 0.110815 0.127768 0.137224 0.136494 0.125411
 1.10098e-16 7.30238e-05 0.000709817 0.00471698 0.0214427 0.0667163 0.142146 0.207467 0.207468 0.142153 0.0667393 0.0215099 0.0048883 0.00109303 0.000829442 0.00133546 0.0021176 0.00312081 0.00438506 0.00603491 0.00824206 0.0111008 0.0144766 0.0179352 0.0208228 0.0224761
pSPR Fmed_Fpbrs
0.478782   0.285572 0.285572
Fs Fmed_Fpbrs
0.519578   1.005 1.005
SSBpbr Bo_Bmed_Bpbrs
1.73392e+06  743476  408465 408465
Ro
88817.6
SPR SPRFo_SPRFmed_SPRFpbrs
634862 303961 181299
Fref
1.005
Nvult_r0
 171868 1740.96 1650.82 8848.96 1918.69
CTP_r0
 29946.2 516.666 489.914 2626.11 569.412
YTP_r0
390263
Np
 180177 72922.3 553.486 524.828 3491.9
Nvult_p0
 140075 63102.6 478.953 454.155 3021.68
CTP_p0
 46847 31630 240.074 227.644 1514.61
YTP_p0
 925989
CBA_c0
550981
log_Ro
11.2143
likeval ReclasPelacesDesembMPH_pf_preclas_ppelaces_ptallas_desvR_qrecl_qpela
 38.1176 45.3292 1.84988 0.00222798 297.883 144.43 125.909 0 101.145 0 0 9.46705 0 0 0
q_reclas_q_pelaces
1 1
M
1
N
 374576 39118.1 14390.7 5294.06 3081.02
 26974.5 114826 9992.42 3676.01 2139.35
 11988.2 7812.31 26180.9 2278.33 1325.94
 91681.8 3354.93 1663.14 5573.59 767.304
 4241.44 14007.6 212.881 105.532 402.351
 246819 792.579 1329.58 20.2065 48.2077
 7319.15 60630.1 130.003 218.086 11.2217
 2262.04 945.462 2750.1 5.8968 10.4011
 39784.6 207.334 21.5914 62.8038 0.372193
 90630.9 4233.59 6.38195 0.664604 1.94462
 100579 18841.9 497.393 0.749797 0.30655
 82607.8 33913.1 5822.84 153.713 0.32645
 100744 20441.3 5644.65 969.179 25.639
 103276 24010.8 3156.32 871.583 153.609
 99696.5 21305.9 2777.79 365.151 118.603
 419786 26633.3 4133.17 538.868 93.8444
 103581 114223 5360.03 831.813 127.335
 676905 32738.7 31017.4 1455.53 260.459
 343471 207611 8371.47 7931.33 438.788
 264932 99624.3 47478.3 1914.46 1914.15
 524427 77142.1 22960.1 10942.2 882.37
 510433 162867 20224.6 6019.53 3100.09
 25899.1 153055 39805.8 4943.04 2228.9
 473454 8334 43080.6 11204.1 2018.69
 269460 154964 2426.92 12545.4 3850.58
 38515.3 90081 47076.5 737.272 4980.91
 264701 12881.8 27391.1 14314.7 1738.74
 412718 83727.5 3503.43 7449.52 4366.02
 23753.3 137179 25143.7 1052.09 3548.25
 7304 8110.72 43476.2 7968.83 1457.99
 244790 2294.45 2175.65 11662.2 2528.68
pred_Ctot
 40065.8 7784.4 2863.72 1053.5 613.115
 3698.73 28684.2 2496.17 918.289 534.423
 1854.09 2174.25 7286.42 634.083 369.021
 36330.1 2002.57 992.738 3326.9 458.007
 1392.74 7293.94 110.85 54.952 209.51
 53563.1 296.052 496.64 7.54772 18.007
 3259.37 39167.7 83.9836 140.886 7.24933
 1194.88 679.42 1976.26 4.23751 7.47436
 19683 143.221 14.9148 43.3834 0.257102
 26084.3 1991.47 3.00206 0.312629 0.914745
 5344.07 1932.35 51.0106 0.0768962 0.0314386
 17652 12503.3 2146.79 56.6716 0.120357
 23226.1 8032.53 2218.1 380.845 10.075
 30038.6 11388.6 1497.07 413.4 72.8581
 17711 6701.16 873.674 114.848 37.3033
 70802.8 8003.93 1242.11 161.943 28.2025
 9336.66 19378 909.336 141.118 21.6026
 72214.4 6499.12 6157.42 288.944 51.705
 46830.2 51597.2 2080.54 1971.16 109.051
 35588.2 24428 11641.8 469.429 469.353
 52369.2 14402.1 4286.55 2042.86 164.734
 60665.7 35716.7 4435.26 1320.09 679.851
 2073.74 23225.3 6040.31 750.078 338.223
 33324.5 1119.06 5784.7 1504.45 271.062
 15668.8 17333.9 271.469 1403.29 430.717
 2229.15 10031 5242.21 82.099 554.65
 23746.8 2175.69 4626.29 2417.71 293.669
 25385.7 9884.14 413.584 879.426 515.414
 1085.04 12156 2228.1 93.2309 314.427
 683.253 1424.66 7636.67 1399.74 256.099
 29946.2 516.666 489.914 2626.11 569.412
F
 0.182379 0.364758 0.364758 0.364758 0.364758
 0.239192 0.478384 0.478384 0.478384 0.478384
 0.273496 0.546991 0.546991 0.546991 0.546991
 0.878726 1.75745 1.75745 1.75745 1.75745
 0.677366 1.35473 1.35473 1.35473 1.35473
 0.403866 0.807731 0.807731 0.807731 0.807731
 1.04658 2.09315 2.09315 2.09315 2.09315
 1.38969 2.77938 2.77938 2.77938 2.77938
 1.24043 2.48086 2.48086 2.48086 2.48086
 0.570713 1.14143 1.14143 1.14143 1.14143
 0.0871472 0.174294 0.174294 0.174294 0.174294
 0.396546 0.793093 0.793093 0.793093 0.793093
 0.434076 0.868152 0.868152 0.868152 0.868152
 0.578425 1.15685 1.15685 1.15685 1.15685
 0.31997 0.639939 0.639939 0.639939 0.639939
 0.301596 0.603191 0.603191 0.603191 0.603191
 0.151801 0.303601 0.303601 0.303601 0.303601
 0.181864 0.363728 0.363728 0.363728 0.363728
 0.237697 0.475393 0.475393 0.475393 0.475393
 0.233823 0.467646 0.467646 0.467646 0.467646
 0.169375 0.33875 0.33875 0.33875 0.33875
 0.20446 0.40892 0.40892 0.40892 0.40892
 0.133864 0.267728 0.267728 0.267728 0.267728
 0.11686 0.233721 0.233721 0.233721 0.233721
 0.0957107 0.191421 0.191421 0.191421 0.191421
 0.0952449 0.19049 0.19049 0.19049 0.19049
 0.151035 0.302069 0.302069 0.302069 0.302069
 0.10148 0.202961 0.202961 0.202961 0.202961
 0.0745345 0.149069 0.149069 0.149069 0.149069
 0.15793 0.31586 0.31586 0.31586 0.31586
 0.211005 0.422011 0.422011 0.422011 0.422011
nmprior
 8.19 8.8 8.5 0
nm_flota  nm_reclas  nm_pelaces    nm_pelaL
inf 5.80653 5.0268 8.15978
cv_recla  cv_pelaces  cv_mph
0.558454 0.763416 1.45667
 ------------------------------------------------
Talla a la edad & desviaci?n 
 8 13.2811 15.8009 17.003 17.5766
 0.8 1.32811 1.58009 1.7003 1.75766
