years
 1991 1992 1993 1994 1995 1996 1997 1998 1999 2000 2001 2002 2003 2004 2005 2006 2007 2008 2009 2010 2011 2012 2013 2014 2015 2016 2017 2018 2019 2020 2021
reclasobs
 0 0 0 0 0 0 0 0 0 252601 567819 844713 477998 351125 339783 2.1784e+06 2.13404e+06 4.81314e+06 1.55562e+06 2.62356e+06 3.21686e+06 3.843e+06 1.13348e+06 3.07943e+06 1.97215e+06 2.03268e+06 2.025e+06 2.42433e+06 2.27542e+06 1.05018e+06 2.36338e+06
reclaspred
 3.33238e+06 1.89023e+06 961266 996658 1.01754e+06 1.56805e+06 1.04411e+06 935572 680124 497535 523589 650712 644394 517369 525217 1.25926e+06 1.26226e+06 2.71832e+06 2.25588e+06 1.68888e+06 2.99207e+06 2.4337e+06 1.96802e+06 3.02166e+06 2.27591e+06 2.01909e+06 2.36289e+06 2.47137e+06 2.05134e+06 1.33148e+06 1.95133e+06
pelacesobs
 0 0 0 0 0 0 0 0 0 0 0 0 0 0 0 552880 188675 0 991730 2.46772e+06 1.41603e+06 1.21717e+06 2.29649e+06 1.80582e+06 0 1.4828e+06 1.56532e+06 1.57751e+06 1.42118e+06 867257 1.10002e+06
pelacespred
 2.04538e+06 1.29911e+06 666246 543021 573672 897010 592660 621385 449277 312644 328936 342922 371511 316667 324245 631655 661552 1.5646e+06 1.39091e+06 980113 1.62396e+06 1.46688e+06 1.19539e+06 1.93245e+06 1.45434e+06 1.28211e+06 1.65961e+06 1.71282e+06 1.2203e+06 899998 1.24183e+06
mphobs
 0 0 0 0 0 0 0 0 0 0 0 498337 0 5186 125008 0 168611 109162 213762 579715 649985 157893 87575 83554 0 0 0 0 0 0 0
mphpred
 501410 336712 170586 93211.8 108018 123179 161152 107538 93769.7 65676.5 43494.8 61273.5 65401.5 56471.2 40220.4 50088.5 145364 144008 269023 206752 221260 272873 259750 217754 301611 248678 205674 216265 296018 205822 133416
desembarqueobs
 494567 514787 250237 358949 120608 361735 552515 73892 212993 205616 52469 317467 293654 387597 252695 516296 358380 742168 942051 627588 828172 859565 418607 520667 417249 300574 415391 372974 316634 284311 391294
desembarquepred
 494574 513250 251046 358972 120612 361750 552574 73895.6 213038 205659 52471.4 317537 293712 387657 252700 516282 358407 742096 941920 627498 828250 859615 418623 520693 417255 300580 415397 372967 316634 284324 391301
Reclutas
 221075 126136 125428 235821 188917 307616 129467 61064.5 55143.1 71286.5 128619 165396 139334 98055.3 99896.9 510028 120880 781386 460922 350040 526221 704540 153821 448682 375100 171351 375708 416983 129584 96104.9 354567
log_desv_Rt
 0.0815653 -0.479577 -0.485205 0.14614 -0.0756253 0.411917 -0.45351 -1.205 -1.307 -1.05023 -0.460078 -0.208591 -0.380062 -0.731404 -0.712796 0.917531 -0.522135 1.34413 0.816294 0.541113 0.948786 1.24061 -0.281147 0.78938 0.610257 -0.173221 0.611877 0.716111 -0.452602 -0.751494 0.553963
SSB
 3.92038e+06 2.63265e+06 1.33376e+06 728797 844562 963104 1.26e+06 840811 733159 513506 340074 479080 511356 441532 314472 391628 1.13656e+06 1.12595e+06 2.10341e+06 1.61654e+06 1.72997e+06 2.13352e+06 2.03091e+06 1.70256e+06 2.35821e+06 1.94435e+06 1.60811e+06 1.69091e+06 2.31448e+06 1.60927e+06 1.04314e+06
BT
 5.21156e+06 3.55336e+06 1.81401e+06 1.62455e+06 1.4777e+06 2.51637e+06 1.90805e+06 1.56401e+06 1.29011e+06 953572 854323 1.10893e+06 1.17724e+06 1.18405e+06 1.06104e+06 2.01441e+06 1.87491e+06 4.57148e+06 4.30007e+06 2.9286e+06 4.67856e+06 4.37475e+06 3.22827e+06 5.27213e+06 3.87924e+06 3.35076e+06 4.52133e+06 4.60761e+06 3.15402e+06 2.40735e+06 3.45389e+06
Ftot
 0.108243 0.1954 0.189329 0.273485 0.089579 0.177971 0.380491 0.0593385 0.233243 0.305399 0.0789898 0.366909 0.34202 0.555429 0.372956 0.3278 0.20978 0.216056 0.311835 0.27856 0.211706 0.268012 0.156642 0.135072 0.137534 0.111167 0.136977 0.118585 0.112189 0.156679 0.158482
BD_Bspro_t
 0.98283 0.872759 0.736314 0.657341 0.659614 0.727002 0.718449 0.58267 0.634171 0.5978 0.566637 0.726661 0.616749 0.533427 0.434712 0.489705 0.635615 0.620808 0.699189 0.611014 0.583191 0.630073 0.645372 0.64236 0.738702 0.746249 0.75362 0.78257 0.818567 0.763674 0.710036
BD_Bspro
 2.69174 1.80758 0.915762 0.500393 0.579877 0.661268 0.865117 0.577302 0.503388 0.352574 0.233495 0.328937 0.351098 0.303157 0.215917 0.268892 0.780365 0.773081 1.44421 1.10992 1.1878 1.46487 1.39443 1.16898 1.61915 1.33499 1.10413 1.16098 1.58913 1.10492 0.716223
BD_Bo
 1.83688 1.23352 0.624929 0.341475 0.395717 0.451259 0.590368 0.393959 0.343519 0.240602 0.15934 0.224471 0.239594 0.206879 0.147345 0.183496 0.532533 0.527562 0.985548 0.757424 0.810571 0.999652 0.951578 0.797727 1.10493 0.911017 0.753473 0.792272 1.08444 0.754017 0.488761
BD_Brms
 12.0381 8.08396 4.09551 2.23788 2.59335 2.95736 3.86901 2.58184 2.25127 1.5768 1.04425 1.47109 1.5702 1.35579 0.965633 1.20255 3.48999 3.45741 6.45885 4.96382 5.31212 6.55128 6.23623 5.22795 7.24124 5.9704 4.93793 5.1922 7.10696 4.94149 3.20313
Sel_flota
 0.841609 1 1 1 1
 0.841609 1 1 1 1
 0.841609 1 1 1 1
 0.841609 1 1 1 1
 0.841609 1 1 1 1
 0.841609 1 1 1 1
 0.841609 1 1 1 1
 0.841609 1 1 1 1
 0.841609 1 1 1 1
 0.841609 1 1 1 1
 0.841609 1 1 1 1
 0.841609 1 1 1 1
 0.841609 1 1 1 1
 0.841609 1 1 1 1
 0.841609 1 1 1 1
 0.841609 1 1 1 1
 0.841609 1 1 1 1
 0.841609 1 1 1 1
 0.841609 1 1 1 1
 0.841609 1 1 1 1
 0.841609 1 1 1 1
 0.841609 1 1 1 1
 0.841609 1 1 1 1
 0.841609 1 1 1 1
 0.841609 1 1 1 1
 0.841609 1 1 1 1
 0.841609 1 1 1 1
 0.841609 1 1 1 1
 0.841609 1 1 1 1
 0.841609 1 1 1 1
 0.841609 1 1 1 1
Sel_reclas
 1 1 1 1 1
 1 1 1 1 1
 1 1 1 1 1
 1 1 1 1 1
 1 1 1 1 1
 1 1 1 1 1
 1 1 1 1 1
 1 1 1 1 1
 1 1 1 1 1
 1 1 1 1 1
 1 1 1 1 1
 1 1 1 1 1
 1 1 1 1 1
 1 1 1 1 1
 1 1 1 1 1
 1 1 1 1 1
 1 1 1 1 1
 1 1 1 1 1
 1 1 1 1 1
 1 1 1 1 1
 1 1 1 1 1
 1 1 1 1 1
 1 1 1 1 1
 1 1 1 1 1
 1 1 1 1 1
 1 1 1 1 1
 1 1 1 1 1
 1 1 1 1 1
 1 1 1 1 1
 1 1 1 1 1
 1 1 1 1 1
Sel_pelaces
 0.892131 0.976538 0.995249 0.999052 0.999812
 0.892131 0.976538 0.995249 0.999052 0.999812
 0.892131 0.976538 0.995249 0.999052 0.999812
 0.892131 0.976538 0.995249 0.999052 0.999812
 0.892131 0.976538 0.995249 0.999052 0.999812
 0.892131 0.976538 0.995249 0.999052 0.999812
 0.892131 0.976538 0.995249 0.999052 0.999812
 0.892131 0.976538 0.995249 0.999052 0.999812
 0.892131 0.976538 0.995249 0.999052 0.999812
 0.892131 0.976538 0.995249 0.999052 0.999812
 0.892131 0.976538 0.995249 0.999052 0.999812
 0.892131 0.976538 0.995249 0.999052 0.999812
 0.892131 0.976538 0.995249 0.999052 0.999812
 0.892131 0.976538 0.995249 0.999052 0.999812
 0.892131 0.976538 0.995249 0.999052 0.999812
 0.892131 0.976538 0.995249 0.999052 0.999812
 0.892131 0.976538 0.995249 0.999052 0.999812
 0.892131 0.976538 0.995249 0.999052 0.999812
 0.892131 0.976538 0.995249 0.999052 0.999812
 0.892131 0.976538 0.995249 0.999052 0.999812
 0.892131 0.976538 0.995249 0.999052 0.999812
 0.892131 0.976538 0.995249 0.999052 0.999812
 0.892131 0.976538 0.995249 0.999052 0.999812
 0.892131 0.976538 0.995249 0.999052 0.999812
 0.892131 0.976538 0.995249 0.999052 0.999812
 0.892131 0.976538 0.995249 0.999052 0.999812
 0.892131 0.976538 0.995249 0.999052 0.999812
 0.892131 0.976538 0.995249 0.999052 0.999812
 0.892131 0.976538 0.995249 0.999052 0.999812
 0.892131 0.976538 0.995249 0.999052 0.999812
 0.892131 0.976538 0.995249 0.999052 0.999812
pf_obs 
 0.8446 0.082 0.0669 0.0065 0
 0.8095 0.147 0.0364 0.0071 0
 0.9664 0.0169 0.016 0.0007 0
 0.9276 0.0648 0.0075 0.0001 0
 0.7033 0.2144 0.0806 0.0017 0
 0.9318 0.0425 0.0243 0.0014 0
 0.5671 0.3108 0.0964 0.0239 0.0018
 0.0768 0.2599 0.5324 0.112 0.0189
 0.490249 0.384438 0.106611 0.0170017 0.00170017
 0.7925 0.1577 0.0466 0.003 0.0002
 0.840416 0.127587 0.0312969 0.00059994 9.999e-05
 0.8084 0.0986 0.0794 0.0134 0.0002
 0.7335 0.1905 0.0724 0.0035 0.0001
 0.4001 0.4547 0.1325 0.0127 0
 0.49795 0.308269 0.164784 0.0264974 0.00249975
 0.9179 0.0499 0.0305 0.0017 0
 0.2467 0.6533 0.0926 0.0074 0
 0.9418 0.0223 0.034 0.0019 0
 0.707729 0.231977 0.0356964 0.0245975 0
 0.517169 0.277429 0.184464 0.0207286 0.00020938
 0.811772 0.124168 0.05621 0.00726502 0.000585176
 0.764997 0.148141 0.077277 0.00933861 0.000247198
 0.163321 0.427699 0.378323 0.0303852 0.000271297
 0.753843 0.0900009 0.118128 0.0371064 0.000921714
 0.721811 0.176058 0.0630433 0.0369309 0.00215725
 0.143369 0.312575 0.442814 0.0836902 0.0175525
 0.692698 0.0596174 0.167031 0.0765114 0.00414204
 0.394062 0.376323 0.152708 0.0712218 0.00568511
 0.125707 0.32114 0.495352 0.0537591 0.00404204
 0.23352 0.215282 0.420074 0.123614 0.00750983
 0.774587 0.0839891 0.0768558 0.0609784 0.00358967
pf_pred 
 0.436836 0.114228 0.425282 0.0236523 7.69854e-07
 0.411081 0.283943 0.0618593 0.230308 0.0128091
 0.554163 0.20417 0.116518 0.0253844 0.0997646
 0.755028 0.147121 0.0448105 0.025573 0.0274673
 0.647007 0.278817 0.0445473 0.0135684 0.0160603
 0.73627 0.181215 0.0651761 0.0104134 0.00692598
 0.468999 0.409581 0.0834305 0.0300068 0.00798295
 0.437485 0.293202 0.207731 0.0423141 0.0192676
 0.514943 0.233629 0.131053 0.0928498 0.0275253
 0.673874 0.18369 0.068605 0.0384837 0.035348
 0.793571 0.147917 0.0329569 0.0123088 0.0132466
 0.725446 0.22554 0.0351214 0.00782529 0.00606789
 0.672192 0.250722 0.063324 0.0098609 0.00390074
 0.613709 0.276483 0.0839861 0.0212121 0.00460983
 0.717123 0.188389 0.0676286 0.0205433 0.00631613
 0.925147 0.0566958 0.0120923 0.00434092 0.00172404
 0.404502 0.558636 0.0279206 0.005955 0.00298677
 0.889835 0.0497437 0.0566812 0.00283293 0.000907265
 0.599622 0.363291 0.0167461 0.0190816 0.00125912
 0.597986 0.260131 0.128741 0.00593435 0.00720818
 0.739678 0.167845 0.0598389 0.0296147 0.00302322
 0.742613 0.199475 0.0373393 0.013312 0.00726074
 0.329865 0.521771 0.114983 0.0215233 0.0118586
 0.740977 0.0964782 0.126558 0.0278896 0.00809695
 0.626206 0.289651 0.0313409 0.0411123 0.0116902
 0.441346 0.373448 0.143515 0.0155287 0.0261624
 0.730102 0.131382 0.0925948 0.0355839 0.0103371
 0.687169 0.239323 0.0357826 0.0252186 0.0125068
 0.364621 0.460782 0.13357 0.0199709 0.0210552
 0.434522 0.230688 0.242793 0.0703801 0.0216172
 0.823912 0.0846884 0.0372866 0.0392431 0.0148697
pobs_RECLAS
 0 0 0 0 0
 0 0 0 0 0
 0 0 0 0 0
 0 0 0 0 0
 0 0 0 0 0
 0 0 0 0 0
 0 0 0 0 0
 0 0 0 0 0
 0 0 0 0 0
 0 0 0 0 0
 0.991045 0.00858322 0.000360255 1.14367e-05 0
 0.934742 0.0480273 0.0164251 0.00080598 0
 0.827803 0.169806 0.00239088 0 0
 0.941827 0.0461693 0.0120037 0 0
 0.791401 0.0380133 0.147996 0.0225897 0
 0.846168 0.0940531 0.0597789 0 0
 0.134021 0.677848 0.182769 0.00536245 0
 0.80878 0.0450904 0.141981 0.00414843 0
 0.846168 0.0940531 0.0597789 0 0
 0.905697 0.0802665 0.012482 0.00150086 5.37128e-05
 0.989698 0.0102097 9.19794e-05 0 0
 0.975433 0.0193895 0.00387452 0.00125025 5.28907e-05
 0.303575 0.632131 0.0575291 0.00676475 0
 0.966965 0.00978017 0.0227588 0.000495775 0
 0.843318 0.132988 0.00938335 0.0141283 0.000182051
 0.564624 0.303363 0.111486 0.0197234 0.00080311
 0.826376 0.0876187 0.0782897 0.00655872 0.00115652
 0.89761 0.0855135 0.0140674 0.00269457 0.000114338
 0.34875 0.467042 0.161289 0.0227151 0.000203297
 0.318654 0.224769 0.449479 0.00709798 0
 0.937255 0.0296025 0.0250945 0.00804832 0
ppred_RECLAS
 0.480003 0.105473 0.392684 0.0218394 7.10845e-07
 0.454108 0.263198 0.0573398 0.213481 0.0118733
 0.59696 0.184571 0.105333 0.0229477 0.0901879
 0.786248 0.128371 0.0390998 0.0223139 0.0239668
 0.685595 0.248338 0.0396776 0.0120851 0.0143047
 0.768842 0.158834 0.0571265 0.00912725 0.00607058
 0.513711 0.375093 0.0764052 0.0274801 0.00731075
 0.480479 0.270793 0.191853 0.03908 0.0177949
 0.558698 0.212554 0.119232 0.0844742 0.0250423
 0.711612 0.162434 0.0606662 0.0340305 0.0312577
 0.820557 0.12858 0.0286486 0.0106997 0.0115149
 0.759578 0.197501 0.030755 0.00685244 0.00531352
 0.710194 0.221656 0.055983 0.00871775 0.00344853
 0.65612 0.246128 0.0747653 0.0188832 0.00410372
 0.75196 0.165188 0.0592998 0.0180133 0.00553826
 0.936573 0.0480411 0.0102464 0.00367827 0.00146086
 0.447427 0.518368 0.0259081 0.00552575 0.00277148
 0.905923 0.0424795 0.0484039 0.00241923 0.000774775
 0.641409 0.325375 0.0149983 0.01709 0.00112771
 0.639691 0.233145 0.115385 0.00531872 0.00646041
 0.772064 0.146964 0.0523947 0.0259305 0.00264712
 0.774925 0.174433 0.0326518 0.0116408 0.00634923
 0.369575 0.490852 0.108169 0.0202479 0.0111559
 0.773022 0.0845423 0.110901 0.0244392 0.00709523
 0.66606 0.258768 0.0279993 0.0367289 0.0104438
 0.484586 0.344543 0.132407 0.0143267 0.0241374
 0.763068 0.115335 0.081285 0.0312376 0.00907451
 0.723334 0.211656 0.0316459 0.0223032 0.0110609
 0.405808 0.430913 0.124912 0.0186763 0.0196903
 0.477847 0.213014 0.224191 0.0649877 0.0199609
 0.847854 0.0731738 0.032217 0.0339074 0.012848
pobs_PELACES
 0 0 0 0 0
 0 0 0 0 0
 0 0 0 0 0
 0 0 0 0 0
 0 0 0 0 0
 0 0 0 0 0
 0 0 0 0 0
 0 0 0 0 0
 0 0 0 0 0
 0 0 0 0 0
 0 0 0 0 0
 0 0 0 0 0
 0 0 0 0 0
 0 0 0 0 0
 0 0 0 0 0
 0 0 0 0 0
 0.505614 0.472636 0.0217494 0 0
 0 0 0 0 0
 0.443492 0.261883 0.143347 0.151278 0
 0.227955 0.32914 0.350689 0.0885471 0.00366901
 0.970185 0.0296113 0.000203453 0 0
 0.997202 0.00247181 0.000326279 0 0
 0.445219 0.490057 0.0546422 0.010081 0
 0.90214 0.0892962 0.00764917 0.000914606 0
 0 0 0 0 0
 0.581667 0.319106 0.0959925 0.00289975 0.000334073
 0.762889 0.0836404 0.116647 0.0363945 0.000428098
 0.88444 0.0763242 0.0277011 0.0115352 0
 0.521256 0.241999 0.230069 0.00667565 0
 0.616807 0.101726 0.260614 0.0208532 0
 0.833518 0.0704572 0.0857862 0.0102388 0
ppred_PELACES
 0.455098 0.108844 0.413 0.023057 7.51049e-07
 0.431495 0.270972 0.0601644 0.224853 0.0125153
 0.57462 0.192558 0.111997 0.0244926 0.096333
 0.771677 0.135955 0.0422031 0.024177 0.0259877
 0.665857 0.262775 0.0427886 0.0130825 0.015497
 0.752955 0.168692 0.0618347 0.00991725 0.00660103
 0.494922 0.387774 0.0805019 0.0290641 0.00773805
 0.456361 0.280662 0.202656 0.0414382 0.018883
 0.536631 0.220767 0.126211 0.089761 0.0266298
 0.694129 0.170687 0.0649702 0.0365841 0.0336288
 0.806575 0.137777 0.0312859 0.0117294 0.0126326
 0.745645 0.20819 0.0330407 0.00738985 0.00573459
 0.694053 0.232912 0.059953 0.00937163 0.00371001
 0.640833 0.255608 0.0791328 0.0200627 0.00436335
 0.737192 0.173844 0.0636027 0.0193942 0.00596736
 0.931764 0.0514276 0.0111788 0.00402834 0.00160111
 0.427574 0.536322 0.027319 0.00584895 0.00293581
 0.897994 0.0455741 0.0529251 0.00265531 0.000851027
 0.62373 0.340743 0.0160076 0.0183098 0.00120912
 0.620413 0.243935 0.123038 0.00569317 0.00692049
 0.756464 0.155884 0.0566395 0.0281384 0.0028747
 0.760479 0.184771 0.0352495 0.0126149 0.00688579
 0.349623 0.504143 0.113227 0.0212756 0.011731
 0.755766 0.0898388 0.120107 0.026569 0.00771943
 0.646189 0.272832 0.0300867 0.039618 0.0112738
 0.461844 0.357359 0.139963 0.0152022 0.0256319
 0.74571 0.122495 0.0879854 0.0339418 0.00986756
 0.705134 0.224457 0.0342028 0.0241973 0.0120094
 0.384289 0.444058 0.131189 0.0196897 0.0207746
 0.454423 0.219929 0.235904 0.0686444 0.0211001
 0.835429 0.0782721 0.035122 0.0371061 0.0140707
pobs_pel_tallas
 0 0 0 0 0 0 0 0 0 0 0 0 0 0 0 0 0 0 0 0 0 0 0 0 0 0
 0 0 0 0 0 0 0 0 0 0 0 0 0 0 0 0 0 0 0 0 0 0 0 0 0 0
 0 0 0 0 0 0 0 0 0 0 0 0 0 0 0 0 0 0 0 0 0 0 0 0 0 0
 0 0 0 0 0 0 0 0 0 0 0 0 0 0 0 0 0 0 0 0 0 0 0 0 0 0
 0 0 0 0 0 0 0 0 0 0 0 0 0 0 0 0 0 0 0 0 0 0 0 0 0 0
 0 0 0 0 0 0 0 0 0 0 0 0 0 0 0 0 0 0 0 0 0 0 0 0 0 0
 0 0 0 0 0 0 0 0 0 0 0 0 0 0 0 0 0 0 0 0 0 0 0 0 0 0
 0 0 0 0 0 0 0 0 0 0 0 0 0 0 0 0 0 0 0 0 0 0 0 0 0 0
 0 0 0 0 0 0 0 0 0 0 0 0 0 0 0 0 0 0 0 0 0 0 0 0 0 0
 0 0 0 0 0 0 0 0 0 0 0 0 0 0 0 0 0 0 0 0 0 0 0 0 0 0
 0 0 0 0 0 0 0 0 0 0 0 0 0 0 0 0 0 0 0 0 0 0 0 0 0 0
 0 0 0 0 0 0 0 0 0 0 0 0 0 0 0 0 0 0 0 0 0 0 0 0 0 0
 0.00862536 0 0 0.000197151 0.00414017 0.0128641 0.00837892 0.0270097 0.101434 0.158115 0.152841 0.127902 0.109271 0.109419 0.0830992 0.0579132 0.0238553 0.00714673 0.00463305 0.00128148 0.00103504 0.000492878 0.000147863 0.000147863 4.92878e-05 0
 0 0 0 0 0 0 0 0 0 0 0 0 0 0 0 0 0 0 0 0 0 0 0 0 0 0
 0 0 0 0 0 0 0 0.0054083 0.00873648 0.0413646 0.0450493 0.0745869 0.0622846 0.0627006 0.0613931 0.0827291 0.12552 0.122667 0.0946155 0.0697135 0.0546179 0.0294188 0.0215738 0.0213955 0.0102223 0.00600262
 0 0 0 0 0.00359764 0.0251062 0.0480494 0.140153 0.205849 0.193036 0.1447 0.116669 0.0760912 0.0342217 0.00950174 0.001854 0.000860785 0 0 0 0.000165536 0 0.000143464 0 0 0
 0 0 0 0 0 0 0 0.000145254 0.000435761 0.0275982 0.070085 0.0708112 0.156366 0.174668 0.174014 0.160142 0.0824315 0.0480064 0.0283245 0.00493863 0.00203355 0 0 0 0 0
 0 0 0 0 0 0 0 0 0 0 0 0 0 0 0 0 0 0 0 0 0 0 0 0 0 0
 0 0 1.00437e-05 0.000401748 0.00122533 0.00171747 0.00176769 0.0269171 0.070346 0.194647 0.189555 0.159765 0.064822 0.0314167 0.0384472 0.0292271 0.0345202 0.0313363 0.0194345 0.0106764 0.0143323 0.0359363 0.0279516 0.0138201 0.00172751 0
 0 0.0021121 0.0136068 0.0755702 0.200478 0.177729 0.0527432 0.0373336 0.0318909 0.0142505 0.0149659 0.0166563 0.0217959 0.0798694 0.0677717 0.0528807 0.04013 0.0224614 0.0357745 0.0225083 0.00881397 0.00855152 0.00135912 0.000746735 0 0
 0 0 0 0 5.4009e-05 0.00500934 0.000945158 0.0243581 0.138947 0.33067 0.221406 0.137944 0.0707744 0.0437923 0.0131692 0.00525238 0.0047753 0.00276346 9.45158e-05 9.00151e-06 2.25038e-05 9.00151e-06 4.50075e-06 0 0 0
 0.000866109 0.00284123 0.00948549 0.0512746 0.133035 0.25785 0.225252 0.132002 0.0553304 0.0519788 0.0540692 0.017754 0.00435017 0.00159236 0.00146478 0.000404838 0.000125132 0.000115318 0.000107957 0.000100596 0 0 0 0 0 0
 0 0 0 0 0.00144013 0.00171154 0.00461396 0.0210425 0.0478622 0.0707936 0.0888783 0.103762 0.0637923 0.0337046 0.0602308 0.124433 0.169614 0.0934646 0.0462172 0.0250306 0.0313229 0.00938855 0.002487 0.000210481 0 0
 0 0.00764035 0.051015 0.0998891 0.058973 0.0496711 0.0374665 0.0718981 0.12319 0.153886 0.159021 0.0857701 0.0377988 0.023471 0.0147837 0.00900784 0.00315554 0.000888139 0.00291439 0.00214683 0.00393193 0.00274676 0.000635225 9.99891e-05 0 0
 0 0 0 0 0 0 0 0 0 0 0 0 0 0 0 0 0 0 0 0 0 0 0 0 0 0
 0 0 0 0 0 0 0 0 0 0 0 0 0 0 0 0 0 0 0 0 0 0 0 0 0 0
 0 0 0 0 0 0 0 0 0 0 0 0 0 0 0 0 0 0 0 0 0 0 0 0 0 0
 0 0 0 0 0 0 0 0 0 0 0 0 0 0 0 0 0 0 0 0 0 0 0 0 0 0
 0 0 0 0 0 0 0 0 0 0 0 0 0 0 0 0 0 0 0 0 0 0 0 0 0 0
 0 0 0 0 0 0 0 0 0 0 0 0 0 0 0 0 0 0 0 0 0 0 0 0 0 0
 0 0 0 0 0 0 0 0 0 0 0 0 0 0 0 0 0 0 0 0 0 0 0 0 0 0
ppred_pel_tallas
 1.14259e-16 3.74858e-05 0.000364376 0.0024214 0.0110074 0.034248 0.0729695 0.106503 0.106515 0.0730241 0.0344331 0.0115498 0.00381268 0.00349977 0.00627938 0.0110689 0.0176767 0.0258315 0.0351438 0.0452156 0.0554904 0.064889 0.0716765 0.0739465 0.0705533 0.0618428
 1.26474e-16 3.55418e-05 0.000345479 0.00229583 0.0104365 0.032472 0.069186 0.100985 0.101011 0.0693143 0.0329029 0.0116828 0.00543087 0.00721262 0.0131501 0.0218866 0.0320381 0.0414619 0.0481034 0.0512835 0.052198 0.0530642 0.0555237 0.0595273 0.0634278 0.0650251
 1.2204e-16 4.73307e-05 0.000460071 0.00305734 0.0138982 0.0432426 0.0921337 0.134476 0.134494 0.0922252 0.0435504 0.0147893 0.005302 0.00538709 0.00948518 0.0158218 0.0233075 0.0304407 0.0357566 0.0386902 0.0399244 0.0408381 0.0424828 0.0448956 0.0471784 0.0481154
 1.08076e-16 6.3562e-05 0.000617845 0.0041058 0.0186644 0.0580719 0.123729 0.180589 0.180602 0.123793 0.0582879 0.0192889 0.00567586 0.00405375 0.00661442 0.0109032 0.0158677 0.0203219 0.0231178 0.0237727 0.0227622 0.0211684 0.0199614 0.0194742 0.0193896 0.0191046
 1.05237e-16 5.48458e-05 0.000533121 0.00354278 0.016105 0.0501087 0.106763 0.155829 0.155854 0.106887 0.0505245 0.0173061 0.00655856 0.00711899 0.0125698 0.0207135 0.029882 0.0376862 0.0417336 0.0409384 0.0361692 0.0296466 0.0235889 0.0191589 0.0163238 0.0144047
 1.0394e-16 6.20199e-05 0.000602856 0.00400619 0.0182116 0.056663 0.120727 0.176208 0.176225 0.120807 0.0569311 0.0189865 0.00595442 0.0048657 0.00818683 0.0135119 0.0196351 0.0250617 0.0283018 0.0286566 0.0265969 0.0233694 0.0201676 0.017539 0.0153822 0.0133408
 1.06647e-16 4.07661e-05 0.000396261 0.0026333 0.0119706 0.0372452 0.0793562 0.115831 0.115868 0.0795391 0.0378594 0.0137451 0.00708993 0.0101329 0.0185554 0.0306723 0.0443254 0.0560494 0.0623344 0.0615657 0.0549627 0.0456878 0.0368755 0.0301333 0.0253911 0.0217398
 1.13272e-16 3.75899e-05 0.000365387 0.00242813 0.0110379 0.0343432 0.0731729 0.106804 0.106831 0.0733065 0.0347926 0.0123393 0.0057078 0.007568 0.0138433 0.0231583 0.0341348 0.0445599 0.052165 0.0558654 0.0562708 0.0549695 0.0532244 0.0512017 0.0482309 0.0436418
 1.17207e-16 4.42016e-05 0.000429656 0.00285521 0.0129794 0.0403838 0.0860428 0.125587 0.125608 0.0861478 0.0407367 0.0140011 0.00542911 0.00607953 0.010867 0.018143 0.0267247 0.0348878 0.0409244 0.0441264 0.0451746 0.0455107 0.0462009 0.0472184 0.0476161 0.0462821
 1.11279e-16 5.71746e-05 0.000555757 0.0036932 0.0167888 0.0522362 0.111295 0.162442 0.162459 0.111376 0.0525078 0.0175743 0.00566927 0.00488359 0.00831876 0.0137757 0.0201133 0.0258917 0.0297018 0.030954 0.0302299 0.0288301 0.0278773 0.0276823 0.0277617 0.0273249
 1.04253e-16 6.64365e-05 0.000645787 0.00429148 0.0195085 0.0606981 0.129324 0.188755 0.188769 0.129389 0.0609165 0.0201395 0.00587656 0.00411005 0.00665778 0.010934 0.0158229 0.0200688 0.0224446 0.0224022 0.0203954 0.0175525 0.0149656 0.0131519 0.012005 0.011109
 1.02719e-16 6.14178e-05 0.000597003 0.0039673 0.0180348 0.056113 0.119555 0.174499 0.174519 0.119653 0.0564423 0.0189861 0.00635569 0.00581198 0.00996888 0.0163921 0.0236282 0.0297576 0.0328659 0.0320716 0.0280437 0.0225335 0.0173122 0.0133427 0.0106657 0.00882191
 1.03358e-16 5.71683e-05 0.000555696 0.0036928 0.0167869 0.0522305 0.111283 0.162426 0.162449 0.111393 0.0525997 0.0178539 0.00637295 0.00641327 0.0112016 0.0184797 0.0267352 0.0338698 0.0377739 0.0374591 0.0336149 0.0280802 0.0226817 0.0183648 0.0151237 0.012501
 1.051e-16 5.27846e-05 0.000513085 0.00340963 0.0154997 0.0482255 0.10275 0.149972 0.149997 0.102871 0.0486312 0.0166724 0.00635663 0.00695789 0.0123264 0.0203831 0.0295652 0.0376151 0.0422563 0.0424268 0.0388685 0.0335336 0.028314 0.0241141 0.020817 0.0178697
 1.04835e-16 6.07216e-05 0.000590235 0.00392232 0.0178303 0.0554768 0.1182 0.17252 0.172536 0.118282 0.0557531 0.0186292 0.00593081 0.0049856 0.00844022 0.0139413 0.0202748 0.0259141 0.0293395 0.0298481 0.0279386 0.0248954 0.0219257 0.0195466 0.0175901 0.0156284
 1.01011e-16 7.67482e-05 0.00074602 0.00495756 0.0225364 0.070119 0.149396 0.218049 0.218054 0.14942 0.0702005 0.0227718 0.00554884 0.00203798 0.00253396 0.00407708 0.00588811 0.0074522 0.00830155 0.00822354 0.00738039 0.00619007 0.00506448 0.00421116 0.00361446 0.00314834
 1.02009e-16 3.52188e-05 0.000342339 0.00227497 0.0103417 0.0321772 0.0685587 0.100074 0.100126 0.0688109 0.0330236 0.0127855 0.0084053 0.013712 0.0253887 0.0418172 0.0600019 0.0749615 0.0816424 0.0777151 0.064988 0.0482408 0.0324516 0.020548 0.0129634 0.00861369
 1.0195e-16 7.39666e-05 0.000718982 0.00477789 0.0217196 0.0675777 0.143982 0.210146 0.210151 0.144003 0.0676513 0.021933 0.00531707 0.00190745 0.00236445 0.0038786 0.00578137 0.00768764 0.00924299 0.0102589 0.0107751 0.0109445 0.0108506 0.0104324 0.00957365 0.00825048
 1.0259e-16 5.13759e-05 0.000499392 0.00331864 0.0150861 0.0469385 0.100009 0.145972 0.146005 0.100169 0.0474764 0.0166389 0.00721428 0.00899623 0.016167 0.0265906 0.038172 0.0477394 0.0521045 0.0498164 0.0420496 0.0318473 0.0223439 0.0153288 0.0109753 0.00849019
 1.05356e-16 5.11026e-05 0.000496736 0.00330099 0.0150058 0.0466888 0.0994763 0.145193 0.145217 0.0995919 0.0470774 0.0161299 0.00612923 0.00669239 0.0118808 0.0197241 0.0287879 0.0369882 0.0422017 0.043396 0.0411524 0.0370991 0.032762 0.0287924 0.025037 0.0211272
 1.04983e-16 6.23089e-05 0.000605665 0.00402486 0.0182964 0.0569271 0.12129 0.177029 0.177044 0.121363 0.0571749 0.019013 0.00582658 0.00454917 0.00758243 0.0125179 0.0182192 0.0233218 0.0264778 0.0270742 0.0255704 0.0231162 0.0207694 0.0189444 0.0174264 0.0157739
 1.03495e-16 6.26397e-05 0.00060888 0.00404622 0.0183935 0.0572292 0.121934 0.177969 0.177987 0.122021 0.0575218 0.0192388 0.00616872 0.00524531 0.00887704 0.0146004 0.0210838 0.0266378 0.0295858 0.0291626 0.0259627 0.0215142 0.0173342 0.0142039 0.0120867 0.0105247
 1.07516e-16 2.87981e-05 0.000279928 0.00186022 0.00845633 0.026311 0.0560603 0.0818318 0.0818805 0.0562981 0.0271097 0.0107639 0.00765588 0.0129428 0.0241099 0.0398968 0.057666 0.072927 0.0811026 0.0800633 0.0713513 0.0590369 0.0471808 0.0379087 0.0312206 0.0260569
 1.0746e-16 6.22515e-05 0.000605106 0.00402115 0.0182795 0.0568745 0.121177 0.176864 0.176873 0.121221 0.0570202 0.0187027 0.00509196 0.00297109 0.00463915 0.00778964 0.0117277 0.015824 0.0194579 0.022318 0.0244958 0.0262256 0.0275132 0.0280103 0.0272456 0.0249898
 1.0682e-16 5.32258e-05 0.000517374 0.00343813 0.0156293 0.0486286 0.103609 0.151226 0.151253 0.103738 0.04906 0.0168754 0.0065664 0.00734725 0.0130276 0.0214639 0.0309465 0.0390012 0.0431633 0.0423489 0.037524 0.0310594 0.0252864 0.0213676 0.0191414 0.0177283
 1.09993e-16 3.80415e-05 0.000369777 0.0024573 0.0111706 0.0347559 0.0740524 0.108089 0.108124 0.0742215 0.035324 0.0128133 0.00658774 0.0094097 0.0172745 0.0286762 0.0417225 0.0533427 0.0604079 0.0614527 0.0574734 0.0510864 0.0447753 0.0396437 0.0354218 0.0313101
 1.07645e-16 6.14232e-05 0.000597055 0.00396764 0.0180363 0.0561178 0.119565 0.174512 0.174523 0.119624 0.056314 0.0186047 0.00540045 0.00374495 0.00609913 0.0101423 0.014974 0.0196143 0.0231018 0.0250002 0.0256067 0.0256209 0.0255566 0.0253965 0.0247192 0.0230999
 1.05504e-16 5.8081e-05 0.000564568 0.00375175 0.0170549 0.0530643 0.11306 0.165019 0.165041 0.113166 0.0534195 0.018081 0.00632808 0.00619117 0.0107517 0.0177043 0.0255527 0.0322586 0.0357966 0.0352638 0.0314258 0.02619 0.0214334 0.0180949 0.0160625 0.0146669
 1.0939e-16 3.16534e-05 0.000307683 0.00204466 0.00929476 0.0289197 0.061618 0.0899423 0.0899852 0.0618277 0.0296242 0.0113311 0.00716144 0.0114955 0.0213319 0.0353536 0.0512476 0.0651229 0.0730127 0.0730695 0.0666053 0.0570662 0.0478185 0.0405133 0.0349932 0.0302812
 1.17319e-16 3.74303e-05 0.000363835 0.00241782 0.0109911 0.0341974 0.0728619 0.106349 0.10637 0.0729673 0.0345523 0.0120206 0.00501896 0.00609791 0.0110918 0.0187097 0.0279643 0.0373087 0.0451559 0.0507524 0.0544696 0.0571785 0.059267 0.0601959 0.0589232 0.054738
 1.07137e-16 6.88132e-05 0.000668889 0.004445 0.0202063 0.0628695 0.13395 0.195506 0.195514 0.133987 0.0629943 0.0205677 0.00535488 0.00266449 0.00388698 0.00639317 0.00938814 0.0122125 0.014261 0.0153034 0.0156238 0.0157908 0.0162322 0.0169514 0.0175681 0.0175913
pSPR Fmed_Fpbrs
0.690802   0.202589 0.202589
Fs Fmed_Fpbrs
0.192124   1.005 1.005
SSBpbr Bo_Bmed_Bpbrs
2.13426e+06  1.36764e+06  325664 325664
Ro
203758
SPR SPRFo_SPRFmed_SPRFpbrs
1.45645e+06 1.00612e+06 295060
Fref
1.005
Nvult_r0
 240417 21258.5 9359.68 9850.8 3732.59
CTP_r0
 28293 2908.19 1280.42 1347.6 510.624
YTP_r0
391301
Np
 274200 114151 9728.85 4283.42 5923.58
Nvult_p0
 230905 98779 8418.76 3706.62 5125.91
CTP_p0
 105808 49512.7 4219.88 1857.93 2569.35
YTP_p0
 1.83465e+06
CBA_c0
824306
log_Ro
12.0447
likeval ReclasPelacesDesembMPH_pf_preclas_ppelaces_ptallas_desvR_qrecl_qpela
 15.918 17.2992 0.0982805 0.000807753 241.414 119.804 98.4968 0 22.1782 4.21729e-06 0 0.500663 0 0 0
q_reclas_q_pelaces
0.747512 1
M
1
N
 221075 48995.7 182415 10145.1 0.330212
 126136 74247.3 16175.4 60222.3 3349.41
 125428 39366.2 22466 4894.39 19235.7
 235821 39345.8 11984.1 6839.21 7345.82
 188917 68917.3 11011.1 3353.8 3969.75
 307616 64451.9 23180.9 3703.67 2463.33
 129467 97423.7 19844.9 7137.47 1898.84
 61064.5 34577.4 24497.7 4990.1 2272.22
 55143.1 21370.1 11987.5 8492.98 2517.74
 71286.5 16670.3 6226.09 3492.5 3207.93
 128619 20280.9 4518.74 1687.67 1816.25
 165396 44273.1 6894.27 1536.09 1191.12
 139334 44681 11284.9 1757.31 695.148
 98055.3 38437.2 11675.9 2948.95 640.868
 99896.9 22602.9 8114.05 2464.77 757.806
 510028 26849.7 5726.59 2055.75 816.463
 120880 142392 7116.78 1517.89 761.308
 781386 37272.2 42470.4 2122.67 679.8
 460922 239663 11047.4 12588.1 830.644
 350040 130423 64547.4 2975.34 3614.01
 526221 101861 36314.8 17972.4 1834.72
 704540 161992 30322.9 10810.5 5896.37
 153821 206848 45583 8532.58 4701.16
 448682 49598.3 65062.1 14337.7 4162.55
 375100 147324 15940.8 20910.9 5945.96
 171351 122909 47233.5 5110.77 8610.53
 375708 57406.3 40458.4 15548.1 4516.7
 416983 123166 18415.2 12978.5 6436.52
 129584 138829 40243.4 6017.02 6343.71
 96104.9 43376.3 45652.3 13233.6 4064.68
 354567 30987.3 13643.1 14359 5440.8
pred_Ctot
 12259 3205.6 11934.7 663.757 0.0216045
 12254.1 8464.18 1843.99 6865.33 381.832
 11831.2 4358.95 2487.62 541.948 2129.94
 31228.2 6084.96 1853.38 1057.71 1136.06
 8725.68 3760.19 600.775 182.986 216.593
 27381.7 6739.33 2423.88 387.27 257.575
 23015.8 20099.9 4094.29 1472.56 391.758
 1888.04 1265.37 896.498 182.614 83.1525
 6312.96 2864.18 1606.65 1138.3 337.447
 10429.2 2842.88 1061.77 595.594 547.065
 5257.68 979.999 218.351 81.5502 87.7633
 28481.3 8854.78 1378.88 307.224 238.228
 22551.5 8411.51 2124.47 330.825 130.866
 24035.2 10828.1 3289.21 830.746 180.538
 17450.8 4584.35 1645.7 499.909 153.699
 79492.8 4871.56 1039.02 372.991 148.137
 12546.2 17326.8 865.994 184.702 92.6386
 83348.3 4659.35 5309.17 265.352 84.9809
 68705.7 41626.6 1918.79 2186.4 144.273
 47133.1 20503.5 10147.3 467.744 568.147
 55081.8 12498.9 4456.04 2205.32 225.131
 91598.8 24604.6 4605.68 1641.99 895.588
 12139.5 19201.9 4231.51 792.086 436.413
 30760.9 4005.2 5253.94 1157.81 336.137
 26162.7 12101.5 1309.41 1717.66 488.413
 9748.53 8248.78 3169.98 343 577.88
 26104.1 4697.45 3310.63 1272.27 369.593
 25241.3 8790.89 1314.38 926.336 459.403
 7437.48 9398.96 2724.54 407.362 429.48
 7586.24 4027.54 4238.87 1228.75 377.411
 28293 2908.19 1280.42 1347.6 510.624
F
 0.0910985 0.108243 0.108243 0.108243 0.108243
 0.164451 0.1954 0.1954 0.1954 0.1954
 0.159341 0.189329 0.189329 0.189329 0.189329
 0.230167 0.273485 0.273485 0.273485 0.273485
 0.0753905 0.089579 0.089579 0.089579 0.089579
 0.149782 0.177971 0.177971 0.177971 0.177971
 0.320225 0.380491 0.380491 0.380491 0.380491
 0.0499398 0.0593385 0.0593385 0.0593385 0.0593385
 0.1963 0.233243 0.233243 0.233243 0.233243
 0.257027 0.305399 0.305399 0.305399 0.305399
 0.0664785 0.0789898 0.0789898 0.0789898 0.0789898
 0.308794 0.366909 0.366909 0.366909 0.366909
 0.287847 0.34202 0.34202 0.34202 0.34202
 0.467454 0.555429 0.555429 0.555429 0.555429
 0.313883 0.372956 0.372956 0.372956 0.372956
 0.27588 0.3278 0.3278 0.3278 0.3278
 0.176553 0.20978 0.20978 0.20978 0.20978
 0.181835 0.216056 0.216056 0.216056 0.216056
 0.262443 0.311835 0.311835 0.311835 0.311835
 0.234439 0.27856 0.27856 0.27856 0.27856
 0.178174 0.211706 0.211706 0.211706 0.211706
 0.225561 0.268012 0.268012 0.268012 0.268012
 0.131832 0.156642 0.156642 0.156642 0.156642
 0.113678 0.135072 0.135072 0.135072 0.135072
 0.11575 0.137534 0.137534 0.137534 0.137534
 0.0935594 0.111167 0.111167 0.111167 0.111167
 0.115281 0.136977 0.136977 0.136977 0.136977
 0.0998023 0.118585 0.118585 0.118585 0.118585
 0.0944194 0.112189 0.112189 0.112189 0.112189
 0.131863 0.156679 0.156679 0.156679 0.156679
 0.13338 0.158482 0.158482 0.158482 0.158482
nmprior
 8.19 8.8 8.5 0
nm_flota  nm_reclas  nm_pelaces    nm_pelaL
inf 11.7396 16.4256 38.0344
cv_recla  cv_pelaces  cv_mph
0.360885 0.471612 0.877091
 ------------------------------------------------
Talla a la edad & desviaci?n 
 8 13.2811 15.8009 17.003 17.5766
 0.8 1.32811 1.58009 1.7003 1.75766
