years
 1991 1992 1993 1994 1995 1996 1997 1998 1999 2000 2001 2002 2003 2004 2005 2006 2007 2008 2009 2010 2011 2012 2013 2014 2015 2016 2017 2018 2019 2020 2021
reclasobs
 0 0 0 0 0 0 0 0 0 252601 567819 844713 477998 351125 339783 2.1784e+06 2.13404e+06 4.81314e+06 1.55562e+06 2.62356e+06 3.21686e+06 3.843e+06 1.13348e+06 3.07943e+06 1.97215e+06 2.03268e+06 2.025e+06 2.42433e+06 2.27542e+06 1.05018e+06 2.36338e+06
reclaspred
 5.31347e+06 1.6563e+06 992649 714700 201812 3.50527e+06 1.505e+06 676634 337211 250300 415440 845128 760177 562682 414217 1.93332e+06 860931 4.73588e+06 2.60098e+06 2.10316e+06 2.98132e+06 3.28261e+06 1.65593e+06 3.19548e+06 2.3697e+06 1.61347e+06 2.26687e+06 3.63265e+06 2.44049e+06 812362 1.3936e+06
pelacesobs
 0 0 0 0 0 0 0 0 0 0 0 0 0 0 0 552880 188675 0 991730 2.46772e+06 1.41603e+06 1.21717e+06 2.29649e+06 1.80582e+06 0 1.4828e+06 1.56532e+06 1.57751e+06 1.42118e+06 867257 1.10002e+06
pelacespred
 3.71113e+06 1.0799e+06 493265 269636 78482.6 2.11052e+06 771855 467343 145753 95462.1 230588 374459 374373 258446 184838 882773 374758 2.79013e+06 1.38758e+06 955661 1.52163e+06 1.64306e+06 887395 2.02233e+06 1.36222e+06 943988 1.54237e+06 2.49985e+06 1.47141e+06 481970 771532
mphobs
 0 0 0 0 0 0 0 0 0 0 0 498337 0 5186 125008 0 168611 109162 213762 579715 649985 157893 87575 83554 0 0 0 0 0 0 0
mphpred
 1.29272e+06 556524 115562 109327 49228.2 15410.8 427501 140245 60400.2 16339.5 13534 50972.7 73221.2 49055 24837.3 25194.9 204991 75209.4 506114 196486 250052 254783 357500 173829 336289 284416 162310 220277 516740 240590 61144.9
desembarqueobs
 494567 514787 250237 358949 120608 361735 552515 73892 212993 205616 52469 317467 293654 387597 252695 516296 358380 742168 942051 627588 828172 859565 418607 520667 417249 300574 415391 372974 316634 284311 391294
desembarquepred
 494515 514465 249957 358612 120528 361574 551922 73873.7 212781 205427 52455.6 317179 293326 386934 252384 515781 358055 741534 940426 626567 827590 858551 418197 520344 416828 300310 415047 372677 316287 283840 391040
Reclutas
 26978.6 17412.5 154759 56881.5 14063.8 309736 23055.9 6215.52 20368.4 45047.4 38970.5 112693 79394.9 67203.7 42914.8 269045 17238.8 476895 164226 227574 203236 434232 27226 168483 160800 37252.4 134068 201331 30358.4 15096 104810
log_desv_Rt
 -0.92327 -1.36113 0.823557 -0.177344 -1.57471 1.5174 -1.08039 -2.39127 -1.20433 -0.4106 -0.55551 0.506353 0.156119 -0.0105862 -0.459098 1.37657 -1.37115 1.94898 0.882931 1.20916 1.09605 1.85526 -0.914143 0.908522 0.861847 -0.6006 0.68003 1.08664 -0.805243 -1.50389 0.433831
SSB
 1.69563e+06 729982 151581 143402 64571.7 20214.1 560746 183957 79225.9 21432.2 17752.3 66860 96042.9 64344.6 32578.7 33047.6 268883 98650.9 663861 257727 327989 334194 468926 228009 441104 373064 212899 288933 677798 315577 80202.7
BT
 2.15113e+06 1.04274e+06 453690 391322 134536 1.38827e+06 840664 286403 273406 240389 158991 446547 448939 530441 340456 852985 453987 2.08355e+06 1.54434e+06 973745 1.44614e+06 1.54329e+06 762915 1.50922e+06 1.02208e+06 706624 1.20451e+06 1.61004e+06 940914 512111 761591
Ftot
 0.296939 0.919815 0.921651 1.55594 1.71407 0.43935 1.08901 0.359268 1.94413 2.56295 0.516637 1.36217 1.34632 2.21465 2.06704 1.06469 1.23921 0.645204 1.17344 1.08748 0.995701 0.980065 0.79926 0.637005 0.6326 0.62364 0.705124 0.411822 0.420567 1.05509 1.07983
BD_Bspro_t
 0.953728 0.645623 0.271916 0.274466 0.117673 0.0523718 0.504279 0.227346 0.152699 0.0610802 0.0653362 0.263316 0.220453 0.138375 0.0730219 0.0772078 0.284058 0.129198 0.40927 0.202783 0.207391 0.210922 0.281418 0.179404 0.328029 0.342752 0.278328 0.377586 0.55689 0.374551 0.165325
BD_Bspro
 3.4927 1.50363 0.31223 0.295383 0.133006 0.0416374 1.15504 0.378919 0.163191 0.0441465 0.0365665 0.137719 0.197831 0.132538 0.0671062 0.0680722 0.55385 0.203203 1.36743 0.530872 0.675598 0.688378 0.965904 0.469657 0.908595 0.768444 0.438533 0.59515 1.39614 0.650032 0.165203
BD_Bo
 1.18707 0.511041 0.106118 0.100392 0.0452049 0.0141514 0.392563 0.128784 0.0554639 0.0150041 0.0124279 0.0468069 0.067237 0.0450459 0.0228075 0.0231358 0.188238 0.0690628 0.464751 0.180428 0.229616 0.23396 0.328283 0.159623 0.308805 0.261172 0.149045 0.202274 0.474508 0.220927 0.0561477
BD_Brms
 6.651 2.8633 0.594566 0.562485 0.253278 0.0792885 2.19949 0.72156 0.310758 0.0840663 0.0696322 0.262254 0.376722 0.252387 0.127788 0.129627 1.05467 0.386951 2.60395 1.01092 1.28651 1.31085 1.83933 0.894348 1.7302 1.46332 0.83508 1.13332 2.65862 1.23783 0.314589
Sel_flota
 0.729058 0.980816 0.998972 0.999946 0.999997
 0.729058 0.980816 0.998972 0.999946 0.999997
 0.729058 0.980816 0.998972 0.999946 0.999997
 0.729058 0.980816 0.998972 0.999946 0.999997
 0.729058 0.980816 0.998972 0.999946 0.999997
 0.729058 0.980816 0.998972 0.999946 0.999997
 0.729058 0.980816 0.998972 0.999946 0.999997
 0.729058 0.980816 0.998972 0.999946 0.999997
 0.729058 0.980816 0.998972 0.999946 0.999997
 0.729058 0.980816 0.998972 0.999946 0.999997
 0.729058 0.980816 0.998972 0.999946 0.999997
 0.729058 0.980816 0.998972 0.999946 0.999997
 0.729058 0.980816 0.998972 0.999946 0.999997
 0.729058 0.980816 0.998972 0.999946 0.999997
 0.729058 0.980816 0.998972 0.999946 0.999997
 0.729058 0.980816 0.998972 0.999946 0.999997
 0.729058 0.980816 0.998972 0.999946 0.999997
 0.729058 0.980816 0.998972 0.999946 0.999997
 0.729058 0.980816 0.998972 0.999946 0.999997
 0.729058 0.980816 0.998972 0.999946 0.999997
 0.729058 0.980816 0.998972 0.999946 0.999997
 0.729058 0.980816 0.998972 0.999946 0.999997
 0.729058 0.980816 0.998972 0.999946 0.999997
 0.729058 0.980816 0.998972 0.999946 0.999997
 0.729058 0.980816 0.998972 0.999946 0.999997
 0.729058 0.980816 0.998972 0.999946 0.999997
 0.729058 0.980816 0.998972 0.999946 0.999997
 0.729058 0.980816 0.998972 0.999946 0.999997
 0.729058 0.980816 0.998972 0.999946 0.999997
 0.729058 0.980816 0.998972 0.999946 0.999997
 0.729058 0.980816 0.998972 0.999946 0.999997
Sel_reclas
 0.999963 1 1 1 1
 0.999963 1 1 1 1
 0.999963 1 1 1 1
 0.999963 1 1 1 1
 0.999963 1 1 1 1
 0.999963 1 1 1 1
 0.999963 1 1 1 1
 0.999963 1 1 1 1
 0.999963 1 1 1 1
 0.999963 1 1 1 1
 0.999963 1 1 1 1
 0.999963 1 1 1 1
 0.999963 1 1 1 1
 0.999963 1 1 1 1
 0.999963 1 1 1 1
 0.999963 1 1 1 1
 0.999963 1 1 1 1
 0.999963 1 1 1 1
 0.999963 1 1 1 1
 0.999963 1 1 1 1
 0.999963 1 1 1 1
 0.999963 1 1 1 1
 0.999963 1 1 1 1
 0.999963 1 1 1 1
 0.999963 1 1 1 1
 0.999963 1 1 1 1
 0.999963 1 1 1 1
 0.999963 1 1 1 1
 0.999963 1 1 1 1
 0.999963 1 1 1 1
 0.999963 1 1 1 1
Sel_pelaces
 0.897776 1 1 1 1
 0.897776 1 1 1 1
 0.897776 1 1 1 1
 0.897776 1 1 1 1
 0.897776 1 1 1 1
 0.897776 1 1 1 1
 0.897776 1 1 1 1
 0.897776 1 1 1 1
 0.897776 1 1 1 1
 0.897776 1 1 1 1
 0.897776 1 1 1 1
 0.897776 1 1 1 1
 0.897776 1 1 1 1
 0.897776 1 1 1 1
 0.897776 1 1 1 1
 0.897776 1 1 1 1
 0.897776 1 1 1 1
 0.897776 1 1 1 1
 0.897776 1 1 1 1
 0.897776 1 1 1 1
 0.897776 1 1 1 1
 0.897776 1 1 1 1
 0.897776 1 1 1 1
 0.897776 1 1 1 1
 0.897776 1 1 1 1
 0.897776 1 1 1 1
 0.897776 1 1 1 1
 0.897776 1 1 1 1
 0.897776 1 1 1 1
 0.897776 1 1 1 1
 0.897776 1 1 1 1
pf_obs 
 0.8446 0.082 0.0669 0.0065 0
 0.8095 0.147 0.0364 0.0071 0
 0.9664 0.0169 0.016 0.0007 0
 0.9276 0.0648 0.0075 0.0001 0
 0.7033 0.2144 0.0806 0.0017 0
 0.9318 0.0425 0.0243 0.0014 0
 0.5671 0.3108 0.0964 0.0239 0.0018
 0.0768 0.2599 0.5324 0.112 0.0189
 0.490249 0.384438 0.106611 0.0170017 0.00170017
 0.7925 0.1577 0.0466 0.003 0.0002
 0.840416 0.127587 0.0312969 0.00059994 9.999e-05
 0.8084 0.0986 0.0794 0.0134 0.0002
 0.7335 0.1905 0.0724 0.0035 0.0001
 0.4001 0.4547 0.1325 0.0127 0
 0.49795 0.308269 0.164784 0.0264974 0.00249975
 0.9179 0.0499 0.0305 0.0017 0
 0.2467 0.6533 0.0926 0.0074 0
 0.9418 0.0223 0.034 0.0019 0
 0.707729 0.231977 0.0356964 0.0245975 0
 0.517169 0.277429 0.184464 0.0207286 0.00020938
 0.811772 0.124168 0.05621 0.00726502 0.000585176
 0.764997 0.148141 0.077277 0.00933861 0.000247198
 0.163321 0.427699 0.378323 0.0303852 0.000271297
 0.753843 0.0900009 0.118128 0.0371064 0.000921714
 0.721811 0.176058 0.0630433 0.0369309 0.00215725
 0.143369 0.312575 0.442814 0.0836902 0.0175525
 0.692698 0.0596174 0.167031 0.0765114 0.00414204
 0.394062 0.376323 0.152708 0.0712218 0.00568511
 0.125707 0.32114 0.495352 0.0537591 0.00404204
 0.23352 0.215282 0.420074 0.123614 0.00750983
 0.774587 0.0839891 0.0768558 0.0609784 0.00358967
pf_pred 
 0.161501 0.1857 0.577498 0.0753 9.30587e-07
 0.273436 0.155407 0.128579 0.391576 0.0510014
 0.934284 0.0244827 0.00902735 0.00725882 0.024947
 0.61222 0.371207 0.00629077 0.0022539 0.00802814
 0.565922 0.318328 0.110983 0.00181175 0.00295507
 0.99128 0.00611562 0.00193014 0.000646959 2.7727e-05
 0.184712 0.810312 0.00351378 0.00108416 0.000378512
 0.247955 0.198573 0.550196 0.00231395 0.000961627
 0.761757 0.0764167 0.0434212 0.117705 0.000699925
 0.949773 0.0432533 0.0023056 0.00125466 0.00341341
 0.920743 0.0773435 0.00165979 8.39639e-05 0.000169504
 0.900064 0.094311 0.00549216 0.00011511 1.75557e-05
 0.801403 0.186265 0.0116604 0.000655946 1.58153e-05
 0.823541 0.153746 0.021348 0.00129104 7.42401e-05
 0.872232 0.115394 0.0108466 0.00143655 9.16398e-05
 0.983152 0.0156581 0.00107926 9.70022e-05 1.36339e-05
 0.23632 0.755523 0.00759638 0.000507852 5.1975e-05
 0.980072 0.00668358 0.0131075 0.000127547 9.38328e-06
 0.548754 0.445199 0.00206216 0.00394382 4.11446e-05
 0.827635 0.114215 0.0573963 0.000257501 0.000496751
 0.7941 0.182253 0.0158313 0.00771468 0.000101207
 0.893121 0.091713 0.0134699 0.00113599 0.00055995
 0.205603 0.737911 0.0486716 0.00694204 0.000872655
 0.869847 0.036571 0.0870935 0.00559204 0.00089656
 0.747537 0.22946 0.00658027 0.0152857 0.00113729
 0.390382 0.495621 0.103851 0.00290513 0.00724098
 0.855809 0.0699214 0.0606598 0.0123998 0.00120979
 0.826088 0.156358 0.00862602 0.0072939 0.00163421
 0.271757 0.633891 0.085022 0.00458794 0.00474297
 0.341907 0.22818 0.375295 0.049222 0.00539534
 0.938159 0.0281845 0.0119039 0.0189933 0.00275963
pobs_RECLAS
 0 0 0 0 0
 0 0 0 0 0
 0 0 0 0 0
 0 0 0 0 0
 0 0 0 0 0
 0 0 0 0 0
 0 0 0 0 0
 0 0 0 0 0
 0 0 0 0 0
 0 0 0 0 0
 0.991045 0.00858322 0.000360255 1.14367e-05 0
 0.934742 0.0480273 0.0164251 0.00080598 0
 0.827803 0.169806 0.00239088 0 0
 0.941827 0.0461693 0.0120037 0 0
 0.791401 0.0380133 0.147996 0.0225897 0
 0.846168 0.0940531 0.0597789 0 0
 0.134021 0.677848 0.182769 0.00536245 0
 0.80878 0.0450904 0.141981 0.00414843 0
 0.846168 0.0940531 0.0597789 0 0
 0.905697 0.0802665 0.012482 0.00150086 5.37128e-05
 0.989698 0.0102097 9.19794e-05 0 0
 0.975433 0.0193895 0.00387452 0.00125025 5.28907e-05
 0.303575 0.632131 0.0575291 0.00676475 0
 0.966965 0.00978017 0.0227588 0.000495775 0
 0.843318 0.132988 0.00938335 0.0141283 0.000182051
 0.564624 0.303363 0.111486 0.0197234 0.00080311
 0.826376 0.0876187 0.0782897 0.00655872 0.00115652
 0.89761 0.0855135 0.0140674 0.00269457 0.000114338
 0.34875 0.467042 0.161289 0.0227151 0.000203297
 0.318654 0.224769 0.449479 0.00709798 0
 0.937255 0.0296025 0.0250945 0.00804832 0
ppred_RECLAS
 0.209471 0.177682 0.542217 0.0706286 8.7281e-07
 0.347313 0.142003 0.115065 0.350031 0.0455876
 0.95246 0.0179535 0.00648324 0.00520733 0.0178954
 0.695131 0.292143 0.00483461 0.00172998 0.0061616
 0.656809 0.253323 0.0861724 0.00140487 0.00229128
 0.993619 0.00450106 0.00139347 0.000466595 1.9996e-05
 0.241142 0.754326 0.0032013 0.000986609 0.000344435
 0.312303 0.184142 0.500578 0.00210315 0.000873974
 0.82845 0.0560366 0.0310261 0.0839883 0.000499395
 0.967342 0.0282433 0.00146123 0.0007939 0.0021597
 0.940736 0.0578605 0.00121773 6.15375e-05 0.000124224
 0.927794 0.0682282 0.00388372 8.13003e-05 1.23985e-05
 0.851902 0.139096 0.00851208 0.000478261 1.15304e-05
 0.876458 0.108019 0.0145908 0.000881095 5.06627e-05
 0.911085 0.0805101 0.00736858 0.000974524 6.21618e-05
 0.98793 0.0112343 0.000757919 6.80427e-05 9.56302e-06
 0.304482 0.688251 0.00676801 0.000451936 4.62496e-05
 0.985592 0.00489626 0.00941334 9.15031e-05 6.73125e-06
 0.631539 0.363633 0.00164784 0.00314777 3.28377e-05
 0.871499 0.085766 0.0421817 0.000189026 0.000364632
 0.843629 0.138752 0.0118003 0.00574387 7.53482e-05
 0.921175 0.0678422 0.00975602 0.000821856 0.000405084
 0.263739 0.684899 0.0442628 0.00630635 0.0007927
 0.902942 0.0276642 0.0645873 0.0041426 0.000664138
 0.802763 0.179599 0.00504926 0.0117169 0.000871712
 0.468515 0.433697 0.0890933 0.00248968 0.00620513
 0.891934 0.0529511 0.0450245 0.0091939 0.000896953
 0.866233 0.120502 0.00652154 0.0055088 0.00123419
 0.337376 0.578206 0.0760773 0.00410107 0.00423943
 0.424473 0.20237 0.325797 0.0426814 0.00467813
 0.955599 0.0204812 0.00846637 0.0134931 0.00196035
pobs_PELACES
 0 0 0 0 0
 0 0 0 0 0
 0 0 0 0 0
 0 0 0 0 0
 0 0 0 0 0
 0 0 0 0 0
 0 0 0 0 0
 0 0 0 0 0
 0 0 0 0 0
 0 0 0 0 0
 0 0 0 0 0
 0 0 0 0 0
 0 0 0 0 0
 0 0 0 0 0
 0 0 0 0 0
 0 0 0 0 0
 0.505614 0.472636 0.0217494 0 0
 0 0 0 0 0
 0.443492 0.261883 0.143347 0.151278 0
 0.227955 0.32914 0.350689 0.0885471 0.00366901
 0.970185 0.0296113 0.000203453 0 0
 0.997202 0.00247181 0.000326279 0 0
 0.445219 0.490057 0.0546422 0.010081 0
 0.90214 0.0892962 0.00764917 0.000914606 0
 0 0 0 0 0
 0.581667 0.319106 0.0959925 0.00289975 0.000334073
 0.762889 0.0836404 0.116647 0.0363945 0.000428098
 0.88444 0.0763242 0.0277011 0.0115352 0
 0.521256 0.241999 0.230069 0.00667565 0
 0.616807 0.101726 0.260614 0.0208532 0
 0.833518 0.0704572 0.0857862 0.0102388 0
ppred_PELACES
 0.196257 0.180903 0.551065 0.0717743 8.86963e-07
 0.341243 0.143969 0.116017 0.352821 0.0459503
 0.951193 0.0184983 0.0066432 0.00533423 0.0183312
 0.699746 0.287836 0.00471914 0.00168782 0.00601126
 0.665165 0.247819 0.0834389 0.00135956 0.00221731
 0.993156 0.00483143 0.00149181 0.000499455 2.1404e-05
 0.237993 0.757485 0.0031938 0.000983954 0.000343501
 0.29614 0.188767 0.512048 0.00215109 0.000893891
 0.837063 0.0536578 0.029365 0.079442 0.000472347
 0.970566 0.0255095 0.00129968 0.000705547 0.00191926
 0.937018 0.0614947 0.00129022 6.51897e-05 0.000131595
 0.928183 0.0678911 0.00383312 8.02059e-05 1.22313e-05
 0.852474 0.138627 0.00841518 0.000472612 1.1394e-05
 0.884645 0.101029 0.0134667 0.000812638 4.67247e-05
 0.916219 0.0759496 0.00686563 0.000907405 5.78784e-05
 0.987703 0.0114511 0.000767632 6.88911e-05 9.68208e-06
 0.303474 0.689303 0.00672821 0.0004491 4.59583e-05
 0.98484 0.00516499 0.00989167 9.61328e-05 7.07174e-06
 0.629159 0.366016 0.00164702 0.00314502 3.28083e-05
 0.869777 0.0871033 0.0425612 0.00019066 0.000367777
 0.840384 0.141727 0.0119817 0.0058303 7.64806e-05
 0.919299 0.0695134 0.00993783 0.000836907 0.000412496
 0.255844 0.692476 0.0445386 0.00634403 0.000797425
 0.898276 0.0290736 0.0676194 0.00433619 0.000695166
 0.793927 0.18771 0.00525734 0.0121973 0.00090744
 0.454773 0.445217 0.0911188 0.00254577 0.00634486
 0.887315 0.0553343 0.0468526 0.00956502 0.000933149
 0.857506 0.128397 0.00693166 0.00585446 0.00131162
 0.321356 0.592376 0.0777455 0.00419043 0.00433177
 0.420565 0.204586 0.327289 0.0428623 0.00469787
 0.95498 0.0208414 0.00855973 0.0136371 0.00198125
pobs_pel_tallas
 0 0 0 0 0 0 0 0 0 0 0 0 0 0 0 0 0 0 0 0 0 0 0 0 0 0
 0 0 0 0 0 0 0 0 0 0 0 0 0 0 0 0 0 0 0 0 0 0 0 0 0 0
 0 0 0 0 0 0 0 0 0 0 0 0 0 0 0 0 0 0 0 0 0 0 0 0 0 0
 0 0 0 0 0 0 0 0 0 0 0 0 0 0 0 0 0 0 0 0 0 0 0 0 0 0
 0 0 0 0 0 0 0 0 0 0 0 0 0 0 0 0 0 0 0 0 0 0 0 0 0 0
 0 0 0 0 0 0 0 0 0 0 0 0 0 0 0 0 0 0 0 0 0 0 0 0 0 0
 0 0 0 0 0 0 0 0 0 0 0 0 0 0 0 0 0 0 0 0 0 0 0 0 0 0
 0 0 0 0 0 0 0 0 0 0 0 0 0 0 0 0 0 0 0 0 0 0 0 0 0 0
 0 0 0 0 0 0 0 0 0 0 0 0 0 0 0 0 0 0 0 0 0 0 0 0 0 0
 0 0 0 0 0 0 0 0 0 0 0 0 0 0 0 0 0 0 0 0 0 0 0 0 0 0
 0 0 0 0 0 0 0 0 0 0 0 0 0 0 0 0 0 0 0 0 0 0 0 0 0 0
 0 0 0 0 0 0 0 0 0 0 0 0 0 0 0 0 0 0 0 0 0 0 0 0 0 0
 0.00862536 0 0 0.000197151 0.00414017 0.0128641 0.00837892 0.0270097 0.101434 0.158115 0.152841 0.127902 0.109271 0.109419 0.0830992 0.0579132 0.0238553 0.00714673 0.00463305 0.00128148 0.00103504 0.000492878 0.000147863 0.000147863 4.92878e-05 0
 0 0 0 0 0 0 0 0 0 0 0 0 0 0 0 0 0 0 0 0 0 0 0 0 0 0
 0 0 0 0 0 0 0 0.0054083 0.00873648 0.0413646 0.0450493 0.0745869 0.0622846 0.0627006 0.0613931 0.0827291 0.12552 0.122667 0.0946155 0.0697135 0.0546179 0.0294188 0.0215738 0.0213955 0.0102223 0.00600262
 0 0 0 0 0.00359764 0.0251062 0.0480494 0.140153 0.205849 0.193036 0.1447 0.116669 0.0760912 0.0342217 0.00950174 0.001854 0.000860785 0 0 0 0.000165536 0 0.000143464 0 0 0
 0 0 0 0 0 0 0 0.000145254 0.000435761 0.0275982 0.070085 0.0708112 0.156366 0.174668 0.174014 0.160142 0.0824315 0.0480064 0.0283245 0.00493863 0.00203355 0 0 0 0 0
 0 0 0 0 0 0 0 0 0 0 0 0 0 0 0 0 0 0 0 0 0 0 0 0 0 0
 0 0 1.00437e-05 0.000401748 0.00122533 0.00171747 0.00176769 0.0269171 0.070346 0.194647 0.189555 0.159765 0.064822 0.0314167 0.0384472 0.0292271 0.0345202 0.0313363 0.0194345 0.0106764 0.0143323 0.0359363 0.0279516 0.0138201 0.00172751 0
 0 0.0021121 0.0136068 0.0755702 0.200478 0.177729 0.0527432 0.0373336 0.0318909 0.0142505 0.0149659 0.0166563 0.0217959 0.0798694 0.0677717 0.0528807 0.04013 0.0224614 0.0357745 0.0225083 0.00881397 0.00855152 0.00135912 0.000746735 0 0
 0 0 0 0 5.4009e-05 0.00500934 0.000945158 0.0243581 0.138947 0.33067 0.221406 0.137944 0.0707744 0.0437923 0.0131692 0.00525238 0.0047753 0.00276346 9.45158e-05 9.00151e-06 2.25038e-05 9.00151e-06 4.50075e-06 0 0 0
 0.000866109 0.00284123 0.00948549 0.0512746 0.133035 0.25785 0.225252 0.132002 0.0553304 0.0519788 0.0540692 0.017754 0.00435017 0.00159236 0.00146478 0.000404838 0.000125132 0.000115318 0.000107957 0.000100596 0 0 0 0 0 0
 0 0 0 0 0.00144013 0.00171154 0.00461396 0.0210425 0.0478622 0.0707936 0.0888783 0.103762 0.0637923 0.0337046 0.0602308 0.124433 0.169614 0.0934646 0.0462172 0.0250306 0.0313229 0.00938855 0.002487 0.000210481 0 0
 0 0.00764035 0.051015 0.0998891 0.058973 0.0496711 0.0374665 0.0718981 0.12319 0.153886 0.159021 0.0857701 0.0377988 0.023471 0.0147837 0.00900784 0.00315554 0.000888139 0.00291439 0.00214683 0.00393193 0.00274676 0.000635225 9.99891e-05 0 0
 0 0 0 0 0 0 0 0 0 0 0 0 0 0 0 0 0 0 0 0 0 0 0 0 0 0
 0 0 0 0 0 0 0 0 0 0 0 0 0 0 0 0 0 0 0 0 0 0 0 0 0 0
 0 0 0 0 0 0 0 0 0 0 0 0 0 0 0 0 0 0 0 0 0 0 0 0 0 0
 0 0 0 0 0 0 0 0 0 0 0 0 0 0 0 0 0 0 0 0 0 0 0 0 0 0
 0 0 0 0 0 0 0 0 0 0 0 0 0 0 0 0 0 0 0 0 0 0 0 0 0 0
 0 0 0 0 0 0 0 0 0 0 0 0 0 0 0 0 0 0 0 0 0 0 0 0 0 0
 0 0 0 0 0 0 0 0 0 0 0 0 0 0 0 0 0 0 0 0 0 0 0 0 0 0
ppred_pel_tallas
 1.23147e-16 1.61655e-05 0.000157134 0.00104421 0.00474684 0.0147693 0.0314682 0.0459326 0.0459508 0.0315579 0.0150728 0.00563406 0.00331146 0.00523961 0.0100585 0.0176198 0.0277486 0.039831 0.0530857 0.0669123 0.0807588 0.0935148 0.103105 0.106967 0.103301 0.0921963
 1.46544e-16 2.81078e-05 0.000273217 0.00181563 0.00825358 0.02568 0.0547145 0.0798604 0.0798746 0.0547839 0.0259136 0.00893236 0.00353508 0.00408056 0.00742369 0.0126815 0.0193892 0.0269023 0.0347523 0.0431676 0.0530665 0.0652922 0.0795645 0.0939583 0.105364 0.110692
 1.03834e-16 7.83485e-05 0.000761575 0.00506094 0.0230063 0.0715811 0.152511 0.222595 0.222597 0.15252 0.0716106 0.0230917 0.00527588 0.00123308 0.000980915 0.00151741 0.00222812 0.00291592 0.00345036 0.00380359 0.00407837 0.00444477 0.00502293 0.00579615 0.00660781 0.00723158
 1.01397e-16 5.76372e-05 0.000560254 0.00372309 0.0169246 0.052659 0.112197 0.16376 0.163788 0.112332 0.0531129 0.0182351 0.0070097 0.00772573 0.0136391 0.0223863 0.0320777 0.0399938 0.0434102 0.041083 0.0340146 0.0248284 0.0162651 0.00994845 0.00611946 0.00415019
 1.02983e-16 5.47888e-05 0.000532567 0.00353909 0.0160882 0.0500566 0.106652 0.155666 0.15569 0.106769 0.05045 0.0172254 0.00639689 0.00678236 0.0119568 0.0197644 0.0286593 0.0364361 0.0408602 0.0408594 0.0371029 0.0314444 0.0257201 0.0208737 0.0169235 0.0134965
 1.00099e-16 8.18049e-05 0.000795173 0.0052842 0.0240212 0.074739 0.159239 0.232414 0.232415 0.159242 0.0747466 0.0240434 0.00533991 0.000917011 0.000313854 0.000391099 0.000559441 0.00071172 0.000800132 0.000804471 0.000738809 0.000639959 0.000543402 0.000465783 0.00040439 0.000348414
 1.00443e-16 1.96033e-05 0.000190552 0.00126629 0.0057564 0.0179107 0.0381633 0.0557157 0.0557885 0.0385191 0.0191049 0.00920366 0.00991108 0.0190346 0.0357266 0.0588191 0.0842289 0.104867 0.113526 0.106889 0.0875721 0.0624966 0.0389456 0.0213127 0.0103828 0.00464916
 1.15192e-16 2.43927e-05 0.000237105 0.00157565 0.00716269 0.0222859 0.0474831 0.0693069 0.0693259 0.047576 0.0226 0.00807936 0.0039123 0.0054557 0.010279 0.0178464 0.0277719 0.0391999 0.0510886 0.0626547 0.0733535 0.0823396 0.0880485 0.0885739 0.0827457 0.0710732
 1.08909e-16 6.89478e-05 0.000670197 0.00445369 0.0202458 0.0629924 0.134212 0.195888 0.195893 0.134238 0.0630785 0.0204955 0.00508385 0.00205743 0.00273895 0.00451591 0.00673805 0.00900708 0.0109997 0.0126517 0.0142113 0.0160282 0.0182235 0.0204988 0.0222319 0.0227782
 1.0044e-16 7.99442e-05 0.000777087 0.00516401 0.0234749 0.073039 0.155617 0.227129 0.227131 0.155629 0.0730793 0.0235911 0.00545573 0.00141342 0.00128706 0.00199767 0.00286191 0.00358275 0.00391887 0.00376417 0.0032098 0.0024864 0.00182958 0.00137074 0.00111577 0.000994236
 1.00082e-16 7.7181e-05 0.000750227 0.00498552 0.0226635 0.0705144 0.150239 0.219279 0.219285 0.150268 0.0706114 0.0229434 0.0056877 0.0022811 0.00297874 0.00478693 0.00685209 0.00854028 0.00926345 0.00875241 0.00721731 0.00521506 0.00333015 0.00191299 0.00102403 0.000541972
 1.00139e-16 7.64532e-05 0.000743153 0.00493851 0.0224498 0.0698496 0.148822 0.217212 0.217218 0.148854 0.0699567 0.0227591 0.00571458 0.0024357 0.00328614 0.00529906 0.0075963 0.00948917 0.0103323 0.0098285 0.00820372 0.00606046 0.00402808 0.00247974 0.00147663 0.000890227
 1.00328e-16 7.02172e-05 0.000682536 0.00453569 0.0206186 0.0641522 0.136684 0.199496 0.19951 0.136749 0.064371 0.0212504 0.00612058 0.00413924 0.00662588 0.0108184 0.0155198 0.0193941 0.02113 0.0201215 0.0168292 0.0124805 0.00835559 0.00521144 0.00316918 0.00196526
 1.00504e-16 7.2867e-05 0.000708293 0.00470686 0.0213967 0.0665731 0.141841 0.207024 0.207034 0.141889 0.0667328 0.021858 0.00586456 0.00323512 0.00487037 0.00793249 0.0114102 0.0143264 0.0157359 0.0151985 0.0130336 0.0100988 0.00727759 0.00507604 0.00355932 0.00254458
 1.00319e-16 7.54678e-05 0.000733574 0.00487486 0.0221604 0.0689493 0.146904 0.214412 0.214419 0.14694 0.0690692 0.0225068 0.00574404 0.0026299 0.00367364 0.00594512 0.00853616 0.0106902 0.0116911 0.0112086 0.00949083 0.00719894 0.00501791 0.00334549 0.00223687 0.00154644
 1.00034e-16 8.13558e-05 0.000790807 0.00525519 0.0238893 0.0743286 0.158365 0.231139 0.23114 0.15837 0.0743467 0.0239415 0.00538614 0.00107643 0.000623099 0.000899476 0.00128338 0.00160426 0.0017494 0.0016686 0.0013998 0.00104403 0.000706501 0.000449119 0.000281417 0.000181457
 1.00424e-16 2.49969e-05 0.000242979 0.00161468 0.00734016 0.0228383 0.0486619 0.0710373 0.0711036 0.0489857 0.0239252 0.0104775 0.00948265 0.0173946 0.0325276 0.0535477 0.0766949 0.0955186 0.103464 0.0975116 0.0800314 0.0573022 0.0359273 0.0198859 0.00988703 0.00457229
 1.00298e-16 8.112e-05 0.000788515 0.00523996 0.0238201 0.0741132 0.157906 0.230468 0.230469 0.157908 0.0741216 0.0238447 0.00530243 0.000927108 0.000350812 0.000468379 0.000705741 0.000967788 0.00121514 0.00142586 0.00159472 0.0017193 0.00178388 0.00176021 0.00162696 0.00139065
 1.00463e-16 5.18231e-05 0.000503739 0.00334752 0.0152174 0.0473471 0.100879 0.147244 0.147279 0.101051 0.0479242 0.0168832 0.00752496 0.00961001 0.0173078 0.0284303 0.0407133 0.0507013 0.0549139 0.0517537 0.0424884 0.030462 0.0191861 0.0107687 0.00556955 0.00284236
 1.01332e-16 7.16424e-05 0.00069639 0.00462775 0.0210371 0.0654543 0.139458 0.203544 0.203553 0.139499 0.065593 0.0214383 0.00563688 0.00290642 0.00428959 0.00703171 0.0102459 0.0131381 0.0149381 0.0152683 0.0143311 0.0127109 0.0109664 0.0093548 0.00785251 0.0063576
 1.0098e-16 6.92214e-05 0.000672856 0.00447137 0.0203262 0.0632424 0.134745 0.196667 0.196681 0.134812 0.0634663 0.0209726 0.00609341 0.00421186 0.00678476 0.0110923 0.0159378 0.0199706 0.0218654 0.0210142 0.0178891 0.0137282 0.00980458 0.00684259 0.00491645 0.00372271
 1.00459e-16 7.57215e-05 0.00073604 0.00489124 0.0222349 0.069181 0.147398 0.215133 0.215139 0.14743 0.0692909 0.0225523 0.00568809 0.00247546 0.00337884 0.00546501 0.00786236 0.0098801 0.0108685 0.0105262 0.00907257 0.00709517 0.00519673 0.00371878 0.00269986 0.00200992
 1.02234e-16 2.10737e-05 0.000204844 0.00136126 0.00618814 0.019254 0.0410251 0.0598913 0.0599579 0.0413507 0.0203471 0.0093444 0.0092795 0.0174758 0.0327784 0.0540421 0.0775791 0.0969892 0.105755 0.100861 0.0846097 0.0631212 0.0427646 0.0272818 0.0172363 0.0112804
 1.02512e-16 7.39898e-05 0.000719207 0.00477938 0.0217264 0.0675989 0.144027 0.210212 0.210215 0.144041 0.0676469 0.0218664 0.00513567 0.00151272 0.00162705 0.00269255 0.00414986 0.00579667 0.00746014 0.00902834 0.0104518 0.011658 0.0124702 0.0126366 0.0119728 0.0105028
 1.01577e-16 6.53948e-05 0.000635661 0.00422419 0.0192026 0.0597464 0.127297 0.185797 0.185815 0.127385 0.0600426 0.0200577 0.00636918 0.00531345 0.00893561 0.0146334 0.0209923 0.026232 0.0285928 0.0272802 0.0229536 0.017308 0.0120881 0.00828821 0.00599558 0.00474935
 1.04073e-16 3.74591e-05 0.000364116 0.00241968 0.0109996 0.0342239 0.0729193 0.106437 0.10648 0.0731292 0.0349288 0.0130359 0.00753303 0.0115326 0.0212655 0.0351407 0.050717 0.0639775 0.0708293 0.0693477 0.0608787 0.049053 0.0375571 0.0284218 0.0218191 0.0169526
 1.02484e-16 7.3087e-05 0.000710431 0.00472107 0.0214613 0.0667741 0.142269 0.207647 0.207653 0.142296 0.0668629 0.0217186 0.00537011 0.00213744 0.00281299 0.00461258 0.00681932 0.00895577 0.0105787 0.0114713 0.0117327 0.0116364 0.0113825 0.0109642 0.0102387 0.00910053
 1.01043e-16 7.06316e-05 0.000686565 0.00456246 0.0207403 0.0645308 0.13749 0.200674 0.200686 0.137551 0.0647335 0.0213255 0.00603066 0.00388906 0.00614518 0.0100279 0.0143935 0.018007 0.0196648 0.0188197 0.0159127 0.0120874 0.00852157 0.00588742 0.00425015 0.00331268
 1.03549e-16 2.64698e-05 0.000257296 0.00170983 0.00777266 0.0241839 0.0515285 0.0752193 0.0752764 0.0518074 0.0251203 0.0104772 0.00849766 0.0150724 0.0281545 0.0464797 0.0668954 0.0839936 0.0922607 0.0891251 0.0764712 0.0593409 0.0429243 0.030186 0.0214897 0.0157294
 1.14591e-16 3.46414e-05 0.000336727 0.00223767 0.0101721 0.0316494 0.0674331 0.0984248 0.098445 0.067532 0.0319828 0.0111412 0.004693 0.00577237 0.0105795 0.0180133 0.0272924 0.0371293 0.0461417 0.0535585 0.0594 0.0639048 0.0667766 0.0670449 0.0637114 0.0565926
 1.01956e-16 7.86605e-05 0.000764608 0.00508109 0.0230979 0.0718661 0.153118 0.223481 0.223483 0.153128 0.0718994 0.0231941 0.00532333 0.00129593 0.00109535 0.00170702 0.00250205 0.0032583 0.00381382 0.00411102 0.00422918 0.00432065 0.00449507 0.00474268 0.00494743 0.00496503
pSPR Fmed_Fpbrs
0.253229   0.228479 0.228479
Fs Fmed_Fpbrs
0.919396   1.005 1.005
SSBpbr Bo_Bmed_Bpbrs
1.42842e+06  290296  254944 254944
Ro
67918.9
SPR SPRFo_SPRFmed_SPRFpbrs
485480 122937 110922
Fref
1.005
Nvult_r0
 87262.6 2245.07 939.853 1498.88 217.774
CTP_r0
 38437.9 1154.76 487.723 778.187 113.066
YTP_r0
391040
Np
 97673.6 17547 328.272 134.375 240.789
Nvult_p0
 80404.4 15138.1 284.021 116.279 208.364
CTP_p0
 34000.4 7514.63 142.292 58.2829 104.442
YTP_p0
 385416
CBA_c0
389352
log_Ro
10.9461
likeval ReclasPelacesDesembMPH_pf_preclas_ppelaces_ptallas_desvR_qrecl_qpela
 13.9726 20.0165 0.158553 0.000930304 283.867 117.035 111.505 0 54.8143 7.31068e-05 0.000130034 0.00620606 0 0 0
q_reclas_q_pelaces
3.35888 5.06493
M
1
N
 26978.6 23755.1 72686.9 9469.49 0.117022
 17412.5 7992.94 6530.97 19876.3 2588.72
 154759 3275.88 1192.9 958.568 3294.28
 56881.5 29076.6 488.028 174.765 622.477
 14063.8 6730.18 2325.3 37.9411 61.8829
 309736 1482.82 460.895 154.361 6.61525
 23055.9 82715.6 354.526 109.319 38.1655
 6215.52 3834.23 10457.2 43.9428 18.2608
 20368.4 1759.66 991.629 2686.9 15.9771
 45047.4 1815.94 96.163 52.3117 142.316
 38970.5 2557.87 54.0859 2.7339 5.5189
 112693 9836.96 566.911 11.8754 1.81108
 79394.9 15356.9 951.331 53.4866 1.28956
 67203.7 10945.1 1508.44 91.1884 5.2436
 42914.8 4919.09 458.741 60.7314 3.87407
 269045 3498.12 238.292 21.4039 3.00828
 17238.8 45543.1 452.92 30.2622 3.09702
 476895 2569.49 4969.01 48.3168 3.55439
 164226 109608 502.018 959.522 10.0101
 227574 25680.7 12755.7 57.1913 110.325
 203236 37888.3 3251.52 1583.46 20.7724
 434232 36177.8 5249.03 442.394 218.057
 27226 78183.1 5089.51 725.413 91.1853
 168483 5592.72 13133 842.606 135.088
 160800 38955.6 1101.51 2556.85 190.228
 37252.4 37298.8 7705.7 215.398 536.854
 134068 8697.58 7443.07 1520.38 148.33
 201331 29496.4 1602.31 1353.76 303.299
 30358.4 54855.9 7245.25 390.647 403.83
 15096 8219.05 13359.3 1751.04 191.93
 104810 2573.34 1074.23 1712.93 248.871
pred_Ctot
 3378.69 3884.95 12081.6 1575.32 0.0194684
 5674.6 3225.15 2668.4 8126.35 1058.43
 50510.8 1323.62 488.052 392.438 1348.73
 26654.3 16161.3 273.882 98.1282 349.522
 6988.56 3931.03 1370.53 22.3733 36.4922
 55075.7 339.785 107.239 35.9452 1.54052
 8506.97 37319.2 161.829 49.9312 17.4325
 924.864 740.671 2052.21 8.63095 3.58683
 10877.9 1091.23 620.053 1680.82 9.9949
 27677.3 1260.44 67.1873 36.5619 99.4698
 7971.03 669.576 14.3691 0.72689 1.46743
 48499.6 5081.91 295.943 6.20269 0.945983
 33906.1 7880.56 493.334 27.7521 0.66912
 38462.8 7180.59 997.041 60.297 3.46733
 23694 3134.64 294.645 39.0235 2.48937
 97672.1 1555.57 107.22 9.63677 1.35447
 6962.66 22259.8 223.811 14.9627 1.53133
 117499 801.279 1571.43 15.2913 1.12494
 63878.4 51824 240.049 459.085 4.78949
 83883.8 11576.1 5817.33 26.0987 50.3475
 70264.8 16126.4 1400.81 682.623 8.95518
 148382 15237.1 2237.87 188.732 93.0296
 7964.74 28585.6 1885.47 268.924 33.8053
 41077.5 1727.02 4112.89 264.078 42.339
 38981 11965.4 343.134 797.088 59.3049
 8925.05 11331.1 2374.27 66.418 165.546
 35505.2 2900.85 2516.61 514.435 50.1909
 33823 6401.87 353.18 298.639 66.9105
 5195.33 12118.4 1625.41 87.7102 90.674
 5444.6 3633.6 5976.29 783.822 85.9166
 38437.9 1154.76 487.723 778.187 113.066
F
 0.216486 0.291243 0.296634 0.296923 0.296938
 0.670599 0.902169 0.918869 0.919766 0.919813
 0.671937 0.90397 0.920703 0.921601 0.921648
 1.13437 1.52609 1.55434 1.55585 1.55593
 1.24966 1.68119 1.71231 1.71398 1.71406
 0.320311 0.430921 0.438898 0.439326 0.439348
 0.793952 1.06812 1.08789 1.08895 1.08901
 0.261928 0.352376 0.358899 0.359249 0.359267
 1.41738 1.90683 1.94213 1.94402 1.94412
 1.86854 2.51378 2.56032 2.56281 2.56295
 0.376658 0.506726 0.516106 0.516609 0.516635
 0.993102 1.33604 1.36077 1.3621 1.36217
 0.981544 1.32049 1.34493 1.34625 1.34631
 1.61461 2.17216 2.21237 2.21453 2.21464
 1.50699 2.02738 2.06491 2.06693 2.06703
 0.776222 1.04427 1.0636 1.06463 1.06469
 0.903457 1.21544 1.23794 1.23915 1.23921
 0.470391 0.632826 0.64454 0.645169 0.645202
 0.855507 1.15093 1.17224 1.17338 1.17344
 0.792836 1.06662 1.08636 1.08742 1.08748
 0.725924 0.976599 0.994677 0.995647 0.995698
 0.714524 0.961263 0.979057 0.980012 0.980062
 0.582707 0.783927 0.798438 0.799217 0.799258
 0.464413 0.624784 0.63635 0.63697 0.637003
 0.461202 0.620464 0.631949 0.632565 0.632598
 0.45467 0.611676 0.622999 0.623606 0.623638
 0.514076 0.691596 0.704399 0.705086 0.705122
 0.300242 0.403922 0.411399 0.4118 0.411821
 0.306618 0.412499 0.420134 0.420544 0.420566
 0.769224 1.03485 1.05401 1.05504 1.05509
 0.787262 1.05912 1.07872 1.07978 1.07983
nmprior
 8.19 8.8 8.5 0
nm_flota  nm_reclas  nm_pelaces    nm_pelaL
inf 22.8001 7.67541 14.1459
cv_recla  cv_pelaces  cv_mph
0.338114 0.507302 0.941278
 ------------------------------------------------
Talla a la edad & desviaci?n 
 8 13.2811 15.8009 17.003 17.5766
 0.8 1.32811 1.58009 1.7003 1.75766
