years
 1991 1992 1993 1994 1995 1996 1997 1998 1999 2000 2001 2002 2003 2004 2005 2006 2007 2008 2009 2010 2011 2012 2013 2014 2015 2016 2017 2018 2019 2020 2021
reclasobs
 0 0 0 0 0 0 0 0 0 252601 567819 844713 477998 351125 339783 2.1784e+06 2.13404e+06 4.81314e+06 1.55562e+06 2.62356e+06 3.21686e+06 3.843e+06 1.13348e+06 3.07943e+06 1.97215e+06 2.03268e+06 2.025e+06 2.42433e+06 2.27542e+06 1.05018e+06 2.36338e+06
reclaspred
 1.11255e+06 899669 408294 107708 17752.7 472017 288804 56082 187104 114068 195369 418816 410879 279810 266670 735845 1.20909e+06 1.34975e+06 2.08342e+06 1.74025e+06 1.95415e+06 1.50101e+06 1.32491e+06 1.90483e+06 1.70584e+06 1.07789e+06 1.17735e+06 1.5256e+06 1.64104e+06 665313 876069
pelacesobs
 0 0 0 0 0 0 0 0 0 0 0 0 0 0 0 552880 188675 0 991730 2.46772e+06 1.41603e+06 1.21717e+06 2.29649e+06 1.80582e+06 0 1.4828e+06 1.56532e+06 1.57751e+06 1.42118e+06 867257 1.10002e+06
pelacespred
 401972 372564 176485 25090.1 3320.51 206527 87432.9 20859.9 77135.4 35371.5 88208.9 160673 167887 120927 122677 292006 483744 554204 1.0244e+06 840467 763316 691650 571151 954913 864692 530310 647367 830113 734882 350994 438428
mphobs
 0 0 0 0 0 0 0 0 0 0 0 498337 0 5186 125008 0 168611 109162 213762 579715 649985 157893 87575 83554 0 0 0 0 0 0 0
mphpred
 590393 1.02803e+06 434014 190727 16543.1 8352.39 462381 81548.7 18302.1 167276 33225.3 248582 343832 225139 156185 208868 863267 999422 851382 2.02922e+06 1.28679e+06 1.15561e+06 1.33112e+06 810998 1.76247e+06 1.11916e+06 618279 976098 1.58993e+06 874584 317756
desembarqueobs
 494567 514787 250237 358949 120608 361735 552515 73892 212993 205616 52469 317467 293654 387597 252695 516296 358380 742168 942051 627588 828172 859565 418607 520667 417249 300574 415391 372974 316634 284311 391294
desembarquepred
 494660 517497 249072 356739 121165 361380 551776 73981.8 212951 206182 52558.1 315967 293524 387296 253120 515999 358643 741652 940993 626814 826100 857473 418678 521344 417626 299838 415222 373082 316468 283087 390235
Reclutas
 392944 4067.37 84546 13261.2 27488.3 285278 1476.33 762.112 70803.3 4941.39 107615 157889 82737.6 82532.1 75723.6 445388 147100 261574 1.0281e+06 21042.6 283294 630130 12382.2 429657 165495 42132.8 300450 327540 24309.3 7816.34 277460
log_desv_Rt
 1.75535 -2.81532 0.218982 -1.63347 -0.904553 1.43515 -3.82875 -4.48998 0.0415904 -2.62067 0.460243 0.843579 0.197359 0.194873 0.108775 1.88063 0.7728 1.3484 2.71716 -1.17177 1.42817 2.22761 -1.70206 1.84467 0.890629 -0.477488 1.48697 1.5733 -1.02746 -2.1621 1.40736
SSB
 590393 1.02803e+06 434014 190727 16543.1 8352.39 462381 81548.7 18302.1 167276 33225.3 248582 343832 225139 156185 208868 863267 999422 851382 2.02922e+06 1.28679e+06 1.15561e+06 1.33112e+06 810998 1.76247e+06 1.11916e+06 618279 976098 1.58993e+06 874584 317756
BT
 1.6834e+06 1.32355e+06 691939 362069 105955 1.2662e+06 692919 121319 535115 269249 417265 814972 770140 839697 717483 1.608e+06 1.66229e+06 2.344e+06 4.87291e+06 2.5692e+06 2.9961e+06 3.05061e+06 1.70074e+06 4.08541e+06 2.60932e+06 1.62212e+06 2.83815e+06 3.21935e+06 1.99389e+06 1.13126e+06 2.11887e+06
Ftot
 0.414486 0.523229 0.555547 2.25295 4.07037 0.709492 1.49355 1.10643 1.03142 1.43621 0.254895 0.685225 0.646507 1.19253 0.854448 0.646967 0.278312 0.505055 0.42218 0.334867 0.392589 0.526392 0.295041 0.258381 0.230378 0.260869 0.331181 0.231056 0.182094 0.393128 0.416972
BD_Bspro_t
 0.935833 0.709995 0.428588 0.267936 0.0366803 0.0282717 0.466336 0.120074 0.0450998 0.311546 0.117803 0.590471 0.512313 0.366351 0.27815 0.341135 0.571985 0.576647 0.515408 0.662505 0.503584 0.487194 0.553249 0.474545 0.680394 0.635138 0.562957 0.683199 0.759238 0.637293 0.449081
BD_Bspro
 1.2161 2.11756 0.893991 0.392863 0.0340759 0.0172044 0.952422 0.167976 0.037699 0.344559 0.0684381 0.512034 0.708232 0.463745 0.321712 0.43023 1.77817 2.05863 1.75369 4.17983 2.65055 2.38034 2.74186 1.67051 3.63036 2.30527 1.27354 2.01059 3.27498 1.80148 0.65452
BD_Bo
 0.36558 0.636572 0.268748 0.118101 0.0102438 0.00517192 0.286313 0.0504961 0.0113329 0.10358 0.0205736 0.153926 0.212906 0.139409 0.0967119 0.129334 0.534547 0.618857 0.527188 1.25652 0.796799 0.715569 0.824246 0.502181 1.09134 0.693002 0.382847 0.604414 0.98451 0.541555 0.196759
BD_Brms
 1.55188 2.70224 1.14083 0.501336 0.0434845 0.0219547 1.21539 0.214355 0.048108 0.439694 0.0873345 0.653411 0.903781 0.591789 0.41054 0.54902 2.26914 2.62703 2.2379 5.33392 3.38239 3.03758 3.49891 2.13175 4.63274 2.94178 1.62518 2.56572 4.17922 2.29889 0.835238
Sel_flota
 0.5 1 1 1 1
 0.5 1 1 1 1
 0.5 1 1 1 1
 0.5 1 1 1 1
 0.5 1 1 1 1
 0.5 1 1 1 1
 0.5 1 1 1 1
 0.5 1 1 1 1
 0.5 1 1 1 1
 0.5 1 1 1 1
 0.5 1 1 1 1
 0.5 1 1 1 1
 0.5 1 1 1 1
 0.5 1 1 1 1
 0.5 1 1 1 1
 0.5 1 1 1 1
 0.5 1 1 1 1
 0.5 1 1 1 1
 0.5 1 1 1 1
 0.5 1 1 1 1
 0.5 1 1 1 1
 0.5 1 1 1 1
 0.5 1 1 1 1
 0.5 1 1 1 1
 0.5 1 1 1 1
 0.5 1 1 1 1
 0.5 1 1 1 1
 0.5 1 1 1 1
 0.5 1 1 1 1
 0.5 1 1 1 1
 0.5 1 1 1 1
Sel_reclas
 0.5 1 1 1 1
 0.5 1 1 1 1
 0.5 1 1 1 1
 0.5 1 1 1 1
 0.5 1 1 1 1
 0.5 1 1 1 1
 0.5 1 1 1 1
 0.5 1 1 1 1
 0.5 1 1 1 1
 0.5 1 1 1 1
 0.5 1 1 1 1
 0.5 1 1 1 1
 0.5 1 1 1 1
 0.5 1 1 1 1
 0.5 1 1 1 1
 0.5 1 1 1 1
 0.5 1 1 1 1
 0.5 1 1 1 1
 0.5 1 1 1 1
 0.5 1 1 1 1
 0.5 1 1 1 1
 0.5 1 1 1 1
 0.5 1 1 1 1
 0.5 1 1 1 1
 0.5 1 1 1 1
 0.5 1 1 1 1
 0.5 1 1 1 1
 0.5 1 1 1 1
 0.5 1 1 1 1
 0.5 1 1 1 1
 0.5 1 1 1 1
Sel_pelaces
 0.5 1 1 1 1
 0.5 1 1 1 1
 0.5 1 1 1 1
 0.5 1 1 1 1
 0.5 1 1 1 1
 0.5 1 1 1 1
 0.5 1 1 1 1
 0.5 1 1 1 1
 0.5 1 1 1 1
 0.5 1 1 1 1
 0.5 1 1 1 1
 0.5 1 1 1 1
 0.5 1 1 1 1
 0.5 1 1 1 1
 0.5 1 1 1 1
 0.5 1 1 1 1
 0.5 1 1 1 1
 0.5 1 1 1 1
 0.5 1 1 1 1
 0.5 1 1 1 1
 0.5 1 1 1 1
 0.5 1 1 1 1
 0.5 1 1 1 1
 0.5 1 1 1 1
 0.5 1 1 1 1
 0.5 1 1 1 1
 0.5 1 1 1 1
 0.5 1 1 1 1
 0.5 1 1 1 1
 0.5 1 1 1 1
 0.5 1 1 1 1
pf_obs 
 0.8446 0.082 0.0669 0.0065 0
 0.8095 0.147 0.0364 0.0071 0
 0.9664 0.0169 0.016 0.0007 0
 0.9276 0.0648 0.0075 0.0001 0
 0.7033 0.2144 0.0806 0.0017 0
 0.9318 0.0425 0.0243 0.0014 0
 0.5671 0.3108 0.0964 0.0239 0.0018
 0.0768 0.2599 0.5324 0.112 0.0189
 0.490249 0.384438 0.106611 0.0170017 0.00170017
 0.7925 0.1577 0.0466 0.003 0.0002
 0.840416 0.127587 0.0312969 0.00059994 9.999e-05
 0.8084 0.0986 0.0794 0.0134 0.0002
 0.7335 0.1905 0.0724 0.0035 0.0001
 0.4001 0.4547 0.1325 0.0127 0
 0.49795 0.308269 0.164784 0.0264974 0.00249975
 0.9179 0.0499 0.0305 0.0017 0
 0.2467 0.6533 0.0926 0.0074 0
 0.9418 0.0223 0.034 0.0019 0
 0.707729 0.231977 0.0356964 0.0245975 0
 0.517169 0.277429 0.184464 0.0207286 0.00020938
 0.811772 0.124168 0.05621 0.00726502 0.000585176
 0.764997 0.148141 0.077277 0.00933861 0.000247198
 0.163321 0.427699 0.378323 0.0303852 0.000271297
 0.753843 0.0900009 0.118128 0.0371064 0.000921714
 0.721811 0.176058 0.0630433 0.0369309 0.00215725
 0.143369 0.312575 0.442814 0.0836902 0.0175525
 0.692698 0.0596174 0.167031 0.0765114 0.00414204
 0.394062 0.376323 0.152708 0.0712218 0.00568511
 0.125707 0.32114 0.495352 0.0537591 0.00404204
 0.23352 0.215282 0.420074 0.123614 0.00750983
 0.774587 0.0839891 0.0768558 0.0609784 0.00358967
pf_pred 
 0.81834 0.114831 0.0422441 0.0155407 0.00904434
 0.0171482 0.89522 0.0553942 0.0203784 0.0118597
 0.616466 0.0150908 0.335593 0.0207657 0.0120852
 0.238085 0.603603 0.00622908 0.138524 0.01356
 0.889541 0.0639613 0.0368361 0.000380143 0.00928122
 0.991859 0.00803707 6.04153e-05 3.47939e-05 9.12574e-06
 0.0126798 0.984082 0.00319657 2.40289e-05 1.74681e-05
 0.0679964 0.0377261 0.891345 0.00289533 3.75864e-05
 0.978533 0.00370247 0.000719089 0.0169897 5.59037e-05
 0.167355 0.826132 0.00112329 0.000218164 0.00517146
 0.961666 0.0150508 0.0231009 3.14102e-05 0.000150709
 0.716872 0.277993 0.00201603 0.00309432 2.43945e-05
 0.494553 0.435881 0.0683044 0.00049535 0.000766286
 0.619509 0.268274 0.0967726 0.0151647 0.000280103
 0.68682 0.259137 0.0381042 0.0137451 0.00219369
 0.921906 0.0665127 0.0095831 0.00140912 0.000589428
 0.388011 0.591485 0.0174628 0.00251603 0.000524717
 0.639723 0.208782 0.14642 0.00432285 0.000752726
 0.85754 0.114767 0.0160485 0.0112549 0.000390147
 0.033092 0.901059 0.0530481 0.00741802 0.00538265
 0.621956 0.0266051 0.327505 0.0192812 0.00465261
 0.762353 0.18714 0.00355443 0.0437545 0.00319755
 0.031521 0.855052 0.0893204 0.0016965 0.0224098
 0.792643 0.0137664 0.170918 0.0178544 0.00481865
 0.357619 0.572997 0.00460638 0.0571908 0.00758663
 0.182045 0.444882 0.332777 0.00267523 0.0376205
 0.79305 0.0672315 0.0759925 0.0568433 0.00688311
 0.621014 0.338953 0.0130056 0.0147004 0.0123276
 0.0837901 0.71309 0.181664 0.00697044 0.0144858
 0.0772419 0.149312 0.601976 0.153357 0.0181129
 0.910018 0.0142751 0.0122503 0.0493889 0.0140682
pobs_RECLAS
 0 0 0 0 0
 0 0 0 0 0
 0 0 0 0 0
 0 0 0 0 0
 0 0 0 0 0
 0 0 0 0 0
 0 0 0 0 0
 0 0 0 0 0
 0 0 0 0 0
 0 0 0 0 0
 0.991045 0.00858322 0.000360255 1.14367e-05 0
 0.934742 0.0480273 0.0164251 0.00080598 0
 0.827803 0.169806 0.00239088 0 0
 0.941827 0.0461693 0.0120037 0 0
 0.791401 0.0380133 0.147996 0.0225897 0
 0.846168 0.0940531 0.0597789 0 0
 0.134021 0.677848 0.182769 0.00536245 0
 0.80878 0.0450904 0.141981 0.00414843 0
 0.846168 0.0940531 0.0597789 0 0
 0.905697 0.0802665 0.012482 0.00150086 5.37128e-05
 0.989698 0.0102097 9.19794e-05 0 0
 0.975433 0.0193895 0.00387452 0.00125025 5.28907e-05
 0.303575 0.632131 0.0575291 0.00676475 0
 0.966965 0.00978017 0.0227588 0.000495775 0
 0.843318 0.132988 0.00938335 0.0141283 0.000182051
 0.564624 0.303363 0.111486 0.0197234 0.00080311
 0.826376 0.0876187 0.0782897 0.00655872 0.00115652
 0.89761 0.0855135 0.0140674 0.00269457 0.000114338
 0.34875 0.467042 0.161289 0.0227151 0.000203297
 0.318654 0.224769 0.449479 0.00709798 0
 0.937255 0.0296025 0.0250945 0.00804832 0
ppred_RECLAS
 0.821589 0.112777 0.0414884 0.0152627 0.00888256
 0.017651 0.894762 0.0553658 0.020368 0.0118537
 0.623941 0.0147967 0.329052 0.020361 0.0118496
 0.281405 0.569284 0.00587492 0.130648 0.012789
 0.932985 0.0388051 0.0223483 0.000230631 0.00563088
 0.992203 0.0076969 5.78582e-05 3.33213e-05 8.73949e-06
 0.0143126 0.982455 0.00319128 2.39892e-05 1.74392e-05
 0.0732389 0.0375139 0.886331 0.00287905 3.7375e-05
 0.980003 0.00344893 0.000669848 0.0158263 5.20756e-05
 0.184148 0.80947 0.00110063 0.000213764 0.00506716
 0.962119 0.0148729 0.0228279 3.1039e-05 0.000148927
 0.725247 0.26977 0.0019564 0.00300279 2.36729e-05
 0.504199 0.427562 0.0670008 0.000485896 0.000751661
 0.640215 0.253674 0.0915062 0.0143394 0.00026486
 0.69872 0.24929 0.0366563 0.0132228 0.00211034
 0.924641 0.0641826 0.00924739 0.00135976 0.000568779
 0.391266 0.588339 0.0173699 0.00250265 0.000521926
 0.64618 0.205039 0.143796 0.00424538 0.000739235
 0.860268 0.112569 0.0157411 0.0110394 0.000382675
 0.0336408 0.900548 0.053018 0.00741381 0.00537959
 0.626788 0.026265 0.323319 0.0190348 0.00459315
 0.767681 0.182945 0.00347475 0.0427736 0.00312587
 0.0319713 0.854655 0.0892789 0.00169571 0.0223994
 0.794699 0.0136299 0.169223 0.0176774 0.00477087
 0.360152 0.570738 0.00458822 0.0569653 0.00755672
 0.183943 0.44385 0.332005 0.00266902 0.0375332
 0.795792 0.0663405 0.0749854 0.0560899 0.00679189
 0.62361 0.336631 0.0129165 0.0145997 0.0122431
 0.0844405 0.712583 0.181535 0.00696549 0.0144755
 0.0787257 0.149072 0.601008 0.153111 0.0180838
 0.911817 0.0139896 0.0120053 0.0484013 0.0137869
pobs_PELACES
 0 0 0 0 0
 0 0 0 0 0
 0 0 0 0 0
 0 0 0 0 0
 0 0 0 0 0
 0 0 0 0 0
 0 0 0 0 0
 0 0 0 0 0
 0 0 0 0 0
 0 0 0 0 0
 0 0 0 0 0
 0 0 0 0 0
 0 0 0 0 0
 0 0 0 0 0
 0 0 0 0 0
 0 0 0 0 0
 0.505614 0.472636 0.0217494 0 0
 0 0 0 0 0
 0.443492 0.261883 0.143347 0.151278 0
 0.227955 0.32914 0.350689 0.0885471 0.00366901
 0.970185 0.0296113 0.000203453 0 0
 0.997202 0.00247181 0.000326279 0 0
 0.445219 0.490057 0.0546422 0.010081 0
 0.90214 0.0892962 0.00764917 0.000914606 0
 0 0 0 0 0
 0.581667 0.319106 0.0959925 0.00289975 0.000334073
 0.762889 0.0836404 0.116647 0.0363945 0.000428098
 0.88444 0.0763242 0.0277011 0.0115352 0
 0.521256 0.241999 0.230069 0.00667565 0
 0.616807 0.101726 0.260614 0.0208532 0
 0.833518 0.0704572 0.0857862 0.0102388 0
ppred_PELACES
 0.831394 0.106579 0.0392083 0.0144239 0.00839439
 0.019212 0.89334 0.0552779 0.0203356 0.0118348
 0.645193 0.0139605 0.310456 0.0192103 0.01118
 0.362214 0.505265 0.00521426 0.115956 0.0113508
 0.964603 0.0204968 0.0118044 0.000121819 0.00297422
 0.993059 0.00685249 5.15108e-05 2.96657e-05 7.78071e-06
 0.0182394 0.978541 0.00317857 2.38936e-05 1.73697e-05
 0.0866369 0.0369716 0.873517 0.00283742 3.68347e-05
 0.983079 0.00291834 0.000566796 0.0133915 4.40641e-05
 0.222438 0.77148 0.00104898 0.000203732 0.00482935
 0.963623 0.0142827 0.0219219 2.98071e-05 0.000143017
 0.747194 0.248221 0.00180012 0.00276294 2.17819e-05
 0.530829 0.404598 0.0634022 0.000459798 0.00071129
 0.684184 0.222673 0.0803234 0.012587 0.000232492
 0.727544 0.225441 0.0331494 0.0119578 0.00190844
 0.931751 0.0581276 0.008375 0.00123148 0.000515121
 0.402257 0.577717 0.0170563 0.00245746 0.000512503
 0.664993 0.194137 0.13615 0.00401965 0.000699929
 0.868433 0.105991 0.0148213 0.0103943 0.000360313
 0.0354841 0.89883 0.0529169 0.00739967 0.00536933
 0.641813 0.0252077 0.310303 0.0182685 0.00440824
 0.78281 0.171031 0.00324847 0.0399881 0.00292231
 0.0335128 0.853294 0.0891367 0.00169301 0.0223637
 0.801567 0.0131739 0.163562 0.017086 0.00461126
 0.368957 0.562884 0.00452508 0.0561814 0.00745273
 0.190493 0.440287 0.32934 0.0026476 0.037232
 0.804529 0.0635022 0.0717772 0.0536902 0.00650131
 0.632515 0.328666 0.0126109 0.0142543 0.0119534
 0.0867926 0.710753 0.181069 0.0069476 0.0144383
 0.0835608 0.14829 0.597854 0.152307 0.0179889
 0.917194 0.0131365 0.0112732 0.0454497 0.0129461
pobs_pel_tallas
 0 0 0 0 0 0 0 0 0 0 0 0 0 0 0 0 0 0 0 0 0 0 0 0 0 0
 0 0 0 0 0 0 0 0 0 0 0 0 0 0 0 0 0 0 0 0 0 0 0 0 0 0
 0 0 0 0 0 0 0 0 0 0 0 0 0 0 0 0 0 0 0 0 0 0 0 0 0 0
 0 0 0 0 0 0 0 0 0 0 0 0 0 0 0 0 0 0 0 0 0 0 0 0 0 0
 0 0 0 0 0 0 0 0 0 0 0 0 0 0 0 0 0 0 0 0 0 0 0 0 0 0
 0 0 0 0 0 0 0 0 0 0 0 0 0 0 0 0 0 0 0 0 0 0 0 0 0 0
 0 0 0 0 0 0 0 0 0 0 0 0 0 0 0 0 0 0 0 0 0 0 0 0 0 0
 0 0 0 0 0 0 0 0 0 0 0 0 0 0 0 0 0 0 0 0 0 0 0 0 0 0
 0 0 0 0 0 0 0 0 0 0 0 0 0 0 0 0 0 0 0 0 0 0 0 0 0 0
 0 0 0 0 0 0 0 0 0 0 0 0 0 0 0 0 0 0 0 0 0 0 0 0 0 0
 0 0 0 0 0 0 0 0 0 0 0 0 0 0 0 0 0 0 0 0 0 0 0 0 0 0
 0 0 0 0 0 0 0 0 0 0 0 0 0 0 0 0 0 0 0 0 0 0 0 0 0 0
 0.00862536 0 0 0.000197151 0.00414017 0.0128641 0.00837892 0.0270097 0.101434 0.158115 0.152841 0.127902 0.109271 0.109419 0.0830992 0.0579132 0.0238553 0.00714673 0.00463305 0.00128148 0.00103504 0.000492878 0.000147863 0.000147863 4.92878e-05 0
 0 0 0 0 0 0 0 0 0 0 0 0 0 0 0 0 0 0 0 0 0 0 0 0 0 0
 0 0 0 0 0 0 0 0.0054083 0.00873648 0.0413646 0.0450493 0.0745869 0.0622846 0.0627006 0.0613931 0.0827291 0.12552 0.122667 0.0946155 0.0697135 0.0546179 0.0294188 0.0215738 0.0213955 0.0102223 0.00600262
 0 0 0 0 0.00359764 0.0251062 0.0480494 0.140153 0.205849 0.193036 0.1447 0.116669 0.0760912 0.0342217 0.00950174 0.001854 0.000860785 0 0 0 0.000165536 0 0.000143464 0 0 0
 0 0 0 0 0 0 0 0.000145254 0.000435761 0.0275982 0.070085 0.0708112 0.156366 0.174668 0.174014 0.160142 0.0824315 0.0480064 0.0283245 0.00493863 0.00203355 0 0 0 0 0
 0 0 0 0 0 0 0 0 0 0 0 0 0 0 0 0 0 0 0 0 0 0 0 0 0 0
 0 0 1.00437e-05 0.000401748 0.00122533 0.00171747 0.00176769 0.0269171 0.070346 0.194647 0.189555 0.159765 0.064822 0.0314167 0.0384472 0.0292271 0.0345202 0.0313363 0.0194345 0.0106764 0.0143323 0.0359363 0.0279516 0.0138201 0.00172751 0
 0 0.0021121 0.0136068 0.0755702 0.200478 0.177729 0.0527432 0.0373336 0.0318909 0.0142505 0.0149659 0.0166563 0.0217959 0.0798694 0.0677717 0.0528807 0.04013 0.0224614 0.0357745 0.0225083 0.00881397 0.00855152 0.00135912 0.000746735 0 0
 0 0 0 0 5.4009e-05 0.00500934 0.000945158 0.0243581 0.138947 0.33067 0.221406 0.137944 0.0707744 0.0437923 0.0131692 0.00525238 0.0047753 0.00276346 9.45158e-05 9.00151e-06 2.25038e-05 9.00151e-06 4.50075e-06 0 0 0
 0.000866109 0.00284123 0.00948549 0.0512746 0.133035 0.25785 0.225252 0.132002 0.0553304 0.0519788 0.0540692 0.017754 0.00435017 0.00159236 0.00146478 0.000404838 0.000125132 0.000115318 0.000107957 0.000100596 0 0 0 0 0 0
 0 0 0 0 0.00144013 0.00171154 0.00461396 0.0210425 0.0478622 0.0707936 0.0888783 0.103762 0.0637923 0.0337046 0.0602308 0.124433 0.169614 0.0934646 0.0462172 0.0250306 0.0313229 0.00938855 0.002487 0.000210481 0 0
 0 0.00764035 0.051015 0.0998891 0.058973 0.0496711 0.0374665 0.0718981 0.12319 0.153886 0.159021 0.0857701 0.0377988 0.023471 0.0147837 0.00900784 0.00315554 0.000888139 0.00291439 0.00214683 0.00393193 0.00274676 0.000635225 9.99891e-05 0 0
 0 0 0 0 0 0 0 0 0 0 0 0 0 0 0 0 0 0 0 0 0 0 0 0 0 0
 0 0 0 0 0 0 0 0 0 0 0 0 0 0 0 0 0 0 0 0 0 0 0 0 0 0
 0 0 0 0 0 0 0 0 0 0 0 0 0 0 0 0 0 0 0 0 0 0 0 0 0 0
 0 0 0 0 0 0 0 0 0 0 0 0 0 0 0 0 0 0 0 0 0 0 0 0 0 0
 0 0 0 0 0 0 0 0 0 0 0 0 0 0 0 0 0 0 0 0 0 0 0 0 0 0
 0 0 0 0 0 0 0 0 0 0 0 0 0 0 0 0 0 0 0 0 0 0 0 0 0 0
 0 0 0 0 0 0 0 0 0 0 0 0 0 0 0 0 0 0 0 0 0 0 0 0 0 0
ppred_pel_tallas
 1.04026e-16 6.84809e-05 0.000665658 0.00442353 0.0201088 0.0625658 0.133304 0.194563 0.194573 0.133354 0.0627353 0.0205987 0.00565546 0.00336209 0.00521064 0.0085619 0.0124602 0.0159534 0.0181208 0.0185476 0.017555 0.0159381 0.014429 0.0133149 0.0124425 0.0114894
 1.05866e-16 1.58265e-06 1.5384e-05 0.000102236 0.000464804 0.00144664 0.0030854 0.00452125 0.00460725 0.00350552 0.00285696 0.00453685 0.0103182 0.0222991 0.04227 0.0697415 0.100146 0.125272 0.13675 0.130739 0.110263 0.0832478 0.0578934 0.0389395 0.0269574 0.0200192
 1.12782e-16 5.31437e-05 0.000516576 0.00343283 0.0156051 0.0485534 0.103448 0.150986 0.150988 0.103457 0.0485856 0.0157043 0.00370512 0.00118811 0.00155426 0.00307361 0.00579121 0.0101319 0.0164699 0.0248326 0.0345979 0.0443537 0.052136 0.0560714 0.0551401 0.0496239
 1.1383e-16 2.98352e-05 0.000290009 0.00192721 0.00876086 0.0272585 0.058079 0.0847782 0.0848268 0.0583166 0.0280562 0.011064 0.00770598 0.0128974 0.0239529 0.0395052 0.0568173 0.0713169 0.0784331 0.0762231 0.066641 0.0543166 0.0437925 0.0373113 0.0344473 0.0332522
 1.00862e-16 7.94531e-05 0.000772312 0.00513229 0.0233306 0.0725902 0.154661 0.225733 0.225735 0.154671 0.0726229 0.0234253 0.00537055 0.00129471 0.00107822 0.00167411 0.00244448 0.00315884 0.00363975 0.00380502 0.00370542 0.00347476 0.00323238 0.00301904 0.00280524 0.00254406
 1.00008e-16 8.17969e-05 0.000795095 0.00528369 0.0240189 0.0747316 0.159224 0.232392 0.232392 0.159227 0.0747424 0.0240501 0.0053619 0.000965595 0.000404895 0.000538026 0.000762656 0.000949503 0.00102851 0.000969472 0.000796045 0.000570737 0.00035923 0.00020101 0.000102929 5.12051e-05
 1.00348e-16 1.50256e-06 1.46055e-05 9.70633e-05 0.000441294 0.00137353 0.00292994 0.00429605 0.00439015 0.00338959 0.00291629 0.00489442 0.0112642 0.0243565 0.0461251 0.0759735 0.108789 0.13543 0.146581 0.137956 0.112932 0.0804535 0.0499399 0.0270801 0.0129026 0.00547246
 1.25509e-16 7.13617e-06 6.93662e-05 0.000460963 0.00209547 0.00651982 0.0138913 0.0202758 0.0202807 0.0139159 0.00660624 0.0023621 0.00119428 0.00188152 0.00406582 0.00831316 0.0156897 0.0274255 0.0444556 0.0666883 0.0922028 0.116944 0.135495 0.14295 0.137028 0.119181
 1.01368e-16 8.09749e-05 0.000787105 0.00523059 0.0237775 0.0739806 0.157624 0.230056 0.230057 0.157625 0.0739854 0.0237912 0.00526534 0.000864082 0.000230696 0.000263238 0.000397033 0.000558835 0.000741791 0.000961338 0.0012483 0.00162753 0.00208925 0.00257317 0.00297967 0.00320477
 1.01066e-16 1.83221e-05 0.000178097 0.00118352 0.00538016 0.0167401 0.0356692 0.0520758 0.05215 0.0360316 0.0179564 0.00889092 0.00998742 0.0193686 0.0363808 0.0598962 0.0857662 0.106772 0.115576 0.108808 0.089148 0.0636639 0.0397901 0.0220047 0.0110899 0.00547381
 1.00664e-16 7.93723e-05 0.000771527 0.00512707 0.0233069 0.0725165 0.154504 0.225503 0.225505 0.154511 0.0725397 0.0233744 0.00529787 0.00114918 0.000810632 0.00125089 0.00187842 0.00253607 0.00311549 0.00355587 0.00385546 0.00403507 0.00408767 0.00396786 0.00363191 0.00308884
 1.00397e-16 6.15454e-05 0.000598244 0.00397554 0.0180722 0.0562296 0.119804 0.174862 0.174886 0.119921 0.056621 0.019202 0.00680885 0.00677472 0.0117663 0.0192879 0.0276227 0.0344081 0.0372845 0.0351697 0.0289231 0.0208089 0.0132026 0.00752618 0.00401715 0.00216592
 1.021e-16 4.37237e-05 0.00042501 0.00282434 0.0128391 0.0399474 0.0851135 0.124234 0.124273 0.0853041 0.0405873 0.0146873 0.00746382 0.0105533 0.0192797 0.0318042 0.0458079 0.0575898 0.0633894 0.0614407 0.052997 0.0414458 0.0302704 0.0214555 0.0152549 0.0109692
 1.03677e-16 5.63554e-05 0.000547794 0.00364029 0.0165482 0.0514878 0.109701 0.160116 0.160138 0.109806 0.0518415 0.0175709 0.00621097 0.00617183 0.0107731 0.0178137 0.0258715 0.0329819 0.0371627 0.0374709 0.0345094 0.0299145 0.0252718 0.0213407 0.0180493 0.0150035
 1.02537e-16 5.99268e-05 0.00058251 0.00387099 0.017597 0.0547508 0.116653 0.170263 0.170285 0.116759 0.0551073 0.0186269 0.00645648 0.00622732 0.0107824 0.0177361 0.0255567 0.0321669 0.0354901 0.0345704 0.0301342 0.0240835 0.0183435 0.0139637 0.0109934 0.00893918
 1.00468e-16 7.67471e-05 0.000746009 0.00495749 0.022536 0.070118 0.149394 0.218046 0.218052 0.149421 0.0702099 0.0228015 0.0056239 0.00220077 0.00283952 0.00457254 0.00657858 0.00827027 0.00910485 0.00883175 0.00763569 0.00600789 0.00445059 0.00324555 0.00241972 0.00185905
 1.00974e-16 3.31335e-05 0.000322069 0.00214026 0.00972937 0.030272 0.0644997 0.0941508 0.0942064 0.0647712 0.0311833 0.0123602 0.00873884 0.0147095 0.0273063 0.0449561 0.0644422 0.0803724 0.0872735 0.0826213 0.0683799 0.0497551 0.0322006 0.0189718 0.0106142 0.00598989
 1.04501e-16 5.47746e-05 0.000532429 0.00353818 0.0160841 0.0500436 0.106624 0.155625 0.155643 0.106716 0.050354 0.0169829 0.00580236 0.00550134 0.00956801 0.0159292 0.0233996 0.0303725 0.0352045 0.0370646 0.0363128 0.0340436 0.0312208 0.0281567 0.0246638 0.0205625
 1.01559e-16 7.15317e-05 0.000695314 0.00462061 0.0210046 0.0653532 0.139242 0.20323 0.20324 0.139292 0.0655208 0.0214889 0.00583632 0.0033497 0.00511422 0.00834596 0.0120269 0.0151499 0.0167431 0.0163656 0.0143673 0.0116455 0.00909836 0.00719901 0.0059401 0.00505788
 1.03408e-16 2.92296e-06 2.84123e-05 0.000188814 0.000858374 0.00267118 0.00569444 0.00832933 0.00841585 0.00611709 0.00408996 0.00495467 0.0104651 0.0224415 0.0425103 0.0701182 0.100642 0.125789 0.1371 0.130667 0.109501 0.0815779 0.0551994 0.0352419 0.0224283 0.0149681
 1.1154e-16 5.28653e-05 0.000513869 0.00341484 0.0155234 0.048299 0.102906 0.150195 0.150198 0.102921 0.0483489 0.0156736 0.00381496 0.00146357 0.00207956 0.00393491 0.007013 0.0116251 0.0180249 0.0261732 0.0354687 0.0445906 0.0516872 0.0549774 0.0535048 0.0475954
 1.04643e-16 6.4479e-05 0.000626759 0.00416504 0.0189337 0.0589097 0.125514 0.183195 0.183211 0.125594 0.0591798 0.0197135 0.00612168 0.00489589 0.00816647 0.0133858 0.019253 0.0241796 0.026617 0.025907 0.0227066 0.0185737 0.0150344 0.012838 0.0118367 0.0113765
 1.06745e-16 2.76058e-06 2.68339e-05 0.000178325 0.00081069 0.0025228 0.00537812 0.00786676 0.00794895 0.00577969 0.00387098 0.00470397 0.00994826 0.0213456 0.0404639 0.0668195 0.0960877 0.120477 0.132033 0.127077 0.10841 0.083439 0.0598019 0.0418767 0.030176 0.0229554
 1.07218e-16 6.6024e-05 0.000641777 0.00426483 0.0193873 0.0603211 0.128521 0.18758 0.187581 0.128528 0.0603473 0.0194662 0.00447527 0.00114206 0.00113603 0.00208626 0.00372749 0.00620663 0.00967387 0.0141299 0.0192754 0.0244177 0.0285605 0.0307164 0.0303099 0.0274379
 1.0717e-16 3.03906e-05 0.000295408 0.00196309 0.00892396 0.027766 0.0591605 0.0863578 0.086412 0.059425 0.028654 0.0114875 0.00839331 0.0143175 0.0266175 0.0438457 0.0629098 0.0786142 0.0857204 0.0818977 0.0691936 0.0527576 0.0378456 0.0273819 0.0214795 0.0185501
 1.16183e-16 1.56907e-05 0.000152519 0.00101355 0.00460747 0.0143358 0.0305455 0.044591 0.0446338 0.030755 0.0150407 0.0066487 0.0061572 0.0114468 0.0216577 0.0362796 0.0534223 0.0695955 0.0811561 0.086289 0.0858404 0.0822543 0.0775954 0.0723781 0.0659412 0.0576467
 1.08573e-16 6.6268e-05 0.000644149 0.00428059 0.019459 0.0605441 0.128996 0.188274 0.188281 0.129026 0.060647 0.0197576 0.00503613 0.00231324 0.00329499 0.00549888 0.00828826 0.011224 0.0139135 0.016212 0.0182746 0.0203374 0.0224017 0.0241025 0.0248713 0.0242556
 1.03901e-16 5.20995e-05 0.000506426 0.00336538 0.0152985 0.0475996 0.101417 0.148028 0.14806 0.101572 0.0481183 0.0167961 0.00712221 0.00870009 0.0155916 0.0256377 0.0367994 0.0460171 0.0502229 0.0480344 0.0406124 0.0309261 0.0220258 0.0156395 0.0118977 0.00996028
 1.08548e-16 7.14914e-06 6.94922e-05 0.000461804 0.00209933 0.00653217 0.01392 0.0203311 0.0203997 0.0142554 0.00765861 0.00535436 0.00863803 0.0179369 0.0339947 0.0563286 0.0814645 0.103104 0.114782 0.113444 0.10117 0.0835867 0.0663352 0.052421 0.041975 0.0337298
 1.3561e-16 6.88282e-06 6.69035e-05 0.000444598 0.00202109 0.00628843 0.0133987 0.019559 0.0195743 0.0134736 0.0065427 0.0027677 0.00236483 0.0044119 0.00870915 0.0155673 0.0251906 0.0374872 0.0522358 0.0691935 0.0877625 0.106337 0.122011 0.13126 0.131403 0.121923
 1.07078e-16 7.55481e-05 0.000734354 0.00488004 0.022184 0.0690226 0.14706 0.214639 0.21464 0.147066 0.069044 0.0222465 0.00503889 0.00108771 0.00076702 0.00120507 0.00187052 0.00267422 0.00360939 0.00474466 0.0062057 0.00808301 0.0103122 0.0126137 0.0145453 0.0156512
pSPR Fmed_Fpbrs
0.465463   0.285572 0.285572
Fs Fmed_Fpbrs
0.543375   1.005 1.005
SSBpbr Bo_Bmed_Bpbrs
1.61495e+06  670951  380438 380438
Ro
67918.9
SPR SPRFo_SPRFmed_SPRFpbrs
485480 225973 138640
Fref
1.005
Nvult_r0
 194597 1789.6 1535.75 6191.64 1763.66
CTP_r0
 33571.6 526.625 451.926 1822.01 518.992
YTP_r0
390235
Np
 163601 82863.3 572.742 491.502 2462
Nvult_p0
 127188 71704.9 495.617 425.316 2130.46
CTP_p0
 42537 35941.9 248.426 213.188 1067.89
YTP_p0
 947666
CBA_c0
557464
log_Ro
10.9461
likeval ReclasPelacesDesembMPH_pf_preclas_ppelaces_ptallas_desvR_qrecl_qpela
 52.146 54.7061 1.00486 0.00214006 340.604 161.87 131.855 0 139.904 0 0 1.91804 0 0 0
q_reclas_q_pelaces
1 1
M
1
N
 392944 29913.6 11004.6 4048.37 2356.06
 4067.37 117498 7270.53 2674.68 1556.6
 84546 1151.86 25615.4 1585.02 922.447
 13261.2 23559.4 243.129 5406.75 529.262
 27488.3 1581.49 910.801 9.39932 229.485
 285278 1321.25 9.93195 5.71993 1.50022
 1476.33 73605.2 239.09 1.79726 1.30654
 762.112 257.376 6080.96 19.7526 0.256423
 70803.3 161.237 31.3154 739.879 2.43453
 4941.39 15552.1 21.1461 4.10697 97.3535
 107615 886.513 1360.67 1.8501 8.87692
 157889 34852 252.75 387.936 3.05834
 82737.6 41234.8 6461.66 46.8605 72.4914
 82532.1 22030.3 7946.85 1245.3 23.0017
 75723.6 16725.3 2459.33 887.137 141.586
 445388 18171.7 2618.17 384.982 161.036
 147100 118565 3500.47 504.346 105.181
 261574 47085.2 33021.2 974.906 169.758
 1.0281e+06 74753 10453.1 7330.87 254.121
 21042.6 306244 18029.5 2521.17 1829.41
 283294 6547.71 80601.3 4745.25 1145.04
 630130 85643.2 1626.65 20023.9 1463.33
 12382.2 178169 18611.8 353.502 4669.57
 429657 3930.39 48798 5097.53 1375.75
 165495 138906 1116.68 13864.2 1839.15
 42132.8 54258.2 40585.8 326.273 4588.23
 300450 13604.4 15377.2 11502.3 1392.81
 327540 93661.9 3593.8 4062.12 3406.44
 24309.3 107349 27347.8 1049.33 2180.7
 7816.34 8164.63 32917 8385.82 990.445
 277460 2362.34 2027.26 8173.21 2328.1
pred_Ctot
 47284.7 6635.1 2440.92 897.963 522.594
 604.574 31561.8 1952.97 718.458 418.126
 13257.8 324.545 7217.3 446.591 259.905
 6187.22 15686.1 161.878 3599.88 352.389
 17545.8 1261.61 726.577 7.49816 183.068
 55427.3 449.13 3.37615 1.94436 0.509967
 521.125 40444.8 131.376 0.987563 0.717921
 214.016 118.741 2805.47 9.11294 0.118302
 18798.9 71.1292 13.8146 326.394 1.07398
 1694.8 8366.21 11.3755 2.20934 52.3712
 8225.16 128.73 197.583 0.268653 1.28902
 29768.3 11543.7 83.7161 128.492 1.01299
 14830 13070.6 2048.22 14.8539 22.9783
 24581.3 10644.8 3839.82 601.716 11.1142
 17227.5 6499.94 955.769 344.768 55.0244
 79881.5 5763.2 830.359 122.098 51.0729
 12217.6 18624.5 549.862 79.2238 16.5221
 37665.8 12292.7 8620.96 254.522 44.3192
 125818 16838.6 2354.64 1651.33 57.2424
 2078.86 56605 3332.51 466.004 338.141
 32431.6 1387.31 17077.6 1005.41 242.608
 94169.5 23116.5 439.06 5404.76 394.976
 1086.53 29473.7 3078.88 58.4784 772.467
 33264.8 577.735 7172.9 749.295 202.224
 11489.8 18409.6 147.997 1837.46 243.748
 3291.74 8044.34 6017.26 48.3734 680.253
 29377.6 2490.51 2815.05 2105.69 254.977
 22803.9 12446.5 477.571 539.803 452.673
 1347.26 11465.7 2920.96 112.077 232.916
 895.949 1731.91 6982.47 1778.83 210.097
 33571.6 526.625 451.926 1822.01 518.992
F
 0.207243 0.414486 0.414486 0.414486 0.414486
 0.261615 0.523229 0.523229 0.523229 0.523229
 0.277773 0.555547 0.555547 0.555547 0.555547
 1.12648 2.25295 2.25295 2.25295 2.25295
 2.03518 4.07037 4.07037 4.07037 4.07037
 0.354746 0.709492 0.709492 0.709492 0.709492
 0.746777 1.49355 1.49355 1.49355 1.49355
 0.553215 1.10643 1.10643 1.10643 1.10643
 0.515712 1.03142 1.03142 1.03142 1.03142
 0.718107 1.43621 1.43621 1.43621 1.43621
 0.127448 0.254895 0.254895 0.254895 0.254895
 0.342612 0.685225 0.685225 0.685225 0.685225
 0.323253 0.646507 0.646507 0.646507 0.646507
 0.596266 1.19253 1.19253 1.19253 1.19253
 0.427224 0.854448 0.854448 0.854448 0.854448
 0.323484 0.646967 0.646967 0.646967 0.646967
 0.139156 0.278312 0.278312 0.278312 0.278312
 0.252528 0.505055 0.505055 0.505055 0.505055
 0.21109 0.42218 0.42218 0.42218 0.42218
 0.167433 0.334867 0.334867 0.334867 0.334867
 0.196295 0.392589 0.392589 0.392589 0.392589
 0.263196 0.526392 0.526392 0.526392 0.526392
 0.147521 0.295041 0.295041 0.295041 0.295041
 0.129191 0.258381 0.258381 0.258381 0.258381
 0.115189 0.230378 0.230378 0.230378 0.230378
 0.130435 0.260869 0.260869 0.260869 0.260869
 0.165591 0.331181 0.331181 0.331181 0.331181
 0.115528 0.231056 0.231056 0.231056 0.231056
 0.0910468 0.182094 0.182094 0.182094 0.182094
 0.196564 0.393128 0.393128 0.393128 0.393128
 0.208486 0.416972 0.416972 0.416972 0.416972
nmprior
 8.19 8.8 8.5 0
nm_flota  nm_reclas  nm_pelaces    nm_pelaL
inf 6.12388 3.42655 4.95808
cv_recla  cv_pelaces  cv_mph
0.653184 0.838668 1.42764
 ------------------------------------------------
Talla a la edad & desviaci?n 
 8 13.2811 15.8009 17.003 17.5766
 0.8 1.32811 1.58009 1.7003 1.75766
