years
 1991 1992 1993 1994 1995 1996 1997 1998 1999 2000 2001 2002 2003 2004 2005 2006 2007 2008 2009 2010 2011 2012 2013 2014 2015 2016 2017 2018 2019 2020 2021
reclasobs
 0 0 0 0 0 0 0 0 0 252601 567819 844713 477998 351125 339783 2.1784e+06 2.13404e+06 4.81314e+06 1.55562e+06 2.62356e+06 3.21686e+06 3.843e+06 1.13348e+06 3.07943e+06 1.97215e+06 2.03268e+06 2.025e+06 2.42433e+06 2.27542e+06 1.05018e+06 2.36338e+06
reclaspred
 4.97017e+06 2.90184e+06 1.48848e+06 1.77007e+06 2.13076e+06 3.02982e+06 2.25989e+06 1.94559e+06 1.33256e+06 906979 719557 795536 775860 647620 680343 1.36923e+06 1.58595e+06 2.90493e+06 2.57535e+06 2.00429e+06 3.49276e+06 2.78082e+06 2.45624e+06 3.44802e+06 2.75619e+06 2.55122e+06 2.78721e+06 2.76095e+06 2.59466e+06 1.79905e+06 2.50959e+06
pelacesobs
 0 0 0 0 0 0 0 0 0 0 0 0 0 0 0 552880 188675 0 991730 2.46772e+06 1.41603e+06 1.21717e+06 2.29649e+06 1.80582e+06 0 1.4828e+06 1.56532e+06 1.57751e+06 1.42118e+06 867257 1.10002e+06
pelacespred
 2.44794e+06 1.59488e+06 836962 864178 1.02816e+06 1.53534e+06 1.14134e+06 1.08427e+06 760962 500106 418300 376514 393751 354578 388218 651923 719085 1.50747e+06 1.3924e+06 1.00371e+06 1.64657e+06 1.48122e+06 1.25564e+06 1.95378e+06 1.50935e+06 1.36598e+06 1.72666e+06 1.73053e+06 1.27199e+06 984510 1.44287e+06
mphobs
 0 0 0 0 0 0 0 0 0 0 0 498337 0 5186 125008 0 168611 109162 213762 579715 649985 157893 87575 83554 0 0 0 0 0 0 0
mphpred
 4.63444e+06 3.15516e+06 1.64503e+06 917744 1.46248e+06 1.80735e+06 2.23265e+06 1.57289e+06 1.28415e+06 849700 526671 561141 542658 473089 362110 483504 1.17131e+06 1.22756e+06 2.04589e+06 1.62342e+06 1.7914e+06 2.19399e+06 2.03812e+06 1.78764e+06 2.42509e+06 2.01722e+06 1.72992e+06 1.78651e+06 2.34468e+06 1.6813e+06 1.18296e+06
desembarqueobs
 494567 514787 250237 358949 120608 361735 552515 73892 212993 205616 52469 317467 293654 387597 252695 516296 358380 742168 942051 627588 828172 859565 418607 520667 417249 300574 407403 355545 319650 289779 391294
desembarquepred
 494574 512577 251599 358960 120610 361753 552609 73894.7 213047 205676 52471.8 317582 293747 387717 252716 516323 358419 742134 942025 627564 828302 859705 418643 520712 417275 300589 407424 355553 319664 289803 391305
Reclutas
 256715 150249 143937 433958 335814 438683 182608 87384.7 67212.4 82117.9 127443 161702 146241 109348 117846 499264 144171 730368 486879 369855 533315 693786 181635 452831 390294 192823 385813 409494 150946 122525 419930
log_desv_Rt
 0.0879325 -0.44774 -0.490662 0.612914 0.356523 0.623741 -0.252693 -0.989714 -1.25218 -1.05188 -0.612362 -0.374281 -0.474776 -0.765498 -0.690652 0.7531 -0.489032 1.13351 0.727982 0.453076 0.819078 1.08213 -0.258037 0.655484 0.506867 -0.198264 0.495318 0.554888 -0.443112 -0.65172 0.580054
SSB
 4.63444e+06 3.15516e+06 1.64503e+06 917744 1.46248e+06 1.80735e+06 2.23265e+06 1.57289e+06 1.28415e+06 849700 526671 561141 542658 473089 362110 483504 1.17131e+06 1.22756e+06 2.04589e+06 1.62342e+06 1.7914e+06 2.19399e+06 2.03812e+06 1.78764e+06 2.42509e+06 2.01722e+06 1.72992e+06 1.78651e+06 2.34468e+06 1.6813e+06 1.18296e+06
BT
 6.13404e+06 4.23463e+06 2.20852e+06 2.45171e+06 2.56919e+06 4.08586e+06 3.1862e+06 2.66849e+06 2.02541e+06 1.39884e+06 1.07028e+06 1.19566e+06 1.24006e+06 1.28878e+06 1.23535e+06 2.09287e+06 2.0085e+06 4.48381e+06 4.32173e+06 2.98571e+06 4.78351e+06 4.41736e+06 3.37534e+06 5.40092e+06 3.99853e+06 3.56321e+06 4.73238e+06 4.67146e+06 3.25269e+06 2.61886e+06 4.02056e+06
Ftot
 0.090539 0.160467 0.152717 0.168651 0.0486797 0.10144 0.214262 0.0337711 0.14151 0.198481 0.062135 0.331558 0.314851 0.484117 0.299151 0.297746 0.191878 0.208007 0.303362 0.263393 0.19906 0.257335 0.147849 0.125989 0.130032 0.10225 0.12252 0.106719 0.108874 0.142375 0.128201
BD_Bspro_t
 0.985618 0.891742 0.774497 0.710432 0.765743 0.82504 0.814933 0.72239 0.755094 0.71517 0.6745 0.762458 0.637828 0.556045 0.472084 0.540543 0.644068 0.640984 0.695305 0.613157 0.591139 0.635239 0.644815 0.652009 0.743246 0.751951 0.765241 0.792614 0.824234 0.773407 0.733055
BD_Bspro
 2.75775 1.87749 0.978886 0.546108 0.870254 1.07547 1.32855 0.935958 0.764141 0.505618 0.313398 0.333909 0.322911 0.281514 0.215475 0.287712 0.696992 0.730463 1.21741 0.966025 1.06598 1.30554 1.21279 1.06374 1.44306 1.20036 1.0294 1.06307 1.39521 1.00047 0.703928
BD_Bo
 1.96989 1.34111 0.699229 0.390091 0.621632 0.768223 0.948997 0.668565 0.545834 0.361169 0.223864 0.238515 0.230659 0.201089 0.153916 0.205516 0.497869 0.521778 0.869613 0.690043 0.761443 0.932565 0.86631 0.759844 1.0308 0.857427 0.735309 0.759365 0.996615 0.714645 0.502824
BD_Brms
 14.1196 9.6127 5.01186 2.79606 4.45567 5.50639 6.80212 4.79207 3.91238 2.58875 1.60459 1.70961 1.6533 1.44134 1.10323 1.47307 3.56857 3.73994 6.23312 4.94602 5.45779 6.68435 6.20945 5.44634 7.38844 6.14578 5.27048 5.4429 7.14344 5.12236 3.60409
Sel_flota
 0.907989 1 1 1 1
 0.907989 1 1 1 1
 0.907989 1 1 1 1
 0.907989 1 1 1 1
 0.907989 1 1 1 1
 0.907989 1 1 1 1
 0.907989 1 1 1 1
 0.907989 1 1 1 1
 0.907989 1 1 1 1
 0.907989 1 1 1 1
 0.907989 1 1 1 1
 0.907989 1 1 1 1
 0.907989 1 1 1 1
 0.907989 1 1 1 1
 0.907989 1 1 1 1
 0.907989 1 1 1 1
 0.907989 1 1 1 1
 0.907989 1 1 1 1
 0.907989 1 1 1 1
 0.907989 1 1 1 1
 0.907989 1 1 1 1
 0.907989 1 1 1 1
 0.907989 1 1 1 1
 0.907989 1 1 1 1
 0.907989 1 1 1 1
 0.907989 1 1 1 1
 0.907989 1 1 1 1
 0.907989 1 1 1 1
 0.907989 1 1 1 1
 0.907989 1 1 1 1
 0.907989 1 1 1 1
Sel_reclas
 0.732176 0.932241 0.985763 0.997138 0.99943
 0.732176 0.932241 0.985763 0.997138 0.99943
 0.732176 0.932241 0.985763 0.997138 0.99943
 0.732176 0.932241 0.985763 0.997138 0.99943
 0.732176 0.932241 0.985763 0.997138 0.99943
 0.732176 0.932241 0.985763 0.997138 0.99943
 0.732176 0.932241 0.985763 0.997138 0.99943
 0.732176 0.932241 0.985763 0.997138 0.99943
 0.732176 0.932241 0.985763 0.997138 0.99943
 0.732176 0.932241 0.985763 0.997138 0.99943
 0.732176 0.932241 0.985763 0.997138 0.99943
 0.732176 0.932241 0.985763 0.997138 0.99943
 0.732176 0.932241 0.985763 0.997138 0.99943
 0.732176 0.932241 0.985763 0.997138 0.99943
 0.732176 0.932241 0.985763 0.997138 0.99943
 0.732176 0.932241 0.985763 0.997138 0.99943
 0.732176 0.932241 0.985763 0.997138 0.99943
 0.732176 0.932241 0.985763 0.997138 0.99943
 0.732176 0.932241 0.985763 0.997138 0.99943
 0.732176 0.932241 0.985763 0.997138 0.99943
 0.732176 0.932241 0.985763 0.997138 0.99943
 0.732176 0.932241 0.985763 0.997138 0.99943
 0.732176 0.932241 0.985763 0.997138 0.99943
 0.732176 0.932241 0.985763 0.997138 0.99943
 0.732176 0.932241 0.985763 0.997138 0.99943
 0.732176 0.932241 0.985763 0.997138 0.99943
 0.732176 0.932241 0.985763 0.997138 0.99943
 0.732176 0.932241 0.985763 0.997138 0.99943
 0.732176 0.932241 0.985763 0.997138 0.99943
 0.732176 0.932241 0.985763 0.997138 0.99943
 0.732176 0.932241 0.985763 0.997138 0.99943
Sel_pelaces
 0.860909 1 1 1 1
 0.860909 1 1 1 1
 0.860909 1 1 1 1
 0.860909 1 1 1 1
 0.860909 1 1 1 1
 0.860909 1 1 1 1
 0.860909 1 1 1 1
 0.860909 1 1 1 1
 0.860909 1 1 1 1
 0.860909 1 1 1 1
 0.860909 1 1 1 1
 0.860909 1 1 1 1
 0.860909 1 1 1 1
 0.860909 1 1 1 1
 0.860909 1 1 1 1
 0.860909 1 1 1 1
 0.860909 1 1 1 1
 0.860909 1 1 1 1
 0.860909 1 1 1 1
 0.860909 1 1 1 1
 0.860909 1 1 1 1
 0.860909 1 1 1 1
 0.860909 1 1 1 1
 0.860909 1 1 1 1
 0.860909 1 1 1 1
 0.860909 1 1 1 1
 0.860909 1 1 1 1
 0.860909 1 1 1 1
 0.860909 1 1 1 1
 0.860909 1 1 1 1
 0.860909 1 1 1 1
pf_obs 
 0.8446 0.082 0.0669 0.0065 0
 0.8095 0.147 0.0364 0.0071 0
 0.9664 0.0169 0.016 0.0007 0
 0.9276 0.0648 0.0075 0.0001 0
 0.7033 0.2144 0.0806 0.0017 0
 0.9318 0.0425 0.0243 0.0014 0
 0.5671 0.3108 0.0964 0.0239 0.0018
 0.0768 0.2599 0.5324 0.112 0.0189
 0.490249 0.384438 0.106611 0.0170017 0.00170017
 0.7925 0.1577 0.0466 0.003 0.0002
 0.840416 0.127587 0.0312969 0.00059994 9.999e-05
 0.8084 0.0986 0.0794 0.0134 0.0002
 0.7335 0.1905 0.0724 0.0035 0.0001
 0.4001 0.4547 0.1325 0.0127 0
 0.49795 0.308269 0.164784 0.0264974 0.00249975
 0.9179 0.0499 0.0305 0.0017 0
 0.2467 0.6533 0.0926 0.0074 0
 0.9418 0.0223 0.034 0.0019 0
 0.707729 0.231977 0.0356964 0.0245975 0
 0.517169 0.277429 0.184464 0.0207286 0.00020938
 0.811772 0.124168 0.05621 0.00726502 0.000585176
 0.764997 0.148141 0.077277 0.00933861 0.000247198
 0.163321 0.427699 0.378323 0.0303852 0.000271297
 0.753843 0.0900009 0.118128 0.0371064 0.000921714
 0.721811 0.176058 0.0630433 0.0369309 0.00215725
 0.143369 0.312575 0.442814 0.0836902 0.0175525
 0.692698 0.0596174 0.167031 0.0765114 0.00414204
 0.394062 0.376323 0.152708 0.0712218 0.00568511
 0.125707 0.32114 0.495352 0.0537591 0.00404204
 0.23352 0.215282 0.420074 0.123614 0.00750983
 0.774587 0.0839891 0.0768558 0.0609784 0.00358967
pf_pred 
 0.4545 0.0956578 0.42926 0.0205811 7.38584e-07
 0.430822 0.273059 0.051927 0.23302 0.0111726
 0.556871 0.202424 0.115476 0.0219598 0.103269
 0.833648 0.0969119 0.0317207 0.0180956 0.0196239
 0.654067 0.293282 0.0306728 0.0100397 0.0119383
 0.6958 0.205683 0.0835224 0.00873515 0.00625899
 0.448763 0.395212 0.105496 0.0428389 0.00769055
 0.405954 0.282576 0.22331 0.059609 0.0285511
 0.458276 0.232872 0.146915 0.116102 0.0458357
 0.625851 0.181179 0.0829521 0.0523331 0.0576843
 0.74947 0.163007 0.0423827 0.0194048 0.0257361
 0.720247 0.214781 0.0422738 0.0109914 0.0117067
 0.693848 0.227418 0.060448 0.0118976 0.00638818
 0.641923 0.25693 0.0751344 0.0199708 0.00604124
 0.736561 0.176479 0.062396 0.0182465 0.00631708
 0.913135 0.0658372 0.0140868 0.00498054 0.0019607
 0.46438 0.493678 0.0317887 0.00680165 0.00335149
 0.880461 0.0587034 0.0560714 0.00361052 0.00115318
 0.641723 0.319356 0.0191136 0.0182566 0.00155104
 0.624629 0.250506 0.111301 0.00666138 0.00690327
 0.74757 0.164155 0.0589111 0.0261744 0.00318998
 0.748729 0.192802 0.0380228 0.0136455 0.00680161
 0.386944 0.471432 0.108669 0.0214307 0.0115246
 0.744467 0.105287 0.115537 0.0266322 0.0080766
 0.646678 0.269808 0.0344101 0.0377602 0.0113436
 0.479951 0.34842 0.131061 0.016715 0.0238526
 0.733454 0.134728 0.0883151 0.0332205 0.0102828
 0.688863 0.234328 0.0388235 0.0254491 0.012536
 0.416902 0.414209 0.127196 0.0210739 0.0206188
 0.495651 0.22292 0.199915 0.0613907 0.0201228
 0.834615 0.0862827 0.0349626 0.0313547 0.0127845
pobs_RECLAS
 0 0 0 0 0
 0 0 0 0 0
 0 0 0 0 0
 0 0 0 0 0
 0 0 0 0 0
 0 0 0 0 0
 0 0 0 0 0
 0 0 0 0 0
 0 0 0 0 0
 0 0 0 0 0
 0.991045 0.00858322 0.000360255 1.14367e-05 0
 0.934742 0.0480273 0.0164251 0.00080598 0
 0.827803 0.169806 0.00239088 0 0
 0.941827 0.0461693 0.0120037 0 0
 0.791401 0.0380133 0.147996 0.0225897 0
 0.846168 0.0940531 0.0597789 0 0
 0.134021 0.677848 0.182769 0.00536245 0
 0.80878 0.0450904 0.141981 0.00414843 0
 0.846168 0.0940531 0.0597789 0 0
 0.905697 0.0802665 0.012482 0.00150086 5.37128e-05
 0.989698 0.0102097 9.19794e-05 0 0
 0.975433 0.0193895 0.00387452 0.00125025 5.28907e-05
 0.303575 0.632131 0.0575291 0.00676475 0
 0.966965 0.00978017 0.0227588 0.000495775 0
 0.843318 0.132988 0.00938335 0.0141283 0.000182051
 0.564624 0.303363 0.111486 0.0197234 0.00080311
 0.826376 0.0876187 0.0782897 0.00655872 0.00115652
 0.89761 0.0855135 0.0140674 0.00269457 0.000114338
 0.34875 0.467042 0.161289 0.0227151 0.000203297
 0.318654 0.224769 0.449479 0.00709798 0
 0.937255 0.0296025 0.0250945 0.00804832 0
ppred_RECLAS
 0.407693 0.099127 0.470367 0.0228122 8.20532e-07
 0.387767 0.28374 0.057056 0.258991 0.0124464
 0.512532 0.215105 0.129755 0.02496 0.117647
 0.808681 0.108524 0.037561 0.0216746 0.0235591
 0.618397 0.320448 0.035438 0.0117332 0.0139842
 0.660182 0.225428 0.0967957 0.0102402 0.00735424
 0.409499 0.416121 0.117454 0.0482453 0.00868102
 0.364235 0.293034 0.24487 0.0661185 0.0317417
 0.414095 0.242974 0.162089 0.129571 0.0512708
 0.583742 0.195022 0.0944163 0.060253 0.0665667
 0.716867 0.180164 0.0495332 0.0229403 0.0304951
 0.687739 0.236329 0.0491856 0.0129361 0.0138096
 0.65943 0.249113 0.070016 0.0139398 0.00750192
 0.605138 0.278549 0.0861331 0.0231585 0.00702162
 0.703922 0.194427 0.0726881 0.0215016 0.00746111
 0.899846 0.0747926 0.0169217 0.00605188 0.00238794
 0.427809 0.524897 0.0357394 0.0077352 0.00382026
 0.861085 0.0662493 0.0669119 0.00435828 0.00139521
 0.606786 0.348088 0.0220292 0.0212843 0.00181243
 0.585954 0.271009 0.127323 0.00770825 0.00800652
 0.715271 0.181257 0.0687832 0.0309132 0.00377618
 0.718063 0.213256 0.0444712 0.0161438 0.00806541
 0.350276 0.492748 0.120103 0.0239591 0.0129138
 0.708984 0.115797 0.134366 0.0313298 0.00952305
 0.60952 0.293677 0.0396046 0.0439619 0.013237
 0.439237 0.368326 0.146504 0.0189001 0.0270327
 0.698081 0.148094 0.10265 0.0390583 0.0121175
 0.653624 0.25682 0.0449928 0.0298335 0.0147295
 0.378227 0.434048 0.140941 0.0236206 0.0231636
 0.451462 0.234455 0.222332 0.0690622 0.0226894
 0.809119 0.0965991 0.0413903 0.0375473 0.0153447
pobs_PELACES
 0 0 0 0 0
 0 0 0 0 0
 0 0 0 0 0
 0 0 0 0 0
 0 0 0 0 0
 0 0 0 0 0
 0 0 0 0 0
 0 0 0 0 0
 0 0 0 0 0
 0 0 0 0 0
 0 0 0 0 0
 0 0 0 0 0
 0 0 0 0 0
 0 0 0 0 0
 0 0 0 0 0
 0 0 0 0 0
 0.505614 0.472636 0.0217494 0 0
 0 0 0 0 0
 0.443492 0.261883 0.143347 0.151278 0
 0.227955 0.32914 0.350689 0.0885471 0.00366901
 0.970185 0.0296113 0.000203453 0 0
 0.997202 0.00247181 0.000326279 0 0
 0.445219 0.490057 0.0546422 0.010081 0
 0.90214 0.0892962 0.00764917 0.000914606 0
 0 0 0 0 0
 0.581667 0.319106 0.0959925 0.00289975 0.000334073
 0.762889 0.0836404 0.116647 0.0363945 0.000428098
 0.88444 0.0763242 0.0277011 0.0115352 0
 0.521256 0.241999 0.230069 0.00667565 0
 0.616807 0.101726 0.260614 0.0208532 0
 0.833518 0.0704572 0.0857862 0.0102388 0
ppred_PELACES
 0.442195 0.0978157 0.438943 0.0210453 7.55245e-07
 0.41934 0.278567 0.0529745 0.23772 0.011398
 0.545172 0.207769 0.118525 0.0225396 0.105995
 0.827077 0.10074 0.0329737 0.0188104 0.020399
 0.642351 0.303215 0.0317116 0.0103797 0.0123426
 0.68526 0.21281 0.0864164 0.00903782 0.00647586
 0.437707 0.403139 0.107612 0.0436982 0.0078448
 0.393489 0.288505 0.227996 0.0608599 0.0291502
 0.446449 0.237956 0.150122 0.118636 0.0468363
 0.61515 0.186361 0.0853248 0.05383 0.0593343
 0.739799 0.169299 0.0440187 0.0201538 0.0267295
 0.712133 0.221011 0.0435 0.0113103 0.0120463
 0.68515 0.233879 0.0621654 0.0122356 0.00656967
 0.634233 0.262448 0.076748 0.0203997 0.00617099
 0.728471 0.181899 0.0643121 0.0188069 0.00651107
 0.909798 0.0683659 0.0146279 0.00517183 0.00203601
 0.45303 0.50414 0.0324623 0.00694579 0.00342252
 0.875637 0.0610727 0.0583344 0.00375624 0.00119972
 0.632216 0.32783 0.0196207 0.018741 0.0015922
 0.614545 0.257235 0.11429 0.00684032 0.00708871
 0.738902 0.169791 0.060934 0.0270732 0.00329951
 0.740546 0.19908 0.039261 0.0140898 0.0070231
 0.375741 0.480047 0.110654 0.0218224 0.0117352
 0.735159 0.109122 0.119746 0.0276023 0.00837078
 0.63559 0.278275 0.0354901 0.0389453 0.0116996
 0.467661 0.356654 0.134159 0.01711 0.0244163
 0.723866 0.139574 0.0914917 0.0344154 0.0106527
 0.678239 0.24233 0.0401492 0.0263181 0.0129641
 0.405033 0.42264 0.129786 0.0215029 0.0210385
 0.48373 0.228189 0.204641 0.0628417 0.0205984
 0.827845 0.0898151 0.036394 0.0326384 0.0133079
pobs_pel_tallas
 0 0 0 0 0 0 0 0 0 0 0 0 0 0 0 0 0 0 0 0 0 0 0 0 0 0
 0 0 0 0 0 0 0 0 0 0 0 0 0 0 0 0 0 0 0 0 0 0 0 0 0 0
 0 0 0 0 0 0 0 0 0 0 0 0 0 0 0 0 0 0 0 0 0 0 0 0 0 0
 0 0 0 0 0 0 0 0 0 0 0 0 0 0 0 0 0 0 0 0 0 0 0 0 0 0
 0 0 0 0 0 0 0 0 0 0 0 0 0 0 0 0 0 0 0 0 0 0 0 0 0 0
 0 0 0 0 0 0 0 0 0 0 0 0 0 0 0 0 0 0 0 0 0 0 0 0 0 0
 0 0 0 0 0 0 0 0 0 0 0 0 0 0 0 0 0 0 0 0 0 0 0 0 0 0
 0 0 0 0 0 0 0 0 0 0 0 0 0 0 0 0 0 0 0 0 0 0 0 0 0 0
 0 0 0 0 0 0 0 0 0 0 0 0 0 0 0 0 0 0 0 0 0 0 0 0 0 0
 0 0 0 0 0 0 0 0 0 0 0 0 0 0 0 0 0 0 0 0 0 0 0 0 0 0
 0 0 0 0 0 0 0 0 0 0 0 0 0 0 0 0 0 0 0 0 0 0 0 0 0 0
 0 0 0 0 0 0 0 0 0 0 0 0 0 0 0 0 0 0 0 0 0 0 0 0 0 0
 0.00862536 0 0 0.000197151 0.00414017 0.0128641 0.00837892 0.0270097 0.101434 0.158115 0.152841 0.127902 0.109271 0.109419 0.0830992 0.0579132 0.0238553 0.00714673 0.00463305 0.00128148 0.00103504 0.000492878 0.000147863 0.000147863 4.92878e-05 0
 0 0 0 0 0 0 0 0 0 0 0 0 0 0 0 0 0 0 0 0 0 0 0 0 0 0
 0 0 0 0 0 0 0 0.0054083 0.00873648 0.0413646 0.0450493 0.0745869 0.0622846 0.0627006 0.0613931 0.0827291 0.12552 0.122667 0.0946155 0.0697135 0.0546179 0.0294188 0.0215738 0.0213955 0.0102223 0.00600262
 0 0 0 0 0.00359764 0.0251062 0.0480494 0.140153 0.205849 0.193036 0.1447 0.116669 0.0760912 0.0342217 0.00950174 0.001854 0.000860785 0 0 0 0.000165536 0 0.000143464 0 0 0
 0 0 0 0 0 0 0 0.000145254 0.000435761 0.0275982 0.070085 0.0708112 0.156366 0.174668 0.174014 0.160142 0.0824315 0.0480064 0.0283245 0.00493863 0.00203355 0 0 0 0 0
 0 0 0 0 0 0 0 0 0 0 0 0 0 0 0 0 0 0 0 0 0 0 0 0 0 0
 0 0 1.00437e-05 0.000401748 0.00122533 0.00171747 0.00176769 0.0269171 0.070346 0.194647 0.189555 0.159765 0.064822 0.0314167 0.0384472 0.0292271 0.0345202 0.0313363 0.0194345 0.0106764 0.0143323 0.0359363 0.0279516 0.0138201 0.00172751 0
 0 0.0021121 0.0136068 0.0755702 0.200478 0.177729 0.0527432 0.0373336 0.0318909 0.0142505 0.0149659 0.0166563 0.0217959 0.0798694 0.0677717 0.0528807 0.04013 0.0224614 0.0357745 0.0225083 0.00881397 0.00855152 0.00135912 0.000746735 0 0
 0 0 0 0 5.4009e-05 0.00500934 0.000945158 0.0243581 0.138947 0.33067 0.221406 0.137944 0.0707744 0.0437923 0.0131692 0.00525238 0.0047753 0.00276346 9.45158e-05 9.00151e-06 2.25038e-05 9.00151e-06 4.50075e-06 0 0 0
 0.000866109 0.00284123 0.00948549 0.0512746 0.133035 0.25785 0.225252 0.132002 0.0553304 0.0519788 0.0540692 0.017754 0.00435017 0.00159236 0.00146478 0.000404838 0.000125132 0.000115318 0.000107957 0.000100596 0 0 0 0 0 0
 0 0 0 0 0.00144013 0.00171154 0.00461396 0.0210425 0.0478622 0.0707936 0.0888783 0.103762 0.0637923 0.0337046 0.0602308 0.124433 0.169614 0.0934646 0.0462172 0.0250306 0.0313229 0.00938855 0.002487 0.000210481 0 0
 0 0.00764035 0.051015 0.0998891 0.058973 0.0496711 0.0374665 0.0718981 0.12319 0.153886 0.159021 0.0857701 0.0377988 0.023471 0.0147837 0.00900784 0.00315554 0.000888139 0.00291439 0.00214683 0.00393193 0.00274676 0.000635225 9.99891e-05 0 0
 0 0 0 0 0 0 0 0 0 0 0 0 0 0 0 0 0 0 0 0 0 0 0 0 0 0
 0 0 0 0 0 0 0 0 0 0 0 0 0 0 0 0 0 0 0 0 0 0 0 0 0 0
 0 0 0 0 0 0 0 0 0 0 0 0 0 0 0 0 0 0 0 0 0 0 0 0 0 0
 0 0 0 0 0 0 0 0 0 0 0 0 0 0 0 0 0 0 0 0 0 0 0 0 0 0
 0 0 0 0 0 0 0 0 0 0 0 0 0 0 0 0 0 0 0 0 0 0 0 0 0 0
 0 0 0 0 0 0 0 0 0 0 0 0 0 0 0 0 0 0 0 0 0 0 0 0 0 0
 0 0 0 0 0 0 0 0 0 0 0 0 0 0 0 0 0 0 0 0 0 0 0 0 0 0
ppred_pel_tallas
 1.14803e-16 3.6423e-05 0.000354045 0.00235275 0.0106953 0.033277 0.0709006 0.103484 0.103494 0.0709502 0.0334455 0.0111904 0.00362724 0.00324105 0.00582571 0.0103702 0.0167849 0.0249468 0.0346057 0.0454096 0.0566997 0.067165 0.0747982 0.077488 0.0740239 0.0648345
 1.27369e-16 3.45405e-05 0.000335746 0.00223115 0.0101425 0.0315573 0.0672371 0.0981402 0.0981671 0.0673689 0.032 0.0114229 0.00545144 0.00738793 0.0134977 0.0224563 0.0328457 0.042456 0.0491717 0.0523046 0.0531121 0.0539159 0.0564457 0.0606709 0.0648817 0.0667649
 1.23672e-16 4.49051e-05 0.000436494 0.00290065 0.013186 0.0410265 0.0874121 0.127585 0.127605 0.0875109 0.0413585 0.0141471 0.00532156 0.00574959 0.01022 0.0170515 0.0251056 0.0327602 0.0384277 0.041495 0.042703 0.0435547 0.0452098 0.047737 0.0501895 0.0512618
 1.06316e-16 6.81252e-05 0.000662202 0.00440056 0.0200043 0.0622409 0.132611 0.193552 0.193562 0.132659 0.062401 0.0204673 0.0055647 0.00321032 0.00492795 0.00809441 0.0117882 0.0151191 0.0172413 0.0178018 0.0171531 0.0160908 0.01532 0.0150692 0.0150846 0.0149058
 1.04123e-16 5.29097e-05 0.000514301 0.00341771 0.0155364 0.0483398 0.102994 0.150329 0.150358 0.103137 0.0488189 0.0169202 0.00689059 0.0080934 0.0144407 0.0237737 0.0342064 0.0429462 0.0471889 0.045658 0.0393757 0.0309827 0.0231673 0.0174179 0.0138143 0.0116257
 1.04551e-16 5.6444e-05 0.000548656 0.00364601 0.0165743 0.0515688 0.109873 0.160368 0.160388 0.109974 0.0519071 0.0175527 0.00610633 0.00593363 0.0103247 0.0170869 0.0248588 0.0317808 0.0359775 0.0365563 0.0340813 0.0300791 0.0260088 0.0225369 0.0195514 0.0166596
 1.08919e-16 3.60534e-05 0.000350452 0.00232888 0.0105868 0.0329396 0.0701827 0.102442 0.102481 0.070373 0.033579 0.0124347 0.00697186 0.0105011 0.0193583 0.0320634 0.046463 0.0590203 0.0661464 0.0661928 0.0603925 0.0519133 0.0438216 0.0375752 0.0329377 0.0289088
 1.1769e-16 3.24112e-05 0.000315049 0.00209361 0.00951726 0.0296119 0.0630923 0.0920909 0.092119 0.0632298 0.0300746 0.0108579 0.00547417 0.00774587 0.0142954 0.0239775 0.0354685 0.0465686 0.0550252 0.0597857 0.0614846 0.0616749 0.0614778 0.0608185 0.0587552 0.0544131
 1.24217e-16 3.67735e-05 0.000357451 0.00237539 0.0107982 0.0335973 0.0715835 0.104483 0.104506 0.0716968 0.0339784 0.011902 0.00515773 0.00647089 0.0117659 0.0197108 0.0291555 0.0383233 0.0454659 0.0499088 0.0524335 0.0545582 0.0572822 0.0603179 0.0623252 0.0618089
 1.1795e-16 5.06691e-05 0.000492522 0.00327298 0.0148785 0.0462927 0.0986321 0.14396 0.143978 0.0987205 0.0465899 0.0157386 0.00543815 0.00524024 0.00913113 0.0151872 0.0222899 0.0289446 0.0336986 0.0359899 0.0364989 0.0366157 0.0374347 0.0390649 0.0406899 0.0411695
 1.07859e-16 6.09363e-05 0.000592322 0.00393619 0.0178934 0.055673 0.118618 0.17313 0.173146 0.118698 0.0559416 0.0186697 0.00588705 0.00485839 0.00818513 0.0134951 0.0195801 0.0249433 0.0281157 0.0284618 0.0265636 0.0238004 0.0214622 0.0200859 0.0194103 0.0187928
 1.04485e-16 5.86575e-05 0.000570172 0.00378899 0.0172242 0.0535911 0.114182 0.166657 0.166678 0.114286 0.053941 0.0182353 0.00632812 0.0061169 0.0106042 0.0174684 0.0252306 0.0318843 0.0354264 0.0349427 0.0311442 0.0258588 0.0209019 0.0172091 0.014737 0.0129345
 1.04193e-16 5.6435e-05 0.000548568 0.00364543 0.0165716 0.0515605 0.109856 0.160343 0.160365 0.109966 0.0519313 0.0176433 0.00633783 0.00643375 0.011256 0.018578 0.0268949 0.0341106 0.0381197 0.0379423 0.0342779 0.0289686 0.0238284 0.0197706 0.0167448 0.0142491
 1.05373e-16 5.2241e-05 0.000507801 0.00337452 0.0153401 0.0477288 0.101692 0.148428 0.148454 0.101816 0.0481452 0.0165436 0.00639885 0.0071207 0.0126431 0.0209022 0.0303011 0.0385169 0.043208 0.0432871 0.0395304 0.0339682 0.0285731 0.0242958 0.021019 0.018153
 1.04891e-16 6.00033e-05 0.000583253 0.00387592 0.0176194 0.0548206 0.116802 0.170479 0.170497 0.116888 0.0551096 0.018455 0.00597655 0.00517961 0.00882078 0.0145703 0.0211783 0.0270441 0.0305724 0.0310251 0.0289274 0.0256348 0.0224292 0.0198719 0.0178026 0.0157782
 1.01303e-16 7.49389e-05 0.000728433 0.00484069 0.0220051 0.068466 0.145874 0.212909 0.212916 0.145907 0.0685743 0.022318 0.00562661 0.0024456 0.00334065 0.00541606 0.00782308 0.00989814 0.0110202 0.010906 0.00977139 0.00817281 0.00665991 0.00551123 0.00470854 0.00408608
 1.02342e-16 3.73156e-05 0.000362721 0.00241041 0.0109574 0.0340928 0.0726401 0.10603 0.106079 0.0728772 0.0348887 0.0132553 0.00817547 0.0129376 0.0238888 0.0393543 0.0565004 0.0706563 0.0770853 0.0736026 0.0618961 0.0464261 0.0318233 0.0207901 0.0137007 0.00953169
 1.02279e-16 7.21251e-05 0.000701081 0.00465893 0.0211788 0.0658952 0.140397 0.204915 0.204921 0.140426 0.0659934 0.0214634 0.00537702 0.00228093 0.00310838 0.00511783 0.00758181 0.00998337 0.0118312 0.0128724 0.0131903 0.0130531 0.0126553 0.0119879 0.0109258 0.00941297
 1.02799e-16 5.20749e-05 0.000506186 0.00336379 0.0152913 0.0475771 0.101369 0.147958 0.14799 0.101523 0.0480947 0.0167858 0.00711342 0.00868572 0.0155692 0.0256121 0.036788 0.0460527 0.0503475 0.0482802 0.0409737 0.0313356 0.0223508 0.0157087 0.0115534 0.00911757
 1.0525e-16 5.06193e-05 0.000492038 0.00326977 0.0148639 0.0462472 0.0985356 0.143821 0.143846 0.0986574 0.0466565 0.0160476 0.00624678 0.00700992 0.0124849 0.0207046 0.0301563 0.0386179 0.0438293 0.0447019 0.0418858 0.0371754 0.0322798 0.027972 0.0241263 0.0203221
 1.05076e-16 6.08624e-05 0.000591604 0.00393142 0.0178717 0.0556055 0.118474 0.17292 0.172936 0.118554 0.0558753 0.018652 0.00589329 0.00488518 0.00824713 0.0136224 0.0198178 0.0253468 0.0287343 0.0293052 0.0275563 0.0247439 0.0220343 0.0199024 0.0181423 0.0162963
 1.03786e-16 6.09978e-05 0.000592921 0.00394017 0.0179114 0.0557292 0.118738 0.173305 0.173324 0.118832 0.0560445 0.0188223 0.00622752 0.00558979 0.0095616 0.0157391 0.0227347 0.0287358 0.0319384 0.0315186 0.0281134 0.0233624 0.0188904 0.01553 0.0132371 0.0115206
 1.07491e-16 3.09494e-05 0.000300839 0.00199918 0.00908803 0.0282765 0.0602477 0.0879431 0.0879894 0.0604742 0.029037 0.0112857 0.00751902 0.0123619 0.0229701 0.0380118 0.0549568 0.0695343 0.0773936 0.0765119 0.0683549 0.0567853 0.0456468 0.0369367 0.030632 0.0257123
 1.07669e-16 6.05541e-05 0.000588608 0.0039115 0.0177811 0.0553238 0.117874 0.172042 0.172053 0.117926 0.0554999 0.0182921 0.00520236 0.00343424 0.00554639 0.00928699 0.013873 0.0184975 0.0223589 0.025065 0.0267779 0.0279119 0.0286584 0.0287759 0.0278027 0.025457
 1.06981e-16 5.23527e-05 0.000508887 0.00338174 0.0153729 0.0478309 0.10191 0.148746 0.148773 0.102041 0.0482711 0.0166444 0.006574 0.00747954 0.0132972 0.0219191 0.031621 0.0398879 0.0442107 0.0434814 0.0386723 0.0321775 0.0263469 0.0223457 0.0200061 0.0184486
 1.09811e-16 3.85207e-05 0.000374435 0.00248825 0.0113113 0.0351937 0.0749852 0.10945 0.109485 0.0751539 0.0357605 0.0129502 0.00660869 0.00939123 0.0172273 0.0285877 0.0415727 0.0531083 0.0600656 0.0609831 0.0568681 0.0503579 0.0439627 0.0388093 0.0346357 0.0306302
 1.07931e-16 5.96239e-05 0.000579566 0.00385142 0.017508 0.054474 0.116063 0.1694 0.169414 0.116129 0.0546973 0.0181546 0.00548045 0.00415609 0.00691224 0.0114916 0.0169232 0.0220766 0.0258353 0.0276911 0.0279949 0.0275865 0.02712 0.0266523 0.025762 0.0239866
 1.06054e-16 5.58657e-05 0.000543034 0.00360866 0.0164044 0.0510404 0.108748 0.158726 0.158749 0.108862 0.051424 0.0175126 0.0063913 0.00662102 0.0116097 0.019134 0.0276309 0.0349115 0.0387944 0.0383055 0.0342643 0.0287136 0.0236582 0.020092 0.0178839 0.0163159
 1.09571e-16 3.33621e-05 0.000324292 0.00215503 0.00979649 0.0304807 0.064944 0.0947962 0.094837 0.0651436 0.0311515 0.0117352 0.00702709 0.0109785 0.0203221 0.0336865 0.0488584 0.0621455 0.0697868 0.0700329 0.0641286 0.0553316 0.0468063 0.0400761 0.0349492 0.0304729
 1.15752e-16 3.98443e-05 0.000387301 0.00257375 0.0116999 0.0364029 0.077561 0.113207 0.113229 0.07767 0.0367698 0.0127634 0.00525744 0.00629317 0.0113958 0.0191439 0.0284386 0.0375893 0.0448726 0.0494831 0.0518836 0.0531764 0.0540506 0.0542313 0.0528147 0.0490651
 1.06599e-16 6.81885e-05 0.000662816 0.00440465 0.0200229 0.0622987 0.132734 0.193731 0.19374 0.132777 0.0624418 0.0204368 0.00544624 0.00294542 0.00442977 0.00728686 0.0106637 0.0137892 0.0159404 0.0168254 0.0167561 0.0163986 0.0162951 0.016536 0.0167884 0.0165803
pSPR Fmed_Fpbrs
0.729508   0.189515 0.189515
Fs Fmed_Fpbrs
0.156652   1.005 1.005
SSBpbr Bo_Bmed_Bpbrs
2.35264e+06  1.59864e+06  328228 328228
Ro
235106
SPR SPRFo_SPRFmed_SPRFpbrs
1.68052e+06 1.22595e+06 318483
Fref
1.005
Nvult_r0
 282422 26790.5 10855.8 9735.53 3969.56
CTP_r0
 29447.4 3044.28 1233.57 1106.28 451.072
YTP_r0
391305
Np
 295975 137508 12817.9 5193.93 6165.32
Nvult_p0
 252258 118991 11091.8 4494.52 5335.1
CTP_p0
 120360 59644 5559.73 2252.86 2674.2
YTP_p0
 2.15394e+06
CBA_c0
920095
log_Ro
12.1878
likeval ReclasPelacesDesembMPH_pf_preclas_ppelaces_ptallas_desvR_qrecl_qpela
 27.6998 18.3366 0.243076 0.00322659 243.554 125.998 98.6243 0 19.2133 0 0 1.22622 0 0 0
q_reclas_q_pelaces
1 1
M
1
N
 256715 49227.3 220905 10591.4 0.380089
 150249 86987 16542.1 74232 3559.21
 143937 47779.3 27256.5 5183.3 24375.1
 433958 46095.1 15087.6 8606.99 9333.88
 335814 136977 14325.7 4689.02 5575.77
 438683 118197 47996.9 5019.73 3596.78
 182608 147182 39287.9 15953.8 2864.06
 87384.7 55301.2 43702.6 11665.7 5587.56
 67212.4 31176.3 19668.6 15543.4 6136.35
 82117.9 21744.7 9955.71 6280.9 6923.13
 127443 25227.6 6559.33 3003.16 3983.02
 161702 44312 8721.61 2267.67 2415.24
 146241 44022.6 11701.3 2303.08 1236.6
 109348 40422.1 11820.7 3141.96 950.453
 117846 25918.7 9163.8 2679.78 927.759
 499264 33041.3 7069.67 2499.55 984.005
 144171 140160 9025.12 1931.06 951.522
 730368 44557.4 42559.6 2740.48 875.296
 486879 222445 13313.4 12716.5 1080.37
 369855 135988 60419.9 3616.15 3747.46
 533315 107120 38442.9 17080.3 2081.64
 693786 163755 32294.4 11589.7 5776.89
 181635 202048 46573.6 9184.87 4939.24
 452831 58425.5 64113.6 14778.7 4481.84
 390294 148580 18949.2 20794.1 6246.79
 192823 127591 47994.7 6121.04 8734.82
 385813 64646.2 42376.1 15940.1 4933.97
 409494 126990 21039.6 13791.6 6793.66
 150946 136732 41988.1 6956.59 6806.36
 122525 50303.1 45112.1 13853.1 4540.82
 419930 39608.4 16049.7 14393.5 5868.79
pred_Ctot
 12893.2 2713.6 12177.1 583.839 0.020952
 13031.4 8259.41 1570.67 7048.33 337.947
 11915 4331.13 2470.77 469.86 2209.57
 39438.5 4584.74 1500.65 856.073 928.371
 9211.63 4130.47 431.983 141.395 168.134
 24584.8 7267.42 2951.1 308.64 221.15
 20733.6 18259.4 4874.06 1979.23 355.315
 1672.29 1164.04 919.901 245.553 117.613
 5176.96 2630.66 1659.64 1311.56 517.787
 8687.1 2514.85 1151.41 726.408 800.685
 4439.63 965.602 251.062 114.948 152.453
 27229.8 8120.06 1598.21 415.545 442.587
 23526.1 7710.99 2049.59 403.406 216.602
 25475.1 10196.4 2981.76 792.555 239.751
 18114.8 4340.29 1534.55 448.751 155.361
 76422.8 5510.1 1178.97 416.835 164.097
 14780 15712.5 1011.75 216.479 106.669
 80690.6 5379.92 5138.71 330.889 105.684
 75779.3 37711.9 2257.07 2155.87 183.158
 50707.8 20336.3 9035.46 540.776 560.412
 56571.1 12422.1 4458 1980.7 241.396
 93136.4 23983.1 4729.76 1697.4 846.071
 14582.6 17766.7 4095.35 807.653 434.322
 31232.3 4417.06 4847.09 1117.29 338.834
 27741.4 11574.3 1476.14 1619.85 486.622
 10889.2 7905 2973.54 379.232 541.171
 25910.8 4759.54 3119.92 1173.58 363.261
 24095.8 8196.57 1358.01 890.185 438.498
 9054.1 8995.61 2762.4 457.674 447.791
 9491.95 4269.02 3828.47 1175.66 385.36
 29447.4 3044.28 1233.57 1106.28 451.072
F
 0.0822084 0.090539 0.090539 0.090539 0.090539
 0.145702 0.160467 0.160467 0.160467 0.160467
 0.138665 0.152717 0.152717 0.152717 0.152717
 0.153134 0.168651 0.168651 0.168651 0.168651
 0.0442006 0.0486797 0.0486797 0.0486797 0.0486797
 0.0921068 0.10144 0.10144 0.10144 0.10144
 0.194548 0.214262 0.214262 0.214262 0.214262
 0.0306638 0.0337711 0.0337711 0.0337711 0.0337711
 0.12849 0.14151 0.14151 0.14151 0.14151
 0.180218 0.198481 0.198481 0.198481 0.198481
 0.0564179 0.062135 0.062135 0.062135 0.062135
 0.301051 0.331558 0.331558 0.331558 0.331558
 0.285881 0.314851 0.314851 0.314851 0.314851
 0.439573 0.484117 0.484117 0.484117 0.484117
 0.271625 0.299151 0.299151 0.299151 0.299151
 0.27035 0.297746 0.297746 0.297746 0.297746
 0.174223 0.191878 0.191878 0.191878 0.191878
 0.188868 0.208007 0.208007 0.208007 0.208007
 0.275449 0.303362 0.303362 0.303362 0.303362
 0.239158 0.263393 0.263393 0.263393 0.263393
 0.180744 0.19906 0.19906 0.19906 0.19906
 0.233658 0.257335 0.257335 0.257335 0.257335
 0.134245 0.147849 0.147849 0.147849 0.147849
 0.114396 0.125989 0.125989 0.125989 0.125989
 0.118068 0.130032 0.130032 0.130032 0.130032
 0.092842 0.10225 0.10225 0.10225 0.10225
 0.111247 0.12252 0.12252 0.12252 0.12252
 0.0968999 0.106719 0.106719 0.106719 0.106719
 0.098856 0.108874 0.108874 0.108874 0.108874
 0.129275 0.142375 0.142375 0.142375 0.142375
 0.116405 0.128201 0.128201 0.128201 0.128201
nmprior
 8.19 8.8 8.5 0
nm_flota  nm_reclas  nm_pelaces    nm_pelaL
inf 9.96302 17.3832 40.9419
cv_recla  cv_pelaces  cv_mph
0.476062 0.485548 1.75298
 ------------------------------------------------
Talla a la edad & desviaci?n 
 8 13.2811 15.8009 17.003 17.5766
 0.8 1.32811 1.58009 1.7003 1.75766
