years
 1991 1992 1993 1994 1995 1996 1997 1998 1999 2000 2001 2002 2003 2004 2005 2006 2007 2008 2009 2010 2011 2012 2013 2014 2015 2016 2017 2018 2019 2020 2021
reclasobs
 0 0 0 0 0 0 0 0 0 252601 567819 844713 477998 351125 339783 2.1784e+06 2.13404e+06 4.81314e+06 1.55562e+06 2.62356e+06 3.21686e+06 3.843e+06 1.13348e+06 3.07943e+06 1.97215e+06 2.03268e+06 2.025e+06 2.42433e+06 2.27542e+06 1.05018e+06 2.36338e+06
reclaspred
 3.52682e+06 2.03671e+06 1.04529e+06 1.20197e+06 1.30677e+06 1.98093e+06 1.4142e+06 1.27501e+06 911333 656948 596751 694740 689496 574287 577450 1.18266e+06 1.24308e+06 2.48202e+06 2.07916e+06 1.57742e+06 2.79716e+06 2.28628e+06 1.90336e+06 2.92539e+06 2.20761e+06 1.96778e+06 2.25169e+06 2.29574e+06 1.93928e+06 1.31324e+06 1.99387e+06
pelacesobs
 0 0 0 0 0 0 0 0 0 0 0 0 0 0 0 552880 188675 0 991730 2.46772e+06 1.41603e+06 1.21717e+06 2.29649e+06 1.80582e+06 0 1.4828e+06 1.56532e+06 1.57751e+06 1.42118e+06 867257 1.10002e+06
pelacespred
 2.77687e+06 1.80694e+06 944041 795431 907360 1.36463e+06 1.07361e+06 1.04497e+06 773084 536447 469608 461003 493126 437428 430934 695629 818052 1.64485e+06 1.57961e+06 1.14335e+06 1.79423e+06 1.69703e+06 1.44759e+06 2.17813e+06 1.76807e+06 1.54607e+06 1.8621e+06 1.8887e+06 1.46945e+06 1.10362e+06 1.46936e+06
mphobs
 0 0 0 0 0 0 0 0 0 0 0 498337 0 5186 125008 0 168611 109162 213762 579715 649985 157893 87575 83554 0 0 0 0 0 0 0
mphpred
 530761 358943 186252 102274 136203 161194 211888 153675 129846 91192.1 59418.2 68945.1 71999.1 63556.9 47978.5 57669.7 137137 144033 245547 193580 209066 256874 246296 211948 293307 241077 201031 206657 274675 195773 133393
desembarqueobs
 494567 514787 250237 358949 120608 361735 552515 73892 212993 205616 52469 317467 293654 387597 252695 516296 358380 742168 942051 627588 828172 859565 418607 520667 417249 300574 407403 355545 319650 289779 391294
desembarquepred
 494572 512815 251358 358961 120610 361746 552570 73894.1 213028 205652 52470.7 317535 293713 387674 252709 516314 358411 742126 942009 627552 828269 859660 418631 520695 417262 300585 407417 355548 319659 289797 391302
Reclutas
 267169 157085 153511 371533 298692 450303 190272 92905.1 77628.8 94960.1 159957 198733 170293 120905 124348 556161 159949 846231 526581 394219 598740 808624 189719 538035 440547 208157 435125 473477 160925 124692 452566
log_desv_Rt
 0.042695 -0.488397 -0.511415 0.372453 0.154229 0.564735 -0.296731 -1.01361 -1.19325 -0.991728 -0.470279 -0.253221 -0.407666 -0.750181 -0.722104 0.775872 -0.470327 1.19561 0.72122 0.431721 0.849643 1.15015 -0.299639 0.742739 0.542833 -0.206891 0.530449 0.614919 -0.464248 -0.719336 0.56975
SSB
 5.31923e+06 3.59729e+06 1.8666e+06 1.02498e+06 1.36502e+06 1.61547e+06 2.12352e+06 1.54011e+06 1.3013e+06 913917 595482 690961 721567 636960 480835 577959 1.37437e+06 1.44348e+06 2.46085e+06 1.94004e+06 2.09524e+06 2.57437e+06 2.46835e+06 2.12412e+06 2.93949e+06 2.41604e+06 2.01471e+06 2.07109e+06 2.75277e+06 1.96201e+06 1.33685e+06
BT
 6.96359e+06 4.77409e+06 2.48437e+06 2.38873e+06 2.36243e+06 3.90995e+06 3.07636e+06 2.68108e+06 2.11924e+06 1.53099e+06 1.2645e+06 1.46184e+06 1.54484e+06 1.55678e+06 1.42107e+06 2.37552e+06 2.31194e+06 5.21231e+06 4.95903e+06 3.42607e+06 5.46156e+06 5.14999e+06 3.92316e+06 6.40904e+06 4.74391e+06 4.1245e+06 5.40744e+06 5.40206e+06 3.76198e+06 2.96039e+06 4.40442e+06
Ftot
 0.0798071 0.142113 0.136255 0.174995 0.0537655 0.107368 0.220959 0.0335517 0.134476 0.17912 0.0520894 0.263528 0.245582 0.385833 0.256865 0.259913 0.165602 0.177573 0.26039 0.229154 0.172843 0.2183 0.125937 0.105677 0.109296 0.0882172 0.106942 0.0920359 0.0937085 0.126163 0.117189
BD_Bspro_t
 0.987312 0.903799 0.796945 0.733932 0.757743 0.814474 0.81033 0.71768 0.755238 0.726867 0.697876 0.79632 0.697753 0.62512 0.54143 0.585097 0.680687 0.679129 0.733019 0.654378 0.629564 0.673052 0.688308 0.690951 0.77848 0.784615 0.79272 0.816683 0.846677 0.799674 0.757526
BD_Bspro
 2.90687 1.96586 1.02007 0.560135 0.745958 0.882828 1.16047 0.841645 0.711141 0.49944 0.325421 0.377598 0.394324 0.348088 0.262768 0.315845 0.751071 0.788839 1.34481 1.0602 1.14501 1.40685 1.34891 1.1608 1.60638 1.32033 1.101 1.13182 1.50434 1.07221 0.730568
BD_Bo
 2.06316 1.39528 0.723996 0.397559 0.529448 0.626592 0.823648 0.597362 0.504736 0.35448 0.230969 0.268002 0.279874 0.247057 0.186501 0.224173 0.533076 0.559883 0.954486 0.752481 0.812679 0.998518 0.957397 0.823881 1.14014 0.937108 0.781442 0.803312 1.06771 0.761005 0.518524
BD_Brms
 14.7001 9.94139 5.1585 2.83262 3.77233 4.46449 5.86852 4.25622 3.59626 2.52569 1.64566 1.90953 1.99411 1.76029 1.32883 1.59724 3.79819 3.98918 6.80075 5.36145 5.79037 7.11448 6.82149 5.87018 8.12353 6.67693 5.56781 5.72363 7.6075 5.42219 3.69451
Sel_flota
 0.903612 1 1 1 1
 0.903612 1 1 1 1
 0.903612 1 1 1 1
 0.903612 1 1 1 1
 0.903612 1 1 1 1
 0.903612 1 1 1 1
 0.903612 1 1 1 1
 0.903612 1 1 1 1
 0.903612 1 1 1 1
 0.903612 1 1 1 1
 0.903612 1 1 1 1
 0.903612 1 1 1 1
 0.903612 1 1 1 1
 0.903612 1 1 1 1
 0.903612 1 1 1 1
 0.903612 1 1 1 1
 0.903612 1 1 1 1
 0.903612 1 1 1 1
 0.903612 1 1 1 1
 0.903612 1 1 1 1
 0.903612 1 1 1 1
 0.903612 1 1 1 1
 0.903612 1 1 1 1
 0.903612 1 1 1 1
 0.903612 1 1 1 1
 0.903612 1 1 1 1
 0.903612 1 1 1 1
 0.903612 1 1 1 1
 0.903612 1 1 1 1
 0.903612 1 1 1 1
 0.903612 1 1 1 1
Sel_reclas
 1 1 1 1 1
 1 1 1 1 1
 1 1 1 1 1
 1 1 1 1 1
 1 1 1 1 1
 1 1 1 1 1
 1 1 1 1 1
 1 1 1 1 1
 1 1 1 1 1
 1 1 1 1 1
 1 1 1 1 1
 1 1 1 1 1
 1 1 1 1 1
 1 1 1 1 1
 1 1 1 1 1
 1 1 1 1 1
 1 1 1 1 1
 1 1 1 1 1
 1 1 1 1 1
 1 1 1 1 1
 1 1 1 1 1
 1 1 1 1 1
 1 1 1 1 1
 1 1 1 1 1
 1 1 1 1 1
 1 1 1 1 1
 1 1 1 1 1
 1 1 1 1 1
 1 1 1 1 1
 1 1 1 1 1
 1 1 1 1 1
Sel_pelaces
 0.746887 1 1 1 1
 0.746887 1 1 1 1
 0.746887 1 1 1 1
 0.746887 1 1 1 1
 0.746887 1 1 1 1
 0.746887 1 1 1 1
 0.746887 1 1 1 1
 0.746887 1 1 1 1
 0.746887 1 1 1 1
 0.746887 1 1 1 1
 0.746887 1 1 1 1
 0.746887 1 1 1 1
 0.746887 1 1 1 1
 0.746887 1 1 1 1
 0.746887 1 1 1 1
 0.746887 1 1 1 1
 0.746887 1 1 1 1
 0.746887 1 1 1 1
 0.746887 1 1 1 1
 0.746887 1 1 1 1
 0.746887 1 1 1 1
 0.746887 1 1 1 1
 0.746887 1 1 1 1
 0.746887 1 1 1 1
 0.746887 1 1 1 1
 0.746887 1 1 1 1
 0.746887 1 1 1 1
 0.746887 1 1 1 1
 0.746887 1 1 1 1
 0.746887 1 1 1 1
 0.746887 1 1 1 1
pf_obs 
 0.8446 0.082 0.0669 0.0065 0
 0.8095 0.147 0.0364 0.0071 0
 0.9664 0.0169 0.016 0.0007 0
 0.9276 0.0648 0.0075 0.0001 0
 0.7033 0.2144 0.0806 0.0017 0
 0.9318 0.0425 0.0243 0.0014 0
 0.5671 0.3108 0.0964 0.0239 0.0018
 0.0768 0.2599 0.5324 0.112 0.0189
 0.490249 0.384438 0.106611 0.0170017 0.00170017
 0.7925 0.1577 0.0466 0.003 0.0002
 0.840416 0.127587 0.0312969 0.00059994 9.999e-05
 0.8084 0.0986 0.0794 0.0134 0.0002
 0.7335 0.1905 0.0724 0.0035 0.0001
 0.4001 0.4547 0.1325 0.0127 0
 0.49795 0.308269 0.164784 0.0264974 0.00249975
 0.9179 0.0499 0.0305 0.0017 0
 0.2467 0.6533 0.0926 0.0074 0
 0.9418 0.0223 0.034 0.0019 0
 0.707729 0.231977 0.0356964 0.0245975 0
 0.517169 0.277429 0.184464 0.0207286 0.00020938
 0.811772 0.124168 0.05621 0.00726502 0.000585176
 0.764997 0.148141 0.077277 0.00933861 0.000247198
 0.163321 0.427699 0.378323 0.0303852 0.000271297
 0.753843 0.0900009 0.118128 0.0371064 0.000921714
 0.721811 0.176058 0.0630433 0.0369309 0.00215725
 0.143369 0.312575 0.442814 0.0836902 0.0175525
 0.692698 0.0596174 0.167031 0.0765114 0.00414204
 0.394062 0.376323 0.152708 0.0712218 0.00568511
 0.125707 0.32114 0.495352 0.0537591 0.00404204
 0.23352 0.215282 0.420074 0.123614 0.00750983
 0.774587 0.0839891 0.0768558 0.0609784 0.00358967
pf_pred 
 0.429407 0.101403 0.446796 0.022394 7.35454e-07
 0.41555 0.266229 0.0565526 0.249179 0.0124896
 0.54829 0.199818 0.114742 0.0243736 0.112777
 0.795653 0.11753 0.0384042 0.0220529 0.0263598
 0.653368 0.28187 0.0372477 0.012171 0.0153429
 0.725384 0.18581 0.0722144 0.00954275 0.007049
 0.462589 0.401051 0.0922637 0.0358579 0.00823861
 0.418619 0.285484 0.220817 0.0508 0.0242794
 0.485638 0.228344 0.140448 0.108634 0.0369363
 0.636676 0.186345 0.0785675 0.0483245 0.050087
 0.763446 0.156619 0.0409977 0.0172857 0.0216515
 0.716402 0.221706 0.0409776 0.0107266 0.0101875
 0.665966 0.247015 0.0680282 0.0125736 0.00641729
 0.604235 0.273538 0.0903857 0.0248923 0.00694898
 0.696085 0.192526 0.0769877 0.0254392 0.0089618
 0.909731 0.065003 0.0160059 0.00640046 0.00285997
 0.452431 0.503132 0.0319994 0.0078793 0.00455868
 0.879446 0.0578669 0.0575999 0.00366338 0.00142393
 0.617526 0.3407 0.0200517 0.0199592 0.00176282
 0.602097 0.256499 0.125959 0.00741324 0.00803077
 0.744041 0.16105 0.0611809 0.0300441 0.00368375
 0.749407 0.191616 0.0371085 0.0140971 0.00777145
 0.35205 0.499046 0.11386 0.0220501 0.0129944
 0.747247 0.0953351 0.121242 0.0276619 0.00851399
 0.630242 0.283598 0.0324985 0.0413299 0.0123319
 0.457098 0.355568 0.143681 0.016465 0.0271871
 0.72976 0.130685 0.0914004 0.0369339 0.011221
 0.689176 0.233248 0.0375149 0.0262377 0.0138235
 0.393177 0.431775 0.131359 0.0211274 0.0225614
 0.465822 0.223766 0.220869 0.0671948 0.0223484
 0.831867 0.0828736 0.0357149 0.0352525 0.0142918
pobs_RECLAS
 0 0 0 0 0
 0 0 0 0 0
 0 0 0 0 0
 0 0 0 0 0
 0 0 0 0 0
 0 0 0 0 0
 0 0 0 0 0
 0 0 0 0 0
 0 0 0 0 0
 0 0 0 0 0
 0.991045 0.00858322 0.000360255 1.14367e-05 0
 0.934742 0.0480273 0.0164251 0.00080598 0
 0.827803 0.169806 0.00239088 0 0
 0.941827 0.0461693 0.0120037 0 0
 0.791401 0.0380133 0.147996 0.0225897 0
 0.846168 0.0940531 0.0597789 0 0
 0.134021 0.677848 0.182769 0.00536245 0
 0.80878 0.0450904 0.141981 0.00414843 0
 0.846168 0.0940531 0.0597789 0 0
 0.905697 0.0802665 0.012482 0.00150086 5.37128e-05
 0.989698 0.0102097 9.19794e-05 0 0
 0.975433 0.0193895 0.00387452 0.00125025 5.28907e-05
 0.303575 0.632131 0.0575291 0.00676475 0
 0.966965 0.00978017 0.0227588 0.000495775 0
 0.843318 0.132988 0.00938335 0.0141283 0.000182051
 0.564624 0.303363 0.111486 0.0197234 0.00080311
 0.826376 0.0876187 0.0782897 0.00655872 0.00115652
 0.89761 0.0855135 0.0140674 0.00269457 0.000114338
 0.34875 0.467042 0.161289 0.0227151 0.000203297
 0.318654 0.224769 0.449479 0.00709798 0
 0.937255 0.0296025 0.0250945 0.00804832 0
ppred_RECLAS
 0.454566 0.0969315 0.427095 0.0214066 7.03026e-07
 0.44067 0.254786 0.0541219 0.23847 0.0119528
 0.573545 0.188646 0.108327 0.0230109 0.106471
 0.811884 0.108195 0.0353537 0.0203012 0.024266
 0.67605 0.263426 0.0348104 0.0113746 0.014339
 0.745284 0.172345 0.0669815 0.00885125 0.0065382
 0.488384 0.381801 0.0878351 0.0341368 0.00784316
 0.443538 0.273248 0.211353 0.0486227 0.0232388
 0.511269 0.216966 0.133449 0.10322 0.0350957
 0.660151 0.174304 0.0734911 0.0452022 0.0468508
 0.781333 0.144776 0.0378977 0.0159786 0.0200144
 0.737036 0.205575 0.0379962 0.00994617 0.00944629
 0.68863 0.230255 0.0634124 0.0117205 0.00598187
 0.629159 0.256311 0.0846936 0.0233247 0.00651136
 0.717599 0.178897 0.0715378 0.0236384 0.0083274
 0.917907 0.0591152 0.0145561 0.00582071 0.00260092
 0.478016 0.479623 0.0305042 0.00751114 0.00434568
 0.889945 0.0528272 0.0525835 0.00334434 0.00129992
 0.641749 0.319123 0.0187818 0.0186951 0.00165118
 0.626623 0.24069 0.118196 0.00695632 0.00753578
 0.763148 0.149028 0.0566139 0.0278014 0.00340876
 0.768324 0.177151 0.0343072 0.0130329 0.00718477
 0.375762 0.480783 0.109693 0.0212432 0.0125189
 0.76607 0.0882351 0.112213 0.0256019 0.00787993
 0.653749 0.265568 0.0304324 0.0387023 0.0115479
 0.482527 0.338914 0.136952 0.0156938 0.0259137
 0.749451 0.121163 0.0847404 0.0342427 0.0104033
 0.710624 0.217153 0.0349263 0.0244273 0.0128697
 0.417799 0.414256 0.126029 0.0202701 0.021646
 0.491386 0.213057 0.210299 0.063979 0.0212789
 0.845704 0.0760532 0.0327756 0.0323513 0.0131156
pobs_PELACES
 0 0 0 0 0
 0 0 0 0 0
 0 0 0 0 0
 0 0 0 0 0
 0 0 0 0 0
 0 0 0 0 0
 0 0 0 0 0
 0 0 0 0 0
 0 0 0 0 0
 0 0 0 0 0
 0 0 0 0 0
 0 0 0 0 0
 0 0 0 0 0
 0 0 0 0 0
 0 0 0 0 0
 0 0 0 0 0
 0.505614 0.472636 0.0217494 0 0
 0 0 0 0 0
 0.443492 0.261883 0.143347 0.151278 0
 0.227955 0.32914 0.350689 0.0885471 0.00366901
 0.970185 0.0296113 0.000203453 0 0
 0.997202 0.00247181 0.000326279 0 0
 0.445219 0.490057 0.0546422 0.010081 0
 0.90214 0.0892962 0.00764917 0.000914606 0
 0 0 0 0 0
 0.581667 0.319106 0.0959925 0.00289975 0.000334073
 0.762889 0.0836404 0.116647 0.0363945 0.000428098
 0.88444 0.0763242 0.0277011 0.0115352 0
 0.521256 0.241999 0.230069 0.00667565 0
 0.616807 0.101726 0.260614 0.0208532 0
 0.833518 0.0704572 0.0857862 0.0102388 0
ppred_PELACES
 0.384251 0.109427 0.482154 0.0241663 7.93656e-07
 0.371505 0.286292 0.0608144 0.267958 0.0134309
 0.502206 0.220204 0.126448 0.0268603 0.124283
 0.764232 0.135602 0.0443092 0.0254438 0.0304128
 0.60958 0.317478 0.041953 0.0137085 0.0172811
 0.686797 0.211918 0.0823614 0.0108836 0.00803946
 0.417928 0.43438 0.0999311 0.0388379 0.00892327
 0.373416 0.307681 0.237986 0.0547498 0.0261672
 0.439676 0.248749 0.152998 0.118341 0.0402369
 0.593348 0.208567 0.0879371 0.0540874 0.0560601
 0.727756 0.180249 0.0471832 0.0198936 0.0249182
 0.67856 0.25129 0.0464456 0.0121579 0.0115469
 0.624735 0.277505 0.0764252 0.0141256 0.0072094
 0.561941 0.30277 0.100045 0.0275525 0.00769161
 0.656765 0.217435 0.0869482 0.0287305 0.0101213
 0.893849 0.0764397 0.0188219 0.00752656 0.00336315
 0.407438 0.544473 0.0346288 0.00852673 0.00493326
 0.858633 0.067857 0.067544 0.00429583 0.00166976
 0.574296 0.379208 0.022318 0.0222151 0.00196207
 0.558038 0.284901 0.139907 0.00823411 0.00892001
 0.707583 0.18399 0.0698955 0.0343236 0.00420846
 0.713813 0.218833 0.0423793 0.0160994 0.00887529
 0.311008 0.530656 0.121072 0.0234468 0.0138175
 0.710492 0.109199 0.138873 0.0316845 0.00975209
 0.585937 0.317579 0.0363925 0.046282 0.0138095
 0.411212 0.385621 0.155825 0.0178566 0.0294849
 0.691522 0.149176 0.104333 0.0421598 0.0128086
 0.647827 0.264277 0.0425056 0.0297282 0.0156625
 0.349627 0.462763 0.140786 0.0226436 0.0241805
 0.420118 0.242911 0.239766 0.0729439 0.0242605
 0.804268 0.0964775 0.0415776 0.0410393 0.0166379
pobs_pel_tallas
 0 0 0 0 0 0 0 0 0 0 0 0 0 0 0 0 0 0 0 0 0 0 0 0 0 0
 0 0 0 0 0 0 0 0 0 0 0 0 0 0 0 0 0 0 0 0 0 0 0 0 0 0
 0 0 0 0 0 0 0 0 0 0 0 0 0 0 0 0 0 0 0 0 0 0 0 0 0 0
 0 0 0 0 0 0 0 0 0 0 0 0 0 0 0 0 0 0 0 0 0 0 0 0 0 0
 0 0 0 0 0 0 0 0 0 0 0 0 0 0 0 0 0 0 0 0 0 0 0 0 0 0
 0 0 0 0 0 0 0 0 0 0 0 0 0 0 0 0 0 0 0 0 0 0 0 0 0 0
 0 0 0 0 0 0 0 0 0 0 0 0 0 0 0 0 0 0 0 0 0 0 0 0 0 0
 0 0 0 0 0 0 0 0 0 0 0 0 0 0 0 0 0 0 0 0 0 0 0 0 0 0
 0 0 0 0 0 0 0 0 0 0 0 0 0 0 0 0 0 0 0 0 0 0 0 0 0 0
 0 0 0 0 0 0 0 0 0 0 0 0 0 0 0 0 0 0 0 0 0 0 0 0 0 0
 0 0 0 0 0 0 0 0 0 0 0 0 0 0 0 0 0 0 0 0 0 0 0 0 0 0
 0 0 0 0 0 0 0 0 0 0 0 0 0 0 0 0 0 0 0 0 0 0 0 0 0 0
 0.00862536 0 0 0.000197151 0.00414017 0.0128641 0.00837892 0.0270097 0.101434 0.158115 0.152841 0.127902 0.109271 0.109419 0.0830992 0.0579132 0.0238553 0.00714673 0.00463305 0.00128148 0.00103504 0.000492878 0.000147863 0.000147863 4.92878e-05 0
 0 0 0 0 0 0 0 0 0 0 0 0 0 0 0 0 0 0 0 0 0 0 0 0 0 0
 0 0 0 0 0 0 0 0.0054083 0.00873648 0.0413646 0.0450493 0.0745869 0.0622846 0.0627006 0.0613931 0.0827291 0.12552 0.122667 0.0946155 0.0697135 0.0546179 0.0294188 0.0215738 0.0213955 0.0102223 0.00600262
 0 0 0 0 0.00359764 0.0251062 0.0480494 0.140153 0.205849 0.193036 0.1447 0.116669 0.0760912 0.0342217 0.00950174 0.001854 0.000860785 0 0 0 0.000165536 0 0.000143464 0 0 0
 0 0 0 0 0 0 0 0.000145254 0.000435761 0.0275982 0.070085 0.0708112 0.156366 0.174668 0.174014 0.160142 0.0824315 0.0480064 0.0283245 0.00493863 0.00203355 0 0 0 0 0
 0 0 0 0 0 0 0 0 0 0 0 0 0 0 0 0 0 0 0 0 0 0 0 0 0 0
 0 0 1.00437e-05 0.000401748 0.00122533 0.00171747 0.00176769 0.0269171 0.070346 0.194647 0.189555 0.159765 0.064822 0.0314167 0.0384472 0.0292271 0.0345202 0.0313363 0.0194345 0.0106764 0.0143323 0.0359363 0.0279516 0.0138201 0.00172751 0
 0 0.0021121 0.0136068 0.0755702 0.200478 0.177729 0.0527432 0.0373336 0.0318909 0.0142505 0.0149659 0.0166563 0.0217959 0.0798694 0.0677717 0.0528807 0.04013 0.0224614 0.0357745 0.0225083 0.00881397 0.00855152 0.00135912 0.000746735 0 0
 0 0 0 0 5.4009e-05 0.00500934 0.000945158 0.0243581 0.138947 0.33067 0.221406 0.137944 0.0707744 0.0437923 0.0131692 0.00525238 0.0047753 0.00276346 9.45158e-05 9.00151e-06 2.25038e-05 9.00151e-06 4.50075e-06 0 0 0
 0.000866109 0.00284123 0.00948549 0.0512746 0.133035 0.25785 0.225252 0.132002 0.0553304 0.0519788 0.0540692 0.017754 0.00435017 0.00159236 0.00146478 0.000404838 0.000125132 0.000115318 0.000107957 0.000100596 0 0 0 0 0 0
 0 0 0 0 0.00144013 0.00171154 0.00461396 0.0210425 0.0478622 0.0707936 0.0888783 0.103762 0.0637923 0.0337046 0.0602308 0.124433 0.169614 0.0934646 0.0462172 0.0250306 0.0313229 0.00938855 0.002487 0.000210481 0 0
 0 0.00764035 0.051015 0.0998891 0.058973 0.0496711 0.0374665 0.0718981 0.12319 0.153886 0.159021 0.0857701 0.0377988 0.023471 0.0147837 0.00900784 0.00315554 0.000888139 0.00291439 0.00214683 0.00393193 0.00274676 0.000635225 9.99891e-05 0 0
 0 0 0 0 0 0 0 0 0 0 0 0 0 0 0 0 0 0 0 0 0 0 0 0 0 0
 0 0 0 0 0 0 0 0 0 0 0 0 0 0 0 0 0 0 0 0 0 0 0 0 0 0
 0 0 0 0 0 0 0 0 0 0 0 0 0 0 0 0 0 0 0 0 0 0 0 0 0 0
 0 0 0 0 0 0 0 0 0 0 0 0 0 0 0 0 0 0 0 0 0 0 0 0 0 0
 0 0 0 0 0 0 0 0 0 0 0 0 0 0 0 0 0 0 0 0 0 0 0 0 0 0
 0 0 0 0 0 0 0 0 0 0 0 0 0 0 0 0 0 0 0 0 0 0 0 0 0 0
 0 0 0 0 0 0 0 0 0 0 0 0 0 0 0 0 0 0 0 0 0 0 0 0 0 0
ppred_pel_tallas
 1.16366e-16 3.16503e-05 0.000307652 0.00204446 0.00929381 0.0289166 0.0616102 0.0899243 0.0899355 0.0616656 0.0291048 0.0098467 0.00346712 0.00352847 0.00648512 0.0115465 0.0186626 0.0276878 0.0383309 0.0501988 0.0625764 0.0740418 0.0824066 0.0853575 0.081559 0.0714701
 1.30974e-16 3.06004e-05 0.000297447 0.00197664 0.00898554 0.0279575 0.0595675 0.0869463 0.086974 0.059703 0.0284129 0.0103028 0.0052908 0.00755871 0.0139036 0.023169 0.0339607 0.0440561 0.0513374 0.0551519 0.0568199 0.0587001 0.0624676 0.0679183 0.0730886 0.0754231
 1.27432e-16 4.13661e-05 0.000402093 0.00267205 0.0121468 0.0377932 0.0805232 0.11753 0.117552 0.0806278 0.0381452 0.0131658 0.00523907 0.0060369 0.0108359 0.0180984 0.0266715 0.0348592 0.0410059 0.0444952 0.0461453 0.0475671 0.0499759 0.0533868 0.0566943 0.0583889
 1.09012e-16 6.29488e-05 0.000611885 0.00406619 0.0184843 0.0575117 0.122535 0.178846 0.17886 0.122599 0.0577272 0.0191076 0.00563333 0.00404225 0.0066059 0.0108971 0.0158765 0.0203718 0.0232514 0.0240471 0.0232413 0.0219106 0.0210041 0.0208202 0.0209974 0.0208887
 1.05592e-16 5.02103e-05 0.000488062 0.00324335 0.0147438 0.0458736 0.0977397 0.14266 0.142691 0.0978893 0.0463757 0.0161938 0.0068832 0.00843414 0.0151423 0.0249575 0.0359588 0.0452506 0.0499225 0.0486546 0.042512 0.0342238 0.0265398 0.0209379 0.0174292 0.0152045
 1.04883e-16 5.65706e-05 0.000549887 0.00365419 0.0166114 0.0516844 0.11012 0.160728 0.160748 0.11022 0.0520213 0.0175855 0.00610315 0.00590934 0.0102743 0.0169983 0.0247199 0.0315847 0.0357256 0.0362614 0.0337693 0.0297912 0.0257997 0.0224646 0.0196599 0.0169598
 1.084e-16 3.44243e-05 0.000334616 0.00222364 0.0101084 0.0314512 0.0670116 0.0978141 0.0978561 0.0672165 0.0321395 0.0120975 0.00721998 0.0112532 0.0208052 0.0344318 0.0498131 0.0631023 0.0703949 0.0698967 0.0629618 0.0530843 0.0436952 0.0365026 0.0313534 0.0271979
 1.16866e-16 3.07578e-05 0.000298977 0.00198681 0.00903177 0.0281013 0.059874 0.0873941 0.0874241 0.0600206 0.0285946 0.0104606 0.00558901 0.00821469 0.0152175 0.0255116 0.0376928 0.0493902 0.0581671 0.0628679 0.0641525 0.0636932 0.0627462 0.0613328 0.0585707 0.0536363
 1.23156e-16 3.62155e-05 0.000352028 0.00233935 0.0106344 0.0330876 0.0704975 0.102898 0.102922 0.0706159 0.0334857 0.0117874 0.00524549 0.00673565 0.0122781 0.0205573 0.0303706 0.039839 0.0471038 0.0514279 0.0536064 0.0552299 0.0573836 0.0598483 0.0613324 0.060385
 1.17503e-16 4.88734e-05 0.000475067 0.00315699 0.0143512 0.044652 0.0951367 0.138859 0.138879 0.0952355 0.0449843 0.0153126 0.00557632 0.00577728 0.0101813 0.0169232 0.0247831 0.0320618 0.0370941 0.039214 0.0391649 0.038521 0.0385732 0.0395534 0.0406811 0.0408038
 1.0762e-16 5.99444e-05 0.000582681 0.00387212 0.0176021 0.0547668 0.116687 0.170312 0.170329 0.116772 0.0550527 0.0184286 0.00594892 0.00512394 0.00870744 0.0143618 0.0208319 0.0265228 0.0298625 0.0301631 0.0280319 0.0249295 0.0222312 0.0205263 0.0195706 0.0187233
 1.04578e-16 5.58921e-05 0.000543292 0.00361036 0.0164122 0.0510646 0.108799 0.158801 0.158825 0.108918 0.0514624 0.0175614 0.0064961 0.00684629 0.0120366 0.0198378 0.028637 0.0361528 0.0400989 0.0394293 0.0349529 0.0287595 0.0229347 0.0185705 0.0156446 0.0135492
 1.04914e-16 5.14586e-05 0.000500196 0.00332398 0.0151104 0.0470141 0.100169 0.146206 0.146233 0.1003 0.0474541 0.0163822 0.00651948 0.00748567 0.0133465 0.0220573 0.0319431 0.040533 0.0453318 0.045175 0.0408844 0.0346309 0.0285506 0.0237154 0.0200652 0.0170172
 1.0703e-16 4.62864e-05 0.00044992 0.00298988 0.0135916 0.0422886 0.0901014 0.131512 0.131541 0.0902445 0.0427693 0.0149815 0.00648336 0.0080918 0.0146055 0.0241932 0.0351301 0.0447743 0.0504507 0.0509155 0.0470453 0.0411257 0.0353459 0.030712 0.0270239 0.0235873
 1.07159e-16 5.40969e-05 0.000525842 0.0034944 0.0158851 0.0494244 0.105305 0.1537 0.153721 0.105408 0.0497703 0.0168852 0.00600971 0.0060326 0.0105592 0.0174941 0.0254867 0.0326667 0.0371586 0.0380993 0.036109 0.0327623 0.0295086 0.0269187 0.024712 0.0223101
 1.01887e-16 7.36251e-05 0.000715663 0.00475583 0.0216193 0.0672658 0.143317 0.209177 0.209184 0.143353 0.0673869 0.0219695 0.00563566 0.00263882 0.00373346 0.00607531 0.00879148 0.0111561 0.0124841 0.0124651 0.0113402 0.00972125 0.00820212 0.00706679 0.00626827 0.00560306
 1.02829e-16 3.35602e-05 0.000326217 0.00216783 0.00985468 0.0306618 0.0653302 0.0953624 0.0954148 0.0655863 0.0315214 0.0123365 0.00839413 0.0139072 0.0257936 0.0425034 0.0610239 0.0763179 0.0832733 0.0795357 0.0669337 0.050289 0.034603 0.0227872 0.0152314 0.0108108
 1.0268e-16 7.07245e-05 0.000687467 0.00456846 0.0207676 0.0646157 0.137671 0.200936 0.200943 0.137703 0.0647249 0.0210841 0.00536732 0.00244569 0.00345176 0.00570337 0.00846182 0.0111657 0.0132745 0.0145085 0.0149549 0.0148986 0.0145373 0.0138433 0.0126675 0.0109485
 1.03301e-16 4.73041e-05 0.000459813 0.00305562 0.0138904 0.0432185 0.0920829 0.134405 0.134442 0.0922612 0.0438172 0.0156191 0.00739283 0.00992106 0.0179958 0.0296242 0.0425515 0.0532671 0.0582343 0.0558442 0.0473977 0.0362602 0.0258856 0.0182269 0.013447 0.0106525
 1.06446e-16 4.59649e-05 0.000446795 0.00296911 0.0134972 0.0419949 0.0894755 0.130598 0.130626 0.0896105 0.0424486 0.0148097 0.00627117 0.00767965 0.0138539 0.0230163 0.0335826 0.0431258 0.0491658 0.0505018 0.0478263 0.0430616 0.038011 0.0334458 0.0291799 0.0247567
 1.06219e-16 5.82827e-05 0.000566528 0.00376478 0.0171142 0.0532486 0.113452 0.165591 0.165609 0.11354 0.0535412 0.0179603 0.00589258 0.00522462 0.00894363 0.0147961 0.0215523 0.0276219 0.0314226 0.0322354 0.0305993 0.0278576 0.025236 0.0231969 0.0214654 0.0195102
 1.04396e-16 5.87959e-05 0.000571517 0.00379793 0.0172649 0.0537175 0.114452 0.16705 0.167071 0.114555 0.054064 0.018266 0.00631208 0.00606376 0.0105011 0.0172981 0.0249868 0.0315819 0.0351029 0.034648 0.0309231 0.0257366 0.020878 0.0172601 0.0148246 0.0130153
 1.0832e-16 2.56174e-05 0.000249011 0.00165477 0.00752235 0.0234051 0.0498689 0.0727959 0.0728471 0.0501193 0.0242458 0.00995156 0.00775606 0.0135803 0.0253797 0.0420105 0.0607334 0.076832 0.0854958 0.0844891 0.0754362 0.0626145 0.0502832 0.0406583 0.0337175 0.0283279
 1.08864e-16 5.85223e-05 0.000568858 0.00378026 0.0171845 0.0534675 0.113918 0.16627 0.16628 0.113971 0.0536444 0.0176981 0.00507926 0.00343732 0.00560256 0.00942201 0.0141589 0.0190487 0.0233272 0.0266149 0.0290396 0.0309227 0.0323196 0.0328508 0.0319645 0.0293704
 1.0811e-16 4.82629e-05 0.000469133 0.00311756 0.014172 0.0440944 0.093949 0.137128 0.137158 0.0940986 0.0445967 0.0156227 0.00675942 0.00842072 0.0151546 0.0249929 0.036043 0.0454393 0.0503172 0.0494169 0.0438619 0.0364059 0.0297532 0.0252461 0.0226871 0.0210475
 1.11376e-16 3.38711e-05 0.000329239 0.00218791 0.00994594 0.0309457 0.0659345 0.0962412 0.0962785 0.066117 0.0315589 0.0117192 0.00664695 0.0100897 0.0186483 0.0309788 0.0450985 0.0577119 0.0654562 0.0667576 0.0626866 0.0560463 0.0494808 0.0441398 0.0396965 0.0352699
 1.09445e-16 5.69598e-05 0.00055367 0.00367933 0.0167257 0.05204 0.110877 0.161832 0.161846 0.110948 0.0522789 0.0174177 0.00542334 0.0043847 0.00740334 0.0123354 0.0182047 0.023829 0.0280374 0.0303019 0.0309944 0.0309826 0.0309085 0.0307607 0.0300219 0.0281569
 1.06927e-16 5.33607e-05 0.000518685 0.00344684 0.0156689 0.0487518 0.103872 0.151609 0.151635 0.103996 0.0491701 0.0168773 0.00648123 0.00714638 0.0126517 0.0208625 0.0301263 0.0380625 0.0422953 0.041768 0.0373827 0.0313767 0.0259419 0.0221595 0.0198723 0.0182738
 1.10544e-16 2.87984e-05 0.000279931 0.00186024 0.00845642 0.0263113 0.0560607 0.0818316 0.0818763 0.0562793 0.0270457 0.0105791 0.00719433 0.0119442 0.02224 0.0368754 0.0534785 0.0680103 0.0763515 0.0765874 0.0700853 0.0604209 0.0510699 0.0437096 0.0381328 0.0332906
 1.18403e-16 3.46046e-05 0.000336369 0.00223529 0.0101613 0.0316158 0.0673617 0.0983213 0.0983451 0.0674779 0.0320071 0.0112961 0.00510063 0.00664777 0.0121873 0.0205304 0.0306004 0.0406539 0.0489042 0.0545136 0.0579389 0.0602481 0.0620145 0.0627766 0.061454 0.0572372
 1.08156e-16 6.62465e-05 0.000643939 0.0042792 0.0194526 0.0605245 0.128954 0.188214 0.188224 0.129 0.0606783 0.0198978 0.00539963 0.0031005 0.00476385 0.00785765 0.011524 0.014955 0.0173932 0.0185433 0.0187501 0.0187213 0.0190075 0.0196512 0.020228 0.0201706
pSPR Fmed_Fpbrs
0.754983   0.19035 0.19035
Fs Fmed_Fpbrs
0.139149   1.005 1.005
SSBpbr Bo_Bmed_Bpbrs
2.57819e+06  1.81758e+06  361849 361849
Ro
256002
SPR SPRFo_SPRFmed_SPRFpbrs
1.82988e+06 1.38153e+06 348318
Fref
1.005
Nvult_r0
 302805 27537.3 11867.4 11713.7 4748.9
CTP_r0
 28994.6 2888.55 1244.84 1228.72 498.14
YTP_r0
391302
Np
 327927 149761 13392 5771.37 7560.58
Nvult_p0
 279277 129594 11588.6 4994.19 6542.47
CTP_p0
 132915 64958.7 5808.76 2503.32 3279.39
YTP_p0
 2.36781e+06
CBA_c0
984256
log_Ro
12.2729
likeval ReclasPelacesDesembMPH_pf_preclas_ppelaces_ptallas_desvR_qrecl_qpela
 20.8414 20.1945 0.17476 0.000795515 242.341 121.561 99.9947 0 19.0858 1.39805e-05 0 0.88593 0 0 0
q_reclas_q_pelaces
0.5887 1
M
1
N
 267169 57190.5 251990 12630.1 0.414792
 157085 91447.5 19425.4 85591.2 4290.1
 153511 50824.2 29184.9 6199.49 28685.1
 371533 49931.3 16315.5 9368.91 11198.6
 298692 116689 15419.8 5038.57 6351.67
 450303 104672 40680.4 5375.69 3970.9
 190272 150340 34586.5 13441.9 3088.37
 92905.1 57328.2 44342.4 10201.2 4875.56
 77628.8 33157.2 20394 15774.4 5363.42
 94960.1 25290.4 10663.1 6558.52 6797.73
 159957 29713.5 7778.04 3279.42 4107.71
 198733 56139.4 10376.2 2716.15 2579.64
 170293 57618.1 15868.1 2932.88 1496.88
 120905 50179.6 16581 4566.41 1274.77
 124348 31386 12550.7 4147.15 1460.97
 556161 36269.4 8930.71 3571.23 1595.76
 159949 161773 10288.9 2533.45 1465.77
 846231 50664.1 50430.4 3207.39 1246.69
 526581 265161 15605.8 15533.8 1371.97
 394219 153103 75184.6 4424.93 4793.53
 598740 117900 44788.9 21994.5 2696.77
 808624 188414 36488.5 13861.5 7641.59
 189719 244221 55720.3 10790.8 6359.17
 538035 62286.7 79212.8 18072.8 5562.57
 440547 179906 20616.1 26218.4 7822.99
 208157 146827 59331.3 6798.99 11226.5
 435125 70709.5 49453.8 19983.7 6071.3
 473477 145329 23374.3 16347.9 8612.97
 160925 160283 48762.6 7842.85 8375.18
 124692 54394.4 53690.2 16334.1 5432.58
 452566 40929.3 17638.7 17410.4 7058.39
pred_Ctot
 11819.7 2791.17 12298.3 616.41 0.0202438
 12092.6 7747.34 1645.7 7251.2 363.453
 11354.9 4138.15 2376.26 504.768 2335.56
 34795.7 5139.87 1679.5 964.425 1152.77
 8989.38 3878.12 512.473 167.455 211.096
 26528.4 6795.36 2640.99 348.993 257.793
 22126 19182.6 4413.04 1715.11 394.059
 1758.12 1198.98 927.388 213.35 101.969
 5670.78 2666.37 1640 1268.51 431.304
 9089.33 2660.3 1121.65 689.891 715.054
 4666.9 957.4 250.616 105.666 132.354
 27140.5 8399.2 1552.41 406.372 385.948
 21813.7 8090.97 2228.26 411.847 210.198
 23141.9 10476.3 3461.72 953.361 266.142
 16592.3 4589.17 1835.13 606.386 213.619
 75009.3 5359.65 1319.72 527.732 235.811
 14224.9 15819 1006.1 247.733 143.33
 80344.8 5286.63 5262.24 334.681 130.088
 71137.9 39248 2309.91 2299.26 203.074
 47401 20193.3 9916.34 583.619 632.235
 55428.9 11997.8 4557.8 2238.2 274.428
 92990 23776.7 4604.61 1749.23 964.319
 13020 18456.4 4210.92 815.489 480.578
 31217.1 3982.73 5065.02 1155.61 355.682
 26400.8 11879.9 1361.36 1731.3 516.583
 10147.6 7893.65 3189.74 365.524 603.556
 25536.5 4573.06 3198.37 1292.43 392.655
 24046.9 8138.53 1308.98 915.493 482.333
 8316.38 9132.8 2778.46 446.88 477.212
 8571.98 4117.71 4064.4 1236.51 411.252
 28994.6 2888.55 1244.84 1228.72 498.14
F
 0.0721147 0.0798071 0.0798071 0.0798071 0.0798071
 0.128415 0.142113 0.142113 0.142113 0.142113
 0.123122 0.136255 0.136255 0.136255 0.136255
 0.158127 0.174995 0.174995 0.174995 0.174995
 0.0485831 0.0537655 0.0537655 0.0537655 0.0537655
 0.0970194 0.107368 0.107368 0.107368 0.107368
 0.199661 0.220959 0.220959 0.220959 0.220959
 0.0303177 0.0335517 0.0335517 0.0335517 0.0335517
 0.121514 0.134476 0.134476 0.134476 0.134476
 0.161855 0.17912 0.17912 0.17912 0.17912
 0.0470686 0.0520894 0.0520894 0.0520894 0.0520894
 0.238127 0.263528 0.263528 0.263528 0.263528
 0.221911 0.245582 0.245582 0.245582 0.245582
 0.348643 0.385833 0.385833 0.385833 0.385833
 0.232106 0.256865 0.256865 0.256865 0.256865
 0.234861 0.259913 0.259913 0.259913 0.259913
 0.14964 0.165602 0.165602 0.165602 0.165602
 0.160457 0.177573 0.177573 0.177573 0.177573
 0.235291 0.26039 0.26039 0.26039 0.26039
 0.207066 0.229154 0.229154 0.229154 0.229154
 0.156183 0.172843 0.172843 0.172843 0.172843
 0.197258 0.2183 0.2183 0.2183 0.2183
 0.113799 0.125937 0.125937 0.125937 0.125937
 0.0954908 0.105677 0.105677 0.105677 0.105677
 0.0987613 0.109296 0.109296 0.109296 0.109296
 0.0797142 0.0882172 0.0882172 0.0882172 0.0882172
 0.096634 0.106942 0.106942 0.106942 0.106942
 0.0831648 0.0920359 0.0920359 0.0920359 0.0920359
 0.0846762 0.0937085 0.0937085 0.0937085 0.0937085
 0.114003 0.126163 0.126163 0.126163 0.126163
 0.105893 0.117189 0.117189 0.117189 0.117189
nmprior
 8.19 8.8 8.5 0
nm_flota  nm_reclas  nm_pelaces    nm_pelaL
inf 11.029 11.9571 25.1718
cv_recla  cv_pelaces  cv_mph
0.412941 0.509552 0.870422
 ------------------------------------------------
Talla a la edad & desviaci?n 
 8 13.2811 15.8009 17.003 17.5766
 0.8 1.32811 1.58009 1.7003 1.75766
