years
 1991 1992 1993 1994 1995 1996 1997 1998 1999 2000 2001 2002 2003 2004 2005 2006 2007 2008 2009 2010 2011 2012 2013 2014 2015 2016 2017 2018 2019 2020 2021
reclasobs
 0 0 0 0 0 0 0 0 0 252601 567819 844713 477998 351125 339783 2.1784e+06 2.13404e+06 4.81314e+06 1.55562e+06 2.62356e+06 3.21686e+06 3.843e+06 1.13348e+06 3.07943e+06 1.97215e+06 2.03268e+06 2.025e+06 2.42433e+06 2.27542e+06 1.05018e+06 2.36338e+06
reclaspred
 4.09981e+06 1.47373e+06 857718 470076 92208.9 1.72732e+06 587491 173715 546769 189854 315791 636723 566677 410846 312230 1.83464e+06 1.20941e+06 4.5337e+06 3.61842e+06 1.88549e+06 3.7724e+06 3.40774e+06 2.00613e+06 3.68947e+06 2.4466e+06 1.64324e+06 2.55714e+06 3.60668e+06 2.62977e+06 1.06497e+06 1.60807e+06
pelacesobs
 0 0 0 0 0 0 0 0 0 0 0 0 0 0 0 552880 188675 0 991730 2.46772e+06 1.41603e+06 1.21717e+06 2.29649e+06 1.80582e+06 0 1.4828e+06 1.56532e+06 1.57751e+06 1.42118e+06 867257 1.10002e+06
pelacespred
 1.06191e+06 389977 190392 69178.4 13246.7 407106 97302 39208.2 117535 30955 72106.6 119322 115724 81700 61321.9 366591 239796 1.12501e+06 879380 425977 862008 775283 461164 983664 612296 406664 741904 1.02295e+06 618938 288547 405908
mphobs
 0 0 0 0 0 0 0 0 0 0 0 498337 0 5186 125008 0 168611 109162 213762 579715 649985 157893 87575 83554 0 0 0 0 0 0 0
mphpred
 2.35917e+06 1.10572e+06 287474 249023 74299.4 13339 462799 100941 36252.3 121368 26469.9 100353 154349 103594 54264.4 56972 599271 349646 1.37696e+06 922911 644168 1.00437e+06 1.04618e+06 618631 1.07346e+06 747904 454684 691474 1.32729e+06 717754 256273
desembarqueobs
 494567 514787 250237 358949 120608 361735 552515 73892 212993 205616 52469 317467 293654 387597 252695 516296 358380 742168 942051 627588 828172 859565 418607 520667 417249 300574 407403 355545 319650 289779 391294
desembarquepred
 494524 514662 249679 358709 120520 361543 551778 73863.2 212832 205397 52457.3 317195 293356 386955 252399 515912 358235 741710 940788 626606 827692 858805 418364 520464 416992 300358 407183 355385 319479 289540 391086
Reclutas
 16480.4 10533.2 188079 20513.1 7187.86 282517 11572 2933.4 57525.2 15366.8 50803.6 128358 81308.9 68156.6 46241.4 392844 17496.1 690588 315240 139642 382972 512957 24233.2 278024 170529 47775.6 228441 302082 27350.5 13342.3 159984
log_desv_Rt
 -1.41614 -1.86378 1.01855 -1.19725 -2.24592 1.42542 -1.76973 -3.14215 -0.166092 -1.4861 -0.290347 0.636505 0.17994 0.00349393 -0.384439 1.7551 -1.35634 2.31923 1.53502 0.720771 1.72965 2.02188 -1.03059 1.40939 0.920592 -0.3518 1.21296 1.49238 -0.909579 -1.62737 0.856762
SSB
 2.35917e+06 1.10572e+06 287474 249023 74299.4 13339 462799 100941 36252.3 121368 26469.9 100353 154349 103594 54264.4 56972 599271 349646 1.37696e+06 922911 644168 1.00437e+06 1.04618e+06 618631 1.07346e+06 747904 454684 691474 1.32729e+06 717754 256273
BT
 2.904e+06 1.45696e+06 672135 419224 135934 1.26002e+06 711191 160536 463090 255577 210832 536538 529698 590078 391865 1.25264e+06 835569 3.26715e+06 2.91685e+06 1.57228e+06 2.69042e+06 2.56144e+06 1.42598e+06 2.76439e+06 1.80471e+06 1.21336e+06 2.1404e+06 2.71283e+06 1.69448e+06 974239 1.31948e+06
Ftot
 0.213531 0.592197 0.598347 1.24701 1.89913 0.500182 1.44402 0.738084 0.87461 1.71528 0.385189 1.03855 1.01808 1.768 1.60984 0.655188 0.526802 0.377136 0.509333 0.622319 0.465087 0.51889 0.374251 0.308639 0.331386 0.343043 0.35045 0.218959 0.219743 0.476619 0.535623
BD_Bspro_t
 0.966509 0.736669 0.414431 0.401874 0.141224 0.0405551 0.468134 0.144955 0.0839451 0.248665 0.0946065 0.373016 0.320528 0.207158 0.115896 0.126055 0.468734 0.336956 0.595095 0.461992 0.341795 0.443812 0.477823 0.390655 0.55574 0.527925 0.472904 0.602599 0.722142 0.585713 0.388772
BD_Bspro
 4.85947 2.27757 0.592145 0.512943 0.153043 0.027476 0.953282 0.20792 0.0746731 0.249997 0.0545232 0.20671 0.317932 0.213386 0.111775 0.117352 1.23439 0.720207 2.8363 1.90103 1.32687 2.06882 2.15494 1.27427 2.21114 1.54055 0.936568 1.42431 2.73397 1.47844 0.527876
BD_Bo
 1.44223 0.675957 0.175742 0.152235 0.0454214 0.00815454 0.282923 0.0617083 0.0221621 0.0741961 0.0161819 0.061349 0.0943583 0.0633304 0.0331734 0.0348287 0.366353 0.213749 0.84178 0.564203 0.393799 0.614003 0.639561 0.378188 0.656239 0.457216 0.277962 0.422719 0.811409 0.438784 0.156667
BD_Brms
 7.96981 3.73536 0.971154 0.841257 0.251 0.0450622 1.56344 0.341002 0.122468 0.410009 0.0894214 0.339016 0.521427 0.349966 0.183317 0.192465 2.02447 1.18118 4.6517 3.1178 2.17614 3.393 3.53423 2.08988 3.6264 2.52659 1.53603 2.33596 4.48387 2.42474 0.865748
Sel_flota
 0.718679 0.979814 0.998917 0.999943 0.999997
 0.718679 0.979814 0.998917 0.999943 0.999997
 0.718679 0.979814 0.998917 0.999943 0.999997
 0.718679 0.979814 0.998917 0.999943 0.999997
 0.718679 0.979814 0.998917 0.999943 0.999997
 0.718679 0.979814 0.998917 0.999943 0.999997
 0.718679 0.979814 0.998917 0.999943 0.999997
 0.718679 0.979814 0.998917 0.999943 0.999997
 0.718679 0.979814 0.998917 0.999943 0.999997
 0.718679 0.979814 0.998917 0.999943 0.999997
 0.718679 0.979814 0.998917 0.999943 0.999997
 0.718679 0.979814 0.998917 0.999943 0.999997
 0.718679 0.979814 0.998917 0.999943 0.999997
 0.718679 0.979814 0.998917 0.999943 0.999997
 0.718679 0.979814 0.998917 0.999943 0.999997
 0.718679 0.979814 0.998917 0.999943 0.999997
 0.718679 0.979814 0.998917 0.999943 0.999997
 0.718679 0.979814 0.998917 0.999943 0.999997
 0.718679 0.979814 0.998917 0.999943 0.999997
 0.718679 0.979814 0.998917 0.999943 0.999997
 0.718679 0.979814 0.998917 0.999943 0.999997
 0.718679 0.979814 0.998917 0.999943 0.999997
 0.718679 0.979814 0.998917 0.999943 0.999997
 0.718679 0.979814 0.998917 0.999943 0.999997
 0.718679 0.979814 0.998917 0.999943 0.999997
 0.718679 0.979814 0.998917 0.999943 0.999997
 0.718679 0.979814 0.998917 0.999943 0.999997
 0.718679 0.979814 0.998917 0.999943 0.999997
 0.718679 0.979814 0.998917 0.999943 0.999997
 0.718679 0.979814 0.998917 0.999943 0.999997
 0.718679 0.979814 0.998917 0.999943 0.999997
Sel_reclas
 1 1 1 1 1
 1 1 1 1 1
 1 1 1 1 1
 1 1 1 1 1
 1 1 1 1 1
 1 1 1 1 1
 1 1 1 1 1
 1 1 1 1 1
 1 1 1 1 1
 1 1 1 1 1
 1 1 1 1 1
 1 1 1 1 1
 1 1 1 1 1
 1 1 1 1 1
 1 1 1 1 1
 1 1 1 1 1
 1 1 1 1 1
 1 1 1 1 1
 1 1 1 1 1
 1 1 1 1 1
 1 1 1 1 1
 1 1 1 1 1
 1 1 1 1 1
 1 1 1 1 1
 1 1 1 1 1
 1 1 1 1 1
 1 1 1 1 1
 1 1 1 1 1
 1 1 1 1 1
 1 1 1 1 1
 1 1 1 1 1
Sel_pelaces
 1 1 1 1 1
 1 1 1 1 1
 1 1 1 1 1
 1 1 1 1 1
 1 1 1 1 1
 1 1 1 1 1
 1 1 1 1 1
 1 1 1 1 1
 1 1 1 1 1
 1 1 1 1 1
 1 1 1 1 1
 1 1 1 1 1
 1 1 1 1 1
 1 1 1 1 1
 1 1 1 1 1
 1 1 1 1 1
 1 1 1 1 1
 1 1 1 1 1
 1 1 1 1 1
 1 1 1 1 1
 1 1 1 1 1
 1 1 1 1 1
 1 1 1 1 1
 1 1 1 1 1
 1 1 1 1 1
 1 1 1 1 1
 1 1 1 1 1
 1 1 1 1 1
 1 1 1 1 1
 1 1 1 1 1
 1 1 1 1 1
pf_obs 
 0.8446 0.082 0.0669 0.0065 0
 0.8095 0.147 0.0364 0.0071 0
 0.9664 0.0169 0.016 0.0007 0
 0.9276 0.0648 0.0075 0.0001 0
 0.7033 0.2144 0.0806 0.0017 0
 0.9318 0.0425 0.0243 0.0014 0
 0.5671 0.3108 0.0964 0.0239 0.0018
 0.0768 0.2599 0.5324 0.112 0.0189
 0.490249 0.384438 0.106611 0.0170017 0.00170017
 0.7925 0.1577 0.0466 0.003 0.0002
 0.840416 0.127587 0.0312969 0.00059994 9.999e-05
 0.8084 0.0986 0.0794 0.0134 0.0002
 0.7335 0.1905 0.0724 0.0035 0.0001
 0.4001 0.4547 0.1325 0.0127 0
 0.49795 0.308269 0.164784 0.0264974 0.00249975
 0.9179 0.0499 0.0305 0.0017 0
 0.2467 0.6533 0.0926 0.0074 0
 0.9418 0.0223 0.034 0.0019 0
 0.707729 0.231977 0.0356964 0.0245975 0
 0.517169 0.277429 0.184464 0.0207286 0.00020938
 0.811772 0.124168 0.05621 0.00726502 0.000585176
 0.764997 0.148141 0.077277 0.00933861 0.000247198
 0.163321 0.427699 0.378323 0.0303852 0.000271297
 0.753843 0.0900009 0.118128 0.0371064 0.000921714
 0.721811 0.176058 0.0630433 0.0369309 0.00215725
 0.143369 0.312575 0.442814 0.0836902 0.0175525
 0.692698 0.0596174 0.167031 0.0765114 0.00414204
 0.394062 0.376323 0.152708 0.0712218 0.00568511
 0.125707 0.32114 0.495352 0.0537591 0.00404204
 0.23352 0.215282 0.420074 0.123614 0.00750983
 0.774587 0.0839891 0.0768558 0.0609784 0.00358967
pf_pred 
 0.0772294 0.200302 0.646244 0.0762244 7.55162e-07
 0.142685 0.0905694 0.169196 0.534567 0.0629825
 0.920854 0.0159288 0.00683948 0.0124541 0.0439238
 0.261099 0.699297 0.00814502 0.00340796 0.0280515
 0.425624 0.213865 0.341843 0.0038452 0.0148228
 0.994782 0.00308318 0.000817242 0.00124966 6.80753e-05
 0.116563 0.880311 0.0018665 0.000482687 0.000777269
 0.221791 0.144748 0.631304 0.00128934 0.000868549
 0.956799 0.0132558 0.00569592 0.0241663 8.24797e-05
 0.527743 0.459265 0.0040725 0.00169885 0.00722095
 0.940433 0.0399772 0.0190733 0.000162269 0.000354588
 0.875025 0.119717 0.00355579 0.00165767 4.48627e-05
 0.728806 0.249061 0.0212308 0.000610914 0.000292013
 0.765047 0.190807 0.0406467 0.00335711 0.00014253
 0.825615 0.149791 0.0201311 0.00410967 0.000353031
 0.980918 0.0170771 0.00173214 0.000223683 4.94802e-05
 0.128905 0.859927 0.0100218 0.000990049 0.000155911
 0.955006 0.00799479 0.0365359 0.000415414 4.74381e-05
 0.548866 0.436955 0.00256716 0.0114664 0.000145083
 0.464142 0.342756 0.187182 0.00107304 0.00484709
 0.835072 0.093158 0.0463351 0.024656 0.000778684
 0.775874 0.197441 0.0152324 0.00739686 0.00405516
 0.106085 0.746439 0.130303 0.00980853 0.0073644
 0.817451 0.0264472 0.130838 0.0223256 0.00293869
 0.577525 0.365555 0.00840389 0.0406711 0.00784417
 0.326293 0.44433 0.199091 0.0044762 0.0258099
 0.837855 0.0662452 0.0637332 0.0279241 0.00424257
 0.753597 0.217122 0.0121251 0.0114063 0.00574994
 0.148967 0.688923 0.143208 0.00783213 0.0110695
 0.189932 0.158914 0.529225 0.107727 0.0142022
 0.901387 0.0253725 0.0146512 0.0476296 0.0109593
pobs_RECLAS
 0 0 0 0 0
 0 0 0 0 0
 0 0 0 0 0
 0 0 0 0 0
 0 0 0 0 0
 0 0 0 0 0
 0 0 0 0 0
 0 0 0 0 0
 0 0 0 0 0
 0 0 0 0 0
 0.991045 0.00858322 0.000360255 1.14367e-05 0
 0.934742 0.0480273 0.0164251 0.00080598 0
 0.827803 0.169806 0.00239088 0 0
 0.941827 0.0461693 0.0120037 0 0
 0.791401 0.0380133 0.147996 0.0225897 0
 0.846168 0.0940531 0.0597789 0 0
 0.134021 0.677848 0.182769 0.00536245 0
 0.80878 0.0450904 0.141981 0.00414843 0
 0.846168 0.0940531 0.0597789 0 0
 0.905697 0.0802665 0.012482 0.00150086 5.37128e-05
 0.989698 0.0102097 9.19794e-05 0 0
 0.975433 0.0193895 0.00387452 0.00125025 5.28907e-05
 0.303575 0.632131 0.0575291 0.00676475 0
 0.966965 0.00978017 0.0227588 0.000495775 0
 0.843318 0.132988 0.00938335 0.0141283 0.000182051
 0.564624 0.303363 0.111486 0.0197234 0.00080311
 0.826376 0.0876187 0.0782897 0.00655872 0.00115652
 0.89761 0.0855135 0.0140674 0.00269457 0.000114338
 0.34875 0.467042 0.161289 0.0227151 0.000203297
 0.318654 0.224769 0.449479 0.00709798 0
 0.937255 0.0296025 0.0250945 0.00804832 0
ppred_RECLAS
 0.10435 0.197449 0.624606 0.073595 7.29072e-07
 0.190736 0.0871597 0.159483 0.503324 0.0592979
 0.942689 0.0117363 0.00493575 0.00897763 0.031661
 0.336986 0.62829 0.00714862 0.00298733 0.0245876
 0.531077 0.177578 0.27628 0.00310324 0.0119617
 0.996256 0.00223108 0.000579406 0.000885019 4.82086e-05
 0.161028 0.836076 0.00172996 0.000446795 0.000719423
 0.288433 0.134657 0.574947 0.00117291 0.000790072
 0.969379 0.0095444 0.00401284 0.0170057 5.8037e-05
 0.623715 0.366201 0.0031642 0.00131813 0.00560228
 0.956336 0.0294979 0.0137931 0.000117221 0.000256136
 0.908649 0.0875909 0.00254384 0.00118449 3.20548e-05
 0.792394 0.191007 0.0159221 0.00045761 0.000218721
 0.829606 0.139057 0.0288561 0.00237996 0.000101036
 0.874837 0.107895 0.0141381 0.00288232 0.000247581
 0.986255 0.012328 0.00122451 0.000157953 3.49382e-05
 0.17017 0.819406 0.00935546 0.000923209 0.000145377
 0.96746 0.00587829 0.0263288 0.000299039 3.41467e-05
 0.62763 0.360907 0.00207737 0.00926864 0.000117268
 0.548268 0.291113 0.1557 0.000891574 0.00402715
 0.875948 0.0707009 0.0344568 0.0183155 0.000578404
 0.827775 0.152096 0.0114958 0.00557628 0.0030569
 0.140919 0.71973 0.12314 0.00925944 0.00695175
 0.862302 0.0202946 0.098419 0.016776 0.00220808
 0.653477 0.300674 0.00677552 0.0327556 0.00631717
 0.401589 0.397371 0.174521 0.00391961 0.0225994
 0.878034 0.050432 0.0475571 0.0208145 0.00316221
 0.807796 0.169769 0.00929553 0.00873535 0.00440325
 0.194117 0.654826 0.133461 0.00729143 0.0103047
 0.247894 0.150001 0.489461 0.0995245 0.0131201
 0.927906 0.0188465 0.0106613 0.0346208 0.00796555
pobs_PELACES
 0 0 0 0 0
 0 0 0 0 0
 0 0 0 0 0
 0 0 0 0 0
 0 0 0 0 0
 0 0 0 0 0
 0 0 0 0 0
 0 0 0 0 0
 0 0 0 0 0
 0 0 0 0 0
 0 0 0 0 0
 0 0 0 0 0
 0 0 0 0 0
 0 0 0 0 0
 0 0 0 0 0
 0 0 0 0 0
 0.505614 0.472636 0.0217494 0 0
 0 0 0 0 0
 0.443492 0.261883 0.143347 0.151278 0
 0.227955 0.32914 0.350689 0.0885471 0.00366901
 0.970185 0.0296113 0.000203453 0 0
 0.997202 0.00247181 0.000326279 0 0
 0.445219 0.490057 0.0546422 0.010081 0
 0.90214 0.0892962 0.00764917 0.000914606 0
 0 0 0 0 0
 0.581667 0.319106 0.0959925 0.00289975 0.000334073
 0.762889 0.0836404 0.116647 0.0363945 0.000428098
 0.88444 0.0763242 0.0277011 0.0115352 0
 0.521256 0.241999 0.230069 0.00667565 0
 0.616807 0.101726 0.260614 0.0208532 0
 0.833518 0.0704572 0.0857862 0.0102388 0
ppred_PELACES
 0.106182 0.197253 0.623146 0.0734177 7.27313e-07
 0.199291 0.0865381 0.157756 0.497772 0.0586433
 0.945574 0.0111806 0.00468435 0.00851863 0.0300419
 0.361499 0.605321 0.00683335 0.00285437 0.0234927
 0.573359 0.162773 0.250232 0.00280886 0.0108266
 0.996418 0.00213731 0.000553306 0.000845009 4.60287e-05
 0.178561 0.81863 0.00167852 0.000433296 0.000697668
 0.302455 0.132502 0.56312 0.0011485 0.000773617
 0.971648 0.0088722 0.00370972 0.0157165 5.36362e-05
 0.657789 0.333139 0.00284757 0.00118554 0.00503859
 0.957733 0.0285766 0.0133299 0.00011327 0.0002475
 0.915832 0.0807256 0.00232916 0.00108415 2.93387e-05
 0.806537 0.178087 0.01475 0.000423779 0.000202547
 0.850336 0.12239 0.0251159 0.00207024 8.78851e-05
 0.889393 0.0954813 0.0123851 0.00252357 0.000216759
 0.987005 0.0116601 0.0011534 0.000148747 3.29014e-05
 0.176683 0.813009 0.00925165 0.000912801 0.000143737
 0.968527 0.00569659 0.0254544 0.00028907 3.30082e-05
 0.637853 0.351034 0.00201407 0.00898466 0.000113674
 0.561857 0.28275 0.150635 0.00086239 0.00389529
 0.880374 0.0682665 0.033173 0.0176303 0.000556761
 0.834111 0.146558 0.0110411 0.00535476 0.00293543
 0.144917 0.716656 0.122325 0.00919701 0.00690483
 0.865625 0.0198381 0.0960181 0.016365 0.00215397
 0.65998 0.295117 0.00663641 0.0320795 0.00618674
 0.40889 0.39281 0.172145 0.0038658 0.022289
 0.881369 0.0491176 0.0462154 0.0202249 0.00307261
 0.810735 0.167202 0.00914233 0.00859074 0.00433034
 0.197138 0.652542 0.132812 0.0072554 0.0102537
 0.256093 0.148726 0.483846 0.098367 0.0129674
 0.9311 0.0180583 0.010181 0.0330551 0.00760525
pobs_pel_tallas
 0 0 0 0 0 0 0 0 0 0 0 0 0 0 0 0 0 0 0 0 0 0 0 0 0 0
 0 0 0 0 0 0 0 0 0 0 0 0 0 0 0 0 0 0 0 0 0 0 0 0 0 0
 0 0 0 0 0 0 0 0 0 0 0 0 0 0 0 0 0 0 0 0 0 0 0 0 0 0
 0 0 0 0 0 0 0 0 0 0 0 0 0 0 0 0 0 0 0 0 0 0 0 0 0 0
 0 0 0 0 0 0 0 0 0 0 0 0 0 0 0 0 0 0 0 0 0 0 0 0 0 0
 0 0 0 0 0 0 0 0 0 0 0 0 0 0 0 0 0 0 0 0 0 0 0 0 0 0
 0 0 0 0 0 0 0 0 0 0 0 0 0 0 0 0 0 0 0 0 0 0 0 0 0 0
 0 0 0 0 0 0 0 0 0 0 0 0 0 0 0 0 0 0 0 0 0 0 0 0 0 0
 0 0 0 0 0 0 0 0 0 0 0 0 0 0 0 0 0 0 0 0 0 0 0 0 0 0
 0 0 0 0 0 0 0 0 0 0 0 0 0 0 0 0 0 0 0 0 0 0 0 0 0 0
 0 0 0 0 0 0 0 0 0 0 0 0 0 0 0 0 0 0 0 0 0 0 0 0 0 0
 0 0 0 0 0 0 0 0 0 0 0 0 0 0 0 0 0 0 0 0 0 0 0 0 0 0
 0.00862536 0 0 0.000197151 0.00414017 0.0128641 0.00837892 0.0270097 0.101434 0.158115 0.152841 0.127902 0.109271 0.109419 0.0830992 0.0579132 0.0238553 0.00714673 0.00463305 0.00128148 0.00103504 0.000492878 0.000147863 0.000147863 4.92878e-05 0
 0 0 0 0 0 0 0 0 0 0 0 0 0 0 0 0 0 0 0 0 0 0 0 0 0 0
 0 0 0 0 0 0 0 0.0054083 0.00873648 0.0413646 0.0450493 0.0745869 0.0622846 0.0627006 0.0613931 0.0827291 0.12552 0.122667 0.0946155 0.0697135 0.0546179 0.0294188 0.0215738 0.0213955 0.0102223 0.00600262
 0 0 0 0 0.00359764 0.0251062 0.0480494 0.140153 0.205849 0.193036 0.1447 0.116669 0.0760912 0.0342217 0.00950174 0.001854 0.000860785 0 0 0 0.000165536 0 0.000143464 0 0 0
 0 0 0 0 0 0 0 0.000145254 0.000435761 0.0275982 0.070085 0.0708112 0.156366 0.174668 0.174014 0.160142 0.0824315 0.0480064 0.0283245 0.00493863 0.00203355 0 0 0 0 0
 0 0 0 0 0 0 0 0 0 0 0 0 0 0 0 0 0 0 0 0 0 0 0 0 0 0
 0 0 1.00437e-05 0.000401748 0.00122533 0.00171747 0.00176769 0.0269171 0.070346 0.194647 0.189555 0.159765 0.064822 0.0314167 0.0384472 0.0292271 0.0345202 0.0313363 0.0194345 0.0106764 0.0143323 0.0359363 0.0279516 0.0138201 0.00172751 0
 0 0.0021121 0.0136068 0.0755702 0.200478 0.177729 0.0527432 0.0373336 0.0318909 0.0142505 0.0149659 0.0166563 0.0217959 0.0798694 0.0677717 0.0528807 0.04013 0.0224614 0.0357745 0.0225083 0.00881397 0.00855152 0.00135912 0.000746735 0 0
 0 0 0 0 5.4009e-05 0.00500934 0.000945158 0.0243581 0.138947 0.33067 0.221406 0.137944 0.0707744 0.0437923 0.0131692 0.00525238 0.0047753 0.00276346 9.45158e-05 9.00151e-06 2.25038e-05 9.00151e-06 4.50075e-06 0 0 0
 0.000866109 0.00284123 0.00948549 0.0512746 0.133035 0.25785 0.225252 0.132002 0.0553304 0.0519788 0.0540692 0.017754 0.00435017 0.00159236 0.00146478 0.000404838 0.000125132 0.000115318 0.000107957 0.000100596 0 0 0 0 0 0
 0 0 0 0 0.00144013 0.00171154 0.00461396 0.0210425 0.0478622 0.0707936 0.0888783 0.103762 0.0637923 0.0337046 0.0602308 0.124433 0.169614 0.0934646 0.0462172 0.0250306 0.0313229 0.00938855 0.002487 0.000210481 0 0
 0 0.00764035 0.051015 0.0998891 0.058973 0.0496711 0.0374665 0.0718981 0.12319 0.153886 0.159021 0.0857701 0.0377988 0.023471 0.0147837 0.00900784 0.00315554 0.000888139 0.00291439 0.00214683 0.00393193 0.00274676 0.000635225 9.99891e-05 0 0
 0 0 0 0 0 0 0 0 0 0 0 0 0 0 0 0 0 0 0 0 0 0 0 0 0 0
 0 0 0 0 0 0 0 0 0 0 0 0 0 0 0 0 0 0 0 0 0 0 0 0 0 0
 0 0 0 0 0 0 0 0 0 0 0 0 0 0 0 0 0 0 0 0 0 0 0 0 0 0
 0 0 0 0 0 0 0 0 0 0 0 0 0 0 0 0 0 0 0 0 0 0 0 0 0 0
 0 0 0 0 0 0 0 0 0 0 0 0 0 0 0 0 0 0 0 0 0 0 0 0 0 0
 0 0 0 0 0 0 0 0 0 0 0 0 0 0 0 0 0 0 0 0 0 0 0 0 0 0
 0 0 0 0 0 0 0 0 0 0 0 0 0 0 0 0 0 0 0 0 0 0 0 0 0 0
ppred_pel_tallas
 1.25396e-16 8.74613e-06 8.50156e-05 0.000564959 0.00256823 0.00799084 0.0170261 0.0248542 0.0248741 0.017124 0.00832243 0.00353801 0.0030446 0.0056482 0.0110139 0.0193404 0.030528 0.0439483 0.0587736 0.0743406 0.0899873 0.10439 0.115152 0.119375 0.115076 0.102425
 1.64419e-16 1.64153e-05 0.000159563 0.00106035 0.00482021 0.0149975 0.0319541 0.0466398 0.0466485 0.0319971 0.0151431 0.00524661 0.00215352 0.00262442 0.00493772 0.00879629 0.0143012 0.0216343 0.0312272 0.0438985 0.0605391 0.0812893 0.104669 0.127335 0.144833 0.153079
 1.06077e-16 7.78857e-05 0.000757077 0.00503104 0.0228704 0.0711583 0.15161 0.22128 0.221281 0.151616 0.0711762 0.0229225 0.00516272 0.00104747 0.000638666 0.000958916 0.00144161 0.00197146 0.00251038 0.00309586 0.00384429 0.00489036 0.00628789 0.00793537 0.00957388 0.0108611
 1.04614e-16 2.97763e-05 0.000289436 0.00192341 0.00874357 0.0272048 0.0579649 0.0846136 0.0846719 0.0582493 0.0281594 0.0114993 0.00883461 0.015357 0.0285883 0.0470655 0.0674495 0.0840992 0.091303 0.0864681 0.0717359 0.0526588 0.0350222 0.0222294 0.0147306 0.0111087
 1.09377e-16 4.72268e-05 0.000459062 0.00305063 0.0138677 0.0431477 0.0919313 0.13418 0.134196 0.0920099 0.0434124 0.0146368 0.004998 0.00476572 0.00838859 0.014215 0.0214511 0.0290046 0.0357132 0.0409126 0.0446091 0.0470546 0.0481602 0.0473638 0.044088 0.038337
 1.0011e-16 8.20737e-05 0.000797785 0.00530156 0.0241001 0.0749845 0.159762 0.233178 0.233178 0.159763 0.0749879 0.0241099 0.00532623 0.000851758 0.000184959 0.0001769 0.000249361 0.000318938 0.000362774 0.000373185 0.000357758 0.000333423 0.000314985 0.000306876 0.000303237 0.000294169
 1.0042e-16 1.4708e-05 0.000142967 0.00095007 0.00431893 0.0134382 0.0286344 0.0418093 0.041888 0.029019 0.0147288 0.00804425 0.010292 0.0205062 0.038599 0.0635546 0.0910023 0.113282 0.122603 0.115378 0.0944394 0.0672765 0.0417735 0.0226915 0.010886 0.00472742
 1.16531e-16 2.49129e-05 0.000242162 0.00160925 0.00731544 0.0227611 0.0484954 0.0707834 0.070797 0.0485623 0.0229881 0.0079818 0.00332196 0.00411315 0.00776235 0.0137949 0.0221901 0.0327089 0.044918 0.0582822 0.0719399 0.0842734 0.092841 0.0951154 0.0897408 0.077437
 1.01695e-16 8.00334e-05 0.000777953 0.00516977 0.023501 0.0731204 0.155791 0.227381 0.227382 0.155795 0.0731346 0.0235423 0.0052738 0.00100689 0.000520521 0.000749646 0.00111159 0.00148697 0.00182123 0.00210891 0.00239787 0.00275186 0.00319183 0.00366102 0.00404026 0.00420209
 1.01139e-16 5.41813e-05 0.000526662 0.00349985 0.0159098 0.0495016 0.10547 0.153943 0.153975 0.105626 0.0500269 0.0174262 0.00730265 0.00881672 0.0157648 0.0258885 0.037082 0.0462 0.0500815 0.0472808 0.038958 0.0281592 0.0180756 0.0106119 0.00607232 0.00374794
 1.00446e-16 7.88872e-05 0.000766812 0.00509573 0.0231645 0.0720733 0.15356 0.224126 0.224128 0.153573 0.0721187 0.023296 0.00542659 0.00149126 0.00146112 0.00230716 0.00335388 0.00429561 0.00487563 0.00497025 0.00464781 0.0041034 0.00352439 0.00299818 0.00251751 0.00204632
 1.00202e-16 7.54359e-05 0.000733264 0.00487279 0.022151 0.0689201 0.146842 0.214322 0.214329 0.14688 0.0690474 0.0225186 0.00579487 0.00274379 0.00388679 0.00628791 0.00900761 0.0112367 0.0122073 0.011568 0.00959444 0.0070143 0.00458812 0.00276711 0.00162235 0.000989641
 1.00549e-16 6.64334e-05 0.000645757 0.00429128 0.0195075 0.0606953 0.129318 0.188748 0.188765 0.129402 0.0609765 0.0203196 0.0063287 0.00509041 0.00849854 0.0139205 0.0199893 0.0250145 0.0273189 0.0261243 0.0220135 0.0165434 0.0113335 0.00733341 0.00468858 0.00306711
 1.00979e-16 7.00411e-05 0.000680825 0.00452432 0.0205669 0.0639913 0.136341 0.198996 0.199008 0.136398 0.0641851 0.0211267 0.00593003 0.00375119 0.00590605 0.00966539 0.0139445 0.0175915 0.0194776 0.0190725 0.0167444 0.013488 0.0103127 0.00777408 0.00591952 0.00453482
 1.00672e-16 7.32582e-05 0.000712095 0.00473212 0.0215116 0.0669305 0.142603 0.208135 0.208144 0.142648 0.0670814 0.0219475 0.00582631 0.00310034 0.00460788 0.00749888 0.0107882 0.0135506 0.0148957 0.0144116 0.0124042 0.00968617 0.00709026 0.00508652 0.00372311 0.00281212
 1.00057e-16 8.12983e-05 0.000790248 0.00525148 0.0238725 0.0742761 0.158253 0.230975 0.230976 0.158259 0.0742945 0.0239256 0.00538496 0.00108149 0.000633988 0.000918289 0.00131218 0.00164401 0.00179985 0.00172883 0.00146889 0.00112108 0.000789891 0.000535665 0.000366393 0.000259612
 1.00591e-16 1.45533e-05 0.000141463 0.000940078 0.00427351 0.0132969 0.0283333 0.0413697 0.0414479 0.0287153 0.0145789 0.0079741 0.0102206 0.0203727 0.0383541 0.0631658 0.0904785 0.112699 0.1221 0.115121 0.0945555 0.0678022 0.0426401 0.0237522 0.0119681 0.00568426
 1.00771e-16 7.97763e-05 0.000775454 0.00515316 0.0234255 0.0728855 0.15529 0.226651 0.226652 0.155293 0.0728953 0.0234543 0.00522726 0.000943216 0.000415915 0.000606845 0.000971912 0.0014405 0.0019915 0.00260224 0.00323317 0.00380846 0.00421434 0.00433355 0.00410271 0.00355321
 1.01069e-16 5.25392e-05 0.0005107 0.00339378 0.0154277 0.0480013 0.102273 0.149278 0.149312 0.102438 0.0485549 0.0170255 0.00740094 0.00924639 0.0166081 0.0272818 0.0390817 0.0487003 0.0528111 0.0498953 0.0411774 0.029863 0.0193019 0.01148 0.00669574 0.00418935
 1.05166e-16 4.62794e-05 0.000449853 0.00298943 0.0135895 0.0422822 0.0900878 0.131491 0.131519 0.0902218 0.0427329 0.0148932 0.0062698 0.00763721 0.0137729 0.0228945 0.033434 0.0429885 0.0490921 0.050527 0.0479288 0.043136 0.0378796 0.0329116 0.0281036 0.023121
 1.02838e-16 7.25152e-05 0.000704874 0.00468413 0.0212934 0.0662517 0.141156 0.206023 0.20603 0.141189 0.0663605 0.0216083 0.0054766 0.00244179 0.00339187 0.00554722 0.00811317 0.0104774 0.0120679 0.0126263 0.012341 0.0116726 0.0110155 0.0104753 0.00990025 0.00907894
 1.0139e-16 6.87046e-05 0.000667833 0.00443799 0.0201745 0.0627703 0.133739 0.195199 0.195213 0.133808 0.0630018 0.0208428 0.00611493 0.00432637 0.00701042 0.0114641 0.0164689 0.0206303 0.0225795 0.0216927 0.0184672 0.0141954 0.0102042 0.00724554 0.00538631 0.00429003
 1.05805e-16 1.19367e-05 0.000116029 0.000771059 0.00350517 0.0109062 0.0232395 0.0339331 0.0340022 0.0235771 0.0120401 0.00678039 0.00899352 0.0180696 0.0341202 0.0564163 0.0813296 0.102392 0.112986 0.110015 0.0957036 0.0760127 0.0570238 0.0421305 0.0316564 0.0242684
 1.04782e-16 7.13004e-05 0.000693065 0.00460566 0.0209367 0.0651417 0.138791 0.202571 0.202573 0.138802 0.0651762 0.0210382 0.00486787 0.00128953 0.00127465 0.00217881 0.00356239 0.00538025 0.00761419 0.0102236 0.0130837 0.015898 0.0181824 0.0193945 0.0191652 0.0174855
 1.04532e-16 5.43617e-05 0.000528416 0.00351151 0.0159628 0.0496664 0.105821 0.154454 0.154483 0.105959 0.0501322 0.0173075 0.00688473 0.00788562 0.0140084 0.0230257 0.0330599 0.0413697 0.0452214 0.0434039 0.0369906 0.0286643 0.0211457 0.0159217 0.0130056 0.0115328
 1.09228e-16 3.36798e-05 0.00032738 0.00217555 0.00988978 0.030771 0.0655622 0.0956979 0.095736 0.0657482 0.0313959 0.0116971 0.00672075 0.0102781 0.0190154 0.0316003 0.0460229 0.0589241 0.0668584 0.0681757 0.0638924 0.0567808 0.049483 0.0431943 0.0377046 0.0323145
 1.03895e-16 7.25972e-05 0.000705671 0.00468943 0.0213175 0.0663266 0.141316 0.206256 0.206261 0.14134 0.0664057 0.0215468 0.00526842 0.00198079 0.00252738 0.00415067 0.00617839 0.0082068 0.00987441 0.0110189 0.0117424 0.0122693 0.0127164 0.0129793 0.0128159 0.0120344
 1.01901e-16 6.67792e-05 0.000649117 0.00431361 0.0196091 0.0610112 0.129991 0.18973 0.189746 0.13007 0.0612752 0.0203712 0.00622582 0.00482034 0.0079796 0.0130629 0.0187581 0.0234812 0.0256728 0.0246284 0.02093 0.0160713 0.0115827 0.00832541 0.0063598 0.00526889
 1.06463e-16 1.62381e-05 0.00015784 0.00104891 0.00476821 0.014836 0.031612 0.0461519 0.0462148 0.0319197 0.0158691 0.00775287 0.0085435 0.0165275 0.0311308 0.0515057 0.0743445 0.0937949 0.103867 0.101751 0.0894274 0.072225 0.0555421 0.0423375 0.0328321 0.0258233
 1.26061e-16 2.10941e-05 0.000205042 0.00136258 0.00619409 0.0192722 0.041062 0.0599344 0.0599494 0.0411361 0.019523 0.00692827 0.00324189 0.00442832 0.00839649 0.0147755 0.0234525 0.0340378 0.0460289 0.0590471 0.0726631 0.0858354 0.0965534 0.102274 0.101056 0.0926211
 1.04901e-16 7.66935e-05 0.000745488 0.00495403 0.0225203 0.070069 0.14929 0.217893 0.217895 0.149298 0.0700981 0.0226047 0.00516721 0.00121572 0.000984735 0.00154804 0.00232606 0.00315874 0.00395873 0.00473463 0.00559809 0.00667952 0.00800113 0.0094031 0.0105794 0.0112012
pSPR Fmed_Fpbrs
0.387954   0.230962 0.230962
Fs Fmed_Fpbrs
0.593268   1.005 1.005
SSBpbr Bo_Bmed_Bpbrs
1.63578e+06  552818  296013 296013
Ro
67918.9
SPR SPRFo_SPRFmed_SPRFpbrs
485480 188344 112127
Fref
1.005
Nvult_r0
 119934 2726.28 1554.53 5050.24 1161.99
CTP_r0
 33335.4 938.334 541.835 1761.45 405.299
YTP_r0
391086
Np
 135644 40050.3 758.507 426.89 1684.29
Nvult_p0
 111410 34546.6 656.255 369.401 1457.48
CTP_p0
 46722 17140.2 328.768 185.156 730.556
YTP_p0
 665638
CBA_c0
473451
log_Ro
10.9461
likeval ReclasPelacesDesembMPH_pf_preclas_ppelaces_ptallas_desvR_qrecl_qpela
 14.5309 66.8744 0.127404 0.00162325 297.449 120.424 109.984 0 87.6653 1.92433e-05 0 0.0759335 0 0 0
q_reclas_q_pelaces
1.86194 1
M
1
N
 16480.4 32065.6 101643 11977.5 0.118656
 10533.2 5200.27 9569.32 30209.7 3559.14
 188079 2531.82 1070.87 1948.4 6871.42
 20513.1 45008 518.233 216.702 1783.65
 7187.86 3079.8 4879.32 54.859 211.47
 282517 675.385 176.236 269.262 14.6674
 11572 72549.4 152.2 39.3377 63.3434
 2933.4 1508.03 6484.4 13.2334 8.91418
 57525.2 634.903 269.178 1141.24 3.89491
 15366.8 11287.1 99.1385 41.335 175.689
 50803.6 1647.85 773.369 6.5738 14.3643
 128358 14170.2 415.638 193.637 5.24036
 81308.9 22386 1884.29 54.1841 25.8987
 68156.6 14390.7 3037.12 250.719 10.6443
 46241.4 7037.04 936.391 191.059 16.412
 392844 5349.04 534.643 68.9882 15.26
 17496.1 90246.3 1035.57 102.219 16.0966
 690588 4407.8 19813.7 225.085 25.7024
 315240 193737 1120.59 5001.05 63.2749
 139642 80421.8 43269.6 247.851 1119.54
 382972 32846.3 16079.2 8548.93 269.98
 512957 100858 7660.98 3717.11 2037.73
 24233.2 129966 22315.9 1678.35 1260.07
 278024 6812.48 33134.7 5648.85 743.516
 170529 81932.4 1852.15 8955.57 1727.17
 47775.6 49439.3 21784.5 489.349 2821.47
 228441 13735.4 12995.8 5688.96 864.294
 302082 65327.8 3584.44 3368.81 1698.13
 27350.5 94948.7 19392.3 1059.59 1497.48
 13342.3 8591.82 28163.6 5728.04 755.122
 159984 3484.79 1981.42 6436.12 1480.85
pred_Ctot
 1500.75 3892.33 12558 1481.22 0.0146745
 2388.75 1516.26 2832.57 8949.4 1054.41
 43022.6 744.2 319.543 581.858 2052.13
 8239.47 22067.7 257.032 107.545 885.218
 3758.63 1888.61 3018.78 33.9565 130.898
 55519.5 172.074 45.6108 69.7446 3.79933
 5125.28 38707.4 82.0706 21.2238 34.1767
 796.648 519.918 2267.58 4.63117 3.11974
 17846.1 247.247 106.24 450.748 1.5384
 7574.5 6591.65 58.4511 24.383 103.64
 7942.44 337.628 161.084 1.37044 2.99468
 45291 6196.49 184.047 85.8003 2.32208
 28274.5 9662.46 823.662 23.7008 11.3288
 34202 8530.17 1817.15 150.082 6.37192
 21934 3979.49 534.822 109.181 9.37894
 96870.6 1686.45 171.058 22.0899 4.88642
 3594.4 23978.3 279.449 27.6066 4.34744
 105950 886.953 4053.34 46.0866 5.26284
 62921.9 50092.4 294.299 1314.51 16.6323
 33003.6 24372.2 13309.9 76.3001 344.661
 70673.5 7884.11 3921.41 2086.68 65.9013
 104029 26472.9 2042.35 991.769 543.715
 3692.43 25980.8 4535.36 341.399 256.328
 35599.1 1151.75 5697.85 972.255 127.977
 23291.6 14742.9 338.929 1640.26 316.355
 6732.39 9167.85 4107.84 92.3572 532.535
 32816.6 2594.65 2496.27 1093.72 166.17
 28163 8114.15 453.131 426.271 214.883
 2558.43 11831.8 2459.51 134.512 190.112
 2515.07 2104.33 7007.98 1426.51 188.064
 33335.4 938.334 541.835 1761.45 405.299
F
 0.15346 0.209221 0.2133 0.213519 0.213531
 0.425599 0.580242 0.591555 0.592163 0.592195
 0.430019 0.586268 0.597699 0.598313 0.598345
 0.896198 1.22184 1.24566 1.24694 1.247
 1.36487 1.8608 1.89707 1.89902 1.89913
 0.35947 0.490085 0.49964 0.500154 0.500181
 1.03779 1.41487 1.44245 1.44394 1.44401
 0.530445 0.723184 0.737284 0.738042 0.738081
 0.628564 0.856955 0.873663 0.87456 0.874607
 1.23274 1.68066 1.71343 1.71519 1.71528
 0.276827 0.377413 0.384772 0.385167 0.385188
 0.746385 1.01759 1.03743 1.03849 1.03855
 0.731671 0.997526 1.01697 1.01802 1.01807
 1.27062 1.73231 1.76608 1.7679 1.76799
 1.15696 1.57734 1.6081 1.60975 1.60984
 0.470869 0.641962 0.654478 0.65515 0.655186
 0.378602 0.516168 0.526232 0.526772 0.526801
 0.27104 0.369523 0.376728 0.377115 0.377135
 0.366047 0.499052 0.508782 0.509304 0.509332
 0.447248 0.609757 0.621645 0.622284 0.622317
 0.334248 0.455698 0.464583 0.46506 0.465085
 0.372915 0.508416 0.518328 0.518861 0.518889
 0.268966 0.366696 0.373845 0.374229 0.37425
 0.221812 0.302408 0.308304 0.308621 0.308638
 0.23816 0.324696 0.331027 0.331367 0.331385
 0.246538 0.336118 0.342671 0.343023 0.343042
 0.251861 0.343375 0.35007 0.35043 0.350449
 0.157361 0.214539 0.218722 0.218947 0.218959
 0.157925 0.215308 0.219505 0.219731 0.219743
 0.342536 0.466998 0.476103 0.476592 0.476618
 0.384941 0.524811 0.535043 0.535592 0.535621
nmprior
 8.19 8.8 8.5 0
nm_flota  nm_reclas  nm_pelaces    nm_pelaL
inf 13.1177 6.3743 11.1112
cv_recla  cv_pelaces  cv_mph
0.344803 0.927262 1.24336
 ------------------------------------------------
Talla a la edad & desviaci?n 
 8 13.2811 15.8009 17.003 17.5766
 0.8 1.32811 1.58009 1.7003 1.75766
