years
 1991 1992 1993 1994 1995 1996 1997 1998 1999 2000 2001 2002 2003 2004 2005 2006 2007 2008 2009 2010 2011 2012 2013 2014 2015 2016 2017 2018 2019 2020 2021
reclasobs
 0 0 0 0 0 0 0 0 0 252601 567819 844713 477998 351125 339783 2.1784e+06 2.13404e+06 4.81314e+06 1.55562e+06 2.62356e+06 3.21686e+06 3.843e+06 1.13348e+06 3.07943e+06 1.97215e+06 2.03268e+06 2.025e+06 2.42433e+06 2.27542e+06 1.05018e+06 2.36338e+06
reclaspred
 2.79747e+06 2.17099e+06 1.21538e+06 1.02687e+06 1.22932e+06 1.69258e+06 1.32792e+06 1.23968e+06 908686 697009 581120 684935 677712 590703 695945 1.14849e+06 1.6911e+06 2.59286e+06 2.37128e+06 1.91555e+06 3.29641e+06 2.61663e+06 2.53281e+06 3.16775e+06 2.77522e+06 2.60456e+06 2.61765e+06 2.47945e+06 2.74563e+06 1.97957e+06 2.77224e+06
pelacesobs
 0 0 0 0 0 0 0 0 0 0 0 0 0 0 0 552880 188675 0 991730 2.46772e+06 1.41603e+06 1.21717e+06 2.29649e+06 1.80582e+06 0 1.4828e+06 1.56532e+06 1.57751e+06 1.42118e+06 867257 1.10002e+06
pelacespred
 1.21116e+06 1.04757e+06 617968 459373 551155 757017 600982 629202 483880 346695 311147 289671 308029 289371 359418 493998 709882 1.15281e+06 1.17548e+06 903820 1.36919e+06 1.30046e+06 1.20171e+06 1.60511e+06 1.44577e+06 1.29523e+06 1.45512e+06 1.42203e+06 1.2699e+06 1.02143e+06 1.43374e+06
mphobs
 0 0 0 0 0 0 0 0 0 0 0 498337 0 5186 125008 0 168611 109162 213762 579715 649985 157893 87575 83554 0 0 0 0 0 0 0
mphpred
 2.12607e+06 2.26868e+06 1.2989e+06 755852 898589 1.1007e+06 1.35401e+06 930995 894820 639945 447031 534511 512745 464849 399304 630146 1.18152e+06 1.51736e+06 2.01573e+06 1.69472e+06 1.9036e+06 2.34874e+06 2.12516e+06 1.95314e+06 2.63305e+06 2.1308e+06 1.90494e+06 1.93041e+06 2.43446e+06 1.8259e+06 1.43959e+06
desembarqueobs
 494567 514787 250237 358949 120608 361735 552515 73892 212993 205616 52469 317467 293654 387597 252695 516296 358380 742168 942051 627588 828172 859565 418607 520667 417249 300574 415391 372974 316634 284311 391294
desembarquepred
 494489 508704 252986 359020 120593 361792 552676 73917.9 213077 205655 52499.2 317721 293689 387795 252759 516431 358598 742377 942212 627687 828609 860134 418632 520617 417237 300582 415458 373028 316650 284332 391448
Reclutas
 489022 79903.3 109638 252028 227440 300499 136480 86173.4 62152.2 85342.8 129338 149496 149659 121603 155163 455694 220327 631228 535614 381515 555694 672418 213613 479051 384484 225792 406139 411670 179881 167070 594858
log_desv_Rt
 0.732374 -1.07922 -0.762847 0.0695061 -0.0331486 0.245408 -0.543857 -1.00367 -1.33045 -1.01336 -0.597603 -0.452763 -0.451677 -0.659272 -0.415561 0.661787 -0.0649229 0.987632 0.823378 0.484116 0.860183 1.05085 -0.0958702 0.711773 0.491867 -0.0404216 0.54666 0.560187 -0.267742 -0.341622 0.928289
SSB
 2.12607e+06 2.26868e+06 1.2989e+06 755852 898589 1.1007e+06 1.35401e+06 930995 894820 639945 447031 534511 512745 464849 399304 630146 1.18152e+06 1.51736e+06 2.01573e+06 1.69472e+06 1.9036e+06 2.34874e+06 2.12516e+06 1.95314e+06 2.63305e+06 2.1308e+06 1.90494e+06 1.93041e+06 2.43446e+06 1.8259e+06 1.43959e+06
BT
 3.73638e+06 2.98964e+06 1.74836e+06 1.71595e+06 1.63899e+06 2.65631e+06 2.04495e+06 1.90395e+06 1.53537e+06 1.16902e+06 984563 1.13531e+06 1.22541e+06 1.36655e+06 1.53442e+06 2.15784e+06 2.33503e+06 4.44709e+06 4.49157e+06 3.11892e+06 5.0431e+06 4.57646e+06 3.64661e+06 5.79913e+06 4.2378e+06 3.89959e+06 5.09237e+06 4.87012e+06 3.44708e+06 3.00861e+06 5.4142e+06
Ftot
 0.167475 0.220495 0.196384 0.327106 0.0934696 0.202031 0.385739 0.0569702 0.221013 0.276718 0.086168 0.429454 0.402538 0.599811 0.340593 0.419047 0.200356 0.269371 0.370125 0.306781 0.236908 0.307802 0.156621 0.156001 0.142648 0.109803 0.150671 0.142932 0.109671 0.136337 0.13434
BD_Bspro_t
 0.97356 0.851779 0.710758 0.632852 0.670084 0.757688 0.738481 0.619187 0.693194 0.660782 0.640787 0.74905 0.627169 0.556055 0.501065 0.597799 0.654548 0.694141 0.701501 0.634188 0.617177 0.659967 0.668721 0.68768 0.769466 0.773916 0.791117 0.807818 0.832205 0.792864 0.774657
BD_Bspro
 1.26513 1.34999 0.77292 0.449773 0.53471 0.654975 0.80571 0.553993 0.532467 0.380802 0.266008 0.318063 0.305111 0.276611 0.237608 0.374971 0.703068 0.902909 1.19947 1.00845 1.13274 1.39763 1.26459 1.16222 1.56681 1.26794 1.13354 1.1487 1.44864 1.08651 0.856636
BD_Bo
 1.00054 1.06766 0.611274 0.355709 0.422883 0.517996 0.637207 0.438133 0.421109 0.301163 0.210376 0.251545 0.241301 0.218761 0.187915 0.296551 0.556031 0.714078 0.948617 0.79755 0.895847 1.10534 1.00012 0.919161 1.23913 1.00277 0.896479 0.908467 1.14567 0.85928 0.677482
BD_Brms
 4.24729 4.53219 2.59485 1.50998 1.79513 2.19888 2.70493 1.85987 1.7876 1.27843 0.893043 1.0678 1.02432 0.928637 0.797696 1.25885 2.36034 3.03125 4.02686 3.38558 3.80285 4.69213 4.24547 3.90182 5.2601 4.25674 3.80554 3.85642 4.86336 3.64763 2.8759
Sel_flota
 0.5 1 1 1 1
 0.5 1 1 1 1
 0.5 1 1 1 1
 0.5 1 1 1 1
 0.5 1 1 1 1
 0.5 1 1 1 1
 0.5 1 1 1 1
 0.5 1 1 1 1
 0.5 1 1 1 1
 0.5 1 1 1 1
 0.5 1 1 1 1
 0.5 1 1 1 1
 0.5 1 1 1 1
 0.5 1 1 1 1
 0.5 1 1 1 1
 0.5 1 1 1 1
 0.5 1 1 1 1
 0.5 1 1 1 1
 0.5 1 1 1 1
 0.5 1 1 1 1
 0.5 1 1 1 1
 0.5 1 1 1 1
 0.5 1 1 1 1
 0.5 1 1 1 1
 0.5 1 1 1 1
 0.5 1 1 1 1
 0.5 1 1 1 1
 0.5 1 1 1 1
 0.5 1 1 1 1
 0.5 1 1 1 1
 0.5 1 1 1 1
Sel_reclas
 0.5 1 1 1 1
 0.5 1 1 1 1
 0.5 1 1 1 1
 0.5 1 1 1 1
 0.5 1 1 1 1
 0.5 1 1 1 1
 0.5 1 1 1 1
 0.5 1 1 1 1
 0.5 1 1 1 1
 0.5 1 1 1 1
 0.5 1 1 1 1
 0.5 1 1 1 1
 0.5 1 1 1 1
 0.5 1 1 1 1
 0.5 1 1 1 1
 0.5 1 1 1 1
 0.5 1 1 1 1
 0.5 1 1 1 1
 0.5 1 1 1 1
 0.5 1 1 1 1
 0.5 1 1 1 1
 0.5 1 1 1 1
 0.5 1 1 1 1
 0.5 1 1 1 1
 0.5 1 1 1 1
 0.5 1 1 1 1
 0.5 1 1 1 1
 0.5 1 1 1 1
 0.5 1 1 1 1
 0.5 1 1 1 1
 0.5 1 1 1 1
Sel_pelaces
 0.5 1 1 1 1
 0.5 1 1 1 1
 0.5 1 1 1 1
 0.5 1 1 1 1
 0.5 1 1 1 1
 0.5 1 1 1 1
 0.5 1 1 1 1
 0.5 1 1 1 1
 0.5 1 1 1 1
 0.5 1 1 1 1
 0.5 1 1 1 1
 0.5 1 1 1 1
 0.5 1 1 1 1
 0.5 1 1 1 1
 0.5 1 1 1 1
 0.5 1 1 1 1
 0.5 1 1 1 1
 0.5 1 1 1 1
 0.5 1 1 1 1
 0.5 1 1 1 1
 0.5 1 1 1 1
 0.5 1 1 1 1
 0.5 1 1 1 1
 0.5 1 1 1 1
 0.5 1 1 1 1
 0.5 1 1 1 1
 0.5 1 1 1 1
 0.5 1 1 1 1
 0.5 1 1 1 1
 0.5 1 1 1 1
 0.5 1 1 1 1
pf_obs 
 0.8446 0.082 0.0669 0.0065 0
 0.8095 0.147 0.0364 0.0071 0
 0.9664 0.0169 0.016 0.0007 0
 0.9276 0.0648 0.0075 0.0001 0
 0.7033 0.2144 0.0806 0.0017 0
 0.9318 0.0425 0.0243 0.0014 0
 0.5671 0.3108 0.0964 0.0239 0.0018
 0.0768 0.2599 0.5324 0.112 0.0189
 0.490249 0.384438 0.106611 0.0170017 0.00170017
 0.7925 0.1577 0.0466 0.003 0.0002
 0.840416 0.127587 0.0312969 0.00059994 9.999e-05
 0.8084 0.0986 0.0794 0.0134 0.0002
 0.7335 0.1905 0.0724 0.0035 0.0001
 0.4001 0.4547 0.1325 0.0127 0
 0.49795 0.308269 0.164784 0.0264974 0.00249975
 0.9179 0.0499 0.0305 0.0017 0
 0.2467 0.6533 0.0926 0.0074 0
 0.9418 0.0223 0.034 0.0019 0
 0.707729 0.231977 0.0356964 0.0245975 0
 0.517169 0.277429 0.184464 0.0207286 0.00020938
 0.811772 0.124168 0.05621 0.00726502 0.000585176
 0.764997 0.148141 0.077277 0.00933861 0.000247198
 0.163321 0.427699 0.378323 0.0303852 0.000271297
 0.753843 0.0900009 0.118128 0.0371064 0.000921714
 0.721811 0.176058 0.0630433 0.0369309 0.00215725
 0.143369 0.312575 0.442814 0.0836902 0.0175525
 0.692698 0.0596174 0.167031 0.0765114 0.00414204
 0.394062 0.376323 0.152708 0.0712218 0.00568511
 0.125707 0.32114 0.495352 0.0537591 0.00404204
 0.23352 0.215282 0.420074 0.123614 0.00750983
 0.774587 0.0839891 0.0768558 0.0609784 0.00358967
pf_pred 
 0.607002 0.248422 0.0913894 0.0336203 0.0195662
 0.161799 0.640793 0.124785 0.045906 0.0267162
 0.387471 0.178799 0.33158 0.0645706 0.0375786
 0.678195 0.184345 0.040125 0.0744111 0.0229237
 0.547917 0.372075 0.0458326 0.00997604 0.0241998
 0.583149 0.297459 0.0982625 0.0121041 0.00902562
 0.355429 0.482246 0.115833 0.0382642 0.00822808
 0.368205 0.349647 0.211094 0.0507035 0.0203511
 0.363898 0.345004 0.161099 0.097261 0.0327383
 0.547873 0.248641 0.110365 0.0515347 0.0415861
 0.635709 0.264009 0.0551485 0.0244789 0.0206542
 0.582437 0.326383 0.0660805 0.0138034 0.0112966
 0.581391 0.318418 0.0783129 0.0158555 0.00602256
 0.534649 0.352886 0.0855469 0.0210397 0.0058778
 0.647831 0.258624 0.0709373 0.0171966 0.00541097
 0.804955 0.156622 0.028217 0.00773955 0.00246659
 0.432657 0.512646 0.0439221 0.00791298 0.00286214
 0.737438 0.162297 0.0905985 0.00776223 0.00190426
 0.549476 0.386965 0.0392878 0.0219315 0.00234
 0.475436 0.383839 0.120872 0.0122719 0.0075814
 0.616946 0.254833 0.0938236 0.0295452 0.00485283
 0.604304 0.306911 0.0590654 0.0217466 0.00797282
 0.285942 0.549903 0.127323 0.0245034 0.0123291
 0.608218 0.178724 0.164078 0.0379902 0.01099
 0.481508 0.396534 0.0556348 0.0510759 0.015247
 0.366392 0.417892 0.164976 0.0231466 0.0275934
 0.591804 0.222187 0.12268 0.0484322 0.0148957
 0.534921 0.34972 0.0627912 0.0346701 0.0178968
 0.315309 0.483281 0.151452 0.0271928 0.022765
 0.400663 0.292179 0.216804 0.0679427 0.0224115
 0.756034 0.141969 0.0497239 0.0368964 0.0153768
pobs_RECLAS
 0 0 0 0 0
 0 0 0 0 0
 0 0 0 0 0
 0 0 0 0 0
 0 0 0 0 0
 0 0 0 0 0
 0 0 0 0 0
 0 0 0 0 0
 0 0 0 0 0
 0 0 0 0 0
 0.991045 0.00858322 0.000360255 1.14367e-05 0
 0.934742 0.0480273 0.0164251 0.00080598 0
 0.827803 0.169806 0.00239088 0 0
 0.941827 0.0461693 0.0120037 0 0
 0.791401 0.0380133 0.147996 0.0225897 0
 0.846168 0.0940531 0.0597789 0 0
 0.134021 0.677848 0.182769 0.00536245 0
 0.80878 0.0450904 0.141981 0.00414843 0
 0.846168 0.0940531 0.0597789 0 0
 0.905697 0.0802665 0.012482 0.00150086 5.37128e-05
 0.989698 0.0102097 9.19794e-05 0 0
 0.975433 0.0193895 0.00387452 0.00125025 5.28907e-05
 0.303575 0.632131 0.0575291 0.00676475 0
 0.966965 0.00978017 0.0227588 0.000495775 0
 0.843318 0.132988 0.00938335 0.0141283 0.000182051
 0.564624 0.303363 0.111486 0.0197234 0.00080311
 0.826376 0.0876187 0.0782897 0.00655872 0.00115652
 0.89761 0.0855135 0.0140674 0.00269457 0.000114338
 0.34875 0.467042 0.161289 0.0227151 0.000203297
 0.318654 0.224769 0.449479 0.00709798 0
 0.937255 0.0296025 0.0250945 0.00804832 0
ppred_RECLAS
 0.608836 0.247263 0.090963 0.0334634 0.0194749
 0.163225 0.639703 0.124573 0.0458279 0.0266708
 0.389654 0.178162 0.330399 0.0643405 0.0374447
 0.681796 0.182282 0.039676 0.0735785 0.0226672
 0.54893 0.371241 0.0457299 0.00995369 0.0241456
 0.585453 0.295815 0.0977194 0.0120372 0.00897573
 0.360063 0.478779 0.115 0.0379891 0.00816893
 0.368771 0.349333 0.210905 0.0506581 0.0203329
 0.366332 0.343684 0.160482 0.0968888 0.032613
 0.551238 0.24679 0.109544 0.0511511 0.0412766
 0.636578 0.26338 0.055017 0.0244206 0.0206049
 0.588017 0.322021 0.0651973 0.013619 0.0111457
 0.586552 0.314493 0.0773476 0.01566 0.00594832
 0.543349 0.346289 0.0839475 0.0206464 0.00576791
 0.651782 0.255722 0.0701414 0.0170037 0.00535026
 0.808434 0.153829 0.0277137 0.00760151 0.00242259
 0.434965 0.51056 0.0437434 0.00788079 0.0028505
 0.739981 0.160725 0.0897209 0.00768704 0.00188581
 0.55422 0.38289 0.0388741 0.0217005 0.00231536
 0.479263 0.381039 0.11999 0.0121824 0.00752608
 0.619628 0.253048 0.0931667 0.0293384 0.00481885
 0.607981 0.30406 0.0585167 0.0215445 0.00789875
 0.287403 0.548777 0.127062 0.0244533 0.0123039
 0.609912 0.177951 0.163369 0.0378259 0.0109425
 0.483118 0.395303 0.055462 0.0509173 0.0151997
 0.36752 0.417147 0.164683 0.0231054 0.0275442
 0.593458 0.221287 0.122184 0.048236 0.0148354
 0.536529 0.348512 0.0625742 0.0345503 0.0178349
 0.316358 0.482541 0.15122 0.0271511 0.0227301
 0.402138 0.29146 0.216271 0.0677755 0.0223563
 0.757146 0.141322 0.0494972 0.0367282 0.0153066
pobs_PELACES
 0 0 0 0 0
 0 0 0 0 0
 0 0 0 0 0
 0 0 0 0 0
 0 0 0 0 0
 0 0 0 0 0
 0 0 0 0 0
 0 0 0 0 0
 0 0 0 0 0
 0 0 0 0 0
 0 0 0 0 0
 0 0 0 0 0
 0 0 0 0 0
 0 0 0 0 0
 0 0 0 0 0
 0 0 0 0 0
 0.505614 0.472636 0.0217494 0 0
 0 0 0 0 0
 0.443492 0.261883 0.143347 0.151278 0
 0.227955 0.32914 0.350689 0.0885471 0.00366901
 0.970185 0.0296113 0.000203453 0 0
 0.997202 0.00247181 0.000326279 0 0
 0.445219 0.490057 0.0546422 0.010081 0
 0.90214 0.0892962 0.00764917 0.000914606 0
 0 0 0 0 0
 0.581667 0.319106 0.0959925 0.00289975 0.000334073
 0.762889 0.0836404 0.116647 0.0363945 0.000428098
 0.88444 0.0763242 0.0277011 0.0115352 0
 0.521256 0.241999 0.230069 0.00667565 0
 0.616807 0.101726 0.260614 0.0208532 0
 0.833518 0.0704572 0.0857862 0.0102388 0
ppred_PELACES
 0.615396 0.243116 0.0894373 0.0329022 0.0191483
 0.168255 0.635858 0.123824 0.0455524 0.0265105
 0.397388 0.175905 0.326212 0.0635253 0.0369702
 0.693389 0.175641 0.0382305 0.0708979 0.0218413
 0.552745 0.368101 0.0453431 0.00986949 0.0239413
 0.593519 0.290059 0.0958179 0.011803 0.00880107
 0.374855 0.467712 0.112342 0.037111 0.0079801
 0.370962 0.348121 0.210173 0.0504823 0.0202623
 0.374837 0.339071 0.158328 0.0955883 0.0321752
 0.562505 0.240594 0.106793 0.0498669 0.0402403
 0.63986 0.261001 0.05452 0.0242 0.0204188
 0.60507 0.308692 0.0624987 0.0130552 0.0106843
 0.602561 0.302315 0.0743526 0.0150536 0.00571799
 0.567781 0.327762 0.0794562 0.0195418 0.00545932
 0.664426 0.246437 0.0675946 0.0163863 0.005156
 0.818914 0.145413 0.0261975 0.00718564 0.00229005
 0.443106 0.503204 0.0431131 0.00776723 0.00280943
 0.748441 0.155496 0.0868017 0.00743693 0.00182445
 0.569254 0.369977 0.0375631 0.0209687 0.00223727
 0.491906 0.371787 0.117076 0.0118866 0.00734335
 0.628797 0.246949 0.0909209 0.0286311 0.00470269
 0.620017 0.294724 0.05672 0.020883 0.00765624
 0.292725 0.544679 0.126113 0.0242707 0.012212
 0.616018 0.175165 0.160812 0.0372338 0.0107712
 0.488998 0.390806 0.0548311 0.0503381 0.0150268
 0.371742 0.414363 0.163583 0.0229512 0.0273604
 0.599441 0.21803 0.120385 0.047526 0.0146171
 0.542388 0.344106 0.0617832 0.0341135 0.0176095
 0.320284 0.479769 0.150352 0.0269952 0.0225995
 0.407558 0.288818 0.21431 0.0671611 0.0221536
 0.761199 0.138963 0.0486712 0.0361153 0.0150512
pobs_pel_tallas
 0 0 0 0 0 0 0 0 0 0 0 0 0 0 0 0 0 0 0 0 0 0 0 0 0 0
 0 0 0 0 0 0 0 0 0 0 0 0 0 0 0 0 0 0 0 0 0 0 0 0 0 0
 0 0 0 0 0 0 0 0 0 0 0 0 0 0 0 0 0 0 0 0 0 0 0 0 0 0
 0 0 0 0 0 0 0 0 0 0 0 0 0 0 0 0 0 0 0 0 0 0 0 0 0 0
 0 0 0 0 0 0 0 0 0 0 0 0 0 0 0 0 0 0 0 0 0 0 0 0 0 0
 0 0 0 0 0 0 0 0 0 0 0 0 0 0 0 0 0 0 0 0 0 0 0 0 0 0
 0 0 0 0 0 0 0 0 0 0 0 0 0 0 0 0 0 0 0 0 0 0 0 0 0 0
 0 0 0 0 0 0 0 0 0 0 0 0 0 0 0 0 0 0 0 0 0 0 0 0 0 0
 0 0 0 0 0 0 0 0 0 0 0 0 0 0 0 0 0 0 0 0 0 0 0 0 0 0
 0 0 0 0 0 0 0 0 0 0 0 0 0 0 0 0 0 0 0 0 0 0 0 0 0 0
 0 0 0 0 0 0 0 0 0 0 0 0 0 0 0 0 0 0 0 0 0 0 0 0 0 0
 0 0 0 0 0 0 0 0 0 0 0 0 0 0 0 0 0 0 0 0 0 0 0 0 0 0
 0.00862536 0 0 0.000197151 0.00414017 0.0128641 0.00837892 0.0270097 0.101434 0.158115 0.152841 0.127902 0.109271 0.109419 0.0830992 0.0579132 0.0238553 0.00714673 0.00463305 0.00128148 0.00103504 0.000492878 0.000147863 0.000147863 4.92878e-05 0
 0 0 0 0 0 0 0 0 0 0 0 0 0 0 0 0 0 0 0 0 0 0 0 0 0 0
 0 0 0 0 0 0 0 0.0054083 0.00873648 0.0413646 0.0450493 0.0745869 0.0622846 0.0627006 0.0613931 0.0827291 0.12552 0.122667 0.0946155 0.0697135 0.0546179 0.0294188 0.0215738 0.0213955 0.0102223 0.00600262
 0 0 0 0 0.00359764 0.0251062 0.0480494 0.140153 0.205849 0.193036 0.1447 0.116669 0.0760912 0.0342217 0.00950174 0.001854 0.000860785 0 0 0 0.000165536 0 0.000143464 0 0 0
 0 0 0 0 0 0 0 0.000145254 0.000435761 0.0275982 0.070085 0.0708112 0.156366 0.174668 0.174014 0.160142 0.0824315 0.0480064 0.0283245 0.00493863 0.00203355 0 0 0 0 0
 0 0 0 0 0 0 0 0 0 0 0 0 0 0 0 0 0 0 0 0 0 0 0 0 0 0
 0 0 1.00437e-05 0.000401748 0.00122533 0.00171747 0.00176769 0.0269171 0.070346 0.194647 0.189555 0.159765 0.064822 0.0314167 0.0384472 0.0292271 0.0345202 0.0313363 0.0194345 0.0106764 0.0143323 0.0359363 0.0279516 0.0138201 0.00172751 0
 0 0.0021121 0.0136068 0.0755702 0.200478 0.177729 0.0527432 0.0373336 0.0318909 0.0142505 0.0149659 0.0166563 0.0217959 0.0798694 0.0677717 0.0528807 0.04013 0.0224614 0.0357745 0.0225083 0.00881397 0.00855152 0.00135912 0.000746735 0 0
 0 0 0 0 5.4009e-05 0.00500934 0.000945158 0.0243581 0.138947 0.33067 0.221406 0.137944 0.0707744 0.0437923 0.0131692 0.00525238 0.0047753 0.00276346 9.45158e-05 9.00151e-06 2.25038e-05 9.00151e-06 4.50075e-06 0 0 0
 0.000866109 0.00284123 0.00948549 0.0512746 0.133035 0.25785 0.225252 0.132002 0.0553304 0.0519788 0.0540692 0.017754 0.00435017 0.00159236 0.00146478 0.000404838 0.000125132 0.000115318 0.000107957 0.000100596 0 0 0 0 0 0
 0 0 0 0 0.00144013 0.00171154 0.00461396 0.0210425 0.0478622 0.0707936 0.0888783 0.103762 0.0637923 0.0337046 0.0602308 0.124433 0.169614 0.0934646 0.0462172 0.0250306 0.0313229 0.00938855 0.002487 0.000210481 0 0
 0 0.00764035 0.051015 0.0998891 0.058973 0.0496711 0.0374665 0.0718981 0.12319 0.153886 0.159021 0.0857701 0.0377988 0.023471 0.0147837 0.00900784 0.00315554 0.000888139 0.00291439 0.00214683 0.00393193 0.00274676 0.000635225 9.99891e-05 0 0
 0 0 0 0 0 0 0 0 0 0 0 0 0 0 0 0 0 0 0 0 0 0 0 0 0 0
 0 0 0 0 0 0 0 0 0 0 0 0 0 0 0 0 0 0 0 0 0 0 0 0 0 0
 0 0 0 0 0 0 0 0 0 0 0 0 0 0 0 0 0 0 0 0 0 0 0 0 0 0
 0 0 0 0 0 0 0 0 0 0 0 0 0 0 0 0 0 0 0 0 0 0 0 0 0 0
 0 0 0 0 0 0 0 0 0 0 0 0 0 0 0 0 0 0 0 0 0 0 0 0 0 0
 0 0 0 0 0 0 0 0 0 0 0 0 0 0 0 0 0 0 0 0 0 0 0 0 0 0
 0 0 0 0 0 0 0 0 0 0 0 0 0 0 0 0 0 0 0 0 0 0 0 0 0 0
ppred_pel_tallas
 1.09184e-16 5.06894e-05 0.000492719 0.00327429 0.0148845 0.0463113 0.0986719 0.14402 0.144043 0.098787 0.0466978 0.0160021 0.00608442 0.00664349 0.0117804 0.019523 0.0284225 0.0363911 0.041335 0.0423086 0.0400443 0.036356 0.0329136 0.0303723 0.0283823 0.0262082
 1.12791e-16 1.38591e-05 0.000134715 0.000895232 0.00406963 0.0126625 0.026981 0.0393924 0.0394537 0.0272808 0.0136693 0.00697869 0.0082007 0.0160939 0.0303569 0.0502542 0.0726085 0.0917765 0.102013 0.100698 0.0898802 0.0748118 0.0606916 0.0501722 0.0430868 0.0378236
 1.22086e-16 3.27323e-05 0.00031817 0.00211435 0.00961155 0.0299052 0.0637168 0.0930002 0.0930176 0.0638023 0.0301936 0.0104511 0.0042457 0.00505069 0.00925535 0.0158645 0.0242934 0.0335836 0.0427171 0.0511655 0.0589666 0.0661626 0.0721333 0.0755342 0.0749749 0.069889
 1.11955e-16 5.71136e-05 0.000555164 0.00368926 0.0167709 0.0521805 0.111177 0.162269 0.162286 0.11126 0.0524592 0.0175767 0.00571488 0.00498666 0.00850289 0.0140488 0.0204383 0.0261697 0.0297918 0.030737 0.0296938 0.0281233 0.0272854 0.0275231 0.0282462 0.028458
 1.06444e-16 4.5529e-05 0.000442558 0.00294096 0.0133692 0.0415967 0.0886274 0.129362 0.129397 0.0888007 0.0421786 0.01505 0.00715967 0.00965125 0.0175325 0.0289084 0.0416322 0.0523468 0.0576691 0.0560646 0.048776 0.0389908 0.0299343 0.0233605 0.0193112 0.0168522
 1.05513e-16 4.88875e-05 0.000475204 0.0031579 0.0143554 0.044665 0.0951645 0.138901 0.138929 0.0953016 0.0451255 0.0156865 0.00650342 0.00779232 0.0139859 0.0231496 0.0335888 0.0427511 0.0480487 0.0482622 0.0442113 0.0380872 0.0320249 0.0270642 0.0231143 0.019605
 1.08434e-16 3.08764e-05 0.00030013 0.00199447 0.00906659 0.0282098 0.0601056 0.0877353 0.0877805 0.0603263 0.028951 0.0112087 0.00737537 0.0120598 0.0224036 0.0370913 0.0536704 0.0680044 0.0758851 0.0753673 0.0678861 0.0571766 0.0469137 0.03894 0.033124 0.0283932
 1.14646e-16 3.05557e-05 0.000297012 0.00197375 0.00897241 0.0279167 0.0594807 0.0868209 0.0868547 0.0596461 0.0284727 0.0105819 0.00602678 0.00918796 0.0170432 0.028461 0.0417792 0.054187 0.0628039 0.0662725 0.0654363 0.0624669 0.059205 0.0561124 0.052493 0.0474774
 1.19687e-16 3.08749e-05 0.000300115 0.00199437 0.00906615 0.0282083 0.0601021 0.0877276 0.0877605 0.0602628 0.0287488 0.0106301 0.0059305 0.00892787 0.0165214 0.0275437 0.0403431 0.0521714 0.0602623 0.0634166 0.0626721 0.0604033 0.05859 0.0576589 0.0566238 0.0541033
 1.14955e-16 4.63328e-05 0.000450372 0.00299288 0.0136052 0.042331 0.0901915 0.131642 0.131665 0.0903055 0.0427143 0.0147141 0.00578314 0.00656455 0.011727 0.0194972 0.0285213 0.0368147 0.0424004 0.0444287 0.0436631 0.0418469 0.0404669 0.0399037 0.039495 0.0382293
 1.07523e-16 5.27045e-05 0.000512307 0.00340446 0.0154762 0.0481523 0.102595 0.149745 0.14977 0.102718 0.0485658 0.016671 0.00640548 0.00707002 0.0125264 0.0206778 0.0299096 0.0378921 0.0422957 0.0420783 0.0381051 0.0325313 0.0274519 0.0238745 0.0216179 0.0199019
 1.05e-16 4.98389e-05 0.000484452 0.00321935 0.0146347 0.0455342 0.0970166 0.141605 0.141635 0.0971622 0.046023 0.016047 0.00676585 0.00823168 0.0147786 0.0243935 0.0352304 0.0445051 0.0494091 0.0486459 0.0431845 0.035558 0.0282978 0.0227344 0.0188629 0.0159913
 1.04701e-16 4.96322e-05 0.000482443 0.003206 0.014574 0.0453454 0.0966142 0.141017 0.141047 0.0967569 0.0458245 0.0159586 0.00668387 0.00808289 0.0145084 0.02397 0.0346726 0.0439107 0.0489493 0.0485136 0.0435137 0.0363557 0.0294261 0.0239534 0.0199118 0.016672
 1.05261e-16 4.67674e-05 0.000454596 0.00302095 0.0137328 0.0427281 0.0910379 0.132879 0.132911 0.0911926 0.0432475 0.0152339 0.00679141 0.00869441 0.0157217 0.0259856 0.037589 0.0476058 0.0530742 0.0526171 0.0472276 0.0395186 0.0320774 0.0262268 0.0219225 0.0184629
 1.0453e-16 5.47279e-05 0.000531975 0.00353516 0.0160703 0.0500009 0.106533 0.155493 0.155517 0.10665 0.0503918 0.0171999 0.0063731 0.00673599 0.0118631 0.0195931 0.028378 0.0360195 0.0403059 0.0402083 0.0364604 0.0309893 0.0256841 0.0214809 0.0183061 0.0156245
 1.01902e-16 6.74529e-05 0.000655666 0.00435713 0.0198069 0.0616267 0.131303 0.191643 0.191657 0.131371 0.0618568 0.0204718 0.00602654 0.0043016 0.00699649 0.0114723 0.0165492 0.0208731 0.0231109 0.0226474 0.0199417 0.0161983 0.0126286 0.00988088 0.00797143 0.00658507
 1.02628e-16 3.64982e-05 0.000354776 0.00235761 0.0107174 0.033346 0.071049 0.103708 0.103757 0.0712857 0.0341408 0.0130123 0.00811583 0.0129173 0.0238725 0.0393488 0.0565394 0.0708028 0.077427 0.0742327 0.0628793 0.0477639 0.0334358 0.0225268 0.0153802 0.0109925
 1.036e-16 6.16482e-05 0.000599242 0.00398217 0.0181024 0.0563234 0.120003 0.175152 0.175167 0.120077 0.0565713 0.01882 0.00578822 0.00455783 0.00762637 0.0126317 0.0184719 0.0238129 0.0273143 0.0283209 0.0271832 0.0248926 0.0223568 0.0199291 0.0174778 0.0147773
 1.03661e-16 4.68888e-05 0.000455776 0.00302879 0.0137685 0.042839 0.0912744 0.133225 0.133261 0.0914485 0.0434237 0.0154569 0.00726599 0.00970266 0.0175999 0.0290003 0.0417223 0.052368 0.0575092 0.0555765 0.0478018 0.0373896 0.0276072 0.0202708 0.0155011 0.0124565
 1.05909e-16 4.05178e-05 0.000393847 0.00261725 0.0118977 0.0370183 0.0788727 0.115125 0.11516 0.0790483 0.0376083 0.0136031 0.00690287 0.00976522 0.0178847 0.0296233 0.0429487 0.0545882 0.061205 0.0612203 0.0556829 0.0474228 0.039223 0.0324797 0.0271416 0.0225265
 1.06355e-16 5.17932e-05 0.000503448 0.00334559 0.0152086 0.0473197 0.100821 0.147155 0.147179 0.100937 0.0477122 0.0163434 0.00619879 0.0067474 0.0119556 0.0198023 0.0288015 0.0368103 0.0416686 0.042372 0.0396198 0.0352266 0.0309012 0.0273802 0.0244398 0.0214986
 1.05103e-16 5.107e-05 0.000496419 0.00329888 0.0149962 0.046659 0.099413 0.145102 0.145131 0.099552 0.0471257 0.0163444 0.00668449 0.00789205 0.014111 0.0232856 0.0336299 0.0424861 0.0471795 0.0464841 0.0413396 0.0341752 0.0274056 0.02228 0.0187544 0.0161232
 1.0828e-16 2.41115e-05 0.000234372 0.00155749 0.00708014 0.0220292 0.0469376 0.0685178 0.0685703 0.0471945 0.0228922 0.00957373 0.00782059 0.0139196 0.0260523 0.0431298 0.0623575 0.0788974 0.0878118 0.0868021 0.0775265 0.0643627 0.0516698 0.0417165 0.0344864 0.0288357
 1.10243e-16 5.07406e-05 0.000493217 0.0032776 0.0148995 0.046358 0.0987712 0.144163 0.14418 0.0988549 0.0466396 0.0157159 0.00533772 0.00502657 0.00876659 0.014691 0.0218105 0.0287981 0.0343062 0.0376819 0.0392412 0.0398016 0.0398957 0.039367 0.0376273 0.0342445
 1.09274e-16 4.02782e-05 0.000391519 0.00260178 0.0118273 0.0367994 0.0784065 0.114444 0.114482 0.0785906 0.0374178 0.0136135 0.00708624 0.0101846 0.0186503 0.0308008 0.0444485 0.0560894 0.0621989 0.0612089 0.0544624 0.0452938 0.0369815 0.0311609 0.0276254 0.025193
 1.11759e-16 3.062e-05 0.000297637 0.0019779 0.00899129 0.0279755 0.0596061 0.0870053 0.0870454 0.0598022 0.0286343 0.0108963 0.00676804 0.010782 0.0200231 0.0332654 0.0484133 0.0619235 0.070177 0.0714806 0.0669891 0.0597262 0.0525493 0.0467086 0.0418627 0.0370687
 1.1077e-16 4.93752e-05 0.000479945 0.0031894 0.0144986 0.0451106 0.0961136 0.140285 0.140306 0.0962171 0.0454586 0.0155058 0.00572542 0.00604176 0.0106883 0.0177925 0.0261008 0.0338314 0.0391947 0.0413776 0.0409658 0.0393805 0.0378081 0.03651 0.0349474 0.0324214
 1.08273e-16 4.46759e-05 0.000434265 0.00288585 0.0131187 0.0408172 0.0869666 0.126937 0.12697 0.0871288 0.041362 0.0146927 0.00683853 0.00906875 0.0164606 0.0271897 0.0392804 0.0496558 0.05522 0.0545816 0.0488857 0.0410074 0.0337703 0.0285782 0.0252622 0.0228422
 1.10994e-16 2.63815e-05 0.000256438 0.00170412 0.00774671 0.0241031 0.051356 0.0749653 0.0750117 0.0515827 0.0248646 0.0099479 0.007236 0.0123544 0.0230671 0.0382617 0.0555112 0.0706409 0.0793892 0.0797731 0.0731995 0.0633492 0.0537877 0.0462165 0.0403985 0.0352501
 1.16743e-16 3.35701e-05 0.000326313 0.00216847 0.00985755 0.0306706 0.0653481 0.0953833 0.0954114 0.0654857 0.0311335 0.0111981 0.00554792 0.00775152 0.0142766 0.0239205 0.0353302 0.0462784 0.0544893 0.0589054 0.0601873 0.0599473 0.0593842 0.0584916 0.056362 0.0521111
 1.0761e-16 6.2699e-05 0.000609456 0.00405005 0.018411 0.0572834 0.122049 0.178137 0.17815 0.122115 0.0575044 0.01905 0.00565726 0.00412831 0.00677662 0.0111871 0.0163106 0.0209494 0.0239403 0.0247884 0.0239567 0.0225032 0.0213539 0.0207898 0.0204604 0.0197768
pSPR Fmed_Fpbrs
0.722456   0.285572 0.285572
Fs Fmed_Fpbrs
0.206374   1.005 1.005
SSBpbr Bo_Bmed_Bpbrs
2.12491e+06  1.42891e+06  500571 500571
Ro
235106
SPR SPRFo_SPRFmed_SPRFpbrs
1.68052e+06 1.2141e+06 479909
Fref
1.005
Nvult_r0
 390239 38946 13640.6 10121.7 4218.26
CTP_r0
 24562.5 4612.37 1615.46 1198.71 499.569
YTP_r0
391448
Np
 338556 204620 18465.5 6467.44 6342.53
Nvult_p0
 263203 177066 15978.9 5596.54 5488.44
CTP_p0
 88026.2 88753.6 8009.39 2805.25 2751.06
YTP_p0
 2.45621e+06
CBA_c0
1.01088e+06
log_Ro
12.1878
likeval ReclasPelacesDesembMPH_pf_preclas_ppelaces_ptallas_desvR_qrecl_qpela
 25.5953 18.8284 1.32011 0.00335077 252.883 139.564 104.422 0 20.0264 0 0 6.84193 0 0 0
q_reclas_q_pelaces
1 1
M
1
N
 489022 103548 38093.2 14013.7 8155.64
 79903.3 165450 32219.1 11852.8 6898.02
 109638 26326.3 48821.8 9507.35 5533.06
 252028 36561.5 7958.06 14758.1 4546.49
 227440 78727.1 9697.71 2110.83 5120.42
 300499 79850.1 26377.7 3249.24 2422.84
 136480 99925.8 24001.6 7928.69 1704.93
 86173.4 41401.1 24995.3 6003.73 2409.74
 62152.2 30811.2 14387.2 8686.05 2923.74
 85342.8 20472.5 9087.18 4243.23 3424.09
 129338 27339.1 5710.82 2534.88 2138.81
 149496 45574.5 9227.14 1927.44 1577.4
 149659 44369.2 10912.3 2209.34 839.199
 121603 45019.2 10913.6 2684.13 749.856
 155163 33143.8 9090.93 2203.83 693.44
 455694 48143.1 8673.43 2379.01 758.187
 220327 135951 11647.9 2098.49 759.027
 631228 73327.4 40933.2 3507.04 860.36
 535614 202954 20605.6 11502.6 1227.28
 381515 163752 51565.7 5235.37 3234.34
 555694 120393 44325.9 13958.3 2292.66
 672418 181592 34947.7 12866.9 4717.34
 213613 212083 49105.1 9450.34 4755.03
 479051 72664.6 66710.2 15445.9 4468.26
 384484 163009 22870.6 20996.5 6267.82
 225792 131707 51995.6 7295.11 8696.59
 406139 78626.7 43413.7 17139 5271.25
 411670 138568 24879.4 13737.1 7091.14
 179881 140999 44186.8 7933.61 6641.78
 167070 62643.4 46482.9 14567 4805.03
 594858 57411.5 20108.1 14920.7 6218.27
pred_Ctot
 25001.5 10232.1 3764.2 1384.77 805.904
 5320.18 21070.1 4103.11 1509.45 878.464
 6533.99 3015.12 5591.49 1088.86 633.694
 24359.8 6621.4 1441.23 2672.74 823.385
 6589.62 4474.82 551.214 119.979 291.043
 18402 9386.71 3100.8 381.961 284.815
 15372.9 20857.9 5009.95 1654.99 355.877
 1533.32 1456.04 879.062 211.146 84.7484
 4147.55 3932.21 1836.13 1108.54 373.136
 7049.92 3199.46 1420.16 663.138 535.122
 3459.82 1436.86 300.143 133.226 112.409
 18583.3 10413.6 2108.37 440.415 360.432
 17532 9601.98 2361.55 478.126 181.612
 20408.7 13470.4 3265.51 803.133 224.369
 15573 6216.99 1705.24 413.385 130.073
 55388.4 10777.1 1941.59 532.554 169.724
 13385.2 15859.9 1358.83 244.806 88.5468
 50835.4 11188 6245.43 535.091 131.27
 58071 40896.1 4152.11 2317.81 247.301
 34727 28036.5 8828.75 896.367 553.763
 39620.6 16365.5 6025.4 1897.41 311.651
 61396.9 31182 6001.01 2209.44 810.034
 10236.1 19685.3 4557.87 877.169 441.356
 22867.8 6719.65 6169.02 1428.35 413.202
 16828.8 13859 1944.45 1785.11 532.887
 7659.06 8735.61 3448.67 483.857 576.812
 18745.4 7037.79 3885.91 1534.09 471.824
 18053.5 11803 2119.19 1170.11 604.014
 6094.54 9341.23 2927.38 525.603 440.019
 6998.2 5103.36 3786.82 1186.73 391.451
 24562.5 4612.37 1615.46 1198.71 499.569
F
 0.0837374 0.167475 0.167475 0.167475 0.167475
 0.110247 0.220495 0.220495 0.220495 0.220495
 0.0981922 0.196384 0.196384 0.196384 0.196384
 0.163553 0.327106 0.327106 0.327106 0.327106
 0.0467348 0.0934696 0.0934696 0.0934696 0.0934696
 0.101015 0.202031 0.202031 0.202031 0.202031
 0.19287 0.385739 0.385739 0.385739 0.385739
 0.0284851 0.0569702 0.0569702 0.0569702 0.0569702
 0.110506 0.221013 0.221013 0.221013 0.221013
 0.138359 0.276718 0.276718 0.276718 0.276718
 0.043084 0.086168 0.086168 0.086168 0.086168
 0.214727 0.429454 0.429454 0.429454 0.429454
 0.201269 0.402538 0.402538 0.402538 0.402538
 0.299906 0.599811 0.599811 0.599811 0.599811
 0.170296 0.340593 0.340593 0.340593 0.340593
 0.209524 0.419047 0.419047 0.419047 0.419047
 0.100178 0.200356 0.200356 0.200356 0.200356
 0.134686 0.269371 0.269371 0.269371 0.269371
 0.185062 0.370125 0.370125 0.370125 0.370125
 0.153391 0.306781 0.306781 0.306781 0.306781
 0.118454 0.236908 0.236908 0.236908 0.236908
 0.153901 0.307802 0.307802 0.307802 0.307802
 0.0783104 0.156621 0.156621 0.156621 0.156621
 0.0780006 0.156001 0.156001 0.156001 0.156001
 0.0713242 0.142648 0.142648 0.142648 0.142648
 0.0549013 0.109803 0.109803 0.109803 0.109803
 0.0753357 0.150671 0.150671 0.150671 0.150671
 0.071466 0.142932 0.142932 0.142932 0.142932
 0.0548353 0.109671 0.109671 0.109671 0.109671
 0.0681685 0.136337 0.136337 0.136337 0.136337
 0.06717 0.13434 0.13434 0.13434 0.13434
nmprior
 8.19 8.8 8.5 0
nm_flota  nm_reclas  nm_pelaces    nm_pelaL
inf 6.95902 8.89853 17.1441
cv_recla  cv_pelaces  cv_mph
0.45762 0.492016 1.7864
 ------------------------------------------------
Talla a la edad & desviaci?n 
 8 13.2811 15.8009 17.003 17.5766
 0.8 1.32811 1.58009 1.7003 1.75766
