years
 1991 1992 1993 1994 1995 1996 1997 1998 1999 2000 2001 2002 2003 2004 2005 2006 2007 2008 2009 2010 2011 2012 2013 2014 2015 2016 2017 2018 2019 2020 2021
reclasobs
 0 0 0 0 0 0 0 0 0 252601 567819 844713 477998 351125 339783 2.1784e+06 2.13404e+06 4.81314e+06 1.55562e+06 2.62356e+06 3.21686e+06 3.843e+06 1.13348e+06 3.07943e+06 1.97215e+06 2.03268e+06 2.025e+06 2.42433e+06 2.27542e+06 1.05018e+06 2.36338e+06
reclaspred
 3.1208e+06 1.73003e+06 871027 804366 762734 1.27533e+06 743549 641138 473473 347701 462433 621931 612659 465551 466944 1.36098e+06 1.2903e+06 2.99675e+06 2.46575e+06 1.8123e+06 3.21964e+06 2.61471e+06 2.03341e+06 3.14619e+06 2.33734e+06 2.04634e+06 2.47348e+06 2.68765e+06 2.18742e+06 1.3378e+06 1.92806e+06
pelacesobs
 0 0 0 0 0 0 0 0 0 0 0 0 0 0 0 552880 188675 0 991730 2.46772e+06 1.41603e+06 1.21717e+06 2.29649e+06 1.80582e+06 0 1.4828e+06 1.56532e+06 1.57751e+06 1.42118e+06 867257 1.10002e+06
pelacespred
 1.46096e+06 895897 448018 336440 338758 582724 299822 337282 232013 160290 225787 254498 277143 219277 227241 558181 531715 1.43192e+06 1.20977e+06 823861 1.42759e+06 1.24688e+06 971343 1.65032e+06 1.1793e+06 1.0305e+06 1.42135e+06 1.52271e+06 1.01967e+06 708727 1.00371e+06
mphobs
 0 0 0 0 0 0 0 0 0 0 0 498337 0 5186 125008 0 168611 109162 213762 579715 649985 157893 87575 83554 0 0 0 0 0 0 0
mphpred
 2.78105e+06 1.8519e+06 908953 493065 483264 532580 727047 408607 365621 247799 166850 324293 355065 296222 191997 245621 925698 857344 1.7576e+06 1.31714e+06 1.38921e+06 1.73183e+06 1.642e+06 1.32541e+06 1.85695e+06 1.51324e+06 1.23296e+06 1.34674e+06 1.92726e+06 1.29082e+06 778455
desembarqueobs
 494567 514787 250237 358949 120608 361735 552515 73892 212993 205616 52469 317467 293654 387597 252695 516296 358380 742168 942051 627588 828172 859565 418607 520667 417249 300574 407403 355545 319650 289779 391294
desembarquepred
 494571 513783 250648 358982 120613 361737 552513 73896.2 213036 205653 52471.3 317519 293690 387595 252675 516230 358396 742042 941776 627409 828212 859537 418606 520682 417239 300567 407392 355523 319635 289778 391290
Reclutas
 185217 103852 104010 147042 118382 226845 89019.9 38192.8 39608.9 55021.9 104538 141264 116644 81194 79171.7 465147 90603.7 709062 405753 307728 461817 613330 120631 373712 308609 137611 319725 363073 101097 71776 280846
log_desv_Rt
 0.134174 -0.444392 -0.442864 -0.0966361 -0.313442 0.336912 -0.598495 -1.44471 -1.4083 -1.07962 -0.437804 -0.136723 -0.32823 -0.690513 -0.715736 1.055 -0.58086 1.47659 0.918391 0.641861 1.04781 1.33155 -0.294616 0.836132 0.644719 -0.162922 0.680107 0.807248 -0.471278 -0.813804 0.550453
SSB
 2.78105e+06 1.8519e+06 908953 493065 483264 532580 727047 408607 365621 247799 166850 324293 355065 296222 191997 245621 925698 857344 1.7576e+06 1.31714e+06 1.38921e+06 1.73183e+06 1.642e+06 1.32541e+06 1.85695e+06 1.51324e+06 1.23296e+06 1.34674e+06 1.92726e+06 1.29082e+06 778455
BT
 3.78871e+06 2.57381e+06 1.28098e+06 1.07759e+06 877803 1.65396e+06 1.18411e+06 843729 746290 566961 565681 851588 905312 908443 777633 1.70422e+06 1.50586e+06 3.95832e+06 3.69433e+06 2.46549e+06 3.96454e+06 3.67861e+06 2.60478e+06 4.29116e+06 3.10662e+06 2.64347e+06 3.69442e+06 3.86816e+06 2.6158e+06 1.91797e+06 2.68774e+06
Ftot
 0.152475 0.279537 0.274509 0.449445 0.160302 0.301158 0.689171 0.116612 0.450193 0.585669 0.12631 0.521374 0.486475 0.82893 0.579038 0.430262 0.270638 0.273832 0.383389 0.349688 0.267835 0.338076 0.200013 0.178424 0.179164 0.146096 0.176407 0.143461 0.138978 0.208839 0.221575
BD_Bspro_t
 0.975899 0.827878 0.653912 0.556899 0.524758 0.599486 0.594686 0.405356 0.461747 0.415514 0.388115 0.635664 0.52211 0.430408 0.318656 0.377083 0.584418 0.552696 0.658168 0.560539 0.528655 0.579995 0.595866 0.583805 0.690584 0.697083 0.702873 0.744573 0.79446 0.724179 0.647999
BD_Bspro
 2.40225 1.59966 0.785148 0.425906 0.41744 0.460039 0.628018 0.352952 0.315821 0.214047 0.144124 0.280122 0.306703 0.255874 0.165846 0.212165 0.799612 0.740568 1.5182 1.13774 1.19999 1.49595 1.41835 1.14488 1.60402 1.30713 1.06503 1.16331 1.66475 1.11501 0.672425
BD_Bo
 1.5408 1.02602 0.503593 0.273176 0.267746 0.295068 0.40281 0.226383 0.202567 0.13729 0.0924412 0.17967 0.196719 0.164118 0.106374 0.136083 0.51287 0.475 0.973775 0.729743 0.769675 0.959498 0.909726 0.734326 1.02882 0.83839 0.683107 0.746143 1.06777 0.715164 0.431293
BD_Brms
 9.05977 6.03291 2.96108 1.60625 1.57432 1.73497 2.36849 1.33111 1.19108 0.80725 0.543545 1.05644 1.15669 0.964996 0.625466 0.800153 3.01563 2.79295 5.7257 4.29081 4.52561 5.64176 5.3491 4.31777 6.04933 4.92965 4.0166 4.38725 6.27839 4.20509 2.53596
Sel_flota
 0.759251 0.999997 1 1 1
 0.759251 0.999997 1 1 1
 0.759251 0.999997 1 1 1
 0.759251 0.999997 1 1 1
 0.759251 0.999997 1 1 1
 0.759251 0.999997 1 1 1
 0.759251 0.999997 1 1 1
 0.759251 0.999997 1 1 1
 0.759251 0.999997 1 1 1
 0.759251 0.999997 1 1 1
 0.759251 0.999997 1 1 1
 0.759251 0.999997 1 1 1
 0.759251 0.999997 1 1 1
 0.759251 0.999997 1 1 1
 0.759251 0.999997 1 1 1
 0.759251 0.999997 1 1 1
 0.759251 0.999997 1 1 1
 0.759251 0.999997 1 1 1
 0.759251 0.999997 1 1 1
 0.759251 0.999997 1 1 1
 0.759251 0.999997 1 1 1
 0.759251 0.999997 1 1 1
 0.759251 0.999997 1 1 1
 0.759251 0.999997 1 1 1
 0.759251 0.999997 1 1 1
 0.759251 0.999997 1 1 1
 0.759251 0.999997 1 1 1
 0.759251 0.999997 1 1 1
 0.759251 0.999997 1 1 1
 0.759251 0.999997 1 1 1
 0.759251 0.999997 1 1 1
Sel_reclas
 1 1 1 1 1
 1 1 1 1 1
 1 1 1 1 1
 1 1 1 1 1
 1 1 1 1 1
 1 1 1 1 1
 1 1 1 1 1
 1 1 1 1 1
 1 1 1 1 1
 1 1 1 1 1
 1 1 1 1 1
 1 1 1 1 1
 1 1 1 1 1
 1 1 1 1 1
 1 1 1 1 1
 1 1 1 1 1
 1 1 1 1 1
 1 1 1 1 1
 1 1 1 1 1
 1 1 1 1 1
 1 1 1 1 1
 1 1 1 1 1
 1 1 1 1 1
 1 1 1 1 1
 1 1 1 1 1
 1 1 1 1 1
 1 1 1 1 1
 1 1 1 1 1
 1 1 1 1 1
 1 1 1 1 1
 1 1 1 1 1
Sel_pelaces
 1 1 1 1 1
 1 1 1 1 1
 1 1 1 1 1
 1 1 1 1 1
 1 1 1 1 1
 1 1 1 1 1
 1 1 1 1 1
 1 1 1 1 1
 1 1 1 1 1
 1 1 1 1 1
 1 1 1 1 1
 1 1 1 1 1
 1 1 1 1 1
 1 1 1 1 1
 1 1 1 1 1
 1 1 1 1 1
 1 1 1 1 1
 1 1 1 1 1
 1 1 1 1 1
 1 1 1 1 1
 1 1 1 1 1
 1 1 1 1 1
 1 1 1 1 1
 1 1 1 1 1
 1 1 1 1 1
 1 1 1 1 1
 1 1 1 1 1
 1 1 1 1 1
 1 1 1 1 1
 1 1 1 1 1
 1 1 1 1 1
pf_obs 
 0.8446 0.082 0.0669 0.0065 0
 0.8095 0.147 0.0364 0.0071 0
 0.9664 0.0169 0.016 0.0007 0
 0.9276 0.0648 0.0075 0.0001 0
 0.7033 0.2144 0.0806 0.0017 0
 0.9318 0.0425 0.0243 0.0014 0
 0.5671 0.3108 0.0964 0.0239 0.0018
 0.0768 0.2599 0.5324 0.112 0.0189
 0.490249 0.384438 0.106611 0.0170017 0.00170017
 0.7925 0.1577 0.0466 0.003 0.0002
 0.840416 0.127587 0.0312969 0.00059994 9.999e-05
 0.8084 0.0986 0.0794 0.0134 0.0002
 0.7335 0.1905 0.0724 0.0035 0.0001
 0.4001 0.4547 0.1325 0.0127 0
 0.49795 0.308269 0.164784 0.0264974 0.00249975
 0.9179 0.0499 0.0305 0.0017 0
 0.2467 0.6533 0.0926 0.0074 0
 0.9418 0.0223 0.034 0.0019 0
 0.707729 0.231977 0.0356964 0.0245975 0
 0.517169 0.277429 0.184464 0.0207286 0.00020938
 0.811772 0.124168 0.05621 0.00726502 0.000585176
 0.764997 0.148141 0.077277 0.00933861 0.000247198
 0.163321 0.427699 0.378323 0.0303852 0.000271297
 0.753843 0.0900009 0.118128 0.0371064 0.000921714
 0.721811 0.176058 0.0630433 0.0369309 0.00215725
 0.143369 0.312575 0.442814 0.0836902 0.0175525
 0.692698 0.0596174 0.167031 0.0765114 0.00414204
 0.394062 0.376323 0.152708 0.0712218 0.00568511
 0.125707 0.32114 0.495352 0.0537591 0.00404204
 0.23352 0.215282 0.420074 0.123614 0.00750983
 0.774587 0.0839891 0.0768558 0.0609784 0.00358967
pf_pred 
 0.447011 0.135051 0.392172 0.0257654 8.91272e-07
 0.410182 0.307349 0.0689846 0.200323 0.0131615
 0.561593 0.214017 0.116928 0.0262445 0.0812179
 0.704807 0.188065 0.0522968 0.0285722 0.0262592
 0.646617 0.272336 0.0516343 0.0143584 0.0150543
 0.765849 0.16659 0.052066 0.00987157 0.00562318
 0.469742 0.433852 0.0685895 0.0214368 0.00637957
 0.460309 0.30453 0.192406 0.0304182 0.0123361
 0.565273 0.231785 0.114514 0.0723513 0.0160771
 0.733506 0.172333 0.0502043 0.0248035 0.0191534
 0.831769 0.134295 0.0219454 0.00639316 0.0055976
 0.73674 0.228756 0.0275433 0.00450089 0.00245924
 0.679179 0.256437 0.0559459 0.00673613 0.0017022
 0.626224 0.280252 0.0747557 0.0163091 0.00245991
 0.739954 0.185873 0.0556138 0.0148347 0.00372456
 0.940269 0.0479886 0.00839319 0.00251126 0.000838047
 0.35369 0.618317 0.0224896 0.00393341 0.00156963
 0.89717 0.0440543 0.05623 0.0020452 0.000500446
 0.581789 0.385931 0.0138295 0.0176517 0.000799129
 0.588131 0.271684 0.129364 0.00463565 0.00618471
 0.733574 0.176997 0.0589912 0.028089 0.00234944
 0.732728 0.211235 0.0372273 0.0124074 0.00640202
 0.297458 0.555968 0.115843 0.0204156 0.0103152
 0.734142 0.0969398 0.133676 0.027853 0.00738884
 0.610324 0.30731 0.0300331 0.0414142 0.0109183
 0.420763 0.393371 0.146579 0.014325 0.0249612
 0.729256 0.133788 0.0930093 0.0346574 0.00928886
 0.680684 0.250472 0.0340193 0.0236501 0.0111745
 0.325042 0.500352 0.136961 0.0186022 0.0190425
 0.394951 0.237674 0.272338 0.074547 0.0204897
 0.819554 0.0847647 0.0375852 0.0430669 0.0150289
pobs_RECLAS
 0 0 0 0 0
 0 0 0 0 0
 0 0 0 0 0
 0 0 0 0 0
 0 0 0 0 0
 0 0 0 0 0
 0 0 0 0 0
 0 0 0 0 0
 0 0 0 0 0
 0 0 0 0 0
 0.991045 0.00858322 0.000360255 1.14367e-05 0
 0.934742 0.0480273 0.0164251 0.00080598 0
 0.827803 0.169806 0.00239088 0 0
 0.941827 0.0461693 0.0120037 0 0
 0.791401 0.0380133 0.147996 0.0225897 0
 0.846168 0.0940531 0.0597789 0 0
 0.134021 0.677848 0.182769 0.00536245 0
 0.80878 0.0450904 0.141981 0.00414843 0
 0.846168 0.0940531 0.0597789 0 0
 0.905697 0.0802665 0.012482 0.00150086 5.37128e-05
 0.989698 0.0102097 9.19794e-05 0 0
 0.975433 0.0193895 0.00387452 0.00125025 5.28907e-05
 0.303575 0.632131 0.0575291 0.00676475 0
 0.966965 0.00978017 0.0227588 0.000495775 0
 0.843318 0.132988 0.00938335 0.0141283 0.000182051
 0.564624 0.303363 0.111486 0.0197234 0.00080311
 0.826376 0.0876187 0.0782897 0.00655872 0.00115652
 0.89761 0.0855135 0.0140674 0.00269457 0.000114338
 0.34875 0.467042 0.161289 0.0227151 0.000203297
 0.318654 0.224769 0.449479 0.00709798 0
 0.937255 0.0296025 0.0250945 0.00804832 0
ppred_RECLAS
 0.51651 0.118078 0.342884 0.0225272 7.79257e-07
 0.479766 0.27109 0.060846 0.176689 0.0116087
 0.629417 0.180907 0.0988383 0.0221842 0.0686528
 0.760952 0.152295 0.0423499 0.0231378 0.0212647
 0.707488 0.225425 0.0427401 0.0118851 0.0124611
 0.812736 0.133232 0.0416401 0.00789485 0.00449717
 0.543774 0.37328 0.0590132 0.0184439 0.00548887
 0.529678 0.265388 0.167675 0.0265084 0.0107504
 0.634189 0.195041 0.0963603 0.0608816 0.0135284
 0.786686 0.137943 0.0401858 0.0198539 0.0153313
 0.867196 0.106014 0.0173239 0.00504682 0.0044188
 0.789058 0.183295 0.0220696 0.00360642 0.00197051
 0.738639 0.20891 0.045577 0.00548766 0.00138672
 0.694 0.229434 0.0612003 0.0133518 0.00201385
 0.792169 0.148551 0.0444469 0.0118559 0.00297669
 0.954491 0.0365623 0.00639472 0.00191331 0.000638502
 0.420461 0.554438 0.0201661 0.00352703 0.00140746
 0.920433 0.0340882 0.0435094 0.00158253 0.000387233
 0.649202 0.323721 0.0116003 0.0148063 0.000670312
 0.654886 0.22765 0.108397 0.0038843 0.00518229
 0.784946 0.142868 0.0476164 0.0226728 0.00189641
 0.784568 0.170264 0.0300066 0.0100009 0.00516026
 0.359072 0.50721 0.105683 0.0186251 0.00941052
 0.785029 0.0783852 0.10809 0.0225218 0.00597458
 0.674403 0.256776 0.0250943 0.034604 0.00912285
 0.489756 0.346517 0.12912 0.0126187 0.021988
 0.78079 0.108323 0.0753058 0.0280606 0.00752081
 0.737983 0.205526 0.0279147 0.0194062 0.00916927
 0.388835 0.453062 0.124016 0.016844 0.0172427
 0.463496 0.210749 0.241486 0.0661017 0.0181684
 0.85741 0.0669821 0.0297002 0.0340319 0.011876
pobs_PELACES
 0 0 0 0 0
 0 0 0 0 0
 0 0 0 0 0
 0 0 0 0 0
 0 0 0 0 0
 0 0 0 0 0
 0 0 0 0 0
 0 0 0 0 0
 0 0 0 0 0
 0 0 0 0 0
 0 0 0 0 0
 0 0 0 0 0
 0 0 0 0 0
 0 0 0 0 0
 0 0 0 0 0
 0 0 0 0 0
 0.505614 0.472636 0.0217494 0 0
 0 0 0 0 0
 0.443492 0.261883 0.143347 0.151278 0
 0.227955 0.32914 0.350689 0.0885471 0.00366901
 0.970185 0.0296113 0.000203453 0 0
 0.997202 0.00247181 0.000326279 0 0
 0.445219 0.490057 0.0546422 0.010081 0
 0.90214 0.0892962 0.00764917 0.000914606 0
 0 0 0 0 0
 0.581667 0.319106 0.0959925 0.00289975 0.000334073
 0.762889 0.0836404 0.116647 0.0363945 0.000428098
 0.88444 0.0763242 0.0277011 0.0115352 0
 0.521256 0.241999 0.230069 0.00667565 0
 0.616807 0.101726 0.260614 0.0208532 0
 0.833518 0.0704572 0.0857862 0.0102388 0
ppred_PELACES
 0.519534 0.117339 0.340739 0.0223863 7.74382e-07
 0.485312 0.2682 0.0601974 0.174806 0.011485
 0.63449 0.178431 0.0974855 0.0218806 0.0677131
 0.767387 0.148196 0.04121 0.022515 0.0206923
 0.710117 0.2234 0.042356 0.0117783 0.0123491
 0.81635 0.130661 0.0408364 0.00774248 0.00441037
 0.557321 0.362196 0.0572608 0.0178962 0.00532588
 0.531985 0.264086 0.166853 0.0263783 0.0106977
 0.642446 0.190639 0.0941853 0.0595074 0.013223
 0.79439 0.132962 0.0387345 0.0191368 0.0147776
 0.868348 0.105095 0.0171737 0.00500306 0.00438048
 0.79587 0.177376 0.0213569 0.00348996 0.00190688
 0.746031 0.203001 0.0442879 0.00533245 0.0013475
 0.707804 0.219084 0.0584395 0.0127495 0.001923
 0.799641 0.143211 0.0428489 0.0114297 0.00286967
 0.955953 0.0353877 0.00618929 0.00185185 0.00061799
 0.425709 0.549418 0.0199835 0.00349509 0.00139472
 0.922011 0.0334118 0.0426461 0.00155113 0.00037955
 0.656106 0.31735 0.0113719 0.0145149 0.000657118
 0.661138 0.223526 0.106433 0.00381394 0.00508841
 0.788516 0.140496 0.0468259 0.0222964 0.00186493
 0.789073 0.166703 0.0293791 0.00979172 0.00505235
 0.362737 0.504309 0.105079 0.0185186 0.00935671
 0.787411 0.0775165 0.106892 0.0222721 0.00590836
 0.67752 0.254317 0.024854 0.0342726 0.00903549
 0.492657 0.344547 0.128386 0.012547 0.021863
 0.783179 0.107142 0.074485 0.0277548 0.00743883
 0.740181 0.203802 0.0276805 0.0192434 0.00909236
 0.391462 0.451115 0.123483 0.0167715 0.0171685
 0.467624 0.209127 0.239627 0.0655931 0.0180286
 0.859548 0.0659774 0.0292548 0.0335215 0.0116978
pobs_pel_tallas
 0 0 0 0 0 0 0 0 0 0 0 0 0 0 0 0 0 0 0 0 0 0 0 0 0 0
 0 0 0 0 0 0 0 0 0 0 0 0 0 0 0 0 0 0 0 0 0 0 0 0 0 0
 0 0 0 0 0 0 0 0 0 0 0 0 0 0 0 0 0 0 0 0 0 0 0 0 0 0
 0 0 0 0 0 0 0 0 0 0 0 0 0 0 0 0 0 0 0 0 0 0 0 0 0 0
 0 0 0 0 0 0 0 0 0 0 0 0 0 0 0 0 0 0 0 0 0 0 0 0 0 0
 0 0 0 0 0 0 0 0 0 0 0 0 0 0 0 0 0 0 0 0 0 0 0 0 0 0
 0 0 0 0 0 0 0 0 0 0 0 0 0 0 0 0 0 0 0 0 0 0 0 0 0 0
 0 0 0 0 0 0 0 0 0 0 0 0 0 0 0 0 0 0 0 0 0 0 0 0 0 0
 0 0 0 0 0 0 0 0 0 0 0 0 0 0 0 0 0 0 0 0 0 0 0 0 0 0
 0 0 0 0 0 0 0 0 0 0 0 0 0 0 0 0 0 0 0 0 0 0 0 0 0 0
 0 0 0 0 0 0 0 0 0 0 0 0 0 0 0 0 0 0 0 0 0 0 0 0 0 0
 0 0 0 0 0 0 0 0 0 0 0 0 0 0 0 0 0 0 0 0 0 0 0 0 0 0
 0.00862536 0 0 0.000197151 0.00414017 0.0128641 0.00837892 0.0270097 0.101434 0.158115 0.152841 0.127902 0.109271 0.109419 0.0830992 0.0579132 0.0238553 0.00714673 0.00463305 0.00128148 0.00103504 0.000492878 0.000147863 0.000147863 4.92878e-05 0
 0 0 0 0 0 0 0 0 0 0 0 0 0 0 0 0 0 0 0 0 0 0 0 0 0 0
 0 0 0 0 0 0 0 0.0054083 0.00873648 0.0413646 0.0450493 0.0745869 0.0622846 0.0627006 0.0613931 0.0827291 0.12552 0.122667 0.0946155 0.0697135 0.0546179 0.0294188 0.0215738 0.0213955 0.0102223 0.00600262
 0 0 0 0 0.00359764 0.0251062 0.0480494 0.140153 0.205849 0.193036 0.1447 0.116669 0.0760912 0.0342217 0.00950174 0.001854 0.000860785 0 0 0 0.000165536 0 0.000143464 0 0 0
 0 0 0 0 0 0 0 0.000145254 0.000435761 0.0275982 0.070085 0.0708112 0.156366 0.174668 0.174014 0.160142 0.0824315 0.0480064 0.0283245 0.00493863 0.00203355 0 0 0 0 0
 0 0 0 0 0 0 0 0 0 0 0 0 0 0 0 0 0 0 0 0 0 0 0 0 0 0
 0 0 1.00437e-05 0.000401748 0.00122533 0.00171747 0.00176769 0.0269171 0.070346 0.194647 0.189555 0.159765 0.064822 0.0314167 0.0384472 0.0292271 0.0345202 0.0313363 0.0194345 0.0106764 0.0143323 0.0359363 0.0279516 0.0138201 0.00172751 0
 0 0.0021121 0.0136068 0.0755702 0.200478 0.177729 0.0527432 0.0373336 0.0318909 0.0142505 0.0149659 0.0166563 0.0217959 0.0798694 0.0677717 0.0528807 0.04013 0.0224614 0.0357745 0.0225083 0.00881397 0.00855152 0.00135912 0.000746735 0 0
 0 0 0 0 5.4009e-05 0.00500934 0.000945158 0.0243581 0.138947 0.33067 0.221406 0.137944 0.0707744 0.0437923 0.0131692 0.00525238 0.0047753 0.00276346 9.45158e-05 9.00151e-06 2.25038e-05 9.00151e-06 4.50075e-06 0 0 0
 0.000866109 0.00284123 0.00948549 0.0512746 0.133035 0.25785 0.225252 0.132002 0.0553304 0.0519788 0.0540692 0.017754 0.00435017 0.00159236 0.00146478 0.000404838 0.000125132 0.000115318 0.000107957 0.000100596 0 0 0 0 0 0
 0 0 0 0 0.00144013 0.00171154 0.00461396 0.0210425 0.0478622 0.0707936 0.0888783 0.103762 0.0637923 0.0337046 0.0602308 0.124433 0.169614 0.0934646 0.0462172 0.0250306 0.0313229 0.00938855 0.002487 0.000210481 0 0
 0 0.00764035 0.051015 0.0998891 0.058973 0.0496711 0.0374665 0.0718981 0.12319 0.153886 0.159021 0.0857701 0.0377988 0.023471 0.0147837 0.00900784 0.00315554 0.000888139 0.00291439 0.00214683 0.00393193 0.00274676 0.000635225 9.99891e-05 0 0
 0 0 0 0 0 0 0 0 0 0 0 0 0 0 0 0 0 0 0 0 0 0 0 0 0 0
 0 0 0 0 0 0 0 0 0 0 0 0 0 0 0 0 0 0 0 0 0 0 0 0 0 0
 0 0 0 0 0 0 0 0 0 0 0 0 0 0 0 0 0 0 0 0 0 0 0 0 0 0
 0 0 0 0 0 0 0 0 0 0 0 0 0 0 0 0 0 0 0 0 0 0 0 0 0 0
 0 0 0 0 0 0 0 0 0 0 0 0 0 0 0 0 0 0 0 0 0 0 0 0 0 0
 0 0 0 0 0 0 0 0 0 0 0 0 0 0 0 0 0 0 0 0 0 0 0 0 0 0
 0 0 0 0 0 0 0 0 0 0 0 0 0 0 0 0 0 0 0 0 0 0 0 0 0 0
ppred_pel_tallas
 1.12109e-16 4.27934e-05 0.000415967 0.00276425 0.0125659 0.0390972 0.083301 0.121583 0.121595 0.083359 0.0392933 0.0131388 0.00422665 0.0036887 0.00649308 0.0112776 0.0176607 0.0251563 0.0331862 0.0413086 0.049165 0.0561175 0.0609918 0.0623572 0.0592723 0.0519429
 1.2128e-16 3.99745e-05 0.000388567 0.00258216 0.0117382 0.0365219 0.0778147 0.113578 0.113604 0.0779415 0.036948 0.0129704 0.00568088 0.00717241 0.0129836 0.0215681 0.0314851 0.0405473 0.0466313 0.0489618 0.0486407 0.047854 0.0483445 0.0503257 0.0525314 0.0531451
 1.16513e-16 5.22621e-05 0.000508006 0.00337588 0.0153463 0.0477481 0.101733 0.148486 0.148503 0.101818 0.048033 0.0161709 0.00545238 0.00506325 0.00876986 0.0145929 0.0214417 0.0278833 0.0325126 0.034755 0.0352032 0.0351267 0.0355444 0.0365985 0.0376186 0.0376637
 1.06987e-16 6.32087e-05 0.000614411 0.00408298 0.0185606 0.0577491 0.123041 0.179585 0.179599 0.123111 0.0579843 0.0192406 0.00579192 0.00435237 0.00718437 0.0118368 0.0171899 0.0219341 0.0247912 0.0252094 0.0236929 0.0214313 0.0195235 0.0184053 0.0178219 0.0172034
 1.04551e-16 5.84914e-05 0.000568558 0.00377827 0.0171755 0.0534394 0.113859 0.166185 0.166207 0.113964 0.053793 0.0181973 0.0063443 0.00617372 0.0107142 0.017648 0.0254841 0.0321926 0.0357473 0.0352252 0.0313496 0.0259767 0.0209515 0.0172264 0.0147582 0.0129828
 1.02735e-16 6.72417e-05 0.000653613 0.00434349 0.0197449 0.0614337 0.130892 0.191043 0.191055 0.130953 0.0616411 0.0203443 0.00584995 0.00394809 0.00634131 0.0104223 0.015113 0.0192271 0.0215979 0.0216821 0.0198593 0.0171294 0.0144632 0.0123279 0.0106676 0.0091996
 1.04442e-16 4.59059e-05 0.000446222 0.0029653 0.0134799 0.041941 0.089361 0.130432 0.130467 0.0895317 0.042514 0.015135 0.00712061 0.00951934 0.0172835 0.0285166 0.0411134 0.0517842 0.0572034 0.0558378 0.0488484 0.0392752 0.0301879 0.0232497 0.0185243 0.0152159
 1.09339e-16 4.3819e-05 0.000425936 0.0028305 0.012867 0.0400343 0.0852982 0.124501 0.124526 0.0854237 0.0404562 0.0140884 0.00590641 0.00717403 0.0129575 0.0216077 0.0317196 0.0411371 0.0476545 0.050207 0.0493857 0.0467912 0.0438019 0.0408045 0.0373716 0.0329862
 1.10973e-16 5.29174e-05 0.000514376 0.00341821 0.0155387 0.0483468 0.103009 0.150348 0.150366 0.103099 0.0486509 0.0164187 0.00563337 0.00537132 0.00934041 0.0155263 0.0227634 0.02949 0.0341587 0.0360968 0.0358729 0.0347874 0.033905 0.0334184 0.0327476 0.0311257
 1.05572e-16 6.54328e-05 0.000636031 0.00422665 0.0192137 0.0597811 0.12737 0.185904 0.185916 0.127433 0.0599922 0.0198239 0.00576023 0.00399059 0.00645652 0.0106245 0.015429 0.0196858 0.022242 0.0225916 0.0211718 0.0190338 0.017155 0.0159337 0.0151688 0.0143937
 1.01766e-16 7.15247e-05 0.000695245 0.00462015 0.0210025 0.0653468 0.139229 0.20321 0.20322 0.139278 0.065513 0.0214829 0.00582619 0.0033289 0.0050759 0.00828524 0.0119452 0.0150584 0.0166617 0.016316 0.0143637 0.0116892 0.00917999 0.00730763 0.00607229 0.00522036
 1.01335e-16 6.55548e-05 0.000637216 0.00423452 0.0192495 0.0598926 0.127608 0.186251 0.186268 0.127692 0.0601729 0.0200592 0.00626657 0.0050721 0.00848496 0.013915 0.0200181 0.0251292 0.027596 0.0266545 0.0228785 0.0177887 0.0129462 0.00923562 0.00675018 0.00513341
 1.02093e-16 6.14496e-05 0.000597312 0.00396935 0.0180441 0.056142 0.119617 0.174589 0.174608 0.119713 0.0564635 0.018973 0.00630211 0.0056934 0.00975042 0.0160495 0.0231766 0.0292737 0.0324811 0.0319264 0.02822 0.0230011 0.0179217 0.0138737 0.0109067 0.00864537
 1.03347e-16 5.83009e-05 0.000566705 0.00376596 0.0171195 0.0532653 0.113488 0.165644 0.165665 0.113591 0.0536126 0.0181234 0.00628801 0.00607946 0.0105489 0.0174016 0.0251891 0.0319412 0.0356808 0.0354832 0.0319949 0.0269324 0.0219908 0.0180301 0.0150204 0.0125195
 1.02906e-16 6.58654e-05 0.000640235 0.00425459 0.0193407 0.0601763 0.128213 0.187133 0.187147 0.12828 0.0604036 0.0199976 0.00590523 0.0042497 0.0069389 0.0114144 0.0165473 0.0210419 0.0236193 0.0236856 0.0216615 0.0186489 0.0157171 0.0133792 0.0115695 0.0099702
 1.00479e-16 7.87406e-05 0.000765387 0.00508626 0.0231214 0.0719393 0.153274 0.223709 0.223713 0.153291 0.0719953 0.0232832 0.00549248 0.00165251 0.00176461 0.00279542 0.00402585 0.00507645 0.00561905 0.00550408 0.00484401 0.00393303 0.00306689 0.00240372 0.00194679 0.00161777
 1.01304e-16 3.50652e-05 0.000340846 0.00226505 0.0102966 0.0320368 0.0682598 0.0996383 0.0996912 0.0685181 0.0329037 0.0127991 0.00854189 0.0140278 0.0259836 0.0427812 0.0613438 0.07655 0.0832036 0.0789088 0.0655288 0.0479972 0.0314728 0.0190203 0.011134 0.00672185
 1.0146e-16 7.59449e-05 0.000738211 0.00490567 0.0223005 0.0693851 0.147832 0.215766 0.21577 0.147848 0.0694391 0.0224574 0.00530229 0.00161329 0.00176492 0.00286785 0.0042868 0.00572823 0.00693548 0.00776918 0.00824816 0.00846466 0.00845553 0.00815667 0.00747707 0.00641126
 1.01977e-16 5.40427e-05 0.000525314 0.0034909 0.0158691 0.0493749 0.1052 0.153548 0.153579 0.105349 0.0498757 0.0173149 0.00711756 0.0084344 0.0150516 0.0247376 0.0354907 0.0443417 0.04831 0.0460377 0.0386215 0.0289127 0.0198601 0.0131665 0.00902466 0.00671259
 1.04373e-16 5.44571e-05 0.000529343 0.00351767 0.0159908 0.0497535 0.106006 0.154723 0.154745 0.106112 0.0501094 0.0170201 0.00610684 0.00619958 0.0108759 0.0180307 0.0262851 0.0337089 0.038342 0.0392322 0.0369215 0.0329312 0.0287048 0.0248876 0.0213746 0.017838
 1.03939e-16 6.49491e-05 0.000631328 0.0041954 0.0190717 0.0593391 0.126429 0.184529 0.184543 0.126495 0.0595623 0.0197169 0.00581744 0.00418026 0.00682877 0.0112494 0.0163477 0.0208746 0.0236015 0.0239674 0.0223895 0.0199237 0.0175593 0.0157135 0.0142316 0.0127371
 1.02728e-16 6.4995e-05 0.000631774 0.00419836 0.0190852 0.0593811 0.126518 0.184661 0.184677 0.126597 0.0596449 0.0198474 0.00611224 0.00481172 0.00800924 0.0131534 0.0189787 0.0239463 0.0265344 0.0260467 0.0230195 0.0188417 0.014902 0.0119318 0.00992376 0.00848263
 1.06602e-16 2.98782e-05 0.000290427 0.00192999 0.0087735 0.0272979 0.0581628 0.0849005 0.0849492 0.0584006 0.0280965 0.0110808 0.00772425 0.0129479 0.0240939 0.0398503 0.0575557 0.0726961 0.0806718 0.0793406 0.070254 0.0575204 0.0452628 0.0356782 0.0288242 0.0236678
 1.06339e-16 6.4858e-05 0.000630443 0.00418952 0.0190449 0.0592559 0.126251 0.184269 0.184277 0.126289 0.0593818 0.0194104 0.00511452 0.00267492 0.00402173 0.00673997 0.0101568 0.0137244 0.0169091 0.0194393 0.0213831 0.0229251 0.0240504 0.0244453 0.0237045 0.0216472
 1.05749e-16 5.58065e-05 0.000542459 0.00360483 0.0163871 0.0509864 0.108633 0.158558 0.158582 0.108752 0.0513884 0.0175482 0.00651934 0.00690458 0.0121384 0.0199805 0.0287866 0.0362346 0.0400147 0.0391071 0.034412 0.0281521 0.0225288 0.0186634 0.0164434 0.0150758
 1.08752e-16 4.05796e-05 0.000394448 0.00262125 0.0119158 0.0370747 0.0789929 0.115299 0.115333 0.0791558 0.0376222 0.0134988 0.00660091 0.0091025 0.0166387 0.0275995 0.0401206 0.0512203 0.0578635 0.058626 0.0544729 0.0479547 0.0415146 0.0362755 0.0320288 0.0280328
 1.0622e-16 6.45094e-05 0.000627055 0.004167 0.0189426 0.0589375 0.125573 0.183279 0.18329 0.125624 0.059109 0.0194394 0.00541911 0.00337713 0.00533682 0.008851 0.0130514 0.0170641 0.0200381 0.0215851 0.0219644 0.0217983 0.0215573 0.0212552 0.0205521 0.019097
 1.0432e-16 6.09678e-05 0.000592629 0.00393823 0.0179026 0.0557018 0.118679 0.17322 0.17324 0.118775 0.0560242 0.0188338 0.00627593 0.00569695 0.00975856 0.0160468 0.0231377 0.0291625 0.0322684 0.0316255 0.0279281 0.0229212 0.0183385 0.0150731 0.0130641 0.0117342
 1.08267e-16 3.22443e-05 0.000313426 0.00208283 0.00946827 0.0294595 0.0627682 0.0916212 0.0916648 0.0629812 0.0301749 0.0115357 0.00727691 0.0116675 0.0216406 0.0358427 0.0519042 0.0658458 0.0736109 0.073306 0.0662718 0.0560512 0.0461368 0.0382933 0.0324361 0.0276141
 1.16598e-16 3.85176e-05 0.000374405 0.00248805 0.0113103 0.0351908 0.0749784 0.109438 0.109458 0.0750788 0.0355288 0.012291 0.00496681 0.00584222 0.0105898 0.0178843 0.0267886 0.0358555 0.0435953 0.0492887 0.0532484 0.0562217 0.0584758 0.059413 0.0580129 0.0536422
 1.06203e-16 7.07999e-05 0.0006882 0.00457333 0.0207897 0.0646845 0.137817 0.20115 0.201156 0.137849 0.0647898 0.0210943 0.00534037 0.00237059 0.00329 0.00539206 0.00791923 0.0103076 0.0120496 0.0129556 0.0132691 0.0134709 0.0139183 0.0146042 0.0151933 0.0152559
pSPR Fmed_Fpbrs
0.608908   0.220071 0.220071
Fs Fmed_Fpbrs
0.276393   1.005 1.005
SSBpbr Bo_Bmed_Bpbrs
1.80494e+06  1.00879e+06  306967 306967
Ro
161961
SPR SPRFo_SPRFmed_SPRFpbrs
1.15768e+06 704924 254773
Fref
1.005
Nvult_r0
 193527 15891.2 7046.23 8073.91 2817.51
CTP_r0
 27868.7 2882.4 1278.08 1464.48 511.053
YTP_r0
391290
Np
 226105 87319.8 6642.01 2945.1 4369.36
Nvult_p0
 187323 75561.3 5747.6 2548.51 3780.98
CTP_p0
 81073.6 37874.8 2880.96 1277.44 1895.21
YTP_p0
 1.38969e+06
CBA_c0
690811
log_Ro
11.8151
likeval ReclasPelacesDesembMPH_pf_preclas_ppelaces_ptallas_desvR_qrecl_qpela
 12.2202 18.7114 0.0343738 0.00257682 240.982 118.081 98.6641 0 26.1402 4.43108e-08 0 0.174717 0 0 0
q_reclas_q_pelaces
0.970612 1
M
1
N
 185217 43126.3 125234 8227.75 0.284613
 103852 60688.9 13621.6 39555.5 2598.86
 104010 30899 16881.6 3789.08 11725.9
 147042 31064.6 8638.39 4719.56 4337.5
 118382 38454.6 7290.89 2027.43 2125.7
 226845 38559.5 12051.3 2284.9 1301.56
 89019.9 66394.4 10496.5 3280.57 976.293
 38192.8 19406.5 12261.2 1938.42 786.126
 39608.9 12859.8 6353.43 4014.17 891.982
 55021.9 10352.7 3015.96 1490.04 1150.62
 104538 12975.5 2120.34 617.7 540.834
 141264 34940.6 4207.01 687.473 375.629
 116644 34980.1 7631.45 918.859 232.194
 81194 29659.1 7911.4 1725.99 260.332
 79171.7 15918.4 4762.83 1270.45 318.975
 465147 18764.8 3281.96 981.968 327.698
 90603.7 123430 4489.42 785.196 313.333
 709062 27140.1 34641 1259.97 308.305
 405753 211883 7592.65 9691.09 438.735
 307728 111571 53125 1903.69 2539.82
 461817 86809.4 28932.6 13776.4 1152.3
 613330 138631 24431.7 8142.81 4201.54
 120631 174551 36369.8 6409.65 3238.54
 373712 38125.3 52573.1 10954.2 2905.94
 308609 120063 11733.6 16180.1 4265.65
 137611 99091.5 36923.7 3608.5 6287.8
 319725 45309.2 31498.8 11737.1 3145.79
 363073 102876 13972.7 9713.74 4589.67
 101097 119783 32788.1 4453.29 4558.7
 71776 33466.9 38348 10497 2885.15
 280846 22533.2 9991.34 11448.5 3995.15
pred_Ctot
 12920.5 3903.54 11335.4 744.728 0.0257615
 12772.5 9570.44 2148.09 6237.79 409.832
 12581.2 4794.57 2619.51 587.949 1819.51
 27627 7371.76 2049.93 1119.97 1029.31
 8660.98 3647.74 691.605 192.32 201.641
 29860.1 6495.27 2030.03 384.888 219.245
 23912.9 22085.9 3491.66 1091.28 324.762
 2060.5 1363.18 861.275 136.162 55.2204
 7452.67 3055.89 1509.77 953.894 211.963
 12941.9 3040.62 885.8 437.631 337.941
 6090.39 983.337 160.689 46.8121 40.9868
 30141.4 9358.82 1126.85 184.14 100.612
 23462.4 8858.69 1932.67 232.701 58.8031
 25213.6 11283.8 3009.89 656.653 99.0432
 18447 4633.82 1386.45 369.828 92.8531
 84143.3 4294.43 751.095 224.729 74.9955
 10817.8 18911.5 687.854 120.305 48.0078
 85575.4 4202.06 5363.42 195.079 47.7344
 66326.4 43997.8 1576.63 2012.37 91.1041
 46348.5 21410.4 10194.7 365.319 487.394
 54615 13177.5 4391.93 2091.24 174.917
 89622.9 25837 4553.42 1517.6 783.057
 10877.5 20330.7 4236.16 746.561 377.207
 30262 3995.94 5510.24 1148.12 304.574
 25088 12632.3 1234.54 1702.37 448.806
 9216.18 8616.21 3210.6 313.767 546.738
 25613.5 4699.02 3266.75 1217.26 326.251
 23896.9 8793.38 1194.32 830.288 392.305
 6455.1 9936.65 2719.96 369.426 378.17
 6739.4 4055.64 4647.15 1272.06 349.633
 27868.7 2882.4 1278.08 1464.48 511.053
F
 0.115767 0.152475 0.152475 0.152475 0.152475
 0.212239 0.279536 0.279537 0.279537 0.279537
 0.208421 0.274508 0.274509 0.274509 0.274509
 0.341241 0.449444 0.449445 0.449445 0.449445
 0.12171 0.160302 0.160302 0.160302 0.160302
 0.228655 0.301157 0.301158 0.301158 0.301158
 0.523253 0.689169 0.689171 0.689171 0.689171
 0.0885379 0.116612 0.116612 0.116612 0.116612
 0.341809 0.450192 0.450193 0.450193 0.450193
 0.44467 0.585668 0.585669 0.585669 0.585669
 0.0959009 0.12631 0.12631 0.12631 0.12631
 0.395853 0.521372 0.521374 0.521374 0.521374
 0.369357 0.486474 0.486475 0.486475 0.486475
 0.629365 0.828927 0.82893 0.82893 0.82893
 0.439635 0.579036 0.579038 0.579038 0.579038
 0.326677 0.430261 0.430262 0.430262 0.430262
 0.205482 0.270638 0.270638 0.270638 0.270638
 0.207907 0.273832 0.273832 0.273832 0.273832
 0.291089 0.383388 0.383389 0.383389 0.383389
 0.265501 0.349687 0.349688 0.349688 0.349688
 0.203354 0.267834 0.267835 0.267835 0.267835
 0.256685 0.338075 0.338076 0.338076 0.338076
 0.15186 0.200012 0.200013 0.200013 0.200013
 0.135469 0.178424 0.178424 0.178424 0.178424
 0.13603 0.179163 0.179164 0.179164 0.179164
 0.110923 0.146096 0.146096 0.146096 0.146096
 0.133937 0.176406 0.176407 0.176407 0.176407
 0.108923 0.143461 0.143461 0.143461 0.143461
 0.105519 0.138978 0.138978 0.138978 0.138978
 0.158561 0.208839 0.208839 0.208839 0.208839
 0.168231 0.221574 0.221575 0.221575 0.221575
nmprior
 8.19 8.8 8.5 0
nm_flota  nm_reclas  nm_pelaces    nm_pelaL
inf 13.1717 17.2217 40.4481
cv_recla  cv_pelaces  cv_mph
0.316202 0.490485 1.56656
 ------------------------------------------------
Talla a la edad & desviaci?n 
 8 13.2811 15.8009 17.003 17.5766
 0.8 1.32811 1.58009 1.7003 1.75766
