years
 1991 1992 1993 1994 1995 1996 1997 1998 1999 2000 2001 2002 2003 2004 2005 2006 2007 2008 2009 2010 2011 2012 2013 2014 2015 2016 2017 2018 2019 2020 2021
reclasobs
 0 0 0 0 0 0 0 0 0 252601 567819 844713 477998 351125 339783 2.1784e+06 2.13404e+06 4.81314e+06 1.55562e+06 2.62356e+06 3.21686e+06 3.843e+06 1.13348e+06 3.07943e+06 1.97215e+06 2.03268e+06 2.025e+06 2.42433e+06 2.27542e+06 1.05018e+06 2.36338e+06
reclaspred
 2.67356e+06 2.0709e+06 1.15426e+06 974472 1.16471e+06 1.58125e+06 1.20258e+06 1.09893e+06 801334 597255 519375 647123 665013 576029 685881 1.13773e+06 1.64056e+06 2.5134e+06 2.32737e+06 1.89038e+06 3.25557e+06 2.59266e+06 2.49068e+06 3.04241e+06 2.6305e+06 2.44726e+06 2.54714e+06 2.46255e+06 2.6734e+06 1.81988e+06 2.58448e+06
pelacesobs
 0 0 0 0 0 0 0 0 0 0 0 0 0 0 0 552880 188675 0 991730 2.46772e+06 1.41603e+06 1.21717e+06 2.29649e+06 1.80582e+06 0 1.4828e+06 1.56532e+06 1.57751e+06 1.42118e+06 867257 1.10002e+06
pelacespred
 1.15346e+06 994829 583951 433349 520712 704780 538411 558756 422973 292384 274153 270272 301010 280243 353477 489029 688324 1.12086e+06 1.14815e+06 888678 1.34863e+06 1.28629e+06 1.1774e+06 1.53841e+06 1.36908e+06 1.21563e+06 1.4177e+06 1.41219e+06 1.23774e+06 947192 1.33677e+06
mphobs
 0 0 0 0 0 0 0 0 0 0 0 498337 0 5186 125008 0 168611 109162 213762 579715 649985 157893 87575 83554 0 0 0 0 0 0 0
mphpred
 2.02907e+06 2.16541e+06 1.23591e+06 712996 854441 1.03548e+06 1.24936e+06 821893 791147 558916 373196 495040 489368 461694 385018 623454 1.17002e+06 1.44245e+06 1.98099e+06 1.6551e+06 1.89176e+06 2.3051e+06 2.12438e+06 1.88995e+06 2.51063e+06 2.00515e+06 1.78689e+06 1.91933e+06 2.41465e+06 1.72415e+06 1.29797e+06
desembarqueobs
 494567 514787 250237 358949 120608 361735 552515 73892 212993 205616 52469 317467 293654 387597 252695 516296 358380 742168 942051 627588 828172 859565 418607 520667 417249 300574 407403 355545 319650 289779 391294
desembarquepred
 494490 508830 252846 359204 120647 362057 552968 73922.3 213135 205640 52446.9 317565 293809 387578 252704 516480 358543 742335 941691 627127 828326 859935 418613 520904 417567 300746 407523 355548 319630 289743 391202
Reclutas
 472943 79444.3 103785 245250 213024 280908 120618 78966.5 56949.5 71994.5 129723 148802 154461 116121 155781 453229 203439 637826 522572 388085 542049 685200 192472 457276 361993 214128 418992 404350 148628 149268 576143
log_desv_Rt
 0.74441 -1.03951 -0.772242 0.0877143 -0.0531595 0.223463 -0.621937 -1.04554 -1.3724 -1.13797 -0.549166 -0.411949 -0.374623 -0.659931 -0.366111 0.701832 -0.0992004 1.0435 0.844197 0.546659 0.880791 1.11515 -0.154617 0.710723 0.477061 -0.0479908 0.623287 0.587717 -0.413119 -0.408823 0.941792
SSB
 2.02907e+06 2.16541e+06 1.23591e+06 712996 854441 1.03548e+06 1.24936e+06 821893 791147 558916 373196 495040 489368 461694 385018 623454 1.17002e+06 1.44245e+06 1.98099e+06 1.6551e+06 1.89176e+06 2.3051e+06 2.12438e+06 1.88995e+06 2.51063e+06 2.00515e+06 1.78689e+06 1.91933e+06 2.41465e+06 1.72415e+06 1.29797e+06
BT
 3.58387e+06 2.86719e+06 1.66512e+06 1.64438e+06 1.55121e+06 2.49391e+06 1.88275e+06 1.70885e+06 1.37635e+06 1.0145e+06 898777 1.08593e+06 1.21564e+06 1.32927e+06 1.52123e+06 2.14254e+06 2.25322e+06 4.38473e+06 4.40263e+06 3.08905e+06 4.96285e+06 4.55586e+06 3.5389e+06 5.56867e+06 4.03164e+06 3.68224e+06 5.03957e+06 4.80933e+06 3.33149e+06 2.80418e+06 5.13076e+06
Ftot
 0.175133 0.230979 0.206472 0.344396 0.0986573 0.216163 0.424404 0.0642361 0.25006 0.321538 0.0962638 0.45342 0.410245 0.613693 0.345448 0.422933 0.206365 0.277745 0.376656 0.310525 0.239729 0.31054 0.15921 0.162437 0.150514 0.116858 0.151894 0.137223 0.113646 0.150932 0.143935
BD_Bspro_t
 0.972368 0.845757 0.700148 0.618834 0.658223 0.745434 0.721715 0.590092 0.667471 0.630137 0.599274 0.735267 0.615517 0.552295 0.49016 0.594136 0.651541 0.683875 0.697523 0.628491 0.615017 0.655654 0.668088 0.67969 0.760522 0.763185 0.781504 0.808892 0.834406 0.784997 0.757638
BD_Bspro
 1.26358 1.34848 0.769646 0.444008 0.532092 0.644834 0.778019 0.511823 0.492676 0.348058 0.232403 0.30828 0.304747 0.287513 0.239765 0.388247 0.728613 0.898265 1.23363 1.03069 1.17807 1.43547 1.32293 1.17694 1.56346 1.24868 1.11276 1.19524 1.50369 1.07369 0.808296
BD_Bo
 0.981912 1.04789 0.598083 0.345034 0.413482 0.501092 0.604589 0.397731 0.382853 0.270471 0.180598 0.23956 0.236815 0.223423 0.186318 0.301702 0.566197 0.698031 0.958641 0.80094 0.915463 1.11549 1.02803 0.914588 1.21494 0.970334 0.864715 0.928805 1.1685 0.834354 0.628117
BD_Brms
 4.16819 4.44826 2.53885 1.46466 1.75522 2.12713 2.56647 1.68836 1.6252 1.14815 0.766633 1.01693 1.00528 0.948427 0.790917 1.28072 2.40349 2.96313 4.06941 3.39997 3.88612 4.73521 4.36397 3.88241 5.15742 4.11905 3.6707 3.94276 4.96025 3.54182 2.66634
Sel_flota
 0.5 1 1 1 1
 0.5 1 1 1 1
 0.5 1 1 1 1
 0.5 1 1 1 1
 0.5 1 1 1 1
 0.5 1 1 1 1
 0.5 1 1 1 1
 0.5 1 1 1 1
 0.5 1 1 1 1
 0.5 1 1 1 1
 0.5 1 1 1 1
 0.5 1 1 1 1
 0.5 1 1 1 1
 0.5 1 1 1 1
 0.5 1 1 1 1
 0.5 1 1 1 1
 0.5 1 1 1 1
 0.5 1 1 1 1
 0.5 1 1 1 1
 0.5 1 1 1 1
 0.5 1 1 1 1
 0.5 1 1 1 1
 0.5 1 1 1 1
 0.5 1 1 1 1
 0.5 1 1 1 1
 0.5 1 1 1 1
 0.5 1 1 1 1
 0.5 1 1 1 1
 0.5 1 1 1 1
 0.5 1 1 1 1
 0.5 1 1 1 1
Sel_reclas
 0.5 1 1 1 1
 0.5 1 1 1 1
 0.5 1 1 1 1
 0.5 1 1 1 1
 0.5 1 1 1 1
 0.5 1 1 1 1
 0.5 1 1 1 1
 0.5 1 1 1 1
 0.5 1 1 1 1
 0.5 1 1 1 1
 0.5 1 1 1 1
 0.5 1 1 1 1
 0.5 1 1 1 1
 0.5 1 1 1 1
 0.5 1 1 1 1
 0.5 1 1 1 1
 0.5 1 1 1 1
 0.5 1 1 1 1
 0.5 1 1 1 1
 0.5 1 1 1 1
 0.5 1 1 1 1
 0.5 1 1 1 1
 0.5 1 1 1 1
 0.5 1 1 1 1
 0.5 1 1 1 1
 0.5 1 1 1 1
 0.5 1 1 1 1
 0.5 1 1 1 1
 0.5 1 1 1 1
 0.5 1 1 1 1
 0.5 1 1 1 1
Sel_pelaces
 0.5 1 1 1 1
 0.5 1 1 1 1
 0.5 1 1 1 1
 0.5 1 1 1 1
 0.5 1 1 1 1
 0.5 1 1 1 1
 0.5 1 1 1 1
 0.5 1 1 1 1
 0.5 1 1 1 1
 0.5 1 1 1 1
 0.5 1 1 1 1
 0.5 1 1 1 1
 0.5 1 1 1 1
 0.5 1 1 1 1
 0.5 1 1 1 1
 0.5 1 1 1 1
 0.5 1 1 1 1
 0.5 1 1 1 1
 0.5 1 1 1 1
 0.5 1 1 1 1
 0.5 1 1 1 1
 0.5 1 1 1 1
 0.5 1 1 1 1
 0.5 1 1 1 1
 0.5 1 1 1 1
 0.5 1 1 1 1
 0.5 1 1 1 1
 0.5 1 1 1 1
 0.5 1 1 1 1
 0.5 1 1 1 1
 0.5 1 1 1 1
pf_obs 
 0.8446 0.082 0.0669 0.0065 0
 0.8095 0.147 0.0364 0.0071 0
 0.9664 0.0169 0.016 0.0007 0
 0.9276 0.0648 0.0075 0.0001 0
 0.7033 0.2144 0.0806 0.0017 0
 0.9318 0.0425 0.0243 0.0014 0
 0.5671 0.3108 0.0964 0.0239 0.0018
 0.0768 0.2599 0.5324 0.112 0.0189
 0.490249 0.384438 0.106611 0.0170017 0.00170017
 0.7925 0.1577 0.0466 0.003 0.0002
 0.840416 0.127587 0.0312969 0.00059994 9.999e-05
 0.8084 0.0986 0.0794 0.0134 0.0002
 0.7335 0.1905 0.0724 0.0035 0.0001
 0.4001 0.4547 0.1325 0.0127 0
 0.49795 0.308269 0.164784 0.0264974 0.00249975
 0.9179 0.0499 0.0305 0.0017 0
 0.2467 0.6533 0.0926 0.0074 0
 0.9418 0.0223 0.034 0.0019 0
 0.707729 0.231977 0.0356964 0.0245975 0
 0.517169 0.277429 0.184464 0.0207286 0.00020938
 0.811772 0.124168 0.05621 0.00726502 0.000585176
 0.764997 0.148141 0.077277 0.00933861 0.000247198
 0.163321 0.427699 0.378323 0.0303852 0.000271297
 0.753843 0.0900009 0.118128 0.0371064 0.000921714
 0.721811 0.176058 0.0630433 0.0369309 0.00215725
 0.143369 0.312575 0.442814 0.0836902 0.0175525
 0.692698 0.0596174 0.167031 0.0765114 0.00414204
 0.394062 0.376323 0.152708 0.0712218 0.00568511
 0.125707 0.32114 0.495352 0.0537591 0.00404204
 0.23352 0.215282 0.420074 0.123614 0.00750983
 0.774587 0.0839891 0.0768558 0.0609784 0.00358967
pf_pred 
 0.610232 0.246381 0.0906384 0.033344 0.0194054
 0.166918 0.63925 0.122526 0.0450746 0.0262324
 0.384297 0.184917 0.330555 0.0633577 0.0368727
 0.68503 0.179633 0.0406468 0.0726594 0.0220317
 0.542438 0.379011 0.0447985 0.0101369 0.023615
 0.582543 0.29613 0.100499 0.0118788 0.00894966
 0.345992 0.489528 0.116677 0.0395971 0.00820653
 0.378464 0.339464 0.211132 0.0503224 0.0206176
 0.370871 0.348389 0.153332 0.0953657 0.0320427
 0.537387 0.258848 0.112838 0.0496617 0.0412656
 0.678394 0.231239 0.0505634 0.0220418 0.0177618
 0.592332 0.331324 0.054893 0.0120031 0.00944882
 0.596166 0.310693 0.0756977 0.0125414 0.00490112
 0.520576 0.369042 0.0849235 0.0206909 0.00476767
 0.657781 0.247807 0.0726744 0.0167238 0.00501348
 0.805351 0.157683 0.0267678 0.00785019 0.00234803
 0.415359 0.528467 0.0455061 0.00772496 0.00294312
 0.750361 0.15021 0.089875 0.0077391 0.00181429
 0.54452 0.395011 0.036385 0.0217702 0.00231409
 0.485634 0.374556 0.121249 0.0111684 0.00739267
 0.610867 0.262492 0.092219 0.0298525 0.0045699
 0.613831 0.297845 0.0595797 0.0209316 0.00781311
 0.263649 0.572338 0.1265 0.0253045 0.0122084
 0.607815 0.168158 0.174128 0.0384862 0.0114129
 0.479285 0.398257 0.0525064 0.0543705 0.0155807
 0.368801 0.415374 0.165069 0.0217628 0.0289934
 0.614214 0.211181 0.114902 0.0456622 0.0140404
 0.528166 0.362875 0.0596446 0.0324522 0.016862
 0.277091 0.505903 0.166894 0.0274318 0.0226806
 0.397186 0.266549 0.235323 0.0776314 0.02331
 0.771489 0.132412 0.0424927 0.0375147 0.0160919
pobs_RECLAS
 0 0 0 0 0
 0 0 0 0 0
 0 0 0 0 0
 0 0 0 0 0
 0 0 0 0 0
 0 0 0 0 0
 0 0 0 0 0
 0 0 0 0 0
 0 0 0 0 0
 0 0 0 0 0
 0.991045 0.00858322 0.000360255 1.14367e-05 0
 0.934742 0.0480273 0.0164251 0.00080598 0
 0.827803 0.169806 0.00239088 0 0
 0.941827 0.0461693 0.0120037 0 0
 0.791401 0.0380133 0.147996 0.0225897 0
 0.846168 0.0940531 0.0597789 0 0
 0.134021 0.677848 0.182769 0.00536245 0
 0.80878 0.0450904 0.141981 0.00414843 0
 0.846168 0.0940531 0.0597789 0 0
 0.905697 0.0802665 0.012482 0.00150086 5.37128e-05
 0.989698 0.0102097 9.19794e-05 0 0
 0.975433 0.0193895 0.00387452 0.00125025 5.28907e-05
 0.303575 0.632131 0.0575291 0.00676475 0
 0.966965 0.00978017 0.0227588 0.000495775 0
 0.843318 0.132988 0.00938335 0.0141283 0.000182051
 0.564624 0.303363 0.111486 0.0197234 0.00080311
 0.826376 0.0876187 0.0782897 0.00655872 0.00115652
 0.89761 0.0855135 0.0140674 0.00269457 0.000114338
 0.34875 0.467042 0.161289 0.0227151 0.000203297
 0.318654 0.224769 0.449479 0.00709798 0
 0.937255 0.0296025 0.0250945 0.00804832 0
ppred_RECLAS
 0.612153 0.245166 0.0901916 0.0331796 0.0193098
 0.168458 0.638067 0.122299 0.0449913 0.0261839
 0.3866 0.184226 0.329319 0.0631207 0.0367348
 0.688814 0.177474 0.0401585 0.0717865 0.021767
 0.543514 0.378121 0.0446933 0.0101131 0.0235595
 0.585031 0.294365 0.0998997 0.011808 0.00889633
 0.351137 0.485676 0.115759 0.0392855 0.00814197
 0.379113 0.339109 0.210912 0.0502699 0.0205961
 0.373697 0.346824 0.152643 0.0949374 0.0318988
 0.541416 0.256594 0.111855 0.0492293 0.0409063
 0.679314 0.230578 0.0504187 0.0219787 0.017711
 0.598255 0.32651 0.0540955 0.0118287 0.00931153
 0.601389 0.306676 0.0747188 0.0123793 0.00483774
 0.529569 0.362119 0.0833305 0.0203027 0.00467824
 0.661745 0.244937 0.0718326 0.0165301 0.00495541
 0.808864 0.154838 0.0262847 0.00770852 0.00230565
 0.41772 0.526333 0.0453223 0.00769376 0.00293123
 0.75291 0.148677 0.0889573 0.00766009 0.00179577
 0.549375 0.3908 0.0359972 0.0215381 0.00228942
 0.489522 0.371725 0.120332 0.011084 0.0073368
 0.613602 0.260647 0.0915709 0.0296427 0.00453778
 0.617513 0.295005 0.0590116 0.020732 0.00773861
 0.265064 0.571239 0.126257 0.0252559 0.0121849
 0.609587 0.167398 0.173341 0.0383124 0.0113613
 0.480993 0.396951 0.0523342 0.0541923 0.0155297
 0.370011 0.414577 0.164753 0.0217211 0.0289378
 0.615849 0.210286 0.114415 0.0454686 0.0139809
 0.529707 0.36169 0.0594499 0.0323463 0.0168069
 0.278101 0.505196 0.16666 0.0273934 0.0226489
 0.398829 0.265823 0.234682 0.0774198 0.0232465
 0.772635 0.131748 0.0422796 0.0373266 0.0160112
pobs_PELACES
 0 0 0 0 0
 0 0 0 0 0
 0 0 0 0 0
 0 0 0 0 0
 0 0 0 0 0
 0 0 0 0 0
 0 0 0 0 0
 0 0 0 0 0
 0 0 0 0 0
 0 0 0 0 0
 0 0 0 0 0
 0 0 0 0 0
 0 0 0 0 0
 0 0 0 0 0
 0 0 0 0 0
 0 0 0 0 0
 0.505614 0.472636 0.0217494 0 0
 0 0 0 0 0
 0.443492 0.261883 0.143347 0.151278 0
 0.227955 0.32914 0.350689 0.0885471 0.00366901
 0.970185 0.0296113 0.000203453 0 0
 0.997202 0.00247181 0.000326279 0 0
 0.445219 0.490057 0.0546422 0.010081 0
 0.90214 0.0892962 0.00764917 0.000914606 0
 0 0 0 0 0
 0.581667 0.319106 0.0959925 0.00289975 0.000334073
 0.762889 0.0836404 0.116647 0.0363945 0.000428098
 0.88444 0.0763242 0.0277011 0.0115352 0
 0.521256 0.241999 0.230069 0.00667565 0
 0.616807 0.101726 0.260614 0.0208532 0
 0.833518 0.0704572 0.0857862 0.0102388 0
ppred_PELACES
 0.618991 0.240844 0.0886014 0.0325946 0.0189693
 0.173865 0.633919 0.121504 0.0446987 0.0260136
 0.394709 0.18179 0.324965 0.0622863 0.0362492
 0.700862 0.170603 0.0386037 0.0690072 0.0209243
 0.547549 0.374778 0.0442982 0.0100237 0.0233512
 0.593663 0.288242 0.0978217 0.0115624 0.00871128
 0.367254 0.473613 0.112884 0.0383098 0.00793974
 0.381611 0.337745 0.210063 0.0500677 0.0205132
 0.383403 0.341449 0.150277 0.0934662 0.0314045
 0.554556 0.249241 0.10865 0.0478186 0.0397341
 0.682764 0.228097 0.0498763 0.0217422 0.0175204
 0.616096 0.312009 0.051693 0.0113033 0.008898
 0.617499 0.294281 0.071699 0.0118789 0.00464222
 0.554699 0.342775 0.0788791 0.0192182 0.00442833
 0.674384 0.235785 0.0691487 0.0159124 0.00477026
 0.819421 0.146285 0.0248329 0.00728275 0.0021783
 0.426025 0.518826 0.0446759 0.00758403 0.00288943
 0.761337 0.143606 0.0859236 0.00739885 0.00173453
 0.564709 0.377502 0.0347723 0.0208052 0.00221152
 0.502329 0.362399 0.117313 0.0108059 0.00715272
 0.622937 0.25435 0.0893586 0.0289266 0.00442815
 0.62954 0.285729 0.057156 0.0200801 0.00749527
 0.270213 0.567237 0.125372 0.0250789 0.0120996
 0.615946 0.164671 0.170518 0.0376883 0.0111763
 0.487195 0.392208 0.0517088 0.0535447 0.0153441
 0.374517 0.411612 0.163575 0.0215657 0.0287308
 0.621761 0.20705 0.112655 0.0447688 0.0137657
 0.535343 0.357355 0.0587374 0.0319586 0.0166055
 0.281882 0.50255 0.165788 0.02725 0.0225303
 0.404815 0.263176 0.232345 0.0766489 0.023015
 0.77678 0.129346 0.0415088 0.0366461 0.0157193
pobs_pel_tallas
 0 0 0 0 0 0 0 0 0 0 0 0 0 0 0 0 0 0 0 0 0 0 0 0 0 0
 0 0 0 0 0 0 0 0 0 0 0 0 0 0 0 0 0 0 0 0 0 0 0 0 0 0
 0 0 0 0 0 0 0 0 0 0 0 0 0 0 0 0 0 0 0 0 0 0 0 0 0 0
 0 0 0 0 0 0 0 0 0 0 0 0 0 0 0 0 0 0 0 0 0 0 0 0 0 0
 0 0 0 0 0 0 0 0 0 0 0 0 0 0 0 0 0 0 0 0 0 0 0 0 0 0
 0 0 0 0 0 0 0 0 0 0 0 0 0 0 0 0 0 0 0 0 0 0 0 0 0 0
 0 0 0 0 0 0 0 0 0 0 0 0 0 0 0 0 0 0 0 0 0 0 0 0 0 0
 0 0 0 0 0 0 0 0 0 0 0 0 0 0 0 0 0 0 0 0 0 0 0 0 0 0
 0 0 0 0 0 0 0 0 0 0 0 0 0 0 0 0 0 0 0 0 0 0 0 0 0 0
 0 0 0 0 0 0 0 0 0 0 0 0 0 0 0 0 0 0 0 0 0 0 0 0 0 0
 0 0 0 0 0 0 0 0 0 0 0 0 0 0 0 0 0 0 0 0 0 0 0 0 0 0
 0 0 0 0 0 0 0 0 0 0 0 0 0 0 0 0 0 0 0 0 0 0 0 0 0 0
 0.00862536 0 0 0.000197151 0.00414017 0.0128641 0.00837892 0.0270097 0.101434 0.158115 0.152841 0.127902 0.109271 0.109419 0.0830992 0.0579132 0.0238553 0.00714673 0.00463305 0.00128148 0.00103504 0.000492878 0.000147863 0.000147863 4.92878e-05 0
 0 0 0 0 0 0 0 0 0 0 0 0 0 0 0 0 0 0 0 0 0 0 0 0 0 0
 0 0 0 0 0 0 0 0.0054083 0.00873648 0.0413646 0.0450493 0.0745869 0.0622846 0.0627006 0.0613931 0.0827291 0.12552 0.122667 0.0946155 0.0697135 0.0546179 0.0294188 0.0215738 0.0213955 0.0102223 0.00600262
 0 0 0 0 0.00359764 0.0251062 0.0480494 0.140153 0.205849 0.193036 0.1447 0.116669 0.0760912 0.0342217 0.00950174 0.001854 0.000860785 0 0 0 0.000165536 0 0.000143464 0 0 0
 0 0 0 0 0 0 0 0.000145254 0.000435761 0.0275982 0.070085 0.0708112 0.156366 0.174668 0.174014 0.160142 0.0824315 0.0480064 0.0283245 0.00493863 0.00203355 0 0 0 0 0
 0 0 0 0 0 0 0 0 0 0 0 0 0 0 0 0 0 0 0 0 0 0 0 0 0 0
 0 0 1.00437e-05 0.000401748 0.00122533 0.00171747 0.00176769 0.0269171 0.070346 0.194647 0.189555 0.159765 0.064822 0.0314167 0.0384472 0.0292271 0.0345202 0.0313363 0.0194345 0.0106764 0.0143323 0.0359363 0.0279516 0.0138201 0.00172751 0
 0 0.0021121 0.0136068 0.0755702 0.200478 0.177729 0.0527432 0.0373336 0.0318909 0.0142505 0.0149659 0.0166563 0.0217959 0.0798694 0.0677717 0.0528807 0.04013 0.0224614 0.0357745 0.0225083 0.00881397 0.00855152 0.00135912 0.000746735 0 0
 0 0 0 0 5.4009e-05 0.00500934 0.000945158 0.0243581 0.138947 0.33067 0.221406 0.137944 0.0707744 0.0437923 0.0131692 0.00525238 0.0047753 0.00276346 9.45158e-05 9.00151e-06 2.25038e-05 9.00151e-06 4.50075e-06 0 0 0
 0.000866109 0.00284123 0.00948549 0.0512746 0.133035 0.25785 0.225252 0.132002 0.0553304 0.0519788 0.0540692 0.017754 0.00435017 0.00159236 0.00146478 0.000404838 0.000125132 0.000115318 0.000107957 0.000100596 0 0 0 0 0 0
 0 0 0 0 0.00144013 0.00171154 0.00461396 0.0210425 0.0478622 0.0707936 0.0888783 0.103762 0.0637923 0.0337046 0.0602308 0.124433 0.169614 0.0934646 0.0462172 0.0250306 0.0313229 0.00938855 0.002487 0.000210481 0 0
 0 0.00764035 0.051015 0.0998891 0.058973 0.0496711 0.0374665 0.0718981 0.12319 0.153886 0.159021 0.0857701 0.0377988 0.023471 0.0147837 0.00900784 0.00315554 0.000888139 0.00291439 0.00214683 0.00393193 0.00274676 0.000635225 9.99891e-05 0 0
 0 0 0 0 0 0 0 0 0 0 0 0 0 0 0 0 0 0 0 0 0 0 0 0 0 0
 0 0 0 0 0 0 0 0 0 0 0 0 0 0 0 0 0 0 0 0 0 0 0 0 0 0
 0 0 0 0 0 0 0 0 0 0 0 0 0 0 0 0 0 0 0 0 0 0 0 0 0 0
 0 0 0 0 0 0 0 0 0 0 0 0 0 0 0 0 0 0 0 0 0 0 0 0 0 0
 0 0 0 0 0 0 0 0 0 0 0 0 0 0 0 0 0 0 0 0 0 0 0 0 0 0
 0 0 0 0 0 0 0 0 0 0 0 0 0 0 0 0 0 0 0 0 0 0 0 0 0 0
 0 0 0 0 0 0 0 0 0 0 0 0 0 0 0 0 0 0 0 0 0 0 0 0 0 0
ppred_pel_tallas
 1.09098e-16 5.09855e-05 0.000495597 0.00329342 0.0149714 0.0465818 0.0992483 0.144861 0.144884 0.0993622 0.0469646 0.0160785 0.00607728 0.00658889 0.011671 0.0193406 0.0281569 0.0360509 0.0409487 0.0419132 0.03967 0.0360162 0.032606 0.0300884 0.0281171 0.0259633
 1.12554e-16 1.43211e-05 0.000139207 0.00092508 0.00420532 0.0130846 0.0278805 0.0407052 0.0407663 0.0281793 0.0140884 0.00710526 0.00820749 0.0160474 0.0302589 0.0500869 0.0723566 0.0914366 0.101595 0.100215 0.089344 0.0742259 0.0600584 0.0495027 0.0424057 0.0371661
 1.21806e-16 3.25117e-05 0.000316026 0.0021001 0.00954677 0.0297036 0.0632874 0.0923736 0.0923916 0.0633757 0.0300013 0.0104129 0.00429801 0.00519319 0.00952785 0.0163101 0.0249227 0.0343477 0.0435058 0.0518382 0.0594025 0.0662996 0.0719774 0.075142 0.0744267 0.0692667
 1.1162e-16 5.77291e-05 0.000561147 0.00372902 0.0169516 0.0527428 0.112375 0.164018 0.164034 0.112455 0.0530136 0.0177345 0.00569706 0.00486703 0.00826512 0.013655 0.0198713 0.025456 0.0290013 0.0299557 0.0289839 0.0274973 0.0267096 0.0269454 0.0276284 0.0277947
 1.06332e-16 4.5101e-05 0.000438398 0.00291331 0.0132435 0.0412056 0.0877943 0.128146 0.128182 0.0879708 0.0417981 0.0149545 0.00720782 0.00981204 0.0178438 0.0294197 0.0423592 0.053241 0.0586162 0.0569198 0.0494189 0.0393664 0.0300584 0.023295 0.0191305 0.0166197
 1.05531e-16 4.88993e-05 0.000475318 0.00315866 0.0143588 0.0446758 0.0951875 0.138935 0.138963 0.0953237 0.0451335 0.0156819 0.00648414 0.0077492 0.0139053 0.0230204 0.033412 0.0425477 0.0478596 0.0481355 0.0441836 0.0381682 0.0321941 0.0272803 0.0233314 0.0197869
 1.08565e-16 3.02503e-05 0.000294044 0.00195403 0.00888275 0.0276378 0.0588869 0.0859567 0.0860024 0.0591103 0.0283884 0.0110518 0.00740256 0.0122014 0.0226834 0.037555 0.054339 0.0688467 0.0768166 0.0762804 0.0686939 0.0578437 0.047455 0.039395 0.0335285 0.0287635
 1.14641e-16 3.14329e-05 0.000305539 0.00203041 0.00922998 0.0287181 0.0611881 0.0893127 0.0893455 0.0613486 0.0292578 0.0107922 0.00596498 0.00893822 0.0165546 0.0276545 0.0406235 0.0527465 0.0612414 0.0647958 0.0642177 0.0615845 0.0586387 0.0557836 0.052314 0.0473817
 1.19112e-16 3.15804e-05 0.000306973 0.00203995 0.00927332 0.0288529 0.0614754 0.0897321 0.0897652 0.0616372 0.0293969 0.0108471 0.00600011 0.00898494 0.0166108 0.0276729 0.0404881 0.0522673 0.0602042 0.0630826 0.0619621 0.0592777 0.0570909 0.0559032 0.0547733 0.0523233
 1.14719e-16 4.56781e-05 0.000444007 0.00295059 0.013413 0.0417328 0.088917 0.129782 0.129806 0.0890351 0.0421298 0.0145613 0.00583995 0.00677448 0.0121369 0.020175 0.0294953 0.0380329 0.0437266 0.0456836 0.0446881 0.0425524 0.0408396 0.0399826 0.0393423 0.0379128
 1.06644e-16 5.62384e-05 0.000546658 0.00363273 0.0165139 0.051381 0.109473 0.159784 0.159806 0.109581 0.0517424 0.0175583 0.00625625 0.00628004 0.0109636 0.0180864 0.0261704 0.0331758 0.0370702 0.0369433 0.0335463 0.0287509 0.0243717 0.021274 0.0192911 0.0177438
 1.04211e-16 5.07471e-05 0.00049328 0.00327802 0.0149014 0.046364 0.0987846 0.144185 0.144215 0.0989316 0.0468577 0.0163275 0.00685826 0.00831118 0.0149049 0.0245779 0.0354418 0.0446571 0.0493615 0.0482352 0.0422771 0.0341015 0.0263476 0.0204435 0.0164412 0.0136516
 1.04122e-16 5.08626e-05 0.000494403 0.00328548 0.0149353 0.0464695 0.0990093 0.144513 0.144541 0.0991481 0.0469359 0.0162829 0.00667038 0.00789124 0.014121 0.0233221 0.0337258 0.0426908 0.0475466 0.0470445 0.042065 0.0349518 0.0280397 0.0225466 0.0184759 0.0152426
 1.05041e-16 4.56899e-05 0.000444122 0.00295135 0.0134164 0.0417436 0.0889405 0.129818 0.129851 0.0891022 0.0422867 0.0149857 0.00689283 0.0090565 0.0164259 0.0271453 0.039245 0.0496569 0.0552731 0.0546477 0.0488237 0.040553 0.0325719 0.0262994 0.0217176 0.0181057
 1.04459e-16 5.55482e-05 0.000539948 0.00358814 0.0163112 0.0507503 0.10813 0.157823 0.157846 0.108241 0.0511244 0.0173924 0.00630502 0.0064804 0.0113654 0.0187745 0.0272112 0.0345779 0.0387652 0.038789 0.0353406 0.0302413 0.0252681 0.02129 0.0182239 0.0155653
 1.01854e-16 6.74946e-05 0.000656072 0.00435983 0.0198192 0.0616648 0.131384 0.191762 0.191776 0.131453 0.0618963 0.0204878 0.00603871 0.00432233 0.00703406 0.0115316 0.0166282 0.0209592 0.0231811 0.0226748 0.0199055 0.0160923 0.0124637 0.00968108 0.0077651 0.00639671
 1.02672e-16 3.50912e-05 0.000341099 0.00226672 0.0103042 0.0320606 0.0683103 0.0997113 0.0997612 0.0685543 0.03288 0.0126704 0.00820375 0.0132938 0.0246113 0.0405707 0.0582956 0.0730021 0.0798318 0.0765367 0.0648266 0.0492338 0.0344485 0.0231854 0.0158009 0.011264
 1.03552e-16 6.27103e-05 0.000609567 0.00405079 0.0184143 0.0572938 0.122071 0.178169 0.178183 0.122139 0.057523 0.0190777 0.00572085 0.00427151 0.00706473 0.0117032 0.0171385 0.0221449 0.0254938 0.0265817 0.0257197 0.0237946 0.0216054 0.0194414 0.0171617 0.0145639
 1.03561e-16 4.65144e-05 0.000452137 0.00300461 0.0136585 0.042497 0.0905456 0.132162 0.132198 0.0907233 0.0430934 0.0153809 0.00732667 0.00988329 0.0179466 0.0295666 0.0425208 0.0533358 0.0585074 0.0564327 0.0483756 0.0376239 0.027536 0.0199894 0.0151215 0.0120723
 1.05773e-16 4.13763e-05 0.000402192 0.00267271 0.0121498 0.0378026 0.0805438 0.117563 0.117598 0.0807151 0.0383779 0.0138125 0.00685117 0.00953996 0.0174428 0.0288936 0.0419026 0.0532829 0.0597852 0.0598689 0.0545476 0.0465639 0.0386111 0.0320361 0.0267863 0.0222081
 1.06295e-16 5.13105e-05 0.000498757 0.00331441 0.0150669 0.0468787 0.099881 0.145784 0.145809 0.100001 0.0472828 0.0162352 0.00625153 0.00692524 0.0122998 0.0203673 0.0296038 0.0377953 0.0427087 0.0433073 0.0403192 0.0356345 0.0310427 0.027332 0.0242901 0.0213186
 1.05005e-16 5.18544e-05 0.000504044 0.00334955 0.0152266 0.0473757 0.10094 0.147331 0.147358 0.101075 0.0478282 0.0165339 0.00663259 0.00767612 0.0136883 0.0225883 0.0326316 0.0412434 0.0458335 0.0452134 0.0402888 0.0334039 0.0268861 0.0219342 0.0185008 0.0159062
 1.08326e-16 2.22572e-05 0.000216348 0.00143771 0.00653565 0.0203351 0.0433282 0.0632502 0.0633049 0.0435957 0.0212336 0.00913182 0.00795801 0.014462 0.0271121 0.0448775 0.0648581 0.0820062 0.0911697 0.0899525 0.0800936 0.0661809 0.052794 0.0423333 0.0348027 0.0290078
 1.10634e-16 5.07347e-05 0.00049316 0.00327722 0.0148978 0.0463526 0.0987597 0.144146 0.144162 0.0988385 0.046618 0.0156675 0.00522112 0.00477561 0.00829832 0.0139383 0.0207763 0.0276019 0.0331831 0.0369158 0.0390586 0.0402847 0.0409603 0.0408071 0.0391944 0.035721
 1.09559e-16 4.01297e-05 0.000390075 0.00259219 0.0117837 0.0366637 0.0781174 0.114023 0.11406 0.0783021 0.0372842 0.013576 0.00709184 0.0102158 0.0187106 0.0308972 0.0445795 0.0562396 0.0623414 0.0613179 0.0545307 0.045343 0.0370595 0.0313233 0.0279111 0.0256063
 1.11851e-16 3.08485e-05 0.000299859 0.00199267 0.0090584 0.0281843 0.060051 0.0876546 0.0876944 0.0602458 0.0288387 0.0109509 0.00675135 0.0107156 0.0198932 0.0330508 0.0481051 0.0615381 0.0697566 0.0710797 0.0666538 0.0594799 0.0523923 0.0466288 0.0418466 0.0371064
 1.10124e-16 5.12137e-05 0.000497815 0.00330816 0.0150384 0.0467902 0.0996922 0.145508 0.145528 0.0997905 0.0471206 0.0159947 0.00571582 0.0057777 0.0101496 0.0168855 0.0247622 0.0320804 0.0371372 0.0391594 0.038706 0.0371349 0.0355847 0.0343157 0.0328241 0.030447
 1.07802e-16 4.40956e-05 0.000428625 0.00284836 0.0129483 0.0402871 0.0858371 0.125289 0.125323 0.0860055 0.0408526 0.0145822 0.00695089 0.00938876 0.0170742 0.0281934 0.0406989 0.051381 0.0570073 0.0561215 0.0499155 0.0413992 0.0335496 0.0278805 0.024268 0.0217249
 1.11459e-16 2.32183e-05 0.00022569 0.00149979 0.00681788 0.0212132 0.0451988 0.0659791 0.0660277 0.0454363 0.0220111 0.00912448 0.00729714 0.0129061 0.0241786 0.0401262 0.0582483 0.0741878 0.0834894 0.0840718 0.0773847 0.0672398 0.0573196 0.0493673 0.0431278 0.0374983
 1.18354e-16 3.33441e-05 0.000324117 0.00215387 0.00979121 0.0304642 0.0649082 0.0947408 0.0947665 0.0650339 0.0308873 0.0110174 0.00524808 0.00713281 0.0131237 0.022063 0.0327681 0.0432974 0.0516651 0.0569493 0.0596973 0.061198 0.0622595 0.0625656 0.0610569 0.0568543
 1.07567e-16 6.39824e-05 0.000621931 0.00413295 0.0187878 0.0584559 0.124547 0.181783 0.181795 0.124608 0.0586615 0.0193823 0.00562795 0.00389453 0.00630643 0.0103981 0.0151516 0.0194468 0.0222035 0.022971 0.0221985 0.020893 0.019934 0.019583 0.0194899 0.0190623
pSPR Fmed_Fpbrs
0.711893   0.285572 0.285572
Fs Fmed_Fpbrs
0.216541   1.005 1.005
SSBpbr Bo_Bmed_Bpbrs
2.06645e+06  1.36777e+06  486799 486799
Ro
224655
SPR SPRFo_SPRFmed_SPRFpbrs
1.60582e+06 1.14317e+06 458577
Fref
1.005
Nvult_r0
 378910 34699.5 11135.5 9831 4216.99
CTP_r0
 25438.5 4366.05 1401.12 1236.98 530.601
YTP_r0
391202
Np
 324786 197234 16221.5 5205.71 6059.94
Nvult_p0
 252497 170674 14037.1 4504.7 5243.9
CTP_p0
 84445.9 85549.9 7036.07 2257.97 2628.49
YTP_p0
 2.33458e+06
CBA_c0
974215
log_Ro
12.1423
likeval ReclasPelacesDesembMPH_pf_preclas_ppelaces_ptallas_desvR_qrecl_qpela
 22.9521 18.6582 1.24446 0.00330567 251.6 138.2 104.933 0 21.4873 0 0 6.43343 0 0 0
q_reclas_q_pelaces
1 1
M
1
N
 472943 98945.1 36399.9 13390.8 7793.11
 79444.3 159399 30552.1 11239.5 6541.11
 103785 26038.2 46545.4 8921.4 5192.05
 245250 34435.5 7791.97 13928.8 4223.46
 213024 75950.4 8977.23 2031.34 4732.24
 280908 74595.2 25315.7 2992.27 2254.43
 120618 92753.6 22107.4 7502.68 1554.94
 78966.5 35888.8 22321.3 5320.19 2179.73
 56949.5 28132 12381.3 7700.66 2587.41
 71994.5 18488.2 8059.46 3547.1 2947.4
 129723 22551.9 4931.27 2149.66 1732.24
 148802 45479.7 7534.99 1647.62 1297.01
 154461 43637 10631.8 1761.45 688.364
 116121 46285.1 10651.1 2595.04 597.959
 155781 31430.8 9217.71 2121.17 635.888
 453229 48217.9 8185.3 2400.5 718.001
 203439 134953 11620.8 1972.71 751.579
 637826 67503.7 40389.3 3477.91 815.332
 522572 204219 18810.9 11255.1 1196.38
 388085 159243 51549.2 4748.27 3143.01
 542049 122237 42944.5 13901.7 2128.11
 685200 176883 35383 12430.8 4640.03
 192472 215819 47700.9 9541.89 4603.57
 457276 65388.3 67709.8 14965.4 4437.91
 361993 155100 20448.4 21174.4 6067.87
 214128 123516 49085.1 6471.4 8621.48
 418992 74302.5 40427.5 16065.9 4940
 404350 142866 23482.4 12776.6 6638.64
 148628 138888 45818.2 7531 6226.64
 149268 51656.8 45605.3 15044.8 4517.45
 576143 50921 16341.2 14426.9 6188.37
pred_Ctot
 25245.3 10192.8 3749.71 1379.44 802.802
 5529.27 21175.6 4058.75 1493.13 868.966
 6489.45 3122.62 5581.93 1069.89 622.652
 24870.4 6521.67 1475.71 2637.95 799.875
 6507.5 4546.9 537.437 121.61 283.303
 18352.5 9329.28 3166.12 374.23 281.951
 14832.3 20985.5 5001.79 1697.48 351.804
 1581.9 1418.88 882.486 210.337 86.177
 4274.38 4015.27 1767.19 1099.11 369.301
 6847.91 3298.49 1437.89 632.838 525.847
 3868.57 1318.65 288.34 125.694 101.287
 19435.7 10871.4 1801.16 393.846 310.036
 18412.5 9595.71 2337.91 387.34 151.37
 19885.2 14096.8 3243.95 790.36 182.118
 15842.4 5968.35 1750.34 402.786 120.748
 55556.3 10877.6 1846.55 541.537 161.976
 12714.2 16176.5 1392.95 236.463 90.0896
 52873.3 10584.4 6332.93 545.327 127.842
 57580.8 41770.8 3847.57 2302.11 244.706
 35728.9 27556.7 8920.47 821.678 543.891
 39085.4 16795.2 5900.5 1910.07 292.399
 63085.5 30610.6 6123.21 2151.22 802.98
 9370.51 20341.8 4496.01 899.363 433.906
 22698.7 6279.81 6502.77 1437.26 426.212
 16691 13869.2 1828.52 1893.44 542.594
 7718.86 8693.61 3454.83 455.487 606.819
 19490.7 6701.39 3646.18 1448.99 445.541
 17044.3 11710.3 1924.78 1047.26 544.149
 5213.93 9519.42 3140.39 516.176 426.774
 6901.02 4631.24 4088.69 1348.83 405.007
 25438.5 4366.05 1401.12 1236.98 530.601
F
 0.0875663 0.175133 0.175133 0.175133 0.175133
 0.11549 0.230979 0.230979 0.230979 0.230979
 0.103236 0.206472 0.206472 0.206472 0.206472
 0.172198 0.344396 0.344396 0.344396 0.344396
 0.0493286 0.0986573 0.0986573 0.0986573 0.0986573
 0.108082 0.216163 0.216163 0.216163 0.216163
 0.212202 0.424404 0.424404 0.424404 0.424404
 0.032118 0.0642361 0.0642361 0.0642361 0.0642361
 0.12503 0.25006 0.25006 0.25006 0.25006
 0.160769 0.321538 0.321538 0.321538 0.321538
 0.0481319 0.0962638 0.0962638 0.0962638 0.0962638
 0.22671 0.45342 0.45342 0.45342 0.45342
 0.205122 0.410245 0.410245 0.410245 0.410245
 0.306846 0.613693 0.613693 0.613693 0.613693
 0.172724 0.345448 0.345448 0.345448 0.345448
 0.211467 0.422933 0.422933 0.422933 0.422933
 0.103183 0.206365 0.206365 0.206365 0.206365
 0.138872 0.277745 0.277745 0.277745 0.277745
 0.188328 0.376656 0.376656 0.376656 0.376656
 0.155263 0.310525 0.310525 0.310525 0.310525
 0.119865 0.239729 0.239729 0.239729 0.239729
 0.15527 0.31054 0.31054 0.31054 0.31054
 0.0796049 0.15921 0.15921 0.15921 0.15921
 0.0812184 0.162437 0.162437 0.162437 0.162437
 0.0752569 0.150514 0.150514 0.150514 0.150514
 0.058429 0.116858 0.116858 0.116858 0.116858
 0.0759472 0.151894 0.151894 0.151894 0.151894
 0.0686116 0.137223 0.137223 0.137223 0.137223
 0.0568232 0.113646 0.113646 0.113646 0.113646
 0.0754658 0.150932 0.150932 0.150932 0.150932
 0.0719677 0.143935 0.143935 0.143935 0.143935
nmprior
 8.19 8.8 8.5 0
nm_flota  nm_reclas  nm_pelaces    nm_pelaL
inf 6.9155 8.46258 16.0603
cv_recla  cv_pelaces  cv_mph
0.433347 0.489786 1.77433
 ------------------------------------------------
Talla a la edad & desviaci?n 
 8 13.2811 15.8009 17.003 17.5766
 0.8 1.32811 1.58009 1.7003 1.75766
