years
 1991 1992 1993 1994 1995 1996 1997 1998 1999 2000 2001 2002 2003 2004 2005 2006 2007 2008 2009 2010 2011 2012 2013 2014 2015 2016 2017 2018 2019 2020 2021
reclasobs
 0 0 0 0 0 0 0 0 0 252601 567819 844713 477998 351125 339783 2.1784e+06 2.13404e+06 4.81314e+06 1.55562e+06 2.62356e+06 3.21686e+06 3.843e+06 1.13348e+06 3.07943e+06 1.97215e+06 2.03268e+06 2.025e+06 2.42433e+06 2.27542e+06 1.05018e+06 2.36338e+06
reclaspred
 3.33239e+06 1.89024e+06 961271 996672 1.01756e+06 1.56808e+06 1.04414e+06 935592 680136 497542 523590 650710 644390 517365 525217 1.25925e+06 1.26225e+06 2.7183e+06 2.25587e+06 1.68887e+06 2.99206e+06 2.43369e+06 1.96801e+06 3.02166e+06 2.27592e+06 2.01911e+06 2.3629e+06 2.47138e+06 2.05135e+06 1.33149e+06 1.95134e+06
pelacesobs
 0 0 0 0 0 0 0 0 0 0 0 0 0 0 0 552880 188675 0 991730 2.46772e+06 1.41603e+06 1.21717e+06 2.29649e+06 1.80582e+06 0 1.4828e+06 1.56532e+06 1.57751e+06 1.42118e+06 867257 1.10002e+06
pelacespred
 2.04538e+06 1.29911e+06 666246 543028 573682 897027 592672 621397 449285 312648 328936 342921 371507 316664 324244 631652 661546 1.56459e+06 1.3909e+06 980104 1.62395e+06 1.46687e+06 1.19538e+06 1.93245e+06 1.45434e+06 1.28211e+06 1.65962e+06 1.71283e+06 1.22031e+06 900000 1.24184e+06
mphobs
 0 0 0 0 0 0 0 0 0 0 0 498337 0 5186 125008 0 168611 109162 213762 579715 649985 157893 87575 83554 0 0 0 0 0 0 0
mphpred
 3.92038e+06 2.63265e+06 1.33376e+06 728797 844572 963120 1.26002e+06 840827 733171 513514 340077 479077 511351 441526 314467 391625 1.13655e+06 1.12594e+06 2.10339e+06 1.61652e+06 1.72995e+06 2.1335e+06 2.03089e+06 1.70254e+06 2.3582e+06 1.94434e+06 1.60811e+06 1.69091e+06 2.31448e+06 1.60927e+06 1.04314e+06
desembarqueobs
 494567 514787 250237 358949 120608 361735 552515 73892 212993 205616 52469 317467 293654 387597 252695 516296 358380 742168 942051 627588 828172 859565 418607 520667 417249 300574 415391 372974 316634 284311 391294
desembarquepred
 494574 513250 251046 358972 120612 361750 552574 73895.6 213038 205659 52471.4 317537 293712 387657 252700 516282 358407 742096 941920 627498 828250 859615 418623 520693 417255 300580 415397 372967 316634 284324 391301
Reclutas
 221075 126136 125428 235825 188920 307619 129468 61065.2 55143.3 71286.4 128618 165395 139333 98054.6 99897 510024 120879 781379 460919 350039 526217 704536 153821 448682 375100 171351 375708 416983 129585 96105.4 354567
log_desv_Rt
 0.0815666 -0.479576 -0.485204 0.146157 -0.0756092 0.411926 -0.4535 -1.20499 -1.307 -1.05023 -0.46009 -0.208598 -0.380071 -0.73141 -0.712795 0.917523 -0.522141 1.34413 0.816288 0.54111 0.948779 1.2406 -0.281147 0.78938 0.610259 -0.173219 0.611877 0.71611 -0.452598 -0.75149 0.553964
SSB
 3.92038e+06 2.63265e+06 1.33376e+06 728797 844572 963120 1.26002e+06 840827 733171 513514 340077 479077 511351 441526 314467 391625 1.13655e+06 1.12594e+06 2.10339e+06 1.61652e+06 1.72995e+06 2.1335e+06 2.03089e+06 1.70254e+06 2.3582e+06 1.94434e+06 1.60811e+06 1.69091e+06 2.31448e+06 1.60927e+06 1.04314e+06
BT
 5.21156e+06 3.55335e+06 1.81401e+06 1.62456e+06 1.47772e+06 2.5164e+06 1.90808e+06 1.56404e+06 1.29013e+06 953580 854322 1.10892e+06 1.17723e+06 1.18403e+06 1.06103e+06 2.0144e+06 1.87489e+06 4.57143e+06 4.30003e+06 2.92857e+06 4.67852e+06 4.37472e+06 3.22825e+06 5.27211e+06 3.87923e+06 3.35076e+06 4.52133e+06 4.60761e+06 3.15402e+06 2.40735e+06 3.4539e+06
Ftot
 0.108243 0.1954 0.189329 0.273482 0.0895777 0.177968 0.380485 0.0593375 0.23324 0.305396 0.0789899 0.366912 0.342024 0.555435 0.372958 0.327803 0.209782 0.216058 0.311838 0.278563 0.211708 0.268014 0.156644 0.135073 0.137534 0.111167 0.136977 0.118585 0.112189 0.156679 0.158482
BD_Bspro_t
 0.98283 0.872758 0.736314 0.657341 0.659616 0.727004 0.718452 0.582675 0.634175 0.597803 0.56664 0.72666 0.616747 0.533423 0.434708 0.489703 0.635612 0.620805 0.699187 0.611011 0.583189 0.630071 0.64537 0.642358 0.738701 0.746248 0.75362 0.782569 0.818567 0.763674 0.710036
BD_Bspro
 2.69173 1.80758 0.915761 0.500393 0.579884 0.661279 0.86513 0.577313 0.503396 0.352579 0.233497 0.328935 0.351094 0.303152 0.215913 0.26889 0.780357 0.773072 1.44419 1.1099 1.18779 1.46486 1.39441 1.16897 1.61915 1.33499 1.10413 1.16098 1.58913 1.10492 0.716224
BD_Bo
 1.83688 1.23352 0.62493 0.341476 0.395722 0.451268 0.590379 0.393967 0.343526 0.240606 0.159342 0.22447 0.239592 0.206876 0.147343 0.183495 0.532528 0.527557 0.985538 0.757416 0.810564 0.999644 0.951571 0.797722 1.10493 0.911018 0.753475 0.792273 1.08444 0.754018 0.488763
BD_Brms
 12.0381 8.08398 4.09552 2.23789 2.59339 2.95741 3.86909 2.58189 2.25132 1.57683 1.04426 1.47108 1.57018 1.35578 0.965621 1.20255 3.48996 3.45738 6.45879 4.96378 5.31209 6.55124 6.23619 5.22793 7.24124 5.97042 4.93795 5.19222 7.10699 4.94151 3.20314
Sel_flota
 0.841611 1 1 1 1
 0.841611 1 1 1 1
 0.841611 1 1 1 1
 0.841611 1 1 1 1
 0.841611 1 1 1 1
 0.841611 1 1 1 1
 0.841611 1 1 1 1
 0.841611 1 1 1 1
 0.841611 1 1 1 1
 0.841611 1 1 1 1
 0.841611 1 1 1 1
 0.841611 1 1 1 1
 0.841611 1 1 1 1
 0.841611 1 1 1 1
 0.841611 1 1 1 1
 0.841611 1 1 1 1
 0.841611 1 1 1 1
 0.841611 1 1 1 1
 0.841611 1 1 1 1
 0.841611 1 1 1 1
 0.841611 1 1 1 1
 0.841611 1 1 1 1
 0.841611 1 1 1 1
 0.841611 1 1 1 1
 0.841611 1 1 1 1
 0.841611 1 1 1 1
 0.841611 1 1 1 1
 0.841611 1 1 1 1
 0.841611 1 1 1 1
 0.841611 1 1 1 1
 0.841611 1 1 1 1
Sel_reclas
 1 1 1 1 1
 1 1 1 1 1
 1 1 1 1 1
 1 1 1 1 1
 1 1 1 1 1
 1 1 1 1 1
 1 1 1 1 1
 1 1 1 1 1
 1 1 1 1 1
 1 1 1 1 1
 1 1 1 1 1
 1 1 1 1 1
 1 1 1 1 1
 1 1 1 1 1
 1 1 1 1 1
 1 1 1 1 1
 1 1 1 1 1
 1 1 1 1 1
 1 1 1 1 1
 1 1 1 1 1
 1 1 1 1 1
 1 1 1 1 1
 1 1 1 1 1
 1 1 1 1 1
 1 1 1 1 1
 1 1 1 1 1
 1 1 1 1 1
 1 1 1 1 1
 1 1 1 1 1
 1 1 1 1 1
 1 1 1 1 1
Sel_pelaces
 0.892137 0.97654 0.995249 0.999052 0.999812
 0.892137 0.97654 0.995249 0.999052 0.999812
 0.892137 0.97654 0.995249 0.999052 0.999812
 0.892137 0.97654 0.995249 0.999052 0.999812
 0.892137 0.97654 0.995249 0.999052 0.999812
 0.892137 0.97654 0.995249 0.999052 0.999812
 0.892137 0.97654 0.995249 0.999052 0.999812
 0.892137 0.97654 0.995249 0.999052 0.999812
 0.892137 0.97654 0.995249 0.999052 0.999812
 0.892137 0.97654 0.995249 0.999052 0.999812
 0.892137 0.97654 0.995249 0.999052 0.999812
 0.892137 0.97654 0.995249 0.999052 0.999812
 0.892137 0.97654 0.995249 0.999052 0.999812
 0.892137 0.97654 0.995249 0.999052 0.999812
 0.892137 0.97654 0.995249 0.999052 0.999812
 0.892137 0.97654 0.995249 0.999052 0.999812
 0.892137 0.97654 0.995249 0.999052 0.999812
 0.892137 0.97654 0.995249 0.999052 0.999812
 0.892137 0.97654 0.995249 0.999052 0.999812
 0.892137 0.97654 0.995249 0.999052 0.999812
 0.892137 0.97654 0.995249 0.999052 0.999812
 0.892137 0.97654 0.995249 0.999052 0.999812
 0.892137 0.97654 0.995249 0.999052 0.999812
 0.892137 0.97654 0.995249 0.999052 0.999812
 0.892137 0.97654 0.995249 0.999052 0.999812
 0.892137 0.97654 0.995249 0.999052 0.999812
 0.892137 0.97654 0.995249 0.999052 0.999812
 0.892137 0.97654 0.995249 0.999052 0.999812
 0.892137 0.97654 0.995249 0.999052 0.999812
 0.892137 0.97654 0.995249 0.999052 0.999812
 0.892137 0.97654 0.995249 0.999052 0.999812
pf_obs 
 0.8446 0.082 0.0669 0.0065 0
 0.8095 0.147 0.0364 0.0071 0
 0.9664 0.0169 0.016 0.0007 0
 0.9276 0.0648 0.0075 0.0001 0
 0.7033 0.2144 0.0806 0.0017 0
 0.9318 0.0425 0.0243 0.0014 0
 0.5671 0.3108 0.0964 0.0239 0.0018
 0.0768 0.2599 0.5324 0.112 0.0189
 0.490249 0.384438 0.106611 0.0170017 0.00170017
 0.7925 0.1577 0.0466 0.003 0.0002
 0.840416 0.127587 0.0312969 0.00059994 9.999e-05
 0.8084 0.0986 0.0794 0.0134 0.0002
 0.7335 0.1905 0.0724 0.0035 0.0001
 0.4001 0.4547 0.1325 0.0127 0
 0.49795 0.308269 0.164784 0.0264974 0.00249975
 0.9179 0.0499 0.0305 0.0017 0
 0.2467 0.6533 0.0926 0.0074 0
 0.9418 0.0223 0.034 0.0019 0
 0.707729 0.231977 0.0356964 0.0245975 0
 0.517169 0.277429 0.184464 0.0207286 0.00020938
 0.811772 0.124168 0.05621 0.00726502 0.000585176
 0.764997 0.148141 0.077277 0.00933861 0.000247198
 0.163321 0.427699 0.378323 0.0303852 0.000271297
 0.753843 0.0900009 0.118128 0.0371064 0.000921714
 0.721811 0.176058 0.0630433 0.0369309 0.00215725
 0.143369 0.312575 0.442814 0.0836902 0.0175525
 0.692698 0.0596174 0.167031 0.0765114 0.00414204
 0.394062 0.376323 0.152708 0.0712218 0.00568511
 0.125707 0.32114 0.495352 0.0537591 0.00404204
 0.23352 0.215282 0.420074 0.123614 0.00750983
 0.774587 0.0839891 0.0768558 0.0609784 0.00358967
pf_pred 
 0.436838 0.114228 0.425282 0.0236522 7.69854e-07
 0.411082 0.283943 0.061859 0.230307 0.012809
 0.554164 0.20417 0.116518 0.0253842 0.0997643
 0.755031 0.147119 0.04481 0.0255727 0.0274669
 0.647008 0.278817 0.0445467 0.0135682 0.0160601
 0.736269 0.181216 0.0651766 0.0104133 0.00692592
 0.468998 0.409581 0.0834311 0.0300071 0.00798291
 0.437484 0.293202 0.207731 0.0423146 0.0192677
 0.51494 0.233629 0.131054 0.0928506 0.0275257
 0.673871 0.18369 0.0686058 0.0384843 0.0353488
 0.793569 0.147918 0.0329574 0.0123091 0.013247
 0.725447 0.225538 0.0351216 0.00782541 0.00606805
 0.672193 0.250722 0.0633236 0.00986096 0.00390082
 0.613711 0.276481 0.0839857 0.0212119 0.00460986
 0.717126 0.188387 0.0676274 0.0205429 0.006316
 0.925147 0.0566961 0.0120922 0.00434086 0.00172402
 0.404503 0.558634 0.0279208 0.00595495 0.00298673
 0.889835 0.0497436 0.0566809 0.00283293 0.000907253
 0.599624 0.36329 0.016746 0.0190814 0.00125912
 0.597988 0.26013 0.128739 0.0059343 0.00720809
 0.739679 0.167845 0.0598386 0.0296143 0.00302318
 0.742613 0.199475 0.0373393 0.0133119 0.00726064
 0.329867 0.521769 0.114982 0.0215232 0.0118585
 0.740979 0.0964781 0.126557 0.0278893 0.00809685
 0.626207 0.28965 0.0313408 0.0411119 0.01169
 0.441347 0.373448 0.143515 0.0155286 0.0261621
 0.730102 0.131383 0.0925948 0.0355838 0.010337
 0.687169 0.239323 0.0357826 0.0252186 0.0125068
 0.364623 0.460781 0.13357 0.0199709 0.0210552
 0.434523 0.230688 0.242792 0.0703798 0.0216171
 0.823912 0.0846886 0.0372867 0.039243 0.0148697
pobs_RECLAS
 0 0 0 0 0
 0 0 0 0 0
 0 0 0 0 0
 0 0 0 0 0
 0 0 0 0 0
 0 0 0 0 0
 0 0 0 0 0
 0 0 0 0 0
 0 0 0 0 0
 0 0 0 0 0
 0.991045 0.00858322 0.000360255 1.14367e-05 0
 0.934742 0.0480273 0.0164251 0.00080598 0
 0.827803 0.169806 0.00239088 0 0
 0.941827 0.0461693 0.0120037 0 0
 0.791401 0.0380133 0.147996 0.0225897 0
 0.846168 0.0940531 0.0597789 0 0
 0.134021 0.677848 0.182769 0.00536245 0
 0.80878 0.0450904 0.141981 0.00414843 0
 0.846168 0.0940531 0.0597789 0 0
 0.905697 0.0802665 0.012482 0.00150086 5.37128e-05
 0.989698 0.0102097 9.19794e-05 0 0
 0.975433 0.0193895 0.00387452 0.00125025 5.28907e-05
 0.303575 0.632131 0.0575291 0.00676475 0
 0.966965 0.00978017 0.0227588 0.000495775 0
 0.843318 0.132988 0.00938335 0.0141283 0.000182051
 0.564624 0.303363 0.111486 0.0197234 0.00080311
 0.826376 0.0876187 0.0782897 0.00655872 0.00115652
 0.89761 0.0855135 0.0140674 0.00269457 0.000114338
 0.34875 0.467042 0.161289 0.0227151 0.000203297
 0.318654 0.224769 0.449479 0.00709798 0
 0.937255 0.0296025 0.0250945 0.00804832 0
ppred_RECLAS
 0.480004 0.105472 0.392684 0.0218393 7.10845e-07
 0.454109 0.263198 0.0573395 0.213481 0.0118732
 0.596961 0.184571 0.105333 0.0229476 0.0901878
 0.786251 0.12837 0.0390993 0.0223137 0.0239665
 0.685595 0.248339 0.0396771 0.012085 0.0143045
 0.768841 0.158835 0.057127 0.00912719 0.00607054
 0.51371 0.375093 0.0764059 0.0274804 0.00731072
 0.480478 0.270793 0.191854 0.0390804 0.0177951
 0.558695 0.212555 0.119232 0.084475 0.0250428
 0.711609 0.162435 0.060667 0.0340311 0.0312584
 0.820554 0.128581 0.0286491 0.0107 0.0115153
 0.759579 0.197499 0.0307553 0.00685256 0.00531367
 0.710194 0.221656 0.0559827 0.00871781 0.00344861
 0.656122 0.246127 0.074765 0.018883 0.00410375
 0.751963 0.165187 0.0592988 0.018013 0.00553816
 0.936573 0.0480414 0.0102463 0.00367822 0.00146084
 0.447428 0.518367 0.0259082 0.00552571 0.00277144
 0.905923 0.0424795 0.0484037 0.00241924 0.000774766
 0.641411 0.325374 0.0149982 0.0170899 0.00112771
 0.639692 0.233145 0.115384 0.00531868 0.00646033
 0.772064 0.146964 0.0523945 0.0259302 0.00264709
 0.774925 0.174433 0.0326517 0.0116407 0.00634915
 0.369577 0.490851 0.108168 0.0202478 0.0111558
 0.773023 0.0845423 0.1109 0.024439 0.00709515
 0.666061 0.258768 0.0279992 0.0367286 0.0104437
 0.484586 0.344543 0.132407 0.0143267 0.0241371
 0.763068 0.115335 0.0812851 0.0312376 0.00907445
 0.723333 0.211656 0.031646 0.0223033 0.0110609
 0.405809 0.430912 0.124912 0.0186763 0.0196903
 0.477848 0.213014 0.22419 0.0649875 0.0199609
 0.847854 0.073174 0.0322171 0.0339074 0.012848
pobs_PELACES
 0 0 0 0 0
 0 0 0 0 0
 0 0 0 0 0
 0 0 0 0 0
 0 0 0 0 0
 0 0 0 0 0
 0 0 0 0 0
 0 0 0 0 0
 0 0 0 0 0
 0 0 0 0 0
 0 0 0 0 0
 0 0 0 0 0
 0 0 0 0 0
 0 0 0 0 0
 0 0 0 0 0
 0 0 0 0 0
 0.505614 0.472636 0.0217494 0 0
 0 0 0 0 0
 0.443492 0.261883 0.143347 0.151278 0
 0.227955 0.32914 0.350689 0.0885471 0.00366901
 0.970185 0.0296113 0.000203453 0 0
 0.997202 0.00247181 0.000326279 0 0
 0.445219 0.490057 0.0546422 0.010081 0
 0.90214 0.0892962 0.00764917 0.000914606 0
 0 0 0 0 0
 0.581667 0.319106 0.0959925 0.00289975 0.000334073
 0.762889 0.0836404 0.116647 0.0363945 0.000428098
 0.88444 0.0763242 0.0277011 0.0115352 0
 0.521256 0.241999 0.230069 0.00667565 0
 0.616807 0.101726 0.260614 0.0208532 0
 0.833518 0.0704572 0.0857862 0.0102388 0
ppred_PELACES
 0.4551 0.108843 0.412999 0.0230569 7.51047e-07
 0.431497 0.270971 0.0601639 0.224852 0.0125152
 0.574621 0.192557 0.111996 0.0244924 0.0963325
 0.77168 0.135953 0.0422025 0.0241766 0.0259872
 0.665858 0.262775 0.0427879 0.0130823 0.0154967
 0.752954 0.168693 0.0618349 0.00991714 0.00660095
 0.494922 0.387774 0.0805023 0.0290644 0.00773799
 0.456361 0.280662 0.202656 0.0414385 0.0188832
 0.536629 0.220767 0.126212 0.0897615 0.0266302
 0.694128 0.170688 0.0649708 0.0365846 0.0336293
 0.806573 0.137778 0.0312863 0.0117297 0.012633
 0.745647 0.208188 0.0330408 0.00738993 0.00573472
 0.694054 0.232912 0.0599524 0.00937166 0.00371008
 0.640836 0.255606 0.0791321 0.0200624 0.00436336
 0.737196 0.173842 0.0636014 0.0193938 0.00596722
 0.931764 0.0514277 0.0111787 0.00402826 0.00160108
 0.427576 0.53632 0.0273191 0.00584889 0.00293576
 0.897995 0.0455739 0.0529246 0.0026553 0.000851012
 0.623733 0.340741 0.0160075 0.0183096 0.00120911
 0.620416 0.243934 0.123037 0.0056931 0.00692038
 0.756465 0.155884 0.056639 0.028138 0.00287465
 0.76048 0.18477 0.0352493 0.0126148 0.00688568
 0.349627 0.504141 0.113226 0.0212755 0.0117309
 0.755768 0.0898385 0.120105 0.0265686 0.0077193
 0.646191 0.272831 0.0300865 0.0396174 0.0112737
 0.461845 0.357358 0.139963 0.0152021 0.0256315
 0.745711 0.122495 0.0879852 0.0339416 0.00986745
 0.705135 0.224456 0.0342028 0.0241973 0.0120094
 0.384291 0.444057 0.131188 0.0196897 0.0207745
 0.454425 0.219929 0.235902 0.068644 0.0211
 0.83543 0.0782721 0.0351219 0.0371059 0.0140706
pobs_pel_tallas
 0 0 0 0 0 0 0 0 0 0 0 0 0 0 0 0 0 0 0 0 0 0 0 0 0 0
 0 0 0 0 0 0 0 0 0 0 0 0 0 0 0 0 0 0 0 0 0 0 0 0 0 0
 0 0 0 0 0 0 0 0 0 0 0 0 0 0 0 0 0 0 0 0 0 0 0 0 0 0
 0 0 0 0 0 0 0 0 0 0 0 0 0 0 0 0 0 0 0 0 0 0 0 0 0 0
 0 0 0 0 0 0 0 0 0 0 0 0 0 0 0 0 0 0 0 0 0 0 0 0 0 0
 0 0 0 0 0 0 0 0 0 0 0 0 0 0 0 0 0 0 0 0 0 0 0 0 0 0
 0 0 0 0 0 0 0 0 0 0 0 0 0 0 0 0 0 0 0 0 0 0 0 0 0 0
 0 0 0 0 0 0 0 0 0 0 0 0 0 0 0 0 0 0 0 0 0 0 0 0 0 0
 0 0 0 0 0 0 0 0 0 0 0 0 0 0 0 0 0 0 0 0 0 0 0 0 0 0
 0 0 0 0 0 0 0 0 0 0 0 0 0 0 0 0 0 0 0 0 0 0 0 0 0 0
 0 0 0 0 0 0 0 0 0 0 0 0 0 0 0 0 0 0 0 0 0 0 0 0 0 0
 0 0 0 0 0 0 0 0 0 0 0 0 0 0 0 0 0 0 0 0 0 0 0 0 0 0
 0.00862536 0 0 0.000197151 0.00414017 0.0128641 0.00837892 0.0270097 0.101434 0.158115 0.152841 0.127902 0.109271 0.109419 0.0830992 0.0579132 0.0238553 0.00714673 0.00463305 0.00128148 0.00103504 0.000492878 0.000147863 0.000147863 4.92878e-05 0
 0 0 0 0 0 0 0 0 0 0 0 0 0 0 0 0 0 0 0 0 0 0 0 0 0 0
 0 0 0 0 0 0 0 0.0054083 0.00873648 0.0413646 0.0450493 0.0745869 0.0622846 0.0627006 0.0613931 0.0827291 0.12552 0.122667 0.0946155 0.0697135 0.0546179 0.0294188 0.0215738 0.0213955 0.0102223 0.00600262
 0 0 0 0 0.00359764 0.0251062 0.0480494 0.140153 0.205849 0.193036 0.1447 0.116669 0.0760912 0.0342217 0.00950174 0.001854 0.000860785 0 0 0 0.000165536 0 0.000143464 0 0 0
 0 0 0 0 0 0 0 0.000145254 0.000435761 0.0275982 0.070085 0.0708112 0.156366 0.174668 0.174014 0.160142 0.0824315 0.0480064 0.0283245 0.00493863 0.00203355 0 0 0 0 0
 0 0 0 0 0 0 0 0 0 0 0 0 0 0 0 0 0 0 0 0 0 0 0 0 0 0
 0 0 1.00437e-05 0.000401748 0.00122533 0.00171747 0.00176769 0.0269171 0.070346 0.194647 0.189555 0.159765 0.064822 0.0314167 0.0384472 0.0292271 0.0345202 0.0313363 0.0194345 0.0106764 0.0143323 0.0359363 0.0279516 0.0138201 0.00172751 0
 0 0.0021121 0.0136068 0.0755702 0.200478 0.177729 0.0527432 0.0373336 0.0318909 0.0142505 0.0149659 0.0166563 0.0217959 0.0798694 0.0677717 0.0528807 0.04013 0.0224614 0.0357745 0.0225083 0.00881397 0.00855152 0.00135912 0.000746735 0 0
 0 0 0 0 5.4009e-05 0.00500934 0.000945158 0.0243581 0.138947 0.33067 0.221406 0.137944 0.0707744 0.0437923 0.0131692 0.00525238 0.0047753 0.00276346 9.45158e-05 9.00151e-06 2.25038e-05 9.00151e-06 4.50075e-06 0 0 0
 0.000866109 0.00284123 0.00948549 0.0512746 0.133035 0.25785 0.225252 0.132002 0.0553304 0.0519788 0.0540692 0.017754 0.00435017 0.00159236 0.00146478 0.000404838 0.000125132 0.000115318 0.000107957 0.000100596 0 0 0 0 0 0
 0 0 0 0 0.00144013 0.00171154 0.00461396 0.0210425 0.0478622 0.0707936 0.0888783 0.103762 0.0637923 0.0337046 0.0602308 0.124433 0.169614 0.0934646 0.0462172 0.0250306 0.0313229 0.00938855 0.002487 0.000210481 0 0
 0 0.00764035 0.051015 0.0998891 0.058973 0.0496711 0.0374665 0.0718981 0.12319 0.153886 0.159021 0.0857701 0.0377988 0.023471 0.0147837 0.00900784 0.00315554 0.000888139 0.00291439 0.00214683 0.00393193 0.00274676 0.000635225 9.99891e-05 0 0
 0 0 0 0 0 0 0 0 0 0 0 0 0 0 0 0 0 0 0 0 0 0 0 0 0 0
 0 0 0 0 0 0 0 0 0 0 0 0 0 0 0 0 0 0 0 0 0 0 0 0 0 0
 0 0 0 0 0 0 0 0 0 0 0 0 0 0 0 0 0 0 0 0 0 0 0 0 0 0
 0 0 0 0 0 0 0 0 0 0 0 0 0 0 0 0 0 0 0 0 0 0 0 0 0 0
 0 0 0 0 0 0 0 0 0 0 0 0 0 0 0 0 0 0 0 0 0 0 0 0 0 0
 0 0 0 0 0 0 0 0 0 0 0 0 0 0 0 0 0 0 0 0 0 0 0 0 0 0
 0 0 0 0 0 0 0 0 0 0 0 0 0 0 0 0 0 0 0 0 0 0 0 0 0 0
ppred_pel_tallas
 1.14259e-16 3.7486e-05 0.000364377 0.00242142 0.0110074 0.0342482 0.0729698 0.106504 0.106515 0.0730244 0.0344333 0.0115498 0.00381268 0.00349975 0.00627935 0.0110689 0.0176766 0.0258314 0.0351437 0.0452154 0.0554902 0.0648888 0.0716762 0.0739462 0.0705531 0.0618426
 1.26473e-16 3.55419e-05 0.00034548 0.00229584 0.0104366 0.0324722 0.0691863 0.100985 0.101011 0.0693146 0.0329031 0.0116829 0.00543088 0.00721261 0.0131501 0.0218866 0.0320381 0.0414619 0.0481033 0.0512834 0.0521979 0.053064 0.0555235 0.059527 0.0634275 0.0650248
 1.2204e-16 4.73308e-05 0.000460073 0.00305735 0.0138983 0.0432427 0.0921339 0.134476 0.134495 0.0922255 0.0435505 0.0147893 0.00530201 0.00538708 0.00948516 0.0158218 0.0233074 0.0304407 0.0357565 0.0386901 0.0399243 0.040838 0.0424826 0.0448954 0.0471781 0.0481151
 1.08076e-16 6.35623e-05 0.000617848 0.00410582 0.0186645 0.0580722 0.123729 0.180589 0.180603 0.123794 0.0582882 0.019289 0.00567586 0.0040537 0.00661432 0.010903 0.0158674 0.0203216 0.0231174 0.0237723 0.0227618 0.0211681 0.019961 0.0194738 0.0193892 0.0191043
 1.05237e-16 5.48459e-05 0.000533122 0.00354278 0.016105 0.0501088 0.106763 0.155829 0.155854 0.106887 0.0505246 0.0173062 0.00655857 0.00711898 0.0125698 0.0207135 0.029882 0.0376862 0.0417335 0.0409383 0.0361691 0.0296465 0.0235887 0.0191587 0.0163235 0.0144045
 1.0394e-16 6.20199e-05 0.000602855 0.00400619 0.0182116 0.056663 0.120727 0.176208 0.176224 0.120807 0.056931 0.0189865 0.00595442 0.00486571 0.00818685 0.0135119 0.0196351 0.0250618 0.0283019 0.0286567 0.026597 0.0233695 0.0201676 0.017539 0.0153822 0.0133408
 1.06647e-16 4.07661e-05 0.000396261 0.0026333 0.0119706 0.0372452 0.0793563 0.115831 0.115868 0.0795391 0.0378594 0.0137451 0.00708992 0.0101329 0.0185554 0.0306722 0.0443253 0.0560493 0.0623343 0.0615656 0.0549626 0.0456878 0.0368755 0.0301334 0.0253912 0.0217399
 1.13272e-16 3.75899e-05 0.000365387 0.00242813 0.0110379 0.0343432 0.0731729 0.106804 0.106831 0.0733065 0.0347926 0.0123393 0.00570779 0.00756798 0.0138433 0.0231582 0.0341347 0.0445599 0.0521649 0.0558654 0.0562708 0.0549695 0.0532245 0.0512018 0.048231 0.0436419
 1.17208e-16 4.42015e-05 0.000429654 0.00285521 0.0129794 0.0403837 0.0860426 0.125586 0.125608 0.0861475 0.0407366 0.0140011 0.00542911 0.00607953 0.010867 0.018143 0.0267247 0.0348879 0.0409244 0.0441265 0.0451747 0.0455109 0.0462011 0.0472186 0.0476163 0.0462824
 1.11279e-16 5.71744e-05 0.000555756 0.00369319 0.0167887 0.052236 0.111295 0.162442 0.162458 0.111376 0.0525076 0.0175743 0.00566926 0.0048836 0.00831877 0.0137757 0.0201134 0.0258918 0.0297019 0.0309541 0.0302301 0.0288303 0.0278776 0.0276826 0.027762 0.0273252
 1.04253e-16 6.64364e-05 0.000645785 0.00429147 0.0195084 0.060698 0.129324 0.188755 0.188768 0.129389 0.0609164 0.0201394 0.00587656 0.00411006 0.00665782 0.010934 0.0158229 0.0200689 0.0224447 0.0224023 0.0203955 0.0175527 0.0149658 0.0131521 0.0120053 0.0111092
 1.02719e-16 6.1418e-05 0.000597005 0.00396731 0.0180348 0.0561131 0.119556 0.174499 0.174519 0.119654 0.0564424 0.0189862 0.00635568 0.00581194 0.0099688 0.0163919 0.023628 0.0297574 0.0328656 0.0320713 0.0280435 0.0225334 0.0173122 0.0133427 0.0106657 0.00882197
 1.03358e-16 5.71684e-05 0.000555697 0.0036928 0.016787 0.0522306 0.111284 0.162426 0.162449 0.111394 0.0525998 0.0178539 0.00637295 0.00641326 0.0112016 0.0184796 0.0267351 0.0338697 0.0377737 0.0374589 0.0336147 0.02808 0.0226816 0.0183647 0.0151237 0.012501
 1.051e-16 5.27849e-05 0.000513088 0.00340965 0.0154998 0.0482257 0.102751 0.149973 0.149998 0.102872 0.0486314 0.0166724 0.00635662 0.00695785 0.0123263 0.020383 0.029565 0.0376148 0.042256 0.0424265 0.0388682 0.0335334 0.0283138 0.0241139 0.0208169 0.0178695
 1.04835e-16 6.07219e-05 0.000590238 0.00392234 0.0178304 0.0554771 0.1182 0.172521 0.172537 0.118283 0.0557534 0.0186293 0.00593081 0.00498555 0.00844012 0.0139411 0.0202745 0.0259138 0.0293391 0.0298477 0.0279382 0.024895 0.0219253 0.0195462 0.0175898 0.0156281
 1.01011e-16 7.67482e-05 0.00074602 0.00495756 0.0225364 0.070119 0.149396 0.218049 0.218054 0.14942 0.0702005 0.0227718 0.00554884 0.00203798 0.00253396 0.00407709 0.00588812 0.00745221 0.00830156 0.00822354 0.00738039 0.00619005 0.00506445 0.00421112 0.00361441 0.00314829
 1.02009e-16 3.5219e-05 0.000342341 0.00227498 0.0103418 0.0321773 0.0685591 0.100075 0.100126 0.0688113 0.0330238 0.0127855 0.00840528 0.0137119 0.0253886 0.0418171 0.0600017 0.0749613 0.0816421 0.0777148 0.0649877 0.0482406 0.0324515 0.0205479 0.0129633 0.00861366
 1.0195e-16 7.39667e-05 0.000718982 0.00477789 0.0217196 0.0675778 0.143982 0.210147 0.210151 0.144004 0.0676513 0.021933 0.00531708 0.00190744 0.00236444 0.00387858 0.00578134 0.0076876 0.00924294 0.0102588 0.0107751 0.0109444 0.0108505 0.0104324 0.00957357 0.0082504
 1.0259e-16 5.13761e-05 0.000499394 0.00331865 0.0150861 0.0469387 0.100009 0.145973 0.146006 0.100169 0.0474765 0.016639 0.00721427 0.00899618 0.0161669 0.0265904 0.0381717 0.0477391 0.0521041 0.0498161 0.0420493 0.0318471 0.0223437 0.0153287 0.0109752 0.00849011
 1.05356e-16 5.11029e-05 0.000496738 0.003301 0.0150059 0.046689 0.0994768 0.145194 0.145218 0.0995924 0.0470776 0.01613 0.00612923 0.00669235 0.0118807 0.019724 0.0287878 0.036988 0.0422014 0.0433957 0.0411521 0.0370988 0.0327617 0.028792 0.0250367 0.0211269
 1.04983e-16 6.2309e-05 0.000605666 0.00402486 0.0182965 0.0569271 0.12129 0.177029 0.177044 0.121364 0.0571749 0.019013 0.00582658 0.00454917 0.00758242 0.0125179 0.0182191 0.0233217 0.0264777 0.0270741 0.0255703 0.0231161 0.0207693 0.0189442 0.0174263 0.0157737
 1.03495e-16 6.26398e-05 0.000608881 0.00404623 0.0183936 0.0572294 0.121934 0.17797 0.177988 0.122021 0.0575219 0.0192388 0.00616872 0.00524529 0.00887699 0.0146003 0.0210837 0.0266377 0.0295856 0.0291624 0.0259625 0.021514 0.0173341 0.0142038 0.0120866 0.0105246
 1.07516e-16 2.87984e-05 0.000279931 0.00186024 0.00845641 0.0263113 0.0560608 0.0818325 0.0818812 0.0562986 0.0271099 0.010764 0.00765587 0.0129428 0.0241098 0.0398967 0.0576658 0.0729267 0.0811022 0.0800629 0.071351 0.0590366 0.0471805 0.0379085 0.0312204 0.0260567
 1.0746e-16 6.22517e-05 0.000605108 0.00402116 0.0182796 0.0568747 0.121178 0.176864 0.176873 0.121221 0.0570204 0.0187028 0.00509197 0.00297108 0.00463913 0.00778961 0.0117277 0.0158239 0.0194577 0.0223179 0.0244956 0.0262254 0.0275129 0.0280099 0.0272453 0.0249894
 1.06819e-16 5.3226e-05 0.000517375 0.00343814 0.0156293 0.0486287 0.10361 0.151227 0.151253 0.103738 0.0490602 0.0168755 0.00656639 0.00734722 0.0130276 0.0214638 0.0309463 0.039001 0.0431632 0.0423487 0.0375238 0.0310592 0.0252862 0.0213674 0.0191412 0.017728
 1.09993e-16 3.80417e-05 0.000369779 0.00245731 0.0111706 0.0347561 0.0740527 0.108089 0.108124 0.0742218 0.0353242 0.0128133 0.00658774 0.00940969 0.0172745 0.0286761 0.0417225 0.0533426 0.0604077 0.0614526 0.0574732 0.0510862 0.0447751 0.0396435 0.0354215 0.0313098
 1.07645e-16 6.14232e-05 0.000597056 0.00396765 0.0180363 0.0561178 0.119565 0.174512 0.174524 0.119624 0.0563141 0.0186048 0.00540046 0.00374494 0.00609913 0.0101423 0.014974 0.0196143 0.0231018 0.0250001 0.0256066 0.0256208 0.0255565 0.0253964 0.0247191 0.0230998
 1.05504e-16 5.8081e-05 0.000564568 0.00375176 0.017055 0.0530644 0.11306 0.165019 0.165041 0.113166 0.0534196 0.018081 0.00632808 0.00619115 0.0107517 0.0177042 0.0255526 0.0322585 0.0357965 0.0352637 0.0314258 0.02619 0.0214333 0.0180949 0.0160625 0.0146669
 1.0939e-16 3.16536e-05 0.000307684 0.00204467 0.00929482 0.0289199 0.0616184 0.0899428 0.0899857 0.0618281 0.0296244 0.0113311 0.00716143 0.0114955 0.0213319 0.0353534 0.0512475 0.0651227 0.0730125 0.0730693 0.0666051 0.057066 0.0478183 0.0405132 0.0349931 0.0302811
 1.17319e-16 3.74304e-05 0.000363837 0.00241783 0.0109911 0.0341975 0.0728622 0.106349 0.106371 0.0729676 0.0345525 0.0120207 0.00501897 0.0060979 0.0110918 0.0187097 0.0279643 0.0373087 0.0451558 0.0507522 0.0544694 0.0571782 0.0592667 0.0601955 0.0589228 0.0547376
 1.07136e-16 6.88132e-05 0.000668889 0.004445 0.0202063 0.0628695 0.13395 0.195506 0.195514 0.133988 0.0629944 0.0205677 0.00535488 0.00266449 0.00388698 0.00639317 0.00938813 0.0122125 0.0142609 0.0153033 0.0156238 0.0157908 0.0162321 0.0169513 0.017568 0.0175912
pSPR Fmed_Fpbrs
0.690802   0.202589 0.202589
Fs Fmed_Fpbrs
0.192124   1.005 1.005
SSBpbr Bo_Bmed_Bpbrs
2.13425e+06  1.36763e+06  325663 325663
Ro
203758
SPR SPRFo_SPRFmed_SPRFpbrs
1.45645e+06 1.00612e+06 295060
Fref
1.005
Nvult_r0
 240417 21258.6 9359.72 9850.79 3732.59
CTP_r0
 28293 2908.19 1280.42 1347.6 510.623
YTP_r0
391301
Np
 274200 114151 9728.9 4283.44 5923.58
Nvult_p0
 230905 98779.1 8418.8 3706.63 5125.9
CTP_p0
 105809 49512.7 4219.9 1857.94 2569.34
YTP_p0
 1.83465e+06
CBA_c0
824307
log_Ro
12.0447
likeval ReclasPelacesDesembMPH_pf_preclas_ppelaces_ptallas_desvR_qrecl_qpela
 15.9181 17.2991 0.0982838 0.00313383 241.414 119.804 98.4968 0 22.1781 4.21714e-06 0 0.50068 0 0 0
q_reclas_q_pelaces
0.747516 1
M
1
N
 221075 48995.5 182415 10145.1 0.330212
 126136 74247.4 16175.3 60222.3 3349.39
 125428 39366.2 22466 4894.37 19235.7
 235825 39345.8 11984.1 6839.22 7345.8
 188920 68918.6 11011.1 3353.81 3969.75
 307619 64453 23181.3 3703.69 2463.34
 129468 97424.8 19845.3 7137.62 1898.85
 61065.2 34577.9 24498.1 4990.23 2272.28
 55143.3 21370.3 11987.7 8493.14 2517.81
 71286.4 16670.5 6226.18 3492.57 3208.01
 128618 20280.9 4518.78 1687.7 1816.29
 165395 44272.6 6894.27 1536.11 1191.14
 139333 44680.6 11284.8 1757.3 695.157
 98054.6 38436.7 11675.8 2948.89 640.867
 99897 22602.6 8113.89 2464.73 757.79
 510024 26849.7 5726.51 2055.71 816.445
 120879 142391 7116.75 1517.86 761.29
 781379 37271.9 42469.8 2122.66 679.786
 460919 239661 11047.2 12587.9 830.634
 350039 130422 64546.5 2975.29 3613.94
 526217 101860 36314.4 17972.1 1834.69
 704536 161991 30322.7 10810.4 5896.26
 153821 206846 45582.5 8532.5 4701.08
 448682 49598.2 65061.4 14337.5 4162.49
 375100 147324 15940.8 20910.7 5945.89
 171351 122909 47233.4 5110.76 8610.44
 375708 57406.4 40458.5 15548 4516.67
 416983 123166 18415.3 12978.6 6436.5
 129585 138829 40243.4 6017.03 6343.71
 96105.4 43376.5 45652.3 13233.6 4064.69
 354567 30987.5 13643.2 14359 5440.8
pred_Ctot
 12259 3205.59 11934.7 663.754 0.0216045
 12254.1 8464.19 1843.98 6865.33 381.831
 11831.2 4358.96 2487.62 541.945 2129.94
 31228.5 6084.92 1853.36 1057.7 1136.04
 8725.71 3760.2 600.769 182.984 216.59
 27381.6 6739.35 2423.89 387.266 257.573
 23015.7 20099.9 4094.31 1472.57 391.755
 1888.04 1265.36 896.499 182.616 83.1532
 6312.91 2864.18 1606.66 1138.3 337.452
 10429.1 2842.87 1061.77 595.6 547.073
 5257.64 980.001 218.353 81.5519 87.7656
 28481.3 8854.73 1378.89 307.229 238.234
 22551.5 8411.51 2124.45 330.827 130.869
 24035.3 10828.1 3289.2 830.738 180.54
 17450.9 4584.32 1645.68 499.902 153.697
 79492.8 4871.59 1039.01 372.986 148.135
 12546.2 17326.8 865.999 184.701 92.6372
 83348.4 4659.35 5309.14 265.353 84.9798
 68706 41626.5 1918.79 2186.38 144.272
 47133.4 20503.4 10147.2 467.741 568.141
 55081.9 12499 4456.02 2205.3 225.129
 91599.1 24604.6 4605.68 1641.98 895.578
 12139.6 19201.8 4231.49 792.084 436.408
 30761 4005.2 5253.9 1157.8 336.133
 26162.8 12101.5 1309.41 1717.65 488.408
 9748.56 8248.79 3169.98 342.999 577.873
 26104.1 4697.45 3310.63 1272.26 369.59
 25241.3 8790.88 1314.38 926.337 459.402
 7437.52 9398.95 2724.54 407.363 429.48
 7586.27 4027.55 4238.86 1228.75 377.411
 28293 2908.19 1280.42 1347.6 510.623
F
 0.0910988 0.108243 0.108243 0.108243 0.108243
 0.164451 0.1954 0.1954 0.1954 0.1954
 0.159341 0.189329 0.189329 0.189329 0.189329
 0.230166 0.273482 0.273482 0.273482 0.273482
 0.0753895 0.0895777 0.0895777 0.0895777 0.0895777
 0.14978 0.177968 0.177968 0.177968 0.177968
 0.32022 0.380485 0.380485 0.380485 0.380485
 0.0499391 0.0593375 0.0593375 0.0593375 0.0593375
 0.196297 0.23324 0.23324 0.23324 0.23324
 0.257024 0.305396 0.305396 0.305396 0.305396
 0.0664788 0.0789899 0.0789899 0.0789899 0.0789899
 0.308797 0.366912 0.366912 0.366912 0.366912
 0.287851 0.342024 0.342024 0.342024 0.342024
 0.46746 0.555435 0.555435 0.555435 0.555435
 0.313886 0.372958 0.372958 0.372958 0.372958
 0.275882 0.327803 0.327803 0.327803 0.327803
 0.176555 0.209782 0.209782 0.209782 0.209782
 0.181837 0.216058 0.216058 0.216058 0.216058
 0.262446 0.311838 0.311838 0.311838 0.311838
 0.234441 0.278563 0.278563 0.278563 0.278563
 0.178175 0.211708 0.211708 0.211708 0.211708
 0.225563 0.268014 0.268014 0.268014 0.268014
 0.131833 0.156644 0.156644 0.156644 0.156644
 0.113679 0.135073 0.135073 0.135073 0.135073
 0.11575 0.137534 0.137534 0.137534 0.137534
 0.0935595 0.111167 0.111167 0.111167 0.111167
 0.115281 0.136977 0.136977 0.136977 0.136977
 0.0998024 0.118585 0.118585 0.118585 0.118585
 0.0944196 0.112189 0.112189 0.112189 0.112189
 0.131863 0.156679 0.156679 0.156679 0.156679
 0.13338 0.158482 0.158482 0.158482 0.158482
nmprior
 8.19 8.8 8.5 0
nm_flota  nm_reclas  nm_pelaces    nm_pelaL
inf 11.7396 16.4258 38.0352
cv_recla  cv_pelaces  cv_mph
0.360887 0.471612 1.7276
 ------------------------------------------------
Talla a la edad & desviaci?n 
 8 13.2811 15.8009 17.003 17.5766
 0.8 1.32811 1.58009 1.7003 1.75766
