years
 1991 1992 1993 1994 1995 1996 1997 1998 1999 2000 2001 2002 2003 2004 2005 2006 2007 2008 2009 2010 2011 2012 2013 2014 2015 2016 2017 2018 2019 2020 2021
reclasobs
 0 0 0 0 0 0 0 0 0 252601 567819 844713 477998 351125 339783 2.1784e+06 2.13404e+06 4.81314e+06 1.55562e+06 2.62356e+06 3.21686e+06 3.843e+06 1.13348e+06 3.07943e+06 1.97215e+06 2.03268e+06 2.025e+06 2.42433e+06 2.27542e+06 1.05018e+06 2.36338e+06
reclaspred
 1.93975e+06 1.14986e+06 494641 251240 38407.4 1.01536e+06 354347 88177.5 648983 332455 98471.3 655485 420251 264472 188589 1.15004e+06 732283 4.56198e+06 2.7368e+06 941326 2.21329e+06 2.19347e+06 1.23301e+06 3.02889e+06 1.72481e+06 767019 1.43349e+06 2.35873e+06 1.70509e+06 624611 806099
pelacesobs
 0 0 0 0 0 0 0 0 0 0 0 0 0 0 0 552880 188675 0 991730 2.46772e+06 1.41603e+06 1.21717e+06 2.29649e+06 1.80582e+06 0 1.4828e+06 1.56532e+06 1.57751e+06 1.42118e+06 867257 1.10002e+06
pelacespred
 598600 480989 226951 87679.6 9085.7 450149 115580 36810.7 289023 135504 53559.6 261056 161061 103645 72390.1 437892 278157 2.20838e+06 1.28325e+06 458098 985489 947146 537377 1.55322e+06 867528 384239 788484 1.25116e+06 758155 336128 381967
mphobs
 0 0 0 0 0 0 0 0 0 0 0 498337 0 5186 125008 0 168611 109162 213762 579715 649985 157893 87575 83554 0 0 0 0 0 0 0
mphpred
 306936 1.24096e+06 601804 188334 73644.2 8380.81 526865 117024 36752 382602 125791 44995.2 384461 166724 73181.1 69941.6 728551 406659 2.866e+06 1.31442e+06 547742 1.15839e+06 1.29053e+06 735208 1.74889e+06 922970 366037 740199 1.65516e+06 866951 276692
desembarqueobs
 494567 514787 250237 358949 120608 361735 552515 73892 212993 205616 52469 317467 293654 387597 252695 516296 358380 742168 942051 627588 828172 859565 418607 520667 417249 300574 407403 355545 319650 289779 391294
desembarquepred
 494244 519075 247594 358104 120413 361420 551477 73841.9 212819 205350 52420 317137 293196 386634 252247 515773 358134 741698 940578 626118 827351 858481 418240 520350 416815 300165 407050 355312 319397 289419 390907
Reclutas
 541941 428.819 1041.45 86741.9 564.446 306435 562.423 156.23 112358 730.366 6989.23 260944 31156.7 64376.8 47221.3 442465 1751.57 1.28411e+06 80312.6 11123.2 475789 597823 1733.93 442939 97958.2 7121.2 261678 377607 5197.41 1815.22 148171
log_desv_Rt
 3.03235 -4.10953 -3.22219 1.20013 -3.83472 2.4622 -3.83831 -5.11923 1.45888 -3.57702 -1.31844 2.3015 0.176221 0.901947 0.592039 2.82955 -2.7023 3.89501 1.12312 -0.853773 2.90217 3.13049 -2.71242 2.83062 1.32173 -1.29973 2.30431 2.67105 -1.61465 -2.6666 1.73556
SSB
 306936 1.24096e+06 601804 188334 73644.2 8380.81 526865 117024 36752 382602 125791 44995.2 384461 166724 73181.1 69941.6 728551 406659 2.866e+06 1.31442e+06 547742 1.15839e+06 1.29053e+06 735208 1.74889e+06 922970 366037 740199 1.65516e+06 866951 276692
BT
 1.6757e+06 1.55771e+06 761691 537730 123169 1.35872e+06 758718 156063 854411 494321 184175 865874 620806 644621 420011 1.41545e+06 925828 5.75469e+06 3.83798e+06 1.728e+06 3.0127e+06 2.93825e+06 1.60183e+06 4.07583e+06 2.40333e+06 1.19071e+06 2.25481e+06 3.23087e+06 2.01374e+06 1.09813e+06 1.26858e+06
Ftot
 0.252544 0.415836 0.458869 1.22414 2.14241 0.352953 1.26723 0.740763 0.325229 0.55949 0.492209 0.472275 0.633461 1.25202 1.17421 0.439387 0.449018 0.163293 0.321512 0.600231 0.364031 0.376046 0.316019 0.170728 0.229314 0.363523 0.279995 0.149798 0.177028 0.426576 0.467467
BD_Bspro_t
 0.960398 0.736885 0.483322 0.271159 0.134047 0.0262415 0.498753 0.163321 0.0868862 0.511267 0.322658 0.245027 0.533558 0.288622 0.152794 0.155292 0.520581 0.377519 0.744288 0.542184 0.321756 0.493709 0.535394 0.43395 0.663985 0.575805 0.436851 0.628248 0.764403 0.628321 0.411908
BD_Bspro
 1.6438 6.64596 3.22297 1.00862 0.394402 0.0448835 2.82163 0.626724 0.196825 2.04903 0.673677 0.240972 2.05899 0.89289 0.391922 0.374573 3.90177 2.17787 15.3489 7.03941 2.93344 6.2038 6.91143 3.93741 9.36622 4.94298 1.96031 3.96415 8.86422 4.64296 1.48182
BD_Bo
 0.18327 0.74097 0.359334 0.112453 0.0439726 0.00500414 0.314589 0.0698746 0.0219444 0.22845 0.0751094 0.0268664 0.22956 0.0995499 0.0436961 0.0417618 0.435015 0.242815 1.71128 0.784836 0.327054 0.691672 0.770568 0.438989 1.04426 0.551101 0.218559 0.44197 0.988288 0.517652 0.165211
BD_Brms
 1.36753 5.52901 2.6813 0.83911 0.328117 0.0373402 2.34741 0.521394 0.163746 1.70466 0.560455 0.200473 1.71294 0.742827 0.326054 0.31162 3.24602 1.81185 12.7693 5.85633 2.44043 5.16116 5.74986 3.27567 7.79209 4.11224 1.63085 3.29791 7.37446 3.86265 1.23278
Sel_flota
 0.937292 1 1 1 1
 0.937292 1 1 1 1
 0.937292 1 1 1 1
 0.937292 1 1 1 1
 0.937292 1 1 1 1
 0.937292 1 1 1 1
 0.937292 1 1 1 1
 0.937292 1 1 1 1
 0.937292 1 1 1 1
 0.937292 1 1 1 1
 0.937292 1 1 1 1
 0.937292 1 1 1 1
 0.937292 1 1 1 1
 0.937292 1 1 1 1
 0.937292 1 1 1 1
 0.937292 1 1 1 1
 0.937292 1 1 1 1
 0.937292 1 1 1 1
 0.937292 1 1 1 1
 0.937292 1 1 1 1
 0.937292 1 1 1 1
 0.937292 1 1 1 1
 0.937292 1 1 1 1
 0.937292 1 1 1 1
 0.937292 1 1 1 1
 0.937292 1 1 1 1
 0.937292 1 1 1 1
 0.937292 1 1 1 1
 0.937292 1 1 1 1
 0.937292 1 1 1 1
 0.937292 1 1 1 1
Sel_reclas
 1 1 1 1 1
 1 1 1 1 1
 1 1 1 1 1
 1 1 1 1 1
 1 1 1 1 1
 1 1 1 1 1
 1 1 1 1 1
 1 1 1 1 1
 1 1 1 1 1
 1 1 1 1 1
 1 1 1 1 1
 1 1 1 1 1
 1 1 1 1 1
 1 1 1 1 1
 1 1 1 1 1
 1 1 1 1 1
 1 1 1 1 1
 1 1 1 1 1
 1 1 1 1 1
 1 1 1 1 1
 1 1 1 1 1
 1 1 1 1 1
 1 1 1 1 1
 1 1 1 1 1
 1 1 1 1 1
 1 1 1 1 1
 1 1 1 1 1
 1 1 1 1 1
 1 1 1 1 1
 1 1 1 1 1
 1 1 1 1 1
Sel_pelaces
 1 1 1 1 1
 1 1 1 1 1
 1 1 1 1 1
 1 1 1 1 1
 1 1 1 1 1
 1 1 1 1 1
 1 1 1 1 1
 1 1 1 1 1
 1 1 1 1 1
 1 1 1 1 1
 1 1 1 1 1
 1 1 1 1 1
 1 1 1 1 1
 1 1 1 1 1
 1 1 1 1 1
 1 1 1 1 1
 1 1 1 1 1
 1 1 1 1 1
 1 1 1 1 1
 1 1 1 1 1
 1 1 1 1 1
 1 1 1 1 1
 1 1 1 1 1
 1 1 1 1 1
 1 1 1 1 1
 1 1 1 1 1
 1 1 1 1 1
 1 1 1 1 1
 1 1 1 1 1
 1 1 1 1 1
 1 1 1 1 1
pf_obs 
 0.8446 0.082 0.0669 0.0065 0
 0.8095 0.147 0.0364 0.0071 0
 0.9664 0.0169 0.016 0.0007 0
 0.9276 0.0648 0.0075 0.0001 0
 0.7033 0.2144 0.0806 0.0017 0
 0.9318 0.0425 0.0243 0.0014 0
 0.5671 0.3108 0.0964 0.0239 0.0018
 0.0768 0.2599 0.5324 0.112 0.0189
 0.490249 0.384438 0.106611 0.0170017 0.00170017
 0.7925 0.1577 0.0466 0.003 0.0002
 0.840416 0.127587 0.0312969 0.00059994 9.999e-05
 0.8084 0.0986 0.0794 0.0134 0.0002
 0.7335 0.1905 0.0724 0.0035 0.0001
 0.4001 0.4547 0.1325 0.0127 0
 0.49795 0.308269 0.164784 0.0264974 0.00249975
 0.9179 0.0499 0.0305 0.0017 0
 0.2467 0.6533 0.0926 0.0074 0
 0.9418 0.0223 0.034 0.0019 0
 0.707729 0.231977 0.0356964 0.0245975 0
 0.517169 0.277429 0.184464 0.0207286 0.00020938
 0.811772 0.124168 0.05621 0.00726502 0.000585176
 0.764997 0.148141 0.077277 0.00933861 0.000247198
 0.163321 0.427699 0.378323 0.0303852 0.000271297
 0.753843 0.0900009 0.118128 0.0371064 0.000921714
 0.721811 0.176058 0.0630433 0.0369309 0.00215725
 0.143369 0.312575 0.442814 0.0836902 0.0175525
 0.692698 0.0596174 0.167031 0.0765114 0.00414204
 0.394062 0.376323 0.152708 0.0712218 0.00568511
 0.125707 0.32114 0.495352 0.0537591 0.00404204
 0.23352 0.215282 0.420074 0.123614 0.00750983
 0.774587 0.0839891 0.0768558 0.0609784 0.00358967
pf_pred 
 0.945432 0.0405927 0.0124618 0.00151351 7.79952e-08
 0.00244309 0.946821 0.0377421 0.0115867 0.0014073
 0.0238794 0.00258478 0.924021 0.0368333 0.0126811
 0.896485 0.00267895 0.000267016 0.0954544 0.005115
 0.046846 0.864297 0.0022996 0.000229206 0.0863285
 0.998242 9.60495e-05 0.00150717 4.01008e-06 0.000150941
 0.00662669 0.991758 8.8245e-05 0.00138471 0.00014236
 0.0172869 0.00732277 0.973804 8.66475e-05 0.00149942
 0.985943 0.000266577 0.000102758 0.013665 2.22567e-05
 0.0219727 0.965287 0.000241618 9.31367e-05 0.0124058
 0.499173 0.0119767 0.482482 0.000120769 0.00624737
 0.987558 0.00647134 0.000142778 0.00575181 7.59164e-05
 0.322093 0.670137 0.00404138 8.91653e-05 0.00363944
 0.76987 0.078703 0.149691 0.000902742 0.000832875
 0.830298 0.134067 0.0121869 0.0231793 0.000268755
 0.983958 0.0135671 0.00195504 0.000177716 0.000341932
 0.0149369 0.970482 0.0123314 0.00177698 0.000472321
 0.978844 0.000342601 0.020505 0.000260547 4.75248e-05
 0.155041 0.828281 0.000270075 0.0161643 0.000242856
 0.074079 0.153144 0.757524 0.000247004 0.0150055
 0.939437 0.00486756 0.0092119 0.0455665 0.000917469
 0.810931 0.178436 0.000854593 0.00161732 0.00816115
 0.00864177 0.815659 0.165818 0.000794162 0.009087
 0.891267 0.00101392 0.088628 0.0180175 0.00107367
 0.373909 0.562212 0.000595669 0.0520681 0.0112159
 0.08311 0.358723 0.501217 0.000531045 0.0564183
 0.922102 0.00695653 0.027755 0.03878 0.00440626
 0.816499 0.170169 0.00119061 0.00475027 0.00739133
 0.0324286 0.799991 0.155405 0.00108731 0.0110882
 0.0355644 0.0335087 0.769693 0.149519 0.0117144
 0.923454 0.0029437 0.00255727 0.0587405 0.0123048
pobs_RECLAS
 0 0 0 0 0
 0 0 0 0 0
 0 0 0 0 0
 0 0 0 0 0
 0 0 0 0 0
 0 0 0 0 0
 0 0 0 0 0
 0 0 0 0 0
 0 0 0 0 0
 0 0 0 0 0
 0.991045 0.00858322 0.000360255 1.14367e-05 0
 0.934742 0.0480273 0.0164251 0.00080598 0
 0.827803 0.169806 0.00239088 0 0
 0.941827 0.0461693 0.0120037 0 0
 0.791401 0.0380133 0.147996 0.0225897 0
 0.846168 0.0940531 0.0597789 0 0
 0.134021 0.677848 0.182769 0.00536245 0
 0.80878 0.0450904 0.141981 0.00414843 0
 0.846168 0.0940531 0.0597789 0 0
 0.905697 0.0802665 0.012482 0.00150086 5.37128e-05
 0.989698 0.0102097 9.19794e-05 0 0
 0.975433 0.0193895 0.00387452 0.00125025 5.28907e-05
 0.303575 0.632131 0.0575291 0.00676475 0
 0.966965 0.00978017 0.0227588 0.000495775 0
 0.843318 0.132988 0.00938335 0.0141283 0.000182051
 0.564624 0.303363 0.111486 0.0197234 0.00080311
 0.826376 0.0876187 0.0782897 0.00655872 0.00115652
 0.89761 0.0855135 0.0140674 0.00269457 0.000114338
 0.34875 0.467042 0.161289 0.0227151 0.000203297
 0.318654 0.224769 0.449479 0.00709798 0
 0.937255 0.0296025 0.0250945 0.00804832 0
ppred_RECLAS
 0.948756 0.0381199 0.0117027 0.00142132 7.32439e-08
 0.0026138 0.946659 0.0377356 0.0115847 0.00140706
 0.0255195 0.00258044 0.922469 0.0367714 0.0126598
 0.90348 0.00249791 0.000248972 0.0890038 0.00476934
 0.0512631 0.860291 0.00228894 0.000228144 0.0859284
 0.998356 8.98206e-05 0.00140943 3.75002e-06 0.000141152
 0.0071634 0.991222 8.81973e-05 0.00138396 0.000142283
 0.0185372 0.00731345 0.972565 8.65373e-05 0.00149751
 0.986841 0.000249545 9.61924e-05 0.012792 2.08347e-05
 0.0235078 0.963772 0.000241239 9.29905e-05 0.0123863
 0.516274 0.0115677 0.466007 0.000116645 0.00603405
 0.988369 0.00604946 0.00013347 0.00537683 7.09672e-05
 0.337538 0.654869 0.00394931 8.71339e-05 0.00355652
 0.783428 0.0740662 0.140873 0.000849557 0.000783807
 0.84087 0.125715 0.0114277 0.0217353 0.000252013
 0.984996 0.0126895 0.00182857 0.000166221 0.000319814
 0.0159715 0.969463 0.0123185 0.00177511 0.000471825
 0.980163 0.000321239 0.0192265 0.000244302 4.45616e-05
 0.16401 0.81949 0.000267209 0.0159927 0.000240278
 0.0789913 0.152332 0.753506 0.000245693 0.0149259
 0.943152 0.00456894 0.00864676 0.0427711 0.000861183
 0.821043 0.168892 0.000808886 0.00153082 0.00772465
 0.00923378 0.815172 0.165719 0.000793688 0.00908157
 0.897479 0.000955992 0.0835643 0.0169881 0.00101233
 0.389528 0.548186 0.000580808 0.0507691 0.0109361
 0.0883807 0.356661 0.498336 0.000527992 0.0560939
 0.926752 0.00654132 0.0260984 0.0364653 0.00414326
 0.82613 0.161238 0.00112812 0.00450096 0.0070034
 0.0345587 0.79823 0.155063 0.00108492 0.0110638
 0.0379649 0.0334253 0.767778 0.149147 0.0116852
 0.928137 0.0027636 0.00240082 0.0551468 0.011552
pobs_PELACES
 0 0 0 0 0
 0 0 0 0 0
 0 0 0 0 0
 0 0 0 0 0
 0 0 0 0 0
 0 0 0 0 0
 0 0 0 0 0
 0 0 0 0 0
 0 0 0 0 0
 0 0 0 0 0
 0 0 0 0 0
 0 0 0 0 0
 0 0 0 0 0
 0 0 0 0 0
 0 0 0 0 0
 0 0 0 0 0
 0.505614 0.472636 0.0217494 0 0
 0 0 0 0 0
 0.443492 0.261883 0.143347 0.151278 0
 0.227955 0.32914 0.350689 0.0885471 0.00366901
 0.970185 0.0296113 0.000203453 0 0
 0.997202 0.00247181 0.000326279 0 0
 0.445219 0.490057 0.0546422 0.010081 0
 0.90214 0.0892962 0.00764917 0.000914606 0
 0 0 0 0 0
 0.581667 0.319106 0.0959925 0.00289975 0.000334073
 0.762889 0.0836404 0.116647 0.0363945 0.000428098
 0.88444 0.0763242 0.0277011 0.0115352 0
 0.521256 0.241999 0.230069 0.00667565 0
 0.616807 0.101726 0.260614 0.0208532 0
 0.833518 0.0704572 0.0857862 0.0102388 0
ppred_PELACES
 0.94901 0.0379313 0.0116448 0.00141428 7.28816e-08
 0.00263633 0.946637 0.0377348 0.0115845 0.00140703
 0.0257567 0.00257981 0.922244 0.0367624 0.0126567
 0.905666 0.00244132 0.000243332 0.0869876 0.00466129
 0.0534627 0.858297 0.00228364 0.000227615 0.0857292
 0.998368 8.9168e-05 0.00139919 3.72277e-06 0.000140126
 0.00735233 0.991034 8.81805e-05 0.0013837 0.000142256
 0.0188182 0.00731136 0.972287 8.65125e-05 0.00149709
 0.986929 0.000247893 9.55556e-05 0.0127073 2.06968e-05
 0.023775 0.963508 0.000241173 9.29651e-05 0.0123829
 0.518817 0.0115069 0.463557 0.000116032 0.00600232
 0.988481 0.0059913 0.000132187 0.00532514 7.0285e-05
 0.340475 0.651965 0.0039318 8.67475e-05 0.00354075
 0.787792 0.0725739 0.138034 0.00083244 0.000768014
 0.844095 0.123168 0.0111962 0.0212949 0.000246906
 0.98513 0.0125763 0.00181227 0.000164738 0.000316962
 0.0161182 0.969319 0.0123166 0.00177485 0.000471755
 0.980229 0.000320177 0.0191629 0.000243494 4.44142e-05
 0.164924 0.818594 0.000266916 0.0159752 0.000240015
 0.0798997 0.152181 0.752762 0.000245451 0.0149112
 0.943555 0.00453659 0.00858553 0.0424682 0.000855085
 0.822184 0.167816 0.00080373 0.00152107 0.00767542
 0.0092938 0.815123 0.165709 0.00079364 0.00908102
 0.897804 0.000952965 0.0832997 0.0169343 0.00100912
 0.390657 0.547172 0.000579734 0.0506752 0.0109158
 0.0889887 0.356423 0.498004 0.00052764 0.0560565
 0.927144 0.00650628 0.0259586 0.03627 0.00412107
 0.826574 0.160825 0.00112524 0.00448944 0.00698548
 0.0346811 0.798129 0.155043 0.00108478 0.0110623
 0.0382886 0.033414 0.767519 0.149097 0.0116813
 0.928779 0.00273889 0.00237935 0.0546537 0.0114487
pobs_pel_tallas
 0 0 0 0 0 0 0 0 0 0 0 0 0 0 0 0 0 0 0 0 0 0 0 0 0 0
 0 0 0 0 0 0 0 0 0 0 0 0 0 0 0 0 0 0 0 0 0 0 0 0 0 0
 0 0 0 0 0 0 0 0 0 0 0 0 0 0 0 0 0 0 0 0 0 0 0 0 0 0
 0 0 0 0 0 0 0 0 0 0 0 0 0 0 0 0 0 0 0 0 0 0 0 0 0 0
 0 0 0 0 0 0 0 0 0 0 0 0 0 0 0 0 0 0 0 0 0 0 0 0 0 0
 0 0 0 0 0 0 0 0 0 0 0 0 0 0 0 0 0 0 0 0 0 0 0 0 0 0
 0 0 0 0 0 0 0 0 0 0 0 0 0 0 0 0 0 0 0 0 0 0 0 0 0 0
 0 0 0 0 0 0 0 0 0 0 0 0 0 0 0 0 0 0 0 0 0 0 0 0 0 0
 0 0 0 0 0 0 0 0 0 0 0 0 0 0 0 0 0 0 0 0 0 0 0 0 0 0
 0 0 0 0 0 0 0 0 0 0 0 0 0 0 0 0 0 0 0 0 0 0 0 0 0 0
 0 0 0 0 0 0 0 0 0 0 0 0 0 0 0 0 0 0 0 0 0 0 0 0 0 0
 0 0 0 0 0 0 0 0 0 0 0 0 0 0 0 0 0 0 0 0 0 0 0 0 0 0
 0.00862536 0 0 0.000197151 0.00414017 0.0128641 0.00837892 0.0270097 0.101434 0.158115 0.152841 0.127902 0.109271 0.109419 0.0830992 0.0579132 0.0238553 0.00714673 0.00463305 0.00128148 0.00103504 0.000492878 0.000147863 0.000147863 4.92878e-05 0
 0 0 0 0 0 0 0 0 0 0 0 0 0 0 0 0 0 0 0 0 0 0 0 0 0 0
 0 0 0 0 0 0 0 0.0054083 0.00873648 0.0413646 0.0450493 0.0745869 0.0622846 0.0627006 0.0613931 0.0827291 0.12552 0.122667 0.0946155 0.0697135 0.0546179 0.0294188 0.0215738 0.0213955 0.0102223 0.00600262
 0 0 0 0 0.00359764 0.0251062 0.0480494 0.140153 0.205849 0.193036 0.1447 0.116669 0.0760912 0.0342217 0.00950174 0.001854 0.000860785 0 0 0 0.000165536 0 0.000143464 0 0 0
 0 0 0 0 0 0 0 0.000145254 0.000435761 0.0275982 0.070085 0.0708112 0.156366 0.174668 0.174014 0.160142 0.0824315 0.0480064 0.0283245 0.00493863 0.00203355 0 0 0 0 0
 0 0 0 0 0 0 0 0 0 0 0 0 0 0 0 0 0 0 0 0 0 0 0 0 0 0
 0 0 1.00437e-05 0.000401748 0.00122533 0.00171747 0.00176769 0.0269171 0.070346 0.194647 0.189555 0.159765 0.064822 0.0314167 0.0384472 0.0292271 0.0345202 0.0313363 0.0194345 0.0106764 0.0143323 0.0359363 0.0279516 0.0138201 0.00172751 0
 0 0.0021121 0.0136068 0.0755702 0.200478 0.177729 0.0527432 0.0373336 0.0318909 0.0142505 0.0149659 0.0166563 0.0217959 0.0798694 0.0677717 0.0528807 0.04013 0.0224614 0.0357745 0.0225083 0.00881397 0.00855152 0.00135912 0.000746735 0 0
 0 0 0 0 5.4009e-05 0.00500934 0.000945158 0.0243581 0.138947 0.33067 0.221406 0.137944 0.0707744 0.0437923 0.0131692 0.00525238 0.0047753 0.00276346 9.45158e-05 9.00151e-06 2.25038e-05 9.00151e-06 4.50075e-06 0 0 0
 0.000866109 0.00284123 0.00948549 0.0512746 0.133035 0.25785 0.225252 0.132002 0.0553304 0.0519788 0.0540692 0.017754 0.00435017 0.00159236 0.00146478 0.000404838 0.000125132 0.000115318 0.000107957 0.000100596 0 0 0 0 0 0
 0 0 0 0 0.00144013 0.00171154 0.00461396 0.0210425 0.0478622 0.0707936 0.0888783 0.103762 0.0637923 0.0337046 0.0602308 0.124433 0.169614 0.0934646 0.0462172 0.0250306 0.0313229 0.00938855 0.002487 0.000210481 0 0
 0 0.00764035 0.051015 0.0998891 0.058973 0.0496711 0.0374665 0.0718981 0.12319 0.153886 0.159021 0.0857701 0.0377988 0.023471 0.0147837 0.00900784 0.00315554 0.000888139 0.00291439 0.00214683 0.00393193 0.00274676 0.000635225 9.99891e-05 0 0
 0 0 0 0 0 0 0 0 0 0 0 0 0 0 0 0 0 0 0 0 0 0 0 0 0 0
 0 0 0 0 0 0 0 0 0 0 0 0 0 0 0 0 0 0 0 0 0 0 0 0 0 0
 0 0 0 0 0 0 0 0 0 0 0 0 0 0 0 0 0 0 0 0 0 0 0 0 0 0
 0 0 0 0 0 0 0 0 0 0 0 0 0 0 0 0 0 0 0 0 0 0 0 0 0 0
 0 0 0 0 0 0 0 0 0 0 0 0 0 0 0 0 0 0 0 0 0 0 0 0 0 0
 0 0 0 0 0 0 0 0 0 0 0 0 0 0 0 0 0 0 0 0 0 0 0 0 0 0
 0 0 0 0 0 0 0 0 0 0 0 0 0 0 0 0 0 0 0 0 0 0 0 0 0 0
ppred_pel_tallas
 1.00488e-16 7.81687e-05 0.000759827 0.00504932 0.0229535 0.0714168 0.152161 0.222084 0.222088 0.152179 0.071477 0.0231274 0.00548643 0.00171556 0.00189771 0.00302507 0.00437668 0.0055584 0.00622401 0.00621089 0.00562522 0.00475587 0.00388826 0.00316779 0.00259335 0.00209993
 1.02731e-16 2.17348e-07 2.11279e-06 1.40447e-05 6.3901e-05 0.000199309 0.000428014 0.000643793 0.000734878 0.000872997 0.00169297 0.00437609 0.0108306 0.0235893 0.0447218 0.0737377 0.105762 0.13203 0.143606 0.136373 0.11354 0.0835889 0.0553723 0.0341238 0.0206508 0.0130454
 1.32444e-16 2.12155e-06 2.06222e-05 0.000137042 0.000622973 0.00193831 0.00412983 0.00602793 0.00602962 0.00413874 0.0019724 0.000739744 0.000499122 0.0010389 0.00260232 0.00603254 0.0127172 0.024358 0.0423736 0.066927 0.095951 0.124856 0.147484 0.15822 0.154278 0.136904
 1.09521e-16 7.45986e-05 0.000725124 0.00481871 0.0219051 0.068155 0.145212 0.21194 0.211941 0.145213 0.0681596 0.0219188 0.004855 0.000811603 0.000261861 0.000380563 0.000710497 0.00128941 0.00225966 0.00380497 0.00608743 0.00914264 0.0127701 0.0164888 0.0196146 0.0214603
 1.14816e-16 4.40383e-06 4.28069e-05 0.000284471 0.00129321 0.00402411 0.00857684 0.0125355 0.012618 0.00898011 0.00537765 0.00520046 0.0100839 0.0214076 0.040501 0.0667466 0.0956881 0.119394 0.129839 0.123455 0.103423 0.0777469 0.0546876 0.0389732 0.0309515 0.0281652
 1.00065e-16 8.22342e-05 0.000799346 0.00531194 0.0241473 0.0751312 0.160075 0.233634 0.233634 0.160075 0.0751314 0.0241479 0.00531346 0.000803017 9.02145e-05 2.15996e-05 2.91787e-05 4.90805e-05 7.77769e-05 0.000115056 0.000158283 0.000201494 0.000236299 0.000254588 0.000251837 0.000229082
 1.00419e-16 6.05808e-07 5.88876e-06 3.91375e-05 0.000177972 0.000554249 0.00118441 0.00174865 0.00184395 0.00164991 0.00211661 0.00468764 0.0113478 0.0246558 0.0467059 0.0769268 0.110144 0.137094 0.148344 0.139552 0.114152 0.081217 0.0503036 0.0271841 0.0128974 0.00546704
 1.28322e-16 1.55003e-06 1.50669e-05 0.000100125 0.000455154 0.00141616 0.00301736 0.00440437 0.00440657 0.00302883 0.00145899 0.000597883 0.000530003 0.0011898 0.00292263 0.0066216 0.0136927 0.0258241 0.0443759 0.0693909 0.098613 0.127221 0.148867 0.157906 0.151775 0.132169
 1.01281e-16 8.1292e-05 0.000790187 0.00525107 0.0238706 0.0742703 0.158241 0.230957 0.230957 0.158241 0.0742708 0.0238721 0.00525512 0.000800065 0.000103359 5.16172e-05 9.06377e-05 0.000170106 0.000306576 0.00052565 0.000848839 0.00127883 0.00178493 0.00229789 0.00272179 0.00296239
 1.02359e-16 1.95852e-06 1.90376e-05 0.000126516 0.00057518 0.0017901 0.00381741 0.00559105 0.00568369 0.00427 0.00330911 0.00495977 0.0111217 0.0239861 0.0454155 0.0748046 0.107119 0.133365 0.144388 0.135994 0.111546 0.0798909 0.050319 0.0284111 0.0151072 0.00838701
 1.14408e-16 4.27343e-05 0.000415393 0.00276043 0.0125485 0.0390431 0.0831855 0.121412 0.121414 0.0831948 0.0390762 0.0126532 0.00305721 0.00117589 0.00181607 0.00378954 0.00743701 0.0134604 0.0224384 0.0343683 0.0482154 0.0617642 0.0720654 0.0764577 0.0736929 0.0645158
 1.00552e-16 8.14199e-05 0.00079143 0.00525933 0.0239082 0.0743872 0.15849 0.231321 0.231321 0.158493 0.0743967 0.0239356 0.00532824 0.000942108 0.000368395 0.000482589 0.000693838 0.000888411 0.00101456 0.0010572 0.00104566 0.00103463 0.00106742 0.00114864 0.00124368 0.00130099
 1.00889e-16 2.80446e-05 0.000272604 0.00181155 0.00823509 0.0256228 0.0545943 0.0796952 0.0797578 0.0549006 0.0266507 0.0112023 0.00925263 0.0164932 0.0307651 0.0506362 0.0725179 0.0903043 0.0977969 0.0921471 0.0756102 0.0541436 0.0340097 0.0189774 0.00970372 0.0048711
 1.04216e-16 6.48894e-05 0.000630748 0.00419154 0.0190541 0.0592845 0.126312 0.184358 0.184365 0.126347 0.0594034 0.0194 0.00506896 0.00257712 0.00385175 0.00649956 0.0098998 0.0135734 0.0170308 0.0199674 0.022313 0.0240395 0.0249335 0.0246047 0.0227554 0.0194732
 1.02533e-16 6.9527e-05 0.000675827 0.00449111 0.0204159 0.0635216 0.13534 0.197535 0.197547 0.135398 0.0637163 0.0209783 0.00590254 0.00375682 0.00592072 0.0096787 0.0139401 0.0175467 0.0193779 0.01894 0.0166684 0.0136367 0.0109046 0.00900702 0.00788281 0.00714837
 1.00126e-16 8.11438e-05 0.000788747 0.0052415 0.0238271 0.074135 0.157952 0.230536 0.230538 0.157958 0.0741549 0.0238845 0.00538569 0.0011035 0.000678908 0.000993896 0.0014237 0.00178976 0.00197088 0.00191291 0.00165615 0.00130725 0.000975123 0.00072066 0.000549125 0.000434777
 1.00862e-16 1.32783e-06 1.29071e-05 8.57768e-05 0.000389986 0.00121389 0.00258977 0.00379939 0.00389261 0.00304518 0.00274242 0.00480223 0.0111511 0.0241353 0.0457162 0.0753187 0.107895 0.134409 0.145651 0.13738 0.112923 0.0810978 0.0511674 0.0287033 0.0146841 0.00719229
 1.00586e-16 8.07402e-05 0.000784823 0.00521543 0.0237086 0.0737662 0.157167 0.229389 0.229389 0.157167 0.0737673 0.0237122 0.00522593 0.000812427 0.00014681 0.000150361 0.000290929 0.000535976 0.000906225 0.00140205 0.00198001 0.00254675 0.00297823 0.00316285 0.00304836 0.00266591
 1.0186e-16 1.35847e-05 0.000132049 0.000877513 0.00398909 0.012412 0.0264479 0.038618 0.0386967 0.0268325 0.0137026 0.00771452 0.01022 0.0204973 0.0386046 0.0635743 0.0910534 0.113401 0.122852 0.115852 0.0952602 0.0685733 0.0436447 0.0251593 0.0138619 0.00801008
 1.2431e-16 6.58126e-06 6.39722e-05 0.000425119 0.00193254 0.00601293 0.0128118 0.0187024 0.0187182 0.0128895 0.00627713 0.00271 0.00243063 0.00462018 0.00918 0.016518 0.0269289 0.0403606 0.0564938 0.0747513 0.0939278 0.111657 0.124438 0.128711 0.122557 0.106875
 1.04653e-16 7.77193e-05 0.00075546 0.0050203 0.0228215 0.0710063 0.151286 0.220807 0.220807 0.151289 0.071014 0.0228443 0.00507912 0.000889273 0.000348503 0.000499167 0.000826311 0.00129788 0.00195908 0.0028822 0.00413451 0.00571882 0.00751369 0.00925863 0.0106102 0.0112536
 1.01518e-16 6.77222e-05 0.000658284 0.00437453 0.019886 0.0618728 0.131827 0.192409 0.192425 0.131906 0.0621374 0.0206499 0.0062903 0.00483482 0.00798339 0.0130486 0.0186923 0.0233034 0.0252965 0.0239567 0.0198843 0.0146264 0.00979208 0.00632367 0.00433581 0.00341811
 1.06607e-16 7.65688e-07 7.44284e-06 4.94641e-05 0.000224905 0.000700184 0.00149472 0.00219807 0.00227671 0.00187898 0.00199059 0.00395287 0.0094103 0.0204524 0.0388587 0.0643141 0.092813 0.117045 0.129509 0.126666 0.11097 0.0890708 0.0677334 0.0507123 0.0383705 0.0292992
 1.04274e-16 7.39509e-05 0.000718829 0.00477687 0.021715 0.0675633 0.143951 0.2101 0.210101 0.143952 0.0675677 0.0217292 0.00481905 0.000832555 0.000353515 0.000633667 0.00129435 0.00244143 0.00421684 0.00666042 0.00960993 0.0126581 0.0152209 0.0167206 0.0168047 0.0154851
 1.07086e-16 3.2178e-05 0.000312782 0.00207855 0.00944881 0.029399 0.0626397 0.0914355 0.0914882 0.0628968 0.0302621 0.0119403 0.00832776 0.0139391 0.0258657 0.0425949 0.0610959 0.0763075 0.0831308 0.0792997 0.0668163 0.050712 0.036131 0.0259489 0.0202916 0.0176047
 1.24002e-16 7.32996e-06 7.12498e-05 0.000473482 0.0021524 0.00669711 0.0142702 0.0208351 0.0208701 0.0144418 0.00727528 0.00383124 0.00472108 0.00945442 0.0181514 0.0308394 0.0463854 0.0624113 0.0763482 0.0867996 0.0939682 0.0987161 0.10119 0.100384 0.0949978 0.0847072
 1.05086e-16 7.63676e-05 0.000742321 0.00493298 0.0224246 0.0697713 0.148655 0.216967 0.216967 0.148659 0.0697827 0.0224582 0.00502007 0.000941654 0.000482658 0.000751632 0.00125566 0.001972 0.00294661 0.00423877 0.00587967 0.00780837 0.00982344 0.0115985 0.0127719 0.0130729
 1.01707e-16 6.80839e-05 0.0006618 0.00439789 0.0199922 0.0622032 0.132531 0.193436 0.193452 0.132607 0.0624568 0.0207244 0.00623424 0.00466552 0.00765719 0.0125132 0.0179319 0.0223708 0.0243162 0.0230883 0.0192658 0.014329 0.00980986 0.00659385 0.00476944 0.00392484
 1.0666e-16 2.8568e-06 2.77692e-05 0.00018454 0.000838939 0.00261066 0.00556514 0.00813862 0.0082156 0.00594132 0.00387395 0.00448842 0.0093478 0.0200396 0.0380329 0.0629319 0.090791 0.11444 0.126527 0.123593 0.108064 0.0864888 0.0655408 0.0489291 0.0370117 0.028375
 1.39087e-16 3.15379e-06 3.0656e-05 0.00020372 0.000926085 0.00288142 0.00613932 0.00896143 0.00896588 0.00616166 0.00296 0.00116887 0.000872923 0.00168965 0.00373557 0.00769181 0.0146354 0.0258468 0.0424314 0.0646411 0.0910609 0.118167 0.140835 0.153916 0.154224 0.14185
 1.07488e-16 7.65023e-05 0.00074363 0.00494168 0.0224642 0.0698944 0.148917 0.217349 0.21735 0.148919 0.0698992 0.0224786 0.00497949 0.000831655 0.000261009 0.000359639 0.000637007 0.00109491 0.00182708 0.00296312 0.00462501 0.00685064 0.0095106 0.0122704 0.0146406 0.0161157
pSPR Fmed_Fpbrs
0.434699   0.184015 0.184015
Fs Fmed_Fpbrs
0.440775   1.005 1.005
SSBpbr Bo_Bmed_Bpbrs
1.67477e+06  644284  224445 224445
Ro
26122.8
SPR SPRFo_SPRFmed_SPRFpbrs
186724 81168.5 34359.9
Fref
1.005
Nvult_r0
 113001 344.506 299.282 6874.5 1440.05
CTP_r0
 34427.2 109.744 95.3374 2189.9 458.734
YTP_r0
390907
Np
 128507 35170.8 103.2 89.6529 2534.02
Nvult_p0
 110077 30434.7 89.3032 77.5802 2192.79
CTP_p0
 53393.9 15255.3 44.763 38.8868 1099.13
YTP_p0
 687001
CBA_c0
479735
log_Ro
9.99056
likeval ReclasPelacesDesembMPH_pf_preclas_ppelaces_ptallas_desvR_qrecl_qpela
 53.5413 56.6301 1.15899 0.00226802 466.61 190.74 166.604 0 301.999 0 0 5.01076 0 0 0
q_reclas_q_pelaces
1 1
M
1
N
 541941 21947.6 6737.86 818.327 0.0421704
 428.819 157346 6272.13 1925.52 233.871
 1041.45 106.834 38191.5 1522.39 524.134
 86741.9 249.205 24.8388 8879.49 475.814
 564.446 10130.6 26.9541 2.68658 1011.88
 306435 27.8763 437.424 1.16384 43.8072
 562.423 80978.7 7.20535 113.064 11.6239
 156.23 63.0856 8389.31 0.746467 12.9175
 112358 28.7035 11.0644 1471.37 2.39648
 730.366 30473.5 7.62773 2.94026 391.642
 6989.23 159.038 6406.84 1.60368 82.9583
 260944 1620.97 35.7636 1440.74 19.0159
 31156.7 61660.7 371.856 8.20429 334.872
 64376.8 6329.94 12039.4 72.6059 66.9867
 47221.3 7324.62 665.821 1266.38 14.6832
 442465 5779.24 832.798 75.7028 145.655
 1751.57 107827 1370.1 197.434 52.4779
 1.28411e+06 423.014 25317.8 321.701 58.6795
 80312.6 405356 132.173 7910.7 118.852
 11123.2 21858.2 108121 35.2547 2141.74
 475789 2331.34 4412.07 21824.2 439.425
 597823 124433 595.956 1127.85 5691.22
 1733.93 154598 31428.8 150.524 1722.33
 442939 474.349 41463.4 8429.23 502.301
 97958.2 138852 147.115 12859.5 2770.03
 7121.2 29067.1 40613.3 43.0302 4571.53
 261678 1863.3 7434.14 10387.2 1180.21
 377607 74045.5 518.069 2066.98 3216.18
 5197.41 120717 23450.3 164.073 1673.18
 1815.22 1619.69 37204.2 7227.21 566.229
 148171 447.706 388.935 8933.83 1871.44
pred_Ctot
 73611.9 3160.57 970.285 117.843 0.00607275
 90.3011 34996.2 1395.02 428.266 52.0164
 238.264 25.7905 9219.73 367.516 126.53
 40934.6 122.324 12.1923 4358.57 233.557
 358.193 6608.56 17.5831 1.75255 660.082
 56044.8 5.39256 84.618 0.22514 8.47434
 271.096 40572.6 3.61008 56.648 5.82391
 52.2592 22.1371 2943.86 0.261939 4.53283
 19129.9 5.17229 1.99376 265.137 0.431838
 196.541 8634.25 2.16122 0.833085 110.967
 1694.75 40.6622 1638.08 0.410023 21.2105
 61147.3 400.69 8.84046 356.139 4.70057
 9249.05 19243.3 116.05 2.56042 104.508
 30803.4 3148.99 5989.32 36.1197 33.3243
 21713.1 3505.98 318.7 606.162 7.02822
 97614.4 1345.93 193.951 17.6305 33.9217
 393.519 25567.7 324.876 46.8151 12.4435
 116643 40.8257 2443.46 31.0478 5.66325
 13536.2 72314.5 23.5794 1411.25 21.2029
 3165.41 6543.87 32369.1 10.5545 641.189
 89385.2 463.137 876.49 4335.54 87.295
 115508 25416.3 121.728 230.371 1162.47
 287.833 27167.3 5522.94 26.4513 302.663
 41948 47.7208 4171.33 848.003 50.5328
 12187.5 18325.3 19.4158 1697.16 365.581
 1336.22 5767.47 8058.46 8.53802 907.08
 39005.4 294.265 1174.05 1640.41 186.387
 31627.8 6591.64 46.1193 184.006 286.309
 509.158 12560.6 2439.99 17.0717 174.094
 390.598 368.02 8453.42 1642.15 128.657
 34427.2 109.744 95.3374 2189.9 458.734
F
 0.236707 0.252544 0.252544 0.252544 0.252544
 0.38976 0.415836 0.415836 0.415836 0.415836
 0.430094 0.458869 0.458869 0.458869 0.458869
 1.14738 1.22414 1.22414 1.22414 1.22414
 2.00807 2.14241 2.14241 2.14241 2.14241
 0.33082 0.352953 0.352953 0.352953 0.352953
 1.18776 1.26723 1.26723 1.26723 1.26723
 0.694312 0.740763 0.740763 0.740763 0.740763
 0.304835 0.325229 0.325229 0.325229 0.325229
 0.524406 0.55949 0.55949 0.55949 0.55949
 0.461343 0.492209 0.492209 0.492209 0.492209
 0.44266 0.472275 0.472275 0.472275 0.472275
 0.593738 0.633461 0.633461 0.633461 0.633461
 1.17351 1.25202 1.25202 1.25202 1.25202
 1.10057 1.17421 1.17421 1.17421 1.17421
 0.411834 0.439387 0.439387 0.439387 0.439387
 0.420861 0.449018 0.449018 0.449018 0.449018
 0.153053 0.163293 0.163293 0.163293 0.163293
 0.301351 0.321512 0.321512 0.321512 0.321512
 0.562592 0.600231 0.600231 0.600231 0.600231
 0.341204 0.364031 0.364031 0.364031 0.364031
 0.352465 0.376046 0.376046 0.376046 0.376046
 0.296202 0.316019 0.316019 0.316019 0.316019
 0.160022 0.170728 0.170728 0.170728 0.170728
 0.214934 0.229314 0.229314 0.229314 0.229314
 0.340728 0.363523 0.363523 0.363523 0.363523
 0.262437 0.279995 0.279995 0.279995 0.279995
 0.140404 0.149798 0.149798 0.149798 0.149798
 0.165927 0.177028 0.177028 0.177028 0.177028
 0.399826 0.426576 0.426576 0.426576 0.426576
 0.438153 0.467467 0.467467 0.467467 0.467467
nmprior
 8.19 8.8 8.5 0
nm_flota  nm_reclas  nm_pelaces    nm_pelaL
inf 2.91266 2.43959 3.18796
cv_recla  cv_pelaces  cv_mph
0.661865 0.853289 1.4697
 ------------------------------------------------
Talla a la edad & desviaci?n 
 8 13.2811 15.8009 17.003 17.5766
 0.8 1.32811 1.58009 1.7003 1.75766
