years
 1991 1992 1993 1994 1995 1996 1997 1998 1999 2000 2001 2002 2003 2004 2005 2006 2007 2008 2009 2010 2011 2012 2013 2014 2015 2016 2017 2018 2019 2020 2021
reclasobs
 0 0 0 0 0 0 0 0 0 252601 567819 844713 477998 351125 339783 2.1784e+06 2.13404e+06 4.81314e+06 1.55562e+06 2.62356e+06 3.21686e+06 3.843e+06 1.13348e+06 3.07943e+06 1.97215e+06 2.03268e+06 2.025e+06 2.42433e+06 2.27542e+06 1.05018e+06 2.36338e+06
reclaspred
 5.31624e+06 1.65613e+06 994338 714089 201214 3.50395e+06 1.50453e+06 676482 337104 250163 415433 845334 760318 562914 414205 1.93302e+06 860740 4.73785e+06 2.60095e+06 2.10354e+06 2.98089e+06 3.2818e+06 1.65577e+06 3.19585e+06 2.36811e+06 1.61088e+06 2.25154e+06 3.63254e+06 2.45864e+06 813726 1.39386e+06
pelacesobs
 0 0 0 0 0 0 0 0 0 0 0 0 0 0 0 552880 188675 0 991730 2.46772e+06 1.41603e+06 1.21717e+06 2.29649e+06 1.80582e+06 0 1.4828e+06 1.56532e+06 1.57751e+06 1.42118e+06 867257 1.10002e+06
pelacespred
 3.71599e+06 1.08012e+06 494106 269337 78168.8 2.10969e+06 771508 467156 145695 95410.3 230577 374613 374508 258663 184863 882664 374661 2.79158e+06 1.38767e+06 955806 1.5215e+06 1.64252e+06 887238 2.02267e+06 1.36121e+06 942211 1.53544e+06 2.51263e+06 1.48182e+06 479947 771607
mphobs
 0 0 0 0 0 0 0 0 0 0 0 498337 0 5186 125008 0 168611 109162 213762 579715 649985 157893 87575 83554 0 0 0 0 0 0 0
mphpred
 1.36219e+06 585759 121638 115349 51706.6 16149.5 449709 147565 63524.5 17183.8 14235.9 53628.9 77089.9 51629.9 26151.2 26512.3 215707 79130.8 532902 206781 263225 268071 376187 182916 353948 299031 170690 231607 547547 254457 64012
desembarqueobs
 494567 514787 250237 358949 120608 361735 552515 73892 212993 205616 52469 317467 293654 387597 252695 516296 358380 742168 942051 627588 828172 859565 418607 520667 417249 300574 407403 355545 319650 289779 391294
desembarquepred
 494520 514468 249956 358613 120528 361575 551923 73872.7 212771 205420 52455.8 317179 293326 386933 252384 515780 358055 741533 940422 626567 827591 858550 418197 520344 416829 300310 407071 355275 319296 289288 391039
Reclutas
 26974 17421.7 155030 56591.8 14048 309777 23052.5 6210.33 20365.1 45037.2 38985.1 112732 79389.5 67210.7 42912.5 269091 17215.2 477223 164051 227636 203184 434229 27204.9 168552 160635 37174.8 132417 199776 30832.2 15298.1 104921
log_desv_Rt
 -0.92344 -1.3606 0.825303 -0.182451 -1.57583 1.51754 -1.08054 -2.3921 -1.20449 -0.410827 -0.555135 0.506702 0.156052 -0.0104821 -0.459153 1.37673 -1.37252 1.94967 0.881864 1.20943 1.0958 1.85526 -0.914919 0.908929 0.860823 -0.602684 0.667645 1.07888 -0.789754 -1.49059 0.434897
SSB
 1.69868e+06 730456 151685 143843 64479.4 20138.8 560798 184017 79216.6 21428.6 17752.6 66876.6 96133 64383.7 32611.2 33061.4 268992 98678 664542 257861 328248 334291 469115 228101 441382 372899 212854 288819 682804 317314 79824.5
BT
 2.15479e+06 1.04339e+06 454260 391124 134427 1.38836e+06 840737 286430 273422 240370 159046 446722 449079 530601 340525 853156 454055 2.08495e+06 1.54472e+06 974173 1.44632e+06 1.54353e+06 763058 1.50988e+06 1.02206e+06 706024 1.19273e+06 1.59922e+06 948725 516651 761793
Ftot
 0.296692 0.919682 0.921553 1.55737 1.71884 0.440515 1.0893 0.359316 1.9469 2.56901 0.517663 1.36429 1.34795 2.21796 2.07117 1.06721 1.2396 0.646324 1.17413 1.08893 0.997039 0.981851 0.799397 0.637987 0.633524 0.624751 0.69747 0.393755 0.42146 1.07135 1.08196
BD_Bspro_t
 0.953766 0.645825 0.272104 0.275029 0.117553 0.0522262 0.504393 0.227434 0.15269 0.0610748 0.0653474 0.263367 0.220602 0.138439 0.0730863 0.0772366 0.284136 0.129233 0.409481 0.202868 0.20753 0.21099 0.281543 0.179491 0.328187 0.342702 0.278478 0.380149 0.565434 0.378738 0.164909
BD_Bspro
 3.49898 1.50461 0.312444 0.296291 0.132816 0.0414824 1.15514 0.379042 0.163172 0.0441391 0.0365671 0.137754 0.198017 0.132619 0.0671732 0.0681006 0.554075 0.203259 1.36884 0.531147 0.676131 0.688579 0.966292 0.469846 0.909167 0.768105 0.438441 0.594915 1.40645 0.65361 0.164424
BD_Bo
 1.19068 0.512006 0.106322 0.100825 0.0451962 0.0141161 0.393086 0.128985 0.0555261 0.0150202 0.0124435 0.0468765 0.0673835 0.0451291 0.0228585 0.0231741 0.188547 0.0691674 0.465804 0.180745 0.230082 0.234318 0.328821 0.159885 0.309382 0.26138 0.149198 0.202445 0.478605 0.222418 0.0559522
BD_Brms
 6.65337 2.86103 0.594117 0.563401 0.252551 0.0788794 2.19652 0.720754 0.310274 0.0839312 0.0695329 0.261941 0.376532 0.252177 0.127731 0.129494 1.05358 0.3865 2.60286 1.00998 1.28567 1.30934 1.83742 0.893419 1.7288 1.46056 0.833703 1.13124 2.67439 1.24285 0.312655
Sel_flota
 0.727046 0.980623 0.998961 0.999945 0.999997
 0.727046 0.980623 0.998961 0.999945 0.999997
 0.727046 0.980623 0.998961 0.999945 0.999997
 0.727046 0.980623 0.998961 0.999945 0.999997
 0.727046 0.980623 0.998961 0.999945 0.999997
 0.727046 0.980623 0.998961 0.999945 0.999997
 0.727046 0.980623 0.998961 0.999945 0.999997
 0.727046 0.980623 0.998961 0.999945 0.999997
 0.727046 0.980623 0.998961 0.999945 0.999997
 0.727046 0.980623 0.998961 0.999945 0.999997
 0.727046 0.980623 0.998961 0.999945 0.999997
 0.727046 0.980623 0.998961 0.999945 0.999997
 0.727046 0.980623 0.998961 0.999945 0.999997
 0.727046 0.980623 0.998961 0.999945 0.999997
 0.727046 0.980623 0.998961 0.999945 0.999997
 0.727046 0.980623 0.998961 0.999945 0.999997
 0.727046 0.980623 0.998961 0.999945 0.999997
 0.727046 0.980623 0.998961 0.999945 0.999997
 0.727046 0.980623 0.998961 0.999945 0.999997
 0.727046 0.980623 0.998961 0.999945 0.999997
 0.727046 0.980623 0.998961 0.999945 0.999997
 0.727046 0.980623 0.998961 0.999945 0.999997
 0.727046 0.980623 0.998961 0.999945 0.999997
 0.727046 0.980623 0.998961 0.999945 0.999997
 0.727046 0.980623 0.998961 0.999945 0.999997
 0.727046 0.980623 0.998961 0.999945 0.999997
 0.727046 0.980623 0.998961 0.999945 0.999997
 0.727046 0.980623 0.998961 0.999945 0.999997
 0.727046 0.980623 0.998961 0.999945 0.999997
 0.727046 0.980623 0.998961 0.999945 0.999997
 0.727046 0.980623 0.998961 0.999945 0.999997
Sel_reclas
 0.999982 1 1 1 1
 0.999982 1 1 1 1
 0.999982 1 1 1 1
 0.999982 1 1 1 1
 0.999982 1 1 1 1
 0.999982 1 1 1 1
 0.999982 1 1 1 1
 0.999982 1 1 1 1
 0.999982 1 1 1 1
 0.999982 1 1 1 1
 0.999982 1 1 1 1
 0.999982 1 1 1 1
 0.999982 1 1 1 1
 0.999982 1 1 1 1
 0.999982 1 1 1 1
 0.999982 1 1 1 1
 0.999982 1 1 1 1
 0.999982 1 1 1 1
 0.999982 1 1 1 1
 0.999982 1 1 1 1
 0.999982 1 1 1 1
 0.999982 1 1 1 1
 0.999982 1 1 1 1
 0.999982 1 1 1 1
 0.999982 1 1 1 1
 0.999982 1 1 1 1
 0.999982 1 1 1 1
 0.999982 1 1 1 1
 0.999982 1 1 1 1
 0.999982 1 1 1 1
 0.999982 1 1 1 1
Sel_pelaces
 0.897913 1 1 1 1
 0.897913 1 1 1 1
 0.897913 1 1 1 1
 0.897913 1 1 1 1
 0.897913 1 1 1 1
 0.897913 1 1 1 1
 0.897913 1 1 1 1
 0.897913 1 1 1 1
 0.897913 1 1 1 1
 0.897913 1 1 1 1
 0.897913 1 1 1 1
 0.897913 1 1 1 1
 0.897913 1 1 1 1
 0.897913 1 1 1 1
 0.897913 1 1 1 1
 0.897913 1 1 1 1
 0.897913 1 1 1 1
 0.897913 1 1 1 1
 0.897913 1 1 1 1
 0.897913 1 1 1 1
 0.897913 1 1 1 1
 0.897913 1 1 1 1
 0.897913 1 1 1 1
 0.897913 1 1 1 1
 0.897913 1 1 1 1
 0.897913 1 1 1 1
 0.897913 1 1 1 1
 0.897913 1 1 1 1
 0.897913 1 1 1 1
 0.897913 1 1 1 1
 0.897913 1 1 1 1
pf_obs 
 0.8446 0.082 0.0669 0.0065 0
 0.8095 0.147 0.0364 0.0071 0
 0.9664 0.0169 0.016 0.0007 0
 0.9276 0.0648 0.0075 0.0001 0
 0.7033 0.2144 0.0806 0.0017 0
 0.9318 0.0425 0.0243 0.0014 0
 0.5671 0.3108 0.0964 0.0239 0.0018
 0.0768 0.2599 0.5324 0.112 0.0189
 0.490249 0.384438 0.106611 0.0170017 0.00170017
 0.7925 0.1577 0.0466 0.003 0.0002
 0.840416 0.127587 0.0312969 0.00059994 9.999e-05
 0.8084 0.0986 0.0794 0.0134 0.0002
 0.7335 0.1905 0.0724 0.0035 0.0001
 0.4001 0.4547 0.1325 0.0127 0
 0.49795 0.308269 0.164784 0.0264974 0.00249975
 0.9179 0.0499 0.0305 0.0017 0
 0.2467 0.6533 0.0926 0.0074 0
 0.9418 0.0223 0.034 0.0019 0
 0.707729 0.231977 0.0356964 0.0245975 0
 0.517169 0.277429 0.184464 0.0207286 0.00020938
 0.811772 0.124168 0.05621 0.00726502 0.000585176
 0.764997 0.148141 0.077277 0.00933861 0.000247198
 0.163321 0.427699 0.378323 0.0303852 0.000271297
 0.753843 0.0900009 0.118128 0.0371064 0.000921714
 0.721811 0.176058 0.0630433 0.0369309 0.00215725
 0.143369 0.312575 0.442814 0.0836902 0.0175525
 0.692698 0.0596174 0.167031 0.0765114 0.00414204
 0.394062 0.376323 0.152708 0.0712218 0.00568511
 0.125707 0.32114 0.495352 0.0537591 0.00404204
 0.23352 0.215282 0.420074 0.123614 0.00750983
 0.774587 0.0839891 0.0768558 0.0609784 0.00358967
pf_pred 
 0.161143 0.185744 0.575349 0.0777629 9.3027e-07
 0.27307 0.155516 0.128635 0.390112 0.052668
 0.934191 0.0245461 0.00903776 0.00726318 0.0249622
 0.609793 0.373565 0.00632548 0.00226243 0.00805403
 0.565711 0.31801 0.111501 0.00181797 0.00295876
 0.991284 0.00612098 0.00192011 0.000646948 2.76544e-05
 0.184392 0.810648 0.00350733 0.00107534 0.000377344
 0.247249 0.198995 0.550493 0.00230927 0.000954869
 0.761427 0.076484 0.0435499 0.117841 0.000697905
 0.94966 0.0433749 0.00230246 0.00125496 0.00340791
 0.920586 0.0775055 0.00165647 8.3395e-05 0.000168392
 0.899899 0.0944722 0.00549632 0.000114698 1.74114e-05
 0.800915 0.186753 0.0116607 0.000655091 1.57161e-05
 0.823199 0.154071 0.0213679 0.00128842 7.39808e-05
 0.871893 0.115741 0.0108417 0.00143346 9.11618e-05
 0.983112 0.0156985 0.00107934 9.66253e-05 1.35549e-05
 0.235675 0.756176 0.00759126 0.000506071 5.15745e-05
 0.980034 0.00669788 0.0131307 0.000127534 9.35192e-06
 0.547769 0.44618 0.00206424 0.00394529 4.10733e-05
 0.82731 0.11443 0.0575065 0.000257602 0.000496612
 0.793566 0.182763 0.0158485 0.00772081 0.000101087
 0.892885 0.0919238 0.0134957 0.00113587 0.000559703
 0.205056 0.738495 0.0486457 0.00693351 0.000869709
 0.869581 0.0366464 0.0872809 0.00559513 0.000896203
 0.746793 0.23016 0.00659413 0.0153153 0.0011375
 0.389475 0.496301 0.104071 0.00290778 0.00724536
 0.854108 0.0707283 0.0613861 0.0125544 0.00122311
 0.825008 0.15714 0.00877101 0.00741852 0.00166272
 0.272969 0.632217 0.0853365 0.00465896 0.00481801
 0.34258 0.229335 0.373354 0.0492668 0.0054645
 0.938224 0.0283062 0.011913 0.0188045 0.00275205
pobs_RECLAS
 0 0 0 0 0
 0 0 0 0 0
 0 0 0 0 0
 0 0 0 0 0
 0 0 0 0 0
 0 0 0 0 0
 0 0 0 0 0
 0 0 0 0 0
 0 0 0 0 0
 0 0 0 0 0
 0.991045 0.00858322 0.000360255 1.14367e-05 0
 0.934742 0.0480273 0.0164251 0.00080598 0
 0.827803 0.169806 0.00239088 0 0
 0.941827 0.0461693 0.0120037 0 0
 0.791401 0.0380133 0.147996 0.0225897 0
 0.846168 0.0940531 0.0597789 0 0
 0.134021 0.677848 0.182769 0.00536245 0
 0.80878 0.0450904 0.141981 0.00414843 0
 0.846168 0.0940531 0.0597789 0 0
 0.905697 0.0802665 0.012482 0.00150086 5.37128e-05
 0.989698 0.0102097 9.19794e-05 0 0
 0.975433 0.0193895 0.00387452 0.00125025 5.28907e-05
 0.303575 0.632131 0.0575291 0.00676475 0
 0.966965 0.00978017 0.0227588 0.000495775 0
 0.843318 0.132988 0.00938335 0.0141283 0.000182051
 0.564624 0.303363 0.111486 0.0197234 0.00080311
 0.826376 0.0876187 0.0782897 0.00655872 0.00115652
 0.89761 0.0855135 0.0140674 0.00269457 0.000114338
 0.34875 0.467042 0.161289 0.0227151 0.000203297
 0.318654 0.224769 0.449479 0.00709798 0
 0.937255 0.0296025 0.0250945 0.00804832 0
ppred_RECLAS
 0.209495 0.177671 0.539931 0.0729019 8.72072e-07
 0.347568 0.142 0.115007 0.348392 0.0470327
 0.952524 0.0179526 0.00647227 0.0051956 0.0178553
 0.693633 0.293608 0.00485363 0.00173378 0.00617165
 0.657417 0.252524 0.0863642 0.00140626 0.00228853
 0.99364 0.00449287 0.00138222 0.000465233 1.98857e-05
 0.24128 0.754206 0.00319289 0.000977802 0.000343095
 0.312087 0.184442 0.500506 0.00209743 0.000867229
 0.828707 0.0559351 0.0310258 0.0838351 0.000496469
 0.967397 0.0282121 0.00145304 0.000790705 0.00214703
 0.940768 0.0578355 0.00121199 6.09537e-05 0.000123072
 0.92788 0.0681521 0.00387478 8.07601e-05 1.22588e-05
 0.851903 0.13912 0.00848943 0.000476349 1.14272e-05
 0.876601 0.107917 0.0145555 0.000876346 5.03157e-05
 0.911133 0.0804967 0.00733979 0.000969048 6.16227e-05
 0.987937 0.0112301 0.000755576 6.75629e-05 9.47739e-06
 0.304348 0.688399 0.00675753 0.000449952 4.58525e-05
 0.985606 0.00489342 0.00940252 9.12259e-05 6.68909e-06
 0.631297 0.36388 0.00164663 0.00314342 3.27232e-05
 0.871582 0.0857166 0.0421496 0.000188592 0.00036355
 0.843585 0.138823 0.0117836 0.00573401 7.50694e-05
 0.921209 0.0678204 0.00974707 0.000819431 0.000403754
 0.26363 0.68508 0.0442067 0.00629392 0.000789436
 0.902991 0.0276547 0.0645578 0.00413406 0.000662137
 0.802579 0.179789 0.00504879 0.0117136 0.000869952
 0.468263 0.433869 0.0891773 0.00248899 0.00620151
 0.890848 0.0534747 0.0454811 0.00929158 0.000905177
 0.865604 0.120928 0.00662048 0.00559385 0.00125368
 0.339359 0.575937 0.0762454 0.00415834 0.00430006
 0.426151 0.203037 0.323452 0.0426325 0.00472836
 0.955776 0.0205109 0.0084467 0.0133176 0.00194891
pobs_PELACES
 0 0 0 0 0
 0 0 0 0 0
 0 0 0 0 0
 0 0 0 0 0
 0 0 0 0 0
 0 0 0 0 0
 0 0 0 0 0
 0 0 0 0 0
 0 0 0 0 0
 0 0 0 0 0
 0 0 0 0 0
 0 0 0 0 0
 0 0 0 0 0
 0 0 0 0 0
 0 0 0 0 0
 0 0 0 0 0
 0.505614 0.472636 0.0217494 0 0
 0 0 0 0 0
 0.443492 0.261883 0.143347 0.151278 0
 0.227955 0.32914 0.350689 0.0885471 0.00366901
 0.970185 0.0296113 0.000203453 0 0
 0.997202 0.00247181 0.000326279 0 0
 0.445219 0.490057 0.0546422 0.010081 0
 0.90214 0.0892962 0.00764917 0.000914606 0
 0 0 0 0 0
 0.581667 0.319106 0.0959925 0.00289975 0.000334073
 0.762889 0.0836404 0.116647 0.0363945 0.000428098
 0.88444 0.0763242 0.0277011 0.0115352 0
 0.521256 0.241999 0.230069 0.00667565 0
 0.616807 0.101726 0.260614 0.0208532 0
 0.833518 0.0704572 0.0857862 0.0102388 0
ppred_PELACES
 0.196327 0.180884 0.548708 0.0740799 8.86158e-07
 0.341658 0.143937 0.115929 0.351081 0.047395
 0.951291 0.0184856 0.00662734 0.00531849 0.0182773
 0.698512 0.289049 0.00473345 0.00168999 0.00601562
 0.666124 0.246779 0.0835261 0.00135928 0.00221202
 0.993182 0.00482028 0.001479 0.000497736 2.12749e-05
 0.238277 0.757221 0.00318459 0.000974915 0.000342076
 0.296007 0.189054 0.511907 0.00214496 0.000886875
 0.837532 0.0534919 0.0293231 0.0791842 0.000468911
 0.970679 0.0254274 0.00128941 0.000701078 0.00190358
 0.937084 0.0614377 0.00128345 6.45368e-05 0.000130305
 0.928344 0.0677444 0.00381993 7.95817e-05 1.20796e-05
 0.852612 0.138523 0.00838432 0.000470245 1.12805e-05
 0.884958 0.100778 0.0134113 0.000806877 4.63254e-05
 0.916398 0.0758172 0.006827 0.00090074 5.72769e-05
 0.987722 0.0114357 0.000764456 6.83332e-05 9.58527e-06
 0.303532 0.68926 0.00671542 0.000446968 4.55474e-05
 0.984864 0.00515887 0.00987388 9.57791e-05 7.02287e-06
 0.629126 0.366058 0.00164475 0.00313865 3.26729e-05
 0.869967 0.0869848 0.0424923 0.000190058 0.000366369
 0.840453 0.1417 0.0119555 0.00581575 7.61383e-05
 0.9194 0.0694356 0.00992008 0.00083371 0.000410783
 0.255857 0.692546 0.0444729 0.00633017 0.000793971
 0.898385 0.0290482 0.0675496 0.00432475 0.000692672
 0.793834 0.187819 0.00525411 0.0121875 0.000905135
 0.454674 0.445268 0.0911749 0.00254423 0.00633907
 0.88618 0.0558827 0.0473289 0.0096669 0.000941729
 0.856703 0.128969 0.00704391 0.00595085 0.00133369
 0.323394 0.590049 0.0779147 0.0042488 0.00439357
 0.42278 0.205092 0.324614 0.0427708 0.00474362
 0.955202 0.0208526 0.0085314 0.0134464 0.00196773
pobs_pel_tallas
 0 0 0 0 0 0 0 0 0 0 0 0 0 0 0 0 0 0 0 0 0 0 0 0 0 0
 0 0 0 0 0 0 0 0 0 0 0 0 0 0 0 0 0 0 0 0 0 0 0 0 0 0
 0 0 0 0 0 0 0 0 0 0 0 0 0 0 0 0 0 0 0 0 0 0 0 0 0 0
 0 0 0 0 0 0 0 0 0 0 0 0 0 0 0 0 0 0 0 0 0 0 0 0 0 0
 0 0 0 0 0 0 0 0 0 0 0 0 0 0 0 0 0 0 0 0 0 0 0 0 0 0
 0 0 0 0 0 0 0 0 0 0 0 0 0 0 0 0 0 0 0 0 0 0 0 0 0 0
 0 0 0 0 0 0 0 0 0 0 0 0 0 0 0 0 0 0 0 0 0 0 0 0 0 0
 0 0 0 0 0 0 0 0 0 0 0 0 0 0 0 0 0 0 0 0 0 0 0 0 0 0
 0 0 0 0 0 0 0 0 0 0 0 0 0 0 0 0 0 0 0 0 0 0 0 0 0 0
 0 0 0 0 0 0 0 0 0 0 0 0 0 0 0 0 0 0 0 0 0 0 0 0 0 0
 0 0 0 0 0 0 0 0 0 0 0 0 0 0 0 0 0 0 0 0 0 0 0 0 0 0
 0 0 0 0 0 0 0 0 0 0 0 0 0 0 0 0 0 0 0 0 0 0 0 0 0 0
 0.00862536 0 0 0.000197151 0.00414017 0.0128641 0.00837892 0.0270097 0.101434 0.158115 0.152841 0.127902 0.109271 0.109419 0.0830992 0.0579132 0.0238553 0.00714673 0.00463305 0.00128148 0.00103504 0.000492878 0.000147863 0.000147863 4.92878e-05 0
 0 0 0 0 0 0 0 0 0 0 0 0 0 0 0 0 0 0 0 0 0 0 0 0 0 0
 0 0 0 0 0 0 0 0.0054083 0.00873648 0.0413646 0.0450493 0.0745869 0.0622846 0.0627006 0.0613931 0.0827291 0.12552 0.122667 0.0946155 0.0697135 0.0546179 0.0294188 0.0215738 0.0213955 0.0102223 0.00600262
 0 0 0 0 0.00359764 0.0251062 0.0480494 0.140153 0.205849 0.193036 0.1447 0.116669 0.0760912 0.0342217 0.00950174 0.001854 0.000860785 0 0 0 0.000165536 0 0.000143464 0 0 0
 0 0 0 0 0 0 0 0.000145254 0.000435761 0.0275982 0.070085 0.0708112 0.156366 0.174668 0.174014 0.160142 0.0824315 0.0480064 0.0283245 0.00493863 0.00203355 0 0 0 0 0
 0 0 0 0 0 0 0 0 0 0 0 0 0 0 0 0 0 0 0 0 0 0 0 0 0 0
 0 0 1.00437e-05 0.000401748 0.00122533 0.00171747 0.00176769 0.0269171 0.070346 0.194647 0.189555 0.159765 0.064822 0.0314167 0.0384472 0.0292271 0.0345202 0.0313363 0.0194345 0.0106764 0.0143323 0.0359363 0.0279516 0.0138201 0.00172751 0
 0 0.0021121 0.0136068 0.0755702 0.200478 0.177729 0.0527432 0.0373336 0.0318909 0.0142505 0.0149659 0.0166563 0.0217959 0.0798694 0.0677717 0.0528807 0.04013 0.0224614 0.0357745 0.0225083 0.00881397 0.00855152 0.00135912 0.000746735 0 0
 0 0 0 0 5.4009e-05 0.00500934 0.000945158 0.0243581 0.138947 0.33067 0.221406 0.137944 0.0707744 0.0437923 0.0131692 0.00525238 0.0047753 0.00276346 9.45158e-05 9.00151e-06 2.25038e-05 9.00151e-06 4.50075e-06 0 0 0
 0.000866109 0.00284123 0.00948549 0.0512746 0.133035 0.25785 0.225252 0.132002 0.0553304 0.0519788 0.0540692 0.017754 0.00435017 0.00159236 0.00146478 0.000404838 0.000125132 0.000115318 0.000107957 0.000100596 0 0 0 0 0 0
 0 0 0 0 0.00144013 0.00171154 0.00461396 0.0210425 0.0478622 0.0707936 0.0888783 0.103762 0.0637923 0.0337046 0.0602308 0.124433 0.169614 0.0934646 0.0462172 0.0250306 0.0313229 0.00938855 0.002487 0.000210481 0 0
 0 0.00764035 0.051015 0.0998891 0.058973 0.0496711 0.0374665 0.0718981 0.12319 0.153886 0.159021 0.0857701 0.0377988 0.023471 0.0147837 0.00900784 0.00315554 0.000888139 0.00291439 0.00214683 0.00393193 0.00274676 0.000635225 9.99891e-05 0 0
 0 0 0 0 0 0 0 0 0 0 0 0 0 0 0 0 0 0 0 0 0 0 0 0 0 0
 0 0 0 0 0 0 0 0 0 0 0 0 0 0 0 0 0 0 0 0 0 0 0 0 0 0
 0 0 0 0 0 0 0 0 0 0 0 0 0 0 0 0 0 0 0 0 0 0 0 0 0 0
 0 0 0 0 0 0 0 0 0 0 0 0 0 0 0 0 0 0 0 0 0 0 0 0 0 0
 0 0 0 0 0 0 0 0 0 0 0 0 0 0 0 0 0 0 0 0 0 0 0 0 0 0
 0 0 0 0 0 0 0 0 0 0 0 0 0 0 0 0 0 0 0 0 0 0 0 0 0 0
 0 0 0 0 0 0 0 0 0 0 0 0 0 0 0 0 0 0 0 0 0 0 0 0 0 0
ppred_pel_tallas
 1.23311e-16 1.61712e-05 0.00015719 0.00104458 0.00474854 0.0147746 0.0314795 0.045949 0.0459673 0.0315691 0.015078 0.00563547 0.00331098 0.00523743 0.0100532 0.0176084 0.0277264 0.0397924 0.053026 0.0668317 0.0806668 0.0934325 0.103063 0.106997 0.103424 0.0924109
 1.46612e-16 2.81419e-05 0.000273549 0.00181783 0.00826361 0.0257112 0.054781 0.0799575 0.0799716 0.0548503 0.0259448 0.00894221 0.00353681 0.00407976 0.00742131 0.0126768 0.0193807 0.0268878 0.034729 0.0431325 0.0530174 0.0652296 0.0794935 0.0938895 0.105312 0.110672
 1.03823e-16 7.83566e-05 0.000761654 0.00506146 0.0230087 0.0715885 0.152527 0.222618 0.22262 0.152536 0.071618 0.023094 0.00527625 0.00123281 0.000980241 0.00151622 0.00222624 0.0029132 0.00344661 0.00379852 0.00407154 0.00443557 0.00501081 0.00578081 0.00658946 0.007211
 1.01399e-16 5.75356e-05 0.000559266 0.00371652 0.0168948 0.0525661 0.111999 0.163471 0.163499 0.112134 0.053022 0.0182108 0.00701699 0.00775494 0.0136962 0.0224805 0.0322127 0.040162 0.0435925 0.041255 0.034156 0.0249301 0.0163295 0.00998486 0.00613852 0.00416007
 1.02985e-16 5.48678e-05 0.000533334 0.00354419 0.0161114 0.0501287 0.106805 0.155891 0.155914 0.106922 0.0505205 0.0172438 0.00639015 0.00675735 0.0119081 0.0196842 0.0285448 0.0362944 0.0407083 0.040719 0.0369916 0.0313702 0.0256801 0.0208586 0.0169226 0.0135014
 1.00098e-16 8.18071e-05 0.000795194 0.00528434 0.0240219 0.0747409 0.159243 0.232421 0.232421 0.159246 0.0747486 0.024044 0.00533992 0.00091674 0.000313295 0.000390149 0.000558023 0.000709831 0.000797855 0.000801932 0.000736122 0.0006372 0.00054063 0.000463075 0.00040186 0.000346188
 1.00442e-16 1.96267e-05 0.000190779 0.0012678 0.00576327 0.017932 0.0382088 0.0557821 0.055855 0.0385645 0.0191259 0.00920933 0.00990957 0.0190283 0.0357142 0.0587985 0.0841993 0.10483 0.113486 0.106851 0.0875401 0.0624728 0.0389294 0.0213022 0.0103757 0.00464407
 1.15187e-16 2.43818e-05 0.000236999 0.00157495 0.00715948 0.0222759 0.0474619 0.069276 0.0692949 0.0475549 0.0225905 0.00807745 0.00391481 0.00546258 0.0102921 0.0178678 0.0278018 0.0392359 0.051125 0.0626847 0.0733716 0.0823435 0.0880397 0.0885565 0.0827245 0.0710522
 1.08881e-16 6.89864e-05 0.000670572 0.00445619 0.0202572 0.0630277 0.134287 0.195997 0.196003 0.134313 0.0631136 0.0205061 0.00508442 0.00205356 0.00273086 0.00450225 0.0067178 0.00898034 0.0109675 0.0126155 0.0141714 0.0159837 0.0181727 0.0204408 0.0221678 0.0227111
 1.00437e-16 7.99535e-05 0.000777177 0.00516461 0.0234776 0.0730475 0.155635 0.227155 0.227157 0.155647 0.0730876 0.0235935 0.00545539 0.00141145 0.00128316 0.0019912 0.00285258 0.00357097 0.00390579 0.00375127 0.00319823 0.00247659 0.00182124 0.00136325 0.00110859 0.00098711
 1.00082e-16 7.71864e-05 0.000750279 0.00498587 0.022665 0.0705194 0.150249 0.219294 0.2193 0.150278 0.0706163 0.0229448 0.0056874 0.00227973 0.00297605 0.00478246 0.00684566 0.00853221 0.0092546 0.00874386 0.00720997 0.00520935 0.00332598 0.00191 0.00102182 0.000540259
 1.00138e-16 7.64665e-05 0.000743281 0.00493937 0.0224536 0.0698617 0.148848 0.217249 0.217256 0.14888 0.0699686 0.0227623 0.00571376 0.00243217 0.00327921 0.0052876 0.00757982 0.00946854 0.0103098 0.00980691 0.00818547 0.00604667 0.00401855 0.00247349 0.00147255 0.0008875
 1.00327e-16 7.02285e-05 0.000682646 0.00453642 0.0206219 0.0641626 0.136706 0.199529 0.199542 0.136771 0.0643812 0.0212532 0.00612012 0.00413673 0.0066209 0.0108101 0.0155078 0.0193788 0.021113 0.0201046 0.016814 0.0124677 0.00834528 0.00520318 0.00316253 0.00195996
 1.00502e-16 7.28928e-05 0.000708544 0.00470853 0.0214043 0.0665967 0.141892 0.207097 0.207107 0.141939 0.066756 0.0218644 0.00586334 0.00322906 0.00485839 0.0079126 0.0113815 0.0142901 0.0156956 0.015159 0.0129987 0.0100704 0.00725557 0.00505913 0.00354619 0.00253434
 1.00317e-16 7.54825e-05 0.000733717 0.00487581 0.0221647 0.0689627 0.146933 0.214454 0.214461 0.146968 0.0690824 0.0225105 0.00574346 0.00262671 0.00366731 0.00593459 0.00852089 0.0106708 0.0116695 0.011187 0.00947125 0.00718238 0.00500433 0.00333434 0.00222763 0.00153882
 1.00034e-16 8.13573e-05 0.000790822 0.00525529 0.0238898 0.07433 0.158368 0.231143 0.231144 0.158373 0.0743481 0.0239419 0.00538606 0.00107606 0.000622368 0.000898262 0.00128163 0.00160205 0.00174694 0.00166619 0.00139767 0.0010423 0.000705151 0.000448071 0.000280588 0.000180792
 1.00423e-16 2.50017e-05 0.000243025 0.00161499 0.00734156 0.0228427 0.0486712 0.0710509 0.0711172 0.048995 0.0239295 0.0104787 0.00948247 0.0173935 0.0325256 0.0535443 0.07669 0.0955123 0.103457 0.0975045 0.080025 0.0572968 0.0359229 0.0198822 0.00988395 0.00456974
 1.00298e-16 8.1122e-05 0.000788535 0.00524009 0.0238207 0.074115 0.15791 0.230474 0.230475 0.157912 0.0741234 0.0238453 0.00530248 0.000926957 0.000350478 0.000467793 0.000704823 0.000966484 0.00121342 0.00142373 0.00159221 0.00171645 0.0017808 0.00175709 0.00162403 0.00138811
 1.00462e-16 5.18203e-05 0.000503712 0.00334735 0.0152166 0.0473446 0.100874 0.147236 0.147271 0.101046 0.0479218 0.0168826 0.00752526 0.00961102 0.0173097 0.0284335 0.0407179 0.050707 0.0549199 0.0517591 0.0424926 0.0304645 0.0191869 0.0107683 0.00556834 0.00284076
 1.0133e-16 7.1658e-05 0.000696541 0.00462876 0.0210417 0.0654685 0.139488 0.203589 0.203597 0.139529 0.065607 0.0214423 0.00563651 0.00290356 0.00428384 0.00702208 0.0102318 0.01312 0.0149173 0.0152467 0.0143104 0.0126921 0.0109496 0.00934006 0.00783983 0.00634713
 1.00978e-16 6.9227e-05 0.000672911 0.00447173 0.0203279 0.0632476 0.134756 0.196683 0.196697 0.134823 0.0634714 0.0209742 0.00609345 0.00421119 0.00678337 0.0110899 0.0159342 0.0199659 0.0218597 0.0210079 0.0178824 0.0137211 0.00979712 0.00683492 0.00490884 0.00371555
 1.00458e-16 7.57298e-05 0.00073612 0.00489178 0.0222373 0.0691886 0.147414 0.215156 0.215163 0.147447 0.0692984 0.0225544 0.00568773 0.00247358 0.00337513 0.00545884 0.00785345 0.00986883 0.010856 0.0105138 0.00906154 0.00708604 0.00518943 0.00371292 0.00269504 0.00200591
 1.0223e-16 2.10747e-05 0.000204854 0.00136133 0.00618844 0.0192549 0.0410271 0.0598942 0.0599608 0.0413527 0.0203482 0.00934501 0.00928034 0.0174775 0.0327816 0.0540472 0.077586 0.0969971 0.105762 0.100866 0.0846102 0.0631168 0.0427558 0.02727 0.0172233 0.0112677
 1.02508e-16 7.39988e-05 0.000719294 0.00477996 0.021729 0.0676071 0.144044 0.210237 0.21024 0.144058 0.0676551 0.0218689 0.00513593 0.0015121 0.00162567 0.00269012 0.00414605 0.00579124 0.00745296 0.00901935 0.010441 0.0116455 0.0124564 0.0126221 0.0119586 0.0104899
 1.01576e-16 6.53871e-05 0.000635586 0.00422369 0.0192003 0.0597394 0.127282 0.185775 0.185793 0.12737 0.0600357 0.0200559 0.00636992 0.00531607 0.0089407 0.0146418 0.0210043 0.0262468 0.0286087 0.0272948 0.022965 0.0173153 0.0120915 0.00828847 0.00599385 0.00474658
 1.04073e-16 3.7451e-05 0.000364037 0.00241915 0.0109971 0.0342164 0.0729033 0.106414 0.106457 0.0731132 0.0349214 0.0130337 0.0075331 0.0115338 0.021268 0.0351449 0.0507234 0.0639859 0.0708393 0.0693585 0.0608897 0.0490638 0.0375673 0.028431 0.0218268 0.0169585
 1.0251e-16 7.29935e-05 0.000709522 0.00471503 0.0214338 0.0666886 0.142087 0.207382 0.207387 0.142114 0.0667783 0.0216937 0.00537051 0.00215068 0.00284009 0.00465832 0.00688708 0.00904489 0.0106842 0.011586 0.0118506 0.0117539 0.011498 0.0110759 0.0103434 0.00919381
 1.01059e-16 7.05655e-05 0.000685922 0.00455819 0.0207209 0.0644704 0.137362 0.200486 0.200498 0.137422 0.064674 0.0213087 0.00603297 0.00390279 0.00617246 0.0100732 0.0144591 0.0180902 0.0197577 0.0189124 0.0159971 0.0121601 0.00858372 0.00594228 0.0043004 0.00335917
 1.03569e-16 2.66376e-05 0.000258927 0.00172067 0.00782193 0.0243372 0.0518552 0.0756961 0.0757529 0.052133 0.02527 0.0105159 0.00848202 0.0150163 0.0280455 0.0463004 0.0666396 0.0836772 0.0919222 0.0888135 0.0762273 0.0591835 0.0428485 0.0301717 0.0215131 0.0157707
 1.14513e-16 3.48238e-05 0.0003385 0.00224945 0.0102257 0.0318161 0.0677882 0.0989431 0.0989634 0.0678873 0.0321502 0.0111968 0.0047096 0.00578398 0.0105964 0.0180358 0.0273129 0.0371304 0.0460972 0.0534396 0.059186 0.0635931 0.0663874 0.0666173 0.0632926 0.0562242
 1.01934e-16 7.86787e-05 0.000764785 0.00508227 0.0231032 0.0718828 0.153154 0.223533 0.223535 0.153164 0.071916 0.0231995 0.00532461 0.0012963 0.00109566 0.00170731 0.00250195 0.00325702 0.00381005 0.00410295 0.00421477 0.00429806 0.00446324 0.00470188 0.00489954 0.00491339
pSPR Fmed_Fpbrs
0.253754   0.228958 0.228958
Fs Fmed_Fpbrs
0.91927   1.005 1.005
SSBpbr Bo_Bmed_Bpbrs
1.42666e+06  290687  255312 255312
Ro
67918.9
SPR SPRFo_SPRFmed_SPRFpbrs
485480 123192 111155
Fref
1.005
Nvult_r0
 87344.6 2253.78 940.085 1483.21 217.063
CTP_r0
 38456.8 1160.24 488.302 770.776 112.804
YTP_r0
391039
Np
 97293.6 17576.8 328.839 134.084 237.638
Nvult_p0
 80056.7 15163.3 284.511 116.027 205.637
CTP_p0
 33799.4 7526.4 142.536 58.1568 103.075
YTP_p0
 384050
CBA_c0
388942
log_Ro
10.9461
likeval ReclasPelacesDesembMPH_pf_preclas_ppelaces_ptallas_desvR_qrecl_qpela
 13.9724 20.0802 0.15986 0.000929773 283.822 117.047 111.471 0 54.7077 7.30498e-05 0.000129935 0.00635399 0 0 0
q_reclas_q_pelaces
3.35729 5.06179
M
1
N
 26974 23753.1 72380.6 9774.32 0.116924
 17421.7 7997.8 6532.37 19797.5 2672.72
 155030 3284.01 1193.99 958.91 3295.48
 56591.8 29183.6 489.372 174.944 622.764
 14048 6709.88 2331.26 37.9916 61.8301
 309777 1481.13 457.51 154.024 6.5836
 23052.5 82729.6 353.746 108.391 38.0336
 6210.33 3841.28 10458.2 43.8341 18.1243
 20365.1 1759.4 993.473 2687.05 15.9134
 45037.2 1819.08 95.9235 52.265 141.926
 38985.1 2559.22 53.8855 2.71072 5.47329
 112732 9843.53 566.697 11.8193 1.79415
 79389.5 15380.7 950.243 53.3543 1.27997
 67210.7 10961 1508.75 90.9367 5.22147
 42912.5 4929.68 458.112 60.5446 3.85029
 269091 3501.96 237.933 21.2869 2.9861
 17215.2 45564.9 452.392 30.141 3.07163
 477223 2571.65 4970.69 48.2424 3.53741
 164051 109736 501.951 958.78 9.98126
 227636 25701 12764.8 57.1449 110.162
 203184 37941.4 3250.14 1582.32 20.7162
 434229 36205.7 5250.5 441.62 217.603
 27204.9 78235.3 5085.49 724.33 90.8534
 168552 5596.81 13142 841.832 134.835
 160635 38993.6 1101.39 2556.12 189.841
 37174.8 37283 7707.15 215.177 536.139
 132417 8683.36 7432.72 1518.99 147.981
 199776 29337.5 1611.96 1362.26 305.311
 30832.2 55197.5 7335.62 400.159 413.802
 15298.1 8348.98 13431.8 1771.31 196.461
 104921 2582.62 1074.17 1694.5 247.983
pred_Ctot
 3367.04 3881.07 12021.7 1624.83 0.0194377
 5665.16 3226.36 2668.69 8093.35 1092.66
 50489.8 1326.63 488.46 392.55 1349.12
 26488.3 16227 274.767 98.2759 349.852
 6980.8 3924.21 1375.91 22.4336 36.5108
 55077.5 340.092 106.685 35.9456 1.53653
 8490.5 37327.1 161.499 49.5153 17.3752
 921.917 741.992 2052.62 8.61059 3.56042
 10868 1091.68 621.6 1681.98 9.96138
 27665.8 1263.61 67.076 36.5598 99.2805
 7968.72 670.899 14.3386 0.721879 1.45763
 48477.8 5089.25 296.089 6.17881 0.937957
 33869.1 7897.42 493.107 27.7025 0.664604
 38441.9 7194.86 997.844 60.1669 3.45478
 23683 3143.85 294.491 38.9367 2.47621
 97660.2 1559.45 107.22 9.59855 1.34652
 6941.46 22272.1 223.589 14.9056 1.51905
 117480 802.898 1574.03 15.288 1.12105
 63713.5 51897.2 240.101 458.894 4.77741
 83820.8 11593.7 5826.4 26.0995 50.3154
 70173.2 16161.3 1401.45 682.733 8.93885
 148278 15265.4 2241.18 188.629 92.9477
 7942.43 28604.1 1884.19 268.556 33.6864
 41052.9 1730.07 4120.53 264.146 42.3097
 38899.3 11988.7 343.478 797.748 59.2507
 8899.23 11340.1 2377.96 66.4408 165.552
 34683.4 2872.12 2492.75 509.807 49.6677
 32177.8 6128.94 342.096 289.345 64.8509
 5273.44 12213.7 1648.6 90.0056 93.0782
 5567.61 3727.15 6067.76 800.684 88.8091
 38456.8 1160.24 488.302 770.776 112.804
F
 0.215709 0.290943 0.296383 0.296675 0.296691
 0.668652 0.901862 0.918727 0.919632 0.91968
 0.670012 0.903697 0.920596 0.921503 0.92155
 1.13228 1.5272 1.55576 1.55729 1.55737
 1.24968 1.68554 1.71706 1.71875 1.71884
 0.320274 0.431979 0.440057 0.440491 0.440513
 0.79197 1.06819 1.08817 1.08924 1.08929
 0.261239 0.352354 0.358943 0.359296 0.359315
 1.41549 1.90918 1.94488 1.9468 1.9469
 1.86779 2.51923 2.56634 2.56887 2.569
 0.376365 0.507633 0.517126 0.517635 0.517662
 0.9919 1.33785 1.36287 1.36421 1.36428
 0.980025 1.32184 1.34655 1.34788 1.34795
 1.61256 2.17498 2.21566 2.21784 2.21795
 1.50584 2.03104 2.06902 2.07106 2.07117
 0.77591 1.04653 1.0661 1.06715 1.06721
 0.901245 1.21558 1.23831 1.23953 1.23959
 0.469908 0.633801 0.645653 0.646289 0.646322
 0.853648 1.15138 1.17291 1.17407 1.17413
 0.791705 1.06783 1.0878 1.08887 1.08893
 0.724894 0.97772 0.996003 0.996985 0.997036
 0.713851 0.962826 0.980831 0.981797 0.981848
 0.581199 0.783908 0.798567 0.799353 0.799395
 0.463846 0.625625 0.637324 0.637952 0.637985
 0.460601 0.621248 0.632866 0.633489 0.633522
 0.454223 0.612645 0.624102 0.624717 0.624749
 0.507093 0.683956 0.696746 0.697432 0.697468
 0.286278 0.386125 0.393346 0.393733 0.393754
 0.306421 0.413294 0.421022 0.421437 0.421459
 0.778922 1.05059 1.07024 1.07129 1.07135
 0.786634 1.06099 1.08083 1.0819 1.08196
nmprior
 8.19 8.8 8.5 0
nm_flota  nm_reclas  nm_pelaces    nm_pelaL
inf 22.7965 7.69599 14.1953
cv_recla  cv_pelaces  cv_mph
0.338112 0.508108 0.941009
 ------------------------------------------------
Talla a la edad & desviaci?n 
 8 13.2811 15.8009 17.003 17.5766
 0.8 1.32811 1.58009 1.7003 1.75766
