years
 1991 1992 1993 1994 1995 1996 1997 1998 1999 2000 2001 2002 2003 2004 2005 2006 2007 2008 2009 2010 2011 2012 2013 2014 2015 2016 2017 2018 2019 2020 2021
reclasobs
 0 0 0 0 0 0 0 0 0 252601 567819 844713 477998 351125 339783 2.1784e+06 2.13404e+06 4.81314e+06 1.55562e+06 2.62356e+06 3.21686e+06 3.843e+06 1.13348e+06 3.07943e+06 1.97215e+06 2.03268e+06 2.025e+06 2.42433e+06 2.27542e+06 1.05018e+06 2.36338e+06
reclaspred
 2.78359e+06 1.48503e+06 719644 405755 217038 1.34208e+06 587503 357874 260354 213390 395814 610104 594837 414277 364063 1.62429e+06 1.29247e+06 3.67403e+06 2.97557e+06 1.97185e+06 3.6298e+06 3.01238e+06 2.05387e+06 3.36811e+06 2.36513e+06 1.90293e+06 2.57682e+06 3.15441e+06 2.42304e+06 1.21971e+06 1.76857e+06
pelacesobs
 0 0 0 0 0 0 0 0 0 0 0 0 0 0 0 552880 188675 0 991730 2.46772e+06 1.41603e+06 1.21717e+06 2.29649e+06 1.80582e+06 0 1.4828e+06 1.56532e+06 1.57751e+06 1.42118e+06 867257 1.10002e+06
pelacespred
 830281 464337 212847 86872.5 51903.4 397546 129175 116109 65892.5 52263.2 118133 151411 164837 113351 101900 420224 336229 1.15003e+06 927389 565050 1.05241e+06 897574 620667 1.14653e+06 761031 613093 959849 1.15074e+06 730374 420274 585430
mphobs
 0 0 0 0 0 0 0 0 0 0 0 498337 0 5186 125008 0 168611 109162 213762 579715 649985 157893 87575 83554 0 0 0 0 0 0 0
mphpred
 1.70597e+06 1.00209e+06 471711 233636 103565 74684.3 463209 165553 107739 59894.6 52372.7 172091 202032 156295 83491.7 100212 697818 516232 1.39443e+06 989408 930670 1.24471e+06 1.19936e+06 836229 1.26417e+06 963321 715244 899823 1.47684e+06 887669 418980
desembarqueobs
 494567 514787 250237 358949 120608 361735 552515 73892 212993 205616 52469 317467 293654 387597 252695 516296 358380 742168 942051 627588 828172 859565 418607 520667 417249 300574 407403 355545 319650 289779 391294
desembarquepred
 494529 514781 249752 358913 120586 361609 552092 73885.4 212904 205533 52466.6 317371 293538 387261 252547 516057 358333 741851 941272 627064 828001 859190 418506 520592 417143 300489 407302 355454 319567 289689 391208
Reclutas
 107553 104013 79093.8 50781.7 32024.1 258808 44177.4 14002.3 27747.4 49478.2 72072.3 121737 95624.2 67686.6 54858.8 416599 44497.9 651511 340280 228727 395825 515712 62539 292628 213475 84841.3 254573 309721 54894.8 33607.7 194351
log_desv_Rt
 -0.0199141 -0.0533755 -0.327261 -0.770358 -1.23141 0.858191 -0.909682 -2.05867 -1.37475 -0.796363 -0.420224 0.103968 -0.137469 -0.483007 -0.693131 1.33423 -0.902452 1.7814 1.13187 0.734634 1.28308 1.54765 -0.562105 0.981007 0.665627 -0.257112 0.841693 1.03778 -0.692477 -1.18314 0.571772
SSB
 1.70597e+06 1.00209e+06 471711 233636 103565 74684.3 463209 165553 107739 59894.6 52372.7 172091 202032 156295 83491.7 100212 697818 516232 1.39443e+06 989408 930670 1.24471e+06 1.19936e+06 836229 1.26417e+06 963321 715244 899823 1.47684e+06 887669 418980
BT
 2.34623e+06 1.57868e+06 728041 493468 219775 1.2347e+06 778241 334938 356845 313810 316406 610615 643878 660665 487453 1.38049e+06 1.05645e+06 3.31745e+06 3.03512e+06 1.87857e+06 3.10419e+06 2.86808e+06 1.79591e+06 3.13456e+06 2.14965e+06 1.68522e+06 2.63635e+06 3.01248e+06 1.95133e+06 1.26581e+06 1.7311e+06
Ftot
 0.265185 0.519417 0.525129 1.28915 0.886765 0.576999 1.28483 0.331131 1.37213 1.66725 0.27577 0.926429 0.855414 1.56374 1.294 0.678663 0.420311 0.408022 0.527111 0.525165 0.408494 0.497421 0.307875 0.290437 0.288555 0.251871 0.297802 0.216173 0.194992 0.348985 0.426261
BD_Bspro_t
 0.958751 0.723965 0.496531 0.356186 0.191092 0.188387 0.474668 0.213792 0.197576 0.14709 0.165156 0.466242 0.373623 0.279185 0.168112 0.200675 0.510087 0.425388 0.600748 0.486323 0.428987 0.498172 0.519175 0.471243 0.603563 0.59693 0.584285 0.663582 0.747265 0.64213 0.503661
BD_Bspro
 2.17531 1.27779 0.601487 0.297913 0.132058 0.0952313 0.590645 0.2111 0.137379 0.0763726 0.0667813 0.219436 0.257615 0.199294 0.106462 0.127783 0.8898 0.658256 1.77806 1.26161 1.18671 1.58715 1.52933 1.06629 1.61197 1.22835 0.91202 1.14738 1.88314 1.13188 0.534248
BD_Bo
 1.09662 0.644162 0.303224 0.150185 0.0665735 0.0480083 0.297758 0.10642 0.0692562 0.0385012 0.033666 0.110623 0.12987 0.100469 0.0536698 0.0644181 0.448569 0.331842 0.896362 0.636008 0.59825 0.800118 0.770969 0.537541 0.812631 0.619239 0.459771 0.578421 0.949336 0.570608 0.269327
BD_Brms
 5.2275 3.07066 1.44544 0.715918 0.31735 0.228851 1.41939 0.507296 0.330138 0.183532 0.160483 0.527329 0.619077 0.478926 0.255839 0.307075 2.13829 1.58186 4.27288 3.03179 2.8518 3.81409 3.67514 2.56241 3.87374 2.95185 2.19169 2.75728 4.5254 2.72004 1.28386
Sel_flota
 0.606478 0.966977 0.998206 0.999905 0.999995
 0.606478 0.966977 0.998206 0.999905 0.999995
 0.606478 0.966977 0.998206 0.999905 0.999995
 0.606478 0.966977 0.998206 0.999905 0.999995
 0.606478 0.966977 0.998206 0.999905 0.999995
 0.606478 0.966977 0.998206 0.999905 0.999995
 0.606478 0.966977 0.998206 0.999905 0.999995
 0.606478 0.966977 0.998206 0.999905 0.999995
 0.606478 0.966977 0.998206 0.999905 0.999995
 0.606478 0.966977 0.998206 0.999905 0.999995
 0.606478 0.966977 0.998206 0.999905 0.999995
 0.606478 0.966977 0.998206 0.999905 0.999995
 0.606478 0.966977 0.998206 0.999905 0.999995
 0.606478 0.966977 0.998206 0.999905 0.999995
 0.606478 0.966977 0.998206 0.999905 0.999995
 0.606478 0.966977 0.998206 0.999905 0.999995
 0.606478 0.966977 0.998206 0.999905 0.999995
 0.606478 0.966977 0.998206 0.999905 0.999995
 0.606478 0.966977 0.998206 0.999905 0.999995
 0.606478 0.966977 0.998206 0.999905 0.999995
 0.606478 0.966977 0.998206 0.999905 0.999995
 0.606478 0.966977 0.998206 0.999905 0.999995
 0.606478 0.966977 0.998206 0.999905 0.999995
 0.606478 0.966977 0.998206 0.999905 0.999995
 0.606478 0.966977 0.998206 0.999905 0.999995
 0.606478 0.966977 0.998206 0.999905 0.999995
 0.606478 0.966977 0.998206 0.999905 0.999995
 0.606478 0.966977 0.998206 0.999905 0.999995
 0.606478 0.966977 0.998206 0.999905 0.999995
 0.606478 0.966977 0.998206 0.999905 0.999995
 0.606478 0.966977 0.998206 0.999905 0.999995
Sel_reclas
 1 1 1 1 1
 1 1 1 1 1
 1 1 1 1 1
 1 1 1 1 1
 1 1 1 1 1
 1 1 1 1 1
 1 1 1 1 1
 1 1 1 1 1
 1 1 1 1 1
 1 1 1 1 1
 1 1 1 1 1
 1 1 1 1 1
 1 1 1 1 1
 1 1 1 1 1
 1 1 1 1 1
 1 1 1 1 1
 1 1 1 1 1
 1 1 1 1 1
 1 1 1 1 1
 1 1 1 1 1
 1 1 1 1 1
 1 1 1 1 1
 1 1 1 1 1
 1 1 1 1 1
 1 1 1 1 1
 1 1 1 1 1
 1 1 1 1 1
 1 1 1 1 1
 1 1 1 1 1
 1 1 1 1 1
 1 1 1 1 1
Sel_pelaces
 1 1 1 1 1
 1 1 1 1 1
 1 1 1 1 1
 1 1 1 1 1
 1 1 1 1 1
 1 1 1 1 1
 1 1 1 1 1
 1 1 1 1 1
 1 1 1 1 1
 1 1 1 1 1
 1 1 1 1 1
 1 1 1 1 1
 1 1 1 1 1
 1 1 1 1 1
 1 1 1 1 1
 1 1 1 1 1
 1 1 1 1 1
 1 1 1 1 1
 1 1 1 1 1
 1 1 1 1 1
 1 1 1 1 1
 1 1 1 1 1
 1 1 1 1 1
 1 1 1 1 1
 1 1 1 1 1
 1 1 1 1 1
 1 1 1 1 1
 1 1 1 1 1
 1 1 1 1 1
 1 1 1 1 1
 1 1 1 1 1
pf_obs 
 0.8446 0.082 0.0669 0.0065 0
 0.8095 0.147 0.0364 0.0071 0
 0.9664 0.0169 0.016 0.0007 0
 0.9276 0.0648 0.0075 0.0001 0
 0.7033 0.2144 0.0806 0.0017 0
 0.9318 0.0425 0.0243 0.0014 0
 0.5671 0.3108 0.0964 0.0239 0.0018
 0.0768 0.2599 0.5324 0.112 0.0189
 0.490249 0.384438 0.106611 0.0170017 0.00170017
 0.7925 0.1577 0.0466 0.003 0.0002
 0.840416 0.127587 0.0312969 0.00059994 9.999e-05
 0.8084 0.0986 0.0794 0.0134 0.0002
 0.7335 0.1905 0.0724 0.0035 0.0001
 0.4001 0.4547 0.1325 0.0127 0
 0.49795 0.308269 0.164784 0.0264974 0.00249975
 0.9179 0.0499 0.0305 0.0017 0
 0.2467 0.6533 0.0926 0.0074 0
 0.9418 0.0223 0.034 0.0019 0
 0.707729 0.231977 0.0356964 0.0245975 0
 0.517169 0.277429 0.184464 0.0207286 0.00020938
 0.811772 0.124168 0.05621 0.00726502 0.000585176
 0.764997 0.148141 0.077277 0.00933861 0.000247198
 0.163321 0.427699 0.378323 0.0303852 0.000271297
 0.753843 0.0900009 0.118128 0.0371064 0.000921714
 0.721811 0.176058 0.0630433 0.0369309 0.00215725
 0.143369 0.312575 0.442814 0.0836902 0.0175525
 0.692698 0.0596174 0.167031 0.0765114 0.00414204
 0.394062 0.376323 0.152708 0.0712218 0.00568511
 0.125707 0.32114 0.495352 0.0537591 0.00404204
 0.23352 0.215282 0.420074 0.123614 0.00750983
 0.774587 0.0839891 0.0768558 0.0609784 0.00358967
pf_pred 
 0.371535 0.21391 0.372525 0.0420296 9.85005e-07
 0.509483 0.24474 0.0856305 0.143938 0.0162092
 0.553628 0.289686 0.0798191 0.026819 0.0500475
 0.548629 0.310853 0.0925327 0.0244722 0.0235132
 0.656475 0.248622 0.0665425 0.0186961 0.00966438
 0.952606 0.0372874 0.00741291 0.00189032 0.000803519
 0.320172 0.661495 0.0145531 0.00277405 0.00100577
 0.38081 0.308311 0.302956 0.00629362 0.00162949
 0.714711 0.146404 0.0704447 0.0666997 0.00174086
 0.878062 0.103509 0.00974081 0.00441373 0.00427425
 0.870262 0.122504 0.00620226 0.000546058 0.000485239
 0.77903 0.202753 0.0172351 0.000841888 0.000139711
 0.696425 0.264795 0.035725 0.00289042 0.000164178
 0.665273 0.272733 0.0544033 0.00699489 0.00059653
 0.77462 0.185106 0.0332014 0.0062087 0.000863327
 0.964778 0.0310017 0.00350192 0.000592859 0.000125885
 0.222346 0.76234 0.013549 0.00146494 0.000299953
 0.917871 0.0268965 0.0541857 0.000926748 0.000120467
 0.538597 0.438877 0.00756799 0.0146746 0.000283021
 0.532594 0.313797 0.146405 0.00242402 0.00478041
 0.741734 0.17255 0.0583099 0.0261239 0.00128263
 0.717288 0.235133 0.0321954 0.0104718 0.00491177
 0.192435 0.658562 0.124762 0.0164145 0.00782606
 0.740375 0.0738429 0.15251 0.0278681 0.00540393
 0.56161 0.363187 0.0219464 0.0437343 0.00952274
 0.362802 0.433355 0.169936 0.00990862 0.0239987
 0.751134 0.120738 0.0881176 0.0333654 0.00664443
 0.681788 0.265867 0.0258719 0.0182169 0.00825533
 0.216062 0.609529 0.146554 0.013781 0.0140745
 0.276785 0.224138 0.390972 0.0908666 0.0172387
 0.836968 0.0646835 0.031273 0.0525694 0.0145065
pobs_RECLAS
 0 0 0 0 0
 0 0 0 0 0
 0 0 0 0 0
 0 0 0 0 0
 0 0 0 0 0
 0 0 0 0 0
 0 0 0 0 0
 0 0 0 0 0
 0 0 0 0 0
 0 0 0 0 0
 0.991045 0.00858322 0.000360255 1.14367e-05 0
 0.934742 0.0480273 0.0164251 0.00080598 0
 0.827803 0.169806 0.00239088 0 0
 0.941827 0.0461693 0.0120037 0 0
 0.791401 0.0380133 0.147996 0.0225897 0
 0.846168 0.0940531 0.0597789 0 0
 0.134021 0.677848 0.182769 0.00536245 0
 0.80878 0.0450904 0.141981 0.00414843 0
 0.846168 0.0940531 0.0597789 0 0
 0.905697 0.0802665 0.012482 0.00150086 5.37128e-05
 0.989698 0.0102097 9.19794e-05 0 0
 0.975433 0.0193895 0.00387452 0.00125025 5.28907e-05
 0.303575 0.632131 0.0575291 0.00676475 0
 0.966965 0.00978017 0.0227588 0.000495775 0
 0.843318 0.132988 0.00938335 0.0141283 0.000182051
 0.564624 0.303363 0.111486 0.0197234 0.00080311
 0.826376 0.0876187 0.0782897 0.00655872 0.00115652
 0.89761 0.0855135 0.0140674 0.00269457 0.000114338
 0.34875 0.467042 0.161289 0.0227151 0.000203297
 0.318654 0.224769 0.449479 0.00709798 0
 0.937255 0.0296025 0.0250945 0.00804832 0
ppred_RECLAS
 0.492948 0.176339 0.297235 0.0334766 7.84485e-07
 0.632528 0.186556 0.0631067 0.105886 0.0119229
 0.671609 0.215701 0.0574593 0.0192712 0.035959
 0.678508 0.224112 0.0641727 0.0169364 0.016271
 0.762647 0.173498 0.0447995 0.0125629 0.00649334
 0.970654 0.0232561 0.00446865 0.00113744 0.000483447
 0.447038 0.538609 0.0113989 0.00216829 0.000786056
 0.502254 0.251939 0.239553 0.00496771 0.00128608
 0.815246 0.0966814 0.0447187 0.0422515 0.00110264
 0.927817 0.0616676 0.00556408 0.00251547 0.00243569
 0.915401 0.080027 0.00392144 0.000344647 0.000306233
 0.855119 0.133328 0.0109314 0.000532935 8.84314e-05
 0.792891 0.181468 0.0236249 0.00190778 0.000108352
 0.778653 0.181717 0.0347867 0.0044628 0.000380547
 0.855886 0.119181 0.0205624 0.00383716 0.000533503
 0.978352 0.0191327 0.00208772 0.000352785 7.49015e-05
 0.316789 0.670192 0.0115214 0.00124349 0.000254586
 0.948741 0.0171643 0.0334491 0.000571069 7.42255e-05
 0.655786 0.32796 0.00546744 0.0105823 0.000204077
 0.652411 0.235939 0.106423 0.00175885 0.0034683
 0.824677 0.118441 0.0387169 0.017315 0.000850052
 0.805868 0.16238 0.0214982 0.00697984 0.00327357
 0.278778 0.591703 0.108479 0.0142472 0.00679207
 0.824685 0.0510507 0.102042 0.0186134 0.003609
 0.674878 0.270902 0.0158428 0.031516 0.00686169
 0.480645 0.356904 0.135469 0.0078852 0.0190962
 0.831873 0.0829669 0.0585997 0.0221497 0.00441051
 0.775799 0.188337 0.0177421 0.0124709 0.0056509
 0.308216 0.54175 0.126108 0.0118378 0.0120888
 0.387449 0.194238 0.327829 0.0760568 0.0144277
 0.894697 0.0426526 0.019946 0.0334691 0.00923493
pobs_PELACES
 0 0 0 0 0
 0 0 0 0 0
 0 0 0 0 0
 0 0 0 0 0
 0 0 0 0 0
 0 0 0 0 0
 0 0 0 0 0
 0 0 0 0 0
 0 0 0 0 0
 0 0 0 0 0
 0 0 0 0 0
 0 0 0 0 0
 0 0 0 0 0
 0 0 0 0 0
 0 0 0 0 0
 0 0 0 0 0
 0.505614 0.472636 0.0217494 0 0
 0 0 0 0 0
 0.443492 0.261883 0.143347 0.151278 0
 0.227955 0.32914 0.350689 0.0885471 0.00366901
 0.970185 0.0296113 0.000203453 0 0
 0.997202 0.00247181 0.000326279 0 0
 0.445219 0.490057 0.0546422 0.010081 0
 0.90214 0.0892962 0.00764917 0.000914606 0
 0 0 0 0 0
 0.581667 0.319106 0.0959925 0.00289975 0.000334073
 0.762889 0.0836404 0.116647 0.0363945 0.000428098
 0.88444 0.0763242 0.0277011 0.0115352 0
 0.521256 0.241999 0.230069 0.00667565 0
 0.616807 0.101726 0.260614 0.0208532 0
 0.833518 0.0704572 0.0857862 0.0102388 0
ppred_PELACES
 0.501283 0.173752 0.292074 0.0328905 7.70744e-07
 0.647392 0.179499 0.0603952 0.101307 0.0114071
 0.685648 0.206874 0.0548104 0.0183774 0.0342907
 0.711846 0.201693 0.0569911 0.0150302 0.0144391
 0.781637 0.160015 0.0409422 0.0114755 0.00593114
 0.972581 0.0217564 0.0041557 0.00105744 0.000449437
 0.485142 0.501667 0.0104775 0.00199157 0.000721964
 0.512521 0.247159 0.234207 0.00485595 0.00125713
 0.839511 0.0845646 0.0385651 0.0364094 0.000950139
 0.940169 0.051246 0.00454501 0.00205284 0.00198763
 0.917919 0.0776572 0.00379452 0.00033344 0.000296273
 0.868333 0.12126 0.00984749 0.000479841 7.96192e-05
 0.809274 0.167296 0.0215888 0.00174252 9.89638e-05
 0.809498 0.156847 0.0295457 0.0037871 0.000322915
 0.874109 0.104352 0.0177654 0.00331282 0.000460583
 0.980013 0.0176787 0.00191561 0.00032358 6.86993e-05
 0.327727 0.659516 0.0112888 0.0012181 0.000249386
 0.951181 0.0163931 0.0318122 0.000542997 7.0576e-05
 0.669858 0.314636 0.00521689 0.0100944 0.000194664
 0.666827 0.226547 0.101635 0.00167923 0.00331124
 0.831787 0.113796 0.0370421 0.0165622 0.000813084
 0.815087 0.154801 0.0203899 0.00661818 0.0031039
 0.286319 0.585853 0.107066 0.0140592 0.0067024
 0.829927 0.0496304 0.0989061 0.0180385 0.00349751
 0.682476 0.264707 0.0154346 0.030699 0.00668374
 0.488333 0.351909 0.133227 0.00775359 0.0187773
 0.836986 0.0805712 0.0567332 0.0214406 0.00426927
 0.780303 0.184621 0.0173534 0.0121961 0.00552637
 0.313279 0.538021 0.124988 0.0117315 0.0119801
 0.397942 0.191386 0.321854 0.0746562 0.0141619
 0.899625 0.0407669 0.0189806 0.0318416 0.00878575
pobs_pel_tallas
 0 0 0 0 0 0 0 0 0 0 0 0 0 0 0 0 0 0 0 0 0 0 0 0 0 0
 0 0 0 0 0 0 0 0 0 0 0 0 0 0 0 0 0 0 0 0 0 0 0 0 0 0
 0 0 0 0 0 0 0 0 0 0 0 0 0 0 0 0 0 0 0 0 0 0 0 0 0 0
 0 0 0 0 0 0 0 0 0 0 0 0 0 0 0 0 0 0 0 0 0 0 0 0 0 0
 0 0 0 0 0 0 0 0 0 0 0 0 0 0 0 0 0 0 0 0 0 0 0 0 0 0
 0 0 0 0 0 0 0 0 0 0 0 0 0 0 0 0 0 0 0 0 0 0 0 0 0 0
 0 0 0 0 0 0 0 0 0 0 0 0 0 0 0 0 0 0 0 0 0 0 0 0 0 0
 0 0 0 0 0 0 0 0 0 0 0 0 0 0 0 0 0 0 0 0 0 0 0 0 0 0
 0 0 0 0 0 0 0 0 0 0 0 0 0 0 0 0 0 0 0 0 0 0 0 0 0 0
 0 0 0 0 0 0 0 0 0 0 0 0 0 0 0 0 0 0 0 0 0 0 0 0 0 0
 0 0 0 0 0 0 0 0 0 0 0 0 0 0 0 0 0 0 0 0 0 0 0 0 0 0
 0 0 0 0 0 0 0 0 0 0 0 0 0 0 0 0 0 0 0 0 0 0 0 0 0 0
 0.00862536 0 0 0.000197151 0.00414017 0.0128641 0.00837892 0.0270097 0.101434 0.158115 0.152841 0.127902 0.109271 0.109419 0.0830992 0.0579132 0.0238553 0.00714673 0.00463305 0.00128148 0.00103504 0.000492878 0.000147863 0.000147863 4.92878e-05 0
 0 0 0 0 0 0 0 0 0 0 0 0 0 0 0 0 0 0 0 0 0 0 0 0 0 0
 0 0 0 0 0 0 0 0.0054083 0.00873648 0.0413646 0.0450493 0.0745869 0.0622846 0.0627006 0.0613931 0.0827291 0.12552 0.122667 0.0946155 0.0697135 0.0546179 0.0294188 0.0215738 0.0213955 0.0102223 0.00600262
 0 0 0 0 0.00359764 0.0251062 0.0480494 0.140153 0.205849 0.193036 0.1447 0.116669 0.0760912 0.0342217 0.00950174 0.001854 0.000860785 0 0 0 0.000165536 0 0.000143464 0 0 0
 0 0 0 0 0 0 0 0.000145254 0.000435761 0.0275982 0.070085 0.0708112 0.156366 0.174668 0.174014 0.160142 0.0824315 0.0480064 0.0283245 0.00493863 0.00203355 0 0 0 0 0
 0 0 0 0 0 0 0 0 0 0 0 0 0 0 0 0 0 0 0 0 0 0 0 0 0 0
 0 0 1.00437e-05 0.000401748 0.00122533 0.00171747 0.00176769 0.0269171 0.070346 0.194647 0.189555 0.159765 0.064822 0.0314167 0.0384472 0.0292271 0.0345202 0.0313363 0.0194345 0.0106764 0.0143323 0.0359363 0.0279516 0.0138201 0.00172751 0
 0 0.0021121 0.0136068 0.0755702 0.200478 0.177729 0.0527432 0.0373336 0.0318909 0.0142505 0.0149659 0.0166563 0.0217959 0.0798694 0.0677717 0.0528807 0.04013 0.0224614 0.0357745 0.0225083 0.00881397 0.00855152 0.00135912 0.000746735 0 0
 0 0 0 0 5.4009e-05 0.00500934 0.000945158 0.0243581 0.138947 0.33067 0.221406 0.137944 0.0707744 0.0437923 0.0131692 0.00525238 0.0047753 0.00276346 9.45158e-05 9.00151e-06 2.25038e-05 9.00151e-06 4.50075e-06 0 0 0
 0.000866109 0.00284123 0.00948549 0.0512746 0.133035 0.25785 0.225252 0.132002 0.0553304 0.0519788 0.0540692 0.017754 0.00435017 0.00159236 0.00146478 0.000404838 0.000125132 0.000115318 0.000107957 0.000100596 0 0 0 0 0 0
 0 0 0 0 0.00144013 0.00171154 0.00461396 0.0210425 0.0478622 0.0707936 0.0888783 0.103762 0.0637923 0.0337046 0.0602308 0.124433 0.169614 0.0934646 0.0462172 0.0250306 0.0313229 0.00938855 0.002487 0.000210481 0 0
 0 0.00764035 0.051015 0.0998891 0.058973 0.0496711 0.0374665 0.0718981 0.12319 0.153886 0.159021 0.0857701 0.0377988 0.023471 0.0147837 0.00900784 0.00315554 0.000888139 0.00291439 0.00214683 0.00393193 0.00274676 0.000635225 9.99891e-05 0 0
 0 0 0 0 0 0 0 0 0 0 0 0 0 0 0 0 0 0 0 0 0 0 0 0 0 0
 0 0 0 0 0 0 0 0 0 0 0 0 0 0 0 0 0 0 0 0 0 0 0 0 0 0
 0 0 0 0 0 0 0 0 0 0 0 0 0 0 0 0 0 0 0 0 0 0 0 0 0 0
 0 0 0 0 0 0 0 0 0 0 0 0 0 0 0 0 0 0 0 0 0 0 0 0 0 0
 0 0 0 0 0 0 0 0 0 0 0 0 0 0 0 0 0 0 0 0 0 0 0 0 0 0
 0 0 0 0 0 0 0 0 0 0 0 0 0 0 0 0 0 0 0 0 0 0 0 0 0 0
 0 0 0 0 0 0 0 0 0 0 0 0 0 0 0 0 0 0 0 0 0 0 0 0 0 0
ppred_pel_tallas
 1.11772e-16 4.129e-05 0.000401354 0.00266714 0.0121244 0.0377237 0.080375 0.117313 0.11733 0.0804591 0.0380073 0.0129489 0.0047569 0.00503049 0.00902953 0.0153747 0.0233362 0.0318278 0.0396822 0.046229 0.0514366 0.0554292 0.057871 0.0578869 0.0546443 0.0480734
 1.13879e-16 5.33249e-05 0.000518337 0.00344453 0.0156584 0.048719 0.103802 0.151505 0.151523 0.103887 0.0490048 0.016485 0.00552432 0.00507528 0.00875873 0.0145346 0.0212744 0.0275124 0.0318324 0.0336924 0.0337658 0.0334206 0.0337302 0.0347951 0.035809 0.0356749
 1.09281e-16 5.64759e-05 0.000548966 0.00364808 0.0165836 0.0515979 0.109936 0.160458 0.160478 0.110033 0.0519261 0.0175322 0.00603178 0.0057614 0.0099823 0.0164847 0.0239142 0.0304516 0.0342954 0.0346599 0.0322474 0.028741 0.025726 0.023882 0.0229237 0.0220994
 1.05648e-16 5.86339e-05 0.000569942 0.00378747 0.0172173 0.0535695 0.114136 0.166589 0.166609 0.114231 0.0538895 0.0181421 0.00611144 0.00565144 0.00973373 0.0160637 0.0232881 0.0296127 0.0332493 0.0333824 0.0306367 0.0265999 0.0228024 0.0199605 0.0179311 0.0161768
 1.03378e-16 6.43824e-05 0.00062582 0.00415879 0.0189053 0.0588214 0.125326 0.18292 0.182935 0.125401 0.0590751 0.0196384 0.00600067 0.00465183 0.0077258 0.0127108 0.0183995 0.02334 0.0260961 0.0260071 0.023564 0.0200378 0.0166723 0.01408 0.0121979 0.0106442
 1.00308e-16 8.01102e-05 0.0007787 0.00517473 0.0235236 0.0731906 0.15594 0.2276 0.227602 0.155951 0.0732251 0.0236231 0.0054246 0.00132445 0.00111748 0.00172296 0.00247967 0.0031296 0.00346954 0.00340746 0.00301172 0.00246155 0.00193665 0.00153245 0.00125017 0.00104227
 1.00753e-16 3.99606e-05 0.000388431 0.00258126 0.0117341 0.0365093 0.0777888 0.113545 0.113593 0.0780245 0.0373006 0.0140181 0.00830967 0.0128775 0.0237115 0.0390121 0.055902 0.0696822 0.0755933 0.0714433 0.0589482 0.042651 0.0273165 0.0157966 0.00857581 0.00465695
 1.07522e-16 4.22158e-05 0.000410352 0.00272694 0.0123963 0.0385695 0.0821773 0.119945 0.119969 0.0822954 0.0389667 0.0135475 0.00563118 0.00679848 0.0123149 0.0206566 0.0305962 0.0402203 0.0475275 0.051465 0.0523485 0.0512657 0.0490425 0.0457211 0.040902 0.0344633
 1.04947e-16 6.91494e-05 0.000672157 0.00446672 0.0203051 0.0631766 0.134605 0.196461 0.19647 0.134645 0.0633115 0.0206952 0.00544885 0.00282536 0.00418601 0.00688459 0.0100879 0.013069 0.0151442 0.0160249 0.0159751 0.0155792 0.0153056 0.0152183 0.0150249 0.014349
 1.00687e-16 7.74404e-05 0.000752749 0.00500228 0.0227396 0.0707515 0.150744 0.220016 0.220021 0.150768 0.0708324 0.0229734 0.00558896 0.00203292 0.00250713 0.00401819 0.00577176 0.00723994 0.00794386 0.00766789 0.00658697 0.00515133 0.00381994 0.00284776 0.00224881 0.00189681
 1.00214e-16 7.56078e-05 0.000734934 0.0048839 0.0222015 0.0690771 0.147176 0.21481 0.214817 0.147213 0.0691997 0.0225553 0.00577143 0.00267047 0.00374578 0.00605769 0.00868324 0.0108437 0.0118017 0.0112182 0.00935446 0.00690296 0.00458692 0.00283442 0.00171334 0.00107135
 1.00377e-16 7.15235e-05 0.000695234 0.00462007 0.0210022 0.0653457 0.139226 0.203207 0.203219 0.139283 0.0655372 0.0215551 0.00600731 0.00372145 0.00581257 0.00947949 0.013609 0.017029 0.0185959 0.01778 0.0149785 0.0112528 0.00770612 0.00498545 0.00318924 0.00209026
 1.00858e-16 6.66589e-05 0.000647948 0.00430584 0.0195737 0.0609013 0.129757 0.189388 0.189404 0.129836 0.0611657 0.0203375 0.00622269 0.00483154 0.00800935 0.0131281 0.0188867 0.0237095 0.0260342 0.0251332 0.0215375 0.0166709 0.0120002 0.00836516 0.00587252 0.00421509
 1.01328e-16 6.66773e-05 0.000648127 0.00430703 0.0195792 0.0609181 0.129793 0.18944 0.189455 0.129867 0.0611663 0.0202963 0.00610768 0.00458057 0.00753975 0.0123711 0.0178415 0.0224902 0.0248705 0.0243058 0.0212762 0.0170705 0.0129967 0.00977533 0.00746415 0.00577373
 1.0095e-16 7.19992e-05 0.000699858 0.0046508 0.0211419 0.0657803 0.140152 0.204558 0.204568 0.140201 0.0659454 0.0216188 0.00584821 0.00331451 0.00503969 0.00822278 0.0118499 0.0149249 0.0164828 0.0160754 0.0140285 0.0112095 0.00849928 0.00638296 0.00489645 0.00383582
 1.00104e-16 8.07224e-05 0.000784651 0.00521428 0.0237034 0.0737499 0.157132 0.229339 0.229341 0.15714 0.0737779 0.023784 0.00541672 0.00122642 0.000919223 0.00139056 0.00199209 0.00249801 0.00273863 0.0026372 0.00225107 0.00173265 0.001239 0.000860059 0.000606628 0.000444059
 1.00659e-16 2.69946e-05 0.000262397 0.00174372 0.00792676 0.0246634 0.0525504 0.0767121 0.0767755 0.0528603 0.0257035 0.0109291 0.00927351 0.016678 0.0311387 0.0512661 0.0734495 0.0915245 0.0992284 0.0936747 0.0771213 0.0555517 0.0352499 0.0199896 0.0104294 0.00527048
 1.00989e-16 7.83475e-05 0.000761566 0.00506087 0.023006 0.0715802 0.152509 0.222592 0.222594 0.152517 0.0716071 0.0230842 0.00525932 0.00120194 0.000935636 0.00147714 0.00224616 0.00308511 0.00388095 0.00456525 0.00512101 0.00553848 0.00576444 0.00570535 0.00529028 0.00453847
 1.01277e-16 5.51754e-05 0.000536324 0.00356407 0.0162017 0.0504098 0.107405 0.156766 0.156797 0.107552 0.0509061 0.0176343 0.00715714 0.0083703 0.0149048 0.0244791 0.0350848 0.0437597 0.0475309 0.0450417 0.0373854 0.0274181 0.0181146 0.0112236 0.00698731 0.00471511
 1.0372e-16 5.49257e-05 0.000533898 0.00354794 0.0161284 0.0501817 0.106918 0.156055 0.156077 0.107025 0.0505421 0.0171709 0.00616958 0.00627346 0.0110035 0.0182286 0.0265413 0.0339692 0.0385094 0.0391876 0.0365597 0.0321952 0.0276041 0.0234945 0.0198048 0.0162243
 1.02897e-16 6.85132e-05 0.000665973 0.00442562 0.0201182 0.0625954 0.133367 0.194655 0.194666 0.13342 0.0627761 0.0206407 0.00573891 0.003539 0.00554303 0.00910311 0.0132198 0.0168642 0.0190351 0.0192732 0.0179143 0.0158169 0.0137916 0.0121921 0.0109113 0.00965977
 1.01818e-16 6.71377e-05 0.000652602 0.00433677 0.0197143 0.0613387 0.130689 0.190748 0.190763 0.130762 0.0615835 0.0204213 0.00611123 0.00452609 0.00742316 0.0121647 0.0175154 0.0220234 0.0242578 0.0235627 0.0204442 0.0162237 0.0122426 0.00923885 0.00725276 0.00593731
 1.05784e-16 2.35838e-05 0.000229243 0.0015234 0.00692521 0.0215472 0.0459107 0.0670198 0.0670763 0.0461868 0.0224744 0.00960364 0.0082483 0.0149152 0.0279309 0.046179 0.0666141 0.0839598 0.0928305 0.0907112 0.0794172 0.0637881 0.0487322 0.0369431 0.0286105 0.0225996
 1.05268e-16 6.836e-05 0.000664484 0.00441573 0.0200733 0.0624554 0.133068 0.194218 0.194223 0.133092 0.062537 0.0203108 0.00501916 0.0020056 0.00268536 0.00451421 0.00692387 0.0096019 0.0122562 0.0147224 0.016978 0.0189876 0.020531 0.0212092 0.0206559 0.018784
 1.04723e-16 5.62147e-05 0.000546427 0.0036312 0.0165069 0.0513593 0.109427 0.159718 0.159743 0.109552 0.0517774 0.0177141 0.00666045 0.00715593 0.0125995 0.0207179 0.0297917 0.037377 0.0410406 0.0397036 0.0343126 0.0272283 0.0208236 0.0163625 0.0138104 0.0123841
 1.0789e-16 4.02234e-05 0.000390986 0.00259824 0.0118113 0.0367494 0.0782997 0.114288 0.114322 0.0784661 0.0373086 0.0134281 0.00666302 0.00928519 0.0169927 0.0281872 0.0409698 0.0522896 0.0590343 0.0597307 0.0553424 0.0484571 0.0415693 0.0358526 0.0311493 0.0267746
 1.04531e-16 6.89414e-05 0.000670135 0.00445328 0.020244 0.0629866 0.1342 0.19587 0.195878 0.134238 0.0631156 0.0206177 0.00539511 0.00273887 0.00403544 0.00666132 0.00982283 0.012847 0.0150927 0.0162659 0.0165578 0.0164301 0.0162306 0.0159664 0.0153842 0.0142288
 1.02707e-16 6.42726e-05 0.000624752 0.0041517 0.018873 0.0587211 0.125112 0.182609 0.182626 0.125199 0.0590128 0.0197155 0.006266 0.00523884 0.00882321 0.0144748 0.0208239 0.0261465 0.028738 0.0278289 0.0240508 0.0190181 0.0143659 0.0109853 0.00889867 0.0076319
 1.06949e-16 2.58045e-05 0.000250829 0.00166685 0.00757728 0.023576 0.0502331 0.0733275 0.0733794 0.0504869 0.0244283 0.0100401 0.00785239 0.0137657 0.0257272 0.0425802 0.0615413 0.0778147 0.0865005 0.0853022 0.0758364 0.0624243 0.0494002 0.0390705 0.0315104 0.0256822
 1.19221e-16 3.2778e-05 0.000318614 0.0021173 0.00962495 0.0299469 0.0638058 0.0931303 0.0931492 0.0638985 0.0302596 0.0105344 0.00442354 0.00543102 0.00997113 0.0170322 0.0259374 0.0355663 0.0447295 0.052802 0.0598471 0.0660293 0.0708793 0.0731768 0.0716231 0.065733
 1.05239e-16 7.41009e-05 0.000720288 0.00478656 0.021759 0.0677004 0.144243 0.210528 0.210532 0.144262 0.0677656 0.0219477 0.00526195 0.00176417 0.00207524 0.0033643 0.0049641 0.00651995 0.00774102 0.00853716 0.00907888 0.00966234 0.0104738 0.0114375 0.0122498 0.012551
pSPR Fmed_Fpbrs
0.456207   0.259779 0.259779
Fs Fmed_Fpbrs
0.520636   1.005 1.005
SSBpbr Bo_Bmed_Bpbrs
1.55565e+06  631918  326344 326344
Ro
109716
SPR SPRFo_SPRFmed_SPRFpbrs
784242 357776 203730
Fref
1.005
Nvult_r0
 139141 7567.81 3577.81 6007.06 1657.55
CTP_r0
 28581.6 2208.87 1067.94 1795.19 495.383
YTP_r0
391208
Np
 163638 55210.2 2437.37 1132.25 2355.4
Nvult_p0
 130913 47524.7 2108.56 979.762 2038.22
CTP_p0
 49575.7 23422.7 1055.96 491.08 1021.65
YTP_p0
 824294
CBA_c0
521134
log_Ro
11.4256
likeval ReclasPelacesDesembMPH_pf_preclas_ppelaces_ptallas_desvR_qrecl_qpela
 10.9312 39.8337 0.0439761 0.00188369 246.819 116.605 101.867 0 40.1055 7.38201e-06 0 0.0793059 0 0 0
q_reclas_q_pelaces
1.46963 1
M
1
N
 107553 40357.8 68308.9 7695.14 0.180329
 104013 33688.3 11488.6 19285.1 2171.58
 79093.8 27924.5 7499.88 2516.5 4695.76
 50781.7 21160.9 6182.47 1633.46 1569.37
 32024.1 8547.99 2237.99 628.059 324.636
 258808 6880.46 1334.04 339.732 144.4
 44177.4 67097.7 1448.81 275.891 100.023
 14002.3 7455.79 7125.97 147.816 38.2682
 27747.4 4213.94 1991.31 1883.65 49.1607
 49478.2 4441.43 411.306 186.212 180.319
 72072.3 6621.89 325.883 28.6478 25.4551
 121737 22430.5 1865.85 91.0367 15.1066
 95624.2 25533.8 3368.9 272.246 15.4628
 67686.6 20939.5 4107.6 527.666 44.9977
 54858.8 9645.73 1698.14 317.24 44.1104
 416599 9207.18 1015.37 171.677 36.4508
 44497.9 101548 1757.22 189.722 38.8437
 651511 12686.4 24880.9 424.933 55.2323
 340280 187136 3145.54 6090.99 117.465
 228727 90929.8 41352.6 683.739 1348.31
 395825 61192.7 20131.1 9006.19 442.152
 515712 113662 15165.5 4925.88 2310.31
 62539 140313 25848 3395.65 1618.84
 292628 19088.2 38327.4 6993.01 1355.91
 213475 90265.7 5302.74 10551.3 2297.27
 84841.3 65925.1 25121.7 1462.56 3542.03
 254573 26790 19010 7187.28 1431.17
 309721 78177.2 7389.51 5195.01 2354.03
 54894.8 99939.7 23334.7 2190.82 2237.28
 33607.7 17942.3 30447.8 7066.05 1340.43
 194351 10005.2 4710.05 7906.27 2181.57
pred_Ctot
 10233.7 5891.99 10260.9 1157.67 0.0271312
 18227.3 8755.8 3063.52 5149.53 579.9
 13993.7 7322.2 2017.53 677.886 1265.02
 18531.4 10499.9 3125.55 826.615 794.223
 8793.27 3330.22 891.315 250.428 129.451
 49696 1945.23 386.72 98.6151 41.9184
 16082.5 33227.3 731.013 139.342 50.5205
 1636.99 1325.34 1302.32 27.0544 7.00467
 10585.5 2168.37 1043.35 987.882 25.7837
 21547 2540.03 239.032 108.31 104.887
 7112.9 1001.26 50.6928 4.46308 3.96599
 34607.8 9007.14 765.658 37.4002 6.20656
 25510.9 9699.75 1308.65 105.879 6.01402
 28251.5 11581.9 2310.29 297.045 25.3323
 20073.3 4796.8 860.374 160.891 22.3721
 91863 2951.88 333.442 56.4501 11.9864
 6461.85 22155.3 393.764 42.5743 8.71729
 92117.3 2699.33 5438.07 93.0082 12.09
 60402.8 49219.3 848.738 1645.73 31.7403
 40470 23844.4 11124.8 184.193 363.248
 56024.2 13032.9 4404.22 1973.17 96.8787
 87002.2 28520.1 3905.09 1270.16 595.765
 6836.56 23396.5 4432.39 583.153 278.033
 30306.5 3022.68 6242.84 1140.75 221.204
 21975.8 14211.5 858.761 1711.32 372.625
 7692.52 9188.46 3603.16 210.093 508.846
 26985.1 4337.62 3165.69 1198.68 238.706
 24315.3 9481.9 922.695 649.686 294.418
 3907.8 11024.2 2650.64 249.25 254.557
 4122.89 3338.68 5823.79 1353.52 256.782
 28581.6 2208.87 1067.94 1795.19 495.383
F
 0.160829 0.256428 0.264709 0.26516 0.265184
 0.315015 0.502265 0.518485 0.519368 0.519415
 0.318479 0.507787 0.524186 0.525079 0.525126
 0.781841 1.24658 1.28684 1.28903 1.28914
 0.537803 0.857481 0.885174 0.886681 0.88676
 0.349937 0.557945 0.575964 0.576944 0.576996
 0.779222 1.2424 1.28253 1.28471 1.28483
 0.200824 0.320196 0.330537 0.3311 0.331129
 0.832165 1.32682 1.36967 1.372 1.37212
 1.01115 1.61219 1.66426 1.66709 1.66724
 0.167248 0.266663 0.275275 0.275744 0.275769
 0.561858 0.895835 0.924767 0.926341 0.926424
 0.51879 0.827166 0.853879 0.855333 0.85541
 0.948373 1.5121 1.56093 1.56359 1.56373
 0.784779 1.25126 1.29167 1.29387 1.29399
 0.411594 0.656251 0.677445 0.678599 0.678659
 0.254909 0.406431 0.419557 0.420271 0.420309
 0.247456 0.394548 0.40729 0.407983 0.40802
 0.319681 0.509704 0.526165 0.527061 0.527108
 0.318501 0.507822 0.524222 0.525115 0.525162
 0.247743 0.395005 0.407762 0.408456 0.408492
 0.301675 0.480995 0.496529 0.497374 0.497419
 0.186719 0.297708 0.307322 0.307845 0.307873
 0.176144 0.280846 0.289916 0.29041 0.290436
 0.175002 0.279026 0.288037 0.288527 0.288553
 0.152754 0.243554 0.251419 0.251847 0.25187
 0.18061 0.287967 0.297268 0.297774 0.2978
 0.131104 0.209034 0.215785 0.216152 0.216172
 0.118258 0.188553 0.194642 0.194973 0.194991
 0.211652 0.337461 0.348359 0.348952 0.348983
 0.258518 0.412185 0.425497 0.426221 0.426259
nmprior
 8.19 8.8 8.5 0
nm_flota  nm_reclas  nm_pelaces    nm_pelaL
inf 17.1957 10.6497 21.654
cv_recla  cv_pelaces  cv_mph
0.299061 0.715645 1.3394
 ------------------------------------------------
Talla a la edad & desviaci?n 
 8 13.2811 15.8009 17.003 17.5766
 0.8 1.32811 1.58009 1.7003 1.75766
