years
 1991 1992 1993 1994 1995 1996 1997 1998 1999 2000 2001 2002 2003 2004 2005 2006 2007 2008 2009 2010 2011 2012 2013 2014 2015 2016 2017 2018 2019 2020 2021
reclasobs
 0 0 0 0 0 0 0 0 0 252601 567819 844713 477998 351125 339783 2.1784e+06 2.13404e+06 4.81314e+06 1.55562e+06 2.62356e+06 3.21686e+06 3.843e+06 1.13348e+06 3.07943e+06 1.97215e+06 2.03268e+06 2.025e+06 2.42433e+06 2.27542e+06 1.05018e+06 2.36338e+06
reclaspred
 2.40821e+06 1.9136e+06 1.02332e+06 881921 932548 1.38591e+06 1.34444e+06 1.17866e+06 681543 390897 427074 612220 661953 578672 616402 1.03581e+06 1.53812e+06 2.42975e+06 2.32209e+06 1.93316e+06 3.44305e+06 2.53118e+06 2.1465e+06 2.63976e+06 2.32718e+06 2.17274e+06 2.19826e+06 2.1343e+06 2.31409e+06 1.5341e+06 1.85456e+06
pelacesobs
 0 0 0 0 0 0 0 0 0 0 0 0 0 0 0 552880 188675 0 991730 2.46772e+06 1.41603e+06 1.21717e+06 2.29649e+06 1.80582e+06 0 1.4828e+06 1.56532e+06 1.57751e+06 1.42118e+06 867257 1.10002e+06
pelacespred
 1.01616e+06 905022 514454 392314 417730 649542 594757 581216 357830 193283 215296 250309 297451 281434 315139 438642 639331 1.08042e+06 1.14279e+06 907811 1.43475e+06 1.27014e+06 1.03129e+06 1.33804e+06 1.19657e+06 1.06952e+06 1.21316e+06 1.21186e+06 1.06312e+06 796301 946185
mphobs
 0 0 0 0 0 0 0 0 0 0 0 498337 0 5186 125008 0 168611 109162 213762 579715 649985 157893 87575 83554 0 0 0 0 0 0 0
mphpred
 1.74061e+06 2.01507e+06 1.12043e+06 596730 823814 656980 1.33288e+06 959666 799995 366034 256627 440018 479059 462142 385677 534057 1.08183e+06 1.36123e+06 1.93559e+06 1.67534e+06 1.95476e+06 2.48102e+06 1.8766e+06 1.59931e+06 2.20435e+06 1.77708e+06 1.57441e+06 1.62239e+06 2.10817e+06 1.4584e+06 1.08527e+06
desembarqueobs
 494567 514787 250237 358949 120608 361735 552515 73892 212993 205616 52469 317467 293654 387597 252695 516296 358380 742168 942051 627588 828172 859565 418607 520667 417249 300574 415391 372974 316634 284311 391294
desembarquepred
 494703 511089 252390 359631 120408 361151 552567 73974.5 212653 205645 52514.4 317202 294760 387759 251457 515355 358280 742633 939650 627168 828145 858924 418662 521973 418281 301289 415966 372574 316309 284249 391677
Reclutas
 485132 58340.2 74534.4 269669 56809.7 420764 137222 55352.5 15185.1 72167.9 129162 156691 155836 116749 130113 441172 197952 637495 541087 401686 591937 509840 177286 424246 334208 191336 357104 371519 119657 133612 370123
log_desv_Rt
 0.920137 -1.19799 -0.953024 0.332909 -1.22458 0.777788 -0.342682 -1.25056 -2.54397 -0.985289 -0.403214 -0.210007 -0.215478 -0.504256 -0.395882 0.825151 0.0237397 1.19326 1.0293 0.731387 1.11912 0.969812 -0.0865178 0.786028 0.547478 -0.0102545 0.613741 0.653315 -0.479658 -0.369344 0.64955
SSB
 1.74061e+06 2.01507e+06 1.12043e+06 596730 823814 656980 1.33288e+06 959666 799995 366034 256627 440018 479059 462142 385677 534057 1.08183e+06 1.36123e+06 1.93559e+06 1.67534e+06 1.95476e+06 2.48102e+06 1.8766e+06 1.59931e+06 2.20435e+06 1.77708e+06 1.57441e+06 1.62239e+06 2.10817e+06 1.4584e+06 1.08527e+06
BT
 3.27144e+06 2.63062e+06 1.48379e+06 1.58018e+06 1.12794e+06 2.6533e+06 2.01927e+06 1.65181e+06 1.09298e+06 788929 758919 1.04315e+06 1.20838e+06 1.33358e+06 1.35281e+06 1.99837e+06 2.12657e+06 4.28628e+06 4.4146e+06 3.14853e+06 5.27923e+06 4.33766e+06 3.1723e+06 4.98847e+06 3.594e+06 3.27784e+06 4.36536e+06 4.25843e+06 2.88482e+06 2.41483e+06 3.60974e+06
Ftot
 0.194277 0.250561 0.231874 0.380332 0.122632 0.246072 0.381102 0.0599403 0.291618 0.484573 0.117098 0.477979 0.413394 0.611331 0.381122 0.462438 0.21972 0.287256 0.376779 0.303872 0.226895 0.317156 0.184372 0.187291 0.17015 0.131702 0.179269 0.165588 0.129741 0.175298 0.199952
BD_Bspro_t
 0.969394 0.834798 0.674931 0.575606 0.646827 0.654925 0.734425 0.619261 0.653866 0.521487 0.510286 0.712394 0.605959 0.548031 0.485861 0.556633 0.632819 0.669957 0.692037 0.630403 0.621489 0.668459 0.641793 0.650064 0.741184 0.74302 0.75846 0.779368 0.810253 0.753297 0.721573
BD_Bspro
 1.25971 1.45835 0.81088 0.431865 0.59621 0.475469 0.964629 0.694529 0.578972 0.264906 0.185726 0.318449 0.346704 0.334461 0.279122 0.386507 0.782942 0.985148 1.40082 1.21247 1.4147 1.79556 1.35813 1.15745 1.59533 1.2861 1.13943 1.17416 1.52572 1.05547 0.785428
BD_Bo
 0.889398 1.02964 0.572507 0.30491 0.420943 0.335696 0.681059 0.490359 0.408772 0.187032 0.131129 0.224835 0.244784 0.23614 0.197069 0.272886 0.552782 0.695546 0.989025 0.856045 0.99882 1.26772 0.958885 0.817199 1.12635 0.90803 0.804472 0.828991 1.07721 0.745196 0.554537
BD_Brms
 3.77548 4.3708 2.43028 1.29434 1.7869 1.42502 2.89108 2.08157 1.73523 0.793947 0.556638 0.954421 1.0391 1.00241 0.836554 1.1584 2.34655 2.95258 4.19839 3.63389 4.23997 5.38146 4.07045 3.46899 4.78135 3.85457 3.41497 3.51905 4.57273 3.16334 2.354
Sel_flota
 0.5 1 1 1 1
 0.5 1 1 1 1
 0.5 1 1 1 1
 0.5 1 1 1 1
 0.5 1 1 1 1
 0.5 1 1 1 1
 0.5 1 1 1 1
 0.5 1 1 1 1
 0.5 1 1 1 1
 0.5 1 1 1 1
 0.5 1 1 1 1
 0.5 1 1 1 1
 0.5 1 1 1 1
 0.5 1 1 1 1
 0.5 1 1 1 1
 0.5 1 1 1 1
 0.5 1 1 1 1
 0.5 1 1 1 1
 0.5 1 1 1 1
 0.5 1 1 1 1
 0.5 1 1 1 1
 0.5 1 1 1 1
 0.5 1 1 1 1
 0.5 1 1 1 1
 0.5 1 1 1 1
 0.5 1 1 1 1
 0.5 1 1 1 1
 0.5 1 1 1 1
 0.5 1 1 1 1
 0.5 1 1 1 1
 0.5 1 1 1 1
Sel_reclas
 0.5 1 1 1 1
 0.5 1 1 1 1
 0.5 1 1 1 1
 0.5 1 1 1 1
 0.5 1 1 1 1
 0.5 1 1 1 1
 0.5 1 1 1 1
 0.5 1 1 1 1
 0.5 1 1 1 1
 0.5 1 1 1 1
 0.5 1 1 1 1
 0.5 1 1 1 1
 0.5 1 1 1 1
 0.5 1 1 1 1
 0.5 1 1 1 1
 0.5 1 1 1 1
 0.5 1 1 1 1
 0.5 1 1 1 1
 0.5 1 1 1 1
 0.5 1 1 1 1
 0.5 1 1 1 1
 0.5 1 1 1 1
 0.5 1 1 1 1
 0.5 1 1 1 1
 0.5 1 1 1 1
 0.5 1 1 1 1
 0.5 1 1 1 1
 0.5 1 1 1 1
 0.5 1 1 1 1
 0.5 1 1 1 1
 0.5 1 1 1 1
Sel_pelaces
 0.5 1 1 1 1
 0.5 1 1 1 1
 0.5 1 1 1 1
 0.5 1 1 1 1
 0.5 1 1 1 1
 0.5 1 1 1 1
 0.5 1 1 1 1
 0.5 1 1 1 1
 0.5 1 1 1 1
 0.5 1 1 1 1
 0.5 1 1 1 1
 0.5 1 1 1 1
 0.5 1 1 1 1
 0.5 1 1 1 1
 0.5 1 1 1 1
 0.5 1 1 1 1
 0.5 1 1 1 1
 0.5 1 1 1 1
 0.5 1 1 1 1
 0.5 1 1 1 1
 0.5 1 1 1 1
 0.5 1 1 1 1
 0.5 1 1 1 1
 0.5 1 1 1 1
 0.5 1 1 1 1
 0.5 1 1 1 1
 0.5 1 1 1 1
 0.5 1 1 1 1
 0.5 1 1 1 1
 0.5 1 1 1 1
 0.5 1 1 1 1
pf_obs 
 0.8446 0.082 0.0669 0.0065 0
 0.8095 0.147 0.0364 0.0071 0
 0.9664 0.0169 0.016 0.0007 0
 0.9276 0.0648 0.0075 0.0001 0
 0.7033 0.2144 0.0806 0.0017 0
 0.9318 0.0425 0.0243 0.0014 0
 0.5671 0.3108 0.0964 0.0239 0.0018
 0.0768 0.2599 0.5324 0.112 0.0189
 0.490249 0.384438 0.106611 0.0170017 0.00170017
 0.7925 0.1577 0.0466 0.003 0.0002
 0.840416 0.127587 0.0312969 0.00059994 9.999e-05
 0.8084 0.0986 0.0794 0.0134 0.0002
 0.7335 0.1905 0.0724 0.0035 0.0001
 0.4001 0.4547 0.1325 0.0127 0
 0.49795 0.308269 0.164784 0.0264974 0.00249975
 0.9179 0.0499 0.0305 0.0017 0
 0.2467 0.6533 0.0926 0.0074 0
 0.9418 0.0223 0.034 0.0019 0
 0.707729 0.231977 0.0356964 0.0245975 0
 0.517169 0.277429 0.184464 0.0207286 0.00020938
 0.811772 0.124168 0.05621 0.00726502 0.000585176
 0.764997 0.148141 0.077277 0.00933861 0.000247198
 0.163321 0.427699 0.378323 0.0303852 0.000271297
 0.753843 0.0900009 0.118128 0.0371064 0.000921714
 0.721811 0.176058 0.0630433 0.0369309 0.00215725
 0.143369 0.312575 0.442814 0.0836902 0.0175525
 0.692698 0.0596174 0.167031 0.0765114 0.00414204
 0.394062 0.376323 0.152708 0.0712218 0.00568511
 0.125707 0.32114 0.495352 0.0537591 0.00404204
 0.23352 0.215282 0.420074 0.123614 0.00750983
 0.774587 0.0839891 0.0768558 0.0609784 0.00358967
pf_pred 
 0.651992 0.219983 0.0809272 0.0297715 0.0173263
 0.131438 0.693778 0.110485 0.040645 0.0236545
 0.336552 0.163167 0.399608 0.0636378 0.0370357
 0.756155 0.12701 0.028734 0.0703717 0.0177288
 0.23693 0.667172 0.0499495 0.0113003 0.0346475
 0.815002 0.0724579 0.0983971 0.00736675 0.00677655
 0.328397 0.60753 0.0250954 0.0340793 0.00489845
 0.260022 0.387154 0.319164 0.0131838 0.0204768
 0.14519 0.356444 0.260743 0.214953 0.02267
 0.689572 0.0839558 0.0944357 0.069081 0.0629555
 0.726681 0.228882 0.0120183 0.0135185 0.018901
 0.618906 0.3225 0.0490673 0.00257646 0.00695004
 0.595276 0.319656 0.0719881 0.0109528 0.0021265
 0.519845 0.369375 0.0874962 0.0197045 0.00358004
 0.61597 0.2778 0.0817214 0.0193579 0.00515155
 0.826884 0.135477 0.0272268 0.00800942 0.00240214
 0.424123 0.527877 0.0375641 0.00754926 0.00288685
 0.759808 0.146821 0.0855883 0.00609053 0.00169208
 0.55618 0.387604 0.0343628 0.0200315 0.00182148
 0.488387 0.377275 0.117322 0.0104011 0.00661458
 0.622842 0.255155 0.0899678 0.0279775 0.00405769
 0.52127 0.373134 0.0714376 0.025189 0.00896915
 0.288589 0.501885 0.16331 0.0312662 0.01495
 0.630962 0.170298 0.140206 0.0456222 0.0129109
 0.488108 0.400968 0.0511879 0.042143 0.0175938
 0.367414 0.422116 0.164862 0.0210465 0.0245614
 0.605864 0.215602 0.119133 0.0465288 0.0128719
 0.550087 0.343854 0.0580169 0.0320578 0.0159843
 0.260076 0.532552 0.158488 0.026741 0.0221434
 0.414655 0.247072 0.243468 0.0724564 0.0223486
 0.719325 0.168057 0.0475353 0.046842 0.01824
pobs_RECLAS
 0 0 0 0 0
 0 0 0 0 0
 0 0 0 0 0
 0 0 0 0 0
 0 0 0 0 0
 0 0 0 0 0
 0 0 0 0 0
 0 0 0 0 0
 0 0 0 0 0
 0 0 0 0 0
 0.991045 0.00858322 0.000360255 1.14367e-05 0
 0.934742 0.0480273 0.0164251 0.00080598 0
 0.827803 0.169806 0.00239088 0 0
 0.941827 0.0461693 0.0120037 0 0
 0.791401 0.0380133 0.147996 0.0225897 0
 0.846168 0.0940531 0.0597789 0 0
 0.134021 0.677848 0.182769 0.00536245 0
 0.80878 0.0450904 0.141981 0.00414843 0
 0.846168 0.0940531 0.0597789 0 0
 0.905697 0.0802665 0.012482 0.00150086 5.37128e-05
 0.989698 0.0102097 9.19794e-05 0 0
 0.975433 0.0193895 0.00387452 0.00125025 5.28907e-05
 0.303575 0.632131 0.0575291 0.00676475 0
 0.966965 0.00978017 0.0227588 0.000495775 0
 0.843318 0.132988 0.00938335 0.0141283 0.000182051
 0.564624 0.303363 0.111486 0.0197234 0.00080311
 0.826376 0.0876187 0.0782897 0.00655872 0.00115652
 0.89761 0.0855135 0.0140674 0.00269457 0.000114338
 0.34875 0.467042 0.161289 0.0227151 0.000203297
 0.318654 0.224769 0.449479 0.00709798 0
 0.937255 0.0296025 0.0250945 0.00804832 0
ppred_RECLAS
 0.654049 0.218683 0.0804489 0.0295955 0.0172239
 0.132828 0.692668 0.110308 0.04058 0.0236166
 0.339033 0.162557 0.398114 0.0633999 0.0368972
 0.759792 0.125116 0.0283054 0.0693222 0.0174644
 0.237921 0.666306 0.0498847 0.0112856 0.0346025
 0.816785 0.0717596 0.0974488 0.00729575 0.00671124
 0.332795 0.603552 0.024931 0.0338561 0.00486637
 0.260515 0.386895 0.318951 0.013175 0.0204631
 0.146993 0.355692 0.260193 0.2145 0.0226222
 0.69526 0.0824176 0.0927055 0.0678153 0.0618021
 0.727713 0.228017 0.0119729 0.0134674 0.0188296
 0.625079 0.317277 0.0482726 0.00253473 0.00683748
 0.600551 0.31549 0.0710498 0.01081 0.00209878
 0.528794 0.36249 0.0858653 0.0193373 0.00351331
 0.62066 0.274407 0.0807233 0.0191215 0.00508863
 0.830461 0.132678 0.0266643 0.00784394 0.00235251
 0.426673 0.52554 0.0373979 0.00751584 0.00287407
 0.76239 0.145243 0.0846682 0.00602506 0.00167389
 0.561013 0.383383 0.0339886 0.0198134 0.00180165
 0.492178 0.37448 0.116453 0.0103241 0.00656557
 0.62538 0.253438 0.0893624 0.0277893 0.00403039
 0.52525 0.370032 0.0708437 0.0249796 0.00889459
 0.29035 0.500643 0.162906 0.0311888 0.014913
 0.632989 0.169363 0.139437 0.0453717 0.0128401
 0.490064 0.399435 0.0509922 0.0419819 0.0175265
 0.368789 0.421198 0.164504 0.0210007 0.024508
 0.607843 0.214519 0.118535 0.0462951 0.0128072
 0.551967 0.342417 0.0577746 0.0319239 0.0159175
 0.261197 0.531745 0.158248 0.0267005 0.0221099
 0.416621 0.246242 0.242651 0.072213 0.0222736
 0.721214 0.166926 0.0472153 0.0465267 0.0181172
pobs_PELACES
 0 0 0 0 0
 0 0 0 0 0
 0 0 0 0 0
 0 0 0 0 0
 0 0 0 0 0
 0 0 0 0 0
 0 0 0 0 0
 0 0 0 0 0
 0 0 0 0 0
 0 0 0 0 0
 0 0 0 0 0
 0 0 0 0 0
 0 0 0 0 0
 0 0 0 0 0
 0 0 0 0 0
 0 0 0 0 0
 0.505614 0.472636 0.0217494 0 0
 0 0 0 0 0
 0.443492 0.261883 0.143347 0.151278 0
 0.227955 0.32914 0.350689 0.0885471 0.00366901
 0.970185 0.0296113 0.000203453 0 0
 0.997202 0.00247181 0.000326279 0 0
 0.445219 0.490057 0.0546422 0.010081 0
 0.90214 0.0892962 0.00764917 0.000914606 0
 0 0 0 0 0
 0.581667 0.319106 0.0959925 0.00289975 0.000334073
 0.762889 0.0836404 0.116647 0.0363945 0.000428098
 0.88444 0.0763242 0.0277011 0.0115352 0
 0.521256 0.241999 0.230069 0.00667565 0
 0.616807 0.101726 0.260614 0.0208532 0
 0.833518 0.0704572 0.0857862 0.0102388 0
ppred_PELACES
 0.661266 0.214121 0.0787707 0.0289781 0.0168646
 0.137662 0.688806 0.109693 0.0403537 0.0234849
 0.347658 0.160435 0.392918 0.0625725 0.0364157
 0.771058 0.119248 0.0269779 0.0660709 0.0166453
 0.241609 0.663082 0.0496433 0.011231 0.034435
 0.822783 0.0694104 0.0942586 0.00705691 0.00649153
 0.346901 0.590791 0.0244039 0.0331403 0.00476348
 0.262425 0.385896 0.318127 0.0131409 0.0204103
 0.153129 0.353133 0.258322 0.212957 0.0224594
 0.711931 0.0779089 0.0876339 0.0641054 0.0584211
 0.731525 0.224825 0.0118053 0.0132789 0.018566
 0.643372 0.301796 0.0459173 0.00241106 0.00650387
 0.616796 0.30266 0.0681603 0.0103704 0.00201343
 0.553834 0.343227 0.0813024 0.0183097 0.00332662
 0.63535 0.26378 0.0775974 0.018381 0.00489157
 0.840935 0.124481 0.025017 0.00735935 0.00220718
 0.435564 0.51739 0.0368179 0.00739928 0.00282949
 0.770869 0.14006 0.0816468 0.00581006 0.00161416
 0.576261 0.370067 0.032808 0.0191252 0.00173907
 0.504712 0.365237 0.113579 0.0100692 0.00640352
 0.634109 0.247532 0.0872802 0.0271418 0.00393647
 0.538279 0.359877 0.0688995 0.024294 0.00865048
 0.296658 0.496192 0.161458 0.0309115 0.0147805
 0.640138 0.166064 0.13672 0.0444879 0.0125899
 0.497082 0.393938 0.0502905 0.0414042 0.0172854
 0.373862 0.417813 0.163182 0.0208319 0.0243111
 0.614871 0.210675 0.116411 0.0454655 0.0125777
 0.558713 0.337261 0.0569046 0.0314432 0.0156778
 0.265349 0.528757 0.157358 0.0265504 0.0219856
 0.423667 0.243268 0.23972 0.0713408 0.0220045
 0.727799 0.162984 0.0461001 0.0454278 0.0176893
pobs_pel_tallas
 0 0 0 0 0 0 0 0 0 0 0 0 0 0 0 0 0 0 0 0 0 0 0 0 0 0
 0 0 0 0 0 0 0 0 0 0 0 0 0 0 0 0 0 0 0 0 0 0 0 0 0 0
 0 0 0 0 0 0 0 0 0 0 0 0 0 0 0 0 0 0 0 0 0 0 0 0 0 0
 0 0 0 0 0 0 0 0 0 0 0 0 0 0 0 0 0 0 0 0 0 0 0 0 0 0
 0 0 0 0 0 0 0 0 0 0 0 0 0 0 0 0 0 0 0 0 0 0 0 0 0 0
 0 0 0 0 0 0 0 0 0 0 0 0 0 0 0 0 0 0 0 0 0 0 0 0 0 0
 0 0 0 0 0 0 0 0 0 0 0 0 0 0 0 0 0 0 0 0 0 0 0 0 0 0
 0 0 0 0 0 0 0 0 0 0 0 0 0 0 0 0 0 0 0 0 0 0 0 0 0 0
 0 0 0 0 0 0 0 0 0 0 0 0 0 0 0 0 0 0 0 0 0 0 0 0 0 0
 0 0 0 0 0 0 0 0 0 0 0 0 0 0 0 0 0 0 0 0 0 0 0 0 0 0
 0 0 0 0 0 0 0 0 0 0 0 0 0 0 0 0 0 0 0 0 0 0 0 0 0 0
 0 0 0 0 0 0 0 0 0 0 0 0 0 0 0 0 0 0 0 0 0 0 0 0 0 0
 0.00862536 0 0 0.000197151 0.00414017 0.0128641 0.00837892 0.0270097 0.101434 0.158115 0.152841 0.127902 0.109271 0.109419 0.0830992 0.0579132 0.0238553 0.00714673 0.00463305 0.00128148 0.00103504 0.000492878 0.000147863 0.000147863 4.92878e-05 0
 0 0 0 0 0 0 0 0 0 0 0 0 0 0 0 0 0 0 0 0 0 0 0 0 0 0
 0 0 0 0 0 0 0 0.0054083 0.00873648 0.0413646 0.0450493 0.0745869 0.0622846 0.0627006 0.0613931 0.0827291 0.12552 0.122667 0.0946155 0.0697135 0.0546179 0.0294188 0.0215738 0.0213955 0.0102223 0.00600262
 0 0 0 0 0.00359764 0.0251062 0.0480494 0.140153 0.205849 0.193036 0.1447 0.116669 0.0760912 0.0342217 0.00950174 0.001854 0.000860785 0 0 0 0.000165536 0 0.000143464 0 0 0
 0 0 0 0 0 0 0 0.000145254 0.000435761 0.0275982 0.070085 0.0708112 0.156366 0.174668 0.174014 0.160142 0.0824315 0.0480064 0.0283245 0.00493863 0.00203355 0 0 0 0 0
 0 0 0 0 0 0 0 0 0 0 0 0 0 0 0 0 0 0 0 0 0 0 0 0 0 0
 0 0 1.00437e-05 0.000401748 0.00122533 0.00171747 0.00176769 0.0269171 0.070346 0.194647 0.189555 0.159765 0.064822 0.0314167 0.0384472 0.0292271 0.0345202 0.0313363 0.0194345 0.0106764 0.0143323 0.0359363 0.0279516 0.0138201 0.00172751 0
 0 0.0021121 0.0136068 0.0755702 0.200478 0.177729 0.0527432 0.0373336 0.0318909 0.0142505 0.0149659 0.0166563 0.0217959 0.0798694 0.0677717 0.0528807 0.04013 0.0224614 0.0357745 0.0225083 0.00881397 0.00855152 0.00135912 0.000746735 0 0
 0 0 0 0 5.4009e-05 0.00500934 0.000945158 0.0243581 0.138947 0.33067 0.221406 0.137944 0.0707744 0.0437923 0.0131692 0.00525238 0.0047753 0.00276346 9.45158e-05 9.00151e-06 2.25038e-05 9.00151e-06 4.50075e-06 0 0 0
 0.000866109 0.00284123 0.00948549 0.0512746 0.133035 0.25785 0.225252 0.132002 0.0553304 0.0519788 0.0540692 0.017754 0.00435017 0.00159236 0.00146478 0.000404838 0.000125132 0.000115318 0.000107957 0.000100596 0 0 0 0 0 0
 0 0 0 0 0.00144013 0.00171154 0.00461396 0.0210425 0.0478622 0.0707936 0.0888783 0.103762 0.0637923 0.0337046 0.0602308 0.124433 0.169614 0.0934646 0.0462172 0.0250306 0.0313229 0.00938855 0.002487 0.000210481 0 0
 0 0.00764035 0.051015 0.0998891 0.058973 0.0496711 0.0374665 0.0718981 0.12319 0.153886 0.159021 0.0857701 0.0377988 0.023471 0.0147837 0.00900784 0.00315554 0.000888139 0.00291439 0.00214683 0.00393193 0.00274676 0.000635225 9.99891e-05 0 0
 0 0 0 0 0 0 0 0 0 0 0 0 0 0 0 0 0 0 0 0 0 0 0 0 0 0
 0 0 0 0 0 0 0 0 0 0 0 0 0 0 0 0 0 0 0 0 0 0 0 0 0 0
 0 0 0 0 0 0 0 0 0 0 0 0 0 0 0 0 0 0 0 0 0 0 0 0 0 0
 0 0 0 0 0 0 0 0 0 0 0 0 0 0 0 0 0 0 0 0 0 0 0 0 0 0
 0 0 0 0 0 0 0 0 0 0 0 0 0 0 0 0 0 0 0 0 0 0 0 0 0 0
 0 0 0 0 0 0 0 0 0 0 0 0 0 0 0 0 0 0 0 0 0 0 0 0 0 0
 0 0 0 0 0 0 0 0 0 0 0 0 0 0 0 0 0 0 0 0 0 0 0 0 0 0
ppred_pel_tallas
 1.08089e-16 5.44676e-05 0.000529445 0.00351835 0.0159939 0.0497631 0.106026 0.154753 0.154774 0.106128 0.0501035 0.0169782 0.00599332 0.00594665 0.0103852 0.0171953 0.0250328 0.0320509 0.0364053 0.0372627 0.0352685 0.0320201 0.0289882 0.02675 0.0249974 0.0230825
 1.11363e-16 1.13392e-05 0.000110221 0.000732462 0.00332971 0.0103603 0.0220762 0.0322348 0.0323012 0.0224007 0.0114501 0.00647791 0.00863643 0.0173699 0.0328066 0.0542613 0.0782708 0.0986634 0.109155 0.106872 0.0940668 0.07654 0.0601079 0.0478528 0.0397599 0.0341524
 1.23818e-16 2.86362e-05 0.000278354 0.00184976 0.00840875 0.0261628 0.0557433 0.0813623 0.0813784 0.0558221 0.0264291 0.00918536 0.00382824 0.00469385 0.00869791 0.015076 0.0234512 0.0331315 0.0433417 0.0536228 0.0637993 0.0734353 0.0813234 0.0856458 0.0848309 0.0784734
 1.10252e-16 6.35111e-05 0.00061735 0.00410251 0.0186494 0.0580253 0.12363 0.180443 0.180455 0.123686 0.0582148 0.0191972 0.00547989 0.00363247 0.00581547 0.00958531 0.0139823 0.0179946 0.0206732 0.021675 0.0214988 0.0211362 0.0213899 0.0223821 0.0235628 0.0241084
 1.08556e-16 1.99012e-05 0.000193446 0.00128552 0.00584384 0.0181827 0.0387425 0.0565592 0.0566231 0.0390544 0.0192299 0.00886759 0.00887245 0.0167456 0.0314259 0.051846 0.0745107 0.093347 0.10219 0.0982411 0.0837804 0.064695 0.0470232 0.034175 0.0264153 0.0221298
 1.04545e-16 6.77715e-05 0.000658763 0.00437771 0.0199005 0.0619177 0.131923 0.192546 0.192553 0.131956 0.0620303 0.0202272 0.00520433 0.0024845 0.00359733 0.00600193 0.00901689 0.0121257 0.0148255 0.0168487 0.0182415 0.0191778 0.0196867 0.0195633 0.0185378 0.0165301
 1.04985e-16 2.85739e-05 0.000277748 0.00184574 0.00839049 0.0261062 0.0556242 0.0811971 0.0812539 0.055902 0.0270387 0.0110826 0.0085992 0.0150073 0.0279639 0.0460848 0.0661544 0.0827204 0.0902605 0.0862681 0.0727962 0.0551433 0.0387622 0.0267594 0.0194159 0.0153172
 1.14051e-16 2.16157e-05 0.000210112 0.00139627 0.00634727 0.0197489 0.0420786 0.0614228 0.0614604 0.0422625 0.0203677 0.00813976 0.00591533 0.0101402 0.0190707 0.031988 0.0472265 0.0617753 0.0724837 0.0777582 0.0782585 0.0759565 0.0724404 0.0679667 0.0618756 0.0536885
 1.32703e-16 1.26131e-05 0.000122604 0.000814749 0.00370375 0.0115239 0.0245542 0.0358448 0.0358793 0.0247227 0.0120907 0.00534604 0.00495735 0.00923391 0.0175195 0.0294842 0.0437669 0.0578277 0.0691164 0.0766059 0.0813158 0.0852364 0.089524 0.0934852 0.0950638 0.0922476
 1.18865e-16 5.86408e-05 0.000570009 0.00378791 0.0172193 0.0535757 0.114149 0.166605 0.166613 0.114186 0.0537021 0.0175864 0.00471728 0.00262539 0.00404198 0.00680402 0.0103148 0.0141039 0.0177718 0.0212518 0.0248581 0.0289749 0.0336091 0.0381699 0.041648 0.0430549
 1.04872e-16 6.02548e-05 0.000585698 0.00389217 0.0176933 0.0550504 0.117291 0.171195 0.171217 0.117397 0.0554054 0.0187183 0.00646406 0.0061966 0.0107064 0.0175797 0.025265 0.0316709 0.0347261 0.0335161 0.0288592 0.0227898 0.0173641 0.013694 0.0117668 0.0108955
 1.02745e-16 5.29937e-05 0.000515118 0.00342314 0.0155611 0.0484166 0.103158 0.150568 0.150597 0.1033 0.0488939 0.0169398 0.00688383 0.00807017 0.0144023 0.0237281 0.0341797 0.0429867 0.0473548 0.0459844 0.0398319 0.0314422 0.0234169 0.0172149 0.0129748 0.0101044
 1.03426e-16 5.08048e-05 0.00049384 0.00328174 0.0149184 0.0464167 0.0988967 0.144349 0.144378 0.0990395 0.0468961 0.0163036 0.0067607 0.00809457 0.0145039 0.0239439 0.0345944 0.0437247 0.0485721 0.0478417 0.0424424 0.0348074 0.0273797 0.0214631 0.0171076 0.0137398
 1.04834e-16 4.56187e-05 0.00044343 0.00294675 0.0133955 0.0416786 0.0888018 0.129616 0.129649 0.0889638 0.0422224 0.014967 0.00689411 0.00906907 0.0164523 0.0271921 0.0393193 0.0497637 0.055413 0.054815 0.0490047 0.0407233 0.0326983 0.0263454 0.0216547 0.0179253
 1.04978e-16 5.2333e-05 0.000508695 0.00338046 0.0153671 0.0478128 0.101871 0.148689 0.148715 0.101996 0.0482314 0.0165767 0.00642004 0.00715481 0.012706 0.0210051 0.0304466 0.0386925 0.0433839 0.0434205 0.0395747 0.0338822 0.0283279 0.0238807 0.0204457 0.0174584
 1.01866e-16 6.92667e-05 0.000673297 0.0044743 0.0203395 0.0632838 0.134833 0.196796 0.196808 0.134892 0.063481 0.020909 0.00590445 0.00379745 0.00600885 0.00984067 0.014208 0.017949 0.0199283 0.0196225 0.0174211 0.0143428 0.0114042 0.00913795 0.00754037 0.00633515
 1.02416e-16 3.58769e-05 0.000348736 0.00231748 0.010535 0.0327784 0.0698397 0.101944 0.101993 0.0700831 0.0335953 0.0128937 0.00823529 0.0132576 0.0245234 0.0404099 0.0580309 0.0726006 0.0792625 0.0757736 0.0638569 0.0480709 0.0331442 0.0218304 0.0145067 0.010133
 1.03248e-16 6.34955e-05 0.000617199 0.0041015 0.0186448 0.0580111 0.123599 0.1804 0.180413 0.123666 0.0582346 0.0192916 0.00572942 0.0041861 0.00688574 0.011398 0.0166797 0.0215278 0.0247379 0.0257181 0.0247745 0.0227824 0.0205391 0.0183472 0.0160861 0.0135656
 1.03254e-16 4.74659e-05 0.000461386 0.00306607 0.0139379 0.0433663 0.0923978 0.134865 0.1349 0.0925719 0.0439509 0.0156262 0.00730241 0.00970505 0.0175904 0.0289733 0.0416588 0.0522362 0.0572652 0.0551706 0.0471913 0.0365558 0.0265683 0.019085 0.0142563 0.0112501
 1.05465e-16 4.15725e-05 0.0004041 0.00268539 0.0122074 0.0379819 0.0809258 0.118121 0.118156 0.0810983 0.0385615 0.0138825 0.00689479 0.00960831 0.0175659 0.0290882 0.0421626 0.0535671 0.0600172 0.0599563 0.0544136 0.0461749 0.0379876 0.0312433 0.0259126 0.0213418
 1.05971e-16 5.22308e-05 0.000507702 0.00337386 0.0153371 0.0477195 0.101672 0.148399 0.148423 0.101789 0.0481128 0.0164741 0.00623224 0.0067619 0.0119723 0.0198209 0.0288085 0.036777 0.0415515 0.0421195 0.0391869 0.0345903 0.0300719 0.0264038 0.0233884 0.0204545
 1.05981e-16 4.43374e-05 0.000430976 0.00286399 0.0130193 0.040508 0.0863079 0.125976 0.126011 0.0864776 0.0410778 0.0146654 0.00699776 0.00946068 0.0172102 0.0284263 0.0410513 0.0518513 0.0575575 0.0566687 0.0503295 0.0415064 0.0331536 0.0268072 0.0224281 0.0191691
 1.10388e-16 2.44354e-05 0.000237521 0.00157841 0.00717527 0.0223252 0.0475679 0.0694368 0.0694848 0.0478024 0.0231129 0.00945242 0.00730159 0.0127551 0.0238678 0.0396033 0.0574774 0.0731805 0.0823052 0.0827878 0.076053 0.0658618 0.0558552 0.0477681 0.0413727 0.0356125
 1.10581e-16 5.27273e-05 0.000512529 0.00340593 0.0154829 0.0481731 0.102638 0.149807 0.149823 0.102718 0.0484397 0.0162554 0.00535439 0.00479729 0.00828251 0.013852 0.0205209 0.0270139 0.0320509 0.0350368 0.036329 0.0367868 0.0369953 0.0368402 0.0357207 0.0331103
 1.0863e-16 4.0944e-05 0.000397991 0.00264479 0.0120229 0.0374078 0.0797026 0.116336 0.116374 0.0798881 0.0380308 0.0138225 0.00716267 0.0102622 0.0187805 0.0310004 0.0447005 0.0563295 0.0623133 0.0610561 0.0539136 0.0442748 0.0355013 0.0293157 0.0255792 0.0231415
 1.1102e-16 3.07946e-05 0.000299334 0.00198918 0.00904257 0.028135 0.0599461 0.0875016 0.087542 0.0601438 0.0287992 0.0109631 0.00681818 0.010868 0.0201816 0.0335224 0.0487714 0.0623463 0.0705854 0.0717691 0.0670541 0.0594916 0.0519807 0.0458152 0.040694 0.0357093
 1.10102e-16 5.06462e-05 0.000492299 0.0032715 0.0148718 0.0462717 0.0985876 0.143896 0.143916 0.0986876 0.046608 0.015845 0.00572186 0.00586618 0.0103298 0.0171901 0.0252143 0.0326764 0.0378435 0.0399256 0.0394839 0.0378881 0.0362855 0.0349352 0.0333299 0.0308116
 1.07535e-16 4.60206e-05 0.000447336 0.00297271 0.0135135 0.0420458 0.0895841 0.130757 0.13079 0.0897431 0.0425796 0.0150557 0.00684519 0.00890551 0.0161234 0.0266201 0.0384361 0.0485428 0.053894 0.053118 0.0473384 0.0393886 0.0320651 0.026781 0.0234058 0.0210008
 1.1106e-16 2.18565e-05 0.000212453 0.00141183 0.00641801 0.0199691 0.0425481 0.0621109 0.062162 0.0427979 0.020808 0.00884288 0.00750511 0.0135358 0.025389 0.0421056 0.0610439 0.0775862 0.0870134 0.0871257 0.0794811 0.0681722 0.0571922 0.0484916 0.0418744 0.0361807
 1.17859e-16 3.4897e-05 0.000339211 0.00225418 0.0102472 0.0318829 0.0679308 0.0991519 0.0991757 0.0680472 0.0322748 0.0113835 0.0051233 0.00665859 0.0122019 0.0205516 0.0306244 0.040669 0.0488881 0.0544342 0.0577571 0.0599241 0.0615162 0.0620903 0.0605931 0.056246
 1.08922e-16 5.99479e-05 0.000582715 0.00387235 0.0176031 0.05477 0.116694 0.170321 0.170337 0.116771 0.0550288 0.0183515 0.00575374 0.00469948 0.00790774 0.0130579 0.0189994 0.0243228 0.0276543 0.0284192 0.0271916 0.0252676 0.0237984 0.0231603 0.0229479 0.0224282
pSPR Fmed_Fpbrs
0.688967   0.285572 0.285572
Fs Fmed_Fpbrs
0.239403   1.005 1.005
SSBpbr Bo_Bmed_Bpbrs
1.95707e+06  1.2505e+06  461031 461031
Ro
193308
SPR SPRFo_SPRFmed_SPRFpbrs
1.38175e+06 951981 394590
Fref
1.005
Nvult_r0
 246917 31465.4 8900.03 8770.23 3415.07
CTP_r0
 22442.1 5243.19 1483.04 1461.41 569.065
YTP_r0
391677
Np
 268223 123206 13562.9 3836.29 4919.01
Nvult_p0
 208523 106615 11736.5 3319.7 4256.62
CTP_p0
 69739.1 53440.5 5882.9 1663.99 2133.62
YTP_p0
 1.64507e+06
CBA_c0
767696
log_Ro
11.992
likeval ReclasPelacesDesembMPH_pf_preclas_ppelaces_ptallas_desvR_qrecl_qpela
 18.5254 20.2851 1.06295 0.00320763 258.074 138.867 106.104 0 32.7822 0 0 3.09635 0 0 0
q_reclas_q_pelaces
1 1
M
1
N
 485132 85139 31320.9 11522.3 6705.71
 58340.2 161949 25790.5 9487.81 5521.69
 74534.4 18935 46373.2 7384.97 4297.88
 269669 24418.1 5524.2 13529.2 3408.42
 56809.7 82025.3 6141.03 1389.31 4259.72
 420764 19656.1 26692.9 1998.43 1838.32
 137222 136871 5653.75 7677.73 1103.57
 55352.5 41723 34395.8 1420.8 2206.76
 15185.1 19761.8 14456 11917.4 1256.86
 72167.9 4828.36 5431.06 3972.89 3620.61
 129162 20836.6 1094.1 1230.67 1720.68
 156691 44814 6818.31 358.02 965.766
 155836 45389.8 10222 1555.24 301.953
 116749 46623.7 11044.1 2487.18 451.886
 130113 31638.1 9307.12 2204.64 586.701
 441172 39560.9 7950.55 2338.85 701.454
 197952 128794 9165.11 1841.91 704.349
 637495 65246 38034.6 2706.57 751.943
 541087 203145 18009.7 10498.6 954.644
 401686 164875 51271.7 4545.46 2890.68
 591937 126943 44760.1 13919.2 2018.75
 509840 194407 37219.8 13123.7 4673.02
 177286 160055 52080.9 9971.04 4767.69
 424246 59476.5 48967 15933.5 4509.14
 334208 142119 18143.1 14937.2 6235.96
 191336 112921 44102.6 5630.17 6570.47
 357104 65902.7 36415.2 14222.4 3934.51
 371519 120108 20265.3 11197.8 5583.3
 119657 125814 37442.4 6317.49 5231.32
 133612 41254.4 40652.7 12098.3 3731.62
 370123 45028.3 12736.3 12550.6 4887.11
pred_Ctot
 28614 9654.39 3551.65 1306.58 760.399
 4387.09 23156.7 3687.72 1356.64 789.531
 5206.68 2524.29 6182.18 984.517 572.966
 29981.8 5035.99 1139.31 2790.26 702.954
 2146.49 6044.31 452.523 102.376 313.892
 31102.4 2765.17 3755.07 281.132 258.609
 15284.9 28277 1168.04 1586.19 227.994
 1035.62 1541.96 1271.17 52.5086 81.5555
 1317.94 3235.56 2366.85 1951.2 205.783
 10011.3 1218.88 1371.03 1002.93 913.996
 4665.37 1469.44 77.1586 86.79 121.347
 21469 11187.1 1702.08 89.3739 241.088
 18707.2 10045.5 2262.3 344.202 66.8274
 19925.1 14157.7 3353.64 755.254 137.219
 14493.7 6536.61 1922.9 455.49 121.216
 58663.6 9611.46 1931.61 568.231 170.421
 13136 16349.4 1163.44 233.816 89.4117
 54550 10541 6144.76 437.267 121.482
 59639 41562.7 3684.71 2147.97 195.317
 36237.7 27993.3 8705.15 771.749 490.793
 40503.9 16592.9 5850.67 1819.4 263.874
 47876 34270.5 6561.18 2313.48 823.771
 9943.76 17293.2 5627.08 1077.32 515.125
 24157.6 6520.2 5368.08 1746.74 494.321
 17349.9 14252.5 1819.48 1497.98 625.375
 7749.59 8903.37 3477.32 443.917 518.056
 19495.5 6937.66 3833.47 1497.21 414.191
 18787.4 11743.8 1981.48 1094.89 545.92
 4776.16 9780.04 2910.55 491.084 406.652
 7138.6 4253.53 4191.49 1247.39 384.748
 22442.1 5243.19 1483.04 1461.41 569.065
F
 0.0971383 0.194277 0.194277 0.194277 0.194277
 0.12528 0.250561 0.250561 0.250561 0.250561
 0.115937 0.231874 0.231874 0.231874 0.231874
 0.190166 0.380332 0.380332 0.380332 0.380332
 0.0613161 0.122632 0.122632 0.122632 0.122632
 0.123036 0.246072 0.246072 0.246072 0.246072
 0.190551 0.381102 0.381102 0.381102 0.381102
 0.0299702 0.0599403 0.0599403 0.0599403 0.0599403
 0.145809 0.291618 0.291618 0.291618 0.291618
 0.242286 0.484573 0.484573 0.484573 0.484573
 0.0585491 0.117098 0.117098 0.117098 0.117098
 0.23899 0.477979 0.477979 0.477979 0.477979
 0.206697 0.413394 0.413394 0.413394 0.413394
 0.305665 0.611331 0.611331 0.611331 0.611331
 0.190561 0.381122 0.381122 0.381122 0.381122
 0.231219 0.462438 0.462438 0.462438 0.462438
 0.10986 0.21972 0.21972 0.21972 0.21972
 0.143628 0.287256 0.287256 0.287256 0.287256
 0.18839 0.376779 0.376779 0.376779 0.376779
 0.151936 0.303872 0.303872 0.303872 0.303872
 0.113448 0.226895 0.226895 0.226895 0.226895
 0.158578 0.317156 0.317156 0.317156 0.317156
 0.092186 0.184372 0.184372 0.184372 0.184372
 0.0936456 0.187291 0.187291 0.187291 0.187291
 0.0850748 0.17015 0.17015 0.17015 0.17015
 0.0658511 0.131702 0.131702 0.131702 0.131702
 0.0896345 0.179269 0.179269 0.179269 0.179269
 0.0827942 0.165588 0.165588 0.165588 0.165588
 0.0648704 0.129741 0.129741 0.129741 0.129741
 0.0876492 0.175298 0.175298 0.175298 0.175298
 0.0999761 0.199952 0.199952 0.199952 0.199952
nmprior
 8.19 8.8 8.5 0
nm_flota  nm_reclas  nm_pelaces    nm_pelaL
inf 6.43115 8.22338 15.4727
cv_recla  cv_pelaces  cv_mph
0.389322 0.510694 1.74782
 ------------------------------------------------
Talla a la edad & desviaci?n 
 8 13.2811 15.8009 17.003 17.5766
 0.8 1.32811 1.58009 1.7003 1.75766
