years
 1991 1992 1993 1994 1995 1996 1997 1998 1999 2000 2001 2002 2003 2004 2005 2006 2007 2008 2009 2010 2011 2012 2013 2014 2015 2016 2017 2018 2019 2020 2021
reclasobs
 0 0 0 0 0 0 0 0 0 252601 567819 844713 477998 351125 339783 2.1784e+06 2.13404e+06 4.81314e+06 1.55562e+06 2.62356e+06 3.21686e+06 3.843e+06 1.13348e+06 3.07943e+06 1.97215e+06 2.03268e+06 2.025e+06 2.42433e+06 2.27542e+06 1.05018e+06 2.36338e+06
reclaspred
 3.21336e+06 1.70053e+06 860362 837598 824376 1.91115e+06 951741 758572 513712 300282 502790 745060 737721 519960 472327 1.46961e+06 1.12001e+06 3.53351e+06 2.69121e+06 1.85274e+06 3.17475e+06 2.65293e+06 1.82167e+06 3.10512e+06 2.21336e+06 1.87687e+06 2.37614e+06 2.72213e+06 2.03864e+06 1.09487e+06 1.79193e+06
pelacesobs
 0 0 0 0 0 0 0 0 0 0 0 0 0 0 0 552880 188675 0 991730 2.46772e+06 1.41603e+06 1.21717e+06 2.29649e+06 1.80582e+06 0 1.4828e+06 1.56532e+06 1.57751e+06 1.42118e+06 867257 1.10002e+06
pelacespred
 2.05955e+06 1.14491e+06 539760 385141 450265 1.01973e+06 475789 522269 297061 142219 269995 336850 377666 251916 230306 612357 563221 1.86146e+06 1.54415e+06 962713 1.64115e+06 1.40309e+06 1.10564e+06 1.89675e+06 1.40053e+06 1.21425e+06 1.6062e+06 1.81195e+06 1.31357e+06 763280 1.03258e+06
mphobs
 0 0 0 0 0 0 0 0 0 0 0 498337 0 5186 125008 0 168611 109162 213762 579715 649985 157893 87575 83554 0 0 0 0 0 0 0
mphpred
 506230 334640 152736 85593.9 83797.4 106069 192253 86739 74515.9 39583.3 20973.2 61892.8 68510.6 54209.1 29177 35497.4 159246 119457 357963 229074 228730 284660 278732 199676 319028 252555 196002 225281 348541 205695 103272
desembarqueobs
 494567 514787 250237 358949 120608 361735 552515 73892 212993 205616 52469 317467 293654 387597 252695 516296 358380 742168 942051 627588 828172 859565 418607 520667 417249 300574 407403 355545 319650 289779 391294
desembarquepred
 494552 514273 250347 358963 120609 361696 552389 73895.4 213028 205643 52470.1 317467 293614 387406 252609 516127 358394 741886 941482 627147 828192 859357 418556 520649 417178 300540 407352 355473 319587 289737 391265
Reclutas
 147914 87669 86378.3 104958 83889 209092 67314 25227.7 28200.4 38327 67423 114398 95196.8 67747.5 54842.6 300653 51470.7 509058 275988 218409 291585 419615 67868.6 222904 182019 76261.7 181689 208980 57578.2 39737.9 161869
log_desv_Rt
 0.298738 -0.224327 -0.239158 -0.0443369 -0.2684 0.644882 -0.488527 -1.46995 -1.35856 -1.05174 -0.486909 0.0417883 -0.141948 -0.482107 -0.693427 1.00806 -0.756881 1.53467 0.922461 0.688473 0.977438 1.34144 -0.480322 0.708846 0.506216 -0.363724 0.5044 0.644344 -0.64475 -1.01559 0.388894
SSB
 1.29253e+06 854417 389972 218542 213955 270819 490867 221465 190257 101066 53549.5 158027 174924 138409 74495.8 90633.5 406594 305003 913965 584882 584002 726805 711669 509821 814554 644833 500440 575198 889910 525188 263679
BT
 1.95099e+06 1.35714e+06 641281 623537 474418 1.26267e+06 861073 503578 460708 321427 301667 571219 608327 636940 474820 1.02524e+06 740340 2.4782e+06 2.23094e+06 1.364e+06 2.184e+06 2.00934e+06 1.24614e+06 2.24454e+06 1.53014e+06 1.2568e+06 1.88149e+06 2.00642e+06 1.26986e+06 865870 1.34179e+06
Ftot
 0.320247 0.601937 0.597735 0.95514 0.336976 0.479205 1.11854 0.217255 0.90686 1.45136 0.282891 0.995732 0.920485 1.6442 1.31517 0.946886 0.667403 0.560961 0.773266 0.766879 0.618559 0.757755 0.477851 0.422011 0.418286 0.347543 0.423024 0.329646 0.31541 0.53707 0.561582
BD_Bspro_t
 0.950375 0.687809 0.43973 0.337349 0.311649 0.416283 0.482632 0.266093 0.302748 0.222045 0.1702 0.457129 0.347865 0.258502 0.153209 0.183306 0.380875 0.307606 0.495704 0.360329 0.31806 0.364271 0.384669 0.343368 0.487034 0.489479 0.485349 0.552517 0.638271 0.513766 0.385753
BD_Bspro
 1.64812 1.08948 0.49726 0.278666 0.272817 0.345326 0.625913 0.282394 0.2426 0.12887 0.0682819 0.201503 0.223049 0.176487 0.0949908 0.115568 0.518455 0.388915 1.16541 0.745793 0.744671 0.926762 0.907461 0.650082 1.03865 0.822238 0.638119 0.733445 1.13474 0.669677 0.336222
BD_Bo
 1.03066 0.681309 0.310962 0.174264 0.170607 0.21595 0.391416 0.176596 0.15171 0.0805894 0.0427002 0.12601 0.139484 0.110367 0.0594027 0.0722708 0.324216 0.243209 0.728792 0.466383 0.465681 0.579552 0.567482 0.40653 0.649523 0.514188 0.399049 0.458661 0.709611 0.418783 0.210257
BD_Brms
 1.87392 1.23874 0.565386 0.316844 0.310194 0.392636 0.711665 0.321083 0.275837 0.146526 0.0776368 0.22911 0.253607 0.200667 0.108005 0.131402 0.589484 0.442198 1.32508 0.847969 0.846693 1.05373 1.03179 0.739145 1.18095 0.934887 0.725543 0.833929 1.2902 0.761424 0.382285
Sel_flota
 0.630279 0.970051 0.998378 0.999914 0.999995
 0.630279 0.970051 0.998378 0.999914 0.999995
 0.630279 0.970051 0.998378 0.999914 0.999995
 0.630279 0.970051 0.998378 0.999914 0.999995
 0.630279 0.970051 0.998378 0.999914 0.999995
 0.630279 0.970051 0.998378 0.999914 0.999995
 0.630279 0.970051 0.998378 0.999914 0.999995
 0.630279 0.970051 0.998378 0.999914 0.999995
 0.630279 0.970051 0.998378 0.999914 0.999995
 0.630279 0.970051 0.998378 0.999914 0.999995
 0.630279 0.970051 0.998378 0.999914 0.999995
 0.630279 0.970051 0.998378 0.999914 0.999995
 0.630279 0.970051 0.998378 0.999914 0.999995
 0.630279 0.970051 0.998378 0.999914 0.999995
 0.630279 0.970051 0.998378 0.999914 0.999995
 0.630279 0.970051 0.998378 0.999914 0.999995
 0.630279 0.970051 0.998378 0.999914 0.999995
 0.630279 0.970051 0.998378 0.999914 0.999995
 0.630279 0.970051 0.998378 0.999914 0.999995
 0.630279 0.970051 0.998378 0.999914 0.999995
 0.630279 0.970051 0.998378 0.999914 0.999995
 0.630279 0.970051 0.998378 0.999914 0.999995
 0.630279 0.970051 0.998378 0.999914 0.999995
 0.630279 0.970051 0.998378 0.999914 0.999995
 0.630279 0.970051 0.998378 0.999914 0.999995
 0.630279 0.970051 0.998378 0.999914 0.999995
 0.630279 0.970051 0.998378 0.999914 0.999995
 0.630279 0.970051 0.998378 0.999914 0.999995
 0.630279 0.970051 0.998378 0.999914 0.999995
 0.630279 0.970051 0.998378 0.999914 0.999995
 0.630279 0.970051 0.998378 0.999914 0.999995
Sel_reclas
 1 1 1 1 1
 1 1 1 1 1
 1 1 1 1 1
 1 1 1 1 1
 1 1 1 1 1
 1 1 1 1 1
 1 1 1 1 1
 1 1 1 1 1
 1 1 1 1 1
 1 1 1 1 1
 1 1 1 1 1
 1 1 1 1 1
 1 1 1 1 1
 1 1 1 1 1
 1 1 1 1 1
 1 1 1 1 1
 1 1 1 1 1
 1 1 1 1 1
 1 1 1 1 1
 1 1 1 1 1
 1 1 1 1 1
 1 1 1 1 1
 1 1 1 1 1
 1 1 1 1 1
 1 1 1 1 1
 1 1 1 1 1
 1 1 1 1 1
 1 1 1 1 1
 1 1 1 1 1
 1 1 1 1 1
 1 1 1 1 1
Sel_pelaces
 0.651433 0.903896 0.979311 0.99582 0.999167
 0.651433 0.903896 0.979311 0.99582 0.999167
 0.651433 0.903896 0.979311 0.99582 0.999167
 0.651433 0.903896 0.979311 0.99582 0.999167
 0.651433 0.903896 0.979311 0.99582 0.999167
 0.651433 0.903896 0.979311 0.99582 0.999167
 0.651433 0.903896 0.979311 0.99582 0.999167
 0.651433 0.903896 0.979311 0.99582 0.999167
 0.651433 0.903896 0.979311 0.99582 0.999167
 0.651433 0.903896 0.979311 0.99582 0.999167
 0.651433 0.903896 0.979311 0.99582 0.999167
 0.651433 0.903896 0.979311 0.99582 0.999167
 0.651433 0.903896 0.979311 0.99582 0.999167
 0.651433 0.903896 0.979311 0.99582 0.999167
 0.651433 0.903896 0.979311 0.99582 0.999167
 0.651433 0.903896 0.979311 0.99582 0.999167
 0.651433 0.903896 0.979311 0.99582 0.999167
 0.651433 0.903896 0.979311 0.99582 0.999167
 0.651433 0.903896 0.979311 0.99582 0.999167
 0.651433 0.903896 0.979311 0.99582 0.999167
 0.651433 0.903896 0.979311 0.99582 0.999167
 0.651433 0.903896 0.979311 0.99582 0.999167
 0.651433 0.903896 0.979311 0.99582 0.999167
 0.651433 0.903896 0.979311 0.99582 0.999167
 0.651433 0.903896 0.979311 0.99582 0.999167
 0.651433 0.903896 0.979311 0.99582 0.999167
 0.651433 0.903896 0.979311 0.99582 0.999167
 0.651433 0.903896 0.979311 0.99582 0.999167
 0.651433 0.903896 0.979311 0.99582 0.999167
 0.651433 0.903896 0.979311 0.99582 0.999167
 0.651433 0.903896 0.979311 0.99582 0.999167
pf_obs 
 0.8446 0.082 0.0669 0.0065 0
 0.8095 0.147 0.0364 0.0071 0
 0.9664 0.0169 0.016 0.0007 0
 0.9276 0.0648 0.0075 0.0001 0
 0.7033 0.2144 0.0806 0.0017 0
 0.9318 0.0425 0.0243 0.0014 0
 0.5671 0.3108 0.0964 0.0239 0.0018
 0.0768 0.2599 0.5324 0.112 0.0189
 0.490249 0.384438 0.106611 0.0170017 0.00170017
 0.7925 0.1577 0.0466 0.003 0.0002
 0.840416 0.127587 0.0312969 0.00059994 9.999e-05
 0.8084 0.0986 0.0794 0.0134 0.0002
 0.7335 0.1905 0.0724 0.0035 0.0001
 0.4001 0.4547 0.1325 0.0127 0
 0.49795 0.308269 0.164784 0.0264974 0.00249975
 0.9179 0.0499 0.0305 0.0017 0
 0.2467 0.6533 0.0926 0.0074 0
 0.9418 0.0223 0.034 0.0019 0
 0.707729 0.231977 0.0356964 0.0245975 0
 0.517169 0.277429 0.184464 0.0207286 0.00020938
 0.811772 0.124168 0.05621 0.00726502 0.000585176
 0.764997 0.148141 0.077277 0.00933861 0.000247198
 0.163321 0.427699 0.378323 0.0303852 0.000271297
 0.753843 0.0900009 0.118128 0.0371064 0.000921714
 0.721811 0.176058 0.0630433 0.0369309 0.00215725
 0.143369 0.312575 0.442814 0.0836902 0.0175525
 0.692698 0.0596174 0.167031 0.0765114 0.00414204
 0.394062 0.376323 0.152708 0.0712218 0.00568511
 0.125707 0.32114 0.495352 0.0537591 0.00404204
 0.23352 0.215282 0.420074 0.123614 0.00750983
 0.774587 0.0839891 0.0768558 0.0609784 0.00358967
pf_pred 
 0.5231 0.163775 0.288472 0.0246523 9.48143e-07
 0.471002 0.340147 0.0662766 0.112939 0.00963486
 0.625027 0.227472 0.0961774 0.018036 0.0332875
 0.723264 0.205722 0.0437396 0.0177973 0.00947701
 0.691247 0.256286 0.0394583 0.00801948 0.00498829
 0.819677 0.141346 0.0325371 0.00484526 0.00159437
 0.437312 0.497633 0.0513924 0.0114094 0.00225368
 0.452948 0.328175 0.194647 0.0191522 0.0050784
 0.590414 0.233192 0.107152 0.0615881 0.00765373
 0.785346 0.156786 0.033591 0.0147615 0.00951593
 0.877118 0.108827 0.0104213 0.00211203 0.00152178
 0.78805 0.194941 0.0151204 0.00140146 0.000487807
 0.729553 0.236633 0.0312134 0.00231169 0.000288115
 0.691557 0.257228 0.0450608 0.00568252 0.000472154
 0.796333 0.169744 0.02857 0.00471176 0.00064146
 0.956785 0.0384108 0.00403877 0.000644721 0.000120456
 0.368686 0.616339 0.0133764 0.00134445 0.000254095
 0.935067 0.032673 0.0315238 0.000657648 7.84243e-05
 0.591009 0.393181 0.00810404 0.0075305 0.000175479
 0.643508 0.256737 0.0960538 0.00189899 0.00180166
 0.75984 0.183488 0.0412841 0.0148181 0.000569589
 0.777437 0.188226 0.0264747 0.0057307 0.00213154
 0.297011 0.605514 0.08296 0.0111973 0.0033178
 0.774128 0.0933548 0.114708 0.0151622 0.00264768
 0.62881 0.316068 0.0232529 0.0275933 0.00427616
 0.426221 0.422273 0.129685 0.00921517 0.0126063
 0.752046 0.135709 0.0833371 0.0247509 0.00415701
 0.698283 0.251825 0.0277419 0.0164532 0.00569653
 0.330263 0.52833 0.118678 0.0126482 0.0100804
 0.414271 0.259704 0.258978 0.056287 0.0107603
 0.856256 0.0788571 0.029371 0.0282238 0.00729229
pobs_RECLAS
 0 0 0 0 0
 0 0 0 0 0
 0 0 0 0 0
 0 0 0 0 0
 0 0 0 0 0
 0 0 0 0 0
 0 0 0 0 0
 0 0 0 0 0
 0 0 0 0 0
 0 0 0 0 0
 0.991045 0.00858322 0.000360255 1.14367e-05 0
 0.934742 0.0480273 0.0164251 0.00080598 0
 0.827803 0.169806 0.00239088 0 0
 0.941827 0.0461693 0.0120037 0 0
 0.791401 0.0380133 0.147996 0.0225897 0
 0.846168 0.0940531 0.0597789 0 0
 0.134021 0.677848 0.182769 0.00536245 0
 0.80878 0.0450904 0.141981 0.00414843 0
 0.846168 0.0940531 0.0597789 0 0
 0.905697 0.0802665 0.012482 0.00150086 5.37128e-05
 0.989698 0.0102097 9.19794e-05 0 0
 0.975433 0.0193895 0.00387452 0.00125025 5.28907e-05
 0.303575 0.632131 0.0575291 0.00676475 0
 0.966965 0.00978017 0.0227588 0.000495775 0
 0.843318 0.132988 0.00938335 0.0141283 0.000182051
 0.564624 0.303363 0.111486 0.0197234 0.00080311
 0.826376 0.0876187 0.0782897 0.00655872 0.00115652
 0.89761 0.0855135 0.0140674 0.00269457 0.000114338
 0.34875 0.467042 0.161289 0.0227151 0.000203297
 0.318654 0.224769 0.449479 0.00709798 0
 0.937255 0.0296025 0.0250945 0.00804832 0
ppred_RECLAS
 0.635125 0.127773 0.218461 0.0186397 7.16833e-07
 0.5868 0.268713 0.0507619 0.086358 0.00736658
 0.726823 0.167767 0.068773 0.0128755 0.0237612
 0.809351 0.142938 0.0294069 0.0119444 0.00635974
 0.777994 0.185217 0.0276788 0.00561646 0.00349327
 0.877621 0.096557 0.0215615 0.00320562 0.00105474
 0.559639 0.390975 0.0390292 0.00864896 0.00170824
 0.564932 0.264074 0.152091 0.0149414 0.00396154
 0.701261 0.172516 0.0767277 0.0440241 0.00547051
 0.860651 0.102794 0.0212365 0.00931415 0.0060037
 0.917554 0.0732635 0.00681095 0.00137816 0.000992922
 0.857556 0.131358 0.00985636 0.000911936 0.000317387
 0.813166 0.164138 0.0209544 0.00154918 0.000193063
 0.793146 0.173587 0.0292764 0.00368447 0.000306105
 0.866697 0.111751 0.0181558 0.00298858 0.000406826
 0.972803 0.0242619 0.00246861 0.000393378 7.34899e-05
 0.480502 0.507548 0.010676 0.00107125 0.000202443
 0.958349 0.0212788 0.0199085 0.000414647 4.94423e-05
 0.697315 0.291347 0.00581688 0.00539599 0.000125728
 0.743497 0.186363 0.0675418 0.00133303 0.0012646
 0.834185 0.12762 0.0278365 0.00997478 0.000383384
 0.84812 0.129078 0.0175878 0.00380057 0.0014135
 0.399377 0.519514 0.0690473 0.00930431 0.00275668
 0.845036 0.065192 0.0777243 0.0102571 0.00179099
 0.726753 0.233731 0.016685 0.0197676 0.00306314
 0.538425 0.342376 0.102055 0.00724028 0.0099038
 0.827788 0.0955566 0.056937 0.0168829 0.0028353
 0.783604 0.181514 0.0194095 0.011493 0.00397887
 0.435696 0.447952 0.0976752 0.0103933 0.00828261
 0.530715 0.21167 0.204707 0.0444186 0.00849074
 0.904837 0.0529508 0.0191245 0.0183473 0.00474004
pobs_PELACES
 0 0 0 0 0
 0 0 0 0 0
 0 0 0 0 0
 0 0 0 0 0
 0 0 0 0 0
 0 0 0 0 0
 0 0 0 0 0
 0 0 0 0 0
 0 0 0 0 0
 0 0 0 0 0
 0 0 0 0 0
 0 0 0 0 0
 0 0 0 0 0
 0 0 0 0 0
 0 0 0 0 0
 0 0 0 0 0
 0.505614 0.472636 0.0217494 0 0
 0 0 0 0 0
 0.443492 0.261883 0.143347 0.151278 0
 0.227955 0.32914 0.350689 0.0885471 0.00366901
 0.970185 0.0296113 0.000203453 0 0
 0.997202 0.00247181 0.000326279 0 0
 0.445219 0.490057 0.0546422 0.010081 0
 0.90214 0.0892962 0.00764917 0.000914606 0
 0 0 0 0 0
 0.581667 0.319106 0.0959925 0.00289975 0.000334073
 0.762889 0.0836404 0.116647 0.0363945 0.000428098
 0.88444 0.0763242 0.0277011 0.0115352 0
 0.521256 0.241999 0.230069 0.00667565 0
 0.616807 0.101726 0.260614 0.0208532 0
 0.833518 0.0704572 0.0857862 0.0102388 0
ppred_PELACES
 0.552546 0.1488 0.274814 0.0238393 9.19869e-07
 0.515002 0.305875 0.0622517 0.107657 0.00921419
 0.665074 0.199201 0.0879785 0.0167437 0.0310032
 0.769463 0.169408 0.037425 0.0154499 0.0082537
 0.721175 0.229396 0.0370242 0.00763812 0.00476661
 0.842798 0.121931 0.0293674 0.00443868 0.00146535
 0.507272 0.433773 0.0464264 0.0104557 0.00207197
 0.481459 0.30476 0.189782 0.0189564 0.00504293
 0.644204 0.198638 0.0949085 0.0553483 0.00690061
 0.83699 0.117879 0.0260292 0.0116001 0.007502
 0.891317 0.0956668 0.00961025 0.00197708 0.0014292
 0.828266 0.157444 0.0126808 0.00119243 0.000416394
 0.775085 0.195796 0.0268495 0.00201753 0.000252269
 0.766701 0.19363 0.0348419 0.00445509 0.000371356
 0.842939 0.130133 0.0226263 0.00378472 0.000516915
 0.966021 0.0300626 0.00328482 0.000532012 9.97206e-05
 0.417621 0.567955 0.0128629 0.001312 0.000248768
 0.94447 0.0273241 0.0275524 0.00058336 6.97923e-05
 0.643492 0.342073 0.00734618 0.0069268 0.000161936
 0.6904 0.220337 0.085899 0.00172324 0.00164024
 0.792272 0.156913 0.0368676 0.0134294 0.000517892
 0.812358 0.157577 0.0230981 0.0050735 0.00189323
 0.333377 0.570334 0.0817598 0.0112004 0.00332955
 0.797339 0.0814069 0.10474 0.0140523 0.00246189
 0.664778 0.283065 0.0218072 0.0262661 0.00408377
 0.461146 0.391329 0.125969 0.00908591 0.01247
 0.777863 0.118821 0.0764033 0.023032 0.00388093
 0.727515 0.225347 0.0260267 0.0156685 0.00544259
 0.361728 0.498104 0.117326 0.0126927 0.010149
 0.45308 0.236085 0.246129 0.0542923 0.0104129
 0.875374 0.0667418 0.0259799 0.0253371 0.00656776
pobs_pel_tallas
 0 0 0 0 0 0 0 0 0 0 0 0 0 0 0 0 0 0 0 0 0 0 0 0 0 0
 0 0 0 0 0 0 0 0 0 0 0 0 0 0 0 0 0 0 0 0 0 0 0 0 0 0
 0 0 0 0 0 0 0 0 0 0 0 0 0 0 0 0 0 0 0 0 0 0 0 0 0 0
 0 0 0 0 0 0 0 0 0 0 0 0 0 0 0 0 0 0 0 0 0 0 0 0 0 0
 0 0 0 0 0 0 0 0 0 0 0 0 0 0 0 0 0 0 0 0 0 0 0 0 0 0
 0 0 0 0 0 0 0 0 0 0 0 0 0 0 0 0 0 0 0 0 0 0 0 0 0 0
 0 0 0 0 0 0 0 0 0 0 0 0 0 0 0 0 0 0 0 0 0 0 0 0 0 0
 0 0 0 0 0 0 0 0 0 0 0 0 0 0 0 0 0 0 0 0 0 0 0 0 0 0
 0 0 0 0 0 0 0 0 0 0 0 0 0 0 0 0 0 0 0 0 0 0 0 0 0 0
 0 0 0 0 0 0 0 0 0 0 0 0 0 0 0 0 0 0 0 0 0 0 0 0 0 0
 0 0 0 0 0 0 0 0 0 0 0 0 0 0 0 0 0 0 0 0 0 0 0 0 0 0
 0 0 0 0 0 0 0 0 0 0 0 0 0 0 0 0 0 0 0 0 0 0 0 0 0 0
 0.00862536 0 0 0.000197151 0.00414017 0.0128641 0.00837892 0.0270097 0.101434 0.158115 0.152841 0.127902 0.109271 0.109419 0.0830992 0.0579132 0.0238553 0.00714673 0.00463305 0.00128148 0.00103504 0.000492878 0.000147863 0.000147863 4.92878e-05 0
 0 0 0 0 0 0 0 0 0 0 0 0 0 0 0 0 0 0 0 0 0 0 0 0 0 0
 0 0 0 0 0 0 0 0.0054083 0.00873648 0.0413646 0.0450493 0.0745869 0.0622846 0.0627006 0.0613931 0.0827291 0.12552 0.122667 0.0946155 0.0697135 0.0546179 0.0294188 0.0215738 0.0213955 0.0102223 0.00600262
 0 0 0 0 0.00359764 0.0251062 0.0480494 0.140153 0.205849 0.193036 0.1447 0.116669 0.0760912 0.0342217 0.00950174 0.001854 0.000860785 0 0 0 0.000165536 0 0.000143464 0 0 0
 0 0 0 0 0 0 0 0.000145254 0.000435761 0.0275982 0.070085 0.0708112 0.156366 0.174668 0.174014 0.160142 0.0824315 0.0480064 0.0283245 0.00493863 0.00203355 0 0 0 0 0
 0 0 0 0 0 0 0 0 0 0 0 0 0 0 0 0 0 0 0 0 0 0 0 0 0 0
 0 0 1.00437e-05 0.000401748 0.00122533 0.00171747 0.00176769 0.0269171 0.070346 0.194647 0.189555 0.159765 0.064822 0.0314167 0.0384472 0.0292271 0.0345202 0.0313363 0.0194345 0.0106764 0.0143323 0.0359363 0.0279516 0.0138201 0.00172751 0
 0 0.0021121 0.0136068 0.0755702 0.200478 0.177729 0.0527432 0.0373336 0.0318909 0.0142505 0.0149659 0.0166563 0.0217959 0.0798694 0.0677717 0.0528807 0.04013 0.0224614 0.0357745 0.0225083 0.00881397 0.00855152 0.00135912 0.000746735 0 0
 0 0 0 0 5.4009e-05 0.00500934 0.000945158 0.0243581 0.138947 0.33067 0.221406 0.137944 0.0707744 0.0437923 0.0131692 0.00525238 0.0047753 0.00276346 9.45158e-05 9.00151e-06 2.25038e-05 9.00151e-06 4.50075e-06 0 0 0
 0.000866109 0.00284123 0.00948549 0.0512746 0.133035 0.25785 0.225252 0.132002 0.0553304 0.0519788 0.0540692 0.017754 0.00435017 0.00159236 0.00146478 0.000404838 0.000125132 0.000115318 0.000107957 0.000100596 0 0 0 0 0 0
 0 0 0 0 0.00144013 0.00171154 0.00461396 0.0210425 0.0478622 0.0707936 0.0888783 0.103762 0.0637923 0.0337046 0.0602308 0.124433 0.169614 0.0934646 0.0462172 0.0250306 0.0313229 0.00938855 0.002487 0.000210481 0 0
 0 0.00764035 0.051015 0.0998891 0.058973 0.0496711 0.0374665 0.0718981 0.12319 0.153886 0.159021 0.0857701 0.0377988 0.023471 0.0147837 0.00900784 0.00315554 0.000888139 0.00291439 0.00214683 0.00393193 0.00274676 0.000635225 9.99891e-05 0 0
 0 0 0 0 0 0 0 0 0 0 0 0 0 0 0 0 0 0 0 0 0 0 0 0 0 0
 0 0 0 0 0 0 0 0 0 0 0 0 0 0 0 0 0 0 0 0 0 0 0 0 0 0
 0 0 0 0 0 0 0 0 0 0 0 0 0 0 0 0 0 0 0 0 0 0 0 0 0 0
 0 0 0 0 0 0 0 0 0 0 0 0 0 0 0 0 0 0 0 0 0 0 0 0 0 0
 0 0 0 0 0 0 0 0 0 0 0 0 0 0 0 0 0 0 0 0 0 0 0 0 0 0
 0 0 0 0 0 0 0 0 0 0 0 0 0 0 0 0 0 0 0 0 0 0 0 0 0 0
 0 0 0 0 0 0 0 0 0 0 0 0 0 0 0 0 0 0 0 0 0 0 0 0 0 0
ppred_pel_tallas
 1.1036e-16 4.55125e-05 0.000442398 0.00293989 0.0133643 0.0415814 0.0885942 0.129309 0.129324 0.0886664 0.041825 0.014073 0.00473793 0.00443073 0.00780493 0.0133123 0.020291 0.0278414 0.0349916 0.0411599 0.0462543 0.0502566 0.0527274 0.0527968 0.0497194 0.0435112
 1.14231e-16 4.24201e-05 0.000412338 0.00274013 0.0124563 0.0387562 0.0825753 0.120527 0.120557 0.0827197 0.0392413 0.0138583 0.00626312 0.00811589 0.0147124 0.0243648 0.0353671 0.0450905 0.0509268 0.0517887 0.0487876 0.0444357 0.0409972 0.0392706 0.038545 0.0374485
 1.09516e-16 5.47813e-05 0.000532494 0.00353861 0.016086 0.0500497 0.106637 0.155644 0.155663 0.106731 0.0503668 0.0170033 0.00584624 0.00558693 0.00970396 0.0160878 0.0234824 0.0301956 0.0345394 0.0357532 0.0344238 0.0319913 0.0297521 0.0281665 0.0268872 0.0252775
 1.0407e-16 6.33797e-05 0.000616073 0.00409402 0.0186108 0.0579053 0.123374 0.180071 0.180088 0.123454 0.0581738 0.0193865 0.00604233 0.00487366 0.00816248 0.0134291 0.0194235 0.024608 0.0274632 0.0273006 0.0246643 0.0209336 0.0174558 0.0148897 0.0131467 0.0117701
 1.027e-16 5.94023e-05 0.000577411 0.0038371 0.0174429 0.0542715 0.115632 0.168773 0.168795 0.11574 0.0546344 0.0184912 0.00646886 0.00632381 0.0109765 0.018062 0.0260358 0.0327881 0.0362073 0.0353177 0.0308504 0.024729 0.0189023 0.0144352 0.011385 0.00926393
 1.01572e-16 6.94201e-05 0.000674789 0.00448421 0.0203846 0.063424 0.135132 0.197232 0.197243 0.13519 0.0636172 0.0209429 0.0058865 0.00373899 0.00589765 0.00966285 0.0139657 0.0176713 0.0196682 0.0194367 0.0173405 0.0143516 0.0114408 0.0091188 0.00739455 0.00603262
 1.0285e-16 4.17835e-05 0.00040615 0.00269901 0.0122693 0.0381747 0.0813368 0.118722 0.118764 0.0815409 0.0388601 0.0142487 0.00766636 0.0112458 0.0206163 0.0339852 0.0488781 0.0613068 0.0672291 0.064774 0.0553556 0.0427172 0.0307098 0.0215283 0.015418 0.0115057
 1.0831e-16 3.96572e-05 0.000385482 0.00256166 0.011645 0.036232 0.0771972 0.112678 0.112707 0.0773419 0.0367187 0.0130537 0.00610888 0.00816558 0.0149222 0.0248847 0.0364895 0.0472293 0.0545219 0.057097 0.0556067 0.0518975 0.0476081 0.0432868 0.0385815 0.0330399
 1.09509e-16 5.30623e-05 0.000515784 0.00342757 0.0155812 0.0484791 0.103291 0.15076 0.150779 0.103385 0.0487958 0.0164975 0.00573353 0.00557018 0.00971307 0.016135 0.0236217 0.0305258 0.0352064 0.0369325 0.0362762 0.0345956 0.0330387 0.031883 0.0306273 0.0285767
 1.03215e-16 6.89417e-05 0.000670138 0.00445331 0.0202441 0.0629869 0.134201 0.195872 0.195884 0.134256 0.0631737 0.0207839 0.00580917 0.00363321 0.00570603 0.00935005 0.013525 0.0171442 0.0191532 0.0190789 0.0173054 0.014796 0.012486 0.0108239 0.00973 0.00886491
 1.00743e-16 7.34166e-05 0.000713635 0.00474236 0.0215581 0.0670752 0.142911 0.208585 0.208594 0.142956 0.0672264 0.0219946 0.00583768 0.00310371 0.00460959 0.00749647 0.0107732 0.0135085 0.0148068 0.014257 0.0121743 0.00938903 0.00675557 0.00476049 0.00345574 0.00264145
 1.00597e-16 6.82232e-05 0.000663154 0.00440689 0.0200331 0.0623305 0.132802 0.193832 0.193847 0.132876 0.0625791 0.020751 0.00620811 0.00459252 0.00752275 0.0123074 0.0176723 0.0221161 0.0241569 0.0231089 0.01949 0.0146791 0.0101082 0.00661364 0.0043173 0.002917
 1.0107e-16 6.38427e-05 0.000620574 0.00412393 0.0187468 0.0583284 0.124276 0.181388 0.181407 0.124368 0.058638 0.0196409 0.0063679 0.00551851 0.00936388 0.0153736 0.0221255 0.0277897 0.0305414 0.0295292 0.0253712 0.0197262 0.0143003 0.0100669 0.00714597 0.00517974
 1.01565e-16 6.31522e-05 0.000613862 0.00407933 0.0185441 0.0576975 0.122931 0.179426 0.179445 0.123023 0.0580039 0.0194292 0.00630166 0.00546681 0.0092843 0.0152604 0.0220028 0.0277204 0.0306255 0.0298821 0.0260865 0.0208376 0.0157618 0.0117592 0.00890748 0.00684817
 1.01154e-16 6.94318e-05 0.000674902 0.00448496 0.020388 0.0634346 0.135155 0.197265 0.197277 0.135216 0.0636406 0.0209828 0.00597833 0.00393589 0.00626536 0.010255 0.0147817 0.0186201 0.0205678 0.0200652 0.0175167 0.0140015 0.0106158 0.00796411 0.00609279 0.00475147
 1.00173e-16 7.95699e-05 0.000773447 0.00513983 0.0233649 0.072697 0.154889 0.226065 0.226068 0.154903 0.0727445 0.0235021 0.00548409 0.0015247 0.00150549 0.00236069 0.00338757 0.00424825 0.00465762 0.00448528 0.00382864 0.0029467 0.00210639 0.00146065 0.00102803 0.000749935
 1.00691e-16 3.4399e-05 0.000334371 0.00222201 0.010101 0.0314282 0.0669632 0.0977461 0.0978008 0.06723 0.032324 0.0126869 0.00870758 0.0144743 0.0268354 0.0441697 0.0632954 0.0789012 0.0855982 0.0809014 0.0667486 0.0482767 0.0308759 0.0177761 0.00953405 0.00503446
 1.00873e-16 7.77948e-05 0.000756193 0.00502517 0.0228437 0.0710752 0.151433 0.221022 0.221025 0.151446 0.0711192 0.0229711 0.00534683 0.00146411 0.00143897 0.00229912 0.00340473 0.0044888 0.00532809 0.00580602 0.00595348 0.00588227 0.0056726 0.00531939 0.00477422 0.0040268
 1.01022e-16 5.30036e-05 0.000515214 0.00342378 0.015564 0.0484257 0.103177 0.150597 0.15063 0.103338 0.0489652 0.0171216 0.0073304 0.00903288 0.0161988 0.0266153 0.0381467 0.0475755 0.0516651 0.0489317 0.0405533 0.0296263 0.0193842 0.0117408 0.00698604 0.00440219
 1.02986e-16 5.68674e-05 0.000552772 0.00367336 0.0166986 0.0519556 0.110698 0.161571 0.161592 0.110802 0.0523058 0.017711 0.00621844 0.00612154 0.0106703 0.0176467 0.0256377 0.0326972 0.0368558 0.0371613 0.0341809 0.0295036 0.0246832 0.0204884 0.016903 0.0136152
 1.02539e-16 6.52584e-05 0.000634335 0.00421538 0.0191625 0.0596218 0.127031 0.185409 0.185424 0.127105 0.0598705 0.0198811 0.0060203 0.00457868 0.00756863 0.0124417 0.0179931 0.0227886 0.0254101 0.0252021 0.0226439 0.0189891 0.0154735 0.0127214 0.0106973 0.00905187
 1.01537e-16 6.69129e-05 0.000650417 0.00432225 0.0196483 0.0611333 0.130252 0.190109 0.190124 0.130326 0.0613825 0.0203681 0.00612914 0.00459508 0.00755912 0.0123923 0.0178485 0.0224515 0.0247434 0.0240499 0.0208752 0.0165498 0.0124282 0.00926089 0.00710352 0.00563043
 1.04192e-16 2.74599e-05 0.00026692 0.00177378 0.00806338 0.0250885 0.0534557 0.0780316 0.0780866 0.0537243 0.0259903 0.0106682 0.00831212 0.0145397 0.0271324 0.0448069 0.0645297 0.0811135 0.0892718 0.0865424 0.0747331 0.0586623 0.0432631 0.0313126 0.0230941 0.0175096
 1.0487e-16 6.56758e-05 0.000638392 0.00424234 0.0192851 0.060003 0.127843 0.186592 0.1866 0.127882 0.0601348 0.0196677 0.00521001 0.00277452 0.00419196 0.00700729 0.0105099 0.0140967 0.0171724 0.0194233 0.0209137 0.021868 0.0223439 0.022119 0.0208822 0.018532
 1.04027e-16 5.47569e-05 0.000532257 0.00353703 0.0160789 0.0500274 0.10659 0.155577 0.155604 0.106723 0.0504746 0.0173702 0.00677748 0.00760318 0.0134753 0.02217 0.0318866 0.0400136 0.04394 0.0424915 0.0366495 0.0289057 0.0217794 0.016637 0.0134966 0.0116059
 1.06757e-16 3.79841e-05 0.000369219 0.00245359 0.0111537 0.0347035 0.0739409 0.107927 0.107965 0.0741258 0.0353246 0.012949 0.00696538 0.0102358 0.018827 0.0311962 0.0452409 0.0575254 0.0645437 0.0646374 0.0589103 0.0503359 0.0418339 0.0348622 0.0293548 0.0245818
 1.05202e-16 6.40715e-05 0.000622798 0.00413871 0.018814 0.0585374 0.124721 0.182036 0.182047 0.124777 0.0587274 0.019364 0.00552413 0.00366337 0.00588634 0.0097551 0.0143405 0.0186532 0.0217193 0.023081 0.0230173 0.0222407 0.0213339 0.0204047 0.019179 0.0173525
 1.03302e-16 5.99245e-05 0.000582487 0.00387083 0.0175963 0.0547486 0.116649 0.170256 0.170278 0.116755 0.0551049 0.0186251 0.00645326 0.00621936 0.0107638 0.0176967 0.0254812 0.0320366 0.0352897 0.0343002 0.0298259 0.0238105 0.0182157 0.0141008 0.0114829 0.00979738
 1.06504e-16 2.97952e-05 0.00028962 0.00192463 0.00874911 0.027222 0.0580011 0.0846643 0.0847124 0.058236 0.0280111 0.0110294 0.00765195 0.0128038 0.0238296 0.039434 0.0570026 0.0720949 0.0801785 0.079129 0.07044 0.0581024 0.0461136 0.0365922 0.029596 0.024162
 1.14371e-16 3.73197e-05 0.000362761 0.00241067 0.0109586 0.0340963 0.0726467 0.106035 0.106058 0.0727597 0.0344769 0.0120623 0.0051979 0.00650323 0.0118635 0.0199841 0.0297917 0.0395769 0.0475689 0.0528897 0.0558925 0.0575239 0.0582975 0.0578205 0.0552185 0.0499669
 1.0442e-16 7.21034e-05 0.00070087 0.00465753 0.0211725 0.0658754 0.140355 0.204853 0.20486 0.140386 0.0659817 0.0214799 0.00543108 0.00239573 0.00330962 0.00540767 0.00790489 0.0102071 0.0117707 0.0123733 0.0122428 0.0118735 0.0116726 0.0117177 0.0117777 0.0115214
pSPR Fmed_Fpbrs
0.407297   0.6 0.325
Fs Fmed_Fpbrs
0.598403   0.313496 0.783925
SSBpbr Bo_Bmed_Bpbrs
1.25408e+06  448080  689745 344872
Ro
109716
SPR SPRFo_SPRFmed_SPRFpbrs
784242 319419 254879
Fref
0.313496
Nvult_r0
 120072 8197.37 2997.1 2877.21 743.355
CTP_r0
 31389.4 2890.81 1076.71 1034.65 267.327
YTP_r0
391265
Np
 129734 41797.5 2223.4 796.675 924.254
Nvult_p0
 90564.2 30453 1625.27 582.461 675.742
CTP_p0
 14942.2 7101.39 387.429 139.009 161.281
YTP_p0
 245482
CBA_c0
347530
log_Ro
11.4256
likeval ReclasPelacesDesembMPH_pf_preclas_ppelaces_ptallas_desvR_qrecl_qpela
 11.7259 16.4088 0.0151499 0.00083263 244.247 116.564 101.223 0 25.5887 2.34382e-05 7.47242e-05 0.0359351 6.48799e-16 0 0
q_reclas_q_pelaces
1.98582 3.42063
M
1
N
 147914 31420.8 53966.4 4605.68 0.177125
 87669 44468.8 8472.41 14420.3 1230.12
 86378.3 22069.1 9123.72 1708.91 3153.79
 104958 21801.9 4546.45 1848.02 984.007
 83889 21148.2 3175.49 644.524 400.88
 209092 24955.8 5610.67 834.464 274.568
 67314 56868.6 5767.58 1279.21 252.666
 25227.7 12235.9 7068.87 694.561 184.157
 28200.4 8093.09 3645.98 2093.42 260.141
 38327 5857.73 1235.3 542.394 349.636
 67423 5648.54 527.225 106.705 76.8781
 114398 20752.9 1579.29 146.232 50.8962
 95196.8 22468.1 2905.99 214.995 26.7943
 67747.5 19605 3384.4 426.469 35.4334
 54842.6 8841.74 1463.49 241.145 32.828
 300653 8807 908.197 144.828 27.0575
 51470.7 60895.3 1293.07 129.815 24.5329
 509058 12433.1 11725.2 244.314 29.1325
 275988 131499 2654.36 2463.76 57.4082
 218409 62363.7 22848.7 451.216 428.066
 291585 49551.9 10903.4 3908.91 150.244
 419615 72636.5 10004 2163.04 804.5
 67868.6 95750.1 12812.3 1727.13 511.722
 222904 18474.5 22158.1 2925.11 510.759
 182019 62850.4 4513.27 5348.82 828.854
 76261.7 51443 15409.7 1093.53 1495.84
 181689 22536.2 13508.8 4006.9 672.93
 208980 51196.5 5500.1 3257.63 1127.8
 57578.2 62456.5 13679.5 1455.94 1160.28
 39737.9 17363.1 16920.2 3672.97 702.113
 161869 10420.8 3793.78 3641.18 940.722
pred_Ctot
 17373.3 5439.31 9580.76 818.756 0.0314898
 18042.6 13030 2538.85 4326.35 369.082
 17671.1 6431.2 2719.18 509.922 941.12
 31494.1 8958.06 1904.61 774.975 412.671
 10324 3827.74 589.325 119.774 74.5021
 35311.4 6089.14 1401.68 208.732 68.6849
 22774.1 25915.5 2676.39 594.175 117.366
 2063.68 1495.2 886.832 87.2592 23.1377
 8125.94 3209.45 1474.74 847.643 105.339
 15611.9 3116.74 667.754 293.444 189.167
 7062.11 876.224 83.9067 17.005 12.2526
 35447.6 8768.72 680.136 63.0399 21.9423
 27753.8 9002.05 1187.43 87.9418 10.9605
 29978 11150.4 1953.32 246.329 20.4672
 20864.7 4447.46 748.562 123.453 16.8069
 89609.2 3597.42 378.258 60.3823 11.2815
 11558.9 19323.3 419.372 42.1509 7.9663
 98621.7 3446.03 3324.82 69.3622 8.27143
 69999 46568.3 959.842 891.911 20.7837
 55021.8 21951.8 8212.88 162.369 154.047
 61416.4 14831 3336.91 1197.72 46.0387
 104681 25344.6 3564.81 771.636 287.011
 11433.1 23308.4 3193.44 431.024 127.714
 33627.4 4055.25 4982.79 658.631 115.013
 27242.5 13693.3 1007.41 1195.45 185.26
 9653.85 9564.42 2937.34 208.722 285.53
 27468.5 4956.8 3043.9 904.028 151.835
 25206 9090.17 1001.4 593.913 205.629
 6668.88 10668.4 2396.42 255.401 203.55
 7414.22 4647.93 4634.93 1007.37 192.578
 31389.4 2890.81 1076.71 1034.65 267.327
F
 0.201845 0.310656 0.319728 0.32022 0.320246
 0.379388 0.58391 0.600961 0.601886 0.601935
 0.376739 0.579833 0.596765 0.597684 0.597732
 0.602004 0.926534 0.95359 0.955058 0.955135
 0.212389 0.326884 0.336429 0.336947 0.336974
 0.302033 0.464853 0.478428 0.479164 0.479203
 0.704993 1.08504 1.11673 1.11845 1.11854
 0.136931 0.210748 0.216902 0.217236 0.217254
 0.571575 0.879701 0.905389 0.906783 0.906856
 0.914759 1.40789 1.449 1.45123 1.45135
 0.1783 0.274419 0.282432 0.282867 0.28289
 0.627588 0.96591 0.994116 0.995646 0.995727
 0.580162 0.892917 0.918992 0.920406 0.920481
 1.0363 1.59496 1.64153 1.64406 1.64419
 0.828921 1.27578 1.31303 1.31505 1.31516
 0.596802 0.918528 0.94535 0.946805 0.946882
 0.42065 0.647415 0.66632 0.667346 0.6674
 0.353562 0.544161 0.560051 0.560913 0.560959
 0.487373 0.750108 0.772012 0.7732 0.773263
 0.483348 0.743912 0.765635 0.766814 0.766876
 0.389865 0.600034 0.617556 0.618506 0.618557
 0.477597 0.735061 0.756526 0.757691 0.757752
 0.301179 0.46354 0.477076 0.47781 0.477849
 0.265984 0.409372 0.421326 0.421975 0.422009
 0.263637 0.405759 0.417607 0.41825 0.418284
 0.219049 0.337134 0.346979 0.347513 0.347541
 0.266623 0.410355 0.422338 0.422988 0.423023
 0.207769 0.319774 0.329112 0.329618 0.329645
 0.198796 0.305964 0.314899 0.315383 0.315409
 0.338504 0.520986 0.536199 0.537024 0.537068
 0.353953 0.544763 0.560671 0.561534 0.561579
nmprior
 8.19 8.8 8.5 0
nm_flota  nm_reclas  nm_pelaces    nm_pelaL
inf 17.9456 13.4428 29.3114
cv_recla  cv_pelaces  cv_mph
0.309741 0.459315 0.890495
 ------------------------------------------------
Talla a la edad & desviaci?n 
 8 13.2811 15.8009 17.003 17.5766
 0.8 1.32811 1.58009 1.7003 1.75766
