    unsorted:	 2.445356503e-05 8.170704595e-06 0.001099980558 11.90279633 16.14337125 17.25566355 4.778719412 64.14481620 100.5357977 81.54673965 125.2337749 183.1509512 223.1614131 422.7109177 344.5829486 319.8859759 401.7249351 446.7626889 561.0521688 602.1188547 628.8018349 712.9027284 876.9470063 875.6511964 793.1253591 822.2172682 847.5976107 925.0367800 963.6665711 1007.129505 1040.779979 1101.264077 1124.137598 1163.653569 1235.889553 1333.537964 1375.130002 1434.354656 1499.401975 1740.127928 1841.774057 1933.874997 3872.996800 20498.14056 32318.11004 156445.2464 264018.2940 271675.8572 257619.4651 279939.8508 245445.6796 286752.2009 305764.3090 314279.4972 404784.9713 486619.7299 650601.9781 729892.7142 778645.4105 791446.6310 983560.0270 1382700.213 1580783.222 1799691.850 1748362.251 1993715.136 2237702.860 2417981.948 2650697.002 2838112.114 3089924.066 3166250.644 3281815.763 3817369.347 4019458.251 5857279.715 16152535.63
      sorted:	 8.170704595e-06 2.445356503e-05 0.001099980558 4.778719412 11.90279633 16.14337125 17.25566355 64.14481620 81.54673965 100.5357977 125.2337749 183.1509512 223.1614131 319.8859759 344.5829486 401.7249351 422.7109177 446.7626889 561.0521688 602.1188547 628.8018349 712.9027284 793.1253591 822.2172682 847.5976107 875.6511964 876.9470063 925.0367800 963.6665711 1007.129505 1040.779979 1101.264077 1124.137598 1163.653569 1235.889553 1333.537964 1375.130002 1434.354656 1499.401975 1740.127928 1841.774057 1933.874997 3872.996800 20498.14056 32318.11004 156445.2464 245445.6796 257619.4651 264018.2940 271675.8572 279939.8508 286752.2009 305764.3090 314279.4972 404784.9713 486619.7299 650601.9781 729892.7142 778645.4105 791446.6310 983560.0270 1382700.213 1580783.222 1748362.251 1799691.850 1993715.136 2237702.860 2417981.948 2650697.002 2838112.114 3089924.066 3166250.644 3281815.763 3817369.347 4019458.251 5857279.715 16152535.63
