    unsorted:	 3.142015319e-05 0.001099979673 1.632728182 10.54766345 5.011481235 16.42626488 15.90886297 60.46415244 45.04155581 61.87497560 96.76930624 115.1408520 160.5352825 221.0061775 320.5719425 392.0889771 427.8872089 451.3706989 483.4290484 605.5963138 673.0400564 749.8086518 782.8481361 808.7457391 834.4251274 1001.455177 1006.928109 986.6557999 974.5405417 913.3535736 1068.268579 1123.168016 1164.318272 1221.823675 1268.854696 1434.056742 1467.950902 1575.985444 1755.609541 1905.612913 2098.656769 2194.790813 2746.872637 20769.66221 32209.10544 157265.4941 286512.0023 283791.3061 294815.8264 255551.3831 254358.3194 316782.5085 322401.0234 342706.8898 450640.4703 479147.8585 558164.0083 681207.9357 795651.5020 777443.4343 892629.7134 1080950.922 1324454.484 1505789.925 1666535.068 1705416.563 2070921.512 1991844.675 2149876.297 2363362.607 2545591.449 2734858.582 2952074.797 3090117.643 3601568.117 3836580.134 5391354.112
      sorted:	 3.142015319e-05 0.001099979673 1.632728182 5.011481235 10.54766345 15.90886297 16.42626488 45.04155581 60.46415244 61.87497560 96.76930624 115.1408520 160.5352825 221.0061775 320.5719425 392.0889771 427.8872089 451.3706989 483.4290484 605.5963138 673.0400564 749.8086518 782.8481361 808.7457391 834.4251274 913.3535736 974.5405417 986.6557999 1001.455177 1006.928109 1068.268579 1123.168016 1164.318272 1221.823675 1268.854696 1434.056742 1467.950902 1575.985444 1755.609541 1905.612913 2098.656769 2194.790813 2746.872637 20769.66221 32209.10544 157265.4941 254358.3194 255551.3831 283791.3061 286512.0023 294815.8264 316782.5085 322401.0234 342706.8898 450640.4703 479147.8585 558164.0083 681207.9357 777443.4343 795651.5020 892629.7134 1080950.922 1324454.484 1505789.925 1666535.068 1705416.563 1991844.675 2070921.512 2149876.297 2363362.607 2545591.449 2734858.582 2952074.797 3090117.643 3601568.117 3836580.134 5391354.112
