years
 1991 1992 1993 1994 1995 1996 1997 1998 1999 2000 2001 2002 2003 2004 2005 2006 2007 2008 2009 2010 2011 2012 2013 2014 2015 2016 2017 2018 2019 2020 2021
reclasobs
 0 0 0 0 0 0 0 0 0 252601 567819 844713 477998 351125 339783 2.1784e+06 2.13404e+06 4.81314e+06 1.55562e+06 2.62356e+06 3.21686e+06 3.843e+06 1.13348e+06 3.07943e+06 1.97215e+06 2.03268e+06 2.025e+06 2.42433e+06 2.27542e+06 1.05018e+06 2.36338e+06
reclaspred
 2.88261e+06 1.55771e+06 773368 582554 475247 1.1944e+06 583950 442813 330784 245531 419457 607938 595680 425697 403839 1.50533e+06 1.31427e+06 3.34941e+06 2.73882e+06 1.92851e+06 3.47687e+06 2.83591e+06 2.06997e+06 3.27827e+06 2.36751e+06 2.00452e+06 2.56048e+06 2.94411e+06 2.32592e+06 1.29703e+06 1.86735e+06
pelacesobs
 0 0 0 0 0 0 0 0 0 0 0 0 0 0 0 552880 188675 0 991730 2.46772e+06 1.41603e+06 1.21717e+06 2.29649e+06 1.80582e+06 0 1.4828e+06 1.56532e+06 1.57751e+06 1.42118e+06 867257 1.10002e+06
pelacespred
 1.01737e+06 595566 286693 170112 155099 415464 159051 175414 111160 77220.8 151610 183990 200836 144572 142163 467698 411511 1.23955e+06 1.02312e+06 663961 1.19366e+06 1.02144e+06 753569 1.32678e+06 912996 773876 1.135e+06 1.28169e+06 834847 530427 743147
mphobs
 0 0 0 0 0 0 0 0 0 0 0 498337 0 5186 125008 0 168611 109162 213762 579715 649985 157893 87575 83554 0 0 0 0 0 0 0
mphpred
 1.9813e+06 1.28295e+06 608213 321653 231922 237891 489865 213172 176544 110232 79061.7 223002 251211 200734 115377 146034 779279 649706 1.50845e+06 1.10211e+06 1.11173e+06 1.42789e+06 1.35523e+06 1.02138e+06 1.47653e+06 1.16567e+06 915803 1.06919e+06 1.63362e+06 1.03662e+06 557532
desembarqueobs
 494567 514787 250237 358949 120608 361735 552515 73892 212993 205616 52469 317467 293654 387597 252695 516296 358380 742168 942051 627588 828172 859565 418607 520667 417249 300574 407403 355545 319650 289779 391294
desembarquepred
 494553 514408 250123 358972 120607 361671 552287 73892.6 212984 205602 52469.7 317456 293623 387439 252618 516144 358369 741949 941527 627248 828122 859379 418563 520647 417200 300535 407354 355492 319605 289742 391258
Reclutas
 151182 94165.7 88574.3 84479.8 67565.8 220567 63352.1 22797 31425.1 48308.3 85160.3 126568 102316 71000 63250.3 434910 64155.5 661645 365923 264440 417985 546147 87529 319807 249502 107079 278406 326233 74014.9 49297.1 226239
log_desv_Rt
 0.146241 -0.327189 -0.388404 -0.435732 -0.659142 0.523955 -0.723536 -1.74562 -1.42464 -0.994642 -0.427709 -0.0314661 -0.244178 -0.609565 -0.725145 1.20289 -0.710935 1.62248 1.03018 0.705368 1.1632 1.43064 -0.400274 0.895473 0.64722 -0.198683 0.756836 0.915367 -0.567978 -0.97438 0.549348
SSB
 1.9813e+06 1.28295e+06 608213 321653 231922 237891 489865 213172 176544 110232 79061.7 223002 251211 200734 115377 146034 779279 649706 1.50845e+06 1.10211e+06 1.11173e+06 1.42789e+06 1.35523e+06 1.02138e+06 1.47653e+06 1.16567e+06 915803 1.06919e+06 1.63362e+06 1.03662e+06 557532
BT
 2.77004e+06 1.87977e+06 903362 690950 456561 1.2716e+06 850305 471412 464783 372512 393895 686646 727917 734033 581020 1.49235e+06 1.22928e+06 3.51934e+06 3.26036e+06 2.10209e+06 3.42603e+06 3.1588e+06 2.10316e+06 3.54806e+06 2.49784e+06 2.0544e+06 3.03754e+06 3.31463e+06 2.19157e+06 1.51366e+06 2.09166e+06
Ftot
 0.218154 0.409357 0.409031 0.809244 0.351169 0.480081 1.12631 0.229423 0.890515 1.15644 0.206615 0.750974 0.697235 1.25056 0.953198 0.578927 0.353168 0.355301 0.474446 0.448469 0.346381 0.432511 0.260095 0.241422 0.240031 0.20064 0.241197 0.18652 0.172112 0.281021 0.325277
BD_Bspro_t
 0.965884 0.768907 0.557279 0.440316 0.346038 0.410448 0.492828 0.261451 0.289412 0.238888 0.229742 0.53634 0.430088 0.334883 0.218948 0.266523 0.539581 0.481988 0.621133 0.515125 0.473142 0.532595 0.550038 0.521246 0.640685 0.641521 0.640626 0.699945 0.766417 0.678159 0.571741
BD_Bspro
 2.12217 1.37417 0.651458 0.344523 0.248412 0.254806 0.524695 0.228329 0.189097 0.11807 0.0846832 0.238858 0.269073 0.215006 0.123581 0.156418 0.834687 0.695902 1.61571 1.18047 1.19078 1.52941 1.45159 1.094 1.58152 1.24855 0.980918 1.14521 1.74977 1.11032 0.597174
BD_Bo
 1.22972 0.796282 0.377495 0.199638 0.143945 0.14765 0.304041 0.132308 0.109574 0.0684169 0.0490707 0.138409 0.155918 0.124588 0.0716102 0.0906381 0.483669 0.403249 0.93624 0.684037 0.690011 0.886236 0.841144 0.633934 0.916429 0.723486 0.568405 0.663607 1.01393 0.643391 0.34604
BD_Brms
 6.19563 4.01187 1.90192 1.00583 0.725234 0.7439 1.53184 0.6666 0.552064 0.344702 0.247231 0.697341 0.785553 0.627706 0.360791 0.456658 2.43685 2.03167 4.71702 3.44635 3.47645 4.46509 4.2379 3.19392 4.6172 3.64511 2.86377 3.34342 5.10843 3.24157 1.74344
Sel_flota
 0.648734 0.972292 0.998502 0.999921 0.999996
 0.648734 0.972292 0.998502 0.999921 0.999996
 0.648734 0.972292 0.998502 0.999921 0.999996
 0.648734 0.972292 0.998502 0.999921 0.999996
 0.648734 0.972292 0.998502 0.999921 0.999996
 0.648734 0.972292 0.998502 0.999921 0.999996
 0.648734 0.972292 0.998502 0.999921 0.999996
 0.648734 0.972292 0.998502 0.999921 0.999996
 0.648734 0.972292 0.998502 0.999921 0.999996
 0.648734 0.972292 0.998502 0.999921 0.999996
 0.648734 0.972292 0.998502 0.999921 0.999996
 0.648734 0.972292 0.998502 0.999921 0.999996
 0.648734 0.972292 0.998502 0.999921 0.999996
 0.648734 0.972292 0.998502 0.999921 0.999996
 0.648734 0.972292 0.998502 0.999921 0.999996
 0.648734 0.972292 0.998502 0.999921 0.999996
 0.648734 0.972292 0.998502 0.999921 0.999996
 0.648734 0.972292 0.998502 0.999921 0.999996
 0.648734 0.972292 0.998502 0.999921 0.999996
 0.648734 0.972292 0.998502 0.999921 0.999996
 0.648734 0.972292 0.998502 0.999921 0.999996
 0.648734 0.972292 0.998502 0.999921 0.999996
 0.648734 0.972292 0.998502 0.999921 0.999996
 0.648734 0.972292 0.998502 0.999921 0.999996
 0.648734 0.972292 0.998502 0.999921 0.999996
 0.648734 0.972292 0.998502 0.999921 0.999996
 0.648734 0.972292 0.998502 0.999921 0.999996
 0.648734 0.972292 0.998502 0.999921 0.999996
 0.648734 0.972292 0.998502 0.999921 0.999996
 0.648734 0.972292 0.998502 0.999921 0.999996
 0.648734 0.972292 0.998502 0.999921 0.999996
Sel_reclas
 1 1 1 1 1
 1 1 1 1 1
 1 1 1 1 1
 1 1 1 1 1
 1 1 1 1 1
 1 1 1 1 1
 1 1 1 1 1
 1 1 1 1 1
 1 1 1 1 1
 1 1 1 1 1
 1 1 1 1 1
 1 1 1 1 1
 1 1 1 1 1
 1 1 1 1 1
 1 1 1 1 1
 1 1 1 1 1
 1 1 1 1 1
 1 1 1 1 1
 1 1 1 1 1
 1 1 1 1 1
 1 1 1 1 1
 1 1 1 1 1
 1 1 1 1 1
 1 1 1 1 1
 1 1 1 1 1
 1 1 1 1 1
 1 1 1 1 1
 1 1 1 1 1
 1 1 1 1 1
 1 1 1 1 1
 1 1 1 1 1
Sel_pelaces
 1 1 1 1 1
 1 1 1 1 1
 1 1 1 1 1
 1 1 1 1 1
 1 1 1 1 1
 1 1 1 1 1
 1 1 1 1 1
 1 1 1 1 1
 1 1 1 1 1
 1 1 1 1 1
 1 1 1 1 1
 1 1 1 1 1
 1 1 1 1 1
 1 1 1 1 1
 1 1 1 1 1
 1 1 1 1 1
 1 1 1 1 1
 1 1 1 1 1
 1 1 1 1 1
 1 1 1 1 1
 1 1 1 1 1
 1 1 1 1 1
 1 1 1 1 1
 1 1 1 1 1
 1 1 1 1 1
 1 1 1 1 1
 1 1 1 1 1
 1 1 1 1 1
 1 1 1 1 1
 1 1 1 1 1
 1 1 1 1 1
pf_obs 
 0.8446 0.082 0.0669 0.0065 0
 0.8095 0.147 0.0364 0.0071 0
 0.9664 0.0169 0.016 0.0007 0
 0.9276 0.0648 0.0075 0.0001 0
 0.7033 0.2144 0.0806 0.0017 0
 0.9318 0.0425 0.0243 0.0014 0
 0.5671 0.3108 0.0964 0.0239 0.0018
 0.0768 0.2599 0.5324 0.112 0.0189
 0.490249 0.384438 0.106611 0.0170017 0.00170017
 0.7925 0.1577 0.0466 0.003 0.0002
 0.840416 0.127587 0.0312969 0.00059994 9.999e-05
 0.8084 0.0986 0.0794 0.0134 0.0002
 0.7335 0.1905 0.0724 0.0035 0.0001
 0.4001 0.4547 0.1325 0.0127 0
 0.49795 0.308269 0.164784 0.0264974 0.00249975
 0.9179 0.0499 0.0305 0.0017 0
 0.2467 0.6533 0.0926 0.0074 0
 0.9418 0.0223 0.034 0.0019 0
 0.707729 0.231977 0.0356964 0.0245975 0
 0.517169 0.277429 0.184464 0.0207286 0.00020938
 0.811772 0.124168 0.05621 0.00726502 0.000585176
 0.764997 0.148141 0.077277 0.00933861 0.000247198
 0.163321 0.427699 0.378323 0.0303852 0.000271297
 0.753843 0.0900009 0.118128 0.0371064 0.000921714
 0.721811 0.176058 0.0630433 0.0369309 0.00215725
 0.143369 0.312575 0.442814 0.0836902 0.0175525
 0.692698 0.0596174 0.167031 0.0765114 0.00414204
 0.394062 0.376323 0.152708 0.0712218 0.00568511
 0.125707 0.32114 0.495352 0.0537591 0.00404204
 0.23352 0.215282 0.420074 0.123614 0.00750983
 0.774587 0.0839891 0.0768558 0.0609784 0.00358967
pf_pred 
 0.435807 0.173201 0.359921 0.0310702 9.15388e-07
 0.428236 0.312395 0.0812296 0.164003 0.0141362
 0.56176 0.239716 0.110097 0.0277265 0.0607006
 0.626243 0.252145 0.0675131 0.0300261 0.0240731
 0.656683 0.256029 0.0596463 0.0153598 0.0122816
 0.855841 0.108372 0.0269012 0.0060755 0.00281073
 0.422784 0.52329 0.0408772 0.0098127 0.00323551
 0.446187 0.319523 0.213288 0.0159294 0.0050723
 0.641906 0.199262 0.0927747 0.0601449 0.00591287
 0.812112 0.143508 0.0251517 0.0112417 0.00798672
 0.861038 0.123786 0.0117177 0.00196235 0.00149647
 0.753224 0.223289 0.0209877 0.00193031 0.00056889
 0.685634 0.264012 0.0457251 0.00413718 0.000491633
 0.641813 0.28241 0.0640171 0.0106808 0.00107906
 0.759349 0.186888 0.0428139 0.0092532 0.00169543
 0.954848 0.0384079 0.00528604 0.00116141 0.000296332
 0.28376 0.696321 0.0170315 0.0022637 0.000623087
 0.904237 0.0367347 0.0574362 0.00136195 0.000230457
 0.557035 0.4155 0.0107386 0.0162759 0.000450487
 0.558298 0.295892 0.137055 0.00342681 0.0053281
 0.729151 0.181881 0.0602388 0.0270068 0.00172205
 0.717399 0.228934 0.0364093 0.0116913 0.00556651
 0.242164 0.608376 0.121825 0.0187591 0.00887608
 0.728168 0.0899481 0.146861 0.0285557 0.00646729
 0.579537 0.339413 0.0273499 0.0433733 0.0103273
 0.388321 0.415858 0.158983 0.0124438 0.0243946
 0.732275 0.132116 0.0930398 0.0345712 0.00799794
 0.673425 0.264409 0.0311372 0.021299 0.00972978
 0.264905 0.557622 0.144475 0.0165405 0.0164577
 0.33172 0.236817 0.329516 0.083015 0.0189316
 0.820544 0.0787864 0.0363724 0.0491236 0.0151735
pobs_RECLAS
 0 0 0 0 0
 0 0 0 0 0
 0 0 0 0 0
 0 0 0 0 0
 0 0 0 0 0
 0 0 0 0 0
 0 0 0 0 0
 0 0 0 0 0
 0 0 0 0 0
 0 0 0 0 0
 0.991045 0.00858322 0.000360255 1.14367e-05 0
 0.934742 0.0480273 0.0164251 0.00080598 0
 0.827803 0.169806 0.00239088 0 0
 0.941827 0.0461693 0.0120037 0 0
 0.791401 0.0380133 0.147996 0.0225897 0
 0.846168 0.0940531 0.0597789 0 0
 0.134021 0.677848 0.182769 0.00536245 0
 0.80878 0.0450904 0.141981 0.00414843 0
 0.846168 0.0940531 0.0597789 0 0
 0.905697 0.0802665 0.012482 0.00150086 5.37128e-05
 0.989698 0.0102097 9.19794e-05 0 0
 0.975433 0.0193895 0.00387452 0.00125025 5.28907e-05
 0.303575 0.632131 0.0575291 0.00676475 0
 0.966965 0.00978017 0.0227588 0.000495775 0
 0.843318 0.132988 0.00938335 0.0141283 0.000182051
 0.564624 0.303363 0.111486 0.0197234 0.00080311
 0.826376 0.0876187 0.0782897 0.00655872 0.00115652
 0.89761 0.0855135 0.0140674 0.00269457 0.000114338
 0.34875 0.467042 0.161289 0.0227151 0.000203297
 0.318654 0.224769 0.449479 0.00709798 0
 0.937255 0.0296025 0.0250945 0.00804832 0
ppred_RECLAS
 0.542902 0.142991 0.28918 0.0249272 7.34348e-07
 0.53565 0.257022 0.0649979 0.131036 0.0112937
 0.663743 0.186303 0.0832184 0.0209263 0.0458096
 0.724144 0.187926 0.0488497 0.0216913 0.0173893
 0.744994 0.19152 0.043403 0.0111604 0.00892315
 0.901164 0.0748216 0.0180585 0.00407232 0.00188385
 0.537684 0.420357 0.03182 0.00762565 0.00251416
 0.551612 0.261683 0.169991 0.0126773 0.00403647
 0.739084 0.147162 0.0664889 0.0430348 0.00423041
 0.873569 0.0972998 0.0165221 0.00737213 0.0052371
 0.903601 0.0861257 0.00793451 0.00132686 0.00101177
 0.825567 0.158269 0.0144464 0.0013266 0.000390937
 0.771592 0.19271 0.0324203 0.00292882 0.000348012
 0.742374 0.204508 0.0448871 0.00747619 0.000755233
 0.832557 0.130921 0.0290942 0.0062778 0.00115016
 0.970187 0.0254679 0.00340661 0.000747337 0.000190666
 0.37553 0.607567 0.014456 0.00191855 0.000528042
 0.935765 0.025062 0.038118 0.000902533 0.000152708
 0.657621 0.32172 0.0080847 0.0122352 0.000338621
 0.660173 0.229745 0.103481 0.00258351 0.00401659
 0.804668 0.132373 0.0426489 0.0190925 0.00121732
 0.795247 0.166756 0.0257908 0.00826929 0.0039369
 0.326831 0.54332 0.105868 0.0162783 0.00770165
 0.804697 0.0658204 0.104579 0.0203049 0.00459829
 0.676653 0.262424 0.020578 0.0325866 0.00775836
 0.491275 0.348881 0.12981 0.0101456 0.0198879
 0.807268 0.0964432 0.0660929 0.0245227 0.00567282
 0.757542 0.197334 0.0226177 0.015449 0.00705687
 0.353362 0.493732 0.12451 0.0142342 0.0141619
 0.433177 0.204472 0.27683 0.0696401 0.0158802
 0.875592 0.0554922 0.0249232 0.0336112 0.0103812
pobs_PELACES
 0 0 0 0 0
 0 0 0 0 0
 0 0 0 0 0
 0 0 0 0 0
 0 0 0 0 0
 0 0 0 0 0
 0 0 0 0 0
 0 0 0 0 0
 0 0 0 0 0
 0 0 0 0 0
 0 0 0 0 0
 0 0 0 0 0
 0 0 0 0 0
 0 0 0 0 0
 0 0 0 0 0
 0 0 0 0 0
 0.505614 0.472636 0.0217494 0 0
 0 0 0 0 0
 0.443492 0.261883 0.143347 0.151278 0
 0.227955 0.32914 0.350689 0.0885471 0.00366901
 0.970185 0.0296113 0.000203453 0 0
 0.997202 0.00247181 0.000326279 0 0
 0.445219 0.490057 0.0546422 0.010081 0
 0.90214 0.0892962 0.00764917 0.000914606 0
 0 0 0 0 0
 0.581667 0.319106 0.0959925 0.00289975 0.000334073
 0.762889 0.0836404 0.116647 0.0363945 0.000428098
 0.88444 0.0763242 0.0277011 0.0115352 0
 0.521256 0.241999 0.230069 0.00667565 0
 0.616807 0.101726 0.260614 0.0208532 0
 0.833518 0.0704572 0.0857862 0.0102388 0
ppred_PELACES
 0.548999 0.141267 0.285156 0.0245779 7.24052e-07
 0.546909 0.251201 0.0633014 0.127592 0.0109967
 0.673775 0.181037 0.0805806 0.0202591 0.0443486
 0.741503 0.176502 0.0455601 0.0202229 0.0162118
 0.752195 0.186255 0.0420818 0.0108189 0.00865002
 0.905724 0.0714426 0.0171715 0.00387143 0.00179089
 0.567626 0.393482 0.0294969 0.00706519 0.00232931
 0.557868 0.258246 0.167426 0.0124847 0.00397511
 0.757629 0.137171 0.0614996 0.0397889 0.00391124
 0.886826 0.0873026 0.0146769 0.00654529 0.00464959
 0.905522 0.0844255 0.00776399 0.00129822 0.00098993
 0.836897 0.148079 0.0134288 0.00123272 0.000363263
 0.784607 0.181902 0.030418 0.00274704 0.000326406
 0.767475 0.184995 0.0401676 0.00668621 0.00067541
 0.846505 0.120233 0.0264997 0.00571541 0.0010471
 0.971944 0.0239847 0.00319218 0.000700107 0.000178614
 0.384433 0.598955 0.0142076 0.00188527 0.000518878
 0.938117 0.0241897 0.0366783 0.000868302 0.000146914
 0.668991 0.311116 0.0077862 0.0117808 0.000326042
 0.67111 0.222632 0.099889 0.00249329 0.0038763
 0.810567 0.128502 0.0412777 0.0184757 0.00117798
 0.802776 0.160737 0.0247672 0.00793948 0.00377983
 0.333068 0.538523 0.104698 0.0160963 0.00761551
 0.808933 0.0644831 0.10224 0.0198486 0.00449493
 0.682323 0.257927 0.0201834 0.0319582 0.00760869
 0.496768 0.345305 0.128256 0.0100233 0.0196479
 0.811406 0.0944729 0.0646077 0.023969 0.00554469
 0.761237 0.194387 0.022244 0.0151924 0.00693961
 0.357654 0.490629 0.123543 0.0141226 0.0140508
 0.440947 0.201987 0.272802 0.0686176 0.0156469
 0.879497 0.053837 0.0241119 0.0325121 0.0100416
pobs_pel_tallas
 0 0 0 0 0 0 0 0 0 0 0 0 0 0 0 0 0 0 0 0 0 0 0 0 0 0
 0 0 0 0 0 0 0 0 0 0 0 0 0 0 0 0 0 0 0 0 0 0 0 0 0 0
 0 0 0 0 0 0 0 0 0 0 0 0 0 0 0 0 0 0 0 0 0 0 0 0 0 0
 0 0 0 0 0 0 0 0 0 0 0 0 0 0 0 0 0 0 0 0 0 0 0 0 0 0
 0 0 0 0 0 0 0 0 0 0 0 0 0 0 0 0 0 0 0 0 0 0 0 0 0 0
 0 0 0 0 0 0 0 0 0 0 0 0 0 0 0 0 0 0 0 0 0 0 0 0 0 0
 0 0 0 0 0 0 0 0 0 0 0 0 0 0 0 0 0 0 0 0 0 0 0 0 0 0
 0 0 0 0 0 0 0 0 0 0 0 0 0 0 0 0 0 0 0 0 0 0 0 0 0 0
 0 0 0 0 0 0 0 0 0 0 0 0 0 0 0 0 0 0 0 0 0 0 0 0 0 0
 0 0 0 0 0 0 0 0 0 0 0 0 0 0 0 0 0 0 0 0 0 0 0 0 0 0
 0 0 0 0 0 0 0 0 0 0 0 0 0 0 0 0 0 0 0 0 0 0 0 0 0 0
 0 0 0 0 0 0 0 0 0 0 0 0 0 0 0 0 0 0 0 0 0 0 0 0 0 0
 0.00862536 0 0 0.000197151 0.00414017 0.0128641 0.00837892 0.0270097 0.101434 0.158115 0.152841 0.127902 0.109271 0.109419 0.0830992 0.0579132 0.0238553 0.00714673 0.00463305 0.00128148 0.00103504 0.000492878 0.000147863 0.000147863 4.92878e-05 0
 0 0 0 0 0 0 0 0 0 0 0 0 0 0 0 0 0 0 0 0 0 0 0 0 0 0
 0 0 0 0 0 0 0 0.0054083 0.00873648 0.0413646 0.0450493 0.0745869 0.0622846 0.0627006 0.0613931 0.0827291 0.12552 0.122667 0.0946155 0.0697135 0.0546179 0.0294188 0.0215738 0.0213955 0.0102223 0.00600262
 0 0 0 0 0.00359764 0.0251062 0.0480494 0.140153 0.205849 0.193036 0.1447 0.116669 0.0760912 0.0342217 0.00950174 0.001854 0.000860785 0 0 0 0.000165536 0 0.000143464 0 0 0
 0 0 0 0 0 0 0 0.000145254 0.000435761 0.0275982 0.070085 0.0708112 0.156366 0.174668 0.174014 0.160142 0.0824315 0.0480064 0.0283245 0.00493863 0.00203355 0 0 0 0 0
 0 0 0 0 0 0 0 0 0 0 0 0 0 0 0 0 0 0 0 0 0 0 0 0 0 0
 0 0 1.00437e-05 0.000401748 0.00122533 0.00171747 0.00176769 0.0269171 0.070346 0.194647 0.189555 0.159765 0.064822 0.0314167 0.0384472 0.0292271 0.0345202 0.0313363 0.0194345 0.0106764 0.0143323 0.0359363 0.0279516 0.0138201 0.00172751 0
 0 0.0021121 0.0136068 0.0755702 0.200478 0.177729 0.0527432 0.0373336 0.0318909 0.0142505 0.0149659 0.0166563 0.0217959 0.0798694 0.0677717 0.0528807 0.04013 0.0224614 0.0357745 0.0225083 0.00881397 0.00855152 0.00135912 0.000746735 0 0
 0 0 0 0 5.4009e-05 0.00500934 0.000945158 0.0243581 0.138947 0.33067 0.221406 0.137944 0.0707744 0.0437923 0.0131692 0.00525238 0.0047753 0.00276346 9.45158e-05 9.00151e-06 2.25038e-05 9.00151e-06 4.50075e-06 0 0 0
 0.000866109 0.00284123 0.00948549 0.0512746 0.133035 0.25785 0.225252 0.132002 0.0553304 0.0519788 0.0540692 0.017754 0.00435017 0.00159236 0.00146478 0.000404838 0.000125132 0.000115318 0.000107957 0.000100596 0 0 0 0 0 0
 0 0 0 0 0.00144013 0.00171154 0.00461396 0.0210425 0.0478622 0.0707936 0.0888783 0.103762 0.0637923 0.0337046 0.0602308 0.124433 0.169614 0.0934646 0.0462172 0.0250306 0.0313229 0.00938855 0.002487 0.000210481 0 0
 0 0.00764035 0.051015 0.0998891 0.058973 0.0496711 0.0374665 0.0718981 0.12319 0.153886 0.159021 0.0857701 0.0377988 0.023471 0.0147837 0.00900784 0.00315554 0.000888139 0.00291439 0.00214683 0.00393193 0.00274676 0.000635225 9.99891e-05 0 0
 0 0 0 0 0 0 0 0 0 0 0 0 0 0 0 0 0 0 0 0 0 0 0 0 0 0
 0 0 0 0 0 0 0 0 0 0 0 0 0 0 0 0 0 0 0 0 0 0 0 0 0 0
 0 0 0 0 0 0 0 0 0 0 0 0 0 0 0 0 0 0 0 0 0 0 0 0 0 0
 0 0 0 0 0 0 0 0 0 0 0 0 0 0 0 0 0 0 0 0 0 0 0 0 0 0
 0 0 0 0 0 0 0 0 0 0 0 0 0 0 0 0 0 0 0 0 0 0 0 0 0 0
 0 0 0 0 0 0 0 0 0 0 0 0 0 0 0 0 0 0 0 0 0 0 0 0 0 0
 0 0 0 0 0 0 0 0 0 0 0 0 0 0 0 0 0 0 0 0 0 0 0 0 0 0
ppred_pel_tallas
 1.10731e-16 4.52203e-05 0.000439558 0.00292102 0.0132785 0.0413145 0.0880254 0.128479 0.128493 0.0880941 0.0415465 0.0139541 0.00463686 0.00425131 0.00747764 0.0127935 0.0195944 0.027071 0.0343398 0.0408544 0.0464736 0.0510582 0.054026 0.0543988 0.0513902 0.0450442
 1.16548e-16 4.50482e-05 0.000437885 0.0029099 0.013228 0.0411573 0.0876909 0.127993 0.128017 0.0878097 0.0415564 0.0143819 0.00581134 0.0067886 0.012158 0.020171 0.0294072 0.0377768 0.0432339 0.044977 0.043963 0.0422027 0.0413752 0.0418383 0.0426587 0.0424119
 1.11909e-16 5.5498e-05 0.00053946 0.0035849 0.0162965 0.0507044 0.108032 0.157679 0.157697 0.108118 0.0509928 0.0171306 0.00568369 0.00513783 0.00883841 0.0146565 0.0214253 0.0276274 0.0317658 0.0331965 0.0325002 0.0310124 0.0298936 0.029481 0.0293148 0.0286371
 1.06132e-16 6.10767e-05 0.000593687 0.00394526 0.0179346 0.0558013 0.118891 0.173529 0.173546 0.118974 0.0560812 0.0187437 0.00597829 0.00503872 0.00852371 0.0140503 0.0203679 0.025904 0.0291057 0.0292824 0.0270111 0.0237103 0.0207293 0.0186701 0.0173426 0.016185
 1.03811e-16 6.19573e-05 0.000602247 0.00400215 0.0181932 0.0566058 0.120605 0.176031 0.176049 0.120693 0.0569009 0.0190459 0.00614394 0.00528235 0.00896381 0.0147566 0.0213361 0.0270112 0.0301008 0.0298342 0.0267961 0.0224972 0.0184282 0.0153435 0.0131922 0.0115233
 1.01206e-16 7.46033e-05 0.00072517 0.00481901 0.0219065 0.0681594 0.145221 0.211956 0.211963 0.145255 0.0682726 0.0222337 0.00564081 0.00252105 0.00349089 0.0056677 0.00819161 0.0103732 0.011563 0.0114613 0.0102856 0.00860737 0.00699247 0.00573042 0.00481095 0.00407845
 1.02055e-16 4.67547e-05 0.000454473 0.00302013 0.0137291 0.0427165 0.0910135 0.132845 0.132883 0.0911986 0.0433379 0.0155232 0.00752139 0.0102738 0.0186751 0.0307462 0.0441607 0.0552683 0.0603794 0.0577919 0.0488152 0.036909 0.0256561 0.0171333 0.0116116 0.00829039
 1.06823e-16 4.59509e-05 0.000446659 0.00296821 0.0134931 0.041982 0.0894481 0.130557 0.130582 0.0895708 0.0423947 0.0146874 0.00597604 0.007045 0.0126716 0.021121 0.0309896 0.0401499 0.0464155 0.0487023 0.0475405 0.044461 0.0408177 0.0370574 0.0328932 0.0279825
 1.06463e-16 6.24049e-05 0.000606598 0.00403106 0.0183246 0.0570147 0.121476 0.177301 0.177314 0.121541 0.0572333 0.0189569 0.00562212 0.00409313 0.00672334 0.0111209 0.0162636 0.0209871 0.0241522 0.0252551 0.0247009 0.0234462 0.0223065 0.0214911 0.0206581 0.0193166
 1.0189e-16 7.30467e-05 0.00071004 0.00471846 0.0214495 0.0667373 0.142191 0.207534 0.207542 0.142232 0.0668754 0.0218486 0.00572075 0.00289909 0.00423368 0.00689229 0.00994315 0.0125519 0.0139241 0.0137027 0.0121774 0.0100828 0.0081474 0.00674415 0.00584759 0.00522121
 1.00544e-16 7.45867e-05 0.000725009 0.00481794 0.0219017 0.0681443 0.145189 0.211909 0.211917 0.145229 0.0682776 0.0222868 0.00578425 0.00283334 0.00407535 0.00661056 0.00949485 0.0118962 0.0130217 0.0125066 0.0106293 0.0081259 0.00575612 0.00395686 0.00278098 0.00205651
 1.00611e-16 6.89341e-05 0.000670064 0.00445281 0.0202418 0.06298 0.134186 0.195851 0.195866 0.134256 0.0632139 0.0209172 0.00614743 0.00436725 0.00708409 0.0115852 0.0166414 0.0208398 0.0227887 0.0218432 0.0184872 0.0140099 0.00974778 0.00647831 0.00431142 0.002965
 1.01256e-16 6.4627e-05 0.000628198 0.0041746 0.0189771 0.059045 0.125802 0.183616 0.183633 0.125888 0.0593327 0.0198084 0.00626136 0.00518442 0.00871995 0.014319 0.0206324 0.0259671 0.0286372 0.0278542 0.0241812 0.0191317 0.0142527 0.0104112 0.00769726 0.00578083
 1.01992e-16 6.3216e-05 0.000614482 0.00408345 0.0185628 0.0577558 0.123055 0.179607 0.179625 0.123143 0.0580488 0.0194093 0.00620937 0.00525878 0.00889347 0.0146282 0.0211255 0.0266875 0.0296213 0.0291346 0.0257857 0.0210683 0.0164846 0.0128402 0.0101706 0.00812477
 1.01546e-16 6.97255e-05 0.000677757 0.00450393 0.0204742 0.063703 0.135726 0.198099 0.198111 0.135783 0.0638934 0.0210245 0.00588592 0.00369709 0.00581114 0.0095153 0.0137438 0.0173736 0.0193068 0.0190326 0.0169168 0.0139294 0.0110406 0.00876217 0.00710191 0.00581696
 1.00199e-16 8.00578e-05 0.00077819 0.00517135 0.0235082 0.0731427 0.155838 0.227451 0.227453 0.15585 0.0731806 0.0236177 0.00544624 0.00137823 0.00121947 0.00188883 0.00271196 0.00340754 0.00374862 0.00363197 0.00313466 0.00246064 0.0018184 0.0013248 0.000990404 0.000766583
 1.00841e-16 3.16654e-05 0.000307799 0.00204544 0.00929829 0.0289307 0.0616421 0.0899805 0.0900382 0.0619236 0.0298754 0.0120254 0.00888528 0.0152204 0.0282977 0.0465856 0.0667619 0.0832313 0.0903131 0.0853888 0.0705016 0.051066 0.0327611 0.0189858 0.0103199 0.00558245
 1.01177e-16 7.72714e-05 0.000751106 0.00499136 0.02269 0.0705971 0.150415 0.219535 0.219537 0.150426 0.0706364 0.0228042 0.00528054 0.00139048 0.00131517 0.00211328 0.00317886 0.00429159 0.00527214 0.00601913 0.00653181 0.00684753 0.0069553 0.0067766 0.00623302 0.00533387
 1.01541e-16 5.5104e-05 0.00053563 0.00355945 0.0161808 0.0503446 0.107265 0.156563 0.156593 0.107412 0.0508354 0.0175977 0.00711344 0.00828517 0.0147471 0.0242255 0.0347362 0.0433569 0.0471556 0.0447948 0.0373527 0.0276407 0.0185783 0.0118689 0.00773092 0.00547138
 1.03846e-16 5.52785e-05 0.000537327 0.00357072 0.016232 0.0505039 0.107605 0.157057 0.157078 0.10771 0.0508581 0.0172564 0.00614717 0.00617804 0.0108156 0.0179162 0.0260887 0.0333956 0.0378712 0.0385611 0.0360146 0.0317751 0.0273245 0.0233517 0.0197861 0.0163104
 1.03277e-16 6.67653e-05 0.000648983 0.00431272 0.019605 0.0609985 0.129964 0.189689 0.189702 0.130025 0.0612026 0.0201949 0.00579552 0.00389271 0.00624724 0.0102752 0.0149206 0.019029 0.0214697 0.0217241 0.0201729 0.0177888 0.0154916 0.0136841 0.012247 0.0108518
 1.02192e-16 6.61236e-05 0.000642745 0.00427127 0.0194166 0.0604123 0.128715 0.187867 0.187882 0.128791 0.0606665 0.0201511 0.00611519 0.00466885 0.0077149 0.0126563 0.0182417 0.0229748 0.0253786 0.0247756 0.0216861 0.0174651 0.013479 0.0104653 0.00844498 0.00705114
 1.06063e-16 2.74345e-05 0.000266673 0.00177214 0.00805591 0.0250652 0.053406 0.0779585 0.0780104 0.0536598 0.0259177 0.0105188 0.00795635 0.0137738 0.0257 0.0424962 0.0613356 0.0773808 0.0856982 0.0839869 0.0739092 0.0598852 0.046377 0.0358019 0.0282844 0.0227562
 1.05719e-16 6.66307e-05 0.000647675 0.00430403 0.0195655 0.0608755 0.129702 0.189305 0.189311 0.129733 0.0609806 0.019871 0.00507834 0.0023623 0.00339435 0.0056927 0.00863054 0.0117675 0.0146799 0.0171449 0.0191888 0.0208975 0.0221673 0.0226535 0.0219764 0.0200033
 1.05142e-16 5.62021e-05 0.000546304 0.00363039 0.0165032 0.0513478 0.109403 0.159682 0.159707 0.109524 0.0517553 0.0176802 0.00658413 0.00699253 0.012294 0.020225 0.0291101 0.0365802 0.0402774 0.0391576 0.0341372 0.0274928 0.0214972 0.0173373 0.0149432 0.0135364
 1.0812e-16 4.09182e-05 0.000397739 0.00264312 0.0120153 0.0373841 0.079652 0.116261 0.116295 0.0798153 0.0379328 0.0136016 0.00663103 0.0091234 0.0166713 0.0276495 0.0401838 0.0512794 0.0578853 0.0585634 0.0542724 0.0475659 0.040902 0.0354294 0.0309739 0.0268304
 1.05231e-16 6.68344e-05 0.000649654 0.00431718 0.0196253 0.0610616 0.130099 0.189885 0.189894 0.130144 0.0612128 0.0200632 0.00542075 0.00307313 0.00471197 0.00779607 0.0114883 0.0150064 0.0175953 0.018909 0.0191754 0.0189467 0.0186461 0.0182979 0.0176155 0.0163004
 1.0339e-16 6.27021e-05 0.000609487 0.00405026 0.0184119 0.0572863 0.122055 0.178147 0.178166 0.122147 0.0575936 0.0192995 0.00627809 0.00547255 0.00929789 0.0152712 0.0219929 0.0276635 0.0305007 0.0297019 0.0259295 0.0208657 0.0161994 0.0128296 0.0107443 0.00942398
 1.07485e-16 2.94596e-05 0.000286358 0.00190295 0.00865056 0.0269154 0.0573478 0.0837107 0.0837581 0.0575793 0.027693 0.0108977 0.00754754 0.012622 0.0234965 0.0389005 0.0562736 0.0712627 0.0794249 0.078681 0.0704962 0.0587687 0.0473793 0.0383465 0.031668 0.0263614
 1.17454e-16 3.63203e-05 0.000353046 0.00234611 0.0106651 0.0331832 0.0707011 0.103194 0.103214 0.0707984 0.033511 0.0116171 0.00475537 0.0056776 0.0103402 0.0175396 0.0264415 0.0357287 0.04403 0.0506608 0.0558301 0.0600488 0.0632888 0.0647071 0.0631814 0.0581498
 1.0567e-16 7.2443e-05 0.000704172 0.00467947 0.0212722 0.0661857 0.141016 0.205818 0.205823 0.141041 0.0662717 0.021521 0.00530596 0.00207878 0.00270427 0.00441362 0.00649179 0.00847471 0.0099581 0.0107992 0.0112058 0.0115704 0.0121697 0.0129666 0.0136446 0.0138112
pSPR Fmed_Fpbrs
0.5201   0.248481 0.248481
Fs Fmed_Fpbrs
0.407932   1.005 1.005
SSBpbr Bo_Bmed_Bpbrs
1.61118e+06  757416  319789 319789
Ro
130614
SPR SPRFo_SPRFmed_SPRFpbrs
933618 485575 231987
Fref
1.005
Nvult_r0
 158844 11060.7 5004.43 6751.61 2085.35
CTP_r0
 27678.3 2657.59 1226.9 1657.02 511.828
YTP_r0
391258
Np
 187253 67395.2 4052.33 1812.28 3092.76
Nvult_p0
 151362 58063.5 3505.82 1568.22 2676.29
CTP_p0
 59737.3 28696.3 1755.97 786.035 1341.48
YTP_p0
 1.02166e+06
CBA_c0
580379
log_Ro
11.6
likeval ReclasPelacesDesembMPH_pf_preclas_ppelaces_ptallas_desvR_qrecl_qpela
 10.6982 27.8061 0.0109424 0.00213413 241.791 116.834 99.9531 0 31.7459 2.39555e-06 0 0.0194016 0 0 0
q_reclas_q_pelaces
1.24523 1
M
1
N
 151182 41249.1 83659.7 7212.57 0.212482
 94165.7 48277.3 12274.5 24752.6 2133.4
 88574.3 26562.3 11928.7 3000.49 6568.45
 84479.8 24990.3 6565.28 2916.93 2338.49
 67565.8 18384.9 4185.68 1076.55 860.752
 220567 19792.2 4807.09 1084.4 501.649
 63352.1 59427.4 4565.41 1094.97 361.025
 22797 11223.7 7312.98 545.465 173.678
 31425.1 7226.79 3303.45 2139.5 210.324
 48308.3 6487.65 1118.46 499.467 354.832
 85160.3 8392.86 775.306 129.671 98.8789
 126568 27398.7 2525.63 232.05 68.3847
 102316 28605.4 4856.57 438.955 52.1593
 71000 23944.7 5342.43 890.601 89.9713
 63250.3 11604.6 2611.27 563.828 103.303
 434910 12537.6 1689.8 370.859 94.6184
 64155.5 109900 2627 348.734 95.9833
 661645 18768.8 28679.6 679.229 114.926
 365923 193298 4887.8 7399.54 204.794
 264440 98952 44832.5 1119.64 1740.74
 417985 72724.3 23537.5 10539.6 671.998
 546147 122822 19103.9 6127.16 2917.1
 87529 151761 29672.2 4563.22 2158.99
 319807 27200.6 43354.7 8419.12 1906.63
 249502 100595 7912.99 12532.9 2983.91
 107079 78551.1 29303.8 2290.65 4490.24
 278406 34584.3 23775.8 8823.15 2041.07
 326233 87584.9 10063.2 6874.59 3140.22
 74014.9 106337 26876.6 3072.97 3057.37
 49297.1 24352 33091.2 8326.16 1898.66
 226239 15113 6816.71 9195.07 2840.03
pred_Ctot
 12758 5070.33 10536.5 909.559 0.0267974
 14185.8 10348.4 2690.82 5432.78 468.275
 13333.9 5689.9 2613.27 658.117 1440.79
 22753.5 9161.26 2452.98 1090.95 874.656
 8864.16 3455.98 805.128 207.332 165.782
 38267.7 4845.67 1202.85 271.657 125.678
 22008.2 27240 2127.87 510.803 168.425
 2017.16 1444.52 964.247 72.0146 22.9312
 9131.31 2834.56 1319.75 855.58 84.1124
 17109.5 3023.42 529.893 236.839 168.263
 6827.17 981.497 92.9093 15.5595 11.8655
 32091.2 9513.26 894.186 82.2411 24.2377
 24408.5 9398.78 1627.81 147.283 17.5021
 26603.5 11706 2653.54 442.726 44.7275
 19377.1 4769.01 1092.53 236.123 43.264
 88736.9 3569.36 491.248 107.934 27.539
 8460.28 20760.7 507.793 67.4919 18.5773
 87730.4 3564.06 5572.54 132.138 22.3593
 62831.9 46867.3 1211.28 1835.87 50.8137
 43206.6 22899 10606.6 265.2 412.341
 54156.4 13508.9 4474.13 2005.88 127.902
 86412.8 27575.7 4385.61 1408.25 670.503
 8709.74 21881.1 4381.61 674.696 319.24
 29683.8 3666.73 5986.77 1164.07 263.639
 23033.1 13489.6 1086.99 1723.83 410.449
 8349.23 8941.31 3418.27 267.552 524.504
 25818.5 4658.15 3280.39 1218.91 281.99
 23735.8 9319.44 1097.47 750.712 342.939
 4988.15 10500 2720.45 311.457 309.897
 5271.07 3763.04 5236.04 1319.12 300.825
 27678.3 2657.59 1226.9 1657.02 511.828
F
 0.141524 0.212109 0.217827 0.218137 0.218153
 0.265564 0.398014 0.408744 0.409324 0.409355
 0.265352 0.397697 0.408418 0.408999 0.409029
 0.524984 0.786821 0.808032 0.80918 0.80924
 0.227815 0.341438 0.350643 0.351141 0.351167
 0.311444 0.466778 0.479362 0.480043 0.480079
 0.730677 1.0951 1.12463 1.12622 1.12631
 0.148834 0.223066 0.229079 0.229404 0.229422
 0.577707 0.86584 0.889181 0.890444 0.890511
 0.750222 1.1244 1.15471 1.15635 1.15644
 0.134038 0.20089 0.206306 0.206599 0.206615
 0.487182 0.730165 0.749849 0.750914 0.75097
 0.45232 0.677916 0.696191 0.69718 0.697232
 0.811281 1.21591 1.24869 1.25046 1.25056
 0.618372 0.926787 0.951771 0.953123 0.953194
 0.375569 0.562885 0.57806 0.578881 0.578924
 0.229112 0.343383 0.352639 0.35314 0.353167
 0.230496 0.345456 0.354769 0.355273 0.355299
 0.307789 0.4613 0.473735 0.474409 0.474444
 0.290937 0.436042 0.447797 0.448433 0.448467
 0.224709 0.336783 0.345862 0.346353 0.346379
 0.280585 0.420527 0.431864 0.432477 0.43251
 0.168732 0.252888 0.259705 0.260074 0.260094
 0.156619 0.234733 0.241061 0.241403 0.241421
 0.155716 0.23338 0.239671 0.240012 0.24003
 0.130162 0.195081 0.20034 0.200624 0.200639
 0.156473 0.234514 0.240836 0.241178 0.241196
 0.121002 0.181351 0.18624 0.186505 0.186519
 0.111655 0.167343 0.171854 0.172098 0.172111
 0.182308 0.273235 0.280601 0.280999 0.28102
 0.211018 0.316264 0.32479 0.325251 0.325275
nmprior
 8.19 8.8 8.5 0
nm_flota  nm_reclas  nm_pelaces    nm_pelaL
inf 15.8857 13.7555 30.2009
cv_recla  cv_pelaces  cv_mph
0.295857 0.597918 1.42566
 ------------------------------------------------
Talla a la edad & desviaci?n 
 8 13.2811 15.8009 17.003 17.5766
 0.8 1.32811 1.58009 1.7003 1.75766
