years
 1991 1992 1993 1994 1995 1996 1997 1998 1999 2000 2001 2002 2003 2004 2005 2006 2007 2008 2009 2010 2011 2012 2013 2014 2015 2016 2017 2018 2019 2020 2021
reclasobs
 0 0 0 0 0 0 0 0 0 252601 567819 844713 477998 351125 339783 2.1784e+06 2.13404e+06 4.81314e+06 1.55562e+06 2.62356e+06 3.21686e+06 3.843e+06 1.13348e+06 3.07943e+06 1.97215e+06 2.03268e+06 2.025e+06 2.42433e+06 2.27542e+06 1.05018e+06 2.36338e+06
reclaspred
 4.51748e+06 2.60836e+06 1.33377e+06 1.54914e+06 1.77542e+06 2.57538e+06 1.84674e+06 1.60669e+06 1.11002e+06 763245 656164 755261 738644 603596 629892 1.38457e+06 1.51714e+06 2.96903e+06 2.57715e+06 1.98359e+06 3.46746e+06 2.77305e+06 2.37461e+06 3.41785e+06 2.68038e+06 2.45709e+06 2.75181e+06 2.78609e+06 2.50851e+06 1.69362e+06 2.37976e+06
pelacesobs
 0 0 0 0 0 0 0 0 0 0 0 0 0 0 0 552880 188675 0 991730 2.46772e+06 1.41603e+06 1.21717e+06 2.29649e+06 1.80582e+06 0 1.4828e+06 1.56532e+06 1.57751e+06 1.42118e+06 867257 1.10002e+06
pelacespred
 2.18548e+06 1.40777e+06 731965 735576 838395 1.28459e+06 894723 886542 619037 408773 369583 345903 365499 320418 348928 640989 666262 1.52602e+06 1.35623e+06 964665 1.61991e+06 1.4336e+06 1.1873e+06 1.91449e+06 1.42853e+06 1.2914e+06 1.68412e+06 1.70937e+06 1.20158e+06 913139 1.34477e+06
mphobs
 0 0 0 0 0 0 0 0 0 0 0 498337 0 5186 125008 0 168611 109162 213762 579715 649985 157893 87575 83554 0 0 0 0 0 0 0
mphpred
 4.11645e+06 2.79108e+06 1.4382e+06 799027 1.16421e+06 1.41627e+06 1.77197e+06 1.22367e+06 1.01983e+06 678267 422898 488833 483006 416642 306610 405237 1.08544e+06 1.10327e+06 1.94645e+06 1.51846e+06 1.66953e+06 2.04483e+06 1.90855e+06 1.64757e+06 2.24113e+06 1.86627e+06 1.58628e+06 1.65178e+06 2.20789e+06 1.56092e+06 1.06171e+06
desembarqueobs
 494567 514787 250237 358949 120608 361735 552515 73892 212993 205616 52469 317467 293654 387597 252695 516296 358380 742168 942051 627588 828172 859565 418607 520667 417249 300574 407403 355545 319650 289779 391294
desembarquepred
 494576 512812 251422 358965 120611 361756 552613 73895.5 213051 205677 52472 317574 293740 387702 252711 516306 358416 742118 941979 627536 828288 859674 418637 520708 417269 300586 407419 355547 319658 289800 391305
Reclutas
 236924 136819 132487 345323 270140 373515 156784 74567 59312.3 73392.6 119144 154533 136734 100084 105188 485781 127048 721899 459533 354778 508391 668132 165378 425650 369039 177276 364195 393243 137610 107589 370672
log_desv_Rt
 0.100795 -0.448283 -0.480464 0.477535 0.231994 0.556013 -0.312073 -1.05525 -1.28413 -1.07112 -0.586614 -0.32654 -0.448908 -0.760938 -0.711194 0.818814 -0.522379 1.21494 0.763266 0.504547 0.864305 1.13754 -0.258712 0.686672 0.543957 -0.189236 0.530746 0.607484 -0.442524 -0.688623 0.548373
SSB
 4.11645e+06 2.79108e+06 1.4382e+06 799027 1.16421e+06 1.41627e+06 1.77197e+06 1.22367e+06 1.01983e+06 678267 422898 488833 483006 416642 306610 405237 1.08544e+06 1.10327e+06 1.94645e+06 1.51846e+06 1.66953e+06 2.04483e+06 1.90855e+06 1.64757e+06 2.24113e+06 1.86627e+06 1.58628e+06 1.65178e+06 2.20789e+06 1.56092e+06 1.06171e+06
BT
 5.4788e+06 3.76896e+06 1.94745e+06 2.03994e+06 2.05517e+06 3.33966e+06 2.57901e+06 2.13927e+06 1.658e+06 1.15798e+06 919091 1.08782e+06 1.13294e+06 1.16491e+06 1.08545e+06 1.95839e+06 1.83863e+06 4.3014e+06 4.10591e+06 2.82238e+06 4.5188e+06 4.1784e+06 3.14129e+06 5.04116e+06 3.7234e+06 3.29323e+06 4.41476e+06 4.41245e+06 3.05263e+06 2.40562e+06 3.57391e+06
Ftot
 0.101995 0.182069 0.174294 0.208292 0.0619427 0.127216 0.270407 0.0425273 0.175956 0.24454 0.0727755 0.371368 0.352283 0.555514 0.352502 0.326366 0.212017 0.222496 0.323802 0.283012 0.214695 0.276238 0.160246 0.137608 0.141225 0.111676 0.133834 0.114882 0.116656 0.157229 0.147823
BD_Bspro_t
 0.983813 0.879211 0.749943 0.67913 0.723096 0.789126 0.778514 0.66946 0.708853 0.665601 0.62306 0.735003 0.608408 0.522702 0.430159 0.497388 0.625337 0.615432 0.683421 0.596539 0.573618 0.618725 0.629654 0.63322 0.727928 0.737267 0.749567 0.779654 0.815284 0.760035 0.711893
BD_Bspro
 2.68849 1.82288 0.939298 0.521851 0.760357 0.924981 1.15729 0.79919 0.666059 0.442982 0.276198 0.319261 0.315455 0.272112 0.20025 0.264664 0.708913 0.720552 1.27124 0.991721 1.09038 1.33549 1.24649 1.07604 1.4637 1.21888 1.03601 1.07879 1.442 1.01945 0.693411
BD_Bo
 1.89283 1.2834 0.661311 0.367409 0.535328 0.651231 0.814788 0.562669 0.468938 0.311881 0.194457 0.224775 0.222096 0.19158 0.140986 0.186336 0.499109 0.507304 0.895015 0.69822 0.767683 0.940253 0.877587 0.757586 1.03051 0.858148 0.729404 0.759521 1.01523 0.717745 0.488195
BD_Brms
 13.1286 8.90156 4.58682 2.54833 3.71301 4.51691 5.65133 3.90264 3.25253 2.16319 1.34874 1.55903 1.54044 1.32879 0.977869 1.29242 3.46179 3.51863 6.20778 4.84282 5.32461 6.52155 6.0869 5.25457 7.1476 5.95207 5.05911 5.268 7.04161 4.97824 3.3861
Sel_flota
 0.88381 1 1 1 1
 0.88381 1 1 1 1
 0.88381 1 1 1 1
 0.88381 1 1 1 1
 0.88381 1 1 1 1
 0.88381 1 1 1 1
 0.88381 1 1 1 1
 0.88381 1 1 1 1
 0.88381 1 1 1 1
 0.88381 1 1 1 1
 0.88381 1 1 1 1
 0.88381 1 1 1 1
 0.88381 1 1 1 1
 0.88381 1 1 1 1
 0.88381 1 1 1 1
 0.88381 1 1 1 1
 0.88381 1 1 1 1
 0.88381 1 1 1 1
 0.88381 1 1 1 1
 0.88381 1 1 1 1
 0.88381 1 1 1 1
 0.88381 1 1 1 1
 0.88381 1 1 1 1
 0.88381 1 1 1 1
 0.88381 1 1 1 1
 0.88381 1 1 1 1
 0.88381 1 1 1 1
 0.88381 1 1 1 1
 0.88381 1 1 1 1
 0.88381 1 1 1 1
 0.88381 1 1 1 1
Sel_reclas
 0.819999 0.958205 0.991407 0.998281 0.999658
 0.819999 0.958205 0.991407 0.998281 0.999658
 0.819999 0.958205 0.991407 0.998281 0.999658
 0.819999 0.958205 0.991407 0.998281 0.999658
 0.819999 0.958205 0.991407 0.998281 0.999658
 0.819999 0.958205 0.991407 0.998281 0.999658
 0.819999 0.958205 0.991407 0.998281 0.999658
 0.819999 0.958205 0.991407 0.998281 0.999658
 0.819999 0.958205 0.991407 0.998281 0.999658
 0.819999 0.958205 0.991407 0.998281 0.999658
 0.819999 0.958205 0.991407 0.998281 0.999658
 0.819999 0.958205 0.991407 0.998281 0.999658
 0.819999 0.958205 0.991407 0.998281 0.999658
 0.819999 0.958205 0.991407 0.998281 0.999658
 0.819999 0.958205 0.991407 0.998281 0.999658
 0.819999 0.958205 0.991407 0.998281 0.999658
 0.819999 0.958205 0.991407 0.998281 0.999658
 0.819999 0.958205 0.991407 0.998281 0.999658
 0.819999 0.958205 0.991407 0.998281 0.999658
 0.819999 0.958205 0.991407 0.998281 0.999658
 0.819999 0.958205 0.991407 0.998281 0.999658
 0.819999 0.958205 0.991407 0.998281 0.999658
 0.819999 0.958205 0.991407 0.998281 0.999658
 0.819999 0.958205 0.991407 0.998281 0.999658
 0.819999 0.958205 0.991407 0.998281 0.999658
 0.819999 0.958205 0.991407 0.998281 0.999658
 0.819999 0.958205 0.991407 0.998281 0.999658
 0.819999 0.958205 0.991407 0.998281 0.999658
 0.819999 0.958205 0.991407 0.998281 0.999658
 0.819999 0.958205 0.991407 0.998281 0.999658
 0.819999 0.958205 0.991407 0.998281 0.999658
Sel_pelaces
 0.948372 1 1 1 1
 0.948372 1 1 1 1
 0.948372 1 1 1 1
 0.948372 1 1 1 1
 0.948372 1 1 1 1
 0.948372 1 1 1 1
 0.948372 1 1 1 1
 0.948372 1 1 1 1
 0.948372 1 1 1 1
 0.948372 1 1 1 1
 0.948372 1 1 1 1
 0.948372 1 1 1 1
 0.948372 1 1 1 1
 0.948372 1 1 1 1
 0.948372 1 1 1 1
 0.948372 1 1 1 1
 0.948372 1 1 1 1
 0.948372 1 1 1 1
 0.948372 1 1 1 1
 0.948372 1 1 1 1
 0.948372 1 1 1 1
 0.948372 1 1 1 1
 0.948372 1 1 1 1
 0.948372 1 1 1 1
 0.948372 1 1 1 1
 0.948372 1 1 1 1
 0.948372 1 1 1 1
 0.948372 1 1 1 1
 0.948372 1 1 1 1
 0.948372 1 1 1 1
 0.948372 1 1 1 1
pf_obs 
 0.8446 0.082 0.0669 0.0065 0
 0.8095 0.147 0.0364 0.0071 0
 0.9664 0.0169 0.016 0.0007 0
 0.9276 0.0648 0.0075 0.0001 0
 0.7033 0.2144 0.0806 0.0017 0
 0.9318 0.0425 0.0243 0.0014 0
 0.5671 0.3108 0.0964 0.0239 0.0018
 0.0768 0.2599 0.5324 0.112 0.0189
 0.490249 0.384438 0.106611 0.0170017 0.00170017
 0.7925 0.1577 0.0466 0.003 0.0002
 0.840416 0.127587 0.0312969 0.00059994 9.999e-05
 0.8084 0.0986 0.0794 0.0134 0.0002
 0.7335 0.1905 0.0724 0.0035 0.0001
 0.4001 0.4547 0.1325 0.0127 0
 0.49795 0.308269 0.164784 0.0264974 0.00249975
 0.9179 0.0499 0.0305 0.0017 0
 0.2467 0.6533 0.0926 0.0074 0
 0.9418 0.0223 0.034 0.0019 0
 0.707729 0.231977 0.0356964 0.0245975 0
 0.517169 0.277429 0.184464 0.0207286 0.00020938
 0.811772 0.124168 0.05621 0.00726502 0.000585176
 0.764997 0.148141 0.077277 0.00933861 0.000247198
 0.163321 0.427699 0.378323 0.0303852 0.000271297
 0.753843 0.0900009 0.118128 0.0371064 0.000921714
 0.721811 0.176058 0.0630433 0.0369309 0.00215725
 0.143369 0.312575 0.442814 0.0836902 0.0175525
 0.692698 0.0596174 0.167031 0.0765114 0.00414204
 0.394062 0.376323 0.152708 0.0712218 0.00568511
 0.125707 0.32114 0.495352 0.0537591 0.00404204
 0.23352 0.215282 0.420074 0.123614 0.00750983
 0.774587 0.0839891 0.0768558 0.0609784 0.00358967
pf_pred 
 0.455705 0.101517 0.421562 0.0212145 7.50919e-07
 0.427787 0.279364 0.0546198 0.226815 0.0114145
 0.559688 0.203152 0.115785 0.0226377 0.0987367
 0.813867 0.110335 0.0349718 0.0199319 0.0208941
 0.653924 0.288582 0.0340809 0.0108022 0.0126105
 0.706597 0.200171 0.0777441 0.0091814 0.00630739
 0.455883 0.398973 0.0990226 0.0384593 0.00766217
 0.416733 0.286603 0.217528 0.0539892 0.0251464
 0.472512 0.236179 0.143142 0.108643 0.0395238
 0.640134 0.182237 0.079532 0.0482022 0.0498944
 0.765464 0.15757 0.0389758 0.0170098 0.0209803
 0.72694 0.2151 0.0389396 0.00963189 0.00938832
 0.693856 0.231337 0.0589289 0.0106679 0.00521079
 0.640569 0.260387 0.0748425 0.0190648 0.00513711
 0.739555 0.176406 0.0608811 0.0174989 0.00565865
 0.921858 0.0599439 0.0123263 0.00425406 0.00161813
 0.441024 0.520843 0.0292528 0.00601529 0.00286564
 0.887736 0.0533623 0.0548837 0.00308251 0.000935827
 0.629922 0.333388 0.0174398 0.017937 0.00131327
 0.623993 0.249418 0.114039 0.00596545 0.00658476
 0.745794 0.167008 0.0578412 0.0264461 0.00291045
 0.748823 0.193691 0.0377669 0.0130801 0.00663863
 0.372079 0.486467 0.109081 0.0212691 0.0111049
 0.743403 0.103671 0.118476 0.0265659 0.0078845
 0.645206 0.27246 0.0332645 0.0380151 0.011054
 0.470162 0.357685 0.132203 0.0161406 0.0238093
 0.733839 0.133857 0.0893157 0.0330118 0.0099757
 0.69022 0.235106 0.0375549 0.0250583 0.0120605
 0.401722 0.429319 0.128231 0.020483 0.0202452
 0.476395 0.227087 0.212779 0.0635536 0.0201857
 0.830056 0.0866657 0.0361179 0.0338421 0.0133186
pobs_RECLAS
 0 0 0 0 0
 0 0 0 0 0
 0 0 0 0 0
 0 0 0 0 0
 0 0 0 0 0
 0 0 0 0 0
 0 0 0 0 0
 0 0 0 0 0
 0 0 0 0 0
 0 0 0 0 0
 0.991045 0.00858322 0.000360255 1.14367e-05 0
 0.934742 0.0480273 0.0164251 0.00080598 0
 0.827803 0.169806 0.00239088 0 0
 0.941827 0.0461693 0.0120037 0 0
 0.791401 0.0380133 0.147996 0.0225897 0
 0.846168 0.0940531 0.0597789 0 0
 0.134021 0.677848 0.182769 0.00536245 0
 0.80878 0.0450904 0.141981 0.00414843 0
 0.846168 0.0940531 0.0597789 0 0
 0.905697 0.0802665 0.012482 0.00150086 5.37128e-05
 0.989698 0.0102097 9.19794e-05 0 0
 0.975433 0.0193895 0.00387452 0.00125025 5.28907e-05
 0.303575 0.632131 0.0575291 0.00676475 0
 0.966965 0.00978017 0.0227588 0.000495775 0
 0.843318 0.132988 0.00938335 0.0141283 0.000182051
 0.564624 0.303363 0.111486 0.0197234 0.00080311
 0.826376 0.0876187 0.0782897 0.00655872 0.00115652
 0.89761 0.0855135 0.0140674 0.00269457 0.000114338
 0.34875 0.467042 0.161289 0.0227151 0.000203297
 0.318654 0.224769 0.449479 0.00709798 0
 0.937255 0.0296025 0.0250945 0.00804832 0
ppred_RECLAS
 0.441051 0.101365 0.435515 0.0220686 7.82229e-07
 0.415409 0.279605 0.0565613 0.236506 0.0119186
 0.547067 0.204685 0.120701 0.0237624 0.103785
 0.806858 0.112704 0.0369603 0.0212113 0.0222659
 0.645299 0.293925 0.0359146 0.0114624 0.0133996
 0.697762 0.20387 0.0819245 0.00974218 0.00670186
 0.44626 0.40206 0.103247 0.0403779 0.0080555
 0.404558 0.287226 0.225555 0.0563695 0.0262913
 0.459737 0.236864 0.148531 0.113515 0.0413531
 0.628893 0.184379 0.0832551 0.0508085 0.0526647
 0.757456 0.160913 0.0411817 0.0180971 0.0223522
 0.719856 0.21895 0.04101 0.0102143 0.00996977
 0.686014 0.235177 0.0619831 0.0112986 0.00552647
 0.632621 0.263496 0.0783604 0.0200993 0.00542333
 0.731854 0.179495 0.0640937 0.01855 0.00600682
 0.919163 0.0614798 0.0130802 0.00454553 0.00173139
 0.433071 0.526943 0.0306209 0.00634027 0.00302463
 0.882864 0.0546693 0.0581764 0.00329009 0.00100023
 0.622415 0.338859 0.0183402 0.0189939 0.00139256
 0.614391 0.252772 0.119577 0.00629852 0.00696199
 0.737662 0.170185 0.0609836 0.0280762 0.0030941
 0.741712 0.19749 0.0398419 0.0138944 0.00706163
 0.363091 0.489416 0.113545 0.022293 0.0116556
 0.73332 0.10546 0.124698 0.0281548 0.00836759
 0.636052 0.276976 0.0349876 0.0402615 0.0117234
 0.459499 0.360605 0.137901 0.016953 0.0250422
 0.724143 0.136223 0.0940433 0.0350001 0.0105911
 0.681546 0.23947 0.0395774 0.0265909 0.0128158
 0.391841 0.431951 0.133487 0.0214705 0.0212505
 0.463655 0.227867 0.220908 0.066439 0.0211313
 0.822951 0.0885981 0.0382026 0.0360437 0.0142046
pobs_PELACES
 0 0 0 0 0
 0 0 0 0 0
 0 0 0 0 0
 0 0 0 0 0
 0 0 0 0 0
 0 0 0 0 0
 0 0 0 0 0
 0 0 0 0 0
 0 0 0 0 0
 0 0 0 0 0
 0 0 0 0 0
 0 0 0 0 0
 0 0 0 0 0
 0 0 0 0 0
 0 0 0 0 0
 0 0 0 0 0
 0.505614 0.472636 0.0217494 0 0
 0 0 0 0 0
 0.443492 0.261883 0.143347 0.151278 0
 0.227955 0.32914 0.350689 0.0885471 0.00366901
 0.970185 0.0296113 0.000203453 0 0
 0.997202 0.00247181 0.000326279 0 0
 0.445219 0.490057 0.0546422 0.010081 0
 0.90214 0.0892962 0.00764917 0.000914606 0
 0 0 0 0 0
 0.581667 0.319106 0.0959925 0.00289975 0.000334073
 0.762889 0.0836404 0.116647 0.0363945 0.000428098
 0.88444 0.0763242 0.0277011 0.0115352 0
 0.521256 0.241999 0.230069 0.00667565 0
 0.616807 0.101726 0.260614 0.0208532 0
 0.833518 0.0704572 0.0857862 0.0102388 0
ppred_PELACES
 0.47448 0.0980155 0.407021 0.0204827 7.25017e-07
 0.44735 0.269812 0.0527524 0.219061 0.0110243
 0.579082 0.194204 0.110685 0.0216406 0.0943878
 0.825805 0.103259 0.0327288 0.0186535 0.019554
 0.670365 0.274873 0.0324618 0.0102891 0.0120114
 0.722249 0.189492 0.0735966 0.00869159 0.00597091
 0.476803 0.383633 0.0952153 0.0369806 0.00736757
 0.434469 0.277888 0.210914 0.0523475 0.0243818
 0.492283 0.227327 0.137777 0.104571 0.0380423
 0.658962 0.172703 0.0753711 0.0456804 0.047284
 0.778493 0.148817 0.0368105 0.0160649 0.0198148
 0.744333 0.201399 0.0364594 0.0090184 0.00879034
 0.712311 0.217391 0.0553765 0.0100248 0.00489667
 0.663187 0.244001 0.0701328 0.0178651 0.00481384
 0.756226 0.165115 0.0569842 0.0163789 0.00529645
 0.927902 0.0553075 0.0113729 0.00392502 0.00149298
 0.461086 0.502149 0.0282028 0.00579939 0.00276279
 0.895612 0.0496182 0.0510329 0.00286623 0.000870167
 0.649941 0.315354 0.0164964 0.0169667 0.00124223
 0.643656 0.236375 0.108075 0.00565349 0.00624041
 0.760875 0.157101 0.0544097 0.0248772 0.00273778
 0.764358 0.181711 0.035431 0.0122711 0.00622802
 0.390571 0.47214 0.105868 0.0206427 0.0107779
 0.75786 0.0978295 0.111801 0.0250691 0.00744026
 0.662727 0.259005 0.0316219 0.0361378 0.0105081
 0.489118 0.344888 0.127473 0.0155632 0.0229575
 0.748618 0.126425 0.0843564 0.0311788 0.0094218
 0.706256 0.222936 0.0356109 0.0237612 0.0114362
 0.420167 0.416083 0.124277 0.0198516 0.019621
 0.495938 0.218611 0.204837 0.0611815 0.0194323
 0.840746 0.0812139 0.0338458 0.0317133 0.0124808
pobs_pel_tallas
 0 0 0 0 0 0 0 0 0 0 0 0 0 0 0 0 0 0 0 0 0 0 0 0 0 0
 0 0 0 0 0 0 0 0 0 0 0 0 0 0 0 0 0 0 0 0 0 0 0 0 0 0
 0 0 0 0 0 0 0 0 0 0 0 0 0 0 0 0 0 0 0 0 0 0 0 0 0 0
 0 0 0 0 0 0 0 0 0 0 0 0 0 0 0 0 0 0 0 0 0 0 0 0 0 0
 0 0 0 0 0 0 0 0 0 0 0 0 0 0 0 0 0 0 0 0 0 0 0 0 0 0
 0 0 0 0 0 0 0 0 0 0 0 0 0 0 0 0 0 0 0 0 0 0 0 0 0 0
 0 0 0 0 0 0 0 0 0 0 0 0 0 0 0 0 0 0 0 0 0 0 0 0 0 0
 0 0 0 0 0 0 0 0 0 0 0 0 0 0 0 0 0 0 0 0 0 0 0 0 0 0
 0 0 0 0 0 0 0 0 0 0 0 0 0 0 0 0 0 0 0 0 0 0 0 0 0 0
 0 0 0 0 0 0 0 0 0 0 0 0 0 0 0 0 0 0 0 0 0 0 0 0 0 0
 0 0 0 0 0 0 0 0 0 0 0 0 0 0 0 0 0 0 0 0 0 0 0 0 0 0
 0 0 0 0 0 0 0 0 0 0 0 0 0 0 0 0 0 0 0 0 0 0 0 0 0 0
 0.00862536 0 0 0.000197151 0.00414017 0.0128641 0.00837892 0.0270097 0.101434 0.158115 0.152841 0.127902 0.109271 0.109419 0.0830992 0.0579132 0.0238553 0.00714673 0.00463305 0.00128148 0.00103504 0.000492878 0.000147863 0.000147863 4.92878e-05 0
 0 0 0 0 0 0 0 0 0 0 0 0 0 0 0 0 0 0 0 0 0 0 0 0 0 0
 0 0 0 0 0 0 0 0.0054083 0.00873648 0.0413646 0.0450493 0.0745869 0.0622846 0.0627006 0.0613931 0.0827291 0.12552 0.122667 0.0946155 0.0697135 0.0546179 0.0294188 0.0215738 0.0213955 0.0102223 0.00600262
 0 0 0 0 0.00359764 0.0251062 0.0480494 0.140153 0.205849 0.193036 0.1447 0.116669 0.0760912 0.0342217 0.00950174 0.001854 0.000860785 0 0 0 0.000165536 0 0.000143464 0 0 0
 0 0 0 0 0 0 0 0.000145254 0.000435761 0.0275982 0.070085 0.0708112 0.156366 0.174668 0.174014 0.160142 0.0824315 0.0480064 0.0283245 0.00493863 0.00203355 0 0 0 0 0
 0 0 0 0 0 0 0 0 0 0 0 0 0 0 0 0 0 0 0 0 0 0 0 0 0 0
 0 0 1.00437e-05 0.000401748 0.00122533 0.00171747 0.00176769 0.0269171 0.070346 0.194647 0.189555 0.159765 0.064822 0.0314167 0.0384472 0.0292271 0.0345202 0.0313363 0.0194345 0.0106764 0.0143323 0.0359363 0.0279516 0.0138201 0.00172751 0
 0 0.0021121 0.0136068 0.0755702 0.200478 0.177729 0.0527432 0.0373336 0.0318909 0.0142505 0.0149659 0.0166563 0.0217959 0.0798694 0.0677717 0.0528807 0.04013 0.0224614 0.0357745 0.0225083 0.00881397 0.00855152 0.00135912 0.000746735 0 0
 0 0 0 0 5.4009e-05 0.00500934 0.000945158 0.0243581 0.138947 0.33067 0.221406 0.137944 0.0707744 0.0437923 0.0131692 0.00525238 0.0047753 0.00276346 9.45158e-05 9.00151e-06 2.25038e-05 9.00151e-06 4.50075e-06 0 0 0
 0.000866109 0.00284123 0.00948549 0.0512746 0.133035 0.25785 0.225252 0.132002 0.0553304 0.0519788 0.0540692 0.017754 0.00435017 0.00159236 0.00146478 0.000404838 0.000125132 0.000115318 0.000107957 0.000100596 0 0 0 0 0 0
 0 0 0 0 0.00144013 0.00171154 0.00461396 0.0210425 0.0478622 0.0707936 0.0888783 0.103762 0.0637923 0.0337046 0.0602308 0.124433 0.169614 0.0934646 0.0462172 0.0250306 0.0313229 0.00938855 0.002487 0.000210481 0 0
 0 0.00764035 0.051015 0.0998891 0.058973 0.0496711 0.0374665 0.0718981 0.12319 0.153886 0.159021 0.0857701 0.0377988 0.023471 0.0147837 0.00900784 0.00315554 0.000888139 0.00291439 0.00214683 0.00393193 0.00274676 0.000635225 9.99891e-05 0 0
 0 0 0 0 0 0 0 0 0 0 0 0 0 0 0 0 0 0 0 0 0 0 0 0 0 0
 0 0 0 0 0 0 0 0 0 0 0 0 0 0 0 0 0 0 0 0 0 0 0 0 0 0
 0 0 0 0 0 0 0 0 0 0 0 0 0 0 0 0 0 0 0 0 0 0 0 0 0 0
 0 0 0 0 0 0 0 0 0 0 0 0 0 0 0 0 0 0 0 0 0 0 0 0 0 0
 0 0 0 0 0 0 0 0 0 0 0 0 0 0 0 0 0 0 0 0 0 0 0 0 0 0
 0 0 0 0 0 0 0 0 0 0 0 0 0 0 0 0 0 0 0 0 0 0 0 0 0 0
 0 0 0 0 0 0 0 0 0 0 0 0 0 0 0 0 0 0 0 0 0 0 0 0 0 0
ppred_pel_tallas
 1.13826e-16 3.90823e-05 0.000379894 0.00252453 0.0114762 0.0357066 0.0760771 0.111039 0.111049 0.0761266 0.0358744 0.0119685 0.00378987 0.00323912 0.00575278 0.0101861 0.0163816 0.0241542 0.0332036 0.0431734 0.0534795 0.0629734 0.0698617 0.0722242 0.0689387 0.0603811
 1.25426e-16 3.68477e-05 0.000358173 0.00238019 0.01082 0.0336652 0.0717282 0.104695 0.104721 0.0718558 0.034094 0.01206 0.00549874 0.00718702 0.0130718 0.0217368 0.0317784 0.0410411 0.047457 0.050336 0.0508742 0.0513122 0.0533444 0.0569945 0.0606871 0.0622669
 1.21388e-16 4.76983e-05 0.000463644 0.00308108 0.0140061 0.0435784 0.0928491 0.13552 0.135539 0.0929414 0.0438887 0.0149044 0.00534369 0.00542914 0.00955645 0.0159331 0.0234531 0.0305911 0.035856 0.038665 0.0397004 0.0403589 0.0417239 0.0438716 0.045943 0.046755
 1.06151e-16 6.80205e-05 0.000661183 0.0043938 0.0199736 0.0621452 0.132407 0.193254 0.193264 0.132456 0.0623093 0.020448 0.00558653 0.00327151 0.00504536 0.00828698 0.0120614 0.0154535 0.0175914 0.0181087 0.017365 0.0161784 0.0152805 0.0149194 0.0148512 0.0146187
 1.04072e-16 5.52171e-05 0.00053673 0.00356676 0.016214 0.0504479 0.107486 0.156884 0.15691 0.107615 0.0508824 0.0174689 0.00671647 0.00741157 0.0131091 0.021578 0.0310651 0.0390418 0.042974 0.0417085 0.0361667 0.0287253 0.0217947 0.016695 0.0134767 0.0114703
 1.04055e-16 5.94907e-05 0.000578271 0.00384282 0.0174689 0.0543523 0.115804 0.169023 0.169042 0.115894 0.0546535 0.0183398 0.00603243 0.00537 0.00919438 0.015196 0.0220944 0.0282212 0.0319028 0.0323457 0.0300618 0.0264277 0.0227629 0.0196765 0.0170714 0.0145853
 1.07802e-16 3.92737e-05 0.000381755 0.0025369 0.0115324 0.0358817 0.0764512 0.111591 0.111628 0.0766323 0.0364899 0.0132899 0.00695224 0.0100326 0.0184038 0.0304581 0.0440972 0.0559323 0.0625287 0.062307 0.0564498 0.0480072 0.0399565 0.0337526 0.029225 0.0254436
 1.15534e-16 3.57867e-05 0.000347859 0.00231165 0.0105084 0.0326958 0.0696628 0.101681 0.101708 0.0697952 0.0331412 0.0117985 0.00556392 0.00749393 0.013744 0.0230237 0.0340061 0.0445408 0.0524273 0.0566293 0.057759 0.0573487 0.056552 0.0553934 0.0530599 0.0487726
 1.20959e-16 4.05487e-05 0.000394148 0.00261925 0.0119068 0.0370465 0.0789323 0.115209 0.115231 0.0790404 0.0374103 0.0129602 0.00527413 0.00622514 0.0112205 0.018769 0.0277148 0.0363276 0.0429008 0.0467559 0.0486218 0.0499642 0.0517977 0.0539496 0.0552637 0.0544257
 1.14803e-16 5.42778e-05 0.0005276 0.00350609 0.0159382 0.0495897 0.105657 0.154212 0.154229 0.105739 0.0498649 0.0167346 0.00551045 0.00492108 0.00845232 0.014033 0.0205625 0.0266294 0.0308609 0.0327095 0.0327884 0.0323898 0.0325636 0.0334793 0.0344715 0.0345761
 1.06065e-16 6.41235e-05 0.000623303 0.00414207 0.0188292 0.0585849 0.124822 0.182184 0.182198 0.124892 0.0588209 0.0195113 0.00585588 0.00437024 0.00719733 0.0118433 0.0171667 0.0218338 0.0245407 0.0247169 0.0228663 0.0202041 0.017881 0.0164003 0.0155737 0.0148776
 1.03496e-16 6.13097e-05 0.000595952 0.00396031 0.018003 0.0560142 0.119345 0.174191 0.174211 0.11944 0.056333 0.018924 0.00627276 0.00564651 0.00966061 0.0158936 0.0229365 0.0289447 0.0320816 0.0315063 0.0278665 0.0228399 0.0181052 0.0145473 0.0121588 0.0104609
 1.03488e-16 5.86721e-05 0.000570314 0.00378994 0.0172285 0.0536044 0.114211 0.166698 0.166719 0.114313 0.053949 0.0182243 0.00629148 0.00603756 0.0104606 0.0172494 0.0249566 0.0316217 0.035279 0.0350121 0.0314715 0.0263793 0.021441 0.0175307 0.0146259 0.0122763
 1.04693e-16 5.46259e-05 0.000530983 0.00352857 0.0160404 0.0499077 0.106335 0.155203 0.155227 0.10645 0.0502948 0.0171592 0.00633974 0.00667736 0.0117559 0.0194224 0.0281469 0.0357603 0.0400799 0.0400901 0.0365117 0.0312362 0.0261087 0.0220292 0.0189059 0.0162049
 1.04226e-16 6.22893e-05 0.000605475 0.00402359 0.0182907 0.0569092 0.121252 0.176974 0.17699 0.12133 0.0571714 0.019049 0.0059298 0.004776 0.00801016 0.0132156 0.0192004 0.0245015 0.0276658 0.0280203 0.0260425 0.0229686 0.0199731 0.0175795 0.0156551 0.0138057
 1.00989e-16 7.643e-05 0.000742927 0.00493701 0.0224429 0.0698284 0.148777 0.217145 0.217151 0.148803 0.069916 0.022696 0.00557262 0.00213153 0.00271686 0.00437906 0.00632101 0.00799194 0.00888703 0.00877621 0.00783425 0.00651343 0.00526209 0.00431016 0.00364707 0.00314116
 1.01992e-16 3.79792e-05 0.000369171 0.00245328 0.0111523 0.0346991 0.0739319 0.107916 0.107964 0.074168 0.0354917 0.0134406 0.00819395 0.0128897 0.0237831 0.03917 0.0562151 0.0702555 0.076564 0.0729603 0.061132 0.0455412 0.0308305 0.0197239 0.0126177 0.00849901
 1.01921e-16 7.37704e-05 0.000717075 0.00476521 0.021662 0.0673985 0.1436 0.209589 0.209594 0.143623 0.0674784 0.0218936 0.00534989 0.00200426 0.00255 0.00418116 0.00620682 0.00820108 0.00976869 0.0107037 0.0110648 0.0110514 0.0107979 0.010277 0.0093796 0.00806903
 1.02469e-16 5.35349e-05 0.000520378 0.0034581 0.01572 0.048911 0.104211 0.152106 0.152136 0.104359 0.0494088 0.0171574 0.00706407 0.00838584 0.0149729 0.0246203 0.0353504 0.0442262 0.0482991 0.046227 0.039093 0.0297055 0.0209541 0.0144846 0.0104519 0.00812386
 1.04803e-16 5.30171e-05 0.000515345 0.00342465 0.015568 0.0484379 0.103203 0.150632 0.150655 0.103315 0.0488141 0.016656 0.00616126 0.00650755 0.0114864 0.0190434 0.0277473 0.0355555 0.0403936 0.0412594 0.0387415 0.0344729 0.0300056 0.0260362 0.022448 0.0188667
 1.04569e-16 6.26723e-05 0.000609197 0.00404833 0.0184031 0.057259 0.121997 0.178061 0.178077 0.122071 0.0575086 0.0191249 0.00586282 0.00457974 0.00763156 0.0125916 0.0183086 0.023398 0.0264906 0.0269607 0.0252715 0.0225947 0.0200229 0.0180089 0.0163707 0.0146856
 1.03354e-16 6.29592e-05 0.000611986 0.00406686 0.0184874 0.0575212 0.122556 0.178877 0.178895 0.122641 0.0578089 0.0193187 0.00615445 0.0051723 0.00873306 0.0143625 0.0207425 0.0262109 0.0291189 0.0287126 0.0255731 0.0211984 0.0170759 0.0139717 0.0118522 0.0102745
 1.0707e-16 3.21709e-05 0.000312713 0.00207809 0.00944672 0.0293925 0.0626255 0.0914133 0.0914589 0.0628482 0.0301404 0.0116078 0.00750583 0.0121717 0.0225846 0.0373647 0.0540059 0.0682993 0.0759584 0.0749901 0.0668398 0.0553197 0.0442322 0.0355658 0.0293167 0.024489
 1.07025e-16 6.2424e-05 0.000606783 0.00403229 0.0183302 0.0570321 0.121513 0.177354 0.177364 0.12156 0.0571902 0.0187888 0.00519117 0.00316256 0.00499256 0.00835476 0.0124976 0.0166996 0.0202487 0.022794 0.0244709 0.0256282 0.0264074 0.0265644 0.0256715 0.0234823
 1.06382e-16 5.4588e-05 0.000530615 0.00352612 0.0160293 0.0498731 0.106261 0.155096 0.155121 0.106383 0.0502828 0.0172126 0.00649679 0.00701702 0.0123783 0.0203921 0.0294109 0.0370858 0.0410784 0.040356 0.035826 0.0297228 0.0242434 0.0204822 0.0182902 0.0168503
 1.09213e-16 4.02881e-05 0.000391614 0.00260242 0.0118302 0.0368084 0.0784255 0.114471 0.114505 0.0785886 0.0373565 0.0134148 0.00658599 0.00910826 0.016655 0.0276279 0.0401645 0.0512837 0.0579533 0.0587562 0.0546688 0.0482515 0.0419488 0.0368712 0.0327829 0.028908
 1.07188e-16 6.16627e-05 0.000599383 0.00398311 0.0181067 0.0563366 0.120032 0.175192 0.175204 0.120092 0.0565389 0.0186925 0.00545919 0.00384045 0.00627254 0.0104185 0.0153479 0.0200331 0.0234641 0.0251803 0.0254953 0.0251621 0.0247632 0.0243422 0.023515 0.0218671
 1.05403e-16 5.81734e-05 0.000565466 0.00375772 0.0170821 0.0531488 0.11324 0.165281 0.165303 0.113345 0.0535016 0.0181014 0.00631713 0.00615546 0.0106832 0.0175934 0.0253984 0.0320755 0.035614 0.0351155 0.0313351 0.0261578 0.021438 0.0181016 0.0160382 0.0145925
 1.09005e-16 3.46087e-05 0.000336409 0.00223556 0.0101625 0.0316197 0.0673705 0.0983377 0.0983779 0.067567 0.0322799 0.0120708 0.0070306 0.0108212 0.0199978 0.0331382 0.0480443 0.0610705 0.0685047 0.0686191 0.0626425 0.0537975 0.0452259 0.0384585 0.0333328 0.0289239
 1.15392e-16 4.08498e-05 0.000397075 0.0026387 0.0119952 0.0373215 0.0795183 0.116064 0.116085 0.0796228 0.0376733 0.013015 0.00521296 0.00606426 0.0109441 0.0183969 0.0273651 0.0362438 0.0433959 0.0480519 0.0506354 0.0521577 0.0532185 0.0534986 0.0521036 0.0483398
 1.06291e-16 6.92512e-05 0.000673146 0.00447329 0.0203349 0.0632696 0.134803 0.19675 0.196758 0.134841 0.063399 0.0207094 0.0054157 0.00273881 0.0040176 0.00660048 0.00966701 0.0125189 0.0145081 0.0153766 0.0154088 0.0152033 0.0152386 0.0155772 0.0158965 0.015751
pSPR Fmed_Fpbrs
0.703275   0.194176 0.194176
Fs Fmed_Fpbrs
0.178148   1.005 1.005
SSBpbr Bo_Bmed_Bpbrs
2.17476e+06  1.42072e+06  313550 313550
Ro
214207
SPR SPRFo_SPRFmed_SPRFpbrs
1.53114e+06 1.07681e+06 297311
Fref
1.005
Nvult_r0
 251010 23514.6 9799.69 9182.23 3613.68
CTP_r0
 29004.5 3028.35 1262.06 1182.54 465.39
YTP_r0
391305
Np
 274232 119662 10930.3 4555.19 5622.58
Nvult_p0
 232730 103548 9458.41 3941.78 4865.44
CTP_p0
 109477 51903.2 4741 1975.81 2438.79
YTP_p0
 1.91199e+06
CBA_c0
847512
log_Ro
12.0947
likeval ReclasPelacesDesembMPH_pf_preclas_ppelaces_ptallas_desvR_qrecl_qpela
 23.1092 17.6635 0.188391 0.00302525 242.752 123.081 98.2272 0 20.2312 0 0 0.952318 0 0 0
q_reclas_q_pelaces
1 1
M
1
N
 236924 46874.5 194652 9795.56 0.346729
 136819 79646.3 15572.1 64664.8 3254.27
 132487 42851.8 24423 4775.07 20827
 345323 41780.9 13242.8 7547.63 7911.98
 270140 105677 12480.2 3955.72 4617.9
 373515 94084.5 36541.4 4315.46 2964.61
 156784 122796 30477.2 11837 2358.26
 74567 45416.9 34470.9 8555.47 3984.86
 59312.3 26419.7 16012.3 12153.2 4421.25
 73392.6 18677.2 8151.12 4940.18 5113.6
 119144 21751.8 5380.41 2348.12 2896.23
 154533 41100.1 7440.37 1840.41 1793.87
 136734 40943.2 10429.6 1888.07 922.234
 100084 36843.7 10589.9 2697.59 726.881
 105188 22534.3 7777.01 2235.33 722.841
 485781 28338.1 5827.19 2011.08 764.961
 127048 133930 7522.06 1546.77 736.872
 721899 38752 39857 2238.54 679.604
 459533 218163 11412.2 11737.6 859.376
 354778 126980 58057.8 3037.04 3352.34
 508391 101632 35199.1 16093.7 1771.14
 668132 154702 30164.6 10447.1 5302.29
 165378 192548 43175 8418.49 4395.42
 425650 52805 60346.2 13531.4 4016
 369039 138656 16928.5 19346.1 5625.45
 177276 119831 44290.6 5407.42 7976.59
 364195 59086.8 39425.4 14571.9 4403.44
 393243 119034 19014 12687 6106.21
 137610 130699 39037.6 6235.71 6163.3
 107589 45664.4 42787.2 12779.8 4059.1
 370672 34444.9 14354.9 13450.4 5293.42
pred_Ctot
 13005.4 2897.2 12031 605.44 0.0214305
 13024.8 8505.78 1663.01 6905.84 347.538
 12107.5 4394.69 2504.72 489.711 2135.92
 37257.6 5050.99 1600.96 912.452 956.5
 9137.98 4032.66 476.249 150.951 176.22
 25340.4 7178.65 2788.11 329.27 226.2
 21481.7 18800 4666.04 1812.24 361.049
 1744.11 1199.49 910.398 225.955 105.243
 5468.76 2733.5 1656.7 1257.42 457.441
 9177.46 2612.69 1140.23 691.064 715.324
 4716.39 970.866 240.148 104.806 129.27
 28069.3 8305.63 1503.57 371.915 362.51
 23716.7 7907.33 2014.25 364.641 178.11
 25536.6 10380.5 2983.64 760.029 204.794
 18255 4354.36 1502.77 431.939 139.677
 78769.3 5121.99 1053.24 363.493 138.263
 13934.1 16456 924.24 190.053 90.5398
 82779 4975.89 5117.77 287.436 87.2634
 73994.2 39161.7 2048.58 2106.99 154.264
 50649.9 20245.4 9256.6 484.219 534.489
 56408.8 12631.8 4374.87 2000.27 220.134
 93325.3 24139.6 4706.87 1630.16 827.368
 13965.5 18258.9 4094.19 798.306 416.808
 31119.3 4339.72 4959.48 1112.07 330.05
 27653.6 11677.6 1425.72 1629.33 473.776
 10617.4 8077.36 2985.45 364.493 537.671
 25931.4 4730.08 3156.12 1166.53 352.508
 24200 8243.13 1316.72 878.577 422.858
 8593.7 9184.05 2743.13 438.176 433.088
 8924.1 4253.93 3985.9 1190.52 378.131
 29004.5 3028.35 1262.06 1182.54 465.39
F
 0.0901445 0.101995 0.101995 0.101995 0.101995
 0.160914 0.182069 0.182069 0.182069 0.182069
 0.154042 0.174294 0.174294 0.174294 0.174294
 0.18409 0.208292 0.208292 0.208292 0.208292
 0.0547456 0.0619427 0.0619427 0.0619427 0.0619427
 0.112435 0.127216 0.127216 0.127216 0.127216
 0.238988 0.270407 0.270407 0.270407 0.270407
 0.0375861 0.0425273 0.0425273 0.0425273 0.0425273
 0.155512 0.175956 0.175956 0.175956 0.175956
 0.216127 0.24454 0.24454 0.24454 0.24454
 0.0643197 0.0727755 0.0727755 0.0727755 0.0727755
 0.328219 0.371368 0.371368 0.371368 0.371368
 0.311351 0.352283 0.352283 0.352283 0.352283
 0.490969 0.555514 0.555514 0.555514 0.555514
 0.311545 0.352502 0.352502 0.352502 0.352502
 0.288445 0.326366 0.326366 0.326366 0.326366
 0.187382 0.212017 0.212017 0.212017 0.212017
 0.196645 0.222496 0.222496 0.222496 0.222496
 0.28618 0.323802 0.323802 0.323802 0.323802
 0.250128 0.283012 0.283012 0.283012 0.283012
 0.18975 0.214695 0.214695 0.214695 0.214695
 0.244142 0.276238 0.276238 0.276238 0.276238
 0.141627 0.160246 0.160246 0.160246 0.160246
 0.121619 0.137608 0.137608 0.137608 0.137608
 0.124816 0.141225 0.141225 0.141225 0.141225
 0.0987002 0.111676 0.111676 0.111676 0.111676
 0.118284 0.133834 0.133834 0.133834 0.133834
 0.101534 0.114882 0.114882 0.114882 0.114882
 0.103102 0.116656 0.116656 0.116656 0.116656
 0.138961 0.157229 0.157229 0.157229 0.157229
 0.130648 0.147823 0.147823 0.147823 0.147823
nmprior
 8.19 8.8 8.5 0
nm_flota  nm_reclas  nm_pelaces    nm_pelaL
inf 10.3988 20.202 49.775
cv_recla  cv_pelaces  cv_mph
0.434828 0.476552 1.69741
 ------------------------------------------------
Talla a la edad & desviaci?n 
 8 13.2811 15.8009 17.003 17.5766
 0.8 1.32811 1.58009 1.7003 1.75766
