years
 1991 1992 1993 1994 1995 1996 1997 1998 1999 2000 2001 2002 2003 2004 2005 2006 2007 2008 2009 2010 2011 2012 2013 2014 2015 2016 2017 2018 2019 2020 2021
reclasobs
 0 0 0 0 0 0 0 0 0 252601 567819 844713 477998 351125 339783 2.1784e+06 2.13404e+06 4.81314e+06 1.55562e+06 2.62356e+06 3.21686e+06 3.843e+06 1.13348e+06 3.07943e+06 1.97215e+06 2.03268e+06 2.025e+06 2.42433e+06 2.27542e+06 1.05018e+06 2.36338e+06
reclaspred
 920576 936267 446761 174648 10961.2 453178 261976 37307.9 300138 294878 67228.8 344396 343580 331621 171901 971585 4.35352e+06 7.2599e+06 2.28747e+06 503693 1.77454e+06 2.04851e+06 1.10506e+06 1.88527e+06 1.76729e+06 873423 805177 2.24618e+06 3.16036e+06 1.31076e+06 413211
pelacesobs
 0 0 0 0 0 0 0 0 0 0 0 0 0 0 0 552880 188675 0 991730 2.46772e+06 1.41603e+06 1.21717e+06 2.29649e+06 1.80582e+06 0 1.4828e+06 1.56532e+06 1.57751e+06 1.42118e+06 867257 1.10002e+06
pelacespred
 289735 378138 193172 52219.9 1320.8 198301 76317.1 11986.9 131706 116853 35763.8 137169 123267 158022 70538.7 389093 1.76632e+06 2.94091e+06 1.3973e+06 232884 860069 926708 525584 976945 899164 440077 435667 1.20691e+06 1.4206e+06 769213 196922
mphobs
 0 0 0 0 0 0 0 0 0 0 0 498337 0 5186 125008 0 168611 109162 213762 579715 649985 157893 87575 83554 0 0 0 0 0 0 0
mphpred
 223982 1.03041e+06 473308 221370 43494.4 814.382 437216 64655.6 10077.9 344702 105679 28193.3 391179 133803 218618 92035.5 1.35874e+06 6.04892e+06 3.50819e+06 909055 169312 2.0589e+06 1.26315e+06 623356 1.90227e+06 1.05469e+06 419960 666732 2.95704e+06 1.72238e+06 612499
desembarqueobs
 494567 514787 250237 358949 120608 361735 552515 73892 212993 205616 52469 317467 293654 387597 252695 516296 358380 742168 942051 627588 828172 859565 418607 520667 417249 300574 415391 372974 316634 284311 391294
desembarquepred
 493889 514916 249454 357881 120279 361141 551258 73829.4 212794 205329 52504.2 316895 292774 387245 252071 515815 358129 741090 938641 624865 827868 859640 419298 520802 417282 301348 415875 373306 316439 284170 391448
Reclutas
 488650 2639.61 74926.1 39839.1 150.676 280413 554.056 149.849 107502 1108.84 3245.85 270911 3815.8 139074 24587.4 667653 1.2791e+06 47356.4 7575.58 6529.07 893067 247410 15692.6 503463 108532 4263.07 227059 710991 1667.36 583.142 18068.4
log_desv_Rt
 2.92884 -2.29217 1.0537 0.422043 -5.15543 2.37346 -3.8533 -5.16093 1.4147 -3.15949 -2.08543 2.33898 -1.92366 1.6722 -0.0605723 3.24096 3.8911 0.594894 -1.23788 -1.38654 3.53186 2.24824 -0.509614 2.9587 1.42423 -1.81282 2.1624 3.30385 -2.75157 -3.80213 -0.368643
SSB
 223982 1.03041e+06 473308 221370 43494.4 814.382 437216 64655.6 10077.9 344702 105679 28193.3 391179 133803 218618 92035.5 1.35874e+06 6.04892e+06 3.50819e+06 909055 169312 2.0589e+06 1.26315e+06 623356 1.90227e+06 1.05469e+06 419960 666732 2.95704e+06 1.72238e+06 612499
BT
 1.45751e+06 1.31789e+06 722595 459786 100830 1.23489e+06 665105 98397.2 787153 452068 149998 877695 532679 1.06167e+06 477191 2.1199e+06 6.85897e+06 7.40382e+06 4.40269e+06 1.2793e+06 4.58915e+06 3.18974e+06 1.64828e+06 4.38766e+06 2.61703e+06 1.32854e+06 2.09888e+06 5.21061e+06 3.52844e+06 2.09122e+06 932996
Ftot
 0.500212 0.501555 0.510599 1.61326 4.23163 0.737878 1.60842 1.53545 0.65873 0.62533 0.696616 0.844386 0.752626 1.04206 1.23211 0.496824 0.0785785 0.0971389 0.379555 1.04866 0.438114 0.388791 0.352181 0.261108 0.222235 0.321206 0.480079 0.15813 0.0952926 0.204234 0.830888
BD_Bspro_t
 0.923085 0.702466 0.430136 0.290469 0.0809237 0.00282286 0.458342 0.0997981 0.026233 0.487812 0.285183 0.170224 0.532971 0.253921 0.332136 0.189037 0.678442 0.882022 0.781264 0.48428 0.197127 0.675162 0.553693 0.434824 0.709498 0.630088 0.476601 0.610957 0.852738 0.772336 0.571797
BD_Bspro
 1.19954 5.51836 2.5348 1.18555 0.232934 0.00436143 2.34152 0.346264 0.0539723 1.84606 0.565966 0.15099 2.09496 0.716582 1.17081 0.492897 7.27673 32.3951 18.7882 4.86846 0.906751 11.0264 6.76484 3.33839 10.1876 5.64842 2.2491 3.57069 15.8365 9.2242 3.28024
BD_Bo
 0.10389 0.477935 0.219535 0.102678 0.020174 0.000377736 0.202794 0.0299893 0.00467444 0.159884 0.0490173 0.0130769 0.181441 0.0620618 0.101402 0.0426889 0.630224 2.80568 1.62721 0.421648 0.078532 0.95498 0.58589 0.289132 0.882333 0.489199 0.19479 0.309251 1.37157 0.798891 0.284096
BD_Brms
 0.441009 2.02882 0.93192 0.435868 0.0856383 0.00160348 0.860858 0.127304 0.0198429 0.678703 0.208077 0.0555113 0.770213 0.263451 0.430448 0.181214 2.67529 11.91 6.90746 1.78989 0.333367 4.05387 2.48709 1.22736 3.74549 2.07664 0.826882 1.31276 5.82228 3.39128 1.20598
Sel_flota
 0.5 1 1 1 1
 0.5 1 1 1 1
 0.5 1 1 1 1
 0.5 1 1 1 1
 0.5 1 1 1 1
 0.5 1 1 1 1
 0.5 1 1 1 1
 0.5 1 1 1 1
 0.5 1 1 1 1
 0.5 1 1 1 1
 0.5 1 1 1 1
 0.5 1 1 1 1
 0.5 1 1 1 1
 0.5 1 1 1 1
 0.5 1 1 1 1
 0.5 1 1 1 1
 0.5 1 1 1 1
 0.5 1 1 1 1
 0.5 1 1 1 1
 0.5 1 1 1 1
 0.5 1 1 1 1
 0.5 1 1 1 1
 0.5 1 1 1 1
 0.5 1 1 1 1
 0.5 1 1 1 1
 0.5 1 1 1 1
 0.5 1 1 1 1
 0.5 1 1 1 1
 0.5 1 1 1 1
 0.5 1 1 1 1
 0.5 1 1 1 1
Sel_reclas
 0.5 1 1 1 1
 0.5 1 1 1 1
 0.5 1 1 1 1
 0.5 1 1 1 1
 0.5 1 1 1 1
 0.5 1 1 1 1
 0.5 1 1 1 1
 0.5 1 1 1 1
 0.5 1 1 1 1
 0.5 1 1 1 1
 0.5 1 1 1 1
 0.5 1 1 1 1
 0.5 1 1 1 1
 0.5 1 1 1 1
 0.5 1 1 1 1
 0.5 1 1 1 1
 0.5 1 1 1 1
 0.5 1 1 1 1
 0.5 1 1 1 1
 0.5 1 1 1 1
 0.5 1 1 1 1
 0.5 1 1 1 1
 0.5 1 1 1 1
 0.5 1 1 1 1
 0.5 1 1 1 1
 0.5 1 1 1 1
 0.5 1 1 1 1
 0.5 1 1 1 1
 0.5 1 1 1 1
 0.5 1 1 1 1
 0.5 1 1 1 1
Sel_pelaces
 0.5 1 1 1 1
 0.5 1 1 1 1
 0.5 1 1 1 1
 0.5 1 1 1 1
 0.5 1 1 1 1
 0.5 1 1 1 1
 0.5 1 1 1 1
 0.5 1 1 1 1
 0.5 1 1 1 1
 0.5 1 1 1 1
 0.5 1 1 1 1
 0.5 1 1 1 1
 0.5 1 1 1 1
 0.5 1 1 1 1
 0.5 1 1 1 1
 0.5 1 1 1 1
 0.5 1 1 1 1
 0.5 1 1 1 1
 0.5 1 1 1 1
 0.5 1 1 1 1
 0.5 1 1 1 1
 0.5 1 1 1 1
 0.5 1 1 1 1
 0.5 1 1 1 1
 0.5 1 1 1 1
 0.5 1 1 1 1
 0.5 1 1 1 1
 0.5 1 1 1 1
 0.5 1 1 1 1
 0.5 1 1 1 1
 0.5 1 1 1 1
pf_obs 
 0.8446 0.082 0.0669 0.0065 0
 0.8095 0.147 0.0364 0.0071 0
 0.9664 0.0169 0.016 0.0007 0
 0.9276 0.0648 0.0075 0.0001 0
 0.7033 0.2144 0.0806 0.0017 0
 0.9318 0.0425 0.0243 0.0014 0
 0.5671 0.3108 0.0964 0.0239 0.0018
 0.0768 0.2599 0.5324 0.112 0.0189
 0.490249 0.384438 0.106611 0.0170017 0.00170017
 0.7925 0.1577 0.0466 0.003 0.0002
 0.840416 0.127587 0.0312969 0.00059994 9.999e-05
 0.8084 0.0986 0.0794 0.0134 0.0002
 0.7335 0.1905 0.0724 0.0035 0.0001
 0.4001 0.4547 0.1325 0.0127 0
 0.49795 0.308269 0.164784 0.0264974 0.00249975
 0.9179 0.0499 0.0305 0.0017 0
 0.2467 0.6533 0.0926 0.0074 0
 0.9418 0.0223 0.034 0.0019 0
 0.707729 0.231977 0.0356964 0.0245975 0
 0.517169 0.277429 0.184464 0.0207286 0.00020938
 0.811772 0.124168 0.05621 0.00726502 0.000585176
 0.764997 0.148141 0.077277 0.00933861 0.000247198
 0.163321 0.427699 0.378323 0.0303852 0.000271297
 0.753843 0.0900009 0.118128 0.0371064 0.000921714
 0.721811 0.176058 0.0630433 0.0369309 0.00215725
 0.143369 0.312575 0.442814 0.0836902 0.0175525
 0.692698 0.0596174 0.167031 0.0765114 0.00414204
 0.394062 0.376323 0.152708 0.0712218 0.00568511
 0.125707 0.32114 0.495352 0.0537591 0.00404204
 0.23352 0.215282 0.420074 0.123614 0.00750983
 0.774587 0.0839891 0.0768558 0.0609784 0.00358967
pf_pred 
 0.936688 0.0400206 0.0147228 0.0054162 0.0031521
 0.00999977 0.962094 0.0176399 0.00648937 0.00377666
 0.557404 0.0101824 0.420225 0.0077048 0.00448401
 0.476018 0.391144 0.00305607 0.126123 0.00365826
 0.0138741 0.746786 0.178664 0.00139593 0.0592805
 0.999672 4.14746e-05 0.000217046 5.19269e-05 1.7635e-05
 0.0050374 0.994833 1.63903e-05 8.57744e-05 2.74901e-05
 0.0177843 0.0167579 0.965332 1.59043e-05 0.000109906
 0.992682 0.000416887 0.000117744 0.0067826 8.83965e-07
 0.0214239 0.975644 0.000167023 4.71733e-05 0.00271775
 0.238351 0.0384195 0.721063 0.00012344 0.00204346
 0.987975 0.00525937 0.00034129 0.00640538 1.92491e-05
 0.0323819 0.963126 0.00196456 0.000127484 0.00239983
 0.871689 0.0100179 0.117744 0.000240171 0.000308968
 0.322724 0.643369 0.00264725 0.0311139 0.000145111
 0.977881 0.0129915 0.00867099 3.56782e-05 0.000421293
 0.770649 0.227144 0.00129639 0.000865259 4.56001e-05
 0.0445398 0.834162 0.120131 0.00068563 0.000481732
 0.0210834 0.085689 0.77983 0.112307 0.00109133
 0.0730115 0.0427179 0.0774042 0.704432 0.102434
 0.984084 0.00287533 0.000600932 0.00108888 0.0113506
 0.334495 0.660827 0.000845106 0.000176624 0.00365616
 0.0562385 0.500814 0.439834 0.000562487 0.00255103
 0.865107 0.0157844 0.0632056 0.0555096 0.000392944
 0.245696 0.703567 0.00593698 0.0237734 0.0210265
 0.0254399 0.399932 0.535977 0.00452279 0.0341286
 0.835397 0.0089496 0.0638758 0.0856045 0.00617328
 0.837397 0.149851 0.000693351 0.00494864 0.00711029
 0.00320938 0.912266 0.0778961 0.00036042 0.00626851
 0.00340694 0.00655629 0.906084 0.0773683 0.00658401
 0.281786 0.00518002 0.00469083 0.648277 0.0600654
pobs_RECLAS
 0 0 0 0 0
 0 0 0 0 0
 0 0 0 0 0
 0 0 0 0 0
 0 0 0 0 0
 0 0 0 0 0
 0 0 0 0 0
 0 0 0 0 0
 0 0 0 0 0
 0 0 0 0 0
 0.991045 0.00858322 0.000360255 1.14367e-05 0
 0.934742 0.0480273 0.0164251 0.00080598 0
 0.827803 0.169806 0.00239088 0 0
 0.941827 0.0461693 0.0120037 0 0
 0.791401 0.0380133 0.147996 0.0225897 0
 0.846168 0.0940531 0.0597789 0 0
 0.134021 0.677848 0.182769 0.00536245 0
 0.80878 0.0450904 0.141981 0.00414843 0
 0.846168 0.0940531 0.0597789 0 0
 0.905697 0.0802665 0.012482 0.00150086 5.37128e-05
 0.989698 0.0102097 9.19794e-05 0 0
 0.975433 0.0193895 0.00387452 0.00125025 5.28907e-05
 0.303575 0.632131 0.0575291 0.00676475 0
 0.966965 0.00978017 0.0227588 0.000495775 0
 0.843318 0.132988 0.00938335 0.0141283 0.000182051
 0.564624 0.303363 0.111486 0.0197234 0.00080311
 0.826376 0.0876187 0.0782897 0.00655872 0.00115652
 0.89761 0.0855135 0.0140674 0.00269457 0.000114338
 0.34875 0.467042 0.161289 0.0227151 0.000203297
 0.318654 0.224769 0.449479 0.00709798 0
 0.937255 0.0296025 0.0250945 0.00804832 0
ppred_RECLAS
 0.938317 0.0389914 0.0143441 0.00527691 0.00307104
 0.0102796 0.961822 0.017635 0.00648754 0.0037756
 0.564428 0.0100208 0.413556 0.00758253 0.00441286
 0.510357 0.365511 0.00285579 0.117858 0.00341853
 0.0245045 0.738736 0.176738 0.00138088 0.0586415
 0.999687 3.96137e-05 0.000207308 4.9597e-05 1.68438e-05
 0.00577178 0.994099 1.63782e-05 8.57111e-05 2.74699e-05
 0.0201608 0.0167173 0.962996 1.58658e-05 0.00010964
 0.992964 0.000400838 0.000113211 0.00652148 8.49934e-07
 0.0222124 0.974858 0.000166888 4.71353e-05 0.00271556
 0.246162 0.0380255 0.713668 0.000122174 0.0020225
 0.988611 0.00498099 0.000323226 0.00606635 1.82302e-05
 0.0338921 0.961623 0.0019615 0.000127285 0.00239608
 0.879686 0.00939358 0.110406 0.000225203 0.000289713
 0.34339 0.623738 0.00256647 0.0301645 0.000140683
 0.978469 0.012646 0.00844041 3.47294e-05 0.000410089
 0.77125 0.226549 0.00129299 0.000862991 4.54806e-05
 0.0447215 0.834003 0.120108 0.0006855 0.00048164
 0.0214955 0.0856529 0.779501 0.112259 0.00109087
 0.0781902 0.0424792 0.0769718 0.700497 0.101862
 0.984449 0.00280941 0.000587155 0.00106392 0.0110903
 0.339043 0.656311 0.000839332 0.000175417 0.00363117
 0.0572054 0.500301 0.439383 0.000561911 0.00254841
 0.866584 0.0156117 0.0625139 0.0549021 0.000388643
 0.247659 0.701736 0.00592153 0.0237116 0.0209718
 0.0258445 0.399766 0.535755 0.00452091 0.0341144
 0.838994 0.00875399 0.0624797 0.0837335 0.00603835
 0.838377 0.148947 0.000689169 0.00491879 0.0070674
 0.00322276 0.912253 0.077895 0.000360415 0.00626843
 0.0034397 0.00655607 0.906055 0.0773657 0.0065838
 0.292809 0.00510052 0.00461884 0.638328 0.0591436
pobs_PELACES
 0 0 0 0 0
 0 0 0 0 0
 0 0 0 0 0
 0 0 0 0 0
 0 0 0 0 0
 0 0 0 0 0
 0 0 0 0 0
 0 0 0 0 0
 0 0 0 0 0
 0 0 0 0 0
 0 0 0 0 0
 0 0 0 0 0
 0 0 0 0 0
 0 0 0 0 0
 0 0 0 0 0
 0 0 0 0 0
 0.505614 0.472636 0.0217494 0 0
 0 0 0 0 0
 0.443492 0.261883 0.143347 0.151278 0
 0.227955 0.32914 0.350689 0.0885471 0.00366901
 0.970185 0.0296113 0.000203453 0 0
 0.997202 0.00247181 0.000326279 0 0
 0.445219 0.490057 0.0546422 0.010081 0
 0.90214 0.0892962 0.00764917 0.000914606 0
 0 0 0 0 0
 0.581667 0.319106 0.0959925 0.00289975 0.000334073
 0.762889 0.0836404 0.116647 0.0363945 0.000428098
 0.88444 0.0763242 0.0277011 0.0115352 0
 0.521256 0.241999 0.230069 0.00667565 0
 0.616807 0.101726 0.260614 0.0208532 0
 0.833518 0.0704572 0.0857862 0.0102388 0
ppred_PELACES
 0.942924 0.0360788 0.0132726 0.00488273 0.00284164
 0.0111566 0.96097 0.0176193 0.00648179 0.00377225
 0.585016 0.00954713 0.394008 0.00722412 0.00420427
 0.576304 0.316282 0.00247116 0.101984 0.0029581
 0.0480683 0.720891 0.172468 0.00134752 0.057225
 0.999723 3.5074e-05 0.000183551 4.39133e-05 1.49135e-05
 0.00751287 0.992358 1.63496e-05 8.5561e-05 2.74218e-05
 0.0258237 0.0166207 0.957431 1.57741e-05 0.000109006
 0.993684 0.000359815 0.000101625 0.00585406 7.6295e-07
 0.0245674 0.97251 0.000166486 4.70218e-05 0.00270902
 0.268107 0.0369185 0.692892 0.000118618 0.00196362
 0.990078 0.00433962 0.000281606 0.00528523 1.58829e-05
 0.0382023 0.957333 0.00195274 0.000126717 0.00238539
 0.896729 0.00806292 0.0947661 0.000193302 0.000248673
 0.390568 0.578922 0.00238207 0.0279972 0.000130575
 0.98013 0.0116705 0.0077893 3.20503e-05 0.000378454
 0.773529 0.224291 0.00128011 0.000854392 4.50274e-05
 0.0454113 0.833401 0.120022 0.000685005 0.000481292
 0.022853 0.0855341 0.77842 0.112104 0.00108935
 0.0916072 0.0418609 0.0758515 0.690301 0.100379
 0.985518 0.00261632 0.000546801 0.000990796 0.0103281
 0.353564 0.641892 0.000820892 0.000171563 0.0035514
 0.0604213 0.498594 0.437885 0.000559994 0.00253972
 0.871487 0.015038 0.0602166 0.0528845 0.000374361
 0.254554 0.695304 0.00586726 0.0234943 0.0207796
 0.0272129 0.399204 0.535002 0.00451456 0.0340665
 0.84941 0.00818771 0.058438 0.0783169 0.00564774
 0.841882 0.145718 0.000674226 0.00481214 0.00691417
 0.00327367 0.912207 0.0778911 0.000360397 0.00626811
 0.00355717 0.0065553 0.905948 0.0773566 0.00658302
 0.321981 0.00489012 0.00442831 0.611996 0.0567039
pobs_pel_tallas
 0 0 0 0 0 0 0 0 0 0 0 0 0 0 0 0 0 0 0 0 0 0 0 0 0 0
 0 0 0 0 0 0 0 0 0 0 0 0 0 0 0 0 0 0 0 0 0 0 0 0 0 0
 0 0 0 0 0 0 0 0 0 0 0 0 0 0 0 0 0 0 0 0 0 0 0 0 0 0
 0 0 0 0 0 0 0 0 0 0 0 0 0 0 0 0 0 0 0 0 0 0 0 0 0 0
 0 0 0 0 0 0 0 0 0 0 0 0 0 0 0 0 0 0 0 0 0 0 0 0 0 0
 0 0 0 0 0 0 0 0 0 0 0 0 0 0 0 0 0 0 0 0 0 0 0 0 0 0
 0 0 0 0 0 0 0 0 0 0 0 0 0 0 0 0 0 0 0 0 0 0 0 0 0 0
 0 0 0 0 0 0 0 0 0 0 0 0 0 0 0 0 0 0 0 0 0 0 0 0 0 0
 0 0 0 0 0 0 0 0 0 0 0 0 0 0 0 0 0 0 0 0 0 0 0 0 0 0
 0 0 0 0 0 0 0 0 0 0 0 0 0 0 0 0 0 0 0 0 0 0 0 0 0 0
 0 0 0 0 0 0 0 0 0 0 0 0 0 0 0 0 0 0 0 0 0 0 0 0 0 0
 0 0 0 0 0 0 0 0 0 0 0 0 0 0 0 0 0 0 0 0 0 0 0 0 0 0
 0.00862536 0 0 0.000197151 0.00414017 0.0128641 0.00837892 0.0270097 0.101434 0.158115 0.152841 0.127902 0.109271 0.109419 0.0830992 0.0579132 0.0238553 0.00714673 0.00463305 0.00128148 0.00103504 0.000492878 0.000147863 0.000147863 4.92878e-05 0
 0 0 0 0 0 0 0 0 0 0 0 0 0 0 0 0 0 0 0 0 0 0 0 0 0 0
 0 0 0 0 0 0 0 0.0054083 0.00873648 0.0413646 0.0450493 0.0745869 0.0622846 0.0627006 0.0613931 0.0827291 0.12552 0.122667 0.0946155 0.0697135 0.0546179 0.0294188 0.0215738 0.0213955 0.0102223 0.00600262
 0 0 0 0 0.00359764 0.0251062 0.0480494 0.140153 0.205849 0.193036 0.1447 0.116669 0.0760912 0.0342217 0.00950174 0.001854 0.000860785 0 0 0 0.000165536 0 0.000143464 0 0 0
 0 0 0 0 0 0 0 0.000145254 0.000435761 0.0275982 0.070085 0.0708112 0.156366 0.174668 0.174014 0.160142 0.0824315 0.0480064 0.0283245 0.00493863 0.00203355 0 0 0 0 0
 0 0 0 0 0 0 0 0 0 0 0 0 0 0 0 0 0 0 0 0 0 0 0 0 0 0
 0 0 1.00437e-05 0.000401748 0.00122533 0.00171747 0.00176769 0.0269171 0.070346 0.194647 0.189555 0.159765 0.064822 0.0314167 0.0384472 0.0292271 0.0345202 0.0313363 0.0194345 0.0106764 0.0143323 0.0359363 0.0279516 0.0138201 0.00172751 0
 0 0.0021121 0.0136068 0.0755702 0.200478 0.177729 0.0527432 0.0373336 0.0318909 0.0142505 0.0149659 0.0166563 0.0217959 0.0798694 0.0677717 0.0528807 0.04013 0.0224614 0.0357745 0.0225083 0.00881397 0.00855152 0.00135912 0.000746735 0 0
 0 0 0 0 5.4009e-05 0.00500934 0.000945158 0.0243581 0.138947 0.33067 0.221406 0.137944 0.0707744 0.0437923 0.0131692 0.00525238 0.0047753 0.00276346 9.45158e-05 9.00151e-06 2.25038e-05 9.00151e-06 4.50075e-06 0 0 0
 0.000866109 0.00284123 0.00948549 0.0512746 0.133035 0.25785 0.225252 0.132002 0.0553304 0.0519788 0.0540692 0.017754 0.00435017 0.00159236 0.00146478 0.000404838 0.000125132 0.000115318 0.000107957 0.000100596 0 0 0 0 0 0
 0 0 0 0 0.00144013 0.00171154 0.00461396 0.0210425 0.0478622 0.0707936 0.0888783 0.103762 0.0637923 0.0337046 0.0602308 0.124433 0.169614 0.0934646 0.0462172 0.0250306 0.0313229 0.00938855 0.002487 0.000210481 0 0
 0 0.00764035 0.051015 0.0998891 0.058973 0.0496711 0.0374665 0.0718981 0.12319 0.153886 0.159021 0.0857701 0.0377988 0.023471 0.0147837 0.00900784 0.00315554 0.000888139 0.00291439 0.00214683 0.00393193 0.00274676 0.000635225 9.99891e-05 0 0
 0 0 0 0 0 0 0 0 0 0 0 0 0 0 0 0 0 0 0 0 0 0 0 0 0 0
 0 0 0 0 0 0 0 0 0 0 0 0 0 0 0 0 0 0 0 0 0 0 0 0 0 0
 0 0 0 0 0 0 0 0 0 0 0 0 0 0 0 0 0 0 0 0 0 0 0 0 0 0
 0 0 0 0 0 0 0 0 0 0 0 0 0 0 0 0 0 0 0 0 0 0 0 0 0 0
 0 0 0 0 0 0 0 0 0 0 0 0 0 0 0 0 0 0 0 0 0 0 0 0 0 0
 0 0 0 0 0 0 0 0 0 0 0 0 0 0 0 0 0 0 0 0 0 0 0 0 0 0
 0 0 0 0 0 0 0 0 0 0 0 0 0 0 0 0 0 0 0 0 0 0 0 0 0 0
ppred_pel_tallas
 1.01363e-16 7.76674e-05 0.000754955 0.00501694 0.0228063 0.0709589 0.151185 0.22066 0.220664 0.151203 0.0710162 0.0229721 0.00543397 0.00166774 0.00181837 0.00290217 0.00421818 0.0054005 0.00613419 0.00627867 0.00594264 0.00539529 0.00488444 0.0045073 0.00421198 0.00388934
 1.02043e-16 9.19156e-07 8.93462e-06 5.93782e-05 0.000269981 0.000840508 0.00179421 0.00263807 0.0027305 0.00224575 0.00235609 0.00464502 0.0110319 0.023931 0.0453417 0.0747176 0.107071 0.133463 0.144785 0.136852 0.112965 0.0818439 0.0526254 0.0307647 0.0171607 0.00985808
 1.12809e-16 4.8187e-05 0.000468395 0.00311265 0.0141497 0.0440248 0.0937996 0.136904 0.136905 0.0938074 0.0440526 0.0142377 0.00336285 0.00111086 0.0015497 0.00321714 0.00632693 0.0114769 0.0191721 0.0294242 0.0413625 0.0531005 0.0621111 0.0660943 0.063941 0.0562402
 1.10881e-16 4.74695e-05 0.00046142 0.0030663 0.013939 0.0433695 0.0924044 0.134873 0.134904 0.0925532 0.043869 0.0153814 0.00668588 0.00836011 0.015042 0.0247811 0.0356847 0.0449006 0.0496123 0.0486564 0.0432958 0.036427 0.0308238 0.0277453 0.0267324 0.0263838
 1.14981e-16 3.95947e-06 3.84876e-05 0.000255767 0.00116272 0.00361803 0.00771117 0.0112693 0.0113389 0.00805127 0.00476031 0.00446344 0.00854642 0.0181549 0.0344629 0.0571058 0.0825863 0.104536 0.116442 0.115291 0.103315 0.0863552 0.0702197 0.0579226 0.0493939 0.0429938
 1.00013e-16 8.23458e-05 0.000800431 0.00531914 0.0241801 0.0752331 0.160292 0.233951 0.233951 0.160292 0.0752332 0.0241802 0.00531961 0.000801505 8.45273e-05 9.76199e-06 6.86607e-06 1.01101e-05 1.45548e-05 1.99355e-05 2.60428e-05 3.23048e-05 3.77355e-05 4.11786e-05 4.17605e-05 3.92811e-05
 1.00268e-16 6.19032e-07 6.0173e-06 3.99917e-05 0.000181855 0.000566331 0.00121016 0.00178626 0.00188168 0.00167628 0.00213077 0.0046975 0.0113636 0.0246884 0.0467671 0.0770264 0.110283 0.137261 0.14851 0.139681 0.114208 0.0811792 0.0501656 0.0269559 0.0126009 0.00513219
 1.27654e-16 2.12707e-06 2.06759e-05 0.000137399 0.000624596 0.00194337 0.00414065 0.00604403 0.0060471 0.00415637 0.00200039 0.00080799 0.000668131 0.00141154 0.00332183 0.00724981 0.0145258 0.026722 0.0450857 0.0696146 0.0981158 0.125925 0.146884 0.155493 0.149247 0.12981
 1.00591e-16 8.18484e-05 0.000795596 0.00528701 0.024034 0.0747787 0.159324 0.232538 0.232538 0.159324 0.0747793 0.0240358 0.0052917 0.000806312 0.000103738 4.63114e-05 6.99356e-05 0.000113749 0.000180423 0.000280524 0.00042465 0.000615983 0.00084237 0.00107303 0.00126395 0.0013714
 1.00717e-16 2.02379e-06 1.9672e-05 0.000130732 0.000594346 0.00184973 0.00394451 0.00577673 0.00587024 0.00440131 0.00338289 0.00501973 0.0112281 0.0242089 0.0458348 0.0754902 0.108088 0.134538 0.145586 0.136974 0.112075 0.0797976 0.0495223 0.0269122 0.0129799 0.00577317
 1.20349e-16 2.20836e-05 0.000214661 0.0014265 0.00648465 0.0201762 0.0429877 0.0627427 0.0627473 0.0430107 0.0202567 0.00673067 0.00209472 0.00184065 0.00359854 0.00718274 0.013285 0.0227961 0.0363839 0.0539419 0.0739744 0.0933373 0.107813 0.113561 0.108781 0.0946102
 1.00543e-16 8.15514e-05 0.000792709 0.00526783 0.0239468 0.0745073 0.158746 0.231694 0.231695 0.158748 0.0745142 0.0239667 0.00531794 0.000902437 0.000291026 0.000355174 0.000511897 0.000662958 0.000772379 0.00083213 0.00086526 0.000910482 0.000994295 0.00111118 0.00122504 0.00128865
 1.00718e-16 3.14687e-06 3.05888e-05 0.000203278 0.000924128 0.0028758 0.00613059 0.00896708 0.00905913 0.00658028 0.00438509 0.00528065 0.0111281 0.0238442 0.0451253 0.0743231 0.106424 0.132483 0.143391 0.134957 0.110496 0.0787691 0.0489975 0.0267461 0.0130083 0.00586725
 1.02799e-16 7.38624e-05 0.000717969 0.00477115 0.021689 0.0674825 0.143779 0.209849 0.20985 0.143783 0.0674982 0.0217363 0.00489695 0.00101536 0.000705163 0.00122161 0.00215291 0.00353636 0.00543057 0.00780792 0.0104745 0.0130278 0.0149197 0.0156415 0.0149491 0.0129908
 1.03047e-16 3.21707e-05 0.000312711 0.00207808 0.00944666 0.0293924 0.0626256 0.0914156 0.0914713 0.0628976 0.0303053 0.0120821 0.00868753 0.0147223 0.0273434 0.0450101 0.0645041 0.0804297 0.0873276 0.0827205 0.0686518 0.0504134 0.0335023 0.0211269 0.0136827 0.00981818
 1.00296e-16 8.0732e-05 0.000784744 0.0052149 0.0237062 0.0737587 0.157151 0.229366 0.229367 0.157156 0.0737773 0.0237602 0.00535087 0.00108304 0.000651565 0.000960567 0.00140174 0.00181598 0.00209939 0.0022021 0.00214714 0.00200292 0.00183049 0.00165106 0.0014538 0.0012258
 1.00188e-16 6.37146e-05 0.000619329 0.00411566 0.0187092 0.0582114 0.124026 0.181024 0.181046 0.124132 0.058565 0.01973 0.00667555 0.00619955 0.0106379 0.0174236 0.0249473 0.0310651 0.0336408 0.0316931 0.0259967 0.0185991 0.0116533 0.00645542 0.00323297 0.00153683
 1.03827e-16 3.74064e-06 3.63604e-05 0.000241632 0.00109847 0.00341818 0.00728577 0.0106506 0.0107309 0.00767822 0.0047359 0.00490433 0.00979429 0.0208878 0.0395977 0.0654373 0.0942115 0.118345 0.13008 0.125775 0.108035 0.0838867 0.0605769 0.0422601 0.0294951 0.020833
 1.33913e-16 1.88239e-06 1.82975e-05 0.000121594 0.000552754 0.00171987 0.00366471 0.00535072 0.00536019 0.00371154 0.00188064 0.00103273 0.0013854 0.00297246 0.00618477 0.0117155 0.0203593 0.0328699 0.0497859 0.0710292 0.0952526 0.119333 0.138671 0.148595 0.146293 0.132138
 1.88415e-16 7.54558e-06 7.33457e-05 0.000487408 0.00221569 0.00689386 0.0146882 0.0214388 0.0214433 0.01471 0.00696805 0.00243562 0.00106177 0.00140515 0.00278015 0.00526678 0.00931588 0.0156843 0.0255379 0.0403873 0.0615808 0.0893516 0.121835 0.154717 0.18199 0.197724
 1.01864e-16 8.11758e-05 0.000789058 0.00524357 0.0238365 0.0741642 0.158015 0.230627 0.230627 0.158016 0.0741684 0.0238487 0.00527427 0.000856725 0.000211759 0.000227623 0.000335925 0.000460547 0.000591634 0.0007431 0.000950039 0.00125273 0.0016698 0.0021761 0.00269872 0.00313481
 1.00806e-16 2.91227e-05 0.000283083 0.00188119 0.00855166 0.0266077 0.0566928 0.0827578 0.0828195 0.0569943 0.0276197 0.0114727 0.00920623 0.01625 0.0302833 0.0498353 0.0713577 0.0888326 0.096153 0.0905143 0.0741444 0.0529242 0.0330393 0.0182174 0.00911238 0.00442046
 1.1325e-16 4.97693e-06 4.83776e-05 0.000321488 0.00146147 0.00454743 0.00969058 0.0141539 0.0142025 0.0099284 0.00534757 0.00377962 0.00616705 0.0128972 0.0246637 0.0414308 0.0612189 0.0801576 0.0941464 0.10104 0.10154 0.0980155 0.0923839 0.0849834 0.0751688 0.0627009
 1.07109e-16 7.17832e-05 0.000697758 0.00463685 0.0210784 0.0655829 0.139731 0.203942 0.203944 0.139739 0.0656089 0.0211551 0.00483484 0.00114835 0.0009823 0.00165595 0.0027259 0.00417315 0.00603764 0.00837039 0.0111695 0.0142741 0.0172966 0.0196801 0.0208809 0.0205823
 1.0622e-16 2.09675e-05 0.000203811 0.0013544 0.00615695 0.0191569 0.0408183 0.0595895 0.0596564 0.041145 0.0202535 0.00932252 0.00929382 0.0175139 0.0328326 0.0540821 0.0775279 0.0967176 0.105116 0.0997723 0.0831697 0.0616855 0.0419269 0.0277223 0.0194817 0.0154798
 1.21759e-16 2.24158e-06 2.1789e-05 0.000144797 0.000658251 0.00204827 0.00436551 0.00637979 0.00641901 0.00455748 0.00269501 0.00253568 0.00489291 0.0105042 0.0202529 0.0343696 0.051579 0.0691558 0.0841493 0.0949362 0.101732 0.105565 0.106741 0.104332 0.0970987 0.0848624
 1.10499e-16 6.99648e-05 0.000680082 0.00451939 0.0205445 0.0639215 0.136192 0.198776 0.198777 0.136196 0.0639369 0.0205906 0.00464122 0.000966601 0.000675775 0.001172 0.00208089 0.00348485 0.00554277 0.00840134 0.012094 0.0164174 0.0208646 0.0246926 0.0271292 0.027634
 1.0171e-16 6.93447e-05 0.000674055 0.00447933 0.0203624 0.0633551 0.134985 0.197018 0.197032 0.135054 0.0635849 0.0210258 0.00614316 0.00430163 0.00694551 0.0113384 0.0162483 0.0202726 0.0220409 0.0209404 0.0174988 0.0130602 0.00901311 0.0061558 0.00456 0.00384133
 1.03578e-16 2.69838e-07 2.62301e-06 1.74351e-05 7.93113e-05 0.000247238 0.000530012 0.00079198 0.000879813 0.000959138 0.00168785 0.00423911 0.0104546 0.0227721 0.043199 0.0712985 0.102428 0.128209 0.140079 0.134062 0.113147 0.0853074 0.0588268 0.03855 0.0251957 0.017035
 1.35018e-16 2.93005e-07 2.84811e-06 1.89268e-05 8.60394e-05 0.00026771 0.000570455 0.000833004 0.00083506 0.000581175 0.000307829 0.000220103 0.000424011 0.00111387 0.00277403 0.00631486 0.0131203 0.024874 0.0429985 0.0677102 0.0970454 0.126524 0.150032 0.161865 0.15902 0.14246
 1.711e-16 2.65212e-05 0.000257795 0.00171314 0.00778768 0.0242304 0.0516254 0.0753489 0.0753496 0.051629 0.0242432 0.00782845 0.00183053 0.000567466 0.000783897 0.00173674 0.0037437 0.00761355 0.0145391 0.0259229 0.0429159 0.0656865 0.0926868 0.120371 0.143751 0.157811
pSPR Fmed_Fpbrs
0.485324   0.285572 0.285572
Fs Fmed_Fpbrs
0.508243   1.005 1.005
SSBpbr Bo_Bmed_Bpbrs
2.15596e+06  938540  507884 507884
Ro
26122.8
SPR SPRFo_SPRFmed_SPRFpbrs
186724 90621.4 53323.1
Fref
1.005
Nvult_r0
 13681.1 162.656 147.295 20356.3 1886.09
CTP_r0
 4015.5 73.816 66.8451 9238.05 855.941
YTP_r0
391448
Np
 153023 4387.33 31.0446 28.1129 4507.91
Nvult_p0
 118965 3796.53 26.8642 24.3272 3900.88
CTP_p0
 39786.8 1903 13.4656 12.1939 1955.3
YTP_p0
 397028
CBA_c0
393122
log_Ro
9.99056
likeval ReclasPelacesDesembMPH_pf_preclas_ppelaces_ptallas_desvR_qrecl_qpela
 88.5045 110.262 0.535923 0.00335985 528.709 297.226 196.808 0 300.256 0 0 0.196826 0 0 0
q_reclas_q_pelaces
1 1
M
1
N
 488650 11505.3 4232.56 1557.07 906.179
 2639.61 139986 2566.63 944.211 549.509
 74926.1 755.674 31186.5 571.803 332.776
 39839.1 21353.2 166.836 6885.29 199.711
 150.676 6541.87 1565.1 12.2283 519.299
 280413 6.68135 34.9651 8.36516 2.84092
 554.056 71330.6 1.1752 6.15012 1.97107
 149.849 91.1999 5253.53 0.0865544 0.59813
 107502 25.5824 7.2254 416.216 0.0542447
 1108.84 28449.8 4.87039 1.37557 79.2498
 3245.85 298.392 5600.25 0.95872 15.8708
 270911 842.879 54.696 1026.54 3.0849
 3815.8 65339.6 133.278 8.64866 162.807
 139074 963.518 11324.5 23.0995 29.7164
 24587.4 30385.9 125.028 1469.49 6.85347
 667653 4885.05 3260.46 13.4157 158.414
 1.2791e+06 191590 1093.47 729.822 38.4624
 47356.4 452425 65155.6 371.866 261.277
 7575.58 16595.5 151031 21750.6 211.359
 6529.07 2305.17 4176.93 38013 5527.61
 893067 1421.82 297.154 538.439 5612.72
 247410 263909 337.504 70.5369 1460.13
 15692.6 74937.3 65812.8 84.1655 381.713
 503463 4840.91 19384.4 17024.2 120.511
 108532 162545 1371.62 5492.39 4857.77
 4263.07 35727.6 47881.2 404.04 3048.86
 227059 1335.61 9532.61 12775.3 921.279
 710991 65704.7 304.011 2169.81 3117.62
 1667.36 241675 20636 95.4816 1660.64
 583.142 584.846 80826.3 6901.56 587.32
 18068.4 193.701 175.408 24241.6 2246.08
pred_Ctot
 69756.6 2980.39 1096.43 403.353 234.742
 377.725 36341.5 666.32 245.126 142.657
 10895.5 199.034 8214.07 150.605 87.6484
 14866.7 12215.9 95.4448 3938.99 114.252
 97.7808 5263.14 1259.17 9.83809 417.793
 56349.3 2.33783 12.2344 2.927 0.994049
 206.314 40744.9 0.671291 3.51302 1.1259
 53.9693 50.8543 2929.44 0.048264 0.333526
 19586 8.22534 2.32313 133.823 0.017441
 193.042 8791.14 1.50498 0.42506 24.4886
 620.758 100.059 1877.93 0.321487 5.32195
 61026.1 324.865 21.0811 395.653 1.18899
 779.873 23195.5 47.3137 3.07027 57.7965
 37231.2 427.88 5029.01 10.2581 13.1965
 7510.71 14973 61.609 724.11 3.37714
 94728.2 1258.5 839.967 3.45618 40.811
 31251.5 9211.21 52.5716 35.0882 1.84919
 1424.83 26684.9 3843.01 21.9334 15.4107
 840.666 3416.7 31094.4 4478.03 43.5148
 1756.76 1027.85 1862.46 16949.6 2464.71
 113056 330.33 69.0376 125.095 1304
 28071 55456.9 70.9218 14.8224 306.827
 1624.78 14469 12707.2 16.2508 73.7015
 39368.5 718.303 2876.3 2526.08 17.8817
 7280.76 20849 175.932 704.484 623.084
 405.099 6368.41 8534.77 72.0198 543.456
 31234 334.609 2388.2 3200.6 230.808
 34387.7 6153.64 28.4725 203.216 291.984
 49.232 13994.2 1194.93 5.52885 96.1591
 36.0838 69.4394 9596.58 819.428 69.733
 4015.5 73.816 66.8451 9238.05 855.941
F
 0.250106 0.500212 0.500212 0.500212 0.500212
 0.250778 0.501555 0.501555 0.501555 0.501555
 0.255299 0.510599 0.510599 0.510599 0.510599
 0.806628 1.61326 1.61326 1.61326 1.61326
 2.11581 4.23163 4.23163 4.23163 4.23163
 0.368939 0.737878 0.737878 0.737878 0.737878
 0.804212 1.60842 1.60842 1.60842 1.60842
 0.767726 1.53545 1.53545 1.53545 1.53545
 0.329365 0.65873 0.65873 0.65873 0.65873
 0.312665 0.62533 0.62533 0.62533 0.62533
 0.348308 0.696616 0.696616 0.696616 0.696616
 0.422193 0.844386 0.844386 0.844386 0.844386
 0.376313 0.752626 0.752626 0.752626 0.752626
 0.521029 1.04206 1.04206 1.04206 1.04206
 0.616054 1.23211 1.23211 1.23211 1.23211
 0.248412 0.496824 0.496824 0.496824 0.496824
 0.0392892 0.0785785 0.0785785 0.0785785 0.0785785
 0.0485694 0.0971389 0.0971389 0.0971389 0.0971389
 0.189777 0.379555 0.379555 0.379555 0.379555
 0.524329 1.04866 1.04866 1.04866 1.04866
 0.219057 0.438114 0.438114 0.438114 0.438114
 0.194395 0.388791 0.388791 0.388791 0.388791
 0.176091 0.352181 0.352181 0.352181 0.352181
 0.130554 0.261108 0.261108 0.261108 0.261108
 0.111117 0.222235 0.222235 0.222235 0.222235
 0.160603 0.321206 0.321206 0.321206 0.321206
 0.240039 0.480079 0.480079 0.480079 0.480079
 0.0790652 0.15813 0.15813 0.15813 0.15813
 0.0476463 0.0952926 0.0952926 0.0952926 0.0952926
 0.102117 0.204234 0.204234 0.204234 0.204234
 0.415444 0.830888 0.830888 0.830888 0.830888
nmprior
 8.19 8.8 8.5 0
nm_flota  nm_reclas  nm_pelaces    nm_pelaL
0 1.55356 2.12307 2.66106
cv_recla  cv_pelaces  cv_mph
0.850957 1.19065 1.78881
 ------------------------------------------------
Talla a la edad & desviaci?n 
 8 13.2811 15.8009 17.003 17.5766
 0.8 1.32811 1.58009 1.7003 1.75766
