years
 1991 1992 1993 1994 1995 1996 1997 1998 1999 2000 2001 2002 2003 2004 2005 2006 2007 2008 2009 2010 2011 2012 2013 2014 2015 2016 2017 2018 2019 2020 2021
reclasobs
 0 0 0 0 0 0 0 0 0 252601 567819 844713 477998 351125 339783 2.1784e+06 2.13404e+06 4.81314e+06 1.55562e+06 2.62356e+06 3.21686e+06 3.843e+06 1.13348e+06 3.07943e+06 1.97215e+06 2.03268e+06 2.025e+06 2.42433e+06 2.27542e+06 1.05018e+06 2.36338e+06
reclaspred
 2.14018e+06 1.58835e+06 841667 622038 666057 943357 653396 545426 374546 298242 380153 550115 513478 416827 516572 958159 1.45586e+06 2.23895e+06 2.06417e+06 1.65789e+06 2.87001e+06 2.21275e+06 1.98963e+06 2.54764e+06 2.25379e+06 2.02913e+06 2.07839e+06 2.16406e+06 2.43042e+06 1.53967e+06 1.93242e+06
pelacesobs
 0 0 0 0 0 0 0 0 0 0 0 0 0 0 0 552880 188675 0 991730 2.46772e+06 1.41603e+06 1.21717e+06 2.29649e+06 1.80582e+06 0 1.4828e+06 1.56532e+06 1.57751e+06 1.42118e+06 867257 1.10002e+06
pelacespred
 910359 744917 413429 260636 291522 406041 259439 263868 179839 133426 186701 219761 223396 194884 259776 400786 600241 986676 1.00473e+06 767067 1.18466e+06 1.07974e+06 934257 1.28584e+06 1.15799e+06 1.00133e+06 1.14818e+06 1.22534e+06 1.11365e+06 802690 993594
mphobs
 0 0 0 0 0 0 0 0 0 0 0 498337 0 5186 125008 0 168611 109162 213762 579715 649985 157893 87575 83554 0 0 0 0 0 0 0
mphpred
 1.64029e+06 1.69391e+06 911576 500075 488462 577837 721107 413187 363322 245698 198628 411026 406371 320568 269328 464030 1.01743e+06 1.28695e+06 1.73545e+06 1.46293e+06 1.63186e+06 2.04277e+06 1.7265e+06 1.47654e+06 2.16086e+06 1.69007e+06 1.45182e+06 1.55837e+06 2.20133e+06 1.53358e+06 1.03917e+06
desembarqueobs
 494567 514787 250237 358949 120608 361735 552515 73892 212993 205616 52469 317467 293654 387597 252695 516296 358380 742168 942051 627588 828172 859565 418607 520667 417249 300574 407403 355545 319650 289779 391294
desembarquepred
 494428 510772 251871 359001 120488 361537 552138 73854.7 212910 205711 52438.7 317628 293513 388167 252689 516375 358402 741989 941963 627952 829108 860610 418871 520835 417272 300382 407532 355229 319437 289919 391635
Reclutas
 387168 64613.8 86245 149628 135280 209695 87808.7 36361.8 38556.3 67228.6 129555 133203 112696 103911 130818 434419 190376 575183 496346 346605 511834 553841 157180 429513 307771 173569 353383 400111 124907 107023 421448
log_desv_Rt
 0.750144 -1.04029 -0.751522 -0.20056 -0.301365 0.136938 -0.733554 -1.6152 -1.5566 -1.00062 -0.344607 -0.316844 -0.484022 -0.565183 -0.33491 0.865294 0.0402838 1.14597 0.998558 0.639472 1.02929 1.10816 -0.151322 0.853937 0.520641 -0.0521382 0.658837 0.783027 -0.381148 -0.535668 0.834983
SSB
 1.64029e+06 1.69391e+06 911576 500075 488462 577837 721107 413187 363322 245698 198628 411026 406371 320568 269328 464030 1.01743e+06 1.28695e+06 1.73545e+06 1.46293e+06 1.63186e+06 2.04277e+06 1.7265e+06 1.47654e+06 2.16086e+06 1.69007e+06 1.45182e+06 1.55837e+06 2.20133e+06 1.53358e+06 1.03917e+06
BT
 2.92242e+06 2.27302e+06 1.25677e+06 1.10258e+06 927345 1.64072e+06 1.18267e+06 833127 741068 621298 691484 937927 958149 1.08446e+06 1.21642e+06 1.89314e+06 2.01965e+06 3.94551e+06 4.01571e+06 2.7524e+06 4.50802e+06 3.92489e+06 2.89314e+06 4.87974e+06 3.46964e+06 3.06982e+06 4.19345e+06 4.35562e+06 3.0101e+06 2.37609e+06 3.87052e+06
Ftot
 0.217989 0.300225 0.280101 0.52957 0.171312 0.357889 0.751657 0.128636 0.521481 0.627278 0.131283 0.529627 0.524601 0.833043 0.455303 0.499844 0.231981 0.31082 0.423149 0.353183 0.271538 0.362317 0.198742 0.193587 0.175176 0.14049 0.1857 0.155849 0.124806 0.178051 0.192063
BD_Bspro_t
 0.965723 0.810499 0.632452 0.529856 0.525461 0.624548 0.598059 0.418138 0.472454 0.424874 0.439005 0.685779 0.558155 0.458993 0.403807 0.525274 0.617629 0.653489 0.666941 0.597769 0.578439 0.625466 0.619984 0.626042 0.732684 0.730812 0.743892 0.77554 0.820489 0.763082 0.713988
BD_Bspro
 1.25494 1.29597 0.697424 0.382595 0.37371 0.442088 0.551701 0.316119 0.277969 0.187977 0.151965 0.314466 0.310904 0.245258 0.206056 0.355018 0.77841 0.984616 1.32775 1.11925 1.24849 1.56287 1.3209 1.12966 1.65322 1.29303 1.11075 1.19227 1.68418 1.1733 0.795045
BD_Bo
 0.898416 0.927783 0.499286 0.2739 0.267539 0.316491 0.394963 0.22631 0.198998 0.134573 0.108792 0.225126 0.222576 0.175581 0.147516 0.254158 0.557265 0.704887 0.950539 0.80127 0.893798 1.11886 0.945634 0.808727 1.18354 0.925684 0.795187 0.853545 1.2057 0.839969 0.569173
BD_Brms
 3.81376 3.93842 2.11946 1.1627 1.1357 1.3435 1.67661 0.960681 0.844742 0.57126 0.461821 0.955656 0.944832 0.745336 0.626201 1.07889 2.36558 2.99223 4.03502 3.40138 3.79415 4.74955 4.0142 3.43303 5.02412 3.92951 3.37555 3.62328 5.11819 3.56565 2.41613
Sel_flota
 0.5 1 1 1 1
 0.5 1 1 1 1
 0.5 1 1 1 1
 0.5 1 1 1 1
 0.5 1 1 1 1
 0.5 1 1 1 1
 0.5 1 1 1 1
 0.5 1 1 1 1
 0.5 1 1 1 1
 0.5 1 1 1 1
 0.5 1 1 1 1
 0.5 1 1 1 1
 0.5 1 1 1 1
 0.5 1 1 1 1
 0.5 1 1 1 1
 0.5 1 1 1 1
 0.5 1 1 1 1
 0.5 1 1 1 1
 0.5 1 1 1 1
 0.5 1 1 1 1
 0.5 1 1 1 1
 0.5 1 1 1 1
 0.5 1 1 1 1
 0.5 1 1 1 1
 0.5 1 1 1 1
 0.5 1 1 1 1
 0.5 1 1 1 1
 0.5 1 1 1 1
 0.5 1 1 1 1
 0.5 1 1 1 1
 0.5 1 1 1 1
Sel_reclas
 0.5 1 1 1 1
 0.5 1 1 1 1
 0.5 1 1 1 1
 0.5 1 1 1 1
 0.5 1 1 1 1
 0.5 1 1 1 1
 0.5 1 1 1 1
 0.5 1 1 1 1
 0.5 1 1 1 1
 0.5 1 1 1 1
 0.5 1 1 1 1
 0.5 1 1 1 1
 0.5 1 1 1 1
 0.5 1 1 1 1
 0.5 1 1 1 1
 0.5 1 1 1 1
 0.5 1 1 1 1
 0.5 1 1 1 1
 0.5 1 1 1 1
 0.5 1 1 1 1
 0.5 1 1 1 1
 0.5 1 1 1 1
 0.5 1 1 1 1
 0.5 1 1 1 1
 0.5 1 1 1 1
 0.5 1 1 1 1
 0.5 1 1 1 1
 0.5 1 1 1 1
 0.5 1 1 1 1
 0.5 1 1 1 1
 0.5 1 1 1 1
Sel_pelaces
 0.5 1 1 1 1
 0.5 1 1 1 1
 0.5 1 1 1 1
 0.5 1 1 1 1
 0.5 1 1 1 1
 0.5 1 1 1 1
 0.5 1 1 1 1
 0.5 1 1 1 1
 0.5 1 1 1 1
 0.5 1 1 1 1
 0.5 1 1 1 1
 0.5 1 1 1 1
 0.5 1 1 1 1
 0.5 1 1 1 1
 0.5 1 1 1 1
 0.5 1 1 1 1
 0.5 1 1 1 1
 0.5 1 1 1 1
 0.5 1 1 1 1
 0.5 1 1 1 1
 0.5 1 1 1 1
 0.5 1 1 1 1
 0.5 1 1 1 1
 0.5 1 1 1 1
 0.5 1 1 1 1
 0.5 1 1 1 1
 0.5 1 1 1 1
 0.5 1 1 1 1
 0.5 1 1 1 1
 0.5 1 1 1 1
 0.5 1 1 1 1
pf_obs 
 0.8446 0.082 0.0669 0.0065 0
 0.8095 0.147 0.0364 0.0071 0
 0.9664 0.0169 0.016 0.0007 0
 0.9276 0.0648 0.0075 0.0001 0
 0.7033 0.2144 0.0806 0.0017 0
 0.9318 0.0425 0.0243 0.0014 0
 0.5671 0.3108 0.0964 0.0239 0.0018
 0.0768 0.2599 0.5324 0.112 0.0189
 0.490249 0.384438 0.106611 0.0170017 0.00170017
 0.7925 0.1577 0.0466 0.003 0.0002
 0.840416 0.127587 0.0312969 0.00059994 9.999e-05
 0.8084 0.0986 0.0794 0.0134 0.0002
 0.7335 0.1905 0.0724 0.0035 0.0001
 0.4001 0.4547 0.1325 0.0127 0
 0.49795 0.308269 0.164784 0.0264974 0.00249975
 0.9179 0.0499 0.0305 0.0017 0
 0.2467 0.6533 0.0926 0.0074 0
 0.9418 0.0223 0.034 0.0019 0
 0.707729 0.231977 0.0356964 0.0245975 0
 0.517169 0.277429 0.184464 0.0207286 0.00020938
 0.811772 0.124168 0.05621 0.00726502 0.000585176
 0.764997 0.148141 0.077277 0.00933861 0.000247198
 0.163321 0.427699 0.378323 0.0303852 0.000271297
 0.753843 0.0900009 0.118128 0.0371064 0.000921714
 0.721811 0.176058 0.0630433 0.0369309 0.00215725
 0.143369 0.312575 0.442814 0.0836902 0.0175525
 0.692698 0.0596174 0.167031 0.0765114 0.00414204
 0.394062 0.376323 0.152708 0.0712218 0.00568511
 0.125707 0.32114 0.495352 0.0537591 0.00404204
 0.23352 0.215282 0.420074 0.123614 0.00750983
 0.774587 0.0839891 0.0768558 0.0609784 0.00358967
pf_pred 
 0.613603 0.24425 0.0898544 0.0330556 0.0192376
 0.17178 0.639506 0.11929 0.0438843 0.0255397
 0.410432 0.184057 0.313114 0.0584066 0.0339913
 0.644118 0.214324 0.0441927 0.0751799 0.0221851
 0.573171 0.345645 0.048892 0.0100813 0.0222111
 0.645393 0.26191 0.0750656 0.0106182 0.00701314
 0.38597 0.492555 0.0897207 0.0257148 0.00603984
 0.34064 0.404798 0.204202 0.0371961 0.0131647
 0.468142 0.275316 0.157498 0.0794504 0.0195943
 0.700231 0.20197 0.0506258 0.0289612 0.0182126
 0.757871 0.205837 0.0244523 0.00612921 0.00571127
 0.589002 0.35625 0.0465415 0.00552887 0.00267724
 0.56128 0.338354 0.086997 0.0113655 0.00200395
 0.587813 0.30926 0.0793801 0.0204101 0.00313657
 0.690822 0.243501 0.0492771 0.0126483 0.00375189
 0.839418 0.134398 0.020622 0.00417325 0.00138893
 0.425498 0.530912 0.036482 0.0055978 0.00150984
 0.750647 0.152975 0.0890656 0.0061202 0.00119237
 0.563939 0.378755 0.0351561 0.0204687 0.00168055
 0.484205 0.384908 0.113686 0.0105523 0.00664823
 0.631017 0.249508 0.089158 0.0263335 0.00398424
 0.587757 0.32471 0.0591904 0.0211508 0.00719223
 0.268063 0.556865 0.137898 0.0251371 0.0120368
 0.651035 0.152585 0.149408 0.0369984 0.00997382
 0.470155 0.422845 0.0467859 0.0458116 0.0144027
 0.359374 0.417349 0.178187 0.0197156 0.0253744
 0.62432 0.202511 0.112814 0.0481661 0.0121884
 0.575709 0.330251 0.0506927 0.0282397 0.015108
 0.258211 0.548699 0.150293 0.0230696 0.019727
 0.350239 0.27249 0.279066 0.0764383 0.0217662
 0.76393 0.125574 0.046339 0.0474573 0.0167004
pobs_RECLAS
 0 0 0 0 0
 0 0 0 0 0
 0 0 0 0 0
 0 0 0 0 0
 0 0 0 0 0
 0 0 0 0 0
 0 0 0 0 0
 0 0 0 0 0
 0 0 0 0 0
 0 0 0 0 0
 0.991045 0.00858322 0.000360255 1.14367e-05 0
 0.934742 0.0480273 0.0164251 0.00080598 0
 0.827803 0.169806 0.00239088 0 0
 0.941827 0.0461693 0.0120037 0 0
 0.791401 0.0380133 0.147996 0.0225897 0
 0.846168 0.0940531 0.0597789 0 0
 0.134021 0.677848 0.182769 0.00536245 0
 0.80878 0.0450904 0.141981 0.00414843 0
 0.846168 0.0940531 0.0597789 0 0
 0.905697 0.0802665 0.012482 0.00150086 5.37128e-05
 0.989698 0.0102097 9.19794e-05 0 0
 0.975433 0.0193895 0.00387452 0.00125025 5.28907e-05
 0.303575 0.632131 0.0575291 0.00676475 0
 0.966965 0.00978017 0.0227588 0.000495775 0
 0.843318 0.132988 0.00938335 0.0141283 0.000182051
 0.564624 0.303363 0.111486 0.0197234 0.00080311
 0.826376 0.0876187 0.0782897 0.00655872 0.00115652
 0.89761 0.0855135 0.0140674 0.00269457 0.000114338
 0.34875 0.467042 0.161289 0.0227151 0.000203297
 0.318654 0.224769 0.449479 0.00709798 0
 0.937255 0.0296025 0.0250945 0.00804832 0
ppred_RECLAS
 0.616051 0.242702 0.0892852 0.0328462 0.0191157
 0.173918 0.637855 0.118982 0.0437711 0.0254737
 0.413772 0.183014 0.31134 0.0580756 0.0337987
 0.650934 0.210219 0.0433464 0.0737401 0.0217602
 0.5751 0.344083 0.0486711 0.0100358 0.0221108
 0.649599 0.258804 0.0741755 0.0104922 0.00692998
 0.397182 0.483561 0.0880824 0.0252452 0.00592955
 0.341935 0.404003 0.2038 0.037123 0.0131389
 0.47544 0.271538 0.155337 0.0783601 0.0193254
 0.70796 0.196762 0.0493204 0.0282144 0.017743
 0.75895 0.204919 0.0243433 0.00610188 0.00568581
 0.596213 0.35 0.0457249 0.00543188 0.00263027
 0.568533 0.33276 0.0855588 0.0111776 0.00197082
 0.600838 0.299487 0.0768716 0.0197651 0.00303745
 0.696075 0.239364 0.0484398 0.0124334 0.00368814
 0.843125 0.131295 0.0201459 0.00407691 0.00135686
 0.428213 0.528404 0.0363096 0.00557135 0.00150271
 0.753551 0.151193 0.0880282 0.00604892 0.00117849
 0.569483 0.37394 0.0347092 0.0202085 0.00165918
 0.488735 0.381528 0.112687 0.0104596 0.00658984
 0.634108 0.247417 0.0884111 0.0261129 0.00395086
 0.59228 0.321147 0.058541 0.0209188 0.00711332
 0.269894 0.555472 0.137553 0.0250742 0.0120067
 0.653086 0.151688 0.14853 0.0367809 0.00991519
 0.47217 0.421237 0.046608 0.0456374 0.0143479
 0.360835 0.416396 0.177781 0.0196707 0.0253165
 0.626342 0.201421 0.112207 0.0479069 0.0121228
 0.577444 0.3289 0.0504855 0.0281242 0.0150462
 0.259281 0.547908 0.150076 0.0230363 0.0196985
 0.352115 0.271703 0.27826 0.0762176 0.0217033
 0.765542 0.124716 0.0460225 0.0471332 0.0165864
pobs_PELACES
 0 0 0 0 0
 0 0 0 0 0
 0 0 0 0 0
 0 0 0 0 0
 0 0 0 0 0
 0 0 0 0 0
 0 0 0 0 0
 0 0 0 0 0
 0 0 0 0 0
 0 0 0 0 0
 0 0 0 0 0
 0 0 0 0 0
 0 0 0 0 0
 0 0 0 0 0
 0 0 0 0 0
 0 0 0 0 0
 0.505614 0.472636 0.0217494 0 0
 0 0 0 0 0
 0.443492 0.261883 0.143347 0.151278 0
 0.227955 0.32914 0.350689 0.0885471 0.00366901
 0.970185 0.0296113 0.000203453 0 0
 0.997202 0.00247181 0.000326279 0 0
 0.445219 0.490057 0.0546422 0.010081 0
 0.90214 0.0892962 0.00764917 0.000914606 0
 0 0 0 0 0
 0.581667 0.319106 0.0959925 0.00289975 0.000334073
 0.762889 0.0836404 0.116647 0.0363945 0.000428098
 0.88444 0.0763242 0.0277011 0.0115352 0
 0.521256 0.241999 0.230069 0.00667565 0
 0.616807 0.101726 0.260614 0.0208532 0
 0.833518 0.0704572 0.0857862 0.0102388 0
ppred_PELACES
 0.624522 0.237347 0.0873152 0.0321215 0.0186939
 0.18115 0.632271 0.11794 0.0433878 0.0252507
 0.425026 0.1795 0.305363 0.0569608 0.0331499
 0.670518 0.198425 0.0409146 0.0696031 0.0205394
 0.581992 0.338501 0.0478816 0.009873 0.0217521
 0.662918 0.248966 0.0713558 0.0100934 0.00666655
 0.427222 0.459464 0.0836932 0.0239872 0.00563408
 0.346727 0.401061 0.202316 0.0368527 0.0130432
 0.496931 0.260413 0.148973 0.0751497 0.0185336
 0.72889 0.18266 0.0457857 0.0261923 0.0164714
 0.762891 0.201569 0.0239453 0.00600213 0.00559286
 0.617062 0.331928 0.0433639 0.0051514 0.00249445
 0.589628 0.316491 0.0813757 0.0106311 0.00187446
 0.633303 0.27513 0.0706196 0.0181576 0.00279041
 0.71173 0.227034 0.0459447 0.011793 0.00349817
 0.853728 0.122421 0.0187843 0.00380137 0.00126516
 0.437609 0.51972 0.0357129 0.00547979 0.00147801
 0.762951 0.145426 0.0846706 0.0058182 0.00113354
 0.586512 0.359149 0.0333363 0.0194092 0.00159356
 0.503302 0.370657 0.109477 0.0101616 0.00640209
 0.644439 0.240431 0.0859147 0.0253756 0.0038393
 0.606633 0.309842 0.0564801 0.0201824 0.00686291
 0.276404 0.550519 0.136327 0.0248506 0.0118996
 0.660287 0.14854 0.145447 0.0360175 0.00970938
 0.479379 0.415484 0.0459714 0.0450141 0.0141519
 0.366199 0.412902 0.176289 0.0195056 0.0251041
 0.633485 0.197571 0.110062 0.0469911 0.011891
 0.583705 0.324027 0.0497373 0.0277075 0.0148232
 0.263256 0.544968 0.149271 0.0229127 0.0195928
 0.358846 0.268881 0.27537 0.0754258 0.0214778
 0.771182 0.121716 0.0449154 0.0459994 0.0161874
pobs_pel_tallas
 0 0 0 0 0 0 0 0 0 0 0 0 0 0 0 0 0 0 0 0 0 0 0 0 0 0
 0 0 0 0 0 0 0 0 0 0 0 0 0 0 0 0 0 0 0 0 0 0 0 0 0 0
 0 0 0 0 0 0 0 0 0 0 0 0 0 0 0 0 0 0 0 0 0 0 0 0 0 0
 0 0 0 0 0 0 0 0 0 0 0 0 0 0 0 0 0 0 0 0 0 0 0 0 0 0
 0 0 0 0 0 0 0 0 0 0 0 0 0 0 0 0 0 0 0 0 0 0 0 0 0 0
 0 0 0 0 0 0 0 0 0 0 0 0 0 0 0 0 0 0 0 0 0 0 0 0 0 0
 0 0 0 0 0 0 0 0 0 0 0 0 0 0 0 0 0 0 0 0 0 0 0 0 0 0
 0 0 0 0 0 0 0 0 0 0 0 0 0 0 0 0 0 0 0 0 0 0 0 0 0 0
 0 0 0 0 0 0 0 0 0 0 0 0 0 0 0 0 0 0 0 0 0 0 0 0 0 0
 0 0 0 0 0 0 0 0 0 0 0 0 0 0 0 0 0 0 0 0 0 0 0 0 0 0
 0 0 0 0 0 0 0 0 0 0 0 0 0 0 0 0 0 0 0 0 0 0 0 0 0 0
 0 0 0 0 0 0 0 0 0 0 0 0 0 0 0 0 0 0 0 0 0 0 0 0 0 0
 0.00862536 0 0 0.000197151 0.00414017 0.0128641 0.00837892 0.0270097 0.101434 0.158115 0.152841 0.127902 0.109271 0.109419 0.0830992 0.0579132 0.0238553 0.00714673 0.00463305 0.00128148 0.00103504 0.000492878 0.000147863 0.000147863 4.92878e-05 0
 0 0 0 0 0 0 0 0 0 0 0 0 0 0 0 0 0 0 0 0 0 0 0 0 0 0
 0 0 0 0 0 0 0 0.0054083 0.00873648 0.0413646 0.0450493 0.0745869 0.0622846 0.0627006 0.0613931 0.0827291 0.12552 0.122667 0.0946155 0.0697135 0.0546179 0.0294188 0.0215738 0.0213955 0.0102223 0.00600262
 0 0 0 0 0.00359764 0.0251062 0.0480494 0.140153 0.205849 0.193036 0.1447 0.116669 0.0760912 0.0342217 0.00950174 0.001854 0.000860785 0 0 0 0.000165536 0 0.000143464 0 0 0
 0 0 0 0 0 0 0 0.000145254 0.000435761 0.0275982 0.070085 0.0708112 0.156366 0.174668 0.174014 0.160142 0.0824315 0.0480064 0.0283245 0.00493863 0.00203355 0 0 0 0 0
 0 0 0 0 0 0 0 0 0 0 0 0 0 0 0 0 0 0 0 0 0 0 0 0 0 0
 0 0 1.00437e-05 0.000401748 0.00122533 0.00171747 0.00176769 0.0269171 0.070346 0.194647 0.189555 0.159765 0.064822 0.0314167 0.0384472 0.0292271 0.0345202 0.0313363 0.0194345 0.0106764 0.0143323 0.0359363 0.0279516 0.0138201 0.00172751 0
 0 0.0021121 0.0136068 0.0755702 0.200478 0.177729 0.0527432 0.0373336 0.0318909 0.0142505 0.0149659 0.0166563 0.0217959 0.0798694 0.0677717 0.0528807 0.04013 0.0224614 0.0357745 0.0225083 0.00881397 0.00855152 0.00135912 0.000746735 0 0
 0 0 0 0 5.4009e-05 0.00500934 0.000945158 0.0243581 0.138947 0.33067 0.221406 0.137944 0.0707744 0.0437923 0.0131692 0.00525238 0.0047753 0.00276346 9.45158e-05 9.00151e-06 2.25038e-05 9.00151e-06 4.50075e-06 0 0 0
 0.000866109 0.00284123 0.00948549 0.0512746 0.133035 0.25785 0.225252 0.132002 0.0553304 0.0519788 0.0540692 0.017754 0.00435017 0.00159236 0.00146478 0.000404838 0.000125132 0.000115318 0.000107957 0.000100596 0 0 0 0 0 0
 0 0 0 0 0.00144013 0.00171154 0.00461396 0.0210425 0.0478622 0.0707936 0.0888783 0.103762 0.0637923 0.0337046 0.0602308 0.124433 0.169614 0.0934646 0.0462172 0.0250306 0.0313229 0.00938855 0.002487 0.000210481 0 0
 0 0.00764035 0.051015 0.0998891 0.058973 0.0496711 0.0374665 0.0718981 0.12319 0.153886 0.159021 0.0857701 0.0377988 0.023471 0.0147837 0.00900784 0.00315554 0.000888139 0.00291439 0.00214683 0.00393193 0.00274676 0.000635225 9.99891e-05 0 0
 0 0 0 0 0 0 0 0 0 0 0 0 0 0 0 0 0 0 0 0 0 0 0 0 0 0
 0 0 0 0 0 0 0 0 0 0 0 0 0 0 0 0 0 0 0 0 0 0 0 0 0 0
 0 0 0 0 0 0 0 0 0 0 0 0 0 0 0 0 0 0 0 0 0 0 0 0 0 0
 0 0 0 0 0 0 0 0 0 0 0 0 0 0 0 0 0 0 0 0 0 0 0 0 0 0
 0 0 0 0 0 0 0 0 0 0 0 0 0 0 0 0 0 0 0 0 0 0 0 0 0 0
 0 0 0 0 0 0 0 0 0 0 0 0 0 0 0 0 0 0 0 0 0 0 0 0 0 0
 0 0 0 0 0 0 0 0 0 0 0 0 0 0 0 0 0 0 0 0 0 0 0 0 0 0
ppred_pel_tallas
 1.08966e-16 5.14411e-05 0.000500026 0.00332285 0.0151052 0.046998 0.100135 0.146155 0.146178 0.100247 0.0473753 0.0161963 0.00606629 0.00650486 0.0115028 0.0190599 0.0277481 0.0355276 0.0403543 0.0413047 0.0390942 0.0354934 0.0321327 0.0296516 0.0277089 0.0255863
 1.1219e-16 1.49212e-05 0.00014504 0.000963844 0.00438153 0.0136329 0.0290486 0.0424101 0.0424711 0.0293467 0.0146339 0.00727352 0.00822601 0.0160081 0.0301709 0.0499332 0.0721174 0.0910985 0.101151 0.0996609 0.0886735 0.0734348 0.0591532 0.0485108 0.0413768 0.0361632
 1.20181e-16 3.50088e-05 0.000340298 0.0022614 0.01028 0.0319851 0.0681482 0.099468 0.0994858 0.0682352 0.0322784 0.0111333 0.00442554 0.00513846 0.00936475 0.0159956 0.024373 0.0334528 0.0421334 0.0498464 0.056671 0.0627795 0.0677411 0.070402 0.0695047 0.064521
 1.11688e-16 5.52297e-05 0.000536852 0.00356757 0.0162177 0.0504593 0.10751 0.156917 0.156937 0.107603 0.0507741 0.0171275 0.00585394 0.0055372 0.00958018 0.0158295 0.0229954 0.0293667 0.0332743 0.0340456 0.032436 0.0300995 0.0285012 0.0281127 0.0283788 0.0282838
 1.0614e-16 4.7938e-05 0.000465974 0.00309656 0.0140765 0.0437975 0.0933165 0.136205 0.136238 0.0934759 0.0443329 0.0156229 0.00697831 0.00894069 0.0161457 0.0266241 0.0383694 0.0483017 0.0533197 0.0520137 0.0455125 0.0367159 0.0285469 0.0225789 0.0188296 0.0164474
 1.04264e-16 5.46038e-05 0.000530768 0.00352714 0.0160339 0.0498875 0.106291 0.155141 0.155165 0.106409 0.0502824 0.0171752 0.00639477 0.00679999 0.0119878 0.0198019 0.0286831 0.03641 0.0407431 0.0406328 0.036806 0.0311965 0.025709 0.0213024 0.0179336 0.0151019
 1.05892e-16 3.51898e-05 0.000342057 0.00227309 0.0103332 0.0321506 0.0685018 0.0999897 0.100034 0.0687184 0.0328778 0.0124341 0.00754832 0.0118632 0.0219317 0.0362431 0.0523034 0.0659783 0.0730673 0.0716263 0.0631017 0.051292 0.0400154 0.0313132 0.025235 0.0207911
 1.11845e-16 2.85595e-05 0.000277609 0.00184481 0.00838626 0.026093 0.0555953 0.0811511 0.08119 0.0557854 0.0267321 0.0102353 0.00649746 0.0104722 0.0195008 0.0324838 0.0474696 0.0611143 0.0699843 0.0724445 0.0694998 0.0638316 0.0578787 0.0525545 0.0473895 0.0415598
 1.15039e-16 4.09316e-05 0.00039787 0.00264399 0.0120192 0.0373963 0.0796778 0.116297 0.116323 0.0798015 0.0378123 0.0132234 0.00567658 0.00705154 0.0127768 0.0213212 0.0313355 0.0407406 0.0474438 0.0505158 0.0506767 0.0496012 0.0486251 0.0479254 0.0466995 0.0439768
 1.06783e-16 6.00378e-05 0.000583588 0.00387815 0.0176295 0.0548521 0.116869 0.170577 0.170595 0.116955 0.0551418 0.0184669 0.0059821 0.00518377 0.00881839 0.0145422 0.021085 0.026826 0.0301657 0.0303997 0.0281362 0.0248498 0.0219326 0.0199873 0.0187832 0.0177003
 1.02292e-16 6.28383e-05 0.000610811 0.00405906 0.0184519 0.0574108 0.12232 0.178534 0.178554 0.122415 0.0577294 0.0193721 0.00636852 0.00565141 0.00963302 0.0158186 0.0227648 0.0285943 0.0314394 0.0304437 0.0262722 0.0206609 0.0153807 0.0114169 0.00883898 0.00719581
 1.02276e-16 5.08267e-05 0.000494054 0.00328316 0.0149248 0.0464367 0.0989396 0.144412 0.144444 0.0990958 0.0469615 0.0164403 0.0070868 0.00879604 0.0158136 0.0260512 0.037495 0.0470892 0.0517473 0.0500343 0.0430114 0.0335049 0.0244173 0.0173951 0.0126212 0.00945416
 1.03813e-16 4.85669e-05 0.000472088 0.00313719 0.0142612 0.0443722 0.0945407 0.137991 0.138022 0.0946901 0.0448738 0.0157109 0.0067787 0.00843038 0.0151886 0.0250999 0.0363073 0.0459766 0.0512333 0.0507229 0.0453714 0.0376717 0.0301126 0.0240001 0.0193631 0.0156235
 1.04402e-16 5.21644e-05 0.000507056 0.00336957 0.0153176 0.0476588 0.101543 0.148211 0.148237 0.101673 0.048095 0.016578 0.00653603 0.00742791 0.013221 0.0218394 0.0316077 0.0400668 0.0447357 0.0444583 0.0400575 0.0337037 0.0275383 0.0226448 0.0189739 0.0159466
 1.03159e-16 5.86243e-05 0.000569849 0.00378685 0.0172145 0.0535608 0.114118 0.166563 0.166585 0.114225 0.0539203 0.0182531 0.00639515 0.00626758 0.0108908 0.017941 0.0259075 0.0327233 0.0363183 0.0357334 0.0316743 0.0259962 0.0205556 0.0163324 0.0133348 0.0110762
 1.01169e-16 7.03205e-05 0.00068354 0.00454236 0.0206489 0.0642465 0.136885 0.199789 0.199801 0.136942 0.0644402 0.0212082 0.00594641 0.00374892 0.00589302 0.00963354 0.0138763 0.017461 0.0192544 0.018732 0.0162827 0.0129356 0.00973788 0.00726897 0.00557237 0.00439939
 1.01964e-16 3.60454e-05 0.000350374 0.00232836 0.0105844 0.0329324 0.0701677 0.102422 0.102472 0.0704121 0.0337529 0.0129536 0.00827212 0.0133153 0.0246283 0.0405782 0.0582616 0.0728649 0.0795017 0.0759119 0.0638223 0.0478158 0.0326559 0.0211308 0.0136464 0.00918212
 1.03256e-16 6.28433e-05 0.000610859 0.00405938 0.0184533 0.0574153 0.12233 0.178547 0.178561 0.122399 0.0576473 0.0191248 0.00574958 0.00431624 0.00714577 0.0118327 0.0173147 0.0223438 0.0256685 0.0266723 0.0256717 0.023575 0.0212113 0.0188983 0.0165161 0.0138736
 1.03271e-16 4.83103e-05 0.000469593 0.00312061 0.0141859 0.0441377 0.0940413 0.137263 0.137298 0.0942103 0.0447051 0.0158245 0.00723258 0.00944231 0.0170783 0.0281296 0.0404535 0.0507416 0.0556586 0.0536776 0.0459986 0.0357472 0.0261179 0.0188991 0.0142271 0.0112916
 1.05357e-16 4.14564e-05 0.000402971 0.00267789 0.0121733 0.0378759 0.0806999 0.117791 0.117827 0.0808749 0.0384638 0.0138727 0.0069477 0.00973784 0.0178105 0.0294836 0.0427112 0.0542132 0.0606478 0.0604345 0.054631 0.0460935 0.0376484 0.0307425 0.0253622 0.020835
 1.05736e-16 5.30816e-05 0.000515972 0.00342882 0.0155869 0.0484968 0.103329 0.150816 0.150839 0.103442 0.0488789 0.0166914 0.00620552 0.00659164 0.0116335 0.0192576 0.0279924 0.0357408 0.0403898 0.0409541 0.038115 0.0336507 0.0292485 0.0256569 0.0226884 0.0197976
 1.04895e-16 4.99676e-05 0.000485703 0.00322767 0.0146725 0.0456518 0.0972672 0.141971 0.142 0.0974132 0.0461423 0.0160895 0.0067856 0.00825677 0.0148208 0.024455 0.0353008 0.0445579 0.0494047 0.0485455 0.0429698 0.035245 0.027935 0.0223849 0.0185777 0.0157897
 1.08581e-16 2.27672e-05 0.000221305 0.00147065 0.00668541 0.0208011 0.0443208 0.0646987 0.0647518 0.0445806 0.0216736 0.00920672 0.00780406 0.0140623 0.0263535 0.0436473 0.0631435 0.0799694 0.0891475 0.0883546 0.0792455 0.0661995 0.0535629 0.0435768 0.0362014 0.0302983
 1.09491e-16 5.4387e-05 0.000528661 0.00351314 0.0159702 0.0496894 0.105869 0.154522 0.154536 0.10594 0.0499285 0.0166637 0.00526379 0.00438357 0.00747328 0.0125251 0.0186388 0.024703 0.0295967 0.0327777 0.0345013 0.0354164 0.0359033 0.03575 0.0343966 0.0314549
 1.08343e-16 3.94859e-05 0.000383817 0.0025506 0.0115947 0.0360756 0.0768643 0.112194 0.112234 0.07706 0.0367325 0.013492 0.00731295 0.01078 0.0197843 0.032649 0.0470451 0.0592146 0.0653736 0.0638319 0.056028 0.0455645 0.0360303 0.0292885 0.0252277 0.0226482
 1.11398e-16 3.01634e-05 0.000293199 0.00194841 0.00885722 0.0275583 0.0587174 0.0857081 0.0857481 0.0589129 0.0282152 0.0107569 0.00672596 0.0107528 0.0199836 0.0332211 0.0483953 0.0619932 0.0704179 0.0719714 0.0677621 0.0607321 0.0536496 0.0477082 0.042572 0.0373688
 1.09952e-16 5.21794e-05 0.000507202 0.00337054 0.015322 0.0476725 0.101572 0.148251 0.14827 0.101666 0.0479879 0.0162349 0.00566921 0.00554899 0.00969781 0.0161358 0.0236792 0.030713 0.0356215 0.0376734 0.0373999 0.0360819 0.0347782 0.0337021 0.0323423 0.0300502
 1.06806e-16 4.80791e-05 0.000467346 0.00310568 0.014118 0.0439265 0.0935912 0.136606 0.136637 0.0937438 0.0444392 0.0155991 0.0068242 0.00858782 0.0154794 0.0255397 0.0368496 0.0464841 0.0515039 0.0505848 0.0448134 0.0369359 0.0296781 0.0244413 0.0211331 0.0188637
 1.10061e-16 2.16841e-05 0.000210777 0.00140069 0.00636738 0.0198116 0.0422126 0.0616215 0.0616742 0.0424698 0.0206758 0.00886497 0.00767561 0.0139277 0.0261274 0.043303 0.0627132 0.0795669 0.0889678 0.0886317 0.0801793 0.0678881 0.0559702 0.0465456 0.0394994 0.0336733
 1.19215e-16 2.95577e-05 0.000287312 0.00190929 0.00867937 0.0270049 0.0575377 0.0839835 0.0840098 0.0576664 0.0274383 0.00993633 0.00508373 0.00728121 0.013501 0.0227688 0.033961 0.0451601 0.0543845 0.0606843 0.0645197 0.0670124 0.0687449 0.0691942 0.0672127 0.062009
 1.0868e-16 6.35213e-05 0.000617449 0.00410317 0.0186524 0.0580347 0.123649 0.180472 0.180484 0.123707 0.0582284 0.0192129 0.00551321 0.00370648 0.0059631 0.00984679 0.0143955 0.0185798 0.0214152 0.0225058 0.0222827 0.0216675 0.0214197 0.0216832 0.0220174 0.0217781
pSPR Fmed_Fpbrs
0.644381   0.285572 0.285572
Fs Fmed_Fpbrs
0.28729   1.005 1.005
SSBpbr Bo_Bmed_Bpbrs
1.82576e+06  1.08519e+06  430098 430098
Ro
182859
SPR SPRFo_SPRFmed_SPRFpbrs
1.30706e+06 842245 373261
Fref
1.005
Nvult_r0
 280603 25083.2 9256.17 9479.55 3335.89
CTP_r0
 24585.7 4041.36 1491.34 1527.33 537.473
YTP_r0
391635
Np
 269745 140846 10934.9 4035.18 5387.18
Nvult_p0
 209707 121879 9462.38 3491.8 4661.74
CTP_p0
 70134.9 61091.7 4742.99 1750.25 2336.68
YTP_p0
 1.75418e+06
CBA_c0
800399
log_Ro
11.9365
likeval ReclasPelacesDesembMPH_pf_preclas_ppelaces_ptallas_desvR_qrecl_qpela
 17.6262 23.1587 0.577895 0.00283666 249.361 135.733 104.787 0 26.0768 0 0 2.58176 0 0 0
q_reclas_q_pelaces
1 1
M
1
N
 387168 80536.8 29627.8 10899.5 6343.24
 64613.8 127723 23824.8 8764.65 5100.82
 86245 20456.8 34800.8 6491.55 3777.93
 149628 27581.4 5687.18 9674.93 2855.01
 135280 42240.1 5974.93 1232.01 2714.35
 209695 45681.5 13092.7 1851.99 1223.21
 87808.7 64502.8 11749.4 3367.49 790.952
 36361.8 22183.1 11190.4 2038.37 721.433
 38556.3 12543.5 7175.67 3619.79 892.723
 67228.6 10928.5 2739.35 1567.08 985.48
 129555 18073.7 2147.06 538.182 501.485
 133203 44632.7 5830.93 692.683 335.417
 112696 37602 9668.18 1263.08 222.703
 103911 31893.2 8186.25 2104.84 323.466
 130818 25204.2 5100.55 1309.2 388.349
 434419 38327 5880.89 1190.11 396.088
 190376 124473 8553.24 1312.41 353.984
 575183 62365.2 36310.5 2495.1 486.11
 496346 181142 16813.6 9789.26 803.731
 346605 147776 43646.8 4051.3 2552.42
 511834 106868 38187.8 11279 1706.51
 553841 164388 29965.8 10707.9 3641.15
 157180 169987 42094.4 7673.26 3674.31
 429513 52353.7 51263.4 12694.5 3422.12
 307771 143432 15870.1 15539.6 4885.48
 173569 103728 44286.6 4900.11 6306.54
 353383 59521.1 33157.8 14156.8 3582.34
 400111 118475 18185.6 10130.8 5419.87
 124907 136158 37294.7 5724.65 4895.18
 107023 43170.8 44212.6 12110.2 3448.42
 421448 36018.1 13291.3 13612.1 4790.15
pred_Ctot
 25498.8 10150 3733.98 1373.65 799.434
 5763.37 21456 4002.29 1472.36 856.878
 7206.58 3231.77 5497.82 1025.53 596.837
 22481.9 7480.62 1542.48 2624.03 774.335
 7069.19 4263 603.008 124.338 273.94
 22037.7 8943.23 2563.21 362.57 239.472
 17926.6 22877 4167.14 1194.34 280.524
 1439.38 1710.48 862.856 157.173 55.6276
 5713.83 3360.32 1922.32 969.719 239.155
 11736 3385.06 848.499 485.395 305.247
 5231.06 1420.75 168.777 42.3057 39.421
 20015.8 12106.3 1581.6 187.886 90.9795
 16790.4 10121.7 2602.48 339.994 59.9472
 23143.3 12176.1 3125.34 803.583 123.493
 17151.2 6045.45 1223.41 314.022 93.149
 61973.7 9922.5 1522.51 308.109 102.544
 13304.7 16600.9 1140.74 175.035 47.2107
 53001.2 10801.2 6288.68 432.131 84.1904
 60869.9 40881.7 3794.65 2209.33 181.393
 35981.5 28602.7 8448.03 784.148 494.033
 41533.4 16422.5 5868.36 1733.26 262.242
 58873.1 32524.8 5928.85 2118.59 720.416
 9475.14 19683.3 4874.25 888.513 425.461
 25247 5917.24 5794.02 1434.79 386.783
 16432.5 14778.9 1635.22 1601.17 503.391
 7485.5 8693.07 3711.52 410.663 528.531
 19958.1 6473.83 3606.41 1539.76 389.634
 19081.5 10946 1680.18 935.988 500.744
 4800.98 10202.1 2794.42 428.938 366.787
 5804.52 4515.99 4624.97 1266.81 360.731
 24585.7 4041.36 1491.34 1527.33 537.473
F
 0.108994 0.217989 0.217989 0.217989 0.217989
 0.150113 0.300225 0.300225 0.300225 0.300225
 0.14005 0.280101 0.280101 0.280101 0.280101
 0.264785 0.52957 0.52957 0.52957 0.52957
 0.0856562 0.171312 0.171312 0.171312 0.171312
 0.178944 0.357889 0.357889 0.357889 0.357889
 0.375828 0.751657 0.751657 0.751657 0.751657
 0.0643182 0.128636 0.128636 0.128636 0.128636
 0.26074 0.521481 0.521481 0.521481 0.521481
 0.313639 0.627278 0.627278 0.627278 0.627278
 0.0656414 0.131283 0.131283 0.131283 0.131283
 0.264813 0.529627 0.529627 0.529627 0.529627
 0.262301 0.524601 0.524601 0.524601 0.524601
 0.416522 0.833043 0.833043 0.833043 0.833043
 0.227651 0.455303 0.455303 0.455303 0.455303
 0.249922 0.499844 0.499844 0.499844 0.499844
 0.11599 0.231981 0.231981 0.231981 0.231981
 0.15541 0.31082 0.31082 0.31082 0.31082
 0.211574 0.423149 0.423149 0.423149 0.423149
 0.176591 0.353183 0.353183 0.353183 0.353183
 0.135769 0.271538 0.271538 0.271538 0.271538
 0.181158 0.362317 0.362317 0.362317 0.362317
 0.0993708 0.198742 0.198742 0.198742 0.198742
 0.0967934 0.193587 0.193587 0.193587 0.193587
 0.0875882 0.175176 0.175176 0.175176 0.175176
 0.0702451 0.14049 0.14049 0.14049 0.14049
 0.0928502 0.1857 0.1857 0.1857 0.1857
 0.0779247 0.155849 0.155849 0.155849 0.155849
 0.0624031 0.124806 0.124806 0.124806 0.124806
 0.0890255 0.178051 0.178051 0.178051 0.178051
 0.0960316 0.192063 0.192063 0.192063 0.192063
nmprior
 8.19 8.8 8.5 0
nm_flota  nm_reclas  nm_pelaces    nm_pelaL
inf 7.04673 8.60301 16.4076
cv_recla  cv_pelaces  cv_mph
0.379756 0.545669 1.64365
 ------------------------------------------------
Talla a la edad & desviaci?n 
 8 13.2811 15.8009 17.003 17.5766
 0.8 1.32811 1.58009 1.7003 1.75766
