years
 1991 1992 1993 1994 1995 1996 1997 1998 1999 2000 2001 2002 2003 2004 2005 2006 2007 2008 2009 2010 2011 2012 2013 2014 2015 2016 2017 2018 2019 2020 2021
reclasobs
 0 0 0 0 0 0 0 0 0 252601 567819 844713 477998 351125 339783 2.1784e+06 2.13404e+06 4.81314e+06 1.55562e+06 2.62356e+06 3.21686e+06 3.843e+06 1.13348e+06 3.07943e+06 1.97215e+06 2.03268e+06 2.025e+06 2.42433e+06 2.27542e+06 1.05018e+06 2.36338e+06
reclaspred
 3.46573e+06 1.98941e+06 1.01779e+06 1.13041e+06 1.20408e+06 1.83186e+06 1.28199e+06 1.15505e+06 830020 601261 570720 678691 673172 554305 560230 1.20655e+06 1.2457e+06 2.56168e+06 2.13937e+06 1.61567e+06 2.86165e+06 2.33461e+06 1.92443e+06 2.9555e+06 2.23118e+06 1.98637e+06 2.28861e+06 2.35482e+06 1.9781e+06 1.31899e+06 1.97234e+06
pelacesobs
 0 0 0 0 0 0 0 0 0 0 0 0 0 0 0 552880 188675 0 991730 2.46772e+06 1.41603e+06 1.21717e+06 2.29649e+06 1.80582e+06 0 1.4828e+06 1.56532e+06 1.57751e+06 1.42118e+06 867257 1.10002e+06
pelacespred
 2.49581e+06 1.61099e+06 836371 703378 780092 1.1887e+06 882841 880581 646444 449199 416242 416970 448051 392930 393453 675458 760525 1.62559e+06 1.51688e+06 1.08516e+06 1.73962e+06 1.61636e+06 1.35561e+06 2.09867e+06 1.65403e+06 1.45119e+06 1.79664e+06 1.83567e+06 1.37903e+06 1.0266e+06 1.39032e+06
mphobs
 0 0 0 0 0 0 0 0 0 0 0 498337 0 5186 125008 0 168611 109162 213762 579715 649985 157893 87575 83554 0 0 0 0 0 0 0
mphpred
 521939 352098 181251 99383.1 126401 147788 193801 137322 117232 82326.4 53903.5 66260.6 69659.1 61065.9 45278.2 55150.1 139664 143558 253602 198098 213316 262144 250703 213894 295947 243871 202843 210029 282127 199271 133332
desembarqueobs
 494567 514787 250237 358949 120608 361735 552515 73892 212993 205616 52469 317467 293654 387597 252695 516296 358380 742168 942051 627588 828172 859565 418607 520667 417249 300574 407403 355545 319650 289779 391294
desembarquepred
 494573 512961 251254 358964 120611 361748 552574 73894.7 213032 205655 52471 317537 293714 387671 252707 516304 358411 742116 941981 627535 828264 859647 418629 520695 417260 300584 407415 355545 319656 289796 391302
Reclutas
 248736 144690 142298 316239 253890 391534 165683 80190.2 68551.1 85348.3 147123 185060 157747 111719 114808 536024 143727 820840 499934 376607 568584 766437 175540 501493 415211 193349 410290 449743 148631 113241 411349
log_desv_Rt
 0.0563556 -0.485439 -0.502114 0.296465 0.0768666 0.510037 -0.34996 -1.07563 -1.23245 -1.01329 -0.468768 -0.239357 -0.399042 -0.744051 -0.716774 0.824143 -0.492116 1.25029 0.754442 0.471166 0.883114 1.18172 -0.292168 0.757555 0.568753 -0.195538 0.556829 0.648642 -0.458565 -0.730513 0.559407
SSB
 4.76674e+06 3.21562e+06 1.65532e+06 907641 1.15439e+06 1.34971e+06 1.76993e+06 1.25412e+06 1.07065e+06 751866 492287 605141 636179 557699 413515 503672 1.27552e+06 1.31108e+06 2.31608e+06 1.80918e+06 1.94816e+06 2.39409e+06 2.28961e+06 1.95344e+06 2.70281e+06 2.22721e+06 1.85251e+06 1.91814e+06 2.57659e+06 1.81989e+06 1.21769e+06
BT
 6.27104e+06 4.29059e+06 2.21844e+06 2.08096e+06 2.00341e+06 3.33947e+06 2.59836e+06 2.22712e+06 1.78305e+06 1.29727e+06 1.09824e+06 1.31842e+06 1.39562e+06 1.40601e+06 1.27777e+06 2.22654e+06 2.13021e+06 4.95174e+06 4.69164e+06 3.22533e+06 5.14151e+06 4.83363e+06 3.64157e+06 5.94599e+06 4.39536e+06 3.81425e+06 5.04581e+06 5.07544e+06 3.51865e+06 2.73816e+06 4.00965e+06
Ftot
 0.089039 0.159307 0.153275 0.204891 0.0642359 0.128221 0.266705 0.0407578 0.162349 0.215015 0.060369 0.29729 0.27708 0.439847 0.29298 0.283304 0.181443 0.19096 0.27867 0.246488 0.186521 0.235844 0.136747 0.115776 0.11904 0.0960981 0.116392 0.0993654 0.100665 0.137803 0.131224
BD_Bspro_t
 0.985855 0.89352 0.776569 0.708022 0.725771 0.786745 0.781197 0.674707 0.717246 0.686049 0.655681 0.772942 0.669407 0.592658 0.503454 0.55167 0.663412 0.657227 0.720271 0.638002 0.612086 0.656689 0.672023 0.672874 0.763798 0.77066 0.778688 0.804985 0.837838 0.787314 0.740219
BD_Bspro
 2.83647 1.91347 0.985005 0.540096 0.686924 0.80315 1.05321 0.746272 0.637096 0.447402 0.292938 0.360092 0.378561 0.331862 0.246064 0.299712 0.759004 0.780165 1.3782 1.07656 1.15926 1.42462 1.36244 1.1624 1.60832 1.32531 1.10235 1.1414 1.53321 1.08294 0.724589
BD_Bo
 1.98985 1.34234 0.691004 0.37889 0.481893 0.563428 0.73885 0.523527 0.446937 0.313863 0.205503 0.252613 0.26557 0.232809 0.172619 0.210255 0.532459 0.547304 0.966837 0.755232 0.81325 0.999402 0.955786 0.815452 1.12828 0.929737 0.773322 0.800719 1.07559 0.759705 0.508316
BD_Brms
 13.7952 9.30616 4.79057 2.62676 3.34085 3.90612 5.12227 3.62949 3.09851 2.17594 1.4247 1.75131 1.84113 1.61401 1.19673 1.45765 3.69141 3.79433 6.70286 5.23585 5.63807 6.92862 6.62624 5.65334 7.82207 6.44565 5.36126 5.5512 7.45678 5.26686 3.52404
Sel_flota
 0.883471 1 1 1 1
 0.883471 1 1 1 1
 0.883471 1 1 1 1
 0.883471 1 1 1 1
 0.883471 1 1 1 1
 0.883471 1 1 1 1
 0.883471 1 1 1 1
 0.883471 1 1 1 1
 0.883471 1 1 1 1
 0.883471 1 1 1 1
 0.883471 1 1 1 1
 0.883471 1 1 1 1
 0.883471 1 1 1 1
 0.883471 1 1 1 1
 0.883471 1 1 1 1
 0.883471 1 1 1 1
 0.883471 1 1 1 1
 0.883471 1 1 1 1
 0.883471 1 1 1 1
 0.883471 1 1 1 1
 0.883471 1 1 1 1
 0.883471 1 1 1 1
 0.883471 1 1 1 1
 0.883471 1 1 1 1
 0.883471 1 1 1 1
 0.883471 1 1 1 1
 0.883471 1 1 1 1
 0.883471 1 1 1 1
 0.883471 1 1 1 1
 0.883471 1 1 1 1
 0.883471 1 1 1 1
Sel_reclas
 1 1 1 1 1
 1 1 1 1 1
 1 1 1 1 1
 1 1 1 1 1
 1 1 1 1 1
 1 1 1 1 1
 1 1 1 1 1
 1 1 1 1 1
 1 1 1 1 1
 1 1 1 1 1
 1 1 1 1 1
 1 1 1 1 1
 1 1 1 1 1
 1 1 1 1 1
 1 1 1 1 1
 1 1 1 1 1
 1 1 1 1 1
 1 1 1 1 1
 1 1 1 1 1
 1 1 1 1 1
 1 1 1 1 1
 1 1 1 1 1
 1 1 1 1 1
 1 1 1 1 1
 1 1 1 1 1
 1 1 1 1 1
 1 1 1 1 1
 1 1 1 1 1
 1 1 1 1 1
 1 1 1 1 1
 1 1 1 1 1
Sel_pelaces
 0.8115 1 1 1 1
 0.8115 1 1 1 1
 0.8115 1 1 1 1
 0.8115 1 1 1 1
 0.8115 1 1 1 1
 0.8115 1 1 1 1
 0.8115 1 1 1 1
 0.8115 1 1 1 1
 0.8115 1 1 1 1
 0.8115 1 1 1 1
 0.8115 1 1 1 1
 0.8115 1 1 1 1
 0.8115 1 1 1 1
 0.8115 1 1 1 1
 0.8115 1 1 1 1
 0.8115 1 1 1 1
 0.8115 1 1 1 1
 0.8115 1 1 1 1
 0.8115 1 1 1 1
 0.8115 1 1 1 1
 0.8115 1 1 1 1
 0.8115 1 1 1 1
 0.8115 1 1 1 1
 0.8115 1 1 1 1
 0.8115 1 1 1 1
 0.8115 1 1 1 1
 0.8115 1 1 1 1
 0.8115 1 1 1 1
 0.8115 1 1 1 1
 0.8115 1 1 1 1
 0.8115 1 1 1 1
pf_obs 
 0.8446 0.082 0.0669 0.0065 0
 0.8095 0.147 0.0364 0.0071 0
 0.9664 0.0169 0.016 0.0007 0
 0.9276 0.0648 0.0075 0.0001 0
 0.7033 0.2144 0.0806 0.0017 0
 0.9318 0.0425 0.0243 0.0014 0
 0.5671 0.3108 0.0964 0.0239 0.0018
 0.0768 0.2599 0.5324 0.112 0.0189
 0.490249 0.384438 0.106611 0.0170017 0.00170017
 0.7925 0.1577 0.0466 0.003 0.0002
 0.840416 0.127587 0.0312969 0.00059994 9.999e-05
 0.8084 0.0986 0.0794 0.0134 0.0002
 0.7335 0.1905 0.0724 0.0035 0.0001
 0.4001 0.4547 0.1325 0.0127 0
 0.49795 0.308269 0.164784 0.0264974 0.00249975
 0.9179 0.0499 0.0305 0.0017 0
 0.2467 0.6533 0.0926 0.0074 0
 0.9418 0.0223 0.034 0.0019 0
 0.707729 0.231977 0.0356964 0.0245975 0
 0.517169 0.277429 0.184464 0.0207286 0.00020938
 0.811772 0.124168 0.05621 0.00726502 0.000585176
 0.764997 0.148141 0.077277 0.00933861 0.000247198
 0.163321 0.427699 0.378323 0.0303852 0.000271297
 0.753843 0.0900009 0.118128 0.0371064 0.000921714
 0.721811 0.176058 0.0630433 0.0369309 0.00215725
 0.143369 0.312575 0.442814 0.0836902 0.0175525
 0.692698 0.0596174 0.167031 0.0765114 0.00414204
 0.394062 0.376323 0.152708 0.0712218 0.00568511
 0.125707 0.32114 0.495352 0.0537591 0.00404204
 0.23352 0.215282 0.420074 0.123614 0.00750983
 0.774587 0.0839891 0.0768558 0.0609784 0.00358967
pf_pred 
 0.432096 0.105393 0.43974 0.0227696 7.45269e-07
 0.414147 0.271974 0.0582504 0.243043 0.0125851
 0.550507 0.20102 0.11535 0.0247053 0.108417
 0.782624 0.126842 0.0404882 0.0232331 0.0268127
 0.651119 0.280923 0.0396548 0.0126579 0.0156459
 0.728293 0.184671 0.0700825 0.00989278 0.00706103
 0.464826 0.403387 0.0895713 0.0339922 0.00822314
 0.42451 0.287985 0.216707 0.0481193 0.0226789
 0.49427 0.230468 0.137746 0.103653 0.0338634
 0.647976 0.185877 0.0757152 0.0452534 0.045178
 0.773173 0.154008 0.03845 0.0156622 0.0187064
 0.719696 0.222796 0.0390458 0.00974827 0.00871352
 0.66852 0.247934 0.0664052 0.0116378 0.00550261
 0.607843 0.274308 0.0881466 0.0236087 0.00609381
 0.703862 0.190771 0.0737025 0.0236837 0.00798062
 0.91517 0.0621866 0.014587 0.00563553 0.00242115
 0.435725 0.522342 0.0307396 0.00721053 0.00398252
 0.884093 0.0544217 0.0569166 0.00334952 0.00121964
 0.611505 0.348645 0.0187107 0.0195685 0.00157092
 0.601566 0.256987 0.126938 0.00681234 0.00769661
 0.742739 0.163325 0.0605881 0.0299272 0.00342067
 0.747731 0.193745 0.0371548 0.0137832 0.0075863
 0.345238 0.506314 0.11401 0.0218639 0.0125749
 0.745339 0.095744 0.122887 0.0276713 0.00835864
 0.630255 0.284537 0.0320353 0.0411173 0.0120554
 0.451845 0.362041 0.143223 0.0161251 0.0267647
 0.729862 0.130834 0.0920063 0.0363976 0.0108997
 0.688808 0.234971 0.0369155 0.02596 0.0133452
 0.384045 0.441095 0.132031 0.020743 0.0220857
 0.455412 0.226233 0.227979 0.0682402 0.022136
 0.828906 0.0836044 0.0363448 0.0366254 0.0145191
pobs_RECLAS
 0 0 0 0 0
 0 0 0 0 0
 0 0 0 0 0
 0 0 0 0 0
 0 0 0 0 0
 0 0 0 0 0
 0 0 0 0 0
 0 0 0 0 0
 0 0 0 0 0
 0 0 0 0 0
 0.991045 0.00858322 0.000360255 1.14367e-05 0
 0.934742 0.0480273 0.0164251 0.00080598 0
 0.827803 0.169806 0.00239088 0 0
 0.941827 0.0461693 0.0120037 0 0
 0.791401 0.0380133 0.147996 0.0225897 0
 0.846168 0.0940531 0.0597789 0 0
 0.134021 0.677848 0.182769 0.00536245 0
 0.80878 0.0450904 0.141981 0.00414843 0
 0.846168 0.0940531 0.0597789 0 0
 0.905697 0.0802665 0.012482 0.00150086 5.37128e-05
 0.989698 0.0102097 9.19794e-05 0 0
 0.975433 0.0193895 0.00387452 0.00125025 5.28907e-05
 0.303575 0.632131 0.0575291 0.00676475 0
 0.966965 0.00978017 0.0227588 0.000495775 0
 0.843318 0.132988 0.00938335 0.0141283 0.000182051
 0.564624 0.303363 0.111486 0.0197234 0.00080311
 0.826376 0.0876187 0.0782897 0.00655872 0.00115652
 0.89761 0.0855135 0.0140674 0.00269457 0.000114338
 0.34875 0.467042 0.161289 0.0227151 0.000203297
 0.318654 0.224769 0.449479 0.00709798 0
 0.937255 0.0296025 0.0250945 0.00804832 0
ppred_RECLAS
 0.462946 0.0996678 0.415852 0.0215327 7.04784e-07
 0.444922 0.257687 0.0551905 0.230276 0.011924
 0.581342 0.18723 0.107437 0.0230105 0.10098
 0.803331 0.114759 0.0366314 0.02102 0.0242586
 0.678853 0.25859 0.0365024 0.0116517 0.0144021
 0.752361 0.168313 0.0638746 0.00901648 0.00643556
 0.496532 0.379489 0.0842647 0.0319784 0.00773596
 0.455124 0.272665 0.205179 0.0455595 0.0214724
 0.525666 0.21616 0.129194 0.097218 0.0317612
 0.676231 0.170958 0.069638 0.0416212 0.0415518
 0.794264 0.139688 0.0348748 0.0142059 0.016967
 0.744682 0.202936 0.0355653 0.00887931 0.0079368
 0.69608 0.22732 0.0608841 0.0106702 0.0050451
 0.638301 0.253003 0.0813004 0.021775 0.00562051
 0.729717 0.174115 0.0672676 0.0216159 0.00728384
 0.924544 0.0553146 0.012975 0.00501277 0.0021536
 0.466895 0.493489 0.0290416 0.00681224 0.00376254
 0.896396 0.0486449 0.050875 0.00299398 0.00109018
 0.641267 0.321936 0.0172773 0.0180693 0.00145057
 0.631526 0.237663 0.117393 0.00630009 0.00711787
 0.766066 0.148515 0.0550942 0.0272135 0.0031105
 0.770861 0.175981 0.0337482 0.0125195 0.00689075
 0.374099 0.483996 0.108984 0.0209001 0.0120207
 0.768351 0.0870922 0.111783 0.0251708 0.00760332
 0.658916 0.262481 0.029552 0.03793 0.0111209
 0.482926 0.341513 0.135102 0.0152108 0.0252471
 0.753812 0.119235 0.0838491 0.0331706 0.00993333
 0.714937 0.215242 0.033816 0.0237803 0.0122246
 0.413996 0.419646 0.125611 0.0197344 0.0210118
 0.486641 0.21326 0.214906 0.064327 0.0208666
 0.845952 0.0752753 0.0327239 0.0329766 0.0130727
pobs_PELACES
 0 0 0 0 0
 0 0 0 0 0
 0 0 0 0 0
 0 0 0 0 0
 0 0 0 0 0
 0 0 0 0 0
 0 0 0 0 0
 0 0 0 0 0
 0 0 0 0 0
 0 0 0 0 0
 0 0 0 0 0
 0 0 0 0 0
 0 0 0 0 0
 0 0 0 0 0
 0 0 0 0 0
 0 0 0 0 0
 0.505614 0.472636 0.0217494 0 0
 0 0 0 0 0
 0.443492 0.261883 0.143347 0.151278 0
 0.227955 0.32914 0.350689 0.0885471 0.00366901
 0.970185 0.0296113 0.000203453 0 0
 0.997202 0.00247181 0.000326279 0 0
 0.445219 0.490057 0.0546422 0.010081 0
 0.90214 0.0892962 0.00764917 0.000914606 0
 0 0 0 0 0
 0.581667 0.319106 0.0959925 0.00289975 0.000334073
 0.762889 0.0836404 0.116647 0.0363945 0.000428098
 0.88444 0.0763242 0.0277011 0.0115352 0
 0.521256 0.241999 0.230069 0.00667565 0
 0.616807 0.101726 0.260614 0.0208532 0
 0.833518 0.0704572 0.0857862 0.0102388 0
ppred_PELACES
 0.412429 0.109043 0.454969 0.0235582 7.71079e-07
 0.395571 0.280598 0.0600974 0.25075 0.0129842
 0.531286 0.209616 0.120283 0.0257617 0.113054
 0.769635 0.134421 0.0429076 0.0246214 0.0284149
 0.632302 0.296074 0.0417935 0.0133406 0.0164898
 0.712448 0.19544 0.0741695 0.0104697 0.0074728
 0.447077 0.416765 0.0925419 0.0351196 0.00849585
 0.40437 0.298063 0.224291 0.0498033 0.0234726
 0.475053 0.239226 0.14298 0.107592 0.0351502
 0.630859 0.194915 0.079397 0.0474539 0.0473748
 0.758463 0.163996 0.0409435 0.016678 0.0199195
 0.705372 0.234182 0.0410412 0.0102464 0.0091588
 0.6526 0.259842 0.0695945 0.0121967 0.00576688
 0.592918 0.284747 0.0915013 0.0245071 0.00632573
 0.689029 0.200326 0.0773941 0.02487 0.00838034
 0.909519 0.0663291 0.0155587 0.00601094 0.00258244
 0.417144 0.539542 0.0317519 0.00744797 0.00411367
 0.87613 0.0581605 0.0608268 0.00357964 0.00130343
 0.594527 0.363881 0.0195283 0.0204236 0.00163957
 0.584039 0.268292 0.132522 0.00711201 0.00803518
 0.728007 0.172678 0.0640577 0.031641 0.00361656
 0.73368 0.204536 0.0392243 0.0145509 0.00800885
 0.327771 0.519821 0.117051 0.0224471 0.0129104
 0.729997 0.101512 0.130291 0.0293383 0.00886221
 0.611631 0.298869 0.0336489 0.0431883 0.0126626
 0.432049 0.375117 0.148396 0.0167075 0.0277313
 0.713952 0.13854 0.0974252 0.0385413 0.0115416
 0.67138 0.24813 0.0389829 0.0274138 0.0140925
 0.365292 0.454524 0.136051 0.0213745 0.0227581
 0.436096 0.234257 0.236065 0.0706606 0.0229211
 0.817481 0.0891875 0.0387719 0.0390713 0.0154887
pobs_pel_tallas
 0 0 0 0 0 0 0 0 0 0 0 0 0 0 0 0 0 0 0 0 0 0 0 0 0 0
 0 0 0 0 0 0 0 0 0 0 0 0 0 0 0 0 0 0 0 0 0 0 0 0 0 0
 0 0 0 0 0 0 0 0 0 0 0 0 0 0 0 0 0 0 0 0 0 0 0 0 0 0
 0 0 0 0 0 0 0 0 0 0 0 0 0 0 0 0 0 0 0 0 0 0 0 0 0 0
 0 0 0 0 0 0 0 0 0 0 0 0 0 0 0 0 0 0 0 0 0 0 0 0 0 0
 0 0 0 0 0 0 0 0 0 0 0 0 0 0 0 0 0 0 0 0 0 0 0 0 0 0
 0 0 0 0 0 0 0 0 0 0 0 0 0 0 0 0 0 0 0 0 0 0 0 0 0 0
 0 0 0 0 0 0 0 0 0 0 0 0 0 0 0 0 0 0 0 0 0 0 0 0 0 0
 0 0 0 0 0 0 0 0 0 0 0 0 0 0 0 0 0 0 0 0 0 0 0 0 0 0
 0 0 0 0 0 0 0 0 0 0 0 0 0 0 0 0 0 0 0 0 0 0 0 0 0 0
 0 0 0 0 0 0 0 0 0 0 0 0 0 0 0 0 0 0 0 0 0 0 0 0 0 0
 0 0 0 0 0 0 0 0 0 0 0 0 0 0 0 0 0 0 0 0 0 0 0 0 0 0
 0.00862536 0 0 0.000197151 0.00414017 0.0128641 0.00837892 0.0270097 0.101434 0.158115 0.152841 0.127902 0.109271 0.109419 0.0830992 0.0579132 0.0238553 0.00714673 0.00463305 0.00128148 0.00103504 0.000492878 0.000147863 0.000147863 4.92878e-05 0
 0 0 0 0 0 0 0 0 0 0 0 0 0 0 0 0 0 0 0 0 0 0 0 0 0 0
 0 0 0 0 0 0 0 0.0054083 0.00873648 0.0413646 0.0450493 0.0745869 0.0622846 0.0627006 0.0613931 0.0827291 0.12552 0.122667 0.0946155 0.0697135 0.0546179 0.0294188 0.0215738 0.0213955 0.0102223 0.00600262
 0 0 0 0 0.00359764 0.0251062 0.0480494 0.140153 0.205849 0.193036 0.1447 0.116669 0.0760912 0.0342217 0.00950174 0.001854 0.000860785 0 0 0 0.000165536 0 0.000143464 0 0 0
 0 0 0 0 0 0 0 0.000145254 0.000435761 0.0275982 0.070085 0.0708112 0.156366 0.174668 0.174014 0.160142 0.0824315 0.0480064 0.0283245 0.00493863 0.00203355 0 0 0 0 0
 0 0 0 0 0 0 0 0 0 0 0 0 0 0 0 0 0 0 0 0 0 0 0 0 0 0
 0 0 1.00437e-05 0.000401748 0.00122533 0.00171747 0.00176769 0.0269171 0.070346 0.194647 0.189555 0.159765 0.064822 0.0314167 0.0384472 0.0292271 0.0345202 0.0313363 0.0194345 0.0106764 0.0143323 0.0359363 0.0279516 0.0138201 0.00172751 0
 0 0.0021121 0.0136068 0.0755702 0.200478 0.177729 0.0527432 0.0373336 0.0318909 0.0142505 0.0149659 0.0166563 0.0217959 0.0798694 0.0677717 0.0528807 0.04013 0.0224614 0.0357745 0.0225083 0.00881397 0.00855152 0.00135912 0.000746735 0 0
 0 0 0 0 5.4009e-05 0.00500934 0.000945158 0.0243581 0.138947 0.33067 0.221406 0.137944 0.0707744 0.0437923 0.0131692 0.00525238 0.0047753 0.00276346 9.45158e-05 9.00151e-06 2.25038e-05 9.00151e-06 4.50075e-06 0 0 0
 0.000866109 0.00284123 0.00948549 0.0512746 0.133035 0.25785 0.225252 0.132002 0.0553304 0.0519788 0.0540692 0.017754 0.00435017 0.00159236 0.00146478 0.000404838 0.000125132 0.000115318 0.000107957 0.000100596 0 0 0 0 0 0
 0 0 0 0 0.00144013 0.00171154 0.00461396 0.0210425 0.0478622 0.0707936 0.0888783 0.103762 0.0637923 0.0337046 0.0602308 0.124433 0.169614 0.0934646 0.0462172 0.0250306 0.0313229 0.00938855 0.002487 0.000210481 0 0
 0 0.00764035 0.051015 0.0998891 0.058973 0.0496711 0.0374665 0.0718981 0.12319 0.153886 0.159021 0.0857701 0.0377988 0.023471 0.0147837 0.00900784 0.00315554 0.000888139 0.00291439 0.00214683 0.00393193 0.00274676 0.000635225 9.99891e-05 0 0
 0 0 0 0 0 0 0 0 0 0 0 0 0 0 0 0 0 0 0 0 0 0 0 0 0 0
 0 0 0 0 0 0 0 0 0 0 0 0 0 0 0 0 0 0 0 0 0 0 0 0 0 0
 0 0 0 0 0 0 0 0 0 0 0 0 0 0 0 0 0 0 0 0 0 0 0 0 0 0
 0 0 0 0 0 0 0 0 0 0 0 0 0 0 0 0 0 0 0 0 0 0 0 0 0 0
 0 0 0 0 0 0 0 0 0 0 0 0 0 0 0 0 0 0 0 0 0 0 0 0 0 0
 0 0 0 0 0 0 0 0 0 0 0 0 0 0 0 0 0 0 0 0 0 0 0 0 0 0
 0 0 0 0 0 0 0 0 0 0 0 0 0 0 0 0 0 0 0 0 0 0 0 0 0 0
ppred_pel_tallas
 1.1552e-16 3.39712e-05 0.000330213 0.00219438 0.00997534 0.031037 0.0661281 0.0965182 0.0965294 0.0661831 0.0312238 0.0105234 0.00360292 0.00351354 0.00639682 0.0113464 0.0182569 0.0269348 0.0370512 0.0482115 0.059762 0.0704142 0.0781569 0.0808368 0.0771941 0.0676449
 1.2915e-16 3.25827e-05 0.000316715 0.00210469 0.00956762 0.0297686 0.0634261 0.0925779 0.092605 0.0635589 0.0302148 0.0108584 0.00535199 0.00743066 0.0136215 0.0226869 0.0332338 0.0430666 0.050088 0.0536325 0.0549732 0.0564183 0.0596367 0.0644914 0.0691474 0.07119
 1.25241e-16 4.37614e-05 0.000425376 0.00282677 0.0128501 0.0399816 0.0851858 0.124335 0.124356 0.0852854 0.0403166 0.01382 0.00527007 0.00578834 0.0103166 0.0172215 0.0253723 0.0331452 0.0389556 0.0422052 0.0436603 0.044845 0.0469165 0.0499049 0.0527906 0.0541813
 1.08551e-16 6.33938e-05 0.000616211 0.00409494 0.018615 0.0579182 0.123401 0.180111 0.180124 0.123465 0.0581318 0.0192326 0.00564792 0.00401521 0.00654535 0.0107925 0.0157164 0.0201498 0.0229652 0.0236934 0.0228095 0.0213827 0.0203623 0.0200583 0.0201311 0.0199573
 1.05411e-16 5.2082e-05 0.000506255 0.00336425 0.0152934 0.0475836 0.101383 0.147977 0.148006 0.101522 0.0480518 0.016646 0.00675973 0.00791957 0.0141344 0.0232935 0.0335738 0.0422765 0.0466928 0.0455938 0.0399687 0.0323497 0.0252821 0.0201245 0.0168734 0.0147718
 1.04505e-16 5.86834e-05 0.000570424 0.00379067 0.0172318 0.0536147 0.114233 0.16673 0.166749 0.114325 0.0539253 0.0181299 0.00604861 0.00551145 0.00947757 0.0156669 0.0227764 0.0290881 0.0328781 0.0333343 0.0309944 0.0272894 0.0235881 0.0205161 0.0179582 0.0155149
 1.07737e-16 3.68253e-05 0.000357955 0.00237874 0.0108134 0.0336448 0.0716852 0.104635 0.104675 0.0718818 0.0343051 0.0127214 0.00717108 0.0108298 0.0199548 0.0330106 0.0477384 0.0604354 0.0673462 0.0667444 0.0599334 0.0502822 0.0411099 0.0340872 0.0290923 0.0251288
 1.15516e-16 3.33075e-05 0.00032376 0.0021515 0.00978044 0.0304307 0.064837 0.0946375 0.0946665 0.0649789 0.0309083 0.0111638 0.00563847 0.00798442 0.0147253 0.0246664 0.0364101 0.0476394 0.055975 0.0602858 0.061216 0.0604134 0.0591444 0.05749 0.0546484 0.0498511
 1.20926e-16 3.91295e-05 0.000380353 0.00252758 0.01149 0.0357498 0.0761697 0.111177 0.1112 0.0762835 0.0361326 0.0125983 0.0053202 0.00651297 0.0117946 0.0197273 0.0291114 0.0381169 0.0449324 0.0488275 0.0505576 0.0516663 0.0532409 0.05514 0.0562022 0.0551021
 1.15118e-16 5.1963e-05 0.000505099 0.00335656 0.0152585 0.0474748 0.101151 0.147637 0.147655 0.101243 0.0477853 0.0161564 0.00561599 0.00545569 0.00950892 0.0157858 0.0230932 0.0298237 0.0344024 0.0361889 0.0358667 0.0349117 0.0345567 0.0350673 0.035777 0.0356711
 1.06268e-16 6.24737e-05 0.000607266 0.0040355 0.0183448 0.0570776 0.12161 0.177497 0.177513 0.121688 0.0573376 0.0190964 0.00592405 0.00473615 0.00792249 0.0130485 0.0189116 0.0240459 0.0270105 0.0271701 0.0250728 0.0220522 0.0193765 0.0176097 0.0165635 0.0156861
 1.03822e-16 5.81006e-05 0.000564759 0.00375302 0.0170607 0.0530823 0.113098 0.165075 0.165098 0.113209 0.0534529 0.0181314 0.0064413 0.00643578 0.0112156 0.0184694 0.0266474 0.0336114 0.0372225 0.0364998 0.0321966 0.0262686 0.0206773 0.016464 0.0136327 0.011635
 1.04274e-16 5.37538e-05 0.000522506 0.00347224 0.0157843 0.049111 0.104637 0.152726 0.152751 0.10476 0.049523 0.016975 0.0064635 0.00706089 0.0124961 0.0206382 0.0298758 0.037885 0.0423227 0.0420939 0.0379684 0.0319871 0.0261657 0.0215282 0.0180376 0.0151609
 1.06242e-16 4.8838e-05 0.000474722 0.0031547 0.0143408 0.0446198 0.0950681 0.13876 0.138788 0.0952027 0.0450718 0.0156476 0.00643913 0.00765852 0.013733 0.0227333 0.032995 0.0420217 0.0472895 0.0476231 0.0438486 0.0381267 0.0325372 0.0280517 0.0245055 0.0212595
 1.06197e-16 5.67545e-05 0.000551674 0.00366607 0.0166654 0.0518524 0.110478 0.16125 0.161269 0.110573 0.0521709 0.0175865 0.0059823 0.00562177 0.00972637 0.0160967 0.0234347 0.0300037 0.0340666 0.0348227 0.0328448 0.0295952 0.0264316 0.0239072 0.0217888 0.019559
 1.01506e-16 7.49159e-05 0.000728209 0.00483921 0.0219983 0.068445 0.14583 0.212844 0.21285 0.145861 0.0685501 0.0223021 0.00560232 0.002396 0.00324804 0.00526619 0.00761485 0.00965289 0.0107825 0.0107325 0.00971207 0.00825554 0.00688455 0.005854 0.00513121 0.00454508
 1.02498e-16 3.43597e-05 0.000333989 0.00221947 0.0100894 0.0313923 0.0668865 0.0976337 0.0976856 0.0671402 0.032244 0.0125484 0.00838834 0.0137889 0.0255531 0.0420995 0.06043 0.0755452 0.0823726 0.0785747 0.0659664 0.0493367 0.0336615 0.0218488 0.014304 0.00992234
 1.0235e-16 7.21656e-05 0.000701476 0.00466155 0.0211907 0.0659323 0.140476 0.20503 0.205036 0.140504 0.066026 0.0214624 0.00534729 0.0022114 0.00297769 0.00490708 0.00729065 0.00964304 0.0115042 0.0126339 0.0130996 0.0131306 0.0128772 0.0122993 0.0112631 0.00972302
 1.02983e-16 4.89705e-05 0.000476011 0.00316326 0.0143797 0.0447409 0.0953265 0.139139 0.139174 0.0954976 0.0453153 0.0160383 0.0073244 0.00955262 0.0172662 0.0284131 0.0408015 0.0510548 0.0557743 0.0534134 0.0452228 0.0344411 0.024397 0.0169814 0.0123641 0.00969298
 1.05966e-16 4.81066e-05 0.000467613 0.00310745 0.0141261 0.0439515 0.0936443 0.136682 0.136708 0.0937715 0.0443788 0.0153621 0.0062172 0.00727935 0.0130524 0.0216779 0.0316308 0.040622 0.046315 0.0475768 0.045056 0.0405579 0.0357775 0.0314411 0.0273787 0.0231697
 1.05678e-16 5.9965e-05 0.000582881 0.00387345 0.0176082 0.0547856 0.116727 0.17037 0.170387 0.116809 0.0550601 0.0184021 0.00586981 0.00495279 0.00839434 0.0138756 0.0202031 0.025876 0.0294053 0.0301139 0.0285097 0.0258604 0.0233279 0.0213596 0.0197079 0.0178785
 1.03999e-16 6.04323e-05 0.000587424 0.00390364 0.0177454 0.0552126 0.117637 0.171699 0.171718 0.117733 0.0555364 0.0186811 0.00625333 0.00572025 0.0098189 0.0161645 0.0233459 0.0295014 0.0327776 0.03233 0.0288176 0.0239321 0.0193499 0.0159301 0.0136246 0.0119194
 1.07947e-16 2.69982e-05 0.000262432 0.00174395 0.00792779 0.0246666 0.0525566 0.0767184 0.0767686 0.0528018 0.0254901 0.0103072 0.00772003 0.0133197 0.0248586 0.0411413 0.0594683 0.0752138 0.083661 0.0826173 0.0736749 0.0610308 0.0488686 0.0393729 0.0325339 0.0272486
 1.08228e-16 6.01289e-05 0.000584474 0.00388404 0.0176563 0.0549353 0.117046 0.170834 0.170844 0.117095 0.0550998 0.0181338 0.005092 0.00325218 0.0052169 0.00876612 0.0131769 0.0177356 0.0217328 0.024815 0.0270976 0.0288728 0.0301846 0.0306746 0.0298289 0.0273823
 1.07522e-16 5.03793e-05 0.000489705 0.00325426 0.0147934 0.046028 0.0980686 0.14314 0.143169 0.0982093 0.0465006 0.0161586 0.0066813 0.00797206 0.0142647 0.0235159 0.0339088 0.0427407 0.0473135 0.0464399 0.0411771 0.034119 0.0278157 0.0235366 0.0211027 0.0195503
 1.10747e-16 3.55874e-05 0.000345922 0.00229877 0.0104499 0.0325138 0.0692753 0.101117 0.101153 0.0694528 0.0331102 0.0121745 0.0066351 0.00983691 0.0181335 0.0301127 0.0438216 0.0560448 0.0635034 0.0646626 0.060568 0.0539602 0.0474345 0.042134 0.0377606 0.033465
 1.08666e-16 5.88073e-05 0.000571628 0.00379867 0.0172682 0.0537278 0.114473 0.16708 0.167094 0.114539 0.0539497 0.0179108 0.00541845 0.00412982 0.00688215 0.0114579 0.0169097 0.0221347 0.026044 0.0281452 0.0287807 0.0287529 0.028656 0.0284809 0.0277527 0.025983
 1.06323e-16 5.53008e-05 0.000537543 0.00357216 0.0162386 0.0505243 0.107648 0.157121 0.157145 0.107765 0.050917 0.017373 0.00642075 0.00675911 0.0118808 0.0195807 0.028269 0.0357037 0.0396504 0.0391143 0.0349425 0.0292388 0.0240687 0.0204575 0.0182676 0.0167493
 1.10038e-16 3.00887e-05 0.000292473 0.00194359 0.00883529 0.0274901 0.0585722 0.085497 0.085541 0.0587869 0.0282113 0.0109198 0.00718179 0.0117464 0.0218388 0.0362021 0.0524896 0.0667265 0.0748602 0.0750058 0.0685076 0.058887 0.0495747 0.0422392 0.0366956 0.031925
 1.17838e-16 3.59207e-05 0.000349162 0.00232031 0.0105478 0.0328182 0.0699235 0.10206 0.102083 0.0700356 0.0331957 0.0116427 0.00508529 0.00644065 0.0117685 0.0198293 0.0295743 0.0393289 0.0473767 0.0529098 0.0563568 0.0587223 0.0605264 0.0612957 0.059976 0.0557972
 1.07682e-16 6.73348e-05 0.000654518 0.0043495 0.0197722 0.0615188 0.131073 0.191306 0.191315 0.131115 0.061661 0.0201838 0.0053855 0.00292614 0.00441183 0.0072689 0.0106635 0.0138462 0.0161191 0.017212 0.0174448 0.0174704 0.0177928 0.0184425 0.0190173 0.0189838
pSPR Fmed_Fpbrs
0.732946   0.194243 0.194243
Fs Fmed_Fpbrs
0.156197   1.005 1.005
SSBpbr Bo_Bmed_Bpbrs
2.39553e+06  1.63602e+06  345537 345537
Ro
235106
SPR SPRFo_SPRFmed_SPRFpbrs
1.68052e+06 1.23173e+06 326428
Fref
1.005
Nvult_r0
 276587 24983.8 10861 10944.9 4338.81
CTP_r0
 28734.3 2898.17 1259.9 1269.63 503.31
YTP_r0
391302
Np
 305974 134762 11900.2 5173.29 6895.21
Nvult_p0
 259652 116615 10297.7 4476.65 5966.7
CTP_p0
 122116 58452.8 5161.68 2243.91 2990.79
YTP_p0
 2.14914e+06
CBA_c0
918652
log_Ro
12.1878
likeval ReclasPelacesDesembMPH_pf_preclas_ppelaces_ptallas_desvR_qrecl_qpela
 19.0484 18.8265 0.146811 0.00079822 241.97 120.913 99.2329 0 20.0479 9.66852e-06 0 0.745385 0 0 0
q_reclas_q_pelaces
0.643638 1
M
1
N
 248736 53828.9 224595 11629.4 0.380642
 144690 84582.5 18115.6 75585.1 3913.9
 142298 46240.3 26533.8 5682.91 24939.1
 316239 45718.7 14593.5 8374.11 9664.35
 253890 97075.1 13703 4374.04 5406.57
 391534 88248 33490.1 4727.42 3374.23
 165683 128611 28557.8 10837.7 2621.76
 80190.2 48156.2 36237.2 8046.4 3792.31
 68551.1 28457 17008.1 12798.5 4181.28
 85348.3 21848.9 8899.93 5319.3 5310.44
 147123 25965.8 6482.68 2640.66 3153.9
 185060 51312.4 8992.69 2245.13 2006.82
 157747 52354.1 14022.2 2457.44 1161.94
 111719 45431.2 14599 3910.1 1009.27
 114808 27865.6 10765.6 3459.43 1165.71
 536024 32603.6 7647.75 2954.63 1269.38
 143727 153529 9035.1 2119.35 1170.56
 820840 45043.1 47108 2772.29 1009.46
 499934 255091 13689.9 14317.5 1149.38
 376607 143779 71019.2 3811.37 4306.1
 568584 111434 41338.4 20418.9 2333.88
 766437 177392 34018.9 12619.8 6946.01
 175540 228924 51548.3 9885.52 5685.63
 501493 57228.7 73452.9 16539.8 4996.18
 415211 166552 18751.6 24067.7 7056.51
 193349 137499 54394.6 6124.15 10164.9
 410290 65339.5 45948.5 18177.2 5443.37
 449743 136188 21396 15046.2 7734.76
 148631 151546 45361.8 7126.63 7587.95
 113241 50025.6 50411.8 15089.6 4894.8
 411349 36884 16034.3 16158.1 6405.45
pred_Ctot
 11971.1 2919.89 12182.9 630.828 0.0206475
 12146.6 7976.82 1708.44 7128.29 369.112
 11518.4 4205.99 2413.5 516.914 2268.45
 33591.4 5444.24 1737.81 997.199 1150.84
 8895.46 3837.91 541.756 172.93 213.752
 26753.3 6783.74 2574.43 363.404 259.381
 22411.5 19449.3 4318.67 1638.93 396.478
 1798.08 1219.81 917.9 203.818 96.0603
 5858.28 2731.59 1632.62 1228.53 401.362
 9479.53 2719.27 1107.67 662.032 660.929
 4851.23 966.314 241.252 98.2718 117.372
 27604.5 8545.52 1497.63 373.902 334.214
 22087.2 8191.5 2193.96 384.5 181.801
 23465.9 10589.7 3402.92 911.418 235.253
 16902.7 4581.21 1769.91 568.745 191.648
 76570.2 5203.01 1220.46 471.512 202.572
 13633.6 16343.8 961.829 225.614 124.611
 81668.2 5027.21 5257.68 309.413 112.665
 70361.5 40116.1 2152.9 2251.6 180.755
 47419 20257.3 10006 536.989 606.692
 55343.1 12169.7 4514.56 2229.95 254.882
 92685 24015.6 4605.52 1708.49 940.36
 12752.7 18702.7 4211.4 807.628 464.505
 31080.2 3992.47 5124.33 1153.88 348.551
 26427.2 11930.9 1343.27 1724.08 505.492
 10017.5 8026.53 3175.29 357.498 593.379
 25557.6 4581.43 3221.79 1274.54 381.675
 24065.1 8209.25 1289.73 906.971 466.243
 8053.26 9249.59 2768.65 434.973 463.129
 8287.18 4116.78 4148.56 1241.77 402.811
 28734.3 2898.17 1259.9 1269.63 503.31
F
 0.0786634 0.089039 0.089039 0.089039 0.089039
 0.140743 0.159307 0.159307 0.159307 0.159307
 0.135414 0.153275 0.153275 0.153275 0.153275
 0.181015 0.204891 0.204891 0.204891 0.204891
 0.0567506 0.0642359 0.0642359 0.0642359 0.0642359
 0.11328 0.128221 0.128221 0.128221 0.128221
 0.235626 0.266705 0.266705 0.266705 0.266705
 0.0360084 0.0407578 0.0407578 0.0407578 0.0407578
 0.143431 0.162349 0.162349 0.162349 0.162349
 0.189959 0.215015 0.215015 0.215015 0.215015
 0.0533342 0.060369 0.060369 0.060369 0.060369
 0.262647 0.29729 0.29729 0.29729 0.29729
 0.244792 0.27708 0.27708 0.27708 0.27708
 0.388592 0.439847 0.439847 0.439847 0.439847
 0.258839 0.29298 0.29298 0.29298 0.29298
 0.250291 0.283304 0.283304 0.283304 0.283304
 0.1603 0.181443 0.181443 0.181443 0.181443
 0.168708 0.19096 0.19096 0.19096 0.19096
 0.246197 0.27867 0.27867 0.27867 0.27867
 0.217765 0.246488 0.246488 0.246488 0.246488
 0.164786 0.186521 0.186521 0.186521 0.186521
 0.208361 0.235844 0.235844 0.235844 0.235844
 0.120812 0.136747 0.136747 0.136747 0.136747
 0.102284 0.115776 0.115776 0.115776 0.115776
 0.105168 0.11904 0.11904 0.11904 0.11904
 0.0848999 0.0960981 0.0960981 0.0960981 0.0960981
 0.102829 0.116392 0.116392 0.116392 0.116392
 0.0877864 0.0993654 0.0993654 0.0993654 0.0993654
 0.0889347 0.100665 0.100665 0.100665 0.100665
 0.121745 0.137803 0.137803 0.137803 0.137803
 0.115933 0.131224 0.131224 0.131224 0.131224
nmprior
 8.19 8.8 8.5 0
nm_flota  nm_reclas  nm_pelaces    nm_pelaL
inf 11.2296 13.6798 29.985
cv_recla  cv_pelaces  cv_mph
0.394779 0.491991 0.8719
 ------------------------------------------------
Talla a la edad & desviaci?n 
 8 13.2811 15.8009 17.003 17.5766
 0.8 1.32811 1.58009 1.7003 1.75766
