years
 1991 1992 1993 1994 1995 1996 1997 1998 1999 2000 2001 2002 2003 2004 2005 2006 2007 2008 2009 2010 2011 2012 2013 2014 2015 2016 2017 2018 2019 2020 2021
reclasobs
 0 0 0 0 0 0 0 0 0 252601 567819 844713 477998 351125 339783 2.1784e+06 2.13404e+06 4.81314e+06 1.55562e+06 2.62356e+06 3.21686e+06 3.843e+06 1.13348e+06 3.07943e+06 1.97215e+06 2.03268e+06 2.025e+06 2.42433e+06 2.27542e+06 1.05018e+06 2.36338e+06
reclaspred
 3.36092e+06 1.90793e+06 970911 1.01979e+06 1.04904e+06 1.61525e+06 1.08021e+06 967819 701341 510958 531003 656726 649880 522244 529772 1.25251e+06 1.24891e+06 2.70915e+06 2.24387e+06 1.684e+06 2.97365e+06 2.41993e+06 1.95986e+06 3.00496e+06 2.26875e+06 2.01484e+06 2.35075e+06 2.46276e+06 2.04772e+06 1.3272e+06 1.93516e+06
pelacesobs
 0 0 0 0 0 0 0 0 0 0 0 0 0 0 0 552880 188675 0 991730 2.46772e+06 1.41603e+06 1.21717e+06 2.29649e+06 1.80582e+06 0 1.4828e+06 1.56532e+06 1.57751e+06 1.42118e+06 867257 1.10002e+06
pelacespred
 2.07331e+06 1.31757e+06 676331 569208 604119 953269 625667 656547 472723 328652 344337 356851 385589 329747 338977 654863 670030 1.61812e+06 1.4203e+06 996004 1.66265e+06 1.49451e+06 1.21169e+06 1.98332e+06 1.47801e+06 1.30344e+06 1.70313e+06 1.76591e+06 1.23595e+06 905052 1.27197e+06
mphobs
 0 0 0 0 0 0 0 0 0 0 0 498337 0 5186 125008 0 168611 109162 213762 579715 649985 157893 87575 83554 0 0 0 0 0 0 0
mphpred
 506653 340419 172648 94438.8 111215 127602 166887 111939 97365.7 68016.3 44836.1 62187.9 66139.6 57115 40723.5 50633.4 144481 142458 268580 205680 220859 271279 258552 217198 300332 248523 205687 215830 296086 205635 132994
desembarqueobs
 494567 514787 250237 358949 120608 361735 552515 73892 212993 205616 52469 317467 293654 387597 252695 516296 358380 742168 942051 627588 828172 859565 418607 520667 417249 300574 407403 355545 319650 289779 391294
desembarquepred
 494574 513222 251071 358972 120612 361751 552576 73895.6 213038 205660 52471.4 317538 293713 387659 252701 516284 358407 742097 941925 627500 828253 859617 418624 520694 417255 300580 407410 355539 319650 289792 391301
Reclutas
 221853 126778 125731 242090 193860 312834 131780 62252.2 55700.2 71622.7 128463 165410 139569 98291.3 100005 503268 118875 778308 455622 349887 519464 699963 153597 443548 374427 169958 370253 412028 129406 95687.6 349301
log_desv_Rt
 0.0850794 -0.474498 -0.482787 0.172377 -0.0497995 0.428739 -0.435798 -1.18574 -1.29695 -1.04552 -0.461294 -0.208507 -0.378372 -0.728999 -0.711719 0.904188 -0.538864 1.34019 0.804729 0.540674 0.935864 1.23409 -0.282602 0.777871 0.608462 -0.181386 0.597251 0.704157 -0.453982 -0.755847 0.539
SSB
 3.92795e+06 2.63919e+06 1.3385e+06 732160 862222 989268 1.29383e+06 867832 754852 527313 347603 482127 512764 442798 315719 392548 1.12012e+06 1.10444e+06 2.08223e+06 1.59459e+06 1.71227e+06 2.10316e+06 2.00449e+06 1.68388e+06 2.3284e+06 1.92674e+06 1.59464e+06 1.67328e+06 2.29548e+06 1.59423e+06 1.03107e+06
BT
 5.22223e+06 3.56277e+06 1.82001e+06 1.64741e+06 1.51071e+06 2.57004e+06 1.95355e+06 1.60679e+06 1.31966e+06 971400 862663 1.11257e+06 1.17975e+06 1.18687e+06 1.06317e+06 1.99544e+06 1.84743e+06 4.53302e+06 4.2555e+06 2.90189e+06 4.62464e+06 4.32718e+06 3.1959e+06 5.21314e+06 3.84209e+06 3.32165e+06 4.46707e+06 4.55427e+06 3.13162e+06 2.38854e+06 3.40705e+06
Ftot
 0.107923 0.194698 0.1885 0.268646 0.0873051 0.173369 0.369982 0.0576177 0.22717 0.298683 0.0780638 0.364894 0.340484 0.55232 0.370773 0.329936 0.212962 0.217432 0.314673 0.280608 0.213732 0.270569 0.158123 0.136226 0.138636 0.111924 0.135464 0.113828 0.11409 0.160993 0.160199
BD_Bspro_t
 0.982881 0.873041 0.736922 0.65843 0.663805 0.731584 0.723441 0.590118 0.640858 0.604215 0.572178 0.728256 0.617724 0.53433 0.435743 0.490164 0.632324 0.616619 0.69701 0.607735 0.580475 0.626612 0.642173 0.639467 0.736042 0.744252 0.751965 0.782795 0.821415 0.764207 0.707459
BD_Bspro
 2.69694 1.81207 0.919014 0.502702 0.592003 0.679232 0.888348 0.595854 0.518282 0.362054 0.238664 0.331029 0.352064 0.304026 0.216773 0.269524 0.769079 0.758309 1.42966 1.09485 1.17564 1.44403 1.37628 1.15615 1.59868 1.3229 1.09488 1.14887 1.57608 1.0946 0.707933
BD_Bo
 1.84658 1.24071 0.629244 0.344198 0.405341 0.465067 0.608248 0.407979 0.354865 0.247896 0.163412 0.226654 0.241057 0.208165 0.148423 0.184542 0.526585 0.519211 0.978883 0.749636 0.804958 0.988722 0.942335 0.791613 1.09461 0.905783 0.74966 0.786629 1.07914 0.749469 0.484718
BD_Brms
 12.1794 8.18334 4.15029 2.27021 2.6735 3.06743 4.0118 2.69089 2.34057 1.63504 1.07781 1.49494 1.58993 1.37299 0.978951 1.21718 3.47318 3.42454 6.45639 4.94435 5.30924 6.52128 6.21533 5.22122 7.21969 5.97424 4.94451 5.18834 7.11762 4.94325 3.19704
Sel_flota
 0.846405 1 1 1 1
 0.846405 1 1 1 1
 0.846405 1 1 1 1
 0.846405 1 1 1 1
 0.846405 1 1 1 1
 0.846405 1 1 1 1
 0.846405 1 1 1 1
 0.846405 1 1 1 1
 0.846405 1 1 1 1
 0.846405 1 1 1 1
 0.846405 1 1 1 1
 0.846405 1 1 1 1
 0.846405 1 1 1 1
 0.846405 1 1 1 1
 0.846405 1 1 1 1
 0.846405 1 1 1 1
 0.846405 1 1 1 1
 0.846405 1 1 1 1
 0.846405 1 1 1 1
 0.846405 1 1 1 1
 0.846405 1 1 1 1
 0.846405 1 1 1 1
 0.846405 1 1 1 1
 0.846405 1 1 1 1
 0.846405 1 1 1 1
 0.846405 1 1 1 1
 0.846405 1 1 1 1
 0.846405 1 1 1 1
 0.846405 1 1 1 1
 0.846405 1 1 1 1
 0.846405 1 1 1 1
Sel_reclas
 1 1 1 1 1
 1 1 1 1 1
 1 1 1 1 1
 1 1 1 1 1
 1 1 1 1 1
 1 1 1 1 1
 1 1 1 1 1
 1 1 1 1 1
 1 1 1 1 1
 1 1 1 1 1
 1 1 1 1 1
 1 1 1 1 1
 1 1 1 1 1
 1 1 1 1 1
 1 1 1 1 1
 1 1 1 1 1
 1 1 1 1 1
 1 1 1 1 1
 1 1 1 1 1
 1 1 1 1 1
 1 1 1 1 1
 1 1 1 1 1
 1 1 1 1 1
 1 1 1 1 1
 1 1 1 1 1
 1 1 1 1 1
 1 1 1 1 1
 1 1 1 1 1
 1 1 1 1 1
 1 1 1 1 1
 1 1 1 1 1
Sel_pelaces
 0.94577 1 1 1 1
 0.94577 1 1 1 1
 0.94577 1 1 1 1
 0.94577 1 1 1 1
 0.94577 1 1 1 1
 0.94577 1 1 1 1
 0.94577 1 1 1 1
 0.94577 1 1 1 1
 0.94577 1 1 1 1
 0.94577 1 1 1 1
 0.94577 1 1 1 1
 0.94577 1 1 1 1
 0.94577 1 1 1 1
 0.94577 1 1 1 1
 0.94577 1 1 1 1
 0.94577 1 1 1 1
 0.94577 1 1 1 1
 0.94577 1 1 1 1
 0.94577 1 1 1 1
 0.94577 1 1 1 1
 0.94577 1 1 1 1
 0.94577 1 1 1 1
 0.94577 1 1 1 1
 0.94577 1 1 1 1
 0.94577 1 1 1 1
 0.94577 1 1 1 1
 0.94577 1 1 1 1
 0.94577 1 1 1 1
 0.94577 1 1 1 1
 0.94577 1 1 1 1
 0.94577 1 1 1 1
pf_obs 
 0.8446 0.082 0.0669 0.0065 0
 0.8095 0.147 0.0364 0.0071 0
 0.9664 0.0169 0.016 0.0007 0
 0.9276 0.0648 0.0075 0.0001 0
 0.7033 0.2144 0.0806 0.0017 0
 0.9318 0.0425 0.0243 0.0014 0
 0.5671 0.3108 0.0964 0.0239 0.0018
 0.0768 0.2599 0.5324 0.112 0.0189
 0.490249 0.384438 0.106611 0.0170017 0.00170017
 0.7925 0.1577 0.0466 0.003 0.0002
 0.840416 0.127587 0.0312969 0.00059994 9.999e-05
 0.8084 0.0986 0.0794 0.0134 0.0002
 0.7335 0.1905 0.0724 0.0035 0.0001
 0.4001 0.4547 0.1325 0.0127 0
 0.49795 0.308269 0.164784 0.0264974 0.00249975
 0.9179 0.0499 0.0305 0.0017 0
 0.2467 0.6533 0.0926 0.0074 0
 0.9418 0.0223 0.034 0.0019 0
 0.707729 0.231977 0.0356964 0.0245975 0
 0.517169 0.277429 0.184464 0.0207286 0.00020938
 0.811772 0.124168 0.05621 0.00726502 0.000585176
 0.764997 0.148141 0.077277 0.00933861 0.000247198
 0.163321 0.427699 0.378323 0.0303852 0.000271297
 0.753843 0.0900009 0.118128 0.0371064 0.000921714
 0.721811 0.176058 0.0630433 0.0369309 0.00215725
 0.143369 0.312575 0.442814 0.0836902 0.0175525
 0.692698 0.0596174 0.167031 0.0765114 0.00414204
 0.394062 0.376323 0.152708 0.0712218 0.00568511
 0.125707 0.32114 0.495352 0.0537591 0.00404204
 0.23352 0.215282 0.420074 0.123614 0.00750983
 0.774587 0.0839891 0.0768558 0.0609784 0.00358967
pf_pred 
 0.438695 0.113309 0.42454 0.0234554 7.66001e-07
 0.412987 0.283249 0.0613201 0.22975 0.0126939
 0.5551 0.203913 0.116282 0.0251738 0.0995308
 0.760152 0.1439 0.0439767 0.0250779 0.0268942
 0.648499 0.278855 0.0435851 0.0133199 0.0157416
 0.735236 0.181948 0.0657002 0.010269 0.00684711
 0.46887 0.408559 0.0842319 0.0304156 0.00792382
 0.436486 0.292551 0.208431 0.0429719 0.0195593
 0.51226 0.233696 0.131889 0.0939655 0.0281905
 0.67114 0.183799 0.0695044 0.0392256 0.0363309
 0.791883 0.148293 0.0334352 0.0126437 0.0137446
 0.726013 0.224417 0.0353211 0.00796373 0.00628528
 0.673434 0.249531 0.0630974 0.00993091 0.00400627
 0.614947 0.275504 0.0837071 0.0211665 0.00467533
 0.717681 0.187866 0.0675814 0.0205334 0.00633901
 0.924429 0.057181 0.0122375 0.00440224 0.00175046
 0.405566 0.557055 0.0282829 0.00605292 0.00304325
 0.891874 0.0487811 0.0556135 0.00282362 0.000908115
 0.599908 0.363526 0.0164965 0.0188071 0.00126198
 0.602421 0.256796 0.127916 0.00580474 0.00706183
 0.739735 0.168534 0.0592491 0.0295133 0.00296863
 0.745117 0.197276 0.0373032 0.0131142 0.00718954
 0.333302 0.51989 0.113628 0.021486 0.0116946
 0.741629 0.0968108 0.125984 0.0275352 0.00804058
 0.63 0.286545 0.0312702 0.0406932 0.0114911
 0.442364 0.374035 0.14219 0.0155169 0.0258949
 0.729926 0.131346 0.0930514 0.0353736 0.0103023
 0.688357 0.238016 0.0358076 0.0253677 0.0124522
 0.367508 0.458572 0.13283 0.0199832 0.0211062
 0.436667 0.230714 0.241157 0.0698536 0.0216084
 0.824032 0.0847626 0.0373534 0.0390442 0.014808
pobs_RECLAS
 0 0 0 0 0
 0 0 0 0 0
 0 0 0 0 0
 0 0 0 0 0
 0 0 0 0 0
 0 0 0 0 0
 0 0 0 0 0
 0 0 0 0 0
 0 0 0 0 0
 0 0 0 0 0
 0.991045 0.00858322 0.000360255 1.14367e-05 0
 0.934742 0.0480273 0.0164251 0.00080598 0
 0.827803 0.169806 0.00239088 0 0
 0.941827 0.0461693 0.0120037 0 0
 0.791401 0.0380133 0.147996 0.0225897 0
 0.846168 0.0940531 0.0597789 0 0
 0.134021 0.677848 0.182769 0.00536245 0
 0.80878 0.0450904 0.141981 0.00414843 0
 0.846168 0.0940531 0.0597789 0 0
 0.905697 0.0802665 0.012482 0.00150086 5.37128e-05
 0.989698 0.0102097 9.19794e-05 0 0
 0.975433 0.0193895 0.00387452 0.00125025 5.28907e-05
 0.303575 0.632131 0.0575291 0.00676475 0
 0.966965 0.00978017 0.0227588 0.000495775 0
 0.843318 0.132988 0.00938335 0.0141283 0.000182051
 0.564624 0.303363 0.111486 0.0197234 0.00080311
 0.826376 0.0876187 0.0782897 0.00655872 0.00115652
 0.89761 0.0855135 0.0140674 0.00269457 0.000114338
 0.34875 0.467042 0.161289 0.0227151 0.000203297
 0.318654 0.224769 0.449479 0.00709798 0
 0.937255 0.0296025 0.0250945 0.00804832 0
ppred_RECLAS
 0.480456 0.104879 0.392954 0.0217103 7.0901e-07
 0.454625 0.263157 0.0569705 0.213454 0.0117935
 0.596481 0.184947 0.105467 0.0228323 0.0902732
 0.789921 0.126039 0.0385183 0.0219652 0.0235561
 0.685764 0.249291 0.0389644 0.0119078 0.0140727
 0.766853 0.16022 0.0578545 0.00904269 0.00602945
 0.512059 0.375337 0.0773825 0.0279424 0.00727949
 0.478035 0.270981 0.193063 0.0398035 0.0181172
 0.554592 0.213413 0.120442 0.0858101 0.0257438
 0.707827 0.163294 0.0617507 0.0348497 0.032278
 0.818189 0.129549 0.0292091 0.0110456 0.0120074
 0.759019 0.197383 0.0310661 0.00700437 0.00552812
 0.710144 0.221481 0.0560044 0.00881455 0.00355591
 0.655928 0.246182 0.0747982 0.0189137 0.00417773
 0.751369 0.165448 0.059517 0.0180832 0.00558258
 0.935609 0.0487219 0.0104271 0.00375098 0.0014915
 0.447103 0.51813 0.0263066 0.00562997 0.0028306
 0.907211 0.0418618 0.047725 0.0024231 0.000779304
 0.640354 0.326777 0.0148289 0.0169059 0.0011344
 0.642614 0.230836 0.114985 0.00521792 0.00634792
 0.771103 0.148222 0.0521083 0.0259563 0.00261084
 0.776209 0.173211 0.0327527 0.0115144 0.0063125
 0.371857 0.489825 0.107057 0.0202435 0.0110183
 0.772615 0.0852007 0.110875 0.024233 0.00707631
 0.668395 0.256811 0.0280253 0.0364705 0.0102986
 0.484188 0.345981 0.131525 0.0143531 0.0239527
 0.761862 0.115815 0.0820482 0.0311907 0.00908408
 0.723279 0.211345 0.0317951 0.022525 0.0110568
 0.407434 0.429625 0.124445 0.0187218 0.0197739
 0.478606 0.213538 0.223203 0.0646531 0.0199997
 0.847221 0.0735927 0.0324311 0.033899 0.0128567
pobs_PELACES
 0 0 0 0 0
 0 0 0 0 0
 0 0 0 0 0
 0 0 0 0 0
 0 0 0 0 0
 0 0 0 0 0
 0 0 0 0 0
 0 0 0 0 0
 0 0 0 0 0
 0 0 0 0 0
 0 0 0 0 0
 0 0 0 0 0
 0 0 0 0 0
 0 0 0 0 0
 0 0 0 0 0
 0 0 0 0 0
 0.505614 0.472636 0.0217494 0 0
 0 0 0 0 0
 0.443492 0.261883 0.143347 0.151278 0
 0.227955 0.32914 0.350689 0.0885471 0.00366901
 0.970185 0.0296113 0.000203453 0 0
 0.997202 0.00247181 0.000326279 0 0
 0.445219 0.490057 0.0546422 0.010081 0
 0.90214 0.0892962 0.00764917 0.000914606 0
 0 0 0 0 0
 0.581667 0.319106 0.0959925 0.00289975 0.000334073
 0.762889 0.0836404 0.116647 0.0363945 0.000428098
 0.88444 0.0763242 0.0277011 0.0115352 0
 0.521256 0.241999 0.230069 0.00667565 0
 0.616807 0.101726 0.260614 0.0208532 0
 0.833518 0.0704572 0.0857862 0.0102388 0
ppred_PELACES
 0.467919 0.10741 0.402436 0.0222342 7.26119e-07
 0.443273 0.268635 0.0581563 0.217897 0.012039
 0.585313 0.190065 0.108386 0.0234642 0.0927716
 0.782843 0.130286 0.0398161 0.0227053 0.0243498
 0.674599 0.258149 0.0403488 0.0123309 0.0145728
 0.758351 0.166063 0.0599643 0.00937246 0.00624933
 0.502811 0.382451 0.0788492 0.028472 0.00741747
 0.46487 0.277816 0.197933 0.0408074 0.0185741
 0.543638 0.218661 0.123404 0.0879202 0.0263769
 0.699357 0.168028 0.0635409 0.03586 0.0332137
 0.810356 0.135131 0.0304674 0.0115214 0.0125247
 0.752138 0.203019 0.0319532 0.00720437 0.00568597
 0.702156 0.227585 0.0575478 0.00905747 0.00365391
 0.649636 0.250684 0.076166 0.0192596 0.00425413
 0.7444 0.170085 0.0611852 0.0185901 0.00573906
 0.933217 0.0505317 0.0108145 0.00389032 0.00154691
 0.436016 0.528519 0.0268341 0.00574286 0.00288735
 0.903376 0.0435919 0.0496975 0.00252325 0.000811512
 0.631136 0.335152 0.015209 0.0173392 0.00116348
 0.63302 0.237033 0.118071 0.00535799 0.00651833
 0.763077 0.153419 0.0539352 0.0268664 0.00270238
 0.768822 0.178929 0.0338339 0.0118945 0.00652089
 0.360775 0.498466 0.108945 0.0206006 0.0112127
 0.763918 0.0884592 0.115116 0.0251598 0.00734694
 0.657507 0.265243 0.0289454 0.0376679 0.0106368
 0.471692 0.354363 0.134711 0.0147008 0.024533
 0.752879 0.120184 0.0851433 0.0323673 0.00942676
 0.713163 0.21907 0.0329573 0.0233484 0.011461
 0.395427 0.43833 0.126967 0.0191011 0.0201745
 0.466743 0.218396 0.228282 0.0661241 0.0204547
 0.840952 0.0766121 0.0337617 0.0352899 0.0133842
pobs_pel_tallas
 0 0 0 0 0 0 0 0 0 0 0 0 0 0 0 0 0 0 0 0 0 0 0 0 0 0
 0 0 0 0 0 0 0 0 0 0 0 0 0 0 0 0 0 0 0 0 0 0 0 0 0 0
 0 0 0 0 0 0 0 0 0 0 0 0 0 0 0 0 0 0 0 0 0 0 0 0 0 0
 0 0 0 0 0 0 0 0 0 0 0 0 0 0 0 0 0 0 0 0 0 0 0 0 0 0
 0 0 0 0 0 0 0 0 0 0 0 0 0 0 0 0 0 0 0 0 0 0 0 0 0 0
 0 0 0 0 0 0 0 0 0 0 0 0 0 0 0 0 0 0 0 0 0 0 0 0 0 0
 0 0 0 0 0 0 0 0 0 0 0 0 0 0 0 0 0 0 0 0 0 0 0 0 0 0
 0 0 0 0 0 0 0 0 0 0 0 0 0 0 0 0 0 0 0 0 0 0 0 0 0 0
 0 0 0 0 0 0 0 0 0 0 0 0 0 0 0 0 0 0 0 0 0 0 0 0 0 0
 0 0 0 0 0 0 0 0 0 0 0 0 0 0 0 0 0 0 0 0 0 0 0 0 0 0
 0 0 0 0 0 0 0 0 0 0 0 0 0 0 0 0 0 0 0 0 0 0 0 0 0 0
 0 0 0 0 0 0 0 0 0 0 0 0 0 0 0 0 0 0 0 0 0 0 0 0 0 0
 0.00862536 0 0 0.000197151 0.00414017 0.0128641 0.00837892 0.0270097 0.101434 0.158115 0.152841 0.127902 0.109271 0.109419 0.0830992 0.0579132 0.0238553 0.00714673 0.00463305 0.00128148 0.00103504 0.000492878 0.000147863 0.000147863 4.92878e-05 0
 0 0 0 0 0 0 0 0 0 0 0 0 0 0 0 0 0 0 0 0 0 0 0 0 0 0
 0 0 0 0 0 0 0 0.0054083 0.00873648 0.0413646 0.0450493 0.0745869 0.0622846 0.0627006 0.0613931 0.0827291 0.12552 0.122667 0.0946155 0.0697135 0.0546179 0.0294188 0.0215738 0.0213955 0.0102223 0.00600262
 0 0 0 0 0.00359764 0.0251062 0.0480494 0.140153 0.205849 0.193036 0.1447 0.116669 0.0760912 0.0342217 0.00950174 0.001854 0.000860785 0 0 0 0.000165536 0 0.000143464 0 0 0
 0 0 0 0 0 0 0 0.000145254 0.000435761 0.0275982 0.070085 0.0708112 0.156366 0.174668 0.174014 0.160142 0.0824315 0.0480064 0.0283245 0.00493863 0.00203355 0 0 0 0 0
 0 0 0 0 0 0 0 0 0 0 0 0 0 0 0 0 0 0 0 0 0 0 0 0 0 0
 0 0 1.00437e-05 0.000401748 0.00122533 0.00171747 0.00176769 0.0269171 0.070346 0.194647 0.189555 0.159765 0.064822 0.0314167 0.0384472 0.0292271 0.0345202 0.0313363 0.0194345 0.0106764 0.0143323 0.0359363 0.0279516 0.0138201 0.00172751 0
 0 0.0021121 0.0136068 0.0755702 0.200478 0.177729 0.0527432 0.0373336 0.0318909 0.0142505 0.0149659 0.0166563 0.0217959 0.0798694 0.0677717 0.0528807 0.04013 0.0224614 0.0357745 0.0225083 0.00881397 0.00855152 0.00135912 0.000746735 0 0
 0 0 0 0 5.4009e-05 0.00500934 0.000945158 0.0243581 0.138947 0.33067 0.221406 0.137944 0.0707744 0.0437923 0.0131692 0.00525238 0.0047753 0.00276346 9.45158e-05 9.00151e-06 2.25038e-05 9.00151e-06 4.50075e-06 0 0 0
 0.000866109 0.00284123 0.00948549 0.0512746 0.133035 0.25785 0.225252 0.132002 0.0553304 0.0519788 0.0540692 0.017754 0.00435017 0.00159236 0.00146478 0.000404838 0.000125132 0.000115318 0.000107957 0.000100596 0 0 0 0 0 0
 0 0 0 0 0.00144013 0.00171154 0.00461396 0.0210425 0.0478622 0.0707936 0.0888783 0.103762 0.0637923 0.0337046 0.0602308 0.124433 0.169614 0.0934646 0.0462172 0.0250306 0.0313229 0.00938855 0.002487 0.000210481 0 0
 0 0.00764035 0.051015 0.0998891 0.058973 0.0496711 0.0374665 0.0718981 0.12319 0.153886 0.159021 0.0857701 0.0377988 0.023471 0.0147837 0.00900784 0.00315554 0.000888139 0.00291439 0.00214683 0.00393193 0.00274676 0.000635225 9.99891e-05 0 0
 0 0 0 0 0 0 0 0 0 0 0 0 0 0 0 0 0 0 0 0 0 0 0 0 0 0
 0 0 0 0 0 0 0 0 0 0 0 0 0 0 0 0 0 0 0 0 0 0 0 0 0 0
 0 0 0 0 0 0 0 0 0 0 0 0 0 0 0 0 0 0 0 0 0 0 0 0 0 0
 0 0 0 0 0 0 0 0 0 0 0 0 0 0 0 0 0 0 0 0 0 0 0 0 0 0
 0 0 0 0 0 0 0 0 0 0 0 0 0 0 0 0 0 0 0 0 0 0 0 0 0 0
 0 0 0 0 0 0 0 0 0 0 0 0 0 0 0 0 0 0 0 0 0 0 0 0 0 0
 0 0 0 0 0 0 0 0 0 0 0 0 0 0 0 0 0 0 0 0 0 0 0 0 0 0
ppred_pel_tallas
 1.13871e-16 3.85419e-05 0.000374641 0.00248962 0.0113175 0.0352129 0.0750252 0.109504 0.109515 0.075079 0.0353953 0.0118521 0.00386069 0.00346334 0.0061842 0.0108902 0.0173734 0.025355 0.034442 0.0442402 0.0542115 0.0633168 0.0698791 0.07205 0.0687163 0.060214
 1.25637e-16 3.65119e-05 0.000354909 0.00235849 0.0107214 0.0333584 0.0710745 0.103741 0.103767 0.0712016 0.0337855 0.0119566 0.00546549 0.00715982 0.0130298 0.0216779 0.0317167 0.0410111 0.0475122 0.050535 0.0512596 0.0518904 0.0540777 0.0578101 0.0614988 0.0630002
 1.2123e-16 4.82115e-05 0.000468633 0.00311423 0.0141569 0.0440473 0.0938482 0.136978 0.136997 0.0939385 0.0443511 0.0150361 0.00532888 0.00532908 0.00935648 0.0155993 0.0229664 0.0299675 0.035148 0.0379435 0.0390262 0.0397636 0.0412097 0.0434251 0.0455491 0.0464036
 1.07581e-16 6.44818e-05 0.000626786 0.00416521 0.0189345 0.0589122 0.125519 0.183202 0.183214 0.125581 0.0591192 0.0195328 0.0056695 0.00391853 0.00633984 0.0104432 0.0151936 0.0194495 0.0221078 0.0227036 0.0216919 0.020112 0.0188986 0.018379 0.0182578 0.0179644
 1.04934e-16 5.55658e-05 0.00054012 0.00358929 0.0163164 0.0507665 0.108164 0.157874 0.157899 0.108286 0.0511749 0.0174962 0.0065513 0.00700807 0.012345 0.0203366 0.0293291 0.0369696 0.0409032 0.0400605 0.0352963 0.0287994 0.0227613 0.0183393 0.0155137 0.0136242
 1.03771e-16 6.24644e-05 0.000607176 0.0040349 0.0183421 0.0570691 0.121592 0.177471 0.177487 0.121671 0.0573329 0.0191048 0.00595239 0.0048025 0.0080578 0.0132946 0.0193143 0.0246421 0.0278085 0.0281242 0.0260536 0.0228281 0.0196293 0.0170047 0.0148614 0.0128518
 1.06484e-16 4.14159e-05 0.000402578 0.00267527 0.0121614 0.0378389 0.0806211 0.117677 0.117714 0.0808015 0.0384446 0.0139115 0.0070705 0.0100049 0.0183002 0.0302472 0.043708 0.0552624 0.061447 0.0606684 0.0541298 0.0449523 0.0362317 0.0295582 0.0248671 0.021264
 1.13019e-16 3.82908e-05 0.0003722 0.0024734 0.0112437 0.0349836 0.0745373 0.108795 0.108822 0.0746695 0.0354284 0.0125316 0.00571883 0.00749895 0.0136967 0.0229062 0.0337518 0.0440368 0.0515111 0.0551 0.0554126 0.0540344 0.0522337 0.0501919 0.0472549 0.042757
 1.16898e-16 4.47788e-05 0.000435266 0.0028925 0.0131489 0.0409112 0.0871664 0.127226 0.127248 0.0872703 0.0412607 0.0141607 0.00544118 0.00602932 0.0107593 0.0179579 0.0264437 0.0345038 0.0404421 0.0435553 0.0445198 0.0447716 0.0453798 0.0463325 0.0467034 0.0453957
 1.11094e-16 5.76051e-05 0.000559943 0.00372102 0.0169152 0.0526296 0.112133 0.163665 0.163682 0.112213 0.0528969 0.0176885 0.00566614 0.00481991 0.00818932 0.0135584 0.0197941 0.0254769 0.0292189 0.0304398 0.0297128 0.0283208 0.027372 0.0271753 0.0272565 0.0268367
 1.04189e-16 6.6748e-05 0.000648814 0.0043116 0.0195999 0.0609827 0.12993 0.18964 0.189653 0.129994 0.0611968 0.0202188 0.00586616 0.00404634 0.00653098 0.0107229 0.0155166 0.0196789 0.0220062 0.0219611 0.0199898 0.0172001 0.0146645 0.0128911 0.0117752 0.0109069
 1.02659e-16 6.19526e-05 0.000602202 0.00400184 0.0181918 0.0566016 0.120596 0.176018 0.176038 0.120692 0.0569227 0.0191195 0.00633082 0.00568739 0.00972267 0.0159835 0.0230381 0.0290123 0.032039 0.0312588 0.027325 0.0219468 0.0168532 0.0129844 0.0103804 0.00859178
 1.03246e-16 5.78357e-05 0.000562184 0.00373591 0.0169829 0.0528403 0.112583 0.164322 0.164344 0.11269 0.053201 0.0180253 0.00635439 0.0062847 0.0109446 0.0180505 0.0261096 0.0330679 0.0368622 0.0365266 0.0327372 0.027296 0.0219951 0.0177646 0.0146023 0.0120598
 1.04914e-16 5.35097e-05 0.000520133 0.00345647 0.0157126 0.0488879 0.104162 0.152032 0.152057 0.10428 0.0492858 0.0168625 0.00634615 0.0068392 0.0120866 0.0199808 0.0289745 0.0368492 0.0413691 0.0414916 0.037947 0.0326571 0.0274879 0.0233371 0.0200973 0.0172267
 1.04645e-16 6.13153e-05 0.000596007 0.00396067 0.0180047 0.0560193 0.119356 0.174206 0.174223 0.119436 0.0562895 0.0187861 0.00592533 0.00489515 0.00825654 0.0136326 0.0198205 0.0253225 0.0286493 0.0291121 0.0272003 0.0241755 0.0212269 0.0188688 0.0169431 0.0150331
 1.00978e-16 7.68678e-05 0.000747183 0.00496529 0.0225715 0.0702283 0.149629 0.218389 0.218394 0.149653 0.0703084 0.0228028 0.0055462 0.00201643 0.00249075 0.00400492 0.00578288 0.00731715 0.00814757 0.00806501 0.0072291 0.0060513 0.00493766 0.00409352 0.00350465 0.00304763
 1.01975e-16 3.59142e-05 0.000349099 0.00231989 0.0105459 0.0328125 0.0699123 0.10205 0.102101 0.0701608 0.0336466 0.0129541 0.00836099 0.0135241 0.0250202 0.0412083 0.0591277 0.0738684 0.0804502 0.0765773 0.064032 0.047525 0.0319625 0.0202301 0.0127554 0.00847009
 1.01836e-16 7.44099e-05 0.000723291 0.00480652 0.0218497 0.0679827 0.144844 0.211406 0.21141 0.144865 0.068053 0.0220538 0.00532192 0.00185912 0.0022628 0.00370436 0.00551758 0.00732947 0.00879941 0.00974697 0.0102123 0.0103463 0.0102348 0.00982541 0.0090091 0.00776173
 1.02461e-16 5.19859e-05 0.000505322 0.00335804 0.0152652 0.0474958 0.101196 0.147705 0.147738 0.101354 0.0480248 0.0167925 0.00718951 0.00886201 0.0159012 0.0261496 0.0375352 0.0469352 0.0512114 0.0489351 0.0412618 0.0311872 0.0217997 0.0148661 0.0105635 0.00811604
 1.05109e-16 5.2141e-05 0.00050683 0.00336806 0.0153107 0.0476375 0.101498 0.148143 0.148166 0.10161 0.048015 0.0164029 0.00611572 0.00652556 0.0115429 0.0191563 0.0279522 0.0359004 0.0409347 0.0420511 0.039817 0.0358216 0.0315581 0.0276693 0.0240131 0.0202315
 1.04748e-16 6.28537e-05 0.00061096 0.00406005 0.0184564 0.0574248 0.12235 0.178577 0.178591 0.122423 0.0576686 0.0191614 0.00583254 0.00449 0.00745854 0.0123069 0.0179027 0.0228972 0.0259595 0.0264838 0.0249251 0.0224237 0.0200347 0.0181815 0.0166646 0.0150533
 1.03319e-16 6.33269e-05 0.00061556 0.00409061 0.0185953 0.0578571 0.123271 0.179922 0.179939 0.123356 0.0581404 0.0194138 0.00614586 0.00510498 0.00859791 0.0141362 0.0204112 0.0257835 0.028628 0.0282029 0.0250835 0.0207509 0.016677 0.0136224 0.0115556 0.0100365
 1.07235e-16 2.97167e-05 0.000288857 0.00191956 0.00872606 0.0271503 0.0578483 0.0844413 0.0844894 0.0580834 0.0279398 0.0110073 0.00764882 0.0128059 0.0238312 0.0394275 0.0569735 0.0720218 0.0800407 0.0789227 0.0701982 0.0579058 0.0460816 0.0368484 0.03022 0.02515
 1.07112e-16 6.2923e-05 0.000611634 0.00406452 0.0184767 0.057488 0.122485 0.178772 0.17878 0.122527 0.0576314 0.018893 0.00511766 0.00293774 0.00456028 0.00764817 0.0115003 0.0154884 0.0189944 0.0217088 0.0237266 0.0252941 0.0264401 0.0268464 0.0260666 0.0238786
 1.06481e-16 5.41581e-05 0.000526436 0.00349835 0.015903 0.0494803 0.105424 0.153875 0.1539 0.105549 0.0498997 0.0171145 0.00653939 0.00716571 0.012666 0.0208629 0.0300764 0.0378972 0.0419265 0.0411078 0.0363789 0.0300454 0.0243781 0.0205147 0.0183072 0.0169093
 1.09605e-16 3.88528e-05 0.000377663 0.0025097 0.0114088 0.0354971 0.0756316 0.110394 0.110428 0.0757992 0.0360603 0.0130372 0.00660397 0.00933737 0.0171193 0.0284085 0.0413141 0.0527811 0.0596989 0.0606111 0.0565124 0.0500164 0.0436134 0.0384267 0.0342077 0.0301673
 1.0733e-16 6.20137e-05 0.000602795 0.00400579 0.0182097 0.0566573 0.120715 0.176189 0.176201 0.120772 0.0568498 0.0187673 0.00541104 0.00368976 0.00598178 0.00994144 0.0146705 0.0192024 0.02259 0.0244025 0.0249321 0.0248708 0.0247326 0.0245136 0.023812 0.0222182
 1.05289e-16 5.87424e-05 0.000570997 0.00379447 0.0172491 0.0536686 0.114347 0.166898 0.166919 0.114451 0.0540152 0.0182505 0.00630879 0.00606202 0.0104942 0.017276 0.0249317 0.031469 0.0349091 0.0343699 0.0305985 0.0254581 0.020784 0.0174976 0.0154942 0.0141243
 1.09106e-16 3.25709e-05 0.000316601 0.00210393 0.00956417 0.0297579 0.063404 0.0925488 0.0925912 0.063611 0.0304533 0.0115739 0.00715375 0.0113574 0.0210509 0.0348807 0.0505504 0.0642124 0.0719464 0.0719269 0.0654536 0.0559402 0.0467273 0.0394622 0.0340009 0.0293798
 1.16737e-16 3.84451e-05 0.0003737 0.00248337 0.011289 0.0351245 0.0748373 0.109232 0.109253 0.0749419 0.0354768 0.0123107 0.00506404 0.00606104 0.0109981 0.0185374 0.0276788 0.0368712 0.0445252 0.0498865 0.0533337 0.0557603 0.0575966 0.0583546 0.0570341 0.0529379
 1.06799e-16 6.92681e-05 0.000673311 0.00447439 0.0203399 0.0632851 0.134836 0.196798 0.196806 0.134872 0.0634073 0.0206935 0.00536464 0.0026256 0.00380382 0.00625128 0.00917468 0.0119242 0.0139038 0.0148852 0.0151451 0.0152424 0.0156024 0.0162391 0.0167921 0.0167906
pSPR Fmed_Fpbrs
0.691108   0.201615 0.201615
Fs Fmed_Fpbrs
0.191373   1.005 1.005
SSBpbr Bo_Bmed_Bpbrs
2.12715e+06  1.36373e+06  322507 322507
Ro
203758
SPR SPRFo_SPRFmed_SPRFpbrs
1.45645e+06 1.00656e+06 293642
Fref
1.005
Nvult_r0
 237095 21089.7 9293.88 9714.56 3684.38
CTP_r0
 28309.9 2912.05 1283.29 1341.38 508.736
YTP_r0
391301
Np
 271580 112207 9627.5 4242.68 5824.67
Nvult_p0
 228905 97096.8 8331.06 3671.36 5040.32
CTP_p0
 105215 48669.5 4175.92 1840.26 2526.44
YTP_p0
 1.81359e+06
CBA_c0
817987
log_Ro
12.0447
likeval ReclasPelacesDesembMPH_pf_preclas_ppelaces_ptallas_desvR_qrecl_qpela
 16.3133 17.507 0.103177 0.000805399 241.447 119.804 98.3364 0 21.863 4.03662e-06 0 0.52547 0 0 0
q_reclas_q_pelaces
0.752238 1
M
1
N
 221853 48831.3 182958 10108.3 0.330113
 126778 74490.2 16126.3 60420.9 3338.31
 125731 39553.1 22555.3 4882.96 19306
 242090 39432.9 12050.9 6872.1 7369.84
 193860 70946.7 11089 3388.87 4005.01
 312834 66237 23917.8 3738.37 2492.65
 131780 99378.2 20488.6 7398.33 1927.4
 62252.2 35445 25253.2 5206.4 2369.78
 55700.2 21811.2 12309.4 8769.97 2631.07
 71622.7 16906.6 6393.33 3608.15 3341.88
 128463 20462.7 4613.66 1744.68 1896.6
 165410 44237.3 6962.51 1569.81 1238.96
 139569 44682.4 11298.5 1778.28 717.383
 98291.3 38489.1 11694.2 2957.04 653.162
 100005 22656.6 8150.3 2476.32 764.483
 503268 26880.2 5752.74 2069.45 822.875
 118875 140031 7109.67 1521.57 765.003
 778308 36518.5 41633.4 2113.82 679.833
 455622 238194 10809.1 12323 826.89
 349887 128422 63970 2902.91 3531.57
 519464 101504 35684.4 17775.2 1787.94
 699963 159476 30155.5 10601.4 5811.95
 153597 204796 44760.5 8463.81 4606.75
 443548 49427 64321.4 14058.1 4105.14
 374427 145402 15867.5 20649 5830.93
 169958 122493 46565.9 5081.64 8480.35
 370253 56872.7 40291.1 15316.7 4460.88
 412028 121453 18271.7 12944.4 6354
 129406 137655 39873 5998.58 6335.67
 95687.6 43223.6 45180.1 13086.9 4048.27
 349301 30717.2 13536.6 14149.3 5366.3
pred_Ctot
 12334.4 3185.8 11936.4 659.474 0.0215369
 12340.4 8463.74 1832.3 6865.16 379.306
 11874.2 4361.93 2487.41 538.495 2129.07
 31705.8 6002.04 1834.26 1046 1121.76
 8781.81 3776.18 590.219 180.375 213.169
 27314.5 6759.46 2440.8 381.499 254.374
 22973.6 20018.5 4127.18 1490.3 388.25
 1880.51 1260.4 897.983 185.136 84.2674
 6256.21 2854.12 1610.75 1147.6 344.29
 10323.7 2827.25 1069.14 603.381 558.854
 5220.18 977.564 220.408 83.3485 90.6061
 28488 8805.91 1385.96 312.489 246.628
 22613.3 8379.03 2118.75 333.471 134.527
 24094.4 10794.6 3279.76 829.33 183.186
 17466.7 4572.22 1644.78 499.736 154.277
 79293.8 4904.76 1049.69 377.606 150.148
 12577.7 17275.8 877.131 187.718 94.3796
 83950.4 4591.67 5234.8 265.782 85.4791
 68817.8 41701.4 1892.38 2157.43 144.766
 47670.6 20320.7 10122.2 459.339 558.815
 55147 12564.2 4417 2200.21 221.31
 92268.2 24428.8 4619.28 1623.93 890.285
 12296 19179.6 4191.9 792.652 431.431
 30822.9 4023.56 5236.04 1144.39 334.176
 26457.8 12033.9 1313.24 1708.97 482.584
 9785.84 8274.3 3145.48 343.26 572.84
 25592.4 4605.21 3262.54 1240.26 361.216
 24111.4 8337.11 1254.25 888.567 436.168
 7589.43 9469.98 2743.08 412.674 435.865
 7791.5 4116.66 4302.99 1246.41 385.561
 28309.9 2912.05 1283.29 1341.38 508.736
F
 0.0913465 0.107923 0.107923 0.107923 0.107923
 0.164793 0.194698 0.194698 0.194698 0.194698
 0.159548 0.1885 0.1885 0.1885 0.1885
 0.227383 0.268646 0.268646 0.268646 0.268646
 0.0738955 0.0873051 0.0873051 0.0873051 0.0873051
 0.14674 0.173369 0.173369 0.173369 0.173369
 0.313155 0.369982 0.369982 0.369982 0.369982
 0.0487679 0.0576177 0.0576177 0.0576177 0.0576177
 0.192278 0.22717 0.22717 0.22717 0.22717
 0.252807 0.298683 0.298683 0.298683 0.298683
 0.0660736 0.0780638 0.0780638 0.0780638 0.0780638
 0.308848 0.364894 0.364894 0.364894 0.364894
 0.288188 0.340484 0.340484 0.340484 0.340484
 0.467487 0.55232 0.55232 0.55232 0.55232
 0.313824 0.370773 0.370773 0.370773 0.370773
 0.279259 0.329936 0.329936 0.329936 0.329936
 0.180252 0.212962 0.212962 0.212962 0.212962
 0.184036 0.217432 0.217432 0.217432 0.217432
 0.266341 0.314673 0.314673 0.314673 0.314673
 0.237508 0.280608 0.280608 0.280608 0.280608
 0.180904 0.213732 0.213732 0.213732 0.213732
 0.229011 0.270569 0.270569 0.270569 0.270569
 0.133836 0.158123 0.158123 0.158123 0.158123
 0.115302 0.136226 0.136226 0.136226 0.136226
 0.117342 0.138636 0.138636 0.138636 0.138636
 0.0947332 0.111924 0.111924 0.111924 0.111924
 0.114658 0.135464 0.135464 0.135464 0.135464
 0.0963447 0.113828 0.113828 0.113828 0.113828
 0.0965665 0.11409 0.11409 0.11409 0.11409
 0.136265 0.160993 0.160993 0.160993 0.160993
 0.135594 0.160199 0.160199 0.160199 0.160199
nmprior
 8.19 8.8 8.5 0
nm_flota  nm_reclas  nm_pelaces    nm_pelaL
inf 11.6767 17.5847 41.56
cv_recla  cv_pelaces  cv_mph
0.365339 0.474437 0.875812
 ------------------------------------------------
Talla a la edad & desviaci?n 
 8 13.2811 15.8009 17.003 17.5766
 0.8 1.32811 1.58009 1.7003 1.75766
