    unsorted:	 2.362454134e-06 2.284597086e-06 -7.280177671e-06 6.000118171e-05 5.384590136e-05 8.506388991e-05 0.001099993092 13.51093997 65.91491951 169.9278176 152.9938932 238.7521773 288.0372509 369.3413011 688.6784742 542.2419138 808.4702558 854.1250106 920.8985772 939.2237004 1071.046305 1196.927429 1235.407411 1320.749642 1529.005267 1573.225441 2054.564143 2089.880044 1946.287257 2235.564418 2473.833265 2441.148953 2526.733475 2626.017527 2640.856920 2860.896838 3205.901308 3283.789923 3370.120328 3882.861301 4012.985137 4300.911385 5268.910312 8594.092526 37878.72498 158338.2844 409127.1039 413844.0000 401627.8727 398993.4003 381047.9606 364645.8702 449839.5145 459327.5988 469351.8881 466162.8449 334784.8978 534462.3768 567620.6201 587987.1720 619790.8248 668163.5835 821824.5164 884816.4392 1016217.928 1068506.937 1310990.964 1353668.362 1514943.126 1655091.338 2047691.796 2262537.824 2356678.343 2690364.169 2931621.480 3064488.700 3284079.111
      sorted:	 -7.280177671e-06 2.284597086e-06 2.362454134e-06 5.384590136e-05 6.000118171e-05 8.506388991e-05 0.001099993092 13.51093997 65.91491951 152.9938932 169.9278176 238.7521773 288.0372509 369.3413011 542.2419138 688.6784742 808.4702558 854.1250106 920.8985772 939.2237004 1071.046305 1196.927429 1235.407411 1320.749642 1529.005267 1573.225441 1946.287257 2054.564143 2089.880044 2235.564418 2441.148953 2473.833265 2526.733475 2626.017527 2640.856920 2860.896838 3205.901308 3283.789923 3370.120328 3882.861301 4012.985137 4300.911385 5268.910312 8594.092526 37878.72498 158338.2844 334784.8978 364645.8702 381047.9606 398993.4003 401627.8727 409127.1039 413844.0000 449839.5145 459327.5988 466162.8449 469351.8881 534462.3768 567620.6201 587987.1720 619790.8248 668163.5835 821824.5164 884816.4392 1016217.928 1068506.937 1310990.964 1353668.362 1514943.126 1655091.338 2047691.796 2262537.824 2356678.343 2690364.169 2931621.480 3064488.700 3284079.111
