    unsorted:	 2.383838008e-06 2.197333370e-06 6.114559337e-05 4.964694486e-05 9.320822637e-05 0.001099993185 5.095239759 13.61678839 57.91943260 72.10760444 164.5169053 229.7668335 249.6451291 307.9908145 494.0445392 594.5557550 755.9646310 814.8623515 847.5611089 921.3752881 962.9465289 1066.863123 1112.379561 1195.934800 1391.577167 1408.456049 1680.350213 1792.326302 1986.443374 2015.214204 2226.435610 2332.532112 2529.052103 2499.516494 2583.475934 2657.941616 2866.702316 3129.146491 3251.834977 3292.192685 3833.152396 3997.269926 4348.001806 8327.055376 40124.05389 158311.5605 391428.9409 388122.2009 399859.5068 373957.8168 364792.7629 416161.8851 436594.5372 446972.3023 453427.5184 336271.6334 274553.3621 503230.9262 590553.5784 608374.7848 654971.9854 663315.9953 687116.1342 925994.0186 1007747.428 1081659.830 1168130.106 1339872.910 1453218.291 1644031.133 1759235.402 2358650.534 2407482.310 2588065.584 2728079.911 2966036.833 3279525.077
      sorted:	 2.197333370e-06 2.383838008e-06 4.964694486e-05 6.114559337e-05 9.320822637e-05 0.001099993185 5.095239759 13.61678839 57.91943260 72.10760444 164.5169053 229.7668335 249.6451291 307.9908145 494.0445392 594.5557550 755.9646310 814.8623515 847.5611089 921.3752881 962.9465289 1066.863123 1112.379561 1195.934800 1391.577167 1408.456049 1680.350213 1792.326302 1986.443374 2015.214204 2226.435610 2332.532112 2499.516494 2529.052103 2583.475934 2657.941616 2866.702316 3129.146491 3251.834977 3292.192685 3833.152396 3997.269926 4348.001806 8327.055376 40124.05389 158311.5605 274553.3621 336271.6334 364792.7629 373957.8168 388122.2009 391428.9409 399859.5068 416161.8851 436594.5372 446972.3023 453427.5184 503230.9262 590553.5784 608374.7848 654971.9854 663315.9953 687116.1342 925994.0186 1007747.428 1081659.830 1168130.106 1339872.910 1453218.291 1644031.133 1759235.402 2358650.534 2407482.310 2588065.584 2728079.911 2966036.833 3279525.077
