years
 1991 1992 1993 1994 1995 1996 1997 1998 1999 2000 2001 2002 2003 2004 2005 2006 2007 2008 2009 2010 2011 2012 2013 2014 2015 2016 2017 2018 2019 2020 2021
reclasobs
 0 0 0 0 0 0 0 0 0 252601 567819 844713 477998 351125 339783 2.1784e+06 2.13404e+06 4.81314e+06 1.55562e+06 2.62356e+06 3.21686e+06 3.843e+06 1.13348e+06 3.07943e+06 1.97215e+06 2.03268e+06 2.025e+06 2.42433e+06 2.27542e+06 1.05018e+06 2.36338e+06
reclaspred
 3.22816e+06 1.70786e+06 861242 817744 787711 1.87691e+06 935650 737430 501649 295417 495944 736979 727306 512896 465176 1.48766e+06 1.09846e+06 3.57964e+06 2.6364e+06 1.88487e+06 3.16113e+06 2.67213e+06 1.85342e+06 3.07118e+06 2.23979e+06 1.90788e+06 2.40149e+06 2.80124e+06 2.10138e+06 1.12053e+06 1.70704e+06
pelacesobs
 0 0 0 0 0 0 0 0 0 0 0 0 0 0 0 552880 188675 0 991730 2.46772e+06 1.41603e+06 1.21717e+06 2.29649e+06 1.80582e+06 0 1.4828e+06 1.56532e+06 1.57751e+06 1.42118e+06 867257 1.10002e+06
pelacespred
 1.761e+06 988462 469005 361262 402854 1.01865e+06 418069 471341 270305 137155 275126 334858 371011 254265 237467 667945 509732 1.99174e+06 1.45159e+06 920664 1.62849e+06 1.37568e+06 1.01744e+06 1.88433e+06 1.29596e+06 1.12468e+06 1.61088e+06 1.84989e+06 1.18181e+06 683027 999505
mphobs
 0 0 0 0 0 0 0 0 0 0 0 498337 0 5186 125008 0 168611 109162 213762 579715 649985 157893 87575 83554 0 0 0 0 0 0 0
mphpred
 512093 335620 153230 85394.5 80837.4 100422 188407 84730.8 72148.1 38478.7 20530.7 61027.4 67703 53475.1 28793.7 35081.3 162088 116010 364348 223323 234483 282752 282062 204018 314545 257351 199475 226990 358390 213169 105958
desembarqueobs
 494567 514787 250237 358949 120608 361735 552515 73892 212993 205616 52469 317467 293654 387597 252695 516296 358380 742168 942051 627588 828172 859565 418607 520667 417249 300574 415391 372974 316634 284311 391294
desembarquepred
 494550 514297 250320 358959 120608 361690 552371 73894.8 213021 205637 52470 317461 293610 387401 252608 516116 358364 741888 941461 627151 828164 859316 418541 520639 417166 300532 415326 372880 316555 284256 391261
Reclutas
 145822 88349.7 86659.6 102730 81188.8 211877 67189.9 24744.5 28283.9 38699.9 67685.4 114866 95102.8 67851.6 54854.4 307551 46800.1 526455 262024 231242 287756 430669 69310.7 220490 192145 76616.3 185575 220683 57611.5 38468.3 154318
log_desv_Rt
 0.284491 -0.216592 -0.235907 -0.0657916 -0.301118 0.658113 -0.490372 -1.48929 -1.3556 -1.04206 -0.483024 0.0458705 -0.142937 -0.480572 -0.693212 1.03075 -0.85201 1.56827 0.870542 0.74557 0.964218 1.36744 -0.459296 0.69796 0.560355 -0.359086 0.525566 0.698832 -0.644173 -1.04806 0.34112
SSB
 1.33475e+06 874780 399389 222577 210700 261745 491075 220847 188051 100293 53512.4 159066 176465 139381 75049.8 91438.1 422475 302374 949658 582083 611171 736981 735183 531765 819848 670776 519924 591641 934129 555617 276175
BT
 1.99559e+06 1.38267e+06 652670 621627 463848 1.26312e+06 860266 498339 458147 321534 302469 573363 609417 637957 475185 1.04611e+06 740996 2.54456e+06 2.22399e+06 1.3915e+06 2.19787e+06 2.0464e+06 1.28053e+06 2.25342e+06 1.56299e+06 1.28913e+06 1.93163e+06 2.09883e+06 1.32114e+06 894568 1.31108e+06
Ftot
 0.310455 0.585946 0.582329 0.94324 0.341382 0.472247 1.10941 0.217094 0.901483 1.43048 0.275485 0.972191 0.901799 1.60747 1.28207 0.897574 0.655702 0.533762 0.758697 0.736827 0.59768 0.729731 0.458465 0.409523 0.404076 0.332222 0.411536 0.324942 0.296356 0.501313 0.562159
BD_Bspro_t
 0.951829 0.693069 0.446109 0.341865 0.308782 0.409216 0.482995 0.265024 0.299572 0.220341 0.169661 0.458355 0.349444 0.259774 0.154114 0.184775 0.389203 0.3063 0.504266 0.359789 0.327872 0.367953 0.392162 0.351885 0.488472 0.498351 0.493217 0.556082 0.642486 0.524106 0.396065
BD_Bspro
 1.70196 1.11545 0.509268 0.283812 0.268667 0.333756 0.626179 0.281606 0.239787 0.127886 0.0682346 0.202827 0.225014 0.177727 0.0956973 0.116594 0.538706 0.385563 1.21093 0.742225 0.779315 0.939737 0.937445 0.678063 1.0454 0.855318 0.662964 0.754412 1.19112 0.708477 0.352155
BD_Bo
 1.04749 0.686512 0.313434 0.174675 0.165353 0.205413 0.385387 0.173317 0.147579 0.0787085 0.0419956 0.124832 0.138487 0.109384 0.0588977 0.071759 0.331551 0.237298 0.745275 0.456809 0.479636 0.57837 0.576959 0.41732 0.643403 0.526413 0.408027 0.46431 0.733088 0.436039 0.216737
BD_Brms
 5.28611 3.46446 1.58173 0.88149 0.834449 1.03661 1.94484 0.874638 0.744754 0.397199 0.211929 0.629959 0.698868 0.552 0.297225 0.362129 1.67316 1.19752 3.761 2.30527 2.42047 2.91872 2.9116 2.10599 3.24691 2.65652 2.05909 2.34312 3.6995 2.20045 1.09376
Sel_flota
 0.649972 0.972438 0.99851 0.999921 0.999996
 0.649972 0.972438 0.99851 0.999921 0.999996
 0.649972 0.972438 0.99851 0.999921 0.999996
 0.649972 0.972438 0.99851 0.999921 0.999996
 0.649972 0.972438 0.99851 0.999921 0.999996
 0.649972 0.972438 0.99851 0.999921 0.999996
 0.649972 0.972438 0.99851 0.999921 0.999996
 0.649972 0.972438 0.99851 0.999921 0.999996
 0.649972 0.972438 0.99851 0.999921 0.999996
 0.649972 0.972438 0.99851 0.999921 0.999996
 0.649972 0.972438 0.99851 0.999921 0.999996
 0.649972 0.972438 0.99851 0.999921 0.999996
 0.649972 0.972438 0.99851 0.999921 0.999996
 0.649972 0.972438 0.99851 0.999921 0.999996
 0.649972 0.972438 0.99851 0.999921 0.999996
 0.649972 0.972438 0.99851 0.999921 0.999996
 0.649972 0.972438 0.99851 0.999921 0.999996
 0.649972 0.972438 0.99851 0.999921 0.999996
 0.649972 0.972438 0.99851 0.999921 0.999996
 0.649972 0.972438 0.99851 0.999921 0.999996
 0.649972 0.972438 0.99851 0.999921 0.999996
 0.649972 0.972438 0.99851 0.999921 0.999996
 0.649972 0.972438 0.99851 0.999921 0.999996
 0.649972 0.972438 0.99851 0.999921 0.999996
 0.649972 0.972438 0.99851 0.999921 0.999996
 0.649972 0.972438 0.99851 0.999921 0.999996
 0.649972 0.972438 0.99851 0.999921 0.999996
 0.649972 0.972438 0.99851 0.999921 0.999996
 0.649972 0.972438 0.99851 0.999921 0.999996
 0.649972 0.972438 0.99851 0.999921 0.999996
 0.649972 0.972438 0.99851 0.999921 0.999996
Sel_reclas
 0.999997 1 1 1 1
 0.999997 1 1 1 1
 0.999997 1 1 1 1
 0.999997 1 1 1 1
 0.999997 1 1 1 1
 0.999997 1 1 1 1
 0.999997 1 1 1 1
 0.999997 1 1 1 1
 0.999997 1 1 1 1
 0.999997 1 1 1 1
 0.999997 1 1 1 1
 0.999997 1 1 1 1
 0.999997 1 1 1 1
 0.999997 1 1 1 1
 0.999997 1 1 1 1
 0.999997 1 1 1 1
 0.999997 1 1 1 1
 0.999997 1 1 1 1
 0.999997 1 1 1 1
 0.999997 1 1 1 1
 0.999997 1 1 1 1
 0.999997 1 1 1 1
 0.999997 1 1 1 1
 0.999997 1 1 1 1
 0.999997 1 1 1 1
 0.999997 1 1 1 1
 0.999997 1 1 1 1
 0.999997 1 1 1 1
 0.999997 1 1 1 1
 0.999997 1 1 1 1
 0.999997 1 1 1 1
Sel_pelaces
 0.928262 1 1 1 1
 0.928262 1 1 1 1
 0.928262 1 1 1 1
 0.928262 1 1 1 1
 0.928262 1 1 1 1
 0.928262 1 1 1 1
 0.928262 1 1 1 1
 0.928262 1 1 1 1
 0.928262 1 1 1 1
 0.928262 1 1 1 1
 0.928262 1 1 1 1
 0.928262 1 1 1 1
 0.928262 1 1 1 1
 0.928262 1 1 1 1
 0.928262 1 1 1 1
 0.928262 1 1 1 1
 0.928262 1 1 1 1
 0.928262 1 1 1 1
 0.928262 1 1 1 1
 0.928262 1 1 1 1
 0.928262 1 1 1 1
 0.928262 1 1 1 1
 0.928262 1 1 1 1
 0.928262 1 1 1 1
 0.928262 1 1 1 1
 0.928262 1 1 1 1
 0.928262 1 1 1 1
 0.928262 1 1 1 1
 0.928262 1 1 1 1
 0.928262 1 1 1 1
 0.928262 1 1 1 1
pf_obs 
 0.8446 0.082 0.0669 0.0065 0
 0.8095 0.147 0.0364 0.0071 0
 0.9664 0.0169 0.016 0.0007 0
 0.9276 0.0648 0.0075 0.0001 0
 0.7033 0.2144 0.0806 0.0017 0
 0.9318 0.0425 0.0243 0.0014 0
 0.5671 0.3108 0.0964 0.0239 0.0018
 0.0768 0.2599 0.5324 0.112 0.0189
 0.490249 0.384438 0.106611 0.0170017 0.00170017
 0.7925 0.1577 0.0466 0.003 0.0002
 0.840416 0.127587 0.0312969 0.00059994 9.999e-05
 0.8084 0.0986 0.0794 0.0134 0.0002
 0.7335 0.1905 0.0724 0.0035 0.0001
 0.4001 0.4547 0.1325 0.0127 0
 0.49795 0.308269 0.164784 0.0264974 0.00249975
 0.9179 0.0499 0.0305 0.0017 0
 0.2467 0.6533 0.0926 0.0074 0
 0.9418 0.0223 0.034 0.0019 0
 0.707729 0.231977 0.0356964 0.0245975 0
 0.517169 0.277429 0.184464 0.0207286 0.00020938
 0.811772 0.124168 0.05621 0.00726502 0.000585176
 0.764997 0.148141 0.077277 0.00933861 0.000247198
 0.163321 0.427699 0.378323 0.0303852 0.000271297
 0.753843 0.0900009 0.118128 0.0371064 0.000921714
 0.721811 0.176058 0.0630433 0.0369309 0.00215725
 0.143369 0.312575 0.442814 0.0836902 0.0175525
 0.692698 0.0596174 0.167031 0.0765114 0.00414204
 0.394062 0.376323 0.152708 0.0712218 0.00568511
 0.125707 0.32114 0.495352 0.0537591 0.00404204
 0.23352 0.215282 0.420074 0.123614 0.00750983
 0.774587 0.0839891 0.0768558 0.0609784 0.00358967
pf_pred 
 0.518846 0.164583 0.291385 0.0251853 9.26688e-07
 0.477479 0.329852 0.0672279 0.115476 0.00996515
 0.628565 0.224335 0.0940916 0.0185189 0.0344896
 0.721698 0.205687 0.0444752 0.0180121 0.0101278
 0.695079 0.251015 0.0402741 0.00835639 0.00527525
 0.830811 0.132295 0.0305373 0.00475136 0.0016055
 0.441032 0.496776 0.0489816 0.0109373 0.00227269
 0.456627 0.322558 0.197209 0.0186012 0.00500455
 0.600496 0.225983 0.104219 0.0619043 0.00739832
 0.79192 0.152078 0.0322515 0.0142772 0.009473
 0.880687 0.105551 0.0101965 0.00205549 0.00150946
 0.791489 0.191807 0.0148282 0.00139031 0.000485292
 0.732865 0.23307 0.0314403 0.00233047 0.000294104
 0.695809 0.252622 0.0452257 0.00585575 0.000487746
 0.799311 0.16626 0.0288544 0.00489047 0.000683925
 0.958432 0.0368155 0.00396917 0.000656546 0.000126509
 0.343735 0.640581 0.0139548 0.0014447 0.00028439
 0.939812 0.0281039 0.0313442 0.000658597 8.14448e-05
 0.574258 0.409938 0.00751371 0.00809913 0.00019087
 0.666909 0.232509 0.0969857 0.00171126 0.0018842
 0.75272 0.191646 0.0392731 0.0157773 0.000583684
 0.785258 0.179378 0.0276257 0.00546543 0.00227257
 0.300193 0.603178 0.0812131 0.0120482 0.00336785
 0.770012 0.0939021 0.117822 0.0153543 0.00290945
 0.647299 0.297665 0.022898 0.0278312 0.00430674
 0.422685 0.429998 0.124956 0.00931248 0.013048
 0.754857 0.13121 0.0855224 0.0241052 0.00430628
 0.710047 0.241245 0.0264604 0.016707 0.00554071
 0.325545 0.534874 0.116734 0.0124209 0.0104262
 0.402147 0.256847 0.272111 0.0576329 0.0112613
 0.850547 0.0785984 0.0310288 0.0317914 0.00803453
pobs_RECLAS
 0 0 0 0 0
 0 0 0 0 0
 0 0 0 0 0
 0 0 0 0 0
 0 0 0 0 0
 0 0 0 0 0
 0 0 0 0 0
 0 0 0 0 0
 0 0 0 0 0
 0 0 0 0 0
 0.991045 0.00858322 0.000360255 1.14367e-05 0
 0.934742 0.0480273 0.0164251 0.00080598 0
 0.827803 0.169806 0.00239088 0 0
 0.941827 0.0461693 0.0120037 0 0
 0.791401 0.0380133 0.147996 0.0225897 0
 0.846168 0.0940531 0.0597789 0 0
 0.134021 0.677848 0.182769 0.00536245 0
 0.80878 0.0450904 0.141981 0.00414843 0
 0.846168 0.0940531 0.0597789 0 0
 0.905697 0.0802665 0.012482 0.00150086 5.37128e-05
 0.989698 0.0102097 9.19794e-05 0 0
 0.975433 0.0193895 0.00387452 0.00125025 5.28907e-05
 0.303575 0.632131 0.0575291 0.00676475 0
 0.966965 0.00978017 0.0227588 0.000495775 0
 0.843318 0.132988 0.00938335 0.0141283 0.000182051
 0.564624 0.303363 0.111486 0.0197234 0.00080311
 0.826376 0.0876187 0.0782897 0.00655872 0.00115652
 0.89761 0.0855135 0.0140674 0.00269457 0.000114338
 0.34875 0.467042 0.161289 0.0227151 0.000203297
 0.318654 0.224769 0.449479 0.00709798 0
 0.937255 0.0296025 0.0250945 0.00804832 0
ppred_RECLAS
 0.623971 0.130955 0.225602 0.0194711 7.16379e-07
 0.58562 0.264409 0.0523814 0.0898381 0.00775207
 0.723631 0.168825 0.0688286 0.0135261 0.0251891
 0.80318 0.146626 0.0307619 0.0124383 0.00699316
 0.776105 0.185211 0.0289124 0.00599019 0.00378122
 0.882607 0.0923533 0.020731 0.00322076 0.00108822
 0.55548 0.396431 0.037888 0.00844608 0.00175488
 0.561341 0.263266 0.156667 0.0147559 0.00396971
 0.703402 0.169998 0.0760861 0.0451216 0.00539212
 0.861243 0.102336 0.0209915 0.00927603 0.00615411
 0.917874 0.0728821 0.00685165 0.0013792 0.00101275
 0.856142 0.132653 0.00994854 0.000931272 0.000325037
 0.810898 0.165613 0.0216813 0.00160452 0.000202473
 0.790467 0.175027 0.0302682 0.00391181 0.000325796
 0.864852 0.112582 0.0189178 0.0032008 0.000447587
 0.972985 0.0240079 0.00251202 0.000414852 7.99305e-05
 0.445925 0.541202 0.0114563 0.00118421 0.000233095
 0.9603 0.0188162 0.0204029 0.000428056 5.29311e-05
 0.675857 0.312454 0.00556211 0.00598611 0.000141062
 0.756979 0.171122 0.0693327 0.00122144 0.00134477
 0.82426 0.137079 0.0273033 0.010952 0.000405138
 0.849949 0.125942 0.0188406 0.0037216 0.00154734
 0.395732 0.522831 0.0684611 0.0101413 0.00283459
 0.837792 0.0673228 0.0821673 0.010692 0.00202585
 0.736618 0.223263 0.0167062 0.0202755 0.00313729
 0.527255 0.354577 0.100255 0.00746068 0.0104526
 0.82561 0.0945554 0.059949 0.0168722 0.00301389
 0.788163 0.177074 0.0188976 0.0119144 0.00395101
 0.42305 0.460132 0.0977208 0.0103827 0.00871464
 0.510189 0.213838 0.220285 0.0465863 0.00910212
 0.898141 0.054308 0.0208416 0.0213216 0.0053881
pobs_PELACES
 0 0 0 0 0
 0 0 0 0 0
 0 0 0 0 0
 0 0 0 0 0
 0 0 0 0 0
 0 0 0 0 0
 0 0 0 0 0
 0 0 0 0 0
 0 0 0 0 0
 0 0 0 0 0
 0 0 0 0 0
 0 0 0 0 0
 0 0 0 0 0
 0 0 0 0 0
 0 0 0 0 0
 0 0 0 0 0
 0.505614 0.472636 0.0217494 0 0
 0 0 0 0 0
 0.443492 0.261883 0.143347 0.151278 0
 0.227955 0.32914 0.350689 0.0885471 0.00366901
 0.970185 0.0296113 0.000203453 0 0
 0.997202 0.00247181 0.000326279 0 0
 0.445219 0.490057 0.0546422 0.010081 0
 0.90214 0.0892962 0.00764917 0.000914606 0
 0 0 0 0 0
 0.581667 0.319106 0.0959925 0.00289975 0.000334073
 0.762889 0.0836404 0.116647 0.0363945 0.000428098
 0.88444 0.0763242 0.0277011 0.0115352 0
 0.521256 0.241999 0.230069 0.00667565 0
 0.616807 0.101726 0.260614 0.0208532 0
 0.833518 0.0704572 0.0857862 0.0102388 0
ppred_PELACES
 0.614622 0.134446 0.230998 0.0199338 7.334e-07
 0.583142 0.266492 0.0525285 0.0900658 0.00777162
 0.72153 0.170447 0.0691425 0.0135842 0.0252968
 0.807576 0.143654 0.0298948 0.0120823 0.0067929
 0.769504 0.190769 0.0296927 0.00615088 0.00388262
 0.88017 0.0943528 0.0210939 0.00327643 0.00110702
 0.566478 0.387025 0.0366377 0.00816313 0.00169604
 0.548849 0.270967 0.160949 0.0151577 0.00407776
 0.708564 0.167605 0.0744351 0.044124 0.00527279
 0.870651 0.0957115 0.0193926 0.00856377 0.00568136
 0.914429 0.0759599 0.00712409 0.00143386 0.00105288
 0.859758 0.129404 0.00962399 0.000900484 0.000314283
 0.814323 0.162771 0.0211445 0.00156414 0.000197373
 0.806377 0.162106 0.0276486 0.00357059 0.000297366
 0.872142 0.106706 0.0177339 0.00299869 0.000419311
 0.973556 0.023521 0.00244214 0.000403143 7.76728e-05
 0.444806 0.542366 0.0114163 0.00117972 0.000232207
 0.959715 0.0191394 0.0206583 0.000433306 5.35795e-05
 0.677288 0.311149 0.00550285 0.00592025 0.000139507
 0.758053 0.170686 0.0687189 0.00121021 0.00133238
 0.822852 0.138336 0.0274123 0.0109926 0.000406636
 0.850488 0.125617 0.0186744 0.00368752 0.00153314
 0.389742 0.528296 0.0689044 0.0102048 0.0028523
 0.833842 0.0691054 0.0840462 0.0109345 0.00207176
 0.730581 0.228505 0.0170391 0.0206756 0.00319917
 0.517683 0.362016 0.102067 0.0075943 0.0106397
 0.821394 0.0970001 0.0612816 0.0172439 0.00308027
 0.781512 0.182719 0.0194457 0.0122581 0.00406495
 0.412741 0.468597 0.0992653 0.0105453 0.00885108
 0.505531 0.216402 0.221967 0.046931 0.00916936
 0.897011 0.0550383 0.02102 0.0214984 0.00543271
pobs_pel_tallas
 0 0 0 0 0 0 0 0 0 0 0 0 0 0 0 0 0 0 0 0 0 0 0 0 0 0
 0 0 0 0 0 0 0 0 0 0 0 0 0 0 0 0 0 0 0 0 0 0 0 0 0 0
 0 0 0 0 0 0 0 0 0 0 0 0 0 0 0 0 0 0 0 0 0 0 0 0 0 0
 0 0 0 0 0 0 0 0 0 0 0 0 0 0 0 0 0 0 0 0 0 0 0 0 0 0
 0 0 0 0 0 0 0 0 0 0 0 0 0 0 0 0 0 0 0 0 0 0 0 0 0 0
 0 0 0 0 0 0 0 0 0 0 0 0 0 0 0 0 0 0 0 0 0 0 0 0 0 0
 0 0 0 0 0 0 0 0 0 0 0 0 0 0 0 0 0 0 0 0 0 0 0 0 0 0
 0 0 0 0 0 0 0 0 0 0 0 0 0 0 0 0 0 0 0 0 0 0 0 0 0 0
 0 0 0 0 0 0 0 0 0 0 0 0 0 0 0 0 0 0 0 0 0 0 0 0 0 0
 0 0 0 0 0 0 0 0 0 0 0 0 0 0 0 0 0 0 0 0 0 0 0 0 0 0
 0 0 0 0 0 0 0 0 0 0 0 0 0 0 0 0 0 0 0 0 0 0 0 0 0 0
 0 0 0 0 0 0 0 0 0 0 0 0 0 0 0 0 0 0 0 0 0 0 0 0 0 0
 0.00862536 0 0 0.000197151 0.00414017 0.0128641 0.00837892 0.0270097 0.101434 0.158115 0.152841 0.127902 0.109271 0.109419 0.0830992 0.0579132 0.0238553 0.00714673 0.00463305 0.00128148 0.00103504 0.000492878 0.000147863 0.000147863 4.92878e-05 0
 0 0 0 0 0 0 0 0 0 0 0 0 0 0 0 0 0 0 0 0 0 0 0 0 0 0
 0 0 0 0 0 0 0 0.0054083 0.00873648 0.0413646 0.0450493 0.0745869 0.0622846 0.0627006 0.0613931 0.0827291 0.12552 0.122667 0.0946155 0.0697135 0.0546179 0.0294188 0.0215738 0.0213955 0.0102223 0.00600262
 0 0 0 0 0.00359764 0.0251062 0.0480494 0.140153 0.205849 0.193036 0.1447 0.116669 0.0760912 0.0342217 0.00950174 0.001854 0.000860785 0 0 0 0.000165536 0 0.000143464 0 0 0
 0 0 0 0 0 0 0 0.000145254 0.000435761 0.0275982 0.070085 0.0708112 0.156366 0.174668 0.174014 0.160142 0.0824315 0.0480064 0.0283245 0.00493863 0.00203355 0 0 0 0 0
 0 0 0 0 0 0 0 0 0 0 0 0 0 0 0 0 0 0 0 0 0 0 0 0 0 0
 0 0 1.00437e-05 0.000401748 0.00122533 0.00171747 0.00176769 0.0269171 0.070346 0.194647 0.189555 0.159765 0.064822 0.0314167 0.0384472 0.0292271 0.0345202 0.0313363 0.0194345 0.0106764 0.0143323 0.0359363 0.0279516 0.0138201 0.00172751 0
 0 0.0021121 0.0136068 0.0755702 0.200478 0.177729 0.0527432 0.0373336 0.0318909 0.0142505 0.0149659 0.0166563 0.0217959 0.0798694 0.0677717 0.0528807 0.04013 0.0224614 0.0357745 0.0225083 0.00881397 0.00855152 0.00135912 0.000746735 0 0
 0 0 0 0 5.4009e-05 0.00500934 0.000945158 0.0243581 0.138947 0.33067 0.221406 0.137944 0.0707744 0.0437923 0.0131692 0.00525238 0.0047753 0.00276346 9.45158e-05 9.00151e-06 2.25038e-05 9.00151e-06 4.50075e-06 0 0 0
 0.000866109 0.00284123 0.00948549 0.0512746 0.133035 0.25785 0.225252 0.132002 0.0553304 0.0519788 0.0540692 0.017754 0.00435017 0.00159236 0.00146478 0.000404838 0.000125132 0.000115318 0.000107957 0.000100596 0 0 0 0 0 0
 0 0 0 0 0.00144013 0.00171154 0.00461396 0.0210425 0.0478622 0.0707936 0.0888783 0.103762 0.0637923 0.0337046 0.0602308 0.124433 0.169614 0.0934646 0.0462172 0.0250306 0.0313229 0.00938855 0.002487 0.000210481 0 0
 0 0.00764035 0.051015 0.0998891 0.058973 0.0496711 0.0374665 0.0718981 0.12319 0.153886 0.159021 0.0857701 0.0377988 0.023471 0.0147837 0.00900784 0.00315554 0.000888139 0.00291439 0.00214683 0.00393193 0.00274676 0.000635225 9.99891e-05 0 0
 0 0 0 0 0 0 0 0 0 0 0 0 0 0 0 0 0 0 0 0 0 0 0 0 0 0
 0 0 0 0 0 0 0 0 0 0 0 0 0 0 0 0 0 0 0 0 0 0 0 0 0 0
 0 0 0 0 0 0 0 0 0 0 0 0 0 0 0 0 0 0 0 0 0 0 0 0 0 0
 0 0 0 0 0 0 0 0 0 0 0 0 0 0 0 0 0 0 0 0 0 0 0 0 0 0
 0 0 0 0 0 0 0 0 0 0 0 0 0 0 0 0 0 0 0 0 0 0 0 0 0 0
 0 0 0 0 0 0 0 0 0 0 0 0 0 0 0 0 0 0 0 0 0 0 0 0 0 0
 0 0 0 0 0 0 0 0 0 0 0 0 0 0 0 0 0 0 0 0 0 0 0 0 0 0
ppred_pel_tallas
 1.087e-16 5.06256e-05 0.000492099 0.00327017 0.0148657 0.0462529 0.0985471 0.143835 0.143848 0.0986122 0.0464724 0.0155041 0.00488846 0.00407758 0.00701441 0.0119178 0.0180967 0.0246974 0.0308127 0.0359123 0.0399512 0.0429999 0.0447796 0.0446145 0.0418887 0.0365977
 1.11932e-16 4.80327e-05 0.000466895 0.00310268 0.0141044 0.0438841 0.0935006 0.136472 0.136498 0.0936264 0.0443066 0.0153256 0.00617109 0.00717571 0.0128215 0.0212098 0.0307719 0.0392003 0.044212 0.0448512 0.0420834 0.0381052 0.0349102 0.0332252 0.0324652 0.0314618
 1.07683e-16 5.94315e-05 0.000577695 0.00383899 0.0174515 0.0542982 0.115689 0.168854 0.168871 0.115769 0.0545693 0.0182357 0.0058112 0.00489586 0.00829834 0.0137252 0.0200041 0.0256638 0.0292468 0.0300973 0.0287277 0.0263986 0.0242619 0.0227551 0.0216108 0.0202897
 1.03261e-16 6.6519e-05 0.000646588 0.00429681 0.0195327 0.0607734 0.129485 0.18899 0.189004 0.129552 0.061001 0.0201902 0.00594817 0.00425472 0.00692858 0.0113747 0.0164407 0.0208079 0.0231819 0.0229762 0.0206543 0.0173946 0.0143543 0.0121092 0.0105979 0.00943927
 1.0218e-16 6.33831e-05 0.000616106 0.00409424 0.0186118 0.0579085 0.123381 0.180082 0.1801 0.123471 0.0582102 0.0194835 0.00628245 0.00539371 0.00913913 0.0150143 0.0216361 0.0272364 0.0300563 0.0292837 0.0255284 0.0203957 0.0155139 0.0117764 0.00923578 0.00748664
 1.01149e-16 7.24984e-05 0.000704711 0.00468305 0.0212885 0.0662364 0.141124 0.205976 0.205986 0.141168 0.0663858 0.0217203 0.00576758 0.00307414 0.00457805 0.00746813 0.0107845 0.0136309 0.0151434 0.0149191 0.0132431 0.0108756 0.00857905 0.00675911 0.00542839 0.00440321
 1.02262e-16 4.66602e-05 0.000453553 0.00301402 0.0137013 0.0426301 0.0908294 0.132576 0.132613 0.0910115 0.0432415 0.0154668 0.00744421 0.0101198 0.0183902 0.0302908 0.0435409 0.0545643 0.0597442 0.0574082 0.0488269 0.037364 0.0264898 0.0181977 0.012729 0.00930591
 1.06925e-16 4.5208e-05 0.000439438 0.00292022 0.0132749 0.0413033 0.0880021 0.128447 0.128473 0.0881307 0.0417358 0.0145265 0.00607115 0.00734833 0.0132553 0.0220735 0.0323307 0.0417729 0.0480882 0.0501423 0.0485291 0.0449292 0.0408549 0.0368502 0.0326377 0.0278175
 1.07509e-16 5.83635e-05 0.000567314 0.00377 0.0171379 0.0533224 0.11361 0.16582 0.165836 0.113689 0.0535894 0.0179102 0.00571342 0.00482546 0.00819189 0.013574 0.0198423 0.0255817 0.0293928 0.0306518 0.029849 0.0281575 0.0265898 0.0254291 0.0242902 0.0226006
 1.02405e-16 7.17144e-05 0.000697089 0.0046324 0.0210582 0.06552 0.139598 0.203749 0.203758 0.139643 0.0656716 0.0214963 0.00573257 0.00310086 0.00464323 0.00757972 0.0109531 0.0138638 0.0154499 0.0153243 0.0138005 0.0116687 0.00970198 0.00828055 0.00735353 0.00665212
 1.00548e-16 7.53203e-05 0.000732141 0.00486533 0.0221171 0.0688145 0.146617 0.213993 0.214001 0.146653 0.0689345 0.0224636 0.00573483 0.0026293 0.00367557 0.00594989 0.00854643 0.0107108 0.0117301 0.011277 0.00960267 0.00736882 0.00525748 0.00365895 0.00261737 0.00197488
 1.00455e-16 7.08171e-05 0.000688368 0.00457445 0.0207948 0.0647003 0.137851 0.201201 0.201213 0.137912 0.0649046 0.0213847 0.00605458 0.00391708 0.00619552 0.0101113 0.0145139 0.0181559 0.019817 0.0189333 0.0159322 0.0119508 0.00817161 0.00528729 0.00340083 0.00226329
 1.00843e-16 6.70747e-05 0.00065199 0.00433271 0.0196959 0.0612812 0.130567 0.190569 0.190585 0.130643 0.0615385 0.020439 0.00619775 0.00472256 0.00779526 0.012774 0.0183775 0.0230711 0.0253351 0.0244612 0.0209659 0.0162338 0.0116917 0.00815605 0.00573074 0.00411718
 1.01248e-16 6.64203e-05 0.000645629 0.00429043 0.0195037 0.0606833 0.129293 0.18871 0.188725 0.129369 0.0609397 0.0202445 0.0061504 0.00470689 0.00778215 0.012767 0.0183997 0.0231668 0.0255683 0.0249038 0.0216758 0.0172305 0.01294 0.00956766 0.00718369 0.00548669
 1.00911e-16 7.18372e-05 0.000698283 0.00464034 0.0210943 0.0656323 0.139837 0.204098 0.204108 0.139887 0.0658011 0.0215819 0.00586457 0.00337135 0.00515011 0.00840459 0.0121094 0.0152461 0.0168265 0.0163913 0.0142741 0.0113637 0.00856477 0.00637822 0.00484517 0.00375964
 1.00131e-16 8.01905e-05 0.00077948 0.00517992 0.0235472 0.073264 0.156097 0.227828 0.227831 0.156108 0.0733012 0.0236545 0.00544923 0.00136712 0.00119548 0.00184745 0.00264874 0.00332043 0.00363816 0.00349979 0.00298183 0.00228755 0.00162668 0.0011197 0.000781559 0.000566295
 1.00626e-16 3.66382e-05 0.000356136 0.00236665 0.0107585 0.0334739 0.0713217 0.104107 0.104159 0.0715765 0.0343293 0.0132278 0.0085597 0.0138581 0.0256277 0.0421744 0.0604318 0.0753234 0.0817014 0.0771926 0.0636492 0.0459812 0.0293417 0.0168208 0.00895279 0.00467179
 1.00654e-16 7.90505e-05 0.000768399 0.00510628 0.0232124 0.0722224 0.153878 0.224589 0.224591 0.153887 0.0722533 0.0233018 0.00533208 0.00126566 0.00103612 0.00162068 0.00240309 0.00317919 0.00379316 0.00416344 0.00430852 0.00429989 0.0041847 0.0039513 0.00356196 0.00301168
 1.00856e-16 5.57874e-05 0.000542273 0.0036036 0.0163814 0.0509689 0.108596 0.158505 0.158535 0.108742 0.0514597 0.0177981 0.00715659 0.00828862 0.0147385 0.0242017 0.0346807 0.0432406 0.046934 0.0444107 0.0367441 0.0267567 0.0173985 0.0104191 0.00608839 0.00375429
 1.02374e-16 6.24398e-05 0.000606937 0.00403331 0.0183349 0.0570466 0.121545 0.177401 0.177418 0.121625 0.057318 0.0191193 0.00600565 0.00492303 0.00828993 0.0136848 0.0198889 0.0253839 0.0286458 0.0289373 0.0266924 0.0231313 0.0194436 0.0162126 0.0134205 0.0108299
 1.01998e-16 6.77773e-05 0.000658819 0.00437809 0.0199022 0.0619231 0.131934 0.192565 0.192578 0.131999 0.0621421 0.020535 0.00596743 0.00413074 0.00666864 0.010936 0.0157912 0.0199516 0.0221569 0.0218271 0.0193951 0.0159916 0.0127419 0.0102307 0.00844724 0.00708093
 1.01201e-16 7.00536e-05 0.000680946 0.00452512 0.0205706 0.0640027 0.136365 0.199031 0.199043 0.136424 0.0642014 0.0211444 0.0059656 0.00382572 0.00604311 0.00988102 0.0142303 0.017901 0.0197294 0.0191776 0.016646 0.0131942 0.00990107 0.00736528 0.00563306 0.00444768
 1.0363e-16 3.21027e-05 0.00031205 0.00207368 0.00942669 0.0293302 0.062493 0.091221 0.0912719 0.0627417 0.0301653 0.0118387 0.00812764 0.0135258 0.0251209 0.0414617 0.0596814 0.0749572 0.082381 0.0796706 0.0685158 0.0534138 0.0389796 0.0278272 0.0202398 0.0151913
 1.03891e-16 6.86825e-05 0.000667618 0.00443656 0.020168 0.06275 0.133696 0.195134 0.195141 0.133729 0.0628618 0.0204922 0.00525618 0.0024757 0.00355775 0.00591697 0.00885247 0.0118318 0.01434 0.0161079 0.0172002 0.0178315 0.0180856 0.0178077 0.0167539 0.0148372
 1.03166e-16 6.0177e-05 0.000584942 0.00388715 0.0176704 0.0549794 0.11714 0.170974 0.170996 0.117248 0.0553403 0.0187128 0.00650275 0.00629222 0.010892 0.0178932 0.0257302 0.0322804 0.0354331 0.0342388 0.02949 0.0232008 0.01741 0.013227 0.0106728 0.00914357
 1.05601e-16 4.26409e-05 0.000414485 0.0027544 0.0125211 0.0389581 0.0830056 0.121156 0.121191 0.0831765 0.0395322 0.0141803 0.00692296 0.00952685 0.0173848 0.0287671 0.0416538 0.0528325 0.0590351 0.0587225 0.0529463 0.0445285 0.0362675 0.0296038 0.0245265 0.0203485
 1.04044e-16 6.76572e-05 0.000657652 0.00437033 0.0198669 0.0618133 0.1317 0.192222 0.192232 0.131746 0.0619683 0.0203157 0.00550078 0.00313826 0.00481652 0.0079546 0.0116847 0.0151829 0.0176483 0.0187038 0.0185769 0.0178544 0.0170232 0.0161866 0.015136 0.0136332
 1.02526e-16 6.43722e-05 0.00062572 0.00415813 0.0189023 0.0588121 0.125306 0.182891 0.182909 0.125392 0.0591009 0.0197363 0.0062514 0.0051944 0.00873854 0.0143385 0.0206358 0.0259269 0.0285258 0.0276682 0.0239709 0.0190176 0.014411 0.0110232 0.00887801 0.00752116
 1.0554e-16 3.3997e-05 0.000330463 0.00219605 0.00998293 0.0310609 0.0661801 0.0966013 0.0966465 0.0664011 0.0318029 0.0121269 0.00757996 0.0120914 0.022393 0.0370255 0.0534698 0.0675211 0.074895 0.0735876 0.0650262 0.0530197 0.0414057 0.032252 0.0256574 0.0207125
 1.1272e-16 4.16399e-05 0.000404755 0.00268974 0.0122272 0.0380434 0.0810563 0.118308 0.11833 0.0811599 0.0383921 0.0132383 0.00524301 0.00602869 0.0108698 0.0182896 0.0272448 0.036152 0.0433762 0.0481056 0.0506668 0.0519449 0.0524422 0.0518365 0.0493597 0.0445489
 1.03697e-16 7.38856e-05 0.000718194 0.00477265 0.0216958 0.0675037 0.143824 0.209916 0.209922 0.14385 0.0675913 0.0219493 0.00541047 0.00211562 0.00274311 0.00445917 0.0065164 0.00841338 0.00970149 0.0101987 0.0100948 0.00979942 0.0096497 0.00970853 0.00978172 0.00959076
pSPR Fmed_Fpbrs
0.410466   0.248159 0.248159
Fs Fmed_Fpbrs
0.582748   1.005 1.005
SSBpbr Bo_Bmed_Bpbrs
1.27424e+06  459320  252501 252501
Ro
109716
SPR SPRFo_SPRFmed_SPRFpbrs
784242 321905 194616
Fref
1.005
Nvult_r0
 114923 8040.75 3120.71 3194.52 807.301
CTP_r0
 30754.3 2841.98 1121.95 1149.52 290.515
YTP_r0
391261
Np
 132202 39394.5 2175.66 828.848 1025.33
Nvult_p0
 106895 33940.7 1882.24 717.226 887.257
CTP_p0
 42236.3 16775.5 942.767 359.493 444.734
YTP_p0
 635806
CBA_c0
464625
log_Ro
11.4256
likeval ReclasPelacesDesembMPH_pf_preclas_ppelaces_ptallas_desvR_qrecl_qpela
 11.68 16.9037 0.015182 0.000837654 244.378 116.113 101.503 0 26.3298 2.23059e-05 4.5394e-05 0.0304642 0 0 0
q_reclas_q_pelaces
1.95278 2.6079
M
1
N
 145822 32175 55654.1 4804.39 0.176765
 88349.7 43842.3 8752.09 15016.7 1295.81
 86659.6 22208 9123.04 1793.59 3340.2
 102730 21834.5 4637.5 1876.37 1054.99
 81188.8 20471.3 3209.93 665.206 419.907
 211877 23924.1 5403.52 839.771 283.744
 67189.9 57343.5 5560.33 1240.49 257.752
 24744.5 12018.4 7172.33 675.638 181.765
 28283.9 7905.03 3579.88 2124.34 253.871
 38699.9 5791.3 1210.29 535.362 355.201
 67685.4 5618.51 530.097 106.727 78.3703
 114866 20817.9 1581.19 148.115 51.6974
 95102.8 22463 2975.52 220.343 27.8058
 67851.6 19468.8 3438.12 444.841 37.051
 54854.4 8780.33 1500.28 254.069 35.5297
 307551 8770.3 928.465 153.43 29.5627
 46800.1 63133 1347.88 139.393 27.4381
 526455 11242.4 12275.6 257.641 31.859
 262024 136898 2461.19 2650.23 62.454
 231242 58868.5 24081.6 424.467 467.339
 287756 52696.4 10578.1 4244.91 157.032
 430669 71782.3 10841.1 2142.55 890.841
 69310.7 98596.4 12987.9 1924.56 537.94
 220490 18927.4 23224.4 3022.96 572.776
 192145 62157.8 4675.67 5676.26 878.318
 76616.3 54359.1 15436.5 1149.01 1609.81
 185575 22711.6 14476.8 4075.56 728.033
 220683 52246.5 5599.52 3531.15 1171
 57611.5 65727.9 14013 1489.18 1249.94
 38468.3 17480.7 18125.8 3834.63 749.232
 154318 10216.4 3949.56 4042.12 1021.49
pred_Ctot
 17123 5431.57 9616.32 831.167 0.0305826
 18242.4 12602.2 2568.48 4411.83 380.725
 17799.2 6352.52 2664.41 524.402 976.648
 31263.8 8910.3 1926.66 780.282 438.735
 10399 3755.4 602.535 125.019 78.9222
 36293.5 5779.23 1334.01 207.561 70.1355
 23115.2 26036.9 2567.21 573.243 119.115
 2082.32 1470.93 899.314 84.8252 22.8218
 8310.1 3127.32 1442.26 856.677 102.383
 15938.7 3060.83 649.115 287.353 190.66
 7117.52 853.042 82.4059 16.612 12.1991
 35779.9 8670.78 670.32 62.8499 21.938
 27949.8 8888.77 1199.06 88.8788 11.2164
 30182.9 10958.2 1961.8 254.011 21.1575
 20947 4357.08 756.169 128.161 17.9232
 90055.1 3459.22 372.947 61.6896 11.8869
 10625.7 19801.9 431.377 44.6591 8.79119
 100339 3000.5 3346.45 70.3147 8.69542
 67095.6 47896.7 877.893 946.293 22.301
 57818.3 20157.6 8408.26 148.359 163.353
 60426.3 15384.8 3152.74 1266.56 46.8565
 106832 24404 3758.41 743.558 309.177
 11566.9 23241.3 3129.26 464.236 129.768
 33285 4059.07 5093.07 663.717 125.766
 28660.5 13179.8 1013.86 1232.29 190.69
 9572.81 9738.44 2829.96 210.905 295.506
 28137.3 4890.84 3187.85 898.523 160.516
 27020.2 9180.38 1006.93 635.769 210.847
 6481.6 10649.3 2324.18 247.301 207.586
 6943.21 4434.56 4698.1 995.051 194.431
 30754.3 2841.98 1121.95 1149.52 290.515
F
 0.201787 0.301898 0.309993 0.310431 0.310454
 0.380849 0.569796 0.585073 0.5859 0.585944
 0.378498 0.566279 0.581462 0.582283 0.582327
 0.613079 0.917242 0.941835 0.943166 0.943236
 0.221889 0.331973 0.340874 0.341355 0.341381
 0.306947 0.459231 0.471544 0.47221 0.472245
 0.721084 1.07883 1.10776 1.10932 1.1094
 0.141105 0.211111 0.216771 0.217077 0.217094
 0.585938 0.876636 0.90014 0.901412 0.901479
 0.929771 1.39105 1.42835 1.43037 1.43047
 0.179057 0.267892 0.275074 0.275463 0.275484
 0.631897 0.945395 0.970743 0.972115 0.972187
 0.586144 0.876943 0.900456 0.901728 0.901795
 1.04481 1.56316 1.60507 1.60734 1.60746
 0.833312 1.24674 1.28016 1.28197 1.28207
 0.583398 0.872835 0.896237 0.897503 0.89757
 0.426188 0.63763 0.654726 0.655651 0.6557
 0.34693 0.51905 0.532967 0.53372 0.533759
 0.493132 0.737786 0.757567 0.758637 0.758694
 0.478917 0.716519 0.73573 0.736769 0.736824
 0.388475 0.581207 0.59679 0.597633 0.597678
 0.474305 0.709618 0.728644 0.729674 0.729728
 0.29799 0.445829 0.457782 0.458429 0.458463
 0.266179 0.398236 0.408913 0.409491 0.409522
 0.262638 0.392939 0.403475 0.404045 0.404075
 0.215935 0.323065 0.331727 0.332196 0.332221
 0.267487 0.400193 0.410923 0.411503 0.411534
 0.211203 0.315986 0.324458 0.324916 0.324941
 0.192623 0.288188 0.295915 0.296333 0.296355
 0.325839 0.487496 0.500566 0.501274 0.501311
 0.365388 0.546665 0.561322 0.562115 0.562157
nmprior
 8.19 8.8 8.5 0
nm_flota  nm_reclas  nm_pelaces    nm_pelaL
inf 17.9578 17.4505 41.148
cv_recla  cv_pelaces  cv_mph
0.309134 0.46619 0.893177
 ------------------------------------------------
Talla a la edad & desviaci?n 
 8 13.2811 15.8009 17.003 17.5766
 0.8 1.32811 1.58009 1.7003 1.75766
