years
 1991 1992 1993 1994 1995 1996 1997 1998 1999 2000 2001 2002 2003 2004 2005 2006 2007 2008 2009 2010 2011 2012 2013 2014 2015 2016 2017 2018 2019 2020 2021
reclasobs
 0 0 0 0 0 0 0 0 0 252601 567819 844713 477998 351125 339783 2.1784e+06 2.13404e+06 4.81314e+06 1.55562e+06 2.62356e+06 3.21686e+06 3.843e+06 1.13348e+06 3.07943e+06 1.97215e+06 2.03268e+06 2.025e+06 2.42433e+06 2.27542e+06 1.05018e+06 2.36338e+06
reclaspred
 3.29652e+06 1.86156e+06 946318 976406 992628 1.53911e+06 1.0069e+06 900340 654988 478365 517570 649996 642562 511072 518757 1.27123e+06 1.25066e+06 2.76647e+06 2.28235e+06 1.71047e+06 3.01587e+06 2.45148e+06 1.97279e+06 3.02246e+06 2.28108e+06 2.02449e+06 2.37335e+06 2.50448e+06 2.07451e+06 1.33049e+06 1.92463e+06
pelacesobs
 0 0 0 0 0 0 0 0 0 0 0 0 0 0 0 552880 188675 0 991730 2.46772e+06 1.41603e+06 1.21717e+06 2.29649e+06 1.80582e+06 0 1.4828e+06 1.56532e+06 1.57751e+06 1.42118e+06 867257 1.10002e+06
pelacespred
 1.91869e+06 1.20986e+06 618305 521389 546615 877497 544891 585793 418246 291010 322315 338067 365861 309417 321086 649545 638816 1.61837e+06 1.38544e+06 965174 1.63613e+06 1.45158e+06 1.16163e+06 1.94233e+06 1.41708e+06 1.25211e+06 1.67068e+06 1.74273e+06 1.18617e+06 863076 1.23229e+06
mphobs
 0 0 0 0 0 0 0 0 0 0 0 498337 0 5186 125008 0 168611 109162 213762 579715 649985 157893 87575 83554 0 0 0 0 0 0 0
mphpred
 3.62457e+06 2.42848e+06 1.22318e+06 669958 768079 876608 1.14565e+06 748218 656740 457584 302675 443096 473260 405947 284627 356640 1.06709e+06 1.03528e+06 1.99931e+06 1.5183e+06 1.63085e+06 2.00177e+06 1.90556e+06 1.59158e+06 2.19999e+06 1.82272e+06 1.50602e+06 1.58837e+06 2.19798e+06 1.51661e+06 968331
desembarqueobs
 494567 514787 250237 358949 120608 361735 552515 73892 212993 205616 52469 317467 293654 387597 252695 516296 358380 742168 942051 627588 828172 859565 418607 520667 417249 300574 407403 355545 319650 289779 391294
desembarquepred
 494574 513320 251000 358975 120613 361751 552575 73895.9 213041 205661 52471.5 317538 293712 387653 252698 516276 358406 742088 941901 627485 828250 859606 418621 520694 417253 300579 407408 355536 319647 289790 391301
Reclutas
 211164 120522 120522 218931 175409 288332 121085 56647.1 51712.1 67341 122459 159069 133740 93993.5 95118.6 491565 110832 762145 439820 341112 501931 676449 146248 423530 359880 162069 356199 398869 122929 89989.9 329503
log_desv_Rt
 0.0883503 -0.472454 -0.472451 0.124471 -0.0971668 0.399829 -0.467791 -1.22744 -1.31859 -1.05451 -0.456506 -0.194947 -0.368384 -0.721059 -0.709161 0.933309 -0.556271 1.37185 0.822082 0.567927 0.954178 1.25257 -0.278982 0.784339 0.621487 -0.176262 0.611204 0.724347 -0.452675 -0.764587 0.533301
SSB
 3.62457e+06 2.42848e+06 1.22318e+06 669958 768079 876608 1.14565e+06 748218 656740 457584 302675 443096 473260 405947 284627 356640 1.06709e+06 1.03528e+06 1.99931e+06 1.5183e+06 1.63085e+06 2.00177e+06 1.90556e+06 1.59158e+06 2.19999e+06 1.82272e+06 1.50602e+06 1.58837e+06 2.19798e+06 1.51661e+06 968331
BT
 4.84082e+06 3.29784e+06 1.67637e+06 1.50371e+06 1.35424e+06 2.33015e+06 1.75313e+06 1.41424e+06 1.17583e+06 870178 788767 1.04709e+06 1.1108e+06 1.11702e+06 993896 1.91753e+06 1.75291e+06 4.38546e+06 4.10125e+06 2.78932e+06 4.44398e+06 4.15062e+06 3.04285e+06 4.9614e+06 3.65108e+06 3.15258e+06 4.26653e+06 4.37334e+06 2.99806e+06 2.27018e+06 3.21141e+06
Ftot
 0.117466 0.212862 0.20658 0.302279 0.0995347 0.197139 0.424858 0.0666923 0.261605 0.343329 0.0872537 0.399095 0.372211 0.609489 0.411709 0.355851 0.229001 0.232125 0.334306 0.298248 0.227972 0.289078 0.16882 0.146848 0.148752 0.119869 0.145453 0.121696 0.120759 0.171819 0.174931
BD_Bspro_t
 0.981412 0.863463 0.719096 0.637225 0.637755 0.708035 0.698676 0.554482 0.608396 0.569798 0.537801 0.7103 0.597812 0.512097 0.410407 0.466572 0.620563 0.60095 0.687973 0.59594 0.568595 0.615111 0.630869 0.626786 0.725254 0.733944 0.741493 0.77405 0.815095 0.75523 0.694648
BD_Bspro
 2.62317 1.75754 0.885238 0.484861 0.555874 0.634418 0.829129 0.5415 0.475296 0.331162 0.219052 0.320677 0.342507 0.293792 0.20599 0.258107 0.772276 0.749251 1.44694 1.09882 1.18028 1.44872 1.37909 1.15186 1.59218 1.31913 1.08993 1.14954 1.59072 1.0976 0.700799
BD_Bo
 1.77982 1.19249 0.600634 0.328978 0.37716 0.430453 0.562564 0.367408 0.322488 0.224694 0.148627 0.217579 0.232391 0.199338 0.139764 0.175126 0.523989 0.508367 0.981747 0.745552 0.800821 0.982957 0.935711 0.781535 1.08029 0.895033 0.73952 0.779961 1.0793 0.744723 0.475492
BD_Brms
 11.1925 7.49902 3.77711 2.06879 2.37179 2.70692 3.5377 2.31046 2.02798 1.41299 0.934644 1.36825 1.4614 1.25354 0.878912 1.10128 3.29512 3.19688 6.17375 4.68843 5.03599 6.18136 5.88425 4.91471 6.79346 5.62844 4.6505 4.90481 6.78723 4.68322 2.99015
Sel_flota
 0.814892 0.988186 0.999371 0.999967 0.999998
 0.814892 0.988186 0.999371 0.999967 0.999998
 0.814892 0.988186 0.999371 0.999967 0.999998
 0.814892 0.988186 0.999371 0.999967 0.999998
 0.814892 0.988186 0.999371 0.999967 0.999998
 0.814892 0.988186 0.999371 0.999967 0.999998
 0.814892 0.988186 0.999371 0.999967 0.999998
 0.814892 0.988186 0.999371 0.999967 0.999998
 0.814892 0.988186 0.999371 0.999967 0.999998
 0.814892 0.988186 0.999371 0.999967 0.999998
 0.814892 0.988186 0.999371 0.999967 0.999998
 0.814892 0.988186 0.999371 0.999967 0.999998
 0.814892 0.988186 0.999371 0.999967 0.999998
 0.814892 0.988186 0.999371 0.999967 0.999998
 0.814892 0.988186 0.999371 0.999967 0.999998
 0.814892 0.988186 0.999371 0.999967 0.999998
 0.814892 0.988186 0.999371 0.999967 0.999998
 0.814892 0.988186 0.999371 0.999967 0.999998
 0.814892 0.988186 0.999371 0.999967 0.999998
 0.814892 0.988186 0.999371 0.999967 0.999998
 0.814892 0.988186 0.999371 0.999967 0.999998
 0.814892 0.988186 0.999371 0.999967 0.999998
 0.814892 0.988186 0.999371 0.999967 0.999998
 0.814892 0.988186 0.999371 0.999967 0.999998
 0.814892 0.988186 0.999371 0.999967 0.999998
 0.814892 0.988186 0.999371 0.999967 0.999998
 0.814892 0.988186 0.999371 0.999967 0.999998
 0.814892 0.988186 0.999371 0.999967 0.999998
 0.814892 0.988186 0.999371 0.999967 0.999998
 0.814892 0.988186 0.999371 0.999967 0.999998
 0.814892 0.988186 0.999371 0.999967 0.999998
Sel_reclas
 1 1 1 1 1
 1 1 1 1 1
 1 1 1 1 1
 1 1 1 1 1
 1 1 1 1 1
 1 1 1 1 1
 1 1 1 1 1
 1 1 1 1 1
 1 1 1 1 1
 1 1 1 1 1
 1 1 1 1 1
 1 1 1 1 1
 1 1 1 1 1
 1 1 1 1 1
 1 1 1 1 1
 1 1 1 1 1
 1 1 1 1 1
 1 1 1 1 1
 1 1 1 1 1
 1 1 1 1 1
 1 1 1 1 1
 1 1 1 1 1
 1 1 1 1 1
 1 1 1 1 1
 1 1 1 1 1
 1 1 1 1 1
 1 1 1 1 1
 1 1 1 1 1
 1 1 1 1 1
 1 1 1 1 1
 1 1 1 1 1
Sel_pelaces
 1 1 1 1 1
 1 1 1 1 1
 1 1 1 1 1
 1 1 1 1 1
 1 1 1 1 1
 1 1 1 1 1
 1 1 1 1 1
 1 1 1 1 1
 1 1 1 1 1
 1 1 1 1 1
 1 1 1 1 1
 1 1 1 1 1
 1 1 1 1 1
 1 1 1 1 1
 1 1 1 1 1
 1 1 1 1 1
 1 1 1 1 1
 1 1 1 1 1
 1 1 1 1 1
 1 1 1 1 1
 1 1 1 1 1
 1 1 1 1 1
 1 1 1 1 1
 1 1 1 1 1
 1 1 1 1 1
 1 1 1 1 1
 1 1 1 1 1
 1 1 1 1 1
 1 1 1 1 1
 1 1 1 1 1
 1 1 1 1 1
pf_obs 
 0.8446 0.082 0.0669 0.0065 0
 0.8095 0.147 0.0364 0.0071 0
 0.9664 0.0169 0.016 0.0007 0
 0.9276 0.0648 0.0075 0.0001 0
 0.7033 0.2144 0.0806 0.0017 0
 0.9318 0.0425 0.0243 0.0014 0
 0.5671 0.3108 0.0964 0.0239 0.0018
 0.0768 0.2599 0.5324 0.112 0.0189
 0.490249 0.384438 0.106611 0.0170017 0.00170017
 0.7925 0.1577 0.0466 0.003 0.0002
 0.840416 0.127587 0.0312969 0.00059994 9.999e-05
 0.8084 0.0986 0.0794 0.0134 0.0002
 0.7335 0.1905 0.0724 0.0035 0.0001
 0.4001 0.4547 0.1325 0.0127 0
 0.49795 0.308269 0.164784 0.0264974 0.00249975
 0.9179 0.0499 0.0305 0.0017 0
 0.2467 0.6533 0.0926 0.0074 0
 0.9418 0.0223 0.034 0.0019 0
 0.707729 0.231977 0.0356964 0.0245975 0
 0.517169 0.277429 0.184464 0.0207286 0.00020938
 0.811772 0.124168 0.05621 0.00726502 0.000585176
 0.764997 0.148141 0.077277 0.00933861 0.000247198
 0.163321 0.427699 0.378323 0.0303852 0.000271297
 0.753843 0.0900009 0.118128 0.0371064 0.000921714
 0.721811 0.176058 0.0630433 0.0369309 0.00215725
 0.143369 0.312575 0.442814 0.0836902 0.0175525
 0.692698 0.0596174 0.167031 0.0765114 0.00414204
 0.394062 0.376323 0.152708 0.0712218 0.00568511
 0.125707 0.32114 0.495352 0.0537591 0.00404204
 0.23352 0.215282 0.420074 0.123614 0.00750983
 0.774587 0.0839891 0.0768558 0.0609784 0.00358967
pf_pred 
 0.436758 0.116964 0.422368 0.0239086 7.87727e-07
 0.410514 0.287276 0.0633324 0.226087 0.0127905
 0.555685 0.205431 0.117171 0.0255197 0.0961936
 0.749125 0.152273 0.0458942 0.0258613 0.0268459
 0.645807 0.279092 0.0458188 0.0136348 0.015648
 0.736269 0.181726 0.0647758 0.0105142 0.00671543
 0.468374 0.411772 0.0828992 0.0291946 0.00776033
 0.439229 0.294859 0.206602 0.041032 0.018278
 0.517572 0.235251 0.130664 0.0905374 0.0259753
 0.67875 0.183529 0.0675992 0.0370796 0.0330417
 0.797423 0.146964 0.0319537 0.0116172 0.0120421
 0.726525 0.226207 0.0344005 0.0073953 0.00547231
 0.673062 0.251538 0.062515 0.00937968 0.00350593
 0.615414 0.277212 0.0828658 0.0203219 0.00418575
 0.720735 0.188059 0.066021 0.0194408 0.005745
 0.926985 0.0558432 0.0116155 0.00402284 0.00153352
 0.392319 0.571659 0.0276365 0.00567339 0.002712
 0.893123 0.0473066 0.0560802 0.00267815 0.000812059
 0.593197 0.370962 0.0159735 0.0187045 0.00116333
 0.600411 0.257661 0.129575 0.00550737 0.00684536
 0.735714 0.172171 0.0596664 0.0296261 0.00282237
 0.741905 0.199926 0.0380587 0.0130287 0.00708078
 0.32648 0.525994 0.114608 0.0215428 0.011375
 0.737044 0.0979246 0.12922 0.0278248 0.00798677
 0.626983 0.288997 0.0315211 0.0411123 0.0113866
 0.435945 0.379311 0.14352 0.0154721 0.0257528
 0.726978 0.132461 0.0948826 0.0354906 0.010188
 0.685707 0.240558 0.0359924 0.0254828 0.0122603
 0.358593 0.466047 0.13459 0.0199072 0.0208627
 0.426175 0.232546 0.248761 0.0710182 0.0214994
 0.820254 0.0858181 0.0383374 0.0405276 0.0150632
pobs_RECLAS
 0 0 0 0 0
 0 0 0 0 0
 0 0 0 0 0
 0 0 0 0 0
 0 0 0 0 0
 0 0 0 0 0
 0 0 0 0 0
 0 0 0 0 0
 0 0 0 0 0
 0 0 0 0 0
 0.991045 0.00858322 0.000360255 1.14367e-05 0
 0.934742 0.0480273 0.0164251 0.00080598 0
 0.827803 0.169806 0.00239088 0 0
 0.941827 0.0461693 0.0120037 0 0
 0.791401 0.0380133 0.147996 0.0225897 0
 0.846168 0.0940531 0.0597789 0 0
 0.134021 0.677848 0.182769 0.00536245 0
 0.80878 0.0450904 0.141981 0.00414843 0
 0.846168 0.0940531 0.0597789 0 0
 0.905697 0.0802665 0.012482 0.00150086 5.37128e-05
 0.989698 0.0102097 9.19794e-05 0 0
 0.975433 0.0193895 0.00387452 0.00125025 5.28907e-05
 0.303575 0.632131 0.0575291 0.00676475 0
 0.966965 0.00978017 0.0227588 0.000495775 0
 0.843318 0.132988 0.00938335 0.0141283 0.000182051
 0.564624 0.303363 0.111486 0.0197234 0.00080311
 0.826376 0.0876187 0.0782897 0.00655872 0.00115652
 0.89761 0.0855135 0.0140674 0.00269457 0.000114338
 0.34875 0.467042 0.161289 0.0227151 0.000203297
 0.318654 0.224769 0.449479 0.00709798 0
 0.937255 0.0296025 0.0250945 0.00804832 0
ppred_RECLAS
 0.487341 0.107425 0.383536 0.0216973 7.1485e-07
 0.460252 0.264651 0.0576781 0.205777 0.0116411
 0.604982 0.183798 0.103635 0.022558 0.0850268
 0.785306 0.130924 0.0390041 0.0219652 0.0228008
 0.68943 0.245318 0.0398193 0.0118423 0.0135905
 0.773179 0.156855 0.055273 0.00896626 0.0057266
 0.519256 0.373365 0.0742852 0.0261447 0.00694939
 0.488737 0.270287 0.187253 0.0371669 0.0165557
 0.568011 0.211934 0.116361 0.0805774 0.023117
 0.721575 0.159881 0.0582054 0.0319072 0.0284316
 0.827439 0.125586 0.0269976 0.00980948 0.0101679
 0.764864 0.194894 0.0292921 0.00629319 0.00465663
 0.715972 0.219118 0.0538232 0.00807057 0.00301651
 0.663622 0.243293 0.0718494 0.0176089 0.00362683
 0.760007 0.162242 0.0562906 0.0165652 0.00489507
 0.939543 0.0463672 0.00953233 0.00329933 0.00125768
 0.440243 0.526938 0.025183 0.00516656 0.00246964
 0.911027 0.0396355 0.0464484 0.00221683 0.000672156
 0.640417 0.328247 0.0139703 0.0163488 0.00101678
 0.647814 0.228034 0.113353 0.00481491 0.00598447
 0.772867 0.148571 0.0508986 0.0252572 0.00240608
 0.778421 0.172096 0.0323832 0.011079 0.00602097
 0.371435 0.492126 0.106009 0.0199145 0.0105149
 0.774352 0.0846404 0.110423 0.023763 0.00682065
 0.671977 0.254811 0.027477 0.035816 0.00991938
 0.485208 0.347486 0.129991 0.0140051 0.0233104
 0.765027 0.114682 0.0812156 0.0303602 0.00871495
 0.726628 0.209809 0.0310366 0.0219609 0.0105655
 0.405252 0.433503 0.123775 0.0182966 0.0191741
 0.476276 0.213709 0.22601 0.0644841 0.0195207
 0.848115 0.0729633 0.032224 0.0340443 0.0126531
pobs_PELACES
 0 0 0 0 0
 0 0 0 0 0
 0 0 0 0 0
 0 0 0 0 0
 0 0 0 0 0
 0 0 0 0 0
 0 0 0 0 0
 0 0 0 0 0
 0 0 0 0 0
 0 0 0 0 0
 0 0 0 0 0
 0 0 0 0 0
 0 0 0 0 0
 0 0 0 0 0
 0 0 0 0 0
 0 0 0 0 0
 0.505614 0.472636 0.0217494 0 0
 0 0 0 0 0
 0.443492 0.261883 0.143347 0.151278 0
 0.227955 0.32914 0.350689 0.0885471 0.00366901
 0.970185 0.0296113 0.000203453 0 0
 0.997202 0.00247181 0.000326279 0 0
 0.445219 0.490057 0.0546422 0.010081 0
 0.90214 0.0892962 0.00764917 0.000914606 0
 0 0 0 0 0
 0.581667 0.319106 0.0959925 0.00289975 0.000334073
 0.762889 0.0836404 0.116647 0.0363945 0.000428098
 0.88444 0.0763242 0.0277011 0.0115352 0
 0.521256 0.241999 0.230069 0.00667565 0
 0.616807 0.101726 0.260614 0.0208532 0
 0.833518 0.0704572 0.0857862 0.0102388 0
ppred_PELACES
 0.489105 0.107092 0.382181 0.0216202 7.12308e-07
 0.463382 0.263227 0.0573226 0.2045 0.0115689
 0.607902 0.182516 0.102834 0.0223826 0.0843657
 0.78828 0.129168 0.038438 0.0216451 0.0224684
 0.690664 0.244362 0.0396496 0.0117916 0.0135323
 0.775189 0.1555 0.0547556 0.00888199 0.00567276
 0.525406 0.368719 0.073246 0.0257767 0.00685157
 0.48972 0.2698 0.186869 0.0370902 0.0165216
 0.571801 0.210181 0.115286 0.0798294 0.0229024
 0.725613 0.15765 0.0573204 0.0314199 0.0279973
 0.828163 0.12507 0.026878 0.00976588 0.0101227
 0.768989 0.191524 0.0287432 0.00617478 0.00456899
 0.720345 0.215813 0.0529387 0.00793736 0.00296671
 0.671497 0.237747 0.0700539 0.0171668 0.00353575
 0.764365 0.159375 0.0552121 0.0162465 0.00480087
 0.940706 0.0454894 0.0093396 0.0032324 0.00123216
 0.443485 0.523913 0.0250172 0.00513232 0.00245327
 0.912135 0.0391604 0.0458524 0.00218828 0.000663499
 0.644833 0.324252 0.0137833 0.0161289 0.0010031
 0.651784 0.225551 0.111995 0.00475697 0.00591244
 0.775199 0.147089 0.0503485 0.0249831 0.00237997
 0.781301 0.169901 0.031936 0.0109254 0.00593747
 0.373724 0.490401 0.105572 0.0198317 0.0104712
 0.775876 0.0840977 0.109656 0.0235971 0.00677304
 0.673877 0.253367 0.0273063 0.0355925 0.00985745
 0.486957 0.346356 0.12951 0.0139531 0.0232237
 0.766569 0.113961 0.0806619 0.0301523 0.00865527
 0.728029 0.208756 0.0308669 0.0218403 0.0105075
 0.406947 0.43232 0.123382 0.0182381 0.0191128
 0.478822 0.212751 0.224855 0.0641522 0.0194202
 0.849444 0.0723502 0.0319326 0.0337353 0.0125382
pobs_pel_tallas
 0 0 0 0 0 0 0 0 0 0 0 0 0 0 0 0 0 0 0 0 0 0 0 0 0 0
 0 0 0 0 0 0 0 0 0 0 0 0 0 0 0 0 0 0 0 0 0 0 0 0 0 0
 0 0 0 0 0 0 0 0 0 0 0 0 0 0 0 0 0 0 0 0 0 0 0 0 0 0
 0 0 0 0 0 0 0 0 0 0 0 0 0 0 0 0 0 0 0 0 0 0 0 0 0 0
 0 0 0 0 0 0 0 0 0 0 0 0 0 0 0 0 0 0 0 0 0 0 0 0 0 0
 0 0 0 0 0 0 0 0 0 0 0 0 0 0 0 0 0 0 0 0 0 0 0 0 0 0
 0 0 0 0 0 0 0 0 0 0 0 0 0 0 0 0 0 0 0 0 0 0 0 0 0 0
 0 0 0 0 0 0 0 0 0 0 0 0 0 0 0 0 0 0 0 0 0 0 0 0 0 0
 0 0 0 0 0 0 0 0 0 0 0 0 0 0 0 0 0 0 0 0 0 0 0 0 0 0
 0 0 0 0 0 0 0 0 0 0 0 0 0 0 0 0 0 0 0 0 0 0 0 0 0 0
 0 0 0 0 0 0 0 0 0 0 0 0 0 0 0 0 0 0 0 0 0 0 0 0 0 0
 0 0 0 0 0 0 0 0 0 0 0 0 0 0 0 0 0 0 0 0 0 0 0 0 0 0
 0.00862536 0 0 0.000197151 0.00414017 0.0128641 0.00837892 0.0270097 0.101434 0.158115 0.152841 0.127902 0.109271 0.109419 0.0830992 0.0579132 0.0238553 0.00714673 0.00463305 0.00128148 0.00103504 0.000492878 0.000147863 0.000147863 4.92878e-05 0
 0 0 0 0 0 0 0 0 0 0 0 0 0 0 0 0 0 0 0 0 0 0 0 0 0 0
 0 0 0 0 0 0 0 0.0054083 0.00873648 0.0413646 0.0450493 0.0745869 0.0622846 0.0627006 0.0613931 0.0827291 0.12552 0.122667 0.0946155 0.0697135 0.0546179 0.0294188 0.0215738 0.0213955 0.0102223 0.00600262
 0 0 0 0 0.00359764 0.0251062 0.0480494 0.140153 0.205849 0.193036 0.1447 0.116669 0.0760912 0.0342217 0.00950174 0.001854 0.000860785 0 0 0 0.000165536 0 0.000143464 0 0 0
 0 0 0 0 0 0 0 0.000145254 0.000435761 0.0275982 0.070085 0.0708112 0.156366 0.174668 0.174014 0.160142 0.0824315 0.0480064 0.0283245 0.00493863 0.00203355 0 0 0 0 0
 0 0 0 0 0 0 0 0 0 0 0 0 0 0 0 0 0 0 0 0 0 0 0 0 0 0
 0 0 1.00437e-05 0.000401748 0.00122533 0.00171747 0.00176769 0.0269171 0.070346 0.194647 0.189555 0.159765 0.064822 0.0314167 0.0384472 0.0292271 0.0345202 0.0313363 0.0194345 0.0106764 0.0143323 0.0359363 0.0279516 0.0138201 0.00172751 0
 0 0.0021121 0.0136068 0.0755702 0.200478 0.177729 0.0527432 0.0373336 0.0318909 0.0142505 0.0149659 0.0166563 0.0217959 0.0798694 0.0677717 0.0528807 0.04013 0.0224614 0.0357745 0.0225083 0.00881397 0.00855152 0.00135912 0.000746735 0 0
 0 0 0 0 5.4009e-05 0.00500934 0.000945158 0.0243581 0.138947 0.33067 0.221406 0.137944 0.0707744 0.0437923 0.0131692 0.00525238 0.0047753 0.00276346 9.45158e-05 9.00151e-06 2.25038e-05 9.00151e-06 4.50075e-06 0 0 0
 0.000866109 0.00284123 0.00948549 0.0512746 0.133035 0.25785 0.225252 0.132002 0.0553304 0.0519788 0.0540692 0.017754 0.00435017 0.00159236 0.00146478 0.000404838 0.000125132 0.000115318 0.000107957 0.000100596 0 0 0 0 0 0
 0 0 0 0 0.00144013 0.00171154 0.00461396 0.0210425 0.0478622 0.0707936 0.0888783 0.103762 0.0637923 0.0337046 0.0602308 0.124433 0.169614 0.0934646 0.0462172 0.0250306 0.0313229 0.00938855 0.002487 0.000210481 0 0
 0 0.00764035 0.051015 0.0998891 0.058973 0.0496711 0.0374665 0.0718981 0.12319 0.153886 0.159021 0.0857701 0.0377988 0.023471 0.0147837 0.00900784 0.00315554 0.000888139 0.00291439 0.00214683 0.00393193 0.00274676 0.000635225 9.99891e-05 0 0
 0 0 0 0 0 0 0 0 0 0 0 0 0 0 0 0 0 0 0 0 0 0 0 0 0 0
 0 0 0 0 0 0 0 0 0 0 0 0 0 0 0 0 0 0 0 0 0 0 0 0 0 0
 0 0 0 0 0 0 0 0 0 0 0 0 0 0 0 0 0 0 0 0 0 0 0 0 0 0
 0 0 0 0 0 0 0 0 0 0 0 0 0 0 0 0 0 0 0 0 0 0 0 0 0 0
 0 0 0 0 0 0 0 0 0 0 0 0 0 0 0 0 0 0 0 0 0 0 0 0 0 0
 0 0 0 0 0 0 0 0 0 0 0 0 0 0 0 0 0 0 0 0 0 0 0 0 0 0
 0 0 0 0 0 0 0 0 0 0 0 0 0 0 0 0 0 0 0 0 0 0 0 0 0 0
ppred_pel_tallas
 1.13225e-16 4.0287e-05 0.000391604 0.00260235 0.0118299 0.0368072 0.0784221 0.114462 0.114473 0.0784756 0.0369885 0.0123608 0.00396252 0.00345156 0.00611685 0.0107384 0.017067 0.024788 0.0334806 0.042749 0.0521008 0.0605957 0.0666889 0.0686521 0.0654295 0.0573265
 1.24188e-16 3.81682e-05 0.000371008 0.00246548 0.0112077 0.0348716 0.0742985 0.108446 0.108472 0.074423 0.03529 0.0124179 0.0055092 0.00703668 0.0127635 0.021225 0.0310383 0.040098 0.0463794 0.049192 0.0496758 0.0499881 0.0517669 0.0550494 0.0583472 0.0596291
 1.19537e-16 5.00721e-05 0.000486719 0.00323442 0.0147032 0.0457472 0.09747 0.142264 0.142282 0.0975567 0.0460388 0.0155473 0.00536039 0.00515199 0.00898288 0.0149657 0.0220219 0.0287098 0.0336224 0.0362065 0.0370986 0.0376094 0.0387599 0.0406308 0.0424307 0.0430689
 1.07116e-16 6.49296e-05 0.000631139 0.00419414 0.019066 0.0593214 0.126391 0.184474 0.184486 0.126452 0.0595265 0.019659 0.00568499 0.00389306 0.00628221 0.0103433 0.0150401 0.0192352 0.0218289 0.0223547 0.0212606 0.0195789 0.0182455 0.0176009 0.0173722 0.0170132
 1.0468e-16 5.68892e-05 0.000552983 0.00367477 0.016705 0.0519755 0.11074 0.161633 0.161657 0.110855 0.0523622 0.0178219 0.0064791 0.00667697 0.0116939 0.0192597 0.0277817 0.0350317 0.038782 0.0380202 0.0335516 0.0274402 0.0217507 0.0175702 0.0148769 0.0130499
 1.03471e-16 6.38514e-05 0.000620658 0.00412449 0.0187493 0.0583363 0.124292 0.181411 0.181426 0.124366 0.0585833 0.0194634 0.00591952 0.0045477 0.00754693 0.0124407 0.0180673 0.0230389 0.0259772 0.0262361 0.0242538 0.0211899 0.0181598 0.0156843 0.0136804 0.0118211
 1.05953e-16 4.32771e-05 0.000420669 0.00279549 0.0127079 0.0395393 0.0842439 0.122964 0.123 0.0844178 0.0401231 0.0143948 0.00703176 0.00967486 0.0176376 0.0291404 0.042093 0.0531879 0.0590781 0.0582231 0.0517858 0.0427886 0.0342387 0.0276956 0.0231187 0.0196559
 1.11978e-16 4.03376e-05 0.000392096 0.00260562 0.0118448 0.0368536 0.0785215 0.11461 0.114636 0.0786499 0.0372853 0.0130948 0.00575518 0.00730677 0.0132877 0.022205 0.03269 0.0425921 0.0497109 0.0529935 0.0530362 0.0514024 0.0493659 0.0471529 0.0441709 0.0397964
 1.15263e-16 4.70986e-05 0.000457815 0.00304234 0.0138301 0.0430305 0.0916818 0.133817 0.133837 0.0917817 0.0433663 0.014802 0.00549042 0.00582977 0.0103324 0.0172283 0.0253436 0.0330139 0.038591 0.0413831 0.0420342 0.0419369 0.0421525 0.0427227 0.0428168 0.0414311
 1.09584e-16 5.97678e-05 0.000580964 0.00386071 0.0175502 0.0546054 0.116343 0.169809 0.169825 0.116418 0.0548562 0.0182754 0.00568449 0.00457428 0.0076798 0.0126984 0.0185202 0.0237986 0.0272181 0.0282221 0.0273424 0.0257882 0.0246201 0.0241635 0.0240167 0.0234894
 1.03501e-16 6.82147e-05 0.000663071 0.00440634 0.0200306 0.0623227 0.132786 0.193807 0.193819 0.132845 0.0625209 0.0206032 0.00584453 0.0038058 0.00604626 0.00991309 0.0143349 0.0181601 0.0202683 0.0201567 0.0182361 0.0155359 0.0130598 0.0112953 0.010165 0.00930716
 1.02271e-16 6.33407e-05 0.000615694 0.0040915 0.0185994 0.0578697 0.123298 0.179961 0.17998 0.123388 0.0581726 0.0194744 0.00628801 0.00541122 0.00917248 0.0150679 0.0217096 0.0273217 0.0301378 0.0293439 0.0255566 0.0203941 0.0154981 0.0117697 0.00926014 0.0075547
 1.02881e-16 5.93339e-05 0.000576746 0.00383268 0.0174228 0.054209 0.115499 0.168578 0.168599 0.115601 0.054551 0.0184111 0.00631505 0.00600133 0.0103778 0.017105 0.0247327 0.0313054 0.0348618 0.0344834 0.0308127 0.0255659 0.0204549 0.0163762 0.0133402 0.010928
 1.04403e-16 5.53103e-05 0.000537636 0.00357278 0.0162414 0.050533 0.107667 0.157148 0.157171 0.107779 0.0509102 0.0173316 0.00631242 0.00652796 0.0114605 0.0189334 0.0274434 0.0348767 0.0391067 0.0391408 0.0356738 0.0305383 0.0255211 0.0214942 0.0183728 0.0156516
 1.04076e-16 6.29598e-05 0.000611992 0.0040669 0.0184875 0.0575217 0.122557 0.178878 0.178894 0.122632 0.0577749 0.0192195 0.00590695 0.00463783 0.00773531 0.0127582 0.0185369 0.0236575 0.0267178 0.0270686 0.0251701 0.0222139 0.0193313 0.0170249 0.0151647 0.0133703
 1.00814e-16 7.74848e-05 0.000753179 0.00500514 0.0227527 0.070792 0.15083 0.220142 0.220146 0.150851 0.070864 0.0229608 0.00552791 0.00189527 0.00224916 0.00360265 0.00519881 0.00657294 0.00730893 0.00721754 0.00644256 0.00535606 0.00432688 0.00354418 0.00299925 0.00258369
 1.01786e-16 3.65293e-05 0.000355078 0.00235962 0.0107265 0.0333745 0.0711098 0.103797 0.103848 0.0713561 0.0342013 0.0131136 0.00834743 0.0134134 0.0247982 0.0408377 0.0585873 0.0731754 0.0796607 0.0757655 0.0632581 0.0468155 0.0313129 0.0196244 0.0121849 0.00794049
 1.01666e-16 7.51314e-05 0.000730304 0.00485313 0.0220616 0.0686419 0.146249 0.213455 0.213459 0.146268 0.0687051 0.022245 0.00531655 0.00175186 0.00204416 0.00333563 0.00497209 0.00661386 0.00795595 0.00883603 0.00928704 0.00943829 0.00935927 0.00899631 0.0082494 0.00710014
 1.02268e-16 5.31141e-05 0.000516288 0.00343092 0.0155965 0.0485266 0.103392 0.15091 0.150942 0.103545 0.0490383 0.017074 0.00713737 0.00860002 0.0153838 0.025292 0.0362986 0.0453773 0.049489 0.04725 0.0397787 0.0299781 0.0208437 0.0140944 0.0099096 0.00754285
 1.04768e-16 5.36866e-05 0.000521853 0.0034679 0.0157646 0.0490496 0.104506 0.152534 0.152556 0.104613 0.0494088 0.0168038 0.00608229 0.00624854 0.0109865 0.0182254 0.0265909 0.0341467 0.0389245 0.0399677 0.0378158 0.0339822 0.0298909 0.0261585 0.0226553 0.019045
 1.04399e-16 6.38522e-05 0.000620666 0.00412454 0.0187496 0.058337 0.124294 0.181413 0.181427 0.124363 0.0585707 0.0194253 0.00582334 0.00433802 0.00715009 0.0117891 0.0171416 0.0219082 0.0248086 0.0252599 0.0236997 0.0212278 0.0188666 0.0170348 0.0155522 0.0140109
 1.03066e-16 6.43547e-05 0.000625551 0.00415701 0.0188972 0.0587962 0.125272 0.182842 0.182858 0.125352 0.0590651 0.0196743 0.00610843 0.0048881 0.00816738 0.0134209 0.0193762 0.024472 0.0271635 0.0267451 0.0237621 0.0196214 0.015723 0.0127929 0.0108061 0.00934942
 1.06933e-16 3.07833e-05 0.000299224 0.00198845 0.00903925 0.0281247 0.0599244 0.0874714 0.0875187 0.0601557 0.0289014 0.0112834 0.00762437 0.0126119 0.0234422 0.038778 0.0560265 0.0708068 0.0786564 0.0774998 0.068844 0.0566695 0.0449587 0.0358138 0.0292594 0.0242713
 1.06699e-16 6.39079e-05 0.000621208 0.00412814 0.0187659 0.0583879 0.124402 0.18157 0.181578 0.124442 0.0585242 0.0191617 0.0051294 0.00283272 0.00433974 0.00727178 0.0109339 0.0147254 0.0180576 0.0206352 0.0225471 0.0240257 0.0250979 0.0254624 0.024698 0.0225982
 1.06091e-16 5.55064e-05 0.000539542 0.00358545 0.0162989 0.0507122 0.108049 0.157705 0.15773 0.108168 0.0511128 0.0174561 0.00649015 0.00688104 0.0121013 0.0199257 0.0287224 0.0361854 0.0400214 0.0392196 0.0346753 0.0285919 0.0231419 0.0194171 0.017282 0.0159329
 1.09156e-16 4.01101e-05 0.000389884 0.00259092 0.011778 0.0366458 0.078079 0.113966 0.113999 0.0782428 0.0371962 0.0133694 0.00659183 0.0091447 0.0167282 0.0277515 0.0403476 0.0515237 0.058234 0.0590524 0.0549535 0.0485013 0.0421452 0.0370004 0.0328376 0.0288913
 1.06846e-16 6.31413e-05 0.000613756 0.00407863 0.0185408 0.0576875 0.12291 0.179393 0.179404 0.122964 0.05787 0.0190695 0.00541103 0.00354063 0.00567566 0.00942511 0.0139065 0.0181986 0.0214016 0.0231052 0.023585 0.0234969 0.0233303 0.0230857 0.0223882 0.0208558
 1.04913e-16 5.99669e-05 0.000582899 0.00387357 0.0176087 0.0547873 0.116731 0.170376 0.170397 0.116829 0.0551176 0.0185629 0.00626925 0.00581466 0.0100022 0.0164582 0.0237475 0.0299664 0.0332269 0.0326863 0.0290565 0.0241145 0.019614 0.0164398 0.0144991 0.0131787
 1.08735e-16 3.35198e-05 0.000325824 0.00216522 0.00984279 0.0306248 0.0652509 0.0952444 0.0952861 0.0654551 0.0313105 0.0118247 0.00714505 0.011213 0.020758 0.0343889 0.0498275 0.063273 0.0708536 0.0707656 0.0642922 0.0548083 0.0456222 0.0383753 0.0329398 0.0283738
 1.16264e-16 3.944e-05 0.000383371 0.00254763 0.0115812 0.0360335 0.0767739 0.112058 0.112079 0.0768758 0.0363767 0.0125767 0.00506243 0.00592607 0.0107219 0.0180726 0.0269932 0.0359749 0.0434713 0.0487462 0.0521609 0.0545724 0.0563843 0.0571097 0.055773 0.0517058
 1.06446e-16 6.99676e-05 0.00068011 0.00451957 0.0205453 0.0639241 0.136197 0.198785 0.198792 0.136232 0.0640395 0.0208793 0.00536034 0.00252394 0.00359717 0.00590485 0.00866661 0.0112657 0.0131395 0.0140732 0.0143283 0.0144323 0.0147854 0.0153986 0.0159291 0.0159302
pSPR Fmed_Fpbrs
0.674339   0.20902 0.20902
Fs Fmed_Fpbrs
0.209425   1.005 1.005
SSBpbr Bo_Bmed_Bpbrs
2.03648e+06  1.27145e+06  323840 323840
Ro
193308
SPR SPRFo_SPRFmed_SPRFpbrs
1.38175e+06 931769 288813
Fref
1.005
Nvult_r0
 224390 19873.2 8793.22 9290.87 3453.11
CTP_r0
 27996 2929.04 1308.49 1383.24 514.12
YTP_r0
391301
Np
 259920 105113 8906.83 3929.82 5433.78
Nvult_p0
 217763 90789.4 7706.68 3400.61 4702.07
CTP_p0
 98044.9 45238.1 3861.74 1704.52 2356.9
YTP_p0
 1.68724e+06
CBA_c0
780083
log_Ro
11.992
likeval ReclasPelacesDesembMPH_pf_preclas_ppelaces_ptallas_desvR_qrecl_qpela
 15.403 17.3136 0.088684 0.00297808 241.191 119.397 98.1985 0 22.5595 2.54908e-06 0 0.452065 0 0 0
q_reclas_q_pelaces
0.797525 1
M
1
N
 211164 47023.4 167996 9504.17 0.313129
 120522 70591.7 15403.1 54956.7 3109
 120522 37276.8 21043 4580.64 17265.7
 218931 37468.3 11181.2 6297.27 6536.84
 175409 62955.7 10224.5 3040.87 3489.76
 288332 59501.9 20990.5 3405.24 2174.87
 121085 90329.7 18014.9 6341.13 1685.52
 56647.1 31509.2 21837.5 4334.5 1930.77
 51712.1 19737 10852.3 7515.58 2156.17
 67341 15371.4 5606.8 3073.86 2739.05
 122459 18727.5 4027.87 1463.55 1517.04
 159069 41958.3 6320.33 1358.04 1004.88
 133740 42271.7 10405.1 1560.38 583.22
 93993.5 36328 10765.1 2638.79 543.505
 95118.6 21042.8 7317.73 2153.72 636.437
 491565 25018.7 5153.69 1783.98 680.043
 110832 135316 6475.19 1328.55 635.054
 762145 33831.8 39698.7 1894.82 574.522
 439820 232056 9894.9 11580.7 720.241
 341112 123217 61351.8 2606.28 3239.37
 501931 98412.9 33758 16752.8 1595.93
 676449 153345 28901.5 9888.67 5374.11
 146248 196623 42394.9 7964.52 4205.3
 423530 46886.6 61219.4 13174.9 3781.58
 359880 138235 14918.8 19447.3 5386.02
 162069 117279 43902.1 4730.16 7872.99
 356199 54073.4 38325 14327.3 4112.7
 398869 116392 17229.3 12191.5 5865.43
 122929 132882 37966.4 5612.46 5881.65
 89989.9 40984.9 43385.7 12379.2 3747.46
 329503 28780.1 12723 13442.5 4996.11
pred_Ctot
 12280.4 3288.7 11875.8 672.242 0.0221487
 12305.2 8611.11 1898.39 6776.98 383.397
 11966.8 4424.02 2523.31 549.575 2071.56
 30827.1 6266.17 1888.58 1064.21 1104.73
 8695.88 3758.01 616.956 183.594 210.702
 27405.9 6764.33 2411.13 391.365 249.966
 23036.7 20252.8 4077.35 1435.92 381.688
 1902.56 1277.21 894.914 177.734 79.1726
 6385.78 2902.52 1612.12 1117.05 320.482
 10627.6 2873.62 1058.44 580.576 517.352
 5343.85 984.865 214.134 77.8518 80.6992
 28662.9 8924.35 1357.17 291.76 215.894
 22670.2 8472.34 2105.64 315.928 118.087
 24208.7 10904.8 3259.71 799.406 164.656
 17610.2 4594.97 1613.14 475.01 140.372
 80082.6 4824.32 1003.46 347.534 132.481
 12109.3 17644.9 853.031 175.115 83.7086
 84320.2 4466.24 5294.55 252.846 76.6669
 67784.2 42389.6 1825.28 2137.35 132.933
 47452.8 20363.9 10240.8 435.268 541.014
 54612.4 12780.3 4429.06 2199.16 209.505
 91481.3 24652.1 4692.86 1606.51 873.102
 12016.1 19359.2 4218.16 792.885 418.659
 30491.1 4051.09 5345.77 1151.1 330.408
 26228.2 12089.4 1318.6 1719.82 476.327
 9610.32 8361.83 3163.86 341.079 567.716
 25411.9 4630.24 3316.67 1240.59 356.126
 23997.8 8418.85 1259.63 891.828 429.078
 7341.35 9541.23 2755.41 407.554 427.114
 7517.67 4102.08 4388.11 1252.75 379.246
 27996 2929.04 1308.49 1383.24 514.12
F
 0.0957225 0.116079 0.117393 0.117463 0.117466
 0.173459 0.210347 0.212728 0.212855 0.212861
 0.16834 0.204139 0.20645 0.206573 0.206579
 0.246325 0.298708 0.302089 0.302269 0.302278
 0.0811101 0.0983588 0.0994721 0.0995314 0.0995345
 0.160647 0.19481 0.197015 0.197133 0.197139
 0.346213 0.419838 0.424591 0.424844 0.424857
 0.054347 0.0659044 0.0666503 0.0666901 0.0666922
 0.21318 0.258514 0.261441 0.261597 0.261605
 0.279776 0.339273 0.343113 0.343318 0.343329
 0.0711024 0.0862229 0.0871988 0.0872508 0.0872536
 0.325219 0.39438 0.398844 0.399081 0.399094
 0.303312 0.367813 0.371977 0.372198 0.37221
 0.496668 0.602289 0.609106 0.609469 0.609488
 0.335499 0.406845 0.411451 0.411696 0.411709
 0.28998 0.351647 0.355627 0.355839 0.35585
 0.186611 0.226296 0.228857 0.228994 0.229001
 0.189157 0.229383 0.231979 0.232117 0.232125
 0.272423 0.330356 0.334095 0.334295 0.334305
 0.24304 0.294724 0.29806 0.298238 0.298248
 0.185773 0.225279 0.227829 0.227965 0.227972
 0.235567 0.285663 0.288896 0.289068 0.289077
 0.13757 0.166826 0.168714 0.168815 0.16882
 0.119665 0.145113 0.146756 0.146843 0.146848
 0.121217 0.146995 0.148659 0.148747 0.148752
 0.0976804 0.118453 0.119794 0.119865 0.119869
 0.118528 0.143734 0.145361 0.145448 0.145452
 0.0991692 0.120258 0.121619 0.121692 0.121696
 0.0984054 0.119332 0.120683 0.120755 0.120759
 0.140014 0.16979 0.171711 0.171814 0.171819
 0.14255 0.172864 0.174821 0.174925 0.174931
nmprior
 8.19 8.8 8.5 0
nm_flota  nm_reclas  nm_pelaces    nm_pelaL
inf 11.8749 19.0552 46.1335
cv_recla  cv_pelaces  cv_mph
0.355 0.471808 1.68412
 ------------------------------------------------
Talla a la edad & desviaci?n 
 8 13.2811 15.8009 17.003 17.5766
 0.8 1.32811 1.58009 1.7003 1.75766
