years
 1991 1992 1993 1994 1995 1996 1997 1998 1999 2000 2001 2002 2003 2004 2005 2006 2007 2008 2009 2010 2011 2012 2013 2014 2015 2016 2017 2018 2019 2020 2021
reclasobs
 0 0 0 0 0 0 0 0 0 252601 567819 844713 477998 351125 339783 2.1784e+06 2.13404e+06 4.81314e+06 1.55562e+06 2.62356e+06 3.21686e+06 3.843e+06 1.13348e+06 3.07943e+06 1.97215e+06 2.03268e+06 2.025e+06 2.42433e+06 2.27542e+06 1.05018e+06 2.36338e+06
reclaspred
 2.18928e+06 1.19037e+06 572642 322367 181813 909986 400204 249818 187657 194852 361755 529432 512864 359164 328925 1.26059e+06 1.04881e+06 2.92406e+06 2.34483e+06 1.54675e+06 2.82808e+06 2.36097e+06 1.65725e+06 2.72476e+06 1.94815e+06 1.56624e+06 2.04713e+06 2.4597e+06 1.91791e+06 998133 1.41628e+06
pelacesobs
 0 0 0 0 0 0 0 0 0 0 0 0 0 0 0 552880 188675 0 991730 2.46772e+06 1.41603e+06 1.21717e+06 2.29649e+06 1.80582e+06 0 1.4828e+06 1.56532e+06 1.57751e+06 1.42118e+06 867257 1.10002e+06
pelacespred
 969272 562856 261423 108050 67674.6 395785 129318 119517 70953.3 76174.7 162183 202106 217662 154006 144810 489947 410454 1.36225e+06 1.09676e+06 674272 1.21642e+06 1.05932e+06 749401 1.37763e+06 939465 753753 1.13247e+06 1.33183e+06 859062 515421 701119
mphobs
 0 0 0 0 0 0 0 0 0 0 0 498337 0 5186 125008 0 168611 109162 213762 579715 649985 157893 87575 83554 0 0 0 0 0 0 0
mphpred
 1.94496e+06 1.19264e+06 574095 279810 129449 96041.1 459618 166284 112196 68745.6 80391.9 243758 279571 219528 123490 148895 819745 638066 1.67539e+06 1.18395e+06 1.10337e+06 1.45487e+06 1.4162e+06 1.01722e+06 1.53589e+06 1.19057e+06 882856 1.06715e+06 1.70981e+06 1.0539e+06 521561
desembarqueobs
 494567 514787 250237 358949 120608 361735 552515 73892 212993 205616 52469 317467 293654 387597 252695 516296 358380 742168 942051 627588 828172 859565 418607 520667 417249 300574 407403 355545 319650 289779 391294
desembarquepred
 494538 514814 249723 358949 120593 361617 552109 73886.6 212914 205550 52468.2 317408 293583 387361 252588 516110 358353 741917 941451 627166 828050 859285 418536 520617 417172 300517 407330 355477 319590 289718 391233
Reclutas
 123723 105648 76398.1 51143.1 35039.7 251672 46310.4 14782 28755.3 60237.3 91554.1 131671 103132 70364.4 62532.1 450771 51638 735031 356321 239184 430812 567816 70962.4 336716 246452 94315.9 283305 345124 62486.9 38606 217737
log_desv_Rt
 0.0291808 -0.128753 -0.452907 -0.854237 -1.23238 0.739262 -0.953498 -2.09545 -1.43004 -0.690572 -0.271934 0.0914397 -0.152859 -0.535178 -0.653184 1.32209 -0.844607 1.81105 1.08697 0.688367 1.27681 1.55293 -0.526714 1.03038 0.718301 -0.242215 0.857661 1.05504 -0.653908 -1.13546 0.594423
SSB
 1.94496e+06 1.19264e+06 574095 279810 129449 96041.1 459618 166284 112196 68745.6 80391.9 243758 279571 219528 123490 148895 819745 638066 1.67539e+06 1.18395e+06 1.10337e+06 1.45487e+06 1.4162e+06 1.01722e+06 1.53589e+06 1.19057e+06 882856 1.06715e+06 1.70981e+06 1.0539e+06 521561
BT
 2.66425e+06 1.80678e+06 844953 549731 257727 1.23051e+06 778747 342837 368604 369774 417776 727768 766141 755253 587618 1.54366e+06 1.22793e+06 3.80433e+06 3.4268e+06 2.13706e+06 3.47967e+06 3.24534e+06 2.09282e+06 3.66476e+06 2.56053e+06 2.0092e+06 3.03277e+06 3.42906e+06 2.24719e+06 1.48448e+06 1.9977e+06
Ftot
 0.229795 0.438086 0.443299 1.10677 0.718948 0.564149 1.2836 0.323203 1.29424 1.29203 0.200823 0.711799 0.662561 1.22003 0.968889 0.582267 0.353327 0.343695 0.449003 0.449331 0.352055 0.428545 0.25946 0.241495 0.237055 0.206329 0.250715 0.186011 0.167584 0.29076 0.356446
BD_Bspro_t
 0.964145 0.756931 0.544947 0.401908 0.232246 0.234644 0.477143 0.215995 0.205208 0.166274 0.230572 0.547319 0.450271 0.352429 0.23076 0.271336 0.552013 0.479747 0.644412 0.531583 0.47256 0.53916 0.562676 0.522205 0.650431 0.647454 0.634817 0.701048 0.774837 0.681755 0.55794
BD_Bspro
 2.2644 1.38852 0.668384 0.325766 0.15071 0.111815 0.535105 0.193594 0.130624 0.0800363 0.0935954 0.283793 0.325487 0.255583 0.143772 0.17335 0.954379 0.742862 1.95055 1.3784 1.28459 1.69382 1.6488 1.18429 1.78815 1.38611 1.02786 1.24241 1.99063 1.22699 0.607223
BD_Bo
 1.1744 0.720136 0.346647 0.168953 0.0781634 0.0579911 0.277524 0.100405 0.0677459 0.0415096 0.0485418 0.147185 0.168809 0.132554 0.0745654 0.0899052 0.494974 0.385274 1.01162 0.714887 0.666231 0.878475 0.855123 0.614215 0.927394 0.718885 0.533082 0.644359 1.03241 0.636359 0.314927
BD_Brms
 5.66796 3.47557 1.67301 0.815415 0.377237 0.27988 1.33941 0.48458 0.32696 0.200336 0.234276 0.710353 0.814718 0.639743 0.359873 0.433906 2.38888 1.85943 4.88237 3.45023 3.21541 4.23976 4.12705 2.96437 4.47585 3.46953 2.5728 3.10985 4.98268 3.07124 1.51992
Sel_flota
 0.615942 0.968225 0.998276 0.999909 0.999995
 0.615942 0.968225 0.998276 0.999909 0.999995
 0.615942 0.968225 0.998276 0.999909 0.999995
 0.615942 0.968225 0.998276 0.999909 0.999995
 0.615942 0.968225 0.998276 0.999909 0.999995
 0.615942 0.968225 0.998276 0.999909 0.999995
 0.615942 0.968225 0.998276 0.999909 0.999995
 0.615942 0.968225 0.998276 0.999909 0.999995
 0.615942 0.968225 0.998276 0.999909 0.999995
 0.615942 0.968225 0.998276 0.999909 0.999995
 0.615942 0.968225 0.998276 0.999909 0.999995
 0.615942 0.968225 0.998276 0.999909 0.999995
 0.615942 0.968225 0.998276 0.999909 0.999995
 0.615942 0.968225 0.998276 0.999909 0.999995
 0.615942 0.968225 0.998276 0.999909 0.999995
 0.615942 0.968225 0.998276 0.999909 0.999995
 0.615942 0.968225 0.998276 0.999909 0.999995
 0.615942 0.968225 0.998276 0.999909 0.999995
 0.615942 0.968225 0.998276 0.999909 0.999995
 0.615942 0.968225 0.998276 0.999909 0.999995
 0.615942 0.968225 0.998276 0.999909 0.999995
 0.615942 0.968225 0.998276 0.999909 0.999995
 0.615942 0.968225 0.998276 0.999909 0.999995
 0.615942 0.968225 0.998276 0.999909 0.999995
 0.615942 0.968225 0.998276 0.999909 0.999995
 0.615942 0.968225 0.998276 0.999909 0.999995
 0.615942 0.968225 0.998276 0.999909 0.999995
 0.615942 0.968225 0.998276 0.999909 0.999995
 0.615942 0.968225 0.998276 0.999909 0.999995
 0.615942 0.968225 0.998276 0.999909 0.999995
 0.615942 0.968225 0.998276 0.999909 0.999995
Sel_reclas
 1 1 1 1 1
 1 1 1 1 1
 1 1 1 1 1
 1 1 1 1 1
 1 1 1 1 1
 1 1 1 1 1
 1 1 1 1 1
 1 1 1 1 1
 1 1 1 1 1
 1 1 1 1 1
 1 1 1 1 1
 1 1 1 1 1
 1 1 1 1 1
 1 1 1 1 1
 1 1 1 1 1
 1 1 1 1 1
 1 1 1 1 1
 1 1 1 1 1
 1 1 1 1 1
 1 1 1 1 1
 1 1 1 1 1
 1 1 1 1 1
 1 1 1 1 1
 1 1 1 1 1
 1 1 1 1 1
 1 1 1 1 1
 1 1 1 1 1
 1 1 1 1 1
 1 1 1 1 1
 1 1 1 1 1
 1 1 1 1 1
Sel_pelaces
 1 1 1 1 1
 1 1 1 1 1
 1 1 1 1 1
 1 1 1 1 1
 1 1 1 1 1
 1 1 1 1 1
 1 1 1 1 1
 1 1 1 1 1
 1 1 1 1 1
 1 1 1 1 1
 1 1 1 1 1
 1 1 1 1 1
 1 1 1 1 1
 1 1 1 1 1
 1 1 1 1 1
 1 1 1 1 1
 1 1 1 1 1
 1 1 1 1 1
 1 1 1 1 1
 1 1 1 1 1
 1 1 1 1 1
 1 1 1 1 1
 1 1 1 1 1
 1 1 1 1 1
 1 1 1 1 1
 1 1 1 1 1
 1 1 1 1 1
 1 1 1 1 1
 1 1 1 1 1
 1 1 1 1 1
 1 1 1 1 1
pf_obs 
 0.8446 0.082 0.0669 0.0065 0
 0.8095 0.147 0.0364 0.0071 0
 0.9664 0.0169 0.016 0.0007 0
 0.9276 0.0648 0.0075 0.0001 0
 0.7033 0.2144 0.0806 0.0017 0
 0.9318 0.0425 0.0243 0.0014 0
 0.5671 0.3108 0.0964 0.0239 0.0018
 0.0768 0.2599 0.5324 0.112 0.0189
 0.490249 0.384438 0.106611 0.0170017 0.00170017
 0.7925 0.1577 0.0466 0.003 0.0002
 0.840416 0.127587 0.0312969 0.00059994 9.999e-05
 0.8084 0.0986 0.0794 0.0134 0.0002
 0.7335 0.1905 0.0724 0.0035 0.0001
 0.4001 0.4547 0.1325 0.0127 0
 0.49795 0.308269 0.164784 0.0264974 0.00249975
 0.9179 0.0499 0.0305 0.0017 0
 0.2467 0.6533 0.0926 0.0074 0
 0.9418 0.0223 0.034 0.0019 0
 0.707729 0.231977 0.0356964 0.0245975 0
 0.517169 0.277429 0.184464 0.0207286 0.00020938
 0.811772 0.124168 0.05621 0.00726502 0.000585176
 0.764997 0.148141 0.077277 0.00933861 0.000247198
 0.163321 0.427699 0.378323 0.0303852 0.000271297
 0.753843 0.0900009 0.118128 0.0371064 0.000921714
 0.721811 0.176058 0.0630433 0.0369309 0.00215725
 0.143369 0.312575 0.442814 0.0836902 0.0175525
 0.692698 0.0596174 0.167031 0.0765114 0.00414204
 0.394062 0.376323 0.152708 0.0712218 0.00568511
 0.125707 0.32114 0.495352 0.0537591 0.00404204
 0.23352 0.215282 0.420074 0.123614 0.00750983
 0.774587 0.0839891 0.0768558 0.0609784 0.00358967
pf_pred 
 0.376864 0.210895 0.372523 0.0397174 9.46016e-07
 0.473927 0.26228 0.0912685 0.155929 0.0165954
 0.513877 0.295184 0.0970386 0.0325309 0.0613692
 0.529655 0.303541 0.102823 0.03255 0.0314312
 0.64127 0.248987 0.0721312 0.0232101 0.0144014
 0.941065 0.0450892 0.00973778 0.00270225 0.00140571
 0.336781 0.640453 0.0175834 0.00364781 0.00153548
 0.394555 0.309851 0.285981 0.00743028 0.00218371
 0.715003 0.149045 0.0707846 0.0630524 0.00211559
 0.88788 0.0945236 0.00945325 0.00424565 0.00389698
 0.849654 0.141741 0.00731795 0.00069252 0.000594685
 0.735785 0.237987 0.0247736 0.00123757 0.000217291
 0.656657 0.286347 0.0515532 0.00514107 0.000301214
 0.614608 0.298524 0.0729504 0.0125915 0.00132622
 0.738616 0.200494 0.0477357 0.0110515 0.00210228
 0.953906 0.0389542 0.00553795 0.00125635 0.000345286
 0.224728 0.754423 0.0177287 0.00242133 0.000698749
 0.912244 0.0284145 0.057801 0.00131078 0.000230238
 0.510408 0.463202 0.00875117 0.0171809 0.000457178
 0.509536 0.312957 0.168285 0.00306227 0.0061596
 0.734045 0.170126 0.0619741 0.0320992 0.00175535
 0.711715 0.236962 0.0332574 0.0116909 0.00637416
 0.190558 0.652767 0.129637 0.0175333 0.00950464
 0.733859 0.0736586 0.15624 0.029998 0.00624503
 0.554572 0.365096 0.0227804 0.046731 0.0108206
 0.345076 0.437524 0.179293 0.0108202 0.0272866
 0.737464 0.120666 0.0958132 0.0379963 0.00806097
 0.67475 0.267259 0.0271463 0.0208434 0.0100012
 0.216479 0.601917 0.150101 0.0147606 0.0167419
 0.274141 0.222141 0.389849 0.094145 0.0197236
 0.825725 0.0673486 0.0335206 0.0568359 0.0165699
pobs_RECLAS
 0 0 0 0 0
 0 0 0 0 0
 0 0 0 0 0
 0 0 0 0 0
 0 0 0 0 0
 0 0 0 0 0
 0 0 0 0 0
 0 0 0 0 0
 0 0 0 0 0
 0 0 0 0 0
 0.991045 0.00858322 0.000360255 1.14367e-05 0
 0.934742 0.0480273 0.0164251 0.00080598 0
 0.827803 0.169806 0.00239088 0 0
 0.941827 0.0461693 0.0120037 0 0
 0.791401 0.0380133 0.147996 0.0225897 0
 0.846168 0.0940531 0.0597789 0 0
 0.134021 0.677848 0.182769 0.00536245 0
 0.80878 0.0450904 0.141981 0.00414843 0
 0.846168 0.0940531 0.0597789 0 0
 0.905697 0.0802665 0.012482 0.00150086 5.37128e-05
 0.989698 0.0102097 9.19794e-05 0 0
 0.975433 0.0193895 0.00387452 0.00125025 5.28907e-05
 0.303575 0.632131 0.0575291 0.00676475 0
 0.966965 0.00978017 0.0227588 0.000495775 0
 0.843318 0.132988 0.00938335 0.0141283 0.000182051
 0.564624 0.303363 0.111486 0.0197234 0.00080311
 0.826376 0.0876187 0.0782897 0.00655872 0.00115652
 0.89761 0.0855135 0.0140674 0.00269457 0.000114338
 0.34875 0.467042 0.161289 0.0227151 0.000203297
 0.318654 0.224769 0.449479 0.00709798 0
 0.937255 0.0296025 0.0250945 0.00804832 0
ppred_RECLAS
 0.494475 0.174664 0.299032 0.0318287 7.58051e-07
 0.594177 0.205697 0.0693187 0.118225 0.0125815
 0.631284 0.226782 0.0721966 0.0241614 0.0455761
 0.655112 0.22546 0.073675 0.0232778 0.0224755
 0.745612 0.178397 0.0499787 0.0160531 0.00995968
 0.962808 0.0286745 0.00599366 0.00166034 0.000863633
 0.461864 0.520325 0.0137626 0.00284943 0.00119929
 0.51276 0.253209 0.226432 0.00587316 0.00172593
 0.811888 0.100174 0.0458299 0.0407418 0.00136686
 0.930824 0.0586652 0.00565198 0.00253333 0.00232504
 0.899588 0.0948324 0.00474593 0.000448374 0.000384996
 0.819236 0.163355 0.0164451 0.000820049 0.000143969
 0.756718 0.204008 0.03553 0.00353689 0.000207206
 0.729781 0.211044 0.0497096 0.00856314 0.000901833
 0.824489 0.135727 0.0312028 0.00721036 0.00137146
 0.97101 0.0246239 0.00338782 0.000767221 0.000210838
 0.315995 0.666174 0.0151661 0.00206782 0.000596679
 0.944144 0.0184757 0.0364113 0.000824317 0.000144778
 0.625524 0.354918 0.00649335 0.0127263 0.000338611
 0.626999 0.240769 0.125373 0.00227749 0.00458065
 0.816371 0.118826 0.0419348 0.0216831 0.00118563
 0.798693 0.166421 0.0226205 0.00793811 0.00432765
 0.273078 0.589776 0.113511 0.0153266 0.00830765
 0.817219 0.0517522 0.106391 0.0203929 0.00424505
 0.664928 0.276235 0.0167051 0.034211 0.00792088
 0.457302 0.366319 0.145507 0.00876663 0.0221058
 0.819188 0.084537 0.0650555 0.0257556 0.0054636
 0.767425 0.192187 0.0189232 0.0145054 0.00695945
 0.305475 0.537391 0.129914 0.0127542 0.0144649
 0.380093 0.193936 0.329804 0.0795107 0.0166562
 0.885042 0.045326 0.0218548 0.0369931 0.010784
pobs_PELACES
 0 0 0 0 0
 0 0 0 0 0
 0 0 0 0 0
 0 0 0 0 0
 0 0 0 0 0
 0 0 0 0 0
 0 0 0 0 0
 0 0 0 0 0
 0 0 0 0 0
 0 0 0 0 0
 0 0 0 0 0
 0 0 0 0 0
 0 0 0 0 0
 0 0 0 0 0
 0 0 0 0 0
 0 0 0 0 0
 0.505614 0.472636 0.0217494 0 0
 0 0 0 0 0
 0.443492 0.261883 0.143347 0.151278 0
 0.227955 0.32914 0.350689 0.0885471 0.00366901
 0.970185 0.0296113 0.000203453 0 0
 0.997202 0.00247181 0.000326279 0 0
 0.445219 0.490057 0.0546422 0.010081 0
 0.90214 0.0892962 0.00764917 0.000914606 0
 0 0 0 0 0
 0.581667 0.319106 0.0959925 0.00289975 0.000334073
 0.762889 0.0836404 0.116647 0.0363945 0.000428098
 0.88444 0.0763242 0.0277011 0.0115352 0
 0.521256 0.241999 0.230069 0.00667565 0
 0.616807 0.101726 0.260614 0.0208532 0
 0.833518 0.0704572 0.0857862 0.0102388 0
ppred_PELACES
 0.501528 0.172485 0.29463 0.0313563 7.46794e-07
 0.606926 0.199678 0.0669984 0.114241 0.0121573
 0.643595 0.219591 0.0696007 0.0232871 0.0439263
 0.684411 0.207106 0.0669386 0.0211368 0.0204076
 0.76153 0.167596 0.0466192 0.0149682 0.00928641
 0.96513 0.026919 0.00559533 0.00154953 0.000805979
 0.499201 0.484428 0.012651 0.00261749 0.00110163
 0.522526 0.248516 0.221525 0.00574487 0.00168821
 0.834646 0.0885964 0.0400163 0.0355488 0.00119259
 0.940004 0.0509812 0.00484916 0.00217198 0.00199332
 0.901687 0.0928602 0.00463799 0.000438128 0.000376197
 0.831264 0.152589 0.0152533 0.000760326 0.000133482
 0.770804 0.1924 0.033289 0.00331262 0.000194064
 0.757313 0.190046 0.0442254 0.0076134 0.000801783
 0.840492 0.123622 0.0281483 0.00650112 0.00123652
 0.972879 0.0230566 0.00315392 0.000714026 0.000196216
 0.32496 0.657503 0.0149163 0.00203338 0.000586736
 0.94633 0.0177931 0.0349468 0.000791017 0.000138928
 0.637724 0.343437 0.00625539 0.012257 0.000326119
 0.639497 0.23307 0.120825 0.00219433 0.00441333
 0.82261 0.114932 0.0404194 0.0208956 0.00114256
 0.806701 0.15992 0.0216448 0.00759395 0.00413997
 0.279205 0.585092 0.11232 0.0151637 0.00821928
 0.821629 0.050591 0.103755 0.0198851 0.00413932
 0.671135 0.271234 0.0163642 0.0335085 0.00775819
 0.463427 0.362427 0.143667 0.0086548 0.0218237
 0.823661 0.0825569 0.0633739 0.0250865 0.00532162
 0.77132 0.189031 0.0185781 0.0142394 0.0068318
 0.309705 0.534321 0.128958 0.0126591 0.014357
 0.388566 0.191669 0.325011 0.0783428 0.0164115
 0.88941 0.0437007 0.0209968 0.035534 0.0103585
pobs_pel_tallas
 0 0 0 0 0 0 0 0 0 0 0 0 0 0 0 0 0 0 0 0 0 0 0 0 0 0
 0 0 0 0 0 0 0 0 0 0 0 0 0 0 0 0 0 0 0 0 0 0 0 0 0 0
 0 0 0 0 0 0 0 0 0 0 0 0 0 0 0 0 0 0 0 0 0 0 0 0 0 0
 0 0 0 0 0 0 0 0 0 0 0 0 0 0 0 0 0 0 0 0 0 0 0 0 0 0
 0 0 0 0 0 0 0 0 0 0 0 0 0 0 0 0 0 0 0 0 0 0 0 0 0 0
 0 0 0 0 0 0 0 0 0 0 0 0 0 0 0 0 0 0 0 0 0 0 0 0 0 0
 0 0 0 0 0 0 0 0 0 0 0 0 0 0 0 0 0 0 0 0 0 0 0 0 0 0
 0 0 0 0 0 0 0 0 0 0 0 0 0 0 0 0 0 0 0 0 0 0 0 0 0 0
 0 0 0 0 0 0 0 0 0 0 0 0 0 0 0 0 0 0 0 0 0 0 0 0 0 0
 0 0 0 0 0 0 0 0 0 0 0 0 0 0 0 0 0 0 0 0 0 0 0 0 0 0
 0 0 0 0 0 0 0 0 0 0 0 0 0 0 0 0 0 0 0 0 0 0 0 0 0 0
 0 0 0 0 0 0 0 0 0 0 0 0 0 0 0 0 0 0 0 0 0 0 0 0 0 0
 0.00862536 0 0 0.000197151 0.00414017 0.0128641 0.00837892 0.0270097 0.101434 0.158115 0.152841 0.127902 0.109271 0.109419 0.0830992 0.0579132 0.0238553 0.00714673 0.00463305 0.00128148 0.00103504 0.000492878 0.000147863 0.000147863 4.92878e-05 0
 0 0 0 0 0 0 0 0 0 0 0 0 0 0 0 0 0 0 0 0 0 0 0 0 0 0
 0 0 0 0 0 0 0 0.0054083 0.00873648 0.0413646 0.0450493 0.0745869 0.0622846 0.0627006 0.0613931 0.0827291 0.12552 0.122667 0.0946155 0.0697135 0.0546179 0.0294188 0.0215738 0.0213955 0.0102223 0.00600262
 0 0 0 0 0.00359764 0.0251062 0.0480494 0.140153 0.205849 0.193036 0.1447 0.116669 0.0760912 0.0342217 0.00950174 0.001854 0.000860785 0 0 0 0.000165536 0 0.000143464 0 0 0
 0 0 0 0 0 0 0 0.000145254 0.000435761 0.0275982 0.070085 0.0708112 0.156366 0.174668 0.174014 0.160142 0.0824315 0.0480064 0.0283245 0.00493863 0.00203355 0 0 0 0 0
 0 0 0 0 0 0 0 0 0 0 0 0 0 0 0 0 0 0 0 0 0 0 0 0 0 0
 0 0 1.00437e-05 0.000401748 0.00122533 0.00171747 0.00176769 0.0269171 0.070346 0.194647 0.189555 0.159765 0.064822 0.0314167 0.0384472 0.0292271 0.0345202 0.0313363 0.0194345 0.0106764 0.0143323 0.0359363 0.0279516 0.0138201 0.00172751 0
 0 0.0021121 0.0136068 0.0755702 0.200478 0.177729 0.0527432 0.0373336 0.0318909 0.0142505 0.0149659 0.0166563 0.0217959 0.0798694 0.0677717 0.0528807 0.04013 0.0224614 0.0357745 0.0225083 0.00881397 0.00855152 0.00135912 0.000746735 0 0
 0 0 0 0 5.4009e-05 0.00500934 0.000945158 0.0243581 0.138947 0.33067 0.221406 0.137944 0.0707744 0.0437923 0.0131692 0.00525238 0.0047753 0.00276346 9.45158e-05 9.00151e-06 2.25038e-05 9.00151e-06 4.50075e-06 0 0 0
 0.000866109 0.00284123 0.00948549 0.0512746 0.133035 0.25785 0.225252 0.132002 0.0553304 0.0519788 0.0540692 0.017754 0.00435017 0.00159236 0.00146478 0.000404838 0.000125132 0.000115318 0.000107957 0.000100596 0 0 0 0 0 0
 0 0 0 0 0.00144013 0.00171154 0.00461396 0.0210425 0.0478622 0.0707936 0.0888783 0.103762 0.0637923 0.0337046 0.0602308 0.124433 0.169614 0.0934646 0.0462172 0.0250306 0.0313229 0.00938855 0.002487 0.000210481 0 0
 0 0.00764035 0.051015 0.0998891 0.058973 0.0496711 0.0374665 0.0718981 0.12319 0.153886 0.159021 0.0857701 0.0377988 0.023471 0.0147837 0.00900784 0.00315554 0.000888139 0.00291439 0.00214683 0.00393193 0.00274676 0.000635225 9.99891e-05 0 0
 0 0 0 0 0 0 0 0 0 0 0 0 0 0 0 0 0 0 0 0 0 0 0 0 0 0
 0 0 0 0 0 0 0 0 0 0 0 0 0 0 0 0 0 0 0 0 0 0 0 0 0 0
 0 0 0 0 0 0 0 0 0 0 0 0 0 0 0 0 0 0 0 0 0 0 0 0 0 0
 0 0 0 0 0 0 0 0 0 0 0 0 0 0 0 0 0 0 0 0 0 0 0 0 0 0
 0 0 0 0 0 0 0 0 0 0 0 0 0 0 0 0 0 0 0 0 0 0 0 0 0 0
 0 0 0 0 0 0 0 0 0 0 0 0 0 0 0 0 0 0 0 0 0 0 0 0 0 0
 0 0 0 0 0 0 0 0 0 0 0 0 0 0 0 0 0 0 0 0 0 0 0 0 0 0
ppred_pel_tallas
 1.11692e-16 4.13102e-05 0.00040155 0.00266844 0.0121304 0.0377422 0.0804143 0.117371 0.117388 0.0804978 0.0380238 0.0129493 0.00474452 0.00500137 0.00897542 0.0152892 0.0232219 0.0317017 0.0395744 0.0461719 0.0514499 0.0555078 0.0579848 0.057992 0.0547 0.0480577
 1.15499e-16 4.99917e-05 0.000485937 0.00322922 0.0146796 0.0456738 0.0973135 0.142036 0.142055 0.0974081 0.0459916 0.0155991 0.00554287 0.00555532 0.00973453 0.0161693 0.0236693 0.0306129 0.0354269 0.0375104 0.0376141 0.03726 0.0376393 0.0388581 0.0400118 0.0398729
 1.11834e-16 5.30121e-05 0.000515296 0.00342433 0.0155665 0.0484333 0.103193 0.150618 0.150639 0.103297 0.0487821 0.0165749 0.0059594 0.00606218 0.010626 0.0175862 0.0255778 0.0327087 0.0371037 0.0379546 0.0360051 0.0329983 0.0305317 0.0292158 0.0286407 0.027934
 1.07558e-16 5.63741e-05 0.000547976 0.0036415 0.0165537 0.0515049 0.109737 0.160169 0.160189 0.109835 0.0518338 0.0175046 0.00603167 0.005777 0.0100207 0.0165658 0.0240698 0.0307221 0.0347188 0.0352482 0.0329549 0.0294378 0.0261979 0.0238728 0.0222145 0.0205946
 1.04461e-16 6.27263e-05 0.000609722 0.00405182 0.018419 0.0573084 0.122102 0.178215 0.178231 0.122181 0.0575742 0.0191874 0.00598273 0.00483165 0.00810089 0.013346 0.0193447 0.0245942 0.0276065 0.027703 0.0254019 0.0220213 0.0188317 0.016427 0.0146893 0.0131764
 1.00461e-16 7.94965e-05 0.000772734 0.00513509 0.0233434 0.0726299 0.154746 0.225857 0.225859 0.154759 0.0726726 0.0234666 0.00544444 0.00144856 0.00136455 0.00213407 0.00307598 0.00388813 0.0043218 0.0042643 0.00380016 0.00314934 0.00253056 0.00205714 0.00172598 0.00147505
 1.00938e-16 4.11187e-05 0.000399688 0.00265607 0.0120741 0.0375674 0.080043 0.116835 0.116881 0.0802706 0.0383315 0.01428 0.00818862 0.0124624 0.0229067 0.0376894 0.0540192 0.0673625 0.0731289 0.0692044 0.0572421 0.0416171 0.0269117 0.0158602 0.00891573 0.00511126
 1.07319e-16 4.30398e-05 0.000418363 0.00278017 0.0126383 0.0393224 0.0837815 0.122287 0.122311 0.0839001 0.0397214 0.0137942 0.00569549 0.00682762 0.012347 0.0206855 0.0305848 0.0400969 0.0471914 0.0508113 0.0513092 0.0498502 0.0473545 0.0439402 0.0392332 0.0330758
 1.04945e-16 6.87487e-05 0.000668262 0.00444083 0.0201874 0.0628105 0.133825 0.195323 0.195332 0.133867 0.0629518 0.0205961 0.00546942 0.00292302 0.00437889 0.00720509 0.0105518 0.0136564 0.0157979 0.0166687 0.0165425 0.016034 0.0156427 0.015452 0.0151747 0.0144332
 1.00709e-16 7.74269e-05 0.000752617 0.00500141 0.0227357 0.0707391 0.150717 0.219977 0.219982 0.150741 0.0708197 0.0229683 0.00558518 0.00202655 0.00249554 0.00399978 0.00574695 0.00721236 0.00792032 0.00765668 0.00659494 0.00518138 0.00387013 0.00291214 0.0023194 0.00196579
 1.00266e-16 7.42708e-05 0.000721939 0.00479754 0.0218089 0.0678557 0.144574 0.211012 0.211021 0.144618 0.0680022 0.022232 0.00585886 0.00303652 0.00446326 0.00724321 0.0103847 0.0129697 0.0141177 0.0134236 0.0111995 0.00827315 0.00550849 0.00341655 0.00207782 0.00130983
 1.00579e-16 6.84701e-05 0.000665554 0.00442284 0.0201056 0.0625561 0.133283 0.194533 0.194548 0.133355 0.0627971 0.0208017 0.00616953 0.00447662 0.00730055 0.0119453 0.0171638 0.0215036 0.0235316 0.0225817 0.0191477 0.0145506 0.0101595 0.00677076 0.00449947 0.00306326
 1.01375e-16 6.34902e-05 0.000617147 0.00410116 0.0186433 0.0580063 0.123589 0.180386 0.180405 0.12368 0.0583107 0.0195226 0.00630879 0.00543755 0.00922155 0.0151526 0.0218394 0.0274974 0.0303458 0.0295512 0.025707 0.0204081 0.0152823 0.0112386 0.00836686 0.00631857
 1.02225e-16 6.23789e-05 0.000606346 0.00402938 0.018317 0.056991 0.121426 0.177229 0.177247 0.121516 0.0572921 0.019187 0.00621447 0.00538069 0.00914219 0.0150475 0.0217454 0.0275002 0.0305789 0.0301695 0.0268401 0.0221107 0.017503 0.0138226 0.0110921 0.00894959
 1.01706e-16 6.92302e-05 0.000672942 0.00447194 0.0203288 0.0632505 0.134762 0.196692 0.196704 0.134821 0.0634463 0.0208947 0.00589327 0.00377851 0.00597546 0.00979045 0.0141467 0.0178941 0.0199066 0.0196609 0.0175323 0.014514 0.011596 0.00929532 0.00761179 0.00629133
 1.00202e-16 8.01348e-05 0.000778939 0.00517632 0.0235308 0.0732131 0.155988 0.22767 0.227672 0.155999 0.0732495 0.0236361 0.00544062 0.00135587 0.00117573 0.00181661 0.00260843 0.00327846 0.00360858 0.00349969 0.0030258 0.00238259 0.00176983 0.00129903 0.000979684 0.000764652
 1.00902e-16 2.67667e-05 0.000260182 0.001729 0.00785983 0.0244552 0.0521067 0.0760645 0.0761277 0.0524157 0.0254922 0.0108535 0.00923721 0.0166298 0.031054 0.0511345 0.0732788 0.0913496 0.0991106 0.093687 0.0773234 0.0559672 0.035857 0.0207282 0.0112191 0.00603232
 1.01116e-16 7.7948e-05 0.000757682 0.00503506 0.0228887 0.0712151 0.151731 0.221457 0.221459 0.15174 0.0712443 0.0229736 0.00525063 0.00123616 0.00100975 0.00160589 0.00244468 0.00336181 0.00423613 0.00499397 0.0056164 0.00609084 0.00635627 0.00630741 0.00586424 0.00504636
 1.01553e-16 5.25286e-05 0.000510596 0.00339309 0.0154245 0.0479916 0.102252 0.149247 0.14928 0.102414 0.0485333 0.0169884 0.00731539 0.00906262 0.016264 0.0267255 0.0383101 0.0477935 0.0519343 0.0492546 0.0409487 0.0301318 0.0200439 0.0125834 0.00800336 0.00554051
 1.04514e-16 5.26746e-05 0.000512016 0.00340253 0.0154674 0.048125 0.102536 0.149659 0.149682 0.102647 0.0484963 0.0165417 0.00610554 0.00643375 0.0113604 0.0188567 0.0275263 0.0353742 0.0403667 0.0415056 0.0393279 0.0353685 0.0310723 0.027067 0.0232364 0.0192773
 1.03485e-16 6.77573e-05 0.000658625 0.0043768 0.0198963 0.0619048 0.131895 0.192507 0.192518 0.13195 0.0620875 0.0204244 0.00570468 0.00356466 0.00560839 0.0092216 0.0134128 0.0171553 0.0194507 0.0198449 0.0186775 0.0168013 0.0150047 0.0136032 0.0124473 0.0112164
 1.02128e-16 6.64469e-05 0.000645888 0.00429215 0.0195115 0.0607076 0.129345 0.188785 0.188801 0.12942 0.0609605 0.0202419 0.00612562 0.00464844 0.00766834 0.0125732 0.018109 0.0227812 0.0251157 0.0244385 0.0212749 0.0169886 0.0129597 0.00993995 0.00795793 0.00664224
 1.06303e-16 2.29978e-05 0.000223547 0.00148555 0.00675314 0.0210118 0.04477 0.065355 0.0654114 0.0450458 0.021938 0.00942875 0.00820382 0.0148965 0.02791 0.0461568 0.0666092 0.0840111 0.0929961 0.0910591 0.0800058 0.0646454 0.0498411 0.0382408 0.0300012 0.023977
 1.05702e-16 6.76765e-05 0.00065784 0.00437158 0.0198726 0.0618309 0.131738 0.192276 0.192281 0.131762 0.0619142 0.0201151 0.0049879 0.00202844 0.00274458 0.00462353 0.00710581 0.00988244 0.0126638 0.0152871 0.0177264 0.019932 0.021656 0.0224649 0.0219623 0.0200485
 1.05215e-16 5.52805e-05 0.000537346 0.00357086 0.0162326 0.0505058 0.107609 0.157064 0.15709 0.107737 0.0509342 0.0174697 0.00667524 0.00731114 0.0129114 0.0212375 0.0305464 0.0383408 0.0421335 0.0408257 0.0353914 0.0282488 0.0218203 0.0173839 0.0148811 0.0134873
 1.088e-16 3.8172e-05 0.000371045 0.00246573 0.0112089 0.0348751 0.0743064 0.10846 0.108495 0.0744779 0.0354513 0.0128748 0.0066545 0.00953831 0.0175163 0.0290743 0.0422911 0.0540421 0.0611375 0.0620671 0.0578158 0.0510206 0.0442061 0.038532 0.0337978 0.0292826
 1.05267e-16 6.78439e-05 0.000659467 0.00438239 0.0199217 0.0619839 0.132063 0.192752 0.19276 0.132103 0.0621163 0.0203053 0.00534963 0.00278558 0.00414893 0.00686555 0.0101524 0.0133368 0.0157771 0.0171812 0.0177399 0.0179022 0.0179816 0.0179348 0.0174587 0.0162699
 1.03169e-16 6.35326e-05 0.00061756 0.0041039 0.0186558 0.0580451 0.123672 0.180507 0.180525 0.123761 0.0583438 0.0195185 0.00626922 0.00534337 0.00903578 0.0148306 0.0213442 0.0268184 0.0295146 0.028651 0.0248786 0.0198483 0.0152242 0.0119011 0.00987871 0.00864979
 1.07558e-16 2.55101e-05 0.000247968 0.00164783 0.00749085 0.0233071 0.0496601 0.0724912 0.0725428 0.0499122 0.0241537 0.00993733 0.00779279 0.0136755 0.0255649 0.0423226 0.0611947 0.0774309 0.0861783 0.0851642 0.0759906 0.0629292 0.0502499 0.0402019 0.0328237 0.0270641
 1.20063e-16 3.20057e-05 0.000311107 0.00206741 0.00939817 0.0292413 0.0623024 0.0909361 0.0909551 0.0623953 0.0295546 0.0103094 0.00437848 0.00543523 0.00999613 0.0170843 0.0260357 0.0357409 0.045023 0.053269 0.0605474 0.0670138 0.0721712 0.0747554 0.0734172 0.0676294
 1.05934e-16 7.32595e-05 0.000712109 0.00473221 0.021512 0.0669317 0.142605 0.208137 0.208142 0.142626 0.0670016 0.0217143 0.00524222 0.00183234 0.00222171 0.00361412 0.00533971 0.00702721 0.00837037 0.00927773 0.00993518 0.0106587 0.0116402 0.0127838 0.013746 0.0141233
pSPR Fmed_Fpbrs
0.505589   0.257199 0.257199
Fs Fmed_Fpbrs
0.439109   1.005 1.005
SSBpbr Bo_Bmed_Bpbrs
1.65614e+06  754517  343150 343150
Ro
120165
SPR SPRFo_SPRFmed_SPRFpbrs
858930 434265 220916
Fref
1.005
Nvult_r0
 153426 8780.43 4272.37 7235.3 2109.24
CTP_r0
 27620.5 2252.81 1121.26 1901.16 554.264
YTP_r0
391233
Np
 184004 64311.5 3093.17 1483.47 3156.89
Nvult_p0
 147554 55370.2 2675.92 1283.69 2731.78
CTP_p0
 56416.3 27307.2 1340.14 643.414 1369.29
YTP_p0
 961312
CBA_c0
562257
log_Ro
11.5166
likeval ReclasPelacesDesembMPH_pf_preclas_ppelaces_ptallas_desvR_qrecl_qpela
 15.3936 27.7785 0.0365097 0.00220563 245.638 117.204 101.097 0 40.1795 0 0 0.0956104 0 0 0
q_reclas_q_pelaces
1 1
M
1
N
 123723 45508 78181.1 8323.1 0.19823
 105648 39508.1 13401.9 22865.5 2433.39
 76398.1 29674.1 9509.95 3183.77 6005.71
 51143.1 21389.8 7106.88 2247.47 2170.1
 35039.7 9515.53 2694.77 866.066 537.342
 251672 8278.42 1745.12 483.65 251.578
 46310.4 65408 1763.73 365.549 153.864
 14782 7727.2 6943.69 180.152 52.9415
 28755.3 4456.38 2078.85 1850.01 62.0698
 60237.3 4766.67 468.238 210.095 192.832
 91554.1 9998.92 501.913 47.4262 40.7229
 131671 29762.1 3028.4 151.101 26.5284
 103132 31245.6 5496.18 547.421 32.0712
 70364.4 25226.8 6051.88 1043.56 109.909
 62532.1 12209.6 2848.08 658.656 125.286
 450771 12665.8 1757.9 398.291 109.456
 51638 115852 2651.53 361.626 104.351
 735031 15281.3 30271.8 685.517 120.402
 356321 218813 4030.36 7901.98 210.254
 239184 99411.9 52116.4 947.078 1904.86
 430812 66717.7 23670.2 12242.6 669.439
 567816 127590 17454.6 6127.4 3340.56
 70962.4 160427 30997.2 4186.21 2269.12
 336716 22249.9 45907.2 8801.17 1832.1
 246452 106750 6478.68 13270.5 3072.56
 94315.9 78347.5 31217.2 1881.12 4743.46
 283305 30556 23603.2 9346.45 1982.71
 345124 89308.8 8818.17 6760.51 3243.6
 62486.9 113220 27439.9 2694.26 3055.66
 38606 20733.2 35412.8 8539.51 1788.92
 217737 11873.6 5755.84 9745.6 2841.02
pred_Ctot
 10441.9 5843.3 10321.6 1100.46 0.0262115
 16144.1 8934.49 3109.03 5311.66 565.316
 11798.3 6777.27 2227.95 746.892 1409
 16874.4 9670.56 3275.85 1037.02 1001.37
 8213.51 3189.08 923.871 297.28 184.456
 48033 2301.4 497.026 137.926 71.7492
 17035.8 32396.9 889.445 184.522 77.6712
 1714.29 1346.27 1242.55 32.2837 9.48795
 10640.7 2218.09 1053.42 938.348 31.4842
 22263.1 2370.13 237.035 106.457 97.7147
 6802.02 1134.73 58.5849 5.54406 4.76083
 30609.2 9900.42 1030.6 51.4838 9.03945
 22578.6 9845.8 1772.61 176.771 10.357
 24951.3 12119.2 2961.57 511.179 53.8407
 18637 5058.95 1204.48 278.856 53.0455
 88408.8 3610.31 513.262 116.44 32.0014
 6498.1 21814.4 512.633 70.0136 20.2046
 90188.8 2809.19 5714.48 129.59 22.7624
 55657.9 50510.3 954.279 1873.51 49.8534
 37385.2 22962 12347.2 224.682 451.936
 54034.8 12523.4 4562.06 2362.9 129.215
 85077.2 28326 3975.54 1397.51 761.956
 6712.18 22993 4566.33 617.593 334.79
 29777.4 2988.81 6339.66 1217.21 253.401
 21418 14100.3 879.795 1804.78 417.9
 7189.36 9115.43 3735.41 225.43 568.492
 25950.6 4246.1 3371.57 1337.05 283.657
 23838.6 9442.11 959.064 736.385 353.336
 3906.65 10862.4 2708.78 266.374 302.129
 4060.36 3290.18 5774.14 1394.4 292.131
 27620.5 2252.81 1121.26 1901.16 554.264
F
 0.14154 0.222493 0.229399 0.229774 0.229794
 0.269836 0.424166 0.437331 0.438046 0.438084
 0.273046 0.429213 0.442534 0.443258 0.443296
 0.681703 1.0716 1.10486 1.10666 1.10676
 0.44283 0.696104 0.717708 0.718882 0.718944
 0.347483 0.546223 0.563176 0.564098 0.564146
 0.79062 1.24281 1.28138 1.28348 1.28359
 0.199074 0.312933 0.322646 0.323173 0.323201
 0.797176 1.25312 1.29201 1.29412 1.29423
 0.795815 1.25098 1.2898 1.29191 1.29202
 0.123696 0.194442 0.200477 0.200805 0.200822
 0.438427 0.689182 0.710572 0.711734 0.711796
 0.408099 0.641508 0.661419 0.662501 0.662558
 0.751465 1.18126 1.21792 1.21992 1.22002
 0.596779 0.938103 0.967218 0.9688 0.968884
 0.358643 0.563766 0.581263 0.582214 0.582264
 0.217629 0.3421 0.352718 0.353295 0.353325
 0.211696 0.332774 0.343103 0.343664 0.343693
 0.27656 0.434736 0.448229 0.448962 0.449001
 0.276762 0.435053 0.448556 0.44929 0.449329
 0.216845 0.340868 0.351448 0.352023 0.352053
 0.263959 0.414929 0.427807 0.428507 0.428543
 0.159812 0.251216 0.259013 0.259437 0.259459
 0.148747 0.233822 0.241079 0.241473 0.241494
 0.146012 0.229523 0.236647 0.237034 0.237054
 0.127087 0.199773 0.205974 0.206311 0.206328
 0.154426 0.242748 0.250282 0.250692 0.250713
 0.114572 0.180101 0.185691 0.185995 0.186011
 0.103222 0.162259 0.167295 0.167569 0.167583
 0.179091 0.281521 0.290258 0.290733 0.290758
 0.21955 0.34512 0.355832 0.356414 0.356444
nmprior
 8.19 8.8 8.5 0
nm_flota  nm_reclas  nm_pelaces    nm_pelaL
inf 15.1401 10.7759 21.9882
cv_recla  cv_pelaces  cv_mph
0.354891 0.597622 1.44935
 ------------------------------------------------
Talla a la edad & desviaci?n 
 8 13.2811 15.8009 17.003 17.5766
 0.8 1.32811 1.58009 1.7003 1.75766
