years
 1991 1992 1993 1994 1995 1996 1997 1998 1999 2000 2001 2002 2003 2004 2005 2006 2007 2008 2009 2010 2011 2012 2013 2014 2015 2016 2017 2018 2019 2020 2021
reclasobs
 0 0 0 0 0 0 0 0 0 252601 567819 844713 477998 351125 339783 2.1784e+06 2.13404e+06 4.81314e+06 1.55562e+06 2.62356e+06 3.21686e+06 3.843e+06 1.13348e+06 3.07943e+06 1.97215e+06 2.03268e+06 2.025e+06 2.42433e+06 2.27542e+06 1.05018e+06 2.36338e+06
reclaspred
 1.33582e+06 1.07731e+06 436869 164679 68939.7 414107 180385 23540.6 179245 177374 268857 496784 470624 232645 457312 735772 885040 1.67024e+06 1.647e+06 1.40969e+06 2.56212e+06 1.91183e+06 1.47803e+06 2.07179e+06 1.94762e+06 1.36863e+06 1.49646e+06 1.98923e+06 2.20817e+06 946075 869004
pelacesobs
 0 0 0 0 0 0 0 0 0 0 0 0 0 0 0 552880 188675 0 991730 2.46772e+06 1.41603e+06 1.21717e+06 2.29649e+06 1.80582e+06 0 1.4828e+06 1.56532e+06 1.57751e+06 1.42118e+06 867257 1.10002e+06
pelacespred
 504225 462648 200046 54001.1 19968 178163 44752.2 7278.13 73352.1 66595.3 126251 195182 197557 93014.3 227299 301628 353603 742659 758199 620919 1.03473e+06 916738 670250 1.05205e+06 988154 669124 835112 1.1012e+06 1.0055e+06 521096 439774
mphobs
 0 0 0 0 0 0 0 0 0 0 0 498337 0 5186 125008 0 168611 109162 213762 579715 649985 157893 87575 83554 0 0 0 0 0 0 0
mphpred
 780506 1.20867e+06 540007 160716 91922 25117.4 351578 32856.3 7501.23 174528 90658.7 321593 399029 250877 113729 449141 683279 700388 1.47179e+06 1.06643e+06 1.51128e+06 1.74457e+06 1.49514e+06 923785 1.91958e+06 1.37424e+06 808738 1.25736e+06 2.12277e+06 1.20738e+06 475036
desembarqueobs
 494567 514787 250237 358949 120608 361735 552515 73892 212993 205616 52469 317467 293654 387597 252695 516296 358380 742168 942051 627588 828172 859565 418607 520667 417249 300574 407403 355545 319650 289779 391294
desembarquepred
 494348 521268 246193 358821 120400 360909 551166 73892.1 212791 205649 52444 317096 293341 386829 252780 515400 358897 742286 941739 627769 828990 859408 418411 520624 417451 300120 408410 355655 319355 290811 393048
Reclutas
 413896 6470.16 14774.5 87417.1 5068.69 248153 4046.5 4467.48 71161.1 32484.1 120680 158210 86427.2 54405.9 157761 303118 107272 626171 351636 418330 428407 526858 29840.3 456190 232280 47353.9 360140 418246 23655.7 12057.6 226124
log_desv_Rt
 1.53903 -2.61938 -1.79368 -0.0158939 -2.8635 1.02746 -3.08873 -2.98976 -0.221638 -1.00583 0.306556 0.577336 -0.0272823 -0.490113 0.574499 1.22754 0.188786 1.95304 1.37601 1.54969 1.57349 1.78035 -1.09073 1.63633 0.961359 -0.628936 1.39991 1.54948 -1.32298 -1.99689 0.934501
SSB
 780506 1.20867e+06 540007 160716 91922 25117.4 351578 32856.3 7501.23 174528 90658.7 321593 399029 250877 113729 449141 683279 700388 1.47179e+06 1.06643e+06 1.51128e+06 1.74457e+06 1.49514e+06 923785 1.91958e+06 1.37424e+06 808738 1.25736e+06 2.12277e+06 1.20738e+06 475036
BT
 1.96149e+06 1.54165e+06 711612 520592 147607 1.12538e+06 588673 96826 522816 386672 531969 904812 849921 709971 1.20193e+06 1.4933e+06 1.2915e+06 3.44561e+06 3.17938e+06 2.46664e+06 3.96086e+06 3.50562e+06 1.9828e+06 4.41063e+06 2.97713e+06 1.95103e+06 3.47395e+06 4.10925e+06 2.61732e+06 1.5426e+06 1.99837e+06
Ftot
 0.346462 0.44431 0.513544 1.75136 1.39909 0.802094 2.10878 2.2515 1.07565 1.0038 0.185252 0.584088 0.568484 1.38114 0.515205 0.640449 0.376978 0.414782 0.524379 0.413935 0.303201 0.416834 0.265197 0.237537 0.202276 0.206691 0.257549 0.16966 0.13713 0.287253 0.421991
BD_Bspro_t
 0.946074 0.744256 0.483405 0.25618 0.172705 0.0757176 0.391192 0.0538488 0.019896 0.330834 0.257674 0.631427 0.544321 0.383515 0.229122 0.516715 0.525915 0.521639 0.624469 0.518667 0.552766 0.583684 0.580562 0.510908 0.706683 0.685475 0.626295 0.736911 0.812071 0.711226 0.5419
BD_Bspro
 1.22941 1.90383 0.85059 0.253151 0.144791 0.0395636 0.553786 0.0517535 0.0118155 0.274907 0.142801 0.506556 0.62853 0.395168 0.17914 0.707462 1.07626 1.10321 2.31828 1.67978 2.38049 2.74796 2.35506 1.4551 3.02362 2.16463 1.27388 1.98053 3.34368 1.9018 0.748251
BD_Bo
 0.457273 0.708118 0.316372 0.0941583 0.0538541 0.0147155 0.205978 0.0192494 0.00439473 0.10225 0.053114 0.188411 0.233778 0.146981 0.0666301 0.263137 0.400311 0.410335 0.862273 0.624785 0.88541 1.02209 0.875954 0.541215 1.12462 0.805122 0.473813 0.736647 1.24366 0.707365 0.278308
BD_Brms
 1.94111 3.00595 1.34299 0.3997 0.22861 0.0624669 0.874372 0.0817135 0.0186555 0.43405 0.225468 0.799801 0.992384 0.62393 0.282844 1.11701 1.69931 1.74186 3.66033 2.6522 3.75855 4.33875 3.71841 2.29745 4.77399 3.41773 2.01133 3.12705 5.27933 3.00275 1.18141
Sel_flota
 0.5 1 1 1 1
 0.5 1 1 1 1
 0.5 1 1 1 1
 0.5 1 1 1 1
 0.5 1 1 1 1
 0.5 1 1 1 1
 0.5 1 1 1 1
 0.5 1 1 1 1
 0.5 1 1 1 1
 0.5 1 1 1 1
 0.5 1 1 1 1
 0.5 1 1 1 1
 0.5 1 1 1 1
 0.5 1 1 1 1
 0.5 1 1 1 1
 0.5 1 1 1 1
 0.5 1 1 1 1
 0.5 1 1 1 1
 0.5 1 1 1 1
 0.5 1 1 1 1
 0.5 1 1 1 1
 0.5 1 1 1 1
 0.5 1 1 1 1
 0.5 1 1 1 1
 0.5 1 1 1 1
 0.5 1 1 1 1
 0.5 1 1 1 1
 0.5 1 1 1 1
 0.5 1 1 1 1
 0.5 1 1 1 1
 0.5 1 1 1 1
Sel_reclas
 0.5 1 1 1 1
 0.5 1 1 1 1
 0.5 1 1 1 1
 0.5 1 1 1 1
 0.5 1 1 1 1
 0.5 1 1 1 1
 0.5 1 1 1 1
 0.5 1 1 1 1
 0.5 1 1 1 1
 0.5 1 1 1 1
 0.5 1 1 1 1
 0.5 1 1 1 1
 0.5 1 1 1 1
 0.5 1 1 1 1
 0.5 1 1 1 1
 0.5 1 1 1 1
 0.5 1 1 1 1
 0.5 1 1 1 1
 0.5 1 1 1 1
 0.5 1 1 1 1
 0.5 1 1 1 1
 0.5 1 1 1 1
 0.5 1 1 1 1
 0.5 1 1 1 1
 0.5 1 1 1 1
 0.5 1 1 1 1
 0.5 1 1 1 1
 0.5 1 1 1 1
 0.5 1 1 1 1
 0.5 1 1 1 1
 0.5 1 1 1 1
Sel_pelaces
 0.5 1 1 1 1
 0.5 1 1 1 1
 0.5 1 1 1 1
 0.5 1 1 1 1
 0.5 1 1 1 1
 0.5 1 1 1 1
 0.5 1 1 1 1
 0.5 1 1 1 1
 0.5 1 1 1 1
 0.5 1 1 1 1
 0.5 1 1 1 1
 0.5 1 1 1 1
 0.5 1 1 1 1
 0.5 1 1 1 1
 0.5 1 1 1 1
 0.5 1 1 1 1
 0.5 1 1 1 1
 0.5 1 1 1 1
 0.5 1 1 1 1
 0.5 1 1 1 1
 0.5 1 1 1 1
 0.5 1 1 1 1
 0.5 1 1 1 1
 0.5 1 1 1 1
 0.5 1 1 1 1
 0.5 1 1 1 1
 0.5 1 1 1 1
 0.5 1 1 1 1
 0.5 1 1 1 1
 0.5 1 1 1 1
 0.5 1 1 1 1
pf_obs 
 0.8446 0.082 0.0669 0.0065 0
 0.8095 0.147 0.0364 0.0071 0
 0.9664 0.0169 0.016 0.0007 0
 0.9276 0.0648 0.0075 0.0001 0
 0.7033 0.2144 0.0806 0.0017 0
 0.9318 0.0425 0.0243 0.0014 0
 0.5671 0.3108 0.0964 0.0239 0.0018
 0.0768 0.2599 0.5324 0.112 0.0189
 0.490249 0.384438 0.106611 0.0170017 0.00170017
 0.7925 0.1577 0.0466 0.003 0.0002
 0.840416 0.127587 0.0312969 0.00059994 9.999e-05
 0.8084 0.0986 0.0794 0.0134 0.0002
 0.7335 0.1905 0.0724 0.0035 0.0001
 0.4001 0.4547 0.1325 0.0127 0
 0.49795 0.308269 0.164784 0.0264974 0.00249975
 0.9179 0.0499 0.0305 0.0017 0
 0.2467 0.6533 0.0926 0.0074 0
 0.9418 0.0223 0.034 0.0019 0
 0.707729 0.231977 0.0356964 0.0245975 0
 0.517169 0.277429 0.184464 0.0207286 0.00020938
 0.811772 0.124168 0.05621 0.00726502 0.000585176
 0.764997 0.148141 0.077277 0.00933861 0.000247198
 0.163321 0.427699 0.378323 0.0303852 0.000271297
 0.753843 0.0900009 0.118128 0.0371064 0.000921714
 0.721811 0.176058 0.0630433 0.0369309 0.00215725
 0.143369 0.312575 0.442814 0.0836902 0.0175525
 0.692698 0.0596174 0.167031 0.0765114 0.00414204
 0.394062 0.376323 0.152708 0.0712218 0.00568511
 0.125707 0.32114 0.495352 0.0537591 0.00404204
 0.23352 0.215282 0.420074 0.123614 0.00750983
 0.774587 0.0839891 0.0768558 0.0609784 0.00358967
pf_pred 
 0.781785 0.137938 0.0507445 0.0186679 0.0108643
 0.0239006 0.867078 0.0689146 0.0253523 0.0147544
 0.185182 0.0432486 0.685393 0.0544744 0.0317028
 0.827256 0.0599769 0.00598543 0.0948556 0.0119266
 0.184961 0.770572 0.015439 0.00154074 0.0274873
 0.984868 0.00633419 0.00831736 0.000166644 0.000313322
 0.0434604 0.950861 0.00237694 0.00312113 0.00018011
 0.489476 0.0811038 0.426871 0.00106708 0.00148203
 0.984933 0.0121794 0.000458698 0.00241425 1.4417e-05
 0.558796 0.438828 0.00192017 7.23169e-05 0.000382896
 0.870676 0.100526 0.0286425 0.00012533 2.97119e-05
 0.671396 0.307021 0.0167768 0.00478014 2.5875e-05
 0.479438 0.432205 0.0825538 0.00451106 0.00129227
 0.49709 0.345448 0.130735 0.0249712 0.00175542
 0.868027 0.0999062 0.0220266 0.00833601 0.00170416
 0.781867 0.204833 0.0100685 0.00221984 0.00101185
 0.390462 0.546959 0.0587628 0.00288847 0.000927109
 0.859684 0.0827072 0.0516942 0.00555378 0.000360617
 0.492332 0.473586 0.0200896 0.0125565 0.00143661
 0.613065 0.268875 0.110134 0.00467188 0.00325413
 0.587275 0.322853 0.0624501 0.0255801 0.00184093
 0.615166 0.291354 0.0731248 0.0141447 0.00621073
 0.0727022 0.726918 0.151705 0.0380754 0.0105989
 0.783163 0.0314643 0.145316 0.0303269 0.00973031
 0.418341 0.515209 0.00964224 0.0445321 0.0122756
 0.161926 0.506491 0.293702 0.0054967 0.032384
 0.778558 0.0644909 0.0948537 0.0550034 0.00709415
 0.621543 0.334418 0.0128254 0.0188637 0.0123494
 0.0625639 0.726955 0.185988 0.00713292 0.0173594
 0.0875143 0.11135 0.621258 0.158946 0.0209312
 0.846813 0.026486 0.0154612 0.086263 0.0249764
pobs_RECLAS
 0 0 0 0 0
 0 0 0 0 0
 0 0 0 0 0
 0 0 0 0 0
 0 0 0 0 0
 0 0 0 0 0
 0 0 0 0 0
 0 0 0 0 0
 0 0 0 0 0
 0 0 0 0 0
 0.991045 0.00858322 0.000360255 1.14367e-05 0
 0.934742 0.0480273 0.0164251 0.00080598 0
 0.827803 0.169806 0.00239088 0 0
 0.941827 0.0461693 0.0120037 0 0
 0.791401 0.0380133 0.147996 0.0225897 0
 0.846168 0.0940531 0.0597789 0 0
 0.134021 0.677848 0.182769 0.00536245 0
 0.80878 0.0450904 0.141981 0.00414843 0
 0.846168 0.0940531 0.0597789 0 0
 0.905697 0.0802665 0.012482 0.00150086 5.37128e-05
 0.989698 0.0102097 9.19794e-05 0 0
 0.975433 0.0193895 0.00387452 0.00125025 5.28907e-05
 0.303575 0.632131 0.0575291 0.00676475 0
 0.966965 0.00978017 0.0227588 0.000495775 0
 0.843318 0.132988 0.00938335 0.0141283 0.000182051
 0.564624 0.303363 0.111486 0.0197234 0.00080311
 0.826376 0.0876187 0.0782897 0.00655872 0.00115652
 0.89761 0.0855135 0.0140674 0.00269457 0.000114338
 0.34875 0.467042 0.161289 0.0227151 0.000203297
 0.318654 0.224769 0.449479 0.00709798 0
 0.937255 0.0296025 0.0250945 0.00804832 0
ppred_RECLAS
 0.784794 0.136036 0.050045 0.0184105 0.0107145
 0.0244663 0.866576 0.0688747 0.0253376 0.0147459
 0.189555 0.0430165 0.681714 0.054182 0.0315327
 0.848309 0.0526672 0.00525596 0.0832951 0.010473
 0.202393 0.754091 0.0151088 0.00150779 0.0268995
 0.985615 0.00602177 0.00790711 0.000158425 0.000297868
 0.0527975 0.94158 0.00235374 0.00309066 0.000178352
 0.545718 0.072169 0.379845 0.000949526 0.00131876
 0.986032 0.0112915 0.000425258 0.00223825 1.3366e-05
 0.575916 0.4218 0.00184566 6.95107e-05 0.000368039
 0.871642 0.0997754 0.0284285 0.000124394 2.949e-05
 0.678818 0.300087 0.0163979 0.00467218 2.52906e-05
 0.4876 0.425428 0.0812594 0.00444033 0.00127201
 0.524475 0.326637 0.123616 0.0236115 0.00165983
 0.871296 0.0974313 0.021481 0.00812951 0.00166194
 0.788298 0.198794 0.00977167 0.00215439 0.000982014
 0.39514 0.542762 0.0583118 0.0028663 0.000919994
 0.862321 0.0811531 0.0507228 0.00544942 0.000353841
 0.499704 0.466708 0.0197978 0.0123741 0.00141574
 0.618265 0.265262 0.108653 0.00460909 0.0032104
 0.590938 0.319989 0.061896 0.0253531 0.00182459
 0.6204 0.287392 0.0721303 0.0139523 0.00612626
 0.0735794 0.726231 0.151562 0.0380394 0.0105888
 0.785092 0.0311843 0.144023 0.0300571 0.00964372
 0.420654 0.51316 0.0096039 0.044355 0.0122267
 0.163252 0.50569 0.293238 0.00548801 0.0323328
 0.780707 0.063865 0.0939331 0.0544696 0.0070253
 0.623378 0.332797 0.0127633 0.0187723 0.0122896
 0.0629272 0.726674 0.185916 0.00713016 0.0173526
 0.088655 0.111211 0.620482 0.158748 0.020905
 0.84971 0.0259853 0.0151688 0.0846321 0.0245041
pobs_PELACES
 0 0 0 0 0
 0 0 0 0 0
 0 0 0 0 0
 0 0 0 0 0
 0 0 0 0 0
 0 0 0 0 0
 0 0 0 0 0
 0 0 0 0 0
 0 0 0 0 0
 0 0 0 0 0
 0 0 0 0 0
 0 0 0 0 0
 0 0 0 0 0
 0 0 0 0 0
 0 0 0 0 0
 0 0 0 0 0
 0.505614 0.472636 0.0217494 0 0
 0 0 0 0 0
 0.443492 0.261883 0.143347 0.151278 0
 0.227955 0.32914 0.350689 0.0885471 0.00366901
 0.970185 0.0296113 0.000203453 0 0
 0.997202 0.00247181 0.000326279 0 0
 0.445219 0.490057 0.0546422 0.010081 0
 0.90214 0.0892962 0.00764917 0.000914606 0
 0 0 0 0 0
 0.581667 0.319106 0.0959925 0.00289975 0.000334073
 0.762889 0.0836404 0.116647 0.0363945 0.000428098
 0.88444 0.0763242 0.0277011 0.0115352 0
 0.521256 0.241999 0.230069 0.00667565 0
 0.616807 0.101726 0.260614 0.0208532 0
 0.833518 0.0704572 0.0857862 0.0102388 0
ppred_PELACES
 0.794291 0.130033 0.0478363 0.017598 0.0102416
 0.0262785 0.864966 0.0687467 0.0252905 0.0147185
 0.202916 0.0423073 0.670475 0.0532888 0.0310128
 0.881882 0.0410107 0.00409269 0.0648598 0.00815509
 0.242219 0.716438 0.0143544 0.0014325 0.0255563
 0.987376 0.00528472 0.00693931 0.000139034 0.00026141
 0.0731622 0.921336 0.00230313 0.00302421 0.000174517
 0.635267 0.0579429 0.304969 0.000762353 0.0010588
 0.988277 0.00947679 0.000356912 0.00187852 1.12178e-05
 0.615777 0.382155 0.00167219 6.29774e-05 0.000333446
 0.875023 0.0971471 0.0276797 0.000121117 2.87132e-05
 0.699458 0.280802 0.0153441 0.00437193 2.36653e-05
 0.511046 0.405962 0.0775413 0.00423716 0.00121381
 0.580753 0.28798 0.108986 0.0208171 0.00146339
 0.880532 0.0904397 0.0199395 0.00754614 0.00154268
 0.805396 0.182738 0.00898244 0.00198039 0.0009027
 0.410099 0.529338 0.0568697 0.00279541 0.000897241
 0.870247 0.0764814 0.0478029 0.00513572 0.000333472
 0.521322 0.446542 0.0189424 0.0118395 0.00135457
 0.634249 0.254155 0.104104 0.0044161 0.00307597
 0.602974 0.310573 0.0600748 0.0246071 0.00177091
 0.636458 0.275234 0.069079 0.0133621 0.00586711
 0.0766183 0.723848 0.151065 0.0379146 0.0105541
 0.791631 0.0302354 0.139641 0.0291425 0.0093503
 0.428809 0.505937 0.00946872 0.0437307 0.0120546
 0.167964 0.502842 0.291586 0.0054571 0.0321507
 0.787896 0.0617714 0.0908539 0.052684 0.00679501
 0.629927 0.32701 0.0125413 0.0184458 0.0120759
 0.0642746 0.725629 0.185649 0.00711991 0.0173277
 0.0925598 0.110734 0.617823 0.158067 0.0208155
 0.858387 0.024485 0.0142931 0.0797459 0.0230894
pobs_pel_tallas
 0 0 0 0 0 0 0 0 0 0 0 0 0 0 0 0 0 0 0 0 0 0 0 0 0 0
 0 0 0 0 0 0 0 0 0 0 0 0 0 0 0 0 0 0 0 0 0 0 0 0 0 0
 0 0 0 0 0 0 0 0 0 0 0 0 0 0 0 0 0 0 0 0 0 0 0 0 0 0
 0 0 0 0 0 0 0 0 0 0 0 0 0 0 0 0 0 0 0 0 0 0 0 0 0 0
 0 0 0 0 0 0 0 0 0 0 0 0 0 0 0 0 0 0 0 0 0 0 0 0 0 0
 0 0 0 0 0 0 0 0 0 0 0 0 0 0 0 0 0 0 0 0 0 0 0 0 0 0
 0 0 0 0 0 0 0 0 0 0 0 0 0 0 0 0 0 0 0 0 0 0 0 0 0 0
 0 0 0 0 0 0 0 0 0 0 0 0 0 0 0 0 0 0 0 0 0 0 0 0 0 0
 0 0 0 0 0 0 0 0 0 0 0 0 0 0 0 0 0 0 0 0 0 0 0 0 0 0
 0 0 0 0 0 0 0 0 0 0 0 0 0 0 0 0 0 0 0 0 0 0 0 0 0 0
 0 0 0 0 0 0 0 0 0 0 0 0 0 0 0 0 0 0 0 0 0 0 0 0 0 0
 0 0 0 0 0 0 0 0 0 0 0 0 0 0 0 0 0 0 0 0 0 0 0 0 0 0
 0.00862536 0 0 0.000197151 0.00414017 0.0128641 0.00837892 0.0270097 0.101434 0.158115 0.152841 0.127902 0.109271 0.109419 0.0830992 0.0579132 0.0238553 0.00714673 0.00463305 0.00128148 0.00103504 0.000492878 0.000147863 0.000147863 4.92878e-05 0
 0 0 0 0 0 0 0 0 0 0 0 0 0 0 0 0 0 0 0 0 0 0 0 0 0 0
 0 0 0 0 0 0 0 0.0054083 0.00873648 0.0413646 0.0450493 0.0745869 0.0622846 0.0627006 0.0613931 0.0827291 0.12552 0.122667 0.0946155 0.0697135 0.0546179 0.0294188 0.0215738 0.0213955 0.0102223 0.00600262
 0 0 0 0 0.00359764 0.0251062 0.0480494 0.140153 0.205849 0.193036 0.1447 0.116669 0.0760912 0.0342217 0.00950174 0.001854 0.000860785 0 0 0 0.000165536 0 0.000143464 0 0 0
 0 0 0 0 0 0 0 0.000145254 0.000435761 0.0275982 0.070085 0.0708112 0.156366 0.174668 0.174014 0.160142 0.0824315 0.0480064 0.0283245 0.00493863 0.00203355 0 0 0 0 0
 0 0 0 0 0 0 0 0 0 0 0 0 0 0 0 0 0 0 0 0 0 0 0 0 0 0
 0 0 1.00437e-05 0.000401748 0.00122533 0.00171747 0.00176769 0.0269171 0.070346 0.194647 0.189555 0.159765 0.064822 0.0314167 0.0384472 0.0292271 0.0345202 0.0313363 0.0194345 0.0106764 0.0143323 0.0359363 0.0279516 0.0138201 0.00172751 0
 0 0.0021121 0.0136068 0.0755702 0.200478 0.177729 0.0527432 0.0373336 0.0318909 0.0142505 0.0149659 0.0166563 0.0217959 0.0798694 0.0677717 0.0528807 0.04013 0.0224614 0.0357745 0.0225083 0.00881397 0.00855152 0.00135912 0.000746735 0 0
 0 0 0 0 5.4009e-05 0.00500934 0.000945158 0.0243581 0.138947 0.33067 0.221406 0.137944 0.0707744 0.0437923 0.0131692 0.00525238 0.0047753 0.00276346 9.45158e-05 9.00151e-06 2.25038e-05 9.00151e-06 4.50075e-06 0 0 0
 0.000866109 0.00284123 0.00948549 0.0512746 0.133035 0.25785 0.225252 0.132002 0.0553304 0.0519788 0.0540692 0.017754 0.00435017 0.00159236 0.00146478 0.000404838 0.000125132 0.000115318 0.000107957 0.000100596 0 0 0 0 0 0
 0 0 0 0 0.00144013 0.00171154 0.00461396 0.0210425 0.0478622 0.0707936 0.0888783 0.103762 0.0637923 0.0337046 0.0602308 0.124433 0.169614 0.0934646 0.0462172 0.0250306 0.0313229 0.00938855 0.002487 0.000210481 0 0
 0 0.00764035 0.051015 0.0998891 0.058973 0.0496711 0.0374665 0.0718981 0.12319 0.153886 0.159021 0.0857701 0.0377988 0.023471 0.0147837 0.00900784 0.00315554 0.000888139 0.00291439 0.00214683 0.00393193 0.00274676 0.000635225 9.99891e-05 0 0
 0 0 0 0 0 0 0 0 0 0 0 0 0 0 0 0 0 0 0 0 0 0 0 0 0 0
 0 0 0 0 0 0 0 0 0 0 0 0 0 0 0 0 0 0 0 0 0 0 0 0 0 0
 0 0 0 0 0 0 0 0 0 0 0 0 0 0 0 0 0 0 0 0 0 0 0 0 0 0
 0 0 0 0 0 0 0 0 0 0 0 0 0 0 0 0 0 0 0 0 0 0 0 0 0 0
 0 0 0 0 0 0 0 0 0 0 0 0 0 0 0 0 0 0 0 0 0 0 0 0 0 0
 0 0 0 0 0 0 0 0 0 0 0 0 0 0 0 0 0 0 0 0 0 0 0 0 0 0
 0 0 0 0 0 0 0 0 0 0 0 0 0 0 0 0 0 0 0 0 0 0 0 0 0 0
ppred_pel_tallas
 1.04912e-16 6.54248e-05 0.000635952 0.00422612 0.0192114 0.0597737 0.127355 0.185881 0.185893 0.127416 0.0599804 0.0198091 0.00572914 0.00392575 0.00633915 0.0104447 0.0152022 0.0194641 0.0221084 0.0226291 0.0214181 0.0194453 0.0176041 0.0162449 0.0151805 0.0140177
 1.07233e-16 2.1647e-06 2.10418e-05 0.000139834 0.000635716 0.0019784 0.00421826 0.00617413 0.00625742 0.00462518 0.00334447 0.00458035 0.0100375 0.0216147 0.0409744 0.0676369 0.0972047 0.121764 0.13325 0.127963 0.108815 0.0834075 0.0595661 0.0417497 0.0304082 0.0236319
 1.29952e-16 1.67139e-05 0.000162465 0.00107964 0.00490789 0.0152703 0.0325351 0.0474871 0.0474922 0.0325607 0.0153591 0.00517785 0.00180789 0.00191964 0.00384429 0.00760778 0.0139367 0.0237362 0.0377377 0.0559884 0.0772232 0.0985172 0.115716 0.124757 0.12332 0.111839
 1.08014e-16 7.26394e-05 0.000706081 0.00469216 0.0213299 0.0663652 0.141398 0.206376 0.20638 0.141418 0.0664305 0.0215189 0.00516806 0.00175011 0.00207182 0.00335729 0.00495179 0.00651553 0.00779401 0.00876334 0.00968243 0.0109257 0.0126956 0.0148247 0.0168042 0.0180093
 1.05066e-16 1.99514e-05 0.000193934 0.00128877 0.00585859 0.0182286 0.0388405 0.0567033 0.0567722 0.0391772 0.0193586 0.00912074 0.00947057 0.0180329 0.0338348 0.0557362 0.0798974 0.0996603 0.108268 0.102642 0.0852943 0.0627604 0.0418514 0.0265763 0.0174806 0.0129327
 1.0026e-16 8.13288e-05 0.000790545 0.00525345 0.0238814 0.074304 0.158312 0.231062 0.231062 0.158315 0.0743125 0.0239063 0.00531625 0.000929157 0.000349001 0.000459729 0.000680969 0.00091132 0.00110642 0.00124426 0.00132767 0.00137065 0.001378 0.0013384 0.00123647 0.00107067
 1.00635e-16 6.02646e-06 5.85795e-05 0.000389285 0.00176969 0.00550664 0.0117357 0.0171472 0.0172358 0.0121685 0.0069592 0.0059625 0.0109036 0.0229776 0.0434339 0.0715345 0.102435 0.127528 0.138047 0.129961 0.10646 0.0759678 0.0473501 0.0259502 0.0127148 0.00579737
 1.09072e-16 5.23261e-05 0.000508628 0.00338001 0.0153651 0.0478064 0.101857 0.148664 0.14867 0.101887 0.0479076 0.0156631 0.00414996 0.00226154 0.003592 0.00640233 0.0104849 0.0158092 0.0222712 0.029643 0.0374124 0.0445775 0.0496827 0.0512757 0.0486025 0.0420736
 1.00204e-16 8.1403e-05 0.000791266 0.00525824 0.0239032 0.0743718 0.158457 0.231273 0.231274 0.158461 0.0743867 0.0239464 0.00536668 0.00102788 0.000530458 0.000747388 0.0010673 0.00133968 0.00147342 0.00143074 0.00124671 0.00100645 0.000794238 0.000652862 0.000577198 0.000535131
 1.00209e-16 5.07208e-05 0.000493024 0.00327632 0.0148937 0.04634 0.0987337 0.144112 0.144149 0.0989132 0.0469425 0.0166329 0.00763765 0.0099999 0.018065 0.0296771 0.0424932 0.0529041 0.0572704 0.0539184 0.0441673 0.0315088 0.0196181 0.0107133 0.00519232 0.0022971
 1.00841e-16 7.20745e-05 0.00070059 0.00465567 0.021164 0.0658491 0.140299 0.204772 0.204782 0.140345 0.0660031 0.0216092 0.00577407 0.00314517 0.00472371 0.00771812 0.0111636 0.0141446 0.0157726 0.0156239 0.0139699 0.011561 0.00915136 0.00714507 0.00557112 0.00428482
 1.00958e-16 5.76135e-05 0.000560024 0.00372156 0.0169177 0.0526373 0.11215 0.163692 0.163719 0.112282 0.0530805 0.0181973 0.00693162 0.00756115 0.013335 0.0219042 0.0314306 0.039277 0.0427964 0.0407685 0.034136 0.0253935 0.0171373 0.0108914 0.00688006 0.00454118
 1.02972e-16 4.20942e-05 0.000409171 0.00271909 0.0123606 0.0384586 0.0819416 0.119604 0.119644 0.0821329 0.0391011 0.0142168 0.00737954 0.010587 0.019383 0.0320063 0.0461666 0.0581824 0.0643089 0.0627844 0.054841 0.0438091 0.0330817 0.0245467 0.0183904 0.0139033
 1.05555e-16 4.78359e-05 0.000464982 0.00308997 0.0140466 0.0437043 0.0931176 0.135914 0.135942 0.0932539 0.044162 0.0153699 0.00641691 0.00774515 0.0139253 0.023079 0.0335524 0.0428412 0.0484011 0.0490256 0.0454923 0.0398946 0.0342375 0.0294448 0.0253682 0.0214635
 1.01617e-16 7.25283e-05 0.000705001 0.00468498 0.0212972 0.0662636 0.141182 0.206061 0.20607 0.141225 0.0664069 0.0217113 0.00572486 0.00297721 0.00439422 0.00716653 0.0103564 0.0131081 0.014602 0.0144622 0.0129712 0.0108602 0.00885055 0.00730699 0.006206 0.00533428
 1.00658e-16 6.63395e-05 0.000644843 0.00428521 0.01948 0.0606095 0.129136 0.188481 0.188498 0.129221 0.0608979 0.0203126 0.00637384 0.00519986 0.00870396 0.0142498 0.0204396 0.0255321 0.0278013 0.0264533 0.0221044 0.016385 0.0109932 0.00692882 0.00434117 0.00286124
 1.02209e-16 3.37795e-05 0.000328348 0.00218199 0.00991906 0.0308621 0.0657569 0.0959849 0.0960358 0.066006 0.0316985 0.0123343 0.00824276 0.0135532 0.0251329 0.04145 0.0595958 0.0747026 0.0818177 0.0786333 0.066854 0.051043 0.035924 0.024234 0.0163576 0.0113174
 1.01971e-16 7.16811e-05 0.000696766 0.00463025 0.0210485 0.0654896 0.139533 0.203654 0.203661 0.139569 0.0656118 0.021402 0.00552049 0.00264936 0.00380687 0.00624996 0.00915867 0.0118542 0.0136843 0.0143287 0.0139487 0.0130054 0.0119078 0.0107932 0.00957615 0.00814872
 1.02078e-16 4.29407e-05 0.000417399 0.00277376 0.0126092 0.039232 0.0835895 0.12201 0.122053 0.0837994 0.0399367 0.0146436 0.00787711 0.0115469 0.0211471 0.0348071 0.0499375 0.0623812 0.0679351 0.064672 0.0541149 0.0402611 0.0272628 0.0175444 0.0114316 0.00797312
 1.04033e-16 5.22423e-05 0.000507814 0.0033746 0.0153405 0.04773 0.101695 0.148432 0.148456 0.101815 0.0481341 0.0165089 0.00631239 0.0069373 0.0123105 0.020392 0.0296545 0.0378777 0.0428043 0.0433443 0.0401471 0.0350226 0.0297238 0.025091 0.0210662 0.0172703
 1.04581e-16 4.96662e-05 0.000482773 0.0032082 0.014584 0.0453765 0.0966805 0.141114 0.141144 0.0968269 0.0458682 0.0160047 0.00677589 0.0082761 0.0148655 0.0245366 0.0354349 0.0447606 0.0496899 0.0489221 0.0434354 0.0357765 0.0284819 0.022871 0.0189178 0.0159158
 1.04397e-16 5.24242e-05 0.000509582 0.00338635 0.0153939 0.0478963 0.102049 0.148949 0.148976 0.102179 0.0483325 0.0166546 0.00655318 0.00743062 0.0132197 0.0218321 0.0315855 0.0400138 0.044629 0.0442714 0.0397673 0.0333015 0.0270387 0.0220887 0.0184229 0.0154674
 1.10133e-16 6.3111e-06 6.13462e-05 0.000407671 0.00185325 0.00576654 0.0122888 0.0179505 0.0180203 0.0126301 0.00691287 0.0051653 0.00872531 0.018232 0.0345543 0.0572166 0.08266 0.104447 0.115994 0.114245 0.101436 0.0834595 0.0662026 0.0527634 0.0431574 0.0358439
 1.08543e-16 6.52056e-05 0.000633822 0.00421197 0.019147 0.0595734 0.126928 0.185255 0.185258 0.126943 0.0596259 0.0193013 0.00460995 0.00153828 0.0018878 0.00329247 0.00538021 0.00811684 0.0114854 0.0154463 0.0198471 0.0242813 0.028044 0.0303059 0.0304514 0.0283702
 1.06829e-16 3.53205e-05 0.000343328 0.00228154 0.0103716 0.0322701 0.0687566 0.100363 0.100411 0.0689945 0.0330684 0.0126763 0.0080628 0.0129513 0.0239441 0.0394371 0.0566011 0.0707662 0.0772277 0.0738891 0.0625801 0.0479116 0.034589 0.0252302 0.0199389 0.0172994
 1.14532e-16 1.38351e-05 0.000134482 0.000893681 0.00406258 0.0126404 0.0269336 0.0393206 0.0393694 0.0271722 0.0134427 0.0063842 0.00673767 0.012946 0.0245035 0.040899 0.0598716 0.0772777 0.08882 0.0924009 0.0891637 0.082306 0.0747382 0.0675604 0.0602888 0.0521185
 1.09072e-16 6.48979e-05 0.000630831 0.00419209 0.0190567 0.0592924 0.126329 0.184382 0.184388 0.126359 0.0593931 0.0193495 0.00493459 0.00227611 0.00326194 0.0054815 0.0083446 0.0114628 0.0144866 0.0172789 0.0199431 0.0226038 0.0251224 0.0270167 0.027672 0.026678
 1.0434e-16 5.18863e-05 0.000504353 0.00335161 0.0152359 0.0474048 0.101002 0.147422 0.147454 0.101156 0.047921 0.0167261 0.00708991 0.00865797 0.0155165 0.0255174 0.0366351 0.0458311 0.0500611 0.0479594 0.0406882 0.0312024 0.022526 0.0163545 0.0127843 0.0109464
 1.0919e-16 5.29437e-06 5.14632e-05 0.000341995 0.0015547 0.00483763 0.0103097 0.0150619 0.015132 0.0106521 0.00598767 0.00487799 0.00868977 0.0182941 0.0347076 0.0575157 0.0831883 0.105301 0.117259 0.11595 0.103502 0.0856597 0.0681779 0.0541118 0.043576 0.0352549
 1.37232e-16 7.62405e-06 7.41085e-05 0.000492478 0.00223874 0.00696561 0.0148414 0.0216639 0.0216755 0.0148988 0.00716138 0.00281692 0.00199197 0.00350751 0.00699891 0.0127921 0.0213183 0.0328828 0.0476666 0.0656115 0.0859594 0.106665 0.124315 0.135007 0.135907 0.126539
 1.12324e-16 7.07042e-05 0.00068727 0.00456715 0.0207616 0.0645971 0.137631 0.200877 0.200879 0.137643 0.0646368 0.0208772 0.00486031 0.00133744 0.00133726 0.00218783 0.00336988 0.00475348 0.00630939 0.00815233 0.0105217 0.0136176 0.0173772 0.0213491 0.0247712 0.0268277
pSPR Fmed_Fpbrs
0.499043   0.285572 0.285572
Fs Fmed_Fpbrs
0.485179   1.005 1.005
SSBpbr Bo_Bmed_Bpbrs
1.70687e+06  766458  402092 402092
Ro
88817.6
SPR SPRFo_SPRFmed_SPRFpbrs
634862 316823 181299
Fref
1.005
Nvult_r0
 158762 2915.41 1701.86 9495.27 2749.24
CTP_r0
 27661.6 865.179 505.047 2817.83 815.866
YTP_r0
393048
Np
 188551 67362.6 926.89 541.07 3747.05
Nvult_p0
 146585 58291.5 802.075 468.209 3242.47
CTP_p0
 49024.1 29218.4 402.037 234.688 1625.28
YTP_p0
 911245
CBA_c0
548507
log_Ro
11.2143
likeval ReclasPelacesDesembMPH_pf_preclas_ppelaces_ptallas_desvR_qrecl_qpela
 37.5141 39.455 2.46511 0.00225317 307.754 143.466 125.66 0 102.357 0 0 10.9714 0 0 0
q_reclas_q_pelaces
1 1
M
1
N
 413896 39118.1 14390.7 5294.06 3081.02
 6470.16 128045 10176.9 3743.88 2178.85
 14774.5 1906.08 30207 2400.82 1397.22
 87417.1 4204.4 419.581 6649.42 836.058
 5068.69 13396.7 268.413 26.7865 477.88
 248153 926.387 1216.43 24.372 45.8239
 4046.5 61129.7 152.81 200.653 11.579
 4467.48 518.643 2729.76 6.82378 9.47729
 71161.1 533.165 20.0799 105.686 0.631115
 32484.1 15288.8 66.899 2.51953 13.3402
 120680 7234.41 2061.27 9.01944 2.13823
 158210 40468.1 2211.34 630.066 3.41056
 86427.2 43461.6 8301.43 453.623 129.948
 54405.9 23928.3 9055.69 1729.69 121.593
 157761 10033.2 2212.06 837.157 171.143
 303118 44857.1 2204.94 486.129 221.587
 107272 80955.3 8697.47 427.521 137.221
 626171 32683.9 20428.3 2194.72 142.507
 351636 187210 7941.48 4963.63 567.895
 418330 99524.8 40766.2 1729.31 1204.52
 428407 125124 24202.9 9913.71 713.462
 526858 135433 33991.2 6574.98 2886.98
 29840.3 157356 32839.8 8242.2 2294.34
 456190 9614.38 44403.4 9266.85 2973.24
 232280 149029 2789.11 12881.3 3550.82
 47353.9 77231.3 44784.6 838.154 4938.02
 360140 15710.1 23106.5 13398.9 1728.15
 418246 116480 4467.17 6570.34 4301.39
 23655.7 141350 36163.8 1386.93 3375.37
 12057.6 8125.75 45336.3 11599.1 1527.45
 226124 3842.3 2242.93 12514.1 3623.29
pred_Ctot
 42206.8 7446.94 2739.58 1007.83 586.536
 829.629 30097.8 2392.14 880.021 512.152
 2159.59 504.366 7993.06 635.281 369.719
 34557.2 2505.43 250.031 3962.43 498.212
 1705 7103.25 142.319 14.2028 253.383
 53535 344.311 452.111 9.05837 17.0314
 1810.63 39614.5 99.0271 130.031 7.50367
 2083.52 345.23 1817.04 4.54218 6.30847
 19540.2 241.63 9.10018 47.8967 0.28602
 8437.87 6626.34 28.9947 1.09199 5.78176
 6799.83 785.093 223.693 0.978807 0.232045
 25936.8 11860.6 648.108 184.662 0.99958
 13832.9 12470.1 2381.87 130.155 37.2851
 18125.5 12596.1 4767.02 910.53 64.0081
 23126.9 2661.8 586.856 222.097 45.404
 53886.2 14117.1 693.922 152.991 69.7364
 11829.4 16570.6 1780.27 87.5087 28.0876
 75399.3 7253.91 4533.88 487.099 31.6283
 52370 50376 2136.96 1335.65 152.814
 50278.1 22050.8 9032.18 383.146 266.875
 38568.2 21202.8 4101.29 1679.92 120.899
 63728.2 30182.9 7575.37 1465.32 643.402
 2367.93 23676 4941.1 1240.13 345.209
 32608.2 1310.07 6050.46 1262.71 405.137
 14241 17538.5 328.238 1515.95 417.88
 2963.93 9270.89 5375.97 100.612 592.762
 27797.5 2302.57 3386.64 1963.83 253.289
 21652.3 11649.9 446.791 657.143 430.21
 996.487 11578.6 2962.33 113.61 276.492
 1031.75 1312.76 7324.35 1873.9 246.769
 27661.6 865.179 505.047 2817.83 815.866
F
 0.173231 0.346462 0.346462 0.346462 0.346462
 0.222155 0.44431 0.44431 0.44431 0.44431
 0.256772 0.513544 0.513544 0.513544 0.513544
 0.87568 1.75136 1.75136 1.75136 1.75136
 0.699546 1.39909 1.39909 1.39909 1.39909
 0.401047 0.802094 0.802094 0.802094 0.802094
 1.05439 2.10878 2.10878 2.10878 2.10878
 1.12575 2.2515 2.2515 2.2515 2.2515
 0.537823 1.07565 1.07565 1.07565 1.07565
 0.501901 1.0038 1.0038 1.0038 1.0038
 0.0926258 0.185252 0.185252 0.185252 0.185252
 0.292044 0.584088 0.584088 0.584088 0.584088
 0.284242 0.568484 0.568484 0.568484 0.568484
 0.690569 1.38114 1.38114 1.38114 1.38114
 0.257602 0.515205 0.515205 0.515205 0.515205
 0.320225 0.640449 0.640449 0.640449 0.640449
 0.188489 0.376978 0.376978 0.376978 0.376978
 0.207391 0.414782 0.414782 0.414782 0.414782
 0.262189 0.524379 0.524379 0.524379 0.524379
 0.206967 0.413935 0.413935 0.413935 0.413935
 0.151601 0.303201 0.303201 0.303201 0.303201
 0.208417 0.416834 0.416834 0.416834 0.416834
 0.132598 0.265197 0.265197 0.265197 0.265197
 0.118769 0.237537 0.237537 0.237537 0.237537
 0.101138 0.202276 0.202276 0.202276 0.202276
 0.103345 0.206691 0.206691 0.206691 0.206691
 0.128774 0.257549 0.257549 0.257549 0.257549
 0.0848301 0.16966 0.16966 0.16966 0.16966
 0.0685651 0.13713 0.13713 0.13713 0.13713
 0.143627 0.287253 0.287253 0.287253 0.287253
 0.210996 0.421991 0.421991 0.421991 0.421991
nmprior
 8.19 8.8 8.5 0
nm_flota  nm_reclas  nm_pelaces    nm_pelaL
inf 5.4591 5.46657 9.09974
cv_recla  cv_pelaces  cv_mph
0.554016 0.712235 1.46488
 ------------------------------------------------
Talla a la edad & desviaci?n 
 8 13.2811 15.8009 17.003 17.5766
 0.8 1.32811 1.58009 1.7003 1.75766
