years
 1991 1992 1993 1994 1995 1996 1997 1998 1999 2000 2001 2002 2003 2004 2005 2006 2007 2008 2009 2010 2011 2012 2013 2014 2015 2016 2017 2018 2019 2020 2021
reclasobs
 0 0 0 0 0 0 0 0 0 252601 567819 844713 477998 351125 339783 2.1784e+06 2.13404e+06 4.81314e+06 1.55562e+06 2.62356e+06 3.21686e+06 3.843e+06 1.13348e+06 3.07943e+06 1.97215e+06 2.03268e+06 2.025e+06 2.42433e+06 2.27542e+06 1.05018e+06 2.36338e+06
reclaspred
 3.32299e+06 1.90535e+06 967880 960583 957315 1.44686e+06 996123 899837 662534 496543 509678 627968 629347 520541 532684 1.25483e+06 1.28227e+06 2.64408e+06 2.2226e+06 1.69184e+06 3.01089e+06 2.45066e+06 2.00913e+06 3.03364e+06 2.29823e+06 2.03436e+06 2.36928e+06 2.48383e+06 2.08999e+06 1.3623e+06 1.93595e+06
pelacesobs
 0 0 0 0 0 0 0 0 0 0 0 0 0 0 0 552880 188675 0 991730 2.46772e+06 1.41603e+06 1.21717e+06 2.29649e+06 1.80582e+06 0 1.4828e+06 1.56532e+06 1.57751e+06 1.42118e+06 867257 1.10002e+06
pelacespred
 1.87229e+06 1.20983e+06 626592 505488 509678 795152 533309 558537 411974 297268 307661 321041 350560 314228 324929 627909 638080 1.48862e+06 1.32023e+06 941573 1.57139e+06 1.42791e+06 1.14603e+06 1.86965e+06 1.38254e+06 1.21221e+06 1.6002e+06 1.65924e+06 1.14891e+06 855791 1.19541e+06
mphobs
 0 0 0 0 0 0 0 0 0 0 0 498337 0 5186 125008 0 168611 109162 213762 579715 649985 157893 87575 83554 0 0 0 0 0 0 0
mphpred
 492408 331084 170107 92014.4 102389 112813 147712 102756 88866.3 64024.5 43487.6 58697 63740.4 56311.7 42120.3 52019.8 145727 145507 260582 205645 222425 273645 261001 220193 299079 247337 204361 214746 293825 206908 135102
desembarqueobs
 494567 514787 250237 358949 120608 361735 552515 73892 212993 205616 52469 317467 293654 387597 252695 516296 358380 742168 942051 627588 828172 859565 418607 520667 417249 300574 407403 355545 319650 289779 391294
desembarquepred
 494573 513148 251078 358968 120611 361746 552559 73894.8 213027 205649 52470.9 317525 293704 387654 252700 516284 358399 742110 941939 627516 828227 859600 418618 520686 417253 300577 407406 355539 319649 289787 391298
Reclutas
 254133 148701 145392 271684 217256 357909 151340 72859.3 66456.1 86098.9 155758 193005 162847 115254 120965 625472 146215 937691 552200 420042 647944 863371 189931 561890 470160 213312 473247 529350 161103 118213 437746
log_desv_Rt
 0.0343435 -0.501576 -0.524082 0.101125 -0.122439 0.376764 -0.483983 -1.21498 -1.30697 -1.04802 -0.455209 -0.240801 -0.410705 -0.756378 -0.708012 0.934992 -0.518433 1.33991 0.810396 0.53684 0.97029 1.25733 -0.256854 0.827791 0.649559 -0.140758 0.656102 0.768136 -0.421468 -0.731027 0.578124
SSB
 5.15232e+06 3.46431e+06 1.77992e+06 962795 1.07135e+06 1.18042e+06 1.54559e+06 1.07519e+06 929855 669922 455033 614177 666949 589219 440727 544310 1.52482e+06 1.52251e+06 2.72661e+06 2.15177e+06 2.32735e+06 2.86329e+06 2.73099e+06 2.304e+06 3.12942e+06 2.58801e+06 2.13834e+06 2.247e+06 3.07444e+06 2.16499e+06 1.41364e+06
BT
 6.73682e+06 4.59434e+06 2.36993e+06 2.01121e+06 1.81489e+06 2.99239e+06 2.29791e+06 1.94879e+06 1.60178e+06 1.20335e+06 1.08432e+06 1.35282e+06 1.45151e+06 1.46527e+06 1.35084e+06 2.54048e+06 2.4343e+06 5.67889e+06 5.36762e+06 3.74543e+06 5.97593e+06 5.62784e+06 4.23387e+06 6.79306e+06 5.04986e+06 4.3578e+06 5.81525e+06 5.95444e+06 4.14057e+06 3.16863e+06 4.40471e+06
Ftot
 0.0827601 0.148433 0.143599 0.212847 0.0717289 0.144304 0.304841 0.0466209 0.181233 0.232073 0.0602864 0.286141 0.26377 0.417033 0.273986 0.242863 0.156682 0.164571 0.239098 0.209769 0.157799 0.200097 0.116655 0.100175 0.102958 0.0835337 0.100036 0.0837913 0.0849402 0.118778 0.118551
BD_Bspro_t
 0.986846 0.900418 0.789398 0.72008 0.714002 0.768664 0.759955 0.64107 0.68758 0.659815 0.635918 0.773516 0.677335 0.604372 0.518522 0.571462 0.700687 0.689254 0.751523 0.67661 0.653585 0.696212 0.710404 0.709334 0.790213 0.796831 0.803194 0.829017 0.860374 0.814827 0.768294
BD_Bspro
 2.93546 1.97374 1.01409 0.548539 0.610388 0.672529 0.88058 0.612577 0.529772 0.381679 0.259249 0.349919 0.379985 0.3357 0.251098 0.310113 0.868745 0.86743 1.55345 1.22594 1.32598 1.63132 1.55594 1.31267 1.78294 1.47449 1.21829 1.2802 1.75162 1.23347 0.805403
BD_Bo
 1.98525 1.33484 0.685823 0.370975 0.412804 0.45483 0.595534 0.414284 0.358283 0.258128 0.175329 0.236649 0.256983 0.227033 0.169817 0.209729 0.58753 0.58664 1.05059 0.8291 0.896753 1.10326 1.05228 0.887756 1.2058 0.99719 0.823925 0.865794 1.18462 0.834195 0.544692
BD_Brms
 13.9038 9.3486 4.8032 2.59815 2.89109 3.18543 4.17086 2.90146 2.50926 1.80782 1.22793 1.65739 1.79979 1.59004 1.18932 1.46885 4.1148 4.10857 7.35788 5.80665 6.28047 7.72672 7.36971 6.21745 8.44489 6.98388 5.77041 6.06364 8.29653 5.84233 3.81478
Sel_flota
 0.890968 1 1 1 1
 0.890968 1 1 1 1
 0.890968 1 1 1 1
 0.890968 1 1 1 1
 0.890968 1 1 1 1
 0.890968 1 1 1 1
 0.890968 1 1 1 1
 0.890968 1 1 1 1
 0.890968 1 1 1 1
 0.890968 1 1 1 1
 0.890968 1 1 1 1
 0.890968 1 1 1 1
 0.890968 1 1 1 1
 0.890968 1 1 1 1
 0.890968 1 1 1 1
 0.890968 1 1 1 1
 0.890968 1 1 1 1
 0.890968 1 1 1 1
 0.890968 1 1 1 1
 0.890968 1 1 1 1
 0.890968 1 1 1 1
 0.890968 1 1 1 1
 0.890968 1 1 1 1
 0.890968 1 1 1 1
 0.890968 1 1 1 1
 0.890968 1 1 1 1
 0.890968 1 1 1 1
 0.890968 1 1 1 1
 0.890968 1 1 1 1
 0.890968 1 1 1 1
 0.890968 1 1 1 1
Sel_reclas
 1 1 1 1 1
 1 1 1 1 1
 1 1 1 1 1
 1 1 1 1 1
 1 1 1 1 1
 1 1 1 1 1
 1 1 1 1 1
 1 1 1 1 1
 1 1 1 1 1
 1 1 1 1 1
 1 1 1 1 1
 1 1 1 1 1
 1 1 1 1 1
 1 1 1 1 1
 1 1 1 1 1
 1 1 1 1 1
 1 1 1 1 1
 1 1 1 1 1
 1 1 1 1 1
 1 1 1 1 1
 1 1 1 1 1
 1 1 1 1 1
 1 1 1 1 1
 1 1 1 1 1
 1 1 1 1 1
 1 1 1 1 1
 1 1 1 1 1
 1 1 1 1 1
 1 1 1 1 1
 1 1 1 1 1
 1 1 1 1 1
Sel_pelaces
 1 1 1 1 1
 1 1 1 1 1
 1 1 1 1 1
 1 1 1 1 1
 1 1 1 1 1
 1 1 1 1 1
 1 1 1 1 1
 1 1 1 1 1
 1 1 1 1 1
 1 1 1 1 1
 1 1 1 1 1
 1 1 1 1 1
 1 1 1 1 1
 1 1 1 1 1
 1 1 1 1 1
 1 1 1 1 1
 1 1 1 1 1
 1 1 1 1 1
 1 1 1 1 1
 1 1 1 1 1
 1 1 1 1 1
 1 1 1 1 1
 1 1 1 1 1
 1 1 1 1 1
 1 1 1 1 1
 1 1 1 1 1
 1 1 1 1 1
 1 1 1 1 1
 1 1 1 1 1
 1 1 1 1 1
 1 1 1 1 1
pf_obs 
 0.8446 0.082 0.0669 0.0065 0
 0.8095 0.147 0.0364 0.0071 0
 0.9664 0.0169 0.016 0.0007 0
 0.9276 0.0648 0.0075 0.0001 0
 0.7033 0.2144 0.0806 0.0017 0
 0.9318 0.0425 0.0243 0.0014 0
 0.5671 0.3108 0.0964 0.0239 0.0018
 0.0768 0.2599 0.5324 0.112 0.0189
 0.490249 0.384438 0.106611 0.0170017 0.00170017
 0.7925 0.1577 0.0466 0.003 0.0002
 0.840416 0.127587 0.0312969 0.00059994 9.999e-05
 0.8084 0.0986 0.0794 0.0134 0.0002
 0.7335 0.1905 0.0724 0.0035 0.0001
 0.4001 0.4547 0.1325 0.0127 0
 0.49795 0.308269 0.164784 0.0264974 0.00249975
 0.9179 0.0499 0.0305 0.0017 0
 0.2467 0.6533 0.0926 0.0074 0
 0.9418 0.0223 0.034 0.0019 0
 0.707729 0.231977 0.0356964 0.0245975 0
 0.517169 0.277429 0.184464 0.0207286 0.00020938
 0.811772 0.124168 0.05621 0.00726502 0.000585176
 0.764997 0.148141 0.077277 0.00933861 0.000247198
 0.163321 0.427699 0.378323 0.0303852 0.000271297
 0.753843 0.0900009 0.118128 0.0371064 0.000921714
 0.721811 0.176058 0.0630433 0.0369309 0.00215725
 0.143369 0.312575 0.442814 0.0836902 0.0175525
 0.692698 0.0596174 0.167031 0.0765114 0.00414204
 0.394062 0.376323 0.152708 0.0712218 0.00568511
 0.125707 0.32114 0.495352 0.0537591 0.00404204
 0.23352 0.215282 0.420074 0.123614 0.00750983
 0.774587 0.0839891 0.0768558 0.0609784 0.00358967
pf_pred 
 0.420046 0.110107 0.445888 0.0239575 7.36937e-07
 0.408495 0.266007 0.0617974 0.250253 0.0134465
 0.544249 0.200083 0.114977 0.0267109 0.11398
 0.749061 0.144284 0.0468235 0.0269069 0.0329244
 0.644703 0.274495 0.0464593 0.0150771 0.0192656
 0.741949 0.173332 0.0654517 0.0110779 0.00818882
 0.474468 0.402089 0.0829161 0.0313098 0.00921655
 0.437981 0.285692 0.211421 0.0435978 0.021309
 0.520323 0.224159 0.129888 0.0961211 0.0295094
 0.672788 0.180604 0.0685114 0.0396986 0.0383974
 0.791074 0.146429 0.0344949 0.0130855 0.0149161
 0.722013 0.2252 0.036997 0.00871552 0.00707491
 0.666165 0.249756 0.0681128 0.0111899 0.0047759
 0.605318 0.274307 0.0900577 0.0245603 0.00575699
 0.704432 0.188864 0.0741597 0.0243473 0.00819636
 0.921977 0.0570689 0.0133893 0.00525746 0.00230715
 0.397203 0.561154 0.0304595 0.00714631 0.00403748
 0.88496 0.049194 0.061297 0.00332721 0.00122165
 0.599557 0.359274 0.0176053 0.0219367 0.00162793
 0.591969 0.257295 0.135238 0.00662703 0.00887023
 0.738517 0.162838 0.0622035 0.0326951 0.0037466
 0.740628 0.197654 0.0384348 0.014682 0.00860137
 0.328576 0.513327 0.120477 0.0234275 0.0141921
 0.73991 0.0926575 0.128008 0.0300434 0.00938119
 0.629309 0.282716 0.0313414 0.0432988 0.0133354
 0.44278 0.366265 0.145636 0.0161449 0.029174
 0.733244 0.126111 0.0924473 0.0367593 0.0114388
 0.69217 0.232841 0.0354514 0.0259881 0.0135491
 0.363815 0.456335 0.136037 0.0207125 0.0230997
 0.43047 0.223387 0.248289 0.074017 0.0238379
 0.822033 0.0820198 0.0376333 0.0418285 0.0164853
pobs_RECLAS
 0 0 0 0 0
 0 0 0 0 0
 0 0 0 0 0
 0 0 0 0 0
 0 0 0 0 0
 0 0 0 0 0
 0 0 0 0 0
 0 0 0 0 0
 0 0 0 0 0
 0 0 0 0 0
 0.991045 0.00858322 0.000360255 1.14367e-05 0
 0.934742 0.0480273 0.0164251 0.00080598 0
 0.827803 0.169806 0.00239088 0 0
 0.941827 0.0461693 0.0120037 0 0
 0.791401 0.0380133 0.147996 0.0225897 0
 0.846168 0.0940531 0.0597789 0 0
 0.134021 0.677848 0.182769 0.00536245 0
 0.80878 0.0450904 0.141981 0.00414843 0
 0.846168 0.0940531 0.0597789 0 0
 0.905697 0.0802665 0.012482 0.00150086 5.37128e-05
 0.989698 0.0102097 9.19794e-05 0 0
 0.975433 0.0193895 0.00387452 0.00125025 5.28907e-05
 0.303575 0.632131 0.0575291 0.00676475 0
 0.966965 0.00978017 0.0227588 0.000495775 0
 0.843318 0.132988 0.00938335 0.0141283 0.000182051
 0.564624 0.303363 0.111486 0.0197234 0.00080311
 0.826376 0.0876187 0.0782897 0.00655872 0.00115652
 0.89761 0.0855135 0.0140674 0.00269457 0.000114338
 0.34875 0.467042 0.161289 0.0227151 0.000203297
 0.318654 0.224769 0.449479 0.00709798 0
 0.937255 0.0296025 0.0250945 0.00804832 0
ppred_RECLAS
 0.448597 0.104687 0.423937 0.0227781 7.00658e-07
 0.437027 0.253176 0.0588166 0.238182 0.0127979
 0.573063 0.187434 0.107708 0.0250221 0.106774
 0.770534 0.131938 0.0428168 0.0246045 0.0301071
 0.670835 0.254306 0.0430422 0.0139682 0.0178486
 0.763693 0.158727 0.0599368 0.0101445 0.00749884
 0.504176 0.379359 0.0782289 0.0295399 0.00869555
 0.466679 0.271103 0.200625 0.0413716 0.0202209
 0.549505 0.210522 0.121986 0.0902734 0.0277142
 0.698208 0.166574 0.063189 0.0366145 0.0354145
 0.809602 0.133443 0.0314358 0.011925 0.0135933
 0.745192 0.206422 0.033912 0.00798879 0.00648498
 0.691951 0.230465 0.0628517 0.0103256 0.004407
 0.633727 0.254562 0.0835753 0.0227924 0.0053426
 0.728494 0.173489 0.0681224 0.0223652 0.0075291
 0.93006 0.0511567 0.0120022 0.0047128 0.00206813
 0.425536 0.534778 0.0290278 0.00681041 0.00384771
 0.896359 0.0443198 0.0552236 0.00299754 0.00110061
 0.627537 0.33417 0.0163752 0.0204039 0.00151418
 0.620057 0.239584 0.125929 0.00617084 0.00825963
 0.760484 0.149158 0.0569778 0.0299484 0.00343185
 0.762565 0.180936 0.0351841 0.0134402 0.00787388
 0.354794 0.493283 0.115773 0.0225127 0.0136379
 0.761682 0.0849011 0.117293 0.0275285 0.00859588
 0.656042 0.262327 0.0290811 0.0401761 0.0123736
 0.471622 0.347307 0.138098 0.0153093 0.027664
 0.755389 0.115641 0.0847725 0.0337076 0.0104891
 0.716373 0.214534 0.0326641 0.0239449 0.0124839
 0.391127 0.436745 0.130197 0.0198233 0.022108
 0.459262 0.212093 0.235736 0.070275 0.0226327
 0.838459 0.0744497 0.0341599 0.0379679 0.0149638
pobs_PELACES
 0 0 0 0 0
 0 0 0 0 0
 0 0 0 0 0
 0 0 0 0 0
 0 0 0 0 0
 0 0 0 0 0
 0 0 0 0 0
 0 0 0 0 0
 0 0 0 0 0
 0 0 0 0 0
 0 0 0 0 0
 0 0 0 0 0
 0 0 0 0 0
 0 0 0 0 0
 0 0 0 0 0
 0 0 0 0 0
 0.505614 0.472636 0.0217494 0 0
 0 0 0 0 0
 0.443492 0.261883 0.143347 0.151278 0
 0.227955 0.32914 0.350689 0.0885471 0.00366901
 0.970185 0.0296113 0.000203453 0 0
 0.997202 0.00247181 0.000326279 0 0
 0.445219 0.490057 0.0546422 0.010081 0
 0.90214 0.0892962 0.00764917 0.000914606 0
 0 0 0 0 0
 0.581667 0.319106 0.0959925 0.00289975 0.000334073
 0.762889 0.0836404 0.116647 0.0363945 0.000428098
 0.88444 0.0763242 0.0277011 0.0115352 0
 0.521256 0.241999 0.230069 0.00667565 0
 0.616807 0.101726 0.260614 0.0208532 0
 0.833518 0.0704572 0.0857862 0.0102388 0
ppred_PELACES
 0.449334 0.104547 0.423371 0.0227476 6.99722e-07
 0.438342 0.252585 0.0586792 0.237626 0.012768
 0.574326 0.186879 0.107389 0.0249481 0.106458
 0.771885 0.131161 0.0425647 0.0244596 0.0299298
 0.671405 0.253866 0.0429677 0.013944 0.0178177
 0.764628 0.158099 0.0596995 0.0101044 0.00746914
 0.506918 0.377262 0.0777963 0.0293766 0.00864747
 0.467097 0.270891 0.200468 0.0413392 0.0202051
 0.551119 0.209768 0.121549 0.0899501 0.0276149
 0.699965 0.165604 0.0628212 0.0364014 0.0352083
 0.809937 0.133209 0.0313806 0.0119041 0.0135695
 0.747142 0.204842 0.0336525 0.00792766 0.00643535
 0.69397 0.228954 0.0624397 0.0102579 0.00437811
 0.637203 0.252147 0.0827822 0.0225761 0.0052919
 0.73044 0.172246 0.0676343 0.022205 0.00747515
 0.930626 0.0507425 0.011905 0.00467464 0.00205139
 0.426915 0.533494 0.0289582 0.00679406 0.00383847
 0.896907 0.0440851 0.0549312 0.00298167 0.00109478
 0.629545 0.332368 0.0162869 0.0202939 0.00150601
 0.621833 0.238464 0.12534 0.00614199 0.00822101
 0.761517 0.148515 0.0567322 0.0298192 0.00341706
 0.763867 0.179945 0.0349913 0.0133665 0.00783073
 0.355755 0.492548 0.1156 0.0224791 0.0136176
 0.762336 0.0846682 0.116971 0.027453 0.0085723
 0.656878 0.26169 0.0290105 0.0400786 0.0123436
 0.472371 0.346815 0.137902 0.0152876 0.0276248
 0.756054 0.115327 0.0845422 0.0336161 0.0104607
 0.716985 0.214071 0.0325936 0.0238932 0.0124569
 0.391855 0.436223 0.130042 0.0197996 0.0220815
 0.460324 0.211677 0.235274 0.070137 0.0225883
 0.839036 0.0741838 0.034038 0.0378323 0.0149104
pobs_pel_tallas
 0 0 0 0 0 0 0 0 0 0 0 0 0 0 0 0 0 0 0 0 0 0 0 0 0 0
 0 0 0 0 0 0 0 0 0 0 0 0 0 0 0 0 0 0 0 0 0 0 0 0 0 0
 0 0 0 0 0 0 0 0 0 0 0 0 0 0 0 0 0 0 0 0 0 0 0 0 0 0
 0 0 0 0 0 0 0 0 0 0 0 0 0 0 0 0 0 0 0 0 0 0 0 0 0 0
 0 0 0 0 0 0 0 0 0 0 0 0 0 0 0 0 0 0 0 0 0 0 0 0 0 0
 0 0 0 0 0 0 0 0 0 0 0 0 0 0 0 0 0 0 0 0 0 0 0 0 0 0
 0 0 0 0 0 0 0 0 0 0 0 0 0 0 0 0 0 0 0 0 0 0 0 0 0 0
 0 0 0 0 0 0 0 0 0 0 0 0 0 0 0 0 0 0 0 0 0 0 0 0 0 0
 0 0 0 0 0 0 0 0 0 0 0 0 0 0 0 0 0 0 0 0 0 0 0 0 0 0
 0 0 0 0 0 0 0 0 0 0 0 0 0 0 0 0 0 0 0 0 0 0 0 0 0 0
 0 0 0 0 0 0 0 0 0 0 0 0 0 0 0 0 0 0 0 0 0 0 0 0 0 0
 0 0 0 0 0 0 0 0 0 0 0 0 0 0 0 0 0 0 0 0 0 0 0 0 0 0
 0.00862536 0 0 0.000197151 0.00414017 0.0128641 0.00837892 0.0270097 0.101434 0.158115 0.152841 0.127902 0.109271 0.109419 0.0830992 0.0579132 0.0238553 0.00714673 0.00463305 0.00128148 0.00103504 0.000492878 0.000147863 0.000147863 4.92878e-05 0
 0 0 0 0 0 0 0 0 0 0 0 0 0 0 0 0 0 0 0 0 0 0 0 0 0 0
 0 0 0 0 0 0 0 0.0054083 0.00873648 0.0413646 0.0450493 0.0745869 0.0622846 0.0627006 0.0613931 0.0827291 0.12552 0.122667 0.0946155 0.0697135 0.0546179 0.0294188 0.0215738 0.0213955 0.0102223 0.00600262
 0 0 0 0 0.00359764 0.0251062 0.0480494 0.140153 0.205849 0.193036 0.1447 0.116669 0.0760912 0.0342217 0.00950174 0.001854 0.000860785 0 0 0 0.000165536 0 0.000143464 0 0 0
 0 0 0 0 0 0 0 0.000145254 0.000435761 0.0275982 0.070085 0.0708112 0.156366 0.174668 0.174014 0.160142 0.0824315 0.0480064 0.0283245 0.00493863 0.00203355 0 0 0 0 0
 0 0 0 0 0 0 0 0 0 0 0 0 0 0 0 0 0 0 0 0 0 0 0 0 0 0
 0 0 1.00437e-05 0.000401748 0.00122533 0.00171747 0.00176769 0.0269171 0.070346 0.194647 0.189555 0.159765 0.064822 0.0314167 0.0384472 0.0292271 0.0345202 0.0313363 0.0194345 0.0106764 0.0143323 0.0359363 0.0279516 0.0138201 0.00172751 0
 0 0.0021121 0.0136068 0.0755702 0.200478 0.177729 0.0527432 0.0373336 0.0318909 0.0142505 0.0149659 0.0166563 0.0217959 0.0798694 0.0677717 0.0528807 0.04013 0.0224614 0.0357745 0.0225083 0.00881397 0.00855152 0.00135912 0.000746735 0 0
 0 0 0 0 5.4009e-05 0.00500934 0.000945158 0.0243581 0.138947 0.33067 0.221406 0.137944 0.0707744 0.0437923 0.0131692 0.00525238 0.0047753 0.00276346 9.45158e-05 9.00151e-06 2.25038e-05 9.00151e-06 4.50075e-06 0 0 0
 0.000866109 0.00284123 0.00948549 0.0512746 0.133035 0.25785 0.225252 0.132002 0.0553304 0.0519788 0.0540692 0.017754 0.00435017 0.00159236 0.00146478 0.000404838 0.000125132 0.000115318 0.000107957 0.000100596 0 0 0 0 0 0
 0 0 0 0 0.00144013 0.00171154 0.00461396 0.0210425 0.0478622 0.0707936 0.0888783 0.103762 0.0637923 0.0337046 0.0602308 0.124433 0.169614 0.0934646 0.0462172 0.0250306 0.0313229 0.00938855 0.002487 0.000210481 0 0
 0 0.00764035 0.051015 0.0998891 0.058973 0.0496711 0.0374665 0.0718981 0.12319 0.153886 0.159021 0.0857701 0.0377988 0.023471 0.0147837 0.00900784 0.00315554 0.000888139 0.00291439 0.00214683 0.00393193 0.00274676 0.000635225 9.99891e-05 0 0
 0 0 0 0 0 0 0 0 0 0 0 0 0 0 0 0 0 0 0 0 0 0 0 0 0 0
 0 0 0 0 0 0 0 0 0 0 0 0 0 0 0 0 0 0 0 0 0 0 0 0 0 0
 0 0 0 0 0 0 0 0 0 0 0 0 0 0 0 0 0 0 0 0 0 0 0 0 0 0
 0 0 0 0 0 0 0 0 0 0 0 0 0 0 0 0 0 0 0 0 0 0 0 0 0 0
 0 0 0 0 0 0 0 0 0 0 0 0 0 0 0 0 0 0 0 0 0 0 0 0 0 0
 0 0 0 0 0 0 0 0 0 0 0 0 0 0 0 0 0 0 0 0 0 0 0 0 0 0
 0 0 0 0 0 0 0 0 0 0 0 0 0 0 0 0 0 0 0 0 0 0 0 0 0 0
ppred_pel_tallas
 1.14526e-16 3.7011e-05 0.00035976 0.00239074 0.0108679 0.0338143 0.0720452 0.105154 0.105165 0.0720979 0.0339929 0.011392 0.00373664 0.00339878 0.00610363 0.0107993 0.017335 0.0254984 0.0349557 0.0453277 0.0560182 0.0658564 0.0729983 0.0754537 0.0720472 0.0631539
 1.2775e-16 3.61057e-05 0.00035096 0.00233225 0.0106021 0.0329872 0.0702836 0.102586 0.102611 0.0704032 0.0333892 0.0117649 0.00525817 0.00676294 0.0122905 0.0204768 0.0300377 0.0390166 0.0455559 0.0490844 0.0507597 0.0526392 0.0561645 0.0611165 0.0657346 0.067756
 1.23665e-16 4.73065e-05 0.000459836 0.00305578 0.0138911 0.0432205 0.0920866 0.134407 0.134425 0.0921754 0.0435193 0.014756 0.00523459 0.00524275 0.00921063 0.0153665 0.0226498 0.0296154 0.0348633 0.0378773 0.0393574 0.0406722 0.0428473 0.04588 0.0488094 0.0503298
 1.0878e-16 6.35792e-05 0.000618012 0.00410691 0.0186694 0.0580876 0.123762 0.180637 0.18065 0.123824 0.058296 0.0192722 0.00562263 0.00393578 0.0063916 0.010539 0.0153536 0.0196993 0.0224815 0.0232481 0.0224674 0.0211833 0.0203161 0.0201552 0.0203497 0.0202699
 1.05719e-16 5.53028e-05 0.000537563 0.00357229 0.0162391 0.0505261 0.107652 0.157127 0.157151 0.107772 0.0509279 0.0173999 0.00648669 0.00690266 0.0121527 0.0200279 0.0289059 0.0364842 0.0404611 0.0397969 0.0353361 0.0292212 0.023581 0.0195134 0.0169543 0.0152158
 1.04041e-16 6.29815e-05 0.000612202 0.0040683 0.0184939 0.0575415 0.122599 0.17894 0.178955 0.122674 0.0577928 0.0192204 0.00589495 0.00460958 0.00768347 0.0126779 0.0184332 0.0235502 0.0266385 0.0270477 0.0252198 0.0223167 0.0194431 0.0170938 0.0151546 0.0132773
 1.06751e-16 4.17542e-05 0.000405866 0.00269712 0.0122608 0.038148 0.0812796 0.118638 0.118674 0.0814575 0.0387455 0.0139872 0.00703292 0.0098785 0.0180545 0.0298413 0.0431257 0.0545362 0.0606609 0.0599341 0.0535477 0.0445832 0.0360907 0.0296277 0.0251118 0.0216398
 1.1342e-16 3.84742e-05 0.000373983 0.00248525 0.0112976 0.0351512 0.0748943 0.109316 0.109342 0.0750233 0.0355851 0.0125543 0.0056527 0.00733151 0.0133785 0.0223878 0.0330236 0.043161 0.0506231 0.0543708 0.0549882 0.0539874 0.0525519 0.0508001 0.0480489 0.043633
 1.17256e-16 4.5395e-05 0.000441255 0.0029323 0.0133298 0.0414741 0.0883657 0.128977 0.128997 0.0884654 0.0418095 0.014301 0.00537909 0.00581301 0.0103381 0.0172619 0.0254446 0.0332566 0.0390896 0.0422863 0.043503 0.0441061 0.0450857 0.0463742 0.0470173 0.0459066
 1.11465e-16 5.76552e-05 0.000560429 0.00372425 0.0169299 0.0526753 0.112231 0.163808 0.163824 0.112309 0.0529388 0.0176921 0.00564162 0.00475986 0.00807462 0.0133694 0.0195241 0.0251433 0.0288654 0.0301263 0.0294986 0.02825 0.0274689 0.027445 0.0276864 0.0273963
 1.0443e-16 6.67134e-05 0.000648478 0.00430937 0.0195898 0.0609511 0.129863 0.189542 0.189555 0.129926 0.0611623 0.0202 0.00584242 0.00399943 0.00644364 0.0105816 0.0153203 0.019448 0.021783 0.0217997 0.0199385 0.0172873 0.0148928 0.0132414 0.012214 0.0113944
 1.02908e-16 6.15412e-05 0.000598202 0.00397526 0.018071 0.0562256 0.119795 0.174849 0.174869 0.119892 0.0565497 0.0190072 0.00632576 0.00573081 0.00981364 0.0161381 0.0232691 0.0293209 0.0324139 0.0316841 0.0277902 0.0224511 0.0174 0.0135718 0.0109935 0.00920329
 1.03631e-16 5.71615e-05 0.00055563 0.00369236 0.0167849 0.0522243 0.11127 0.162407 0.162429 0.111378 0.0525873 0.0178342 0.00632835 0.00631766 0.0110227 0.0181906 0.0263346 0.0333999 0.0373206 0.0371297 0.0335 0.028223 0.0230686 0.0189375 0.0158022 0.013205
 1.05614e-16 5.24856e-05 0.000510179 0.00339032 0.0154119 0.0479523 0.102168 0.149123 0.149147 0.102288 0.0483527 0.0165693 0.0062994 0.00687349 0.0121751 0.0201435 0.0292439 0.0372624 0.041967 0.0423185 0.0390447 0.0340497 0.0291613 0.0252258 0.0220881 0.0191816
 1.05488e-16 6.01654e-05 0.000584829 0.0038864 0.017667 0.0549687 0.117117 0.170939 0.170956 0.117199 0.0552426 0.0184591 0.00587843 0.00494562 0.00837801 0.01385 0.020169 0.0258362 0.0293609 0.030057 0.0284164 0.0256915 0.0230404 0.0209271 0.0191403 0.0172285
 1.01173e-16 7.66545e-05 0.000745109 0.00495151 0.0225089 0.0700334 0.149214 0.217783 0.217788 0.149238 0.0701138 0.0227413 0.00553531 0.00202102 0.00250423 0.00403032 0.00582615 0.00738597 0.00825156 0.00821574 0.00743884 0.00632975 0.00528732 0.0045059 0.0039594 0.00351569
 1.02304e-16 3.51645e-05 0.000341812 0.00227146 0.0103258 0.0321276 0.0684531 0.0999201 0.0999714 0.0687039 0.0329696 0.0127569 0.00837024 0.0136432 0.0252609 0.041611 0.0597168 0.0746286 0.0813254 0.0774943 0.0649338 0.0483914 0.0328044 0.0210663 0.0135905 0.00928631
 1.02081e-16 7.38771e-05 0.000718111 0.0047721 0.0216933 0.0674959 0.143807 0.209892 0.209896 0.143828 0.0675672 0.0219002 0.00529506 0.00187172 0.00229988 0.00377648 0.00564481 0.00753803 0.00911987 0.0102097 0.0108387 0.0111362 0.0111574 0.0108186 0.00999225 0.00865663
 1.02846e-16 5.18549e-05 0.000504048 0.00334958 0.0152267 0.0473761 0.100941 0.147333 0.147365 0.101097 0.0479008 0.0167415 0.00714995 0.00879347 0.0157752 0.0259467 0.0372554 0.046611 0.0509094 0.0487413 0.0412555 0.0314179 0.0222752 0.0155543 0.0114021 0.00902539
 1.05686e-16 5.12196e-05 0.000497873 0.00330854 0.0150402 0.0467957 0.099704 0.145526 0.145549 0.0998171 0.0471757 0.0161397 0.00607528 0.00656013 0.0116301 0.0193164 0.0282167 0.0363042 0.0415142 0.0428423 0.0408495 0.0371046 0.0330645 0.0293284 0.0257197 0.0218696
 1.05244e-16 6.27252e-05 0.000609711 0.00405174 0.0184186 0.0573073 0.1221 0.178211 0.178226 0.12217 0.0575435 0.0191017 0.00576959 0.0043706 0.00723742 0.0119507 0.0174113 0.0223264 0.0254223 0.0261231 0.0248666 0.0227358 0.0207125 0.0191565 0.017829 0.0162857
 1.03722e-16 6.29187e-05 0.000611592 0.00406425 0.0184755 0.0574842 0.122477 0.178762 0.178779 0.122562 0.0577691 0.0192987 0.0061317 0.0051281 0.00865026 0.014227 0.0205507 0.0259784 0.0288819 0.0285211 0.0254778 0.0212391 0.0172753 0.0143338 0.0123618 0.0108968
 1.08021e-16 2.93032e-05 0.000284838 0.00189285 0.00860464 0.0267725 0.0570434 0.0832664 0.083314 0.0572757 0.0275529 0.0108598 0.00755725 0.0126624 0.0235721 0.0390165 0.0564206 0.0714099 0.0795263 0.0786983 0.070429 0.0586741 0.0473637 0.0385295 0.0321317 0.0271122
 1.07602e-16 6.27926e-05 0.000610366 0.0040561 0.0184384 0.0573689 0.122231 0.178401 0.178409 0.122272 0.0575064 0.0188378 0.00506692 0.00284494 0.00438884 0.00737175 0.0111186 0.0150442 0.0185758 0.0214282 0.0236859 0.0255532 0.0270045 0.0276721 0.0270755 0.0249758
 1.07013e-16 5.41062e-05 0.000525932 0.003495 0.0158878 0.0494329 0.105323 0.153727 0.153753 0.105446 0.0498468 0.0170832 0.00649584 0.00707788 0.0125014 0.0205947 0.0296996 0.037445 0.0414736 0.0407534 0.0362179 0.0301433 0.0247592 0.0211638 0.019176 0.0179237
 1.10277e-16 3.89086e-05 0.000378206 0.00251331 0.0114252 0.0355481 0.0757403 0.110552 0.110586 0.0759044 0.0360996 0.0130197 0.00652281 0.00915413 0.0167741 0.0278477 0.0405302 0.0518469 0.0587699 0.0598847 0.0561607 0.0501322 0.044194 0.039394 0.0354428 0.0315401
 1.07611e-16 6.22752e-05 0.000605337 0.00402268 0.0182865 0.0568962 0.121224 0.176932 0.176943 0.121279 0.057081 0.0188219 0.00537247 0.00357143 0.00575309 0.00956467 0.0141322 0.0185359 0.021878 0.0237541 0.0244456 0.0246048 0.0246999 0.0246919 0.0241594 0.0226831
 1.055e-16 5.90571e-05 0.000574056 0.00381481 0.0173416 0.0539562 0.11496 0.167792 0.167813 0.115061 0.054295 0.0183202 0.00627206 0.0059407 0.010259 0.0168882 0.0243772 0.0307812 0.0341712 0.0336903 0.0300726 0.0251392 0.0206782 0.0175778 0.0157185 0.0144472
 1.09587e-16 3.22766e-05 0.000313741 0.00208492 0.00947776 0.0294891 0.0628311 0.0917127 0.0917548 0.0630371 0.0301812 0.0114783 0.00711196 0.0113058 0.020961 0.0347402 0.0503663 0.0640204 0.071811 0.071928 0.0656625 0.056397 0.0474295 0.0403674 0.0350386 0.0304675
 1.177e-16 3.79163e-05 0.00036856 0.00244921 0.0111338 0.0346414 0.073808 0.107729 0.10775 0.0739095 0.0349833 0.0121258 0.00495619 0.00589743 0.0107037 0.0180703 0.0270509 0.0361777 0.0439465 0.0496465 0.0536283 0.0566932 0.0591499 0.0604018 0.0593791 0.0553618
 1.07319e-16 6.91103e-05 0.000671776 0.00446419 0.0202936 0.0631409 0.134529 0.19635 0.196357 0.134564 0.0632593 0.0206363 0.00532715 0.00256493 0.00369273 0.00607169 0.00892563 0.011633 0.0136287 0.0147037 0.0151339 0.0154573 0.0160677 0.0169443 0.0176945 0.0178207
pSPR Fmed_Fpbrs
0.746658   0.192785 0.192785
Fs Fmed_Fpbrs
0.145856   1.005 1.005
SSBpbr Bo_Bmed_Bpbrs
2.59531e+06  1.80804e+06  370570 370570
Ro
245553
SPR SPRFo_SPRFmed_SPRFpbrs
1.7552e+06 1.31053e+06 338375
Fref
1.005
Nvult_r0
 292850 26338.1 12084.8 13431.9 5293.75
CTP_r0
 27977.3 2791.48 1280.82 1423.6 561.065
YTP_r0
391298
Np
 343305 144896 12782.9 5865.21 8649.14
Nvult_p0
 291721 125384 11061.6 5075.4 7484.45
CTP_p0
 137813 62848.3 5544.57 2544.03 3751.56
YTP_p0
 2.3817e+06
CBA_c0
988419
log_Ro
12.2313
likeval ReclasPelacesDesembMPH_pf_preclas_ppelaces_ptallas_desvR_qrecl_qpela
 16.2757 17.3756 0.108154 0.000812363 241.593 120.829 98.0922 0 22.7557 1.53072e-05 7.22516e-06 0.549847 0 0 0
q_reclas_q_pelaces
0.574411 0.682211
M
1
N
 254133 59574 241249 12962.3 0.398723
 148701 86844.7 20175.3 81701.4 4389.93
 145392 47927.6 27541.4 6398.26 27302.4
 271684 47063.2 15273.1 8776.61 10739.4
 217256 82681.9 13994.2 4541.44 5803.08
 357909 74976 28311.6 4791.84 3542.13
 151340 115782 23875.8 9015.7 2653.92
 72859.3 42433.1 31401.9 6475.48 3164.98
 66456.1 25712.9 14899.2 11025.9 3384.98
 86098.9 20802.4 7891.3 4572.57 4422.7
 155758 25757.5 6067.8 2301.79 2623.81
 193005 54303.7 8921.29 2101.62 1706.01
 162847 55024.1 15006 2465.27 1052.18
 115254 47361 15549.1 4240.5 993.985
 120965 29241.1 11481.8 3769.6 1269.01
 625472 34861.8 8179.15 3211.64 1409.37
 146215 185327 10059.6 2360.15 1333.42
 937691 46781.3 58290.7 3164.03 1161.73
 552200 297911 14598.4 18190 1349.88
 420042 164167 86288.4 4228.36 5659.63
 647944 128183 48965.4 25736.9 2949.25
 863371 207102 40272.1 15383.8 9012.53
 189931 265752 62371.8 12128.5 7347.32
 561890 62974.2 87000.2 20418.9 6375.87
 470160 189058 20958.6 28954.8 8917.63
 213312 157802 62746.1 6955.91 12569.4
 473247 72844.8 53399.9 21233.1 6607.32
 529350 159252 24247.1 17774.6 9266.95
 161103 180728 53876.7 8203.03 9148.45
 118213 54946.9 61072.1 18206.1 5863.45
 437746 39121 17950 19951 7863.01
pred_Ctot
 11488.2 3011.42 12195 655.232 0.0201551
 11770.5 7664.84 1780.65 7210.89 387.452
 11153.4 4100.34 2356.25 547.39 2335.8
 30128.7 5803.39 1883.33 1082.25 1324.28
 8546.64 3638.9 615.898 199.873 255.399
 27583.8 6444.06 2433.33 411.851 304.44
 23261.6 19713.1 4065.1 1535.02 451.857
 1880.25 1226.48 907.633 187.166 91.4799
 6346.96 2734.31 1584.38 1172.5 359.959
 10339 2775.41 1052.84 610.061 590.066
 5171.67 957.284 225.511 85.5466 97.5144
 28030.8 8742.95 1436.34 338.363 274.67
 21975.8 8239.09 2246.94 369.139 157.55
 23301.3 10559.3 3466.71 945.431 221.611
 16894.7 4529.61 1778.6 583.933 196.577
 78297.6 4846.49 1137.07 446.483 195.931
 12180.5 17208.2 934.063 219.147 123.812
 81813.4 4547.92 5666.82 307.596 112.94
 68145.3 40834.8 2001.01 2493.31 185.029
 45958.2 19975.4 10499.4 514.497 688.651
 54340 11981.6 4576.92 2405.7 275.674
 90422.7 24131.4 4692.47 1792.51 1050.13
 11953 18673.9 4382.74 852.248 516.281
 30549.7 3825.68 5285.26 1240.44 387.334
 26245.6 11790.8 1307.11 1805.8 556.158
 9730.22 8048.77 3200.39 354.79 641.108
 25695.6 4419.4 3239.71 1288.19 400.858
 24218.4 8146.9 1240.41 909.302 474.072
 7468.6 9367.92 2792.66 425.198 474.203
 7569.08 3927.88 4365.74 1301.46 419.149
 27977.3 2791.48 1280.82 1423.6 561.065
F
 0.0737366 0.0827601 0.0827601 0.0827601 0.0827601
 0.132249 0.148433 0.148433 0.148433 0.148433
 0.127942 0.143599 0.143599 0.143599 0.143599
 0.18964 0.212847 0.212847 0.212847 0.212847
 0.0639081 0.0717289 0.0717289 0.0717289 0.0717289
 0.12857 0.144304 0.144304 0.144304 0.144304
 0.271603 0.304841 0.304841 0.304841 0.304841
 0.0415377 0.0466209 0.0466209 0.0466209 0.0466209
 0.161472 0.181233 0.181233 0.181233 0.181233
 0.206769 0.232073 0.232073 0.232073 0.232073
 0.0537132 0.0602864 0.0602864 0.0602864 0.0602864
 0.254942 0.286141 0.286141 0.286141 0.286141
 0.23501 0.26377 0.26377 0.26377 0.26377
 0.371563 0.417033 0.417033 0.417033 0.417033
 0.244112 0.273986 0.273986 0.273986 0.273986
 0.216383 0.242863 0.242863 0.242863 0.242863
 0.139599 0.156682 0.156682 0.156682 0.156682
 0.146628 0.164571 0.164571 0.164571 0.164571
 0.213028 0.239098 0.239098 0.239098 0.239098
 0.186897 0.209769 0.209769 0.209769 0.209769
 0.140594 0.157799 0.157799 0.157799 0.157799
 0.17828 0.200097 0.200097 0.200097 0.200097
 0.103936 0.116655 0.116655 0.116655 0.116655
 0.0892528 0.100175 0.100175 0.100175 0.100175
 0.0917318 0.102958 0.102958 0.102958 0.102958
 0.0744258 0.0835337 0.0835337 0.0835337 0.0835337
 0.0891285 0.100036 0.100036 0.100036 0.100036
 0.0746553 0.0837913 0.0837913 0.0837913 0.0837913
 0.075679 0.0849402 0.0849402 0.0849402 0.0849402
 0.105827 0.118778 0.118778 0.118778 0.118778
 0.105625 0.118551 0.118551 0.118551 0.118551
nmprior
 8.19 8.8 8.5 0
nm_flota  nm_reclas  nm_pelaces    nm_pelaL
inf 11.5703 17.4788 41.235
cv_recla  cv_pelaces  cv_mph
0.364917 0.472652 0.87959
 ------------------------------------------------
Talla a la edad & desviaci?n 
 8 13.2811 15.8009 17.003 17.5766
 0.8 1.32811 1.58009 1.7003 1.75766
