years
 1991 1992 1993 1994 1995 1996 1997 1998 1999 2000 2001 2002 2003 2004 2005 2006 2007 2008 2009 2010 2011 2012 2013 2014 2015 2016 2017 2018 2019 2020 2021
reclasobs
 0 0 0 0 0 0 0 0 0 252601 567819 844713 477998 351125 339783 2.1784e+06 2.13404e+06 4.81314e+06 1.55562e+06 2.62356e+06 3.21686e+06 3.843e+06 1.13348e+06 3.07943e+06 1.97215e+06 2.03268e+06 2.025e+06 2.42433e+06 2.27542e+06 1.05018e+06 2.36338e+06
reclaspred
 3.20464e+06 1.76966e+06 897208 916761 925385 1.52998e+06 903743 787940 565697 397539 501851 666535 654686 493426 491357 1.33072e+06 1.22497e+06 3.00226e+06 2.41537e+06 1.77248e+06 3.09466e+06 2.5183e+06 1.95315e+06 3.05366e+06 2.28091e+06 2.01645e+06 2.41313e+06 2.59678e+06 2.09092e+06 1.289e+06 1.89514e+06
pelacesobs
 0 0 0 0 0 0 0 0 0 0 0 0 0 0 0 552880 188675 0 991730 2.46772e+06 1.41603e+06 1.21717e+06 2.29649e+06 1.80582e+06 0 1.4828e+06 1.56532e+06 1.57751e+06 1.42118e+06 867257 1.10002e+06
pelacespred
 1.77771e+06 1.08081e+06 539892 454266 488829 838292 442612 499038 335667 220127 294875 324089 351720 273684 282363 642176 594297 1.70231e+06 1.39046e+06 937140 1.62589e+06 1.40001e+06 1.101e+06 1.90473e+06 1.35745e+06 1.20337e+06 1.64645e+06 1.7456e+06 1.15767e+06 803546 1.16745e+06
mphobs
 0 0 0 0 0 0 0 0 0 0 0 498337 0 5186 125008 0 168611 109162 213762 579715 649985 157893 87575 83554 0 0 0 0 0 0 0
mphpred
 489961 327754 159964 88367.4 97555.3 114336 152931 87625.4 78565.6 51522 32897.3 60370.6 64733.4 53626.2 34077.9 43396.1 151395 137811 299999 216172 229282 281691 268185 217411 308628 254738 208683 224074 318540 212031 128535
desembarqueobs
 494567 514787 250237 358949 120608 361735 552515 73892 212993 205616 52469 317467 293654 387597 252695 516296 358380 742168 942051 627588 828172 859565 418607 520667 417249 300574 415391 372974 316634 284311 391294
desembarquepred
 494573 513679 250775 358984 120614 361748 552558 73897.1 213052 205670 52471.9 317535 293700 387608 252681 516242 358406 742040 941799 627409 828253 859566 418613 520694 417243 300574 415388 372951 316621 284317 391299
Reclutas
 179749 99651.5 100629 160200 129040 227061 91518.4 40080.6 38552.1 51720.6 96589.4 134611 112472 78524.6 74804.4 402599 81836.4 642070 359126 284524 400396 546888 110864 323930 277107 122625 274851 310611 91993.4 66126.5 246174
log_desv_Rt
 0.170896 -0.418986 -0.409227 0.0557594 -0.160541 0.404553 -0.504125 -1.32977 -1.36865 -1.07481 -0.450196 -0.118277 -0.297958 -0.657252 -0.705788 0.977277 -0.615943 1.44403 0.863007 0.630152 0.97179 1.28358 -0.31236 0.759862 0.603739 -0.211534 0.595563 0.717878 -0.498948 -0.829095 0.485375
SSB
 2.42498e+06 1.62217e+06 791717 437360 482834 565887 756905 433688 388848 255000 162820 298795 320387 265414 168663 214782 749303 682076 1.4848e+06 1.06991e+06 1.13479e+06 1.39418e+06 1.32734e+06 1.07604e+06 1.5275e+06 1.26078e+06 1.03284e+06 1.10902e+06 1.57656e+06 1.04941e+06 636164
BT
 3.35733e+06 2.29205e+06 1.13757e+06 1.04993e+06 903484 1.69515e+06 1.22571e+06 890819 767147 561956 533361 801370 848166 855311 720720 1.48152e+06 1.26287e+06 3.47556e+06 3.20299e+06 2.11108e+06 3.36512e+06 3.11477e+06 2.18495e+06 3.63968e+06 2.63121e+06 2.25697e+06 3.1513e+06 3.26591e+06 2.17643e+06 1.60555e+06 2.30536e+06
Ftot
 0.174217 0.319762 0.312833 0.472772 0.157302 0.297078 0.671902 0.111974 0.442714 0.60215 0.138147 0.577458 0.540598 0.925827 0.655173 0.522883 0.338073 0.326903 0.462841 0.424295 0.33006 0.416921 0.246462 0.21838 0.217879 0.175299 0.218384 0.1853 0.16998 0.250018 0.268124
BD_Bspro_t
 0.972595 0.807985 0.620794 0.525205 0.519836 0.606809 0.601222 0.419168 0.477353 0.423133 0.384066 0.619094 0.498514 0.404557 0.291601 0.345627 0.533157 0.497155 0.618662 0.509024 0.477386 0.525841 0.54267 0.530292 0.645804 0.655641 0.662307 0.702469 0.754351 0.678036 0.599922
BD_Bspro
 2.23914 1.49785 0.731043 0.403843 0.445832 0.522519 0.698899 0.400452 0.359048 0.235457 0.150342 0.275896 0.295834 0.245074 0.155737 0.198322 0.69188 0.629804 1.37101 0.987915 1.04783 1.28734 1.22562 0.993579 1.41044 1.16416 0.95369 1.02403 1.45574 0.968991 0.587411
BD_Bo
 1.48611 0.994116 0.48519 0.268029 0.295897 0.346794 0.463857 0.265778 0.238299 0.156272 0.0997813 0.183111 0.196344 0.162654 0.103362 0.131625 0.459198 0.417999 0.909934 0.655675 0.69544 0.854402 0.813438 0.659434 0.936104 0.77265 0.632961 0.679643 0.96617 0.643116 0.389862
BD_Brms
 8.37316 5.60113 2.7337 1.51015 1.66716 1.95393 2.6135 1.49747 1.34264 0.880481 0.562195 1.0317 1.10626 0.916441 0.582371 0.741614 2.58725 2.35512 5.12682 3.69426 3.9183 4.81394 4.58314 3.71544 5.27427 4.35332 3.56628 3.8293 5.44367 3.62349 2.19659
Sel_flota
 0.73325 0.981213 0.998993 0.999947 0.999997
 0.73325 0.981213 0.998993 0.999947 0.999997
 0.73325 0.981213 0.998993 0.999947 0.999997
 0.73325 0.981213 0.998993 0.999947 0.999997
 0.73325 0.981213 0.998993 0.999947 0.999997
 0.73325 0.981213 0.998993 0.999947 0.999997
 0.73325 0.981213 0.998993 0.999947 0.999997
 0.73325 0.981213 0.998993 0.999947 0.999997
 0.73325 0.981213 0.998993 0.999947 0.999997
 0.73325 0.981213 0.998993 0.999947 0.999997
 0.73325 0.981213 0.998993 0.999947 0.999997
 0.73325 0.981213 0.998993 0.999947 0.999997
 0.73325 0.981213 0.998993 0.999947 0.999997
 0.73325 0.981213 0.998993 0.999947 0.999997
 0.73325 0.981213 0.998993 0.999947 0.999997
 0.73325 0.981213 0.998993 0.999947 0.999997
 0.73325 0.981213 0.998993 0.999947 0.999997
 0.73325 0.981213 0.998993 0.999947 0.999997
 0.73325 0.981213 0.998993 0.999947 0.999997
 0.73325 0.981213 0.998993 0.999947 0.999997
 0.73325 0.981213 0.998993 0.999947 0.999997
 0.73325 0.981213 0.998993 0.999947 0.999997
 0.73325 0.981213 0.998993 0.999947 0.999997
 0.73325 0.981213 0.998993 0.999947 0.999997
 0.73325 0.981213 0.998993 0.999947 0.999997
 0.73325 0.981213 0.998993 0.999947 0.999997
 0.73325 0.981213 0.998993 0.999947 0.999997
 0.73325 0.981213 0.998993 0.999947 0.999997
 0.73325 0.981213 0.998993 0.999947 0.999997
 0.73325 0.981213 0.998993 0.999947 0.999997
 0.73325 0.981213 0.998993 0.999947 0.999997
Sel_reclas
 1 1 1 1 1
 1 1 1 1 1
 1 1 1 1 1
 1 1 1 1 1
 1 1 1 1 1
 1 1 1 1 1
 1 1 1 1 1
 1 1 1 1 1
 1 1 1 1 1
 1 1 1 1 1
 1 1 1 1 1
 1 1 1 1 1
 1 1 1 1 1
 1 1 1 1 1
 1 1 1 1 1
 1 1 1 1 1
 1 1 1 1 1
 1 1 1 1 1
 1 1 1 1 1
 1 1 1 1 1
 1 1 1 1 1
 1 1 1 1 1
 1 1 1 1 1
 1 1 1 1 1
 1 1 1 1 1
 1 1 1 1 1
 1 1 1 1 1
 1 1 1 1 1
 1 1 1 1 1
 1 1 1 1 1
 1 1 1 1 1
Sel_pelaces
 0.997563 1 1 1 1
 0.997563 1 1 1 1
 0.997563 1 1 1 1
 0.997563 1 1 1 1
 0.997563 1 1 1 1
 0.997563 1 1 1 1
 0.997563 1 1 1 1
 0.997563 1 1 1 1
 0.997563 1 1 1 1
 0.997563 1 1 1 1
 0.997563 1 1 1 1
 0.997563 1 1 1 1
 0.997563 1 1 1 1
 0.997563 1 1 1 1
 0.997563 1 1 1 1
 0.997563 1 1 1 1
 0.997563 1 1 1 1
 0.997563 1 1 1 1
 0.997563 1 1 1 1
 0.997563 1 1 1 1
 0.997563 1 1 1 1
 0.997563 1 1 1 1
 0.997563 1 1 1 1
 0.997563 1 1 1 1
 0.997563 1 1 1 1
 0.997563 1 1 1 1
 0.997563 1 1 1 1
 0.997563 1 1 1 1
 0.997563 1 1 1 1
 0.997563 1 1 1 1
 0.997563 1 1 1 1
pf_obs 
 0.8446 0.082 0.0669 0.0065 0
 0.8095 0.147 0.0364 0.0071 0
 0.9664 0.0169 0.016 0.0007 0
 0.9276 0.0648 0.0075 0.0001 0
 0.7033 0.2144 0.0806 0.0017 0
 0.9318 0.0425 0.0243 0.0014 0
 0.5671 0.3108 0.0964 0.0239 0.0018
 0.0768 0.2599 0.5324 0.112 0.0189
 0.490249 0.384438 0.106611 0.0170017 0.00170017
 0.7925 0.1577 0.0466 0.003 0.0002
 0.840416 0.127587 0.0312969 0.00059994 9.999e-05
 0.8084 0.0986 0.0794 0.0134 0.0002
 0.7335 0.1905 0.0724 0.0035 0.0001
 0.4001 0.4547 0.1325 0.0127 0
 0.49795 0.308269 0.164784 0.0264974 0.00249975
 0.9179 0.0499 0.0305 0.0017 0
 0.2467 0.6533 0.0926 0.0074 0
 0.9418 0.0223 0.034 0.0019 0
 0.707729 0.231977 0.0356964 0.0245975 0
 0.517169 0.277429 0.184464 0.0207286 0.00020938
 0.811772 0.124168 0.05621 0.00726502 0.000585176
 0.764997 0.148141 0.077277 0.00933861 0.000247198
 0.163321 0.427699 0.378323 0.0303852 0.000271297
 0.753843 0.0900009 0.118128 0.0371064 0.000921714
 0.721811 0.176058 0.0630433 0.0369309 0.00215725
 0.143369 0.312575 0.442814 0.0836902 0.0175525
 0.692698 0.0596174 0.167031 0.0765114 0.00414204
 0.394062 0.376323 0.152708 0.0712218 0.00568511
 0.125707 0.32114 0.495352 0.0537591 0.00404204
 0.23352 0.215282 0.420074 0.123614 0.00750983
 0.774587 0.0839891 0.0768558 0.0609784 0.00358967
pf_pred 
 0.465112 0.132123 0.37857 0.0241935 8.30683e-07
 0.417967 0.316523 0.066528 0.18704 0.0119416
 0.572376 0.214021 0.117295 0.0241515 0.0721563
 0.734935 0.172672 0.0467282 0.0250886 0.0205762
 0.652343 0.277445 0.0461015 0.0122012 0.0119091
 0.747698 0.181008 0.0571139 0.00931376 0.00486595
 0.465683 0.429823 0.0754027 0.0233108 0.00578097
 0.452482 0.30724 0.194224 0.0332441 0.0128092
 0.538673 0.243358 0.123307 0.0765329 0.018129
 0.713685 0.178896 0.0572698 0.0283848 0.0217649
 0.824276 0.137782 0.0239233 0.0074786 0.00654032
 0.74075 0.223937 0.0278014 0.00473795 0.00277359
 0.687177 0.251872 0.0528182 0.00640421 0.0017281
 0.634998 0.277449 0.0708141 0.0145079 0.00223094
 0.74701 0.184224 0.0526227 0.0130609 0.00308266
 0.937878 0.0504887 0.00852845 0.00237703 0.00072826
 0.374455 0.597913 0.0225542 0.00372351 0.00135409
 0.90536 0.0429337 0.0494677 0.00182762 0.000410988
 0.584147 0.386967 0.013253 0.014957 0.000676111
 0.610409 0.259279 0.121451 0.00406801 0.0047929
 0.735275 0.182435 0.0551642 0.0252836 0.00184246
 0.745186 0.20251 0.0362809 0.0107455 0.0052781
 0.315543 0.550759 0.106732 0.0187121 0.00825462
 0.737832 0.101518 0.12977 0.024657 0.00622317
 0.623584 0.299164 0.0302745 0.0379554 0.00902251
 0.426678 0.397498 0.14031 0.0139263 0.0215874
 0.726825 0.137347 0.0947234 0.0328084 0.00829543
 0.683036 0.248831 0.0345918 0.0233983 0.0101427
 0.343201 0.489526 0.131865 0.0179859 0.0174216
 0.412931 0.243525 0.257292 0.06801 0.0182427
 0.821411 0.0880527 0.0379972 0.0393591 0.0131804
pobs_RECLAS
 0 0 0 0 0
 0 0 0 0 0
 0 0 0 0 0
 0 0 0 0 0
 0 0 0 0 0
 0 0 0 0 0
 0 0 0 0 0
 0 0 0 0 0
 0 0 0 0 0
 0 0 0 0 0
 0.991045 0.00858322 0.000360255 1.14367e-05 0
 0.934742 0.0480273 0.0164251 0.00080598 0
 0.827803 0.169806 0.00239088 0 0
 0.941827 0.0461693 0.0120037 0 0
 0.791401 0.0380133 0.147996 0.0225897 0
 0.846168 0.0940531 0.0597789 0 0
 0.134021 0.677848 0.182769 0.00536245 0
 0.80878 0.0450904 0.141981 0.00414843 0
 0.846168 0.0940531 0.0597789 0 0
 0.905697 0.0802665 0.012482 0.00150086 5.37128e-05
 0.989698 0.0102097 9.19794e-05 0 0
 0.975433 0.0193895 0.00387452 0.00125025 5.28907e-05
 0.303575 0.632131 0.0575291 0.00676475 0
 0.966965 0.00978017 0.0227588 0.000495775 0
 0.843318 0.132988 0.00938335 0.0141283 0.000182051
 0.564624 0.303363 0.111486 0.0197234 0.00080311
 0.826376 0.0876187 0.0782897 0.00655872 0.00115652
 0.89761 0.0855135 0.0140674 0.00269457 0.000114338
 0.34875 0.467042 0.161289 0.0227151 0.000203297
 0.318654 0.224769 0.449479 0.00709798 0
 0.937255 0.0296025 0.0250945 0.00804832 0
ppred_RECLAS
 0.542232 0.11464 0.322535 0.0205924 7.07003e-07
 0.494285 0.27744 0.0572407 0.16077 0.0102639
 0.645723 0.178996 0.0962961 0.0198082 0.0591771
 0.79103 0.137051 0.0363921 0.0195194 0.0160078
 0.716667 0.226955 0.0370308 0.0097911 0.00955618
 0.800662 0.143764 0.0445301 0.00725452 0.00378991
 0.544554 0.367789 0.0632715 0.0195401 0.00484559
 0.527757 0.267128 0.165832 0.028357 0.0109256
 0.614819 0.205042 0.101951 0.0632141 0.0149733
 0.773857 0.142347 0.0446973 0.0221306 0.0169684
 0.863421 0.107516 0.0183317 0.00572509 0.00500655
 0.795924 0.176743 0.021524 0.00366438 0.00214501
 0.749843 0.202168 0.0415913 0.00503782 0.00135932
 0.707347 0.22355 0.055903 0.0114405 0.00175916
 0.802134 0.144853 0.0405779 0.010061 0.00237447
 0.95367 0.0377891 0.00626254 0.00174371 0.000534199
 0.447134 0.528879 0.0195823 0.00322969 0.00117445
 0.928781 0.0326379 0.0369127 0.00136242 0.00030636
 0.655975 0.320558 0.0107727 0.0121457 0.000548999
 0.680966 0.21366 0.098216 0.00328645 0.00387188
 0.79038 0.145306 0.043128 0.0197475 0.00143896
 0.798934 0.160418 0.0282045 0.00834515 0.00409883
 0.383812 0.497616 0.0946751 0.0165821 0.00731461
 0.792915 0.0811014 0.101787 0.0193212 0.00487622
 0.691079 0.246469 0.0244887 0.0306718 0.00729072
 0.501397 0.347643 0.120493 0.0119477 0.0185194
 0.783187 0.11002 0.0744975 0.0257778 0.00651745
 0.744104 0.201696 0.0275314 0.0186045 0.00806431
 0.413588 0.43911 0.116146 0.0158265 0.0153292
 0.489112 0.214241 0.222224 0.058683 0.0157401
 0.862176 0.0686089 0.0290655 0.0300777 0.0100718
pobs_PELACES
 0 0 0 0 0
 0 0 0 0 0
 0 0 0 0 0
 0 0 0 0 0
 0 0 0 0 0
 0 0 0 0 0
 0 0 0 0 0
 0 0 0 0 0
 0 0 0 0 0
 0 0 0 0 0
 0 0 0 0 0
 0 0 0 0 0
 0 0 0 0 0
 0 0 0 0 0
 0 0 0 0 0
 0 0 0 0 0
 0.505614 0.472636 0.0217494 0 0
 0 0 0 0 0
 0.443492 0.261883 0.143347 0.151278 0
 0.227955 0.32914 0.350689 0.0885471 0.00366901
 0.970185 0.0296113 0.000203453 0 0
 0.997202 0.00247181 0.000326279 0 0
 0.445219 0.490057 0.0546422 0.010081 0
 0.90214 0.0892962 0.00764917 0.000914606 0
 0 0 0 0 0
 0.581667 0.319106 0.0959925 0.00289975 0.000334073
 0.762889 0.0836404 0.116647 0.0363945 0.000428098
 0.88444 0.0763242 0.0277011 0.0115352 0
 0.521256 0.241999 0.230069 0.00667565 0
 0.616807 0.101726 0.260614 0.0208532 0
 0.833518 0.0704572 0.0857862 0.0102388 0
ppred_PELACES
 0.545354 0.113946 0.320254 0.0204456 7.01963e-07
 0.500436 0.274307 0.0564882 0.158641 0.0101279
 0.651214 0.176385 0.0947178 0.0194816 0.0582011
 0.797117 0.133189 0.0352687 0.0189141 0.0155113
 0.718819 0.225274 0.0367226 0.00970913 0.00947616
 0.804207 0.141276 0.0436835 0.00711593 0.00371749
 0.557741 0.357415 0.0612449 0.0189102 0.00468934
 0.529504 0.266217 0.165157 0.0282406 0.0108807
 0.623081 0.200894 0.0996291 0.0617659 0.0146302
 0.782176 0.137294 0.0429587 0.0212658 0.0163052
 0.864484 0.106698 0.0181775 0.0056767 0.00496423
 0.803179 0.170538 0.0206981 0.00352314 0.00206231
 0.757714 0.195928 0.0401798 0.00486602 0.00131296
 0.72255 0.212211 0.05278 0.0107983 0.00166038
 0.81029 0.139027 0.0387963 0.00961724 0.00226973
 0.955445 0.0363623 0.00600763 0.00167246 0.000512367
 0.453399 0.522931 0.0193238 0.0031867 0.00115881
 0.930439 0.031911 0.0360213 0.00132938 0.00029893
 0.663969 0.313169 0.0104959 0.0118318 0.000534808
 0.688114 0.209045 0.0958556 0.00320704 0.0037783
 0.79452 0.142522 0.04222 0.0193297 0.00140851
 0.804053 0.156412 0.027433 0.00811581 0.00398616
 0.38808 0.494309 0.0939099 0.0164468 0.0072549
 0.795565 0.0801265 0.100434 0.0190632 0.0048111
 0.694412 0.243876 0.0242 0.0303082 0.00720426
 0.504451 0.345622 0.119669 0.0118654 0.0183918
 0.785904 0.108711 0.0735171 0.0254368 0.00643121
 0.746563 0.199804 0.0272436 0.0184089 0.00797951
 0.416434 0.43709 0.115496 0.0157371 0.0152426
 0.493831 0.212446 0.220038 0.0581013 0.015584
 0.864572 0.067471 0.0285385 0.0295298 0.00988829
pobs_pel_tallas
 0 0 0 0 0 0 0 0 0 0 0 0 0 0 0 0 0 0 0 0 0 0 0 0 0 0
 0 0 0 0 0 0 0 0 0 0 0 0 0 0 0 0 0 0 0 0 0 0 0 0 0 0
 0 0 0 0 0 0 0 0 0 0 0 0 0 0 0 0 0 0 0 0 0 0 0 0 0 0
 0 0 0 0 0 0 0 0 0 0 0 0 0 0 0 0 0 0 0 0 0 0 0 0 0 0
 0 0 0 0 0 0 0 0 0 0 0 0 0 0 0 0 0 0 0 0 0 0 0 0 0 0
 0 0 0 0 0 0 0 0 0 0 0 0 0 0 0 0 0 0 0 0 0 0 0 0 0 0
 0 0 0 0 0 0 0 0 0 0 0 0 0 0 0 0 0 0 0 0 0 0 0 0 0 0
 0 0 0 0 0 0 0 0 0 0 0 0 0 0 0 0 0 0 0 0 0 0 0 0 0 0
 0 0 0 0 0 0 0 0 0 0 0 0 0 0 0 0 0 0 0 0 0 0 0 0 0 0
 0 0 0 0 0 0 0 0 0 0 0 0 0 0 0 0 0 0 0 0 0 0 0 0 0 0
 0 0 0 0 0 0 0 0 0 0 0 0 0 0 0 0 0 0 0 0 0 0 0 0 0 0
 0 0 0 0 0 0 0 0 0 0 0 0 0 0 0 0 0 0 0 0 0 0 0 0 0 0
 0.00862536 0 0 0.000197151 0.00414017 0.0128641 0.00837892 0.0270097 0.101434 0.158115 0.152841 0.127902 0.109271 0.109419 0.0830992 0.0579132 0.0238553 0.00714673 0.00463305 0.00128148 0.00103504 0.000492878 0.000147863 0.000147863 4.92878e-05 0
 0 0 0 0 0 0 0 0 0 0 0 0 0 0 0 0 0 0 0 0 0 0 0 0 0 0
 0 0 0 0 0 0 0 0.0054083 0.00873648 0.0413646 0.0450493 0.0745869 0.0622846 0.0627006 0.0613931 0.0827291 0.12552 0.122667 0.0946155 0.0697135 0.0546179 0.0294188 0.0215738 0.0213955 0.0102223 0.00600262
 0 0 0 0 0.00359764 0.0251062 0.0480494 0.140153 0.205849 0.193036 0.1447 0.116669 0.0760912 0.0342217 0.00950174 0.001854 0.000860785 0 0 0 0.000165536 0 0.000143464 0 0 0
 0 0 0 0 0 0 0 0.000145254 0.000435761 0.0275982 0.070085 0.0708112 0.156366 0.174668 0.174014 0.160142 0.0824315 0.0480064 0.0283245 0.00493863 0.00203355 0 0 0 0 0
 0 0 0 0 0 0 0 0 0 0 0 0 0 0 0 0 0 0 0 0 0 0 0 0 0 0
 0 0 1.00437e-05 0.000401748 0.00122533 0.00171747 0.00176769 0.0269171 0.070346 0.194647 0.189555 0.159765 0.064822 0.0314167 0.0384472 0.0292271 0.0345202 0.0313363 0.0194345 0.0106764 0.0143323 0.0359363 0.0279516 0.0138201 0.00172751 0
 0 0.0021121 0.0136068 0.0755702 0.200478 0.177729 0.0527432 0.0373336 0.0318909 0.0142505 0.0149659 0.0166563 0.0217959 0.0798694 0.0677717 0.0528807 0.04013 0.0224614 0.0357745 0.0225083 0.00881397 0.00855152 0.00135912 0.000746735 0 0
 0 0 0 0 5.4009e-05 0.00500934 0.000945158 0.0243581 0.138947 0.33067 0.221406 0.137944 0.0707744 0.0437923 0.0131692 0.00525238 0.0047753 0.00276346 9.45158e-05 9.00151e-06 2.25038e-05 9.00151e-06 4.50075e-06 0 0 0
 0.000866109 0.00284123 0.00948549 0.0512746 0.133035 0.25785 0.225252 0.132002 0.0553304 0.0519788 0.0540692 0.017754 0.00435017 0.00159236 0.00146478 0.000404838 0.000125132 0.000115318 0.000107957 0.000100596 0 0 0 0 0 0
 0 0 0 0 0.00144013 0.00171154 0.00461396 0.0210425 0.0478622 0.0707936 0.0888783 0.103762 0.0637923 0.0337046 0.0602308 0.124433 0.169614 0.0934646 0.0462172 0.0250306 0.0313229 0.00938855 0.002487 0.000210481 0 0
 0 0.00764035 0.051015 0.0998891 0.058973 0.0496711 0.0374665 0.0718981 0.12319 0.153886 0.159021 0.0857701 0.0377988 0.023471 0.0147837 0.00900784 0.00315554 0.000888139 0.00291439 0.00214683 0.00393193 0.00274676 0.000635225 9.99891e-05 0 0
 0 0 0 0 0 0 0 0 0 0 0 0 0 0 0 0 0 0 0 0 0 0 0 0 0 0
 0 0 0 0 0 0 0 0 0 0 0 0 0 0 0 0 0 0 0 0 0 0 0 0 0 0
 0 0 0 0 0 0 0 0 0 0 0 0 0 0 0 0 0 0 0 0 0 0 0 0 0 0
 0 0 0 0 0 0 0 0 0 0 0 0 0 0 0 0 0 0 0 0 0 0 0 0 0 0
 0 0 0 0 0 0 0 0 0 0 0 0 0 0 0 0 0 0 0 0 0 0 0 0 0 0
 0 0 0 0 0 0 0 0 0 0 0 0 0 0 0 0 0 0 0 0 0 0 0 0 0 0
 0 0 0 0 0 0 0 0 0 0 0 0 0 0 0 0 0 0 0 0 0 0 0 0 0 0
ppred_pel_tallas
 1.11322e-16 4.49201e-05 0.00043664 0.00290162 0.0131904 0.0410402 0.0874409 0.127625 0.127636 0.0874971 0.0412303 0.0137455 0.00431783 0.0036035 0.00627946 0.0108828 0.0170029 0.024144 0.0317265 0.0393177 0.0465926 0.0529849 0.0574278 0.0586013 0.0556288 0.0487012
 1.19324e-16 4.12203e-05 0.000400676 0.00266264 0.012104 0.0376601 0.0802398 0.117118 0.117144 0.0803694 0.0380956 0.0133631 0.00582814 0.0073278 0.0132493 0.0219842 0.0320321 0.0411181 0.0470227 0.0489065 0.047871 0.0461735 0.0456815 0.0467589 0.0482865 0.0485606
 1.14582e-16 5.36397e-05 0.000521397 0.00346487 0.0157508 0.0490066 0.104414 0.1524 0.152417 0.104498 0.0492882 0.0165656 0.00551629 0.00502063 0.00866094 0.0143997 0.0211359 0.0274361 0.0318905 0.0339062 0.0340479 0.0335626 0.0334743 0.0339718 0.0344697 0.0341276
 1.05574e-16 6.56575e-05 0.000638214 0.00424116 0.0192797 0.0599864 0.127808 0.186542 0.186555 0.127871 0.0601977 0.0198905 0.00577612 0.00399495 0.00645846 0.0106211 0.0154096 0.0196318 0.0221282 0.0223929 0.0208733 0.0186416 0.0167007 0.0154695 0.0147534 0.014074
 1.03695e-16 5.92082e-05 0.000575525 0.00382456 0.0173859 0.0540942 0.115254 0.168221 0.168243 0.11536 0.0544506 0.0184156 0.00640963 0.00622047 0.0107852 0.0177505 0.0255986 0.0322658 0.0356909 0.0349313 0.0307197 0.0249523 0.0195347 0.0154835 0.0128064 0.0109664
 1.0264e-16 6.62415e-05 0.000643891 0.00427888 0.0194512 0.0605199 0.128945 0.188201 0.188215 0.129011 0.0607441 0.0200992 0.00590739 0.00420502 0.00684731 0.0112617 0.0163252 0.0207565 0.0232898 0.0233324 0.0212915 0.0182483 0.015259 0.0128416 0.0109532 0.00930572
 1.04549e-16 4.59404e-05 0.000446558 0.00296753 0.01349 0.0419726 0.0894283 0.13053 0.130565 0.0895967 0.0425382 0.0151239 0.00706977 0.009405 0.0170692 0.0281715 0.0406377 0.0512306 0.0566768 0.055465 0.0487304 0.0394481 0.0306128 0.0238329 0.0191531 0.0157922
 1.09508e-16 4.36146e-05 0.00042395 0.0028173 0.012807 0.0398476 0.0849004 0.12392 0.123946 0.0850269 0.0402728 0.014038 0.00591711 0.00722388 0.0130548 0.0217666 0.0319436 0.0414094 0.0479396 0.0504639 0.0495887 0.0469428 0.0439316 0.0409534 0.0375723 0.0332487
 1.11597e-16 5.13224e-05 0.000498872 0.00331518 0.0150703 0.0468895 0.0999038 0.145817 0.145836 0.0999991 0.04721 0.0159977 0.00564958 0.00561733 0.00983903 0.0163625 0.0239906 0.0310811 0.0360038 0.0380494 0.0378163 0.0366742 0.035745 0.0352326 0.0345274 0.0328227
 1.06167e-16 6.44268e-05 0.000626252 0.00416166 0.0189183 0.058862 0.125412 0.183046 0.183059 0.125477 0.0590801 0.0195488 0.00574648 0.00409375 0.00667333 0.0109933 0.0159816 0.0204261 0.0231456 0.0236234 0.022309 0.020275 0.0185072 0.0173879 0.0166839 0.015898
 1.01962e-16 7.12064e-05 0.000692151 0.00459959 0.0209091 0.0650559 0.138609 0.202306 0.202316 0.138659 0.0652248 0.0213969 0.00582438 0.003367 0.00515461 0.00841804 0.0121417 0.015317 0.016969 0.0166547 0.014722 0.0120661 0.00958161 0.00773809 0.00652587 0.00567983
 1.01344e-16 6.61568e-05 0.000643068 0.00427341 0.0194263 0.0604426 0.12878 0.187961 0.187978 0.12886 0.0607121 0.0202048 0.00622721 0.00490723 0.00816165 0.0133804 0.0192501 0.0241679 0.0265464 0.0256514 0.0220355 0.01716 0.0125245 0.00897696 0.00660371 0.0050591
 1.0192e-16 6.24119e-05 0.000606666 0.00403151 0.0183267 0.0570212 0.12149 0.177323 0.177342 0.121583 0.0573314 0.0192229 0.00628205 0.00552248 0.00940675 0.0154739 0.0223338 0.0281854 0.0312295 0.0306234 0.0269618 0.0218395 0.0168689 0.012927 0.0100707 0.0079351
 1.02942e-16 5.95155e-05 0.000578512 0.00384442 0.0174762 0.054375 0.115852 0.169094 0.169115 0.115953 0.0547113 0.0184481 0.00628583 0.00591395 0.0102095 0.0168287 0.0243401 0.0308238 0.0343558 0.0340364 0.0304975 0.0254208 0.0204772 0.0165316 0.0135778 0.0111941
 1.02504e-16 6.67426e-05 0.000648761 0.00431125 0.0195983 0.0609777 0.12992 0.189625 0.189638 0.129986 0.0611982 0.0202356 0.0059125 0.00414941 0.00673012 0.01106 0.016018 0.0203365 0.0227661 0.0227257 0.0206265 0.0175514 0.0145607 0.0121786 0.0103631 0.00881635
 1.00438e-16 7.86988e-05 0.00076498 0.00508356 0.0231091 0.0719011 0.153193 0.22359 0.223594 0.15321 0.0719586 0.0232753 0.00550081 0.00167609 0.00180982 0.00286943 0.00413055 0.00520398 0.00575149 0.00561861 0.00492106 0.00396265 0.00305019 0.00234988 0.00186853 0.00152782
 1.01208e-16 3.7346e-05 0.000363017 0.00241237 0.0109663 0.0341206 0.0726994 0.106117 0.106168 0.0729452 0.0349457 0.0133482 0.00838671 0.0133904 0.0247356 0.0407205 0.0583894 0.0728647 0.0792006 0.0751159 0.0623827 0.0456949 0.0299611 0.0180975 0.0105761 0.00636052
 1.01232e-16 7.66391e-05 0.000744959 0.00495051 0.0225043 0.0700193 0.149184 0.217739 0.217742 0.149199 0.0700708 0.0226536 0.00532762 0.00157586 0.00167712 0.00270961 0.00403095 0.00534874 0.0064103 0.00708168 0.00739155 0.00745155 0.00732835 0.0069893 0.00636142 0.00543282
 1.01661e-16 5.46903e-05 0.000531609 0.00353273 0.0160593 0.0499666 0.10646 0.155388 0.155418 0.106607 0.0504607 0.0174859 0.00711112 0.00833503 0.0148507 0.024402 0.0350011 0.043712 0.0475876 0.0452821 0.0378751 0.0281837 0.019129 0.0124097 0.00823739 0.00591776
 1.03781e-16 5.66791e-05 0.000550941 0.0036612 0.0166433 0.0517836 0.110331 0.161036 0.161056 0.11043 0.0521162 0.0176055 0.00608123 0.00584979 0.0101666 0.016838 0.0245285 0.0314202 0.0356719 0.0363897 0.0340862 0.0302008 0.0261088 0.0224401 0.0191153 0.0158327
 1.03432e-16 6.54436e-05 0.000636135 0.00422734 0.0192169 0.0597909 0.127391 0.185934 0.185948 0.127459 0.0600171 0.0198707 0.00587055 0.00422983 0.00690994 0.0113713 0.016496 0.0210029 0.023631 0.0238028 0.0219473 0.0191612 0.0164912 0.014411 0.0128056 0.0113122
 1.02321e-16 6.62288e-05 0.000643768 0.00427806 0.0194475 0.0605084 0.12892 0.188166 0.188181 0.128994 0.0607559 0.0201626 0.0060736 0.00456509 0.00751846 0.0123378 0.0177978 0.0224479 0.0248567 0.0243668 0.0214781 0.0174928 0.0137177 0.0108478 0.00888986 0.00748713
 1.05714e-16 3.19657e-05 0.000310718 0.00206483 0.00938646 0.029205 0.0622262 0.0908309 0.0908786 0.0624592 0.0299875 0.0116469 0.00774069 0.0127071 0.0235924 0.0389977 0.0562797 0.0709911 0.0786035 0.0770086 0.067741 0.0548694 0.0424997 0.0328536 0.0260369 0.0210503
 1.05645e-16 6.55296e-05 0.000636971 0.0042329 0.0192421 0.0598695 0.127559 0.186177 0.186185 0.127597 0.0599992 0.0196187 0.00518502 0.00273868 0.00412521 0.00689441 0.0103423 0.0138792 0.016929 0.0191991 0.0207738 0.0218918 0.0226142 0.0227015 0.0217993 0.0197435
 1.0502e-16 5.71978e-05 0.000555983 0.0036947 0.0167956 0.0522575 0.111341 0.16251 0.162534 0.111456 0.052643 0.017909 0.00648937 0.0066563 0.011642 0.0191556 0.0275926 0.034719 0.0383129 0.0373877 0.0327979 0.0266704 0.0211202 0.0172392 0.0149471 0.0135159
 1.07845e-16 4.15511e-05 0.000403891 0.002684 0.0122011 0.0379623 0.080884 0.11806 0.118093 0.0810473 0.0385112 0.0137879 0.00667258 0.00912901 0.016665 0.0276229 0.0401103 0.0511146 0.0575703 0.0580385 0.0534989 0.0465493 0.0397025 0.0341532 0.0297444 0.0257527
 1.05789e-16 6.47339e-05 0.000629236 0.0041815 0.0190085 0.0591425 0.12601 0.183917 0.183928 0.126061 0.0593165 0.0195123 0.00545089 0.00341651 0.00540607 0.00896069 0.0131985 0.0172248 0.0201664 0.0216205 0.0218482 0.0214888 0.0210403 0.0205472 0.0196977 0.0181622
 1.04034e-16 6.14935e-05 0.000597739 0.00397218 0.018057 0.0561821 0.119703 0.174713 0.174733 0.119797 0.0564981 0.0189699 0.00626397 0.00560175 0.00956831 0.0157306 0.02268 0.0285816 0.0316166 0.0309682 0.0273137 0.0223618 0.0178126 0.0145464 0.0125128 0.0111576
 1.07603e-16 3.43012e-05 0.00033342 0.0022157 0.0100723 0.0313388 0.0667721 0.0974647 0.0975069 0.0669784 0.0320317 0.0120749 0.0072467 0.0113299 0.0209588 0.0346999 0.0502287 0.0636775 0.0711063 0.0706757 0.0636905 0.0536014 0.0438214 0.0360915 0.0303537 0.0256951
 1.14869e-16 4.06762e-05 0.000395388 0.00262749 0.0119442 0.037163 0.0791804 0.11557 0.115591 0.0792821 0.0375055 0.0129376 0.00513631 0.0059232 0.0106893 0.0180016 0.026854 0.0357188 0.0430275 0.0480237 0.0510591 0.053005 0.0543092 0.0545565 0.052854 0.048604
 1.05476e-16 7.12137e-05 0.000692223 0.00460006 0.0209112 0.0650626 0.138623 0.202326 0.202332 0.138655 0.0651702 0.0212224 0.00538341 0.00240959 0.00335484 0.00549303 0.00805065 0.0104411 0.0121309 0.0129113 0.0130217 0.0129565 0.0131023 0.0134928 0.0138377 0.0137485
pSPR Fmed_Fpbrs
0.577847   0.227485 0.227485
Fs Fmed_Fpbrs
0.315657   1.005 1.005
SSBpbr Bo_Bmed_Bpbrs
1.63177e+06  861322  289614 289614
Ro
151512
SPR SPRFo_SPRFmed_SPRFpbrs
1.083e+06 625806 246366
Fref
1.005
Nvult_r0
 171776 14525 6179.63 6396.3 2141.88
CTP_r0
 28222.8 3025.4 1305.54 1352.34 452.865
YTP_r0
391299
Np
 198498 74398.7 5726.8 2420.33 3208.9
Nvult_p0
 163550 64189.2 4954.85 2094.39 2776.79
CTP_p0
 69389 31870.3 2482.36 1049.78 1391.86
YTP_p0
 1.17188e+06
CBA_c0
625474
log_Ro
11.7484
likeval ReclasPelacesDesembMPH_pf_preclas_ppelaces_ptallas_desvR_qrecl_qpela
 13.2215 17.1128 0.0486454 0.000817187 241.088 117.712 98.7808 0 23.7929 7.0598e-07 5.5007e-06 0.247674 0 0 0
q_reclas_q_pelaces
1.12644 1.39609
M
1
N
 179749 38832.7 109423 6986.77 0.23988
 99651.5 58195.9 12041 33824.4 2159.43
 100629 28997.6 15643.6 3218.38 9615
 160200 29431.1 7847.99 4210.34 3452.92
 129040 41669.3 6808.44 1800.32 1757.13
 227061 42299.8 13136.8 2140.46 1118.23
 91518.4 67180.7 11626.5 3591.74 890.703
 40080.6 20570.7 12782.9 2185.97 842.229
 38552.1 13582.6 6780.14 4204.88 996.006
 51720.6 10251.2 3236.17 1602.76 1228.92
 96589.4 12235.4 2088.73 652.364 570.489
 134611 32110.2 3930.55 669.347 391.819
 112472 32426.2 6703.06 812.128 219.134
 78524.6 27835.5 7018.32 1436.93 220.956
 74804.4 14651.6 4128.36 1023.91 241.656
 402599 17021.4 2833.99 789.28 241.805
 81836.4 100941 3748.71 618.368 224.866
 642070 23496 26650.7 983.811 221.226
 359126 185860 6271.83 7072.7 319.698
 284524 94094 43417 1453.09 1711.95
 400396 76684.7 22827.6 10454 761.765
 546888 115635 20406.3 6039.03 2966.18
 110864 148196 28257.3 4949.78 2183.43
 323930 34041.7 42807.2 8126.55 2050.96
 277107 101535 10107.8 12661.3 3009.61
 122625 86890.1 30162.9 2991.12 4636.38
 274851 39669.9 26913.8 9313.75 2354.82
 310611 86150.6 11778.9 7960.36 3450.52
 91993.4 99750.4 26424.2 3600.95 3487.81
 66126.5 29876.7 31058.9 8202.75 2200.17
 246174 20251.8 8599.96 8900.59 2980.46
pred_Ctot
 13768.8 3911.27 11206.9 716.205 0.0245909
 13419.5 10162.5 2135.98 6005.2 383.403
 13284.4 4967.27 2722.32 560.537 1674.69
 30512.5 7168.87 1940.03 1041.61 854.267
 8970.17 3815.06 633.928 167.776 163.759
 28597.6 6923.11 2184.47 356.228 186.111
 23417 21613.8 3791.65 1172.19 290.698
 2010.54 1365.18 863.007 147.715 56.9157
 6935.62 3133.33 1587.63 985.391 233.418
 12094 3031.53 970.483 481.003 368.823
 5930.73 991.349 172.13 53.8091 47.058
 30396.5 9189.21 1140.83 194.421 113.814
 24025.8 8806.22 1846.68 223.91 60.4196
 25827.6 11284.8 2880.26 590.086 90.7403
 18751.1 4624.31 1320.91 327.849 77.3795
 83603.1 4500.6 760.232 211.891 64.9177
 11589.2 18505.2 698.044 115.241 41.9086
 88210.2 4183.08 4819.69 178.067 40.043
 67155 44486.7 1523.59 1719.5 77.7274
 49318.1 20948.5 9812.67 328.675 387.244
 55487.9 13767.5 4163 1908.04 139.042
 93346.4 25367.6 4544.76 1346.05 661.166
 11758.3 20523.3 3977.22 697.282 307.597
 30696.2 4223.48 5398.82 1025.81 258.904
 26202.9 12570.8 1272.13 1594.88 379.124
 9448.4 8802.23 3107.05 308.385 478.034
 26045.8 4921.86 3394.42 1175.69 297.267
 25222.9 9188.71 1277.39 864.04 374.547
 6884.09 9819.15 2645.02 360.77 349.451
 7107.1 4191.39 4428.34 1170.54 313.982
 28222.8 3025.4 1305.54 1352.34 452.865
F
 0.127745 0.170944 0.174042 0.174208 0.174217
 0.234465 0.313755 0.31944 0.319745 0.319761
 0.229385 0.306956 0.312518 0.312817 0.312832
 0.34666 0.46389 0.472296 0.472747 0.47277
 0.115342 0.154347 0.157144 0.157294 0.157302
 0.217833 0.291497 0.296779 0.297062 0.297077
 0.492672 0.659279 0.671225 0.671866 0.6719
 0.0821048 0.10987 0.111861 0.111968 0.111973
 0.32462 0.434397 0.442269 0.442691 0.442713
 0.441526 0.590837 0.601543 0.602118 0.602148
 0.101296 0.135551 0.138008 0.138139 0.138146
 0.423421 0.566609 0.576876 0.577427 0.577456
 0.396394 0.530442 0.540054 0.54057 0.540597
 0.678863 0.908434 0.924895 0.925778 0.925825
 0.480406 0.642864 0.654514 0.655138 0.655171
 0.383404 0.513059 0.522357 0.522855 0.522881
 0.247892 0.331722 0.337733 0.338055 0.338072
 0.239702 0.320762 0.326574 0.326886 0.326902
 0.339378 0.454146 0.462375 0.462817 0.46284
 0.311114 0.416324 0.423868 0.424272 0.424294
 0.242016 0.323859 0.329727 0.330042 0.330059
 0.305707 0.409088 0.416501 0.416899 0.41692
 0.180718 0.241832 0.246214 0.246449 0.246461
 0.160127 0.214277 0.21816 0.218368 0.218379
 0.15976 0.213786 0.21766 0.217867 0.217878
 0.128538 0.172006 0.175122 0.17529 0.175298
 0.16013 0.214281 0.218164 0.218373 0.218384
 0.135871 0.181819 0.185113 0.18529 0.185299
 0.124638 0.166787 0.169809 0.169971 0.16998
 0.183326 0.245321 0.249766 0.250005 0.250017
 0.196602 0.263087 0.267854 0.26811 0.268123
nmprior
 8.19 8.8 8.5 0
nm_flota  nm_reclas  nm_pelaces    nm_pelaL
inf 12.9773 19.9983 49.1236
cv_recla  cv_pelaces  cv_mph
0.328901 0.469064 0.882198
 ------------------------------------------------
Talla a la edad & desviaci?n 
 8 13.2811 15.8009 17.003 17.5766
 0.8 1.32811 1.58009 1.7003 1.75766
