    unsorted:	 2.366297396e-06 2.294050300e-06 6.006773661e-05 5.453157633e-05 -1.285467611e-05 8.383045014e-05 0.001099993299 13.49344916 66.58083609 172.0692902 158.8146551 240.0934932 293.8474677 379.4891548 705.9904743 549.8471755 809.2948759 851.1378713 927.9870493 956.9115644 1070.327271 1198.111410 1267.472123 1355.546077 1549.234841 1600.237736 1951.147914 2062.820578 2134.952371 2482.463882 2467.750895 2525.884739 2276.896354 2632.595162 2640.567494 2866.115188 3194.544741 3286.457815 3402.122531 3890.582743 4007.639476 4278.861156 5559.395005 9047.664249 37317.29249 158342.1906 411223.7627 402012.0855 403412.1064 416034.6237 385626.6104 366613.1105 451383.2083 463704.8084 468598.6697 472766.0119 343045.4640 531426.4462 561934.1998 586071.3996 614051.0748 666641.4342 825426.7919 874815.1117 1004625.257 1069620.462 1317020.087 1340246.938 1522183.814 1652101.479 2235532.137 2348825.202 2664315.156 2721817.609 3104324.281 3139241.621 4638303.202
      sorted:	 -1.285467611e-05 2.294050300e-06 2.366297396e-06 5.453157633e-05 6.006773661e-05 8.383045014e-05 0.001099993299 13.49344916 66.58083609 158.8146551 172.0692902 240.0934932 293.8474677 379.4891548 549.8471755 705.9904743 809.2948759 851.1378713 927.9870493 956.9115644 1070.327271 1198.111410 1267.472123 1355.546077 1549.234841 1600.237736 1951.147914 2062.820578 2134.952371 2276.896354 2467.750895 2482.463882 2525.884739 2632.595162 2640.567494 2866.115188 3194.544741 3286.457815 3402.122531 3890.582743 4007.639476 4278.861156 5559.395005 9047.664249 37317.29249 158342.1906 343045.4640 366613.1105 385626.6104 402012.0855 403412.1064 411223.7627 416034.6237 451383.2083 463704.8084 468598.6697 472766.0119 531426.4462 561934.1998 586071.3996 614051.0748 666641.4342 825426.7919 874815.1117 1004625.257 1069620.462 1317020.087 1340246.938 1522183.814 1652101.479 2235532.137 2348825.202 2664315.156 2721817.609 3104324.281 3139241.621 4638303.202
