years
 1991 1992 1993 1994 1995 1996 1997 1998 1999 2000 2001 2002 2003 2004 2005 2006 2007 2008 2009 2010 2011 2012 2013 2014 2015 2016 2017 2018 2019 2020 2021
reclasobs
 0 0 0 0 0 0 0 0 0 252601 567819 844713 477998 351125 339783 2.1784e+06 2.13404e+06 4.81314e+06 1.55562e+06 2.62356e+06 3.21686e+06 3.843e+06 1.13348e+06 3.07943e+06 1.97215e+06 2.03268e+06 2.025e+06 2.42433e+06 2.27542e+06 1.05018e+06 2.36338e+06
reclaspred
 2.91188e+06 2.26836e+06 1.28915e+06 1.06898e+06 1.23136e+06 1.71055e+06 1.34602e+06 1.23703e+06 935420 731661 629571 734207 710322 619982 728291 1.22453e+06 1.85474e+06 2.75612e+06 2.41563e+06 1.93855e+06 3.29458e+06 2.67538e+06 2.73558e+06 3.4236e+06 3.00726e+06 2.843e+06 2.78999e+06 2.59638e+06 2.86443e+06 2.1166e+06 3.18148e+06
pelacesobs
 0 0 0 0 0 0 0 0 0 0 0 0 0 0 0 552880 188675 0 991730 2.46772e+06 1.41603e+06 1.21717e+06 2.29649e+06 1.80582e+06 0 1.4828e+06 1.56532e+06 1.57751e+06 1.42118e+06 867257 1.10002e+06
pelacespred
 1.26575e+06 1.09907e+06 657184 480351 555758 768518 610962 634264 498675 363408 336160 312113 326888 305463 377219 529909 781754 1.2225e+06 1.20783e+06 917563 1.36782e+06 1.32808e+06 1.29616e+06 1.73332e+06 1.57085e+06 1.41066e+06 1.55776e+06 1.498e+06 1.32875e+06 1.08982e+06 1.64904e+06
mphobs
 0 0 0 0 0 0 0 0 0 0 0 498337 0 5186 125008 0 168611 109162 213762 579715 649985 157893 87575 83554 0 0 0 0 0 0 0
mphpred
 2.22287e+06 2.35792e+06 1.37077e+06 809912 913585 1.09144e+06 1.38974e+06 923808 900668 676738 463885 598009 531048 495459 419659 662403 1.27648e+06 1.69194e+06 2.07598e+06 1.7248e+06 1.91724e+06 2.33777e+06 2.23128e+06 2.16074e+06 2.81746e+06 2.3537e+06 2.05513e+06 2.05376e+06 2.53237e+06 1.92202e+06 1.56356e+06
desembarqueobs
 494567 514787 250237 358949 120608 361735 552515 73892 212993 205616 52469 317467 293654 387597 252695 516296 358380 742168 942051 627588 828172 859565 418607 520667 417249 300574 407403 355545 319650 289779 391294
desembarquepred
 494394 508259 253379 359109 120712 361973 552948 73937.7 213179 205712 52539.9 317783 293740 387953 252614 516323 358608 742254 942889 628757 829412 860641 418563 520831 417264 300498 407282 355512 319664 289858 391372
Reclutas
 499653 89076.2 116969 243874 222429 317241 123905 90544.1 69376.8 83298.3 150513 136802 161299 122594 160303 485264 246125 611477 541067 380531 548403 728969 248534 493563 434202 226985 422085 417645 194728 186121 706255
log_desv_Rt
 0.710399 -1.01402 -0.741609 -0.00686458 -0.0989064 0.256146 -0.684002 -0.997678 -1.26396 -1.08109 -0.489464 -0.58498 -0.420254 -0.694636 -0.42645 0.681178 0.00232387 0.912363 0.790028 0.438053 0.803496 1.08812 0.0120643 0.698136 0.569995 -0.0786292 0.541693 0.531117 -0.23191 -0.277116 1.05646
SSB
 2.22287e+06 2.35792e+06 1.37077e+06 809912 913585 1.09144e+06 1.38974e+06 923808 900668 676738 463885 598009 531048 495459 419659 662403 1.27648e+06 1.69194e+06 2.07598e+06 1.7248e+06 1.91724e+06 2.33777e+06 2.23128e+06 2.16074e+06 2.81746e+06 2.3537e+06 2.05513e+06 2.05376e+06 2.53237e+06 1.92202e+06 1.56356e+06
BT
 3.87578e+06 3.1204e+06 1.84425e+06 1.7555e+06 1.64432e+06 2.71833e+06 2.05549e+06 1.93611e+06 1.59344e+06 1.20326e+06 1.07815e+06 1.17241e+06 1.29184e+06 1.40959e+06 1.59284e+06 2.28368e+06 2.55157e+06 4.57478e+06 4.58414e+06 3.15229e+06 5.02413e+06 4.7014e+06 3.94747e+06 6.14861e+06 4.59253e+06 4.16883e+06 5.37823e+06 5.05025e+06 3.60685e+06 3.21493e+06 6.24836e+06
Ftot
 0.160943 0.211045 0.18562 0.314523 0.0934052 0.200067 0.380825 0.0571087 0.214953 0.263945 0.0796433 0.40144 0.384834 0.572958 0.325617 0.393748 0.182957 0.253587 0.363785 0.303725 0.237251 0.301473 0.145143 0.144506 0.131776 0.100632 0.138699 0.130198 0.106157 0.130063 0.117182
BD_Bspro_t
 0.974578 0.856835 0.722113 0.647988 0.674127 0.758131 0.743956 0.618123 0.696141 0.6734 0.649544 0.768049 0.636517 0.573688 0.51434 0.610763 0.671899 0.715428 0.708143 0.639463 0.6206 0.66071 0.679467 0.707064 0.780192 0.789658 0.802794 0.819049 0.84183 0.803775 0.789157
BD_Bspro
 1.26645 1.34339 0.780975 0.461436 0.520502 0.621831 0.791787 0.526327 0.513143 0.385562 0.264292 0.340707 0.302557 0.282281 0.239095 0.377395 0.727256 0.96396 1.18276 0.98268 1.09232 1.33191 1.27124 1.23105 1.60521 1.34099 1.17088 1.1701 1.44278 1.09504 0.890815
BD_Bo
 1.01123 1.07267 0.623592 0.368447 0.41561 0.496519 0.632225 0.420261 0.409734 0.307863 0.211031 0.272048 0.241586 0.225395 0.190912 0.301342 0.580698 0.769701 0.944411 0.784649 0.872196 1.06351 1.01506 0.982967 1.28172 1.07075 0.934925 0.934303 1.15203 0.874368 0.711297
BD_Brms
 4.29267 4.55347 2.64714 1.56405 1.76426 2.10771 2.68378 1.784 1.73931 1.30687 0.895824 1.15484 1.02553 0.956798 0.810418 1.27919 2.46505 3.26737 4.009 3.33082 3.70246 4.51456 4.30889 4.17268 5.44089 4.54531 3.96874 3.9661 4.89034 3.71167 3.01944
Sel_flota
 0.5 1 1 1 1
 0.5 1 1 1 1
 0.5 1 1 1 1
 0.5 1 1 1 1
 0.5 1 1 1 1
 0.5 1 1 1 1
 0.5 1 1 1 1
 0.5 1 1 1 1
 0.5 1 1 1 1
 0.5 1 1 1 1
 0.5 1 1 1 1
 0.5 1 1 1 1
 0.5 1 1 1 1
 0.5 1 1 1 1
 0.5 1 1 1 1
 0.5 1 1 1 1
 0.5 1 1 1 1
 0.5 1 1 1 1
 0.5 1 1 1 1
 0.5 1 1 1 1
 0.5 1 1 1 1
 0.5 1 1 1 1
 0.5 1 1 1 1
 0.5 1 1 1 1
 0.5 1 1 1 1
 0.5 1 1 1 1
 0.5 1 1 1 1
 0.5 1 1 1 1
 0.5 1 1 1 1
 0.5 1 1 1 1
 0.5 1 1 1 1
Sel_reclas
 0.5 1 1 1 1
 0.5 1 1 1 1
 0.5 1 1 1 1
 0.5 1 1 1 1
 0.5 1 1 1 1
 0.5 1 1 1 1
 0.5 1 1 1 1
 0.5 1 1 1 1
 0.5 1 1 1 1
 0.5 1 1 1 1
 0.5 1 1 1 1
 0.5 1 1 1 1
 0.5 1 1 1 1
 0.5 1 1 1 1
 0.5 1 1 1 1
 0.5 1 1 1 1
 0.5 1 1 1 1
 0.5 1 1 1 1
 0.5 1 1 1 1
 0.5 1 1 1 1
 0.5 1 1 1 1
 0.5 1 1 1 1
 0.5 1 1 1 1
 0.5 1 1 1 1
 0.5 1 1 1 1
 0.5 1 1 1 1
 0.5 1 1 1 1
 0.5 1 1 1 1
 0.5 1 1 1 1
 0.5 1 1 1 1
 0.5 1 1 1 1
Sel_pelaces
 0.5 1 1 1 1
 0.5 1 1 1 1
 0.5 1 1 1 1
 0.5 1 1 1 1
 0.5 1 1 1 1
 0.5 1 1 1 1
 0.5 1 1 1 1
 0.5 1 1 1 1
 0.5 1 1 1 1
 0.5 1 1 1 1
 0.5 1 1 1 1
 0.5 1 1 1 1
 0.5 1 1 1 1
 0.5 1 1 1 1
 0.5 1 1 1 1
 0.5 1 1 1 1
 0.5 1 1 1 1
 0.5 1 1 1 1
 0.5 1 1 1 1
 0.5 1 1 1 1
 0.5 1 1 1 1
 0.5 1 1 1 1
 0.5 1 1 1 1
 0.5 1 1 1 1
 0.5 1 1 1 1
 0.5 1 1 1 1
 0.5 1 1 1 1
 0.5 1 1 1 1
 0.5 1 1 1 1
 0.5 1 1 1 1
 0.5 1 1 1 1
pf_obs 
 0.8446 0.082 0.0669 0.0065 0
 0.8095 0.147 0.0364 0.0071 0
 0.9664 0.0169 0.016 0.0007 0
 0.9276 0.0648 0.0075 0.0001 0
 0.7033 0.2144 0.0806 0.0017 0
 0.9318 0.0425 0.0243 0.0014 0
 0.5671 0.3108 0.0964 0.0239 0.0018
 0.0768 0.2599 0.5324 0.112 0.0189
 0.490249 0.384438 0.106611 0.0170017 0.00170017
 0.7925 0.1577 0.0466 0.003 0.0002
 0.840416 0.127587 0.0312969 0.00059994 9.999e-05
 0.8084 0.0986 0.0794 0.0134 0.0002
 0.7335 0.1905 0.0724 0.0035 0.0001
 0.4001 0.4547 0.1325 0.0127 0
 0.49795 0.308269 0.164784 0.0264974 0.00249975
 0.9179 0.0499 0.0305 0.0017 0
 0.2467 0.6533 0.0926 0.0074 0
 0.9418 0.0223 0.034 0.0019 0
 0.707729 0.231977 0.0356964 0.0245975 0
 0.517169 0.277429 0.184464 0.0207286 0.00020938
 0.811772 0.124168 0.05621 0.00726502 0.000585176
 0.764997 0.148141 0.077277 0.00933861 0.000247198
 0.163321 0.427699 0.378323 0.0303852 0.000271297
 0.753843 0.0900009 0.118128 0.0371064 0.000921714
 0.721811 0.176058 0.0630433 0.0369309 0.00215725
 0.143369 0.312575 0.442814 0.0836902 0.0175525
 0.692698 0.0596174 0.167031 0.0765114 0.00414204
 0.394062 0.376323 0.152708 0.0712218 0.00568511
 0.125707 0.32114 0.495352 0.0537591 0.00404204
 0.23352 0.215282 0.420074 0.123614 0.00750983
 0.774587 0.0839891 0.0768558 0.0609784 0.00358967
pf_pred 
 0.601436 0.251941 0.0926838 0.0340965 0.0198434
 0.17238 0.628918 0.125604 0.046207 0.0268914
 0.387577 0.18817 0.322394 0.0643866 0.0374715
 0.654506 0.197678 0.0454173 0.077814 0.0245848
 0.543912 0.367768 0.0505334 0.0116103 0.0261767
 0.6004 0.283824 0.093357 0.0128278 0.00959214
 0.325047 0.513824 0.114445 0.0376439 0.00904028
 0.387057 0.318347 0.224268 0.0499516 0.0203762
 0.386231 0.345071 0.139555 0.0983133 0.0308298
 0.523322 0.27311 0.114449 0.0462859 0.0428327
 0.667215 0.234207 0.0564797 0.0236683 0.0184299
 0.52805 0.379495 0.0650675 0.0156912 0.0116957
 0.602279 0.284953 0.0906766 0.0155472 0.00654384
 0.519349 0.371468 0.0782258 0.0248927 0.00606448
 0.645341 0.255524 0.0766157 0.0161342 0.00638496
 0.807302 0.154261 0.0276928 0.00830336 0.00244055
 0.440637 0.505778 0.0428964 0.00770072 0.00298763
 0.708625 0.181971 0.0989237 0.00838999 0.0020905
 0.552062 0.376227 0.0447854 0.0243464 0.00257938
 0.471896 0.387306 0.118258 0.0140772 0.00846344
 0.612877 0.25623 0.0959951 0.0293105 0.00558676
 0.625391 0.289437 0.0563739 0.0211201 0.00767784
 0.303516 0.546856 0.115608 0.022517 0.0115026
 0.58747 0.196516 0.169608 0.0358558 0.0105512
 0.496996 0.376376 0.0603217 0.052062 0.0142449
 0.342596 0.442173 0.161048 0.0258111 0.0283722
 0.586042 0.214322 0.134276 0.048906 0.016454
 0.525079 0.354678 0.062254 0.0390032 0.0189851
 0.325079 0.470261 0.152844 0.0268275 0.0249892
 0.412214 0.292988 0.205405 0.0667604 0.022633
 0.769786 0.136533 0.0466961 0.0327372 0.0142474
pobs_RECLAS
 0 0 0 0 0
 0 0 0 0 0
 0 0 0 0 0
 0 0 0 0 0
 0 0 0 0 0
 0 0 0 0 0
 0 0 0 0 0
 0 0 0 0 0
 0 0 0 0 0
 0 0 0 0 0
 0.991045 0.00858322 0.000360255 1.14367e-05 0
 0.934742 0.0480273 0.0164251 0.00080598 0
 0.827803 0.169806 0.00239088 0 0
 0.941827 0.0461693 0.0120037 0 0
 0.791401 0.0380133 0.147996 0.0225897 0
 0.846168 0.0940531 0.0597789 0 0
 0.134021 0.677848 0.182769 0.00536245 0
 0.80878 0.0450904 0.141981 0.00414843 0
 0.846168 0.0940531 0.0597789 0 0
 0.905697 0.0802665 0.012482 0.00150086 5.37128e-05
 0.989698 0.0102097 9.19794e-05 0 0
 0.975433 0.0193895 0.00387452 0.00125025 5.28907e-05
 0.303575 0.632131 0.0575291 0.00676475 0
 0.966965 0.00978017 0.0227588 0.000495775 0
 0.843318 0.132988 0.00938335 0.0141283 0.000182051
 0.564624 0.303363 0.111486 0.0197234 0.00080311
 0.826376 0.0876187 0.0782897 0.00655872 0.00115652
 0.89761 0.0855135 0.0140674 0.00269457 0.000114338
 0.34875 0.467042 0.161289 0.0227151 0.000203297
 0.318654 0.224769 0.449479 0.00709798 0
 0.937255 0.0296025 0.0250945 0.00804832 0
ppred_RECLAS
 0.603199 0.250826 0.0922737 0.0339456 0.0197556
 0.173806 0.627834 0.125387 0.0461273 0.026845
 0.389627 0.187541 0.321315 0.0641711 0.0373461
 0.658069 0.195639 0.0449489 0.0770115 0.0243312
 0.544926 0.36695 0.0504211 0.0115845 0.0261185
 0.602648 0.282226 0.0928316 0.0127556 0.00953816
 0.329418 0.510496 0.113704 0.0374001 0.00898174
 0.387635 0.318046 0.224057 0.0499045 0.020357
 0.388646 0.343713 0.139006 0.0979265 0.0307086
 0.526531 0.271272 0.113679 0.0459743 0.0425443
 0.667981 0.233668 0.0563497 0.0236138 0.0183875
 0.533323 0.375256 0.0643406 0.0155159 0.0115651
 0.607086 0.281509 0.0895806 0.0153593 0.00646474
 0.527584 0.365104 0.0768856 0.0244662 0.00596058
 0.649099 0.252816 0.0758039 0.0159632 0.0063173
 0.810498 0.151703 0.0272335 0.00816564 0.00240007
 0.44273 0.503886 0.0427359 0.00767191 0.00297645
 0.711155 0.180391 0.0980646 0.00831712 0.00207235
 0.556704 0.372328 0.0443213 0.0240941 0.00255265
 0.475675 0.384534 0.117411 0.0139764 0.00840287
 0.615575 0.254445 0.0953262 0.0291063 0.00554783
 0.628905 0.286722 0.0558451 0.020922 0.00760582
 0.304908 0.545764 0.115377 0.0224721 0.0114796
 0.589054 0.195761 0.168956 0.0357181 0.0105107
 0.498474 0.375269 0.0601443 0.051909 0.014203
 0.343593 0.441502 0.160804 0.025772 0.0283291
 0.587558 0.213537 0.133784 0.0487268 0.0163938
 0.526535 0.353591 0.0620632 0.0388837 0.0189269
 0.326107 0.469544 0.152611 0.0267866 0.0249512
 0.413627 0.292284 0.204911 0.0665998 0.0225785
 0.770708 0.135986 0.0465091 0.0326061 0.0141904
pobs_PELACES
 0 0 0 0 0
 0 0 0 0 0
 0 0 0 0 0
 0 0 0 0 0
 0 0 0 0 0
 0 0 0 0 0
 0 0 0 0 0
 0 0 0 0 0
 0 0 0 0 0
 0 0 0 0 0
 0 0 0 0 0
 0 0 0 0 0
 0 0 0 0 0
 0 0 0 0 0
 0 0 0 0 0
 0 0 0 0 0
 0.505614 0.472636 0.0217494 0 0
 0 0 0 0 0
 0.443492 0.261883 0.143347 0.151278 0
 0.227955 0.32914 0.350689 0.0885471 0.00366901
 0.970185 0.0296113 0.000203453 0 0
 0.997202 0.00247181 0.000326279 0 0
 0.445219 0.490057 0.0546422 0.010081 0
 0.90214 0.0892962 0.00764917 0.000914606 0
 0 0 0 0 0
 0.581667 0.319106 0.0959925 0.00289975 0.000334073
 0.762889 0.0836404 0.116647 0.0363945 0.000428098
 0.88444 0.0763242 0.0277011 0.0115352 0
 0.521256 0.241999 0.230069 0.00667565 0
 0.616807 0.101726 0.260614 0.0208532 0
 0.833518 0.0704572 0.0857862 0.0102388 0
ppred_PELACES
 0.609537 0.246819 0.0907998 0.0334034 0.01944
 0.178863 0.623991 0.12462 0.045845 0.0266807
 0.396935 0.185295 0.317468 0.0634028 0.0368989
 0.669649 0.189014 0.0434267 0.0744034 0.0235072
 0.548745 0.36387 0.049998 0.0114872 0.0258993
 0.610526 0.276631 0.0909912 0.0125027 0.00934907
 0.343445 0.499818 0.111325 0.0366178 0.00879387
 0.389874 0.316884 0.223237 0.049722 0.0202825
 0.397105 0.338957 0.137082 0.0965715 0.0302836
 0.537374 0.265059 0.111075 0.0449214 0.04157
 0.670889 0.231621 0.0558562 0.023407 0.0182264
 0.549766 0.362034 0.0620735 0.0149692 0.0111576
 0.622125 0.270734 0.0861519 0.0147714 0.0062173
 0.551068 0.346954 0.0730636 0.02325 0.00566427
 0.661236 0.244072 0.0731819 0.0154111 0.00609879
 0.820276 0.143875 0.0258283 0.00774431 0.00227623
 0.450191 0.49714 0.0421638 0.0075692 0.0029366
 0.719674 0.175071 0.0951725 0.00807184 0.00201123
 0.571462 0.359932 0.0428457 0.0232919 0.00246767
 0.488187 0.375359 0.114609 0.0136429 0.00820236
 0.624795 0.248342 0.0930397 0.0284081 0.00541476
 0.640438 0.277811 0.0541096 0.0202718 0.00736944
 0.310007 0.54176 0.11453 0.0223072 0.0113954
 0.594813 0.193018 0.166588 0.0352175 0.0103634
 0.50391 0.371202 0.0594925 0.0513464 0.0140491
 0.347348 0.438977 0.159884 0.0256245 0.0281671
 0.593093 0.210671 0.131989 0.048073 0.0161738
 0.531887 0.349594 0.0613616 0.0384441 0.018713
 0.329968 0.466854 0.151736 0.0266331 0.0248082
 0.418842 0.289684 0.203088 0.0660075 0.0223777
 0.774107 0.13397 0.0458197 0.0321227 0.01398
pobs_pel_tallas
 0 0 0 0 0 0 0 0 0 0 0 0 0 0 0 0 0 0 0 0 0 0 0 0 0 0
 0 0 0 0 0 0 0 0 0 0 0 0 0 0 0 0 0 0 0 0 0 0 0 0 0 0
 0 0 0 0 0 0 0 0 0 0 0 0 0 0 0 0 0 0 0 0 0 0 0 0 0 0
 0 0 0 0 0 0 0 0 0 0 0 0 0 0 0 0 0 0 0 0 0 0 0 0 0 0
 0 0 0 0 0 0 0 0 0 0 0 0 0 0 0 0 0 0 0 0 0 0 0 0 0 0
 0 0 0 0 0 0 0 0 0 0 0 0 0 0 0 0 0 0 0 0 0 0 0 0 0 0
 0 0 0 0 0 0 0 0 0 0 0 0 0 0 0 0 0 0 0 0 0 0 0 0 0 0
 0 0 0 0 0 0 0 0 0 0 0 0 0 0 0 0 0 0 0 0 0 0 0 0 0 0
 0 0 0 0 0 0 0 0 0 0 0 0 0 0 0 0 0 0 0 0 0 0 0 0 0 0
 0 0 0 0 0 0 0 0 0 0 0 0 0 0 0 0 0 0 0 0 0 0 0 0 0 0
 0 0 0 0 0 0 0 0 0 0 0 0 0 0 0 0 0 0 0 0 0 0 0 0 0 0
 0 0 0 0 0 0 0 0 0 0 0 0 0 0 0 0 0 0 0 0 0 0 0 0 0 0
 0.00862536 0 0 0.000197151 0.00414017 0.0128641 0.00837892 0.0270097 0.101434 0.158115 0.152841 0.127902 0.109271 0.109419 0.0830992 0.0579132 0.0238553 0.00714673 0.00463305 0.00128148 0.00103504 0.000492878 0.000147863 0.000147863 4.92878e-05 0
 0 0 0 0 0 0 0 0 0 0 0 0 0 0 0 0 0 0 0 0 0 0 0 0 0 0
 0 0 0 0 0 0 0 0.0054083 0.00873648 0.0413646 0.0450493 0.0745869 0.0622846 0.0627006 0.0613931 0.0827291 0.12552 0.122667 0.0946155 0.0697135 0.0546179 0.0294188 0.0215738 0.0213955 0.0102223 0.00600262
 0 0 0 0 0.00359764 0.0251062 0.0480494 0.140153 0.205849 0.193036 0.1447 0.116669 0.0760912 0.0342217 0.00950174 0.001854 0.000860785 0 0 0 0.000165536 0 0.000143464 0 0 0
 0 0 0 0 0 0 0 0.000145254 0.000435761 0.0275982 0.070085 0.0708112 0.156366 0.174668 0.174014 0.160142 0.0824315 0.0480064 0.0283245 0.00493863 0.00203355 0 0 0 0 0
 0 0 0 0 0 0 0 0 0 0 0 0 0 0 0 0 0 0 0 0 0 0 0 0 0 0
 0 0 1.00437e-05 0.000401748 0.00122533 0.00171747 0.00176769 0.0269171 0.070346 0.194647 0.189555 0.159765 0.064822 0.0314167 0.0384472 0.0292271 0.0345202 0.0313363 0.0194345 0.0106764 0.0143323 0.0359363 0.0279516 0.0138201 0.00172751 0
 0 0.0021121 0.0136068 0.0755702 0.200478 0.177729 0.0527432 0.0373336 0.0318909 0.0142505 0.0149659 0.0166563 0.0217959 0.0798694 0.0677717 0.0528807 0.04013 0.0224614 0.0357745 0.0225083 0.00881397 0.00855152 0.00135912 0.000746735 0 0
 0 0 0 0 5.4009e-05 0.00500934 0.000945158 0.0243581 0.138947 0.33067 0.221406 0.137944 0.0707744 0.0437923 0.0131692 0.00525238 0.0047753 0.00276346 9.45158e-05 9.00151e-06 2.25038e-05 9.00151e-06 4.50075e-06 0 0 0
 0.000866109 0.00284123 0.00948549 0.0512746 0.133035 0.25785 0.225252 0.132002 0.0553304 0.0519788 0.0540692 0.017754 0.00435017 0.00159236 0.00146478 0.000404838 0.000125132 0.000115318 0.000107957 0.000100596 0 0 0 0 0 0
 0 0 0 0 0.00144013 0.00171154 0.00461396 0.0210425 0.0478622 0.0707936 0.0888783 0.103762 0.0637923 0.0337046 0.0602308 0.124433 0.169614 0.0934646 0.0462172 0.0250306 0.0313229 0.00938855 0.002487 0.000210481 0 0
 0 0.00764035 0.051015 0.0998891 0.058973 0.0496711 0.0374665 0.0718981 0.12319 0.153886 0.159021 0.0857701 0.0377988 0.023471 0.0147837 0.00900784 0.00315554 0.000888139 0.00291439 0.00214683 0.00393193 0.00274676 0.000635225 9.99891e-05 0 0
 0 0 0 0 0 0 0 0 0 0 0 0 0 0 0 0 0 0 0 0 0 0 0 0 0 0
 0 0 0 0 0 0 0 0 0 0 0 0 0 0 0 0 0 0 0 0 0 0 0 0 0 0
 0 0 0 0 0 0 0 0 0 0 0 0 0 0 0 0 0 0 0 0 0 0 0 0 0 0
 0 0 0 0 0 0 0 0 0 0 0 0 0 0 0 0 0 0 0 0 0 0 0 0 0 0
 0 0 0 0 0 0 0 0 0 0 0 0 0 0 0 0 0 0 0 0 0 0 0 0 0 0
 0 0 0 0 0 0 0 0 0 0 0 0 0 0 0 0 0 0 0 0 0 0 0 0 0 0
 0 0 0 0 0 0 0 0 0 0 0 0 0 0 0 0 0 0 0 0 0 0 0 0 0 0
ppred_pel_tallas
 1.09324e-16 5.02068e-05 0.000488028 0.00324312 0.0147428 0.0458704 0.0977326 0.142649 0.142672 0.0978493 0.0462627 0.0158774 0.00609605 0.0067325 0.0119586 0.0198203 0.0288555 0.0369454 0.0419647 0.0429531 0.0406543 0.0369099 0.033415 0.030835 0.0288147 0.0266075
 1.12869e-16 1.47329e-05 0.000143209 0.000951676 0.00432622 0.0134608 0.0286819 0.0418746 0.0419349 0.0289761 0.014449 0.00718137 0.00812205 0.0158081 0.0298009 0.049339 0.0713022 0.0901597 0.100282 0.0990997 0.0886219 0.0739877 0.0602753 0.0500615 0.0431614 0.0379845
 1.21812e-16 3.2695e-05 0.000317807 0.00211194 0.00960059 0.0298711 0.0636442 0.0928944 0.0929127 0.063734 0.0301741 0.0104819 0.00434732 0.00527492 0.00967456 0.0165386 0.0252204 0.0346576 0.0437298 0.0518661 0.0591572 0.0657752 0.0712483 0.0743388 0.0736907 0.0687051
 1.12742e-16 5.51581e-05 0.000536157 0.00356295 0.0161967 0.050394 0.10737 0.156714 0.156732 0.10746 0.050694 0.0170641 0.00574343 0.00530684 0.0091485 0.0151283 0.0220154 0.0282007 0.0321223 0.0331658 0.0320637 0.0303767 0.0294504 0.0296508 0.0303512 0.0304969
 1.07071e-16 4.51995e-05 0.000439355 0.00291967 0.0132724 0.0412956 0.0879859 0.128425 0.12846 0.0881573 0.0418711 0.0149345 0.00709203 0.00954838 0.0173474 0.0286149 0.0412378 0.0519115 0.0573063 0.0559145 0.0489606 0.0395739 0.0309037 0.0246374 0.020775 0.0183698
 1.05533e-16 5.02883e-05 0.00048882 0.00324838 0.0147667 0.0459448 0.0978912 0.142881 0.142907 0.0980219 0.046384 0.0160362 0.00643906 0.00746733 0.0133425 0.0220795 0.0320378 0.040782 0.0458473 0.0460756 0.0422539 0.0364758 0.0307768 0.026141 0.0224673 0.0191937
 1.08501e-16 2.82892e-05 0.000274981 0.00182735 0.00830689 0.0258461 0.0550696 0.0803857 0.080434 0.0553053 0.0266379 0.010595 0.00757424 0.0128322 0.0239113 0.0395769 0.0572251 0.07242 0.0806465 0.0798197 0.0714891 0.0596906 0.0484168 0.0397035 0.0334546 0.0285284
 1.14942e-16 3.21135e-05 0.000312155 0.00207438 0.00942985 0.0293399 0.0625129 0.0912459 0.0912768 0.0626637 0.0298471 0.0108986 0.00577554 0.00843927 0.0156066 0.0261162 0.0384771 0.0501918 0.0586949 0.0627654 0.0631068 0.0615388 0.0595167 0.0572476 0.0539736 0.048916
 1.18853e-16 3.27091e-05 0.000317944 0.00211285 0.00960474 0.0298841 0.0636724 0.0929387 0.0929715 0.063833 0.0304237 0.0111658 0.00604011 0.00892114 0.0164614 0.0274023 0.0400478 0.0516104 0.0592921 0.0618905 0.0604898 0.0575668 0.0552384 0.0540547 0.0530905 0.0509364
 1.14814e-16 4.42628e-05 0.000430251 0.00285917 0.0129974 0.0404398 0.0861622 0.125762 0.125787 0.0862878 0.0408618 0.0142179 0.00592973 0.00715612 0.0128859 0.0214142 0.0312771 0.0402655 0.0461689 0.0480233 0.0466619 0.0440327 0.0418428 0.0406135 0.039726 0.0381527
 1.07103e-16 5.52603e-05 0.00053715 0.00356955 0.0162267 0.0504873 0.107569 0.157005 0.157028 0.107679 0.0508545 0.0172879 0.00623561 0.00636489 0.0111463 0.0184014 0.0266515 0.0338384 0.037909 0.0379433 0.0346951 0.0300396 0.0257818 0.0227612 0.020782 0.0191501
 1.05274e-16 4.52836e-05 0.000440173 0.0029251 0.0132971 0.0413724 0.0881497 0.128664 0.128699 0.0883203 0.0419453 0.0149521 0.00708032 0.00951432 0.0172885 0.0285355 0.0411635 0.0518958 0.0574199 0.0562104 0.0494266 0.040093 0.0312533 0.0245398 0.0199878 0.0167803
 1.05089e-16 5.12437e-05 0.000498107 0.0033101 0.0150472 0.0468177 0.099751 0.145595 0.145621 0.0998789 0.0472474 0.0162894 0.0064318 0.00732511 0.013053 0.0215923 0.0313194 0.0398442 0.0447498 0.0449013 0.0410726 0.0353221 0.0296546 0.0250452 0.0214027 0.0181788
 1.05488e-16 4.53908e-05 0.000441215 0.00293203 0.0133286 0.0414704 0.0883583 0.128969 0.129002 0.0885219 0.0420199 0.0149163 0.00691957 0.00915295 0.016611 0.0274433 0.0396558 0.0501377 0.0557423 0.0550164 0.0490407 0.0406372 0.0326106 0.0264122 0.0220054 0.0186102
 1.04752e-16 5.44652e-05 0.000529421 0.00351819 0.0159932 0.0497609 0.106022 0.154747 0.15477 0.106137 0.0501482 0.0171126 0.00633109 0.00668019 0.0117658 0.0194435 0.0281873 0.0358313 0.0401942 0.0402581 0.0367359 0.0315067 0.0264023 0.0223149 0.019155 0.0164006
 1.01945e-16 6.75651e-05 0.000656757 0.00436438 0.0198398 0.0617292 0.131521 0.191962 0.191976 0.131589 0.0619569 0.0204977 0.00601616 0.00426423 0.0069236 0.0113518 0.0163761 0.0206567 0.0228758 0.0224259 0.0197625 0.0160781 0.01257 0.0098768 0.00800999 0.00665276
 1.026e-16 3.70817e-05 0.000360447 0.0023953 0.0108887 0.0338791 0.0721848 0.105366 0.105414 0.0724187 0.0346643 0.0131559 0.00808397 0.0127712 0.0235847 0.038872 0.0558524 0.0699387 0.0764751 0.0733086 0.06208 0.0471357 0.0329734 0.0221958 0.0151428 0.0108216
 1.03942e-16 5.92786e-05 0.000576209 0.00382911 0.0174066 0.0541585 0.115391 0.16842 0.168437 0.115474 0.0544376 0.0182142 0.00586158 0.00503043 0.00856927 0.0142045 0.0207618 0.0267419 0.0306322 0.0316938 0.030327 0.0276606 0.0247343 0.0219625 0.0192063 0.0162099
 1.04082e-16 4.70707e-05 0.000457544 0.00304054 0.0138219 0.0430052 0.0916284 0.133742 0.133776 0.0917978 0.0435742 0.0154652 0.00716524 0.00946069 0.0171427 0.0282586 0.040688 0.0511395 0.056293 0.054629 0.0473365 0.0375022 0.0282556 0.02131 0.0167423 0.0137213
 1.0616e-16 4.02114e-05 0.000390869 0.00259746 0.0118077 0.0367384 0.0782763 0.114254 0.11429 0.0784536 0.0373339 0.0135292 0.00692316 0.0098492 0.018048 0.0298898 0.0433241 0.0550438 0.0616793 0.0616413 0.0560021 0.0476384 0.0393794 0.0326442 0.0273731 0.0228518
 1.06514e-16 5.14636e-05 0.000500245 0.0033243 0.0151118 0.0470186 0.100179 0.146219 0.146243 0.100296 0.0474133 0.0162532 0.00619418 0.00678107 0.0120267 0.0199241 0.0289856 0.0370599 0.0419775 0.0427291 0.0400154 0.0356544 0.0313548 0.027848 0.0249032 0.0219354
 1.04913e-16 5.27521e-05 0.000512769 0.00340753 0.0154902 0.0481958 0.102687 0.149881 0.149907 0.102818 0.0486357 0.0167611 0.00659916 0.00748485 0.0133081 0.0219551 0.0317119 0.0400717 0.0445153 0.0438886 0.0390773 0.0323682 0.0260318 0.0212379 0.0179382 0.0154628
 1.0761e-16 2.5535e-05 0.000248209 0.00164944 0.00749814 0.0233298 0.0497085 0.0725619 0.0726142 0.049964 0.0241878 0.00997707 0.00787487 0.0138483 0.0258835 0.0428262 0.0618676 0.0781717 0.0868064 0.085479 0.0758597 0.062356 0.0493803 0.0392654 0.0320423 0.0265742
 1.10143e-16 4.8994e-05 0.000476239 0.00316478 0.0143866 0.0447623 0.0953714 0.139201 0.13922 0.0954636 0.0450722 0.0152848 0.00543046 0.00545888 0.00961966 0.0161078 0.0238599 0.0313906 0.0371866 0.040512 0.0417266 0.0417815 0.0413484 0.0403537 0.0382307 0.0345406
 1.09339e-16 4.15065e-05 0.000403458 0.00268112 0.012188 0.0379216 0.0807973 0.117934 0.117969 0.0809723 0.0385092 0.0138855 0.00694358 0.00971384 0.0177403 0.0293091 0.0423334 0.0535003 0.0594789 0.0587872 0.0526888 0.0443131 0.0367163 0.0313898 0.0280923 0.0256903
 1.12063e-16 2.86106e-05 0.000278106 0.00184811 0.00840128 0.0261397 0.055695 0.0812974 0.0813398 0.0559026 0.0268372 0.010418 0.00691808 0.0113718 0.0211738 0.0351593 0.0511151 0.0652674 0.0737637 0.0748101 0.0696618 0.0615879 0.053701 0.0473992 0.0423517 0.0375332
 1.11421e-16 4.88523e-05 0.000474862 0.00315563 0.014345 0.0446328 0.0950957 0.138799 0.13882 0.0951958 0.0449696 0.0153201 0.00561193 0.00586591 0.0103729 0.0172966 0.0254443 0.0331265 0.0386445 0.0412229 0.0413997 0.0404729 0.0394802 0.0385641 0.0371335 0.0345068
 1.08883e-16 4.38109e-05 0.000425858 0.00282998 0.0128647 0.040027 0.085283 0.12448 0.124514 0.0854478 0.0405805 0.0144638 0.00684559 0.00919784 0.0167213 0.0276233 0.0399092 0.0504576 0.0561295 0.0555212 0.0498076 0.0419186 0.0347222 0.0296297 0.0264392 0.0241172
 1.11368e-16 2.71792e-05 0.000264191 0.00175564 0.00798093 0.0248319 0.0529086 0.0772312 0.0772763 0.0531293 0.0255731 0.0101235 0.00714073 0.0120426 0.0224637 0.03727 0.0540995 0.0689019 0.0775436 0.0781026 0.0719428 0.0626237 0.0535779 0.0464188 0.0408803 0.03589
 1.16342e-16 3.44995e-05 0.000335348 0.0022285 0.0101305 0.0315198 0.0671573 0.098024 0.0980522 0.0672952 0.0319836 0.0114737 0.00561375 0.00777037 0.0142878 0.0239159 0.0352731 0.0461016 0.0540991 0.0582015 0.0590976 0.0584643 0.0575857 0.0565319 0.054433 0.0503896
 1.06944e-16 6.37622e-05 0.000619791 0.00411873 0.0187232 0.0582548 0.124118 0.181157 0.18117 0.124182 0.0584678 0.0193391 0.00566752 0.00401023 0.00653111 0.0107723 0.0156952 0.0201365 0.0229669 0.0237024 0.0227862 0.0212425 0.0199786 0.019288 0.0188595 0.0181481
pSPR Fmed_Fpbrs
0.733002   0.285572 0.285572
Fs Fmed_Fpbrs
0.196444   1.005 1.005
SSBpbr Bo_Bmed_Bpbrs
2.19818e+06  1.50136e+06  517830 517830
Ro
245553
SPR SPRFo_SPRFmed_SPRFpbrs
1.7552e+06 1.28656e+06 501236
Fref
1.005
Nvult_r0
 461224 43166.3 14763.5 10350.2 4504.46
CTP_r0
 25527.9 4527.76 1548.56 1085.64 472.478
YTP_r0
391372
Np
 369717 245031 20992.9 7179.87 6680.56
Nvult_p0
 287428 212035 18166 6213.02 5780.95
CTP_p0
 96128.3 106282 9105.65 3114.26 2897.69
YTP_p0
 2.83943e+06
CBA_c0
1.12579e+06
log_Ro
12.2313
likeval ReclasPelacesDesembMPH_pf_preclas_ppelaces_ptallas_desvR_qrecl_qpela
 28.4447 20.0199 1.67364 0.00348763 253.344 140.365 104.091 0 19.991 0 0 8.3521 0 0 0
q_reclas_q_pelaces
1 1
M
1
N
 499653 108150 39786 14636.4 8518.07
 89076.2 169600 33871.4 12460.6 7251.78
 116969 29487.6 50521.4 10089.8 5872.04
 243874 39216.4 9010.13 15437.2 4877.25
 222429 76660.7 10533.6 2420.14 5456.5
 317241 78093.4 25687 3529.54 2639.26
 123905 105597 23519.7 7736.24 1857.88
 90544.1 37678.9 26543.9 5912.17 2411.68
 69376.8 32371.6 13091.9 9222.93 2892.2
 83298.3 22921.5 9605.45 3884.67 3594.85
 150513 26855.1 6476.19 2713.9 2113.24
 136802 53209.1 9123.12 2200.07 1639.86
 161299 41174.3 13102.3 2246.5 945.552
 122594 48952.2 10308.6 3280.37 799.179
 160303 33865.6 10154.2 2138.33 846.224
 485264 50111.8 8996.03 2697.35 792.813
 246125 146616 12434.9 2232.31 866.061
 611477 82628.9 44919.1 3809.71 949.251
 541067 198162 23588.8 12823.4 1358.58
 380531 165944 50668.2 6031.45 3626.22
 548403 120266 45056.9 13757.4 2622.24
 728969 179179 34898.9 13074.6 4753.05
 248534 230649 48760.1 9497.05 4851.46
 493563 85030.3 73387.4 15514.4 4565.39
 434202 168915 27072 23365.2 6393.03
 226985 149549 54468.5 8729.65 9595.83
 422085 79405.6 49749 18119.5 6096.17
 417645 144873 25428.5 15931.4 7754.72
 194728 143960 46789.6 8212.62 7649.88
 186121 67933.3 47625.9 15479.3 5247.76
 706255 64159.2 21943.3 15383.8 6695.1
pred_Ctot
 24581.7 10297.3 3788.15 1393.58 811.032
 5687.75 20751.4 4144.34 1524.62 887.292
 6603.32 3205.94 5492.77 1096.98 638.418
 22722.7 6862.87 1576.77 2701.5 853.519
 6440.09 4354.48 598.331 137.469 309.94
 19246.3 9098.17 2992.63 411.205 307.483
 13792.3 21802.4 4856.08 1597.29 383.594
 1614.96 1328.28 935.741 208.419 85.0179
 4508.31 4027.85 1628.96 1147.57 359.863
 6580.5 3434.22 1439.14 582.021 538.599
 3726.42 1308.05 315.441 132.188 102.932
 15985.7 11488.5 1969.79 475.022 354.066
 18129.1 8577.32 2729.44 467.984 196.975
 19758.4 14132.4 2976.07 947.033 230.721
 15428.2 6108.81 1831.65 385.72 152.645
 55704.2 10644.1 1910.82 572.936 168.399
 13702.8 15728.6 1333.98 239.475 92.9086
 46508.7 11943.2 6492.6 550.655 137.205
 57731.1 39343.4 4683.37 2545.99 269.735
 34313.5 28162.7 8599.01 1023.61 615.413
 39154.6 16369.7 6132.8 1872.55 356.919
 65275.6 30210.2 5884.07 2204.43 801.379
 11062.8 19932.3 4213.77 820.72 419.255
 21876.2 7317.87 6315.86 1335.2 392.906
 17595.8 13325.4 2135.65 1843.23 504.332
 7069.9 9124.81 3323.43 532.645 585.496
 17977.8 6574.69 4119.16 1500.28 504.756
 16727.7 11299.2 1983.25 1242.54 604.817
 6390.86 9245.06 3004.82 527.413 491.274
 7447.11 5293.17 3710.87 1206.1 408.89
 25527.9 4527.76 1548.56 1085.64 472.478
F
 0.0804714 0.160943 0.160943 0.160943 0.160943
 0.105522 0.211045 0.211045 0.211045 0.211045
 0.0928099 0.18562 0.18562 0.18562 0.18562
 0.157261 0.314523 0.314523 0.314523 0.314523
 0.0467026 0.0934052 0.0934052 0.0934052 0.0934052
 0.100034 0.200067 0.200067 0.200067 0.200067
 0.190413 0.380825 0.380825 0.380825 0.380825
 0.0285543 0.0571087 0.0571087 0.0571087 0.0571087
 0.107476 0.214953 0.214953 0.214953 0.214953
 0.131972 0.263945 0.263945 0.263945 0.263945
 0.0398216 0.0796433 0.0796433 0.0796433 0.0796433
 0.20072 0.40144 0.40144 0.40144 0.40144
 0.192417 0.384834 0.384834 0.384834 0.384834
 0.286479 0.572958 0.572958 0.572958 0.572958
 0.162808 0.325617 0.325617 0.325617 0.325617
 0.196874 0.393748 0.393748 0.393748 0.393748
 0.0914785 0.182957 0.182957 0.182957 0.182957
 0.126794 0.253587 0.253587 0.253587 0.253587
 0.181892 0.363785 0.363785 0.363785 0.363785
 0.151862 0.303725 0.303725 0.303725 0.303725
 0.118625 0.237251 0.237251 0.237251 0.237251
 0.150736 0.301473 0.301473 0.301473 0.301473
 0.0725713 0.145143 0.145143 0.145143 0.145143
 0.0722532 0.144506 0.144506 0.144506 0.144506
 0.0658879 0.131776 0.131776 0.131776 0.131776
 0.050316 0.100632 0.100632 0.100632 0.100632
 0.0693497 0.138699 0.138699 0.138699 0.138699
 0.065099 0.130198 0.130198 0.130198 0.130198
 0.0530784 0.106157 0.106157 0.106157 0.106157
 0.0650317 0.130063 0.130063 0.130063 0.130063
 0.0585912 0.117182 0.117182 0.117182 0.117182
nmprior
 8.19 8.8 8.5 0
nm_flota  nm_reclas  nm_pelaces    nm_pelaL
inf 6.99804 9.28551 18.1195
cv_recla  cv_pelaces  cv_mph
0.48242 0.507345 1.82251
 ------------------------------------------------
Talla a la edad & desviaci?n 
 8 13.2811 15.8009 17.003 17.5766
 0.8 1.32811 1.58009 1.7003 1.75766
