years
 1991 1992 1993 1994 1995 1996 1997 1998 1999 2000 2001 2002 2003 2004 2005 2006 2007 2008 2009 2010 2011 2012 2013 2014 2015 2016 2017 2018 2019 2020 2021
reclasobs
 0 0 0 0 0 0 0 0 0 252601 567819 844713 477998 351125 339783 2.1784e+06 2.13404e+06 4.81314e+06 1.55562e+06 2.62356e+06 3.21686e+06 3.843e+06 1.13348e+06 3.07943e+06 1.97215e+06 2.03268e+06 2.025e+06 2.42433e+06 2.27542e+06 1.05018e+06 2.36338e+06
reclaspred
 2.60437e+06 2.02898e+06 1.10026e+06 944339 1.17945e+06 1.62676e+06 1.25363e+06 1.06154e+06 713285 504177 481572 636745 644286 536761 621694 1.01594e+06 1.50474e+06 2.50787e+06 2.44372e+06 1.89474e+06 3.22546e+06 2.57423e+06 2.38781e+06 2.86981e+06 2.5063e+06 2.4302e+06 2.51037e+06 2.40768e+06 2.61104e+06 1.72456e+06 2.30425e+06
pelacesobs
 0 0 0 0 0 0 0 0 0 0 0 0 0 0 0 552880 188675 0 991730 2.46772e+06 1.41603e+06 1.21717e+06 2.29649e+06 1.80582e+06 0 1.4828e+06 1.56532e+06 1.57751e+06 1.42118e+06 867257 1.10002e+06
pelacespred
 1.11407e+06 969791 556957 419696 523834 724342 563951 529381 372190 245779 249413 263248 289872 258585 317861 431004 624955 1.11609e+06 1.20608e+06 902264 1.34869e+06 1.27557e+06 1.13463e+06 1.44903e+06 1.29576e+06 1.19691e+06 1.39168e+06 1.37712e+06 1.20758e+06 900281 1.1905e+06
mphobs
 0 0 0 0 0 0 0 0 0 0 0 498337 0 5186 125008 0 168611 109162 213762 579715 649985 157893 87575 83554 0 0 0 0 0 0 0
mphpred
 1.93331e+06 2.14387e+06 1.18742e+06 668889 851983 1.06053e+06 1.29148e+06 865897 719749 472548 316340 481013 482318 437503 351307 555559 1.03466e+06 1.36254e+06 2.03486e+06 1.76356e+06 1.81188e+06 2.34688e+06 2.04527e+06 1.80718e+06 2.34907e+06 1.95283e+06 1.78915e+06 1.86736e+06 2.36525e+06 1.67137e+06 1.20041e+06
desembarqueobs
 494567 514787 250237 358949 120608 361735 552515 73892 212993 205616 52469 317467 293654 387597 252695 516296 358380 742168 942051 627588 828172 859565 418607 520667 417249 300574 415391 372974 316634 284311 391294
desembarquepred
 494325 510325 252425 359168 120824 361879 552153 73875.5 212726 205320 52416.6 317123 293771 387659 252964 516327 359038 741177 942859 627218 827546 859620 418853 520864 416984 300375 416233 373964 317194 284307 390605
Reclutas
 487970 58231.7 97918.1 257026 220578 287674 127236 53527.7 47791.5 69316.6 134632 147519 145700 109274 143139 416076 208307 674652 558215 326296 579704 629761 191016 427595 374653 219366 402869 402286 140113 129843 505421
log_desv_Rt
 0.823309 -1.30251 -0.782813 0.182232 0.029307 0.294883 -0.5209 -1.38675 -1.5001 -1.12826 -0.464398 -0.372985 -0.385394 -0.673083 -0.403127 0.663922 -0.0279307 1.14725 0.9578 0.420861 0.995573 1.07839 -0.114585 0.691232 0.559055 0.0237972 0.631666 0.63022 -0.424497 -0.500619 0.858447
SSB
 1.93331e+06 2.14387e+06 1.18742e+06 668889 851983 1.06053e+06 1.29148e+06 865897 719749 472548 316340 481013 482318 437503 351307 555559 1.03466e+06 1.36254e+06 2.03486e+06 1.76356e+06 1.81188e+06 2.34688e+06 2.04527e+06 1.80718e+06 2.34907e+06 1.95283e+06 1.78915e+06 1.86736e+06 2.36525e+06 1.67137e+06 1.20041e+06
BT
 3.50606e+06 2.78166e+06 1.59913e+06 1.62763e+06 1.56699e+06 2.55286e+06 1.94844e+06 1.5248e+06 1.22737e+06 901077 848654 1.06489e+06 1.17385e+06 1.25865e+06 1.39718e+06 1.95129e+06 2.11275e+06 4.43775e+06 4.59481e+06 3.05568e+06 5.05068e+06 4.46969e+06 3.43896e+06 5.25862e+06 3.87612e+06 3.65136e+06 4.93291e+06 4.73788e+06 3.24773e+06 2.64724e+06 4.57906e+06
Ftot
 0.179684 0.236288 0.216048 0.355196 0.0975779 0.210114 0.407277 0.0664323 0.279586 0.378408 0.103729 0.4599 0.422801 0.655928 0.380516 0.471738 0.225018 0.278012 0.359767 0.309658 0.24177 0.312484 0.166073 0.172063 0.157676 0.117531 0.157339 0.147514 0.115454 0.156199 0.160997
BD_Bspro_t
 0.97166 0.84369 0.690064 0.604396 0.657528 0.748469 0.727303 0.601466 0.645037 0.592374 0.563883 0.731175 0.610054 0.537892 0.467511 0.566716 0.624016 0.671502 0.702222 0.639971 0.603608 0.658324 0.660475 0.672262 0.749965 0.759058 0.780466 0.801954 0.82701 0.77698 0.74312
BD_Bspro
 1.26266 1.40018 0.775513 0.436857 0.556438 0.69264 0.84348 0.565525 0.470074 0.308625 0.206604 0.314153 0.315006 0.285737 0.229442 0.362841 0.675745 0.889885 1.32898 1.1518 1.18336 1.53277 1.33578 1.18028 1.5342 1.27541 1.16851 1.21959 1.54476 1.09159 0.783998
BD_Bo
 0.949473 1.05288 0.583157 0.3285 0.418421 0.52084 0.634266 0.425254 0.353478 0.232075 0.155359 0.236232 0.236873 0.214864 0.172532 0.272843 0.508135 0.66916 0.999346 0.866109 0.88984 1.15258 1.00446 0.88753 1.15366 0.95906 0.878676 0.917086 1.16161 0.820832 0.589538
BD_Brms
 4.03049 4.46947 2.47549 1.39448 1.77619 2.21095 2.69244 1.80519 1.50051 0.985152 0.659495 1.0028 1.00552 0.912092 0.732394 1.15821 2.15702 2.84057 4.2422 3.67662 3.77735 4.8927 4.26391 3.76755 4.89727 4.07119 3.72996 3.89301 4.93099 3.48442 2.50258
Sel_flota
 0.5 1 1 1 1
 0.5 1 1 1 1
 0.5 1 1 1 1
 0.5 1 1 1 1
 0.5 1 1 1 1
 0.5 1 1 1 1
 0.5 1 1 1 1
 0.5 1 1 1 1
 0.5 1 1 1 1
 0.5 1 1 1 1
 0.5 1 1 1 1
 0.5 1 1 1 1
 0.5 1 1 1 1
 0.5 1 1 1 1
 0.5 1 1 1 1
 0.5 1 1 1 1
 0.5 1 1 1 1
 0.5 1 1 1 1
 0.5 1 1 1 1
 0.5 1 1 1 1
 0.5 1 1 1 1
 0.5 1 1 1 1
 0.5 1 1 1 1
 0.5 1 1 1 1
 0.5 1 1 1 1
 0.5 1 1 1 1
 0.5 1 1 1 1
 0.5 1 1 1 1
 0.5 1 1 1 1
 0.5 1 1 1 1
 0.5 1 1 1 1
Sel_reclas
 0.5 1 1 1 1
 0.5 1 1 1 1
 0.5 1 1 1 1
 0.5 1 1 1 1
 0.5 1 1 1 1
 0.5 1 1 1 1
 0.5 1 1 1 1
 0.5 1 1 1 1
 0.5 1 1 1 1
 0.5 1 1 1 1
 0.5 1 1 1 1
 0.5 1 1 1 1
 0.5 1 1 1 1
 0.5 1 1 1 1
 0.5 1 1 1 1
 0.5 1 1 1 1
 0.5 1 1 1 1
 0.5 1 1 1 1
 0.5 1 1 1 1
 0.5 1 1 1 1
 0.5 1 1 1 1
 0.5 1 1 1 1
 0.5 1 1 1 1
 0.5 1 1 1 1
 0.5 1 1 1 1
 0.5 1 1 1 1
 0.5 1 1 1 1
 0.5 1 1 1 1
 0.5 1 1 1 1
 0.5 1 1 1 1
 0.5 1 1 1 1
Sel_pelaces
 0.5 1 1 1 1
 0.5 1 1 1 1
 0.5 1 1 1 1
 0.5 1 1 1 1
 0.5 1 1 1 1
 0.5 1 1 1 1
 0.5 1 1 1 1
 0.5 1 1 1 1
 0.5 1 1 1 1
 0.5 1 1 1 1
 0.5 1 1 1 1
 0.5 1 1 1 1
 0.5 1 1 1 1
 0.5 1 1 1 1
 0.5 1 1 1 1
 0.5 1 1 1 1
 0.5 1 1 1 1
 0.5 1 1 1 1
 0.5 1 1 1 1
 0.5 1 1 1 1
 0.5 1 1 1 1
 0.5 1 1 1 1
 0.5 1 1 1 1
 0.5 1 1 1 1
 0.5 1 1 1 1
 0.5 1 1 1 1
 0.5 1 1 1 1
 0.5 1 1 1 1
 0.5 1 1 1 1
 0.5 1 1 1 1
 0.5 1 1 1 1
pf_obs 
 0.8446 0.082 0.0669 0.0065 0
 0.8095 0.147 0.0364 0.0071 0
 0.9664 0.0169 0.016 0.0007 0
 0.9276 0.0648 0.0075 0.0001 0
 0.7033 0.2144 0.0806 0.0017 0
 0.9318 0.0425 0.0243 0.0014 0
 0.5671 0.3108 0.0964 0.0239 0.0018
 0.0768 0.2599 0.5324 0.112 0.0189
 0.490249 0.384438 0.106611 0.0170017 0.00170017
 0.7925 0.1577 0.0466 0.003 0.0002
 0.840416 0.127587 0.0312969 0.00059994 9.999e-05
 0.8084 0.0986 0.0794 0.0134 0.0002
 0.7335 0.1905 0.0724 0.0035 0.0001
 0.4001 0.4547 0.1325 0.0127 0
 0.49795 0.308269 0.164784 0.0264974 0.00249975
 0.9179 0.0499 0.0305 0.0017 0
 0.2467 0.6533 0.0926 0.0074 0
 0.9418 0.0223 0.034 0.0019 0
 0.707729 0.231977 0.0356964 0.0245975 0
 0.517169 0.277429 0.184464 0.0207286 0.00020938
 0.811772 0.124168 0.05621 0.00726502 0.000585176
 0.764997 0.148141 0.077277 0.00933861 0.000247198
 0.163321 0.427699 0.378323 0.0303852 0.000271297
 0.753843 0.0900009 0.118128 0.0371064 0.000921714
 0.721811 0.176058 0.0630433 0.0369309 0.00215725
 0.143369 0.312575 0.442814 0.0836902 0.0175525
 0.692698 0.0596174 0.167031 0.0765114 0.00414204
 0.394062 0.376323 0.152708 0.0712218 0.00568511
 0.125707 0.32114 0.495352 0.0537591 0.00404204
 0.23352 0.215282 0.420074 0.123614 0.00750983
 0.774587 0.0839891 0.0768558 0.0609784 0.00358967
pf_pred 
 0.629037 0.234493 0.0862652 0.0317352 0.0184691
 0.126981 0.682271 0.120576 0.0443573 0.0258149
 0.389947 0.145116 0.363352 0.064214 0.037371
 0.711009 0.166705 0.0290888 0.0728346 0.0203629
 0.545853 0.384026 0.0404491 0.00705809 0.0226134
 0.580381 0.298824 0.102145 0.0107588 0.00789214
 0.350695 0.484693 0.117225 0.0400702 0.00731655
 0.281001 0.395424 0.241542 0.058418 0.0236147
 0.37048 0.279204 0.192661 0.117686 0.0399686
 0.578342 0.236698 0.0820334 0.0566062 0.0463208
 0.710897 0.218164 0.0398217 0.0138012 0.0173163
 0.589058 0.343244 0.0510861 0.0093248 0.00728658
 0.584842 0.318557 0.0806868 0.0120089 0.00390486
 0.520866 0.365136 0.0874728 0.0221558 0.00436975
 0.659569 0.247527 0.0707991 0.0169608 0.00514325
 0.809878 0.154565 0.0258533 0.00739468 0.00230868
 0.450064 0.499188 0.0412564 0.00690074 0.00259002
 0.768245 0.147485 0.0764935 0.00632196 0.00145432
 0.549298 0.39577 0.0349576 0.0181308 0.00184316
 0.425141 0.420195 0.135813 0.0119961 0.00685431
 0.646844 0.218525 0.0984086 0.0318071 0.00441472
 0.585809 0.330296 0.0519127 0.0233779 0.00860484
 0.273878 0.549315 0.140995 0.0221602 0.0136526
 0.60217 0.17587 0.167913 0.043099 0.0109472
 0.504978 0.376751 0.0522845 0.049919 0.0160674
 0.375384 0.425541 0.151512 0.0210265 0.0265368
 0.602482 0.220394 0.120671 0.0429647 0.0134876
 0.535067 0.353586 0.0617333 0.0338006 0.0158125
 0.269303 0.516051 0.163241 0.0285005 0.022905
 0.373453 0.271079 0.251047 0.079413 0.0250076
 0.766483 0.129659 0.0449345 0.0416141 0.017309
pobs_RECLAS
 0 0 0 0 0
 0 0 0 0 0
 0 0 0 0 0
 0 0 0 0 0
 0 0 0 0 0
 0 0 0 0 0
 0 0 0 0 0
 0 0 0 0 0
 0 0 0 0 0
 0 0 0 0 0
 0.991045 0.00858322 0.000360255 1.14367e-05 0
 0.934742 0.0480273 0.0164251 0.00080598 0
 0.827803 0.169806 0.00239088 0 0
 0.941827 0.0461693 0.0120037 0 0
 0.791401 0.0380133 0.147996 0.0225897 0
 0.846168 0.0940531 0.0597789 0 0
 0.134021 0.677848 0.182769 0.00536245 0
 0.80878 0.0450904 0.141981 0.00414843 0
 0.846168 0.0940531 0.0597789 0 0
 0.905697 0.0802665 0.012482 0.00150086 5.37128e-05
 0.989698 0.0102097 9.19794e-05 0 0
 0.975433 0.0193895 0.00387452 0.00125025 5.28907e-05
 0.303575 0.632131 0.0575291 0.00676475 0
 0.966965 0.00978017 0.0227588 0.000495775 0
 0.843318 0.132988 0.00938335 0.0141283 0.000182051
 0.564624 0.303363 0.111486 0.0197234 0.00080311
 0.826376 0.0876187 0.0782897 0.00655872 0.00115652
 0.89761 0.0855135 0.0140674 0.00269457 0.000114338
 0.34875 0.467042 0.161289 0.0227151 0.000203297
 0.318654 0.224769 0.449479 0.00709798 0
 0.937255 0.0296025 0.0250945 0.00804832 0
ppred_RECLAS
 0.630976 0.233267 0.0858143 0.0315693 0.0183726
 0.128243 0.681285 0.120401 0.0442932 0.0257776
 0.392384 0.144536 0.3619 0.0639575 0.0372218
 0.714746 0.164549 0.0287126 0.0718928 0.0200996
 0.546914 0.383129 0.0403546 0.0070416 0.0225606
 0.582793 0.297105 0.101557 0.0106969 0.00784676
 0.355617 0.481019 0.116336 0.0397665 0.00726109
 0.281578 0.395107 0.241349 0.0583711 0.0235958
 0.373694 0.277778 0.191678 0.117085 0.0397645
 0.58314 0.234005 0.0811 0.0559621 0.0457937
 0.711835 0.217456 0.0396924 0.0137564 0.0172601
 0.595102 0.338196 0.0503348 0.00918767 0.00717943
 0.590308 0.314363 0.0796245 0.0118508 0.00385345
 0.53067 0.357664 0.0856828 0.0217024 0.00428034
 0.664009 0.244299 0.0698757 0.0167396 0.00507617
 0.813823 0.151358 0.0253168 0.00724125 0.00226078
 0.452718 0.49678 0.0410574 0.00686744 0.00257752
 0.77067 0.145942 0.0756931 0.00625581 0.00143911
 0.553884 0.391743 0.0346019 0.0179463 0.00182441
 0.428936 0.417421 0.134917 0.0119169 0.00680906
 0.649497 0.216884 0.0976694 0.0315682 0.00438156
 0.589607 0.327267 0.0514366 0.0231635 0.00852593
 0.275396 0.548166 0.1407 0.0221138 0.013624
 0.604068 0.175031 0.167112 0.0428934 0.0108949
 0.506777 0.375382 0.0520945 0.0497376 0.016009
 0.37661 0.424705 0.151215 0.0209852 0.0264847
 0.604201 0.219441 0.12015 0.042779 0.0134293
 0.536731 0.352321 0.0615124 0.0336796 0.0157559
 0.270313 0.515338 0.163015 0.0284611 0.0228733
 0.375122 0.270357 0.250379 0.0792015 0.024941
 0.767799 0.128929 0.0446813 0.0413796 0.0172114
pobs_PELACES
 0 0 0 0 0
 0 0 0 0 0
 0 0 0 0 0
 0 0 0 0 0
 0 0 0 0 0
 0 0 0 0 0
 0 0 0 0 0
 0 0 0 0 0
 0 0 0 0 0
 0 0 0 0 0
 0 0 0 0 0
 0 0 0 0 0
 0 0 0 0 0
 0 0 0 0 0
 0 0 0 0 0
 0 0 0 0 0
 0.505614 0.472636 0.0217494 0 0
 0 0 0 0 0
 0.443492 0.261883 0.143347 0.151278 0
 0.227955 0.32914 0.350689 0.0885471 0.00366901
 0.970185 0.0296113 0.000203453 0 0
 0.997202 0.00247181 0.000326279 0 0
 0.445219 0.490057 0.0546422 0.010081 0
 0.90214 0.0892962 0.00764917 0.000914606 0
 0 0 0 0 0
 0.581667 0.319106 0.0959925 0.00289975 0.000334073
 0.762889 0.0836404 0.116647 0.0363945 0.000428098
 0.88444 0.0763242 0.0277011 0.0115352 0
 0.521256 0.241999 0.230069 0.00667565 0
 0.616807 0.101726 0.260614 0.0208532 0
 0.833518 0.0704572 0.0857862 0.0102388 0
ppred_PELACES
 0.637852 0.228921 0.0842153 0.0309811 0.0180303
 0.132665 0.677829 0.119791 0.0440685 0.0256468
 0.400915 0.142507 0.356819 0.0630595 0.0366992
 0.726543 0.157744 0.0275252 0.0689195 0.0192683
 0.550901 0.379758 0.0399995 0.00697965 0.0223621
 0.591198 0.29112 0.0995116 0.0104815 0.00768869
 0.371161 0.469416 0.11353 0.0388072 0.00708593
 0.283801 0.393884 0.240602 0.0581905 0.0235228
 0.384553 0.272963 0.188355 0.115055 0.0390751
 0.598234 0.225531 0.0781634 0.0539357 0.0441356
 0.715333 0.214816 0.0392106 0.0135894 0.0170506
 0.613247 0.323041 0.0480791 0.00877593 0.00685769
 0.607067 0.301504 0.0763673 0.011366 0.00369581
 0.55751 0.33721 0.0807828 0.0204613 0.00403555
 0.677869 0.234221 0.0669932 0.0160491 0.00486677
 0.82533 0.142003 0.0237521 0.00679371 0.00212105
 0.461932 0.488416 0.0403661 0.00675182 0.00253412
 0.778676 0.140847 0.0730505 0.00603741 0.00138886
 0.568501 0.378908 0.0334682 0.0173583 0.00176463
 0.441494 0.408242 0.13195 0.0116549 0.00665932
 0.658523 0.211298 0.0951542 0.0307553 0.00426873
 0.602023 0.317366 0.0498805 0.0224627 0.00826799
 0.280898 0.544004 0.139632 0.0219459 0.0135206
 0.610838 0.172039 0.164255 0.04216 0.0107087
 0.513278 0.370434 0.0514078 0.049082 0.015798
 0.381174 0.421596 0.150108 0.0208316 0.0262908
 0.610392 0.216009 0.11827 0.0421098 0.0132192
 0.542778 0.347723 0.0607096 0.0332401 0.0155503
 0.274087 0.512673 0.162172 0.0283139 0.022755
 0.381182 0.267735 0.247951 0.0784334 0.0246991
 0.772501 0.126318 0.0437765 0.0405417 0.0168629
pobs_pel_tallas
 0 0 0 0 0 0 0 0 0 0 0 0 0 0 0 0 0 0 0 0 0 0 0 0 0 0
 0 0 0 0 0 0 0 0 0 0 0 0 0 0 0 0 0 0 0 0 0 0 0 0 0 0
 0 0 0 0 0 0 0 0 0 0 0 0 0 0 0 0 0 0 0 0 0 0 0 0 0 0
 0 0 0 0 0 0 0 0 0 0 0 0 0 0 0 0 0 0 0 0 0 0 0 0 0 0
 0 0 0 0 0 0 0 0 0 0 0 0 0 0 0 0 0 0 0 0 0 0 0 0 0 0
 0 0 0 0 0 0 0 0 0 0 0 0 0 0 0 0 0 0 0 0 0 0 0 0 0 0
 0 0 0 0 0 0 0 0 0 0 0 0 0 0 0 0 0 0 0 0 0 0 0 0 0 0
 0 0 0 0 0 0 0 0 0 0 0 0 0 0 0 0 0 0 0 0 0 0 0 0 0 0
 0 0 0 0 0 0 0 0 0 0 0 0 0 0 0 0 0 0 0 0 0 0 0 0 0 0
 0 0 0 0 0 0 0 0 0 0 0 0 0 0 0 0 0 0 0 0 0 0 0 0 0 0
 0 0 0 0 0 0 0 0 0 0 0 0 0 0 0 0 0 0 0 0 0 0 0 0 0 0
 0 0 0 0 0 0 0 0 0 0 0 0 0 0 0 0 0 0 0 0 0 0 0 0 0 0
 0.00862536 0 0 0.000197151 0.00414017 0.0128641 0.00837892 0.0270097 0.101434 0.158115 0.152841 0.127902 0.109271 0.109419 0.0830992 0.0579132 0.0238553 0.00714673 0.00463305 0.00128148 0.00103504 0.000492878 0.000147863 0.000147863 4.92878e-05 0
 0 0 0 0 0 0 0 0 0 0 0 0 0 0 0 0 0 0 0 0 0 0 0 0 0 0
 0 0 0 0 0 0 0 0.0054083 0.00873648 0.0413646 0.0450493 0.0745869 0.0622846 0.0627006 0.0613931 0.0827291 0.12552 0.122667 0.0946155 0.0697135 0.0546179 0.0294188 0.0215738 0.0213955 0.0102223 0.00600262
 0 0 0 0 0.00359764 0.0251062 0.0480494 0.140153 0.205849 0.193036 0.1447 0.116669 0.0760912 0.0342217 0.00950174 0.001854 0.000860785 0 0 0 0.000165536 0 0.000143464 0 0 0
 0 0 0 0 0 0 0 0.000145254 0.000435761 0.0275982 0.070085 0.0708112 0.156366 0.174668 0.174014 0.160142 0.0824315 0.0480064 0.0283245 0.00493863 0.00203355 0 0 0 0 0
 0 0 0 0 0 0 0 0 0 0 0 0 0 0 0 0 0 0 0 0 0 0 0 0 0 0
 0 0 1.00437e-05 0.000401748 0.00122533 0.00171747 0.00176769 0.0269171 0.070346 0.194647 0.189555 0.159765 0.064822 0.0314167 0.0384472 0.0292271 0.0345202 0.0313363 0.0194345 0.0106764 0.0143323 0.0359363 0.0279516 0.0138201 0.00172751 0
 0 0.0021121 0.0136068 0.0755702 0.200478 0.177729 0.0527432 0.0373336 0.0318909 0.0142505 0.0149659 0.0166563 0.0217959 0.0798694 0.0677717 0.0528807 0.04013 0.0224614 0.0357745 0.0225083 0.00881397 0.00855152 0.00135912 0.000746735 0 0
 0 0 0 0 5.4009e-05 0.00500934 0.000945158 0.0243581 0.138947 0.33067 0.221406 0.137944 0.0707744 0.0437923 0.0131692 0.00525238 0.0047753 0.00276346 9.45158e-05 9.00151e-06 2.25038e-05 9.00151e-06 4.50075e-06 0 0 0
 0.000866109 0.00284123 0.00948549 0.0512746 0.133035 0.25785 0.225252 0.132002 0.0553304 0.0519788 0.0540692 0.017754 0.00435017 0.00159236 0.00146478 0.000404838 0.000125132 0.000115318 0.000107957 0.000100596 0 0 0 0 0 0
 0 0 0 0 0.00144013 0.00171154 0.00461396 0.0210425 0.0478622 0.0707936 0.0888783 0.103762 0.0637923 0.0337046 0.0602308 0.124433 0.169614 0.0934646 0.0462172 0.0250306 0.0313229 0.00938855 0.002487 0.000210481 0 0
 0 0.00764035 0.051015 0.0998891 0.058973 0.0496711 0.0374665 0.0718981 0.12319 0.153886 0.159021 0.0857701 0.0377988 0.023471 0.0147837 0.00900784 0.00315554 0.000888139 0.00291439 0.00214683 0.00393193 0.00274676 0.000635225 9.99891e-05 0 0
 0 0 0 0 0 0 0 0 0 0 0 0 0 0 0 0 0 0 0 0 0 0 0 0 0 0
 0 0 0 0 0 0 0 0 0 0 0 0 0 0 0 0 0 0 0 0 0 0 0 0 0 0
 0 0 0 0 0 0 0 0 0 0 0 0 0 0 0 0 0 0 0 0 0 0 0 0 0 0
 0 0 0 0 0 0 0 0 0 0 0 0 0 0 0 0 0 0 0 0 0 0 0 0 0 0
 0 0 0 0 0 0 0 0 0 0 0 0 0 0 0 0 0 0 0 0 0 0 0 0 0 0
 0 0 0 0 0 0 0 0 0 0 0 0 0 0 0 0 0 0 0 0 0 0 0 0 0 0
 0 0 0 0 0 0 0 0 0 0 0 0 0 0 0 0 0 0 0 0 0 0 0 0 0 0
ppred_pel_tallas
 1.08648e-16 5.25391e-05 0.000510699 0.00339377 0.0154276 0.0480012 0.102272 0.149274 0.149296 0.102381 0.0483651 0.0164799 0.00603982 0.00630234 0.0110974 0.0183834 0.026763 0.0342663 0.0389216 0.0398383 0.0377062 0.0342333 0.0309919 0.0285989 0.0267252 0.024678
 1.1239e-16 1.09276e-05 0.00010622 0.000705872 0.00320883 0.00998421 0.0212748 0.031065 0.0311303 0.0215943 0.0110571 0.00630836 0.00848865 0.0171046 0.0323196 0.0534825 0.0772095 0.0974572 0.108071 0.106241 0.094166 0.0775018 0.0618822 0.050239 0.0424774 0.0369138
 1.22869e-16 3.30229e-05 0.000320994 0.00213312 0.00969686 0.0301706 0.0642822 0.0938247 0.093839 0.0643522 0.0304074 0.0103878 0.00389422 0.00425391 0.0077623 0.0134614 0.020984 0.029738 0.0390671 0.0485897 0.0581548 0.0673443 0.0750149 0.0794519 0.079154 0.0736814
 1.11008e-16 5.98445e-05 0.000581709 0.00386566 0.0175728 0.0546754 0.116492 0.170027 0.170042 0.116567 0.0549256 0.0182959 0.00568292 0.00455612 0.00763097 0.0125857 0.0182898 0.0233819 0.0265572 0.027316 0.0263002 0.0248561 0.0241467 0.024492 0.0253427 0.0257558
 1.05736e-16 4.53771e-05 0.000441081 0.00293114 0.0133246 0.0414579 0.0883317 0.12893 0.128967 0.0885104 0.042058 0.0150577 0.00728062 0.00993318 0.0180645 0.029772 0.0428379 0.0537812 0.0590919 0.0571743 0.0493153 0.038833 0.0291078 0.0220138 0.017651 0.0150883
 1.05299e-16 4.86963e-05 0.000473345 0.00314555 0.0142992 0.0444903 0.0947923 0.138358 0.138386 0.0949299 0.0449526 0.0156355 0.00650432 0.00782007 0.0140439 0.0232508 0.0337458 0.0429703 0.0483276 0.0485887 0.0445632 0.0384314 0.0323175 0.0272567 0.0231667 0.0195013
 1.08488e-16 3.05722e-05 0.000297172 0.00197482 0.00897726 0.0279318 0.0595134 0.086871 0.0869163 0.0597349 0.0286758 0.0111273 0.00737569 0.0121008 0.0224876 0.0372332 0.0538807 0.0682817 0.0762148 0.0757292 0.0682636 0.0575612 0.0473012 0.0393226 0.0334856 0.0287117
 1.16861e-16 2.33764e-05 0.000227227 0.00151 0.00686428 0.0213575 0.0455059 0.0664251 0.0664634 0.045693 0.0219868 0.0086857 0.00609696 0.0102902 0.019281 0.032222 0.0473156 0.0613973 0.0712159 0.0752393 0.0744188 0.0711982 0.0676393 0.0642401 0.060194 0.0545091
 1.23657e-16 3.16751e-05 0.000307894 0.00204606 0.00930112 0.0289394 0.0616594 0.0899992 0.0900258 0.0617894 0.0293768 0.0105683 0.00524072 0.00732874 0.0135052 0.0226482 0.0335101 0.0440472 0.0522145 0.0571616 0.0596763 0.0613903 0.0633979 0.0654358 0.0661774 0.064221
 1.15192e-16 4.92758e-05 0.000478978 0.00318298 0.0144694 0.0450197 0.0959201 0.140003 0.140025 0.0960268 0.0453784 0.0155067 0.00579175 0.00619109 0.0109494 0.0181634 0.0265003 0.0340716 0.0390157 0.0405644 0.0395125 0.037617 0.0363978 0.0362805 0.0366064 0.0362786
 1.05435e-16 5.89211e-05 0.000572734 0.00380602 0.0173016 0.0538319 0.114695 0.167406 0.167426 0.114797 0.054172 0.0182842 0.00627341 0.00596251 0.0103055 0.016972 0.0245123 0.030978 0.0344312 0.0340009 0.0304028 0.0254391 0.0208878 0.0176453 0.0156234 0.0142147
 1.03511e-16 5.05124e-05 0.000490998 0.00326286 0.0148325 0.0461496 0.0983277 0.143519 0.14355 0.0984798 0.0466605 0.0163082 0.00696734 0.00857853 0.015412 0.0254039 0.0366012 0.0460496 0.0507682 0.0493789 0.0429176 0.0341142 0.0257445 0.0193425 0.0150135 0.0120769
 1.04047e-16 5.00034e-05 0.000486051 0.00322998 0.014683 0.0456845 0.0973368 0.142072 0.142101 0.097479 0.0461624 0.016064 0.00669886 0.00806699 0.014472 0.0239094 0.0345848 0.0437967 0.0488103 0.0483422 0.0432839 0.0360199 0.0289252 0.0232382 0.0189678 0.0155351
 1.05153e-16 4.59214e-05 0.000446373 0.00296631 0.0134844 0.0419552 0.0893912 0.130476 0.130508 0.0895503 0.0424896 0.0150286 0.00684506 0.00892256 0.0161697 0.0267272 0.0386565 0.0489459 0.0545449 0.054034 0.0484336 0.0404341 0.0327026 0.0266089 0.0221173 0.0185156
 1.04427e-16 5.58353e-05 0.000542739 0.00360669 0.0163955 0.0510126 0.108689 0.158639 0.158662 0.108799 0.0513842 0.0174694 0.00630498 0.00644216 0.0112865 0.0186402 0.0270099 0.0343088 0.0384396 0.0384255 0.0349578 0.0298545 0.0248916 0.0209402 0.0179198 0.0153232
 1.01763e-16 6.79813e-05 0.000660803 0.00439127 0.0199621 0.0621095 0.132331 0.193144 0.193158 0.132398 0.0623342 0.0206111 0.00602086 0.0042193 0.00682947 0.0111915 0.0161355 0.0203338 0.0224811 0.0219759 0.01927 0.0155487 0.0120076 0.00929224 0.00742563 0.00609943
 1.02396e-16 3.80488e-05 0.000369848 0.00245777 0.0111727 0.0347627 0.0740674 0.108113 0.10816 0.0742971 0.0355341 0.0134 0.00804616 0.0125615 0.0231689 0.0381815 0.0548539 0.0686746 0.0750664 0.0719117 0.0608227 0.0460744 0.0320941 0.0214501 0.0144865 0.0102342
 1.02985e-16 6.41385e-05 0.000623449 0.00414304 0.0188337 0.0585986 0.124851 0.182227 0.18224 0.124918 0.0588231 0.019483 0.00577689 0.00420318 0.00690078 0.0114058 0.0166538 0.0214182 0.0244746 0.025227 0.0240043 0.0217318 0.0192704 0.0169772 0.0147548 0.0123964
 1.03103e-16 4.68268e-05 0.000455173 0.00302478 0.0137503 0.0427823 0.0911537 0.133049 0.133086 0.0913319 0.0433809 0.0154787 0.00736208 0.00991891 0.0180068 0.02966 0.0426416 0.0534576 0.0585812 0.0563949 0.0481638 0.037194 0.026875 0.0191205 0.0141017 0.0109828
 1.06208e-16 3.63654e-05 0.000353484 0.00234903 0.0106784 0.0332246 0.07079 0.103328 0.103368 0.0709828 0.0338725 0.0125513 0.00705587 0.0106466 0.0196375 0.0325438 0.0471936 0.0600025 0.0673071 0.0673678 0.0613225 0.0522591 0.0432145 0.035714 0.0297122 0.0244884
 1.06607e-16 5.42417e-05 0.000527249 0.00350376 0.0159276 0.0495567 0.105587 0.154111 0.154131 0.105687 0.0498932 0.0169007 0.00595184 0.00588935 0.0102907 0.0170655 0.0249046 0.0320064 0.0365597 0.0377199 0.0360555 0.0330329 0.0299833 0.0274005 0.0249985 0.0222622
 1.05173e-16 4.95879e-05 0.000482012 0.00320314 0.014561 0.0453049 0.0965281 0.140892 0.140923 0.0966776 0.0458071 0.0160116 0.00684486 0.00843436 0.01516 0.0250044 0.0360651 0.0454643 0.0503057 0.0492682 0.0433901 0.0353435 0.0278028 0.0221784 0.0184527 0.0158458
 1.08658e-16 2.31373e-05 0.000224903 0.00149456 0.00679409 0.0211392 0.0450413 0.0657501 0.0658026 0.045298 0.0220016 0.00928608 0.00775462 0.0139067 0.0260541 0.0431584 0.0624544 0.0791338 0.0882833 0.0876063 0.0787261 0.0659487 0.0535433 0.0437044 0.0363882 0.0304821
 1.10825e-16 5.03139e-05 0.000489069 0.00325004 0.0147742 0.0459681 0.0979406 0.142951 0.142968 0.0980229 0.046245 0.0155769 0.00527616 0.00494956 0.00863183 0.0144797 0.0215322 0.0285047 0.0340932 0.0376694 0.039538 0.040471 0.0409354 0.0407093 0.0391556 0.0358185
 1.09174e-16 4.22781e-05 0.000410959 0.00273097 0.0124146 0.0386266 0.0822994 0.120126 0.120162 0.0824739 0.0392127 0.0141076 0.00698167 0.00969364 0.0176825 0.0291968 0.0421356 0.0531767 0.0589833 0.0580754 0.0517337 0.0431242 0.0353547 0.0299665 0.0267447 0.024544
 1.10978e-16 3.13969e-05 0.000305189 0.00202809 0.00921942 0.0286853 0.0611185 0.0892128 0.0892536 0.0613178 0.029355 0.0111558 0.0068957 0.0109549 0.0203268 0.0337373 0.049025 0.0625502 0.0705996 0.0714402 0.0662775 0.058267 0.0504303 0.0441535 0.0391614 0.0344978
 1.09929e-16 5.02772e-05 0.000488712 0.00324767 0.0147634 0.0459346 0.0978694 0.142848 0.142869 0.0979719 0.0462794 0.0157611 0.00575928 0.00599631 0.0105833 0.0176096 0.0258175 0.033431 0.0386641 0.0406979 0.0401037 0.0382918 0.036457 0.0348953 0.0331214 0.030489
 1.07806e-16 4.47079e-05 0.000434577 0.00288792 0.0131281 0.0408465 0.0870291 0.127028 0.127062 0.087193 0.041397 0.0147184 0.00688129 0.00915732 0.0166265 0.0274593 0.0396574 0.0501047 0.0556644 0.0549225 0.0490326 0.0409045 0.033406 0.0279796 0.0244829 0.0219513
 1.11502e-16 2.25763e-05 0.000219449 0.00145832 0.00662934 0.0206266 0.043949 0.0641552 0.0642048 0.0441912 0.0214404 0.00898162 0.00736999 0.0131483 0.0246463 0.0408918 0.0593311 0.0755084 0.0848689 0.0852894 0.0782657 0.0677204 0.0574553 0.0492868 0.0429709 0.0373683
 1.1927e-16 3.13975e-05 0.000305195 0.00202813 0.0092196 0.0286857 0.0611189 0.0892104 0.0892365 0.0612469 0.0291165 0.0104684 0.00518018 0.00724401 0.0133802 0.0225197 0.0334954 0.0443569 0.0531042 0.0588041 0.0619902 0.0639178 0.0653314 0.0658351 0.0643089 0.0598643
 1.08216e-16 6.36299e-05 0.000618506 0.00411019 0.0186843 0.0581339 0.123861 0.180781 0.180793 0.123921 0.0583349 0.0192655 0.00557186 0.0038194 0.00617305 0.0101866 0.0148676 0.0191349 0.0219496 0.0228854 0.0223848 0.0214182 0.0208108 0.0207682 0.0208943 0.020568
pSPR Fmed_Fpbrs
0.703054   0.285572 0.285572
Fs Fmed_Fpbrs
0.225224   1.005 1.005
SSBpbr Bo_Bmed_Bpbrs
2.03619e+06  1.32974e+06  479670 479670
Ro
214207
SPR SPRFo_SPRFmed_SPRFpbrs
1.53114e+06 1.07647e+06 437251
Fref
1.005
Nvult_r0
 333868 30342.6 10515.5 9738.44 4050.6
CTP_r0
 24873.6 4207.65 1458.2 1350.44 561.703
YTP_r0
390605
Np
 310650 171553 13835.4 4794.77 5831.1
Nvult_p0
 241508 148452 11972.3 4149.1 5045.88
CTP_p0
 80770.5 74411 6001.08 2079.72 2529.23
YTP_p0
 2.09455e+06
CBA_c0
901788
log_Ro
12.0947
likeval ReclasPelacesDesembMPH_pf_preclas_ppelaces_ptallas_desvR_qrecl_qpela
 20.9975 17.8305 0.94334 0.00322151 252.132 138.931 104.755 0 24.6098 0 0 4.02993 0 0 0
q_reclas_q_pelaces
1 1
M
1
N
 487970 94343.7 34707.1 12768 7430.7
 58231.7 164089 28999 10668.1 6208.61
 97918.1 19035.1 47661.5 8423.06 4902.03
 257026 32333.6 5642 14126.8 3949.55
 220578 79168.5 8338.74 1455.05 4661.84
 287674 77282.1 26416.8 2782.46 2041.08
 127236 95275.3 23042.7 7876.52 1438.2
 53527.7 38183.6 23324.2 5641.06 2280.33
 47791.5 19048.4 13144.1 8029 2726.81
 69316.6 15287.8 5298.36 3656.07 2991.76
 134632 21104.4 3852.21 1335.08 1675.11
 147519 47025.1 6998.89 1277.52 998.276
 145700 43121 10922 1625.56 528.574
 109274 43386.6 10393.8 2632.62 519.228
 143139 28959.5 8283.14 1984.33 601.735
 416076 43534.8 7281.82 2082.78 650.262
 208307 120904 9992.37 1671.37 627.306
 674652 68477.5 35515.9 2935.28 675.242
 558215 215981 19077.2 9894.4 1005.86
 326296 171548 55446.8 4897.51 2798.32
 579704 102820 46302.9 14965.8 2077.2
 629761 188978 29701.8 13375.6 4923.25
 191016 198165 50863.7 7994.25 4925.15
 427595 64671.7 61745.7 15848.5 4025.53
 374653 144336 20030.6 19124.3 6155.53
 219366 127378 45352.7 6293.92 7943.33
 402869 76094.5 41663.7 14834.2 4656.81
 402286 136995 23918.2 13095.8 6126.46
 140113 137470 43485.5 7592.22 6101.62
 129843 48653.4 45058.1 14253.1 4488.38
 505421 44178 15310.2 14178.9 5897.57
pred_Ctot
 26699.3 9952.99 3661.5 1346.99 783.917
 4141.54 22252.5 3932.61 1446.73 841.961
 6393.98 2379.47 5957.9 1052.92 612.775
 26823.3 6289.04 1097.4 2747.74 768.205
 6666.03 4689.78 493.97 86.1944 276.158
 18291.2 9417.68 3219.18 339.073 248.728
 15066.4 20823.2 5036.17 1721.48 314.331
 1108.45 1559.81 952.8 230.438 93.1519
 3986.5 3004.35 2073.11 1266.35 430.078
 7670.64 3139.36 1088.02 750.776 614.36
 4319.65 1325.64 241.97 83.8608 105.22
 19518.2 11373.3 1692.72 308.973 241.438
 17854.7 9725.25 2463.29 366.619 119.211
 19835.2 13904.8 3331.06 843.719 166.405
 15921.4 5975.08 1709.02 409.418 124.153
 56334.3 10751.4 1798.32 514.366 160.589
 14141.1 15684.6 1296.28 216.822 81.3786
 55976.8 10746.3 5573.56 460.638 105.967
 58950.8 42474.1 3751.66 1945.8 197.809
 29961.7 29613.1 9571.4 845.423 483.055
 42138.9 14235.9 6410.87 2072.09 287.599
 58321.2 32883.2 5168.26 2327.43 856.67
 9686.86 19428.9 4986.88 783.789 482.882
 22438.8 6553.48 6256.98 1606 407.926
 18070 13481.6 1870.94 1786.29 574.952
 7952.12 9014.63 3209.63 445.424 562.153
 19390.7 7093.31 3883.77 1382.8 434.094
 18190.4 12020.7 2098.72 1149.1 537.571
 4991.52 9565 3025.66 528.256 424.543
 6205.71 4504.54 4171.68 1319.61 415.554
 24873.6 4207.65 1458.2 1350.44 561.703
F
 0.0898418 0.179684 0.179684 0.179684 0.179684
 0.118144 0.236288 0.236288 0.236288 0.236288
 0.108024 0.216048 0.216048 0.216048 0.216048
 0.177598 0.355196 0.355196 0.355196 0.355196
 0.0487889 0.0975779 0.0975779 0.0975779 0.0975779
 0.105057 0.210114 0.210114 0.210114 0.210114
 0.203639 0.407277 0.407277 0.407277 0.407277
 0.0332161 0.0664323 0.0664323 0.0664323 0.0664323
 0.139793 0.279586 0.279586 0.279586 0.279586
 0.189204 0.378408 0.378408 0.378408 0.378408
 0.0518644 0.103729 0.103729 0.103729 0.103729
 0.22995 0.4599 0.4599 0.4599 0.4599
 0.211401 0.422801 0.422801 0.422801 0.422801
 0.327964 0.655928 0.655928 0.655928 0.655928
 0.190258 0.380516 0.380516 0.380516 0.380516
 0.235869 0.471738 0.471738 0.471738 0.471738
 0.112509 0.225018 0.225018 0.225018 0.225018
 0.139006 0.278012 0.278012 0.278012 0.278012
 0.179883 0.359767 0.359767 0.359767 0.359767
 0.154829 0.309658 0.309658 0.309658 0.309658
 0.120885 0.24177 0.24177 0.24177 0.24177
 0.156242 0.312484 0.312484 0.312484 0.312484
 0.0830364 0.166073 0.166073 0.166073 0.166073
 0.0860317 0.172063 0.172063 0.172063 0.172063
 0.078838 0.157676 0.157676 0.157676 0.157676
 0.0587655 0.117531 0.117531 0.117531 0.117531
 0.0786693 0.157339 0.157339 0.157339 0.157339
 0.0737571 0.147514 0.147514 0.147514 0.147514
 0.0577268 0.115454 0.115454 0.115454 0.115454
 0.0780993 0.156199 0.156199 0.156199 0.156199
 0.0804986 0.160997 0.160997 0.160997 0.160997
nmprior
 8.19 8.8 8.5 0
nm_flota  nm_reclas  nm_pelaces    nm_pelaL
inf 6.67465 9.44684 18.5299
cv_recla  cv_pelaces  cv_mph
0.414485 0.478799 1.7516
 ------------------------------------------------
Talla a la edad & desviaci?n 
 8 13.2811 15.8009 17.003 17.5766
 0.8 1.32811 1.58009 1.7003 1.75766
