years
 1991 1992 1993 1994 1995 1996 1997 1998 1999 2000 2001 2002 2003 2004 2005 2006 2007 2008 2009 2010 2011 2012 2013 2014 2015 2016 2017 2018 2019 2020 2021
reclasobs
 0 0 0 0 0 0 0 0 0 252601 567819 844713 477998 351125 339783 2.1784e+06 2.13404e+06 4.81314e+06 1.55562e+06 2.62356e+06 3.21686e+06 3.843e+06 1.13348e+06 3.07943e+06 1.97215e+06 2.03268e+06 2.025e+06 2.42433e+06 2.27542e+06 1.05018e+06 2.36338e+06
reclaspred
 3.29651e+06 1.86155e+06 946314 976395 992612 1.53908e+06 1.00688e+06 900325 654978 478360 517571 649999 642567 511076 518758 1.27123e+06 1.25067e+06 2.76648e+06 2.28236e+06 1.71048e+06 3.01588e+06 2.45149e+06 1.97279e+06 3.02246e+06 2.28107e+06 2.02448e+06 2.37334e+06 2.50447e+06 2.0745e+06 1.33048e+06 1.92461e+06
pelacesobs
 0 0 0 0 0 0 0 0 0 0 0 0 0 0 0 552880 188675 0 991730 2.46772e+06 1.41603e+06 1.21717e+06 2.29649e+06 1.80582e+06 0 1.4828e+06 1.56532e+06 1.57751e+06 1.42118e+06 867257 1.10002e+06
pelacespred
 1.91869e+06 1.20987e+06 618305 521385 546609 877487 544883 585785 418241 291007 322316 338070 365865 309422 321088 649550 638822 1.61839e+06 1.38545e+06 965184 1.63615e+06 1.45159e+06 1.16164e+06 1.94234e+06 1.41708e+06 1.25211e+06 1.67067e+06 1.74273e+06 1.18617e+06 863074 1.23228e+06
mphobs
 0 0 0 0 0 0 0 0 0 0 0 498337 0 5186 125008 0 168611 109162 213762 579715 649985 157893 87575 83554 0 0 0 0 0 0 0
mphpred
 497463 333303 167878 91949.9 105416 120310 157235 102689 90134.6 62801.4 41541 60814.1 64954.3 55715.9 39064.9 48948.2 146457 142090 274403 208385 223832 274740 261535 218441 301944 250163 206697 218000 301666 208151 132900
desembarqueobs
 494567 514787 250237 358949 120608 361735 552515 73892 212993 205616 52469 317467 293654 387597 252695 516296 358380 742168 942051 627588 828172 859565 418607 520667 417249 300574 407403 355545 319650 289779 391294
desembarquepred
 494574 513320 251000 358975 120613 361751 552575 73895.9 213041 205661 52471.5 317538 293712 387653 252698 516276 358406 742088 941901 627485 828250 859606 418621 520694 417253 300579 407408 355536 319647 289790 391301
Reclutas
 211164 120522 120522 218928 175406 288330 121084 56646.6 51711.9 67341.2 122461 159070 133742 93994.1 95118.5 491568 110832 762152 439822 341113 501934 676453 146248 423529 359880 162069 356199 398869 122929 89989.5 329502
log_desv_Rt
 0.0883494 -0.472455 -0.472451 0.124458 -0.0971799 0.399822 -0.467799 -1.22745 -1.3186 -1.05451 -0.456494 -0.194941 -0.368375 -0.721052 -0.709162 0.933316 -0.556267 1.37186 0.822086 0.567929 0.954183 1.25258 -0.278982 0.784338 0.621486 -0.176265 0.611204 0.724348 -0.452678 -0.764592 0.533299
SSB
 3.62457e+06 2.42849e+06 1.22318e+06 669958 768072 876596 1.14564e+06 748207 656731 457579 302673 443099 473265 405953 284632 356642 1.0671e+06 1.03529e+06 1.99933e+06 1.51832e+06 1.63087e+06 2.00179e+06 1.90557e+06 1.59159e+06 2.2e+06 1.82272e+06 1.50602e+06 1.58837e+06 2.19798e+06 1.51661e+06 968328
BT
 4.84083e+06 3.29785e+06 1.67637e+06 1.5037e+06 1.35422e+06 2.33013e+06 1.75311e+06 1.41422e+06 1.17582e+06 870172 788770 1.0471e+06 1.11081e+06 1.11703e+06 993901 1.91755e+06 1.75292e+06 4.3855e+06 4.10128e+06 2.78934e+06 4.44401e+06 4.15064e+06 3.04287e+06 4.96141e+06 3.65109e+06 3.15257e+06 4.26653e+06 4.37334e+06 2.99805e+06 2.27018e+06 3.2114e+06
Ftot
 0.117466 0.212862 0.20658 0.302281 0.0995359 0.197141 0.424863 0.0666932 0.261608 0.343332 0.0872534 0.399092 0.372207 0.609482 0.411707 0.355848 0.228999 0.232123 0.334303 0.298246 0.227971 0.289076 0.168819 0.146848 0.148752 0.119869 0.145453 0.121696 0.120759 0.17182 0.174931
BD_Bspro_t
 0.981413 0.863464 0.719096 0.637225 0.637753 0.708033 0.698674 0.554478 0.608393 0.569796 0.537799 0.710301 0.597814 0.5121 0.410411 0.466574 0.620565 0.600952 0.687976 0.595943 0.568598 0.615113 0.630871 0.626788 0.725255 0.733945 0.741493 0.77405 0.815095 0.75523 0.694647
BD_Bspro
 2.62317 1.75754 0.885239 0.484861 0.555869 0.634409 0.829119 0.541491 0.475289 0.331158 0.21905 0.320679 0.342511 0.293796 0.205993 0.258109 0.772283 0.749258 1.44695 1.09884 1.18029 1.44873 1.3791 1.15186 1.59218 1.31913 1.08993 1.14954 1.59072 1.0976 0.700798
BD_Bo
 1.77982 1.19249 0.600633 0.328978 0.377156 0.430446 0.562556 0.367401 0.322483 0.224691 0.148625 0.21758 0.232393 0.19934 0.139766 0.175127 0.523993 0.508371 0.981756 0.745559 0.800826 0.982964 0.935717 0.781539 1.08029 0.895032 0.739518 0.779959 1.0793 0.744721 0.47549
BD_Brms
 11.1924 7.49901 3.7771 2.06879 2.37176 2.70687 3.53765 2.31041 2.02794 1.41297 0.934634 1.36826 1.46141 1.25356 0.878924 1.10129 3.29514 3.1969 6.1738 4.68847 5.03602 6.18139 5.88428 4.91473 6.79345 5.62843 4.65048 4.90479 6.78721 4.6832 2.99013
Sel_flota
 0.814891 0.988186 0.999371 0.999967 0.999998
 0.814891 0.988186 0.999371 0.999967 0.999998
 0.814891 0.988186 0.999371 0.999967 0.999998
 0.814891 0.988186 0.999371 0.999967 0.999998
 0.814891 0.988186 0.999371 0.999967 0.999998
 0.814891 0.988186 0.999371 0.999967 0.999998
 0.814891 0.988186 0.999371 0.999967 0.999998
 0.814891 0.988186 0.999371 0.999967 0.999998
 0.814891 0.988186 0.999371 0.999967 0.999998
 0.814891 0.988186 0.999371 0.999967 0.999998
 0.814891 0.988186 0.999371 0.999967 0.999998
 0.814891 0.988186 0.999371 0.999967 0.999998
 0.814891 0.988186 0.999371 0.999967 0.999998
 0.814891 0.988186 0.999371 0.999967 0.999998
 0.814891 0.988186 0.999371 0.999967 0.999998
 0.814891 0.988186 0.999371 0.999967 0.999998
 0.814891 0.988186 0.999371 0.999967 0.999998
 0.814891 0.988186 0.999371 0.999967 0.999998
 0.814891 0.988186 0.999371 0.999967 0.999998
 0.814891 0.988186 0.999371 0.999967 0.999998
 0.814891 0.988186 0.999371 0.999967 0.999998
 0.814891 0.988186 0.999371 0.999967 0.999998
 0.814891 0.988186 0.999371 0.999967 0.999998
 0.814891 0.988186 0.999371 0.999967 0.999998
 0.814891 0.988186 0.999371 0.999967 0.999998
 0.814891 0.988186 0.999371 0.999967 0.999998
 0.814891 0.988186 0.999371 0.999967 0.999998
 0.814891 0.988186 0.999371 0.999967 0.999998
 0.814891 0.988186 0.999371 0.999967 0.999998
 0.814891 0.988186 0.999371 0.999967 0.999998
 0.814891 0.988186 0.999371 0.999967 0.999998
Sel_reclas
 1 1 1 1 1
 1 1 1 1 1
 1 1 1 1 1
 1 1 1 1 1
 1 1 1 1 1
 1 1 1 1 1
 1 1 1 1 1
 1 1 1 1 1
 1 1 1 1 1
 1 1 1 1 1
 1 1 1 1 1
 1 1 1 1 1
 1 1 1 1 1
 1 1 1 1 1
 1 1 1 1 1
 1 1 1 1 1
 1 1 1 1 1
 1 1 1 1 1
 1 1 1 1 1
 1 1 1 1 1
 1 1 1 1 1
 1 1 1 1 1
 1 1 1 1 1
 1 1 1 1 1
 1 1 1 1 1
 1 1 1 1 1
 1 1 1 1 1
 1 1 1 1 1
 1 1 1 1 1
 1 1 1 1 1
 1 1 1 1 1
Sel_pelaces
 1 1 1 1 1
 1 1 1 1 1
 1 1 1 1 1
 1 1 1 1 1
 1 1 1 1 1
 1 1 1 1 1
 1 1 1 1 1
 1 1 1 1 1
 1 1 1 1 1
 1 1 1 1 1
 1 1 1 1 1
 1 1 1 1 1
 1 1 1 1 1
 1 1 1 1 1
 1 1 1 1 1
 1 1 1 1 1
 1 1 1 1 1
 1 1 1 1 1
 1 1 1 1 1
 1 1 1 1 1
 1 1 1 1 1
 1 1 1 1 1
 1 1 1 1 1
 1 1 1 1 1
 1 1 1 1 1
 1 1 1 1 1
 1 1 1 1 1
 1 1 1 1 1
 1 1 1 1 1
 1 1 1 1 1
 1 1 1 1 1
pf_obs 
 0.8446 0.082 0.0669 0.0065 0
 0.8095 0.147 0.0364 0.0071 0
 0.9664 0.0169 0.016 0.0007 0
 0.9276 0.0648 0.0075 0.0001 0
 0.7033 0.2144 0.0806 0.0017 0
 0.9318 0.0425 0.0243 0.0014 0
 0.5671 0.3108 0.0964 0.0239 0.0018
 0.0768 0.2599 0.5324 0.112 0.0189
 0.490249 0.384438 0.106611 0.0170017 0.00170017
 0.7925 0.1577 0.0466 0.003 0.0002
 0.840416 0.127587 0.0312969 0.00059994 9.999e-05
 0.8084 0.0986 0.0794 0.0134 0.0002
 0.7335 0.1905 0.0724 0.0035 0.0001
 0.4001 0.4547 0.1325 0.0127 0
 0.49795 0.308269 0.164784 0.0264974 0.00249975
 0.9179 0.0499 0.0305 0.0017 0
 0.2467 0.6533 0.0926 0.0074 0
 0.9418 0.0223 0.034 0.0019 0
 0.707729 0.231977 0.0356964 0.0245975 0
 0.517169 0.277429 0.184464 0.0207286 0.00020938
 0.811772 0.124168 0.05621 0.00726502 0.000585176
 0.764997 0.148141 0.077277 0.00933861 0.000247198
 0.163321 0.427699 0.378323 0.0303852 0.000271297
 0.753843 0.0900009 0.118128 0.0371064 0.000921714
 0.721811 0.176058 0.0630433 0.0369309 0.00215725
 0.143369 0.312575 0.442814 0.0836902 0.0175525
 0.692698 0.0596174 0.167031 0.0765114 0.00414204
 0.394062 0.376323 0.152708 0.0712218 0.00568511
 0.125707 0.32114 0.495352 0.0537591 0.00404204
 0.23352 0.215282 0.420074 0.123614 0.00750983
 0.774587 0.0839891 0.0768558 0.0609784 0.00358967
pf_pred 
 0.436758 0.116964 0.422369 0.0239087 7.88591e-07
 0.410513 0.287276 0.0633327 0.226088 0.0127906
 0.555684 0.205431 0.117171 0.0255199 0.0961938
 0.749123 0.152275 0.0458946 0.0258615 0.0268462
 0.645806 0.279091 0.0458193 0.0136349 0.0156482
 0.73627 0.181725 0.0647754 0.0105142 0.00671547
 0.468375 0.411772 0.0828986 0.0291943 0.00776036
 0.43923 0.294859 0.206601 0.0410316 0.0182778
 0.517574 0.235251 0.130663 0.0905368 0.0259749
 0.678753 0.183529 0.0675985 0.0370791 0.0330411
 0.797425 0.146963 0.0319532 0.011617 0.0120418
 0.726524 0.226208 0.0344004 0.0073952 0.00547218
 0.673061 0.251538 0.0625154 0.00937964 0.00350587
 0.615412 0.277214 0.0828662 0.0203221 0.00418574
 0.720731 0.18806 0.0660221 0.0194411 0.00574512
 0.926985 0.055843 0.0116156 0.0040229 0.00153355
 0.392317 0.571661 0.0276365 0.00567345 0.00271205
 0.893123 0.0473065 0.0560804 0.00267815 0.00081207
 0.593195 0.370964 0.0159735 0.0187047 0.00116333
 0.60041 0.257661 0.129576 0.00550741 0.00684544
 0.735714 0.172171 0.0596667 0.0296264 0.0028224
 0.741905 0.199927 0.0380587 0.0130288 0.00708087
 0.326478 0.525996 0.114609 0.0215429 0.0113752
 0.737042 0.0979247 0.129221 0.0278251 0.00798686
 0.626982 0.288997 0.0315212 0.0411127 0.0113867
 0.435944 0.379311 0.14352 0.0154721 0.0257531
 0.726978 0.132461 0.0948827 0.0354907 0.0101881
 0.685707 0.240558 0.0359923 0.0254828 0.0122604
 0.358592 0.466048 0.13459 0.0199072 0.0208627
 0.426174 0.232546 0.248762 0.0710184 0.0214994
 0.820254 0.0858179 0.0383374 0.0405278 0.0150632
pobs_RECLAS
 0 0 0 0 0
 0 0 0 0 0
 0 0 0 0 0
 0 0 0 0 0
 0 0 0 0 0
 0 0 0 0 0
 0 0 0 0 0
 0 0 0 0 0
 0 0 0 0 0
 0 0 0 0 0
 0.991045 0.00858322 0.000360255 1.14367e-05 0
 0.934742 0.0480273 0.0164251 0.00080598 0
 0.827803 0.169806 0.00239088 0 0
 0.941827 0.0461693 0.0120037 0 0
 0.791401 0.0380133 0.147996 0.0225897 0
 0.846168 0.0940531 0.0597789 0 0
 0.134021 0.677848 0.182769 0.00536245 0
 0.80878 0.0450904 0.141981 0.00414843 0
 0.846168 0.0940531 0.0597789 0 0
 0.905697 0.0802665 0.012482 0.00150086 5.37128e-05
 0.989698 0.0102097 9.19794e-05 0 0
 0.975433 0.0193895 0.00387452 0.00125025 5.28907e-05
 0.303575 0.632131 0.0575291 0.00676475 0
 0.966965 0.00978017 0.0227588 0.000495775 0
 0.843318 0.132988 0.00938335 0.0141283 0.000182051
 0.564624 0.303363 0.111486 0.0197234 0.00080311
 0.826376 0.0876187 0.0782897 0.00655872 0.00115652
 0.89761 0.0855135 0.0140674 0.00269457 0.000114338
 0.34875 0.467042 0.161289 0.0227151 0.000203297
 0.318654 0.224769 0.449479 0.00709798 0
 0.937255 0.0296025 0.0250945 0.00804832 0
ppred_RECLAS
 0.48734 0.107426 0.383536 0.0216974 7.15633e-07
 0.460252 0.264651 0.0576783 0.205777 0.0116412
 0.604982 0.183798 0.103635 0.0225581 0.0850269
 0.785303 0.130926 0.0390045 0.0219654 0.0228011
 0.68943 0.245317 0.0398197 0.0118424 0.0135906
 0.77318 0.156854 0.0552726 0.0089663 0.00572663
 0.519256 0.373365 0.0742847 0.0261444 0.00694941
 0.488739 0.270287 0.187252 0.0371665 0.0165556
 0.568013 0.211934 0.11636 0.0805767 0.0231166
 0.721577 0.15988 0.0582047 0.0319067 0.028431
 0.827441 0.125585 0.0269971 0.00980924 0.0101676
 0.764863 0.194895 0.029292 0.0062931 0.00465651
 0.715972 0.219117 0.0538235 0.00807053 0.00301646
 0.66362 0.243294 0.0718498 0.0176091 0.00362682
 0.760004 0.162243 0.0562916 0.0165655 0.00489517
 0.939544 0.046367 0.00953241 0.00329939 0.0012577
 0.440241 0.526939 0.0251829 0.00516661 0.00246969
 0.911027 0.0396354 0.0464485 0.00221682 0.000672165
 0.640415 0.328248 0.0139704 0.0163489 0.00101679
 0.647813 0.228034 0.113354 0.00481494 0.00598454
 0.772867 0.148571 0.0508988 0.0252575 0.00240611
 0.778421 0.172096 0.0323832 0.011079 0.00602104
 0.371434 0.492127 0.10601 0.0199145 0.010515
 0.774351 0.0846405 0.110424 0.0237632 0.00682073
 0.671976 0.254811 0.0274771 0.0358164 0.00991949
 0.485208 0.347486 0.129991 0.0140052 0.0233106
 0.765028 0.114682 0.0812156 0.0303602 0.00871501
 0.726628 0.209809 0.0310365 0.0219608 0.0105655
 0.405251 0.433504 0.123775 0.0182965 0.0191741
 0.476275 0.213709 0.226011 0.0644843 0.0195207
 0.848115 0.0729631 0.0322239 0.0340444 0.0126531
pobs_PELACES
 0 0 0 0 0
 0 0 0 0 0
 0 0 0 0 0
 0 0 0 0 0
 0 0 0 0 0
 0 0 0 0 0
 0 0 0 0 0
 0 0 0 0 0
 0 0 0 0 0
 0 0 0 0 0
 0 0 0 0 0
 0 0 0 0 0
 0 0 0 0 0
 0 0 0 0 0
 0 0 0 0 0
 0 0 0 0 0
 0.505614 0.472636 0.0217494 0 0
 0 0 0 0 0
 0.443492 0.261883 0.143347 0.151278 0
 0.227955 0.32914 0.350689 0.0885471 0.00366901
 0.970185 0.0296113 0.000203453 0 0
 0.997202 0.00247181 0.000326279 0 0
 0.445219 0.490057 0.0546422 0.010081 0
 0.90214 0.0892962 0.00764917 0.000914606 0
 0 0 0 0 0
 0.581667 0.319106 0.0959925 0.00289975 0.000334073
 0.762889 0.0836404 0.116647 0.0363945 0.000428098
 0.88444 0.0763242 0.0277011 0.0115352 0
 0.521256 0.241999 0.230069 0.00667565 0
 0.616807 0.101726 0.260614 0.0208532 0
 0.833518 0.0704572 0.0857862 0.0102388 0
ppred_PELACES
 0.489105 0.107093 0.382181 0.0216203 7.13089e-07
 0.463381 0.263227 0.0573228 0.2045 0.0115689
 0.607902 0.182516 0.102834 0.0223827 0.0843659
 0.788278 0.129169 0.0384384 0.0216453 0.0224687
 0.690664 0.244361 0.03965 0.0117917 0.0135324
 0.775191 0.155499 0.0547552 0.00888203 0.00567279
 0.525407 0.368719 0.0732454 0.0257765 0.00685159
 0.489721 0.269799 0.186868 0.0370899 0.0165214
 0.571804 0.21018 0.115286 0.0798287 0.022902
 0.725615 0.157649 0.0573197 0.0314194 0.0279968
 0.828165 0.125069 0.0268776 0.00976564 0.0101224
 0.768989 0.191525 0.028743 0.00617469 0.00456888
 0.720344 0.215813 0.052939 0.00793731 0.00296665
 0.671495 0.237748 0.0700542 0.017167 0.00353574
 0.764362 0.159377 0.055213 0.0162468 0.00480097
 0.940707 0.0454892 0.00933968 0.00323245 0.00123218
 0.443483 0.523914 0.0250171 0.00513237 0.00245331
 0.912135 0.0391603 0.0458525 0.00218827 0.000663508
 0.644831 0.324253 0.0137833 0.016129 0.0010031
 0.651782 0.225552 0.111996 0.004757 0.00591251
 0.775199 0.147089 0.0503487 0.0249834 0.00237999
 0.7813 0.169901 0.031936 0.0109254 0.00593754
 0.373722 0.490402 0.105572 0.0198317 0.0104713
 0.775875 0.0840978 0.109657 0.0235974 0.00677312
 0.673876 0.253367 0.0273064 0.0355928 0.00985756
 0.486956 0.346356 0.129511 0.0139531 0.023224
 0.76657 0.113961 0.0806618 0.0301523 0.00865533
 0.72803 0.208756 0.0308668 0.0218402 0.0105075
 0.406946 0.432321 0.123382 0.0182381 0.0191128
 0.478821 0.212751 0.224855 0.0641523 0.0194202
 0.849444 0.07235 0.0319325 0.0337353 0.0125382
pobs_pel_tallas
 0 0 0 0 0 0 0 0 0 0 0 0 0 0 0 0 0 0 0 0 0 0 0 0 0 0
 0 0 0 0 0 0 0 0 0 0 0 0 0 0 0 0 0 0 0 0 0 0 0 0 0 0
 0 0 0 0 0 0 0 0 0 0 0 0 0 0 0 0 0 0 0 0 0 0 0 0 0 0
 0 0 0 0 0 0 0 0 0 0 0 0 0 0 0 0 0 0 0 0 0 0 0 0 0 0
 0 0 0 0 0 0 0 0 0 0 0 0 0 0 0 0 0 0 0 0 0 0 0 0 0 0
 0 0 0 0 0 0 0 0 0 0 0 0 0 0 0 0 0 0 0 0 0 0 0 0 0 0
 0 0 0 0 0 0 0 0 0 0 0 0 0 0 0 0 0 0 0 0 0 0 0 0 0 0
 0 0 0 0 0 0 0 0 0 0 0 0 0 0 0 0 0 0 0 0 0 0 0 0 0 0
 0 0 0 0 0 0 0 0 0 0 0 0 0 0 0 0 0 0 0 0 0 0 0 0 0 0
 0 0 0 0 0 0 0 0 0 0 0 0 0 0 0 0 0 0 0 0 0 0 0 0 0 0
 0 0 0 0 0 0 0 0 0 0 0 0 0 0 0 0 0 0 0 0 0 0 0 0 0 0
 0 0 0 0 0 0 0 0 0 0 0 0 0 0 0 0 0 0 0 0 0 0 0 0 0 0
 0.00862536 0 0 0.000197151 0.00414017 0.0128641 0.00837892 0.0270097 0.101434 0.158115 0.152841 0.127902 0.109271 0.109419 0.0830992 0.0579132 0.0238553 0.00714673 0.00463305 0.00128148 0.00103504 0.000492878 0.000147863 0.000147863 4.92878e-05 0
 0 0 0 0 0 0 0 0 0 0 0 0 0 0 0 0 0 0 0 0 0 0 0 0 0 0
 0 0 0 0 0 0 0 0.0054083 0.00873648 0.0413646 0.0450493 0.0745869 0.0622846 0.0627006 0.0613931 0.0827291 0.12552 0.122667 0.0946155 0.0697135 0.0546179 0.0294188 0.0215738 0.0213955 0.0102223 0.00600262
 0 0 0 0 0.00359764 0.0251062 0.0480494 0.140153 0.205849 0.193036 0.1447 0.116669 0.0760912 0.0342217 0.00950174 0.001854 0.000860785 0 0 0 0.000165536 0 0.000143464 0 0 0
 0 0 0 0 0 0 0 0.000145254 0.000435761 0.0275982 0.070085 0.0708112 0.156366 0.174668 0.174014 0.160142 0.0824315 0.0480064 0.0283245 0.00493863 0.00203355 0 0 0 0 0
 0 0 0 0 0 0 0 0 0 0 0 0 0 0 0 0 0 0 0 0 0 0 0 0 0 0
 0 0 1.00437e-05 0.000401748 0.00122533 0.00171747 0.00176769 0.0269171 0.070346 0.194647 0.189555 0.159765 0.064822 0.0314167 0.0384472 0.0292271 0.0345202 0.0313363 0.0194345 0.0106764 0.0143323 0.0359363 0.0279516 0.0138201 0.00172751 0
 0 0.0021121 0.0136068 0.0755702 0.200478 0.177729 0.0527432 0.0373336 0.0318909 0.0142505 0.0149659 0.0166563 0.0217959 0.0798694 0.0677717 0.0528807 0.04013 0.0224614 0.0357745 0.0225083 0.00881397 0.00855152 0.00135912 0.000746735 0 0
 0 0 0 0 5.4009e-05 0.00500934 0.000945158 0.0243581 0.138947 0.33067 0.221406 0.137944 0.0707744 0.0437923 0.0131692 0.00525238 0.0047753 0.00276346 9.45158e-05 9.00151e-06 2.25038e-05 9.00151e-06 4.50075e-06 0 0 0
 0.000866109 0.00284123 0.00948549 0.0512746 0.133035 0.25785 0.225252 0.132002 0.0553304 0.0519788 0.0540692 0.017754 0.00435017 0.00159236 0.00146478 0.000404838 0.000125132 0.000115318 0.000107957 0.000100596 0 0 0 0 0 0
 0 0 0 0 0.00144013 0.00171154 0.00461396 0.0210425 0.0478622 0.0707936 0.0888783 0.103762 0.0637923 0.0337046 0.0602308 0.124433 0.169614 0.0934646 0.0462172 0.0250306 0.0313229 0.00938855 0.002487 0.000210481 0 0
 0 0.00764035 0.051015 0.0998891 0.058973 0.0496711 0.0374665 0.0718981 0.12319 0.153886 0.159021 0.0857701 0.0377988 0.023471 0.0147837 0.00900784 0.00315554 0.000888139 0.00291439 0.00214683 0.00393193 0.00274676 0.000635225 9.99891e-05 0 0
 0 0 0 0 0 0 0 0 0 0 0 0 0 0 0 0 0 0 0 0 0 0 0 0 0 0
 0 0 0 0 0 0 0 0 0 0 0 0 0 0 0 0 0 0 0 0 0 0 0 0 0 0
 0 0 0 0 0 0 0 0 0 0 0 0 0 0 0 0 0 0 0 0 0 0 0 0 0 0
 0 0 0 0 0 0 0 0 0 0 0 0 0 0 0 0 0 0 0 0 0 0 0 0 0 0
 0 0 0 0 0 0 0 0 0 0 0 0 0 0 0 0 0 0 0 0 0 0 0 0 0 0
 0 0 0 0 0 0 0 0 0 0 0 0 0 0 0 0 0 0 0 0 0 0 0 0 0 0
 0 0 0 0 0 0 0 0 0 0 0 0 0 0 0 0 0 0 0 0 0 0 0 0 0 0
ppred_pel_tallas
 1.13225e-16 4.02869e-05 0.000391603 0.00260234 0.0118299 0.0368072 0.078422 0.114461 0.114472 0.0784755 0.0369885 0.0123608 0.00396252 0.00345157 0.00611687 0.0107384 0.017067 0.0247881 0.0334807 0.0427491 0.0521009 0.0605958 0.066689 0.0686521 0.0654295 0.0573265
 1.24188e-16 3.81682e-05 0.000371008 0.00246548 0.0112077 0.0348716 0.0742985 0.108446 0.108472 0.074423 0.03529 0.0124179 0.00550919 0.00703667 0.0127635 0.021225 0.0310383 0.040098 0.0463794 0.049192 0.0496758 0.0499882 0.051767 0.0550494 0.0583473 0.0596291
 1.19537e-16 5.00721e-05 0.000486719 0.00323442 0.0147032 0.0457472 0.0974699 0.142264 0.142282 0.0975566 0.0460388 0.0155473 0.00536038 0.00515199 0.00898288 0.0149657 0.0220219 0.0287098 0.0336224 0.0362065 0.0370986 0.0376094 0.0387599 0.0406309 0.0424308 0.0430689
 1.07116e-16 6.49295e-05 0.000631138 0.00419413 0.0190659 0.0593212 0.126391 0.184473 0.184486 0.126452 0.0595264 0.019659 0.00568499 0.00389309 0.00628227 0.0103434 0.0150402 0.0192354 0.0218291 0.0223549 0.0212608 0.0195791 0.0182457 0.0176011 0.0173724 0.0170134
 1.0468e-16 5.68892e-05 0.000552983 0.00367477 0.016705 0.0519755 0.11074 0.161633 0.161657 0.110855 0.0523621 0.0178219 0.0064791 0.00667696 0.0116938 0.0192597 0.0277817 0.0350316 0.038782 0.0380202 0.0335516 0.0274403 0.0217508 0.0175703 0.014877 0.01305
 1.03471e-16 6.38515e-05 0.000620659 0.0041245 0.0187494 0.0583364 0.124292 0.181411 0.181426 0.124366 0.0585834 0.0194635 0.00591952 0.00454768 0.00754688 0.0124406 0.0180672 0.0230388 0.025977 0.026236 0.0242537 0.0211897 0.0181597 0.0156842 0.0136803 0.011821
 1.05953e-16 4.32772e-05 0.00042067 0.0027955 0.012708 0.0395393 0.0842441 0.122964 0.123 0.0844179 0.0401232 0.0143949 0.00703176 0.00967486 0.0176376 0.0291404 0.042093 0.0531879 0.0590781 0.0582231 0.0517857 0.0427885 0.0342386 0.0276955 0.0231186 0.0196557
 1.11978e-16 4.03377e-05 0.000392097 0.00260562 0.0118448 0.0368537 0.0785217 0.11461 0.114636 0.0786501 0.0372854 0.0130948 0.00575518 0.00730676 0.0132877 0.022205 0.0326899 0.0425921 0.0497108 0.0529935 0.0530361 0.0514023 0.0493657 0.0471527 0.0441707 0.0397962
 1.15263e-16 4.70988e-05 0.000457817 0.00304235 0.0138301 0.0430307 0.0916822 0.133817 0.133838 0.0917821 0.0433665 0.0148021 0.00549043 0.00582976 0.0103323 0.0172282 0.0253435 0.0330138 0.0385909 0.0413829 0.042034 0.0419366 0.0421522 0.0427223 0.0428165 0.0414307
 1.09584e-16 5.9768e-05 0.000580966 0.00386073 0.0175503 0.0546056 0.116344 0.16981 0.169825 0.116418 0.0548563 0.0182755 0.0056845 0.00457427 0.00767976 0.0126983 0.0185201 0.0237984 0.0272179 0.0282219 0.0273422 0.0257879 0.0246198 0.0241632 0.0240164 0.023489
 1.03501e-16 6.82149e-05 0.000663073 0.00440635 0.0200307 0.0623229 0.132786 0.193807 0.19382 0.132845 0.062521 0.0206032 0.00584453 0.00380577 0.00604621 0.009913 0.0143347 0.0181599 0.0202681 0.0201565 0.0182359 0.0155357 0.0130596 0.0112951 0.0101648 0.00930696
 1.02271e-16 6.33406e-05 0.000615693 0.0040915 0.0185994 0.0578696 0.123298 0.179961 0.179979 0.123388 0.0581726 0.0194744 0.00628802 0.00541125 0.00917253 0.015068 0.0217097 0.0273219 0.0301379 0.029344 0.0255567 0.0203941 0.0154981 0.0117696 0.00926008 0.00755463
 1.02881e-16 5.93339e-05 0.000576746 0.00383268 0.0174228 0.054209 0.115499 0.168578 0.168599 0.115601 0.054551 0.0184111 0.00631505 0.00600132 0.0103778 0.017105 0.0247327 0.0313054 0.0348618 0.0344834 0.0308127 0.025566 0.0204549 0.0163762 0.0133402 0.010928
 1.04403e-16 5.53102e-05 0.000537635 0.00357277 0.0162413 0.0505329 0.107667 0.157147 0.15717 0.107779 0.0509101 0.0173316 0.00631243 0.00652799 0.0114605 0.0189335 0.0274435 0.0348769 0.0391069 0.039141 0.035674 0.0305385 0.0255213 0.0214943 0.0183729 0.0156517
 1.04076e-16 6.29595e-05 0.000611989 0.00406688 0.0184875 0.0575215 0.122556 0.178878 0.178893 0.122632 0.0577747 0.0192195 0.00590695 0.00463787 0.00773538 0.0127583 0.0185371 0.0236577 0.0267181 0.0270689 0.0251704 0.0222142 0.0193315 0.0170251 0.0151649 0.0133705
 1.00814e-16 7.74848e-05 0.000753179 0.00500514 0.0227527 0.070792 0.15083 0.220142 0.220146 0.150851 0.070864 0.0229608 0.00552791 0.00189527 0.00224915 0.00360264 0.00519879 0.00657291 0.0073089 0.00721752 0.00644254 0.00535606 0.00432689 0.0035442 0.00299927 0.00258372
 1.01786e-16 3.65292e-05 0.000355077 0.00235962 0.0107265 0.0333744 0.0711096 0.103797 0.103847 0.0713559 0.0342012 0.0131135 0.00834744 0.0134135 0.0247983 0.0408378 0.0585875 0.0731755 0.0796609 0.0757657 0.0632583 0.0468156 0.0313129 0.0196244 0.012185 0.00794051
 1.01666e-16 7.51314e-05 0.000730304 0.00485313 0.0220616 0.0686419 0.146249 0.213455 0.213459 0.146268 0.0687051 0.022245 0.00531655 0.00175186 0.00204416 0.00333562 0.00497208 0.00661385 0.00795594 0.00883603 0.00928704 0.00943829 0.00935929 0.00899633 0.00824942 0.00710015
 1.02268e-16 5.3114e-05 0.000516287 0.00343091 0.0155964 0.0485265 0.103392 0.15091 0.150941 0.103544 0.0490382 0.0170739 0.00713738 0.00860006 0.0153839 0.0252922 0.0362987 0.0453775 0.0494892 0.0472502 0.0397789 0.0299783 0.0208438 0.0140945 0.00990965 0.00754288
 1.04768e-16 5.36865e-05 0.000521852 0.00346789 0.0157645 0.0490495 0.104506 0.152534 0.152556 0.104613 0.0494087 0.0168037 0.00608229 0.00624855 0.0109865 0.0182254 0.026591 0.0341467 0.0389247 0.0399679 0.037816 0.0339824 0.029891 0.0261587 0.0226555 0.0190452
 1.04399e-16 6.38521e-05 0.000620666 0.00412454 0.0187496 0.058337 0.124294 0.181413 0.181427 0.124363 0.0585707 0.0194253 0.00582334 0.00433802 0.00715008 0.0117891 0.0171416 0.0219082 0.0248086 0.02526 0.0236998 0.0212278 0.0188666 0.0170349 0.0155523 0.014011
 1.03066e-16 6.43547e-05 0.000625551 0.004157 0.0188971 0.0587961 0.125272 0.182842 0.182858 0.125352 0.0590651 0.0196743 0.00610843 0.0048881 0.00816739 0.013421 0.0193762 0.024472 0.0271635 0.0267451 0.0237621 0.0196215 0.0157231 0.0127929 0.0108061 0.00934945
 1.06933e-16 3.07831e-05 0.000299223 0.00198844 0.00903921 0.0281246 0.0599241 0.0874709 0.0875183 0.0601554 0.0289013 0.0112833 0.00762437 0.0126119 0.0234423 0.0387781 0.0560266 0.0708069 0.0786566 0.0775 0.0688442 0.0566696 0.0449589 0.035814 0.0292595 0.0242714
 1.06699e-16 6.39078e-05 0.000621207 0.00412814 0.0187659 0.0583878 0.124402 0.18157 0.181578 0.124442 0.0585241 0.0191617 0.00512939 0.00283272 0.00433974 0.00727179 0.0109339 0.0147254 0.0180576 0.0206353 0.0225472 0.0240258 0.0250981 0.0254626 0.0246982 0.0225984
 1.06091e-16 5.55064e-05 0.000539542 0.00358544 0.0162989 0.0507121 0.108048 0.157705 0.157729 0.108168 0.0511128 0.0174561 0.00649015 0.00688104 0.0121013 0.0199257 0.0287224 0.0361854 0.0400214 0.0392196 0.0346753 0.028592 0.023142 0.0194172 0.0172821 0.0159331
 1.09156e-16 4.011e-05 0.000389884 0.00259092 0.011778 0.0366458 0.0780789 0.113965 0.113999 0.0782427 0.0371962 0.0133694 0.00659183 0.0091447 0.0167282 0.0277515 0.0403476 0.0515237 0.058234 0.0590524 0.0549536 0.0485014 0.0421453 0.0370005 0.0328377 0.0288914
 1.06846e-16 6.31413e-05 0.000613756 0.00407863 0.0185409 0.0576875 0.12291 0.179393 0.179404 0.122964 0.0578701 0.0190695 0.00541103 0.00354062 0.00567565 0.00942509 0.0139064 0.0181986 0.0214016 0.0231052 0.023585 0.0234969 0.0233303 0.0230857 0.0223882 0.0208558
 1.04913e-16 5.99669e-05 0.000582899 0.00387357 0.0176087 0.0547873 0.116731 0.170376 0.170397 0.116829 0.0551176 0.0185629 0.00626925 0.00581466 0.0100022 0.0164582 0.0237474 0.0299663 0.0332268 0.0326863 0.0290564 0.0241144 0.019614 0.0164397 0.0144991 0.0131787
 1.08735e-16 3.35197e-05 0.000325823 0.00216521 0.00984277 0.0306247 0.0652508 0.0952442 0.0952859 0.0654549 0.0313105 0.0118247 0.00714505 0.0112131 0.020758 0.0343889 0.0498276 0.0632731 0.0708537 0.0707657 0.0642923 0.0548084 0.0456222 0.0383753 0.0329398 0.0283738
 1.16264e-16 3.94399e-05 0.00038337 0.00254763 0.0115812 0.0360334 0.0767738 0.112058 0.112079 0.0768757 0.0363766 0.0125767 0.00506242 0.00592607 0.0107219 0.0180726 0.0269932 0.0359749 0.0434713 0.0487463 0.052161 0.0545725 0.0563844 0.0571098 0.0557731 0.0517059
 1.06446e-16 6.99676e-05 0.00068011 0.00451957 0.0205453 0.0639241 0.136197 0.198786 0.198793 0.136232 0.0640395 0.0208793 0.00536034 0.00252394 0.00359716 0.00590483 0.00866658 0.0112656 0.0131395 0.0140731 0.0143283 0.0144323 0.0147854 0.0153986 0.0159291 0.0159302
pSPR Fmed_Fpbrs
0.67434   0.20902 0.20902
Fs Fmed_Fpbrs
0.209425   1.005 1.005
SSBpbr Bo_Bmed_Bpbrs
2.03648e+06  1.27146e+06  323841 323841
Ro
193308
SPR SPRFo_SPRFmed_SPRFpbrs
1.38175e+06 931770 288813
Fref
1.005
Nvult_r0
 224390 19873.1 8793.19 9290.87 3453.11
CTP_r0
 27995.9 2929.04 1308.49 1383.25 514.121
YTP_r0
391301
Np
 259920 105113 8906.78 3929.8 5433.78
Nvult_p0
 217762 90789.1 7706.64 3400.6 4702.07
CTP_p0
 98044.7 45238 3861.72 1704.51 2356.89
YTP_p0
 1.68724e+06
CBA_c0
780082
log_Ro
11.992
likeval ReclasPelacesDesembMPH_pf_preclas_ppelaces_ptallas_desvR_qrecl_qpela
 15.4029 17.3136 0.0886814 0.000808857 241.191 119.397 98.1985 0 22.5596 2.54918e-06 0 0.452052 0 0 0
q_reclas_q_pelaces
0.797521 1
M
1
N
 211164 47023.6 167996 9504.22 0.313472
 120522 70591.6 15403.1 54956.8 3109.02
 120522 37276.8 21042.9 4580.66 17265.7
 218928 37468.2 11181.2 6297.27 6536.86
 175406 62954.7 10224.5 3040.86 3489.75
 288330 59501 20990.2 3405.22 2174.87
 121084 90328.9 18014.6 6341.01 1685.51
 56646.6 31508.8 21837.2 4334.41 1930.73
 51711.9 19736.8 10852.1 7515.46 2156.12
 67341.2 15371.4 5606.73 3073.81 2738.99
 122461 18727.5 4027.84 1463.53 1517
 159070 41958.8 6320.33 1358.03 1004.86
 133742 42272.1 10405.3 1560.38 583.215
 93994.1 36328.5 10765.2 2638.84 543.507
 95118.5 21043.1 7317.88 2153.77 636.452
 491568 25018.8 5153.76 1784.02 680.059
 110832 135317 6475.22 1328.57 635.07
 762152 33832 39699.1 1894.83 574.535
 439822 232059 9894.98 11580.8 720.249
 341113 123217 61352.6 2606.31 3239.42
 501934 98413.3 33758.4 16753 1595.95
 676453 153346 28901.7 9888.78 5374.2
 146248 196625 42395.2 7964.59 4205.36
 423529 46886.7 61219.9 13175 3781.63
 359880 138235 14918.8 19447.5 5386.07
 162069 117279 43902.1 4730.17 7873.06
 356199 54073.3 38324.9 14327.3 4112.72
 398869 116392 17229.2 12191.5 5865.43
 122929 132882 37966.4 5612.44 5881.64
 89989.5 40984.8 43385.8 12379.2 3747.45
 329502 28779.9 12723 13442.5 4996.11
pred_Ctot
 12280.4 3288.71 11875.8 672.244 0.0221729
 12305.1 8611.09 1898.4 6776.98 383.398
 11966.8 4424.02 2523.3 549.577 2071.56
 30826.8 6266.2 1888.59 1064.22 1104.74
 8695.86 3757.99 616.962 183.596 210.704
 27405.9 6764.3 2411.12 391.368 249.968
 23036.8 20252.8 4077.33 1435.91 381.69
 1902.56 1277.21 894.913 177.732 79.172
 6385.82 2902.52 1612.12 1117.04 320.478
 10627.7 2873.63 1058.43 580.571 517.345
 5343.89 984.863 214.132 77.8503 80.6973
 28662.9 8924.4 1357.17 291.756 215.889
 22670.2 8472.33 2105.65 315.926 118.085
 24208.6 10904.8 3259.72 799.413 164.655
 17610.1 4595 1613.16 475.017 140.374
 80082.6 4824.3 1003.47 347.54 132.484
 12109.3 17644.9 853.028 175.117 83.7101
 84320.1 4466.23 5294.57 252.845 76.6679
 67783.9 42389.7 1825.28 2137.37 132.933
 47452.5 20363.9 10240.9 435.27 541.019
 54612.2 12780.3 4429.08 2199.18 209.507
 91481.1 24652.1 4692.86 1606.52 873.112
 12016 19359.3 4218.17 792.887 418.663
 30491 4051.08 5345.8 1151.11 330.411
 26228.1 12089.4 1318.6 1719.84 476.331
 9610.29 8361.83 3163.87 341.079 567.721
 25411.9 4630.24 3316.67 1240.6 356.129
 23997.8 8418.85 1259.63 891.827 429.078
 7341.32 9541.23 2755.41 407.553 427.114
 7517.64 4102.07 4388.12 1252.75 379.246
 27995.9 2929.04 1308.49 1383.25 514.121
F
 0.0957223 0.116079 0.117392 0.117462 0.117466
 0.173459 0.210347 0.212728 0.212854 0.212861
 0.16834 0.204139 0.20645 0.206573 0.206579
 0.246326 0.29871 0.302091 0.302271 0.302281
 0.081111 0.09836 0.0994733 0.0995326 0.0995357
 0.160649 0.194812 0.197017 0.197135 0.197141
 0.346218 0.419844 0.424596 0.424849 0.424863
 0.0543477 0.0659053 0.0666513 0.066691 0.0666931
 0.213182 0.258517 0.261444 0.2616 0.261608
 0.279778 0.339276 0.343116 0.343321 0.343331
 0.0711021 0.0862226 0.0871986 0.0872505 0.0872533
 0.325216 0.394377 0.398841 0.399078 0.399091
 0.303308 0.367809 0.371973 0.372194 0.372206
 0.496662 0.602282 0.609099 0.609462 0.609481
 0.335497 0.406843 0.411448 0.411693 0.411706
 0.289978 0.351644 0.355625 0.355837 0.355848
 0.18661 0.226294 0.228855 0.228992 0.228999
 0.189155 0.229381 0.231977 0.232115 0.232123
 0.27242 0.330353 0.334092 0.334292 0.334302
 0.243038 0.294722 0.298058 0.298236 0.298245
 0.185771 0.225277 0.227827 0.227963 0.22797
 0.235566 0.285661 0.288894 0.289066 0.289075
 0.137569 0.166825 0.168713 0.168813 0.168819
 0.119665 0.145113 0.146755 0.146843 0.146847
 0.121217 0.146995 0.148659 0.148747 0.148752
 0.0976804 0.118453 0.119794 0.119865 0.119869
 0.118528 0.143734 0.145361 0.145448 0.145453
 0.0991691 0.120258 0.12162 0.121692 0.121696
 0.0984054 0.119332 0.120683 0.120755 0.120759
 0.140014 0.16979 0.171712 0.171814 0.17182
 0.14255 0.172865 0.174821 0.174926 0.174931
nmprior
 8.19 8.8 8.5 0
nm_flota  nm_reclas  nm_pelaces    nm_pelaL
inf 11.8749 19.055 46.133
cv_recla  cv_pelaces  cv_mph
0.354998 0.471809 0.87769
 ------------------------------------------------
Talla a la edad & desviaci?n 
 8 13.2811 15.8009 17.003 17.5766
 0.8 1.32811 1.58009 1.7003 1.75766
