years
 1991 1992 1993 1994 1995 1996 1997 1998 1999 2000 2001 2002 2003 2004 2005 2006 2007 2008 2009 2010 2011 2012 2013 2014 2015 2016 2017 2018 2019 2020 2021
reclasobs
 0 0 0 0 0 0 0 0 0 252601 567819 844713 477998 351125 339783 2.1784e+06 2.13404e+06 4.81314e+06 1.55562e+06 2.62356e+06 3.21686e+06 3.843e+06 1.13348e+06 3.07943e+06 1.97215e+06 2.03268e+06 2.025e+06 2.42433e+06 2.27542e+06 1.05018e+06 2.36338e+06
reclaspred
 7.3826e+06 1.87056e+06 1.07657e+06 886796 146620 3.46075e+06 1.45114e+06 372079 1.05713e+06 241082 348397 900744 742207 605018 400535 1.97493e+06 807620 4.8133e+06 2.65873e+06 2.2102e+06 2.93193e+06 3.36454e+06 1.60692e+06 3.36137e+06 2.53256e+06 1.50223e+06 2.11253e+06 3.80978e+06 2.98633e+06 725366 1.39479e+06
pelacesobs
 0 0 0 0 0 0 0 0 0 0 0 0 0 0 0 552880 188675 0 991730 2.46772e+06 1.41603e+06 1.21717e+06 2.29649e+06 1.80582e+06 0 1.4828e+06 1.56532e+06 1.57751e+06 1.42118e+06 867257 1.10002e+06
pelacespred
 7.61902e+06 1.73395e+06 569912 366336 57193.5 1.9814e+06 848249 311415 574741 96294.3 185713 389781 358460 270431 166413 858834 383807 2.7324e+06 1.5093e+06 1.02247e+06 1.49455e+06 1.68896e+06 979722 2.1499e+06 1.66019e+06 1.01065e+06 1.43445e+06 2.68822e+06 2.24735e+06 517084 739538
mphobs
 0 0 0 0 0 0 0 0 0 0 0 498337 0 5186 125008 0 168611 109162 213762 579715 649985 157893 87575 83554 0 0 0 0 0 0 0
mphpred
 1.78813e+06 684054 98423.9 146621 60540.4 7105.48 502077 100934 28839.8 106636 8886.07 48093.9 89818.1 48959.8 29380.1 26800.1 243016 57145.4 613085 195321 295016 266324 418375 146326 421348 319226 135514 237742 657759 265363 40281.7
desembarqueobs
 494567 514787 250237 358949 120608 361735 552515 73892 212993 205616 52469 317467 293654 387597 252695 516296 358380 742168 942051 627588 828172 859565 418607 520667 417249 300574 407403 355545 319650 289779 391294
desembarquepred
 494486 514285 250029 358338 120466 361501 551711 73854.1 212793 205327 52442.9 317044 293171 386705 252256 515598 357966 741307 939908 626198 827310 858181 418056 520191 416645 300150 406895 355197 319183 288945 390901
Reclutas
 6704.49 4062.27 175332 55386.2 4594.57 288134 5460.12 1470 57154.8 6169.68 33230.9 117419 70735.9 70067.8 40751.6 258688 8885.17 460709 141498 233011 180356 424430 11283.3 173282 139786 23378.1 125021 192675 23620.3 8654.23 105603
log_desv_Rt
 -1.94782 -2.44885 1.31609 0.163735 -2.32572 1.81283 -2.15312 -3.46533 0.195169 -2.03095 -0.347113 0.915153 0.408358 0.398868 -0.1431 1.70503 -1.66621 2.28217 1.10169 1.60049 1.34434 2.20015 -1.42727 1.30432 1.08952 -0.698794 0.977886 1.41041 -0.688487 -1.69255 0.809093
SSB
 1.67755e+06 641753 92337.5 137554 56796.7 6666.08 471029 94692.3 27056.4 100042 8336.57 45119.8 84263.9 45932.2 27563.2 25142.8 227988 53611.6 575173 183243 276772 249855 392503 137277 395292 299485 127134 223040 617084 248953 37790.7
BT
 2.08554e+06 918107 410863 381848 112012 1.27636e+06 709108 141422 449033 205914 127420 433043 406271 523824 322444 812557 384334 1.96063e+06 1.37677e+06 896235 1.2832e+06 1.41843e+06 603489 1.4308e+06 916101 544455 1.03698e+06 1.47754e+06 851953 417745 710250
Ftot
 0.312169 1.15748 1.15391 1.64881 2.56831 0.570431 1.43041 0.871578 1.04316 2.6065 0.795804 1.65888 1.72914 2.65241 2.64769 1.32847 1.64148 0.81904 1.46473 1.3552 1.29321 1.23654 1.06233 0.802714 0.770003 0.873814 0.97331 0.487227 0.473044 1.56604 1.40321
BD_Bspro_t
 0.95128 0.609442 0.196175 0.272342 0.1024 0.0179997 0.455693 0.134712 0.0641383 0.208826 0.033195 0.224804 0.208097 0.106554 0.0628928 0.0603819 0.249682 0.0761637 0.372462 0.155184 0.181125 0.168006 0.246147 0.11693 0.302473 0.294641 0.191504 0.324143 0.540257 0.319634 0.0887135
BD_Bspro
 4.99118 1.90939 0.27473 0.409262 0.168986 0.0198335 1.40144 0.281736 0.0805004 0.297653 0.0248036 0.134244 0.250709 0.136661 0.0820084 0.0748069 0.678328 0.159509 1.7113 0.545198 0.823475 0.743387 1.16781 0.408438 1.1761 0.891052 0.37826 0.663607 1.836 0.740706 0.112438
BD_Bo
 1.1359 0.434544 0.0625236 0.0931407 0.0384582 0.00451374 0.318943 0.0641181 0.0183204 0.0677405 0.00564486 0.0305516 0.0570568 0.0311016 0.0186636 0.0170247 0.154375 0.0363015 0.389461 0.124077 0.187408 0.169182 0.265772 0.0929531 0.26766 0.202787 0.0860851 0.151025 0.41784 0.168571 0.0255889
BD_Brms
 5.59902 2.14192 0.308187 0.459103 0.189565 0.0222488 1.57211 0.316047 0.0903039 0.333902 0.0278243 0.150593 0.28124 0.153304 0.0919955 0.083917 0.760936 0.178935 1.91971 0.611594 0.92376 0.833919 1.31002 0.458178 1.31933 0.999566 0.424325 0.744423 2.05959 0.830911 0.126131
Sel_flota
 0.620994 1 1 1 1
 0.620994 1 1 1 1
 0.620994 1 1 1 1
 0.620994 1 1 1 1
 0.620994 1 1 1 1
 0.620994 1 1 1 1
 0.620994 1 1 1 1
 0.620994 1 1 1 1
 0.620994 1 1 1 1
 0.620994 1 1 1 1
 0.620994 1 1 1 1
 0.620994 1 1 1 1
 0.620994 1 1 1 1
 0.620994 1 1 1 1
 0.620994 1 1 1 1
 0.620994 1 1 1 1
 0.620994 1 1 1 1
 0.620994 1 1 1 1
 0.620994 1 1 1 1
 0.620994 1 1 1 1
 0.620994 1 1 1 1
 0.620994 1 1 1 1
 0.620994 1 1 1 1
 0.620994 1 1 1 1
 0.620994 1 1 1 1
 0.620994 1 1 1 1
 0.620994 1 1 1 1
 0.620994 1 1 1 1
 0.620994 1 1 1 1
 0.620994 1 1 1 1
 0.620994 1 1 1 1
Sel_reclas
 0.719709 0.928173 0.984856 0.996954 0.999393
 0.719709 0.928173 0.984856 0.996954 0.999393
 0.719709 0.928173 0.984856 0.996954 0.999393
 0.719709 0.928173 0.984856 0.996954 0.999393
 0.719709 0.928173 0.984856 0.996954 0.999393
 0.719709 0.928173 0.984856 0.996954 0.999393
 0.719709 0.928173 0.984856 0.996954 0.999393
 0.719709 0.928173 0.984856 0.996954 0.999393
 0.719709 0.928173 0.984856 0.996954 0.999393
 0.719709 0.928173 0.984856 0.996954 0.999393
 0.719709 0.928173 0.984856 0.996954 0.999393
 0.719709 0.928173 0.984856 0.996954 0.999393
 0.719709 0.928173 0.984856 0.996954 0.999393
 0.719709 0.928173 0.984856 0.996954 0.999393
 0.719709 0.928173 0.984856 0.996954 0.999393
 0.719709 0.928173 0.984856 0.996954 0.999393
 0.719709 0.928173 0.984856 0.996954 0.999393
 0.719709 0.928173 0.984856 0.996954 0.999393
 0.719709 0.928173 0.984856 0.996954 0.999393
 0.719709 0.928173 0.984856 0.996954 0.999393
 0.719709 0.928173 0.984856 0.996954 0.999393
 0.719709 0.928173 0.984856 0.996954 0.999393
 0.719709 0.928173 0.984856 0.996954 0.999393
 0.719709 0.928173 0.984856 0.996954 0.999393
 0.719709 0.928173 0.984856 0.996954 0.999393
 0.719709 0.928173 0.984856 0.996954 0.999393
 0.719709 0.928173 0.984856 0.996954 0.999393
 0.719709 0.928173 0.984856 0.996954 0.999393
 0.719709 0.928173 0.984856 0.996954 0.999393
 0.719709 0.928173 0.984856 0.996954 0.999393
 0.719709 0.928173 0.984856 0.996954 0.999393
Sel_pelaces
 0.409699 0.777427 0.946174 0.988823 0.997759
 0.409699 0.777427 0.946174 0.988823 0.997759
 0.409699 0.777427 0.946174 0.988823 0.997759
 0.409699 0.777427 0.946174 0.988823 0.997759
 0.409699 0.777427 0.946174 0.988823 0.997759
 0.409699 0.777427 0.946174 0.988823 0.997759
 0.409699 0.777427 0.946174 0.988823 0.997759
 0.409699 0.777427 0.946174 0.988823 0.997759
 0.409699 0.777427 0.946174 0.988823 0.997759
 0.409699 0.777427 0.946174 0.988823 0.997759
 0.409699 0.777427 0.946174 0.988823 0.997759
 0.409699 0.777427 0.946174 0.988823 0.997759
 0.409699 0.777427 0.946174 0.988823 0.997759
 0.409699 0.777427 0.946174 0.988823 0.997759
 0.409699 0.777427 0.946174 0.988823 0.997759
 0.409699 0.777427 0.946174 0.988823 0.997759
 0.409699 0.777427 0.946174 0.988823 0.997759
 0.409699 0.777427 0.946174 0.988823 0.997759
 0.409699 0.777427 0.946174 0.988823 0.997759
 0.409699 0.777427 0.946174 0.988823 0.997759
 0.409699 0.777427 0.946174 0.988823 0.997759
 0.409699 0.777427 0.946174 0.988823 0.997759
 0.409699 0.777427 0.946174 0.988823 0.997759
 0.409699 0.777427 0.946174 0.988823 0.997759
 0.409699 0.777427 0.946174 0.988823 0.997759
 0.409699 0.777427 0.946174 0.988823 0.997759
 0.409699 0.777427 0.946174 0.988823 0.997759
 0.409699 0.777427 0.946174 0.988823 0.997759
 0.409699 0.777427 0.946174 0.988823 0.997759
 0.409699 0.777427 0.946174 0.988823 0.997759
 0.409699 0.777427 0.946174 0.988823 0.997759
pf_obs 
 0.8446 0.082 0.0669 0.0065 0
 0.8095 0.147 0.0364 0.0071 0
 0.9664 0.0169 0.016 0.0007 0
 0.9276 0.0648 0.0075 0.0001 0
 0.7033 0.2144 0.0806 0.0017 0
 0.9318 0.0425 0.0243 0.0014 0
 0.5671 0.3108 0.0964 0.0239 0.0018
 0.0768 0.2599 0.5324 0.112 0.0189
 0.490249 0.384438 0.106611 0.0170017 0.00170017
 0.7925 0.1577 0.0466 0.003 0.0002
 0.840416 0.127587 0.0312969 0.00059994 9.999e-05
 0.8084 0.0986 0.0794 0.0134 0.0002
 0.7335 0.1905 0.0724 0.0035 0.0001
 0.4001 0.4547 0.1325 0.0127 0
 0.49795 0.308269 0.164784 0.0264974 0.00249975
 0.9179 0.0499 0.0305 0.0017 0
 0.2467 0.6533 0.0926 0.0074 0
 0.9418 0.0223 0.034 0.0019 0
 0.707729 0.231977 0.0356964 0.0245975 0
 0.517169 0.277429 0.184464 0.0207286 0.00020938
 0.811772 0.124168 0.05621 0.00726502 0.000585176
 0.764997 0.148141 0.077277 0.00933861 0.000247198
 0.163321 0.427699 0.378323 0.0303852 0.000271297
 0.753843 0.0900009 0.118128 0.0371064 0.000921714
 0.721811 0.176058 0.0630433 0.0369309 0.00215725
 0.143369 0.312575 0.442814 0.0836902 0.0175525
 0.692698 0.0596174 0.167031 0.0765114 0.00414204
 0.394062 0.376323 0.152708 0.0712218 0.00568511
 0.125707 0.32114 0.495352 0.0537591 0.00404204
 0.23352 0.215282 0.420074 0.123614 0.00750983
 0.774587 0.0839891 0.0768558 0.0609784 0.00358967
pf_pred 
 0.041394 0.165402 0.695289 0.0979138 8.3127e-07
 0.0913111 0.0631353 0.145896 0.613291 0.0863671
 0.968606 0.0055641 0.00179468 0.00414722 0.0198884
 0.567948 0.42561 0.00114163 0.000368227 0.00493156
 0.280545 0.549582 0.167341 0.000448863 0.00208376
 0.996855 0.00175933 0.00105874 0.000322374 4.87898e-06
 0.0516888 0.946688 0.000907845 0.00054633 0.000168868
 0.122388 0.0982207 0.778057 0.000746133 0.000587801
 0.965686 0.00744413 0.00300723 0.0238219 4.08412e-05
 0.310071 0.678333 0.00251564 0.00101625 0.00806408
 0.968362 0.0188848 0.0125384 4.64996e-05 0.000167842
 0.921652 0.0770557 0.000771405 0.000512167 8.75541e-06
 0.77221 0.220206 0.0074587 7.46692e-05 5.04234e-05
 0.852183 0.132323 0.0149773 0.000507305 8.5082e-06
 0.864427 0.128886 0.0059856 0.000677494 2.33326e-05
 0.984332 0.0149649 0.000668346 3.10386e-05 3.63417e-06
 0.138275 0.855664 0.00578952 0.000258566 1.3414e-05
 0.987156 0.0036309 0.00914873 6.19014e-05 2.908e-06
 0.507203 0.489546 0.00091881 0.00231511 1.64002e-05
 0.852838 0.103915 0.0429611 8.06319e-05 0.000204606
 0.768937 0.214698 0.0115561 0.00477756 3.17204e-05
 0.901742 0.0865666 0.010863 0.0005847 0.000243333
 0.0960172 0.861146 0.0377398 0.00473585 0.000360992
 0.910606 0.0162352 0.0696925 0.00305428 0.000412487
 0.70396 0.281861 0.00257509 0.011054 0.00054987
 0.296793 0.577673 0.119521 0.00109195 0.00492056
 0.889955 0.0502036 0.0491586 0.010171 0.000511651
 0.82824 0.161946 0.00447747 0.00438426 0.000952743
 0.212149 0.706588 0.0766189 0.00211836 0.00252502
 0.247111 0.245513 0.455043 0.0493426 0.00299034
 0.966322 0.0148502 0.00613973 0.0113796 0.00130873
pobs_RECLAS
 0 0 0 0 0
 0 0 0 0 0
 0 0 0 0 0
 0 0 0 0 0
 0 0 0 0 0
 0 0 0 0 0
 0 0 0 0 0
 0 0 0 0 0
 0 0 0 0 0
 0 0 0 0 0
 0.991045 0.00858322 0.000360255 1.14367e-05 0
 0.934742 0.0480273 0.0164251 0.00080598 0
 0.827803 0.169806 0.00239088 0 0
 0.941827 0.0461693 0.0120037 0 0
 0.791401 0.0380133 0.147996 0.0225897 0
 0.846168 0.0940531 0.0597789 0 0
 0.134021 0.677848 0.182769 0.00536245 0
 0.80878 0.0450904 0.141981 0.00414843 0
 0.846168 0.0940531 0.0597789 0 0
 0.905697 0.0802665 0.012482 0.00150086 5.37128e-05
 0.989698 0.0102097 9.19794e-05 0 0
 0.975433 0.0193895 0.00387452 0.00125025 5.28907e-05
 0.303575 0.632131 0.0575291 0.00676475 0
 0.966965 0.00978017 0.0227588 0.000495775 0
 0.843318 0.132988 0.00938335 0.0141283 0.000182051
 0.564624 0.303363 0.111486 0.0197234 0.00080311
 0.826376 0.0876187 0.0782897 0.00655872 0.00115652
 0.89761 0.0855135 0.0140674 0.00269457 0.000114338
 0.34875 0.467042 0.161289 0.0227151 0.000203297
 0.318654 0.224769 0.449479 0.00709798 0
 0.937255 0.0296025 0.0250945 0.00804832 0
ppred_RECLAS
 0.0493221 0.155947 0.695573 0.0991571 8.43885e-07
 0.111661 0.0578397 0.141821 0.603484 0.0851941
 0.974856 0.00419655 0.00143624 0.00335969 0.0161512
 0.647069 0.347287 0.000988427 0.000322729 0.0043328
 0.373571 0.471694 0.152396 0.000413797 0.00192567
 0.997473 0.00137444 0.00087763 0.00027051 4.10405e-06
 0.0693413 0.928959 0.000945246 0.000575825 0.00017842
 0.147297 0.0905215 0.760859 0.000738603 0.000583293
 0.97239 0.00566724 0.00242923 0.0194796 3.34783e-05
 0.411703 0.577699 0.00227327 0.000929623 0.00739471
 0.974876 0.0146351 0.0103102 3.87058e-05 0.000140052
 0.942607 0.056385 0.000598942 0.000402547 6.89831e-06
 0.826463 0.167418 0.00601701 6.09762e-05 4.12774e-05
 0.899837 0.0890903 0.0106997 0.000366868 6.16792e-06
 0.908785 0.0864505 0.00426003 0.000488104 1.68512e-05
 0.988353 0.0110932 0.00052569 2.47134e-05 2.90066e-06
 0.182864 0.811037 0.00582269 0.000263242 1.369e-05
 0.989669 0.0027977 0.00747983 5.12311e-05 2.41262e-06
 0.585225 0.411848 0.000820187 0.002092 1.48559e-05
 0.885448 0.0794607 0.0348571 6.62254e-05 0.000168461
 0.817286 0.168996 0.00965171 0.00403925 2.68841e-05
 0.924479 0.066048 0.00879431 0.000479168 0.000199902
 0.123023 0.832947 0.0387333 0.00492023 0.000375963
 0.926484 0.0127096 0.0578901 0.0025682 0.00034769
 0.754491 0.232949 0.0022582 0.00981281 0.000489321
 0.352849 0.525824 0.115438 0.0010676 0.00482259
 0.911386 0.0390788 0.0406022 0.00850384 0.000428832
 0.859623 0.13184 0.00386772 0.00383374 0.000835146
 0.25421 0.664623 0.0764696 0.0021402 0.00255729
 0.303712 0.217889 0.428506 0.0470359 0.00285751
 0.974129 0.0109777 0.00481583 0.0090355 0.00104168
pobs_PELACES
 0 0 0 0 0
 0 0 0 0 0
 0 0 0 0 0
 0 0 0 0 0
 0 0 0 0 0
 0 0 0 0 0
 0 0 0 0 0
 0 0 0 0 0
 0 0 0 0 0
 0 0 0 0 0
 0 0 0 0 0
 0 0 0 0 0
 0 0 0 0 0
 0 0 0 0 0
 0 0 0 0 0
 0 0 0 0 0
 0.505614 0.472636 0.0217494 0 0
 0 0 0 0 0
 0.443492 0.261883 0.143347 0.151278 0
 0.227955 0.32914 0.350689 0.0885471 0.00366901
 0.970185 0.0296113 0.000203453 0 0
 0.997202 0.00247181 0.000326279 0 0
 0.445219 0.490057 0.0546422 0.010081 0
 0.90214 0.0892962 0.00764917 0.000914606 0
 0 0 0 0 0
 0.581667 0.319106 0.0959925 0.00289975 0.000334073
 0.762889 0.0836404 0.116647 0.0363945 0.000428098
 0.88444 0.0763242 0.0277011 0.0115352 0
 0.521256 0.241999 0.230069 0.00667565 0
 0.616807 0.101726 0.260614 0.0208532 0
 0.833518 0.0704572 0.0857862 0.0102388 0
ppred_PELACES
 0.0315138 0.140994 0.721332 0.10616 9.09424e-07
 0.078007 0.0514408 0.144674 0.635566 0.0903129
 0.963406 0.00528207 0.00207352 0.00500754 0.0242312
 0.604266 0.388265 0.00126751 0.000427258 0.00577386
 0.350299 0.472001 0.174913 0.000490323 0.0022968
 0.996297 0.00188083 0.00137754 0.000438349 6.69416e-06
 0.0570847 0.940911 0.00109816 0.000690645 0.000215405
 0.103711 0.084093 0.810738 0.000812517 0.000645883
 0.959772 0.00722368 0.00355159 0.0294021 5.08638e-05
 0.396424 0.59077 0.00266647 0.00112574 0.00901357
 0.964837 0.0192928 0.0155896 6.04211e-05 0.000220064
 0.931958 0.0666567 0.000812145 0.000563521 9.72035e-06
 0.799896 0.192048 0.00791693 8.28288e-05 5.6439e-05
 0.893281 0.0933906 0.0128651 0.000455402 7.70672e-06
 0.903435 0.0908046 0.0051324 0.000607107 2.10975e-05
 0.985428 0.0137826 0.000749156 3.63597e-05 4.29566e-06
 0.157219 0.835562 0.00688065 0.000321148 1.68113e-05
 0.984879 0.00369766 0.0113393 8.01811e-05 3.80079e-06
 0.534952 0.461201 0.0010535 0.00277413 1.98295e-05
 0.856218 0.0954298 0.0480165 9.41823e-05 0.000241151
 0.77934 0.2017 0.013213 0.00570878 3.82458e-05
 0.905051 0.0815063 0.0124481 0.000700217 0.000294041
 0.0975268 0.850691 0.0453739 0.00595048 0.000457676
 0.893975 0.0163207 0.0852666 0.00390525 0.00053218
 0.695035 0.286755 0.00318846 0.0143039 0.000717962
 0.286791 0.563736 0.141955 0.00135537 0.00616275
 0.879081 0.0491045 0.058519 0.0126534 0.000642282
 0.814079 0.172848 0.00581619 0.00595182 0.00130508
 0.194749 0.706131 0.0931893 0.00269263 0.00323854
 0.246256 0.213706 0.482068 0.0546292 0.00334064
 0.965208 0.0134282 0.00675687 0.0130879 0.0015188
pobs_pel_tallas
 0 0 0 0 0 0 0 0 0 0 0 0 0 0 0 0 0 0 0 0 0 0 0 0 0 0
 0 0 0 0 0 0 0 0 0 0 0 0 0 0 0 0 0 0 0 0 0 0 0 0 0 0
 0 0 0 0 0 0 0 0 0 0 0 0 0 0 0 0 0 0 0 0 0 0 0 0 0 0
 0 0 0 0 0 0 0 0 0 0 0 0 0 0 0 0 0 0 0 0 0 0 0 0 0 0
 0 0 0 0 0 0 0 0 0 0 0 0 0 0 0 0 0 0 0 0 0 0 0 0 0 0
 0 0 0 0 0 0 0 0 0 0 0 0 0 0 0 0 0 0 0 0 0 0 0 0 0 0
 0 0 0 0 0 0 0 0 0 0 0 0 0 0 0 0 0 0 0 0 0 0 0 0 0 0
 0 0 0 0 0 0 0 0 0 0 0 0 0 0 0 0 0 0 0 0 0 0 0 0 0 0
 0 0 0 0 0 0 0 0 0 0 0 0 0 0 0 0 0 0 0 0 0 0 0 0 0 0
 0 0 0 0 0 0 0 0 0 0 0 0 0 0 0 0 0 0 0 0 0 0 0 0 0 0
 0 0 0 0 0 0 0 0 0 0 0 0 0 0 0 0 0 0 0 0 0 0 0 0 0 0
 0 0 0 0 0 0 0 0 0 0 0 0 0 0 0 0 0 0 0 0 0 0 0 0 0 0
 0.00862536 0 0 0.000197151 0.00414017 0.0128641 0.00837892 0.0270097 0.101434 0.158115 0.152841 0.127902 0.109271 0.109419 0.0830992 0.0579132 0.0238553 0.00714673 0.00463305 0.00128148 0.00103504 0.000492878 0.000147863 0.000147863 4.92878e-05 0
 0 0 0 0 0 0 0 0 0 0 0 0 0 0 0 0 0 0 0 0 0 0 0 0 0 0
 0 0 0 0 0 0 0 0.0054083 0.00873648 0.0413646 0.0450493 0.0745869 0.0622846 0.0627006 0.0613931 0.0827291 0.12552 0.122667 0.0946155 0.0697135 0.0546179 0.0294188 0.0215738 0.0213955 0.0102223 0.00600262
 0 0 0 0 0.00359764 0.0251062 0.0480494 0.140153 0.205849 0.193036 0.1447 0.116669 0.0760912 0.0342217 0.00950174 0.001854 0.000860785 0 0 0 0.000165536 0 0.000143464 0 0 0
 0 0 0 0 0 0 0 0.000145254 0.000435761 0.0275982 0.070085 0.0708112 0.156366 0.174668 0.174014 0.160142 0.0824315 0.0480064 0.0283245 0.00493863 0.00203355 0 0 0 0 0
 0 0 0 0 0 0 0 0 0 0 0 0 0 0 0 0 0 0 0 0 0 0 0 0 0 0
 0 0 1.00437e-05 0.000401748 0.00122533 0.00171747 0.00176769 0.0269171 0.070346 0.194647 0.189555 0.159765 0.064822 0.0314167 0.0384472 0.0292271 0.0345202 0.0313363 0.0194345 0.0106764 0.0143323 0.0359363 0.0279516 0.0138201 0.00172751 0
 0 0.0021121 0.0136068 0.0755702 0.200478 0.177729 0.0527432 0.0373336 0.0318909 0.0142505 0.0149659 0.0166563 0.0217959 0.0798694 0.0677717 0.0528807 0.04013 0.0224614 0.0357745 0.0225083 0.00881397 0.00855152 0.00135912 0.000746735 0 0
 0 0 0 0 5.4009e-05 0.00500934 0.000945158 0.0243581 0.138947 0.33067 0.221406 0.137944 0.0707744 0.0437923 0.0131692 0.00525238 0.0047753 0.00276346 9.45158e-05 9.00151e-06 2.25038e-05 9.00151e-06 4.50075e-06 0 0 0
 0.000866109 0.00284123 0.00948549 0.0512746 0.133035 0.25785 0.225252 0.132002 0.0553304 0.0519788 0.0540692 0.017754 0.00435017 0.00159236 0.00146478 0.000404838 0.000125132 0.000115318 0.000107957 0.000100596 0 0 0 0 0 0
 0 0 0 0 0.00144013 0.00171154 0.00461396 0.0210425 0.0478622 0.0707936 0.0888783 0.103762 0.0637923 0.0337046 0.0602308 0.124433 0.169614 0.0934646 0.0462172 0.0250306 0.0313229 0.00938855 0.002487 0.000210481 0 0
 0 0.00764035 0.051015 0.0998891 0.058973 0.0496711 0.0374665 0.0718981 0.12319 0.153886 0.159021 0.0857701 0.0377988 0.023471 0.0147837 0.00900784 0.00315554 0.000888139 0.00291439 0.00214683 0.00393193 0.00274676 0.000635225 9.99891e-05 0 0
 0 0 0 0 0 0 0 0 0 0 0 0 0 0 0 0 0 0 0 0 0 0 0 0 0 0
 0 0 0 0 0 0 0 0 0 0 0 0 0 0 0 0 0 0 0 0 0 0 0 0 0 0
 0 0 0 0 0 0 0 0 0 0 0 0 0 0 0 0 0 0 0 0 0 0 0 0 0 0
 0 0 0 0 0 0 0 0 0 0 0 0 0 0 0 0 0 0 0 0 0 0 0 0 0 0
 0 0 0 0 0 0 0 0 0 0 0 0 0 0 0 0 0 0 0 0 0 0 0 0 0 0
 0 0 0 0 0 0 0 0 0 0 0 0 0 0 0 0 0 0 0 0 0 0 0 0 0 0
 0 0 0 0 0 0 0 0 0 0 0 0 0 0 0 0 0 0 0 0 0 0 0 0 0 0
ppred_pel_tallas
 1.31499e-16 2.59578e-06 2.52319e-05 0.000167676 0.000762238 0.00237168 0.00505366 0.00737903 0.00739374 0.00512605 0.00261799 0.00148797 0.00204337 0.00429865 0.0086426 0.0156514 0.0257344 0.0390145 0.0554053 0.0745665 0.0954643 0.115768 0.131807 0.1396 0.136599 0.123017
 1.8321e-16 6.42534e-06 6.24566e-05 0.000415047 0.00188674 0.00587039 0.0125077 0.0182565 0.0182619 0.0125344 0.00596144 0.00215632 0.0011176 0.00168553 0.0033643 0.00631342 0.010995 0.0181186 0.0287412 0.0441977 0.0655931 0.0928799 0.123972 0.154541 0.178887 0.191675
 1.04665e-16 7.93545e-05 0.000771354 0.00512592 0.0233017 0.0725001 0.154469 0.225452 0.225453 0.154472 0.0725087 0.0233265 0.00518871 0.000910385 0.000349603 0.000470189 0.000716054 0.00101037 0.00135104 0.00178053 0.00238078 0.00323463 0.0043655 0.00568992 0.00701365 0.00807868
 1.01156e-16 4.97727e-05 0.000483808 0.00321508 0.0146153 0.0454738 0.0968882 0.141419 0.141456 0.0970706 0.046086 0.0163823 0.00764632 0.0101433 0.0183539 0.0301566 0.043186 0.0537818 0.0582561 0.0549212 0.0451326 0.0324502 0.0206094 0.0118476 0.00653256 0.00384239
 1.05607e-16 2.88537e-05 0.000280469 0.00186382 0.00847266 0.0263618 0.0561684 0.081989 0.0820346 0.0563915 0.0271116 0.0106402 0.00731222 0.0121993 0.0227375 0.037731 0.0547802 0.0697689 0.0784619 0.0788098 0.072041 0.0616023 0.0508908 0.0416277 0.0338342 0.0268605
 1.00086e-16 8.20636e-05 0.000797688 0.00530092 0.0240972 0.0749753 0.159743 0.233149 0.23315 0.159744 0.0749783 0.0241059 0.00532291 0.000846 0.000174702 0.000161238 0.00022968 0.000299941 0.000351994 0.000378389 0.000383124 0.000376535 0.00036655 0.000353654 0.000332864 0.0002996
 1.00378e-16 4.70219e-06 4.5707e-05 0.000303744 0.00138083 0.00429676 0.00915804 0.0133854 0.0134759 0.00960001 0.00578013 0.00566251 0.0110408 0.0234498 0.0443501 0.0730416 0.104584 0.13018 0.140874 0.132544 0.108445 0.0771871 0.0478384 0.0258764 0.012289 0.00520559
 1.23609e-16 8.54255e-06 8.30366e-05 0.000551808 0.00250844 0.00780475 0.0166292 0.0242727 0.0242821 0.0166754 0.00796342 0.00298239 0.0018003 0.00300265 0.00612027 0.0115767 0.0200872 0.0323249 0.0486812 0.0688502 0.0912201 0.112484 0.128099 0.133811 0.127564 0.110617
 1.03062e-16 7.90551e-05 0.000768444 0.00510658 0.0232138 0.0722267 0.153887 0.224602 0.224603 0.15389 0.0722384 0.0232479 0.00519301 0.000960103 0.000452335 0.000648678 0.000992499 0.00139837 0.00185277 0.00238636 0.00306411 0.00393641 0.00497438 0.00603712 0.00690097 0.00734052
 1.01867e-16 3.2653e-05 0.000317399 0.00210923 0.0095883 0.0298331 0.0635646 0.0927863 0.0928431 0.0638421 0.0307645 0.012277 0.00885197 0.0150158 0.0278859 0.045888 0.0657229 0.081858 0.0886866 0.0836427 0.0687884 0.0495368 0.0315658 0.0182721 0.010208 0.0061188
 1.00499e-16 7.94724e-05 0.0007725 0.00513353 0.0233363 0.0726079 0.154699 0.225788 0.22579 0.154708 0.0726388 0.0234258 0.00535925 0.00126833 0.00103013 0.00160052 0.00235174 0.00306839 0.00358532 0.00381951 0.0038017 0.00363055 0.0033891 0.00309776 0.00273405 0.00228496
 1.00099e-16 7.67641e-05 0.000746175 0.00495859 0.0225411 0.0701336 0.149427 0.218095 0.218101 0.149459 0.0702387 0.0228445 0.00571955 0.00240508 0.00322067 0.00518546 0.00742145 0.00924643 0.0100232 0.00946082 0.00778881 0.00561361 0.00357138 0.00204308 0.00109291 0.0005859
 1.00296e-16 6.58864e-05 0.000640439 0.00425594 0.0193469 0.0601955 0.128254 0.187194 0.187212 0.128344 0.0604985 0.0202217 0.00645021 0.00542525 0.00913751 0.0149608 0.0214483 0.0267667 0.0290949 0.0275921 0.0229044 0.0167507 0.0109311 0.00651899 0.00369607 0.00209449
 1.00443e-16 7.35784e-05 0.000715208 0.00475281 0.0216056 0.0672231 0.143226 0.209045 0.209054 0.14327 0.0673707 0.022032 0.0058231 0.00305132 0.0045092 0.00733509 0.0105515 0.0132505 0.0145579 0.0140664 0.0120693 0.00935745 0.00674548 0.00470048 0.00328406 0.00233044
 1.00236e-16 7.44147e-05 0.000723338 0.00480683 0.0218512 0.0679872 0.144854 0.211421 0.211429 0.144897 0.0681305 0.022265 0.00584488 0.00298728 0.0043678 0.00708663 0.0101625 0.0126972 0.0138303 0.0131652 0.0110052 0.00815595 0.00545807 0.00340778 0.00208312 0.00130847
 1.0003e-16 8.11684e-05 0.000788985 0.00524309 0.0238343 0.0741574 0.158 0.230606 0.230607 0.158007 0.0741791 0.0238971 0.00540063 0.00113257 0.00073271 0.00108024 0.00154207 0.00192589 0.00209673 0.00199407 0.0016639 0.00122868 0.000816323 0.00050263 0.000299938 0.00018194
 1.00448e-16 1.29501e-05 0.00012588 0.00083652 0.00380275 0.0118322 0.0252127 0.0368155 0.0368959 0.0256052 0.0131497 0.00760568 0.0103735 0.0209154 0.0394085 0.0649001 0.0929502 0.115751 0.125355 0.118103 0.0968685 0.0692698 0.0433203 0.023852 0.0117301 0.00530742
 1.00337e-16 8.11232e-05 0.000788546 0.00524017 0.023821 0.0741161 0.157912 0.230478 0.230478 0.157914 0.0741223 0.0238391 0.00528641 0.000892116 0.000285486 0.000363461 0.000561756 0.000801568 0.00105958 0.00132034 0.00157013 0.00178577 0.0019279 0.00195134 0.00182953 0.0015746
 1.0043e-16 4.40634e-05 0.000428312 0.00284628 0.0129388 0.0402577 0.085775 0.1252 0.125245 0.0859916 0.0409848 0.0150377 0.00810961 0.0119013 0.0217838 0.0358134 0.0512816 0.0638478 0.0691239 0.0650948 0.0533582 0.0381326 0.0238527 0.0131873 0.00660148 0.00316198
 1.01461e-16 7.05256e-05 0.000685534 0.00455561 0.0207092 0.064434 0.137284 0.200371 0.200381 0.137329 0.0645859 0.0211488 0.00566168 0.00310819 0.00469519 0.00771152 0.0112426 0.0144271 0.016423 0.0168162 0.0158248 0.0140815 0.0121897 0.0104243 0.00875748 0.00708247
 1.01012e-16 6.41932e-05 0.000623981 0.00414657 0.0188497 0.0586486 0.124958 0.182384 0.182403 0.125053 0.0589671 0.0197692 0.00645338 0.00565586 0.00960918 0.0157543 0.0226182 0.0282956 0.030892 0.0295363 0.0249048 0.0187785 0.0130014 0.0086411 0.0058334 0.0041593
 1.00501e-16 7.45479e-05 0.000724632 0.00481544 0.0218903 0.0681088 0.145113 0.211799 0.211807 0.145152 0.0682377 0.0222626 0.00575001 0.00276485 0.00394933 0.00641099 0.00922735 0.0116007 0.0127703 0.0123819 0.0106901 0.00837928 0.00615166 0.00440518 0.00318628 0.00234765
 1.02202e-16 8.03333e-06 7.80869e-05 0.000518919 0.00235898 0.0073401 0.0156419 0.022847 0.0229288 0.0160419 0.00868271 0.00623526 0.0102428 0.0212849 0.0402233 0.0663257 0.0951699 0.118888 0.129456 0.123164 0.102858 0.0761034 0.0507896 0.0315802 0.0192095 0.0120232
 1.02947e-16 7.36356e-05 0.000715764 0.0047565 0.0216224 0.0672752 0.143337 0.209205 0.209207 0.143345 0.0673037 0.0217064 0.0049735 0.00120995 0.00107203 0.0018114 0.00296369 0.00447719 0.00632536 0.00845218 0.0107214 0.0128548 0.014437 0.0150417 0.0144287 0.0126834
 1.01722e-16 5.72492e-05 0.000556482 0.00369802 0.0168107 0.0523044 0.111441 0.162657 0.162685 0.111576 0.0527567 0.0181163 0.00697264 0.00769619 0.0135912 0.0223118 0.0319814 0.0398994 0.0433638 0.0411501 0.0342682 0.0253301 0.0170445 0.0109843 0.00733253 0.00541451
 1.0542e-16 2.36227e-05 0.000229621 0.00152592 0.00693663 0.0215827 0.0459863 0.0671297 0.0671842 0.0462523 0.0224761 0.00951798 0.00800965 0.0143974 0.0269706 0.0446527 0.0645549 0.0816535 0.0907998 0.0895506 0.0795401 0.0652283 0.0511122 0.0396242 0.030938 0.0241228
 1.0308e-16 7.24087e-05 0.000703839 0.00467726 0.0212621 0.0661544 0.140949 0.20572 0.205725 0.140973 0.0662338 0.0214925 0.00525964 0.00198863 0.00255195 0.00420755 0.00629548 0.00842195 0.0102255 0.0115232 0.0123698 0.0129225 0.0132365 0.0131844 0.0125647 0.0112846
 1.0103e-16 6.70547e-05 0.000651795 0.00433141 0.01969 0.0612629 0.130528 0.190512 0.190529 0.130609 0.0615356 0.0204773 0.00630645 0.00495878 0.00823355 0.0134711 0.0193191 0.0241279 0.0262692 0.0250014 0.0209219 0.015587 0.0106103 0.00692947 0.00465895 0.00341091
 1.03688e-16 1.60414e-05 0.000155928 0.0010362 0.00471045 0.0146563 0.0312294 0.0455944 0.0456625 0.0315618 0.0157726 0.00793425 0.00912737 0.0178155 0.0335441 0.0554002 0.0797309 0.100098 0.109924 0.106133 0.0909621 0.0704154 0.0506819 0.0353114 0.0247656 0.0177612
 1.2001e-16 2.02838e-05 0.000197166 0.00131024 0.00595617 0.018532 0.0394851 0.0576341 0.0576554 0.0395896 0.0188848 0.00698446 0.0039258 0.00602078 0.0114137 0.019706 0.0304081 0.0424525 0.0546177 0.0661258 0.0766807 0.0858244 0.0922967 0.0942152 0.0901036 0.0799599
 1.01769e-16 7.95029e-05 0.000772797 0.00513551 0.0233453 0.0726358 0.154758 0.225874 0.225876 0.154765 0.0726573 0.0234075 0.00529244 0.00111766 0.000741394 0.00111872 0.0016502 0.00217785 0.00260582 0.00290665 0.00313617 0.00338702 0.00371064 0.00406903 0.00435015 0.00442936
pSPR Fmed_Fpbrs
0.215721   0.252875 0.252875
Fs Fmed_Fpbrs
1.15528   1.005 1.005
SSBpbr Bo_Bmed_Bpbrs
1.47684e+06  244743  299615 299615
Ro
47021
SPR SPRFo_SPRFmed_SPRFpbrs
336103 72504.3 84992.1
Fref
1.005
Nvult_r0
 89349.7 1095.02 452.727 839.103 96.5024
CTP_r0
 41604.4 639.369 264.343 489.944 56.3468
YTP_r0
390901
Np
 88391.1 16253.4 108.864 45.009 90.9651
Nvult_p0
 70970.2 14064.7 94.2041 38.948 78.7157
CTP_p0
 27272 7049.9 47.2195 19.5226 39.456
YTP_p0
 321751
CBA_c0
370156
log_Ro
10.5784
likeval ReclasPelacesDesembMPH_pf_preclas_ppelaces_ptallas_desvR_qrecl_qpela
 16.8717 19.95 0.318014 0.000955354 338.857 121.79 123.359 0 105.589 0.000131873 0.000296684 0.00502099 0 0 0
q_reclas_q_pelaces
5.08999 11.5945
M
1
N
 6704.49 17438.9 73306.6 10323.4 0.0876435
 4062.27 2031.8 4695.18 19736.7 2779.44
 175332 728.297 234.909 542.838 2603.23
 55386.2 31503.9 84.5038 27.2564 365.037
 4594.57 7318.68 2228.45 5.97742 27.7491
 288134 342.998 206.412 62.8497 0.951201
 5460.12 74380.2 71.3283 42.9245 13.2678
 1470 826.291 6545.49 6.27692 4.94494
 57154.8 314.749 127.15 1007.22 1.72683
 6169.68 11000.8 40.7971 16.481 130.778
 33230.9 449.79 298.634 1.10751 3.99759
 117419 7458.04 74.6625 49.5715 0.847415
 70735.9 15418.9 522.263 5.22838 3.53067
 70067.8 8892.15 1006.48 34.091 0.571752
 40751.6 4964.6 230.561 26.0965 0.898755
 258688 2895.89 129.333 6.00637 0.703258
 8885.17 41706.3 282.189 12.6029 0.653818
 460709 1179.43 2971.8 20.1076 0.944612
 141498 101916 191.282 481.971 3.41427
 233011 20961.7 8666.06 16.265 41.273
 180356 36948.1 1988.73 822.187 5.45888
 424430 29721 3729.6 200.746 83.5439
 11283.3 72447.7 3175.03 398.425 30.37
 173282 2146.04 9212.25 403.728 54.5243
 139786 38723.1 353.777 1518.65 75.5433
 23378.1 31879 6595.81 60.2596 271.542
 125021 4998.65 4894.6 1012.7 50.9438
 192675 25130 694.792 680.33 147.842
 23620.3 52375.5 5679.34 157.022 187.166
 8654.23 6477.6 12005.9 1301.86 78.897
 105603 1203.88 497.736 922.525 106.096
pred_Ctot
 758.738 3031.77 12744.4 1794.73 0.0152369
 1394.25 964.026 2227.71 9364.46 1318.76
 60040.3 344.898 111.246 257.071 1232.81
 24317.5 18223.1 48.8804 15.7662 211.152
 2613.14 5119.1 1558.7 4.18094 19.4092
 55912.5 98.6791 59.3838 18.0816 0.273657
 2179.83 39924 38.2859 23.0399 7.12154
 405.695 325.584 2579.12 2.4733 1.94846
 18144.5 139.87 56.5037 447.595 0.767376
 3535.58 7734.68 28.6846 11.5878 91.9506
 8524.15 166.237 110.371 0.409319 1.47746
 51757.5 4327.24 43.32 28.7619 0.49168
 32022 9131.5 309.298 3.09638 2.09096
 40509.3 6290.12 711.961 24.1152 0.404445
 23539.2 3509.7 162.994 18.4488 0.63537
 98085.8 1491.2 66.5987 3.09291 0.362134
 3889.79 24070.5 162.864 7.27368 0.377347
 120964 444.924 1121.07 7.58529 0.356342
 57415 55416.2 104.009 262.069 1.85649
 89597.9 10917.2 4513.42 8.47106 21.4956
 67091.7 18732.9 1008.3 416.854 2.76769
 152884 14676.8 1841.74 99.1318 41.2555
 3631.9 32573.3 1427.53 179.136 13.6547
 44761.9 798.061 3425.81 150.137 20.2763
 34906.5 13976.3 127.688 548.125 27.2658
 6465.13 12583.6 2603.57 23.7863 107.186
 37631.1 2122.82 2078.64 430.073 21.6348
 32589.3 6372.18 176.178 172.51 37.4882
 3892.39 12964.1 1405.76 38.8663 46.3275
 3673.24 3649.48 6764.09 733.464 44.4505
 41604.4 639.369 264.343 489.944 56.3468
F
 0.193855 0.312169 0.312169 0.312169 0.312169
 0.718788 1.15748 1.15748 1.15748 1.15748
 0.716572 1.15391 1.15391 1.15391 1.15391
 1.0239 1.64881 1.64881 1.64881 1.64881
 1.59491 2.56831 2.56831 2.56831 2.56831
 0.354234 0.570431 0.570431 0.570431 0.570431
 0.888278 1.43041 1.43041 1.43041 1.43041
 0.541245 0.871578 0.871578 0.871578 0.871578
 0.647798 1.04316 1.04316 1.04316 1.04316
 1.61862 2.6065 2.6065 2.6065 2.6065
 0.494189 0.795804 0.795804 0.795804 0.795804
 1.03015 1.65888 1.65888 1.65888 1.65888
 1.07378 1.72914 1.72914 1.72914 1.72914
 1.64713 2.65241 2.65241 2.65241 2.65241
 1.6442 2.64769 2.64769 2.64769 2.64769
 0.824972 1.32847 1.32847 1.32847 1.32847
 1.01935 1.64148 1.64148 1.64148 1.64148
 0.508619 0.81904 0.81904 0.81904 0.81904
 0.909591 1.46473 1.46473 1.46473 1.46473
 0.841572 1.3552 1.3552 1.3552 1.3552
 0.803077 1.29321 1.29321 1.29321 1.29321
 0.767883 1.23654 1.23654 1.23654 1.23654
 0.659701 1.06233 1.06233 1.06233 1.06233
 0.498481 0.802714 0.802714 0.802714 0.802714
 0.478167 0.770003 0.770003 0.770003 0.770003
 0.542633 0.873814 0.873814 0.873814 0.873814
 0.60442 0.97331 0.97331 0.97331 0.97331
 0.302565 0.487227 0.487227 0.487227 0.487227
 0.293757 0.473044 0.473044 0.473044 0.473044
 0.972498 1.56604 1.56604 1.56604 1.56604
 0.871384 1.40321 1.40321 1.40321 1.40321
nmprior
 8.19 8.8 8.5 0
nm_flota  nm_reclas  nm_pelaces    nm_pelaL
inf 22.72 3.79092 5.65416
cv_recla  cv_pelaces  cv_mph
0.371539 0.506458 0.953866
 ------------------------------------------------
Talla a la edad & desviaci?n 
 8 13.2811 15.8009 17.003 17.5766
 0.8 1.32811 1.58009 1.7003 1.75766
