    unsorted:	 2.290496392e-06 2.348466056e-06 2.247144256e-06 5.868066342e-05 5.433680174e-05 5.482193805e-05 0.0005165541568 0.001099989282 573.6208642 577.5949098 593.7432389 549.0453054 530.4814500 633.3582544 652.9932681 675.2487397 678.2636102 702.8630161 717.9813457 499.5053878 479.2721391 759.6082523 370.6410752 351.7495290 844.2194173 286.9209518 253.5164025 184.5786691 167.1619607 152.0632661 12.64595220 72.27942946 913.3301994 965.8274523 988.4402187 1100.379644 1127.633560 1222.983487 1232.743945 1293.132806 1425.128288 1559.603825 2715.326140 339730.0341 339170.3793 342434.4216 344344.6044 346635.5388 349876.4031 330787.4906 320913.4982 304115.1662 288387.6192 254230.0933 406783.2863 408659.4779 149319.4912 169103.9480 44563.73499 587122.0380 1199851.749 1265385.212 1546240.917 1600146.278 1763101.952 2037144.264 2127684.825 2354036.132 2725356.292 2968076.359 3358997.812 4225619.644 4515699.777 5069771.324 6410233.310 10420328.79 1161.755013
      sorted:	 2.247144256e-06 2.290496392e-06 2.348466056e-06 5.433680174e-05 5.482193805e-05 5.868066342e-05 0.0005165541568 0.001099989282 12.64595220 72.27942946 152.0632661 167.1619607 184.5786691 253.5164025 286.9209518 351.7495290 370.6410752 479.2721391 499.5053878 530.4814500 549.0453054 573.6208642 577.5949098 593.7432389 633.3582544 652.9932681 675.2487397 678.2636102 702.8630161 717.9813457 759.6082523 844.2194173 913.3301994 965.8274523 988.4402187 1100.379644 1127.633560 1161.755013 1222.983487 1232.743945 1293.132806 1425.128288 1559.603825 2715.326140 44563.73499 149319.4912 169103.9480 254230.0933 288387.6192 304115.1662 320913.4982 330787.4906 339170.3793 339730.0341 342434.4216 344344.6044 346635.5388 349876.4031 406783.2863 408659.4779 587122.0380 1199851.749 1265385.212 1546240.917 1600146.278 1763101.952 2037144.264 2127684.825 2354036.132 2725356.292 2968076.359 3358997.812 4225619.644 4515699.777 5069771.324 6410233.310 10420328.79
