    unsorted:	 4.228585429e-05 0.001099981153 4.469189785 8.103539830 5.352347784 15.71019472 14.94896972 50.49147227 57.18486095 88.85608603 104.6521725 128.1788139 159.7773886 217.7931755 389.7030295 307.1355710 440.2035240 495.3507621 549.3870336 586.6898412 701.2100929 799.4300504 781.1365720 817.7120804 845.4312390 895.4294248 946.8677826 1012.007248 1000.220854 1080.280570 1120.896612 1206.594083 1231.271684 1303.156625 1424.329224 1539.624051 1622.839555 1768.982201 1947.413112 2078.241620 2522.512028 2609.598399 2896.963186 19532.31569 33094.88050 157759.5524 316760.7902 297892.1939 306849.2075 331695.3636 348673.3599 345567.6912 264426.2384 223485.8683 455125.1279 529043.5894 607026.5572 756961.0567 722515.5375 773020.1772 834662.8692 968438.3780 1211933.522 1414827.485 1470714.853 1605654.443 1675462.323 1889975.297 1942968.941 2125003.642 2392906.827 2417090.125 2828676.156 2991600.014 3419067.247 3679081.975 4776528.301
      sorted:	 4.228585429e-05 0.001099981153 4.469189785 5.352347784 8.103539830 14.94896972 15.71019472 50.49147227 57.18486095 88.85608603 104.6521725 128.1788139 159.7773886 217.7931755 307.1355710 389.7030295 440.2035240 495.3507621 549.3870336 586.6898412 701.2100929 781.1365720 799.4300504 817.7120804 845.4312390 895.4294248 946.8677826 1000.220854 1012.007248 1080.280570 1120.896612 1206.594083 1231.271684 1303.156625 1424.329224 1539.624051 1622.839555 1768.982201 1947.413112 2078.241620 2522.512028 2609.598399 2896.963186 19532.31569 33094.88050 157759.5524 223485.8683 264426.2384 297892.1939 306849.2075 316760.7902 331695.3636 345567.6912 348673.3599 455125.1279 529043.5894 607026.5572 722515.5375 756961.0567 773020.1772 834662.8692 968438.3780 1211933.522 1414827.485 1470714.853 1605654.443 1675462.323 1889975.297 1942968.941 2125003.642 2392906.827 2417090.125 2828676.156 2991600.014 3419067.247 3679081.975 4776528.301
