years
 1991 1992 1993 1994 1995 1996 1997 1998 1999 2000 2001 2002 2003 2004 2005 2006 2007 2008 2009 2010 2011 2012 2013 2014 2015 2016 2017 2018 2019 2020 2021
reclasobs
 0 0 0 0 0 0 0 0 0 252601 567819 844713 477998 351125 339783 2.1784e+06 2.13404e+06 4.81314e+06 1.55562e+06 2.62356e+06 3.21686e+06 3.843e+06 1.13348e+06 3.07943e+06 1.97215e+06 2.03268e+06 2.025e+06 2.42433e+06 2.27542e+06 1.05018e+06 2.36338e+06
reclaspred
 3.3978e+06 1.93667e+06 987376 1.05716e+06 1.10082e+06 1.68582e+06 1.14766e+06 1.03108e+06 745097 542019 544265 663617 657336 533148 540570 1.23554e+06 1.24805e+06 2.65559e+06 2.20704e+06 1.65953e+06 2.93411e+06 2.38956e+06 1.94753e+06 2.98796e+06 2.25604e+06 2.00541e+06 2.32913e+06 2.42372e+06 2.02275e+06 1.32463e+06 1.94846e+06
pelacesobs
 0 0 0 0 0 0 0 0 0 0 0 0 0 0 0 552880 188675 0 991730 2.46772e+06 1.41603e+06 1.21717e+06 2.29649e+06 1.80582e+06 0 1.4828e+06 1.56532e+06 1.57751e+06 1.42118e+06 867257 1.10002e+06
pelacespred
 2.2142e+06 1.41525e+06 729433 613349 660698 1.02744e+06 707219 727948 528258 367315 367048 375964 405578 350211 356823 660113 700886 1.61701e+06 1.45294e+06 1.02593e+06 1.68745e+06 1.53517e+06 1.26058e+06 2.02108e+06 1.53743e+06 1.35352e+06 1.73348e+06 1.78741e+06 1.28482e+06 946531 1.3114e+06
mphobs
 0 0 0 0 0 0 0 0 0 0 0 498337 0 5186 125008 0 168611 109162 213762 579715 649985 157893 87575 83554 0 0 0 0 0 0 0
mphpred
 512055 344521 175683 96178.8 116353 134334 175767 120491 104108 72928.7 47974.9 63544.8 67304.7 58455.6 42311.2 52246.7 142712 142901 263130 203055 218165 268060 255747 216044 298818 246914 204733 213791 290982 203340 133157
desembarqueobs
 494567 514787 250237 358949 120608 361735 552515 73892 212993 205616 52469 317467 293654 387597 252695 516296 358380 742168 942051 627588 828172 859565 418607 520667 417249 300574 407403 355545 319650 289779 391294
desembarquepred
 494574 513129 251136 358969 120612 361750 552577 73895.3 213036 205658 52471.3 317538 293714 387665 252703 516292 358409 742104 941946 627513 828258 859629 418626 520694 417257 300582 407412 355541 319652 289794 391302
Reclutas
 230704 132643 131209 265626 212883 337649 142648 68071.3 59870.3 76093.5 134608 171831 145524 102702 105001 514626 127244 793214 471106 358812 536478 722615 161018 463359 388463 177939 384046 424936 135942 101603 370058
log_desv_Rt
 0.0741919 -0.479281 -0.49015 0.215145 -0.0062004 0.455062 -0.406568 -1.14639 -1.27476 -1.03498 -0.464576 -0.220435 -0.386602 -0.735109 -0.712979 0.876496 -0.520835 1.30915 0.788138 0.515853 0.918082 1.21593 -0.285426 0.771558 0.595254 -0.185504 0.583819 0.684994 -0.454718 -0.74587 0.546716
SSB
 4.20909e+06 2.83196e+06 1.44411e+06 790589 956419 1.10423e+06 1.44481e+06 990433 855765 599474 394353 522338 553245 480504 347798 429468 1.17309e+06 1.17464e+06 2.16293e+06 1.66911e+06 1.79332e+06 2.20345e+06 2.10224e+06 1.77588e+06 2.45628e+06 2.02963e+06 1.6829e+06 1.75736e+06 2.39187e+06 1.67145e+06 1.09455e+06
BT
 5.57339e+06 3.80579e+06 1.95276e+06 1.78816e+06 1.66873e+06 2.81422e+06 2.15816e+06 1.80485e+06 1.4682e+06 1.07642e+06 939213 1.17987e+06 1.25053e+06 1.2588e+06 1.13452e+06 2.0737e+06 1.94336e+06 4.67717e+06 4.40663e+06 3.01328e+06 4.80287e+06 4.5011e+06 3.34817e+06 5.4635e+06 4.03134e+06 3.49015e+06 4.66577e+06 4.73298e+06 3.26415e+06 2.5077e+06 3.60985e+06
Ftot
 0.10077 0.181262 0.175099 0.24413 0.078328 0.155975 0.329499 0.0509043 0.201404 0.265357 0.0712534 0.339548 0.316674 0.50952 0.340738 0.312428 0.201137 0.207514 0.3012 0.267852 0.203516 0.257561 0.150122 0.128499 0.13125 0.105963 0.128264 0.108418 0.109115 0.152287 0.149168
BD_Bspro_t
 0.984006 0.880712 0.751622 0.676685 0.686695 0.752153 0.74489 0.621418 0.669409 0.634783 0.603221 0.744676 0.636348 0.555209 0.459876 0.512402 0.643515 0.631413 0.705443 0.618771 0.591881 0.637546 0.653006 0.651628 0.746241 0.753961 0.761815 0.790963 0.827408 0.772659 0.719501
BD_Bspro
 2.74899 1.84958 0.943161 0.516341 0.624645 0.72118 0.943616 0.64686 0.558908 0.391522 0.257555 0.341143 0.361329 0.313822 0.22715 0.280489 0.766154 0.767169 1.41263 1.09011 1.17123 1.43909 1.37299 1.15985 1.60422 1.32557 1.09912 1.14775 1.56215 1.09164 0.714858
BD_Bo
 1.89955 1.27805 0.651722 0.35679 0.431628 0.498333 0.652036 0.446979 0.386204 0.27054 0.17797 0.235729 0.249677 0.21685 0.15696 0.193817 0.52941 0.530112 0.976122 0.753265 0.809317 0.994409 0.948733 0.80145 1.10851 0.915964 0.759488 0.793092 1.07944 0.75432 0.493965
BD_Brms
 12.7567 8.58297 4.37675 2.39608 2.89867 3.34664 4.37886 3.00176 2.59362 1.81686 1.19519 1.58308 1.67675 1.45629 1.05409 1.30161 3.55534 3.56005 6.55531 5.05867 5.4351 6.67812 6.37137 5.38227 7.44439 6.15131 5.10046 5.32614 7.24918 5.06576 3.31731
Sel_flota
 0.859866 1 1 1 1
 0.859866 1 1 1 1
 0.859866 1 1 1 1
 0.859866 1 1 1 1
 0.859866 1 1 1 1
 0.859866 1 1 1 1
 0.859866 1 1 1 1
 0.859866 1 1 1 1
 0.859866 1 1 1 1
 0.859866 1 1 1 1
 0.859866 1 1 1 1
 0.859866 1 1 1 1
 0.859866 1 1 1 1
 0.859866 1 1 1 1
 0.859866 1 1 1 1
 0.859866 1 1 1 1
 0.859866 1 1 1 1
 0.859866 1 1 1 1
 0.859866 1 1 1 1
 0.859866 1 1 1 1
 0.859866 1 1 1 1
 0.859866 1 1 1 1
 0.859866 1 1 1 1
 0.859866 1 1 1 1
 0.859866 1 1 1 1
 0.859866 1 1 1 1
 0.859866 1 1 1 1
 0.859866 1 1 1 1
 0.859866 1 1 1 1
 0.859866 1 1 1 1
 0.859866 1 1 1 1
Sel_reclas
 1 1 1 1 1
 1 1 1 1 1
 1 1 1 1 1
 1 1 1 1 1
 1 1 1 1 1
 1 1 1 1 1
 1 1 1 1 1
 1 1 1 1 1
 1 1 1 1 1
 1 1 1 1 1
 1 1 1 1 1
 1 1 1 1 1
 1 1 1 1 1
 1 1 1 1 1
 1 1 1 1 1
 1 1 1 1 1
 1 1 1 1 1
 1 1 1 1 1
 1 1 1 1 1
 1 1 1 1 1
 1 1 1 1 1
 1 1 1 1 1
 1 1 1 1 1
 1 1 1 1 1
 1 1 1 1 1
 1 1 1 1 1
 1 1 1 1 1
 1 1 1 1 1
 1 1 1 1 1
 1 1 1 1 1
 1 1 1 1 1
Sel_pelaces
 0.894555 1 1 1 1
 0.894555 1 1 1 1
 0.894555 1 1 1 1
 0.894555 1 1 1 1
 0.894555 1 1 1 1
 0.894555 1 1 1 1
 0.894555 1 1 1 1
 0.894555 1 1 1 1
 0.894555 1 1 1 1
 0.894555 1 1 1 1
 0.894555 1 1 1 1
 0.894555 1 1 1 1
 0.894555 1 1 1 1
 0.894555 1 1 1 1
 0.894555 1 1 1 1
 0.894555 1 1 1 1
 0.894555 1 1 1 1
 0.894555 1 1 1 1
 0.894555 1 1 1 1
 0.894555 1 1 1 1
 0.894555 1 1 1 1
 0.894555 1 1 1 1
 0.894555 1 1 1 1
 0.894555 1 1 1 1
 0.894555 1 1 1 1
 0.894555 1 1 1 1
 0.894555 1 1 1 1
 0.894555 1 1 1 1
 0.894555 1 1 1 1
 0.894555 1 1 1 1
 0.894555 1 1 1 1
pf_obs 
 0.8446 0.082 0.0669 0.0065 0
 0.8095 0.147 0.0364 0.0071 0
 0.9664 0.0169 0.016 0.0007 0
 0.9276 0.0648 0.0075 0.0001 0
 0.7033 0.2144 0.0806 0.0017 0
 0.9318 0.0425 0.0243 0.0014 0
 0.5671 0.3108 0.0964 0.0239 0.0018
 0.0768 0.2599 0.5324 0.112 0.0189
 0.490249 0.384438 0.106611 0.0170017 0.00170017
 0.7925 0.1577 0.0466 0.003 0.0002
 0.840416 0.127587 0.0312969 0.00059994 9.999e-05
 0.8084 0.0986 0.0794 0.0134 0.0002
 0.7335 0.1905 0.0724 0.0035 0.0001
 0.4001 0.4547 0.1325 0.0127 0
 0.49795 0.308269 0.164784 0.0264974 0.00249975
 0.9179 0.0499 0.0305 0.0017 0
 0.2467 0.6533 0.0926 0.0074 0
 0.9418 0.0223 0.034 0.0019 0
 0.707729 0.231977 0.0356964 0.0245975 0
 0.517169 0.277429 0.184464 0.0207286 0.00020938
 0.811772 0.124168 0.05621 0.00726502 0.000585176
 0.764997 0.148141 0.077277 0.00933861 0.000247198
 0.163321 0.427699 0.378323 0.0303852 0.000271297
 0.753843 0.0900009 0.118128 0.0371064 0.000921714
 0.721811 0.176058 0.0630433 0.0369309 0.00215725
 0.143369 0.312575 0.442814 0.0836902 0.0175525
 0.692698 0.0596174 0.167031 0.0765114 0.00414204
 0.394062 0.376323 0.152708 0.0712218 0.00568511
 0.125707 0.32114 0.495352 0.0537591 0.00404204
 0.23352 0.215282 0.420074 0.123614 0.00750983
 0.774587 0.0839891 0.0768558 0.0609784 0.00358967
pf_pred 
 0.436073 0.110344 0.430375 0.0232068 7.61875e-07
 0.413196 0.279064 0.0602159 0.234859 0.0126646
 0.55335 0.202762 0.115985 0.0250269 0.102876
 0.768061 0.13773 0.0427671 0.0244638 0.0269776
 0.649188 0.279668 0.0422471 0.0131183 0.015779
 0.732421 0.183064 0.0673757 0.0101779 0.00696173
 0.467449 0.4065 0.0862381 0.0317395 0.00807417
 0.432004 0.290893 0.211514 0.0448724 0.0207163
 0.505409 0.232658 0.134146 0.0975406 0.0302464
 0.662378 0.184754 0.0719094 0.0414617 0.0394962
 0.784998 0.150499 0.0352975 0.0137383 0.0154671
 0.723678 0.2239 0.0366948 0.00860623 0.00712087
 0.671613 0.24897 0.0643503 0.0105463 0.00452008
 0.612291 0.275108 0.0853695 0.0220651 0.00516613
 0.712737 0.18887 0.0698165 0.0216649 0.0069107
 0.921189 0.0589607 0.0130511 0.00482438 0.0019746
 0.41642 0.544566 0.0291876 0.00646074 0.00336573
 0.88915 0.0507339 0.0560975 0.00300671 0.00101226
 0.604201 0.358075 0.0172658 0.0190912 0.00136774
 0.601809 0.257046 0.127692 0.00615711 0.00729579
 0.740928 0.166474 0.0597755 0.0296946 0.00312845
 0.745985 0.196061 0.0372393 0.0133714 0.00734233
 0.337548 0.514921 0.113872 0.0216285 0.0120305
 0.743005 0.0963757 0.124849 0.0276097 0.00816104
 0.630131 0.285775 0.031536 0.0408531 0.0117049
 0.445775 0.369667 0.142597 0.0157359 0.0262255
 0.729922 0.131123 0.0926831 0.035752 0.0105206
 0.688483 0.236932 0.036211 0.0255954 0.0127787
 0.373478 0.452169 0.132608 0.0202668 0.0214775
 0.443417 0.229094 0.236354 0.0693157 0.0218202
 0.825717 0.0843681 0.0370095 0.0381823 0.0147228
pobs_RECLAS
 0 0 0 0 0
 0 0 0 0 0
 0 0 0 0 0
 0 0 0 0 0
 0 0 0 0 0
 0 0 0 0 0
 0 0 0 0 0
 0 0 0 0 0
 0 0 0 0 0
 0 0 0 0 0
 0.991045 0.00858322 0.000360255 1.14367e-05 0
 0.934742 0.0480273 0.0164251 0.00080598 0
 0.827803 0.169806 0.00239088 0 0
 0.941827 0.0461693 0.0120037 0 0
 0.791401 0.0380133 0.147996 0.0225897 0
 0.846168 0.0940531 0.0597789 0 0
 0.134021 0.677848 0.182769 0.00536245 0
 0.80878 0.0450904 0.141981 0.00414843 0
 0.846168 0.0940531 0.0597789 0 0
 0.905697 0.0802665 0.012482 0.00150086 5.37128e-05
 0.989698 0.0102097 9.19794e-05 0 0
 0.975433 0.0193895 0.00387452 0.00125025 5.28907e-05
 0.303575 0.632131 0.0575291 0.00676475 0
 0.966965 0.00978017 0.0227588 0.000495775 0
 0.843318 0.132988 0.00938335 0.0141283 0.000182051
 0.564624 0.303363 0.111486 0.0197234 0.00080311
 0.826376 0.0876187 0.0782897 0.00655872 0.00115652
 0.89761 0.0855135 0.0140674 0.00269457 0.000114338
 0.34875 0.467042 0.161289 0.0227151 0.000203297
 0.318654 0.224769 0.449479 0.00709798 0
 0.937255 0.0296025 0.0250945 0.00804832 0
ppred_RECLAS
 0.473806 0.102961 0.401578 0.021654 7.10898e-07
 0.450816 0.261173 0.0563554 0.219802 0.0118526
 0.59086 0.185734 0.106244 0.0229252 0.0942364
 0.794422 0.122077 0.0379065 0.0216834 0.0239115
 0.682961 0.252744 0.0381799 0.0118554 0.0142599
 0.761326 0.163289 0.0600976 0.00907844 0.0062097
 0.506369 0.376791 0.0799355 0.0294199 0.00748409
 0.469516 0.271682 0.197546 0.0419089 0.0193482
 0.543724 0.214634 0.123754 0.0899843 0.0279033
 0.696071 0.166317 0.0647333 0.0373241 0.0355547
 0.809518 0.133336 0.0312719 0.0121715 0.0137031
 0.753772 0.199515 0.0326984 0.00766894 0.00634535
 0.70498 0.223672 0.0578117 0.00947474 0.0040608
 0.649399 0.248777 0.0771987 0.0199532 0.00467167
 0.743605 0.168576 0.0623145 0.019337 0.00616813
 0.931768 0.0510461 0.0112992 0.00417678 0.00170954
 0.454183 0.509328 0.0272989 0.00604267 0.00314793
 0.903426 0.0441998 0.0488726 0.00261947 0.000881887
 0.64069 0.325063 0.015674 0.0173311 0.00124164
 0.638255 0.233519 0.116005 0.00559357 0.00662803
 0.769331 0.148223 0.0532221 0.0264391 0.00278547
 0.774156 0.174318 0.0331094 0.0118885 0.00652805
 0.372547 0.487716 0.107856 0.0204858 0.0113949
 0.771053 0.0858571 0.111223 0.0245963 0.00727034
 0.664952 0.258871 0.0285671 0.037007 0.0106029
 0.483644 0.344408 0.132853 0.0146607 0.0244335
 0.758934 0.117037 0.0827267 0.0319114 0.00939043
 0.720185 0.21282 0.0325258 0.0229906 0.0114782
 0.409757 0.425986 0.124929 0.0190933 0.0202339
 0.481423 0.21345 0.220214 0.0645824 0.0203302
 0.846641 0.0742392 0.0325663 0.0335983 0.0129552
pobs_PELACES
 0 0 0 0 0
 0 0 0 0 0
 0 0 0 0 0
 0 0 0 0 0
 0 0 0 0 0
 0 0 0 0 0
 0 0 0 0 0
 0 0 0 0 0
 0 0 0 0 0
 0 0 0 0 0
 0 0 0 0 0
 0 0 0 0 0
 0 0 0 0 0
 0 0 0 0 0
 0 0 0 0 0
 0 0 0 0 0
 0.505614 0.472636 0.0217494 0 0
 0 0 0 0 0
 0.443492 0.261883 0.143347 0.151278 0
 0.227955 0.32914 0.350689 0.0885471 0.00366901
 0.970185 0.0296113 0.000203453 0 0
 0.997202 0.00247181 0.000326279 0 0
 0.445219 0.490057 0.0546422 0.010081 0
 0.90214 0.0892962 0.00764917 0.000914606 0
 0 0 0 0 0
 0.581667 0.319106 0.0959925 0.00289975 0.000334073
 0.762889 0.0836404 0.116647 0.0363945 0.000428098
 0.88444 0.0763242 0.0277011 0.0115352 0
 0.521256 0.241999 0.230069 0.00667565 0
 0.616807 0.101726 0.260614 0.0208532 0
 0.833518 0.0704572 0.0857862 0.0102388 0
ppred_PELACES
 0.447286 0.10815 0.421818 0.0227453 7.46727e-07
 0.425455 0.273234 0.0589579 0.229953 0.0124
 0.565666 0.197172 0.112787 0.0243369 0.100039
 0.777585 0.132075 0.041011 0.0234592 0.0258698
 0.659172 0.271708 0.0410447 0.0127449 0.0153299
 0.741877 0.176595 0.0649948 0.00981821 0.00671572
 0.482329 0.395141 0.0838284 0.0308526 0.00784856
 0.442465 0.285535 0.207619 0.0440459 0.0203348
 0.518299 0.226594 0.13065 0.0949985 0.0294582
 0.674695 0.178014 0.069286 0.0399491 0.0380553
 0.792284 0.145399 0.0341013 0.0132728 0.0149429
 0.735577 0.214258 0.0351147 0.00823563 0.00681423
 0.68446 0.23923 0.0618329 0.0101338 0.00434325
 0.629141 0.263152 0.0816593 0.0211062 0.00494161
 0.724944 0.180845 0.0668499 0.0207444 0.00661706
 0.925339 0.0558564 0.012364 0.00457038 0.00187064
 0.429005 0.532822 0.0285581 0.00632141 0.00329314
 0.894169 0.0484365 0.0535572 0.00287055 0.000966418
 0.617951 0.345635 0.016666 0.0184279 0.00132022
 0.615089 0.248473 0.123434 0.00595177 0.00705248
 0.750732 0.160174 0.0575134 0.0285708 0.00301006
 0.756284 0.188113 0.0357295 0.0128293 0.00704466
 0.348466 0.506435 0.111995 0.021272 0.0118322
 0.751902 0.0930391 0.120527 0.0266538 0.0078785
 0.641086 0.277311 0.0306019 0.039643 0.0113582
 0.457112 0.362105 0.13968 0.015414 0.025689
 0.73911 0.126662 0.0895298 0.0345356 0.0101627
 0.698247 0.229505 0.0350759 0.0247931 0.0123781
 0.384296 0.444362 0.130318 0.0199169 0.0211067
 0.455437 0.224146 0.231249 0.0678187 0.021349
 0.832572 0.0810499 0.035554 0.0366806 0.0141437
pobs_pel_tallas
 0 0 0 0 0 0 0 0 0 0 0 0 0 0 0 0 0 0 0 0 0 0 0 0 0 0
 0 0 0 0 0 0 0 0 0 0 0 0 0 0 0 0 0 0 0 0 0 0 0 0 0 0
 0 0 0 0 0 0 0 0 0 0 0 0 0 0 0 0 0 0 0 0 0 0 0 0 0 0
 0 0 0 0 0 0 0 0 0 0 0 0 0 0 0 0 0 0 0 0 0 0 0 0 0 0
 0 0 0 0 0 0 0 0 0 0 0 0 0 0 0 0 0 0 0 0 0 0 0 0 0 0
 0 0 0 0 0 0 0 0 0 0 0 0 0 0 0 0 0 0 0 0 0 0 0 0 0 0
 0 0 0 0 0 0 0 0 0 0 0 0 0 0 0 0 0 0 0 0 0 0 0 0 0 0
 0 0 0 0 0 0 0 0 0 0 0 0 0 0 0 0 0 0 0 0 0 0 0 0 0 0
 0 0 0 0 0 0 0 0 0 0 0 0 0 0 0 0 0 0 0 0 0 0 0 0 0 0
 0 0 0 0 0 0 0 0 0 0 0 0 0 0 0 0 0 0 0 0 0 0 0 0 0 0
 0 0 0 0 0 0 0 0 0 0 0 0 0 0 0 0 0 0 0 0 0 0 0 0 0 0
 0 0 0 0 0 0 0 0 0 0 0 0 0 0 0 0 0 0 0 0 0 0 0 0 0 0
 0.00862536 0 0 0.000197151 0.00414017 0.0128641 0.00837892 0.0270097 0.101434 0.158115 0.152841 0.127902 0.109271 0.109419 0.0830992 0.0579132 0.0238553 0.00714673 0.00463305 0.00128148 0.00103504 0.000492878 0.000147863 0.000147863 4.92878e-05 0
 0 0 0 0 0 0 0 0 0 0 0 0 0 0 0 0 0 0 0 0 0 0 0 0 0 0
 0 0 0 0 0 0 0 0.0054083 0.00873648 0.0413646 0.0450493 0.0745869 0.0622846 0.0627006 0.0613931 0.0827291 0.12552 0.122667 0.0946155 0.0697135 0.0546179 0.0294188 0.0215738 0.0213955 0.0102223 0.00600262
 0 0 0 0 0.00359764 0.0251062 0.0480494 0.140153 0.205849 0.193036 0.1447 0.116669 0.0760912 0.0342217 0.00950174 0.001854 0.000860785 0 0 0 0.000165536 0 0.000143464 0 0 0
 0 0 0 0 0 0 0 0.000145254 0.000435761 0.0275982 0.070085 0.0708112 0.156366 0.174668 0.174014 0.160142 0.0824315 0.0480064 0.0283245 0.00493863 0.00203355 0 0 0 0 0
 0 0 0 0 0 0 0 0 0 0 0 0 0 0 0 0 0 0 0 0 0 0 0 0 0 0
 0 0 1.00437e-05 0.000401748 0.00122533 0.00171747 0.00176769 0.0269171 0.070346 0.194647 0.189555 0.159765 0.064822 0.0314167 0.0384472 0.0292271 0.0345202 0.0313363 0.0194345 0.0106764 0.0143323 0.0359363 0.0279516 0.0138201 0.00172751 0
 0 0.0021121 0.0136068 0.0755702 0.200478 0.177729 0.0527432 0.0373336 0.0318909 0.0142505 0.0149659 0.0166563 0.0217959 0.0798694 0.0677717 0.0528807 0.04013 0.0224614 0.0357745 0.0225083 0.00881397 0.00855152 0.00135912 0.000746735 0 0
 0 0 0 0 5.4009e-05 0.00500934 0.000945158 0.0243581 0.138947 0.33067 0.221406 0.137944 0.0707744 0.0437923 0.0131692 0.00525238 0.0047753 0.00276346 9.45158e-05 9.00151e-06 2.25038e-05 9.00151e-06 4.50075e-06 0 0 0
 0.000866109 0.00284123 0.00948549 0.0512746 0.133035 0.25785 0.225252 0.132002 0.0553304 0.0519788 0.0540692 0.017754 0.00435017 0.00159236 0.00146478 0.000404838 0.000125132 0.000115318 0.000107957 0.000100596 0 0 0 0 0 0
 0 0 0 0 0.00144013 0.00171154 0.00461396 0.0210425 0.0478622 0.0707936 0.0888783 0.103762 0.0637923 0.0337046 0.0602308 0.124433 0.169614 0.0934646 0.0462172 0.0250306 0.0313229 0.00938855 0.002487 0.000210481 0 0
 0 0.00764035 0.051015 0.0998891 0.058973 0.0496711 0.0374665 0.0718981 0.12319 0.153886 0.159021 0.0857701 0.0377988 0.023471 0.0147837 0.00900784 0.00315554 0.000888139 0.00291439 0.00214683 0.00393193 0.00274676 0.000635225 9.99891e-05 0 0
 0 0 0 0 0 0 0 0 0 0 0 0 0 0 0 0 0 0 0 0 0 0 0 0 0 0
 0 0 0 0 0 0 0 0 0 0 0 0 0 0 0 0 0 0 0 0 0 0 0 0 0 0
 0 0 0 0 0 0 0 0 0 0 0 0 0 0 0 0 0 0 0 0 0 0 0 0 0 0
 0 0 0 0 0 0 0 0 0 0 0 0 0 0 0 0 0 0 0 0 0 0 0 0 0 0
 0 0 0 0 0 0 0 0 0 0 0 0 0 0 0 0 0 0 0 0 0 0 0 0 0 0
 0 0 0 0 0 0 0 0 0 0 0 0 0 0 0 0 0 0 0 0 0 0 0 0 0 0
 0 0 0 0 0 0 0 0 0 0 0 0 0 0 0 0 0 0 0 0 0 0 0 0 0 0
ppred_pel_tallas
 1.14482e-16 3.68424e-05 0.000358121 0.00237984 0.0108184 0.0336602 0.071717 0.104675 0.104686 0.0717713 0.0338444 0.0113587 0.00376631 0.00348517 0.00626916 0.0110693 0.0177148 0.0259572 0.0354258 0.0457256 0.0562766 0.0659488 0.0729432 0.0752996 0.0718506 0.0629614
 1.26931e-16 3.50442e-05 0.000340642 0.00226369 0.0102904 0.0320175 0.0682176 0.0995711 0.0995975 0.0683469 0.0324519 0.011547 0.00542459 0.00726426 0.013257 0.022065 0.0322979 0.0417967 0.0484929 0.0517078 0.0526562 0.0535819 0.0561437 0.0602846 0.0643254 0.0660227
 1.22676e-16 4.65932e-05 0.000452902 0.0030097 0.0136817 0.0425688 0.090698 0.13238 0.1324 0.0907917 0.0428839 0.0145939 0.00530748 0.00549607 0.00970565 0.0161893 0.0238417 0.0311241 0.0365346 0.0394963 0.0407153 0.0416154 0.0432876 0.0457809 0.0481772 0.0492212
 1.07948e-16 6.40487e-05 0.000622576 0.00413724 0.0188073 0.0585165 0.124676 0.181971 0.181984 0.124739 0.0587263 0.019414 0.00566252 0.00396052 0.00642825 0.010593 0.0154168 0.0197464 0.0224673 0.0231121 0.0221441 0.0206157 0.0194693 0.0190265 0.0189753 0.0187248
 1.05127e-16 5.42952e-05 0.000527769 0.00350721 0.0159433 0.0496056 0.105691 0.154265 0.154291 0.105819 0.0500354 0.0171849 0.00662427 0.00733393 0.0129853 0.0213951 0.0308496 0.0388727 0.0429834 0.0420556 0.0369919 0.0301033 0.0237064 0.0190289 0.0160555 0.0140907
 1.04042e-16 6.11074e-05 0.000593986 0.00394725 0.0179436 0.0558294 0.118951 0.173616 0.173633 0.119035 0.05611 0.0187549 0.00598677 0.00505659 0.00856667 0.0141448 0.020555 0.0262351 0.0296247 0.0299904 0.0278234 0.0244268 0.0210498 0.0182678 0.0159794 0.0138178
 1.06943e-16 3.97289e-05 0.000386179 0.0025663 0.011666 0.0362976 0.0773372 0.112884 0.112922 0.0775236 0.0369235 0.0134745 0.00710835 0.01031 0.0189118 0.0312685 0.0451972 0.0571728 0.0636237 0.0629075 0.0562643 0.0469075 0.0380163 0.0312113 0.0264074 0.0226726
 1.13923e-16 3.64453e-05 0.000354262 0.00235419 0.0107018 0.0332975 0.070945 0.103552 0.10358 0.0710809 0.0337548 0.0120261 0.00569156 0.00768413 0.0140877 0.0235745 0.0347593 0.0453983 0.0531912 0.0570412 0.0575711 0.0563915 0.054773 0.0528624 0.049952 0.045339
 1.18341e-16 4.26917e-05 0.000414978 0.00275768 0.012536 0.0390043 0.0831036 0.121297 0.121319 0.0832114 0.0393666 0.0135849 0.00540029 0.00621628 0.0111574 0.0186372 0.0274654 0.0358823 0.0421455 0.0455395 0.0467702 0.0473161 0.0482566 0.0495354 0.0501422 0.0488978
 1.12492e-16 5.55738e-05 0.000540197 0.0035898 0.0163187 0.0507737 0.108179 0.157895 0.157912 0.108264 0.051057 0.0171383 0.00565156 0.00505638 0.00867872 0.0143837 0.0210151 0.0270823 0.0311269 0.0325445 0.0319486 0.0306935 0.0299352 0.0299699 0.0302567 0.0299341
 1.04882e-16 6.52594e-05 0.000634345 0.00421544 0.0191628 0.0596227 0.127033 0.185411 0.185425 0.127102 0.0598532 0.0198289 0.00588877 0.00429189 0.00702562 0.0115492 0.016722 0.0212277 0.0237774 0.0237984 0.0217725 0.0188881 0.016288 0.014502 0.0133977 0.0125173
 1.03048e-16 6.05886e-05 0.000588942 0.00391373 0.0177913 0.0553553 0.117941 0.172143 0.172164 0.118042 0.0556943 0.0187705 0.00637224 0.0059574 0.0102607 0.0168791 0.0243376 0.0306665 0.0339002 0.0331348 0.0290598 0.0234735 0.0181897 0.0141867 0.0114928 0.00962445
 1.03597e-16 5.63781e-05 0.000548015 0.00364175 0.0165549 0.0515086 0.109745 0.160181 0.160204 0.109858 0.0518878 0.0176508 0.00639478 0.00656498 0.0115045 0.0189841 0.0274679 0.0348042 0.0388284 0.0385277 0.034612 0.0289695 0.0234738 0.0190897 0.0158036 0.0131374
 1.05377e-16 5.18216e-05 0.000503724 0.00334742 0.0152169 0.0473456 0.100876 0.147237 0.147262 0.101 0.0477633 0.0164242 0.00638153 0.00713914 0.0126888 0.0209872 0.0304439 0.0387381 0.0435281 0.0437225 0.0400867 0.0346303 0.0292985 0.0250175 0.0216602 0.0186501
 1.05176e-16 5.97127e-05 0.000580429 0.00385715 0.0175341 0.0545551 0.116236 0.169654 0.169671 0.116322 0.0548425 0.0183652 0.00594685 0.00515374 0.00877916 0.0145084 0.0211045 0.0269842 0.0305696 0.0311319 0.02919 0.0260775 0.0230442 0.0206195 0.0186201 0.0165942
 1.01147e-16 7.62189e-05 0.000740875 0.00492338 0.022381 0.0696355 0.148366 0.216546 0.216551 0.148392 0.069724 0.0226367 0.00556568 0.0021444 0.00274584 0.00442964 0.00639947 0.00810263 0.0090324 0.00895859 0.00805753 0.00678229 0.0055783 0.00466817 0.004032 0.0035307
 1.02152e-16 3.53367e-05 0.000343485 0.00228258 0.0103763 0.0322849 0.0687883 0.100409 0.10046 0.0690388 0.0331258 0.0128043 0.00837347 0.0136275 0.0252277 0.0415547 0.0596328 0.0745165 0.0811889 0.0773378 0.0647581 0.0481921 0.0325745 0.0208017 0.0132942 0.00897044
 1.0201e-16 7.36516e-05 0.000715919 0.00475754 0.0216271 0.0672899 0.143368 0.209251 0.209256 0.143392 0.067368 0.0218536 0.00532964 0.00197631 0.00250093 0.00410527 0.00610924 0.00810276 0.00970568 0.0107177 0.0111877 0.0112917 0.0111361 0.0106715 0.0097805 0.00843215
 1.02641e-16 5.08999e-05 0.000494765 0.00328789 0.0149463 0.0465036 0.0990822 0.14462 0.144654 0.0992447 0.0470492 0.0165215 0.0072396 0.00911399 0.0163989 0.0269747 0.0387252 0.0484348 0.0528699 0.0505589 0.0426919 0.0323539 0.022722 0.0156091 0.0111903 0.00866216
 1.05416e-16 5.06641e-05 0.000492473 0.00327266 0.0148771 0.0462882 0.0986227 0.143948 0.143972 0.0987405 0.0466839 0.0160219 0.00615286 0.00680149 0.0120955 0.0200795 0.0292991 0.0376296 0.0429057 0.0440761 0.0417376 0.0375581 0.0331042 0.0290493 0.0252412 0.0213
 1.05076e-16 6.18368e-05 0.000601076 0.00399436 0.0181578 0.0564957 0.120371 0.175688 0.175703 0.120446 0.0567503 0.018894 0.00584539 0.00465233 0.00778686 0.0128574 0.01871 0.023943 0.0271698 0.0277598 0.0261864 0.0236345 0.0211965 0.0193037 0.0177397 0.0160514
 1.03558e-16 6.22941e-05 0.000605521 0.0040239 0.0182921 0.0569136 0.121261 0.176988 0.177006 0.12135 0.0572114 0.0191526 0.00618473 0.00532565 0.0090357 0.0148634 0.0214631 0.0271157 0.0301141 0.0296795 0.0264173 0.0218843 0.0176262 0.014439 0.0122858 0.0106999
 1.07498e-16 2.87028e-05 0.000279001 0.00185406 0.00842833 0.0262239 0.0558746 0.0815609 0.0816098 0.0561135 0.0270261 0.0107462 0.00767543 0.0129976 0.0242146 0.0400671 0.0579047 0.0732133 0.0813922 0.0803021 0.0714963 0.0590723 0.0471212 0.0377889 0.0310805 0.0259287
 1.07509e-16 6.19332e-05 0.000602013 0.00400059 0.0181861 0.0565837 0.120558 0.17596 0.175969 0.120603 0.0567345 0.0186239 0.00510808 0.00304807 0.00479091 0.00804102 0.0120898 0.0162794 0.0199596 0.0228058 0.0249198 0.0265637 0.0277709 0.0282086 0.027406 0.0251261
 1.06852e-16 5.28055e-05 0.000513288 0.00341098 0.0155058 0.0482446 0.102791 0.150032 0.150059 0.102922 0.0486831 0.0167725 0.00659054 0.0074551 0.0132397 0.0218148 0.0314514 0.0396346 0.0438583 0.0430188 0.0380971 0.0315022 0.0256055 0.021592 0.019303 0.0178499
 1.10017e-16 3.76518e-05 0.000365989 0.00243213 0.0110561 0.0343999 0.0732939 0.106982 0.107017 0.0734652 0.0349755 0.0127204 0.00661664 0.00952374 0.0174972 0.0290433 0.0422474 0.0539945 0.0611108 0.0621105 0.0580075 0.0514633 0.0450084 0.0397747 0.0354959 0.0313607
 1.078e-16 6.08796e-05 0.000591771 0.00393253 0.0178767 0.0556211 0.118507 0.172967 0.17298 0.118567 0.055824 0.0184643 0.0054135 0.00384509 0.00629965 0.0104769 0.0154613 0.0202383 0.0238108 0.0257263 0.0262943 0.0262456 0.0261224 0.0259184 0.0252062 0.0235486
 1.05653e-16 5.75138e-05 0.000559054 0.00371511 0.0168884 0.0525461 0.111956 0.163408 0.16343 0.112064 0.0529093 0.0179376 0.00634944 0.00631235 0.010992 0.0181033 0.0261293 0.0329881 0.0366089 0.036069 0.0321515 0.026806 0.021951 0.0185455 0.0164735 0.0150497
 1.09444e-16 3.16541e-05 0.000307689 0.0020447 0.00929495 0.0289203 0.0616193 0.0899441 0.0899871 0.0618291 0.0296252 0.0113325 0.00716467 0.0115023 0.0213443 0.0353726 0.051272 0.0651474 0.0730291 0.0730693 0.0665843 0.057028 0.0477748 0.0404804 0.0349861 0.0303081
 1.17145e-16 3.75138e-05 0.000364647 0.00242321 0.0110156 0.0342736 0.0730244 0.106586 0.106608 0.0731318 0.0346351 0.0120638 0.00507076 0.00619868 0.0112778 0.0190068 0.0283682 0.0377665 0.0455665 0.0509947 0.0544475 0.056858 0.0586879 0.0594534 0.058134 0.0540059
 1.07119e-16 6.85778e-05 0.000666601 0.0044298 0.0201372 0.0626544 0.133492 0.194837 0.194845 0.133531 0.0627837 0.0205113 0.00537149 0.00273163 0.00401849 0.00661068 0.00970073 0.0126038 0.0146881 0.0157106 0.0159635 0.0160387 0.016389 0.0170336 0.0175969 0.0175855
pSPR Fmed_Fpbrs
0.706466   0.198906 0.198906
Fs Fmed_Fpbrs
0.178006   1.005 1.005
SSBpbr Bo_Bmed_Bpbrs
2.21584e+06  1.45462e+06  329951 329951
Ro
214207
SPR SPRFo_SPRFmed_SPRFpbrs
1.53114e+06 1.0817e+06 304552
Fref
1.005
Nvult_r0
 250310 22399 9825.69 10137.1 3908.76
CTP_r0
 28456 2907.51 1275.43 1315.85 507.379
YTP_r0
391302
Np
 283284 119749 10391.2 4558.29 6193.03
Nvult_p0
 239368 103623 8991.93 3944.47 5359.07
CTP_p0
 110963 51940.9 4507.18 1977.15 2686.22
YTP_p0
 1.92676e+06
CBA_c0
851941
log_Ro
12.0947
likeval ReclasPelacesDesembMPH_pf_preclas_ppelaces_ptallas_desvR_qrecl_qpela
 17.2253 17.833 0.117901 0.000802491 241.612 120.195 98.5848 0 21.2038 5.76315e-06 0 0.599762 0 0 0
q_reclas_q_pelaces
0.71164 1
M
1
N
 230704 50488.9 196921 10618.4 0.348602
 132643 77827 16793.3 65498.9 3531.96
 131209 41754.3 23884.4 5153.73 21185
 265626 41522.4 12893.3 7375.23 8133.08
 212883 79215.4 11966.4 3715.73 4469.37
 337649 73214.4 26946.2 4070.54 2784.27
 142648 108624 23044.3 8481.34 2157.56
 68071.3 39529.7 28742.9 6097.74 2815.16
 59870.3 23969.5 13820.4 10049.1 3116.14
 76093.5 18522.7 7209.36 4156.79 3959.74
 134608 22282.3 5225.98 2034.04 2289.98
 171831 46576.7 7633.43 1790.31 1481.32
 145524 47207.1 12201.4 1999.69 857.049
 102702 40774 12652.7 3270.29 765.677
 105001 24378.8 9011.71 2796.45 892.014
 514626 28817.3 6378.78 2357.94 965.095
 127244 144719 7756.63 1716.95 894.446
 793214 39376.1 43539 2333.6 785.643
 471106 244120 11771.1 13015.5 932.464
 358812 133766 66450.6 3204.14 3796.71
 536478 104845 37646.5 18701.6 1970.29
 722615 165675 31467.8 11299.1 6204.39
 161018 213025 47109.2 8947.77 4977.06
 463359 52061.9 67443.2 14914.7 4408.57
 388463 152629 16843 21819.1 6251.43
 177939 127656 49242.7 5434.05 9056.4
 384046 59759.4 42240.4 16294 4794.77
 424936 126529 19337.8 13668.8 6824.22
 135942 142410 41764.9 6383.04 6764.34
 101603 45531.4 46974.2 13776.2 4336.67
 370058 32790.2 14384 14839.8 5722.09
pred_Ctot
 12190.4 3084.66 12031.1 648.741 0.0212981
 12255.9 8277.36 1786.07 6966.2 375.645
 11736.4 4300.52 2459.99 530.812 2181.96
 32341.9 5799.63 1800.86 1030.13 1135.99
 8813.33 3796.75 573.543 178.093 214.214
 27083.8 6769.41 2491.45 376.363 257.434
 22765.8 19797.4 4199.98 1545.78 393.23
 1849.42 1245.32 905.498 192.1 88.687
 6103.58 2809.69 1620.02 1177.95 365.272
 9997.13 2788.45 1085.31 625.772 596.107
 5082.18 974.354 228.521 88.9439 100.136
 28163.2 8713.43 1428.04 334.926 277.121
 22418.6 8310.69 2148.03 352.04 150.881
 23861.1 10721 3326.86 859.879 201.325
 17263 4574.58 1691.01 524.741 167.382
 78331 5013.57 1109.77 410.229 167.905
 12956.2 16943.2 908.118 201.014 104.718
 83141.8 4743.98 5245.52 281.149 94.6533
 69395.4 41126.6 1983.06 2192.71 157.091
 47543 20306.6 10087.7 486.412 576.368
 55225 12408.1 4455.36 2213.28 233.179
 92395.3 24283.5 4612.33 1656.14 909.397
 12456.7 19002.4 4202.27 798.165 443.967
 30917 4010.27 5195.07 1148.86 339.587
 26449 11995.1 1323.69 1714.76 491.299
 9868.67 8183.77 3156.84 348.365 580.586
 25580.3 4595.24 3248.11 1252.94 368.697
 24092.5 8291.09 1267.15 895.675 447.171
 7755.06 9389.03 2753.53 420.829 445.968
 7967.5 4116.46 4246.91 1245.49 392.075
 28456 2907.51 1275.43 1315.85 507.379
F
 0.0866488 0.10077 0.10077 0.10077 0.10077
 0.155861 0.181262 0.181262 0.181262 0.181262
 0.150561 0.175099 0.175099 0.175099 0.175099
 0.209919 0.24413 0.24413 0.24413 0.24413
 0.0673516 0.078328 0.078328 0.078328 0.078328
 0.134117 0.155975 0.155975 0.155975 0.155975
 0.283325 0.329499 0.329499 0.329499 0.329499
 0.0437709 0.0509043 0.0509043 0.0509043 0.0509043
 0.173181 0.201404 0.201404 0.201404 0.201404
 0.228172 0.265357 0.265357 0.265357 0.265357
 0.0612684 0.0712534 0.0712534 0.0712534 0.0712534
 0.291966 0.339548 0.339548 0.339548 0.339548
 0.272297 0.316674 0.316674 0.316674 0.316674
 0.438119 0.50952 0.50952 0.50952 0.50952
 0.292989 0.340738 0.340738 0.340738 0.340738
 0.268647 0.312428 0.312428 0.312428 0.312428
 0.172951 0.201137 0.201137 0.201137 0.201137
 0.178434 0.207514 0.207514 0.207514 0.207514
 0.258992 0.3012 0.3012 0.3012 0.3012
 0.230317 0.267852 0.267852 0.267852 0.267852
 0.174996 0.203516 0.203516 0.203516 0.203516
 0.221468 0.257561 0.257561 0.257561 0.257561
 0.129085 0.150122 0.150122 0.150122 0.150122
 0.110492 0.128499 0.128499 0.128499 0.128499
 0.112857 0.13125 0.13125 0.13125 0.13125
 0.0911143 0.105963 0.105963 0.105963 0.105963
 0.11029 0.128264 0.128264 0.128264 0.128264
 0.0932251 0.108418 0.108418 0.108418 0.108418
 0.0938241 0.109115 0.109115 0.109115 0.109115
 0.130946 0.152287 0.152287 0.152287 0.152287
 0.128265 0.149168 0.149168 0.149168 0.149168
nmprior
 8.19 8.8 8.5 0
nm_flota  nm_reclas  nm_pelaces    nm_pelaL
inf 11.5021 16.0932 37.0368
cv_recla  cv_pelaces  cv_mph
0.375412 0.478834 0.87423
 ------------------------------------------------
Talla a la edad & desviaci?n 
 8 13.2811 15.8009 17.003 17.5766
 0.8 1.32811 1.58009 1.7003 1.75766
