    unsorted:	 2.362524123e-06 2.234338803e-06 5.973217950e-05 5.135196108e-05 9.156428495e-05 0.001099993475 4.297259962 13.58727824 55.26966219 69.14228839 165.0075556 231.2949063 257.6593579 321.8591757 780.7652544 501.1889752 616.6668759 828.9227846 852.5436796 926.7399538 975.0375359 1077.187374 1160.736684 1201.338764 1444.792315 1431.718748 1713.405600 1869.950860 2011.013084 2061.890449 2279.028667 2379.587819 2538.541537 2498.396545 2605.948923 2670.439971 2881.392257 3207.125432 3273.997372 3300.816034 3869.421139 4012.712111 4351.510450 8116.147478 39676.87520 394975.8443 391316.2738 403306.4554 379078.4927 366273.2320 420567.2368 441754.1160 448684.0498 455096.1183 342190.3773 158318.3928 282895.5088 503722.1205 584661.0991 599416.0523 644025.9552 656194.2859 683299.7796 913743.0745 985655.2337 1062642.053 1154792.236 1334253.484 1434098.352 1622065.066 1739024.328 2335582.816 2390010.145 2649708.173 2730907.565 2969161.220 3262625.750
      sorted:	 2.234338803e-06 2.362524123e-06 5.135196108e-05 5.973217950e-05 9.156428495e-05 0.001099993475 4.297259962 13.58727824 55.26966219 69.14228839 165.0075556 231.2949063 257.6593579 321.8591757 501.1889752 616.6668759 780.7652544 828.9227846 852.5436796 926.7399538 975.0375359 1077.187374 1160.736684 1201.338764 1431.718748 1444.792315 1713.405600 1869.950860 2011.013084 2061.890449 2279.028667 2379.587819 2498.396545 2538.541537 2605.948923 2670.439971 2881.392257 3207.125432 3273.997372 3300.816034 3869.421139 4012.712111 4351.510450 8116.147478 39676.87520 158318.3928 282895.5088 342190.3773 366273.2320 379078.4927 391316.2738 394975.8443 403306.4554 420567.2368 441754.1160 448684.0498 455096.1183 503722.1205 584661.0991 599416.0523 644025.9552 656194.2859 683299.7796 913743.0745 985655.2337 1062642.053 1154792.236 1334253.484 1434098.352 1622065.066 1739024.328 2335582.816 2390010.145 2649708.173 2730907.565 2969161.220 3262625.750
