years
 1991 1992 1993 1994 1995 1996 1997 1998 1999 2000 2001 2002 2003 2004 2005 2006 2007 2008 2009 2010 2011 2012 2013 2014 2015 2016 2017 2018 2019 2020 2021
reclasobs
 0 0 0 0 0 0 0 0 0 252601 567819 844713 477998 351125 339783 2.1784e+06 2.13404e+06 4.81314e+06 1.55562e+06 2.62356e+06 3.21686e+06 3.843e+06 1.13348e+06 3.07943e+06 1.97215e+06 2.03268e+06 2.025e+06 2.42433e+06 2.27542e+06 1.05018e+06 2.36338e+06
reclaspred
 3.08641e+06 1.70943e+06 861926 799510 760552 1.26815e+06 738063 638777 472476 347876 462693 621797 612660 465721 468001 1.36016e+06 1.29091e+06 2.99433e+06 2.46409e+06 1.81226e+06 3.2182e+06 2.61135e+06 2.03289e+06 3.14359e+06 2.33605e+06 2.0473e+06 2.47272e+06 2.68495e+06 2.18636e+06 1.33908e+06 1.93169e+06
pelacesobs
 0 0 0 0 0 0 0 0 0 0 0 0 0 0 0 552880 188675 0 991730 2.46772e+06 1.41603e+06 1.21717e+06 2.29649e+06 1.80582e+06 0 1.4828e+06 1.56532e+06 1.57751e+06 1.42118e+06 867257 1.10002e+06
pelacespred
 1.44544e+06 884973 442643 334061 337847 579771 297388 336382 231697 160513 226187 254779 277510 219723 228144 558615 532639 1.43252e+06 1.21037e+06 824505 1.42876e+06 1.24642e+06 972168 1.65108e+06 1.17992e+06 1.03211e+06 1.42271e+06 1.52311e+06 1.02037e+06 710041 1.00685e+06
mphobs
 0 0 0 0 0 0 0 0 0 0 0 498337 0 5186 125008 0 168611 109162 213762 579715 649985 157893 87575 83554 0 0 0 0 0 0 0
mphpred
 463754 308436 151257 82299.6 81040 89541.7 121697 68339.9 61369.2 41710.8 28171 54691.4 59850.3 49919.9 32396.3 41510.7 155986 144598 296027 221895 234270 291795 276518 223396 312807 255028 207969 226949 324605 217547 131404
desembarqueobs
 494567 514787 250237 358949 120608 361735 552515 73892 212993 205616 52469 317467 293654 387597 252695 516296 358380 742168 942051 627588 828172 859565 418607 520667 417249 300574 407403 355545 319650 289779 391294
desembarquepred
 494571 513775 250653 358984 120613 361738 552515 73896.3 213036 205653 52471.4 317521 293691 387596 252676 516232 358396 742044 941777 627409 828216 859541 418607 520684 417240 300568 407394 355524 319636 289778 391291
Reclutas
 183464 103282 104039 146792 118440 225395 88755.5 38303.3 39672 55096.5 104646 141197 116660 81209.5 79374.1 465079 90894.6 708759 405824 308033 461493 612477 120919 373589 308780 137933 319703 362983 101364 72099.2 281575
log_desv_Rt
 0.124665 -0.449894 -0.442592 -0.0983353 -0.312951 0.3305 -0.601469 -1.44182 -1.40671 -1.07827 -0.436775 -0.137197 -0.328087 -0.690323 -0.713183 1.05485 -0.577654 1.47616 0.918565 0.642851 1.04711 1.33016 -0.29223 0.835802 0.645275 -0.160583 0.680037 0.807001 -0.46864 -0.809312 0.553045
SSB
 2.75453e+06 1.83199e+06 898409 488829 481347 531844 722832 405913 364510 247746 167325 324846 355488 296505 192422 246558 926497 858856 1.75829e+06 1.31798e+06 1.39148e+06 1.73315e+06 1.64242e+06 1.32689e+06 1.85796e+06 1.51477e+06 1.23526e+06 1.34799e+06 1.92803e+06 1.29215e+06 780491
BT
 3.75374e+06 2.54916e+06 1.2688e+06 1.07217e+06 875772 1.64716e+06 1.17896e+06 841633 745659 567431 566671 852310 906162 909363 779735 1.70546e+06 1.50812e+06 3.95963e+06 3.69617e+06 2.46797e+06 3.96635e+06 3.67909e+06 2.607e+06 4.29265e+06 3.10864e+06 2.64746e+06 3.6975e+06 3.86948e+06 2.61762e+06 1.92134e+06 2.69514e+06
Ftot
 0.155077 0.284798 0.27963 0.459219 0.163431 0.30863 0.704736 0.11874 0.457645 0.595336 0.129018 0.532208 0.495627 0.844783 0.590712 0.441538 0.275647 0.279902 0.391185 0.355363 0.272586 0.344916 0.203017 0.181682 0.182271 0.148151 0.179603 0.146616 0.140992 0.21042 0.22541
BD_Bspro_t
 0.975566 0.826333 0.651701 0.555391 0.524424 0.599591 0.593562 0.404299 0.461614 0.415931 0.389204 0.636246 0.522612 0.430772 0.319324 0.378066 0.58481 0.553206 0.658408 0.560892 0.529347 0.580508 0.596472 0.584662 0.691193 0.697769 0.703629 0.745002 0.794797 0.724645 0.648771
BD_Bspro
 2.37934 1.58246 0.77604 0.422247 0.415784 0.459403 0.624377 0.350625 0.314861 0.214002 0.144534 0.2806 0.307068 0.256119 0.166212 0.212975 0.800302 0.741874 1.5188 1.13846 1.20195 1.49708 1.41871 1.14616 1.60489 1.30845 1.06701 1.16439 1.66542 1.11615 0.674183
BD_Bo
 1.52966 1.01735 0.498909 0.271459 0.267304 0.295347 0.401407 0.225414 0.202422 0.13758 0.0929199 0.180396 0.197412 0.164657 0.106857 0.13692 0.514507 0.476944 0.976422 0.731905 0.772722 0.962462 0.912075 0.736855 1.03177 0.84119 0.68597 0.748575 1.07069 0.717563 0.433426
BD_Brms
 8.66213 5.76106 2.82522 1.53722 1.51369 1.67248 2.27308 1.27647 1.14627 0.779085 0.526186 1.02154 1.1179 0.932418 0.605106 0.775349 2.91355 2.70083 5.52927 4.14462 4.37576 5.45022 5.16489 4.17266 5.8427 4.76348 3.8845 4.23902 6.06307 4.06341 2.4544
Sel_flota
 0.737034 0.981568 0.999013 0.999948 0.999997
 0.737034 0.981568 0.999013 0.999948 0.999997
 0.737034 0.981568 0.999013 0.999948 0.999997
 0.737034 0.981568 0.999013 0.999948 0.999997
 0.737034 0.981568 0.999013 0.999948 0.999997
 0.737034 0.981568 0.999013 0.999948 0.999997
 0.737034 0.981568 0.999013 0.999948 0.999997
 0.737034 0.981568 0.999013 0.999948 0.999997
 0.737034 0.981568 0.999013 0.999948 0.999997
 0.737034 0.981568 0.999013 0.999948 0.999997
 0.737034 0.981568 0.999013 0.999948 0.999997
 0.737034 0.981568 0.999013 0.999948 0.999997
 0.737034 0.981568 0.999013 0.999948 0.999997
 0.737034 0.981568 0.999013 0.999948 0.999997
 0.737034 0.981568 0.999013 0.999948 0.999997
 0.737034 0.981568 0.999013 0.999948 0.999997
 0.737034 0.981568 0.999013 0.999948 0.999997
 0.737034 0.981568 0.999013 0.999948 0.999997
 0.737034 0.981568 0.999013 0.999948 0.999997
 0.737034 0.981568 0.999013 0.999948 0.999997
 0.737034 0.981568 0.999013 0.999948 0.999997
 0.737034 0.981568 0.999013 0.999948 0.999997
 0.737034 0.981568 0.999013 0.999948 0.999997
 0.737034 0.981568 0.999013 0.999948 0.999997
 0.737034 0.981568 0.999013 0.999948 0.999997
 0.737034 0.981568 0.999013 0.999948 0.999997
 0.737034 0.981568 0.999013 0.999948 0.999997
 0.737034 0.981568 0.999013 0.999948 0.999997
 0.737034 0.981568 0.999013 0.999948 0.999997
 0.737034 0.981568 0.999013 0.999948 0.999997
 0.737034 0.981568 0.999013 0.999948 0.999997
Sel_reclas
 1 1 1 1 1
 1 1 1 1 1
 1 1 1 1 1
 1 1 1 1 1
 1 1 1 1 1
 1 1 1 1 1
 1 1 1 1 1
 1 1 1 1 1
 1 1 1 1 1
 1 1 1 1 1
 1 1 1 1 1
 1 1 1 1 1
 1 1 1 1 1
 1 1 1 1 1
 1 1 1 1 1
 1 1 1 1 1
 1 1 1 1 1
 1 1 1 1 1
 1 1 1 1 1
 1 1 1 1 1
 1 1 1 1 1
 1 1 1 1 1
 1 1 1 1 1
 1 1 1 1 1
 1 1 1 1 1
 1 1 1 1 1
 1 1 1 1 1
 1 1 1 1 1
 1 1 1 1 1
 1 1 1 1 1
 1 1 1 1 1
Sel_pelaces
 1 1 1 1 1
 1 1 1 1 1
 1 1 1 1 1
 1 1 1 1 1
 1 1 1 1 1
 1 1 1 1 1
 1 1 1 1 1
 1 1 1 1 1
 1 1 1 1 1
 1 1 1 1 1
 1 1 1 1 1
 1 1 1 1 1
 1 1 1 1 1
 1 1 1 1 1
 1 1 1 1 1
 1 1 1 1 1
 1 1 1 1 1
 1 1 1 1 1
 1 1 1 1 1
 1 1 1 1 1
 1 1 1 1 1
 1 1 1 1 1
 1 1 1 1 1
 1 1 1 1 1
 1 1 1 1 1
 1 1 1 1 1
 1 1 1 1 1
 1 1 1 1 1
 1 1 1 1 1
 1 1 1 1 1
 1 1 1 1 1
pf_obs 
 0.8446 0.082 0.0669 0.0065 0
 0.8095 0.147 0.0364 0.0071 0
 0.9664 0.0169 0.016 0.0007 0
 0.9276 0.0648 0.0075 0.0001 0
 0.7033 0.2144 0.0806 0.0017 0
 0.9318 0.0425 0.0243 0.0014 0
 0.5671 0.3108 0.0964 0.0239 0.0018
 0.0768 0.2599 0.5324 0.112 0.0189
 0.490249 0.384438 0.106611 0.0170017 0.00170017
 0.7925 0.1577 0.0466 0.003 0.0002
 0.840416 0.127587 0.0312969 0.00059994 9.999e-05
 0.8084 0.0986 0.0794 0.0134 0.0002
 0.7335 0.1905 0.0724 0.0035 0.0001
 0.4001 0.4547 0.1325 0.0127 0
 0.49795 0.308269 0.164784 0.0264974 0.00249975
 0.9179 0.0499 0.0305 0.0017 0
 0.2467 0.6533 0.0926 0.0074 0
 0.9418 0.0223 0.034 0.0019 0
 0.707729 0.231977 0.0356964 0.0245975 0
 0.517169 0.277429 0.184464 0.0207286 0.00020938
 0.811772 0.124168 0.05621 0.00726502 0.000585176
 0.764997 0.148141 0.077277 0.00933861 0.000247198
 0.163321 0.427699 0.378323 0.0303852 0.000271297
 0.753843 0.0900009 0.118128 0.0371064 0.000921714
 0.721811 0.176058 0.0630433 0.0369309 0.00215725
 0.143369 0.312575 0.442814 0.0836902 0.0175525
 0.692698 0.0596174 0.167031 0.0765114 0.00414204
 0.394062 0.376323 0.152708 0.0712218 0.00568511
 0.125707 0.32114 0.495352 0.0537591 0.00404204
 0.23352 0.215282 0.420074 0.123614 0.00750983
 0.774587 0.0839891 0.0768558 0.0609784 0.00358967
pf_pred 
 0.440936 0.135679 0.397428 0.0259564 8.41949e-07
 0.406657 0.307038 0.0704589 0.202625 0.0132211
 0.558936 0.214444 0.118433 0.0266456 0.0815409
 0.70174 0.189848 0.0532601 0.0288382 0.0263142
 0.643568 0.274085 0.052839 0.0145055 0.015003
 0.761931 0.168761 0.0535262 0.0101299 0.00565145
 0.467404 0.434486 0.0699597 0.0217458 0.00640441
 0.457451 0.305277 0.194446 0.0305503 0.0122765
 0.561571 0.233053 0.11648 0.0728637 0.0160326
 0.730387 0.174031 0.0513387 0.0251056 0.0191378
 0.829103 0.136138 0.0226249 0.00652092 0.00561257
 0.734027 0.230579 0.0283006 0.00461845 0.00247437
 0.675952 0.258426 0.0570614 0.00684678 0.00171386
 0.622755 0.28221 0.0761325 0.0164393 0.00246334
 0.736987 0.187651 0.0567535 0.0149117 0.00369713
 0.939241 0.0487268 0.00864224 0.00255359 0.000836242
 0.351686 0.619807 0.0229596 0.00398543 0.00156143
 0.895082 0.0446625 0.0576556 0.00209411 0.000505383
 0.578908 0.388183 0.0141686 0.0179324 0.000807652
 0.584215 0.273125 0.131731 0.00470829 0.00622045
 0.729729 0.178819 0.0604976 0.0285849 0.0023688
 0.729509 0.213072 0.0382469 0.0126875 0.00648475
 0.294875 0.556222 0.117809 0.0207195 0.0103747
 0.729518 0.0978282 0.136739 0.0284204 0.00749355
 0.606852 0.309 0.0308021 0.0422586 0.0110879
 0.417005 0.394 0.149152 0.0145935 0.0252494
 0.724929 0.134956 0.0952583 0.0354076 0.00944887
 0.677207 0.252276 0.0349308 0.0242013 0.0113848
 0.3222 0.500289 0.139297 0.0189386 0.0192749
 0.390647 0.237531 0.275763 0.0753957 0.0206627
 0.816369 0.0857757 0.0385933 0.0439636 0.0152985
pobs_RECLAS
 0 0 0 0 0
 0 0 0 0 0
 0 0 0 0 0
 0 0 0 0 0
 0 0 0 0 0
 0 0 0 0 0
 0 0 0 0 0
 0 0 0 0 0
 0 0 0 0 0
 0 0 0 0 0
 0.991045 0.00858322 0.000360255 1.14367e-05 0
 0.934742 0.0480273 0.0164251 0.00080598 0
 0.827803 0.169806 0.00239088 0 0
 0.941827 0.0461693 0.0120037 0 0
 0.791401 0.0380133 0.147996 0.0225897 0
 0.846168 0.0940531 0.0597789 0 0
 0.134021 0.677848 0.182769 0.00536245 0
 0.80878 0.0450904 0.141981 0.00414843 0
 0.846168 0.0940531 0.0597789 0 0
 0.905697 0.0802665 0.012482 0.00150086 5.37128e-05
 0.989698 0.0102097 9.19794e-05 0 0
 0.975433 0.0193895 0.00387452 0.00125025 5.28907e-05
 0.303575 0.632131 0.0575291 0.00676475 0
 0.966965 0.00978017 0.0227588 0.000495775 0
 0.843318 0.132988 0.00938335 0.0141283 0.000182051
 0.564624 0.303363 0.111486 0.0197234 0.00080311
 0.826376 0.0876187 0.0782897 0.00655872 0.00115652
 0.89761 0.0855135 0.0140674 0.00269457 0.000114338
 0.34875 0.467042 0.161289 0.0227151 0.000203297
 0.318654 0.224769 0.449479 0.00709798 0
 0.937255 0.0296025 0.0250945 0.00804832 0
ppred_RECLAS
 0.516545 0.11893 0.342196 0.0223279 7.24216e-07
 0.481212 0.2709 0.0610489 0.175395 0.0114438
 0.631759 0.180749 0.0980317 0.0220343 0.0674261
 0.761632 0.152774 0.0420715 0.0227576 0.0207647
 0.70792 0.225542 0.0427099 0.0117137 0.0121149
 0.811974 0.133998 0.0417345 0.00789069 0.00440197
 0.545287 0.372279 0.0587988 0.0182579 0.00537689
 0.531544 0.265657 0.166224 0.0260915 0.0104842
 0.635409 0.195525 0.0959279 0.059948 0.01319
 0.787114 0.138358 0.0400494 0.0195652 0.0149136
 0.866728 0.106556 0.0173958 0.00500905 0.00431108
 0.789089 0.183303 0.02208 0.00359971 0.00192847
 0.738745 0.209137 0.0453248 0.00543312 0.00135993
 0.694469 0.229706 0.0607562 0.0131053 0.00196365
 0.792463 0.148881 0.0441838 0.0115974 0.00287524
 0.954366 0.0367321 0.00639539 0.00188783 0.000618191
 0.421274 0.55372 0.0201434 0.00349321 0.00136851
 0.920382 0.0342467 0.0434157 0.00157539 0.000380176
 0.64945 0.323628 0.0115972 0.0146636 0.000660396
 0.655223 0.227904 0.107928 0.00385377 0.00509123
 0.784596 0.143404 0.0476455 0.0224907 0.00186368
 0.78439 0.170508 0.0300524 0.00995949 0.00509018
 0.359681 0.507029 0.105478 0.0185331 0.00927945
 0.784893 0.0787022 0.108052 0.0224366 0.00591551
 0.674532 0.256815 0.0251454 0.0344651 0.00904259
 0.490149 0.34658 0.128879 0.0125979 0.0217955
 0.780561 0.108662 0.0753364 0.0279759 0.00746529
 0.737837 0.205708 0.0279788 0.0193663 0.00910989
 0.389525 0.452718 0.123822 0.0168187 0.0171165
 0.464548 0.21105 0.240654 0.0657338 0.0180139
 0.857378 0.0672807 0.0297316 0.0338363 0.0117738
pobs_PELACES
 0 0 0 0 0
 0 0 0 0 0
 0 0 0 0 0
 0 0 0 0 0
 0 0 0 0 0
 0 0 0 0 0
 0 0 0 0 0
 0 0 0 0 0
 0 0 0 0 0
 0 0 0 0 0
 0 0 0 0 0
 0 0 0 0 0
 0 0 0 0 0
 0 0 0 0 0
 0 0 0 0 0
 0 0 0 0 0
 0.505614 0.472636 0.0217494 0 0
 0 0 0 0 0
 0.443492 0.261883 0.143347 0.151278 0
 0.227955 0.32914 0.350689 0.0885471 0.00366901
 0.970185 0.0296113 0.000203453 0 0
 0.997202 0.00247181 0.000326279 0 0
 0.445219 0.490057 0.0546422 0.010081 0
 0.90214 0.0892962 0.00764917 0.000914606 0
 0 0 0 0 0
 0.581667 0.319106 0.0959925 0.00289975 0.000334073
 0.762889 0.0836404 0.116647 0.0363945 0.000428098
 0.88444 0.0763242 0.0277011 0.0115352 0
 0.521256 0.241999 0.230069 0.00667565 0
 0.616807 0.101726 0.260614 0.0208532 0
 0.833518 0.0704572 0.0857862 0.0102388 0
ppred_PELACES
 0.519838 0.118199 0.339791 0.02217 7.1909e-07
 0.487156 0.268015 0.0602997 0.173227 0.0113023
 0.637187 0.178235 0.0965124 0.021691 0.0663751
 0.768468 0.148538 0.0407968 0.0220649 0.0201326
 0.710684 0.223456 0.0422751 0.0115938 0.0119909
 0.815825 0.131322 0.0408283 0.00771863 0.00430596
 0.559532 0.360886 0.0567686 0.0176237 0.00519004
 0.534003 0.264341 0.165287 0.0259436 0.0104248
 0.644207 0.191045 0.0934834 0.0584121 0.012852
 0.795253 0.133232 0.0384336 0.0187724 0.0143091
 0.867943 0.105601 0.017227 0.00496024 0.00426907
 0.796213 0.177183 0.0212775 0.00346831 0.00185806
 0.746499 0.203046 0.0438795 0.00525906 0.00131635
 0.70899 0.219055 0.057658 0.0124338 0.00186301
 0.800349 0.143363 0.0424018 0.0111276 0.00275875
 0.955914 0.0355039 0.00616585 0.00181983 0.000595918
 0.426724 0.548545 0.0199234 0.00345477 0.00135345
 0.922088 0.0335439 0.0424563 0.00154044 0.000371741
 0.656643 0.317045 0.0113357 0.0143313 0.000645424
 0.661828 0.223694 0.105718 0.00377443 0.00498639
 0.788379 0.140961 0.0467602 0.0220709 0.00182889
 0.78913 0.16683 0.0293458 0.00972428 0.00496994
 0.363519 0.504113 0.104749 0.0184039 0.00921471
 0.787471 0.0778114 0.106718 0.0221582 0.0058421
 0.677803 0.254292 0.0248723 0.0340889 0.00894384
 0.493206 0.344597 0.128032 0.0125146 0.0216513
 0.783123 0.10745 0.0744192 0.0276338 0.00737397
 0.740155 0.203927 0.0277132 0.0191816 0.00902298
 0.392284 0.450767 0.123189 0.0167319 0.0170281
 0.46896 0.209467 0.23856 0.0651575 0.0178559
 0.859673 0.0662448 0.0292358 0.0332698 0.0115767
pobs_pel_tallas
 0 0 0 0 0 0 0 0 0 0 0 0 0 0 0 0 0 0 0 0 0 0 0 0 0 0
 0 0 0 0 0 0 0 0 0 0 0 0 0 0 0 0 0 0 0 0 0 0 0 0 0 0
 0 0 0 0 0 0 0 0 0 0 0 0 0 0 0 0 0 0 0 0 0 0 0 0 0 0
 0 0 0 0 0 0 0 0 0 0 0 0 0 0 0 0 0 0 0 0 0 0 0 0 0 0
 0 0 0 0 0 0 0 0 0 0 0 0 0 0 0 0 0 0 0 0 0 0 0 0 0 0
 0 0 0 0 0 0 0 0 0 0 0 0 0 0 0 0 0 0 0 0 0 0 0 0 0 0
 0 0 0 0 0 0 0 0 0 0 0 0 0 0 0 0 0 0 0 0 0 0 0 0 0 0
 0 0 0 0 0 0 0 0 0 0 0 0 0 0 0 0 0 0 0 0 0 0 0 0 0 0
 0 0 0 0 0 0 0 0 0 0 0 0 0 0 0 0 0 0 0 0 0 0 0 0 0 0
 0 0 0 0 0 0 0 0 0 0 0 0 0 0 0 0 0 0 0 0 0 0 0 0 0 0
 0 0 0 0 0 0 0 0 0 0 0 0 0 0 0 0 0 0 0 0 0 0 0 0 0 0
 0 0 0 0 0 0 0 0 0 0 0 0 0 0 0 0 0 0 0 0 0 0 0 0 0 0
 0.00862536 0 0 0.000197151 0.00414017 0.0128641 0.00837892 0.0270097 0.101434 0.158115 0.152841 0.127902 0.109271 0.109419 0.0830992 0.0579132 0.0238553 0.00714673 0.00463305 0.00128148 0.00103504 0.000492878 0.000147863 0.000147863 4.92878e-05 0
 0 0 0 0 0 0 0 0 0 0 0 0 0 0 0 0 0 0 0 0 0 0 0 0 0 0
 0 0 0 0 0 0 0 0.0054083 0.00873648 0.0413646 0.0450493 0.0745869 0.0622846 0.0627006 0.0613931 0.0827291 0.12552 0.122667 0.0946155 0.0697135 0.0546179 0.0294188 0.0215738 0.0213955 0.0102223 0.00600262
 0 0 0 0 0.00359764 0.0251062 0.0480494 0.140153 0.205849 0.193036 0.1447 0.116669 0.0760912 0.0342217 0.00950174 0.001854 0.000860785 0 0 0 0.000165536 0 0.000143464 0 0 0
 0 0 0 0 0 0 0 0.000145254 0.000435761 0.0275982 0.070085 0.0708112 0.156366 0.174668 0.174014 0.160142 0.0824315 0.0480064 0.0283245 0.00493863 0.00203355 0 0 0 0 0
 0 0 0 0 0 0 0 0 0 0 0 0 0 0 0 0 0 0 0 0 0 0 0 0 0 0
 0 0 1.00437e-05 0.000401748 0.00122533 0.00171747 0.00176769 0.0269171 0.070346 0.194647 0.189555 0.159765 0.064822 0.0314167 0.0384472 0.0292271 0.0345202 0.0313363 0.0194345 0.0106764 0.0143323 0.0359363 0.0279516 0.0138201 0.00172751 0
 0 0.0021121 0.0136068 0.0755702 0.200478 0.177729 0.0527432 0.0373336 0.0318909 0.0142505 0.0149659 0.0166563 0.0217959 0.0798694 0.0677717 0.0528807 0.04013 0.0224614 0.0357745 0.0225083 0.00881397 0.00855152 0.00135912 0.000746735 0 0
 0 0 0 0 5.4009e-05 0.00500934 0.000945158 0.0243581 0.138947 0.33067 0.221406 0.137944 0.0707744 0.0437923 0.0131692 0.00525238 0.0047753 0.00276346 9.45158e-05 9.00151e-06 2.25038e-05 9.00151e-06 4.50075e-06 0 0 0
 0.000866109 0.00284123 0.00948549 0.0512746 0.133035 0.25785 0.225252 0.132002 0.0553304 0.0519788 0.0540692 0.017754 0.00435017 0.00159236 0.00146478 0.000404838 0.000125132 0.000115318 0.000107957 0.000100596 0 0 0 0 0 0
 0 0 0 0 0.00144013 0.00171154 0.00461396 0.0210425 0.0478622 0.0707936 0.0888783 0.103762 0.0637923 0.0337046 0.0602308 0.124433 0.169614 0.0934646 0.0462172 0.0250306 0.0313229 0.00938855 0.002487 0.000210481 0 0
 0 0.00764035 0.051015 0.0998891 0.058973 0.0496711 0.0374665 0.0718981 0.12319 0.153886 0.159021 0.0857701 0.0377988 0.023471 0.0147837 0.00900784 0.00315554 0.000888139 0.00291439 0.00214683 0.00393193 0.00274676 0.000635225 9.99891e-05 0 0
 0 0 0 0 0 0 0 0 0 0 0 0 0 0 0 0 0 0 0 0 0 0 0 0 0 0
 0 0 0 0 0 0 0 0 0 0 0 0 0 0 0 0 0 0 0 0 0 0 0 0 0 0
 0 0 0 0 0 0 0 0 0 0 0 0 0 0 0 0 0 0 0 0 0 0 0 0 0 0
 0 0 0 0 0 0 0 0 0 0 0 0 0 0 0 0 0 0 0 0 0 0 0 0 0 0
 0 0 0 0 0 0 0 0 0 0 0 0 0 0 0 0 0 0 0 0 0 0 0 0 0 0
 0 0 0 0 0 0 0 0 0 0 0 0 0 0 0 0 0 0 0 0 0 0 0 0 0 0
 0 0 0 0 0 0 0 0 0 0 0 0 0 0 0 0 0 0 0 0 0 0 0 0 0 0
ppred_pel_tallas
 1.1206e-16 4.28184e-05 0.00041621 0.00276586 0.0125732 0.03912 0.0833498 0.121654 0.121666 0.0834082 0.0393175 0.0131499 0.00423773 0.0037093 0.00653096 0.011338 0.0177426 0.0252488 0.0332683 0.0413548 0.049155 0.0560434 0.0608608 0.0621884 0.0590897 0.0517689
 1.21094e-16 4.01264e-05 0.000390043 0.00259197 0.0117828 0.0366607 0.0781104 0.11401 0.114036 0.0782371 0.0370865 0.0130141 0.00568846 0.00716891 0.012974 0.0215509 0.0314577 0.0405065 0.0465725 0.0488776 0.0485197 0.0476822 0.0481094 0.0500225 0.0521677 0.0527427
 1.16239e-16 5.24843e-05 0.000510166 0.00339023 0.0154115 0.047951 0.102165 0.149117 0.149134 0.10225 0.0482356 0.0162351 0.00546405 0.00505925 0.00875744 0.0145695 0.0214018 0.0278197 0.0324159 0.0346131 0.0350019 0.0348527 0.0351892 0.0361634 0.0371174 0.0371219
 1.06836e-16 6.32977e-05 0.000615276 0.00408873 0.0185868 0.0578304 0.123214 0.179838 0.179852 0.123285 0.0580662 0.0192682 0.00580135 0.0043611 0.00719886 0.0118591 0.0172185 0.0219621 0.0248062 0.0251952 0.0236334 0.0213143 0.0193442 0.0181676 0.0175379 0.0168922
 1.0447e-16 5.85382e-05 0.000569012 0.00378128 0.0171892 0.0534821 0.11395 0.166318 0.166339 0.114055 0.0538358 0.0182113 0.0063479 0.00617538 0.0107163 0.017651 0.0254873 0.0321938 0.0357429 0.03521 0.0313177 0.0259226 0.0208708 0.017118 0.0146249 0.0128317
 1.02715e-16 6.71984e-05 0.000653193 0.0043407 0.0197322 0.0613942 0.130807 0.19092 0.190932 0.130869 0.0616026 0.0203346 0.00585469 0.00396409 0.00637236 0.0104734 0.015186 0.0193174 0.0216945 0.0217707 0.0199278 0.0171713 0.0144788 0.0123217 0.0106457 0.0091679
 1.04377e-16 4.6088e-05 0.000447991 0.00297706 0.0135333 0.0421073 0.0897154 0.13095 0.130984 0.0898855 0.0426783 0.0151825 0.00711722 0.00948793 0.0172203 0.0284111 0.0409596 0.0515867 0.0569778 0.0556046 0.0486239 0.0390659 0.0299917 0.0230615 0.018342 0.0150424
 1.09204e-16 4.39852e-05 0.000427552 0.00284123 0.0129159 0.0401862 0.0856218 0.124973 0.124999 0.0857474 0.0406084 0.0141382 0.00591945 0.00718022 0.0129651 0.0216165 0.0317242 0.0411259 0.0476099 0.0501084 0.049216 0.0465429 0.0434811 0.0404316 0.0369763 0.0326004
 1.1078e-16 5.30626e-05 0.000515787 0.00342759 0.0155813 0.0484794 0.103291 0.15076 0.150779 0.103382 0.0487841 0.016463 0.00564701 0.00538175 0.0093568 0.0155508 0.0227928 0.0295141 0.0341599 0.0360523 0.0357603 0.0345908 0.0336199 0.0330539 0.0323258 0.0306778
 1.05448e-16 6.5504e-05 0.000636722 0.00423124 0.0192346 0.0598461 0.127509 0.186106 0.186119 0.127572 0.0600576 0.019846 0.00576774 0.00399751 0.006468 0.0106422 0.0154518 0.0197083 0.0222544 0.0225811 0.0211254 0.0189416 0.0170127 0.0157437 0.0149405 0.0141422
 1.01745e-16 7.14913e-05 0.000694921 0.004618 0.0209928 0.0653163 0.139164 0.203116 0.203126 0.139213 0.0654834 0.0214754 0.00582982 0.00334118 0.00509975 0.00832459 0.0120015 0.0151285 0.0167371 0.016386 0.0144188 0.0117239 0.00919354 0.00730249 0.00605232 0.00518986
 1.01322e-16 6.55831e-05 0.000637491 0.00423635 0.0192579 0.0599184 0.127663 0.186332 0.186349 0.127747 0.0601985 0.0200666 0.00626616 0.00506747 0.00847561 0.0138993 0.0199953 0.0250998 0.0275623 0.0266194 0.0228444 0.0177563 0.0129151 0.00920494 0.00671956 0.00510332
 1.02069e-16 6.14882e-05 0.000597687 0.00397184 0.0180554 0.0561772 0.119692 0.174698 0.174718 0.119788 0.0564988 0.0189845 0.00630496 0.00569444 0.00975142 0.0160502 0.0231758 0.0292685 0.0324676 0.0319003 0.0281779 0.0229418 0.0178476 0.0137901 0.010821 0.00856479
 1.03283e-16 5.83986e-05 0.000567655 0.00377227 0.0171482 0.0533545 0.113678 0.165921 0.165942 0.113782 0.0537018 0.0181519 0.00629367 0.00607879 0.0105453 0.0173938 0.0251738 0.0319135 0.0356342 0.0354105 0.0318898 0.0267924 0.0218188 0.0178357 0.0148175 0.012324
 1.02844e-16 6.59237e-05 0.000640802 0.00425835 0.0193579 0.0602296 0.128326 0.187298 0.187312 0.128394 0.0604571 0.0200154 0.00591054 0.0042535 0.00694466 0.0114227 0.0165565 0.0210476 0.0236143 0.023661 0.0216092 0.0185643 0.0156008 0.0132372 0.0114122 0.00981022
 1.00471e-16 7.87374e-05 0.000765356 0.00508606 0.0231205 0.0719364 0.153268 0.2237 0.223704 0.153285 0.0719926 0.0232828 0.00549359 0.00165534 0.00176999 0.0028042 0.00403823 0.00509143 0.00563439 0.00551693 0.00485185 0.00393449 0.00306195 0.00239343 0.00193275 0.00160176
 1.01291e-16 3.51488e-05 0.000341659 0.00227045 0.0103211 0.0321132 0.0684225 0.0998757 0.0999285 0.0686803 0.0329786 0.0128196 0.0085373 0.0140068 0.0259423 0.0427129 0.0612457 0.0764269 0.0830688 0.078779 0.0654176 0.0479105 0.0314087 0.0189724 0.0110956 0.00668863
 1.01452e-16 7.59511e-05 0.000738272 0.00490608 0.0223023 0.0693908 0.147845 0.215784 0.215787 0.147861 0.0694451 0.0224598 0.00530413 0.00161643 0.00177064 0.00287689 0.00429889 0.00574148 0.00694645 0.00777379 0.0082432 0.00844906 0.00843077 0.00812621 0.00744514 0.00638162
 1.01955e-16 5.40869e-05 0.000525744 0.00349375 0.0158821 0.0494153 0.105286 0.153674 0.153704 0.105435 0.0499156 0.0173265 0.00711691 0.00842715 0.015037 0.0247133 0.0354554 0.0442966 0.0482587 0.0459849 0.0385705 0.0288641 0.0198123 0.0131174 0.00897347 0.00666041
 1.04331e-16 5.45139e-05 0.000529895 0.00352134 0.0160075 0.0498054 0.106117 0.154885 0.154906 0.106222 0.0501615 0.0170375 0.00611215 0.00620353 0.0108819 0.018039 0.0262937 0.0337126 0.0383329 0.039201 0.0368611 0.0328393 0.0285857 0.0247511 0.0212335 0.0177049
 1.03909e-16 6.49378e-05 0.000631219 0.00419467 0.0190684 0.0593288 0.126407 0.184497 0.184511 0.126474 0.0595527 0.0197157 0.00582196 0.00419156 0.00685026 0.0112845 0.0163972 0.0209345 0.0236628 0.0240185 0.0224201 0.019928 0.017537 0.0156687 0.0141711 0.0126686
 1.02706e-16 6.49996e-05 0.00063182 0.00419866 0.0190865 0.0593853 0.126527 0.184674 0.18469 0.126606 0.0596494 0.0198493 0.00611396 0.00481484 0.00801502 0.0131628 0.0189918 0.0239616 0.0265492 0.0260572 0.0230222 0.0188341 0.0148835 0.0119031 0.00988696 0.00844068
 1.06557e-16 2.99427e-05 0.000291054 0.00193416 0.00879243 0.0273568 0.0582883 0.0850837 0.0851323 0.058526 0.0281551 0.0110988 0.00772604 0.0129433 0.0240837 0.0398326 0.0575285 0.0726584 0.0806232 0.0792813 0.0701837 0.0574382 0.0451686 0.0355737 0.0287134 0.0235568
 1.06311e-16 6.48629e-05 0.000630491 0.00418983 0.0190464 0.0592604 0.126261 0.184283 0.184291 0.126298 0.0593867 0.0194132 0.00511812 0.00268208 0.00403505 0.00676146 0.0101865 0.0137591 0.0169421 0.0194623 0.0213889 0.0229099 0.0240146 0.024393 0.0236418 0.0215807
 1.05716e-16 5.58298e-05 0.000542685 0.00360634 0.0163939 0.0510076 0.108678 0.158624 0.158648 0.108798 0.0514096 0.0175549 0.00652054 0.00690413 0.0121371 0.0199782 0.0287829 0.036229 0.0400065 0.0390952 0.0343945 0.0281267 0.0224932 0.0186165 0.0163859 0.0150106
 1.08702e-16 4.06248e-05 0.000394887 0.00262417 0.0119291 0.037116 0.0790808 0.115428 0.115461 0.0792438 0.0376636 0.0135123 0.00660426 0.00910376 0.01664 0.0276008 0.0401206 0.0512163 0.0578514 0.0586007 0.05443 0.0478917 0.0414316 0.036176 0.0319188 0.0279199
 1.06195e-16 6.45048e-05 0.00062701 0.0041667 0.0189412 0.0589333 0.125564 0.183266 0.183277 0.125615 0.0591053 0.0194394 0.00542228 0.00338462 0.005351 0.00887412 0.0130839 0.0171032 0.0200777 0.0216172 0.0219821 0.0217976 0.0215378 0.0212197 0.0205051 0.0190439
 1.04303e-16 6.09656e-05 0.000592607 0.00393809 0.017902 0.0556998 0.118675 0.173214 0.173233 0.118771 0.0560224 0.0188337 0.00627722 0.00570004 0.00976445 0.0160565 0.0231515 0.0291795 0.0322862 0.031641 0.0279382 0.0229238 0.0183324 0.0150584 0.0130417 0.011706
 1.0823e-16 3.2312e-05 0.000314085 0.0020872 0.00948815 0.0295214 0.0629001 0.0918136 0.0918572 0.0631129 0.0302362 0.0115539 0.0072772 0.0116591 0.0216234 0.0358136 0.051861 0.0657887 0.0735428 0.0732308 0.0661925 0.0559687 0.046051 0.0382041 0.0323452 0.027525
 1.16495e-16 3.86276e-05 0.000375474 0.00249516 0.0113426 0.0352913 0.0751926 0.10975 0.109771 0.0752931 0.0356298 0.0123248 0.00497737 0.0058505 0.0106027 0.017903 0.0268096 0.0358695 0.043587 0.04924 0.0531436 0.0560534 0.058248 0.0591408 0.057719 0.0533514
 1.06157e-16 7.08101e-05 0.0006883 0.00457399 0.0207927 0.0646939 0.137837 0.201179 0.201185 0.137869 0.0647996 0.0210986 0.00534404 0.00237723 0.0033023 0.00541203 0.00794709 0.0103406 0.0120818 0.0129788 0.0132757 0.0134555 0.0138787 0.0145418 0.0151125 0.0151634
pSPR Fmed_Fpbrs
0.609325   0.226591 0.226591
Fs Fmed_Fpbrs
0.281566   1.005 1.005
SSBpbr Bo_Bmed_Bpbrs
1.80075e+06  1.0072e+06  317996 317996
Ro
161961
SPR SPRFo_SPRFmed_SPRFpbrs
1.15768e+06 705407 262321
Fref
1.005
Nvult_r0
 193845 16016.1 7103.15 8085.38 2813.45
CTP_r0
 27616.4 2901.65 1305.55 1487.21 517.523
YTP_r0
391291
Np
 226348 87730.1 6697.27 2953.73 4348.14
Nvult_p0
 186648 75695.5 5794.52 2555.96 3762.62
CTP_p0
 79423.4 37590.1 2903.05 1281.13 1886
YTP_p0
 1.37301e+06
CBA_c0
685806
log_Ro
11.8151
likeval ReclasPelacesDesembMPH_pf_preclas_ppelaces_ptallas_desvR_qrecl_qpela
 12.2314 18.6973 0.0349873 0.00083272 240.797 118.091 98.6833 0 26.0885 4.83077e-08 0 0.177843 0 0 0
q_reclas_q_pelaces
0.969335 1
M
1
N
 183464 43049.5 124034 8093.65 0.262522
 103282 60203 13600.8 39080.8 2549.87
 104039 30801.2 16746.3 3764.5 11519.6
 146792 31145.4 8611.33 4659.09 4251.15
 118440 38496.2 7300.27 2002.33 2070.92
 225395 38626.9 12063 2281.06 1272.54
 88755.5 66048.1 10496.1 3260.29 960.158
 38303.3 19423.3 12165.9 1909.74 767.385
 39672 12910.2 6359.31 3974.96 874.597
 55096.5 10416 3030.75 1481.01 1128.92
 104646 13069.8 2136.1 615.12 529.41
 141197 35005 4236.19 690.799 370.086
 116660 35089.5 7637.66 915.744 229.217
 81209.5 29784.1 7936.01 1712.5 256.6
 79374.1 16029 4781.54 1255.41 311.247
 465079 18893.1 3302.15 974.952 319.262
 90894.6 123566 4505.95 781.509 306.169
 708759 27290.5 34681.7 1258.63 303.738
 405824 212134 7627.78 9646.42 434.444
 308033 111900 53156.7 1898.37 2507.97
 461493 87207.6 29043.4 13711.5 1136.2
 612477 138873 24550.5 8137.42 4158.98
 120919 174740 36415.8 6399.08 3204.01
 373589 38301.7 52668.7 10937.4 2883.7
 308780 120211 11788.9 16159.7 4239.82
 137933 99314.3 36978.6 3614.92 6254.16
 319703 45493.9 31590.9 11732.2 3130.7
 362983 103030 14031.2 9712.79 4568.89
 101364 119856 32822.2 4458.51 4537.46
 72099.2 33609.2 38394 10488.2 2874.24
 281575 22713.4 10056.9 11446.5 3983
pred_Ctot
 12643.3 3890.42 11395.7 744.266 0.0241418
 12574.6 9494.19 2178.72 6265.55 408.822
 12455.9 4778.9 2639.3 593.799 1817.15
 27385.2 7408.76 2078.46 1125.4 1026.9
 8580.24 3654.18 704.465 193.391 200.025
 29529.7 6540.57 2074.48 392.599 219.03
 23701.4 22032.1 3547.55 1102.7 324.758
 2043.45 1363.68 868.598 136.469 54.8396
 7379.08 3062.33 1530.56 957.433 210.67
 12816.8 3053.9 900.889 440.552 335.829
 6047.13 992.937 165.017 47.5609 40.9357
 29894.9 9390.86 1152.6 188.097 100.774
 23244.4 8886.65 1962.21 235.444 58.9357
 25010.9 11334.1 3057.62 660.231 98.9322
 18345 4670.97 1412.7 371.18 92.0283
 83850.5 4350.07 771.533 227.971 74.6552
 10740 18928 701.151 121.709 47.6836
 84931.3 4237.87 5470.75 198.703 47.954
 65778.3 44107.2 1609.9 2037.56 91.7692
 45833 21427.2 10334.6 369.375 488.008
 53972.5 13225.9 4474.55 2114.21 175.202
 88724.4 25914.3 4651.67 1543.08 788.69
 10753.1 20283.6 4296.12 755.574 378.332
 29922.1 4012.54 5608.54 1165.7 307.357
 24807.1 12631.4 1259.14 1727.46 453.255
 9100.06 8598.04 3254.86 318.466 551.002
 25328.9 4715.35 3328.31 1237.13 330.142
 23710.4 8832.7 1223 847.336 398.605
 6378.02 9903.32 2757.42 374.894 381.55
 6630.74 4031.79 4680.74 1279.75 350.724
 27616.4 2901.65 1305.55 1487.21 517.523
F
 0.114297 0.152218 0.154923 0.155069 0.155076
 0.209906 0.279548 0.284517 0.284783 0.284797
 0.206097 0.274476 0.279354 0.279615 0.279629
 0.33846 0.450755 0.458766 0.459195 0.459218
 0.120454 0.160418 0.163269 0.163422 0.16343
 0.227471 0.302942 0.308326 0.308614 0.30863
 0.519414 0.691746 0.70404 0.704699 0.704734
 0.0875154 0.116551 0.118623 0.118734 0.11874
 0.3373 0.449209 0.457193 0.457621 0.457643
 0.438783 0.584362 0.594748 0.595305 0.595334
 0.0950903 0.126639 0.12889 0.129011 0.129017
 0.392256 0.522399 0.531683 0.532181 0.532207
 0.365294 0.486491 0.495137 0.495601 0.495625
 0.622634 0.829212 0.843949 0.84474 0.844781
 0.435375 0.579824 0.590129 0.590682 0.590711
 0.325428 0.433399 0.441102 0.441515 0.441536
 0.203162 0.270567 0.275375 0.275633 0.275647
 0.206297 0.274743 0.279626 0.279887 0.279901
 0.288317 0.383975 0.390799 0.391165 0.391184
 0.261914 0.348812 0.355012 0.355344 0.355362
 0.200905 0.267561 0.272317 0.272572 0.272585
 0.254215 0.338559 0.344576 0.344898 0.344915
 0.14963 0.199275 0.202816 0.203006 0.203016
 0.133906 0.178334 0.181503 0.181673 0.181682
 0.13434 0.178912 0.182091 0.182262 0.182271
 0.109193 0.145421 0.148005 0.148144 0.148151
 0.132373 0.176292 0.179425 0.179593 0.179602
 0.108061 0.143914 0.146472 0.146609 0.146616
 0.103916 0.138394 0.140853 0.140985 0.140992
 0.155087 0.206542 0.210212 0.210409 0.21042
 0.166135 0.221255 0.225188 0.225398 0.225409
nmprior
 8.19 8.8 8.5 0
nm_flota  nm_reclas  nm_pelaces    nm_pelaL
inf 13.137 17.2859 40.6443
cv_recla  cv_pelaces  cv_mph
0.316346 0.490299 0.890543
 ------------------------------------------------
Talla a la edad & desviaci?n 
 8 13.2811 15.8009 17.003 17.5766
 0.8 1.32811 1.58009 1.7003 1.75766
