    unsorted:	 2.443755694e-05 2.858964713e-06 0.001099980536 12.03473021 16.15090017 17.36953857 4.780022741 64.26579920 100.6043205 81.54818001 125.6924673 183.7879157 223.1615929 423.4049716 345.3401358 320.7553755 402.3705690 447.5260644 561.1951327 602.1969880 628.9881680 713.9547479 793.4919413 822.1637386 877.3091650 876.0681032 848.9833151 925.6994961 964.7331100 1008.497365 1042.620274 1101.124078 1122.797730 1164.051778 1235.110054 1334.515556 1375.417146 1437.461197 1501.429984 1752.785314 1840.256361 1937.748121 3883.946817 20652.36317 32314.58073 156442.1663 264262.2370 272006.9436 257983.9915 280000.9908 245689.7771 286892.7307 306210.6603 314502.4955 406342.2073 486854.3232 651147.1835 731983.1108 780607.1398 793881.1845 985671.8191 1384802.802 1587128.017 1800382.116 1749904.254 1994208.552 2238414.689 2415588.531 2650499.056 2836781.037 3087288.097 3163791.461 3279160.786 3823017.648 4023356.014 5856047.783 15789207.38
      sorted:	 2.858964713e-06 2.443755694e-05 0.001099980536 4.780022741 12.03473021 16.15090017 17.36953857 64.26579920 81.54818001 100.6043205 125.6924673 183.7879157 223.1615929 320.7553755 345.3401358 402.3705690 423.4049716 447.5260644 561.1951327 602.1969880 628.9881680 713.9547479 793.4919413 822.1637386 848.9833151 876.0681032 877.3091650 925.6994961 964.7331100 1008.497365 1042.620274 1101.124078 1122.797730 1164.051778 1235.110054 1334.515556 1375.417146 1437.461197 1501.429984 1752.785314 1840.256361 1937.748121 3883.946817 20652.36317 32314.58073 156442.1663 245689.7771 257983.9915 264262.2370 272006.9436 280000.9908 286892.7307 306210.6603 314502.4955 406342.2073 486854.3232 651147.1835 731983.1108 780607.1398 793881.1845 985671.8191 1384802.802 1587128.017 1749904.254 1800382.116 1994208.552 2238414.689 2415588.531 2650499.056 2836781.037 3087288.097 3163791.461 3279160.786 3823017.648 4023356.014 5856047.783 15789207.38
