years
 1991 1992 1993 1994 1995 1996 1997 1998 1999 2000 2001 2002 2003 2004 2005 2006 2007 2008 2009 2010 2011 2012 2013 2014 2015 2016 2017 2018 2019 2020 2021
reclasobs
 0 0 0 0 0 0 0 0 0 252601 567819 844713 477998 351125 339783 2.1784e+06 2.13404e+06 4.81314e+06 1.55562e+06 2.62356e+06 3.21686e+06 3.843e+06 1.13348e+06 3.07943e+06 1.97215e+06 2.03268e+06 2.025e+06 2.42433e+06 2.27542e+06 1.05018e+06 2.36338e+06
reclaspred
 4.10822e+06 2.33851e+06 1.1956e+06 1.38685e+06 1.50462e+06 2.25665e+06 1.51221e+06 1.32835e+06 925347 637973 612596 734705 716946 568171 584447 1.47063e+06 1.47723e+06 3.17695e+06 2.65025e+06 2.01552e+06 3.55429e+06 2.86851e+06 2.33642e+06 3.51833e+06 2.66611e+06 2.4056e+06 2.8126e+06 2.93286e+06 2.45763e+06 1.60933e+06 2.3466e+06
pelacesobs
 0 0 0 0 0 0 0 0 0 0 0 0 0 0 0 552880 188675 0 991730 2.46772e+06 1.41603e+06 1.21717e+06 2.29649e+06 1.80582e+06 0 1.4828e+06 1.56532e+06 1.57751e+06 1.42118e+06 867257 1.10002e+06
pelacespred
 1.90872e+06 1.21322e+06 624200 599795 662883 1.04058e+06 676030 696883 482546 316409 312603 305911 324953 271681 288298 603039 600800 1.49047e+06 1.28451e+06 903801 1.54595e+06 1.35864e+06 1.09954e+06 1.81704e+06 1.32357e+06 1.18994e+06 1.59069e+06 1.64286e+06 1.12039e+06 829582 1.20925e+06
mphobs
 0 0 0 0 0 0 0 0 0 0 0 498337 0 5186 125008 0 168611 109162 213762 579715 649985 157893 87575 83554 0 0 0 0 0 0 0
mphpred
 3.58988e+06 2.42468e+06 1.23314e+06 682118 910117 1.0891e+06 1.37876e+06 920119 783442 520621 323285 413092 418928 355472 246454 318383 990062 978696 1.83076e+06 1.4025e+06 1.53546e+06 1.88771e+06 1.77822e+06 1.5039e+06 2.05344e+06 1.70473e+06 1.43421e+06 1.51116e+06 2.06625e+06 1.4375e+06 940674
desembarqueobs
 494567 514787 250237 358949 120608 361735 552515 73892 212993 205616 52469 317467 293654 387597 252695 516296 358380 742168 942051 627588 828172 859565 418607 520667 417249 300574 407403 355545 319650 289779 391294
desembarquepred
 494577 513064 251235 358971 120612 361758 552612 73896.2 213054 205678 52472.1 317563 293728 387676 252703 516283 358411 742098 941916 627500 828269 859634 418628 520702 417260 300581 407412 355539 319650 289794 391303
Reclutas
 218177 124419 121245 273106 215149 316218 133128 62364.4 51593.5 63994.1 109277 147116 126441 90014.4 90718.3 471038 111630 706693 431765 338248 483345 644041 147892 398080 344434 161500 341959 376555 124209 93087.2 326239
log_desv_Rt
 0.121022 -0.440628 -0.466474 0.345576 0.107047 0.492148 -0.372971 -1.13129 -1.32089 -1.10549 -0.570396 -0.273061 -0.424505 -0.764315 -0.756526 0.890654 -0.549098 1.29631 0.803598 0.559496 0.916446 1.20348 -0.267802 0.722369 0.577617 -0.179777 0.570405 0.66678 -0.442318 -0.730748 0.523345
SSB
 3.58988e+06 2.42468e+06 1.23314e+06 682118 910117 1.0891e+06 1.37876e+06 920119 783442 520621 323285 413092 418928 355472 246454 318383 990062 978696 1.83076e+06 1.4025e+06 1.53546e+06 1.88771e+06 1.77822e+06 1.5039e+06 2.05344e+06 1.70473e+06 1.43421e+06 1.51116e+06 2.06625e+06 1.4375e+06 940674
BT
 4.81589e+06 3.3035e+06 1.68874e+06 1.68116e+06 1.61969e+06 2.70297e+06 2.05709e+06 1.66934e+06 1.32466e+06 930333 767225 974934 1.01749e+06 1.03058e+06 917953 1.80915e+06 1.66443e+06 4.09105e+06 3.86939e+06 2.64217e+06 4.23897e+06 3.93363e+06 2.90028e+06 4.67434e+06 3.4347e+06 3.00946e+06 4.08285e+06 4.14371e+06 2.8467e+06 2.19104e+06 3.15736e+06
Ftot
 0.11685 0.210148 0.202438 0.26042 0.0801475 0.161921 0.349181 0.0552046 0.225695 0.313283 0.0879517 0.424936 0.403145 0.658403 0.436556 0.364009 0.236983 0.240702 0.349191 0.307671 0.233852 0.298248 0.175052 0.151586 0.155103 0.123552 0.147813 0.124589 0.125812 0.175332 0.171927
BD_Bspro_t
 0.981478 0.8633 0.719513 0.640938 0.671458 0.744157 0.733028 0.60372 0.650184 0.602544 0.556555 0.699252 0.571615 0.480814 0.376814 0.438805 0.602235 0.585411 0.668509 0.576524 0.552608 0.59959 0.612793 0.61145 0.710078 0.719448 0.730563 0.764291 0.804979 0.744515 0.687052
BD_Bspro
 2.59806 1.75479 0.892451 0.493662 0.658669 0.7882 0.997835 0.665908 0.566992 0.376784 0.233967 0.298962 0.303186 0.257262 0.178364 0.23042 0.716527 0.708301 1.32495 1.01502 1.11124 1.36617 1.28693 1.0884 1.48612 1.23374 1.03796 1.09366 1.49539 1.04034 0.680784
BD_Bo
 1.78804 1.20768 0.614202 0.339748 0.453308 0.542455 0.686729 0.458291 0.390215 0.25931 0.161021 0.205752 0.208659 0.177052 0.122753 0.158579 0.493127 0.487466 0.911858 0.698556 0.764778 0.940226 0.885692 0.749056 1.02277 0.849087 0.714345 0.752674 1.02915 0.715985 0.468528
BD_Brms
 11.9892 8.09773 4.11835 2.27808 3.03953 3.63727 4.60466 3.07294 2.61647 1.73873 1.07968 1.37961 1.3991 1.18717 0.823087 1.06331 3.30652 3.26856 6.1142 4.68396 5.128 6.30441 5.93875 5.02258 6.85792 5.69331 4.78984 5.04684 6.90069 4.80083 3.14158
Sel_flota
 0.858706 1 1 1 1
 0.858706 1 1 1 1
 0.858706 1 1 1 1
 0.858706 1 1 1 1
 0.858706 1 1 1 1
 0.858706 1 1 1 1
 0.858706 1 1 1 1
 0.858706 1 1 1 1
 0.858706 1 1 1 1
 0.858706 1 1 1 1
 0.858706 1 1 1 1
 0.858706 1 1 1 1
 0.858706 1 1 1 1
 0.858706 1 1 1 1
 0.858706 1 1 1 1
 0.858706 1 1 1 1
 0.858706 1 1 1 1
 0.858706 1 1 1 1
 0.858706 1 1 1 1
 0.858706 1 1 1 1
 0.858706 1 1 1 1
 0.858706 1 1 1 1
 0.858706 1 1 1 1
 0.858706 1 1 1 1
 0.858706 1 1 1 1
 0.858706 1 1 1 1
 0.858706 1 1 1 1
 0.858706 1 1 1 1
 0.858706 1 1 1 1
 0.858706 1 1 1 1
 0.858706 1 1 1 1
Sel_reclas
 0.982082 1 1 1 1
 0.982082 1 1 1 1
 0.982082 1 1 1 1
 0.982082 1 1 1 1
 0.982082 1 1 1 1
 0.982082 1 1 1 1
 0.982082 1 1 1 1
 0.982082 1 1 1 1
 0.982082 1 1 1 1
 0.982082 1 1 1 1
 0.982082 1 1 1 1
 0.982082 1 1 1 1
 0.982082 1 1 1 1
 0.982082 1 1 1 1
 0.982082 1 1 1 1
 0.982082 1 1 1 1
 0.982082 1 1 1 1
 0.982082 1 1 1 1
 0.982082 1 1 1 1
 0.982082 1 1 1 1
 0.982082 1 1 1 1
 0.982082 1 1 1 1
 0.982082 1 1 1 1
 0.982082 1 1 1 1
 0.982082 1 1 1 1
 0.982082 1 1 1 1
 0.982082 1 1 1 1
 0.982082 1 1 1 1
 0.982082 1 1 1 1
 0.982082 1 1 1 1
 0.982082 1 1 1 1
Sel_pelaces
 1 1 1 1 1
 1 1 1 1 1
 1 1 1 1 1
 1 1 1 1 1
 1 1 1 1 1
 1 1 1 1 1
 1 1 1 1 1
 1 1 1 1 1
 1 1 1 1 1
 1 1 1 1 1
 1 1 1 1 1
 1 1 1 1 1
 1 1 1 1 1
 1 1 1 1 1
 1 1 1 1 1
 1 1 1 1 1
 1 1 1 1 1
 1 1 1 1 1
 1 1 1 1 1
 1 1 1 1 1
 1 1 1 1 1
 1 1 1 1 1
 1 1 1 1 1
 1 1 1 1 1
 1 1 1 1 1
 1 1 1 1 1
 1 1 1 1 1
 1 1 1 1 1
 1 1 1 1 1
 1 1 1 1 1
 1 1 1 1 1
pf_obs 
 0.8446 0.082 0.0669 0.0065 0
 0.8095 0.147 0.0364 0.0071 0
 0.9664 0.0169 0.016 0.0007 0
 0.9276 0.0648 0.0075 0.0001 0
 0.7033 0.2144 0.0806 0.0017 0
 0.9318 0.0425 0.0243 0.0014 0
 0.5671 0.3108 0.0964 0.0239 0.0018
 0.0768 0.2599 0.5324 0.112 0.0189
 0.490249 0.384438 0.106611 0.0170017 0.00170017
 0.7925 0.1577 0.0466 0.003 0.0002
 0.840416 0.127587 0.0312969 0.00059994 9.999e-05
 0.8084 0.0986 0.0794 0.0134 0.0002
 0.7335 0.1905 0.0724 0.0035 0.0001
 0.4001 0.4547 0.1325 0.0127 0
 0.49795 0.308269 0.164784 0.0264974 0.00249975
 0.9179 0.0499 0.0305 0.0017 0
 0.2467 0.6533 0.0926 0.0074 0
 0.9418 0.0223 0.034 0.0019 0
 0.707729 0.231977 0.0356964 0.0245975 0
 0.517169 0.277429 0.184464 0.0207286 0.00020938
 0.811772 0.124168 0.05621 0.00726502 0.000585176
 0.764997 0.148141 0.077277 0.00933861 0.000247198
 0.163321 0.427699 0.378323 0.0303852 0.000271297
 0.753843 0.0900009 0.118128 0.0371064 0.000921714
 0.721811 0.176058 0.0630433 0.0369309 0.00215725
 0.143369 0.312575 0.442814 0.0836902 0.0175525
 0.692698 0.0596174 0.167031 0.0765114 0.00414204
 0.394062 0.376323 0.152708 0.0712218 0.00568511
 0.125707 0.32114 0.495352 0.0537591 0.00404204
 0.23352 0.215282 0.420074 0.123614 0.00750983
 0.774587 0.0839891 0.0768558 0.0609784 0.00358967
pf_pred 
 0.459969 0.108525 0.409641 0.0218634 7.58311e-07
 0.427019 0.286722 0.0575271 0.217142 0.0115898
 0.563842 0.20458 0.115883 0.0232504 0.0924454
 0.793416 0.124974 0.0382788 0.0216827 0.0216477
 0.654675 0.283357 0.0374882 0.0114824 0.0129977
 0.718971 0.193821 0.0715585 0.00946721 0.00618216
 0.463801 0.402818 0.0919903 0.0339627 0.00742743
 0.429896 0.290359 0.210158 0.047993 0.021594
 0.490122 0.238979 0.137972 0.0998618 0.0330661
 0.655882 0.183389 0.075333 0.0434927 0.0419027
 0.78469 0.149663 0.0349851 0.0143712 0.0162908
 0.737614 0.212647 0.0345736 0.00808188 0.00708322
 0.69534 0.235362 0.0561612 0.00913108 0.00400518
 0.640749 0.263503 0.0739695 0.0176503 0.00412845
 0.744653 0.175605 0.058489 0.0164188 0.00483416
 0.933408 0.0518821 0.0101161 0.00336937 0.00122432
 0.419759 0.54772 0.0253374 0.00494034 0.00224339
 0.89459 0.0487237 0.0535094 0.00247533 0.000701812
 0.619281 0.346379 0.0158729 0.017432 0.00103503
 0.624096 0.24856 0.115858 0.00530923 0.00617691
 0.745371 0.169324 0.0564068 0.0262922 0.0026066
 0.750155 0.19404 0.0371095 0.0123623 0.00633355
 0.353563 0.505497 0.10946 0.0209338 0.0105465
 0.743058 0.100877 0.122039 0.0264262 0.00760009
 0.642192 0.276688 0.0318482 0.0385294 0.0107426
 0.46103 0.366083 0.133691 0.0153885 0.0238074
 0.735464 0.132695 0.0895501 0.032703 0.00958799
 0.692518 0.235607 0.0360534 0.024331 0.0114906
 0.385252 0.446336 0.129046 0.019747 0.01962
 0.455216 0.231241 0.227647 0.0658177 0.0200786
 0.826745 0.086084 0.037001 0.0364259 0.0137443
pobs_RECLAS
 0 0 0 0 0
 0 0 0 0 0
 0 0 0 0 0
 0 0 0 0 0
 0 0 0 0 0
 0 0 0 0 0
 0 0 0 0 0
 0 0 0 0 0
 0 0 0 0 0
 0 0 0 0 0
 0.991045 0.00858322 0.000360255 1.14367e-05 0
 0.934742 0.0480273 0.0164251 0.00080598 0
 0.827803 0.169806 0.00239088 0 0
 0.941827 0.0461693 0.0120037 0 0
 0.791401 0.0380133 0.147996 0.0225897 0
 0.846168 0.0940531 0.0597789 0 0
 0.134021 0.677848 0.182769 0.00536245 0
 0.80878 0.0450904 0.141981 0.00414843 0
 0.846168 0.0940531 0.0597789 0 0
 0.905697 0.0802665 0.012482 0.00150086 5.37128e-05
 0.989698 0.0102097 9.19794e-05 0 0
 0.975433 0.0193895 0.00387452 0.00125025 5.28907e-05
 0.303575 0.632131 0.0575291 0.00676475 0
 0.966965 0.00978017 0.0227588 0.000495775 0
 0.843318 0.132988 0.00938335 0.0141283 0.000182051
 0.564624 0.303363 0.111486 0.0197234 0.00080311
 0.826376 0.0876187 0.0782897 0.00655872 0.00115652
 0.89761 0.0855135 0.0140674 0.00269457 0.000114338
 0.34875 0.467042 0.161289 0.0227151 0.000203297
 0.318654 0.224769 0.449479 0.00709798 0
 0.937255 0.0296025 0.0250945 0.00804832 0
ppred_RECLAS
 0.49382 0.101723 0.383964 0.020493 7.10778e-07
 0.460859 0.269788 0.0541296 0.204318 0.0109053
 0.597193 0.188936 0.107021 0.0214725 0.0853763
 0.815117 0.111847 0.0342579 0.0194051 0.0193738
 0.684579 0.258819 0.0342418 0.010488 0.0118721
 0.745691 0.175393 0.0647549 0.00856709 0.00559437
 0.498623 0.376658 0.0860162 0.0317571 0.00694507
 0.463228 0.273383 0.197871 0.045187 0.0203315
 0.524448 0.22289 0.128683 0.0931389 0.03084
 0.686516 0.167064 0.0686267 0.0396209 0.0381725
 0.806676 0.13438 0.0314125 0.0129037 0.0146273
 0.763979 0.19128 0.0310997 0.00726982 0.0063715
 0.724278 0.213007 0.0508268 0.00826377 0.00362475
 0.673674 0.239353 0.0671901 0.0160326 0.00375008
 0.770571 0.157781 0.0525522 0.0147522 0.00434347
 0.94159 0.0455077 0.00887319 0.0029554 0.00107389
 0.453586 0.515789 0.0238602 0.00465232 0.00211261
 0.906882 0.0430421 0.0472697 0.00218668 0.000619975
 0.651591 0.316983 0.0145259 0.0159526 0.000947192
 0.656053 0.227428 0.106008 0.00485787 0.00565178
 0.770581 0.152559 0.0508221 0.0236891 0.00234853
 0.775225 0.174569 0.0333858 0.0111218 0.00569802
 0.385369 0.480625 0.104074 0.0199039 0.0100276
 0.768199 0.0910064 0.110098 0.0238405 0.00685646
 0.672868 0.252966 0.0291178 0.0352261 0.00982159
 0.494911 0.34307 0.125287 0.0144212 0.0223108
 0.761099 0.119836 0.0808724 0.029534 0.00865888
 0.720667 0.214038 0.0327529 0.0221036 0.0104387
 0.417889 0.42264 0.122194 0.0186987 0.0185784
 0.489247 0.216796 0.213426 0.0617063 0.0188243
 0.84544 0.0767949 0.0330083 0.0324953 0.0122612
pobs_PELACES
 0 0 0 0 0
 0 0 0 0 0
 0 0 0 0 0
 0 0 0 0 0
 0 0 0 0 0
 0 0 0 0 0
 0 0 0 0 0
 0 0 0 0 0
 0 0 0 0 0
 0 0 0 0 0
 0 0 0 0 0
 0 0 0 0 0
 0 0 0 0 0
 0 0 0 0 0
 0 0 0 0 0
 0 0 0 0 0
 0.505614 0.472636 0.0217494 0 0
 0 0 0 0 0
 0.443492 0.261883 0.143347 0.151278 0
 0.227955 0.32914 0.350689 0.0885471 0.00366901
 0.970185 0.0296113 0.000203453 0 0
 0.997202 0.00247181 0.000326279 0 0
 0.445219 0.490057 0.0546422 0.010081 0
 0.90214 0.0892962 0.00764917 0.000914606 0
 0 0 0 0 0
 0.581667 0.319106 0.0959925 0.00289975 0.000334073
 0.762889 0.0836404 0.116647 0.0363945 0.000428098
 0.88444 0.0763242 0.0277011 0.0115352 0
 0.521256 0.241999 0.230069 0.00667565 0
 0.616807 0.101726 0.260614 0.0208532 0
 0.833518 0.0704572 0.0857862 0.0102388 0
ppred_PELACES
 0.499702 0.100541 0.379502 0.0202549 7.02519e-07
 0.467793 0.266318 0.0534334 0.20169 0.010765
 0.603795 0.18584 0.105267 0.0211206 0.0839771
 0.819628 0.109117 0.033422 0.0189316 0.018901
 0.689271 0.254969 0.0337324 0.010332 0.0116955
 0.750521 0.172062 0.0635251 0.00840439 0.00548813
 0.507213 0.370205 0.0845425 0.031213 0.00682609
 0.468367 0.270766 0.195976 0.0447544 0.0201368
 0.531576 0.219549 0.126754 0.0917428 0.0303777
 0.693508 0.163338 0.0670962 0.0387373 0.0373211
 0.810112 0.131992 0.0308543 0.0126744 0.0143673
 0.770743 0.185798 0.0302084 0.00706146 0.0061889
 0.731581 0.207365 0.0494805 0.00804488 0.00352874
 0.684305 0.231555 0.0650012 0.0155103 0.0036279
 0.777296 0.153156 0.0510119 0.0143198 0.00421617
 0.943488 0.0440287 0.00858482 0.00285935 0.00103899
 0.460815 0.508965 0.0235446 0.00459077 0.00208466
 0.909327 0.0419118 0.0460284 0.00212926 0.000603694
 0.659351 0.309924 0.0142024 0.0155973 0.000926096
 0.663333 0.222615 0.103765 0.00475506 0.00553217
 0.775665 0.149179 0.049696 0.0231642 0.00229649
 0.78075 0.170279 0.0325652 0.0108484 0.00555797
 0.391603 0.47575 0.103019 0.019702 0.00992589
 0.772647 0.0892602 0.107985 0.0233831 0.0067249
 0.678415 0.248677 0.0286241 0.0346288 0.00965505
 0.500871 0.339022 0.123808 0.014251 0.0220475
 0.76561 0.117573 0.0793453 0.0289763 0.00849538
 0.725451 0.210372 0.032192 0.0217251 0.0102599
 0.423725 0.418402 0.120969 0.0185112 0.0183921
 0.495809 0.21401 0.210684 0.0609135 0.0185825
 0.84882 0.0751158 0.0322866 0.0317848 0.0119931
pobs_pel_tallas
 0 0 0 0 0 0 0 0 0 0 0 0 0 0 0 0 0 0 0 0 0 0 0 0 0 0
 0 0 0 0 0 0 0 0 0 0 0 0 0 0 0 0 0 0 0 0 0 0 0 0 0 0
 0 0 0 0 0 0 0 0 0 0 0 0 0 0 0 0 0 0 0 0 0 0 0 0 0 0
 0 0 0 0 0 0 0 0 0 0 0 0 0 0 0 0 0 0 0 0 0 0 0 0 0 0
 0 0 0 0 0 0 0 0 0 0 0 0 0 0 0 0 0 0 0 0 0 0 0 0 0 0
 0 0 0 0 0 0 0 0 0 0 0 0 0 0 0 0 0 0 0 0 0 0 0 0 0 0
 0 0 0 0 0 0 0 0 0 0 0 0 0 0 0 0 0 0 0 0 0 0 0 0 0 0
 0 0 0 0 0 0 0 0 0 0 0 0 0 0 0 0 0 0 0 0 0 0 0 0 0 0
 0 0 0 0 0 0 0 0 0 0 0 0 0 0 0 0 0 0 0 0 0 0 0 0 0 0
 0 0 0 0 0 0 0 0 0 0 0 0 0 0 0 0 0 0 0 0 0 0 0 0 0 0
 0 0 0 0 0 0 0 0 0 0 0 0 0 0 0 0 0 0 0 0 0 0 0 0 0 0
 0 0 0 0 0 0 0 0 0 0 0 0 0 0 0 0 0 0 0 0 0 0 0 0 0 0
 0.00862536 0 0 0.000197151 0.00414017 0.0128641 0.00837892 0.0270097 0.101434 0.158115 0.152841 0.127902 0.109271 0.109419 0.0830992 0.0579132 0.0238553 0.00714673 0.00463305 0.00128148 0.00103504 0.000492878 0.000147863 0.000147863 4.92878e-05 0
 0 0 0 0 0 0 0 0 0 0 0 0 0 0 0 0 0 0 0 0 0 0 0 0 0 0
 0 0 0 0 0 0 0 0.0054083 0.00873648 0.0413646 0.0450493 0.0745869 0.0622846 0.0627006 0.0613931 0.0827291 0.12552 0.122667 0.0946155 0.0697135 0.0546179 0.0294188 0.0215738 0.0213955 0.0102223 0.00600262
 0 0 0 0 0.00359764 0.0251062 0.0480494 0.140153 0.205849 0.193036 0.1447 0.116669 0.0760912 0.0342217 0.00950174 0.001854 0.000860785 0 0 0 0.000165536 0 0.000143464 0 0 0
 0 0 0 0 0 0 0 0.000145254 0.000435761 0.0275982 0.070085 0.0708112 0.156366 0.174668 0.174014 0.160142 0.0824315 0.0480064 0.0283245 0.00493863 0.00203355 0 0 0 0 0
 0 0 0 0 0 0 0 0 0 0 0 0 0 0 0 0 0 0 0 0 0 0 0 0 0 0
 0 0 1.00437e-05 0.000401748 0.00122533 0.00171747 0.00176769 0.0269171 0.070346 0.194647 0.189555 0.159765 0.064822 0.0314167 0.0384472 0.0292271 0.0345202 0.0313363 0.0194345 0.0106764 0.0143323 0.0359363 0.0279516 0.0138201 0.00172751 0
 0 0.0021121 0.0136068 0.0755702 0.200478 0.177729 0.0527432 0.0373336 0.0318909 0.0142505 0.0149659 0.0166563 0.0217959 0.0798694 0.0677717 0.0528807 0.04013 0.0224614 0.0357745 0.0225083 0.00881397 0.00855152 0.00135912 0.000746735 0 0
 0 0 0 0 5.4009e-05 0.00500934 0.000945158 0.0243581 0.138947 0.33067 0.221406 0.137944 0.0707744 0.0437923 0.0131692 0.00525238 0.0047753 0.00276346 9.45158e-05 9.00151e-06 2.25038e-05 9.00151e-06 4.50075e-06 0 0 0
 0.000866109 0.00284123 0.00948549 0.0512746 0.133035 0.25785 0.225252 0.132002 0.0553304 0.0519788 0.0540692 0.017754 0.00435017 0.00159236 0.00146478 0.000404838 0.000125132 0.000115318 0.000107957 0.000100596 0 0 0 0 0 0
 0 0 0 0 0.00144013 0.00171154 0.00461396 0.0210425 0.0478622 0.0707936 0.0888783 0.103762 0.0637923 0.0337046 0.0602308 0.124433 0.169614 0.0934646 0.0462172 0.0250306 0.0313229 0.00938855 0.002487 0.000210481 0 0
 0 0.00764035 0.051015 0.0998891 0.058973 0.0496711 0.0374665 0.0718981 0.12319 0.153886 0.159021 0.0857701 0.0377988 0.023471 0.0147837 0.00900784 0.00315554 0.000888139 0.00291439 0.00214683 0.00393193 0.00274676 0.000635225 9.99891e-05 0 0
 0 0 0 0 0 0 0 0 0 0 0 0 0 0 0 0 0 0 0 0 0 0 0 0 0 0
 0 0 0 0 0 0 0 0 0 0 0 0 0 0 0 0 0 0 0 0 0 0 0 0 0 0
 0 0 0 0 0 0 0 0 0 0 0 0 0 0 0 0 0 0 0 0 0 0 0 0 0 0
 0 0 0 0 0 0 0 0 0 0 0 0 0 0 0 0 0 0 0 0 0 0 0 0 0 0
 0 0 0 0 0 0 0 0 0 0 0 0 0 0 0 0 0 0 0 0 0 0 0 0 0 0
 0 0 0 0 0 0 0 0 0 0 0 0 0 0 0 0 0 0 0 0 0 0 0 0 0 0
 0 0 0 0 0 0 0 0 0 0 0 0 0 0 0 0 0 0 0 0 0 0 0 0 0 0
ppred_pel_tallas
 1.13009e-16 4.11598e-05 0.000400088 0.00265872 0.0120862 0.0376046 0.0801211 0.116941 0.116951 0.0801715 0.0377755 0.012587 0.00394305 0.00329396 0.00580077 0.0102104 0.0162968 0.0237991 0.0323524 0.0415866 0.0509907 0.0595776 0.0657606 0.0677964 0.0646395 0.0566137
 1.23659e-16 3.85316e-05 0.00037454 0.00248895 0.0113144 0.0352036 0.0750059 0.109479 0.109504 0.0751318 0.0356267 0.0125381 0.00556625 0.00711219 0.0128966 0.021434 0.0313142 0.0403912 0.0465984 0.0492237 0.0494204 0.0493921 0.0508393 0.053858 0.0569998 0.0582482
 1.19415e-16 4.97338e-05 0.000483431 0.00321257 0.0146039 0.0454382 0.0968115 0.141303 0.141321 0.0968998 0.0457351 0.0154633 0.00537719 0.00523344 0.00914444 0.0152357 0.0224162 0.0292156 0.034196 0.0367861 0.0376252 0.0380415 0.0390751 0.0408202 0.0424943 0.0430173
 1.0609e-16 6.75117e-05 0.000656238 0.00436093 0.0198242 0.0616804 0.131417 0.191809 0.19182 0.131469 0.0618537 0.0203253 0.00562075 0.00341296 0.00532269 0.00874572 0.0127209 0.0162798 0.018495 0.0189737 0.018093 0.0167199 0.0156374 0.015124 0.0149425 0.014629
 1.04055e-16 5.67744e-05 0.000551868 0.00366736 0.0166713 0.0518707 0.110517 0.161308 0.161332 0.110637 0.0522738 0.0178358 0.00659038 0.0069329 0.0121759 0.0200408 0.0288692 0.0363193 0.040048 0.0389887 0.0339903 0.0272402 0.0209484 0.0163119 0.0133589 0.0114638
 1.03649e-16 6.18194e-05 0.000600907 0.00399324 0.0181527 0.0564798 0.120337 0.175639 0.175655 0.120418 0.0567532 0.0189431 0.00598032 0.00494866 0.00834815 0.0137794 0.0200211 0.025547 0.028833 0.0291599 0.0270009 0.023623 0.0202447 0.0174354 0.0151113 0.0129331
 1.0682e-16 4.17786e-05 0.000406102 0.0026987 0.0122679 0.0381702 0.0813269 0.118706 0.118742 0.0815016 0.0387568 0.013963 0.00695644 0.00971032 0.0177404 0.029337 0.0424339 0.0537384 0.059916 0.0594321 0.0534369 0.04491 0.0367844 0.0305325 0.0260445 0.0224456
 1.13621e-16 3.85788e-05 0.000375 0.00249201 0.0113283 0.0352468 0.0750979 0.109613 0.10964 0.0752269 0.0356804 0.0125841 0.00565675 0.00732579 0.0133635 0.022357 0.0329665 0.0430644 0.0504747 0.0541655 0.0547365 0.0537215 0.0523235 0.0506678 0.0480579 0.043796
 1.18056e-16 4.37853e-05 0.000425609 0.00282832 0.0128571 0.0400035 0.0852324 0.124404 0.124425 0.0853368 0.0403545 0.0138735 0.0053889 0.00604694 0.0108141 0.0180607 0.026618 0.0347809 0.0408638 0.0441769 0.0454079 0.0459917 0.0469739 0.0482951 0.0489661 0.0478309
 1.12179e-16 5.71233e-05 0.000555259 0.00368989 0.0167737 0.0521894 0.111196 0.162297 0.162312 0.111273 0.0524495 0.0175262 0.00558325 0.0047037 0.0079815 0.0132276 0.0193469 0.0249785 0.0287968 0.0302576 0.0299247 0.0290277 0.0285985 0.0288696 0.029304 0.0290811
 1.04627e-16 6.67279e-05 0.000648619 0.0043103 0.019594 0.0609643 0.129891 0.189583 0.189596 0.129954 0.0611735 0.0201987 0.00582939 0.00396912 0.00638591 0.0104865 0.0151843 0.01928 0.0216054 0.0216438 0.0198357 0.017262 0.0149592 0.0134029 0.0124634 0.0117129
 1.02675e-16 6.34851e-05 0.000617098 0.00410083 0.0186418 0.0580017 0.123579 0.180371 0.180389 0.123667 0.0582956 0.019491 0.0062327 0.00527224 0.00890818 0.0146365 0.0211022 0.0265881 0.029389 0.0287216 0.0251847 0.0203398 0.0157613 0.0122985 0.00997568 0.00837102
 1.02885e-16 6.02594e-05 0.000585743 0.00389247 0.0176946 0.0550546 0.1173 0.171208 0.171228 0.117398 0.0553832 0.0186441 0.00627724 0.00579679 0.00997183 0.0164288 0.0237504 0.0300538 0.0334544 0.0330716 0.0295288 0.024483 0.0195871 0.0157063 0.0128468 0.0105944
 1.04105e-16 5.63654e-05 0.000547892 0.00364093 0.0165512 0.0514969 0.109721 0.160145 0.160167 0.10983 0.0518642 0.0176126 0.00630797 0.0063786 0.0111551 0.0184182 0.0266807 0.0338747 0.0379221 0.0378539 0.0343528 0.0292201 0.0242206 0.0202283 0.0171772 0.0145769
 1.03661e-16 6.40248e-05 0.000622344 0.0041357 0.0188003 0.0584948 0.12463 0.181904 0.181919 0.124702 0.058738 0.0195034 0.00590308 0.00448857 0.00743035 0.0122447 0.017779 0.0226658 0.0255514 0.025808 0.0238796 0.0209209 0.0180357 0.0157274 0.0138888 0.0121637
 1.00722e-16 7.77139e-05 0.000755407 0.00501994 0.0228199 0.0710013 0.151276 0.220793 0.220797 0.151297 0.071071 0.0230213 0.00552573 0.00186026 0.00217816 0.00348358 0.00502407 0.00634635 0.00704608 0.00693914 0.00616493 0.00508558 0.00406178 0.00328123 0.00273971 0.00233486
 1.01623e-16 3.79568e-05 0.000368954 0.00245183 0.0111457 0.0346787 0.0738883 0.107852 0.107901 0.0741276 0.0354818 0.0134645 0.00826848 0.0130538 0.0240907 0.0396668 0.0569029 0.071062 0.0773414 0.0735269 0.0613366 0.0453172 0.0302111 0.0188178 0.0115667 0.00743818
 1.01655e-16 7.49001e-05 0.000728055 0.00483818 0.0219937 0.0684305 0.145799 0.212798 0.212802 0.145819 0.0684981 0.0221896 0.00533306 0.0018182 0.00217398 0.00355007 0.00527972 0.00699787 0.00837341 0.00923169 0.00961452 0.00967541 0.00950939 0.00907829 0.00828541 0.00710815
 1.02211e-16 5.43099e-05 0.000527912 0.00350816 0.0159476 0.0496191 0.10572 0.154307 0.154337 0.105866 0.0501082 0.0173599 0.00705121 0.00825554 0.0147104 0.0241814 0.034709 0.0434 0.0473512 0.0452403 0.0381341 0.0288022 0.0201003 0.0136647 0.0096627 0.00738184
 1.04465e-16 5.46379e-05 0.0005311 0.00352935 0.0160439 0.0499187 0.106358 0.155237 0.155258 0.106463 0.050273 0.0170688 0.00610728 0.00617629 0.0108271 0.0179458 0.0261544 0.0335279 0.0381132 0.0389651 0.0366313 0.0326391 0.0284384 0.0246781 0.0212494 0.0178108
 1.04184e-16 6.38905e-05 0.000621038 0.00412702 0.0187608 0.058372 0.124368 0.181522 0.181537 0.124439 0.058609 0.0194459 0.00584926 0.00438918 0.00724539 0.0119434 0.0173562 0.0221609 0.0250531 0.0254366 0.0237545 0.0211286 0.0186107 0.0166458 0.0150716 0.0134892
 1.03012e-16 6.43094e-05 0.00062511 0.00415408 0.0188838 0.0587547 0.125184 0.182713 0.182729 0.125264 0.0590243 0.0196627 0.00611001 0.00489761 0.00818656 0.0134535 0.019425 0.0245367 0.0272408 0.0268286 0.0238444 0.0196947 0.0157791 0.0128237 0.0108054 0.00931525
 1.06751e-16 3.22559e-05 0.000313539 0.00208358 0.00947168 0.0294702 0.062791 0.0916549 0.0917008 0.0630154 0.0302237 0.0116489 0.00755137 0.012259 0.0227461 0.0376241 0.0543621 0.0687099 0.0763395 0.0752376 0.0668652 0.0550803 0.0437415 0.0348825 0.0285237 0.0236713
 1.06623e-16 6.36419e-05 0.000618622 0.00411096 0.0186878 0.0581448 0.123884 0.180814 0.180823 0.123927 0.0582892 0.0191069 0.0051705 0.00295676 0.00457814 0.00766156 0.0114843 0.0153942 0.0187506 0.0212349 0.0229572 0.0242055 0.0250682 0.0252852 0.0244469 0.0223358
 1.05997e-16 5.58802e-05 0.000543176 0.00360959 0.0164087 0.0510537 0.108776 0.158767 0.158791 0.108893 0.051447 0.0175446 0.00646115 0.00676906 0.0118833 0.0195677 0.0282134 0.0355588 0.0393551 0.0386096 0.0341962 0.0282684 0.022947 0.0192948 0.0171765 0.015809
 1.0882e-16 4.12562e-05 0.000401025 0.00266495 0.0121145 0.0376929 0.0803099 0.117221 0.117254 0.0804702 0.0382315 0.0136719 0.00658011 0.0089675 0.0163683 0.027146 0.0394548 0.0503585 0.0568714 0.0575968 0.0534952 0.0470897 0.0407961 0.0357219 0.0316506 0.0278293
 1.06664e-16 6.30623e-05 0.000612988 0.00407352 0.0185176 0.0576153 0.122756 0.179168 0.17918 0.122812 0.0578035 0.0190625 0.00544655 0.00362799 0.0058413 0.00969465 0.0142842 0.0186512 0.0218567 0.0234717 0.0237853 0.0234924 0.0231292 0.0227318 0.0219426 0.0203801
 1.04898e-16 5.97544e-05 0.000580835 0.00385985 0.0175463 0.0545933 0.116317 0.169773 0.169793 0.116417 0.0549262 0.018508 0.00627443 0.00585408 0.0100815 0.0165914 0.0239433 0.0302207 0.0335216 0.0329954 0.0293555 0.0243869 0.0198503 0.0166335 0.0146445 0.0132723
 1.08567e-16 3.49018e-05 0.000339258 0.00225449 0.0102486 0.0318874 0.067941 0.0991704 0.0992108 0.0681386 0.0325511 0.0121669 0.00707463 0.0108778 0.0200969 0.0332933 0.0482478 0.061284 0.0686582 0.0686266 0.0624285 0.053322 0.0444967 0.0375274 0.0322806 0.0278421
 1.15389e-16 4.08392e-05 0.000396972 0.00263802 0.0119921 0.0373118 0.0794976 0.116033 0.116054 0.0796 0.0376566 0.0129916 0.00516179 0.00595547 0.0107421 0.0180745 0.0269272 0.0357477 0.0429492 0.0477804 0.0506327 0.0524442 0.0537324 0.0541212 0.0527034 0.0488143
 1.06169e-16 6.99162e-05 0.00067961 0.00451625 0.0205302 0.0638771 0.136097 0.198639 0.198647 0.136133 0.0639969 0.0208767 0.00538849 0.00259195 0.00372657 0.00611701 0.00896747 0.0116329 0.0135203 0.0143973 0.0145299 0.0144676 0.0146403 0.0150852 0.0154799 0.015392
pSPR Fmed_Fpbrs
0.671197   0.199138 0.199138
Fs Fmed_Fpbrs
0.206136   1.005 1.005
SSBpbr Bo_Bmed_Bpbrs
2.00772e+06  1.24719e+06  299427 299427
Ro
193308
SPR SPRFo_SPRFmed_SPRFpbrs
1.38175e+06 927427 275159
Fref
1.005
Nvult_r0
 222695 20333.1 8739.64 8603.81 3246.41
CTP_r0
 28648 2982.95 1282.14 1262.22 476.263
YTP_r0
391303
Np
 252569 103544 9125.3 3922.28 5057.44
Nvult_p0
 213369 89600.6 7896.48 3394.1 4376.4
CTP_p0
 98839 44912 3958.09 1701.28 2193.66
YTP_p0
 1.68456e+06
CBA_c0
779281
log_Ro
11.992
likeval ReclasPelacesDesembMPH_pf_preclas_ppelaces_ptallas_desvR_qrecl_qpela
 19.3193 17.2496 0.13791 0.00280098 242.075 119.818 98.2172 0 21.7738 0 0 0.699313 0 0 0
q_reclas_q_pelaces
1 1
M
1
N
 218177 44503.2 167982 8965.59 0.310962
 124419 72600.2 14566.3 54982.2 2934.62
 121245 38214 21646 4342.99 17268.1
 273106 37486.3 11481.8 6503.76 6493.28
 215149 80337.5 10628.7 3255.49 3685.12
 316218 73884.9 27278.2 3608.92 2356.65
 133128 101229 23117.4 8534.94 1866.54
 62364.4 36287.4 26264.3 5997.88 2698.69
 51593.5 21880.4 12632.4 9143.15 3027.46
 63994.1 15636.2 6423.07 3708.29 3572.73
 109277 17989.2 4205.14 1727.39 1958.13
 147116 37276.5 6060.68 1416.73 1241.67
 126441 37574.6 8965.9 1457.74 639.411
 90014.4 32904.1 9236.69 2204.02 515.527
 90718.3 18813.9 6266.35 1759.06 517.919
 471038 22940.1 4472.91 1489.8 541.341
 111630 126768 5864.27 1143.43 519.227
 706693 33504.8 36795.6 1702.15 482.6
 431765 211432 9688.95 10640.6 631.789
 338248 117687 54856.1 2513.8 2924.62
 483345 95543.5 31828.4 14835.8 1470.82
 644041 145463 27819.3 9267.44 4747.97
 147892 183397 39712.8 7594.94 3826.34
 398080 46813.2 56633.7 12263.4 3526.93
 344434 128572 14799.3 17903.9 4991.88
 161500 110909 40503.3 4662.15 7212.74
 341959 53432.2 36059.2 13168.5 3860.8
 376555 110804 16955.6 11442.7 5403.92
 124209 124472 35987.6 5506.95 5471.54
 93087.2 41014.7 40377.3 11674 3561.3
 326239 29458.4 12661.9 12465.1 4703.38
pred_Ctot
 13275.1 3132.13 11822.6 630.996 0.0218854
 13178.2 8848.46 1775.33 6701.19 357.67
 12403.9 4500.53 2549.29 511.482 2033.69
 35229.5 5549.15 1699.67 962.761 961.209
 9096.22 3937.03 520.87 159.539 180.593
 26243.6 7074.76 2611.99 345.568 225.658
 22339 19401.7 4430.7 1635.81 357.741
 1832.27 1237.54 895.716 204.552 92.0361
 5837.39 2846.25 1643.25 1189.36 393.819
 9752.53 2726.88 1120.15 646.707 623.066
 5055.98 964.323 225.419 92.5978 104.966
 29285.2 8442.63 1372.66 320.871 281.222
 24053.9 8141.91 1942.79 315.872 138.552
 25715.8 10575.5 2968.69 708.378 165.691
 18480.4 4358.09 1451.55 407.473 119.972
 81984.2 4556.97 888.529 295.943 107.536
 13210.1 17237.1 797.383 155.475 70.601
 84832.4 4620.39 5074.2 234.731 66.5517
 72452.1 40524.2 1857.04 2039.44 121.092
 50721.8 20201 9416.05 431.494 502.012
 56503.6 12835.8 4275.98 1993.11 197.596
 93920.5 24294.1 4646.16 1547.78 792.97
 13208.5 18884.4 4089.23 782.051 393.999
 31040.8 4214.06 5098.08 1103.94 317.489
 27447 11825.5 1361.18 1646.73 459.134
 10365.7 8230.95 3005.88 345.993 535.281
 26035.3 4697.37 3170.06 1157.68 339.413
 24362.7 8288.61 1268.35 855.96 404.237
 8111.6 9397.74 2717.09 415.78 413.106
 8326.29 4229.58 4163.85 1203.86 367.254
 28648 2982.95 1282.14 1262.22 476.263
F
 0.100339 0.11685 0.11685 0.11685 0.11685
 0.180456 0.210148 0.210148 0.210148 0.210148
 0.173835 0.202438 0.202438 0.202438 0.202438
 0.223624 0.26042 0.26042 0.26042 0.26042
 0.0688231 0.0801475 0.0801475 0.0801475 0.0801475
 0.139042 0.161921 0.161921 0.161921 0.161921
 0.299844 0.349181 0.349181 0.349181 0.349181
 0.0474045 0.0552046 0.0552046 0.0552046 0.0552046
 0.193805 0.225695 0.225695 0.225695 0.225695
 0.269018 0.313283 0.313283 0.313283 0.313283
 0.0755246 0.0879517 0.0879517 0.0879517 0.0879517
 0.364895 0.424936 0.424936 0.424936 0.424936
 0.346182 0.403145 0.403145 0.403145 0.403145
 0.565374 0.658403 0.658403 0.658403 0.658403
 0.374873 0.436556 0.436556 0.436556 0.436556
 0.312577 0.364009 0.364009 0.364009 0.364009
 0.203498 0.236983 0.236983 0.236983 0.236983
 0.206692 0.240702 0.240702 0.240702 0.240702
 0.299852 0.349191 0.349191 0.349191 0.349191
 0.264199 0.307671 0.307671 0.307671 0.307671
 0.20081 0.233852 0.233852 0.233852 0.233852
 0.256107 0.298248 0.298248 0.298248 0.298248
 0.150318 0.175052 0.175052 0.175052 0.175052
 0.130167 0.151586 0.151586 0.151586 0.151586
 0.133188 0.155103 0.155103 0.155103 0.155103
 0.106095 0.123552 0.123552 0.123552 0.123552
 0.126928 0.147813 0.147813 0.147813 0.147813
 0.106985 0.124589 0.124589 0.124589 0.124589
 0.108035 0.125812 0.125812 0.125812 0.125812
 0.150559 0.175332 0.175332 0.175332 0.175332
 0.147635 0.171927 0.171927 0.171927 0.171927
nmprior
 8.19 8.8 8.5 0
nm_flota  nm_reclas  nm_pelaces    nm_pelaL
inf 11.5676 20.997 52.3365
cv_recla  cv_pelaces  cv_mph
0.397576 0.470935 1.63328
 ------------------------------------------------
Talla a la edad & desviaci?n 
 8 13.2811 15.8009 17.003 17.5766
 0.8 1.32811 1.58009 1.7003 1.75766
