years
 1991 1992 1993 1994 1995 1996 1997 1998 1999 2000 2001 2002 2003 2004 2005 2006 2007 2008 2009 2010 2011 2012 2013 2014 2015 2016 2017 2018 2019 2020 2021
reclasobs
 0 0 0 0 0 0 0 0 0 252601 567819 844713 477998 351125 339783 2.1784e+06 2.13404e+06 4.81314e+06 1.55562e+06 2.62356e+06 3.21686e+06 3.843e+06 1.13348e+06 3.07943e+06 1.97215e+06 2.03268e+06 2.025e+06 2.42433e+06 2.27542e+06 1.05018e+06 2.36338e+06
reclaspred
 3.39782e+06 1.93668e+06 987380 1.05717e+06 1.10084e+06 1.68585e+06 1.14768e+06 1.0311e+06 745109 542027 544266 663615 657331 533143 540569 1.23554e+06 1.24804e+06 2.65558e+06 2.20703e+06 1.65952e+06 2.9341e+06 2.38955e+06 1.94753e+06 2.98796e+06 2.25605e+06 2.00542e+06 2.32914e+06 2.42373e+06 2.02276e+06 1.32464e+06 1.94847e+06
pelacesobs
 0 0 0 0 0 0 0 0 0 0 0 0 0 0 0 552880 188675 0 991730 2.46772e+06 1.41603e+06 1.21717e+06 2.29649e+06 1.80582e+06 0 1.4828e+06 1.56532e+06 1.57751e+06 1.42118e+06 867257 1.10002e+06
pelacespred
 2.2142e+06 1.41525e+06 729433 613355 660708 1.02745e+06 707232 727960 528266 367319 367049 375962 405574 350207 356821 660109 700880 1.61699e+06 1.45293e+06 1.02592e+06 1.68744e+06 1.53515e+06 1.26057e+06 2.02108e+06 1.53743e+06 1.35352e+06 1.73348e+06 1.78742e+06 1.28482e+06 946533 1.31141e+06
mphobs
 0 0 0 0 0 0 0 0 0 0 0 498337 0 5186 125008 0 168611 109162 213762 579715 649985 157893 87575 83554 0 0 0 0 0 0 0
mphpred
 4.20908e+06 2.83195e+06 1.44411e+06 790589 956430 1.10424e+06 1.44483e+06 990450 855779 599482 394357 522335 553239 480498 347792 429465 1.17308e+06 1.17463e+06 2.1629e+06 1.66909e+06 1.7933e+06 2.20343e+06 2.10222e+06 1.77587e+06 2.45628e+06 2.02963e+06 1.6829e+06 1.75736e+06 2.39187e+06 1.67145e+06 1.09455e+06
desembarqueobs
 494567 514787 250237 358949 120608 361735 552515 73892 212993 205616 52469 317467 293654 387597 252695 516296 358380 742168 942051 627588 828172 859565 418607 520667 417249 300574 407403 355545 319650 289779 391294
desembarquepred
 494574 513129 251136 358969 120612 361750 552577 73895.3 213036 205658 52471.3 317538 293714 387665 252703 516292 358409 742104 941946 627513 828258 859629 418626 520694 417257 300582 407412 355541 319652 289794 391302
Reclutas
 230705 132644 131210 265630 212887 337652 142649 68071.9 59870.5 76093.4 134607 171830 145523 102702 105001 514622 127244 793207 471103 358811 536475 722610 161018 463359 388464 177939 384046 424936 135942 101604 370059
log_desv_Rt
 0.0741931 -0.479279 -0.490149 0.215161 -0.00618468 0.455071 -0.406558 -1.14638 -1.27476 -1.03498 -0.464588 -0.220442 -0.386612 -0.735116 -0.712978 0.876488 -0.520841 1.30914 0.788133 0.51585 0.918075 1.21593 -0.285426 0.771558 0.595256 -0.185502 0.583819 0.684993 -0.454715 -0.745865 0.546718
SSB
 4.20908e+06 2.83195e+06 1.44411e+06 790589 956430 1.10424e+06 1.44483e+06 990450 855779 599482 394357 522335 553239 480498 347792 429465 1.17308e+06 1.17463e+06 2.1629e+06 1.66909e+06 1.7933e+06 2.20343e+06 2.10222e+06 1.77587e+06 2.45628e+06 2.02963e+06 1.6829e+06 1.75736e+06 2.39187e+06 1.67145e+06 1.09455e+06
BT
 5.57338e+06 3.80579e+06 1.95276e+06 1.78818e+06 1.66875e+06 2.81426e+06 2.15819e+06 1.80488e+06 1.46822e+06 1.07643e+06 939211 1.17986e+06 1.25051e+06 1.25878e+06 1.13451e+06 2.07368e+06 1.94334e+06 4.67713e+06 4.40659e+06 3.01326e+06 4.80284e+06 4.50106e+06 3.34814e+06 5.46348e+06 4.03134e+06 3.49015e+06 4.66577e+06 4.73297e+06 3.26415e+06 2.5077e+06 3.60986e+06
Ftot
 0.10077 0.181262 0.175099 0.244128 0.0783269 0.155972 0.329494 0.0509035 0.201402 0.265355 0.0712536 0.33955 0.316677 0.509526 0.34074 0.312431 0.201139 0.207516 0.301203 0.267854 0.203517 0.257563 0.150124 0.128499 0.13125 0.105963 0.128264 0.108418 0.109115 0.152287 0.149168
BD_Bspro_t
 0.984006 0.880712 0.751622 0.676686 0.686697 0.752155 0.744892 0.621422 0.669413 0.634786 0.603223 0.744675 0.636346 0.555206 0.459872 0.5124 0.643513 0.63141 0.705441 0.618769 0.591879 0.637544 0.653003 0.651626 0.74624 0.753961 0.761815 0.790963 0.827408 0.772659 0.719501
BD_Bspro
 2.74899 1.84957 0.943161 0.516341 0.624653 0.721191 0.94363 0.646871 0.558916 0.391527 0.257558 0.341141 0.361325 0.313817 0.227146 0.280487 0.766146 0.76716 1.41261 1.0901 1.17122 1.43908 1.37298 1.15984 1.60421 1.32557 1.09912 1.14775 1.56215 1.09164 0.71486
BD_Bo
 1.89955 1.27805 0.651723 0.356791 0.431634 0.498342 0.652047 0.446987 0.38621 0.270544 0.177972 0.235728 0.249675 0.216847 0.156958 0.193816 0.529406 0.530107 0.976112 0.753257 0.80931 0.994402 0.948726 0.801445 1.10851 0.915965 0.759489 0.793093 1.07944 0.754321 0.493967
BD_Brms
 12.7567 8.58299 4.37676 2.39609 2.89872 3.3467 4.37894 3.00182 2.59366 1.81689 1.1952 1.58307 1.67674 1.45628 1.05408 1.30161 3.55532 3.56002 6.55526 5.05863 5.43507 6.67808 6.37134 5.38225 7.4444 6.15133 5.10049 5.32616 7.2492 5.06578 3.31732
Sel_flota
 0.859868 1 1 1 1
 0.859868 1 1 1 1
 0.859868 1 1 1 1
 0.859868 1 1 1 1
 0.859868 1 1 1 1
 0.859868 1 1 1 1
 0.859868 1 1 1 1
 0.859868 1 1 1 1
 0.859868 1 1 1 1
 0.859868 1 1 1 1
 0.859868 1 1 1 1
 0.859868 1 1 1 1
 0.859868 1 1 1 1
 0.859868 1 1 1 1
 0.859868 1 1 1 1
 0.859868 1 1 1 1
 0.859868 1 1 1 1
 0.859868 1 1 1 1
 0.859868 1 1 1 1
 0.859868 1 1 1 1
 0.859868 1 1 1 1
 0.859868 1 1 1 1
 0.859868 1 1 1 1
 0.859868 1 1 1 1
 0.859868 1 1 1 1
 0.859868 1 1 1 1
 0.859868 1 1 1 1
 0.859868 1 1 1 1
 0.859868 1 1 1 1
 0.859868 1 1 1 1
 0.859868 1 1 1 1
Sel_reclas
 1 1 1 1 1
 1 1 1 1 1
 1 1 1 1 1
 1 1 1 1 1
 1 1 1 1 1
 1 1 1 1 1
 1 1 1 1 1
 1 1 1 1 1
 1 1 1 1 1
 1 1 1 1 1
 1 1 1 1 1
 1 1 1 1 1
 1 1 1 1 1
 1 1 1 1 1
 1 1 1 1 1
 1 1 1 1 1
 1 1 1 1 1
 1 1 1 1 1
 1 1 1 1 1
 1 1 1 1 1
 1 1 1 1 1
 1 1 1 1 1
 1 1 1 1 1
 1 1 1 1 1
 1 1 1 1 1
 1 1 1 1 1
 1 1 1 1 1
 1 1 1 1 1
 1 1 1 1 1
 1 1 1 1 1
 1 1 1 1 1
Sel_pelaces
 0.894559 1 1 1 1
 0.894559 1 1 1 1
 0.894559 1 1 1 1
 0.894559 1 1 1 1
 0.894559 1 1 1 1
 0.894559 1 1 1 1
 0.894559 1 1 1 1
 0.894559 1 1 1 1
 0.894559 1 1 1 1
 0.894559 1 1 1 1
 0.894559 1 1 1 1
 0.894559 1 1 1 1
 0.894559 1 1 1 1
 0.894559 1 1 1 1
 0.894559 1 1 1 1
 0.894559 1 1 1 1
 0.894559 1 1 1 1
 0.894559 1 1 1 1
 0.894559 1 1 1 1
 0.894559 1 1 1 1
 0.894559 1 1 1 1
 0.894559 1 1 1 1
 0.894559 1 1 1 1
 0.894559 1 1 1 1
 0.894559 1 1 1 1
 0.894559 1 1 1 1
 0.894559 1 1 1 1
 0.894559 1 1 1 1
 0.894559 1 1 1 1
 0.894559 1 1 1 1
 0.894559 1 1 1 1
pf_obs 
 0.8446 0.082 0.0669 0.0065 0
 0.8095 0.147 0.0364 0.0071 0
 0.9664 0.0169 0.016 0.0007 0
 0.9276 0.0648 0.0075 0.0001 0
 0.7033 0.2144 0.0806 0.0017 0
 0.9318 0.0425 0.0243 0.0014 0
 0.5671 0.3108 0.0964 0.0239 0.0018
 0.0768 0.2599 0.5324 0.112 0.0189
 0.490249 0.384438 0.106611 0.0170017 0.00170017
 0.7925 0.1577 0.0466 0.003 0.0002
 0.840416 0.127587 0.0312969 0.00059994 9.999e-05
 0.8084 0.0986 0.0794 0.0134 0.0002
 0.7335 0.1905 0.0724 0.0035 0.0001
 0.4001 0.4547 0.1325 0.0127 0
 0.49795 0.308269 0.164784 0.0264974 0.00249975
 0.9179 0.0499 0.0305 0.0017 0
 0.2467 0.6533 0.0926 0.0074 0
 0.9418 0.0223 0.034 0.0019 0
 0.707729 0.231977 0.0356964 0.0245975 0
 0.517169 0.277429 0.184464 0.0207286 0.00020938
 0.811772 0.124168 0.05621 0.00726502 0.000585176
 0.764997 0.148141 0.077277 0.00933861 0.000247198
 0.163321 0.427699 0.378323 0.0303852 0.000271297
 0.753843 0.0900009 0.118128 0.0371064 0.000921714
 0.721811 0.176058 0.0630433 0.0369309 0.00215725
 0.143369 0.312575 0.442814 0.0836902 0.0175525
 0.692698 0.0596174 0.167031 0.0765114 0.00414204
 0.394062 0.376323 0.152708 0.0712218 0.00568511
 0.125707 0.32114 0.495352 0.0537591 0.00404204
 0.23352 0.215282 0.420074 0.123614 0.00750983
 0.774587 0.0839891 0.0768558 0.0609784 0.00358967
pf_pred 
 0.436074 0.110344 0.430374 0.0232066 7.58643e-07
 0.413197 0.279064 0.0602156 0.234859 0.0126645
 0.553351 0.202762 0.115985 0.0250268 0.102876
 0.768064 0.137729 0.0427666 0.0244635 0.0269772
 0.649189 0.279668 0.0422465 0.0131181 0.0157787
 0.73242 0.183064 0.0673761 0.0101778 0.00696166
 0.467448 0.406499 0.0862387 0.0317398 0.00807412
 0.432003 0.290893 0.211515 0.0448728 0.0207165
 0.505407 0.232658 0.134147 0.0975414 0.0302469
 0.662376 0.184755 0.0719101 0.0414623 0.0394969
 0.784995 0.150501 0.035298 0.0137387 0.0154675
 0.723679 0.223898 0.036695 0.00860636 0.00712105
 0.671614 0.24897 0.0643499 0.0105464 0.00452016
 0.612293 0.275107 0.0853691 0.0220649 0.00516616
 0.712741 0.188869 0.0698154 0.0216646 0.00691058
 0.921189 0.058961 0.013051 0.00482431 0.00197457
 0.416421 0.544565 0.0291877 0.00646069 0.00336568
 0.88915 0.0507338 0.0560973 0.00300671 0.00101224
 0.604202 0.358073 0.0172657 0.019091 0.00136773
 0.601811 0.257045 0.127691 0.00615706 0.00729571
 0.740928 0.166474 0.0597752 0.0296943 0.00312841
 0.745986 0.196061 0.0372392 0.0133714 0.00734224
 0.33755 0.514919 0.113871 0.0216284 0.0120304
 0.743006 0.0963756 0.124848 0.0276094 0.00816094
 0.630132 0.285775 0.0315359 0.0408526 0.0117047
 0.445776 0.369667 0.142597 0.0157359 0.0262252
 0.729922 0.131123 0.0926831 0.0357519 0.0105205
 0.688483 0.236932 0.036211 0.0255955 0.0127786
 0.37348 0.452168 0.132608 0.0202669 0.0214775
 0.443418 0.229094 0.236353 0.0693154 0.0218202
 0.825717 0.0843682 0.0370096 0.0381822 0.0147227
pobs_RECLAS
 0 0 0 0 0
 0 0 0 0 0
 0 0 0 0 0
 0 0 0 0 0
 0 0 0 0 0
 0 0 0 0 0
 0 0 0 0 0
 0 0 0 0 0
 0 0 0 0 0
 0 0 0 0 0
 0.991045 0.00858322 0.000360255 1.14367e-05 0
 0.934742 0.0480273 0.0164251 0.00080598 0
 0.827803 0.169806 0.00239088 0 0
 0.941827 0.0461693 0.0120037 0 0
 0.791401 0.0380133 0.147996 0.0225897 0
 0.846168 0.0940531 0.0597789 0 0
 0.134021 0.677848 0.182769 0.00536245 0
 0.80878 0.0450904 0.141981 0.00414843 0
 0.846168 0.0940531 0.0597789 0 0
 0.905697 0.0802665 0.012482 0.00150086 5.37128e-05
 0.989698 0.0102097 9.19794e-05 0 0
 0.975433 0.0193895 0.00387452 0.00125025 5.28907e-05
 0.303575 0.632131 0.0575291 0.00676475 0
 0.966965 0.00978017 0.0227588 0.000495775 0
 0.843318 0.132988 0.00938335 0.0141283 0.000182051
 0.564624 0.303363 0.111486 0.0197234 0.00080311
 0.826376 0.0876187 0.0782897 0.00655872 0.00115652
 0.89761 0.0855135 0.0140674 0.00269457 0.000114338
 0.34875 0.467042 0.161289 0.0227151 0.000203297
 0.318654 0.224769 0.449479 0.00709798 0
 0.937255 0.0296025 0.0250945 0.00804832 0
ppred_RECLAS
 0.473806 0.102961 0.401578 0.0216539 7.07883e-07
 0.450817 0.261173 0.0563551 0.219802 0.0118525
 0.59086 0.185735 0.106244 0.0229251 0.0942363
 0.794424 0.122076 0.0379061 0.0216831 0.0239112
 0.682961 0.252744 0.0381794 0.0118552 0.0142597
 0.761324 0.16329 0.060098 0.00907837 0.00620966
 0.506368 0.376791 0.0799362 0.0294202 0.00748405
 0.469514 0.271682 0.197546 0.0419094 0.0193483
 0.543722 0.214635 0.123755 0.0899851 0.0279038
 0.696068 0.166318 0.0647341 0.0373247 0.0355554
 0.809515 0.133337 0.0312724 0.0121718 0.0137035
 0.753773 0.199514 0.0326987 0.00766906 0.00634551
 0.70498 0.223673 0.0578114 0.0094748 0.00406088
 0.649401 0.248776 0.0771984 0.019953 0.00467171
 0.743608 0.168574 0.0623136 0.0193367 0.00616802
 0.931768 0.0510464 0.0112991 0.00417672 0.00170952
 0.454184 0.509327 0.027299 0.00604262 0.00314789
 0.903426 0.0441998 0.0488725 0.00261948 0.000881876
 0.640692 0.325062 0.015674 0.017331 0.00124164
 0.638256 0.233518 0.116004 0.00559352 0.00662795
 0.769331 0.148223 0.0532219 0.0264388 0.00278544
 0.774156 0.174318 0.0331094 0.0118885 0.00652798
 0.372549 0.487715 0.107855 0.0204857 0.0113948
 0.771054 0.0858571 0.111222 0.0245961 0.00727025
 0.664953 0.258871 0.028567 0.0370066 0.0106028
 0.483645 0.344408 0.132853 0.0146606 0.0244333
 0.758934 0.117037 0.0827268 0.0319114 0.00939036
 0.720185 0.21282 0.0325259 0.0229907 0.0114782
 0.409758 0.425985 0.124929 0.0190933 0.0202339
 0.481424 0.21345 0.220213 0.0645822 0.0203302
 0.846641 0.0742394 0.0325664 0.0335983 0.0129552
pobs_PELACES
 0 0 0 0 0
 0 0 0 0 0
 0 0 0 0 0
 0 0 0 0 0
 0 0 0 0 0
 0 0 0 0 0
 0 0 0 0 0
 0 0 0 0 0
 0 0 0 0 0
 0 0 0 0 0
 0 0 0 0 0
 0 0 0 0 0
 0 0 0 0 0
 0 0 0 0 0
 0 0 0 0 0
 0 0 0 0 0
 0.505614 0.472636 0.0217494 0 0
 0 0 0 0 0
 0.443492 0.261883 0.143347 0.151278 0
 0.227955 0.32914 0.350689 0.0885471 0.00366901
 0.970185 0.0296113 0.000203453 0 0
 0.997202 0.00247181 0.000326279 0 0
 0.445219 0.490057 0.0546422 0.010081 0
 0.90214 0.0892962 0.00764917 0.000914606 0
 0 0 0 0 0
 0.581667 0.319106 0.0959925 0.00289975 0.000334073
 0.762889 0.0836404 0.116647 0.0363945 0.000428098
 0.88444 0.0763242 0.0277011 0.0115352 0
 0.521256 0.241999 0.230069 0.00667565 0
 0.616807 0.101726 0.260614 0.0208532 0
 0.833518 0.0704572 0.0857862 0.0102388 0
ppred_PELACES
 0.447288 0.10815 0.421817 0.0227452 7.43558e-07
 0.425457 0.273234 0.0589575 0.229952 0.0123999
 0.565667 0.197171 0.112786 0.0243367 0.100039
 0.777588 0.132073 0.0410104 0.0234589 0.0258694
 0.659173 0.271708 0.0410441 0.0127447 0.0153296
 0.741876 0.176595 0.0649951 0.00981811 0.00671565
 0.482329 0.39514 0.0838289 0.0308529 0.00784851
 0.442465 0.285535 0.207619 0.0440463 0.0203349
 0.518298 0.226594 0.130651 0.0949991 0.0294586
 0.674694 0.178014 0.0692866 0.0399496 0.0380559
 0.792282 0.1454 0.0341017 0.013273 0.0149433
 0.735579 0.214257 0.0351148 0.00823574 0.00681439
 0.684461 0.23923 0.0618324 0.0101338 0.00434333
 0.629144 0.26315 0.0816588 0.0211059 0.00494163
 0.724947 0.180843 0.0668487 0.020744 0.00661692
 0.925339 0.0558566 0.0123638 0.0045703 0.00187061
 0.429007 0.53282 0.0285582 0.00632135 0.00329309
 0.89417 0.0484363 0.0535568 0.00287055 0.000966403
 0.617954 0.345633 0.0166659 0.0184277 0.00132021
 0.615092 0.248472 0.123432 0.00595171 0.00705238
 0.750733 0.160174 0.057513 0.0285705 0.00301002
 0.756285 0.188112 0.0357294 0.0128292 0.00704456
 0.348468 0.506433 0.111995 0.0212719 0.0118321
 0.751904 0.0930388 0.120525 0.0266535 0.00787838
 0.641088 0.27731 0.0306018 0.0396425 0.011358
 0.457114 0.362104 0.139679 0.0154139 0.0256887
 0.739111 0.126662 0.0895296 0.0345355 0.0101626
 0.698248 0.229505 0.0350759 0.0247931 0.0123781
 0.384298 0.44436 0.130318 0.0199169 0.0211066
 0.455438 0.224146 0.231248 0.0678184 0.0213489
 0.832572 0.0810499 0.0355539 0.0366804 0.0141437
pobs_pel_tallas
 0 0 0 0 0 0 0 0 0 0 0 0 0 0 0 0 0 0 0 0 0 0 0 0 0 0
 0 0 0 0 0 0 0 0 0 0 0 0 0 0 0 0 0 0 0 0 0 0 0 0 0 0
 0 0 0 0 0 0 0 0 0 0 0 0 0 0 0 0 0 0 0 0 0 0 0 0 0 0
 0 0 0 0 0 0 0 0 0 0 0 0 0 0 0 0 0 0 0 0 0 0 0 0 0 0
 0 0 0 0 0 0 0 0 0 0 0 0 0 0 0 0 0 0 0 0 0 0 0 0 0 0
 0 0 0 0 0 0 0 0 0 0 0 0 0 0 0 0 0 0 0 0 0 0 0 0 0 0
 0 0 0 0 0 0 0 0 0 0 0 0 0 0 0 0 0 0 0 0 0 0 0 0 0 0
 0 0 0 0 0 0 0 0 0 0 0 0 0 0 0 0 0 0 0 0 0 0 0 0 0 0
 0 0 0 0 0 0 0 0 0 0 0 0 0 0 0 0 0 0 0 0 0 0 0 0 0 0
 0 0 0 0 0 0 0 0 0 0 0 0 0 0 0 0 0 0 0 0 0 0 0 0 0 0
 0 0 0 0 0 0 0 0 0 0 0 0 0 0 0 0 0 0 0 0 0 0 0 0 0 0
 0 0 0 0 0 0 0 0 0 0 0 0 0 0 0 0 0 0 0 0 0 0 0 0 0 0
 0.00862536 0 0 0.000197151 0.00414017 0.0128641 0.00837892 0.0270097 0.101434 0.158115 0.152841 0.127902 0.109271 0.109419 0.0830992 0.0579132 0.0238553 0.00714673 0.00463305 0.00128148 0.00103504 0.000492878 0.000147863 0.000147863 4.92878e-05 0
 0 0 0 0 0 0 0 0 0 0 0 0 0 0 0 0 0 0 0 0 0 0 0 0 0 0
 0 0 0 0 0 0 0 0.0054083 0.00873648 0.0413646 0.0450493 0.0745869 0.0622846 0.0627006 0.0613931 0.0827291 0.12552 0.122667 0.0946155 0.0697135 0.0546179 0.0294188 0.0215738 0.0213955 0.0102223 0.00600262
 0 0 0 0 0.00359764 0.0251062 0.0480494 0.140153 0.205849 0.193036 0.1447 0.116669 0.0760912 0.0342217 0.00950174 0.001854 0.000860785 0 0 0 0.000165536 0 0.000143464 0 0 0
 0 0 0 0 0 0 0 0.000145254 0.000435761 0.0275982 0.070085 0.0708112 0.156366 0.174668 0.174014 0.160142 0.0824315 0.0480064 0.0283245 0.00493863 0.00203355 0 0 0 0 0
 0 0 0 0 0 0 0 0 0 0 0 0 0 0 0 0 0 0 0 0 0 0 0 0 0 0
 0 0 1.00437e-05 0.000401748 0.00122533 0.00171747 0.00176769 0.0269171 0.070346 0.194647 0.189555 0.159765 0.064822 0.0314167 0.0384472 0.0292271 0.0345202 0.0313363 0.0194345 0.0106764 0.0143323 0.0359363 0.0279516 0.0138201 0.00172751 0
 0 0.0021121 0.0136068 0.0755702 0.200478 0.177729 0.0527432 0.0373336 0.0318909 0.0142505 0.0149659 0.0166563 0.0217959 0.0798694 0.0677717 0.0528807 0.04013 0.0224614 0.0357745 0.0225083 0.00881397 0.00855152 0.00135912 0.000746735 0 0
 0 0 0 0 5.4009e-05 0.00500934 0.000945158 0.0243581 0.138947 0.33067 0.221406 0.137944 0.0707744 0.0437923 0.0131692 0.00525238 0.0047753 0.00276346 9.45158e-05 9.00151e-06 2.25038e-05 9.00151e-06 4.50075e-06 0 0 0
 0.000866109 0.00284123 0.00948549 0.0512746 0.133035 0.25785 0.225252 0.132002 0.0553304 0.0519788 0.0540692 0.017754 0.00435017 0.00159236 0.00146478 0.000404838 0.000125132 0.000115318 0.000107957 0.000100596 0 0 0 0 0 0
 0 0 0 0 0.00144013 0.00171154 0.00461396 0.0210425 0.0478622 0.0707936 0.0888783 0.103762 0.0637923 0.0337046 0.0602308 0.124433 0.169614 0.0934646 0.0462172 0.0250306 0.0313229 0.00938855 0.002487 0.000210481 0 0
 0 0.00764035 0.051015 0.0998891 0.058973 0.0496711 0.0374665 0.0718981 0.12319 0.153886 0.159021 0.0857701 0.0377988 0.023471 0.0147837 0.00900784 0.00315554 0.000888139 0.00291439 0.00214683 0.00393193 0.00274676 0.000635225 9.99891e-05 0 0
 0 0 0 0 0 0 0 0 0 0 0 0 0 0 0 0 0 0 0 0 0 0 0 0 0 0
 0 0 0 0 0 0 0 0 0 0 0 0 0 0 0 0 0 0 0 0 0 0 0 0 0 0
 0 0 0 0 0 0 0 0 0 0 0 0 0 0 0 0 0 0 0 0 0 0 0 0 0 0
 0 0 0 0 0 0 0 0 0 0 0 0 0 0 0 0 0 0 0 0 0 0 0 0 0 0
 0 0 0 0 0 0 0 0 0 0 0 0 0 0 0 0 0 0 0 0 0 0 0 0 0 0
 0 0 0 0 0 0 0 0 0 0 0 0 0 0 0 0 0 0 0 0 0 0 0 0 0 0
 0 0 0 0 0 0 0 0 0 0 0 0 0 0 0 0 0 0 0 0 0 0 0 0 0 0
ppred_pel_tallas
 1.14482e-16 3.68425e-05 0.000358122 0.00237985 0.0108185 0.0336603 0.0717172 0.104676 0.104687 0.0717716 0.0338446 0.0113587 0.00376631 0.00348516 0.00626912 0.0110692 0.0177147 0.0259571 0.0354256 0.0457255 0.0562765 0.0659486 0.072943 0.0752994 0.0718504 0.0629613
 1.26931e-16 3.50444e-05 0.000340644 0.0022637 0.0102905 0.0320176 0.0682178 0.0995714 0.0995979 0.0683471 0.032452 0.011547 0.00542459 0.00726425 0.013257 0.022065 0.0322978 0.0417967 0.0484928 0.0517077 0.052656 0.0535818 0.0561435 0.0602844 0.0643252 0.0660224
 1.22676e-16 4.65933e-05 0.000452903 0.0030097 0.0136817 0.0425689 0.0906982 0.132381 0.1324 0.0907919 0.042884 0.0145939 0.00530748 0.00549606 0.00970564 0.0161893 0.0238417 0.031124 0.0365345 0.0394962 0.0407152 0.0416153 0.0432875 0.0457807 0.048177 0.049221
 1.07948e-16 6.40489e-05 0.000622579 0.00413725 0.0188074 0.0585168 0.124677 0.181972 0.181985 0.124739 0.0587266 0.019414 0.00566252 0.00396047 0.00642815 0.0105928 0.0154166 0.0197461 0.022467 0.0231117 0.0221438 0.0206154 0.019469 0.0190262 0.0189751 0.0187245
 1.05127e-16 5.42953e-05 0.00052777 0.00350722 0.0159433 0.0496057 0.105691 0.154265 0.154291 0.105819 0.0500355 0.0171849 0.00662428 0.00733392 0.0129853 0.0213951 0.0308495 0.0388726 0.0429833 0.0420555 0.0369918 0.0301032 0.0237062 0.0190287 0.0160553 0.0140905
 1.04042e-16 6.11074e-05 0.000593986 0.00394724 0.0179436 0.0558293 0.118951 0.173616 0.173633 0.119034 0.0561099 0.0187549 0.00598677 0.00505661 0.00856669 0.0141448 0.020555 0.0262352 0.0296247 0.0299905 0.0278235 0.0244269 0.0210499 0.0182678 0.0159794 0.0138178
 1.06943e-16 3.97289e-05 0.000386179 0.0025663 0.011666 0.0362976 0.0773372 0.112884 0.112922 0.0775236 0.0369235 0.0134745 0.00710834 0.0103099 0.0189118 0.0312685 0.0451971 0.0571727 0.0636237 0.0629075 0.0562643 0.0469076 0.0380163 0.0312114 0.0264075 0.0226727
 1.13923e-16 3.64453e-05 0.000354261 0.00235419 0.0107018 0.0332975 0.0709449 0.103552 0.10358 0.0710809 0.0337548 0.0120261 0.00569155 0.00768412 0.0140877 0.0235745 0.0347592 0.0453983 0.0531912 0.0570412 0.0575711 0.0563915 0.0547731 0.0528625 0.0499522 0.0453392
 1.18341e-16 4.26916e-05 0.000414977 0.00275767 0.012536 0.0390042 0.0831034 0.121296 0.121318 0.0832111 0.0393665 0.0135849 0.00540028 0.00621628 0.0111574 0.0186372 0.0274654 0.0358823 0.0421456 0.0455396 0.0467703 0.0473162 0.0482568 0.0495357 0.0501425 0.0488982
 1.12492e-16 5.55737e-05 0.000540196 0.00358979 0.0163187 0.0507736 0.108179 0.157894 0.157911 0.108263 0.0510569 0.0171382 0.00565155 0.00505638 0.00867873 0.0143838 0.0210151 0.0270824 0.0311269 0.0325447 0.0319488 0.0306937 0.0299355 0.0299702 0.030257 0.0299345
 1.04882e-16 6.52592e-05 0.000634343 0.00421543 0.0191628 0.0596225 0.127033 0.185411 0.185425 0.127101 0.059853 0.0198288 0.00588877 0.00429191 0.00702566 0.0115493 0.0167221 0.0212278 0.0237775 0.0237985 0.0217727 0.0188882 0.0162882 0.0145022 0.013398 0.0125175
 1.03048e-16 6.05887e-05 0.000588944 0.00391374 0.0177913 0.0553554 0.117941 0.172143 0.172164 0.118042 0.0556944 0.0187705 0.00637223 0.00595736 0.0102607 0.016879 0.0243374 0.0306663 0.0338999 0.0331346 0.0290596 0.0234734 0.0181897 0.0141867 0.0114928 0.00962453
 1.03597e-16 5.63782e-05 0.000548016 0.00364176 0.0165549 0.0515086 0.109745 0.160182 0.160205 0.109858 0.0518879 0.0176508 0.00639478 0.00656497 0.0115044 0.0189841 0.0274678 0.0348042 0.0388283 0.0385276 0.0346118 0.0289694 0.0234737 0.0190897 0.0158035 0.0131374
 1.05377e-16 5.18218e-05 0.000503726 0.00334744 0.015217 0.0473458 0.100876 0.147237 0.147263 0.101001 0.0477635 0.0164243 0.00638153 0.0071391 0.0126887 0.0209871 0.0304437 0.0387378 0.0435278 0.0437222 0.0400865 0.03463 0.0292983 0.0250173 0.02166 0.0186499
 1.05176e-16 5.9713e-05 0.000580432 0.00385717 0.0175342 0.0545554 0.116237 0.169654 0.169672 0.116322 0.0548428 0.0183653 0.00594685 0.00515369 0.00877905 0.0145083 0.0211042 0.0269838 0.0305692 0.0311315 0.0291896 0.0260771 0.0230438 0.0206192 0.0186197 0.0165939
 1.01147e-16 7.62189e-05 0.000740875 0.00492338 0.022381 0.0696355 0.148366 0.216546 0.216551 0.148392 0.069724 0.0226367 0.00556568 0.0021444 0.00274585 0.00442965 0.00639948 0.00810265 0.00903242 0.0089586 0.00805752 0.00678227 0.00557827 0.00466813 0.00403196 0.00353065
 1.02152e-16 3.53369e-05 0.000343487 0.00228259 0.0103764 0.032285 0.0687886 0.10041 0.100461 0.0690391 0.033126 0.0128044 0.00837346 0.0136275 0.0252276 0.0415545 0.0596326 0.0745163 0.0811886 0.0773376 0.0647579 0.0481919 0.0325744 0.0208016 0.0132942 0.00897041
 1.0201e-16 7.36516e-05 0.00071592 0.00475754 0.0216271 0.0672899 0.143368 0.209251 0.209256 0.143392 0.067368 0.0218536 0.00532964 0.0019763 0.00250092 0.00410526 0.00610922 0.00810273 0.00970564 0.0107177 0.0111876 0.0112916 0.011136 0.0106714 0.00978043 0.00843209
 1.02641e-16 5.09001e-05 0.000494767 0.0032879 0.0149463 0.0465038 0.0990825 0.144621 0.144654 0.0992451 0.0470494 0.0165215 0.00723959 0.00911394 0.0163988 0.0269745 0.038725 0.0484345 0.0528696 0.0505586 0.0426916 0.0323537 0.0227218 0.015609 0.0111902 0.0086621
 1.05416e-16 5.06644e-05 0.000492476 0.00327267 0.0148771 0.0462884 0.0986231 0.143948 0.143972 0.0987409 0.0466841 0.0160219 0.00615286 0.00680146 0.0120954 0.0200794 0.029299 0.0376294 0.0429055 0.0440759 0.0417374 0.0375579 0.0331039 0.029049 0.025241 0.0212997
 1.05076e-16 6.18369e-05 0.000601077 0.00399437 0.0181578 0.0564958 0.120371 0.175688 0.175704 0.120447 0.0567504 0.018894 0.00584539 0.00465232 0.00778685 0.0128573 0.01871 0.0239429 0.0271697 0.0277597 0.0261863 0.0236344 0.0211964 0.0193036 0.0177396 0.0160512
 1.03558e-16 6.22942e-05 0.000605522 0.00402391 0.0182921 0.0569136 0.121261 0.176988 0.177006 0.12135 0.0572115 0.0191526 0.00618473 0.00532563 0.00903566 0.0148633 0.021463 0.0271156 0.0301139 0.0296793 0.0264172 0.0218842 0.0176261 0.0144389 0.0122857 0.0106998
 1.07497e-16 2.8703e-05 0.000279003 0.00185408 0.00842839 0.0262241 0.0558751 0.0815615 0.0816104 0.0561139 0.0270263 0.0107463 0.00767543 0.0129976 0.0242145 0.040067 0.0579045 0.073213 0.0813919 0.0803018 0.071496 0.059072 0.047121 0.0377887 0.0310803 0.0259285
 1.07509e-16 6.19334e-05 0.000602014 0.0040006 0.0181861 0.0565839 0.120558 0.17596 0.175969 0.120603 0.0567347 0.0186239 0.00510809 0.00304806 0.00479089 0.00804099 0.0120898 0.0162793 0.0199595 0.0228057 0.0249196 0.0265635 0.0277707 0.0282083 0.0274057 0.0251258
 1.06852e-16 5.28056e-05 0.000513289 0.00341099 0.0155059 0.0482447 0.102791 0.150033 0.150059 0.102922 0.0486832 0.0167725 0.00659054 0.00745508 0.0132396 0.0218147 0.0314513 0.0396345 0.0438581 0.0430187 0.0380969 0.0315021 0.0256053 0.0215918 0.0193028 0.0178497
 1.10017e-16 3.76519e-05 0.00036599 0.00243214 0.0110562 0.0344 0.0732941 0.106982 0.107017 0.0734654 0.0349756 0.0127204 0.00661664 0.00952372 0.0174972 0.0290432 0.0422473 0.0539944 0.0611106 0.0621104 0.0580073 0.0514631 0.0450082 0.0397745 0.0354957 0.0313605
 1.078e-16 6.08796e-05 0.000591771 0.00393253 0.0178767 0.0556212 0.118507 0.172967 0.17298 0.118568 0.055824 0.0184643 0.0054135 0.00384508 0.00629964 0.0104769 0.0154613 0.0202383 0.0238108 0.0257262 0.0262943 0.0262456 0.0261223 0.0259183 0.0252061 0.0235485
 1.05653e-16 5.75138e-05 0.000559055 0.00371512 0.0168884 0.0525462 0.111956 0.163408 0.16343 0.112064 0.0529094 0.0179376 0.00634944 0.00631234 0.010992 0.0181032 0.0261293 0.032988 0.0366088 0.0360689 0.0321514 0.0268059 0.021951 0.0185455 0.0164735 0.0150497
 1.09444e-16 3.16542e-05 0.00030769 0.00204471 0.009295 0.0289204 0.0616196 0.0899446 0.0899875 0.0618294 0.0296254 0.0113326 0.00716466 0.0115023 0.0213442 0.0353725 0.0512718 0.0651472 0.0730289 0.0730691 0.0665841 0.0570278 0.0477747 0.0404803 0.034986 0.030308
 1.17145e-16 3.75139e-05 0.000364649 0.00242322 0.0110156 0.0342738 0.0730247 0.106586 0.106608 0.0731321 0.0346352 0.0120638 0.00507077 0.00619867 0.0112778 0.0190067 0.0283681 0.0377664 0.0455664 0.0509946 0.0544473 0.0568578 0.0586876 0.0594531 0.0581337 0.0540056
 1.07119e-16 6.85779e-05 0.000666601 0.0044298 0.0201372 0.0626545 0.133492 0.194837 0.194845 0.133531 0.0627837 0.0205113 0.0053715 0.00273163 0.00401849 0.00661068 0.00970073 0.0126038 0.0146881 0.0157106 0.0159635 0.0160387 0.016389 0.0170336 0.0175969 0.0175855
pSPR Fmed_Fpbrs
0.706465   0.198905 0.198905
Fs Fmed_Fpbrs
0.178006   1.005 1.005
SSBpbr Bo_Bmed_Bpbrs
2.21584e+06  1.45462e+06  329950 329950
Ro
214207
SPR SPRFo_SPRFmed_SPRFpbrs
1.53114e+06 1.0817e+06 304552
Fref
1.005
Nvult_r0
 250310 22399.1 9825.73 10137 3908.76
CTP_r0
 28456 2907.51 1275.43 1315.84 507.378
YTP_r0
391302
Np
 283284 119749 10391.3 4558.31 6193.03
Nvult_p0
 239368 103624 8991.97 3944.48 5359.07
CTP_p0
 110963 51941 4507.2 1977.16 2686.22
YTP_p0
 1.92677e+06
CBA_c0
851942
log_Ro
12.0947
likeval ReclasPelacesDesembMPH_pf_preclas_ppelaces_ptallas_desvR_qrecl_qpela
 17.2254 17.8329 0.117904 0.00324317 241.612 120.195 98.5847 0 21.2037 5.76298e-06 0 0.59978 0 0 0
q_reclas_q_pelaces
0.711644 1
M
1
N
 230705 50488.6 196921 10618.4 0.347123
 132644 77827 16793.3 65498.8 3531.94
 131210 41754.4 23884.4 5153.71 21184.9
 265630 41522.4 12893.3 7375.24 8133.07
 212887 79216.8 11966.4 3715.74 4469.37
 337652 73215.7 26946.7 4070.55 2784.28
 142649 108625 23044.7 8481.52 2157.57
 68071.9 39530.2 28743.3 6097.89 2815.22
 59870.5 23969.8 13820.6 10049.3 3116.22
 76093.4 18522.9 7209.45 4156.86 3959.82
 134607 22282.3 5226.03 2034.07 2290.03
 171830 46576.1 7633.43 1790.33 1481.35
 145523 47206.6 12201.2 1999.68 857.058
 102702 40773.5 12652.5 3270.23 765.676
 105001 24378.5 9011.54 2796.4 891.995
 514622 28817.3 6378.69 2357.89 965.075
 127244 144718 7756.6 1716.92 894.425
 793207 39375.8 43538.4 2333.58 785.627
 471103 244117 11770.9 13015.3 932.454
 358811 133765 66449.7 3204.1 3796.65
 536475 104844 37646.1 18701.3 1970.25
 722610 165674 31467.6 11299 6204.28
 161018 213023 47108.8 8947.69 4976.98
 463359 52061.8 67442.6 14914.5 4408.52
 388464 152629 16843 21818.9 6251.36
 177939 127656 49242.7 5434.04 9056.31
 384046 59759.5 42240.5 16294 4794.74
 424936 126529 19337.9 13668.8 6824.2
 135942 142410 41764.9 6383.05 6764.34
 101604 45531.6 46974.2 13776.2 4336.68
 370059 32790.3 14384 14839.8 5722.1
pred_Ctot
 12190.4 3084.65 12031.1 648.738 0.0212078
 12255.9 8277.38 1786.07 6966.2 375.643
 11736.4 4300.52 2459.99 530.81 2181.96
 32342.2 5799.59 1800.85 1030.13 1135.98
 8813.36 3796.76 573.537 178.091 214.212
 27083.8 6769.44 2491.46 376.359 257.432
 22765.7 19797.4 4200 1545.79 393.227
 1849.41 1245.32 905.499 192.101 88.6876
 6103.54 2809.69 1620.02 1177.96 365.276
 9997.04 2788.45 1085.32 625.777 596.115
 5082.14 974.356 228.523 88.9455 100.138
 28163.2 8713.38 1428.05 334.931 277.127
 22418.7 8310.69 2148.02 352.042 150.884
 23861.2 10720.9 3326.85 859.872 201.326
 17263.1 4574.54 1690.98 524.733 167.38
 78331 5013.6 1109.76 410.223 167.903
 12956.2 16943.1 908.123 201.013 104.717
 83141.9 4743.98 5245.5 281.149 94.6521
 69395.7 41126.5 1983.06 2192.7 157.091
 47543.2 20306.6 10087.6 486.409 576.362
 55225.1 12408.1 4455.35 2213.26 233.176
 92395.6 24283.5 4612.33 1656.13 909.387
 12456.8 19002.3 4202.26 798.163 443.963
 30917.1 4010.27 5195.04 1148.85 339.584
 26449.1 11995.1 1323.69 1714.75 491.294
 9868.7 8183.77 3156.84 348.364 580.58
 25580.3 4595.24 3248.11 1252.94 368.694
 24092.5 8291.09 1267.15 895.676 447.17
 7755.09 9389.02 2753.53 420.83 445.969
 7967.54 4116.47 4246.9 1245.49 392.075
 28456 2907.51 1275.43 1315.84 507.378
F
 0.086649 0.10077 0.10077 0.10077 0.10077
 0.155861 0.181262 0.181262 0.181262 0.181262
 0.150562 0.175099 0.175099 0.175099 0.175099
 0.209917 0.244128 0.244128 0.244128 0.244128
 0.0673507 0.0783269 0.0783269 0.0783269 0.0783269
 0.134116 0.155972 0.155972 0.155972 0.155972
 0.283321 0.329494 0.329494 0.329494 0.329494
 0.0437703 0.0509035 0.0509035 0.0509035 0.0509035
 0.173179 0.201402 0.201402 0.201402 0.201402
 0.22817 0.265355 0.265355 0.265355 0.265355
 0.0612687 0.0712536 0.0712536 0.0712536 0.0712536
 0.291968 0.33955 0.33955 0.33955 0.33955
 0.2723 0.316677 0.316677 0.316677 0.316677
 0.438125 0.509526 0.509526 0.509526 0.509526
 0.292992 0.34074 0.34074 0.34074 0.34074
 0.268649 0.312431 0.312431 0.312431 0.312431
 0.172953 0.201139 0.201139 0.201139 0.201139
 0.178436 0.207516 0.207516 0.207516 0.207516
 0.258995 0.301203 0.301203 0.301203 0.301203
 0.230319 0.267854 0.267854 0.267854 0.267854
 0.174998 0.203517 0.203517 0.203517 0.203517
 0.22147 0.257563 0.257563 0.257563 0.257563
 0.129086 0.150124 0.150124 0.150124 0.150124
 0.110492 0.128499 0.128499 0.128499 0.128499
 0.112858 0.13125 0.13125 0.13125 0.13125
 0.0911143 0.105963 0.105963 0.105963 0.105963
 0.11029 0.128264 0.128264 0.128264 0.128264
 0.0932252 0.108418 0.108418 0.108418 0.108418
 0.0938242 0.109115 0.109115 0.109115 0.109115
 0.130946 0.152287 0.152287 0.152287 0.152287
 0.128265 0.149168 0.149168 0.149168 0.149168
nmprior
 8.19 8.8 8.5 0
nm_flota  nm_reclas  nm_pelaces    nm_pelaL
inf 11.5021 16.0934 37.0375
cv_recla  cv_pelaces  cv_mph
0.375413 0.478833 1.75748
 ------------------------------------------------
Talla a la edad & desviaci?n 
 8 13.2811 15.8009 17.003 17.5766
 0.8 1.32811 1.58009 1.7003 1.75766
