years
 1991 1992 1993 1994 1995 1996 1997 1998 1999 2000 2001 2002 2003 2004 2005 2006 2007 2008 2009 2010 2011 2012 2013 2014 2015 2016 2017 2018 2019 2020 2021
reclasobs
 0 0 0 0 0 0 0 0 0 252601 567819 844713 477998 351125 339783 2.1784e+06 2.13404e+06 4.81314e+06 1.55562e+06 2.62356e+06 3.21686e+06 3.843e+06 1.13348e+06 3.07943e+06 1.97215e+06 2.03268e+06 2.025e+06 2.42433e+06 2.27542e+06 1.05018e+06 2.36338e+06
reclaspred
 1.0156e+06 1.00439e+06 406698 120351 12412.9 432688 224116 15798.3 279563 267427 149414 431486 495554 182641 353907 760967 1.21297e+06 1.12456e+06 1.50203e+06 1.18393e+06 2.35985e+06 1.8938e+06 882118 2.71667e+06 2.86826e+06 1.36924e+06 1.18812e+06 2.09513e+06 2.61293e+06 1.06133e+06 541275
pelacesobs
 0 0 0 0 0 0 0 0 0 0 0 0 0 0 0 552880 188675 0 991730 2.46772e+06 1.41603e+06 1.21717e+06 2.29649e+06 1.80582e+06 0 1.4828e+06 1.56532e+06 1.57751e+06 1.42118e+06 867257 1.10002e+06
pelacespred
 332545 411739 180247 36236 1514.05 188281 61116.2 3435.74 121621 103877 75841.2 172721 200522 66553.3 171541 308895 488543 427139 728284 542731 1.03861e+06 892497 423188 1.44393e+06 1.49831e+06 753382 668697 1.14475e+06 1.18146e+06 608261 266187
mphobs
 0 0 0 0 0 0 0 0 0 0 0 498337 0 5186 125008 0 168611 109162 213762 579715 649985 157893 87575 83554 0 0 0 0 0 0 0
mphpred
 315935 1.10273e+06 507996 126657 41663.5 1229.97 400768 41113 2373.76 318703 98453.2 142593 448498 235253 73483.5 343015 807762 1.05875e+06 511751 1.45656e+06 815461 2.13796e+06 1.03966e+06 491565 3.1069e+06 1.67392e+06 707394 974888 2.48906e+06 1.40588e+06 498405
desembarqueobs
 494567 514787 250237 358949 120608 361735 552515 73892 212993 205616 52469 317467 293654 387597 252695 516296 358380 742168 942051 627588 828172 859565 418607 520667 417249 300574 407403 355545 319650 289779 391294
desembarquepred
 493035 522854 246575 356723 120447 360652 552299 73353.1 211818 203945 52960.6 317597 292194 385766 252146 517612 360982 733624 930983 624520 825332 856453 419783 520613 416435 300849 409196 355059 318732 288601 391396
Reclutas
 491837 3079.06 1380.71 82164.3 772.514 269664 289.15 150.41 103066 629.759 53448 247442 59526.1 39579.5 132596 383460 183134 89268.2 865539 6595.36 755016 142462 28534.3 839121 84256.1 6435.37 286787 551208 4698.74 1868.83 99034.6
log_desv_Rt
 2.59887 -2.47465 -3.27668 0.809447 -3.85738 1.9979 -4.84008 -5.49367 1.03609 -4.06169 0.379435 1.9119 0.487141 0.0790354 1.28803 2.34996 1.61094 0.89237 3.16408 -1.71291 3.02746 1.3598 -0.248169 3.13308 0.834586 -1.73747 2.05946 2.71284 -2.05198 -2.97396 0.996195
SSB
 315935 1.10273e+06 507996 126657 41663.5 1229.97 400768 41113 2373.76 318703 98453.2 142593 448498 235253 73483.5 343015 807762 1.05875e+06 511751 1.45656e+06 815461 2.13796e+06 1.03966e+06 491565 3.1069e+06 1.67392e+06 707394 974888 2.48906e+06 1.40588e+06 498405
BT
 1.57905e+06 1.40545e+06 653150 467652 95066.4 1.18815e+06 628906 76282.6 745192 419817 308920 953519 805788 609911 984213 1.59528e+06 1.74211e+06 1.73162e+06 3.86087e+06 1.8642e+06 4.70818e+06 3.0383e+06 1.45412e+06 6.63559e+06 3.9631e+06 2.06911e+06 2.85305e+06 4.59139e+06 2.9897e+06 1.72764e+06 1.2637e+06
Ftot
 0.453314 0.47619 0.549662 2.24711 4.02766 0.770341 1.80877 2.74759 0.702771 0.679915 0.332637 0.675975 0.538063 1.66874 0.658802 0.625544 0.279439 0.590743 0.574588 0.48223 0.328577 0.417268 0.437892 0.182205 0.137679 0.206952 0.323436 0.161064 0.115878 0.254881 0.656727
BD_Bspro_t
 0.930038 0.718294 0.447361 0.199609 0.081515 0.00409941 0.426346 0.0648029 0.00635591 0.46908 0.277433 0.477431 0.572866 0.352628 0.160013 0.458457 0.565463 0.590886 0.405489 0.593566 0.40583 0.619775 0.486886 0.387412 0.803434 0.73118 0.604934 0.695235 0.837592 0.742093 0.543617
BD_Bspro
 1.20857 4.21838 1.94328 0.484512 0.159379 0.00470511 1.53309 0.157273 0.00908054 1.21916 0.376621 0.545474 1.71568 0.899931 0.281102 1.31216 3.09 4.05014 1.95764 5.57191 3.11945 8.17851 3.97709 1.88042 11.8851 6.40338 2.70605 3.72932 9.52162 5.37802 1.90659
BD_Bo
 0.17792 0.621011 0.28608 0.0713277 0.023463 0.000692666 0.225695 0.023153 0.0013368 0.179479 0.0554444 0.0803022 0.252574 0.132484 0.0413826 0.19317 0.454896 0.596243 0.288195 0.820271 0.459231 1.204 0.58549 0.276828 1.74967 0.942676 0.398373 0.549013 1.40173 0.791728 0.280679
BD_Brms
 0.755268 2.63618 1.21441 0.302785 0.0996001 0.00294035 0.958069 0.098284 0.00567467 0.761885 0.23536 0.340881 1.07217 0.562391 0.175668 0.820005 1.93102 2.53104 1.22338 3.48203 1.94943 5.11097 2.48539 1.17513 7.4273 4.00164 1.69108 2.33055 5.95032 3.36087 1.19148
Sel_flota
 0.5 1 1 1 1
 0.5 1 1 1 1
 0.5 1 1 1 1
 0.5 1 1 1 1
 0.5 1 1 1 1
 0.5 1 1 1 1
 0.5 1 1 1 1
 0.5 1 1 1 1
 0.5 1 1 1 1
 0.5 1 1 1 1
 0.5 1 1 1 1
 0.5 1 1 1 1
 0.5 1 1 1 1
 0.5 1 1 1 1
 0.5 1 1 1 1
 0.5 1 1 1 1
 0.5 1 1 1 1
 0.5 1 1 1 1
 0.5 1 1 1 1
 0.5 1 1 1 1
 0.5 1 1 1 1
 0.5 1 1 1 1
 0.5 1 1 1 1
 0.5 1 1 1 1
 0.5 1 1 1 1
 0.5 1 1 1 1
 0.5 1 1 1 1
 0.5 1 1 1 1
 0.5 1 1 1 1
 0.5 1 1 1 1
 0.5 1 1 1 1
Sel_reclas
 0.5 1 1 1 1
 0.5 1 1 1 1
 0.5 1 1 1 1
 0.5 1 1 1 1
 0.5 1 1 1 1
 0.5 1 1 1 1
 0.5 1 1 1 1
 0.5 1 1 1 1
 0.5 1 1 1 1
 0.5 1 1 1 1
 0.5 1 1 1 1
 0.5 1 1 1 1
 0.5 1 1 1 1
 0.5 1 1 1 1
 0.5 1 1 1 1
 0.5 1 1 1 1
 0.5 1 1 1 1
 0.5 1 1 1 1
 0.5 1 1 1 1
 0.5 1 1 1 1
 0.5 1 1 1 1
 0.5 1 1 1 1
 0.5 1 1 1 1
 0.5 1 1 1 1
 0.5 1 1 1 1
 0.5 1 1 1 1
 0.5 1 1 1 1
 0.5 1 1 1 1
 0.5 1 1 1 1
 0.5 1 1 1 1
 0.5 1 1 1 1
Sel_pelaces
 0.5 1 1 1 1
 0.5 1 1 1 1
 0.5 1 1 1 1
 0.5 1 1 1 1
 0.5 1 1 1 1
 0.5 1 1 1 1
 0.5 1 1 1 1
 0.5 1 1 1 1
 0.5 1 1 1 1
 0.5 1 1 1 1
 0.5 1 1 1 1
 0.5 1 1 1 1
 0.5 1 1 1 1
 0.5 1 1 1 1
 0.5 1 1 1 1
 0.5 1 1 1 1
 0.5 1 1 1 1
 0.5 1 1 1 1
 0.5 1 1 1 1
 0.5 1 1 1 1
 0.5 1 1 1 1
 0.5 1 1 1 1
 0.5 1 1 1 1
 0.5 1 1 1 1
 0.5 1 1 1 1
 0.5 1 1 1 1
 0.5 1 1 1 1
 0.5 1 1 1 1
 0.5 1 1 1 1
 0.5 1 1 1 1
 0.5 1 1 1 1
pf_obs 
 0.8446 0.082 0.0669 0.0065 0
 0.8095 0.147 0.0364 0.0071 0
 0.9664 0.0169 0.016 0.0007 0
 0.9276 0.0648 0.0075 0.0001 0
 0.7033 0.2144 0.0806 0.0017 0
 0.9318 0.0425 0.0243 0.0014 0
 0.5671 0.3108 0.0964 0.0239 0.0018
 0.0768 0.2599 0.5324 0.112 0.0189
 0.490249 0.384438 0.106611 0.0170017 0.00170017
 0.7925 0.1577 0.0466 0.003 0.0002
 0.840416 0.127587 0.0312969 0.00059994 9.999e-05
 0.8084 0.0986 0.0794 0.0134 0.0002
 0.7335 0.1905 0.0724 0.0035 0.0001
 0.4001 0.4547 0.1325 0.0127 0
 0.49795 0.308269 0.164784 0.0264974 0.00249975
 0.9179 0.0499 0.0305 0.0017 0
 0.2467 0.6533 0.0926 0.0074 0
 0.9418 0.0223 0.034 0.0019 0
 0.707729 0.231977 0.0356964 0.0245975 0
 0.517169 0.277429 0.184464 0.0207286 0.00020938
 0.811772 0.124168 0.05621 0.00726502 0.000585176
 0.764997 0.148141 0.077277 0.00933861 0.000247198
 0.163321 0.427699 0.378323 0.0303852 0.000271297
 0.753843 0.0900009 0.118128 0.0371064 0.000921714
 0.721811 0.176058 0.0630433 0.0369309 0.00215725
 0.143369 0.312575 0.442814 0.0836902 0.0175525
 0.692698 0.0596174 0.167031 0.0765114 0.00414204
 0.394062 0.376323 0.152708 0.0712218 0.00568511
 0.125707 0.32114 0.495352 0.0537591 0.00404204
 0.23352 0.215282 0.420074 0.123614 0.00750983
 0.774587 0.0839891 0.0768558 0.0609784 0.00358967
pf_pred 
 0.913394 0.0547454 0.0201397 0.00740898 0.00431185
 0.0111229 0.949655 0.0247932 0.00912091 0.00530816
 0.0213339 0.0248105 0.916022 0.0239151 0.0139181
 0.879787 0.0058998 0.002898 0.106996 0.00441911
 0.0573736 0.914184 0.00139587 0.000685655 0.0263604
 0.99933 0.000243453 0.000413379 6.3119e-07 1.22298e-05
 0.00285249 0.996885 9.54031e-05 0.000161993 5.03989e-06
 0.0261136 0.0101968 0.963436 9.2202e-05 0.000161428
 0.998118 0.000237597 1.72185e-05 0.00162687 4.28283e-07
 0.0132353 0.986018 9.43008e-05 6.8339e-06 0.000645865
 0.847408 0.00489379 0.147586 1.41148e-05 9.76952e-05
 0.886494 0.104956 0.000274211 0.0082696 6.26498e-06
 0.325969 0.640775 0.0307505 8.03391e-05 0.00242469
 0.452903 0.291531 0.242958 0.0116594 0.000949812
 0.898383 0.0755824 0.0138727 0.0115614 0.000600022
 0.854771 0.138828 0.00476104 0.000873863 0.000766062
 0.467307 0.497836 0.0333204 0.00114271 0.000393602
 0.358899 0.420603 0.20607 0.0137924 0.000635926
 0.918935 0.0464683 0.0226974 0.0111204 0.000778608
 0.0144128 0.950457 0.0201372 0.00983603 0.00515647
 0.873874 0.00413335 0.117644 0.00249252 0.00185572
 0.235462 0.717622 0.00153752 0.0437611 0.00161745
 0.130711 0.357649 0.480243 0.00102893 0.0303679
 0.929586 0.0180039 0.0215631 0.0289543 0.00189295
 0.129253 0.840584 0.00771217 0.00923677 0.0132138
 0.0266597 0.229872 0.717715 0.00658487 0.0191689
 0.797738 0.0111339 0.0451382 0.140932 0.00505708
 0.739998 0.233179 0.00147651 0.00598598 0.0193603
 0.0108952 0.847195 0.12727 0.000805885 0.0138341
 0.0132609 0.0219914 0.826333 0.124136 0.0142794
 0.723182 0.00780226 0.00599554 0.225284 0.0377363
pobs_RECLAS
 0 0 0 0 0
 0 0 0 0 0
 0 0 0 0 0
 0 0 0 0 0
 0 0 0 0 0
 0 0 0 0 0
 0 0 0 0 0
 0 0 0 0 0
 0 0 0 0 0
 0 0 0 0 0
 0.991045 0.00858322 0.000360255 1.14367e-05 0
 0.934742 0.0480273 0.0164251 0.00080598 0
 0.827803 0.169806 0.00239088 0 0
 0.941827 0.0461693 0.0120037 0 0
 0.791401 0.0380133 0.147996 0.0225897 0
 0.846168 0.0940531 0.0597789 0 0
 0.134021 0.677848 0.182769 0.00536245 0
 0.80878 0.0450904 0.141981 0.00414843 0
 0.846168 0.0940531 0.0597789 0 0
 0.905697 0.0802665 0.012482 0.00150086 5.37128e-05
 0.989698 0.0102097 9.19794e-05 0 0
 0.975433 0.0193895 0.00387452 0.00125025 5.28907e-05
 0.303575 0.632131 0.0575291 0.00676475 0
 0.966965 0.00978017 0.0227588 0.000495775 0
 0.843318 0.132988 0.00938335 0.0141283 0.000182051
 0.564624 0.303363 0.111486 0.0197234 0.00080311
 0.826376 0.0876187 0.0782897 0.00655872 0.00115652
 0.89761 0.0855135 0.0140674 0.00269457 0.000114338
 0.34875 0.467042 0.161289 0.0227151 0.000203297
 0.318654 0.224769 0.449479 0.00709798 0
 0.937255 0.0296025 0.0250945 0.00804832 0
ppred_RECLAS
 0.915319 0.0535287 0.0196921 0.00724433 0.00421603
 0.011414 0.949375 0.0247859 0.00911823 0.00530659
 0.0219975 0.0247937 0.915401 0.0238989 0.0139086
 0.90161 0.00482878 0.00237191 0.0875725 0.00361689
 0.0944784 0.878199 0.00134093 0.000658666 0.0253228
 0.999362 0.000231904 0.000393769 6.01248e-07 1.16496e-05
 0.0033547 0.996383 9.53551e-05 0.000161911 5.03735e-06
 0.0350714 0.010103 0.954574 9.13539e-05 0.000159943
 0.998197 0.000227604 1.64943e-05 0.00155844 4.10269e-07
 0.0137845 0.985469 9.42483e-05 6.8301e-06 0.000645505
 0.849578 0.00482419 0.145487 1.39141e-05 9.63058e-05
 0.890545 0.10121 0.000264424 0.00797444 6.04137e-06
 0.332699 0.634377 0.0304434 7.9537e-05 0.00240048
 0.488872 0.272363 0.226984 0.0108928 0.000887365
 0.901937 0.072939 0.0133876 0.011157 0.000579036
 0.8593 0.134498 0.00461255 0.000846609 0.000742171
 0.470732 0.494635 0.0331062 0.00113536 0.000391072
 0.366837 0.415395 0.203518 0.0136216 0.000628053
 0.92137 0.0450729 0.0220159 0.0107864 0.000755228
 0.0147948 0.950089 0.0201294 0.00983222 0.00515447
 0.875696 0.00407363 0.115945 0.0024565 0.00182891
 0.23948 0.71385 0.00152943 0.0435311 0.00160894
 0.13341 0.356539 0.478751 0.00102573 0.0302736
 0.930137 0.017863 0.0213943 0.0287278 0.00187814
 0.129953 0.839908 0.00770597 0.00922935 0.0132031
 0.0269138 0.229812 0.717528 0.00658315 0.0191639
 0.80036 0.0109896 0.0445531 0.139106 0.00499153
 0.741413 0.23191 0.00146848 0.0059534 0.0192549
 0.0109508 0.847148 0.127262 0.000805839 0.0138333
 0.0134236 0.0219878 0.826196 0.124115 0.0142771
 0.730997 0.00758199 0.00582628 0.218924 0.0366709
pobs_PELACES
 0 0 0 0 0
 0 0 0 0 0
 0 0 0 0 0
 0 0 0 0 0
 0 0 0 0 0
 0 0 0 0 0
 0 0 0 0 0
 0 0 0 0 0
 0 0 0 0 0
 0 0 0 0 0
 0 0 0 0 0
 0 0 0 0 0
 0 0 0 0 0
 0 0 0 0 0
 0 0 0 0 0
 0 0 0 0 0
 0.505614 0.472636 0.0217494 0 0
 0 0 0 0 0
 0.443492 0.261883 0.143347 0.151278 0
 0.227955 0.32914 0.350689 0.0885471 0.00366901
 0.970185 0.0296113 0.000203453 0 0
 0.997202 0.00247181 0.000326279 0 0
 0.445219 0.490057 0.0546422 0.010081 0
 0.90214 0.0892962 0.00764917 0.000914606 0
 0 0 0 0 0
 0.581667 0.319106 0.0959925 0.00289975 0.000334073
 0.762889 0.0836404 0.116647 0.0363945 0.000428098
 0.88444 0.0763242 0.0277011 0.0115352 0
 0.521256 0.241999 0.230069 0.00667565 0
 0.616807 0.101726 0.260614 0.0208532 0
 0.833518 0.0704572 0.0857862 0.0102388 0
ppred_PELACES
 0.920939 0.049976 0.0183852 0.00676352 0.00393621
 0.0123354 0.94849 0.0247628 0.00910973 0.00530165
 0.0240356 0.0247421 0.913494 0.0238491 0.0138796
 0.929956 0.00343761 0.00168856 0.0623428 0.00257486
 0.168601 0.806313 0.00123116 0.00060475 0.02325
 0.999438 0.00020424 0.000346796 5.29523e-07 1.02599e-05
 0.00451607 0.995222 9.52439e-05 0.000161722 5.03148e-06
 0.0540992 0.00990379 0.935751 8.95525e-05 0.000156789
 0.998394 0.000202724 1.46913e-05 0.00138809 3.65422e-07
 0.0153958 0.983859 9.40943e-05 6.81894e-06 0.00064445
 0.856459 0.00460353 0.138833 1.32777e-05 9.19007e-05
 0.900953 0.0915865 0.00023928 0.00721617 5.46692e-06
 0.352693 0.61537 0.0295313 7.71538e-05 0.00232856
 0.557451 0.23582 0.196529 0.00943133 0.000768305
 0.911141 0.0660937 0.0121311 0.0101099 0.000524694
 0.871323 0.123006 0.00421842 0.000774268 0.000678754
 0.482233 0.483887 0.0323868 0.00111069 0.000382574
 0.389756 0.400359 0.196152 0.0131285 0.000605319
 0.927969 0.0412897 0.0201679 0.00988106 0.000691837
 0.0160005 0.948926 0.0201048 0.00982018 0.00514816
 0.881479 0.00388414 0.110551 0.00234223 0.00174383
 0.252244 0.70187 0.00150377 0.0428005 0.00158194
 0.141987 0.35301 0.474013 0.00101558 0.029974
 0.932065 0.0173699 0.0208037 0.0279347 0.00182629
 0.132543 0.837408 0.00768303 0.00920187 0.0131638
 0.0278227 0.229597 0.716857 0.00657701 0.019146
 0.808751 0.0105277 0.0426806 0.133259 0.00478174
 0.746476 0.22737 0.00143973 0.00583685 0.018878
 0.0111598 0.846969 0.127236 0.000805669 0.0138304
 0.0139921 0.0219751 0.82572 0.124044 0.0142689
 0.751764 0.00699664 0.00537648 0.202023 0.0338398
pobs_pel_tallas
 0 0 0 0 0 0 0 0 0 0 0 0 0 0 0 0 0 0 0 0 0 0 0 0 0 0
 0 0 0 0 0 0 0 0 0 0 0 0 0 0 0 0 0 0 0 0 0 0 0 0 0 0
 0 0 0 0 0 0 0 0 0 0 0 0 0 0 0 0 0 0 0 0 0 0 0 0 0 0
 0 0 0 0 0 0 0 0 0 0 0 0 0 0 0 0 0 0 0 0 0 0 0 0 0 0
 0 0 0 0 0 0 0 0 0 0 0 0 0 0 0 0 0 0 0 0 0 0 0 0 0 0
 0 0 0 0 0 0 0 0 0 0 0 0 0 0 0 0 0 0 0 0 0 0 0 0 0 0
 0 0 0 0 0 0 0 0 0 0 0 0 0 0 0 0 0 0 0 0 0 0 0 0 0 0
 0 0 0 0 0 0 0 0 0 0 0 0 0 0 0 0 0 0 0 0 0 0 0 0 0 0
 0 0 0 0 0 0 0 0 0 0 0 0 0 0 0 0 0 0 0 0 0 0 0 0 0 0
 0 0 0 0 0 0 0 0 0 0 0 0 0 0 0 0 0 0 0 0 0 0 0 0 0 0
 0 0 0 0 0 0 0 0 0 0 0 0 0 0 0 0 0 0 0 0 0 0 0 0 0 0
 0 0 0 0 0 0 0 0 0 0 0 0 0 0 0 0 0 0 0 0 0 0 0 0 0 0
 0.00862536 0 0 0.000197151 0.00414017 0.0128641 0.00837892 0.0270097 0.101434 0.158115 0.152841 0.127902 0.109271 0.109419 0.0830992 0.0579132 0.0238553 0.00714673 0.00463305 0.00128148 0.00103504 0.000492878 0.000147863 0.000147863 4.92878e-05 0
 0 0 0 0 0 0 0 0 0 0 0 0 0 0 0 0 0 0 0 0 0 0 0 0 0 0
 0 0 0 0 0 0 0 0.0054083 0.00873648 0.0413646 0.0450493 0.0745869 0.0622846 0.0627006 0.0613931 0.0827291 0.12552 0.122667 0.0946155 0.0697135 0.0546179 0.0294188 0.0215738 0.0213955 0.0102223 0.00600262
 0 0 0 0 0.00359764 0.0251062 0.0480494 0.140153 0.205849 0.193036 0.1447 0.116669 0.0760912 0.0342217 0.00950174 0.001854 0.000860785 0 0 0 0.000165536 0 0.000143464 0 0 0
 0 0 0 0 0 0 0 0.000145254 0.000435761 0.0275982 0.070085 0.0708112 0.156366 0.174668 0.174014 0.160142 0.0824315 0.0480064 0.0283245 0.00493863 0.00203355 0 0 0 0 0
 0 0 0 0 0 0 0 0 0 0 0 0 0 0 0 0 0 0 0 0 0 0 0 0 0 0
 0 0 1.00437e-05 0.000401748 0.00122533 0.00171747 0.00176769 0.0269171 0.070346 0.194647 0.189555 0.159765 0.064822 0.0314167 0.0384472 0.0292271 0.0345202 0.0313363 0.0194345 0.0106764 0.0143323 0.0359363 0.0279516 0.0138201 0.00172751 0
 0 0.0021121 0.0136068 0.0755702 0.200478 0.177729 0.0527432 0.0373336 0.0318909 0.0142505 0.0149659 0.0166563 0.0217959 0.0798694 0.0677717 0.0528807 0.04013 0.0224614 0.0357745 0.0225083 0.00881397 0.00855152 0.00135912 0.000746735 0 0
 0 0 0 0 5.4009e-05 0.00500934 0.000945158 0.0243581 0.138947 0.33067 0.221406 0.137944 0.0707744 0.0437923 0.0131692 0.00525238 0.0047753 0.00276346 9.45158e-05 9.00151e-06 2.25038e-05 9.00151e-06 4.50075e-06 0 0 0
 0.000866109 0.00284123 0.00948549 0.0512746 0.133035 0.25785 0.225252 0.132002 0.0553304 0.0519788 0.0540692 0.017754 0.00435017 0.00159236 0.00146478 0.000404838 0.000125132 0.000115318 0.000107957 0.000100596 0 0 0 0 0 0
 0 0 0 0 0.00144013 0.00171154 0.00461396 0.0210425 0.0478622 0.0707936 0.0888783 0.103762 0.0637923 0.0337046 0.0602308 0.124433 0.169614 0.0934646 0.0462172 0.0250306 0.0313229 0.00938855 0.002487 0.000210481 0 0
 0 0.00764035 0.051015 0.0998891 0.058973 0.0496711 0.0374665 0.0718981 0.12319 0.153886 0.159021 0.0857701 0.0377988 0.023471 0.0147837 0.00900784 0.00315554 0.000888139 0.00291439 0.00214683 0.00393193 0.00274676 0.000635225 9.99891e-05 0 0
 0 0 0 0 0 0 0 0 0 0 0 0 0 0 0 0 0 0 0 0 0 0 0 0 0 0
 0 0 0 0 0 0 0 0 0 0 0 0 0 0 0 0 0 0 0 0 0 0 0 0 0 0
 0 0 0 0 0 0 0 0 0 0 0 0 0 0 0 0 0 0 0 0 0 0 0 0 0 0
 0 0 0 0 0 0 0 0 0 0 0 0 0 0 0 0 0 0 0 0 0 0 0 0 0 0
 0 0 0 0 0 0 0 0 0 0 0 0 0 0 0 0 0 0 0 0 0 0 0 0 0 0
 0 0 0 0 0 0 0 0 0 0 0 0 0 0 0 0 0 0 0 0 0 0 0 0 0 0
 0 0 0 0 0 0 0 0 0 0 0 0 0 0 0 0 0 0 0 0 0 0 0 0 0 0
ppred_pel_tallas
 1.01888e-16 7.58565e-05 0.000737353 0.00489997 0.0222745 0.0693044 0.147661 0.215516 0.215521 0.147684 0.0693838 0.0225043 0.00547763 0.00200173 0.00248707 0.00401784 0.00584288 0.00748072 0.00849703 0.00869716 0.0082317 0.00747351 0.00676588 0.00624347 0.00583441 0.00538748
 1.02768e-16 1.01625e-06 9.87841e-06 6.565e-05 0.000298491 0.000929207 0.00198315 0.00291359 0.00300483 0.00242889 0.00242537 0.00461764 0.0108987 0.0236299 0.0447755 0.0738008 0.105796 0.131957 0.143313 0.135741 0.112493 0.0821388 0.0536424 0.0323249 0.0190235 0.0117873
 1.31109e-16 1.97979e-06 1.92442e-05 0.000127885 0.000581348 0.00180881 0.00385399 0.00562579 0.00562959 0.00387322 0.00187746 0.00079764 0.000738603 0.00157636 0.00361373 0.00767341 0.0150057 0.0270736 0.04505 0.0689756 0.0968623 0.124368 0.145642 0.155313 0.150734 0.133176
 1.06738e-16 7.65993e-05 0.000744572 0.00494794 0.0224926 0.0699829 0.149106 0.217625 0.217625 0.149108 0.0699889 0.0225102 0.00499371 0.000849949 0.000293992 0.000413818 0.00071448 0.00119069 0.00192794 0.00304879 0.00466979 0.0068229 0.00937076 0.0119719 0.0141389 0.0153851
 1.04237e-16 1.38876e-05 0.000134992 0.000897076 0.00407802 0.0126887 0.0270374 0.0394781 0.0395557 0.0274162 0.0139599 0.00774762 0.0100996 0.0201953 0.0380277 0.0626254 0.0897002 0.111731 0.121082 0.114272 0.0941473 0.0681287 0.0439831 0.026332 0.0158719 0.0107962
 1.00012e-16 8.23224e-05 0.000800203 0.00531763 0.0241732 0.0752117 0.160247 0.233884 0.233885 0.160247 0.0752121 0.0241741 0.00532009 0.000805639 9.28716e-05 2.3812e-05 2.76026e-05 3.71843e-05 4.6159e-05 5.34307e-05 5.89087e-05 6.27375e-05 6.45965e-05 6.36155e-05 5.90277e-05 5.0948e-05
 1.00275e-16 3.7219e-07 3.61791e-06 2.4047e-05 0.000109373 0.000340813 0.000729674 0.00108504 0.00118074 0.00119714 0.00190977 0.00463806 0.0113804 0.0247573 0.0469021 0.0772493 0.110603 0.13766 0.148943 0.140092 0.11455 0.0814292 0.0503301 0.027056 0.0126605 0.00516913
 1.27042e-16 4.45609e-06 4.33148e-05 0.000287842 0.00130849 0.00407121 0.00867422 0.0126608 0.0126631 0.0086866 0.00411694 0.00145888 0.000734214 0.001245 0.00295026 0.00659388 0.0134928 0.0252411 0.0431182 0.06715 0.0951717 0.122567 0.143255 0.151822 0.145815 0.126869
 1.0014e-16 8.22364e-05 0.000799367 0.00531208 0.0241479 0.0751332 0.160079 0.23364 0.23364 0.160079 0.0751335 0.0241489 0.00531452 0.000804819 9.29348e-05 2.44518e-05 2.97183e-05 4.29792e-05 5.99354e-05 8.23861e-05 0.000113267 0.000154454 0.000204261 0.00025613 0.000299769 0.000324561
 1.00364e-16 1.26834e-06 1.23288e-05 8.19339e-05 0.000372518 0.00115955 0.00247404 0.00363076 0.00372536 0.00293617 0.00271059 0.0048495 0.0113087 0.0244834 0.0463676 0.0763678 0.109341 0.136091 0.147249 0.138505 0.113265 0.0805384 0.0498158 0.0268336 0.0126302 0.00524913
 1.04025e-16 7.05454e-05 0.000685726 0.00455689 0.020715 0.064452 0.137322 0.200425 0.200426 0.137325 0.0644637 0.0207515 0.00465888 0.00094198 0.000655335 0.00122657 0.00235061 0.0041789 0.00686729 0.0104058 0.0144843 0.0184467 0.0214211 0.0226224 0.0216892 0.0188577
 1.00756e-16 7.42103e-05 0.00072135 0.00479363 0.0217911 0.0678004 0.144456 0.21084 0.210849 0.144499 0.0679448 0.0222081 0.00583946 0.00300162 0.00439674 0.00713037 0.0102165 0.0127497 0.0138671 0.0131825 0.0110238 0.00822924 0.00566216 0.00381564 0.00273168 0.00217583
 1.01412e-16 2.9051e-05 0.000282386 0.00187656 0.0085306 0.0265422 0.0565531 0.0825533 0.0826125 0.0568424 0.0275132 0.0113341 0.0089091 0.0156187 0.0291087 0.0479535 0.068786 0.0858867 0.0934409 0.0887595 0.073908 0.0543776 0.0359089 0.0219114 0.012944 0.00781761
 1.06808e-16 4.59166e-05 0.000446326 0.00296599 0.013483 0.0419507 0.0893812 0.130459 0.130482 0.0894936 0.0423288 0.0145785 0.00572782 0.00651517 0.0116878 0.019551 0.0288577 0.0377353 0.0442424 0.0473817 0.0475244 0.0458435 0.0432925 0.0400439 0.0357541 0.0302274
 1.0147e-16 7.50495e-05 0.000729507 0.00484783 0.0220376 0.068567 0.14609 0.213223 0.21323 0.146121 0.0686717 0.02234 0.00560731 0.00238876 0.00323026 0.00523232 0.00755658 0.00956106 0.0106493 0.010555 0.009496 0.00801833 0.00665359 0.00565905 0.00499322 0.00446733
 1.00346e-16 7.17697e-05 0.000697627 0.00463598 0.0210745 0.0655707 0.139706 0.203907 0.203919 0.139763 0.0657647 0.0216347 0.00604119 0.00376171 0.00588072 0.00958137 0.0137318 0.0171343 0.0186219 0.0176587 0.0146635 0.0107426 0.00705289 0.00428077 0.00253531 0.00156838
 1.01235e-16 3.9721e-05 0.000386102 0.00256579 0.0116637 0.0362904 0.0773223 0.112864 0.11291 0.0775498 0.0370543 0.0138693 0.00809901 0.012455 0.0229305 0.0377661 0.0542108 0.0677701 0.0738838 0.0704368 0.0590298 0.0439321 0.0295946 0.0186435 0.0114954 0.00723673
 1.07182e-16 3.21037e-05 0.00031206 0.00207375 0.00942698 0.0293311 0.0624943 0.0912205 0.0912593 0.062684 0.0299686 0.0112712 0.00671331 0.010474 0.01943 0.0323264 0.0471556 0.0605217 0.0689236 0.0706502 0.0666487 0.0596006 0.0520396 0.0450804 0.038528 0.031834
 1.01701e-16 7.64356e-05 0.000742981 0.00493737 0.0224446 0.0698335 0.148788 0.217161 0.217165 0.148807 0.0698993 0.022635 0.00541666 0.00179347 0.00208391 0.00335692 0.00490593 0.00633407 0.00729269 0.00762457 0.00744307 0.00702679 0.00661563 0.00627596 0.00591948 0.00542104
 1.02679e-16 1.31813e-06 1.28128e-05 8.51502e-05 0.000387137 0.00120502 0.00257079 0.00377127 0.00386255 0.0030167 0.00270173 0.00470777 0.0109216 0.0236391 0.0447845 0.0738069 0.105786 0.131905 0.143184 0.135498 0.112112 0.0816251 0.0530325 0.0316822 0.0184197 0.0112813
 1.03722e-16 7.26062e-05 0.000705758 0.00469001 0.0213201 0.0663348 0.141333 0.20628 0.206281 0.141336 0.0663445 0.0213503 0.00477403 0.000916189 0.000551235 0.00100176 0.00191269 0.0033943 0.00557475 0.00845384 0.0117933 0.015076 0.0176036 0.0187344 0.0181523 0.0160131
 1.04783e-16 2.07771e-05 0.000201961 0.00134211 0.00610106 0.018983 0.0404478 0.0590489 0.0591164 0.0407776 0.0200899 0.00929625 0.00935564 0.0176731 0.0331363 0.0545792 0.0782321 0.0975787 0.106018 0.100569 0.0837301 0.0619272 0.0418113 0.0272268 0.0185811 0.0141553
 1.18944e-16 1.16954e-05 0.000113683 0.000755466 0.00343426 0.0106854 0.0227677 0.0332374 0.0332721 0.0229375 0.0112574 0.00509446 0.0049542 0.00938318 0.017919 0.0303926 0.0456078 0.0611446 0.0743886 0.0838977 0.0898554 0.0931651 0.0940995 0.0918493 0.0853392 0.0744367
 1.03716e-16 7.6773e-05 0.000746261 0.00495917 0.0225436 0.0701417 0.149444 0.218119 0.21812 0.149453 0.0701699 0.0226258 0.00516748 0.00120778 0.000973612 0.00154274 0.00234706 0.00323923 0.00413479 0.00502216 0.00596289 0.00701663 0.0081422 0.00915967 0.00981028 0.00987423
 1.03587e-16 1.09176e-05 0.000106123 0.000705229 0.00320592 0.00997523 0.0212563 0.031041 0.0311215 0.0216497 0.0112958 0.0070178 0.0102651 0.0209471 0.0395091 0.0650835 0.0932508 0.116215 0.12605 0.119137 0.0984032 0.071503 0.0464394 0.0279613 0.0167815 0.011069
 1.24646e-16 2.29177e-06 2.22768e-05 0.000148038 0.000672975 0.002094 0.00446234 0.00651775 0.00654094 0.00457614 0.00247916 0.00179891 0.00302496 0.00646986 0.012736 0.0223216 0.0351009 0.0502494 0.0666772 0.0834883 0.0998503 0.114295 0.124289 0.126885 0.120267 0.105031
 1.15408e-16 6.66157e-05 0.000647529 0.00430306 0.0195611 0.0608617 0.129672 0.189261 0.189262 0.129678 0.0608808 0.0196176 0.00445105 0.000991626 0.000784298 0.00136678 0.00239534 0.00397635 0.0063243 0.00968876 0.0142362 0.0198662 0.026058 0.031874 0.0361775 0.0379979
 1.0388e-16 6.14863e-05 0.000597668 0.00397172 0.0180549 0.0561755 0.119689 0.174694 0.174716 0.119796 0.0565341 0.0190901 0.00656828 0.00625923 0.0107943 0.017698 0.0253756 0.0316828 0.0344953 0.0328719 0.0276524 0.020947 0.0149236 0.0108098 0.00867675 0.0078663
 1.0631e-16 9.19397e-07 8.93695e-06 5.93931e-05 0.000270043 0.000840641 0.00179409 0.00263564 0.00271728 0.00219299 0.00218003 0.00413867 0.00977017 0.0212075 0.04026 0.0665526 0.0958578 0.120503 0.132635 0.128583 0.111015 0.0870719 0.0640822 0.0461953 0.0338786 0.02555
 1.38689e-16 1.15252e-06 1.12029e-05 7.44475e-05 0.000338429 0.001053 0.00224364 0.00327536 0.00327879 0.00226104 0.00111524 0.000535058 0.000631666 0.00143842 0.00332998 0.00711808 0.0140219 0.0255052 0.0428255 0.0662421 0.0941289 0.122568 0.146004 0.15901 0.158409 0.144579
 1.26144e-16 6.19218e-05 0.000601902 0.00399985 0.0181828 0.0565733 0.120535 0.175925 0.175926 0.120539 0.0565862 0.0182214 0.00410224 0.000844563 0.000583348 0.00103882 0.00193409 0.00346642 0.00600618 0.0100273 0.0159567 0.0239075 0.0333941 0.0432079 0.0516004 0.0567776
pSPR Fmed_Fpbrs
0.474663   0.285572 0.285572
Fs Fmed_Fpbrs
0.526834   1.005 1.005
SSBpbr Bo_Bmed_Bpbrs
1.77571e+06  754077  418308 418308
Ro
36571.7
SPR SPRFo_SPRFmed_SPRFpbrs
261412 124082 74652
Fref
1.005
Nvult_r0
 72799.3 489.784 376.368 14142.1 2368.88
CTP_r0
 17995.5 194.15 149.192 5605.94 939.024
YTP_r0
391396
Np
 147755 26235.3 115.457 88.7215 3969.69
Nvult_p0
 114869 22702.5 99.9097 76.7743 3435.13
CTP_p0
 38417.1 11379.5 50.0794 38.4829 1721.85
YTP_p0
 533184
CBA_c0
433932
log_Ro
10.327
likeval ReclasPelacesDesembMPH_pf_preclas_ppelaces_ptallas_desvR_qrecl_qpela
 57.2772 56.6317 6.24237 0.00208651 466.204 217.566 174.715 0 266.855 0 0 12.0141 0 0 0
q_reclas_q_pelaces
1 1
M
1
N
 491837 16107.3 5925.56 2179.89 1268.65
 3079.06 144242 3765.8 1385.36 806.248
 1380.71 892.729 32960.2 860.511 500.797
 82164.3 385.878 189.544 6998.1 289.033
 772.514 9827.3 15.0053 7.37066 283.369
 269664 37.933 64.4095 0.0983471 1.90555
 289.15 67491.7 6.45904 10.9673 0.341213
 150.41 43.0586 4068.35 0.389346 0.681671
 103066 14.0072 1.01509 95.9097 0.0252488
 629.759 26681.9 2.5518 0.184927 17.4772
 53448 164.907 4973.23 0.47563 3.29205
 247442 16649.7 43.4992 1311.84 0.993841
 59526.1 64922.2 3115.58 8.13981 245.665
 39579.5 16733 13945.1 669.217 54.5165
 132596 6321.39 1160.26 966.942 50.1832
 383460 35089.6 1203.38 220.874 193.627
 183134 103179 6905.8 236.831 81.5758
 89268.2 58586.1 28703.6 1921.15 88.5787
 865539 24441.3 11938.3 5849.06 409.531
 6595.36 238903 5061.61 2472.35 1296.11
 755016 1906.47 54262.2 1149.65 855.931
 142462 235674 504.935 14371.6 531.185
 28534.3 42540 57121.6 122.384 3612.06
 839121 8433.06 10100.2 13562.3 886.66
 84256.1 281815 2585.59 3096.73 4430.07
 6435.37 28934.1 90339.3 828.843 2412.81
 286787 2134.72 8654.42 27021.2 969.603
 551208 89749.3 568.302 2303.97 7451.68
 4698.74 187088 28105.2 177.965 3055.01
 1868.83 1631.26 61295.2 9208.05 1059.21
 99034.6 605.241 465.089 17475.9 2927.3
pred_Ctot
 64227.3 3849.54 1416.17 520.978 303.197
 420.447 35897.2 937.19 344.773 200.65
 214.468 249.418 9208.69 240.417 139.917
 38273 256.656 126.07 4654.6 192.242
 490.844 7821.05 11.942 5.86593 225.519
 56217.3 13.6955 23.2547 0.0355076 0.687987
 116.868 40842.8 3.90871 6.63692 0.206487
 78.9407 30.8247 2912.44 0.278724 0.487993
 19861.3 4.72789 0.342626 32.3727 0.0085223
 117.937 8786.17 0.840292 0.0608953 5.75515
 5247.5 30.3043 913.913 0.0874048 0.604968
 46106.2 5458.74 14.2616 430.099 0.325839
 9072.03 17833.4 855.815 2.23591 67.4814
 15127.6 9737.52 8115.12 389.441 31.725
 24160.3 2032.64 373.081 310.921 16.1364
 66777.8 10845.7 371.95 68.2694 59.8476
 15268.4 16265.9 1088.68 37.3359 12.8602
 14781.9 17323.3 8487.34 568.062 26.1917
 139851 7071.9 3454.27 1692.38 118.495
 910.926 60071.3 1272.72 621.662 325.902
 73282.4 346.62 9865.56 209.02 155.619
 17248.6 52568.9 112.63 3205.68 118.485
 3610.56 9879.14 13265.5 28.4214 838.835
 46532.7 901.23 1079.39 1449.38 94.7562
 3563.05 23171.9 212.597 254.625 364.256
 403.283 3477.29 10856.9 99.6099 289.97
 27428.8 382.818 1551.99 4845.7 173.878
 27137.8 8551.31 54.1478 219.522 709.996
 167.993 13062.9 1962.38 12.426 213.308
 142.83 236.864 8900.23 1337.03 153.8
 17995.5 194.15 149.192 5605.94 939.024
F
 0.226657 0.453314 0.453314 0.453314 0.453314
 0.238095 0.47619 0.47619 0.47619 0.47619
 0.274831 0.549662 0.549662 0.549662 0.549662
 1.12356 2.24711 2.24711 2.24711 2.24711
 2.01383 4.02766 4.02766 4.02766 4.02766
 0.38517 0.770341 0.770341 0.770341 0.770341
 0.904383 1.80877 1.80877 1.80877 1.80877
 1.37379 2.74759 2.74759 2.74759 2.74759
 0.351386 0.702771 0.702771 0.702771 0.702771
 0.339957 0.679915 0.679915 0.679915 0.679915
 0.166319 0.332637 0.332637 0.332637 0.332637
 0.337988 0.675975 0.675975 0.675975 0.675975
 0.269031 0.538063 0.538063 0.538063 0.538063
 0.834372 1.66874 1.66874 1.66874 1.66874
 0.329401 0.658802 0.658802 0.658802 0.658802
 0.312772 0.625544 0.625544 0.625544 0.625544
 0.139719 0.279439 0.279439 0.279439 0.279439
 0.295371 0.590743 0.590743 0.590743 0.590743
 0.287294 0.574588 0.574588 0.574588 0.574588
 0.241115 0.48223 0.48223 0.48223 0.48223
 0.164289 0.328577 0.328577 0.328577 0.328577
 0.208634 0.417268 0.417268 0.417268 0.417268
 0.218946 0.437892 0.437892 0.437892 0.437892
 0.0911026 0.182205 0.182205 0.182205 0.182205
 0.0688394 0.137679 0.137679 0.137679 0.137679
 0.103476 0.206952 0.206952 0.206952 0.206952
 0.161718 0.323436 0.323436 0.323436 0.323436
 0.0805318 0.161064 0.161064 0.161064 0.161064
 0.0579391 0.115878 0.115878 0.115878 0.115878
 0.127441 0.254881 0.254881 0.254881 0.254881
 0.328363 0.656727 0.656727 0.656727 0.656727
nmprior
 8.19 8.8 8.5 0
nm_flota  nm_reclas  nm_pelaces    nm_pelaL
inf 3.20453 2.88747 3.96892
cv_recla  cv_pelaces  cv_mph
0.684567 0.853301 1.40966
 ------------------------------------------------
Talla a la edad & desviaci?n 
 8 13.2811 15.8009 17.003 17.5766
 0.8 1.32811 1.58009 1.7003 1.75766
