    unsorted:	 2.315458377e-06 5.625852653e-05 0.0001006615478 0.001099992036 6.140192070 8.865050908 4.800880260 13.77906890 63.18726218 84.19355462 169.4004449 227.8250368 206.7701691 252.8784679 460.6581142 514.4026272 621.0796969 884.0744431 891.8116789 814.6124690 789.3102473 946.7492471 1037.488091 1136.877195 1151.762824 1296.394776 1423.281768 1477.453361 1728.217183 1831.950173 1967.113317 2108.026396 2389.797081 2432.755022 2456.438180 2593.321444 2713.104192 2781.736749 3111.115746 3246.189510 3624.213683 3913.139967 4294.903820 9405.586439 41474.83875 378767.3645 158287.4178 371068.3833 384284.9743 354589.8403 349128.7821 398835.3888 416557.3906 311745.1740 443295.4476 452968.4158 238835.8899 504221.0324 618712.4746 662576.0075 688598.9956 713078.7421 725483.1035 987516.6677 1102830.368 1181688.899 1245440.720 1399151.051 1523310.802 1748883.793 1859345.285 2271431.387 2508272.376 2476599.671 2755644.170 2986546.364 3330689.429
      sorted:	 2.315458377e-06 5.625852653e-05 0.0001006615478 0.001099992036 4.800880260 6.140192070 8.865050908 13.77906890 63.18726218 84.19355462 169.4004449 206.7701691 227.8250368 252.8784679 460.6581142 514.4026272 621.0796969 789.3102473 814.6124690 884.0744431 891.8116789 946.7492471 1037.488091 1136.877195 1151.762824 1296.394776 1423.281768 1477.453361 1728.217183 1831.950173 1967.113317 2108.026396 2389.797081 2432.755022 2456.438180 2593.321444 2713.104192 2781.736749 3111.115746 3246.189510 3624.213683 3913.139967 4294.903820 9405.586439 41474.83875 158287.4178 238835.8899 311745.1740 349128.7821 354589.8403 371068.3833 378767.3645 384284.9743 398835.3888 416557.3906 443295.4476 452968.4158 504221.0324 618712.4746 662576.0075 688598.9956 713078.7421 725483.1035 987516.6677 1102830.368 1181688.899 1245440.720 1399151.051 1523310.802 1748883.793 1859345.285 2271431.387 2476599.671 2508272.376 2755644.170 2986546.364 3330689.429
