years
 1991 1992 1993 1994 1995 1996 1997 1998 1999 2000 2001 2002 2003 2004 2005 2006 2007 2008 2009 2010 2011 2012 2013 2014 2015 2016 2017 2018 2019 2020 2021
reclasobs
 0 0 0 0 0 0 0 0 0 252601 567819 844713 477998 351125 339783 2.1784e+06 2.13404e+06 4.81314e+06 1.55562e+06 2.62356e+06 3.21686e+06 3.843e+06 1.13348e+06 3.07943e+06 1.97215e+06 2.03268e+06 2.025e+06 2.42433e+06 2.27542e+06 1.05018e+06 2.36338e+06
reclaspred
 1.9088e+06 1.13076e+06 487087 249911 40371.1 1.03396e+06 371624 99377.5 436796 161832 185986 592898 405427 280442 199534 1.16493e+06 752287 4.38654e+06 2.72819e+06 979411 2.26713e+06 2.22856e+06 1.26706e+06 2.89472e+06 1.72864e+06 842832 1.50232e+06 2.36911e+06 1.71397e+06 644710 857620
pelacesobs
 0 0 0 0 0 0 0 0 0 0 0 0 0 0 0 552880 188675 0 991730 2.46772e+06 1.41603e+06 1.21717e+06 2.29649e+06 1.80582e+06 0 1.4828e+06 1.56532e+06 1.57751e+06 1.42118e+06 867257 1.10002e+06
pelacespred
 585430 471155 222299 86510.9 9715.64 459253 123105 42536.1 186622 56131.2 83666.8 230772 158061 112263 77820.7 444596 286807 2.11902e+06 1.2802e+06 473665 1.00806e+06 965745 554057 1.47896e+06 859605 414543 826317 1.25645e+06 763337 347042 409106
mphobs
 0 0 0 0 0 0 0 0 0 0 0 498337 0 5186 125008 0 168611 109162 213762 579715 649985 157893 87575 83554 0 0 0 0 0 0 0
mphpred
 283659 1.21992e+06 590471 184754 74267.4 9206.95 542174 127416 41928.7 219525 49245.9 116732 332542 159250 81275.8 75986.3 740527 420189 2.74171e+06 1.32163e+06 581601 1.18726e+06 1.31637e+06 756976 1.66012e+06 950755 413847 775095 1.65529e+06 877889 290485
desembarqueobs
 494567 514787 250237 358949 120608 361735 552515 73892 212993 205616 52469 317467 293654 387597 252695 516296 358380 742168 942051 627588 828172 859565 418607 520667 417249 300574 415391 372974 316634 284311 391294
desembarquepred
 494263 519029 247617 358180 120429 361444 551551 73845.6 212786 205333 52443.6 317130 293227 386745 252290 515809 358153 741711 940664 626227 827417 858567 418266 520364 416856 300222 415057 372735 316402 283994 390950
Reclutas
 540587 898.29 2364.89 86892.8 1098.94 310951 1142.71 313.73 78802.7 1467.38 51072.7 208046 47626.9 69605.8 47466.4 445190 3316.31 1.22993e+06 119797 19948 476995 601661 3438.05 415284 128518 12462.6 266882 375596 8582.14 3183.99 155532
log_desv_Rt
 2.69338 -3.70654 -2.73854 0.865401 -3.50493 2.14036 -3.46587 -4.7585 0.767673 -3.2158 0.333976 1.73849 0.264123 0.643573 0.260748 2.49923 -2.40042 3.51544 1.18652 -0.606147 2.56823 2.80042 -2.36437 2.42969 1.25679 -1.07654 1.98753 2.32924 -1.44959 -2.44114 1.44758
SSB
 283659 1.21992e+06 590471 184754 74267.4 9206.95 542174 127416 41928.7 219525 49245.9 116732 332542 159250 81275.8 75986.3 740527 420189 2.74171e+06 1.32163e+06 581601 1.18726e+06 1.31637e+06 756976 1.66012e+06 950755 413847 775095 1.65529e+06 877889 290485
BT
 1.64459e+06 1.53433e+06 750332 534226 124210 1.37962e+06 776243 169221 620575 312322 239240 793983 619746 665573 432532 1.43133e+06 945710 5.54973e+06 3.83205e+06 1.75564e+06 3.06059e+06 2.98385e+06 1.64034e+06 3.90464e+06 2.38129e+06 1.25157e+06 2.34926e+06 3.2618e+06 2.02329e+06 1.11511e+06 1.33065e+06
Ftot
 0.26303 0.422547 0.465869 1.25106 2.07459 0.356868 1.21903 0.664727 0.487536 1.06998 0.284874 0.527087 0.664264 1.21704 1.14241 0.445865 0.438072 0.174135 0.324329 0.580042 0.36287 0.376173 0.308 0.182148 0.230758 0.3331 0.278422 0.159572 0.174633 0.406853 0.450298
BD_Bspro_t
 0.958789 0.733428 0.478096 0.266629 0.134816 0.0285834 0.506021 0.174855 0.0971999 0.373098 0.164271 0.435714 0.495567 0.28346 0.165996 0.164905 0.523418 0.384385 0.736989 0.544147 0.332749 0.497943 0.539886 0.441151 0.653975 0.583408 0.462028 0.633397 0.758945 0.62868 0.422461
BD_Bspro
 1.0851 4.66665 2.25878 0.706753 0.284101 0.0352201 2.07402 0.487414 0.160393 0.839768 0.188384 0.446544 1.2721 0.609191 0.310911 0.290677 2.8328 1.60738 10.4881 5.05575 2.22485 4.54173 5.03562 2.89572 6.35059 3.637 1.58312 2.96503 6.33211 3.35826 1.11121
BD_Bo
 0.170948 0.735186 0.355848 0.111342 0.0447574 0.00554859 0.326742 0.0767874 0.0252684 0.132297 0.0296781 0.0703486 0.200407 0.0959721 0.048981 0.0457933 0.44628 0.253228 1.6523 0.796485 0.350503 0.715506 0.793313 0.456193 1.00047 0.572974 0.249405 0.467112 0.997562 0.529061 0.175061
BD_Brms
 1.22984 5.2891 2.56006 0.801022 0.321995 0.0399179 2.35066 0.552427 0.181787 0.951778 0.213512 0.506105 1.44177 0.690446 0.352381 0.329448 3.21064 1.82178 11.887 5.7301 2.5216 5.14752 5.70729 3.28196 7.19765 4.12211 1.79428 3.36052 7.1767 3.80619 1.25943
Sel_flota
 0.910695 1 1 1 1
 0.910695 1 1 1 1
 0.910695 1 1 1 1
 0.910695 1 1 1 1
 0.910695 1 1 1 1
 0.910695 1 1 1 1
 0.910695 1 1 1 1
 0.910695 1 1 1 1
 0.910695 1 1 1 1
 0.910695 1 1 1 1
 0.910695 1 1 1 1
 0.910695 1 1 1 1
 0.910695 1 1 1 1
 0.910695 1 1 1 1
 0.910695 1 1 1 1
 0.910695 1 1 1 1
 0.910695 1 1 1 1
 0.910695 1 1 1 1
 0.910695 1 1 1 1
 0.910695 1 1 1 1
 0.910695 1 1 1 1
 0.910695 1 1 1 1
 0.910695 1 1 1 1
 0.910695 1 1 1 1
 0.910695 1 1 1 1
 0.910695 1 1 1 1
 0.910695 1 1 1 1
 0.910695 1 1 1 1
 0.910695 1 1 1 1
 0.910695 1 1 1 1
 0.910695 1 1 1 1
Sel_reclas
 1 1 1 1 1
 1 1 1 1 1
 1 1 1 1 1
 1 1 1 1 1
 1 1 1 1 1
 1 1 1 1 1
 1 1 1 1 1
 1 1 1 1 1
 1 1 1 1 1
 1 1 1 1 1
 1 1 1 1 1
 1 1 1 1 1
 1 1 1 1 1
 1 1 1 1 1
 1 1 1 1 1
 1 1 1 1 1
 1 1 1 1 1
 1 1 1 1 1
 1 1 1 1 1
 1 1 1 1 1
 1 1 1 1 1
 1 1 1 1 1
 1 1 1 1 1
 1 1 1 1 1
 1 1 1 1 1
 1 1 1 1 1
 1 1 1 1 1
 1 1 1 1 1
 1 1 1 1 1
 1 1 1 1 1
 1 1 1 1 1
Sel_pelaces
 1 1 1 1 1
 1 1 1 1 1
 1 1 1 1 1
 1 1 1 1 1
 1 1 1 1 1
 1 1 1 1 1
 1 1 1 1 1
 1 1 1 1 1
 1 1 1 1 1
 1 1 1 1 1
 1 1 1 1 1
 1 1 1 1 1
 1 1 1 1 1
 1 1 1 1 1
 1 1 1 1 1
 1 1 1 1 1
 1 1 1 1 1
 1 1 1 1 1
 1 1 1 1 1
 1 1 1 1 1
 1 1 1 1 1
 1 1 1 1 1
 1 1 1 1 1
 1 1 1 1 1
 1 1 1 1 1
 1 1 1 1 1
 1 1 1 1 1
 1 1 1 1 1
 1 1 1 1 1
 1 1 1 1 1
 1 1 1 1 1
pf_obs 
 0.8446 0.082 0.0669 0.0065 0
 0.8095 0.147 0.0364 0.0071 0
 0.9664 0.0169 0.016 0.0007 0
 0.9276 0.0648 0.0075 0.0001 0
 0.7033 0.2144 0.0806 0.0017 0
 0.9318 0.0425 0.0243 0.0014 0
 0.5671 0.3108 0.0964 0.0239 0.0018
 0.0768 0.2599 0.5324 0.112 0.0189
 0.490249 0.384438 0.106611 0.0170017 0.00170017
 0.7925 0.1577 0.0466 0.003 0.0002
 0.840416 0.127587 0.0312969 0.00059994 9.999e-05
 0.8084 0.0986 0.0794 0.0134 0.0002
 0.7335 0.1905 0.0724 0.0035 0.0001
 0.4001 0.4547 0.1325 0.0127 0
 0.49795 0.308269 0.164784 0.0264974 0.00249975
 0.9179 0.0499 0.0305 0.0017 0
 0.2467 0.6533 0.0926 0.0074 0
 0.9418 0.0223 0.034 0.0019 0
 0.707729 0.231977 0.0356964 0.0245975 0
 0.517169 0.277429 0.184464 0.0207286 0.00020938
 0.811772 0.124168 0.05621 0.00726502 0.000585176
 0.764997 0.148141 0.077277 0.00933861 0.000247198
 0.163321 0.427699 0.378323 0.0303852 0.000271297
 0.753843 0.0900009 0.118128 0.0371064 0.000921714
 0.721811 0.176058 0.0630433 0.0369309 0.00215725
 0.143369 0.312575 0.442814 0.0836902 0.0175525
 0.692698 0.0596174 0.167031 0.0765114 0.00414204
 0.394062 0.376323 0.152708 0.0712218 0.00568511
 0.125707 0.32114 0.495352 0.0537591 0.00404204
 0.23352 0.215282 0.420074 0.123614 0.00750983
 0.774587 0.0839891 0.0768558 0.0609784 0.00358967
pf_pred 
 0.948243 0.0381267 0.0121888 0.00144135 1.1152e-07
 0.00503056 0.948484 0.0342432 0.0109473 0.00129464
 0.0521071 0.0053553 0.898502 0.0324387 0.0115968
 0.893759 0.00619582 0.000565224 0.0948322 0.00464772
 0.0856441 0.830893 0.00486742 0.000444039 0.0781512
 0.997977 0.000212715 0.0016453 9.63826e-06 0.000155631
 0.0128635 0.985352 0.000187594 0.00145099 0.000145751
 0.0309624 0.0146854 0.952627 0.000181364 0.00154371
 0.976021 0.000842709 0.000350627 0.0227448 4.11877e-05
 0.0677427 0.912385 0.000698368 0.00029057 0.0188831
 0.947536 0.00410875 0.0473249 3.62239e-05 0.00099453
 0.926884 0.0696571 0.000270886 0.00312009 6.79567e-05
 0.466694 0.498524 0.0331365 0.000128863 0.00151658
 0.774272 0.112725 0.105633 0.00702138 0.000348658
 0.809338 0.152907 0.0188544 0.0176683 0.00123272
 0.982327 0.0147211 0.00236724 0.000291897 0.000292618
 0.0269114 0.957776 0.0127551 0.00205111 0.000506456
 0.976491 0.000709218 0.0224409 0.000298856 5.99244e-05
 0.218581 0.764806 0.000501206 0.0158591 0.000253551
 0.118547 0.209917 0.657258 0.000430726 0.0138469
 0.930824 0.00915524 0.0142939 0.0447546 0.000972202
 0.805018 0.182848 0.00160581 0.00250713 0.00802042
 0.0162937 0.8089 0.163928 0.00143965 0.00943822
 0.878564 0.00220495 0.0980436 0.0198691 0.00131846
 0.447745 0.49104 0.00111149 0.0494228 0.0106805
 0.124392 0.415083 0.409478 0.000926874 0.05012
 0.908583 0.0125301 0.0373963 0.0368913 0.004599
 0.805508 0.17839 0.0022071 0.00658713 0.00730827
 0.0512718 0.7789 0.155768 0.00192722 0.0121333
 0.0581243 0.0532262 0.729576 0.145904 0.0131701
 0.92017 0.00517274 0.00421892 0.057829 0.0126088
pobs_RECLAS
 0 0 0 0 0
 0 0 0 0 0
 0 0 0 0 0
 0 0 0 0 0
 0 0 0 0 0
 0 0 0 0 0
 0 0 0 0 0
 0 0 0 0 0
 0 0 0 0 0
 0 0 0 0 0
 0.991045 0.00858322 0.000360255 1.14367e-05 0
 0.934742 0.0480273 0.0164251 0.00080598 0
 0.827803 0.169806 0.00239088 0 0
 0.941827 0.0461693 0.0120037 0 0
 0.791401 0.0380133 0.147996 0.0225897 0
 0.846168 0.0940531 0.0597789 0 0
 0.134021 0.677848 0.182769 0.00536245 0
 0.80878 0.0450904 0.141981 0.00414843 0
 0.846168 0.0940531 0.0597789 0 0
 0.905697 0.0802665 0.012482 0.00150086 5.37128e-05
 0.989698 0.0102097 9.19794e-05 0 0
 0.975433 0.0193895 0.00387452 0.00125025 5.28907e-05
 0.303575 0.632131 0.0575291 0.00676475 0
 0.966965 0.00978017 0.0227588 0.000495775 0
 0.843318 0.132988 0.00938335 0.0141283 0.000182051
 0.564624 0.303363 0.111486 0.0197234 0.00080311
 0.826376 0.0876187 0.0782897 0.00655872 0.00115652
 0.89761 0.0855135 0.0140674 0.00269457 0.000114338
 0.34875 0.467042 0.161289 0.0227151 0.000203297
 0.318654 0.224769 0.449479 0.00709798 0
 0.937255 0.0296025 0.0250945 0.00804832 0
ppred_RECLAS
 0.952754 0.0348038 0.0111265 0.00131573 1.018e-07
 0.00554467 0.947994 0.0342255 0.0109416 0.00129397
 0.0571866 0.0053266 0.893687 0.0322649 0.0115346
 0.903979 0.00559981 0.000510852 0.0857098 0.00420063
 0.0967318 0.820818 0.0048084 0.000438654 0.0772036
 0.998163 0.000193086 0.00149347 8.74884e-06 0.000141269
 0.0143633 0.983855 0.000187309 0.00144879 0.00014553
 0.0341505 0.0146371 0.949493 0.000180767 0.00153864
 0.978225 0.000765242 0.000318395 0.020654 3.74015e-05
 0.074935 0.905346 0.00069298 0.000288329 0.0187375
 0.952116 0.00375004 0.0431933 3.30614e-05 0.000907703
 0.933331 0.0635153 0.000247002 0.00284499 6.19649e-05
 0.491968 0.474898 0.0315662 0.000122756 0.00144471
 0.793205 0.10327 0.0967733 0.00643246 0.000319414
 0.82576 0.139737 0.0172305 0.0161465 0.00112654
 0.983952 0.0133672 0.00214954 0.000265052 0.000265708
 0.0296009 0.955129 0.0127199 0.00204544 0.000505056
 0.978577 0.000646304 0.0204502 0.000272345 5.46086e-05
 0.235532 0.748215 0.000490334 0.015515 0.000248051
 0.129401 0.207332 0.649165 0.000425422 0.0136763
 0.93682 0.00836175 0.013055 0.0408757 0.000887941
 0.819831 0.168958 0.00148382 0.00231667 0.00741112
 0.0179137 0.807568 0.163658 0.00143728 0.00942268
 0.888351 0.00202725 0.090142 0.0182678 0.00121221
 0.471483 0.469934 0.00106372 0.0472985 0.0102214
 0.135316 0.409904 0.404369 0.000915311 0.0494948
 0.916258 0.0114781 0.0342566 0.033794 0.00421288
 0.819944 0.165149 0.00204328 0.0060982 0.00676582
 0.0560965 0.774939 0.154976 0.00191742 0.0120716
 0.063705 0.0529108 0.725253 0.145039 0.0130921
 0.927092 0.00472426 0.00385313 0.0528153 0.0115156
pobs_PELACES
 0 0 0 0 0
 0 0 0 0 0
 0 0 0 0 0
 0 0 0 0 0
 0 0 0 0 0
 0 0 0 0 0
 0 0 0 0 0
 0 0 0 0 0
 0 0 0 0 0
 0 0 0 0 0
 0 0 0 0 0
 0 0 0 0 0
 0 0 0 0 0
 0 0 0 0 0
 0 0 0 0 0
 0 0 0 0 0
 0.505614 0.472636 0.0217494 0 0
 0 0 0 0 0
 0.443492 0.261883 0.143347 0.151278 0
 0.227955 0.32914 0.350689 0.0885471 0.00366901
 0.970185 0.0296113 0.000203453 0 0
 0.997202 0.00247181 0.000326279 0 0
 0.445219 0.490057 0.0546422 0.010081 0
 0.90214 0.0892962 0.00764917 0.000914606 0
 0 0 0 0 0
 0.581667 0.319106 0.0959925 0.00289975 0.000334073
 0.762889 0.0836404 0.116647 0.0363945 0.000428098
 0.88444 0.0763242 0.0277011 0.0115352 0
 0.521256 0.241999 0.230069 0.00667565 0
 0.616807 0.101726 0.260614 0.0208532 0
 0.833518 0.0704572 0.0857862 0.0102388 0
ppred_PELACES
 0.953102 0.0345476 0.0110446 0.00130605 1.01051e-07
 0.00561376 0.947928 0.0342232 0.0109408 0.00129388
 0.0579314 0.00532239 0.892981 0.0322394 0.0115255
 0.907132 0.00541593 0.000494077 0.0828954 0.0040627
 0.102207 0.815842 0.00477925 0.000435995 0.0767356
 0.998183 0.000191069 0.00147787 8.65747e-06 0.000139794
 0.0148809 0.983338 0.000187211 0.00144803 0.000145454
 0.0348026 0.0146272 0.948852 0.000180645 0.0015376
 0.978529 0.00075456 0.000313951 0.0203657 3.68794e-05
 0.0771504 0.903178 0.00069132 0.000287638 0.0186926
 0.952497 0.00372017 0.0428493 3.27982e-05 0.000900475
 0.934291 0.0626007 0.000243445 0.00280402 6.10725e-05
 0.496862 0.470324 0.0312621 0.000121574 0.0014308
 0.799026 0.100363 0.094049 0.00625138 0.000310422
 0.830551 0.135894 0.0167567 0.0157026 0.00109557
 0.984159 0.0131955 0.00212192 0.000261647 0.000262294
 0.029974 0.954761 0.012715 0.00204465 0.000504862
 0.978684 0.000643067 0.0203478 0.000270981 5.4335e-05
 0.237257 0.746526 0.000489227 0.01548 0.000247491
 0.131339 0.206871 0.64772 0.000424475 0.0136459
 0.93745 0.00827837 0.0129249 0.0404681 0.000879087
 0.821462 0.167428 0.00147039 0.00229568 0.007344
 0.0180741 0.807436 0.163632 0.00143705 0.00942114
 0.888882 0.0020176 0.089713 0.0181809 0.00120644
 0.473178 0.468427 0.00106031 0.0471468 0.0101886
 0.136469 0.409358 0.40383 0.000914091 0.0494288
 0.916886 0.0113921 0.0339999 0.0335408 0.00418131
 0.820637 0.164513 0.00203541 0.00607473 0.00673977
 0.0563696 0.774715 0.154931 0.00191686 0.0120681
 0.064424 0.0528702 0.724696 0.144928 0.0130821
 0.927984 0.00466646 0.003806 0.0521691 0.0113748
pobs_pel_tallas
 0 0 0 0 0 0 0 0 0 0 0 0 0 0 0 0 0 0 0 0 0 0 0 0 0 0
 0 0 0 0 0 0 0 0 0 0 0 0 0 0 0 0 0 0 0 0 0 0 0 0 0 0
 0 0 0 0 0 0 0 0 0 0 0 0 0 0 0 0 0 0 0 0 0 0 0 0 0 0
 0 0 0 0 0 0 0 0 0 0 0 0 0 0 0 0 0 0 0 0 0 0 0 0 0 0
 0 0 0 0 0 0 0 0 0 0 0 0 0 0 0 0 0 0 0 0 0 0 0 0 0 0
 0 0 0 0 0 0 0 0 0 0 0 0 0 0 0 0 0 0 0 0 0 0 0 0 0 0
 0 0 0 0 0 0 0 0 0 0 0 0 0 0 0 0 0 0 0 0 0 0 0 0 0 0
 0 0 0 0 0 0 0 0 0 0 0 0 0 0 0 0 0 0 0 0 0 0 0 0 0 0
 0 0 0 0 0 0 0 0 0 0 0 0 0 0 0 0 0 0 0 0 0 0 0 0 0 0
 0 0 0 0 0 0 0 0 0 0 0 0 0 0 0 0 0 0 0 0 0 0 0 0 0 0
 0 0 0 0 0 0 0 0 0 0 0 0 0 0 0 0 0 0 0 0 0 0 0 0 0 0
 0 0 0 0 0 0 0 0 0 0 0 0 0 0 0 0 0 0 0 0 0 0 0 0 0 0
 0.00862536 0 0 0.000197151 0.00414017 0.0128641 0.00837892 0.0270097 0.101434 0.158115 0.152841 0.127902 0.109271 0.109419 0.0830992 0.0579132 0.0238553 0.00714673 0.00463305 0.00128148 0.00103504 0.000492878 0.000147863 0.000147863 4.92878e-05 0
 0 0 0 0 0 0 0 0 0 0 0 0 0 0 0 0 0 0 0 0 0 0 0 0 0 0
 0 0 0 0 0 0 0 0.0054083 0.00873648 0.0413646 0.0450493 0.0745869 0.0622846 0.0627006 0.0613931 0.0827291 0.12552 0.122667 0.0946155 0.0697135 0.0546179 0.0294188 0.0215738 0.0213955 0.0102223 0.00600262
 0 0 0 0 0.00359764 0.0251062 0.0480494 0.140153 0.205849 0.193036 0.1447 0.116669 0.0760912 0.0342217 0.00950174 0.001854 0.000860785 0 0 0 0.000165536 0 0.000143464 0 0 0
 0 0 0 0 0 0 0 0.000145254 0.000435761 0.0275982 0.070085 0.0708112 0.156366 0.174668 0.174014 0.160142 0.0824315 0.0480064 0.0283245 0.00493863 0.00203355 0 0 0 0 0
 0 0 0 0 0 0 0 0 0 0 0 0 0 0 0 0 0 0 0 0 0 0 0 0 0 0
 0 0 1.00437e-05 0.000401748 0.00122533 0.00171747 0.00176769 0.0269171 0.070346 0.194647 0.189555 0.159765 0.064822 0.0314167 0.0384472 0.0292271 0.0345202 0.0313363 0.0194345 0.0106764 0.0143323 0.0359363 0.0279516 0.0138201 0.00172751 0
 0 0.0021121 0.0136068 0.0755702 0.200478 0.177729 0.0527432 0.0373336 0.0318909 0.0142505 0.0149659 0.0166563 0.0217959 0.0798694 0.0677717 0.0528807 0.04013 0.0224614 0.0357745 0.0225083 0.00881397 0.00855152 0.00135912 0.000746735 0 0
 0 0 0 0 5.4009e-05 0.00500934 0.000945158 0.0243581 0.138947 0.33067 0.221406 0.137944 0.0707744 0.0437923 0.0131692 0.00525238 0.0047753 0.00276346 9.45158e-05 9.00151e-06 2.25038e-05 9.00151e-06 4.50075e-06 0 0 0
 0.000866109 0.00284123 0.00948549 0.0512746 0.133035 0.25785 0.225252 0.132002 0.0553304 0.0519788 0.0540692 0.017754 0.00435017 0.00159236 0.00146478 0.000404838 0.000125132 0.000115318 0.000107957 0.000100596 0 0 0 0 0 0
 0 0 0 0 0.00144013 0.00171154 0.00461396 0.0210425 0.0478622 0.0707936 0.0888783 0.103762 0.0637923 0.0337046 0.0602308 0.124433 0.169614 0.0934646 0.0462172 0.0250306 0.0313229 0.00938855 0.002487 0.000210481 0 0
 0 0.00764035 0.051015 0.0998891 0.058973 0.0496711 0.0374665 0.0718981 0.12319 0.153886 0.159021 0.0857701 0.0377988 0.023471 0.0147837 0.00900784 0.00315554 0.000888139 0.00291439 0.00214683 0.00393193 0.00274676 0.000635225 9.99891e-05 0 0
 0 0 0 0 0 0 0 0 0 0 0 0 0 0 0 0 0 0 0 0 0 0 0 0 0 0
 0 0 0 0 0 0 0 0 0 0 0 0 0 0 0 0 0 0 0 0 0 0 0 0 0 0
 0 0 0 0 0 0 0 0 0 0 0 0 0 0 0 0 0 0 0 0 0 0 0 0 0 0
 0 0 0 0 0 0 0 0 0 0 0 0 0 0 0 0 0 0 0 0 0 0 0 0 0 0
 0 0 0 0 0 0 0 0 0 0 0 0 0 0 0 0 0 0 0 0 0 0 0 0 0 0
 0 0 0 0 0 0 0 0 0 0 0 0 0 0 0 0 0 0 0 0 0 0 0 0 0 0
 0 0 0 0 0 0 0 0 0 0 0 0 0 0 0 0 0 0 0 0 0 0 0 0 0 0
ppred_pel_tallas
 1.00459e-16 7.85057e-05 0.000763104 0.00507109 0.0230525 0.0717247 0.152817 0.223042 0.223045 0.152834 0.0717796 0.0232109 0.00546937 0.00163403 0.00173691 0.0027585 0.00399217 0.00507393 0.00568868 0.00568834 0.00516862 0.00439043 0.00361077 0.00295942 0.00243408 0.00197617
 1.02547e-16 4.62595e-07 4.49668e-06 2.98865e-05 0.000135916 0.000423373 0.000905412 0.00134059 0.0014318 0.00135097 0.00191896 0.00445356 0.0108598 0.02362 0.044773 0.0738146 0.105855 0.132111 0.143628 0.136281 0.113289 0.0831651 0.0547986 0.033455 0.019958 0.0123965
 1.30955e-16 4.77173e-06 4.6383e-05 0.000308231 0.00140117 0.00435958 0.00928862 0.0135574 0.0135593 0.00929857 0.00439702 0.00152699 0.000690699 0.00110152 0.00265254 0.00605273 0.012609 0.0239353 0.0413708 0.0650521 0.0929801 0.120735 0.142391 0.152546 0.148538 0.131598
 1.09017e-16 7.47193e-05 0.000726298 0.0048265 0.0219406 0.0682653 0.145446 0.212284 0.212284 0.145449 0.0682745 0.0219677 0.00489641 0.000885753 0.000399277 0.000603856 0.00102269 0.00166003 0.00262167 0.00406827 0.00616343 0.00896737 0.0123171 0.0157718 0.0186848 0.0203986
 1.13377e-16 8.41884e-06 8.18342e-05 0.000543821 0.00247218 0.00769229 0.0163921 0.0239412 0.0240197 0.0167755 0.00897894 0.00618638 0.00985919 0.0203918 0.0385067 0.0634558 0.0909755 0.113523 0.123465 0.117403 0.0983388 0.0738615 0.0518044 0.0366605 0.0287825 0.0258794
 1.00068e-16 8.2219e-05 0.000799198 0.00531095 0.0241428 0.0751172 0.160045 0.233591 0.233591 0.160045 0.0751176 0.0241438 0.00531367 0.000805485 9.52137e-05 3.00075e-05 4.15678e-05 6.52315e-05 9.6625e-05 0.000135105 0.000178213 0.00022052 0.000254089 0.000270916 0.000266345 0.000241316
 1.00427e-16 1.22592e-06 1.19165e-05 7.91939e-05 0.000360062 0.00112079 0.00239146 0.00351023 0.00360479 0.00285335 0.00267103 0.00483472 0.0113001 0.0244705 0.0463442 0.0763303 0.10929 0.136033 0.147198 0.138479 0.11328 0.080607 0.0499392 0.0270034 0.0128297 0.00545665
 1.27664e-16 2.86665e-06 2.78648e-05 0.000185172 0.000841766 0.00261906 0.00558028 0.00814516 0.00814803 0.00559499 0.00267267 0.00101515 0.000690193 0.00136067 0.00320673 0.00704392 0.014196 0.0262395 0.0444306 0.0687788 0.0971084 0.124783 0.14568 0.154334 0.14825 0.129065
 1.02058e-16 8.06001e-05 0.000783462 0.00520638 0.0236674 0.0736382 0.156894 0.228991 0.228991 0.156894 0.0736396 0.0236715 0.005217 0.000808343 0.000133232 0.00010797 0.00018694 0.000326164 0.000552018 0.000904139 0.00141788 0.00210001 0.00290372 0.00371916 0.00439256 0.00477238
 1.03443e-16 6.35496e-06 6.17726e-05 0.000410505 0.00186615 0.00580675 0.0123751 0.01808 0.0181669 0.0127994 0.0072307 0.00597637 0.0107178 0.0225299 0.0425811 0.0701336 0.100442 0.12508 0.135479 0.127724 0.104986 0.0755659 0.0481706 0.0280051 0.015902 0.00990434
 1.01394e-16 7.84559e-05 0.00076262 0.00506788 0.0230378 0.0716792 0.15272 0.2229 0.2229 0.152722 0.0716865 0.0230596 0.00512564 0.000899056 0.000367754 0.000562217 0.000984128 0.0016144 0.00247732 0.00356161 0.00478172 0.0059578 0.00684281 0.00720503 0.00692953 0.00607665
 1.00315e-16 7.69563e-05 0.000748043 0.00497101 0.0225975 0.0703092 0.149801 0.218641 0.218647 0.149831 0.0704079 0.0228824 0.00568568 0.00230613 0.00303001 0.00487176 0.00697416 0.00869476 0.00943843 0.00893669 0.00741029 0.0054316 0.00359569 0.00225065 0.00144067 0.00102083
 1.01277e-16 4.09259e-05 0.000397815 0.00264362 0.0120175 0.0373913 0.0796678 0.116287 0.116332 0.0798889 0.0381338 0.0141613 0.00802164 0.0121281 0.0222892 0.0367057 0.0526871 0.0658626 0.0717991 0.0684414 0.0573468 0.0426679 0.0287348 0.0181031 0.0111789 0.00707159
 1.0342e-16 6.58148e-05 0.000639743 0.00425132 0.0193259 0.06013 0.128114 0.186988 0.186998 0.128162 0.0602913 0.0197933 0.00543064 0.00323385 0.00504984 0.00839331 0.0124303 0.0163486 0.0193386 0.0209811 0.0214134 0.0210823 0.0203193 0.0191246 0.0173079 0.0147879
 1.02279e-16 6.84114e-05 0.000664983 0.00441905 0.0200884 0.0625024 0.133168 0.194366 0.194379 0.133232 0.0627173 0.0207091 0.00597721 0.00406676 0.00653007 0.0106907 0.0154038 0.0193964 0.021426 0.0209338 0.018379 0.014925 0.0117317 0.00940402 0.00791642 0.0069036
 1.00136e-16 8.10638e-05 0.000787969 0.00523633 0.0238036 0.0740619 0.157797 0.230309 0.23031 0.157803 0.0740828 0.0238639 0.0053877 0.00111846 0.000708879 0.00104401 0.00149691 0.00188392 0.00207851 0.00202392 0.00176188 0.00140306 0.00106005 0.000795193 0.000613202 0.000487431
 1.00902e-16 2.46912e-06 2.40008e-05 0.000159498 0.000725113 0.00225659 0.00481129 0.00704147 0.00713329 0.00525986 0.00376218 0.00507117 0.0110589 0.0237848 0.0450326 0.074192 0.106284 0.132409 0.143497 0.13537 0.111307 0.0799882 0.050534 0.0284269 0.0146265 0.0072429
 1.00624e-16 8.06129e-05 0.000783586 0.0052072 0.0236712 0.0736499 0.156919 0.229028 0.229028 0.156919 0.0736515 0.0236764 0.00522182 0.00082044 0.000165065 0.000182858 0.000342666 0.00061122 0.00100798 0.00153208 0.00213848 0.00273082 0.00318033 0.00337014 0.00324497 0.00283713
 1.018e-16 1.95427e-05 0.000189962 0.00126237 0.00573859 0.0178553 0.0380452 0.0555431 0.0556149 0.0383959 0.0190323 0.00913608 0.00978249 0.0187628 0.0352144 0.0579812 0.083045 0.103433 0.112066 0.105705 0.0869579 0.0626598 0.0399693 0.0231521 0.0128799 0.007557
 1.21097e-16 1.08183e-05 0.000105158 0.00069881 0.0031767 0.009884 0.0210597 0.0307416 0.0307625 0.0211622 0.010231 0.00419118 0.0032909 0.00591422 0.0114828 0.0201081 0.0316125 0.0452384 0.0599894 0.0750386 0.0896137 0.102376 0.111044 0.112994 0.10665 0.0926233
 1.04583e-16 7.72165e-05 0.000750572 0.00498781 0.0226739 0.0705468 0.150308 0.219378 0.219379 0.150312 0.0705606 0.0227141 0.00509069 0.000981317 0.00053425 0.000812508 0.00129 0.00190532 0.00267076 0.00363835 0.0048749 0.00639554 0.00809142 0.00970945 0.0109136 0.0114041
 1.01559e-16 6.76628e-05 0.000657706 0.00437069 0.0198685 0.0618185 0.131711 0.19224 0.192256 0.13179 0.0620825 0.0206308 0.00628232 0.00482543 0.00796725 0.0130237 0.0186607 0.0232724 0.0252792 0.0239688 0.0199389 0.0147293 0.00993886 0.00650055 0.00452313 0.00359537
 1.06667e-16 1.48891e-06 1.44728e-05 9.61807e-05 0.000437271 0.00136093 0.00290249 0.00425259 0.00433048 0.00328311 0.00263916 0.00413005 0.00936865 0.0202664 0.0384923 0.0637063 0.0919355 0.115939 0.128285 0.125472 0.109936 0.0882635 0.0671604 0.050343 0.0381645 0.0292201
 1.04617e-16 7.3216e-05 0.000711686 0.0047294 0.0214992 0.0668919 0.14252 0.208013 0.208013 0.142522 0.0668981 0.021519 0.00478614 0.000858827 0.000421032 0.000758981 0.00150425 0.00276677 0.00469045 0.00731402 0.0104664 0.0137182 0.0164502 0.0180459 0.0181264 0.0167018
 1.06603e-16 3.89751e-05 0.000378852 0.00251761 0.0114447 0.035609 0.0758703 0.110744 0.110789 0.0760905 0.0363479 0.0135778 0.00786807 0.0120459 0.0221596 0.0364781 0.0523318 0.0653858 0.0712834 0.0680947 0.0575404 0.0439269 0.0316449 0.0231292 0.0184523 0.0162495
 1.20215e-16 1.12408e-05 0.000109265 0.000726106 0.0033008 0.0102702 0.0218833 0.0319476 0.0319876 0.0220789 0.0109288 0.00520982 0.00554386 0.0107119 0.0203975 0.0343544 0.0510019 0.0672872 0.0799887 0.0874564 0.0902819 0.0902735 0.08871 0.0854618 0.0795732 0.0705041
 1.05056e-16 7.55227e-05 0.000734107 0.0048784 0.0221765 0.0689993 0.14701 0.214566 0.214567 0.147016 0.0690187 0.0222332 0.00502385 0.00106241 0.000731223 0.00117534 0.00189209 0.00282473 0.00397955 0.00538937 0.00707908 0.00899193 0.0109275 0.0125558 0.0135195 0.0135717
 1.01851e-16 6.75948e-05 0.000657046 0.0043663 0.0198486 0.0617564 0.131579 0.192047 0.192063 0.131656 0.0620159 0.0205977 0.00624519 0.00475382 0.00783403 0.012808 0.0183606 0.022919 0.0249379 0.0237245 0.01987 0.0148835 0.0103227 0.00708098 0.00523814 0.00436714
 1.06904e-16 4.64325e-06 4.51341e-05 0.000299936 0.00136351 0.00424279 0.00904247 0.0132134 0.0132881 0.00940766 0.00546917 0.00490647 0.00919611 0.0194749 0.0369321 0.061117 0.0881946 0.111215 0.123051 0.12035 0.105462 0.0847254 0.0645837 0.0486034 0.0371051 0.0287065
 1.37675e-16 5.30653e-06 5.15814e-05 0.000342777 0.00155822 0.00484822 0.0103299 0.0150781 0.0150843 0.010361 0.00495607 0.00188462 0.00121842 0.00214983 0.00453854 0.00892886 0.0162148 0.0274119 0.0433719 0.0642526 0.0888036 0.113897 0.13489 0.147014 0.147242 0.135566
 1.07268e-16 7.64368e-05 0.000742993 0.00493745 0.0224449 0.0698345 0.14879 0.217163 0.217164 0.148792 0.0698424 0.0224682 0.00499752 0.000879699 0.000353547 0.000512943 0.000857857 0.00137133 0.00212611 0.003238 0.00482807 0.00694436 0.00947299 0.0120963 0.0143424 0.0157233
pSPR Fmed_Fpbrs
0.434883   0.189 0.189
Fs Fmed_Fpbrs
0.447599   1.005 1.005
SSBpbr Bo_Bmed_Bpbrs
1.65933e+06  638649  230647 230647
Ro
36571.7
SPR SPRFo_SPRFmed_SPRFpbrs
261412 113683 49406.9
Fref
1.005
Nvult_r0
 117563 619.025 504.881 6920.44 1508.91
CTP_r0
 34190 192.199 156.759 2148.7 468.496
YTP_r0
390950
Np
 135822 37968.9 189.63 154.663 2617.12
Nvult_p0
 115815 32856 164.094 133.836 2264.7
CTP_p0
 55345 16469 82.2517 67.085 1135.17
YTP_p0
 724172
CBA_c0
490916
log_Ro
10.327
likeval ReclasPelacesDesembMPH_pf_preclas_ppelaces_ptallas_desvR_qrecl_qpela
 40.9324 52.9489 1.10392 0.00207496 407.975 163.931 148.435 0 235.726 0 0 4.91806 0 0 0
q_reclas_q_pelaces
1 1
M
1
N
 540587 19980.8 6387.67 755.358 0.0584434
 898.29 156509 5650.48 1806.41 213.629
 2364.89 224.906 37734.3 1362.33 487.029
 86892.8 569.194 51.9256 8711.98 426.974
 1098.94 10230.2 59.929 5.46712 962.218
 310951 61.1169 472.724 2.76924 44.7155
 1142.71 82651.9 15.7355 121.71 12.2257
 313.73 138.518 8985.5 1.71069 14.5608
 78802.7 63.0023 26.2134 1700.44 3.07926
 1467.38 18596.1 14.234 5.92236 384.873
 51072.7 203.732 2346.6 1.79616 49.3137
 208046 14495.2 56.3697 649.271 14.1414
 47626.9 47358.5 3147.89 12.2417 144.072
 69605.8 9568.3 8966.37 595.989 29.5948
 47466.4 8452.74 1042.28 976.712 68.1452
 445190 6169.63 992.116 122.335 122.637
 3316.31 109121 1453.21 233.685 57.7012
 1.22993e+06 818.651 25903.6 344.97 69.1708
 119797 386112 253.034 8006.44 128.005
 19948 32800.2 102698 67.3022 2163.61
 476995 4327.05 6755.74 21152.4 459.493
 601661 126096 1107.4 1728.96 5531.04
 3438.05 157137 31844.7 279.667 1833.46
 415284 955.433 42483.5 8609.54 571.307
 128518 129422 292.954 13026.3 2815.02
 12462.6 38318 37800.6 85.5635 4626.78
 266882 3385.09 10102.9 9966.44 1242.45
 375596 76191.4 942.668 2813.41 3121.41
 8582.14 119485 23895.2 295.64 1861.28
 3183.99 2692.97 36912.8 7381.99 666.343
 155532 808.655 659.544 9040.43 1971.14
pred_Ctot
 74222.6 2984.32 954.062 112.82 0.0087291
 187.12 35280.4 1273.73 407.201 48.1563
 534.907 54.975 9223.61 333.001 119.047
 40827.8 283.031 25.82 4332.03 212.313
 678.631 6583.87 38.5687 3.51849 619.258
 55997.6 11.9357 92.3196 0.540814 8.73263
 528.308 40468.8 7.70456 59.5928 5.98606
 94.5466 44.8432 2908.93 0.553811 4.71387
 18512.2 15.9837 6.65034 431.401 0.781209
 623.639 8399.42 6.42917 2.67499 173.838
 7534.68 32.6722 376.321 0.288048 7.90837
 52116 3916.62 15.2312 175.434 3.82101
 14345.2 15323.6 1018.55 3.96098 46.6167
 32148 4680.35 4385.92 291.529 14.4763
 21057.1 3978.27 490.548 459.688 32.0724
 97052.1 1454.41 233.879 28.8389 28.9101
 712.277 25349.9 337.596 54.2877 13.4046
 115499 83.8863 2654.32 35.3487 7.08786
 19836.8 69408.1 45.4858 1439.25 23.0104
 5399.42 9561.06 29936 19.6182 630.68
 87157.2 857.245 1338.4 4190.57 91.0316
 113427 25763.3 226.259 353.254 1130.08
 543.819 26997.8 5471.26 48.0498 315.009
 40672.4 102.076 4538.84 919.823 61.0371
 15663.8 17178.4 38.8842 1728.99 373.642
 2112.78 7050.08 6954.88 15.7427 851.277
 38571.1 531.926 1587.54 1566.1 195.236
 32495.9 7196.61 89.0391 265.739 294.831
 808.081 12276 2455.02 30.3744 191.23
 642.171 588.055 8060.52 1611.98 145.507
 34190 192.199 156.759 2148.7 468.496
F
 0.23954 0.26303 0.26303 0.26303 0.26303
 0.384811 0.422547 0.422547 0.422547 0.422547
 0.424265 0.465869 0.465869 0.465869 0.465869
 1.13933 1.25106 1.25106 1.25106 1.25106
 1.88931 2.07459 2.07459 2.07459 2.07459
 0.324998 0.356868 0.356868 0.356868 0.356868
 1.11016 1.21903 1.21903 1.21903 1.21903
 0.605363 0.664727 0.664727 0.664727 0.664727
 0.443997 0.487536 0.487536 0.487536 0.487536
 0.974427 1.06998 1.06998 1.06998 1.06998
 0.259433 0.284874 0.284874 0.284874 0.284874
 0.480015 0.527087 0.527087 0.527087 0.527087
 0.604942 0.664264 0.664264 0.664264 0.664264
 1.10836 1.21704 1.21704 1.21704 1.21704
 1.04038 1.14241 1.14241 1.14241 1.14241
 0.406047 0.445865 0.445865 0.445865 0.445865
 0.39895 0.438072 0.438072 0.438072 0.438072
 0.158584 0.174135 0.174135 0.174135 0.174135
 0.295365 0.324329 0.324329 0.324329 0.324329
 0.528241 0.580042 0.580042 0.580042 0.580042
 0.330464 0.36287 0.36287 0.36287 0.36287
 0.342579 0.376173 0.376173 0.376173 0.376173
 0.280494 0.308 0.308 0.308 0.308
 0.165881 0.182148 0.182148 0.182148 0.182148
 0.21015 0.230758 0.230758 0.230758 0.230758
 0.303353 0.3331 0.3331 0.3331 0.3331
 0.253558 0.278422 0.278422 0.278422 0.278422
 0.145321 0.159572 0.159572 0.159572 0.159572
 0.159037 0.174633 0.174633 0.174633 0.174633
 0.370519 0.406853 0.406853 0.406853 0.406853
 0.410084 0.450298 0.450298 0.450298 0.450298
nmprior
 8.19 8.8 8.5 0
nm_flota  nm_reclas  nm_pelaces    nm_pelaL
inf 5.06568 3.08605 4.32736
cv_recla  cv_pelaces  cv_mph
0.578707 0.825089 1.40576
 ------------------------------------------------
Talla a la edad & desviaci?n 
 8 13.2811 15.8009 17.003 17.5766
 0.8 1.32811 1.58009 1.7003 1.75766
