years
 1991 1992 1993 1994 1995 1996 1997 1998 1999 2000 2001 2002 2003 2004 2005 2006 2007 2008 2009 2010 2011 2012 2013 2014 2015 2016 2017 2018 2019 2020 2021
reclasobs
 0 0 0 0 0 0 0 0 0 252601 567819 844713 477998 351125 339783 2.1784e+06 2.13404e+06 4.81314e+06 1.55562e+06 2.62356e+06 3.21686e+06 3.843e+06 1.13348e+06 3.07943e+06 1.97215e+06 2.03268e+06 2.025e+06 2.42433e+06 2.27542e+06 1.05018e+06 2.36338e+06
reclaspred
 2.0411e+06 1.11228e+06 524025 256574 103332 924167 386481 208210 135564 183914 345502 514084 494851 341124 302533 1.23697e+06 987330 2.94917e+06 2.33743e+06 1.4666e+06 2.72251e+06 2.3079e+06 1.568e+06 2.64215e+06 1.86613e+06 1.44796e+06 1.94346e+06 2.4136e+06 1.86006e+06 920503 1.3061e+06
pelacesobs
 0 0 0 0 0 0 0 0 0 0 0 0 0 0 0 552880 188675 0 991730 2.46772e+06 1.41603e+06 1.21717e+06 2.29649e+06 1.80582e+06 0 1.4828e+06 1.56532e+06 1.57751e+06 1.42118e+06 867257 1.10002e+06
pelacespred
 916851 522067 234745 80155.5 33786.9 403973 124357 97720 46206.7 70979.8 154013 195177 208717 144485 130826 478685 384481 1.37808e+06 1.09053e+06 640663 1.17296e+06 1.02771e+06 704047 1.33452e+06 897558 694128 1.07328e+06 1.30212e+06 831505 476856 642873
mphobs
 0 0 0 0 0 0 0 0 0 0 0 498337 0 5186 125008 0 168611 109162 213762 579715 649985 157893 87575 83554 0 0 0 0 0 0 0
mphpred
 1.91601e+06 1.08304e+06 529380 245601 86457.5 45348.9 470202 154277 84884.8 42318.8 75250.1 231531 269079 207933 113347 132880 801292 590189 1.70027e+06 1.17413e+06 1.03057e+06 1.39795e+06 1.38092e+06 954879 1.48515e+06 1.13088e+06 806019 1.01008e+06 1.67874e+06 1.01019e+06 469129
desembarqueobs
 494567 514787 250237 358949 120608 361735 552515 73892 212993 205616 52469 317467 293654 387597 252695 516296 358380 742168 942051 627588 828172 859565 418607 520667 417249 300574 407403 355545 319650 289779 391294
desembarquepred
 494528 514923 249603 358882 120574 361593 552025 73881.6 212862 205523 52466.7 317370 293546 387284 252557 516073 358338 741881 941356 627081 827988 859201 418510 520591 417145 300497 407306 355461 319574 289693 391208
Reclutas
 89069 119064 69655.4 40918.1 22905.6 271026 35783.4 10820.2 24766.8 65784.2 87872 131096 100798 68831.8 59414.3 448445 42037.8 758637 343122 215341 428510 564424 58169.2 333217 233272 83053.7 276881 344891 53337.7 31253.7 206289
log_desv_Rt
 -0.208484 0.0817624 -0.454334 -0.986322 -1.56651 0.904321 -1.12041 -2.31648 -1.48839 -0.511515 -0.222013 0.178039 -0.0847789 -0.466229 -0.61336 1.40789 -0.959325 1.93363 1.14019 0.67433 1.36242 1.63791 -0.634539 1.1109 0.754311 -0.278407 0.925694 1.14534 -0.721252 -1.25576 0.631381
SSB
 1.91601e+06 1.08304e+06 529380 245601 86457.5 45348.9 470202 154277 84884.8 42318.8 75250.1 231531 269079 207933 113347 132880 801292 590189 1.70027e+06 1.17413e+06 1.03057e+06 1.39795e+06 1.38092e+06 954879 1.48515e+06 1.13088e+06 806019 1.01008e+06 1.67874e+06 1.01019e+06 469129
BT
 2.55062e+06 1.71647e+06 782143 483102 179845 1.25088e+06 768496 292884 309725 358325 398851 711530 745104 732748 555284 1.51683e+06 1.16853e+06 3.84271e+06 3.41e+06 2.06557e+06 3.3823e+06 3.16977e+06 1.9878e+06 3.56594e+06 2.46503e+06 1.8728e+06 2.89765e+06 3.36009e+06 2.18378e+06 1.3991e+06 1.8652e+06
Ftot
 0.242827 0.477488 0.484889 1.34083 1.20156 0.58827 1.30701 0.379716 1.75042 1.45662 0.214972 0.746505 0.695363 1.3 1.06974 0.611043 0.372583 0.351527 0.452327 0.472193 0.373073 0.44532 0.272535 0.254329 0.248878 0.222917 0.270174 0.193892 0.17256 0.312784 0.394996
BD_Bspro_t
 0.96217 0.740667 0.528206 0.369485 0.168427 0.130394 0.481759 0.203536 0.163606 0.112113 0.219599 0.529765 0.437655 0.338445 0.215706 0.250122 0.545683 0.460997 0.646743 0.528222 0.456046 0.529832 0.556757 0.506794 0.642531 0.635816 0.614924 0.69013 0.771497 0.672011 0.533201
BD_Bspro
 2.44313 1.381 0.675021 0.31317 0.110243 0.0578252 0.599563 0.196722 0.108238 0.0539615 0.0959527 0.295229 0.343107 0.265139 0.144531 0.169438 1.02174 0.75256 2.16804 1.49716 1.31409 1.78255 1.76084 1.21758 1.89374 1.442 1.02777 1.28797 2.14059 1.28811 0.598195
BD_Bo
 1.15342 0.651984 0.318683 0.14785 0.0520469 0.0272998 0.283059 0.0928739 0.0511001 0.0254757 0.0453001 0.13938 0.161984 0.125174 0.0682343 0.0799932 0.482373 0.35529 1.02355 0.70682 0.620395 0.841557 0.831308 0.574831 0.894049 0.680781 0.485218 0.608063 1.01059 0.608129 0.282413
BD_Brms
 5.44219 3.07625 1.50364 0.6976 0.245572 0.128808 1.33555 0.438206 0.241105 0.120202 0.213739 0.657636 0.764287 0.590609 0.321949 0.377431 2.27597 1.67636 4.8294 3.33498 2.92721 3.97071 3.92235 2.71222 4.21838 3.21212 2.2894 2.86902 4.76827 2.86933 1.33251
Sel_flota
 0.59863 0.965914 0.998146 0.999902 0.999995
 0.59863 0.965914 0.998146 0.999902 0.999995
 0.59863 0.965914 0.998146 0.999902 0.999995
 0.59863 0.965914 0.998146 0.999902 0.999995
 0.59863 0.965914 0.998146 0.999902 0.999995
 0.59863 0.965914 0.998146 0.999902 0.999995
 0.59863 0.965914 0.998146 0.999902 0.999995
 0.59863 0.965914 0.998146 0.999902 0.999995
 0.59863 0.965914 0.998146 0.999902 0.999995
 0.59863 0.965914 0.998146 0.999902 0.999995
 0.59863 0.965914 0.998146 0.999902 0.999995
 0.59863 0.965914 0.998146 0.999902 0.999995
 0.59863 0.965914 0.998146 0.999902 0.999995
 0.59863 0.965914 0.998146 0.999902 0.999995
 0.59863 0.965914 0.998146 0.999902 0.999995
 0.59863 0.965914 0.998146 0.999902 0.999995
 0.59863 0.965914 0.998146 0.999902 0.999995
 0.59863 0.965914 0.998146 0.999902 0.999995
 0.59863 0.965914 0.998146 0.999902 0.999995
 0.59863 0.965914 0.998146 0.999902 0.999995
 0.59863 0.965914 0.998146 0.999902 0.999995
 0.59863 0.965914 0.998146 0.999902 0.999995
 0.59863 0.965914 0.998146 0.999902 0.999995
 0.59863 0.965914 0.998146 0.999902 0.999995
 0.59863 0.965914 0.998146 0.999902 0.999995
 0.59863 0.965914 0.998146 0.999902 0.999995
 0.59863 0.965914 0.998146 0.999902 0.999995
 0.59863 0.965914 0.998146 0.999902 0.999995
 0.59863 0.965914 0.998146 0.999902 0.999995
 0.59863 0.965914 0.998146 0.999902 0.999995
 0.59863 0.965914 0.998146 0.999902 0.999995
Sel_reclas
 1 1 1 1 1
 1 1 1 1 1
 1 1 1 1 1
 1 1 1 1 1
 1 1 1 1 1
 1 1 1 1 1
 1 1 1 1 1
 1 1 1 1 1
 1 1 1 1 1
 1 1 1 1 1
 1 1 1 1 1
 1 1 1 1 1
 1 1 1 1 1
 1 1 1 1 1
 1 1 1 1 1
 1 1 1 1 1
 1 1 1 1 1
 1 1 1 1 1
 1 1 1 1 1
 1 1 1 1 1
 1 1 1 1 1
 1 1 1 1 1
 1 1 1 1 1
 1 1 1 1 1
 1 1 1 1 1
 1 1 1 1 1
 1 1 1 1 1
 1 1 1 1 1
 1 1 1 1 1
 1 1 1 1 1
 1 1 1 1 1
Sel_pelaces
 1 1 1 1 1
 1 1 1 1 1
 1 1 1 1 1
 1 1 1 1 1
 1 1 1 1 1
 1 1 1 1 1
 1 1 1 1 1
 1 1 1 1 1
 1 1 1 1 1
 1 1 1 1 1
 1 1 1 1 1
 1 1 1 1 1
 1 1 1 1 1
 1 1 1 1 1
 1 1 1 1 1
 1 1 1 1 1
 1 1 1 1 1
 1 1 1 1 1
 1 1 1 1 1
 1 1 1 1 1
 1 1 1 1 1
 1 1 1 1 1
 1 1 1 1 1
 1 1 1 1 1
 1 1 1 1 1
 1 1 1 1 1
 1 1 1 1 1
 1 1 1 1 1
 1 1 1 1 1
 1 1 1 1 1
 1 1 1 1 1
pf_obs 
 0.8446 0.082 0.0669 0.0065 0
 0.8095 0.147 0.0364 0.0071 0
 0.9664 0.0169 0.016 0.0007 0
 0.9276 0.0648 0.0075 0.0001 0
 0.7033 0.2144 0.0806 0.0017 0
 0.9318 0.0425 0.0243 0.0014 0
 0.5671 0.3108 0.0964 0.0239 0.0018
 0.0768 0.2599 0.5324 0.112 0.0189
 0.490249 0.384438 0.106611 0.0170017 0.00170017
 0.7925 0.1577 0.0466 0.003 0.0002
 0.840416 0.127587 0.0312969 0.00059994 9.999e-05
 0.8084 0.0986 0.0794 0.0134 0.0002
 0.7335 0.1905 0.0724 0.0035 0.0001
 0.4001 0.4547 0.1325 0.0127 0
 0.49795 0.308269 0.164784 0.0264974 0.00249975
 0.9179 0.0499 0.0305 0.0017 0
 0.2467 0.6533 0.0926 0.0074 0
 0.9418 0.0223 0.034 0.0019 0
 0.707729 0.231977 0.0356964 0.0245975 0
 0.517169 0.277429 0.184464 0.0207286 0.00020938
 0.811772 0.124168 0.05621 0.00726502 0.000585176
 0.764997 0.148141 0.077277 0.00933861 0.000247198
 0.163321 0.427699 0.378323 0.0303852 0.000271297
 0.753843 0.0900009 0.118128 0.0371064 0.000921714
 0.721811 0.176058 0.0630433 0.0369309 0.00215725
 0.143369 0.312575 0.442814 0.0836902 0.0175525
 0.692698 0.0596174 0.167031 0.0765114 0.00414204
 0.394062 0.376323 0.152708 0.0712218 0.00568511
 0.125707 0.32114 0.495352 0.0537591 0.00404204
 0.23352 0.215282 0.420074 0.123614 0.00750983
 0.774587 0.0839891 0.0768558 0.0609784 0.00358967
pf_pred 
 0.301625 0.237827 0.411054 0.0494926 9.98459e-07
 0.541075 0.194059 0.0923697 0.153991 0.0185056
 0.48822 0.347324 0.071246 0.0325531 0.0606571
 0.496588 0.317459 0.127921 0.0251737 0.0328585
 0.628076 0.255995 0.0747693 0.0283441 0.0128148
 0.972064 0.0218695 0.00425056 0.00117228 0.000643282
 0.268466 0.7202 0.00895757 0.00166658 0.000710147
 0.341926 0.290504 0.362205 0.00424353 0.00112225
 0.739812 0.124497 0.0612237 0.0733818 0.00108476
 0.930592 0.0609936 0.0041808 0.00191407 0.00231909
 0.843227 0.15175 0.00444845 0.000286193 0.000288756
 0.740015 0.233697 0.0254751 0.000720606 9.29529e-05
 0.652543 0.292705 0.0494453 0.00514326 0.000163836
 0.615211 0.29949 0.0723731 0.0116758 0.00125009
 0.739046 0.203005 0.0456977 0.0104 0.00185141
 0.957298 0.0364296 0.00493765 0.00105283 0.00028143
 0.189992 0.790568 0.0166905 0.00216551 0.000583779
 0.919528 0.022991 0.056153 0.00114057 0.000187483
 0.488623 0.486946 0.00717268 0.0168607 0.000397941
 0.48085 0.324262 0.185941 0.00263054 0.00631577
 0.744673 0.158612 0.0613292 0.0337645 0.00162084
 0.711693 0.240644 0.0300495 0.0111778 0.00643588
 0.160683 0.681003 0.133023 0.0159579 0.00933326
 0.741186 0.0628347 0.160106 0.030152 0.0057212
 0.541775 0.380242 0.0194614 0.047827 0.0106951
 0.323007 0.448871 0.190492 0.00940454 0.028225
 0.747268 0.111885 0.0945092 0.0387067 0.00763087
 0.679176 0.267473 0.0241081 0.0196351 0.00960801
 0.189088 0.629764 0.151916 0.0132227 0.0160086
 0.240709 0.210062 0.429832 0.100162 0.019236
 0.834016 0.058742 0.030489 0.0600942 0.016659
pobs_RECLAS
 0 0 0 0 0
 0 0 0 0 0
 0 0 0 0 0
 0 0 0 0 0
 0 0 0 0 0
 0 0 0 0 0
 0 0 0 0 0
 0 0 0 0 0
 0 0 0 0 0
 0 0 0 0 0
 0.991045 0.00858322 0.000360255 1.14367e-05 0
 0.934742 0.0480273 0.0164251 0.00080598 0
 0.827803 0.169806 0.00239088 0 0
 0.941827 0.0461693 0.0120037 0 0
 0.791401 0.0380133 0.147996 0.0225897 0
 0.846168 0.0940531 0.0597789 0 0
 0.134021 0.677848 0.182769 0.00536245 0
 0.80878 0.0450904 0.141981 0.00414843 0
 0.846168 0.0940531 0.0597789 0 0
 0.905697 0.0802665 0.012482 0.00150086 5.37128e-05
 0.989698 0.0102097 9.19794e-05 0 0
 0.975433 0.0193895 0.00387452 0.00125025 5.28907e-05
 0.303575 0.632131 0.0575291 0.00676475 0
 0.966965 0.00978017 0.0227588 0.000495775 0
 0.843318 0.132988 0.00938335 0.0141283 0.000182051
 0.564624 0.303363 0.111486 0.0197234 0.00080311
 0.826376 0.0876187 0.0782897 0.00655872 0.00115652
 0.89761 0.0855135 0.0140674 0.00269457 0.000114338
 0.34875 0.467042 0.161289 0.0227151 0.000203297
 0.318654 0.224769 0.449479 0.00709798 0
 0.937255 0.0296025 0.0250945 0.00804832 0
ppred_RECLAS
 0.41816 0.202583 0.338565 0.0406913 8.20825e-07
 0.664432 0.144841 0.0665951 0.110816 0.0133158
 0.613609 0.265222 0.0525503 0.0239662 0.0446525
 0.6361 0.232954 0.0901431 0.0177008 0.0231016
 0.746859 0.176399 0.049533 0.0187376 0.00847064
 0.98306 0.0133633 0.00250741 0.000690222 0.000378719
 0.389943 0.600976 0.00718003 0.00133297 0.00056793
 0.464395 0.240967 0.290345 0.00339541 0.000897866
 0.840673 0.0780501 0.0367204 0.0439077 0.000648982
 0.959615 0.03567 0.00234558 0.00107147 0.00129803
 0.897472 0.099348 0.00281636 0.000180867 0.000182469
 0.826759 0.156285 0.0164318 0.000463902 5.98339e-05
 0.758756 0.204368 0.0333079 0.003458 0.000110142
 0.737259 0.206312 0.0478935 0.00770991 0.000825378
 0.829898 0.133455 0.0289115 0.00656624 0.00116879
 0.97392 0.0223647 0.00292603 0.000622722 0.000166442
 0.277582 0.705653 0.0143976 0.0018646 0.000502611
 0.950357 0.0145311 0.0343021 0.000695469 0.000114308
 0.611303 0.37075 0.00527583 0.0123789 0.000292133
 0.606799 0.24878 0.137803 0.00194591 0.00467156
 0.828671 0.10783 0.0402937 0.0221429 0.00106285
 0.803075 0.165314 0.0199431 0.00740477 0.00426304
 0.238938 0.62143 0.11736 0.0140535 0.00821868
 0.827116 0.0430625 0.106094 0.0199441 0.00378395
 0.659414 0.284288 0.0140691 0.0345128 0.00771703
 0.439684 0.375723 0.154191 0.00759869 0.0228031
 0.830797 0.076342 0.0623478 0.0254888 0.00502452
 0.775695 0.188063 0.0163933 0.0133279 0.00652109
 0.276033 0.566428 0.132156 0.0114823 0.0139001
 0.34659 0.185287 0.366503 0.0852494 0.0163706
 0.893882 0.0384229 0.0192712 0.0379142 0.0105093
pobs_PELACES
 0 0 0 0 0
 0 0 0 0 0
 0 0 0 0 0
 0 0 0 0 0
 0 0 0 0 0
 0 0 0 0 0
 0 0 0 0 0
 0 0 0 0 0
 0 0 0 0 0
 0 0 0 0 0
 0 0 0 0 0
 0 0 0 0 0
 0 0 0 0 0
 0 0 0 0 0
 0 0 0 0 0
 0 0 0 0 0
 0.505614 0.472636 0.0217494 0 0
 0 0 0 0 0
 0.443492 0.261883 0.143347 0.151278 0
 0.227955 0.32914 0.350689 0.0885471 0.00366901
 0.970185 0.0296113 0.000203453 0 0
 0.997202 0.00247181 0.000326279 0 0
 0.445219 0.490057 0.0546422 0.010081 0
 0.90214 0.0892962 0.00764917 0.000914606 0
 0 0 0 0 0
 0.581667 0.319106 0.0959925 0.00289975 0.000334073
 0.762889 0.0836404 0.116647 0.0363945 0.000428098
 0.88444 0.0763242 0.0277011 0.0115352 0
 0.521256 0.241999 0.230069 0.00667565 0
 0.616807 0.101726 0.260614 0.0208532 0
 0.833518 0.0704572 0.0857862 0.0102388 0
ppred_PELACES
 0.425751 0.200278 0.333851 0.040119 8.09275e-07
 0.677863 0.13946 0.0637961 0.106129 0.0127524
 0.627836 0.255883 0.0504389 0.0229968 0.0428458
 0.673968 0.2098 0.0800339 0.0157035 0.0204941
 0.774081 0.158051 0.0438171 0.0165638 0.00748767
 0.984228 0.0124585 0.00232305 0.000639255 0.000350747
 0.428266 0.563341 0.00663747 0.00123131 0.000524596
 0.476413 0.236084 0.283315 0.00331246 0.000875923
 0.8682 0.065197 0.0301076 0.035964 0.000531541
 0.965989 0.0300957 0.0019486 0.000889374 0.00107739
 0.899852 0.0970495 0.00274492 0.000176257 0.000177817
 0.839442 0.144956 0.0151201 0.000426685 5.50324e-05
 0.774044 0.191634 0.0310024 0.00321735 0.000102474
 0.767155 0.183382 0.041986 0.00675383 0.000722997
 0.847746 0.119747 0.0256484 0.00582153 0.0010362
 0.975759 0.0208074 0.00270465 0.000575404 0.000153792
 0.286747 0.696765 0.01416 0.00183344 0.000494205
 0.952449 0.0139556 0.0328208 0.000665299 0.000109348
 0.624301 0.358435 0.00507609 0.0119071 0.000280996
 0.620803 0.240363 0.132474 0.00187015 0.00448961
 0.835202 0.103875 0.038662 0.0212417 0.00101958
 0.81159 0.158288 0.0190054 0.00705476 0.00406148
 0.245096 0.616732 0.116136 0.0139047 0.00813159
 0.831766 0.0419901 0.103172 0.0193921 0.00367918
 0.666256 0.278703 0.0137562 0.0337405 0.00754428
 0.446546 0.371415 0.152062 0.0074928 0.0224851
 0.835571 0.0743072 0.0605118 0.0247343 0.00487576
 0.779816 0.184671 0.0160645 0.013059 0.00638952
 0.280314 0.563306 0.131186 0.0113969 0.0137967
 0.355777 0.183123 0.361019 0.0839586 0.0161225
 0.898593 0.0368198 0.0183898 0.0361716 0.0100262
pobs_pel_tallas
 0 0 0 0 0 0 0 0 0 0 0 0 0 0 0 0 0 0 0 0 0 0 0 0 0 0
 0 0 0 0 0 0 0 0 0 0 0 0 0 0 0 0 0 0 0 0 0 0 0 0 0 0
 0 0 0 0 0 0 0 0 0 0 0 0 0 0 0 0 0 0 0 0 0 0 0 0 0 0
 0 0 0 0 0 0 0 0 0 0 0 0 0 0 0 0 0 0 0 0 0 0 0 0 0 0
 0 0 0 0 0 0 0 0 0 0 0 0 0 0 0 0 0 0 0 0 0 0 0 0 0 0
 0 0 0 0 0 0 0 0 0 0 0 0 0 0 0 0 0 0 0 0 0 0 0 0 0 0
 0 0 0 0 0 0 0 0 0 0 0 0 0 0 0 0 0 0 0 0 0 0 0 0 0 0
 0 0 0 0 0 0 0 0 0 0 0 0 0 0 0 0 0 0 0 0 0 0 0 0 0 0
 0 0 0 0 0 0 0 0 0 0 0 0 0 0 0 0 0 0 0 0 0 0 0 0 0 0
 0 0 0 0 0 0 0 0 0 0 0 0 0 0 0 0 0 0 0 0 0 0 0 0 0 0
 0 0 0 0 0 0 0 0 0 0 0 0 0 0 0 0 0 0 0 0 0 0 0 0 0 0
 0 0 0 0 0 0 0 0 0 0 0 0 0 0 0 0 0 0 0 0 0 0 0 0 0 0
 0.00862536 0 0 0.000197151 0.00414017 0.0128641 0.00837892 0.0270097 0.101434 0.158115 0.152841 0.127902 0.109271 0.109419 0.0830992 0.0579132 0.0238553 0.00714673 0.00463305 0.00128148 0.00103504 0.000492878 0.000147863 0.000147863 4.92878e-05 0
 0 0 0 0 0 0 0 0 0 0 0 0 0 0 0 0 0 0 0 0 0 0 0 0 0 0
 0 0 0 0 0 0 0 0.0054083 0.00873648 0.0413646 0.0450493 0.0745869 0.0622846 0.0627006 0.0613931 0.0827291 0.12552 0.122667 0.0946155 0.0697135 0.0546179 0.0294188 0.0215738 0.0213955 0.0102223 0.00600262
 0 0 0 0 0.00359764 0.0251062 0.0480494 0.140153 0.205849 0.193036 0.1447 0.116669 0.0760912 0.0342217 0.00950174 0.001854 0.000860785 0 0 0 0.000165536 0 0.000143464 0 0 0
 0 0 0 0 0 0 0 0.000145254 0.000435761 0.0275982 0.070085 0.0708112 0.156366 0.174668 0.174014 0.160142 0.0824315 0.0480064 0.0283245 0.00493863 0.00203355 0 0 0 0 0
 0 0 0 0 0 0 0 0 0 0 0 0 0 0 0 0 0 0 0 0 0 0 0 0 0 0
 0 0 1.00437e-05 0.000401748 0.00122533 0.00171747 0.00176769 0.0269171 0.070346 0.194647 0.189555 0.159765 0.064822 0.0314167 0.0384472 0.0292271 0.0345202 0.0313363 0.0194345 0.0106764 0.0143323 0.0359363 0.0279516 0.0138201 0.00172751 0
 0 0.0021121 0.0136068 0.0755702 0.200478 0.177729 0.0527432 0.0373336 0.0318909 0.0142505 0.0149659 0.0166563 0.0217959 0.0798694 0.0677717 0.0528807 0.04013 0.0224614 0.0357745 0.0225083 0.00881397 0.00855152 0.00135912 0.000746735 0 0
 0 0 0 0 5.4009e-05 0.00500934 0.000945158 0.0243581 0.138947 0.33067 0.221406 0.137944 0.0707744 0.0437923 0.0131692 0.00525238 0.0047753 0.00276346 9.45158e-05 9.00151e-06 2.25038e-05 9.00151e-06 4.50075e-06 0 0 0
 0.000866109 0.00284123 0.00948549 0.0512746 0.133035 0.25785 0.225252 0.132002 0.0553304 0.0519788 0.0540692 0.017754 0.00435017 0.00159236 0.00146478 0.000404838 0.000125132 0.000115318 0.000107957 0.000100596 0 0 0 0 0 0
 0 0 0 0 0.00144013 0.00171154 0.00461396 0.0210425 0.0478622 0.0707936 0.0888783 0.103762 0.0637923 0.0337046 0.0602308 0.124433 0.169614 0.0934646 0.0462172 0.0250306 0.0313229 0.00938855 0.002487 0.000210481 0 0
 0 0.00764035 0.051015 0.0998891 0.058973 0.0496711 0.0374665 0.0718981 0.12319 0.153886 0.159021 0.0857701 0.0377988 0.023471 0.0147837 0.00900784 0.00315554 0.000888139 0.00291439 0.00214683 0.00393193 0.00274676 0.000635225 9.99891e-05 0 0
 0 0 0 0 0 0 0 0 0 0 0 0 0 0 0 0 0 0 0 0 0 0 0 0 0 0
 0 0 0 0 0 0 0 0 0 0 0 0 0 0 0 0 0 0 0 0 0 0 0 0 0 0
 0 0 0 0 0 0 0 0 0 0 0 0 0 0 0 0 0 0 0 0 0 0 0 0 0 0
 0 0 0 0 0 0 0 0 0 0 0 0 0 0 0 0 0 0 0 0 0 0 0 0 0 0
 0 0 0 0 0 0 0 0 0 0 0 0 0 0 0 0 0 0 0 0 0 0 0 0 0 0
 0 0 0 0 0 0 0 0 0 0 0 0 0 0 0 0 0 0 0 0 0 0 0 0 0 0
 0 0 0 0 0 0 0 0 0 0 0 0 0 0 0 0 0 0 0 0 0 0 0 0 0 0
ppred_pel_tallas
 1.13709e-16 3.50686e-05 0.000340879 0.00226526 0.0102976 0.0320397 0.0682647 0.0996384 0.0996582 0.0683616 0.0323665 0.0112476 0.00467327 0.0056745 0.0103898 0.0177081 0.0268723 0.0366383 0.0456613 0.053173 0.0591473 0.0637416 0.0665817 0.0666634 0.0630175 0.0555425
 1.14679e-16 5.58347e-05 0.000542733 0.00360666 0.0163953 0.0510121 0.108687 0.158635 0.158648 0.108753 0.0512348 0.0170403 0.0052313 0.00410888 0.00688785 0.0114598 0.0168974 0.0221213 0.0261126 0.0285181 0.0298762 0.0311738 0.0330632 0.0353608 0.037164 0.0374134
 1.11079e-16 5.1714e-05 0.000502679 0.00334048 0.0151853 0.0472474 0.100666 0.146931 0.146956 0.100787 0.0476528 0.0163567 0.00628276 0.00693239 0.0122834 0.0202817 0.0293524 0.0372288 0.04166 0.0416741 0.0381822 0.0333543 0.0292651 0.0268539 0.0258087 0.025163
 1.07407e-16 5.55139e-05 0.000539615 0.00358593 0.0163011 0.050719 0.108063 0.157725 0.157746 0.108162 0.0510526 0.0172656 0.00601102 0.00584749 0.0101772 0.0168454 0.0245166 0.0313724 0.0355926 0.0363433 0.0342389 0.030837 0.0275919 0.0251102 0.0231525 0.0211478
 1.04234e-16 6.376e-05 0.00061977 0.00411859 0.0187225 0.0582528 0.124114 0.181152 0.181167 0.124189 0.0585035 0.0194472 0.00593964 0.00460158 0.00764507 0.0125887 0.0182489 0.0232063 0.0260596 0.0261713 0.0240311 0.0208807 0.0179129 0.0156792 0.0140584 0.0126265
 1.00194e-16 8.10696e-05 0.000788025 0.00523671 0.0238053 0.0740671 0.157808 0.230326 0.230327 0.157814 0.0740869 0.0238623 0.00537977 0.00110051 0.000675028 0.00098894 0.00141978 0.0017917 0.00198637 0.00195124 0.00172588 0.00141337 0.00111693 0.000891022 0.000735667 0.000622457
 1.00548e-16 3.52758e-05 0.000342894 0.00227865 0.0103585 0.0322293 0.0686699 0.100237 0.100291 0.0689346 0.0331176 0.0129227 0.00870935 0.0143617 0.0266023 0.043773 0.0627006 0.0781053 0.0846331 0.0798194 0.0656011 0.0471047 0.0297172 0.0166776 0.00855285 0.00422403
 1.08717e-16 3.92415e-05 0.000381442 0.00253482 0.0115229 0.0358522 0.0763878 0.111495 0.111518 0.076501 0.0362335 0.0126292 0.00533001 0.00654373 0.0119186 0.0200988 0.030007 0.0399221 0.0480171 0.0532869 0.0558901 0.0565652 0.0557111 0.0530279 0.0479893 0.040597
 1.04583e-16 7.15125e-05 0.000695127 0.00461936 0.020999 0.0653356 0.139205 0.203174 0.203181 0.139236 0.0654396 0.0213 0.00537741 0.00235778 0.00325268 0.00532735 0.00782008 0.0101667 0.011854 0.0126756 0.0128466 0.012816 0.012922 0.0131691 0.0132726 0.0128865
 1.00336e-16 7.95672e-05 0.000773422 0.00513966 0.0233642 0.0726946 0.154884 0.226058 0.226061 0.154898 0.0727421 0.0235014 0.00548391 0.0015244 0.00150427 0.00235695 0.00337839 0.00422953 0.00462526 0.00443793 0.00377122 0.00289298 0.00207832 0.00148321 0.00112074 0.000918597
 1.00152e-16 7.41196e-05 0.000720469 0.00478777 0.0217645 0.0677175 0.14428 0.210582 0.210592 0.144325 0.0678706 0.0222064 0.00589619 0.0031372 0.00465522 0.00755579 0.0108233 0.0134967 0.014652 0.0138646 0.0114645 0.00832716 0.00536999 0.00314159 0.00173513 0.000960174
 1.00526e-16 6.91438e-05 0.000672102 0.00446636 0.0203034 0.0631715 0.134594 0.196447 0.196461 0.134662 0.0634006 0.0209647 0.00612585 0.00429306 0.00694082 0.0113513 0.0163119 0.0204403 0.0223751 0.0214829 0.0182306 0.0138696 0.00969729 0.00646839 0.00429315 0.00290731
 1.01284e-16 6.3757e-05 0.000619741 0.0041184 0.0187216 0.0582501 0.124109 0.181144 0.181163 0.124199 0.0585532 0.0195972 0.00631645 0.00541872 0.00917953 0.0150787 0.0217233 0.0273314 0.0301261 0.0292765 0.0253783 0.0200309 0.01487 0.0108142 0.00796004 0.00595785
 1.02059e-16 6.31896e-05 0.000614225 0.00408174 0.018555 0.0577316 0.123004 0.179532 0.179549 0.123091 0.0580221 0.0193944 0.00618991 0.00522029 0.00882231 0.0145146 0.0209708 0.0265118 0.0294629 0.0290393 0.0257895 0.0211835 0.0166959 0.0131115 0.0104584 0.00839144
 1.01531e-16 6.98278e-05 0.000678751 0.00451054 0.0205043 0.0637964 0.135925 0.19839 0.198401 0.135982 0.0639861 0.0210522 0.00588669 0.00368517 0.00578619 0.00947253 0.0136791 0.0172858 0.0191983 0.0189082 0.0167816 0.0137884 0.0108995 0.00862821 0.00698332 0.00572076
 1.00168e-16 8.0372e-05 0.000781244 0.00519164 0.0236004 0.0734298 0.15645 0.228344 0.228346 0.15646 0.0734627 0.0236955 0.0054301 0.00130172 0.00106865 0.00163892 0.00235172 0.00295415 0.00324848 0.00314505 0.00271081 0.00212303 0.00156309 0.00113291 0.000842086 0.000648556
 1.00855e-16 2.36191e-05 0.000229586 0.00152569 0.00693559 0.0215795 0.04598 0.0671232 0.0671902 0.0463074 0.0226785 0.0101078 0.00948161 0.0175748 0.0328989 0.0541765 0.0776307 0.0967581 0.104947 0.0991497 0.0817481 0.0590527 0.0376863 0.021619 0.0115351 0.00606021
 1.01037e-16 7.8452e-05 0.000762581 0.00506762 0.0230367 0.0716756 0.152713 0.222889 0.22289 0.152719 0.0716987 0.0231039 0.00523862 0.0011434 0.00082366 0.00129453 0.00198935 0.00277525 0.00356419 0.00429881 0.00495163 0.00548558 0.00581693 0.00583127 0.00545124 0.00470146
 1.0148e-16 5.14229e-05 0.000499849 0.00332168 0.0150999 0.0469815 0.1001 0.146107 0.146141 0.100269 0.0475468 0.0167318 0.00741465 0.00942358 0.0169662 0.0278814 0.0399593 0.0498338 0.0541182 0.051268 0.0425315 0.0311669 0.0205679 0.0127289 0.00792519 0.00536455
 1.04832e-16 5.11347e-05 0.000497048 0.00330306 0.0150152 0.0467181 0.0995387 0.145285 0.145308 0.0996527 0.0471013 0.016124 0.00609342 0.00661199 0.0117332 0.0194946 0.0284897 0.0366773 0.0419708 0.0433405 0.0413209 0.0374552 0.0331826 0.0291068 0.0250905 0.0208385
 1.03446e-16 6.87945e-05 0.000668707 0.00444379 0.0202009 0.0628524 0.133914 0.195454 0.195464 0.133963 0.0630176 0.0206785 0.0056449 0.00329799 0.00508387 0.00835299 0.012162 0.0155838 0.0177231 0.0181746 0.0172441 0.0156918 0.01421 0.0130586 0.012079 0.0109681
 1.01984e-16 6.68496e-05 0.000649802 0.00431816 0.0196298 0.0610755 0.130128 0.18993 0.189945 0.130203 0.0613258 0.0203524 0.00613202 0.00460891 0.00758438 0.0124289 0.0178898 0.0224819 0.0247416 0.0240006 0.0207835 0.0164523 0.0123901 0.00935792 0.00739393 0.00613005
 1.0628e-16 2.01883e-05 0.000196238 0.00130407 0.00592816 0.018445 0.0393013 0.0573738 0.0574333 0.0395919 0.0194212 0.00874814 0.00838461 0.0156597 0.0294073 0.0486336 0.0701696 0.0884709 0.0978733 0.0957302 0.0839456 0.067599 0.0518369 0.0394766 0.0307084 0.024341
 1.05556e-16 6.85115e-05 0.000665956 0.00442551 0.0201177 0.0625938 0.133363 0.194648 0.194652 0.133383 0.0626635 0.020321 0.00494341 0.00182181 0.00233792 0.00395075 0.0061384 0.00866943 0.0113336 0.0140035 0.016623 0.0190656 0.0210057 0.0219669 0.0215523 0.0196856
 1.05129e-16 5.48787e-05 0.000533441 0.0035449 0.0161146 0.0501387 0.106827 0.155923 0.155949 0.106958 0.0505788 0.0173855 0.00673358 0.00749035 0.0132562 0.0218011 0.0313423 0.0393081 0.0431367 0.0416962 0.0359926 0.0285251 0.0218047 0.0171677 0.01457 0.0131678
 1.0904e-16 3.67814e-05 0.000357529 0.00237591 0.0108005 0.0336047 0.0715997 0.104509 0.104545 0.0717755 0.0341953 0.0125083 0.00667015 0.00975668 0.01796 0.0298225 0.0433975 0.0554919 0.0628416 0.0638969 0.0596535 0.0527898 0.0458646 0.0400453 0.0351232 0.0303774
 1.05071e-16 6.88249e-05 0.000669002 0.00444576 0.0202098 0.0628801 0.133973 0.195539 0.195546 0.134008 0.0629994 0.0205555 0.00531779 0.00258683 0.00375305 0.00620616 0.0091946 0.0121159 0.0144012 0.0157926 0.0164576 0.016783 0.0170227 0.0171051 0.0167316 0.0156366
 1.02902e-16 6.42324e-05 0.000624362 0.00414911 0.0188613 0.0586844 0.125034 0.182495 0.182512 0.125121 0.0589762 0.0197039 0.00626365 0.00523876 0.00882321 0.0144736 0.0208193 0.0261357 0.028719 0.0278031 0.0240263 0.0190118 0.0144011 0.0110859 0.00908005 0.00789287
 1.07408e-16 2.30892e-05 0.000224435 0.00149145 0.00677997 0.0210953 0.0449477 0.0656139 0.0656683 0.0452135 0.0219877 0.00935855 0.0079678 0.0143747 0.0269331 0.0445828 0.0644375 0.0814796 0.0905804 0.0893363 0.079441 0.0654191 0.0518088 0.0410239 0.0331412 0.0270699
 1.21614e-16 2.93049e-05 0.000284854 0.00189296 0.00860512 0.0267738 0.0570451 0.0832628 0.083281 0.0571343 0.0270748 0.00948164 0.00411984 0.00523472 0.00969039 0.016656 0.025589 0.0355341 0.0454588 0.0548015 0.0635247 0.0715248 0.0779701 0.0813062 0.0800395 0.0736846
 1.05865e-16 7.40159e-05 0.000719461 0.00478107 0.0217341 0.0676227 0.144077 0.210286 0.21029 0.144095 0.0676817 0.0219048 0.00521168 0.00166601 0.00189163 0.00306473 0.00454253 0.00601325 0.00723294 0.0081407 0.00890493 0.00979121 0.0109405 0.0122298 0.0133122 0.0137918
pSPR Fmed_Fpbrs
0.483201   0.261941 0.261941
Fs Fmed_Fpbrs
0.479551   1.005 1.005
SSBpbr Bo_Bmed_Bpbrs
1.66115e+06  719611  352065 352065
Ro
109716
SPR SPRFo_SPRFmed_SPRFpbrs
784242 378946 205425
Fref
1.005
Nvult_r0
 146380 7139.34 3618.94 7123.98 1974.74
CTP_r0
 27993.3 1971.64 1023.35 2017.03 559.149
YTP_r0
391208
Np
 175568 59908.6 2394.95 1193.58 2929.2
Nvult_p0
 140179 51560.1 2071.84 1032.84 2534.75
CTP_p0
 52656 25397.4 1037.54 517.68 1270.53
YTP_p0
 888106
CBA_c0
540277
log_Ro
11.4256
likeval ReclasPelacesDesembMPH_pf_preclas_ppelaces_ptallas_desvR_qrecl_qpela
 17.8562 31.0967 0.0581878 0.00214039 250.925 117.699 102.437 0 47.4501 0 0 0.141091 0 0 0
q_reclas_q_pelaces
1 1
M
1
N
 89069 45118.3 75699.5 9100.06 0.183568
 119064 28333.6 13127.9 21854.2 2626.1
 69655.4 32911.4 6572.11 2998.57 5586.89
 40918.1 19169 7579.58 1490.1 1944.88
 22905.6 6745.75 1931.25 731.333 330.629
 271026 4104.53 777.484 214.131 117.495
 35783.4 70109.6 855.45 158.997 67.7467
 10820.2 6019.89 7298 85.3739 22.5763
 24766.8 3171.18 1534.64 1837.83 27.1665
 65784.2 3195.21 215.101 98.3842 119.196
 87872 10118.9 287.851 18.4893 18.6533
 131096 28422.8 3024.55 85.4447 11.021
 100798 30847.4 5084.18 528.158 16.823
 68831.8 24455.4 5797.3 934.316 100.029
 59414.3 11628.4 2562.96 582.633 103.714
 448445 11520.8 1522.21 324.133 86.6371
 42037.8 114434 2348.88 304.299 82.0262
 758637 12373.2 29374.1 595.738 97.9174
 343122 226125 3241.33 7608.29 179.554
 215341 96284.6 53741.2 759.19 1822.63
 428510 59713.3 22448.2 12340.2 592.334
 564424 126088 15320.6 5690.67 3276.27
 58169.2 159051 30169.8 3613.6 2113.31
 333217 18177.9 44969.2 8455.46 1604.25
 233272 105272 5230.72 12834.3 2869.77
 83053.7 73937.5 30452 1501 4504.43
 276881 26736.8 21931 8967.87 1767.83
 344891 86648.1 7576.7 6160.93 3014.47
 53337.7 112974 26431.9 2296.87 2780.55
 31253.7 17696.1 35180.1 8185.23 1571.84
 206289 9534.29 4812.52 9471.41 2625.4
pred_Ctot
 7708.22 6077.81 10504.7 1264.81 0.0255162
 19151.4 6868.72 3269.44 5450.52 655.008
 11357.8 8080.05 1657.45 757.307 1411.11
 15215.7 9727.14 3919.57 771.339 1006.8
 7865.7 3205.95 936.371 354.966 160.486
 52326.8 1177.25 228.81 63.1044 34.6283
 13065.1 35049.1 435.927 81.1052 34.5598
 1416.67 1203.61 1500.69 17.5818 4.6497
 11037.8 1857.47 913.442 1094.84 16.1844
 25929.1 1699.47 116.49 53.3319 64.6168
 6778.16 1219.82 35.7582 2.30052 2.32112
 30962.7 9778.02 1065.89 30.1506 3.88921
 22438.3 10065 1700.23 176.856 5.63365
 25034.5 12187 2945.04 475.119 50.8693
 18696.9 5135.78 1156.1 263.108 46.8385
 89455.7 3404.2 461.403 98.383 26.2985
 5409.79 22510.5 475.241 61.6604 16.6224
 92577.5 2314.72 5653.44 114.832 18.8756
 52596 52415.4 772.076 1814.91 42.8348
 34296.6 23128 13262.3 187.623 450.472
 55210.5 11759.6 4546.98 2503.32 120.17
 85320.2 28849.2 3602.43 1340.04 771.555
 5609.33 23773.2 4643.72 557.076 325.816
 30118.8 2553.35 6506.06 1225.25 232.487
 20660.5 14500.4 742.158 1823.87 407.855
 6630.39 9214.02 3910.25 193.048 579.376
 26483.9 3965.32 3349.5 1371.8 270.445
 24119 9498.53 856.129 697.284 341.201
 3337.05 11114.1 2681.03 233.356 282.522
 3425.4 2989.28 6116.71 1425.35 273.738
 27993.3 1971.64 1023.35 2017.03 559.149
F
 0.145364 0.23455 0.242377 0.242803 0.242826
 0.285839 0.461213 0.476603 0.477442 0.477486
 0.290269 0.468361 0.48399 0.484841 0.484886
 0.802661 1.29513 1.33834 1.3407 1.34082
 0.71929 1.1606 1.19933 1.20144 1.20155
 0.352156 0.568219 0.58718 0.588213 0.588267
 0.782415 1.26246 1.30459 1.30688 1.307
 0.227309 0.366773 0.379012 0.379679 0.379714
 1.04785 1.69075 1.74717 1.75024 1.75041
 0.871973 1.40697 1.45391 1.45647 1.45661
 0.128689 0.207644 0.214573 0.214951 0.214971
 0.44688 0.721059 0.745121 0.746432 0.746501
 0.416265 0.671661 0.694074 0.695295 0.695359
 0.778219 1.25569 1.29759 1.29987 1.29999
 0.640381 1.03328 1.06776 1.06964 1.06974
 0.365789 0.590216 0.609911 0.610984 0.61104
 0.223039 0.359883 0.371892 0.372547 0.372581
 0.210435 0.339545 0.350875 0.351493 0.351525
 0.270777 0.436909 0.451489 0.452283 0.452325
 0.282669 0.456098 0.471318 0.472147 0.472191
 0.223333 0.360357 0.372382 0.373037 0.373071
 0.266582 0.430141 0.444494 0.445276 0.445317
 0.163148 0.263246 0.27203 0.272508 0.272534
 0.152249 0.24566 0.253857 0.254304 0.254327
 0.148986 0.240394 0.248416 0.248853 0.248876
 0.133445 0.215319 0.222504 0.222895 0.222916
 0.161734 0.260965 0.269673 0.270148 0.270173
 0.116069 0.187283 0.193532 0.193873 0.193891
 0.1033 0.166679 0.172241 0.172544 0.17256
 0.187242 0.302123 0.312204 0.312754 0.312783
 0.236457 0.381533 0.394264 0.394958 0.394994
nmprior
 8.19 8.8 8.5 0
nm_flota  nm_reclas  nm_pelaces    nm_pelaL
inf 14.3749 9.34441 18.2691
cv_recla  cv_pelaces  cv_mph
0.382225 0.632309 1.42775
 ------------------------------------------------
Talla a la edad & desviaci?n 
 8 13.2811 15.8009 17.003 17.5766
 0.8 1.32811 1.58009 1.7003 1.75766
