years
 1991 1992 1993 1994 1995 1996 1997 1998 1999 2000 2001 2002 2003 2004 2005 2006 2007 2008 2009 2010 2011 2012 2013 2014 2015 2016 2017 2018 2019 2020 2021
reclasobs
 0 0 0 0 0 0 0 0 0 252601 567819 844713 477998 351125 339783 2.1784e+06 2.13404e+06 4.81314e+06 1.55562e+06 2.62356e+06 3.21686e+06 3.843e+06 1.13348e+06 3.07943e+06 1.97215e+06 2.03268e+06 2.025e+06 2.42433e+06 2.27542e+06 1.05018e+06 2.36338e+06
reclaspred
 3.23e+06 1.81348e+06 919630 918892 915587 1.43812e+06 911958 810489 592912 434663 498658 639628 631862 496153 503238 1.29619e+06 1.26362e+06 2.83253e+06 2.33533e+06 1.7414e+06 3.07646e+06 2.49893e+06 1.99261e+06 3.06024e+06 2.29968e+06 2.0345e+06 2.40499e+06 2.55784e+06 2.10854e+06 1.33544e+06 1.93009e+06
pelacesobs
 0 0 0 0 0 0 0 0 0 0 0 0 0 0 0 552880 188675 0 991730 2.46772e+06 1.41603e+06 1.21717e+06 2.29649e+06 1.80582e+06 0 1.4828e+06 1.56532e+06 1.57751e+06 1.42118e+06 867257 1.10002e+06
pelacespred
 1.76048e+06 1.10068e+06 559069 456280 472919 766873 452705 494770 350428 243796 288484 309328 335607 278647 289945 619589 604807 1.55836e+06 1.32916e+06 920375 1.57004e+06 1.38596e+06 1.1015e+06 1.84946e+06 1.3416e+06 1.18253e+06 1.59214e+06 1.67261e+06 1.13337e+06 814713 1.16098e+06
mphobs
 0 0 0 0 0 0 0 0 0 0 0 498337 0 5186 125008 0 168611 109162 213762 579715 649985 157893 87575 83554 0 0 0 0 0 0 0
mphpred
 3.33385e+06 2.22903e+06 1.11391e+06 609128 667705 753762 988470 620844 550172 381694 254025 402315 433066 368601 252993 319687 1.02127e+06 979389 1.92155e+06 1.454e+06 1.55489e+06 1.91624e+06 1.8213e+06 1.50759e+06 2.09097e+06 1.72477e+06 1.42046e+06 1.51225e+06 2.11167e+06 1.44533e+06 909083
desembarqueobs
 494567 514787 250237 358949 120608 361735 552515 73892 212993 205616 52469 317467 293654 387597 252695 516296 358380 742168 942051 627588 828172 859565 418607 520667 417249 300574 407403 355545 319650 289779 391294
desembarquepred
 494574 513455 250899 358978 120613 361750 552565 73896.2 213041 205661 52471.6 317535 293708 387640 252693 516264 358404 742076 941868 627465 828241 859589 418618 520692 417250 300576 407404 355533 319644 289787 391299
Reclutas
 201895 114423 114958 193216 154922 263479 109467 50266.4 47415.4 62924.1 116540 152919 127874 89603.2 89980.3 483106 104691 744575 429055 330820 488974 655876 138403 407543 343698 154550 344606 387296 116207 84418.1 314311
log_desv_Rt
 0.0990311 -0.468809 -0.46415 0.0550957 -0.165796 0.365259 -0.513095 -1.29138 -1.34977 -1.06679 -0.450478 -0.178807 -0.35767 -0.713323 -0.709124 0.971522 -0.557706 1.4041 0.85287 0.592859 0.983594 1.27726 -0.278543 0.801432 0.631049 -0.168195 0.633687 0.750473 -0.453338 -0.772933 0.541669
SSB
 3.33385e+06 2.22903e+06 1.11391e+06 609128 667705 753762 988470 620844 550172 381694 254025 402315 433066 368601 252993 319687 1.02127e+06 979389 1.92155e+06 1.454e+06 1.55489e+06 1.91624e+06 1.8213e+06 1.50759e+06 2.09097e+06 1.72477e+06 1.42046e+06 1.51225e+06 2.11167e+06 1.44533e+06 909083
BT
 4.47753e+06 3.0465e+06 1.53923e+06 1.35401e+06 1.18538e+06 2.07643e+06 1.54004e+06 1.20532e+06 1.01968e+06 760870 710690 979965 1.0408e+06 1.0459e+06 922181 1.84775e+06 1.67448e+06 4.2479e+06 3.97118e+06 2.68692e+06 4.29176e+06 3.9999e+06 2.90457e+06 4.74816e+06 3.47842e+06 2.99283e+06 4.08631e+06 4.21248e+06 2.87692e+06 2.15985e+06 3.04809e+06
Ftot
 0.127831 0.232591 0.226496 0.34353 0.11566 0.227482 0.498356 0.0794855 0.309851 0.404953 0.098353 0.436322 0.406711 0.673705 0.458671 0.379839 0.242222 0.245594 0.350697 0.314411 0.240541 0.304936 0.178461 0.156512 0.158087 0.12765 0.154857 0.128714 0.126576 0.182505 0.188515
BD_Bspro_t
 0.979796 0.852942 0.699545 0.613247 0.604909 0.67709 0.66689 0.508556 0.565231 0.524424 0.493362 0.688402 0.574889 0.487032 0.381986 0.439832 0.609587 0.586853 0.678998 0.585319 0.556868 0.604729 0.620523 0.614404 0.715264 0.723444 0.730647 0.765603 0.809065 0.746301 0.681556
BD_Bspro
 2.55064 1.70538 0.852228 0.466028 0.510844 0.576684 0.756254 0.474992 0.420923 0.292025 0.194348 0.307801 0.331328 0.282007 0.193558 0.244585 0.781347 0.749306 1.47013 1.11242 1.18961 1.46607 1.39343 1.15342 1.59975 1.31958 1.08675 1.15699 1.61559 1.10578 0.695516
BD_Bo
 1.70557 1.14035 0.569869 0.311624 0.341592 0.385618 0.505693 0.317618 0.281463 0.195271 0.129957 0.205821 0.221553 0.188573 0.129429 0.163549 0.522472 0.501047 0.983047 0.743852 0.795468 0.980334 0.931761 0.771269 1.06972 0.882379 0.726692 0.773655 1.08031 0.739416 0.465079
BD_Brms
 10.3873 6.94504 3.47064 1.89787 2.08038 2.34851 3.07979 1.93437 1.71418 1.18925 0.79147 1.2535 1.34931 1.14845 0.788253 0.996055 3.18198 3.0515 5.987 4.53024 4.84459 5.97047 5.67465 4.69722 6.51486 5.37391 4.42574 4.71175 6.57937 4.50322 2.83244
Sel_flota
 0.791245 0.986304 0.99927 0.999962 0.999998
 0.791245 0.986304 0.99927 0.999962 0.999998
 0.791245 0.986304 0.99927 0.999962 0.999998
 0.791245 0.986304 0.99927 0.999962 0.999998
 0.791245 0.986304 0.99927 0.999962 0.999998
 0.791245 0.986304 0.99927 0.999962 0.999998
 0.791245 0.986304 0.99927 0.999962 0.999998
 0.791245 0.986304 0.99927 0.999962 0.999998
 0.791245 0.986304 0.99927 0.999962 0.999998
 0.791245 0.986304 0.99927 0.999962 0.999998
 0.791245 0.986304 0.99927 0.999962 0.999998
 0.791245 0.986304 0.99927 0.999962 0.999998
 0.791245 0.986304 0.99927 0.999962 0.999998
 0.791245 0.986304 0.99927 0.999962 0.999998
 0.791245 0.986304 0.99927 0.999962 0.999998
 0.791245 0.986304 0.99927 0.999962 0.999998
 0.791245 0.986304 0.99927 0.999962 0.999998
 0.791245 0.986304 0.99927 0.999962 0.999998
 0.791245 0.986304 0.99927 0.999962 0.999998
 0.791245 0.986304 0.99927 0.999962 0.999998
 0.791245 0.986304 0.99927 0.999962 0.999998
 0.791245 0.986304 0.99927 0.999962 0.999998
 0.791245 0.986304 0.99927 0.999962 0.999998
 0.791245 0.986304 0.99927 0.999962 0.999998
 0.791245 0.986304 0.99927 0.999962 0.999998
 0.791245 0.986304 0.99927 0.999962 0.999998
 0.791245 0.986304 0.99927 0.999962 0.999998
 0.791245 0.986304 0.99927 0.999962 0.999998
 0.791245 0.986304 0.99927 0.999962 0.999998
 0.791245 0.986304 0.99927 0.999962 0.999998
 0.791245 0.986304 0.99927 0.999962 0.999998
Sel_reclas
 1 1 1 1 1
 1 1 1 1 1
 1 1 1 1 1
 1 1 1 1 1
 1 1 1 1 1
 1 1 1 1 1
 1 1 1 1 1
 1 1 1 1 1
 1 1 1 1 1
 1 1 1 1 1
 1 1 1 1 1
 1 1 1 1 1
 1 1 1 1 1
 1 1 1 1 1
 1 1 1 1 1
 1 1 1 1 1
 1 1 1 1 1
 1 1 1 1 1
 1 1 1 1 1
 1 1 1 1 1
 1 1 1 1 1
 1 1 1 1 1
 1 1 1 1 1
 1 1 1 1 1
 1 1 1 1 1
 1 1 1 1 1
 1 1 1 1 1
 1 1 1 1 1
 1 1 1 1 1
 1 1 1 1 1
 1 1 1 1 1
Sel_pelaces
 1 1 1 1 1
 1 1 1 1 1
 1 1 1 1 1
 1 1 1 1 1
 1 1 1 1 1
 1 1 1 1 1
 1 1 1 1 1
 1 1 1 1 1
 1 1 1 1 1
 1 1 1 1 1
 1 1 1 1 1
 1 1 1 1 1
 1 1 1 1 1
 1 1 1 1 1
 1 1 1 1 1
 1 1 1 1 1
 1 1 1 1 1
 1 1 1 1 1
 1 1 1 1 1
 1 1 1 1 1
 1 1 1 1 1
 1 1 1 1 1
 1 1 1 1 1
 1 1 1 1 1
 1 1 1 1 1
 1 1 1 1 1
 1 1 1 1 1
 1 1 1 1 1
 1 1 1 1 1
 1 1 1 1 1
 1 1 1 1 1
pf_obs 
 0.8446 0.082 0.0669 0.0065 0
 0.8095 0.147 0.0364 0.0071 0
 0.9664 0.0169 0.016 0.0007 0
 0.9276 0.0648 0.0075 0.0001 0
 0.7033 0.2144 0.0806 0.0017 0
 0.9318 0.0425 0.0243 0.0014 0
 0.5671 0.3108 0.0964 0.0239 0.0018
 0.0768 0.2599 0.5324 0.112 0.0189
 0.490249 0.384438 0.106611 0.0170017 0.00170017
 0.7925 0.1577 0.0466 0.003 0.0002
 0.840416 0.127587 0.0312969 0.00059994 9.999e-05
 0.8084 0.0986 0.0794 0.0134 0.0002
 0.7335 0.1905 0.0724 0.0035 0.0001
 0.4001 0.4547 0.1325 0.0127 0
 0.49795 0.308269 0.164784 0.0264974 0.00249975
 0.9179 0.0499 0.0305 0.0017 0
 0.2467 0.6533 0.0926 0.0074 0
 0.9418 0.0223 0.034 0.0019 0
 0.707729 0.231977 0.0356964 0.0245975 0
 0.517169 0.277429 0.184464 0.0207286 0.00020938
 0.811772 0.124168 0.05621 0.00726502 0.000585176
 0.764997 0.148141 0.077277 0.00933861 0.000247198
 0.163321 0.427699 0.378323 0.0303852 0.000271297
 0.753843 0.0900009 0.118128 0.0371064 0.000921714
 0.721811 0.176058 0.0630433 0.0369309 0.00215725
 0.143369 0.312575 0.442814 0.0836902 0.0175525
 0.692698 0.0596174 0.167031 0.0765114 0.00414204
 0.394062 0.376323 0.152708 0.0712218 0.00568511
 0.125707 0.32114 0.495352 0.0537591 0.00404204
 0.23352 0.215282 0.420074 0.123614 0.00750983
 0.774587 0.0839891 0.0768558 0.0609784 0.00358967
pf_pred 
 0.437938 0.121973 0.415636 0.0244519 8.03365e-07
 0.408568 0.293383 0.0653633 0.219766 0.01292
 0.55664 0.207641 0.117804 0.0258745 0.0920406
 0.734834 0.163225 0.0481138 0.0269116 0.0269158
 0.644082 0.278108 0.0481822 0.0139897 0.0156381
 0.741631 0.179252 0.0620034 0.0106 0.00651329
 0.469173 0.416708 0.0795232 0.0271174 0.00747876
 0.445236 0.297832 0.202414 0.0379999 0.0165171
 0.529225 0.235876 0.12688 0.0851119 0.0229073
 0.692879 0.181682 0.0633289 0.0335611 0.0285494
 0.807042 0.1439 0.0292102 0.0100241 0.00982286
 0.728553 0.227901 0.0325861 0.00652766 0.00443203
 0.673775 0.253648 0.0610912 0.00859674 0.00288884
 0.617304 0.278847 0.0810293 0.0192105 0.00360865
 0.725637 0.187836 0.0633572 0.018082 0.00508727
 0.930764 0.0537193 0.010678 0.00354402 0.0012949
 0.380833 0.585489 0.0262219 0.00513234 0.00232388
 0.893527 0.0466591 0.0566047 0.00249906 0.000710062
 0.589179 0.375801 0.0154711 0.0185009 0.00104808
 0.595864 0.262066 0.130132 0.00527638 0.00666175
 0.733834 0.174217 0.0599381 0.0293226 0.00268783
 0.738207 0.203769 0.0381703 0.0129454 0.00690834
 0.317519 0.534483 0.115579 0.0213321 0.0110867
 0.734636 0.0981134 0.131377 0.0280204 0.00785361
 0.621148 0.294689 0.0313884 0.0414616 0.0113133
 0.430531 0.383504 0.145103 0.0152463 0.0256156
 0.726137 0.133341 0.0950513 0.0354852 0.00998556
 0.683046 0.244041 0.0357526 0.0251418 0.0120186
 0.348153 0.475737 0.136024 0.0196628 0.0204223
 0.416102 0.23423 0.25613 0.0722594 0.0212787
 0.818859 0.0860024 0.0384859 0.0415062 0.0151467
pobs_RECLAS
 0 0 0 0 0
 0 0 0 0 0
 0 0 0 0 0
 0 0 0 0 0
 0 0 0 0 0
 0 0 0 0 0
 0 0 0 0 0
 0 0 0 0 0
 0 0 0 0 0
 0 0 0 0 0
 0.991045 0.00858322 0.000360255 1.14367e-05 0
 0.934742 0.0480273 0.0164251 0.00080598 0
 0.827803 0.169806 0.00239088 0 0
 0.941827 0.0461693 0.0120037 0 0
 0.791401 0.0380133 0.147996 0.0225897 0
 0.846168 0.0940531 0.0597789 0 0
 0.134021 0.677848 0.182769 0.00536245 0
 0.80878 0.0450904 0.141981 0.00414843 0
 0.846168 0.0940531 0.0597789 0 0
 0.905697 0.0802665 0.012482 0.00150086 5.37128e-05
 0.989698 0.0102097 9.19794e-05 0 0
 0.975433 0.0193895 0.00387452 0.00125025 5.28907e-05
 0.303575 0.632131 0.0575291 0.00676475 0
 0.966965 0.00978017 0.0227588 0.000495775 0
 0.843318 0.132988 0.00938335 0.0141283 0.000182051
 0.564624 0.303363 0.111486 0.0197234 0.00080311
 0.826376 0.0876187 0.0782897 0.00655872 0.00115652
 0.89761 0.0855135 0.0140674 0.00269457 0.000114338
 0.34875 0.467042 0.161289 0.0227151 0.000203297
 0.318654 0.224769 0.449479 0.00709798 0
 0.937255 0.0296025 0.0250945 0.00804832 0
ppred_RECLAS
 0.495863 0.110542 0.37174 0.0218542 7.17991e-07
 0.465533 0.266985 0.0586924 0.197197 0.0115928
 0.612892 0.182619 0.102234 0.0224388 0.0798161
 0.777658 0.137596 0.0400136 0.0223648 0.0223675
 0.693906 0.239878 0.041014 0.0119001 0.0133018
 0.783008 0.151167 0.0515951 0.00881434 0.00541589
 0.527771 0.371823 0.0699825 0.0238465 0.00657643
 0.501979 0.269015 0.180441 0.0338511 0.0147133
 0.586744 0.208484 0.110644 0.0741675 0.019961
 0.74046 0.154413 0.0530938 0.0281166 0.0239171
 0.839751 0.119916 0.024023 0.00823821 0.00807255
 0.771959 0.191883 0.0270624 0.00541722 0.00367794
 0.722611 0.216335 0.0513977 0.00722744 0.00242861
 0.672424 0.239614 0.0686454 0.0162623 0.00305471
 0.769856 0.158254 0.0526499 0.0150152 0.00422428
 0.944273 0.0433715 0.00850459 0.00282063 0.00103055
 0.435301 0.534374 0.0236147 0.00461876 0.00209125
 0.913719 0.038096 0.045602 0.00201187 0.000571614
 0.643224 0.326749 0.0132706 0.0158581 0.000898327
 0.650157 0.227938 0.111668 0.00452451 0.00571225
 0.776231 0.147154 0.0499547 0.0244212 0.00223846
 0.78009 0.171688 0.0317303 0.0107536 0.00573846
 0.368501 0.495992 0.10584 0.0195209 0.010145
 0.777281 0.0830428 0.109733 0.0233878 0.00655492
 0.672756 0.255317 0.0268367 0.0354243 0.0096656
 0.486824 0.3471 0.129605 0.0136084 0.0228629
 0.769442 0.113033 0.0795141 0.0296639 0.00834713
 0.72979 0.208698 0.0301734 0.0212036 0.0101356
 0.401079 0.438685 0.123784 0.0178809 0.0185709
 0.473271 0.213004 0.229845 0.0647983 0.0190808
 0.850646 0.0714218 0.031539 0.0339901 0.0124034
pobs_PELACES
 0 0 0 0 0
 0 0 0 0 0
 0 0 0 0 0
 0 0 0 0 0
 0 0 0 0 0
 0 0 0 0 0
 0 0 0 0 0
 0 0 0 0 0
 0 0 0 0 0
 0 0 0 0 0
 0 0 0 0 0
 0 0 0 0 0
 0 0 0 0 0
 0 0 0 0 0
 0 0 0 0 0
 0 0 0 0 0
 0.505614 0.472636 0.0217494 0 0
 0 0 0 0 0
 0.443492 0.261883 0.143347 0.151278 0
 0.227955 0.32914 0.350689 0.0885471 0.00366901
 0.970185 0.0296113 0.000203453 0 0
 0.997202 0.00247181 0.000326279 0 0
 0.445219 0.490057 0.0546422 0.010081 0
 0.90214 0.0892962 0.00764917 0.000914606 0
 0 0 0 0 0
 0.581667 0.319106 0.0959925 0.00289975 0.000334073
 0.762889 0.0836404 0.116647 0.0363945 0.000428098
 0.88444 0.0763242 0.0277011 0.0115352 0
 0.521256 0.241999 0.230069 0.00667565 0
 0.616807 0.101726 0.260614 0.0208532 0
 0.833518 0.0704572 0.0857862 0.0102388 0
ppred_PELACES
 0.498027 0.110114 0.370101 0.0217571 7.14802e-07
 0.469389 0.265196 0.0582412 0.195671 0.011503
 0.61647 0.181027 0.101244 0.0222204 0.0790391
 0.781556 0.135262 0.0392769 0.0219514 0.0219539
 0.695508 0.238649 0.0407836 0.0118329 0.0132267
 0.785536 0.149451 0.0509596 0.00870533 0.00534889
 0.535873 0.365612 0.068667 0.0233956 0.00645203
 0.503298 0.268346 0.179931 0.0337548 0.0146714
 0.591734 0.206106 0.109236 0.0732189 0.0197056
 0.745575 0.151479 0.0519948 0.0275321 0.0234197
 0.840615 0.119281 0.0238859 0.00819102 0.0080263
 0.776918 0.187767 0.0264326 0.0052906 0.00359196
 0.727904 0.212289 0.0503486 0.00707927 0.00237881
 0.682073 0.232737 0.0664835 0.0157477 0.00295802
 0.775154 0.154708 0.051369 0.0146484 0.00412106
 0.945564 0.0423818 0.00829703 0.00275155 0.00100531
 0.439151 0.530761 0.0234307 0.00458252 0.00207484
 0.915003 0.0375511 0.0449026 0.00198091 0.000562815
 0.648417 0.322035 0.0130595 0.0156046 0.000883964
 0.654853 0.224984 0.110073 0.00445956 0.00563022
 0.778971 0.145405 0.04931 0.0241048 0.00220945
 0.783488 0.169084 0.0312083 0.010576 0.00564365
 0.371217 0.493941 0.105322 0.0194246 0.0100949
 0.779094 0.0824021 0.108814 0.0231909 0.00649974
 0.675026 0.253585 0.0266367 0.0351589 0.00959317
 0.488922 0.345743 0.129028 0.0135474 0.0227604
 0.771266 0.112177 0.0788598 0.0294188 0.00827814
 0.731446 0.207445 0.0299759 0.0210641 0.0100689
 0.403073 0.437288 0.123323 0.0178139 0.0185012
 0.476319 0.211872 0.228445 0.0644008 0.0189638
 0.852236 0.0706922 0.0311916 0.0336143 0.0122663
pobs_pel_tallas
 0 0 0 0 0 0 0 0 0 0 0 0 0 0 0 0 0 0 0 0 0 0 0 0 0 0
 0 0 0 0 0 0 0 0 0 0 0 0 0 0 0 0 0 0 0 0 0 0 0 0 0 0
 0 0 0 0 0 0 0 0 0 0 0 0 0 0 0 0 0 0 0 0 0 0 0 0 0 0
 0 0 0 0 0 0 0 0 0 0 0 0 0 0 0 0 0 0 0 0 0 0 0 0 0 0
 0 0 0 0 0 0 0 0 0 0 0 0 0 0 0 0 0 0 0 0 0 0 0 0 0 0
 0 0 0 0 0 0 0 0 0 0 0 0 0 0 0 0 0 0 0 0 0 0 0 0 0 0
 0 0 0 0 0 0 0 0 0 0 0 0 0 0 0 0 0 0 0 0 0 0 0 0 0 0
 0 0 0 0 0 0 0 0 0 0 0 0 0 0 0 0 0 0 0 0 0 0 0 0 0 0
 0 0 0 0 0 0 0 0 0 0 0 0 0 0 0 0 0 0 0 0 0 0 0 0 0 0
 0 0 0 0 0 0 0 0 0 0 0 0 0 0 0 0 0 0 0 0 0 0 0 0 0 0
 0 0 0 0 0 0 0 0 0 0 0 0 0 0 0 0 0 0 0 0 0 0 0 0 0 0
 0 0 0 0 0 0 0 0 0 0 0 0 0 0 0 0 0 0 0 0 0 0 0 0 0 0
 0.00862536 0 0 0.000197151 0.00414017 0.0128641 0.00837892 0.0270097 0.101434 0.158115 0.152841 0.127902 0.109271 0.109419 0.0830992 0.0579132 0.0238553 0.00714673 0.00463305 0.00128148 0.00103504 0.000492878 0.000147863 0.000147863 4.92878e-05 0
 0 0 0 0 0 0 0 0 0 0 0 0 0 0 0 0 0 0 0 0 0 0 0 0 0 0
 0 0 0 0 0 0 0 0.0054083 0.00873648 0.0413646 0.0450493 0.0745869 0.0622846 0.0627006 0.0613931 0.0827291 0.12552 0.122667 0.0946155 0.0697135 0.0546179 0.0294188 0.0215738 0.0213955 0.0102223 0.00600262
 0 0 0 0 0.00359764 0.0251062 0.0480494 0.140153 0.205849 0.193036 0.1447 0.116669 0.0760912 0.0342217 0.00950174 0.001854 0.000860785 0 0 0 0.000165536 0 0.000143464 0 0 0
 0 0 0 0 0 0 0 0.000145254 0.000435761 0.0275982 0.070085 0.0708112 0.156366 0.174668 0.174014 0.160142 0.0824315 0.0480064 0.0283245 0.00493863 0.00203355 0 0 0 0 0
 0 0 0 0 0 0 0 0 0 0 0 0 0 0 0 0 0 0 0 0 0 0 0 0 0 0
 0 0 1.00437e-05 0.000401748 0.00122533 0.00171747 0.00176769 0.0269171 0.070346 0.194647 0.189555 0.159765 0.064822 0.0314167 0.0384472 0.0292271 0.0345202 0.0313363 0.0194345 0.0106764 0.0143323 0.0359363 0.0279516 0.0138201 0.00172751 0
 0 0.0021121 0.0136068 0.0755702 0.200478 0.177729 0.0527432 0.0373336 0.0318909 0.0142505 0.0149659 0.0166563 0.0217959 0.0798694 0.0677717 0.0528807 0.04013 0.0224614 0.0357745 0.0225083 0.00881397 0.00855152 0.00135912 0.000746735 0 0
 0 0 0 0 5.4009e-05 0.00500934 0.000945158 0.0243581 0.138947 0.33067 0.221406 0.137944 0.0707744 0.0437923 0.0131692 0.00525238 0.0047753 0.00276346 9.45158e-05 9.00151e-06 2.25038e-05 9.00151e-06 4.50075e-06 0 0 0
 0.000866109 0.00284123 0.00948549 0.0512746 0.133035 0.25785 0.225252 0.132002 0.0553304 0.0519788 0.0540692 0.017754 0.00435017 0.00159236 0.00146478 0.000404838 0.000125132 0.000115318 0.000107957 0.000100596 0 0 0 0 0 0
 0 0 0 0 0.00144013 0.00171154 0.00461396 0.0210425 0.0478622 0.0707936 0.0888783 0.103762 0.0637923 0.0337046 0.0602308 0.124433 0.169614 0.0934646 0.0462172 0.0250306 0.0313229 0.00938855 0.002487 0.000210481 0 0
 0 0.00764035 0.051015 0.0998891 0.058973 0.0496711 0.0374665 0.0718981 0.12319 0.153886 0.159021 0.0857701 0.0377988 0.023471 0.0147837 0.00900784 0.00315554 0.000888139 0.00291439 0.00214683 0.00393193 0.00274676 0.000635225 9.99891e-05 0 0
 0 0 0 0 0 0 0 0 0 0 0 0 0 0 0 0 0 0 0 0 0 0 0 0 0 0
 0 0 0 0 0 0 0 0 0 0 0 0 0 0 0 0 0 0 0 0 0 0 0 0 0 0
 0 0 0 0 0 0 0 0 0 0 0 0 0 0 0 0 0 0 0 0 0 0 0 0 0 0
 0 0 0 0 0 0 0 0 0 0 0 0 0 0 0 0 0 0 0 0 0 0 0 0 0 0
 0 0 0 0 0 0 0 0 0 0 0 0 0 0 0 0 0 0 0 0 0 0 0 0 0 0
 0 0 0 0 0 0 0 0 0 0 0 0 0 0 0 0 0 0 0 0 0 0 0 0 0 0
 0 0 0 0 0 0 0 0 0 0 0 0 0 0 0 0 0 0 0 0 0 0 0 0 0 0
ppred_pel_tallas
 1.12891e-16 4.10219e-05 0.000398747 0.00264982 0.0120457 0.0374787 0.0798526 0.11655 0.116561 0.0799075 0.0376643 0.012589 0.00404018 0.00352157 0.0062281 0.0108981 0.0172435 0.0248993 0.0333982 0.0423307 0.0512435 0.0592847 0.065018 0.0668026 0.0636167 0.0557373
 1.23319e-16 3.8663e-05 0.000375818 0.00249745 0.011353 0.0353237 0.0752617 0.109852 0.109878 0.0753872 0.0357452 0.012572 0.00556313 0.00708888 0.0128522 0.0213655 0.0312264 0.0403008 0.04653 0.0491959 0.0494287 0.0493985 0.0507786 0.0536612 0.0566246 0.0577011
 1.18573e-16 5.07779e-05 0.000493579 0.00328001 0.0149104 0.046392 0.0988437 0.144269 0.144287 0.0989297 0.0466812 0.0157475 0.00538811 0.00511923 0.00890646 0.014833 0.0218176 0.0284232 0.0332454 0.035725 0.0364833 0.0368159 0.0377403 0.0393553 0.0409076 0.041355
 1.07085e-16 6.43758e-05 0.000625756 0.00415837 0.0189033 0.0588154 0.125313 0.1829 0.182914 0.125377 0.0590301 0.0195242 0.00571904 0.00404009 0.00657104 0.0108214 0.0157282 0.0200989 0.0227768 0.0232681 0.0220392 0.020173 0.0186581 0.0178652 0.017527 0.0170887
 1.04663e-16 5.72881e-05 0.000556861 0.00370054 0.0168221 0.05234 0.111517 0.162767 0.16279 0.111629 0.0527177 0.0179132 0.00644007 0.00653987 0.0114279 0.018823 0.027161 0.0342686 0.0379737 0.0372885 0.032995 0.0270987 0.0216017 0.0175517 0.0149196 0.0131003
 1.03288e-16 6.47036e-05 0.000628942 0.00417954 0.0189996 0.0591148 0.125951 0.183832 0.183847 0.126022 0.0593522 0.0196857 0.00590415 0.00440154 0.00725233 0.0119468 0.0173429 0.0221011 0.0248944 0.0251019 0.0231484 0.0201566 0.0172094 0.0148162 0.0129011 0.0111465
 1.05514e-16 4.41392e-05 0.000429049 0.00285118 0.0129611 0.0403269 0.0859221 0.125413 0.125449 0.0860945 0.0409057 0.0146333 0.00705012 0.00960054 0.0174779 0.0288654 0.0416743 0.0526135 0.0583538 0.0573619 0.0507959 0.041672 0.0330035 0.026373 0.0217692 0.0183593
 1.11129e-16 4.1456e-05 0.000402967 0.00267786 0.0121732 0.0378754 0.0806986 0.117787 0.117813 0.0808262 0.0383046 0.0134157 0.00580795 0.00727313 0.0131984 0.0220399 0.0324145 0.0421658 0.0490873 0.052121 0.0518641 0.0498983 0.0475375 0.0450641 0.0419396 0.0375719
 1.13883e-16 4.87404e-05 0.000473774 0.00314839 0.0143122 0.0445305 0.0948778 0.138481 0.138501 0.0949756 0.0448596 0.0152647 0.00554703 0.00573578 0.0101191 0.0168567 0.0247685 0.0322036 0.0375262 0.0400404 0.0403719 0.0398996 0.0397029 0.0398812 0.0396859 0.0381877
 1.08264e-16 6.1412e-05 0.000596947 0.00396692 0.0180331 0.0561076 0.119544 0.174481 0.174495 0.119615 0.0563484 0.0187294 0.00571778 0.00442946 0.00737119 0.0121724 0.0177305 0.0227355 0.0259079 0.026699 0.0256142 0.023824 0.0223751 0.0216234 0.0212335 0.020587
 1.029e-16 6.92404e-05 0.000673041 0.0044726 0.0203318 0.0632598 0.134782 0.196721 0.196732 0.134838 0.0634487 0.0208776 0.00584341 0.00366793 0.00576428 0.00943927 0.0136376 0.0172515 0.0192045 0.0190111 0.0170612 0.0143423 0.011826 0.00999875 0.00881042 0.00793543
 1.0195e-16 6.39937e-05 0.000622042 0.00413369 0.0187912 0.0584664 0.124569 0.181817 0.181835 0.124658 0.0587633 0.0196488 0.00628637 0.00532135 0.00898879 0.0147589 0.0212541 0.0267268 0.0294397 0.0285909 0.0247856 0.0196173 0.0147091 0.0109615 0.00844092 0.00675108
 1.0262e-16 5.99566e-05 0.000582799 0.00387291 0.0176057 0.0547779 0.116711 0.170347 0.170368 0.116811 0.0551143 0.0185776 0.00631403 0.00591675 0.0102046 0.0168129 0.0243008 0.0307387 0.0341925 0.0337558 0.0300621 0.0248072 0.0196883 0.0156031 0.0125753 0.0102
 1.04058e-16 5.61815e-05 0.000546104 0.00362906 0.0164972 0.051329 0.109363 0.159623 0.159645 0.109473 0.0516982 0.0175642 0.0063101 0.00640769 0.0112144 0.0185188 0.0268307 0.0340737 0.0381599 0.0381141 0.0346185 0.0294764 0.0244537 0.0204235 0.0173196 0.014656
 1.03689e-16 6.38484e-05 0.00062063 0.0041243 0.0187485 0.0583336 0.124286 0.181403 0.181418 0.12436 0.0585793 0.0194587 0.00590953 0.00452588 0.00750444 0.0123679 0.0179574 0.0228922 0.0258048 0.0260611 0.02411 0.0211184 0.0182018 0.0158691 0.014012 0.0122702
 1.00697e-16 7.78849e-05 0.000757069 0.00503099 0.0228701 0.0711575 0.151609 0.221278 0.221282 0.151629 0.0712246 0.023064 0.00551787 0.00182063 0.00209985 0.0033537 0.00483661 0.00610983 0.00678406 0.00668203 0.00593789 0.00490004 0.00391548 0.00316466 0.00264343 0.00225326
 1.01623e-16 3.61724e-05 0.000351609 0.00233657 0.0106217 0.0330484 0.070415 0.102783 0.102835 0.0706645 0.0338859 0.0130397 0.00840188 0.0135785 0.0251158 0.0413577 0.0593235 0.0740736 0.0805978 0.076586 0.0638323 0.0470835 0.0312927 0.0193877 0.0118212 0.00753023
 1.016e-16 7.53676e-05 0.000732599 0.00486838 0.022131 0.0688576 0.146709 0.214126 0.21413 0.146727 0.0689183 0.0223069 0.00531308 0.00171308 0.00196583 0.00320427 0.00477935 0.00636414 0.00766703 0.00853199 0.00898802 0.00915431 0.0090916 0.00874385 0.00801404 0.00688772
 1.02174e-16 5.34093e-05 0.000519158 0.00344999 0.0156832 0.0487963 0.103967 0.151749 0.15178 0.104118 0.0493045 0.0171505 0.00713083 0.00854685 0.0152772 0.0251143 0.0360397 0.0450458 0.0491123 0.0468637 0.0394114 0.0296413 0.0205337 0.0138021 0.00963019 0.00727952
 1.04635e-16 5.39394e-05 0.00052431 0.00348423 0.0158388 0.0492805 0.104998 0.153252 0.153274 0.105105 0.0496388 0.0168752 0.00609142 0.0062348 0.0109546 0.0181685 0.0265002 0.0340141 0.0387438 0.0397334 0.037524 0.0336328 0.0294919 0.0257284 0.022221 0.0186358
 1.04252e-16 6.41629e-05 0.000623686 0.00414461 0.0188408 0.0586208 0.124898 0.182296 0.18231 0.124967 0.0588518 0.0195087 0.00582373 0.00429781 0.00706748 0.0116499 0.0169359 0.0216383 0.0244894 0.0249115 0.0233368 0.0208545 0.01848 0.0166336 0.0151435 0.0136116
 1.0296e-16 6.45349e-05 0.000627302 0.00416864 0.0189501 0.0589608 0.125623 0.183353 0.18337 0.125702 0.0592284 0.0197234 0.00611045 0.00486865 0.00812673 0.013352 0.0192732 0.0243347 0.0269972 0.0265572 0.0235576 0.019401 0.0154851 0.0125381 0.0105409 0.00908559
 1.06823e-16 3.05768e-05 0.000297217 0.00197512 0.00897862 0.0279361 0.0595225 0.0868848 0.0869325 0.0597554 0.0287183 0.0112388 0.00765128 0.0126975 0.0236077 0.0390499 0.0564134 0.071283 0.0791609 0.0779541 0.069181 0.0568549 0.0449953 0.0357296 0.0290925 0.0240587
 1.06587e-16 6.41729e-05 0.000623784 0.00414526 0.0188438 0.05863 0.124918 0.182323 0.182331 0.124957 0.0587636 0.0192317 0.00512681 0.0027921 0.0042574 0.00713375 0.0107315 0.0144631 0.0177538 0.020314 0.0222274 0.0237146 0.0247928 0.0251587 0.0243964 0.0223068
 1.05983e-16 5.56011e-05 0.000540462 0.00359156 0.0163267 0.0507987 0.108233 0.157974 0.157999 0.108352 0.0511996 0.0174848 0.00649846 0.00688654 0.0121094 0.0199373 0.0287349 0.0361921 0.0400113 0.0391792 0.0345919 0.028458 0.0229572 0.01919 0.0170278 0.0156709
 1.09023e-16 4.02719e-05 0.000391457 0.00260137 0.0118255 0.0367937 0.078394 0.114425 0.114459 0.0785575 0.0373431 0.013414 0.00659505 0.00913034 0.0166976 0.0276995 0.0402697 0.051419 0.0581054 0.0589034 0.0547848 0.0483096 0.0419255 0.0367506 0.0325622 0.0286024
 1.06656e-16 6.35282e-05 0.000617517 0.00410362 0.0186545 0.058041 0.123663 0.180492 0.180503 0.123716 0.0582206 0.0191747 0.00541493 0.0034979 0.00558643 0.00927344 0.0136796 0.0178955 0.0210335 0.0226886 0.0231325 0.0230129 0.0228159 0.0225472 0.0218428 0.0203298
 1.04735e-16 6.02483e-05 0.000585634 0.00389175 0.0176913 0.0550444 0.117279 0.171176 0.171196 0.117376 0.0553726 0.0186394 0.00627206 0.00578359 0.00993753 0.0163488 0.0235849 0.0297511 0.0329683 0.0323971 0.0287441 0.0237784 0.0192488 0.016043 0.0140783 0.0127519
 1.08589e-16 3.32007e-05 0.000322723 0.00214461 0.0097491 0.0303333 0.0646299 0.0943381 0.0943803 0.0648364 0.0310269 0.0117536 0.00718104 0.0113332 0.020991 0.0347724 0.0503748 0.0639498 0.0715764 0.0714269 0.0647996 0.0551139 0.0457277 0.0383158 0.0327632 0.0281263
 1.16315e-16 3.92338e-05 0.000381366 0.00253431 0.0115206 0.0358451 0.0763725 0.111472 0.111493 0.0764741 0.036187 0.0125126 0.00504035 0.00590586 0.0106898 0.0180266 0.0269428 0.0359442 0.0434978 0.048871 0.0524128 0.0549535 0.0568636 0.0576303 0.0562687 0.0521207
 1.06366e-16 7.01975e-05 0.000682345 0.00453442 0.0206128 0.0641342 0.136645 0.199439 0.199446 0.136679 0.064247 0.0209392 0.00535599 0.0024841 0.00351707 0.00577096 0.00847109 0.0110142 0.0128519 0.0137753 0.0140414 0.0141655 0.0145373 0.0151636 0.0157047 0.0157191
pSPR Fmed_Fpbrs
0.655163   0.214197 0.214197
Fs Fmed_Fpbrs
0.229155   1.005 1.005
SSBpbr Bo_Bmed_Bpbrs
1.95469e+06  1.1829e+06  320954 320954
Ro
182859
SPR SPRFo_SPRFmed_SPRFpbrs
1.30706e+06 856339 279969
Fref
1.005
Nvult_r0
 214705 18669.1 8262.98 8906.25 3250.02
CTP_r0
 27868.8 2926.98 1309.82 1412.61 515.498
YTP_r0
391299
Np
 249298 99606 8210.74 3621.33 5091.51
Nvult_p0
 207891 86007.1 7104.27 3133.66 4405.89
CTP_p0
 92087.3 42814.3 3559.69 1570.71 2208.44
YTP_p0
 1.58731e+06
CBA_c0
750102
log_Ro
11.9365
likeval ReclasPelacesDesembMPH_pf_preclas_ppelaces_ptallas_desvR_qrecl_qpela
 14.2494 17.2736 0.0700803 0.00285094 241.014 118.979 98.3193 0 23.5915 1.38467e-06 0 0.357729 0 0 0
q_reclas_q_pelaces
0.846415 1
M
1
N
 201895 45572.6 153383 9017.59 0.296262
 114423 67127.9 14779.3 49660 2919.42
 114958 35018.3 19632.7 4309.43 15328.9
 193216 35351.9 10303.4 5759.57 5760.3
 154922 54162.8 9267.61 2689.07 3005.82
 263479 52008.3 17777.2 3037.24 1866.22
 109467 80962 15287.5 5210.12 1436.87
 50266.4 27147.9 18218.7 3417.97 1485.61
 47415.4 17364.8 9234.09 6190.54 1666.09
 62924.1 13650.6 4705.99 2492.48 2120.21
 116540 16802.2 3368.18 1155.09 1131.87
 152919 39662.9 5609.75 1123.1 762.518
 127874 39832 9488.4 1334.43 448.406
 89603.2 34098 9811.25 2324.85 436.706
 89980.3 19342.9 6454.38 1841.01 517.944
 483106 23027.1 4526.44 1501.44 548.572
 104691 131590 5824.26 1139.25 515.827
 744575 31796.3 38121.8 1682.01 477.894
 429055 225538 9180.86 10972.3 621.559
 330820 119593 58709.1 2379 3003.53
 488974 94897.6 32265.3 15774.8 1445.93
 655876 148708 27537.6 9333.67 4980.75
 138403 189558 40496.7 7469.57 3881.95
 407543 44210.6 58479.5 12464.6 3493.47
 343698 132463 13937.7 18398.7 5020.13
 154550 111573 41695.2 4378.15 7355.56
 344606 51393.8 36189.8 13501.9 3799.3
 387296 112154 16228.7 11404.8 5451.67
 116207 128682 36340.1 5249.65 5452.23
 84418.1 38676.2 41783.5 11780.4 3468.93
 314311 26879.8 11884.3 12808.8 4674.1
pred_Ctot
 12379 3447.74 11748.6 691.168 0.0227083
 12342.1 8862.57 1974.5 6638.71 390.29
 12098.3 4512.98 2560.41 562.371 2000.46
 29718.9 6601.31 1945.87 1088.39 1088.56
 8628.48 3725.7 645.476 187.413 209.496
 27840.8 6729.12 2327.6 397.922 244.508
 23280.2 20676.9 3945.91 1345.55 371.093
 1946.82 1302.29 885.069 166.157 72.2219
 6648.15 2963.08 1593.87 1069.18 287.763
 11192.1 2934.71 1022.95 542.112 461.159
 5550.74 989.729 200.904 68.9443 67.5604
 29022.2 9078.54 1298.08 260.032 176.552
 22830.7 8594.81 2070.06 291.299 97.8878
 24430.4 11035.6 3206.81 760.273 142.816
 17828.4 4615.02 1556.65 444.263 124.991
 81232.7 4688.37 931.924 309.305 113.013
 11723.7 18024 807.228 157.997 71.5394
 84450.9 4409.94 5349.94 236.197 67.1108
 67219.1 42874.9 1765.09 2110.76 119.574
 46999.4 20670.8 10264.3 416.181 525.453
 54406.8 12916.5 4443.84 2173.99 199.277
 90642.8 25020.4 4686.85 1589.54 848.26
 11654.9 19618.7 4242.44 783.016 406.949
 30311.9 4048.27 5420.76 1156.15 324.049
 25807.4 12243.7 1304.12 1722.64 470.043
 9463.21 8429.54 3189.4 335.119 563.04
 25373.3 4659.33 3321.36 1239.95 348.924
 23903.8 8540.43 1251.2 879.861 420.602
 7058.08 9644.58 2757.61 398.623 414.019
 7260.41 4086.99 4469.12 1260.83 371.283
 27868.8 2926.98 1309.82 1412.61 515.498
F
 0.101146 0.12608 0.127738 0.127826 0.127831
 0.184037 0.229406 0.232422 0.232582 0.232591
 0.179214 0.223394 0.226331 0.226488 0.226496
 0.271816 0.338825 0.343279 0.343517 0.343529
 0.0915152 0.114076 0.115575 0.115655 0.11566
 0.179994 0.224366 0.227316 0.227473 0.227481
 0.394321 0.49153 0.497992 0.498336 0.498354
 0.0628925 0.0783969 0.0794275 0.0794824 0.0794853
 0.245168 0.305607 0.309625 0.309839 0.30985
 0.320417 0.399407 0.404657 0.404938 0.404952
 0.0778213 0.097006 0.0982812 0.0983493 0.0983528
 0.345237 0.430346 0.436003 0.436305 0.436321
 0.321808 0.40114 0.406414 0.406695 0.40671
 0.533066 0.664479 0.673213 0.673679 0.673704
 0.362921 0.45239 0.458336 0.458654 0.45867
 0.300546 0.374637 0.379562 0.379825 0.379839
 0.191657 0.238905 0.242045 0.242213 0.242222
 0.194325 0.24223 0.245415 0.245584 0.245593
 0.277487 0.345894 0.35044 0.350683 0.350696
 0.248776 0.310105 0.314181 0.314399 0.31441
 0.190327 0.237247 0.240366 0.240532 0.240541
 0.241279 0.30076 0.304714 0.304925 0.304936
 0.141206 0.176017 0.178331 0.178454 0.178461
 0.12384 0.154369 0.156398 0.156506 0.156512
 0.125085 0.155922 0.157971 0.158081 0.158087
 0.101002 0.125901 0.127556 0.127645 0.127649
 0.12253 0.152736 0.154744 0.154851 0.154856
 0.101844 0.126951 0.12862 0.128709 0.128714
 0.100153 0.124843 0.126484 0.126571 0.126576
 0.144406 0.180005 0.182371 0.182498 0.182504
 0.149161 0.185933 0.188377 0.188507 0.188514
nmprior
 8.19 8.8 8.5 0
nm_flota  nm_reclas  nm_pelaces    nm_pelaL
inf 12.194 18.5893 44.6726
cv_recla  cv_pelaces  cv_mph
0.341447 0.471263 1.64778
 ------------------------------------------------
Talla a la edad & desviaci?n 
 8 13.2811 15.8009 17.003 17.5766
 0.8 1.32811 1.58009 1.7003 1.75766
