years
 1991 1992 1993 1994 1995 1996 1997 1998 1999 2000 2001 2002 2003 2004 2005 2006 2007 2008 2009 2010 2011 2012 2013 2014 2015 2016 2017 2018 2019 2020 2021
reclasobs
 0 0 0 0 0 0 0 0 0 252601 567819 844713 477998 351125 339783 2.1784e+06 2.13404e+06 4.81314e+06 1.55562e+06 2.62356e+06 3.21686e+06 3.843e+06 1.13348e+06 3.07943e+06 1.97215e+06 2.03268e+06 2.025e+06 2.42433e+06 2.27542e+06 1.05018e+06 2.36338e+06
reclaspred
 4.151e+06 1.42986e+06 879728 477673 71932.5 1.80193e+06 591249 150034 616116 187601 295292 658147 558548 416096 304418 1.87047e+06 1.18308e+06 4.99031e+06 3.90782e+06 1.78872e+06 3.75743e+06 3.47493e+06 1.98385e+06 3.78702e+06 2.47527e+06 1.56375e+06 2.52751e+06 3.69307e+06 2.66503e+06 1.02457e+06 1.57042e+06
pelacesobs
 0 0 0 0 0 0 0 0 0 0 0 0 0 0 0 552880 188675 0 991730 2.46772e+06 1.41603e+06 1.21717e+06 2.29649e+06 1.80582e+06 0 1.4828e+06 1.56532e+06 1.57751e+06 1.42118e+06 867257 1.10002e+06
pelacespred
 1.04164e+06 363538 184164 66283.8 8888.27 409903 93907.5 31408.1 129247 28582.2 64494 118903 108459 79424.1 56508.6 359229 224487 1.20201e+06 919342 395147 832688 755646 435817 973912 596536 370508 705559 1.00703e+06 603690 267700 379214
mphobs
 0 0 0 0 0 0 0 0 0 0 0 498337 0 5186 125008 0 168611 109162 213762 579715 649985 157893 87575 83554 0 0 0 0 0 0 0
mphpred
 2.33536e+06 1.06632e+06 258980 251252 67513.1 8131.73 464546 93538.3 28474.8 135306 23469.9 88349.5 153112 95319.4 51238.8 51679.9 585181 323393 1.48468e+06 959810 566954 965018 1.02658e+06 584638 1.06202e+06 722023 407700 656132 1.31148e+06 692305 229920
desembarqueobs
 494567 514787 250237 358949 120608 361735 552515 73892 212993 205616 52469 317467 293654 387597 252695 516296 358380 742168 942051 627588 828172 859565 418607 520667 417249 300574 407403 355545 319650 289779 391294
desembarquepred
 494517 514508 249832 358562 120487 361520 551717 73856.8 212821 205373 52453.5 317152 293304 386868 252354 515863 358210 741679 940675 626425 827601 858701 418328 520427 416947 300314 407145 355362 319455 289497 391046
Reclutas
 9325.74 5795.82 199639 15652.9 4829.26 285471 7012.35 1813.65 62608.9 8791.19 46874.8 133085 76539.6 68988.9 44968.7 389263 12593.7 741952 303775 98630.4 389537 511840 16746.4 280499 162305 38699.9 224561 302828 21640.9 9867.84 155215
log_desv_Rt
 -1.81849 -2.29413 1.24524 -1.30061 -2.47657 1.60288 -2.10359 -3.45592 0.0856429 -1.87752 -0.203784 0.839724 0.286543 0.182681 -0.245297 1.91299 -1.51807 2.55802 1.66502 0.540114 1.91369 2.18675 -1.23308 1.5853 1.03821 -0.395429 1.36288 1.6619 -0.976677 -1.76198 0.993548
SSB
 2.33536e+06 1.06632e+06 258980 251252 67513.1 8131.73 464546 93538.3 28474.8 135306 23469.9 88349.5 153112 95319.4 51238.8 51679.9 585181 323393 1.48468e+06 959810 566954 965018 1.02658e+06 584638 1.06202e+06 722023 407700 656132 1.31148e+06 692305 229920
BT
 2.85996e+06 1.40026e+06 655582 408128 126305 1.26644e+06 704827 142824 489068 247969 193618 535526 511592 584884 380545 1.23544e+06 800717 3.44475e+06 3.00645e+06 1.51803e+06 2.62941e+06 2.51268e+06 1.36655e+06 2.74196e+06 1.76983e+06 1.13098e+06 2.05785e+06 2.6758e+06 1.65933e+06 929684 1.25881e+06
Ftot
 0.21812 0.627703 0.630719 1.26547 2.29879 0.522052 1.4764 0.862216 0.852736 1.73919 0.444376 1.0898 1.08782 1.87417 1.76022 0.6971 0.556062 0.372751 0.494464 0.667091 0.503226 0.542048 0.390925 0.322956 0.343481 0.372785 0.381728 0.229806 0.22505 0.510126 0.5903
BD_Bspro_t
 0.96581 0.728756 0.393484 0.405402 0.128742 0.025338 0.469049 0.136449 0.068172 0.268009 0.085945 0.352907 0.319715 0.194423 0.110225 0.116071 0.462544 0.320869 0.611634 0.469076 0.315676 0.435822 0.474468 0.378501 0.553008 0.519394 0.448308 0.591267 0.719963 0.576592 0.365163
BD_Bspro
 5.68501 2.59576 0.63044 0.611628 0.164349 0.0197952 1.13085 0.227702 0.0693168 0.329377 0.0571334 0.215071 0.372724 0.232038 0.124732 0.125805 1.42452 0.787243 3.61418 2.33649 1.38015 2.34917 2.49902 1.4232 2.5853 1.75764 0.992473 1.59724 3.19257 1.68529 0.5597
BD_Bo
 1.41977 0.648263 0.157446 0.152748 0.0410443 0.00494365 0.282419 0.0568662 0.0173111 0.0822585 0.0142685 0.0537117 0.0930839 0.057949 0.0311504 0.0314186 0.355759 0.196605 0.902602 0.583512 0.344677 0.586679 0.624104 0.355428 0.645651 0.438951 0.247859 0.398893 0.797311 0.420884 0.139779
BD_Brms
 7.50803 3.42815 0.832605 0.807761 0.217051 0.026143 1.49349 0.30072 0.0915449 0.435 0.0754545 0.284039 0.492247 0.306446 0.16473 0.166148 1.88132 1.03969 4.77315 3.08573 1.82273 3.10248 3.30039 1.87958 3.41434 2.32126 1.31073 2.10943 4.21635 2.22572 0.73918
Sel_flota
 0.685486 0.976421 0.998731 0.999933 0.999996
 0.685486 0.976421 0.998731 0.999933 0.999996
 0.685486 0.976421 0.998731 0.999933 0.999996
 0.685486 0.976421 0.998731 0.999933 0.999996
 0.685486 0.976421 0.998731 0.999933 0.999996
 0.685486 0.976421 0.998731 0.999933 0.999996
 0.685486 0.976421 0.998731 0.999933 0.999996
 0.685486 0.976421 0.998731 0.999933 0.999996
 0.685486 0.976421 0.998731 0.999933 0.999996
 0.685486 0.976421 0.998731 0.999933 0.999996
 0.685486 0.976421 0.998731 0.999933 0.999996
 0.685486 0.976421 0.998731 0.999933 0.999996
 0.685486 0.976421 0.998731 0.999933 0.999996
 0.685486 0.976421 0.998731 0.999933 0.999996
 0.685486 0.976421 0.998731 0.999933 0.999996
 0.685486 0.976421 0.998731 0.999933 0.999996
 0.685486 0.976421 0.998731 0.999933 0.999996
 0.685486 0.976421 0.998731 0.999933 0.999996
 0.685486 0.976421 0.998731 0.999933 0.999996
 0.685486 0.976421 0.998731 0.999933 0.999996
 0.685486 0.976421 0.998731 0.999933 0.999996
 0.685486 0.976421 0.998731 0.999933 0.999996
 0.685486 0.976421 0.998731 0.999933 0.999996
 0.685486 0.976421 0.998731 0.999933 0.999996
 0.685486 0.976421 0.998731 0.999933 0.999996
 0.685486 0.976421 0.998731 0.999933 0.999996
 0.685486 0.976421 0.998731 0.999933 0.999996
 0.685486 0.976421 0.998731 0.999933 0.999996
 0.685486 0.976421 0.998731 0.999933 0.999996
 0.685486 0.976421 0.998731 0.999933 0.999996
 0.685486 0.976421 0.998731 0.999933 0.999996
Sel_reclas
 1 1 1 1 1
 1 1 1 1 1
 1 1 1 1 1
 1 1 1 1 1
 1 1 1 1 1
 1 1 1 1 1
 1 1 1 1 1
 1 1 1 1 1
 1 1 1 1 1
 1 1 1 1 1
 1 1 1 1 1
 1 1 1 1 1
 1 1 1 1 1
 1 1 1 1 1
 1 1 1 1 1
 1 1 1 1 1
 1 1 1 1 1
 1 1 1 1 1
 1 1 1 1 1
 1 1 1 1 1
 1 1 1 1 1
 1 1 1 1 1
 1 1 1 1 1
 1 1 1 1 1
 1 1 1 1 1
 1 1 1 1 1
 1 1 1 1 1
 1 1 1 1 1
 1 1 1 1 1
 1 1 1 1 1
 1 1 1 1 1
Sel_pelaces
 1 1 1 1 1
 1 1 1 1 1
 1 1 1 1 1
 1 1 1 1 1
 1 1 1 1 1
 1 1 1 1 1
 1 1 1 1 1
 1 1 1 1 1
 1 1 1 1 1
 1 1 1 1 1
 1 1 1 1 1
 1 1 1 1 1
 1 1 1 1 1
 1 1 1 1 1
 1 1 1 1 1
 1 1 1 1 1
 1 1 1 1 1
 1 1 1 1 1
 1 1 1 1 1
 1 1 1 1 1
 1 1 1 1 1
 1 1 1 1 1
 1 1 1 1 1
 1 1 1 1 1
 1 1 1 1 1
 1 1 1 1 1
 1 1 1 1 1
 1 1 1 1 1
 1 1 1 1 1
 1 1 1 1 1
 1 1 1 1 1
pf_obs 
 0.8446 0.082 0.0669 0.0065 0
 0.8095 0.147 0.0364 0.0071 0
 0.9664 0.0169 0.016 0.0007 0
 0.9276 0.0648 0.0075 0.0001 0
 0.7033 0.2144 0.0806 0.0017 0
 0.9318 0.0425 0.0243 0.0014 0
 0.5671 0.3108 0.0964 0.0239 0.0018
 0.0768 0.2599 0.5324 0.112 0.0189
 0.490249 0.384438 0.106611 0.0170017 0.00170017
 0.7925 0.1577 0.0466 0.003 0.0002
 0.840416 0.127587 0.0312969 0.00059994 9.999e-05
 0.8084 0.0986 0.0794 0.0134 0.0002
 0.7335 0.1905 0.0724 0.0035 0.0001
 0.4001 0.4547 0.1325 0.0127 0
 0.49795 0.308269 0.164784 0.0264974 0.00249975
 0.9179 0.0499 0.0305 0.0017 0
 0.2467 0.6533 0.0926 0.0074 0
 0.9418 0.0223 0.034 0.0019 0
 0.707729 0.231977 0.0356964 0.0245975 0
 0.517169 0.277429 0.184464 0.0207286 0.00020938
 0.811772 0.124168 0.05621 0.00726502 0.000585176
 0.764997 0.148141 0.077277 0.00933861 0.000247198
 0.163321 0.427699 0.378323 0.0303852 0.000271297
 0.753843 0.0900009 0.118128 0.0371064 0.000921714
 0.721811 0.176058 0.0630433 0.0369309 0.00215725
 0.143369 0.312575 0.442814 0.0836902 0.0175525
 0.692698 0.0596174 0.167031 0.0765114 0.00414204
 0.394062 0.376323 0.152708 0.0712218 0.00568511
 0.125707 0.32114 0.495352 0.0537591 0.00404204
 0.23352 0.215282 0.420074 0.123614 0.00750983
 0.774587 0.0839891 0.0768558 0.0609784 0.00358967
pf_pred 
 0.0442841 0.188573 0.687602 0.0795402 6.88255e-07
 0.0866546 0.0587221 0.171997 0.611932 0.0706947
 0.935058 0.00863151 0.0037296 0.010596 0.041985
 0.200358 0.766774 0.0044925 0.0018824 0.0264932
 0.345671 0.203629 0.432926 0.00243429 0.0153399
 0.996886 0.00172422 0.000450526 0.000902737 3.69395e-05
 0.0715334 0.926618 0.00103738 0.000263263 0.000548238
 0.157853 0.106114 0.734633 0.000786745 0.000613925
 0.969125 0.00744259 0.00304195 0.020352 3.8731e-05
 0.356166 0.631955 0.00294227 0.00116204 0.00777503
 0.948522 0.0269078 0.0241389 0.000107027 0.000324202
 0.888024 0.108163 0.00201939 0.00176169 3.14228e-05
 0.706923 0.273141 0.0192822 0.000346602 0.000307138
 0.775802 0.180974 0.0403865 0.0027445 9.28545e-05
 0.822439 0.155863 0.0176875 0.0037482 0.000262598
 0.981738 0.0164847 0.00156907 0.000169488 3.8331e-05
 0.0947704 0.894784 0.0094575 0.000872281 0.000115335
 0.959855 0.00558773 0.0341703 0.000350735 3.65684e-05
 0.509325 0.477604 0.00186166 0.0110846 0.000125459
 0.364692 0.38991 0.239047 0.000905588 0.00544474
 0.857687 0.0680804 0.0461039 0.0274019 0.000726674
 0.772629 0.205435 0.0106536 0.00701119 0.00427108
 0.0736607 0.778084 0.134334 0.00676657 0.0071545
 0.822386 0.0189596 0.133834 0.0224933 0.00232754
 0.556419 0.388174 0.00605404 0.0416412 0.00771207
 0.281305 0.468098 0.22004 0.00334297 0.0272138
 0.847076 0.0567143 0.0632465 0.0289488 0.0040141
 0.75427 0.219617 0.00985044 0.0106955 0.0055663
 0.118124 0.720642 0.144486 0.00632328 0.010425
 0.149614 0.13917 0.583795 0.114201 0.0132198
 0.907765 0.0199703 0.0121162 0.0493865 0.0107626
pobs_RECLAS
 0 0 0 0 0
 0 0 0 0 0
 0 0 0 0 0
 0 0 0 0 0
 0 0 0 0 0
 0 0 0 0 0
 0 0 0 0 0
 0 0 0 0 0
 0 0 0 0 0
 0 0 0 0 0
 0.991045 0.00858322 0.000360255 1.14367e-05 0
 0.934742 0.0480273 0.0164251 0.00080598 0
 0.827803 0.169806 0.00239088 0 0
 0.941827 0.0461693 0.0120037 0 0
 0.791401 0.0380133 0.147996 0.0225897 0
 0.846168 0.0940531 0.0597789 0 0
 0.134021 0.677848 0.182769 0.00536245 0
 0.80878 0.0450904 0.141981 0.00414843 0
 0.846168 0.0940531 0.0597789 0 0
 0.905697 0.0802665 0.012482 0.00150086 5.37128e-05
 0.989698 0.0102097 9.19794e-05 0 0
 0.975433 0.0193895 0.00387452 0.00125025 5.28907e-05
 0.303575 0.632131 0.0575291 0.00676475 0
 0.966965 0.00978017 0.0227588 0.000495775 0
 0.843318 0.132988 0.00938335 0.0141283 0.000182051
 0.564624 0.303363 0.111486 0.0197234 0.00080311
 0.826376 0.0876187 0.0782897 0.00655872 0.00115652
 0.89761 0.0855135 0.0140674 0.00269457 0.000114338
 0.34875 0.467042 0.161289 0.0227151 0.000203297
 0.318654 0.224769 0.449479 0.00709798 0
 0.937255 0.0296025 0.0250945 0.00804832 0
ppred_RECLAS
 0.0633648 0.188274 0.670853 0.0775074 6.70622e-07
 0.123975 0.0576788 0.164868 0.585807 0.0676719
 0.955449 0.00605436 0.00255294 0.00724362 0.0286997
 0.274836 0.69617 0.00396825 0.0016603 0.0233654
 0.470616 0.168704 0.346483 0.00194462 0.012253
 0.997873 0.00119059 0.000303712 0.00060778 2.48683e-05
 0.105668 0.892603 0.000970981 0.000246035 0.000512319
 0.220263 0.100452 0.677993 0.000725104 0.000565784
 0.979245 0.00510455 0.0020341 0.0135906 2.58619e-05
 0.464144 0.526272 0.00237673 0.000937149 0.00626981
 0.964191 0.0189295 0.0165833 7.3434e-05 0.000222428
 0.922222 0.0751986 0.0013672 0.00119104 2.12427e-05
 0.783035 0.202567 0.013926 0.000249968 0.000221491
 0.846353 0.124771 0.0269836 0.00183061 6.19296e-05
 0.879339 0.106311 0.0117008 0.00247548 0.000173417
 0.987461 0.0113457 0.0010536 0.000113658 2.57028e-05
 0.13197 0.858251 0.00885506 0.000815667 0.000107842
 0.972341 0.00392836 0.0234646 0.000240547 2.50783e-05
 0.600633 0.388984 0.0014804 0.00880333 9.96318e-05
 0.458177 0.335686 0.20081 0.000759738 0.00456752
 0.898384 0.0492315 0.0325507 0.0193219 0.000512365
 0.831706 0.152417 0.00771609 0.00507149 0.00308924
 0.103211 0.756096 0.127498 0.00641413 0.00678141
 0.871809 0.0139745 0.0963665 0.0161761 0.00167374
 0.64425 0.312259 0.00475732 0.0326812 0.00605225
 0.3625 0.418629 0.192214 0.00291655 0.023741
 0.89017 0.0413483 0.0450379 0.0205887 0.00285468
 0.815218 0.165561 0.00725629 0.00786911 0.00409509
 0.161648 0.687963 0.134785 0.00589149 0.00971248
 0.206423 0.132523 0.542746 0.106035 0.0122737
 0.935883 0.0141598 0.008385 0.0341337 0.00743809
pobs_PELACES
 0 0 0 0 0
 0 0 0 0 0
 0 0 0 0 0
 0 0 0 0 0
 0 0 0 0 0
 0 0 0 0 0
 0 0 0 0 0
 0 0 0 0 0
 0 0 0 0 0
 0 0 0 0 0
 0 0 0 0 0
 0 0 0 0 0
 0 0 0 0 0
 0 0 0 0 0
 0 0 0 0 0
 0 0 0 0 0
 0.505614 0.472636 0.0217494 0 0
 0 0 0 0 0
 0.443492 0.261883 0.143347 0.151278 0
 0.227955 0.32914 0.350689 0.0885471 0.00366901
 0.970185 0.0296113 0.000203453 0 0
 0.997202 0.00247181 0.000326279 0 0
 0.445219 0.490057 0.0546422 0.010081 0
 0.90214 0.0892962 0.00764917 0.000914606 0
 0 0 0 0 0
 0.581667 0.319106 0.0959925 0.00289975 0.000334073
 0.762889 0.0836404 0.116647 0.0363945 0.000428098
 0.88444 0.0763242 0.0277011 0.0115352 0
 0.521256 0.241999 0.230069 0.00667565 0
 0.616807 0.101726 0.260614 0.0208532 0
 0.833518 0.0704572 0.0857862 0.0102388 0
ppred_PELACES
 0.0646971 0.188249 0.669688 0.077366 6.69396e-07
 0.131182 0.0574625 0.163492 0.580774 0.0670896
 0.958127 0.00571459 0.00239851 0.00680373 0.0269564
 0.299782 0.672483 0.00379769 0.00158814 0.0223493
 0.528608 0.151964 0.306866 0.0017207 0.0108416
 0.99798 0.00113251 0.000287787 0.000575793 2.35593e-05
 0.119833 0.878483 0.000945291 0.000239385 0.000498457
 0.235804 0.0989959 0.663936 0.000709827 0.000553854
 0.980938 0.00471143 0.00186569 0.0124612 2.37123e-05
 0.505886 0.485392 0.00216422 0.000852767 0.00570506
 0.965687 0.018167 0.0158633 7.02334e-05 0.000212731
 0.929421 0.0682569 0.00123108 0.00107199 1.91189e-05
 0.800339 0.186511 0.0127199 0.00022822 0.000202216
 0.868619 0.106966 0.022816 0.00154673 5.23237e-05
 0.896296 0.0915126 0.0099423 0.00210199 0.000147246
 0.988269 0.0106199 0.000981148 0.000105813 2.39284e-05
 0.138213 0.852119 0.00875587 0.000806352 0.000106609
 0.973349 0.00379419 0.0226011 0.00023166 2.41516e-05
 0.611988 0.377962 0.00143323 0.00852113 9.6437e-05
 0.47458 0.326132 0.194139 0.000734305 0.00441456
 0.902881 0.0471443 0.0310554 0.0184306 0.000488726
 0.838917 0.145942 0.00735889 0.00483567 0.00294557
 0.10678 0.753428 0.126683 0.00637215 0.00673696
 0.875468 0.0136047 0.0935936 0.0157086 0.00162536
 0.651845 0.305691 0.0046455 0.0319087 0.00590915
 0.371032 0.413418 0.189301 0.00287193 0.0233776
 0.893872 0.0400261 0.0434754 0.0198713 0.0027552
 0.818546 0.16261 0.00711487 0.00771505 0.00401489
 0.164639 0.685713 0.134122 0.00586198 0.00966379
 0.215094 0.13149 0.536494 0.104793 0.0121297
 0.939403 0.0134299 0.00791832 0.0322263 0.00702237
pobs_pel_tallas
 0 0 0 0 0 0 0 0 0 0 0 0 0 0 0 0 0 0 0 0 0 0 0 0 0 0
 0 0 0 0 0 0 0 0 0 0 0 0 0 0 0 0 0 0 0 0 0 0 0 0 0 0
 0 0 0 0 0 0 0 0 0 0 0 0 0 0 0 0 0 0 0 0 0 0 0 0 0 0
 0 0 0 0 0 0 0 0 0 0 0 0 0 0 0 0 0 0 0 0 0 0 0 0 0 0
 0 0 0 0 0 0 0 0 0 0 0 0 0 0 0 0 0 0 0 0 0 0 0 0 0 0
 0 0 0 0 0 0 0 0 0 0 0 0 0 0 0 0 0 0 0 0 0 0 0 0 0 0
 0 0 0 0 0 0 0 0 0 0 0 0 0 0 0 0 0 0 0 0 0 0 0 0 0 0
 0 0 0 0 0 0 0 0 0 0 0 0 0 0 0 0 0 0 0 0 0 0 0 0 0 0
 0 0 0 0 0 0 0 0 0 0 0 0 0 0 0 0 0 0 0 0 0 0 0 0 0 0
 0 0 0 0 0 0 0 0 0 0 0 0 0 0 0 0 0 0 0 0 0 0 0 0 0 0
 0 0 0 0 0 0 0 0 0 0 0 0 0 0 0 0 0 0 0 0 0 0 0 0 0 0
 0 0 0 0 0 0 0 0 0 0 0 0 0 0 0 0 0 0 0 0 0 0 0 0 0 0
 0.00862536 0 0 0.000197151 0.00414017 0.0128641 0.00837892 0.0270097 0.101434 0.158115 0.152841 0.127902 0.109271 0.109419 0.0830992 0.0579132 0.0238553 0.00714673 0.00463305 0.00128148 0.00103504 0.000492878 0.000147863 0.000147863 4.92878e-05 0
 0 0 0 0 0 0 0 0 0 0 0 0 0 0 0 0 0 0 0 0 0 0 0 0 0 0
 0 0 0 0 0 0 0 0.0054083 0.00873648 0.0413646 0.0450493 0.0745869 0.0622846 0.0627006 0.0613931 0.0827291 0.12552 0.122667 0.0946155 0.0697135 0.0546179 0.0294188 0.0215738 0.0213955 0.0102223 0.00600262
 0 0 0 0 0.00359764 0.0251062 0.0480494 0.140153 0.205849 0.193036 0.1447 0.116669 0.0760912 0.0342217 0.00950174 0.001854 0.000860785 0 0 0 0.000165536 0 0.000143464 0 0 0
 0 0 0 0 0 0 0 0.000145254 0.000435761 0.0275982 0.070085 0.0708112 0.156366 0.174668 0.174014 0.160142 0.0824315 0.0480064 0.0283245 0.00493863 0.00203355 0 0 0 0 0
 0 0 0 0 0 0 0 0 0 0 0 0 0 0 0 0 0 0 0 0 0 0 0 0 0 0
 0 0 1.00437e-05 0.000401748 0.00122533 0.00171747 0.00176769 0.0269171 0.070346 0.194647 0.189555 0.159765 0.064822 0.0314167 0.0384472 0.0292271 0.0345202 0.0313363 0.0194345 0.0106764 0.0143323 0.0359363 0.0279516 0.0138201 0.00172751 0
 0 0.0021121 0.0136068 0.0755702 0.200478 0.177729 0.0527432 0.0373336 0.0318909 0.0142505 0.0149659 0.0166563 0.0217959 0.0798694 0.0677717 0.0528807 0.04013 0.0224614 0.0357745 0.0225083 0.00881397 0.00855152 0.00135912 0.000746735 0 0
 0 0 0 0 5.4009e-05 0.00500934 0.000945158 0.0243581 0.138947 0.33067 0.221406 0.137944 0.0707744 0.0437923 0.0131692 0.00525238 0.0047753 0.00276346 9.45158e-05 9.00151e-06 2.25038e-05 9.00151e-06 4.50075e-06 0 0 0
 0.000866109 0.00284123 0.00948549 0.0512746 0.133035 0.25785 0.225252 0.132002 0.0553304 0.0519788 0.0540692 0.017754 0.00435017 0.00159236 0.00146478 0.000404838 0.000125132 0.000115318 0.000107957 0.000100596 0 0 0 0 0 0
 0 0 0 0 0.00144013 0.00171154 0.00461396 0.0210425 0.0478622 0.0707936 0.0888783 0.103762 0.0637923 0.0337046 0.0602308 0.124433 0.169614 0.0934646 0.0462172 0.0250306 0.0313229 0.00938855 0.002487 0.000210481 0 0
 0 0.00764035 0.051015 0.0998891 0.058973 0.0496711 0.0374665 0.0718981 0.12319 0.153886 0.159021 0.0857701 0.0377988 0.023471 0.0147837 0.00900784 0.00315554 0.000888139 0.00291439 0.00214683 0.00393193 0.00274676 0.000635225 9.99891e-05 0 0
 0 0 0 0 0 0 0 0 0 0 0 0 0 0 0 0 0 0 0 0 0 0 0 0 0 0
 0 0 0 0 0 0 0 0 0 0 0 0 0 0 0 0 0 0 0 0 0 0 0 0 0 0
 0 0 0 0 0 0 0 0 0 0 0 0 0 0 0 0 0 0 0 0 0 0 0 0 0 0
 0 0 0 0 0 0 0 0 0 0 0 0 0 0 0 0 0 0 0 0 0 0 0 0 0 0
 0 0 0 0 0 0 0 0 0 0 0 0 0 0 0 0 0 0 0 0 0 0 0 0 0 0
 0 0 0 0 0 0 0 0 0 0 0 0 0 0 0 0 0 0 0 0 0 0 0 0 0 0
 0 0 0 0 0 0 0 0 0 0 0 0 0 0 0 0 0 0 0 0 0 0 0 0 0 0
ppred_pel_tallas
 1.27133e-16 5.32906e-06 5.18004e-05 0.000344233 0.00156484 0.00486891 0.0103744 0.0151458 0.0151649 0.0104685 0.00518783 0.00249899 0.00273807 0.00543965 0.0107125 0.018939 0.0301627 0.0439314 0.0595791 0.0764936 0.0938789 0.110095 0.122341 0.127373 0.123044 0.109597
 1.7433e-16 1.08053e-05 0.000105031 0.000697969 0.00317287 0.00987201 0.0210336 0.0307004 0.0307064 0.0210631 0.00997263 0.00347006 0.00146958 0.00187758 0.00364732 0.00675583 0.0115744 0.01869 0.0289885 0.0436113 0.0634921 0.0884975 0.116616 0.143819 0.164925 0.175231
 1.05315e-16 7.89196e-05 0.000767127 0.00509783 0.023174 0.0721029 0.153623 0.224217 0.224218 0.153626 0.0721121 0.0232009 0.00516599 0.000918221 0.000373175 0.000512972 0.000785784 0.00111692 0.0015086 0.00201141 0.00271773 0.0037179 0.00503262 0.00656079 0.00807659 0.00928439
 1.04223e-16 2.46928e-05 0.000240023 0.00159504 0.00725085 0.0225604 0.0480698 0.0701728 0.0702375 0.0483857 0.0236208 0.0103118 0.00927136 0.0169744 0.0317387 0.0522552 0.0748634 0.0932899 0.101175 0.0956267 0.0790204 0.0575368 0.0376325 0.0231307 0.0145778 0.0104377
 1.10902e-16 4.35408e-05 0.000423232 0.00281252 0.0127853 0.03978 0.0847561 0.123707 0.123722 0.08483 0.0400295 0.0135116 0.00465663 0.00451855 0.00802467 0.013726 0.0209945 0.0289427 0.0365928 0.0433294 0.0489867 0.0534329 0.0561034 0.0560482 0.0525374 0.045705
 1.00071e-16 8.22023e-05 0.000799036 0.00530987 0.0241379 0.075102 0.160013 0.233543 0.233543 0.160013 0.0751038 0.0241431 0.00532295 0.000827665 0.000136806 9.66836e-05 0.000132806 0.0001702 0.000194642 0.00020221 0.000197141 0.00018844 0.00018366 0.000184478 0.000186844 0.000184566
 1.00361e-16 9.8707e-06 9.59468e-05 0.000637604 0.00289851 0.00901879 0.0192186 0.0280678 0.0281523 0.0196313 0.0104037 0.00689609 0.0106622 0.021947 0.0414126 0.0681949 0.0976427 0.121539 0.13152 0.123738 0.101231 0.0720408 0.0446341 0.0241271 0.0114434 0.00483661
 1.1935e-16 1.94229e-05 0.000188797 0.00125463 0.00570335 0.0177453 0.0378086 0.055185 0.0551955 0.0378606 0.0179227 0.00622858 0.00262086 0.00332917 0.00644444 0.0118201 0.0197987 0.0306399 0.0443767 0.0606266 0.0781742 0.0945869 0.106436 0.110412 0.104863 0.0907594
 1.01309e-16 8.07986e-05 0.000785391 0.0052192 0.0237257 0.0738195 0.15728 0.229555 0.229556 0.157283 0.0738271 0.0237477 0.00527478 0.000908025 0.000317711 0.000408556 0.000608935 0.000830081 0.00104822 0.001269 0.00152483 0.00185035 0.00224687 0.00266218 0.00300227 0.00316896
 1.01238e-16 4.16693e-05 0.00040504 0.00269164 0.0122358 0.0380704 0.0811148 0.118399 0.118446 0.0813428 0.0388357 0.0144449 0.00823153 0.0124813 0.0229257 0.0377013 0.0539935 0.0672429 0.0728389 0.0686692 0.0564236 0.0405468 0.0257044 0.0146927 0.00797737 0.00454303
 1.00506e-16 7.95423e-05 0.00077318 0.00513805 0.0233568 0.0726718 0.154835 0.225987 0.225988 0.154844 0.072701 0.0234413 0.00535102 0.00124129 0.000977875 0.00151486 0.00223028 0.00291972 0.00342913 0.00368046 0.0036999 0.00357442 0.00337438 0.00311197 0.00276278 0.00231651
 1.00164e-16 7.65552e-05 0.000744144 0.0049451 0.0224797 0.0699427 0.149021 0.217501 0.217508 0.149053 0.0700504 0.0227905 0.0057245 0.00244342 0.00329739 0.00531331 0.00760731 0.00948384 0.0102921 0.0097351 0.00804793 0.00584957 0.00378757 0.00224692 0.00128854 0.000771181
 1.00472e-16 6.59229e-05 0.000640794 0.0042583 0.0193576 0.0602289 0.128325 0.187297 0.187315 0.128412 0.0605233 0.0202078 0.00639111 0.00529285 0.00888951 0.0145614 0.0208977 0.0261259 0.0284852 0.02716 0.0227665 0.0169492 0.0114225 0.00719832 0.00443774 0.00279005
 1.0085e-16 7.1547e-05 0.000695462 0.00462159 0.0210091 0.0653671 0.139272 0.203274 0.203284 0.139322 0.0655365 0.0214984 0.00585044 0.00337971 0.00517419 0.00845292 0.0121974 0.0153938 0.0170557 0.0167191 0.0147032 0.011873 0.00910568 0.00688318 0.00524681 0.00401305
 1.00547e-16 7.38267e-05 0.000717622 0.00476885 0.0216785 0.0674499 0.14371 0.20975 0.209759 0.143753 0.0675945 0.0220961 0.00581683 0.00300453 0.00441458 0.00717471 0.0103125 0.0129344 0.0141833 0.0136633 0.0116716 0.00899663 0.00645003 0.00449553 0.00318714 0.00234422
 1.00046e-16 8.14024e-05 0.000791261 0.0052582 0.023903 0.0743712 0.158456 0.231271 0.231272 0.158461 0.074388 0.0239515 0.00537975 0.00105644 0.000584576 0.000836384 0.00119406 0.00149522 0.00163549 0.00156842 0.00132868 0.00100864 0.000703979 0.000470269 0.000315227 0.000218541
 1.0057e-16 1.13846e-05 0.000110662 0.000735393 0.00334304 0.0104019 0.0221653 0.0323681 0.0324501 0.0225657 0.0117455 0.00722154 0.010462 0.0213141 0.0401926 0.0661978 0.0948176 0.118095 0.127928 0.120586 0.0989977 0.070923 0.0445214 0.0247077 0.0123554 0.00578342
 1.00681e-16 8.01735e-05 0.000779315 0.00517882 0.0235422 0.0732484 0.156063 0.227779 0.22778 0.156065 0.0732551 0.023562 0.00523019 0.000896828 0.00031905 0.00044132 0.000722406 0.00110392 0.00157853 0.00213156 0.00272345 0.0032753 0.00367396 0.00380809 0.00362031 0.00314122
 1.01009e-16 5.04087e-05 0.00048999 0.00325616 0.0148021 0.0460549 0.0981261 0.143226 0.143262 0.0983037 0.0466508 0.0165223 0.00757033 0.00989469 0.017873 0.0293671 0.0420642 0.0524049 0.056805 0.0536264 0.0441874 0.031943 0.0205078 0.0120308 0.00684412 0.00413709
 1.06507e-16 3.90906e-05 0.000379974 0.00252506 0.0114786 0.0357143 0.0760944 0.111069 0.1111 0.0762492 0.0362348 0.0129846 0.00631598 0.00869081 0.0159256 0.0265325 0.0388322 0.050101 0.0575248 0.0596999 0.0573106 0.052375 0.0467556 0.0412024 0.0355159 0.029349
 1.0284e-16 7.43691e-05 0.000722894 0.00480389 0.0218378 0.0679454 0.144765 0.21129 0.211294 0.144788 0.0680209 0.0220563 0.00535465 0.00193251 0.0023933 0.00389623 0.00574144 0.00750975 0.00882841 0.00953299 0.00974501 0.00974215 0.00972706 0.00969013 0.00945744 0.00885027
 1.01234e-16 6.91005e-05 0.000671682 0.00446356 0.0202907 0.063132 0.13451 0.196324 0.196338 0.134579 0.0633624 0.0209558 0.00613212 0.004311 0.00697164 0.0113923 0.0163493 0.0204459 0.0223128 0.0213279 0.0179938 0.013616 0.00954107 0.00654164 0.00469751 0.00367065
 1.05628e-16 8.79548e-06 8.54953e-05 0.00056815 0.00258277 0.00803635 0.017125 0.0250096 0.0250823 0.0174799 0.00922827 0.00602573 0.00921149 0.0189573 0.0358592 0.0592914 0.0854596 0.107558 0.118621 0.115384 0.100185 0.0792964 0.059135 0.043299 0.032162 0.0243478
 1.04555e-16 7.21111e-05 0.000700946 0.00465803 0.0211747 0.0658825 0.14037 0.204874 0.204875 0.140377 0.0659071 0.0212476 0.00484816 0.00113962 0.0009745 0.00167791 0.0028327 0.00444553 0.00655186 0.00913564 0.0120537 0.0149639 0.0173396 0.0186213 0.0184482 0.0168288
 1.04413e-16 5.36917e-05 0.000521902 0.00346823 0.0157661 0.0490543 0.104516 0.152551 0.15258 0.10466 0.0495366 0.0171586 0.00696137 0.00813999 0.0145005 0.0238333 0.0342069 0.0427777 0.0467076 0.0447378 0.0379823 0.0292301 0.0213174 0.0158063 0.0127297 0.0112022
 1.09813e-16 3.05615e-05 0.000297069 0.00197413 0.00897413 0.0279221 0.0594924 0.0868393 0.0868793 0.0596882 0.02858 0.0108771 0.00676055 0.0107778 0.0200287 0.0333058 0.0485389 0.0622095 0.0707012 0.0722753 0.0679801 0.0606925 0.0531425 0.0465474 0.0406743 0.0348111
 1.03725e-16 7.36271e-05 0.000715681 0.00475595 0.0216199 0.0672675 0.143321 0.209181 0.209185 0.14334 0.0673321 0.0218075 0.00523017 0.00176172 0.00209226 0.00342688 0.00512903 0.00687341 0.00837982 0.00952412 0.010382 0.0111078 0.0117497 0.0121691 0.0121263 0.011448
 1.01701e-16 6.74226e-05 0.000655371 0.00435517 0.019798 0.061599 0.131244 0.191557 0.191573 0.13132 0.0618556 0.020539 0.00621416 0.00470999 0.00775759 0.0126917 0.0182156 0.0227829 0.0248723 0.0237971 0.0201258 0.0153196 0.0108802 0.00765974 0.00572768 0.0046818
 1.0627e-16 1.35612e-05 0.00013182 0.000875994 0.00398218 0.0123904 0.0264015 0.0385476 0.0386138 0.0267247 0.0134758 0.00711788 0.00874941 0.0173274 0.0326935 0.0540849 0.0780397 0.0983977 0.108852 0.106441 0.0932573 0.0749224 0.0571506 0.0430958 0.033025 0.0256877
 1.28078e-16 1.7717e-05 0.000172216 0.00114443 0.00520244 0.0161868 0.0344882 0.0503393 0.0503528 0.0345546 0.0164122 0.00586428 0.00284637 0.00402222 0.007725 0.0137772 0.0222626 0.033058 0.0459132 0.0605404 0.0763356 0.0918334 0.104493 0.11133 0.110204 0.100923
 1.04653e-16 7.73774e-05 0.000752136 0.00499821 0.0227211 0.0706939 0.150621 0.219836 0.219837 0.150627 0.0707156 0.0227841 0.00515765 0.0011046 0.00076036 0.0011723 0.00177587 0.00244796 0.00313939 0.00387581 0.00475536 0.00587631 0.00723332 0.00865915 0.00985885 0.01052
pSPR Fmed_Fpbrs
0.378495   0.2391 0.2391
Fs Fmed_Fpbrs
0.627707   1.005 1.005
SSBpbr Bo_Bmed_Bpbrs
1.64488e+06  540336  311048 311048
Ro
57470.1
SPR SPRFo_SPRFmed_SPRFpbrs
410792 155483 98220.4
Fref
1.005
Nvult_r0
 117117 2029.96 1214.15 4945.21 1077.64
CTP_r0
 33738.5 742.226 450.317 1835.52 400.008
YTP_r0
391046
Np
 130731 38098.3 528.991 311.197 1524.54
Nvult_p0
 106582 32845 457.666 269.288 1319.24
CTP_p0
 43475.4 16267.5 229.258 134.975 661.265
YTP_p0
 620992
CBA_c0
460030
log_Ro
10.779
likeval ReclasPelacesDesembMPH_pf_preclas_ppelaces_ptallas_desvR_qrecl_qpela
 16.338 73.5463 0.152073 0.00160708 321.021 124.402 113.803 0 111.509 2.15486e-05 0 0.0229229 0 0 0
q_reclas_q_pelaces
1.93054 1
M
1
N
 9325.74 28602.5 102164 11805.2 0.102143
 5795.82 2954.3 8503.84 30227.1 3491.88
 199639 1386.6 588.816 1671.32 6621.99
 15652.9 47663.2 275.548 115.376 1623.75
 4829.26 2418.61 5096.36 28.6427 180.49
 285471 367.476 94.2884 188.747 7.72302
 7012.35 73426.2 81.2 20.5934 42.8837
 1813.65 937.652 6389.76 6.8373 5.33515
 62608.9 369.466 148.635 993.596 1.89079
 8791.19 12837.5 59.1118 23.3323 156.109
 46874.8 981.726 864.316 3.82839 11.5961
 133085 12716.1 234.022 204.001 3.63857
 76539.6 23195.2 1614.07 28.9913 25.6893
 68988.9 13358.1 2949.92 200.353 6.77834
 44968.7 7023.25 788.313 166.957 11.6966
 389263 4949.87 463.249 49.9943 11.3061
 12593.7 88801.4 921.916 84.9489 11.2315
 741952 3164.59 18981.3 194.63 20.2914
 303775 211404 809.014 4812.3 54.4641
 98630.4 79625.8 47988.6 181.631 1091.98
 389537 22967.9 15271.3 9067.71 240.455
 511840 101494 5169.3 3398.69 2070.31
 16746.4 129859 21993.3 1106.69 1170.08
 280499 4712.46 32613.9 5475.63 566.571
 162305 82697.3 1264.74 8690.17 1609.35
 38699.9 47182.5 21754.2 330.161 2687.57
 224561 11026.5 12061.6 5515.12 764.696
 302828 63591.5 2794.27 3030.68 1577.18
 21640.9 95167.3 18692 817.141 1347.12
 9867.84 6823.13 28103.5 5492.2 635.739
 155215 2558.95 1525.35 6211.58 1353.59
pred_Ctot
 828.737 3528.97 12867.9 1488.52 0.0128801
 1326.46 898.882 2632.82 9367.08 1082.15
 45873.2 423.455 182.971 519.833 2059.75
 6147.51 23526.7 137.842 57.7571 812.88
 2729.58 1607.95 3418.6 19.2223 121.132
 55883.7 96.6568 25.2557 50.6059 2.07076
 3055.54 39580.3 44.3114 11.2452 23.4179
 536.484 360.643 2496.75 2.67386 2.08651
 18360.8 141.005 57.632 385.583 0.733786
 4247.06 7535.67 35.0847 13.8566 92.7125
 7975.71 226.256 202.974 0.899946 2.72607
 46989.4 5723.4 106.855 93.2189 1.66272
 26988.5 10427.8 736.145 13.2324 11.7257
 34843.9 8128.15 1813.89 123.265 4.17041
 21882.9 4147.09 470.617 99.7298 6.98704
 97151.9 1631.31 155.274 16.7724 3.7932
 2602.22 24569.1 259.685 23.9512 3.16687
 107974 628.566 3843.83 39.4543 4.11359
 56742.3 53208.4 207.402 1234.91 13.977
 23742.2 25383.9 15562.4 58.9556 354.464
 73877.2 5864.13 3971.18 2360.28 62.5924
 103481 27514.7 1426.88 939.036 572.042
 2543.26 26864.6 4638.11 233.627 247.021
 35852.5 826.558 5834.58 980.613 101.471
 21939.9 15305.9 238.714 1641.94 304.091
 5632.35 9372.34 4405.69 66.9336 544.881
 33385 2235.23 2492.67 1140.93 158.204
 28260.6 8228.51 369.071 400.734 208.555
 1980.41 12081.9 2422.37 106.013 174.78
 1893.63 1761.44 7388.94 1445.41 167.319
 33738.5 742.226 450.317 1835.52 400.008
F
 0.149518 0.212977 0.217843 0.218106 0.218119
 0.430282 0.612903 0.626906 0.627661 0.627701
 0.432349 0.615848 0.629919 0.630677 0.630717
 0.867463 1.23563 1.26386 1.26539 1.26547
 1.57579 2.24459 2.29588 2.29864 2.29878
 0.357859 0.509742 0.521389 0.522017 0.52205
 1.01205 1.44158 1.47452 1.4763 1.47639
 0.591037 0.841886 0.861122 0.862158 0.862213
 0.584539 0.83263 0.851654 0.852679 0.852733
 1.19219 1.69819 1.73699 1.73908 1.73919
 0.304614 0.433898 0.443812 0.444347 0.444375
 0.747044 1.06411 1.08842 1.08973 1.0898
 0.745684 1.06217 1.08644 1.08774 1.08781
 1.28472 1.82998 1.8718 1.87405 1.87417
 1.20661 1.71872 1.75799 1.7601 1.76021
 0.477852 0.680663 0.696215 0.697053 0.697097
 0.381172 0.54295 0.555356 0.556024 0.55606
 0.255516 0.363962 0.372278 0.372726 0.37275
 0.338948 0.482806 0.493837 0.494431 0.494463
 0.457281 0.651362 0.666244 0.667046 0.667089
 0.344955 0.491361 0.502587 0.503193 0.503224
 0.371566 0.529267 0.54136 0.542011 0.542046
 0.267974 0.381708 0.390429 0.390899 0.390924
 0.221382 0.315341 0.322546 0.322934 0.322955
 0.235451 0.335382 0.343045 0.343458 0.343479
 0.255539 0.363995 0.372311 0.37276 0.372783
 0.261669 0.372727 0.381243 0.381702 0.381727
 0.157528 0.224387 0.229514 0.22979 0.229805
 0.154269 0.219744 0.224765 0.225035 0.225049
 0.349684 0.498097 0.509478 0.510091 0.510124
 0.404642 0.576381 0.589551 0.59026 0.590298
nmprior
 8.19 8.8 8.5 0
nm_flota  nm_reclas  nm_pelaces    nm_pelaL
inf 11.3749 5.85501 9.94915
cv_recla  cv_pelaces  cv_mph
0.365615 0.972417 1.23715
 ------------------------------------------------
Talla a la edad & desviaci?n 
 8 13.2811 15.8009 17.003 17.5766
 0.8 1.32811 1.58009 1.7003 1.75766
