years
 1991 1992 1993 1994 1995 1996 1997 1998 1999 2000 2001 2002 2003 2004 2005 2006 2007 2008 2009 2010 2011 2012 2013 2014 2015 2016 2017 2018 2019 2020 2021
reclasobs
 0 0 0 0 0 0 0 0 0 252601 567819 844713 477998 351125 339783 2.1784e+06 2.13404e+06 4.81314e+06 1.55562e+06 2.62356e+06 3.21686e+06 3.843e+06 1.13348e+06 3.07943e+06 1.97215e+06 2.03268e+06 2.025e+06 2.42433e+06 2.27542e+06 1.05018e+06 2.36338e+06
reclaspred
 4.16012e+06 1.30706e+06 972615 526121 41404 1.98379e+06 617976 116588 726772 187911 222621 857815 448895 464086 277065 1.94611e+06 1.1095e+06 7.60339e+06 4.66321e+06 1.48139e+06 3.80606e+06 3.6037e+06 1.90218e+06 4.33157e+06 2.62706e+06 1.27365e+06 2.41917e+06 3.90962e+06 2.73552e+06 914607 1.43968e+06
pelacesobs
 0 0 0 0 0 0 0 0 0 0 0 0 0 0 0 552880 188675 0 991730 2.46772e+06 1.41603e+06 1.21717e+06 2.29649e+06 1.80582e+06 0 1.4828e+06 1.56532e+06 1.57751e+06 1.42118e+06 867257 1.10002e+06
pelacespred
 956930 296383 175445 64110.9 3531.54 413144 88995.4 20366.1 140676 24731.3 42741.9 147446 71327.7 82893.3 44369.3 338502 188124 1.71961e+06 1.008e+06 313463 790038 701408 373734 1.02714e+06 584763 272368 612932 963695 563668 219225 309506
mphobs
 0 0 0 0 0 0 0 0 0 0 0 498337 0 5186 125008 0 168611 109162 213762 579715 649985 157893 87575 83554 0 0 0 0 0 0 0
mphpred
 915283 395775 82824.9 113949 24071.5 985.984 194965 34373.2 7231.58 62314.8 7689.14 23715.3 78921.1 24265.6 20347.5 16112.1 228339 110487 919469 420445 152682 378327 402150 208588 470736 279968 114438 235996 530352 262379 70651.6
desembarqueobs
 494567 514787 250237 358949 120608 361735 552515 73892 212993 205616 52469 317467 293654 387597 252695 516296 358380 742168 942051 627588 828172 859565 418607 520667 417249 300574 415391 372974 316634 284311 391294
desembarquepred
 494496 514178 250239 358165 120397 361437 551539 73842 212763 205303 52436.9 317041 293099 386605 252182 515686 358140 741641 940353 625818 827318 858346 418216 520319 416793 300136 414977 372690 316374 283908 390897
Reclutas
 1113.93 672.811 229834 2087.8 841.076 288809 901.078 250.776 68138.1 1189.03 34416.5 168395 36315.9 79560.1 40391.2 378453 2591.61 1.05056e+06 120379 16149.2 424820 485012 2735.36 311847 125987 11018.5 218724 306614 6821.63 2479.21 141166
log_desv_Rt
 -3.15491 -3.6591 2.17455 -2.5267 -3.43588 2.40296 -3.36697 -4.646 0.95873 -3.08967 0.275728 1.8635 0.329448 1.11371 0.435806 2.67329 -2.31053 3.69427 1.52784 -0.480938 2.78886 2.92137 -2.25654 2.47971 1.57337 -0.863235 2.125 2.46278 -1.34271 -2.35487 1.68713
SSB
 2.18791e+06 946067 197986 272386 57540.9 2356.91 466049 82166.4 17286.5 148959 18380.3 56689.4 188654 58004.9 48639 38514.7 545825 264111 2.19791e+06 1.00504e+06 364975 904361 961307 498614 1.12526e+06 669242 273555 564129 1.26776e+06 627195 168887
BT
 2.66897e+06 1.25079e+06 628796 393536 115674 1.27381e+06 695324 117791 514204 236295 144709 601109 415802 597610 352404 1.18705e+06 717637 4.63356e+06 3.20301e+06 1.38448e+06 2.55606e+06 2.3814e+06 1.22238e+06 2.86466e+06 1.74941e+06 913219 1.85784e+06 2.59284e+06 1.56422e+06 821845 1.10082e+06
Ftot
 0.236995 0.735641 0.728623 1.23737 3.25925 0.61929 1.53696 1.12879 0.949417 1.80711 0.735204 1.12009 1.38467 2.21449 2.32841 0.86748 0.640739 0.322079 0.433349 0.80864 0.641462 0.624088 0.441598 0.356125 0.361577 0.480354 0.518426 0.28462 0.238296 0.597811 0.810344
BD_Bspro_t
 0.962958 0.702523 0.33791 0.42403 0.108402 0.00761857 0.471749 0.123072 0.0435672 0.286349 0.0698168 0.275427 0.355112 0.130825 0.106393 0.0913223 0.44655 0.281639 0.691574 0.475392 0.23915 0.428888 0.466309 0.3485 0.568412 0.502395 0.363456 0.556918 0.709051 0.548761 0.300546
BD_Bspro
 11.7174 5.06667 1.06032 1.45877 0.308161 0.0126225 2.49593 0.440043 0.0925781 0.797749 0.0984357 0.303601 1.01034 0.310646 0.260487 0.206266 2.92317 1.41445 11.771 5.3825 1.95463 4.84331 5.14829 2.67033 6.02632 3.58413 1.46503 3.0212 6.78952 3.35895 0.904476
BD_Bo
 1.29784 0.561194 0.117443 0.161576 0.0341325 0.00139809 0.276454 0.04874 0.0102541 0.0883601 0.0109029 0.0336274 0.111907 0.0344077 0.028852 0.0228464 0.323776 0.156667 1.30377 0.596175 0.216498 0.536454 0.570234 0.295771 0.667486 0.396985 0.162269 0.334634 0.752019 0.372043 0.100181
BD_Brms
 5.93697 2.56719 0.537243 0.73913 0.156139 0.00639557 1.26464 0.222962 0.0469076 0.404205 0.0498756 0.153829 0.511921 0.157399 0.131984 0.104511 1.48112 0.716675 5.96412 2.72721 0.990373 2.45402 2.60854 1.35301 3.05343 1.81601 0.742301 1.53079 3.44012 1.70192 0.458281
Sel_flota
 0.574907 0.962541 0.997956 0.999892 0.999994
 0.574907 0.962541 0.997956 0.999892 0.999994
 0.574907 0.962541 0.997956 0.999892 0.999994
 0.574907 0.962541 0.997956 0.999892 0.999994
 0.574907 0.962541 0.997956 0.999892 0.999994
 0.574907 0.962541 0.997956 0.999892 0.999994
 0.574907 0.962541 0.997956 0.999892 0.999994
 0.574907 0.962541 0.997956 0.999892 0.999994
 0.574907 0.962541 0.997956 0.999892 0.999994
 0.574907 0.962541 0.997956 0.999892 0.999994
 0.574907 0.962541 0.997956 0.999892 0.999994
 0.574907 0.962541 0.997956 0.999892 0.999994
 0.574907 0.962541 0.997956 0.999892 0.999994
 0.574907 0.962541 0.997956 0.999892 0.999994
 0.574907 0.962541 0.997956 0.999892 0.999994
 0.574907 0.962541 0.997956 0.999892 0.999994
 0.574907 0.962541 0.997956 0.999892 0.999994
 0.574907 0.962541 0.997956 0.999892 0.999994
 0.574907 0.962541 0.997956 0.999892 0.999994
 0.574907 0.962541 0.997956 0.999892 0.999994
 0.574907 0.962541 0.997956 0.999892 0.999994
 0.574907 0.962541 0.997956 0.999892 0.999994
 0.574907 0.962541 0.997956 0.999892 0.999994
 0.574907 0.962541 0.997956 0.999892 0.999994
 0.574907 0.962541 0.997956 0.999892 0.999994
 0.574907 0.962541 0.997956 0.999892 0.999994
 0.574907 0.962541 0.997956 0.999892 0.999994
 0.574907 0.962541 0.997956 0.999892 0.999994
 0.574907 0.962541 0.997956 0.999892 0.999994
 0.574907 0.962541 0.997956 0.999892 0.999994
 0.574907 0.962541 0.997956 0.999892 0.999994
Sel_reclas
 1 1 1 1 1
 1 1 1 1 1
 1 1 1 1 1
 1 1 1 1 1
 1 1 1 1 1
 1 1 1 1 1
 1 1 1 1 1
 1 1 1 1 1
 1 1 1 1 1
 1 1 1 1 1
 1 1 1 1 1
 1 1 1 1 1
 1 1 1 1 1
 1 1 1 1 1
 1 1 1 1 1
 1 1 1 1 1
 1 1 1 1 1
 1 1 1 1 1
 1 1 1 1 1
 1 1 1 1 1
 1 1 1 1 1
 1 1 1 1 1
 1 1 1 1 1
 1 1 1 1 1
 1 1 1 1 1
 1 1 1 1 1
 1 1 1 1 1
 1 1 1 1 1
 1 1 1 1 1
 1 1 1 1 1
 1 1 1 1 1
Sel_pelaces
 1 1 1 1 1
 1 1 1 1 1
 1 1 1 1 1
 1 1 1 1 1
 1 1 1 1 1
 1 1 1 1 1
 1 1 1 1 1
 1 1 1 1 1
 1 1 1 1 1
 1 1 1 1 1
 1 1 1 1 1
 1 1 1 1 1
 1 1 1 1 1
 1 1 1 1 1
 1 1 1 1 1
 1 1 1 1 1
 1 1 1 1 1
 1 1 1 1 1
 1 1 1 1 1
 1 1 1 1 1
 1 1 1 1 1
 1 1 1 1 1
 1 1 1 1 1
 1 1 1 1 1
 1 1 1 1 1
 1 1 1 1 1
 1 1 1 1 1
 1 1 1 1 1
 1 1 1 1 1
 1 1 1 1 1
 1 1 1 1 1
pf_obs 
 0.8446 0.082 0.0669 0.0065 0
 0.8095 0.147 0.0364 0.0071 0
 0.9664 0.0169 0.016 0.0007 0
 0.9276 0.0648 0.0075 0.0001 0
 0.7033 0.2144 0.0806 0.0017 0
 0.9318 0.0425 0.0243 0.0014 0
 0.5671 0.3108 0.0964 0.0239 0.0018
 0.0768 0.2599 0.5324 0.112 0.0189
 0.490249 0.384438 0.106611 0.0170017 0.00170017
 0.7925 0.1577 0.0466 0.003 0.0002
 0.840416 0.127587 0.0312969 0.00059994 9.999e-05
 0.8084 0.0986 0.0794 0.0134 0.0002
 0.7335 0.1905 0.0724 0.0035 0.0001
 0.4001 0.4547 0.1325 0.0127 0
 0.49795 0.308269 0.164784 0.0264974 0.00249975
 0.9179 0.0499 0.0305 0.0017 0
 0.2467 0.6533 0.0926 0.0074 0
 0.9418 0.0223 0.034 0.0019 0
 0.707729 0.231977 0.0356964 0.0245975 0
 0.517169 0.277429 0.184464 0.0207286 0.00020938
 0.811772 0.124168 0.05621 0.00726502 0.000585176
 0.764997 0.148141 0.077277 0.00933861 0.000247198
 0.163321 0.427699 0.378323 0.0303852 0.000271297
 0.753843 0.0900009 0.118128 0.0371064 0.000921714
 0.721811 0.176058 0.0630433 0.0369309 0.00215725
 0.143369 0.312575 0.442814 0.0836902 0.0175525
 0.692698 0.0596174 0.167031 0.0765114 0.00414204
 0.394062 0.376323 0.152708 0.0712218 0.00568511
 0.125707 0.32114 0.495352 0.0537591 0.00404204
 0.23352 0.215282 0.420074 0.123614 0.00750983
 0.774587 0.0839891 0.0768558 0.0609784 0.00358967
pf_pred 
 0.0050833 0.166711 0.742476 0.0857297 3.97508e-07
 0.0111446 0.00891232 0.169738 0.726499 0.0837062
 0.955157 0.00101486 0.000416559 0.00753679 0.0358751
 0.0252385 0.953051 0.000518076 0.000201995 0.0209901
 0.0926173 0.050366 0.839168 0.000427467 0.017421
 0.999224 0.00025113 3.27325e-05 0.000481617 1.01709e-05
 0.00872981 0.99088 0.000130704 1.62231e-05 0.0002431
 0.0261137 0.0204683 0.95307 0.000116928 0.000231034
 0.982488 0.00101849 0.000368103 0.0161198 5.86505e-06
 0.0571435 0.935284 0.000466011 0.000159074 0.00694712
 0.953096 0.00644948 0.0401552 1.84714e-05 0.000280387
 0.932433 0.0659785 0.000228275 0.00134992 1.00176e-05
 0.436304 0.545524 0.0177711 5.7826e-05 0.000343353
 0.868091 0.0852034 0.045297 0.00137762 3.09785e-05
 0.785334 0.204671 0.00666521 0.00323036 9.99492e-05
 0.983694 0.0149859 0.00126436 3.74304e-05 1.86053e-05
 0.0195654 0.972467 0.00735372 0.000587525 2.59607e-05
 0.973256 0.000973443 0.0255708 0.000184167 1.53237e-05
 0.190659 0.797319 0.00045542 0.0114776 8.93418e-05
 0.0857109 0.273107 0.632084 0.000345433 0.00875255
 0.923586 0.0123599 0.0198534 0.0435756 0.000625321
 0.738307 0.251205 0.00176978 0.00270694 0.00601072
 0.0116668 0.832306 0.150072 0.0010073 0.00494837
 0.840803 0.00333625 0.132157 0.0228012 0.000902633
 0.435505 0.511796 0.00115129 0.0437232 0.00782442
 0.0980033 0.521449 0.346432 0.000746988 0.0333685
 0.88516 0.0192777 0.0562978 0.0357531 0.00351184
 0.750044 0.234029 0.00277938 0.00775331 0.00539414
 0.0357228 0.80895 0.145815 0.00166306 0.00784934
 0.042652 0.0576831 0.759522 0.131578 0.0085645
 0.921975 0.00629566 0.00452287 0.0567608 0.010446
pobs_RECLAS
 0 0 0 0 0
 0 0 0 0 0
 0 0 0 0 0
 0 0 0 0 0
 0 0 0 0 0
 0 0 0 0 0
 0 0 0 0 0
 0 0 0 0 0
 0 0 0 0 0
 0 0 0 0 0
 0.991045 0.00858322 0.000360255 1.14367e-05 0
 0.934742 0.0480273 0.0164251 0.00080598 0
 0.827803 0.169806 0.00239088 0 0
 0.941827 0.0461693 0.0120037 0 0
 0.791401 0.0380133 0.147996 0.0225897 0
 0.846168 0.0940531 0.0597789 0 0
 0.134021 0.677848 0.182769 0.00536245 0
 0.80878 0.0450904 0.141981 0.00414843 0
 0.846168 0.0940531 0.0597789 0 0
 0.905697 0.0802665 0.012482 0.00150086 5.37128e-05
 0.989698 0.0102097 9.19794e-05 0 0
 0.975433 0.0193895 0.00387452 0.00125025 5.28907e-05
 0.303575 0.632131 0.0575291 0.00676475 0
 0.966965 0.00978017 0.0227588 0.000495775 0
 0.843318 0.132988 0.00938335 0.0141283 0.000182051
 0.564624 0.303363 0.111486 0.0197234 0.00080311
 0.826376 0.0876187 0.0782897 0.00655872 0.00115652
 0.89761 0.0855135 0.0140674 0.00269457 0.000114338
 0.34875 0.467042 0.161289 0.0227151 0.000203297
 0.318654 0.224769 0.449479 0.00709798 0
 0.937255 0.0296025 0.0250945 0.00804832 0
ppred_RECLAS
 0.00882213 0.171288 0.735172 0.0847181 3.92776e-07
 0.0199695 0.00920327 0.168457 0.719482 0.0828883
 0.974674 0.000597087 0.000235553 0.00425277 0.0202409
 0.0446144 0.935044 0.000486591 0.000189274 0.0196657
 0.198914 0.0474173 0.738032 0.00037456 0.0152618
 0.999562 0.000145829 1.82814e-05 0.000268425 5.66801e-06
 0.0160419 0.983589 0.000123852 1.53341e-05 0.000229748
 0.0475482 0.0208716 0.931241 0.000113987 0.000225197
 0.990377 0.000582976 0.000202188 0.00883452 3.21399e-06
 0.103402 0.889759 0.000421997 0.000143666 0.00627335
 0.973322 0.00379583 0.0227136 1.0426e-05 0.000158243
 0.961014 0.0381089 0.000126351 0.000745473 5.53137e-06
 0.585869 0.40135 0.0124994 4.05738e-05 0.000240884
 0.930298 0.045878 0.0231071 0.000700701 1.57543e-05
 0.880943 0.113804 0.00350616 0.00169419 5.24111e-05
 0.99065 0.00862037 0.00069835 2.06289e-05 1.02527e-05
 0.0332864 0.959158 0.00697508 0.000556103 2.45696e-05
 0.984607 0.000580803 0.0146975 0.000105642 8.78909e-06
 0.286661 0.703151 0.000386697 0.0097258 7.56978e-05
 0.143914 0.262994 0.584696 0.000318845 0.00807795
 0.955688 0.00741433 0.0114529 0.0250849 0.000359935
 0.829622 0.163812 0.00110996 0.00169417 0.00376147
 0.0198512 0.830304 0.144137 0.000965502 0.00474251
 0.902987 0.00210973 0.0804948 0.0138599 0.000548616
 0.5681 0.393001 0.000851495 0.0322725 0.00577466
 0.15874 0.494179 0.316027 0.000680033 0.0303743
 0.931681 0.0118474 0.0332969 0.0211024 0.00207255
 0.835838 0.154076 0.00176305 0.00490838 0.0034145
 0.0592208 0.793895 0.137907 0.00156974 0.00740812
 0.0736619 0.0579036 0.733395 0.126787 0.00825175
 0.955398 0.00374113 0.00258175 0.0323302 0.00594922
pobs_PELACES
 0 0 0 0 0
 0 0 0 0 0
 0 0 0 0 0
 0 0 0 0 0
 0 0 0 0 0
 0 0 0 0 0
 0 0 0 0 0
 0 0 0 0 0
 0 0 0 0 0
 0 0 0 0 0
 0 0 0 0 0
 0 0 0 0 0
 0 0 0 0 0
 0 0 0 0 0
 0 0 0 0 0
 0 0 0 0 0
 0.505614 0.472636 0.0217494 0 0
 0 0 0 0 0
 0.443492 0.261883 0.143347 0.151278 0
 0.227955 0.32914 0.350689 0.0885471 0.00366901
 0.970185 0.0296113 0.000203453 0 0
 0.997202 0.00247181 0.000326279 0 0
 0.445219 0.490057 0.0546422 0.010081 0
 0.90214 0.0892962 0.00764917 0.000914606 0
 0 0 0 0 0
 0.581667 0.319106 0.0959925 0.00289975 0.000334073
 0.762889 0.0836404 0.116647 0.0363945 0.000428098
 0.88444 0.0763242 0.0277011 0.0115352 0
 0.521256 0.241999 0.230069 0.00667565 0
 0.616807 0.101726 0.260614 0.0208532 0
 0.833518 0.0704572 0.0857862 0.0102388 0
ppred_PELACES
 0.00911198 0.171633 0.734614 0.084641 3.92415e-07
 0.0220883 0.0092655 0.168144 0.717808 0.0826934
 0.977073 0.00054529 0.000213294 0.00384912 0.0183193
 0.0518847 0.928228 0.000476109 0.00018505 0.0192261
 0.280833 0.0441216 0.66107 0.000334803 0.0136404
 0.999597 0.000134727 1.67678e-05 0.000246104 5.19658e-06
 0.0194595 0.98018 0.000121225 1.49942e-05 0.000224643
 0.0552006 0.0209727 0.923491 0.000112957 0.000223153
 0.991561 0.000516922 0.000177301 0.00774239 2.81658e-06
 0.1269 0.866586 0.000402417 0.000136842 0.00597501
 0.975833 0.00346403 0.0205508 9.42878e-06 0.000143104
 0.966051 0.0331949 0.000108627 0.000640443 4.75188e-06
 0.628208 0.360497 0.0110469 3.58271e-05 0.000212693
 0.947017 0.0351815 0.0172669 0.000522863 1.1755e-05
 0.908914 0.0871722 0.00261357 0.00126101 3.90073e-05
 0.991631 0.00772259 0.000619308 1.82839e-05 9.087e-06
 0.0360291 0.956493 0.0069038 0.000550196 2.43081e-05
 0.985272 0.000557736 0.0140607 0.000101045 8.4065e-06
 0.298145 0.691883 0.000378578 0.00951897 7.40869e-05
 0.158001 0.260364 0.573404 0.000312526 0.00791765
 0.959289 0.00685598 0.0105113 0.0230132 0.000330201
 0.840651 0.153254 0.00103087 0.00157283 0.00349198
 0.0209968 0.829988 0.143341 0.000959895 0.0047149
 0.907251 0.0020253 0.0769523 0.013247 0.000524346
 0.579509 0.382773 0.000825838 0.0312928 0.0055993
 0.167442 0.490205 0.311731 0.000670582 0.0299517
 0.93609 0.0111397 0.0311187 0.0197154 0.0019363
 0.840802 0.149449 0.00170443 0.00474432 0.00330034
 0.0609671 0.792767 0.137328 0.00156291 0.00737583
 0.0795353 0.0579177 0.728467 0.125887 0.008193
 0.959964 0.00338888 0.00231661 0.028995 0.00533535
pobs_pel_tallas
 0 0 0 0 0 0 0 0 0 0 0 0 0 0 0 0 0 0 0 0 0 0 0 0 0 0
 0 0 0 0 0 0 0 0 0 0 0 0 0 0 0 0 0 0 0 0 0 0 0 0 0 0
 0 0 0 0 0 0 0 0 0 0 0 0 0 0 0 0 0 0 0 0 0 0 0 0 0 0
 0 0 0 0 0 0 0 0 0 0 0 0 0 0 0 0 0 0 0 0 0 0 0 0 0 0
 0 0 0 0 0 0 0 0 0 0 0 0 0 0 0 0 0 0 0 0 0 0 0 0 0 0
 0 0 0 0 0 0 0 0 0 0 0 0 0 0 0 0 0 0 0 0 0 0 0 0 0 0
 0 0 0 0 0 0 0 0 0 0 0 0 0 0 0 0 0 0 0 0 0 0 0 0 0 0
 0 0 0 0 0 0 0 0 0 0 0 0 0 0 0 0 0 0 0 0 0 0 0 0 0 0
 0 0 0 0 0 0 0 0 0 0 0 0 0 0 0 0 0 0 0 0 0 0 0 0 0 0
 0 0 0 0 0 0 0 0 0 0 0 0 0 0 0 0 0 0 0 0 0 0 0 0 0 0
 0 0 0 0 0 0 0 0 0 0 0 0 0 0 0 0 0 0 0 0 0 0 0 0 0 0
 0 0 0 0 0 0 0 0 0 0 0 0 0 0 0 0 0 0 0 0 0 0 0 0 0 0
 0.00862536 0 0 0.000197151 0.00414017 0.0128641 0.00837892 0.0270097 0.101434 0.158115 0.152841 0.127902 0.109271 0.109419 0.0830992 0.0579132 0.0238553 0.00714673 0.00463305 0.00128148 0.00103504 0.000492878 0.000147863 0.000147863 4.92878e-05 0
 0 0 0 0 0 0 0 0 0 0 0 0 0 0 0 0 0 0 0 0 0 0 0 0 0 0
 0 0 0 0 0 0 0 0.0054083 0.00873648 0.0413646 0.0450493 0.0745869 0.0622846 0.0627006 0.0613931 0.0827291 0.12552 0.122667 0.0946155 0.0697135 0.0546179 0.0294188 0.0215738 0.0213955 0.0102223 0.00600262
 0 0 0 0 0.00359764 0.0251062 0.0480494 0.140153 0.205849 0.193036 0.1447 0.116669 0.0760912 0.0342217 0.00950174 0.001854 0.000860785 0 0 0 0.000165536 0 0.000143464 0 0 0
 0 0 0 0 0 0 0 0.000145254 0.000435761 0.0275982 0.070085 0.0708112 0.156366 0.174668 0.174014 0.160142 0.0824315 0.0480064 0.0283245 0.00493863 0.00203355 0 0 0 0 0
 0 0 0 0 0 0 0 0 0 0 0 0 0 0 0 0 0 0 0 0 0 0 0 0 0 0
 0 0 1.00437e-05 0.000401748 0.00122533 0.00171747 0.00176769 0.0269171 0.070346 0.194647 0.189555 0.159765 0.064822 0.0314167 0.0384472 0.0292271 0.0345202 0.0313363 0.0194345 0.0106764 0.0143323 0.0359363 0.0279516 0.0138201 0.00172751 0
 0 0.0021121 0.0136068 0.0755702 0.200478 0.177729 0.0527432 0.0373336 0.0318909 0.0142505 0.0149659 0.0166563 0.0217959 0.0798694 0.0677717 0.0528807 0.04013 0.0224614 0.0357745 0.0225083 0.00881397 0.00855152 0.00135912 0.000746735 0 0
 0 0 0 0 5.4009e-05 0.00500934 0.000945158 0.0243581 0.138947 0.33067 0.221406 0.137944 0.0707744 0.0437923 0.0131692 0.00525238 0.0047753 0.00276346 9.45158e-05 9.00151e-06 2.25038e-05 9.00151e-06 4.50075e-06 0 0 0
 0.000866109 0.00284123 0.00948549 0.0512746 0.133035 0.25785 0.225252 0.132002 0.0553304 0.0519788 0.0540692 0.017754 0.00435017 0.00159236 0.00146478 0.000404838 0.000125132 0.000115318 0.000107957 0.000100596 0 0 0 0 0 0
 0 0 0 0 0.00144013 0.00171154 0.00461396 0.0210425 0.0478622 0.0707936 0.0888783 0.103762 0.0637923 0.0337046 0.0602308 0.124433 0.169614 0.0934646 0.0462172 0.0250306 0.0313229 0.00938855 0.002487 0.000210481 0 0
 0 0.00764035 0.051015 0.0998891 0.058973 0.0496711 0.0374665 0.0718981 0.12319 0.153886 0.159021 0.0857701 0.0377988 0.023471 0.0147837 0.00900784 0.00315554 0.000888139 0.00291439 0.00214683 0.00393193 0.00274676 0.000635225 9.99891e-05 0 0
 0 0 0 0 0 0 0 0 0 0 0 0 0 0 0 0 0 0 0 0 0 0 0 0 0 0
 0 0 0 0 0 0 0 0 0 0 0 0 0 0 0 0 0 0 0 0 0 0 0 0 0 0
 0 0 0 0 0 0 0 0 0 0 0 0 0 0 0 0 0 0 0 0 0 0 0 0 0 0
 0 0 0 0 0 0 0 0 0 0 0 0 0 0 0 0 0 0 0 0 0 0 0 0 0 0
 0 0 0 0 0 0 0 0 0 0 0 0 0 0 0 0 0 0 0 0 0 0 0 0 0 0
 0 0 0 0 0 0 0 0 0 0 0 0 0 0 0 0 0 0 0 0 0 0 0 0 0 0
 0 0 0 0 0 0 0 0 0 0 0 0 0 0 0 0 0 0 0 0 0 0 0 0 0 0
ppred_pel_tallas
 1.29732e-16 7.50581e-07 7.29593e-06 4.84848e-05 0.000220416 0.000685889 0.00146201 0.00213753 0.00215519 0.00154886 0.000980762 0.00108646 0.00227653 0.00505023 0.0101027 0.018068 0.0292111 0.0433656 0.0601328 0.0789935 0.0989536 0.117895 0.132409 0.138735 0.134483 0.119991
 1.90835e-16 1.81939e-06 1.76851e-05 0.000117524 0.000534246 0.00166224 0.00354164 0.00516941 0.00517084 0.00354886 0.00168816 0.000616725 0.000354422 0.000637797 0.00149608 0.00334422 0.00699244 0.0136912 0.0250739 0.0428191 0.0679463 0.0998952 0.135808 0.170544 0.197725 0.211603
 1.03493e-16 8.04802e-05 0.000782296 0.00519863 0.0236322 0.0735287 0.156661 0.228651 0.228651 0.156661 0.0735296 0.0236351 0.00520629 0.000800281 0.000118761 8.09764e-05 0.000140603 0.000253053 0.000446471 0.00076805 0.00127108 0.00199344 0.00292834 0.00400015 0.00506144 0.00592113
 1.03524e-16 4.27387e-06 4.15436e-05 0.000276076 0.00125506 0.00390543 0.00832423 0.0121682 0.0122574 0.00876026 0.00536887 0.00547925 0.0108692 0.0231326 0.0437592 0.0720769 0.103224 0.128542 0.139224 0.131246 0.107868 0.0776217 0.0494575 0.0287268 0.0162866 0.0101258
 1.21431e-16 2.31318e-05 0.00022485 0.00149421 0.00679244 0.0211338 0.0450281 0.0657209 0.0657261 0.0450543 0.0212247 0.00706785 0.00223394 0.00199956 0.00386063 0.00755945 0.0137023 0.023067 0.0362259 0.0530659 0.0722201 0.0907921 0.104843 0.110722 0.106645 0.0935726
 1.00027e-16 8.23355e-05 0.00080033 0.00531848 0.024177 0.0752237 0.160272 0.233922 0.233922 0.160272 0.0752239 0.0241776 0.00532004 0.000803769 8.89277e-05 1.68599e-05 1.66795e-05 2.16894e-05 2.6117e-05 2.96545e-05 3.31368e-05 3.77391e-05 4.40216e-05 5.12993e-05 5.77818e-05 6.13703e-05
 1.00294e-16 1.60306e-06 1.55824e-05 0.000103555 0.000470804 0.00146535 0.00312557 0.00458162 0.00467587 0.00358597 0.00301059 0.00493105 0.0112883 0.0243951 0.0461945 0.0760819 0.108931 0.13558 0.146694 0.137977 0.112823 0.0802064 0.0495816 0.0266649 0.0124932 0.00512124
 1.26705e-16 4.54681e-06 4.41966e-05 0.000293702 0.00133513 0.0041541 0.00885086 0.0129188 0.0129222 0.00886834 0.00421688 0.00153451 0.000862018 0.0015087 0.00343957 0.00737687 0.0145609 0.0264601 0.0442307 0.0678494 0.0952186 0.121885 0.141956 0.150154 0.144067 0.125288
 1.00783e-16 8.16735e-05 0.000793896 0.00527572 0.0239826 0.0746189 0.158983 0.232041 0.232041 0.158984 0.0746198 0.0239852 0.0052824 0.000809134 0.000112672 6.2837e-05 9.75398e-05 0.000157222 0.000246699 0.000379854 0.000570754 0.000823769 0.00112294 0.00142754 0.00167928 0.00182029
 1.01258e-16 1.04528e-05 0.000101605 0.000675203 0.00306943 0.00955057 0.0203516 0.0297212 0.0298045 0.0207586 0.0109168 0.0070129 0.0105642 0.0216571 0.0408537 0.067275 0.0963302 0.119918 0.129796 0.12218 0.100082 0.0714487 0.0446344 0.0246733 0.0124431 0.00617234
 1.0062e-16 8.0378e-05 0.000781303 0.00519203 0.0236022 0.0734353 0.156462 0.228361 0.228361 0.156464 0.0734414 0.0236203 0.00523889 0.000888469 0.000298145 0.000402645 0.000657869 0.00100448 0.00143505 0.00193601 0.00247141 0.00296983 0.00332904 0.00344861 0.00327712 0.00284279
 1.00077e-16 7.95724e-05 0.000773472 0.00513999 0.0233657 0.0726993 0.154894 0.226072 0.226076 0.154909 0.0727516 0.0235167 0.00551887 0.0015994 0.00164473 0.00258415 0.00369383 0.00460093 0.00498589 0.00470437 0.00387201 0.0027923 0.00178311 0.00103387 0.00057463 0.000335
 1.00451e-16 5.17447e-05 0.000502977 0.00334246 0.0151944 0.0472755 0.100727 0.147021 0.147056 0.100896 0.0478442 0.016836 0.00745999 0.00948071 0.0170701 0.0280542 0.0402099 0.0501464 0.054444 0.0515242 0.0426088 0.0309441 0.0199343 0.011617 0.00634344 0.00341637
 1.00562e-16 7.80045e-05 0.000758232 0.00503872 0.0229053 0.0712668 0.151842 0.221618 0.221621 0.151858 0.0713229 0.0230673 0.00544637 0.00165106 0.00178215 0.00284481 0.00414126 0.00531221 0.00604423 0.00618531 0.00581745 0.00517605 0.00448516 0.00384615 0.00324684 0.00264412
 1.00231e-16 7.48661e-05 0.000727725 0.00483599 0.0219837 0.0683995 0.145733 0.212703 0.212711 0.145774 0.068537 0.0223807 0.00583175 0.00289894 0.00419093 0.0067904 0.00972869 0.0121375 0.0131885 0.0125024 0.0103767 0.00759672 0.00498294 0.00302148 0.00178808 0.00110491
 1.00024e-16 8.16793e-05 0.000793952 0.00527609 0.0239843 0.0746242 0.158995 0.232058 0.232058 0.158998 0.0746364 0.0240196 0.00536443 0.00098667 0.000447277 0.000609066 0.000866818 0.00108422 0.00118376 0.00113144 0.000952566 0.000714765 0.000488395 0.000314756 0.000200205 0.000130312
 1.00503e-16 2.96787e-06 2.88489e-05 0.000191715 0.000871566 0.00271226 0.00578215 0.00845851 0.00855049 0.00623149 0.00422038 0.0052248 0.0111086 0.0238263 0.0450978 0.0742865 0.106391 0.132481 0.143459 0.135135 0.110802 0.0791869 0.0494675 0.0271802 0.0133163 0.00598747
 1.00418e-16 8.11556e-05 0.000788861 0.00524226 0.0238305 0.0741457 0.157975 0.230569 0.230569 0.157976 0.074147 0.0238347 0.00525364 0.000817118 0.000144773 0.000136732 0.000248963 0.000436934 0.000711265 0.00107053 0.00148379 0.00188543 0.00218777 0.0023113 0.00221878 0.00193318
 1.01155e-16 2.4558e-05 0.000238712 0.00158633 0.00721127 0.0224373 0.0478075 0.0697903 0.0698569 0.0481325 0.0235281 0.0103599 0.00948233 0.0174506 0.0326392 0.0537271 0.0769416 0.0958089 0.103757 0.0977745 0.0802697 0.0575778 0.0363456 0.0205545 0.0108644 0.00583337
 1.17985e-16 1.30144e-05 0.000126505 0.000840671 0.00382158 0.0118905 0.0253349 0.0369825 0.0370084 0.025462 0.0123195 0.00507102 0.00401637 0.0071892 0.0138062 0.0237902 0.0365545 0.0506993 0.0646 0.0771763 0.0880014 0.0965896 0.101667 0.101374 0.0944232 0.0812431
 1.02669e-16 7.90154e-05 0.000768058 0.00510401 0.0232021 0.0721904 0.153809 0.224489 0.22449 0.153813 0.0722017 0.0232351 0.00518815 0.000955908 0.000448452 0.000650724 0.00101377 0.00146007 0.00197838 0.00258862 0.00332835 0.00420965 0.00517046 0.00606144 0.00668656 0.00687815
 1.00818e-16 6.92433e-05 0.00067307 0.00447278 0.0203326 0.0632625 0.134788 0.19673 0.196745 0.13486 0.0635041 0.0210302 0.00622224 0.00448695 0.00729724 0.0119145 0.017064 0.0212654 0.0230656 0.021804 0.0180196 0.0131173 0.0085644 0.00522942 0.00323766 0.0022446
 1.05243e-16 1.72966e-06 1.68129e-05 0.000111732 0.000507966 0.0015809 0.00337123 0.00493718 0.00501721 0.00376228 0.002894 0.00430099 0.009634 0.020808 0.0394989 0.0653234 0.0941557 0.118501 0.130676 0.127066 0.11022 0.0870249 0.064539 0.0467462 0.034111 0.0251929
 1.03639e-16 7.47291e-05 0.000726393 0.00482714 0.0219435 0.0682743 0.145466 0.212311 0.212312 0.145467 0.06828 0.0219617 0.00487892 0.000859181 0.000384839 0.000669261 0.00131009 0.0023857 0.00401077 0.00621107 0.00883573 0.0115181 0.0137358 0.0149764 0.014936 0.0136447
 1.04208e-16 4.77334e-05 0.000463986 0.00308335 0.0140165 0.0436107 0.0929186 0.135625 0.135662 0.0930985 0.0442144 0.0157593 0.00745463 0.00999515 0.0181163 0.0297905 0.0427186 0.0533333 0.0580555 0.0552865 0.0464139 0.0349514 0.0245055 0.0171146 0.01291 0.010854
 1.14258e-16 1.37921e-05 0.000134064 0.000890905 0.00404995 0.0126012 0.0268499 0.0391981 0.0392458 0.0270827 0.0133841 0.00631618 0.0065973 0.0126501 0.0239564 0.0400309 0.0587039 0.0759777 0.0876923 0.0917919 0.0893154 0.083239 0.0762305 0.0692316 0.0617425 0.0530739
 1.03206e-16 7.71045e-05 0.000749483 0.00498058 0.022641 0.0704445 0.15009 0.21906 0.219061 0.150095 0.0704632 0.0226958 0.00512072 0.00106425 0.000701168 0.00110669 0.00175186 0.00255522 0.00349165 0.00456049 0.00576426 0.00705335 0.00827936 0.00921072 0.00961616 0.00936616
 1.01122e-16 6.92558e-05 0.000673191 0.00447359 0.0203363 0.0632738 0.134812 0.196765 0.19678 0.134882 0.0635095 0.0210167 0.00618016 0.004394 0.00712218 0.0116296 0.0166648 0.0207883 0.0225895 0.0214309 0.0178417 0.0131882 0.00888849 0.00576814 0.00392393 0.00299839
 1.05571e-16 5.02194e-06 4.88151e-05 0.000324398 0.00147471 0.00458878 0.00977971 0.0142898 0.0143662 0.0101532 0.00584303 0.00509775 0.00942 0.0199087 0.037734 0.0624018 0.0899511 0.113225 0.124891 0.121505 0.105507 0.0834817 0.0621637 0.0453441 0.0334422 0.0250527
 1.35048e-16 6.55124e-06 6.36803e-05 0.000423179 0.00192371 0.00598542 0.0127528 0.0186145 0.0186212 0.0127863 0.00610118 0.0022729 0.00135573 0.00228508 0.00477009 0.00929884 0.016718 0.0279715 0.0438247 0.0643622 0.0882989 0.112524 0.132467 0.143487 0.142726 0.13036
 1.03879e-16 7.9071e-05 0.000768598 0.0051076 0.0232184 0.0722411 0.153917 0.224647 0.224647 0.153919 0.0722468 0.023235 0.00515009 0.000864397 0.000270617 0.000349363 0.000564821 0.000870215 0.00129482 0.00189719 0.00274442 0.00386766 0.00521002 0.00660145 0.00778635 0.00850103
pSPR Fmed_Fpbrs
0.360481   0.268602 0.268602
Fs Fmed_Fpbrs
0.732666   1.005 1.005
SSBpbr Bo_Bmed_Bpbrs
1.68581e+06  523412  368523 368523
Ro
26122.8
SPR SPRFo_SPRFmed_SPRFpbrs
186724 67310.2 50154.4
Fref
1.005
Nvult_r0
 108574 537.709 378.595 4746.18 873.414
CTP_r0
 34506.1 235.624 169.275 2124.35 390.955
YTP_r0
390897
Np
 116116 32591.9 109.073 74.1989 1080.33
Nvult_p0
 92145.7 28034.7 94.3554 64.2062 934.849
CTP_p0
 33743.6 13784.7 47.2471 32.1814 468.589
YTP_p0
 493948
CBA_c0
421812
log_Ro
9.99056
likeval ReclasPelacesDesembMPH_pf_preclas_ppelaces_ptallas_desvR_qrecl_qpela
 25.254 95.0305 0.300353 0.00116481 454.603 160.328 144.386 0 251.051 2.77795e-05 0 0.0470353 0 0 0
q_reclas_q_pelaces
2.11038 1
M
1
N
 1113.93 22644.3 97598.6 11249.4 0.052156
 672.811 357.594 6631.24 28342.2 3265.3
 229834 162.153 64.8005 1170.76 5572.4
 2087.8 55615.9 29.5833 11.5211 1197.13
 841.076 377.094 6218.02 3.16569 129.011
 288809 47.5088 6.02145 88.4658 1.86808
 901.078 74420.6 9.62942 1.19399 17.8908
 250.776 137.001 6236.06 0.76415 1.50977
 68138.1 48.2121 17.0045 743.685 0.270565
 1189.03 14522.7 7.11182 2.42541 105.918
 34416.5 154.775 938.282 0.430996 6.54181
 168395 8296.73 28.059 165.728 1.22977
 36315.9 32536.6 1038.45 3.3754 20.0409
 79560.1 6026.71 3156.82 95.9332 2.15717
 40391.2 8193.85 263.068 127.403 3.94176
 378453 3896.16 320.52 9.47596 4.70983
 2591.61 84552.4 621.888 49.6122 2.19202
 1.05056e+06 659.623 16787.5 120.703 10.0422
 120379 321151 177.977 4478.17 34.8552
 16149.2 34519.1 77850.8 42.4867 1076.45
 424820 3732.12 5830.86 12779 183.368
 485012 108081 740.479 1130.9 2510.95
 2735.36 124634 21805.8 146.128 717.793
 311847 780.662 29973.9 5162.8 204.362
 125987 93482.4 203.844 7728.61 1382.94
 11018.5 37649 24282.1 52.2751 2334.97
 218724 3075.33 8722.84 5531 543.237
 306614 59725.8 686.882 1912.82 1330.67
 6821.63 95771.1 16706.6 190.209 897.672
 2479.21 2188.24 28010.8 4845.24 315.354
 141166 646.783 452.794 5674.61 1044.25
pred_Ctot
 90.6935 2974.36 13246.8 1529.54 0.00709211
 151.779 121.377 2311.66 9894.21 1140
 51433.4 54.6484 22.4309 405.842 1931.81
 711.093 26852.2 14.5968 5.69122 591.395
 517.425 281.38 4688.18 2.38813 97.326
 56288.9 14.1468 1.84391 27.1307 0.57295
 358.432 40683.9 5.36649 0.666094 9.9813
 79.7199 62.4857 2909.53 0.356957 0.705301
 18931.4 19.6252 7.09293 310.611 0.113013
 526.997 8625.52 4.29772 1.46703 64.0688
 7760.12 52.5118 326.944 0.150394 2.28291
 53216.5 3765.58 13.0283 77.0437 0.57173
 13424.9 16785.6 546.809 1.77928 10.5648
 39970.6 3923.13 2085.67 63.4313 1.42638
 20889.7 5444.19 177.293 85.9267 2.65862
 97799.6 1489.91 125.704 3.72136 1.84976
 520.091 25850.3 195.478 15.6177 0.690093
 113959 113.981 2994.11 21.5642 1.79426
 17124.5 71613.2 40.9047 1030.89 8.02446
 3940.63 12556.3 29060.6 15.8816 402.405
 85336.6 1142.02 1834.39 4026.25 57.7778
 95158.8 32377.3 228.103 348.892 774.709
 395.776 28234.6 5090.92 34.1711 167.865
 37109.8 147.25 5832.9 1006.36 39.8388
 15202.8 17866 40.1899 1526.31 273.138
 1718.88 9145.69 6076.07 13.1014 585.25
 36507.9 795.095 2321.97 1474.62 144.844
 29648.8 9251.05 109.867 306.484 213.227
 558.281 12642.4 2278.83 25.9905 122.671
 468.696 633.87 8346.26 1445.89 94.1139
 34506.1 235.624 169.275 2124.35 390.955
F
 0.13625 0.228117 0.23651 0.236969 0.236994
 0.422925 0.708084 0.734137 0.735561 0.735636
 0.41889 0.70133 0.727134 0.728544 0.728619
 0.711371 1.19102 1.23484 1.23723 1.23736
 1.87377 3.13717 3.25259 3.2589 3.25923
 0.356034 0.596092 0.618024 0.619223 0.619286
 0.883607 1.47938 1.53382 1.53679 1.53695
 0.648951 1.08651 1.12649 1.12867 1.12879
 0.545826 0.913853 0.947477 0.949315 0.949412
 1.03892 1.73941 1.80341 1.80691 1.8071
 0.422674 0.707664 0.733701 0.735124 0.735199
 0.643945 1.07813 1.1178 1.11996 1.12008
 0.796054 1.3328 1.38184 1.38452 1.38466
 1.27313 2.13154 2.20997 2.21426 2.21448
 1.33862 2.2412 2.32366 2.32816 2.3284
 0.49872 0.834986 0.865707 0.867387 0.867475
 0.368365 0.616737 0.639429 0.64067 0.640735
 0.185166 0.310015 0.321421 0.322044 0.322077
 0.249135 0.417116 0.432463 0.433302 0.433346
 0.464893 0.77835 0.806987 0.808553 0.808636
 0.368781 0.617433 0.64015 0.641392 0.641458
 0.358793 0.600711 0.622813 0.624021 0.624085
 0.253877 0.425056 0.440695 0.44155 0.441595
 0.204739 0.342785 0.355397 0.356087 0.356123
 0.207873 0.348032 0.360838 0.361538 0.361575
 0.276159 0.46236 0.479372 0.480302 0.480351
 0.298047 0.499006 0.517366 0.51837 0.518423
 0.16363 0.273958 0.284038 0.284589 0.284618
 0.136998 0.22937 0.237809 0.238271 0.238295
 0.343686 0.575418 0.596589 0.597747 0.597808
 0.465872 0.779989 0.808687 0.810256 0.810339
nmprior
 8.19 8.8 8.5 0
nm_flota  nm_reclas  nm_pelaces    nm_pelaL
inf 6.09345 3.27591 4.67661
cv_recla  cv_pelaces  cv_mph
0.454559 1.10536 1.05325
 ------------------------------------------------
Talla a la edad & desviaci?n 
 8 13.2811 15.8009 17.003 17.5766
 0.8 1.32811 1.58009 1.7003 1.75766
