    unsorted:	 2.212568874e-06 5.396383139e-05 0.0001019909612 0.001099990033 11.75026810 11.68355371 15.05829833 14.09807081 63.89408010 92.37816715 161.8658696 191.9184524 209.2927353 219.8011993 392.4050772 474.0576449 514.4754128 859.2166662 866.1425788 804.7178732 917.0006248 755.4611788 687.5968286 984.5021005 1037.831390 1059.418073 1163.710496 1174.963225 1288.234543 1540.569885 1615.817588 2031.728298 2057.072474 2097.750923 1908.108171 2138.549812 2373.721602 2545.721415 2714.021315 3134.806190 3277.740349 3626.111759 3975.123425 11144.71262 41190.86635 158233.2074 206289.7671 352630.2682 339419.8055 325211.7461 366542.6670 381501.9439 391639.6610 398465.6930 289474.4184 443581.1481 482995.2437 512227.4092 663695.3431 719965.7338 742905.2107 769450.5638 825921.1312 1084861.370 1213335.271 1316302.143 1369396.427 1503149.732 1560696.969 1851851.613 1993621.571 2102933.094 2665400.497 2624566.884 2869931.884 3101542.506 3417377.182
      sorted:	 2.212568874e-06 5.396383139e-05 0.0001019909612 0.001099990033 11.68355371 11.75026810 14.09807081 15.05829833 63.89408010 92.37816715 161.8658696 191.9184524 209.2927353 219.8011993 392.4050772 474.0576449 514.4754128 687.5968286 755.4611788 804.7178732 859.2166662 866.1425788 917.0006248 984.5021005 1037.831390 1059.418073 1163.710496 1174.963225 1288.234543 1540.569885 1615.817588 1908.108171 2031.728298 2057.072474 2097.750923 2138.549812 2373.721602 2545.721415 2714.021315 3134.806190 3277.740349 3626.111759 3975.123425 11144.71262 41190.86635 158233.2074 206289.7671 289474.4184 325211.7461 339419.8055 352630.2682 366542.6670 381501.9439 391639.6610 398465.6930 443581.1481 482995.2437 512227.4092 663695.3431 719965.7338 742905.2107 769450.5638 825921.1312 1084861.370 1213335.271 1316302.143 1369396.427 1503149.732 1560696.969 1851851.613 1993621.571 2102933.094 2624566.884 2665400.497 2869931.884 3101542.506 3417377.182
