years
 1991 1992 1993 1994 1995 1996 1997 1998 1999 2000 2001 2002 2003 2004 2005 2006 2007 2008 2009 2010 2011 2012 2013 2014 2015 2016 2017 2018 2019 2020 2021
reclasobs
 0 0 0 0 0 0 0 0 0 252601 567819 844713 477998 351125 339783 2.1784e+06 2.13404e+06 4.81314e+06 1.55562e+06 2.62356e+06 3.21686e+06 3.843e+06 1.13348e+06 3.07943e+06 1.97215e+06 2.03268e+06 2.025e+06 2.42433e+06 2.27542e+06 1.05018e+06 2.36338e+06
reclaspred
 3.71935e+06 1.70461e+06 891622 659446 406787 2.48164e+06 1.14706e+06 722325 489866 255312 466530 787566 762060 539198 435597 1.66924e+06 959652 4.11526e+06 2.68681e+06 1.9749e+06 3.09554e+06 2.90356e+06 1.74617e+06 3.10064e+06 2.24411e+06 1.74677e+06 2.30832e+06 3.10331e+06 2.21381e+06 947097 1.5026e+06
pelacesobs
 0 0 0 0 0 0 0 0 0 0 0 0 0 0 0 552880 188675 0 991730 2.46772e+06 1.41603e+06 1.21717e+06 2.29649e+06 1.80582e+06 0 1.4828e+06 1.56532e+06 1.57751e+06 1.42118e+06 867257 1.10002e+06
pelacespred
 2.22949e+06 1.00155e+06 459359 259139 191170 1.4209e+06 530303 478424 251025 105604 260338 353140 385072 257116 208161 752519 431702 2.36527e+06 1.46519e+06 928508 1.60335e+06 1.4635e+06 949484 1.94193e+06 1.2946e+06 1.0321e+06 1.57267e+06 2.10602e+06 1.28581e+06 566806 859304
mphobs
 0 0 0 0 0 0 0 0 0 0 0 498337 0 5186 125008 0 168611 109162 213762 579715 649985 157893 87575 83554 0 0 0 0 0 0 0
mphpred
 747919 397350 149674 92702 54673.9 47171.5 283033 107635 72608.6 33749.1 15761.6 60073.4 72614.5 54299.4 27385.8 30280.8 185076 95709.3 447957 223889 248183 281899 321397 194383 334638 272833 187090 231677 436673 228183 83217.7
desembarqueobs
 494567 514787 250237 358949 120608 361735 552515 73892 212993 205616 52469 317467 293654 387597 252695 516296 358380 742168 942051 627588 828172 859565 418607 520667 417249 300574 407403 355545 319650 289779 391294
desembarquepred
 494515 514619 249946 358847 120583 361615 552122 73885.8 212918 205530 52464.2 317325 293475 387156 252500 515950 358242 741704 940987 626839 827924 858923 418392 520506 417010 300438 407219 355363 319445 289553 391166
Reclutas
 87885.7 77280.2 105399 66990.2 36814.9 260486 48739.1 15166.5 26382.5 37059.6 51392.3 110956 86972.1 66569.2 46856.7 277584 28819.3 490364 208237 221764 236831 416679 45804.9 185061 164901 53400.3 149756 197218 41978.1 24803.7 120013
log_desv_Rt
 -0.0105474 -0.139147 0.171167 -0.282038 -0.880681 1.07596 -0.600103 -1.7675 -1.21388 -0.874056 -0.547096 0.222549 -0.0209971 -0.288343 -0.639491 1.13954 -1.12554 1.70856 0.85209 0.915028 0.980763 1.54573 -0.662194 0.734098 0.618758 -0.508768 0.522421 0.797723 -0.749436 -1.27559 0.301016
SSB
 1.25858e+06 668650 251867 155996 92003.8 79378.9 476281 181126 122184 56792.1 26523.1 101090 122194 91373.6 46084 50955.7 311441 161057 753811 376755 417636 474373 540838 327103 563120 459116 314830 389860 734821 383980 140036
BT
 1.77468e+06 1.11451e+06 504118 438151 215595 1.24728e+06 800959 363742 364756 260039 213012 488009 511251 566697 385353 903462 543740 2.21957e+06 1.80253e+06 1.11393e+06 1.71838e+06 1.68557e+06 936274 1.75177e+06 1.18255e+06 902380 1.43803e+06 1.70884e+06 1.04218e+06 633156 932638
Ftot
 0.358905 0.795349 0.79943 1.46323 0.857368 0.522798 1.2014 0.294072 1.24961 2.14019 0.400221 1.24211 1.16359 2.02437 1.7756 1.07235 0.975886 0.637434 0.987503 0.969708 0.825362 0.927469 0.649437 0.556917 0.554699 0.490042 0.576025 0.386537 0.387147 0.798779 0.866617
BD_Bspro_t
 0.944494 0.634372 0.347878 0.265357 0.159806 0.176262 0.467642 0.224022 0.21397 0.137311 0.0923312 0.350265 0.268797 0.186261 0.100318 0.113234 0.317249 0.192698 0.443106 0.267811 0.24941 0.272963 0.316366 0.2442 0.389292 0.397998 0.36716 0.453903 0.587829 0.430207 0.252622
BD_Bspro
 1.98244 1.05322 0.396727 0.245717 0.144919 0.125033 0.750212 0.2853 0.192457 0.0894559 0.0417778 0.159231 0.192473 0.143927 0.0725891 0.0802628 0.490565 0.253688 1.18736 0.593444 0.657839 0.747206 0.851899 0.515235 0.886996 0.723174 0.495904 0.614087 1.15745 0.604825 0.220578
BD_Bo
 1.00654 0.534749 0.201429 0.124757 0.0735795 0.0634828 0.380903 0.144854 0.0977159 0.0454192 0.0212117 0.080846 0.0977237 0.0730755 0.0368554 0.0407516 0.249073 0.128804 0.602856 0.301307 0.334002 0.379377 0.432532 0.261599 0.450352 0.367175 0.251784 0.311788 0.587669 0.307086 0.111993
BD_Brms
 5.18087 2.75246 1.0368 0.642151 0.378729 0.326759 1.96059 0.745596 0.502964 0.233782 0.109181 0.416131 0.503004 0.376135 0.189703 0.209757 1.28203 0.662983 3.10302 1.55089 1.71918 1.95273 2.22633 1.3465 2.31805 1.88993 1.29598 1.60484 3.02485 1.58063 0.576453
Sel_flota
 0.664999 0.974171 0.998606 0.999927 0.999996
 0.664999 0.974171 0.998606 0.999927 0.999996
 0.664999 0.974171 0.998606 0.999927 0.999996
 0.664999 0.974171 0.998606 0.999927 0.999996
 0.664999 0.974171 0.998606 0.999927 0.999996
 0.664999 0.974171 0.998606 0.999927 0.999996
 0.664999 0.974171 0.998606 0.999927 0.999996
 0.664999 0.974171 0.998606 0.999927 0.999996
 0.664999 0.974171 0.998606 0.999927 0.999996
 0.664999 0.974171 0.998606 0.999927 0.999996
 0.664999 0.974171 0.998606 0.999927 0.999996
 0.664999 0.974171 0.998606 0.999927 0.999996
 0.664999 0.974171 0.998606 0.999927 0.999996
 0.664999 0.974171 0.998606 0.999927 0.999996
 0.664999 0.974171 0.998606 0.999927 0.999996
 0.664999 0.974171 0.998606 0.999927 0.999996
 0.664999 0.974171 0.998606 0.999927 0.999996
 0.664999 0.974171 0.998606 0.999927 0.999996
 0.664999 0.974171 0.998606 0.999927 0.999996
 0.664999 0.974171 0.998606 0.999927 0.999996
 0.664999 0.974171 0.998606 0.999927 0.999996
 0.664999 0.974171 0.998606 0.999927 0.999996
 0.664999 0.974171 0.998606 0.999927 0.999996
 0.664999 0.974171 0.998606 0.999927 0.999996
 0.664999 0.974171 0.998606 0.999927 0.999996
 0.664999 0.974171 0.998606 0.999927 0.999996
 0.664999 0.974171 0.998606 0.999927 0.999996
 0.664999 0.974171 0.998606 0.999927 0.999996
 0.664999 0.974171 0.998606 0.999927 0.999996
 0.664999 0.974171 0.998606 0.999927 0.999996
 0.664999 0.974171 0.998606 0.999927 0.999996
Sel_reclas
 0.987036 1 1 1 1
 0.987036 1 1 1 1
 0.987036 1 1 1 1
 0.987036 1 1 1 1
 0.987036 1 1 1 1
 0.987036 1 1 1 1
 0.987036 1 1 1 1
 0.987036 1 1 1 1
 0.987036 1 1 1 1
 0.987036 1 1 1 1
 0.987036 1 1 1 1
 0.987036 1 1 1 1
 0.987036 1 1 1 1
 0.987036 1 1 1 1
 0.987036 1 1 1 1
 0.987036 1 1 1 1
 0.987036 1 1 1 1
 0.987036 1 1 1 1
 0.987036 1 1 1 1
 0.987036 1 1 1 1
 0.987036 1 1 1 1
 0.987036 1 1 1 1
 0.987036 1 1 1 1
 0.987036 1 1 1 1
 0.987036 1 1 1 1
 0.987036 1 1 1 1
 0.987036 1 1 1 1
 0.987036 1 1 1 1
 0.987036 1 1 1 1
 0.987036 1 1 1 1
 0.987036 1 1 1 1
Sel_pelaces
 0.901834 1 1 1 1
 0.901834 1 1 1 1
 0.901834 1 1 1 1
 0.901834 1 1 1 1
 0.901834 1 1 1 1
 0.901834 1 1 1 1
 0.901834 1 1 1 1
 0.901834 1 1 1 1
 0.901834 1 1 1 1
 0.901834 1 1 1 1
 0.901834 1 1 1 1
 0.901834 1 1 1 1
 0.901834 1 1 1 1
 0.901834 1 1 1 1
 0.901834 1 1 1 1
 0.901834 1 1 1 1
 0.901834 1 1 1 1
 0.901834 1 1 1 1
 0.901834 1 1 1 1
 0.901834 1 1 1 1
 0.901834 1 1 1 1
 0.901834 1 1 1 1
 0.901834 1 1 1 1
 0.901834 1 1 1 1
 0.901834 1 1 1 1
 0.901834 1 1 1 1
 0.901834 1 1 1 1
 0.901834 1 1 1 1
 0.901834 1 1 1 1
 0.901834 1 1 1 1
 0.901834 1 1 1 1
pf_obs 
 0.8446 0.082 0.0669 0.0065 0
 0.8095 0.147 0.0364 0.0071 0
 0.9664 0.0169 0.016 0.0007 0
 0.9276 0.0648 0.0075 0.0001 0
 0.7033 0.2144 0.0806 0.0017 0
 0.9318 0.0425 0.0243 0.0014 0
 0.5671 0.3108 0.0964 0.0239 0.0018
 0.0768 0.2599 0.5324 0.112 0.0189
 0.490249 0.384438 0.106611 0.0170017 0.00170017
 0.7925 0.1577 0.0466 0.003 0.0002
 0.840416 0.127587 0.0312969 0.00059994 9.999e-05
 0.8084 0.0986 0.0794 0.0134 0.0002
 0.7335 0.1905 0.0724 0.0035 0.0001
 0.4001 0.4547 0.1325 0.0127 0
 0.49795 0.308269 0.164784 0.0264974 0.00249975
 0.9179 0.0499 0.0305 0.0017 0
 0.2467 0.6533 0.0926 0.0074 0
 0.9418 0.0223 0.034 0.0019 0
 0.707729 0.231977 0.0356964 0.0245975 0
 0.517169 0.277429 0.184464 0.0207286 0.00020938
 0.811772 0.124168 0.05621 0.00726502 0.000585176
 0.764997 0.148141 0.077277 0.00933861 0.000247198
 0.163321 0.427699 0.378323 0.0303852 0.000271297
 0.753843 0.0900009 0.118128 0.0371064 0.000921714
 0.721811 0.176058 0.0630433 0.0369309 0.00215725
 0.143369 0.312575 0.442814 0.0836902 0.0175525
 0.692698 0.0596174 0.167031 0.0765114 0.00414204
 0.394062 0.376323 0.152708 0.0712218 0.00568511
 0.125707 0.32114 0.495352 0.0537591 0.00404204
 0.23352 0.215282 0.420074 0.123614 0.00750983
 0.774587 0.0839891 0.0768558 0.0609784 0.00358967
pf_pred 
 0.416198 0.197533 0.344918 0.0413488 1.65071e-06
 0.544911 0.240278 0.0741003 0.125668 0.0150422
 0.759661 0.161499 0.042364 0.0125991 0.0238779
 0.662892 0.284481 0.0357957 0.00905247 0.00777871
 0.702449 0.236355 0.0520331 0.00623803 0.00292533
 0.951945 0.0385252 0.00762761 0.00161782 0.00028433
 0.351331 0.628877 0.0159677 0.00306213 0.000762309
 0.39857 0.299425 0.293173 0.00712882 0.00170343
 0.693904 0.154914 0.0763392 0.0726571 0.00218555
 0.855306 0.117568 0.0140399 0.00661583 0.00647055
 0.912645 0.0814022 0.00489338 0.000549463 0.000510407
 0.848884 0.142376 0.00816098 0.000476096 0.000102949
 0.774533 0.205791 0.0185847 0.00101906 7.21314e-05
 0.762446 0.205101 0.0297304 0.00257151 0.000150634
 0.839731 0.14085 0.0169005 0.00230783 0.000210627
 0.973617 0.0241992 0.00193127 0.000219438 3.26036e-05
 0.301349 0.688246 0.00957661 0.000733429 9.55037e-05
 0.965467 0.0148336 0.0194171 0.000259753 2.2436e-05
 0.567896 0.422992 0.00398946 0.00504905 7.32448e-05
 0.747433 0.17618 0.0748392 0.000678379 0.000869155
 0.776811 0.187334 0.0253061 0.0103352 0.000213248
 0.842838 0.134477 0.0191534 0.00249372 0.00103741
 0.269088 0.660032 0.0609849 0.00835783 0.00153762
 0.822402 0.066684 0.100484 0.00897634 0.00145385
 0.693056 0.271034 0.0137573 0.0200731 0.00207996
 0.419231 0.454985 0.111494 0.00548021 0.00880938
 0.80467 0.104294 0.0717986 0.0170546 0.00218203
 0.765738 0.203829 0.0164978 0.0109948 0.00294063
 0.308921 0.577049 0.0996 0.00782781 0.00660149
 0.389116 0.250507 0.30238 0.0506684 0.00732855
 0.897969 0.0533361 0.0204022 0.023747 0.00454579
pobs_RECLAS
 0 0 0 0 0
 0 0 0 0 0
 0 0 0 0 0
 0 0 0 0 0
 0 0 0 0 0
 0 0 0 0 0
 0 0 0 0 0
 0 0 0 0 0
 0 0 0 0 0
 0 0 0 0 0
 0.991045 0.00858322 0.000360255 1.14367e-05 0
 0.934742 0.0480273 0.0164251 0.00080598 0
 0.827803 0.169806 0.00239088 0 0
 0.941827 0.0461693 0.0120037 0 0
 0.791401 0.0380133 0.147996 0.0225897 0
 0.846168 0.0940531 0.0597789 0 0
 0.134021 0.677848 0.182769 0.00536245 0
 0.80878 0.0450904 0.141981 0.00414843 0
 0.846168 0.0940531 0.0597789 0 0
 0.905697 0.0802665 0.012482 0.00150086 5.37128e-05
 0.989698 0.0102097 9.19794e-05 0 0
 0.975433 0.0193895 0.00387452 0.00125025 5.28907e-05
 0.303575 0.632131 0.0575291 0.00676475 0
 0.966965 0.00978017 0.0227588 0.000495775 0
 0.843318 0.132988 0.00938335 0.0141283 0.000182051
 0.564624 0.303363 0.111486 0.0197234 0.00080311
 0.826376 0.0876187 0.0782897 0.00655872 0.00115652
 0.89761 0.0855135 0.0140674 0.00269457 0.000114338
 0.34875 0.467042 0.161289 0.0227151 0.000203297
 0.318654 0.224769 0.449479 0.00709798 0
 0.937255 0.0296025 0.0250945 0.00804832 0
ppred_RECLAS
 0.514757 0.167008 0.284209 0.0340242 1.3582e-06
 0.644426 0.190259 0.0570818 0.096664 0.0115696
 0.82655 0.117626 0.0300172 0.00891402 0.0168926
 0.755239 0.207571 0.0253103 0.00639004 0.00549042
 0.780631 0.175249 0.037522 0.00449168 0.00210621
 0.967034 0.026567 0.00512333 0.00108513 0.000190697
 0.453678 0.530131 0.0130661 0.0025017 0.00062274
 0.494813 0.254738 0.243134 0.00590402 0.00141066
 0.779607 0.113238 0.0541509 0.0514563 0.00154769
 0.907873 0.0753762 0.0086783 0.00408135 0.00399131
 0.938784 0.0571444 0.00334741 0.000375352 0.000348646
 0.896311 0.0978595 0.00544358 0.000317059 6.85539e-05
 0.840307 0.146129 0.0128129 0.000701464 4.96473e-05
 0.840808 0.138108 0.0193191 0.00166781 9.7687e-05
 0.893916 0.0936086 0.0108603 0.00148033 0.000135092
 0.982511 0.0160802 0.00124665 0.00014143 2.10117e-05
 0.394427 0.596804 0.00807136 0.000617209 8.03637e-05
 0.976769 0.010132 0.012912 0.000172483 1.4897e-05
 0.665149 0.32799 0.00300651 0.00379923 5.51097e-05
 0.818294 0.127835 0.0527817 0.000477712 0.000612007
 0.839494 0.135324 0.0177814 0.00725131 0.000149606
 0.890155 0.0943715 0.0130676 0.00169881 0.000706664
 0.353606 0.585225 0.0526403 0.00720389 0.00132523
 0.874152 0.0480405 0.0704999 0.00628895 0.00101852
 0.769669 0.204027 0.0100858 0.0146952 0.0015226
 0.516398 0.38101 0.090952 0.00446426 0.00717572
 0.860327 0.0755089 0.0506205 0.0120071 0.00153611
 0.827684 0.150441 0.0118661 0.00789715 0.002112
 0.396662 0.505929 0.0850979 0.00667884 0.00563211
 0.491651 0.211884 0.248812 0.0416311 0.00602094
 0.930453 0.0368538 0.0137098 0.0159338 0.00304989
pobs_PELACES
 0 0 0 0 0
 0 0 0 0 0
 0 0 0 0 0
 0 0 0 0 0
 0 0 0 0 0
 0 0 0 0 0
 0 0 0 0 0
 0 0 0 0 0
 0 0 0 0 0
 0 0 0 0 0
 0 0 0 0 0
 0 0 0 0 0
 0 0 0 0 0
 0 0 0 0 0
 0 0 0 0 0
 0 0 0 0 0
 0.505614 0.472636 0.0217494 0 0
 0 0 0 0 0
 0.443492 0.261883 0.143347 0.151278 0
 0.227955 0.32914 0.350689 0.0885471 0.00366901
 0.970185 0.0296113 0.000203453 0 0
 0.997202 0.00247181 0.000326279 0 0
 0.445219 0.490057 0.0546422 0.010081 0
 0.90214 0.0892962 0.00764917 0.000914606 0
 0 0 0 0 0
 0.581667 0.319106 0.0959925 0.00289975 0.000334073
 0.762889 0.0836404 0.116647 0.0363945 0.000428098
 0.88444 0.0763242 0.0277011 0.0115352 0
 0.521256 0.241999 0.230069 0.00667565 0
 0.616807 0.101726 0.260614 0.0208532 0
 0.833518 0.0704572 0.0857862 0.0102388 0
ppred_PELACES
 0.501824 0.171787 0.291496 0.0348911 1.3928e-06
 0.643039 0.191591 0.0571139 0.0966848 0.0115719
 0.825604 0.118519 0.0300508 0.0089209 0.0169053
 0.766307 0.198544 0.0239257 0.0060366 0.00518657
 0.78039 0.175687 0.0373566 0.0044702 0.0020961
 0.965863 0.0275333 0.00528733 0.00111962 0.000196754
 0.461767 0.522433 0.0127522 0.00244033 0.000607447
 0.480049 0.262492 0.249941 0.00606853 0.00144996
 0.786778 0.110105 0.0521246 0.0495038 0.00148892
 0.918281 0.0670749 0.00759042 0.0035664 0.00348755
 0.935893 0.059856 0.00349495 0.000391828 0.000363946
 0.899701 0.0947134 0.00521606 0.000303643 6.56513e-05
 0.844192 0.142688 0.0123944 0.000678206 4.79999e-05
 0.856026 0.125174 0.0172265 0.00148584 8.70246e-05
 0.902379 0.0862856 0.00986836 0.00134409 0.000122654
 0.982848 0.0157809 0.00121292 0.000137538 2.0433e-05
 0.396675 0.594656 0.00797927 0.000609908 7.94112e-05
 0.976256 0.0103855 0.0131672 0.000175844 1.51871e-05
 0.667515 0.325727 0.00296208 0.00374148 5.42708e-05
 0.81992 0.126985 0.0520222 0.000470639 0.000602932
 0.838818 0.136037 0.0177566 0.00723861 0.000149341
 0.890683 0.0940175 0.0129216 0.00167915 0.000698471
 0.348249 0.590369 0.0528256 0.0072272 0.0013295
 0.87074 0.049481 0.0722884 0.00644694 0.00104409
 0.763739 0.20939 0.0103047 0.0150106 0.00155525
 0.506545 0.389101 0.0925171 0.00454011 0.00729756
 0.856763 0.0776029 0.0517832 0.0122798 0.00157098
 0.820372 0.156888 0.0123362 0.0082086 0.00219527
 0.384696 0.516225 0.086559 0.00679237 0.00572779
 0.490403 0.21321 0.248762 0.0416081 0.00601751
 0.930551 0.0369263 0.0136411 0.0158479 0.0030334
pobs_pel_tallas
 0 0 0 0 0 0 0 0 0 0 0 0 0 0 0 0 0 0 0 0 0 0 0 0 0 0
 0 0 0 0 0 0 0 0 0 0 0 0 0 0 0 0 0 0 0 0 0 0 0 0 0 0
 0 0 0 0 0 0 0 0 0 0 0 0 0 0 0 0 0 0 0 0 0 0 0 0 0 0
 0 0 0 0 0 0 0 0 0 0 0 0 0 0 0 0 0 0 0 0 0 0 0 0 0 0
 0 0 0 0 0 0 0 0 0 0 0 0 0 0 0 0 0 0 0 0 0 0 0 0 0 0
 0 0 0 0 0 0 0 0 0 0 0 0 0 0 0 0 0 0 0 0 0 0 0 0 0 0
 0 0 0 0 0 0 0 0 0 0 0 0 0 0 0 0 0 0 0 0 0 0 0 0 0 0
 0 0 0 0 0 0 0 0 0 0 0 0 0 0 0 0 0 0 0 0 0 0 0 0 0 0
 0 0 0 0 0 0 0 0 0 0 0 0 0 0 0 0 0 0 0 0 0 0 0 0 0 0
 0 0 0 0 0 0 0 0 0 0 0 0 0 0 0 0 0 0 0 0 0 0 0 0 0 0
 0 0 0 0 0 0 0 0 0 0 0 0 0 0 0 0 0 0 0 0 0 0 0 0 0 0
 0 0 0 0 0 0 0 0 0 0 0 0 0 0 0 0 0 0 0 0 0 0 0 0 0 0
 0.00862536 0 0 0.000197151 0.00414017 0.0128641 0.00837892 0.0270097 0.101434 0.158115 0.152841 0.127902 0.109271 0.109419 0.0830992 0.0579132 0.0238553 0.00714673 0.00463305 0.00128148 0.00103504 0.000492878 0.000147863 0.000147863 4.92878e-05 0
 0 0 0 0 0 0 0 0 0 0 0 0 0 0 0 0 0 0 0 0 0 0 0 0 0 0
 0 0 0 0 0 0 0 0.0054083 0.00873648 0.0413646 0.0450493 0.0745869 0.0622846 0.0627006 0.0613931 0.0827291 0.12552 0.122667 0.0946155 0.0697135 0.0546179 0.0294188 0.0215738 0.0213955 0.0102223 0.00600262
 0 0 0 0 0.00359764 0.0251062 0.0480494 0.140153 0.205849 0.193036 0.1447 0.116669 0.0760912 0.0342217 0.00950174 0.001854 0.000860785 0 0 0 0.000165536 0 0.000143464 0 0 0
 0 0 0 0 0 0 0 0.000145254 0.000435761 0.0275982 0.070085 0.0708112 0.156366 0.174668 0.174014 0.160142 0.0824315 0.0480064 0.0283245 0.00493863 0.00203355 0 0 0 0 0
 0 0 0 0 0 0 0 0 0 0 0 0 0 0 0 0 0 0 0 0 0 0 0 0 0 0
 0 0 1.00437e-05 0.000401748 0.00122533 0.00171747 0.00176769 0.0269171 0.070346 0.194647 0.189555 0.159765 0.064822 0.0314167 0.0384472 0.0292271 0.0345202 0.0313363 0.0194345 0.0106764 0.0143323 0.0359363 0.0279516 0.0138201 0.00172751 0
 0 0.0021121 0.0136068 0.0755702 0.200478 0.177729 0.0527432 0.0373336 0.0318909 0.0142505 0.0149659 0.0166563 0.0217959 0.0798694 0.0677717 0.0528807 0.04013 0.0224614 0.0357745 0.0225083 0.00881397 0.00855152 0.00135912 0.000746735 0 0
 0 0 0 0 5.4009e-05 0.00500934 0.000945158 0.0243581 0.138947 0.33067 0.221406 0.137944 0.0707744 0.0437923 0.0131692 0.00525238 0.0047753 0.00276346 9.45158e-05 9.00151e-06 2.25038e-05 9.00151e-06 4.50075e-06 0 0 0
 0.000866109 0.00284123 0.00948549 0.0512746 0.133035 0.25785 0.225252 0.132002 0.0553304 0.0519788 0.0540692 0.017754 0.00435017 0.00159236 0.00146478 0.000404838 0.000125132 0.000115318 0.000107957 0.000100596 0 0 0 0 0 0
 0 0 0 0 0.00144013 0.00171154 0.00461396 0.0210425 0.0478622 0.0707936 0.0888783 0.103762 0.0637923 0.0337046 0.0602308 0.124433 0.169614 0.0934646 0.0462172 0.0250306 0.0313229 0.00938855 0.002487 0.000210481 0 0
 0 0.00764035 0.051015 0.0998891 0.058973 0.0496711 0.0374665 0.0718981 0.12319 0.153886 0.159021 0.0857701 0.0377988 0.023471 0.0147837 0.00900784 0.00315554 0.000888139 0.00291439 0.00214683 0.00393193 0.00274676 0.000635225 9.99891e-05 0 0
 0 0 0 0 0 0 0 0 0 0 0 0 0 0 0 0 0 0 0 0 0 0 0 0 0 0
 0 0 0 0 0 0 0 0 0 0 0 0 0 0 0 0 0 0 0 0 0 0 0 0 0 0
 0 0 0 0 0 0 0 0 0 0 0 0 0 0 0 0 0 0 0 0 0 0 0 0 0 0
 0 0 0 0 0 0 0 0 0 0 0 0 0 0 0 0 0 0 0 0 0 0 0 0 0 0
 0 0 0 0 0 0 0 0 0 0 0 0 0 0 0 0 0 0 0 0 0 0 0 0 0 0
 0 0 0 0 0 0 0 0 0 0 0 0 0 0 0 0 0 0 0 0 0 0 0 0 0 0
 0 0 0 0 0 0 0 0 0 0 0 0 0 0 0 0 0 0 0 0 0 0 0 0 0 0
ppred_pel_tallas
 1.11956e-16 4.13346e-05 0.000401787 0.00267002 0.0121375 0.0377644 0.0804618 0.11744 0.117457 0.0805449 0.0380449 0.012953 0.00473734 0.00498204 0.00893706 0.0152228 0.02312 0.0315623 0.0394042 0.045988 0.05128 0.0553893 0.05796 0.0580978 0.0549545 0.0484484
 1.13352e-16 5.29663e-05 0.000514851 0.00342137 0.0155531 0.0483914 0.103104 0.150487 0.150505 0.103194 0.0486961 0.0164342 0.00563755 0.00536791 0.00931593 0.0154435 0.0225529 0.0290539 0.0334021 0.0349927 0.0345417 0.033544 0.0332235 0.033795 0.0345077 0.0342674
 1.04654e-16 6.80039e-05 0.000661022 0.00439273 0.0199687 0.0621301 0.132375 0.193208 0.193219 0.132431 0.062318 0.0205119 0.00575759 0.00364496 0.00574838 0.00943142 0.0136664 0.0173749 0.0195133 0.0196216 0.0180958 0.0159018 0.0139611 0.0126881 0.0119528 0.0113581
 1.02225e-16 6.31198e-05 0.000613547 0.00407723 0.0185345 0.0576679 0.122868 0.179334 0.179353 0.122962 0.0579817 0.0194409 0.00635215 0.00557882 0.00949051 0.0155833 0.0224272 0.0281728 0.0309804 0.0300061 0.0259034 0.0203801 0.0151777 0.0112655 0.00871168 0.00707473
 1.01927e-16 6.42798e-05 0.000624822 0.00415216 0.0188751 0.0587277 0.125126 0.182629 0.182646 0.125209 0.0590059 0.019679 0.00617074 0.00503433 0.00844733 0.0138856 0.0200476 0.0253152 0.0280783 0.0275836 0.0243638 0.0198439 0.0154606 0.0119893 0.00947048 0.0075706
 1.00306e-16 7.95569e-05 0.000773321 0.00513899 0.0233611 0.0726851 0.154863 0.226028 0.226031 0.154876 0.0727287 0.023487 0.00545517 0.00146389 0.0013921 0.00217816 0.00313615 0.00395634 0.00438191 0.00429514 0.0037812 0.00306606 0.00237754 0.00183857 0.00145471 0.00117072
 1.0085e-16 3.80352e-05 0.000369716 0.00245689 0.0111687 0.0347503 0.074041 0.108076 0.108126 0.0742865 0.0355743 0.0135475 0.0084231 0.0133777 0.0246945 0.0406387 0.0582417 0.0726164 0.0788098 0.0745397 0.0615892 0.0446797 0.0287602 0.0167883 0.00926199 0.00514453
 1.08134e-16 3.95411e-05 0.000384353 0.00255416 0.0116109 0.0361259 0.076971 0.112347 0.112372 0.0770963 0.0365478 0.0128336 0.0056391 0.00717028 0.0130775 0.0219472 0.032515 0.0427565 0.0505503 0.0547804 0.055781 0.0547016 0.0524091 0.0489358 0.0438468 0.0370068
 1.06749e-16 6.48059e-05 0.000629936 0.00418615 0.0190296 0.0592083 0.12615 0.184122 0.184132 0.126202 0.0593839 0.0195379 0.00546579 0.00343603 0.0054319 0.00897861 0.0131708 0.0170886 0.0198507 0.0210862 0.0211386 0.0207599 0.0205417 0.0205441 0.0203637 0.0194962
 1.01185e-16 7.56376e-05 0.000735224 0.00488582 0.0222102 0.0691044 0.147234 0.214894 0.214901 0.147266 0.0692104 0.0225165 0.00565443 0.00241289 0.0032613 0.0052707 0.00758327 0.00953368 0.0105022 0.0102108 0.00888807 0.00711683 0.0054847 0.00430821 0.00358901 0.00315044
 1.00218e-16 7.70883e-05 0.000749326 0.00497953 0.0226362 0.0704298 0.150058 0.219016 0.219021 0.150086 0.0705243 0.022909 0.00566384 0.00224183 0.00290764 0.00467442 0.00670149 0.00837495 0.00912661 0.00869582 0.007283 0.00541942 0.00365836 0.00232527 0.00146909 0.000971223
 1.00217e-16 7.41072e-05 0.000720349 0.00478697 0.0217609 0.0677062 0.144256 0.210547 0.210556 0.1443 0.0678557 0.0221925 0.00586962 0.00308152 0.00455171 0.00738996 0.0105967 0.0132371 0.0144133 0.013711 0.0114463 0.00846059 0.00563212 0.00348109 0.00209144 0.00128179
 1.00471e-16 6.9535e-05 0.000675905 0.00449163 0.0204183 0.0635289 0.135356 0.197558 0.197572 0.135423 0.0637543 0.021069 0.00612429 0.00423774 0.0068273 0.0111588 0.0160249 0.0200597 0.0219196 0.0209816 0.0177114 0.0133535 0.00920078 0.00600922 0.003892 0.00258274
 1.00693e-16 7.05098e-05 0.00068538 0.00455459 0.0207045 0.0644195 0.137253 0.200327 0.200339 0.137312 0.0646174 0.0212761 0.00598922 0.00381679 0.0060164 0.00983127 0.0141467 0.0177693 0.0195311 0.0188879 0.0162349 0.0126321 0.00916929 0.00646762 0.00460262 0.0033449
 1.00463e-16 7.43278e-05 0.000722493 0.00480122 0.0218256 0.0679077 0.144685 0.211174 0.211182 0.144726 0.0680441 0.0222194 0.00578946 0.0028791 0.00416794 0.00676698 0.00972689 0.0122014 0.0133816 0.0128929 0.0110131 0.00848319 0.00606679 0.0042018 0.00294278 0.00212512
 1.00057e-16 8.09559e-05 0.00078692 0.00522936 0.0237719 0.0739633 0.157587 0.230003 0.230004 0.157594 0.0739882 0.0238439 0.00540988 0.00118071 0.000827985 0.00123845 0.00177082 0.00221529 0.00241875 0.00231223 0.00194773 0.00146372 0.00100407 0.000652916 0.000422627 0.000282866
 1.00457e-16 3.26738e-05 0.000317601 0.00211057 0.00959438 0.029852 0.0636049 0.0928452 0.0929024 0.0638843 0.0307897 0.0123012 0.008899 0.0151164 0.0280784 0.04621 0.0661941 0.0824612 0.0893595 0.0842849 0.0692772 0.0497422 0.0313617 0.0175544 0.00892433 0.00430145
 1.00403e-16 8.04129e-05 0.000781642 0.00519429 0.0236125 0.0734672 0.15653 0.22846 0.228461 0.156535 0.073484 0.0236612 0.0053175 0.00105345 0.000604875 0.000894106 0.00132969 0.00177432 0.00214391 0.00239407 0.0025301 0.00258092 0.00255933 0.00244795 0.00222169 0.00188186
 1.00554e-16 5.49824e-05 0.000534448 0.0035516 0.0161451 0.0502335 0.107029 0.156218 0.15625 0.107182 0.0507471 0.0176277 0.00726983 0.00864015 0.0154162 0.0253127 0.0362563 0.0451686 0.0489559 0.0461986 0.0380232 0.027398 0.0174358 0.00999861 0.00539534 0.00295731
 1.01684e-16 6.75357e-05 0.000656471 0.00436248 0.0198312 0.0617024 0.131464 0.191878 0.19189 0.131524 0.0619042 0.0204149 0.00583009 0.00386823 0.00619036 0.0101867 0.0148053 0.0189003 0.0213367 0.0215638 0.0199011 0.0172509 0.0144934 0.012061 0.0099437 0.0079732
 1.01299e-16 6.90924e-05 0.000671602 0.00446303 0.0202883 0.0631245 0.134494 0.196301 0.196314 0.134558 0.0633396 0.0209095 0.00602234 0.00407539 0.00653293 0.0106895 0.0153889 0.0193461 0.0213012 0.0206748 0.017908 0.0141581 0.0106017 0.00788796 0.00605897 0.00482169
 1.00684e-16 7.33644e-05 0.000713128 0.00473899 0.0215428 0.0670276 0.14281 0.208437 0.208446 0.142854 0.0671762 0.0219721 0.00581661 0.00306536 0.00453999 0.0073875 0.01063 0.0133564 0.0146902 0.0142251 0.0122606 0.00959415 0.00704292 0.00506847 0.00371924 0.00281315
 1.02626e-16 2.86849e-05 0.000278828 0.00185291 0.0084231 0.0262077 0.0558404 0.0815126 0.0815695 0.0561181 0.0271402 0.0111157 0.00860908 0.0150189 0.027997 0.0461713 0.0663475 0.0830905 0.0908699 0.0871204 0.0737756 0.0559791 0.0390585 0.026105 0.017542 0.0122275
 1.02923e-16 7.17217e-05 0.00069716 0.00463287 0.0210604 0.0655267 0.139612 0.203768 0.203773 0.139636 0.0656071 0.0212939 0.0052239 0.00200368 0.00260074 0.00431023 0.00649091 0.00876309 0.0107711 0.0123192 0.0134218 0.0141707 0.0145496 0.014386 0.0134864 0.0118241
 1.0212e-16 6.29082e-05 0.00061149 0.00406357 0.0184724 0.0574746 0.122457 0.178733 0.178753 0.122555 0.0578052 0.0194268 0.00645804 0.00583457 0.00997075 0.016354 0.0234841 0.0293936 0.0321301 0.0308121 0.0261682 0.0200679 0.0144247 0.0103122 0.00780202 0.00637272
 1.0446e-16 4.17235e-05 0.000405567 0.00269514 0.0122517 0.0381199 0.0812199 0.118551 0.118588 0.0814034 0.0387363 0.014033 0.00716888 0.0101804 0.0186309 0.0307992 0.0445118 0.0562791 0.0625495 0.0616508 0.0547373 0.0449206 0.0353315 0.0276514 0.0219679 0.0175752
 1.03012e-16 7.05705e-05 0.00068597 0.00455851 0.0207223 0.0644749 0.137371 0.200498 0.200506 0.137408 0.064599 0.0210817 0.0054637 0.00267276 0.00387545 0.00637796 0.00937451 0.0121947 0.0141968 0.0150738 0.0149965 0.0144188 0.0137161 0.0129659 0.0120112 0.0106856
 1.01591e-16 6.7573e-05 0.000656833 0.00436489 0.0198422 0.0617364 0.131536 0.191985 0.192 0.13161 0.0619842 0.0205577 0.00616039 0.00457431 0.00750145 0.0122787 0.0176455 0.0221168 0.0242314 0.0233248 0.0199299 0.0154258 0.0112235 0.00811403 0.00615507 0.00497748
 1.04281e-16 3.1687e-05 0.000308009 0.00204683 0.00930462 0.0289504 0.0616837 0.0900396 0.0900894 0.0619269 0.0297671 0.0116637 0.00796917 0.013239 0.0245971 0.0406313 0.0585664 0.0737228 0.0813321 0.0791654 0.0688309 0.0546315 0.0409578 0.0302601 0.0227695 0.017515
 1.12425e-16 4.03939e-05 0.000392643 0.00260925 0.0118613 0.036905 0.0786307 0.114768 0.114789 0.078733 0.0372495 0.0128607 0.00513497 0.00596249 0.0107833 0.0181935 0.0272091 0.0363154 0.0439323 0.0492453 0.0524904 0.0543827 0.0552304 0.0545752 0.0516356 0.0460695
 1.02506e-16 7.66483e-05 0.000745049 0.00495111 0.022507 0.0700277 0.149202 0.217765 0.217768 0.149219 0.0700865 0.0226771 0.00537897 0.00168244 0.0018671 0.0029929 0.0043709 0.00564346 0.00650889 0.00684656 0.0067857 0.0066025 0.00652249 0.00658464 0.00665309 0.00653505
pSPR Fmed_Fpbrs
0.311332   0.24428 0.24428
Fs Fmed_Fpbrs
0.795868   1.005 1.005
SSBpbr Bo_Bmed_Bpbrs
1.2504e+06  326769  242928 242928
Ro
88817.6
SPR SPRFo_SPRFmed_SPRFpbrs
634862 197653 155084
Fref
1.005
Nvult_r0
 95201.7 4516.14 1704.6 1982.65 379.517
CTP_r0
 34806 2067.35 790.804 920.454 176.198
YTP_r0
391166
Np
 107438 24811.4 848.38 312.279 418.821
Nvult_p0
 87179.5 21382.4 733.977 270.224 362.423
CTP_p0
 34923.8 10578 367.648 135.444 181.663
YTP_p0
 451911
CBA_c0
409389
log_Ro
11.2143
likeval ReclasPelacesDesembMPH_pf_preclas_ppelaces_ptallas_desvR_qrecl_qpela
 12.3415 17.7188 0.0590573 0.000872104 254.756 116.094 105.457 0 33.0993 4.95146e-05 9.07099e-05 0.0203708 0 0 0
q_reclas_q_pelaces
2.71048 3.87677
M
1
N
 87885.7 29749.7 50849.4 6088.9 0.243064
 77280.2 25466.6 7715.13 13071.9 1564.6
 105399 16752.2 4317 1282.67 2430.8
 66990.2 22785.7 2828.51 714.797 614.196
 36814.9 9313.82 2015.15 241.365 113.183
 260486 7658.03 1486.28 314.906 55.3414
 48739.1 67686.6 1692.93 324.395 80.7539
 15166.5 8065.16 7725.47 187.634 44.8323
 26382.5 4588.39 2227.94 2118.82 63.7322
 37059.6 4227.92 499.67 235.324 230.149
 51392.3 3284.8 193.361 21.6876 20.1449
 110956 14488.3 818.258 47.6982 10.3137
 86972.1 17870.2 1589.34 87.0776 6.16331
 66569.2 14758.2 2116.15 182.93 10.7153
 46856.7 6372.81 755.574 103.111 9.41027
 277584 5292.65 415.737 47.1978 7.01226
 28819.3 50049.5 685.003 52.4153 6.82496
 490364 5540.5 7115.9 95.0969 8.2135
 208237 118067 1095.39 1385.12 20.0925
 221764 39725.2 16597.6 150.316 192.58
 236831 42809.4 5682.12 2318.45 47.8348
 416679 50324.1 7047.79 916.781 381.372
 45804.9 82727.3 7500.5 1026.89 188.911
 185061 10941 16165.6 1442.59 233.636
 164901 47008.8 2339.61 3410.11 353.335
 53400.3 41949.6 10074 494.632 795.069
 149756 14181.5 9574.31 2271.87 290.655
 197218 37560.4 2976.63 1981.51 529.938
 41978.1 56107 9482.01 744.378 627.725
 24803.7 11937.6 14155.7 2369.76 342.739
 120013 5364.52 2016.88 2345.38 448.944
pred_Ctot
 12027.1 5708.25 9967.32 1194.88 0.0477016
 20938.9 9233.01 2847.4 4828.97 578.016
 28674.8 6096.05 1599.1 475.575 901.313
 28444.3 12206.9 1535.97 388.436 333.779
 10587.4 3562.37 784.249 94.0204 44.0909
 49737 2012.86 398.526 84.5275 14.8556
 18063.8 32333.9 820.984 157.44 39.1944
 1730.25 1299.85 1272.71 30.9473 7.39486
 10054.8 2244.74 1106.17 1052.82 31.6691
 19836.9 2726.72 325.623 153.439 150.07
 7757.29 691.902 41.5928 4.67032 4.33835
 42107.8 7062.41 404.815 23.6162 5.10667
 31502.2 8370.03 755.886 41.4475 2.93376
 34539.4 9291.26 1346.81 116.491 6.82383
 22504.7 3774.79 452.933 61.8496 5.6448
 94715 2354.14 187.877 21.3472 3.17173
 9161.58 20924 291.148 22.2977 2.9035
 110833 1702.85 2229.03 29.8189 2.57558
 66795.6 49752.1 469.238 593.866 8.61501
 70157.9 16537.2 7024.79 63.6761 81.5833
 66091.8 15938.6 2153.07 879.328 18.1434
 127396 20326.4 2895.07 376.929 156.806
 10515.5 25792.9 2383.18 326.609 60.0875
 37309.7 3025.24 4558.62 407.228 65.9567
 33131.9 12956.9 657.677 959.605 99.4339
 9639.3 10461.4 2563.56 126.005 202.552
 31074 4027.54 2772.65 658.6 84.2637
 28854.9 7680.77 621.679 414.31 110.81
 6150.52 11488.9 1983 155.849 131.433
 6743.69 4341.49 5240.49 878.125 127.01
 34806 2067.35 790.804 920.454 176.198
F
 0.238671 0.349635 0.358405 0.358879 0.358904
 0.528906 0.774806 0.794241 0.79529 0.795346
 0.53162 0.778782 0.798316 0.799371 0.799427
 0.973048 1.42544 1.46119 1.46313 1.46323
 0.570149 0.835223 0.856173 0.857305 0.857365
 0.34766 0.509295 0.52207 0.52276 0.522796
 0.798928 1.17037 1.19972 1.20131 1.20139
 0.195557 0.286476 0.293662 0.29405 0.29407
 0.830991 1.21734 1.24787 1.24952 1.24961
 1.42322 2.08491 2.13721 2.14003 2.14018
 0.266146 0.389883 0.399663 0.400191 0.400219
 0.826001 1.21003 1.24038 1.24202 1.2421
 0.773786 1.13354 1.16197 1.16351 1.16359
 1.3462 1.97208 2.02155 2.02422 2.02436
 1.18077 1.72974 1.77313 1.77547 1.7756
 0.713112 1.04465 1.07086 1.07227 1.07235
 0.648963 0.95068 0.974526 0.975814 0.975882
 0.423893 0.62097 0.636546 0.637388 0.637432
 0.656688 0.961997 0.986127 0.98743 0.987499
 0.644855 0.944662 0.968357 0.969637 0.969705
 0.548865 0.804044 0.824212 0.825301 0.825359
 0.616766 0.903514 0.926177 0.927401 0.927466
 0.431875 0.632662 0.648532 0.649389 0.649434
 0.370349 0.542532 0.556141 0.556876 0.556915
 0.368874 0.540372 0.553926 0.554658 0.554697
 0.325878 0.477385 0.489359 0.490006 0.49004
 0.383056 0.561147 0.575223 0.575983 0.576023
 0.257047 0.376553 0.385998 0.386509 0.386535
 0.257452 0.377147 0.386607 0.387118 0.387145
 0.531187 0.778147 0.797666 0.79872 0.798776
 0.576299 0.844233 0.865409 0.866553 0.866613
nmprior
 8.19 8.8 8.5 0
nm_flota  nm_reclas  nm_pelaces    nm_pelaL
inf 21.5509 12.1892 25.8088
cv_recla  cv_pelaces  cv_mph
0.317767 0.477298 0.911359
 ------------------------------------------------
Talla a la edad & desviaci?n 
 8 13.2811 15.8009 17.003 17.5766
 0.8 1.32811 1.58009 1.7003 1.75766
