years
 1991 1992 1993 1994 1995 1996 1997 1998 1999 2000 2001 2002 2003 2004 2005 2006 2007 2008 2009 2010 2011 2012 2013 2014 2015 2016 2017 2018 2019 2020 2021
reclasobs
 0 0 0 0 0 0 0 0 0 252601 567819 844713 477998 351125 339783 2.1784e+06 2.13404e+06 4.81314e+06 1.55562e+06 2.62356e+06 3.21686e+06 3.843e+06 1.13348e+06 3.07943e+06 1.97215e+06 2.03268e+06 2.025e+06 2.42433e+06 2.27542e+06 1.05018e+06 2.36338e+06
reclaspred
 3.65785e+06 1.49813e+06 810037 460678 148819 1.64454e+06 679909 310288 164208 206216 363295 616087 576179 406504 330424 1.73479e+06 1.24836e+06 4.01332e+06 3.23611e+06 1.96357e+06 3.72833e+06 3.22658e+06 2.03171e+06 3.51747e+06 2.39752e+06 1.77166e+06 2.57497e+06 3.39073e+06 2.53008e+06 1.13727e+06 1.67204e+06
pelacesobs
 0 0 0 0 0 0 0 0 0 0 0 0 0 0 0 552880 188675 0 991730 2.46772e+06 1.41603e+06 1.21717e+06 2.29649e+06 1.80582e+06 0 1.4828e+06 1.56532e+06 1.57751e+06 1.42118e+06 867257 1.10002e+06
pelacespred
 1.02161e+06 432086 205389 80032.1 28622.8 431348 133813 85585.3 29423.9 41663.3 93029.3 129799 134392 92108 75596.1 387279 278682 1.0975e+06 872518 489001 941038 827005 526991 1.04109e+06 668826 492472 832202 1.07234e+06 662668 341886 475207
mphobs
 0 0 0 0 0 0 0 0 0 0 0 498337 0 5186 125008 0 168611 109162 213762 579715 649985 157893 87575 83554 0 0 0 0 0 0 0
mphpred
 2.21428e+06 1.1198e+06 357214 253365 93665.5 34333.1 510085 159067 70664.5 23494.4 40882.8 134733 169962 124162 64604.7 72420.6 637925 417049 1.33335e+06 923307 780406 1.10613e+06 1.10595e+06 707715 1.14082e+06 830394 563636 778474 1.3827e+06 785907 322224
desembarqueobs
 494567 514787 250237 358949 120608 361735 552515 73892 212993 205616 52469 317467 293654 387597 252695 516296 358380 742168 942051 627588 828172 859565 418607 520667 417249 300574 407403 355545 319650 289779 391294
desembarquepred
 494529 514911 249519 358880 120566 361586 551939 73876.2 212802 205477 52463.2 317281 293447 387110 252477 515994 358284 741784 941025 626869 827848 858996 418435 520529 417071 300430 407246 355422 319523 289618 391151
Reclutas
 46359.8 35892.7 157327 31274.1 14552.7 289075 27114.3 7237.08 21456.9 56541.8 59434.3 121632 88253.7 67615.9 49428.6 402584 28902.7 654135 326611 192327 384543 514766 41213.9 281385 188971 64833.7 239320 303899 39561.3 21667.2 172752
log_desv_Rt
 -0.650152 -0.906051 0.571744 -1.04379 -1.80881 1.1801 -1.18652 -2.50737 -1.42054 -0.451604 -0.401713 0.314413 -0.00636941 -0.272741 -0.586056 1.51132 -1.12265 1.99673 1.30218 0.772612 1.46547 1.75713 -0.767809 1.15314 0.75501 -0.31476 0.991218 1.23011 -0.808733 -1.41078 0.665274
SSB
 2.21428e+06 1.1198e+06 357214 253365 93665.5 34333.1 510085 159067 70664.5 23494.4 40882.8 134733 169962 124162 64604.7 72420.6 637925 417049 1.33335e+06 923307 780406 1.10613e+06 1.10595e+06 707715 1.14082e+06 830394 563636 778474 1.3827e+06 785907 322224
BT
 2.80197e+06 1.53654e+06 709309 455281 170098 1.31531e+06 792734 266134 268723 290906 258285 560531 574350 613850 425535 1.30141e+06 924352 3.20159e+06 2.90491e+06 1.70227e+06 2.86274e+06 2.6892e+06 1.57938e+06 2.89549e+06 1.93402e+06 1.40951e+06 2.34603e+06 2.82804e+06 1.79522e+06 1.09081e+06 1.47791e+06
Ftot
 0.218732 0.539967 0.549257 1.18181 1.2329 0.465878 1.19605 0.396289 2.01098 1.7747 0.296525 0.945488 0.908518 1.6094 1.38824 0.617163 0.469179 0.376293 0.51402 0.55444 0.417385 0.48945 0.338782 0.287894 0.305681 0.29122 0.308868 0.207064 0.207347 0.410215 0.458964
BD_Bspro_t
 0.965725 0.741526 0.452915 0.395338 0.173284 0.096629 0.49623 0.207509 0.140559 0.0670687 0.134942 0.403912 0.329272 0.233903 0.13463 0.154133 0.485367 0.375489 0.588663 0.465559 0.384769 0.466574 0.49245 0.423707 0.572596 0.555074 0.523938 0.62936 0.731036 0.609226 0.440751
BD_Bspro
 3.48781 1.76385 0.562664 0.399086 0.147537 0.0540796 0.803458 0.250554 0.111307 0.0370072 0.0643965 0.212224 0.267715 0.195574 0.101762 0.114073 1.00483 0.656914 2.10022 1.45434 1.22925 1.74231 1.74204 1.11475 1.79696 1.30799 0.887809 1.22621 2.17796 1.23792 0.50755
BD_Bo
 1.3673 0.691473 0.220577 0.156451 0.0578379 0.0212005 0.314975 0.0982232 0.0436349 0.0145077 0.0252449 0.083197 0.104951 0.0766696 0.039893 0.0447193 0.393915 0.257526 0.823336 0.570137 0.481897 0.683028 0.68292 0.43701 0.704451 0.512764 0.348042 0.480704 0.85381 0.485293 0.198971
BD_Brms
 7.65571 3.87164 1.23504 0.875991 0.323842 0.118704 1.76358 0.549964 0.244318 0.0812304 0.14135 0.465831 0.587632 0.429283 0.223366 0.250389 2.20558 1.44192 4.60997 3.19227 2.6982 3.82436 3.82376 2.44688 3.94431 2.87103 1.94873 2.69152 4.78059 2.71722 1.11407
Sel_flota
 0.728554 0.980768 0.998969 0.999946 0.999997
 0.728554 0.980768 0.998969 0.999946 0.999997
 0.728554 0.980768 0.998969 0.999946 0.999997
 0.728554 0.980768 0.998969 0.999946 0.999997
 0.728554 0.980768 0.998969 0.999946 0.999997
 0.728554 0.980768 0.998969 0.999946 0.999997
 0.728554 0.980768 0.998969 0.999946 0.999997
 0.728554 0.980768 0.998969 0.999946 0.999997
 0.728554 0.980768 0.998969 0.999946 0.999997
 0.728554 0.980768 0.998969 0.999946 0.999997
 0.728554 0.980768 0.998969 0.999946 0.999997
 0.728554 0.980768 0.998969 0.999946 0.999997
 0.728554 0.980768 0.998969 0.999946 0.999997
 0.728554 0.980768 0.998969 0.999946 0.999997
 0.728554 0.980768 0.998969 0.999946 0.999997
 0.728554 0.980768 0.998969 0.999946 0.999997
 0.728554 0.980768 0.998969 0.999946 0.999997
 0.728554 0.980768 0.998969 0.999946 0.999997
 0.728554 0.980768 0.998969 0.999946 0.999997
 0.728554 0.980768 0.998969 0.999946 0.999997
 0.728554 0.980768 0.998969 0.999946 0.999997
 0.728554 0.980768 0.998969 0.999946 0.999997
 0.728554 0.980768 0.998969 0.999946 0.999997
 0.728554 0.980768 0.998969 0.999946 0.999997
 0.728554 0.980768 0.998969 0.999946 0.999997
 0.728554 0.980768 0.998969 0.999946 0.999997
 0.728554 0.980768 0.998969 0.999946 0.999997
 0.728554 0.980768 0.998969 0.999946 0.999997
 0.728554 0.980768 0.998969 0.999946 0.999997
 0.728554 0.980768 0.998969 0.999946 0.999997
 0.728554 0.980768 0.998969 0.999946 0.999997
Sel_reclas
 1 1 1 1 1
 1 1 1 1 1
 1 1 1 1 1
 1 1 1 1 1
 1 1 1 1 1
 1 1 1 1 1
 1 1 1 1 1
 1 1 1 1 1
 1 1 1 1 1
 1 1 1 1 1
 1 1 1 1 1
 1 1 1 1 1
 1 1 1 1 1
 1 1 1 1 1
 1 1 1 1 1
 1 1 1 1 1
 1 1 1 1 1
 1 1 1 1 1
 1 1 1 1 1
 1 1 1 1 1
 1 1 1 1 1
 1 1 1 1 1
 1 1 1 1 1
 1 1 1 1 1
 1 1 1 1 1
 1 1 1 1 1
 1 1 1 1 1
 1 1 1 1 1
 1 1 1 1 1
 1 1 1 1 1
 1 1 1 1 1
Sel_pelaces
 1 1 1 1 1
 1 1 1 1 1
 1 1 1 1 1
 1 1 1 1 1
 1 1 1 1 1
 1 1 1 1 1
 1 1 1 1 1
 1 1 1 1 1
 1 1 1 1 1
 1 1 1 1 1
 1 1 1 1 1
 1 1 1 1 1
 1 1 1 1 1
 1 1 1 1 1
 1 1 1 1 1
 1 1 1 1 1
 1 1 1 1 1
 1 1 1 1 1
 1 1 1 1 1
 1 1 1 1 1
 1 1 1 1 1
 1 1 1 1 1
 1 1 1 1 1
 1 1 1 1 1
 1 1 1 1 1
 1 1 1 1 1
 1 1 1 1 1
 1 1 1 1 1
 1 1 1 1 1
 1 1 1 1 1
 1 1 1 1 1
pf_obs 
 0.8446 0.082 0.0669 0.0065 0
 0.8095 0.147 0.0364 0.0071 0
 0.9664 0.0169 0.016 0.0007 0
 0.9276 0.0648 0.0075 0.0001 0
 0.7033 0.2144 0.0806 0.0017 0
 0.9318 0.0425 0.0243 0.0014 0
 0.5671 0.3108 0.0964 0.0239 0.0018
 0.0768 0.2599 0.5324 0.112 0.0189
 0.490249 0.384438 0.106611 0.0170017 0.00170017
 0.7925 0.1577 0.0466 0.003 0.0002
 0.840416 0.127587 0.0312969 0.00059994 9.999e-05
 0.8084 0.0986 0.0794 0.0134 0.0002
 0.7335 0.1905 0.0724 0.0035 0.0001
 0.4001 0.4547 0.1325 0.0127 0
 0.49795 0.308269 0.164784 0.0264974 0.00249975
 0.9179 0.0499 0.0305 0.0017 0
 0.2467 0.6533 0.0926 0.0074 0
 0.9418 0.0223 0.034 0.0019 0
 0.707729 0.231977 0.0356964 0.0245975 0
 0.517169 0.277429 0.184464 0.0207286 0.00020938
 0.811772 0.124168 0.05621 0.00726502 0.000585176
 0.764997 0.148141 0.077277 0.00933861 0.000247198
 0.163321 0.427699 0.378323 0.0303852 0.000271297
 0.753843 0.0900009 0.118128 0.0371064 0.000921714
 0.721811 0.176058 0.0630433 0.0369309 0.00215725
 0.143369 0.312575 0.442814 0.0836902 0.0175525
 0.692698 0.0596174 0.167031 0.0765114 0.00414204
 0.394062 0.376323 0.152708 0.0712218 0.00568511
 0.125707 0.32114 0.495352 0.0537591 0.00404204
 0.23352 0.215282 0.420074 0.123614 0.00750983
 0.774587 0.0839891 0.0768558 0.0609784 0.00358967
pf_pred 
 0.195856 0.22703 0.513058 0.0640553 8.54502e-07
 0.328279 0.169967 0.143711 0.31834 0.039703
 0.852532 0.0616461 0.022118 0.0182626 0.0454416
 0.372475 0.56151 0.0279987 0.00980712 0.0282089
 0.548118 0.221871 0.206524 0.00997187 0.0135154
 0.985673 0.00956358 0.00237776 0.00214219 0.000243187
 0.225946 0.766328 0.00519732 0.00126277 0.00126525
 0.300475 0.224293 0.47064 0.00309102 0.00150085
 0.780311 0.0839823 0.0441769 0.0906462 0.000883332
 0.958558 0.0362364 0.0020466 0.00103 0.00212899
 0.886129 0.111219 0.00233057 0.000126429 0.000194712
 0.8364 0.149769 0.0135157 0.000277333 3.81711e-05
 0.737787 0.232888 0.0269107 0.00235924 5.49875e-05
 0.735176 0.21541 0.0440272 0.00494385 0.000442848
 0.816452 0.1525 0.0254333 0.00500339 0.000610907
 0.976914 0.0203715 0.00226824 0.00036533 8.04942e-05
 0.189721 0.797417 0.0113823 0.00123649 0.000242711
 0.943527 0.0141315 0.0416844 0.000581572 7.54861e-05
 0.572256 0.410538 0.00437632 0.0126309 0.000198864
 0.545496 0.299081 0.149315 0.00155484 0.00455253
 0.800332 0.127029 0.0481884 0.0234905 0.00095955
 0.765811 0.199311 0.0223716 0.00829985 0.00420622
 0.164501 0.688661 0.125403 0.013755 0.00767962
 0.796938 0.0438742 0.131702 0.0234777 0.00400831
 0.59351 0.344143 0.0136928 0.0402613 0.00839315
 0.373975 0.419581 0.175359 0.00683294 0.0242521
 0.811985 0.0854261 0.0692303 0.0283403 0.00501797
 0.737891 0.224988 0.0170623 0.0135415 0.00651757
 0.198649 0.636299 0.142081 0.0105642 0.0124064
 0.253787 0.189489 0.443866 0.0971666 0.0156922
 0.881647 0.0388334 0.0205322 0.0470413 0.0119466
pobs_RECLAS
 0 0 0 0 0
 0 0 0 0 0
 0 0 0 0 0
 0 0 0 0 0
 0 0 0 0 0
 0 0 0 0 0
 0 0 0 0 0
 0 0 0 0 0
 0 0 0 0 0
 0 0 0 0 0
 0.991045 0.00858322 0.000360255 1.14367e-05 0
 0.934742 0.0480273 0.0164251 0.00080598 0
 0.827803 0.169806 0.00239088 0 0
 0.941827 0.0461693 0.0120037 0 0
 0.791401 0.0380133 0.147996 0.0225897 0
 0.846168 0.0940531 0.0597789 0 0
 0.134021 0.677848 0.182769 0.00536245 0
 0.80878 0.0450904 0.141981 0.00414843 0
 0.846168 0.0940531 0.0597789 0 0
 0.905697 0.0802665 0.012482 0.00150086 5.37128e-05
 0.989698 0.0102097 9.19794e-05 0 0
 0.975433 0.0193895 0.00387452 0.00125025 5.28907e-05
 0.303575 0.632131 0.0575291 0.00676475 0
 0.966965 0.00978017 0.0227588 0.000495775 0
 0.843318 0.132988 0.00938335 0.0141283 0.000182051
 0.564624 0.303363 0.111486 0.0197234 0.00080311
 0.826376 0.0876187 0.0782897 0.00655872 0.00115652
 0.89761 0.0855135 0.0140674 0.00269457 0.000114338
 0.34875 0.467042 0.161289 0.0227151 0.000203297
 0.318654 0.224769 0.449479 0.00709798 0
 0.937255 0.0296025 0.0250945 0.00804832 0
ppred_RECLAS
 0.250439 0.214501 0.475724 0.0593349 7.9149e-07
 0.404313 0.15303 0.12688 0.280762 0.0350144
 0.888953 0.0469737 0.0165262 0.0136312 0.0339158
 0.456329 0.487629 0.0237856 0.00832164 0.0239346
 0.634475 0.181513 0.165243 0.00796918 0.0108004
 0.989526 0.00703802 0.00171625 0.00154462 0.000175339
 0.291897 0.701191 0.00465176 0.00112889 0.00113104
 0.371935 0.204017 0.419954 0.00275532 0.00133778
 0.843478 0.0608486 0.0311744 0.0638764 0.000622418
 0.971441 0.0250515 0.00137994 0.000693558 0.00143348
 0.913499 0.0845239 0.00173792 9.41842e-05 0.000145044
 0.877054 0.11275 0.0099635 0.000204216 2.81059e-05
 0.79679 0.180904 0.0204723 0.00179279 4.17827e-05
 0.801619 0.162089 0.0323399 0.00362681 0.000324851
 0.864463 0.113049 0.0184257 0.00362037 0.000442014
 0.983108 0.0149409 0.00163091 0.000262402 5.78125e-05
 0.242163 0.746037 0.0104444 0.00113343 0.000222469
 0.958419 0.0105553 0.0305452 0.000425725 5.52548e-05
 0.646612 0.339447 0.00354854 0.0102311 0.000161073
 0.623172 0.249631 0.122204 0.0012712 0.00372182
 0.846093 0.0986123 0.036695 0.0178695 0.000729902
 0.817445 0.155822 0.0171534 0.00635729 0.00322159
 0.211559 0.652054 0.116496 0.012765 0.00712654
 0.843808 0.0342556 0.1009 0.0179687 0.00306761
 0.665226 0.28428 0.0110984 0.0325999 0.00679564
 0.449123 0.371533 0.152364 0.00593096 0.0210496
 0.855539 0.0663294 0.0527433 0.0215693 0.00381889
 0.792495 0.178601 0.0132928 0.0105393 0.00507234
 0.251881 0.596331 0.130682 0.00970699 0.0113991
 0.319631 0.175287 0.402776 0.0880816 0.0142242
 0.911484 0.0294376 0.0152659 0.0349397 0.00887283
pobs_PELACES
 0 0 0 0 0
 0 0 0 0 0
 0 0 0 0 0
 0 0 0 0 0
 0 0 0 0 0
 0 0 0 0 0
 0 0 0 0 0
 0 0 0 0 0
 0 0 0 0 0
 0 0 0 0 0
 0 0 0 0 0
 0 0 0 0 0
 0 0 0 0 0
 0 0 0 0 0
 0 0 0 0 0
 0 0 0 0 0
 0.505614 0.472636 0.0217494 0 0
 0 0 0 0 0
 0.443492 0.261883 0.143347 0.151278 0
 0.227955 0.32914 0.350689 0.0885471 0.00366901
 0.970185 0.0296113 0.000203453 0 0
 0.997202 0.00247181 0.000326279 0 0
 0.445219 0.490057 0.0546422 0.010081 0
 0.90214 0.0892962 0.00764917 0.000914606 0
 0 0 0 0 0
 0.581667 0.319106 0.0959925 0.00289975 0.000334073
 0.762889 0.0836404 0.116647 0.0363945 0.000428098
 0.88444 0.0763242 0.0277011 0.0115352 0
 0.521256 0.241999 0.230069 0.00667565 0
 0.616807 0.101726 0.260614 0.0208532 0
 0.833518 0.0704572 0.0857862 0.0102388 0
ppred_PELACES
 0.254051 0.213669 0.473257 0.059023 7.87326e-07
 0.41579 0.150458 0.124343 0.275101 0.0343081
 0.893575 0.045108 0.0158175 0.0130444 0.0324554
 0.481005 0.465847 0.0225624 0.00789067 0.0226946
 0.65877 0.170084 0.153695 0.00740934 0.0100414
 0.98993 0.0067731 0.00164703 0.0014821 0.000168241
 0.312906 0.680436 0.00448175 0.00108721 0.00108926
 0.380051 0.201705 0.414208 0.00271727 0.0013193
 0.865221 0.0527975 0.0267248 0.0547238 0.000533216
 0.975299 0.0216973 0.0011825 0.000593987 0.00122764
 0.915433 0.0826379 0.00169612 9.191e-05 0.000141541
 0.885339 0.105202 0.00924385 0.000189408 2.60674e-05
 0.808852 0.170268 0.0191638 0.00167772 3.91001e-05
 0.822323 0.14543 0.028737 0.00322108 0.000288503
 0.877589 0.102243 0.016526 0.00324566 0.000396255
 0.983947 0.0142049 0.00154483 0.000248504 5.47499e-05
 0.24941 0.738936 0.0103158 0.00111931 0.000219696
 0.959714 0.0102437 0.0295764 0.000412174 5.34956e-05
 0.656354 0.330131 0.00344051 0.00991801 0.000156142
 0.634206 0.242594 0.118364 0.00123104 0.0036042
 0.850679 0.0957616 0.0355451 0.0173072 0.000706927
 0.82351 0.150712 0.0165421 0.00612978 0.00310627
 0.216361 0.648312 0.115592 0.0126646 0.00707043
 0.847117 0.0335757 0.0987264 0.01758 0.00300124
 0.670931 0.279516 0.0108924 0.0319916 0.0066688
 0.455269 0.367598 0.150487 0.00585735 0.0207882
 0.858811 0.0648932 0.0515057 0.0210611 0.00372889
 0.795343 0.17618 0.0130963 0.0103829 0.00499703
 0.255195 0.59384 0.129974 0.00965377 0.0113366
 0.327508 0.173578 0.397868 0.0869967 0.0140489
 0.914667 0.0284333 0.0147045 0.0336497 0.00854519
pobs_pel_tallas
 0 0 0 0 0 0 0 0 0 0 0 0 0 0 0 0 0 0 0 0 0 0 0 0 0 0
 0 0 0 0 0 0 0 0 0 0 0 0 0 0 0 0 0 0 0 0 0 0 0 0 0 0
 0 0 0 0 0 0 0 0 0 0 0 0 0 0 0 0 0 0 0 0 0 0 0 0 0 0
 0 0 0 0 0 0 0 0 0 0 0 0 0 0 0 0 0 0 0 0 0 0 0 0 0 0
 0 0 0 0 0 0 0 0 0 0 0 0 0 0 0 0 0 0 0 0 0 0 0 0 0 0
 0 0 0 0 0 0 0 0 0 0 0 0 0 0 0 0 0 0 0 0 0 0 0 0 0 0
 0 0 0 0 0 0 0 0 0 0 0 0 0 0 0 0 0 0 0 0 0 0 0 0 0 0
 0 0 0 0 0 0 0 0 0 0 0 0 0 0 0 0 0 0 0 0 0 0 0 0 0 0
 0 0 0 0 0 0 0 0 0 0 0 0 0 0 0 0 0 0 0 0 0 0 0 0 0 0
 0 0 0 0 0 0 0 0 0 0 0 0 0 0 0 0 0 0 0 0 0 0 0 0 0 0
 0 0 0 0 0 0 0 0 0 0 0 0 0 0 0 0 0 0 0 0 0 0 0 0 0 0
 0 0 0 0 0 0 0 0 0 0 0 0 0 0 0 0 0 0 0 0 0 0 0 0 0 0
 0.00862536 0 0 0.000197151 0.00414017 0.0128641 0.00837892 0.0270097 0.101434 0.158115 0.152841 0.127902 0.109271 0.109419 0.0830992 0.0579132 0.0238553 0.00714673 0.00463305 0.00128148 0.00103504 0.000492878 0.000147863 0.000147863 4.92878e-05 0
 0 0 0 0 0 0 0 0 0 0 0 0 0 0 0 0 0 0 0 0 0 0 0 0 0 0
 0 0 0 0 0 0 0 0.0054083 0.00873648 0.0413646 0.0450493 0.0745869 0.0622846 0.0627006 0.0613931 0.0827291 0.12552 0.122667 0.0946155 0.0697135 0.0546179 0.0294188 0.0215738 0.0213955 0.0102223 0.00600262
 0 0 0 0 0.00359764 0.0251062 0.0480494 0.140153 0.205849 0.193036 0.1447 0.116669 0.0760912 0.0342217 0.00950174 0.001854 0.000860785 0 0 0 0.000165536 0 0.000143464 0 0 0
 0 0 0 0 0 0 0 0.000145254 0.000435761 0.0275982 0.070085 0.0708112 0.156366 0.174668 0.174014 0.160142 0.0824315 0.0480064 0.0283245 0.00493863 0.00203355 0 0 0 0 0
 0 0 0 0 0 0 0 0 0 0 0 0 0 0 0 0 0 0 0 0 0 0 0 0 0 0
 0 0 1.00437e-05 0.000401748 0.00122533 0.00171747 0.00176769 0.0269171 0.070346 0.194647 0.189555 0.159765 0.064822 0.0314167 0.0384472 0.0292271 0.0345202 0.0313363 0.0194345 0.0106764 0.0143323 0.0359363 0.0279516 0.0138201 0.00172751 0
 0 0.0021121 0.0136068 0.0755702 0.200478 0.177729 0.0527432 0.0373336 0.0318909 0.0142505 0.0149659 0.0166563 0.0217959 0.0798694 0.0677717 0.0528807 0.04013 0.0224614 0.0357745 0.0225083 0.00881397 0.00855152 0.00135912 0.000746735 0 0
 0 0 0 0 5.4009e-05 0.00500934 0.000945158 0.0243581 0.138947 0.33067 0.221406 0.137944 0.0707744 0.0437923 0.0131692 0.00525238 0.0047753 0.00276346 9.45158e-05 9.00151e-06 2.25038e-05 9.00151e-06 4.50075e-06 0 0 0
 0.000866109 0.00284123 0.00948549 0.0512746 0.133035 0.25785 0.225252 0.132002 0.0553304 0.0519788 0.0540692 0.017754 0.00435017 0.00159236 0.00146478 0.000404838 0.000125132 0.000115318 0.000107957 0.000100596 0 0 0 0 0 0
 0 0 0 0 0.00144013 0.00171154 0.00461396 0.0210425 0.0478622 0.0707936 0.0888783 0.103762 0.0637923 0.0337046 0.0602308 0.124433 0.169614 0.0934646 0.0462172 0.0250306 0.0313229 0.00938855 0.002487 0.000210481 0 0
 0 0.00764035 0.051015 0.0998891 0.058973 0.0496711 0.0374665 0.0718981 0.12319 0.153886 0.159021 0.0857701 0.0377988 0.023471 0.0147837 0.00900784 0.00315554 0.000888139 0.00291439 0.00214683 0.00393193 0.00274676 0.000635225 9.99891e-05 0 0
 0 0 0 0 0 0 0 0 0 0 0 0 0 0 0 0 0 0 0 0 0 0 0 0 0 0
 0 0 0 0 0 0 0 0 0 0 0 0 0 0 0 0 0 0 0 0 0 0 0 0 0 0
 0 0 0 0 0 0 0 0 0 0 0 0 0 0 0 0 0 0 0 0 0 0 0 0 0 0
 0 0 0 0 0 0 0 0 0 0 0 0 0 0 0 0 0 0 0 0 0 0 0 0 0 0
 0 0 0 0 0 0 0 0 0 0 0 0 0 0 0 0 0 0 0 0 0 0 0 0 0 0
 0 0 0 0 0 0 0 0 0 0 0 0 0 0 0 0 0 0 0 0 0 0 0 0 0 0
 0 0 0 0 0 0 0 0 0 0 0 0 0 0 0 0 0 0 0 0 0 0 0 0 0 0
ppred_pel_tallas
 1.19632e-16 2.09259e-05 0.000203407 0.00135171 0.00614469 0.0191185 0.0407348 0.0594582 0.0594794 0.0408392 0.0194711 0.00717189 0.00396393 0.00601778 0.0113911 0.019653 0.0302979 0.0422446 0.0542615 0.0655719 0.0758994 0.0848238 0.0911319 0.0929783 0.0888986 0.0788724
 1.37022e-16 3.42481e-05 0.000332903 0.00221226 0.0100566 0.03129 0.0666671 0.0973057 0.0973205 0.0667394 0.0315334 0.0107635 0.00400087 0.00428609 0.00769011 0.0130631 0.0198076 0.0271136 0.0342987 0.0413724 0.0490994 0.058314 0.0689424 0.0795132 0.0875627 0.0906802
 1.07269e-16 7.36026e-05 0.000715443 0.00475437 0.0216127 0.0672451 0.143273 0.209112 0.209116 0.143294 0.067317 0.0218206 0.00527771 0.00186275 0.00226754 0.00367373 0.00538901 0.00701297 0.00821355 0.00889542 0.00927963 0.0097603 0.0106334 0.0118978 0.0132516 0.01425
 1.05403e-16 3.96199e-05 0.000385119 0.00255926 0.011634 0.036198 0.0771254 0.112576 0.112621 0.0773444 0.0369333 0.013757 0.00788497 0.012001 0.0220705 0.0363475 0.0521797 0.0652559 0.0712234 0.0681106 0.0575455 0.0437232 0.0309669 0.0217491 0.0162979 0.0134706
 1.06922e-16 5.42621e-05 0.000527447 0.00350507 0.0159336 0.0495753 0.105626 0.154168 0.154184 0.105707 0.0498485 0.0167252 0.00550185 0.00491855 0.00848767 0.0141904 0.0210049 0.0275958 0.0325963 0.0353109 0.0360036 0.0354781 0.034341 0.0326144 0.0299532 0.026149
 1.00227e-16 8.15392e-05 0.00079259 0.00526704 0.0239432 0.0744962 0.158722 0.231659 0.23166 0.158725 0.0745069 0.0239742 0.00534506 0.000963184 0.000406357 0.000544961 0.000782498 0.000995602 0.0011203 0.0011303 0.00104801 0.000927567 0.000819653 0.000745456 0.000695559 0.00064703
 1.00597e-16 2.57738e-05 0.00025053 0.00166487 0.00756828 0.0235481 0.0501741 0.0732443 0.0733097 0.0504937 0.0246209 0.0106651 0.00943097 0.0171797 0.0321056 0.0528482 0.0756862 0.0942491 0.102066 0.0961602 0.0788796 0.0564351 0.0353578 0.0195814 0.0098 0.00465481
 1.12501e-16 3.13043e-05 0.000304289 0.00202211 0.00919223 0.0286005 0.0609372 0.0889438 0.0889639 0.0610354 0.0289319 0.0101568 0.00447161 0.00574503 0.010637 0.0182438 0.0279182 0.0385027 0.04869 0.0576351 0.0650699 0.0707607 0.073912 0.0732605 0.0679003 0.0581337
 1.06364e-16 7.12671e-05 0.000692741 0.00460351 0.0209269 0.0651114 0.138727 0.202477 0.202482 0.138752 0.0651959 0.0211717 0.00522062 0.00204886 0.00267408 0.00438229 0.00648808 0.00856203 0.010239 0.0114065 0.0122752 0.013199 0.0143709 0.0156393 0.016574 0.016709
 1.00308e-16 8.03341e-05 0.000780876 0.00518919 0.0235893 0.0733951 0.156376 0.228236 0.228238 0.156386 0.0734294 0.0236882 0.00543732 0.00132212 0.00110706 0.00169995 0.00243397 0.00304633 0.00333045 0.00319512 0.00271667 0.00209014 0.00151544 0.00110518 0.000866831 0.000744232
 1.00104e-16 7.5403e-05 0.000732944 0.00487067 0.0221414 0.06889 0.146778 0.214228 0.214236 0.146817 0.0690204 0.0225176 0.00581426 0.00279013 0.00397447 0.00643052 0.0092073 0.0114754 0.0124463 0.0117582 0.00969346 0.00700066 0.00446547 0.0025591 0.00136306 0.000714573
 1.00318e-16 7.29242e-05 0.000708849 0.00471055 0.0214135 0.0666254 0.141953 0.207186 0.207196 0.142002 0.0667915 0.0218932 0.00591431 0.00333497 0.00505538 0.00822879 0.0118149 0.0147892 0.0161592 0.0154648 0.0130488 0.00982794 0.00675566 0.00439044 0.00281785 0.00184406
 1.00772e-16 6.66241e-05 0.00064761 0.00430359 0.0195635 0.0608695 0.129689 0.189289 0.189305 0.12977 0.0611385 0.0203405 0.00625348 0.00490262 0.00814287 0.0133435 0.0191844 0.0240576 0.0263688 0.0253769 0.0216287 0.0165871 0.0117639 0.00803093 0.00550526 0.00387055
 1.01239e-16 6.77337e-05 0.000658396 0.00437527 0.0198894 0.0618833 0.131849 0.192441 0.192455 0.131918 0.0621135 0.0205545 0.0060453 0.00430589 0.00700017 0.0114788 0.0165591 0.0208842 0.0231137 0.0226195 0.0198433 0.0159732 0.0122139 0.0092272 0.0070655 0.00546502
 1.00896e-16 7.22859e-05 0.000702645 0.00466932 0.0212261 0.0660422 0.14071 0.205373 0.205383 0.140758 0.066204 0.0216933 0.00584221 0.00326352 0.00493718 0.00805111 0.0115985 0.0146003 0.0161095 0.0156869 0.0136536 0.0108637 0.00818614 0.00610155 0.00464779 0.00362397
 1.00083e-16 8.10464e-05 0.0007878 0.00523521 0.0237985 0.074046 0.157763 0.23026 0.230261 0.157769 0.0740684 0.0238633 0.00539787 0.00114277 0.000754792 0.00111847 0.00160073 0.00200719 0.00220051 0.00211895 0.00180856 0.00139176 0.00099476 0.000689838 0.00048576 0.000354781
 1.00637e-16 2.05437e-05 0.000199692 0.00132703 0.00603252 0.0187698 0.0399936 0.0583868 0.0584578 0.0403408 0.019935 0.00939618 0.0097627 0.0185897 0.0348723 0.0574238 0.082262 0.102483 0.111068 0.10478 0.0861552 0.0619087 0.0390974 0.0219646 0.0112565 0.00551607
 1.00907e-16 7.90504e-05 0.000768398 0.00510627 0.0232124 0.0722223 0.153877 0.224589 0.22459 0.153882 0.0722394 0.0232623 0.00523374 0.0010535 0.000640507 0.000985674 0.00153248 0.00217603 0.00285824 0.00353716 0.0041795 0.00473041 0.00509244 0.00515003 0.0048327 0.00416905
 1.01205e-16 5.40631e-05 0.000525512 0.00349222 0.0158751 0.0493936 0.105239 0.153607 0.153638 0.105395 0.0499142 0.017378 0.00726145 0.00874302 0.0156291 0.0256703 0.0367823 0.0458555 0.0497665 0.0470901 0.0389769 0.0284339 0.0185975 0.0113181 0.00686088 0.0045028
 1.04212e-16 5.22388e-05 0.00050778 0.00337437 0.0153394 0.0477268 0.101688 0.148421 0.148445 0.101803 0.0481131 0.0164568 0.00618506 0.00666348 0.0118012 0.0195776 0.0285449 0.0366129 0.0416503 0.0426132 0.0400738 0.0356649 0.0309421 0.0266107 0.0225838 0.0185491
 1.02906e-16 7.00693e-05 0.000681099 0.00452614 0.0205752 0.0640171 0.136396 0.199075 0.199085 0.136441 0.0641694 0.0210154 0.00563317 0.00310424 0.00469127 0.0076955 0.0111991 0.0143386 0.0162836 0.016655 0.0157306 0.0142111 0.0127413 0.0115745 0.0105836 0.00950779
 1.01657e-16 6.78314e-05 0.000659346 0.00438158 0.0199181 0.0619725 0.13204 0.192719 0.192733 0.132111 0.0622107 0.0206059 0.00610797 0.00442707 0.00722059 0.0118225 0.0170077 0.0213546 0.0234646 0.0226983 0.0195561 0.0153411 0.011382 0.00841796 0.00649891 0.00528262
 1.05969e-16 1.78215e-05 0.000173231 0.00115119 0.00523316 0.0162826 0.0346942 0.0506503 0.0507128 0.0349997 0.0173085 0.00819673 0.00859172 0.0164211 0.0308903 0.0510773 0.0736626 0.0928045 0.102533 0.100059 0.0873916 0.0699003 0.0530431 0.0398348 0.030517 0.023853
 1.05129e-16 6.97759e-05 0.000678246 0.00450719 0.020489 0.063749 0.135824 0.19824 0.198243 0.135841 0.0638052 0.0206535 0.00492728 0.00161965 0.00192909 0.00326545 0.0051335 0.0073683 0.00982857 0.0124182 0.0150576 0.0175644 0.0195656 0.020574 0.0202133 0.0184355
 1.04723e-16 5.52638e-05 0.000537184 0.00356978 0.0162277 0.0504905 0.107576 0.157017 0.157043 0.107708 0.0509318 0.0175018 0.00676651 0.00751075 0.0132855 0.0218417 0.0313835 0.0393229 0.0430814 0.0415176 0.035642 0.027974 0.0210558 0.0162574 0.0135622 0.0121402
 1.08543e-16 3.75e-05 0.000364513 0.00242232 0.0110115 0.0342612 0.0729984 0.106551 0.106586 0.0731723 0.0348457 0.0127017 0.00667221 0.00966638 0.0177746 0.029511 0.0429392 0.0548945 0.0621408 0.0631377 0.0588647 0.0519696 0.0449892 0.0390921 0.034093 0.0293028
 1.04247e-16 7.07391e-05 0.00068761 0.00456941 0.0207719 0.064629 0.137699 0.200977 0.200984 0.13773 0.0647332 0.0210736 0.00533041 0.00236086 0.00328397 0.00541052 0.00800774 0.0105373 0.0124979 0.0136619 0.0141764 0.014385 0.0145197 0.0145304 0.0141673 0.0132048
 1.0231e-16 6.55114e-05 0.000636794 0.00423172 0.0192368 0.0598529 0.127524 0.186128 0.186145 0.127607 0.0601312 0.0200403 0.00624799 0.00503599 0.00841367 0.0137889 0.019819 0.0248475 0.0272397 0.0262574 0.0225089 0.0175517 0.0129721 0.00964844 0.00762256 0.00644754
 1.0679e-16 2.10202e-05 0.000204324 0.00135781 0.00617243 0.019205 0.0409205 0.0597366 0.0597939 0.0412005 0.0201455 0.00888973 0.00818185 0.0151119 0.0283642 0.0469384 0.0677985 0.0856361 0.0950227 0.0934114 0.0825955 0.0673807 0.0526123 0.0409066 0.0324046 0.0259879
 1.22629e-16 2.69764e-05 0.000262221 0.00174255 0.00792139 0.0246465 0.0525125 0.0766472 0.0766646 0.0525976 0.0249337 0.00875868 0.00387381 0.0050128 0.00933726 0.0161479 0.0250243 0.0351707 0.045702 0.0561027 0.0662156 0.0756607 0.0832632 0.0871874 0.085823 0.0787648
 1.05253e-16 7.53399e-05 0.000732331 0.0048666 0.0221228 0.0688324 0.146655 0.214048 0.21405 0.146668 0.068878 0.022255 0.00519988 0.00146556 0.00148523 0.00238384 0.00354481 0.00472216 0.00573912 0.00656256 0.00733273 0.00825404 0.00941738 0.0106908 0.0117569 0.0122614
pSPR Fmed_Fpbrs
0.413699   0.228599 0.228599
Fs Fmed_Fpbrs
0.542469   1.005 1.005
SSBpbr Bo_Bmed_Bpbrs
1.61945e+06  588991  289232 289232
Ro
88817.6
SPR SPRFo_SPRFmed_SPRFpbrs
634862 262642 145129
Fref
1.005
Nvult_r0
 127263 4525.2 2362.53 5409.16 1373.67
CTP_r0
 31890.6 1404.67 742.683 1701.56 432.13
YTP_r0
391151
Np
 147286 45489.4 1386.52 716.033 2019.35
Nvult_p0
 121232 39244.2 1199.62 619.607 1747.42
CTP_p0
 51244.6 19480.5 600.997 310.568 875.888
YTP_p0
 752379
CBA_c0
499520
log_Ro
11.2143
likeval ReclasPelacesDesembMPH_pf_preclas_ppelaces_ptallas_desvR_qrecl_qpela
 12.0306 53.4328 0.0975597 0.00170925 264.003 117.416 105.028 0 57.1517 1.34537e-05 0 0.17601 0 0 0
q_reclas_q_pelaces
1.68162 1
M
1
N
 46359.8 40817.7 90706.7 11314.6 0.150931
 35892.7 14542.5 12116.8 26819.4 3344.74
 157327 8909.68 3150.28 2599.14 6467
 31274.1 38790.1 1912.56 669.517 1925.72
 14552.7 4863.61 4477.6 216.072 292.845
 289075 2180.46 533.973 480.685 54.5661
 27114.3 75737.2 507.946 123.34 123.579
 7237.08 4173.17 8621.21 56.5746 27.4687
 21456.9 1994.71 1040.82 2134.74 20.8022
 56541.8 1823.82 102.099 51.3597 106.157
 59434.3 5708.85 117.698 6.37943 9.82441
 121632 17616.5 1570.19 32.1981 4.43147
 88253.7 22469.5 2563.91 224.626 5.23524
 67615.9 16748.5 3390.96 380.584 34.0901
 49428.6 7700.7 1271.08 249.918 30.5137
 402584 6613.53 725.979 116.84 25.7427
 28902.7 94468.7 1328.2 144.17 28.298
 654135 7554.28 21935.6 305.786 39.6882
 326611 182941 1921.41 5541.18 87.2382
 192327 82622.2 40651.2 422.979 1238.42
 384543 47240.7 17645.9 8594.83 351.069
 514766 104373 11540.9 4278.26 2168.06
 41213.9 132571 23758.3 2603.75 1453.65
 281385 11845.6 34982.7 6230.76 1063.72
 188971 83929.5 3285.76 9652.88 2012.22
 64833.7 55639.3 22878 890.682 3161.15
 239320 19291.3 15383.1 6291.85 1113.99
 303899 70300.3 5242.13 4156.69 2000.54
 39561.3 96143.2 21108.9 1568.12 1841.48
 21667.2 12513.2 28860.7 6312.68 1019.44
 172752 5911.72 3078.56 7047.6 1789.74
pred_Ctot
 4373.41 5069.53 11456.5 1430.34 0.0190808
 7618.08 3944.29 3334.98 7387.43 921.352
 33877.7 2449.68 878.919 725.714 1805.75
 12219 18420.3 918.495 321.722 925.391
 5854.47 2369.81 2205.89 106.51 144.359
 54061.3 524.534 130.413 117.493 13.3381
 10682.2 36230.3 245.718 59.7009 59.8183
 1174.47 876.699 1839.6 12.082 5.86642
 11668.7 1255.86 660.617 1355.51 13.2092
 28663.9 1083.58 61.1998 30.8001 63.6634
 7429.13 932.438 19.539 1.05996 1.63242
 40446 7242.42 653.583 13.4111 1.84585
 28479.1 8989.65 1038.77 91.0685 2.12256
 32336.7 9474.82 1936.54 217.455 19.4787
 21529 4021.26 670.649 131.934 16.109
 95568.9 1992.89 221.896 35.7393 7.87453
 5438.41 22858.2 326.277 35.4443 6.95736
 101383 1518.45 4479.06 62.4908 8.1111
 66476.7 47690.6 508.38 1467.28 23.1012
 41744 22887.1 11426.3 118.984 348.381
 65330.2 10369.3 3933.57 1917.51 78.327
 100463 26146.6 2934.82 1088.81 551.792
 5813.77 24338.5 4431.96 486.126 271.412
 34234.9 1884.75 5657.66 1008.56 172.19
 24285.2 14081.6 560.283 1647.41 343.431
 7971.41 8943.51 3737.83 145.646 516.942
 31047.6 3266.41 2647.14 1083.64 191.87
 27233.2 8303.56 629.713 499.773 240.542
 3549.74 11370.3 2538.9 188.777 221.696
 3625.28 2706.8 6340.52 1388 224.159
 31890.6 1404.67 742.683 1701.56 432.13
F
 0.159358 0.214525 0.218507 0.21872 0.218731
 0.393395 0.529582 0.53941 0.539938 0.539966
 0.400164 0.538694 0.548691 0.549227 0.549256
 0.86101 1.15908 1.18059 1.18174 1.1818
 0.898237 1.20919 1.23163 1.23284 1.2329
 0.339417 0.456918 0.465398 0.465853 0.465877
 0.871385 1.17304 1.19481 1.19598 1.19604
 0.288718 0.388668 0.395881 0.396268 0.396288
 1.46511 1.97231 2.00891 2.01087 2.01098
 1.29296 1.74057 1.77287 1.7746 1.77469
 0.216034 0.290822 0.296219 0.296508 0.296524
 0.688839 0.927304 0.944513 0.945437 0.945485
 0.661905 0.891045 0.907581 0.908469 0.908515
 1.17253 1.57844 1.60774 1.60931 1.60939
 1.01141 1.36154 1.38681 1.38817 1.38824
 0.449637 0.605293 0.616527 0.617129 0.617161
 0.341822 0.460156 0.468696 0.469154 0.469178
 0.27415 0.369056 0.375905 0.376272 0.376292
 0.374491 0.504134 0.51349 0.513992 0.514019
 0.40394 0.543777 0.553868 0.55441 0.554438
 0.304088 0.409358 0.416955 0.417363 0.417384
 0.356591 0.480037 0.488946 0.489424 0.489449
 0.246821 0.332267 0.338433 0.338764 0.338781
 0.209746 0.282357 0.287597 0.287878 0.287893
 0.222705 0.299802 0.305365 0.305664 0.30568
 0.21217 0.285619 0.29092 0.291204 0.291219
 0.225027 0.302928 0.30855 0.308852 0.308867
 0.150857 0.203082 0.20685 0.207053 0.207063
 0.151064 0.20336 0.207134 0.207336 0.207347
 0.298864 0.402325 0.409792 0.410192 0.410213
 0.33438 0.450137 0.458491 0.458939 0.458963
nmprior
 8.19 8.8 8.5 0
nm_flota  nm_reclas  nm_pelaces    nm_pelaL
inf 15.3586 8.01521 14.9654
cv_recla  cv_pelaces  cv_mph
0.313739 0.82885 1.27588
 ------------------------------------------------
Talla a la edad & desviaci?n 
 8 13.2811 15.8009 17.003 17.5766
 0.8 1.32811 1.58009 1.7003 1.75766
