years
 1991 1992 1993 1994 1995 1996 1997 1998 1999 2000 2001 2002 2003 2004 2005 2006 2007 2008 2009 2010 2011 2012 2013 2014 2015 2016 2017 2018 2019 2020 2021
reclasobs
 0 0 0 0 0 0 0 0 0 252601 567819 844713 477998 351125 339783 2.1784e+06 2.13404e+06 4.81314e+06 1.55562e+06 2.62356e+06 3.21686e+06 3.843e+06 1.13348e+06 3.07943e+06 1.97215e+06 2.03268e+06 2.025e+06 2.42433e+06 2.27542e+06 1.05018e+06 2.36338e+06
reclaspred
 2.02777e+06 1.08392e+06 504718 234617 65875 978419 404350 189769 96577.3 177906 329230 501732 478358 326217 278527 1.21589e+06 928390 3.01987e+06 2.35558e+06 1.37945e+06 2.62119e+06 2.27029e+06 1.48783e+06 2.58688e+06 1.80037e+06 1.33334e+06 1.8485e+06 2.38138e+06 1.81272e+06 849953 1.20564e+06
pelacesobs
 0 0 0 0 0 0 0 0 0 0 0 0 0 0 0 552880 188675 0 991730 2.46772e+06 1.41603e+06 1.21717e+06 2.29649e+06 1.80582e+06 0 1.4828e+06 1.56532e+06 1.57751e+06 1.42118e+06 867257 1.10002e+06
pelacespred
 938950 513374 225055 70754.6 18846.6 431206 133491 88145.2 29075.6 68126.5 146227 189642 200512 136541 118199 468743 359825 1.41685e+06 1.09804e+06 607109 1.13273e+06 1.00452e+06 663758 1.3061e+06 865314 637493 1.01953e+06 1.28063e+06 809286 442508 590159
mphobs
 0 0 0 0 0 0 0 0 0 0 0 498337 0 5186 125008 0 168611 109162 213762 579715 649985 157893 87575 83554 0 0 0 0 0 0 0
mphpred
 2.03953e+06 1.0512e+06 506983 234298 69578 23254.4 509964 160556 70659.7 24757.2 72276.8 219542 260851 198124 105069 118796 784333 545809 1.75679e+06 1.17856e+06 950839 1.34558e+06 1.35544e+06 899722 1.45162e+06 1.08053e+06 731772 958483 1.6576e+06 972811 422200
desembarqueobs
 494567 514787 250237 358949 120608 361735 552515 73892 212993 205616 52469 317467 293654 387597 252695 516296 358380 742168 942051 627588 828172 859565 418607 520667 417249 300574 407403 355545 319650 289779 391294
desembarquepred
 494521 514976 249554 358759 120545 361576 551954 73875.7 212798 205498 52464.9 317328 293505 387201 252522 516036 358319 741848 941258 626980 827910 859108 418479 520558 417112 300471 407276 355443 319556 289663 391177
Reclutas
 51965.1 127577 72118.6 36523.9 15631.2 291957 26303.8 7593.07 20905.1 70152.5 83734.1 131776 98389.8 67867.7 56519.7 446440 32764.4 794616 328571 185468 430637 566360 45338.7 333589 220680 71095.5 272105 346696 44340 24360.8 195999
log_desv_Rt
 -0.647232 0.250915 -0.319493 -0.999838 -1.84854 1.0788 -1.32809 -2.57057 -1.55781 -0.347134 -0.170159 0.283298 -0.00886768 -0.380244 -0.563215 1.5035 -1.10846 2.08005 1.19695 0.625077 1.46746 1.74143 -0.783643 1.21211 0.798907 -0.333781 1.00838 1.25064 -0.805918 -1.40483 0.680303
SSB
 2.03953e+06 1.0512e+06 506983 234298 69578 23254.4 509964 160556 70659.7 24757.2 72276.8 219542 260851 198124 105069 118796 784333 545809 1.75679e+06 1.17856e+06 950839 1.34558e+06 1.35544e+06 899722 1.45162e+06 1.08053e+06 731772 958483 1.6576e+06 972811 422200
BT
 2.61035e+06 1.70362e+06 759437 457313 145677 1.31438e+06 792594 271325 268663 352589 380877 698612 725846 714408 526050 1.49277e+06 1.11207e+06 3.9338e+06 3.42425e+06 1.99448e+06 3.29595e+06 3.11004e+06 1.89375e+06 3.50158e+06 2.39073e+06 1.74295e+06 2.77538e+06 3.3092e+06 2.1323e+06 1.32314e+06 1.74488e+06
Ftot
 0.236296 0.487434 0.495583 1.40191 1.66641 0.542594 1.19209 0.395081 2.21279 1.49482 0.216533 0.741898 0.695182 1.31272 1.11443 0.599808 0.377534 0.335837 0.430273 0.481088 0.380323 0.439703 0.276307 0.254652 0.249355 0.233926 0.278354 0.190923 0.171355 0.331435 0.417569
BD_Bspro_t
 0.962898 0.736976 0.522996 0.361022 0.139384 0.0725153 0.501829 0.21027 0.140364 0.0711108 0.214641 0.514835 0.427753 0.326445 0.202795 0.230201 0.539428 0.442613 0.652745 0.527185 0.436485 0.520472 0.551242 0.491044 0.635713 0.624119 0.59269 0.679024 0.768479 0.662481 0.508447
BD_Bspro
 2.87441 1.4815 0.714517 0.330208 0.0980597 0.0327735 0.718717 0.22628 0.0995841 0.0348916 0.101863 0.309412 0.36763 0.279226 0.14808 0.167425 1.1054 0.769236 2.47593 1.661 1.34006 1.89639 1.91029 1.26802 2.04584 1.52285 1.03132 1.35084 2.33613 1.37103 0.595028
BD_Bo
 1.21124 0.624288 0.301089 0.139146 0.0413213 0.0138104 0.302859 0.0953517 0.0419636 0.0147029 0.042924 0.130383 0.154915 0.117663 0.062399 0.070551 0.465803 0.324147 1.04333 0.699928 0.564688 0.799117 0.804976 0.53433 0.862092 0.641711 0.434587 0.569228 0.98442 0.577737 0.250738
BD_Brms
 5.99252 3.08861 1.48961 0.688413 0.204433 0.0683258 1.49837 0.471744 0.207611 0.0727415 0.212363 0.645057 0.76643 0.582126 0.308714 0.349045 2.30452 1.60369 5.16178 3.46283 2.79375 3.95356 3.98255 2.64355 4.26513 3.17481 2.15008 2.81621 4.87034 2.8583 1.24051
Sel_flota
 0.623948 1 1 1 1
 0.623948 1 1 1 1
 0.623948 1 1 1 1
 0.623948 1 1 1 1
 0.623948 1 1 1 1
 0.623948 1 1 1 1
 0.623948 1 1 1 1
 0.623948 1 1 1 1
 0.623948 1 1 1 1
 0.623948 1 1 1 1
 0.623948 1 1 1 1
 0.623948 1 1 1 1
 0.623948 1 1 1 1
 0.623948 1 1 1 1
 0.623948 1 1 1 1
 0.623948 1 1 1 1
 0.623948 1 1 1 1
 0.623948 1 1 1 1
 0.623948 1 1 1 1
 0.623948 1 1 1 1
 0.623948 1 1 1 1
 0.623948 1 1 1 1
 0.623948 1 1 1 1
 0.623948 1 1 1 1
 0.623948 1 1 1 1
 0.623948 1 1 1 1
 0.623948 1 1 1 1
 0.623948 1 1 1 1
 0.623948 1 1 1 1
 0.623948 1 1 1 1
 0.623948 1 1 1 1
Sel_reclas
 1 1 1 1 1
 1 1 1 1 1
 1 1 1 1 1
 1 1 1 1 1
 1 1 1 1 1
 1 1 1 1 1
 1 1 1 1 1
 1 1 1 1 1
 1 1 1 1 1
 1 1 1 1 1
 1 1 1 1 1
 1 1 1 1 1
 1 1 1 1 1
 1 1 1 1 1
 1 1 1 1 1
 1 1 1 1 1
 1 1 1 1 1
 1 1 1 1 1
 1 1 1 1 1
 1 1 1 1 1
 1 1 1 1 1
 1 1 1 1 1
 1 1 1 1 1
 1 1 1 1 1
 1 1 1 1 1
 1 1 1 1 1
 1 1 1 1 1
 1 1 1 1 1
 1 1 1 1 1
 1 1 1 1 1
 1 1 1 1 1
Sel_pelaces
 1 1 1 1 1
 1 1 1 1 1
 1 1 1 1 1
 1 1 1 1 1
 1 1 1 1 1
 1 1 1 1 1
 1 1 1 1 1
 1 1 1 1 1
 1 1 1 1 1
 1 1 1 1 1
 1 1 1 1 1
 1 1 1 1 1
 1 1 1 1 1
 1 1 1 1 1
 1 1 1 1 1
 1 1 1 1 1
 1 1 1 1 1
 1 1 1 1 1
 1 1 1 1 1
 1 1 1 1 1
 1 1 1 1 1
 1 1 1 1 1
 1 1 1 1 1
 1 1 1 1 1
 1 1 1 1 1
 1 1 1 1 1
 1 1 1 1 1
 1 1 1 1 1
 1 1 1 1 1
 1 1 1 1 1
 1 1 1 1 1
pf_obs 
 0.8446 0.082 0.0669 0.0065 0
 0.8095 0.147 0.0364 0.0071 0
 0.9664 0.0169 0.016 0.0007 0
 0.9276 0.0648 0.0075 0.0001 0
 0.7033 0.2144 0.0806 0.0017 0
 0.9318 0.0425 0.0243 0.0014 0
 0.5671 0.3108 0.0964 0.0239 0.0018
 0.0768 0.2599 0.5324 0.112 0.0189
 0.490249 0.384438 0.106611 0.0170017 0.00170017
 0.7925 0.1577 0.0466 0.003 0.0002
 0.840416 0.127587 0.0312969 0.00059994 9.999e-05
 0.8084 0.0986 0.0794 0.0134 0.0002
 0.7335 0.1905 0.0724 0.0035 0.0001
 0.4001 0.4547 0.1325 0.0127 0
 0.49795 0.308269 0.164784 0.0264974 0.00249975
 0.9179 0.0499 0.0305 0.0017 0
 0.2467 0.6533 0.0926 0.0074 0
 0.9418 0.0223 0.034 0.0019 0
 0.707729 0.231977 0.0356964 0.0245975 0
 0.517169 0.277429 0.184464 0.0207286 0.00020938
 0.811772 0.124168 0.05621 0.00726502 0.000585176
 0.764997 0.148141 0.077277 0.00933861 0.000247198
 0.163321 0.427699 0.378323 0.0303852 0.000271297
 0.753843 0.0900009 0.118128 0.0371064 0.000921714
 0.721811 0.176058 0.0630433 0.0369309 0.00215725
 0.143369 0.312575 0.442814 0.0836902 0.0175525
 0.692698 0.0596174 0.167031 0.0765114 0.00414204
 0.394062 0.376323 0.152708 0.0712218 0.00568511
 0.125707 0.32114 0.495352 0.0537591 0.00404204
 0.23352 0.215282 0.420074 0.123614 0.00750983
 0.774587 0.0839891 0.0768558 0.0609784 0.00358967
pf_pred 
 0.199454 0.257862 0.477494 0.065189 1.06022e-06
 0.605519 0.116886 0.0894155 0.165575 0.0226052
 0.506053 0.362316 0.0390028 0.0298364 0.0627924
 0.474891 0.340261 0.135588 0.0145959 0.0346641
 0.588811 0.276765 0.0871043 0.0347096 0.0126102
 0.986918 0.0101843 0.00195066 0.000613918 0.000333514
 0.199044 0.795156 0.00451498 0.000864786 0.000420024
 0.275441 0.252232 0.468906 0.0026625 0.000757657
 0.75309 0.0987727 0.0515693 0.0958687 0.000699258
 0.960726 0.0352683 0.00160255 0.000836691 0.00156678
 0.83937 0.157869 0.00248007 0.000112691 0.000169012
 0.752668 0.222071 0.0248264 0.000390016 4.43006e-05
 0.654353 0.294902 0.0455626 0.00509366 8.91093e-05
 0.625115 0.292906 0.0699434 0.0108063 0.00122922
 0.745003 0.200782 0.0423593 0.010115 0.00174055
 0.961782 0.0328714 0.00420982 0.000888152 0.000248577
 0.157788 0.824437 0.0152882 0.00195795 0.000528683
 0.931011 0.0170097 0.0508826 0.000943557 0.00015347
 0.469049 0.509138 0.00537818 0.0160882 0.000346862
 0.450254 0.335212 0.205721 0.00217309 0.00664072
 0.769814 0.136857 0.0569075 0.0349244 0.00149629
 0.720347 0.2388 0.0242896 0.0101 0.00646397
 0.132524 0.711631 0.133079 0.0135361 0.00923079
 0.761065 0.0493915 0.155491 0.0290777 0.00497458
 0.535436 0.392043 0.0149911 0.0471941 0.0103354
 0.304351 0.460132 0.198751 0.00759994 0.0291653
 0.768981 0.0981728 0.0878705 0.0379551 0.00702099
 0.692372 0.261579 0.0195688 0.0175153 0.0089651
 0.165415 0.659413 0.148951 0.011143 0.0150787
 0.212824 0.195326 0.467626 0.105629 0.0185953
 0.850342 0.0476509 0.0253115 0.0605977 0.0160977
pobs_RECLAS
 0 0 0 0 0
 0 0 0 0 0
 0 0 0 0 0
 0 0 0 0 0
 0 0 0 0 0
 0 0 0 0 0
 0 0 0 0 0
 0 0 0 0 0
 0 0 0 0 0
 0 0 0 0 0
 0.991045 0.00858322 0.000360255 1.14367e-05 0
 0.934742 0.0480273 0.0164251 0.00080598 0
 0.827803 0.169806 0.00239088 0 0
 0.941827 0.0461693 0.0120037 0 0
 0.791401 0.0380133 0.147996 0.0225897 0
 0.846168 0.0940531 0.0597789 0 0
 0.134021 0.677848 0.182769 0.00536245 0
 0.80878 0.0450904 0.141981 0.00414843 0
 0.846168 0.0940531 0.0597789 0 0
 0.905697 0.0802665 0.012482 0.00150086 5.37128e-05
 0.989698 0.0102097 9.19794e-05 0 0
 0.975433 0.0193895 0.00387452 0.00125025 5.28907e-05
 0.303575 0.632131 0.0575291 0.00676475 0
 0.966965 0.00978017 0.0227588 0.000495775 0
 0.843318 0.132988 0.00938335 0.0141283 0.000182051
 0.564624 0.303363 0.111486 0.0197234 0.00080311
 0.826376 0.0876187 0.0782897 0.00655872 0.00115652
 0.89761 0.0855135 0.0140674 0.00269457 0.000114338
 0.34875 0.467042 0.161289 0.0227151 0.000203297
 0.318654 0.224769 0.449479 0.00709798 0
 0.937255 0.0296025 0.0250945 0.00804832 0
ppred_RECLAS
 0.287123 0.229623 0.425203 0.0580501 9.44117e-07
 0.715217 0.0843819 0.0645506 0.119531 0.0163191
 0.626445 0.274007 0.0294964 0.0225642 0.0474877
 0.612676 0.250979 0.100011 0.010766 0.0255685
 0.719798 0.188599 0.0593565 0.0236526 0.00859312
 0.991987 0.0062376 0.00119473 0.000376009 0.000204269
 0.299126 0.695799 0.00395083 0.000756729 0.000367541
 0.382346 0.215017 0.399722 0.00226967 0.00064587
 0.8531 0.0587651 0.0306813 0.0570374 0.000416026
 0.977353 0.0203369 0.000924084 0.000482465 0.000903458
 0.894073 0.104106 0.00163548 7.43141e-05 0.000111455
 0.83484 0.148292 0.0165782 0.00026044 2.95825e-05
 0.758171 0.206326 0.0318775 0.00356374 6.23446e-05
 0.743156 0.200678 0.0479201 0.0074037 0.000842175
 0.83294 0.131541 0.0277514 0.00662681 0.00114031
 0.976435 0.0202685 0.00259577 0.000547634 0.000153273
 0.233607 0.750219 0.0139119 0.00178169 0.000481089
 0.956356 0.0107608 0.0321897 0.000596919 9.70892e-05
 0.590344 0.392826 0.00414954 0.0124129 0.000267622
 0.572574 0.260626 0.159947 0.00168957 0.00516314
 0.844765 0.0922951 0.0383778 0.0235526 0.00100908
 0.807837 0.16409 0.0166905 0.00694018 0.00444169
 0.198325 0.65765 0.122984 0.0125094 0.0085306
 0.837483 0.0335947 0.105761 0.0197778 0.00338357
 0.650866 0.294632 0.0112663 0.0354678 0.00776738
 0.414243 0.387445 0.167354 0.00639937 0.0245581
 0.843524 0.0664951 0.0595171 0.025708 0.0047555
 0.784093 0.183587 0.0137342 0.012293 0.00629209
 0.242173 0.598766 0.135251 0.0101182 0.0136919
 0.30503 0.172446 0.41285 0.0932561 0.0164171
 0.90256 0.0310249 0.01648 0.0394544 0.010481
pobs_PELACES
 0 0 0 0 0
 0 0 0 0 0
 0 0 0 0 0
 0 0 0 0 0
 0 0 0 0 0
 0 0 0 0 0
 0 0 0 0 0
 0 0 0 0 0
 0 0 0 0 0
 0 0 0 0 0
 0 0 0 0 0
 0 0 0 0 0
 0 0 0 0 0
 0 0 0 0 0
 0 0 0 0 0
 0 0 0 0 0
 0.505614 0.472636 0.0217494 0 0
 0 0 0 0 0
 0.443492 0.261883 0.143347 0.151278 0
 0.227955 0.32914 0.350689 0.0885471 0.00366901
 0.970185 0.0296113 0.000203453 0 0
 0.997202 0.00247181 0.000326279 0 0
 0.445219 0.490057 0.0546422 0.010081 0
 0.90214 0.0892962 0.00764917 0.000914606 0
 0 0 0 0 0
 0.581667 0.319106 0.0959925 0.00289975 0.000334073
 0.762889 0.0836404 0.116647 0.0363945 0.000428098
 0.88444 0.0763242 0.0277011 0.0115352 0
 0.521256 0.241999 0.230069 0.00667565 0
 0.616807 0.101726 0.260614 0.0208532 0
 0.833518 0.0704572 0.0857862 0.0102388 0
ppred_PELACES
 0.293163 0.227677 0.421601 0.0575583 9.36118e-07
 0.727376 0.0807793 0.0617947 0.114428 0.0156223
 0.640721 0.263535 0.0283691 0.0217019 0.0456728
 0.653067 0.224806 0.0895815 0.00964331 0.0229022
 0.759558 0.161838 0.050934 0.0202963 0.00737378
 0.992505 0.00583447 0.00111752 0.000351708 0.000191067
 0.33103 0.664126 0.00377098 0.000722282 0.00035081
 0.393989 0.210964 0.392187 0.00222688 0.000633695
 0.884293 0.0462869 0.0241664 0.0449261 0.000327687
 0.981115 0.0169586 0.000770579 0.00040232 0.000753379
 0.896591 0.101631 0.0015966 7.25475e-05 0.000108805
 0.847146 0.137242 0.015343 0.000241034 2.73783e-05
 0.773634 0.193133 0.0298392 0.00333586 5.83581e-05
 0.773003 0.177358 0.0423516 0.00654336 0.000744311
 0.851309 0.117078 0.0247 0.00589815 0.00101493
 0.978088 0.0188465 0.00241365 0.000509212 0.000142519
 0.242099 0.741905 0.0137578 0.00176195 0.000475758
 0.958062 0.0103399 0.0309308 0.000573575 9.32922e-05
 0.603192 0.380505 0.0040194 0.0120236 0.000259228
 0.587118 0.251758 0.154505 0.00163208 0.00498746
 0.850854 0.0886749 0.0368724 0.0226288 0.000969497
 0.816166 0.156979 0.0159671 0.00663938 0.00424918
 0.203834 0.653132 0.122139 0.0124234 0.00847199
 0.841738 0.0327151 0.102992 0.01926 0.00329497
 0.657865 0.288726 0.0110405 0.0347569 0.00761168
 0.421304 0.382774 0.165337 0.00632223 0.024262
 0.84803 0.0645805 0.0578034 0.0249678 0.00461858
 0.788077 0.1802 0.0134808 0.0120661 0.00617599
 0.246097 0.595665 0.134551 0.0100658 0.013621
 0.313818 0.170266 0.40763 0.0920768 0.0162095
 0.907023 0.0296038 0.0157251 0.0376472 0.0100009
pobs_pel_tallas
 0 0 0 0 0 0 0 0 0 0 0 0 0 0 0 0 0 0 0 0 0 0 0 0 0 0
 0 0 0 0 0 0 0 0 0 0 0 0 0 0 0 0 0 0 0 0 0 0 0 0 0 0
 0 0 0 0 0 0 0 0 0 0 0 0 0 0 0 0 0 0 0 0 0 0 0 0 0 0
 0 0 0 0 0 0 0 0 0 0 0 0 0 0 0 0 0 0 0 0 0 0 0 0 0 0
 0 0 0 0 0 0 0 0 0 0 0 0 0 0 0 0 0 0 0 0 0 0 0 0 0 0
 0 0 0 0 0 0 0 0 0 0 0 0 0 0 0 0 0 0 0 0 0 0 0 0 0 0
 0 0 0 0 0 0 0 0 0 0 0 0 0 0 0 0 0 0 0 0 0 0 0 0 0 0
 0 0 0 0 0 0 0 0 0 0 0 0 0 0 0 0 0 0 0 0 0 0 0 0 0 0
 0 0 0 0 0 0 0 0 0 0 0 0 0 0 0 0 0 0 0 0 0 0 0 0 0 0
 0 0 0 0 0 0 0 0 0 0 0 0 0 0 0 0 0 0 0 0 0 0 0 0 0 0
 0 0 0 0 0 0 0 0 0 0 0 0 0 0 0 0 0 0 0 0 0 0 0 0 0 0
 0 0 0 0 0 0 0 0 0 0 0 0 0 0 0 0 0 0 0 0 0 0 0 0 0 0
 0.00862536 0 0 0.000197151 0.00414017 0.0128641 0.00837892 0.0270097 0.101434 0.158115 0.152841 0.127902 0.109271 0.109419 0.0830992 0.0579132 0.0238553 0.00714673 0.00463305 0.00128148 0.00103504 0.000492878 0.000147863 0.000147863 4.92878e-05 0
 0 0 0 0 0 0 0 0 0 0 0 0 0 0 0 0 0 0 0 0 0 0 0 0 0 0
 0 0 0 0 0 0 0 0.0054083 0.00873648 0.0413646 0.0450493 0.0745869 0.0622846 0.0627006 0.0613931 0.0827291 0.12552 0.122667 0.0946155 0.0697135 0.0546179 0.0294188 0.0215738 0.0213955 0.0102223 0.00600262
 0 0 0 0 0.00359764 0.0251062 0.0480494 0.140153 0.205849 0.193036 0.1447 0.116669 0.0760912 0.0342217 0.00950174 0.001854 0.000860785 0 0 0 0.000165536 0 0.000143464 0 0 0
 0 0 0 0 0 0 0 0.000145254 0.000435761 0.0275982 0.070085 0.0708112 0.156366 0.174668 0.174014 0.160142 0.0824315 0.0480064 0.0283245 0.00493863 0.00203355 0 0 0 0 0
 0 0 0 0 0 0 0 0 0 0 0 0 0 0 0 0 0 0 0 0 0 0 0 0 0 0
 0 0 1.00437e-05 0.000401748 0.00122533 0.00171747 0.00176769 0.0269171 0.070346 0.194647 0.189555 0.159765 0.064822 0.0314167 0.0384472 0.0292271 0.0345202 0.0313363 0.0194345 0.0106764 0.0143323 0.0359363 0.0279516 0.0138201 0.00172751 0
 0 0.0021121 0.0136068 0.0755702 0.200478 0.177729 0.0527432 0.0373336 0.0318909 0.0142505 0.0149659 0.0166563 0.0217959 0.0798694 0.0677717 0.0528807 0.04013 0.0224614 0.0357745 0.0225083 0.00881397 0.00855152 0.00135912 0.000746735 0 0
 0 0 0 0 5.4009e-05 0.00500934 0.000945158 0.0243581 0.138947 0.33067 0.221406 0.137944 0.0707744 0.0437923 0.0131692 0.00525238 0.0047753 0.00276346 9.45158e-05 9.00151e-06 2.25038e-05 9.00151e-06 4.50075e-06 0 0 0
 0.000866109 0.00284123 0.00948549 0.0512746 0.133035 0.25785 0.225252 0.132002 0.0553304 0.0519788 0.0540692 0.017754 0.00435017 0.00159236 0.00146478 0.000404838 0.000125132 0.000115318 0.000107957 0.000100596 0 0 0 0 0 0
 0 0 0 0 0.00144013 0.00171154 0.00461396 0.0210425 0.0478622 0.0707936 0.0888783 0.103762 0.0637923 0.0337046 0.0602308 0.124433 0.169614 0.0934646 0.0462172 0.0250306 0.0313229 0.00938855 0.002487 0.000210481 0 0
 0 0.00764035 0.051015 0.0998891 0.058973 0.0496711 0.0374665 0.0718981 0.12319 0.153886 0.159021 0.0857701 0.0377988 0.023471 0.0147837 0.00900784 0.00315554 0.000888139 0.00291439 0.00214683 0.00393193 0.00274676 0.000635225 9.99891e-05 0 0
 0 0 0 0 0 0 0 0 0 0 0 0 0 0 0 0 0 0 0 0 0 0 0 0 0 0
 0 0 0 0 0 0 0 0 0 0 0 0 0 0 0 0 0 0 0 0 0 0 0 0 0 0
 0 0 0 0 0 0 0 0 0 0 0 0 0 0 0 0 0 0 0 0 0 0 0 0 0 0
 0 0 0 0 0 0 0 0 0 0 0 0 0 0 0 0 0 0 0 0 0 0 0 0 0 0
 0 0 0 0 0 0 0 0 0 0 0 0 0 0 0 0 0 0 0 0 0 0 0 0 0 0
 0 0 0 0 0 0 0 0 0 0 0 0 0 0 0 0 0 0 0 0 0 0 0 0 0 0
 0 0 0 0 0 0 0 0 0 0 0 0 0 0 0 0 0 0 0 0 0 0 0 0 0 0
ppred_pel_tallas
 1.17998e-16 2.41475e-05 0.000234722 0.00155981 0.00709069 0.0220619 0.047006 0.0686113 0.0686339 0.0471165 0.0224348 0.00817577 0.00431335 0.00634437 0.0119165 0.020416 0.0311636 0.0428492 0.0540292 0.0638585 0.0722281 0.079106 0.0837588 0.0847329 0.0807257 0.0716081
 1.15924e-16 5.9913e-05 0.000582376 0.00387009 0.0175929 0.054738 0.116625 0.17022 0.170228 0.116664 0.0548683 0.0179709 0.00482536 0.0026898 0.00412924 0.00691364 0.010399 0.0140615 0.0174581 0.0205169 0.0235986 0.0271685 0.031305 0.0354392 0.0385303 0.0395454
 1.10792e-16 5.27754e-05 0.000512996 0.00340904 0.015497 0.0482171 0.102733 0.149946 0.149972 0.102857 0.0486338 0.0167007 0.00643081 0.00711062 0.012587 0.0207394 0.0299133 0.0377311 0.0418387 0.0412329 0.0369082 0.0312205 0.0264674 0.0237602 0.0228445 0.0226843
 1.07486e-16 5.37923e-05 0.00052288 0.00347472 0.0157956 0.0491461 0.104712 0.152834 0.152856 0.104818 0.0495036 0.0168293 0.00607401 0.00621243 0.0109043 0.0180601 0.0262891 0.0336454 0.0381729 0.0389654 0.0366628 0.032916 0.0292766 0.0264087 0.024094 0.0217719
 1.04795e-16 6.25638e-05 0.000608143 0.00404132 0.0183713 0.0571599 0.121786 0.177753 0.177769 0.121862 0.0574169 0.0191141 0.00590846 0.00469245 0.0078441 0.0129343 0.0187816 0.0239499 0.0270191 0.0273431 0.0254139 0.0224722 0.0196908 0.0175813 0.0159807 0.0144432
 1.00102e-16 8.17513e-05 0.000794652 0.00528074 0.0240055 0.07469 0.159135 0.232262 0.232263 0.159138 0.0746992 0.0240322 0.00534776 0.000941042 0.000360043 0.000466537 0.000665778 0.00084058 0.000933052 0.000918637 0.000815937 0.000673137 0.000538234 0.000436202 0.000366397 0.000314948
 1.00411e-16 2.72666e-05 0.000265042 0.0017613 0.00800664 0.024912 0.05308 0.0774851 0.077549 0.0533919 0.0259591 0.0110291 0.00934097 0.0167875 0.0313359 0.0515762 0.0738601 0.0919659 0.0995749 0.0937793 0.07687 0.0549107 0.0342806 0.0188269 0.00923575 0.00418869
 1.11703e-16 3.24524e-05 0.000315449 0.00209627 0.00952935 0.0296494 0.063172 0.0922058 0.0922267 0.0632744 0.0299947 0.0105335 0.00464349 0.00596374 0.0110155 0.0188236 0.028651 0.0392116 0.0490753 0.0573525 0.0638564 0.0685474 0.0708661 0.0697365 0.0643289 0.0548978
 1.05271e-16 7.2838e-05 0.000708012 0.00470499 0.0213882 0.0665466 0.141785 0.20694 0.206944 0.141807 0.0666207 0.0216028 0.00524597 0.00189677 0.00235414 0.00384078 0.00568262 0.00749205 0.00894356 0.00993163 0.0106341 0.0113568 0.0122721 0.01326 0.0139651 0.0140041
 1.00195e-16 8.08132e-05 0.000785533 0.00522014 0.02373 0.0738328 0.157309 0.229597 0.229599 0.157317 0.0738596 0.0238073 0.00541401 0.00120836 0.000882744 0.00132859 0.00189946 0.00237496 0.00259186 0.00247819 0.00209337 0.00159022 0.00112618 0.00079114 0.000593139 0.000490291
 1.00098e-16 7.3851e-05 0.000717858 0.00477042 0.0216856 0.0674721 0.143757 0.209819 0.209829 0.143805 0.0676324 0.0221483 0.0059307 0.00324734 0.00486771 0.00790395 0.0113165 0.0140996 0.0152834 0.0144228 0.0118663 0.00853655 0.00540325 0.00304918 0.0015766 0.000785341
 1.00507e-16 6.97784e-05 0.00067827 0.00450735 0.0204898 0.0637513 0.135829 0.19825 0.198263 0.135894 0.0639681 0.021116 0.00607889 0.00410755 0.00657837 0.0107536 0.0154566 0.019377 0.0212264 0.020405 0.0173521 0.0132472 0.00931231 0.006257 0.00418431 0.00284729
 1.01255e-16 6.37233e-05 0.000619413 0.00411622 0.0187117 0.0582192 0.124043 0.181048 0.181067 0.124134 0.0585247 0.019594 0.00633097 0.0054545 0.00924711 0.0151879 0.0218748 0.02751 0.0303004 0.0294089 0.0254391 0.02001 0.0147791 0.0106799 0.00781303 0.00582339
 1.0205e-16 6.36712e-05 0.000618907 0.00411286 0.0186965 0.0581717 0.123942 0.1809 0.180917 0.124025 0.0584527 0.0195085 0.0061524 0.00507545 0.0085397 0.0140489 0.0203052 0.0256858 0.0285736 0.0282096 0.0251206 0.0207195 0.0164209 0.0129733 0.0103992 0.00836706
 1.01507e-16 7.01212e-05 0.000681604 0.0045295 0.0205904 0.0640645 0.136497 0.199223 0.199235 0.136552 0.06425 0.0211261 0.00587485 0.00362066 0.0056582 0.00925954 0.0133701 0.016893 0.0187578 0.0184681 0.0163829 0.0134524 0.0106278 0.00841209 0.00681328 0.0055905
 1.0015e-16 8.05638e-05 0.000783109 0.00520404 0.0236568 0.0736051 0.156823 0.228889 0.228891 0.156832 0.0736349 0.0237428 0.00542 0.0012545 0.000975601 0.00148476 0.00212959 0.00267472 0.00294053 0.00284575 0.00245112 0.00191736 0.00140903 0.00101873 0.000755305 0.000580653
 1.00844e-16 1.99415e-05 0.000193839 0.00128813 0.0058557 0.0182196 0.0388215 0.0566761 0.0567475 0.0391701 0.0193897 0.00923329 0.00975899 0.0186614 0.0350214 0.0576774 0.0826415 0.102991 0.111683 0.105472 0.0868969 0.0626839 0.0398939 0.022763 0.0120251 0.00621625
 1.00969e-16 7.89143e-05 0.000767075 0.00509749 0.0231724 0.072098 0.153613 0.224202 0.224203 0.153618 0.0721153 0.023223 0.00522655 0.00105601 0.000648642 0.00100195 0.00156202 0.00222586 0.00293686 0.00365316 0.00433898 0.00493364 0.00533125 0.00540788 0.00508812 0.00440124
 1.01463e-16 4.96842e-05 0.000482949 0.00320936 0.0145893 0.045393 0.096716 0.141167 0.141204 0.0968947 0.0459931 0.0163216 0.00755382 0.00995458 0.0180019 0.029588 0.0423986 0.0528606 0.0573762 0.0543041 0.0449715 0.0328442 0.0215353 0.0131738 0.00806013 0.00535594
 1.05531e-16 4.83601e-05 0.000470078 0.00312383 0.0142005 0.0441832 0.0941379 0.137402 0.137427 0.0942574 0.0445851 0.0153636 0.00605207 0.00689094 0.0123259 0.0205162 0.0300482 0.0388164 0.0446586 0.0464976 0.0448561 0.0412719 0.0371492 0.0330291 0.0287272 0.023962
 1.03521e-16 7.00838e-05 0.000681239 0.00452707 0.0205794 0.0640303 0.136424 0.199116 0.199125 0.136466 0.0641714 0.0209877 0.00555422 0.00293103 0.0043652 0.00716493 0.0104557 0.01345 0.015397 0.0159608 0.015401 0.0143474 0.0133542 0.0125954 0.011891 0.0109551
 1.01886e-16 6.72265e-05 0.000653466 0.00434251 0.0197404 0.0614199 0.130862 0.191 0.191015 0.130936 0.061668 0.0204568 0.00614031 0.0045768 0.00751473 0.0123078 0.0177026 0.0222202 0.0244045 0.0235924 0.0203107 0.015925 0.0118271 0.0087896 0.00685933 0.00566679
 1.06372e-16 1.67896e-05 0.000163201 0.00108453 0.00493017 0.0153399 0.0326857 0.0477189 0.0477819 0.0329935 0.0163736 0.00791642 0.00858245 0.0165378 0.0311342 0.0514934 0.0742882 0.0936457 0.103562 0.101229 0.0886607 0.0712408 0.0544307 0.0412322 0.0318674 0.0250912
 1.0547e-16 6.93329e-05 0.00067394 0.00447857 0.0203589 0.0633442 0.134962 0.196981 0.196985 0.134978 0.0633993 0.02052 0.00489054 0.00159882 0.00190087 0.00322899 0.0051034 0.00737779 0.00992898 0.0126692 0.0155093 0.0182381 0.0204422 0.0215939 0.0212904 0.019478
 1.05167e-16 5.41875e-05 0.000526722 0.00350025 0.0159117 0.0495072 0.105481 0.153959 0.153987 0.105617 0.0499631 0.0172278 0.00680245 0.00773047 0.0137215 0.0225643 0.0324254 0.0406364 0.0445382 0.0429569 0.0369415 0.0290968 0.022046 0.0171937 0.0145057 0.0131052
 1.09609e-16 3.47024e-05 0.000337319 0.00224161 0.01019 0.0317052 0.0675527 0.0986029 0.0986399 0.0677339 0.0323141 0.011951 0.0066702 0.0100325 0.0185284 0.0307867 0.0448357 0.0574023 0.0651345 0.0664354 0.0623113 0.0554811 0.0485283 0.0426101 0.0374923 0.0324478
 1.04971e-16 6.98511e-05 0.000678978 0.00451205 0.0205111 0.0638177 0.135971 0.198454 0.198461 0.136001 0.0639216 0.0208123 0.00527213 0.00235214 0.00328857 0.00543454 0.00807811 0.010702 0.0128261 0.0142347 0.0150678 0.0156363 0.0161175 0.0163985 0.0161774 0.0152036
 1.02691e-16 6.49129e-05 0.000630977 0.00419306 0.0190611 0.0593061 0.126359 0.184428 0.184445 0.126443 0.0595908 0.019883 0.00625556 0.00513121 0.00860543 0.0141082 0.0202827 0.0254394 0.0279111 0.0269483 0.023178 0.0181947 0.0136167 0.0103307 0.0083614 0.00723173
 1.0735e-16 2.02708e-05 0.00019704 0.0013094 0.00595238 0.0185204 0.0394617 0.0576076 0.0576651 0.0397426 0.0194639 0.00867854 0.00815605 0.0151552 0.028463 0.0471123 0.0680711 0.086026 0.0955423 0.0940716 0.083409 0.0683583 0.0537509 0.0421777 0.0337518 0.0273359
 1.23784e-16 2.58488e-05 0.00025126 0.00166971 0.00759028 0.0236163 0.0503176 0.0734435 0.0734606 0.0504011 0.0238986 0.00841377 0.00376725 0.00493124 0.009211 0.0159647 0.0248169 0.0350304 0.045779 0.0565781 0.06725 0.0773392 0.0855619 0.0899711 0.088875 0.0818358
 1.0593e-16 7.47103e-05 0.00072621 0.00482592 0.021938 0.0682571 0.145429 0.212259 0.212262 0.145443 0.0683046 0.0220756 0.00517338 0.00149098 0.00154637 0.00249109 0.00371238 0.00496248 0.00606491 0.00699323 0.00789952 0.00899674 0.01037 0.0118618 0.0131137 0.0137286
pSPR Fmed_Fpbrs
0.466821   0.252126 0.252126
Fs Fmed_Fpbrs
0.490116   1.005 1.005
SSBpbr Bo_Bmed_Bpbrs
1.68383e+06  701856  340346 340346
Ro
99266.2
SPR SPRFo_SPRFmed_SPRFpbrs
709547 331231 178895
Fref
1.005
Nvult_r0
 140433 5521.81 2933.11 7022.1 1865.41
CTP_r0
 29026.1 1626.54 863.998 2068.48 549.489
YTP_r0
391177
Np
 167897 55565.7 1765.81 937.973 2789.69
Nvult_p0
 134904 48083.2 1528.02 811.665 2414.03
CTP_p0
 51991.7 24101.6 765.917 406.845 1210.03
YTP_p0
 850545
CBA_c0
528988
log_Ro
11.3256
likeval ReclasPelacesDesembMPH_pf_preclas_ppelaces_ptallas_desvR_qrecl_qpela
 20.7739 34.7261 0.0797889 0.00208774 259.346 118.878 104.392 0 56.916 0 0 0.153138 0 0 0
q_reclas_q_pelaces
1 1
M
1
N
 51965.1 43446.4 80451.8 10983.5 0.178634
 127577 16496.3 12619.4 23367.9 3190.31
 72118.6 34625.4 3727.37 2851.37 6000.87
 36523.9 19474.3 7760.17 835.37 1983.94
 15631.2 5602.7 1763.3 702.644 255.275
 291957 2033 389.395 122.552 66.5766
 26303.8 76558.6 434.708 83.2627 40.4405
 7593.07 4599.34 8550.3 48.5495 13.8155
 20905.1 2183.06 1139.78 2118.88 15.4549
 70152.5 1933.49 87.8552 45.8693 85.8943
 83734.1 10155.2 159.535 7.24907 10.872
 131776 26911.1 3008.52 47.2631 5.36847
 98389.8 30514.4 4714.5 527.056 9.2204
 67867.7 23457.3 5601.39 865.42 98.442
 56519.7 11006.5 2322.07 554.49 95.4141
 446440 10373.4 1328.51 280.278 78.4448
 32764.4 112962 2094.75 268.274 72.4389
 794616 9523.69 28489.1 528.296 85.9276
 328571 237060 2504.14 7490.86 161.503
 185468 92414.5 56715.1 599.1 1830.78
 430637 50537.1 21014.1 12896.5 552.531
 566360 124956 12709.9 5285 3382.39
 45338.7 158361 29614.4 3012.23 2054.15
 333589 14037.9 44193.2 8264.37 1413.86
 220680 104692 4003.26 12602.8 2759.99
 71095.5 69486.2 30014.1 1147.69 4404.35
 272105 22602.6 20230.7 8738.52 1616.46
 346696 84142.4 6294.72 5634.16 2883.81
 44340 113219 25574.3 1913.22 2588.96
 24360.8 14657.8 35091.8 7926.67 1395.44
 195999 7287.62 3871.08 9267.68 2461.95
pred_Ctot
 4557.45 5892.04 10910.6 1489.54 0.0242257
 21677 4184.39 3200.99 5927.41 809.242
 12433.8 8902.16 958.305 733.086 1542.82
 14427.4 10337.3 4119.22 443.428 1053.11
 6931.59 3258.13 1025.41 408.607 148.45
 54479.2 562.186 107.679 33.8892 18.4104
 9257.85 36983.9 209.999 40.2225 19.536
 1069.88 979.733 1821.35 10.3418 2.94293
 11002.6 1443.06 753.422 1400.63 10.2161
 28953.9 1062.9 48.2967 25.2158 47.2187
 6763.32 1272.05 19.9835 0.908025 1.36184
 32042.1 9453.86 1056.89 16.6035 1.88594
 22669.5 10216.6 1578.48 176.466 3.08712
 25602.8 11996.5 2864.67 442.594 50.3453
 18926.9 5100.9 1076.14 256.974 44.2189
 90815.8 3103.87 397.51 83.8633 23.4718
 4430.88 23151.2 429.311 54.9816 14.8461
 96592.5 1764.76 5279.08 97.8942 15.9225
 49981.8 54253.7 573.098 1714.36 36.9616
 31151.7 23192.3 14233.2 150.35 459.452
 58626.4 10422.6 4333.88 2659.72 113.952
 87837 29118.6 2961.8 1231.56 788.198
 4602.78 24716.2 4622.05 470.133 320.601
 31383 2036.69 6411.79 1199.04 205.13
 20356.2 14904.7 569.933 1794.23 392.932
 6176.4 9337.77 4033.39 154.231 591.871
 27814.4 3550.95 3178.31 1372.85 253.952
 24852.6 9389.34 702.42 628.708 321.801
 2867 11429.1 2581.64 193.133 261.346
 2925.68 2685.13 6428.42 1452.07 255.628
 29026.1 1626.54 863.998 2068.48 549.489
F
 0.147436 0.236296 0.236296 0.236296 0.236296
 0.304133 0.487434 0.487434 0.487434 0.487434
 0.309218 0.495583 0.495583 0.495583 0.495583
 0.874718 1.40191 1.40191 1.40191 1.40191
 1.03975 1.66641 1.66641 1.66641 1.66641
 0.33855 0.542594 0.542594 0.542594 0.542594
 0.743802 1.19209 1.19209 1.19209 1.19209
 0.24651 0.395081 0.395081 0.395081 0.395081
 1.38067 2.21279 2.21279 2.21279 2.21279
 0.932688 1.49482 1.49482 1.49482 1.49482
 0.135105 0.216533 0.216533 0.216533 0.216533
 0.462906 0.741898 0.741898 0.741898 0.741898
 0.433757 0.695182 0.695182 0.695182 0.695182
 0.81907 1.31272 1.31272 1.31272 1.31272
 0.695346 1.11443 1.11443 1.11443 1.11443
 0.374249 0.599808 0.599808 0.599808 0.599808
 0.235562 0.377534 0.377534 0.377534 0.377534
 0.209545 0.335837 0.335837 0.335837 0.335837
 0.268468 0.430273 0.430273 0.430273 0.430273
 0.300174 0.481088 0.481088 0.481088 0.481088
 0.237302 0.380323 0.380323 0.380323 0.380323
 0.274352 0.439703 0.439703 0.439703 0.439703
 0.172401 0.276307 0.276307 0.276307 0.276307
 0.15889 0.254652 0.254652 0.254652 0.254652
 0.155584 0.249355 0.249355 0.249355 0.249355
 0.145957 0.233926 0.233926 0.233926 0.233926
 0.173678 0.278354 0.278354 0.278354 0.278354
 0.119126 0.190923 0.190923 0.190923 0.190923
 0.106917 0.171355 0.171355 0.171355 0.171355
 0.206798 0.331435 0.331435 0.331435 0.331435
 0.260541 0.417569 0.417569 0.417569 0.417569
nmprior
 8.19 8.8 8.5 0
nm_flota  nm_reclas  nm_pelaces    nm_pelaL
inf 12.8445 8.07939 15.1214
cv_recla  cv_pelaces  cv_mph
0.412272 0.66819 1.41008
 ------------------------------------------------
Talla a la edad & desviaci?n 
 8 13.2811 15.8009 17.003 17.5766
 0.8 1.32811 1.58009 1.7003 1.75766
