years
 1991 1992 1993 1994 1995 1996 1997 1998 1999 2000 2001 2002 2003 2004 2005 2006 2007 2008 2009 2010 2011 2012 2013 2014 2015 2016 2017 2018 2019 2020 2021
reclasobs
 0 0 0 0 0 0 0 0 0 252601 567819 844713 477998 351125 339783 2.1784e+06 2.13404e+06 4.81314e+06 1.55562e+06 2.62356e+06 3.21686e+06 3.843e+06 1.13348e+06 3.07943e+06 1.97215e+06 2.03268e+06 2.025e+06 2.42433e+06 2.27542e+06 1.05018e+06 2.36338e+06
reclaspred
 3.65785e+06 1.49813e+06 810036 460677 148819 1.64453e+06 679906 310286 164207 206215 363297 616087 576182 406507 330424 1.73479e+06 1.24836e+06 4.01334e+06 3.23612e+06 1.96357e+06 3.72833e+06 3.22659e+06 2.03171e+06 3.51746e+06 2.39751e+06 1.77165e+06 2.57496e+06 3.39071e+06 2.53007e+06 1.13727e+06 1.67203e+06
pelacesobs
 0 0 0 0 0 0 0 0 0 0 0 0 0 0 0 552880 188675 0 991730 2.46772e+06 1.41603e+06 1.21717e+06 2.29649e+06 1.80582e+06 0 1.4828e+06 1.56532e+06 1.57751e+06 1.42118e+06 867257 1.10002e+06
pelacespred
 1.02162e+06 432088 205390 80032.4 28622.8 431348 133813 85585.2 29423.7 41663.5 93030.3 129799 134394 92109.4 75596.5 387281 278684 1.09751e+06 872525 489004 941043 827010 526994 1.04109e+06 668828 492472 832203 1.07235e+06 662669 341886 475208
mphobs
 0 0 0 0 0 0 0 0 0 0 0 498337 0 5186 125008 0 168611 109162 213762 579715 649985 157893 87575 83554 0 0 0 0 0 0 0
mphpred
 680606 344196 109797 77877 28790.1 10553 156785 48892.6 21720.1 7221.42 12566.2 41413.4 52241.6 38164.4 19857.9 22260.1 196080 128190 409836 283799 239875 339993 339939 217532 350655 255239 173245 239280 425001 241565 99042
desembarqueobs
 494567 514787 250237 358949 120608 361735 552515 73892 212993 205616 52469 317467 293654 387597 252695 516296 358380 742168 942051 627588 828172 859565 418607 520667 417249 300574 407403 355545 319650 289779 391294
desembarquepred
 494529 514911 249519 358880 120566 361586 551939 73876.2 212802 205477 52463.2 317281 293447 387110 252477 515994 358284 741784 941025 626869 827848 858996 418435 520529 417071 300430 407246 355422 319523 289618 391151
Reclutas
 46359.6 35892.5 157328 31273.9 14552.6 289075 27114.2 7237.04 21456.8 56542 59434.9 121632 88254.3 67616.1 49428.5 402586 28902.8 654139 326611 192326 384544 514767 41213.9 281385 188971 64833.6 239321 303900 39561.2 21667.2 172752
log_desv_Rt
 -0.650156 -0.906057 0.571746 -1.0438 -1.80882 1.1801 -1.18653 -2.50737 -1.42054 -0.451601 -0.401703 0.314413 -0.00636278 -0.272739 -0.586058 1.51132 -1.12265 1.99673 1.30219 0.772609 1.46547 1.75713 -0.76781 1.15314 0.75501 -0.314761 0.991219 1.23011 -0.808735 -1.41079 0.665274
SSB
 2.21429e+06 1.11981e+06 357215 253366 93665.8 34333 510085 159067 70664.2 23494.2 40883.1 134735 169963 124164 64605.8 72421 637929 417053 1.33336e+06 923315 780411 1.10613e+06 1.10596e+06 707720 1.14082e+06 830396 563636 778475 1.3827e+06 785908 322224
BT
 2.80198e+06 1.53654e+06 709311 455282 170098 1.31531e+06 792734 266134 268723 290907 258287 560533 574353 613853 425536 1.30142e+06 924357 3.20161e+06 2.90492e+06 1.70227e+06 2.86275e+06 2.68921e+06 1.57939e+06 2.8955e+06 1.93402e+06 1.40952e+06 2.34603e+06 2.82805e+06 1.79522e+06 1.09081e+06 1.47791e+06
Ftot
 0.218731 0.539965 0.549255 1.1818 1.2329 0.465877 1.19605 0.39629 2.01099 1.77469 0.296521 0.945482 0.908509 1.60938 1.38824 0.617159 0.469176 0.37629 0.514016 0.554437 0.417383 0.489447 0.33878 0.287893 0.30568 0.29122 0.308868 0.207063 0.207347 0.410214 0.458963
BD_Bspro_t
 0.965725 0.741527 0.452917 0.395339 0.173285 0.096629 0.496231 0.207509 0.140559 0.0670682 0.134943 0.403915 0.329274 0.233906 0.134632 0.154134 0.485368 0.375491 0.588665 0.465561 0.38477 0.466576 0.492452 0.423708 0.572597 0.555074 0.523938 0.62936 0.731036 0.609226 0.440752
BD_Bspro
 3.48783 1.76386 0.562666 0.399088 0.147537 0.0540796 0.803459 0.250554 0.111307 0.0370068 0.0643969 0.212227 0.267717 0.195577 0.101764 0.114074 1.00483 0.656919 2.10024 1.45436 1.22926 1.74232 1.74205 1.11476 1.79697 1.30799 0.88781 1.22621 2.17796 1.23792 0.50755
BD_Bo
 1.36731 0.691475 0.220578 0.156452 0.057838 0.0212004 0.314974 0.0982231 0.0436347 0.0145075 0.025245 0.0831979 0.104951 0.0766707 0.0398937 0.0447195 0.393917 0.257527 0.823343 0.570141 0.481899 0.683031 0.682923 0.437012 0.704452 0.512764 0.348042 0.480703 0.85381 0.485293 0.198971
BD_Brms
 7.65575 3.87166 1.23505 0.875994 0.323843 0.118704 1.76358 0.549964 0.244317 0.0812296 0.14135 0.465836 0.587636 0.42929 0.22337 0.250391 2.2056 1.44193 4.61001 3.1923 2.69822 3.82439 3.82378 2.44689 3.94432 2.87104 1.94873 2.69152 4.7806 2.71722 1.11407
Sel_flota
 0.728555 0.980768 0.998969 0.999946 0.999997
 0.728555 0.980768 0.998969 0.999946 0.999997
 0.728555 0.980768 0.998969 0.999946 0.999997
 0.728555 0.980768 0.998969 0.999946 0.999997
 0.728555 0.980768 0.998969 0.999946 0.999997
 0.728555 0.980768 0.998969 0.999946 0.999997
 0.728555 0.980768 0.998969 0.999946 0.999997
 0.728555 0.980768 0.998969 0.999946 0.999997
 0.728555 0.980768 0.998969 0.999946 0.999997
 0.728555 0.980768 0.998969 0.999946 0.999997
 0.728555 0.980768 0.998969 0.999946 0.999997
 0.728555 0.980768 0.998969 0.999946 0.999997
 0.728555 0.980768 0.998969 0.999946 0.999997
 0.728555 0.980768 0.998969 0.999946 0.999997
 0.728555 0.980768 0.998969 0.999946 0.999997
 0.728555 0.980768 0.998969 0.999946 0.999997
 0.728555 0.980768 0.998969 0.999946 0.999997
 0.728555 0.980768 0.998969 0.999946 0.999997
 0.728555 0.980768 0.998969 0.999946 0.999997
 0.728555 0.980768 0.998969 0.999946 0.999997
 0.728555 0.980768 0.998969 0.999946 0.999997
 0.728555 0.980768 0.998969 0.999946 0.999997
 0.728555 0.980768 0.998969 0.999946 0.999997
 0.728555 0.980768 0.998969 0.999946 0.999997
 0.728555 0.980768 0.998969 0.999946 0.999997
 0.728555 0.980768 0.998969 0.999946 0.999997
 0.728555 0.980768 0.998969 0.999946 0.999997
 0.728555 0.980768 0.998969 0.999946 0.999997
 0.728555 0.980768 0.998969 0.999946 0.999997
 0.728555 0.980768 0.998969 0.999946 0.999997
 0.728555 0.980768 0.998969 0.999946 0.999997
Sel_reclas
 1 1 1 1 1
 1 1 1 1 1
 1 1 1 1 1
 1 1 1 1 1
 1 1 1 1 1
 1 1 1 1 1
 1 1 1 1 1
 1 1 1 1 1
 1 1 1 1 1
 1 1 1 1 1
 1 1 1 1 1
 1 1 1 1 1
 1 1 1 1 1
 1 1 1 1 1
 1 1 1 1 1
 1 1 1 1 1
 1 1 1 1 1
 1 1 1 1 1
 1 1 1 1 1
 1 1 1 1 1
 1 1 1 1 1
 1 1 1 1 1
 1 1 1 1 1
 1 1 1 1 1
 1 1 1 1 1
 1 1 1 1 1
 1 1 1 1 1
 1 1 1 1 1
 1 1 1 1 1
 1 1 1 1 1
 1 1 1 1 1
Sel_pelaces
 1 1 1 1 1
 1 1 1 1 1
 1 1 1 1 1
 1 1 1 1 1
 1 1 1 1 1
 1 1 1 1 1
 1 1 1 1 1
 1 1 1 1 1
 1 1 1 1 1
 1 1 1 1 1
 1 1 1 1 1
 1 1 1 1 1
 1 1 1 1 1
 1 1 1 1 1
 1 1 1 1 1
 1 1 1 1 1
 1 1 1 1 1
 1 1 1 1 1
 1 1 1 1 1
 1 1 1 1 1
 1 1 1 1 1
 1 1 1 1 1
 1 1 1 1 1
 1 1 1 1 1
 1 1 1 1 1
 1 1 1 1 1
 1 1 1 1 1
 1 1 1 1 1
 1 1 1 1 1
 1 1 1 1 1
 1 1 1 1 1
pf_obs 
 0.8446 0.082 0.0669 0.0065 0
 0.8095 0.147 0.0364 0.0071 0
 0.9664 0.0169 0.016 0.0007 0
 0.9276 0.0648 0.0075 0.0001 0
 0.7033 0.2144 0.0806 0.0017 0
 0.9318 0.0425 0.0243 0.0014 0
 0.5671 0.3108 0.0964 0.0239 0.0018
 0.0768 0.2599 0.5324 0.112 0.0189
 0.490249 0.384438 0.106611 0.0170017 0.00170017
 0.7925 0.1577 0.0466 0.003 0.0002
 0.840416 0.127587 0.0312969 0.00059994 9.999e-05
 0.8084 0.0986 0.0794 0.0134 0.0002
 0.7335 0.1905 0.0724 0.0035 0.0001
 0.4001 0.4547 0.1325 0.0127 0
 0.49795 0.308269 0.164784 0.0264974 0.00249975
 0.9179 0.0499 0.0305 0.0017 0
 0.2467 0.6533 0.0926 0.0074 0
 0.9418 0.0223 0.034 0.0019 0
 0.707729 0.231977 0.0356964 0.0245975 0
 0.517169 0.277429 0.184464 0.0207286 0.00020938
 0.811772 0.124168 0.05621 0.00726502 0.000585176
 0.764997 0.148141 0.077277 0.00933861 0.000247198
 0.163321 0.427699 0.378323 0.0303852 0.000271297
 0.753843 0.0900009 0.118128 0.0371064 0.000921714
 0.721811 0.176058 0.0630433 0.0369309 0.00215725
 0.143369 0.312575 0.442814 0.0836902 0.0175525
 0.692698 0.0596174 0.167031 0.0765114 0.00414204
 0.394062 0.376323 0.152708 0.0712218 0.00568511
 0.125707 0.32114 0.495352 0.0537591 0.00404204
 0.23352 0.215282 0.420074 0.123614 0.00750983
 0.774587 0.0839891 0.0768558 0.0609784 0.00358967
pf_pred 
 0.195854 0.22703 0.513059 0.0640555 8.54755e-07
 0.328277 0.169967 0.143712 0.318341 0.0397032
 0.852532 0.0616456 0.0221179 0.0182627 0.0454418
 0.372473 0.561512 0.0279986 0.00980713 0.0282092
 0.548117 0.22187 0.206526 0.00997189 0.0135156
 0.985673 0.00956351 0.00237775 0.00214221 0.000243188
 0.225946 0.766329 0.00519729 0.00126277 0.00126526
 0.300474 0.224292 0.470642 0.00309101 0.00150086
 0.780311 0.083982 0.0441767 0.0906465 0.000883331
 0.958559 0.0362359 0.00204657 0.00102998 0.00212897
 0.88613 0.111219 0.00233053 0.000126427 0.000194709
 0.836398 0.14977 0.0135158 0.000277332 3.8171e-05
 0.737787 0.232887 0.026911 0.00235926 5.49874e-05
 0.735174 0.215412 0.0440274 0.00494396 0.000442856
 0.81645 0.152502 0.025434 0.00500353 0.000610933
 0.976914 0.0203715 0.00226828 0.000365342 8.04969e-05
 0.189721 0.797418 0.0113823 0.00123651 0.000242719
 0.943527 0.0141314 0.0416845 0.000581572 7.54878e-05
 0.572254 0.41054 0.00437633 0.012631 0.000198866
 0.545494 0.299081 0.149317 0.00155486 0.00455259
 0.800333 0.127029 0.0481885 0.0234908 0.000959563
 0.765811 0.199311 0.0223716 0.00829988 0.00420627
 0.1645 0.688662 0.125403 0.013755 0.00767969
 0.796937 0.0438741 0.131702 0.0234779 0.00400834
 0.59351 0.344143 0.0136928 0.0402615 0.00839323
 0.373975 0.419581 0.175359 0.00683295 0.0242523
 0.811986 0.0854258 0.0692303 0.0283403 0.005018
 0.737891 0.224987 0.0170622 0.0135415 0.00651758
 0.198649 0.636299 0.142081 0.0105642 0.0124065
 0.253786 0.189488 0.443866 0.0971667 0.0156922
 0.881647 0.0388332 0.0205322 0.0470413 0.0119467
pobs_RECLAS
 0 0 0 0 0
 0 0 0 0 0
 0 0 0 0 0
 0 0 0 0 0
 0 0 0 0 0
 0 0 0 0 0
 0 0 0 0 0
 0 0 0 0 0
 0 0 0 0 0
 0 0 0 0 0
 0.991045 0.00858322 0.000360255 1.14367e-05 0
 0.934742 0.0480273 0.0164251 0.00080598 0
 0.827803 0.169806 0.00239088 0 0
 0.941827 0.0461693 0.0120037 0 0
 0.791401 0.0380133 0.147996 0.0225897 0
 0.846168 0.0940531 0.0597789 0 0
 0.134021 0.677848 0.182769 0.00536245 0
 0.80878 0.0450904 0.141981 0.00414843 0
 0.846168 0.0940531 0.0597789 0 0
 0.905697 0.0802665 0.012482 0.00150086 5.37128e-05
 0.989698 0.0102097 9.19794e-05 0 0
 0.975433 0.0193895 0.00387452 0.00125025 5.28907e-05
 0.303575 0.632131 0.0575291 0.00676475 0
 0.966965 0.00978017 0.0227588 0.000495775 0
 0.843318 0.132988 0.00938335 0.0141283 0.000182051
 0.564624 0.303363 0.111486 0.0197234 0.00080311
 0.826376 0.0876187 0.0782897 0.00655872 0.00115652
 0.89761 0.0855135 0.0140674 0.00269457 0.000114338
 0.34875 0.467042 0.161289 0.0227151 0.000203297
 0.318654 0.224769 0.449479 0.00709798 0
 0.937255 0.0296025 0.0250945 0.00804832 0
ppred_RECLAS
 0.250437 0.214501 0.475725 0.0593351 7.91725e-07
 0.404311 0.15303 0.12688 0.280764 0.0350147
 0.888953 0.0469734 0.0165261 0.0136313 0.033916
 0.456327 0.487631 0.0237855 0.00832166 0.0239349
 0.634473 0.181513 0.165244 0.00796921 0.0108005
 0.989526 0.00703797 0.00171624 0.00154463 0.000175341
 0.291896 0.701192 0.00465174 0.00112889 0.00113105
 0.371934 0.204017 0.419956 0.00275531 0.00133779
 0.843478 0.0608484 0.0311743 0.0638767 0.000622419
 0.971442 0.0250512 0.00137992 0.000693548 0.00143346
 0.913499 0.0845237 0.00173789 9.41827e-05 0.000145042
 0.877052 0.112752 0.0099636 0.000204216 2.81059e-05
 0.79679 0.180903 0.0204725 0.00179281 4.17827e-05
 0.801617 0.162091 0.0323402 0.0036269 0.000324859
 0.86446 0.113051 0.0184262 0.00362048 0.000442034
 0.983108 0.0149409 0.00163093 0.000262411 5.78145e-05
 0.242162 0.746038 0.0104444 0.00113345 0.000222477
 0.958418 0.0105553 0.0305452 0.000425726 5.52561e-05
 0.64661 0.339449 0.00354855 0.0102312 0.000161074
 0.62317 0.249632 0.122205 0.00127121 0.00372188
 0.846093 0.0986119 0.0366951 0.0178698 0.000729912
 0.817445 0.155823 0.0171533 0.00635732 0.00322164
 0.211558 0.652054 0.116496 0.012765 0.00712661
 0.843807 0.0342556 0.100901 0.0179689 0.00306764
 0.665225 0.28428 0.0110984 0.0326001 0.00679571
 0.449122 0.371533 0.152364 0.00593098 0.0210498
 0.855539 0.0663293 0.0527433 0.0215694 0.00381892
 0.792495 0.178601 0.0132927 0.0105393 0.00507236
 0.25188 0.596332 0.130682 0.00970698 0.0113991
 0.31963 0.175287 0.402777 0.0880817 0.0142242
 0.911484 0.0294376 0.0152659 0.0349398 0.00887285
pobs_PELACES
 0 0 0 0 0
 0 0 0 0 0
 0 0 0 0 0
 0 0 0 0 0
 0 0 0 0 0
 0 0 0 0 0
 0 0 0 0 0
 0 0 0 0 0
 0 0 0 0 0
 0 0 0 0 0
 0 0 0 0 0
 0 0 0 0 0
 0 0 0 0 0
 0 0 0 0 0
 0 0 0 0 0
 0 0 0 0 0
 0.505614 0.472636 0.0217494 0 0
 0 0 0 0 0
 0.443492 0.261883 0.143347 0.151278 0
 0.227955 0.32914 0.350689 0.0885471 0.00366901
 0.970185 0.0296113 0.000203453 0 0
 0.997202 0.00247181 0.000326279 0 0
 0.445219 0.490057 0.0546422 0.010081 0
 0.90214 0.0892962 0.00764917 0.000914606 0
 0 0 0 0 0
 0.581667 0.319106 0.0959925 0.00289975 0.000334073
 0.762889 0.0836404 0.116647 0.0363945 0.000428098
 0.88444 0.0763242 0.0277011 0.0115352 0
 0.521256 0.241999 0.230069 0.00667565 0
 0.616807 0.101726 0.260614 0.0208532 0
 0.833518 0.0704572 0.0857862 0.0102388 0
ppred_PELACES
 0.254049 0.213669 0.473258 0.0590232 7.8756e-07
 0.415787 0.150458 0.124344 0.275103 0.0343084
 0.893575 0.0451077 0.0158174 0.0130445 0.0324556
 0.481003 0.465849 0.0225623 0.0078907 0.0226949
 0.658769 0.170084 0.153697 0.00740937 0.0100416
 0.98993 0.00677306 0.00164702 0.00148211 0.000168243
 0.312905 0.680437 0.00448174 0.00108721 0.00108927
 0.38005 0.201704 0.414209 0.00271726 0.0013193
 0.865221 0.0527974 0.0267248 0.054724 0.000533217
 0.975299 0.0216971 0.00118249 0.000593979 0.00122763
 0.915433 0.0826377 0.00169609 9.19086e-05 0.000141539
 0.885337 0.105204 0.00924395 0.000189408 2.60674e-05
 0.808852 0.170268 0.019164 0.00167774 3.91001e-05
 0.822321 0.145432 0.0287373 0.00322117 0.00028851
 0.877587 0.102244 0.0165265 0.00324576 0.000396274
 0.983947 0.0142049 0.00154486 0.000248512 5.47518e-05
 0.249409 0.738937 0.0103158 0.00111933 0.000219704
 0.959714 0.0102437 0.0295765 0.000412175 5.34969e-05
 0.656352 0.330133 0.00344053 0.00991811 0.000156144
 0.634204 0.242595 0.118366 0.00123105 0.00360426
 0.850679 0.0957612 0.0355452 0.0173074 0.000706938
 0.823509 0.150712 0.0165421 0.00612981 0.00310632
 0.21636 0.648313 0.115592 0.0126646 0.00707051
 0.847116 0.0335757 0.098727 0.0175802 0.00300127
 0.670931 0.279516 0.0108924 0.0319918 0.00666887
 0.455268 0.367598 0.150487 0.00585736 0.0207884
 0.858811 0.0648931 0.0515057 0.0210611 0.00372892
 0.795343 0.17618 0.0130963 0.0103829 0.00499704
 0.255195 0.593841 0.129974 0.00965376 0.0113366
 0.327507 0.173578 0.397869 0.0869969 0.0140489
 0.914667 0.0284332 0.0147045 0.0336498 0.00854521
pobs_pel_tallas
 0 0 0 0 0 0 0 0 0 0 0 0 0 0 0 0 0 0 0 0 0 0 0 0 0 0
 0 0 0 0 0 0 0 0 0 0 0 0 0 0 0 0 0 0 0 0 0 0 0 0 0 0
 0 0 0 0 0 0 0 0 0 0 0 0 0 0 0 0 0 0 0 0 0 0 0 0 0 0
 0 0 0 0 0 0 0 0 0 0 0 0 0 0 0 0 0 0 0 0 0 0 0 0 0 0
 0 0 0 0 0 0 0 0 0 0 0 0 0 0 0 0 0 0 0 0 0 0 0 0 0 0
 0 0 0 0 0 0 0 0 0 0 0 0 0 0 0 0 0 0 0 0 0 0 0 0 0 0
 0 0 0 0 0 0 0 0 0 0 0 0 0 0 0 0 0 0 0 0 0 0 0 0 0 0
 0 0 0 0 0 0 0 0 0 0 0 0 0 0 0 0 0 0 0 0 0 0 0 0 0 0
 0 0 0 0 0 0 0 0 0 0 0 0 0 0 0 0 0 0 0 0 0 0 0 0 0 0
 0 0 0 0 0 0 0 0 0 0 0 0 0 0 0 0 0 0 0 0 0 0 0 0 0 0
 0 0 0 0 0 0 0 0 0 0 0 0 0 0 0 0 0 0 0 0 0 0 0 0 0 0
 0 0 0 0 0 0 0 0 0 0 0 0 0 0 0 0 0 0 0 0 0 0 0 0 0 0
 0.00862536 0 0 0.000197151 0.00414017 0.0128641 0.00837892 0.0270097 0.101434 0.158115 0.152841 0.127902 0.109271 0.109419 0.0830992 0.0579132 0.0238553 0.00714673 0.00463305 0.00128148 0.00103504 0.000492878 0.000147863 0.000147863 4.92878e-05 0
 0 0 0 0 0 0 0 0 0 0 0 0 0 0 0 0 0 0 0 0 0 0 0 0 0 0
 0 0 0 0 0 0 0 0.0054083 0.00873648 0.0413646 0.0450493 0.0745869 0.0622846 0.0627006 0.0613931 0.0827291 0.12552 0.122667 0.0946155 0.0697135 0.0546179 0.0294188 0.0215738 0.0213955 0.0102223 0.00600262
 0 0 0 0 0.00359764 0.0251062 0.0480494 0.140153 0.205849 0.193036 0.1447 0.116669 0.0760912 0.0342217 0.00950174 0.001854 0.000860785 0 0 0 0.000165536 0 0.000143464 0 0 0
 0 0 0 0 0 0 0 0.000145254 0.000435761 0.0275982 0.070085 0.0708112 0.156366 0.174668 0.174014 0.160142 0.0824315 0.0480064 0.0283245 0.00493863 0.00203355 0 0 0 0 0
 0 0 0 0 0 0 0 0 0 0 0 0 0 0 0 0 0 0 0 0 0 0 0 0 0 0
 0 0 1.00437e-05 0.000401748 0.00122533 0.00171747 0.00176769 0.0269171 0.070346 0.194647 0.189555 0.159765 0.064822 0.0314167 0.0384472 0.0292271 0.0345202 0.0313363 0.0194345 0.0106764 0.0143323 0.0359363 0.0279516 0.0138201 0.00172751 0
 0 0.0021121 0.0136068 0.0755702 0.200478 0.177729 0.0527432 0.0373336 0.0318909 0.0142505 0.0149659 0.0166563 0.0217959 0.0798694 0.0677717 0.0528807 0.04013 0.0224614 0.0357745 0.0225083 0.00881397 0.00855152 0.00135912 0.000746735 0 0
 0 0 0 0 5.4009e-05 0.00500934 0.000945158 0.0243581 0.138947 0.33067 0.221406 0.137944 0.0707744 0.0437923 0.0131692 0.00525238 0.0047753 0.00276346 9.45158e-05 9.00151e-06 2.25038e-05 9.00151e-06 4.50075e-06 0 0 0
 0.000866109 0.00284123 0.00948549 0.0512746 0.133035 0.25785 0.225252 0.132002 0.0553304 0.0519788 0.0540692 0.017754 0.00435017 0.00159236 0.00146478 0.000404838 0.000125132 0.000115318 0.000107957 0.000100596 0 0 0 0 0 0
 0 0 0 0 0.00144013 0.00171154 0.00461396 0.0210425 0.0478622 0.0707936 0.0888783 0.103762 0.0637923 0.0337046 0.0602308 0.124433 0.169614 0.0934646 0.0462172 0.0250306 0.0313229 0.00938855 0.002487 0.000210481 0 0
 0 0.00764035 0.051015 0.0998891 0.058973 0.0496711 0.0374665 0.0718981 0.12319 0.153886 0.159021 0.0857701 0.0377988 0.023471 0.0147837 0.00900784 0.00315554 0.000888139 0.00291439 0.00214683 0.00393193 0.00274676 0.000635225 9.99891e-05 0 0
 0 0 0 0 0 0 0 0 0 0 0 0 0 0 0 0 0 0 0 0 0 0 0 0 0 0
 0 0 0 0 0 0 0 0 0 0 0 0 0 0 0 0 0 0 0 0 0 0 0 0 0 0
 0 0 0 0 0 0 0 0 0 0 0 0 0 0 0 0 0 0 0 0 0 0 0 0 0 0
 0 0 0 0 0 0 0 0 0 0 0 0 0 0 0 0 0 0 0 0 0 0 0 0 0 0
 0 0 0 0 0 0 0 0 0 0 0 0 0 0 0 0 0 0 0 0 0 0 0 0 0 0
 0 0 0 0 0 0 0 0 0 0 0 0 0 0 0 0 0 0 0 0 0 0 0 0 0 0
 0 0 0 0 0 0 0 0 0 0 0 0 0 0 0 0 0 0 0 0 0 0 0 0 0 0
ppred_pel_tallas
 1.19632e-16 2.09257e-05 0.000203405 0.0013517 0.00614465 0.0191184 0.0407346 0.0594578 0.0594791 0.040839 0.0194709 0.00717185 0.00396393 0.00601779 0.0113911 0.019653 0.030298 0.0422447 0.0542617 0.0655721 0.0758995 0.084824 0.0911321 0.0929785 0.0888989 0.0788726
 1.37022e-16 3.42479e-05 0.000332901 0.00221225 0.0100566 0.0312898 0.0666667 0.0973051 0.0973199 0.066739 0.0315333 0.0107634 0.00400085 0.00428608 0.00769009 0.0130631 0.0198075 0.0271136 0.0342987 0.0413725 0.0490996 0.0583143 0.0689428 0.0795136 0.0875633 0.0906808
 1.07269e-16 7.36026e-05 0.000715443 0.00475437 0.0216127 0.0672451 0.143273 0.209112 0.209116 0.143294 0.067317 0.0218206 0.0052777 0.00186274 0.00226752 0.00367371 0.00538898 0.00701293 0.00821351 0.00889538 0.00927961 0.0097603 0.0106334 0.0118978 0.0132516 0.0142501
 1.05403e-16 3.96197e-05 0.000385117 0.00255924 0.011634 0.0361978 0.077125 0.112576 0.11262 0.077344 0.0369331 0.0137569 0.00788498 0.012001 0.0220706 0.0363477 0.0521799 0.0652562 0.0712238 0.0681109 0.0575458 0.0437234 0.0309671 0.0217492 0.016298 0.0134707
 1.06922e-16 5.42619e-05 0.000527445 0.00350506 0.0159335 0.0495751 0.105626 0.154167 0.154184 0.105707 0.0498483 0.0167251 0.00550185 0.00491854 0.00848767 0.0141904 0.0210049 0.0275958 0.0325964 0.035311 0.0360038 0.0354783 0.0343412 0.0326147 0.0299535 0.0261493
 1.00227e-16 8.15392e-05 0.00079259 0.00526704 0.0239432 0.0744962 0.158722 0.23166 0.23166 0.158725 0.0745069 0.0239742 0.00534506 0.000963183 0.000406355 0.000544958 0.000782493 0.000995596 0.00112029 0.0011303 0.001048 0.000927564 0.000819651 0.000745456 0.00069556 0.000647032
 1.00597e-16 2.57737e-05 0.000250529 0.00166486 0.00756825 0.023548 0.0501739 0.073244 0.0733094 0.0504935 0.0246208 0.0106651 0.00943098 0.0171797 0.0321056 0.0528483 0.0756863 0.0942492 0.102066 0.0961603 0.0788797 0.0564352 0.0353579 0.0195814 0.00980002 0.00465482
 1.12501e-16 3.13042e-05 0.000304288 0.0020221 0.0091922 0.0286005 0.060937 0.0889436 0.0889636 0.0610352 0.0289318 0.0101568 0.0044716 0.00574502 0.010637 0.0182438 0.0279182 0.0385027 0.04869 0.0576351 0.06507 0.0707608 0.0739122 0.0732607 0.0679005 0.0581339
 1.06364e-16 7.12671e-05 0.000692741 0.00460351 0.0209269 0.0651114 0.138727 0.202477 0.202482 0.138752 0.0651959 0.0211717 0.00522061 0.00204886 0.00267407 0.00438228 0.00648807 0.00856201 0.010239 0.0114064 0.0122752 0.013199 0.0143709 0.0156394 0.016574 0.016709
 1.00308e-16 8.03341e-05 0.000780876 0.00518919 0.0235893 0.0733952 0.156376 0.228236 0.228238 0.156386 0.0734294 0.0236882 0.00543732 0.00132212 0.00110705 0.00169993 0.00243394 0.0030463 0.00333041 0.00319509 0.00271664 0.00209011 0.00151542 0.00110517 0.000866822 0.000744225
 1.00104e-16 7.5403e-05 0.000732944 0.00487067 0.0221414 0.0688901 0.146778 0.214228 0.214236 0.146817 0.0690204 0.0225176 0.00581426 0.00279012 0.00397446 0.0064305 0.00920728 0.0114754 0.0124463 0.0117582 0.00969343 0.00700064 0.00446545 0.00255909 0.00136305 0.000714568
 1.00318e-16 7.29241e-05 0.000708848 0.00471054 0.0214135 0.0666253 0.141953 0.207186 0.207196 0.142002 0.0667914 0.0218932 0.00591432 0.003335 0.00505545 0.0082289 0.0118151 0.0147894 0.0161594 0.015465 0.0130489 0.00982806 0.00675574 0.00439049 0.00281788 0.00184408
 1.00772e-16 6.66241e-05 0.00064761 0.00430359 0.0195635 0.0608695 0.129689 0.189289 0.189305 0.12977 0.0611385 0.0203405 0.00625348 0.00490262 0.00814286 0.0133435 0.0191844 0.0240575 0.0263688 0.0253769 0.0216286 0.0165871 0.0117639 0.00803097 0.0055053 0.00387059
 1.01239e-16 6.77335e-05 0.000658394 0.00437526 0.0198893 0.0618831 0.131849 0.19244 0.192454 0.131918 0.0621133 0.0205544 0.00604531 0.00430593 0.00700025 0.0114789 0.0165593 0.0208845 0.023114 0.0226198 0.0198436 0.0159734 0.012214 0.00922732 0.00706559 0.00546509
 1.00896e-16 7.22857e-05 0.000702643 0.00466931 0.021226 0.066042 0.14071 0.205372 0.205382 0.140758 0.0662038 0.0216932 0.00584221 0.00326356 0.00493726 0.00805124 0.0115986 0.0146005 0.0161098 0.0156872 0.0136539 0.0108639 0.00818632 0.00610171 0.00464792 0.00362408
 1.00083e-16 8.10464e-05 0.0007878 0.00523521 0.0237985 0.074046 0.157763 0.23026 0.230261 0.157769 0.0740684 0.0238633 0.00539787 0.00114277 0.000754791 0.00111847 0.00160072 0.00200719 0.00220051 0.00211895 0.00180856 0.00139177 0.000994764 0.000689844 0.000485766 0.000354787
 1.00637e-16 2.05436e-05 0.000199691 0.00132702 0.00603249 0.0187697 0.0399935 0.0583865 0.0584576 0.0403406 0.019935 0.00939616 0.0097627 0.0185897 0.0348723 0.0574239 0.0822621 0.102484 0.111068 0.10478 0.0861553 0.0619088 0.0390974 0.0219646 0.0112565 0.00551608
 1.00907e-16 7.90504e-05 0.000768398 0.00510627 0.0232124 0.0722223 0.153877 0.224589 0.22459 0.153882 0.0722394 0.0232623 0.00523374 0.0010535 0.000640506 0.000985673 0.00153248 0.00217603 0.00285824 0.00353716 0.00417951 0.00473043 0.00509246 0.00515004 0.00483272 0.00416906
 1.01205e-16 5.40629e-05 0.000525511 0.00349221 0.0158751 0.0493934 0.105239 0.153606 0.153638 0.105394 0.0499141 0.017378 0.00726146 0.00874307 0.0156292 0.0256704 0.0367825 0.0458558 0.0497668 0.0470904 0.0389771 0.0284341 0.0185976 0.0113182 0.00686093 0.00450284
 1.04212e-16 5.22386e-05 0.000507778 0.00337436 0.0153394 0.0477266 0.101687 0.148421 0.148444 0.101802 0.0481129 0.0164567 0.00618505 0.0066635 0.0118012 0.0195777 0.028545 0.036613 0.0416504 0.0426134 0.040074 0.0356651 0.0309423 0.026611 0.0225841 0.0185493
 1.02906e-16 7.00693e-05 0.000681099 0.00452614 0.0205752 0.0640171 0.136396 0.199075 0.199085 0.136441 0.0641694 0.0210154 0.00563317 0.00310423 0.00469125 0.00769547 0.011199 0.0143386 0.0162836 0.0166549 0.0157306 0.0142111 0.0127413 0.0115746 0.0105837 0.00950786
 1.01657e-16 6.78314e-05 0.000659345 0.00438158 0.019918 0.0619725 0.13204 0.192719 0.192733 0.13211 0.0622107 0.0206059 0.00610797 0.00442708 0.0072206 0.0118225 0.0170078 0.0213546 0.0234646 0.0226983 0.0195561 0.0153411 0.011382 0.00841798 0.00649893 0.00528264
 1.05969e-16 1.78214e-05 0.00017323 0.00115118 0.00523313 0.0162826 0.034694 0.05065 0.0507126 0.0349995 0.0173085 0.0081967 0.00859172 0.0164211 0.0308903 0.0510774 0.0736626 0.0928046 0.102533 0.100059 0.0873917 0.0699004 0.0530432 0.0398349 0.0305171 0.0238531
 1.05129e-16 6.97758e-05 0.000678246 0.00450718 0.020489 0.0637489 0.135824 0.19824 0.198243 0.135841 0.0638051 0.0206534 0.00492728 0.00161965 0.00192909 0.00326546 0.00513351 0.00736832 0.0098286 0.0124183 0.0150577 0.0175645 0.0195657 0.0205741 0.0202134 0.0184357
 1.04723e-16 5.52637e-05 0.000537183 0.00356977 0.0162277 0.0504905 0.107576 0.157016 0.157043 0.107708 0.0509318 0.0175018 0.00676651 0.00751075 0.0132855 0.0218417 0.0313835 0.0393229 0.0430815 0.0415177 0.0356421 0.027974 0.0210558 0.0162575 0.0135623 0.0121403
 1.08543e-16 3.74999e-05 0.000364513 0.00242232 0.0110115 0.0342611 0.0729983 0.106551 0.106586 0.0731722 0.0348456 0.0127017 0.00667221 0.00966638 0.0177746 0.029511 0.0429392 0.0548946 0.0621409 0.0631378 0.0588647 0.0519697 0.0449893 0.0390922 0.0340931 0.0293029
 1.04247e-16 7.07392e-05 0.00068761 0.00456941 0.0207719 0.064629 0.137699 0.200977 0.200984 0.13773 0.0647332 0.0210736 0.0053304 0.00236085 0.00328397 0.00541051 0.00800773 0.0105372 0.0124979 0.0136618 0.0141764 0.014385 0.0145197 0.0145304 0.0141673 0.0132048
 1.0231e-16 6.55114e-05 0.000636794 0.00423172 0.0192368 0.0598529 0.127524 0.186128 0.186145 0.127607 0.0601312 0.0200403 0.00624799 0.00503599 0.00841367 0.0137889 0.019819 0.0248475 0.0272397 0.0262574 0.0225089 0.0175517 0.0129721 0.00964844 0.00762256 0.00644754
 1.0679e-16 2.10202e-05 0.000204324 0.0013578 0.00617242 0.019205 0.0409204 0.0597365 0.0597938 0.0412004 0.0201455 0.00888972 0.00818185 0.0151119 0.0283642 0.0469384 0.0677985 0.0856362 0.0950228 0.0934115 0.0825955 0.0673808 0.0526123 0.0409066 0.0324046 0.0259879
 1.22629e-16 2.69764e-05 0.00026222 0.00174255 0.00792137 0.0246464 0.0525124 0.076647 0.0766644 0.0525974 0.0249336 0.00875866 0.00387381 0.0050128 0.00933725 0.0161479 0.0250243 0.0351707 0.045702 0.0561027 0.0662157 0.0756608 0.0832634 0.0871876 0.0858231 0.0787649
 1.05253e-16 7.53399e-05 0.000732331 0.0048666 0.0221228 0.0688324 0.146655 0.214048 0.21405 0.146668 0.068878 0.022255 0.00519988 0.00146556 0.00148523 0.00238383 0.0035448 0.00472215 0.00573911 0.00656256 0.00733273 0.00825405 0.00941738 0.0106908 0.0117569 0.0122615
pSPR Fmed_Fpbrs
0.4137   0.228599 0.228599
Fs Fmed_Fpbrs
0.542467   1.005 1.005
SSBpbr Bo_Bmed_Bpbrs
1.61945e+06  588994  289232 289232
Ro
88817.6
SPR SPRFo_SPRFmed_SPRFpbrs
634862 262642 145129
Fref
1.005
Nvult_r0
 127263 4525.19 2362.52 5409.17 1373.67
CTP_r0
 31890.6 1404.66 742.682 1701.56 432.13
YTP_r0
391151
Np
 147287 45489.4 1386.52 716.033 2019.35
Nvult_p0
 121232 39244.2 1199.62 619.607 1747.43
CTP_p0
 51244.7 19480.5 600.996 310.568 875.891
YTP_p0
 752380
CBA_c0
499520
log_Ro
11.2143
likeval ReclasPelacesDesembMPH_pf_preclas_ppelaces_ptallas_desvR_qrecl_qpela
 12.0306 53.4324 0.0975601 0.000943825 264.003 117.416 105.028 0 57.152 1.34534e-05 0 0.176012 0 0 0
q_reclas_q_pelaces
1.68162 1
M
1
N
 46359.6 40817.9 90707 11314.7 0.150976
 35892.5 14542.4 12116.8 26819.5 3344.77
 157328 8909.63 3150.28 2599.16 6467.05
 31273.9 38790.2 1912.56 669.518 1925.74
 14552.6 4863.59 4477.63 216.072 292.849
 289075 2180.45 533.971 480.688 54.5666
 27114.2 75737.2 507.943 123.34 123.58
 7237.04 4173.15 8621.22 56.5744 27.4688
 21456.8 1994.7 1040.81 2134.74 20.8021
 56542 1823.8 102.098 51.359 106.157
 59434.9 5708.88 117.698 6.37939 9.82439
 121632 17616.7 1570.2 32.198 4.43146
 88254.3 22469.6 2563.96 224.63 5.23526
 67616.1 16748.7 3391 380.594 34.0909
 49428.5 7700.8 1271.12 249.925 30.5151
 402586 6613.54 725.994 116.845 25.7437
 28902.8 94469.2 1328.21 144.174 28.2991
 654139 7554.3 21935.8 305.788 39.6894
 326611 182942 1921.42 5541.25 87.2394
 192326 82622.4 40651.7 422.984 1238.44
 384544 47240.7 17646 8594.96 351.076
 514767 104373 11540.9 4278.29 2168.1
 41213.9 132572 23758.5 2603.76 1453.67
 281385 11845.6 34983 6230.82 1063.73
 188971 83929.6 3285.76 9652.96 2012.24
 64833.6 55639.3 22878 890.684 3161.18
 239321 19291.3 15383.1 6291.87 1114
 303900 70300.4 5242.12 4156.7 2000.54
 39561.2 96143.3 21108.9 1568.12 1841.49
 21667.2 12513.2 28860.7 6312.69 1019.44
 172752 5911.71 3078.56 7047.62 1789.74
pred_Ctot
 4373.38 5069.53 11456.5 1430.34 0.0190865
 7618.01 3944.26 3334.99 7387.44 921.355
 33877.7 2449.66 878.915 725.717 1805.75
 12218.9 18420.3 918.49 321.722 925.398
 5854.43 2369.8 2205.9 106.51 144.36
 54061.3 524.53 130.413 117.494 13.3382
 10682.2 36230.3 245.716 59.7007 59.8188
 1174.47 876.696 1839.61 12.0819 5.86645
 11668.7 1255.86 660.614 1355.52 13.2092
 28663.9 1083.57 61.1988 30.7996 63.6629
 7429.13 932.435 19.5387 1.05994 1.6324
 40445.9 7242.48 653.587 13.411 1.84584
 28479.1 8989.62 1038.79 91.0693 2.12255
 32336.6 9474.88 1936.55 217.46 19.479
 21528.9 4021.3 670.667 131.938 16.1096
 95568.9 1992.88 221.899 35.7404 7.87479
 5438.4 22858.2 326.276 35.4449 6.9576
 101383 1518.44 4479.06 62.4908 8.11128
 66476.4 47690.7 508.38 1467.29 23.1014
 41743.7 22887.1 11426.4 118.985 348.385
 65330.3 10369.2 3933.57 1917.53 78.328
 100463 26146.6 2934.81 1088.82 551.799
 5813.74 24338.5 4431.98 486.126 271.414
 34234.9 1884.75 5657.68 1008.56 172.191
 24285.2 14081.6 560.282 1647.42 343.434
 7971.4 8943.5 3737.83 145.647 516.946
 31047.6 3266.4 2647.13 1083.64 191.871
 27233.2 8303.55 629.711 499.773 240.543
 3549.74 11370.3 2538.9 188.776 221.696
 3625.27 2706.79 6340.52 1388 224.159
 31890.6 1404.66 742.682 1701.56 432.13
F
 0.159358 0.214524 0.218506 0.218719 0.218731
 0.393394 0.52958 0.539408 0.539935 0.539963
 0.400163 0.538691 0.548689 0.549225 0.549253
 0.861009 1.15907 1.18058 1.18174 1.1818
 0.898237 1.20919 1.23163 1.23283 1.2329
 0.339417 0.456917 0.465397 0.465852 0.465876
 0.871386 1.17304 1.19481 1.19598 1.19604
 0.288719 0.388668 0.395881 0.396268 0.396289
 1.46512 1.97232 2.00892 2.01088 2.01099
 1.29296 1.74056 1.77286 1.77459 1.77469
 0.216032 0.290818 0.296216 0.296505 0.29652
 0.688836 0.927298 0.944507 0.94543 0.945479
 0.661899 0.891037 0.907573 0.90846 0.908507
 1.17252 1.57843 1.60772 1.60929 1.60937
 1.01141 1.36154 1.38681 1.38816 1.38823
 0.449635 0.60529 0.616523 0.617126 0.617157
 0.341821 0.460153 0.468692 0.469151 0.469175
 0.274148 0.369053 0.375902 0.376269 0.376289
 0.374489 0.50413 0.513486 0.513988 0.514015
 0.403938 0.543774 0.553865 0.554407 0.554435
 0.304087 0.409356 0.416953 0.41736 0.417382
 0.356589 0.480034 0.488943 0.489421 0.489446
 0.24682 0.332265 0.338431 0.338762 0.338779
 0.209746 0.282356 0.287596 0.287877 0.287892
 0.222705 0.299801 0.305365 0.305663 0.305679
 0.21217 0.285619 0.29092 0.291204 0.291219
 0.225027 0.302927 0.308549 0.308851 0.308867
 0.150857 0.203081 0.20685 0.207052 0.207063
 0.151064 0.203359 0.207133 0.207336 0.207346
 0.298864 0.402325 0.409791 0.410192 0.410213
 0.33438 0.450136 0.45849 0.458938 0.458962
nmprior
 8.19 8.8 8.5 0
nm_flota  nm_reclas  nm_pelaces    nm_pelaL
inf 15.3586 8.01519 14.9654
cv_recla  cv_pelaces  cv_mph
0.313738 0.828847 0.948094
 ------------------------------------------------
Talla a la edad & desviaci?n 
 8 13.2811 15.8009 17.003 17.5766
 0.8 1.32811 1.58009 1.7003 1.75766
