years
 1991 1992 1993 1994 1995 1996 1997 1998 1999 2000 2001 2002 2003 2004 2005 2006 2007 2008 2009 2010 2011 2012 2013 2014 2015 2016 2017 2018 2019 2020 2021
reclasobs
 0 0 0 0 0 0 0 0 0 252601 567819 844713 477998 351125 339783 2.1784e+06 2.13404e+06 4.81314e+06 1.55562e+06 2.62356e+06 3.21686e+06 3.843e+06 1.13348e+06 3.07943e+06 1.97215e+06 2.03268e+06 2.025e+06 2.42433e+06 2.27542e+06 1.05018e+06 2.36338e+06
reclaspred
 3.18831e+06 1.73251e+06 876947 890775 898456 1.62409e+06 887876 751786 527867 349922 499338 692724 680981 495778 479953 1.38355e+06 1.18386e+06 3.21014e+06 2.50957e+06 1.81579e+06 3.12988e+06 2.56528e+06 1.91828e+06 3.05822e+06 2.26267e+06 1.98294e+06 2.41074e+06 2.6631e+06 2.09661e+06 1.23226e+06 1.83694e+06
pelacesobs
 0 0 0 0 0 0 0 0 0 0 0 0 0 0 0 552880 188675 0 991730 2.46772e+06 1.41603e+06 1.21717e+06 2.29649e+06 1.80582e+06 0 1.4828e+06 1.56532e+06 1.57751e+06 1.42118e+06 867257 1.10002e+06
pelacespred
 1.748e+06 1.0331e+06 506346 422426 468739 880080 414388 476206 300774 181287 285071 326103 356616 261144 262481 644519 563716 1.79698e+06 1.41326e+06 928215 1.6269e+06 1.37865e+06 1.06823e+06 1.88837e+06 1.32945e+06 1.17533e+06 1.63079e+06 1.77688e+06 1.16433e+06 759348 1.108e+06
mphobs
 0 0 0 0 0 0 0 0 0 0 0 498337 0 5186 125008 0 168611 109162 213762 579715 649985 157893 87575 83554 0 0 0 0 0 0 0
mphpred
 491868 329499 156862 87151 93491.3 113202 161237 83225.6 74558.6 45357.9 27357 60959.3 65886 53422.9 31523.7 39969.2 155143 131051 323307 220443 232009 283955 272598 213694 311665 256358 207225 226805 333776 213396 121277
desembarqueobs
 494567 514787 250237 358949 120608 361735 552515 73892 212993 205616 52469 317467 293654 387597 252695 516296 358380 742168 942051 627588 828172 859565 418607 520667 417249 300574 407403 355545 319650 289779 391294
desembarquepred
 494568 513931 250608 358984 120614 361736 552513 73897.1 213052 205669 52471.6 317519 293676 387545 252659 516203 358399 741989 941696 627329 828242 859501 418597 520685 417225 300565 407387 355507 319619 289772 391292
Reclutas
 165846 91771 92014.9 133829 108354 208613 79100.1 32536.9 32779.2 44540.5 82928.5 123778 103319 72282.7 64792.2 353528 65422.2 580678 312873 256018 344410 482319 91370.7 270824 233326 100335 228221 261539 75605.3 53172.1 200674
log_desv_Rt
 0.238812 -0.352948 -0.350294 0.0243195 -0.186837 0.468236 -0.50153 -1.38987 -1.38245 -1.07585 -0.454266 -0.053753 -0.234423 -0.59166 -0.701059 0.995719 -0.691384 1.49195 0.873552 0.673003 0.969588 1.30636 -0.35732 0.729224 0.58019 -0.263732 0.558068 0.694339 -0.546718 -0.898711 0.429435
SSB
 1.84255e+06 1.23431e+06 587608 326470 350221 424057 603998 311765 279298 169912 102480 228355 246810 200123 118088 149725 581169 490918 1.21112e+06 825784 869110 1.0637e+06 1.02116e+06 800502 1.1675e+06 960324 776270 849615 1.25033e+06 799387 454306
BT
 2.63984e+06 1.81442e+06 883562 838481 695888 1.44573e+06 1.01838e+06 677453 597461 429777 414130 684337 725506 739155 593493 1.25595e+06 999999 2.99568e+06 2.71394e+06 1.74718e+06 2.77907e+06 2.5645e+06 1.72702e+06 2.93348e+06 2.08656e+06 1.7709e+06 2.52756e+06 2.65515e+06 1.74565e+06 1.25106e+06 1.80938e+06
Ftot
 0.226825 0.419417 0.412768 0.633722 0.21275 0.372956 0.869098 0.153382 0.61725 0.886011 0.187951 0.732216 0.683851 1.2006 0.888524 0.675395 0.449799 0.41137 0.578861 0.543357 0.429457 0.538281 0.323701 0.289223 0.286439 0.231274 0.283579 0.228782 0.21948 0.341882 0.367763
BD_Bspro_t
 0.964512 0.761443 0.545576 0.444233 0.434314 0.532399 0.541701 0.340653 0.393785 0.326808 0.281524 0.551241 0.431597 0.337069 0.223379 0.269566 0.468745 0.415992 0.567665 0.444036 0.410739 0.45749 0.475823 0.454306 0.580282 0.590501 0.595014 0.64643 0.713948 0.618262 0.517762
BD_Bspro
 1.97356 1.32207 0.629388 0.349682 0.375122 0.454208 0.646943 0.333932 0.299157 0.181993 0.109766 0.244591 0.264359 0.214353 0.126485 0.160371 0.622491 0.525824 1.29723 0.884499 0.930906 1.13933 1.09377 0.85742 1.25052 1.0286 0.831465 0.910025 1.33924 0.856225 0.486608
BD_Bo
 1.28365 0.859905 0.409368 0.227441 0.243988 0.295427 0.420786 0.217197 0.194578 0.118372 0.0713945 0.159088 0.171945 0.13942 0.0822685 0.104309 0.404882 0.342007 0.843747 0.575298 0.605482 0.741048 0.71141 0.557685 0.813363 0.669027 0.540803 0.5919 0.871068 0.556908 0.316501
BD_Brms
 6.80716 4.56006 2.17087 1.20612 1.29386 1.56664 2.23142 1.15179 1.03185 0.627727 0.378604 0.84364 0.911822 0.739341 0.436268 0.553149 2.14708 1.81366 4.47438 3.0508 3.21086 3.92977 3.7726 2.9574 4.31325 3.54784 2.86787 3.13884 4.61926 2.95327 1.6784
Sel_flota
 0.687598 0.976646 0.998743 0.999934 0.999997
 0.687598 0.976646 0.998743 0.999934 0.999997
 0.687598 0.976646 0.998743 0.999934 0.999997
 0.687598 0.976646 0.998743 0.999934 0.999997
 0.687598 0.976646 0.998743 0.999934 0.999997
 0.687598 0.976646 0.998743 0.999934 0.999997
 0.687598 0.976646 0.998743 0.999934 0.999997
 0.687598 0.976646 0.998743 0.999934 0.999997
 0.687598 0.976646 0.998743 0.999934 0.999997
 0.687598 0.976646 0.998743 0.999934 0.999997
 0.687598 0.976646 0.998743 0.999934 0.999997
 0.687598 0.976646 0.998743 0.999934 0.999997
 0.687598 0.976646 0.998743 0.999934 0.999997
 0.687598 0.976646 0.998743 0.999934 0.999997
 0.687598 0.976646 0.998743 0.999934 0.999997
 0.687598 0.976646 0.998743 0.999934 0.999997
 0.687598 0.976646 0.998743 0.999934 0.999997
 0.687598 0.976646 0.998743 0.999934 0.999997
 0.687598 0.976646 0.998743 0.999934 0.999997
 0.687598 0.976646 0.998743 0.999934 0.999997
 0.687598 0.976646 0.998743 0.999934 0.999997
 0.687598 0.976646 0.998743 0.999934 0.999997
 0.687598 0.976646 0.998743 0.999934 0.999997
 0.687598 0.976646 0.998743 0.999934 0.999997
 0.687598 0.976646 0.998743 0.999934 0.999997
 0.687598 0.976646 0.998743 0.999934 0.999997
 0.687598 0.976646 0.998743 0.999934 0.999997
 0.687598 0.976646 0.998743 0.999934 0.999997
 0.687598 0.976646 0.998743 0.999934 0.999997
 0.687598 0.976646 0.998743 0.999934 0.999997
 0.687598 0.976646 0.998743 0.999934 0.999997
Sel_reclas
 1 1 1 1 1
 1 1 1 1 1
 1 1 1 1 1
 1 1 1 1 1
 1 1 1 1 1
 1 1 1 1 1
 1 1 1 1 1
 1 1 1 1 1
 1 1 1 1 1
 1 1 1 1 1
 1 1 1 1 1
 1 1 1 1 1
 1 1 1 1 1
 1 1 1 1 1
 1 1 1 1 1
 1 1 1 1 1
 1 1 1 1 1
 1 1 1 1 1
 1 1 1 1 1
 1 1 1 1 1
 1 1 1 1 1
 1 1 1 1 1
 1 1 1 1 1
 1 1 1 1 1
 1 1 1 1 1
 1 1 1 1 1
 1 1 1 1 1
 1 1 1 1 1
 1 1 1 1 1
 1 1 1 1 1
 1 1 1 1 1
Sel_pelaces
 0.966598 1 1 1 1
 0.966598 1 1 1 1
 0.966598 1 1 1 1
 0.966598 1 1 1 1
 0.966598 1 1 1 1
 0.966598 1 1 1 1
 0.966598 1 1 1 1
 0.966598 1 1 1 1
 0.966598 1 1 1 1
 0.966598 1 1 1 1
 0.966598 1 1 1 1
 0.966598 1 1 1 1
 0.966598 1 1 1 1
 0.966598 1 1 1 1
 0.966598 1 1 1 1
 0.966598 1 1 1 1
 0.966598 1 1 1 1
 0.966598 1 1 1 1
 0.966598 1 1 1 1
 0.966598 1 1 1 1
 0.966598 1 1 1 1
 0.966598 1 1 1 1
 0.966598 1 1 1 1
 0.966598 1 1 1 1
 0.966598 1 1 1 1
 0.966598 1 1 1 1
 0.966598 1 1 1 1
 0.966598 1 1 1 1
 0.966598 1 1 1 1
 0.966598 1 1 1 1
 0.966598 1 1 1 1
pf_obs 
 0.8446 0.082 0.0669 0.0065 0
 0.8095 0.147 0.0364 0.0071 0
 0.9664 0.0169 0.016 0.0007 0
 0.9276 0.0648 0.0075 0.0001 0
 0.7033 0.2144 0.0806 0.0017 0
 0.9318 0.0425 0.0243 0.0014 0
 0.5671 0.3108 0.0964 0.0239 0.0018
 0.0768 0.2599 0.5324 0.112 0.0189
 0.490249 0.384438 0.106611 0.0170017 0.00170017
 0.7925 0.1577 0.0466 0.003 0.0002
 0.840416 0.127587 0.0312969 0.00059994 9.999e-05
 0.8084 0.0986 0.0794 0.0134 0.0002
 0.7335 0.1905 0.0724 0.0035 0.0001
 0.4001 0.4547 0.1325 0.0127 0
 0.49795 0.308269 0.164784 0.0264974 0.00249975
 0.9179 0.0499 0.0305 0.0017 0
 0.2467 0.6533 0.0926 0.0074 0
 0.9418 0.0223 0.034 0.0019 0
 0.707729 0.231977 0.0356964 0.0245975 0
 0.517169 0.277429 0.184464 0.0207286 0.00020938
 0.811772 0.124168 0.05621 0.00726502 0.000585176
 0.764997 0.148141 0.077277 0.00933861 0.000247198
 0.163321 0.427699 0.378323 0.0303852 0.000271297
 0.753843 0.0900009 0.118128 0.0371064 0.000921714
 0.721811 0.176058 0.0630433 0.0369309 0.00215725
 0.143369 0.312575 0.442814 0.0836902 0.0175525
 0.692698 0.0596174 0.167031 0.0765114 0.00414204
 0.394062 0.376323 0.152708 0.0712218 0.00568511
 0.125707 0.32114 0.495352 0.0537591 0.00404204
 0.23352 0.215282 0.420074 0.123614 0.00750983
 0.774587 0.0839891 0.0768558 0.0609784 0.00358967
pf_pred 
 0.492418 0.144554 0.33897 0.0240567 8.63335e-07
 0.433087 0.333709 0.0675821 0.154659 0.0109623
 0.590245 0.220022 0.112972 0.022268 0.0544925
 0.731171 0.184565 0.0458253 0.0229013 0.0155372
 0.665672 0.271043 0.0438666 0.0105686 0.00885042
 0.767785 0.172538 0.0486036 0.00767837 0.00339459
 0.460986 0.448722 0.0675474 0.0185289 0.0042152
 0.459726 0.315517 0.188165 0.0273871 0.00920481
 0.558488 0.243654 0.116684 0.0679731 0.0132017
 0.744215 0.170631 0.0476405 0.0221376 0.0153757
 0.847282 0.126484 0.0177022 0.00477747 0.00375492
 0.757713 0.215482 0.0222925 0.00304607 0.00146627
 0.70345 0.247182 0.0440606 0.00441564 0.000892246
 0.65625 0.271848 0.060242 0.0104081 0.00125173
 0.76835 0.178768 0.0421631 0.00898331 0.00173504
 0.945983 0.0457065 0.00646356 0.0014732 0.000373813
 0.363895 0.613955 0.0188316 0.0025822 0.000736654
 0.918295 0.0378748 0.0423443 0.00126358 0.000222362
 0.579434 0.397341 0.0109229 0.0118864 0.000416509
 0.627767 0.253523 0.11234 0.00299865 0.00337218
 0.739579 0.188362 0.0495287 0.0213226 0.00120729
 0.756205 0.197852 0.0334843 0.00856774 0.00389165
 0.310613 0.570143 0.0972993 0.0160003 0.00594437
 0.745616 0.101762 0.126783 0.0210885 0.00474964
 0.628401 0.302233 0.0281725 0.0342268 0.00696586
 0.423337 0.411217 0.135209 0.0122908 0.0179468
 0.731715 0.138759 0.0930138 0.0298464 0.00666579
 0.686897 0.250934 0.0325491 0.0212782 0.0083414
 0.3359 0.505664 0.127602 0.0161538 0.0146805
 0.408306 0.250862 0.261027 0.0642909 0.015515
 0.829013 0.087011 0.0361436 0.0366448 0.011188
pobs_RECLAS
 0 0 0 0 0
 0 0 0 0 0
 0 0 0 0 0
 0 0 0 0 0
 0 0 0 0 0
 0 0 0 0 0
 0 0 0 0 0
 0 0 0 0 0
 0 0 0 0 0
 0 0 0 0 0
 0.991045 0.00858322 0.000360255 1.14367e-05 0
 0.934742 0.0480273 0.0164251 0.00080598 0
 0.827803 0.169806 0.00239088 0 0
 0.941827 0.0461693 0.0120037 0 0
 0.791401 0.0380133 0.147996 0.0225897 0
 0.846168 0.0940531 0.0597789 0 0
 0.134021 0.677848 0.182769 0.00536245 0
 0.80878 0.0450904 0.141981 0.00414843 0
 0.846168 0.0940531 0.0597789 0 0
 0.905697 0.0802665 0.012482 0.00150086 5.37128e-05
 0.989698 0.0102097 9.19794e-05 0 0
 0.975433 0.0193895 0.00387452 0.00125025 5.28907e-05
 0.303575 0.632131 0.0575291 0.00676475 0
 0.966965 0.00978017 0.0227588 0.000495775 0
 0.843318 0.132988 0.00938335 0.0141283 0.000182051
 0.564624 0.303363 0.111486 0.0197234 0.00080311
 0.826376 0.0876187 0.0782897 0.00655872 0.00115652
 0.89761 0.0855135 0.0140674 0.00269457 0.000114338
 0.34875 0.467042 0.161289 0.0227151 0.000203297
 0.318654 0.224769 0.449479 0.00709798 0
 0.937255 0.0296025 0.0250945 0.00804832 0
ppred_RECLAS
 0.584992 0.12014 0.27535 0.0195178 7.00399e-07
 0.52618 0.281695 0.0557271 0.12737 0.00902743
 0.676969 0.175375 0.0879643 0.0173171 0.0423741
 0.799256 0.138887 0.0336599 0.0167999 0.011397
 0.740745 0.211097 0.0333935 0.00803556 0.00672876
 0.826956 0.129346 0.0355979 0.00561676 0.002483
 0.558032 0.369493 0.0542373 0.0148578 0.00337981
 0.55058 0.264953 0.154465 0.022455 0.00754665
 0.649902 0.195338 0.0913158 0.0531267 0.0103176
 0.811957 0.126517 0.0344423 0.0159831 0.0111003
 0.888293 0.0928828 0.0127068 0.00342517 0.00269188
 0.820692 0.159905 0.016141 0.00220262 0.00106019
 0.776187 0.187309 0.0325837 0.00326121 0.000658931
 0.742199 0.205023 0.0442295 0.00763066 0.000917632
 0.830782 0.131345 0.0302048 0.0064268 0.00124119
 0.962386 0.031947 0.00440907 0.00100363 0.000254645
 0.452067 0.529285 0.015857 0.0021716 0.000619476
 0.942446 0.0270154 0.0295048 0.000879344 0.000154734
 0.666557 0.315453 0.00846628 0.00920131 0.0003224
 0.710847 0.198434 0.0858563 0.00228882 0.00257376
 0.804534 0.142309 0.0365516 0.0157161 0.000889794
 0.818403 0.148042 0.0244643 0.00625183 0.00283952
 0.393484 0.503618 0.0839806 0.0137931 0.00512402
 0.809783 0.0771573 0.093939 0.0156061 0.00351466
 0.708686 0.237979 0.021678 0.0263042 0.00535311
 0.513721 0.349053 0.112172 0.0101843 0.01487
 0.797979 0.105665 0.0692179 0.0221836 0.00495407
 0.759072 0.193984 0.0245928 0.0160574 0.00629435
 0.420889 0.443366 0.109353 0.0138268 0.0125649
 0.500926 0.214461 0.218035 0.0536357 0.0129428
 0.875722 0.0639867 0.0259681 0.0262956 0.0080278
pobs_PELACES
 0 0 0 0 0
 0 0 0 0 0
 0 0 0 0 0
 0 0 0 0 0
 0 0 0 0 0
 0 0 0 0 0
 0 0 0 0 0
 0 0 0 0 0
 0 0 0 0 0
 0 0 0 0 0
 0 0 0 0 0
 0 0 0 0 0
 0 0 0 0 0
 0 0 0 0 0
 0 0 0 0 0
 0 0 0 0 0
 0.505614 0.472636 0.0217494 0 0
 0 0 0 0 0
 0.443492 0.261883 0.143347 0.151278 0
 0.227955 0.32914 0.350689 0.0885471 0.00366901
 0.970185 0.0296113 0.000203453 0 0
 0.997202 0.00247181 0.000326279 0 0
 0.445219 0.490057 0.0546422 0.010081 0
 0.90214 0.0892962 0.00764917 0.000914606 0
 0 0 0 0 0
 0.581667 0.319106 0.0959925 0.00289975 0.000334073
 0.762889 0.0836404 0.116647 0.0363945 0.000428098
 0.88444 0.0763242 0.0277011 0.0115352 0
 0.521256 0.241999 0.230069 0.00667565 0
 0.616807 0.101726 0.260614 0.0208532 0
 0.833518 0.0704572 0.0857862 0.0102388 0
ppred_PELACES
 0.58228 0.121067 0.277017 0.0196342 7.04574e-07
 0.528005 0.280971 0.0554142 0.126634 0.00897518
 0.678456 0.174814 0.0874191 0.017207 0.0421044
 0.8037 0.13601 0.0328107 0.016372 0.0111066
 0.738166 0.21326 0.0336832 0.00810461 0.00678655
 0.827285 0.12919 0.0354584 0.00559394 0.00247289
 0.57032 0.359598 0.0524513 0.0143637 0.00326734
 0.545904 0.267834 0.15597 0.0226724 0.00761968
 0.656006 0.192322 0.0895025 0.0520591 0.0101101
 0.819872 0.121454 0.0328511 0.0152394 0.0105836
 0.886715 0.0942174 0.0128717 0.00346936 0.00272661
 0.825993 0.155267 0.0155894 0.00212674 0.00102365
 0.78171 0.182837 0.0316474 0.00316665 0.000639816
 0.757639 0.193092 0.0412925 0.00712058 0.000856271
 0.838 0.125926 0.0287717 0.00611974 0.00118186
 0.963499 0.0310247 0.00426074 0.000969605 0.00024601
 0.454308 0.527179 0.0157422 0.0021555 0.000614877
 0.942817 0.0268841 0.0292734 0.000872308 0.000153495
 0.671313 0.311026 0.00831231 0.00903191 0.000316461
 0.714758 0.195994 0.0844655 0.00225126 0.0025315
 0.805766 0.141534 0.0362388 0.015579 0.000882024
 0.821078 0.145968 0.0240271 0.0061388 0.00278815
 0.392842 0.504355 0.0839052 0.013779 0.00511874
 0.808993 0.0775758 0.0942495 0.0156559 0.00352585
 0.707393 0.239129 0.0217373 0.0263733 0.00536713
 0.510864 0.351271 0.112695 0.0102309 0.0149379
 0.797023 0.106272 0.0694715 0.0222623 0.00497163
 0.756904 0.195794 0.024781 0.0161788 0.00634191
 0.417807 0.445895 0.109801 0.0138822 0.0126153
 0.500945 0.214761 0.217797 0.0535699 0.0129268
 0.875988 0.0639353 0.0258778 0.0262004 0.00799866
pobs_pel_tallas
 0 0 0 0 0 0 0 0 0 0 0 0 0 0 0 0 0 0 0 0 0 0 0 0 0 0
 0 0 0 0 0 0 0 0 0 0 0 0 0 0 0 0 0 0 0 0 0 0 0 0 0 0
 0 0 0 0 0 0 0 0 0 0 0 0 0 0 0 0 0 0 0 0 0 0 0 0 0 0
 0 0 0 0 0 0 0 0 0 0 0 0 0 0 0 0 0 0 0 0 0 0 0 0 0 0
 0 0 0 0 0 0 0 0 0 0 0 0 0 0 0 0 0 0 0 0 0 0 0 0 0 0
 0 0 0 0 0 0 0 0 0 0 0 0 0 0 0 0 0 0 0 0 0 0 0 0 0 0
 0 0 0 0 0 0 0 0 0 0 0 0 0 0 0 0 0 0 0 0 0 0 0 0 0 0
 0 0 0 0 0 0 0 0 0 0 0 0 0 0 0 0 0 0 0 0 0 0 0 0 0 0
 0 0 0 0 0 0 0 0 0 0 0 0 0 0 0 0 0 0 0 0 0 0 0 0 0 0
 0 0 0 0 0 0 0 0 0 0 0 0 0 0 0 0 0 0 0 0 0 0 0 0 0 0
 0 0 0 0 0 0 0 0 0 0 0 0 0 0 0 0 0 0 0 0 0 0 0 0 0 0
 0 0 0 0 0 0 0 0 0 0 0 0 0 0 0 0 0 0 0 0 0 0 0 0 0 0
 0.00862536 0 0 0.000197151 0.00414017 0.0128641 0.00837892 0.0270097 0.101434 0.158115 0.152841 0.127902 0.109271 0.109419 0.0830992 0.0579132 0.0238553 0.00714673 0.00463305 0.00128148 0.00103504 0.000492878 0.000147863 0.000147863 4.92878e-05 0
 0 0 0 0 0 0 0 0 0 0 0 0 0 0 0 0 0 0 0 0 0 0 0 0 0 0
 0 0 0 0 0 0 0 0.0054083 0.00873648 0.0413646 0.0450493 0.0745869 0.0622846 0.0627006 0.0613931 0.0827291 0.12552 0.122667 0.0946155 0.0697135 0.0546179 0.0294188 0.0215738 0.0213955 0.0102223 0.00600262
 0 0 0 0 0.00359764 0.0251062 0.0480494 0.140153 0.205849 0.193036 0.1447 0.116669 0.0760912 0.0342217 0.00950174 0.001854 0.000860785 0 0 0 0.000165536 0 0.000143464 0 0 0
 0 0 0 0 0 0 0 0.000145254 0.000435761 0.0275982 0.070085 0.0708112 0.156366 0.174668 0.174014 0.160142 0.0824315 0.0480064 0.0283245 0.00493863 0.00203355 0 0 0 0 0
 0 0 0 0 0 0 0 0 0 0 0 0 0 0 0 0 0 0 0 0 0 0 0 0 0 0
 0 0 1.00437e-05 0.000401748 0.00122533 0.00171747 0.00176769 0.0269171 0.070346 0.194647 0.189555 0.159765 0.064822 0.0314167 0.0384472 0.0292271 0.0345202 0.0313363 0.0194345 0.0106764 0.0143323 0.0359363 0.0279516 0.0138201 0.00172751 0
 0 0.0021121 0.0136068 0.0755702 0.200478 0.177729 0.0527432 0.0373336 0.0318909 0.0142505 0.0149659 0.0166563 0.0217959 0.0798694 0.0677717 0.0528807 0.04013 0.0224614 0.0357745 0.0225083 0.00881397 0.00855152 0.00135912 0.000746735 0 0
 0 0 0 0 5.4009e-05 0.00500934 0.000945158 0.0243581 0.138947 0.33067 0.221406 0.137944 0.0707744 0.0437923 0.0131692 0.00525238 0.0047753 0.00276346 9.45158e-05 9.00151e-06 2.25038e-05 9.00151e-06 4.50075e-06 0 0 0
 0.000866109 0.00284123 0.00948549 0.0512746 0.133035 0.25785 0.225252 0.132002 0.0553304 0.0519788 0.0540692 0.017754 0.00435017 0.00159236 0.00146478 0.000404838 0.000125132 0.000115318 0.000107957 0.000100596 0 0 0 0 0 0
 0 0 0 0 0.00144013 0.00171154 0.00461396 0.0210425 0.0478622 0.0707936 0.0888783 0.103762 0.0637923 0.0337046 0.0602308 0.124433 0.169614 0.0934646 0.0462172 0.0250306 0.0313229 0.00938855 0.002487 0.000210481 0 0
 0 0.00764035 0.051015 0.0998891 0.058973 0.0496711 0.0374665 0.0718981 0.12319 0.153886 0.159021 0.0857701 0.0377988 0.023471 0.0147837 0.00900784 0.00315554 0.000888139 0.00291439 0.00214683 0.00393193 0.00274676 0.000635225 9.99891e-05 0 0
 0 0 0 0 0 0 0 0 0 0 0 0 0 0 0 0 0 0 0 0 0 0 0 0 0 0
 0 0 0 0 0 0 0 0 0 0 0 0 0 0 0 0 0 0 0 0 0 0 0 0 0 0
 0 0 0 0 0 0 0 0 0 0 0 0 0 0 0 0 0 0 0 0 0 0 0 0 0 0
 0 0 0 0 0 0 0 0 0 0 0 0 0 0 0 0 0 0 0 0 0 0 0 0 0 0
 0 0 0 0 0 0 0 0 0 0 0 0 0 0 0 0 0 0 0 0 0 0 0 0 0 0
 0 0 0 0 0 0 0 0 0 0 0 0 0 0 0 0 0 0 0 0 0 0 0 0 0 0
 0 0 0 0 0 0 0 0 0 0 0 0 0 0 0 0 0 0 0 0 0 0 0 0 0 0
ppred_pel_tallas
 1.09995e-16 4.79617e-05 0.000466205 0.00309809 0.0140835 0.0438191 0.0933616 0.136266 0.136279 0.0934208 0.044019 0.0146661 0.00458008 0.00376582 0.00650293 0.011165 0.0172178 0.0240176 0.0308517 0.0372513 0.0430163 0.0478631 0.0510811 0.051649 0.0488177 0.0426932
 1.1589e-16 4.34912e-05 0.000422749 0.00280932 0.0127708 0.0397348 0.0846601 0.12357 0.123597 0.0847928 0.0401805 0.0140592 0.00604745 0.00750525 0.0135367 0.0224279 0.0326 0.0416687 0.0472877 0.048518 0.0464315 0.0433474 0.0412865 0.040838 0.0411411 0.0407234
 1.11419e-16 5.58835e-05 0.000543208 0.00360981 0.0164097 0.0510567 0.108782 0.158774 0.158791 0.108865 0.0513354 0.0172162 0.00563961 0.00499252 0.0085601 0.0142069 0.0208024 0.0268929 0.0310414 0.0326201 0.0321613 0.030905 0.0299144 0.029474 0.0291369 0.0282124
 1.04504e-16 6.61998e-05 0.000643485 0.00427619 0.0194389 0.0604818 0.128863 0.188083 0.188096 0.128928 0.0606975 0.0200622 0.005842 0.00406642 0.00658128 0.0108139 0.0156643 0.019901 0.0223219 0.0223931 0.0205626 0.0179324 0.0155555 0.0139091 0.0128559 0.0119652
 1.02988e-16 6.08018e-05 0.000591015 0.0039275 0.0178539 0.0555501 0.118356 0.172749 0.172769 0.118457 0.0558875 0.0188284 0.0063741 0.00593313 0.01021 0.0167924 0.024207 0.0304903 0.0336839 0.0328879 0.0287913 0.0231905 0.0178993 0.0138994 0.0112231 0.00938753
 1.02036e-16 6.81424e-05 0.000662368 0.00440167 0.0200094 0.0622566 0.132645 0.193601 0.193614 0.132706 0.0624615 0.0206014 0.00588912 0.00391384 0.00625602 0.0102678 0.0148618 0.0188501 0.0210647 0.0209595 0.0189133 0.0159358 0.0130247 0.010688 0.00891107 0.00743742
 1.036e-16 4.69765e-05 0.000456629 0.00303446 0.0137942 0.0429192 0.0914451 0.133474 0.133509 0.0916145 0.0434879 0.0154369 0.00715798 0.00945887 0.0171456 0.0282752 0.0407374 0.0512504 0.0564962 0.0549403 0.0477354 0.0379176 0.0285726 0.0214022 0.0165202 0.0131715
 1.08133e-16 4.49654e-05 0.00043708 0.00290455 0.0132037 0.0410817 0.0875299 0.127758 0.127784 0.087657 0.0415092 0.0144408 0.00601885 0.00726571 0.013102 0.0218194 0.0319643 0.0413169 0.0476078 0.0497398 0.0483292 0.0450597 0.041427 0.0379334 0.034232 0.0298334
 1.09564e-16 5.40344e-05 0.000525233 0.00349036 0.0158667 0.0493673 0.105183 0.153521 0.15354 0.105274 0.0496738 0.0167535 0.0057222 0.00541663 0.00940102 0.0156086 0.0228425 0.0295029 0.0340003 0.0356313 0.0349616 0.0333242 0.03185 0.0308198 0.0297438 0.0279259
 1.04299e-16 6.75318e-05 0.000656433 0.00436223 0.0198301 0.0616988 0.131456 0.191867 0.191878 0.131514 0.0618915 0.020387 0.00576182 0.00371694 0.00589556 0.00968135 0.01404 0.017873 0.0201139 0.0202889 0.0187925 0.016592 0.0146029 0.013225 0.0123171 0.0114909
 1.01205e-16 7.30375e-05 0.000709951 0.00471787 0.0214468 0.0667289 0.142173 0.207508 0.207517 0.142218 0.0668779 0.0218771 0.00579803 0.00306795 0.00455137 0.00740898 0.0106667 0.0134162 0.0147856 0.0143765 0.0124969 0.00995027 0.00755138 0.00574711 0.00455965 0.00377532
 1.00877e-16 6.8036e-05 0.000661334 0.0043948 0.0199781 0.0621594 0.132438 0.1933 0.193315 0.132511 0.0624047 0.0206865 0.00617233 0.00453988 0.00742871 0.0121592 0.0174753 0.0219033 0.0239891 0.0230599 0.0196224 0.0150221 0.0106483 0.00730069 0.00508019 0.00368183
 1.01386e-16 6.43884e-05 0.000625878 0.00415918 0.0189071 0.0588269 0.125338 0.182938 0.182955 0.125424 0.0591162 0.0197427 0.00625711 0.00520677 0.0087675 0.0144005 0.0207556 0.0261344 0.0288452 0.0280971 0.0244551 0.0194356 0.0145854 0.0107665 0.00806149 0.00613485
 1.02101e-16 6.24057e-05 0.000606606 0.00403111 0.0183249 0.0570155 0.121478 0.177305 0.177324 0.121569 0.0573213 0.0192084 0.00624987 0.00545358 0.00927763 0.0152647 0.0220428 0.0278419 0.0308947 0.030375 0.0268674 0.0219346 0.0171484 0.013352 0.010582 0.00846871
 1.01677e-16 6.9025e-05 0.000670948 0.00445868 0.0202685 0.063063 0.134363 0.196109 0.196121 0.134422 0.0632625 0.020845 0.00590649 0.00383435 0.00608516 0.00997231 0.014409 0.0182243 0.0202704 0.0200129 0.017833 0.0147416 0.0117479 0.00938086 0.00764446 0.00628439
 1.0027e-16 7.93621e-05 0.000771428 0.00512641 0.0233039 0.0725072 0.154484 0.225475 0.225478 0.154499 0.0725562 0.0234456 0.00548205 0.00154775 0.00155363 0.00244252 0.00350999 0.00441186 0.00485634 0.00471015 0.00407282 0.00320754 0.00238296 0.00174907 0.00131862 0.00102832
 1.0091e-16 3.74209e-05 0.000363744 0.00241721 0.0109883 0.034189 0.0728452 0.10633 0.106381 0.073093 0.0350206 0.0133891 0.00843861 0.0134927 0.0249252 0.041025 0.0588073 0.0733461 0.0796472 0.0754071 0.062418 0.0454296 0.0294176 0.0173516 0.00972867 0.00551002
 1.00966e-16 7.76586e-05 0.000754869 0.00501637 0.0228037 0.0709508 0.151168 0.220635 0.220638 0.151181 0.0709941 0.0229293 0.00533366 0.0014537 0.00142293 0.00227638 0.00338029 0.00447548 0.0053461 0.00587843 0.00609848 0.00610552 0.00596344 0.00565267 0.00511707 0.0043474
 1.01279e-16 5.52952e-05 0.00053749 0.00357181 0.0162369 0.0505193 0.107638 0.157107 0.157137 0.107784 0.05101 0.0176534 0.0071247 0.00828455 0.0147422 0.0242161 0.0347198 0.043329 0.0471081 0.0447142 0.0372196 0.0274318 0.0182731 0.0114585 0.0072256 0.00490304
 1.03142e-16 5.88737e-05 0.000572273 0.00380296 0.0172877 0.0537886 0.114603 0.16727 0.167289 0.114696 0.0541003 0.0181892 0.00606985 0.00553441 0.00952217 0.0157507 0.0229188 0.0293056 0.0331735 0.0336801 0.031315 0.0274529 0.023421 0.0198487 0.0166881 0.0136612
 1.02794e-16 6.63699e-05 0.000645139 0.00428718 0.0194889 0.0606373 0.129195 0.188566 0.18858 0.129261 0.0608617 0.0201375 0.00591661 0.004207 0.00684521 0.011249 0.0162872 0.0206705 0.0231309 0.0230856 0.0209666 0.0178906 0.0149438 0.0126514 0.0109447 0.00948472
 1.01819e-16 6.76312e-05 0.000657399 0.00436865 0.0198592 0.0617896 0.13165 0.19215 0.192164 0.131719 0.0620205 0.0205264 0.00604354 0.00431471 0.00701647 0.0115004 0.0165786 0.020887 0.023083 0.0225476 0.0197464 0.0159008 0.0122445 0.00944606 0.00753263 0.00618742
 1.04799e-16 3.2358e-05 0.000314531 0.00209017 0.00950165 0.0295634 0.0629898 0.0919456 0.0919942 0.0632274 0.0303614 0.0118066 0.00787674 0.0129495 0.0240366 0.0397071 0.057244 0.0720822 0.0795742 0.0775564 0.0676121 0.0539482 0.0408405 0.030649 0.0235503 0.0185462
 1.04907e-16 6.66357e-05 0.000647723 0.00430435 0.0195669 0.06088 0.129712 0.189319 0.189327 0.129749 0.0610055 0.019931 0.00522477 0.00267848 0.00398638 0.00664936 0.00995637 0.0133236 0.0161818 0.0182387 0.0195757 0.0204366 0.0209074 0.0207927 0.0197857 0.0177529
 1.04242e-16 5.82671e-05 0.000566377 0.00376377 0.0171096 0.0532344 0.113422 0.165548 0.165571 0.113535 0.0536123 0.018201 0.00650293 0.00654468 0.0114088 0.0187614 0.0270076 0.0339451 0.0373834 0.0363437 0.0316591 0.0254216 0.0197269 0.0156809 0.0132463 0.0117455
 1.06896e-16 4.20793e-05 0.000409026 0.00271812 0.0123562 0.0384449 0.0819123 0.11956 0.119594 0.0820782 0.0390025 0.0139679 0.00676834 0.00926647 0.0169103 0.0280102 0.0406269 0.051676 0.0580195 0.0581815 0.0531667 0.0456529 0.038258 0.0322701 0.0275909 0.0235163
 1.05106e-16 6.56497e-05 0.000638139 0.00424066 0.0192774 0.0599793 0.127793 0.186519 0.186529 0.127843 0.0601492 0.0197695 0.0054804 0.00335946 0.00527806 0.00873783 0.0128539 0.0167404 0.0195332 0.0208299 0.0208837 0.020329 0.0196753 0.0189984 0.018028 0.0164684
 1.03461e-16 6.23452e-05 0.000606018 0.0040272 0.0183071 0.0569603 0.121361 0.177133 0.177152 0.121453 0.0572699 0.0192014 0.00627206 0.00550685 0.00937106 0.0153974 0.0221857 0.0279289 0.0308357 0.0300984 0.0263785 0.021357 0.0167175 0.0133485 0.0112293 0.00984021
 1.0681e-16 3.44143e-05 0.000334519 0.002223 0.0101055 0.0314421 0.0669922 0.0977861 0.0978292 0.0672026 0.0321487 0.0121474 0.00735213 0.0115432 0.021356 0.0353407 0.0511145 0.0647117 0.0720924 0.0713683 0.0638783 0.0531775 0.0428064 0.0346087 0.028582 0.0238226
 1.139e-16 4.12622e-05 0.000401084 0.00266534 0.0121163 0.0376983 0.0803211 0.117235 0.117256 0.0804238 0.0380444 0.0131197 0.00519922 0.00598247 0.0107882 0.0181547 0.0270513 0.0359152 0.04314 0.0479429 0.0506751 0.0522351 0.0531195 0.052973 0.0509623 0.0465381
 1.04745e-16 7.2154e-05 0.000701362 0.0046608 0.0211873 0.0659217 0.140453 0.204997 0.205003 0.140484 0.0660235 0.021482 0.00540245 0.00232681 0.00317853 0.00519282 0.00760037 0.00983565 0.0113856 0.0120454 0.0120382 0.0118358 0.011817 0.0120342 0.012238 0.0120834
pSPR Fmed_Fpbrs
0.506138   0.238573 0.238573
Fs Fmed_Fpbrs
0.415133   1.005 1.005
SSBpbr Bo_Bmed_Bpbrs
1.4354e+06  654741  270678 270678
Ro
130614
SPR SPRFo_SPRFmed_SPRFpbrs
933618 472539 222736
Fref
1.005
Nvult_r0
 143345 11491 4695.57 4756.55 1452.16
CTP_r0
 28931.9 3036.61 1261.38 1278.87 390.454
YTP_r0
391292
Np
 164696 57329 3972.05 1605.47 2039.3
Nvult_p0
 134338 49425.7 3436.5 1389.26 1764.69
CTP_p0
 54896.6 24482.5 1721.45 696.339 884.542
YTP_p0
 898345
CBA_c0
543408
log_Ro
11.6
likeval ReclasPelacesDesembMPH_pf_preclas_ppelaces_ptallas_desvR_qrecl_qpela
 12.2365 16.9606 0.0282396 0.00082376 241.703 116.815 99.6342 0 24.4791 6.47053e-06 1.78771e-05 0.138051 0 0 0
q_reclas_q_pelaces
1.43398 1.82492
M
1
N
 165846 35194.7 80865.7 5732.82 0.205725
 91771 52200.5 10374.7 23718.4 1681.07
 92014.9 25302.6 12749.2 2510.49 6143.15
 133829 25486.1 6220.05 3105.65 2106.91
 108354 31843 5049.1 1215.13 1017.53
 208613 34436.6 9516.59 1501.89 663.949
 79100.1 59384.7 8801.09 2412.23 548.741
 32536.9 16008.6 9348.69 1359.16 456.789
 32779.2 10771.6 5069.92 2950.71 573.061
 44540.5 7888.26 2168.59 1006.87 699.295
 82928.5 8910.05 1221.47 329.288 258.794
 123778 26809.2 2728.13 372.448 179.275
 103319 27523 4824.12 483.029 97.5986
 72282.7 23750.6 5192.11 896.405 107.802
 64792.2 11647.1 2704.86 575.828 111.211
 353528 12938.9 1799.1 409.689 103.951
 65422.2 81741.6 2461.12 337.138 96.1743
 580678 17664.9 19380.5 577.748 101.665
 312873 160990 4348.44 4727.59 165.651
 256018 77306.1 33649.5 897.343 1009.07
 344410 64821.5 16728.4 7194.54 407.337
 482319 94305.4 15677.2 4007.58 1820.23
 91370.7 122546 20508.3 3368.96 1251.55
 270824 26906 32862.9 5460.47 1229.76
 233326 81662.9 7462.43 9056.51 1843.09
 100335 70490.7 22711 2062.26 3011.09
 228221 31484.3 20689.1 6631.74 1481.02
 261539 69084.1 8780.5 5733.84 2247.63
 75605.3 82209.7 20325.7 2570.34 2335.79
 53172.1 23917.6 24408.2 6005.54 1449.2
 200674 15463.1 6301.04 6381.91 1948.36
pred_Ctot
 15333.2 4501.19 10555 749.089 0.0268829
 14878.1 11464.1 2321.69 5313.11 376.594
 14707.8 5482.54 2815.05 554.877 1357.85
 30952.6 7813.16 1939.92 969.477 657.737
 9433.24 3840.95 621.634 149.768 125.419
 30457.9 6844.54 1928.09 304.599 134.663
 23599.8 22972 3458.04 948.571 215.794
 2076.49 1425.12 849.904 123.702 41.5762
 7416.51 3235.63 1549.52 902.657 175.314
 13489 3092.72 863.491 401.248 278.687
 6422.55 958.768 134.186 36.2141 28.4629
 32233.2 9166.65 948.328 129.58 62.3754
 25448.2 8942.1 1593.95 159.741 32.2781
 27420.2 11358.7 2517.1 434.884 52.3014
 19665.2 4575.42 1079.13 229.92 44.4068
 86190.7 4164.42 588.91 134.226 34.059
 11281.3 19033.6 583.808 80.0523 22.8374
 92537.3 3816.67 4267.07 127.332 22.4075
 67066.9 45990.5 1264.28 1375.8 48.2091
 52003.9 21001.7 9306.18 248.407 279.35
 57017.4 14521.7 3818.39 1643.85 93.0755
 97188.2 25428.1 4303.43 1101.14 500.158
 11736.1 21542.1 3676.33 604.551 224.6
 31378.2 4282.52 5335.49 887.477 199.881
 26793.9 12886.7 1201.23 1459.37 297.012
 9446.63 9176.18 3017.14 274.266 400.477
 25966.6 4924.18 3300.8 1059.17 236.551
 24375.7 8904.84 1155.06 755.094 296.009
 6777.56 10202.9 2574.66 325.939 296.214
 7177.31 4409.72 4588.4 1130.12 272.726
 28931.9 3036.61 1261.38 1278.87 390.454
F
 0.155964 0.221528 0.22654 0.22681 0.226824
 0.28839 0.409622 0.41889 0.419389 0.419415
 0.283818 0.403128 0.412249 0.41274 0.412766
 0.435746 0.618922 0.632926 0.63368 0.63372
 0.146287 0.207782 0.212483 0.212736 0.21275
 0.256443 0.364245 0.372487 0.372931 0.372954
 0.59759 0.848801 0.868005 0.86904 0.869095
 0.105465 0.1498 0.153189 0.153372 0.153381
 0.42442 0.602835 0.616474 0.617209 0.617248
 0.609219 0.865319 0.884898 0.885953 0.886008
 0.129235 0.183562 0.187715 0.187938 0.18795
 0.50347 0.715116 0.731296 0.732168 0.732214
 0.470215 0.667881 0.682992 0.683806 0.683849
 0.825528 1.17256 1.19909 1.20052 1.20059
 0.610947 0.867774 0.887408 0.888466 0.888521
 0.4644 0.659621 0.674546 0.67535 0.675392
 0.309281 0.439294 0.449234 0.449769 0.449797
 0.282857 0.401763 0.410853 0.411343 0.411369
 0.398024 0.565343 0.578134 0.578823 0.578859
 0.373611 0.530667 0.542674 0.543321 0.543355
 0.295294 0.419428 0.428918 0.429429 0.429456
 0.370121 0.52571 0.537605 0.538245 0.538279
 0.222576 0.316141 0.323294 0.32368 0.3237
 0.198869 0.282469 0.28886 0.289204 0.289222
 0.196955 0.279749 0.286079 0.28642 0.286438
 0.159024 0.225873 0.230984 0.231259 0.231273
 0.194988 0.276956 0.283222 0.28356 0.283578
 0.15731 0.223439 0.228494 0.228767 0.228781
 0.150914 0.214354 0.219204 0.219465 0.219479
 0.235077 0.333898 0.341453 0.34186 0.341881
 0.252873 0.359174 0.367301 0.367739 0.367762
nmprior
 8.19 8.8 8.5 0
nm_flota  nm_reclas  nm_pelaces    nm_pelaL
inf 14.3346 19.6736 48.0894
cv_recla  cv_pelaces  cv_mph
0.316413 0.466975 0.885739
 ------------------------------------------------
Talla a la edad & desviaci?n 
 8 13.2811 15.8009 17.003 17.5766
 0.8 1.32811 1.58009 1.7003 1.75766
