    unsorted:	 2.786298880e-07 1.054084591e-05 0.001099985245 638.2223441 637.3508656 642.9835599 649.6240853 656.6157811 669.5735182 600.8433681 598.7721364 573.3167997 729.6011065 740.6370172 432.3498725 403.9774490 329.2025538 326.7601453 345.3642925 276.7115659 228.2843911 225.2711340 191.7521222 64.17331513 26.71873656 29.19687543 17.32440457 57.52109550 72.49842432 7.085207293 131.8144775 821.5950251 883.8835075 907.3427700 975.4566774 1002.377132 1011.091085 1077.665559 1125.871666 1253.441305 1361.646965 1410.073881 5948.345528 31285.69386 32826.60443 209137.5437 197621.9073 194743.9164 178589.8211 227453.0687 232161.1112 235854.6129 246379.0576 150969.6803 273111.5109 288362.9192 333399.4755 429492.9369 649848.7060 829146.7516 922746.3072 1031329.473 1467351.362 1648574.497 1889366.197 1995420.271 2223587.355 2600024.012 2814048.914 2886226.328 3312927.267 3628538.272 4118015.196 4340349.675 4649514.672 5635942.193 6778496.895
      sorted:	 2.786298880e-07 1.054084591e-05 0.001099985245 7.085207293 17.32440457 26.71873656 29.19687543 57.52109550 64.17331513 72.49842432 131.8144775 191.7521222 225.2711340 228.2843911 276.7115659 326.7601453 329.2025538 345.3642925 403.9774490 432.3498725 573.3167997 598.7721364 600.8433681 637.3508656 638.2223441 642.9835599 649.6240853 656.6157811 669.5735182 729.6011065 740.6370172 821.5950251 883.8835075 907.3427700 975.4566774 1002.377132 1011.091085 1077.665559 1125.871666 1253.441305 1361.646965 1410.073881 5948.345528 31285.69386 32826.60443 150969.6803 178589.8211 194743.9164 197621.9073 209137.5437 227453.0687 232161.1112 235854.6129 246379.0576 273111.5109 288362.9192 333399.4755 429492.9369 649848.7060 829146.7516 922746.3072 1031329.473 1467351.362 1648574.497 1889366.197 1995420.271 2223587.355 2600024.012 2814048.914 2886226.328 3312927.267 3628538.272 4118015.196 4340349.675 4649514.672 5635942.193 6778496.895
