years
 1991 1992 1993 1994 1995 1996 1997 1998 1999 2000 2001 2002 2003 2004 2005 2006 2007 2008 2009 2010 2011 2012 2013 2014 2015 2016 2017 2018 2019 2020 2021
reclasobs
 0 0 0 0 0 0 0 0 0 252601 567819 844713 477998 351125 339783 2.1784e+06 2.13404e+06 4.81314e+06 1.55562e+06 2.62356e+06 3.21686e+06 3.843e+06 1.13348e+06 3.07943e+06 1.97215e+06 2.03268e+06 2.025e+06 2.42433e+06 2.27542e+06 1.05018e+06 2.36338e+06
reclaspred
 5.58414e+06 1.5797e+06 1.00827e+06 747519 155082 3.26946e+06 1.18491e+06 370912 913715 233625 368501 858536 738362 563640 396277 1.97735e+06 819081 4.94974e+06 2.48858e+06 2.12116e+06 2.84414e+06 3.34282e+06 1.60891e+06 3.12892e+06 2.39203e+06 1.54258e+06 2.17085e+06 3.78436e+06 2.57178e+06 754497 1.31286e+06
pelacesobs
 0 0 0 0 0 0 0 0 0 0 0 0 0 0 0 552880 188675 0 991730 2.46772e+06 1.41603e+06 1.21717e+06 2.29649e+06 1.80582e+06 0 1.4828e+06 1.56532e+06 1.57751e+06 1.42118e+06 867257 1.10002e+06
pelacespred
 4.03315e+06 1.04244e+06 507694 291737 55541.5 2.08008e+06 569780 241527 522649 89141.8 213414 400158 375437 271824 182306 959860 355516 3.1153e+06 1.34402e+06 990974 1.49642e+06 1.74323e+06 862717 2.0787e+06 1.41145e+06 909071 1.54086e+06 2.74342e+06 1.58561e+06 450350 753364
mphobs
 0 0 0 0 0 0 0 0 0 0 0 498337 0 5186 125008 0 168611 109162 213762 579715 649985 157893 87575 83554 0 0 0 0 0 0 0
mphpred
 1.49905e+06 611602 108242 124432 52817.9 10206.9 415109 96196.8 35736.7 82264.3 11103.4 47458.5 80358.1 49513 25964.1 25186.8 227926 72033 579213 192532 270592 256234 398240 175017 356358 311269 160647 227543 595330 264438 55576.6
desembarqueobs
 494567 514787 250237 358949 120608 361735 552515 73892 212993 205616 52469 317467 293654 387597 252695 516296 358380 742168 942051 627588 828172 859565 418607 520667 417249 300574 415391 372974 316634 284311 391294
desembarquepred
 494489 514362 249990 358484 120498 361535 551796 73863.4 212816 205368 52450 317115 293253 386821 252323 515693 357975 741448 940155 626432 827431 858377 418116 520264 416745 300247 414966 372632 316230 283709 390973
Reclutas
 14570.1 8990.67 166548 55034.1 8629.63 287659 11708.3 3073.03 52148 13199.2 35779 116741 75717.2 67902.7 41830.7 269378 12443.5 488377 137590 234426 189973 443450 19337.5 164518 162364 30447.9 129475 207410 25164.1 10976.8 101393
log_desv_Rt
 -1.3723 -1.85508 1.06402 -0.0433117 -1.89606 1.61051 -1.59097 -2.9286 -0.0971794 -1.47111 -0.473904 0.708697 0.275741 0.166811 -0.317633 1.54485 -1.53007 2.13982 0.873014 1.40587 1.19562 2.04332 -1.08922 1.05175 1.03858 -0.635249 0.812223 1.28343 -0.825847 -1.65548 0.567742
SSB
 1.72821e+06 705095 124788 143453 60891.9 11767.2 478564 110902 41199.6 94839.7 12800.8 54713.2 92642 57081.8 29933.1 29036.9 262768 83044.3 667755 221964 311956 295403 459117 201771 410833 358851 185204 262326 686335 304861 64072.3
BT
 2.16192e+06 997332 438340 386717 121706 1.28068e+06 728458 173365 432179 221055 141843 442755 432451 525461 330776 848874 431974 2.11091e+06 1.46671e+06 946849 1.36702e+06 1.51763e+06 715324 1.44958e+06 990841 651887 1.14014e+06 1.61542e+06 936280 485204 720334
Ftot
 0.298469 1.00277 1.00231 1.59502 2.13905 0.516144 1.39206 0.668751 1.00145 2.38648 0.638134 1.47416 1.48415 2.40189 2.31931 1.14165 1.35298 0.678843 1.28303 1.18005 1.11664 1.05308 0.862183 0.70849 0.678666 0.687199 0.800341 0.43318 0.424275 1.17538 1.24714
BD_Bspro_t
 0.953511 0.635028 0.241882 0.279084 0.110787 0.031402 0.461288 0.15327 0.0924614 0.202732 0.0489428 0.251721 0.223063 0.127542 0.0678367 0.0688621 0.278468 0.111796 0.4077 0.181183 0.200111 0.192798 0.27708 0.161686 0.312084 0.333044 0.251459 0.356 0.559497 0.364933 0.138638
BD_Bspro
 4.20701 1.71643 0.303775 0.349211 0.148231 0.0286451 1.16498 0.269971 0.100293 0.23087 0.0311612 0.13319 0.22552 0.138955 0.0728669 0.0706852 0.639663 0.202157 1.62553 0.540331 0.759402 0.719107 1.11764 0.491176 1.0001 0.873559 0.450846 0.638587 1.67076 0.74213 0.155973
BD_Bo
 1.19519 0.487627 0.0863007 0.0992089 0.0421115 0.00813791 0.330964 0.0766972 0.0284927 0.065589 0.00885271 0.0378384 0.0640691 0.0394765 0.0207011 0.0200813 0.181725 0.0574316 0.461804 0.153505 0.215742 0.204294 0.317515 0.13954 0.284123 0.248173 0.128083 0.181419 0.474654 0.210835 0.044311
BD_Brms
 6.29585 2.56866 0.454603 0.522599 0.221829 0.0428678 1.74341 0.404015 0.15009 0.345501 0.0466331 0.19932 0.337494 0.207949 0.109046 0.105781 0.957264 0.30253 2.43263 0.808613 1.13646 1.07615 1.67256 0.735052 1.49666 1.30729 0.674697 0.955654 2.50032 1.11061 0.233415
Sel_flota
 0.68254 0.976105 0.998713 0.999932 0.999996
 0.68254 0.976105 0.998713 0.999932 0.999996
 0.68254 0.976105 0.998713 0.999932 0.999996
 0.68254 0.976105 0.998713 0.999932 0.999996
 0.68254 0.976105 0.998713 0.999932 0.999996
 0.68254 0.976105 0.998713 0.999932 0.999996
 0.68254 0.976105 0.998713 0.999932 0.999996
 0.68254 0.976105 0.998713 0.999932 0.999996
 0.68254 0.976105 0.998713 0.999932 0.999996
 0.68254 0.976105 0.998713 0.999932 0.999996
 0.68254 0.976105 0.998713 0.999932 0.999996
 0.68254 0.976105 0.998713 0.999932 0.999996
 0.68254 0.976105 0.998713 0.999932 0.999996
 0.68254 0.976105 0.998713 0.999932 0.999996
 0.68254 0.976105 0.998713 0.999932 0.999996
 0.68254 0.976105 0.998713 0.999932 0.999996
 0.68254 0.976105 0.998713 0.999932 0.999996
 0.68254 0.976105 0.998713 0.999932 0.999996
 0.68254 0.976105 0.998713 0.999932 0.999996
 0.68254 0.976105 0.998713 0.999932 0.999996
 0.68254 0.976105 0.998713 0.999932 0.999996
 0.68254 0.976105 0.998713 0.999932 0.999996
 0.68254 0.976105 0.998713 0.999932 0.999996
 0.68254 0.976105 0.998713 0.999932 0.999996
 0.68254 0.976105 0.998713 0.999932 0.999996
 0.68254 0.976105 0.998713 0.999932 0.999996
 0.68254 0.976105 0.998713 0.999932 0.999996
 0.68254 0.976105 0.998713 0.999932 0.999996
 0.68254 0.976105 0.998713 0.999932 0.999996
 0.68254 0.976105 0.998713 0.999932 0.999996
 0.68254 0.976105 0.998713 0.999932 0.999996
Sel_reclas
 0.966965 1 1 1 1
 0.966965 1 1 1 1
 0.966965 1 1 1 1
 0.966965 1 1 1 1
 0.966965 1 1 1 1
 0.966965 1 1 1 1
 0.966965 1 1 1 1
 0.966965 1 1 1 1
 0.966965 1 1 1 1
 0.966965 1 1 1 1
 0.966965 1 1 1 1
 0.966965 1 1 1 1
 0.966965 1 1 1 1
 0.966965 1 1 1 1
 0.966965 1 1 1 1
 0.966965 1 1 1 1
 0.966965 1 1 1 1
 0.966965 1 1 1 1
 0.966965 1 1 1 1
 0.966965 1 1 1 1
 0.966965 1 1 1 1
 0.966965 1 1 1 1
 0.966965 1 1 1 1
 0.966965 1 1 1 1
 0.966965 1 1 1 1
 0.966965 1 1 1 1
 0.966965 1 1 1 1
 0.966965 1 1 1 1
 0.966965 1 1 1 1
 0.966965 1 1 1 1
 0.966965 1 1 1 1
Sel_pelaces
 0.9113 1 1 1 1
 0.9113 1 1 1 1
 0.9113 1 1 1 1
 0.9113 1 1 1 1
 0.9113 1 1 1 1
 0.9113 1 1 1 1
 0.9113 1 1 1 1
 0.9113 1 1 1 1
 0.9113 1 1 1 1
 0.9113 1 1 1 1
 0.9113 1 1 1 1
 0.9113 1 1 1 1
 0.9113 1 1 1 1
 0.9113 1 1 1 1
 0.9113 1 1 1 1
 0.9113 1 1 1 1
 0.9113 1 1 1 1
 0.9113 1 1 1 1
 0.9113 1 1 1 1
 0.9113 1 1 1 1
 0.9113 1 1 1 1
 0.9113 1 1 1 1
 0.9113 1 1 1 1
 0.9113 1 1 1 1
 0.9113 1 1 1 1
 0.9113 1 1 1 1
 0.9113 1 1 1 1
 0.9113 1 1 1 1
 0.9113 1 1 1 1
 0.9113 1 1 1 1
 0.9113 1 1 1 1
pf_obs 
 0.8446 0.082 0.0669 0.0065 0
 0.8095 0.147 0.0364 0.0071 0
 0.9664 0.0169 0.016 0.0007 0
 0.9276 0.0648 0.0075 0.0001 0
 0.7033 0.2144 0.0806 0.0017 0
 0.9318 0.0425 0.0243 0.0014 0
 0.5671 0.3108 0.0964 0.0239 0.0018
 0.0768 0.2599 0.5324 0.112 0.0189
 0.490249 0.384438 0.106611 0.0170017 0.00170017
 0.7925 0.1577 0.0466 0.003 0.0002
 0.840416 0.127587 0.0312969 0.00059994 9.999e-05
 0.8084 0.0986 0.0794 0.0134 0.0002
 0.7335 0.1905 0.0724 0.0035 0.0001
 0.4001 0.4547 0.1325 0.0127 0
 0.49795 0.308269 0.164784 0.0264974 0.00249975
 0.9179 0.0499 0.0305 0.0017 0
 0.2467 0.6533 0.0926 0.0074 0
 0.9418 0.0223 0.034 0.0019 0
 0.707729 0.231977 0.0356964 0.0245975 0
 0.517169 0.277429 0.184464 0.0207286 0.00020938
 0.811772 0.124168 0.05621 0.00726502 0.000585176
 0.764997 0.148141 0.077277 0.00933861 0.000247198
 0.163321 0.427699 0.378323 0.0303852 0.000271297
 0.753843 0.0900009 0.118128 0.0371064 0.000921714
 0.721811 0.176058 0.0630433 0.0369309 0.00215725
 0.143369 0.312575 0.442814 0.0836902 0.0175525
 0.692698 0.0596174 0.167031 0.0765114 0.00414204
 0.394062 0.376323 0.152708 0.0712218 0.00568511
 0.125707 0.32114 0.495352 0.0537591 0.00404204
 0.23352 0.215282 0.420074 0.123614 0.00750983
 0.774587 0.0839891 0.0768558 0.0609784 0.00358967
pf_pred 
 0.08931 0.176393 0.647273 0.0870231 8.29524e-07
 0.1713 0.107301 0.142721 0.510181 0.0684966
 0.953883 0.0123075 0.00452671 0.00580248 0.0234799
 0.584839 0.404047 0.00305149 0.00108143 0.00698106
 0.438358 0.411648 0.146167 0.00105277 0.00277419
 0.994576 0.00343903 0.00147669 0.000495294 1.29267e-05
 0.11162 0.885299 0.00197529 0.000823544 0.000282986
 0.207289 0.149256 0.641319 0.00137011 0.000765708
 0.944193 0.0167053 0.00755344 0.0314441 0.000104539
 0.529131 0.455574 0.00470426 0.00204923 0.00854198
 0.953259 0.0338144 0.0125317 0.000121649 0.000272933
 0.914699 0.0827657 0.00184977 0.000664386 2.0883e-05
 0.787553 0.202464 0.00969927 0.000207209 7.65772e-05
 0.833745 0.145622 0.0197041 0.000901965 2.63249e-05
 0.871109 0.118887 0.00882858 0.00112216 5.26889e-05
 0.984356 0.0147001 0.000874854 6.11424e-05 8.10988e-06
 0.178099 0.814549 0.00692443 0.000396185 3.12949e-05
 0.982905 0.00485602 0.0121338 9.88319e-05 6.08736e-06
 0.488988 0.505634 0.00156303 0.00378294 3.26546e-05
 0.847419 0.0967222 0.0552957 0.000163947 0.000399325
 0.778354 0.201434 0.0129989 0.00714037 7.25744e-05
 0.901174 0.0850006 0.0126096 0.000782703 0.000433411
 0.149187 0.80005 0.0438893 0.0062697 0.000603425
 0.876239 0.0278371 0.0903857 0.00478983 0.0007487
 0.751157 0.229132 0.00454548 0.0142919 0.000874242
 0.335942 0.54993 0.105359 0.00202487 0.00674457
 0.86322 0.0612883 0.0628578 0.0116649 0.000969194
 0.834529 0.151039 0.00658767 0.00653383 0.0013109
 0.223507 0.686879 0.0819997 0.00347807 0.00413553
 0.275806 0.221041 0.446517 0.0518309 0.00480504
 0.94779 0.0213597 0.0096809 0.0187909 0.00237831
pobs_RECLAS
 0 0 0 0 0
 0 0 0 0 0
 0 0 0 0 0
 0 0 0 0 0
 0 0 0 0 0
 0 0 0 0 0
 0 0 0 0 0
 0 0 0 0 0
 0 0 0 0 0
 0 0 0 0 0
 0.991045 0.00858322 0.000360255 1.14367e-05 0
 0.934742 0.0480273 0.0164251 0.00080598 0
 0.827803 0.169806 0.00239088 0 0
 0.941827 0.0461693 0.0120037 0 0
 0.791401 0.0380133 0.147996 0.0225897 0
 0.846168 0.0940531 0.0597789 0 0
 0.134021 0.677848 0.182769 0.00536245 0
 0.80878 0.0450904 0.141981 0.00414843 0
 0.846168 0.0940531 0.0597789 0 0
 0.905697 0.0802665 0.012482 0.00150086 5.37128e-05
 0.989698 0.0102097 9.19794e-05 0 0
 0.975433 0.0193895 0.00387452 0.00125025 5.28907e-05
 0.303575 0.632131 0.0575291 0.00676475 0
 0.966965 0.00978017 0.0227588 0.000495775 0
 0.843318 0.132988 0.00938335 0.0141283 0.000182051
 0.564624 0.303363 0.111486 0.0197234 0.00080311
 0.826376 0.0876187 0.0782897 0.00655872 0.00115652
 0.89761 0.0855135 0.0140674 0.00269457 0.000114338
 0.34875 0.467042 0.161289 0.0227151 0.000203297
 0.318654 0.224769 0.449479 0.00709798 0
 0.937255 0.0296025 0.0250945 0.00804832 0
ppred_RECLAS
 0.122395 0.173264 0.620959 0.0833804 7.94748e-07
 0.234023 0.101584 0.131593 0.469738 0.063062
 0.968211 0.00865725 0.00310109 0.00396947 0.0160614
 0.679397 0.312277 0.00228895 0.000809892 0.00522774
 0.553426 0.330245 0.113366 0.00081505 0.00214755
 0.996174 0.0024478 0.00102582 0.000343623 8.9676e-06
 0.156854 0.840305 0.00182202 0.000758482 0.000260608
 0.274371 0.139408 0.584277 0.00124659 0.000696628
 0.96137 0.0117881 0.00519106 0.0215793 7.17375e-05
 0.644388 0.344468 0.00343207 0.00149218 0.00621938
 0.966729 0.0242344 0.00876156 8.49384e-05 0.000190556
 0.941124 0.057176 0.00124118 0.000445105 1.39894e-05
 0.846926 0.146078 0.00679681 0.000144976 5.35737e-05
 0.890408 0.0964145 0.0125861 0.000575029 1.67812e-05
 0.915576 0.0780828 0.00559783 0.000710174 3.33415e-05
 0.989216 0.0101495 0.000587844 4.10241e-05 5.44099e-06
 0.242425 0.750987 0.00620551 0.000354513 2.8001e-05
 0.988093 0.0034431 0.00839139 6.82586e-05 4.20396e-06
 0.584429 0.411321 0.00123643 0.00298801 2.57908e-05
 0.891125 0.069706 0.0387746 0.000114796 0.000279586
 0.836491 0.148968 0.00935683 0.00513236 5.21611e-05
 0.929814 0.0605911 0.00875182 0.000542468 0.000300361
 0.200881 0.75259 0.0402363 0.00573998 0.000552402
 0.911112 0.0203854 0.064552 0.00341625 0.000533958
 0.810909 0.174467 0.0033758 0.0106001 0.000648366
 0.418814 0.483358 0.0903203 0.00173354 0.00577378
 0.901296 0.0448551 0.0448472 0.00831124 0.000690503
 0.876353 0.113103 0.00481599 0.00477051 0.000957056
 0.288063 0.63151 0.0736022 0.0031179 0.00370702
 0.361516 0.198625 0.390411 0.0452521 0.00419482
 0.964362 0.0148284 0.00653674 0.0126692 0.00160338
pobs_PELACES
 0 0 0 0 0
 0 0 0 0 0
 0 0 0 0 0
 0 0 0 0 0
 0 0 0 0 0
 0 0 0 0 0
 0 0 0 0 0
 0 0 0 0 0
 0 0 0 0 0
 0 0 0 0 0
 0 0 0 0 0
 0 0 0 0 0
 0 0 0 0 0
 0 0 0 0 0
 0 0 0 0 0
 0 0 0 0 0
 0.505614 0.472636 0.0217494 0 0
 0 0 0 0 0
 0.443492 0.261883 0.143347 0.151278 0
 0.227955 0.32914 0.350689 0.0885471 0.00366901
 0.970185 0.0296113 0.000203453 0 0
 0.997202 0.00247181 0.000326279 0 0
 0.445219 0.490057 0.0546422 0.010081 0
 0.90214 0.0892962 0.00764917 0.000914606 0
 0 0 0 0 0
 0.581667 0.319106 0.0959925 0.00289975 0.000334073
 0.762889 0.0836404 0.116647 0.0363945 0.000428098
 0.88444 0.0763242 0.0277011 0.0115352 0
 0.521256 0.241999 0.230069 0.00667565 0
 0.616807 0.101726 0.260614 0.0208532 0
 0.833518 0.0704572 0.0857862 0.0102388 0
ppred_PELACES
 0.119358 0.174177 0.622841 0.083623 7.97056e-07
 0.242116 0.101193 0.13011 0.464256 0.0623247
 0.969523 0.00834733 0.0029678 0.00379732 0.0153645
 0.699843 0.292455 0.0021183 0.000749031 0.00483473
 0.590636 0.303983 0.102699 0.000737722 0.00194372
 0.996144 0.00247057 0.00103138 0.000345414 9.01425e-06
 0.167114 0.830109 0.00178131 0.000741123 0.000254636
 0.276272 0.139605 0.582188 0.0012418 0.00069394
 0.96294 0.0113702 0.00496976 0.0206511 6.86502e-05
 0.682858 0.30738 0.0030085 0.00130677 0.00544631
 0.966851 0.0241762 0.00869902 8.43105e-05 0.000189145
 0.945601 0.0528448 0.00113461 0.000406646 1.27802e-05
 0.857623 0.135939 0.00625538 0.000133348 4.92751e-05
 0.9064 0.0825217 0.0105812 0.000482962 1.40937e-05
 0.9276 0.0670487 0.00472434 0.000598798 2.81112e-05
 0.989755 0.00964712 0.000554008 3.8645e-05 5.12533e-06
 0.255867 0.737726 0.00603471 0.000344568 2.72147e-05
 0.988211 0.00342129 0.00829612 6.74651e-05 4.15503e-06
 0.60015 0.395801 0.00117845 0.00284641 2.45678e-05
 0.896643 0.0663823 0.0366021 0.000108313 0.000263789
 0.843167 0.142993 0.00890701 0.00488344 4.963e-05
 0.93262 0.0582318 0.00834522 0.000517046 0.000286279
 0.204861 0.749124 0.0397942 0.00567494 0.000546132
 0.912194 0.0202198 0.0636899 0.00336967 0.000526669
 0.811959 0.173569 0.00334145 0.0104894 0.000641586
 0.420799 0.482125 0.089629 0.0017198 0.00572793
 0.903195 0.044137 0.0438665 0.00812687 0.000675174
 0.874494 0.114836 0.00487398 0.00482712 0.000968404
 0.28442 0.634969 0.0737715 0.00312453 0.00371488
 0.375629 0.195418 0.380753 0.0441118 0.00408901
 0.9666 0.0139759 0.00610387 0.0118243 0.00149641
pobs_pel_tallas
 0 0 0 0 0 0 0 0 0 0 0 0 0 0 0 0 0 0 0 0 0 0 0 0 0 0
 0 0 0 0 0 0 0 0 0 0 0 0 0 0 0 0 0 0 0 0 0 0 0 0 0 0
 0 0 0 0 0 0 0 0 0 0 0 0 0 0 0 0 0 0 0 0 0 0 0 0 0 0
 0 0 0 0 0 0 0 0 0 0 0 0 0 0 0 0 0 0 0 0 0 0 0 0 0 0
 0 0 0 0 0 0 0 0 0 0 0 0 0 0 0 0 0 0 0 0 0 0 0 0 0 0
 0 0 0 0 0 0 0 0 0 0 0 0 0 0 0 0 0 0 0 0 0 0 0 0 0 0
 0 0 0 0 0 0 0 0 0 0 0 0 0 0 0 0 0 0 0 0 0 0 0 0 0 0
 0 0 0 0 0 0 0 0 0 0 0 0 0 0 0 0 0 0 0 0 0 0 0 0 0 0
 0 0 0 0 0 0 0 0 0 0 0 0 0 0 0 0 0 0 0 0 0 0 0 0 0 0
 0 0 0 0 0 0 0 0 0 0 0 0 0 0 0 0 0 0 0 0 0 0 0 0 0 0
 0 0 0 0 0 0 0 0 0 0 0 0 0 0 0 0 0 0 0 0 0 0 0 0 0 0
 0 0 0 0 0 0 0 0 0 0 0 0 0 0 0 0 0 0 0 0 0 0 0 0 0 0
 0.00862536 0 0 0.000197151 0.00414017 0.0128641 0.00837892 0.0270097 0.101434 0.158115 0.152841 0.127902 0.109271 0.109419 0.0830992 0.0579132 0.0238553 0.00714673 0.00463305 0.00128148 0.00103504 0.000492878 0.000147863 0.000147863 4.92878e-05 0
 0 0 0 0 0 0 0 0 0 0 0 0 0 0 0 0 0 0 0 0 0 0 0 0 0 0
 0 0 0 0 0 0 0 0.0054083 0.00873648 0.0413646 0.0450493 0.0745869 0.0622846 0.0627006 0.0613931 0.0827291 0.12552 0.122667 0.0946155 0.0697135 0.0546179 0.0294188 0.0215738 0.0213955 0.0102223 0.00600262
 0 0 0 0 0.00359764 0.0251062 0.0480494 0.140153 0.205849 0.193036 0.1447 0.116669 0.0760912 0.0342217 0.00950174 0.001854 0.000860785 0 0 0 0.000165536 0 0.000143464 0 0 0
 0 0 0 0 0 0 0 0.000145254 0.000435761 0.0275982 0.070085 0.0708112 0.156366 0.174668 0.174014 0.160142 0.0824315 0.0480064 0.0283245 0.00493863 0.00203355 0 0 0 0 0
 0 0 0 0 0 0 0 0 0 0 0 0 0 0 0 0 0 0 0 0 0 0 0 0 0 0
 0 0 1.00437e-05 0.000401748 0.00122533 0.00171747 0.00176769 0.0269171 0.070346 0.194647 0.189555 0.159765 0.064822 0.0314167 0.0384472 0.0292271 0.0345202 0.0313363 0.0194345 0.0106764 0.0143323 0.0359363 0.0279516 0.0138201 0.00172751 0
 0 0.0021121 0.0136068 0.0755702 0.200478 0.177729 0.0527432 0.0373336 0.0318909 0.0142505 0.0149659 0.0166563 0.0217959 0.0798694 0.0677717 0.0528807 0.04013 0.0224614 0.0357745 0.0225083 0.00881397 0.00855152 0.00135912 0.000746735 0 0
 0 0 0 0 5.4009e-05 0.00500934 0.000945158 0.0243581 0.138947 0.33067 0.221406 0.137944 0.0707744 0.0437923 0.0131692 0.00525238 0.0047753 0.00276346 9.45158e-05 9.00151e-06 2.25038e-05 9.00151e-06 4.50075e-06 0 0 0
 0.000866109 0.00284123 0.00948549 0.0512746 0.133035 0.25785 0.225252 0.132002 0.0553304 0.0519788 0.0540692 0.017754 0.00435017 0.00159236 0.00146478 0.000404838 0.000125132 0.000115318 0.000107957 0.000100596 0 0 0 0 0 0
 0 0 0 0 0.00144013 0.00171154 0.00461396 0.0210425 0.0478622 0.0707936 0.0888783 0.103762 0.0637923 0.0337046 0.0602308 0.124433 0.169614 0.0934646 0.0462172 0.0250306 0.0313229 0.00938855 0.002487 0.000210481 0 0
 0 0.00764035 0.051015 0.0998891 0.058973 0.0496711 0.0374665 0.0718981 0.12319 0.153886 0.159021 0.0857701 0.0377988 0.023471 0.0147837 0.00900784 0.00315554 0.000888139 0.00291439 0.00214683 0.00393193 0.00274676 0.000635225 9.99891e-05 0 0
 0 0 0 0 0 0 0 0 0 0 0 0 0 0 0 0 0 0 0 0 0 0 0 0 0 0
 0 0 0 0 0 0 0 0 0 0 0 0 0 0 0 0 0 0 0 0 0 0 0 0 0 0
 0 0 0 0 0 0 0 0 0 0 0 0 0 0 0 0 0 0 0 0 0 0 0 0 0 0
 0 0 0 0 0 0 0 0 0 0 0 0 0 0 0 0 0 0 0 0 0 0 0 0 0 0
 0 0 0 0 0 0 0 0 0 0 0 0 0 0 0 0 0 0 0 0 0 0 0 0 0 0
 0 0 0 0 0 0 0 0 0 0 0 0 0 0 0 0 0 0 0 0 0 0 0 0 0 0
 0 0 0 0 0 0 0 0 0 0 0 0 0 0 0 0 0 0 0 0 0 0 0 0 0 0
ppred_pel_tallas
 1.26405e-16 9.83143e-06 9.55651e-05 0.000635064 0.00288692 0.00898238 0.0191386 0.027937 0.0279547 0.0192257 0.00927765 0.00375194 0.00285222 0.00508737 0.00993477 0.0175683 0.0280089 0.0408557 0.0555194 0.0714594 0.0879513 0.103463 0.115349 0.120524 0.116904 0.104628
 1.60887e-16 1.99428e-05 0.000193851 0.00128821 0.00585603 0.0182203 0.0388207 0.0566621 0.0566722 0.0388703 0.0183879 0.00634512 0.00253584 0.00298609 0.00553376 0.00969808 0.0154133 0.0226313 0.0315469 0.0428502 0.0575016 0.0759196 0.0970328 0.117919 0.134442 0.142653
 1.03069e-16 7.98583e-05 0.000776251 0.00515846 0.0234496 0.0729605 0.15545 0.226884 0.226885 0.155454 0.0729738 0.0234883 0.00525596 0.000990587 0.000491634 0.000699724 0.00103448 0.00138066 0.00169114 0.0019723 0.0022905 0.00273579 0.0033587 0.0041224 0.00489995 0.00551621
 1.0103e-16 5.76452e-05 0.000560332 0.0037236 0.016927 0.0526663 0.112212 0.163783 0.163811 0.112349 0.0531274 0.0182581 0.00706185 0.00783758 0.0138486 0.0227252 0.0325483 0.040548 0.0439485 0.0414807 0.0341646 0.0246768 0.0158221 0.00927532 0.00530383 0.00328326
 1.03445e-16 4.865e-05 0.000472895 0.00314256 0.0142856 0.044448 0.0947023 0.138227 0.138256 0.094846 0.0449306 0.0156805 0.00664802 0.00813906 0.0146479 0.0242416 0.035152 0.0446873 0.0501049 0.0500863 0.0454476 0.0384597 0.0313751 0.0253566 0.0204378 0.0161755
 1.00067e-16 8.2051e-05 0.000797565 0.0053001 0.0240935 0.0749638 0.159718 0.233114 0.233114 0.159719 0.0749677 0.0241049 0.00532869 0.000860167 0.000201492 0.00020467 0.000290193 0.000371725 0.000422946 0.000433606 0.00041041 0.000370832 0.000331016 0.00029741 0.000267256 0.000234856
 1.00382e-16 1.37651e-05 0.000133802 0.000889164 0.00404206 0.0125768 0.0267991 0.0391308 0.0392106 0.027189 0.0138855 0.00781963 0.0103621 0.0207827 0.0391393 0.0644463 0.0922795 0.114873 0.124325 0.117 0.0957676 0.0682216 0.0423553 0.0229958 0.0110112 0.00475078
 1.17079e-16 2.27562e-05 0.000221198 0.00146994 0.00668214 0.0207907 0.0442973 0.0646562 0.0646705 0.0443677 0.0210295 0.00738297 0.00327049 0.00428832 0.00814545 0.0144648 0.0232321 0.0341781 0.04683 0.0606228 0.0746749 0.0873373 0.0961108 0.0983979 0.0927998 0.0800562
 1.0223e-16 7.93161e-05 0.000770981 0.00512344 0.0232904 0.0724651 0.154395 0.225344 0.225345 0.1544 0.0724834 0.0233433 0.00525688 0.00106474 0.0006448 0.00096146 0.0014298 0.00191646 0.00235421 0.00273721 0.00312712 0.00360459 0.00419375 0.0048178 0.00531958 0.00553239
 1.01219e-16 5.62462e-05 0.000546733 0.00363324 0.0165162 0.0513881 0.109489 0.159808 0.159838 0.109633 0.0518728 0.0179153 0.00714219 0.00819637 0.0145537 0.023891 0.0342234 0.0426454 0.0462425 0.0436828 0.0360386 0.0261195 0.0168672 0.0100332 0.00589029 0.0037766
 1.00298e-16 7.96383e-05 0.000774112 0.00514425 0.023385 0.0727594 0.155022 0.226259 0.226262 0.155033 0.0727978 0.023496 0.00542324 0.00138437 0.00124218 0.0019367 0.00280322 0.00356812 0.00400961 0.00402273 0.0036713 0.00313329 0.00258428 0.00211339 0.0017215 0.00137379
 1.0009e-16 7.78879e-05 0.000757098 0.00503119 0.022871 0.0711603 0.151615 0.221287 0.221292 0.15164 0.0712437 0.0231116 0.00563463 0.00207275 0.00257161 0.00411516 0.00589003 0.00734261 0.0079674 0.00753355 0.0062219 0.00451075 0.00290131 0.00169292 0.00093547 0.000523069
 1.00238e-16 7.06413e-05 0.000686659 0.00456309 0.0207431 0.0645397 0.137509 0.200701 0.200714 0.137573 0.0647542 0.0213624 0.00611651 0.00407422 0.00649367 0.0105957 0.015191 0.0189639 0.0206252 0.0195796 0.0162833 0.0119496 0.00784833 0.00473489 0.00273562 0.00159065
 1.00378e-16 7.4659e-05 0.000725712 0.00482261 0.0219229 0.0682103 0.14533 0.212114 0.212122 0.145368 0.0683407 0.0222996 0.00576807 0.00278916 0.00399204 0.00647738 0.00931353 0.0116892 0.0128305 0.0123773 0.0105912 0.00817459 0.00585252 0.00404177 0.00279822 0.00197331
 1.00219e-16 7.64052e-05 0.000742686 0.00493541 0.0224357 0.0698057 0.148729 0.217075 0.217082 0.14876 0.0699115 0.0227413 0.00570223 0.00241534 0.00324918 0.00524031 0.00751705 0.00940094 0.010257 0.00979275 0.00823019 0.00615962 0.0041951 0.00269673 0.00171846 0.00113104
 1.00024e-16 8.15248e-05 0.00079245 0.00526611 0.023939 0.074483 0.158694 0.231619 0.23162 0.158699 0.0744983 0.0239829 0.00537639 0.00103297 0.00053766 0.000758066 0.00107992 0.00134894 0.00146923 0.00139839 0.00116857 0.000865341 0.000577997 0.000359351 0.000217843 0.000134997
 1.00402e-16 2.10756e-05 0.000204863 0.00136139 0.00618871 0.0192558 0.041029 0.059898 0.0599689 0.0413756 0.020419 0.00954636 0.00978165 0.0185601 0.0348038 0.0573015 0.0820665 0.102197 0.110677 0.104274 0.0855266 0.0611608 0.0382517 0.0210658 0.0103662 0.00469803
 1.00248e-16 8.13976e-05 0.000791214 0.00525789 0.0239016 0.0743668 0.158446 0.231257 0.231258 0.158448 0.0743725 0.0239181 0.0052999 0.000884799 0.000264664 0.000323061 0.000490685 0.000685585 0.000882564 0.00106714 0.00123177 0.00136606 0.00144807 0.0014489 0.00134979 0.00115812
 1.00425e-16 4.94336e-05 0.000480512 0.00319317 0.0145157 0.045164 0.0962282 0.140456 0.140494 0.0964141 0.0457881 0.016317 0.00771029 0.010327 0.0187075 0.0307384 0.0440157 0.0548059 0.059344 0.0559014 0.0458495 0.0328072 0.0205774 0.0114463 0.0058087 0.00286065
 1.01129e-16 7.38553e-05 0.0007179 0.0047707 0.0216869 0.0674761 0.143765 0.209831 0.209837 0.143797 0.0675819 0.0219931 0.00554124 0.00240643 0.0032994 0.00538612 0.00786348 0.0101185 0.0115688 0.0119269 0.0113372 0.010224 0.00898577 0.00779433 0.00662117 0.00539641
 1.00792e-16 6.94506e-05 0.000675085 0.00448617 0.0203935 0.0634518 0.135191 0.197319 0.197332 0.135259 0.0636776 0.0210453 0.00612147 0.00424214 0.0068357 0.0111694 0.016033 0.020057 0.0218978 0.0209395 0.0176641 0.0133367 0.00926536 0.00620502 0.00424668 0.00308614
 1.00357e-16 7.68187e-05 0.000746705 0.00496212 0.0225571 0.0701834 0.149533 0.21825 0.218255 0.149561 0.0702755 0.022823 0.00562963 0.00220378 0.00284374 0.00457868 0.00658558 0.00827478 0.00910078 0.00881052 0.00758741 0.00592328 0.00432344 0.00307506 0.00221215 0.00162768
 1.02002e-16 1.68743e-05 0.000164024 0.00109 0.00495504 0.0154173 0.0328509 0.047962 0.0480341 0.0332032 0.0165997 0.00836851 0.00965287 0.0188388 0.0354306 0.0584076 0.0838076 0.104695 0.114004 0.108468 0.0905965 0.0670506 0.0447792 0.0278867 0.0170159 0.0107055
 1.02271e-16 7.51362e-05 0.000730351 0.00485344 0.022063 0.0686463 0.146258 0.213469 0.213471 0.146268 0.0686802 0.0221623 0.00510719 0.00129933 0.00119969 0.00197874 0.00310867 0.00446046 0.00593765 0.00746441 0.0089678 0.0103138 0.0112685 0.0115572 0.0110051 0.0096552
 1.01302e-16 6.688e-05 0.000650097 0.00432013 0.0196387 0.0611033 0.130188 0.190016 0.190033 0.130269 0.0613771 0.0204292 0.00630289 0.00497367 0.00826408 0.0135201 0.0193863 0.0242073 0.0263516 0.0250825 0.0210112 0.0157124 0.0108114 0.00724148 0.00509445 0.00394909
 1.03852e-16 3.46607e-05 0.000336915 0.00223892 0.0101778 0.0316672 0.0674721 0.0984873 0.0985338 0.0676993 0.0324302 0.0123819 0.00777277 0.0124215 0.0229971 0.0379934 0.0547929 0.0690313 0.0762598 0.0743885 0.0648919 0.051745 0.0390022 0.0289248 0.0217378 0.016581
 1.02207e-16 7.43949e-05 0.000723145 0.00480556 0.0218454 0.067969 0.144815 0.211363 0.211368 0.144837 0.0680401 0.0220514 0.00532562 0.00186814 0.00227743 0.00372168 0.00552762 0.00731389 0.00873633 0.00962323 0.0100392 0.0101695 0.0101296 0.00987371 0.00926742 0.00823506
 1.00819e-16 7.2031e-05 0.000700167 0.00465285 0.0211512 0.0658093 0.140214 0.204649 0.20466 0.140268 0.0659906 0.0216745 0.00596547 0.00356292 0.00550108 0.00896003 0.0128531 0.0160656 0.0175173 0.0167175 0.0140623 0.010581 0.00733677 0.0049414 0.00346111 0.00263269
 1.03234e-16 2.34274e-05 0.000227723 0.0015133 0.00687929 0.0214044 0.0456065 0.0665769 0.066638 0.0459054 0.0224078 0.00977712 0.00878561 0.0160977 0.030147 0.0497578 0.0715691 0.089768 0.0984265 0.0947826 0.0808739 0.0621513 0.0442446 0.0303981 0.0210429 0.0149949
 1.16154e-16 3.09401e-05 0.000300749 0.00199858 0.00908528 0.0282678 0.0602282 0.0879089 0.0879283 0.0603232 0.0285885 0.0100187 0.00436843 0.00556319 0.0102861 0.017636 0.0269856 0.0372336 0.0471652 0.0560544 0.0637649 0.0701812 0.0745625 0.0755675 0.0720416 0.0639107
 1.01619e-16 7.96175e-05 0.000773911 0.00514291 0.0233789 0.0727405 0.154981 0.2262 0.226201 0.154988 0.0727628 0.0234436 0.00530574 0.00113137 0.00076457 0.00115456 0.00169623 0.00222353 0.00263204 0.00288913 0.00305191 0.00322122 0.00346132 0.00374824 0.00398192 0.004045
pSPR Fmed_Fpbrs
0.24079   0.239837 0.239837
Fs Fmed_Fpbrs
1.00152   1.005 1.005
SSBpbr Bo_Bmed_Bpbrs
1.44597e+06  275877  274499 274499
Ro
57470.1
SPR SPRFo_SPRFmed_SPRFpbrs
410792 98914.6 98523.3
Fref
1.005
Nvult_r0
 85469.9 1613.25 723.71 1403.98 177.693
CTP_r0
 39300.4 885.686 401.421 779.169 98.6173
YTP_r0
390973
Np
 95318.8 15923.4 197.15 85.6926 183.501
Nvult_p0
 77659.3 13727 170.568 74.1524 158.791
CTP_p0
 31596.7 6797.62 85.4416 37.1674 79.5932
YTP_p0
 352985
CBA_c0
379577
log_Ro
10.779
likeval ReclasPelacesDesembMPH_pf_preclas_ppelaces_ptallas_desvR_qrecl_qpela
 15.3727 21.5081 0.224838 0.000970268 306.868 118.933 116.308 0 75.4678 8.06178e-05 0.000142906 0.00216563 0 0 0
q_reclas_q_pelaces
3.56914 5.47799
M
1
N
 14570.1 20837.4 74931.3 10063.4 0.0959208
 8990.67 4372.14 5728.27 20460.3 2746.87
 166548 1668.22 604.378 774.092 3132.26
 55034.1 30912.6 230.708 81.7102 527.455
 8629.63 6816.13 2397.1 17.2565 45.4718
 287659 737.28 310.786 104.138 2.71775
 11708.3 74402.2 163.884 68.2805 23.4617
 3073.03 1665.55 7033.51 15.0125 8.38958
 52148 716.208 318.984 1326.83 4.41102
 13199.2 9684.79 99.1319 43.163 179.916
 35779 952.457 346.839 3.36371 7.54652
 116741 8514.82 187.947 67.4608 2.12035
 75717.2 15702 742.952 15.8616 5.86167
 67902.7 10115 1356.77 62.0782 1.81178
 41830.7 4848.6 356.835 45.3342 2.12853
 269378 3160.12 185.407 12.9481 1.71735
 12443.5 45462.6 381.454 21.81 1.72272
 488377 1817.99 4464.88 36.3339 2.23781
 137590 113041 344.766 833.828 7.1974
 234426 21084.9 11886.2 35.2155 85.7706
 189973 38540.4 2451.52 1345.61 13.6761
 443450 32613.6 4767.14 295.673 163.718
 19337.5 79504.6 4292.25 612.639 58.9606
 164518 3949.44 12606.8 667.469 104.327
 162364 37316.9 727.612 2285.66 139.808
 30447.9 37585.7 7078.03 135.908 452.667
 129475 7007.46 7069.89 1310.86 108.91
 207410 27583.7 1180.29 1169.45 234.618
 25164.1 56771.6 6648.52 281.714 334.948
 10976.8 6929.82 13803.2 1601.06 148.422
 101393 1810.4 809.403 1569.94 198.695
pred_Ctot
 1725.89 3408.76 12508.4 1681.7 0.0160304
 2975.31 1863.7 2478.92 8861.32 1189.71
 55097.2 710.895 261.467 335.157 1356.22
 25132.4 17363.2 131.132 46.4724 299.998
 4684.07 4398.65 1561.86 11.2494 29.6435
 55556 192.101 82.4865 27.6666 0.722071
 4892.98 38808.1 86.5891 36.1011 12.405
 738.625 531.836 2285.18 4.88205 2.72841
 17240.4 305.031 137.922 574.153 1.90883
 7588.17 6533.3 67.463 29.3876 122.499
 8272.04 293.429 108.746 1.05562 2.36842
 50675.1 4585.28 102.479 36.8075 1.15693
 33012.8 8486.91 406.575 8.68583 3.20997
 39164.4 6840.47 925.584 42.369 1.23659
 23699.5 3234.47 240.192 30.5297 1.43346
 98065.4 1464.49 87.1564 6.09124 0.807938
 5101.33 23331.3 198.338 11.348 0.896386
 118843 587.14 1467.09 11.9497 0.736022
 54392.9 56244.5 173.865 420.798 3.63236
 87387.4 9974.17 5702.19 16.9066 41.1792
 68059.9 17613.5 1136.63 624.36 6.34596
 152198 14355.6 2129.62 132.189 73.1979
 5700.75 30571.6 1677.1 239.578 23.0581
 41461.3 1317.18 4276.81 226.642 35.4265
 39501.6 12049.5 239.036 751.577 45.9744
 7484.14 12251.4 2347.19 45.1103 150.256
 35996.2 2555.72 2621.16 486.424 40.4153
 34374.8 6221.39 271.351 269.133 53.9969
 4094.62 12583.5 1502.22 63.7177 75.7621
 4080.31 3270.12 6605.83 766.794 71.0864
 39300.4 885.686 401.421 779.169 98.6173
F
 0.203717 0.291337 0.298085 0.298449 0.298468
 0.684429 0.978807 1.00148 1.0027 1.00276
 0.684116 0.97836 1.00102 1.00224 1.00231
 1.08866 1.5569 1.59296 1.59491 1.59501
 1.45999 2.08794 2.1363 2.13891 2.13905
 0.352288 0.503811 0.515479 0.516109 0.516142
 0.950138 1.3588 1.39027 1.39197 1.39206
 0.456449 0.652771 0.66789 0.668706 0.668749
 0.683528 0.977519 1.00016 1.00138 1.00144
 1.62887 2.32945 2.38341 2.38632 2.38647
 0.435552 0.622886 0.637313 0.63809 0.638131
 1.00617 1.43893 1.47226 1.47406 1.47415
 1.01299 1.44868 1.48224 1.48405 1.48414
 1.63939 2.3445 2.3988 2.40173 2.40188
 1.58302 2.26389 2.31633 2.31915 2.3193
 0.779224 1.11438 1.14019 1.14158 1.14165
 0.923462 1.32065 1.35124 1.35289 1.35297
 0.463337 0.662622 0.677969 0.678797 0.67884
 0.87572 1.25237 1.28138 1.28294 1.28303
 0.805431 1.15185 1.17853 1.17997 1.18005
 0.762153 1.08996 1.11521 1.11657 1.11664
 0.718769 1.02792 1.05173 1.05301 1.05308
 0.588474 0.841582 0.861074 0.862125 0.86218
 0.483573 0.691561 0.707578 0.708442 0.708488
 0.463217 0.66245 0.677793 0.67862 0.678664
 0.46904 0.670778 0.686315 0.687152 0.687196
 0.546264 0.781217 0.799311 0.800287 0.800338
 0.295662 0.422829 0.432622 0.43315 0.433178
 0.289584 0.414137 0.423729 0.424246 0.424273
 0.802241 1.14729 1.17386 1.1753 1.17537
 0.851219 1.21734 1.24553 1.24705 1.24713
nmprior
 8.19 8.8 8.5 0
nm_flota  nm_reclas  nm_pelaces    nm_pelaL
inf 23.0333 6.12212 10.5432
cv_recla  cv_pelaces  cv_mph
0.35465 0.525864 0.961283
 ------------------------------------------------
Talla a la edad & desviaci?n 
 8 13.2811 15.8009 17.003 17.5766
 0.8 1.32811 1.58009 1.7003 1.75766
