years
 1991 1992 1993 1994 1995 1996 1997 1998 1999 2000 2001 2002 2003 2004 2005 2006 2007 2008 2009 2010 2011 2012 2013 2014 2015 2016 2017 2018 2019 2020 2021
reclasobs
 0 0 0 0 0 0 0 0 0 252601 567819 844713 477998 351125 339783 2.1784e+06 2.13404e+06 4.81314e+06 1.55562e+06 2.62356e+06 3.21686e+06 3.843e+06 1.13348e+06 3.07943e+06 1.97215e+06 2.03268e+06 2.025e+06 2.42433e+06 2.27542e+06 1.05018e+06 2.36338e+06
reclaspred
 3.41195e+06 1.95556e+06 998942 1.07742e+06 1.12916e+06 1.71768e+06 1.19458e+06 1.07786e+06 779369 569216 552953 664533 660362 542890 549915 1.22327e+06 1.27326e+06 2.58786e+06 2.16323e+06 1.62822e+06 2.90046e+06 2.36371e+06 1.94261e+06 2.9846e+06 2.24468e+06 1.99448e+06 2.30952e+06 2.3751e+06 1.99224e+06 1.32893e+06 2.00012e+06
pelacesobs
 0 0 0 0 0 0 0 0 0 0 0 0 0 0 0 552880 188675 0 991730 2.46772e+06 1.41603e+06 1.21717e+06 2.29649e+06 1.80582e+06 0 1.4828e+06 1.56532e+06 1.57751e+06 1.42118e+06 867257 1.10002e+06
pelacespred
 2.42742e+06 1.56747e+06 812608 642050 697833 1.04892e+06 784997 788386 584163 406539 380102 383312 414717 362289 360720 631933 733030 1.53419e+06 1.44697e+06 1.0498e+06 1.66345e+06 1.55447e+06 1.31178e+06 1.99718e+06 1.58965e+06 1.3984e+06 1.70963e+06 1.73264e+06 1.33274e+06 1.01246e+06 1.32616e+06
mphobs
 0 0 0 0 0 0 0 0 0 0 0 498337 0 5186 125008 0 168611 109162 213762 579715 649985 157893 87575 83554 0 0 0 0 0 0 0
mphpred
 4.76214e+06 3.20898e+06 1.64848e+06 901789 1.10682e+06 1.27698e+06 1.67427e+06 1.17807e+06 1.01087e+06 714019 471605 596390 631938 554067 410078 501443 1.31962e+06 1.36434e+06 2.37558e+06 1.86173e+06 1.99512e+06 2.46926e+06 2.35554e+06 2.00156e+06 2.77145e+06 2.27104e+06 1.88679e+06 1.96289e+06 2.6335e+06 1.8615e+06 1.24698e+06
desembarqueobs
 494567 514787 250237 358949 120608 361735 552515 73892 212993 205616 52469 317467 293654 387597 252695 516296 358380 742168 942051 627588 828172 859565 418607 520667 417249 300574 415391 372974 316634 284311 391294
desembarquepred
 494573 513019 251203 358966 120611 361748 552572 73894.8 213032 205654 52471 317535 293712 387667 252706 516300 358409 742115 941970 627531 828258 859641 418628 520694 417260 300583 415402 372974 316640 284327 391301
Reclutas
 247186 143315 141727 298859 240057 376501 159436 77090 67018.1 84334.4 147352 184952 157116 111105 114601 554153 147874 831724 510027 379061 584557 778387 176617 512534 418238 196543 421368 460420 149839 114592 423099
log_desv_Rt
 0.0501053 -0.494989 -0.506132 0.239936 0.0208428 0.470887 -0.388391 -1.11506 -1.25507 -1.02524 -0.467212 -0.239939 -0.403052 -0.749555 -0.718579 0.857406 -0.463671 1.26347 0.774429 0.477661 0.910819 1.19719 -0.286053 0.779332 0.576015 -0.179153 0.583471 0.672104 -0.45047 -0.71866 0.587571
SSB
 4.76214e+06 3.20898e+06 1.64848e+06 901789 1.10682e+06 1.27698e+06 1.67427e+06 1.17807e+06 1.01087e+06 714019 471605 596390 631938 554067 410078 501443 1.31962e+06 1.36434e+06 2.37558e+06 1.86173e+06 1.99512e+06 2.46926e+06 2.35554e+06 2.00156e+06 2.77145e+06 2.27104e+06 1.88679e+06 1.96289e+06 2.6335e+06 1.8615e+06 1.24698e+06
BT
 6.26209e+06 4.27902e+06 2.20959e+06 2.02132e+06 1.91316e+06 3.18799e+06 2.47014e+06 2.10901e+06 1.70171e+06 1.24808e+06 1.07467e+06 1.30772e+06 1.38827e+06 1.39812e+06 1.2724e+06 2.27767e+06 2.199e+06 5.05989e+06 4.7993e+06 3.29449e+06 5.27495e+06 4.95263e+06 3.72484e+06 6.08221e+06 4.48484e+06 3.88501e+06 5.1633e+06 5.19614e+06 3.58868e+06 2.79285e+06 4.11694e+06
Ftot
 0.0893005 0.159988 0.154181 0.212469 0.0677246 0.135465 0.282469 0.0431984 0.171025 0.224624 0.0618321 0.300693 0.279608 0.444711 0.296048 0.27798 0.175606 0.187478 0.27293 0.242037 0.182382 0.230708 0.133855 0.113687 0.117 0.0946454 0.116588 0.102442 0.0977682 0.132639 0.128435
BD_Bspro_t
 0.985814 0.893311 0.776002 0.706598 0.718201 0.77866 0.772268 0.66125 0.705541 0.674707 0.645594 0.769832 0.667305 0.590691 0.501216 0.550891 0.670675 0.665405 0.725317 0.644648 0.618172 0.663868 0.678613 0.678824 0.768652 0.77454 0.782144 0.806842 0.837103 0.789073 0.745063
BD_Bspro
 2.83373 1.90952 0.980936 0.536614 0.658617 0.759873 0.996281 0.701018 0.601526 0.424881 0.280631 0.354885 0.376038 0.3297 0.244019 0.298386 0.785246 0.811859 1.4136 1.10783 1.1872 1.46935 1.40168 1.19104 1.64916 1.35139 1.12274 1.16803 1.56708 1.1077 0.74202
BD_Bo
 1.97561 1.33127 0.683885 0.374114 0.459172 0.529765 0.694583 0.488733 0.41937 0.296217 0.195649 0.247417 0.262165 0.229859 0.170124 0.208028 0.547455 0.566009 0.985527 0.772355 0.82769 1.02439 0.977214 0.830362 1.14976 0.942159 0.782751 0.814321 1.09253 0.772259 0.517319
BD_Brms
 13.543 9.12596 4.68809 2.56458 3.14766 3.63158 4.76142 3.3503 2.87481 2.03059 1.34119 1.69607 1.79716 1.5757 1.16621 1.42605 3.75284 3.88003 6.75586 5.29455 5.67388 7.02229 6.69888 5.69219 7.88167 6.45857 5.36582 5.58224 7.48937 5.2939 3.54626
Sel_flota
 0.875132 1 1 1 1
 0.875132 1 1 1 1
 0.875132 1 1 1 1
 0.875132 1 1 1 1
 0.875132 1 1 1 1
 0.875132 1 1 1 1
 0.875132 1 1 1 1
 0.875132 1 1 1 1
 0.875132 1 1 1 1
 0.875132 1 1 1 1
 0.875132 1 1 1 1
 0.875132 1 1 1 1
 0.875132 1 1 1 1
 0.875132 1 1 1 1
 0.875132 1 1 1 1
 0.875132 1 1 1 1
 0.875132 1 1 1 1
 0.875132 1 1 1 1
 0.875132 1 1 1 1
 0.875132 1 1 1 1
 0.875132 1 1 1 1
 0.875132 1 1 1 1
 0.875132 1 1 1 1
 0.875132 1 1 1 1
 0.875132 1 1 1 1
 0.875132 1 1 1 1
 0.875132 1 1 1 1
 0.875132 1 1 1 1
 0.875132 1 1 1 1
 0.875132 1 1 1 1
 0.875132 1 1 1 1
Sel_reclas
 1 1 1 1 1
 1 1 1 1 1
 1 1 1 1 1
 1 1 1 1 1
 1 1 1 1 1
 1 1 1 1 1
 1 1 1 1 1
 1 1 1 1 1
 1 1 1 1 1
 1 1 1 1 1
 1 1 1 1 1
 1 1 1 1 1
 1 1 1 1 1
 1 1 1 1 1
 1 1 1 1 1
 1 1 1 1 1
 1 1 1 1 1
 1 1 1 1 1
 1 1 1 1 1
 1 1 1 1 1
 1 1 1 1 1
 1 1 1 1 1
 1 1 1 1 1
 1 1 1 1 1
 1 1 1 1 1
 1 1 1 1 1
 1 1 1 1 1
 1 1 1 1 1
 1 1 1 1 1
 1 1 1 1 1
 1 1 1 1 1
Sel_pelaces
 0.724238 0.929663 0.985189 0.997022 0.999407
 0.724238 0.929663 0.985189 0.997022 0.999407
 0.724238 0.929663 0.985189 0.997022 0.999407
 0.724238 0.929663 0.985189 0.997022 0.999407
 0.724238 0.929663 0.985189 0.997022 0.999407
 0.724238 0.929663 0.985189 0.997022 0.999407
 0.724238 0.929663 0.985189 0.997022 0.999407
 0.724238 0.929663 0.985189 0.997022 0.999407
 0.724238 0.929663 0.985189 0.997022 0.999407
 0.724238 0.929663 0.985189 0.997022 0.999407
 0.724238 0.929663 0.985189 0.997022 0.999407
 0.724238 0.929663 0.985189 0.997022 0.999407
 0.724238 0.929663 0.985189 0.997022 0.999407
 0.724238 0.929663 0.985189 0.997022 0.999407
 0.724238 0.929663 0.985189 0.997022 0.999407
 0.724238 0.929663 0.985189 0.997022 0.999407
 0.724238 0.929663 0.985189 0.997022 0.999407
 0.724238 0.929663 0.985189 0.997022 0.999407
 0.724238 0.929663 0.985189 0.997022 0.999407
 0.724238 0.929663 0.985189 0.997022 0.999407
 0.724238 0.929663 0.985189 0.997022 0.999407
 0.724238 0.929663 0.985189 0.997022 0.999407
 0.724238 0.929663 0.985189 0.997022 0.999407
 0.724238 0.929663 0.985189 0.997022 0.999407
 0.724238 0.929663 0.985189 0.997022 0.999407
 0.724238 0.929663 0.985189 0.997022 0.999407
 0.724238 0.929663 0.985189 0.997022 0.999407
 0.724238 0.929663 0.985189 0.997022 0.999407
 0.724238 0.929663 0.985189 0.997022 0.999407
 0.724238 0.929663 0.985189 0.997022 0.999407
 0.724238 0.929663 0.985189 0.997022 0.999407
pf_obs 
 0.8446 0.082 0.0669 0.0065 0
 0.8095 0.147 0.0364 0.0071 0
 0.9664 0.0169 0.016 0.0007 0
 0.9276 0.0648 0.0075 0.0001 0
 0.7033 0.2144 0.0806 0.0017 0
 0.9318 0.0425 0.0243 0.0014 0
 0.5671 0.3108 0.0964 0.0239 0.0018
 0.0768 0.2599 0.5324 0.112 0.0189
 0.490249 0.384438 0.106611 0.0170017 0.00170017
 0.7925 0.1577 0.0466 0.003 0.0002
 0.840416 0.127587 0.0312969 0.00059994 9.999e-05
 0.8084 0.0986 0.0794 0.0134 0.0002
 0.7335 0.1905 0.0724 0.0035 0.0001
 0.4001 0.4547 0.1325 0.0127 0
 0.49795 0.308269 0.164784 0.0264974 0.00249975
 0.9179 0.0499 0.0305 0.0017 0
 0.2467 0.6533 0.0926 0.0074 0
 0.9418 0.0223 0.034 0.0019 0
 0.707729 0.231977 0.0356964 0.0245975 0
 0.517169 0.277429 0.184464 0.0207286 0.00020938
 0.811772 0.124168 0.05621 0.00726502 0.000585176
 0.764997 0.148141 0.077277 0.00933861 0.000247198
 0.163321 0.427699 0.378323 0.0303852 0.000271297
 0.753843 0.0900009 0.118128 0.0371064 0.000921714
 0.721811 0.176058 0.0630433 0.0369309 0.00215725
 0.143369 0.312575 0.442814 0.0836902 0.0175525
 0.692698 0.0596174 0.167031 0.0765114 0.00414204
 0.394062 0.376323 0.152708 0.0712218 0.00568511
 0.125707 0.32114 0.495352 0.0537591 0.00404204
 0.23352 0.215282 0.420074 0.123614 0.00750983
 0.774587 0.0839891 0.0768558 0.0609784 0.00358967
pf_pred 
 0.428349 0.107045 0.441471 0.023134 7.51094e-07
 0.410369 0.272944 0.0593017 0.244569 0.0128163
 0.548766 0.201211 0.115737 0.0251458 0.10914
 0.772234 0.133086 0.0422192 0.0242846 0.0281765
 0.648072 0.280632 0.041659 0.0132156 0.0164215
 0.730196 0.183182 0.0690739 0.0102538 0.00729479
 0.465597 0.404809 0.0879869 0.033178 0.00842905
 0.426684 0.289067 0.215318 0.0468002 0.0221308
 0.499336 0.23049 0.136222 0.101468 0.0324836
 0.653254 0.185785 0.0741018 0.0437949 0.0430649
 0.776986 0.153086 0.0374669 0.014944 0.0175169
 0.719037 0.224762 0.0385792 0.00944198 0.00818043
 0.666441 0.24999 0.0668526 0.0114749 0.00524156
 0.605713 0.275939 0.0886974 0.0237196 0.00593106
 0.703248 0.191384 0.0737412 0.0237033 0.00792376
 0.917372 0.060705 0.0141385 0.00544764 0.00233645
 0.431272 0.527973 0.0299422 0.00697369 0.00383943
 0.88043 0.0558972 0.0591096 0.0033522 0.00121059
 0.609303 0.349709 0.019161 0.0202622 0.00156408
 0.594524 0.261639 0.128747 0.00705423 0.00803547
 0.742596 0.162284 0.0613775 0.0302027 0.00353987
 0.743141 0.197697 0.0372998 0.0141072 0.0077555
 0.338902 0.509593 0.116609 0.0220008 0.0128954
 0.743702 0.0952668 0.124128 0.0284038 0.00850009
 0.624132 0.289335 0.0321646 0.0419087 0.0124597
 0.449757 0.361408 0.145361 0.0161594 0.0273146
 0.729829 0.130945 0.0914452 0.03678 0.011
 0.686542 0.237255 0.0369337 0.0257925 0.0134766
 0.378645 0.444918 0.133544 0.020789 0.0221035
 0.451303 0.226193 0.230927 0.0693141 0.0222627
 0.82862 0.0834529 0.0362468 0.0370055 0.0146749
pobs_RECLAS
 0 0 0 0 0
 0 0 0 0 0
 0 0 0 0 0
 0 0 0 0 0
 0 0 0 0 0
 0 0 0 0 0
 0 0 0 0 0
 0 0 0 0 0
 0 0 0 0 0
 0 0 0 0 0
 0.991045 0.00858322 0.000360255 1.14367e-05 0
 0.934742 0.0480273 0.0164251 0.00080598 0
 0.827803 0.169806 0.00239088 0 0
 0.941827 0.0461693 0.0120037 0 0
 0.791401 0.0380133 0.147996 0.0225897 0
 0.846168 0.0940531 0.0597789 0 0
 0.134021 0.677848 0.182769 0.00536245 0
 0.80878 0.0450904 0.141981 0.00414843 0
 0.846168 0.0940531 0.0597789 0 0
 0.905697 0.0802665 0.012482 0.00150086 5.37128e-05
 0.989698 0.0102097 9.19794e-05 0 0
 0.975433 0.0193895 0.00387452 0.00125025 5.28907e-05
 0.303575 0.632131 0.0575291 0.00676475 0
 0.966965 0.00978017 0.0227588 0.000495775 0
 0.843318 0.132988 0.00938335 0.0141283 0.000182051
 0.564624 0.303363 0.111486 0.0197234 0.00080311
 0.826376 0.0876187 0.0782897 0.00655872 0.00115652
 0.89761 0.0855135 0.0140674 0.00269457 0.000114338
 0.34875 0.467042 0.161289 0.0227151 0.000203297
 0.318654 0.224769 0.449479 0.00709798 0
 0.937255 0.0296025 0.0250945 0.00804832 0
ppred_RECLAS
 0.461521 0.100834 0.415853 0.0217916 7.0751e-07
 0.443447 0.257632 0.0559749 0.230849 0.0120974
 0.58197 0.186405 0.107221 0.0232955 0.101109
 0.795261 0.119631 0.0379507 0.0218294 0.0253278
 0.678021 0.25675 0.0381138 0.0120909 0.0150241
 0.755941 0.165702 0.0624828 0.00927539 0.00659871
 0.499793 0.378905 0.0823566 0.0310549 0.00788967
 0.459699 0.272421 0.202918 0.0441052 0.0208563
 0.533137 0.214929 0.127025 0.0946176 0.0302905
 0.683416 0.169624 0.0676559 0.0399853 0.0393188
 0.79935 0.137735 0.0337097 0.0134454 0.0157603
 0.745921 0.203255 0.0348877 0.00853852 0.00739768
 0.696163 0.227715 0.0608957 0.0104524 0.00477452
 0.638545 0.252961 0.0813116 0.0217444 0.00543719
 0.731063 0.173445 0.0668291 0.0214815 0.00718104
 0.927176 0.0535022 0.0124609 0.00480126 0.00205922
 0.464758 0.496886 0.0281792 0.00656309 0.00361337
 0.893988 0.0495594 0.0524076 0.00297212 0.00107333
 0.641353 0.321022 0.0175892 0.0186 0.00143578
 0.626936 0.240724 0.118456 0.00649035 0.00739314
 0.767645 0.146492 0.0554047 0.0272636 0.0031954
 0.768274 0.178353 0.0336502 0.0127268 0.00699665
 0.369753 0.485812 0.111167 0.0209741 0.0122936
 0.768518 0.0860425 0.112109 0.0256536 0.00767706
 0.655166 0.265445 0.0295088 0.0384484 0.0114309
 0.483201 0.339441 0.136526 0.0151772 0.0256544
 0.755554 0.118477 0.0827381 0.033278 0.00995262
 0.714742 0.21591 0.033611 0.0234721 0.0122642
 0.410758 0.421923 0.126643 0.0197146 0.0209612
 0.484878 0.212352 0.216797 0.0650728 0.0209004
 0.84693 0.0745367 0.0323741 0.0330518 0.013107
pobs_PELACES
 0 0 0 0 0
 0 0 0 0 0
 0 0 0 0 0
 0 0 0 0 0
 0 0 0 0 0
 0 0 0 0 0
 0 0 0 0 0
 0 0 0 0 0
 0 0 0 0 0
 0 0 0 0 0
 0 0 0 0 0
 0 0 0 0 0
 0 0 0 0 0
 0 0 0 0 0
 0 0 0 0 0
 0 0 0 0 0
 0.505614 0.472636 0.0217494 0 0
 0 0 0 0 0
 0.443492 0.261883 0.143347 0.151278 0
 0.227955 0.32914 0.350689 0.0885471 0.00366901
 0.970185 0.0296113 0.000203453 0 0
 0.997202 0.00247181 0.000326279 0 0
 0.445219 0.490057 0.0546422 0.010081 0
 0.90214 0.0892962 0.00764917 0.000914606 0
 0 0 0 0 0
 0.581667 0.319106 0.0959925 0.00289975 0.000334073
 0.762889 0.0836404 0.116647 0.0363945 0.000428098
 0.88444 0.0763242 0.0277011 0.0115352 0
 0.521256 0.241999 0.230069 0.00667565 0
 0.616807 0.101726 0.260614 0.0208532 0
 0.833518 0.0704572 0.0857862 0.0102388 0
ppred_PELACES
 0.389804 0.10892 0.476031 0.0252446 8.21581e-07
 0.375828 0.278439 0.0641087 0.267569 0.0140552
 0.512672 0.209451 0.127673 0.0280722 0.122132
 0.748061 0.14319 0.0481375 0.0280214 0.0325899
 0.618828 0.299965 0.0471885 0.0151495 0.0188696
 0.704029 0.196993 0.0787186 0.0118259 0.00843332
 0.436769 0.420128 0.0967706 0.0369284 0.0094043
 0.391684 0.297422 0.234773 0.0516418 0.0244787
 0.463792 0.238321 0.149263 0.112517 0.0361069
 0.622063 0.196363 0.0829991 0.0496425 0.0489318
 0.752969 0.16612 0.0430851 0.0173912 0.0204343
 0.695704 0.240346 0.0437181 0.0108282 0.00940388
 0.640006 0.265647 0.0752825 0.013077 0.0059877
 0.579064 0.289118 0.0984844 0.0266531 0.00668054
 0.677027 0.203685 0.0831682 0.0270546 0.0090657
 0.907952 0.0664878 0.0164103 0.00639889 0.002751
 0.404152 0.55065 0.0330934 0.00780021 0.00430475
 0.865105 0.0610875 0.0684565 0.00392891 0.00142225
 0.583176 0.370507 0.0215131 0.0230226 0.00178142
 0.564117 0.275282 0.143552 0.00795986 0.00908876
 0.716949 0.174309 0.0698632 0.0347913 0.00408743
 0.719823 0.212474 0.0424822 0.0162602 0.0089605
 0.311789 0.522957 0.126814 0.0242137 0.0142264
 0.714279 0.102173 0.141077 0.0326701 0.00980021
 0.594209 0.307548 0.0362313 0.0477744 0.0142376
 0.417164 0.37471 0.159713 0.0179681 0.0304445
 0.700769 0.140379 0.103888 0.0422866 0.0126771
 0.658576 0.254297 0.0419511 0.0296482 0.0155282
 0.348809 0.458068 0.145704 0.0229543 0.0244641
 0.41547 0.232292 0.251319 0.0763408 0.0245782
 0.807244 0.0907138 0.0417537 0.0431397 0.0171484
pobs_pel_tallas
 0 0 0 0 0 0 0 0 0 0 0 0 0 0 0 0 0 0 0 0 0 0 0 0 0 0
 0 0 0 0 0 0 0 0 0 0 0 0 0 0 0 0 0 0 0 0 0 0 0 0 0 0
 0 0 0 0 0 0 0 0 0 0 0 0 0 0 0 0 0 0 0 0 0 0 0 0 0 0
 0 0 0 0 0 0 0 0 0 0 0 0 0 0 0 0 0 0 0 0 0 0 0 0 0 0
 0 0 0 0 0 0 0 0 0 0 0 0 0 0 0 0 0 0 0 0 0 0 0 0 0 0
 0 0 0 0 0 0 0 0 0 0 0 0 0 0 0 0 0 0 0 0 0 0 0 0 0 0
 0 0 0 0 0 0 0 0 0 0 0 0 0 0 0 0 0 0 0 0 0 0 0 0 0 0
 0 0 0 0 0 0 0 0 0 0 0 0 0 0 0 0 0 0 0 0 0 0 0 0 0 0
 0 0 0 0 0 0 0 0 0 0 0 0 0 0 0 0 0 0 0 0 0 0 0 0 0 0
 0 0 0 0 0 0 0 0 0 0 0 0 0 0 0 0 0 0 0 0 0 0 0 0 0 0
 0 0 0 0 0 0 0 0 0 0 0 0 0 0 0 0 0 0 0 0 0 0 0 0 0 0
 0 0 0 0 0 0 0 0 0 0 0 0 0 0 0 0 0 0 0 0 0 0 0 0 0 0
 0.00862536 0 0 0.000197151 0.00414017 0.0128641 0.00837892 0.0270097 0.101434 0.158115 0.152841 0.127902 0.109271 0.109419 0.0830992 0.0579132 0.0238553 0.00714673 0.00463305 0.00128148 0.00103504 0.000492878 0.000147863 0.000147863 4.92878e-05 0
 0 0 0 0 0 0 0 0 0 0 0 0 0 0 0 0 0 0 0 0 0 0 0 0 0 0
 0 0 0 0 0 0 0 0.0054083 0.00873648 0.0413646 0.0450493 0.0745869 0.0622846 0.0627006 0.0613931 0.0827291 0.12552 0.122667 0.0946155 0.0697135 0.0546179 0.0294188 0.0215738 0.0213955 0.0102223 0.00600262
 0 0 0 0 0.00359764 0.0251062 0.0480494 0.140153 0.205849 0.193036 0.1447 0.116669 0.0760912 0.0342217 0.00950174 0.001854 0.000860785 0 0 0 0.000165536 0 0.000143464 0 0 0
 0 0 0 0 0 0 0 0.000145254 0.000435761 0.0275982 0.070085 0.0708112 0.156366 0.174668 0.174014 0.160142 0.0824315 0.0480064 0.0283245 0.00493863 0.00203355 0 0 0 0 0
 0 0 0 0 0 0 0 0 0 0 0 0 0 0 0 0 0 0 0 0 0 0 0 0 0 0
 0 0 1.00437e-05 0.000401748 0.00122533 0.00171747 0.00176769 0.0269171 0.070346 0.194647 0.189555 0.159765 0.064822 0.0314167 0.0384472 0.0292271 0.0345202 0.0313363 0.0194345 0.0106764 0.0143323 0.0359363 0.0279516 0.0138201 0.00172751 0
 0 0.0021121 0.0136068 0.0755702 0.200478 0.177729 0.0527432 0.0373336 0.0318909 0.0142505 0.0149659 0.0166563 0.0217959 0.0798694 0.0677717 0.0528807 0.04013 0.0224614 0.0357745 0.0225083 0.00881397 0.00855152 0.00135912 0.000746735 0 0
 0 0 0 0 5.4009e-05 0.00500934 0.000945158 0.0243581 0.138947 0.33067 0.221406 0.137944 0.0707744 0.0437923 0.0131692 0.00525238 0.0047753 0.00276346 9.45158e-05 9.00151e-06 2.25038e-05 9.00151e-06 4.50075e-06 0 0 0
 0.000866109 0.00284123 0.00948549 0.0512746 0.133035 0.25785 0.225252 0.132002 0.0553304 0.0519788 0.0540692 0.017754 0.00435017 0.00159236 0.00146478 0.000404838 0.000125132 0.000115318 0.000107957 0.000100596 0 0 0 0 0 0
 0 0 0 0 0.00144013 0.00171154 0.00461396 0.0210425 0.0478622 0.0707936 0.0888783 0.103762 0.0637923 0.0337046 0.0602308 0.124433 0.169614 0.0934646 0.0462172 0.0250306 0.0313229 0.00938855 0.002487 0.000210481 0 0
 0 0.00764035 0.051015 0.0998891 0.058973 0.0496711 0.0374665 0.0718981 0.12319 0.153886 0.159021 0.0857701 0.0377988 0.023471 0.0147837 0.00900784 0.00315554 0.000888139 0.00291439 0.00214683 0.00393193 0.00274676 0.000635225 9.99891e-05 0 0
 0 0 0 0 0 0 0 0 0 0 0 0 0 0 0 0 0 0 0 0 0 0 0 0 0 0
 0 0 0 0 0 0 0 0 0 0 0 0 0 0 0 0 0 0 0 0 0 0 0 0 0 0
 0 0 0 0 0 0 0 0 0 0 0 0 0 0 0 0 0 0 0 0 0 0 0 0 0 0
 0 0 0 0 0 0 0 0 0 0 0 0 0 0 0 0 0 0 0 0 0 0 0 0 0 0
 0 0 0 0 0 0 0 0 0 0 0 0 0 0 0 0 0 0 0 0 0 0 0 0 0 0
 0 0 0 0 0 0 0 0 0 0 0 0 0 0 0 0 0 0 0 0 0 0 0 0 0 0
 0 0 0 0 0 0 0 0 0 0 0 0 0 0 0 0 0 0 0 0 0 0 0 0 0 0
ppred_pel_tallas
 1.16297e-16 3.21077e-05 0.000312098 0.002074 0.00942812 0.0293344 0.0625005 0.0912237 0.0912349 0.0625557 0.0295217 0.00997803 0.0034888 0.00351435 0.00644629 0.0114713 0.0185303 0.0274727 0.038005 0.0497382 0.0619714 0.0733093 0.0815959 0.0845451 0.0808286 0.0708877
 1.31134e-16 3.09565e-05 0.000300909 0.00199964 0.00909011 0.0282829 0.0602606 0.0879578 0.0879847 0.0603925 0.028726 0.010372 0.00522536 0.00737021 0.0135426 0.02258 0.0331318 0.0430543 0.05031 0.0542813 0.0562544 0.0585009 0.0625991 0.0682802 0.0735625 0.0759092
 1.27222e-16 4.22282e-05 0.000410473 0.00272774 0.0123999 0.0385808 0.0822013 0.119979 0.12 0.0823009 0.0389159 0.0133701 0.00517249 0.00577907 0.0103332 0.0172711 0.0254919 0.0334004 0.0394442 0.0430518 0.0449977 0.0467844 0.0495124 0.0531269 0.0565126 0.0581934
 1.09752e-16 6.16169e-05 0.000598938 0.00398015 0.0180932 0.0562948 0.119942 0.175062 0.175076 0.12001 0.0565224 0.0187515 0.0056356 0.00422305 0.00697542 0.011518 0.0167898 0.0215617 0.0246437 0.0255452 0.0247753 0.0234651 0.0226052 0.0224946 0.0227364 0.0226372
 1.06152e-16 5.09721e-05 0.000495467 0.00329255 0.0149675 0.0465695 0.0992224 0.144824 0.144853 0.0993637 0.0470442 0.0163385 0.00673465 0.00801199 0.0143336 0.0236359 0.034094 0.0429884 0.0475886 0.0466582 0.0411961 0.0337475 0.026855 0.0218509 0.0186927 0.0165907
 1.04936e-16 5.799e-05 0.000563683 0.00374587 0.0170282 0.0529812 0.112883 0.16476 0.164779 0.112976 0.0532944 0.0179339 0.00602334 0.00554853 0.00956367 0.0158197 0.0230188 0.0294401 0.0333556 0.0339519 0.031766 0.0282221 0.0246702 0.0217084 0.0191943 0.0167153
 1.08195e-16 3.59762e-05 0.000349701 0.00232389 0.0105641 0.032869 0.0700324 0.102223 0.102263 0.0702306 0.0335348 0.0124879 0.00715632 0.0109102 0.0201255 0.0333027 0.0481797 0.0610339 0.0680888 0.0676099 0.0609072 0.051361 0.0422905 0.0353483 0.0303857 0.0263856
 1.16173e-16 3.22625e-05 0.000313603 0.00208401 0.00947361 0.0294761 0.0628029 0.0916688 0.0916978 0.0629447 0.029953 0.0108553 0.00556762 0.00796971 0.0147238 0.0246869 0.0364898 0.0478446 0.0563988 0.0610311 0.0623643 0.0619895 0.0610931 0.0596778 0.0568931 0.051968
 1.21763e-16 3.82019e-05 0.000371337 0.00246766 0.0112177 0.0349024 0.0743641 0.108541 0.108565 0.0744775 0.0352839 0.0123226 0.00525272 0.00648944 0.0117721 0.0197075 0.029121 0.0382106 0.0451937 0.0493567 0.0514479 0.0529727 0.0549559 0.0571838 0.0584343 0.0573501
 1.15705e-16 5.12386e-05 0.000498057 0.00330977 0.0150457 0.0468129 0.0997406 0.145578 0.145597 0.0998337 0.0471258 0.0159508 0.00558729 0.00548923 0.00958848 0.015927 0.0233173 0.03015 0.0348484 0.0367741 0.0366147 0.0358443 0.0356802 0.0363584 0.0371781 0.0370981
 1.06489e-16 6.20211e-05 0.000602867 0.00400627 0.0182119 0.0566641 0.120729 0.176212 0.176228 0.120808 0.0569276 0.0189735 0.00591992 0.00478706 0.00802865 0.0132288 0.0191811 0.0244055 0.0274463 0.0276616 0.0256043 0.0226178 0.0199746 0.0182333 0.0171934 0.0162927
 1.04001e-16 5.73043e-05 0.000557018 0.00370158 0.0168269 0.0523547 0.111548 0.162813 0.162836 0.111661 0.0527352 0.0179259 0.00646122 0.0065843 0.011513 0.018966 0.0273715 0.0345402 0.0382799 0.0375848 0.0332246 0.0271987 0.0215087 0.0172124 0.0143072 0.0122309
 1.04566e-16 5.27165e-05 0.000512423 0.00340523 0.0154797 0.0481633 0.102618 0.149779 0.149805 0.102743 0.0485846 0.0166974 0.00646485 0.00720128 0.0127845 0.0211261 0.0306012 0.0388438 0.0434661 0.0433504 0.0392753 0.0333067 0.0274764 0.0228035 0.019234 0.0162253
 1.0672e-16 4.76968e-05 0.00046363 0.00308098 0.0140057 0.0435772 0.0928468 0.135518 0.135546 0.0929835 0.0440364 0.0153333 0.00641799 0.00776393 0.0139582 0.0231207 0.0335847 0.0428294 0.0483043 0.0488208 0.0452082 0.0396327 0.0341648 0.0297479 0.0261849 0.0228216
 1.067e-16 5.57658e-05 0.000542064 0.0036022 0.0163751 0.0509492 0.108553 0.158441 0.158461 0.10865 0.0512732 0.0173122 0.00595906 0.00570232 0.00990102 0.0163987 0.0238971 0.0306433 0.0348819 0.0358041 0.0339859 0.0308928 0.0278711 0.0254459 0.0233513 0.0210513
 1.01598e-16 7.47868e-05 0.000726955 0.00483087 0.0219604 0.0683271 0.145578 0.212477 0.212484 0.14561 0.0684325 0.022265 0.00559614 0.0023997 0.00325804 0.00528481 0.00764617 0.00970184 0.0108548 0.0108343 0.00984928 0.0084315 0.00709754 0.00609557 0.00538684 0.00479707
 1.02607e-16 3.32895e-05 0.000323586 0.00215035 0.0097752 0.0304145 0.0648034 0.0945935 0.0946465 0.0650623 0.0312838 0.0122849 0.00844648 0.0140563 0.0260795 0.0429709 0.0616845 0.0771209 0.0841047 0.0802513 0.0674117 0.0504704 0.0345005 0.0224644 0.0147722 0.0102949
 1.02626e-16 7.12575e-05 0.000692649 0.00460289 0.0209241 0.0651027 0.138708 0.20245 0.202456 0.138738 0.0652012 0.0212099 0.00532478 0.00228329 0.00313527 0.00518257 0.00771904 0.010247 0.0122907 0.0135987 0.0142314 0.0144068 0.0142522 0.0136977 0.012589 0.0108849
 1.03326e-16 4.80355e-05 0.000466922 0.00310286 0.0141052 0.0438867 0.0935065 0.136483 0.136519 0.0936807 0.0444716 0.0157942 0.00734057 0.00971112 0.0175849 0.0289452 0.0415772 0.0520502 0.0569105 0.0545884 0.0463577 0.0355077 0.0254116 0.0179726 0.0133415 0.0106364
 1.0655e-16 4.64656e-05 0.000451662 0.00300146 0.0136442 0.0424523 0.0904501 0.13202 0.132047 0.0905807 0.042891 0.0149134 0.00619504 0.00744895 0.0134106 0.0222921 0.0325611 0.0418867 0.0478853 0.0493985 0.0470768 0.0427365 0.0380646 0.033756 0.0296058 0.0251836
 1.06242e-16 5.90541e-05 0.000574027 0.00381461 0.0173407 0.0539534 0.114954 0.167782 0.167799 0.115037 0.0542307 0.0181428 0.00583198 0.00499142 0.00848843 0.0140454 0.020478 0.0262861 0.0299805 0.0308849 0.0295057 0.0270973 0.0247911 0.022991 0.0214093 0.0195313
 1.04428e-16 5.92909e-05 0.000576329 0.00382991 0.0174102 0.0541698 0.115415 0.168456 0.168477 0.115515 0.0545063 0.0183825 0.00627155 0.00591057 0.0102023 0.0168056 0.0242825 0.0307072 0.0341604 0.0337687 0.0302163 0.0252528 0.0206054 0.0171481 0.0148137 0.013057
 1.0863e-16 2.56818e-05 0.000249636 0.00165892 0.00754124 0.0234639 0.0499941 0.0729785 0.073029 0.0502409 0.0242926 0.00993609 0.0076745 0.0133956 0.025033 0.0414507 0.0599589 0.0759246 0.0846212 0.0838499 0.075197 0.0628414 0.050928 0.0415891 0.0347704 0.0293553
 1.09033e-16 5.88342e-05 0.00057189 0.00380041 0.0172761 0.0537525 0.114526 0.167156 0.167166 0.114575 0.0539184 0.017758 0.00502012 0.00326815 0.00527844 0.00889252 0.0134123 0.0181439 0.0223951 0.0258199 0.0285179 0.0307354 0.0324431 0.0332018 0.032439 0.0298743
 1.08325e-16 4.89442e-05 0.000475755 0.00316156 0.014372 0.0447169 0.0952751 0.139063 0.139093 0.09542 0.0452033 0.0157771 0.00668907 0.00817819 0.0146836 0.024217 0.0349348 0.0440665 0.0488465 0.048063 0.0428085 0.0357467 0.0294825 0.0252908 0.0229501 0.0214364
 1.11659e-16 3.43614e-05 0.000334005 0.00221958 0.0100899 0.0313937 0.0668889 0.0976338 0.0976701 0.0670662 0.0319898 0.011814 0.00655556 0.00982725 0.0181454 0.0301575 0.043941 0.05631 0.0640131 0.065527 0.061878 0.0557514 0.0496602 0.044664 0.0404072 0.036028
 1.09421e-16 5.77214e-05 0.000561073 0.00372853 0.0169494 0.0527358 0.11236 0.163995 0.164009 0.112427 0.0529608 0.0176012 0.005372 0.00417286 0.00698838 0.0116499 0.0172214 0.0226013 0.0267018 0.0290335 0.0299387 0.0302065 0.0303969 0.0304492 0.029838 0.028045
 1.06877e-16 5.42461e-05 0.000527291 0.00350404 0.0159289 0.0495607 0.105595 0.154124 0.154149 0.105715 0.0499632 0.0170918 0.00642432 0.00690614 0.0121807 0.0200842 0.029009 0.0366661 0.0407734 0.0403174 0.0361665 0.0304691 0.0253248 0.0217606 0.0196117 0.0180922
 1.10764e-16 2.87311e-05 0.000279276 0.00185589 0.00843664 0.0262497 0.0559295 0.08164 0.0816843 0.0561459 0.0269769 0.0105385 0.00713821 0.011832 0.0220321 0.0365426 0.0530243 0.0674918 0.0758786 0.0762923 0.0700736 0.0607311 0.0516619 0.0444845 0.0389698 0.034082
 1.19128e-16 3.42218e-05 0.000332648 0.00221056 0.0100489 0.031266 0.0666164 0.0972333 0.0972561 0.0667277 0.031641 0.0111367 0.00495918 0.00639274 0.0117199 0.0197854 0.0295907 0.0395177 0.0479046 0.053969 0.0581104 0.0612419 0.0637496 0.0650228 0.0639118 0.0596208
 1.08457e-16 6.64917e-05 0.000646323 0.00429504 0.0195246 0.0607485 0.129431 0.188911 0.188919 0.129474 0.0608932 0.0199436 0.00534998 0.00296039 0.00449487 0.00741636 0.0108976 0.014188 0.0165899 0.0178391 0.0182645 0.0185215 0.0190984 0.0199897 0.0207457 0.0207905
pSPR Fmed_Fpbrs
0.732841   0.195877 0.195877
Fs Fmed_Fpbrs
0.156965   1.005 1.005
SSBpbr Bo_Bmed_Bpbrs
2.41046e+06  1.64596e+06  351632 351632
Ro
235106
SPR SPRFo_SPRFmed_SPRFpbrs
1.68052e+06 1.23155e+06 329175
Fref
1.005
Nvult_r0
 283997 25391.6 11028.5 11259.4 4465.03
CTP_r0
 28695.2 2889.98 1255.23 1281.5 508.194
YTP_r0
391301
Np
 312014 139102 12144.3 5274.75 7127.46
Nvult_p0
 264380 120371 10509 4564.45 6167.68
CTP_p0
 123716 60335.4 5267.59 2287.92 3091.53
YTP_p0
 2.19871e+06
CBA_c0
933524
log_Ro
12.1878
likeval ReclasPelacesDesembMPH_pf_preclas_ppelaces_ptallas_desvR_qrecl_qpela
 17.9969 17.9196 0.134737 0.00353908 241.882 120.902 99.6817 0 20.6494 1.02878e-05 0 0.684328 0 0 0
q_reclas_q_pelaces
0.634758 1
M
1
N
 247186 54307.4 223972 11736.6 0.381053
 143315 84098.6 18271.8 75355.6 3948.92
 141727 45834.4 26364.1 5728.03 24861.2
 298859 45557.5 14452.3 8313.01 9645.26
 240057 91289.2 13551.6 4299.01 5341.9
 376501 83230.1 31384.3 4658.91 3314.45
 159436 123023 26739.6 10082.9 2561.62
 77090 45807.4 34120.6 7416.26 3506.98
 67018.1 27307.7 16139.2 12021.6 3848.54
 84334.4 21227.4 8466.73 5003.93 4920.52
 147352 25488.2 6238.06 2488.1 2916.48
 184952 51352.4 8814.36 2157.25 1869.02
 157116 52297.5 13985.5 2400.53 1096.53
 111105 45253.9 14546.4 3890 972.694
 114601 27696.3 10671.5 3430.24 1146.69
 554153 32536.9 7578.02 2919.84 1252.3
 147874 159840 9064.76 2111.23 1162.36
 831724 46650.6 49331.6 2797.67 1010.33
 510027 259675 14227.9 15045.6 1161.4
 379061 147764 72711.7 3983.97 4538.13
 584557 112830 42673.5 20998.8 2461.14
 778387 183322 34587.8 13081.5 7191.59
 176617 234001 53545.8 10102.6 5921.47
 512534 57791.5 75299.2 17230.5 5156.39
 418238 170694 18975.6 24724.2 7350.66
 196543 138887 55861.5 6209.96 10496.8
 421368 66556.7 46479.6 18694.5 5591.06
 460420 139977 21790.3 15217.2 7950.97
 149839 154855 46480.5 7235.67 7693.2
 114592 50602.7 51661.8 15506.6 4980.49
 423099 37535.9 16303.3 16644.5 6600.57
pred_Ctot
 11821.4 2954.19 12183.5 638.441 0.0207283
 11972.1 7962.89 1730.07 7135.06 373.905
 11433.3 4192.16 2411.34 523.904 2273.88
 32544 5608.61 1779.23 1023.42 1187.43
 8774.76 3799.7 564.054 178.936 222.344
 26865 6739.54 2541.34 377.254 268.387
 22521.5 19581.1 4256.03 1604.86 407.723
 1813.43 1228.55 915.112 198.903 94.0569
 5961.26 2751.68 1626.27 1211.36 387.801
 9667.36 2749.38 1096.62 648.112 637.308
 4927.99 970.942 237.631 94.7813 111.1
 27635.3 8638.45 1482.74 362.891 314.405
 21990.9 8249.04 2205.97 378.643 172.959
 23367.2 10645.1 3421.76 915.052 228.808
 16886.3 4595.5 1770.67 569.161 190.265
 77154.9 5105.55 1189.11 458.169 196.505
 13483.7 16507.1 936.144 218.033 120.04
 80626.6 5118.86 5413.05 306.982 110.862
 69844.2 40087 2196.42 2322.65 179.29
 46534.7 20479 10077.4 552.151 628.954
 55225.8 12068.8 4564.56 2246.13 263.255
 91448 24327.8 4589.97 1735.98 954.361
 12459.7 18735.1 4287.12 808.858 474.099
 30932.6 3962.4 5162.8 1181.39 353.542
 25946.2 12028.2 1337.14 1742.22 517.972
 9942.87 7989.73 3213.54 357.24 603.849
 26052.3 4674.28 3264.26 1312.92 392.66
 25140.2 8687.95 1352.46 944.487 493.494
 7821.5 9190.46 2758.57 429.429 456.582
 8014.1 4016.66 4100.74 1230.86 395.334
 28695.2 2889.98 1255.23 1281.5 508.194
F
 0.0781497 0.0893005 0.0893005 0.0893005 0.0893005
 0.140011 0.159988 0.159988 0.159988 0.159988
 0.134928 0.154181 0.154181 0.154181 0.154181
 0.185939 0.212469 0.212469 0.212469 0.212469
 0.0592679 0.0677246 0.0677246 0.0677246 0.0677246
 0.11855 0.135465 0.135465 0.135465 0.135465
 0.247197 0.282469 0.282469 0.282469 0.282469
 0.0378043 0.0431984 0.0431984 0.0431984 0.0431984
 0.14967 0.171025 0.171025 0.171025 0.171025
 0.196575 0.224624 0.224624 0.224624 0.224624
 0.0541112 0.0618321 0.0618321 0.0618321 0.0618321
 0.263146 0.300693 0.300693 0.300693 0.300693
 0.244694 0.279608 0.279608 0.279608 0.279608
 0.38918 0.444711 0.444711 0.444711 0.444711
 0.259081 0.296048 0.296048 0.296048 0.296048
 0.243269 0.27798 0.27798 0.27798 0.27798
 0.153678 0.175606 0.175606 0.175606 0.175606
 0.164068 0.187478 0.187478 0.187478 0.187478
 0.238849 0.27293 0.27293 0.27293 0.27293
 0.211814 0.242037 0.242037 0.242037 0.242037
 0.159608 0.182382 0.182382 0.182382 0.182382
 0.2019 0.230708 0.230708 0.230708 0.230708
 0.11714 0.133855 0.133855 0.133855 0.133855
 0.0994915 0.113687 0.113687 0.113687 0.113687
 0.102391 0.117 0.117 0.117 0.117
 0.0828272 0.0946454 0.0946454 0.0946454 0.0946454
 0.10203 0.116588 0.116588 0.116588 0.116588
 0.0896505 0.102442 0.102442 0.102442 0.102442
 0.0855601 0.0977682 0.0977682 0.0977682 0.0977682
 0.116076 0.132639 0.132639 0.132639 0.132639
 0.112397 0.128435 0.128435 0.128435 0.128435
nmprior
 8.19 8.8 8.5 0
nm_flota  nm_reclas  nm_pelaces    nm_pelaL
inf 11.3148 12.4114 26.422
cv_recla  cv_pelaces  cv_mph
0.383728 0.479994 1.83591
 ------------------------------------------------
Talla a la edad & desviaci?n 
 8 13.2811 15.8009 17.003 17.5766
 0.8 1.32811 1.58009 1.7003 1.75766
