years
 1991 1992 1993 1994 1995 1996 1997 1998 1999 2000 2001 2002 2003 2004 2005 2006 2007 2008 2009 2010 2011 2012 2013 2014 2015 2016 2017 2018 2019 2020 2021
reclasobs
 0 0 0 0 0 0 0 0 0 252601 567819 844713 477998 351125 339783 2.1784e+06 2.13404e+06 4.81314e+06 1.55562e+06 2.62356e+06 3.21686e+06 3.843e+06 1.13348e+06 3.07943e+06 1.97215e+06 2.03268e+06 2.025e+06 2.42433e+06 2.27542e+06 1.05018e+06 2.36338e+06
reclaspred
 2.82794e+06 1.46786e+06 712903 369659 138803 1.48731e+06 621921 323724 215820 206848 381674 614877 593890 413105 346652 1.68465e+06 1.2679e+06 3.87981e+06 3.11985e+06 1.96774e+06 3.68423e+06 3.10966e+06 2.03318e+06 3.4257e+06 2.36783e+06 1.83168e+06 2.5794e+06 3.27063e+06 2.46624e+06 1.16984e+06 1.71033e+06
pelacesobs
 0 0 0 0 0 0 0 0 0 0 0 0 0 0 0 552880 188675 0 991730 2.46772e+06 1.41603e+06 1.21717e+06 2.29649e+06 1.80582e+06 0 1.4828e+06 1.56532e+06 1.57751e+06 1.42118e+06 867257 1.10002e+06
pelacespred
 800758 424050 190627 68795 26986.1 411891 127546 95816.9 46524.8 45562.4 104708 139762 150562 102731 87201.5 401930 303303 1.12884e+06 897957 520957 991587 850946 564282 1.07994e+06 702985 543641 887892 1.09943e+06 688010 374761 520600
mphobs
 0 0 0 0 0 0 0 0 0 0 0 498337 0 5186 125008 0 168611 109162 213762 579715 649985 157893 87575 83554 0 0 0 0 0 0 0
mphpred
 1.72511e+06 915572 420505 210961 75148.3 36369.7 482289 157090 83311.1 39801.9 45169.3 151141 184414 139430 72793.8 83985.3 665131 457778 1.3694e+06 953103 844663 1.1664e+06 1.14184e+06 758303 1.18574e+06 883801 627396 828706 1.41565e+06 826417 361342
desembarqueobs
 494567 514787 250237 358949 120608 361735 552515 73892 212993 205616 52469 317467 293654 387597 252695 516296 358380 742168 942051 627588 828172 859565 418607 520667 417249 300574 415391 372974 316634 284311 391294
desembarquepred
 494518 514859 249650 358821 120563 361586 552005 73879.8 212848 205495 52464.2 317317 293485 387159 252502 516007 358308 741796 941125 626944 827916 859071 418467 520553 417103 300456 415248 372847 316528 284188 391172
Reclutas
 71768.6 108863 83750.4 43069.9 21118.6 277849 33292.8 9976.29 25175.6 52376.2 65650.2 121366 92438.1 67107.6 51622.3 409018 35006.5 657707 328889 206895 388969 508307 49811.6 284340 198486 73676.9 247061 306815 45445.8 26247.1 181516
log_desv_Rt
 -0.324358 0.0922819 -0.169964 -0.834979 -1.54765 1.02927 -1.09246 -2.29759 -1.37193 -0.639353 -0.413464 0.201005 -0.0712652 -0.391508 -0.65385 1.41595 -1.04227 1.89095 1.19792 0.734405 1.3657 1.63328 -0.689556 1.05237 0.692912 -0.298115 0.911832 1.12844 -0.781283 -1.33025 0.603538
SSB
 1.72511e+06 915572 420505 210961 75148.3 36369.7 482289 157090 83311.1 39801.9 45169.3 151141 184414 139430 72793.8 83985.3 665131 457778 1.3694e+06 953103 844663 1.1664e+06 1.14184e+06 758303 1.18574e+06 883801 627396 828706 1.41565e+06 826417 361342
BT
 2.28701e+06 1.49212e+06 674618 445712 162434 1.26928e+06 776580 288628 310116 298534 285396 583480 610524 635964 453091 1.33715e+06 981014 3.27108e+06 2.96472e+06 1.78036e+06 2.96794e+06 2.75596e+06 1.66522e+06 2.98217e+06 2.01627e+06 1.52594e+06 2.48055e+06 2.91156e+06 1.85115e+06 1.15882e+06 1.58303e+06
Ftot
 0.274793 0.570133 0.578004 1.47211 1.38494 0.579524 1.28061 0.382224 1.74331 1.90636 0.310342 1.00242 0.926295 1.69328 1.45854 0.712573 0.454878 0.423122 0.541104 0.561908 0.438287 0.522656 0.331071 0.31082 0.31026 0.280145 0.331256 0.23821 0.203399 0.379727 0.479665
BD_Bspro_t
 0.957285 0.707325 0.473684 0.333934 0.145389 0.103172 0.483018 0.205189 0.160902 0.105289 0.14658 0.432041 0.350084 0.255621 0.149456 0.174262 0.497082 0.397018 0.595413 0.475542 0.40538 0.481878 0.506055 0.446296 0.587083 0.575474 0.552906 0.642462 0.733087 0.621436 0.468158
BD_Bspro
 2.43128 1.29036 0.592639 0.297317 0.10591 0.0512576 0.679713 0.221394 0.117414 0.0560948 0.0636594 0.21301 0.259904 0.196505 0.102592 0.118365 0.937402 0.645169 1.92997 1.34326 1.19043 1.64387 1.60925 1.06871 1.67113 1.24558 0.884221 1.16794 1.99514 1.16471 0.509257
BD_Bo
 1.10531 0.586623 0.269425 0.135166 0.0481488 0.0233027 0.309011 0.10065 0.0533788 0.0255018 0.0289408 0.0968384 0.118157 0.0893351 0.0466403 0.0538108 0.426161 0.293306 0.8774 0.61067 0.541191 0.747334 0.731596 0.485858 0.759727 0.566267 0.401984 0.530966 0.907028 0.5295 0.231518
BD_Brms
 5.23434 2.77804 1.2759 0.640098 0.228016 0.110353 1.46336 0.476643 0.252783 0.120767 0.137053 0.458592 0.55955 0.423059 0.220872 0.254829 2.01815 1.38899 4.15505 2.89191 2.56288 3.53911 3.46458 2.30085 3.59779 2.68163 1.90365 2.51446 4.29536 2.50752 1.09639
Sel_flota
 0.60144 0.966298 0.998168 0.999903 0.999995
 0.60144 0.966298 0.998168 0.999903 0.999995
 0.60144 0.966298 0.998168 0.999903 0.999995
 0.60144 0.966298 0.998168 0.999903 0.999995
 0.60144 0.966298 0.998168 0.999903 0.999995
 0.60144 0.966298 0.998168 0.999903 0.999995
 0.60144 0.966298 0.998168 0.999903 0.999995
 0.60144 0.966298 0.998168 0.999903 0.999995
 0.60144 0.966298 0.998168 0.999903 0.999995
 0.60144 0.966298 0.998168 0.999903 0.999995
 0.60144 0.966298 0.998168 0.999903 0.999995
 0.60144 0.966298 0.998168 0.999903 0.999995
 0.60144 0.966298 0.998168 0.999903 0.999995
 0.60144 0.966298 0.998168 0.999903 0.999995
 0.60144 0.966298 0.998168 0.999903 0.999995
 0.60144 0.966298 0.998168 0.999903 0.999995
 0.60144 0.966298 0.998168 0.999903 0.999995
 0.60144 0.966298 0.998168 0.999903 0.999995
 0.60144 0.966298 0.998168 0.999903 0.999995
 0.60144 0.966298 0.998168 0.999903 0.999995
 0.60144 0.966298 0.998168 0.999903 0.999995
 0.60144 0.966298 0.998168 0.999903 0.999995
 0.60144 0.966298 0.998168 0.999903 0.999995
 0.60144 0.966298 0.998168 0.999903 0.999995
 0.60144 0.966298 0.998168 0.999903 0.999995
 0.60144 0.966298 0.998168 0.999903 0.999995
 0.60144 0.966298 0.998168 0.999903 0.999995
 0.60144 0.966298 0.998168 0.999903 0.999995
 0.60144 0.966298 0.998168 0.999903 0.999995
 0.60144 0.966298 0.998168 0.999903 0.999995
 0.60144 0.966298 0.998168 0.999903 0.999995
Sel_reclas
 1 1 1 1 1
 1 1 1 1 1
 1 1 1 1 1
 1 1 1 1 1
 1 1 1 1 1
 1 1 1 1 1
 1 1 1 1 1
 1 1 1 1 1
 1 1 1 1 1
 1 1 1 1 1
 1 1 1 1 1
 1 1 1 1 1
 1 1 1 1 1
 1 1 1 1 1
 1 1 1 1 1
 1 1 1 1 1
 1 1 1 1 1
 1 1 1 1 1
 1 1 1 1 1
 1 1 1 1 1
 1 1 1 1 1
 1 1 1 1 1
 1 1 1 1 1
 1 1 1 1 1
 1 1 1 1 1
 1 1 1 1 1
 1 1 1 1 1
 1 1 1 1 1
 1 1 1 1 1
 1 1 1 1 1
 1 1 1 1 1
Sel_pelaces
 1 1 1 1 1
 1 1 1 1 1
 1 1 1 1 1
 1 1 1 1 1
 1 1 1 1 1
 1 1 1 1 1
 1 1 1 1 1
 1 1 1 1 1
 1 1 1 1 1
 1 1 1 1 1
 1 1 1 1 1
 1 1 1 1 1
 1 1 1 1 1
 1 1 1 1 1
 1 1 1 1 1
 1 1 1 1 1
 1 1 1 1 1
 1 1 1 1 1
 1 1 1 1 1
 1 1 1 1 1
 1 1 1 1 1
 1 1 1 1 1
 1 1 1 1 1
 1 1 1 1 1
 1 1 1 1 1
 1 1 1 1 1
 1 1 1 1 1
 1 1 1 1 1
 1 1 1 1 1
 1 1 1 1 1
 1 1 1 1 1
pf_obs 
 0.8446 0.082 0.0669 0.0065 0
 0.8095 0.147 0.0364 0.0071 0
 0.9664 0.0169 0.016 0.0007 0
 0.9276 0.0648 0.0075 0.0001 0
 0.7033 0.2144 0.0806 0.0017 0
 0.9318 0.0425 0.0243 0.0014 0
 0.5671 0.3108 0.0964 0.0239 0.0018
 0.0768 0.2599 0.5324 0.112 0.0189
 0.490249 0.384438 0.106611 0.0170017 0.00170017
 0.7925 0.1577 0.0466 0.003 0.0002
 0.840416 0.127587 0.0312969 0.00059994 9.999e-05
 0.8084 0.0986 0.0794 0.0134 0.0002
 0.7335 0.1905 0.0724 0.0035 0.0001
 0.4001 0.4547 0.1325 0.0127 0
 0.49795 0.308269 0.164784 0.0264974 0.00249975
 0.9179 0.0499 0.0305 0.0017 0
 0.2467 0.6533 0.0926 0.0074 0
 0.9418 0.0223 0.034 0.0019 0
 0.707729 0.231977 0.0356964 0.0245975 0
 0.517169 0.277429 0.184464 0.0207286 0.00020938
 0.811772 0.124168 0.05621 0.00726502 0.000585176
 0.764997 0.148141 0.077277 0.00933861 0.000247198
 0.163321 0.427699 0.378323 0.0303852 0.000271297
 0.753843 0.0900009 0.118128 0.0371064 0.000921714
 0.721811 0.176058 0.0630433 0.0369309 0.00215725
 0.143369 0.312575 0.442814 0.0836902 0.0175525
 0.692698 0.0596174 0.167031 0.0765114 0.00414204
 0.394062 0.376323 0.152708 0.0712218 0.00568511
 0.125707 0.32114 0.495352 0.0537591 0.00404204
 0.23352 0.215282 0.420074 0.123614 0.00750983
 0.774587 0.0839891 0.0768558 0.0609784 0.00358967
pf_pred 
 0.281457 0.238455 0.42518 0.0549071 1.03103e-06
 0.567554 0.173089 0.0881866 0.151627 0.019543
 0.583897 0.293667 0.0503033 0.0245639 0.047569
 0.514287 0.349101 0.0976642 0.0160246 0.0229236
 0.628284 0.263421 0.0792316 0.0207986 0.00826503
 0.977712 0.0176108 0.00337376 0.000954587 0.000348988
 0.249849 0.740831 0.00743042 0.00136357 0.000525631
 0.324155 0.280129 0.391079 0.00369968 0.00093764
 0.75083 0.114058 0.0572874 0.0769141 0.000910096
 0.916862 0.0735212 0.00457637 0.00214169 0.00289834
 0.870844 0.124709 0.00396659 0.000229253 0.000251436
 0.797993 0.185669 0.0157956 0.000484012 5.85338e-05
 0.702593 0.263921 0.0309048 0.00249544 8.54705e-05
 0.682878 0.261071 0.0500203 0.00556727 0.000463656
 0.783234 0.181969 0.0289908 0.0051829 0.000622552
 0.969373 0.0272823 0.0028354 0.000424142 8.46444e-05
 0.189085 0.797292 0.0121958 0.00121118 0.000216799
 0.927366 0.0208873 0.0509109 0.000748278 8.74246e-05
 0.529963 0.450099 0.00589572 0.0138158 0.000226305
 0.515125 0.323084 0.155208 0.00194976 0.00463339
 0.757103 0.159466 0.0563712 0.0259618 0.00109858
 0.723578 0.233576 0.0285168 0.00968883 0.00464108
 0.163786 0.687564 0.126416 0.0148096 0.00742511
 0.75413 0.0611558 0.152882 0.0270789 0.00475307
 0.555969 0.373234 0.0181072 0.0436248 0.0090651
 0.348335 0.44176 0.177503 0.00829953 0.0241024
 0.769228 0.109183 0.0833911 0.032312 0.00588635
 0.693223 0.261021 0.022081 0.0162476 0.00742738
 0.190317 0.638547 0.146392 0.0119531 0.0127912
 0.245433 0.210421 0.432288 0.0957116 0.0161468
 0.85091 0.0540675 0.0272469 0.053866 0.0139093
pobs_RECLAS
 0 0 0 0 0
 0 0 0 0 0
 0 0 0 0 0
 0 0 0 0 0
 0 0 0 0 0
 0 0 0 0 0
 0 0 0 0 0
 0 0 0 0 0
 0 0 0 0 0
 0 0 0 0 0
 0.991045 0.00858322 0.000360255 1.14367e-05 0
 0.934742 0.0480273 0.0164251 0.00080598 0
 0.827803 0.169806 0.00239088 0 0
 0.941827 0.0461693 0.0120037 0 0
 0.791401 0.0380133 0.147996 0.0225897 0
 0.846168 0.0940531 0.0597789 0 0
 0.134021 0.677848 0.182769 0.00536245 0
 0.80878 0.0450904 0.141981 0.00414843 0
 0.846168 0.0940531 0.0597789 0 0
 0.905697 0.0802665 0.012482 0.00150086 5.37128e-05
 0.989698 0.0102097 9.19794e-05 0 0
 0.975433 0.0193895 0.00387452 0.00125025 5.28907e-05
 0.303575 0.632131 0.0575291 0.00676475 0
 0.966965 0.00978017 0.0227588 0.000495775 0
 0.843318 0.132988 0.00938335 0.0141283 0.000182051
 0.564624 0.303363 0.111486 0.0197234 0.00080311
 0.826376 0.0876187 0.0782897 0.00655872 0.00115652
 0.89761 0.0855135 0.0140674 0.00269457 0.000114338
 0.34875 0.467042 0.161289 0.0227151 0.000203297
 0.318654 0.224769 0.449479 0.00709798 0
 0.937255 0.0296025 0.0250945 0.00804832 0
ppred_RECLAS
 0.393913 0.20567 0.354694 0.0457228 8.58491e-07
 0.688191 0.127504 0.0627448 0.107682 0.0138777
 0.700156 0.213835 0.0353771 0.017243 0.0333886
 0.653057 0.252268 0.0677272 0.011088 0.0158598
 0.748902 0.180051 0.0520104 0.0136233 0.00541305
 0.986445 0.0107887 0.0019962 0.000563761 0.000206086
 0.365498 0.626925 0.00604415 0.00110682 0.000426609
 0.443681 0.235167 0.317396 0.00299719 0.000759531
 0.847655 0.0714427 0.0343491 0.0460086 0.000544335
 0.953078 0.0417143 0.00248149 0.00115848 0.00156756
 0.916458 0.0807577 0.00248403 0.000143309 0.000157161
 0.870189 0.119668 0.00980671 0.000299896 3.6264e-05
 0.799675 0.178501 0.0201453 0.00162343 5.55978e-05
 0.795568 0.169573 0.0311156 0.00345511 0.000287715
 0.864561 0.114443 0.0174993 0.00312158 0.000374909
 0.98139 0.0166423 0.00166924 0.000249223 4.97316e-05
 0.276268 0.711976 0.0105253 0.00104337 0.000186743
 0.95529 0.013171 0.0310303 0.000455247 5.31834e-05
 0.649834 0.335815 0.00424928 0.00993919 0.000162789
 0.638745 0.243488 0.112984 0.00141669 0.00336628
 0.837557 0.107909 0.0368685 0.0169488 0.000717123
 0.812063 0.159659 0.018832 0.0063865 0.00305893
 0.242708 0.626378 0.111363 0.0130227 0.00652859
 0.836397 0.0417358 0.100897 0.0178392 0.00313095
 0.671697 0.277472 0.013018 0.0313073 0.00650495
 0.467206 0.36507 0.141874 0.00662175 0.0192282
 0.846617 0.0738754 0.0545606 0.0211029 0.003844
 0.786305 0.182737 0.0149536 0.0109836 0.00502055
 0.27691 0.574237 0.127364 0.0103811 0.0111079
 0.352087 0.185164 0.367761 0.0812776 0.0137105
 0.905329 0.0351148 0.0170998 0.0337436 0.00871247
pobs_PELACES
 0 0 0 0 0
 0 0 0 0 0
 0 0 0 0 0
 0 0 0 0 0
 0 0 0 0 0
 0 0 0 0 0
 0 0 0 0 0
 0 0 0 0 0
 0 0 0 0 0
 0 0 0 0 0
 0 0 0 0 0
 0 0 0 0 0
 0 0 0 0 0
 0 0 0 0 0
 0 0 0 0 0
 0 0 0 0 0
 0.505614 0.472636 0.0217494 0 0
 0 0 0 0 0
 0.443492 0.261883 0.143347 0.151278 0
 0.227955 0.32914 0.350689 0.0885471 0.00366901
 0.970185 0.0296113 0.000203453 0 0
 0.997202 0.00247181 0.000326279 0 0
 0.445219 0.490057 0.0546422 0.010081 0
 0.90214 0.0892962 0.00764917 0.000914606 0
 0 0 0 0 0
 0.581667 0.319106 0.0959925 0.00289975 0.000334073
 0.762889 0.0836404 0.116647 0.0363945 0.000428098
 0.88444 0.0763242 0.0277011 0.0115352 0
 0.521256 0.241999 0.230069 0.00667565 0
 0.616807 0.101726 0.260614 0.0208532 0
 0.833518 0.0704572 0.0857862 0.0102388 0
ppred_PELACES
 0.4023 0.203213 0.349446 0.0450392 8.4565e-07
 0.703494 0.121692 0.0595268 0.102126 0.0131614
 0.714927 0.203667 0.0334907 0.0163182 0.0315972
 0.692965 0.224205 0.0592683 0.00969495 0.0138666
 0.779658 0.158656 0.0451674 0.0118215 0.00469693
 0.987363 0.0100709 0.00185207 0.000522883 0.000191139
 0.401978 0.590976 0.00562134 0.00102864 0.00039646
 0.455643 0.230644 0.310044 0.00292712 0.000741766
 0.873937 0.0597118 0.0281874 0.0377177 0.000446221
 0.962421 0.0334841 0.00195235 0.000910454 0.00123188
 0.919283 0.0780356 0.00239248 0.000138003 0.000151341
 0.88331 0.107661 0.00873025 0.000266824 3.22639e-05
 0.817105 0.163143 0.0182335 0.00146859 5.02936e-05
 0.827174 0.143792 0.0259192 0.00287531 0.000239421
 0.884085 0.0981795 0.0147839 0.002635 0.000316456
 0.982907 0.0152976 0.00152291 0.000227283 4.53525e-05
 0.287368 0.701112 0.0103152 0.00102228 0.000182965
 0.957544 0.0125463 0.0294274 0.000431626 5.04233e-05
 0.664564 0.321766 0.00404841 0.00946641 0.000155043
 0.654642 0.233223 0.107583 0.00134854 0.00320428
 0.844815 0.103249 0.0351142 0.0161383 0.00068282
 0.821603 0.151683 0.017793 0.00603237 0.00288926
 0.250223 0.620538 0.109941 0.012854 0.00644395
 0.841781 0.0404615 0.0974975 0.017235 0.00302489
 0.679996 0.270601 0.0126542 0.0304271 0.006322
 0.475844 0.359487 0.139293 0.00650026 0.0188753
 0.851957 0.0714346 0.0525745 0.0203309 0.00370333
 0.791146 0.178664 0.0145837 0.0107104 0.00489565
 0.28193 0.570503 0.126266 0.0102903 0.0110107
 0.363253 0.182498 0.361022 0.0797709 0.0134562
 0.910434 0.0333311 0.0161495 0.0318597 0.00822593
pobs_pel_tallas
 0 0 0 0 0 0 0 0 0 0 0 0 0 0 0 0 0 0 0 0 0 0 0 0 0 0
 0 0 0 0 0 0 0 0 0 0 0 0 0 0 0 0 0 0 0 0 0 0 0 0 0 0
 0 0 0 0 0 0 0 0 0 0 0 0 0 0 0 0 0 0 0 0 0 0 0 0 0 0
 0 0 0 0 0 0 0 0 0 0 0 0 0 0 0 0 0 0 0 0 0 0 0 0 0 0
 0 0 0 0 0 0 0 0 0 0 0 0 0 0 0 0 0 0 0 0 0 0 0 0 0 0
 0 0 0 0 0 0 0 0 0 0 0 0 0 0 0 0 0 0 0 0 0 0 0 0 0 0
 0 0 0 0 0 0 0 0 0 0 0 0 0 0 0 0 0 0 0 0 0 0 0 0 0 0
 0 0 0 0 0 0 0 0 0 0 0 0 0 0 0 0 0 0 0 0 0 0 0 0 0 0
 0 0 0 0 0 0 0 0 0 0 0 0 0 0 0 0 0 0 0 0 0 0 0 0 0 0
 0 0 0 0 0 0 0 0 0 0 0 0 0 0 0 0 0 0 0 0 0 0 0 0 0 0
 0 0 0 0 0 0 0 0 0 0 0 0 0 0 0 0 0 0 0 0 0 0 0 0 0 0
 0 0 0 0 0 0 0 0 0 0 0 0 0 0 0 0 0 0 0 0 0 0 0 0 0 0
 0.00862536 0 0 0.000197151 0.00414017 0.0128641 0.00837892 0.0270097 0.101434 0.158115 0.152841 0.127902 0.109271 0.109419 0.0830992 0.0579132 0.0238553 0.00714673 0.00463305 0.00128148 0.00103504 0.000492878 0.000147863 0.000147863 4.92878e-05 0
 0 0 0 0 0 0 0 0 0 0 0 0 0 0 0 0 0 0 0 0 0 0 0 0 0 0
 0 0 0 0 0 0 0 0.0054083 0.00873648 0.0413646 0.0450493 0.0745869 0.0622846 0.0627006 0.0613931 0.0827291 0.12552 0.122667 0.0946155 0.0697135 0.0546179 0.0294188 0.0215738 0.0213955 0.0102223 0.00600262
 0 0 0 0 0.00359764 0.0251062 0.0480494 0.140153 0.205849 0.193036 0.1447 0.116669 0.0760912 0.0342217 0.00950174 0.001854 0.000860785 0 0 0 0.000165536 0 0.000143464 0 0 0
 0 0 0 0 0 0 0 0.000145254 0.000435761 0.0275982 0.070085 0.0708112 0.156366 0.174668 0.174014 0.160142 0.0824315 0.0480064 0.0283245 0.00493863 0.00203355 0 0 0 0 0
 0 0 0 0 0 0 0 0 0 0 0 0 0 0 0 0 0 0 0 0 0 0 0 0 0 0
 0 0 1.00437e-05 0.000401748 0.00122533 0.00171747 0.00176769 0.0269171 0.070346 0.194647 0.189555 0.159765 0.064822 0.0314167 0.0384472 0.0292271 0.0345202 0.0313363 0.0194345 0.0106764 0.0143323 0.0359363 0.0279516 0.0138201 0.00172751 0
 0 0.0021121 0.0136068 0.0755702 0.200478 0.177729 0.0527432 0.0373336 0.0318909 0.0142505 0.0149659 0.0166563 0.0217959 0.0798694 0.0677717 0.0528807 0.04013 0.0224614 0.0357745 0.0225083 0.00881397 0.00855152 0.00135912 0.000746735 0 0
 0 0 0 0 5.4009e-05 0.00500934 0.000945158 0.0243581 0.138947 0.33067 0.221406 0.137944 0.0707744 0.0437923 0.0131692 0.00525238 0.0047753 0.00276346 9.45158e-05 9.00151e-06 2.25038e-05 9.00151e-06 4.50075e-06 0 0 0
 0.000866109 0.00284123 0.00948549 0.0512746 0.133035 0.25785 0.225252 0.132002 0.0553304 0.0519788 0.0540692 0.017754 0.00435017 0.00159236 0.00146478 0.000404838 0.000125132 0.000115318 0.000107957 0.000100596 0 0 0 0 0 0
 0 0 0 0 0.00144013 0.00171154 0.00461396 0.0210425 0.0478622 0.0707936 0.0888783 0.103762 0.0637923 0.0337046 0.0602308 0.124433 0.169614 0.0934646 0.0462172 0.0250306 0.0313229 0.00938855 0.002487 0.000210481 0 0
 0 0.00764035 0.051015 0.0998891 0.058973 0.0496711 0.0374665 0.0718981 0.12319 0.153886 0.159021 0.0857701 0.0377988 0.023471 0.0147837 0.00900784 0.00315554 0.000888139 0.00291439 0.00214683 0.00393193 0.00274676 0.000635225 9.99891e-05 0 0
 0 0 0 0 0 0 0 0 0 0 0 0 0 0 0 0 0 0 0 0 0 0 0 0 0 0
 0 0 0 0 0 0 0 0 0 0 0 0 0 0 0 0 0 0 0 0 0 0 0 0 0 0
 0 0 0 0 0 0 0 0 0 0 0 0 0 0 0 0 0 0 0 0 0 0 0 0 0 0
 0 0 0 0 0 0 0 0 0 0 0 0 0 0 0 0 0 0 0 0 0 0 0 0 0 0
 0 0 0 0 0 0 0 0 0 0 0 0 0 0 0 0 0 0 0 0 0 0 0 0 0 0
 0 0 0 0 0 0 0 0 0 0 0 0 0 0 0 0 0 0 0 0 0 0 0 0 0 0
 0 0 0 0 0 0 0 0 0 0 0 0 0 0 0 0 0 0 0 0 0 0 0 0 0 0
ppred_pel_tallas
 1.14654e-16 3.3137e-05 0.000322103 0.00214049 0.00973038 0.0302749 0.0645047 0.0941506 0.0941707 0.0646031 0.0306069 0.0106957 0.004588 0.00574605 0.0105715 0.018043 0.0274289 0.0374937 0.046897 0.0548691 0.0613655 0.0664923 0.0697882 0.0701479 0.0665269 0.0588095
 1.14219e-16 5.79459e-05 0.000563255 0.00374303 0.0170153 0.0529408 0.112796 0.164632 0.164644 0.112854 0.0531354 0.0175788 0.00516306 0.00368205 0.00603833 0.0100466 0.0148483 0.0195158 0.0231864 0.0255769 0.0271686 0.0288076 0.0310135 0.0335446 0.0355181 0.0359284
 1.08003e-16 5.88876e-05 0.000572409 0.00380386 0.0172918 0.0538013 0.11463 0.16731 0.16733 0.114726 0.0541237 0.0182233 0.00614304 0.00568229 0.00977416 0.0160955 0.023257 0.0294233 0.0327837 0.0325544 0.0294667 0.0252765 0.0216843 0.0194952 0.0185096 0.0179833
 1.05087e-16 5.70787e-05 0.000554825 0.00368701 0.0167606 0.0521486 0.111109 0.162171 0.162193 0.111215 0.0525041 0.017788 0.00626814 0.00619694 0.0107946 0.0178134 0.0257923 0.0327245 0.0365996 0.0364914 0.0330867 0.0281667 0.0234774 0.0198843 0.0173062 0.0152094
 1.03325e-16 6.42194e-05 0.000624236 0.00414827 0.0188574 0.0586726 0.125009 0.182457 0.182472 0.125084 0.0589242 0.0195849 0.00597611 0.00462066 0.00767248 0.0126307 0.0183022 0.0232546 0.0260695 0.0260903 0.0237908 0.0204062 0.0171384 0.0145693 0.0126286 0.0109529
 1.00141e-16 8.13278e-05 0.000790535 0.00525338 0.0238811 0.074303 0.15831 0.231059 0.23106 0.158315 0.074319 0.0239272 0.00536902 0.00104309 0.000561352 0.000800262 0.00114714 0.00144709 0.00160329 0.00157305 0.00138818 0.00113197 0.000888007 0.000700733 0.000570772 0.00047589
 1.00484e-16 3.31105e-05 0.000321846 0.00213878 0.00972263 0.030251 0.0644551 0.094086 0.0941428 0.0647327 0.0311829 0.0124125 0.00888443 0.0150269 0.0278996 0.045911 0.0657569 0.0818987 0.0887173 0.0836263 0.0686597 0.0492022 0.0309144 0.0172041 0.00867241 0.00414659
 1.09426e-16 3.75308e-05 0.000364812 0.00242431 0.0110206 0.0342892 0.0730576 0.106634 0.106657 0.0731685 0.0346628 0.0121051 0.00516692 0.00641897 0.011731 0.0198419 0.0297542 0.0398466 0.0483822 0.0543808 0.0579182 0.0595485 0.0594425 0.0571151 0.0519676 0.0440638
 1.04687e-16 7.1985e-05 0.00069972 0.00464989 0.0211377 0.0657673 0.140124 0.204517 0.204523 0.140153 0.0658626 0.0214137 0.00534482 0.00222446 0.00299093 0.00489316 0.00719329 0.00937679 0.010983 0.0118329 0.0121298 0.0122821 0.0125833 0.0130077 0.0132571 0.0129809
 1.00365e-16 7.92734e-05 0.000770565 0.00512068 0.0232779 0.0724261 0.154312 0.225223 0.225226 0.154327 0.0724789 0.0234305 0.00550361 0.00160585 0.00166376 0.00262019 0.00375559 0.00469962 0.00513525 0.00492038 0.00417081 0.00318569 0.00227274 0.00160706 0.00120418 0.00098356
 1.00129e-16 7.57201e-05 0.000736026 0.00489115 0.0222345 0.0691798 0.147395 0.215129 0.215137 0.147432 0.0693029 0.0225899 0.00578248 0.00267946 0.00375978 0.00607775 0.00870531 0.0108572 0.0117897 0.0111614 0.00923723 0.00672015 0.00434672 0.00255692 0.00142516 0.000798582
 1.00312e-16 7.27571e-05 0.000707225 0.00469976 0.0213644 0.0664727 0.141627 0.206712 0.206722 0.141678 0.0666427 0.0218553 0.0059314 0.00339401 0.0051698 0.00841661 0.0120818 0.015117 0.016506 0.015778 0.0132854 0.00997035 0.00681307 0.00438896 0.00278694 0.00180675
 1.00724e-16 6.73039e-05 0.000654217 0.00434751 0.0197631 0.0614905 0.131013 0.19122 0.191236 0.131089 0.0617483 0.0205076 0.00621574 0.00473101 0.00780516 0.0127843 0.0183793 0.0230462 0.025257 0.0243011 0.0207025 0.0158638 0.0112345 0.00765154 0.00522836 0.00366253
 1.01114e-16 6.81333e-05 0.00066228 0.00440108 0.0200067 0.0622483 0.132627 0.193576 0.19359 0.132695 0.0624758 0.020664 0.00605138 0.00426605 0.00691561 0.0113333 0.016338 0.0205818 0.0227352 0.0221764 0.0193472 0.0154346 0.0116473 0.00865595 0.0065215 0.00498144
 1.0077e-16 7.28209e-05 0.000707845 0.00470388 0.0213832 0.066531 0.141752 0.206893 0.206902 0.141798 0.0666863 0.0218317 0.00582972 0.0031657 0.00474109 0.00772357 0.0111206 0.0139869 0.0154101 0.0149671 0.012968 0.0102382 0.00762059 0.00558583 0.00417718 0.00320393
 1.00079e-16 8.09607e-05 0.000786967 0.00522967 0.0237733 0.0739677 0.157596 0.230016 0.230018 0.157603 0.0739919 0.0238431 0.0054048 0.00116908 0.000806121 0.00120308 0.00172173 0.00215748 0.00236247 0.00227012 0.00193026 0.00147541 0.0010425 0.000710477 0.00048953 0.000349953
 1.00611e-16 2.36703e-05 0.000230083 0.00152899 0.0069506 0.0216263 0.0460795 0.0672686 0.067336 0.0464089 0.0227319 0.0101421 0.00953305 0.0176792 0.0330928 0.0544879 0.0780579 0.0972505 0.105405 0.0994515 0.0817943 0.0588024 0.0371678 0.020914 0.0107481 0.005289
 1.00905e-16 7.88716e-05 0.000766661 0.00509473 0.0231599 0.072059 0.153529 0.224081 0.224082 0.153536 0.0720798 0.0232203 0.00524842 0.00110889 0.000748462 0.0011635 0.00178649 0.0024909 0.00319656 0.00385144 0.00443059 0.00490101 0.00518837 0.00519132 0.00484211 0.00416437
 1.01175e-16 5.47393e-05 0.000532086 0.0035359 0.0160737 0.0500114 0.106556 0.155528 0.155559 0.106707 0.0505189 0.0175386 0.00720985 0.00854202 0.0152368 0.0250239 0.0358585 0.0447092 0.0485323 0.0459381 0.0380465 0.0277844 0.0182049 0.0111085 0.00675332 0.00443726
 1.03842e-16 5.3922e-05 0.000524141 0.0034831 0.0158337 0.0492646 0.104964 0.153203 0.153226 0.105075 0.0496358 0.0169072 0.006183 0.0064357 0.0113325 0.0187829 0.02736 0.03504 0.0397646 0.0405295 0.037899 0.0334736 0.0287893 0.0245605 0.0207203 0.0169586
 1.02774e-16 6.95864e-05 0.000676404 0.00449494 0.0204334 0.0635758 0.135455 0.197703 0.197713 0.135504 0.0637399 0.0209076 0.00568715 0.00328501 0.00504157 0.00827153 0.0120197 0.0153509 0.0173603 0.0176334 0.0164732 0.0146509 0.0128894 0.0114947 0.0103577 0.00921069
 1.01647e-16 6.76744e-05 0.000657819 0.00437144 0.0198719 0.061829 0.131734 0.192272 0.192287 0.131805 0.0620688 0.0205644 0.00610932 0.0044509 0.0072693 0.0119051 0.017131 0.0215181 0.0236602 0.0229128 0.0197761 0.0155554 0.0115807 0.00859078 0.00663541 0.0053753
 1.05711e-16 2.06107e-05 0.000200343 0.00133136 0.00605218 0.0188309 0.0401235 0.0585739 0.0586337 0.0404159 0.0198128 0.00888873 0.00845293 0.0157516 0.029569 0.0488861 0.0705 0.0888161 0.0981199 0.0957418 0.0836074 0.0668591 0.050724 0.0380884 0.0291821 0.0228177
 1.05065e-16 6.93364e-05 0.000673974 0.0044788 0.02036 0.0633474 0.134969 0.196991 0.196995 0.134988 0.0634145 0.0205556 0.004977 0.00178529 0.00224964 0.00379157 0.00588087 0.00828593 0.0107975 0.0132886 0.0157058 0.0179359 0.0196815 0.0205045 0.0200414 0.0182311
 1.04556e-16 5.60104e-05 0.000544441 0.003618 0.0164469 0.0511727 0.10903 0.159138 0.159164 0.109157 0.0515999 0.0176807 0.00671347 0.00729756 0.0128693 0.0211571 0.0304074 0.0381158 0.0417878 0.040317 0.0346756 0.0272916 0.0206137 0.0159593 0.0133116 0.0118761
 1.07958e-16 3.91947e-05 0.000380987 0.00253179 0.0115092 0.0358095 0.0762973 0.111365 0.1114 0.0764673 0.0363809 0.0131612 0.0066851 0.00946954 0.017364 0.0288107 0.0418866 0.0534801 0.0604136 0.0611787 0.0567492 0.0497516 0.0427168 0.0368338 0.0319457 0.0273718
 1.04202e-16 7.01746e-05 0.000682122 0.00453294 0.0206061 0.0641132 0.1366 0.199374 0.19938 0.136634 0.0642277 0.0209377 0.00536889 0.00251895 0.00359392 0.00592334 0.00874523 0.0114615 0.0135088 0.0146291 0.0149887 0.0149854 0.0149092 0.0147458 0.0142556 0.0132072
 1.0237e-16 6.51657e-05 0.000633434 0.00420939 0.0191353 0.0595371 0.126851 0.185146 0.185163 0.126935 0.0598193 0.0199503 0.00625456 0.005096 0.00853453 0.0139914 0.020116 0.0252317 0.0276828 0.026721 0.0229599 0.0179719 0.0133567 0.00999719 0.00793184 0.00670998
 1.06685e-16 2.32224e-05 0.00022573 0.00150006 0.00681907 0.0212169 0.045207 0.0659924 0.0660475 0.045476 0.0221205 0.00942977 0.00805651 0.0145492 0.0272571 0.0451049 0.0651579 0.0823179 0.0913736 0.0898809 0.079561 0.0650243 0.0509137 0.0397285 0.0315922 0.025424
 1.20743e-16 2.99207e-05 0.00029084 0.00193273 0.00878594 0.0273364 0.0582438 0.0850123 0.0850304 0.0583327 0.0276364 0.00965946 0.00415195 0.00522352 0.00965693 0.0165955 0.0254909 0.0353846 0.0452381 0.0544773 0.0630492 0.0708392 0.0770205 0.0800661 0.0785307 0.0719846
 1.05062e-16 7.49912e-05 0.000728941 0.00484407 0.0220205 0.0685138 0.145976 0.213057 0.21306 0.145992 0.0685672 0.022175 0.00523357 0.0015849 0.00171795 0.00276889 0.00409857 0.0054154 0.00649426 0.00727614 0.0079111 0.00864043 0.00959731 0.0106808 0.0115904 0.0119808
pSPR Fmed_Fpbrs
0.428411   0.261165 0.261165
Fs Fmed_Fpbrs
0.572477   1.005 1.005
SSBpbr Bo_Bmed_Bpbrs
1.56075e+06  590605  329575 329575
Ro
99266.2
SPR SPRFo_SPRFmed_SPRFpbrs
709547 303978 185309
Fref
1.005
Nvult_r0
 131474 5905.91 2911.3 5748.77 1484.36
CTP_r0
 29436.8 1870.44 942.592 1863.47 481.186
YTP_r0
391172
Np
 154178 50041.5 1778.32 859.395 2081.18
Nvult_p0
 123188 43070.8 1538.41 743.657 1800.93
CTP_p0
 46409 21220 770.419 372.738 902.706
YTP_p0
 750762
CBA_c0
499049
log_Ro
11.3256
likeval ReclasPelacesDesembMPH_pf_preclas_ppelaces_ptallas_desvR_qrecl_qpela
 11.4133 47.1894 0.0710448 0.0017856 252.681 116.985 103.482 0 47.264 1.04813e-05 0 0.109167 0 0 0
q_reclas_q_pelaces
1.58212 1
M
1
N
 71768.6 39398.2 68243.4 8799.2 0.165216
 108863 22380.2 11113.8 19082.9 2459.39
 83750.4 28422.6 4745.79 2314.28 4481.39
 43069.9 21762.9 5981.44 980.504 1402.57
 21118.6 6536.75 1930.37 506.238 201.16
 277849 3377.69 630.761 178.227 65.1536
 33292.8 72134.2 709.78 130.121 50.1564
 9976.29 5669.66 7698.88 72.7252 18.4299
 25175.6 2916.33 1441.65 1933.92 22.8824
 52376.2 3245.84 199.043 93.0765 125.955
 65650.2 6122.03 189.241 10.9207 11.9765
 121366 20039.2 1668.64 51.0727 6.17609
 92438.1 24432.4 2798.4 225.694 7.72969
 67107.6 19480.8 3672.36 408.383 34.0097
 51622.3 8916.38 1395.45 249.239 29.9362
 409018 7898.96 801.323 119.714 23.8893
 35006.5 98021.7 1459.62 144.748 25.9077
 657707 9795.78 23234.6 341.001 39.8375
 328889 187593 2394.3 5602.96 91.7703
 206895 87381.1 40911.4 513.234 1219.56
 388969 54285.4 18677.3 8589.42 363.435
 508307 109936 13075.5 4436.32 2124.9
 49811.6 136557 24406.6 2854.91 1431.26
 284340 15016.2 36482.3 6452 1132.41
 198486 86767.4 4090.98 9841.18 2044.8
 73676.9 60589 23651.5 1104.17 3206.32
 247061 22901.4 17003.4 6578.43 1198.31
 306815 74470.7 6117.21 4494.08 2054.24
 45445.8 97804.9 21763.3 1774.17 1898.41
 26247.1 14793.5 29560.3 6535.17 1102.42
 181516 7684.24 3770.7 7443.94 1922.04
pred_Ctot
 7004.8 5934.58 10581.7 1366.51 0.02566
 20539.8 6264.1 3191.48 5487.4 707.264
 15990.3 8042.19 1377.58 672.691 1302.7
 17156.1 11645.7 3257.99 534.566 764.71
 8062.08 3380.2 1016.69 266.886 106.056
 53169.5 957.703 183.471 51.9119 18.9785
 12018.7 35636.8 357.432 65.5932 25.2849
 1319.62 1140.39 1592.06 15.0612 3.81708
 11224.5 1705.1 856.413 1149.82 13.6054
 24706.1 1981.13 123.317 57.7108 78.0997
 7174.3 1027.39 32.6781 1.88866 2.07141
 36459.6 8483.07 721.687 22.1141 2.67436
 26103.1 9805.33 1148.19 92.7117 3.17544
 29360.9 11225 2150.67 239.37 19.9353
 20431.9 4746.95 756.27 135.204 16.2402
 93298.7 2625.83 272.897 40.8221 8.14672
 5415.59 22835.3 349.303 34.6897 6.20937
 95366.6 2147.96 5235.47 76.9499 8.99039
 59298.6 50362.4 659.683 1545.88 25.3216
 38547.6 24176.8 11614.4 145.903 346.723
 58209.9 12260.5 4334.1 1996.07 84.4641
 88910 28700.7 3504.02 1190.52 570.276
 5777.96 24255.5 4459.63 522.444 261.939
 31117.2 2523.43 6308.27 1117.34 196.123
 21685.4 14557.9 706.265 1701.57 353.581
 7321.58 9285.25 3730.9 174.446 506.603
 28672.9 4069.79 3108.4 1204.43 219.413
 26192.1 9862.19 834.288 613.884 280.63
 3341.05 11209.8 2569.94 209.839 224.552
 3451.24 2958.89 6078.75 1345.88 227.054
 29436.8 1870.44 942.592 1863.47 481.186
F
 0.165271 0.265532 0.274289 0.274766 0.274791
 0.342901 0.550918 0.569088 0.570078 0.57013
 0.347635 0.558524 0.576945 0.577948 0.578001
 0.885384 1.42249 1.46941 1.47196 1.4721
 0.832961 1.33827 1.38241 1.38481 1.38494
 0.348549 0.559993 0.578462 0.579468 0.579521
 0.770213 1.23745 1.27827 1.28049 1.28061
 0.229885 0.369342 0.381524 0.382187 0.382222
 1.0485 1.68456 1.74012 1.74315 1.74331
 1.14656 1.84211 1.90286 1.90617 1.90635
 0.186652 0.299883 0.309773 0.310312 0.31034
 0.602899 0.968641 1.00059 1.00233 1.00242
 0.557111 0.895077 0.924598 0.926206 0.926291
 1.01841 1.63621 1.69018 1.69312 1.69327
 0.877223 1.40938 1.45586 1.4584 1.45853
 0.42857 0.688558 0.711267 0.712504 0.712569
 0.273582 0.439548 0.454045 0.454834 0.454876
 0.254483 0.408862 0.422347 0.423081 0.42312
 0.325442 0.522867 0.540112 0.541052 0.541101
 0.337954 0.54297 0.560878 0.561854 0.561905
 0.263604 0.423516 0.437484 0.438245 0.438285
 0.314346 0.505041 0.521698 0.522606 0.522653
 0.19912 0.319914 0.330465 0.331039 0.33107
 0.18694 0.300345 0.310251 0.31079 0.310819
 0.186603 0.299804 0.309692 0.31023 0.310258
 0.168491 0.270704 0.279632 0.280118 0.280144
 0.199231 0.320092 0.33065 0.331224 0.331255
 0.143269 0.230182 0.237773 0.238187 0.238209
 0.122332 0.196544 0.203026 0.203379 0.203398
 0.228383 0.36693 0.379031 0.379691 0.379725
 0.28849 0.4635 0.478787 0.479619 0.479663
nmprior
 8.19 8.8 8.5 0
nm_flota  nm_reclas  nm_pelaces    nm_pelaL
inf 16.586 9.08584 17.6147
cv_recla  cv_pelaces  cv_mph
0.305584 0.778923 1.30406
 ------------------------------------------------
Talla a la edad & desviaci?n 
 8 13.2811 15.8009 17.003 17.5766
 0.8 1.32811 1.58009 1.7003 1.75766
