years
 1991 1992 1993 1994 1995 1996 1997 1998 1999 2000 2001 2002 2003 2004 2005 2006 2007 2008 2009 2010 2011 2012 2013 2014 2015 2016 2017 2018 2019 2020 2021
reclasobs
 0 0 0 0 0 0 0 0 0 252601 567819 844713 477998 351125 339783 2.1784e+06 2.13404e+06 4.81314e+06 1.55562e+06 2.62356e+06 3.21686e+06 3.843e+06 1.13348e+06 3.07943e+06 1.97215e+06 2.03268e+06 2.025e+06 2.42433e+06 2.27542e+06 1.05018e+06 2.36338e+06
reclaspred
 2.80287e+06 2.17924e+06 1.22294e+06 1.06108e+06 1.27605e+06 1.71618e+06 1.3418e+06 1.24963e+06 912729 698977 590791 699074 692839 599721 698035 1.15362e+06 1.71486e+06 2.62711e+06 2.37154e+06 1.91444e+06 3.32758e+06 2.6427e+06 2.51562e+06 3.07086e+06 2.69184e+06 2.56512e+06 2.61871e+06 2.46893e+06 2.68897e+06 1.90842e+06 2.7775e+06
pelacesobs
 0 0 0 0 0 0 0 0 0 0 0 0 0 0 0 552880 188675 0 991730 2.46772e+06 1.41603e+06 1.21717e+06 2.29649e+06 1.80582e+06 0 1.4828e+06 1.56532e+06 1.57751e+06 1.42118e+06 867257 1.10002e+06
pelacespred
 1.21296e+06 1.05153e+06 621698 474862 572463 770021 608726 633703 486108 347992 315786 296008 316046 294027 360525 496382 719920 1.167e+06 1.17707e+06 902910 1.38482e+06 1.31487e+06 1.19529e+06 1.55403e+06 1.39782e+06 1.268e+06 1.45777e+06 1.41938e+06 1.24533e+06 984892 1.43696e+06
mphobs
 0 0 0 0 0 0 0 0 0 0 0 498337 0 5186 125008 0 168611 109162 213762 579715 649985 157893 87575 83554 0 0 0 0 0 0 0
mphpred
 2.12618e+06 2.2769e+06 1.30416e+06 764662 943917 1.12861e+06 1.36682e+06 942872 899644 641691 448746 548632 521444 478254 403508 630498 1.18983e+06 1.54874e+06 2.03117e+06 1.68735e+06 1.90806e+06 2.38701e+06 2.13183e+06 1.92389e+06 2.52789e+06 2.09443e+06 1.8708e+06 1.95459e+06 2.40105e+06 1.77336e+06 1.37896e+06
desembarqueobs
 494567 514787 250237 358949 120608 361735 552515 73892 212993 205616 52469 317467 293654 387597 252695 516296 358380 742168 942051 627588 828172 859565 418607 520667 417249 300574 407403 355545 319650 289779 391294
desembarquepred
 494443 508610 253061 358889 120631 361843 552588 73931.3 213097 205724 52483.7 317631 293774 387663 252742 516402 358593 742345 942419 627790 828569 859823 418766 521094 417509 300728 407614 355405 319639 289885 391502
Reclutas
 492092 79450.3 112479 267294 224253 299718 138894 85407.2 62022.3 85813.4 134153 148459 153954 120306 154528 458898 226569 629383 529010 385940 568054 664088 205293 456460 392985 218917 417515 396826 170302 159948 619426
log_desv_Rt
 0.738631 -1.0849 -0.737271 0.128315 -0.0472591 0.242807 -0.526323 -1.0126 -1.33254 -1.00786 -0.561051 -0.459726 -0.42338 -0.669997 -0.419657 0.668794 -0.0369832 0.984705 0.810972 0.495648 0.882182 1.03838 -0.135597 0.663467 0.513736 -0.0713437 0.574286 0.523463 -0.322461 -0.385188 0.968759
SSB
 2.12618e+06 2.2769e+06 1.30416e+06 764662 943917 1.12861e+06 1.36682e+06 942872 899644 641691 448746 548632 521444 478254 403508 630498 1.18983e+06 1.54874e+06 2.03117e+06 1.68735e+06 1.90806e+06 2.38701e+06 2.13183e+06 1.92389e+06 2.52789e+06 2.09443e+06 1.8708e+06 1.95459e+06 2.40105e+06 1.77336e+06 1.37896e+06
BT
 3.74374e+06 2.99794e+06 1.75897e+06 1.7726e+06 1.68441e+06 2.68611e+06 2.06615e+06 1.91081e+06 1.54014e+06 1.1732e+06 1.00333e+06 1.1489e+06 1.25218e+06 1.37482e+06 1.5353e+06 2.16767e+06 2.37007e+06 4.47692e+06 4.48636e+06 3.12186e+06 5.10828e+06 4.60135e+06 3.61265e+06 5.60314e+06 4.13752e+06 3.81559e+06 5.12879e+06 4.80481e+06 3.37997e+06 2.91333e+06 5.49377e+06
Ftot
 0.167143 0.219637 0.195251 0.316777 0.0900944 0.199314 0.381852 0.0565282 0.22007 0.276051 0.0847436 0.420926 0.39419 0.590911 0.339554 0.417235 0.197629 0.265901 0.370138 0.307019 0.234731 0.304709 0.15772 0.161002 0.147118 0.111528 0.147809 0.136811 0.113004 0.144087 0.134123
BD_Bspro_t
 0.973612 0.852217 0.711526 0.635805 0.68009 0.761124 0.74012 0.622544 0.694859 0.661779 0.642019 0.75378 0.631263 0.562939 0.503667 0.598241 0.656252 0.698207 0.702956 0.633532 0.618331 0.66358 0.669433 0.684703 0.762777 0.770995 0.788301 0.81122 0.83397 0.790028 0.767811
BD_Bspro
 1.26519 1.35488 0.776044 0.455016 0.561682 0.671585 0.81333 0.561061 0.535337 0.381841 0.267029 0.326466 0.310288 0.284587 0.240109 0.375181 0.708014 0.921584 1.20866 1.00407 1.1354 1.4204 1.26855 1.14482 1.50423 1.2463 1.11323 1.16309 1.42876 1.05524 0.820557
BD_Bo
 1.00341 1.07454 0.615471 0.360868 0.445463 0.532626 0.645042 0.44497 0.42457 0.302834 0.211777 0.258916 0.246086 0.225703 0.190428 0.297551 0.561517 0.730897 0.958573 0.796313 0.90047 1.1265 1.00607 0.907945 1.19299 0.988426 0.882886 0.922431 1.13313 0.836901 0.650774
BD_Brms
 4.25946 4.5614 2.61266 1.53188 1.89098 2.26098 2.73819 1.88889 1.80229 1.28552 0.898989 1.09909 1.04463 0.958103 0.808362 1.2631 2.38363 3.10264 4.06912 3.38033 3.82248 4.78198 4.27076 3.85421 5.06422 4.19585 3.74783 3.9157 4.81011 3.55263 2.76252
Sel_flota
 0.5 1 1 1 1
 0.5 1 1 1 1
 0.5 1 1 1 1
 0.5 1 1 1 1
 0.5 1 1 1 1
 0.5 1 1 1 1
 0.5 1 1 1 1
 0.5 1 1 1 1
 0.5 1 1 1 1
 0.5 1 1 1 1
 0.5 1 1 1 1
 0.5 1 1 1 1
 0.5 1 1 1 1
 0.5 1 1 1 1
 0.5 1 1 1 1
 0.5 1 1 1 1
 0.5 1 1 1 1
 0.5 1 1 1 1
 0.5 1 1 1 1
 0.5 1 1 1 1
 0.5 1 1 1 1
 0.5 1 1 1 1
 0.5 1 1 1 1
 0.5 1 1 1 1
 0.5 1 1 1 1
 0.5 1 1 1 1
 0.5 1 1 1 1
 0.5 1 1 1 1
 0.5 1 1 1 1
 0.5 1 1 1 1
 0.5 1 1 1 1
Sel_reclas
 0.5 1 1 1 1
 0.5 1 1 1 1
 0.5 1 1 1 1
 0.5 1 1 1 1
 0.5 1 1 1 1
 0.5 1 1 1 1
 0.5 1 1 1 1
 0.5 1 1 1 1
 0.5 1 1 1 1
 0.5 1 1 1 1
 0.5 1 1 1 1
 0.5 1 1 1 1
 0.5 1 1 1 1
 0.5 1 1 1 1
 0.5 1 1 1 1
 0.5 1 1 1 1
 0.5 1 1 1 1
 0.5 1 1 1 1
 0.5 1 1 1 1
 0.5 1 1 1 1
 0.5 1 1 1 1
 0.5 1 1 1 1
 0.5 1 1 1 1
 0.5 1 1 1 1
 0.5 1 1 1 1
 0.5 1 1 1 1
 0.5 1 1 1 1
 0.5 1 1 1 1
 0.5 1 1 1 1
 0.5 1 1 1 1
 0.5 1 1 1 1
Sel_pelaces
 0.5 1 1 1 1
 0.5 1 1 1 1
 0.5 1 1 1 1
 0.5 1 1 1 1
 0.5 1 1 1 1
 0.5 1 1 1 1
 0.5 1 1 1 1
 0.5 1 1 1 1
 0.5 1 1 1 1
 0.5 1 1 1 1
 0.5 1 1 1 1
 0.5 1 1 1 1
 0.5 1 1 1 1
 0.5 1 1 1 1
 0.5 1 1 1 1
 0.5 1 1 1 1
 0.5 1 1 1 1
 0.5 1 1 1 1
 0.5 1 1 1 1
 0.5 1 1 1 1
 0.5 1 1 1 1
 0.5 1 1 1 1
 0.5 1 1 1 1
 0.5 1 1 1 1
 0.5 1 1 1 1
 0.5 1 1 1 1
 0.5 1 1 1 1
 0.5 1 1 1 1
 0.5 1 1 1 1
 0.5 1 1 1 1
 0.5 1 1 1 1
pf_obs 
 0.8446 0.082 0.0669 0.0065 0
 0.8095 0.147 0.0364 0.0071 0
 0.9664 0.0169 0.016 0.0007 0
 0.9276 0.0648 0.0075 0.0001 0
 0.7033 0.2144 0.0806 0.0017 0
 0.9318 0.0425 0.0243 0.0014 0
 0.5671 0.3108 0.0964 0.0239 0.0018
 0.0768 0.2599 0.5324 0.112 0.0189
 0.490249 0.384438 0.106611 0.0170017 0.00170017
 0.7925 0.1577 0.0466 0.003 0.0002
 0.840416 0.127587 0.0312969 0.00059994 9.999e-05
 0.8084 0.0986 0.0794 0.0134 0.0002
 0.7335 0.1905 0.0724 0.0035 0.0001
 0.4001 0.4547 0.1325 0.0127 0
 0.49795 0.308269 0.164784 0.0264974 0.00249975
 0.9179 0.0499 0.0305 0.0017 0
 0.2467 0.6533 0.0926 0.0074 0
 0.9418 0.0223 0.034 0.0019 0
 0.707729 0.231977 0.0356964 0.0245975 0
 0.517169 0.277429 0.184464 0.0207286 0.00020938
 0.811772 0.124168 0.05621 0.00726502 0.000585176
 0.764997 0.148141 0.077277 0.00933861 0.000247198
 0.163321 0.427699 0.378323 0.0303852 0.000271297
 0.753843 0.0900009 0.118128 0.0371064 0.000921714
 0.721811 0.176058 0.0630433 0.0369309 0.00215725
 0.143369 0.312575 0.442814 0.0836902 0.0175525
 0.692698 0.0596174 0.167031 0.0765114 0.00414204
 0.394062 0.376323 0.152708 0.0712218 0.00568511
 0.125707 0.32114 0.495352 0.0537591 0.00404204
 0.23352 0.215282 0.420074 0.123614 0.00750983
 0.774587 0.0839891 0.0768558 0.0609784 0.00358967
pf_pred 
 0.608478 0.247489 0.0910462 0.033494 0.0194928
 0.160334 0.642833 0.124422 0.0457725 0.0266385
 0.39288 0.17583 0.330188 0.0639089 0.0371935
 0.686906 0.181067 0.0382366 0.0718038 0.0219861
 0.529948 0.389367 0.0466616 0.00985369 0.0241699
 0.580163 0.293201 0.104899 0.012571 0.00916626
 0.358813 0.478128 0.113876 0.0407415 0.00844251
 0.36299 0.35466 0.210546 0.0501458 0.0216584
 0.362977 0.341925 0.164298 0.0975366 0.0332637
 0.549128 0.247474 0.109174 0.0524592 0.0417637
 0.643033 0.259047 0.053746 0.0237102 0.0204631
 0.572913 0.336092 0.0660346 0.0137006 0.0112604
 0.58608 0.311672 0.0804626 0.0158091 0.00597582
 0.524498 0.362031 0.085441 0.0220578 0.00597207
 0.645592 0.25722 0.0739951 0.0174632 0.00572899
 0.806246 0.155274 0.0279277 0.00803402 0.00251809
 0.437628 0.508529 0.0431497 0.00776095 0.00293237
 0.732463 0.166594 0.0912778 0.0077451 0.00191938
 0.545758 0.38868 0.0408253 0.0223684 0.00236836
 0.480412 0.378662 0.120585 0.0126658 0.00767441
 0.620912 0.253878 0.0912498 0.0290586 0.00490157
 0.596497 0.314096 0.0598768 0.0215211 0.00800945
 0.278571 0.551262 0.132462 0.0252515 0.0124537
 0.601813 0.178089 0.168182 0.0404121 0.0115033
 0.49839 0.381325 0.0537975 0.0508047 0.0156827
 0.360083 0.431842 0.15818 0.022316 0.02758
 0.603 0.213455 0.123864 0.0453701 0.0143115
 0.520999 0.364225 0.0617117 0.0358101 0.0172545
 0.307227 0.480588 0.161342 0.0273366 0.0235062
 0.399557 0.287214 0.217292 0.0729487 0.0229879
 0.771706 0.132722 0.0457157 0.0345863 0.0152702
pobs_RECLAS
 0 0 0 0 0
 0 0 0 0 0
 0 0 0 0 0
 0 0 0 0 0
 0 0 0 0 0
 0 0 0 0 0
 0 0 0 0 0
 0 0 0 0 0
 0 0 0 0 0
 0 0 0 0 0
 0.991045 0.00858322 0.000360255 1.14367e-05 0
 0.934742 0.0480273 0.0164251 0.00080598 0
 0.827803 0.169806 0.00239088 0 0
 0.941827 0.0461693 0.0120037 0 0
 0.791401 0.0380133 0.147996 0.0225897 0
 0.846168 0.0940531 0.0597789 0 0
 0.134021 0.677848 0.182769 0.00536245 0
 0.80878 0.0450904 0.141981 0.00414843 0
 0.846168 0.0940531 0.0597789 0 0
 0.905697 0.0802665 0.012482 0.00150086 5.37128e-05
 0.989698 0.0102097 9.19794e-05 0 0
 0.975433 0.0193895 0.00387452 0.00125025 5.28907e-05
 0.303575 0.632131 0.0575291 0.00676475 0
 0.966965 0.00978017 0.0227588 0.000495775 0
 0.843318 0.132988 0.00938335 0.0141283 0.000182051
 0.564624 0.303363 0.111486 0.0197234 0.00080311
 0.826376 0.0876187 0.0782897 0.00655872 0.00115652
 0.89761 0.0855135 0.0140674 0.00269457 0.000114338
 0.34875 0.467042 0.161289 0.0227151 0.000203297
 0.318654 0.224769 0.449479 0.00709798 0
 0.937255 0.0296025 0.0250945 0.00804832 0
ppred_RECLAS
 0.610305 0.246334 0.0906213 0.0333377 0.0194018
 0.161743 0.641754 0.124214 0.0456957 0.0265938
 0.395059 0.175199 0.329002 0.0636795 0.03706
 0.690322 0.179092 0.0378195 0.0710204 0.0217462
 0.530928 0.388555 0.0465643 0.00983315 0.0241196
 0.582437 0.291613 0.104331 0.012503 0.00911662
 0.363409 0.474701 0.113059 0.0404494 0.008382
 0.363548 0.354349 0.210362 0.0501019 0.0216395
 0.365396 0.340626 0.163674 0.0971662 0.0331374
 0.552483 0.245633 0.108362 0.052069 0.041453
 0.643879 0.258434 0.0536187 0.0236541 0.0204147
 0.578392 0.33178 0.0651874 0.0135248 0.0111159
 0.591094 0.307897 0.079488 0.0156176 0.00590343
 0.533056 0.355515 0.0839033 0.0216608 0.00586458
 0.649541 0.254355 0.0731708 0.0172686 0.00566517
 0.809689 0.152515 0.0274314 0.00789126 0.00247335
 0.439907 0.506468 0.0429749 0.0077295 0.00292049
 0.734999 0.165015 0.0904126 0.00767169 0.00190119
 0.55051 0.384614 0.0403983 0.0221344 0.00234359
 0.484246 0.375869 0.119696 0.0125723 0.00761779
 0.623555 0.252108 0.0906135 0.028856 0.00486739
 0.600154 0.311249 0.0593341 0.0213261 0.00793686
 0.28002 0.550155 0.132196 0.0252007 0.0124287
 0.603577 0.1773 0.167437 0.0402331 0.0114524
 0.500058 0.380057 0.0536186 0.0506358 0.0156305
 0.361222 0.431073 0.157898 0.0222763 0.0275309
 0.604604 0.212592 0.123363 0.0451868 0.0142537
 0.522536 0.363056 0.0615136 0.0356952 0.0171991
 0.308294 0.479848 0.161093 0.0272945 0.02347
 0.401123 0.286465 0.216726 0.0727585 0.022928
 0.772766 0.132106 0.0455033 0.0344256 0.0151992
pobs_PELACES
 0 0 0 0 0
 0 0 0 0 0
 0 0 0 0 0
 0 0 0 0 0
 0 0 0 0 0
 0 0 0 0 0
 0 0 0 0 0
 0 0 0 0 0
 0 0 0 0 0
 0 0 0 0 0
 0 0 0 0 0
 0 0 0 0 0
 0 0 0 0 0
 0 0 0 0 0
 0 0 0 0 0
 0 0 0 0 0
 0.505614 0.472636 0.0217494 0 0
 0 0 0 0 0
 0.443492 0.261883 0.143347 0.151278 0
 0.227955 0.32914 0.350689 0.0885471 0.00366901
 0.970185 0.0296113 0.000203453 0 0
 0.997202 0.00247181 0.000326279 0 0
 0.445219 0.490057 0.0546422 0.010081 0
 0.90214 0.0892962 0.00764917 0.000914606 0
 0 0 0 0 0
 0.581667 0.319106 0.0959925 0.00289975 0.000334073
 0.762889 0.0836404 0.116647 0.0363945 0.000428098
 0.88444 0.0763242 0.0277011 0.0115352 0
 0.521256 0.241999 0.230069 0.00667565 0
 0.616807 0.101726 0.260614 0.0208532 0
 0.833518 0.0704572 0.0857862 0.0102388 0
ppred_PELACES
 0.616844 0.242201 0.0891008 0.0327783 0.0190762
 0.166716 0.637946 0.123477 0.0454245 0.026436
 0.402784 0.172962 0.324801 0.0628664 0.0365868
 0.701383 0.172695 0.0364686 0.0684837 0.0209695
 0.534628 0.38549 0.046197 0.00975558 0.0239293
 0.590413 0.286043 0.102338 0.0122641 0.00894248
 0.378106 0.463741 0.110449 0.0395155 0.00818847
 0.365709 0.353146 0.209647 0.0499318 0.021566
 0.373857 0.336085 0.161492 0.0958708 0.0326956
 0.563715 0.239468 0.105642 0.050762 0.0404125
 0.647079 0.256112 0.0531369 0.0234415 0.0202312
 0.59523 0.318529 0.062584 0.0129846 0.010672
 0.606716 0.296134 0.0764511 0.0150209 0.00567789
 0.557228 0.337112 0.07956 0.0205395 0.005561
 0.662185 0.245178 0.0705308 0.0166456 0.00546077
 0.820072 0.144194 0.0259348 0.00746073 0.00233841
 0.447956 0.49919 0.0423573 0.00761841 0.00287852
 0.743456 0.159749 0.0875273 0.00742687 0.00184052
 0.565571 0.371727 0.0390446 0.0213927 0.00226506
 0.496905 0.366643 0.116758 0.0122638 0.00743081
 0.632602 0.246049 0.0884358 0.0281625 0.00475041
 0.612156 0.301906 0.0575531 0.0206859 0.00769862
 0.285297 0.546123 0.131227 0.0250161 0.0123376
 0.609915 0.174466 0.16476 0.0395898 0.0112692
 0.506126 0.375444 0.0529678 0.0500212 0.0154408
 0.365479 0.4282 0.156846 0.0221279 0.0273474
 0.610419 0.209466 0.121549 0.0445222 0.014044
 0.528165 0.358776 0.0607885 0.0352744 0.0169964
 0.312285 0.47708 0.160164 0.027137 0.0233346
 0.406847 0.283727 0.214654 0.0720631 0.0227089
 0.776629 0.12986 0.0447298 0.0338404 0.0149409
pobs_pel_tallas
 0 0 0 0 0 0 0 0 0 0 0 0 0 0 0 0 0 0 0 0 0 0 0 0 0 0
 0 0 0 0 0 0 0 0 0 0 0 0 0 0 0 0 0 0 0 0 0 0 0 0 0 0
 0 0 0 0 0 0 0 0 0 0 0 0 0 0 0 0 0 0 0 0 0 0 0 0 0 0
 0 0 0 0 0 0 0 0 0 0 0 0 0 0 0 0 0 0 0 0 0 0 0 0 0 0
 0 0 0 0 0 0 0 0 0 0 0 0 0 0 0 0 0 0 0 0 0 0 0 0 0 0
 0 0 0 0 0 0 0 0 0 0 0 0 0 0 0 0 0 0 0 0 0 0 0 0 0 0
 0 0 0 0 0 0 0 0 0 0 0 0 0 0 0 0 0 0 0 0 0 0 0 0 0 0
 0 0 0 0 0 0 0 0 0 0 0 0 0 0 0 0 0 0 0 0 0 0 0 0 0 0
 0 0 0 0 0 0 0 0 0 0 0 0 0 0 0 0 0 0 0 0 0 0 0 0 0 0
 0 0 0 0 0 0 0 0 0 0 0 0 0 0 0 0 0 0 0 0 0 0 0 0 0 0
 0 0 0 0 0 0 0 0 0 0 0 0 0 0 0 0 0 0 0 0 0 0 0 0 0 0
 0 0 0 0 0 0 0 0 0 0 0 0 0 0 0 0 0 0 0 0 0 0 0 0 0 0
 0.00862536 0 0 0.000197151 0.00414017 0.0128641 0.00837892 0.0270097 0.101434 0.158115 0.152841 0.127902 0.109271 0.109419 0.0830992 0.0579132 0.0238553 0.00714673 0.00463305 0.00128148 0.00103504 0.000492878 0.000147863 0.000147863 4.92878e-05 0
 0 0 0 0 0 0 0 0 0 0 0 0 0 0 0 0 0 0 0 0 0 0 0 0 0 0
 0 0 0 0 0 0 0 0.0054083 0.00873648 0.0413646 0.0450493 0.0745869 0.0622846 0.0627006 0.0613931 0.0827291 0.12552 0.122667 0.0946155 0.0697135 0.0546179 0.0294188 0.0215738 0.0213955 0.0102223 0.00600262
 0 0 0 0 0.00359764 0.0251062 0.0480494 0.140153 0.205849 0.193036 0.1447 0.116669 0.0760912 0.0342217 0.00950174 0.001854 0.000860785 0 0 0 0.000165536 0 0.000143464 0 0 0
 0 0 0 0 0 0 0 0.000145254 0.000435761 0.0275982 0.070085 0.0708112 0.156366 0.174668 0.174014 0.160142 0.0824315 0.0480064 0.0283245 0.00493863 0.00203355 0 0 0 0 0
 0 0 0 0 0 0 0 0 0 0 0 0 0 0 0 0 0 0 0 0 0 0 0 0 0 0
 0 0 1.00437e-05 0.000401748 0.00122533 0.00171747 0.00176769 0.0269171 0.070346 0.194647 0.189555 0.159765 0.064822 0.0314167 0.0384472 0.0292271 0.0345202 0.0313363 0.0194345 0.0106764 0.0143323 0.0359363 0.0279516 0.0138201 0.00172751 0
 0 0.0021121 0.0136068 0.0755702 0.200478 0.177729 0.0527432 0.0373336 0.0318909 0.0142505 0.0149659 0.0166563 0.0217959 0.0798694 0.0677717 0.0528807 0.04013 0.0224614 0.0357745 0.0225083 0.00881397 0.00855152 0.00135912 0.000746735 0 0
 0 0 0 0 5.4009e-05 0.00500934 0.000945158 0.0243581 0.138947 0.33067 0.221406 0.137944 0.0707744 0.0437923 0.0131692 0.00525238 0.0047753 0.00276346 9.45158e-05 9.00151e-06 2.25038e-05 9.00151e-06 4.50075e-06 0 0 0
 0.000866109 0.00284123 0.00948549 0.0512746 0.133035 0.25785 0.225252 0.132002 0.0553304 0.0519788 0.0540692 0.017754 0.00435017 0.00159236 0.00146478 0.000404838 0.000125132 0.000115318 0.000107957 0.000100596 0 0 0 0 0 0
 0 0 0 0 0.00144013 0.00171154 0.00461396 0.0210425 0.0478622 0.0707936 0.0888783 0.103762 0.0637923 0.0337046 0.0602308 0.124433 0.169614 0.0934646 0.0462172 0.0250306 0.0313229 0.00938855 0.002487 0.000210481 0 0
 0 0.00764035 0.051015 0.0998891 0.058973 0.0496711 0.0374665 0.0718981 0.12319 0.153886 0.159021 0.0857701 0.0377988 0.023471 0.0147837 0.00900784 0.00315554 0.000888139 0.00291439 0.00214683 0.00393193 0.00274676 0.000635225 9.99891e-05 0 0
 0 0 0 0 0 0 0 0 0 0 0 0 0 0 0 0 0 0 0 0 0 0 0 0 0 0
 0 0 0 0 0 0 0 0 0 0 0 0 0 0 0 0 0 0 0 0 0 0 0 0 0 0
 0 0 0 0 0 0 0 0 0 0 0 0 0 0 0 0 0 0 0 0 0 0 0 0 0 0
 0 0 0 0 0 0 0 0 0 0 0 0 0 0 0 0 0 0 0 0 0 0 0 0 0 0
 0 0 0 0 0 0 0 0 0 0 0 0 0 0 0 0 0 0 0 0 0 0 0 0 0 0
 0 0 0 0 0 0 0 0 0 0 0 0 0 0 0 0 0 0 0 0 0 0 0 0 0 0
 0 0 0 0 0 0 0 0 0 0 0 0 0 0 0 0 0 0 0 0 0 0 0 0 0 0
ppred_pel_tallas
 1.09149e-16 5.08086e-05 0.000493878 0.003282 0.0149195 0.0464202 0.098904 0.144358 0.144382 0.0990186 0.0468052 0.0160329 0.00608154 0.00662151 0.0117364 0.0194495 0.0283155 0.0362541 0.0411795 0.0421494 0.0398936 0.0362192 0.0327898 0.030258 0.0282755 0.0261096
 1.12756e-16 1.37323e-05 0.000133483 0.000887047 0.00403242 0.0125467 0.0267343 0.0390324 0.039094 0.0270351 0.0135568 0.00695094 0.00821621 0.0161442 0.0304541 0.0504138 0.0728351 0.0920546 0.102307 0.100961 0.0900736 0.0749186 0.0607169 0.0501364 0.0430149 0.0377373
 1.21914e-16 3.31768e-05 0.000322491 0.00214306 0.00974207 0.0303113 0.0645821 0.094263 0.0942801 0.0646661 0.0305951 0.010568 0.00424025 0.00498012 0.00911264 0.0156255 0.0239432 0.0331309 0.0421944 0.0506159 0.0584244 0.0656414 0.0716295 0.0750397 0.07449 0.0694255
 1.11514e-16 5.7772e-05 0.000561565 0.0037318 0.0169642 0.0527821 0.112458 0.16414 0.164156 0.11254 0.0530561 0.0177564 0.0057229 0.00491715 0.00835769 0.0138031 0.0200731 0.0256857 0.0292091 0.0300814 0.0289791 0.0273432 0.0264231 0.0265709 0.0272218 0.0274073
 1.0646e-16 4.40367e-05 0.000428052 0.00284456 0.012931 0.0402333 0.0857226 0.125122 0.12516 0.0859041 0.0408427 0.014691 0.00726199 0.0100701 0.0183527 0.0302631 0.0435754 0.0547725 0.0603069 0.0585675 0.0508551 0.040512 0.030926 0.0239482 0.0196375 0.0170276
 1.0577e-16 4.86316e-05 0.000472716 0.00314137 0.0142802 0.0444312 0.0946664 0.138174 0.138202 0.0948017 0.0448856 0.0155938 0.00644344 0.00769675 0.0138141 0.0228795 0.0332315 0.0423678 0.0477495 0.0481767 0.0444409 0.038664 0.0328981 0.0281185 0.0242085 0.0206129
 1.08655e-16 3.11442e-05 0.000302733 0.00201177 0.00914523 0.0284544 0.0606269 0.0884961 0.0885408 0.0608457 0.0291894 0.0112691 0.00734691 0.0119624 0.0222137 0.0367765 0.0532162 0.0674335 0.0752598 0.0747729 0.0674028 0.0568585 0.046783 0.0389928 0.0333377 0.0287301
 1.14798e-16 3.0123e-05 0.000292807 0.0019458 0.00884537 0.0275214 0.0586385 0.0855918 0.0856261 0.0588063 0.0280854 0.0104777 0.006056 0.00930826 0.0172783 0.0288483 0.0423322 0.0548723 0.0635406 0.0669596 0.0659937 0.0628655 0.0594691 0.0562975 0.0526571 0.0476603
 1.19894e-16 3.07942e-05 0.00029933 0.00198916 0.00904244 0.0281345 0.0599448 0.0874981 0.0875307 0.0601043 0.0286705 0.0105931 0.0058924 0.00885622 0.0163894 0.0273329 0.0400562 0.0518458 0.0599699 0.0632444 0.0626911 0.0606421 0.059027 0.0582333 0.0572577 0.0547239
 1.1504e-16 4.64325e-05 0.000451341 0.00299932 0.0136345 0.0424221 0.0903856 0.131925 0.131948 0.0904991 0.0428036 0.0147381 0.00577641 0.00653661 0.0116718 0.0194046 0.0283857 0.0366401 0.0422018 0.0442283 0.0434836 0.0417071 0.04038 0.0398774 0.0395311 0.0383218
 1.07374e-16 5.32991e-05 0.000518086 0.00344286 0.0156508 0.0486955 0.103752 0.151434 0.151459 0.103873 0.0491012 0.0168232 0.00638753 0.00695253 0.0122923 0.020288 0.0293437 0.0371712 0.0414839 0.0412586 0.0373455 0.0318613 0.0268652 0.0233489 0.0211365 0.0194626
 1.04996e-16 4.90284e-05 0.000476573 0.003167 0.0143967 0.0447938 0.095439 0.139302 0.139333 0.0955892 0.0452981 0.0158538 0.00682577 0.00846854 0.0152415 0.0251574 0.0363244 0.0458672 0.0508834 0.0500335 0.04432 0.0363658 0.0287966 0.0230004 0.018983 0.0160337
 1.0475e-16 4.99745e-05 0.00048577 0.00322811 0.0146746 0.0456581 0.0972805 0.14199 0.142018 0.0974203 0.0461276 0.0160312 0.00663619 0.0079346 0.014223 0.0235032 0.0340131 0.0431086 0.0481163 0.0477886 0.0430091 0.0361165 0.0294242 0.0241125 0.020144 0.016906
 1.05384e-16 4.58982e-05 0.000446147 0.0029648 0.0134776 0.0419339 0.0893459 0.13041 0.130442 0.0895049 0.0424681 0.0150212 0.00684209 0.00891892 0.0161626 0.0267141 0.0386346 0.0489129 0.0545004 0.0539814 0.0483828 0.0404032 0.0327165 0.0266939 0.0222924 0.0187838
 1.04692e-16 5.45434e-05 0.000530181 0.00352324 0.0160162 0.0498323 0.106174 0.154969 0.154993 0.10629 0.0502213 0.0171403 0.0063479 0.00670599 0.0118117 0.0195145 0.0282791 0.035925 0.0402579 0.040256 0.0366426 0.0313193 0.0261429 0.0220227 0.0188722 0.016159
 1.0193e-16 6.75483e-05 0.000656593 0.0043633 0.0198349 0.0617139 0.131488 0.191914 0.191928 0.131556 0.0619421 0.0204942 0.00601873 0.00427203 0.00693868 0.0113767 0.0164117 0.020701 0.0229232 0.0224692 0.019795 0.0160955 0.0125711 0.00986306 0.00798463 0.00662011
 1.02602e-16 3.68977e-05 0.000358658 0.00238341 0.0108347 0.033711 0.0718266 0.104843 0.104891 0.0720614 0.0344994 0.0131112 0.00809554 0.0128206 0.0236816 0.0390323 0.0560828 0.0702272 0.0767906 0.0736109 0.0623355 0.0473285 0.0331059 0.0222812 0.015196 0.0108539
 1.03624e-16 6.12375e-05 0.000595251 0.00395565 0.0179818 0.0559482 0.119204 0.173985 0.174001 0.11928 0.0562029 0.0187188 0.00581049 0.00466037 0.00782834 0.0129663 0.0189542 0.0244197 0.0279832 0.0289706 0.0277458 0.0253352 0.0226831 0.0201631 0.0176461 0.0148996
 1.03751e-16 4.65854e-05 0.000452827 0.0030092 0.0136794 0.0425618 0.0906838 0.132363 0.132399 0.0908588 0.0431493 0.0153759 0.00726693 0.00974487 0.0176863 0.0291462 0.0419385 0.0526525 0.0578462 0.0559438 0.0481804 0.0377693 0.0279837 0.020639 0.0158503 0.012772
 1.05951e-16 4.09295e-05 0.000397849 0.00264385 0.0120186 0.0373944 0.0796741 0.116294 0.11633 0.0798473 0.0379763 0.0137006 0.00687069 0.00964107 0.0176422 0.0292229 0.0423749 0.0538731 0.0604302 0.0604907 0.0550874 0.0470049 0.0389777 0.0323715 0.027127 0.0225681
 1.06244e-16 5.21066e-05 0.000506495 0.00336584 0.0153006 0.0476061 0.101431 0.148046 0.14807 0.101547 0.047997 0.0164311 0.00620785 0.00672542 0.0119066 0.0197161 0.0286665 0.0366179 0.0414144 0.0420544 0.0392392 0.0347879 0.030418 0.0268781 0.023953 0.0210619
 1.05116e-16 5.04225e-05 0.000490125 0.00325705 0.0148061 0.0460675 0.0981527 0.143263 0.143292 0.098295 0.0465455 0.0161871 0.00672491 0.00806519 0.0144509 0.0238479 0.0344382 0.043499 0.0482879 0.0475473 0.0422395 0.0348552 0.0278738 0.0225821 0.0189429 0.0162389
 1.08524e-16 2.34996e-05 0.000228425 0.00151796 0.00690048 0.0214702 0.0457466 0.0667795 0.0668322 0.0460042 0.0223357 0.00940123 0.00779944 0.013955 0.0261339 0.0432754 0.0625897 0.0792362 0.0882728 0.0873966 0.0782603 0.0652296 0.0526416 0.0427393 0.0354876 0.0297426
 1.10677e-16 5.0238e-05 0.000488331 0.00324513 0.0147519 0.0458988 0.0977928 0.142735 0.142752 0.0978762 0.0461795 0.0155656 0.00529892 0.00500907 0.0087457 0.0146667 0.021798 0.0288303 0.0344337 0.0379649 0.0397331 0.0405307 0.0408515 0.0404972 0.0388476 0.0354571
 1.09254e-16 4.1689e-05 0.000405232 0.00269291 0.0122416 0.0380884 0.0811527 0.118452 0.118488 0.0813296 0.0386824 0.0139576 0.00700141 0.00981433 0.0179228 0.0295968 0.0427164 0.0539168 0.0598167 0.0589156 0.0525085 0.0437988 0.03593 0.0304594 0.0271685 0.0249012
 1.11483e-16 3.01041e-05 0.000292622 0.00194458 0.0088398 0.0275041 0.058602 0.08554 0.0855814 0.0588045 0.0281845 0.010807 0.00689013 0.011114 0.0206562 0.0342958 0.0498578 0.0636568 0.0719306 0.0729231 0.0678514 0.0598998 0.0521055 0.0458437 0.0408115 0.0360329
 1.10403e-16 5.02795e-05 0.000488734 0.00324781 0.0147641 0.0459367 0.0978738 0.142854 0.142874 0.0979733 0.0462712 0.0157324 0.0056862 0.00583776 0.010286 0.0171281 0.0251481 0.0326408 0.0378935 0.040123 0.0398762 0.0384889 0.0370648 0.0358268 0.0342504 0.0316831
 1.0826e-16 4.35043e-05 0.000422878 0.00281017 0.0127747 0.0397469 0.0846862 0.123609 0.123644 0.0848553 0.0403148 0.0144153 0.00692997 0.00942145 0.0171488 0.0283237 0.0409012 0.0516673 0.0573862 0.056603 0.0505165 0.0421399 0.034442 0.0289136 0.0253992 0.0228844
 1.11415e-16 2.57226e-05 0.000250033 0.00166156 0.00755323 0.0235011 0.0500734 0.0730932 0.0731393 0.0502989 0.0242587 0.0097433 0.00716629 0.0122913 0.0229661 0.0381152 0.0553452 0.0705259 0.0794372 0.0801106 0.0739227 0.0644816 0.0552617 0.0478885 0.0420904 0.0367988
 1.17337e-16 3.35115e-05 0.000325744 0.00216468 0.00984035 0.0306171 0.0652341 0.0952168 0.0952444 0.0653693 0.031072 0.011158 0.00548665 0.00762618 0.0140417 0.0235383 0.0347946 0.0456385 0.0538534 0.0584156 0.059977 0.0601026 0.0599273 0.0593846 0.0575197 0.0534182
 1.07247e-16 6.39699e-05 0.00062181 0.00413215 0.0187842 0.0584445 0.124523 0.181747 0.18176 0.124584 0.058651 0.0193813 0.00563386 0.00390956 0.00633658 0.0104513 0.0152354 0.0195651 0.0223536 0.0231405 0.0223625 0.0210138 0.0199645 0.0194782 0.0192231 0.0186392
pSPR Fmed_Fpbrs
0.723422   0.285572 0.285572
Fs Fmed_Fpbrs
0.205456   1.005 1.005
SSBpbr Bo_Bmed_Bpbrs
2.11896e+06  1.42695e+06  499167 499167
Ro
235106
SPR SPRFo_SPRFmed_SPRFpbrs
1.68052e+06 1.21572e+06 479909
Fref
1.005
Nvult_r0
 406332 37137.7 12791.9 9677.74 4272.82
CTP_r0
 25536.7 4391.95 1512.79 1144.5 505.309
YTP_r0
391502
Np
 339417 213094 17613.8 6066.99 6066.61
Nvult_p0
 263872 184398 15241.9 5250 5249.68
CTP_p0
 88250 92429.1 7639.95 2631.55 2631.38
YTP_p0
 2.49932e+06
CBA_c0
1.02385e+06
log_Ro
12.1878
likeval ReclasPelacesDesembMPH_pf_preclas_ppelaces_ptallas_desvR_qrecl_qpela
 25.0925 19.1457 1.38302 0.00337394 252.433 139.72 104.656 0 20.095 0 0 7.04982 0 0 0
q_reclas_q_pelaces
1 1
M
1
N
 492092 103548 38093.2 14013.7 8155.64
 79450.3 166516 32229.8 11856.7 6900.32
 112479 26188.3 49178.5 9518.67 5539.65
 267294 37529.9 7925.32 14882.8 4557.07
 224253 83928.2 10057.9 2123.97 5209.84
 299718 78864.3 28215.4 3381.32 2465.51
 138894 99801.6 23769.8 8504.13 1762.24
 85407.2 42215.4 25061.5 5968.9 2578.02
 62022.3 30543.9 14676.7 8712.9 2971.43
 85813.4 20439.3 9016.87 4332.69 3449.33
 134153 27499 5705.37 2516.95 2172.25
 148459 47304.8 9294.35 1928.35 1584.89
 153954 44249.6 11423.7 2244.5 848.415
 120306 46505 10975.4 2833.45 767.147
 154528 32936.5 9474.93 2236.13 733.586
 458898 47971.2 8628.14 2482.08 777.953
 226569 137032 11627.4 2091.32 790.176
 629383 75507.9 41371.1 3510.42 869.949
 529010 202713 21292.1 11666 1235.2
 385940 161732 51503.6 5409.72 3277.84
 568054 121775 43768.7 13938.2 2351.08
 664088 185834 35425.9 12732.9 4738.76
 205293 209780 50407.6 9609.32 4739.21
 456460 69796.1 65913.2 15838.2 4508.33
 392985 154934 21858.2 20642.2 6371.95
 218917 134318 49199.5 6941.08 8578.36
 417515 76166.9 44198.2 16189.4 5106.77
 396826 142653 24170.1 14025.5 6757.93
 170302 136332 45768.9 7754.76 6668.16
 159948 59208.9 44794.6 15038.3 4738.94
 619426 54751.4 18858.9 14267.7 6299.34
pred_Ctot
 25110.3 10213.2 3757.24 1382.21 804.415
 5270.36 21130.6 4089.9 1504.59 875.637
 6666.14 2983.37 5602.41 1084.37 631.076
 25071.9 6608.92 1395.63 2620.83 802.489
 6267.05 4604.57 551.81 116.528 285.828
 18117.5 9156.17 3275.82 392.573 286.247
 15499.3 20653.2 4918.97 1759.87 364.682
 1508.04 1473.43 874.71 208.33 89.9795
 4122.01 3882.94 1865.79 1107.64 377.747
 7072.66 3187.42 1406.14 675.664 537.907
 3530.34 1422.21 295.073 130.173 112.345
 18118.9 10629.2 2088.4 433.293 356.12
 17690.9 9407.85 2428.77 477.2 180.381
 19926.4 13754.1 3246.02 838.006 226.887
 15465.3 6161.76 1772.57 418.334 137.239
 55556.9 10699.6 1924.45 553.61 173.517
 13584.7 15785.6 1339.44 240.913 91.0259
 50069.4 11388 6239.52 529.436 131.204
 57356.8 40848.5 4290.56 2350.82 248.904
 35155.3 27709.5 8824.13 926.849 561.593
 40147.5 16415.5 5900.12 1878.9 316.93
 60064.7 31628.2 6029.35 2167.09 806.519
 9904.24 19599.5 4709.51 897.785 442.777
 22464.7 6647.79 6277.97 1508.52 429.4
 17723.5 13560.5 1913.11 1806.69 557.698
 7539.82 9042.39 3312.14 467.278 577.501
 18915.6 6695.89 3885.5 1423.22 448.94
 16678.3 11659.6 1975.53 1146.36 552.354
 5941.32 9293.87 3120.11 528.649 454.575
 7069.41 5081.7 3844.57 1290.69 406.728
 25536.7 4391.95 1512.79 1144.5 505.309
F
 0.0835714 0.167143 0.167143 0.167143 0.167143
 0.109818 0.219637 0.219637 0.219637 0.219637
 0.0976257 0.195251 0.195251 0.195251 0.195251
 0.158388 0.316777 0.316777 0.316777 0.316777
 0.0450472 0.0900944 0.0900944 0.0900944 0.0900944
 0.0996572 0.199314 0.199314 0.199314 0.199314
 0.190926 0.381852 0.381852 0.381852 0.381852
 0.0282641 0.0565282 0.0565282 0.0565282 0.0565282
 0.110035 0.22007 0.22007 0.22007 0.22007
 0.138025 0.276051 0.276051 0.276051 0.276051
 0.0423718 0.0847436 0.0847436 0.0847436 0.0847436
 0.210463 0.420926 0.420926 0.420926 0.420926
 0.197095 0.39419 0.39419 0.39419 0.39419
 0.295455 0.590911 0.590911 0.590911 0.590911
 0.169777 0.339554 0.339554 0.339554 0.339554
 0.208618 0.417235 0.417235 0.417235 0.417235
 0.0988147 0.197629 0.197629 0.197629 0.197629
 0.132951 0.265901 0.265901 0.265901 0.265901
 0.185069 0.370138 0.370138 0.370138 0.370138
 0.15351 0.307019 0.307019 0.307019 0.307019
 0.117365 0.234731 0.234731 0.234731 0.234731
 0.152355 0.304709 0.304709 0.304709 0.304709
 0.0788601 0.15772 0.15772 0.15772 0.15772
 0.0805011 0.161002 0.161002 0.161002 0.161002
 0.0735588 0.147118 0.147118 0.147118 0.147118
 0.0557638 0.111528 0.111528 0.111528 0.111528
 0.0739047 0.147809 0.147809 0.147809 0.147809
 0.0684053 0.136811 0.136811 0.136811 0.136811
 0.0565022 0.113004 0.113004 0.113004 0.113004
 0.0720435 0.144087 0.144087 0.144087 0.144087
 0.0670614 0.134123 0.134123 0.134123 0.134123
nmprior
 8.19 8.8 8.5 0
nm_flota  nm_reclas  nm_pelaces    nm_pelaL
inf 6.88302 9.05494 17.5368
cv_recla  cv_pelaces  cv_mph
0.453103 0.496144 1.79256
 ------------------------------------------------
Talla a la edad & desviaci?n 
 8 13.2811 15.8009 17.003 17.5766
 0.8 1.32811 1.58009 1.7003 1.75766
