years
 1991 1992 1993 1994 1995 1996 1997 1998 1999 2000 2001 2002 2003 2004 2005 2006 2007 2008 2009 2010 2011 2012 2013 2014 2015 2016 2017 2018 2019 2020 2021
reclasobs
 0 0 0 0 0 0 0 0 0 252601 567819 844713 477998 351125 339783 2.1784e+06 2.13404e+06 4.81314e+06 1.55562e+06 2.62356e+06 3.21686e+06 3.843e+06 1.13348e+06 3.07943e+06 1.97215e+06 2.03268e+06 2.025e+06 2.42433e+06 2.27542e+06 1.05018e+06 2.36338e+06
reclaspred
 3.01386e+06 1.656e+06 831948 735639 679170 1.21176e+06 667543 562727 418153 307871 446557 615045 604881 450757 447815 1.40142e+06 1.3033e+06 3.09533e+06 2.54354e+06 1.8517e+06 3.30022e+06 2.67842e+06 2.05085e+06 3.18833e+06 2.35145e+06 2.04526e+06 2.50658e+06 2.76149e+06 2.23041e+06 1.33411e+06 1.92256e+06
pelacesobs
 0 0 0 0 0 0 0 0 0 0 0 0 0 0 0 552880 188675 0 991730 2.46772e+06 1.41603e+06 1.21717e+06 2.29649e+06 1.80582e+06 0 1.4828e+06 1.56532e+06 1.57751e+06 1.42118e+06 867257 1.10002e+06
pelacespred
 1.29238e+06 781038 386771 276926 275639 507425 237532 271710 183060 126305 198368 229227 249959 192095 197774 527583 493669 1.36679e+06 1.14762e+06 772610 1.35245e+06 1.17195e+06 901712 1.54445e+06 1.09265e+06 949544 1.33013e+06 1.44316e+06 959503 652525 922189
mphobs
 0 0 0 0 0 0 0 0 0 0 0 498337 0 5186 125008 0 168611 109162 213762 579715 649985 157893 87575 83554 0 0 0 0 0 0 0
mphpred
 452230 299479 145233 78661.9 72167.5 78824.3 113366 59036.2 52779.5 35163.8 23997.1 52730.4 58192.5 47914.3 29986.7 38533.5 160349 144863 305810 227741 238026 298698 282799 224541 316708 256108 207171 229994 334528 221003 129684
desembarqueobs
 494567 514787 250237 358949 120608 361735 552515 73892 212993 205616 52469 317467 293654 387597 252695 516296 358380 742168 942051 627588 828172 859565 418607 520667 417249 300574 407403 355545 319650 289779 391294
desembarquepred
 494567 513966 250501 358984 120613 361724 552462 73895.8 213027 205644 52471.1 317507 293676 387560 252663 516209 358390 742020 941713 627369 828195 859502 418597 520677 417232 300561 407385 355517 319628 289771 391284
Reclutas
 173933 98660.2 98771.9 125592 101931 214874 79784.3 32795 36395.9 51962.3 98425.8 135727 111414 77326.3 73900.8 455335 82863.7 691127 393094 294967 446916 589758 110842 355563 289700 128482 306226 350328 92938 65083.3 263678
log_desv_Rt
 0.138007 -0.428983 -0.427852 -0.187623 -0.396367 0.349388 -0.641338 -1.53039 -1.42621 -1.07015 -0.431361 -0.110016 -0.307412 -0.672631 -0.717941 1.10037 -0.603468 1.51766 0.953384 0.666198 1.08171 1.35905 -0.312562 0.853039 0.648182 -0.16488 0.703658 0.838204 -0.488732 -0.844997 0.554063
SSB
 2.47404e+06 1.63838e+06 794536 430341 394811 431229 620201 322973 288744 192373 131283 288476 318357 262128 164050 210808 877231 792514 1.67302e+06 1.24592e+06 1.30219e+06 1.63411e+06 1.54712e+06 1.22841e+06 1.73263e+06 1.40111e+06 1.13338e+06 1.25824e+06 1.83012e+06 1.20906e+06 709473
BT
 3.40193e+06 2.30905e+06 1.13843e+06 939824 733090 1.48121e+06 1.0383e+06 693014 632915 487626 502250 792468 842196 845102 709644 1.63287e+06 1.41834e+06 3.8093e+06 3.55055e+06 2.34957e+06 3.79066e+06 3.50748e+06 2.44475e+06 4.04781e+06 2.90901e+06 2.45785e+06 3.48508e+06 3.68589e+06 2.47789e+06 1.79051e+06 2.50134e+06
Ftot
 0.172986 0.319465 0.315269 0.542869 0.200864 0.360488 0.840095 0.148091 0.56908 0.740707 0.150195 0.594447 0.553307 0.959271 0.685374 0.481432 0.297297 0.301898 0.416264 0.381766 0.293384 0.370374 0.219002 0.198353 0.198279 0.162099 0.196292 0.158144 0.150061 0.229276 0.251315
BD_Bspro_t
 0.972801 0.809568 0.62278 0.52074 0.474578 0.550305 0.555146 0.350677 0.40342 0.35534 0.332535 0.605495 0.493048 0.399545 0.285481 0.342577 0.57068 0.532555 0.646572 0.546699 0.512789 0.566107 0.582292 0.566304 0.676379 0.681654 0.686204 0.732096 0.786232 0.711186 0.627503
BD_Bspro
 2.28444 1.51282 0.733646 0.397361 0.364555 0.398181 0.572671 0.298222 0.266616 0.17763 0.121222 0.266368 0.29396 0.24204 0.151478 0.194652 0.810004 0.731779 1.5448 1.15044 1.20239 1.50888 1.42856 1.13427 1.59985 1.29373 1.04652 1.16181 1.68987 1.1164 0.655102
BD_Bo
 1.43008 0.947038 0.459268 0.248751 0.228214 0.249265 0.358496 0.186689 0.166904 0.111198 0.0758857 0.166748 0.184021 0.151519 0.0948264 0.121854 0.507069 0.458099 0.967059 0.720183 0.752706 0.944568 0.894289 0.710063 1.00152 0.809887 0.655132 0.727305 1.05787 0.698874 0.410099
BD_Brms
 7.78125 5.15296 2.49894 1.35349 1.24174 1.35628 1.95063 1.0158 0.908145 0.605042 0.412904 0.907301 1.00128 0.824434 0.515963 0.663024 2.75903 2.49258 5.2619 3.91861 4.09558 5.13952 4.86595 3.86355 5.4494 4.40671 3.56466 3.95737 5.75602 3.80267 2.2314
Sel_flota
 0.70702 0.978656 0.998853 0.99994 0.999997
 0.70702 0.978656 0.998853 0.99994 0.999997
 0.70702 0.978656 0.998853 0.99994 0.999997
 0.70702 0.978656 0.998853 0.99994 0.999997
 0.70702 0.978656 0.998853 0.99994 0.999997
 0.70702 0.978656 0.998853 0.99994 0.999997
 0.70702 0.978656 0.998853 0.99994 0.999997
 0.70702 0.978656 0.998853 0.99994 0.999997
 0.70702 0.978656 0.998853 0.99994 0.999997
 0.70702 0.978656 0.998853 0.99994 0.999997
 0.70702 0.978656 0.998853 0.99994 0.999997
 0.70702 0.978656 0.998853 0.99994 0.999997
 0.70702 0.978656 0.998853 0.99994 0.999997
 0.70702 0.978656 0.998853 0.99994 0.999997
 0.70702 0.978656 0.998853 0.99994 0.999997
 0.70702 0.978656 0.998853 0.99994 0.999997
 0.70702 0.978656 0.998853 0.99994 0.999997
 0.70702 0.978656 0.998853 0.99994 0.999997
 0.70702 0.978656 0.998853 0.99994 0.999997
 0.70702 0.978656 0.998853 0.99994 0.999997
 0.70702 0.978656 0.998853 0.99994 0.999997
 0.70702 0.978656 0.998853 0.99994 0.999997
 0.70702 0.978656 0.998853 0.99994 0.999997
 0.70702 0.978656 0.998853 0.99994 0.999997
 0.70702 0.978656 0.998853 0.99994 0.999997
 0.70702 0.978656 0.998853 0.99994 0.999997
 0.70702 0.978656 0.998853 0.99994 0.999997
 0.70702 0.978656 0.998853 0.99994 0.999997
 0.70702 0.978656 0.998853 0.99994 0.999997
 0.70702 0.978656 0.998853 0.99994 0.999997
 0.70702 0.978656 0.998853 0.99994 0.999997
Sel_reclas
 1 1 1 1 1
 1 1 1 1 1
 1 1 1 1 1
 1 1 1 1 1
 1 1 1 1 1
 1 1 1 1 1
 1 1 1 1 1
 1 1 1 1 1
 1 1 1 1 1
 1 1 1 1 1
 1 1 1 1 1
 1 1 1 1 1
 1 1 1 1 1
 1 1 1 1 1
 1 1 1 1 1
 1 1 1 1 1
 1 1 1 1 1
 1 1 1 1 1
 1 1 1 1 1
 1 1 1 1 1
 1 1 1 1 1
 1 1 1 1 1
 1 1 1 1 1
 1 1 1 1 1
 1 1 1 1 1
 1 1 1 1 1
 1 1 1 1 1
 1 1 1 1 1
 1 1 1 1 1
 1 1 1 1 1
 1 1 1 1 1
Sel_pelaces
 1 1 1 1 1
 1 1 1 1 1
 1 1 1 1 1
 1 1 1 1 1
 1 1 1 1 1
 1 1 1 1 1
 1 1 1 1 1
 1 1 1 1 1
 1 1 1 1 1
 1 1 1 1 1
 1 1 1 1 1
 1 1 1 1 1
 1 1 1 1 1
 1 1 1 1 1
 1 1 1 1 1
 1 1 1 1 1
 1 1 1 1 1
 1 1 1 1 1
 1 1 1 1 1
 1 1 1 1 1
 1 1 1 1 1
 1 1 1 1 1
 1 1 1 1 1
 1 1 1 1 1
 1 1 1 1 1
 1 1 1 1 1
 1 1 1 1 1
 1 1 1 1 1
 1 1 1 1 1
 1 1 1 1 1
 1 1 1 1 1
pf_obs 
 0.8446 0.082 0.0669 0.0065 0
 0.8095 0.147 0.0364 0.0071 0
 0.9664 0.0169 0.016 0.0007 0
 0.9276 0.0648 0.0075 0.0001 0
 0.7033 0.2144 0.0806 0.0017 0
 0.9318 0.0425 0.0243 0.0014 0
 0.5671 0.3108 0.0964 0.0239 0.0018
 0.0768 0.2599 0.5324 0.112 0.0189
 0.490249 0.384438 0.106611 0.0170017 0.00170017
 0.7925 0.1577 0.0466 0.003 0.0002
 0.840416 0.127587 0.0312969 0.00059994 9.999e-05
 0.8084 0.0986 0.0794 0.0134 0.0002
 0.7335 0.1905 0.0724 0.0035 0.0001
 0.4001 0.4547 0.1325 0.0127 0
 0.49795 0.308269 0.164784 0.0264974 0.00249975
 0.9179 0.0499 0.0305 0.0017 0
 0.2467 0.6533 0.0926 0.0074 0
 0.9418 0.0223 0.034 0.0019 0
 0.707729 0.231977 0.0356964 0.0245975 0
 0.517169 0.277429 0.184464 0.0207286 0.00020938
 0.811772 0.124168 0.05621 0.00726502 0.000585176
 0.764997 0.148141 0.077277 0.00933861 0.000247198
 0.163321 0.427699 0.378323 0.0303852 0.000271297
 0.753843 0.0900009 0.118128 0.0371064 0.000921714
 0.721811 0.176058 0.0630433 0.0369309 0.00215725
 0.143369 0.312575 0.442814 0.0836902 0.0175525
 0.692698 0.0596174 0.167031 0.0765114 0.00414204
 0.394062 0.376323 0.152708 0.0712218 0.00568511
 0.125707 0.32114 0.495352 0.0537591 0.00404204
 0.23352 0.215282 0.420074 0.123614 0.00750983
 0.774587 0.0839891 0.0768558 0.0609784 0.00358967
pf_pred 
 0.441993 0.145345 0.385575 0.0270869 8.65159e-07
 0.408239 0.313316 0.0736932 0.191326 0.0134258
 0.560348 0.219787 0.117741 0.027053 0.0750709
 0.681836 0.206511 0.0564872 0.0295599 0.0256058
 0.645996 0.27009 0.0549794 0.0146488 0.0142855
 0.781324 0.157548 0.046884 0.00933679 0.00490782
 0.461696 0.451592 0.0628963 0.0182713 0.00554404
 0.460799 0.310055 0.193179 0.0261011 0.00986682
 0.583616 0.227372 0.10968 0.0668923 0.0124403
 0.754503 0.167046 0.0433718 0.0203681 0.0147112
 0.840788 0.131674 0.0189142 0.00477077 0.00385252
 0.738249 0.230582 0.025875 0.00363815 0.00165676
 0.677937 0.260831 0.0541139 0.00591013 0.00120764
 0.627071 0.283493 0.0727991 0.0147058 0.00193153
 0.743715 0.187596 0.05262 0.0130835 0.00298488
 0.944093 0.0456915 0.00753491 0.00205451 0.00062642
 0.332781 0.641548 0.0210791 0.00338865 0.00120403
 0.896772 0.0429464 0.0580133 0.00186259 0.000405311
 0.572433 0.396099 0.0132702 0.0175145 0.000683837
 0.576783 0.27998 0.132941 0.0043453 0.00595118
 0.728059 0.180966 0.0606774 0.0281227 0.00217525
 0.724793 0.218466 0.0380547 0.0124685 0.00621821
 0.28024 0.570499 0.119079 0.0202505 0.00993105
 0.727436 0.0967753 0.139975 0.0285788 0.00723486
 0.598276 0.317978 0.0301589 0.0426801 0.0109072
 0.408584 0.400518 0.151808 0.0140878 0.0250022
 0.725339 0.135236 0.0950776 0.0352751 0.00907251
 0.674576 0.256818 0.0341594 0.0234984 0.0109476
 0.3058 0.516226 0.141098 0.0183718 0.0185046
 0.37422 0.238661 0.28945 0.0774514 0.0202186
 0.815937 0.0848506 0.0383666 0.0455084 0.0153377
pobs_RECLAS
 0 0 0 0 0
 0 0 0 0 0
 0 0 0 0 0
 0 0 0 0 0
 0 0 0 0 0
 0 0 0 0 0
 0 0 0 0 0
 0 0 0 0 0
 0 0 0 0 0
 0 0 0 0 0
 0.991045 0.00858322 0.000360255 1.14367e-05 0
 0.934742 0.0480273 0.0164251 0.00080598 0
 0.827803 0.169806 0.00239088 0 0
 0.941827 0.0461693 0.0120037 0 0
 0.791401 0.0380133 0.147996 0.0225897 0
 0.846168 0.0940531 0.0597789 0 0
 0.134021 0.677848 0.182769 0.00536245 0
 0.80878 0.0450904 0.141981 0.00414843 0
 0.846168 0.0940531 0.0597789 0 0
 0.905697 0.0802665 0.012482 0.00150086 5.37128e-05
 0.989698 0.0102097 9.19794e-05 0 0
 0.975433 0.0193895 0.00387452 0.00125025 5.28907e-05
 0.303575 0.632131 0.0575291 0.00676475 0
 0.966965 0.00978017 0.0227588 0.000495775 0
 0.843318 0.132988 0.00938335 0.0141283 0.000182051
 0.564624 0.303363 0.111486 0.0197234 0.00080311
 0.826376 0.0876187 0.0782897 0.00655872 0.00115652
 0.89761 0.0855135 0.0140674 0.00269457 0.000114338
 0.34875 0.467042 0.161289 0.0227151 0.000203297
 0.318654 0.224769 0.449479 0.00709798 0
 0.937255 0.0296025 0.0250945 0.00804832 0
ppred_RECLAS
 0.527921 0.124867 0.324444 0.0227672 7.27148e-07
 0.49327 0.271064 0.0624232 0.161884 0.0113591
 0.642736 0.180534 0.094693 0.0217329 0.0603042
 0.752584 0.161847 0.0433164 0.0226413 0.0196115
 0.718452 0.215884 0.0430396 0.0114548 0.0111701
 0.834081 0.120253 0.0350341 0.00696903 0.00366301
 0.551395 0.377739 0.0514201 0.0149193 0.00452665
 0.545005 0.263952 0.161084 0.0217407 0.00821802
 0.666243 0.1841 0.0868856 0.0529287 0.00984283
 0.814769 0.126962 0.0322315 0.0151183 0.0109188
 0.880438 0.09924 0.013963 0.00351803 0.00284074
 0.799648 0.176956 0.0194261 0.00272821 0.00124231
 0.748627 0.204425 0.0414963 0.00452682 0.000924923
 0.708411 0.222908 0.0559178 0.0112816 0.00148168
 0.805338 0.143346 0.0393221 0.00976547 0.00222777
 0.959707 0.0330611 0.00533565 0.00145318 0.000443046
 0.410596 0.567185 0.0182475 0.00293016 0.00104106
 0.924674 0.0317254 0.041962 0.00134573 0.000292823
 0.652686 0.322269 0.0105683 0.0139326 0.000543951
 0.657683 0.228093 0.106023 0.00346152 0.00474051
 0.790031 0.140724 0.0462016 0.0213895 0.00165435
 0.787279 0.169611 0.0289234 0.00946595 0.0047205
 0.352499 0.515456 0.105368 0.017899 0.00877733
 0.790082 0.0755471 0.10702 0.0218261 0.00552505
 0.675459 0.258031 0.0239689 0.0338827 0.00865842
 0.491526 0.34667 0.128701 0.0119303 0.021172
 0.787844 0.105583 0.072701 0.0269432 0.00692921
 0.743168 0.203591 0.0265241 0.0182259 0.00849076
 0.380923 0.462822 0.123908 0.0161158 0.0162313
 0.457617 0.209571 0.248915 0.066531 0.0173668
 0.862061 0.0643303 0.0284851 0.0337499 0.011374
pobs_PELACES
 0 0 0 0 0
 0 0 0 0 0
 0 0 0 0 0
 0 0 0 0 0
 0 0 0 0 0
 0 0 0 0 0
 0 0 0 0 0
 0 0 0 0 0
 0 0 0 0 0
 0 0 0 0 0
 0 0 0 0 0
 0 0 0 0 0
 0 0 0 0 0
 0 0 0 0 0
 0 0 0 0 0
 0 0 0 0 0
 0.505614 0.472636 0.0217494 0 0
 0 0 0 0 0
 0.443492 0.261883 0.143347 0.151278 0
 0.227955 0.32914 0.350689 0.0885471 0.00366901
 0.970185 0.0296113 0.000203453 0 0
 0.997202 0.00247181 0.000326279 0 0
 0.445219 0.490057 0.0546422 0.010081 0
 0.90214 0.0892962 0.00764917 0.000914606 0
 0 0 0 0 0
 0.581667 0.319106 0.0959925 0.00289975 0.000334073
 0.762889 0.0836404 0.116647 0.0363945 0.000428098
 0.88444 0.0763242 0.0277011 0.0115352 0
 0.521256 0.241999 0.230069 0.00667565 0
 0.616807 0.101726 0.260614 0.0208532 0
 0.833518 0.0704572 0.0857862 0.0102388 0
ppred_PELACES
 0.531995 0.123895 0.321547 0.0225625 7.20607e-07
 0.500686 0.267372 0.0614419 0.159321 0.0111792
 0.649442 0.177334 0.0928195 0.0213005 0.0591041
 0.761766 0.156041 0.0416115 0.021746 0.0188357
 0.722143 0.213121 0.0424319 0.0112923 0.0110116
 0.838595 0.11706 0.0340218 0.0067668 0.00355669
 0.570161 0.362262 0.0490379 0.0142238 0.00431556
 0.548398 0.262093 0.159792 0.0215652 0.00815163
 0.677868 0.177997 0.0836871 0.0509699 0.00947845
 0.824811 0.12027 0.0303823 0.0142472 0.0102895
 0.881866 0.0980717 0.0137848 0.00347295 0.00280433
 0.808121 0.169551 0.0185396 0.00260316 0.00118535
 0.757972 0.196962 0.0398341 0.00434463 0.000887689
 0.726152 0.209663 0.0522602 0.0105401 0.00138426
 0.814973 0.136417 0.0372509 0.00924881 0.00210988
 0.961365 0.0317194 0.00510271 0.0013895 0.000423627
 0.417079 0.560989 0.0180124 0.0028921 0.00102753
 0.926617 0.0309432 0.0408452 0.00130978 0.000284997
 0.661142 0.314488 0.0102845 0.0135565 0.000529263
 0.665535 0.223051 0.103415 0.00337594 0.00462327
 0.794467 0.137841 0.0451667 0.0209082 0.00161711
 0.79287 0.165238 0.0281081 0.00919791 0.0045868
 0.357062 0.511978 0.104505 0.0177509 0.00870466
 0.793156 0.0745045 0.105403 0.0214949 0.00544119
 0.679404 0.254966 0.0236529 0.0334336 0.00854363
 0.495245 0.344254 0.127666 0.0118337 0.0210005
 0.79088 0.104141 0.0716146 0.0265387 0.00682515
 0.745907 0.201465 0.0262194 0.0180156 0.00839275
 0.384161 0.460519 0.123168 0.0160187 0.0161335
 0.462959 0.207704 0.246321 0.0658323 0.0171844
 0.864826 0.063099 0.0278932 0.0330456 0.0111366
pobs_pel_tallas
 0 0 0 0 0 0 0 0 0 0 0 0 0 0 0 0 0 0 0 0 0 0 0 0 0 0
 0 0 0 0 0 0 0 0 0 0 0 0 0 0 0 0 0 0 0 0 0 0 0 0 0 0
 0 0 0 0 0 0 0 0 0 0 0 0 0 0 0 0 0 0 0 0 0 0 0 0 0 0
 0 0 0 0 0 0 0 0 0 0 0 0 0 0 0 0 0 0 0 0 0 0 0 0 0 0
 0 0 0 0 0 0 0 0 0 0 0 0 0 0 0 0 0 0 0 0 0 0 0 0 0 0
 0 0 0 0 0 0 0 0 0 0 0 0 0 0 0 0 0 0 0 0 0 0 0 0 0 0
 0 0 0 0 0 0 0 0 0 0 0 0 0 0 0 0 0 0 0 0 0 0 0 0 0 0
 0 0 0 0 0 0 0 0 0 0 0 0 0 0 0 0 0 0 0 0 0 0 0 0 0 0
 0 0 0 0 0 0 0 0 0 0 0 0 0 0 0 0 0 0 0 0 0 0 0 0 0 0
 0 0 0 0 0 0 0 0 0 0 0 0 0 0 0 0 0 0 0 0 0 0 0 0 0 0
 0 0 0 0 0 0 0 0 0 0 0 0 0 0 0 0 0 0 0 0 0 0 0 0 0 0
 0 0 0 0 0 0 0 0 0 0 0 0 0 0 0 0 0 0 0 0 0 0 0 0 0 0
 0.00862536 0 0 0.000197151 0.00414017 0.0128641 0.00837892 0.0270097 0.101434 0.158115 0.152841 0.127902 0.109271 0.109419 0.0830992 0.0579132 0.0238553 0.00714673 0.00463305 0.00128148 0.00103504 0.000492878 0.000147863 0.000147863 4.92878e-05 0
 0 0 0 0 0 0 0 0 0 0 0 0 0 0 0 0 0 0 0 0 0 0 0 0 0 0
 0 0 0 0 0 0 0 0.0054083 0.00873648 0.0413646 0.0450493 0.0745869 0.0622846 0.0627006 0.0613931 0.0827291 0.12552 0.122667 0.0946155 0.0697135 0.0546179 0.0294188 0.0215738 0.0213955 0.0102223 0.00600262
 0 0 0 0 0.00359764 0.0251062 0.0480494 0.140153 0.205849 0.193036 0.1447 0.116669 0.0760912 0.0342217 0.00950174 0.001854 0.000860785 0 0 0 0.000165536 0 0.000143464 0 0 0
 0 0 0 0 0 0 0 0.000145254 0.000435761 0.0275982 0.070085 0.0708112 0.156366 0.174668 0.174014 0.160142 0.0824315 0.0480064 0.0283245 0.00493863 0.00203355 0 0 0 0 0
 0 0 0 0 0 0 0 0 0 0 0 0 0 0 0 0 0 0 0 0 0 0 0 0 0 0
 0 0 1.00437e-05 0.000401748 0.00122533 0.00171747 0.00176769 0.0269171 0.070346 0.194647 0.189555 0.159765 0.064822 0.0314167 0.0384472 0.0292271 0.0345202 0.0313363 0.0194345 0.0106764 0.0143323 0.0359363 0.0279516 0.0138201 0.00172751 0
 0 0.0021121 0.0136068 0.0755702 0.200478 0.177729 0.0527432 0.0373336 0.0318909 0.0142505 0.0149659 0.0166563 0.0217959 0.0798694 0.0677717 0.0528807 0.04013 0.0224614 0.0357745 0.0225083 0.00881397 0.00855152 0.00135912 0.000746735 0 0
 0 0 0 0 5.4009e-05 0.00500934 0.000945158 0.0243581 0.138947 0.33067 0.221406 0.137944 0.0707744 0.0437923 0.0131692 0.00525238 0.0047753 0.00276346 9.45158e-05 9.00151e-06 2.25038e-05 9.00151e-06 4.50075e-06 0 0 0
 0.000866109 0.00284123 0.00948549 0.0512746 0.133035 0.25785 0.225252 0.132002 0.0553304 0.0519788 0.0540692 0.017754 0.00435017 0.00159236 0.00146478 0.000404838 0.000125132 0.000115318 0.000107957 0.000100596 0 0 0 0 0 0
 0 0 0 0 0.00144013 0.00171154 0.00461396 0.0210425 0.0478622 0.0707936 0.0888783 0.103762 0.0637923 0.0337046 0.0602308 0.124433 0.169614 0.0934646 0.0462172 0.0250306 0.0313229 0.00938855 0.002487 0.000210481 0 0
 0 0.00764035 0.051015 0.0998891 0.058973 0.0496711 0.0374665 0.0718981 0.12319 0.153886 0.159021 0.0857701 0.0377988 0.023471 0.0147837 0.00900784 0.00315554 0.000888139 0.00291439 0.00214683 0.00393193 0.00274676 0.000635225 9.99891e-05 0 0
 0 0 0 0 0 0 0 0 0 0 0 0 0 0 0 0 0 0 0 0 0 0 0 0 0 0
 0 0 0 0 0 0 0 0 0 0 0 0 0 0 0 0 0 0 0 0 0 0 0 0 0 0
 0 0 0 0 0 0 0 0 0 0 0 0 0 0 0 0 0 0 0 0 0 0 0 0 0 0
 0 0 0 0 0 0 0 0 0 0 0 0 0 0 0 0 0 0 0 0 0 0 0 0 0 0
 0 0 0 0 0 0 0 0 0 0 0 0 0 0 0 0 0 0 0 0 0 0 0 0 0 0
 0 0 0 0 0 0 0 0 0 0 0 0 0 0 0 0 0 0 0 0 0 0 0 0 0 0
 0 0 0 0 0 0 0 0 0 0 0 0 0 0 0 0 0 0 0 0 0 0 0 0 0 0
ppred_pel_tallas
 1.11574e-16 4.38198e-05 0.000425944 0.00283055 0.0128673 0.0400349 0.085299 0.124499 0.124511 0.0853599 0.0402407 0.0134679 0.00436093 0.00384218 0.00675233 0.0116673 0.0181359 0.0255753 0.033317 0.0408894 0.0480023 0.0541741 0.0584201 0.0594591 0.0564058 0.0494177
 1.19711e-16 4.12409e-05 0.000400876 0.00266397 0.01211 0.0376789 0.0802798 0.117176 0.117202 0.0804062 0.0381036 0.0133382 0.00575222 0.00716093 0.0129367 0.0214795 0.0313336 0.0402999 0.0462352 0.0483347 0.047668 0.046406 0.0463146 0.0476817 0.0493554 0.0496404
 1.14863e-16 5.34937e-05 0.000519978 0.00345544 0.0157079 0.0488733 0.10413 0.151985 0.152002 0.104214 0.0491563 0.0165269 0.00551723 0.00504154 0.00870236 0.0144664 0.0212278 0.0275445 0.0319994 0.0340017 0.0341286 0.0336474 0.0335991 0.0341763 0.0347798 0.0345429
 1.0661e-16 6.27457e-05 0.000609911 0.00405307 0.0184247 0.0573261 0.12214 0.17827 0.178285 0.122214 0.0575737 0.0191403 0.0058515 0.00454287 0.00755315 0.0124442 0.0180574 0.0230079 0.0259391 0.0262588 0.0244916 0.0218934 0.0196381 0.0182151 0.0173944 0.0166135
 1.04275e-16 5.9482e-05 0.000578186 0.00384225 0.0174663 0.0543444 0.115787 0.168999 0.16902 0.115888 0.0546818 0.0184414 0.00629091 0.00592741 0.0102299 0.016848 0.0243363 0.0307582 0.0341823 0.0337266 0.0300746 0.0249856 0.0202059 0.0166346 0.0142296 0.0124628
 1.02293e-16 6.9074e-05 0.000671424 0.00446185 0.0202829 0.0631077 0.134458 0.196248 0.196259 0.134513 0.0632934 0.0208197 0.00581054 0.00362023 0.00568294 0.00932118 0.0135038 0.0171557 0.0192262 0.0192271 0.0175034 0.0149629 0.0124929 0.0105289 0.0090316 0.00774774
 1.03665e-16 4.69635e-05 0.000456502 0.00303362 0.0137904 0.0429072 0.0914197 0.133437 0.133472 0.0915903 0.0434801 0.0154448 0.00718636 0.00952165 0.0172624 0.0284617 0.0409908 0.0515378 0.0567557 0.0551004 0.0477439 0.037766 0.028301 0.0210835 0.0162335 0.0129764
 1.08221e-16 4.51709e-05 0.000439077 0.00291782 0.013264 0.0412694 0.0879298 0.128341 0.128367 0.0880543 0.041688 0.0144754 0.0059679 0.0071286 0.0128412 0.021396 0.0313732 0.0406125 0.0469036 0.0491736 0.0480094 0.0450237 0.0416346 0.0382931 0.0346409 0.0302103
 1.09177e-16 5.58351e-05 0.000542737 0.00360668 0.0163955 0.0510124 0.108688 0.158637 0.158654 0.108772 0.0512962 0.0172164 0.00567284 0.00507147 0.00871113 0.0144575 0.0211662 0.0273572 0.0315656 0.0331467 0.0326269 0.031236 0.0300081 0.0291821 0.0282809 0.02664
 1.04078e-16 6.79386e-05 0.000660387 0.00438851 0.0199495 0.0620704 0.132248 0.193022 0.193034 0.132305 0.0622612 0.0205008 0.0057736 0.00368861 0.00583272 0.00957173 0.0138701 0.0176338 0.0198018 0.0199026 0.0183299 0.0160521 0.013992 0.0125633 0.0116397 0.0108403
 1.01246e-16 7.26382e-05 0.000706069 0.00469208 0.0213295 0.0663641 0.141396 0.206374 0.206383 0.141442 0.0665192 0.0217775 0.00581654 0.00316088 0.00473506 0.00771391 0.0111074 0.0139732 0.0154043 0.0149855 0.0130364 0.0103912 0.00789581 0.00601403 0.00476919 0.00394085
 1.01041e-16 6.65639e-05 0.000647025 0.00429971 0.0195459 0.0608145 0.129572 0.189118 0.189134 0.129652 0.0610824 0.0203196 0.00624134 0.00488403 0.00810867 0.0132874 0.0191046 0.0239604 0.0262703 0.0253005 0.0216013 0.0166345 0.0119065 0.00828002 0.00585864 0.00430935
 1.01786e-16 6.24332e-05 0.000606873 0.00403288 0.0183329 0.0570406 0.121532 0.177383 0.177402 0.121625 0.0573524 0.0192338 0.00629503 0.00554783 0.00945396 0.0155504 0.0224402 0.0283111 0.0313516 0.0307125 0.0269909 0.0217922 0.0167421 0.0127302 0.00982168 0.00765683
 1.02854e-16 5.98122e-05 0.000581396 0.00386358 0.0175633 0.0546461 0.11643 0.169937 0.169957 0.116529 0.0549784 0.0185236 0.00627569 0.0058528 0.010088 0.0166268 0.0240479 0.0304534 0.0339418 0.0336234 0.0301214 0.0250962 0.0201983 0.016283 0.0133464 0.0109754
 1.02395e-16 6.71283e-05 0.000652511 0.00433616 0.0197116 0.0613301 0.130671 0.190721 0.190734 0.130735 0.0615465 0.0203368 0.00590705 0.00408655 0.00660307 0.0108469 0.0157053 0.0199311 0.0222967 0.0222312 0.0201393 0.0170874 0.0141219 0.0117632 0.0099746 0.00846467
 1.00367e-16 7.91863e-05 0.000769719 0.00511506 0.0232523 0.0723466 0.154142 0.224976 0.224979 0.154157 0.0723968 0.0233973 0.00547897 0.00156433 0.00158884 0.00250276 0.00360094 0.0045351 0.00500918 0.0048882 0.00427324 0.00342998 0.00262714 0.00201095 0.0015884 0.00129163
 1.01128e-16 3.43544e-05 0.000333937 0.00221913 0.0100879 0.0313874 0.0668762 0.097619 0.097673 0.0671398 0.0322724 0.0126427 0.00862723 0.0143065 0.0265223 0.0436653 0.0625996 0.0780912 0.0848294 0.0803654 0.0666051 0.0485972 0.0316268 0.018842 0.0107615 0.00627455
 1.01367e-16 7.63242e-05 0.000741898 0.00493018 0.0224119 0.0697317 0.148571 0.216844 0.216847 0.148586 0.0697818 0.0225573 0.00529795 0.00155365 0.00164395 0.00266444 0.00398714 0.00533763 0.00647947 0.00728326 0.00776289 0.00799686 0.00801071 0.00773809 0.00709255 0.00607293
 1.01827e-16 5.44574e-05 0.000529346 0.00351769 0.0159909 0.0497539 0.106007 0.154727 0.154757 0.106155 0.0502501 0.0174235 0.00711122 0.00836585 0.0149135 0.0245066 0.0351532 0.0439072 0.0478115 0.0455184 0.0381153 0.0284325 0.0194009 0.0127186 0.00858626 0.00629376
 1.04163e-16 5.48193e-05 0.000532863 0.00354106 0.0160972 0.0500844 0.106711 0.155752 0.155774 0.106816 0.0504394 0.0171239 0.00612366 0.00618798 0.0108453 0.0179735 0.0261886 0.0335582 0.0381205 0.0389231 0.0365118 0.0324176 0.0281007 0.0242249 0.0206991 0.0171984
 1.0371e-16 6.54392e-05 0.000636093 0.00422706 0.0192156 0.0597869 0.127383 0.185922 0.185935 0.127448 0.0600059 0.0198485 0.00581806 0.00411685 0.0066985 0.0110298 0.0160231 0.0204486 0.0230976 0.0234171 0.021816 0.0193339 0.0169487 0.0150804 0.013588 0.0121097
 1.02553e-16 6.53077e-05 0.000634814 0.00421856 0.019177 0.0596668 0.127127 0.185549 0.185565 0.127205 0.0599283 0.0199324 0.00611518 0.00477675 0.0079364 0.01303 0.0187947 0.0237015 0.0262391 0.025715 0.0226614 0.018459 0.0144927 0.0114971 0.00947443 0.00803841
 1.064e-16 2.94108e-05 0.000285884 0.0018998 0.00863624 0.0268708 0.057253 0.0835727 0.0836221 0.0574943 0.0276815 0.0109784 0.00778125 0.0131332 0.0244524 0.0404395 0.0583945 0.0737294 0.081768 0.0803315 0.0709964 0.0579428 0.0453736 0.03554 0.0285194 0.0232739
 1.06138e-16 6.53312e-05 0.000635043 0.00422008 0.0191839 0.0596882 0.127172 0.185613 0.185621 0.127208 0.0598093 0.0195355 0.00511009 0.00260278 0.00387547 0.00649475 0.0097971 0.0132584 0.0163689 0.0188677 0.0208134 0.0223697 0.0235042 0.0239004 0.0231624 0.0211227
 1.05547e-16 5.59617e-05 0.000543967 0.00361485 0.0164326 0.0511281 0.108935 0.158999 0.159023 0.109055 0.0515311 0.0175966 0.00653623 0.00692067 0.0121651 0.020021 0.0288372 0.0362813 0.0400335 0.0390679 0.0342872 0.0279253 0.0221998 0.018249 0.0159736 0.0145879
 1.08513e-16 4.07928e-05 0.00039652 0.00263502 0.0119784 0.0372695 0.0794079 0.115905 0.115938 0.0795707 0.0378165 0.01356 0.00661097 0.0090962 0.0166222 0.0275698 0.0400723 0.0511478 0.0577599 0.0584821 0.0542771 0.0476946 0.0411815 0.0358699 0.0315637 0.0275334
 1.0591e-16 6.51438e-05 0.000633221 0.00420798 0.0191289 0.059517 0.126808 0.185082 0.185092 0.126857 0.0596837 0.0196117 0.00542467 0.00330527 0.00518714 0.00859692 0.012672 0.0165585 0.0194267 0.0208969 0.0212216 0.0210086 0.0207216 0.0203823 0.0196682 0.0182437
 1.04036e-16 6.14394e-05 0.000597213 0.00396869 0.0180411 0.0561327 0.119597 0.17456 0.174579 0.119692 0.0564513 0.0189614 0.00627905 0.00564144 0.0096437 0.0158529 0.0228505 0.028784 0.0318175 0.0311269 0.0273981 0.0223607 0.0177387 0.0144289 0.0123858 0.0110491
 1.08009e-16 3.16429e-05 0.00030758 0.00204398 0.00929167 0.0289101 0.0615976 0.0899128 0.0899573 0.061815 0.0296402 0.0114018 0.00734514 0.0118948 0.0220812 0.0365677 0.0529382 0.0671232 0.074973 0.0745489 0.0672213 0.0566184 0.046328 0.0381786 0.0321088 0.0271631
 1.16672e-16 3.81333e-05 0.000370669 0.00246323 0.0111975 0.0348397 0.0742304 0.108346 0.108366 0.0743301 0.0351756 0.0121725 0.00492812 0.00580986 0.0105399 0.0178149 0.0267176 0.0358259 0.0436725 0.0495434 0.053729 0.0569283 0.0593501 0.0603505 0.0588937 0.0543666
 1.0602e-16 7.12346e-05 0.000692425 0.00460141 0.0209173 0.0650817 0.138664 0.202385 0.202391 0.138694 0.0651823 0.0212087 0.00533504 0.0023016 0.00315052 0.00515849 0.00757722 0.00986573 0.01154 0.0124205 0.0127419 0.0129644 0.0134278 0.0141206 0.0147151 0.0147933
pSPR Fmed_Fpbrs
0.582112   0.233785 0.233785
Fs Fmed_Fpbrs
0.316544   1.005 1.005
SSBpbr Bo_Bmed_Bpbrs
1.73e+06  920557  317949 317949
Ro
151512
SPR SPRFo_SPRFmed_SPRFpbrs
1.083e+06 630426 253189
Fref
1.005
Nvult_r0
 182467 14503 6451.34 7645.59 2576.67
CTP_r0
 27530 2862.89 1294.5 1535.47 517.499
YTP_r0
391284
Np
 213776 81210.4 5856.87 2586.82 3941.35
Nvult_p0
 175133 70037.5 5067.27 2238.45 3410.61
CTP_p0
 72749.3 34728.3 2538.5 1121.98 1709.55
YTP_p0
 1.25747e+06
CBA_c0
651139
log_Ro
11.7484
likeval ReclasPelacesDesembMPH_pf_preclas_ppelaces_ptallas_desvR_qrecl_qpela
 11.4717 20.5474 0.02057 0.000843876 240.834 117.636 98.9699 0 27.6002 1.08987e-07 0 0.100656 0 0 0
q_reclas_q_pelaces
1.04789 1
M
1
N
 173933 42117.8 109627 7693.57 0.245721
 98660.2 56620.3 13081.2 33929.8 2380.81
 98771.9 28957 15236.9 3497.6 9705.22
 125592 29075.9 7824.61 4091.1 3543.69
 101931 31475.9 6287.91 1673.68 1632.09
 214874 32533.9 9512.87 1892.68 994.828
 79784.3 61263.3 8410.57 2441.4 740.76
 32795 16205.7 9904.77 1336.91 505.354
 36395.9 10865.3 5157.4 3142.74 584.446
 51962.3 8954.05 2290.2 1074.66 776.16
 98425.8 11322.9 1595.53 402.035 324.636
 135727 32560.9 3596.04 505.193 230.047
 111414 32797.8 6694.95 730.57 149.273
 77326.3 27717.2 7020.71 1417.2 186.133
 73900.8 14437.2 3987.87 990.737 226.019
 455335 16745.9 2715.74 739.833 225.564
 82863.7 119182 3845.85 617.661 219.451
 691127 24704.9 32776.1 1051.31 228.76
 393094 205383 6763.55 8918.68 348.204
 294967 107742 50274.5 1641.75 2248.38
 446916 82842.9 27279.2 12631.2 976.955
 589758 133612 22870 7486.32 3733.33
 110842 166976 34208.5 5811.71 2849.97
 355563 34927.1 49576.8 10112 2559.76
 289700 113689 10581.9 14960.3 3822.99
 128482 92634.3 34446.8 3193.42 5667.21
 306226 42147.6 29079.1 10778 2771.87
 350328 98056.1 12795.3 8792.97 4096.33
 92938 115245 30900.5 4019.32 4048.15
 65083.3 30748.4 36605.6 9785.31 2554.31
 263678 20359.9 9038.15 10710.1 3609.44
pred_Ctot
 12784.3 4204 11152.5 783.469 0.0250241
 12842.9 9856.69 2318.34 6018.98 422.365
 12703.7 4982.8 2669.31 613.319 1701.94
 26104.4 7906.36 2162.64 1131.71 980.328
 8629.87 3608.14 734.471 195.693 190.84
 31199.3 6291.1 1872.15 372.831 195.976
 23691.5 23173.1 3227.47 937.576 284.487
 2078.49 1398.54 871.353 117.732 44.5054
 7873.39 3067.41 1479.66 902.425 167.829
 13967.8 3092.45 802.925 377.067 272.343
 6322.83 990.208 142.237 35.8768 28.9714
 30458.6 9513.3 1067.55 150.102 68.3543
 23535.2 9054.99 1878.61 205.176 41.9242
 25415.5 11490.1 2950.58 596.035 78.2858
 18655.7 4705.76 1319.95 328.192 74.8742
 85364.1 4131.39 681.301 185.767 56.6404
 10101.4 19473.9 639.848 102.861 36.5478
 85443.3 4091.88 5527.43 177.465 38.6175
 64884.9 44897.6 1504.16 1985.26 77.5125
 45086.2 21885.6 10391.8 339.665 465.194
 53823.6 13378.3 4485.73 2079.04 160.811
 87736 26445.2 4606.52 1509.31 752.712
 10178.5 20720.9 4325.03 735.512 360.702
 29748.5 3957.62 5724.29 1168.73 295.869
 24229.4 12877.7 1221.4 1728.49 441.727
 8877.13 8701.9 3298.28 306.08 543.214
 25369.5 4730.01 3325.44 1233.79 317.321
 23641.5 9000.56 1197.16 823.534 383.676
 5965.2 10069.9 2752.38 358.375 360.966
 6238.51 3978.64 4825.33 1291.17 337.059
 27530 2862.89 1294.5 1535.47 517.499
F
 0.122305 0.169294 0.172788 0.172976 0.172985
 0.225868 0.312646 0.319098 0.319445 0.319464
 0.222901 0.30854 0.314907 0.31525 0.315268
 0.38382 0.531282 0.542247 0.542836 0.542867
 0.142015 0.196577 0.200634 0.200852 0.200863
 0.254872 0.352794 0.360075 0.360466 0.360487
 0.593965 0.822164 0.839132 0.840045 0.840093
 0.104703 0.14493 0.147921 0.148082 0.14809
 0.402351 0.556933 0.568427 0.569045 0.569078
 0.523695 0.724897 0.739857 0.740662 0.740704
 0.106191 0.146989 0.150023 0.150186 0.150194
 0.420286 0.581759 0.593765 0.594411 0.594445
 0.3912 0.541498 0.552673 0.553274 0.553306
 0.678224 0.938796 0.958171 0.959213 0.959268
 0.484573 0.670745 0.684588 0.685332 0.685372
 0.340382 0.471156 0.48088 0.481403 0.481431
 0.210195 0.290952 0.296956 0.297279 0.297296
 0.213448 0.295454 0.301551 0.301879 0.301897
 0.294307 0.407379 0.415786 0.416239 0.416262
 0.269916 0.373617 0.381328 0.381743 0.381765
 0.207429 0.287122 0.293048 0.293366 0.293383
 0.261862 0.362469 0.36995 0.370352 0.370373
 0.154839 0.214328 0.218751 0.218989 0.219002
 0.140239 0.194119 0.198125 0.198341 0.198352
 0.140187 0.194046 0.198051 0.198267 0.198278
 0.114608 0.158639 0.161913 0.16209 0.162099
 0.138783 0.192103 0.196067 0.196281 0.196292
 0.111811 0.154768 0.157962 0.158134 0.158143
 0.106096 0.146858 0.149889 0.150052 0.15006
 0.162103 0.224382 0.229013 0.229262 0.229275
 0.177685 0.245951 0.251027 0.2513 0.251314
nmprior
 8.19 8.8 8.5 0
nm_flota  nm_reclas  nm_pelaces    nm_pelaL
inf 13.8645 16.3528 37.8155
cv_recla  cv_pelaces  cv_mph
0.306365 0.513986 0.896489
 ------------------------------------------------
Talla a la edad & desviaci?n 
 8 13.2811 15.8009 17.003 17.5766
 0.8 1.32811 1.58009 1.7003 1.75766
