years
 1991 1992 1993 1994 1995 1996 1997 1998 1999 2000 2001 2002 2003 2004 2005 2006 2007 2008 2009 2010 2011 2012 2013 2014 2015 2016 2017 2018 2019 2020 2021
reclasobs
 0 0 0 0 0 0 0 0 0 252601 567819 844713 477998 351125 339783 2.1784e+06 2.13404e+06 4.81314e+06 1.55562e+06 2.62356e+06 3.21686e+06 3.843e+06 1.13348e+06 3.07943e+06 1.97215e+06 2.03268e+06 2.025e+06 2.42433e+06 2.27542e+06 1.05018e+06 2.36338e+06
reclaspred
 5.17367e+06 3.03267e+06 1.55549e+06 1.81486e+06 2.21122e+06 3.11473e+06 2.35958e+06 2.02386e+06 1.38525e+06 941719 730993 801392 782643 659398 696604 1.37655e+06 1.65221e+06 2.91128e+06 2.60432e+06 2.0377e+06 3.55289e+06 2.82116e+06 2.52646e+06 3.49326e+06 2.81666e+06 2.61523e+06 2.82808e+06 2.77416e+06 2.66974e+06 1.87392e+06 2.61023e+06
pelacesobs
 0 0 0 0 0 0 0 0 0 0 0 0 0 0 0 552880 188675 0 991730 2.46772e+06 1.41603e+06 1.21717e+06 2.29649e+06 1.80582e+06 0 1.4828e+06 1.56532e+06 1.57751e+06 1.42118e+06 867257 1.10002e+06
pelacespred
 2.52093e+06 1.64994e+06 868795 857215 1.02777e+06 1.51589e+06 1.1656e+06 1.09489e+06 774903 507673 413575 366257 382378 347493 380947 626253 721358 1.4369e+06 1.35556e+06 993578 1.60084e+06 1.45676e+06 1.25087e+06 1.89501e+06 1.49559e+06 1.35673e+06 1.6796e+06 1.66723e+06 1.26868e+06 1.00405e+06 1.4393e+06
mphobs
 0 0 0 0 0 0 0 0 0 0 0 498337 0 5186 125008 0 168611 109162 213762 579715 649985 157893 87575 83554 0 0 0 0 0 0 0
mphpred
 4.88951e+06 3.33206e+06 1.74297e+06 972985 1.56734e+06 1.93509e+06 2.37602e+06 1.67956e+06 1.36382e+06 902167 560157 588046 566936 497342 387672 523446 1.24624e+06 1.33014e+06 2.13547e+06 1.71151e+06 1.88649e+06 2.32055e+06 2.14599e+06 1.89101e+06 2.56029e+06 2.12041e+06 1.8257e+06 1.88611e+06 2.45575e+06 1.7721e+06 1.26701e+06
desembarqueobs
 494567 514787 250237 358949 120608 361735 552515 73892 212993 205616 52469 317467 293654 387597 252695 516296 358380 742168 942051 627588 828172 859565 418607 520667 417249 300574 407403 355545 319650 289779 391294
desembarquepred
 494573 512509 251644 358958 120609 361752 552607 73894.5 213046 205675 52471.8 317584 293748 387721 252716 516325 358418 742139 942034 627572 828302 859712 418644 520712 417277 300590 407425 355555 319667 289804 391303
Reclutas
 265542 155770 149615 461724 355907 458039 190153 91179.8 69784.6 85463.4 131292 164948 150575 113839 124609 518612 156290 740744 507666 379839 556361 713574 191151 472896 402844 203105 403392 423786 158992 132014 457412
log_desv_Rt
 0.0782592 -0.455134 -0.495452 0.631452 0.371156 0.623441 -0.255688 -0.990681 -1.2581 -1.05543 -0.626088 -0.397886 -0.489052 -0.768728 -0.678336 0.747641 -0.451803 1.10414 0.72631 0.436234 0.817902 1.06677 -0.250451 0.655361 0.495035 -0.189792 0.496394 0.545715 -0.434659 -0.620605 0.622069
SSB
 4.88951e+06 3.33206e+06 1.74297e+06 972985 1.56734e+06 1.93509e+06 2.37602e+06 1.67956e+06 1.36382e+06 902167 560157 588046 566936 497342 387672 523446 1.24624e+06 1.33014e+06 2.13547e+06 1.71151e+06 1.88649e+06 2.32055e+06 2.14599e+06 1.89101e+06 2.56029e+06 2.12041e+06 1.8257e+06 1.88611e+06 2.45575e+06 1.7721e+06 1.26701e+06
BT
 6.45465e+06 4.45821e+06 2.33261e+06 2.60241e+06 2.7425e+06 4.3212e+06 3.37406e+06 2.82902e+06 2.13751e+06 1.47552e+06 1.12313e+06 1.23754e+06 1.2855e+06 1.34531e+06 1.31062e+06 2.19841e+06 2.14568e+06 4.64851e+06 4.5034e+06 3.11648e+06 5.00801e+06 4.61613e+06 3.55037e+06 5.66685e+06 4.19259e+06 3.74593e+06 4.96612e+06 4.87723e+06 3.40707e+06 2.77148e+06 4.35109e+06
Ftot
 0.0859451 0.152011 0.144446 0.158135 0.0455043 0.0955383 0.201549 0.0318228 0.133675 0.187452 0.0592099 0.318928 0.302151 0.459113 0.279496 0.281521 0.178713 0.199081 0.290025 0.25141 0.18916 0.245308 0.140265 0.119593 0.123779 0.0971535 0.116292 0.10193 0.103754 0.133905 0.117759
BD_Bspro_t
 0.986343 0.896929 0.784661 0.723093 0.778226 0.834669 0.824188 0.735611 0.76659 0.72779 0.68835 0.771122 0.648332 0.568862 0.489309 0.559889 0.658404 0.65897 0.70486 0.626023 0.604149 0.648388 0.656885 0.665225 0.753799 0.761504 0.775107 0.801476 0.830983 0.782661 0.746296
BD_Bspro
 2.78573 1.89839 0.993035 0.554345 0.892969 1.10249 1.3537 0.956909 0.777019 0.513997 0.319142 0.335031 0.323004 0.283354 0.220871 0.298226 0.710027 0.757831 1.21666 0.975111 1.0748 1.3221 1.22265 1.07738 1.45869 1.20807 1.04017 1.07458 1.39913 1.00963 0.721864
BD_Bo
 1.99737 1.36115 0.712006 0.397465 0.640259 0.790484 0.970606 0.686103 0.557122 0.368536 0.228825 0.240217 0.231594 0.203165 0.158364 0.213828 0.509089 0.543364 0.872342 0.699154 0.770632 0.947946 0.876638 0.772481 1.04588 0.866187 0.745801 0.770475 1.00318 0.723903 0.517576
BD_Brms
 14.3648 9.78919 5.12065 2.85851 4.60465 5.68506 6.98046 4.93436 4.00675 2.65046 1.64568 1.72761 1.66559 1.46113 1.13893 1.53782 3.6613 3.9078 6.27377 5.02822 5.54228 6.8175 6.30466 5.55558 7.52182 6.2295 5.3637 5.54115 7.21471 5.20621 3.72234
Sel_flota
 0.910453 1 1 1 1
 0.910453 1 1 1 1
 0.910453 1 1 1 1
 0.910453 1 1 1 1
 0.910453 1 1 1 1
 0.910453 1 1 1 1
 0.910453 1 1 1 1
 0.910453 1 1 1 1
 0.910453 1 1 1 1
 0.910453 1 1 1 1
 0.910453 1 1 1 1
 0.910453 1 1 1 1
 0.910453 1 1 1 1
 0.910453 1 1 1 1
 0.910453 1 1 1 1
 0.910453 1 1 1 1
 0.910453 1 1 1 1
 0.910453 1 1 1 1
 0.910453 1 1 1 1
 0.910453 1 1 1 1
 0.910453 1 1 1 1
 0.910453 1 1 1 1
 0.910453 1 1 1 1
 0.910453 1 1 1 1
 0.910453 1 1 1 1
 0.910453 1 1 1 1
 0.910453 1 1 1 1
 0.910453 1 1 1 1
 0.910453 1 1 1 1
 0.910453 1 1 1 1
 0.910453 1 1 1 1
Sel_reclas
 0.683313 0.915675 0.98203 0.996377 0.999278
 0.683313 0.915675 0.98203 0.996377 0.999278
 0.683313 0.915675 0.98203 0.996377 0.999278
 0.683313 0.915675 0.98203 0.996377 0.999278
 0.683313 0.915675 0.98203 0.996377 0.999278
 0.683313 0.915675 0.98203 0.996377 0.999278
 0.683313 0.915675 0.98203 0.996377 0.999278
 0.683313 0.915675 0.98203 0.996377 0.999278
 0.683313 0.915675 0.98203 0.996377 0.999278
 0.683313 0.915675 0.98203 0.996377 0.999278
 0.683313 0.915675 0.98203 0.996377 0.999278
 0.683313 0.915675 0.98203 0.996377 0.999278
 0.683313 0.915675 0.98203 0.996377 0.999278
 0.683313 0.915675 0.98203 0.996377 0.999278
 0.683313 0.915675 0.98203 0.996377 0.999278
 0.683313 0.915675 0.98203 0.996377 0.999278
 0.683313 0.915675 0.98203 0.996377 0.999278
 0.683313 0.915675 0.98203 0.996377 0.999278
 0.683313 0.915675 0.98203 0.996377 0.999278
 0.683313 0.915675 0.98203 0.996377 0.999278
 0.683313 0.915675 0.98203 0.996377 0.999278
 0.683313 0.915675 0.98203 0.996377 0.999278
 0.683313 0.915675 0.98203 0.996377 0.999278
 0.683313 0.915675 0.98203 0.996377 0.999278
 0.683313 0.915675 0.98203 0.996377 0.999278
 0.683313 0.915675 0.98203 0.996377 0.999278
 0.683313 0.915675 0.98203 0.996377 0.999278
 0.683313 0.915675 0.98203 0.996377 0.999278
 0.683313 0.915675 0.98203 0.996377 0.999278
 0.683313 0.915675 0.98203 0.996377 0.999278
 0.683313 0.915675 0.98203 0.996377 0.999278
Sel_pelaces
 0.754635 0.939314 0.987325 0.997456 0.999493
 0.754635 0.939314 0.987325 0.997456 0.999493
 0.754635 0.939314 0.987325 0.997456 0.999493
 0.754635 0.939314 0.987325 0.997456 0.999493
 0.754635 0.939314 0.987325 0.997456 0.999493
 0.754635 0.939314 0.987325 0.997456 0.999493
 0.754635 0.939314 0.987325 0.997456 0.999493
 0.754635 0.939314 0.987325 0.997456 0.999493
 0.754635 0.939314 0.987325 0.997456 0.999493
 0.754635 0.939314 0.987325 0.997456 0.999493
 0.754635 0.939314 0.987325 0.997456 0.999493
 0.754635 0.939314 0.987325 0.997456 0.999493
 0.754635 0.939314 0.987325 0.997456 0.999493
 0.754635 0.939314 0.987325 0.997456 0.999493
 0.754635 0.939314 0.987325 0.997456 0.999493
 0.754635 0.939314 0.987325 0.997456 0.999493
 0.754635 0.939314 0.987325 0.997456 0.999493
 0.754635 0.939314 0.987325 0.997456 0.999493
 0.754635 0.939314 0.987325 0.997456 0.999493
 0.754635 0.939314 0.987325 0.997456 0.999493
 0.754635 0.939314 0.987325 0.997456 0.999493
 0.754635 0.939314 0.987325 0.997456 0.999493
 0.754635 0.939314 0.987325 0.997456 0.999493
 0.754635 0.939314 0.987325 0.997456 0.999493
 0.754635 0.939314 0.987325 0.997456 0.999493
 0.754635 0.939314 0.987325 0.997456 0.999493
 0.754635 0.939314 0.987325 0.997456 0.999493
 0.754635 0.939314 0.987325 0.997456 0.999493
 0.754635 0.939314 0.987325 0.997456 0.999493
 0.754635 0.939314 0.987325 0.997456 0.999493
 0.754635 0.939314 0.987325 0.997456 0.999493
pf_obs 
 0.8446 0.082 0.0669 0.0065 0
 0.8095 0.147 0.0364 0.0071 0
 0.9664 0.0169 0.016 0.0007 0
 0.9276 0.0648 0.0075 0.0001 0
 0.7033 0.2144 0.0806 0.0017 0
 0.9318 0.0425 0.0243 0.0014 0
 0.5671 0.3108 0.0964 0.0239 0.0018
 0.0768 0.2599 0.5324 0.112 0.0189
 0.490249 0.384438 0.106611 0.0170017 0.00170017
 0.7925 0.1577 0.0466 0.003 0.0002
 0.840416 0.127587 0.0312969 0.00059994 9.999e-05
 0.8084 0.0986 0.0794 0.0134 0.0002
 0.7335 0.1905 0.0724 0.0035 0.0001
 0.4001 0.4547 0.1325 0.0127 0
 0.49795 0.308269 0.164784 0.0264974 0.00249975
 0.9179 0.0499 0.0305 0.0017 0
 0.2467 0.6533 0.0926 0.0074 0
 0.9418 0.0223 0.034 0.0019 0
 0.707729 0.231977 0.0356964 0.0245975 0
 0.517169 0.277429 0.184464 0.0207286 0.00020938
 0.811772 0.124168 0.05621 0.00726502 0.000585176
 0.764997 0.148141 0.077277 0.00933861 0.000247198
 0.163321 0.427699 0.378323 0.0303852 0.000271297
 0.753843 0.0900009 0.118128 0.0371064 0.000921714
 0.721811 0.176058 0.0630433 0.0369309 0.00215725
 0.143369 0.312575 0.442814 0.0836902 0.0175525
 0.692698 0.0596174 0.167031 0.0765114 0.00414204
 0.394062 0.376323 0.152708 0.0712218 0.00568511
 0.125707 0.32114 0.495352 0.0537591 0.00404204
 0.23352 0.215282 0.420074 0.123614 0.00750983
 0.774587 0.0839891 0.0768558 0.0609784 0.00358967
pf_pred 
 0.450929 0.0941597 0.434362 0.0205478 9.23962e-07
 0.428721 0.271572 0.0513965 0.237094 0.0112164
 0.55466 0.202112 0.115625 0.0218826 0.105721
 0.835467 0.095358 0.0313942 0.0179601 0.0198208
 0.652015 0.295454 0.0304455 0.0100234 0.0120625
 0.691718 0.207631 0.0854567 0.00880601 0.0063881
 0.44576 0.394835 0.107361 0.0441876 0.00785652
 0.402398 0.281903 0.224901 0.0611537 0.0296447
 0.454691 0.23206 0.147767 0.117888 0.0475945
 0.623156 0.180811 0.0834232 0.0531208 0.0594893
 0.745223 0.164893 0.0431263 0.0198978 0.0268594
 0.716933 0.216032 0.0433853 0.011347 0.0123023
 0.692863 0.226953 0.0611954 0.0122898 0.00669916
 0.641766 0.256423 0.0752314 0.0202854 0.00629454
 0.735373 0.176948 0.0627606 0.0184132 0.00650554
 0.910271 0.0678367 0.0146389 0.00519217 0.00206152
 0.471239 0.485818 0.0324656 0.00700595 0.0034715
 0.873575 0.0628385 0.0584223 0.00390416 0.00125997
 0.645052 0.314011 0.0203473 0.0189173 0.00167216
 0.619691 0.254695 0.111127 0.00720081 0.00728651
 0.747351 0.162868 0.0601265 0.026234 0.00342006
 0.744614 0.195744 0.0384479 0.0141939 0.00700036
 0.389073 0.467007 0.110309 0.0216668 0.0119438
 0.74283 0.106312 0.115319 0.0272389 0.00829955
 0.64263 0.272134 0.035236 0.0382212 0.0117788
 0.482548 0.344279 0.131869 0.0170745 0.0242287
 0.732313 0.135791 0.0877552 0.0336129 0.010528
 0.685546 0.236296 0.0396476 0.0256223 0.012888
 0.419466 0.410163 0.128025 0.0214811 0.0208649
 0.501815 0.221104 0.195765 0.0611047 0.0202112
 0.836794 0.0860122 0.03426 0.0303337 0.0125999
pobs_RECLAS
 0 0 0 0 0
 0 0 0 0 0
 0 0 0 0 0
 0 0 0 0 0
 0 0 0 0 0
 0 0 0 0 0
 0 0 0 0 0
 0 0 0 0 0
 0 0 0 0 0
 0 0 0 0 0
 0.991045 0.00858322 0.000360255 1.14367e-05 0
 0.934742 0.0480273 0.0164251 0.00080598 0
 0.827803 0.169806 0.00239088 0 0
 0.941827 0.0461693 0.0120037 0 0
 0.791401 0.0380133 0.147996 0.0225897 0
 0.846168 0.0940531 0.0597789 0 0
 0.134021 0.677848 0.182769 0.00536245 0
 0.80878 0.0450904 0.141981 0.00414843 0
 0.846168 0.0940531 0.0597789 0 0
 0.905697 0.0802665 0.012482 0.00150086 5.37128e-05
 0.989698 0.0102097 9.19794e-05 0 0
 0.975433 0.0193895 0.00387452 0.00125025 5.28907e-05
 0.303575 0.632131 0.0575291 0.00676475 0
 0.966965 0.00978017 0.0227588 0.000495775 0
 0.843318 0.132988 0.00938335 0.0141283 0.000182051
 0.564624 0.303363 0.111486 0.0197234 0.00080311
 0.826376 0.0876187 0.0782897 0.00655872 0.00115652
 0.89761 0.0855135 0.0140674 0.00269457 0.000114338
 0.34875 0.467042 0.161289 0.0227151 0.000203297
 0.318654 0.224769 0.449479 0.00709798 0
 0.937255 0.0296025 0.0250945 0.00804832 0
ppred_RECLAS
 0.388412 0.0988857 0.48922 0.023481 1.05893e-06
 0.370842 0.286238 0.0580975 0.271921 0.0129015
 0.494495 0.219576 0.134719 0.0258687 0.125342
 0.801142 0.111414 0.0393382 0.0228336 0.0252724
 0.602858 0.333177 0.0368207 0.0122994 0.0148446
 0.642408 0.235083 0.103767 0.010849 0.00789307
 0.392439 0.423355 0.123458 0.0515552 0.00919314
 0.346571 0.296149 0.253388 0.0699062 0.0339863
 0.39529 0.245866 0.167904 0.13591 0.0550302
 0.565545 0.199882 0.0989053 0.0638993 0.0717684
 0.69983 0.188838 0.0529679 0.0247956 0.0335682
 0.671503 0.246124 0.0530105 0.014067 0.0152957
 0.645132 0.257092 0.0743456 0.0151488 0.00828167
 0.590813 0.286642 0.0901915 0.0246745 0.00767877
 0.69008 0.202069 0.076864 0.0228804 0.00810739
 0.891079 0.0808093 0.018702 0.0067302 0.00267997
 0.420983 0.528706 0.0378919 0.00829639 0.0041229
 0.845447 0.0740698 0.0738545 0.00500755 0.00162077
 0.596745 0.353467 0.0245637 0.023171 0.00205412
 0.566433 0.283392 0.132608 0.00871829 0.00884774
 0.702663 0.186522 0.0738488 0.032692 0.00427437
 0.701668 0.224549 0.0473019 0.0177177 0.00876371
 0.339219 0.496188 0.125695 0.0250496 0.0138487
 0.694025 0.121067 0.14084 0.0337531 0.0103143
 0.591344 0.305212 0.0423827 0.046645 0.0144167
 0.427201 0.371573 0.152637 0.0200522 0.028537
 0.683681 0.154525 0.107098 0.0416212 0.0130743
 0.636786 0.267569 0.0481483 0.0315705 0.0159262
 0.366955 0.437411 0.146424 0.0249272 0.0242826
 0.442105 0.237399 0.225424 0.0713902 0.023682
 0.80198 0.100477 0.0429219 0.0385582 0.0160627
pobs_PELACES
 0 0 0 0 0
 0 0 0 0 0
 0 0 0 0 0
 0 0 0 0 0
 0 0 0 0 0
 0 0 0 0 0
 0 0 0 0 0
 0 0 0 0 0
 0 0 0 0 0
 0 0 0 0 0
 0 0 0 0 0
 0 0 0 0 0
 0 0 0 0 0
 0 0 0 0 0
 0 0 0 0 0
 0 0 0 0 0
 0.505614 0.472636 0.0217494 0 0
 0 0 0 0 0
 0.443492 0.261883 0.143347 0.151278 0
 0.227955 0.32914 0.350689 0.0885471 0.00366901
 0.970185 0.0296113 0.000203453 0 0
 0.997202 0.00247181 0.000326279 0 0
 0.445219 0.490057 0.0546422 0.010081 0
 0.90214 0.0892962 0.00764917 0.000914606 0
 0 0 0 0 0
 0.581667 0.319106 0.0959925 0.00289975 0.000334073
 0.762889 0.0836404 0.116647 0.0363945 0.000428098
 0.88444 0.0763242 0.0277011 0.0115352 0
 0.521256 0.241999 0.230069 0.00667565 0
 0.616807 0.101726 0.260614 0.0208532 0
 0.833518 0.0704572 0.0857862 0.0102388 0
ppred_PELACES
 0.410799 0.096899 0.469846 0.0224545 1.01176e-06
 0.392344 0.280031 0.0557062 0.259612 0.0123068
 0.517205 0.212414 0.12773 0.0244216 0.118229
 0.81485 0.104768 0.0362553 0.0209539 0.023172
 0.621532 0.318634 0.0345124 0.0114789 0.0138423
 0.661398 0.224182 0.0969847 0.0100965 0.0073392
 0.41318 0.411564 0.11763 0.0489109 0.00871408
 0.366387 0.290537 0.243637 0.0669281 0.0325102
 0.417248 0.240112 0.16071 0.129529 0.0524011
 0.587904 0.191937 0.0930832 0.0598801 0.0671959
 0.717149 0.179432 0.0493273 0.0229924 0.0311
 0.69075 0.232963 0.0491769 0.0129937 0.0141165
 0.665128 0.244016 0.0691595 0.0140317 0.00766431
 0.613256 0.272641 0.0840781 0.0229034 0.00712144
 0.708878 0.191221 0.0712897 0.0211301 0.00748071
 0.899299 0.0751257 0.0170405 0.00610598 0.0024293
 0.44082 0.511527 0.0359309 0.00783329 0.00388939
 0.856881 0.0693222 0.0677445 0.00457359 0.00147903
 0.617042 0.336593 0.0229254 0.0215329 0.00190725
 0.587986 0.271226 0.124389 0.00814284 0.00825658
 0.720588 0.176683 0.0685605 0.0302208 0.00394786
 0.719429 0.212311 0.0438334 0.0163481 0.00807928
 0.358104 0.484538 0.1203 0.0238717 0.0131861
 0.712812 0.115091 0.131223 0.0313135 0.00956055
 0.611278 0.291987 0.039739 0.043548 0.0134478
 0.447891 0.360819 0.145269 0.0190024 0.0270196
 0.702447 0.146966 0.0998316 0.0386309 0.0121244
 0.655678 0.255139 0.0449975 0.029378 0.0148074
 0.386533 0.426662 0.139982 0.0237284 0.0230948
 0.464408 0.230721 0.214721 0.0677091 0.0224414
 0.81564 0.0945897 0.0396024 0.0354236 0.0147441
pobs_pel_tallas
 0 0 0 0 0 0 0 0 0 0 0 0 0 0 0 0 0 0 0 0 0 0 0 0 0 0
 0 0 0 0 0 0 0 0 0 0 0 0 0 0 0 0 0 0 0 0 0 0 0 0 0 0
 0 0 0 0 0 0 0 0 0 0 0 0 0 0 0 0 0 0 0 0 0 0 0 0 0 0
 0 0 0 0 0 0 0 0 0 0 0 0 0 0 0 0 0 0 0 0 0 0 0 0 0 0
 0 0 0 0 0 0 0 0 0 0 0 0 0 0 0 0 0 0 0 0 0 0 0 0 0 0
 0 0 0 0 0 0 0 0 0 0 0 0 0 0 0 0 0 0 0 0 0 0 0 0 0 0
 0 0 0 0 0 0 0 0 0 0 0 0 0 0 0 0 0 0 0 0 0 0 0 0 0 0
 0 0 0 0 0 0 0 0 0 0 0 0 0 0 0 0 0 0 0 0 0 0 0 0 0 0
 0 0 0 0 0 0 0 0 0 0 0 0 0 0 0 0 0 0 0 0 0 0 0 0 0 0
 0 0 0 0 0 0 0 0 0 0 0 0 0 0 0 0 0 0 0 0 0 0 0 0 0 0
 0 0 0 0 0 0 0 0 0 0 0 0 0 0 0 0 0 0 0 0 0 0 0 0 0 0
 0 0 0 0 0 0 0 0 0 0 0 0 0 0 0 0 0 0 0 0 0 0 0 0 0 0
 0.00862536 0 0 0.000197151 0.00414017 0.0128641 0.00837892 0.0270097 0.101434 0.158115 0.152841 0.127902 0.109271 0.109419 0.0830992 0.0579132 0.0238553 0.00714673 0.00463305 0.00128148 0.00103504 0.000492878 0.000147863 0.000147863 4.92878e-05 0
 0 0 0 0 0 0 0 0 0 0 0 0 0 0 0 0 0 0 0 0 0 0 0 0 0 0
 0 0 0 0 0 0 0 0.0054083 0.00873648 0.0413646 0.0450493 0.0745869 0.0622846 0.0627006 0.0613931 0.0827291 0.12552 0.122667 0.0946155 0.0697135 0.0546179 0.0294188 0.0215738 0.0213955 0.0102223 0.00600262
 0 0 0 0 0.00359764 0.0251062 0.0480494 0.140153 0.205849 0.193036 0.1447 0.116669 0.0760912 0.0342217 0.00950174 0.001854 0.000860785 0 0 0 0.000165536 0 0.000143464 0 0 0
 0 0 0 0 0 0 0 0.000145254 0.000435761 0.0275982 0.070085 0.0708112 0.156366 0.174668 0.174014 0.160142 0.0824315 0.0480064 0.0283245 0.00493863 0.00203355 0 0 0 0 0
 0 0 0 0 0 0 0 0 0 0 0 0 0 0 0 0 0 0 0 0 0 0 0 0 0 0
 0 0 1.00437e-05 0.000401748 0.00122533 0.00171747 0.00176769 0.0269171 0.070346 0.194647 0.189555 0.159765 0.064822 0.0314167 0.0384472 0.0292271 0.0345202 0.0313363 0.0194345 0.0106764 0.0143323 0.0359363 0.0279516 0.0138201 0.00172751 0
 0 0.0021121 0.0136068 0.0755702 0.200478 0.177729 0.0527432 0.0373336 0.0318909 0.0142505 0.0149659 0.0166563 0.0217959 0.0798694 0.0677717 0.0528807 0.04013 0.0224614 0.0357745 0.0225083 0.00881397 0.00855152 0.00135912 0.000746735 0 0
 0 0 0 0 5.4009e-05 0.00500934 0.000945158 0.0243581 0.138947 0.33067 0.221406 0.137944 0.0707744 0.0437923 0.0131692 0.00525238 0.0047753 0.00276346 9.45158e-05 9.00151e-06 2.25038e-05 9.00151e-06 4.50075e-06 0 0 0
 0.000866109 0.00284123 0.00948549 0.0512746 0.133035 0.25785 0.225252 0.132002 0.0553304 0.0519788 0.0540692 0.017754 0.00435017 0.00159236 0.00146478 0.000404838 0.000125132 0.000115318 0.000107957 0.000100596 0 0 0 0 0 0
 0 0 0 0 0.00144013 0.00171154 0.00461396 0.0210425 0.0478622 0.0707936 0.0888783 0.103762 0.0637923 0.0337046 0.0602308 0.124433 0.169614 0.0934646 0.0462172 0.0250306 0.0313229 0.00938855 0.002487 0.000210481 0 0
 0 0.00764035 0.051015 0.0998891 0.058973 0.0496711 0.0374665 0.0718981 0.12319 0.153886 0.159021 0.0857701 0.0377988 0.023471 0.0147837 0.00900784 0.00315554 0.000888139 0.00291439 0.00214683 0.00393193 0.00274676 0.000635225 9.99891e-05 0 0
 0 0 0 0 0 0 0 0 0 0 0 0 0 0 0 0 0 0 0 0 0 0 0 0 0 0
 0 0 0 0 0 0 0 0 0 0 0 0 0 0 0 0 0 0 0 0 0 0 0 0 0 0
 0 0 0 0 0 0 0 0 0 0 0 0 0 0 0 0 0 0 0 0 0 0 0 0 0 0
 0 0 0 0 0 0 0 0 0 0 0 0 0 0 0 0 0 0 0 0 0 0 0 0 0 0
 0 0 0 0 0 0 0 0 0 0 0 0 0 0 0 0 0 0 0 0 0 0 0 0 0 0
 0 0 0 0 0 0 0 0 0 0 0 0 0 0 0 0 0 0 0 0 0 0 0 0 0 0
 0 0 0 0 0 0 0 0 0 0 0 0 0 0 0 0 0 0 0 0 0 0 0 0 0 0
ppred_pel_tallas
 1.15836e-16 3.3837e-05 0.000328908 0.00218571 0.00993592 0.0309144 0.0658667 0.0961365 0.0961466 0.0659162 0.0310824 0.0104304 0.00346087 0.00322506 0.00586292 0.0104941 0.017099 0.025623 0.0358728 0.0475055 0.059789 0.0712483 0.0796598 0.0827187 0.0791212 0.0693421
 1.29798e-16 3.23169e-05 0.000314132 0.00208752 0.00948958 0.0295258 0.0629087 0.0918228 0.0918499 0.0630413 0.0299711 0.0107776 0.00532758 0.0074119 0.0135896 0.0226328 0.0331534 0.0429642 0.0499823 0.0535617 0.0549966 0.0566114 0.0600759 0.0652288 0.0701836 0.0724595
 1.26198e-16 4.26016e-05 0.000414102 0.00275186 0.0125096 0.038922 0.0829281 0.12104 0.121061 0.0830291 0.0392617 0.0134931 0.00522989 0.00585476 0.0104685 0.017489 0.0257918 0.0337454 0.0397555 0.0432211 0.0449112 0.0463477 0.0486688 0.0518688 0.054888 0.0563061
 1.07096e-16 6.71182e-05 0.000652413 0.00433551 0.0197086 0.0613209 0.130651 0.190691 0.190701 0.130701 0.0614874 0.0201904 0.00554713 0.00330515 0.00512854 0.00843544 0.0122985 0.0158024 0.0180765 0.0187611 0.0182255 0.0172909 0.0166739 0.016587 0.016738 0.016624
 1.04572e-16 5.11949e-05 0.000497632 0.00330694 0.0150329 0.0467731 0.0996562 0.145458 0.145488 0.0998062 0.0472767 0.0164872 0.00695694 0.00846366 0.0151746 0.024992 0.0359671 0.0451726 0.0496664 0.0481102 0.0415786 0.0328422 0.0247168 0.0187535 0.0150232 0.0127481
 1.05111e-16 5.44785e-05 0.000529551 0.00351905 0.0159971 0.0497731 0.106048 0.154784 0.154806 0.106154 0.0501297 0.0170285 0.00611304 0.0062086 0.0108879 0.0180385 0.0262703 0.0336406 0.0381845 0.0389647 0.0365636 0.0325605 0.0284517 0.0248997 0.0217633 0.0186303
 1.0988e-16 3.40332e-05 0.000330815 0.00219838 0.00999356 0.0310939 0.0662503 0.0967025 0.0967423 0.0664447 0.0317469 0.0118811 0.00694161 0.0107029 0.0197844 0.0327914 0.04756 0.0605021 0.0679748 0.0683062 0.0627455 0.0544895 0.0466064 0.0405128 0.0359104 0.0317535
 1.19319e-16 3.01789e-05 0.00029335 0.00194941 0.00886176 0.0275724 0.0587469 0.0857488 0.0857771 0.0588856 0.0280389 0.0102136 0.00535948 0.00779297 0.0144368 0.0242492 0.0359415 0.0473365 0.0562022 0.0614987 0.0638494 0.0647534 0.0652329 0.0650896 0.0632752 0.0588642
 1.26557e-16 3.43682e-05 0.000334071 0.00222002 0.0100919 0.0313998 0.0669015 0.0976495 0.0976729 0.0670159 0.0317847 0.0112071 0.00503206 0.00651601 0.0119045 0.0199735 0.0296058 0.039046 0.0465704 0.0515316 0.0547255 0.0576477 0.0612203 0.0650293 0.0675909 0.0672947
 1.20112e-16 4.84249e-05 0.000470707 0.00312802 0.0142195 0.0442423 0.0942636 0.137584 0.137603 0.0943547 0.0445486 0.0151061 0.00536057 0.00536809 0.00942086 0.0156907 0.0230666 0.0300338 0.0351223 0.0377774 0.0387096 0.0393362 0.0407382 0.0429543 0.0450571 0.045795
 1.09039e-16 5.90706e-05 0.000574188 0.00381568 0.0173455 0.0539685 0.114986 0.167829 0.167847 0.115071 0.0542533 0.0181687 0.00588455 0.00509925 0.00867923 0.014326 0.0208041 0.0265414 0.029993 0.0304954 0.0286685 0.0259661 0.0237334 0.0225063 0.0219707 0.0214137
 1.05171e-16 5.68962e-05 0.000553051 0.00367522 0.016707 0.0519819 0.110754 0.161653 0.161676 0.110864 0.0523509 0.0177732 0.00635302 0.00640369 0.0111831 0.0184374 0.0266487 0.0337148 0.0375338 0.0371478 0.0333037 0.0279143 0.0228684 0.0191224 0.0166046 0.0147195
 1.04763e-16 5.47858e-05 0.000532537 0.0035389 0.0160873 0.0500538 0.106646 0.155658 0.155681 0.106761 0.0504408 0.017206 0.00634969 0.00667769 0.0117525 0.0194134 0.0281262 0.0357179 0.0400017 0.0399605 0.0363179 0.0309757 0.0257951 0.0216943 0.0185945 0.0159632
 1.05999e-16 5.05131e-05 0.000491006 0.00326291 0.0148327 0.0461502 0.0983289 0.143519 0.143546 0.0984577 0.0465829 0.0160836 0.00640644 0.00736579 0.0131436 0.0217453 0.0315461 0.0401468 0.045126 0.0453595 0.0416483 0.0360808 0.0306732 0.0263762 0.0230388 0.0200374
 1.05492e-16 5.83894e-05 0.000567566 0.00377167 0.0171455 0.0533461 0.11366 0.165894 0.165913 0.113751 0.05365 0.0180244 0.00598144 0.00540375 0.00927932 0.0153433 0.022321 0.0285429 0.032341 0.032944 0.0308992 0.0276143 0.0244091 0.0218428 0.0197227 0.0175739
 1.01535e-16 7.4074e-05 0.000720026 0.00478483 0.0217511 0.0676759 0.144191 0.210452 0.21046 0.144226 0.0677949 0.0220951 0.00564885 0.00260812 0.00366568 0.00595813 0.00861202 0.0109073 0.0121645 0.0120739 0.0108714 0.00916419 0.00754867 0.00632238 0.00545833 0.00477125
 1.02612e-16 3.63098e-05 0.000352944 0.00234544 0.0106621 0.0331739 0.0706824 0.103173 0.103223 0.070923 0.0339816 0.0129941 0.00819614 0.0131154 0.0242461 0.0399516 0.0573731 0.0717793 0.0783706 0.0749333 0.0631753 0.0476078 0.0329078 0.021794 0.0146298 0.0103724
 1.02682e-16 7.05801e-05 0.000686064 0.00455914 0.0207252 0.0644838 0.13739 0.200526 0.200533 0.137423 0.0645953 0.0210484 0.0053748 0.00248098 0.00352132 0.00581865 0.00862804 0.011375 0.0135056 0.0147339 0.0151515 0.0150556 0.014656 0.0139313 0.0127325 0.0109955
 1.0323e-16 5.0825e-05 0.000494037 0.00328305 0.0149243 0.0464352 0.0989363 0.144407 0.14444 0.0990946 0.0469667 0.0164591 0.00713413 0.00889574 0.0159921 0.0263189 0.0378201 0.0473806 0.0518688 0.0498611 0.0425082 0.0327822 0.0237235 0.0170368 0.0128441 0.0103427
 1.05873e-16 4.84317e-05 0.000470773 0.00312845 0.0142215 0.0442485 0.0942772 0.137606 0.137632 0.0944056 0.0446802 0.0154701 0.00626889 0.00734752 0.0131704 0.0218574 0.0318548 0.0408328 0.046417 0.047464 0.0446535 0.0398595 0.0348559 0.0304276 0.0264199 0.0223822
 1.05723e-16 5.93539e-05 0.000576941 0.00383398 0.0174287 0.0542273 0.115538 0.168634 0.168651 0.115621 0.0545083 0.0182413 0.00587753 0.00505072 0.00859343 0.014212 0.020702 0.0265323 0.0301803 0.0309496 0.0293495 0.0266626 0.0240632 0.0220025 0.0202339 0.0182706
 1.04327e-16 5.92584e-05 0.000576013 0.00382781 0.0174007 0.0541401 0.115352 0.168364 0.168384 0.115452 0.0544764 0.0183723 0.00626803 0.00590745 0.0101978 0.0168004 0.0242799 0.0307137 0.0341847 0.0338185 0.0302936 0.0253495 0.020703 0.0172212 0.0148384 0.0130191
 1.08221e-16 2.94967e-05 0.000286718 0.00190535 0.00866145 0.0269492 0.0574199 0.0838159 0.0838627 0.0576486 0.0277172 0.0108807 0.00748013 0.0124702 0.0232082 0.0384264 0.0555981 0.0704334 0.0785593 0.0779416 0.070046 0.0587304 0.0478131 0.0392452 0.0329584 0.0279124
 1.08575e-16 5.87134e-05 0.000570715 0.0037926 0.0172406 0.053642 0.11429 0.166813 0.166824 0.114346 0.053828 0.0177801 0.00515607 0.0035778 0.00585981 0.00983079 0.0147101 0.0196634 0.0238581 0.0268872 0.0289157 0.030357 0.0313749 0.0316717 0.0307259 0.0282263
 1.07865e-16 5.03502e-05 0.000489422 0.00325238 0.0147849 0.0460014 0.0980119 0.143057 0.143085 0.0981495 0.0464634 0.0161194 0.00660314 0.00780706 0.0139572 0.0230214 0.0332289 0.0419537 0.0465739 0.0459356 0.0410603 0.0344499 0.0285466 0.0245401 0.0222199 0.0206374
 1.10763e-16 3.68922e-05 0.000358606 0.00238306 0.0108331 0.0337059 0.0718153 0.104824 0.104859 0.0719861 0.0342797 0.0124923 0.0065553 0.00949131 0.0174542 0.0289873 0.0422001 0.0540064 0.0612617 0.0624972 0.058718 0.0525487 0.0464612 0.0415232 0.0374169 0.0333051
 1.08845e-16 5.78597e-05 0.000562416 0.00373746 0.0169899 0.0528621 0.112629 0.164388 0.164402 0.112699 0.0530973 0.0176712 0.00545428 0.00433277 0.00728502 0.0121278 0.0178803 0.0233666 0.0274226 0.0295205 0.0300278 0.029813 0.0295356 0.029219 0.0283867 0.026532
 1.06816e-16 5.40074e-05 0.000524971 0.00348862 0.0158588 0.0493426 0.105131 0.153446 0.153471 0.105251 0.0497466 0.0170259 0.00641954 0.00692769 0.0122277 0.020167 0.0291394 0.0368523 0.0410185 0.0406189 0.0365152 0.0308471 0.0257028 0.0221001 0.0198737 0.0182499
 1.10437e-16 3.18383e-05 0.000309479 0.0020566 0.00934904 0.0290885 0.0619777 0.090467 0.0905082 0.0621794 0.029766 0.0113073 0.00697851 0.0110751 0.0205399 0.0340693 0.0494577 0.063 0.0709196 0.0714596 0.0658634 0.0573784 0.0491344 0.0426003 0.0375316 0.0329511
 1.16844e-16 3.82527e-05 0.00037183 0.00247094 0.0112326 0.0349488 0.0744629 0.108685 0.108708 0.0745732 0.03532 0.0123089 0.00518767 0.00635266 0.011545 0.0194154 0.0288829 0.0382609 0.0458291 0.0507862 0.0535926 0.0553269 0.0566234 0.0571306 0.0558723 0.0520735
 1.07215e-16 6.71832e-05 0.000653045 0.00433971 0.0197277 0.0613803 0.130778 0.190876 0.190885 0.130822 0.061531 0.0201638 0.00543727 0.00305871 0.00466519 0.00768493 0.0112549 0.014571 0.0168773 0.0178704 0.0178792 0.0176003 0.0175937 0.0179388 0.0182693 0.0180763
pSPR Fmed_Fpbrs
0.741024   0.189046 0.189046
Fs Fmed_Fpbrs
0.148309   1.005 1.005
SSBpbr Bo_Bmed_Bpbrs
2.44798e+06  1.69161e+06  340381 340381
Ro
245553
SPR SPRFo_SPRFmed_SPRFpbrs
1.7552e+06 1.30064e+06 331813
Fref
1.005
Nvult_r0
 306247 28932.6 11524.3 10203.6 4238.32
CTP_r0
 29654.6 3048.13 1214.12 1074.98 446.519
YTP_r0
391303
Np
 311649 151165 14058.6 5599.78 6579.37
Nvult_p0
 265731 130809 12165.5 4845.72 5693.39
CTP_p0
 126968 65567.5 6097.92 2428.9 2853.79
YTP_p0
 2.323e+06
CBA_c0
970813
log_Ro
12.2313
likeval ReclasPelacesDesembMPH_pf_preclas_ppelaces_ptallas_desvR_qrecl_qpela
 29.2607 18.226 0.258774 0.00335878 243.822 127.82 99.0616 0 19.1022 0 0 1.30431 0 0 0
q_reclas_q_pelaces
1 1
M
1
N
 265542 50643.5 233620 11051.6 0.49695
 155770 90335 17096.4 78866.1 3730.99
 149615 49898.1 28545.9 5402.46 26100.8
 461724 48257.5 15887.6 9089.03 10030.6
 355907 147082 15156.3 4989.83 6004.94
 458039 125617 51701.6 5327.66 3864.82
 190153 154466 42001.4 17286.9 3073.6
 91179.8 58225.6 46452.2 12631 6122.97
 69784.6 32585.3 20749.1 16553.5 6683.1
 85463.4 22730.5 10487.5 6678.06 7478.67
 131292 26507.4 6932.75 3198.67 4317.77
 164948 45765 9190.89 2403.79 2606.17
 150575 45388.5 12238.5 2457.84 1339.77
 113839 42071.4 12343.2 3328.23 1032.75
 124609 27571.6 9779.18 2869.09 1013.68
 518612 35541.9 7669.79 2720.35 1080.1
 156290 147650 9866.95 2129.25 1055.06
 740744 48862.1 45428.1 3035.81 979.73
 507666 227330 14730.5 13695.3 1210.57
 379839 143419 62575.7 4054.78 4103.04
 556361 111147 41032.3 17903 2333.96
 713574 172293 33841.6 12493.4 6161.68
 191151 209966 49594.9 9741.4 5369.91
 472896 61890 67133.3 15857.2 4831.6
 402844 156021 20201.7 21913.2 6753.09
 203105 132404 50714.6 6566.54 9317.94
 403392 68392.9 44199 16929.5 5302.56
 423786 133490 22398.1 14474.8 7280.83
 158992 142085 44349.4 7441.31 7227.86
 132014 53217.7 47118.8 14707.3 4864.64
 457412 42991.2 17124.1 15161.6 6297.76
pred_Ctot
 12714.9 2655.02 12247.7 579.388 0.026053
 12871.2 8153.23 1543.04 7118.1 336.742
 11780.4 4292.63 2455.75 464.763 2245.4
 39599 4519.72 1488 851.264 939.453
 9161.26 4151.33 427.78 140.836 169.487
 24292.7 7291.88 3001.19 309.262 224.346
 20455.2 18118.3 4926.62 2027.7 360.523
 1649.87 1155.83 922.112 250.735 121.546
 5105.37 2605.62 1659.16 1323.67 534.401
 8594.93 2493.84 1150.62 732.673 820.511
 4374.76 967.992 253.169 116.808 157.676
 26904.2 8106.98 1628.11 425.817 461.667
 23409.1 7667.82 2067.55 415.222 226.338
 25430.1 10160.8 2981.06 803.812 249.423
 18067.2 4347.39 1541.95 452.388 159.833
 75683.3 5640.19 1217.13 431.696 171.402
 15033.5 15498.6 1035.72 223.504 110.748
 78779.2 5666.79 5268.53 352.078 113.624
 76089.3 37040.2 2400.13 2231.45 197.245
 50047.3 20569.6 8974.81 581.55 588.472
 56426.7 12296.9 4539.68 1980.73 258.222
 91942 24169.7 4747.4 1752.61 864.378
 14637.9 17570 4150.12 815.163 449.356
 31114.6 4453.07 4830.33 1140.95 347.64
 27390.5 11599 1501.85 1629.08 502.043
 10947.4 7810.56 2991.68 387.364 549.671
 25840.7 4791.59 3096.57 1186.08 371.496
 23922.5 8245.68 1383.53 894.105 449.735
 9129.44 8926.98 2786.4 467.525 454.114
 9673.77 4262.35 3773.87 1177.95 389.622
 29654.6 3048.13 1214.12 1074.98 446.519
F
 0.078249 0.0859451 0.0859451 0.0859451 0.0859451
 0.138399 0.152011 0.152011 0.152011 0.152011
 0.131511 0.144446 0.144446 0.144446 0.144446
 0.143974 0.158135 0.158135 0.158135 0.158135
 0.0414296 0.0455043 0.0455043 0.0455043 0.0455043
 0.0869831 0.0955383 0.0955383 0.0955383 0.0955383
 0.183501 0.201549 0.201549 0.201549 0.201549
 0.0289731 0.0318228 0.0318228 0.0318228 0.0318228
 0.121705 0.133675 0.133675 0.133675 0.133675
 0.170666 0.187452 0.187452 0.187452 0.187452
 0.0539078 0.0592099 0.0592099 0.0592099 0.0592099
 0.290369 0.318928 0.318928 0.318928 0.318928
 0.275094 0.302151 0.302151 0.302151 0.302151
 0.418001 0.459113 0.459113 0.459113 0.459113
 0.254468 0.279496 0.279496 0.279496 0.279496
 0.256312 0.281521 0.281521 0.281521 0.281521
 0.16271 0.178713 0.178713 0.178713 0.178713
 0.181254 0.199081 0.199081 0.199081 0.199081
 0.264054 0.290025 0.290025 0.290025 0.290025
 0.228897 0.25141 0.25141 0.25141 0.25141
 0.172221 0.18916 0.18916 0.18916 0.18916
 0.223341 0.245308 0.245308 0.245308 0.245308
 0.127705 0.140265 0.140265 0.140265 0.140265
 0.108884 0.119593 0.119593 0.119593 0.119593
 0.112695 0.123779 0.123779 0.123779 0.123779
 0.0884537 0.0971535 0.0971535 0.0971535 0.0971535
 0.105878 0.116292 0.116292 0.116292 0.116292
 0.0928026 0.10193 0.10193 0.10193 0.10193
 0.0944636 0.103754 0.103754 0.103754 0.103754
 0.121914 0.133905 0.133905 0.133905 0.133905
 0.107214 0.117759 0.117759 0.117759 0.117759
nmprior
 8.19 8.8 8.5 0
nm_flota  nm_reclas  nm_pelaces    nm_pelaL
inf 9.86973 15.044 33.9292
cv_recla  cv_pelaces  cv_mph
0.489291 0.484081 1.78853
 ------------------------------------------------
Talla a la edad & desviaci?n 
 8 13.2811 15.8009 17.003 17.5766
 0.8 1.32811 1.58009 1.7003 1.75766
