years
 1991 1992 1993 1994 1995 1996 1997 1998 1999 2000 2001 2002 2003 2004 2005 2006 2007 2008 2009 2010 2011 2012 2013 2014 2015 2016 2017 2018 2019 2020 2021
reclasobs
 0 0 0 0 0 0 0 0 0 252601 567819 844713 477998 351125 339783 2.1784e+06 2.13404e+06 4.81314e+06 1.55562e+06 2.62356e+06 3.21686e+06 3.843e+06 1.13348e+06 3.07943e+06 1.97215e+06 2.03268e+06 2.025e+06 2.42433e+06 2.27542e+06 1.05018e+06 2.36338e+06
reclaspred
 3.20963e+06 1.77259e+06 898717 918184 926730 1.53126e+06 904660 788751 566225 397874 502025 666667 654811 493549 491505 1.33051e+06 1.22554e+06 3.00151e+06 2.41567e+06 1.7721e+06 3.0947e+06 2.51827e+06 1.95304e+06 3.05392e+06 2.27948e+06 2.0136e+06 2.40764e+06 2.59649e+06 2.09558e+06 1.28858e+06 1.89595e+06
pelacesobs
 0 0 0 0 0 0 0 0 0 0 0 0 0 0 0 552880 188675 0 991730 2.46772e+06 1.41603e+06 1.21717e+06 2.29649e+06 1.80582e+06 0 1.4828e+06 1.56532e+06 1.57751e+06 1.42118e+06 867257 1.10002e+06
pelacespred
 1.78453e+06 1.08514e+06 542091 455539 490288 839594 443991 500174 336477 220598 295158 324429 352086 273922 282536 642021 595551 1.70197e+06 1.39228e+06 938206 1.62702e+06 1.40149e+06 1.1028e+06 1.90584e+06 1.35885e+06 1.2035e+06 1.64532e+06 1.75113e+06 1.1625e+06 803527 1.16836e+06
mphobs
 0 0 0 0 0 0 0 0 0 0 0 498337 0 5186 125008 0 168611 109162 213762 579715 649985 157893 87575 83554 0 0 0 0 0 0 0
mphpred
 490050 327818 160018 88395.1 97581.5 114334 152848 87600.7 78536.2 51501.7 32880.1 60299.2 64650.3 53558.7 34038.3 43346.1 151135 137692 299440 215882 228876 281280 267770 217068 308187 254122 208160 223828 318979 211897 128021
desembarqueobs
 494567 514787 250237 358949 120608 361735 552515 73892 212993 205616 52469 317467 293654 387597 252695 516296 358380 742168 942051 627588 828172 859565 418607 520667 417249 300574 407403 355545 319650 289779 391294
desembarquepred
 494573 513677 250776 358984 120614 361749 552559 73897.2 213052 205670 52471.9 317535 293700 387608 252681 516242 358406 742041 941800 627409 828253 859566 418614 520694 417243 300574 407401 355525 319637 289785 391298
Reclutas
 179852 99705.8 100698 160343 129148 227113 91558.2 40107 38563.4 51727.5 96592.8 134615 112482 78533.2 74816.9 402498 81993.6 641691 359406 284336 400493 546820 110857 323975 276625 122399 273384 309009 92237.6 66303.5 246589
log_desv_Rt
 0.171472 -0.418441 -0.408541 0.0566522 -0.159708 0.404781 -0.50369 -1.32911 -1.36836 -1.07468 -0.45016 -0.118245 -0.297873 -0.657143 -0.705621 0.977026 -0.614023 1.44344 0.863787 0.629493 0.972032 1.28346 -0.312423 0.760002 0.601997 -0.213381 0.590214 0.712706 -0.496297 -0.826422 0.487059
SSB
 2.42901e+06 1.62488e+06 793151 438143 483677 566715 757615 434206 389276 255276 162975 298882 320449 265472 168716 214851 749123 682490 1.48422e+06 1.07005e+06 1.13446e+06 1.3942e+06 1.32724e+06 1.07593e+06 1.52757e+06 1.25959e+06 1.03178e+06 1.10944e+06 1.58107e+06 1.0503e+06 634557
BT
 3.3623e+06 2.29539e+06 1.13937e+06 1.0513e+06 904746 1.69637e+06 1.22664e+06 891674 767734 562316 533558 801488 848275 855431 720866 1.48131e+06 1.26328e+06 3.47452e+06 3.20329e+06 2.11076e+06 3.36518e+06 3.11462e+06 2.1848e+06 3.63987e+06 2.62997e+06 2.25423e+06 3.13915e+06 3.25467e+06 2.18296e+06 1.60847e+06 2.30596e+06
Ftot
 0.173945 0.319243 0.312315 0.47204 0.157068 0.296805 0.67126 0.111856 0.442293 0.601632 0.138087 0.577331 0.540491 0.925596 0.654961 0.522929 0.337966 0.326946 0.462824 0.424354 0.330064 0.416916 0.246478 0.218361 0.217987 0.175536 0.214668 0.176712 0.171199 0.254818 0.268082
BD_Bspro_t
 0.972637 0.808246 0.621238 0.525699 0.520313 0.607191 0.601475 0.419479 0.477655 0.423418 0.384308 0.619184 0.498576 0.404617 0.291669 0.345696 0.53311 0.497292 0.618586 0.509055 0.477314 0.525839 0.542645 0.530268 0.645804 0.655436 0.662392 0.705188 0.760023 0.681 0.599387
BD_Bspro
 2.24286 1.50036 0.732367 0.404566 0.44661 0.523284 0.699555 0.40093 0.359444 0.235712 0.150486 0.275977 0.295891 0.245127 0.155786 0.198386 0.691714 0.630187 1.37048 0.988047 1.04752 1.28736 1.22553 0.993476 1.41051 1.16306 0.952706 1.02441 1.4599 0.969807 0.585927
BD_Bo
 1.48907 0.996109 0.486229 0.268597 0.296511 0.347416 0.464445 0.266183 0.23864 0.156493 0.0999096 0.183225 0.196446 0.162743 0.103429 0.131711 0.459239 0.41839 0.909879 0.655979 0.695461 0.854696 0.813647 0.659583 0.936455 0.772173 0.632515 0.680124 0.96925 0.643869 0.389006
BD_Brms
 8.39059 5.61287 2.73981 1.51349 1.67078 1.95762 2.61705 1.49989 1.34469 0.881806 0.562971 1.03244 1.10694 0.917027 0.5828 0.742167 2.58772 2.35755 5.12699 3.69631 3.91878 4.81604 4.58474 3.71662 5.27674 4.35104 3.5641 3.83236 5.46153 3.62807 2.19197
Sel_flota
 0.73332 0.981219 0.998994 0.999947 0.999997
 0.73332 0.981219 0.998994 0.999947 0.999997
 0.73332 0.981219 0.998994 0.999947 0.999997
 0.73332 0.981219 0.998994 0.999947 0.999997
 0.73332 0.981219 0.998994 0.999947 0.999997
 0.73332 0.981219 0.998994 0.999947 0.999997
 0.73332 0.981219 0.998994 0.999947 0.999997
 0.73332 0.981219 0.998994 0.999947 0.999997
 0.73332 0.981219 0.998994 0.999947 0.999997
 0.73332 0.981219 0.998994 0.999947 0.999997
 0.73332 0.981219 0.998994 0.999947 0.999997
 0.73332 0.981219 0.998994 0.999947 0.999997
 0.73332 0.981219 0.998994 0.999947 0.999997
 0.73332 0.981219 0.998994 0.999947 0.999997
 0.73332 0.981219 0.998994 0.999947 0.999997
 0.73332 0.981219 0.998994 0.999947 0.999997
 0.73332 0.981219 0.998994 0.999947 0.999997
 0.73332 0.981219 0.998994 0.999947 0.999997
 0.73332 0.981219 0.998994 0.999947 0.999997
 0.73332 0.981219 0.998994 0.999947 0.999997
 0.73332 0.981219 0.998994 0.999947 0.999997
 0.73332 0.981219 0.998994 0.999947 0.999997
 0.73332 0.981219 0.998994 0.999947 0.999997
 0.73332 0.981219 0.998994 0.999947 0.999997
 0.73332 0.981219 0.998994 0.999947 0.999997
 0.73332 0.981219 0.998994 0.999947 0.999997
 0.73332 0.981219 0.998994 0.999947 0.999997
 0.73332 0.981219 0.998994 0.999947 0.999997
 0.73332 0.981219 0.998994 0.999947 0.999997
 0.73332 0.981219 0.998994 0.999947 0.999997
 0.73332 0.981219 0.998994 0.999947 0.999997
Sel_reclas
 1 1 1 1 1
 1 1 1 1 1
 1 1 1 1 1
 1 1 1 1 1
 1 1 1 1 1
 1 1 1 1 1
 1 1 1 1 1
 1 1 1 1 1
 1 1 1 1 1
 1 1 1 1 1
 1 1 1 1 1
 1 1 1 1 1
 1 1 1 1 1
 1 1 1 1 1
 1 1 1 1 1
 1 1 1 1 1
 1 1 1 1 1
 1 1 1 1 1
 1 1 1 1 1
 1 1 1 1 1
 1 1 1 1 1
 1 1 1 1 1
 1 1 1 1 1
 1 1 1 1 1
 1 1 1 1 1
 1 1 1 1 1
 1 1 1 1 1
 1 1 1 1 1
 1 1 1 1 1
 1 1 1 1 1
 1 1 1 1 1
Sel_pelaces
 0.994466 1 1 1 1
 0.994466 1 1 1 1
 0.994466 1 1 1 1
 0.994466 1 1 1 1
 0.994466 1 1 1 1
 0.994466 1 1 1 1
 0.994466 1 1 1 1
 0.994466 1 1 1 1
 0.994466 1 1 1 1
 0.994466 1 1 1 1
 0.994466 1 1 1 1
 0.994466 1 1 1 1
 0.994466 1 1 1 1
 0.994466 1 1 1 1
 0.994466 1 1 1 1
 0.994466 1 1 1 1
 0.994466 1 1 1 1
 0.994466 1 1 1 1
 0.994466 1 1 1 1
 0.994466 1 1 1 1
 0.994466 1 1 1 1
 0.994466 1 1 1 1
 0.994466 1 1 1 1
 0.994466 1 1 1 1
 0.994466 1 1 1 1
 0.994466 1 1 1 1
 0.994466 1 1 1 1
 0.994466 1 1 1 1
 0.994466 1 1 1 1
 0.994466 1 1 1 1
 0.994466 1 1 1 1
pf_obs 
 0.8446 0.082 0.0669 0.0065 0
 0.8095 0.147 0.0364 0.0071 0
 0.9664 0.0169 0.016 0.0007 0
 0.9276 0.0648 0.0075 0.0001 0
 0.7033 0.2144 0.0806 0.0017 0
 0.9318 0.0425 0.0243 0.0014 0
 0.5671 0.3108 0.0964 0.0239 0.0018
 0.0768 0.2599 0.5324 0.112 0.0189
 0.490249 0.384438 0.106611 0.0170017 0.00170017
 0.7925 0.1577 0.0466 0.003 0.0002
 0.840416 0.127587 0.0312969 0.00059994 9.999e-05
 0.8084 0.0986 0.0794 0.0134 0.0002
 0.7335 0.1905 0.0724 0.0035 0.0001
 0.4001 0.4547 0.1325 0.0127 0
 0.49795 0.308269 0.164784 0.0264974 0.00249975
 0.9179 0.0499 0.0305 0.0017 0
 0.2467 0.6533 0.0926 0.0074 0
 0.9418 0.0223 0.034 0.0019 0
 0.707729 0.231977 0.0356964 0.0245975 0
 0.517169 0.277429 0.184464 0.0207286 0.00020938
 0.811772 0.124168 0.05621 0.00726502 0.000585176
 0.764997 0.148141 0.077277 0.00933861 0.000247198
 0.163321 0.427699 0.378323 0.0303852 0.000271297
 0.753843 0.0900009 0.118128 0.0371064 0.000921714
 0.721811 0.176058 0.0630433 0.0369309 0.00215725
 0.143369 0.312575 0.442814 0.0836902 0.0175525
 0.692698 0.0596174 0.167031 0.0765114 0.00414204
 0.394062 0.376323 0.152708 0.0712218 0.00568511
 0.125707 0.32114 0.495352 0.0537591 0.00404204
 0.23352 0.215282 0.420074 0.123614 0.00750983
 0.774587 0.0839891 0.0768558 0.0609784 0.00358967
pf_pred 
 0.464896 0.132066 0.378852 0.0241848 8.47601e-07
 0.41781 0.316463 0.0665267 0.187258 0.0119423
 0.57223 0.214006 0.117329 0.024163 0.0722716
 0.734855 0.172677 0.0467467 0.0251081 0.0206132
 0.6522 0.277524 0.0461311 0.0122137 0.0119313
 0.747524 0.181094 0.0571771 0.00932749 0.00487701
 0.465643 0.429766 0.0754569 0.0233424 0.00579253
 0.45241 0.30723 0.194251 0.0332774 0.0128319
 0.538525 0.24339 0.123352 0.0765743 0.0181585
 0.713543 0.178933 0.0573147 0.028414 0.0217957
 0.824197 0.137817 0.0239438 0.00748944 0.0065525
 0.740738 0.223927 0.0278129 0.00474277 0.00277858
 0.687183 0.251858 0.0528205 0.00640746 0.00173053
 0.635 0.277441 0.0708162 0.0145099 0.00223271
 0.747003 0.184221 0.0526287 0.0130633 0.00308383
 0.937849 0.0505098 0.00853318 0.00237869 0.000728846
 0.37499 0.597386 0.0225466 0.00372279 0.00135406
 0.905249 0.0430351 0.0494756 0.00182892 0.000411359
 0.584488 0.386612 0.0132749 0.014949 0.000676145
 0.610195 0.259535 0.121401 0.00407683 0.00479291
 0.73542 0.182278 0.0551956 0.0252629 0.00184354
 0.745161 0.202557 0.0362545 0.0107531 0.00527499
 0.31557 0.550712 0.106761 0.0186995 0.00825736
 0.737897 0.101495 0.12973 0.0246585 0.00621955
 0.623176 0.299503 0.0303021 0.0379872 0.00903224
 0.426565 0.397355 0.140521 0.0139442 0.0216145
 0.726059 0.137696 0.0949623 0.0329526 0.00832995
 0.68211 0.249312 0.0348081 0.0235454 0.0102251
 0.343268 0.48877 0.132276 0.0181216 0.0175634
 0.41335 0.243415 0.256696 0.0681687 0.0183713
 0.821973 0.0878819 0.0378438 0.0391251 0.0131762
pobs_RECLAS
 0 0 0 0 0
 0 0 0 0 0
 0 0 0 0 0
 0 0 0 0 0
 0 0 0 0 0
 0 0 0 0 0
 0 0 0 0 0
 0 0 0 0 0
 0 0 0 0 0
 0 0 0 0 0
 0.991045 0.00858322 0.000360255 1.14367e-05 0
 0.934742 0.0480273 0.0164251 0.00080598 0
 0.827803 0.169806 0.00239088 0 0
 0.941827 0.0461693 0.0120037 0 0
 0.791401 0.0380133 0.147996 0.0225897 0
 0.846168 0.0940531 0.0597789 0 0
 0.134021 0.677848 0.182769 0.00536245 0
 0.80878 0.0450904 0.141981 0.00414843 0
 0.846168 0.0940531 0.0597789 0 0
 0.905697 0.0802665 0.012482 0.00150086 5.37128e-05
 0.989698 0.0102097 9.19794e-05 0 0
 0.975433 0.0193895 0.00387452 0.00125025 5.28907e-05
 0.303575 0.632131 0.0575291 0.00676475 0
 0.966965 0.00978017 0.0227588 0.000495775 0
 0.843318 0.132988 0.00938335 0.0141283 0.000182051
 0.564624 0.303363 0.111486 0.0197234 0.00080311
 0.826376 0.0876187 0.0782897 0.00655872 0.00115652
 0.89761 0.0855135 0.0140674 0.00269457 0.000114338
 0.34875 0.467042 0.161289 0.0227151 0.000203297
 0.318654 0.224769 0.449479 0.00709798 0
 0.937255 0.0296025 0.0250945 0.00804832 0
ppred_RECLAS
 0.541992 0.114604 0.322815 0.0205876 7.21494e-07
 0.494097 0.277416 0.0572459 0.160975 0.0102656
 0.645562 0.179003 0.0963361 0.0198201 0.0592788
 0.790943 0.137071 0.036411 0.019537 0.0160386
 0.71652 0.227044 0.0370589 0.00980225 0.00957512
 0.800499 0.143851 0.0445854 0.0072662 0.00379904
 0.544484 0.367769 0.0633226 0.0195683 0.00485571
 0.527662 0.267138 0.165867 0.0283876 0.0109458
 0.614653 0.205092 0.102 0.0632558 0.0149994
 0.773715 0.142395 0.0447385 0.0221565 0.0169948
 0.863346 0.107554 0.0183494 0.005734 0.00501642
 0.795898 0.17675 0.0215347 0.00366844 0.00214906
 0.749831 0.202171 0.0415964 0.00504076 0.00136134
 0.707327 0.223561 0.0559092 0.0114431 0.0017607
 0.802112 0.144863 0.0405862 0.0100637 0.0023756
 0.953645 0.0378084 0.00626664 0.0017451 0.000534683
 0.447676 0.528347 0.0195735 0.00322868 0.00117428
 0.928688 0.0327187 0.0369229 0.00136355 0.000306672
 0.656271 0.320251 0.0107902 0.0121387 0.000549008
 0.680749 0.213896 0.0981882 0.00329401 0.00387238
 0.790488 0.145186 0.0431542 0.0197321 0.00143986
 0.798898 0.160467 0.0281863 0.00835174 0.00409677
 0.383821 0.497586 0.0947043 0.0165715 0.00731728
 0.792954 0.0810874 0.101761 0.0193236 0.00487368
 0.690689 0.246792 0.0245155 0.0307031 0.00729991
 0.501262 0.347546 0.120684 0.0119641 0.0185443
 0.782498 0.11034 0.0747139 0.025901 0.00654707
 0.74323 0.202186 0.0277181 0.0187313 0.00813406
 0.413651 0.438438 0.11651 0.0159462 0.0154542
 0.489556 0.214111 0.221674 0.0588107 0.0158485
 0.862619 0.0684703 0.028946 0.0298967 0.0100678
pobs_PELACES
 0 0 0 0 0
 0 0 0 0 0
 0 0 0 0 0
 0 0 0 0 0
 0 0 0 0 0
 0 0 0 0 0
 0 0 0 0 0
 0 0 0 0 0
 0 0 0 0 0
 0 0 0 0 0
 0 0 0 0 0
 0 0 0 0 0
 0 0 0 0 0
 0 0 0 0 0
 0 0 0 0 0
 0 0 0 0 0
 0.505614 0.472636 0.0217494 0 0
 0 0 0 0 0
 0.443492 0.261883 0.143347 0.151278 0
 0.227955 0.32914 0.350689 0.0885471 0.00366901
 0.970185 0.0296113 0.000203453 0 0
 0.997202 0.00247181 0.000326279 0 0
 0.445219 0.490057 0.0546422 0.010081 0
 0.90214 0.0892962 0.00764917 0.000914606 0
 0 0 0 0 0
 0.581667 0.319106 0.0959925 0.00289975 0.000334073
 0.762889 0.0836404 0.116647 0.0363945 0.000428098
 0.88444 0.0763242 0.0277011 0.0115352 0
 0.521256 0.241999 0.230069 0.00667565 0
 0.616807 0.101726 0.260614 0.0208532 0
 0.833518 0.0704572 0.0857862 0.0102388 0
ppred_PELACES
 0.544336 0.114105 0.321082 0.0204759 7.17578e-07
 0.499458 0.274717 0.056583 0.159095 0.0101457
 0.650336 0.176756 0.0949527 0.0195335 0.0584215
 0.796516 0.133547 0.0353769 0.0189793 0.0155806
 0.718038 0.22587 0.0368333 0.00974212 0.00951635
 0.803551 0.14172 0.0438484 0.00714543 0.00373588
 0.556888 0.35803 0.0614034 0.0189713 0.0047075
 0.528631 0.266667 0.165465 0.0283179 0.0109189
 0.622175 0.201338 0.0998738 0.0619286 0.0146846
 0.781498 0.137682 0.0431053 0.0213436 0.0163711
 0.864043 0.107024 0.0182442 0.00570088 0.00498743
 0.802658 0.170974 0.0207606 0.00353592 0.00207141
 0.757126 0.196395 0.0402801 0.00488043 0.00131802
 0.721898 0.212704 0.0529062 0.0108253 0.00166562
 0.809786 0.13939 0.0389032 0.00964442 0.00227659
 0.955288 0.0364895 0.0060295 0.00167879 0.00051436
 0.453168 0.52314 0.0193421 0.00319019 0.00116027
 0.930147 0.0320827 0.0361359 0.00133435 0.000300103
 0.663565 0.313515 0.0105346 0.0118495 0.000535921
 0.687231 0.209726 0.0960345 0.00322133 0.00378691
 0.794118 0.142757 0.0423501 0.0193624 0.00141288
 0.803526 0.156853 0.0274842 0.00814263 0.00399417
 0.387349 0.494876 0.0940524 0.0164561 0.00726632
 0.795097 0.0803114 0.100658 0.0191128 0.00482051
 0.693364 0.244723 0.0242789 0.0304047 0.00722895
 0.503544 0.346065 0.120046 0.0119002 0.0184452
 0.784642 0.109321 0.0739309 0.0256278 0.006478
 0.744969 0.200862 0.027508 0.0185883 0.00807196
 0.415766 0.436969 0.116003 0.015876 0.0153861
 0.493599 0.212602 0.219783 0.0583043 0.015712
 0.864644 0.0675159 0.0284976 0.0294312 0.00991103
pobs_pel_tallas
 0 0 0 0 0 0 0 0 0 0 0 0 0 0 0 0 0 0 0 0 0 0 0 0 0 0
 0 0 0 0 0 0 0 0 0 0 0 0 0 0 0 0 0 0 0 0 0 0 0 0 0 0
 0 0 0 0 0 0 0 0 0 0 0 0 0 0 0 0 0 0 0 0 0 0 0 0 0 0
 0 0 0 0 0 0 0 0 0 0 0 0 0 0 0 0 0 0 0 0 0 0 0 0 0 0
 0 0 0 0 0 0 0 0 0 0 0 0 0 0 0 0 0 0 0 0 0 0 0 0 0 0
 0 0 0 0 0 0 0 0 0 0 0 0 0 0 0 0 0 0 0 0 0 0 0 0 0 0
 0 0 0 0 0 0 0 0 0 0 0 0 0 0 0 0 0 0 0 0 0 0 0 0 0 0
 0 0 0 0 0 0 0 0 0 0 0 0 0 0 0 0 0 0 0 0 0 0 0 0 0 0
 0 0 0 0 0 0 0 0 0 0 0 0 0 0 0 0 0 0 0 0 0 0 0 0 0 0
 0 0 0 0 0 0 0 0 0 0 0 0 0 0 0 0 0 0 0 0 0 0 0 0 0 0
 0 0 0 0 0 0 0 0 0 0 0 0 0 0 0 0 0 0 0 0 0 0 0 0 0 0
 0 0 0 0 0 0 0 0 0 0 0 0 0 0 0 0 0 0 0 0 0 0 0 0 0 0
 0.00862536 0 0 0.000197151 0.00414017 0.0128641 0.00837892 0.0270097 0.101434 0.158115 0.152841 0.127902 0.109271 0.109419 0.0830992 0.0579132 0.0238553 0.00714673 0.00463305 0.00128148 0.00103504 0.000492878 0.000147863 0.000147863 4.92878e-05 0
 0 0 0 0 0 0 0 0 0 0 0 0 0 0 0 0 0 0 0 0 0 0 0 0 0 0
 0 0 0 0 0 0 0 0.0054083 0.00873648 0.0413646 0.0450493 0.0745869 0.0622846 0.0627006 0.0613931 0.0827291 0.12552 0.122667 0.0946155 0.0697135 0.0546179 0.0294188 0.0215738 0.0213955 0.0102223 0.00600262
 0 0 0 0 0.00359764 0.0251062 0.0480494 0.140153 0.205849 0.193036 0.1447 0.116669 0.0760912 0.0342217 0.00950174 0.001854 0.000860785 0 0 0 0.000165536 0 0.000143464 0 0 0
 0 0 0 0 0 0 0 0.000145254 0.000435761 0.0275982 0.070085 0.0708112 0.156366 0.174668 0.174014 0.160142 0.0824315 0.0480064 0.0283245 0.00493863 0.00203355 0 0 0 0 0
 0 0 0 0 0 0 0 0 0 0 0 0 0 0 0 0 0 0 0 0 0 0 0 0 0 0
 0 0 1.00437e-05 0.000401748 0.00122533 0.00171747 0.00176769 0.0269171 0.070346 0.194647 0.189555 0.159765 0.064822 0.0314167 0.0384472 0.0292271 0.0345202 0.0313363 0.0194345 0.0106764 0.0143323 0.0359363 0.0279516 0.0138201 0.00172751 0
 0 0.0021121 0.0136068 0.0755702 0.200478 0.177729 0.0527432 0.0373336 0.0318909 0.0142505 0.0149659 0.0166563 0.0217959 0.0798694 0.0677717 0.0528807 0.04013 0.0224614 0.0357745 0.0225083 0.00881397 0.00855152 0.00135912 0.000746735 0 0
 0 0 0 0 5.4009e-05 0.00500934 0.000945158 0.0243581 0.138947 0.33067 0.221406 0.137944 0.0707744 0.0437923 0.0131692 0.00525238 0.0047753 0.00276346 9.45158e-05 9.00151e-06 2.25038e-05 9.00151e-06 4.50075e-06 0 0 0
 0.000866109 0.00284123 0.00948549 0.0512746 0.133035 0.25785 0.225252 0.132002 0.0553304 0.0519788 0.0540692 0.017754 0.00435017 0.00159236 0.00146478 0.000404838 0.000125132 0.000115318 0.000107957 0.000100596 0 0 0 0 0 0
 0 0 0 0 0.00144013 0.00171154 0.00461396 0.0210425 0.0478622 0.0707936 0.0888783 0.103762 0.0637923 0.0337046 0.0602308 0.124433 0.169614 0.0934646 0.0462172 0.0250306 0.0313229 0.00938855 0.002487 0.000210481 0 0
 0 0.00764035 0.051015 0.0998891 0.058973 0.0496711 0.0374665 0.0718981 0.12319 0.153886 0.159021 0.0857701 0.0377988 0.023471 0.0147837 0.00900784 0.00315554 0.000888139 0.00291439 0.00214683 0.00393193 0.00274676 0.000635225 9.99891e-05 0 0
 0 0 0 0 0 0 0 0 0 0 0 0 0 0 0 0 0 0 0 0 0 0 0 0 0 0
 0 0 0 0 0 0 0 0 0 0 0 0 0 0 0 0 0 0 0 0 0 0 0 0 0 0
 0 0 0 0 0 0 0 0 0 0 0 0 0 0 0 0 0 0 0 0 0 0 0 0 0 0
 0 0 0 0 0 0 0 0 0 0 0 0 0 0 0 0 0 0 0 0 0 0 0 0 0 0
 0 0 0 0 0 0 0 0 0 0 0 0 0 0 0 0 0 0 0 0 0 0 0 0 0 0
 0 0 0 0 0 0 0 0 0 0 0 0 0 0 0 0 0 0 0 0 0 0 0 0 0 0
 0 0 0 0 0 0 0 0 0 0 0 0 0 0 0 0 0 0 0 0 0 0 0 0 0 0
ppred_pel_tallas
 1.11349e-16 4.48363e-05 0.000435825 0.00289621 0.0131657 0.0409636 0.0872777 0.127387 0.127398 0.087334 0.041154 0.0137217 0.00431453 0.00360751 0.00628912 0.0109004 0.0170317 0.0241875 0.0317879 0.0393995 0.0466961 0.0531086 0.0575663 0.0587451 0.0557661 0.0488212
 1.19376e-16 4.11398e-05 0.000399893 0.00265743 0.0120803 0.0375865 0.080083 0.116889 0.116916 0.0802128 0.0380227 0.0133414 0.0058277 0.00733746 0.0132692 0.0220176 0.0320813 0.0411823 0.0470982 0.0489888 0.0479577 0.0462655 0.0457818 0.0468699 0.0484072 0.0486857
 1.14631e-16 5.35674e-05 0.000520694 0.0034602 0.0157296 0.0489406 0.104274 0.152194 0.152211 0.104358 0.0492227 0.016546 0.00551595 0.00502944 0.00867911 0.0144303 0.0211811 0.0274955 0.0319608 0.0339832 0.0341288 0.0336471 0.0335641 0.0340685 0.0345725 0.0342335
 1.05596e-16 6.5608e-05 0.000637733 0.00423796 0.0192652 0.0599412 0.127711 0.186401 0.186414 0.127775 0.0601531 0.0198776 0.00577706 0.00400351 0.00647565 0.0106497 0.0154514 0.0196852 0.022189 0.0224553 0.020933 0.0186972 0.0167532 0.0155208 0.0148045 0.0141246
 1.03709e-16 5.91439e-05 0.0005749 0.00382041 0.0173671 0.0540355 0.115129 0.168039 0.168061 0.115236 0.0543929 0.0183994 0.00641232 0.0062348 0.0108136 0.0177976 0.0256667 0.0323517 0.0357863 0.0350254 0.0308036 0.0250221 0.0195914 0.0155307 0.0128474 0.011003
 1.02651e-16 6.61874e-05 0.000643365 0.00427539 0.0194353 0.0604705 0.128839 0.188048 0.188061 0.128906 0.0606954 0.0200854 0.00590902 0.0042157 0.00686861 0.0112972 0.0163769 0.0208224 0.0233643 0.023408 0.0213619 0.0183105 0.0153129 0.0128889 0.0109949 0.00934218
 1.04563e-16 4.58702e-05 0.000445875 0.002963 0.0134694 0.0419084 0.0892916 0.130331 0.130365 0.0894603 0.042475 0.0151061 0.00707231 0.0094198 0.0170986 0.0282204 0.0407085 0.0513205 0.0567774 0.0555655 0.0488219 0.0395265 0.0306788 0.0238894 0.0192027 0.0158359
 1.09531e-16 4.35427e-05 0.00042325 0.00281265 0.0127859 0.0397819 0.0847604 0.123716 0.123742 0.0848871 0.0402078 0.0140189 0.00591772 0.00723471 0.0130768 0.0218036 0.0319981 0.0414806 0.0480228 0.0505529 0.0496783 0.0470304 0.0440168 0.0410361 0.0376512 0.0333211
 1.1163e-16 5.12477e-05 0.000498146 0.00331036 0.0150484 0.0468213 0.0997585 0.145605 0.145624 0.099854 0.0471425 0.0159778 0.00564994 0.00562796 0.0098607 0.0163989 0.0240441 0.0311509 0.0360854 0.0381369 0.0379052 0.0367629 0.0358342 0.035323 0.0346182 0.0329107
 1.06191e-16 6.4371e-05 0.000625709 0.00415806 0.0189019 0.058811 0.125304 0.182887 0.1829 0.125369 0.0590297 0.0195342 0.00574735 0.00410303 0.00669202 0.0110246 0.0160272 0.0204848 0.0232128 0.0236931 0.0223767 0.0203389 0.0185683 0.0174478 0.0167433 0.0159558
 1.0197e-16 7.11701e-05 0.000691799 0.00459725 0.0208984 0.0650228 0.138538 0.202203 0.202213 0.138589 0.0651922 0.0213877 0.00582579 0.00337484 0.00517015 0.00844385 0.0121791 0.0153643 0.0170217 0.0167069 0.0147689 0.0121058 0.00961456 0.00776618 0.00655083 0.00570247
 1.01349e-16 6.61139e-05 0.000642651 0.00427064 0.0194137 0.0604034 0.128696 0.18784 0.187856 0.128777 0.0606736 0.0201942 0.00622944 0.00491773 0.00818234 0.0134147 0.0192995 0.0242301 0.0266148 0.025718 0.0220932 0.0172059 0.012559 0.00900283 0.00662377 0.00507525
 1.01926e-16 6.23635e-05 0.000606196 0.00402838 0.0183125 0.056977 0.121396 0.177185 0.177204 0.121489 0.0572879 0.0192108 0.0062843 0.00553375 0.00942902 0.0155109 0.0223872 0.0282528 0.0313043 0.0306969 0.0270268 0.0218926 0.0169104 0.0129594 0.0100965 0.00795581
 1.02949e-16 5.94619e-05 0.000577991 0.00384095 0.0174604 0.054326 0.115748 0.168942 0.168962 0.115848 0.0546631 0.0184346 0.00628803 0.00592582 0.0102331 0.0168678 0.0243967 0.0308955 0.0344359 0.0341158 0.0305689 0.0254806 0.0205258 0.0165712 0.0136106 0.0112214
 1.02511e-16 6.6701e-05 0.000648357 0.00430856 0.0195861 0.0609397 0.129839 0.189507 0.18952 0.129905 0.0611608 0.0202251 0.005914 0.00415816 0.00674752 0.0110889 0.01606 0.0203898 0.0228259 0.0227856 0.0206812 0.0175983 0.0146 0.0122119 0.0103917 0.00884087
 1.00439e-16 7.86858e-05 0.000764854 0.00508272 0.0231053 0.0718893 0.153168 0.223554 0.223557 0.153185 0.071947 0.0232721 0.00550143 0.00167915 0.00181587 0.00287945 0.004145 0.00522221 0.00577165 0.00563834 0.00493839 0.00397668 0.00306107 0.00235836 0.00187535 0.00153344
 1.01209e-16 3.73269e-05 0.000362831 0.00241114 0.0109607 0.0341032 0.0726623 0.106063 0.106114 0.0729082 0.0349286 0.0133435 0.00838786 0.0133954 0.0247454 0.0407367 0.0584128 0.072894 0.0792326 0.0751466 0.0624088 0.0457148 0.0299751 0.018107 0.0105827 0.00636529
 1.01236e-16 7.6615e-05 0.000744725 0.00494896 0.0224972 0.0699973 0.149137 0.21767 0.217673 0.149152 0.0700491 0.0226473 0.00532806 0.00158002 0.0016855 0.00272367 0.00405159 0.00537548 0.00644123 0.00711414 0.00742321 0.0074811 0.00735535 0.00701361 0.00638276 0.0054507
 1.01664e-16 5.4657e-05 0.000531286 0.00353058 0.0160495 0.0499362 0.106396 0.155294 0.155324 0.106543 0.0504309 0.0174777 0.00711294 0.00834336 0.0148671 0.0244292 0.0350402 0.0437611 0.0476415 0.0453342 0.0379201 0.0282189 0.019155 0.0124287 0.00825181 0.00592918
 1.03789e-16 5.66064e-05 0.000550234 0.0036565 0.0166219 0.0517171 0.110189 0.160829 0.160849 0.110289 0.0520509 0.0175872 0.00608437 0.00586622 0.0101991 0.016892 0.0246067 0.0315193 0.0357823 0.036499 0.034184 0.0302819 0.0261736 0.0224916 0.0191568 0.0158661
 1.0344e-16 6.54105e-05 0.000635813 0.0042252 0.0192072 0.0597607 0.127327 0.18584 0.185854 0.127394 0.0599873 0.0198621 0.00587114 0.00423549 0.00692134 0.0113904 0.016524 0.0210391 0.0236727 0.0238464 0.0219897 0.0192009 0.016528 0.014445 0.0128367 0.0113398
 1.02326e-16 6.61854e-05 0.000643346 0.00427526 0.0194347 0.0604687 0.128835 0.188042 0.188057 0.128909 0.0607169 0.0201518 0.00607585 0.00457571 0.00753937 0.0123724 0.0178476 0.0225106 0.0249257 0.0244337 0.0215361 0.0175388 0.0137525 0.0108743 0.00891095 0.00750473
 1.05721e-16 3.19056e-05 0.000310133 0.00206095 0.0093688 0.0291501 0.0621091 0.09066 0.0907078 0.0623423 0.0299334 0.0116319 0.00774333 0.0127208 0.0236195 0.0390427 0.0563447 0.0710734 0.0786951 0.0770991 0.0678217 0.0549361 0.0425528 0.0328958 0.0260708 0.0210778
 1.05658e-16 6.54911e-05 0.000636597 0.00423041 0.0192308 0.0598343 0.127484 0.186068 0.186076 0.127522 0.0599643 0.0196082 0.00518473 0.00274314 0.00413452 0.00691027 0.0103661 0.0139111 0.0169678 0.019243 0.0208213 0.0219417 0.0226658 0.0227533 0.0218492 0.0197889
 1.05036e-16 5.71115e-05 0.000555144 0.00368913 0.0167703 0.0521786 0.111173 0.162265 0.162289 0.111288 0.0525655 0.0178876 0.0064935 0.00667665 0.0116821 0.0192221 0.0276883 0.0348394 0.0384456 0.0375169 0.0329108 0.0267616 0.0211916 0.0172966 0.0149963 0.01356
 1.07868e-16 4.14763e-05 0.000403164 0.00267917 0.0121791 0.037894 0.0807384 0.117847 0.117881 0.080902 0.0384436 0.013768 0.00667294 0.00913969 0.0166868 0.0276597 0.0401648 0.0511861 0.0576548 0.0581301 0.0535927 0.0466424 0.039794 0.034242 0.0298283 0.0258286
 1.05828e-16 6.463e-05 0.000628226 0.00417479 0.018978 0.0590476 0.125807 0.183622 0.183633 0.12586 0.0592225 0.0194846 0.0054513 0.00343116 0.00543598 0.00901105 0.0132729 0.017322 0.0202807 0.021744 0.0219745 0.0216151 0.0211665 0.0206732 0.0198212 0.0182784
 1.04076e-16 6.13622e-05 0.000596462 0.0039637 0.0180184 0.0560621 0.119447 0.17434 0.17436 0.119542 0.0563798 0.0189362 0.00626768 0.00562712 0.00961893 0.0158149 0.0228023 0.0287372 0.0317918 0.0311451 0.0274782 0.0225081 0.017943 0.0146665 0.0126267 0.0112656
 1.07656e-16 3.42462e-05 0.000332885 0.00221214 0.0100561 0.0312885 0.0666649 0.0973083 0.0973505 0.0668712 0.0319813 0.0120582 0.00724196 0.0113269 0.0209545 0.0346941 0.0502231 0.0636762 0.0711157 0.0707038 0.0637437 0.0536831 0.0439301 0.0362207 0.0304935 0.0258345
 1.14903e-16 4.06571e-05 0.000395202 0.00262625 0.0119386 0.0371455 0.0791431 0.115516 0.115537 0.0792449 0.0374882 0.0129326 0.0051368 0.00592673 0.0106962 0.0180128 0.0268694 0.035737 0.0430458 0.0480392 0.051071 0.0530152 0.0543225 0.0545785 0.0528887 0.0486522
 1.05469e-16 7.12196e-05 0.00069228 0.00460044 0.020913 0.065068 0.138634 0.202342 0.202349 0.138667 0.0651756 0.0212244 0.00538429 0.0024107 0.00335679 0.00549609 0.0080547 0.0104454 0.0121341 0.0129117 0.0130176 0.0129471 0.0130877 0.0134738 0.0138162 0.0137266
pSPR Fmed_Fpbrs
0.578304   0.227469 0.227469
Fs Fmed_Fpbrs
0.31514   1.005 1.005
SSBpbr Bo_Bmed_Bpbrs
1.63123e+06  861784  289492 289492
Ro
151512
SPR SPRFo_SPRFmed_SPRFpbrs
1.083e+06 626301 246348
Fref
1.005
Nvult_r0
 172064 14512.2 6161.23 6365.06 2143.49
CTP_r0
 28268.8 3022.38 1301.5 1345.57 453.148
YTP_r0
391298
Np
 198078 74525 5722.08 2413.26 3193.45
Nvult_p0
 163206 64298.2 4950.76 2088.28 2763.42
CTP_p0
 69246.9 31924.5 2480.31 1046.71 1385.15
YTP_p0
 1.17132e+06
CBA_c0
625306
log_Ro
11.7484
likeval ReclasPelacesDesembMPH_pf_preclas_ppelaces_ptallas_desvR_qrecl_qpela
 13.219 17.1158 0.048791 0.000817139 241.072 117.732 98.786 0 23.7531 7.06387e-07 5.58508e-06 0.248395 0 0 0
q_reclas_q_pelaces
1.12648 1.39965
M
1
N
 179852 38858.7 109626 6991.97 0.245035
 99705.8 58240.4 12052.3 33896.2 2161.63
 100698 29023.8 15663.5 3223.07 9639.77
 160343 29461.9 7859.06 4217.88 3462.64
 129148 41727.5 6820.43 1804.17 1762.37
 227113 42341.9 13158.2 2144.73 1121.35
 91558.2 67208 11641.1 3598.57 892.968
 40107 20588.4 12796.1 2190.13 844.479
 38563.4 13592.6 6786.74 4209.72 998.232
 51727.5 10257 3239.89 1605 1231.1
 96592.8 12241.1 2090.97 653.451 571.676
 134615 32112.4 3932.62 670.106 392.571
 112482 32429 6704.33 812.659 219.474
 78533.2 27839 7019.64 1437.36 221.166
 74816.9 14654.8 4129.79 1024.34 241.805
 402498 17026.1 2835.18 789.721 241.966
 81993.6 100909 3749.57 618.598 224.987
 641691 23542.4 26644.9 984.141 221.342
 359406 185741 6283.95 7070.85 319.803
 284336 94165.5 43389.6 1455.92 1711.58
 400493 76628.6 22843.6 10446.8 762.312
 546820 115660 20391.3 6043.23 2964.41
 110857 148174 28263.4 4946.15 2184.03
 323975 34038.6 42800 8128.19 2050.06
 276625 101549 10107.1 12659.4 3009.88
 122399 86730.7 30163.9 2990.58 4635.39
 273384 39589.3 26858.1 9311.84 2353.79
 309009 85923.6 11797.9 7973.44 3462.49
 92237.6 99861.5 26577.5 3637.84 3525.62
 66303.5 29928.9 31056.3 8240.31 2220.65
 246589 20234.3 8574.5 8857.27 2982.74
pred_Ctot
 13757.6 3908.22 11211.3 715.695 0.0250829
 13408.2 10155.8 2134.95 6009.4 383.248
 13274.7 4964.54 2721.83 560.538 1676.57
 30501.3 7167.25 1940.3 1042.15 855.584
 8965.69 3815.07 634.157 167.9 164.018
 28582.6 6924.4 2186.25 356.65 186.479
 23410.8 21607.1 3793.7 1173.57 291.228
 2010.01 1364.99 863.035 147.848 57.0107
 6932.47 3133.18 1587.92 985.746 233.755
 12087.9 3031.24 970.949 481.352 369.233
 5929.03 991.418 172.245 53.8768 47.1368
 30394.4 9188.31 1141.23 194.608 114.012
 24025.7 8805.61 1846.74 224.021 60.5037
 25827.4 11284.4 2880.32 590.162 90.8113
 18750.8 4624.19 1321.05 327.906 77.4083
 83595.1 4502.19 760.604 212.024 64.9656
 11609.2 18494.2 698.012 115.252 41.9197
 88176 4191.85 4819.18 178.147 40.0685
 67210.7 44456.9 1526.49 1718.99 77.7504
 49295.7 20967 9807.63 329.355 387.204
 55506.7 13757.7 4165.96 1906.75 139.144
 93341.6 25373 4541.37 1346.97 660.765
 11759.3 20521.5 3978.32 696.812 307.699
 30700.8 4222.8 5397.5 1025.94 258.769
 26171.7 12578.3 1272.61 1595.36 379.33
 9443.88 8797.18 3111.05 308.716 478.532
 25496.5 4835.38 3334.72 1157.17 292.516
 23993.4 8769.62 1224.39 828.217 359.672
 6949.95 9895.84 2678.12 366.898 355.596
 7253.25 4271.31 4504.36 1196.19 322.37
 28268.8 3022.38 1301.5 1345.57 453.148
F
 0.127557 0.170678 0.17377 0.173935 0.173944
 0.234107 0.313247 0.318922 0.319226 0.319242
 0.229027 0.30645 0.312001 0.312298 0.312314
 0.346156 0.463175 0.471565 0.472015 0.472038
 0.115181 0.154118 0.15691 0.157059 0.157067
 0.217653 0.291231 0.296506 0.296789 0.296804
 0.492248 0.658654 0.670585 0.671225 0.671258
 0.0820265 0.109756 0.111744 0.111851 0.111856
 0.324342 0.433987 0.441848 0.44227 0.442292
 0.441188 0.590333 0.601026 0.6016 0.60163
 0.101262 0.135494 0.137948 0.13808 0.138087
 0.423368 0.566488 0.57675 0.5773 0.577329
 0.396352 0.53034 0.539947 0.540462 0.540489
 0.678757 0.908212 0.924664 0.925546 0.925593
 0.480296 0.642661 0.654302 0.654927 0.65496
 0.383474 0.513108 0.522403 0.522901 0.522927
 0.247837 0.331619 0.337626 0.337948 0.337965
 0.239756 0.320805 0.326617 0.326928 0.326945
 0.339398 0.454132 0.462358 0.462799 0.462823
 0.311187 0.416384 0.423927 0.424331 0.424353
 0.242042 0.323865 0.329732 0.330046 0.330063
 0.305733 0.409086 0.416497 0.416894 0.416915
 0.180747 0.241849 0.24623 0.246465 0.246478
 0.160129 0.21426 0.218142 0.21835 0.218361
 0.159854 0.213893 0.217768 0.217976 0.217987
 0.128724 0.172239 0.175359 0.175527 0.175535
 0.15742 0.210636 0.214452 0.214657 0.214667
 0.129586 0.173393 0.176534 0.176703 0.176712
 0.125544 0.167984 0.171027 0.17119 0.171199
 0.186863 0.250032 0.254561 0.254804 0.254817
 0.19659 0.263048 0.267812 0.268068 0.268082
nmprior
 8.19 8.8 8.5 0
nm_flota  nm_reclas  nm_pelaces    nm_pelaL
inf 12.9544 19.9217 48.8792
cv_recla  cv_pelaces  cv_mph
0.32887 0.469106 0.882172
 ------------------------------------------------
Talla a la edad & desviaci?n 
 8 13.2811 15.8009 17.003 17.5766
 0.8 1.32811 1.58009 1.7003 1.75766
