    unsorted:	 2.369993591e-06 2.352412521e-06 6.030759703e-05 5.437615961e-05 8.590929531e-05 0.001099993063 1.973910168 13.50613534 30.55795011 66.61245148 167.4152944 234.4287006 281.8550786 365.5280493 689.9296463 528.8955586 806.3643076 850.9969709 919.5948993 940.7439561 1023.729961 1082.593512 1208.571932 1319.979530 1511.400116 1569.359066 1764.653007 2058.010391 2079.988777 2159.506051 2439.290969 2476.702091 2500.564512 2540.320090 2644.235098 2682.636614 2905.149624 3273.326743 3314.579355 3392.638408 3935.134700 4023.289696 4313.137189 7454.546592 37834.42939 407284.4359 399762.0746 413054.7377 394481.2112 435746.6827 452963.4369 460372.8329 466083.4974 367536.2185 361625.6787 503975.2048 309732.7726 158338.1483 558512.6146 584439.2726 614922.5676 639441.2586 674984.1002 877357.9369 916249.1646 1015181.939 1119645.105 1324340.489 1367902.132 1560286.654 1676401.369 2255521.518 2351902.347 2687650.981 2853712.972 3061084.025 3215071.224
      sorted:	 2.352412521e-06 2.369993591e-06 5.437615961e-05 6.030759703e-05 8.590929531e-05 0.001099993063 1.973910168 13.50613534 30.55795011 66.61245148 167.4152944 234.4287006 281.8550786 365.5280493 528.8955586 689.9296463 806.3643076 850.9969709 919.5948993 940.7439561 1023.729961 1082.593512 1208.571932 1319.979530 1511.400116 1569.359066 1764.653007 2058.010391 2079.988777 2159.506051 2439.290969 2476.702091 2500.564512 2540.320090 2644.235098 2682.636614 2905.149624 3273.326743 3314.579355 3392.638408 3935.134700 4023.289696 4313.137189 7454.546592 37834.42939 158338.1483 309732.7726 361625.6787 367536.2185 394481.2112 399762.0746 407284.4359 413054.7377 435746.6827 452963.4369 460372.8329 466083.4974 503975.2048 558512.6146 584439.2726 614922.5676 639441.2586 674984.1002 877357.9369 916249.1646 1015181.939 1119645.105 1324340.489 1367902.132 1560286.654 1676401.369 2255521.518 2351902.347 2687650.981 2853712.972 3061084.025 3215071.224
