    unsorted:	 9.159148533e-05 0.001099988371 0.4676781172 0.5789875276 11.72749876 12.02712372 14.48221491 24.51511791 59.99083240 89.04031456 136.9525316 179.8721254 214.7683254 230.3365441 348.4460531 438.6002453 503.1091174 587.3541687 702.7099963 740.1245960 810.3163103 833.9729377 859.7562812 886.5136283 988.4587821 999.6591409 953.7156571 1040.462075 1116.049870 1306.385771 1457.216696 1595.892773 1608.917532 1863.511376 1880.564077 1824.285595 2127.701002 2328.736814 2357.087153 2823.245744 3228.138950 3351.641991 3644.785061 12725.42184 39766.83893 158172.0594 191246.5323 341015.9826 328767.5110 311138.1271 353160.2158 276954.9064 370318.7551 397852.2301 413129.1687 437550.3734 519799.3345 530593.3371 705182.0708 746487.5770 783164.1280 819585.4272 917565.6580 1167562.321 1288290.637 1403188.840 1467593.018 1533994.370 1619273.867 1871899.310 2095026.402 2157384.438 2709797.895 2784236.446 3060345.302 3307680.406 3489703.778
      sorted:	 9.159148533e-05 0.001099988371 0.4676781172 0.5789875276 11.72749876 12.02712372 14.48221491 24.51511791 59.99083240 89.04031456 136.9525316 179.8721254 214.7683254 230.3365441 348.4460531 438.6002453 503.1091174 587.3541687 702.7099963 740.1245960 810.3163103 833.9729377 859.7562812 886.5136283 953.7156571 988.4587821 999.6591409 1040.462075 1116.049870 1306.385771 1457.216696 1595.892773 1608.917532 1824.285595 1863.511376 1880.564077 2127.701002 2328.736814 2357.087153 2823.245744 3228.138950 3351.641991 3644.785061 12725.42184 39766.83893 158172.0594 191246.5323 276954.9064 311138.1271 328767.5110 341015.9826 353160.2158 370318.7551 397852.2301 413129.1687 437550.3734 519799.3345 530593.3371 705182.0708 746487.5770 783164.1280 819585.4272 917565.6580 1167562.321 1288290.637 1403188.840 1467593.018 1533994.370 1619273.867 1871899.310 2095026.402 2157384.438 2709797.895 2784236.446 3060345.302 3307680.406 3489703.778
