years
 1991 1992 1993 1994 1995 1996 1997 1998 1999 2000 2001 2002 2003 2004 2005 2006 2007 2008 2009 2010 2011 2012 2013 2014 2015 2016 2017
reclasobs
 0 0 0 0 0 0 0 0 0 252601 567819 844713 477998 351125 339783 2.1784e+06 2.13404e+06 4.81314e+06 1.55562e+06 2.62356e+06 3.21686e+06 3.843e+06 1.13348e+06 3.07943e+06 1.97215e+06 2.03268e+06 2.025e+06
reclaspred
 3.16721e+06 1.73787e+06 871589 921290 939476 1.69409e+06 959910 806962 563815 371793 506883 698255 681323 498520 479856 1.36884e+06 1.20657e+06 3.13957e+06 2.50904e+06 1.7831e+06 3.11803e+06 2.56763e+06 1.9116e+06 3.1298e+06 2.29617e+06 1.93978e+06 2.08218e+06
pelacesobs
 0 0 0 0 0 0 0 0 0 0 0 0 0 0 0 552880 188675 0 991730 2.46772e+06 1.41603e+06 1.21717e+06 2.29649e+06 1.80582e+06 0 1.4828e+06 1.56532e+06
pelacespred
 1.94444e+06 1.15959e+06 565787 450104 512841 911290 495980 535083 344415 202080 285073 328733 357618 258753 252812 597574 604826 1.67079e+06 1.44441e+06 958269 1.6072e+06 1.41436e+06 1.13917e+06 1.90553e+06 1.43702e+06 1.22558e+06 1.39992e+06
mphobs
 0 0 0 0 0 0 0 0 0 0 0 498337 0 5186 125008 0 168611 109162 213762 579715 649985 157893 87575 83554 0 0 0
mphpred
 484311 325601 156647 86002.5 97092.8 118681 170210 91225.1 80809.6 49281.7 29262.9 61813.7 66397 53901.2 32015 40257.5 152552 134413 313327 220223 226112 282391 270602 212199 318762 257310 199666
desembarqueobs
 494567 514787 250237 358949 120608 361735 552515 73892 212993 205616 52469 317467 293654 387597 252695 516296 358380 742168 942051 627588 828172 859565 418607 520667 417249 300574 407403
desembarquepred
 494572 513899 250661 358977 120613 361738 552531 73897.4 213054 205671 52471.9 317523 293682 387564 252667 516228 358415 742016 941733 627360 828246 859537 418607 520686 417231 300570 407407
Reclutas
 167366 96465.2 89827.9 144810 113940 217190 84627.8 34016.1 33540.8 45276 83693.3 125152 103868 73170.4 65077.3 353229 71747.6 567686 328335 250033 352780 489382 92419.7 283456 233279 94757.8 189399
log_desv_Rt
 0.223324 -0.327677 -0.398964 0.078566 -0.161189 0.483913 -0.458596 -1.37002 -1.3841 -1.08408 -0.4697 -0.0673337 -0.253742 -0.604069 -0.721284 0.970257 -0.623705 1.44471 0.897173 0.624735 0.968984 1.29628 -0.37052 0.750199 0.555378 -0.345536 0.346995
SSB
 1.8505e+06 1.24409e+06 598529 328606 370981 453466 650355 348561 308764 188300 111810 236183 253695 205950 122326 153819 582886 513578 1.19719e+06 841448 863950 1.07898e+06 1.03394e+06 810789 1.21795e+06 983153 762901
BT
 2.65022e+06 1.83641e+06 891799 870688 733419 1.51569e+06 1.082e+06 734144 636011 453393 427569 695579 733637 747649 598515 1.25784e+06 1.02494e+06 2.96641e+06 2.74436e+06 1.74522e+06 2.80776e+06 2.59191e+06 1.74537e+06 3.03161e+06 2.14321e+06 1.76357e+06 2.24476e+06
Ftot
 0.217687 0.400879 0.39392 0.560096 0.186963 0.319457 0.760608 0.132351 0.531776 0.762678 0.161365 0.651385 0.616023 1.06697 0.774839 0.582805 0.41321 0.364652 0.531148 0.502597 0.390028 0.485384 0.305041 0.252651 0.260162 0.219715 0.290811
BD_Bspro_t
 0.96577 0.763059 0.547232 0.442348 0.442634 0.542546 0.557419 0.362143 0.413804 0.347077 0.297104 0.559951 0.438069 0.343651 0.22912 0.27488 0.469492 0.425604 0.565285 0.447492 0.407913 0.459084 0.475142 0.453936 0.587156 0.592515 0.586945
BD_Bspro
 1.9457 1.30809 0.629321 0.345512 0.390066 0.476795 0.683813 0.366493 0.324649 0.197987 0.117563 0.248334 0.266747 0.216546 0.128619 0.161733 0.612873 0.54 1.25878 0.884738 0.908398 1.13449 1.08713 0.852501 1.28061 1.03373 0.80215
BD_Bo
 1.26973 0.853637 0.410684 0.225475 0.254551 0.311148 0.446245 0.239167 0.211861 0.129203 0.0767194 0.162059 0.174075 0.141314 0.0839345 0.105544 0.399951 0.352395 0.821456 0.577365 0.592805 0.740351 0.709445 0.556328 0.835706 0.674597 0.52347
BD_Brms
 2.3086 1.55207 0.746699 0.409955 0.462819 0.565724 0.811354 0.43485 0.385201 0.234915 0.13949 0.294652 0.316499 0.256935 0.152608 0.191899 0.727183 0.640718 1.49356 1.04975 1.07783 1.34609 1.2899 1.01151 1.51946 1.22654 0.951763
Sel_flota
 0.813394 1 1 1 1
 0.813394 1 1 1 1
 0.813394 1 1 1 1
 0.813394 1 1 1 1
 0.813394 1 1 1 1
 0.813394 1 1 1 1
 0.813394 1 1 1 1
 0.813394 1 1 1 1
 0.813394 1 1 1 1
 0.813394 1 1 1 1
 0.813394 1 1 1 1
 0.813394 1 1 1 1
 0.813394 1 1 1 1
 0.813394 1 1 1 1
 0.813394 1 1 1 1
 0.813394 1 1 1 1
 0.813394 1 1 1 1
 0.813394 1 1 1 1
 0.813394 1 1 1 1
 0.813394 1 1 1 1
 0.813394 1 1 1 1
 0.813394 1 1 1 1
 0.813394 1 1 1 1
 0.813394 1 1 1 1
 0.813394 1 1 1 1
 0.813394 1 1 1 1
 0.813394 1 1 1 1
Sel_reclas
 1 1 1 1 1
 1 1 1 1 1
 1 1 1 1 1
 1 1 1 1 1
 1 1 1 1 1
 1 1 1 1 1
 1 1 1 1 1
 1 1 1 1 1
 1 1 1 1 1
 1 1 1 1 1
 1 1 1 1 1
 1 1 1 1 1
 1 1 1 1 1
 1 1 1 1 1
 1 1 1 1 1
 1 1 1 1 1
 1 1 1 1 1
 1 1 1 1 1
 1 1 1 1 1
 1 1 1 1 1
 1 1 1 1 1
 1 1 1 1 1
 1 1 1 1 1
 1 1 1 1 1
 1 1 1 1 1
 1 1 1 1 1
 1 1 1 1 1
Sel_pelaces
 0.738223 0.934177 0.986192 0.997226 0.999448
 0.738223 0.934177 0.986192 0.997226 0.999448
 0.738223 0.934177 0.986192 0.997226 0.999448
 0.738223 0.934177 0.986192 0.997226 0.999448
 0.738223 0.934177 0.986192 0.997226 0.999448
 0.738223 0.934177 0.986192 0.997226 0.999448
 0.738223 0.934177 0.986192 0.997226 0.999448
 0.738223 0.934177 0.986192 0.997226 0.999448
 0.738223 0.934177 0.986192 0.997226 0.999448
 0.738223 0.934177 0.986192 0.997226 0.999448
 0.738223 0.934177 0.986192 0.997226 0.999448
 0.738223 0.934177 0.986192 0.997226 0.999448
 0.738223 0.934177 0.986192 0.997226 0.999448
 0.738223 0.934177 0.986192 0.997226 0.999448
 0.738223 0.934177 0.986192 0.997226 0.999448
 0.738223 0.934177 0.986192 0.997226 0.999448
 0.738223 0.934177 0.986192 0.997226 0.999448
 0.738223 0.934177 0.986192 0.997226 0.999448
 0.738223 0.934177 0.986192 0.997226 0.999448
 0.738223 0.934177 0.986192 0.997226 0.999448
 0.738223 0.934177 0.986192 0.997226 0.999448
 0.738223 0.934177 0.986192 0.997226 0.999448
 0.738223 0.934177 0.986192 0.997226 0.999448
 0.738223 0.934177 0.986192 0.997226 0.999448
 0.738223 0.934177 0.986192 0.997226 0.999448
 0.738223 0.934177 0.986192 0.997226 0.999448
 0.738223 0.934177 0.986192 0.997226 0.999448
pf_obs 
 0.8446 0.082 0.0669 0.0065 0
 0.8095 0.147 0.0364 0.0071 0
 0.9664 0.0169 0.016 0.0007 0
 0.9276 0.0648 0.0075 0.0001 0
 0.7033 0.2144 0.0806 0.0017 0
 0.9318 0.0425 0.0243 0.0014 0
 0.5671 0.3108 0.0964 0.0239 0.0018
 0.0768 0.2599 0.5324 0.112 0.0189
 0.490249 0.384438 0.106611 0.0170017 0.00170017
 0.7925 0.1577 0.0466 0.003 0.0002
 0.840416 0.127587 0.0312969 0.00059994 9.999e-05
 0.8084 0.0986 0.0794 0.0134 0.0002
 0.7335 0.1905 0.0724 0.0035 0.0001
 0.4001 0.4547 0.1325 0.0127 0
 0.49795 0.308269 0.164784 0.0264974 0.00249975
 0.9179 0.0499 0.0305 0.0017 0
 0.2467 0.6533 0.0926 0.0074 0
 0.9418 0.0223 0.034 0.0019 0
 0.707729 0.231977 0.0356964 0.0245975 0
 0.517169 0.277429 0.184464 0.0207286 0.00020938
 0.811772 0.124168 0.05621 0.00726502 0.000585176
 0.764997 0.148141 0.077277 0.00933861 0.000247198
 0.163321 0.427699 0.378323 0.0303852 0.000271297
 0.753843 0.0900009 0.118128 0.0371064 0.000921714
 0.721811 0.176058 0.0630433 0.0369309 0.00215725
 0.143369 0.312575 0.442814 0.0836902 0.0175525
 0.692698 0.0596174 0.167031 0.0765114 0.00414204
pf_pred 
 0.530148 0.138061 0.310205 0.0215854 8.27544e-07
 0.478997 0.305825 0.0632278 0.142065 0.00988584
 0.614038 0.209165 0.103778 0.0214556 0.0515625
 0.774342 0.151565 0.0401538 0.0199225 0.0140174
 0.69483 0.249701 0.0372557 0.00987011 0.00834268
 0.788211 0.156892 0.0449184 0.00670188 0.00327627
 0.492844 0.418854 0.0654138 0.018728 0.00416024
 0.485676 0.291414 0.184099 0.0287514 0.0100601
 0.576946 0.228816 0.110054 0.0695264 0.0146574
 0.756348 0.156098 0.047355 0.0227765 0.0174224
 0.861262 0.111939 0.0171686 0.00520836 0.0044213
 0.777527 0.197104 0.0204684 0.00313931 0.0017608
 0.728045 0.223712 0.0427422 0.00443858 0.00106259
 0.682225 0.247724 0.0576239 0.0110096 0.001417
 0.787461 0.159492 0.0413532 0.0096193 0.0020744
 0.951374 0.0405129 0.00608837 0.0015786 0.000446389
 0.417127 0.561074 0.0181616 0.00272937 0.000907785
 0.923455 0.0367248 0.0383309 0.00124074 0.000248479
 0.626585 0.350727 0.0108856 0.0113617 0.000441422
 0.648701 0.241294 0.10332 0.00320679 0.00347707
 0.773347 0.160098 0.045714 0.0195744 0.00126628
 0.78029 0.17891 0.0288192 0.00822897 0.00375152
 0.342532 0.540414 0.0953175 0.015354 0.00638282
 0.779278 0.0879887 0.109102 0.0192432 0.00438834
 0.650548 0.285509 0.0254901 0.0316065 0.00684601
 0.441994 0.391755 0.13583 0.0121269 0.0182937
 0.729504 0.135111 0.095049 0.0329556 0.00738074
pobs_RECLAS
 0 0 0 0 0
 0 0 0 0 0
 0 0 0 0 0
 0 0 0 0 0
 0 0 0 0 0
 0 0 0 0 0
 0 0 0 0 0
 0 0 0 0 0
 0 0 0 0 0
 0 0 0 0 0
 0.991045 0.00858322 0.000360255 1.14367e-05 0
 0.934742 0.0480273 0.0164251 0.00080598 0
 0.827803 0.169806 0.00239088 0 0
 0.941827 0.0461693 0.0120037 0 0
 0.791401 0.0380133 0.147996 0.0225897 0
 0.846168 0.0940531 0.0597789 0 0
 0.134021 0.677848 0.182769 0.00536245 0
 0.80878 0.0450904 0.141981 0.00414843 0
 0.846168 0.0940531 0.0597789 0 0
 0.905697 0.0802665 0.012482 0.00150086 5.37128e-05
 0.989698 0.0102097 9.19794e-05 0 0
 0.975433 0.0193895 0.00387452 0.00125025 5.28907e-05
 0.303575 0.632131 0.0575291 0.00676475 0
 0.966965 0.00978017 0.0227588 0.000495775 0
 0.843318 0.132988 0.00938335 0.0141283 0.000182051
 0.564624 0.303363 0.111486 0.0197234 0.00080311
 0.826376 0.0876187 0.0782897 0.00655872 0.00115652
ppred_RECLAS
 0.58206 0.122807 0.275931 0.0192005 7.36111e-07
 0.532635 0.27434 0.0567184 0.127439 0.00886808
 0.663499 0.182361 0.0904789 0.0187061 0.0449548
 0.810335 0.127389 0.0337491 0.0167447 0.0117816
 0.737432 0.214843 0.0320548 0.00849224 0.00717804
 0.82156 0.132188 0.0378454 0.00564659 0.00276038
 0.549093 0.372399 0.0581587 0.0166509 0.00369883
 0.537799 0.261881 0.165442 0.0258376 0.00904058
 0.62916 0.200575 0.0964712 0.0609452 0.0128484
 0.79551 0.131009 0.0397437 0.0191156 0.0146221
 0.88444 0.0932384 0.0143003 0.00433823 0.00368266
 0.813562 0.165178 0.017153 0.00263082 0.0014756
 0.769524 0.189591 0.0362231 0.00376161 0.000900526
 0.731308 0.209462 0.0487235 0.00930908 0.00119813
 0.822855 0.132932 0.0344666 0.00801739 0.00172895
 0.960594 0.0328314 0.00493398 0.00127928 0.000361751
 0.470167 0.510018 0.0165089 0.002481 0.000825178
 0.937269 0.0300971 0.0314134 0.00101683 0.000203636
 0.676108 0.304212 0.00944195 0.00985487 0.000382879
 0.696539 0.208437 0.0892508 0.00277011 0.00300359
 0.808736 0.135101 0.0385764 0.0165181 0.00106857
 0.815238 0.150452 0.0242352 0.00692006 0.00315479
 0.391837 0.499887 0.0881694 0.0142025 0.00590415
 0.81347 0.0743585 0.092201 0.0162623 0.00370855
 0.696961 0.247589 0.0221046 0.0274087 0.00593676
 0.494367 0.354986 0.123081 0.0109887 0.0165767
 0.769274 0.115246 0.0810744 0.0281103 0.00629558
pobs_PELACES
 0 0 0 0 0
 0 0 0 0 0
 0 0 0 0 0
 0 0 0 0 0
 0 0 0 0 0
 0 0 0 0 0
 0 0 0 0 0
 0 0 0 0 0
 0 0 0 0 0
 0 0 0 0 0
 0 0 0 0 0
 0 0 0 0 0
 0 0 0 0 0
 0 0 0 0 0
 0 0 0 0 0
 0 0 0 0 0
 0.505614 0.472636 0.0217494 0 0
 0 0 0 0 0
 0.443492 0.261883 0.143347 0.151278 0
 0.227955 0.32914 0.350689 0.0885471 0.00366901
 0.970185 0.0296113 0.000203453 0 0
 0.997202 0.00247181 0.000326279 0 0
 0.445219 0.490057 0.0546422 0.010081 0
 0.90214 0.0892962 0.00764917 0.000914606 0
 0 0 0 0 0
 0.581667 0.319106 0.0959925 0.00289975 0.000334073
 0.762889 0.0836404 0.116647 0.0363945 0.000428098
ppred_PELACES
 0.517526 0.136335 0.323384 0.0227542 8.74296e-07
 0.473487 0.301085 0.0657137 0.149302 0.0104126
 0.608281 0.206492 0.108156 0.0226109 0.05446
 0.774038 0.148762 0.0416059 0.0208738 0.0147195
 0.689531 0.251301 0.0395821 0.0106038 0.00898276
 0.78521 0.15676 0.0473795 0.00714817 0.00350223
 0.499557 0.409117 0.0674508 0.0195273 0.00434745
 0.474884 0.290251 0.193575 0.0305694 0.0107201
 0.574034 0.224116 0.113796 0.0726943 0.0153594
 0.759168 0.150952 0.0483434 0.023512 0.0180251
 0.857918 0.113318 0.0183477 0.00562834 0.00478845
 0.780984 0.192764 0.0211323 0.0032774 0.00184235
 0.730678 0.219325 0.0442374 0.00464525 0.00111455
 0.693999 0.235543 0.0578412 0.0111747 0.00144146
 0.791442 0.154257 0.0422228 0.00993145 0.00214649
 0.951861 0.0397172 0.00630114 0.00165204 0.000468198
 0.41785 0.559171 0.0191078 0.00290369 0.000967916
 0.921461 0.0366123 0.0403413 0.00132043 0.000265026
 0.629361 0.346815 0.0113636 0.0119932 0.000466997
 0.647683 0.237789 0.107489 0.00337349 0.00366597
 0.77085 0.159086 0.0479544 0.0207634 0.00134619
 0.780386 0.176882 0.0300791 0.0086848 0.00396815
 0.33928 0.537536 0.100089 0.0163029 0.00679242
 0.771826 0.0879009 0.115062 0.0205215 0.00469027
 0.646113 0.285836 0.0269402 0.0337783 0.00733271
 0.434974 0.389933 0.142727 0.0128851 0.0194809
 0.722609 0.134559 0.0999316 0.0350362 0.00786418
pobs_pel_tallas
 0 0 0 0 0 0 0 0 0 0 0 0 0 0 0 0 0 0 0 0 0 0 0 0 0 0
 0 0 0 0 0 0 0 0 0 0 0 0 0 0 0 0 0 0 0 0 0 0 0 0 0 0
 0 0 0 0 0 0 0 0 0 0 0 0 0 0 0 0 0 0 0 0 0 0 0 0 0 0
 0 0 0 0 0 0 0 0 0 0 0 0 0 0 0 0 0 0 0 0 0 0 0 0 0 0
 0 0 0 0 0 0 0 0 0 0 0 0 0 0 0 0 0 0 0 0 0 0 0 0 0 0
 0 0 0 0 0 0 0 0 0 0 0 0 0 0 0 0 0 0 0 0 0 0 0 0 0 0
 0 0 0 0 0 0 0 0 0 0 0 0 0 0 0 0 0 0 0 0 0 0 0 0 0 0
 0 0 0 0 0 0 0 0 0 0 0 0 0 0 0 0 0 0 0 0 0 0 0 0 0 0
 0 0 0 0 0 0 0 0 0 0 0 0 0 0 0 0 0 0 0 0 0 0 0 0 0 0
 0 0 0 0 0 0 0 0 0 0 0 0 0 0 0 0 0 0 0 0 0 0 0 0 0 0
 0 0 0 0 0 0 0 0 0 0 0 0 0 0 0 0 0 0 0 0 0 0 0 0 0 0
 0 0 0 0 0 0 0 0 0 0 0 0 0 0 0 0 0 0 0 0 0 0 0 0 0 0
 0.00862536 0 0 0.000197151 0.00414017 0.0128641 0.00837892 0.0270097 0.101434 0.158115 0.152841 0.127902 0.109271 0.109419 0.0830992 0.0579132 0.0238553 0.00714673 0.00463305 0.00128148 0.00103504 0.000492878 0.000147863 0.000147863 4.92878e-05 0
 0 0 0 0 0 0 0 0 0 0 0 0 0 0 0 0 0 0 0 0 0 0 0 0 0 0
 0 0 0 0 0 0 0 0.0054083 0.00873648 0.0413646 0.0450493 0.0745869 0.0622846 0.0627006 0.0613931 0.0827291 0.12552 0.122667 0.0946155 0.0697135 0.0546179 0.0294188 0.0215738 0.0213955 0.0102223 0.00600262
 0 0 0 0 0.00359764 0.0251062 0.0480494 0.140153 0.205849 0.193036 0.1447 0.116669 0.0760912 0.0342217 0.00950174 0.001854 0.000860785 0 0 0 0.000165536 0 0.000143464 0 0 0
 0 0 0 0 0 0 0 0.000145254 0.000435761 0.0275982 0.070085 0.0708112 0.156366 0.174668 0.174014 0.160142 0.0824315 0.0480064 0.0283245 0.00493863 0.00203355 0 0 0 0 0
 0 0 0 0 0 0 0 0 0 0 0 0 0 0 0 0 0 0 0 0 0 0 0 0 0 0
 0 0 1.00437e-05 0.000401748 0.00122533 0.00171747 0.00176769 0.0269171 0.070346 0.194647 0.189555 0.159765 0.064822 0.0314167 0.0384472 0.0292271 0.0345202 0.0313363 0.0194345 0.0106764 0.0143323 0.0359363 0.0279516 0.0138201 0.00172751 0
 0 0.0021121 0.0136068 0.0755702 0.200478 0.177729 0.0527432 0.0373336 0.0318909 0.0142505 0.0149659 0.0166563 0.0217959 0.0798694 0.0677717 0.0528807 0.04013 0.0224614 0.0357745 0.0225083 0.00881397 0.00855152 0.00135912 0.000746735 0 0
 0 0 0 0 5.4009e-05 0.00500934 0.000945158 0.0243581 0.138947 0.33067 0.221406 0.137944 0.0707744 0.0437923 0.0131692 0.00525238 0.0047753 0.00276346 9.45158e-05 9.00151e-06 2.25038e-05 9.00151e-06 4.50075e-06 0 0 0
 0.000866109 0.00284123 0.00948549 0.0512746 0.133035 0.25785 0.225252 0.132002 0.0553304 0.0519788 0.0540692 0.017754 0.00435017 0.00159236 0.00146478 0.000404838 0.000125132 0.000115318 0.000107957 0.000100596 0 0 0 0 0 0
 0 0 0 0 0.00144013 0.00171154 0.00461396 0.0210425 0.0478622 0.0707936 0.0888783 0.103762 0.0637923 0.0337046 0.0602308 0.124433 0.169614 0.0934646 0.0462172 0.0250306 0.0313229 0.00938855 0.002487 0.000210481 0 0
 0 0.00764035 0.051015 0.0998891 0.058973 0.0496711 0.0374665 0.0718981 0.12319 0.153886 0.159021 0.0857701 0.0377988 0.023471 0.0147837 0.00900784 0.00315554 0.000888139 0.00291439 0.00214683 0.00393193 0.00274676 0.000635225 9.99891e-05 0 0
 0 0 0 0 0 0 0 0 0 0 0 0 0 0 0 0 0 0 0 0 0 0 0 0 0 0
 0 0 0 0 0 0 0 0 0 0 0 0 0 0 0 0 0 0 0 0 0 0 0 0 0 0
 0 0 0 0 0 0 0 0 0 0 0 0 0 0 0 0 0 0 0 0 0 0 0 0 0 0
ppred_pel_tallas
 1.1165e-16 4.2628e-05 0.000414359 0.00275356 0.0125173 0.038946 0.0829792 0.121113 0.121127 0.0830459 0.0391716 0.0131747 0.00442658 0.00414195 0.00734244 0.0126447 0.0195437 0.0273449 0.0352645 0.0427768 0.0496307 0.0554494 0.0593555 0.0601285 0.05689 0.0497749
 1.18709e-16 3.90006e-05 0.000379099 0.00251925 0.0114522 0.0356321 0.075919 0.110812 0.110841 0.0760613 0.0361101 0.012834 0.00599275 0.00797907 0.0145262 0.0241012 0.0350859 0.0449614 0.0512501 0.0529767 0.0512991 0.0486734 0.0471881 0.0473604 0.0481434 0.0478631
 1.14658e-16 5.01034e-05 0.000487023 0.00323644 0.0147124 0.0457758 0.0975309 0.142353 0.142374 0.0976289 0.0461052 0.0156657 0.00563628 0.00574905 0.0101125 0.0168215 0.0246628 0.031949 0.0370028 0.0390988 0.0388697 0.0377643 0.0370003 0.036858 0.0367488 0.0358066
 1.05824e-16 6.37565e-05 0.000619736 0.00411837 0.0187215 0.0582496 0.124108 0.181142 0.181156 0.124178 0.0584857 0.0194039 0.00583344 0.00437072 0.00720844 0.0118722 0.0172312 0.0219624 0.0247697 0.0250818 0.0233864 0.020865 0.018624 0.0171276 0.0161715 0.0152503
 1.03791e-16 5.67958e-05 0.000552075 0.00366873 0.0166775 0.0518902 0.110558 0.161368 0.161393 0.110677 0.0522877 0.017826 0.00655187 0.00684747 0.0120174 0.0197895 0.0285317 0.0359445 0.0397243 0.0388154 0.0340338 0.0274992 0.0213467 0.016725 0.013658 0.0115601
 1.02717e-16 6.46767e-05 0.000628681 0.00417781 0.0189917 0.0590903 0.125899 0.183756 0.183771 0.125973 0.0593391 0.0197106 0.00598431 0.00457867 0.00758514 0.0124862 0.0180944 0.0229912 0.0257688 0.0257665 0.0234357 0.0199806 0.0165821 0.0138277 0.011682 0.00983472
 1.04746e-16 4.11479e-05 0.000399973 0.00265796 0.0120827 0.0375941 0.0800996 0.116916 0.116955 0.0802923 0.0382414 0.0139526 0.00735242 0.0106508 0.0195178 0.0322238 0.0464676 0.0585442 0.064698 0.0631918 0.0553256 0.0445159 0.0342137 0.0262904 0.0208266 0.0169483
 1.10541e-16 3.91157e-05 0.000380218 0.00252669 0.011486 0.0357372 0.076143 0.111139 0.111167 0.076281 0.0362013 0.0128295 0.00591108 0.00780758 0.01426 0.0238133 0.0350016 0.0454819 0.0528468 0.0559274 0.0553498 0.05282 0.0497815 0.0465946 0.0427573 0.0377171
 1.13231e-16 4.72825e-05 0.000459603 0.00305422 0.0138841 0.0431986 0.09204 0.13434 0.134361 0.0921463 0.0435562 0.014919 0.00565971 0.00617334 0.010976 0.0182762 0.026814 0.0347743 0.0403481 0.0427502 0.0426458 0.0415482 0.0406817 0.0402404 0.039515 0.0375907
 1.06843e-16 6.25317e-05 0.00060783 0.00403925 0.0183618 0.0571306 0.121723 0.177662 0.177676 0.121795 0.0573703 0.0190551 0.00578212 0.00442145 0.00733195 0.0120936 0.017587 0.0224885 0.0255017 0.0260593 0.0246532 0.0224575 0.0205483 0.0193384 0.0185668 0.017687
 1.01934e-16 7.06656e-05 0.000686895 0.00456466 0.0207503 0.0645618 0.137556 0.20077 0.200781 0.13761 0.0647411 0.0212682 0.00586503 0.00352652 0.00546636 0.00893255 0.0128789 0.0162352 0.0179636 0.0175914 0.0154887 0.0126101 0.00991299 0.00790535 0.00658562 0.00567776
 1.013e-16 6.43287e-05 0.000625297 0.00415532 0.0188895 0.0587724 0.125221 0.182768 0.182787 0.125312 0.059077 0.0197692 0.00636286 0.00544261 0.00920811 0.0151074 0.021724 0.0272491 0.0298834 0.0287946 0.0246099 0.0189918 0.0136519 0.00956738 0.00685024 0.00511528
 1.01988e-16 6.0185e-05 0.000585019 0.00388766 0.0176728 0.0549866 0.117156 0.170996 0.171018 0.117259 0.0553338 0.0186759 0.0064066 0.00608683 0.0105176 0.0173144 0.024986 0.0315214 0.0349039 0.0341876 0.0300377 0.0242427 0.0186143 0.0141442 0.0109062 0.00849978
 1.03095e-16 5.71639e-05 0.000555653 0.00369251 0.0167856 0.0522265 0.111275 0.162414 0.162436 0.111386 0.0525997 0.0178643 0.00640198 0.00647664 0.0113203 0.0186715 0.0270011 0.0341825 0.0380772 0.037684 0.0337037 0.028006 0.0224523 0.0180127 0.0146908 0.0120271
 1.02618e-16 6.51901e-05 0.000633671 0.00421097 0.0191425 0.0595594 0.126898 0.185215 0.185229 0.126971 0.059804 0.0198495 0.00598725 0.0045167 0.00745558 0.0122638 0.017757 0.0225329 0.0252024 0.0251185 0.0227371 0.0192633 0.0158806 0.013181 0.0111278 0.00939794
 1.00437e-16 7.84036e-05 0.000762111 0.00506449 0.0230225 0.0716314 0.152618 0.222752 0.222756 0.152637 0.0716943 0.0232039 0.00552012 0.00175695 0.00196837 0.00313154 0.00450702 0.00567497 0.00626551 0.00610938 0.00533305 0.0042695 0.00325603 0.00247694 0.00194225 0.00156805
 1.0115e-16 3.44179e-05 0.000334554 0.00222323 0.0101065 0.0314454 0.0669998 0.0977994 0.0978532 0.0672626 0.0323276 0.0126532 0.00861097 0.014263 0.0264396 0.0435309 0.0624119 0.0778673 0.0846054 0.0801852 0.0665035 0.0485871 0.031696 0.0189615 0.0108978 0.00639999
 1.01351e-16 7.58995e-05 0.00073777 0.00490274 0.0222872 0.0693437 0.147744 0.215638 0.215641 0.147762 0.0694027 0.0224583 0.00533503 0.00169001 0.00190936 0.0031013 0.00461048 0.00610887 0.00730536 0.00804562 0.0083643 0.00839434 0.00821925 0.00780871 0.00708363 0.00603084
 1.01699e-16 5.18397e-05 0.000503901 0.0033486 0.0152223 0.0473623 0.100912 0.14729 0.147324 0.101075 0.0479095 0.016802 0.00731124 0.00914509 0.0164359 0.027019 0.0387523 0.0483892 0.0526636 0.0500829 0.0418411 0.0310586 0.0209753 0.0134801 0.00881747 0.00622718
 1.04122e-16 5.33488e-05 0.00051857 0.00344608 0.0156654 0.048741 0.103849 0.151575 0.151598 0.103961 0.0491193 0.0167597 0.00619826 0.00654426 0.0115487 0.0191415 0.0278774 0.0356937 0.0404928 0.0412559 0.0385677 0.034072 0.0293443 0.0251135 0.0212995 0.0175642
 1.03735e-16 6.34939e-05 0.000617183 0.0041014 0.0186444 0.0580097 0.123596 0.180396 0.180411 0.123671 0.0582622 0.0193743 0.0059358 0.00462912 0.0077049 0.0126954 0.0184195 0.0234549 0.0263939 0.0265899 0.0245178 0.0213972 0.018393 0.0160342 0.0141981 0.0124891
 1.02456e-16 6.42794e-05 0.000624818 0.00415214 0.018875 0.0587273 0.125125 0.182628 0.182645 0.125209 0.0590072 0.0196836 0.00618225 0.00505815 0.00848866 0.0139442 0.0201104 0.0253526 0.0280494 0.0274551 0.024135 0.0195655 0.015232 0.0119304 0.00967778 0.00807766
 1.05811e-16 2.79461e-05 0.000271647 0.00180519 0.00820616 0.0255327 0.054402 0.0794122 0.079464 0.0546554 0.0263835 0.010664 0.00797647 0.0137494 0.0256416 0.0423903 0.0611632 0.077123 0.0853374 0.0835082 0.0733034 0.0591557 0.0455477 0.0349192 0.0274096 0.0219501
 1.06195e-16 6.35743e-05 0.000617965 0.00410659 0.018668 0.058083 0.123752 0.180622 0.180631 0.123795 0.0582255 0.0190816 0.00515277 0.00292836 0.00452949 0.00759159 0.0114067 0.0153421 0.0187718 0.0213731 0.0232249 0.0245632 0.0254241 0.0255201 0.0244563 0.0220696
 1.05479e-16 5.32196e-05 0.000517313 0.00343773 0.0156274 0.0486229 0.103597 0.151209 0.151236 0.103732 0.0490747 0.0169322 0.00671249 0.00766507 0.0136255 0.0224365 0.0323091 0.0406299 0.0447884 0.0436219 0.0381296 0.0308095 0.0241543 0.019465 0.0166717 0.0149414
 1.08808e-16 3.58283e-05 0.000348264 0.00231434 0.0105207 0.0327339 0.0697445 0.101802 0.10184 0.0699289 0.0333534 0.0123118 0.00681691 0.0101995 0.0188099 0.0312089 0.0453484 0.0578502 0.0652649 0.0659657 0.0610358 0.0533648 0.0457382 0.0394654 0.0343609 0.0296371
 1.07763e-16 5.95204e-05 0.000578559 0.00384473 0.0174776 0.0543794 0.115861 0.169106 0.169119 0.115926 0.054595 0.0181022 0.00541945 0.00403867 0.00669729 0.0111525 0.0164718 0.0215847 0.0254313 0.0275212 0.028162 0.0281 0.0278839 0.027497 0.026504 0.024487
pSPR Fmed_Fpbrs
0.489971   0.6 0.325
Fs Fmed_Fpbrs
0.396583   0.274242 0.668608
SSBpbr Bo_Bmed_Bpbrs
1.45739e+06  641211  801567 400783
Ro
133869
SPR SPRFo_SPRFmed_SPRFpbrs
951070 465997 309098
Fref
0.274242
Nvult_r0
 134400 21135.6 14868.7 5155.31 1154.58
CTP_r0
 25709.9 4761.7 3349.81 1161.45 260.119
YTP_r0
407407
Np
 247925 54998.8 8018.87 5641.2 2493.9
Nvult_p0
 174954 39618.7 5776.45 4063.68 1796.5
CTP_p0
 31908.7 8526.73 1243.21 874.583 386.642
YTP_p0
 445416
CBA_c0
418810
log_Ro
11.6246
likeval ReclasPelacesDesembMPH_pf_preclas_ppelaces_ptallas_desvR_qrecl_qpela
 11.8363 16.561 0.0320336 0.000821181 196.709 88.9555 70.1417 0 21.4112 6.03384e-06 2.82245e-05 0.161494 6.8745e-16 0 0
q_reclas_q_pelaces
1.41635 2.12938
M
1
N
 167366 36036.6 80969.5 5634.21 0.216005
 96465.2 51579.2 10663.7 23960 1667.3
 89827.9 25613.2 12708.1 2627.33 6314.06
 144810 23986.3 6354.67 3152.89 2218.37
 113940 33779.3 5039.91 1335.22 1128.59
 217190 36002.8 10307.6 1537.91 751.821
 84627.8 61616.4 9622.83 2755.03 612.001
 34016.1 16770 10594.3 1654.55 578.928
 33540.8 11236.7 5404.53 3414.29 719.794
 45276 8006.23 2428.82 1168.2 893.588
 83693.3 8956.86 1373.75 416.748 353.771
 125152 27001.9 2804.02 430.063 241.218
 103868 27104.3 5178.53 537.767 128.741
 73170.4 23151.2 5385.28 1028.91 132.427
 65077.3 11301.4 2930.23 681.611 146.989
 353229 12747.4 1915.71 496.706 140.457
 71747.6 80888 2618.29 393.483 130.872
 567686 18860.2 19685 637.189 127.607
 328335 155239 4818.2 5028.91 195.382
 250033 78413.8 33576.1 1042.11 1129.95
 352780 61116.7 17451.1 7472.41 483.396
 489382 94499.7 15222.2 4346.52 1981.54
 92419.7 121308 21396.2 3446.55 1432.77
 283456 26528.5 32894.1 5801.83 1323.08
 233279 84906.8 7580.43 9399.37 2035.92
 94757.8 69451.1 24080.2 2149.87 3243.14
 189399 29154.5 20509.9 7111.24 1592.63
pred_Ctot
 17417.8 4535.93 10191.6 709.179 0.0271886
 17422 11123.5 2299.72 5167.16 359.567
 15977.2 5442.45 2700.29 558.271 1341.65
 34751.4 6802.02 1802.05 894.093 629.083
 10287.7 3697.1 551.613 146.138 123.523
 32087.2 6386.9 1828.58 272.826 133.373
 25936 22042.3 3442.41 985.566 218.933
 2213.96 1328.41 839.219 131.064 45.8591
 7709.94 3057.76 1470.7 929.108 195.873
 13904.9 2869.75 870.586 418.728 320.298
 6577.61 854.901 131.119 39.7772 33.7662
 33957.1 8608.17 893.92 137.104 76.9
 26943.8 8279.23 1581.82 164.265 39.325
 28746.1 10438.1 2428.03 463.898 59.7064
 20230.6 4097.5 1062.4 247.129 53.2932
 87584.1 3729.64 560.499 145.327 41.0949
 13304.1 17895.2 579.256 87.052 28.9534
 94349.7 3752.19 3916.28 126.767 25.3872
 75399.1 42204.1 1309.91 1367.19 53.1178
 54820 20391.1 8731.31 270.997 293.838
 62204.3 12877.5 3677.02 1574.47 101.853
 104185 23888.3 3847.98 1098.74 500.907
 13098.8 20666 3645.04 587.151 244.085
 33847.2 3821.7 4738.73 835.811 190.603
 28613.4 12557.7 1121.15 1390.17 301.112
 9946.68 8816.1 3056.74 272.904 411.683
 25709.9 4761.7 3349.81 1161.45 260.119
F
 0.177065 0.217687 0.217687 0.217687 0.217687
 0.326073 0.400879 0.400879 0.400879 0.400879
 0.320412 0.39392 0.39392 0.39392 0.39392
 0.455579 0.560096 0.560096 0.560096 0.560096
 0.152075 0.186963 0.186963 0.186963 0.186963
 0.259844 0.319457 0.319457 0.319457 0.319457
 0.618674 0.760608 0.760608 0.760608 0.760608
 0.107654 0.132351 0.132351 0.132351 0.132351
 0.432544 0.531776 0.531776 0.531776 0.531776
 0.620358 0.762678 0.762678 0.762678 0.762678
 0.131253 0.161365 0.161365 0.161365 0.161365
 0.529833 0.651385 0.651385 0.651385 0.651385
 0.50107 0.616023 0.616023 0.616023 0.616023
 0.867864 1.06697 1.06697 1.06697 1.06697
 0.63025 0.774839 0.774839 0.774839 0.774839
 0.47405 0.582805 0.582805 0.582805 0.582805
 0.336103 0.41321 0.41321 0.41321 0.41321
 0.296606 0.364652 0.364652 0.364652 0.364652
 0.432033 0.531148 0.531148 0.531148 0.531148
 0.40881 0.502597 0.502597 0.502597 0.502597
 0.317247 0.390028 0.390028 0.390028 0.390028
 0.394808 0.485384 0.485384 0.485384 0.485384
 0.248118 0.305041 0.305041 0.305041 0.305041
 0.205505 0.252651 0.252651 0.252651 0.252651
 0.211614 0.260162 0.260162 0.260162 0.260162
 0.178715 0.219715 0.219715 0.219715 0.219715
 0.236544 0.290811 0.290811 0.290811 0.290811
nmprior
 8.19 8.8 8.5 0
nm_flota  nm_reclas  nm_pelaces    nm_pelaL
inf 11.5909 13.3191 10.2808
cv_recla  cv_pelaces  cv_mph
0.34404 0.545983 0.884351
 ------------------------------------------------
Talla a la edad & desviaci?n 
 8 13.2811 15.8009 17.003 17.5766
 0.8 1.32811 1.58009 1.7003 1.75766
