years
 1991 1992 1993 1994 1995 1996 1997 1998 1999 2000 2001 2002 2003 2004 2005 2006 2007 2008 2009 2010 2011 2012 2013 2014 2015 2016 2017 2018 2019
reclasobs
 0 0 0 0 0 0 0 0 0 252601 567819 844713 477998 351125 339783 2.1784e+06 2.13404e+06 4.81314e+06 1.55562e+06 2.62356e+06 3.21686e+06 3.843e+06 1.13348e+06 3.07943e+06 1.97215e+06 2.03268e+06 2.025e+06 2.42433e+06 2.27542e+06
reclaspred
 3.1872e+06 1.74235e+06 881122 913358 929337 1.6266e+06 915445 782456 551517 370902 504706 689958 676702 497209 484762 1.36066e+06 1.21206e+06 3.12461e+06 2.49302e+06 1.78499e+06 3.11543e+06 2.54425e+06 1.91556e+06 3.07892e+06 2.27307e+06 2.00599e+06 2.46902e+06 2.46557e+06 1.94497e+06
pelacesobs
 0 0 0 0 0 0 0 0 0 0 0 0 0 0 0 552880 188675 0 991730 2.46772e+06 1.41603e+06 1.21717e+06 2.29649e+06 1.80582e+06 0 1.4828e+06 1.56532e+06 1.57751e+06 1.42118e+06
pelacespred
 1.90793e+06 1.13673e+06 558376 446223 502807 878714 460820 511147 331248 200658 286428 326825 356867 261913 260833 609338 602102 1.6921e+06 1.4343e+06 951123 1.61596e+06 1.40027e+06 1.12373e+06 1.88724e+06 1.3999e+06 1.24415e+06 1.66954e+06 1.65298e+06 1.1514e+06
mphobs
 0 0 0 0 0 0 0 0 0 0 0 498337 0 5186 125008 0 168611 109162 213762 579715 649985 157893 87575 83554 0 0 0 0 0
mphpred
 488519 327730 157349 87212.3 96513.6 116679 162048 86866.5 77907.9 48409.3 29530.6 61296.5 65858.9 53678.5 32301.8 40972.2 152481 135328 312099 219712 227542 282468 269140 212711 312819 255459 209142 231384 302157
desembarqueobs
 494567 514787 250237 358949 120608 361735 552515 73892 212993 205616 52469 317467 293654 387597 252695 516296 358380 742168 942051 627588 828172 859565 418607 520667 417249 300574 407403 355545 319650
desembarquepred
 494572 513844 250680 358985 120614 361743 552539 73897.6 213056 205673 52472 317528 293687 387571 252669 516225 358413 742013 941742 627362 828257 859546 418610 520692 417237 300571 407392 355515 319638
Reclutas
 169399 94117.4 93189.3 143647 115571 213406 83393 34857 34228.9 46207.5 86036.2 126185 105345 73733.7 67036.3 361232 73410.1 582206 331248 255764 359559 493234 95435.2 285963 240440 107581 244855 240860 82933.4
log_desv_Rt
 0.206334 -0.381377 -0.391288 0.041441 -0.176038 0.437278 -0.502356 -1.37467 -1.39285 -1.09278 -0.471152 -0.0881727 -0.268677 -0.625461 -0.720686 0.963599 -0.629858 1.4409 0.876946 0.618335 0.958958 1.27506 -0.367473 0.729942 0.55655 -0.247675 0.574745 0.558294 -0.507882
SSB
 1.95828e+06 1.31374e+06 630753 349600 386886 467721 649587 348214 312303 194054 118377 245714 264003 215176 129485 164242 611236 542477 1.25108e+06 880740 912127 1.1323e+06 1.07888e+06 852676 1.25397e+06 1.02404e+06 838369 927529 1.21123e+06
BT
 2.78379e+06 1.91376e+06 936029 894768 756829 1.51835e+06 1.08078e+06 741781 646287 465451 443808 711982 753328 765236 621696 1.29632e+06 1.06633e+06 3.06363e+06 2.82468e+06 1.81103e+06 2.90199e+06 2.67117e+06 1.81489e+06 3.10252e+06 2.20753e+06 1.88853e+06 2.71403e+06 2.621e+06 1.7211e+06
Ftot
 0.212442 0.391738 0.384609 0.574626 0.190729 0.341419 0.793056 0.136936 0.548524 0.776566 0.169055 0.677339 0.635017 1.10553 0.805246 0.623233 0.412789 0.383907 0.542853 0.510058 0.398958 0.500758 0.303181 0.264418 0.264698 0.213538 0.255375 0.224148 0.222931
BD_Bspro_t
 0.9667 0.772727 0.563166 0.46255 0.458869 0.555748 0.560157 0.365372 0.420634 0.356601 0.311239 0.570247 0.448828 0.354009 0.239807 0.287984 0.481844 0.439657 0.576503 0.459754 0.422472 0.472674 0.489025 0.469966 0.59731 0.605703 0.613422 0.664592 0.707944
BD_Bspro
 1.99935 1.34129 0.643981 0.356932 0.395 0.47753 0.66321 0.355517 0.318852 0.198124 0.120859 0.250867 0.26954 0.219689 0.132201 0.167686 0.624055 0.553854 1.27732 0.899211 0.931256 1.15605 1.1015 0.870558 1.28027 1.04551 0.855952 0.946981 1.23663
BD_Bo
 1.31629 0.883053 0.423971 0.234989 0.260051 0.314386 0.43663 0.234058 0.209919 0.130436 0.0795688 0.165161 0.177454 0.144634 0.0870357 0.110398 0.410852 0.364635 0.840936 0.592003 0.613101 0.761096 0.725185 0.573139 0.842876 0.688323 0.563523 0.623453 0.814147
BD_Brms
 2.39326 1.60555 0.770856 0.427253 0.472821 0.571611 0.793873 0.42556 0.381671 0.237157 0.14467 0.300292 0.322643 0.262971 0.158247 0.200723 0.747004 0.662972 1.52897 1.07637 1.11473 1.38381 1.31852 1.04207 1.5325 1.2515 1.02459 1.13355 1.48027
Sel_flota
 0.721419 0.980081 0.998931 0.999944 0.999997
 0.721419 0.980081 0.998931 0.999944 0.999997
 0.721419 0.980081 0.998931 0.999944 0.999997
 0.721419 0.980081 0.998931 0.999944 0.999997
 0.721419 0.980081 0.998931 0.999944 0.999997
 0.721419 0.980081 0.998931 0.999944 0.999997
 0.721419 0.980081 0.998931 0.999944 0.999997
 0.721419 0.980081 0.998931 0.999944 0.999997
 0.721419 0.980081 0.998931 0.999944 0.999997
 0.721419 0.980081 0.998931 0.999944 0.999997
 0.721419 0.980081 0.998931 0.999944 0.999997
 0.721419 0.980081 0.998931 0.999944 0.999997
 0.721419 0.980081 0.998931 0.999944 0.999997
 0.721419 0.980081 0.998931 0.999944 0.999997
 0.721419 0.980081 0.998931 0.999944 0.999997
 0.721419 0.980081 0.998931 0.999944 0.999997
 0.721419 0.980081 0.998931 0.999944 0.999997
 0.721419 0.980081 0.998931 0.999944 0.999997
 0.721419 0.980081 0.998931 0.999944 0.999997
 0.721419 0.980081 0.998931 0.999944 0.999997
 0.721419 0.980081 0.998931 0.999944 0.999997
 0.721419 0.980081 0.998931 0.999944 0.999997
 0.721419 0.980081 0.998931 0.999944 0.999997
 0.721419 0.980081 0.998931 0.999944 0.999997
 0.721419 0.980081 0.998931 0.999944 0.999997
 0.721419 0.980081 0.998931 0.999944 0.999997
 0.721419 0.980081 0.998931 0.999944 0.999997
 0.721419 0.980081 0.998931 0.999944 0.999997
 0.721419 0.980081 0.998931 0.999944 0.999997
Sel_reclas
 1 1 1 1 1
 1 1 1 1 1
 1 1 1 1 1
 1 1 1 1 1
 1 1 1 1 1
 1 1 1 1 1
 1 1 1 1 1
 1 1 1 1 1
 1 1 1 1 1
 1 1 1 1 1
 1 1 1 1 1
 1 1 1 1 1
 1 1 1 1 1
 1 1 1 1 1
 1 1 1 1 1
 1 1 1 1 1
 1 1 1 1 1
 1 1 1 1 1
 1 1 1 1 1
 1 1 1 1 1
 1 1 1 1 1
 1 1 1 1 1
 1 1 1 1 1
 1 1 1 1 1
 1 1 1 1 1
 1 1 1 1 1
 1 1 1 1 1
 1 1 1 1 1
 1 1 1 1 1
Sel_pelaces
 0.79889 0.952362 0.990158 0.998029 0.999608
 0.79889 0.952362 0.990158 0.998029 0.999608
 0.79889 0.952362 0.990158 0.998029 0.999608
 0.79889 0.952362 0.990158 0.998029 0.999608
 0.79889 0.952362 0.990158 0.998029 0.999608
 0.79889 0.952362 0.990158 0.998029 0.999608
 0.79889 0.952362 0.990158 0.998029 0.999608
 0.79889 0.952362 0.990158 0.998029 0.999608
 0.79889 0.952362 0.990158 0.998029 0.999608
 0.79889 0.952362 0.990158 0.998029 0.999608
 0.79889 0.952362 0.990158 0.998029 0.999608
 0.79889 0.952362 0.990158 0.998029 0.999608
 0.79889 0.952362 0.990158 0.998029 0.999608
 0.79889 0.952362 0.990158 0.998029 0.999608
 0.79889 0.952362 0.990158 0.998029 0.999608
 0.79889 0.952362 0.990158 0.998029 0.999608
 0.79889 0.952362 0.990158 0.998029 0.999608
 0.79889 0.952362 0.990158 0.998029 0.999608
 0.79889 0.952362 0.990158 0.998029 0.999608
 0.79889 0.952362 0.990158 0.998029 0.999608
 0.79889 0.952362 0.990158 0.998029 0.999608
 0.79889 0.952362 0.990158 0.998029 0.999608
 0.79889 0.952362 0.990158 0.998029 0.999608
 0.79889 0.952362 0.990158 0.998029 0.999608
 0.79889 0.952362 0.990158 0.998029 0.999608
 0.79889 0.952362 0.990158 0.998029 0.999608
 0.79889 0.952362 0.990158 0.998029 0.999608
 0.79889 0.952362 0.990158 0.998029 0.999608
 0.79889 0.952362 0.990158 0.998029 0.999608
pf_obs 
 0.8446 0.082 0.0669 0.0065 0
 0.8095 0.147 0.0364 0.0071 0
 0.9664 0.0169 0.016 0.0007 0
 0.9276 0.0648 0.0075 0.0001 0
 0.7033 0.2144 0.0806 0.0017 0
 0.9318 0.0425 0.0243 0.0014 0
 0.5671 0.3108 0.0964 0.0239 0.0018
 0.0768 0.2599 0.5324 0.112 0.0189
 0.490249 0.384438 0.106611 0.0170017 0.00170017
 0.7925 0.1577 0.0466 0.003 0.0002
 0.840416 0.127587 0.0312969 0.00059994 9.999e-05
 0.8084 0.0986 0.0794 0.0134 0.0002
 0.7335 0.1905 0.0724 0.0035 0.0001
 0.4001 0.4547 0.1325 0.0127 0
 0.49795 0.308269 0.164784 0.0264974 0.00249975
 0.9179 0.0499 0.0305 0.0017 0
 0.2467 0.6533 0.0926 0.0074 0
 0.9418 0.0223 0.034 0.0019 0
 0.707729 0.231977 0.0356964 0.0245975 0
 0.517169 0.277429 0.184464 0.0207286 0.00020938
 0.811772 0.124168 0.05621 0.00726502 0.000585176
 0.764997 0.148141 0.077277 0.00933861 0.000247198
 0.163321 0.427699 0.378323 0.0303852 0.000271297
 0.753843 0.0900009 0.118128 0.0371064 0.000921714
 0.721811 0.176058 0.0630433 0.0369309 0.00215725
 0.143369 0.312575 0.442814 0.0836902 0.0175525
 0.692698 0.0596174 0.167031 0.0765114 0.00414204
 0.394062 0.376323 0.152708 0.0712218 0.00568511
 0.125707 0.32114 0.495352 0.0537591 0.00404204
pf_pred 
 0.494927 0.139457 0.342302 0.0233121 8.7975e-07
 0.438306 0.325075 0.0663151 0.159455 0.010848
 0.590825 0.216197 0.112792 0.0224928 0.0576936
 0.744027 0.172738 0.04446 0.0226749 0.0160999
 0.668429 0.268885 0.0426514 0.0107079 0.00932597
 0.763614 0.17393 0.050845 0.00790296 0.003708
 0.469659 0.435525 0.0701768 0.0200636 0.00457619
 0.463637 0.308345 0.188183 0.0294943 0.0103403
 0.554502 0.242181 0.117874 0.0705294 0.0149137
 0.736818 0.170567 0.0509287 0.0241814 0.017505
 0.843361 0.126998 0.0194001 0.00563554 0.00460591
 0.75726 0.213939 0.0234407 0.00350923 0.00185051
 0.704692 0.243276 0.0460018 0.00490916 0.00112088
 0.656347 0.268369 0.062302 0.011479 0.00150259
 0.76728 0.176046 0.0445707 0.0100198 0.00208417
 0.94478 0.046125 0.00692706 0.00170531 0.000462409
 0.390035 0.586857 0.0193834 0.00283745 0.000886712
 0.913837 0.0411214 0.0433731 0.00140005 0.000268661
 0.59791 0.37735 0.0119474 0.0123191 0.000473382
 0.62216 0.258755 0.11193 0.00345768 0.00369741
 0.749315 0.177075 0.0507934 0.0214472 0.00136919
 0.757255 0.196827 0.0326552 0.00915554 0.00410764
 0.319556 0.55748 0.100161 0.0162232 0.00658061
 0.753037 0.0982004 0.122356 0.0215135 0.00489231
 0.629287 0.300734 0.0281843 0.0343824 0.00741165
 0.437999 0.395281 0.135802 0.012461 0.0184573
 0.739262 0.135519 0.0886127 0.0298245 0.00678251
 0.659377 0.272207 0.0359236 0.0230009 0.00949122
 0.376593 0.454321 0.135695 0.0175418 0.0158484
pobs_RECLAS
 0 0 0 0 0
 0 0 0 0 0
 0 0 0 0 0
 0 0 0 0 0
 0 0 0 0 0
 0 0 0 0 0
 0 0 0 0 0
 0 0 0 0 0
 0 0 0 0 0
 0 0 0 0 0
 0.991045 0.00858322 0.000360255 1.14367e-05 0
 0.934742 0.0480273 0.0164251 0.00080598 0
 0.827803 0.169806 0.00239088 0 0
 0.941827 0.0461693 0.0120037 0 0
 0.791401 0.0380133 0.147996 0.0225897 0
 0.846168 0.0940531 0.0597789 0 0
 0.134021 0.677848 0.182769 0.00536245 0
 0.80878 0.0450904 0.141981 0.00414843 0
 0.846168 0.0940531 0.0597789 0 0
 0.905697 0.0802665 0.012482 0.00150086 5.37128e-05
 0.989698 0.0102097 9.19794e-05 0 0
 0.975433 0.0193895 0.00387452 0.00125025 5.28907e-05
 0.303575 0.632131 0.0575291 0.00676475 0
 0.966965 0.00978017 0.0227588 0.000495775 0
 0.843318 0.132988 0.00938335 0.0141283 0.000182051
 0.564624 0.303363 0.111486 0.0197234 0.00080311
 0.826376 0.0876187 0.0782897 0.00655872 0.00115652
 0.89761 0.0855135 0.0140674 0.00269457 0.000114338
 0.34875 0.467042 0.161289 0.0227151 0.000203297
ppred_RECLAS
 0.575785 0.118793 0.285966 0.0194553 7.3416e-07
 0.519479 0.280511 0.0560977 0.134745 0.00916645
 0.666859 0.177708 0.090889 0.0181058 0.0464384
 0.801862 0.134616 0.033948 0.0172949 0.0122792
 0.734169 0.216373 0.0336624 0.00844244 0.00735249
 0.816601 0.135651 0.0388794 0.00603677 0.00283224
 0.553809 0.367815 0.0580255 0.0165708 0.00377933
 0.542936 0.26493 0.158597 0.0248318 0.00870522
 0.634478 0.200589 0.0956648 0.0571789 0.0120901
 0.797389 0.132307 0.0386798 0.0183448 0.0132791
 0.88055 0.0972054 0.0145644 0.00422647 0.00345409
 0.812861 0.165343 0.0177441 0.00265347 0.00139917
 0.768537 0.191372 0.035449 0.00377885 0.00086275
 0.731444 0.210758 0.0478416 0.00880417 0.00115239
 0.82238 0.135062 0.0334769 0.00751734 0.00156356
 0.95966 0.0338105 0.0049743 0.00122324 0.000331672
 0.467963 0.512268 0.0165858 0.00242535 0.000757887
 0.936365 0.0306858 0.0317297 0.00102313 0.000196321
 0.672822 0.307438 0.00953814 0.0098243 0.000377493
 0.695665 0.209744 0.0889136 0.00274372 0.00293378
 0.805097 0.138487 0.0389419 0.0164255 0.00104855
 0.811967 0.153052 0.0248851 0.00696955 0.00312672
 0.392258 0.499691 0.0880305 0.0142436 0.00577729
 0.808448 0.0770753 0.0941745 0.0165412 0.00376136
 0.699765 0.244483 0.0224687 0.0273813 0.00590214
 0.517051 0.341651 0.115117 0.010552 0.0156288
 0.796502 0.106776 0.0684673 0.0230202 0.00523483
 0.72642 0.219501 0.0284094 0.018171 0.00749775
 0.453451 0.400425 0.117292 0.015147 0.0136841
pobs_PELACES
 0 0 0 0 0
 0 0 0 0 0
 0 0 0 0 0
 0 0 0 0 0
 0 0 0 0 0
 0 0 0 0 0
 0 0 0 0 0
 0 0 0 0 0
 0 0 0 0 0
 0 0 0 0 0
 0 0 0 0 0
 0 0 0 0 0
 0 0 0 0 0
 0 0 0 0 0
 0 0 0 0 0
 0 0 0 0 0
 0.505614 0.472636 0.0217494 0 0
 0 0 0 0 0
 0.443492 0.261883 0.143347 0.151278 0
 0.227955 0.32914 0.350689 0.0885471 0.00366901
 0.970185 0.0296113 0.000203453 0 0
 0.997202 0.00247181 0.000326279 0 0
 0.445219 0.490057 0.0546422 0.010081 0
 0.90214 0.0892962 0.00764917 0.000914606 0
 0 0 0 0 0
 0.581667 0.319106 0.0959925 0.00289975 0.000334073
 0.762889 0.0836404 0.116647 0.0363945 0.000428098
 0.88444 0.0763242 0.0277011 0.0115352 0
 0.521256 0.241999 0.230069 0.00667565 0
ppred_PELACES
 0.530046 0.128022 0.31999 0.0219415 8.29287e-07
 0.479488 0.298506 0.0619145 0.149879 0.0102121
 0.629983 0.193668 0.102737 0.0206261 0.0529857
 0.778776 0.148396 0.0387695 0.0199044 0.0141541
 0.700311 0.242071 0.0391086 0.00988567 0.00862297
 0.79196 0.152326 0.0452951 0.00708803 0.0033307
 0.525382 0.388742 0.0634469 0.0182583 0.00417071
 0.497833 0.286223 0.177993 0.0280888 0.00986258
 0.599851 0.215732 0.106606 0.0642131 0.0135987
 0.776837 0.143803 0.0434986 0.0207889 0.0150719
 0.861598 0.111761 0.0173915 0.0050867 0.00416368
 0.793559 0.181616 0.0201788 0.00304085 0.00160595
 0.745023 0.209488 0.0401856 0.0043169 0.000987141
 0.71368 0.223069 0.052285 0.00969476 0.00127094
 0.804856 0.14711 0.0377209 0.00853537 0.00177808
 0.954377 0.0380072 0.00579115 0.00143513 0.000389736
 0.432849 0.545299 0.0183089 0.00269823 0.000844485
 0.925989 0.0350091 0.037547 0.00122018 0.0002345
 0.643172 0.334484 0.0107527 0.0111613 0.000429541
 0.664439 0.22864 0.100451 0.00312386 0.00334551
 0.779951 0.15458 0.0450802 0.0191633 0.00122524
 0.789622 0.170008 0.0286499 0.00808636 0.00363345
 0.355571 0.526176 0.0961938 0.0156865 0.0063726
 0.779625 0.0866288 0.109867 0.0194492 0.0044296
 0.664874 0.270732 0.0258259 0.0317199 0.00684813
 0.474796 0.367245 0.128481 0.0118698 0.0176083
 0.767023 0.119934 0.07983 0.0270516 0.00616128
 0.692453 0.244706 0.0328827 0.0211977 0.00876045
 0.412396 0.425948 0.12954 0.0168604 0.015256
pobs_pel_tallas
 0 0 0 0 0 0 0 0 0 0 0 0 0 0 0 0 0 0 0 0 0 0 0 0 0 0
 0 0 0 0 0 0 0 0 0 0 0 0 0 0 0 0 0 0 0 0 0 0 0 0 0 0
 0 0 0 0 0 0 0 0 0 0 0 0 0 0 0 0 0 0 0 0 0 0 0 0 0 0
 0 0 0 0 0 0 0 0 0 0 0 0 0 0 0 0 0 0 0 0 0 0 0 0 0 0
 0 0 0 0 0 0 0 0 0 0 0 0 0 0 0 0 0 0 0 0 0 0 0 0 0 0
 0 0 0 0 0 0 0 0 0 0 0 0 0 0 0 0 0 0 0 0 0 0 0 0 0 0
 0 0 0 0 0 0 0 0 0 0 0 0 0 0 0 0 0 0 0 0 0 0 0 0 0 0
 0 0 0 0 0 0 0 0 0 0 0 0 0 0 0 0 0 0 0 0 0 0 0 0 0 0
 0 0 0 0 0 0 0 0 0 0 0 0 0 0 0 0 0 0 0 0 0 0 0 0 0 0
 0 0 0 0 0 0 0 0 0 0 0 0 0 0 0 0 0 0 0 0 0 0 0 0 0 0
 0 0 0 0 0 0 0 0 0 0 0 0 0 0 0 0 0 0 0 0 0 0 0 0 0 0
 0 0 0 0 0 0 0 0 0 0 0 0 0 0 0 0 0 0 0 0 0 0 0 0 0 0
 0.00862536 0 0 0.000197151 0.00414017 0.0128641 0.00837892 0.0270097 0.101434 0.158115 0.152841 0.127902 0.109271 0.109419 0.0830992 0.0579132 0.0238553 0.00714673 0.00463305 0.00128148 0.00103504 0.000492878 0.000147863 0.000147863 4.92878e-05 0
 0 0 0 0 0 0 0 0 0 0 0 0 0 0 0 0 0 0 0 0 0 0 0 0 0 0
 0 0 0 0 0 0 0 0.0054083 0.00873648 0.0413646 0.0450493 0.0745869 0.0622846 0.0627006 0.0613931 0.0827291 0.12552 0.122667 0.0946155 0.0697135 0.0546179 0.0294188 0.0215738 0.0213955 0.0102223 0.00600262
 0 0 0 0 0.00359764 0.0251062 0.0480494 0.140153 0.205849 0.193036 0.1447 0.116669 0.0760912 0.0342217 0.00950174 0.001854 0.000860785 0 0 0 0.000165536 0 0.000143464 0 0 0
 0 0 0 0 0 0 0 0.000145254 0.000435761 0.0275982 0.070085 0.0708112 0.156366 0.174668 0.174014 0.160142 0.0824315 0.0480064 0.0283245 0.00493863 0.00203355 0 0 0 0 0
 0 0 0 0 0 0 0 0 0 0 0 0 0 0 0 0 0 0 0 0 0 0 0 0 0 0
 0 0 1.00437e-05 0.000401748 0.00122533 0.00171747 0.00176769 0.0269171 0.070346 0.194647 0.189555 0.159765 0.064822 0.0314167 0.0384472 0.0292271 0.0345202 0.0313363 0.0194345 0.0106764 0.0143323 0.0359363 0.0279516 0.0138201 0.00172751 0
 0 0.0021121 0.0136068 0.0755702 0.200478 0.177729 0.0527432 0.0373336 0.0318909 0.0142505 0.0149659 0.0166563 0.0217959 0.0798694 0.0677717 0.0528807 0.04013 0.0224614 0.0357745 0.0225083 0.00881397 0.00855152 0.00135912 0.000746735 0 0
 0 0 0 0 5.4009e-05 0.00500934 0.000945158 0.0243581 0.138947 0.33067 0.221406 0.137944 0.0707744 0.0437923 0.0131692 0.00525238 0.0047753 0.00276346 9.45158e-05 9.00151e-06 2.25038e-05 9.00151e-06 4.50075e-06 0 0 0
 0.000866109 0.00284123 0.00948549 0.0512746 0.133035 0.25785 0.225252 0.132002 0.0553304 0.0519788 0.0540692 0.017754 0.00435017 0.00159236 0.00146478 0.000404838 0.000125132 0.000115318 0.000107957 0.000100596 0 0 0 0 0 0
 0 0 0 0 0.00144013 0.00171154 0.00461396 0.0210425 0.0478622 0.0707936 0.0888783 0.103762 0.0637923 0.0337046 0.0602308 0.124433 0.169614 0.0934646 0.0462172 0.0250306 0.0313229 0.00938855 0.002487 0.000210481 0 0
 0 0.00764035 0.051015 0.0998891 0.058973 0.0496711 0.0374665 0.0718981 0.12319 0.153886 0.159021 0.0857701 0.0377988 0.023471 0.0147837 0.00900784 0.00315554 0.000888139 0.00291439 0.00214683 0.00393193 0.00274676 0.000635225 9.99891e-05 0 0
 0 0 0 0 0 0 0 0 0 0 0 0 0 0 0 0 0 0 0 0 0 0 0 0 0 0
 0 0 0 0 0 0 0 0 0 0 0 0 0 0 0 0 0 0 0 0 0 0 0 0 0 0
 0 0 0 0 0 0 0 0 0 0 0 0 0 0 0 0 0 0 0 0 0 0 0 0 0 0
 0 0 0 0 0 0 0 0 0 0 0 0 0 0 0 0 0 0 0 0 0 0 0 0 0 0
 0 0 0 0 0 0 0 0 0 0 0 0 0 0 0 0 0 0 0 0 0 0 0 0 0 0
ppred_pel_tallas
 1.11468e-16 4.36592e-05 0.000424383 0.00282018 0.0128201 0.0398882 0.0849865 0.124043 0.124056 0.0850494 0.0401005 0.0134393 0.00439705 0.0039415 0.00694205 0.0119767 0.0185709 0.0260999 0.0338525 0.0413373 0.0482812 0.0542483 0.0583054 0.059208 0.0560838 0.0490842
 1.18623e-16 3.94949e-05 0.000383904 0.00255118 0.0115973 0.0360837 0.0768812 0.112216 0.112245 0.0770222 0.0365575 0.012967 0.00599394 0.00791599 0.0143954 0.0238784 0.0347512 0.0445125 0.0507042 0.052363 0.0506471 0.0480078 0.0465325 0.0467428 0.047596 0.0474142
 1.1405e-16 5.18909e-05 0.000504398 0.0033519 0.0152373 0.0474089 0.10101 0.147432 0.14745 0.101102 0.0477179 0.0161315 0.00560322 0.00544113 0.00949328 0.0157865 0.0231517 0.0300057 0.0347792 0.036795 0.0366473 0.0356919 0.0350636 0.0350151 0.034983 0.0341448
 1.05549e-16 6.41468e-05 0.000623529 0.00414357 0.0188361 0.0586061 0.124867 0.18225 0.182264 0.124937 0.0588415 0.0195165 0.00585333 0.00436213 0.00718301 0.0118234 0.0171465 0.0218251 0.02456 0.0247777 0.0229684 0.0203234 0.0179669 0.0163844 0.0153898 0.0144855
 1.03642e-16 5.76838e-05 0.000560707 0.0037261 0.0169383 0.0527015 0.112287 0.163891 0.163914 0.112401 0.0530845 0.0180446 0.00650366 0.0066258 0.0115813 0.0190683 0.0274951 0.0346458 0.0383017 0.0374453 0.0328599 0.026582 0.020663 0.0162053 0.0132323 0.011184
 1.02621e-16 6.52327e-05 0.000634086 0.00421372 0.019155 0.0595983 0.126981 0.185336 0.18535 0.127053 0.05984 0.0198535 0.00596887 0.00447161 0.00737108 0.0121288 0.0175732 0.0223229 0.0250087 0.0249887 0.0227033 0.0193264 0.01601 0.0133285 0.0112493 0.00946885
 1.04468e-16 4.32751e-05 0.00042065 0.00279537 0.0127074 0.0395375 0.0842402 0.122959 0.122996 0.0844234 0.0401525 0.014484 0.00725577 0.0101602 0.018548 0.0306146 0.0441435 0.0556093 0.0614415 0.0599892 0.0524886 0.0421893 0.0323756 0.0248308 0.0196352 0.0159591
 1.09696e-16 4.10059e-05 0.000398592 0.00264878 0.012041 0.0374642 0.0798224 0.116509 0.116537 0.0799584 0.0379214 0.0133644 0.00598139 0.00770901 0.0140284 0.0233975 0.0343329 0.0444951 0.0514861 0.0541465 0.0531186 0.0501482 0.0467494 0.0433661 0.0395576 0.0347773
 1.11873e-16 4.9409e-05 0.000480273 0.00319158 0.0145085 0.0451414 0.0961792 0.140381 0.140402 0.0962816 0.0454855 0.0155042 0.00569795 0.00597542 0.0105563 0.0175612 0.0257404 0.0333296 0.0385702 0.0406913 0.0403277 0.0389481 0.0377653 0.0370187 0.0360843 0.0341293
 1.05928e-16 6.39871e-05 0.000621977 0.00413326 0.0187892 0.0584603 0.124556 0.181796 0.18181 0.124624 0.0586886 0.0194493 0.00579243 0.00425158 0.00698009 0.0114993 0.0167059 0.0213264 0.0241153 0.0245237 0.0230185 0.020727 0.0186953 0.0173471 0.0164661 0.0155577
 1.01746e-16 7.09687e-05 0.000689841 0.00458423 0.0208393 0.0648388 0.138146 0.201631 0.201642 0.138199 0.0650156 0.02135 0.00586641 0.0034895 0.00539001 0.00880384 0.0126885 0.0159853 0.0176674 0.0172664 0.0151468 0.0122527 0.00953395 0.00750015 0.00615865 0.00524435
 1.01206e-16 6.53644e-05 0.000635365 0.00422223 0.0191936 0.0597186 0.127238 0.185711 0.185728 0.127323 0.0600056 0.0200225 0.00630218 0.00517432 0.00868094 0.0142354 0.0204705 0.0256786 0.0281642 0.0271426 0.0232039 0.0179129 0.0128803 0.00902603 0.00645609 0.00480952
 1.01814e-16 6.13666e-05 0.000596505 0.00396399 0.0180197 0.0560662 0.119456 0.174353 0.174373 0.119554 0.0563977 0.0189776 0.00636919 0.00584938 0.0100442 0.0165248 0.0238371 0.030053 0.0332426 0.032502 0.028471 0.0228681 0.0174376 0.0131398 0.010052 0.00778956
 1.02754e-16 5.87849e-05 0.00057141 0.00379722 0.0172616 0.0537075 0.11443 0.167019 0.16704 0.114536 0.0540609 0.0182829 0.00636223 0.00617602 0.0107181 0.0176655 0.0255336 0.0322986 0.0359298 0.0354766 0.0316069 0.0261036 0.0207483 0.0164795 0.0133146 0.0108211
 1.02284e-16 6.62949e-05 0.00064441 0.00428233 0.0194669 0.0605687 0.129049 0.188353 0.188367 0.129118 0.0608019 0.0201408 0.00597531 0.00434462 0.00710667 0.0116778 0.0168953 0.0214122 0.023898 0.0237325 0.0213545 0.0179253 0.014593 0.0119429 0.00995556 0.00832759
 1.00387e-16 7.86108e-05 0.000764125 0.00507788 0.0230833 0.0718207 0.153022 0.22334 0.223344 0.15304 0.0718808 0.0232569 0.00551379 0.00171584 0.00188643 0.0029951 0.00430894 0.0054226 0.00598122 0.00582234 0.00506717 0.00403544 0.00305186 0.0022952 0.00177713 0.00141854
 1.01082e-16 3.56533e-05 0.000346563 0.00230304 0.0104693 0.0325741 0.0694046 0.101309 0.101362 0.0696609 0.0334344 0.0129528 0.00853218 0.0139291 0.0257848 0.0424488 0.0608584 0.0759253 0.0824879 0.0781652 0.0648075 0.0473181 0.0308291 0.0183969 0.0105257 0.00613919
 1.01255e-16 7.62725e-05 0.000741396 0.00492684 0.0223967 0.0696844 0.14847 0.216697 0.216701 0.148487 0.0697408 0.0225603 0.00533982 0.00165087 0.00182668 0.00295925 0.00439473 0.00581458 0.00693857 0.00761893 0.0078911 0.00788731 0.00769431 0.00728941 0.00660014 0.00561255
 1.01588e-16 5.29773e-05 0.000514958 0.00342208 0.0155563 0.0484016 0.103126 0.150522 0.150554 0.103283 0.0489293 0.0170799 0.00724372 0.0088486 0.0158536 0.0260565 0.0373697 0.0466591 0.0507733 0.0482717 0.0403058 0.029886 0.0201393 0.0128912 0.00838087 0.00587817
 1.03837e-16 5.4729e-05 0.000531986 0.00353523 0.0160707 0.0500019 0.106535 0.155496 0.155518 0.106643 0.0503657 0.0171225 0.00618047 0.00632281 0.0111 0.0183867 0.0267653 0.0342438 0.0388006 0.039455 0.0367754 0.0323567 0.0277332 0.023624 0.0199618 0.0164186
 1.0347e-16 6.42436e-05 0.00062447 0.00414983 0.0188645 0.0586946 0.125056 0.182525 0.18254 0.125129 0.0589399 0.0195736 0.00593162 0.00452092 0.00748434 0.0123244 0.0178725 0.0227406 0.0255565 0.0256893 0.0236023 0.0204878 0.0174904 0.0151389 0.0133261 0.0116731
 1.02297e-16 6.50401e-05 0.000632213 0.00420128 0.0190984 0.0594224 0.126606 0.184789 0.184805 0.126686 0.0596914 0.0198755 0.00615238 0.00489289 0.00816105 0.0134001 0.0193236 0.0243567 0.0269397 0.0263547 0.023145 0.0187305 0.0145413 0.0113458 0.00916433 0.00761883
 1.05563e-16 2.9288e-05 0.00028469 0.00189187 0.00860018 0.0267586 0.057014 0.0832242 0.0832749 0.0572619 0.0275914 0.0110059 0.00793206 0.0134757 0.0250966 0.0414826 0.059845 0.0754429 0.083445 0.0816001 0.0715439 0.0576241 0.0442409 0.0337953 0.0264322 0.0211068
 1.05893e-16 6.42167e-05 0.000624209 0.00414809 0.0188566 0.05867 0.125003 0.182447 0.182456 0.125045 0.0588103 0.0192638 0.00517779 0.00289731 0.00445544 0.00745803 0.0111905 0.0150205 0.0183241 0.0207807 0.0224748 0.0236565 0.0243862 0.0244063 0.0233442 0.02104
 1.05155e-16 5.47649e-05 0.000532334 0.00353755 0.0160812 0.0500347 0.106605 0.155599 0.155625 0.106733 0.0504626 0.017317 0.00663935 0.00730262 0.0129104 0.0212525 0.0306043 0.0384873 0.0424283 0.0413254 0.0361235 0.0291868 0.0228749 0.0184203 0.0157585 0.0141039
 1.07972e-16 3.91084e-05 0.000380148 0.00252622 0.0114838 0.0357307 0.0761293 0.11112 0.111156 0.0763029 0.0363139 0.01317 0.00676463 0.00965193 0.0177045 0.0293549 0.0426275 0.0543245 0.0611865 0.0616786 0.0568326 0.0493986 0.0420398 0.036028 0.0312109 0.0268447
 1.06091e-16 6.31787e-05 0.000614119 0.00408104 0.0185518 0.0577217 0.122983 0.179499 0.179511 0.12304 0.0579135 0.0191074 0.00548088 0.0036874 0.00595129 0.00987395 0.0145363 0.0189531 0.0221564 0.0236973 0.023863 0.0233633 0.0227589 0.0221145 0.0211035 0.0193754
 1.0462e-16 5.70365e-05 0.000554415 0.00368428 0.0167482 0.0521101 0.111027 0.162052 0.162076 0.111142 0.0524971 0.0178662 0.00649075 0.00668192 0.0116975 0.0192574 0.0277607 0.034971 0.0386569 0.0378131 0.0332654 0.0271069 0.0214266 0.0173158 0.0147309 0.0130112
 1.0812e-16 3.39686e-05 0.000330187 0.00219421 0.00997459 0.0310349 0.0661246 0.0965194 0.0965605 0.0663258 0.0317107 0.0119281 0.00710318 0.0110641 0.0204714 0.0339248 0.0491819 0.0625065 0.0700872 0.0701373 0.0638915 0.0546282 0.0455571 0.0382661 0.0326398 0.0278039
pSPR Fmed_Fpbrs
0.5197   0.6 0.325
Fs Fmed_Fpbrs
0.387326   0.294046 0.725475
SSBpbr Bo_Bmed_Bpbrs
1.48773e+06  698786  818251 409125
Ro
137816
SPR SPRFo_SPRFmed_SPRFpbrs
979459 509025 318324
Fref
0.294046
Nvult_r0
 56956.4 53090.2 15611.2 2016.44 1821.71
CTP_r0
 7891.01 9519.71 2843.32 367.564 332.083
YTP_r0
319638
Np
 185438 25977 22287.4 6514.68 1088.83
Nvult_p0
 130259 18813.3 16175.1 4728.59 790.316
CTP_p0
 22796.1 4208.85 3672.45 1074.43 179.583
YTP_p0
 362937
CBA_c0
332628
log_Ro
11.6537
likeval ReclasPelacesDesembMPH_pf_preclas_ppelaces_ptallas_desvR_qrecl_qpela
 12.2245 16.8468 0.0354001 0.00081995 222.366 103.269 84.8454 0 22.3486 4.62855e-06 2.1817e-05 0.177847 8.00628e-16 0 0
q_reclas_q_pelaces
1.35644 1.94357
M
1
N
 169399 35923 86649.4 5895.7 0.22248
 94117.4 53463.2 10731.3 25781.4 1753.88
 93189.3 26100 13397.4 2669.39 6846.6
 143647 25975.9 6586.27 3356.37 2383.02
 115571 34911.5 5441.14 1364.76 1188.57
 213406 37050.7 10653.5 1654.44 776.214
 83393 61368.2 9753.91 2786.62 635.562
 34857 17312.7 10377.4 1624.92 569.646
 34228.9 11617 5569.09 3329.57 704.023
 46207.5 8476.99 2496.45 1184.47 857.409
 86036.2 9707.63 1456.82 422.795 345.532
 126185 28016.9 3025.95 452.659 238.69
 105345 28477.1 5306.65 565.87 129.196
 73733.7 24511.2 5622.26 1035.23 135.506
 67036.3 12218 3051.46 685.494 142.581
 361232 13795.1 2041.54 502.196 136.169
 73410.1 84767.1 2755.22 402.981 125.927
 582206 20050.8 20808.1 671.09 128.772
 331248 162368 5063.25 5216.59 200.447
 255764 82371.7 35086.8 1083 1158.04
 359559 65123.7 18381.5 7754.81 495.045
 493234 99192.5 16204.3 4539.47 2036.55
 95435.2 126435 22337.8 3614.87 1466.23
 285963 28211.4 34556.2 6070.39 1380.38
 240440 86930.3 8009.08 9761.54 2104.15
 107581 73076.9 24672.3 2261.8 3350.02
 244855 33926.5 21806.9 7332.9 1667.53
 240860 74920.9 9717.29 6215.99 2564.87
 82933.4 75377.5 22125.9 2857.65 2581.67
pred_Ctot
 15407 4341.28 10655.8 725.701 0.0273864
 14986.8 11115.2 2267.49 5452.19 370.923
 14598.7 5342.01 2786.98 555.776 1425.55
 31866.1 7398.22 1904.19 971.148 689.544
 9497.22 3820.4 606.002 152.141 132.506
 30047.2 6843.91 2000.68 310.97 145.905
 24047.8 22300.1 3593.25 1027.31 234.314
 2089.43 1389.59 848.065 132.919 46.5996
 7301.24 3188.85 1552.06 928.675 196.372
 13105.9 3033.92 905.882 430.12 311.366
 6306.85 949.718 145.078 42.1439 34.444
 32072.4 9061.02 992.79 148.627 78.3751
 25396.6 8767.52 1657.87 176.923 40.3956
 27293.8 11159.9 2590.79 477.346 62.4844
 19563.8 4488.75 1136.45 255.481 53.1415
 85748.4 4186.31 628.701 154.774 41.9683
 12243.9 18422.5 608.48 89.0728 27.8355
 91058.1 4097.49 4321.86 139.506 26.7704
 70037.5 44201.7 1399.48 1443.03 55.4506
 51279.8 21327.2 9225.51 284.99 304.749
 58189.8 13751.2 3944.48 1665.53 106.328
 97342.7 25301.4 4197.73 1176.92 528.024
 12064.5 21047 3781.45 612.488 248.443
 31884.6 4157.93 5180.72 910.909 207.147
 26835 12824.4 1201.88 1466.18 316.059
 9831.93 8873.02 3048.41 279.718 414.318
 26436.8 4846.29 3168.89 1066.56 242.55
 23034.4 9509.17 1254.94 803.506 331.563
 7891.01 9519.71 2843.32 367.564 332.083
F
 0.15326 0.208211 0.212215 0.21243 0.212442
 0.282607 0.383935 0.39132 0.391716 0.391737
 0.277465 0.376948 0.384198 0.384588 0.384608
 0.414546 0.56318 0.574012 0.574594 0.574624
 0.137595 0.18693 0.190525 0.190718 0.190728
 0.246306 0.334619 0.341054 0.3414 0.341418
 0.572125 0.777259 0.792208 0.793011 0.793053
 0.098788 0.134208 0.136789 0.136928 0.136935
 0.395716 0.537598 0.547938 0.548493 0.548523
 0.560229 0.761097 0.775736 0.776522 0.776564
 0.12196 0.165688 0.168875 0.169046 0.169055
 0.488646 0.663847 0.676616 0.677301 0.677337
 0.458113 0.622368 0.634338 0.634981 0.635015
 0.797552 1.08351 1.10435 1.10547 1.10553
 0.58092 0.789206 0.804385 0.8052 0.805243
 0.449612 0.610819 0.622567 0.623198 0.623231
 0.297794 0.404567 0.412348 0.412766 0.412788
 0.276958 0.37626 0.383497 0.383885 0.383906
 0.391625 0.53204 0.542273 0.542823 0.542852
 0.367966 0.499898 0.509513 0.51003 0.510057
 0.287816 0.391012 0.398532 0.398936 0.398957
 0.361256 0.490783 0.500223 0.500729 0.500756
 0.21872 0.297141 0.302857 0.303163 0.30318
 0.190756 0.259151 0.264135 0.264403 0.264417
 0.190958 0.259426 0.264415 0.264683 0.264697
 0.15405 0.209285 0.21331 0.213526 0.213537
 0.184232 0.250288 0.255102 0.25536 0.255374
 0.161705 0.219683 0.223909 0.224135 0.224147
 0.160826 0.21849 0.222692 0.222918 0.22293
nmprior
 8.19 8.8 8.5 0
nm_flota  nm_reclas  nm_pelaces    nm_pelaL
inf 13.0757 14.4394 18.8583
cv_recla  cv_pelaces  cv_mph
0.331694 0.502695 0.883688
 ------------------------------------------------
Talla a la edad & desviaci?n 
 8 13.2811 15.8009 17.003 17.5766
 0.8 1.32811 1.58009 1.7003 1.75766
