years
 1991 1992 1993 1994 1995 1996 1997 1998 1999 2000 2001 2002 2003 2004 2005 2006 2007 2008 2009 2010 2011 2012 2013 2014 2015 2016 2017 2018 2019 2020
reclasobs
 0 0 0 0 0 0 0 0 0 252601 567819 844713 477998 351125 339783 2.1784e+06 2.13404e+06 4.81314e+06 1.55562e+06 2.62356e+06 3.21686e+06 3.843e+06 1.13348e+06 3.07943e+06 1.97215e+06 2.03268e+06 2.025e+06 2.42433e+06 2.27542e+06 1.05018e+06
reclaspred
 3.14457e+06 1.71994e+06 871093 890129 900046 1.56341e+06 882883 758483 538844 368109 498836 679167 666991 492266 482370 1.3427e+06 1.20049e+06 3.07932e+06 2.45444e+06 1.76776e+06 3.08138e+06 2.51388e+06 1.90566e+06 3.03777e+06 2.24443e+06 1.97124e+06 2.3882e+06 2.58224e+06 2.02955e+06 1.21216e+06
pelacesobs
 0 0 0 0 0 0 0 0 0 0 0 0 0 0 0 552880 188675 0 991730 2.46772e+06 1.41603e+06 1.21717e+06 2.29649e+06 1.80582e+06 0 1.4828e+06 1.56532e+06 1.57751e+06 1.42118e+06 867257
pelacespred
 1.85173e+06 1.1062e+06 545482 440646 488570 859903 441168 496244 324131 201876 289994 328725 358793 267219 269017 626171 598686 1.72189e+06 1.43041e+06 949280 1.62955e+06 1.40368e+06 1.1154e+06 1.90146e+06 1.38246e+06 1.22156e+06 1.64314e+06 1.75137e+06 1.19293e+06 795175
mphobs
 0 0 0 0 0 0 0 0 0 0 0 498337 0 5186 125008 0 168611 109162 213762 579715 649985 157893 87575 83554 0 0 0 0 0 0
mphpred
 485881 325473 156529 86785.2 94602 113236 156491 84428 75932.4 47914.6 29782.6 61000.7 65680 53715.3 32693.1 41497.4 152330 135229 310500 218862 228069 281935 268777 213514 310760 253866 206501 225142 322468 206080
desembarqueobs
 494567 514787 250237 358949 120608 361735 552515 73892 212993 205616 52469 317467 293654 387597 252695 516296 358380 742168 942051 627588 828172 859565 418607 520667 417249 300574 407403 355545 319650 289779
desembarquepred
 494571 513829 250680 358986 120614 361743 552537 73897.4 213053 205670 52471.9 317528 293689 387576 252670 516226 358409 742015 941749 627367 828254 859545 418609 520692 417237 300572 407397 355519 319633 289787
Reclutas
 170825 94314.6 94762 143601 116133 214320 83768.1 35416.3 34974.9 47362.6 88530.7 127967 106813 74562.6 68631.6 369878 74161.7 597621 334830 261724 367053 503476 98122.7 292680 246307 108731 245584 274593 76281.9 58546.4
log_desv_Rt
 0.227757 -0.366246 -0.361512 0.0541544 -0.158145 0.454588 -0.484829 -1.34571 -1.35825 -1.05505 -0.429532 -0.0611099 -0.241798 -0.601243 -0.684128 1.00029 -0.606634 1.48008 0.900742 0.65441 0.992626 1.30865 -0.326663 0.766197 0.593698 -0.224008 0.590758 0.702408 -0.578446 -0.843062
SSB
 2.04119e+06 1.36732e+06 657583 364587 397425 475705 657424 354684 318994 201290 125118 256265 275923 225659 137344 174331 639942 568098 1.30442e+06 919443 958122 1.18441e+06 1.12914e+06 896975 1.30551e+06 1.06649e+06 867514 945825 1.35469e+06 865747
BT
 2.88509e+06 1.97771e+06 970342 913204 770814 1.53227e+06 1.0913e+06 754631 659618 479242 460562 730452 773611 783681 642186 1.3349e+06 1.10354e+06 3.15792e+06 2.90234e+06 1.87349e+06 2.994e+06 2.75968e+06 1.88788e+06 3.20394e+06 2.285e+06 1.94577e+06 2.75437e+06 2.84949e+06 1.87025e+06 1.35462e+06
Ftot
 0.205484 0.378795 0.371864 0.565689 0.188695 0.341831 0.787481 0.135382 0.539473 0.753266 0.164943 0.662304 0.619539 1.07775 0.782696 0.612144 0.398901 0.376438 0.529157 0.494882 0.387606 0.487366 0.291643 0.257876 0.256936 0.207829 0.253671 0.208329 0.202933 0.312311
BD_Bspro_t
 0.967779 0.779733 0.574381 0.474788 0.467691 0.562162 0.564376 0.370525 0.426832 0.365682 0.323555 0.580513 0.459935 0.365108 0.250829 0.300271 0.493447 0.451435 0.586843 0.470765 0.434975 0.484509 0.501465 0.483716 0.607936 0.61628 0.622235 0.670663 0.730295 0.637582
BD_Bspro
 2.10797 1.41205 0.679096 0.376514 0.410427 0.491268 0.678932 0.366287 0.32943 0.207876 0.129211 0.264649 0.28495 0.233042 0.141838 0.180035 0.660878 0.586684 1.34709 0.949523 0.989468 1.22316 1.16608 0.92632 1.34822 1.10139 0.895896 0.976768 1.39901 0.89407
BD_Bo
 1.34206 0.898995 0.432352 0.239711 0.261302 0.31277 0.432248 0.2332 0.209734 0.132346 0.0822631 0.168491 0.181416 0.148368 0.0903022 0.114621 0.420753 0.373517 0.857637 0.604522 0.629953 0.778737 0.742394 0.589749 0.858356 0.701206 0.570379 0.621868 0.890693 0.569217
BD_Brms
 2.44011 1.63454 0.786094 0.435838 0.475094 0.568672 0.785905 0.424 0.381335 0.240628 0.149569 0.306347 0.329847 0.26976 0.164186 0.208401 0.765006 0.679122 1.55934 1.09913 1.14537 1.41589 1.34981 1.07227 1.56065 1.27492 1.03705 1.13067 1.61944 1.03494
Sel_flota
 0.706143 0.978567 0.998849 0.999939 0.999997
 0.706143 0.978567 0.998849 0.999939 0.999997
 0.706143 0.978567 0.998849 0.999939 0.999997
 0.706143 0.978567 0.998849 0.999939 0.999997
 0.706143 0.978567 0.998849 0.999939 0.999997
 0.706143 0.978567 0.998849 0.999939 0.999997
 0.706143 0.978567 0.998849 0.999939 0.999997
 0.706143 0.978567 0.998849 0.999939 0.999997
 0.706143 0.978567 0.998849 0.999939 0.999997
 0.706143 0.978567 0.998849 0.999939 0.999997
 0.706143 0.978567 0.998849 0.999939 0.999997
 0.706143 0.978567 0.998849 0.999939 0.999997
 0.706143 0.978567 0.998849 0.999939 0.999997
 0.706143 0.978567 0.998849 0.999939 0.999997
 0.706143 0.978567 0.998849 0.999939 0.999997
 0.706143 0.978567 0.998849 0.999939 0.999997
 0.706143 0.978567 0.998849 0.999939 0.999997
 0.706143 0.978567 0.998849 0.999939 0.999997
 0.706143 0.978567 0.998849 0.999939 0.999997
 0.706143 0.978567 0.998849 0.999939 0.999997
 0.706143 0.978567 0.998849 0.999939 0.999997
 0.706143 0.978567 0.998849 0.999939 0.999997
 0.706143 0.978567 0.998849 0.999939 0.999997
 0.706143 0.978567 0.998849 0.999939 0.999997
 0.706143 0.978567 0.998849 0.999939 0.999997
 0.706143 0.978567 0.998849 0.999939 0.999997
 0.706143 0.978567 0.998849 0.999939 0.999997
 0.706143 0.978567 0.998849 0.999939 0.999997
 0.706143 0.978567 0.998849 0.999939 0.999997
 0.706143 0.978567 0.998849 0.999939 0.999997
Sel_reclas
 1 1 1 1 1
 1 1 1 1 1
 1 1 1 1 1
 1 1 1 1 1
 1 1 1 1 1
 1 1 1 1 1
 1 1 1 1 1
 1 1 1 1 1
 1 1 1 1 1
 1 1 1 1 1
 1 1 1 1 1
 1 1 1 1 1
 1 1 1 1 1
 1 1 1 1 1
 1 1 1 1 1
 1 1 1 1 1
 1 1 1 1 1
 1 1 1 1 1
 1 1 1 1 1
 1 1 1 1 1
 1 1 1 1 1
 1 1 1 1 1
 1 1 1 1 1
 1 1 1 1 1
 1 1 1 1 1
 1 1 1 1 1
 1 1 1 1 1
 1 1 1 1 1
 1 1 1 1 1
 1 1 1 1 1
Sel_pelaces
 0.868653 0.970831 0.994065 0.998815 0.999764
 0.868653 0.970831 0.994065 0.998815 0.999764
 0.868653 0.970831 0.994065 0.998815 0.999764
 0.868653 0.970831 0.994065 0.998815 0.999764
 0.868653 0.970831 0.994065 0.998815 0.999764
 0.868653 0.970831 0.994065 0.998815 0.999764
 0.868653 0.970831 0.994065 0.998815 0.999764
 0.868653 0.970831 0.994065 0.998815 0.999764
 0.868653 0.970831 0.994065 0.998815 0.999764
 0.868653 0.970831 0.994065 0.998815 0.999764
 0.868653 0.970831 0.994065 0.998815 0.999764
 0.868653 0.970831 0.994065 0.998815 0.999764
 0.868653 0.970831 0.994065 0.998815 0.999764
 0.868653 0.970831 0.994065 0.998815 0.999764
 0.868653 0.970831 0.994065 0.998815 0.999764
 0.868653 0.970831 0.994065 0.998815 0.999764
 0.868653 0.970831 0.994065 0.998815 0.999764
 0.868653 0.970831 0.994065 0.998815 0.999764
 0.868653 0.970831 0.994065 0.998815 0.999764
 0.868653 0.970831 0.994065 0.998815 0.999764
 0.868653 0.970831 0.994065 0.998815 0.999764
 0.868653 0.970831 0.994065 0.998815 0.999764
 0.868653 0.970831 0.994065 0.998815 0.999764
 0.868653 0.970831 0.994065 0.998815 0.999764
 0.868653 0.970831 0.994065 0.998815 0.999764
 0.868653 0.970831 0.994065 0.998815 0.999764
 0.868653 0.970831 0.994065 0.998815 0.999764
 0.868653 0.970831 0.994065 0.998815 0.999764
 0.868653 0.970831 0.994065 0.998815 0.999764
 0.868653 0.970831 0.994065 0.998815 0.999764
pf_obs 
 0.8446 0.082 0.0669 0.0065 0
 0.8095 0.147 0.0364 0.0071 0
 0.9664 0.0169 0.016 0.0007 0
 0.9276 0.0648 0.0075 0.0001 0
 0.7033 0.2144 0.0806 0.0017 0
 0.9318 0.0425 0.0243 0.0014 0
 0.5671 0.3108 0.0964 0.0239 0.0018
 0.0768 0.2599 0.5324 0.112 0.0189
 0.490249 0.384438 0.106611 0.0170017 0.00170017
 0.7925 0.1577 0.0466 0.003 0.0002
 0.840416 0.127587 0.0312969 0.00059994 9.999e-05
 0.8084 0.0986 0.0794 0.0134 0.0002
 0.7335 0.1905 0.0724 0.0035 0.0001
 0.4001 0.4547 0.1325 0.0127 0
 0.49795 0.308269 0.164784 0.0264974 0.00249975
 0.9179 0.0499 0.0305 0.0017 0
 0.2467 0.6533 0.0926 0.0074 0
 0.9418 0.0223 0.034 0.0019 0
 0.707729 0.231977 0.0356964 0.0245975 0
 0.517169 0.277429 0.184464 0.0207286 0.00020938
 0.811772 0.124168 0.05621 0.00726502 0.000585176
 0.764997 0.148141 0.077277 0.00933861 0.000247198
 0.163321 0.427699 0.378323 0.0303852 0.000271297
 0.753843 0.0900009 0.118128 0.0371064 0.000921714
 0.721811 0.176058 0.0630433 0.0369309 0.00215725
 0.143369 0.312575 0.442814 0.0836902 0.0175525
 0.692698 0.0596174 0.167031 0.0765114 0.00414204
 0.394062 0.376323 0.152708 0.0712218 0.00568511
 0.125707 0.32114 0.495352 0.0537591 0.00404204
 0.23352 0.215282 0.420074 0.123614 0.00750983
pf_pred 
 0.482865 0.139379 0.35379 0.023965 8.59005e-07
 0.427177 0.327603 0.0671668 0.166769 0.0112837
 0.583223 0.21762 0.115127 0.0230378 0.0609919
 0.733784 0.179017 0.0460705 0.0237884 0.0173395
 0.660673 0.273562 0.0446179 0.0111803 0.00996628
 0.758752 0.176821 0.0521629 0.00832386 0.00394036
 0.464242 0.439613 0.0709214 0.020427 0.00479645
 0.458007 0.31196 0.189763 0.0297175 0.0105522
 0.550424 0.244113 0.119336 0.0710637 0.0150631
 0.731469 0.1744 0.0517447 0.0246333 0.0177528
 0.837335 0.131733 0.0202992 0.00584915 0.00478362
 0.749694 0.21994 0.024694 0.00372359 0.00194812
 0.69579 0.249775 0.0479945 0.005239 0.00120145
 0.646269 0.274982 0.0649775 0.0121441 0.0016272
 0.758794 0.181534 0.0467404 0.0106735 0.00225799
 0.942122 0.0481444 0.00737963 0.00184421 0.00050941
 0.378002 0.5978 0.0202217 0.00301585 0.000960437
 0.911032 0.0417679 0.045407 0.00149875 0.000294315
 0.586898 0.387358 0.012242 0.012989 0.000512248
 0.614576 0.261878 0.11604 0.00357208 0.00393399
 0.741137 0.182241 0.0524912 0.0226667 0.00146412
 0.750397 0.201516 0.0341017 0.0095853 0.00440071
 0.312592 0.561524 0.102138 0.0168464 0.00689953
 0.744732 0.100718 0.126783 0.0225342 0.0052324
 0.621918 0.305335 0.0291017 0.0358113 0.00783344
 0.426765 0.401774 0.139089 0.0129598 0.0194125
 0.730276 0.138441 0.0926252 0.0313663 0.00729149
 0.680955 0.253674 0.0339279 0.0221923 0.00925085
 0.326515 0.505791 0.133948 0.0175245 0.0162217
 0.422315 0.234986 0.258787 0.0670417 0.0168698
pobs_RECLAS
 0 0 0 0 0
 0 0 0 0 0
 0 0 0 0 0
 0 0 0 0 0
 0 0 0 0 0
 0 0 0 0 0
 0 0 0 0 0
 0 0 0 0 0
 0 0 0 0 0
 0 0 0 0 0
 0.991045 0.00858322 0.000360255 1.14367e-05 0
 0.934742 0.0480273 0.0164251 0.00080598 0
 0.827803 0.169806 0.00239088 0 0
 0.941827 0.0461693 0.0120037 0 0
 0.791401 0.0380133 0.147996 0.0225897 0
 0.846168 0.0940531 0.0597789 0 0
 0.134021 0.677848 0.182769 0.00536245 0
 0.80878 0.0450904 0.141981 0.00414843 0
 0.846168 0.0940531 0.0597789 0 0
 0.905697 0.0802665 0.012482 0.00150086 5.37128e-05
 0.989698 0.0102097 9.19794e-05 0 0
 0.975433 0.0193895 0.00387452 0.00125025 5.28907e-05
 0.303575 0.632131 0.0575291 0.00676475 0
 0.966965 0.00978017 0.0227588 0.000495775 0
 0.843318 0.132988 0.00938335 0.0141283 0.000182051
 0.564624 0.303363 0.111486 0.0197234 0.00080311
 0.826376 0.0876187 0.0782897 0.00655872 0.00115652
 0.89761 0.0855135 0.0140674 0.00269457 0.000114338
 0.34875 0.467042 0.161289 0.0227151 0.000203297
 0.318654 0.224769 0.449479 0.00709798 0
ppred_RECLAS
 0.56914 0.117915 0.293111 0.0198326 7.10841e-07
 0.513338 0.280967 0.0563875 0.139846 0.00946149
 0.664508 0.177005 0.0916627 0.0183216 0.0485028
 0.796701 0.137713 0.0346713 0.0178816 0.0130332
 0.731355 0.217465 0.0347355 0.00869428 0.00774978
 0.815709 0.135845 0.0392318 0.00625332 0.00296003
 0.553679 0.367733 0.0579899 0.0166822 0.00391688
 0.542423 0.265711 0.158308 0.0247642 0.00879285
 0.635531 0.199921 0.0956192 0.0568741 0.0120547
 0.79628 0.13338 0.0386883 0.0183956 0.0132566
 0.877931 0.0992529 0.0149789 0.00431136 0.00352576
 0.809765 0.167609 0.0184038 0.00277179 0.00145007
 0.764619 0.194027 0.0364664 0.00397592 0.000911733
 0.726783 0.213532 0.0492588 0.00919456 0.0012319
 0.818498 0.137373 0.0345747 0.00788582 0.00166815
 0.958517 0.0346359 0.00519294 0.00129622 0.000358021
 0.460289 0.519146 0.0171889 0.00256061 0.000815411
 0.935524 0.0306135 0.0325774 0.00107406 0.000210905
 0.667212 0.312481 0.00966236 0.0102401 0.000403814
 0.693217 0.209895 0.0910079 0.00279828 0.0030816
 0.801531 0.140619 0.0396454 0.0171001 0.00110449
 0.809431 0.154503 0.0255849 0.00718309 0.00329763
 0.389399 0.50072 0.0891736 0.0146916 0.00601664
 0.804829 0.0779995 0.0961399 0.0170687 0.00396308
 0.697419 0.245376 0.0228999 0.0281481 0.00615681
 0.510725 0.345086 0.116991 0.0108886 0.0163091
 0.792402 0.107662 0.0705326 0.0238582 0.00554581
 0.749178 0.200301 0.0262346 0.0171411 0.00714482
 0.404387 0.449652 0.116616 0.0152399 0.0141062
 0.508599 0.202439 0.218269 0.0564814 0.0142117
pobs_PELACES
 0 0 0 0 0
 0 0 0 0 0
 0 0 0 0 0
 0 0 0 0 0
 0 0 0 0 0
 0 0 0 0 0
 0 0 0 0 0
 0 0 0 0 0
 0 0 0 0 0
 0 0 0 0 0
 0 0 0 0 0
 0 0 0 0 0
 0 0 0 0 0
 0 0 0 0 0
 0 0 0 0 0
 0 0 0 0 0
 0.505614 0.472636 0.0217494 0 0
 0 0 0 0 0
 0.443492 0.261883 0.143347 0.151278 0
 0.227955 0.32914 0.350689 0.0885471 0.00366901
 0.970185 0.0296113 0.000203453 0 0
 0.997202 0.00247181 0.000326279 0 0
 0.445219 0.490057 0.0546422 0.010081 0
 0.90214 0.0892962 0.00764917 0.000914606 0
 0 0 0 0 0
 0.581667 0.319106 0.0959925 0.00289975 0.000334073
 0.762889 0.0836404 0.116647 0.0363945 0.000428098
 0.88444 0.0763242 0.0277011 0.0115352 0
 0.521256 0.241999 0.230069 0.00667565 0
 0.616807 0.101726 0.260614 0.0208532 0
ppred_PELACES
 0.54219 0.123247 0.313266 0.021296 7.64016e-07
 0.491443 0.290559 0.0595568 0.148392 0.0100491
 0.644407 0.185534 0.0981345 0.0197063 0.0522177
 0.785537 0.14423 0.0370407 0.019191 0.0140007
 0.711491 0.232467 0.0379724 0.00954923 0.00851992
 0.802367 0.144822 0.0427273 0.00684217 0.00324182
 0.542808 0.375381 0.060294 0.017423 0.00409464
 0.515269 0.278687 0.169859 0.0266967 0.00948801
 0.618528 0.207164 0.101089 0.0604034 0.0128147
 0.787928 0.137847 0.0407352 0.0194561 0.0140339
 0.866691 0.107896 0.0166546 0.00481628 0.00394241
 0.801294 0.174651 0.019549 0.00295764 0.00154875
 0.753823 0.202206 0.0387522 0.00424438 0.000974208
 0.723172 0.215536 0.050545 0.00947606 0.0012708
 0.811625 0.141899 0.0363773 0.00833427 0.00176466
 0.95608 0.0365442 0.00558724 0.00140099 0.000387324
 0.441429 0.536837 0.0181515 0.00271654 0.000865882
 0.929968 0.0328796 0.0357361 0.00118367 0.000232647
 0.65262 0.32573 0.0102766 0.010941 0.000431861
 0.677415 0.219262 0.0970227 0.00299694 0.00330348
 0.787999 0.149215 0.0429643 0.0186176 0.00120364
 0.798148 0.162971 0.027543 0.00776842 0.0035697
 0.368434 0.515787 0.0938719 0.0155379 0.00636925
 0.788345 0.0834322 0.105116 0.0187497 0.00435749
 0.677474 0.260313 0.0248326 0.0306667 0.00671405
 0.485872 0.360119 0.124835 0.0116733 0.017501
 0.775518 0.115107 0.0770838 0.0261964 0.00609508
 0.730417 0.214207 0.0286873 0.0188317 0.00785696
 0.380847 0.464734 0.123244 0.016182 0.0149923
 0.484462 0.209547 0.230858 0.0600176 0.0151157
pobs_pel_tallas
 0 0 0 0 0 0 0 0 0 0 0 0 0 0 0 0 0 0 0 0 0 0 0 0 0 0
 0 0 0 0 0 0 0 0 0 0 0 0 0 0 0 0 0 0 0 0 0 0 0 0 0 0
 0 0 0 0 0 0 0 0 0 0 0 0 0 0 0 0 0 0 0 0 0 0 0 0 0 0
 0 0 0 0 0 0 0 0 0 0 0 0 0 0 0 0 0 0 0 0 0 0 0 0 0 0
 0 0 0 0 0 0 0 0 0 0 0 0 0 0 0 0 0 0 0 0 0 0 0 0 0 0
 0 0 0 0 0 0 0 0 0 0 0 0 0 0 0 0 0 0 0 0 0 0 0 0 0 0
 0 0 0 0 0 0 0 0 0 0 0 0 0 0 0 0 0 0 0 0 0 0 0 0 0 0
 0 0 0 0 0 0 0 0 0 0 0 0 0 0 0 0 0 0 0 0 0 0 0 0 0 0
 0 0 0 0 0 0 0 0 0 0 0 0 0 0 0 0 0 0 0 0 0 0 0 0 0 0
 0 0 0 0 0 0 0 0 0 0 0 0 0 0 0 0 0 0 0 0 0 0 0 0 0 0
 0 0 0 0 0 0 0 0 0 0 0 0 0 0 0 0 0 0 0 0 0 0 0 0 0 0
 0 0 0 0 0 0 0 0 0 0 0 0 0 0 0 0 0 0 0 0 0 0 0 0 0 0
 0.00862536 0 0 0.000197151 0.00414017 0.0128641 0.00837892 0.0270097 0.101434 0.158115 0.152841 0.127902 0.109271 0.109419 0.0830992 0.0579132 0.0238553 0.00714673 0.00463305 0.00128148 0.00103504 0.000492878 0.000147863 0.000147863 4.92878e-05 0
 0 0 0 0 0 0 0 0 0 0 0 0 0 0 0 0 0 0 0 0 0 0 0 0 0 0
 0 0 0 0 0 0 0 0.0054083 0.00873648 0.0413646 0.0450493 0.0745869 0.0622846 0.0627006 0.0613931 0.0827291 0.12552 0.122667 0.0946155 0.0697135 0.0546179 0.0294188 0.0215738 0.0213955 0.0102223 0.00600262
 0 0 0 0 0.00359764 0.0251062 0.0480494 0.140153 0.205849 0.193036 0.1447 0.116669 0.0760912 0.0342217 0.00950174 0.001854 0.000860785 0 0 0 0.000165536 0 0.000143464 0 0 0
 0 0 0 0 0 0 0 0.000145254 0.000435761 0.0275982 0.070085 0.0708112 0.156366 0.174668 0.174014 0.160142 0.0824315 0.0480064 0.0283245 0.00493863 0.00203355 0 0 0 0 0
 0 0 0 0 0 0 0 0 0 0 0 0 0 0 0 0 0 0 0 0 0 0 0 0 0 0
 0 0 1.00437e-05 0.000401748 0.00122533 0.00171747 0.00176769 0.0269171 0.070346 0.194647 0.189555 0.159765 0.064822 0.0314167 0.0384472 0.0292271 0.0345202 0.0313363 0.0194345 0.0106764 0.0143323 0.0359363 0.0279516 0.0138201 0.00172751 0
 0 0.0021121 0.0136068 0.0755702 0.200478 0.177729 0.0527432 0.0373336 0.0318909 0.0142505 0.0149659 0.0166563 0.0217959 0.0798694 0.0677717 0.0528807 0.04013 0.0224614 0.0357745 0.0225083 0.00881397 0.00855152 0.00135912 0.000746735 0 0
 0 0 0 0 5.4009e-05 0.00500934 0.000945158 0.0243581 0.138947 0.33067 0.221406 0.137944 0.0707744 0.0437923 0.0131692 0.00525238 0.0047753 0.00276346 9.45158e-05 9.00151e-06 2.25038e-05 9.00151e-06 4.50075e-06 0 0 0
 0.000866109 0.00284123 0.00948549 0.0512746 0.133035 0.25785 0.225252 0.132002 0.0553304 0.0519788 0.0540692 0.017754 0.00435017 0.00159236 0.00146478 0.000404838 0.000125132 0.000115318 0.000107957 0.000100596 0 0 0 0 0 0
 0 0 0 0 0.00144013 0.00171154 0.00461396 0.0210425 0.0478622 0.0707936 0.0888783 0.103762 0.0637923 0.0337046 0.0602308 0.124433 0.169614 0.0934646 0.0462172 0.0250306 0.0313229 0.00938855 0.002487 0.000210481 0 0
 0 0.00764035 0.051015 0.0998891 0.058973 0.0496711 0.0374665 0.0718981 0.12319 0.153886 0.159021 0.0857701 0.0377988 0.023471 0.0147837 0.00900784 0.00315554 0.000888139 0.00291439 0.00214683 0.00393193 0.00274676 0.000635225 9.99891e-05 0 0
 0 0 0 0 0 0 0 0 0 0 0 0 0 0 0 0 0 0 0 0 0 0 0 0 0 0
 0 0 0 0 0 0 0 0 0 0 0 0 0 0 0 0 0 0 0 0 0 0 0 0 0 0
 0 0 0 0 0 0 0 0 0 0 0 0 0 0 0 0 0 0 0 0 0 0 0 0 0 0
 0 0 0 0 0 0 0 0 0 0 0 0 0 0 0 0 0 0 0 0 0 0 0 0 0 0
 0 0 0 0 0 0 0 0 0 0 0 0 0 0 0 0 0 0 0 0 0 0 0 0 0 0
 0 0 0 0 0 0 0 0 0 0 0 0 0 0 0 0 0 0 0 0 0 0 0 0 0 0
ppred_pel_tallas
 1.11208e-16 4.46595e-05 0.000434106 0.00288479 0.0131138 0.0408021 0.0869337 0.126885 0.126897 0.0869942 0.0410067 0.0137105 0.00440472 0.00382542 0.00669971 0.011563 0.0179481 0.0252612 0.0328253 0.0401683 0.0470151 0.0529198 0.0569494 0.0578743 0.0548397 0.0479994
 1.18376e-16 4.04796e-05 0.000393476 0.00261479 0.0118865 0.0369834 0.078798 0.115014 0.115042 0.0789353 0.0374445 0.0132196 0.00596588 0.00772504 0.0140144 0.0232436 0.0338291 0.0433363 0.0493766 0.0510174 0.0493926 0.0468917 0.0455451 0.0458504 0.0467751 0.046665
 1.13693e-16 5.3079e-05 0.000515947 0.00342865 0.0155862 0.0484944 0.103323 0.150807 0.150825 0.103411 0.0487904 0.0164428 0.00558539 0.00524528 0.00909784 0.0151237 0.0221799 0.028748 0.0333264 0.0352695 0.0351508 0.034273 0.0337256 0.0337479 0.0337921 0.033057
 1.054e-16 6.47037e-05 0.000628943 0.00417955 0.0189996 0.059115 0.125951 0.183832 0.183846 0.126019 0.0593437 0.0196609 0.00584108 0.00426194 0.00698203 0.0114876 0.0166567 0.0211962 0.0238425 0.0240383 0.022262 0.019675 0.0173745 0.0158366 0.0148812 0.0140228
 1.03555e-16 5.86047e-05 0.000569658 0.00378558 0.0172087 0.0535428 0.114079 0.166507 0.166529 0.114189 0.0539106 0.0182712 0.0064531 0.00639459 0.0111263 0.018315 0.0264108 0.0332841 0.0368053 0.0359979 0.0316137 0.025607 0.0199448 0.0156822 0.0128387 0.0108747
 1.02505e-16 6.60899e-05 0.000642418 0.00426909 0.0194067 0.0603815 0.12865 0.187771 0.187785 0.128718 0.0606112 0.0200707 0.00593766 0.00429059 0.00701125 0.0115298 0.0167037 0.0212162 0.0237649 0.0237401 0.0215615 0.018347 0.0151938 0.0126493 0.010682 0.00900124
 1.04277e-16 4.47104e-05 0.000434601 0.00288808 0.0131288 0.0408488 0.087034 0.127036 0.127073 0.0872109 0.0414427 0.0148443 0.00719481 0.00983841 0.0179107 0.0295562 0.0426126 0.0536715 0.0592832 0.0578531 0.0505771 0.0405981 0.0310944 0.0237948 0.0187804 0.0152491
 1.09256e-16 4.24421e-05 0.000412552 0.00274155 0.0124627 0.0387763 0.082618 0.120589 0.120616 0.0827504 0.0392214 0.0137509 0.00598512 0.00752678 0.0136519 0.0227588 0.0333798 0.043228 0.0499619 0.0524505 0.0513262 0.0483058 0.044888 0.041529 0.0378146 0.0332122
 1.11197e-16 5.09474e-05 0.000495227 0.00329096 0.0149602 0.0465469 0.0991739 0.144751 0.144771 0.0992722 0.0468773 0.0159162 0.0056972 0.00577043 0.010136 0.0168531 0.0246943 0.0319583 0.0369515 0.0389302 0.0385044 0.0370906 0.0358648 0.0350723 0.0341281 0.0322419
 1.05537e-16 6.49006e-05 0.000630857 0.00419227 0.0190574 0.0592948 0.126334 0.184392 0.184405 0.1264 0.0595137 0.0196901 0.0057823 0.00410894 0.00669142 0.0110158 0.0159976 0.0204106 0.0230576 0.0234105 0.0219172 0.0196623 0.0176563 0.0163148 0.0154393 0.0145609
 1.01659e-16 7.13882e-05 0.000693919 0.00461133 0.0209625 0.0652221 0.138963 0.202823 0.202833 0.139014 0.0653928 0.0214555 0.00584911 0.00339658 0.00520602 0.00849845 0.0122473 0.0154275 0.0170473 0.016654 0.0145994 0.0117955 0.00916068 0.00718818 0.00588678 0.00500167
 1.01168e-16 6.60016e-05 0.000641559 0.00426338 0.0193807 0.0603008 0.128478 0.187521 0.187537 0.12856 0.0605767 0.0201778 0.00626362 0.00500659 0.00835157 0.0136906 0.0196875 0.0246979 0.0270912 0.0261132 0.0223309 0.0172483 0.0124135 0.00870996 0.00623903 0.00465353
 1.01761e-16 6.20914e-05 0.000603551 0.00401081 0.0182326 0.0567284 0.120867 0.176412 0.176432 0.120962 0.0570484 0.0191572 0.00633241 0.00567383 0.00969787 0.0159506 0.0230085 0.0290085 0.0320875 0.0313733 0.0274838 0.0220779 0.0168393 0.0126948 0.0097183 0.00753763
 1.0268e-16 5.95668e-05 0.000579011 0.00384773 0.0174912 0.0544218 0.115952 0.16924 0.169261 0.116054 0.0547633 0.018478 0.00632613 0.0059944 0.0103591 0.0170696 0.0246723 0.03121 0.0347205 0.0342857 0.0305512 0.0252396 0.020072 0.0159542 0.0129018 0.010496
 1.02221e-16 6.68525e-05 0.00064983 0.00431835 0.0196306 0.0610782 0.130134 0.189937 0.189951 0.130201 0.0613031 0.0202807 0.00595137 0.00421899 0.00685791 0.0112646 0.0162973 0.0206549 0.0230539 0.0228965 0.0206063 0.0173034 0.0140953 0.0115455 0.00963463 0.00806857
 1.00377e-16 7.87511e-05 0.000765488 0.00508694 0.0231245 0.0719489 0.153295 0.223739 0.223743 0.153312 0.0720067 0.0232915 0.00550608 0.0016806 0.00181705 0.00288021 0.00414348 0.00521466 0.00575246 0.00560072 0.00487602 0.0038857 0.00294181 0.00221594 0.00171905 0.00137483
 1.01081e-16 3.636e-05 0.000353432 0.00234868 0.0106768 0.0332198 0.0707802 0.103317 0.103368 0.0710325 0.0340667 0.0131218 0.00848122 0.0137253 0.0253863 0.0417911 0.059916 0.0747512 0.0812152 0.0769644 0.0638202 0.0466091 0.0303827 0.0181489 0.0104028 0.00608444
 1.01198e-16 7.66002e-05 0.000744582 0.00494801 0.0224929 0.0699838 0.149108 0.217628 0.217632 0.149124 0.0700368 0.0226466 0.00533604 0.00159923 0.00172183 0.00278263 0.00413391 0.00547344 0.00653853 0.00719052 0.00746167 0.00747382 0.00730522 0.00693155 0.00628314 0.00534734
 1.01551e-16 5.37555e-05 0.000522523 0.00347235 0.0157848 0.0491126 0.104641 0.152733 0.152764 0.104794 0.0496265 0.0172685 0.00719391 0.00863788 0.0154404 0.0253736 0.0363895 0.0454338 0.0494375 0.0469978 0.0392366 0.0290867 0.0195942 0.0125375 0.0081496 0.00571829
 1.03716e-16 5.57978e-05 0.000542375 0.00360427 0.0163845 0.0509784 0.108616 0.158532 0.158553 0.108719 0.0513272 0.0173933 0.00614126 0.0060964 0.0106499 0.0176372 0.0256769 0.0328576 0.0372413 0.037888 0.0353414 0.0311277 0.0267135 0.0227842 0.0192728 0.0158651
 1.03349e-16 6.49065e-05 0.000630914 0.00419265 0.0190592 0.0593002 0.126346 0.184409 0.184423 0.126416 0.059537 0.0197435 0.00591242 0.00439161 0.00722613 0.0118937 0.0172456 0.0219387 0.0246478 0.0247642 0.0227364 0.0197185 0.0168185 0.0145493 0.0128079 0.0112266
 1.0222e-16 6.57425e-05 0.00063904 0.00424665 0.0193046 0.060064 0.127973 0.186784 0.1868 0.12805 0.0603219 0.0200496 0.00611701 0.00472344 0.00782687 0.0128463 0.0185251 0.0233512 0.0258296 0.0252724 0.0222003 0.0179744 0.0139648 0.0109074 0.00882073 0.00734169
 1.05477e-16 3.03475e-05 0.000294989 0.00196031 0.0089113 0.0277266 0.0590763 0.0862341 0.0862838 0.0593194 0.0285429 0.0112694 0.00788111 0.0132252 0.0246017 0.0406615 0.0586589 0.0739451 0.0817838 0.0799689 0.0701054 0.0564575 0.0433408 0.0331102 0.0259068 0.0207035
 1.05673e-16 6.4935e-05 0.000631191 0.00419449 0.0190675 0.0593262 0.126401 0.184488 0.184496 0.126441 0.0594613 0.0194596 0.00518594 0.00281973 0.00429233 0.00717886 0.0107687 0.0144493 0.0176186 0.0199683 0.0215813 0.0227023 0.0233941 0.0234123 0.022399 0.0201982
 1.04995e-16 5.58027e-05 0.000542422 0.00360458 0.0163859 0.0509828 0.108625 0.158547 0.158572 0.108748 0.0513943 0.0175742 0.00658704 0.00705223 0.0124169 0.0204353 0.0294278 0.0370088 0.040801 0.0397452 0.0347507 0.0280909 0.0220344 0.0177645 0.0152175 0.0136353
 1.07827e-16 4.00207e-05 0.000389016 0.00258515 0.0117517 0.0365642 0.0779051 0.113712 0.113747 0.0780753 0.0371361 0.0134051 0.00674091 0.00947975 0.0173597 0.0287786 0.041786 0.053243 0.0599521 0.0604088 0.0556281 0.0483131 0.0410828 0.0351901 0.0304869 0.0262395
 1.05913e-16 6.38784e-05 0.000620921 0.00412624 0.0187573 0.0583609 0.124345 0.181487 0.181498 0.124399 0.0585451 0.0192906 0.00546993 0.00357107 0.0057165 0.00948037 0.0139591 0.0182059 0.0212929 0.0227905 0.0229737 0.0225219 0.0219695 0.0213742 0.0204181 0.0187625
 1.04101e-16 6.01635e-05 0.000584811 0.00388628 0.0176665 0.054967 0.117114 0.170935 0.170956 0.117215 0.0553058 0.0186451 0.00634295 0.00594861 0.0102498 0.0168581 0.0243014 0.0306141 0.0338431 0.0331093 0.0291368 0.0237587 0.0188034 0.0152248 0.0129817 0.0114917
 1.07836e-16 3.137e-05 0.000304928 0.00202635 0.00921153 0.0286607 0.0610664 0.0891376 0.0891825 0.0612858 0.0293975 0.0113408 0.00737559 0.0119969 0.0222794 0.0368942 0.0534048 0.0677017 0.0755934 0.0751208 0.0676657 0.0568929 0.0464296 0.0381312 0.0319468 0.0269215
 1.15293e-16 3.99046e-05 0.000387887 0.00257764 0.0117176 0.0364579 0.0776782 0.113378 0.113398 0.0777787 0.0367962 0.012699 0.0050574 0.00585512 0.0105819 0.0178472 0.0266829 0.0356105 0.043108 0.0484352 0.0519106 0.0543236 0.0560178 0.0564888 0.0548007 0.0503706
pSPR Fmed_Fpbrs
0.532972   0.6 0.325
Fs Fmed_Fpbrs
0.374498   0.297034 0.734099
SSBpbr Bo_Bmed_Bpbrs
1.52094e+06  734573  836519 418259
Ro
136031
SPR SPRFo_SPRFmed_SPRFpbrs
968321 516088 314704
Fref
0.297034
Nvult_r0
 41271 17726.3 19218.1 4974.52 1251.69
CTP_r0
 7457.16 4149.34 4569.61 1183.81 297.884
YTP_r0
289787
Np
 186103 17275.4 6589.77 7082.62 2325.75
Nvult_p0
 130594 12523.2 4787.9 5146.61 1690.02
CTP_p0
 22642.6 2820.3 1095.5 1178.57 387.031
YTP_p0
 289275
CBA_c0
289633
log_Ro
11.6406
likeval ReclasPelacesDesembMPH_pf_preclas_ppelaces_ptallas_desvR_qrecl_qpela
 12.3176 16.9387 0.0357529 0.00081953 234.364 114.339 93.7311 0 23.7671 3.24303e-06 1.64229e-05 0.179987 7.05736e-16 0 0
q_reclas_q_pelaces
1.2907 1.77989
M
1
N
 170825 36396.3 90661.7 6135.07 0.219895
 94314.6 54355 10950.5 27163.9 1837.83
 94762 26553.3 13802.7 2759.44 7305.16
 143601 26810.1 6788.69 3502.32 2552.74
 116133 35430.7 5670.15 1419.38 1265.19
 214320 37393.3 10836.6 1727.61 817.777
 83768.1 61935.2 9845.22 2833.44 665.288
 35416.3 17671.9 10543.2 1649.4 585.644
 34974.9 11841.1 5694.48 3388.07 718.123
 47362.6 8790.64 2569.38 1222.19 880.777
 88530.7 10236.1 1547.38 445.421 364.26
 127967 28987.8 3204.36 482.783 252.574
 106813 29491.2 5577.65 608.335 139.502
 74562.6 25370.8 5917 1105.11 148.069
 68631.6 12814.7 3250.97 741.801 156.922
 369878 14527.7 2191.7 547.255 151.157
 74161.7 88315.3 2935.96 437.463 139.309
 597621 20585.1 21989.4 725.128 142.389
 334830 168534 5239.35 5554.22 219.032
 261724 84771.8 36941 1136.15 1251.21
 367053 67886.2 19214.9 8289.66 535.434
 503476 102699 17090.7 4799.57 2203.43
 98122.7 131287 23450.3 3864.1 1582.48
 292680 29378.9 36306.4 6446.74 1496.84
 246307 89745.8 8397.45 10323.4 2258.05
 108731 75576.5 25675.9 2389.99 3579.78
 245584 34540 22686.5 7674.95 1784.05
 274593 75528.6 9913.36 6477.87 2700.15
 76281.9 87197.8 22661 2961.79 2741.46
 58546.4 24316 26300.7 6806.98 1712.77
pred_Ctot
 14758.4 4260.02 10813.3 732.471 0.0262548
 14300 10966.7 2248.45 5582.7 377.728
 14132.4 5273.28 2789.71 558.243 1477.93
 30875.7 7532.58 1938.53 1000.95 729.601
 9258.12 3833.47 625.238 156.671 139.659
 29630.6 6905.14 2037.05 325.061 153.878
 23619.9 22366.8 3608.37 1039.3 244.036
 2057.11 1401.15 852.311 133.474 47.3946
 7223.16 3203.48 1566.04 932.563 197.672
 12891.1 3073.56 911.928 434.128 312.869
 6211.65 977.24 150.586 43.3911 35.4866
 31379.6 9205.91 1033.6 155.856 81.5415
 24786.2 8897.73 1709.71 186.629 42.7993
 26684.6 11354.1 2682.94 501.435 67.1877
 19258.7 4607.46 1186.3 270.901 57.3094
 84976.6 4342.48 665.62 166.342 45.9473
 11774.8 18621.5 629.906 93.9438 29.9176
 90107.3 4131.13 4491.06 148.236 29.1098
 68020.4 44894 1418.82 1505.4 59.3685
 50196.5 21389.3 9477.74 291.755 321.315
 56806.9 13968.5 4023.36 1737.36 112.222
 95293.5 25590.6 4330.61 1217.25 558.849
 11739.5 21088.3 3835.84 632.675 259.115
 31261.2 4227.78 5321.88 945.905 219.637
 26219.2 12872.5 1226.89 1509.75 330.247
 9494.59 8938.59 3094.43 288.327 431.886
 25834.1 4897.44 3276.68 1109.61 257.942
 24032.3 8952.68 1197.38 783.213 326.482
 6513.33 10089.5 2672 349.579 323.591
 7457.16 4149.34 4569.61 1183.81 297.884
F
 0.145101 0.20108 0.205247 0.205471 0.205483
 0.267483 0.370676 0.378359 0.378772 0.378794
 0.262589 0.363894 0.371435 0.371841 0.371862
 0.399457 0.553565 0.565038 0.565655 0.565687
 0.133246 0.184651 0.188478 0.188683 0.188694
 0.241381 0.334504 0.341437 0.34181 0.34183
 0.556074 0.770603 0.786574 0.787433 0.787478
 0.0955989 0.13248 0.135226 0.135374 0.135381
 0.380945 0.527911 0.538852 0.539441 0.539472
 0.531913 0.737121 0.752399 0.75322 0.753264
 0.116473 0.161407 0.164753 0.164933 0.164942
 0.467681 0.648109 0.661541 0.662263 0.662302
 0.437483 0.60626 0.618825 0.619501 0.619537
 0.761042 1.05465 1.0765 1.07768 1.07774
 0.552695 0.76592 0.781795 0.782648 0.782693
 0.432261 0.599024 0.611439 0.612107 0.612142
 0.281681 0.390351 0.398441 0.398876 0.398899
 0.265819 0.36837 0.376005 0.376416 0.376437
 0.37366 0.517816 0.528548 0.529125 0.529155
 0.349458 0.484276 0.494313 0.494852 0.494881
 0.273705 0.379299 0.38716 0.387583 0.387605
 0.34415 0.47692 0.486805 0.487336 0.487364
 0.205941 0.285392 0.291307 0.291625 0.291642
 0.182098 0.252349 0.25758 0.257861 0.257876
 0.181433 0.251429 0.25664 0.25692 0.256935
 0.146757 0.203374 0.207589 0.207816 0.207828
 0.179128 0.248234 0.253379 0.253655 0.25367
 0.14711 0.203864 0.208089 0.208317 0.208329
 0.1433 0.198583 0.202699 0.202921 0.202932
 0.220536 0.305617 0.311951 0.312292 0.31231
nmprior
 8.19 8.8 8.5 0
nm_flota  nm_reclas  nm_pelaces    nm_pelaL
inf 13.2209 15.8748 27.5961
cv_recla  cv_pelaces  cv_mph
0.32493 0.484288 0.883462
 ------------------------------------------------
Talla a la edad & desviaci?n 
 8 13.2811 15.8009 17.003 17.5766
 0.8 1.32811 1.58009 1.7003 1.75766
