years
 1991 1992 1993 1994 1995 1996 1997 1998 1999 2000 2001 2002 2003 2004 2005 2006 2007 2008 2009 2010 2011 2012 2013 2014 2015 2016 2017 2018
reclasobs
 0 0 0 0 0 0 0 0 0 252601 567819 844713 477998 351125 339783 2.1784e+06 2.13404e+06 4.81314e+06 1.55562e+06 2.62356e+06 3.21686e+06 3.843e+06 1.13348e+06 3.07943e+06 1.97215e+06 2.03268e+06 2.025e+06 2.42433e+06
reclaspred
 3.15978e+06 1.72547e+06 869830 920126 943629 1.6881e+06 945682 801658 560461 370008 508934 700762 685874 501099 484396 1.37614e+06 1.20313e+06 3.17369e+06 2.51736e+06 1.80087e+06 3.13089e+06 2.56906e+06 1.91881e+06 3.11061e+06 2.30825e+06 2.01041e+06 2.11134e+06 2.1767e+06
pelacesobs
 0 0 0 0 0 0 0 0 0 0 0 0 0 0 0 552880 188675 0 991730 2.46772e+06 1.41603e+06 1.21717e+06 2.29649e+06 1.80582e+06 0 1.4828e+06 1.56532e+06 1.57751e+06
pelacespred
 1.87813e+06 1.11416e+06 544243 448085 511247 919706 476218 527748 337409 199617 290831 332905 362839 263614 261072 620988 597588 1.73572e+06 1.45084e+06 957106 1.63426e+06 1.41357e+06 1.12582e+06 1.92255e+06 1.42229e+06 1.25069e+06 1.43218e+06 1.44761e+06
mphobs
 0 0 0 0 0 0 0 0 0 0 0 498337 0 5186 125008 0 168611 109162 213762 579715 649985 157893 87575 83554 0 0 0 0
mphpred
 481677 323773 154920 85764.4 96826.5 118930 168298 89332.2 79790.7 48657.6 29019.6 61780.6 66318.9 53812.1 31908 40327.5 152816 133171 316082 219848 227849 282282 270186 212265 315546 259609 207601 190964
desembarqueobs
 494567 514787 250237 358949 120608 361735 552515 73892 212993 205616 52469 317467 293654 387597 252695 516296 358380 742168 942051 627588 828172 859565 418607 520667 417249 300574 407403 355545
desembarquepred
 494572 513889 250664 358982 120614 361741 552535 73897.6 213057 205674 52472 317526 293683 387562 252666 516222 358412 742009 941727 627351 828253 859534 418606 520689 417231 300568 407399 355546
Reclutas
 166596 93937 90609.1 142453 113610 212929 82851.1 33921.5 33322.8 44922.1 83225.6 124306 103624 72806.1 65060.3 351147 69956 569347 322354 251577 348223 483704 92298.6 277400 236858 100524 185099 216059
log_desv_Rt
 0.207214 -0.365733 -0.401803 0.0506552 -0.175584 0.452602 -0.491312 -1.38431 -1.40212 -1.10343 -0.486802 -0.085613 -0.267586 -0.620559 -0.733044 0.952846 -0.660491 1.43613 0.867294 0.619392 0.944485 1.27312 -0.383329 0.717103 0.559104 -0.297964 0.312533 0.467195
SSB
 1.81912e+06 1.22278e+06 585077 323902 365680 449158 635604 337377 301341 183763 109597 233324 250463 203230 120505 152303 577133 502942 1.19373e+06 830288 860506 1.06608e+06 1.0204e+06 801649 1.19171e+06 980453 784035 721203
BT
 2.61271e+06 1.80556e+06 877735 859324 726683 1.4933e+06 1.06227e+06 720265 626579 447263 423481 690720 729891 743988 597115 1.2509e+06 1.01198e+06 2.96223e+06 2.72263e+06 1.73839e+06 2.78425e+06 2.56651e+06 1.72972e+06 2.9795e+06 2.12321e+06 1.79497e+06 2.24269e+06 2.22211e+06
Ftot
 0.225364 0.415912 0.408637 0.593731 0.196208 0.341581 0.803004 0.139616 0.56184 0.807857 0.173238 0.691444 0.650317 1.13256 0.828558 0.63155 0.433919 0.389909 0.55902 0.526378 0.412143 0.515225 0.316928 0.27119 0.272462 0.222241 0.303368 0.264658
BD_Bspro_t
 0.964699 0.75978 0.542807 0.440361 0.441239 0.542097 0.552645 0.356453 0.410009 0.342979 0.294225 0.557226 0.435407 0.340795 0.226767 0.272901 0.467198 0.421064 0.564507 0.444761 0.4076 0.456958 0.473603 0.45281 0.58354 0.593469 0.59372 0.607951
BD_Bspro
 1.89454 1.27347 0.609333 0.33733 0.38084 0.467779 0.661954 0.351363 0.313834 0.191381 0.114141 0.242997 0.260847 0.211655 0.125501 0.158617 0.60106 0.523793 1.24322 0.86471 0.896181 1.11028 1.0627 0.834883 1.24111 1.0211 0.816539 0.751102
BD_Bo
 1.26913 0.853086 0.408187 0.225974 0.255121 0.313361 0.443437 0.235375 0.210235 0.128205 0.0764618 0.162781 0.174739 0.141786 0.0840721 0.106256 0.402645 0.350884 0.832822 0.579261 0.600343 0.743764 0.711894 0.559281 0.83141 0.684025 0.546992 0.503157
BD_Brms
 2.30752 1.55106 0.742157 0.410862 0.463857 0.569747 0.806249 0.427955 0.382245 0.233099 0.139021 0.295966 0.317707 0.257792 0.152858 0.193193 0.732081 0.637971 1.51422 1.0532 1.09153 1.3523 1.29435 1.01687 1.51165 1.24368 0.994531 0.91483
Sel_flota
 0.747875 0.982566 0.999067 0.999951 0.999997
 0.747875 0.982566 0.999067 0.999951 0.999997
 0.747875 0.982566 0.999067 0.999951 0.999997
 0.747875 0.982566 0.999067 0.999951 0.999997
 0.747875 0.982566 0.999067 0.999951 0.999997
 0.747875 0.982566 0.999067 0.999951 0.999997
 0.747875 0.982566 0.999067 0.999951 0.999997
 0.747875 0.982566 0.999067 0.999951 0.999997
 0.747875 0.982566 0.999067 0.999951 0.999997
 0.747875 0.982566 0.999067 0.999951 0.999997
 0.747875 0.982566 0.999067 0.999951 0.999997
 0.747875 0.982566 0.999067 0.999951 0.999997
 0.747875 0.982566 0.999067 0.999951 0.999997
 0.747875 0.982566 0.999067 0.999951 0.999997
 0.747875 0.982566 0.999067 0.999951 0.999997
 0.747875 0.982566 0.999067 0.999951 0.999997
 0.747875 0.982566 0.999067 0.999951 0.999997
 0.747875 0.982566 0.999067 0.999951 0.999997
 0.747875 0.982566 0.999067 0.999951 0.999997
 0.747875 0.982566 0.999067 0.999951 0.999997
 0.747875 0.982566 0.999067 0.999951 0.999997
 0.747875 0.982566 0.999067 0.999951 0.999997
 0.747875 0.982566 0.999067 0.999951 0.999997
 0.747875 0.982566 0.999067 0.999951 0.999997
 0.747875 0.982566 0.999067 0.999951 0.999997
 0.747875 0.982566 0.999067 0.999951 0.999997
 0.747875 0.982566 0.999067 0.999951 0.999997
 0.747875 0.982566 0.999067 0.999951 0.999997
Sel_reclas
 1 1 1 1 1
 1 1 1 1 1
 1 1 1 1 1
 1 1 1 1 1
 1 1 1 1 1
 1 1 1 1 1
 1 1 1 1 1
 1 1 1 1 1
 1 1 1 1 1
 1 1 1 1 1
 1 1 1 1 1
 1 1 1 1 1
 1 1 1 1 1
 1 1 1 1 1
 1 1 1 1 1
 1 1 1 1 1
 1 1 1 1 1
 1 1 1 1 1
 1 1 1 1 1
 1 1 1 1 1
 1 1 1 1 1
 1 1 1 1 1
 1 1 1 1 1
 1 1 1 1 1
 1 1 1 1 1
 1 1 1 1 1
 1 1 1 1 1
 1 1 1 1 1
Sel_pelaces
 0.813278 0.95637 0.991016 0.998202 0.999642
 0.813278 0.95637 0.991016 0.998202 0.999642
 0.813278 0.95637 0.991016 0.998202 0.999642
 0.813278 0.95637 0.991016 0.998202 0.999642
 0.813278 0.95637 0.991016 0.998202 0.999642
 0.813278 0.95637 0.991016 0.998202 0.999642
 0.813278 0.95637 0.991016 0.998202 0.999642
 0.813278 0.95637 0.991016 0.998202 0.999642
 0.813278 0.95637 0.991016 0.998202 0.999642
 0.813278 0.95637 0.991016 0.998202 0.999642
 0.813278 0.95637 0.991016 0.998202 0.999642
 0.813278 0.95637 0.991016 0.998202 0.999642
 0.813278 0.95637 0.991016 0.998202 0.999642
 0.813278 0.95637 0.991016 0.998202 0.999642
 0.813278 0.95637 0.991016 0.998202 0.999642
 0.813278 0.95637 0.991016 0.998202 0.999642
 0.813278 0.95637 0.991016 0.998202 0.999642
 0.813278 0.95637 0.991016 0.998202 0.999642
 0.813278 0.95637 0.991016 0.998202 0.999642
 0.813278 0.95637 0.991016 0.998202 0.999642
 0.813278 0.95637 0.991016 0.998202 0.999642
 0.813278 0.95637 0.991016 0.998202 0.999642
 0.813278 0.95637 0.991016 0.998202 0.999642
 0.813278 0.95637 0.991016 0.998202 0.999642
 0.813278 0.95637 0.991016 0.998202 0.999642
 0.813278 0.95637 0.991016 0.998202 0.999642
 0.813278 0.95637 0.991016 0.998202 0.999642
 0.813278 0.95637 0.991016 0.998202 0.999642
pf_obs 
 0.8446 0.082 0.0669 0.0065 0
 0.8095 0.147 0.0364 0.0071 0
 0.9664 0.0169 0.016 0.0007 0
 0.9276 0.0648 0.0075 0.0001 0
 0.7033 0.2144 0.0806 0.0017 0
 0.9318 0.0425 0.0243 0.0014 0
 0.5671 0.3108 0.0964 0.0239 0.0018
 0.0768 0.2599 0.5324 0.112 0.0189
 0.490249 0.384438 0.106611 0.0170017 0.00170017
 0.7925 0.1577 0.0466 0.003 0.0002
 0.840416 0.127587 0.0312969 0.00059994 9.999e-05
 0.8084 0.0986 0.0794 0.0134 0.0002
 0.7335 0.1905 0.0724 0.0035 0.0001
 0.4001 0.4547 0.1325 0.0127 0
 0.49795 0.308269 0.164784 0.0264974 0.00249975
 0.9179 0.0499 0.0305 0.0017 0
 0.2467 0.6533 0.0926 0.0074 0
 0.9418 0.0223 0.034 0.0019 0
 0.707729 0.231977 0.0356964 0.0245975 0
 0.517169 0.277429 0.184464 0.0207286 0.00020938
 0.811772 0.124168 0.05621 0.00726502 0.000585176
 0.764997 0.148141 0.077277 0.00933861 0.000247198
 0.163321 0.427699 0.378323 0.0303852 0.000271297
 0.753843 0.0900009 0.118128 0.0371064 0.000921714
 0.721811 0.176058 0.0630433 0.0369309 0.00215725
 0.143369 0.312575 0.442814 0.0836902 0.0175525
 0.692698 0.0596174 0.167031 0.0765114 0.00414204
 0.394062 0.376323 0.152708 0.0712218 0.00568511
pf_pred 
 0.515169 0.140291 0.322196 0.0223428 8.82471e-07
 0.458388 0.319571 0.0650843 0.146787 0.0101696
 0.604249 0.213681 0.108346 0.0216262 0.0520977
 0.759751 0.163224 0.0419819 0.020863 0.0141805
 0.681912 0.260187 0.0396203 0.00996894 0.00831141
 0.774527 0.167101 0.047904 0.00716578 0.003303
 0.478689 0.429933 0.0680641 0.0191365 0.00417764
 0.472996 0.302198 0.186195 0.0287687 0.00984133
 0.563639 0.237595 0.114827 0.069534 0.0144053
 0.746631 0.164098 0.0491012 0.0232179 0.0169526
 0.852825 0.119602 0.0180148 0.00526047 0.00429796
 0.767907 0.205502 0.0216819 0.00320852 0.00170076
 0.716853 0.234032 0.0436032 0.00449486 0.00101646
 0.670213 0.258648 0.0590328 0.0107498 0.00135707
 0.778567 0.168203 0.0420042 0.00931795 0.00190807
 0.948447 0.0432276 0.00636167 0.00154978 0.000413641
 0.398493 0.579427 0.0185816 0.00267381 0.000824225
 0.920188 0.0381117 0.0401997 0.00126324 0.000237548
 0.60803 0.368871 0.011145 0.011524 0.000429772
 0.638198 0.24817 0.107075 0.00316566 0.00339147
 0.758619 0.172074 0.047858 0.0202132 0.00123639
 0.769102 0.187713 0.0309653 0.00844072 0.003779
 0.329871 0.551838 0.0965509 0.0155936 0.00614658
 0.764132 0.0945171 0.116793 0.020049 0.00450975
 0.644027 0.290123 0.0266843 0.0323666 0.00679916
 0.438185 0.39856 0.133524 0.0120551 0.0176763
 0.703022 0.151914 0.103455 0.0340382 0.00757167
 0.703416 0.226442 0.036216 0.0242019 0.0097242
pobs_RECLAS
 0 0 0 0 0
 0 0 0 0 0
 0 0 0 0 0
 0 0 0 0 0
 0 0 0 0 0
 0 0 0 0 0
 0 0 0 0 0
 0 0 0 0 0
 0 0 0 0 0
 0 0 0 0 0
 0.991045 0.00858322 0.000360255 1.14367e-05 0
 0.934742 0.0480273 0.0164251 0.00080598 0
 0.827803 0.169806 0.00239088 0 0
 0.941827 0.0461693 0.0120037 0 0
 0.791401 0.0380133 0.147996 0.0225897 0
 0.846168 0.0940531 0.0597789 0 0
 0.134021 0.677848 0.182769 0.00536245 0
 0.80878 0.0450904 0.141981 0.00414843 0
 0.846168 0.0940531 0.0597789 0 0
 0.905697 0.0802665 0.012482 0.00150086 5.37128e-05
 0.989698 0.0102097 9.19794e-05 0 0
 0.975433 0.0193895 0.00387452 0.00125025 5.28907e-05
 0.303575 0.632131 0.0575291 0.00676475 0
 0.966965 0.00978017 0.0227588 0.000495775 0
 0.843318 0.132988 0.00938335 0.0141283 0.000182051
 0.564624 0.303363 0.111486 0.0197234 0.00080311
 0.826376 0.0876187 0.0782897 0.00655872 0.00115652
 0.89761 0.0855135 0.0140674 0.00269457 0.000114338
ppred_RECLAS
 0.586832 0.121011 0.273227 0.0189298 7.47635e-07
 0.531012 0.278769 0.0557932 0.125716 0.00870933
 0.671458 0.178845 0.0891161 0.0177715 0.0428096
 0.809541 0.130155 0.0328827 0.0163256 0.0110959
 0.739431 0.213804 0.0320094 0.00804671 0.00670847
 0.820522 0.133611 0.0376476 0.0056264 0.00259331
 0.553871 0.369133 0.0573654 0.0161127 0.00351732
 0.543648 0.263583 0.159686 0.0246508 0.00843225
 0.634806 0.200493 0.0951856 0.0575857 0.0119294
 0.799943 0.130434 0.038311 0.0180978 0.0132135
 0.884616 0.0940684 0.0139311 0.00406433 0.00332052
 0.816422 0.162885 0.0168758 0.00249489 0.00132241
 0.77278 0.188395 0.0344721 0.00355017 0.000802787
 0.736444 0.207587 0.046453 0.00845015 0.0010667
 0.82654 0.132355 0.0324425 0.00718971 0.00147219
 0.961076 0.0327334 0.0047313 0.0011515 0.000307323
 0.468329 0.512484 0.01615 0.00232176 0.000715667
 0.939163 0.0293149 0.0303883 0.000954048 0.000179397
 0.674519 0.306628 0.00910092 0.00940155 0.0003506
 0.702767 0.205015 0.0869016 0.00256683 0.00274979
 0.80748 0.137937 0.037701 0.0159085 0.000973039
 0.816617 0.149583 0.0242427 0.00660201 0.00295564
 0.395297 0.49948 0.085899 0.0138606 0.00546321
 0.812312 0.0759903 0.092306 0.0158311 0.00356083
 0.705886 0.240486 0.0217435 0.0263498 0.00553495
 0.508606 0.350337 0.115388 0.0104083 0.0152608
 0.759592 0.124024 0.0830229 0.0272909 0.00607046
 0.75894 0.184809 0.0290563 0.0193997 0.00779433
pobs_PELACES
 0 0 0 0 0
 0 0 0 0 0
 0 0 0 0 0
 0 0 0 0 0
 0 0 0 0 0
 0 0 0 0 0
 0 0 0 0 0
 0 0 0 0 0
 0 0 0 0 0
 0 0 0 0 0
 0 0 0 0 0
 0 0 0 0 0
 0 0 0 0 0
 0 0 0 0 0
 0 0 0 0 0
 0 0 0 0 0
 0.505614 0.472636 0.0217494 0 0
 0 0 0 0 0
 0.443492 0.261883 0.143347 0.151278 0
 0.227955 0.32914 0.350689 0.0885471 0.00366901
 0.970185 0.0296113 0.000203453 0 0
 0.997202 0.00247181 0.000326279 0 0
 0.445219 0.490057 0.0546422 0.010081 0
 0.90214 0.0892962 0.00764917 0.000914606 0
 0 0 0 0 0
 0.581667 0.319106 0.0959925 0.00289975 0.000334073
 0.762889 0.0836404 0.116647 0.0363945 0.000428098
 0.88444 0.0763242 0.0277011 0.0115352 0
ppred_PELACES
 0.545254 0.129933 0.303625 0.021187 8.37989e-07
 0.494648 0.295688 0.0611845 0.138847 0.00963282
 0.638185 0.193663 0.0997734 0.0200387 0.0483402
 0.789091 0.142484 0.0371812 0.0185903 0.0126533
 0.708766 0.23736 0.0367842 0.00931353 0.00777579
 0.798216 0.148857 0.0433823 0.00652981 0.00301404
 0.527636 0.388586 0.0623031 0.0176223 0.00385237
 0.502089 0.283186 0.177643 0.0276204 0.00946167
 0.603031 0.214431 0.105169 0.064076 0.013293
 0.78147 0.140754 0.0426516 0.0202896 0.0148349
 0.867751 0.107064 0.0164146 0.00482337 0.00394633
 0.798986 0.177679 0.0190037 0.00282928 0.00150181
 0.751509 0.204862 0.0387059 0.00401433 0.000909046
 0.720436 0.21875 0.0504126 0.00923387 0.0011673
 0.810856 0.143199 0.0362083 0.00808048 0.00165695
 0.956388 0.0364764 0.00544456 0.00133445 0.000356662
 0.436204 0.542764 0.0176821 0.00256011 0.000790272
 0.93004 0.0331223 0.0355036 0.0011226 0.000211393
 0.647435 0.331435 0.0101626 0.0105727 0.000394839
 0.674541 0.222159 0.0973009 0.00289439 0.00310514
 0.784714 0.152681 0.0431457 0.0183358 0.00112311
 0.796555 0.164868 0.0276103 0.0075725 0.00339499
 0.361502 0.524122 0.0932412 0.015153 0.00598121
 0.786308 0.0847021 0.106458 0.0183893 0.00414217
 0.67423 0.264476 0.0247421 0.0301986 0.00635255
 0.469824 0.374069 0.127513 0.0115847 0.0170101
 0.729926 0.136895 0.0948019 0.031386 0.0069914
 0.730341 0.204893 0.0333329 0.0224146 0.00901861
pobs_pel_tallas
 0 0 0 0 0 0 0 0 0 0 0 0 0 0 0 0 0 0 0 0 0 0 0 0 0 0
 0 0 0 0 0 0 0 0 0 0 0 0 0 0 0 0 0 0 0 0 0 0 0 0 0 0
 0 0 0 0 0 0 0 0 0 0 0 0 0 0 0 0 0 0 0 0 0 0 0 0 0 0
 0 0 0 0 0 0 0 0 0 0 0 0 0 0 0 0 0 0 0 0 0 0 0 0 0 0
 0 0 0 0 0 0 0 0 0 0 0 0 0 0 0 0 0 0 0 0 0 0 0 0 0 0
 0 0 0 0 0 0 0 0 0 0 0 0 0 0 0 0 0 0 0 0 0 0 0 0 0 0
 0 0 0 0 0 0 0 0 0 0 0 0 0 0 0 0 0 0 0 0 0 0 0 0 0 0
 0 0 0 0 0 0 0 0 0 0 0 0 0 0 0 0 0 0 0 0 0 0 0 0 0 0
 0 0 0 0 0 0 0 0 0 0 0 0 0 0 0 0 0 0 0 0 0 0 0 0 0 0
 0 0 0 0 0 0 0 0 0 0 0 0 0 0 0 0 0 0 0 0 0 0 0 0 0 0
 0 0 0 0 0 0 0 0 0 0 0 0 0 0 0 0 0 0 0 0 0 0 0 0 0 0
 0 0 0 0 0 0 0 0 0 0 0 0 0 0 0 0 0 0 0 0 0 0 0 0 0 0
 0.00862536 0 0 0.000197151 0.00414017 0.0128641 0.00837892 0.0270097 0.101434 0.158115 0.152841 0.127902 0.109271 0.109419 0.0830992 0.0579132 0.0238553 0.00714673 0.00463305 0.00128148 0.00103504 0.000492878 0.000147863 0.000147863 4.92878e-05 0
 0 0 0 0 0 0 0 0 0 0 0 0 0 0 0 0 0 0 0 0 0 0 0 0 0 0
 0 0 0 0 0 0 0 0.0054083 0.00873648 0.0413646 0.0450493 0.0745869 0.0622846 0.0627006 0.0613931 0.0827291 0.12552 0.122667 0.0946155 0.0697135 0.0546179 0.0294188 0.0215738 0.0213955 0.0102223 0.00600262
 0 0 0 0 0.00359764 0.0251062 0.0480494 0.140153 0.205849 0.193036 0.1447 0.116669 0.0760912 0.0342217 0.00950174 0.001854 0.000860785 0 0 0 0.000165536 0 0.000143464 0 0 0
 0 0 0 0 0 0 0 0.000145254 0.000435761 0.0275982 0.070085 0.0708112 0.156366 0.174668 0.174014 0.160142 0.0824315 0.0480064 0.0283245 0.00493863 0.00203355 0 0 0 0 0
 0 0 0 0 0 0 0 0 0 0 0 0 0 0 0 0 0 0 0 0 0 0 0 0 0 0
 0 0 1.00437e-05 0.000401748 0.00122533 0.00171747 0.00176769 0.0269171 0.070346 0.194647 0.189555 0.159765 0.064822 0.0314167 0.0384472 0.0292271 0.0345202 0.0313363 0.0194345 0.0106764 0.0143323 0.0359363 0.0279516 0.0138201 0.00172751 0
 0 0.0021121 0.0136068 0.0755702 0.200478 0.177729 0.0527432 0.0373336 0.0318909 0.0142505 0.0149659 0.0166563 0.0217959 0.0798694 0.0677717 0.0528807 0.04013 0.0224614 0.0357745 0.0225083 0.00881397 0.00855152 0.00135912 0.000746735 0 0
 0 0 0 0 5.4009e-05 0.00500934 0.000945158 0.0243581 0.138947 0.33067 0.221406 0.137944 0.0707744 0.0437923 0.0131692 0.00525238 0.0047753 0.00276346 9.45158e-05 9.00151e-06 2.25038e-05 9.00151e-06 4.50075e-06 0 0 0
 0.000866109 0.00284123 0.00948549 0.0512746 0.133035 0.25785 0.225252 0.132002 0.0553304 0.0519788 0.0540692 0.017754 0.00435017 0.00159236 0.00146478 0.000404838 0.000125132 0.000115318 0.000107957 0.000100596 0 0 0 0 0 0
 0 0 0 0 0.00144013 0.00171154 0.00461396 0.0210425 0.0478622 0.0707936 0.0888783 0.103762 0.0637923 0.0337046 0.0602308 0.124433 0.169614 0.0934646 0.0462172 0.0250306 0.0313229 0.00938855 0.002487 0.000210481 0 0
 0 0.00764035 0.051015 0.0998891 0.058973 0.0496711 0.0374665 0.0718981 0.12319 0.153886 0.159021 0.0857701 0.0377988 0.023471 0.0147837 0.00900784 0.00315554 0.000888139 0.00291439 0.00214683 0.00393193 0.00274676 0.000635225 9.99891e-05 0 0
 0 0 0 0 0 0 0 0 0 0 0 0 0 0 0 0 0 0 0 0 0 0 0 0 0 0
 0 0 0 0 0 0 0 0 0 0 0 0 0 0 0 0 0 0 0 0 0 0 0 0 0 0
 0 0 0 0 0 0 0 0 0 0 0 0 0 0 0 0 0 0 0 0 0 0 0 0 0 0
 0 0 0 0 0 0 0 0 0 0 0 0 0 0 0 0 0 0 0 0 0 0 0 0 0 0
ppred_pel_tallas
 1.10921e-16 4.49119e-05 0.00043656 0.00290109 0.013188 0.0410327 0.087425 0.127602 0.127615 0.0874886 0.0412475 0.013814 0.00449387 0.00398428 0.0069894 0.0120217 0.0185629 0.0259388 0.0333946 0.0404277 0.0468088 0.0522018 0.0558018 0.0564753 0.0534009 0.0467026
 1.17396e-16 4.07435e-05 0.000396042 0.00263184 0.011964 0.0372245 0.0793118 0.115764 0.115792 0.0794515 0.0376937 0.0133204 0.00604112 0.00785405 0.0142529 0.0236318 0.0343731 0.0439842 0.0500113 0.0514785 0.0495168 0.0465532 0.0446811 0.0444724 0.0449706 0.0445881
 1.13119e-16 5.25665e-05 0.000510965 0.00339554 0.0154357 0.0480261 0.102325 0.149351 0.14937 0.102417 0.048335 0.0163295 0.00564544 0.00544358 0.00948312 0.0157605 0.0230942 0.0298898 0.0345645 0.0364293 0.0360727 0.0348568 0.0339377 0.0336027 0.0333309 0.0323399
 1.05116e-16 6.49964e-05 0.000631788 0.00419846 0.0190856 0.0593824 0.126521 0.184664 0.184678 0.126588 0.0596084 0.0197388 0.00583998 0.0042211 0.00689927 0.01135 0.0164573 0.0209423 0.0235547 0.0237406 0.0219676 0.0193781 0.0170529 0.0154646 0.0144442 0.0135262
 1.03373e-16 5.83802e-05 0.000567476 0.00377108 0.0171428 0.0533377 0.113642 0.165869 0.165892 0.113754 0.0537132 0.0182274 0.00649396 0.00651271 0.011353 0.018686 0.0269354 0.0339228 0.0374686 0.0365726 0.0320042 0.0257669 0.0198834 0.015448 0.0124949 0.0104813
 1.02455e-16 6.57481e-05 0.000639095 0.00424701 0.0193063 0.0600691 0.127984 0.1868 0.186814 0.128054 0.0603053 0.0199888 0.00596182 0.00438819 0.00720247 0.0118461 0.0171587 0.0217862 0.0243881 0.0243357 0.0220602 0.0187125 0.0154254 0.0127685 0.0107164 0.00897625
 1.04317e-16 4.34608e-05 0.000422454 0.00280736 0.0127619 0.0397071 0.0846016 0.123486 0.123524 0.0847847 0.0403219 0.0145377 0.0072655 0.0101568 0.0185371 0.0305937 0.0441069 0.0555495 0.0613492 0.0598535 0.0522988 0.0419386 0.0320648 0.0244709 0.0192471 0.0155692
 1.0957e-16 4.13565e-05 0.000402 0.00267143 0.012144 0.0377845 0.0805049 0.117505 0.117533 0.0806395 0.0382369 0.0134535 0.00596919 0.00763631 0.0138841 0.0231582 0.0339871 0.0440582 0.0510002 0.0536649 0.0526834 0.0497746 0.0464267 0.0430718 0.0392731 0.0344964
 1.11766e-16 4.96709e-05 0.000482819 0.0032085 0.0145854 0.0453807 0.0966892 0.141125 0.141146 0.0967909 0.0457227 0.015575 0.0056995 0.00594407 0.0104912 0.0174507 0.0255753 0.0331095 0.0383042 0.0403932 0.0400092 0.0386156 0.0374225 0.0366718 0.0357449 0.0338128
 1.05813e-16 6.43687e-05 0.000625687 0.00415791 0.0189013 0.0588089 0.125299 0.182881 0.182894 0.125366 0.0590324 0.0195474 0.00578191 0.00417839 0.00683399 0.011256 0.0163526 0.020876 0.0236072 0.0240091 0.0225385 0.0202985 0.0183128 0.0169957 0.0161352 0.015247
 1.01653e-16 7.14756e-05 0.000694768 0.00461698 0.0209881 0.0653019 0.139133 0.203071 0.203081 0.139183 0.0654712 0.0214773 0.00584518 0.00337651 0.00516629 0.00843245 0.0121517 0.0153064 0.0169124 0.0165204 0.0144803 0.0116974 0.00908354 0.00712873 0.00584131 0.0049676
 1.01132e-16 6.58115e-05 0.000639711 0.00425111 0.0193249 0.0601271 0.128108 0.186981 0.186998 0.128191 0.0604078 0.0201357 0.00628569 0.00507946 0.00849252 0.0139219 0.0200161 0.0251011 0.0275168 0.0264949 0.022614 0.0174085 0.0124596 0.00867255 0.0061545 0.00455271
 1.01726e-16 6.19008e-05 0.000601698 0.0039985 0.0181766 0.0565542 0.120496 0.175871 0.175891 0.120592 0.0568785 0.0191133 0.00635036 0.00573791 0.0098225 0.0161559 0.0233017 0.0293717 0.0324771 0.0317332 0.0277668 0.0222611 0.0169264 0.0127066 0.00968092 0.00747396
 1.02635e-16 5.93414e-05 0.00057682 0.00383317 0.0174251 0.0542159 0.115514 0.1686 0.168621 0.115617 0.0545625 0.0184264 0.00634818 0.00607194 0.0105097 0.0173176 0.0250262 0.0316479 0.035189 0.0347166 0.0308871 0.0254529 0.0201676 0.0159583 0.0128468 0.0104102
 1.02173e-16 6.67891e-05 0.000649214 0.00431426 0.019612 0.0610203 0.130011 0.189757 0.189771 0.130078 0.0612472 0.0202679 0.00596202 0.00425045 0.00691841 0.0113638 0.016438 0.020827 0.023234 0.0230549 0.0207172 0.0173538 0.0140864 0.0114889 0.00954618 0.0079642
 1.00361e-16 7.87764e-05 0.000765735 0.00508858 0.0231319 0.0719721 0.153344 0.223811 0.223815 0.153361 0.0720297 0.0232986 0.00550689 0.00167899 0.00181344 0.00287389 0.00413364 0.00520074 0.00573412 0.00557774 0.00484807 0.0038525 0.00290352 0.00217364 0.00167482 0.00133138
 1.0104e-16 3.59297e-05 0.000349249 0.00232089 0.0105504 0.0328266 0.0699425 0.102094 0.102146 0.0701976 0.0336829 0.0130223 0.00852086 0.013868 0.0256637 0.0422477 0.0605674 0.0755567 0.0820768 0.0777574 0.0644411 0.047011 0.0305793 0.0181923 0.0103542 0.00599447
 1.01182e-16 7.66062e-05 0.000744639 0.00494839 0.0224947 0.0699893 0.14912 0.217645 0.217648 0.149136 0.0700426 0.0226494 0.00533911 0.00160507 0.0017326 0.00279988 0.00415744 0.00550029 0.00656292 0.00720541 0.00746126 0.00745565 0.00727088 0.00688579 0.00623218 0.00529715
 1.01506e-16 5.33284e-05 0.000518371 0.00344476 0.0156594 0.0487224 0.103809 0.15152 0.151551 0.103965 0.0492453 0.017169 0.00723134 0.00877539 0.0157082 0.0258149 0.0370201 0.0462158 0.0502779 0.0477777 0.0398563 0.0294992 0.0198095 0.0126014 0.0081174 0.00563678
 1.03681e-16 5.55611e-05 0.000540073 0.00358898 0.016315 0.0507621 0.108155 0.15786 0.157881 0.10826 0.0511155 0.017337 0.0061591 0.00616638 0.0107867 0.0178633 0.0260014 0.0332629 0.0376821 0.0383057 0.0356861 0.0313741 0.0268629 0.0228542 0.0192855 0.0158399
 1.03314e-16 6.46359e-05 0.000628284 0.00417517 0.0189797 0.059053 0.125819 0.18364 0.183655 0.125891 0.0592953 0.0196799 0.00593453 0.00447527 0.00738941 0.0121631 0.0176316 0.0224192 0.0251675 0.0252517 0.0231314 0.0199912 0.0169721 0.014608 0.0128017 0.0111818
 1.02173e-16 6.56112e-05 0.000637764 0.00423817 0.0192661 0.0599441 0.127718 0.186411 0.186427 0.127795 0.060205 0.0200197 0.00613017 0.00476933 0.00791607 0.0129933 0.0187353 0.023612 0.0261098 0.0255316 0.0224039 0.0181044 0.0140216 0.0109036 0.00877354 0.00726753
 1.05357e-16 2.97766e-05 0.000289439 0.00192343 0.00874364 0.027205 0.057965 0.0846122 0.0846627 0.058212 0.0280344 0.0111396 0.00793906 0.0134261 0.0249918 0.0413032 0.0595738 0.0750751 0.0829893 0.0810719 0.0709568 0.0569868 0.0435632 0.0330964 0.0257435 0.0204659
 1.0564e-16 6.47672e-05 0.00062956 0.00418365 0.0190183 0.0591729 0.126074 0.184011 0.184019 0.126115 0.05931 0.0194163 0.00519003 0.00285091 0.00435517 0.00728475 0.0109252 0.0146538 0.0178577 0.0202214 0.0218283 0.0229274 0.0235858 0.0235614 0.0224981 0.0202444
 1.04886e-16 5.55355e-05 0.000539825 0.00358733 0.0163075 0.0507388 0.108105 0.157788 0.157814 0.10823 0.0511568 0.0175147 0.0066172 0.0071529 0.0126121 0.0207565 0.0298859 0.0375749 0.0414048 0.0402965 0.0351723 0.0283434 0.0221202 0.0177148 0.0150737 0.0134375
 1.07816e-16 3.86988e-05 0.000376166 0.00249976 0.0113636 0.0353565 0.075332 0.109957 0.109993 0.0755088 0.0359504 0.0130807 0.00681563 0.0098165 0.0180226 0.0298771 0.0433697 0.0552363 0.0621497 0.0625429 0.0574717 0.0497524 0.0421214 0.0358991 0.030949 0.0265195
 1.07102e-16 6.0123e-05 0.000584417 0.00388366 0.0176546 0.05493 0.117035 0.170818 0.170832 0.1171 0.0551491 0.0182892 0.00548282 0.00409621 0.00679106 0.0112934 0.0166431 0.0217324 0.0254635 0.0273255 0.027638 0.0271928 0.0266041 0.0259218 0.0247596 0.0227208
 1.04789e-16 6.01573e-05 0.00058475 0.00388587 0.0176646 0.0549613 0.117102 0.170917 0.170937 0.117198 0.0552856 0.0186015 0.00623832 0.00572285 0.0098266 0.016173 0.0233488 0.0294902 0.0327481 0.0322946 0.0288197 0.02405 0.0196843 0.0165717 0.0146143 0.0132197
pSPR Fmed_Fpbrs
0.494096   0.6 0.325
Fs Fmed_Fpbrs
0.41139   0.287529 0.706608
SSBpbr Bo_Bmed_Bpbrs
1.43336e+06  636548  788346 394173
Ro
135417
SPR SPRFo_SPRFmed_SPRFpbrs
960193 474427 312063
Fref
0.287529
Nvult_r0
 150849 38878.3 6136.5 4097.94 1646.47
CTP_r0
 24924.4 8023.59 1283.25 857.554 344.561
YTP_r0
355546
Np
 227420 65210.5 15393.8 2414.99 2067.38
Nvult_p0
 159945 47125.1 11144.7 1748.56 1496.88
CTP_p0
 28306.9 10380.8 2487.02 390.47 334.28
YTP_p0
 461238
CBA_c0
387254
log_Ro
11.6361
likeval ReclasPelacesDesembMPH_pf_preclas_ppelaces_ptallas_desvR_qrecl_qpela
 11.8871 16.5762 0.0328407 0.000820688 209.232 92.9092 74.7992 0 21.6525 6.48146e-06 2.56845e-05 0.164612 9.39731e-16 0 0
q_reclas_q_pelaces
1.43442 2.05653
M
1
N
 166596 35274.6 79793.4 5528.84 0.218363
 93937 51781.2 10399.2 23436.3 1623.63
 90609.1 25319.5 12659 2524.91 6082.27
 142453 24555.7 6234.27 3096 2104.27
 113610 33615.1 5040.8 1267.29 1056.54
 212929 36090.7 10198 1524.31 702.588
 82851.1 60673.1 9491.61 2666.93 582.189
 33921.5 16718.2 10140.1 1565.42 535.482
 33322.8 11241.7 5361.89 3244.66 672.17
 44922.1 8053.09 2381.16 1125.24 821.572
 83225.6 9031.82 1339.48 390.818 319.296
 124306 26896.5 2802.57 414.454 219.684
 103624 27265.7 5015.86 516.715 116.845
 72806.1 23439.3 5294.41 963.576 121.64
 65060.3 11482 2833.74 628.227 128.64
 351147 12879.7 1871.37 455.579 121.591
 69956 80550.4 2547.51 366.305 112.912
 569347 18603.5 19346.8 607.503 114.234
 322354 156473 4665.7 4821.01 179.786
 251577 78067.5 33235.3 981.905 1051.91
 348223 62432.5 17122.2 7226.29 441.997
 483704 94123.8 15319.5 4172.92 1868.19
 92298.6 121043 20871.2 3368.22 1327.61
 277400 26789.4 32614.2 5594.23 1258.29
 236858 83316.3 7549.97 9150.51 1922.14
 100524 71072.1 23451.4 2115.59 3101.94
 185099 31317.7 21016.9 6909.51 1536.93
 216059 54272.1 8551.49 5710.14 2294.21
pred_Ctot
 16560.2 4509.68 10357.1 718.213 0.0283672
 16279.7 11349.6 2311.48 5213.18 361.174
 15461.4 5467.63 2772.32 553.367 1333.06
 33467.3 7190.08 1849.32 919.025 624.658
 9919.55 3784.85 576.343 145.015 120.903
 30980.9 6684 1916.15 286.63 132.119
 24814 22286.6 3528.26 991.987 216.558
 2144.22 1369.95 844.073 130.416 44.6134
 7476.48 3151.61 1523.14 922.343 191.082
 13517.2 2970.88 888.944 420.345 306.915
 6460.95 906.095 136.479 39.853 32.5611
 33076.5 8851.7 933.916 138.202 73.2577
 26237.6 8565.83 1595.92 164.517 37.2034
 28122.3 10852.9 2477.03 451.065 56.9432
 19963.5 4312.94 1077.05 238.925 48.9256
 86807.3 3956.44 582.256 141.845 37.8588
 12581.8 18294.5 586.684 84.421 26.0236
 93213.8 3860.67 4072.17 127.965 24.0633
 72020.6 43692.4 1320.11 1365.01 50.9062
 53427.2 20775.8 8963.82 265.016 283.919
 59868.1 13579.6 3776.82 1595.17 97.5724
 100873 24619.9 4061.32 1107.06 495.642
 12552 20998.2 3673.9 593.358 233.886
 32726 4047.95 5001.96 858.652 193.142
 28063.5 12642.1 1162.77 1410.38 296.273
 9863.26 8971.32 3005.53 271.353 397.881
 24193.2 5227.84 3560.21 1171.36 260.565
 24924.4 8023.59 1283.25 857.554 344.561
F
 0.168544 0.221435 0.225154 0.225353 0.225363
 0.31105 0.408661 0.415524 0.415892 0.415911
 0.305609 0.401513 0.408255 0.408617 0.408636
 0.444037 0.58338 0.593177 0.593702 0.59373
 0.146739 0.192787 0.196025 0.196198 0.196207
 0.25546 0.335626 0.341262 0.341564 0.34158
 0.600547 0.789005 0.802255 0.802965 0.803002
 0.104415 0.137182 0.139485 0.139609 0.139615
 0.420186 0.552045 0.561316 0.561812 0.561839
 0.604176 0.793772 0.807103 0.807817 0.807854
 0.12956 0.170218 0.173076 0.173229 0.173237
 0.517114 0.679389 0.690799 0.69141 0.691442
 0.486356 0.638979 0.64971 0.650285 0.650315
 0.847015 1.11282 1.13151 1.13251 1.13256
 0.619658 0.814113 0.827785 0.828517 0.828556
 0.472321 0.62054 0.630961 0.631519 0.631548
 0.324517 0.426354 0.433514 0.433897 0.433918
 0.291603 0.383112 0.389545 0.38989 0.389908
 0.418077 0.549274 0.558499 0.558993 0.559019
 0.393665 0.517201 0.525886 0.526352 0.526376
 0.308232 0.404958 0.411758 0.412123 0.412142
 0.385324 0.506243 0.514744 0.5152 0.515224
 0.237023 0.311403 0.316633 0.316913 0.316927
 0.202817 0.266462 0.270937 0.271177 0.27119
 0.203768 0.267712 0.272208 0.272449 0.272462
 0.166208 0.218366 0.222034 0.22223 0.22224
 0.226881 0.298079 0.303085 0.303353 0.303367
 0.197932 0.260044 0.264412 0.264645 0.264658
nmprior
 8.19 8.8 8.5 0
nm_flota  nm_reclas  nm_pelaces    nm_pelaL
inf 11.7829 15.1105 15.1105
cv_recla  cv_pelaces  cv_mph
0.33558 0.520814 0.884086
 ------------------------------------------------
Talla a la edad & desviaci?n 
 8 13.2811 15.8009 17.003 17.5766
 0.8 1.32811 1.58009 1.7003 1.75766
