years
 1991 1992 1993 1994 1995 1996 1997 1998 1999 2000 2001 2002 2003 2004 2005 2006 2007 2008 2009 2010 2011 2012 2013 2014 2015 2016 2017 2018 2019 2020 2021
reclasobs
 0 0 0 0 0 0 0 0 0 252601 567819 844713 477998 351125 339783 2.1784e+06 2.13404e+06 4.81314e+06 1.55562e+06 2.62356e+06 3.21686e+06 3.843e+06 1.13348e+06 3.07943e+06 1.97215e+06 2.03268e+06 2.025e+06 2.42433e+06 2.27542e+06 1.05018e+06 2.36338e+06
reclaspred
 3.18794e+06 1.74188e+06 883320 907330 920521 1.59514e+06 897351 770848 545488 370018 502551 684879 672977 495658 485672 1.35752e+06 1.21337e+06 3.11554e+06 2.4838e+06 1.78615e+06 3.11489e+06 2.53842e+06 1.92144e+06 3.06694e+06 2.26135e+06 1.98669e+06 2.40406e+06 2.60966e+06 2.07189e+06 1.24745e+06 1.8979e+06
pelacesobs
 0 0 0 0 0 0 0 0 0 0 0 0 0 0 0 552880 188675 0 991730 2.46772e+06 1.41603e+06 1.21717e+06 2.29649e+06 1.80582e+06 0 1.4828e+06 1.56532e+06 1.57751e+06 1.42118e+06 867257 1.10002e+06
pelacespred
 1.8674e+06 1.11371e+06 549010 442301 493775 862750 444151 498431 324073 199512 286515 325204 355424 263203 264511 617570 597557 1.70489e+06 1.42528e+06 945283 1.61919e+06 1.3943e+06 1.11289e+06 1.88557e+06 1.37733e+06 1.21779e+06 1.6258e+06 1.73906e+06 1.20752e+06 810709 1.14092e+06
mphobs
 0 0 0 0 0 0 0 0 0 0 0 498337 0 5186 125008 0 168611 109162 213762 579715 649985 157893 87575 83554 0 0 0 0 0 0 0
mphpred
 488754 327630 157353 87454 95883.1 115144 158433 85124 76564.3 47981.1 29599.5 60918.2 65507.3 53508.1 32415 41230.3 152595 135552 311406 219401 228311 282612 269058 213464 311294 253781 206473 224779 323721 210066 123318
desembarqueobs
 494567 514787 250237 358949 120608 361735 552515 73892 212993 205616 52469 317467 293654 387597 252695 516296 358380 742168 942051 627588 828172 859565 418607 520667 417249 300574 407403 355545 319650 289779 391294
desembarquepred
 494571 513828 250682 358986 120614 361743 552539 73897.5 213055 205672 52471.9 317529 293688 387573 252669 516223 358410 742012 941744 627363 828256 859545 418609 520693 417237 300571 407397 355519 319632 289783 391296
Reclutas
 170625 93681.8 94724.9 143530 116229 213020 83157.6 35225.7 34610.6 46748.3 87353.1 126967 106171 74125.1 68038.4 366688 73959 591503 333220 259544 364104 498208 97215.8 289417 242788 107631 241841 272083 80881.1 58249.8 220676
log_desv_Rt
 0.216197 -0.383367 -0.372294 0.043273 -0.167713 0.438115 -0.502534 -1.3615 -1.37911 -1.07849 -0.453314 -0.079345 -0.258224 -0.617517 -0.7032 0.981239 -0.619761 1.4594 0.885532 0.635654 0.974168 1.28775 -0.346339 0.744598 0.568917 -0.244567 0.565008 0.682836 -0.530292 -0.85853 0.473425
SSB
 2.01531e+06 1.35093e+06 648821 360604 395360 474781 653276 350996 315701 197843 122049 251187 270110 220633 133658 170007 629203 558927 1.28403e+06 904667 941406 1.16531e+06 1.10942e+06 880189 1.28357e+06 1.04643e+06 851362 926842 1.33482e+06 866175 508484
BT
 2.85434e+06 1.95684e+06 960031 908398 768664 1.52578e+06 1.08536e+06 748557 653381 472675 452851 721539 764364 775238 633930 1.32029e+06 1.09018e+06 3.12239e+06 2.87291e+06 1.85067e+06 2.96022e+06 2.72474e+06 1.86026e+06 3.16098e+06 2.24971e+06 1.91572e+06 2.7099e+06 2.81176e+06 1.8604e+06 1.35361e+06 1.99668e+06
Ftot
 0.208402 0.384151 0.377097 0.57312 0.190268 0.346072 0.796549 0.137251 0.549015 0.77197 0.169643 0.678465 0.634237 1.10551 0.805257 0.628507 0.406505 0.385491 0.539437 0.505278 0.396079 0.498247 0.297606 0.264179 0.262699 0.212371 0.260394 0.213309 0.204782 0.311937 0.326558
BD_Bspro_t
 0.967336 0.777617 0.571115 0.471991 0.466381 0.561541 0.562734 0.368419 0.424703 0.361991 0.318539 0.575842 0.454824 0.359921 0.245803 0.295043 0.489238 0.447306 0.583016 0.466794 0.430726 0.480467 0.497221 0.479188 0.604005 0.611996 0.617971 0.666348 0.727624 0.637569 0.545808
BD_Bspro
 2.05121 1.375 0.660381 0.367029 0.402404 0.48324 0.664916 0.35725 0.321327 0.201368 0.124224 0.255663 0.274922 0.224564 0.13604 0.173036 0.640414 0.568886 1.30691 0.920786 0.95818 1.18607 1.12919 0.895872 1.30644 1.06507 0.866532 0.943357 1.3586 0.881609 0.517544
BD_Bo
 1.35296 0.906939 0.435581 0.242089 0.265422 0.318741 0.438573 0.235639 0.211944 0.132821 0.0819369 0.168633 0.181336 0.14812 0.0897307 0.114133 0.422411 0.375232 0.862028 0.607342 0.632007 0.782323 0.744801 0.590909 0.861718 0.702512 0.571556 0.622229 0.896121 0.581501 0.341367
BD_Brms
 2.45993 1.64898 0.791966 0.440161 0.482586 0.579529 0.797405 0.428434 0.385353 0.241492 0.148976 0.306605 0.329702 0.26931 0.163147 0.207515 0.76802 0.682239 1.56732 1.10426 1.1491 1.42241 1.35418 1.07438 1.56676 1.2773 1.03919 1.13133 1.62931 1.05727 0.620667
Sel_flota
 0.695494 0.977476 0.998789 0.999936 0.999997
 0.695494 0.977476 0.998789 0.999936 0.999997
 0.695494 0.977476 0.998789 0.999936 0.999997
 0.695494 0.977476 0.998789 0.999936 0.999997
 0.695494 0.977476 0.998789 0.999936 0.999997
 0.695494 0.977476 0.998789 0.999936 0.999997
 0.695494 0.977476 0.998789 0.999936 0.999997
 0.695494 0.977476 0.998789 0.999936 0.999997
 0.695494 0.977476 0.998789 0.999936 0.999997
 0.695494 0.977476 0.998789 0.999936 0.999997
 0.695494 0.977476 0.998789 0.999936 0.999997
 0.695494 0.977476 0.998789 0.999936 0.999997
 0.695494 0.977476 0.998789 0.999936 0.999997
 0.695494 0.977476 0.998789 0.999936 0.999997
 0.695494 0.977476 0.998789 0.999936 0.999997
 0.695494 0.977476 0.998789 0.999936 0.999997
 0.695494 0.977476 0.998789 0.999936 0.999997
 0.695494 0.977476 0.998789 0.999936 0.999997
 0.695494 0.977476 0.998789 0.999936 0.999997
 0.695494 0.977476 0.998789 0.999936 0.999997
 0.695494 0.977476 0.998789 0.999936 0.999997
 0.695494 0.977476 0.998789 0.999936 0.999997
 0.695494 0.977476 0.998789 0.999936 0.999997
 0.695494 0.977476 0.998789 0.999936 0.999997
 0.695494 0.977476 0.998789 0.999936 0.999997
 0.695494 0.977476 0.998789 0.999936 0.999997
 0.695494 0.977476 0.998789 0.999936 0.999997
 0.695494 0.977476 0.998789 0.999936 0.999997
 0.695494 0.977476 0.998789 0.999936 0.999997
 0.695494 0.977476 0.998789 0.999936 0.999997
 0.695494 0.977476 0.998789 0.999936 0.999997
Sel_reclas
 1 1 1 1 1
 1 1 1 1 1
 1 1 1 1 1
 1 1 1 1 1
 1 1 1 1 1
 1 1 1 1 1
 1 1 1 1 1
 1 1 1 1 1
 1 1 1 1 1
 1 1 1 1 1
 1 1 1 1 1
 1 1 1 1 1
 1 1 1 1 1
 1 1 1 1 1
 1 1 1 1 1
 1 1 1 1 1
 1 1 1 1 1
 1 1 1 1 1
 1 1 1 1 1
 1 1 1 1 1
 1 1 1 1 1
 1 1 1 1 1
 1 1 1 1 1
 1 1 1 1 1
 1 1 1 1 1
 1 1 1 1 1
 1 1 1 1 1
 1 1 1 1 1
 1 1 1 1 1
 1 1 1 1 1
 1 1 1 1 1
Sel_pelaces
 0.844955 0.964822 0.992807 0.998562 0.999714
 0.844955 0.964822 0.992807 0.998562 0.999714
 0.844955 0.964822 0.992807 0.998562 0.999714
 0.844955 0.964822 0.992807 0.998562 0.999714
 0.844955 0.964822 0.992807 0.998562 0.999714
 0.844955 0.964822 0.992807 0.998562 0.999714
 0.844955 0.964822 0.992807 0.998562 0.999714
 0.844955 0.964822 0.992807 0.998562 0.999714
 0.844955 0.964822 0.992807 0.998562 0.999714
 0.844955 0.964822 0.992807 0.998562 0.999714
 0.844955 0.964822 0.992807 0.998562 0.999714
 0.844955 0.964822 0.992807 0.998562 0.999714
 0.844955 0.964822 0.992807 0.998562 0.999714
 0.844955 0.964822 0.992807 0.998562 0.999714
 0.844955 0.964822 0.992807 0.998562 0.999714
 0.844955 0.964822 0.992807 0.998562 0.999714
 0.844955 0.964822 0.992807 0.998562 0.999714
 0.844955 0.964822 0.992807 0.998562 0.999714
 0.844955 0.964822 0.992807 0.998562 0.999714
 0.844955 0.964822 0.992807 0.998562 0.999714
 0.844955 0.964822 0.992807 0.998562 0.999714
 0.844955 0.964822 0.992807 0.998562 0.999714
 0.844955 0.964822 0.992807 0.998562 0.999714
 0.844955 0.964822 0.992807 0.998562 0.999714
 0.844955 0.964822 0.992807 0.998562 0.999714
 0.844955 0.964822 0.992807 0.998562 0.999714
 0.844955 0.964822 0.992807 0.998562 0.999714
 0.844955 0.964822 0.992807 0.998562 0.999714
 0.844955 0.964822 0.992807 0.998562 0.999714
 0.844955 0.964822 0.992807 0.998562 0.999714
 0.844955 0.964822 0.992807 0.998562 0.999714
pf_obs 
 0.8446 0.082 0.0669 0.0065 0
 0.8095 0.147 0.0364 0.0071 0
 0.9664 0.0169 0.016 0.0007 0
 0.9276 0.0648 0.0075 0.0001 0
 0.7033 0.2144 0.0806 0.0017 0
 0.9318 0.0425 0.0243 0.0014 0
 0.5671 0.3108 0.0964 0.0239 0.0018
 0.0768 0.2599 0.5324 0.112 0.0189
 0.490249 0.384438 0.106611 0.0170017 0.00170017
 0.7925 0.1577 0.0466 0.003 0.0002
 0.840416 0.127587 0.0312969 0.00059994 9.999e-05
 0.8084 0.0986 0.0794 0.0134 0.0002
 0.7335 0.1905 0.0724 0.0035 0.0001
 0.4001 0.4547 0.1325 0.0127 0
 0.49795 0.308269 0.164784 0.0264974 0.00249975
 0.9179 0.0499 0.0305 0.0017 0
 0.2467 0.6533 0.0926 0.0074 0
 0.9418 0.0223 0.034 0.0019 0
 0.707729 0.231977 0.0356964 0.0245975 0
 0.517169 0.277429 0.184464 0.0207286 0.00020938
 0.811772 0.124168 0.05621 0.00726502 0.000585176
 0.764997 0.148141 0.077277 0.00933861 0.000247198
 0.163321 0.427699 0.378323 0.0303852 0.000271297
 0.753843 0.0900009 0.118128 0.0371064 0.000921714
 0.721811 0.176058 0.0630433 0.0369309 0.00215725
 0.143369 0.312575 0.442814 0.0836902 0.0175525
 0.692698 0.0596174 0.167031 0.0765114 0.00414204
 0.394062 0.376323 0.152708 0.0712218 0.00568511
 0.125707 0.32114 0.495352 0.0537591 0.00404204
 0.23352 0.215282 0.420074 0.123614 0.00750983
 0.774587 0.0839891 0.0768558 0.0609784 0.00358967
pf_pred 
 0.482178 0.139704 0.354068 0.0240489 8.79807e-07
 0.424179 0.331146 0.0671418 0.166254 0.0112787
 0.582274 0.218593 0.11581 0.0228877 0.0604356
 0.732334 0.180761 0.0460437 0.0237778 0.0170835
 0.658286 0.27606 0.0447507 0.0110825 0.00982006
 0.755247 0.179585 0.0528821 0.00837757 0.00390815
 0.461055 0.442017 0.0715996 0.0205584 0.00476964
 0.455394 0.314396 0.189877 0.0298069 0.0105262
 0.54686 0.24653 0.120412 0.0711114 0.015087
 0.729553 0.175927 0.0520946 0.0247408 0.0176843
 0.836519 0.132695 0.0202474 0.00581238 0.0047255
 0.749329 0.220509 0.0245886 0.00366708 0.00190617
 0.695557 0.25079 0.0473665 0.00512646 0.00116008
 0.646242 0.276163 0.0642501 0.0117837 0.00156147
 0.759186 0.18239 0.045972 0.0103135 0.002138
 0.94219 0.0482867 0.00726818 0.00177478 0.000479878
 0.377962 0.598329 0.0198984 0.00290943 0.000901118
 0.910271 0.0425001 0.0454738 0.00147363 0.000281805
 0.586216 0.388199 0.0122825 0.0128087 0.000493775
 0.612617 0.264515 0.115472 0.00355331 0.00384267
 0.739891 0.183666 0.0526485 0.0223648 0.00143032
 0.748565 0.203419 0.0341644 0.00954385 0.00430749
 0.311056 0.56365 0.101896 0.0166553 0.00674264
 0.743231 0.101859 0.127301 0.0224591 0.00515037
 0.619007 0.308192 0.0293019 0.0357549 0.00774464
 0.425238 0.40326 0.13938 0.0129389 0.0191835
 0.727881 0.140298 0.0931326 0.0314499 0.0072389
 0.680148 0.254533 0.0340718 0.0220842 0.00916238
 0.33957 0.497424 0.130344 0.0170471 0.0156139
 0.413948 0.24887 0.25542 0.0653967 0.016366
 0.828107 0.0877122 0.0362613 0.0363114 0.0116083
pobs_RECLAS
 0 0 0 0 0
 0 0 0 0 0
 0 0 0 0 0
 0 0 0 0 0
 0 0 0 0 0
 0 0 0 0 0
 0 0 0 0 0
 0 0 0 0 0
 0 0 0 0 0
 0 0 0 0 0
 0.991045 0.00858322 0.000360255 1.14367e-05 0
 0.934742 0.0480273 0.0164251 0.00080598 0
 0.827803 0.169806 0.00239088 0 0
 0.941827 0.0461693 0.0120037 0 0
 0.791401 0.0380133 0.147996 0.0225897 0
 0.846168 0.0940531 0.0597789 0 0
 0.134021 0.677848 0.182769 0.00536245 0
 0.80878 0.0450904 0.141981 0.00414843 0
 0.846168 0.0940531 0.0597789 0 0
 0.905697 0.0802665 0.012482 0.00150086 5.37128e-05
 0.989698 0.0102097 9.19794e-05 0 0
 0.975433 0.0193895 0.00387452 0.00125025 5.28907e-05
 0.303575 0.632131 0.0575291 0.00676475 0
 0.966965 0.00978017 0.0227588 0.000495775 0
 0.843318 0.132988 0.00938335 0.0141283 0.000182051
 0.564624 0.303363 0.111486 0.0197234 0.00080311
 0.826376 0.0876187 0.0782897 0.00655872 0.00115652
 0.89761 0.0855135 0.0140674 0.00269457 0.000114338
 0.34875 0.467042 0.161289 0.0227151 0.000203297
 0.318654 0.224769 0.449479 0.00709798 0
 0.937255 0.0296025 0.0250945 0.00804832 0
ppred_RECLAS
 0.572175 0.117294 0.290801 0.0197286 7.21708e-07
 0.514036 0.282239 0.0559533 0.138384 0.00938739
 0.667009 0.176159 0.091256 0.0180135 0.0475621
 0.797979 0.137475 0.034218 0.0176491 0.0126794
 0.732108 0.217345 0.0344674 0.00852588 0.00755418
 0.815073 0.1365 0.0393058 0.00621939 0.00290118
 0.554387 0.367056 0.0580487 0.0166462 0.00386174
 0.543449 0.266015 0.157187 0.0246465 0.00870327
 0.635802 0.200265 0.0955888 0.0563826 0.0119613
 0.797343 0.132952 0.0384404 0.018233 0.0130317
 0.878844 0.0987516 0.0147415 0.00422687 0.00343625
 0.811874 0.165958 0.018076 0.00269243 0.00139945
 0.767213 0.192549 0.0355282 0.00384043 0.000869
 0.730198 0.211798 0.0480394 0.00879867 0.00116584
 0.821228 0.136193 0.0335135 0.00750892 0.0015565
 0.959182 0.0342257 0.00503303 0.00122747 0.000331869
 0.463921 0.516089 0.0167807 0.00245062 0.000758968
 0.93588 0.0307306 0.0321496 0.0010406 0.000198983
 0.669941 0.310099 0.00958848 0.00998703 0.000384975
 0.694712 0.209969 0.089588 0.00275345 0.00297748
 0.802891 0.140112 0.0392694 0.0166614 0.0010655
 0.810271 0.154172 0.0253086 0.00706137 0.00318685
 0.391199 0.500102 0.0884198 0.0144355 0.00584361
 0.805966 0.0780129 0.0953635 0.0168047 0.00385344
 0.697909 0.245426 0.0228233 0.0278168 0.00602483
 0.512841 0.344055 0.116327 0.0107863 0.0159909
 0.792876 0.107951 0.0700909 0.0236411 0.00544119
 0.751224 0.198879 0.0260423 0.01686 0.00699448
 0.422162 0.437593 0.112171 0.0146532 0.0134204
 0.503652 0.213518 0.21431 0.054806 0.0137148
 0.873618 0.0652154 0.0263659 0.0263709 0.00842991
pobs_PELACES
 0 0 0 0 0
 0 0 0 0 0
 0 0 0 0 0
 0 0 0 0 0
 0 0 0 0 0
 0 0 0 0 0
 0 0 0 0 0
 0 0 0 0 0
 0 0 0 0 0
 0 0 0 0 0
 0 0 0 0 0
 0 0 0 0 0
 0 0 0 0 0
 0 0 0 0 0
 0 0 0 0 0
 0 0 0 0 0
 0.505614 0.472636 0.0217494 0 0
 0 0 0 0 0
 0.443492 0.261883 0.143347 0.151278 0
 0.227955 0.32914 0.350689 0.0885471 0.00366901
 0.970185 0.0296113 0.000203453 0 0
 0.997202 0.00247181 0.000326279 0 0
 0.445219 0.490057 0.0546422 0.010081 0
 0.90214 0.0892962 0.00764917 0.000914606 0
 0 0 0 0 0
 0.581667 0.319106 0.0959925 0.00289975 0.000334073
 0.762889 0.0836404 0.116647 0.0363945 0.000428098
 0.88444 0.0763242 0.0277011 0.0115352 0
 0.521256 0.241999 0.230069 0.00667565 0
 0.616807 0.101726 0.260614 0.0208532 0
 0.833518 0.0704572 0.0857862 0.0102388 0
ppred_PELACES
 0.539278 0.123809 0.315393 0.0215194 7.8812e-07
 0.48664 0.294388 0.0598926 0.148963 0.0101166
 0.641878 0.186896 0.0993623 0.0197246 0.0521395
 0.783392 0.146104 0.0372702 0.0193306 0.0139033
 0.707817 0.235733 0.0384162 0.00955708 0.00847757
 0.79829 0.147817 0.0436927 0.0069527 0.00324697
 0.538801 0.378242 0.061209 0.0176489 0.004099
 0.510567 0.281752 0.171149 0.02699 0.00954177
 0.613799 0.209766 0.102631 0.0608747 0.0129291
 0.785832 0.13925 0.0412049 0.0196517 0.0140618
 0.865195 0.109271 0.0167649 0.0048346 0.00393483
 0.800551 0.175425 0.0195678 0.00293078 0.00152508
 0.752998 0.203424 0.0384515 0.00417952 0.000946807
 0.723346 0.216155 0.0500588 0.00921783 0.00122276
 0.81171 0.142615 0.0359076 0.0080895 0.00167875
 0.956002 0.0367387 0.00553476 0.00135733 0.000367399
 0.440186 0.538396 0.0179624 0.00263799 0.000817932
 0.928924 0.033602 0.0360754 0.00117426 0.000224799
 0.651072 0.32727 0.0103735 0.0108651 0.000419301
 0.674497 0.222088 0.0971613 0.00300295 0.00325099
 0.785937 0.150943 0.043411 0.0185226 0.00118588
 0.795824 0.165071 0.0277861 0.00779611 0.00352247
 0.365347 0.518744 0.0941788 0.015463 0.00626677
 0.785704 0.0847317 0.106383 0.0188533 0.00432817
 0.673355 0.263854 0.0252021 0.030891 0.00669835
 0.482527 0.362408 0.125899 0.0117405 0.0174256
 0.772094 0.11716 0.0781339 0.0265041 0.00610713
 0.728347 0.21585 0.0290407 0.0189086 0.0078534
 0.393058 0.456441 0.120223 0.0157949 0.0144827
 0.47378 0.222785 0.229594 0.059048 0.0147932
 0.860156 0.071125 0.0295212 0.0296944 0.00950319
pobs_pel_tallas
 0 0 0 0 0 0 0 0 0 0 0 0 0 0 0 0 0 0 0 0 0 0 0 0 0 0
 0 0 0 0 0 0 0 0 0 0 0 0 0 0 0 0 0 0 0 0 0 0 0 0 0 0
 0 0 0 0 0 0 0 0 0 0 0 0 0 0 0 0 0 0 0 0 0 0 0 0 0 0
 0 0 0 0 0 0 0 0 0 0 0 0 0 0 0 0 0 0 0 0 0 0 0 0 0 0
 0 0 0 0 0 0 0 0 0 0 0 0 0 0 0 0 0 0 0 0 0 0 0 0 0 0
 0 0 0 0 0 0 0 0 0 0 0 0 0 0 0 0 0 0 0 0 0 0 0 0 0 0
 0 0 0 0 0 0 0 0 0 0 0 0 0 0 0 0 0 0 0 0 0 0 0 0 0 0
 0 0 0 0 0 0 0 0 0 0 0 0 0 0 0 0 0 0 0 0 0 0 0 0 0 0
 0 0 0 0 0 0 0 0 0 0 0 0 0 0 0 0 0 0 0 0 0 0 0 0 0 0
 0 0 0 0 0 0 0 0 0 0 0 0 0 0 0 0 0 0 0 0 0 0 0 0 0 0
 0 0 0 0 0 0 0 0 0 0 0 0 0 0 0 0 0 0 0 0 0 0 0 0 0 0
 0 0 0 0 0 0 0 0 0 0 0 0 0 0 0 0 0 0 0 0 0 0 0 0 0 0
 0.00862536 0 0 0.000197151 0.00414017 0.0128641 0.00837892 0.0270097 0.101434 0.158115 0.152841 0.127902 0.109271 0.109419 0.0830992 0.0579132 0.0238553 0.00714673 0.00463305 0.00128148 0.00103504 0.000492878 0.000147863 0.000147863 4.92878e-05 0
 0 0 0 0 0 0 0 0 0 0 0 0 0 0 0 0 0 0 0 0 0 0 0 0 0 0
 0 0 0 0 0 0 0 0.0054083 0.00873648 0.0413646 0.0450493 0.0745869 0.0622846 0.0627006 0.0613931 0.0827291 0.12552 0.122667 0.0946155 0.0697135 0.0546179 0.0294188 0.0215738 0.0213955 0.0102223 0.00600262
 0 0 0 0 0.00359764 0.0251062 0.0480494 0.140153 0.205849 0.193036 0.1447 0.116669 0.0760912 0.0342217 0.00950174 0.001854 0.000860785 0 0 0 0.000165536 0 0.000143464 0 0 0
 0 0 0 0 0 0 0 0.000145254 0.000435761 0.0275982 0.070085 0.0708112 0.156366 0.174668 0.174014 0.160142 0.0824315 0.0480064 0.0283245 0.00493863 0.00203355 0 0 0 0 0
 0 0 0 0 0 0 0 0 0 0 0 0 0 0 0 0 0 0 0 0 0 0 0 0 0 0
 0 0 1.00437e-05 0.000401748 0.00122533 0.00171747 0.00176769 0.0269171 0.070346 0.194647 0.189555 0.159765 0.064822 0.0314167 0.0384472 0.0292271 0.0345202 0.0313363 0.0194345 0.0106764 0.0143323 0.0359363 0.0279516 0.0138201 0.00172751 0
 0 0.0021121 0.0136068 0.0755702 0.200478 0.177729 0.0527432 0.0373336 0.0318909 0.0142505 0.0149659 0.0166563 0.0217959 0.0798694 0.0677717 0.0528807 0.04013 0.0224614 0.0357745 0.0225083 0.00881397 0.00855152 0.00135912 0.000746735 0 0
 0 0 0 0 5.4009e-05 0.00500934 0.000945158 0.0243581 0.138947 0.33067 0.221406 0.137944 0.0707744 0.0437923 0.0131692 0.00525238 0.0047753 0.00276346 9.45158e-05 9.00151e-06 2.25038e-05 9.00151e-06 4.50075e-06 0 0 0
 0.000866109 0.00284123 0.00948549 0.0512746 0.133035 0.25785 0.225252 0.132002 0.0553304 0.0519788 0.0540692 0.017754 0.00435017 0.00159236 0.00146478 0.000404838 0.000125132 0.000115318 0.000107957 0.000100596 0 0 0 0 0 0
 0 0 0 0 0.00144013 0.00171154 0.00461396 0.0210425 0.0478622 0.0707936 0.0888783 0.103762 0.0637923 0.0337046 0.0602308 0.124433 0.169614 0.0934646 0.0462172 0.0250306 0.0313229 0.00938855 0.002487 0.000210481 0 0
 0 0.00764035 0.051015 0.0998891 0.058973 0.0496711 0.0374665 0.0718981 0.12319 0.153886 0.159021 0.0857701 0.0377988 0.023471 0.0147837 0.00900784 0.00315554 0.000888139 0.00291439 0.00214683 0.00393193 0.00274676 0.000635225 9.99891e-05 0 0
 0 0 0 0 0 0 0 0 0 0 0 0 0 0 0 0 0 0 0 0 0 0 0 0 0 0
 0 0 0 0 0 0 0 0 0 0 0 0 0 0 0 0 0 0 0 0 0 0 0 0 0 0
 0 0 0 0 0 0 0 0 0 0 0 0 0 0 0 0 0 0 0 0 0 0 0 0 0 0
 0 0 0 0 0 0 0 0 0 0 0 0 0 0 0 0 0 0 0 0 0 0 0 0 0 0
 0 0 0 0 0 0 0 0 0 0 0 0 0 0 0 0 0 0 0 0 0 0 0 0 0 0
 0 0 0 0 0 0 0 0 0 0 0 0 0 0 0 0 0 0 0 0 0 0 0 0 0 0
 0 0 0 0 0 0 0 0 0 0 0 0 0 0 0 0 0 0 0 0 0 0 0 0 0 0
ppred_pel_tallas
 1.11292e-16 4.44196e-05 0.000431775 0.0028693 0.0130434 0.0405829 0.0864667 0.126203 0.126216 0.0865275 0.0407884 0.0136429 0.00439641 0.00383929 0.00673175 0.0116203 0.0180398 0.0253955 0.0330087 0.0404053 0.0473077 0.0532644 0.0573331 0.0582739 0.0552254 0.0483421
 1.18455e-16 4.00839e-05 0.00038963 0.00258923 0.0117703 0.0366219 0.0780278 0.11389 0.113918 0.0781669 0.0370891 0.0131209 0.00598419 0.00781694 0.0141958 0.0235441 0.034262 0.0438809 0.0499774 0.0516036 0.0499068 0.0473102 0.0458773 0.0461229 0.0470127 0.046881
 1.13717e-16 5.28707e-05 0.000513922 0.00341519 0.015525 0.048304 0.102918 0.150215 0.150233 0.103006 0.0486023 0.016388 0.0055879 0.00527836 0.00916503 0.015237 0.0223473 0.0289673 0.033584 0.0355459 0.035428 0.0345393 0.0339742 0.033973 0.0339863 0.0332132
 1.05405e-16 6.4527e-05 0.000627225 0.00416813 0.0189477 0.0589535 0.125607 0.18333 0.183344 0.125676 0.0591852 0.0196175 0.00585114 0.00430709 0.00707083 0.0116347 0.0168683 0.021462 0.0241346 0.0243207 0.0225045 0.0198636 0.0175111 0.0159322 0.014948 0.0140693
 1.03563e-16 5.8302e-05 0.000566716 0.00376603 0.0171198 0.0532663 0.11349 0.165647 0.16567 0.113601 0.0536392 0.0181972 0.00647097 0.00647332 0.0112811 0.0185712 0.0267795 0.0337468 0.0373132 0.0364877 0.0320324 0.0259291 0.0201732 0.0158365 0.0129411 0.0109419
 1.02546e-16 6.57541e-05 0.000639154 0.0042474 0.0193081 0.0600747 0.127996 0.186817 0.186831 0.128066 0.0603092 0.0199859 0.00595051 0.00436285 0.00715474 0.0117685 0.01705 0.0216564 0.0242586 0.0242339 0.0220106 0.0187289 0.0155083 0.0129076 0.0108948 0.00917442
 1.04327e-16 4.43804e-05 0.000431393 0.00286676 0.0130319 0.0405473 0.0863916 0.126099 0.126135 0.0865698 0.0411457 0.0147605 0.0072065 0.00990738 0.0180478 0.0297845 0.0429438 0.054093 0.0597569 0.0583289 0.0510129 0.0409737 0.0314103 0.0240617 0.019008 0.0154413
 1.09333e-16 4.20548e-05 0.000408788 0.00271654 0.012349 0.0384225 0.0818642 0.119489 0.119516 0.081998 0.0388724 0.0136513 0.00599556 0.00760063 0.0137996 0.0230053 0.033739 0.0436882 0.0504848 0.0529852 0.0518299 0.0487576 0.045287 0.0418831 0.0381288 0.0334853
 1.11309e-16 5.05579e-05 0.000491441 0.0032658 0.0148458 0.0461911 0.0984157 0.143645 0.143665 0.0985152 0.0465256 0.0158138 0.00570233 0.00583309 0.0102628 0.0170658 0.0250065 0.0323633 0.037421 0.0394259 0.0389946 0.0375597 0.0363111 0.0354971 0.0345274 0.0326044
 1.05576e-16 6.47279e-05 0.000629179 0.00418111 0.0190067 0.0591371 0.125998 0.183901 0.183915 0.126064 0.0593582 0.0196458 0.00578735 0.0041427 0.00675878 0.011128 0.0161608 0.0206189 0.023293 0.0236492 0.0221397 0.0198597 0.0178294 0.0164689 0.0155781 0.0146846
 1.01663e-16 7.1265e-05 0.000692721 0.00460338 0.0209263 0.0651095 0.138723 0.202473 0.202483 0.138775 0.0652823 0.0214256 0.00585688 0.0034297 0.005271 0.00860588 0.0124016 0.0156206 0.0172582 0.0168557 0.0147695 0.0119235 0.00924854 0.00724528 0.00592352 0.00502585
 1.01162e-16 6.59403e-05 0.000640964 0.00425943 0.0193628 0.0602448 0.128359 0.187347 0.187364 0.128441 0.060522 0.0201633 0.00626851 0.00502528 0.00838804 0.0137508 0.0197737 0.0248051 0.0272071 0.0262219 0.022419 0.0173095 0.0124488 0.00872503 0.00624064 0.00464739
 1.01742e-16 6.20235e-05 0.000602891 0.00400642 0.0182126 0.0566663 0.120734 0.176219 0.176239 0.12083 0.0569883 0.0191427 0.0063418 0.00570313 0.00975433 0.0160431 0.0231395 0.0291684 0.0322546 0.0315203 0.0275882 0.0221297 0.0168426 0.0126627 0.00966687 0.00748067
 1.02632e-16 5.95811e-05 0.000579149 0.00384865 0.0174954 0.0544349 0.11598 0.169281 0.169301 0.116082 0.0547773 0.0184849 0.00633392 0.00600936 0.0103867 0.017114 0.0247332 0.0312801 0.0347854 0.0343274 0.0305547 0.0251977 0.0199874 0.0158376 0.0127681 0.0103604
 1.02169e-16 6.68595e-05 0.000649898 0.0043188 0.0196326 0.0610845 0.130148 0.189957 0.189971 0.130215 0.0613106 0.0202859 0.00595979 0.0042363 0.00689017 0.0113166 0.0163692 0.0207388 0.0231338 0.0229525 0.0206215 0.0172697 0.014015 0.0114299 0.00949889 0.0079285
 1.00368e-16 7.87446e-05 0.000765426 0.00508652 0.0231226 0.071943 0.153282 0.223721 0.223724 0.1533 0.0720011 0.0232904 0.00550786 0.0016853 0.00182603 0.00289487 0.00416413 0.00523963 0.00577802 0.00562218 0.00488932 0.00388883 0.00293506 0.00220137 0.0016995 0.00135318
 1.01059e-16 3.62577e-05 0.000352437 0.00234207 0.0106468 0.0331263 0.070581 0.103026 0.103078 0.070834 0.0339757 0.0130988 0.00849231 0.0137628 0.025459 0.0419107 0.0600862 0.0749607 0.0814377 0.0771661 0.063973 0.0467002 0.0304156 0.018138 0.0103654 0.00603556
 1.01206e-16 7.65142e-05 0.000743745 0.00494245 0.0224677 0.0699052 0.148941 0.217384 0.217387 0.148957 0.0699594 0.0226247 0.00533885 0.00161671 0.00175667 0.00284078 0.00421861 0.00558186 0.00666142 0.00731545 0.00757789 0.00757546 0.00739117 0.00700301 0.0063413 0.00539269
 1.01544e-16 5.3628e-05 0.000521284 0.00346411 0.0157474 0.0489961 0.104393 0.152371 0.152402 0.104546 0.0495125 0.0172381 0.00720327 0.00867501 0.015513 0.0254936 0.0365615 0.0456484 0.0496704 0.0472181 0.0394181 0.0292167 0.0196747 0.0125792 0.00816518 0.00571832
 1.03713e-16 5.55575e-05 0.000540039 0.00358875 0.0163139 0.0507588 0.108148 0.157849 0.157871 0.108253 0.0511121 0.0173356 0.00615802 0.00616448 0.0107831 0.0178573 0.0259926 0.0332517 0.0376697 0.0382942 0.0356783 0.031373 0.0268716 0.0228751 0.0193194 0.0158855
 1.0335e-16 6.47366e-05 0.000629263 0.00418168 0.0190093 0.0591451 0.126015 0.183926 0.183941 0.126087 0.0593846 0.0197016 0.00592132 0.00443336 0.00730849 0.0120303 0.017443 0.022188 0.0249241 0.0250347 0.0229732 0.0199072 0.0169586 0.0146484 0.0128751 0.0112692
 1.02223e-16 6.5551e-05 0.000637179 0.00423428 0.0192484 0.0598891 0.127601 0.18624 0.186256 0.127678 0.0601503 0.020003 0.0061287 0.00477407 0.00792632 0.0130108 0.0187617 0.0236479 0.0261547 0.0255848 0.0224658 0.0181766 0.0141058 0.0110003 0.00888023 0.00737895
 1.05462e-16 3.00933e-05 0.000292517 0.00194388 0.00883664 0.0274943 0.0585815 0.0855118 0.0855619 0.0588259 0.0283153 0.0112083 0.00789852 0.0132965 0.0247415 0.0408926 0.0589909 0.0743604 0.0822369 0.0804008 0.0704665 0.0567233 0.0435136 0.0332085 0.0259526 0.020715
 1.05715e-16 6.47174e-05 0.000629076 0.00418043 0.0190036 0.0591274 0.125978 0.18387 0.183878 0.126018 0.0592646 0.0194018 0.00518718 0.00285125 0.00435678 0.00728777 0.0109303 0.0146622 0.0178712 0.0202433 0.0218633 0.0229811 0.0236637 0.0236661 0.022628 0.0203926
 1.05027e-16 5.54634e-05 0.000539124 0.00358267 0.0162863 0.0506729 0.107965 0.157583 0.157609 0.108089 0.0510899 0.0174908 0.00660568 0.00713744 0.0125846 0.0207129 0.0298272 0.0375103 0.0413517 0.0402776 0.0352088 0.0284492 0.0222986 0.0179578 0.0153638 0.0137512
 1.07853e-16 3.97452e-05 0.000386338 0.00256735 0.0116708 0.0363125 0.0773688 0.112929 0.112964 0.0775401 0.036888 0.0133347 0.00674962 0.00953511 0.0174701 0.0289629 0.0420546 0.0535869 0.0603423 0.0608061 0.0559989 0.048639 0.0413604 0.035423 0.0306784 0.0263903
 1.05977e-16 6.35964e-05 0.00061818 0.00410802 0.0186745 0.0581033 0.123796 0.180686 0.180697 0.123851 0.0582908 0.0192172 0.00547555 0.00362057 0.00581604 0.00964694 0.0142028 0.0185201 0.0216536 0.0231654 0.0233358 0.0228577 0.0222775 0.0216571 0.0206757 0.0189898
 1.04119e-16 5.9993e-05 0.000583154 0.00387526 0.0176164 0.0548113 0.116782 0.170451 0.170472 0.116884 0.0551527 0.0186025 0.00635083 0.00598821 0.0103281 0.016988 0.024489 0.0308511 0.0341063 0.0333682 0.0293661 0.0239463 0.0189505 0.0153398 0.013073 0.0115649
 1.07621e-16 3.23757e-05 0.000314704 0.00209132 0.00950686 0.0295796 0.0630241 0.0919948 0.0920388 0.0632395 0.0303032 0.0115981 0.00734479 0.0117972 0.021881 0.0362304 0.0524397 0.0664699 0.0742023 0.0737118 0.066357 0.0557407 0.0454313 0.0372571 0.0311725 0.026241
 1.15108e-16 3.90246e-05 0.000379334 0.00252081 0.0114592 0.035654 0.0759655 0.110878 0.1109 0.0760722 0.0360132 0.0125007 0.00515106 0.00617422 0.0112006 0.0188644 0.0281317 0.0373969 0.0450079 0.0501636 0.0532287 0.0551198 0.056319 0.0564127 0.0544918 0.049955
 1.05457e-16 7.08499e-05 0.000688687 0.00457657 0.0208044 0.0647303 0.137915 0.201292 0.201299 0.137949 0.0648436 0.0211324 0.00540196 0.00249792 0.00352922 0.00578258 0.00846931 0.0109705 0.0127191 0.0134898 0.0135316 0.0133668 0.0134105 0.0137119 0.0139835 0.0138335
pSPR Fmed_Fpbrs
0.531247   0.6 0.325
Fs Fmed_Fpbrs
0.37978   0.299405 0.741009
SSBpbr Bo_Bmed_Bpbrs
1.48955e+06  716842  819253 409626
Ro
137452
SPR SPRFo_SPRFmed_SPRFpbrs
982494 521947 319310
Fref
0.299405
Nvult_r0
 155988 12638 5140.18 5142.82 1644.02
CTP_r0
 28870.8 3057.96 1264.2 1265.94 404.705
YTP_r0
391296
Np
 174878 64688.1 4611.66 1857.97 2351.06
Nvult_p0
 122638 46928.7 3353.63 1351.3 1709.94
CTP_p0
 21136.2 10624.7 772.014 311.347 393.998
YTP_p0
 370846
CBA_c0
385161
log_Ro
11.651
likeval ReclasPelacesDesembMPH_pf_preclas_ppelaces_ptallas_desvR_qrecl_qpela
 12.5486 16.882 0.0360907 0.000820089 241.373 117.234 99.3332 0 23.9415 3.89838e-06 1.79713e-05 0.181195 8.71688e-16 0 0
q_reclas_q_pelaces
1.32285 1.82781
M
1
N
 170625 36020.6 89502.5 6072.78 0.222155
 93681.8 54300.1 10809 26738.8 1813.87
 94724.9 26383.3 13722.4 2709.32 7153.66
 143530 26808.2 6713.54 3463.87 2488.55
 116229 35443.6 5632.18 1393.34 1234.54
 213020 37458.3 10826.1 1713.37 799.247
 83157.6 61602.1 9825.21 2818.79 653.944
 35225.7 17579.7 10402.9 1631.28 576.048
 34610.6 11779 5655.24 3336.77 707.894
 46748.3 8691.3 2533.67 1202.3 859.343
 87353.1 10053.1 1503.42 431.122 350.485
 126967 28559 3133.2 466.873 242.673
 106171 29138.4 5412.92 585.324 132.448
 74125.1 25126.9 5766.74 1056.88 140.043
 68038.4 12640.2 3137.21 703.238 145.775
 366688 14296.6 2116.5 516.362 139.611
 73959 87128.8 2845.3 415.62 128.721
 591503 20507.5 21542.7 697.437 133.365
 333220 166428 5175.73 5392.53 207.872
 259544 84236.5 36135.4 1110.93 1201.34
 364104 67188.8 18910.8 8025.37 513.229
 498208 101694 16782.7 4683.9 2113.91
 97215.8 129605 22987.4 3753.56 1519.49
 289417 29077.1 35644.2 6282.06 1440.54
 242788 88600.2 8262.45 10071.7 2181.44
 107631 74402 25212.8 2338.1 3466.32
 241841 34158.2 22240 7502.51 1726.77
 272083 74230.7 9742.26 6307.99 2616.93
 80881.1 86293.3 22168.5 2896.27 2652.62
 58249.8 25804.7 25986.7 6646.82 1663.33
 220676 17249.6 6998.14 7000.8 2237.94
pred_Ctot
 14726 4266.64 10813.4 734.467 0.0268698
 14189.4 11077.3 2245.99 5561.45 377.29
 14111.5 5297.61 2806.66 554.686 1464.66
 30804.7 7603.48 1936.77 1000.18 718.595
 9205.54 3860.45 625.798 154.979 137.325
 29374.7 6984.82 2056.81 325.839 152.004
 23378.4 22413.1 3630.55 1042.44 241.85
 2043.13 1410.54 851.885 133.729 47.2257
 7162.15 3228.77 1577.02 931.337 197.592
 12819.1 3091.24 915.363 434.725 310.734
 6204.78 984.252 150.183 43.1126 35.0508
 31363 9229.35 1029.15 153.485 79.7825
 24806.6 8944.28 1689.3 182.832 41.3735
 26725.5 11420.8 2657.08 487.32 64.5753
 19293.1 4635.06 1168.28 262.096 54.3326
 85032.1 4357.84 655.948 160.173 43.3087
 11781.1 18650 620.236 90.6872 28.0879
 89870.7 4196.02 4489.61 145.491 27.8225
 67927.8 44982.6 1423.23 1484.21 57.2162
 50019.3 21597.3 9428.14 290.123 313.749
 56674.2 14068.4 4032.77 1713.1 109.56
 94859.7 25777.7 4329.38 1209.42 545.854
 11685 21173.9 3827.79 625.666 253.291
 31170.1 4271.82 5338.84 941.904 216
 26012.5 12951.1 1231.35 1502.53 325.453
 9455.49 8966.78 3099.22 287.707 426.56
 25700.2 4953.69 3288.35 1110.44 255.593
 24002.1 8982.34 1202.38 779.341 323.335
 6866.3 10058.2 2635.63 344.702 315.722
 7309.26 4394.41 4510.06 1154.74 288.983
 28870.8 3057.96 1264.2 1265.94 404.705
F
 0.144942 0.203708 0.208149 0.208389 0.208401
 0.267175 0.375498 0.383685 0.384126 0.384149
 0.262269 0.368603 0.37664 0.377073 0.377096
 0.398602 0.560211 0.572426 0.573083 0.573118
 0.132331 0.185983 0.190038 0.190256 0.190268
 0.240691 0.338276 0.345652 0.346049 0.34607
 0.553995 0.778607 0.795584 0.796498 0.796546
 0.0954574 0.13416 0.137085 0.137242 0.137251
 0.381837 0.536649 0.54835 0.54898 0.549013
 0.536901 0.754582 0.771035 0.771921 0.771967
 0.117986 0.165822 0.169437 0.169632 0.169642
 0.471869 0.663183 0.677643 0.678422 0.678463
 0.441108 0.619951 0.633468 0.634196 0.634235
 0.768873 1.0806 1.10417 1.10543 1.1055
 0.560052 0.78712 0.804282 0.805206 0.805255
 0.437123 0.61435 0.627745 0.628466 0.628504
 0.282722 0.397348 0.406012 0.406479 0.406503
 0.268107 0.376808 0.385024 0.385466 0.38549
 0.375176 0.527287 0.538784 0.539403 0.539435
 0.351418 0.493897 0.504666 0.505246 0.505277
 0.275471 0.387158 0.3956 0.396054 0.396078
 0.346528 0.487024 0.497643 0.498215 0.498245
 0.206984 0.290903 0.297246 0.297587 0.297605
 0.183735 0.258229 0.263859 0.264162 0.264178
 0.182706 0.256782 0.262381 0.262683 0.262699
 0.147703 0.207588 0.212114 0.212358 0.212371
 0.181102 0.254529 0.260078 0.260377 0.260393
 0.148355 0.208504 0.213051 0.213296 0.213308
 0.142425 0.200169 0.204534 0.204769 0.204781
 0.21695 0.304911 0.311559 0.311917 0.311936
 0.227119 0.319202 0.326162 0.326537 0.326557
nmprior
 8.19 8.8 8.5 0
nm_flota  nm_reclas  nm_pelaces    nm_pelaL
inf 13.7553 17.131 40.1714
cv_recla  cv_pelaces  cv_mph
0.320423 0.465891 0.883763
 ------------------------------------------------
Talla a la edad & desviaci?n 
 8 13.2811 15.8009 17.003 17.5766
 0.8 1.32811 1.58009 1.7003 1.75766
