years
 1991 1992 1993 1994 1995 1996 1997 1998 1999 2000 2001 2002 2003 2004 2005 2006 2007 2008 2009 2010 2011 2012 2013 2014 2015 2016 2017 2018 2019 2020
reclasobs
 0 0 0 0 0 0 0 0 0 252601 567819 844713 477998 351125 339783 2.1784e+06 2.13404e+06 4.81314e+06 1.55562e+06 2.62356e+06 3.21686e+06 3.843e+06 1.13348e+06 3.07943e+06 1.97215e+06 2.03268e+06 2.025e+06 2.42433e+06 2.27542e+06 1.05018e+06
reclaspred
 2.85958e+06 1.54788e+06 769900 599444 503357 1.1701e+06 583110 453755 340604 254519 425425 607859 593195 423520 402584 1.46742e+06 1.28389e+06 3.22478e+06 2.65068e+06 1.95728e+06 3.49787e+06 2.81165e+06 2.06001e+06 3.24426e+06 2.35031e+06 1.9965e+06 2.54894e+06 2.86229e+06 2.22871e+06 1.21676e+06
pelacesobs
 0 0 0 0 0 0 0 0 0 0 0 0 0 0 0 552880 188675 0 991730 2.46772e+06 1.41603e+06 1.21717e+06 2.29649e+06 1.80582e+06 0 1.4828e+06 1.56532e+06 1.57751e+06 1.42118e+06 867257
pelacespred
 1.05278e+06 618876 299225 184691 172412 423340 167135 187839 121026 84774.4 160818 192665 209149 150724 148470 475167 418883 1.24053e+06 1.0306e+06 700091 1.2479e+06 1.06184e+06 783533 1.36745e+06 945142 803310 1.1769e+06 1.29831e+06 833880 519487
mphobs
 0 0 0 0 0 0 0 0 0 0 0 498337 0 5186 125008 0 168611 109162 213762 579715 649985 157893 87575 83554 0 0 0 0 0 0
mphpred
 2.04477e+06 1.32871e+06 631153 335815 254301 265668 501301 224732 191035 121816 87247.3 236829 264087 210858 121666 153419 791467 661333 1.50911e+06 1.11397e+06 1.18942e+06 1.49918e+06 1.4006e+06 1.06026e+06 1.52346e+06 1.2068e+06 952087 1.10994e+06 1.64885e+06 1.02592e+06
desembarqueobs
 494567 514787 250237 358949 120608 361735 552515 73892 212993 205616 52469 317467 293654 387597 252695 516296 358380 742168 942051 627588 828172 859565 418607 520667 417249 300574 407403 355545 319650 289779
desembarquepred
 494556 514354 250184 358974 120608 361681 552320 73893.4 212994 205610 52469.9 317465 293634 387466 252630 516164 358378 741978 941591 627291 828132 859391 418566 520649 417205 300540 407360 355497 319611 289758
Reclutas
 154050 94358.5 90243.1 90547.8 73007.4 216855 66276.6 24440.4 32292.1 49189.2 88470.8 127810 103427 71440.1 64341.5 437752 64881.1 658940 370955 289691 424316 550764 90820.9 326527 256246 110363 286243 324671 67398.4 46991.4
log_desv_Rt
 0.165033 -0.325143 -0.369737 -0.366367 -0.581684 0.506984 -0.678408 -1.67601 -1.39742 -0.976571 -0.389572 -0.0217023 -0.233379 -0.603385 -0.70804 1.20941 -0.699689 1.61839 1.04383 0.796569 1.17823 1.43906 -0.363355 0.916266 0.673893 -0.16847 0.784595 0.910568 -0.661624 -1.02228
SSB
 2.04477e+06 1.32871e+06 631153 335815 254301 265668 501301 224732 191035 121816 87247.3 236829 264087 210858 121666 153419 791467 661333 1.50911e+06 1.11397e+06 1.18942e+06 1.49918e+06 1.4006e+06 1.06026e+06 1.52346e+06 1.2068e+06 952087 1.10994e+06 1.64885e+06 1.02592e+06
BT
 2.85111e+06 1.93378e+06 932850 724928 496216 1.28933e+06 869643 500113 487872 390239 415163 706873 747384 748627 595658 1.50976e+06 1.24633e+06 3.5218e+06 3.27801e+06 2.18014e+06 3.54865e+06 3.25457e+06 2.17289e+06 3.64178e+06 2.57132e+06 2.1221e+06 3.13378e+06 3.35311e+06 2.19e+06 1.49032e+06
Ftot
 0.210629 0.394551 0.393508 0.755872 0.31645 0.458765 1.08492 0.214175 0.822659 1.05962 0.191654 0.711267 0.664257 1.19269 0.903608 0.558149 0.345746 0.348172 0.467613 0.425124 0.326006 0.413798 0.250367 0.231197 0.230783 0.192514 0.229764 0.181159 0.171572 0.286266
BD_Bspro_t
 0.967025 0.775066 0.566433 0.452106 0.366802 0.435273 0.49905 0.271829 0.306111 0.257363 0.247314 0.551661 0.442852 0.346386 0.228377 0.276374 0.543672 0.486623 0.621635 0.518449 0.489217 0.5439 0.557775 0.530655 0.64823 0.649472 0.649344 0.707323 0.767883 0.675942
BD_Bspro
 2.19925 1.42908 0.678835 0.361184 0.273512 0.285738 0.539173 0.24171 0.205467 0.131018 0.0938384 0.25472 0.284038 0.226788 0.130858 0.165009 0.851259 0.711294 1.62311 1.19812 1.27928 1.61244 1.50641 1.14036 1.63855 1.29797 1.02401 1.19379 1.77342 1.10342
BD_Bo
 1.23754 0.804158 0.381986 0.203242 0.153908 0.160788 0.303397 0.136012 0.115618 0.0737252 0.0528037 0.143333 0.159831 0.127616 0.0736348 0.0928521 0.479011 0.400251 0.91334 0.674193 0.719861 0.907335 0.847667 0.64169 0.922026 0.730379 0.576221 0.671757 0.997918 0.620906
BD_Brms
 6.37778 4.14432 1.96861 1.04743 0.793181 0.828637 1.56359 0.700954 0.595851 0.379951 0.27213 0.738685 0.823706 0.657681 0.379485 0.478524 2.46864 2.06274 4.707 3.47453 3.70989 4.67605 4.36855 3.30702 4.75176 3.76409 2.96962 3.46198 5.14288 3.19991
Sel_flota
 0.665375 0.974214 0.998609 0.999927 0.999996
 0.665375 0.974214 0.998609 0.999927 0.999996
 0.665375 0.974214 0.998609 0.999927 0.999996
 0.665375 0.974214 0.998609 0.999927 0.999996
 0.665375 0.974214 0.998609 0.999927 0.999996
 0.665375 0.974214 0.998609 0.999927 0.999996
 0.665375 0.974214 0.998609 0.999927 0.999996
 0.665375 0.974214 0.998609 0.999927 0.999996
 0.665375 0.974214 0.998609 0.999927 0.999996
 0.665375 0.974214 0.998609 0.999927 0.999996
 0.665375 0.974214 0.998609 0.999927 0.999996
 0.665375 0.974214 0.998609 0.999927 0.999996
 0.665375 0.974214 0.998609 0.999927 0.999996
 0.665375 0.974214 0.998609 0.999927 0.999996
 0.665375 0.974214 0.998609 0.999927 0.999996
 0.665375 0.974214 0.998609 0.999927 0.999996
 0.665375 0.974214 0.998609 0.999927 0.999996
 0.665375 0.974214 0.998609 0.999927 0.999996
 0.665375 0.974214 0.998609 0.999927 0.999996
 0.665375 0.974214 0.998609 0.999927 0.999996
 0.665375 0.974214 0.998609 0.999927 0.999996
 0.665375 0.974214 0.998609 0.999927 0.999996
 0.665375 0.974214 0.998609 0.999927 0.999996
 0.665375 0.974214 0.998609 0.999927 0.999996
 0.665375 0.974214 0.998609 0.999927 0.999996
 0.665375 0.974214 0.998609 0.999927 0.999996
 0.665375 0.974214 0.998609 0.999927 0.999996
 0.665375 0.974214 0.998609 0.999927 0.999996
 0.665375 0.974214 0.998609 0.999927 0.999996
 0.665375 0.974214 0.998609 0.999927 0.999996
Sel_reclas
 1 1 1 1 1
 1 1 1 1 1
 1 1 1 1 1
 1 1 1 1 1
 1 1 1 1 1
 1 1 1 1 1
 1 1 1 1 1
 1 1 1 1 1
 1 1 1 1 1
 1 1 1 1 1
 1 1 1 1 1
 1 1 1 1 1
 1 1 1 1 1
 1 1 1 1 1
 1 1 1 1 1
 1 1 1 1 1
 1 1 1 1 1
 1 1 1 1 1
 1 1 1 1 1
 1 1 1 1 1
 1 1 1 1 1
 1 1 1 1 1
 1 1 1 1 1
 1 1 1 1 1
 1 1 1 1 1
 1 1 1 1 1
 1 1 1 1 1
 1 1 1 1 1
 1 1 1 1 1
 1 1 1 1 1
Sel_pelaces
 1 1 1 1 1
 1 1 1 1 1
 1 1 1 1 1
 1 1 1 1 1
 1 1 1 1 1
 1 1 1 1 1
 1 1 1 1 1
 1 1 1 1 1
 1 1 1 1 1
 1 1 1 1 1
 1 1 1 1 1
 1 1 1 1 1
 1 1 1 1 1
 1 1 1 1 1
 1 1 1 1 1
 1 1 1 1 1
 1 1 1 1 1
 1 1 1 1 1
 1 1 1 1 1
 1 1 1 1 1
 1 1 1 1 1
 1 1 1 1 1
 1 1 1 1 1
 1 1 1 1 1
 1 1 1 1 1
 1 1 1 1 1
 1 1 1 1 1
 1 1 1 1 1
 1 1 1 1 1
 1 1 1 1 1
pf_obs 
 0.8446 0.082 0.0669 0.0065 0
 0.8095 0.147 0.0364 0.0071 0
 0.9664 0.0169 0.016 0.0007 0
 0.9276 0.0648 0.0075 0.0001 0
 0.7033 0.2144 0.0806 0.0017 0
 0.9318 0.0425 0.0243 0.0014 0
 0.5671 0.3108 0.0964 0.0239 0.0018
 0.0768 0.2599 0.5324 0.112 0.0189
 0.490249 0.384438 0.106611 0.0170017 0.00170017
 0.7925 0.1577 0.0466 0.003 0.0002
 0.840416 0.127587 0.0312969 0.00059994 9.999e-05
 0.8084 0.0986 0.0794 0.0134 0.0002
 0.7335 0.1905 0.0724 0.0035 0.0001
 0.4001 0.4547 0.1325 0.0127 0
 0.49795 0.308269 0.164784 0.0264974 0.00249975
 0.9179 0.0499 0.0305 0.0017 0
 0.2467 0.6533 0.0926 0.0074 0
 0.9418 0.0223 0.034 0.0019 0
 0.707729 0.231977 0.0356964 0.0245975 0
 0.517169 0.277429 0.184464 0.0207286 0.00020938
 0.811772 0.124168 0.05621 0.00726502 0.000585176
 0.764997 0.148141 0.077277 0.00933861 0.000247198
 0.163321 0.427699 0.378323 0.0303852 0.000271297
 0.753843 0.0900009 0.118128 0.0371064 0.000921714
 0.721811 0.176058 0.0630433 0.0369309 0.00215725
 0.143369 0.312575 0.442814 0.0836902 0.0175525
 0.692698 0.0596174 0.167031 0.0765114 0.00414204
 0.394062 0.376323 0.152708 0.0712218 0.00568511
 0.125707 0.32114 0.495352 0.0537591 0.00404204
 0.23352 0.215282 0.420074 0.123614 0.00750983
pf_pred 
 0.439333 0.16841 0.362124 0.0301324 8.84787e-07
 0.427159 0.311251 0.0800559 0.167607 0.0139271
 0.566012 0.233742 0.110322 0.0275505 0.0623742
 0.639385 0.242274 0.0646299 0.029613 0.0240982
 0.658274 0.255803 0.0584084 0.01504 0.0124749
 0.843076 0.117217 0.0299376 0.00664484 0.00312538
 0.436633 0.504125 0.0445977 0.011045 0.00359852
 0.456646 0.315503 0.204768 0.0173867 0.00569613
 0.634798 0.204456 0.0943959 0.0596373 0.00671292
 0.804382 0.1466 0.0278959 0.012414 0.00870845
 0.859021 0.124091 0.0127864 0.00233635 0.00176513
 0.748733 0.226392 0.0219647 0.00220397 0.00070594
 0.684127 0.262611 0.048153 0.00451224 0.000596659
 0.638968 0.282039 0.0660494 0.0117041 0.00123948
 0.758052 0.185329 0.0446479 0.010013 0.00195765
 0.954092 0.0387602 0.00552351 0.00128107 0.000342764
 0.287754 0.691477 0.0176229 0.00243203 0.000713737
 0.904395 0.0365202 0.0574097 0.0014217 0.000253386
 0.566177 0.406264 0.0107158 0.0163666 0.000476801
 0.583312 0.280005 0.128254 0.00328068 0.00514822
 0.720654 0.19189 0.0593447 0.0263802 0.00173085
 0.715382 0.227308 0.0397227 0.0119402 0.00564734
 0.248833 0.598287 0.122833 0.0208365 0.00921058
 0.729948 0.0899504 0.144243 0.0288193 0.00703927
 0.584487 0.334227 0.0275689 0.0430347 0.0106828
 0.393263 0.411763 0.157678 0.012661 0.024634
 0.734919 0.130486 0.0921212 0.0343593 0.00811505
 0.669641 0.266783 0.03173 0.0218069 0.01004
 0.250129 0.563037 0.151651 0.0175714 0.0176111
 0.332679 0.221323 0.337058 0.08845 0.0204907
pobs_RECLAS
 0 0 0 0 0
 0 0 0 0 0
 0 0 0 0 0
 0 0 0 0 0
 0 0 0 0 0
 0 0 0 0 0
 0 0 0 0 0
 0 0 0 0 0
 0 0 0 0 0
 0 0 0 0 0
 0.991045 0.00858322 0.000360255 1.14367e-05 0
 0.934742 0.0480273 0.0164251 0.00080598 0
 0.827803 0.169806 0.00239088 0 0
 0.941827 0.0461693 0.0120037 0 0
 0.791401 0.0380133 0.147996 0.0225897 0
 0.846168 0.0940531 0.0597789 0 0
 0.134021 0.677848 0.182769 0.00536245 0
 0.80878 0.0450904 0.141981 0.00414843 0
 0.846168 0.0940531 0.0597789 0 0
 0.905697 0.0802665 0.012482 0.00150086 5.37128e-05
 0.989698 0.0102097 9.19794e-05 0 0
 0.975433 0.0193895 0.00387452 0.00125025 5.28907e-05
 0.303575 0.632131 0.0575291 0.00676475 0
 0.966965 0.00978017 0.0227588 0.000495775 0
 0.843318 0.132988 0.00938335 0.0141283 0.000182051
 0.564624 0.303363 0.111486 0.0197234 0.00080311
 0.826376 0.0876187 0.0782897 0.00655872 0.00115652
 0.89761 0.0855135 0.0140674 0.00269457 0.000114338
 0.34875 0.467042 0.161289 0.0227151 0.000203297
 0.318654 0.224769 0.449479 0.00709798 0
ppred_RECLAS
 0.540234 0.140563 0.294712 0.0244901 7.19059e-07
 0.528226 0.259467 0.065036 0.135973 0.0112977
 0.661954 0.184288 0.0847645 0.021139 0.047855
 0.729734 0.183233 0.047564 0.0217618 0.0177078
 0.741419 0.194821 0.0433617 0.0111503 0.00924793
 0.889431 0.0831389 0.0206882 0.0045855 0.00215662
 0.544714 0.408654 0.0351184 0.00868386 0.00282902
 0.555848 0.26064 0.164944 0.0139864 0.00458181
 0.727178 0.154632 0.0694483 0.0438113 0.00493113
 0.864211 0.10251 0.0189514 0.00842063 0.0059066
 0.899986 0.0882998 0.00887218 0.00161896 0.00122305
 0.818117 0.164314 0.0155159 0.00155464 0.000497919
 0.765665 0.195701 0.0349328 0.00326873 0.000432196
 0.734133 0.209044 0.0475253 0.00840825 0.000890375
 0.82756 0.132956 0.0311457 0.00697445 0.00136347
 0.968924 0.0263459 0.0036565 0.000846855 0.000226569
 0.374449 0.607762 0.0150971 0.00208061 0.000610562
 0.934339 0.0254814 0.039042 0.000965519 0.000172069
 0.660467 0.318501 0.0081847 0.0124834 0.000363646
 0.677094 0.218829 0.0976681 0.00249486 0.00391477
 0.793707 0.142857 0.0430645 0.0191171 0.00125421
 0.789521 0.168981 0.0287754 0.00863764 0.00408503
 0.329418 0.536867 0.107464 0.0182047 0.00804667
 0.80211 0.067043 0.104823 0.0209152 0.00510829
 0.675786 0.262114 0.0210806 0.0328622 0.00815706
 0.490348 0.348693 0.130205 0.010441 0.0203132
 0.805471 0.0970074 0.0667754 0.0248723 0.00587396
 0.749885 0.202977 0.0235415 0.0161576 0.00743845
 0.330605 0.505771 0.132846 0.0153718 0.0154055
 0.428303 0.192891 0.286374 0.0750475 0.0173846
pobs_PELACES
 0 0 0 0 0
 0 0 0 0 0
 0 0 0 0 0
 0 0 0 0 0
 0 0 0 0 0
 0 0 0 0 0
 0 0 0 0 0
 0 0 0 0 0
 0 0 0 0 0
 0 0 0 0 0
 0 0 0 0 0
 0 0 0 0 0
 0 0 0 0 0
 0 0 0 0 0
 0 0 0 0 0
 0 0 0 0 0
 0.505614 0.472636 0.0217494 0 0
 0 0 0 0 0
 0.443492 0.261883 0.143347 0.151278 0
 0.227955 0.32914 0.350689 0.0885471 0.00366901
 0.970185 0.0296113 0.000203453 0 0
 0.997202 0.00247181 0.000326279 0 0
 0.445219 0.490057 0.0546422 0.010081 0
 0.90214 0.0892962 0.00764917 0.000914606 0
 0 0 0 0 0
 0.581667 0.319106 0.0959925 0.00289975 0.000334073
 0.762889 0.0836404 0.116647 0.0363945 0.000428098
 0.88444 0.0763242 0.0277011 0.0115352 0
 0.521256 0.241999 0.230069 0.00667565 0
 0.616807 0.101726 0.260614 0.0208532 0
ppred_PELACES
 0.545854 0.139009 0.29096 0.0241761 7.09836e-07
 0.538603 0.254136 0.0634979 0.132735 0.0110286
 0.671195 0.179515 0.0823079 0.0205228 0.0464598
 0.745036 0.173205 0.0446882 0.0204393 0.0166314
 0.747675 0.190229 0.042232 0.0108583 0.0090057
 0.894034 0.0797518 0.0197722 0.00438159 0.0020607
 0.572195 0.384336 0.0327413 0.00809225 0.00263622
 0.561407 0.257563 0.162715 0.0137962 0.00451947
 0.744049 0.145495 0.0649134 0.0409358 0.00460739
 0.876624 0.0933384 0.0171092 0.00759858 0.00532985
 0.901747 0.0867612 0.00870415 0.00158817 0.00119978
 0.828735 0.154808 0.0145348 0.00145589 0.000466282
 0.777746 0.185776 0.0329844 0.00308552 0.000407965
 0.757553 0.191023 0.0430133 0.00760604 0.000805404
 0.840534 0.12316 0.0286417 0.00641122 0.00125334
 0.970612 0.0249324 0.00344481 0.000797633 0.000213397
 0.382758 0.599738 0.0148564 0.00204713 0.000600731
 0.936585 0.0246521 0.0376657 0.000931343 0.000165977
 0.671124 0.308578 0.00789991 0.0120466 0.000350918
 0.686731 0.212533 0.0945339 0.00241435 0.00378841
 0.799226 0.139149 0.0418368 0.0185695 0.00121828
 0.796552 0.163445 0.0277402 0.00832539 0.00393732
 0.335169 0.532479 0.106371 0.0180176 0.00796391
 0.806018 0.0658008 0.10269 0.0204874 0.00500379
 0.680998 0.257996 0.0207108 0.0322826 0.00801313
 0.495375 0.345424 0.128785 0.0103262 0.0200898
 0.809259 0.0952079 0.0654156 0.0243633 0.00575374
 0.753385 0.200194 0.0231848 0.0159115 0.00732515
 0.334562 0.502953 0.131923 0.015264 0.0152973
 0.435842 0.190642 0.282383 0.0739926 0.0171401
pobs_pel_tallas
 0 0 0 0 0 0 0 0 0 0 0 0 0 0 0 0 0 0 0 0 0 0 0 0 0 0
 0 0 0 0 0 0 0 0 0 0 0 0 0 0 0 0 0 0 0 0 0 0 0 0 0 0
 0 0 0 0 0 0 0 0 0 0 0 0 0 0 0 0 0 0 0 0 0 0 0 0 0 0
 0 0 0 0 0 0 0 0 0 0 0 0 0 0 0 0 0 0 0 0 0 0 0 0 0 0
 0 0 0 0 0 0 0 0 0 0 0 0 0 0 0 0 0 0 0 0 0 0 0 0 0 0
 0 0 0 0 0 0 0 0 0 0 0 0 0 0 0 0 0 0 0 0 0 0 0 0 0 0
 0 0 0 0 0 0 0 0 0 0 0 0 0 0 0 0 0 0 0 0 0 0 0 0 0 0
 0 0 0 0 0 0 0 0 0 0 0 0 0 0 0 0 0 0 0 0 0 0 0 0 0 0
 0 0 0 0 0 0 0 0 0 0 0 0 0 0 0 0 0 0 0 0 0 0 0 0 0 0
 0 0 0 0 0 0 0 0 0 0 0 0 0 0 0 0 0 0 0 0 0 0 0 0 0 0
 0 0 0 0 0 0 0 0 0 0 0 0 0 0 0 0 0 0 0 0 0 0 0 0 0 0
 0 0 0 0 0 0 0 0 0 0 0 0 0 0 0 0 0 0 0 0 0 0 0 0 0 0
 0.00862536 0 0 0.000197151 0.00414017 0.0128641 0.00837892 0.0270097 0.101434 0.158115 0.152841 0.127902 0.109271 0.109419 0.0830992 0.0579132 0.0238553 0.00714673 0.00463305 0.00128148 0.00103504 0.000492878 0.000147863 0.000147863 4.92878e-05 0
 0 0 0 0 0 0 0 0 0 0 0 0 0 0 0 0 0 0 0 0 0 0 0 0 0 0
 0 0 0 0 0 0 0 0.0054083 0.00873648 0.0413646 0.0450493 0.0745869 0.0622846 0.0627006 0.0613931 0.0827291 0.12552 0.122667 0.0946155 0.0697135 0.0546179 0.0294188 0.0215738 0.0213955 0.0102223 0.00600262
 0 0 0 0 0.00359764 0.0251062 0.0480494 0.140153 0.205849 0.193036 0.1447 0.116669 0.0760912 0.0342217 0.00950174 0.001854 0.000860785 0 0 0 0.000165536 0 0.000143464 0 0 0
 0 0 0 0 0 0 0 0.000145254 0.000435761 0.0275982 0.070085 0.0708112 0.156366 0.174668 0.174014 0.160142 0.0824315 0.0480064 0.0283245 0.00493863 0.00203355 0 0 0 0 0
 0 0 0 0 0 0 0 0 0 0 0 0 0 0 0 0 0 0 0 0 0 0 0 0 0 0
 0 0 1.00437e-05 0.000401748 0.00122533 0.00171747 0.00176769 0.0269171 0.070346 0.194647 0.189555 0.159765 0.064822 0.0314167 0.0384472 0.0292271 0.0345202 0.0313363 0.0194345 0.0106764 0.0143323 0.0359363 0.0279516 0.0138201 0.00172751 0
 0 0.0021121 0.0136068 0.0755702 0.200478 0.177729 0.0527432 0.0373336 0.0318909 0.0142505 0.0149659 0.0166563 0.0217959 0.0798694 0.0677717 0.0528807 0.04013 0.0224614 0.0357745 0.0225083 0.00881397 0.00855152 0.00135912 0.000746735 0 0
 0 0 0 0 5.4009e-05 0.00500934 0.000945158 0.0243581 0.138947 0.33067 0.221406 0.137944 0.0707744 0.0437923 0.0131692 0.00525238 0.0047753 0.00276346 9.45158e-05 9.00151e-06 2.25038e-05 9.00151e-06 4.50075e-06 0 0 0
 0.000866109 0.00284123 0.00948549 0.0512746 0.133035 0.25785 0.225252 0.132002 0.0553304 0.0519788 0.0540692 0.017754 0.00435017 0.00159236 0.00146478 0.000404838 0.000125132 0.000115318 0.000107957 0.000100596 0 0 0 0 0 0
 0 0 0 0 0.00144013 0.00171154 0.00461396 0.0210425 0.0478622 0.0707936 0.0888783 0.103762 0.0637923 0.0337046 0.0602308 0.124433 0.169614 0.0934646 0.0462172 0.0250306 0.0313229 0.00938855 0.002487 0.000210481 0 0
 0 0.00764035 0.051015 0.0998891 0.058973 0.0496711 0.0374665 0.0718981 0.12319 0.153886 0.159021 0.0857701 0.0377988 0.023471 0.0147837 0.00900784 0.00315554 0.000888139 0.00291439 0.00214683 0.00393193 0.00274676 0.000635225 9.99891e-05 0 0
 0 0 0 0 0 0 0 0 0 0 0 0 0 0 0 0 0 0 0 0 0 0 0 0 0 0
 0 0 0 0 0 0 0 0 0 0 0 0 0 0 0 0 0 0 0 0 0 0 0 0 0 0
 0 0 0 0 0 0 0 0 0 0 0 0 0 0 0 0 0 0 0 0 0 0 0 0 0 0
 0 0 0 0 0 0 0 0 0 0 0 0 0 0 0 0 0 0 0 0 0 0 0 0 0 0
 0 0 0 0 0 0 0 0 0 0 0 0 0 0 0 0 0 0 0 0 0 0 0 0 0 0
 0 0 0 0 0 0 0 0 0 0 0 0 0 0 0 0 0 0 0 0 0 0 0 0 0 0
ppred_pel_tallas
 1.10857e-16 4.49613e-05 0.00043704 0.00290429 0.0132025 0.0410779 0.0875212 0.127743 0.127756 0.087589 0.0413065 0.0138684 0.00459639 0.00419843 0.007386 0.0126535 0.0194183 0.0269025 0.0342517 0.0409291 0.0467713 0.0515892 0.0547417 0.0552055 0.0521797 0.0457259
 1.17076e-16 4.4364e-05 0.000431234 0.00286571 0.0130271 0.0405323 0.0863592 0.126049 0.126073 0.0864793 0.040936 0.0141946 0.00580118 0.00685661 0.0123002 0.0204105 0.0297609 0.0382419 0.0437895 0.0456004 0.0446498 0.0429747 0.0422679 0.042875 0.0438261 0.0436533
 1.12342e-16 5.52854e-05 0.000537394 0.00357117 0.0162341 0.0505102 0.107618 0.157075 0.157093 0.107703 0.0507963 0.0170615 0.00565335 0.0051001 0.00877229 0.0145524 0.021287 0.0274789 0.031652 0.0331748 0.032624 0.0313164 0.0303859 0.0301425 0.0301048 0.0295004
 1.06199e-16 6.13677e-05 0.000596516 0.00396406 0.01802 0.0560671 0.119458 0.174355 0.174372 0.119539 0.0563419 0.0188141 0.0059592 0.00495879 0.0083667 0.01379 0.0199923 0.025431 0.0285843 0.0287774 0.0265794 0.0233837 0.0205131 0.0185529 0.0173074 0.0162145
 1.03881e-16 6.1585e-05 0.000598628 0.0039781 0.0180839 0.0562657 0.119881 0.174973 0.174992 0.11997 0.0565671 0.0189547 0.00616532 0.00537781 0.00915134 0.0150666 0.0217811 0.0275677 0.0307085 0.030416 0.0272894 0.0228756 0.0187028 0.0155461 0.0133559 0.0116702
 1.0138e-16 7.36404e-05 0.000715811 0.00475681 0.0216238 0.0672797 0.143347 0.20922 0.209228 0.143384 0.0674061 0.0219891 0.00567441 0.00272121 0.00388894 0.00633017 0.00915278 0.0115961 0.0129369 0.0128407 0.0115495 0.00969802 0.0079139 0.00651628 0.00549126 0.00466521
 1.02301e-16 4.7131e-05 0.00045813 0.00304444 0.0138396 0.0430603 0.0917459 0.133914 0.133951 0.0919267 0.0436673 0.0155924 0.00744259 0.0100536 0.018254 0.0300589 0.0431931 0.0540989 0.059181 0.0567804 0.0481698 0.0367094 0.0258698 0.0176486 0.0122892 0.0090044
 1.0691e-16 4.62424e-05 0.000449492 0.00298704 0.0135786 0.0422483 0.0900155 0.131385 0.13141 0.0901378 0.0426597 0.0147694 0.00598554 0.00702649 0.0126285 0.021042 0.0308593 0.0399529 0.0461391 0.0483407 0.0471 0.0439665 0.0403152 0.0366076 0.0325549 0.0277931
 1.06796e-16 6.12864e-05 0.000595725 0.0039588 0.0179962 0.0559928 0.119299 0.174123 0.174138 0.119368 0.0562246 0.0186667 0.0056462 0.0042932 0.00712475 0.0117914 0.0172416 0.0222424 0.025584 0.0267302 0.0261105 0.0247421 0.023495 0.0225988 0.0216983 0.0202773
 1.02182e-16 7.22064e-05 0.000701872 0.00466418 0.0212027 0.0659695 0.140555 0.205147 0.205156 0.140599 0.0661173 0.0216297 0.00573635 0.00304395 0.0045249 0.00737891 0.0106534 0.0134647 0.0149678 0.0147829 0.0132185 0.0110534 0.00905565 0.00761126 0.00668243 0.00601121
 1.00636e-16 7.42757e-05 0.000721986 0.00479785 0.0218103 0.0678601 0.144583 0.211026 0.211034 0.144624 0.0679972 0.0222062 0.00579119 0.00288948 0.00418793 0.00679854 0.00976893 0.0122478 0.0134222 0.0129185 0.0110218 0.00848532 0.00608435 0.00426168 0.00306663 0.00232026
 1.00685e-16 6.82618e-05 0.000663529 0.00440939 0.0200444 0.0623658 0.132877 0.193942 0.193957 0.13295 0.0626103 0.0207506 0.00618122 0.0045293 0.00740371 0.0121149 0.0174053 0.0218019 0.0238511 0.0228796 0.0193923 0.0147347 0.0103005 0.00689828 0.00463986 0.00322921
 1.01378e-16 6.40619e-05 0.000622705 0.00413809 0.0188112 0.0585287 0.124702 0.18201 0.182028 0.12479 0.0588226 0.0196603 0.00627002 0.00527802 0.00890908 0.0146365 0.0210989 0.0265726 0.0293395 0.0285951 0.0249106 0.0198225 0.0148971 0.011007 0.00823638 0.00624903
 1.0219e-16 6.23986e-05 0.000606537 0.00403065 0.0183228 0.0570091 0.121464 0.177285 0.177303 0.121555 0.0573116 0.0191971 0.00622646 0.00540393 0.00918502 0.0151158 0.0218378 0.0276043 0.030671 0.0302216 0.0268305 0.0220325 0.0173669 0.0136522 0.0109151 0.00878971
 1.01714e-16 6.92337e-05 0.000672976 0.00447216 0.0203298 0.0632537 0.134769 0.196702 0.196714 0.134827 0.0634488 0.0208937 0.00588839 0.00376752 0.00595491 0.00975746 0.0141015 0.0178419 0.0198577 0.0196275 0.0175238 0.014533 0.0116376 0.00934957 0.00766749 0.00633956
 1.00222e-16 7.9948e-05 0.000777123 0.00516426 0.023476 0.0730424 0.155625 0.227139 0.227142 0.155636 0.0730819 0.0235898 0.00545007 0.00140103 0.00126479 0.0019642 0.0028212 0.00354634 0.00390424 0.00378783 0.0032771 0.0025835 0.00192273 0.00141505 0.00107043 0.000837749
 1.0089e-16 3.15274e-05 0.000306457 0.00203652 0.00925776 0.0288046 0.0613735 0.0895885 0.0896462 0.0616553 0.0297506 0.0119886 0.00888555 0.0152392 0.0283363 0.0466508 0.0668586 0.0833584 0.0904638 0.0855531 0.0706714 0.0512372 0.0329325 0.0191556 0.0104839 0.00573417
 1.01215e-16 7.71453e-05 0.000749879 0.00498321 0.022653 0.0704818 0.150169 0.219177 0.219179 0.150181 0.0705219 0.0227694 0.00527803 0.00140178 0.00133952 0.00215547 0.0032437 0.00438154 0.00538688 0.00615655 0.00668923 0.00702158 0.00714041 0.00696369 0.00641032 0.0054898
 1.01575e-16 5.52797e-05 0.000537338 0.0035708 0.0162324 0.0505051 0.107607 0.157062 0.157092 0.107753 0.0509919 0.0176378 0.0070959 0.00822396 0.0146282 0.0240298 0.0344571 0.0430118 0.0467868 0.0444564 0.0370903 0.0274761 0.0185073 0.0118704 0.00777863 0.00554208
 1.03666e-16 5.65652e-05 0.000549833 0.00365384 0.0166098 0.0516794 0.110109 0.160712 0.160733 0.11021 0.0520176 0.0175877 0.00611312 0.00593386 0.0103267 0.0170989 0.0248949 0.0318607 0.0361187 0.0367579 0.0343048 0.0302373 0.0259752 0.0221808 0.0187877 0.0154908
 1.03312e-16 6.58312e-05 0.000639903 0.00425238 0.0193307 0.0601451 0.128146 0.187036 0.187049 0.128212 0.060366 0.0199692 0.00585689 0.00414906 0.00674965 0.0111053 0.0161118 0.0205172 0.0230905 0.0232667 0.0214625 0.018745 0.0161331 0.0140876 0.0124981 0.011015
 1.02344e-16 6.5611e-05 0.000637762 0.00423815 0.019266 0.0599439 0.127717 0.186411 0.186426 0.127794 0.0602025 0.0200132 0.00611407 0.00473438 0.00785024 0.0128859 0.0185843 0.0234304 0.0259265 0.0253849 0.0223291 0.0181244 0.0141426 0.0111172 0.0090601 0.00760012
 1.06361e-16 2.76075e-05 0.000268355 0.00178332 0.00810673 0.0252233 0.0537429 0.07845 0.0785014 0.0539939 0.0260664 0.0105423 0.00789935 0.0136274 0.0254215 0.0420419 0.0606964 0.0766101 0.0849135 0.0833369 0.0735221 0.059826 0.0466366 0.0363143 0.0289562 0.0234917
 1.05882e-16 6.63907e-05 0.000645341 0.00428852 0.019495 0.0606561 0.129235 0.188623 0.188629 0.129266 0.0607634 0.0198066 0.00507812 0.00239347 0.00345816 0.00579973 0.00878765 0.0119716 0.0149181 0.017401 0.0194525 0.0211693 0.0224556 0.0229668 0.0223155 0.0203577
 1.05258e-16 5.6093e-05 0.000545243 0.00362334 0.0164712 0.0512481 0.10919 0.159372 0.159397 0.109312 0.0516557 0.0176485 0.0065781 0.00699388 0.012299 0.0202348 0.0291276 0.0366095 0.040324 0.0392284 0.0342396 0.0276329 0.0216775 0.0175546 0.0151879 0.0137937
 1.08241e-16 4.08035e-05 0.000396624 0.00263571 0.0119816 0.0372793 0.0794287 0.115936 0.115969 0.0795921 0.0378282 0.0135685 0.00662522 0.00912596 0.0166786 0.0276633 0.040207 0.0513157 0.0579396 0.0586416 0.0543812 0.0477113 0.0410868 0.035651 0.0312233 0.0270933
 1.0533e-16 6.66576e-05 0.000647936 0.00430576 0.0195734 0.0609001 0.129754 0.189382 0.189392 0.1298 0.0610525 0.0200148 0.00541805 0.00309066 0.00474898 0.00785921 0.0115833 0.0151343 0.0177526 0.0190902 0.0193771 0.0191681 0.0188876 0.0185563 0.0178823 0.016562
 1.03556e-16 6.20553e-05 0.0006032 0.00400848 0.018222 0.0566954 0.120796 0.17631 0.176329 0.120891 0.0570119 0.0191361 0.006303 0.00561193 0.00957416 0.0157297 0.0226554 0.028501 0.0314323 0.0306238 0.0267579 0.0215659 0.0167849 0.0133368 0.0112055 0.00985299
 1.08056e-16 2.75576e-05 0.000267869 0.00178009 0.00809206 0.0251776 0.0536454 0.0783073 0.0783558 0.0538828 0.025975 0.0103962 0.00756846 0.0129191 0.0240991 0.039913 0.0577636 0.0732019 0.0816845 0.0810838 0.0728931 0.0610837 0.0495968 0.0404639 0.0336569 0.0281643
 1.18519e-16 3.58998e-05 0.000348959 0.00231895 0.0105416 0.032799 0.0698825 0.102 0.102018 0.0699746 0.0331093 0.0114433 0.00460275 0.00540289 0.00983557 0.0167315 0.0253383 0.034471 0.042893 0.0499849 0.0559065 0.0610197 0.0651097 0.0671776 0.0660131 0.0610414
pSPR Fmed_Fpbrs
0.527433   0.244039 0.244039
Fs Fmed_Fpbrs
0.392867   1.005 1.005
SSBpbr Bo_Bmed_Bpbrs
1.65229e+06  788860  320609 320609
Ro
130614
SPR SPRFo_SPRFmed_SPRFpbrs
929760 490386 226897
Fref
1.005
log_Ro
11.6
likeval ReclasPelacesDesembMPH_pf_preclas_ppelaces_ptallas_desvR_qrecl_qpela
 10.2487 25.3215 0.00906468 0.00218684 228.933 103.633 78.1355 0 31.088 1.62373e-06 0 0.0209637 0 0 0
q_reclas_q_pelaces
1.1979 1
M
1
N
 154050 41407.2 87040.2 7233.88 0.212397
 94358.5 49260.9 12406.9 25946.4 2155.86
 90243.1 26697.7 12338.9 3077.92 6967.99
 90547.8 25551 6694.03 3064.22 2493.45
 73007.4 20144.7 4500.99 1157.65 960.155
 216855 21758.5 5444.74 1207.18 567.761
 66276.6 58790.3 5119.55 1266.84 412.724
 24440.4 11845.6 7515.99 637.408 208.811
 32292.1 7796.95 3537.09 2232.58 251.292
 49189.2 6871.94 1286.97 572.233 401.404
 88470.8 8940.8 900.456 164.333 124.146
 127810 28649.9 2728.94 273.558 87.6171
 103427 29291.1 5271.02 493.435 65.2441
 71440.1 24456.2 5641.52 998.892 105.78
 64341.5 11885 2814.98 630.733 123.309
 437752 12974.2 1812.97 420.044 112.381
 64881.1 111083 2771 381.974 112.093
 658940 18963.3 29178.8 721.765 128.63
 370955 192283 4969.46 7581.83 220.865
 289691 99977.1 44854 1146.08 1798.39
 424316 80314.2 24307.4 10792.8 708.091
 550764 125658 21506.3 6457.4 3053.97
 90820.9 153850 30890.1 5233.73 2313.38
 326527 28284.1 44347.9 8849.98 2161.52
 256246 102995 8306.73 12951.2 3214.77
 110363 80848.7 30260.6 2426.87 4721.56
 286243 35718.9 24656.2 9185.26 2169.26
 324671 90374.4 10504.9 7210.84 3319.67
 67398.4 105877 27867.8 3225 3232.08
 46991.4 22119.5 32954.4 8637.72 2000.93
pred_Ctot
 12880.8 4937.6 10617.1 883.448 0.025941
 14069.1 10251.5 2636.76 5520.38 458.711
 13423.6 5543.47 2616.42 653.393 1479.28
 23559.5 8927.09 2381.42 1091.15 887.949
 8913.96 3463.94 790.933 203.663 168.928
 36965.6 5139.49 1312.65 291.351 137.036
 22819.6 26346.9 2330.79 577.239 188.068
 2075.97 1434.31 930.901 79.0421 25.8953
 8992.28 2896.23 1337.17 844.796 95.0924
 16642.9 3033.2 577.175 256.851 180.181
 6765.69 977.346 100.706 18.4012 13.9022
 31647.5 9569.14 928.405 93.1575 29.8387
 24205.3 9291.5 1703.71 159.649 21.1105
 26350.6 11631.1 2723.83 482.669 51.1155
 19287.5 4715.43 1136 254.766 49.8095
 88464.3 3593.88 512.145 118.782 31.7813
 8587.8 20636.6 525.941 72.582 21.301
 87774.2 3544.39 5571.77 137.98 24.5918
 64304 46141.8 1217.06 1858.86 54.1531
 46166.7 22161.2 10150.8 259.652 407.46
 53236.1 14175.3 4383.91 1948.76 127.861
 85689.8 27227.3 4758.06 1430.22 676.448
 8930.23 21471.6 4408.28 747.788 330.553
 29802 3672.46 5889.08 1176.62 287.396
 23348.2 13351.2 1101.28 1719.09 426.742
 8475.78 8874.5 3398.34 272.876 530.923
 25973.4 4611.62 3255.74 1214.32 286.801
 23536.3 9376.76 1115.23 766.461 352.88
 4639.4 10443.2 2812.83 325.915 326.651
 5232.34 3480.94 5301.22 1391.13 322.276
F
 0.140148 0.205198 0.210336 0.210614 0.210629
 0.262525 0.384377 0.394002 0.394522 0.39455
 0.26183 0.383361 0.39296 0.393479 0.393506
 0.502938 0.73638 0.75482 0.755816 0.755869
 0.210558 0.30829 0.31601 0.316427 0.316449
 0.305251 0.446936 0.458127 0.458732 0.458764
 0.72188 1.05694 1.08341 1.08484 1.08492
 0.142506 0.208652 0.213877 0.214159 0.214174
 0.547377 0.801446 0.821515 0.822599 0.822656
 0.705048 1.0323 1.05815 1.05955 1.05962
 0.127522 0.186712 0.191387 0.19164 0.191653
 0.47326 0.692926 0.710278 0.711215 0.711265
 0.44198 0.647128 0.663333 0.664209 0.664255
 0.793584 1.16193 1.19103 1.1926 1.19268
 0.601239 0.880307 0.902351 0.903542 0.903604
 0.371379 0.543756 0.557373 0.558108 0.558147
 0.230051 0.336831 0.345265 0.345721 0.345745
 0.231665 0.339194 0.347688 0.348147 0.348171
 0.311138 0.455555 0.466963 0.467579 0.467611
 0.282867 0.414162 0.424533 0.425093 0.425123
 0.216917 0.3176 0.325553 0.325982 0.326005
 0.275331 0.403127 0.413222 0.413767 0.413796
 0.166588 0.243911 0.250019 0.250349 0.250366
 0.153833 0.225236 0.230876 0.23118 0.231197
 0.153557 0.224832 0.230462 0.230766 0.230782
 0.128094 0.18755 0.192246 0.1925 0.192514
 0.152879 0.223839 0.229445 0.229747 0.229763
 0.120539 0.176488 0.180907 0.181146 0.181159
 0.11416 0.167148 0.171334 0.17156 0.171572
 0.190475 0.278885 0.285868 0.286245 0.286265
nmprior
 8 8 7 0
nm_flota  nm_reclas  nm_pelaces    nm_pelaL
inf 14.6395 12.3801 20.4772
cv_recla  cv_pelaces  cv_mph
0.296388 0.592119 1.44316
 ------------------------------------------------
Talla a la edad & desviación 
 8 13.2811 15.8009 17.003 17.5766
 0.8 1.32811 1.58009 1.7003 1.75766
