years
 1991 1992 1993 1994 1995 1996 1997 1998 1999 2000 2001 2002 2003 2004 2005 2006 2007 2008 2009 2010 2011 2012 2013 2014 2015 2016 2017 2018 2019 2020
reclasobs
 0 0 0 0 0 0 0 0 0 252601 567819 844713 477998 351125 339783 2.1784e+06 2.13404e+06 4.81314e+06 1.55562e+06 2.62356e+06 3.21686e+06 3.843e+06 1.13348e+06 3.07943e+06 1.97215e+06 2.03268e+06 2.025e+06 2.42433e+06 2.27542e+06 1.05018e+06
reclaspred
 3.88365e+06 2.19769e+06 1.11944e+06 1.24641e+06 1.3202e+06 2.00667e+06 1.31525e+06 1.16064e+06 817205 570311 580653 711960 694807 542551 552850 1.44228e+06 1.42243e+06 3.12316e+06 2.60947e+06 2.03612e+06 3.57481e+06 2.84605e+06 2.29026e+06 3.45424e+06 2.60367e+06 2.34112e+06 2.78248e+06 2.90944e+06 2.40194e+06 1.56317e+06
pelacesobs
 0 0 0 0 0 0 0 0 0 0 0 0 0 0 0 552880 188675 0 991730 2.46772e+06 1.41603e+06 1.21717e+06 2.29649e+06 1.80582e+06 0 1.4828e+06 1.56532e+06 1.57751e+06 1.42118e+06 867257
pelacespred
 1.79439e+06 1.13189e+06 578626 531231 578338 915728 574385 605135 419168 277319 290911 292392 311667 255525 268559 583713 574510 1.45416e+06 1.25505e+06 903931 1.54419e+06 1.34234e+06 1.07454e+06 1.7722e+06 1.28576e+06 1.15271e+06 1.56424e+06 1.61804e+06 1.09311e+06 804866
mphobs
 0 0 0 0 0 0 0 0 0 0 0 498337 0 5186 125008 0 168611 109162 213762 579715 649985 157893 87575 83554 0 0 0 0 0 0
mphpred
 3.38368e+06 2.27795e+06 1.14974e+06 633415 798076 943095 1.20147e+06 783094 677062 452464 284680 391192 401969 338934 229733 294837 960031 933372 1.7849e+06 1.37214e+06 1.54944e+06 1.88572e+06 1.74983e+06 1.46516e+06 1.99947e+06 1.65513e+06 1.38831e+06 1.48632e+06 2.03596e+06 1.39437e+06
desembarqueobs
 494567 514787 250237 358949 120608 361735 552515 73892 212993 205616 52469 317467 293654 387597 252695 516296 358380 742168 942051 627588 828172 859565 418607 520667 417249 300574 407403 355545 319650 289779
desembarquepred
 494576 513231 251112 358973 120613 361757 552604 73896.4 213053 205675 52471.9 317553 293720 387662 252700 516277 358413 742099 941907 627490 828252 859604 418621 520695 417255 300578 407407 355534 319646 289790
Reclutas
 209595 119211 116575 240371 190233 290209 122467 57032.4 48701.5 61725.9 107943 145111 123587 87069.6 86862.7 465474 105334 699595 427671 351171 478515 630233 143126 390070 336066 156918 341013 372032 115111 92007.2
log_desv_Rt
 0.136461 -0.427816 -0.450178 0.273467 0.0395327 0.461886 -0.400872 -1.16509 -1.323 -1.08601 -0.527115 -0.231214 -0.391773 -0.742007 -0.744386 0.934342 -0.551577 1.34179 0.849639 0.652558 0.961972 1.23738 -0.244989 0.757612 0.608594 -0.152993 0.623207 0.710265 -0.462821 -0.686848
SSB
 3.38368e+06 2.27795e+06 1.14974e+06 633415 798076 943095 1.20147e+06 783094 677062 452464 284680 391192 401969 338934 229733 294837 960031 933372 1.7849e+06 1.37214e+06 1.54944e+06 1.88572e+06 1.74983e+06 1.46516e+06 1.99947e+06 1.65513e+06 1.38831e+06 1.48632e+06 2.03596e+06 1.39437e+06
BT
 4.55345e+06 3.11654e+06 1.58339e+06 1.52405e+06 1.42604e+06 2.41681e+06 1.82202e+06 1.45879e+06 1.17863e+06 839599 716965 942699 986547 993183 872575 1.76407e+06 1.60399e+06 4.00827e+06 3.80062e+06 2.63992e+06 4.23276e+06 3.89878e+06 2.84325e+06 4.57155e+06 3.3483e+06 2.92398e+06 4.02223e+06 4.08677e+06 2.78438e+06 2.13538e+06
Ftot
 0.124096 0.224201 0.216873 0.292221 0.0921475 0.184497 0.402 0.0637492 0.25764 0.353085 0.0945254 0.443844 0.420683 0.696678 0.468834 0.379427 0.247507 0.24949 0.35844 0.308726 0.235285 0.30396 0.179587 0.156758 0.160187 0.127919 0.151733 0.127545 0.129015 0.181586
BD_Bspro_t
 0.98034 0.855694 0.70505 0.622412 0.642375 0.717424 0.705848 0.564727 0.615524 0.567484 0.523659 0.685763 0.559764 0.467821 0.360166 0.420391 0.594443 0.573717 0.662656 0.571294 0.554221 0.598819 0.609182 0.605999 0.705273 0.71405 0.724736 0.761421 0.802583 0.738947
BD_Bspro
 2.59951 1.75003 0.883285 0.486621 0.613121 0.724532 0.923026 0.601611 0.520152 0.347605 0.218705 0.300532 0.308813 0.260386 0.176492 0.226508 0.737542 0.717062 1.37125 1.05415 1.19035 1.4487 1.3443 1.1256 1.53609 1.27155 1.06657 1.14186 1.56412 1.07122
BD_Bo
 1.71376 1.15373 0.582317 0.320811 0.404209 0.477657 0.608517 0.39662 0.342917 0.229164 0.144184 0.19813 0.203589 0.171663 0.116355 0.149328 0.486235 0.472733 0.904015 0.69496 0.784756 0.955078 0.886251 0.74207 1.01269 0.838288 0.703152 0.752789 1.03117 0.706217
BD_Brms
 11.284 7.59656 3.83417 2.11233 2.66145 3.14506 4.00668 2.61148 2.25788 1.50889 0.949359 1.30456 1.3405 1.13029 0.766119 0.983229 3.20153 3.11263 5.95234 4.57585 5.1671 6.28855 5.83537 4.88604 6.66789 5.51957 4.62979 4.95661 6.78957 4.64997
Sel_flota
 0.844527 1 1 1 1
 0.844527 1 1 1 1
 0.844527 1 1 1 1
 0.844527 1 1 1 1
 0.844527 1 1 1 1
 0.844527 1 1 1 1
 0.844527 1 1 1 1
 0.844527 1 1 1 1
 0.844527 1 1 1 1
 0.844527 1 1 1 1
 0.844527 1 1 1 1
 0.844527 1 1 1 1
 0.844527 1 1 1 1
 0.844527 1 1 1 1
 0.844527 1 1 1 1
 0.844527 1 1 1 1
 0.844527 1 1 1 1
 0.844527 1 1 1 1
 0.844527 1 1 1 1
 0.844527 1 1 1 1
 0.844527 1 1 1 1
 0.844527 1 1 1 1
 0.844527 1 1 1 1
 0.844527 1 1 1 1
 0.844527 1 1 1 1
 0.844527 1 1 1 1
 0.844527 1 1 1 1
 0.844527 1 1 1 1
 0.844527 1 1 1 1
 0.844527 1 1 1 1
Sel_reclas
 0.991923 1 1 1 1
 0.991923 1 1 1 1
 0.991923 1 1 1 1
 0.991923 1 1 1 1
 0.991923 1 1 1 1
 0.991923 1 1 1 1
 0.991923 1 1 1 1
 0.991923 1 1 1 1
 0.991923 1 1 1 1
 0.991923 1 1 1 1
 0.991923 1 1 1 1
 0.991923 1 1 1 1
 0.991923 1 1 1 1
 0.991923 1 1 1 1
 0.991923 1 1 1 1
 0.991923 1 1 1 1
 0.991923 1 1 1 1
 0.991923 1 1 1 1
 0.991923 1 1 1 1
 0.991923 1 1 1 1
 0.991923 1 1 1 1
 0.991923 1 1 1 1
 0.991923 1 1 1 1
 0.991923 1 1 1 1
 0.991923 1 1 1 1
 0.991923 1 1 1 1
 0.991923 1 1 1 1
 0.991923 1 1 1 1
 0.991923 1 1 1 1
 0.991923 1 1 1 1
Sel_pelaces
 1 1 1 1 1
 1 1 1 1 1
 1 1 1 1 1
 1 1 1 1 1
 1 1 1 1 1
 1 1 1 1 1
 1 1 1 1 1
 1 1 1 1 1
 1 1 1 1 1
 1 1 1 1 1
 1 1 1 1 1
 1 1 1 1 1
 1 1 1 1 1
 1 1 1 1 1
 1 1 1 1 1
 1 1 1 1 1
 1 1 1 1 1
 1 1 1 1 1
 1 1 1 1 1
 1 1 1 1 1
 1 1 1 1 1
 1 1 1 1 1
 1 1 1 1 1
 1 1 1 1 1
 1 1 1 1 1
 1 1 1 1 1
 1 1 1 1 1
 1 1 1 1 1
 1 1 1 1 1
 1 1 1 1 1
pf_obs 
 0.8446 0.082 0.0669 0.0065 0
 0.8095 0.147 0.0364 0.0071 0
 0.9664 0.0169 0.016 0.0007 0
 0.9276 0.0648 0.0075 0.0001 0
 0.7033 0.2144 0.0806 0.0017 0
 0.9318 0.0425 0.0243 0.0014 0
 0.5671 0.3108 0.0964 0.0239 0.0018
 0.0768 0.2599 0.5324 0.112 0.0189
 0.490249 0.384438 0.106611 0.0170017 0.00170017
 0.7925 0.1577 0.0466 0.003 0.0002
 0.840416 0.127587 0.0312969 0.00059994 9.999e-05
 0.8084 0.0986 0.0794 0.0134 0.0002
 0.7335 0.1905 0.0724 0.0035 0.0001
 0.4001 0.4547 0.1325 0.0127 0
 0.49795 0.308269 0.164784 0.0264974 0.00249975
 0.9179 0.0499 0.0305 0.0017 0
 0.2467 0.6533 0.0926 0.0074 0
 0.9418 0.0223 0.034 0.0019 0
 0.707729 0.231977 0.0356964 0.0245975 0
 0.517169 0.277429 0.184464 0.0207286 0.00020938
 0.811772 0.124168 0.05621 0.00726502 0.000585176
 0.764997 0.148141 0.077277 0.00933861 0.000247198
 0.163321 0.427699 0.378323 0.0303852 0.000271297
 0.753843 0.0900009 0.118128 0.0371064 0.000921714
 0.721811 0.176058 0.0630433 0.0369309 0.00215725
 0.143369 0.312575 0.442814 0.0836902 0.0175525
 0.692698 0.0596174 0.167031 0.0765114 0.00414204
 0.394062 0.376323 0.152708 0.0712218 0.00568511
 0.125707 0.32114 0.495352 0.0537591 0.00404204
 0.23352 0.215282 0.420074 0.123614 0.00750983
pf_pred 
 0.45955 0.112593 0.405514 0.0223427 7.55773e-07
 0.425919 0.289657 0.0592547 0.213411 0.0117588
 0.565275 0.205561 0.115626 0.0236535 0.0898842
 0.77959 0.134681 0.0405369 0.0228016 0.0223898
 0.654951 0.280001 0.039748 0.0119635 0.0133371
 0.726579 0.189719 0.0679223 0.00964203 0.0061374
 0.46917 0.404465 0.0876811 0.0313911 0.00729266
 0.439846 0.291788 0.204481 0.0443279 0.0195569
 0.503936 0.239727 0.133528 0.0935743 0.029235
 0.671054 0.18158 0.0712157 0.0396672 0.036483
 0.795335 0.146147 0.0323024 0.012669 0.0135468
 0.73852 0.21513 0.0330975 0.00731544 0.00593702
 0.693951 0.237872 0.0560921 0.00862972 0.00345539
 0.638793 0.266016 0.0739858 0.0174464 0.00375886
 0.745782 0.175809 0.0577452 0.0160604 0.00460312
 0.936172 0.0500516 0.00952747 0.00312933 0.0011198
 0.407786 0.561049 0.0244382 0.00465188 0.00207468
 0.896707 0.0469837 0.0533463 0.00232366 0.000639582
 0.617899 0.348937 0.0150852 0.017128 0.000951412
 0.633428 0.243593 0.112305 0.00485514 0.00581883
 0.736398 0.178741 0.056391 0.0259982 0.00247099
 0.743598 0.197878 0.0396833 0.0125197 0.0063206
 0.346934 0.50901 0.111175 0.0222954 0.0105851
 0.741506 0.100835 0.122882 0.0268391 0.0079378
 0.6387 0.280038 0.031699 0.0386299 0.0109327
 0.45688 0.369288 0.134734 0.0152513 0.023846
 0.738003 0.131511 0.0887223 0.0323702 0.0093932
 0.688972 0.240056 0.0356251 0.024034 0.0113133
 0.366811 0.459896 0.13375 0.0198489 0.0196941
 0.458874 0.221716 0.231993 0.0674696 0.0199473
pobs_RECLAS
 0 0 0 0 0
 0 0 0 0 0
 0 0 0 0 0
 0 0 0 0 0
 0 0 0 0 0
 0 0 0 0 0
 0 0 0 0 0
 0 0 0 0 0
 0 0 0 0 0
 0 0 0 0 0
 0.991045 0.00858322 0.000360255 1.14367e-05 0
 0.934742 0.0480273 0.0164251 0.00080598 0
 0.827803 0.169806 0.00239088 0 0
 0.941827 0.0461693 0.0120037 0 0
 0.791401 0.0380133 0.147996 0.0225897 0
 0.846168 0.0940531 0.0597789 0 0
 0.134021 0.677848 0.182769 0.00536245 0
 0.80878 0.0450904 0.141981 0.00414843 0
 0.846168 0.0940531 0.0597789 0 0
 0.905697 0.0802665 0.012482 0.00150086 5.37128e-05
 0.989698 0.0102097 9.19794e-05 0 0
 0.975433 0.0193895 0.00387452 0.00125025 5.28907e-05
 0.303575 0.632131 0.0575291 0.00676475 0
 0.966965 0.00978017 0.0227588 0.000495775 0
 0.843318 0.132988 0.00938335 0.0141283 0.000182051
 0.564624 0.303363 0.111486 0.0197234 0.00080311
 0.826376 0.0876187 0.0782897 0.00655872 0.00115652
 0.89761 0.0855135 0.0140674 0.00269457 0.000114338
 0.34875 0.467042 0.161289 0.0227151 0.000203297
 0.318654 0.224769 0.449479 0.00709798 0
ppred_RECLAS
 0.500118 0.104141 0.375075 0.0206656 6.99043e-07
 0.466493 0.269185 0.0550668 0.198328 0.0109277
 0.6051 0.18673 0.105034 0.0214866 0.0816499
 0.806719 0.118104 0.0355475 0.0199951 0.0196339
 0.690618 0.251057 0.0356392 0.0107268 0.0119585
 0.757852 0.16802 0.0601536 0.00853921 0.00543543
 0.511078 0.372533 0.0807589 0.0289129 0.00671693
 0.479996 0.270874 0.189824 0.0411507 0.0181552
 0.545038 0.219864 0.122464 0.0858211 0.0268127
 0.706764 0.161868 0.0634847 0.035361 0.0325224
 0.820474 0.128196 0.0283347 0.0111128 0.0118828
 0.769769 0.18942 0.0291421 0.00644118 0.0052275
 0.728467 0.211045 0.0497661 0.00765648 0.0030657
 0.678131 0.237045 0.0659282 0.0155464 0.00334949
 0.776525 0.154549 0.0507621 0.0141182 0.00404647
 0.945469 0.0427609 0.00813967 0.00267351 0.000956687
 0.448085 0.522871 0.0227752 0.00433533 0.0019335
 0.911 0.0404824 0.0459645 0.00200212 0.00055108
 0.656449 0.313732 0.0135632 0.0153999 0.000855423
 0.671025 0.218609 0.100787 0.00435718 0.00522203
 0.767067 0.157946 0.0498302 0.0229735 0.00218351
 0.773912 0.174484 0.0349917 0.0110395 0.00557334
 0.384848 0.47946 0.10472 0.0210011 0.00997058
 0.771528 0.089124 0.108611 0.023722 0.00701591
 0.675447 0.251556 0.028475 0.0347009 0.00982072
 0.497444 0.341707 0.124671 0.0141122 0.022065
 0.768289 0.116309 0.0784661 0.0286283 0.00830736
 0.72272 0.214009 0.0317596 0.0214261 0.0100857
 0.405351 0.431904 0.125609 0.0186408 0.0184954
 0.49967 0.205001 0.214503 0.062383 0.0184435
pobs_PELACES
 0 0 0 0 0
 0 0 0 0 0
 0 0 0 0 0
 0 0 0 0 0
 0 0 0 0 0
 0 0 0 0 0
 0 0 0 0 0
 0 0 0 0 0
 0 0 0 0 0
 0 0 0 0 0
 0 0 0 0 0
 0 0 0 0 0
 0 0 0 0 0
 0 0 0 0 0
 0 0 0 0 0
 0 0 0 0 0
 0.505614 0.472636 0.0217494 0 0
 0 0 0 0 0
 0.443492 0.261883 0.143347 0.151278 0
 0.227955 0.32914 0.350689 0.0885471 0.00366901
 0.970185 0.0296113 0.000203453 0 0
 0.997202 0.00247181 0.000326279 0 0
 0.445219 0.490057 0.0546422 0.010081 0
 0.90214 0.0892962 0.00764917 0.000914606 0
 0 0 0 0 0
 0.581667 0.319106 0.0959925 0.00289975 0.000334073
 0.762889 0.0836404 0.116647 0.0363945 0.000428098
 0.88444 0.0763242 0.0277011 0.0115352 0
 0.521256 0.241999 0.230069 0.00667565 0
 0.616807 0.101726 0.260614 0.0208532 0
ppred_PELACES
 0.503737 0.103387 0.372359 0.020516 6.93982e-07
 0.471377 0.26672 0.0545627 0.196513 0.0108277
 0.609687 0.184561 0.103814 0.021237 0.0807014
 0.810296 0.115919 0.0348897 0.0196251 0.0192706
 0.693355 0.248837 0.035324 0.010632 0.0118527
 0.761063 0.165792 0.059356 0.00842598 0.00536336
 0.518255 0.367065 0.0795734 0.0284885 0.00661832
 0.482837 0.269394 0.188787 0.0409258 0.018056
 0.550321 0.217311 0.121042 0.0848244 0.0265013
 0.712169 0.158884 0.0623144 0.0347091 0.0319229
 0.822375 0.126838 0.0280346 0.0109952 0.011757
 0.775197 0.184955 0.0284551 0.00628934 0.00510427
 0.7343 0.206511 0.048697 0.00749199 0.00299984
 0.687627 0.230051 0.063983 0.0150877 0.00325067
 0.782057 0.150723 0.0495055 0.0137687 0.0039463
 0.946874 0.0416596 0.00793003 0.00260465 0.000932047
 0.453236 0.517991 0.0225627 0.00429487 0.00191546
 0.912681 0.0397178 0.0450964 0.00196431 0.000540672
 0.662401 0.308297 0.0133282 0.0151331 0.000840604
 0.67629 0.21511 0.0991735 0.00428745 0.00513846
 0.770653 0.155514 0.049063 0.0226198 0.00214989
 0.778033 0.171304 0.0343539 0.0108383 0.00547175
 0.388957 0.476257 0.104021 0.0208608 0.00990397
 0.774362 0.0880181 0.107263 0.0234277 0.00692886
 0.679017 0.248789 0.0281618 0.0343193 0.00971272
 0.501112 0.339213 0.123761 0.0140092 0.0219039
 0.771107 0.114895 0.077512 0.0282802 0.00820635
 0.725647 0.211749 0.0314243 0.0212 0.00997926
 0.408906 0.429322 0.124858 0.0185293 0.0183848
 0.504026 0.203216 0.212635 0.0618399 0.0182829
pobs_pel_tallas
 0 0 0 0 0 0 0 0 0 0 0 0 0 0 0 0 0 0 0 0 0 0 0 0 0 0
 0 0 0 0 0 0 0 0 0 0 0 0 0 0 0 0 0 0 0 0 0 0 0 0 0 0
 0 0 0 0 0 0 0 0 0 0 0 0 0 0 0 0 0 0 0 0 0 0 0 0 0 0
 0 0 0 0 0 0 0 0 0 0 0 0 0 0 0 0 0 0 0 0 0 0 0 0 0 0
 0 0 0 0 0 0 0 0 0 0 0 0 0 0 0 0 0 0 0 0 0 0 0 0 0 0
 0 0 0 0 0 0 0 0 0 0 0 0 0 0 0 0 0 0 0 0 0 0 0 0 0 0
 0 0 0 0 0 0 0 0 0 0 0 0 0 0 0 0 0 0 0 0 0 0 0 0 0 0
 0 0 0 0 0 0 0 0 0 0 0 0 0 0 0 0 0 0 0 0 0 0 0 0 0 0
 0 0 0 0 0 0 0 0 0 0 0 0 0 0 0 0 0 0 0 0 0 0 0 0 0 0
 0 0 0 0 0 0 0 0 0 0 0 0 0 0 0 0 0 0 0 0 0 0 0 0 0 0
 0 0 0 0 0 0 0 0 0 0 0 0 0 0 0 0 0 0 0 0 0 0 0 0 0 0
 0 0 0 0 0 0 0 0 0 0 0 0 0 0 0 0 0 0 0 0 0 0 0 0 0 0
 0.00862536 0 0 0.000197151 0.00414017 0.0128641 0.00837892 0.0270097 0.101434 0.158115 0.152841 0.127902 0.109271 0.109419 0.0830992 0.0579132 0.0238553 0.00714673 0.00463305 0.00128148 0.00103504 0.000492878 0.000147863 0.000147863 4.92878e-05 0
 0 0 0 0 0 0 0 0 0 0 0 0 0 0 0 0 0 0 0 0 0 0 0 0 0 0
 0 0 0 0 0 0 0 0.0054083 0.00873648 0.0413646 0.0450493 0.0745869 0.0622846 0.0627006 0.0613931 0.0827291 0.12552 0.122667 0.0946155 0.0697135 0.0546179 0.0294188 0.0215738 0.0213955 0.0102223 0.00600262
 0 0 0 0 0.00359764 0.0251062 0.0480494 0.140153 0.205849 0.193036 0.1447 0.116669 0.0760912 0.0342217 0.00950174 0.001854 0.000860785 0 0 0 0.000165536 0 0.000143464 0 0 0
 0 0 0 0 0 0 0 0.000145254 0.000435761 0.0275982 0.070085 0.0708112 0.156366 0.174668 0.174014 0.160142 0.0824315 0.0480064 0.0283245 0.00493863 0.00203355 0 0 0 0 0
 0 0 0 0 0 0 0 0 0 0 0 0 0 0 0 0 0 0 0 0 0 0 0 0 0 0
 0 0 1.00437e-05 0.000401748 0.00122533 0.00171747 0.00176769 0.0269171 0.070346 0.194647 0.189555 0.159765 0.064822 0.0314167 0.0384472 0.0292271 0.0345202 0.0313363 0.0194345 0.0106764 0.0143323 0.0359363 0.0279516 0.0138201 0.00172751 0
 0 0.0021121 0.0136068 0.0755702 0.200478 0.177729 0.0527432 0.0373336 0.0318909 0.0142505 0.0149659 0.0166563 0.0217959 0.0798694 0.0677717 0.0528807 0.04013 0.0224614 0.0357745 0.0225083 0.00881397 0.00855152 0.00135912 0.000746735 0 0
 0 0 0 0 5.4009e-05 0.00500934 0.000945158 0.0243581 0.138947 0.33067 0.221406 0.137944 0.0707744 0.0437923 0.0131692 0.00525238 0.0047753 0.00276346 9.45158e-05 9.00151e-06 2.25038e-05 9.00151e-06 4.50075e-06 0 0 0
 0.000866109 0.00284123 0.00948549 0.0512746 0.133035 0.25785 0.225252 0.132002 0.0553304 0.0519788 0.0540692 0.017754 0.00435017 0.00159236 0.00146478 0.000404838 0.000125132 0.000115318 0.000107957 0.000100596 0 0 0 0 0 0
 0 0 0 0 0.00144013 0.00171154 0.00461396 0.0210425 0.0478622 0.0707936 0.0888783 0.103762 0.0637923 0.0337046 0.0602308 0.124433 0.169614 0.0934646 0.0462172 0.0250306 0.0313229 0.00938855 0.002487 0.000210481 0 0
 0 0.00764035 0.051015 0.0998891 0.058973 0.0496711 0.0374665 0.0718981 0.12319 0.153886 0.159021 0.0857701 0.0377988 0.023471 0.0147837 0.00900784 0.00315554 0.000888139 0.00291439 0.00214683 0.00393193 0.00274676 0.000635225 9.99891e-05 0 0
 0 0 0 0 0 0 0 0 0 0 0 0 0 0 0 0 0 0 0 0 0 0 0 0 0 0
 0 0 0 0 0 0 0 0 0 0 0 0 0 0 0 0 0 0 0 0 0 0 0 0 0 0
 0 0 0 0 0 0 0 0 0 0 0 0 0 0 0 0 0 0 0 0 0 0 0 0 0 0
 0 0 0 0 0 0 0 0 0 0 0 0 0 0 0 0 0 0 0 0 0 0 0 0 0 0
 0 0 0 0 0 0 0 0 0 0 0 0 0 0 0 0 0 0 0 0 0 0 0 0 0 0
 0 0 0 0 0 0 0 0 0 0 0 0 0 0 0 0 0 0 0 0 0 0 0 0 0 0
ppred_pel_tallas
 1.1283e-16 4.14921e-05 0.000403318 0.00268019 0.0121838 0.0379083 0.080768 0.117886 0.117896 0.0808197 0.0380834 0.0126967 0.00399449 0.00336078 0.00591655 0.0103875 0.0165198 0.0240134 0.0324661 0.0414954 0.0506172 0.0589067 0.0648511 0.0667638 0.0636193 0.0557212
 1.23183e-16 3.88267e-05 0.00037741 0.00250802 0.0114011 0.0354732 0.0755805 0.110317 0.110343 0.0757066 0.035897 0.0126266 0.00558983 0.00712476 0.0129148 0.0214617 0.031349 0.0404218 0.0466018 0.0491645 0.0492535 0.0490702 0.0503247 0.0531372 0.0560953 0.0572213
 1.1883e-16 5.02192e-05 0.000488148 0.00324392 0.0147464 0.0458816 0.0977562 0.142682 0.1427 0.0978439 0.0461764 0.0155998 0.00539326 0.00520433 0.00907929 0.0151234 0.0222449 0.0289793 0.0338931 0.0364136 0.037171 0.037483 0.0383871 0.0399875 0.0415249 0.0419471
 1.06266e-16 6.6743e-05 0.000648766 0.00431128 0.0195985 0.0609781 0.129921 0.189625 0.189637 0.129976 0.0611622 0.0201307 0.00564931 0.00357641 0.00564706 0.00928461 0.0135008 0.0172679 0.0195981 0.0200712 0.0190863 0.0175662 0.0163479 0.0157361 0.0154892 0.0151242
 1.04156e-16 5.71108e-05 0.000555137 0.00368908 0.01677 0.052178 0.111172 0.162263 0.162287 0.111289 0.0525715 0.0179068 0.00654274 0.00678539 0.0118917 0.0195756 0.0282107 0.035516 0.0392098 0.0382534 0.0334717 0.0269883 0.0209427 0.0164848 0.0136287 0.0117602
 1.03508e-16 6.26878e-05 0.000609347 0.00404933 0.0184077 0.0572732 0.122027 0.178106 0.178122 0.122106 0.0575365 0.0191691 0.00596338 0.00479689 0.00804245 0.0132667 0.0192688 0.0245728 0.0277078 0.0279817 0.0258555 0.0225594 0.0192791 0.0165719 0.0143589 0.0123071
 1.06368e-16 4.26881e-05 0.000414943 0.00275745 0.012535 0.0390011 0.0830974 0.12129 0.121326 0.0832705 0.0395826 0.0142151 0.00697732 0.00963516 0.0175779 0.0290565 0.0420053 0.0531472 0.059165 0.0585312 0.0523919 0.0437223 0.035465 0.0291185 0.0246049 0.0210688
 1.12677e-16 3.97707e-05 0.000386586 0.002569 0.0116783 0.0363357 0.077418 0.112999 0.113026 0.0775462 0.0367669 0.0129268 0.00571505 0.00729448 0.0132769 0.0221953 0.0326937 0.0426362 0.0498386 0.0532615 0.0535055 0.0521237 0.0503635 0.0484115 0.045631 0.0413609
 1.16541e-16 4.53293e-05 0.000440617 0.00292805 0.0133105 0.0414141 0.0882379 0.12879 0.128811 0.0883412 0.0417613 0.0143158 0.00546021 0.00599782 0.0106876 0.0178323 0.0262478 0.0342252 0.0400723 0.0430852 0.0439363 0.0440613 0.0445396 0.0453821 0.0456898 0.044386
 1.10723e-16 5.86605e-05 0.000570201 0.00378919 0.0172251 0.0535938 0.114188 0.166664 0.166679 0.114263 0.0538466 0.0179566 0.00562935 0.00460093 0.00775464 0.012837 0.0187519 0.0241594 0.0277525 0.0289854 0.0283976 0.0271918 0.0263992 0.0262929 0.0264091 0.0260049
 1.03934e-16 6.7738e-05 0.000658437 0.00437555 0.0198906 0.0618871 0.131858 0.192452 0.192465 0.131917 0.0620881 0.0204714 0.00583453 0.00384695 0.00613395 0.0100621 0.0145578 0.0184588 0.0206345 0.0205808 0.0187181 0.0160891 0.0137038 0.0120414 0.0110036 0.0102035
 1.02364e-16 6.3852e-05 0.000620664 0.00412453 0.0187495 0.0583368 0.124293 0.181414 0.181431 0.124381 0.0586294 0.0195946 0.00624602 0.00525263 0.008863 0.0145572 0.020978 0.0264108 0.0291523 0.0284189 0.0248065 0.0198757 0.0152063 0.0116606 0.00927923 0.00765447
 1.02718e-16 6.04834e-05 0.00058792 0.00390694 0.0177604 0.0552592 0.117736 0.171844 0.171864 0.117834 0.0555864 0.0187058 0.00628161 0.00577669 0.00992905 0.0163558 0.0236408 0.0299062 0.0332723 0.0328601 0.0292894 0.0242125 0.0192806 0.0153632 0.0124752 0.0102115
 1.03969e-16 5.6639e-05 0.000550551 0.00365861 0.0166315 0.0517469 0.110253 0.160922 0.160945 0.110362 0.0521118 0.017686 0.00630806 0.00634263 0.0110812 0.0182938 0.0264968 0.0336335 0.0376373 0.0375437 0.0340311 0.0288915 0.0238828 0.0198799 0.0168234 0.0142305
 1.03516e-16 6.4417e-05 0.000626156 0.00416103 0.0189154 0.058853 0.125393 0.183018 0.183033 0.125464 0.0590924 0.0196073 0.00590004 0.00443011 0.0073115 0.012045 0.017485 0.022283 0.0251046 0.0253308 0.0233992 0.0204491 0.0175724 0.0152709 0.0134445 0.0117459
 1.00659e-16 7.79927e-05 0.000758117 0.00503796 0.0229018 0.0712561 0.151819 0.221585 0.221589 0.151838 0.071322 0.0230924 0.00551644 0.00180329 0.0020648 0.00329498 0.00475055 0.00599852 0.0066555 0.00654689 0.00580478 0.00477267 0.00379337 0.00304633 0.00252914 0.00214582
 1.01539e-16 3.73326e-05 0.000362886 0.00241151 0.0109624 0.0341083 0.0726733 0.106079 0.106129 0.0729168 0.0349257 0.0133222 0.00833076 0.0132711 0.0245125 0.0403604 0.057891 0.072281 0.0786397 0.0747121 0.062249 0.0458845 0.030455 0.0188207 0.0114266 0.0072369
 1.01601e-16 7.51763e-05 0.000730741 0.00485603 0.0220748 0.0686829 0.146336 0.213583 0.213587 0.146355 0.068747 0.0222607 0.00532552 0.00176531 0.00206823 0.00337357 0.00502256 0.00666845 0.00799923 0.0088493 0.00925465 0.00935325 0.00922554 0.00882712 0.00806306 0.00691523
 1.02124e-16 5.45611e-05 0.000530354 0.00352439 0.0160214 0.0498486 0.106209 0.155021 0.155051 0.106354 0.0503352 0.0174262 0.00704852 0.00821649 0.0146313 0.0240487 0.0345142 0.0431473 0.0470579 0.0449298 0.0378252 0.0285028 0.0198098 0.0133808 0.00938784 0.00712426
 1.04217e-16 5.57052e-05 0.000541474 0.00359829 0.0163573 0.0508937 0.108435 0.158269 0.15829 0.108537 0.0512361 0.0173475 0.00608889 0.00599512 0.0104618 0.0173334 0.0252561 0.032365 0.0367702 0.037557 0.0352564 0.031349 0.0272441 0.0235773 0.0202501 0.0169346
 1.04088e-16 6.34777e-05 0.000617026 0.00410036 0.0186396 0.0579949 0.123565 0.18035 0.180365 0.123638 0.0582418 0.0193535 0.0058946 0.00454191 0.00754134 0.0124299 0.0180487 0.0230143 0.0259594 0.0262589 0.0243777 0.0214988 0.0187405 0.0165918 0.0149041 0.01327
 1.03049e-16 6.40855e-05 0.000622934 0.00413962 0.0188181 0.0585502 0.124748 0.182077 0.182093 0.124829 0.0588215 0.0196019 0.00610788 0.00492274 0.00823933 0.0135441 0.0195622 0.0247234 0.0274722 0.0270956 0.024137 0.0200029 0.0160913 0.0131239 0.0110748 0.00953693
 1.06892e-16 3.2038e-05 0.000311421 0.0020695 0.00940769 0.0292711 0.0623668 0.0910358 0.0910818 0.0625914 0.0300254 0.0115873 0.00754353 0.0122709 0.0227734 0.037672 0.0544372 0.0688175 0.0764837 0.0754228 0.0670969 0.0553638 0.0440772 0.0352618 0.0289272 0.024072
 1.0664e-16 6.37832e-05 0.000619996 0.00412009 0.0187293 0.0582739 0.124159 0.181216 0.181224 0.124201 0.0584164 0.0191427 0.00516522 0.00292655 0.00451797 0.00756103 0.0113376 0.0152059 0.0185366 0.021017 0.022755 0.0240316 0.0249275 0.0251788 0.024375 0.0222975
 1.05962e-16 5.59298e-05 0.000543657 0.00361279 0.0164233 0.051099 0.108873 0.158908 0.158932 0.10899 0.0514924 0.0175596 0.00646545 0.00677179 0.0118872 0.019573 0.0282185 0.0355598 0.0393458 0.0385828 0.0341459 0.028192 0.0228468 0.019178 0.0170535 0.015691
 1.0877e-16 4.1276e-05 0.000401218 0.00266623 0.0121203 0.037711 0.0803486 0.117278 0.117311 0.080509 0.03825 0.0136786 0.00658353 0.0089723 0.0163769 0.0271598 0.0394738 0.0503802 0.0568906 0.0576071 0.0534896 0.0470634 0.0407469 0.0356507 0.0315614 0.0277287
 1.06492e-16 6.35151e-05 0.000617389 0.00410277 0.0186506 0.058029 0.123637 0.180455 0.180466 0.123692 0.0582129 0.0191831 0.0054445 0.00356365 0.00570997 0.00947356 0.013958 0.0182246 0.0213554 0.0229311 0.0232336 0.0229423 0.0225812 0.0221863 0.0214091 0.0198779
 1.04776e-16 5.97706e-05 0.000580992 0.0038609 0.0175511 0.054608 0.116349 0.169819 0.169839 0.116449 0.0549431 0.0185189 0.00629085 0.0058875 0.0101438 0.016692 0.0240827 0.0303841 0.0336784 0.0331072 0.029389 0.0243246 0.0196945 0.0164027 0.0143665 0.0129772
 1.08683e-16 3.36811e-05 0.000327393 0.00217564 0.00989018 0.0307722 0.065565 0.0957028 0.0957442 0.0657678 0.0314533 0.0118586 0.00712177 0.0111415 0.0206206 0.034165 0.0495129 0.0628938 0.0704657 0.0704373 0.0640766 0.0547222 0.0456431 0.0384553 0.0330263 0.0284271
 1.15484e-16 4.1516e-05 0.000403551 0.00268174 0.0121908 0.0379302 0.080815 0.117956 0.117976 0.0809124 0.038258 0.0131415 0.00508309 0.00569576 0.0102398 0.0172503 0.0257569 0.0343119 0.0414353 0.0464247 0.04963 0.0518806 0.0535743 0.0542565 0.0529983 0.0491559
pSPR Fmed_Fpbrs
0.656112   0.201876 0.201876
Fs Fmed_Fpbrs
0.220307   1.005 1.005
SSBpbr Bo_Bmed_Bpbrs
1.97442e+06  1.19672e+06  299866 299866
Ro
182859
SPR SPRFo_SPRFmed_SPRFpbrs
1.30166e+06 854036 262774
Fref
1.005
log_Ro
11.9365
likeval ReclasPelacesDesembMPH_pf_preclas_ppelaces_ptallas_desvR_qrecl_qpela
 17.3021 16.887 0.108966 0.00274276 229.523 105.837 76.7123 0 22.1109 0 0 0.553737 0 0 0
q_reclas_q_pelaces
1 1
M
1
N
 209595 43711.9 157432 8674.08 0.293413
 119211 69433.8 14204 51157 2818.7
 116575 36290.5 20413 4175.87 15868.4
 240371 35708.2 10747.6 6045.41 5936.22
 190233 69088.8 9807.62 2951.94 3290.88
 290209 64743.1 23179 3290.41 2094.43
 122467 91358.1 19804.9 7090.45 1647.22
 57032.4 32083.5 22483.6 4874.07 2150.38
 48701.5 19881.4 11073.9 7760.43 2424.55
 61725.9 14412.9 5652.75 3148.59 2895.84
 107943 16852.7 3724.9 1460.91 1562.13
 145111 36663.1 5640.59 1246.72 1011.81
 123587 36695.8 8653.17 1331.28 533.054
 87069.6 31870 8863.84 2090.17 450.329
 86862.7 17784.8 5841.49 1624.67 465.651
 465474 21507.2 4093.95 1344.67 481.178
 105334 124290 5413.84 1030.54 459.608
 699595 31441 35698.7 1554.96 428.001
 427671 208471 9012.58 10233.1 568.418
 351171 116238 53589.9 2316.79 2776.64
 478515 99538.6 31403.4 14478.1 1376.06
 630233 144313 28941 9130.59 4609.62
 143126 179359 39174.3 7856.18 3729.84
 390070 45243.5 55135.8 12042.4 3561.61
 336066 125705 14229.3 17340.5 4907.53
 156918 107989 39399.5 4459.85 6973.13
 341013 51815.6 34956.6 12753.9 3700.92
 372032 110363 16378.3 11049.4 5201.17
 115111 122887 35738.7 5303.74 5262.37
 92007.2 37975.4 39735.7 11556.2 3416.57
pred_Ctot
 13295.8 3257.57 11732.4 646.424 0.0218662
 13201 8977.69 1836.56 6614.52 364.454
 12518.4 4552.29 2560.62 523.823 1990.55
 33903.4 5857.13 1762.9 991.613 973.703
 9060.62 3873.54 549.875 165.503 184.507
 26806.7 6999.57 2505.95 355.737 226.436
 22908 19748.6 4281.17 1532.72 356.076
 1897.96 1259.08 882.343 191.277 84.389
 6127.41 2914.87 1623.58 1137.78 355.471
 10307.2 2789.03 1093.86 609.278 560.369
 5269.52 968.304 214.021 83.939 89.7549
 29558.6 8610.37 1324.7 292.794 237.624
 24043 8241.42 1943.39 298.99 119.717
 25664.5 10687.6 2972.5 700.939 151.018
 18537.4 4369.96 1435.33 399.202 114.416
 82796.6 4426.65 842.626 276.764 99.037
 12775.2 17576.7 765.606 145.735 64.9962
 85471.5 4478.35 5084.81 221.484 60.9631
 72367.8 40867.2 1766.76 2006.02 111.429
 52039.4 20012.4 9226.41 398.874 478.046
 55399.4 13446.7 4242.31 1955.85 185.893
 92098.8 24508.3 4915 1550.63 782.842
 12890.4 18912.4 4130.73 828.392 393.292
 30906.6 4202.88 5121.83 1118.68 330.855
 27178.1 11916.2 1348.86 1643.79 465.209
 10247.3 8282.7 3021.93 342.069 534.837
 26198.9 4668.62 3149.62 1149.13 333.456
 24227.1 8441.38 1252.73 845.135 397.823
 7578.66 9501.87 2763.39 410.096 406.898
 8372.96 4045.59 4233.12 1231.1 363.974
F
 0.104803 0.124096 0.124096 0.124096 0.124096
 0.189344 0.224201 0.224201 0.224201 0.224201
 0.183155 0.216873 0.216873 0.216873 0.216873
 0.246789 0.292221 0.292221 0.292221 0.292221
 0.077821 0.0921475 0.0921475 0.0921475 0.0921475
 0.155813 0.184497 0.184497 0.184497 0.184497
 0.3395 0.402 0.402 0.402 0.402
 0.0538379 0.0637492 0.0637492 0.0637492 0.0637492
 0.217584 0.25764 0.25764 0.25764 0.25764
 0.29819 0.353085 0.353085 0.353085 0.353085
 0.0798292 0.0945254 0.0945254 0.0945254 0.0945254
 0.374838 0.443844 0.443844 0.443844 0.443844
 0.355278 0.420683 0.420683 0.420683 0.420683
 0.588363 0.696678 0.696678 0.696678 0.696678
 0.395943 0.468834 0.468834 0.468834 0.468834
 0.320436 0.379427 0.379427 0.379427 0.379427
 0.209026 0.247507 0.247507 0.247507 0.247507
 0.210701 0.24949 0.24949 0.24949 0.24949
 0.302712 0.35844 0.35844 0.35844 0.35844
 0.260727 0.308726 0.308726 0.308726 0.308726
 0.198705 0.235285 0.235285 0.235285 0.235285
 0.256703 0.30396 0.30396 0.30396 0.30396
 0.151666 0.179587 0.179587 0.179587 0.179587
 0.132386 0.156758 0.156758 0.156758 0.156758
 0.135282 0.160187 0.160187 0.160187 0.160187
 0.108031 0.127919 0.127919 0.127919 0.127919
 0.128143 0.151733 0.151733 0.151733 0.151733
 0.107715 0.127545 0.127545 0.127545 0.127545
 0.108957 0.129015 0.129015 0.129015 0.129015
 0.153354 0.181586 0.181586 0.181586 0.181586
nmprior
 8 8 7 0
nm_flota  nm_reclas  nm_pelaces    nm_pelaL
inf 11.5424 18.0307 32.1526
cv_recla  cv_pelaces  cv_mph
0.385102 0.483549 1.61621
 ------------------------------------------------
Talla a la edad & desviación 
 8 13.2811 15.8009 17.003 17.5766
 0.8 1.32811 1.58009 1.7003 1.75766
