    unsorted:	 2.368112249e-06 2.248265318e-06 5.970282163e-05 5.200963032e-05 8.841783106e-05 -5.122173976e-05 0.001099992462 13.27026790 60.01566116 158.5234506 137.4233196 230.1762582 259.3371791 323.8549413 772.9725618 819.8889073 870.6496915 913.5813511 613.8011090 518.5355435 1035.636260 1113.480093 1175.122141 1346.334914 1408.289225 1825.662648 1790.676517 1904.177701 2030.411403 2179.304416 2278.771276 2400.818326 2474.381496 2565.540604 2600.788814 2859.172572 2966.723814 3069.117760 3424.767500 3586.477243 3966.357299 6053.097516 9265.780065 39456.28226 163578.5902 402238.2273 405468.1053 395576.0843 385609.1283 373341.5099 351892.6404 451494.8701 447531.9509 460876.8661 467246.4550 305232.5990 552957.2417 590791.0164 606982.9902 647905.7948 678407.8273 871172.4923 934189.3311 1073165.071 1126903.377 1417019.856 1567282.494 1695394.462 2272362.445 2353723.639 2448676.573 2678433.531 2746423.993 2993397.618 3437984.936
      sorted:	 -5.122173976e-05 2.248265318e-06 2.368112249e-06 5.200963032e-05 5.970282163e-05 8.841783106e-05 0.001099992462 13.27026790 60.01566116 137.4233196 158.5234506 230.1762582 259.3371791 323.8549413 518.5355435 613.8011090 772.9725618 819.8889073 870.6496915 913.5813511 1035.636260 1113.480093 1175.122141 1346.334914 1408.289225 1790.676517 1825.662648 1904.177701 2030.411403 2179.304416 2278.771276 2400.818326 2474.381496 2565.540604 2600.788814 2859.172572 2966.723814 3069.117760 3424.767500 3586.477243 3966.357299 6053.097516 9265.780065 39456.28226 163578.5902 305232.5990 351892.6404 373341.5099 385609.1283 395576.0843 402238.2273 405468.1053 447531.9509 451494.8701 460876.8661 467246.4550 552957.2417 590791.0164 606982.9902 647905.7948 678407.8273 871172.4923 934189.3311 1073165.071 1126903.377 1417019.856 1567282.494 1695394.462 2272362.445 2353723.639 2448676.573 2678433.531 2746423.993 2993397.618 3437984.936
