years
 1991 1992 1993 1994 1995 1996 1997 1998 1999 2000 2001 2002 2003 2004 2005 2006 2007 2008 2009 2010 2011 2012 2013 2014 2015 2016 2017 2018 2019 2020
reclasobs
 0 0 0 0 0 0 0 0 0 252601 567819 844713 477998 351125 339783 2.1784e+06 2.13404e+06 4.81314e+06 1.55562e+06 2.62356e+06 3.21686e+06 3.843e+06 1.13348e+06 3.07943e+06 1.97215e+06 2.03268e+06 2.025e+06 2.42433e+06 2.27542e+06 1.05018e+06
reclaspred
 8.26183e+06 2.59627e+06 1.25509e+06 974144 144892 1.25652e+07 8.17848e+06 4.70261e+06 2.10718e+06 216763 292856 900876 666056 521817 352099 2.32892e+06 748235 5.56318e+06 2.29128e+06 2.25635e+06 2.73396e+06 3.90435e+06 1.53032e+06 3.23379e+06 2.7686e+06 1.35496e+06 2.08328e+06 4.74768e+06 3.01842e+06 551026
pelacesobs
 0 0 0 0 0 0 0 0 0 0 0 0 0 0 0 552880 188675 0 991730 2.46772e+06 1.41603e+06 1.21717e+06 2.29649e+06 1.80582e+06 0 1.4828e+06 1.56532e+06 1.57751e+06 1.42118e+06 867257
pelacespred
 8.25755e+06 2.61191e+06 845528 427464 62152.6 7.60905e+06 6.89776e+06 5.02465e+06 2.26713e+06 134054 146596 370950 302771 208182 130974 1.00098e+06 363779 3.11239e+06 1.27685e+06 1.00152e+06 1.33643e+06 1.93406e+06 943900 1.99747e+06 1.69163e+06 895112 1.36932e+06 3.22487e+06 2.29009e+06 400822
mphobs
 0 0 0 0 0 0 0 0 0 0 0 498337 0 5186 125008 0 168611 109162 213762 579715 649985 157893 87575 83554 0 0 0 0 0 0
mphpred
 2.48347e+06 1.06749e+06 225371 160400 75431.7 8446.12 2.32683e+06 1.34249e+06 734833 172656 7737.85 38129.5 86724.9 43525.1 22599.5 20986.5 280841 62506.2 687751 173444 300893 250960 494804 172864 392232 387435 139795 229876 830238 304910
desembarqueobs
 494567 514787 250237 358949 120608 361735 552515 73892 212993 205616 52469 317467 293654 387597 252695 516296 358380 742168 942051 627588 828172 859565 418607 520667 417249 300574 407403 355545 319650 289779
desembarquepred
 494486 514448 249932 358169 120427 361629 552113 73879 212775 205091 52433 316959 293052 386632 252195 515542 357747 741306 939291 626255 826891 858107 417886 520077 416580 300035 406832 355197 319093 288771
Reclutas
 1846.87 1119.57 147102 69014.3 1417.97 835514 1597.51 459.991 813.937 1664.75 27579.5 118525 68182.9 67448.2 39746.3 272633 3002.07 478708 107854 242094 172276 475609 3174.8 155304 181622 10016.5 119335 229938 5419.43 1958.59
log_desv_Rt
 -2.64932 -3.14986 1.72832 0.971507 -2.91358 3.46524 -2.79436 -4.03935 -3.46868 -2.75313 0.0542647 1.51232 0.959387 0.948553 0.41971 2.34532 -2.1635 2.90828 1.41798 2.22652 1.88629 2.90179 -2.10756 1.78258 1.93912 -0.958572 1.51913 2.175 -1.57282 -2.59058
SSB
 2.23383e+06 960187 202717 144276 67849.4 7597.12 2.09294e+06 1.20754e+06 660969 155301 6960.05 34296.8 78007.4 39150 20327.8 18876.9 252611 56223.1 618619 156010 270647 225734 445067 155488 352805 348490 125743 206769 746783 274261
BT
 2.72499e+06 1.2685e+06 502462 420278 118055 3.68534e+06 2.56493e+06 1.43544e+06 830803 277945 105598 416103 380935 489140 299386 843054 390973 2.03414e+06 1.3004e+06 867515 1.21972e+06 1.48961e+06 625571 1.31884e+06 961297 524915 988720 1.67962e+06 950881 428093
Ftot
 0.231977 0.724354 0.723786 1.23604 2.27109 0.111795 0.260888 0.0618672 0.385047 2.46712 0.654887 1.18809 1.42699 2.09286 2.04438 0.794153 1.53 0.497103 1.35241 0.971314 1.04767 0.789977 0.96385 0.593572 0.558957 0.800201 0.709829 0.286067 0.402297 1.64118
BD_Bspro_t
 0.963564 0.706188 0.342664 0.29755 0.124175 0.0209099 0.796876 0.654306 0.59392 0.292487 0.0341591 0.226962 0.208311 0.0950643 0.0480753 0.0467595 0.268354 0.0796017 0.389449 0.137498 0.17957 0.155561 0.264422 0.125995 0.277126 0.315829 0.181969 0.303572 0.5801 0.334141
BD_Bspro
 12.013 5.16363 1.09016 0.775879 0.364876 0.0408553 11.2552 6.49383 3.55451 0.835165 0.0374293 0.184439 0.419503 0.210538 0.109317 0.101515 1.35847 0.302353 3.32677 0.838979 1.45547 1.21393 2.39345 0.836171 1.89729 1.87409 0.676211 1.11195 4.016 1.4749
BD_Bo
 1.18006 0.507233 0.107088 0.0762161 0.0358424 0.00401329 1.10562 0.637902 0.349166 0.0820398 0.00367675 0.0181178 0.0412086 0.0206816 0.0107385 0.00997203 0.133446 0.0297007 0.326795 0.0824145 0.142973 0.119247 0.235113 0.0821387 0.186375 0.184095 0.0664255 0.109229 0.394499 0.144882
BD_Brms
 9.6195 4.13483 0.872956 0.621294 0.292178 0.0327153 9.01276 5.2 2.84631 0.668767 0.0299719 0.147691 0.335921 0.168591 0.087537 0.0812893 1.08781 0.242112 2.66394 0.671821 1.16548 0.972071 1.91658 0.669573 1.51928 1.50069 0.541483 0.890403 3.21585 1.18104
Sel_flota
 1 1 1 1 1
 1 1 1 1 1
 1 1 1 1 1
 1 1 1 1 1
 1 1 1 1 1
 1 1 1 1 1
 1 1 1 1 1
 1 1 1 1 1
 1 1 1 1 1
 1 1 1 1 1
 1 1 1 1 1
 1 1 1 1 1
 1 1 1 1 1
 1 1 1 1 1
 1 1 1 1 1
 1 1 1 1 1
 1 1 1 1 1
 1 1 1 1 1
 1 1 1 1 1
 1 1 1 1 1
 1 1 1 1 1
 1 1 1 1 1
 1 1 1 1 1
 1 1 1 1 1
 1 1 1 1 1
 1 1 1 1 1
 1 1 1 1 1
 1 1 1 1 1
 1 1 1 1 1
 1 1 1 1 1
Sel_reclas
 0.990727 1 1 1 1
 0.990727 1 1 1 1
 0.990727 1 1 1 1
 0.990727 1 1 1 1
 0.990727 1 1 1 1
 0.990727 1 1 1 1
 0.990727 1 1 1 1
 0.990727 1 1 1 1
 0.990727 1 1 1 1
 0.990727 1 1 1 1
 0.990727 1 1 1 1
 0.990727 1 1 1 1
 0.990727 1 1 1 1
 0.990727 1 1 1 1
 0.990727 1 1 1 1
 0.990727 1 1 1 1
 0.990727 1 1 1 1
 0.990727 1 1 1 1
 0.990727 1 1 1 1
 0.990727 1 1 1 1
 0.990727 1 1 1 1
 0.990727 1 1 1 1
 0.990727 1 1 1 1
 0.990727 1 1 1 1
 0.990727 1 1 1 1
 0.990727 1 1 1 1
 0.990727 1 1 1 1
 0.990727 1 1 1 1
 0.990727 1 1 1 1
 0.990727 1 1 1 1
Sel_pelaces
 0.597062 0.881757 0.974046 0.994733 0.998949
 0.597062 0.881757 0.974046 0.994733 0.998949
 0.597062 0.881757 0.974046 0.994733 0.998949
 0.597062 0.881757 0.974046 0.994733 0.998949
 0.597062 0.881757 0.974046 0.994733 0.998949
 0.597062 0.881757 0.974046 0.994733 0.998949
 0.597062 0.881757 0.974046 0.994733 0.998949
 0.597062 0.881757 0.974046 0.994733 0.998949
 0.597062 0.881757 0.974046 0.994733 0.998949
 0.597062 0.881757 0.974046 0.994733 0.998949
 0.597062 0.881757 0.974046 0.994733 0.998949
 0.597062 0.881757 0.974046 0.994733 0.998949
 0.597062 0.881757 0.974046 0.994733 0.998949
 0.597062 0.881757 0.974046 0.994733 0.998949
 0.597062 0.881757 0.974046 0.994733 0.998949
 0.597062 0.881757 0.974046 0.994733 0.998949
 0.597062 0.881757 0.974046 0.994733 0.998949
 0.597062 0.881757 0.974046 0.994733 0.998949
 0.597062 0.881757 0.974046 0.994733 0.998949
 0.597062 0.881757 0.974046 0.994733 0.998949
 0.597062 0.881757 0.974046 0.994733 0.998949
 0.597062 0.881757 0.974046 0.994733 0.998949
 0.597062 0.881757 0.974046 0.994733 0.998949
 0.597062 0.881757 0.974046 0.994733 0.998949
 0.597062 0.881757 0.974046 0.994733 0.998949
 0.597062 0.881757 0.974046 0.994733 0.998949
 0.597062 0.881757 0.974046 0.994733 0.998949
 0.597062 0.881757 0.974046 0.994733 0.998949
 0.597062 0.881757 0.974046 0.994733 0.998949
 0.597062 0.881757 0.974046 0.994733 0.998949
pf_obs 
 0.8446 0.082 0.0669 0.0065 0
 0.8095 0.147 0.0364 0.0071 0
 0.9664 0.0169 0.016 0.0007 0
 0.9276 0.0648 0.0075 0.0001 0
 0.7033 0.2144 0.0806 0.0017 0
 0.9318 0.0425 0.0243 0.0014 0
 0.5671 0.3108 0.0964 0.0239 0.0018
 0.0768 0.2599 0.5324 0.112 0.0189
 0.490249 0.384438 0.106611 0.0170017 0.00170017
 0.7925 0.1577 0.0466 0.003 0.0002
 0.840416 0.127587 0.0312969 0.00059994 9.999e-05
 0.8084 0.0986 0.0794 0.0134 0.0002
 0.7335 0.1905 0.0724 0.0035 0.0001
 0.4001 0.4547 0.1325 0.0127 0
 0.49795 0.308269 0.164784 0.0264974 0.00249975
 0.9179 0.0499 0.0305 0.0017 0
 0.2467 0.6533 0.0926 0.0074 0
 0.9418 0.0223 0.034 0.0019 0
 0.707729 0.231977 0.0356964 0.0245975 0
 0.517169 0.277429 0.184464 0.0207286 0.00020938
 0.811772 0.124168 0.05621 0.00726502 0.000585176
 0.764997 0.148141 0.077277 0.00933861 0.000247198
 0.163321 0.427699 0.378323 0.0303852 0.000271297
 0.753843 0.0900009 0.118128 0.0371064 0.000921714
 0.721811 0.176058 0.0630433 0.0369309 0.00215725
 0.143369 0.312575 0.442814 0.0836902 0.0175525
 0.692698 0.0596174 0.167031 0.0765114 0.00414204
 0.394062 0.376323 0.152708 0.0712218 0.00568511
 0.125707 0.32114 0.495352 0.0537591 0.00404204
 0.23352 0.215282 0.420074 0.123614 0.00750983
pf_pred 
 0.0137416 0.178119 0.695654 0.112486 4.2735e-07
 0.0277629 0.0133601 0.173173 0.67634 0.109363
 0.953402 0.00129369 0.00062255 0.00806951 0.0366121
 0.71489 0.271825 0.000368845 0.000177495 0.0127392
 0.120821 0.628516 0.238982 0.00032428 0.0113561
 0.999467 6.43973e-05 0.000334996 0.000127377 6.22557e-06
 0.0057755 0.993695 6.40254e-05 0.000333061 0.00013283
 0.00583379 0.00574181 0.987898 6.36519e-05 0.000463174
 0.0289855 0.00566469 0.00557538 0.959263 0.000511556
 0.191489 0.0234351 0.00457997 0.00450776 0.775989
 0.990259 0.00186535 0.000228288 4.46149e-05 0.00760305
 0.957023 0.0425587 8.01678e-05 9.81122e-06 0.000328676
 0.830788 0.161939 0.00720142 1.35653e-05 5.7276e-05
 0.902979 0.0806038 0.0157115 0.000698688 6.87308e-06
 0.921432 0.0709453 0.00633288 0.00123442 5.54345e-05
 0.992521 0.00689131 0.000530594 4.7363e-05 9.64671e-06
 0.0616772 0.931305 0.00646627 0.000497868 5.34935e-05
 0.991966 0.000495544 0.00748254 5.19531e-05 4.4299e-06
 0.499682 0.496298 0.000247929 0.00374365 2.82094e-05
 0.921808 0.039071 0.0388064 1.9386e-05 0.000294928
 0.824866 0.16144 0.00684268 0.00679634 5.50472e-05
 0.946375 0.0442331 0.00865718 0.000366936 0.000367403
 0.0364568 0.911874 0.0426205 0.00834157 0.000707568
 0.927059 0.0026592 0.0665131 0.00310879 0.000660054
 0.842158 0.146329 0.000419732 0.0104985 0.00059488
 0.180861 0.689845 0.119863 0.000343819 0.00908705
 0.928765 0.0128836 0.0491409 0.00853843 0.000671804
 0.908196 0.0852646 0.00118277 0.00451134 0.000845538
 0.0718879 0.842907 0.0791351 0.00109774 0.00497178
 0.0955118 0.0650217 0.7624 0.0715768 0.00548981
pobs_RECLAS
 0 0 0 0 0
 0 0 0 0 0
 0 0 0 0 0
 0 0 0 0 0
 0 0 0 0 0
 0 0 0 0 0
 0 0 0 0 0
 0 0 0 0 0
 0 0 0 0 0
 0 0 0 0 0
 0.991045 0.00858322 0.000360255 1.14367e-05 0
 0.934742 0.0480273 0.0164251 0.00080598 0
 0.827803 0.169806 0.00239088 0 0
 0.941827 0.0461693 0.0120037 0 0
 0.791401 0.0380133 0.147996 0.0225897 0
 0.846168 0.0940531 0.0597789 0 0
 0.134021 0.677848 0.182769 0.00536245 0
 0.80878 0.0450904 0.141981 0.00414843 0
 0.846168 0.0940531 0.0597789 0 0
 0.905697 0.0802665 0.012482 0.00150086 5.37128e-05
 0.989698 0.0102097 9.19794e-05 0 0
 0.975433 0.0193895 0.00387452 0.00125025 5.28907e-05
 0.303575 0.632131 0.0575291 0.00676475 0
 0.966965 0.00978017 0.0227588 0.000495775 0
 0.843318 0.132988 0.00938335 0.0141283 0.000182051
 0.564624 0.303363 0.111486 0.0197234 0.00080311
 0.826376 0.0876187 0.0782897 0.00655872 0.00115652
 0.89761 0.0855135 0.0140674 0.00269457 0.000114338
 0.34875 0.467042 0.161289 0.0227151 0.000203297
 0.318654 0.224769 0.449479 0.00709798 0
ppred_RECLAS
 0.0136159 0.178141 0.695742 0.1125 4.27404e-07
 0.0275125 0.0133635 0.173218 0.676515 0.109391
 0.952987 0.00130523 0.000628103 0.00814149 0.0369387
 0.712987 0.273639 0.000371306 0.00017868 0.0128242
 0.119835 0.629221 0.23925 0.000324644 0.0113688
 0.999462 6.49998e-05 0.00033813 0.000128568 6.28381e-06
 0.00572225 0.993748 6.40288e-05 0.000333079 0.000132838
 0.00578 0.00574212 0.987951 6.36553e-05 0.000463199
 0.0287244 0.00566622 0.00557688 0.959521 0.000511693
 0.19005 0.0234768 0.00458812 0.00451577 0.777369
 0.990168 0.00188264 0.000230404 4.50283e-05 0.00767351
 0.956638 0.0429398 8.08856e-05 9.89907e-06 0.000331619
 0.829475 0.163197 0.00725733 1.36706e-05 5.77207e-05
 0.90216 0.0812844 0.0158442 0.000704588 6.93112e-06
 0.920755 0.0715567 0.00638745 0.00124506 5.59123e-05
 0.992452 0.00695533 0.000535522 4.7803e-05 9.73632e-06
 0.0611403 0.931838 0.00646997 0.000498153 5.35241e-05
 0.991891 0.000500144 0.00755201 5.24354e-05 4.47102e-06
 0.497353 0.498608 0.000249084 0.00376107 2.83407e-05
 0.921134 0.0394079 0.039141 1.95532e-05 0.000297471
 0.823516 0.162685 0.00689543 0.00684873 5.54715e-05
 0.945901 0.0446247 0.00873383 0.000370185 0.000370656
 0.0361309 0.912182 0.0426349 0.00834439 0.000707807
 0.926426 0.00268226 0.0670898 0.00313575 0.000665777
 0.840916 0.14748 0.000423036 0.0105812 0.000599562
 0.179485 0.691004 0.120065 0.000344397 0.00910231
 0.928146 0.0129955 0.0495678 0.0086126 0.000677641
 0.907416 0.0859888 0.00119281 0.00454966 0.00085272
 0.0712688 0.84347 0.0791879 0.00109847 0.0049751
 0.09471 0.0650794 0.763076 0.0716402 0.00549468
pobs_PELACES
 0 0 0 0 0
 0 0 0 0 0
 0 0 0 0 0
 0 0 0 0 0
 0 0 0 0 0
 0 0 0 0 0
 0 0 0 0 0
 0 0 0 0 0
 0 0 0 0 0
 0 0 0 0 0
 0 0 0 0 0
 0 0 0 0 0
 0 0 0 0 0
 0 0 0 0 0
 0 0 0 0 0
 0 0 0 0 0
 0.505614 0.472636 0.0217494 0 0
 0 0 0 0 0
 0.443492 0.261883 0.143347 0.151278 0
 0.227955 0.32914 0.350689 0.0885471 0.00366901
 0.970185 0.0296113 0.000203453 0 0
 0.997202 0.00247181 0.000326279 0 0
 0.445219 0.490057 0.0546422 0.010081 0
 0.90214 0.0892962 0.00764917 0.000914606 0
 0 0 0 0 0
 0.581667 0.319106 0.0959925 0.00289975 0.000334073
 0.762889 0.0836404 0.116647 0.0363945 0.000428098
 0.88444 0.0763242 0.0277011 0.0115352 0
 0.521256 0.241999 0.230069 0.00667565 0
 0.616807 0.101726 0.260614 0.0208532 0
ppred_PELACES
 0.00859337 0.1645 0.70971 0.117196 4.47131e-07
 0.0169307 0.0120323 0.172286 0.687166 0.111585
 0.92471 0.00185306 0.000985062 0.0130396 0.0594125
 0.627901 0.352591 0.000528513 0.000259732 0.0187205
 0.0828426 0.636437 0.267322 0.00037044 0.0130275
 0.999136 9.50723e-05 0.000546331 0.000212145 1.04126e-05
 0.00391779 0.995484 7.08539e-05 0.000376412 0.000150756
 0.00358594 0.00521232 0.99066 6.51856e-05 0.000476344
 0.0176152 0.00508409 0.00552766 0.971253 0.000520145
 0.124392 0.0224826 0.0048537 0.00487863 0.843393
 0.984176 0.00273788 0.000370141 7.38739e-05 0.0126426
 0.937732 0.061585 0.000128149 1.60165e-05 0.000538827
 0.76796 0.22107 0.0108599 2.08913e-05 8.8582e-05
 0.860944 0.113497 0.0244385 0.00110986 1.09641e-05
 0.887112 0.100872 0.00994664 0.00198 8.92935e-05
 0.988903 0.0101402 0.000862454 7.86214e-05 1.60812e-05
 0.0425794 0.949504 0.00728264 0.000572633 6.17874e-05
 0.987032 0.000728193 0.0121463 8.61258e-05 7.37484e-06
 0.403191 0.591412 0.000326366 0.00503269 3.80834e-05
 0.883513 0.0553041 0.0606787 3.09563e-05 0.000472947
 0.75964 0.219567 0.0102804 0.0104277 8.48173e-05
 0.921451 0.0636043 0.0137514 0.000595233 0.000598516
 0.0248386 0.917514 0.0473726 0.00946854 0.000806567
 0.886477 0.00375527 0.103759 0.00495266 0.001056
 0.781635 0.200572 0.00063554 0.016234 0.00092377
 0.128183 0.722047 0.13859 0.000405977 0.0107753
 0.89021 0.018237 0.0768404 0.0136349 0.00107734
 0.869106 0.120501 0.00184651 0.0071926 0.00135379
 0.0493747 0.854986 0.0886703 0.00125613 0.00571328
 0.0610786 0.0614074 0.795381 0.0762591 0.00587373
pobs_pel_tallas
 0 0 0 0 0 0 0 0 0 0 0 0 0 0 0 0 0 0 0 0 0 0 0 0 0 0
 0 0 0 0 0 0 0 0 0 0 0 0 0 0 0 0 0 0 0 0 0 0 0 0 0 0
 0 0 0 0 0 0 0 0 0 0 0 0 0 0 0 0 0 0 0 0 0 0 0 0 0 0
 0 0 0 0 0 0 0 0 0 0 0 0 0 0 0 0 0 0 0 0 0 0 0 0 0 0
 0 0 0 0 0 0 0 0 0 0 0 0 0 0 0 0 0 0 0 0 0 0 0 0 0 0
 0 0 0 0 0 0 0 0 0 0 0 0 0 0 0 0 0 0 0 0 0 0 0 0 0 0
 0 0 0 0 0 0 0 0 0 0 0 0 0 0 0 0 0 0 0 0 0 0 0 0 0 0
 0 0 0 0 0 0 0 0 0 0 0 0 0 0 0 0 0 0 0 0 0 0 0 0 0 0
 0 0 0 0 0 0 0 0 0 0 0 0 0 0 0 0 0 0 0 0 0 0 0 0 0 0
 0 0 0 0 0 0 0 0 0 0 0 0 0 0 0 0 0 0 0 0 0 0 0 0 0 0
 0 0 0 0 0 0 0 0 0 0 0 0 0 0 0 0 0 0 0 0 0 0 0 0 0 0
 0 0 0 0 0 0 0 0 0 0 0 0 0 0 0 0 0 0 0 0 0 0 0 0 0 0
 0.00862536 0 0 0.000197151 0.00414017 0.0128641 0.00837892 0.0270097 0.101434 0.158115 0.152841 0.127902 0.109271 0.109419 0.0830992 0.0579132 0.0238553 0.00714673 0.00463305 0.00128148 0.00103504 0.000492878 0.000147863 0.000147863 4.92878e-05 0
 0 0 0 0 0 0 0 0 0 0 0 0 0 0 0 0 0 0 0 0 0 0 0 0 0 0
 0 0 0 0 0 0 0 0.0054083 0.00873648 0.0413646 0.0450493 0.0745869 0.0622846 0.0627006 0.0613931 0.0827291 0.12552 0.122667 0.0946155 0.0697135 0.0546179 0.0294188 0.0215738 0.0213955 0.0102223 0.00600262
 0 0 0 0 0.00359764 0.0251062 0.0480494 0.140153 0.205849 0.193036 0.1447 0.116669 0.0760912 0.0342217 0.00950174 0.001854 0.000860785 0 0 0 0.000165536 0 0.000143464 0 0 0
 0 0 0 0 0 0 0 0.000145254 0.000435761 0.0275982 0.070085 0.0708112 0.156366 0.174668 0.174014 0.160142 0.0824315 0.0480064 0.0283245 0.00493863 0.00203355 0 0 0 0 0
 0 0 0 0 0 0 0 0 0 0 0 0 0 0 0 0 0 0 0 0 0 0 0 0 0 0
 0 0 1.00437e-05 0.000401748 0.00122533 0.00171747 0.00176769 0.0269171 0.070346 0.194647 0.189555 0.159765 0.064822 0.0314167 0.0384472 0.0292271 0.0345202 0.0313363 0.0194345 0.0106764 0.0143323 0.0359363 0.0279516 0.0138201 0.00172751 0
 0 0.0021121 0.0136068 0.0755702 0.200478 0.177729 0.0527432 0.0373336 0.0318909 0.0142505 0.0149659 0.0166563 0.0217959 0.0798694 0.0677717 0.0528807 0.04013 0.0224614 0.0357745 0.0225083 0.00881397 0.00855152 0.00135912 0.000746735 0 0
 0 0 0 0 5.4009e-05 0.00500934 0.000945158 0.0243581 0.138947 0.33067 0.221406 0.137944 0.0707744 0.0437923 0.0131692 0.00525238 0.0047753 0.00276346 9.45158e-05 9.00151e-06 2.25038e-05 9.00151e-06 4.50075e-06 0 0 0
 0.000866109 0.00284123 0.00948549 0.0512746 0.133035 0.25785 0.225252 0.132002 0.0553304 0.0519788 0.0540692 0.017754 0.00435017 0.00159236 0.00146478 0.000404838 0.000125132 0.000115318 0.000107957 0.000100596 0 0 0 0 0 0
 0 0 0 0 0.00144013 0.00171154 0.00461396 0.0210425 0.0478622 0.0707936 0.0888783 0.103762 0.0637923 0.0337046 0.0602308 0.124433 0.169614 0.0934646 0.0462172 0.0250306 0.0313229 0.00938855 0.002487 0.000210481 0 0
 0 0.00764035 0.051015 0.0998891 0.058973 0.0496711 0.0374665 0.0718981 0.12319 0.153886 0.159021 0.0857701 0.0377988 0.023471 0.0147837 0.00900784 0.00315554 0.000888139 0.00291439 0.00214683 0.00393193 0.00274676 0.000635225 9.99891e-05 0 0
 0 0 0 0 0 0 0 0 0 0 0 0 0 0 0 0 0 0 0 0 0 0 0 0 0 0
 0 0 0 0 0 0 0 0 0 0 0 0 0 0 0 0 0 0 0 0 0 0 0 0 0 0
 0 0 0 0 0 0 0 0 0 0 0 0 0 0 0 0 0 0 0 0 0 0 0 0 0 0
 0 0 0 0 0 0 0 0 0 0 0 0 0 0 0 0 0 0 0 0 0 0 0 0 0 0
 0 0 0 0 0 0 0 0 0 0 0 0 0 0 0 0 0 0 0 0 0 0 0 0 0 0
 0 0 0 0 0 0 0 0 0 0 0 0 0 0 0 0 0 0 0 0 0 0 0 0 0 0
ppred_pel_tallas
 1.32276e-16 7.07862e-07 6.88069e-06 4.57254e-05 0.000207871 0.000646855 0.00137881 0.00201596 0.00203291 0.00146217 0.000929932 0.00103957 0.00218654 0.00485624 0.0097265 0.0174261 0.0282462 0.0420851 0.0586361 0.0774783 0.0977049 0.11726 0.132746 0.14033 0.137432 0.124119
 1.92772e-16 1.39456e-06 1.35556e-05 9.00819e-05 0.0004095 0.00127412 0.0027147 0.00396253 0.00396422 0.00272322 0.00130441 0.000504645 0.000358749 0.00070291 0.00162673 0.00355944 0.00729842 0.0140661 0.0254674 0.0431694 0.0682135 0.100095 0.136032 0.170957 0.198526 0.212965
 1.11391e-16 7.61671e-05 0.000740371 0.00492003 0.0223657 0.0695881 0.148265 0.216397 0.216397 0.148266 0.0695914 0.0223756 0.00494597 0.000801259 0.000205526 0.00025916 0.000471354 0.000845688 0.00148529 0.00254459 0.00419697 0.00656461 0.00962295 0.0131224 0.01658 0.0193722
 1.033e-16 5.17194e-05 0.000502731 0.00334083 0.0151869 0.0472524 0.100677 0.146949 0.146983 0.100843 0.0478083 0.0167917 0.00736542 0.00927629 0.0166788 0.0273996 0.039252 0.04892 0.0530755 0.0502162 0.0416078 0.030511 0.0203221 0.0130356 0.00890085 0.00705233
 1.10119e-16 6.82377e-06 6.63295e-05 0.000440786 0.00200379 0.00623485 0.0132863 0.0194046 0.0194662 0.0135875 0.00724685 0.00493015 0.00779904 0.0161713 0.0307147 0.0510818 0.0743115 0.0949463 0.10734 0.108753 0.100793 0.0879663 0.0746469 0.0629424 0.0527366 0.0431234
 1.00039e-16 8.22975e-05 0.000799961 0.00531602 0.0241659 0.075189 0.160198 0.233814 0.233814 0.160198 0.0751892 0.0241664 0.00531732 0.000802946 8.83993e-05 1.70126e-05 1.91372e-05 2.93941e-05 4.31134e-05 6.01404e-05 7.98849e-05 0.000100502 0.000118762 0.000130823 0.000133681 0.000126459
 1.0032e-16 3.2291e-07 3.1389e-06 2.08637e-05 9.49022e-05 0.00029579 0.000633749 0.000945042 0.00104076 0.00110134 0.00186516 0.00462479 0.0113802 0.0247634 0.0469145 0.0772701 0.110633 0.137699 0.148988 0.14014 0.114598 0.0814808 0.0503878 0.0271235 0.0127391 0.00525664
 1.28677e-16 2.95375e-07 2.87115e-06 1.90798e-05 8.67352e-05 0.000269875 0.000575066 0.000839727 0.000841755 0.000585699 0.000309981 0.000221963 0.000431494 0.00114398 0.00287061 0.00657158 0.0136994 0.0259949 0.0448634 0.0703561 0.100164 0.129351 0.15143 0.160638 0.154369 0.134364
 1.97652e-16 1.45094e-06 1.41037e-05 9.3724e-05 0.000426056 0.00132562 0.00282441 0.00412248 0.00412332 0.00282872 0.0013413 0.000476966 0.000244083 0.000422262 0.00102959 0.00242017 0.00533922 0.0110305 0.0212629 0.0380702 0.0630508 0.0962903 0.13532 0.174781 0.207338 0.225822
 2.43362e-16 1.0246e-05 9.95951e-05 0.000661845 0.00300865 0.00936104 0.0199448 0.0291105 0.0291128 0.0199563 0.00940038 0.00312522 0.000966477 0.00080832 0.00149867 0.00288078 0.00526979 0.00935378 0.0163489 0.0280857 0.0467379 0.0740389 0.110124 0.152474 0.195612 0.232009
 1.02159e-16 8.10652e-05 0.000787983 0.00523642 0.023804 0.0740631 0.157799 0.230313 0.230313 0.157801 0.0740675 0.0238167 0.00526849 0.000858626 0.000217309 0.000237076 0.000350021 0.000479896 0.000617609 0.000779857 0.00100682 0.00134498 0.00181756 0.00239906 0.00300912 0.00353065
 1.00113e-16 7.72398e-05 0.000750798 0.00498932 0.0226807 0.0705681 0.150353 0.219446 0.219452 0.150382 0.0706652 0.022961 0.00569213 0.00228279 0.00298014 0.00478714 0.0068478 0.00852554 0.00923036 0.00869338 0.00712875 0.00510078 0.00320262 0.00179102 0.000927318 0.000484746
 1.00388e-16 6.32559e-05 0.00061487 0.00408603 0.0185745 0.0577923 0.123133 0.179721 0.179742 0.123237 0.0581412 0.0195817 0.0066125 0.00612452 0.0105104 0.0172315 0.0247123 0.0308556 0.0335682 0.0318824 0.0265376 0.019504 0.0128421 0.00777782 0.00451605 0.0026368
 1.00848e-16 7.09149e-05 0.000689318 0.00458076 0.0208235 0.0647896 0.138042 0.201478 0.201489 0.138095 0.0649693 0.0213427 0.00588466 0.00353751 0.00548524 0.0089689 0.0129423 0.0163335 0.0180954 0.0177345 0.0155878 0.0125719 0.00961752 0.00723763 0.00547978 0.00415396
 1.00527e-16 7.30703e-05 0.000710269 0.00471999 0.0214564 0.0667589 0.142237 0.207601 0.207611 0.142285 0.0669182 0.0219166 0.00587475 0.00322992 0.00485476 0.00790079 0.0113519 0.0142273 0.0155806 0.0149746 0.0127383 0.00974584 0.0068994 0.00471811 0.00326719 0.00234888
 1.00039e-16 8.14546e-05 0.000791768 0.00526158 0.0239184 0.0744189 0.158557 0.231419 0.23142 0.158562 0.0744349 0.0239646 0.0053776 0.00104488 0.000561681 0.000798348 0.00113902 0.0014255 0.00155774 0.0014913 0.00125941 0.000950634 0.000656877 0.000431772 0.0002831 0.000191559
 1.00521e-16 3.50741e-06 3.40933e-05 0.000226567 0.00102999 0.00320519 0.00683236 0.00999118 0.0100825 0.00727842 0.0047023 0.00535147 0.0110639 0.0236581 0.04477 0.0737465 0.105619 0.131524 0.142431 0.134179 0.11004 0.0786699 0.04918 0.0270625 0.0133001 0.00601827
 1.00361e-16 8.13005e-05 0.00079027 0.00525162 0.0238731 0.0742781 0.158257 0.230981 0.230981 0.158258 0.0742796 0.0238778 0.00526427 0.000820808 0.000147867 0.000138025 0.000242481 0.000411514 0.000651274 0.000959413 0.00131005 0.00164877 0.0019022 0.00200311 0.00191958 0.001671
 1.00672e-16 3.32105e-05 0.000322817 0.00214524 0.00975198 0.0303423 0.0646496 0.09437 0.0944268 0.0649274 0.0312747 0.0124433 0.00889433 0.0150344 0.0279092 0.0459196 0.0657535 0.0818634 0.0886251 0.0834576 0.0684146 0.0489109 0.0306362 0.0170106 0.00862208 0.004261
 1.01849e-16 7.27738e-05 0.000707388 0.00470084 0.0213693 0.066488 0.14166 0.206758 0.206763 0.141686 0.0665771 0.0216278 0.00535355 0.00214497 0.00284006 0.00467614 0.00695145 0.009201 0.0109837 0.0120624 0.0124872 0.0124602 0.0121141 0.0114154 0.0102595 0.00863994
 1.01413e-16 6.25706e-05 0.000608209 0.00404176 0.0183733 0.0571662 0.121799 0.177774 0.177795 0.121903 0.0575127 0.0193738 0.00655184 0.00608283 0.0104456 0.0171325 0.0245879 0.0307419 0.0335344 0.0320259 0.0269693 0.0203244 0.0141147 0.0095032 0.00661635 0.00495936
 1.00575e-16 7.58987e-05 0.000737762 0.00490269 0.0222869 0.0693429 0.147743 0.215636 0.215642 0.147773 0.0694436 0.0225779 0.00563345 0.00233406 0.00311054 0.00502984 0.00725559 0.00915885 0.0101516 0.00995856 0.00876987 0.00709998 0.00547011 0.00416578 0.00320985 0.0024909
 1.02688e-16 2.04611e-06 1.9889e-05 0.000132174 0.000600897 0.00187009 0.00398768 0.00583865 0.00592694 0.00441906 0.00331813 0.00478157 0.0106196 0.0228918 0.0433747 0.0715321 0.102641 0.128221 0.139624 0.132854 0.110991 0.0822028 0.0550017 0.0344085 0.0211945 0.0135474
 1.03671e-16 7.30179e-05 0.00070976 0.00471661 0.021441 0.0667109 0.142135 0.20745 0.20745 0.142137 0.0667202 0.0214699 0.00479694 0.000910677 0.000529324 0.000953969 0.00181888 0.00322564 0.00529738 0.00803791 0.0112271 0.0143795 0.016834 0.0179754 0.0174903 0.0155092
 1.01855e-16 6.43823e-05 0.000625819 0.00415879 0.0189053 0.0588214 0.125326 0.182921 0.18294 0.12542 0.0591377 0.0198185 0.00644926 0.00561993 0.00953168 0.0156111 0.02238 0.0279354 0.0303962 0.0289197 0.0242273 0.0181553 0.0125928 0.0086136 0.00630039 0.00512864
 1.06049e-16 1.05584e-05 0.000102631 0.000682024 0.00310043 0.00964695 0.0205564 0.0300173 0.0300869 0.0208967 0.0107898 0.00640182 0.00897118 0.0182051 0.0344108 0.0569229 0.0821138 0.103488 0.114391 0.111694 0.0975969 0.0780348 0.0590562 0.0440277 0.0332769 0.0255196
 1.03772e-16 7.33255e-05 0.00071275 0.00473647 0.0215313 0.0669919 0.142733 0.208324 0.208326 0.142743 0.0670232 0.0216233 0.00497327 0.00124885 0.00114772 0.00192832 0.00311387 0.00463323 0.00644827 0.00851578 0.0107433 0.0129141 0.0146621 0.0155661 0.0153333 0.0139536
 1.01035e-16 7.15871e-05 0.000695852 0.00462418 0.0210209 0.0654038 0.13935 0.203388 0.2034 0.139407 0.0655939 0.0215696 0.00600061 0.00369717 0.00576167 0.00938624 0.0134553 0.0167996 0.0182855 0.0174033 0.0145806 0.0109147 0.0075372 0.00509655 0.00365259 0.00290463
 1.03871e-16 4.06711e-06 3.95338e-05 0.00026272 0.00119434 0.00371647 0.00792138 0.0115787 0.0116611 0.00832371 0.00506723 0.00509498 0.0100508 0.0213969 0.0405352 0.0669255 0.0962145 0.120575 0.132006 0.126784 0.107674 0.0820705 0.0576322 0.0388036 0.0262112 0.018257
 1.31611e-16 5.03098e-06 4.89029e-05 0.000324978 0.00147731 0.00459648 0.00979355 0.0142955 0.0143026 0.00982912 0.0047195 0.00184848 0.00131644 0.00241092 0.00506963 0.00988139 0.0177444 0.029624 0.0462545 0.0675998 0.0921423 0.116459 0.135698 0.145129 0.142111 0.127317
pSPR Fmed_Fpbrs
0.26423   0.172673 0.172673
Fs Fmed_Fpbrs
0.724257   1.005 1.005
SSBpbr Bo_Bmed_Bpbrs
1.89299e+06  405536  232219 232219
Ro
26122.8
SPR SPRFo_SPRFmed_SPRFpbrs
185952 49134.2 32108.9
Fref
1.005
log_Ro
9.99056
likeval ReclasPelacesDesembMPH_pf_preclas_ppelaces_ptallas_desvR_qrecl_qpela
 18.766 23.8123 0.43885 0.00108928 408.319 121.64 121.132 0 215.97 0.000100029 0.000230919 0.000440849 0 0 0
q_reclas_q_pelaces
4.12576 8.68793
M
1
N
 1846.87 23939.1 93495.9 15118.1 0.0574358
 1119.57 538.759 6983.42 27274.2 4410.19
 147102 199.606 96.0544 1245.06 5648.95
 69014.3 26241.5 35.6077 17.1351 1229.82
 1417.97 7376.33 2804.72 3.80579 133.276
 835514 53.8336 280.043 106.482 5.20433
 1597.51 274858 17.7095 92.1253 36.7411
 459.991 452.739 77895.3 5.01892 36.521
 813.937 159.069 156.561 26936.9 14.3649
 1664.75 203.738 39.817 39.1892 6746.23
 27579.5 51.9514 6.358 1.24256 211.751
 118525 5270.81 9.92862 1.2151 40.7059
 68182.9 13290.4 591.022 1.11331 4.70065
 67448.2 6020.71 1173.57 52.1886 0.513386
 39746.3 3060.25 273.171 53.2471 2.39119
 272633 1892.96 145.748 13.01 2.64983
 3002.07 45330.3 314.739 24.2332 2.60374
 478708 239.142 3610.96 25.0718 2.1378
 107854 107124 53.5146 808.052 6.08889
 242094 10261.2 10191.7 5.09134 77.4568
 172276 33717.3 1429.12 1419.44 11.4968
 475609 22229.7 4350.74 184.407 184.641
 3174.8 79409.5 3711.56 726.416 61.6178
 155304 445.479 11142.5 520.796 110.575
 181622 31557.6 90.5207 2264.14 128.294
 10016.5 38205.2 6638.31 19.0415 503.262
 119335 1655.38 6314.01 1097.08 86.3188
 229938 21587.3 299.454 1142.18 214.074
 5419.43 63544.5 5965.78 82.7557 374.809
 1958.59 1333.35 15633.9 1467.77 112.575
pred_Ctot
 246.312 3192.71 12469.3 2016.26 0.00766008
 386.452 185.968 2410.53 9414.46 1522.3
 50747.2 68.86 33.1368 429.52 1948.77
 34072.2 12955.4 17.5794 8.45957 607.16
 947.111 4926.89 1873.37 2.54201 89.0194
 56375.9 3.6324 18.8958 7.1848 0.351159
 236.863 40753.1 2.62579 13.6594 5.4476
 17.5325 17.2561 2968.97 0.191295 1.39199
 169.637 33.1525 32.6298 5614.07 2.99387
 1147.63 140.451 27.4487 27.0159 4650.65
 8828.18 16.6296 2.0352 0.397743 67.7814
 57140.5 2541.03 4.78654 0.585794 19.6241
 36549.3 7124.28 316.816 0.596785 2.51977
 43569.7 3889.22 758.096 33.7124 0.331634
 25419.5 1957.16 174.705 34.0539 1.52927
 100612 698.574 53.7864 4.8012 0.977889
 1670.86 25229.5 175.174 13.4875 1.44916
 123382 61.6363 930.687 6.46199 0.550996
 56106.8 55726.8 27.8387 420.355 3.16749
 102672 4351.78 4322.31 2.15924 32.8495
 76769.5 15025.1 636.842 632.529 5.1232
 174856 8172.68 1599.53 67.7966 67.8828
 1339.54 33505.2 1566.02 306.496 25.9983
 46093.1 132.215 3307.01 154.568 32.8177
 51421.5 8934.71 25.6285 641.032 36.3229
 3716.57 14175.8 2463.11 7.06525 186.733
 40579.6 562.909 2147.06 373.061 29.3525
 37011.7 3474.79 48.2013 183.85 34.4582
 1172.23 13744.8 1290.41 17.9002 81.0719
 1130.28 769.465 9022.21 847.037 64.9662
F
 0.231977 0.231977 0.231977 0.231977 0.231977
 0.724354 0.724354 0.724354 0.724354 0.724354
 0.723786 0.723786 0.723786 0.723786 0.723786
 1.23604 1.23604 1.23604 1.23604 1.23604
 2.27109 2.27109 2.27109 2.27109 2.27109
 0.111795 0.111795 0.111795 0.111795 0.111795
 0.260888 0.260888 0.260888 0.260888 0.260888
 0.0618672 0.0618672 0.0618672 0.0618672 0.0618672
 0.385047 0.385047 0.385047 0.385047 0.385047
 2.46712 2.46712 2.46712 2.46712 2.46712
 0.654887 0.654887 0.654887 0.654887 0.654887
 1.18809 1.18809 1.18809 1.18809 1.18809
 1.42699 1.42699 1.42699 1.42699 1.42699
 2.09286 2.09286 2.09286 2.09286 2.09286
 2.04438 2.04438 2.04438 2.04438 2.04438
 0.794153 0.794153 0.794153 0.794153 0.794153
 1.53 1.53 1.53 1.53 1.53
 0.497103 0.497103 0.497103 0.497103 0.497103
 1.35241 1.35241 1.35241 1.35241 1.35241
 0.971314 0.971314 0.971314 0.971314 0.971314
 1.04767 1.04767 1.04767 1.04767 1.04767
 0.789977 0.789977 0.789977 0.789977 0.789977
 0.96385 0.96385 0.96385 0.96385 0.96385
 0.593572 0.593572 0.593572 0.593572 0.593572
 0.558957 0.558957 0.558957 0.558957 0.558957
 0.800201 0.800201 0.800201 0.800201 0.800201
 0.709829 0.709829 0.709829 0.709829 0.709829
 0.286067 0.286067 0.286067 0.286067 0.286067
 0.402297 0.402297 0.402297 0.402297 0.402297
 1.64118 1.64118 1.64118 1.64118 1.64118
nmprior
 8 8 7 0
nm_flota  nm_reclas  nm_pelaces    nm_pelaL
inf 14.1855 2.2765 2.68362
cv_recla  cv_pelaces  cv_mph
0.401063 0.574203 1.01853
 ------------------------------------------------
Talla a la edad & desviación 
 8 13.2811 15.8009 17.003 17.5766
 0.8 1.32811 1.58009 1.7003 1.75766
