years
 1991 1992 1993 1994 1995 1996 1997 1998 1999 2000 2001 2002 2003 2004 2005 2006 2007 2008 2009 2010 2011 2012 2013 2014 2015 2016 2017 2018 2019 2020
reclasobs
 0 0 0 0 0 0 0 0 0 252601 567819 844713 477998 351125 339783 2.1784e+06 2.13404e+06 4.81314e+06 1.55562e+06 2.62356e+06 3.21686e+06 3.843e+06 1.13348e+06 3.07943e+06 1.97215e+06 2.03268e+06 2.025e+06 2.42433e+06 2.27542e+06 1.05018e+06
reclaspred
 2.92119e+06 1.59489e+06 797925 675074 605116 1.17125e+06 619749 510246 382116 284107 438352 611016 597646 435768 424489 1.41296e+06 1.27892e+06 3.10358e+06 2.55835e+06 1.91584e+06 3.40408e+06 2.72798e+06 2.05036e+06 3.19556e+06 2.34084e+06 2.0183e+06 2.52231e+06 2.77775e+06 2.1933e+06 1.25344e+06
pelacesobs
 0 0 0 0 0 0 0 0 0 0 0 0 0 0 0 552880 188675 0 991730 2.46772e+06 1.41603e+06 1.21717e+06 2.29649e+06 1.80582e+06 0 1.4828e+06 1.56532e+06 1.57751e+06 1.42118e+06 867257
pelacespred
 1.18687e+06 709359 347964 236860 231653 465261 203240 233566 155288 108218 183852 215189 233640 174067 175763 504231 459570 1.30596e+06 1.09497e+06 755663 1.32847e+06 1.13693e+06 858232 1.47537e+06 1.03456e+06 891683 1.27583e+06 1.38233e+06 899619 585971
mphobs
 0 0 0 0 0 0 0 0 0 0 0 498337 0 5186 125008 0 168611 109162 213762 579715 649985 157893 87575 83554 0 0 0 0 0 0
mphpred
 441179 290284 139513 75118.4 64494 69661.2 108318 53203.8 47177.9 31109.6 21688.5 52045.2 57489.8 46631.9 28109 35755.2 162091 141467 307920 229556 248595 309790 288919 224917 318798 255818 205091 232943 338398 215877
desembarqueobs
 494567 514787 250237 358949 120608 361735 552515 73892 212993 205616 52469 317467 293654 387597 252695 516296 358380 742168 942051 627588 828172 859565 418607 520667 417249 300574 407403 355545 319650 289779
desembarquepred
 494563 514135 250372 358981 120611 361709 552410 73895.1 213016 205632 52470.7 317491 293661 387528 252653 516196 358389 742014 941684 627350 828169 859455 418584 520665 417221 300553 407376 355509 319623 289770
Reclutas
 165703 96301.6 95039.7 110737 90127.9 212257 74343 29374.9 34713.4 50906.9 95237.2 132353 107939 74466.1 69575.9 447562 74407 674763 384992 304954 438776 571752 102972 343998 276496 121307 300448 337666 77628 56102.1
log_desv_Rt
 0.16099 -0.38172 -0.39491 -0.242043 -0.447975 0.408595 -0.640515 -1.56906 -1.40208 -1.01921 -0.392834 -0.0637287 -0.267642 -0.638861 -0.706787 1.15461 -0.639655 1.56516 1.00402 0.770957 1.13478 1.3995 -0.31475 0.891433 0.672992 -0.150881 0.75607 0.872853 -0.597277 -0.922032
SSB
 2.28391e+06 1.50275e+06 722235 388876 333875 360625 560745 275428 244233 161050 112278 269430 297615 241406 145516 185099 839119 732354 1.59405e+06 1.18837e+06 1.28694e+06 1.60374e+06 1.49569e+06 1.16436e+06 1.65036e+06 1.32433e+06 1.06172e+06 1.20591e+06 1.75183e+06 1.11756e+06
BT
 3.1592e+06 2.14326e+06 1.04749e+06 846660 632127 1.38472e+06 956487 605359 568102 445216 468533 759530 804351 803200 658822 1.57804e+06 1.33994e+06 3.6708e+06 3.42798e+06 2.30709e+06 3.73368e+06 3.42868e+06 2.34514e+06 3.88951e+06 2.77598e+06 2.32503e+06 3.36065e+06 3.54629e+06 2.34094e+06 1.64071e+06
Ftot
 0.187588 0.348405 0.345338 0.617905 0.237865 0.399371 0.942205 0.172442 0.658819 0.850168 0.163644 0.633055 0.59164 1.04458 0.765399 0.510013 0.317117 0.320515 0.437001 0.391867 0.300309 0.383415 0.229677 0.209702 0.209763 0.172806 0.207118 0.166491 0.159423 0.254915
BD_Bspro_t
 0.970553 0.79582 0.599647 0.492723 0.432414 0.507342 0.528941 0.314754 0.362425 0.314871 0.297785 0.586366 0.474588 0.379004 0.261659 0.314694 0.559107 0.512579 0.635118 0.535041 0.509024 0.560682 0.573888 0.553632 0.66619 0.669859 0.672756 0.723759 0.778583 0.6947
BD_Bspro
 2.2745 1.49656 0.719258 0.387273 0.332499 0.359138 0.558433 0.274292 0.243226 0.160386 0.111815 0.268319 0.296388 0.240411 0.144916 0.184336 0.83566 0.729334 1.58748 1.18347 1.28163 1.59712 1.48952 1.15956 1.64356 1.31887 1.05734 1.20093 1.74461 1.11295
BD_Bo
 1.3362 0.879182 0.422542 0.227511 0.195333 0.210983 0.328062 0.161138 0.142888 0.0942216 0.0656879 0.157629 0.174119 0.141234 0.0851338 0.108292 0.490925 0.428462 0.932597 0.695255 0.752919 0.938261 0.875049 0.681207 0.965542 0.774795 0.621158 0.705513 1.02491 0.653825
BD_Brms
 7.14693 4.70249 2.26005 1.21689 1.04478 1.12848 1.75471 0.861881 0.764264 0.503964 0.351345 0.843113 0.931312 0.75542 0.455355 0.579221 2.62581 2.29172 4.98819 3.71871 4.02714 5.01848 4.68038 3.64357 5.1644 4.14415 3.32239 3.77358 5.48192 3.49712
Sel_flota
 0.693519 0.97727 0.998777 0.999936 0.999997
 0.693519 0.97727 0.998777 0.999936 0.999997
 0.693519 0.97727 0.998777 0.999936 0.999997
 0.693519 0.97727 0.998777 0.999936 0.999997
 0.693519 0.97727 0.998777 0.999936 0.999997
 0.693519 0.97727 0.998777 0.999936 0.999997
 0.693519 0.97727 0.998777 0.999936 0.999997
 0.693519 0.97727 0.998777 0.999936 0.999997
 0.693519 0.97727 0.998777 0.999936 0.999997
 0.693519 0.97727 0.998777 0.999936 0.999997
 0.693519 0.97727 0.998777 0.999936 0.999997
 0.693519 0.97727 0.998777 0.999936 0.999997
 0.693519 0.97727 0.998777 0.999936 0.999997
 0.693519 0.97727 0.998777 0.999936 0.999997
 0.693519 0.97727 0.998777 0.999936 0.999997
 0.693519 0.97727 0.998777 0.999936 0.999997
 0.693519 0.97727 0.998777 0.999936 0.999997
 0.693519 0.97727 0.998777 0.999936 0.999997
 0.693519 0.97727 0.998777 0.999936 0.999997
 0.693519 0.97727 0.998777 0.999936 0.999997
 0.693519 0.97727 0.998777 0.999936 0.999997
 0.693519 0.97727 0.998777 0.999936 0.999997
 0.693519 0.97727 0.998777 0.999936 0.999997
 0.693519 0.97727 0.998777 0.999936 0.999997
 0.693519 0.97727 0.998777 0.999936 0.999997
 0.693519 0.97727 0.998777 0.999936 0.999997
 0.693519 0.97727 0.998777 0.999936 0.999997
 0.693519 0.97727 0.998777 0.999936 0.999997
 0.693519 0.97727 0.998777 0.999936 0.999997
 0.693519 0.97727 0.998777 0.999936 0.999997
Sel_reclas
 1 1 1 1 1
 1 1 1 1 1
 1 1 1 1 1
 1 1 1 1 1
 1 1 1 1 1
 1 1 1 1 1
 1 1 1 1 1
 1 1 1 1 1
 1 1 1 1 1
 1 1 1 1 1
 1 1 1 1 1
 1 1 1 1 1
 1 1 1 1 1
 1 1 1 1 1
 1 1 1 1 1
 1 1 1 1 1
 1 1 1 1 1
 1 1 1 1 1
 1 1 1 1 1
 1 1 1 1 1
 1 1 1 1 1
 1 1 1 1 1
 1 1 1 1 1
 1 1 1 1 1
 1 1 1 1 1
 1 1 1 1 1
 1 1 1 1 1
 1 1 1 1 1
 1 1 1 1 1
 1 1 1 1 1
Sel_pelaces
 1 1 1 1 1
 1 1 1 1 1
 1 1 1 1 1
 1 1 1 1 1
 1 1 1 1 1
 1 1 1 1 1
 1 1 1 1 1
 1 1 1 1 1
 1 1 1 1 1
 1 1 1 1 1
 1 1 1 1 1
 1 1 1 1 1
 1 1 1 1 1
 1 1 1 1 1
 1 1 1 1 1
 1 1 1 1 1
 1 1 1 1 1
 1 1 1 1 1
 1 1 1 1 1
 1 1 1 1 1
 1 1 1 1 1
 1 1 1 1 1
 1 1 1 1 1
 1 1 1 1 1
 1 1 1 1 1
 1 1 1 1 1
 1 1 1 1 1
 1 1 1 1 1
 1 1 1 1 1
 1 1 1 1 1
pf_obs 
 0.8446 0.082 0.0669 0.0065 0
 0.8095 0.147 0.0364 0.0071 0
 0.9664 0.0169 0.016 0.0007 0
 0.9276 0.0648 0.0075 0.0001 0
 0.7033 0.2144 0.0806 0.0017 0
 0.9318 0.0425 0.0243 0.0014 0
 0.5671 0.3108 0.0964 0.0239 0.0018
 0.0768 0.2599 0.5324 0.112 0.0189
 0.490249 0.384438 0.106611 0.0170017 0.00170017
 0.7925 0.1577 0.0466 0.003 0.0002
 0.840416 0.127587 0.0312969 0.00059994 9.999e-05
 0.8084 0.0986 0.0794 0.0134 0.0002
 0.7335 0.1905 0.0724 0.0035 0.0001
 0.4001 0.4547 0.1325 0.0127 0
 0.49795 0.308269 0.164784 0.0264974 0.00249975
 0.9179 0.0499 0.0305 0.0017 0
 0.2467 0.6533 0.0926 0.0074 0
 0.9418 0.0223 0.034 0.0019 0
 0.707729 0.231977 0.0356964 0.0245975 0
 0.517169 0.277429 0.184464 0.0207286 0.00020938
 0.811772 0.124168 0.05621 0.00726502 0.000585176
 0.764997 0.148141 0.077277 0.00933861 0.000247198
 0.163321 0.427699 0.378323 0.0303852 0.000271297
 0.753843 0.0900009 0.118128 0.0371064 0.000921714
 0.721811 0.176058 0.0630433 0.0369309 0.00215725
 0.143369 0.312575 0.442814 0.0836902 0.0175525
 0.692698 0.0596174 0.167031 0.0765114 0.00414204
 0.394062 0.376323 0.152708 0.0712218 0.00568511
 0.125707 0.32114 0.495352 0.0537591 0.00404204
 0.23352 0.215282 0.420074 0.123614 0.00750983
pf_pred 
 0.442978 0.153915 0.375061 0.028045 8.63225e-07
 0.415688 0.313079 0.0762147 0.181466 0.0135527
 0.564252 0.223922 0.114883 0.0272671 0.0696766
 0.667708 0.218798 0.0590603 0.029541 0.0248931
 0.652337 0.26343 0.056026 0.0146897 0.0135175
 0.803722 0.143492 0.0402306 0.00835446 0.00420071
 0.45753 0.466438 0.0559793 0.0152882 0.00476433
 0.464947 0.311101 0.19348 0.0224464 0.00802585
 0.605092 0.219544 0.102954 0.0625672 0.00984177
 0.775385 0.158976 0.0369855 0.0168331 0.0118198
 0.849142 0.128037 0.0163079 0.00367272 0.00284023
 0.740821 0.230528 0.0244025 0.00303752 0.00121159
 0.679812 0.261361 0.0524939 0.00539553 0.000938001
 0.630704 0.283233 0.0706241 0.0137793 0.00165992
 0.749679 0.186037 0.0497137 0.011961 0.00260979
 0.948607 0.0425229 0.00664564 0.00172106 0.000503579
 0.313705 0.662652 0.0196564 0.00298845 0.000998896
 0.900478 0.0398474 0.0576676 0.00166855 0.000338014
 0.57313 0.397279 0.0120264 0.0169753 0.000589867
 0.590584 0.273265 0.126951 0.00374229 0.00545802
 0.720083 0.191103 0.0597894 0.027066 0.00195872
 0.718652 0.22243 0.0405433 0.0123753 0.00599962
 0.269095 0.578324 0.121285 0.021545 0.00975088
 0.728704 0.0941349 0.140873 0.0288526 0.00743545
 0.593874 0.323306 0.0291829 0.042662 0.0109756
 0.403587 0.404169 0.15379 0.0135608 0.024893
 0.730822 0.132501 0.0933105 0.0347009 0.00866569
 0.670386 0.262745 0.0333126 0.0229181 0.0106379
 0.273818 0.540058 0.149066 0.0184733 0.0185853
 0.359362 0.224186 0.311529 0.0840524 0.0208698
pobs_RECLAS
 0 0 0 0 0
 0 0 0 0 0
 0 0 0 0 0
 0 0 0 0 0
 0 0 0 0 0
 0 0 0 0 0
 0 0 0 0 0
 0 0 0 0 0
 0 0 0 0 0
 0 0 0 0 0
 0.991045 0.00858322 0.000360255 1.14367e-05 0
 0.934742 0.0480273 0.0164251 0.00080598 0
 0.827803 0.169806 0.00239088 0 0
 0.941827 0.0461693 0.0120037 0 0
 0.791401 0.0380133 0.147996 0.0225897 0
 0.846168 0.0940531 0.0597789 0 0
 0.134021 0.677848 0.182769 0.00536245 0
 0.80878 0.0450904 0.141981 0.00414843 0
 0.846168 0.0940531 0.0597789 0 0
 0.905697 0.0802665 0.012482 0.00150086 5.37128e-05
 0.989698 0.0102097 9.19794e-05 0 0
 0.975433 0.0193895 0.00387452 0.00125025 5.28907e-05
 0.303575 0.632131 0.0575291 0.00676475 0
 0.966965 0.00978017 0.0227588 0.000495775 0
 0.843318 0.132988 0.00938335 0.0141283 0.000182051
 0.564624 0.303363 0.111486 0.0197234 0.00080311
 0.826376 0.0876187 0.0782897 0.00655872 0.00115652
 0.89761 0.0855135 0.0140674 0.00269457 0.000114338
 0.34875 0.467042 0.161289 0.0227151 0.000203297
 0.318654 0.224769 0.449479 0.00709798 0
ppred_RECLAS
 0.53369 0.130934 0.312068 0.0233072 7.17351e-07
 0.505913 0.267615 0.0636923 0.151468 0.0113116
 0.650866 0.181431 0.0910049 0.0215738 0.0551249
 0.744659 0.169507 0.0446934 0.022327 0.0188128
 0.72797 0.207248 0.043106 0.0112888 0.0103873
 0.854592 0.106957 0.0293134 0.00607997 0.00305688
 0.553303 0.385433 0.0451224 0.0123068 0.00383497
 0.553883 0.261805 0.159259 0.0184546 0.00659812
 0.690745 0.173769 0.0795846 0.0483041 0.0075977
 0.835072 0.11758 0.0266947 0.0121337 0.00851943
 0.8888 0.0946964 0.0117977 0.00265384 0.00205217
 0.805002 0.173892 0.0179792 0.00223516 0.000891488
 0.754051 0.201623 0.0395597 0.00406104 0.000705956
 0.716643 0.218608 0.0531463 0.0103552 0.00124735
 0.81374 0.139287 0.0363362 0.0087312 0.00190494
 0.963705 0.0301508 0.0046045 0.00119099 0.000348458
 0.39416 0.58542 0.0169792 0.00257833 0.000861759
 0.928797 0.0288953 0.040887 0.0011816 0.000239354
 0.657668 0.319116 0.00944203 0.0133112 0.000462515
 0.67455 0.218862 0.0993933 0.0029264 0.0042678
 0.786458 0.14684 0.0449212 0.0203111 0.00146978
 0.785362 0.170504 0.0303814 0.00926228 0.00449014
 0.34406 0.521431 0.106946 0.0189753 0.00858735
 0.794349 0.0724071 0.105977 0.0216798 0.00558663
 0.675536 0.259499 0.0229089 0.0334506 0.00860526
 0.491045 0.347379 0.129288 0.0113869 0.0209012
 0.795565 0.101786 0.070106 0.0260407 0.0065026
 0.743048 0.205761 0.0255174 0.0175346 0.00813854
 0.349214 0.486741 0.131414 0.0162666 0.0163642
 0.446862 0.196424 0.266923 0.071932 0.0178592
pobs_PELACES
 0 0 0 0 0
 0 0 0 0 0
 0 0 0 0 0
 0 0 0 0 0
 0 0 0 0 0
 0 0 0 0 0
 0 0 0 0 0
 0 0 0 0 0
 0 0 0 0 0
 0 0 0 0 0
 0 0 0 0 0
 0 0 0 0 0
 0 0 0 0 0
 0 0 0 0 0
 0 0 0 0 0
 0 0 0 0 0
 0.505614 0.472636 0.0217494 0 0
 0 0 0 0 0
 0.443492 0.261883 0.143347 0.151278 0
 0.227955 0.32914 0.350689 0.0885471 0.00366901
 0.970185 0.0296113 0.000203453 0 0
 0.997202 0.00247181 0.000326279 0 0
 0.445219 0.490057 0.0546422 0.010081 0
 0.90214 0.0892962 0.00764917 0.000914606 0
 0 0 0 0 0
 0.581667 0.319106 0.0959925 0.00289975 0.000334073
 0.762889 0.0836404 0.116647 0.0363945 0.000428098
 0.88444 0.0763242 0.0277011 0.0115352 0
 0.521256 0.241999 0.230069 0.00667565 0
 0.616807 0.101726 0.260614 0.0208532 0
ppred_PELACES
 0.538298 0.129765 0.30887 0.0230667 7.09946e-07
 0.51436 0.26335 0.0625224 0.148666 0.0111023
 0.658449 0.177704 0.0889175 0.0210762 0.053853
 0.755783 0.162368 0.0426236 0.021288 0.0179372
 0.732439 0.203927 0.0423437 0.0110881 0.0102026
 0.85927 0.103595 0.0283116 0.00587129 0.00295194
 0.575219 0.366863 0.0426622 0.0116316 0.00362449
 0.557995 0.259524 0.157678 0.0182702 0.00653218
 0.704201 0.166556 0.0759252 0.0460714 0.00724642
 0.845976 0.110001 0.0248237 0.0112795 0.00791959
 0.890323 0.0934161 0.0116247 0.00261476 0.00202195
 0.814213 0.165759 0.0170614 0.00212056 0.000845767
 0.764317 0.193354 0.0377783 0.00387729 0.000674005
 0.736409 0.203706 0.0491575 0.00957424 0.00115325
 0.82456 0.131378 0.0340871 0.00818839 0.00178649
 0.96536 0.0287941 0.00438142 0.00113306 0.000331508
 0.401292 0.578574 0.0167429 0.00254214 0.000849657
 0.930843 0.0281027 0.0396752 0.00114644 0.00023223
 0.666868 0.310607 0.0091618 0.012914 0.000448709
 0.682751 0.213542 0.0967078 0.00284691 0.00415184
 0.791255 0.143639 0.0438485 0.0198237 0.00143451
 0.791446 0.165766 0.0294568 0.00897907 0.00435281
 0.349007 0.517674 0.106003 0.0188063 0.0085108
 0.797696 0.0712983 0.104199 0.0213143 0.00549243
 0.679893 0.256093 0.0225746 0.0329598 0.00847896
 0.495187 0.344687 0.128129 0.0112841 0.0207124
 0.798822 0.10024 0.0689395 0.0256054 0.00639388
 0.746059 0.203399 0.0251947 0.0173117 0.00803507
 0.35268 0.484288 0.130604 0.0161653 0.0162623
 0.453062 0.194452 0.263766 0.0710742 0.0176462
pobs_pel_tallas
 0 0 0 0 0 0 0 0 0 0 0 0 0 0 0 0 0 0 0 0 0 0 0 0 0 0
 0 0 0 0 0 0 0 0 0 0 0 0 0 0 0 0 0 0 0 0 0 0 0 0 0 0
 0 0 0 0 0 0 0 0 0 0 0 0 0 0 0 0 0 0 0 0 0 0 0 0 0 0
 0 0 0 0 0 0 0 0 0 0 0 0 0 0 0 0 0 0 0 0 0 0 0 0 0 0
 0 0 0 0 0 0 0 0 0 0 0 0 0 0 0 0 0 0 0 0 0 0 0 0 0 0
 0 0 0 0 0 0 0 0 0 0 0 0 0 0 0 0 0 0 0 0 0 0 0 0 0 0
 0 0 0 0 0 0 0 0 0 0 0 0 0 0 0 0 0 0 0 0 0 0 0 0 0 0
 0 0 0 0 0 0 0 0 0 0 0 0 0 0 0 0 0 0 0 0 0 0 0 0 0 0
 0 0 0 0 0 0 0 0 0 0 0 0 0 0 0 0 0 0 0 0 0 0 0 0 0 0
 0 0 0 0 0 0 0 0 0 0 0 0 0 0 0 0 0 0 0 0 0 0 0 0 0 0
 0 0 0 0 0 0 0 0 0 0 0 0 0 0 0 0 0 0 0 0 0 0 0 0 0 0
 0 0 0 0 0 0 0 0 0 0 0 0 0 0 0 0 0 0 0 0 0 0 0 0 0 0
 0.00862536 0 0 0.000197151 0.00414017 0.0128641 0.00837892 0.0270097 0.101434 0.158115 0.152841 0.127902 0.109271 0.109419 0.0830992 0.0579132 0.0238553 0.00714673 0.00463305 0.00128148 0.00103504 0.000492878 0.000147863 0.000147863 4.92878e-05 0
 0 0 0 0 0 0 0 0 0 0 0 0 0 0 0 0 0 0 0 0 0 0 0 0 0 0
 0 0 0 0 0 0 0 0.0054083 0.00873648 0.0413646 0.0450493 0.0745869 0.0622846 0.0627006 0.0613931 0.0827291 0.12552 0.122667 0.0946155 0.0697135 0.0546179 0.0294188 0.0215738 0.0213955 0.0102223 0.00600262
 0 0 0 0 0.00359764 0.0251062 0.0480494 0.140153 0.205849 0.193036 0.1447 0.116669 0.0760912 0.0342217 0.00950174 0.001854 0.000860785 0 0 0 0.000165536 0 0.000143464 0 0 0
 0 0 0 0 0 0 0 0.000145254 0.000435761 0.0275982 0.070085 0.0708112 0.156366 0.174668 0.174014 0.160142 0.0824315 0.0480064 0.0283245 0.00493863 0.00203355 0 0 0 0 0
 0 0 0 0 0 0 0 0 0 0 0 0 0 0 0 0 0 0 0 0 0 0 0 0 0 0
 0 0 1.00437e-05 0.000401748 0.00122533 0.00171747 0.00176769 0.0269171 0.070346 0.194647 0.189555 0.159765 0.064822 0.0314167 0.0384472 0.0292271 0.0345202 0.0313363 0.0194345 0.0106764 0.0143323 0.0359363 0.0279516 0.0138201 0.00172751 0
 0 0.0021121 0.0136068 0.0755702 0.200478 0.177729 0.0527432 0.0373336 0.0318909 0.0142505 0.0149659 0.0166563 0.0217959 0.0798694 0.0677717 0.0528807 0.04013 0.0224614 0.0357745 0.0225083 0.00881397 0.00855152 0.00135912 0.000746735 0 0
 0 0 0 0 5.4009e-05 0.00500934 0.000945158 0.0243581 0.138947 0.33067 0.221406 0.137944 0.0707744 0.0437923 0.0131692 0.00525238 0.0047753 0.00276346 9.45158e-05 9.00151e-06 2.25038e-05 9.00151e-06 4.50075e-06 0 0 0
 0.000866109 0.00284123 0.00948549 0.0512746 0.133035 0.25785 0.225252 0.132002 0.0553304 0.0519788 0.0540692 0.017754 0.00435017 0.00159236 0.00146478 0.000404838 0.000125132 0.000115318 0.000107957 0.000100596 0 0 0 0 0 0
 0 0 0 0 0.00144013 0.00171154 0.00461396 0.0210425 0.0478622 0.0707936 0.0888783 0.103762 0.0637923 0.0337046 0.0602308 0.124433 0.169614 0.0934646 0.0462172 0.0250306 0.0313229 0.00938855 0.002487 0.000210481 0 0
 0 0.00764035 0.051015 0.0998891 0.058973 0.0496711 0.0374665 0.0718981 0.12319 0.153886 0.159021 0.0857701 0.0377988 0.023471 0.0147837 0.00900784 0.00315554 0.000888139 0.00291439 0.00214683 0.00393193 0.00274676 0.000635225 9.99891e-05 0 0
 0 0 0 0 0 0 0 0 0 0 0 0 0 0 0 0 0 0 0 0 0 0 0 0 0 0
 0 0 0 0 0 0 0 0 0 0 0 0 0 0 0 0 0 0 0 0 0 0 0 0 0 0
 0 0 0 0 0 0 0 0 0 0 0 0 0 0 0 0 0 0 0 0 0 0 0 0 0 0
 0 0 0 0 0 0 0 0 0 0 0 0 0 0 0 0 0 0 0 0 0 0 0 0 0 0
 0 0 0 0 0 0 0 0 0 0 0 0 0 0 0 0 0 0 0 0 0 0 0 0 0 0
 0 0 0 0 0 0 0 0 0 0 0 0 0 0 0 0 0 0 0 0 0 0 0 0 0 0
ppred_pel_tallas
 1.1126e-16 4.43389e-05 0.00043099 0.00286408 0.0130197 0.0405092 0.0863096 0.125974 0.125987 0.0863732 0.0407239 0.0136456 0.00445698 0.00398043 0.0069963 0.0120451 0.0186228 0.0260691 0.033642 0.0408441 0.0474362 0.0530544 0.0568529 0.057656 0.0546143 0.0478474
 1.1866e-16 4.23672e-05 0.000411824 0.00273672 0.0124407 0.0387079 0.0824722 0.120376 0.120401 0.0825967 0.0391263 0.0136505 0.00577847 0.00706991 0.0127426 0.0211522 0.0308492 0.0396589 0.0454582 0.0474369 0.0466309 0.0451677 0.0447946 0.0458286 0.0471918 0.0472777
 1.13839e-16 5.42356e-05 0.00052719 0.00350336 0.0159258 0.0495511 0.105574 0.154093 0.15411 0.105659 0.0498345 0.0167459 0.00556768 0.00505302 0.00870747 0.0144636 0.0211995 0.027456 0.0317977 0.0336192 0.033495 0.0327055 0.0323219 0.0325792 0.0329246 0.0325316
 1.06442e-16 6.22529e-05 0.00060512 0.00402124 0.01828 0.0568759 0.121181 0.17687 0.176886 0.121257 0.0571335 0.0190245 0.00589213 0.0046962 0.00785272 0.0129395 0.0187689 0.0238977 0.026908 0.0271771 0.0252461 0.022422 0.0199344 0.0183088 0.0173286 0.0164319
 1.04113e-16 6.033e-05 0.000586429 0.00389703 0.0177153 0.0551191 0.117438 0.171408 0.171428 0.117534 0.0554421 0.0186485 0.00624068 0.00570669 0.00979668 0.0161324 0.0233098 0.0294762 0.0327861 0.0323952 0.0289531 0.0241339 0.0195964 0.0161902 0.0138704 0.0121356
 1.01932e-16 7.07769e-05 0.000687977 0.00457185 0.020783 0.0646636 0.137773 0.201086 0.201096 0.137822 0.0648279 0.0212578 0.00576475 0.00329571 0.00503398 0.00823804 0.0119257 0.0151339 0.0169294 0.0168792 0.0152921 0.0129801 0.0107407 0.00897111 0.00764331 0.00653265
 1.03105e-16 4.73801e-05 0.000460551 0.00306053 0.0139127 0.0432879 0.0922307 0.134621 0.134656 0.0924034 0.0438677 0.0155873 0.00726322 0.00963277 0.0174604 0.028773 0.041403 0.0519794 0.0570962 0.0551814 0.0474321 0.0370008 0.0271148 0.0195895 0.0145904 0.0113476
 1.07555e-16 4.59614e-05 0.000446761 0.00296889 0.0134961 0.0419916 0.0894686 0.130587 0.130612 0.0895918 0.042406 0.0146954 0.0059885 0.00706901 0.0127119 0.0211746 0.0310386 0.0401571 0.0463321 0.0484913 0.0472082 0.0440795 0.0405208 0.0370037 0.033208 0.028706
 1.08081e-16 5.80042e-05 0.000563821 0.00374679 0.0170324 0.0529941 0.11291 0.164799 0.164815 0.112989 0.0532595 0.0178002 0.00567906 0.00479829 0.00814856 0.0135084 0.0197612 0.0255093 0.0293724 0.03074 0.0301035 0.0286226 0.0272848 0.0263415 0.0253753 0.0237865
 1.03216e-16 6.9682e-05 0.000677334 0.00450112 0.0204614 0.0636632 0.135642 0.197975 0.197986 0.135693 0.0638375 0.0209652 0.00576665 0.00344321 0.00533225 0.00873099 0.0126333 0.0160234 0.0179202 0.0178852 0.0162787 0.0139986 0.011913 0.0104319 0.00947029 0.0087008
 1.00964e-16 7.33347e-05 0.000712839 0.00473707 0.021534 0.0670004 0.142752 0.208352 0.208361 0.142796 0.0671481 0.0219605 0.00580752 0.00304927 0.00450957 0.00733638 0.0105548 0.0132595 0.0145818 0.0141232 0.0121888 0.00957941 0.00711276 0.00524515 0.0040122 0.00321212
 1.00891e-16 6.70657e-05 0.000651903 0.00433212 0.0196932 0.061273 0.130549 0.190544 0.19056 0.130627 0.0615349 0.0204495 0.00622989 0.00479288 0.007926 0.0129824 0.0186602 0.0233907 0.0256219 0.0246347 0.0209682 0.0160562 0.0113795 0.007791 0.0054001 0.00388521
 1.01643e-16 6.29558e-05 0.000611953 0.00406664 0.0184864 0.0575181 0.122549 0.178868 0.178886 0.12264 0.0578242 0.0193706 0.00628683 0.0054609 0.00927853 0.0152563 0.0220091 0.0277532 0.0307072 0.0300362 0.0263284 0.0211659 0.0161544 0.0121778 0.0093077 0.00719328
 1.02627e-16 6.06571e-05 0.000589608 0.00391816 0.0178114 0.0554179 0.118074 0.172337 0.172357 0.118171 0.0557407 0.0187441 0.00626108 0.00570936 0.00979902 0.0161429 0.0233394 0.0295385 0.0328887 0.0325235 0.0290507 0.0240913 0.0192612 0.0154051 0.0125299 0.0102379
 1.02141e-16 6.79179e-05 0.000660187 0.00438717 0.0199435 0.0620516 0.132208 0.192964 0.192977 0.13227 0.0622598 0.0205454 0.00589931 0.0039653 0.006357 0.0104335 0.0150972 0.01914 0.0213749 0.0212499 0.0191573 0.0161325 0.0131969 0.010867 0.00911892 0.00767642
 1.00304e-16 7.95154e-05 0.000772918 0.00513631 0.0233489 0.0726472 0.154783 0.22591 0.225913 0.154796 0.0726928 0.0234805 0.00546656 0.00149395 0.00144915 0.00227059 0.00326476 0.00410873 0.00453258 0.00441336 0.00384305 0.003064 0.00232213 0.00175252 0.00136347 0.00109437
 1.0103e-16 3.3054e-05 0.000321296 0.00213513 0.00970603 0.0301994 0.064345 0.093925 0.0939807 0.0646169 0.031112 0.0123407 0.00874339 0.0147298 0.027346 0.0450213 0.0645347 0.0804862 0.0873946 0.0827328 0.0684697 0.0498211 0.0322508 0.0190195 0.0106716 0.00606343
 1.01307e-16 7.66723e-05 0.000745283 0.00495266 0.0225141 0.0700497 0.149248 0.217833 0.217836 0.149262 0.0700953 0.0226465 0.00528759 0.00148513 0.00150719 0.0024363 0.00365503 0.0049128 0.00599814 0.00679351 0.00730533 0.00759188 0.00765942 0.00743296 0.00682766 0.00584762
 1.01715e-16 5.49291e-05 0.000533931 0.00354816 0.0161294 0.0501848 0.106925 0.156067 0.156097 0.107071 0.0506749 0.0175442 0.00709694 0.00827257 0.0147275 0.024197 0.0347037 0.0433344 0.0471661 0.0448665 0.0375108 0.0278993 0.0189346 0.0123023 0.00820739 0.00595097
 1.03834e-16 5.62374e-05 0.000546647 0.00363266 0.0165136 0.05138 0.109471 0.159781 0.159802 0.109572 0.0517198 0.0174963 0.0061043 0.00595819 0.0103802 0.0171921 0.0250391 0.0320629 0.036381 0.0370797 0.0346856 0.0306757 0.0264639 0.0227023 0.0193141 0.0159898
 1.03533e-16 6.51746e-05 0.000633521 0.00420997 0.0191379 0.0595452 0.126868 0.18517 0.185184 0.126936 0.0597732 0.019797 0.00586655 0.00425679 0.00696701 0.0114691 0.0166441 0.0212042 0.0238813 0.0240939 0.0222722 0.019515 0.0168676 0.0147979 0.013184 0.01166
 1.0253e-16 6.51904e-05 0.000633674 0.00421099 0.0191425 0.0595596 0.126899 0.185216 0.185232 0.126977 0.059822 0.0199005 0.00611408 0.00479002 0.00796445 0.0130786 0.0188694 0.023805 0.02637 0.025869 0.0228317 0.0186365 0.014665 0.011649 0.00959084 0.0081093
 1.06518e-16 2.87473e-05 0.000279434 0.00185694 0.00844142 0.0262647 0.0559615 0.0816879 0.0817378 0.0562056 0.0270844 0.0108096 0.00780401 0.0132702 0.0247248 0.0408928 0.0590518 0.0745651 0.0827061 0.081273 0.0718597 0.0586905 0.0460109 0.0360912 0.0290043 0.0236975
 1.06093e-16 6.57052e-05 0.000638678 0.00424424 0.0192937 0.0600299 0.1279 0.186676 0.186683 0.127935 0.0601458 0.0196305 0.00509721 0.0025254 0.00372144 0.00623811 0.00942412 0.0127826 0.0158325 0.0183264 0.0203146 0.0219374 0.0231401 0.0235953 0.0229078 0.0209152
 1.05458e-16 5.6002e-05 0.000544359 0.00361746 0.0164445 0.0511649 0.109013 0.159113 0.159138 0.109134 0.0515697 0.0176134 0.00655127 0.00694786 0.012215 0.0201008 0.0289457 0.0364044 0.0401434 0.0391309 0.0342751 0.0278254 0.0220186 0.0180087 0.0157046 0.0143203
 1.08423e-16 4.0788e-05 0.000396474 0.00263471 0.011977 0.0372652 0.0793986 0.115892 0.115925 0.0795616 0.0378129 0.0135606 0.0066157 0.00910718 0.0166432 0.0276047 0.040123 0.0512116 0.0578294 0.0585463 0.0543235 0.0477121 0.0411613 0.035807 0.0314583 0.0273924
 1.05666e-16 6.57979e-05 0.000639579 0.00425023 0.0193209 0.0601146 0.128081 0.18694 0.18695 0.128129 0.0602751 0.0197856 0.00542133 0.00321152 0.00499588 0.00827501 0.0121971 0.0159378 0.0186979 0.0201118 0.0204222 0.0202137 0.0199325 0.0195996 0.0189052 0.0175275
 1.03876e-16 6.14519e-05 0.000597335 0.0039695 0.0180448 0.0561441 0.119622 0.174596 0.174615 0.119718 0.0564658 0.0189738 0.00630148 0.00568836 0.00973141 0.0159947 0.0230473 0.0290155 0.0320413 0.03129 0.0274545 0.0222865 0.0175373 0.014126 0.0120192 0.0106596
 1.08266e-16 2.90499e-05 0.000282375 0.00187649 0.00853026 0.0265411 0.0565502 0.0825465 0.0825933 0.0567788 0.0273089 0.0107494 0.00745154 0.0124685 0.0232187 0.0384593 0.0556793 0.070603 0.0788659 0.0784263 0.0707197 0.0595551 0.0487 0.0400768 0.0336279 0.0283616
 1.17776e-16 3.73181e-05 0.000362746 0.00241057 0.0109581 0.0340949 0.0726435 0.106029 0.106048 0.0727372 0.0344106 0.0118749 0.00473097 0.00549169 0.00996513 0.0169061 0.0255027 0.0344962 0.0425816 0.0491166 0.0543144 0.0586661 0.0621242 0.0638349 0.0626602 0.0580014
pSPR Fmed_Fpbrs
0.559019   0.236961 0.236961
Fs Fmed_Fpbrs
0.345927   1.005 1.005
SSBpbr Bo_Bmed_Bpbrs
1.70926e+06  870047  319566 319566
Ro
141063
SPR SPRFo_SPRFmed_SPRFpbrs
1.00414e+06 561333 237942
Fref
1.005
log_Ro
11.677
likeval ReclasPelacesDesembMPH_pf_preclas_ppelaces_ptallas_desvR_qrecl_qpela
 10.6797 21.7249 0.0123013 0.000849906 228.48 103.98 77.6358 0 28.7762 4.31409e-07 0 0.0538646 0 0 0
q_reclas_q_pelaces
1.09754 1
M
1
N
 165703 41749.4 99706.4 7447.52 0.229222
 96301.6 53522.3 12786.1 30413.1 2271.26
 95039.7 27822.9 14007.8 3321.38 8486.79
 110737 27516.8 7303.63 3649.89 3075.48
 90127.9 26539.4 5534.14 1449.5 1333.76
 212257 28113.9 7738.24 1605.38 807.161
 74343 59194.5 7000.44 1910.36 595.311
 29374.9 14228.6 8671.48 1004.93 359.298
 34713.4 9588.36 4422.61 2685.34 422.382
 50906.9 8086.7 1852.82 842.583 591.62
 95237.2 10385.3 1296.12 291.586 225.48
 132353 31276.9 3255.89 404.92 161.504
 107939 31388.5 6197.93 636.472 110.644
 74466.1 26344.2 6476.94 1262.76 152.111
 69575.9 13275.3 3491.79 839.412 183.144
 447562 15053.3 2311.52 598.068 174.985
 74407 115597 3364.16 510.951 170.778
 674763 21968.8 31193.3 901.631 182.642
 384992 198756 5908.51 8331.81 289.504
 304954 104601 47703.8 1404.84 2048.82
 438776 85489.6 26237.6 11865.4 858.627
 571752 131068 23451 7151.01 3466.68
 102972 161225 33149.2 5882.41 2662.12
 343998 32303.3 47386.8 9695.11 2498.33
 276496 109421 9681.67 14138.4 3637.18
 121307 87945.9 32792.8 2888.47 5301.96
 300448 39586.1 27326.1 10151.4 2534.92
 337666 95739.9 11894.4 8174.17 3794
 77628 110674 29932 3705.37 3727.61
 56102.1 25568.6 34841 9390.51 2331.49
pred_Ctot
 12914.1 4487.06 10934.1 817.591 0.0251655
 13326.2 10036.8 2443.31 5817.48 434.475
 13046.9 5177.63 2656.38 630.485 1611.1
 25257.6 8276.56 2234.1 1117.46 941.641
 8781.45 3546.16 754.195 197.746 181.967
 33198.9 5927.13 1661.78 345.093 173.516
 23757.2 24219.7 2906.72 793.836 247.387
 2113.55 1414.2 879.52 102.037 36.4838
 8350.45 3029.78 1420.8 863.446 135.819
 15030 3081.59 716.924 326.291 229.115
 6519.03 982.966 125.199 28.1962 21.805
 30803.4 9585.37 1014.66 126.301 50.3779
 23738.9 9126.67 1833.08 188.411 32.7548
 25706.3 11544 2878.5 561.618 67.655
 18906 4691.62 1253.72 301.642 65.8157
 86737.8 3888.17 607.658 157.369 46.0458
 9453.49 19969 592.344 90.0568 30.1017
 86566.1 3830.67 5543.79 160.404 32.4945
 65213.6 45204.3 1368.43 1931.53 67.118
 46898 21699.9 10081.1 297.173 433.419
 53039.6 14076.2 4403.95 1993.62 144.274
 86232 26689.7 4864.85 1484.92 719.902
 9709.83 20867.8 4376.36 777.414 351.843
 29783.6 3847.48 5757.77 1179.26 303.901
 23945.8 13036.1 1176.7 1720.19 442.551
 8745.66 8758.28 3332.6 293.86 539.428
 25711.2 4661.54 3282.77 1220.82 304.869
 23496.5 9208.99 1167.58 803.26 372.85
 5182.82 10222.2 2821.52 349.663 351.782
 5830.07 3637.06 5054.05 1363.61 338.579
F
 0.130096 0.183324 0.187358 0.187575 0.187587
 0.241626 0.340486 0.347979 0.348383 0.348404
 0.239499 0.337489 0.344916 0.345316 0.345337
 0.428529 0.60386 0.61715 0.617865 0.617903
 0.164964 0.232458 0.237574 0.23785 0.237864
 0.276971 0.390293 0.398883 0.399345 0.39937
 0.653437 0.920789 0.941053 0.942145 0.942202
 0.119592 0.168523 0.172231 0.172431 0.172442
 0.456903 0.643843 0.658013 0.658776 0.658816
 0.589607 0.830843 0.849128 0.850113 0.850165
 0.11349 0.159924 0.163444 0.163634 0.163644
 0.439036 0.618665 0.632281 0.633014 0.633053
 0.410314 0.578192 0.590917 0.591602 0.591638
 0.724436 1.02084 1.0433 1.04451 1.04458
 0.530819 0.748001 0.764463 0.76535 0.765397
 0.353704 0.49842 0.509389 0.50998 0.510011
 0.219927 0.309909 0.31673 0.317097 0.317116
 0.222283 0.313229 0.320123 0.320494 0.320513
 0.303069 0.427068 0.436467 0.436973 0.437
 0.271767 0.382959 0.391388 0.391841 0.391865
 0.20827 0.293483 0.299942 0.30029 0.300308
 0.265906 0.3747 0.382946 0.38339 0.383414
 0.159286 0.224457 0.229396 0.229663 0.229677
 0.145432 0.204935 0.209445 0.209688 0.209701
 0.145475 0.204995 0.209507 0.20975 0.209763
 0.119845 0.168878 0.172595 0.172795 0.172806
 0.14364 0.20241 0.206864 0.207104 0.207117
 0.115464 0.162706 0.166287 0.16648 0.16649
 0.110563 0.1558 0.159228 0.159413 0.159423
 0.176789 0.249121 0.254604 0.254899 0.254915
nmprior
 8 8 7 0
nm_flota  nm_reclas  nm_pelaces    nm_pelaL
inf 14.1381 13.5685 22.8579
cv_recla  cv_pelaces  cv_mph
0.302556 0.548459 0.899686
 ------------------------------------------------
Talla a la edad & desviación 
 8 13.2811 15.8009 17.003 17.5766
 0.8 1.32811 1.58009 1.7003 1.75766
