years
 1991 1992 1993 1994 1995 1996 1997 1998 1999 2000 2001 2002 2003 2004 2005 2006 2007 2008 2009 2010 2011 2012 2013 2014 2015 2016 2017 2018 2019 2020
reclasobs
 0 0 0 0 0 0 0 0 0 252601 567819 844713 477998 351125 339783 2.1784e+06 2.13404e+06 4.81314e+06 1.55562e+06 2.62356e+06 3.21686e+06 3.843e+06 1.13348e+06 3.07943e+06 1.97215e+06 2.03268e+06 2.025e+06 2.42433e+06 2.27542e+06 1.05018e+06
reclaspred
 3.34528e+06 1.91278e+06 974377 1.0316e+06 1.06963e+06 1.63265e+06 1.12625e+06 1.01854e+06 740850 545769 542877 657156 651376 530057 533985 1.20797e+06 1.2427e+06 2.57933e+06 2.16851e+06 1.66491e+06 2.94812e+06 2.36994e+06 1.93193e+06 2.96055e+06 2.22831e+06 1.97686e+06 2.31675e+06 2.3859e+06 1.9868e+06 1.31985e+06
pelacesobs
 0 0 0 0 0 0 0 0 0 0 0 0 0 0 0 552880 188675 0 991730 2.46772e+06 1.41603e+06 1.21717e+06 2.29649e+06 1.80582e+06 0 1.4828e+06 1.56532e+06 1.57751e+06 1.42118e+06 867257
pelacespred
 2.34575e+06 1.50922e+06 779680 609249 655434 987806 725478 736132 545730 382614 367457 374648 405095 349857 347140 619754 708798 1.52131e+06 1.43598e+06 1.05715e+06 1.68085e+06 1.55246e+06 1.29401e+06 1.97162e+06 1.56103e+06 1.37209e+06 1.70484e+06 1.7344e+06 1.31744e+06 994485
mphobs
 0 0 0 0 0 0 0 0 0 0 0 498337 0 5186 125008 0 168611 109162 213762 579715 649985 157893 87575 83554 0 0 0 0 0 0
mphpred
 505548 339979 174088 94953 113800 130435 171180 119286 103124 73189.5 48790.4 63551.1 67453.4 58818.5 42946.3 52346 140714 143501 256600 201984 221576 271285 254914 214952 297199 243970 202345 213648 286857 199976
desembarqueobs
 494567 514787 250237 358949 120608 361735 552515 73892 212993 205616 52469 317467 293654 387597 252695 516296 358380 742168 942051 627588 828172 859565 418607 520667 417249 300574 407403 355545 319650 289779
desembarquepred
 494573 513116 251140 358967 120611 361748 552569 73894.9 213032 205653 52471 317531 293709 387662 252704 516297 358411 742119 941970 627526 828246 859621 418623 520690 417256 300581 407410 355542 319653 289792
Reclutas
 240345 139842 137451 279843 224818 357627 151978 73434.9 64723.3 82602.3 145434 181683 153668 107813 110792 545062 140027 829608 507099 392380 578569 761417 171905 502020 412073 191556 420343 453969 140686 115007
log_desv_Rt
 0.0675111 -0.474053 -0.491294 0.219664 0.000725751 0.464926 -0.390827 -1.11817 -1.24444 -1.00053 -0.434843 -0.212303 -0.37977 -0.734162 -0.706913 0.886334 -0.47273 1.30639 0.814141 0.557667 0.945992 1.22062 -0.267623 0.804075 0.606636 -0.159383 0.626507 0.703464 -0.468037 -0.669574
SSB
 4.59797e+06 3.09212e+06 1.58334e+06 863601 1.03501e+06 1.18631e+06 1.55688e+06 1.08491e+06 937919 665661 443750 577999 613491 534956 390597 476088 1.2798e+06 1.30514e+06 2.33378e+06 1.83705e+06 2.01524e+06 2.46734e+06 2.31845e+06 1.95499e+06 2.70303e+06 2.21891e+06 1.84033e+06 1.94313e+06 2.60897e+06 1.81879e+06
BT
 6.053e+06 4.13185e+06 2.12627e+06 1.91805e+06 1.79082e+06 2.99828e+06 2.3131e+06 1.96559e+06 1.59929e+06 1.18316e+06 1.03512e+06 1.27581e+06 1.35312e+06 1.35508e+06 1.2239e+06 2.21999e+06 2.12042e+06 4.98051e+06 4.73874e+06 3.29982e+06 5.26973e+06 4.90908e+06 3.65753e+06 5.95181e+06 4.38713e+06 3.79393e+06 5.10038e+06 5.13116e+06 3.53327e+06 2.74562e+06
Ftot
 0.0924366 0.166004 0.160336 0.224664 0.0725199 0.14456 0.303574 0.0464176 0.182579 0.237736 0.0639629 0.308328 0.287411 0.461244 0.308937 0.285437 0.18234 0.190937 0.276225 0.240553 0.181896 0.233212 0.136532 0.116229 0.119601 0.096872 0.115713 0.0986126 0.100355 0.138176
BD_Bspro_t
 0.985319 0.889706 0.768784 0.69687 0.704408 0.766127 0.75938 0.64244 0.689236 0.658546 0.630719 0.763302 0.659903 0.581658 0.488939 0.538351 0.663584 0.65549 0.721505 0.641403 0.619671 0.663019 0.675047 0.674009 0.764558 0.770598 0.778198 0.807101 0.839434 0.787404
BD_Bspro
 2.87521 1.93357 0.990092 0.540027 0.647213 0.741821 0.973551 0.678414 0.5865 0.416251 0.277486 0.361434 0.383628 0.334518 0.244248 0.297707 0.800282 0.816133 1.45936 1.14874 1.26017 1.54288 1.44977 1.2225 1.69026 1.38753 1.1508 1.21508 1.63144 1.13733
BD_Bo
 1.92598 1.29521 0.66322 0.361741 0.43354 0.496914 0.65214 0.454441 0.392871 0.278829 0.185876 0.242109 0.256976 0.22408 0.163612 0.199421 0.536075 0.546693 0.977564 0.769495 0.844135 1.03351 0.971142 0.818897 1.13223 0.929447 0.77087 0.81393 1.09283 0.761847
BD_Brms
 13.2433 8.90609 4.56041 2.48739 2.98109 3.41686 4.48422 3.12481 2.70144 1.91727 1.27811 1.66478 1.76701 1.54081 1.12502 1.37125 3.68613 3.75915 6.72188 5.29117 5.8044 7.10658 6.67772 5.63087 7.78542 6.39102 5.30063 5.59671 7.5145 5.23858
Sel_flota
 0.876814 1 1 1 1
 0.876814 1 1 1 1
 0.876814 1 1 1 1
 0.876814 1 1 1 1
 0.876814 1 1 1 1
 0.876814 1 1 1 1
 0.876814 1 1 1 1
 0.876814 1 1 1 1
 0.876814 1 1 1 1
 0.876814 1 1 1 1
 0.876814 1 1 1 1
 0.876814 1 1 1 1
 0.876814 1 1 1 1
 0.876814 1 1 1 1
 0.876814 1 1 1 1
 0.876814 1 1 1 1
 0.876814 1 1 1 1
 0.876814 1 1 1 1
 0.876814 1 1 1 1
 0.876814 1 1 1 1
 0.876814 1 1 1 1
 0.876814 1 1 1 1
 0.876814 1 1 1 1
 0.876814 1 1 1 1
 0.876814 1 1 1 1
 0.876814 1 1 1 1
 0.876814 1 1 1 1
 0.876814 1 1 1 1
 0.876814 1 1 1 1
 0.876814 1 1 1 1
Sel_reclas
 1 1 1 1 1
 1 1 1 1 1
 1 1 1 1 1
 1 1 1 1 1
 1 1 1 1 1
 1 1 1 1 1
 1 1 1 1 1
 1 1 1 1 1
 1 1 1 1 1
 1 1 1 1 1
 1 1 1 1 1
 1 1 1 1 1
 1 1 1 1 1
 1 1 1 1 1
 1 1 1 1 1
 1 1 1 1 1
 1 1 1 1 1
 1 1 1 1 1
 1 1 1 1 1
 1 1 1 1 1
 1 1 1 1 1
 1 1 1 1 1
 1 1 1 1 1
 1 1 1 1 1
 1 1 1 1 1
 1 1 1 1 1
 1 1 1 1 1
 1 1 1 1 1
 1 1 1 1 1
 1 1 1 1 1
Sel_pelaces
 0.73798 0.9341 0.986175 0.997222 0.999447
 0.73798 0.9341 0.986175 0.997222 0.999447
 0.73798 0.9341 0.986175 0.997222 0.999447
 0.73798 0.9341 0.986175 0.997222 0.999447
 0.73798 0.9341 0.986175 0.997222 0.999447
 0.73798 0.9341 0.986175 0.997222 0.999447
 0.73798 0.9341 0.986175 0.997222 0.999447
 0.73798 0.9341 0.986175 0.997222 0.999447
 0.73798 0.9341 0.986175 0.997222 0.999447
 0.73798 0.9341 0.986175 0.997222 0.999447
 0.73798 0.9341 0.986175 0.997222 0.999447
 0.73798 0.9341 0.986175 0.997222 0.999447
 0.73798 0.9341 0.986175 0.997222 0.999447
 0.73798 0.9341 0.986175 0.997222 0.999447
 0.73798 0.9341 0.986175 0.997222 0.999447
 0.73798 0.9341 0.986175 0.997222 0.999447
 0.73798 0.9341 0.986175 0.997222 0.999447
 0.73798 0.9341 0.986175 0.997222 0.999447
 0.73798 0.9341 0.986175 0.997222 0.999447
 0.73798 0.9341 0.986175 0.997222 0.999447
 0.73798 0.9341 0.986175 0.997222 0.999447
 0.73798 0.9341 0.986175 0.997222 0.999447
 0.73798 0.9341 0.986175 0.997222 0.999447
 0.73798 0.9341 0.986175 0.997222 0.999447
 0.73798 0.9341 0.986175 0.997222 0.999447
 0.73798 0.9341 0.986175 0.997222 0.999447
 0.73798 0.9341 0.986175 0.997222 0.999447
 0.73798 0.9341 0.986175 0.997222 0.999447
 0.73798 0.9341 0.986175 0.997222 0.999447
 0.73798 0.9341 0.986175 0.997222 0.999447
pf_obs 
 0.8446 0.082 0.0669 0.0065 0
 0.8095 0.147 0.0364 0.0071 0
 0.9664 0.0169 0.016 0.0007 0
 0.9276 0.0648 0.0075 0.0001 0
 0.7033 0.2144 0.0806 0.0017 0
 0.9318 0.0425 0.0243 0.0014 0
 0.5671 0.3108 0.0964 0.0239 0.0018
 0.0768 0.2599 0.5324 0.112 0.0189
 0.490249 0.384438 0.106611 0.0170017 0.00170017
 0.7925 0.1577 0.0466 0.003 0.0002
 0.840416 0.127587 0.0312969 0.00059994 9.999e-05
 0.8084 0.0986 0.0794 0.0134 0.0002
 0.7335 0.1905 0.0724 0.0035 0.0001
 0.4001 0.4547 0.1325 0.0127 0
 0.49795 0.308269 0.164784 0.0264974 0.00249975
 0.9179 0.0499 0.0305 0.0017 0
 0.2467 0.6533 0.0926 0.0074 0
 0.9418 0.0223 0.034 0.0019 0
 0.707729 0.231977 0.0356964 0.0245975 0
 0.517169 0.277429 0.184464 0.0207286 0.00020938
 0.811772 0.124168 0.05621 0.00726502 0.000585176
 0.764997 0.148141 0.077277 0.00933861 0.000247198
 0.163321 0.427699 0.378323 0.0303852 0.000271297
 0.753843 0.0900009 0.118128 0.0371064 0.000921714
 0.721811 0.176058 0.0630433 0.0369309 0.00215725
 0.143369 0.312575 0.442814 0.0836902 0.0175525
 0.692698 0.0596174 0.167031 0.0765114 0.00414204
 0.394062 0.376323 0.152708 0.0712218 0.00568511
 0.125707 0.32114 0.495352 0.0537591 0.00404204
 0.23352 0.215282 0.420074 0.123614 0.00750983
pf_pred 
 0.429993 0.108618 0.438133 0.0232551 7.40402e-07
 0.413077 0.27241 0.0599322 0.241749 0.0128319
 0.550459 0.201517 0.115116 0.0253263 0.107582
 0.767819 0.13596 0.0431333 0.0246397 0.0284479
 0.649887 0.277694 0.0424065 0.0134535 0.0165583
 0.734659 0.180517 0.0672786 0.0102741 0.00727112
 0.470472 0.403186 0.0859532 0.0320347 0.00835413
 0.433974 0.288079 0.21163 0.0451164 0.0211999
 0.507837 0.230005 0.133426 0.0980177 0.0307147
 0.662701 0.18347 0.0718899 0.0417033 0.0402364
 0.782845 0.150958 0.036007 0.0141088 0.0160811
 0.720185 0.225276 0.0379137 0.00904328 0.00758231
 0.667764 0.249251 0.0668103 0.0112441 0.00493067
 0.606448 0.275784 0.0883524 0.0236823 0.00573349
 0.706275 0.189567 0.0729891 0.0233834 0.00778521
 0.919962 0.0590098 0.0135715 0.00522544 0.00223142
 0.424778 0.535247 0.029472 0.00677818 0.00372427
 0.885094 0.0529134 0.0576842 0.00317623 0.00113186
 0.610844 0.349883 0.018085 0.0197156 0.00147244
 0.605787 0.25478 0.125362 0.00647979 0.00759159
 0.737269 0.168359 0.0609921 0.0300105 0.00336856
 0.739896 0.198808 0.0392789 0.0142297 0.00778747
 0.337824 0.508203 0.117688 0.0232519 0.0130335
 0.744969 0.0943988 0.123281 0.0285491 0.00880218
 0.626795 0.287603 0.0316852 0.0413796 0.0125371
 0.448978 0.363101 0.144818 0.0159546 0.0271489
 0.734652 0.128277 0.0903245 0.0360247 0.0107224
 0.68543 0.239392 0.0363436 0.0255908 0.0132444
 0.366431 0.4527 0.137643 0.0208965 0.0223292
 0.460988 0.215172 0.231391 0.0703545 0.0220942
pobs_RECLAS
 0 0 0 0 0
 0 0 0 0 0
 0 0 0 0 0
 0 0 0 0 0
 0 0 0 0 0
 0 0 0 0 0
 0 0 0 0 0
 0 0 0 0 0
 0 0 0 0 0
 0 0 0 0 0
 0.991045 0.00858322 0.000360255 1.14367e-05 0
 0.934742 0.0480273 0.0164251 0.00080598 0
 0.827803 0.169806 0.00239088 0 0
 0.941827 0.0461693 0.0120037 0 0
 0.791401 0.0380133 0.147996 0.0225897 0
 0.846168 0.0940531 0.0597789 0 0
 0.134021 0.677848 0.182769 0.00536245 0
 0.80878 0.0450904 0.141981 0.00414843 0
 0.846168 0.0940531 0.0597789 0 0
 0.905697 0.0802665 0.012482 0.00150086 5.37128e-05
 0.989698 0.0102097 9.19794e-05 0 0
 0.975433 0.0193895 0.00387452 0.00125025 5.28907e-05
 0.303575 0.632131 0.0575291 0.00676475 0
 0.966965 0.00978017 0.0227588 0.000495775 0
 0.843318 0.132988 0.00938335 0.0141283 0.000182051
 0.564624 0.303363 0.111486 0.0197234 0.00080311
 0.826376 0.0876187 0.0782897 0.00655872 0.00115652
 0.89761 0.0855135 0.0140674 0.00269457 0.000114338
 0.34875 0.467042 0.161289 0.0227151 0.000203297
 0.318654 0.224769 0.449479 0.00709798 0
ppred_RECLAS
 0.462717 0.102382 0.41298 0.02192 6.97895e-07
 0.445746 0.257248 0.0565963 0.228293 0.0121176
 0.583179 0.18685 0.106737 0.0234829 0.0997511
 0.790878 0.122457 0.0388496 0.0221927 0.0256227
 0.679349 0.254326 0.038838 0.0123214 0.0151649
 0.759785 0.163423 0.0609078 0.00930118 0.0065826
 0.504277 0.377446 0.0804659 0.0299896 0.00782081
 0.466623 0.271463 0.199423 0.042514 0.019977
 0.541146 0.214438 0.124395 0.0913839 0.028636
 0.692051 0.167505 0.0656344 0.0380744 0.0367352
 0.804469 0.135926 0.0324214 0.0127039 0.0144798
 0.746647 0.203971 0.0343281 0.00818805 0.00686524
 0.69703 0.227295 0.060925 0.0102536 0.00449632
 0.638862 0.25307 0.0810755 0.0217318 0.00526126
 0.733568 0.171952 0.0662069 0.0212106 0.0070618
 0.929361 0.0520804 0.0119778 0.00461183 0.00196939
 0.457705 0.504609 0.0277849 0.00639018 0.00351109
 0.89801 0.046966 0.0512006 0.00281922 0.00100464
 0.642401 0.321511 0.0166184 0.0181168 0.00135304
 0.637389 0.234356 0.115312 0.00596033 0.00698301
 0.762316 0.152309 0.0551775 0.0271495 0.00304743
 0.7649 0.179696 0.0355029 0.0128618 0.00703884
 0.368188 0.484899 0.112292 0.0221857 0.0124358
 0.769362 0.0853697 0.111489 0.0258184 0.00796027
 0.657301 0.264094 0.0290953 0.0379972 0.0115123
 0.481938 0.341381 0.136155 0.0150002 0.0255249
 0.759712 0.116162 0.0817938 0.0326223 0.00970969
 0.713283 0.218195 0.0331256 0.0233249 0.0120717
 0.397715 0.430347 0.130847 0.0198647 0.0212266
 0.494167 0.201927 0.217148 0.0660239 0.0207342
pobs_PELACES
 0 0 0 0 0
 0 0 0 0 0
 0 0 0 0 0
 0 0 0 0 0
 0 0 0 0 0
 0 0 0 0 0
 0 0 0 0 0
 0 0 0 0 0
 0 0 0 0 0
 0 0 0 0 0
 0 0 0 0 0
 0 0 0 0 0
 0 0 0 0 0
 0 0 0 0 0
 0 0 0 0 0
 0 0 0 0 0
 0.505614 0.472636 0.0217494 0 0
 0 0 0 0 0
 0.443492 0.261883 0.143347 0.151278 0
 0.227955 0.32914 0.350689 0.0885471 0.00366901
 0.970185 0.0296113 0.000203453 0 0
 0.997202 0.00247181 0.000326279 0 0
 0.445219 0.490057 0.0546422 0.010081 0
 0.90214 0.0892962 0.00764917 0.000914606 0
 0 0 0 0 0
 0.581667 0.319106 0.0959925 0.00289975 0.000334073
 0.762889 0.0836404 0.116647 0.0363945 0.000428098
 0.88444 0.0763242 0.0277011 0.0115352 0
 0.521256 0.241999 0.230069 0.00667565 0
 0.616807 0.101726 0.260614 0.0208532 0
ppred_PELACES
 0.395102 0.110239 0.469461 0.0251971 8.0402e-07
 0.381957 0.277138 0.0643716 0.262565 0.0139679
 0.518106 0.20875 0.125896 0.0280083 0.119239
 0.746101 0.144896 0.0485309 0.0280336 0.0324386
 0.623748 0.294697 0.0475119 0.015242 0.0188014
 0.71161 0.192603 0.0757846 0.0117027 0.00830064
 0.445133 0.416547 0.0937524 0.0353328 0.00923479
 0.402291 0.295674 0.229319 0.049435 0.023281
 0.476095 0.237032 0.145168 0.107838 0.0338675
 0.635421 0.192798 0.0797566 0.046785 0.0452401
 0.761834 0.162507 0.0409226 0.0162145 0.0185224
 0.699751 0.238947 0.0424565 0.0102403 0.00860509
 0.644462 0.262911 0.0744005 0.0126618 0.00556473
 0.583234 0.287 0.0970715 0.0263109 0.00638408
 0.683267 0.200195 0.0813783 0.0263631 0.00879683
 0.911908 0.0639367 0.0155244 0.00604433 0.00258687
 0.400847 0.555236 0.032277 0.00750645 0.00413362
 0.871838 0.0572685 0.0659126 0.00366996 0.00131072
 0.587855 0.36824 0.020095 0.0221522 0.0016581
 0.57888 0.266785 0.138587 0.00724361 0.0085054
 0.71419 0.179284 0.0685707 0.0341175 0.00383809
 0.718986 0.211781 0.0441746 0.0161825 0.00887595
 0.313527 0.519751 0.127073 0.0253872 0.0142621
 0.718596 0.100451 0.138498 0.0324324 0.0100218
 0.600132 0.303723 0.0353267 0.046652 0.014166
 0.419734 0.374853 0.15784 0.017584 0.0299883
 0.708814 0.136538 0.101501 0.0409357 0.0122113
 0.660372 0.254671 0.0408186 0.0290639 0.0150754
 0.340011 0.463784 0.148875 0.0228548 0.0244762
 0.428399 0.220333 0.250151 0.0769103 0.0242069
pobs_pel_tallas
 0 0 0 0 0 0 0 0 0 0 0 0 0 0 0 0 0 0 0 0 0 0 0 0 0 0
 0 0 0 0 0 0 0 0 0 0 0 0 0 0 0 0 0 0 0 0 0 0 0 0 0 0
 0 0 0 0 0 0 0 0 0 0 0 0 0 0 0 0 0 0 0 0 0 0 0 0 0 0
 0 0 0 0 0 0 0 0 0 0 0 0 0 0 0 0 0 0 0 0 0 0 0 0 0 0
 0 0 0 0 0 0 0 0 0 0 0 0 0 0 0 0 0 0 0 0 0 0 0 0 0 0
 0 0 0 0 0 0 0 0 0 0 0 0 0 0 0 0 0 0 0 0 0 0 0 0 0 0
 0 0 0 0 0 0 0 0 0 0 0 0 0 0 0 0 0 0 0 0 0 0 0 0 0 0
 0 0 0 0 0 0 0 0 0 0 0 0 0 0 0 0 0 0 0 0 0 0 0 0 0 0
 0 0 0 0 0 0 0 0 0 0 0 0 0 0 0 0 0 0 0 0 0 0 0 0 0 0
 0 0 0 0 0 0 0 0 0 0 0 0 0 0 0 0 0 0 0 0 0 0 0 0 0 0
 0 0 0 0 0 0 0 0 0 0 0 0 0 0 0 0 0 0 0 0 0 0 0 0 0 0
 0 0 0 0 0 0 0 0 0 0 0 0 0 0 0 0 0 0 0 0 0 0 0 0 0 0
 0.00862536 0 0 0.000197151 0.00414017 0.0128641 0.00837892 0.0270097 0.101434 0.158115 0.152841 0.127902 0.109271 0.109419 0.0830992 0.0579132 0.0238553 0.00714673 0.00463305 0.00128148 0.00103504 0.000492878 0.000147863 0.000147863 4.92878e-05 0
 0 0 0 0 0 0 0 0 0 0 0 0 0 0 0 0 0 0 0 0 0 0 0 0 0 0
 0 0 0 0 0 0 0 0.0054083 0.00873648 0.0413646 0.0450493 0.0745869 0.0622846 0.0627006 0.0613931 0.0827291 0.12552 0.122667 0.0946155 0.0697135 0.0546179 0.0294188 0.0215738 0.0213955 0.0102223 0.00600262
 0 0 0 0 0.00359764 0.0251062 0.0480494 0.140153 0.205849 0.193036 0.1447 0.116669 0.0760912 0.0342217 0.00950174 0.001854 0.000860785 0 0 0 0.000165536 0 0.000143464 0 0 0
 0 0 0 0 0 0 0 0.000145254 0.000435761 0.0275982 0.070085 0.0708112 0.156366 0.174668 0.174014 0.160142 0.0824315 0.0480064 0.0283245 0.00493863 0.00203355 0 0 0 0 0
 0 0 0 0 0 0 0 0 0 0 0 0 0 0 0 0 0 0 0 0 0 0 0 0 0 0
 0 0 1.00437e-05 0.000401748 0.00122533 0.00171747 0.00176769 0.0269171 0.070346 0.194647 0.189555 0.159765 0.064822 0.0314167 0.0384472 0.0292271 0.0345202 0.0313363 0.0194345 0.0106764 0.0143323 0.0359363 0.0279516 0.0138201 0.00172751 0
 0 0.0021121 0.0136068 0.0755702 0.200478 0.177729 0.0527432 0.0373336 0.0318909 0.0142505 0.0149659 0.0166563 0.0217959 0.0798694 0.0677717 0.0528807 0.04013 0.0224614 0.0357745 0.0225083 0.00881397 0.00855152 0.00135912 0.000746735 0 0
 0 0 0 0 5.4009e-05 0.00500934 0.000945158 0.0243581 0.138947 0.33067 0.221406 0.137944 0.0707744 0.0437923 0.0131692 0.00525238 0.0047753 0.00276346 9.45158e-05 9.00151e-06 2.25038e-05 9.00151e-06 4.50075e-06 0 0 0
 0.000866109 0.00284123 0.00948549 0.0512746 0.133035 0.25785 0.225252 0.132002 0.0553304 0.0519788 0.0540692 0.017754 0.00435017 0.00159236 0.00146478 0.000404838 0.000125132 0.000115318 0.000107957 0.000100596 0 0 0 0 0 0
 0 0 0 0 0.00144013 0.00171154 0.00461396 0.0210425 0.0478622 0.0707936 0.0888783 0.103762 0.0637923 0.0337046 0.0602308 0.124433 0.169614 0.0934646 0.0462172 0.0250306 0.0313229 0.00938855 0.002487 0.000210481 0 0
 0 0.00764035 0.051015 0.0998891 0.058973 0.0496711 0.0374665 0.0718981 0.12319 0.153886 0.159021 0.0857701 0.0377988 0.023471 0.0147837 0.00900784 0.00315554 0.000888139 0.00291439 0.00214683 0.00393193 0.00274676 0.000635225 9.99891e-05 0 0
 0 0 0 0 0 0 0 0 0 0 0 0 0 0 0 0 0 0 0 0 0 0 0 0 0 0
 0 0 0 0 0 0 0 0 0 0 0 0 0 0 0 0 0 0 0 0 0 0 0 0 0 0
 0 0 0 0 0 0 0 0 0 0 0 0 0 0 0 0 0 0 0 0 0 0 0 0 0 0
 0 0 0 0 0 0 0 0 0 0 0 0 0 0 0 0 0 0 0 0 0 0 0 0 0 0
 0 0 0 0 0 0 0 0 0 0 0 0 0 0 0 0 0 0 0 0 0 0 0 0 0 0
 0 0 0 0 0 0 0 0 0 0 0 0 0 0 0 0 0 0 0 0 0 0 0 0 0 0
ppred_pel_tallas
 1.16103e-16 3.2544e-05 0.00031634 0.00210219 0.00955625 0.0297331 0.0633499 0.0924635 0.0924748 0.0634057 0.0299222 0.0101114 0.00352969 0.00354467 0.00649145 0.0115327 0.0185897 0.0274871 0.0379091 0.0494604 0.0614602 0.0725579 0.0806541 0.0835087 0.0798128 0.0699936
 1.30624e-16 3.14614e-05 0.000305816 0.00203226 0.00923836 0.0287441 0.0612433 0.0893921 0.0894189 0.0613746 0.0291852 0.0105143 0.00524276 0.0073416 0.0134785 0.0224703 0.0329662 0.0428281 0.0500215 0.0539238 0.0558079 0.0579313 0.0618712 0.0673772 0.072504 0.0747555
 1.26674e-16 4.26758e-05 0.000414824 0.00275665 0.0125313 0.0389898 0.0830725 0.121251 0.121271 0.0831718 0.0393236 0.0134981 0.00519261 0.00576367 0.0102944 0.0172018 0.0253809 0.0332367 0.0392155 0.0427422 0.0445858 0.0462458 0.0488282 0.0522936 0.0555498 0.057145
 1.09739e-16 6.14554e-05 0.000597368 0.00396972 0.0180458 0.0561472 0.119628 0.174604 0.174618 0.119697 0.0563776 0.0187119 0.00564477 0.00426428 0.00705662 0.0116526 0.0169842 0.0218067 0.0249145 0.025809 0.0250041 0.0236443 0.0227338 0.0225798 0.0227871 0.0226608
 1.06157e-16 5.13773e-05 0.000499406 0.00331873 0.0150865 0.0469398 0.100011 0.145975 0.146004 0.10015 0.0474061 0.0164336 0.00670084 0.00788524 0.0140866 0.0232291 0.0335131 0.0422685 0.0468155 0.045941 0.0406248 0.033362 0.0266422 0.0217646 0.0186803 0.0166103
 1.04815e-16 5.86144e-05 0.000569753 0.00378621 0.0172116 0.0535517 0.114098 0.166533 0.166552 0.114189 0.0538579 0.018097 0.0060125 0.00544234 0.00934943 0.0154602 0.022491 0.0287557 0.0325634 0.0331192 0.0309512 0.027458 0.0239669 0.0210685 0.0186255 0.0162305
 1.07919e-16 3.66651e-05 0.000356398 0.00236839 0.0107664 0.0334984 0.0713734 0.10418 0.10422 0.0715699 0.0341584 0.0126735 0.00715873 0.0108242 0.0199481 0.0330026 0.0477336 0.0604437 0.0673829 0.0668283 0.0600815 0.050505 0.0414072 0.034447 0.0294928 0.0255426
 1.15591e-16 3.31363e-05 0.000322096 0.00214044 0.00973017 0.0302743 0.0645037 0.094151 0.0941798 0.0646446 0.0307483 0.0111032 0.00560189 0.00792832 0.0146255 0.0245112 0.0362088 0.0474319 0.0558305 0.0602832 0.0614129 0.0608198 0.0597152 0.0581393 0.0552785 0.0503823
 1.20796e-16 3.92154e-05 0.000381187 0.00253312 0.0115152 0.0358283 0.0763368 0.111421 0.111444 0.0764496 0.0362076 0.0126137 0.00530145 0.00646132 0.0116967 0.0195695 0.0288937 0.0378626 0.0446873 0.0486447 0.0504747 0.0516875 0.0533341 0.0552502 0.0562728 0.0550942
 1.14699e-16 5.23388e-05 0.000508752 0.00338083 0.0153688 0.0478181 0.101882 0.148704 0.148723 0.101974 0.0481252 0.0162571 0.00561605 0.00540649 0.00940888 0.0156195 0.0228526 0.0295176 0.0340555 0.0358289 0.0355068 0.0345398 0.0341399 0.0345683 0.0351742 0.0349716
 1.05984e-16 6.27513e-05 0.000609965 0.00405343 0.0184263 0.0573312 0.122151 0.178286 0.178302 0.122227 0.0575889 0.0191711 0.00592487 0.00470143 0.0078515 0.0129301 0.0187392 0.0238245 0.0267561 0.026901 0.024798 0.0217645 0.0190558 0.0172343 0.0161224 0.0151871
 1.0377e-16 5.76376e-05 0.000560258 0.00372311 0.0169247 0.0526593 0.112197 0.16376 0.163783 0.11231 0.0530375 0.0180173 0.00646625 0.00655116 0.0114432 0.0188474 0.027194 0.0343026 0.0379902 0.0372538 0.0328584 0.0267953 0.0210625 0.0167228 0.013785 0.0116987
 1.04426e-16 5.30835e-05 0.000515991 0.00342894 0.0155875 0.0484986 0.103332 0.150822 0.150847 0.103456 0.0489156 0.0167927 0.00645697 0.00713572 0.0126531 0.020907 0.0302821 0.0384356 0.0430025 0.0428754 0.0388237 0.0328919 0.0270923 0.0224368 0.0188768 0.0158802
 1.06594e-16 4.80403e-05 0.000466968 0.00310317 0.0141066 0.043891 0.0935154 0.136494 0.136522 0.093651 0.0443468 0.0154243 0.00641545 0.00771299 0.0138546 0.0229465 0.033328 0.0424947 0.0479128 0.0484018 0.0447854 0.0392171 0.0337572 0.0293476 0.0257975 0.0224592
 1.06533e-16 5.62798e-05 0.00054706 0.00363541 0.016526 0.0514188 0.109554 0.159901 0.15992 0.109649 0.0517372 0.0174471 0.00595172 0.00561844 0.00973163 0.0161149 0.0234813 0.0301057 0.0342615 0.035153 0.0333465 0.0302841 0.027292 0.0248898 0.02282 0.0205574
 1.01509e-16 7.51126e-05 0.000730122 0.00485192 0.0220561 0.0686248 0.146213 0.213403 0.213409 0.146243 0.0687261 0.022349 0.00558772 0.00233838 0.00313543 0.00508037 0.0073487 0.00932149 0.0104237 0.0103948 0.00943567 0.00805905 0.0067636 0.00579028 0.00510368 0.00453708
 1.02526e-16 3.30174e-05 0.000320941 0.00213277 0.00969528 0.0301659 0.0642736 0.0938204 0.0938739 0.0645347 0.0310423 0.0122257 0.0084809 0.0141668 0.0262928 0.0433209 0.0621813 0.07773 0.0847459 0.0808233 0.0678298 0.050696 0.0345453 0.0223737 0.0146015 0.0100932
 1.02507e-16 7.18122e-05 0.00069804 0.00463872 0.021087 0.0656094 0.139788 0.204026 0.204031 0.139815 0.0657018 0.0213551 0.0053161 0.002191 0.00294885 0.00486967 0.00725934 0.0096504 0.0115989 0.0128694 0.0135141 0.0137287 0.0136212 0.013116 0.0120641 0.0104302
 1.03177e-16 4.84209e-05 0.000470668 0.00312776 0.0142184 0.0442388 0.0942567 0.137578 0.137613 0.0944299 0.0448201 0.0158969 0.007339 0.00965676 0.017474 0.0287585 0.0413019 0.0516904 0.0564881 0.054133 0.0458925 0.0350421 0.0249448 0.0175038 0.0128789 0.0101975
 1.06234e-16 4.76816e-05 0.000463482 0.00308 0.0140013 0.0435633 0.0928171 0.135475 0.135501 0.0929436 0.0439884 0.0152312 0.00617475 0.00724403 0.0129974 0.0215995 0.0315457 0.0405729 0.046369 0.0478094 0.0455244 0.0412762 0.0367045 0.0324895 0.0284394 0.0241423
 1.06096e-16 5.88269e-05 0.000571818 0.00379994 0.017274 0.0537458 0.114512 0.167137 0.167154 0.114597 0.0540309 0.0180985 0.00587353 0.00511139 0.00871855 0.0144217 0.0210096 0.0269324 0.0306496 0.0314615 0.0298925 0.027249 0.0247204 0.0227519 0.0210709 0.0191577
 1.04454e-16 5.9222e-05 0.000575659 0.00382546 0.01739 0.0541068 0.115281 0.16826 0.168281 0.115381 0.0544423 0.0183592 0.00625978 0.00589435 0.0101739 0.016762 0.0242272 0.0306531 0.0341291 0.0337847 0.0302973 0.0254015 0.020807 0.0173744 0.0150324 0.0132416
 1.0876e-16 2.58249e-05 0.000251028 0.00166817 0.00758329 0.0235947 0.0502728 0.0733852 0.0734354 0.0505181 0.0244184 0.00996361 0.00764737 0.0133178 0.0248837 0.0412059 0.0596118 0.0755003 0.084178 0.0834625 0.0749306 0.0627307 0.0509721 0.0417601 0.0350274 0.0296553
 1.08971e-16 5.91898e-05 0.000575346 0.00382338 0.0173805 0.0540773 0.115218 0.168166 0.168176 0.115266 0.0542405 0.0178543 0.00502251 0.00322611 0.00519073 0.00874263 0.0131863 0.017839 0.0220211 0.0253936 0.0280568 0.0302545 0.0319581 0.0327345 0.0320162 0.0295215
 1.08173e-16 4.94322e-05 0.000480498 0.00319308 0.0145153 0.0451626 0.0962249 0.140449 0.140478 0.0963679 0.045643 0.0159029 0.00667651 0.00808654 0.0145005 0.0239121 0.034492 0.0435021 0.0482094 0.0474162 0.0422022 0.0352002 0.028987 0.0248271 0.022506 0.0210148
 1.1149e-16 3.4573e-05 0.000336062 0.00223325 0.0101521 0.0315871 0.0673009 0.0982352 0.0982715 0.0674784 0.0321834 0.0118765 0.00657014 0.00983078 0.0181469 0.0301557 0.0439288 0.0562747 0.0639363 0.0653878 0.0616584 0.0554434 0.0492705 0.0442147 0.0399312 0.0355616
 1.09136e-16 5.83841e-05 0.000567515 0.00377133 0.0171439 0.0533413 0.11365 0.165878 0.165891 0.113715 0.0535601 0.017778 0.00536997 0.00408086 0.00680038 0.0113336 0.0167548 0.0219915 0.0259856 0.0282602 0.0291467 0.0294102 0.0295926 0.0296339 0.0290239 0.0272619
 1.06709e-16 5.4394e-05 0.000528729 0.00351359 0.0159723 0.0496958 0.105883 0.154545 0.154569 0.106003 0.0500989 0.0171368 0.00643766 0.00691548 0.0121948 0.0201043 0.0290313 0.0366795 0.04076 0.0402551 0.0360352 0.0302569 0.0250325 0.0214023 0.0192122 0.0176819
 1.10849e-16 2.80063e-05 0.000272231 0.00180908 0.00822382 0.0255876 0.0545187 0.0795811 0.0796259 0.0547379 0.0263238 0.010352 0.00715773 0.0119703 0.022309 0.0370057 0.053701 0.0683622 0.0768731 0.077316 0.0710442 0.0616024 0.0524221 0.0451374 0.0395174 0.0345212
 1.19085e-16 3.52867e-05 0.000343 0.00227935 0.0103616 0.032239 0.0686893 0.100259 0.10028 0.0687951 0.0325951 0.0113949 0.00489112 0.00610454 0.0111546 0.0188506 0.0282477 0.037837 0.0460692 0.0522146 0.0566339 0.0601363 0.0629983 0.0645448 0.0636142 0.0594316
pSPR Fmed_Fpbrs
0.724188   0.19543 0.19543
Fs Fmed_Fpbrs
0.163028   1.005 1.005
SSBpbr Bo_Bmed_Bpbrs
2.38735e+06  1.60952e+06  347192 347192
Ro
224655
SPR SPRFo_SPRFmed_SPRFpbrs
1.59918e+06 1.15811e+06 312528
Fref
1.005
log_Ro
12.1423
likeval ReclasPelacesDesembMPH_pf_preclas_ppelaces_ptallas_desvR_qrecl_qpela
 17.2585 17.181 0.118831 0.000800923 229.423 107.064 77.7107 0 20.6188 9.61064e-06 0 0.604379 0 0 0
q_reclas_q_pelaces
0.644489 1
M
1
N
 240345 53483.1 215735 11450.7 0.364571
 139842 81534.5 17938.2 72357.2 3840.68
 137451 44476.3 25406.9 5589.7 23744
 279843 43933.9 13938 7962.05 9192.62
 224818 84541.3 12910.2 4095.78 5041.01
 357627 77610.6 28925.4 4417.18 3126.11
 151978 115901 24708.4 9208.8 2401.51
 73434.9 42843.8 31474.1 6709.81 3152.89
 64723.3 25937.8 15046.5 11053.5 3463.72
 82602.3 20288.1 7949.59 4611.55 4449.34
 145434 24670 5884.36 2305.7 2628.02
 181683 50584.2 8513.26 2030.61 1702.56
 153668 51004.6 13671.5 2300.89 1008.97
 107813 43938.4 14076.5 3773.11 913.47
 110792 26469.1 10191.4 3265 1087.04
 545062 31086.4 7149.49 2752.77 1175.52
 140027 156120 8596.32 1977.05 1086.29
 829608 43901.9 47860.2 2635.29 939.097
 507099 258149 13343.4 14546.4 1086.39
 392380 146424 72046.5 3723.99 4362.95
 578569 116899 42349.4 20837.6 2338.94
 761417 181466 35852.6 12988.4 7108.16
 171905 228308 52871.1 10445.8 5855.25
 502020 56105.2 73271 16967.9 5231.51
 412073 166789 18375.2 23997.2 7270.59
 191556 136501 54441.6 5997.83 10206.1
 420343 64731.2 45579.6 18178.8 5410.73
 453969 139716 21211.2 14935.6 7729.85
 140686 153172 46572 7070.4 7555.14
 115007 47395.9 50968.5 15497 4866.69
pred_Ctot
 11906.5 3007.64 12131.9 643.936 0.0205018
 12117.2 7990.87 1758.05 7091.44 376.41
 11526.7 4219.81 2410.55 530.338 2252.77
 32140.9 5691.28 1805.56 1031.42 1190.83
 8800.79 3760.55 574.27 182.187 224.233
 27192.6 6681.65 2490.24 380.284 269.133
 22942.4 19661.2 4191.48 1562.16 407.387
 1857.52 1233.05 905.829 193.109 90.7407
 6131.9 2777.2 1611.05 1183.52 370.867
 9992.98 2766.57 1084.04 628.851 606.732
 5037.03 971.305 231.678 90.7798 103.47
 27810 8699.04 1464.04 349.207 292.791
 22086.6 8244.1 2209.78 371.904 163.084
 23424.3 10652.3 3412.66 914.742 221.459
 16988.7 4559.83 1755.67 562.462 187.265
 77856.9 4994.03 1148.56 442.232 188.847
 13249.9 16695.7 919.306 211.429 116.17
 81951.6 4899.3 5341.03 294.09 104.8
 70322.6 40279.8 2082.01 2269.73 169.513
 47983.9 20180.9 9929.82 513.259 601.324
 54621.9 12473.2 4518.71 2223.38 249.566
 90505.3 24318.5 4804.66 1740.6 952.576
 12380.6 18624.7 4313.06 852.139 477.653
 31004 3928.68 5130.69 1188.15 366.328
 26155.8 12001.5 1322.2 1726.74 523.163
 9929.01 8029.87 3202.6 352.831 600.39
 25849.5 4513.56 3178.17 1267.57 377.278
 23938.5 8360.71 1269.29 893.756 462.559
 7544.93 9321.24 2834.12 430.266 459.765
 8377.63 3910.35 4205.11 1278.56 401.522
F
 0.0810498 0.0924366 0.0924366 0.0924366 0.0924366
 0.145554 0.166004 0.166004 0.166004 0.166004
 0.140585 0.160336 0.160336 0.160336 0.160336
 0.196989 0.224664 0.224664 0.224664 0.224664
 0.0635865 0.0725199 0.0725199 0.0725199 0.0725199
 0.126752 0.14456 0.14456 0.14456 0.14456
 0.266178 0.303574 0.303574 0.303574 0.303574
 0.0406997 0.0464176 0.0464176 0.0464176 0.0464176
 0.160088 0.182579 0.182579 0.182579 0.182579
 0.20845 0.237736 0.237736 0.237736 0.237736
 0.0560836 0.0639629 0.0639629 0.0639629 0.0639629
 0.270346 0.308328 0.308328 0.308328 0.308328
 0.252006 0.287411 0.287411 0.287411 0.287411
 0.404425 0.461244 0.461244 0.461244 0.461244
 0.27088 0.308937 0.308937 0.308937 0.308937
 0.250275 0.285437 0.285437 0.285437 0.285437
 0.159878 0.18234 0.18234 0.18234 0.18234
 0.167417 0.190937 0.190937 0.190937 0.190937
 0.242198 0.276225 0.276225 0.276225 0.276225
 0.210921 0.240553 0.240553 0.240553 0.240553
 0.159489 0.181896 0.181896 0.181896 0.181896
 0.204484 0.233212 0.233212 0.233212 0.233212
 0.119713 0.136532 0.136532 0.136532 0.136532
 0.101911 0.116229 0.116229 0.116229 0.116229
 0.104868 0.119601 0.119601 0.119601 0.119601
 0.0849388 0.096872 0.096872 0.096872 0.096872
 0.101459 0.115713 0.115713 0.115713 0.115713
 0.0864649 0.0986126 0.0986126 0.0986126 0.0986126
 0.0879928 0.100355 0.100355 0.100355 0.100355
 0.121155 0.138176 0.138176 0.138176 0.138176
nmprior
 8 8 7 0
nm_flota  nm_reclas  nm_pelaces    nm_pelaL
inf 11.0598 10.7662 17.3171
cv_recla  cv_pelaces  cv_mph
0.384617 0.487741 0.873375
 ------------------------------------------------
Talla a la edad & desviación 
 8 13.2811 15.8009 17.003 17.5766
 0.8 1.32811 1.58009 1.7003 1.75766
