years
 1991 1992 1993 1994 1995 1996 1997 1998 1999 2000 2001 2002 2003 2004 2005 2006 2007 2008 2009 2010 2011 2012 2013 2014 2015 2016 2017 2018 2019 2020
reclasobs
 0 0 0 0 0 0 0 0 0 252601 567819 844713 477998 351125 339783 2.1784e+06 2.13404e+06 4.81314e+06 1.55562e+06 2.62356e+06 3.21686e+06 3.843e+06 1.13348e+06 3.07943e+06 1.97215e+06 2.03268e+06 2.025e+06 2.42433e+06 2.27542e+06 1.05018e+06
reclaspred
 3.16558e+06 1.75049e+06 886535 902431 909423 1.49747e+06 892134 782463 565266 402194 502876 662560 648788 487719 483393 1.29937e+06 1.19506e+06 2.91435e+06 2.35715e+06 1.79565e+06 3.11737e+06 2.50191e+06 1.94263e+06 3.01944e+06 2.25658e+06 1.99408e+06 2.39691e+06 2.56144e+06 2.05076e+06 1.25822e+06
pelacesobs
 0 0 0 0 0 0 0 0 0 0 0 0 0 0 0 552880 188675 0 991730 2.46772e+06 1.41603e+06 1.21717e+06 2.29649e+06 1.80582e+06 0 1.4828e+06 1.56532e+06 1.57751e+06 1.42118e+06 867257
pelacespred
 1.78628e+06 1.08855e+06 544134 455796 488380 833999 445492 503418 341984 227846 301097 328800 355314 276165 283169 638327 589268 1.67921e+06 1.37935e+06 964321 1.66314e+06 1.42314e+06 1.11556e+06 1.91498e+06 1.36603e+06 1.20951e+06 1.66487e+06 1.75571e+06 1.15412e+06 797742
mphobs
 0 0 0 0 0 0 0 0 0 0 0 498337 0 5186 125008 0 168611 109162 213762 579715 649985 157893 87575 83554 0 0 0 0 0 0
mphpred
 487398 325583 159224 87759.7 96622.8 112865 150803 87367.8 78616.2 52224.5 33783.6 60928.2 65075.2 53820.5 34184.2 43151.5 148747 135098 292727 212930 236040 286062 268221 217612 306996 253394 207756 224765 316584 207961
desembarqueobs
 494567 514787 250237 358949 120608 361735 552515 73892 212993 205616 52469 317467 293654 387597 252695 516296 358380 742168 942051 627588 828172 859565 418607 520667 417249 300574 407403 355545 319650 289779
desembarquepred
 494573 513683 250775 358983 120614 361748 552557 73897 213050 205667 52471.8 317532 293700 387612 252684 516250 358411 742059 941834 627428 828244 859556 418610 520690 417242 300573 407400 355524 319637 289787
Reclutas
 180664 100921 101471 162336 130853 229651 93369.8 41262.9 39642 53340.9 99452.4 136267 113688 78973.4 75511.1 406256 81964 645910 364546 306002 407886 551963 113742 330381 282770 125098 282298 313698 88660.5 68023.3
log_desv_Rt
 0.175974 -0.406328 -0.400893 0.069006 -0.146587 0.415896 -0.484097 -1.3007 -1.34077 -1.04396 -0.420986 -0.106051 -0.287203 -0.651553 -0.696385 0.98632 -0.614385 1.45 0.877988 0.702928 0.990322 1.29282 -0.286731 0.779583 0.62397 -0.191565 0.6223 0.727767 -0.535851 -0.800815
SSB
 2.49877e+06 1.66919e+06 816304 449923 495362 578631 773129 447914 403046 267743 173200 312364 333625 275925 175254 221228 762589 692616 1.50074e+06 1.09164e+06 1.21012e+06 1.46657e+06 1.37511e+06 1.11564e+06 1.5739e+06 1.29909e+06 1.06512e+06 1.15232e+06 1.62305e+06 1.06616e+06
BT
 3.44614e+06 2.35079e+06 1.1678e+06 1.07123e+06 922705 1.72142e+06 1.24887e+06 918475 791416 583988 555607 822537 868542 870617 733301 1.50011e+06 1.27897e+06 3.50351e+06 3.24067e+06 2.19174e+06 3.49083e+06 3.21349e+06 2.25562e+06 3.7326e+06 2.70133e+06 2.31669e+06 3.23938e+06 3.33419e+06 2.22178e+06 1.63543e+06
Ftot
 0.169164 0.310483 0.303773 0.459122 0.153125 0.28975 0.653728 0.108003 0.424496 0.570534 0.13121 0.554706 0.521061 0.894715 0.634301 0.509129 0.331888 0.320705 0.454104 0.40286 0.312497 0.400396 0.237628 0.210654 0.210826 0.169813 0.206014 0.170713 0.167621 0.250577
BD_Bspro_t
 0.973374 0.812442 0.628208 0.532927 0.526664 0.612465 0.606654 0.426846 0.486117 0.43487 0.398347 0.629253 0.508649 0.414083 0.299743 0.352568 0.537664 0.501205 0.621426 0.514472 0.492812 0.537841 0.551386 0.539749 0.653204 0.662662 0.669662 0.712875 0.764628 0.684446
BD_Bspro
 2.31685 1.54766 0.756873 0.417166 0.459297 0.536503 0.716841 0.415303 0.373702 0.24825 0.16059 0.289622 0.309335 0.255836 0.162495 0.205121 0.707069 0.64219 1.39148 1.01216 1.12202 1.3598 1.27499 1.03442 1.45931 1.20451 0.987571 1.06842 1.50488 0.988541
BD_Bo
 1.48901 0.994667 0.486435 0.268108 0.295185 0.344805 0.460707 0.266911 0.240175 0.159547 0.10321 0.186137 0.198807 0.164423 0.104434 0.131829 0.454426 0.412729 0.894288 0.650507 0.72111 0.873928 0.819424 0.664811 0.937883 0.774125 0.634702 0.686664 0.967172 0.635326
BD_Brms
 8.51449 5.68771 2.78153 1.5331 1.68793 1.97167 2.63441 1.52625 1.37337 0.912325 0.590175 1.06437 1.13682 0.940206 0.597173 0.753827 2.5985 2.36007 5.11372 3.71973 4.12345 4.9973 4.68564 3.80153 5.36301 4.42661 3.62936 3.92649 5.53049 3.63292
Sel_flota
 0.743755 0.98219 0.999047 0.99995 0.999997
 0.743755 0.98219 0.999047 0.99995 0.999997
 0.743755 0.98219 0.999047 0.99995 0.999997
 0.743755 0.98219 0.999047 0.99995 0.999997
 0.743755 0.98219 0.999047 0.99995 0.999997
 0.743755 0.98219 0.999047 0.99995 0.999997
 0.743755 0.98219 0.999047 0.99995 0.999997
 0.743755 0.98219 0.999047 0.99995 0.999997
 0.743755 0.98219 0.999047 0.99995 0.999997
 0.743755 0.98219 0.999047 0.99995 0.999997
 0.743755 0.98219 0.999047 0.99995 0.999997
 0.743755 0.98219 0.999047 0.99995 0.999997
 0.743755 0.98219 0.999047 0.99995 0.999997
 0.743755 0.98219 0.999047 0.99995 0.999997
 0.743755 0.98219 0.999047 0.99995 0.999997
 0.743755 0.98219 0.999047 0.99995 0.999997
 0.743755 0.98219 0.999047 0.99995 0.999997
 0.743755 0.98219 0.999047 0.99995 0.999997
 0.743755 0.98219 0.999047 0.99995 0.999997
 0.743755 0.98219 0.999047 0.99995 0.999997
 0.743755 0.98219 0.999047 0.99995 0.999997
 0.743755 0.98219 0.999047 0.99995 0.999997
 0.743755 0.98219 0.999047 0.99995 0.999997
 0.743755 0.98219 0.999047 0.99995 0.999997
 0.743755 0.98219 0.999047 0.99995 0.999997
 0.743755 0.98219 0.999047 0.99995 0.999997
 0.743755 0.98219 0.999047 0.99995 0.999997
 0.743755 0.98219 0.999047 0.99995 0.999997
 0.743755 0.98219 0.999047 0.99995 0.999997
 0.743755 0.98219 0.999047 0.99995 0.999997
Sel_reclas
 1 1 1 1 1
 1 1 1 1 1
 1 1 1 1 1
 1 1 1 1 1
 1 1 1 1 1
 1 1 1 1 1
 1 1 1 1 1
 1 1 1 1 1
 1 1 1 1 1
 1 1 1 1 1
 1 1 1 1 1
 1 1 1 1 1
 1 1 1 1 1
 1 1 1 1 1
 1 1 1 1 1
 1 1 1 1 1
 1 1 1 1 1
 1 1 1 1 1
 1 1 1 1 1
 1 1 1 1 1
 1 1 1 1 1
 1 1 1 1 1
 1 1 1 1 1
 1 1 1 1 1
 1 1 1 1 1
 1 1 1 1 1
 1 1 1 1 1
 1 1 1 1 1
 1 1 1 1 1
 1 1 1 1 1
Sel_pelaces
 1 1 1 1 1
 1 1 1 1 1
 1 1 1 1 1
 1 1 1 1 1
 1 1 1 1 1
 1 1 1 1 1
 1 1 1 1 1
 1 1 1 1 1
 1 1 1 1 1
 1 1 1 1 1
 1 1 1 1 1
 1 1 1 1 1
 1 1 1 1 1
 1 1 1 1 1
 1 1 1 1 1
 1 1 1 1 1
 1 1 1 1 1
 1 1 1 1 1
 1 1 1 1 1
 1 1 1 1 1
 1 1 1 1 1
 1 1 1 1 1
 1 1 1 1 1
 1 1 1 1 1
 1 1 1 1 1
 1 1 1 1 1
 1 1 1 1 1
 1 1 1 1 1
 1 1 1 1 1
 1 1 1 1 1
pf_obs 
 0.8446 0.082 0.0669 0.0065 0
 0.8095 0.147 0.0364 0.0071 0
 0.9664 0.0169 0.016 0.0007 0
 0.9276 0.0648 0.0075 0.0001 0
 0.7033 0.2144 0.0806 0.0017 0
 0.9318 0.0425 0.0243 0.0014 0
 0.5671 0.3108 0.0964 0.0239 0.0018
 0.0768 0.2599 0.5324 0.112 0.0189
 0.490249 0.384438 0.106611 0.0170017 0.00170017
 0.7925 0.1577 0.0466 0.003 0.0002
 0.840416 0.127587 0.0312969 0.00059994 9.999e-05
 0.8084 0.0986 0.0794 0.0134 0.0002
 0.7335 0.1905 0.0724 0.0035 0.0001
 0.4001 0.4547 0.1325 0.0127 0
 0.49795 0.308269 0.164784 0.0264974 0.00249975
 0.9179 0.0499 0.0305 0.0017 0
 0.2467 0.6533 0.0926 0.0074 0
 0.9418 0.0223 0.034 0.0019 0
 0.707729 0.231977 0.0356964 0.0245975 0
 0.517169 0.277429 0.184464 0.0207286 0.00020938
 0.811772 0.124168 0.05621 0.00726502 0.000585176
 0.764997 0.148141 0.077277 0.00933861 0.000247198
 0.163321 0.427699 0.378323 0.0303852 0.000271297
 0.753843 0.0900009 0.118128 0.0371064 0.000921714
 0.721811 0.176058 0.0630433 0.0369309 0.00215725
 0.143369 0.312575 0.442814 0.0836902 0.0175525
 0.692698 0.0596174 0.167031 0.0765114 0.00414204
 0.394062 0.376323 0.152708 0.0712218 0.00568511
 0.125707 0.32114 0.495352 0.0537591 0.00404204
 0.23352 0.215282 0.420074 0.123614 0.00750983
pf_pred 
 0.462742 0.131061 0.382041 0.0241548 8.30276e-07
 0.419332 0.312257 0.0663714 0.190035 0.012004
 0.571912 0.213131 0.116671 0.0243226 0.0739632
 0.735989 0.170897 0.0468208 0.0251387 0.0211545
 0.653538 0.27581 0.0460799 0.0123629 0.0122096
 0.748615 0.1799 0.0571165 0.00937465 0.00499426
 0.469064 0.426196 0.0753691 0.023472 0.00589873
 0.455558 0.304725 0.193311 0.0334043 0.0130012
 0.540214 0.242344 0.12264 0.0764631 0.0183383
 0.713242 0.178335 0.0577202 0.0286113 0.022092
 0.82254 0.138429 0.0244812 0.00774986 0.0067995
 0.73784 0.225626 0.0286108 0.00497148 0.00295176
 0.685113 0.251799 0.0544641 0.00675525 0.00186849
 0.631952 0.277826 0.0724618 0.0153346 0.00242519
 0.744989 0.183823 0.0540824 0.0137421 0.00336337
 0.937605 0.0504164 0.00869044 0.00249862 0.000789299
 0.374026 0.597724 0.0229218 0.00386683 0.00146126
 0.905819 0.042325 0.0495594 0.00186359 0.000432727
 0.588481 0.382655 0.013112 0.0150559 0.000696876
 0.626065 0.24896 0.116383 0.00390518 0.00468645
 0.727267 0.190713 0.0549801 0.0251833 0.001857
 0.741191 0.203177 0.0391323 0.0110641 0.00543589
 0.318215 0.544451 0.10829 0.020437 0.00860769
 0.737835 0.101338 0.128914 0.0251683 0.00674367
 0.624899 0.297171 0.0304662 0.0380532 0.00941059
 0.42814 0.395361 0.140376 0.0141305 0.0219925
 0.729105 0.135623 0.0940422 0.0327984 0.00843171
 0.680088 0.250902 0.03487 0.0237419 0.0103987
 0.33182 0.494261 0.13694 0.0186943 0.0182856
 0.422451 0.230553 0.25788 0.0701818 0.0189338
pobs_RECLAS
 0 0 0 0 0
 0 0 0 0 0
 0 0 0 0 0
 0 0 0 0 0
 0 0 0 0 0
 0 0 0 0 0
 0 0 0 0 0
 0 0 0 0 0
 0 0 0 0 0
 0 0 0 0 0
 0.991045 0.00858322 0.000360255 1.14367e-05 0
 0.934742 0.0480273 0.0164251 0.00080598 0
 0.827803 0.169806 0.00239088 0 0
 0.941827 0.0461693 0.0120037 0 0
 0.791401 0.0380133 0.147996 0.0225897 0
 0.846168 0.0940531 0.0597789 0 0
 0.134021 0.677848 0.182769 0.00536245 0
 0.80878 0.0450904 0.141981 0.00414843 0
 0.846168 0.0940531 0.0597789 0 0
 0.905697 0.0802665 0.012482 0.00150086 5.37128e-05
 0.989698 0.0102097 9.19794e-05 0 0
 0.975433 0.0193895 0.00387452 0.00125025 5.28907e-05
 0.303575 0.632131 0.0575291 0.00676475 0
 0.966965 0.00978017 0.0227588 0.000495775 0
 0.843318 0.132988 0.00938335 0.0141283 0.000182051
 0.564624 0.303363 0.111486 0.0197234 0.00080311
 0.826376 0.0876187 0.0782897 0.00655872 0.00115652
 0.89761 0.0855135 0.0140674 0.00269457 0.000114338
 0.34875 0.467042 0.161289 0.0227151 0.000203297
 0.318654 0.224769 0.449479 0.00709798 0
ppred_RECLAS
 0.53634 0.114597 0.328323 0.0207393 7.12842e-07
 0.492147 0.275406 0.057519 0.164535 0.0103928
 0.642022 0.179837 0.0967319 0.020147 0.0612626
 0.789529 0.137122 0.0369 0.0197932 0.0166554
 0.714968 0.227716 0.0373939 0.0100233 0.00989854
 0.799205 0.144417 0.0450544 0.00738799 0.00393569
 0.544228 0.367205 0.063749 0.0198337 0.00498413
 0.527408 0.266531 0.166201 0.0286935 0.0111672
 0.612789 0.205852 0.102332 0.0637408 0.0152863
 0.770759 0.14357 0.0456291 0.022596 0.0174464
 0.860375 0.109335 0.0190057 0.00601101 0.00527363
 0.791026 0.18031 0.0224526 0.00389764 0.00231406
 0.745276 0.204429 0.0434254 0.00538094 0.00148829
 0.701275 0.226567 0.0579656 0.0122543 0.00193794
 0.798037 0.146338 0.0422688 0.0107298 0.00262598
 0.952822 0.0382545 0.00647607 0.00186017 0.000587588
 0.443282 0.532017 0.0200457 0.00337849 0.00127666
 0.928195 0.0325828 0.0374867 0.0014083 0.000326992
 0.656833 0.319506 0.0107538 0.0123363 0.00057097
 0.692078 0.206229 0.0947081 0.00317489 0.00380987
 0.781067 0.153912 0.043598 0.0199511 0.00147112
 0.793227 0.162953 0.030832 0.00870908 0.00427864
 0.383473 0.494076 0.0965734 0.018209 0.00766891
 0.790574 0.081826 0.1023 0.019954 0.00534626
 0.689334 0.247035 0.0248902 0.03106 0.00768078
 0.499445 0.347925 0.121416 0.0122107 0.0190037
 0.782729 0.109734 0.0747814 0.0260569 0.00669831
 0.738823 0.205617 0.0280866 0.0191057 0.00836771
 0.39804 0.447295 0.121804 0.0166128 0.0162487
 0.495463 0.203551 0.22374 0.0608342 0.0164111
pobs_PELACES
 0 0 0 0 0
 0 0 0 0 0
 0 0 0 0 0
 0 0 0 0 0
 0 0 0 0 0
 0 0 0 0 0
 0 0 0 0 0
 0 0 0 0 0
 0 0 0 0 0
 0 0 0 0 0
 0 0 0 0 0
 0 0 0 0 0
 0 0 0 0 0
 0 0 0 0 0
 0 0 0 0 0
 0 0 0 0 0
 0.505614 0.472636 0.0217494 0 0
 0 0 0 0 0
 0.443492 0.261883 0.143347 0.151278 0
 0.227955 0.32914 0.350689 0.0885471 0.00366901
 0.970185 0.0296113 0.000203453 0 0
 0.997202 0.00247181 0.000326279 0 0
 0.445219 0.490057 0.0546422 0.010081 0
 0.90214 0.0892962 0.00764917 0.000914606 0
 0 0 0 0 0
 0.581667 0.319106 0.0959925 0.00289975 0.000334073
 0.762889 0.0836404 0.116647 0.0363945 0.000428098
 0.88444 0.0763242 0.0277011 0.0115352 0
 0.521256 0.241999 0.230069 0.00667565 0
 0.616807 0.101726 0.260614 0.0208532 0
ppred_PELACES
 0.539825 0.113816 0.32578 0.0205777 7.07284e-07
 0.498459 0.272207 0.0567527 0.162328 0.0102533
 0.647693 0.17714 0.0951207 0.0198097 0.0602364
 0.795618 0.133277 0.0357738 0.0191865 0.0161447
 0.717452 0.225771 0.0370429 0.00992875 0.00980515
 0.802911 0.141816 0.0441718 0.00724263 0.00385824
 0.557132 0.357065 0.0617635 0.0192122 0.00482791
 0.529592 0.265369 0.165377 0.0285504 0.0111115
 0.62095 0.201742 0.100052 0.0623128 0.0149438
 0.778803 0.1387 0.0439417 0.0217566 0.0167982
 0.86163 0.10837 0.0188242 0.00595337 0.00522305
 0.798218 0.174179 0.0216223 0.00375289 0.0022281
 0.753088 0.198274 0.041996 0.00520301 0.00143906
 0.716057 0.215617 0.0548901 0.011601 0.0018346
 0.806116 0.140623 0.040475 0.0102725 0.00251403
 0.954614 0.0368215 0.00621584 0.00178515 0.000563886
 0.449756 0.525874 0.0197777 0.00333298 0.00125946
 0.929923 0.03183 0.0365553 0.00137318 0.000318836
 0.664881 0.312069 0.010477 0.0120172 0.000556194
 0.698948 0.201778 0.0924565 0.00309903 0.00371882
 0.785332 0.150994 0.042697 0.019537 0.00144057
 0.798424 0.158934 0.0300046 0.00847436 0.0041633
 0.387966 0.490605 0.0957684 0.0180559 0.00760442
 0.793423 0.080771 0.100863 0.0196724 0.0052708
 0.692928 0.244238 0.0245795 0.0306703 0.0075844
 0.502858 0.345653 0.120509 0.0121189 0.0188608
 0.78557 0.108362 0.0737615 0.0256999 0.00660652
 0.741446 0.203594 0.0277838 0.0188988 0.00827707
 0.401262 0.445008 0.121068 0.0165116 0.0161498
 0.500603 0.201647 0.221339 0.0601769 0.0162337
pobs_pel_tallas
 0 0 0 0 0 0 0 0 0 0 0 0 0 0 0 0 0 0 0 0 0 0 0 0 0 0
 0 0 0 0 0 0 0 0 0 0 0 0 0 0 0 0 0 0 0 0 0 0 0 0 0 0
 0 0 0 0 0 0 0 0 0 0 0 0 0 0 0 0 0 0 0 0 0 0 0 0 0 0
 0 0 0 0 0 0 0 0 0 0 0 0 0 0 0 0 0 0 0 0 0 0 0 0 0 0
 0 0 0 0 0 0 0 0 0 0 0 0 0 0 0 0 0 0 0 0 0 0 0 0 0 0
 0 0 0 0 0 0 0 0 0 0 0 0 0 0 0 0 0 0 0 0 0 0 0 0 0 0
 0 0 0 0 0 0 0 0 0 0 0 0 0 0 0 0 0 0 0 0 0 0 0 0 0 0
 0 0 0 0 0 0 0 0 0 0 0 0 0 0 0 0 0 0 0 0 0 0 0 0 0 0
 0 0 0 0 0 0 0 0 0 0 0 0 0 0 0 0 0 0 0 0 0 0 0 0 0 0
 0 0 0 0 0 0 0 0 0 0 0 0 0 0 0 0 0 0 0 0 0 0 0 0 0 0
 0 0 0 0 0 0 0 0 0 0 0 0 0 0 0 0 0 0 0 0 0 0 0 0 0 0
 0 0 0 0 0 0 0 0 0 0 0 0 0 0 0 0 0 0 0 0 0 0 0 0 0 0
 0.00862536 0 0 0.000197151 0.00414017 0.0128641 0.00837892 0.0270097 0.101434 0.158115 0.152841 0.127902 0.109271 0.109419 0.0830992 0.0579132 0.0238553 0.00714673 0.00463305 0.00128148 0.00103504 0.000492878 0.000147863 0.000147863 4.92878e-05 0
 0 0 0 0 0 0 0 0 0 0 0 0 0 0 0 0 0 0 0 0 0 0 0 0 0 0
 0 0 0 0 0 0 0 0.0054083 0.00873648 0.0413646 0.0450493 0.0745869 0.0622846 0.0627006 0.0613931 0.0827291 0.12552 0.122667 0.0946155 0.0697135 0.0546179 0.0294188 0.0215738 0.0213955 0.0102223 0.00600262
 0 0 0 0 0.00359764 0.0251062 0.0480494 0.140153 0.205849 0.193036 0.1447 0.116669 0.0760912 0.0342217 0.00950174 0.001854 0.000860785 0 0 0 0.000165536 0 0.000143464 0 0 0
 0 0 0 0 0 0 0 0.000145254 0.000435761 0.0275982 0.070085 0.0708112 0.156366 0.174668 0.174014 0.160142 0.0824315 0.0480064 0.0283245 0.00493863 0.00203355 0 0 0 0 0
 0 0 0 0 0 0 0 0 0 0 0 0 0 0 0 0 0 0 0 0 0 0 0 0 0 0
 0 0 1.00437e-05 0.000401748 0.00122533 0.00171747 0.00176769 0.0269171 0.070346 0.194647 0.189555 0.159765 0.064822 0.0314167 0.0384472 0.0292271 0.0345202 0.0313363 0.0194345 0.0106764 0.0143323 0.0359363 0.0279516 0.0138201 0.00172751 0
 0 0.0021121 0.0136068 0.0755702 0.200478 0.177729 0.0527432 0.0373336 0.0318909 0.0142505 0.0149659 0.0166563 0.0217959 0.0798694 0.0677717 0.0528807 0.04013 0.0224614 0.0357745 0.0225083 0.00881397 0.00855152 0.00135912 0.000746735 0 0
 0 0 0 0 5.4009e-05 0.00500934 0.000945158 0.0243581 0.138947 0.33067 0.221406 0.137944 0.0707744 0.0437923 0.0131692 0.00525238 0.0047753 0.00276346 9.45158e-05 9.00151e-06 2.25038e-05 9.00151e-06 4.50075e-06 0 0 0
 0.000866109 0.00284123 0.00948549 0.0512746 0.133035 0.25785 0.225252 0.132002 0.0553304 0.0519788 0.0540692 0.017754 0.00435017 0.00159236 0.00146478 0.000404838 0.000125132 0.000115318 0.000107957 0.000100596 0 0 0 0 0 0
 0 0 0 0 0.00144013 0.00171154 0.00461396 0.0210425 0.0478622 0.0707936 0.0888783 0.103762 0.0637923 0.0337046 0.0602308 0.124433 0.169614 0.0934646 0.0462172 0.0250306 0.0313229 0.00938855 0.002487 0.000210481 0 0
 0 0.00764035 0.051015 0.0998891 0.058973 0.0496711 0.0374665 0.0718981 0.12319 0.153886 0.159021 0.0857701 0.0377988 0.023471 0.0147837 0.00900784 0.00315554 0.000888139 0.00291439 0.00214683 0.00393193 0.00274676 0.000635225 9.99891e-05 0 0
 0 0 0 0 0 0 0 0 0 0 0 0 0 0 0 0 0 0 0 0 0 0 0 0 0 0
 0 0 0 0 0 0 0 0 0 0 0 0 0 0 0 0 0 0 0 0 0 0 0 0 0 0
 0 0 0 0 0 0 0 0 0 0 0 0 0 0 0 0 0 0 0 0 0 0 0 0 0 0
 0 0 0 0 0 0 0 0 0 0 0 0 0 0 0 0 0 0 0 0 0 0 0 0 0 0
 0 0 0 0 0 0 0 0 0 0 0 0 0 0 0 0 0 0 0 0 0 0 0 0 0 0
 0 0 0 0 0 0 0 0 0 0 0 0 0 0 0 0 0 0 0 0 0 0 0 0 0 0
ppred_pel_tallas
 1.11495e-16 4.44647e-05 0.000432213 0.00287221 0.0130566 0.0406241 0.0865544 0.126331 0.126342 0.0866106 0.0408142 0.0136118 0.00428892 0.00360153 0.00628766 0.0109074 0.0170623 0.0242685 0.0319558 0.0396928 0.0471414 0.0537062 0.0582823 0.0595161 0.0565153 0.0494797
 1.19722e-16 4.10575e-05 0.000399093 0.00265212 0.0120562 0.0375113 0.0799228 0.116655 0.116681 0.0800514 0.0379436 0.0133059 0.0057941 0.00727532 0.0131539 0.0218306 0.0318205 0.040874 0.046799 0.0487734 0.0478973 0.0464078 0.046141 0.0474264 0.0491131 0.0494737
 1.14971e-16 5.33496e-05 0.000518578 0.00344613 0.0156656 0.0487417 0.10385 0.151576 0.151593 0.103934 0.0490244 0.0164839 0.00550646 0.00503744 0.00869855 0.0144641 0.0212332 0.0275689 0.0320588 0.0341121 0.0343007 0.0338804 0.0338788 0.0344787 0.0350787 0.0348173
 1.05723e-16 6.55341e-05 0.000637014 0.00423319 0.0192435 0.0598736 0.127567 0.186191 0.186204 0.12763 0.0600851 0.0198547 0.00576939 0.00399664 0.00646433 0.0106324 0.0154294 0.0196642 0.022179 0.0224694 0.020984 0.0187945 0.0169006 0.0157152 0.0150363 0.0143788
 1.03782e-16 5.90956e-05 0.000574431 0.00381729 0.0173529 0.0539914 0.115035 0.167902 0.167923 0.115141 0.0543486 0.0183848 0.00640819 0.0062322 0.0108097 0.017792 0.0256603 0.0323474 0.0357891 0.0350417 0.03084 0.0250839 0.019681 0.0156467 0.0129847 0.0111529
 1.02691e-16 6.61348e-05 0.000642853 0.00427199 0.0194198 0.0604224 0.128737 0.187898 0.187912 0.128804 0.0606475 0.0200704 0.00590685 0.00421796 0.0068741 0.0113071 0.0163927 0.0208459 0.023397 0.0234516 0.021418 0.0183803 0.0153962 0.012983 0.0110952 0.00944237
 1.04618e-16 4.58903e-05 0.00044607 0.00296429 0.0134753 0.0419267 0.0893306 0.130388 0.130422 0.0894989 0.0424918 0.0151076 0.00706276 0.00939645 0.0170544 0.0281484 0.0406076 0.0511996 0.0566559 0.0554676 0.0487686 0.0395282 0.0307336 0.0239861 0.0193253 0.0159684
 1.09584e-16 4.36218e-05 0.00042402 0.00281776 0.0128091 0.0398541 0.0849144 0.12394 0.123966 0.0850405 0.0402781 0.0140363 0.00590802 0.00720322 0.0130158 0.0217031 0.0318545 0.0413027 0.0478325 0.0503785 0.0495448 0.0469518 0.0439945 0.0410624 0.0377145 0.0334088
 1.11717e-16 5.11469e-05 0.000497166 0.00330384 0.0150188 0.0467292 0.0995621 0.145318 0.145338 0.0996579 0.047051 0.01595 0.00564814 0.00563735 0.00988052 0.0164325 0.024094 0.0312172 0.0361656 0.0382283 0.0380073 0.0368785 0.0359678 0.0354777 0.0347921 0.0330965
 1.06329e-16 6.4149e-05 0.000623551 0.00414372 0.0188368 0.0586082 0.124871 0.182256 0.18227 0.124937 0.0588285 0.0194737 0.005745 0.00412725 0.00674254 0.0111102 0.0161548 0.0206544 0.0234174 0.0239233 0.0226262 0.0206075 0.0188588 0.0177608 0.0170721 0.0162865
 1.02052e-16 7.09713e-05 0.000689867 0.00458441 0.0208401 0.0648412 0.138151 0.201638 0.201649 0.138202 0.0650127 0.0213355 0.00582854 0.00340707 0.00523521 0.00855269 0.0123382 0.0155695 0.0172576 0.0169534 0.0150102 0.0123358 0.00983593 0.00798371 0.00676584 0.0059107
 1.01422e-16 6.57482e-05 0.000639096 0.00424702 0.0193063 0.0600693 0.127985 0.186801 0.186817 0.128067 0.0603446 0.0201015 0.00624272 0.00499485 0.00833553 0.0136694 0.0196686 0.0246987 0.0271396 0.0262424 0.0225705 0.0176145 0.0129024 0.00929602 0.00688052 0.00530144
 1.02028e-16 6.20309e-05 0.000602962 0.0040069 0.0182148 0.0566731 0.120749 0.17624 0.176259 0.120842 0.056987 0.0191219 0.00628489 0.0055791 0.00952209 0.0156682 0.0226206 0.0285607 0.0316703 0.0310977 0.0274422 0.0223113 0.0173271 0.0133675 0.0104836 0.00830563
 1.03114e-16 5.89807e-05 0.000573314 0.00380987 0.0173191 0.0538864 0.114811 0.167575 0.167596 0.114913 0.0542282 0.0183068 0.00629098 0.00599587 0.0103758 0.017108 0.0247509 0.0313584 0.0349787 0.0346996 0.0311615 0.0260671 0.0211043 0.0171403 0.0141598 0.0117309
 1.0266e-16 6.63987e-05 0.000645419 0.00428904 0.0194973 0.0606636 0.129251 0.188648 0.188661 0.129317 0.0608866 0.0201421 0.00590917 0.00418771 0.00681009 0.0111959 0.0162216 0.0206087 0.023097 0.0231003 0.0210332 0.0179851 0.0150191 0.0126544 0.0108399 0.00927035
 1.00464e-16 7.86303e-05 0.000764314 0.00507914 0.023089 0.0718385 0.15306 0.223396 0.223399 0.153077 0.0718968 0.0232573 0.00550171 0.0016871 0.00183206 0.00290666 0.00418504 0.00527435 0.00583258 0.00570364 0.00500464 0.00404266 0.00312728 0.00242538 0.00194251 0.00159854
 1.01253e-16 3.70459e-05 0.000360099 0.00239299 0.0108782 0.0338464 0.0721153 0.105265 0.105316 0.0723625 0.0346761 0.0132735 0.00840108 0.0134612 0.0248753 0.0409521 0.0587234 0.0732856 0.0796657 0.0755704 0.0627814 0.0460175 0.0302121 0.018295 0.0107382 0.00649848
 1.01255e-16 7.65965e-05 0.000744545 0.00494777 0.0224918 0.0699804 0.149101 0.217618 0.217621 0.149116 0.0700318 0.0226408 0.00532414 0.001574 0.00167472 0.00270676 0.0040293 0.00535177 0.00642315 0.00711005 0.0074397 0.00752036 0.00741429 0.00708493 0.00645737 0.00552031
 1.01682e-16 5.47654e-05 0.00053234 0.00353759 0.0160814 0.0500353 0.106607 0.155602 0.155632 0.106753 0.0505277 0.0175029 0.00710343 0.00830843 0.0147991 0.0243169 0.0348795 0.0435615 0.0474262 0.0451335 0.0377595 0.0281112 0.0190988 0.0124137 0.00826477 0.00595829
 1.0366e-16 5.75715e-05 0.000559615 0.00371884 0.0169053 0.0525988 0.112068 0.163571 0.16359 0.112164 0.0529199 0.017834 0.00605472 0.00567421 0.00981586 0.0162525 0.0236752 0.0303268 0.03443 0.0351222 0.0328985 0.0291486 0.0252006 0.0216626 0.0184576 0.0152937
 1.03474e-16 6.46867e-05 0.000628778 0.00417845 0.0189947 0.0590995 0.125918 0.183784 0.183799 0.12599 0.0593391 0.0196871 0.00591853 0.00443374 0.00730987 0.0120322 0.0174449 0.0221893 0.0249249 0.0250376 0.022985 0.0199392 0.0170248 0.0147609 0.0130385 0.0114771
 1.02461e-16 6.57652e-05 0.000639261 0.00424811 0.0193113 0.0600848 0.128017 0.186848 0.186864 0.128092 0.0603364 0.0200382 0.00607338 0.00462606 0.00764402 0.0125505 0.0181144 0.0228673 0.0253586 0.0249212 0.0220586 0.0180836 0.0143094 0.0114283 0.00943885 0.0079798
 1.05987e-16 3.19563e-05 0.000310627 0.00206423 0.00938371 0.0291965 0.0622079 0.0908041 0.0908515 0.0624392 0.0299731 0.0116276 0.00769866 0.0126173 0.0234243 0.0387256 0.0559017 0.0705457 0.0781708 0.0766893 0.067622 0.0549953 0.0428629 0.033404 0.0267012 0.021751
 1.05797e-16 6.53532e-05 0.000635257 0.0042215 0.0191903 0.0597083 0.127215 0.185676 0.185684 0.127254 0.0598391 0.0195699 0.00518122 0.00275368 0.00415725 0.00694893 0.010424 0.013989 0.0170641 0.0193564 0.0209535 0.0220987 0.0228549 0.0229791 0.022109 0.0200713
 1.05132e-16 5.70756e-05 0.000554795 0.00368681 0.0167597 0.0521459 0.111103 0.162163 0.162187 0.111218 0.052532 0.0178749 0.00648579 0.00666466 0.0116604 0.0191872 0.0276407 0.0347852 0.0383972 0.03749 0.0329203 0.0268169 0.0212949 0.0174429 0.0151749 0.0137567
 1.07974e-16 4.14198e-05 0.000402616 0.00267552 0.0121626 0.0378424 0.0806285 0.117687 0.11772 0.0807919 0.0383914 0.0137496 0.0066648 0.00912949 0.0166689 0.0276316 0.0401276 0.0511462 0.0576246 0.058125 0.0536271 0.0467255 0.039927 0.034419 0.0300371 0.0260533
 1.05852e-16 6.47064e-05 0.000628969 0.00417972 0.0190004 0.0591174 0.125956 0.183839 0.18385 0.126008 0.0592908 0.0195026 0.00544525 0.00340791 0.00539052 0.00893586 0.0131648 0.0171867 0.0201331 0.0216036 0.0218583 0.0215325 0.0211186 0.0206555 0.0198275 0.0183023
 1.0415e-16 6.1072e-05 0.000593642 0.00394496 0.0179332 0.055797 0.118882 0.173516 0.173536 0.118978 0.056119 0.0188634 0.00628024 0.00569265 0.00974844 0.0160295 0.0231116 0.0291268 0.0322224 0.0315667 0.0278506 0.0228151 0.0181922 0.0148773 0.0128172 0.0114449
 1.07997e-16 3.30515e-05 0.000321273 0.00213497 0.0097053 0.030197 0.0643396 0.0939145 0.0939575 0.0645496 0.0309027 0.0117446 0.00725844 0.0115207 0.0213465 0.0353519 0.0511891 0.0649295 0.0725689 0.0722374 0.0652575 0.0551262 0.045294 0.0375086 0.0316938 0.0269174
 1.15222e-16 4.12341e-05 0.00040081 0.00266352 0.012108 0.0376726 0.0802661 0.117155 0.117175 0.0803628 0.0379981 0.0130524 0.00504982 0.00566207 0.0101864 0.0171767 0.0256833 0.0342848 0.0415224 0.046693 0.0501128 0.052549 0.0543315 0.0549609 0.0535096 0.0493826
pSPR Fmed_Fpbrs
0.58405   0.22488 0.22488
Fs Fmed_Fpbrs
0.306529   1.005 1.005
SSBpbr Bo_Bmed_Bpbrs
1.67814e+06  896209  293473 293473
Ro
151512
SPR SPRFo_SPRFmed_SPRFpbrs
1.07852e+06 629910 242538
Fref
1.005
log_Ro
11.7484
likeval ReclasPelacesDesembMPH_pf_preclas_ppelaces_ptallas_desvR_qrecl_qpela
 13.0906 16.6196 0.0481062 0.000814177 228.727 104.49 77.1048 0 23.4463 3.22355e-07 4.69681e-06 0.245875 0 0 0
q_reclas_q_pelaces
1.08378 1.36115
M
1
N
 180664 39387.9 113008 7138.99 0.245379
 100921 58605.1 12271.8 35109 2217.65
 101471 29471.2 15892.8 3310.57 10066.8
 162336 29780.1 8045 4316.24 3632.03
 130853 42444.5 6978.92 1870.8 1847.52
 229651 42956.6 13434.1 2203.21 1173.69
 93369.8 68105.5 11888.8 3699.97 929.802
 41262.9 21122.8 13183.6 2276.17 885.862
 39642 14008.1 6988.57 4353.9 1044.16
 53340.9 10635.2 3396.35 1682.34 1298.96
 99452.4 12837.5 2234.01 706.601 619.923
 136267 33184.8 4151.6 720.876 427.995
 113688 33183.4 7079.93 877.496 242.705
 78973.4 28386.7 7317.49 1547.59 244.746
 75511.1 14934.3 4336.81 1101.21 269.509
 406256 17331.3 2946.62 846.576 267.418
 81964 102342 3866.91 651.822 246.312
 645910 23557.3 27176.2 1021.1 237.091
 364546 187192 6324.58 7256.81 335.875
 306002 95670.5 44084.9 1478.12 1773.76
 407886 83426.3 23694.1 10844.3 799.622
 551963 118934 22579.3 6379.1 3133.98
 113742 150759 29526.9 5567.9 2345
 330381 35064.8 43916.4 8566.85 2295.33
 282770 103915 10488.7 13089.8 3236.98
 125098 88928.4 31078 3125.74 4864.63
 282298 40560.7 27689.2 9648.96 2480.42
 313698 89098.3 12188 8291.46 3631.43
 88660.5 101643 27717.6 3780.69 3697.86
 68023.3 28793.4 31716.2 8624.5 2326.63
pred_Ctot
 13640.8 3863.46 11261.9 712.04 0.0244751
 13404.1 9981.4 2121.58 6074.54 383.713
 13212.2 4923.72 2695.32 561.897 1708.69
 30518.7 7086.46 1941.48 1042.4 877.198
 8986.87 3792.69 633.65 170.003 167.895
 28641.3 6882.79 2185.22 358.665 191.075
 23635.5 21475.4 3797.75 1182.72 297.229
 2026.54 1355.56 859.938 148.598 57.8355
 6960.5 3122.53 1580.18 985.205 236.284
 12066.8 3017.1 976.522 484.051 373.757
 5891.93 991.582 175.361 55.5129 48.7054
 30107.4 9206.61 1167.46 202.86 120.446
 23824.9 8756.34 1893.99 234.914 64.9771
 25587.5 11249.1 2933.95 620.892 98.1953
 18649.1 4601.59 1353.83 344.003 84.1943
 83473.7 4488.51 773.698 222.449 70.2702
 11563 18478.6 708.627 119.543 45.175
 88344 4127.93 4833.5 181.755 42.2036
 67883.5 44140.7 1512.51 1736.75 80.3873
 51314.8 20405.7 9539.23 320.084 384.12
 54493.2 14289.9 4119.59 1886.95 139.143
 92061.4 25236.1 4860.52 1374.24 675.178
 11816.7 20217.9 4021.28 758.916 319.642
 30675.5 4213.15 5359.61 1046.37 280.369
 26274.9 12495 1281 1600.01 395.684
 9479.74 8753.94 3108.16 312.873 486.95
 25669.6 4774.88 3310.95 1154.73 296.855
 23891 8813.99 1224.96 834.035 365.3
 6636.23 9884.96 2738.72 373.877 365.702
 7423.15 4051.19 4531.38 1233.21 332.697
F
 0.125817 0.166152 0.169003 0.169156 0.169164
 0.230923 0.304954 0.310187 0.310468 0.310483
 0.225933 0.298363 0.303483 0.303758 0.303772
 0.341474 0.450945 0.458684 0.459099 0.459121
 0.113888 0.150398 0.152979 0.153118 0.153125
 0.215503 0.28459 0.289474 0.289736 0.28975
 0.486213 0.642085 0.653104 0.653695 0.653726
 0.080328 0.10608 0.1079 0.107998 0.108003
 0.315721 0.416936 0.424092 0.424475 0.424495
 0.424338 0.560373 0.56999 0.570506 0.570533
 0.0975878 0.128873 0.131085 0.131203 0.131209
 0.412565 0.544827 0.554177 0.554678 0.554705
 0.387542 0.511781 0.520565 0.521035 0.52106
 0.665448 0.87878 0.893862 0.89467 0.894713
 0.471764 0.623004 0.633696 0.634269 0.634299
 0.378667 0.500061 0.508643 0.509103 0.509127
 0.246843 0.325977 0.331572 0.331871 0.331887
 0.238526 0.314994 0.3204 0.320689 0.320705
 0.337742 0.446017 0.453672 0.454082 0.454103
 0.299629 0.395685 0.402476 0.40284 0.402859
 0.232421 0.306931 0.312199 0.312481 0.312496
 0.297797 0.393265 0.400014 0.400376 0.400395
 0.176737 0.233396 0.237401 0.237616 0.237627
 0.156675 0.206903 0.210453 0.210644 0.210654
 0.156803 0.207071 0.210625 0.210815 0.210825
 0.126299 0.166789 0.169651 0.169804 0.169813
 0.153224 0.202345 0.205817 0.206003 0.206013
 0.126969 0.167672 0.17055 0.170704 0.170712
 0.124669 0.164635 0.167461 0.167612 0.16762
 0.186368 0.246114 0.250338 0.250564 0.250576
nmprior
 8 8 7 0
nm_flota  nm_reclas  nm_pelaces    nm_pelaL
inf 12.489 17.9117 31.898
cv_recla  cv_pelaces  cv_mph
0.334971 0.479705 0.880572
 ------------------------------------------------
Talla a la edad & desviación 
 8 13.2811 15.8009 17.003 17.5766
 0.8 1.32811 1.58009 1.7003 1.75766
