    unsorted:	 2.435439310e-06 2.313179904e-06 5.940937882e-05 5.726785199e-05 1.721346385e-05 8.017296951e-05 0.001099993963 13.17700873 62.11261827 162.5380773 150.3407424 234.7568836 287.1777542 374.9927192 695.6775268 551.1159475 799.3998119 863.2279169 913.2200940 937.5608538 1085.915538 1255.962176 1319.535000 1431.352312 1551.240089 1849.755573 1932.584838 2064.269647 2300.280420 2203.422238 2386.025028 2446.078391 2494.066429 2578.186717 2646.923395 2854.324092 2982.978703 3253.942728 3408.450539 3636.318089 3900.052661 5692.092996 9151.973448 37039.29141 163604.9391 413491.1514 417539.0245 404701.3074 402702.9395 386201.7317 366738.0593 472985.2881 472093.3664 475145.3344 453319.1215 340745.2063 532042.7788 562945.7249 586363.3677 612836.2987 669146.6321 826685.6994 880576.8954 1012749.850 1072038.663 1334683.599 1509646.163 1635179.550 2231646.972 2350534.346 2654795.219 2716483.511 3059637.477 3121646.549 4478824.987
      sorted:	 2.313179904e-06 2.435439310e-06 1.721346385e-05 5.726785199e-05 5.940937882e-05 8.017296951e-05 0.001099993963 13.17700873 62.11261827 150.3407424 162.5380773 234.7568836 287.1777542 374.9927192 551.1159475 695.6775268 799.3998119 863.2279169 913.2200940 937.5608538 1085.915538 1255.962176 1319.535000 1431.352312 1551.240089 1849.755573 1932.584838 2064.269647 2203.422238 2300.280420 2386.025028 2446.078391 2494.066429 2578.186717 2646.923395 2854.324092 2982.978703 3253.942728 3408.450539 3636.318089 3900.052661 5692.092996 9151.973448 37039.29141 163604.9391 340745.2063 366738.0593 386201.7317 402702.9395 404701.3074 413491.1514 417539.0245 453319.1215 472093.3664 472985.2881 475145.3344 532042.7788 562945.7249 586363.3677 612836.2987 669146.6321 826685.6994 880576.8954 1012749.850 1072038.663 1334683.599 1509646.163 1635179.550 2231646.972 2350534.346 2654795.219 2716483.511 3059637.477 3121646.549 4478824.987
