years
 1991 1992 1993 1994 1995 1996 1997 1998 1999 2000 2001 2002 2003 2004 2005 2006 2007 2008 2009 2010 2011 2012 2013 2014 2015 2016 2017 2018 2019 2020
reclasobs
 0 0 0 0 0 0 0 0 0 252601 567819 844713 477998 351125 339783 2.1784e+06 2.13404e+06 4.81314e+06 1.55562e+06 2.62356e+06 3.21686e+06 3.843e+06 1.13348e+06 3.07943e+06 1.97215e+06 2.03268e+06 2.025e+06 2.42433e+06 2.27542e+06 1.05018e+06
reclaspred
 1.04266e+06 777343 376365 104575 44479.3 408902 171320 6210.47 32503.3 122355 297967 471434 335112 217012 258434 729609 1.53566e+06 2.16739e+06 1.15269e+06 1.06663e+06 2.27763e+06 1.9179e+06 1.49102e+06 1.77796e+06 1.63744e+06 1.23167e+06 1.26903e+06 1.65799e+06 1.81805e+06 754074
pelacesobs
 0 0 0 0 0 0 0 0 0 0 0 0 0 0 0 552880 188675 0 991730 2.46772e+06 1.41603e+06 1.21717e+06 2.29649e+06 1.80582e+06 0 1.4828e+06 1.56532e+06 1.57751e+06 1.42118e+06 867257
pelacespred
 402895 323655 158360 27350.4 11492.1 173978 41440.5 1001.2 7664.7 49932.4 137304 181789 132846 91113.1 118865 289481 618006 896975 537878 438001 927285 900377 671516 889662 815882 579277 699717 909545 818697 404091
mphobs
 0 0 0 0 0 0 0 0 0 0 0 498337 0 5186 125008 0 168611 109162 213762 579715 649985 157893 87575 83554 0 0 0 0 0 0
mphpred
 769021 792380 449793 132909 39294.6 26638.4 339500 21180.2 476.742 12959.8 108920 348125 331473 150872 121393 212599 859415 1.57961e+06 1.27505e+06 643867 1.22493e+06 1.66285e+06 1.54028e+06 902389 1.54958e+06 1.2221e+06 707677 1.03913e+06 1.75775e+06 974450
desembarqueobs
 494567 514787 250237 358949 120608 361735 552515 73892 212993 205616 52469 317467 293654 387597 252695 516296 358380 742168 942051 627588 828172 859565 418607 520667 417249 300574 407403 355545 319650 289779
desembarquepred
 494116 513024 249059 359274 120167 360928 552226 73871.4 213202 205263 52430.2 317545 293060 386488 252913 516179 358085 743001 940308 630262 830754 859796 418009 519991 417440 300259 406131 355344 319585 289711
Reclutas
 251504 105489 14961.2 57332.8 27900.3 242408 5980.82 1786.21 30328.5 89082.2 122871 121429 52065.2 85173.3 83422.5 439349 292429 312785 231596 445902 462098 559064 10533.4 361204 254584 36117.7 304088 358453 23000.8 12364.1
log_desv_Rt
 1.04088 0.172022 -1.78112 -0.437712 -1.15795 1.00404 -2.69803 -3.90649 -1.0745 0.00297432 0.324551 0.312742 -0.534088 -0.0418967 -0.0626664 1.59871 1.19164 1.25893 0.958408 1.61352 1.64919 1.83968 -2.13203 1.40286 1.05305 -0.899801 1.23073 1.39521 -1.35106 -1.97179
SSB
 769021 792380 449793 132909 39294.6 26638.4 339500 21180.2 476.742 12959.8 108920 348125 331473 150872 121393 212599 859415 1.57961e+06 1.27505e+06 643867 1.22493e+06 1.66285e+06 1.54028e+06 902389 1.54958e+06 1.2221e+06 707677 1.03913e+06 1.75775e+06 974450
BT
 1.57175e+06 1.32915e+06 604680 408159 133923 1.10219e+06 581069 68998.7 219497 420115 561334 827047 643538 761606 722999 1.59498e+06 2.24367e+06 3.23359e+06 2.53872e+06 2.02839e+06 3.78236e+06 3.48331e+06 1.93883e+06 3.70737e+06 2.60244e+06 1.70444e+06 2.96965e+06 3.48208e+06 2.18733e+06 1.27123e+06
Ftot
 0.439112 0.597991 0.596986 2.43918 2.06553 0.811354 2.18918 4.65994 4.40497 1.47143 0.167213 0.612865 0.777046 1.4983 0.882776 0.652345 0.220245 0.320322 0.730578 0.54516 0.341041 0.415903 0.26261 0.275542 0.239906 0.229258 0.301036 0.202921 0.166228 0.356463
BD_Bspro_t
 0.932153 0.668006 0.448518 0.212174 0.0809935 0.0773845 0.377763 0.0343118 0.0012812 0.0400188 0.286153 0.60964 0.478024 0.281998 0.240256 0.351101 0.576286 0.679651 0.583772 0.412657 0.522842 0.581248 0.584211 0.497446 0.658751 0.658187 0.590968 0.697891 0.781256 0.665325
BD_Bspro
 1.21635 1.25329 0.71143 0.21022 0.0621516 0.0421334 0.536981 0.0335003 0.000754055 0.0204983 0.172277 0.550623 0.524284 0.238632 0.192006 0.336263 1.35932 2.49845 2.01672 1.01839 1.93745 2.6301 2.43624 1.42729 2.45094 1.93298 1.11932 1.64357 2.78019 1.54127
BD_Bo
 0.430898 0.443986 0.252028 0.0744718 0.0220176 0.014926 0.190229 0.0118677 0.000267128 0.00726164 0.0610302 0.195061 0.185731 0.0845368 0.0680192 0.119123 0.481547 0.885089 0.714434 0.360772 0.686351 0.93173 0.863052 0.505627 0.868258 0.684769 0.396525 0.582246 0.9849 0.546004
BD_Brms
 1.83047 1.88607 1.07063 0.316359 0.0935315 0.0634063 0.808099 0.0504143 0.00113477 0.0308477 0.259259 0.828629 0.788992 0.359116 0.288948 0.50604 2.04563 3.75989 3.03494 1.53257 2.91565 3.95803 3.66628 2.14792 3.6884 2.90893 1.68446 2.4734 4.18389 2.31944
Sel_flota
 0.5 1 1 1 1
 0.5 1 1 1 1
 0.5 1 1 1 1
 0.5 1 1 1 1
 0.5 1 1 1 1
 0.5 1 1 1 1
 0.5 1 1 1 1
 0.5 1 1 1 1
 0.5 1 1 1 1
 0.5 1 1 1 1
 0.5 1 1 1 1
 0.5 1 1 1 1
 0.5 1 1 1 1
 0.5 1 1 1 1
 0.5 1 1 1 1
 0.5 1 1 1 1
 0.5 1 1 1 1
 0.5 1 1 1 1
 0.5 1 1 1 1
 0.5 1 1 1 1
 0.5 1 1 1 1
 0.5 1 1 1 1
 0.5 1 1 1 1
 0.5 1 1 1 1
 0.5 1 1 1 1
 0.5 1 1 1 1
 0.5 1 1 1 1
 0.5 1 1 1 1
 0.5 1 1 1 1
 0.5 1 1 1 1
Sel_reclas
 0.5 1 1 1 1
 0.5 1 1 1 1
 0.5 1 1 1 1
 0.5 1 1 1 1
 0.5 1 1 1 1
 0.5 1 1 1 1
 0.5 1 1 1 1
 0.5 1 1 1 1
 0.5 1 1 1 1
 0.5 1 1 1 1
 0.5 1 1 1 1
 0.5 1 1 1 1
 0.5 1 1 1 1
 0.5 1 1 1 1
 0.5 1 1 1 1
 0.5 1 1 1 1
 0.5 1 1 1 1
 0.5 1 1 1 1
 0.5 1 1 1 1
 0.5 1 1 1 1
 0.5 1 1 1 1
 0.5 1 1 1 1
 0.5 1 1 1 1
 0.5 1 1 1 1
 0.5 1 1 1 1
 0.5 1 1 1 1
 0.5 1 1 1 1
 0.5 1 1 1 1
 0.5 1 1 1 1
 0.5 1 1 1 1
Sel_pelaces
 0.5 1 1 1 1
 0.5 1 1 1 1
 0.5 1 1 1 1
 0.5 1 1 1 1
 0.5 1 1 1 1
 0.5 1 1 1 1
 0.5 1 1 1 1
 0.5 1 1 1 1
 0.5 1 1 1 1
 0.5 1 1 1 1
 0.5 1 1 1 1
 0.5 1 1 1 1
 0.5 1 1 1 1
 0.5 1 1 1 1
 0.5 1 1 1 1
 0.5 1 1 1 1
 0.5 1 1 1 1
 0.5 1 1 1 1
 0.5 1 1 1 1
 0.5 1 1 1 1
 0.5 1 1 1 1
 0.5 1 1 1 1
 0.5 1 1 1 1
 0.5 1 1 1 1
 0.5 1 1 1 1
 0.5 1 1 1 1
 0.5 1 1 1 1
 0.5 1 1 1 1
 0.5 1 1 1 1
 0.5 1 1 1 1
pf_obs 
 0.8446 0.082 0.0669 0.0065 0
 0.8095 0.147 0.0364 0.0071 0
 0.9664 0.0169 0.016 0.0007 0
 0.9276 0.0648 0.0075 0.0001 0
 0.7033 0.2144 0.0806 0.0017 0
 0.9318 0.0425 0.0243 0.0014 0
 0.5671 0.3108 0.0964 0.0239 0.0018
 0.0768 0.2599 0.5324 0.112 0.0189
 0.490249 0.384438 0.106611 0.0170017 0.00170017
 0.7925 0.1577 0.0466 0.003 0.0002
 0.840416 0.127587 0.0312969 0.00059994 9.999e-05
 0.8084 0.0986 0.0794 0.0134 0.0002
 0.7335 0.1905 0.0724 0.0035 0.0001
 0.4001 0.4547 0.1325 0.0127 0
 0.49795 0.308269 0.164784 0.0264974 0.00249975
 0.9179 0.0499 0.0305 0.0017 0
 0.2467 0.6533 0.0926 0.0074 0
 0.9418 0.0223 0.034 0.0019 0
 0.707729 0.231977 0.0356964 0.0245975 0
 0.517169 0.277429 0.184464 0.0207286 0.00020938
 0.811772 0.124168 0.05621 0.00726502 0.000585176
 0.764997 0.148141 0.077277 0.00933861 0.000247198
 0.163321 0.427699 0.378323 0.0303852 0.000271297
 0.753843 0.0900009 0.118128 0.0371064 0.000921714
 0.721811 0.176058 0.0630433 0.0369309 0.00215725
 0.143369 0.312575 0.442814 0.0836902 0.0175525
 0.692698 0.0596174 0.167031 0.0765114 0.00414204
 0.394062 0.376323 0.152708 0.0712218 0.00568511
 0.125707 0.32114 0.495352 0.0537591 0.00404204
 0.23352 0.215282 0.420074 0.123614 0.00750983
pf_pred 
 0.688947 0.196623 0.0723336 0.02661 0.0154864
 0.399367 0.501551 0.0626319 0.023041 0.0134093
 0.152054 0.521696 0.272431 0.0340202 0.019799
 0.751088 0.0749829 0.107009 0.0558806 0.0110393
 0.742097 0.241068 0.00507125 0.00723726 0.00452593
 0.972633 0.0252216 0.00200488 4.21758e-05 9.78304e-05
 0.0648107 0.925104 0.00929501 0.000738865 5.15969e-05
 0.313773 0.157307 0.523216 0.00525703 0.000447066
 0.996963 0.00258445 0.000103665 0.000344799 3.759e-06
 0.97884 0.0211545 4.92913e-06 1.97713e-07 6.64779e-07
 0.800857 0.197831 0.00131225 3.05761e-07 5.35016e-08
 0.594844 0.362287 0.0425864 0.000282483 7.73373e-08
 0.416591 0.455132 0.114704 0.0134834 8.94621e-05
 0.731301 0.173476 0.0742854 0.0187217 0.00221532
 0.748687 0.22607 0.016297 0.00697864 0.0019669
 0.917899 0.0728518 0.00831996 0.00059977 0.000329219
 0.5584 0.426034 0.0138126 0.00157745 0.000176135
 0.558025 0.32253 0.115235 0.00373608 0.000474317
 0.49914 0.368364 0.0966885 0.0345453 0.0012622
 0.7496 0.178928 0.0525653 0.0137974 0.00510971
 0.634325 0.320404 0.0323497 0.00950368 0.00341836
 0.626803 0.29616 0.0674997 0.00681514 0.00272229
 0.0256534 0.7718 0.160736 0.0366344 0.00517629
 0.751666 0.0133817 0.186111 0.0387597 0.0100822
 0.500414 0.433623 0.00355448 0.0494353 0.0129735
 0.134547 0.590864 0.238334 0.00195367 0.034302
 0.77294 0.0567087 0.116303 0.0469125 0.00713638
 0.631141 0.325214 0.0109004 0.0223554 0.0103891
 0.0726233 0.727282 0.176418 0.00591314 0.0177629
 0.107452 0.126095 0.60108 0.145805 0.0195676
pobs_RECLAS
 0 0 0 0 0
 0 0 0 0 0
 0 0 0 0 0
 0 0 0 0 0
 0 0 0 0 0
 0 0 0 0 0
 0 0 0 0 0
 0 0 0 0 0
 0 0 0 0 0
 0 0 0 0 0
 0.991045 0.00858322 0.000360255 1.14367e-05 0
 0.934742 0.0480273 0.0164251 0.00080598 0
 0.827803 0.169806 0.00239088 0 0
 0.941827 0.0461693 0.0120037 0 0
 0.791401 0.0380133 0.147996 0.0225897 0
 0.846168 0.0940531 0.0597789 0 0
 0.134021 0.677848 0.182769 0.00536245 0
 0.80878 0.0450904 0.141981 0.00414843 0
 0.846168 0.0940531 0.0597789 0 0
 0.905697 0.0802665 0.012482 0.00150086 5.37128e-05
 0.989698 0.0102097 9.19794e-05 0 0
 0.975433 0.0193895 0.00387452 0.00125025 5.28907e-05
 0.303575 0.632131 0.0575291 0.00676475 0
 0.966965 0.00978017 0.0227588 0.000495775 0
 0.843318 0.132988 0.00938335 0.0141283 0.000182051
 0.564624 0.303363 0.111486 0.0197234 0.00080311
 0.826376 0.0876187 0.0782897 0.00655872 0.00115652
 0.89761 0.0855135 0.0140674 0.00269457 0.000114338
 0.34875 0.467042 0.161289 0.0227151 0.000203297
 0.318654 0.224769 0.449479 0.00709798 0
ppred_RECLAS
 0.693988 0.193436 0.0711613 0.0261788 0.0152354
 0.407762 0.494541 0.0617565 0.0227189 0.0132219
 0.156595 0.518902 0.270972 0.033838 0.0196929
 0.79555 0.0615889 0.0878946 0.0458989 0.00906739
 0.778179 0.207342 0.00436176 0.00622473 0.00389273
 0.973988 0.0239737 0.00190568 4.00889e-05 9.29896e-05
 0.0792134 0.910856 0.00915186 0.000727486 5.08022e-05
 0.471271 0.121203 0.403131 0.00405047 0.000344458
 0.998356 0.00139941 5.61319e-05 0.0001867 2.0354e-06
 0.98119 0.0188046 4.38157e-06 1.7575e-07 5.90932e-07
 0.802079 0.196617 0.00130419 3.03885e-07 5.31733e-08
 0.603491 0.354555 0.0416776 0.000276455 7.56869e-08
 0.428595 0.445767 0.112344 0.0132059 8.76213e-05
 0.75484 0.158279 0.0677779 0.0170817 0.00202126
 0.759525 0.216321 0.0155942 0.00667769 0.00188208
 0.920794 0.0702832 0.00802662 0.000578624 0.000317611
 0.560977 0.423548 0.013732 0.00156825 0.000175107
 0.562002 0.319628 0.114198 0.00370246 0.000470048
 0.510468 0.360032 0.0945017 0.033764 0.00123365
 0.75537 0.174805 0.051354 0.0134794 0.00499196
 0.638349 0.316878 0.0319937 0.00939909 0.00338074
 0.631959 0.292068 0.0665671 0.00672098 0.00268468
 0.0259751 0.771545 0.160683 0.0366223 0.00517459
 0.754182 0.0132461 0.184225 0.0383669 0.00998
 0.503296 0.431121 0.00353398 0.0491501 0.0128987
 0.135826 0.58999 0.237982 0.00195078 0.0342513
 0.775562 0.0560538 0.114959 0.0463707 0.00705397
 0.633358 0.32326 0.0108349 0.0222211 0.0103267
 0.0731389 0.726878 0.17632 0.00590985 0.017753
 0.109224 0.125845 0.599887 0.145516 0.0195288
pobs_PELACES
 0 0 0 0 0
 0 0 0 0 0
 0 0 0 0 0
 0 0 0 0 0
 0 0 0 0 0
 0 0 0 0 0
 0 0 0 0 0
 0 0 0 0 0
 0 0 0 0 0
 0 0 0 0 0
 0 0 0 0 0
 0 0 0 0 0
 0 0 0 0 0
 0 0 0 0 0
 0 0 0 0 0
 0 0 0 0 0
 0.505614 0.472636 0.0217494 0 0
 0 0 0 0 0
 0.443492 0.261883 0.143347 0.151278 0
 0.227955 0.32914 0.350689 0.0885471 0.00366901
 0.970185 0.0296113 0.000203453 0 0
 0.997202 0.00247181 0.000326279 0 0
 0.445219 0.490057 0.0546422 0.010081 0
 0.90214 0.0892962 0.00764917 0.000914606 0
 0 0 0 0 0
 0.581667 0.319106 0.0959925 0.00289975 0.000334073
 0.762889 0.0836404 0.116647 0.0363945 0.000428098
 0.88444 0.0763242 0.0277011 0.0115352 0
 0.521256 0.241999 0.230069 0.00667565 0
 0.616807 0.101726 0.260614 0.0208532 0
ppred_PELACES
 0.709155 0.183849 0.0676343 0.0248813 0.0144803
 0.431789 0.474478 0.059251 0.0217972 0.0126855
 0.170049 0.510624 0.26665 0.0332982 0.0193788
 0.853357 0.0441751 0.063043 0.0329213 0.00650365
 0.831444 0.157553 0.00331438 0.00473 0.00295798
 0.977173 0.0210383 0.00167235 3.51804e-05 8.16041e-05
 0.10989 0.880511 0.00884696 0.000703249 4.91097e-05
 0.657877 0.0784263 0.260853 0.00262093 0.000222887
 0.999204 0.000677112 2.71597e-05 9.03356e-05 9.84837e-07
 0.985185 0.0148111 3.45107e-06 1.38426e-07 4.65437e-07
 0.806422 0.192302 0.00127557 2.97216e-07 5.20064e-08
 0.627417 0.33316 0.0391626 0.000259773 7.11197e-08
 0.460241 0.421079 0.106122 0.0124746 8.27686e-05
 0.797673 0.130626 0.0559361 0.0140973 0.00166811
 0.785116 0.1933 0.0139347 0.00596705 0.00168179
 0.928297 0.0636253 0.00726626 0.000523811 0.000287524
 0.569906 0.414933 0.0134527 0.00153635 0.000171546
 0.574967 0.310167 0.110818 0.00359287 0.000456135
 0.540517 0.337933 0.0887009 0.0316915 0.00115793
 0.771608 0.163202 0.0479452 0.0125847 0.00466061
 0.651236 0.305586 0.0308536 0.00906416 0.00326027
 0.647771 0.27952 0.0637073 0.00643223 0.00256935
 0.0270942 0.770658 0.160499 0.0365802 0.00516864
 0.762513 0.0127971 0.177981 0.0370666 0.00964177
 0.513189 0.422535 0.00346359 0.0481711 0.0126418
 0.140328 0.586917 0.236742 0.00194061 0.0340729
 0.78409 0.0539241 0.110592 0.0446088 0.00678595
 0.641097 0.316436 0.0106062 0.021752 0.0101087
 0.0750201 0.725403 0.175962 0.00589786 0.017717
 0.115079 0.125017 0.595944 0.144559 0.0194004
pobs_pel_tallas
 0 0 0 0 0 0 0 0 0 0 0 0 0 0 0 0 0 0 0 0 0 0 0 0 0 0
 0 0 0 0 0 0 0 0 0 0 0 0 0 0 0 0 0 0 0 0 0 0 0 0 0 0
 0 0 0 0 0 0 0 0 0 0 0 0 0 0 0 0 0 0 0 0 0 0 0 0 0 0
 0 0 0 0 0 0 0 0 0 0 0 0 0 0 0 0 0 0 0 0 0 0 0 0 0 0
 0 0 0 0 0 0 0 0 0 0 0 0 0 0 0 0 0 0 0 0 0 0 0 0 0 0
 0 0 0 0 0 0 0 0 0 0 0 0 0 0 0 0 0 0 0 0 0 0 0 0 0 0
 0 0 0 0 0 0 0 0 0 0 0 0 0 0 0 0 0 0 0 0 0 0 0 0 0 0
 0 0 0 0 0 0 0 0 0 0 0 0 0 0 0 0 0 0 0 0 0 0 0 0 0 0
 0 0 0 0 0 0 0 0 0 0 0 0 0 0 0 0 0 0 0 0 0 0 0 0 0 0
 0 0 0 0 0 0 0 0 0 0 0 0 0 0 0 0 0 0 0 0 0 0 0 0 0 0
 0 0 0 0 0 0 0 0 0 0 0 0 0 0 0 0 0 0 0 0 0 0 0 0 0 0
 0 0 0 0 0 0 0 0 0 0 0 0 0 0 0 0 0 0 0 0 0 0 0 0 0 0
 0.00862536 0 0 0.000197151 0.00414017 0.0128641 0.00837892 0.0270097 0.101434 0.158115 0.152841 0.127902 0.109271 0.109419 0.0830992 0.0579132 0.0238553 0.00714673 0.00463305 0.00128148 0.00103504 0.000492878 0.000147863 0.000147863 4.92878e-05 0
 0 0 0 0 0 0 0 0 0 0 0 0 0 0 0 0 0 0 0 0 0 0 0 0 0 0
 0 0 0 0 0 0 0 0.0054083 0.00873648 0.0413646 0.0450493 0.0745869 0.0622846 0.0627006 0.0613931 0.0827291 0.12552 0.122667 0.0946155 0.0697135 0.0546179 0.0294188 0.0215738 0.0213955 0.0102223 0.00600262
 0 0 0 0 0.00359764 0.0251062 0.0480494 0.140153 0.205849 0.193036 0.1447 0.116669 0.0760912 0.0342217 0.00950174 0.001854 0.000860785 0 0 0 0.000165536 0 0.000143464 0 0 0
 0 0 0 0 0 0 0 0.000145254 0.000435761 0.0275982 0.070085 0.0708112 0.156366 0.174668 0.174014 0.160142 0.0824315 0.0480064 0.0283245 0.00493863 0.00203355 0 0 0 0 0
 0 0 0 0 0 0 0 0 0 0 0 0 0 0 0 0 0 0 0 0 0 0 0 0 0 0
 0 0 1.00437e-05 0.000401748 0.00122533 0.00171747 0.00176769 0.0269171 0.070346 0.194647 0.189555 0.159765 0.064822 0.0314167 0.0384472 0.0292271 0.0345202 0.0313363 0.0194345 0.0106764 0.0143323 0.0359363 0.0279516 0.0138201 0.00172751 0
 0 0.0021121 0.0136068 0.0755702 0.200478 0.177729 0.0527432 0.0373336 0.0318909 0.0142505 0.0149659 0.0166563 0.0217959 0.0798694 0.0677717 0.0528807 0.04013 0.0224614 0.0357745 0.0225083 0.00881397 0.00855152 0.00135912 0.000746735 0 0
 0 0 0 0 5.4009e-05 0.00500934 0.000945158 0.0243581 0.138947 0.33067 0.221406 0.137944 0.0707744 0.0437923 0.0131692 0.00525238 0.0047753 0.00276346 9.45158e-05 9.00151e-06 2.25038e-05 9.00151e-06 4.50075e-06 0 0 0
 0.000866109 0.00284123 0.00948549 0.0512746 0.133035 0.25785 0.225252 0.132002 0.0553304 0.0519788 0.0540692 0.017754 0.00435017 0.00159236 0.00146478 0.000404838 0.000125132 0.000115318 0.000107957 0.000100596 0 0 0 0 0 0
 0 0 0 0 0.00144013 0.00171154 0.00461396 0.0210425 0.0478622 0.0707936 0.0888783 0.103762 0.0637923 0.0337046 0.0602308 0.124433 0.169614 0.0934646 0.0462172 0.0250306 0.0313229 0.00938855 0.002487 0.000210481 0 0
 0 0.00764035 0.051015 0.0998891 0.058973 0.0496711 0.0374665 0.0718981 0.12319 0.153886 0.159021 0.0857701 0.0377988 0.023471 0.0147837 0.00900784 0.00315554 0.000888139 0.00291439 0.00214683 0.00393193 0.00274676 0.000635225 9.99891e-05 0 0
 0 0 0 0 0 0 0 0 0 0 0 0 0 0 0 0 0 0 0 0 0 0 0 0 0 0
 0 0 0 0 0 0 0 0 0 0 0 0 0 0 0 0 0 0 0 0 0 0 0 0 0 0
 0 0 0 0 0 0 0 0 0 0 0 0 0 0 0 0 0 0 0 0 0 0 0 0 0 0
 0 0 0 0 0 0 0 0 0 0 0 0 0 0 0 0 0 0 0 0 0 0 0 0 0 0
 0 0 0 0 0 0 0 0 0 0 0 0 0 0 0 0 0 0 0 0 0 0 0 0 0 0
 0 0 0 0 0 0 0 0 0 0 0 0 0 0 0 0 0 0 0 0 0 0 0 0 0 0
ppred_pel_tallas
 1.06945e-16 5.84122e-05 0.000567787 0.00377315 0.0171522 0.0533669 0.113705 0.165959 0.165977 0.113792 0.0536592 0.0179973 0.00589822 0.00521912 0.00892863 0.0147651 0.0214937 0.0275196 0.0312584 0.0319946 0.0302823 0.0274931 0.0248899 0.0229681 0.0214633 0.0198192
 1.06164e-16 3.5566e-05 0.000345714 0.00229739 0.0104436 0.0324943 0.0692342 0.101059 0.101105 0.0694576 0.0332444 0.0126102 0.00773541 0.0122159 0.0225765 0.037261 0.0536601 0.0674593 0.0742869 0.0721428 0.0625966 0.0497202 0.037643 0.0286275 0.0227741 0.0189742
 1.14445e-16 1.40068e-05 0.000136151 0.000904776 0.00411301 0.0127974 0.027268 0.0398088 0.0398583 0.0275101 0.0136113 0.00646782 0.00683057 0.0131216 0.0248203 0.0413883 0.0605003 0.077918 0.0892638 0.0924339 0.0886712 0.0813483 0.0735447 0.0664373 0.0594891 0.051743
 1.06233e-16 7.02899e-05 0.000683243 0.00454039 0.0206399 0.0642186 0.136825 0.1997 0.199705 0.136846 0.0642905 0.0208491 0.00507034 0.0018568 0.00234852 0.00390209 0.00592429 0.0081102 0.0101996 0.0120879 0.0138497 0.0155867 0.0172245 0.0184508 0.0188562 0.0181645
 1.01111e-16 6.8485e-05 0.000665699 0.0044238 0.02011 0.0625697 0.133312 0.194576 0.194591 0.133386 0.0628182 0.0208275 0.0062234 0.00458965 0.00750741 0.0122681 0.0175856 0.0219476 0.0238684 0.0226743 0.0189175 0.0140302 0.00949793 0.00618522 0.00419557 0.00316142
 1.00072e-16 8.04884e-05 0.000782376 0.00519916 0.0236346 0.0735362 0.156677 0.228675 0.228677 0.156687 0.0735694 0.0237306 0.00543983 0.00130738 0.00107645 0.00164922 0.00236087 0.00295357 0.00322476 0.00308238 0.00259554 0.00194864 0.00133349 0.000862588 0.000553043 0.000365121
 1.0056e-16 9.05166e-06 8.79854e-05 0.000584698 0.00265801 0.0082705 0.0176243 0.0257409 0.0258256 0.018038 0.0096589 0.00666571 0.0106353 0.0219976 0.0415284 0.0684018 0.0979734 0.122023 0.132178 0.124583 0.102265 0.0732422 0.0459485 0.0254644 0.0126942 0.00590219
 1.07849e-16 5.41885e-05 0.000526731 0.00350032 0.0159119 0.049508 0.105482 0.153956 0.153964 0.105521 0.04964 0.0162982 0.00448841 0.00274447 0.00444337 0.0077205 0.0121834 0.0175306 0.0234 0.0294729 0.0354125 0.0406252 0.0441392 0.0448721 0.042199 0.0364053
 1.00011e-16 8.23031e-05 0.000800016 0.00531639 0.0241675 0.0751941 0.160209 0.23383 0.23383 0.160209 0.0751952 0.0241706 0.00532413 0.000816911 0.000114357 5.8697e-05 7.6326e-05 9.53118e-05 0.000104437 0.000100678 8.64567e-05 6.78445e-05 5.09628e-05 3.91016e-05 3.22197e-05 2.83476e-05
 1.00005e-16 8.11484e-05 0.000788791 0.00524179 0.0238284 0.0741391 0.157961 0.230549 0.230551 0.157968 0.0741625 0.0238958 0.0054108 0.00115718 0.000779153 0.00115535 0.0016463 0.00204872 0.00221665 0.00208495 0.00170483 0.00121192 0.000749069 0.000402647 0.00018834 7.67848e-05
 1.00087e-16 6.6424e-05 0.000645665 0.00429067 0.0195048 0.0606867 0.1293 0.188721 0.18874 0.12939 0.0609899 0.02038 0.00648545 0.00542997 0.00913232 0.0149389 0.021388 0.0266311 0.0288349 0.0271564 0.0222582 0.0158946 0.00991239 0.00542576 0.0026352 0.00116168
 1.01242e-16 5.16796e-05 0.000502344 0.00333826 0.0151752 0.047216 0.1006 0.146835 0.146867 0.100757 0.0477425 0.0166957 0.00715387 0.00882888 0.0158563 0.0261075 0.0375447 0.0470832 0.0516054 0.0496544 0.0422912 0.0323699 0.0228449 0.0154295 0.0103716 0.00707813
 1.04436e-16 3.79095e-05 0.000368494 0.00244878 0.0111318 0.0346354 0.0737959 0.107716 0.107756 0.0739946 0.0353027 0.0130602 0.00729262 0.0109536 0.020173 0.0333727 0.0482613 0.0610806 0.0679975 0.0672009 0.059919 0.049475 0.0391983 0.0308559 0.0245201 0.0194514
 1.03344e-16 6.57033e-05 0.000638659 0.00424412 0.0192931 0.0600282 0.127897 0.186672 0.186685 0.127959 0.060236 0.0198943 0.00575599 0.00394902 0.00638185 0.0105229 0.0153311 0.0196543 0.0223558 0.0229005 0.0216364 0.0194821 0.0172924 0.0154196 0.0137377 0.0119681
 1.01335e-16 6.4669e-05 0.000628606 0.00417731 0.0189894 0.0590833 0.125884 0.183735 0.183754 0.125975 0.0593886 0.0198708 0.00638864 0.00545265 0.00921672 0.0151095 0.0217008 0.0271667 0.0296971 0.0284621 0.0241116 0.0183492 0.0129323 0.00886886 0.00627128 0.00472209
 1.00328e-16 7.64626e-05 0.000743244 0.00493912 0.0224525 0.0698581 0.14884 0.217238 0.217244 0.14887 0.0699587 0.0227429 0.00566779 0.00233337 0.00309471 0.00499059 0.00717072 0.00899335 0.00986008 0.00949415 0.00810017 0.00622483 0.00443253 0.00304818 0.00211429 0.00151117
 1.00678e-16 4.69425e-05 0.000456298 0.00303226 0.0137843 0.0428881 0.0913792 0.133379 0.133419 0.0915742 0.0435427 0.0156739 0.00777194 0.0107909 0.0196382 0.0322972 0.0462985 0.0577526 0.0627281 0.0594111 0.0492085 0.035853 0.0232541 0.0137449 0.00771688 0.0043584
 1.03715e-16 4.73593e-05 0.000460349 0.00305918 0.0139066 0.0432688 0.0921899 0.13456 0.13459 0.0923365 0.0437614 0.0153306 0.00663828 0.00828916 0.0149611 0.0247759 0.0359558 0.0457689 0.0514287 0.0515927 0.0470804 0.0401759 0.0331305 0.0270845 0.0220448 0.0175623
 1.06021e-16 4.45218e-05 0.000432767 0.00287589 0.0130734 0.0406764 0.0866666 0.126499 0.126532 0.0868261 0.0412123 0.014622 0.0067666 0.00893771 0.0162309 0.0268517 0.0388868 0.0493448 0.0551962 0.0550361 0.0498799 0.0423804 0.0351309 0.0294059 0.0250837 0.0214073
 1.03477e-16 6.35564e-05 0.00061779 0.00410544 0.0186627 0.0580667 0.123718 0.180573 0.180589 0.123795 0.0583257 0.0194112 0.00598621 0.00473031 0.00789398 0.0130023 0.0188477 0.0239619 0.0268887 0.0269532 0.0246397 0.0212111 0.0178926 0.0152724 0.0132723 0.0115194
 1.0243e-16 5.36415e-05 0.000521415 0.00346499 0.0157513 0.0490084 0.104419 0.152408 0.152438 0.104563 0.0494912 0.0171457 0.00696399 0.00815669 0.0145454 0.0239379 0.0344233 0.0431731 0.0473417 0.0456187 0.0390117 0.0301706 0.0218161 0.0154906 0.0113472 0.00873908
 1.0299e-16 5.33561e-05 0.00051864 0.00344655 0.0156675 0.0487476 0.103863 0.151597 0.151624 0.103995 0.0491904 0.0169468 0.00665954 0.00753828 0.0134013 0.022113 0.0319467 0.0403733 0.0448374 0.0441382 0.0391098 0.0319967 0.0250582 0.019509 0.0154125 0.0122574
 1.09372e-16 2.23188e-06 2.16947e-05 0.000144173 0.000655434 0.0020397 0.00434854 0.0063624 0.00643676 0.00471193 0.00326009 0.00418142 0.0089989 0.0193649 0.0367775 0.0608987 0.0879634 0.111109 0.12331 0.12129 0.107409 0.0879309 0.0691358 0.0543636 0.0436995 0.0355841
 1.10489e-16 6.28072e-05 0.000610509 0.00405704 0.0184427 0.0573822 0.122259 0.178441 0.178442 0.122266 0.0574084 0.0185222 0.00427045 0.00112267 0.00117162 0.00219401 0.00398923 0.006768 0.0107511 0.0159957 0.0222124 0.0286434 0.0341422 0.0375091 0.0379475 0.0353884
 1.07179e-16 4.22708e-05 0.000410887 0.00273049 0.0124124 0.0386199 0.0822853 0.120106 0.120147 0.0824839 0.0392866 0.0143371 0.00755837 0.0109397 0.0200086 0.0329364 0.0472763 0.0591279 0.0645808 0.0619141 0.052692 0.0407931 0.0301467 0.0228928 0.0190254 0.0172455
 1.12943e-16 1.15587e-05 0.000112355 0.000746642 0.00339416 0.0105608 0.022503 0.0328557 0.0329125 0.0227807 0.0114939 0.00609213 0.00753023 0.0149584 0.0283162 0.0470786 0.0684778 0.0874846 0.0989173 0.100303 0.0932033 0.0818654 0.0703814 0.0606759 0.0525127 0.0448319
 1.08828e-16 6.45844e-05 0.000627784 0.00417184 0.0189646 0.0590059 0.125719 0.183491 0.183496 0.125745 0.0590949 0.0192238 0.00483108 0.00209573 0.00293766 0.00497867 0.00769477 0.0107961 0.0140219 0.0172537 0.0205081 0.0237381 0.0266197 0.0285541 0.0289271 0.0274388
 1.0428e-16 5.28064e-05 0.000513297 0.00341104 0.0155061 0.0482454 0.102793 0.150036 0.150066 0.102942 0.0487449 0.016948 0.00702819 0.00840253 0.0150157 0.0246889 0.0354441 0.0443396 0.048432 0.046404 0.0393864 0.0302437 0.0219023 0.015995 0.0126 0.0108587
 1.08853e-16 6.17946e-06 6.00666e-05 0.000399167 0.0018146 0.00564627 0.0120326 0.0175765 0.0176466 0.0123748 0.00679564 0.00513574 0.00874082 0.0182869 0.0346714 0.0574359 0.0830303 0.105013 0.116775 0.115202 0.102445 0.0842942 0.0665699 0.0523881 0.0418953 0.0337649
 1.3501e-16 9.47893e-06 9.21386e-05 0.000612294 0.00278341 0.00866028 0.0184521 0.0269341 0.0269471 0.0185161 0.00887775 0.00342372 0.00226565 0.00385438 0.00760447 0.0137352 0.0225461 0.0341485 0.0485278 0.0655297 0.0844714 0.103545 0.119653 0.129185 0.129489 0.120135
pSPR Fmed_Fpbrs
0.438425   0.285403 0.285403
Fs Fmed_Fpbrs
0.594433   1.005 1.005
SSBpbr Bo_Bmed_Bpbrs
1.7847e+06  693221  420122 420122
Ro
88817.6
SPR SPRFo_SPRFmed_SPRFpbrs
632239 277189 180443
Fref
1.005
log_Ro
11.2143
likeval ReclasPelacesDesembMPH_pf_preclas_ppelaces_ptallas_desvR_qrecl_qpela
 35.2372 56.6395 0.60256 0.00221553 284.992 131.181 99.8191 0 88.6227 0 0 0.0539916 0 0 0
q_reclas_q_pelaces
1 1
M
1
N
 251504 39118.1 14390.7 5294.06 3081.02
 105489 74284.6 9276.39 3412.59 1986.05
 14961.2 28778 15028 1876.64 1092.16
 57332.8 4083.56 5827.71 3043.25 601.199
 27900.3 6229.42 131.046 187.017 116.954
 242408 3654.17 290.472 6.11053 14.1739
 5980.82 59438.7 597.212 47.4727 3.31514
 1786.21 736.362 2449.21 24.6085 2.09274
 30328.5 63.9358 2.56454 8.52987 0.0929926
 89082.2 1233.19 0.28734 0.0115255 0.0387529
 122871 15702.9 104.16 0.0242698 0.0042467
 121429 41576.3 4887.25 32.418 0.00887528
 52065.2 32881 8286.8 974.105 6.46318
 85173.3 12987.3 5561.39 1401.61 165.85
 83422.5 14813.5 1067.87 457.282 128.883
 439349 19737.7 2254.12 162.495 89.1951
 292429 116644 3781.74 431.89 48.2239
 312785 96360.9 34428.3 1116.21 141.709
 231596 98038 25733.1 9194.04 335.927
 445902 59127.9 17370.6 4559.45 1688.54
 462098 124901 12610.7 3704.75 1332.56
 559064 143345 32670.7 3298.61 1317.63
 10533.4 167053 34790.8 7929.39 1120.39
 361204 3398.21 47261.9 9842.83 2560.32
 254584 115778 949.051 13199.3 3463.95
 36117.7 83069.6 33507.4 274.666 4822.53
 304088 11847.9 24298.7 9801.25 1490.98
 358453 96235.7 3225.6 6615.3 3074.3
 23000.8 119144 28901.1 968.698 2909.94
 12364.1 7786.67 37118.2 9003.84 1208.35
pred_Ctot
 31904.7 9105.5 3349.73 1232.3 717.167
 17656.9 22174.7 2769.1 1018.69 592.856
 2500.52 8579.28 4480.13 559.462 325.594
 28079.6 2803.25 4000.57 2089.11 412.707
 12318.4 4001.62 84.1802 120.135 75.1283
 52804.7 1369.3 108.846 2.28974 5.31126
 2740.65 39119.9 393.058 31.2444 2.18188
 1205.07 604.15 2009.46 20.1901 1.71699
 20010.1 51.8725 2.08067 6.92048 0.0754469
 31103.2 672.198 0.156626 0.00628244 0.0211238
 6272.38 1549.43 10.2776 0.00239475 0.00041903
 20769.4 12649.5 1486.94 9.86311 0.00270029
 10934.4 11946 3010.68 353.902 2.34814
 30134.7 7148.43 3061.08 771.466 91.2867
 19501.8 5888.69 424.505 181.78 51.234
 79369.6 6299.4 719.416 51.8614 28.4671
 19449.7 14839.2 481.108 54.9444 6.13498
 29645.9 17134.9 6122.04 198.485 25.1988
 46144.4 34054.4 8938.64 3193.64 116.687
 68756.9 16412.1 4821.55 1265.56 468.688
 46435.6 23455.1 2368.16 695.715 250.24
 67485.5 31886.4 7267.43 733.76 293.099
 828.148 24915.4 5188.92 1182.64 167.102
 29718.3 529.066 7358.19 1532.43 398.615
 18370.1 15918.3 130.485 1814.76 476.257
 2495.91 10960.8 4421.22 36.2415 636.321
 27192.6 1995.05 4091.61 1650.41 251.063
 22043.8 11358.7 380.718 780.804 362.86
 1167.47 11691.6 2836.05 95.0579 285.551
 1294.59 1519.19 7241.83 1756.67 235.751
F
 0.219556 0.439112 0.439112 0.439112 0.439112
 0.298996 0.597991 0.597991 0.597991 0.597991
 0.298493 0.596986 0.596986 0.596986 0.596986
 1.21959 2.43918 2.43918 2.43918 2.43918
 1.03277 2.06553 2.06553 2.06553 2.06553
 0.405677 0.811354 0.811354 0.811354 0.811354
 1.09459 2.18918 2.18918 2.18918 2.18918
 2.32997 4.65994 4.65994 4.65994 4.65994
 2.20248 4.40497 4.40497 4.40497 4.40497
 0.735717 1.47143 1.47143 1.47143 1.47143
 0.0836067 0.167213 0.167213 0.167213 0.167213
 0.306433 0.612865 0.612865 0.612865 0.612865
 0.388523 0.777046 0.777046 0.777046 0.777046
 0.749152 1.4983 1.4983 1.4983 1.4983
 0.441388 0.882776 0.882776 0.882776 0.882776
 0.326172 0.652345 0.652345 0.652345 0.652345
 0.110122 0.220245 0.220245 0.220245 0.220245
 0.160161 0.320322 0.320322 0.320322 0.320322
 0.365289 0.730578 0.730578 0.730578 0.730578
 0.27258 0.54516 0.54516 0.54516 0.54516
 0.170521 0.341041 0.341041 0.341041 0.341041
 0.207951 0.415903 0.415903 0.415903 0.415903
 0.131305 0.26261 0.26261 0.26261 0.26261
 0.137771 0.275542 0.275542 0.275542 0.275542
 0.119953 0.239906 0.239906 0.239906 0.239906
 0.114629 0.229258 0.229258 0.229258 0.229258
 0.150518 0.301036 0.301036 0.301036 0.301036
 0.101461 0.202921 0.202921 0.202921 0.202921
 0.0831141 0.166228 0.166228 0.166228 0.166228
 0.178231 0.356463 0.356463 0.356463 0.356463
nmprior
 8 8 7 0
nm_flota  nm_reclas  nm_pelaces    nm_pelaL
inf 4.62285 4.97142 6.85136
cv_recla  cv_pelaces  cv_mph
0.549576 0.885572 1.45259
 ------------------------------------------------
Talla a la edad & desviación 
 8 13.2811 15.8009 17.003 17.5766
 0.8 1.32811 1.58009 1.7003 1.75766
