years
 1991 1992 1993 1994 1995 1996 1997 1998 1999 2000 2001 2002 2003 2004 2005 2006 2007 2008 2009 2010 2011 2012 2013 2014 2015 2016 2017 2018 2019 2020
reclasobs
 0 0 0 0 0 0 0 0 0 252601 567819 844713 477998 351125 339783 2.1784e+06 2.13404e+06 4.81314e+06 1.55562e+06 2.62356e+06 3.21686e+06 3.843e+06 1.13348e+06 3.07943e+06 1.97215e+06 2.03268e+06 2.025e+06 2.42433e+06 2.27542e+06 1.05018e+06
reclaspred
 2.79112e+06 2.17439e+06 1.23397e+06 1.06298e+06 1.20586e+06 1.48058e+06 1.08478e+06 1.07026e+06 838273 667808 586792 722503 740919 656282 768939 1.23375e+06 1.76128e+06 2.67663e+06 2.48458e+06 2.02244e+06 3.41502e+06 2.67103e+06 2.63375e+06 3.27331e+06 2.87396e+06 2.69344e+06 2.76525e+06 2.69991e+06 3.01895e+06 2.3279e+06
pelacesobs
 0 0 0 0 0 0 0 0 0 0 0 0 0 0 0 552880 188675 0 991730 2.46772e+06 1.41603e+06 1.21717e+06 2.29649e+06 1.80582e+06 0 1.4828e+06 1.56532e+06 1.57751e+06 1.42118e+06 867257
pelacespred
 1.20906e+06 1.04923e+06 626063 475611 544200 665133 480012 549514 443524 326672 310985 305987 340284 325083 399980 536059 744599 1.19783e+06 1.23596e+06 959612 1.41431e+06 1.33496e+06 1.24983e+06 1.65813e+06 1.49827e+06 1.33579e+06 1.54642e+06 1.55342e+06 1.40055e+06 1.20106e+06
mphobs
 0 0 0 0 0 0 0 0 0 0 0 498337 0 5186 125008 0 168611 109162 213762 579715 649985 157893 87575 83554 0 0 0 0 0 0
mphpred
 2.12595e+06 2.25956e+06 1.31271e+06 773482 936744 1.01099e+06 1.13714e+06 736931 805356 610969 424183 561847 544967 524372 447557 699933 1.25763e+06 1.55573e+06 2.10626e+06 1.785e+06 2.02055e+06 2.38847e+06 2.19134e+06 2.04598e+06 2.70388e+06 2.23354e+06 1.94495e+06 2.09189e+06 2.66566e+06 2.02743e+06
desembarqueobs
 494567 514787 250237 358949 120608 361735 552515 73892 212993 205616 52469 317467 293654 387597 252695 516296 358380 742168 942051 627588 828172 859565 418607 520667 417249 300574 407403 355545 319650 289779
desembarquepred
 494432 508257 253341 359044 120703 362359 553028 73933.3 213101 205698 52519.4 317713 293721 387621 252538 516501 358481 742578 941925 627719 828803 860160 418591 520944 417546 300820 407366 355509 319725 289731
Reclutas
 485384 89142.1 112195 262184 180415 254563 117563 95659.9 65051.7 79262.4 143915 152873 168029 126282 166323 468252 216765 660243 553485 398700 542797 699641 226112 482918 410722 216850 451063 443508 200202 238608
log_desv_Rt
 0.724906 -0.969802 -0.7398 0.109013 -0.264773 0.0795133 -0.693061 -0.899236 -1.28485 -1.08727 -0.490812 -0.430425 -0.3359 -0.621521 -0.346104 0.688971 -0.0812215 1.03257 0.8562 0.528176 0.8367 1.09053 -0.0390033 0.719812 0.557881 -0.0808283 0.651571 0.634682 -0.16071 0.0147883
SSB
 2.12595e+06 2.25956e+06 1.31271e+06 773482 936744 1.01099e+06 1.13714e+06 736931 805356 610969 424183 561847 544967 524372 447557 699933 1.25763e+06 1.55573e+06 2.10626e+06 1.785e+06 2.02055e+06 2.38847e+06 2.19134e+06 2.04598e+06 2.70388e+06 2.23354e+06 1.94495e+06 2.09189e+06 2.66566e+06 2.02743e+06
BT
 3.72765e+06 3.00513e+06 1.76849e+06 1.76758e+06 1.56721e+06 2.35111e+06 1.74396e+06 1.76361e+06 1.45035e+06 1.10754e+06 1.00833e+06 1.17771e+06 1.33378e+06 1.46671e+06 1.66617e+06 2.27914e+06 2.41072e+06 4.61058e+06 4.6635e+06 3.27104e+06 5.11927e+06 4.69063e+06 3.78748e+06 5.93675e+06 4.39384e+06 3.96714e+06 5.44644e+06 5.2543e+06 3.77963e+06 3.59386e+06
Ftot
 0.16783 0.219981 0.193746 0.316322 0.0953418 0.230747 0.468423 0.0659686 0.239289 0.288535 0.0853847 0.40789 0.369437 0.54228 0.308666 0.390848 0.192411 0.261203 0.353647 0.290984 0.22884 0.301732 0.150683 0.151109 0.137909 0.106286 0.139981 0.125256 0.100788 0.11834
BD_Bspro_t
 0.973505 0.851492 0.713039 0.637671 0.677746 0.740534 0.70388 0.566295 0.67373 0.64983 0.626043 0.756338 0.640549 0.584534 0.527945 0.621418 0.66862 0.701408 0.711417 0.646354 0.630703 0.664298 0.67615 0.697464 0.774249 0.781607 0.795008 0.821756 0.847907 0.811766
BD_Bspro
 1.2703 1.35014 0.784372 0.462174 0.559726 0.604092 0.679467 0.440334 0.481219 0.365068 0.253459 0.335717 0.325631 0.313325 0.267426 0.418226 0.751464 0.929586 1.25854 1.06658 1.20733 1.42717 1.30938 1.22252 1.61563 1.33459 1.16215 1.24995 1.59279 1.21143
BD_Bo
 0.978212 1.03969 0.604014 0.355902 0.431023 0.465188 0.523231 0.339084 0.370568 0.281125 0.195179 0.258523 0.250755 0.241279 0.205934 0.32206 0.578673 0.715838 0.969152 0.821333 0.929715 1.09901 1.0083 0.941415 1.24413 1.02772 0.894927 0.962538 1.22655 0.932878
BD_Brms
 4.15548 4.41665 2.56588 1.51189 1.831 1.97614 2.2227 1.44044 1.57419 1.19423 0.829128 1.09821 1.06522 1.02496 0.874816 1.36812 2.45823 3.04091 4.117 3.48905 3.94947 4.66862 4.28329 3.99917 5.28513 4.36579 3.80169 4.0889 5.21042 3.9629
Sel_flota
 0.5 1 1 1 1
 0.5 1 1 1 1
 0.5 1 1 1 1
 0.5 1 1 1 1
 0.5 1 1 1 1
 0.5 1 1 1 1
 0.5 1 1 1 1
 0.5 1 1 1 1
 0.5 1 1 1 1
 0.5 1 1 1 1
 0.5 1 1 1 1
 0.5 1 1 1 1
 0.5 1 1 1 1
 0.5 1 1 1 1
 0.5 1 1 1 1
 0.5 1 1 1 1
 0.5 1 1 1 1
 0.5 1 1 1 1
 0.5 1 1 1 1
 0.5 1 1 1 1
 0.5 1 1 1 1
 0.5 1 1 1 1
 0.5 1 1 1 1
 0.5 1 1 1 1
 0.5 1 1 1 1
 0.5 1 1 1 1
 0.5 1 1 1 1
 0.5 1 1 1 1
 0.5 1 1 1 1
 0.5 1 1 1 1
Sel_reclas
 0.5 1 1 1 1
 0.5 1 1 1 1
 0.5 1 1 1 1
 0.5 1 1 1 1
 0.5 1 1 1 1
 0.5 1 1 1 1
 0.5 1 1 1 1
 0.5 1 1 1 1
 0.5 1 1 1 1
 0.5 1 1 1 1
 0.5 1 1 1 1
 0.5 1 1 1 1
 0.5 1 1 1 1
 0.5 1 1 1 1
 0.5 1 1 1 1
 0.5 1 1 1 1
 0.5 1 1 1 1
 0.5 1 1 1 1
 0.5 1 1 1 1
 0.5 1 1 1 1
 0.5 1 1 1 1
 0.5 1 1 1 1
 0.5 1 1 1 1
 0.5 1 1 1 1
 0.5 1 1 1 1
 0.5 1 1 1 1
 0.5 1 1 1 1
 0.5 1 1 1 1
 0.5 1 1 1 1
 0.5 1 1 1 1
Sel_pelaces
 0.5 1 1 1 1
 0.5 1 1 1 1
 0.5 1 1 1 1
 0.5 1 1 1 1
 0.5 1 1 1 1
 0.5 1 1 1 1
 0.5 1 1 1 1
 0.5 1 1 1 1
 0.5 1 1 1 1
 0.5 1 1 1 1
 0.5 1 1 1 1
 0.5 1 1 1 1
 0.5 1 1 1 1
 0.5 1 1 1 1
 0.5 1 1 1 1
 0.5 1 1 1 1
 0.5 1 1 1 1
 0.5 1 1 1 1
 0.5 1 1 1 1
 0.5 1 1 1 1
 0.5 1 1 1 1
 0.5 1 1 1 1
 0.5 1 1 1 1
 0.5 1 1 1 1
 0.5 1 1 1 1
 0.5 1 1 1 1
 0.5 1 1 1 1
 0.5 1 1 1 1
 0.5 1 1 1 1
 0.5 1 1 1 1
pf_obs 
 0.8446 0.082 0.0669 0.0065 0
 0.8095 0.147 0.0364 0.0071 0
 0.9664 0.0169 0.016 0.0007 0
 0.9276 0.0648 0.0075 0.0001 0
 0.7033 0.2144 0.0806 0.0017 0
 0.9318 0.0425 0.0243 0.0014 0
 0.5671 0.3108 0.0964 0.0239 0.0018
 0.0768 0.2599 0.5324 0.112 0.0189
 0.490249 0.384438 0.106611 0.0170017 0.00170017
 0.7925 0.1577 0.0466 0.003 0.0002
 0.840416 0.127587 0.0312969 0.00059994 9.999e-05
 0.8084 0.0986 0.0794 0.0134 0.0002
 0.7335 0.1905 0.0724 0.0035 0.0001
 0.4001 0.4547 0.1325 0.0127 0
 0.49795 0.308269 0.164784 0.0264974 0.00249975
 0.9179 0.0499 0.0305 0.0017 0
 0.2467 0.6533 0.0926 0.0074 0
 0.9418 0.0223 0.034 0.0019 0
 0.707729 0.231977 0.0356964 0.0245975 0
 0.517169 0.277429 0.184464 0.0207286 0.00020938
 0.811772 0.124168 0.05621 0.00726502 0.000585176
 0.764997 0.148141 0.077277 0.00933861 0.000247198
 0.163321 0.427699 0.378323 0.0303852 0.000271297
 0.753843 0.0900009 0.118128 0.0371064 0.000921714
 0.721811 0.176058 0.0630433 0.0369309 0.00215725
 0.143369 0.312575 0.442814 0.0836902 0.0175525
 0.692698 0.0596174 0.167031 0.0765114 0.00414204
 0.394062 0.376323 0.152708 0.0712218 0.00568511
 0.125707 0.32114 0.495352 0.0537591 0.00404204
 0.23352 0.215282 0.420074 0.123614 0.00750983
pf_pred 
 0.605236 0.249539 0.0918001 0.0337714 0.0196541
 0.178043 0.627294 0.12305 0.0452677 0.0263448
 0.3858 0.194238 0.320502 0.06287 0.0365889
 0.680315 0.182517 0.043379 0.0715773 0.022212
 0.479322 0.429013 0.0523337 0.0124382 0.0268926
 0.579671 0.27506 0.119695 0.0146011 0.0109733
 0.365777 0.473838 0.104955 0.0456721 0.00975847
 0.447194 0.31559 0.177227 0.0392559 0.0207325
 0.384295 0.383318 0.132667 0.0745024 0.0252178
 0.531121 0.268554 0.124716 0.0431645 0.0324449
 0.673766 0.232217 0.0538487 0.0250073 0.0151607
 0.569143 0.34856 0.0585799 0.0135841 0.0101329
 0.596275 0.302524 0.0818704 0.0137593 0.00557068
 0.511551 0.374916 0.0850734 0.0230229 0.00543583
 0.640058 0.256322 0.0795349 0.0180475 0.00603725
 0.793361 0.164481 0.0300213 0.00931541 0.00282089
 0.416226 0.52323 0.0481918 0.00879603 0.00355585
 0.74292 0.154648 0.0918092 0.00845604 0.00216734
 0.545593 0.391718 0.0377106 0.0223875 0.00259049
 0.474026 0.382711 0.123499 0.0118892 0.00787492
 0.597738 0.266666 0.0986626 0.0318378 0.00509516
 0.613529 0.294045 0.0612704 0.0226692 0.00848588
 0.290314 0.551122 0.120643 0.0251385 0.0127826
 0.598117 0.18528 0.168207 0.0368214 0.0115738
 0.492534 0.38407 0.0568896 0.0516474 0.0148596
 0.344593 0.438512 0.164154 0.0243151 0.0284256
 0.614876 0.200406 0.123589 0.0462648 0.0148643
 0.530692 0.360868 0.0564288 0.0347991 0.0172122
 0.31862 0.477778 0.156557 0.0244807 0.0225642
 0.461345 0.264299 0.192376 0.0630371 0.0189425
pobs_RECLAS
 0 0 0 0 0
 0 0 0 0 0
 0 0 0 0 0
 0 0 0 0 0
 0 0 0 0 0
 0 0 0 0 0
 0 0 0 0 0
 0 0 0 0 0
 0 0 0 0 0
 0 0 0 0 0
 0.991045 0.00858322 0.000360255 1.14367e-05 0
 0.934742 0.0480273 0.0164251 0.00080598 0
 0.827803 0.169806 0.00239088 0 0
 0.941827 0.0461693 0.0120037 0 0
 0.791401 0.0380133 0.147996 0.0225897 0
 0.846168 0.0940531 0.0597789 0 0
 0.134021 0.677848 0.182769 0.00536245 0
 0.80878 0.0450904 0.141981 0.00414843 0
 0.846168 0.0940531 0.0597789 0 0
 0.905697 0.0802665 0.012482 0.00150086 5.37128e-05
 0.989698 0.0102097 9.19794e-05 0 0
 0.975433 0.0193895 0.00387452 0.00125025 5.28907e-05
 0.303575 0.632131 0.0575291 0.00676475 0
 0.966965 0.00978017 0.0227588 0.000495775 0
 0.843318 0.132988 0.00938335 0.0141283 0.000182051
 0.564624 0.303363 0.111486 0.0197234 0.00080311
 0.826376 0.0876187 0.0782897 0.00655872 0.00115652
 0.89761 0.0855135 0.0140674 0.00269457 0.000114338
 0.34875 0.467042 0.161289 0.0227151 0.000203297
 0.318654 0.224769 0.449479 0.00709798 0
ppred_RECLAS
 0.607077 0.248375 0.091372 0.0336139 0.0195625
 0.179577 0.626124 0.122821 0.0451833 0.0262956
 0.387947 0.19356 0.319382 0.0626503 0.036461
 0.683764 0.180547 0.042911 0.0708051 0.0219724
 0.480365 0.428154 0.0522289 0.0124133 0.0268387
 0.582355 0.273304 0.11893 0.0145079 0.0109032
 0.371736 0.469386 0.103969 0.045243 0.00966678
 0.447895 0.31519 0.177003 0.0392062 0.0207062
 0.387019 0.381622 0.13208 0.0741729 0.0251062
 0.534674 0.266519 0.123771 0.0428374 0.032199
 0.674582 0.231636 0.053714 0.0249447 0.0151228
 0.574428 0.344285 0.0578614 0.0134174 0.0100086
 0.600875 0.299078 0.0809377 0.0136026 0.00550722
 0.519238 0.369017 0.0837347 0.0226606 0.00535029
 0.64361 0.253793 0.0787501 0.0178694 0.00597768
 0.7967 0.161823 0.0295362 0.00916488 0.00277531
 0.41841 0.521273 0.0480116 0.00876313 0.00354255
 0.745341 0.153191 0.0909447 0.00837641 0.00214693
 0.550092 0.38784 0.0373372 0.0221659 0.00256485
 0.477622 0.380095 0.122654 0.0118079 0.00782109
 0.600362 0.264927 0.0980191 0.0316301 0.00506193
 0.61709 0.291336 0.0607059 0.0224603 0.0084077
 0.291727 0.550025 0.120403 0.0250885 0.0127571
 0.599767 0.184519 0.167517 0.0366702 0.0115263
 0.494087 0.382894 0.0567154 0.0514893 0.0148141
 0.345653 0.437802 0.163889 0.0242757 0.0283797
 0.616371 0.199628 0.123109 0.0460852 0.0148066
 0.532086 0.359796 0.0562611 0.0346957 0.0171611
 0.319583 0.477103 0.156335 0.0244461 0.0225323
 0.462654 0.263657 0.191909 0.0628839 0.0188965
pobs_PELACES
 0 0 0 0 0
 0 0 0 0 0
 0 0 0 0 0
 0 0 0 0 0
 0 0 0 0 0
 0 0 0 0 0
 0 0 0 0 0
 0 0 0 0 0
 0 0 0 0 0
 0 0 0 0 0
 0 0 0 0 0
 0 0 0 0 0
 0 0 0 0 0
 0 0 0 0 0
 0 0 0 0 0
 0 0 0 0 0
 0.505614 0.472636 0.0217494 0 0
 0 0 0 0 0
 0.443492 0.261883 0.143347 0.151278 0
 0.227955 0.32914 0.350689 0.0885471 0.00366901
 0.970185 0.0296113 0.000203453 0 0
 0.997202 0.00247181 0.000326279 0 0
 0.445219 0.490057 0.0546422 0.010081 0
 0.90214 0.0892962 0.00764917 0.000914606 0
 0 0 0 0 0
 0.581667 0.319106 0.0959925 0.00289975 0.000334073
 0.762889 0.0836404 0.116647 0.0363945 0.000428098
 0.88444 0.0763242 0.0277011 0.0115352 0
 0.521256 0.241999 0.230069 0.00667565 0
 0.616807 0.101726 0.260614 0.0208532 0
ppred_PELACES
 0.613662 0.244212 0.0898406 0.0330505 0.0192346
 0.184987 0.621995 0.122011 0.0448853 0.0261222
 0.395564 0.191151 0.315408 0.0618706 0.0360072
 0.69494 0.174167 0.0413945 0.0683028 0.0211958
 0.484293 0.424918 0.0518341 0.0123195 0.0266359
 0.591585 0.267264 0.116302 0.0141872 0.0106623
 0.389958 0.455771 0.100954 0.0439308 0.0093864
 0.450588 0.313653 0.176139 0.0390149 0.0206052
 0.396426 0.375765 0.130053 0.0730345 0.0247209
 0.546497 0.259747 0.120626 0.041749 0.0313809
 0.677667 0.22944 0.0532048 0.0247082 0.0149794
 0.590792 0.331046 0.0556364 0.0129015 0.00962378
 0.6154 0.288194 0.0779922 0.0131076 0.0053068
 0.541521 0.351913 0.0798537 0.0216103 0.00510231
 0.655205 0.245536 0.0761881 0.0172881 0.0057832
 0.806946 0.153668 0.0280476 0.00870299 0.00263544
 0.426155 0.514331 0.0473722 0.00864643 0.00349537
 0.753434 0.148323 0.0880543 0.00811019 0.00207869
 0.564487 0.375431 0.0361426 0.0214567 0.00248278
 0.489611 0.371371 0.119839 0.0115369 0.00764158
 0.609386 0.258945 0.0958057 0.0309159 0.00494763
 0.628783 0.282439 0.0588521 0.0217744 0.00815095
 0.29689 0.546015 0.119525 0.0249056 0.0126641
 0.605737 0.181767 0.165018 0.0361233 0.0113544
 0.499776 0.378589 0.0560777 0.0509104 0.0146475
 0.349631 0.435141 0.162893 0.0241282 0.0282072
 0.621817 0.196794 0.121361 0.0454309 0.0145964
 0.537228 0.355842 0.0556429 0.0343144 0.0169725
 0.32321 0.47456 0.155502 0.0243158 0.0224122
 0.467512 0.261274 0.190174 0.0623154 0.0187257
pobs_pel_tallas
 0 0 0 0 0 0 0 0 0 0 0 0 0 0 0 0 0 0 0 0 0 0 0 0 0 0
 0 0 0 0 0 0 0 0 0 0 0 0 0 0 0 0 0 0 0 0 0 0 0 0 0 0
 0 0 0 0 0 0 0 0 0 0 0 0 0 0 0 0 0 0 0 0 0 0 0 0 0 0
 0 0 0 0 0 0 0 0 0 0 0 0 0 0 0 0 0 0 0 0 0 0 0 0 0 0
 0 0 0 0 0 0 0 0 0 0 0 0 0 0 0 0 0 0 0 0 0 0 0 0 0 0
 0 0 0 0 0 0 0 0 0 0 0 0 0 0 0 0 0 0 0 0 0 0 0 0 0 0
 0 0 0 0 0 0 0 0 0 0 0 0 0 0 0 0 0 0 0 0 0 0 0 0 0 0
 0 0 0 0 0 0 0 0 0 0 0 0 0 0 0 0 0 0 0 0 0 0 0 0 0 0
 0 0 0 0 0 0 0 0 0 0 0 0 0 0 0 0 0 0 0 0 0 0 0 0 0 0
 0 0 0 0 0 0 0 0 0 0 0 0 0 0 0 0 0 0 0 0 0 0 0 0 0 0
 0 0 0 0 0 0 0 0 0 0 0 0 0 0 0 0 0 0 0 0 0 0 0 0 0 0
 0 0 0 0 0 0 0 0 0 0 0 0 0 0 0 0 0 0 0 0 0 0 0 0 0 0
 0.00862536 0 0 0.000197151 0.00414017 0.0128641 0.00837892 0.0270097 0.101434 0.158115 0.152841 0.127902 0.109271 0.109419 0.0830992 0.0579132 0.0238553 0.00714673 0.00463305 0.00128148 0.00103504 0.000492878 0.000147863 0.000147863 4.92878e-05 0
 0 0 0 0 0 0 0 0 0 0 0 0 0 0 0 0 0 0 0 0 0 0 0 0 0 0
 0 0 0 0 0 0 0 0.0054083 0.00873648 0.0413646 0.0450493 0.0745869 0.0622846 0.0627006 0.0613931 0.0827291 0.12552 0.122667 0.0946155 0.0697135 0.0546179 0.0294188 0.0215738 0.0213955 0.0102223 0.00600262
 0 0 0 0 0.00359764 0.0251062 0.0480494 0.140153 0.205849 0.193036 0.1447 0.116669 0.0760912 0.0342217 0.00950174 0.001854 0.000860785 0 0 0 0.000165536 0 0.000143464 0 0 0
 0 0 0 0 0 0 0 0.000145254 0.000435761 0.0275982 0.070085 0.0708112 0.156366 0.174668 0.174014 0.160142 0.0824315 0.0480064 0.0283245 0.00493863 0.00203355 0 0 0 0 0
 0 0 0 0 0 0 0 0 0 0 0 0 0 0 0 0 0 0 0 0 0 0 0 0 0 0
 0 0 1.00437e-05 0.000401748 0.00122533 0.00171747 0.00176769 0.0269171 0.070346 0.194647 0.189555 0.159765 0.064822 0.0314167 0.0384472 0.0292271 0.0345202 0.0313363 0.0194345 0.0106764 0.0143323 0.0359363 0.0279516 0.0138201 0.00172751 0
 0 0.0021121 0.0136068 0.0755702 0.200478 0.177729 0.0527432 0.0373336 0.0318909 0.0142505 0.0149659 0.0166563 0.0217959 0.0798694 0.0677717 0.0528807 0.04013 0.0224614 0.0357745 0.0225083 0.00881397 0.00855152 0.00135912 0.000746735 0 0
 0 0 0 0 5.4009e-05 0.00500934 0.000945158 0.0243581 0.138947 0.33067 0.221406 0.137944 0.0707744 0.0437923 0.0131692 0.00525238 0.0047753 0.00276346 9.45158e-05 9.00151e-06 2.25038e-05 9.00151e-06 4.50075e-06 0 0 0
 0.000866109 0.00284123 0.00948549 0.0512746 0.133035 0.25785 0.225252 0.132002 0.0553304 0.0519788 0.0540692 0.017754 0.00435017 0.00159236 0.00146478 0.000404838 0.000125132 0.000115318 0.000107957 0.000100596 0 0 0 0 0 0
 0 0 0 0 0.00144013 0.00171154 0.00461396 0.0210425 0.0478622 0.0707936 0.0888783 0.103762 0.0637923 0.0337046 0.0602308 0.124433 0.169614 0.0934646 0.0462172 0.0250306 0.0313229 0.00938855 0.002487 0.000210481 0 0
 0 0.00764035 0.051015 0.0998891 0.058973 0.0496711 0.0374665 0.0718981 0.12319 0.153886 0.159021 0.0857701 0.0377988 0.023471 0.0147837 0.00900784 0.00315554 0.000888139 0.00291439 0.00214683 0.00393193 0.00274676 0.000635225 9.99891e-05 0 0
 0 0 0 0 0 0 0 0 0 0 0 0 0 0 0 0 0 0 0 0 0 0 0 0 0 0
 0 0 0 0 0 0 0 0 0 0 0 0 0 0 0 0 0 0 0 0 0 0 0 0 0 0
 0 0 0 0 0 0 0 0 0 0 0 0 0 0 0 0 0 0 0 0 0 0 0 0 0 0
 0 0 0 0 0 0 0 0 0 0 0 0 0 0 0 0 0 0 0 0 0 0 0 0 0 0
 0 0 0 0 0 0 0 0 0 0 0 0 0 0 0 0 0 0 0 0 0 0 0 0 0 0
 0 0 0 0 0 0 0 0 0 0 0 0 0 0 0 0 0 0 0 0 0 0 0 0 0 0
ppred_pel_tallas
 1.09225e-16 5.05466e-05 0.000491331 0.00326507 0.0148425 0.0461808 0.0983939 0.143614 0.143637 0.0985094 0.046569 0.0159652 0.00608786 0.00666984 0.0118331 0.019611 0.0285506 0.0365551 0.0415214 0.0424994 0.0402249 0.0365199 0.033062 0.0305092 0.0285103 0.0263264
 1.12602e-16 1.52372e-05 0.000148111 0.000984255 0.00447432 0.0139216 0.0296636 0.0433075 0.0433675 0.0299569 0.0149065 0.00732006 0.0081308 0.0157604 0.0296994 0.0491651 0.0710394 0.089803 0.0998383 0.0985828 0.0880402 0.073344 0.0595728 0.0493139 0.0423981 0.0372463
 1.2145e-16 3.25821e-05 0.00031671 0.00210465 0.00956744 0.029768 0.0634245 0.0925738 0.0925927 0.063517 0.0300801 0.0104751 0.00440591 0.00541677 0.00994327 0.016976 0.0258336 0.0353925 0.044469 0.0524614 0.0594805 0.0657608 0.0709045 0.0737312 0.072914 0.0678579
 1.11676e-16 5.72413e-05 0.000556406 0.00369752 0.0168084 0.0522972 0.111425 0.162632 0.162649 0.111508 0.0525737 0.0176078 0.00570716 0.00495361 0.00843953 0.0139478 0.0203017 0.0260146 0.0296481 0.0306344 0.0296435 0.0281058 0.0272527 0.0274164 0.0280206 0.028102
 1.07348e-16 3.98907e-05 0.000387751 0.00257675 0.0117135 0.0364454 0.0776523 0.113344 0.113385 0.0778523 0.0371171 0.0136537 0.00744648 0.0110174 0.0202249 0.033367 0.0480527 0.0604162 0.0665522 0.0646889 0.0562612 0.0449495 0.0344776 0.0268715 0.02218 0.0193261
 1.06652e-16 4.87281e-05 0.000473655 0.0031476 0.0143086 0.0445194 0.0948543 0.138448 0.138474 0.0949808 0.0449446 0.0155384 0.00624064 0.00724571 0.0129685 0.021515 0.0313443 0.0401591 0.0456264 0.0466376 0.0438938 0.039278 0.034564 0.0305199 0.026947 0.0233224
 1.09024e-16 3.21204e-05 0.000312222 0.00207483 0.00943189 0.0293463 0.0625271 0.0912694 0.0913134 0.0627421 0.0300685 0.0115186 0.00731612 0.0117655 0.021818 0.0361094 0.05223 0.0661439 0.0737547 0.0731866 0.0658745 0.0555047 0.0456946 0.0382418 0.0329715 0.0287521
 1.12563e-16 3.71144e-05 0.000360765 0.00239741 0.0108983 0.0339088 0.0722475 0.105454 0.105484 0.0723964 0.0344094 0.0123468 0.00604395 0.00835646 0.0153262 0.0255511 0.0374436 0.0484336 0.0558976 0.0586034 0.0573373 0.0541261 0.0507322 0.0476772 0.0444025 0.0401283
 1.15357e-16 3.26532e-05 0.0003174 0.00210924 0.00958832 0.029833 0.0635637 0.0927807 0.0928171 0.0637415 0.0304303 0.0113153 0.00645151 0.0098213 0.0181559 0.0301602 0.0439137 0.0562355 0.0639135 0.065521 0.0622338 0.0568892 0.0520658 0.0487166 0.0461872 0.0432055
 1.13045e-16 4.50143e-05 0.000437555 0.00290771 0.013218 0.0411263 0.087625 0.127896 0.127922 0.0877481 0.0415402 0.0144152 0.0059202 0.00703841 0.0126541 0.0210416 0.0307654 0.0396677 0.0455796 0.0475313 0.0462843 0.0436712 0.0412932 0.0396339 0.0381332 0.0359045
 1.06607e-16 5.58186e-05 0.000542577 0.00360562 0.0163906 0.0509974 0.108656 0.158592 0.158614 0.108764 0.0513611 0.0174416 0.00624579 0.00631318 0.0110365 0.0182141 0.02637 0.0334593 0.037443 0.0374056 0.0340937 0.02937 0.0250328 0.0219271 0.019873 0.0181951
 1.04613e-16 4.86628e-05 0.00047302 0.00314339 0.0142894 0.0444598 0.0947275 0.138264 0.138296 0.0948835 0.0449836 0.0158026 0.00694245 0.00876902 0.0158121 0.0260842 0.0376197 0.0474128 0.05243 0.0512736 0.0450032 0.0363893 0.0282243 0.0220137 0.0178022 0.0148518
 1.04537e-16 5.06897e-05 0.000492722 0.00327431 0.0148846 0.0463116 0.0986727 0.144022 0.144049 0.0988088 0.0467685 0.0162052 0.00659214 0.00774503 0.0138519 0.0228921 0.0331407 0.042027 0.0469512 0.0466958 0.0421092 0.0354489 0.0289464 0.0237383 0.0197916 0.0165296
 1.05426e-16 4.46044e-05 0.000433571 0.00288123 0.0130977 0.0407519 0.0868275 0.126734 0.126768 0.0869935 0.0413095 0.0147087 0.00692759 0.00927501 0.0168603 0.0278663 0.0402871 0.0509756 0.0567439 0.0561128 0.0501603 0.0417182 0.0335987 0.0272529 0.0226478 0.0190225
 1.04974e-16 5.39684e-05 0.000524592 0.0034861 0.0158473 0.049307 0.105055 0.153335 0.153359 0.105171 0.0496967 0.0169738 0.00631693 0.00671532 0.0118436 0.0195792 0.0283979 0.0361279 0.0405815 0.0407377 0.0373097 0.0321747 0.0271537 0.0231207 0.0199676 0.0171639
 1.02168e-16 6.64671e-05 0.000646084 0.00429346 0.0195174 0.0607261 0.129384 0.188843 0.188857 0.129456 0.0609693 0.0202201 0.00605788 0.00449972 0.00739082 0.0121281 0.0174995 0.0220805 0.0244654 0.024007 0.021192 0.0172919 0.0135816 0.0107373 0.00876552 0.00732373
 1.02958e-16 3.51019e-05 0.000341203 0.00226742 0.0103074 0.0320703 0.0683311 0.0997416 0.0997911 0.0685731 0.0328828 0.0126534 0.00815424 0.0131853 0.0244078 0.0402416 0.0578389 0.0724647 0.0793104 0.0761515 0.0646791 0.049372 0.0348566 0.0237978 0.0165283 0.0120174
 1.03745e-16 6.20594e-05 0.00060324 0.00400874 0.0182232 0.0566991 0.120804 0.17632 0.176334 0.120874 0.0569358 0.0189083 0.00573346 0.00438493 0.00729272 0.0120844 0.0176954 0.0228615 0.0263144 0.0274322 0.0265396 0.0245562 0.0223108 0.0201029 0.0177832 0.0151354
 1.03711e-16 4.64962e-05 0.000451959 0.00300343 0.0136532 0.0424803 0.0905101 0.13211 0.132146 0.0906868 0.0430735 0.0153663 0.00730242 0.00983322 0.0178533 0.029416 0.0423127 0.053093 0.058276 0.05627 0.0483304 0.0377194 0.0277649 0.0203198 0.0155091 0.0124722
 1.06004e-16 4.03287e-05 0.00039201 0.00260504 0.0118422 0.0368456 0.0785047 0.114587 0.114623 0.0786802 0.037435 0.013546 0.00688688 0.00975581 0.0178721 0.0296078 0.0429383 0.0545995 0.0612629 0.0613512 0.0559056 0.0477391 0.0396131 0.0329063 0.0275605 0.022899
 1.06769e-16 5.01944e-05 0.000487907 0.00324232 0.0147391 0.045859 0.0977084 0.142613 0.142639 0.0978309 0.0462706 0.0159291 0.00623437 0.00703591 0.0125342 0.0207687 0.0302111 0.0386199 0.0437325 0.0444977 0.0416492 0.0370877 0.0325992 0.0289488 0.0258935 0.0228179
 1.05334e-16 5.17921e-05 0.000503438 0.00334552 0.0152083 0.0473187 0.100819 0.147153 0.147181 0.100952 0.0477661 0.0165009 0.00659183 0.00759603 0.0135394 0.0223479 0.0322987 0.0408542 0.0454619 0.044953 0.0402223 0.0335767 0.0272962 0.0225392 0.0192334 0.0166902
 1.0823e-16 2.44546e-05 0.000237707 0.00157965 0.00718089 0.0223427 0.0476055 0.0694926 0.0695453 0.047863 0.0232076 0.00967984 0.00785573 0.0139496 0.0260989 0.0431944 0.0624232 0.0789239 0.0877386 0.0865644 0.0770819 0.0637151 0.0508778 0.0408802 0.0337166 0.0282205
 1.10353e-16 4.98938e-05 0.000484986 0.0032229 0.0146509 0.0455843 0.0971229 0.141757 0.141775 0.0972097 0.0458765 0.0154977 0.00535978 0.00518662 0.00908741 0.015228 0.0225963 0.0298111 0.0354669 0.0388813 0.0403828 0.0408292 0.0407919 0.0401325 0.0382636 0.0347501
 1.093e-16 4.11659e-05 0.000400148 0.00265912 0.012088 0.0376105 0.0801345 0.116966 0.117003 0.0803129 0.0382096 0.0138187 0.00700465 0.00989075 0.018079 0.029861 0.0431089 0.0544347 0.0604323 0.0595876 0.0531987 0.0444808 0.0365849 0.031066 0.0276992 0.0253281
 1.12006e-16 2.87987e-05 0.000279934 0.00186026 0.0084565 0.0263115 0.056061 0.0818316 0.0818737 0.0562669 0.0270031 0.010456 0.0068874 0.0112809 0.021 0.0348773 0.0507216 0.0647982 0.0732929 0.0744259 0.0694294 0.0615225 0.0537645 0.0475219 0.0424628 0.0375855
 1.10579e-16 5.12183e-05 0.00049786 0.00330846 0.0150398 0.0467944 0.0997012 0.145521 0.14554 0.0997947 0.047109 0.0159504 0.0056023 0.00553188 0.00969026 0.0161461 0.0237436 0.0308969 0.0360161 0.0383768 0.0384854 0.0375636 0.0365918 0.0357133 0.0343804 0.0319536
 1.08011e-16 4.42508e-05 0.000430134 0.00285839 0.0129939 0.0404289 0.0861393 0.12573 0.125764 0.086307 0.040992 0.0146206 0.00694279 0.00935021 0.0169969 0.028062 0.0405024 0.0511201 0.0566978 0.0557913 0.0495995 0.0411345 0.0333733 0.027825 0.0243518 0.0219435
 1.10841e-16 2.66225e-05 0.00025878 0.00171969 0.00781748 0.0243233 0.0518251 0.0756499 0.0756958 0.0520494 0.0250768 0.00999547 0.00719369 0.0122317 0.0228332 0.0378836 0.0549868 0.0700222 0.07878 0.0792943 0.0729371 0.063315 0.053916 0.0463966 0.040522 0.0352494
 1.14974e-16 3.85084e-05 0.000374315 0.00248746 0.0113076 0.0351824 0.0749607 0.109413 0.109438 0.0750851 0.0356009 0.01252 0.00554337 0.00708784 0.012914 0.0216183 0.0319153 0.0417775 0.049141 0.0530491 0.0541076 0.053791 0.0532045 0.0523593 0.0504408 0.0466427
pSPR Fmed_Fpbrs
0.723798   0.285403 0.285403
Fs Fmed_Fpbrs
0.204927   1.005 1.005
SSBpbr Bo_Bmed_Bpbrs
2.1733e+06  1.46437e+06  511601 511601
Ro
235106
SPR SPRFo_SPRFmed_SPRFpbrs
1.67357e+06 1.21133e+06 477643
Fref
1.005
log_Ro
12.1878
likeval ReclasPelacesDesembMPH_pf_preclas_ppelaces_ptallas_desvR_qrecl_qpela
 28.367 18.498 1.62703 0.00349035 240.935 123.629 81.2816 0 18.6227 0 0 8.1727 0 0 0
q_reclas_q_pelaces
1 1
M
1
N
 485384 103548 38093.2 14013.7 8155.64
 89142.1 164190 32207.7 11848.5 6895.58
 112195 29377.9 48474.9 9508.86 5533.94
 262184 37463.3 8903.96 14691.9 4559.23
 180415 82342.5 10044.6 2387.33 5161.62
 254563 63281.4 27537.4 3359.18 2524.56
 117563 83443.9 18482.8 8042.96 1718.49
 95659.9 34218.3 19216.1 4256.38 2247.95
 65051.7 34049.5 11784.6 6617.93 2240.05
 79262.4 21232.6 9860.39 3412.7 2565.18
 143915 25241.7 5853.28 2718.26 1647.95
 152873 50730.7 8525.92 1977.07 1474.78
 168029 45863.3 12411.7 2085.94 844.527
 126282 51388.6 11660.7 3155.68 745.072
 166323 35423.5 10991.7 2494.15 834.343
 468252 52436.3 9570.72 2969.73 899.293
 216765 141682 13049.5 2381.81 962.862
 660243 72429.1 42998.8 3960.38 1015.07
 553485 213152 20520.1 12182.1 1409.61
 398700 170615 55056.5 5300.27 3510.69
 542797 126814 46919.2 15140.5 2423.01
 699641 178095 37109.7 13730.1 5139.65
 226112 221340 48452.5 10096.1 5133.7
 482918 77145.2 70036.6 15331.4 4819.01
 410722 164727 24399.9 22151.6 6373.27
 216850 141028 52793.2 7819.9 9141.88
 451063 75645.9 46650.1 17463.2 5610.71
 443508 154720 24193.5 14919.9 7379.62
 200202 153253 50217.3 7852.46 7237.73
 238608 70030.5 50973.3 16702.7 5019.13
pred_Ctot
 24866.3 10252.4 3771.63 1387.51 807.496
 5922.12 20865.2 4092.94 1505.71 876.286
 6600.08 3322.94 5483 1075.55 625.945
 24559.6 6588.91 1566 2583.97 801.861
 5329.81 4770.4 581.923 138.306 299.031
 17700.5 8399.08 3654.93 445.851 335.074
 15816 20488.5 4538.21 1974.84 421.951
 1967.29 1388.34 779.654 172.694 91.2057
 4682.48 4670.57 1616.49 907.782 307.268
 6810.85 3443.81 1599.3 553.522 416.059
 3815.37 1314.99 304.932 141.61 85.8515
 18127.2 11101.7 1865.77 432.653 322.734
 18186.2 9226.91 2497.03 419.656 169.904
 19380.4 14203.9 3223.06 872.237 205.94
 15226.5 6097.7 1892.08 429.337 143.622
 53386.6 11068.2 2020.18 626.85 189.823
 12667.2 15923.8 1466.65 267.694 108.217
 51645.7 10750.7 6382.32 587.84 150.667
 57528.1 41303.3 3976.26 2360.57 273.145
 34533.1 27880.8 8996.95 866.133 573.693
 37444.7 16705 6180.62 1994.45 319.181
 62700 30050.1 6261.56 2316.69 867.219
 10437 19813.3 4337.24 903.753 459.544
 22352 6924.03 6286.01 1376.04 432.522
 17397 13565.9 2009.42 1824.26 524.862
 7125.35 9067.35 3394.32 502.776 587.773
 19384.5 6317.98 3896.24 1458.54 468.609
 17106.7 11632.5 1818.97 1121.74 554.832
 6245.1 9364.66 3068.58 479.832 442.269
 8707.76 4988.57 3631.04 1189.81 357.534
F
 0.0839148 0.16783 0.16783 0.16783 0.16783
 0.10999 0.219981 0.219981 0.219981 0.219981
 0.096873 0.193746 0.193746 0.193746 0.193746
 0.158161 0.316322 0.316322 0.316322 0.316322
 0.0476709 0.0953418 0.0953418 0.0953418 0.0953418
 0.115374 0.230747 0.230747 0.230747 0.230747
 0.234212 0.468423 0.468423 0.468423 0.468423
 0.0329843 0.0659686 0.0659686 0.0659686 0.0659686
 0.119645 0.239289 0.239289 0.239289 0.239289
 0.144268 0.288535 0.288535 0.288535 0.288535
 0.0426923 0.0853847 0.0853847 0.0853847 0.0853847
 0.203945 0.40789 0.40789 0.40789 0.40789
 0.184718 0.369437 0.369437 0.369437 0.369437
 0.27114 0.54228 0.54228 0.54228 0.54228
 0.154333 0.308666 0.308666 0.308666 0.308666
 0.195424 0.390848 0.390848 0.390848 0.390848
 0.0962055 0.192411 0.192411 0.192411 0.192411
 0.130601 0.261203 0.261203 0.261203 0.261203
 0.176824 0.353647 0.353647 0.353647 0.353647
 0.145492 0.290984 0.290984 0.290984 0.290984
 0.11442 0.22884 0.22884 0.22884 0.22884
 0.150866 0.301732 0.301732 0.301732 0.301732
 0.0753414 0.150683 0.150683 0.150683 0.150683
 0.0755547 0.151109 0.151109 0.151109 0.151109
 0.0689545 0.137909 0.137909 0.137909 0.137909
 0.053143 0.106286 0.106286 0.106286 0.106286
 0.0699906 0.139981 0.139981 0.139981 0.139981
 0.0626279 0.125256 0.125256 0.125256 0.125256
 0.0503938 0.100788 0.100788 0.100788 0.100788
 0.0591702 0.11834 0.11834 0.11834 0.11834
nmprior
 8 8 7 0
nm_flota  nm_reclas  nm_pelaces    nm_pelaL
inf 6.89642 7.95283 12.04
cv_recla  cv_pelaces  cv_mph
0.493098 0.506089 1.82322
 ------------------------------------------------
Talla a la edad & desviación 
 8 13.2811 15.8009 17.003 17.5766
 0.8 1.32811 1.58009 1.7003 1.75766
