years
 1991 1992 1993 1994 1995 1996 1997 1998 1999 2000 2001 2002 2003 2004 2005 2006 2007 2008 2009 2010 2011 2012 2013 2014 2015 2016 2017 2018 2019 2020
reclasobs
 0 0 0 0 0 0 0 0 0 252601 567819 844713 477998 351125 339783 2.1784e+06 2.13404e+06 4.81314e+06 1.55562e+06 2.62356e+06 3.21686e+06 3.843e+06 1.13348e+06 3.07943e+06 1.97215e+06 2.03268e+06 2.025e+06 2.42433e+06 2.27542e+06 1.05018e+06
reclaspred
 5.23476e+06 1.92225e+06 980000 727731 350252 2.77141e+06 1.49625e+06 843443 532578 254450 452964 790571 763449 548737 428154 1.59659e+06 941086 3.74213e+06 2.87248e+06 2.01478e+06 3.1876e+06 2.92845e+06 1.74069e+06 3.14769e+06 2.29617e+06 1.69543e+06 2.21143e+06 2.99424e+06 2.34184e+06 779735
pelacesobs
 0 0 0 0 0 0 0 0 0 0 0 0 0 0 0 552880 188675 0 991730 2.46772e+06 1.41603e+06 1.21717e+06 2.29649e+06 1.80582e+06 0 1.4828e+06 1.56532e+06 1.57751e+06 1.42118e+06 867257
pelacespred
 4.79415e+06 1.61573e+06 586611 296548 179162 1.45185e+06 858687 708227 299332 97808.3 238944 336665 371083 238561 183407 636999 462243 1.93724e+06 1.62345e+06 1.00532e+06 1.62928e+06 1.4981e+06 1.08747e+06 1.94261e+06 1.52467e+06 1.15989e+06 1.49482e+06 2.04467e+06 1.68639e+06 555855
mphobs
 0 0 0 0 0 0 0 0 0 0 0 498337 0 5186 125008 0 168611 109162 213762 579715 649985 157893 87575 83554 0 0 0 0 0 0
mphpred
 1.00949e+06 472444 131143 106311 55039.7 35224.1 366267 128048 76138.1 34926.1 15518.5 62881.5 73240.8 53065.7 27791.2 30539.6 186456 79246.4 435765 232367 251151 292560 325827 166590 360848 262183 162898 230429 442887 197010
desembarqueobs
 494567 514787 250237 358949 120608 361735 552515 73892 212993 205616 52469 317467 293654 387597 252695 516296 358380 742168 942051 627588 828172 859565 418607 520667 417249 300574 407403 355545 319650 289779
desembarquepred
 494508 514574 249923 358786 120568 361596 552050 73881.9 212877 205490 52461.7 317277 293428 387086 252468 515911 358278 741636 940886 626699 827861 858803 418341 520457 416956 300396 407174 355346 319414 289480
Reclutas
 59790 48933.3 132959 60093 26563.6 274966 39070 11910.8 26639.2 36640.4 46297.4 105469 83402.8 67385.6 45186.4 255792 25732.5 431227 227117 208064 227100 388437 35442.8 181507 137609 44917.8 138493 172670 32590.5 18915.7
log_desv_Rt
 -0.270576 -0.470956 0.528628 -0.265522 -1.08187 1.25523 -0.69606 -1.88397 -1.07903 -0.760263 -0.526329 0.297004 0.0622668 -0.150984 -0.550618 1.18295 -1.11366 1.70522 1.06405 0.97643 1.06398 1.60072 -0.793495 0.839882 0.563003 -0.556582 0.569402 0.789969 -0.877393 -1.42142
SSB
 1.34111e+06 627645 174225 141234 73120.6 46795.4 486588 170112 101150 46399.5 20616.4 83538.5 97300.9 70498.1 36920.8 40572.1 247708 105279 578917 308701 333656 388667 432863 221316 479389 348311 216411 306126 588378 261729
BT
 1.80949e+06 998900 450674 400322 170185 1.26963e+06 792532 321320 340605 245332 188096 449891 467045 543223 362383 825279 459942 1.90821e+06 1.65531e+06 995671 1.56905e+06 1.51258e+06 761055 1.59528e+06 1.01088e+06 722722 1.24039e+06 1.45753e+06 844104 468016
Ftot
 0.357665 0.951617 0.956354 1.63401 1.21037 0.539315 1.22504 0.335962 1.42542 2.49376 0.474888 1.45234 1.38595 2.30806 2.04721 1.25566 1.2744 0.79911 1.16915 1.14909 0.97686 1.09708 0.851882 0.661163 0.680093 0.657223 0.725625 0.475971 0.497877 1.26193
BD_Bspro_t
 0.944666 0.615152 0.282871 0.253983 0.130046 0.111378 0.469148 0.21331 0.185474 0.116106 0.0739766 0.308631 0.226976 0.151199 0.0822552 0.0925304 0.269509 0.136147 0.382155 0.230216 0.208432 0.233289 0.267643 0.179173 0.34931 0.33308 0.287065 0.395064 0.531444 0.336788
BD_Bspro
 2.40406 1.12511 0.312313 0.253175 0.131075 0.0838848 0.87225 0.304941 0.18132 0.083175 0.0369566 0.14975 0.17442 0.126374 0.0661836 0.0727289 0.444037 0.188722 1.03776 0.553372 0.598107 0.696719 0.775943 0.396728 0.859345 0.624377 0.387934 0.548757 1.05472 0.469172
BD_Bo
 1.03169 0.482836 0.134028 0.108649 0.0562504 0.0359989 0.374323 0.130864 0.0778128 0.0356943 0.0158598 0.0642647 0.0748518 0.054233 0.0284025 0.0312114 0.190557 0.0809895 0.44535 0.237478 0.256676 0.298995 0.332993 0.170255 0.368785 0.26795 0.166481 0.235497 0.452629 0.201344
BD_Brms
 5.16512 2.41729 0.671005 0.543946 0.281615 0.180227 1.87403 0.655165 0.389566 0.178702 0.0794013 0.321738 0.374742 0.271514 0.142196 0.156258 0.954015 0.40547 2.22962 1.18892 1.28503 1.4969 1.66711 0.852371 1.8463 1.34148 0.833477 1.179 2.26606 1.00802
Sel_flota
 0.643345 0.97165 0.998467 0.999919 0.999996
 0.643345 0.97165 0.998467 0.999919 0.999996
 0.643345 0.97165 0.998467 0.999919 0.999996
 0.643345 0.97165 0.998467 0.999919 0.999996
 0.643345 0.97165 0.998467 0.999919 0.999996
 0.643345 0.97165 0.998467 0.999919 0.999996
 0.643345 0.97165 0.998467 0.999919 0.999996
 0.643345 0.97165 0.998467 0.999919 0.999996
 0.643345 0.97165 0.998467 0.999919 0.999996
 0.643345 0.97165 0.998467 0.999919 0.999996
 0.643345 0.97165 0.998467 0.999919 0.999996
 0.643345 0.97165 0.998467 0.999919 0.999996
 0.643345 0.97165 0.998467 0.999919 0.999996
 0.643345 0.97165 0.998467 0.999919 0.999996
 0.643345 0.97165 0.998467 0.999919 0.999996
 0.643345 0.97165 0.998467 0.999919 0.999996
 0.643345 0.97165 0.998467 0.999919 0.999996
 0.643345 0.97165 0.998467 0.999919 0.999996
 0.643345 0.97165 0.998467 0.999919 0.999996
 0.643345 0.97165 0.998467 0.999919 0.999996
 0.643345 0.97165 0.998467 0.999919 0.999996
 0.643345 0.97165 0.998467 0.999919 0.999996
 0.643345 0.97165 0.998467 0.999919 0.999996
 0.643345 0.97165 0.998467 0.999919 0.999996
 0.643345 0.97165 0.998467 0.999919 0.999996
 0.643345 0.97165 0.998467 0.999919 0.999996
 0.643345 0.97165 0.998467 0.999919 0.999996
 0.643345 0.97165 0.998467 0.999919 0.999996
 0.643345 0.97165 0.998467 0.999919 0.999996
 0.643345 0.97165 0.998467 0.999919 0.999996
Sel_reclas
 0.702801 0.922486 0.983578 0.996693 0.999341
 0.702801 0.922486 0.983578 0.996693 0.999341
 0.702801 0.922486 0.983578 0.996693 0.999341
 0.702801 0.922486 0.983578 0.996693 0.999341
 0.702801 0.922486 0.983578 0.996693 0.999341
 0.702801 0.922486 0.983578 0.996693 0.999341
 0.702801 0.922486 0.983578 0.996693 0.999341
 0.702801 0.922486 0.983578 0.996693 0.999341
 0.702801 0.922486 0.983578 0.996693 0.999341
 0.702801 0.922486 0.983578 0.996693 0.999341
 0.702801 0.922486 0.983578 0.996693 0.999341
 0.702801 0.922486 0.983578 0.996693 0.999341
 0.702801 0.922486 0.983578 0.996693 0.999341
 0.702801 0.922486 0.983578 0.996693 0.999341
 0.702801 0.922486 0.983578 0.996693 0.999341
 0.702801 0.922486 0.983578 0.996693 0.999341
 0.702801 0.922486 0.983578 0.996693 0.999341
 0.702801 0.922486 0.983578 0.996693 0.999341
 0.702801 0.922486 0.983578 0.996693 0.999341
 0.702801 0.922486 0.983578 0.996693 0.999341
 0.702801 0.922486 0.983578 0.996693 0.999341
 0.702801 0.922486 0.983578 0.996693 0.999341
 0.702801 0.922486 0.983578 0.996693 0.999341
 0.702801 0.922486 0.983578 0.996693 0.999341
 0.702801 0.922486 0.983578 0.996693 0.999341
 0.702801 0.922486 0.983578 0.996693 0.999341
 0.702801 0.922486 0.983578 0.996693 0.999341
 0.702801 0.922486 0.983578 0.996693 0.999341
 0.702801 0.922486 0.983578 0.996693 0.999341
 0.702801 0.922486 0.983578 0.996693 0.999341
Sel_pelaces
 0.356683 0.736169 0.933522 0.986047 0.997196
 0.356683 0.736169 0.933522 0.986047 0.997196
 0.356683 0.736169 0.933522 0.986047 0.997196
 0.356683 0.736169 0.933522 0.986047 0.997196
 0.356683 0.736169 0.933522 0.986047 0.997196
 0.356683 0.736169 0.933522 0.986047 0.997196
 0.356683 0.736169 0.933522 0.986047 0.997196
 0.356683 0.736169 0.933522 0.986047 0.997196
 0.356683 0.736169 0.933522 0.986047 0.997196
 0.356683 0.736169 0.933522 0.986047 0.997196
 0.356683 0.736169 0.933522 0.986047 0.997196
 0.356683 0.736169 0.933522 0.986047 0.997196
 0.356683 0.736169 0.933522 0.986047 0.997196
 0.356683 0.736169 0.933522 0.986047 0.997196
 0.356683 0.736169 0.933522 0.986047 0.997196
 0.356683 0.736169 0.933522 0.986047 0.997196
 0.356683 0.736169 0.933522 0.986047 0.997196
 0.356683 0.736169 0.933522 0.986047 0.997196
 0.356683 0.736169 0.933522 0.986047 0.997196
 0.356683 0.736169 0.933522 0.986047 0.997196
 0.356683 0.736169 0.933522 0.986047 0.997196
 0.356683 0.736169 0.933522 0.986047 0.997196
 0.356683 0.736169 0.933522 0.986047 0.997196
 0.356683 0.736169 0.933522 0.986047 0.997196
 0.356683 0.736169 0.933522 0.986047 0.997196
 0.356683 0.736169 0.933522 0.986047 0.997196
 0.356683 0.736169 0.933522 0.986047 0.997196
 0.356683 0.736169 0.933522 0.986047 0.997196
 0.356683 0.736169 0.933522 0.986047 0.997196
 0.356683 0.736169 0.933522 0.986047 0.997196
pf_obs 
 0.8446 0.082 0.0669 0.0065 0
 0.8095 0.147 0.0364 0.0071 0
 0.9664 0.0169 0.016 0.0007 0
 0.9276 0.0648 0.0075 0.0001 0
 0.7033 0.2144 0.0806 0.0017 0
 0.9318 0.0425 0.0243 0.0014 0
 0.5671 0.3108 0.0964 0.0239 0.0018
 0.0768 0.2599 0.5324 0.112 0.0189
 0.490249 0.384438 0.106611 0.0170017 0.00170017
 0.7925 0.1577 0.0466 0.003 0.0002
 0.840416 0.127587 0.0312969 0.00059994 9.999e-05
 0.8084 0.0986 0.0794 0.0134 0.0002
 0.7335 0.1905 0.0724 0.0035 0.0001
 0.4001 0.4547 0.1325 0.0127 0
 0.49795 0.308269 0.164784 0.0264974 0.00249975
 0.9179 0.0499 0.0305 0.0017 0
 0.2467 0.6533 0.0926 0.0074 0
 0.9418 0.0223 0.034 0.0019 0
 0.707729 0.231977 0.0356964 0.0245975 0
 0.517169 0.277429 0.184464 0.0207286 0.00020938
 0.811772 0.124168 0.05621 0.00726502 0.000585176
 0.764997 0.148141 0.077277 0.00933861 0.000247198
 0.163321 0.427699 0.378323 0.0303852 0.000271297
 0.753843 0.0900009 0.118128 0.0371064 0.000921714
 0.721811 0.176058 0.0630433 0.0369309 0.00215725
 0.143369 0.312575 0.442814 0.0836902 0.0175525
 0.692698 0.0596174 0.167031 0.0765114 0.00414204
 0.394062 0.376323 0.152708 0.0712218 0.00568511
 0.125707 0.32114 0.495352 0.0537591 0.00404204
 0.23352 0.215282 0.420074 0.123614 0.00750983
pf_pred 
 0.314074 0.200681 0.430063 0.0551814 1.01667e-06
 0.469843 0.226461 0.0908952 0.188638 0.024163
 0.86268 0.0854273 0.0227334 0.00874143 0.0204177
 0.622271 0.347828 0.0189129 0.00482008 0.00616763
 0.670551 0.256824 0.0671763 0.00345078 0.00199846
 0.971954 0.0223714 0.00446962 0.00111453 9.01723e-05
 0.290015 0.697917 0.00969535 0.00186974 0.000502997
 0.356662 0.282908 0.354588 0.00469507 0.00114603
 0.734181 0.125713 0.0627159 0.0761381 0.00125205
 0.869233 0.111547 0.00935065 0.00442486 0.00544467
 0.919243 0.0764817 0.00368731 0.00028655 0.000301181
 0.860876 0.132049 0.00671231 0.000312698 4.97478e-05
 0.796423 0.188706 0.0141525 0.000682201 3.6731e-05
 0.796802 0.180465 0.0211505 0.00150592 7.62846e-05
 0.855842 0.131182 0.011615 0.00126668 9.43879e-05
 0.976141 0.0222882 0.00143749 0.000119161 1.39138e-05
 0.316346 0.675212 0.00791085 0.000485809 4.48542e-05
 0.972824 0.0128973 0.014111 0.000157386 1.05295e-05
 0.64072 0.353758 0.00267588 0.00281266 3.33975e-05
 0.755136 0.18927 0.0547798 0.000395245 0.000419314
 0.797878 0.172869 0.0228487 0.00631087 9.35985e-05
 0.851974 0.13007 0.0154536 0.00195574 0.000546911
 0.252227 0.684569 0.0558426 0.00633834 0.00102392
 0.866217 0.0500588 0.0769091 0.00602252 0.000792252
 0.675845 0.297642 0.0101546 0.0150296 0.00132906
 0.43518 0.440865 0.114173 0.00375123 0.00603081
 0.840215 0.0907662 0.0543105 0.0135503 0.00115856
 0.774205 0.203588 0.0128253 0.00738488 0.0019959
 0.294267 0.598675 0.0968547 0.00589789 0.00430594
 0.403411 0.243275 0.301281 0.047082 0.00495077
pobs_RECLAS
 0 0 0 0 0
 0 0 0 0 0
 0 0 0 0 0
 0 0 0 0 0
 0 0 0 0 0
 0 0 0 0 0
 0 0 0 0 0
 0 0 0 0 0
 0 0 0 0 0
 0 0 0 0 0
 0.991045 0.00858322 0.000360255 1.14367e-05 0
 0.934742 0.0480273 0.0164251 0.00080598 0
 0.827803 0.169806 0.00239088 0 0
 0.941827 0.0461693 0.0120037 0 0
 0.791401 0.0380133 0.147996 0.0225897 0
 0.846168 0.0940531 0.0597789 0 0
 0.134021 0.677848 0.182769 0.00536245 0
 0.80878 0.0450904 0.141981 0.00414843 0
 0.846168 0.0940531 0.0597789 0 0
 0.905697 0.0802665 0.012482 0.00150086 5.37128e-05
 0.989698 0.0102097 9.19794e-05 0 0
 0.975433 0.0193895 0.00387452 0.00125025 5.28907e-05
 0.303575 0.632131 0.0575291 0.00676475 0
 0.966965 0.00978017 0.0227588 0.000495775 0
 0.843318 0.132988 0.00938335 0.0141283 0.000182051
 0.564624 0.303363 0.111486 0.0197234 0.00080311
 0.826376 0.0876187 0.0782897 0.00655872 0.00115652
 0.89761 0.0855135 0.0140674 0.00269457 0.000114338
 0.34875 0.467042 0.161289 0.0227151 0.000203297
 0.318654 0.224769 0.449479 0.00709798 0
ppred_RECLAS
 0.341863 0.187524 0.416536 0.0540766 9.98881e-07
 0.509858 0.204425 0.0848045 0.178047 0.0228651
 0.881492 0.0725899 0.0199651 0.00776636 0.0181868
 0.675293 0.298211 0.0166805 0.00429955 0.00551563
 0.712041 0.222865 0.0601532 0.00312572 0.00181485
 0.975839 0.0191245 0.0039575 0.000998441 8.09878e-05
 0.333375 0.654913 0.00938719 0.00183123 0.000493899
 0.387322 0.263985 0.342974 0.00459491 0.00112447
 0.771181 0.10615 0.054563 0.0670005 0.00110461
 0.90116 0.0839751 0.00718615 0.00343787 0.00424093
 0.930075 0.0660906 0.00330113 0.000259562 0.000273517
 0.885086 0.1089 0.0057024 0.000268696 4.28569e-05
 0.828778 0.158353 0.01224 0.00059679 3.22146e-05
 0.840775 0.141042 0.0169049 0.00121695 6.18029e-05
 0.886211 0.103302 0.00937633 0.00103399 7.72448e-05
 0.98044 0.0182334 0.00121311 0.000101721 1.19079e-05
 0.362528 0.629351 0.0076054 0.000472439 4.37315e-05
 0.976674 0.0108722 0.0123051 0.00013885 9.31325e-06
 0.684985 0.309991 0.00242026 0.00257342 3.06351e-05
 0.788563 0.162234 0.0484721 0.000353784 0.000376291
 0.825436 0.148524 0.020287 0.00566854 8.42878e-05
 0.874331 0.109966 0.0134917 0.00172725 0.000484255
 0.286615 0.651128 0.0549286 0.00630741 0.00102154
 0.882109 0.0431357 0.0686033 0.00543515 0.000716825
 0.710806 0.264616 0.00934454 0.0139928 0.00124056
 0.474556 0.406891 0.109082 0.00362603 0.00584452
 0.859883 0.0783258 0.0484995 0.0122422 0.00104941
 0.799943 0.17965 0.011725 0.00683084 0.00185092
 0.327048 0.567663 0.0951371 0.00586152 0.0042904
 0.448892 0.22038 0.281533 0.0445036 0.00469165
pobs_PELACES
 0 0 0 0 0
 0 0 0 0 0
 0 0 0 0 0
 0 0 0 0 0
 0 0 0 0 0
 0 0 0 0 0
 0 0 0 0 0
 0 0 0 0 0
 0 0 0 0 0
 0 0 0 0 0
 0 0 0 0 0
 0 0 0 0 0
 0 0 0 0 0
 0 0 0 0 0
 0 0 0 0 0
 0 0 0 0 0
 0.505614 0.472636 0.0217494 0 0
 0 0 0 0 0
 0.443492 0.261883 0.143347 0.151278 0
 0.227955 0.32914 0.350689 0.0885471 0.00366901
 0.970185 0.0296113 0.000203453 0 0
 0.997202 0.00247181 0.000326279 0 0
 0.445219 0.490057 0.0546422 0.010081 0
 0.90214 0.0892962 0.00764917 0.000914606 0
 0 0 0 0 0
 0.581667 0.319106 0.0959925 0.00289975 0.000334073
 0.762889 0.0836404 0.116647 0.0363945 0.000428098
 0.88444 0.0763242 0.0277011 0.0115352 0
 0.521256 0.241999 0.230069 0.00667565 0
 0.616807 0.101726 0.260614 0.0208532 0
ppred_PELACES
 0.231995 0.192496 0.506921 0.0685873 1.27783e-06
 0.394576 0.224392 0.109783 0.240144 0.0311049
 0.829049 0.0967849 0.0313924 0.0127231 0.0300505
 0.60851 0.353985 0.0232107 0.00623135 0.00806244
 0.632697 0.273119 0.0867388 0.00469541 0.00274968
 0.963194 0.0279974 0.00685763 0.00180295 0.000147505
 0.265782 0.718959 0.012124 0.00246388 0.000670241
 0.273736 0.282878 0.4358 0.00608491 0.00150193
 0.692994 0.128527 0.0775872 0.0992416 0.00165021
 0.880736 0.0984978 0.00980585 0.00488405 0.00607651
 0.898092 0.095316 0.00563848 0.000462021 0.000491055
 0.850309 0.140557 0.00864168 0.00042415 6.82328e-05
 0.779249 0.201475 0.0182956 0.000929222 5.05901e-05
 0.80882 0.166146 0.023205 0.00173933 8.90888e-05
 0.858872 0.126108 0.013369 0.00153523 0.000115674
 0.973032 0.0248347 0.00194341 0.00016976 2.00436e-05
 0.292922 0.69648 0.00989778 0.000640496 5.97974e-05
 0.963598 0.015468 0.0206741 0.000243075 1.64444e-05
 0.610069 0.382476 0.00351497 0.00389357 4.67492e-05
 0.720624 0.205834 0.0724014 0.000550522 0.000590579
 0.764748 0.194642 0.0313474 0.00912581 0.000136863
 0.829655 0.14569 0.0210531 0.00280801 0.000794029
 0.216134 0.704006 0.0701023 0.00838742 0.00137011
 0.820503 0.0587291 0.110438 0.00911733 0.00121281
 0.62302 0.338794 0.0141436 0.0220692 0.00197344
 0.371782 0.466791 0.147969 0.00512545 0.00833245
 0.795567 0.105334 0.0770743 0.0202723 0.00175271
 0.723931 0.242795 0.0187669 0.011394 0.00311396
 0.240593 0.622161 0.123466 0.00792728 0.00585244
 0.348521 0.234666 0.352579 0.0580604 0.00617343
pobs_pel_tallas
 0 0 0 0 0 0 0 0 0 0 0 0 0 0 0 0 0 0 0 0 0 0 0 0 0 0
 0 0 0 0 0 0 0 0 0 0 0 0 0 0 0 0 0 0 0 0 0 0 0 0 0 0
 0 0 0 0 0 0 0 0 0 0 0 0 0 0 0 0 0 0 0 0 0 0 0 0 0 0
 0 0 0 0 0 0 0 0 0 0 0 0 0 0 0 0 0 0 0 0 0 0 0 0 0 0
 0 0 0 0 0 0 0 0 0 0 0 0 0 0 0 0 0 0 0 0 0 0 0 0 0 0
 0 0 0 0 0 0 0 0 0 0 0 0 0 0 0 0 0 0 0 0 0 0 0 0 0 0
 0 0 0 0 0 0 0 0 0 0 0 0 0 0 0 0 0 0 0 0 0 0 0 0 0 0
 0 0 0 0 0 0 0 0 0 0 0 0 0 0 0 0 0 0 0 0 0 0 0 0 0 0
 0 0 0 0 0 0 0 0 0 0 0 0 0 0 0 0 0 0 0 0 0 0 0 0 0 0
 0 0 0 0 0 0 0 0 0 0 0 0 0 0 0 0 0 0 0 0 0 0 0 0 0 0
 0 0 0 0 0 0 0 0 0 0 0 0 0 0 0 0 0 0 0 0 0 0 0 0 0 0
 0 0 0 0 0 0 0 0 0 0 0 0 0 0 0 0 0 0 0 0 0 0 0 0 0 0
 0.00862536 0 0 0.000197151 0.00414017 0.0128641 0.00837892 0.0270097 0.101434 0.158115 0.152841 0.127902 0.109271 0.109419 0.0830992 0.0579132 0.0238553 0.00714673 0.00463305 0.00128148 0.00103504 0.000492878 0.000147863 0.000147863 4.92878e-05 0
 0 0 0 0 0 0 0 0 0 0 0 0 0 0 0 0 0 0 0 0 0 0 0 0 0 0
 0 0 0 0 0 0 0 0.0054083 0.00873648 0.0413646 0.0450493 0.0745869 0.0622846 0.0627006 0.0613931 0.0827291 0.12552 0.122667 0.0946155 0.0697135 0.0546179 0.0294188 0.0215738 0.0213955 0.0102223 0.00600262
 0 0 0 0 0.00359764 0.0251062 0.0480494 0.140153 0.205849 0.193036 0.1447 0.116669 0.0760912 0.0342217 0.00950174 0.001854 0.000860785 0 0 0 0.000165536 0 0.000143464 0 0 0
 0 0 0 0 0 0 0 0.000145254 0.000435761 0.0275982 0.070085 0.0708112 0.156366 0.174668 0.174014 0.160142 0.0824315 0.0480064 0.0283245 0.00493863 0.00203355 0 0 0 0 0
 0 0 0 0 0 0 0 0 0 0 0 0 0 0 0 0 0 0 0 0 0 0 0 0 0 0
 0 0 1.00437e-05 0.000401748 0.00122533 0.00171747 0.00176769 0.0269171 0.070346 0.194647 0.189555 0.159765 0.064822 0.0314167 0.0384472 0.0292271 0.0345202 0.0313363 0.0194345 0.0106764 0.0143323 0.0359363 0.0279516 0.0138201 0.00172751 0
 0 0.0021121 0.0136068 0.0755702 0.200478 0.177729 0.0527432 0.0373336 0.0318909 0.0142505 0.0149659 0.0166563 0.0217959 0.0798694 0.0677717 0.0528807 0.04013 0.0224614 0.0357745 0.0225083 0.00881397 0.00855152 0.00135912 0.000746735 0 0
 0 0 0 0 5.4009e-05 0.00500934 0.000945158 0.0243581 0.138947 0.33067 0.221406 0.137944 0.0707744 0.0437923 0.0131692 0.00525238 0.0047753 0.00276346 9.45158e-05 9.00151e-06 2.25038e-05 9.00151e-06 4.50075e-06 0 0 0
 0.000866109 0.00284123 0.00948549 0.0512746 0.133035 0.25785 0.225252 0.132002 0.0553304 0.0519788 0.0540692 0.017754 0.00435017 0.00159236 0.00146478 0.000404838 0.000125132 0.000115318 0.000107957 0.000100596 0 0 0 0 0 0
 0 0 0 0 0.00144013 0.00171154 0.00461396 0.0210425 0.0478622 0.0707936 0.0888783 0.103762 0.0637923 0.0337046 0.0602308 0.124433 0.169614 0.0934646 0.0462172 0.0250306 0.0313229 0.00938855 0.002487 0.000210481 0 0
 0 0.00764035 0.051015 0.0998891 0.058973 0.0496711 0.0374665 0.0718981 0.12319 0.153886 0.159021 0.0857701 0.0377988 0.023471 0.0147837 0.00900784 0.00315554 0.000888139 0.00291439 0.00214683 0.00393193 0.00274676 0.000635225 9.99891e-05 0 0
 0 0 0 0 0 0 0 0 0 0 0 0 0 0 0 0 0 0 0 0 0 0 0 0 0 0
 0 0 0 0 0 0 0 0 0 0 0 0 0 0 0 0 0 0 0 0 0 0 0 0 0 0
 0 0 0 0 0 0 0 0 0 0 0 0 0 0 0 0 0 0 0 0 0 0 0 0 0 0
 0 0 0 0 0 0 0 0 0 0 0 0 0 0 0 0 0 0 0 0 0 0 0 0 0 0
 0 0 0 0 0 0 0 0 0 0 0 0 0 0 0 0 0 0 0 0 0 0 0 0 0 0
 0 0 0 0 0 0 0 0 0 0 0 0 0 0 0 0 0 0 0 0 0 0 0 0 0 0
ppred_pel_tallas
 1.21557e-16 1.91091e-05 0.000185748 0.00123436 0.00561123 0.0174587 0.0371984 0.0542961 0.0543154 0.0372931 0.017779 0.00654614 0.00361786 0.00551058 0.0104883 0.0182385 0.028437 0.040275 0.0527901 0.065321 0.0774546 0.0884081 0.0965175 0.0995645 0.0959012 0.0855384
 1.32573e-16 3.25008e-05 0.000315919 0.00209939 0.00954356 0.0296937 0.0632663 0.0923436 0.0923654 0.0633731 0.0300529 0.0105842 0.00472303 0.00608267 0.0111046 0.0186352 0.0276518 0.0365789 0.0439382 0.049333 0.0537528 0.0587737 0.0652208 0.0723417 0.0780735 0.0801194
 1.07293e-16 6.82877e-05 0.000663781 0.00441106 0.020052 0.0623894 0.132927 0.194013 0.194023 0.132973 0.0625432 0.0204968 0.00552946 0.00311182 0.0047374 0.00777765 0.011329 0.0145374 0.0165972 0.0171816 0.0166474 0.015779 0.0152692 0.0153363 0.0157102 0.015895
 1.0275e-16 5.01223e-05 0.000487206 0.00323766 0.0147179 0.0457932 0.0975685 0.142411 0.142445 0.097735 0.0463521 0.0163316 0.00728622 0.00931849 0.0168026 0.0276473 0.0397023 0.0496774 0.0542577 0.0519251 0.0438799 0.0332623 0.0233175 0.0159155 0.0112713 0.00860688
 1.0351e-16 5.21145e-05 0.000506572 0.00336635 0.0153029 0.0476133 0.101446 0.148069 0.148095 0.101575 0.0480467 0.0165557 0.00651435 0.00739003 0.0131581 0.021756 0.0315324 0.0400584 0.0448706 0.0447945 0.0405858 0.0343145 0.0280306 0.0227859 0.0185884 0.0149912
 1.00411e-16 7.93371e-05 0.000771184 0.00512479 0.0232966 0.0724843 0.154435 0.225404 0.225406 0.154449 0.0725286 0.0234248 0.00544689 0.00147509 0.00141843 0.00222529 0.00321167 0.00406741 0.00453474 0.00449538 0.00403339 0.00337107 0.0027286 0.00221883 0.00183882 0.00153062
 1.00895e-16 2.18923e-05 0.000212801 0.00141414 0.00642852 0.0200019 0.0426187 0.0622177 0.0622869 0.0429565 0.0211357 0.00970153 0.00962266 0.0181082 0.0339383 0.055888 0.0800739 0.0997839 0.108194 0.10216 0.0841469 0.0606797 0.0386069 0.0220358 0.0116738 0.00609256
 1.13513e-16 2.25473e-05 0.000219168 0.00145645 0.00662082 0.0206 0.0438915 0.0640667 0.0640946 0.044028 0.02106 0.00795728 0.00484022 0.0077019 0.0145136 0.0246853 0.0372418 0.0503176 0.0618711 0.0707108 0.0768046 0.0805541 0.0817957 0.0795942 0.0730464 0.0623056
 1.12504e-16 5.7081e-05 0.000554848 0.00368716 0.0167613 0.0521507 0.111113 0.162175 0.162188 0.111174 0.0523566 0.0173577 0.00519072 0.0038593 0.00639949 0.0106686 0.0157964 0.0208088 0.0247797 0.0273652 0.0289943 0.0304635 0.0322469 0.0340884 0.0351613 0.0346014
 1.01827e-16 7.25451e-05 0.000705164 0.00468606 0.0213022 0.066279 0.141215 0.206109 0.206119 0.141261 0.0664346 0.0217517 0.00581428 0.00316747 0.00474723 0.00772935 0.0111193 0.0139689 0.0153696 0.0149143 0.0129438 0.0103224 0.00792275 0.00621642 0.00520593 0.00462358
 1.00317e-16 7.39747e-05 0.00071906 0.00477841 0.021722 0.0675851 0.143998 0.210171 0.21018 0.144042 0.0677356 0.0221563 0.00586812 0.00309577 0.00458143 0.00744023 0.0106713 0.013336 0.014532 0.0138438 0.0115901 0.0086162 0.00580314 0.00366992 0.00229608 0.00149485
 1.0034e-16 7.00389e-05 0.000680803 0.00452417 0.0205663 0.0639893 0.136336 0.19899 0.199003 0.136403 0.0642112 0.0212068 0.00613117 0.00418573 0.00671724 0.0109696 0.0157372 0.0196667 0.0214287 0.0204089 0.0170739 0.0126678 0.00848822 0.00530196 0.00323164 0.00201015
 1.00682e-16 6.41858e-05 0.000623909 0.00414609 0.0188475 0.0586418 0.124943 0.182362 0.182382 0.125038 0.05896 0.0197664 0.0064517 0.00565403 0.00960824 0.0157587 0.0226374 0.0283442 0.030985 0.0296803 0.0250857 0.0189543 0.0131066 0.00860557 0.00560923 0.00374323
 1.00902e-16 6.66215e-05 0.000647585 0.00430343 0.0195628 0.0608671 0.129684 0.189282 0.189298 0.129763 0.0611298 0.0203215 0.00620773 0.00480423 0.0079594 0.0130489 0.0187803 0.0235915 0.0259339 0.0250845 0.0215669 0.016786 0.0121869 0.00859331 0.00610655 0.00442467
 1.00592e-16 7.07442e-05 0.000687659 0.00456973 0.0207734 0.0646337 0.137709 0.200993 0.201006 0.137769 0.0648329 0.0213488 0.00601364 0.00383836 0.00605046 0.00987987 0.0141997 0.0178008 0.0195006 0.018751 0.0159594 0.0122138 0.00863859 0.00588232 0.00403116 0.00284643
 1.00083e-16 8.01474e-05 0.000779061 0.00517713 0.0235345 0.0732246 0.156013 0.227706 0.227708 0.156024 0.0732638 0.0236477 0.00546123 0.0013988 0.00125581 0.00194576 0.00278682 0.00348656 0.00380684 0.00363911 0.00306507 0.00230241 0.00157742 0.00102261 0.000657791 0.000435727
 1.00539e-16 2.41277e-05 0.00023453 0.00155854 0.00708494 0.0220442 0.04697 0.0685682 0.0686352 0.0472973 0.0231425 0.0102553 0.00950955 0.0175679 0.0328735 0.0541249 0.0775354 0.0965943 0.104683 0.0987522 0.0811887 0.0583215 0.0368016 0.0206305 0.0105151 0.00508663
 1.00628e-16 7.93703e-05 0.000771508 0.00512694 0.0233063 0.0725146 0.1545 0.225498 0.225499 0.154508 0.0725397 0.023379 0.00531083 0.00117741 0.000863292 0.00133539 0.00199425 0.00266951 0.00323991 0.00363948 0.00387358 0.0039799 0.00397057 0.00381359 0.00346898 0.00294077
 1.00598e-16 5.02506e-05 0.000488454 0.00324595 0.0147556 0.0459105 0.0978185 0.142777 0.142813 0.0979982 0.0465136 0.0164966 0.00761194 0.0100062 0.0180874 0.0297209 0.0425709 0.0530335 0.057476 0.0542305 0.0446187 0.0321257 0.0204079 0.0116542 0.00623101 0.00335716
 1.02298e-16 5.93569e-05 0.00057697 0.00383417 0.0174296 0.05423 0.115544 0.168643 0.168663 0.115641 0.0545569 0.0183744 0.00620878 0.00577071 0.0099521 0.0164334 0.0238381 0.030327 0.0340446 0.0340965 0.031027 0.026358 0.0215957 0.0175127 0.0141286 0.0111543
 1.01893e-16 6.29913e-05 0.000612298 0.00406893 0.0184968 0.0575505 0.122618 0.178969 0.178987 0.12271 0.0578584 0.0193863 0.00630199 0.00548813 0.00932618 0.0153264 0.0220909 0.0278185 0.0307153 0.0299499 0.0261374 0.0209034 0.0158952 0.0120142 0.0093147 0.00739761
 1.01061e-16 6.83376e-05 0.000664266 0.00441428 0.0200667 0.062435 0.133025 0.194157 0.194171 0.133094 0.0626654 0.0207321 0.00608453 0.00431034 0.00699257 0.0114509 0.0164859 0.0207235 0.0228097 0.0221151 0.0191009 0.0149969 0.0110625 0.00800632 0.0059012 0.0044678
 1.03276e-16 1.78028e-05 0.00017305 0.00114998 0.00522769 0.0162656 0.0346582 0.0505988 0.0506666 0.0349895 0.0173778 0.00843936 0.00920911 0.0177575 0.0333882 0.0551009 0.0792107 0.0992616 0.108669 0.104374 0.0886647 0.0676383 0.0476016 0.0322011 0.0219264 0.0154319
 1.04322e-16 6.75837e-05 0.000656938 0.00436558 0.0198453 0.0617462 0.131557 0.192012 0.192018 0.131585 0.0618424 0.0201253 0.00507599 0.00223321 0.0031357 0.00527092 0.00803729 0.0110446 0.0139106 0.0164078 0.0184979 0.0201658 0.021226 0.0213213 0.0201468 0.0177037
 1.03043e-16 5.13174e-05 0.000498823 0.00331486 0.0150689 0.046885 0.0998947 0.145806 0.145839 0.100054 0.0474198 0.0166128 0.00718798 0.00894648 0.0160735 0.0264364 0.0379513 0.0474672 0.0518197 0.0495763 0.0419168 0.0318779 0.0225778 0.0157824 0.0116343 0.00930674
 1.06314e-16 3.06233e-05 0.000297669 0.00197812 0.00899227 0.0279785 0.0596129 0.0870162 0.0870613 0.0598334 0.0287193 0.0111333 0.00735824 0.0120618 0.022429 0.0371764 0.0538861 0.068453 0.0766708 0.0765342 0.0693398 0.0586335 0.047928 0.0390273 0.0319442 0.0259039
 1.04581e-16 6.55298e-05 0.000636973 0.00423291 0.0192422 0.0598697 0.127559 0.186178 0.186189 0.127609 0.0600384 0.0197308 0.0054643 0.00334162 0.00525073 0.00870409 0.0128304 0.0167606 0.0196413 0.0210633 0.0212474 0.0207752 0.0201021 0.0192748 0.018038 0.0161544
 1.02274e-16 5.96293e-05 0.000579618 0.00385176 0.0175096 0.0544789 0.116074 0.169418 0.169442 0.116188 0.0548624 0.0186169 0.00663017 0.00664142 0.011562 0.0189939 0.0272959 0.0342031 0.0374536 0.0360159 0.0307122 0.0236782 0.0171027 0.0122199 0.00913179 0.00727855
 1.05508e-16 1.98175e-05 0.000192633 0.00128012 0.00581926 0.0181062 0.0385794 0.0563203 0.0563803 0.0388726 0.0190911 0.00866456 0.00842454 0.0157966 0.0296763 0.0490854 0.0708338 0.0893298 0.098853 0.0967161 0.0848088 0.0682191 0.0521129 0.0393361 0.0301254 0.0233559
 1.17103e-16 2.87072e-05 0.000279045 0.00185435 0.00842962 0.0262278 0.055882 0.0815662 0.0815893 0.0559952 0.0266096 0.00953886 0.00466343 0.00649325 0.012071 0.0205382 0.0310484 0.042105 0.0521075 0.0601902 0.0664468 0.0712679 0.0744414 0.0749362 0.0715952 0.0640949
pSPR Fmed_Fpbrs
0.264765   0.249742 0.249742
Fs Fmed_Fpbrs
0.952294   1.005 1.005
SSBpbr Bo_Bmed_Bpbrs
1.29991e+06  279176  259648 259648
Ro
78367.9
SPR SPRFo_SPRFmed_SPRFpbrs
557854 147700 139320
Fref
1.005
log_Ro
11.0892
likeval ReclasPelacesDesembMPH_pf_preclas_ppelaces_ptallas_desvR_qrecl_qpela
 12.5553 15.8672 0.0820703 0.000844851 250.618 103.746 84.7147 0 37.3471 9.97419e-05 0.000247468 0.0186029 0 0 0
q_reclas_q_pelaces
4.11736 9.37517
M
1
N
 59790 26497.4 55466.8 7108.05 0.130951
 48933.3 17474.4 6886.22 14277.3 1828.71
 132959 9759.5 2550.01 979.575 2287.92
 60093 26437.3 1417.65 361.032 461.947
 26563.6 7726.55 1987.93 102.029 59.0854
 274966 4485.51 876.869 218.4 17.6688
 39070 71498.9 977.094 188.268 50.6455
 11910.8 6535.39 7999.46 105.786 25.8199
 26639.2 3530.03 1734.63 2104.18 34.6007
 36640.4 3917.09 325.074 153.748 189.177
 46297.4 2709.6 127.745 9.91562 10.4212
 105469 12548.1 628.372 29.25 4.65325
 83402.8 15242.2 1125.7 54.2185 2.9191
 67385.6 12579.1 1458.5 103.787 5.25732
 45186.4 5615.62 491.355 53.5514 3.99031
 255792 4453.7 282.63 23.4085 2.73316
 25732.5 41952.6 483.682 29.6779 2.74
 431227 4169.82 4473.92 49.8479 3.33475
 227117 94872.3 705.687 741.1 8.7994
 208064 39381.7 11206.9 80.7871 85.7027
 227100 36546.5 4743.58 1308.92 19.4121
 388437 44564.3 5203.96 657.986 183.993
 35442.8 70550.3 5646.03 640.194 103.414
 181507 7537.31 11342.9 887.254 116.71
 137609 43638.5 1458.56 2156.41 190.68
 44917.8 32683.9 8290.65 272.095 437.418
 138493 10826.7 6348.97 1582.35 135.284
 172670 31944.2 1967.88 1131.77 305.862
 32590.5 46766.6 7400.24 450.101 328.59
 18915.7 8703.41 10605.9 1655.99 174.123
pred_Ctot
 7915.54 5057.71 10838.8 1390.72 0.0256229
 14875.7 7169.99 2877.84 5972.47 765.025
 40574.9 4017.95 1069.23 411.14 960.317
 26837.2 15001 815.671 207.879 265.996
 9665.52 3701.93 968.3 49.7406 28.8064
 52411.2 1206.35 241.018 60.0995 4.86241
 14339.8 34508.4 479.385 92.4492 24.8706
 1489.48 1181.47 1480.82 19.6074 4.78599
 10869.4 1861.16 928.497 1127.21 18.5364
 20902.3 2682.34 224.853 106.404 130.927
 7898.01 657.12 31.6808 2.462 2.5877
 43582.5 6685.09 339.816 15.8306 2.51852
 33383.4 7909.92 593.227 28.5956 1.53964
 36911.6 8360 979.791 69.7613 3.53386
 23153.2 3548.88 314.223 34.2677 2.55349
 95553.7 2181.77 140.715 11.6646 1.36201
 9714.27 20734.2 242.924 14.9181 1.37737
 114207 1514.1 1656.59 18.4767 1.23613
 80590.6 44496.2 336.576 353.781 4.20079
 72902.1 18272.4 5288.53 38.1576 40.4813
 70444.7 15262.6 2017.32 557.187 8.26381
 131531 20080.6 2385.77 301.933 84.4339
 9879.31 26813.5 2187.26 248.263 40.1054
 41143 2377.66 3652.97 286.053 37.6298
 31935.5 14064.4 479.835 710.19 62.8018
 10130.9 10263.2 2657.92 87.3278 140.396
 33909.7 3663.18 2191.88 546.868 46.7574
 29515.4 7761.49 488.946 281.537 76.0906
 5795.01 11789.8 1907.37 116.148 84.7972
 7091.23 4276.33 5295.97 827.615 87.0255
F
 0.230102 0.347525 0.357117 0.357637 0.357664
 0.612218 0.924638 0.950158 0.95154 0.951613
 0.615265 0.92924 0.954887 0.956276 0.956349
 1.05123 1.58768 1.6315 1.63388 1.634
 0.778688 1.17606 1.20852 1.21028 1.21037
 0.346966 0.524025 0.538488 0.539271 0.539313
 0.788122 1.19031 1.22316 1.22494 1.22503
 0.21614 0.326438 0.335447 0.335935 0.335961
 0.917037 1.38501 1.42323 1.42531 1.42541
 1.60435 2.42307 2.48994 2.49356 2.49375
 0.305517 0.461425 0.47416 0.47485 0.474886
 0.934353 1.41116 1.45011 1.45222 1.45233
 0.891642 1.34666 1.38382 1.38584 1.38594
 1.48488 2.24263 2.30452 2.30788 2.30805
 1.31706 1.98917 2.04407 2.04704 2.0472
 0.807824 1.22006 1.25374 1.25556 1.25566
 0.819882 1.23827 1.27245 1.2743 1.2744
 0.514103 0.776455 0.797885 0.799046 0.799107
 0.752165 1.136 1.16736 1.16905 1.16914
 0.739259 1.11651 1.14732 1.14899 1.14908
 0.628458 0.949166 0.975363 0.976781 0.976856
 0.705804 1.06598 1.0954 1.097 1.09708
 0.548054 0.827731 0.850576 0.851814 0.851879
 0.425356 0.642419 0.66015 0.66111 0.661161
 0.437535 0.660812 0.679051 0.680038 0.68009
 0.422821 0.638591 0.656215 0.65717 0.65722
 0.466827 0.705053 0.724512 0.725566 0.725622
 0.306213 0.462477 0.475241 0.475933 0.475969
 0.320306 0.483762 0.497113 0.497836 0.497874
 0.811855 1.22615 1.25999 1.26183 1.26192
nmprior
 8 8 7 0
nm_flota  nm_reclas  nm_pelaces    nm_pelaL
inf 18.569 6.78466 9.95025
cv_recla  cv_pelaces  cv_mph
0.328051 0.468721 0.897006
 ------------------------------------------------
Talla a la edad & desviación 
 8 13.2811 15.8009 17.003 17.5766
 0.8 1.32811 1.58009 1.7003 1.75766
