years
 1991 1992 1993 1994 1995 1996 1997 1998 1999 2000 2001 2002 2003 2004 2005 2006 2007 2008 2009 2010 2011 2012 2013 2014 2015 2016 2017 2018 2019 2020
reclasobs
 0 0 0 0 0 0 0 0 0 252601 567819 844713 477998 351125 339783 2.1784e+06 2.13404e+06 4.81314e+06 1.55562e+06 2.62356e+06 3.21686e+06 3.843e+06 1.13348e+06 3.07943e+06 1.97215e+06 2.03268e+06 2.025e+06 2.42433e+06 2.27542e+06 1.05018e+06
reclaspred
 3.22591e+06 1.88815e+06 798252 469199 91554.4 2.01319e+06 784269 245086 701675 211015 248975 752750 509010 389677 274578 1.84629e+06 1.11373e+06 7.04129e+06 4.40782e+06 1.51695e+06 3.56078e+06 3.54715e+06 1.9369e+06 4.34579e+06 2.64695e+06 1.29733e+06 2.35507e+06 3.53882e+06 2.45613e+06 821651
pelacesobs
 0 0 0 0 0 0 0 0 0 0 0 0 0 0 0 552880 188675 0 991730 2.46772e+06 1.41603e+06 1.21717e+06 2.29649e+06 1.80582e+06 0 1.4828e+06 1.56532e+06 1.57751e+06 1.42118e+06 867257
pelacespred
 526565 422464 194422 88315 13184.7 492880 148954 60598.9 162559 36194.1 58442.3 150091 101013 77821.3 53089.2 377291 224650 1.84854e+06 1.11572e+06 385835 852553 823064 453184 1.20111e+06 701633 335091 699766 1.02038e+06 590301 229213
mphobs
 0 0 0 0 0 0 0 0 0 0 0 498337 0 5186 125008 0 168611 109162 213762 579715 649985 157893 87575 83554 0 0 0 0 0 0
mphpred
 182015 1.12072e+06 529863 165733 81990 13456.9 596530 162049 61219.2 175280 29346.6 80520.9 201872 94114.5 52428.6 49526.8 616658 325097 2.37659e+06 1.13424e+06 471700 994354 1.11547e+06 615155 1.33296e+06 788916 340766 652837 1.32616e+06 652953
desembarqueobs
 494567 514787 250237 358949 120608 361735 552515 73892 212993 205616 52469 317467 293654 387597 252695 516296 358380 742168 942051 627588 828172 859565 418607 520667 417249 300574 407403 355545 319650 289779
desembarquepred
 494244 519682 247275 358267 120448 361461 551619 73849.6 212774 205299 52438.8 317064 293151 386735 252264 515756 358101 741653 940411 625978 827324 858443 418197 520311 416786 300154 407040 355285 319368 289431
Reclutas
 532604 1455.22 5298.72 95164.6 1659.63 327324 1806.4 505.809 67905.8 2168.77 41067.9 162075 55937.9 70962 44181.6 404132 3411.86 1.10639e+06 134605 23680.1 432124 560669 3834.39 350269 135260 12836.8 236257 308753 5504.36 2131.39
log_desv_Rt
 2.6785 -3.22412 -1.93181 0.956333 -3.09268 2.19167 -3.00794 -4.28087 0.618847 -2.82511 0.115953 1.48878 0.424968 0.662869 0.189033 2.40247 -2.37202 3.40959 1.30307 -0.434638 2.46944 2.72986 -2.25526 2.25943 1.30792 -1.04696 1.86564 2.13327 -1.89373 -2.8425
SSB
 182015 1.12072e+06 529863 165733 81990 13456.9 596530 162049 61219.2 175280 29346.6 80520.9 201872 94114.5 52428.6 49526.8 616658 325097 2.37659e+06 1.13424e+06 471700 994354 1.11547e+06 615155 1.33296e+06 788916 340766 652837 1.32616e+06 652953
BT
 1.50099e+06 1.41998e+06 683686 529045 131973 1.45681e+06 836681 210767 566806 267505 180199 607873 492087 585950 372337 1.27503e+06 802113 4.92897e+06 3.45288e+06 1.54618e+06 2.70677e+06 2.64717e+06 1.40735e+06 3.26801e+06 2.0118e+06 1.06248e+06 2.04937e+06 2.70191e+06 1.62938e+06 851322
Ftot
 0.262056 0.460592 0.515023 1.15682 1.77534 0.305708 1.07928 0.50178 0.504788 1.40993 0.35665 0.685212 0.907721 1.43231 1.34678 0.467115 0.533378 0.181604 0.3611 0.672445 0.391901 0.407486 0.365264 0.205941 0.269127 0.390317 0.294627 0.173238 0.223279 0.58089
BD_Bspro_t
 0.958938 0.714801 0.447441 0.245244 0.144044 0.0393293 0.526989 0.210224 0.133912 0.320214 0.106358 0.350401 0.379062 0.193735 0.113775 0.113274 0.47529 0.325126 0.708483 0.504832 0.287009 0.452197 0.494067 0.386219 0.60019 0.533141 0.408671 0.591966 0.719486 0.557869
BD_Bspro
 0.699164 4.30496 2.03534 0.636622 0.314944 0.0516913 2.29142 0.62247 0.235158 0.673294 0.112728 0.309301 0.775442 0.361518 0.201392 0.190245 2.36874 1.24878 9.1291 4.35691 1.81192 3.81957 4.28481 2.36296 5.12024 3.03043 1.30897 2.50771 5.09411 2.50816
BD_Bo
 0.112449 0.69238 0.327349 0.10239 0.0506534 0.00831367 0.368536 0.100114 0.0378212 0.108288 0.0181303 0.0497458 0.124717 0.058144 0.0323904 0.0305977 0.380972 0.200845 1.46826 0.700734 0.291417 0.614312 0.689138 0.380043 0.823503 0.487393 0.210525 0.403323 0.819301 0.403394
BD_Brms
 0.916652 5.6441 2.66846 0.834655 0.412913 0.0677708 3.00421 0.816101 0.308309 0.882734 0.147794 0.405515 1.01666 0.473974 0.264038 0.249424 3.10558 1.63724 11.9689 5.7122 2.37555 5.00771 5.61767 3.09801 6.71298 3.9731 1.71615 3.28778 6.67873 3.28836
Sel_flota
 1 1 1 1 1
 1 1 1 1 1
 1 1 1 1 1
 1 1 1 1 1
 1 1 1 1 1
 1 1 1 1 1
 1 1 1 1 1
 1 1 1 1 1
 1 1 1 1 1
 1 1 1 1 1
 1 1 1 1 1
 1 1 1 1 1
 1 1 1 1 1
 1 1 1 1 1
 1 1 1 1 1
 1 1 1 1 1
 1 1 1 1 1
 1 1 1 1 1
 1 1 1 1 1
 1 1 1 1 1
 1 1 1 1 1
 1 1 1 1 1
 1 1 1 1 1
 1 1 1 1 1
 1 1 1 1 1
 1 1 1 1 1
 1 1 1 1 1
 1 1 1 1 1
 1 1 1 1 1
 1 1 1 1 1
Sel_reclas
 1 1 1 1 1
 1 1 1 1 1
 1 1 1 1 1
 1 1 1 1 1
 1 1 1 1 1
 1 1 1 1 1
 1 1 1 1 1
 1 1 1 1 1
 1 1 1 1 1
 1 1 1 1 1
 1 1 1 1 1
 1 1 1 1 1
 1 1 1 1 1
 1 1 1 1 1
 1 1 1 1 1
 1 1 1 1 1
 1 1 1 1 1
 1 1 1 1 1
 1 1 1 1 1
 1 1 1 1 1
 1 1 1 1 1
 1 1 1 1 1
 1 1 1 1 1
 1 1 1 1 1
 1 1 1 1 1
 1 1 1 1 1
 1 1 1 1 1
 1 1 1 1 1
 1 1 1 1 1
 1 1 1 1 1
Sel_pelaces
 1 1 1 1 1
 1 1 1 1 1
 1 1 1 1 1
 1 1 1 1 1
 1 1 1 1 1
 1 1 1 1 1
 1 1 1 1 1
 1 1 1 1 1
 1 1 1 1 1
 1 1 1 1 1
 1 1 1 1 1
 1 1 1 1 1
 1 1 1 1 1
 1 1 1 1 1
 1 1 1 1 1
 1 1 1 1 1
 1 1 1 1 1
 1 1 1 1 1
 1 1 1 1 1
 1 1 1 1 1
 1 1 1 1 1
 1 1 1 1 1
 1 1 1 1 1
 1 1 1 1 1
 1 1 1 1 1
 1 1 1 1 1
 1 1 1 1 1
 1 1 1 1 1
 1 1 1 1 1
 1 1 1 1 1
pf_obs 
 0.8446 0.082 0.0669 0.0065 0
 0.8095 0.147 0.0364 0.0071 0
 0.9664 0.0169 0.016 0.0007 0
 0.9276 0.0648 0.0075 0.0001 0
 0.7033 0.2144 0.0806 0.0017 0
 0.9318 0.0425 0.0243 0.0014 0
 0.5671 0.3108 0.0964 0.0239 0.0018
 0.0768 0.2599 0.5324 0.112 0.0189
 0.490249 0.384438 0.106611 0.0170017 0.00170017
 0.7925 0.1577 0.0466 0.003 0.0002
 0.840416 0.127587 0.0312969 0.00059994 9.999e-05
 0.8084 0.0986 0.0794 0.0134 0.0002
 0.7335 0.1905 0.0724 0.0035 0.0001
 0.4001 0.4547 0.1325 0.0127 0
 0.49795 0.308269 0.164784 0.0264974 0.00249975
 0.9179 0.0499 0.0305 0.0017 0
 0.2467 0.6533 0.0926 0.0074 0
 0.9418 0.0223 0.034 0.0019 0
 0.707729 0.231977 0.0356964 0.0245975 0
 0.517169 0.277429 0.184464 0.0207286 0.00020938
 0.811772 0.124168 0.05621 0.00726502 0.000585176
 0.764997 0.148141 0.077277 0.00933861 0.000247198
 0.163321 0.427699 0.378323 0.0303852 0.000271297
 0.753843 0.0900009 0.118128 0.0371064 0.000921714
 0.721811 0.176058 0.0630433 0.0369309 0.00215725
 0.143369 0.312575 0.442814 0.0836902 0.0175525
 0.692698 0.0596174 0.167031 0.0765114 0.00414204
 0.394062 0.376323 0.152708 0.0712218 0.00568511
 0.125707 0.32114 0.495352 0.0537591 0.00404204
 0.23352 0.215282 0.420074 0.123614 0.00750983
pf_pred 
 0.968482 0.0230381 0.00764628 0.000833092 1.05558e-07
 0.00926143 0.959513 0.0228247 0.00757546 0.000825481
 0.126862 0.00808651 0.837787 0.0199291 0.00733518
 0.912017 0.0111618 0.000711479 0.0737114 0.00239881
 0.120863 0.801788 0.00981271 0.000625488 0.0669114
 0.997392 0.000315197 0.00209098 2.55906e-05 0.000176129
 0.0199081 0.977536 0.000308922 0.00204935 0.000197704
 0.0426853 0.0190584 0.935809 0.000295736 0.00215114
 0.962587 0.001597 0.000713037 0.0350118 9.15459e-05
 0.121606 0.84553 0.00140279 0.000626327 0.0308345
 0.962458 0.00456535 0.0317429 5.26637e-05 0.0011811
 0.936506 0.0611099 0.000289871 0.00201547 7.83364e-05
 0.635479 0.341376 0.0222758 0.000105664 0.000763236
 0.844519 0.0988047 0.0530774 0.00346346 0.000135097
 0.856865 0.120881 0.0141424 0.00759725 0.000515081
 0.98794 0.0103337 0.00145781 0.000170557 9.7834e-05
 0.0349082 0.953453 0.00997298 0.00140692 0.000259022
 0.981293 0.000653044 0.0178367 0.000186569 3.11656e-05
 0.280134 0.706399 0.000470104 0.01284 0.00015674
 0.161231 0.234968 0.592505 0.000394308 0.0109013
 0.940004 0.00967323 0.0140971 0.0355479 0.00067769
 0.830679 0.159162 0.00163788 0.00238694 0.00613375
 0.0226841 0.811836 0.155552 0.00160073 0.00832741
 0.890305 0.00248832 0.0890541 0.0170632 0.00108906
 0.534507 0.414431 0.0011583 0.0414541 0.00844976
 0.152883 0.45279 0.351071 0.000981213 0.0422744
 0.918702 0.0124291 0.0368111 0.0285415 0.00351661
 0.814188 0.170706 0.00230948 0.00683994 0.00595678
 0.0448166 0.777699 0.163055 0.00220598 0.0122232
 0.0556893 0.0423208 0.734389 0.153975 0.0136256
pobs_RECLAS
 0 0 0 0 0
 0 0 0 0 0
 0 0 0 0 0
 0 0 0 0 0
 0 0 0 0 0
 0 0 0 0 0
 0 0 0 0 0
 0 0 0 0 0
 0 0 0 0 0
 0 0 0 0 0
 0.991045 0.00858322 0.000360255 1.14367e-05 0
 0.934742 0.0480273 0.0164251 0.00080598 0
 0.827803 0.169806 0.00239088 0 0
 0.941827 0.0461693 0.0120037 0 0
 0.791401 0.0380133 0.147996 0.0225897 0
 0.846168 0.0940531 0.0597789 0 0
 0.134021 0.677848 0.182769 0.00536245 0
 0.80878 0.0450904 0.141981 0.00414843 0
 0.846168 0.0940531 0.0597789 0 0
 0.905697 0.0802665 0.012482 0.00150086 5.37128e-05
 0.989698 0.0102097 9.19794e-05 0 0
 0.975433 0.0193895 0.00387452 0.00125025 5.28907e-05
 0.303575 0.632131 0.0575291 0.00676475 0
 0.966965 0.00978017 0.0227588 0.000495775 0
 0.843318 0.132988 0.00938335 0.0141283 0.000182051
 0.564624 0.303363 0.111486 0.0197234 0.00080311
 0.826376 0.0876187 0.0782897 0.00655872 0.00115652
 0.89761 0.0855135 0.0140674 0.00269457 0.000114338
 0.34875 0.467042 0.161289 0.0227151 0.000203297
 0.318654 0.224769 0.449479 0.00709798 0
ppred_RECLAS
 0.968482 0.0230381 0.00764628 0.000833092 1.05558e-07
 0.00926143 0.959513 0.0228247 0.00757546 0.000825481
 0.126862 0.00808651 0.837787 0.0199291 0.00733518
 0.912017 0.0111618 0.000711479 0.0737114 0.00239881
 0.120863 0.801788 0.00981271 0.000625488 0.0669114
 0.997392 0.000315197 0.00209098 2.55906e-05 0.000176129
 0.0199081 0.977536 0.000308922 0.00204935 0.000197704
 0.0426853 0.0190584 0.935809 0.000295736 0.00215114
 0.962587 0.001597 0.000713037 0.0350118 9.15459e-05
 0.121606 0.84553 0.00140279 0.000626327 0.0308345
 0.962458 0.00456535 0.0317429 5.26637e-05 0.0011811
 0.936506 0.0611099 0.000289871 0.00201547 7.83364e-05
 0.635479 0.341376 0.0222758 0.000105664 0.000763236
 0.844519 0.0988047 0.0530774 0.00346346 0.000135097
 0.856865 0.120881 0.0141424 0.00759725 0.000515081
 0.98794 0.0103337 0.00145781 0.000170557 9.7834e-05
 0.0349082 0.953453 0.00997298 0.00140692 0.000259022
 0.981293 0.000653044 0.0178367 0.000186569 3.11656e-05
 0.280134 0.706399 0.000470104 0.01284 0.00015674
 0.161231 0.234968 0.592505 0.000394308 0.0109013
 0.940004 0.00967323 0.0140971 0.0355479 0.00067769
 0.830679 0.159162 0.00163788 0.00238694 0.00613375
 0.0226841 0.811836 0.155552 0.00160073 0.00832741
 0.890305 0.00248832 0.0890541 0.0170632 0.00108906
 0.534507 0.414431 0.0011583 0.0414541 0.00844976
 0.152883 0.45279 0.351071 0.000981213 0.0422744
 0.918702 0.0124291 0.0368111 0.0285415 0.0035166
 0.814188 0.170706 0.00230948 0.00683994 0.00595678
 0.0448166 0.777699 0.163055 0.00220598 0.0122232
 0.0556893 0.0423208 0.734389 0.153975 0.0136256
pobs_PELACES
 0 0 0 0 0
 0 0 0 0 0
 0 0 0 0 0
 0 0 0 0 0
 0 0 0 0 0
 0 0 0 0 0
 0 0 0 0 0
 0 0 0 0 0
 0 0 0 0 0
 0 0 0 0 0
 0 0 0 0 0
 0 0 0 0 0
 0 0 0 0 0
 0 0 0 0 0
 0 0 0 0 0
 0 0 0 0 0
 0.505614 0.472636 0.0217494 0 0
 0 0 0 0 0
 0.443492 0.261883 0.143347 0.151278 0
 0.227955 0.32914 0.350689 0.0885471 0.00366901
 0.970185 0.0296113 0.000203453 0 0
 0.997202 0.00247181 0.000326279 0 0
 0.445219 0.490057 0.0546422 0.010081 0
 0.90214 0.0892962 0.00764917 0.000914606 0
 0 0 0 0 0
 0.581667 0.319106 0.0959925 0.00289975 0.000334073
 0.762889 0.0836404 0.116647 0.0363945 0.000428098
 0.88444 0.0763242 0.0277011 0.0115352 0
 0.521256 0.241999 0.230069 0.00667565 0
 0.616807 0.101726 0.260614 0.0208532 0
ppred_PELACES
 0.968482 0.0230381 0.00764628 0.000833092 1.05558e-07
 0.00926143 0.959513 0.0228247 0.00757546 0.000825481
 0.126862 0.00808651 0.837787 0.0199291 0.00733518
 0.912017 0.0111618 0.000711479 0.0737114 0.00239881
 0.120863 0.801788 0.00981271 0.000625488 0.0669114
 0.997392 0.000315197 0.00209098 2.55906e-05 0.000176129
 0.0199081 0.977536 0.000308922 0.00204935 0.000197704
 0.0426853 0.0190584 0.935809 0.000295736 0.00215114
 0.962587 0.001597 0.000713037 0.0350118 9.15459e-05
 0.121606 0.84553 0.00140279 0.000626327 0.0308345
 0.962458 0.00456535 0.0317429 5.26637e-05 0.0011811
 0.936506 0.0611099 0.000289871 0.00201547 7.83364e-05
 0.635479 0.341376 0.0222758 0.000105664 0.000763236
 0.844519 0.0988047 0.0530773 0.00346346 0.000135097
 0.856865 0.120881 0.0141424 0.00759725 0.000515081
 0.98794 0.0103337 0.00145781 0.000170557 9.7834e-05
 0.0349082 0.953453 0.00997298 0.00140692 0.000259022
 0.981293 0.000653044 0.0178367 0.000186569 3.11656e-05
 0.280134 0.706399 0.000470104 0.01284 0.00015674
 0.161231 0.234968 0.592505 0.000394308 0.0109013
 0.940004 0.00967323 0.0140971 0.0355479 0.00067769
 0.830679 0.159162 0.00163788 0.00238694 0.00613375
 0.0226841 0.811836 0.155552 0.00160073 0.00832741
 0.890305 0.00248832 0.0890541 0.0170632 0.00108906
 0.534507 0.414431 0.0011583 0.0414541 0.00844976
 0.152883 0.45279 0.351071 0.000981213 0.0422744
 0.918702 0.0124291 0.0368111 0.0285415 0.0035166
 0.814188 0.170706 0.00230948 0.00683994 0.00595678
 0.0448166 0.777699 0.163055 0.00220598 0.0122232
 0.0556893 0.0423208 0.734389 0.153975 0.0136256
pobs_pel_tallas
 0 0 0 0 0 0 0 0 0 0 0 0 0 0 0 0 0 0 0 0 0 0 0 0 0 0
 0 0 0 0 0 0 0 0 0 0 0 0 0 0 0 0 0 0 0 0 0 0 0 0 0 0
 0 0 0 0 0 0 0 0 0 0 0 0 0 0 0 0 0 0 0 0 0 0 0 0 0 0
 0 0 0 0 0 0 0 0 0 0 0 0 0 0 0 0 0 0 0 0 0 0 0 0 0 0
 0 0 0 0 0 0 0 0 0 0 0 0 0 0 0 0 0 0 0 0 0 0 0 0 0 0
 0 0 0 0 0 0 0 0 0 0 0 0 0 0 0 0 0 0 0 0 0 0 0 0 0 0
 0 0 0 0 0 0 0 0 0 0 0 0 0 0 0 0 0 0 0 0 0 0 0 0 0 0
 0 0 0 0 0 0 0 0 0 0 0 0 0 0 0 0 0 0 0 0 0 0 0 0 0 0
 0 0 0 0 0 0 0 0 0 0 0 0 0 0 0 0 0 0 0 0 0 0 0 0 0 0
 0 0 0 0 0 0 0 0 0 0 0 0 0 0 0 0 0 0 0 0 0 0 0 0 0 0
 0 0 0 0 0 0 0 0 0 0 0 0 0 0 0 0 0 0 0 0 0 0 0 0 0 0
 0 0 0 0 0 0 0 0 0 0 0 0 0 0 0 0 0 0 0 0 0 0 0 0 0 0
 0.00862536 0 0 0.000197151 0.00414017 0.0128641 0.00837892 0.0270097 0.101434 0.158115 0.152841 0.127902 0.109271 0.109419 0.0830992 0.0579132 0.0238553 0.00714673 0.00463305 0.00128148 0.00103504 0.000492878 0.000147863 0.000147863 4.92878e-05 0
 0 0 0 0 0 0 0 0 0 0 0 0 0 0 0 0 0 0 0 0 0 0 0 0 0 0
 0 0 0 0 0 0 0 0.0054083 0.00873648 0.0413646 0.0450493 0.0745869 0.0622846 0.0627006 0.0613931 0.0827291 0.12552 0.122667 0.0946155 0.0697135 0.0546179 0.0294188 0.0215738 0.0213955 0.0102223 0.00600262
 0 0 0 0 0.00359764 0.0251062 0.0480494 0.140153 0.205849 0.193036 0.1447 0.116669 0.0760912 0.0342217 0.00950174 0.001854 0.000860785 0 0 0 0.000165536 0 0.000143464 0 0 0
 0 0 0 0 0 0 0 0.000145254 0.000435761 0.0275982 0.070085 0.0708112 0.156366 0.174668 0.174014 0.160142 0.0824315 0.0480064 0.0283245 0.00493863 0.00203355 0 0 0 0 0
 0 0 0 0 0 0 0 0 0 0 0 0 0 0 0 0 0 0 0 0 0 0 0 0 0 0
 0 0 1.00437e-05 0.000401748 0.00122533 0.00171747 0.00176769 0.0269171 0.070346 0.194647 0.189555 0.159765 0.064822 0.0314167 0.0384472 0.0292271 0.0345202 0.0313363 0.0194345 0.0106764 0.0143323 0.0359363 0.0279516 0.0138201 0.00172751 0
 0 0.0021121 0.0136068 0.0755702 0.200478 0.177729 0.0527432 0.0373336 0.0318909 0.0142505 0.0149659 0.0166563 0.0217959 0.0798694 0.0677717 0.0528807 0.04013 0.0224614 0.0357745 0.0225083 0.00881397 0.00855152 0.00135912 0.000746735 0 0
 0 0 0 0 5.4009e-05 0.00500934 0.000945158 0.0243581 0.138947 0.33067 0.221406 0.137944 0.0707744 0.0437923 0.0131692 0.00525238 0.0047753 0.00276346 9.45158e-05 9.00151e-06 2.25038e-05 9.00151e-06 4.50075e-06 0 0 0
 0.000866109 0.00284123 0.00948549 0.0512746 0.133035 0.25785 0.225252 0.132002 0.0553304 0.0519788 0.0540692 0.017754 0.00435017 0.00159236 0.00146478 0.000404838 0.000125132 0.000115318 0.000107957 0.000100596 0 0 0 0 0 0
 0 0 0 0 0.00144013 0.00171154 0.00461396 0.0210425 0.0478622 0.0707936 0.0888783 0.103762 0.0637923 0.0337046 0.0602308 0.124433 0.169614 0.0934646 0.0462172 0.0250306 0.0313229 0.00938855 0.002487 0.000210481 0 0
 0 0.00764035 0.051015 0.0998891 0.058973 0.0496711 0.0374665 0.0718981 0.12319 0.153886 0.159021 0.0857701 0.0377988 0.023471 0.0147837 0.00900784 0.00315554 0.000888139 0.00291439 0.00214683 0.00393193 0.00274676 0.000635225 9.99891e-05 0 0
 0 0 0 0 0 0 0 0 0 0 0 0 0 0 0 0 0 0 0 0 0 0 0 0 0 0
 0 0 0 0 0 0 0 0 0 0 0 0 0 0 0 0 0 0 0 0 0 0 0 0 0 0
 0 0 0 0 0 0 0 0 0 0 0 0 0 0 0 0 0 0 0 0 0 0 0 0 0 0
 0 0 0 0 0 0 0 0 0 0 0 0 0 0 0 0 0 0 0 0 0 0 0 0 0 0
 0 0 0 0 0 0 0 0 0 0 0 0 0 0 0 0 0 0 0 0 0 0 0 0 0 0
 0 0 0 0 0 0 0 0 0 0 0 0 0 0 0 0 0 0 0 0 0 0 0 0 0 0
ppred_pel_tallas
 1.00311e-16 7.97726e-05 0.000775418 0.00515293 0.0234245 0.0728822 0.155283 0.226641 0.226643 0.155294 0.0729188 0.0235302 0.00541861 0.00135647 0.0011864 0.00184311 0.00266581 0.00339033 0.00380522 0.00381159 0.00347254 0.00296064 0.00244551 0.00201226 0.0016589 0.00134715
 1.01804e-16 7.63051e-07 7.41722e-06 4.92945e-05 0.000224143 0.000697886 0.00149033 0.00219453 0.00228683 0.00194123 0.00221134 0.00459312 0.011007 0.0238984 0.0452861 0.0746353 0.106974 0.133384 0.144777 0.136969 0.113238 0.0822607 0.0531209 0.0312387 0.0175085 0.010005
 1.27419e-16 1.04495e-05 0.000101572 0.000674984 0.00306838 0.00954689 0.0203407 0.0296883 0.0296904 0.0203515 0.00958679 0.00320015 0.00106796 0.00116491 0.00263041 0.00589346 0.0121124 0.0227505 0.0390093 0.0609735 0.0867529 0.112222 0.131877 0.140737 0.136406 0.120142
 1.07822e-16 7.51216e-05 0.000730209 0.00485249 0.0220587 0.0686329 0.14623 0.213427 0.213428 0.146235 0.0686511 0.0221117 0.0049871 0.00102991 0.000662907 0.00103024 0.00161438 0.00235206 0.00327475 0.00449475 0.00617581 0.00842601 0.0111599 0.0140246 0.0164589 0.017877
 1.11875e-16 9.95546e-06 9.67707e-05 0.000643079 0.00292339 0.00909617 0.0193832 0.0283065 0.0283836 0.01976 0.0103608 0.00657406 0.00979935 0.0200607 0.0378546 0.062384 0.0894499 0.111639 0.121443 0.115502 0.0967343 0.0725572 0.050635 0.0353783 0.0271736 0.0238525
 1.00093e-16 8.21539e-05 0.000798565 0.00530674 0.0241237 0.0750577 0.159918 0.233406 0.233406 0.159919 0.0750583 0.0241254 0.0053111 0.000808576 0.000102654 4.35357e-05 6.36785e-05 9.84786e-05 0.000143377 0.00019735 0.000257045 0.000315155 0.000360847 0.000383054 0.000375273 0.000338839
 1.00498e-16 1.64001e-06 1.59416e-05 0.000105942 0.000481655 0.00149911 0.00319749 0.00468653 0.00478053 0.00365666 0.0030402 0.00492994 0.0112608 0.0243305 0.046072 0.075882 0.10865 0.13524 0.146348 0.137695 0.112666 0.0802116 0.0497542 0.0269824 0.0129148 0.0055968
 1.27404e-16 3.51594e-06 3.41762e-05 0.000227113 0.00103242 0.00321227 0.0068442 0.00998997 0.00999324 0.00686088 0.00327245 0.00122452 0.000778095 0.00146402 0.00338204 0.00730776 0.0145183 0.0265253 0.0445251 0.0685082 0.0963468 0.123512 0.144009 0.152472 0.146441 0.127515
 1.03548e-16 7.9287e-05 0.000770698 0.00512156 0.0232819 0.0724385 0.154338 0.225261 0.225261 0.154339 0.0724413 0.0232902 0.0051433 0.000821111 0.00018437 0.000205836 0.000356881 0.00060681 0.001002 0.00160954 0.00249091 0.00365968 0.00503712 0.00643504 0.00758872 0.00823717
 1.05538e-16 1.00167e-05 9.73663e-05 0.000647038 0.00294139 0.00915219 0.0195027 0.0284818 0.0285631 0.0198999 0.0104853 0.00678957 0.0102975 0.0211345 0.0398761 0.0656801 0.0940849 0.117215 0.127073 0.120024 0.0990687 0.072 0.0469614 0.0287787 0.0181405 0.0130954
 1.01123e-16 7.92764e-05 0.000770595 0.00512087 0.0232787 0.0724288 0.154317 0.225231 0.225231 0.15432 0.072437 0.0233031 0.00518434 0.000916768 0.000379136 0.000559151 0.000931974 0.00145022 0.0021143 0.00290908 0.00377877 0.00460766 0.00523009 0.00548323 0.00528032 0.00465771
 1.0024e-16 7.71388e-05 0.000749817 0.0049828 0.0226511 0.0704759 0.150157 0.219159 0.219165 0.150185 0.0705723 0.0229292 0.00568041 0.00227065 0.00295945 0.00475476 0.00680535 0.00848161 0.00920123 0.00870063 0.00719405 0.00523995 0.00342072 0.0020798 0.00126548 0.00084157
 1.0087e-16 5.23437e-05 0.000508799 0.00338115 0.0153702 0.0478227 0.101892 0.148722 0.148755 0.102053 0.0483616 0.0169262 0.00728453 0.00902253 0.0161997 0.0266409 0.0382358 0.0477928 0.0520918 0.0496405 0.0415694 0.0308942 0.0207606 0.0130267 0.00798993 0.00500547
 1.01928e-16 6.9562e-05 0.000676167 0.00449337 0.0204262 0.0635536 0.135408 0.197634 0.197643 0.135455 0.0637111 0.0208819 0.00564005 0.00318887 0.00486931 0.00801167 0.0117006 0.0150575 0.0172218 0.0177719 0.0169309 0.0153369 0.013584 0.0119188 0.0102792 0.00853662
 1.01289e-16 7.05788e-05 0.000686051 0.00455905 0.0207248 0.0644826 0.137387 0.200523 0.200535 0.137444 0.0646737 0.0212767 0.00594418 0.00370932 0.00581102 0.00949188 0.0136596 0.0171639 0.0188852 0.0183117 0.0158423 0.0125142 0.00938067 0.00702068 0.00546454 0.00443702
 1.00079e-16 8.13753e-05 0.000790997 0.00525645 0.0238951 0.0743465 0.158403 0.231194 0.231195 0.158408 0.0743628 0.0239423 0.00537491 0.00104957 0.000572412 0.000817365 0.00116912 0.00146901 0.00161633 0.00156623 0.00135156 0.00105981 0.000780588 0.000564418 0.000416496 0.000316793
 1.00717e-16 2.87554e-06 2.79514e-05 0.000185751 0.000844454 0.0026279 0.00560241 0.0081961 0.00828779 0.00605034 0.00413133 0.00518423 0.0110692 0.0237532 0.0449634 0.0740717 0.106099 0.132149 0.143162 0.134962 0.110828 0.0794413 0.0499303 0.0277896 0.0139913 0.00665
 1.00539e-16 8.08278e-05 0.000785675 0.00522108 0.0237343 0.0738462 0.157337 0.229638 0.229638 0.157338 0.0738478 0.0237393 0.00523491 0.000820185 0.000159019 0.000167815 0.000310042 0.000547495 0.000895648 0.00135317 0.00188076 0.00239474 0.00278322 0.00294461 0.00283104 0.00247117
 1.01509e-16 2.30744e-05 0.000224292 0.0014905 0.00677565 0.0210819 0.0449198 0.0655759 0.0656439 0.0452516 0.0221957 0.00999047 0.00955248 0.0177983 0.0333247 0.0548612 0.0785722 0.0978543 0.106004 0.0999528 0.0821652 0.0591091 0.0375624 0.0215718 0.0117869 0.00671199
 1.19043e-16 1.32805e-05 0.000129091 0.000857855 0.0038997 0.0121335 0.0258526 0.0377376 0.0377611 0.0259679 0.0125231 0.00503577 0.00375074 0.00658015 0.0126618 0.0219419 0.033995 0.0476962 0.0616958 0.0750333 0.0871565 0.0972568 0.103688 0.104323 0.0977762 0.0845328
 1.0409e-16 7.74269e-05 0.000752617 0.0050014 0.0227357 0.0707391 0.150717 0.219976 0.219977 0.150722 0.070755 0.0227823 0.00512015 0.00101782 0.000599284 0.000917743 0.00143609 0.00207513 0.00282606 0.00372404 0.00482936 0.00616334 0.00763542 0.00902154 0.0100225 0.0103757
 1.01366e-16 6.8422e-05 0.000665086 0.00441973 0.0200915 0.0625121 0.133189 0.194397 0.194412 0.133264 0.0627631 0.0208161 0.00623705 0.00462722 0.00757842 0.0123819 0.017741 0.0221257 0.0240335 0.0227856 0.0189482 0.013982 0.00940497 0.00610411 0.00418613 0.00326649
 1.06267e-16 1.86863e-06 1.81638e-05 0.000120709 0.000548772 0.00170785 0.00364165 0.00533151 0.00540981 0.00402428 0.00299275 0.00426065 0.00944046 0.0203711 0.0386783 0.0639965 0.0923148 0.116335 0.128571 0.125498 0.109584 0.0874961 0.0660335 0.0489887 0.0367465 0.0278877
 1.04467e-16 7.33333e-05 0.000712825 0.00473698 0.0215336 0.066999 0.142749 0.208346 0.208346 0.14275 0.067006 0.0215554 0.00479874 0.000870665 0.000440639 0.000788982 0.00154206 0.00280251 0.00470652 0.00728806 0.0103771 0.0135516 0.0162041 0.0177313 0.0177655 0.0163241
 1.05727e-16 4.40267e-05 0.000427956 0.00284392 0.0129281 0.0402242 0.0857034 0.125095 0.125135 0.0858982 0.0408779 0.0148153 0.00757765 0.0107502 0.0196149 0.032274 0.0462993 0.0578476 0.0630624 0.0602347 0.0508843 0.0388193 0.0279231 0.0203521 0.0161752 0.0141925
 1.175e-16 1.25929e-05 0.000122407 0.000813441 0.00369781 0.0115055 0.0245153 0.03579 0.0358341 0.0247309 0.0122308 0.00579842 0.00610761 0.0117502 0.0223025 0.0373882 0.0551075 0.071898 0.084035 0.0896581 0.0896156 0.0863658 0.0819547 0.0768361 0.0702849 0.0616444
 1.04523e-16 7.56722e-05 0.000735561 0.00488806 0.0222204 0.069136 0.147302 0.214991 0.214992 0.147308 0.069157 0.022282 0.00504585 0.00109099 0.000783384 0.00126224 0.00201826 0.00298267 0.0041456 0.00552343 0.00712816 0.00889686 0.0106334 0.0120269 0.0127557 0.0126188
 1.01805e-16 6.70636e-05 0.000651882 0.00433199 0.0196926 0.0612711 0.130545 0.190538 0.190554 0.130625 0.0615403 0.0204699 0.00628167 0.00490306 0.00812631 0.0132909 0.0190537 0.0237849 0.025881 0.0246219 0.0206187 0.0154346 0.0106832 0.00729081 0.00534213 0.00439968
 1.07194e-16 3.69164e-06 3.58842e-05 0.000238466 0.00108408 0.00337338 0.00719011 0.0105099 0.0105849 0.00755677 0.00460472 0.00464154 0.00917162 0.0195483 0.0370936 0.0613999 0.0886358 0.111839 0.123867 0.121356 0.106649 0.0860678 0.0660334 0.0500791 0.0385043 0.0299317
 1.38952e-16 4.58707e-06 4.4588e-05 0.000296303 0.00134695 0.0041909 0.00892934 0.0130337 0.013039 0.0089556 0.0042825 0.00162671 0.0010559 0.00189301 0.00407382 0.00818956 0.0152163 0.0262988 0.0424212 0.0638088 0.0891679 0.115227 0.137154 0.150012 0.150663 0.139068
pSPR Fmed_Fpbrs
0.386506   0.172673 0.172673
Fs Fmed_Fpbrs
0.492472   1.005 1.005
SSBpbr Bo_Bmed_Bpbrs
1.61865e+06  544684  198565 198565
Ro
36571.7
SPR SPRFo_SPRFmed_SPRFpbrs
260332 100620 44952.3
Fref
1.005
log_Ro
10.327
likeval ReclasPelacesDesembMPH_pf_preclas_ppelaces_ptallas_desvR_qrecl_qpela
 20.6002 69.0934 1.39821 0.00177762 363.864 141.222 114.403 0 203.283 1.8063e-05 0 6.48354 0 0 0
q_reclas_q_pelaces
1.82623 1
M
1
N
 532604 12669.5 4204.97 458.148 0.0580501
 1455.22 150765 3586.37 1190.31 129.705
 5298.72 337.754 34992.4 832.392 306.373
 95164.6 1164.68 74.2395 7691.44 250.304
 1659.63 11009.8 134.744 8.58891 918.796
 327324 103.441 686.217 8.3983 57.802
 1806.4 88698.4 28.0306 185.952 17.939
 505.809 225.836 11089.1 3.50439 25.4904
 67905.8 112.661 50.3013 2469.91 6.45812
 2168.77 15079.5 25.0179 11.1701 549.913
 41067.9 194.803 1354.46 2.24715 50.3975
 162075 10575.9 50.166 348.804 13.5572
 55937.9 30049.5 1960.83 9.30104 67.1837
 70962 8302.21 4459.9 291.022 11.3517
 44181.6 6232.83 729.211 391.729 26.5586
 404132 4227.16 596.339 69.7688 40.0205
 3411.86 93188.6 974.74 137.51 25.3163
 1.10639e+06 736.298 20110.6 210.354 35.1387
 134605 339426 225.886 6169.66 75.3139
 23680.1 34509.9 87021.6 57.9123 1601.08
 432124 4446.83 6480.52 16341.6 311.537
 560669 107427 1105.49 1611.07 4140
 3834.39 137228 26293.6 270.578 1407.62
 350269 978.97 35036.2 6713.11 428.466
 135260 104874 293.114 10490.2 2138.26
 12836.8 38018.5 29477.7 82.3875 3549.56
 236257 3196.32 9466.47 7339.84 904.343
 308753 64734.4 875.792 2593.81 2258.91
 5504.36 95516.9 20026.4 270.938 1501.25
 2131.39 1619.73 28107.1 5893.06 521.492
pred_Ctot
 79286 1886.04 625.972 68.2021 0.0086416
 352.388 36508.4 868.456 288.238 31.4087
 1405.34 89.5802 9280.79 220.77 81.2572
 45136.9 552.409 35.212 3648.07 118.72
 995.469 6603.82 80.8212 5.15175 551.107
 55869.8 17.6561 117.128 1.43348 9.86604
 820.414 40284.2 12.7307 84.4538 8.14737
 131.36 58.6504 2879.87 0.910101 6.61994
 17720.8 29.4001 13.1267 644.553 1.68532
 1154.87 8029.81 13.322 5.94809 292.829
 8016.07 38.0236 264.378 0.438623 9.83711
 53681.9 3502.91 16.6158 115.53 4.49035
 22665.8 12175.9 794.517 3.76873 27.2225
 38116.9 4459.5 2395.62 156.322 6.09754
 22929.2 3234.69 378.443 203.298 13.7833
 99001.2 1035.54 146.087 17.0914 9.80392
 930.68 25419.8 265.888 37.5096 6.90573
 117877 78.4467 2142.63 22.4116 3.74375
 26555.3 66963 44.5634 1217.17 14.8581
 7733.2 11269.9 28418.6 18.9124 522.862
 91421.1 940.781 1371.03 3457.25 65.9095
 122592 23489.2 241.719 352.265 905.221
 763.942 27340.6 5238.59 53.9084 280.446
 41906.7 117.125 4191.78 803.166 51.2623
 20620.7 15988.3 44.6858 1599.25 325.982
 2706.47 8015.68 6214.97 17.3703 748.377
 39034.5 528.098 1564.05 1212.69 149.416
 31486.1 6601.5 89.3118 264.513 230.359
 709.041 12303.9 2579.69 34.9007 193.383
 621.999 472.684 8202.45 1719.76 152.186
F
 0.262056 0.262056 0.262056 0.262056 0.262056
 0.460592 0.460592 0.460592 0.460592 0.460592
 0.515023 0.515023 0.515023 0.515023 0.515023
 1.15682 1.15682 1.15682 1.15682 1.15682
 1.77534 1.77534 1.77534 1.77534 1.77534
 0.305708 0.305708 0.305708 0.305708 0.305708
 1.07928 1.07928 1.07928 1.07928 1.07928
 0.50178 0.50178 0.50178 0.50178 0.50178
 0.504788 0.504788 0.504788 0.504788 0.504788
 1.40993 1.40993 1.40993 1.40993 1.40993
 0.35665 0.35665 0.35665 0.35665 0.35665
 0.685212 0.685212 0.685212 0.685212 0.685212
 0.907721 0.907721 0.907721 0.907721 0.907721
 1.43231 1.43231 1.43231 1.43231 1.43231
 1.34678 1.34678 1.34678 1.34678 1.34678
 0.467115 0.467115 0.467115 0.467115 0.467115
 0.533378 0.533378 0.533378 0.533378 0.533378
 0.181604 0.181604 0.181604 0.181604 0.181604
 0.3611 0.3611 0.3611 0.3611 0.3611
 0.672445 0.672445 0.672445 0.672445 0.672445
 0.391901 0.391901 0.391901 0.391901 0.391901
 0.407486 0.407486 0.407486 0.407486 0.407486
 0.365264 0.365264 0.365264 0.365264 0.365264
 0.205941 0.205941 0.205941 0.205941 0.205941
 0.269127 0.269127 0.269127 0.269127 0.269127
 0.390317 0.390317 0.390317 0.390317 0.390317
 0.294627 0.294627 0.294627 0.294627 0.294627
 0.173238 0.173238 0.173238 0.173238 0.173238
 0.223279 0.223279 0.223279 0.223279 0.223279
 0.58089 0.58089 0.58089 0.58089 0.58089
nmprior
 8 8 7 0
nm_flota  nm_reclas  nm_pelaces    nm_pelaL
inf 5.11795 3.13384 3.93815
cv_recla  cv_pelaces  cv_mph
0.420206 0.978099 1.30114
 ------------------------------------------------
Talla a la edad & desviación 
 8 13.2811 15.8009 17.003 17.5766
 0.8 1.32811 1.58009 1.7003 1.75766
