years
 1991 1992 1993 1994 1995 1996 1997 1998 1999 2000 2001 2002 2003 2004 2005 2006 2007 2008 2009 2010 2011 2012 2013 2014 2015 2016 2017 2018 2019 2020
reclasobs
 0 0 0 0 0 0 0 0 0 252601 567819 844713 477998 351125 339783 2.1784e+06 2.13404e+06 4.81314e+06 1.55562e+06 2.62356e+06 3.21686e+06 3.843e+06 1.13348e+06 3.07943e+06 1.97215e+06 2.03268e+06 2.025e+06 2.42433e+06 2.27542e+06 1.05018e+06
reclaspred
 3.45201e+06 1.98881e+06 1.01785e+06 1.14569e+06 1.23173e+06 1.87178e+06 1.32857e+06 1.20197e+06 864284 628621 583360 684494 678210 559941 560772 1.16566e+06 1.21392e+06 2.47213e+06 2.08391e+06 1.61094e+06 2.83996e+06 2.29008e+06 1.89229e+06 2.90064e+06 2.19135e+06 1.95195e+06 2.26196e+06 2.30939e+06 1.9384e+06 1.31922e+06
pelacesobs
 0 0 0 0 0 0 0 0 0 0 0 0 0 0 0 552880 188675 0 991730 2.46772e+06 1.41603e+06 1.21717e+06 2.29649e+06 1.80582e+06 0 1.4828e+06 1.56532e+06 1.57751e+06 1.42118e+06 867257
pelacespred
 2.68666e+06 1.74253e+06 907383 751560 847582 1.27487e+06 990814 973294 721713 504479 451415 448018 479445 421112 413503 677379 790516 1.62276e+06 1.56487e+06 1.14998e+06 1.80677e+06 1.69069e+06 1.42699e+06 2.14262e+06 1.7353e+06 1.51772e+06 1.85265e+06 1.88374e+06 1.4562e+06 1.09671e+06
mphobs
 0 0 0 0 0 0 0 0 0 0 0 498337 0 5186 125008 0 168611 109162 213762 579715 649985 157893 87575 83554 0 0 0 0 0 0
mphpred
 5.15185e+06 3.47699e+06 1.79849e+06 984638 1.27709e+06 1.50052e+06 1.97442e+06 1.42265e+06 1.21094e+06 855175 562378 669981 701598 616689 460290 552018 1.33714e+06 1.38922e+06 2.42761e+06 1.92392e+06 2.12373e+06 2.58185e+06 2.43909e+06 2.08416e+06 2.8796e+06 2.37186e+06 1.97565e+06 2.05977e+06 2.73936e+06 1.93435e+06
desembarqueobs
 494567 514787 250237 358949 120608 361735 552515 73892 212993 205616 52469 317467 293654 387597 252695 516296 358380 742168 942051 627588 828172 859565 418607 520667 417249 300574 407403 355545 319650 289779
desembarquepred
 494572 512914 251292 358962 120610 361746 552569 73894.3 213028 205651 52470.7 317532 293710 387670 252708 516312 358413 742130 942009 627547 828258 859641 418627 520691 417258 300583 407413 355544 319655 289793
Reclutas
 259791 153135 148976 346829 279018 426416 181084 88573.6 74965.8 93014.5 157885 195320 166687 117446 120565 548164 152771 846223 525469 408105 594174 793113 185442 528783 435721 204066 437438 471285 153626 128592
log_desv_Rt
 0.0563609 -0.472198 -0.499732 0.345318 0.127763 0.551902 -0.304554 -1.01968 -1.18648 -0.970759 -0.441648 -0.228877 -0.387395 -0.737536 -0.711323 0.80306 -0.474577 1.23727 0.760777 0.508009 0.883657 1.17245 -0.280775 0.767063 0.573487 -0.185074 0.57742 0.651948 -0.468996 -0.646873
SSB
 5.15185e+06 3.47699e+06 1.79849e+06 984638 1.27709e+06 1.50052e+06 1.97442e+06 1.42265e+06 1.21094e+06 855175 562378 669981 701598 616689 460290 552018 1.33714e+06 1.38922e+06 2.42761e+06 1.92392e+06 2.12373e+06 2.58185e+06 2.43909e+06 2.08416e+06 2.8796e+06 2.37186e+06 1.97565e+06 2.05977e+06 2.73936e+06 1.93435e+06
BT
 6.74948e+06 4.62152e+06 2.39718e+06 2.2654e+06 2.21011e+06 3.66975e+06 2.87752e+06 2.50287e+06 1.99377e+06 1.45296e+06 1.21827e+06 1.42645e+06 1.50731e+06 1.51134e+06 1.37152e+06 2.3205e+06 2.23909e+06 5.14748e+06 4.91527e+06 3.44314e+06 5.47318e+06 5.12118e+06 3.86725e+06 6.29552e+06 4.65996e+06 4.0481e+06 5.37704e+06 5.37514e+06 3.72462e+06 2.94669e+06
Ftot
 0.0823915 0.147065 0.141328 0.185176 0.057621 0.114791 0.237396 0.03598 0.143286 0.189152 0.0538855 0.270145 0.252142 0.399267 0.267037 0.26638 0.171204 0.180231 0.262514 0.227013 0.171921 0.220046 0.127967 0.107663 0.111267 0.0898521 0.107617 0.0924302 0.094694 0.12702
BD_Bspro_t
 0.986904 0.900786 0.790792 0.725494 0.745456 0.803589 0.79914 0.701281 0.7413 0.712994 0.684965 0.790489 0.691076 0.617018 0.530438 0.574184 0.674432 0.670731 0.73011 0.65231 0.6319 0.673077 0.685715 0.687277 0.775316 0.781649 0.789618 0.815762 0.845856 0.797494
BD_Bspro
 2.94737 1.98918 1.02892 0.563312 0.730624 0.858448 1.12956 0.813898 0.692781 0.489246 0.321736 0.383296 0.401384 0.352808 0.263332 0.315809 0.764978 0.794774 1.38884 1.10068 1.21499 1.47708 1.3954 1.19235 1.64742 1.35694 1.13027 1.17839 1.56719 1.10664
BD_Bo
 2.01571 1.36041 0.703678 0.385249 0.499674 0.587093 0.772509 0.556625 0.473794 0.334596 0.220036 0.262136 0.274507 0.241286 0.180093 0.215982 0.523169 0.543546 0.949827 0.752754 0.830932 1.01017 0.954316 0.815448 1.12667 0.928014 0.772994 0.805905 1.0718 0.756834
BD_Brms
 14.3885 9.71079 5.02297 2.74997 3.56676 4.19077 5.5143 3.97328 3.38202 2.3884 1.57065 1.87117 1.95948 1.72234 1.28553 1.54172 3.73447 3.87992 6.78002 5.37328 5.93132 7.21079 6.81206 5.8208 8.04237 6.62431 5.51776 5.75268 7.65068 5.4024
Sel_flota
 0.904371 1 1 1 1
 0.904371 1 1 1 1
 0.904371 1 1 1 1
 0.904371 1 1 1 1
 0.904371 1 1 1 1
 0.904371 1 1 1 1
 0.904371 1 1 1 1
 0.904371 1 1 1 1
 0.904371 1 1 1 1
 0.904371 1 1 1 1
 0.904371 1 1 1 1
 0.904371 1 1 1 1
 0.904371 1 1 1 1
 0.904371 1 1 1 1
 0.904371 1 1 1 1
 0.904371 1 1 1 1
 0.904371 1 1 1 1
 0.904371 1 1 1 1
 0.904371 1 1 1 1
 0.904371 1 1 1 1
 0.904371 1 1 1 1
 0.904371 1 1 1 1
 0.904371 1 1 1 1
 0.904371 1 1 1 1
 0.904371 1 1 1 1
 0.904371 1 1 1 1
 0.904371 1 1 1 1
 0.904371 1 1 1 1
 0.904371 1 1 1 1
 0.904371 1 1 1 1
Sel_reclas
 1 1 1 1 1
 1 1 1 1 1
 1 1 1 1 1
 1 1 1 1 1
 1 1 1 1 1
 1 1 1 1 1
 1 1 1 1 1
 1 1 1 1 1
 1 1 1 1 1
 1 1 1 1 1
 1 1 1 1 1
 1 1 1 1 1
 1 1 1 1 1
 1 1 1 1 1
 1 1 1 1 1
 1 1 1 1 1
 1 1 1 1 1
 1 1 1 1 1
 1 1 1 1 1
 1 1 1 1 1
 1 1 1 1 1
 1 1 1 1 1
 1 1 1 1 1
 1 1 1 1 1
 1 1 1 1 1
 1 1 1 1 1
 1 1 1 1 1
 1 1 1 1 1
 1 1 1 1 1
 1 1 1 1 1
Sel_pelaces
 0.751253 1 1 1 1
 0.751253 1 1 1 1
 0.751253 1 1 1 1
 0.751253 1 1 1 1
 0.751253 1 1 1 1
 0.751253 1 1 1 1
 0.751253 1 1 1 1
 0.751253 1 1 1 1
 0.751253 1 1 1 1
 0.751253 1 1 1 1
 0.751253 1 1 1 1
 0.751253 1 1 1 1
 0.751253 1 1 1 1
 0.751253 1 1 1 1
 0.751253 1 1 1 1
 0.751253 1 1 1 1
 0.751253 1 1 1 1
 0.751253 1 1 1 1
 0.751253 1 1 1 1
 0.751253 1 1 1 1
 0.751253 1 1 1 1
 0.751253 1 1 1 1
 0.751253 1 1 1 1
 0.751253 1 1 1 1
 0.751253 1 1 1 1
 0.751253 1 1 1 1
 0.751253 1 1 1 1
 0.751253 1 1 1 1
 0.751253 1 1 1 1
 0.751253 1 1 1 1
pf_obs 
 0.8446 0.082 0.0669 0.0065 0
 0.8095 0.147 0.0364 0.0071 0
 0.9664 0.0169 0.016 0.0007 0
 0.9276 0.0648 0.0075 0.0001 0
 0.7033 0.2144 0.0806 0.0017 0
 0.9318 0.0425 0.0243 0.0014 0
 0.5671 0.3108 0.0964 0.0239 0.0018
 0.0768 0.2599 0.5324 0.112 0.0189
 0.490249 0.384438 0.106611 0.0170017 0.00170017
 0.7925 0.1577 0.0466 0.003 0.0002
 0.840416 0.127587 0.0312969 0.00059994 9.999e-05
 0.8084 0.0986 0.0794 0.0134 0.0002
 0.7335 0.1905 0.0724 0.0035 0.0001
 0.4001 0.4547 0.1325 0.0127 0
 0.49795 0.308269 0.164784 0.0264974 0.00249975
 0.9179 0.0499 0.0305 0.0017 0
 0.2467 0.6533 0.0926 0.0074 0
 0.9418 0.0223 0.034 0.0019 0
 0.707729 0.231977 0.0356964 0.0245975 0
 0.517169 0.277429 0.184464 0.0207286 0.00020938
 0.811772 0.124168 0.05621 0.00726502 0.000585176
 0.764997 0.148141 0.077277 0.00933861 0.000247198
 0.163321 0.427699 0.378323 0.0303852 0.000271297
 0.753843 0.0900009 0.118128 0.0371064 0.000921714
 0.721811 0.176058 0.0630433 0.0369309 0.00215725
 0.143369 0.312575 0.442814 0.0836902 0.0175525
 0.692698 0.0596174 0.167031 0.0765114 0.00414204
 0.394062 0.376323 0.152708 0.0712218 0.00568511
 0.125707 0.32114 0.495352 0.0537591 0.00404204
 0.23352 0.215282 0.420074 0.123614 0.00750983
pf_pred 
 0.430154 0.102765 0.44455 0.0225311 7.26923e-07
 0.417294 0.265769 0.0571556 0.24725 0.0125317
 0.549456 0.200031 0.114257 0.0245719 0.111683
 0.79053 0.120687 0.0394178 0.0225154 0.0268502
 0.654503 0.279275 0.0381539 0.0124615 0.0156064
 0.729283 0.18343 0.0705563 0.00963922 0.0070911
 0.46707 0.399635 0.0903169 0.0347403 0.00823763
 0.425167 0.284861 0.217444 0.0491421 0.0233846
 0.493294 0.228219 0.138006 0.105345 0.0351368
 0.645432 0.184532 0.0765836 0.0463108 0.0471415
 0.768884 0.154957 0.0396365 0.0164498 0.0200731
 0.717368 0.222366 0.0404066 0.0103356 0.00952372
 0.666901 0.246593 0.0680607 0.0123675 0.00607847
 0.604428 0.273712 0.0902128 0.0248991 0.00674822
 0.698603 0.190973 0.0764063 0.0251827 0.00883431
 0.912166 0.0634538 0.015448 0.00618055 0.00275166
 0.446977 0.509342 0.031556 0.00768238 0.00444205
 0.883639 0.0551974 0.0563326 0.00349005 0.00134095
 0.618825 0.340982 0.0190662 0.0194583 0.00166872
 0.611924 0.250579 0.122998 0.0068775 0.00762088
 0.738558 0.166935 0.0610231 0.0299534 0.00353076
 0.745895 0.192939 0.0390555 0.0142768 0.00783384
 0.350838 0.497733 0.114979 0.0232744 0.0131764
 0.748091 0.0946563 0.120571 0.0278524 0.00882984
 0.632557 0.282065 0.0320813 0.0408643 0.0124325
 0.456369 0.357172 0.143134 0.0162797 0.0270456
 0.73478 0.128011 0.0901482 0.0361264 0.0109351
 0.688682 0.235053 0.0368098 0.0259224 0.0135326
 0.383341 0.438374 0.13461 0.0210802 0.0225951
 0.479341 0.212768 0.218875 0.0672092 0.0218066
pobs_RECLAS
 0 0 0 0 0
 0 0 0 0 0
 0 0 0 0 0
 0 0 0 0 0
 0 0 0 0 0
 0 0 0 0 0
 0 0 0 0 0
 0 0 0 0 0
 0 0 0 0 0
 0 0 0 0 0
 0.991045 0.00858322 0.000360255 1.14367e-05 0
 0.934742 0.0480273 0.0164251 0.00080598 0
 0.827803 0.169806 0.00239088 0 0
 0.941827 0.0461693 0.0120037 0 0
 0.791401 0.0380133 0.147996 0.0225897 0
 0.846168 0.0940531 0.0597789 0 0
 0.134021 0.677848 0.182769 0.00536245 0
 0.80878 0.0450904 0.141981 0.00414843 0
 0.846168 0.0940531 0.0597789 0 0
 0.905697 0.0802665 0.012482 0.00150086 5.37128e-05
 0.989698 0.0102097 9.19794e-05 0 0
 0.975433 0.0193895 0.00387452 0.00125025 5.28907e-05
 0.303575 0.632131 0.0575291 0.00676475 0
 0.966965 0.00978017 0.0227588 0.000495775 0
 0.843318 0.132988 0.00938335 0.0141283 0.000182051
 0.564624 0.303363 0.111486 0.0197234 0.00080311
 0.826376 0.0876187 0.0782897 0.00655872 0.00115652
 0.89761 0.0855135 0.0140674 0.00269457 0.000114338
 0.34875 0.467042 0.161289 0.0227151 0.000203297
 0.318654 0.224769 0.449479 0.00709798 0
ppred_RECLAS
 0.455118 0.0982627 0.425075 0.0215441 6.95078e-07
 0.442242 0.254391 0.0547085 0.236664 0.0119952
 0.574502 0.188911 0.107906 0.023206 0.105475
 0.806953 0.111224 0.0363272 0.0207501 0.024745
 0.67697 0.261114 0.0356728 0.0116512 0.0145916
 0.748852 0.170171 0.0654561 0.00894245 0.00657852
 0.492718 0.380402 0.0859703 0.0330684 0.00784119
 0.449971 0.27257 0.208062 0.0470217 0.0223756
 0.518732 0.216762 0.131078 0.100056 0.0333729
 0.66847 0.172542 0.0716076 0.0433017 0.0440785
 0.786336 0.143256 0.0366435 0.0152076 0.0185573
 0.737807 0.206285 0.0374847 0.00958823 0.00883502
 0.689364 0.229963 0.0634709 0.0115335 0.00566856
 0.629185 0.256582 0.0845667 0.0233408 0.00632588
 0.719861 0.177504 0.0710172 0.0234066 0.00821121
 0.920084 0.0577339 0.0140554 0.00562342 0.00250362
 0.472322 0.485999 0.0301098 0.00733029 0.00423847
 0.893739 0.0504064 0.0514432 0.00318713 0.00122456
 0.642821 0.319516 0.0178659 0.0182334 0.00156367
 0.636006 0.23503 0.115365 0.00645071 0.00714797
 0.757783 0.154659 0.0565358 0.0277508 0.00327113
 0.764844 0.178551 0.036143 0.0132121 0.00724965
 0.374321 0.479727 0.110819 0.0224324 0.0126997
 0.766723 0.0876551 0.111653 0.0257924 0.00817675
 0.655811 0.264214 0.030051 0.0382782 0.0116457
 0.481585 0.340604 0.136495 0.0155246 0.0257911
 0.754073 0.118699 0.0835906 0.0334984 0.0101396
 0.709976 0.218975 0.0342921 0.0241493 0.012607
 0.407558 0.421158 0.129323 0.0202524 0.0217077
 0.504736 0.202391 0.2082 0.0639311 0.020743
pobs_PELACES
 0 0 0 0 0
 0 0 0 0 0
 0 0 0 0 0
 0 0 0 0 0
 0 0 0 0 0
 0 0 0 0 0
 0 0 0 0 0
 0 0 0 0 0
 0 0 0 0 0
 0 0 0 0 0
 0 0 0 0 0
 0 0 0 0 0
 0 0 0 0 0
 0 0 0 0 0
 0 0 0 0 0
 0 0 0 0 0
 0.505614 0.472636 0.0217494 0 0
 0 0 0 0 0
 0.443492 0.261883 0.143347 0.151278 0
 0.227955 0.32914 0.350689 0.0885471 0.00366901
 0.970185 0.0296113 0.000203453 0 0
 0.997202 0.00247181 0.000326279 0 0
 0.445219 0.490057 0.0546422 0.010081 0
 0.90214 0.0892962 0.00764917 0.000914606 0
 0 0 0 0 0
 0.581667 0.319106 0.0959925 0.00289975 0.000334073
 0.762889 0.0836404 0.116647 0.0363945 0.000428098
 0.88444 0.0763242 0.0277011 0.0115352 0
 0.521256 0.241999 0.230069 0.00667565 0
 0.616807 0.101726 0.260614 0.0208532 0
ppred_PELACES
 0.386173 0.110696 0.47886 0.02427 7.83027e-07
 0.374387 0.285339 0.0613641 0.265455 0.0134545
 0.504672 0.219914 0.125615 0.0270144 0.122785
 0.759541 0.138541 0.0452492 0.0258463 0.0308224
 0.611991 0.313639 0.0428486 0.0139949 0.0175267
 0.692133 0.208602 0.0802387 0.010962 0.00806422
 0.423688 0.432166 0.097669 0.0375683 0.0089082
 0.380915 0.306791 0.234184 0.0529252 0.0251849
 0.44855 0.248371 0.150192 0.114647 0.0382395
 0.603778 0.206211 0.0855806 0.0517514 0.0526797
 0.734712 0.177868 0.0454969 0.0188819 0.0230409
 0.680726 0.251194 0.0456452 0.0116756 0.0107584
 0.626935 0.276179 0.0762267 0.0138514 0.00680777
 0.563483 0.302044 0.0995505 0.0274764 0.00744672
 0.660649 0.215022 0.086028 0.028354 0.0099468
 0.897143 0.0743068 0.0180902 0.00723766 0.0032223
 0.403372 0.549503 0.0340441 0.00828812 0.0047923
 0.864032 0.0644984 0.0658249 0.00407814 0.0015669
 0.57686 0.378521 0.0211652 0.0216005 0.00185243
 0.569356 0.278066 0.13649 0.0076319 0.00845683
 0.702655 0.189859 0.0694031 0.0340668 0.00401562
 0.711022 0.219418 0.0444153 0.016236 0.00890893
 0.310947 0.528319 0.122044 0.0247046 0.0139861
 0.712444 0.108051 0.137632 0.0317937 0.0100793
 0.589568 0.315065 0.0358347 0.0456453 0.0138871
 0.411717 0.386508 0.154891 0.0176169 0.029267
 0.698009 0.145758 0.102647 0.041135 0.0124511
 0.648436 0.26544 0.0415685 0.0292735 0.0152821
 0.341393 0.468194 0.143767 0.0225142 0.0241321
 0.434611 0.231047 0.237679 0.072983 0.02368
pobs_pel_tallas
 0 0 0 0 0 0 0 0 0 0 0 0 0 0 0 0 0 0 0 0 0 0 0 0 0 0
 0 0 0 0 0 0 0 0 0 0 0 0 0 0 0 0 0 0 0 0 0 0 0 0 0 0
 0 0 0 0 0 0 0 0 0 0 0 0 0 0 0 0 0 0 0 0 0 0 0 0 0 0
 0 0 0 0 0 0 0 0 0 0 0 0 0 0 0 0 0 0 0 0 0 0 0 0 0 0
 0 0 0 0 0 0 0 0 0 0 0 0 0 0 0 0 0 0 0 0 0 0 0 0 0 0
 0 0 0 0 0 0 0 0 0 0 0 0 0 0 0 0 0 0 0 0 0 0 0 0 0 0
 0 0 0 0 0 0 0 0 0 0 0 0 0 0 0 0 0 0 0 0 0 0 0 0 0 0
 0 0 0 0 0 0 0 0 0 0 0 0 0 0 0 0 0 0 0 0 0 0 0 0 0 0
 0 0 0 0 0 0 0 0 0 0 0 0 0 0 0 0 0 0 0 0 0 0 0 0 0 0
 0 0 0 0 0 0 0 0 0 0 0 0 0 0 0 0 0 0 0 0 0 0 0 0 0 0
 0 0 0 0 0 0 0 0 0 0 0 0 0 0 0 0 0 0 0 0 0 0 0 0 0 0
 0 0 0 0 0 0 0 0 0 0 0 0 0 0 0 0 0 0 0 0 0 0 0 0 0 0
 0.00862536 0 0 0.000197151 0.00414017 0.0128641 0.00837892 0.0270097 0.101434 0.158115 0.152841 0.127902 0.109271 0.109419 0.0830992 0.0579132 0.0238553 0.00714673 0.00463305 0.00128148 0.00103504 0.000492878 0.000147863 0.000147863 4.92878e-05 0
 0 0 0 0 0 0 0 0 0 0 0 0 0 0 0 0 0 0 0 0 0 0 0 0 0 0
 0 0 0 0 0 0 0 0.0054083 0.00873648 0.0413646 0.0450493 0.0745869 0.0622846 0.0627006 0.0613931 0.0827291 0.12552 0.122667 0.0946155 0.0697135 0.0546179 0.0294188 0.0215738 0.0213955 0.0102223 0.00600262
 0 0 0 0 0.00359764 0.0251062 0.0480494 0.140153 0.205849 0.193036 0.1447 0.116669 0.0760912 0.0342217 0.00950174 0.001854 0.000860785 0 0 0 0.000165536 0 0.000143464 0 0 0
 0 0 0 0 0 0 0 0.000145254 0.000435761 0.0275982 0.070085 0.0708112 0.156366 0.174668 0.174014 0.160142 0.0824315 0.0480064 0.0283245 0.00493863 0.00203355 0 0 0 0 0
 0 0 0 0 0 0 0 0 0 0 0 0 0 0 0 0 0 0 0 0 0 0 0 0 0 0
 0 0 1.00437e-05 0.000401748 0.00122533 0.00171747 0.00176769 0.0269171 0.070346 0.194647 0.189555 0.159765 0.064822 0.0314167 0.0384472 0.0292271 0.0345202 0.0313363 0.0194345 0.0106764 0.0143323 0.0359363 0.0279516 0.0138201 0.00172751 0
 0 0.0021121 0.0136068 0.0755702 0.200478 0.177729 0.0527432 0.0373336 0.0318909 0.0142505 0.0149659 0.0166563 0.0217959 0.0798694 0.0677717 0.0528807 0.04013 0.0224614 0.0357745 0.0225083 0.00881397 0.00855152 0.00135912 0.000746735 0 0
 0 0 0 0 5.4009e-05 0.00500934 0.000945158 0.0243581 0.138947 0.33067 0.221406 0.137944 0.0707744 0.0437923 0.0131692 0.00525238 0.0047753 0.00276346 9.45158e-05 9.00151e-06 2.25038e-05 9.00151e-06 4.50075e-06 0 0 0
 0.000866109 0.00284123 0.00948549 0.0512746 0.133035 0.25785 0.225252 0.132002 0.0553304 0.0519788 0.0540692 0.017754 0.00435017 0.00159236 0.00146478 0.000404838 0.000125132 0.000115318 0.000107957 0.000100596 0 0 0 0 0 0
 0 0 0 0 0.00144013 0.00171154 0.00461396 0.0210425 0.0478622 0.0707936 0.0888783 0.103762 0.0637923 0.0337046 0.0602308 0.124433 0.169614 0.0934646 0.0462172 0.0250306 0.0313229 0.00938855 0.002487 0.000210481 0 0
 0 0.00764035 0.051015 0.0998891 0.058973 0.0496711 0.0374665 0.0718981 0.12319 0.153886 0.159021 0.0857701 0.0377988 0.023471 0.0147837 0.00900784 0.00315554 0.000888139 0.00291439 0.00214683 0.00393193 0.00274676 0.000635225 9.99891e-05 0 0
 0 0 0 0 0 0 0 0 0 0 0 0 0 0 0 0 0 0 0 0 0 0 0 0 0 0
 0 0 0 0 0 0 0 0 0 0 0 0 0 0 0 0 0 0 0 0 0 0 0 0 0 0
 0 0 0 0 0 0 0 0 0 0 0 0 0 0 0 0 0 0 0 0 0 0 0 0 0 0
 0 0 0 0 0 0 0 0 0 0 0 0 0 0 0 0 0 0 0 0 0 0 0 0 0 0
 0 0 0 0 0 0 0 0 0 0 0 0 0 0 0 0 0 0 0 0 0 0 0 0 0 0
 0 0 0 0 0 0 0 0 0 0 0 0 0 0 0 0 0 0 0 0 0 0 0 0 0 0
ppred_pel_tallas
 1.16282e-16 3.18086e-05 0.000309191 0.00205468 0.0093403 0.0290612 0.0619184 0.090374 0.0903854 0.0619744 0.0292513 0.00989858 0.00349066 0.00355823 0.00653642 0.0116247 0.0187604 0.0277803 0.0383764 0.0501499 0.062398 0.0737272 0.0819826 0.0848772 0.0810844 0.0710544
 1.30743e-16 3.08378e-05 0.000299755 0.00199198 0.00905526 0.0281744 0.0600296 0.0876207 0.0876483 0.0601646 0.0286283 0.0103682 0.00529522 0.00753716 0.0138584 0.0230933 0.0338501 0.0439122 0.0511674 0.0549618 0.0566072 0.0584506 0.0621607 0.0675382 0.072636 0.0749196
 1.2717e-16 4.15692e-05 0.000404068 0.00268517 0.0122064 0.0379788 0.0809186 0.118108 0.118129 0.0810232 0.0383303 0.013224 0.00524852 0.00603062 0.0108196 0.0180691 0.0266243 0.0347887 0.0409062 0.0443585 0.0459611 0.0473238 0.0496644 0.0530048 0.05625 0.0579015
 1.0915e-16 6.25624e-05 0.000608129 0.00404123 0.0183709 0.0571586 0.121783 0.177749 0.177762 0.121849 0.0573788 0.0190076 0.0056423 0.00411275 0.00674704 0.0111325 0.0162188 0.0208095 0.0237477 0.024554 0.0237207 0.0223472 0.0214039 0.0211971 0.0213604 0.0212361
 1.05687e-16 5.04089e-05 0.000489993 0.00325618 0.0148021 0.046055 0.0981263 0.143224 0.143255 0.098274 0.0465511 0.0162348 0.00685258 0.00834164 0.0149643 0.0246661 0.0355463 0.0447473 0.0493976 0.0481952 0.0421911 0.0340751 0.0265533 0.0210737 0.0176371 0.0154394
 1.04833e-16 5.70101e-05 0.000554158 0.00368258 0.0167405 0.0520859 0.110975 0.161976 0.161996 0.111074 0.0524175 0.0176992 0.00609295 0.005829 0.0101129 0.0167279 0.0243238 0.0310729 0.035137 0.0356492 0.0331806 0.0292536 0.0253223 0.0220494 0.0193098 0.0166801
 1.08205e-16 3.48987e-05 0.000339228 0.00225429 0.0102477 0.0318846 0.0679351 0.0991621 0.0992038 0.068139 0.0325694 0.0122264 0.00722445 0.0112001 0.0206944 0.0342433 0.049531 0.0627251 0.0699363 0.0693775 0.0623981 0.0524834 0.043061 0.0358466 0.0307001 0.026582
 1.16407e-16 3.13755e-05 0.000304981 0.00202671 0.00921315 0.0286657 0.0610764 0.089149 0.0891789 0.0612225 0.0291574 0.0106374 0.00561717 0.00819399 0.0151642 0.0254139 0.0375316 0.0491439 0.057812 0.0623776 0.0635013 0.0628643 0.061744 0.0601919 0.0573547 0.0524262
 1.22367e-16 3.69465e-05 0.000359134 0.00238657 0.010849 0.0337554 0.0719204 0.104975 0.104999 0.0720386 0.0341529 0.0119999 0.00528694 0.00672911 0.0122497 0.0205004 0.0302673 0.0396621 0.0468154 0.0509793 0.0529431 0.0543039 0.0561716 0.0583676 0.059648 0.0586026
 1.16628e-16 4.97324e-05 0.000483417 0.00321248 0.0146035 0.0454369 0.0968088 0.1413 0.141319 0.0969066 0.0457654 0.0155537 0.00560368 0.00572338 0.0100614 0.0167165 0.024468 0.031627 0.0365371 0.0385302 0.0383344 0.037508 0.0373409 0.0380882 0.0390126 0.0390093
 1.07152e-16 6.05173e-05 0.00058825 0.00390913 0.0177703 0.0552902 0.117802 0.17194 0.171957 0.117886 0.0555723 0.0185857 0.00595797 0.00506797 0.00858962 0.014162 0.0205341 0.0261264 0.0293819 0.0296167 0.0274275 0.0242581 0.0214745 0.0196734 0.0186324 0.0177362
 1.04374e-16 5.60706e-05 0.000545026 0.00362189 0.0164646 0.0512276 0.109147 0.159308 0.159332 0.109265 0.0516252 0.0176133 0.00650616 0.00684457 0.0120295 0.0198235 0.028611 0.0361085 0.0400272 0.0393185 0.0347903 0.0285339 0.0226406 0.0182117 0.0152354 0.0131135
 1.04812e-16 5.16399e-05 0.000501958 0.00333569 0.0151636 0.0471796 0.100522 0.146721 0.146747 0.100653 0.0476176 0.0164294 0.00651594 0.0074541 0.0132833 0.0219521 0.0317905 0.0403387 0.0451127 0.0449524 0.0406737 0.0344359 0.0283642 0.0235267 0.0198671 0.0168104
 1.06966e-16 4.64134e-05 0.000451155 0.00299808 0.0136289 0.0424046 0.0903486 0.131873 0.131902 0.0904914 0.0428842 0.0150154 0.00648308 0.0080744 0.0145699 0.0241333 0.0350417 0.0446586 0.0503147 0.0507685 0.0468946 0.0409738 0.035192 0.030555 0.0268653 0.0234321
 1.07065e-16 5.44168e-05 0.000528951 0.00351507 0.015979 0.0497167 0.105927 0.154609 0.154629 0.106029 0.0500587 0.0169681 0.00600248 0.00597464 0.010443 0.0173002 0.025204 0.0323044 0.0367461 0.0376757 0.035706 0.0323937 0.0291721 0.0266059 0.0244182 0.0220383
 1.01813e-16 7.38965e-05 0.0007183 0.00477336 0.021699 0.0675137 0.143845 0.209948 0.209955 0.14388 0.0676315 0.0220394 0.00562855 0.00258756 0.00363098 0.00590444 0.00854291 0.0108384 0.0121242 0.0120984 0.0109955 0.00941144 0.00792485 0.00681368 0.00603367 0.00538764
 1.02766e-16 3.32253e-05 0.000322962 0.0021462 0.00975635 0.0303559 0.0646784 0.0944111 0.094464 0.0649368 0.0312234 0.012261 0.00842966 0.0140283 0.0260285 0.0428894 0.0615735 0.0769952 0.0839929 0.0801894 0.0674314 0.0505891 0.0347171 0.0227613 0.0151211 0.0106638
 1.02591e-16 7.11692e-05 0.00069179 0.00459718 0.0208981 0.0650219 0.138536 0.202199 0.202205 0.138567 0.0651257 0.0211992 0.00535708 0.00236464 0.00328914 0.00543142 0.00806443 0.0106543 0.0126894 0.0139037 0.0143765 0.0143702 0.0140622 0.0134166 0.0122876 0.01062
 1.03188e-16 4.75153e-05 0.000461866 0.00306926 0.0139524 0.0434114 0.092494 0.135005 0.135042 0.092672 0.044009 0.0156779 0.00739816 0.00990465 0.0179601 0.0295623 0.0424566 0.0531354 0.0580657 0.05564 0.047158 0.0359847 0.0255762 0.0178922 0.0131032 0.0103206
 1.06207e-16 4.68971e-05 0.000455857 0.00302933 0.0137709 0.0428466 0.0912901 0.133246 0.133273 0.0914219 0.0432894 0.0150519 0.00625209 0.00751496 0.013523 0.0224627 0.0327733 0.0420836 0.0479713 0.0492633 0.0466342 0.04196 0.0370022 0.0325169 0.0283273 0.0239929
 1.06148e-16 5.78768e-05 0.000562584 0.00373857 0.016995 0.0528778 0.112662 0.164438 0.164456 0.112752 0.0531796 0.0178678 0.00593313 0.00536604 0.00921822 0.0152478 0.0221962 0.028417 0.0322708 0.0330116 0.031199 0.0282322 0.0253974 0.0231962 0.0213644 0.0193616
 1.04474e-16 5.8566e-05 0.000569282 0.00378308 0.0171974 0.0535075 0.114004 0.166397 0.166418 0.114108 0.053855 0.0182014 0.00630464 0.00607819 0.0105339 0.0173564 0.0250795 0.0317164 0.0352843 0.0348795 0.0312054 0.0260655 0.0212413 0.0176361 0.0151856 0.0133349
 1.08502e-16 2.56124e-05 0.000248961 0.00165444 0.00752087 0.0234005 0.0498591 0.0727815 0.0728325 0.0501083 0.0242375 0.00993959 0.00772954 0.0135235 0.0252732 0.0418379 0.0604932 0.0765479 0.0852181 0.0842812 0.0753537 0.0626872 0.0505086 0.0410072 0.034145 0.0287849
 1.08894e-16 5.86831e-05 0.00057042 0.00379064 0.0172317 0.0536144 0.114231 0.166726 0.166737 0.114283 0.0537894 0.0177399 0.00507613 0.00340915 0.00554559 0.00932585 0.0140165 0.0188618 0.0231074 0.0263798 0.0288067 0.0307057 0.0321292 0.0326966 0.0318552 0.0293111
 1.08043e-16 4.8562e-05 0.00047204 0.00313687 0.0142598 0.0443676 0.0945311 0.137977 0.138008 0.0946795 0.0448659 0.015699 0.0067498 0.00836037 0.0150345 0.0247931 0.0357535 0.0450713 0.0499041 0.049002 0.04348 0.0360719 0.0294631 0.0249875 0.022451 0.0208327
 1.11289e-16 3.39127e-05 0.000329644 0.0021906 0.00995817 0.0309838 0.0660155 0.0963595 0.0963969 0.0661984 0.0315983 0.0117353 0.00665939 0.0101111 0.0186873 0.031041 0.0451828 0.0578067 0.0655391 0.0668014 0.0626683 0.0559554 0.0493222 0.0439309 0.0394614 0.0350329
 1.09232e-16 5.74941e-05 0.000558863 0.00371384 0.0168826 0.0525281 0.111917 0.163349 0.163364 0.111987 0.0527616 0.0175588 0.00541814 0.00430281 0.00723734 0.0120571 0.0177965 0.0233 0.0274242 0.029653 0.030348 0.0303531 0.0302914 0.0301479 0.0294164 0.0275761
 1.0679e-16 5.34109e-05 0.000519173 0.00345009 0.0156836 0.0487977 0.10397 0.151752 0.151778 0.104095 0.0492178 0.0168972 0.00649734 0.00717464 0.0127036 0.0209455 0.0302397 0.0381919 0.0424124 0.0418375 0.0373738 0.0312733 0.0257464 0.0218903 0.0195573 0.0179437
 1.10611e-16 2.81202e-05 0.000273338 0.00181643 0.00825725 0.0256916 0.0547404 0.0799047 0.0799499 0.0549616 0.0264346 0.0104049 0.00721355 0.0120757 0.0225031 0.0373152 0.0541208 0.0688359 0.0772936 0.077555 0.0709991 0.0612362 0.051775 0.0443079 0.038627 0.0336791
 1.18245e-16 3.57984e-05 0.000347973 0.00231241 0.0105119 0.0327065 0.0696854 0.101713 0.101735 0.0697961 0.033079 0.0115924 0.0050416 0.00636207 0.0116236 0.0195959 0.0292526 0.0389559 0.0470279 0.0526817 0.0563365 0.0589611 0.0610279 0.0620202 0.0608538 0.0567441
pSPR Fmed_Fpbrs
0.747525   0.190092 0.190092
Fs Fmed_Fpbrs
0.144141   1.005 1.005
SSBpbr Bo_Bmed_Bpbrs
2.55585e+06  1.78277e+06  358054 358054
Ro
245553
SPR SPRFo_SPRFmed_SPRFpbrs
1.74795e+06 1.30663e+06 332271
Fref
1.005
log_Ro
12.2313
likeval ReclasPelacesDesembMPH_pf_preclas_ppelaces_ptallas_desvR_qrecl_qpela
 19.9931 19.0218 0.156005 0.00366729 229.939 107.687 77.9796 0 18.9814 1.34202e-05 0 0.791711 0 0 0
q_reclas_q_pelaces
0.595048 1
M
1
N
 259791 56311.8 243599 12346.3 0.398331
 153135 88709.2 19077.5 82527.6 4182.88
 148976 49319.3 28171.1 6058.41 27536.4
 346829 48229.5 15752.3 8997.71 10730
 279018 107917 14743.4 4815.36 6030.61
 426416 97433.2 37477.6 5120.09 3766.6
 181084 141401 31956.5 12292 2914.69
 88573.6 53745.9 41026.1 9271.83 4412.07
 74965.8 31541.2 19073.2 14559.3 4856.12
 93014.5 24226.5 10054.4 6079.97 6189.03
 157885 28837.9 7376.47 3061.35 3735.66
 195320 55320 10052.3 2571.29 2369.31
 166687 56279.3 15533.3 2822.61 1387.28
 117446 48817.6 16089.8 4440.85 1203.57
 120565 30111.1 12047.1 3970.6 1392.92
 548164 34837.4 8481.24 3393.25 1510.72
 152771 158486 9818.93 2390.44 1382.18
 846223 48139.6 49129.7 3043.8 1169.49
 525469 264486 14788.9 15093 1294.36
 408105 152457 74834.1 4184.39 4636.68
 594174 122268 44695.3 21938.9 2586.04
 793113 187109 37875.3 13845.3 7597.12
 185442 239119 55237.7 11181.4 6330.17
 528783 60764.8 77400.6 17879.9 5668.33
 435721 176480 20072.4 25567.7 7778.69
 204066 144948 58087 6606.67 10975.7
 437438 69212.5 48741.1 19532.7 5912.35
 471285 146000 22864 16101.4 8405.66
 153626 159472 48968.6 7668.6 8219.68
 128592 51877.2 53366.2 16386.9 5316.88
pred_Ctot
 11863.7 2834.26 12260.7 621.411 0.0200486
 12186.7 7761.56 1669.18 7220.71 365.979
 11417.4 4156.52 2374.2 510.589 2320.71
 34270.9 5231.99 1708.83 976.083 1164.01
 8993.87 3837.67 524.293 171.24 214.456
 26805.6 6742.18 2593.37 354.3 260.641
 22506.6 19257.1 4352.08 1674.02 396.945
 1797.31 1204.19 919.203 207.739 98.8539
 5820.72 2692.91 1628.43 1243.03 414.604
 9374.64 2680.25 1112.35 672.646 684.711
 4765.98 960.512 245.69 101.965 124.425
 27299.6 8462.16 1537.68 393.325 362.427
 21886.9 8092.89 2233.68 405.887 199.489
 23169.2 10492.1 3458.09 954.448 258.677
 16676 4558.64 1823.86 601.126 210.88
 75650.9 5262.57 1281.18 512.587 228.21
 14028.2 15985.5 990.372 241.108 139.412
 81531.5 5092.94 5197.69 322.02 123.726
 71566.3 39434.2 2204.98 2250.33 192.985
 48687.6 19937.3 9786.3 547.206 606.354
 54774.2 12380.5 4525.69 2221.45 261.854
 91948.3 23784.1 4814.47 1759.93 965.698
 12932.2 18346.9 4238.23 857.917 485.695
 31259.2 3955.24 5038.08 1163.82 368.957
 26584.5 11854.3 1348.28 1717.4 522.501
 10134.6 7931.71 3178.59 361.524 600.602
 25848.6 4503.25 3171.3 1270.88 384.682
 24054 8209.83 1285.68 905.406 472.663
 8026.22 9178.48 2818.4 441.369 473.086
 8904.37 3952.45 4065.89 1248.5 405.085
F
 0.0745124 0.0823915 0.0823915 0.0823915 0.0823915
 0.133001 0.147065 0.147065 0.147065 0.147065
 0.127813 0.141328 0.141328 0.141328 0.141328
 0.167468 0.185176 0.185176 0.185176 0.185176
 0.0521108 0.057621 0.057621 0.057621 0.057621
 0.103813 0.114791 0.114791 0.114791 0.114791
 0.214694 0.237396 0.237396 0.237396 0.237396
 0.0325393 0.03598 0.03598 0.03598 0.03598
 0.129584 0.143286 0.143286 0.143286 0.143286
 0.171064 0.189152 0.189152 0.189152 0.189152
 0.0487324 0.0538855 0.0538855 0.0538855 0.0538855
 0.244312 0.270145 0.270145 0.270145 0.270145
 0.22803 0.252142 0.252142 0.252142 0.252142
 0.361085 0.399267 0.399267 0.399267 0.399267
 0.2415 0.267037 0.267037 0.267037 0.267037
 0.240906 0.26638 0.26638 0.26638 0.26638
 0.154832 0.171204 0.171204 0.171204 0.171204
 0.162996 0.180231 0.180231 0.180231 0.180231
 0.23741 0.262514 0.262514 0.262514 0.262514
 0.205304 0.227013 0.227013 0.227013 0.227013
 0.15548 0.171921 0.171921 0.171921 0.171921
 0.199003 0.220046 0.220046 0.220046 0.220046
 0.11573 0.127967 0.127967 0.127967 0.127967
 0.0973675 0.107663 0.107663 0.107663 0.107663
 0.100627 0.111267 0.111267 0.111267 0.111267
 0.0812597 0.0898521 0.0898521 0.0898521 0.0898521
 0.0973256 0.107617 0.107617 0.107617 0.107617
 0.0835911 0.0924302 0.0924302 0.0924302 0.0924302
 0.0856385 0.094694 0.094694 0.094694 0.094694
 0.114873 0.12702 0.12702 0.12702 0.12702
nmprior
 8 8 7 0
nm_flota  nm_reclas  nm_pelaces    nm_pelaL
inf 10.7036 10.2926 16.407
cv_recla  cv_pelaces  cv_mph
0.413968 0.513204 1.86886
 ------------------------------------------------
Talla a la edad & desviación 
 8 13.2811 15.8009 17.003 17.5766
 0.8 1.32811 1.58009 1.7003 1.75766
