years
 1991 1992 1993 1994 1995 1996 1997 1998 1999 2000 2001 2002 2003 2004 2005 2006 2007 2008 2009 2010 2011 2012 2013 2014 2015 2016 2017 2018 2019 2020
reclasobs
 0 0 0 0 0 0 0 0 0 252601 567819 844713 477998 351125 339783 2.1784e+06 2.13404e+06 4.81314e+06 1.55562e+06 2.62356e+06 3.21686e+06 3.843e+06 1.13348e+06 3.07943e+06 1.97215e+06 2.03268e+06 2.025e+06 2.42433e+06 2.27542e+06 1.05018e+06
reclaspred
 3.83477e+06 1.48478e+06 805725 449238 123244 1.74275e+06 727656 316686 140145 206644 354422 617224 564310 398723 315835 1.75129e+06 1.20916e+06 3.99907e+06 3.21251e+06 1.99479e+06 3.78987e+06 3.301e+06 2.01284e+06 3.5728e+06 2.413e+06 1.70631e+06 2.56258e+06 3.33673e+06 2.40189e+06 965404
pelacesobs
 0 0 0 0 0 0 0 0 0 0 0 0 0 0 0 552880 188675 0 991730 2.46772e+06 1.41603e+06 1.21717e+06 2.29649e+06 1.80582e+06 0 1.4828e+06 1.56532e+06 1.57751e+06 1.42118e+06 867257
pelacespred
 1.06809e+06 426769 200584 74802.8 21911.3 451409 143783 86026.6 23008.5 40821.7 88936.1 127302 128084 87579.8 69628.1 383486 264057 1.07449e+06 847507 485783 938826 832694 511558 1.04004e+06 662296 464996 813822 1.03527e+06 617690 284672
mphobs
 0 0 0 0 0 0 0 0 0 0 0 498337 0 5186 125008 0 168611 109162 213762 579715 649985 157893 87575 83554 0 0 0 0 0 0
mphpred
 2.33562e+06 1.14611e+06 334860 247365 84943.5 24975.3 540731 169500 68819.8 17500 40015.8 128859 166245 117779 60705 66246.3 630595 389940 1.30397e+06 896406 780951 1.10585e+06 1.11154e+06 685956 1.13932e+06 815567 527468 760825 1.32987e+06 711196
desembarqueobs
 494567 514787 250237 358949 120608 361735 552515 73892 212993 205616 52469 317467 293654 387597 252695 516296 358380 742168 942051 627588 828172 859565 418607 520667 417249 300574 407403 355545 319650 289779
desembarquepred
 494530 514803 249613 358817 120552 361583 551914 73874 212773 205466 52462.1 317258 293424 387080 252463 515985 358275 741781 940987 626849 827806 858936 418409 520508 417046 300410 407232 355412 319515 289627
Reclutas
 32617 22356.6 167938 28560.6 11847.1 302313 22707.2 6016.3 19300.7 58315.9 57036.6 122478 85789.3 67597.6 48128.3 402174 22548.5 650027 320726 200847 384039 520402 32690.3 285062 184158 57198.3 239863 293524 25683.2 13186.3
log_desv_Rt
 -0.876582 -1.2543 0.76218 -1.00939 -1.88933 1.35005 -1.23873 -2.56694 -1.40127 -0.29554 -0.317722 0.446517 0.0904794 -0.147843 -0.487545 1.63547 -1.24575 2.1156 1.40917 0.941126 1.58933 1.89319 -0.874335 1.29129 0.854377 -0.314891 1.11865 1.32054 -1.11558 -1.78223
SSB
 2.33562e+06 1.14611e+06 334860 247365 84943.5 24975.3 540731 169500 68819.8 17500 40015.8 128859 166245 117779 60705 66246.3 630595 389940 1.30397e+06 896406 780951 1.10585e+06 1.11154e+06 685956 1.13932e+06 815567 527468 760825 1.32987e+06 711196
BT
 2.91285e+06 1.53256e+06 698029 439878 154831 1.36154e+06 817286 267536 253673 289419 248828 554765 559920 604049 411428 1.29189e+06 891117 3.15044e+06 2.8464e+06 1.68961e+06 2.85919e+06 2.6998e+06 1.54389e+06 2.89416e+06 1.9183e+06 1.3472e+06 2.30495e+06 2.74231e+06 1.69277e+06 965760
Ftot
 0.210602 0.546518 0.554027 1.20656 1.43218 0.426989 1.13042 0.387255 2.19975 1.73017 0.295713 0.928331 0.912016 1.60426 1.40581 0.59257 0.484064 0.368946 0.514886 0.546831 0.40544 0.47402 0.342831 0.279566 0.303145 0.301487 0.306101 0.206448 0.219446 0.480392
BD_Bspro_t
 0.966948 0.744934 0.443571 0.39555 0.159561 0.0723289 0.510341 0.217919 0.137156 0.0517846 0.133468 0.394216 0.323576 0.22455 0.127588 0.143211 0.481795 0.360555 0.583321 0.458267 0.384046 0.465521 0.491633 0.414646 0.570973 0.549257 0.507797 0.623567 0.722309 0.583667
BD_Bspro
 4.1868 2.05449 0.600265 0.443423 0.152268 0.0447704 0.969306 0.303843 0.123365 0.0313702 0.0717317 0.230991 0.298009 0.21113 0.108819 0.118752 1.1304 0.699001 2.33747 1.60688 1.39992 1.98232 1.99253 1.22963 2.04233 1.46197 0.945531 1.36384 2.38391 1.27488
BD_Bo
 1.38626 0.680248 0.19875 0.146819 0.0504165 0.0148236 0.32094 0.100603 0.0408466 0.0103868 0.0237506 0.0764819 0.0986716 0.0699057 0.0360303 0.0393192 0.374277 0.231441 0.773943 0.532044 0.463518 0.656353 0.659732 0.407136 0.676221 0.484064 0.313068 0.451573 0.78932 0.422116
BD_Brms
 8.19018 4.01898 1.17423 0.867421 0.297866 0.0875795 1.89615 0.594375 0.241326 0.0613662 0.140321 0.451863 0.582962 0.41301 0.21287 0.232302 2.21127 1.36738 4.57254 3.14337 2.73851 3.8778 3.89777 2.4054 3.99518 2.8599 1.84964 2.66794 4.66339 2.49391
Sel_flota
 0.768134 0.984361 0.999165 0.999956 0.999998
 0.768134 0.984361 0.999165 0.999956 0.999998
 0.768134 0.984361 0.999165 0.999956 0.999998
 0.768134 0.984361 0.999165 0.999956 0.999998
 0.768134 0.984361 0.999165 0.999956 0.999998
 0.768134 0.984361 0.999165 0.999956 0.999998
 0.768134 0.984361 0.999165 0.999956 0.999998
 0.768134 0.984361 0.999165 0.999956 0.999998
 0.768134 0.984361 0.999165 0.999956 0.999998
 0.768134 0.984361 0.999165 0.999956 0.999998
 0.768134 0.984361 0.999165 0.999956 0.999998
 0.768134 0.984361 0.999165 0.999956 0.999998
 0.768134 0.984361 0.999165 0.999956 0.999998
 0.768134 0.984361 0.999165 0.999956 0.999998
 0.768134 0.984361 0.999165 0.999956 0.999998
 0.768134 0.984361 0.999165 0.999956 0.999998
 0.768134 0.984361 0.999165 0.999956 0.999998
 0.768134 0.984361 0.999165 0.999956 0.999998
 0.768134 0.984361 0.999165 0.999956 0.999998
 0.768134 0.984361 0.999165 0.999956 0.999998
 0.768134 0.984361 0.999165 0.999956 0.999998
 0.768134 0.984361 0.999165 0.999956 0.999998
 0.768134 0.984361 0.999165 0.999956 0.999998
 0.768134 0.984361 0.999165 0.999956 0.999998
 0.768134 0.984361 0.999165 0.999956 0.999998
 0.768134 0.984361 0.999165 0.999956 0.999998
 0.768134 0.984361 0.999165 0.999956 0.999998
 0.768134 0.984361 0.999165 0.999956 0.999998
 0.768134 0.984361 0.999165 0.999956 0.999998
 0.768134 0.984361 0.999165 0.999956 0.999998
Sel_reclas
 1 1 1 1 1
 1 1 1 1 1
 1 1 1 1 1
 1 1 1 1 1
 1 1 1 1 1
 1 1 1 1 1
 1 1 1 1 1
 1 1 1 1 1
 1 1 1 1 1
 1 1 1 1 1
 1 1 1 1 1
 1 1 1 1 1
 1 1 1 1 1
 1 1 1 1 1
 1 1 1 1 1
 1 1 1 1 1
 1 1 1 1 1
 1 1 1 1 1
 1 1 1 1 1
 1 1 1 1 1
 1 1 1 1 1
 1 1 1 1 1
 1 1 1 1 1
 1 1 1 1 1
 1 1 1 1 1
 1 1 1 1 1
 1 1 1 1 1
 1 1 1 1 1
 1 1 1 1 1
 1 1 1 1 1
Sel_pelaces
 1 1 1 1 1
 1 1 1 1 1
 1 1 1 1 1
 1 1 1 1 1
 1 1 1 1 1
 1 1 1 1 1
 1 1 1 1 1
 1 1 1 1 1
 1 1 1 1 1
 1 1 1 1 1
 1 1 1 1 1
 1 1 1 1 1
 1 1 1 1 1
 1 1 1 1 1
 1 1 1 1 1
 1 1 1 1 1
 1 1 1 1 1
 1 1 1 1 1
 1 1 1 1 1
 1 1 1 1 1
 1 1 1 1 1
 1 1 1 1 1
 1 1 1 1 1
 1 1 1 1 1
 1 1 1 1 1
 1 1 1 1 1
 1 1 1 1 1
 1 1 1 1 1
 1 1 1 1 1
 1 1 1 1 1
pf_obs 
 0.8446 0.082 0.0669 0.0065 0
 0.8095 0.147 0.0364 0.0071 0
 0.9664 0.0169 0.016 0.0007 0
 0.9276 0.0648 0.0075 0.0001 0
 0.7033 0.2144 0.0806 0.0017 0
 0.9318 0.0425 0.0243 0.0014 0
 0.5671 0.3108 0.0964 0.0239 0.0018
 0.0768 0.2599 0.5324 0.112 0.0189
 0.490249 0.384438 0.106611 0.0170017 0.00170017
 0.7925 0.1577 0.0466 0.003 0.0002
 0.840416 0.127587 0.0312969 0.00059994 9.999e-05
 0.8084 0.0986 0.0794 0.0134 0.0002
 0.7335 0.1905 0.0724 0.0035 0.0001
 0.4001 0.4547 0.1325 0.0127 0
 0.49795 0.308269 0.164784 0.0264974 0.00249975
 0.9179 0.0499 0.0305 0.0017 0
 0.2467 0.6533 0.0926 0.0074 0
 0.9418 0.0223 0.034 0.0019 0
 0.707729 0.231977 0.0356964 0.0245975 0
 0.517169 0.277429 0.184464 0.0207286 0.00020938
 0.811772 0.124168 0.05621 0.00726502 0.000585176
 0.764997 0.148141 0.077277 0.00933861 0.000247198
 0.163321 0.427699 0.378323 0.0303852 0.000271297
 0.753843 0.0900009 0.118128 0.0371064 0.000921714
 0.721811 0.176058 0.0630433 0.0369309 0.00215725
 0.143369 0.312575 0.442814 0.0836902 0.0175525
 0.692698 0.0596174 0.167031 0.0765114 0.00414204
 0.394062 0.376323 0.152708 0.0712218 0.00568511
 0.125707 0.32114 0.495352 0.0537591 0.00404204
 0.23352 0.215282 0.420074 0.123614 0.00750983
pf_pred 
 0.148272 0.214274 0.568683 0.0687702 7.85014e-07
 0.250087 0.139875 0.155345 0.405676 0.0490164
 0.889105 0.0350362 0.0143823 0.0156669 0.0458094
 0.356281 0.590609 0.0170153 0.00684939 0.0292457
 0.528524 0.214904 0.235931 0.00661964 0.0140218
 0.990812 0.00587766 0.00153283 0.00163507 0.000142824
 0.19286 0.801643 0.00354015 0.00090647 0.00105037
 0.266073 0.192271 0.538061 0.0023166 0.00127873
 0.775897 0.0739421 0.0398668 0.109563 0.000731384
 0.97117 0.0249096 0.00132814 0.000689193 0.00190281
 0.887588 0.110419 0.00172968 8.92996e-05 0.000173966
 0.848545 0.138184 0.0130392 0.000200803 3.05346e-05
 0.743295 0.228505 0.0257811 0.00237661 4.21126e-05
 0.752128 0.200114 0.0426199 0.00469788 0.000440198
 0.826223 0.144408 0.0238517 0.00492487 0.000592736
 0.979705 0.0178853 0.00201189 0.000322958 7.45957e-05
 0.161282 0.826263 0.0110024 0.0012134 0.000239516
 0.94964 0.0103771 0.0394004 0.000514939 6.79319e-05
 0.58249 0.401703 0.00330292 0.0123217 0.000182109
 0.574562 0.27842 0.141557 0.00114198 0.00431879
 0.80573 0.12613 0.0448903 0.0223872 0.000862692
 0.775876 0.190031 0.0222764 0.00778718 0.00402933
 0.139921 0.708581 0.12882 0.014823 0.00785494
 0.81402 0.0330142 0.126407 0.0225864 0.00397245
 0.598038 0.343029 0.0106074 0.0399407 0.00838427
 0.361158 0.423203 0.184498 0.00560934 0.0255316
 0.831249 0.0722082 0.0643228 0.0275712 0.00464929
 0.74361 0.222405 0.0146859 0.0128623 0.00643712
 0.149119 0.672631 0.154959 0.0100695 0.0132214
 0.200002 0.14907 0.516319 0.117034 0.017575
pobs_RECLAS
 0 0 0 0 0
 0 0 0 0 0
 0 0 0 0 0
 0 0 0 0 0
 0 0 0 0 0
 0 0 0 0 0
 0 0 0 0 0
 0 0 0 0 0
 0 0 0 0 0
 0 0 0 0 0
 0.991045 0.00858322 0.000360255 1.14367e-05 0
 0.934742 0.0480273 0.0164251 0.00080598 0
 0.827803 0.169806 0.00239088 0 0
 0.941827 0.0461693 0.0120037 0 0
 0.791401 0.0380133 0.147996 0.0225897 0
 0.846168 0.0940531 0.0597789 0 0
 0.134021 0.677848 0.182769 0.00536245 0
 0.80878 0.0450904 0.141981 0.00414843 0
 0.846168 0.0940531 0.0597789 0 0
 0.905697 0.0802665 0.012482 0.00150086 5.37128e-05
 0.989698 0.0102097 9.19794e-05 0 0
 0.975433 0.0193895 0.00387452 0.00125025 5.28907e-05
 0.303575 0.632131 0.0575291 0.00676475 0
 0.966965 0.00978017 0.0227588 0.000495775 0
 0.843318 0.132988 0.00938335 0.0141283 0.000182051
 0.564624 0.303363 0.111486 0.0197234 0.00080311
 0.826376 0.0876187 0.0782897 0.00655872 0.00115652
 0.89761 0.0855135 0.0140674 0.00269457 0.000114338
 0.34875 0.467042 0.161289 0.0227151 0.000203297
 0.318654 0.224769 0.449479 0.00709798 0
ppred_RECLAS
 0.184771 0.207452 0.542255 0.0655213 7.47895e-07
 0.305209 0.131349 0.143571 0.37461 0.0452608
 0.913358 0.0276868 0.0111856 0.0121744 0.0355957
 0.425523 0.527883 0.0149375 0.00600725 0.0256486
 0.604984 0.181908 0.19598 0.00549321 0.0116352
 0.992929 0.00454947 0.00116802 0.0012449 0.000108738
 0.24135 0.753575 0.00326954 0.000836394 0.000969118
 0.32168 0.179753 0.495261 0.00213056 0.00117599
 0.833086 0.0559344 0.0294902 0.0809492 0.000540339
 0.978941 0.0182466 0.00095351 0.00049426 0.00136454
 0.910616 0.0878236 0.00135472 6.98843e-05 0.000136137
 0.880958 0.108772 0.0100908 0.000155258 2.36078e-05
 0.792676 0.184891 0.0205098 0.00188898 3.34704e-05
 0.806184 0.157062 0.032803 0.00361202 0.000338433
 0.865601 0.11204 0.018162 0.00374635 0.00045087
 0.984365 0.0138055 0.00152824 0.000245112 5.66126e-05
 0.199658 0.788642 0.010337 0.00113907 0.000224833
 0.961051 0.00812519 0.0303748 0.000396652 5.2325e-05
 0.644435 0.342316 0.00277036 0.0103262 0.00015261
 0.638318 0.237998 0.119094 0.000959948 0.0036302
 0.843656 0.102071 0.0357651 0.0178216 0.000686727
 0.818163 0.154551 0.017834 0.00622904 0.00322296
 0.174024 0.682346 0.122146 0.0140434 0.00744151
 0.851096 0.0267714 0.100942 0.0180216 0.00316947
 0.658002 0.292541 0.00890795 0.0335141 0.00703492
 0.423015 0.384223 0.164945 0.00501078 0.0228062
 0.865097 0.0582429 0.0510895 0.021881 0.0036896
 0.789049 0.183367 0.0119251 0.010436 0.00522259
 0.184569 0.646672 0.146724 0.00952672 0.0125082
 0.247239 0.142097 0.484466 0.109722 0.0164763
pobs_PELACES
 0 0 0 0 0
 0 0 0 0 0
 0 0 0 0 0
 0 0 0 0 0
 0 0 0 0 0
 0 0 0 0 0
 0 0 0 0 0
 0 0 0 0 0
 0 0 0 0 0
 0 0 0 0 0
 0 0 0 0 0
 0 0 0 0 0
 0 0 0 0 0
 0 0 0 0 0
 0 0 0 0 0
 0 0 0 0 0
 0.505614 0.472636 0.0217494 0 0
 0 0 0 0 0
 0.443492 0.261883 0.143347 0.151278 0
 0.227955 0.32914 0.350689 0.0885471 0.00366901
 0.970185 0.0296113 0.000203453 0 0
 0.997202 0.00247181 0.000326279 0 0
 0.445219 0.490057 0.0546422 0.010081 0
 0.90214 0.0892962 0.00764917 0.000914606 0
 0 0 0 0 0
 0.581667 0.319106 0.0959925 0.00289975 0.000334073
 0.762889 0.0836404 0.116647 0.0363945 0.000428098
 0.88444 0.0763242 0.0277011 0.0115352 0
 0.521256 0.241999 0.230069 0.00667565 0
 0.616807 0.101726 0.260614 0.0208532 0
ppred_PELACES
 0.187162 0.207003 0.540525 0.0653087 7.45466e-07
 0.314026 0.129974 0.14169 0.369649 0.0446611
 0.916582 0.0267076 0.0107608 0.0117104 0.0342388
 0.446814 0.508571 0.0143064 0.00575165 0.0245569
 0.630008 0.17103 0.182976 0.0051268 0.0108589
 0.993145 0.00441391 0.00113086 0.00120515 0.000105265
 0.256433 0.738621 0.00318701 0.000815041 0.000944362
 0.328045 0.178314 0.490367 0.0021093 0.00116425
 0.85471 0.0490501 0.0255842 0.070187 0.000468487
 0.981363 0.0161674 0.000837743 0.000434056 0.0011983
 0.91232 0.0861509 0.001327 6.8449e-05 0.00013334
 0.88777 0.102588 0.00947402 0.000145733 2.21591e-05
 0.803244 0.175552 0.0193872 0.00178516 3.16305e-05
 0.823663 0.143111 0.0296559 0.00326412 0.000305829
 0.876973 0.102677 0.0165305 0.00340855 0.000410209
 0.985007 0.0132425 0.00146169 0.000234402 5.41384e-05
 0.20524 0.783168 0.010241 0.00112835 0.000222716
 0.962077 0.00792252 0.0295638 0.000386025 5.09228e-05
 0.65283 0.334266 0.00269841 0.0100567 0.000148626
 0.647486 0.232178 0.115871 0.00093384 0.00353145
 0.847524 0.0996151 0.0348355 0.0173566 0.000668803
 0.823193 0.150329 0.0173067 0.00604413 0.00312726
 0.177611 0.679582 0.121447 0.0139618 0.00739826
 0.853747 0.0263244 0.099121 0.0176953 0.00311206
 0.662903 0.288413 0.00876926 0.0329897 0.00692482
 0.428395 0.380829 0.163248 0.00495881 0.0225696
 0.867725 0.0571577 0.0500626 0.0214395 0.00361514
 0.791513 0.18125 0.0117756 0.0103045 0.0051568
 0.186971 0.644911 0.146168 0.00949005 0.01246
 0.254038 0.141085 0.479887 0.108671 0.0163184
pobs_pel_tallas
 0 0 0 0 0 0 0 0 0 0 0 0 0 0 0 0 0 0 0 0 0 0 0 0 0 0
 0 0 0 0 0 0 0 0 0 0 0 0 0 0 0 0 0 0 0 0 0 0 0 0 0 0
 0 0 0 0 0 0 0 0 0 0 0 0 0 0 0 0 0 0 0 0 0 0 0 0 0 0
 0 0 0 0 0 0 0 0 0 0 0 0 0 0 0 0 0 0 0 0 0 0 0 0 0 0
 0 0 0 0 0 0 0 0 0 0 0 0 0 0 0 0 0 0 0 0 0 0 0 0 0 0
 0 0 0 0 0 0 0 0 0 0 0 0 0 0 0 0 0 0 0 0 0 0 0 0 0 0
 0 0 0 0 0 0 0 0 0 0 0 0 0 0 0 0 0 0 0 0 0 0 0 0 0 0
 0 0 0 0 0 0 0 0 0 0 0 0 0 0 0 0 0 0 0 0 0 0 0 0 0 0
 0 0 0 0 0 0 0 0 0 0 0 0 0 0 0 0 0 0 0 0 0 0 0 0 0 0
 0 0 0 0 0 0 0 0 0 0 0 0 0 0 0 0 0 0 0 0 0 0 0 0 0 0
 0 0 0 0 0 0 0 0 0 0 0 0 0 0 0 0 0 0 0 0 0 0 0 0 0 0
 0 0 0 0 0 0 0 0 0 0 0 0 0 0 0 0 0 0 0 0 0 0 0 0 0 0
 0.00862536 0 0 0.000197151 0.00414017 0.0128641 0.00837892 0.0270097 0.101434 0.158115 0.152841 0.127902 0.109271 0.109419 0.0830992 0.0579132 0.0238553 0.00714673 0.00463305 0.00128148 0.00103504 0.000492878 0.000147863 0.000147863 4.92878e-05 0
 0 0 0 0 0 0 0 0 0 0 0 0 0 0 0 0 0 0 0 0 0 0 0 0 0 0
 0 0 0 0 0 0 0 0.0054083 0.00873648 0.0413646 0.0450493 0.0745869 0.0622846 0.0627006 0.0613931 0.0827291 0.12552 0.122667 0.0946155 0.0697135 0.0546179 0.0294188 0.0215738 0.0213955 0.0102223 0.00600262
 0 0 0 0 0.00359764 0.0251062 0.0480494 0.140153 0.205849 0.193036 0.1447 0.116669 0.0760912 0.0342217 0.00950174 0.001854 0.000860785 0 0 0 0.000165536 0 0.000143464 0 0 0
 0 0 0 0 0 0 0 0.000145254 0.000435761 0.0275982 0.070085 0.0708112 0.156366 0.174668 0.174014 0.160142 0.0824315 0.0480064 0.0283245 0.00493863 0.00203355 0 0 0 0 0
 0 0 0 0 0 0 0 0 0 0 0 0 0 0 0 0 0 0 0 0 0 0 0 0 0 0
 0 0 1.00437e-05 0.000401748 0.00122533 0.00171747 0.00176769 0.0269171 0.070346 0.194647 0.189555 0.159765 0.064822 0.0314167 0.0384472 0.0292271 0.0345202 0.0313363 0.0194345 0.0106764 0.0143323 0.0359363 0.0279516 0.0138201 0.00172751 0
 0 0.0021121 0.0136068 0.0755702 0.200478 0.177729 0.0527432 0.0373336 0.0318909 0.0142505 0.0149659 0.0166563 0.0217959 0.0798694 0.0677717 0.0528807 0.04013 0.0224614 0.0357745 0.0225083 0.00881397 0.00855152 0.00135912 0.000746735 0 0
 0 0 0 0 5.4009e-05 0.00500934 0.000945158 0.0243581 0.138947 0.33067 0.221406 0.137944 0.0707744 0.0437923 0.0131692 0.00525238 0.0047753 0.00276346 9.45158e-05 9.00151e-06 2.25038e-05 9.00151e-06 4.50075e-06 0 0 0
 0.000866109 0.00284123 0.00948549 0.0512746 0.133035 0.25785 0.225252 0.132002 0.0553304 0.0519788 0.0540692 0.017754 0.00435017 0.00159236 0.00146478 0.000404838 0.000125132 0.000115318 0.000107957 0.000100596 0 0 0 0 0 0
 0 0 0 0 0.00144013 0.00171154 0.00461396 0.0210425 0.0478622 0.0707936 0.0888783 0.103762 0.0637923 0.0337046 0.0602308 0.124433 0.169614 0.0934646 0.0462172 0.0250306 0.0313229 0.00938855 0.002487 0.000210481 0 0
 0 0.00764035 0.051015 0.0998891 0.058973 0.0496711 0.0374665 0.0718981 0.12319 0.153886 0.159021 0.0857701 0.0377988 0.023471 0.0147837 0.00900784 0.00315554 0.000888139 0.00291439 0.00214683 0.00393193 0.00274676 0.000635225 9.99891e-05 0 0
 0 0 0 0 0 0 0 0 0 0 0 0 0 0 0 0 0 0 0 0 0 0 0 0 0 0
 0 0 0 0 0 0 0 0 0 0 0 0 0 0 0 0 0 0 0 0 0 0 0 0 0 0
 0 0 0 0 0 0 0 0 0 0 0 0 0 0 0 0 0 0 0 0 0 0 0 0 0 0
 0 0 0 0 0 0 0 0 0 0 0 0 0 0 0 0 0 0 0 0 0 0 0 0 0 0
 0 0 0 0 0 0 0 0 0 0 0 0 0 0 0 0 0 0 0 0 0 0 0 0 0 0
 0 0 0 0 0 0 0 0 0 0 0 0 0 0 0 0 0 0 0 0 0 0 0 0 0 0
ppred_pel_tallas
 1.22201e-16 1.54164e-05 0.000149853 0.000995824 0.00452688 0.0140849 0.0300102 0.0438051 0.0438258 0.030112 0.0144292 0.0055315 0.00355654 0.0058689 0.0112547 0.0195668 0.0304783 0.0431044 0.0563879 0.0695993 0.0822915 0.0936453 0.101923 0.104813 0.100618 0.0894055
 1.48751e-16 2.58659e-05 0.000251426 0.00167081 0.00759529 0.0236318 0.0503506 0.0734909 0.0735037 0.0504136 0.0238443 0.00821372 0.00324122 0.00374146 0.00684271 0.0117877 0.0182512 0.0257886 0.0341316 0.0436046 0.0550413 0.0690267 0.0849329 0.100514 0.112461 0.117643
 1.07287e-16 7.54977e-05 0.000733864 0.00487679 0.0221692 0.0689765 0.146962 0.214496 0.214498 0.146975 0.0690192 0.0222928 0.00518833 0.00141827 0.0013887 0.00221375 0.0032764 0.00433775 0.00523392 0.00595107 0.00666074 0.00761715 0.00897548 0.0106588 0.0123573 0.0136481
 1.05276e-16 3.68036e-05 0.000357744 0.00237734 0.0108071 0.0336251 0.0716436 0.104576 0.104625 0.0718826 0.0344274 0.0131234 0.00818753 0.0130275 0.0240584 0.0396101 0.0568139 0.0709457 0.0772331 0.0735164 0.0615921 0.0460911 0.0318088 0.0215211 0.0155273 0.0125848
 1.07676e-16 5.1893e-05 0.000504418 0.00335204 0.0152379 0.0474108 0.101014 0.147437 0.147454 0.101096 0.0476864 0.0160371 0.00536989 0.00494845 0.00860607 0.0144424 0.0214894 0.0284556 0.0340054 0.0374382 0.0389511 0.0392101 0.0386437 0.0371184 0.034225 0.0298146
 1.00173e-16 8.1804e-05 0.000795164 0.00528415 0.024021 0.0747381 0.159237 0.232412 0.232412 0.15924 0.0747451 0.0240412 0.00533503 0.000906463 0.000293823 0.000357999 0.000511942 0.000652763 0.000737562 0.000749615 0.000703768 0.000635026 0.00057542 0.000537118 0.000512057 0.000483666
 1.00523e-16 2.11222e-05 0.000205315 0.00136439 0.00620238 0.0192983 0.0411197 0.0600302 0.0601013 0.0414666 0.0204628 0.00956381 0.00979395 0.0185802 0.0348393 0.0573554 0.0821334 0.10226 0.110708 0.104244 0.0854206 0.0609869 0.0380446 0.0208765 0.0102447 0.00467606
 1.14606e-16 2.70207e-05 0.000262651 0.00174541 0.00793437 0.0246869 0.0525987 0.076773 0.0767909 0.0526865 0.0249838 0.00880105 0.00395507 0.00519916 0.00973163 0.0169006 0.0263238 0.0372026 0.0485629 0.0596663 0.0699835 0.0786827 0.0842422 0.0848205 0.0792922 0.0681467
 1.07869e-16 7.04014e-05 0.000684326 0.00454759 0.0206727 0.0643204 0.137042 0.200017 0.200022 0.137065 0.0643991 0.0209007 0.00512296 0.00195046 0.00250587 0.00411586 0.00613113 0.00817626 0.00994889 0.0113853 0.0127112 0.0142529 0.0161351 0.0181062 0.0196185 0.0200982
 1.00275e-16 8.08335e-05 0.000785731 0.00522146 0.023736 0.0738515 0.157348 0.229655 0.229657 0.157356 0.073877 0.0238097 0.00540634 0.00118903 0.000845896 0.00126824 0.00181399 0.00227077 0.00248378 0.00238562 0.00203395 0.00157485 0.00115757 0.000865452 0.000702404 0.000624058
 1.0009e-16 7.51466e-05 0.000730452 0.00485411 0.0220661 0.0686558 0.146279 0.2135 0.213508 0.146319 0.0687917 0.0224583 0.00583765 0.00287462 0.00413877 0.00670081 0.00959267 0.0119516 0.012955 0.0122256 0.0100587 0.00723698 0.00458241 0.00258902 0.00134326 0.000674967
 1.00319e-16 7.31245e-05 0.000710796 0.00472349 0.0214723 0.0668084 0.142343 0.207755 0.207765 0.142391 0.0669704 0.0219402 0.00589749 0.00327212 0.00493296 0.00802723 0.0115273 0.014433 0.0157772 0.0151113 0.0127681 0.00963946 0.00665213 0.00434825 0.00281038 0.00185062
 1.00789e-16 6.61622e-05 0.00064312 0.00427376 0.0194279 0.0604475 0.12879 0.187977 0.187994 0.128873 0.0607249 0.020229 0.00628403 0.00502982 0.0083921 0.0137552 0.0197751 0.0247952 0.0271717 0.0261402 0.0222657 0.0170583 0.0120789 0.0082284 0.0056281 0.00395082
 1.01272e-16 6.78441e-05 0.000659469 0.0043824 0.0199218 0.0619841 0.132064 0.192754 0.192768 0.132132 0.0622107 0.0205764 0.0060263 0.00425023 0.00689346 0.0113046 0.0163138 0.0205875 0.0228087 0.0223598 0.0196724 0.0159087 0.012245 0.00932382 0.00719224 0.00559226
 1.00915e-16 7.22352e-05 0.000702151 0.00466604 0.0212112 0.0659959 0.140612 0.205229 0.205239 0.14066 0.0661583 0.0216803 0.00584391 0.0032739 0.00495777 0.00808522 0.0116477 0.0146623 0.0161784 0.015755 0.0137152 0.010917 0.00823308 0.00614569 0.0046918 0.00366835
 1.00079e-16 8.11337e-05 0.000788649 0.00524085 0.0238241 0.0741257 0.157933 0.230508 0.230509 0.157939 0.0741467 0.0238846 0.0053925 0.00111959 0.000709294 0.00104323 0.0014926 0.0018718 0.00205249 0.00197709 0.00168852 0.0013008 0.00093142 0.000647627 0.000457491 0.000335139
 1.00647e-16 1.69055e-05 0.000164328 0.00109202 0.0049642 0.0154459 0.0329119 0.0480516 0.0481269 0.0332798 0.0166809 0.00852913 0.0100324 0.0196544 0.036953 0.0608564 0.0871766 0.1086 0.117684 0.111001 0.0912387 0.065518 0.0413229 0.0231551 0.0118079 0.0057363
 1.00903e-16 7.9245e-05 0.00077029 0.00511884 0.0232695 0.0724001 0.154256 0.225142 0.225142 0.15426 0.0724136 0.0233089 0.00521982 0.000997641 0.000531256 0.000805382 0.00127422 0.00185435 0.00250973 0.00320849 0.00390931 0.00453614 0.00496928 0.00507985 0.00479518 0.00414865
 1.01198e-16 5.37728e-05 0.000522691 0.00347347 0.0157899 0.0491284 0.104674 0.152782 0.152814 0.104831 0.0496555 0.0173115 0.00728963 0.00884232 0.0158218 0.0259869 0.0372326 0.0464099 0.0503551 0.047625 0.0393866 0.0286885 0.0187114 0.0113336 0.00682551 0.00445361
 1.04095e-16 5.33326e-05 0.000518412 0.00344503 0.0156606 0.0487261 0.103817 0.151529 0.151551 0.103927 0.0490959 0.0167303 0.00613593 0.00641238 0.0113045 0.0187529 0.0273526 0.0351049 0.0399732 0.0409584 0.0386018 0.0344533 0.0299851 0.0258583 0.021984 0.0180692
 1.02885e-16 6.98095e-05 0.000678573 0.00450935 0.0204989 0.0637797 0.13589 0.198337 0.198347 0.135937 0.063938 0.0209566 0.00566011 0.00319685 0.00487075 0.00799022 0.011618 0.0148538 0.0168292 0.0171483 0.0161039 0.0144356 0.0128298 0.0115663 0.0105238 0.00943252
 1.01674e-16 6.78053e-05 0.000659092 0.0043799 0.0199104 0.0619487 0.131989 0.192644 0.192659 0.13206 0.0621863 0.0205966 0.00610218 0.00441806 0.00720449 0.0117974 0.016975 0.0213204 0.0234398 0.0226955 0.0195845 0.0154026 0.0114701 0.0085198 0.00659969 0.00537012
 1.06331e-16 1.46297e-05 0.000142206 0.000945012 0.00429593 0.0133666 0.0284813 0.0415831 0.0416486 0.0288016 0.014442 0.00740249 0.00874458 0.0171742 0.0323774 0.0535438 0.0772224 0.0972949 0.107505 0.104931 0.0916779 0.0733743 0.0557374 0.0419219 0.0321752 0.0251968
 1.05169e-16 7.0322e-05 0.000683555 0.00454247 0.0206494 0.0642479 0.136887 0.199791 0.199794 0.1369 0.0642928 0.0207809 0.00487997 0.00144505 0.0015891 0.00270549 0.00433379 0.00637739 0.00876503 0.0114329 0.0142759 0.0170432 0.0192894 0.0204814 0.0202327 0.0185086
 1.04808e-16 5.46025e-05 0.000530756 0.00352706 0.0160335 0.0498864 0.106289 0.155138 0.155166 0.106425 0.0503416 0.0173479 0.00682467 0.00772378 0.0136994 0.0225214 0.0323498 0.0405117 0.0443431 0.0426661 0.0365294 0.0285448 0.0213521 0.0163792 0.0136153 0.0121994
 1.09126e-16 3.52864e-05 0.000342997 0.00227933 0.0103615 0.0322388 0.0686896 0.100262 0.100299 0.0688698 0.0328446 0.0121134 0.00668476 0.00998701 0.0184299 0.0306177 0.0445798 0.0570535 0.0646966 0.0659139 0.0617037 0.054774 0.0477072 0.0416739 0.0364645 0.0313773
 1.04222e-16 7.14734e-05 0.000694747 0.00461684 0.0209875 0.0652998 0.139128 0.203063 0.203069 0.139156 0.0653917 0.0212539 0.00528908 0.00217421 0.00291658 0.00480179 0.00713044 0.00943365 0.0112822 0.0124828 0.0131595 0.013592 0.0139464 0.0141342 0.013899 0.0130261
 1.02293e-16 6.51959e-05 0.000633728 0.00421135 0.0191442 0.0595647 0.12691 0.185232 0.185249 0.126995 0.0598509 0.0199706 0.00628499 0.00515766 0.00864878 0.0141741 0.020365 0.0255154 0.0279403 0.0268798 0.0229628 0.0178004 0.0130363 0.00958662 0.00750126 0.00632015
 1.07444e-16 1.54007e-05 0.0001497 0.000994813 0.00452232 0.0140709 0.0299819 0.0437725 0.0438348 0.0302861 0.0150925 0.00747385 0.00840743 0.0163442 0.0308087 0.051004 0.0736912 0.0931195 0.103399 0.101764 0.090147 0.0737432 0.0577837 0.0450854 0.035795 0.0287126
 1.27545e-16 2.09248e-05 0.000203397 0.00135164 0.00614438 0.0191175 0.0407325 0.0594532 0.0594675 0.0408029 0.0193563 0.00684369 0.00314349 0.00423608 0.00803558 0.0141832 0.0226114 0.0330121 0.0449744 0.0581823 0.0722148 0.0859869 0.0974141 0.103865 0.103301 0.0953459
pSPR Fmed_Fpbrs
0.400969   0.219259 0.219259
Fs Fmed_Fpbrs
0.548278   1.005 1.005
SSBpbr Bo_Bmed_Bpbrs
1.68483e+06  591324  285173 285173
Ro
78367.9
SPR SPRFo_SPRFmed_SPRFpbrs
557854 223682 122314
Fref
1.005
log_Ro
11.0892
likeval ReclasPelacesDesembMPH_pf_preclas_ppelaces_ptallas_desvR_qrecl_qpela
 11.4237 53.7273 0.0952288 0.00168178 258.691 105.445 84.8721 0 67.2741 1.4367e-05 0 0.119151 0 0 0
q_reclas_q_pelaces
1.71106 1
M
1
N
 32617 37464.3 98079.7 11852.1 0.135287
 22356.6 10206.9 11201.9 29234.7 3532.21
 167938 5404.98 2192.61 2386.96 6979.11
 28560.6 40367.6 1152.53 463.721 1979.96
 11847.1 4158.8 4528.25 126.997 268.999
 302313 1450.6 373.604 398.259 34.787
 22707.2 80116.2 350.521 89.7083 103.946
 6016.3 3505.62 9686.52 41.6768 23.0042
 19300.7 1643.8 880.884 2420.09 16.1549
 58315.9 1310.54 69.3672 35.9817 99.3408
 57036.6 5679.55 87.8018 4.52985 8.82435
 122478 16719 1561.71 24.0375 3.6551
 85789.3 22083.9 2466.33 227.235 4.0264
 67597.6 15663.7 3310.49 364.758 34.1776
 48128.3 7252.06 1187.88 245.165 29.5063
 402174 6013.57 668.618 107.264 24.7746
 22548.5 93851.3 1234.56 136.066 26.8574
 650027 5719.28 21439.1 280.006 36.9377
 320726 180118 1463.26 5455.26 80.6237
 200847 79446.7 39916.1 321.812 1217
 384039 48545.5 17061.2 8502.89 327.648
 520402 103473 11982 4185.83 2165.81
 32690.3 133019 23871.9 2744.99 1454.56
 285062 9241.83 34918.6 6234.88 1096.54
 184158 84602.4 2581.95 9715.17 2039.32
 57198.3 53674.4 23093.7 701.632 3193.45
 239863 16692.2 14675.3 6285.99 1059.96
 293524 69751.6 4543.18 3976.17 1989.85
 25683.2 92146.5 20941.2 1359.82 1785.39
 13186.3 7982.67 27313.1 6187.04 929.079
pred_Ctot
 3120.48 4509.55 11968.3 1447.32 0.0165211
 5012.15 2803.33 3113.38 8130.43 982.371
 38082.9 1500.7 616.035 671.06 1962.15
 11737.4 19457.1 560.555 225.648 963.474
 5446.06 2214.44 2431.1 68.2107 144.485
 54878 325.545 84.8985 90.5612 7.91057
 8924.1 37094 163.811 41.9446 48.603
 1002.46 724.405 2027.21 8.72808 4.81779
 11301.7 1077.04 580.698 1595.89 10.6533
 30036 770.394 41.0763 21.3151 58.8493
 7462.85 928.406 14.5432 0.750833 1.46271
 41789.7 6805.4 642.162 9.88931 1.50379
 28888.6 8880.97 1002 92.3684 1.63673
 33312.5 8863.21 1887.68 208.073 19.4968
 21865.8 3821.73 631.229 130.336 15.6866
 96442.3 1760.63 198.05 31.792 7.34321
 4561.47 23368.8 311.176 34.3181 6.77414
 103765 1133.88 4305.19 56.2662 7.42276
 68381.3 47157.9 387.746 1446.5 21.3786
 45049.7 21830.1 11099.1 89.5395 338.624
 66627.3 10429.9 3712.07 1851.24 71.3377
 103401 25325.4 2968.77 1037.8 536.989
 4887.78 24752.5 4500.02 517.804 274.393
 35437.5 1437.24 5502.98 983.274 172.936
 24645.1 14136.2 437.131 1645.95 345.515
 7616.63 8925.13 3890.97 118.298 538.448
 32383.4 2813.06 2505.86 1074.11 181.125
 27563.4 8243.9 544.362 476.769 238.605
 2553.28 11517.1 2653.28 172.415 226.383
 2650.21 1975.32 6841.7 1550.81 232.885
F
 0.16177 0.207308 0.210426 0.210592 0.210601
 0.419799 0.537971 0.546061 0.546493 0.546516
 0.425567 0.545363 0.553564 0.554002 0.554025
 0.926801 1.18769 1.20555 1.20651 1.20656
 1.10011 1.40979 1.43099 1.43212 1.43218
 0.327985 0.420311 0.426632 0.42697 0.426988
 0.868315 1.11274 1.12948 1.13037 1.13042
 0.297463 0.381198 0.386931 0.387237 0.387254
 1.6897 2.16535 2.19791 2.19966 2.19975
 1.329 1.70311 1.72872 1.73009 1.73017
 0.227147 0.291088 0.295466 0.2957 0.295712
 0.713082 0.913813 0.927555 0.92829 0.928329
 0.70055 0.897753 0.911254 0.911976 0.912014
 1.23229 1.57917 1.60292 1.60419 1.60426
 1.07985 1.38383 1.40464 1.40575 1.40581
 0.455173 0.583303 0.592075 0.592544 0.592569
 0.371826 0.476494 0.48366 0.484043 0.484063
 0.2834 0.363176 0.368637 0.368929 0.368945
 0.395501 0.506833 0.514455 0.514863 0.514884
 0.420039 0.538279 0.546374 0.546807 0.546829
 0.311432 0.3991 0.405102 0.405422 0.405439
 0.364111 0.466607 0.473624 0.474 0.474019
 0.26334 0.337469 0.342544 0.342815 0.34283
 0.214744 0.275194 0.279332 0.279553 0.279565
 0.232856 0.298405 0.302892 0.303132 0.303145
 0.231583 0.296772 0.301235 0.301474 0.301487
 0.235127 0.301314 0.305845 0.306088 0.3061
 0.15858 0.20322 0.206276 0.206439 0.206448
 0.168564 0.216014 0.219263 0.219436 0.219446
 0.369005 0.472879 0.479991 0.480371 0.480391
nmprior
 8 8 7 0
nm_flota  nm_reclas  nm_pelaces    nm_pelaL
inf 11.5936 6.26267 9.03881
cv_recla  cv_pelaces  cv_mph
0.312918 0.862506 1.26558
 ------------------------------------------------
Talla a la edad & desviación 
 8 13.2811 15.8009 17.003 17.5766
 0.8 1.32811 1.58009 1.7003 1.75766
