years
 1991 1992 1993 1994 1995 1996 1997 1998 1999 2000 2001 2002 2003 2004 2005 2006 2007 2008 2009 2010 2011 2012 2013 2014 2015 2016 2017 2018 2019 2020
reclasobs
 0 0 0 0 0 0 0 0 0 252601 567819 844713 477998 351125 339783 2.1784e+06 2.13404e+06 4.81314e+06 1.55562e+06 2.62356e+06 3.21686e+06 3.843e+06 1.13348e+06 3.07943e+06 1.97215e+06 2.03268e+06 2.025e+06 2.42433e+06 2.27542e+06 1.05018e+06
reclaspred
 2.80419e+06 1.50653e+06 742822 512448 379599 1.2078e+06 568426 407073 305044 232654 413658 606872 590874 414515 381411 1.52659e+06 1.28086e+06 3.36002e+06 2.75038e+06 1.99198e+06 3.58706e+06 2.90062e+06 2.06033e+06 3.29218e+06 2.3544e+06 1.95875e+06 2.56631e+06 2.95213e+06 2.26263e+06 1.16857e+06
pelacesobs
 0 0 0 0 0 0 0 0 0 0 0 0 0 0 0 552880 188675 0 991730 2.46772e+06 1.41603e+06 1.21717e+06 2.29649e+06 1.80582e+06 0 1.4828e+06 1.56532e+06 1.57751e+06 1.42118e+06 867257
pelacespred
 938879 541699 257029 136653 114544 400333 143950 152170 94355.6 67886.6 141346 173353 188047 131601 125035 449151 379582 1.18327e+06 972233 646746 1.17113e+06 992929 711907 1.26783e+06 861826 717791 1.0823e+06 1.22118e+06 772754 455984
mphobs
 0 0 0 0 0 0 0 0 0 0 0 498337 0 5186 125008 0 168611 109162 213762 579715 649985 157893 87575 83554 0 0 0 0 0 0
mphpred
 1.85274e+06 1.17363e+06 552626 287563 180361 173136 468494 190906 149771 91526.4 69160.7 208021 235066 184681 102188 126526 747761 591927 1.43507e+06 1.04605e+06 1.09411e+06 1.39966e+06 1.31384e+06 960578 1.40624e+06 1.09649e+06 845630 1.01826e+06 1.55486e+06 939620
desembarqueobs
 494567 514787 250237 358949 120608 361735 552515 73892 212993 205616 52469 317467 293654 387597 252695 516296 358380 742168 942051 627588 828172 859565 418607 520667 417249 300574 407403 355545 319650 289779
desembarquepred
 494546 514571 249984 358961 120603 361650 552221 73890.7 212962 205581 52468.8 317430 293598 387390 252601 516126 358364 741936 941479 627218 828084 859311 418542 520628 417182 300522 407339 355481 319596 289741
Reclutas
 138856 95503.5 85493.6 71043.2 54388.4 231337 57715.4 19837.1 30322.6 48650.7 81719.7 124324 99583.9 69194.3 59650 428411 54979.7 647462 357098 273490 411297 532972 78069 311038 236885 99087 272999 313418 57155.5 38027.9
log_desv_Rt
 0.14457 -0.229702 -0.340423 -0.525577 -0.792714 0.655013 -0.73334 -1.80131 -1.37697 -0.904199 -0.385569 0.0340294 -0.187865 -0.551946 -0.700371 1.27122 -0.7819 1.6842 1.08914 0.822399 1.23045 1.4896 -0.431272 0.951051 0.678708 -0.192866 0.820605 0.958674 -0.74309 -1.15055
SSB
 1.85274e+06 1.17363e+06 552626 287563 180361 173136 468494 190906 149771 91526.4 69160.7 208021 235066 184681 102188 126526 747761 591927 1.43507e+06 1.04605e+06 1.09411e+06 1.39966e+06 1.31384e+06 960578 1.40624e+06 1.09649e+06 845630 1.01826e+06 1.55486e+06 939620
BT
 2.5903e+06 1.75529e+06 833040 612182 363534 1.23825e+06 813103 417962 424822 350535 370060 661782 698229 703790 541298 1.44849e+06 1.15602e+06 3.39193e+06 3.14149e+06 2.05848e+06 3.37294e+06 3.09381e+06 2.00752e+06 3.41321e+06 2.38049e+06 1.92575e+06 2.91698e+06 3.17551e+06 2.04959e+06 1.34723e+06
Ftot
 0.235093 0.445955 0.44766 0.946046 0.460039 0.515677 1.20031 0.261262 1.01903 1.29571 0.222843 0.795015 0.741401 1.34899 1.06208 0.60705 0.377378 0.37634 0.497951 0.461103 0.353888 0.445126 0.272968 0.254381 0.25374 0.215464 0.255351 0.196432 0.18433 0.323379
BD_Bspro_t
 0.963301 0.752989 0.533596 0.409615 0.291065 0.339944 0.480002 0.239639 0.255409 0.206482 0.206365 0.516463 0.412334 0.315745 0.198863 0.240185 0.528531 0.458849 0.60896 0.50208 0.468227 0.526666 0.541755 0.506062 0.629591 0.627643 0.622973 0.689621 0.757041 0.655842
BD_Bspro
 2.16598 1.37205 0.646058 0.336182 0.210854 0.202409 0.547702 0.223183 0.175093 0.107001 0.0808537 0.243191 0.274808 0.215905 0.119465 0.147918 0.874184 0.692004 1.6777 1.2229 1.27909 1.6363 1.53597 1.12298 1.64399 1.28187 0.9886 1.19042 1.81774 1.09848
BD_Bo
 1.1507 0.728917 0.343225 0.1786 0.112018 0.107532 0.290972 0.118568 0.0930197 0.0568452 0.0429543 0.129198 0.145995 0.114701 0.0634669 0.0785828 0.464419 0.367634 0.891295 0.649679 0.679531 0.869298 0.815998 0.596596 0.873388 0.681006 0.525204 0.632423 0.965691 0.583579
BD_Brms
 5.74735 3.64069 1.71429 0.892045 0.559494 0.537084 1.45331 0.592207 0.464602 0.283922 0.214542 0.645298 0.729194 0.572895 0.316996 0.392494 2.31962 1.83621 4.45171 3.24493 3.39403 4.34185 4.07563 2.97979 4.36227 3.40139 2.62321 3.15874 4.8233 2.91478
Sel_flota
 0.641549 0.971433 0.998455 0.999919 0.999996
 0.641549 0.971433 0.998455 0.999919 0.999996
 0.641549 0.971433 0.998455 0.999919 0.999996
 0.641549 0.971433 0.998455 0.999919 0.999996
 0.641549 0.971433 0.998455 0.999919 0.999996
 0.641549 0.971433 0.998455 0.999919 0.999996
 0.641549 0.971433 0.998455 0.999919 0.999996
 0.641549 0.971433 0.998455 0.999919 0.999996
 0.641549 0.971433 0.998455 0.999919 0.999996
 0.641549 0.971433 0.998455 0.999919 0.999996
 0.641549 0.971433 0.998455 0.999919 0.999996
 0.641549 0.971433 0.998455 0.999919 0.999996
 0.641549 0.971433 0.998455 0.999919 0.999996
 0.641549 0.971433 0.998455 0.999919 0.999996
 0.641549 0.971433 0.998455 0.999919 0.999996
 0.641549 0.971433 0.998455 0.999919 0.999996
 0.641549 0.971433 0.998455 0.999919 0.999996
 0.641549 0.971433 0.998455 0.999919 0.999996
 0.641549 0.971433 0.998455 0.999919 0.999996
 0.641549 0.971433 0.998455 0.999919 0.999996
 0.641549 0.971433 0.998455 0.999919 0.999996
 0.641549 0.971433 0.998455 0.999919 0.999996
 0.641549 0.971433 0.998455 0.999919 0.999996
 0.641549 0.971433 0.998455 0.999919 0.999996
 0.641549 0.971433 0.998455 0.999919 0.999996
 0.641549 0.971433 0.998455 0.999919 0.999996
 0.641549 0.971433 0.998455 0.999919 0.999996
 0.641549 0.971433 0.998455 0.999919 0.999996
 0.641549 0.971433 0.998455 0.999919 0.999996
 0.641549 0.971433 0.998455 0.999919 0.999996
Sel_reclas
 1 1 1 1 1
 1 1 1 1 1
 1 1 1 1 1
 1 1 1 1 1
 1 1 1 1 1
 1 1 1 1 1
 1 1 1 1 1
 1 1 1 1 1
 1 1 1 1 1
 1 1 1 1 1
 1 1 1 1 1
 1 1 1 1 1
 1 1 1 1 1
 1 1 1 1 1
 1 1 1 1 1
 1 1 1 1 1
 1 1 1 1 1
 1 1 1 1 1
 1 1 1 1 1
 1 1 1 1 1
 1 1 1 1 1
 1 1 1 1 1
 1 1 1 1 1
 1 1 1 1 1
 1 1 1 1 1
 1 1 1 1 1
 1 1 1 1 1
 1 1 1 1 1
 1 1 1 1 1
 1 1 1 1 1
Sel_pelaces
 1 1 1 1 1
 1 1 1 1 1
 1 1 1 1 1
 1 1 1 1 1
 1 1 1 1 1
 1 1 1 1 1
 1 1 1 1 1
 1 1 1 1 1
 1 1 1 1 1
 1 1 1 1 1
 1 1 1 1 1
 1 1 1 1 1
 1 1 1 1 1
 1 1 1 1 1
 1 1 1 1 1
 1 1 1 1 1
 1 1 1 1 1
 1 1 1 1 1
 1 1 1 1 1
 1 1 1 1 1
 1 1 1 1 1
 1 1 1 1 1
 1 1 1 1 1
 1 1 1 1 1
 1 1 1 1 1
 1 1 1 1 1
 1 1 1 1 1
 1 1 1 1 1
 1 1 1 1 1
 1 1 1 1 1
pf_obs 
 0.8446 0.082 0.0669 0.0065 0
 0.8095 0.147 0.0364 0.0071 0
 0.9664 0.0169 0.016 0.0007 0
 0.9276 0.0648 0.0075 0.0001 0
 0.7033 0.2144 0.0806 0.0017 0
 0.9318 0.0425 0.0243 0.0014 0
 0.5671 0.3108 0.0964 0.0239 0.0018
 0.0768 0.2599 0.5324 0.112 0.0189
 0.490249 0.384438 0.106611 0.0170017 0.00170017
 0.7925 0.1577 0.0466 0.003 0.0002
 0.840416 0.127587 0.0312969 0.00059994 9.999e-05
 0.8084 0.0986 0.0794 0.0134 0.0002
 0.7335 0.1905 0.0724 0.0035 0.0001
 0.4001 0.4547 0.1325 0.0127 0
 0.49795 0.308269 0.164784 0.0264974 0.00249975
 0.9179 0.0499 0.0305 0.0017 0
 0.2467 0.6533 0.0926 0.0074 0
 0.9418 0.0223 0.034 0.0019 0
 0.707729 0.231977 0.0356964 0.0245975 0
 0.517169 0.277429 0.184464 0.0207286 0.00020938
 0.811772 0.124168 0.05621 0.00726502 0.000585176
 0.764997 0.148141 0.077277 0.00933861 0.000247198
 0.163321 0.427699 0.378323 0.0303852 0.000271297
 0.753843 0.0900009 0.118128 0.0371064 0.000921714
 0.721811 0.176058 0.0630433 0.0369309 0.00215725
 0.143369 0.312575 0.442814 0.0836902 0.0175525
 0.692698 0.0596174 0.167031 0.0765114 0.00414204
 0.394062 0.376323 0.152708 0.0712218 0.00568511
 0.125707 0.32114 0.495352 0.0537591 0.00404204
 0.23352 0.215282 0.420074 0.123614 0.00750983
pf_pred 
 0.426551 0.186007 0.354047 0.033394 9.08922e-07
 0.451144 0.296706 0.083465 0.154167 0.0145182
 0.565723 0.249641 0.101408 0.0275828 0.0556448
 0.60292 0.271025 0.0735296 0.0288731 0.0236522
 0.663049 0.247863 0.0616469 0.0160228 0.0114187
 0.893177 0.0815471 0.018761 0.00451047 0.00200406
 0.400164 0.559681 0.0309102 0.0068653 0.00237932
 0.436557 0.316435 0.231204 0.0121728 0.00363115
 0.66855 0.182795 0.0846122 0.0599512 0.00409113
 0.835349 0.130408 0.0192713 0.00853061 0.00644121
 0.866425 0.121471 0.00968652 0.00136199 0.00105523
 0.759502 0.218809 0.0197771 0.00153049 0.000381298
 0.689678 0.262941 0.0432621 0.0037564 0.000362329
 0.649736 0.27857 0.0611092 0.0096662 0.00091831
 0.766616 0.184192 0.0395304 0.00823862 0.00142303
 0.959453 0.0348878 0.00450904 0.000924913 0.000225505
 0.258406 0.723429 0.0157092 0.00195758 0.000498463
 0.909978 0.0321737 0.0564753 0.00118724 0.000185293
 0.558759 0.415992 0.0092132 0.0156556 0.000379818
 0.575429 0.286603 0.130335 0.00278852 0.00484438
 0.72388 0.19046 0.0584584 0.0256993 0.00150222
 0.714076 0.230997 0.0382678 0.0113752 0.00528393
 0.225448 0.621537 0.124421 0.0199322 0.00866126
 0.734229 0.0833072 0.147303 0.0285998 0.00656165
 0.575432 0.345677 0.0252506 0.0433172 0.010323
 0.381799 0.419821 0.16245 0.0115131 0.0244176
 0.742189 0.126335 0.0901374 0.0338612 0.00747714
 0.671331 0.269342 0.029528 0.0204401 0.00935882
 0.224159 0.588913 0.154009 0.0163974 0.0165215
 0.301952 0.21528 0.369028 0.093736 0.0200037
pobs_RECLAS
 0 0 0 0 0
 0 0 0 0 0
 0 0 0 0 0
 0 0 0 0 0
 0 0 0 0 0
 0 0 0 0 0
 0 0 0 0 0
 0 0 0 0 0
 0 0 0 0 0
 0 0 0 0 0
 0.991045 0.00858322 0.000360255 1.14367e-05 0
 0.934742 0.0480273 0.0164251 0.00080598 0
 0.827803 0.169806 0.00239088 0 0
 0.941827 0.0461693 0.0120037 0 0
 0.791401 0.0380133 0.147996 0.0225897 0
 0.846168 0.0940531 0.0597789 0 0
 0.134021 0.677848 0.182769 0.00536245 0
 0.80878 0.0450904 0.141981 0.00414843 0
 0.846168 0.0940531 0.0597789 0 0
 0.905697 0.0802665 0.012482 0.00150086 5.37128e-05
 0.989698 0.0102097 9.19794e-05 0 0
 0.975433 0.0193895 0.00387452 0.00125025 5.28907e-05
 0.303575 0.632131 0.0575291 0.00676475 0
 0.966965 0.00978017 0.0227588 0.000495775 0
 0.843318 0.132988 0.00938335 0.0141283 0.000182051
 0.564624 0.303363 0.111486 0.0197234 0.00080311
 0.826376 0.0876187 0.0782897 0.00655872 0.00115652
 0.89761 0.0855135 0.0140674 0.00269457 0.000114338
 0.34875 0.467042 0.161289 0.0227151 0.000203297
 0.318654 0.224769 0.449479 0.00709798 0
ppred_RECLAS
 0.536293 0.153291 0.283697 0.0267185 7.27169e-07
 0.561838 0.240112 0.0656251 0.121028 0.0113966
 0.669964 0.192098 0.0758146 0.0205897 0.0415337
 0.708109 0.201243 0.0529143 0.0207432 0.0169909
 0.753301 0.182872 0.0441876 0.0114672 0.00817148
 0.928564 0.0549112 0.0122705 0.00294544 0.00130859
 0.518334 0.45041 0.0240699 0.00533663 0.00184935
 0.545008 0.258687 0.183763 0.00966049 0.0028815
 0.764833 0.131581 0.0590028 0.0417349 0.00284778
 0.89227 0.085929 0.0122791 0.0054257 0.00409639
 0.908395 0.0835154 0.00647569 0.000909162 0.000704336
 0.832285 0.153006 0.0134145 0.00103641 0.000258184
 0.777183 0.189661 0.0302773 0.0026247 0.000253147
 0.752494 0.198209 0.0420296 0.00663612 0.000630385
 0.840537 0.126702 0.0263354 0.00547921 0.000946323
 0.97358 0.0228257 0.00286423 0.000586597 0.000143007
 0.348526 0.635958 0.0134209 0.00166987 0.000425169
 0.940457 0.0216735 0.0369727 0.000776068 0.000121111
 0.661793 0.319395 0.00687128 0.011658 0.000282809
 0.678113 0.219323 0.096898 0.00206993 0.00359572
 0.802144 0.137695 0.0410766 0.0180305 0.00105386
 0.794432 0.167004 0.0268802 0.00797792 0.00370555
 0.308998 0.557586 0.108516 0.0173581 0.00754209
 0.811338 0.060297 0.103659 0.0200958 0.00461021
 0.675353 0.265742 0.0188731 0.0323281 0.00770356
 0.487192 0.351394 0.132216 0.0093564 0.0198419
 0.816831 0.0910685 0.0631727 0.0236959 0.00523206
 0.757742 0.199548 0.0212735 0.0147041 0.00673198
 0.306977 0.529595 0.134684 0.0143185 0.0144257
 0.403133 0.187753 0.31284 0.0793434 0.0169309
pobs_PELACES
 0 0 0 0 0
 0 0 0 0 0
 0 0 0 0 0
 0 0 0 0 0
 0 0 0 0 0
 0 0 0 0 0
 0 0 0 0 0
 0 0 0 0 0
 0 0 0 0 0
 0 0 0 0 0
 0 0 0 0 0
 0 0 0 0 0
 0 0 0 0 0
 0 0 0 0 0
 0 0 0 0 0
 0 0 0 0 0
 0.505614 0.472636 0.0217494 0 0
 0 0 0 0 0
 0.443492 0.261883 0.143347 0.151278 0
 0.227955 0.32914 0.350689 0.0885471 0.00366901
 0.970185 0.0296113 0.000203453 0 0
 0.997202 0.00247181 0.000326279 0 0
 0.445219 0.490057 0.0546422 0.010081 0
 0.90214 0.0892962 0.00764917 0.000914606 0
 0 0 0 0 0
 0.581667 0.319106 0.0959925 0.00289975 0.000334073
 0.762889 0.0836404 0.116647 0.0363945 0.000428098
 0.88444 0.0763242 0.0277011 0.0115352 0
 0.521256 0.241999 0.230069 0.00667565 0
 0.616807 0.101726 0.260614 0.0208532 0
ppred_PELACES
 0.543001 0.151286 0.279401 0.0263109 7.16072e-07
 0.574206 0.233769 0.0636379 0.117338 0.011049
 0.68102 0.18598 0.0731077 0.0198503 0.0400417
 0.729458 0.187023 0.0487621 0.0191068 0.0156501
 0.762685 0.176106 0.0423785 0.0109952 0.0078351
 0.932268 0.0521206 0.0115934 0.00278223 0.00123606
 0.551006 0.420152 0.0222139 0.00492226 0.00170571
 0.5523 0.254798 0.180579 0.0094919 0.0028312
 0.784888 0.120853 0.0537019 0.0379666 0.00259059
 0.905302 0.0757143 0.0106952 0.00472285 0.00356563
 0.910409 0.0816944 0.00632192 0.000887477 0.000687533
 0.844103 0.142313 0.0123888 0.000956805 0.000238348
 0.79101 0.178068 0.0282392 0.00244714 0.000236018
 0.779236 0.17722 0.0371295 0.00585861 0.000556508
 0.855673 0.1149 0.0236573 0.00491949 0.00084963
 0.975246 0.0214026 0.00267116 0.000546895 0.000133326
 0.357929 0.626829 0.0131838 0.00164008 0.000417578
 0.942825 0.0208559 0.0354588 0.000744155 0.00011613
 0.673873 0.308065 0.00659817 0.0111919 0.000271499
 0.689252 0.212012 0.0932835 0.00199227 0.00346078
 0.808338 0.133515 0.0397039 0.017425 0.00101846
 0.802353 0.160691 0.0257616 0.00764427 0.00355054
 0.315481 0.552616 0.107288 0.0171593 0.00745567
 0.815775 0.0589708 0.101149 0.0196069 0.00449802
 0.681472 0.260845 0.0184834 0.0316566 0.00754351
 0.493206 0.347485 0.130494 0.0092336 0.0195814
 0.821124 0.0890374 0.0616233 0.0231119 0.00510307
 0.761704 0.196347 0.0208956 0.0144416 0.00661175
 0.311346 0.526462 0.133667 0.0142091 0.0143155
 0.412116 0.185297 0.30786 0.0780681 0.0166586
pobs_pel_tallas
 0 0 0 0 0 0 0 0 0 0 0 0 0 0 0 0 0 0 0 0 0 0 0 0 0 0
 0 0 0 0 0 0 0 0 0 0 0 0 0 0 0 0 0 0 0 0 0 0 0 0 0 0
 0 0 0 0 0 0 0 0 0 0 0 0 0 0 0 0 0 0 0 0 0 0 0 0 0 0
 0 0 0 0 0 0 0 0 0 0 0 0 0 0 0 0 0 0 0 0 0 0 0 0 0 0
 0 0 0 0 0 0 0 0 0 0 0 0 0 0 0 0 0 0 0 0 0 0 0 0 0 0
 0 0 0 0 0 0 0 0 0 0 0 0 0 0 0 0 0 0 0 0 0 0 0 0 0 0
 0 0 0 0 0 0 0 0 0 0 0 0 0 0 0 0 0 0 0 0 0 0 0 0 0 0
 0 0 0 0 0 0 0 0 0 0 0 0 0 0 0 0 0 0 0 0 0 0 0 0 0 0
 0 0 0 0 0 0 0 0 0 0 0 0 0 0 0 0 0 0 0 0 0 0 0 0 0 0
 0 0 0 0 0 0 0 0 0 0 0 0 0 0 0 0 0 0 0 0 0 0 0 0 0 0
 0 0 0 0 0 0 0 0 0 0 0 0 0 0 0 0 0 0 0 0 0 0 0 0 0 0
 0 0 0 0 0 0 0 0 0 0 0 0 0 0 0 0 0 0 0 0 0 0 0 0 0 0
 0.00862536 0 0 0.000197151 0.00414017 0.0128641 0.00837892 0.0270097 0.101434 0.158115 0.152841 0.127902 0.109271 0.109419 0.0830992 0.0579132 0.0238553 0.00714673 0.00463305 0.00128148 0.00103504 0.000492878 0.000147863 0.000147863 4.92878e-05 0
 0 0 0 0 0 0 0 0 0 0 0 0 0 0 0 0 0 0 0 0 0 0 0 0 0 0
 0 0 0 0 0 0 0 0.0054083 0.00873648 0.0413646 0.0450493 0.0745869 0.0622846 0.0627006 0.0613931 0.0827291 0.12552 0.122667 0.0946155 0.0697135 0.0546179 0.0294188 0.0215738 0.0213955 0.0102223 0.00600262
 0 0 0 0 0.00359764 0.0251062 0.0480494 0.140153 0.205849 0.193036 0.1447 0.116669 0.0760912 0.0342217 0.00950174 0.001854 0.000860785 0 0 0 0.000165536 0 0.000143464 0 0 0
 0 0 0 0 0 0 0 0.000145254 0.000435761 0.0275982 0.070085 0.0708112 0.156366 0.174668 0.174014 0.160142 0.0824315 0.0480064 0.0283245 0.00493863 0.00203355 0 0 0 0 0
 0 0 0 0 0 0 0 0 0 0 0 0 0 0 0 0 0 0 0 0 0 0 0 0 0 0
 0 0 1.00437e-05 0.000401748 0.00122533 0.00171747 0.00176769 0.0269171 0.070346 0.194647 0.189555 0.159765 0.064822 0.0314167 0.0384472 0.0292271 0.0345202 0.0313363 0.0194345 0.0106764 0.0143323 0.0359363 0.0279516 0.0138201 0.00172751 0
 0 0.0021121 0.0136068 0.0755702 0.200478 0.177729 0.0527432 0.0373336 0.0318909 0.0142505 0.0149659 0.0166563 0.0217959 0.0798694 0.0677717 0.0528807 0.04013 0.0224614 0.0357745 0.0225083 0.00881397 0.00855152 0.00135912 0.000746735 0 0
 0 0 0 0 5.4009e-05 0.00500934 0.000945158 0.0243581 0.138947 0.33067 0.221406 0.137944 0.0707744 0.0437923 0.0131692 0.00525238 0.0047753 0.00276346 9.45158e-05 9.00151e-06 2.25038e-05 9.00151e-06 4.50075e-06 0 0 0
 0.000866109 0.00284123 0.00948549 0.0512746 0.133035 0.25785 0.225252 0.132002 0.0553304 0.0519788 0.0540692 0.017754 0.00435017 0.00159236 0.00146478 0.000404838 0.000125132 0.000115318 0.000107957 0.000100596 0 0 0 0 0 0
 0 0 0 0 0.00144013 0.00171154 0.00461396 0.0210425 0.0478622 0.0707936 0.0888783 0.103762 0.0637923 0.0337046 0.0602308 0.124433 0.169614 0.0934646 0.0462172 0.0250306 0.0313229 0.00938855 0.002487 0.000210481 0 0
 0 0.00764035 0.051015 0.0998891 0.058973 0.0496711 0.0374665 0.0718981 0.12319 0.153886 0.159021 0.0857701 0.0377988 0.023471 0.0147837 0.00900784 0.00315554 0.000888139 0.00291439 0.00214683 0.00393193 0.00274676 0.000635225 9.99891e-05 0 0
 0 0 0 0 0 0 0 0 0 0 0 0 0 0 0 0 0 0 0 0 0 0 0 0 0 0
 0 0 0 0 0 0 0 0 0 0 0 0 0 0 0 0 0 0 0 0 0 0 0 0 0 0
 0 0 0 0 0 0 0 0 0 0 0 0 0 0 0 0 0 0 0 0 0 0 0 0 0 0
 0 0 0 0 0 0 0 0 0 0 0 0 0 0 0 0 0 0 0 0 0 0 0 0 0 0
 0 0 0 0 0 0 0 0 0 0 0 0 0 0 0 0 0 0 0 0 0 0 0 0 0 0
 0 0 0 0 0 0 0 0 0 0 0 0 0 0 0 0 0 0 0 0 0 0 0 0 0 0
ppred_pel_tallas
 1.10741e-16 4.47263e-05 0.000434756 0.00288911 0.0131335 0.0408632 0.0870638 0.127075 0.12709 0.0871372 0.0411108 0.0138541 0.00471739 0.00449032 0.00793545 0.0135389 0.02064 0.0283282 0.0356193 0.0419262 0.0471588 0.0512987 0.0538939 0.0540488 0.0509897 0.0447176
 1.15534e-16 4.72967e-05 0.00045974 0.00305514 0.0138882 0.0432115 0.0920676 0.13438 0.134403 0.0921782 0.0435831 0.0149626 0.00575682 0.00637431 0.0113314 0.0187992 0.0274249 0.035267 0.0404271 0.0421584 0.04134 0.039821 0.039136 0.0395957 0.0403243 0.0400078
 1.10925e-16 5.60948e-05 0.000545261 0.00362345 0.0164717 0.0512497 0.109194 0.159375 0.159393 0.109282 0.0515456 0.0173274 0.00577571 0.0052581 0.00904973 0.0149873 0.02186 0.0280852 0.0320998 0.0332271 0.0320708 0.0300414 0.0283979 0.0275651 0.0271392 0.0263806
 1.0602e-16 6.00846e-05 0.000584043 0.00388117 0.0176433 0.0548948 0.11696 0.17071 0.170728 0.117048 0.0551915 0.0185006 0.00603526 0.00529361 0.00902584 0.0148837 0.0215723 0.0274251 0.0307909 0.0309294 0.0284436 0.0248307 0.0215235 0.0191745 0.0176083 0.0162611
 1.03697e-16 6.28214e-05 0.000610646 0.00405796 0.0184469 0.0573953 0.122287 0.178485 0.178502 0.12237 0.0576744 0.0192535 0.00608403 0.00503854 0.00848694 0.0139701 0.0202105 0.025611 0.0285867 0.0284098 0.0256274 0.0216543 0.017881 0.0150025 0.0129602 0.0113298
 1.00837e-16 7.67897e-05 0.000746423 0.00496024 0.0225485 0.0701569 0.149477 0.218167 0.218172 0.149502 0.0702395 0.0227871 0.00555944 0.00205562 0.00256658 0.00413043 0.00596343 0.00754294 0.00839225 0.00829224 0.00740364 0.00614789 0.00494406 0.00400929 0.00333932 0.00281991
 1.01531e-16 4.53857e-05 0.000441165 0.0029317 0.0133271 0.0414658 0.0883488 0.128956 0.128997 0.0885463 0.0421289 0.0152416 0.00773446 0.0109157 0.0199093 0.0327656 0.0470158 0.0587445 0.0639925 0.0609345 0.050984 0.0378805 0.0255175 0.0161837 0.0102178 0.00677463
 1.06708e-16 4.54923e-05 0.000442201 0.00293858 0.0133584 0.041563 0.0885554 0.129254 0.129279 0.0886766 0.0419706 0.0145385 0.00591141 0.00696716 0.0125405 0.0209275 0.0307624 0.0399689 0.0464051 0.0489941 0.0482157 0.0455005 0.0420903 0.0383546 0.0339984 0.0287413
 1.05827e-16 6.46502e-05 0.000628423 0.00417609 0.0189839 0.0590661 0.125847 0.18368 0.183691 0.125904 0.0592586 0.019541 0.00557793 0.00370038 0.0059338 0.00980049 0.0143339 0.0185025 0.0213054 0.0223028 0.0218555 0.0208073 0.0198724 0.0192246 0.0185477 0.0173942
 1.01406e-16 7.45685e-05 0.000724833 0.00481677 0.0218963 0.0681277 0.145153 0.211857 0.211865 0.145189 0.0682474 0.0222423 0.00568518 0.00262089 0.00367656 0.005963 0.00859034 0.0108205 0.0119585 0.0116912 0.0102719 0.0083472 0.00656453 0.00526606 0.00444524 0.00390452
 1.00409e-16 7.49892e-05 0.000728921 0.00484394 0.0220199 0.068512 0.145972 0.213052 0.21306 0.146011 0.068641 0.0223923 0.00577851 0.00276768 0.00394275 0.00638838 0.00916929 0.0114752 0.0125357 0.0119965 0.0101284 0.0076492 0.00530285 0.00352195 0.0023653 0.00166951
 1.00531e-16 6.95276e-05 0.000675833 0.00449115 0.0204161 0.0635222 0.135341 0.197537 0.197551 0.135408 0.063747 0.0210651 0.00611958 0.00422847 0.00680996 0.0111305 0.0159852 0.0200121 0.021872 0.0209446 0.0176953 0.0133655 0.00924379 0.00608188 0.00398925 0.00269652
 1.01146e-16 6.51545e-05 0.000633325 0.00420867 0.019132 0.0595268 0.126829 0.185114 0.185131 0.126913 0.0598085 0.0199455 0.00625087 0.00509186 0.00853374 0.0140072 0.0201757 0.0253774 0.0279589 0.0271474 0.0234973 0.0184977 0.0136737 0.00988469 0.00722514 0.00537188
 1.01799e-16 6.41846e-05 0.000623898 0.00414602 0.0188472 0.0586408 0.124941 0.182359 0.182376 0.125025 0.0589214 0.019658 0.00618205 0.00507144 0.00851922 0.014004 0.0202167 0.0255249 0.0283034 0.0277917 0.0245267 0.019946 0.0154989 0.0119682 0.00939617 0.00744918
 1.0135e-16 7.04807e-05 0.000685097 0.00455271 0.020696 0.0643929 0.137196 0.200244 0.200256 0.137251 0.0645749 0.0212216 0.00587276 0.00356864 0.00555234 0.00908187 0.0131091 0.0165538 0.0183628 0.0180464 0.0159567 0.0130289 0.0102025 0.00797976 0.00637761 0.00516634
 1.00161e-16 8.03297e-05 0.000780834 0.00518891 0.023588 0.0733912 0.156368 0.228224 0.228226 0.156378 0.073425 0.0236858 0.00543414 0.00131607 0.00109653 0.00168482 0.00241722 0.00303517 0.00333515 0.00322479 0.00277307 0.00216284 0.00158151 0.0011349 0.000833663 0.000634895
 1.00776e-16 2.94823e-05 0.000286578 0.00190442 0.00865724 0.0269362 0.0573927 0.0837789 0.0838392 0.0576872 0.0279248 0.0115111 0.00906194 0.0158913 0.0296062 0.048742 0.0698446 0.0870573 0.0944324 0.089228 0.0735856 0.0531802 0.0339668 0.0195147 0.0104384 0.00550269
 1.01123e-16 7.76593e-05 0.000754876 0.00501641 0.0228039 0.0709514 0.151169 0.220637 0.220639 0.15118 0.0709854 0.0229028 0.0052671 0.00131004 0.00115511 0.00184666 0.00279152 0.00379784 0.00471592 0.00545858 0.00601613 0.00640144 0.00657974 0.00646098 0.00596754 0.00511438
 1.01438e-16 5.55061e-05 0.000539539 0.00358543 0.0162989 0.050712 0.108048 0.157706 0.157735 0.108193 0.0511979 0.0177017 0.00710412 0.00821181 0.0146001 0.02398 0.0343784 0.0428981 0.0466331 0.0442579 0.0368419 0.0271743 0.0181546 0.0114788 0.00736978 0.00514353
 1.03532e-16 5.67728e-05 0.000551852 0.00366725 0.0166708 0.0518692 0.110514 0.161302 0.161323 0.110614 0.0522064 0.0176462 0.00612009 0.00592147 0.0102985 0.0170494 0.0248173 0.03175 0.0359714 0.0365712 0.0340755 0.0299631 0.0256581 0.0218304 0.0184217 0.0151316
 1.031e-16 6.65817e-05 0.000647198 0.00430086 0.0195511 0.0608308 0.129607 0.189168 0.189181 0.12967 0.0610427 0.0201636 0.0058402 0.00401368 0.00647822 0.0106521 0.0154513 0.0196701 0.0221256 0.0222745 0.0205166 0.0178778 0.0153394 0.0133491 0.0118058 0.0103775
 1.02153e-16 6.60888e-05 0.000642406 0.00426902 0.0194063 0.0603804 0.128647 0.187768 0.187783 0.128723 0.0606346 0.0201407 0.00611272 0.00466824 0.00771495 0.012658 0.0182475 0.022989 0.0254063 0.0248211 0.0217501 0.0175424 0.0135583 0.0105314 0.00848384 0.00705469
 1.0622e-16 2.59859e-05 0.000252592 0.00167857 0.00763055 0.0237418 0.0505863 0.0738433 0.0738966 0.0508468 0.0246166 0.0101579 0.00802461 0.0141131 0.0263704 0.0436081 0.0629407 0.0794062 0.0879423 0.0861884 0.0758508 0.0614655 0.0476106 0.0367653 0.0290551 0.023382
 1.05662e-16 6.71943e-05 0.000653153 0.00434043 0.019731 0.0613904 0.130799 0.190906 0.190912 0.130828 0.0614868 0.0200113 0.00505144 0.0022295 0.00313206 0.0052576 0.00800235 0.0109747 0.0138015 0.0162833 0.0184296 0.0202813 0.0216893 0.0222845 0.0216861 0.019772
 1.05052e-16 5.6132e-05 0.000545623 0.00362586 0.0164826 0.0512837 0.109266 0.159483 0.159508 0.109389 0.0516958 0.0176727 0.00661225 0.00706259 0.0124267 0.0204402 0.0294102 0.0369368 0.0406311 0.0394355 0.0342797 0.0274753 0.0213354 0.0170757 0.0146366 0.0132336
 1.08095e-16 4.06248e-05 0.000394888 0.00262417 0.0119291 0.0371161 0.079081 0.115428 0.115462 0.0792453 0.0376682 0.0135256 0.00663767 0.00917683 0.016779 0.0278309 0.0404517 0.0516292 0.0582936 0.0589955 0.0546943 0.0479524 0.0412359 0.0356978 0.0311668 0.0269437
 1.04983e-16 6.76349e-05 0.000657436 0.00436889 0.0198604 0.061793 0.131657 0.192159 0.192167 0.131699 0.0619355 0.0202732 0.00540926 0.00294235 0.00444781 0.00735332 0.0108392 0.0141663 0.0166246 0.0178888 0.0181728 0.0179927 0.0177415 0.0174352 0.0167988 0.0155493
 1.03221e-16 6.27406e-05 0.000609861 0.00405274 0.0184232 0.0573214 0.12213 0.178256 0.178275 0.122223 0.0576318 0.0193195 0.00630237 0.00552004 0.00938598 0.015413 0.0221882 0.0278901 0.0307135 0.029845 0.025955 0.0207494 0.0159473 0.0124718 0.0103245 0.00898811
 1.0784e-16 2.56453e-05 0.000249281 0.00165657 0.00753054 0.0234306 0.0499232 0.072875 0.0729258 0.0501716 0.024265 0.00994183 0.00771366 0.0134866 0.0252083 0.041745 0.060391 0.0764799 0.0852434 0.0844467 0.075656 0.0630474 0.0507799 0.0410209 0.0337768 0.0280093
 1.1958e-16 3.39455e-05 0.000329962 0.00219272 0.00996778 0.0310136 0.0660784 0.0964471 0.0964655 0.0661681 0.0313163 0.0108481 0.00442496 0.00527805 0.00965225 0.0164829 0.0250999 0.0344209 0.0433044 0.0511638 0.0580861 0.0642553 0.0692269 0.0718004 0.0706655 0.0652772
pSPR Fmed_Fpbrs
0.495035   0.250214 0.250214
Fs Fmed_Fpbrs
0.445422   1.005 1.005
SSBpbr Bo_Bmed_Bpbrs
1.6101e+06  716549  322364 322364
Ro
120165
SPR SPRFo_SPRFmed_SPRFpbrs
855381 423443 214028
Fref
1.005
log_Ro
11.5166
likeval ReclasPelacesDesembMPH_pf_preclas_ppelaces_ptallas_desvR_qrecl_qpela
 10.0598 30.0684 0.0163946 0.00204745 230.122 103.41 78.8405 0 34.3274 3.5547e-06 0 0.0265476 0 0 0
q_reclas_q_pelaces
1.30626 1
M
1
N
 138856 41258.9 76601.3 7215.52 0.196379
 95503.5 43930.6 12079.3 22284.3 2098.42
 85493.6 26392 10479.2 2846.88 5742.84
 71043.2 23600 6285.14 2465.58 2019.64
 54388.4 14244.3 3463.31 899.069 640.687
 231337 14894.8 3351.66 804.847 357.581
 57715.4 61132.6 3320.34 736.811 255.346
 19837.1 9830.27 7007.8 368.473 109.908
 30322.6 6171.49 2805.74 1986.08 135.526
 48650.7 5801.61 843.685 373.146 281.739
 81719.7 7794.38 606.19 85.1206 65.9443
 124324 26058.2 2309.26 178.519 44.4728
 99583.9 27463.4 4428.35 384.097 37.0464
 69194.3 22768 4916.67 777.067 73.8198
 59650 10713.2 2258.95 470.351 81.2383
 428411 11101.9 1404.57 287.785 70.1613
 54979.7 106765 2264.62 281.85 71.7633
 647462 15876.8 27222.2 571.56 89.1974
 357098 187096 4052.24 6877.64 166.846
 273490 95444.9 42431.6 906.728 1575.12
 411297 74846.8 22434.9 9850.31 575.749
 532972 120576 19524.4 5796.64 2692.44
 78069 147363 28785.4 4605.39 2001.06
 311038 24106.2 41584.5 8063.3 1849.83
 236885 97194.9 6926.51 11866.7 2827.79
 99087 74053.4 27944.7 1977.85 4194.41
 272999 31746 22097.8 8290.38 1830.53
 313418 85255.2 9113.08 6299.82 2884.26
 57155.5 101648 25915.2 2755.45 2776.11
 38027.9 18681.2 31263.6 7931.03 1692.4
pred_Ctot
 12440.6 5425.03 10326 973.958 0.0265093
 15374.3 10111.3 2844.37 5253.78 494.759
 13809.6 6093.86 2475.41 673.31 1358.31
 21452.8 9643.47 2616.29 1027.35 841.579
 8999.85 3364.35 836.761 217.484 154.991
 42311.3 3863.02 888.74 213.668 94.9355
 20832.3 29136.7 1609.17 357.404 123.866
 1961.71 1421.93 1038.94 54.6996 16.3169
 9693.52 2650.4 1226.82 869.251 59.3186
 18545.9 2895.24 427.849 189.391 143.004
 6962.28 976.1 77.8374 10.9445 8.47944
 32716.4 9425.47 851.922 65.9276 16.4248
 24760.1 9439.84 1553.15 134.858 13.0079
 27131.4 11632.4 2551.77 403.637 38.3464
 19674.1 4727.01 1014.49 211.432 36.5201
 90154.7 3278.22 423.691 86.9093 21.1895
 7621.78 21337.8 463.349 57.7397 14.7024
 89534.1 3165.62 5556.68 116.815 18.2312
 63349.8 47163.5 1044.55 1774.97 43.0622
 45347.8 22586.3 10271.3 219.754 381.771
 53791.7 14153.1 4344.06 1909.72 111.63
 85657.3 27709.4 4590.42 1364.52 633.836
 8041.79 22170.3 4438.14 710.987 308.949
 30002.4 3404.14 6019.15 1168.66 268.126
 22795.9 13694.1 1000.31 1716.02 408.948
 8178.12 8992.55 3479.66 246.611 523.023
 26427 4498.4 3209.51 1205.69 266.238
 23700.7 9508.83 1042.46 721.618 330.404
 4068.7 10689.3 2795.42 297.629 299.881
 4580.52 3265.73 5598.05 1421.95 303.449
F
 0.150824 0.228378 0.23473 0.235074 0.235092
 0.286102 0.433216 0.445266 0.445919 0.445954
 0.287196 0.434872 0.446968 0.447624 0.447658
 0.606935 0.91902 0.944584 0.945969 0.946042
 0.295138 0.446897 0.459328 0.460002 0.460037
 0.330832 0.500946 0.51488 0.515635 0.515675
 0.770059 1.16602 1.19846 1.20021 1.20031
 0.167612 0.253798 0.260858 0.261241 0.261261
 0.653756 0.989917 1.01745 1.01894 1.01902
 0.831263 1.2587 1.29371 1.29561 1.29571
 0.142965 0.216477 0.222499 0.222825 0.222842
 0.510042 0.772305 0.793787 0.794951 0.795012
 0.475645 0.720222 0.740255 0.741341 0.741398
 0.865445 1.31046 1.34691 1.34888 1.34899
 0.681377 1.03174 1.06044 1.06199 1.06208
 0.389452 0.589708 0.606112 0.607 0.607047
 0.242106 0.366597 0.376794 0.377347 0.377376
 0.241441 0.365589 0.375759 0.37631 0.376339
 0.31946 0.483726 0.497181 0.49791 0.497948
 0.29582 0.447931 0.46039 0.461065 0.461101
 0.227036 0.343778 0.353341 0.353859 0.353886
 0.28557 0.432411 0.444438 0.44509 0.445124
 0.175122 0.26517 0.272546 0.272946 0.272967
 0.163198 0.247114 0.253988 0.25436 0.25438
 0.162786 0.246491 0.253348 0.253719 0.253739
 0.138231 0.209309 0.215131 0.215446 0.215463
 0.16382 0.248057 0.254957 0.25533 0.25535
 0.126021 0.190821 0.196129 0.196416 0.196431
 0.118257 0.179065 0.184046 0.184315 0.18433
 0.207463 0.314141 0.322879 0.323352 0.323377
nmprior
 8 8 7 0
nm_flota  nm_reclas  nm_pelaces    nm_pelaL
inf 15.164 11.043 17.8527
cv_recla  cv_pelaces  cv_mph
0.293645 0.645237 1.39641
 ------------------------------------------------
Talla a la edad & desviación 
 8 13.2811 15.8009 17.003 17.5766
 0.8 1.32811 1.58009 1.7003 1.75766
