    unsorted:	 2.441435331e-06 2.121837184e-06 6.496677230e-05 4.549501361e-05 9.100612386e-05 0.001099992057 5.452654213 13.32782487 55.69228043 67.78177984 155.4063136 221.1343061 233.6881194 289.9947115 484.3802834 568.6294606 714.5873899 794.4769593 901.2145771 850.4625139 961.4983111 1024.179528 1057.852120 1302.457164 1312.135153 1564.120115 1667.031870 1794.416869 1906.850790 2192.985806 2057.073775 2317.936639 2465.152568 2428.264608 2548.692686 2651.360378 2939.342207 2955.526671 2968.463999 3407.280375 3555.644323 3977.391731 8507.332687 40302.79984 391775.7000 396673.6882 385871.7267 370016.8090 362801.8874 413014.8035 436664.2581 452499.4651 446368.4528 331535.6815 163563.0029 270103.8525 514687.6838 594225.4873 619168.4070 666969.8580 673772.9104 706459.0494 948357.7427 1049225.312 1101589.931 1229767.825 1467408.355 1654450.246 1766176.905 2374562.101 2417497.788 2530317.082 2717043.376 2938240.353 3281431.012
      sorted:	 2.121837184e-06 2.441435331e-06 4.549501361e-05 6.496677230e-05 9.100612386e-05 0.001099992057 5.452654213 13.32782487 55.69228043 67.78177984 155.4063136 221.1343061 233.6881194 289.9947115 484.3802834 568.6294606 714.5873899 794.4769593 850.4625139 901.2145771 961.4983111 1024.179528 1057.852120 1302.457164 1312.135153 1564.120115 1667.031870 1794.416869 1906.850790 2057.073775 2192.985806 2317.936639 2428.264608 2465.152568 2548.692686 2651.360378 2939.342207 2955.526671 2968.463999 3407.280375 3555.644323 3977.391731 8507.332687 40302.79984 163563.0029 270103.8525 331535.6815 362801.8874 370016.8090 385871.7267 391775.7000 396673.6882 413014.8035 436664.2581 446368.4528 452499.4651 514687.6838 594225.4873 619168.4070 666969.8580 673772.9104 706459.0494 948357.7427 1049225.312 1101589.931 1229767.825 1467408.355 1654450.246 1766176.905 2374562.101 2417497.788 2530317.082 2717043.376 2938240.353 3281431.012
