years
 1991 1992 1993 1994 1995 1996 1997 1998 1999 2000 2001 2002 2003 2004 2005 2006 2007 2008 2009 2010 2011 2012 2013 2014 2015 2016 2017 2018 2019 2020
reclasobs
 0 0 0 0 0 0 0 0 0 252601 567819 844713 477998 351125 339783 2.1784e+06 2.13404e+06 4.81314e+06 1.55562e+06 2.62356e+06 3.21686e+06 3.843e+06 1.13348e+06 3.07943e+06 1.97215e+06 2.03268e+06 2.025e+06 2.42433e+06 2.27542e+06 1.05018e+06
reclaspred
 3.17522e+06 1.68493e+06 849713 816620 795523 1.81769e+06 912710 729931 499750 301025 497911 729070 716210 502456 456803 1.44489e+06 1.07534e+06 3.42094e+06 2.52098e+06 1.91033e+06 3.18045e+06 2.64247e+06 1.85126e+06 3.03825e+06 2.21709e+06 1.89467e+06 2.38e+06 2.7325e+06 2.03199e+06 1.06102e+06
pelacesobs
 0 0 0 0 0 0 0 0 0 0 0 0 0 0 0 552880 188675 0 991730 2.46772e+06 1.41603e+06 1.21717e+06 2.29649e+06 1.80582e+06 0 1.4828e+06 1.56532e+06 1.57751e+06 1.42118e+06 867257
pelacespred
 1.758e+06 992669 472403 369179 414278 1.00061e+06 414655 473522 275254 144203 281602 338174 372228 254013 237861 659578 506721 1.9285e+06 1.40438e+06 946072 1.66502e+06 1.39294e+06 1.0356e+06 1.8947e+06 1.30558e+06 1.13529e+06 1.62584e+06 1.84181e+06 1.15948e+06 654471
mphobs
 0 0 0 0 0 0 0 0 0 0 0 498337 0 5186 125008 0 168611 109162 213762 579715 649985 157893 87575 83554 0 0 0 0 0 0
mphpred
 503133 331176 151876 84617.7 81728.4 101870 182416 83063.5 71821 39141.2 21422.2 61629.6 67591.9 53173.2 28550.5 34760.5 157845 113902 346711 214016 242080 286477 280263 205058 312246 255384 199172 226781 350852 204103
desembarqueobs
 494567 514787 250237 358949 120608 361735 552515 73892 212993 205616 52469 317467 293654 387597 252695 516296 358380 742168 942051 627588 828172 859565 418607 520667 417249 300574 407403 355545 319650 289779
desembarquepred
 494555 514275 250349 358963 120609 361698 552393 73895.5 213026 205641 52470.3 317469 293620 387425 252618 516137 358379 741923 941540 627209 828177 859334 418547 520643 417174 300537 407349 355468 319580 289745
Reclutas
 147876 88444.2 86775.2 105634 84232 209301 68470.5 25676.2 28756.9 39424.7 69823.8 115268 95541.8 67788.9 55349 309215 47555.8 521394 262825 249399 290876 432084 71904.4 224143 195285 78582.9 188698 219481 54002.9 38021.9
log_desv_Rt
 0.298479 -0.215523 -0.234574 -0.037912 -0.264319 0.645877 -0.471492 -1.45233 -1.33902 -1.0235 -0.45192 0.0493652 -0.13833 -0.481497 -0.684236 1.03614 -0.835991 1.55861 0.873595 0.821159 0.975003 1.37073 -0.422558 0.71439 0.576568 -0.33374 0.542251 0.69337 -0.708858 -1.05973
SSB
 1.36741e+06 900068 412768 229973 222121 276862 495768 225749 195194 106377 58221 167496 183700 144514 77594.2 94471.8 428991 309561 942287 581650 657922 778583 761695 557305 848620 694081 541308 616344 953541 554709
BT
 2.03877e+06 1.41259e+06 668710 639013 484853 1.27046e+06 868567 512684 469858 331852 315574 584989 619943 644126 481619 1.05494e+06 751525 2.53297e+06 2.21779e+06 1.43613e+06 2.26935e+06 2.1008e+06 1.32464e+06 2.31019e+06 1.60564e+06 1.32825e+06 1.97766e+06 2.11932e+06 1.33411e+06 892976
Ftot
 0.302874 0.569939 0.565935 0.908643 0.324051 0.464375 1.09414 0.210783 0.868746 1.35279 0.261959 0.939849 0.876438 1.57194 1.25102 0.883936 0.64349 0.533376 0.761324 0.704943 0.567133 0.705067 0.441232 0.395819 0.391196 0.32102 0.389951 0.303342 0.295832 0.516669
BD_Bspro_t
 0.95297 0.699082 0.454395 0.35018 0.320728 0.422804 0.486021 0.269663 0.307916 0.230799 0.181677 0.470896 0.358807 0.267003 0.158705 0.189852 0.393079 0.311234 0.502677 0.360526 0.343795 0.380253 0.400866 0.363302 0.497997 0.507582 0.50407 0.569146 0.653596 0.527288
BD_Bspro
 1.75084 1.15245 0.528512 0.29446 0.284405 0.354496 0.634785 0.289051 0.249928 0.136206 0.0745467 0.214463 0.235211 0.185036 0.0993522 0.120962 0.549283 0.396364 1.20651 0.744749 0.842408 0.996904 0.97528 0.713578 1.08658 0.888707 0.693095 0.789171 1.22092 0.710254
BD_Bo
 1.05005 0.691174 0.31697 0.1766 0.170569 0.212606 0.380707 0.173356 0.149892 0.0816887 0.0447087 0.128623 0.141066 0.110974 0.0595856 0.0725462 0.329428 0.237716 0.723595 0.446657 0.505227 0.597885 0.584916 0.427962 0.651667 0.532994 0.415678 0.473299 0.732237 0.425969
BD_Brms
 5.32407 3.50445 1.60713 0.895411 0.864837 1.07797 1.93029 0.878964 0.759998 0.414185 0.226686 0.652154 0.715246 0.56267 0.302116 0.36783 1.67029 1.20529 3.66884 2.26468 2.56165 3.03145 2.96569 2.16989 3.30414 2.70244 2.10761 2.39976 3.71265 2.15978
Sel_flota
 0.652989 0.972792 0.99853 0.999923 0.999996
 0.652989 0.972792 0.99853 0.999923 0.999996
 0.652989 0.972792 0.99853 0.999923 0.999996
 0.652989 0.972792 0.99853 0.999923 0.999996
 0.652989 0.972792 0.99853 0.999923 0.999996
 0.652989 0.972792 0.99853 0.999923 0.999996
 0.652989 0.972792 0.99853 0.999923 0.999996
 0.652989 0.972792 0.99853 0.999923 0.999996
 0.652989 0.972792 0.99853 0.999923 0.999996
 0.652989 0.972792 0.99853 0.999923 0.999996
 0.652989 0.972792 0.99853 0.999923 0.999996
 0.652989 0.972792 0.99853 0.999923 0.999996
 0.652989 0.972792 0.99853 0.999923 0.999996
 0.652989 0.972792 0.99853 0.999923 0.999996
 0.652989 0.972792 0.99853 0.999923 0.999996
 0.652989 0.972792 0.99853 0.999923 0.999996
 0.652989 0.972792 0.99853 0.999923 0.999996
 0.652989 0.972792 0.99853 0.999923 0.999996
 0.652989 0.972792 0.99853 0.999923 0.999996
 0.652989 0.972792 0.99853 0.999923 0.999996
 0.652989 0.972792 0.99853 0.999923 0.999996
 0.652989 0.972792 0.99853 0.999923 0.999996
 0.652989 0.972792 0.99853 0.999923 0.999996
 0.652989 0.972792 0.99853 0.999923 0.999996
 0.652989 0.972792 0.99853 0.999923 0.999996
 0.652989 0.972792 0.99853 0.999923 0.999996
 0.652989 0.972792 0.99853 0.999923 0.999996
 0.652989 0.972792 0.99853 0.999923 0.999996
 0.652989 0.972792 0.99853 0.999923 0.999996
 0.652989 0.972792 0.99853 0.999923 0.999996
Sel_reclas
 0.999994 1 1 1 1
 0.999994 1 1 1 1
 0.999994 1 1 1 1
 0.999994 1 1 1 1
 0.999994 1 1 1 1
 0.999994 1 1 1 1
 0.999994 1 1 1 1
 0.999994 1 1 1 1
 0.999994 1 1 1 1
 0.999994 1 1 1 1
 0.999994 1 1 1 1
 0.999994 1 1 1 1
 0.999994 1 1 1 1
 0.999994 1 1 1 1
 0.999994 1 1 1 1
 0.999994 1 1 1 1
 0.999994 1 1 1 1
 0.999994 1 1 1 1
 0.999994 1 1 1 1
 0.999994 1 1 1 1
 0.999994 1 1 1 1
 0.999994 1 1 1 1
 0.999994 1 1 1 1
 0.999994 1 1 1 1
 0.999994 1 1 1 1
 0.999994 1 1 1 1
 0.999994 1 1 1 1
 0.999994 1 1 1 1
 0.999994 1 1 1 1
 0.999994 1 1 1 1
Sel_pelaces
 0.931475 1 1 1 1
 0.931475 1 1 1 1
 0.931475 1 1 1 1
 0.931475 1 1 1 1
 0.931475 1 1 1 1
 0.931475 1 1 1 1
 0.931475 1 1 1 1
 0.931475 1 1 1 1
 0.931475 1 1 1 1
 0.931475 1 1 1 1
 0.931475 1 1 1 1
 0.931475 1 1 1 1
 0.931475 1 1 1 1
 0.931475 1 1 1 1
 0.931475 1 1 1 1
 0.931475 1 1 1 1
 0.931475 1 1 1 1
 0.931475 1 1 1 1
 0.931475 1 1 1 1
 0.931475 1 1 1 1
 0.931475 1 1 1 1
 0.931475 1 1 1 1
 0.931475 1 1 1 1
 0.931475 1 1 1 1
 0.931475 1 1 1 1
 0.931475 1 1 1 1
 0.931475 1 1 1 1
 0.931475 1 1 1 1
 0.931475 1 1 1 1
 0.931475 1 1 1 1
pf_obs 
 0.8446 0.082 0.0669 0.0065 0
 0.8095 0.147 0.0364 0.0071 0
 0.9664 0.0169 0.016 0.0007 0
 0.9276 0.0648 0.0075 0.0001 0
 0.7033 0.2144 0.0806 0.0017 0
 0.9318 0.0425 0.0243 0.0014 0
 0.5671 0.3108 0.0964 0.0239 0.0018
 0.0768 0.2599 0.5324 0.112 0.0189
 0.490249 0.384438 0.106611 0.0170017 0.00170017
 0.7925 0.1577 0.0466 0.003 0.0002
 0.840416 0.127587 0.0312969 0.00059994 9.999e-05
 0.8084 0.0986 0.0794 0.0134 0.0002
 0.7335 0.1905 0.0724 0.0035 0.0001
 0.4001 0.4547 0.1325 0.0127 0
 0.49795 0.308269 0.164784 0.0264974 0.00249975
 0.9179 0.0499 0.0305 0.0017 0
 0.2467 0.6533 0.0926 0.0074 0
 0.9418 0.0223 0.034 0.0019 0
 0.707729 0.231977 0.0356964 0.0245975 0
 0.517169 0.277429 0.184464 0.0207286 0.00020938
 0.811772 0.124168 0.05621 0.00726502 0.000585176
 0.764997 0.148141 0.077277 0.00933861 0.000247198
 0.163321 0.427699 0.378323 0.0303852 0.000271297
 0.753843 0.0900009 0.118128 0.0371064 0.000921714
 0.721811 0.176058 0.0630433 0.0369309 0.00215725
 0.143369 0.312575 0.442814 0.0836902 0.0175525
 0.692698 0.0596174 0.167031 0.0765114 0.00414204
 0.394062 0.376323 0.152708 0.0712218 0.00568511
 0.125707 0.32114 0.495352 0.0537591 0.00404204
 0.23352 0.215282 0.420074 0.123614 0.00750983
pf_pred 
 0.518024 0.162609 0.294549 0.0248162 8.89183e-07
 0.472839 0.331599 0.0672908 0.118319 0.00995305
 0.624482 0.224348 0.0963328 0.0188916 0.0359456
 0.723829 0.202709 0.0445041 0.0184659 0.0104917
 0.69306 0.252551 0.0403524 0.00851118 0.00552586
 0.82216 0.138521 0.0325248 0.00504306 0.00175141
 0.446342 0.488299 0.0512755 0.0116532 0.00243006
 0.461519 0.321257 0.192559 0.0193601 0.00530489
 0.596203 0.229757 0.105025 0.0611892 0.0078257
 0.787129 0.154241 0.0339423 0.0149105 0.00977705
 0.876642 0.108435 0.010959 0.00229747 0.00166659
 0.784955 0.197087 0.0158412 0.00155487 0.000561525
 0.728331 0.235419 0.0333351 0.00257196 0.000342851
 0.690449 0.255562 0.0470323 0.00639868 0.000558293
 0.796857 0.167097 0.0300328 0.00524016 0.000772889
 0.957575 0.0374499 0.00412596 0.000707662 0.000141327
 0.345084 0.638801 0.0142909 0.00151306 0.000310669
 0.938156 0.0288512 0.0322084 0.000695457 8.85806e-05
 0.5783 0.405525 0.00768178 0.00829188 0.000201481
 0.684479 0.221017 0.0910115 0.0016604 0.00183211
 0.739781 0.20468 0.0393282 0.0156137 0.00059796
 0.778704 0.182335 0.0308705 0.00573218 0.00235856
 0.30324 0.596433 0.0831943 0.0135808 0.00355227
 0.765681 0.0960211 0.118927 0.0160674 0.00330321
 0.64485 0.298207 0.0237681 0.0285345 0.00463985
 0.422656 0.428037 0.126005 0.00973592 0.0135662
 0.7517 0.132461 0.0865482 0.0247264 0.00456509
 0.702121 0.246727 0.0276879 0.0175382 0.00592573
 0.308579 0.542924 0.123632 0.0134693 0.0113962
 0.404813 0.243725 0.277733 0.0613997 0.012329
pobs_RECLAS
 0 0 0 0 0
 0 0 0 0 0
 0 0 0 0 0
 0 0 0 0 0
 0 0 0 0 0
 0 0 0 0 0
 0 0 0 0 0
 0 0 0 0 0
 0 0 0 0 0
 0 0 0 0 0
 0.991045 0.00858322 0.000360255 1.14367e-05 0
 0.934742 0.0480273 0.0164251 0.00080598 0
 0.827803 0.169806 0.00239088 0 0
 0.941827 0.0461693 0.0120037 0 0
 0.791401 0.0380133 0.147996 0.0225897 0
 0.846168 0.0940531 0.0597789 0 0
 0.134021 0.677848 0.182769 0.00536245 0
 0.80878 0.0450904 0.141981 0.00414843 0
 0.846168 0.0940531 0.0597789 0 0
 0.905697 0.0802665 0.012482 0.00150086 5.37128e-05
 0.989698 0.0102097 9.19794e-05 0 0
 0.975433 0.0193895 0.00387452 0.00125025 5.28907e-05
 0.303575 0.632131 0.0575291 0.00676475 0
 0.966965 0.00978017 0.0227588 0.000495775 0
 0.843318 0.132988 0.00938335 0.0141283 0.000182051
 0.564624 0.303363 0.111486 0.0197234 0.00080311
 0.826376 0.0876187 0.0782897 0.00655872 0.00115652
 0.89761 0.0855135 0.0140674 0.00269457 0.000114338
 0.34875 0.467042 0.161289 0.0227151 0.000203297
 0.318654 0.224769 0.449479 0.00709798 0
ppred_RECLAS
 0.622078 0.129799 0.228868 0.0192548 6.89859e-07
 0.579801 0.267143 0.0527167 0.0925544 0.00778513
 0.719072 0.169756 0.0708836 0.0138801 0.026408
 0.803798 0.145162 0.0309402 0.0128176 0.00728191
 0.773555 0.187215 0.0291161 0.00613236 0.00398111
 0.875693 0.0974139 0.022252 0.00344517 0.00119638
 0.559419 0.389977 0.0397139 0.00901084 0.00187888
 0.565014 0.262311 0.153093 0.0153702 0.00421131
 0.698212 0.173931 0.0772039 0.0449095 0.00574315
 0.856428 0.104969 0.0223646 0.00980749 0.00643035
 0.914599 0.075314 0.00741034 0.0015513 0.00112523
 0.850418 0.137429 0.010722 0.00105073 0.000379428
 0.806407 0.168416 0.0231559 0.00178378 0.000237764
 0.784942 0.178595 0.0317721 0.00431471 0.000376428
 0.862239 0.113952 0.0198426 0.00345629 0.000509735
 0.972276 0.0245577 0.00262702 0.000449862 8.98343e-05
 0.446143 0.540602 0.0117569 0.00124289 0.000255176
 0.959002 0.0194105 0.0210751 0.000454389 5.7871e-05
 0.678527 0.309489 0.00569594 0.00613885 0.000149153
 0.770284 0.162283 0.0649441 0.00118302 0.00130526
 0.813172 0.147835 0.0276232 0.0109504 0.000419334
 0.844245 0.128979 0.0212221 0.00393462 0.0016188
 0.397984 0.517364 0.0702129 0.0114449 0.00299336
 0.833739 0.0692392 0.08345 0.011258 0.00231429
 0.733586 0.224697 0.0174278 0.0208924 0.00339693
 0.526028 0.353856 0.101394 0.00782298 0.0108998
 0.822356 0.0959869 0.0610316 0.0174111 0.00321426
 0.780834 0.182383 0.0199232 0.0126018 0.0042575
 0.403029 0.471472 0.104511 0.0113697 0.00961903
 0.512132 0.203095 0.225105 0.0496913 0.00997715
pobs_PELACES
 0 0 0 0 0
 0 0 0 0 0
 0 0 0 0 0
 0 0 0 0 0
 0 0 0 0 0
 0 0 0 0 0
 0 0 0 0 0
 0 0 0 0 0
 0 0 0 0 0
 0 0 0 0 0
 0 0 0 0 0
 0 0 0 0 0
 0 0 0 0 0
 0 0 0 0 0
 0 0 0 0 0
 0 0 0 0 0
 0.505614 0.472636 0.0217494 0 0
 0 0 0 0 0
 0.443492 0.261883 0.143347 0.151278 0
 0.227955 0.32914 0.350689 0.0885471 0.00366901
 0.970185 0.0296113 0.000203453 0 0
 0.997202 0.00247181 0.000326279 0 0
 0.445219 0.490057 0.0546422 0.010081 0
 0.90214 0.0892962 0.00764917 0.000914606 0
 0 0 0 0 0
 0.581667 0.319106 0.0959925 0.00289975 0.000334073
 0.762889 0.0836404 0.116647 0.0363945 0.000428098
 0.88444 0.0763242 0.0277011 0.0115352 0
 0.521256 0.241999 0.230069 0.00667565 0
 0.616807 0.101726 0.260614 0.0208532 0
ppred_PELACES
 0.613265 0.133051 0.233999 0.0196838 7.05224e-07
 0.577605 0.269029 0.0528325 0.0927335 0.00780009
 0.717187 0.171227 0.0711549 0.0139296 0.0265018
 0.808015 0.142333 0.030104 0.0124659 0.00708199
 0.767134 0.192617 0.0298739 0.00629102 0.00408408
 0.873376 0.0993145 0.0225969 0.00349781 0.00121465
 0.570618 0.380474 0.0383877 0.00870556 0.00181517
 0.553177 0.269642 0.15709 0.01577 0.00432082
 0.703222 0.17159 0.0756046 0.0439616 0.00562182
 0.865398 0.0987215 0.0207931 0.00911268 0.0059746
 0.911175 0.0783549 0.0076924 0.00161015 0.00116791
 0.854052 0.134178 0.0103851 0.00101728 0.000367339
 0.809893 0.165543 0.0225922 0.00173965 0.000231877
 0.800892 0.165724 0.0290913 0.0039478 0.000344404
 0.869541 0.108112 0.0186266 0.00324262 0.000478209
 0.972893 0.0240312 0.00255147 0.000436747 8.72136e-05
 0.445417 0.541381 0.0117097 0.00123753 0.000254072
 0.958516 0.0196878 0.0212795 0.000458683 5.84173e-05
 0.680621 0.30755 0.00562377 0.00605895 0.000147209
 0.771199 0.161922 0.0644125 0.00117296 0.00129414
 0.811631 0.149206 0.0277454 0.0109959 0.000421074
 0.844832 0.128627 0.0210378 0.00389918 0.0016042
 0.392276 0.522547 0.070651 0.011514 0.0030114
 0.829929 0.0709655 0.0852437 0.0114979 0.00236358
 0.727848 0.229659 0.0177536 0.0212791 0.00345978
 0.516944 0.360889 0.103127 0.00795557 0.0110845
 0.818186 0.0983915 0.0623537 0.0177851 0.00328327
 0.77417 0.188012 0.0204852 0.0129554 0.00437696
 0.393628 0.479151 0.105946 0.0115244 0.00974979
 0.508667 0.205067 0.226296 0.0499423 0.0100274
pobs_pel_tallas
 0 0 0 0 0 0 0 0 0 0 0 0 0 0 0 0 0 0 0 0 0 0 0 0 0 0
 0 0 0 0 0 0 0 0 0 0 0 0 0 0 0 0 0 0 0 0 0 0 0 0 0 0
 0 0 0 0 0 0 0 0 0 0 0 0 0 0 0 0 0 0 0 0 0 0 0 0 0 0
 0 0 0 0 0 0 0 0 0 0 0 0 0 0 0 0 0 0 0 0 0 0 0 0 0 0
 0 0 0 0 0 0 0 0 0 0 0 0 0 0 0 0 0 0 0 0 0 0 0 0 0 0
 0 0 0 0 0 0 0 0 0 0 0 0 0 0 0 0 0 0 0 0 0 0 0 0 0 0
 0 0 0 0 0 0 0 0 0 0 0 0 0 0 0 0 0 0 0 0 0 0 0 0 0 0
 0 0 0 0 0 0 0 0 0 0 0 0 0 0 0 0 0 0 0 0 0 0 0 0 0 0
 0 0 0 0 0 0 0 0 0 0 0 0 0 0 0 0 0 0 0 0 0 0 0 0 0 0
 0 0 0 0 0 0 0 0 0 0 0 0 0 0 0 0 0 0 0 0 0 0 0 0 0 0
 0 0 0 0 0 0 0 0 0 0 0 0 0 0 0 0 0 0 0 0 0 0 0 0 0 0
 0 0 0 0 0 0 0 0 0 0 0 0 0 0 0 0 0 0 0 0 0 0 0 0 0 0
 0.00862536 0 0 0.000197151 0.00414017 0.0128641 0.00837892 0.0270097 0.101434 0.158115 0.152841 0.127902 0.109271 0.109419 0.0830992 0.0579132 0.0238553 0.00714673 0.00463305 0.00128148 0.00103504 0.000492878 0.000147863 0.000147863 4.92878e-05 0
 0 0 0 0 0 0 0 0 0 0 0 0 0 0 0 0 0 0 0 0 0 0 0 0 0 0
 0 0 0 0 0 0 0 0.0054083 0.00873648 0.0413646 0.0450493 0.0745869 0.0622846 0.0627006 0.0613931 0.0827291 0.12552 0.122667 0.0946155 0.0697135 0.0546179 0.0294188 0.0215738 0.0213955 0.0102223 0.00600262
 0 0 0 0 0.00359764 0.0251062 0.0480494 0.140153 0.205849 0.193036 0.1447 0.116669 0.0760912 0.0342217 0.00950174 0.001854 0.000860785 0 0 0 0.000165536 0 0.000143464 0 0 0
 0 0 0 0 0 0 0 0.000145254 0.000435761 0.0275982 0.070085 0.0708112 0.156366 0.174668 0.174014 0.160142 0.0824315 0.0480064 0.0283245 0.00493863 0.00203355 0 0 0 0 0
 0 0 0 0 0 0 0 0 0 0 0 0 0 0 0 0 0 0 0 0 0 0 0 0 0 0
 0 0 1.00437e-05 0.000401748 0.00122533 0.00171747 0.00176769 0.0269171 0.070346 0.194647 0.189555 0.159765 0.064822 0.0314167 0.0384472 0.0292271 0.0345202 0.0313363 0.0194345 0.0106764 0.0143323 0.0359363 0.0279516 0.0138201 0.00172751 0
 0 0.0021121 0.0136068 0.0755702 0.200478 0.177729 0.0527432 0.0373336 0.0318909 0.0142505 0.0149659 0.0166563 0.0217959 0.0798694 0.0677717 0.0528807 0.04013 0.0224614 0.0357745 0.0225083 0.00881397 0.00855152 0.00135912 0.000746735 0 0
 0 0 0 0 5.4009e-05 0.00500934 0.000945158 0.0243581 0.138947 0.33067 0.221406 0.137944 0.0707744 0.0437923 0.0131692 0.00525238 0.0047753 0.00276346 9.45158e-05 9.00151e-06 2.25038e-05 9.00151e-06 4.50075e-06 0 0 0
 0.000866109 0.00284123 0.00948549 0.0512746 0.133035 0.25785 0.225252 0.132002 0.0553304 0.0519788 0.0540692 0.017754 0.00435017 0.00159236 0.00146478 0.000404838 0.000125132 0.000115318 0.000107957 0.000100596 0 0 0 0 0 0
 0 0 0 0 0.00144013 0.00171154 0.00461396 0.0210425 0.0478622 0.0707936 0.0888783 0.103762 0.0637923 0.0337046 0.0602308 0.124433 0.169614 0.0934646 0.0462172 0.0250306 0.0313229 0.00938855 0.002487 0.000210481 0 0
 0 0.00764035 0.051015 0.0998891 0.058973 0.0496711 0.0374665 0.0718981 0.12319 0.153886 0.159021 0.0857701 0.0377988 0.023471 0.0147837 0.00900784 0.00315554 0.000888139 0.00291439 0.00214683 0.00393193 0.00274676 0.000635225 9.99891e-05 0 0
 0 0 0 0 0 0 0 0 0 0 0 0 0 0 0 0 0 0 0 0 0 0 0 0 0 0
 0 0 0 0 0 0 0 0 0 0 0 0 0 0 0 0 0 0 0 0 0 0 0 0 0 0
 0 0 0 0 0 0 0 0 0 0 0 0 0 0 0 0 0 0 0 0 0 0 0 0 0 0
 0 0 0 0 0 0 0 0 0 0 0 0 0 0 0 0 0 0 0 0 0 0 0 0 0 0
 0 0 0 0 0 0 0 0 0 0 0 0 0 0 0 0 0 0 0 0 0 0 0 0 0 0
 0 0 0 0 0 0 0 0 0 0 0 0 0 0 0 0 0 0 0 0 0 0 0 0 0 0
ppred_pel_tallas
 1.08761e-16 5.05139e-05 0.000491013 0.00326295 0.0148329 0.0461508 0.0983296 0.143518 0.143531 0.0983941 0.0463682 0.0154652 0.00486637 0.00404479 0.00695631 0.0118277 0.0179802 0.0245784 0.0307322 0.0359174 0.0400763 0.0432518 0.0451324 0.0450179 0.042285 0.0369392
 1.12214e-16 4.75766e-05 0.000462461 0.00307322 0.0139704 0.0434673 0.0926127 0.135176 0.135202 0.0927397 0.0438939 0.0152033 0.00617094 0.00723547 0.0129436 0.0214142 0.031071 0.0395872 0.0446614 0.0453321 0.0425774 0.038616 0.0354569 0.0338253 0.0331178 0.0321416
 1.0798e-16 5.90738e-05 0.000574218 0.00381588 0.0173465 0.0539713 0.114992 0.167838 0.167855 0.115073 0.0542438 0.0181344 0.00579781 0.00491414 0.00834094 0.0138005 0.0201229 0.0258353 0.0294783 0.0303965 0.0291036 0.0268596 0.0248097 0.0233785 0.0222838 0.0209751
 1.03354e-16 6.65552e-05 0.00064694 0.00429914 0.0195433 0.0608065 0.129555 0.189093 0.189106 0.129622 0.061032 0.0201948 0.00593555 0.00422257 0.00686734 0.0112746 0.0162994 0.0206365 0.0230058 0.0228278 0.0205625 0.0173756 0.0144093 0.0122273 0.0107615 0.00962851
 1.02234e-16 6.31878e-05 0.000614208 0.00408163 0.0185545 0.0577301 0.123001 0.179527 0.179546 0.123091 0.0580347 0.0194346 0.00629101 0.00543804 0.00922671 0.0151594 0.0218451 0.0274995 0.0303469 0.0295677 0.0257786 0.0206011 0.01568 0.0119168 0.00936338 0.0076081
 1.01234e-16 7.19389e-05 0.000699271 0.0046469 0.0211242 0.0657251 0.140035 0.204387 0.204396 0.140082 0.0658825 0.0215787 0.00578861 0.00319373 0.00481552 0.00786316 0.0113573 0.0143587 0.015959 0.0157346 0.0139847 0.0115077 0.00910333 0.00719588 0.00579689 0.00471294
 1.02386e-16 4.70011e-05 0.000456867 0.00303605 0.0138014 0.0429416 0.091493 0.133544 0.133581 0.0916721 0.0435427 0.0155374 0.00739216 0.00996213 0.0180869 0.0297945 0.0428391 0.0537094 0.0588548 0.0566332 0.0482896 0.037119 0.0265158 0.0184215 0.0130609 0.00966739
 1.06915e-16 4.55646e-05 0.000442904 0.00294325 0.0133796 0.0416291 0.0886961 0.12946 0.129486 0.0888241 0.0420594 0.0146248 0.00607775 0.00731512 0.0131836 0.0219483 0.0321361 0.0414994 0.0477347 0.049715 0.0480405 0.0443992 0.040315 0.0363421 0.0322061 0.0274961
 1.07586e-16 5.79235e-05 0.000563037 0.00374158 0.0170087 0.0529204 0.112753 0.16457 0.164587 0.112835 0.0531937 0.0177993 0.00573089 0.00492151 0.0083824 0.0138907 0.020301 0.0261636 0.0300431 0.0312988 0.0304327 0.0286491 0.0269917 0.0257597 0.0245683 0.0228372
 1.02551e-16 7.12817e-05 0.000692884 0.00460446 0.0209312 0.0651248 0.138756 0.20252 0.202529 0.138802 0.0652812 0.0213831 0.00573953 0.00317315 0.00478894 0.00782354 0.0113098 0.0143237 0.0159785 0.0158757 0.0143377 0.0121756 0.0101809 0.00873937 0.00779352 0.00706442
 1.00602e-16 7.50523e-05 0.000729535 0.00484802 0.0220384 0.0685696 0.146095 0.213232 0.213239 0.146132 0.0686934 0.0223959 0.00574506 0.00268692 0.00378987 0.00613981 0.00882134 0.0110593 0.0121192 0.0116641 0.00995253 0.00766561 0.00550421 0.00386797 0.00280001 0.00213639
 1.00499e-16 7.03472e-05 0.0006838 0.00454409 0.0206568 0.064271 0.136937 0.199866 0.199879 0.137 0.0644829 0.0212686 0.00607899 0.00403208 0.00642218 0.0104869 0.0150553 0.0188372 0.0205686 0.0196648 0.0165682 0.0124562 0.00855186 0.00557044 0.00361677 0.00243246
 1.00909e-16 6.67098e-05 0.000648443 0.00430913 0.0195887 0.0609478 0.129856 0.189533 0.189549 0.129934 0.0612096 0.0203446 0.00620635 0.0047895 0.00792954 0.0129985 0.0187057 0.0234936 0.0258186 0.0249608 0.0214433 0.016669 0.0120812 0.00850322 0.00603636 0.00437759
 1.01337e-16 6.59685e-05 0.000641237 0.00426125 0.019371 0.0602705 0.128413 0.187426 0.187442 0.128491 0.0605327 0.0201285 0.00616305 0.00479407 0.00795634 0.0130576 0.0188228 0.0237083 0.0261825 0.0255301 0.0222635 0.017755 0.013401 0.00997526 0.00754497 0.0058009
 1.00972e-16 7.1623e-05 0.000696201 0.0046265 0.0210314 0.0654365 0.13942 0.20349 0.2035 0.139471 0.0656076 0.0215255 0.00586711 0.00340521 0.0052187 0.00851977 0.0122787 0.0154662 0.0170825 0.0166628 0.0145441 0.0116236 0.00881314 0.00661501 0.00506724 0.00396035
 1.00139e-16 8.01359e-05 0.00077895 0.0051764 0.0235311 0.0732141 0.155991 0.227673 0.227676 0.156002 0.0732521 0.0236408 0.00545157 0.00137941 0.00121979 0.0018878 0.00270708 0.00339421 0.00372021 0.00358084 0.00305416 0.0023476 0.001675 0.00115895 0.000814365 0.000594111
 1.00644e-16 3.66886e-05 0.000356626 0.00236991 0.0107733 0.03352 0.0714198 0.10425 0.104302 0.0716742 0.0343738 0.0132382 0.00855183 0.0138344 0.0255822 0.0420999 0.0603266 0.0751955 0.0815686 0.0770774 0.0635702 0.0459463 0.0293475 0.0168558 0.00900326 0.00472581
 1.00676e-16 7.89517e-05 0.000767438 0.0050999 0.0231834 0.0721321 0.153685 0.224309 0.22431 0.153695 0.0721639 0.0232754 0.00533218 0.00127898 0.00106353 0.00166717 0.00247239 0.00327118 0.00390346 0.00428538 0.00443592 0.00442846 0.00431129 0.00407217 0.0036721 0.00310585
 1.00874e-16 5.60619e-05 0.000544941 0.00362133 0.0164621 0.0512197 0.10913 0.159285 0.159314 0.109275 0.0517048 0.0178623 0.0071333 0.00820192 0.0145696 0.0239233 0.034283 0.0427472 0.0464037 0.043918 0.0363512 0.0264923 0.0172551 0.0103671 0.00609282 0.00378638
 1.02237e-16 6.35226e-05 0.000617463 0.00410326 0.0186528 0.0580359 0.123652 0.180477 0.180493 0.123729 0.0582933 0.0193969 0.00597405 0.00471115 0.00786653 0.0129777 0.0188576 0.0240611 0.0271413 0.0273986 0.0252468 0.0218474 0.0183339 0.015264 0.0126225 0.0101824
 1.02013e-16 6.6853e-05 0.000649835 0.00431838 0.0196308 0.0610786 0.130135 0.189939 0.189953 0.130205 0.0613148 0.0203131 0.00603188 0.00439247 0.00718089 0.0117818 0.0170037 0.0214637 0.0237988 0.023381 0.0206805 0.0169256 0.0133443 0.0105829 0.00864083 0.00718665
 1.01303e-16 6.95877e-05 0.000676417 0.00449503 0.0204338 0.0635771 0.135458 0.197708 0.19772 0.135519 0.0637806 0.0210216 0.00597072 0.00389854 0.00619095 0.0101298 0.0145973 0.0183803 0.0202905 0.0197774 0.017247 0.0137745 0.0104519 0.00788014 0.00610029 0.0048517
 1.03837e-16 3.23114e-05 0.000314078 0.00208716 0.00948797 0.0295209 0.0628992 0.0918138 0.0918641 0.0631452 0.030347 0.0118741 0.00807627 0.013387 0.0248559 0.0410292 0.0590725 0.0742215 0.0816281 0.0790386 0.0681213 0.0533125 0.0391567 0.0282164 0.0207533 0.0157449
 1.04032e-16 6.83602e-05 0.000664485 0.00441574 0.0200733 0.0624556 0.133068 0.194219 0.194226 0.133103 0.0625703 0.0204062 0.00525708 0.00252026 0.00364885 0.00607031 0.0090787 0.0121277 0.0146878 0.0164837 0.0175855 0.0182192 0.0184772 0.0182047 0.0171505 0.0152191
 1.03291e-16 5.99519e-05 0.000582754 0.00387261 0.0176043 0.0547737 0.116702 0.170335 0.170357 0.11681 0.0551365 0.018652 0.00650171 0.00631968 0.0109487 0.0179888 0.0258717 0.0324665 0.0356541 0.0344819 0.0297464 0.0234692 0.0176939 0.0135284 0.0109866 0.00945712
 1.05742e-16 4.258e-05 0.000413893 0.00275047 0.0125032 0.0389024 0.082887 0.120983 0.121018 0.0830574 0.0394748 0.0141575 0.0069066 0.00949948 0.017335 0.0286875 0.0415457 0.0527107 0.0589277 0.0586649 0.052969 0.0446472 0.0364789 0.0298888 0.0248561 0.0206914
 1.04164e-16 6.7393e-05 0.000655084 0.00435326 0.0197893 0.0615719 0.131186 0.191471 0.191481 0.131233 0.0617292 0.0202446 0.00550004 0.00317158 0.00488519 0.00807063 0.0118568 0.0154098 0.0179186 0.0190015 0.0188897 0.0181778 0.0173577 0.0165308 0.015482 0.0139663
 1.0268e-16 6.37674e-05 0.000619842 0.00411907 0.0187247 0.0582596 0.124129 0.181174 0.181192 0.124217 0.0585568 0.019583 0.00627319 0.00532149 0.00899084 0.0147576 0.0212422 0.026695 0.0293833 0.0285218 0.024745 0.0196804 0.0149732 0.0115154 0.00932657 0.0079358
 1.05986e-16 3.24227e-05 0.00031516 0.00209435 0.00952066 0.0296225 0.0631157 0.0921289 0.0921751 0.0633417 0.0303815 0.0117134 0.00760122 0.0123459 0.0229077 0.0378893 0.0547387 0.069168 0.0768056 0.0756058 0.0670206 0.0549237 0.0432079 0.0339553 0.0272451 0.0221437
 1.13289e-16 4.18983e-05 0.000407267 0.00270643 0.0123031 0.0382795 0.0815592 0.119042 0.119062 0.0816575 0.0386105 0.0132632 0.00513223 0.00575469 0.0103502 0.017444 0.0260598 0.0347323 0.0419482 0.0469537 0.0500332 0.0519482 0.053055 0.0529209 0.0507263 0.0460083
pSPR Fmed_Fpbrs
0.418212   0.247227 0.247227
Fs Fmed_Fpbrs
0.566604   1.005 1.005
SSBpbr Bo_Bmed_Bpbrs
1.30223e+06  479496  256835 256835
Ro
109716
SPR SPRFo_SPRFmed_SPRFpbrs
781001 326624 193085
Fref
1.005
log_Ro
11.4256
likeval ReclasPelacesDesembMPH_pf_preclas_ppelaces_ptallas_desvR_qrecl_qpela
 11.0613 16.3653 0.0136395 0.000834481 231.447 103.058 79.314 0 26.0815 1.971e-05 4.26513e-05 0.035821 0 0 0
q_reclas_q_pelaces
1.87594 2.53232
M
1
N
 147876 32385.6 57327.1 4823.98 0.172835
 88444.2 44638.6 8873.61 15585.5 1310.99
 86775.2 22425.7 9432.57 1847.77 3515.6
 105634 22060.1 4757.26 1972.03 1120.39
 84232 21469.8 3352.98 706.356 458.57
 209301 25077.6 5762.75 892.505 309.94
 68470.5 56857 5872.22 1333.39 278.04
 25676.2 12328.9 7215.06 724.483 198.504
 28756.9 8231.14 3694.68 2150.49 275.02
 39424.7 5999.03 1300.59 570.881 374.321
 69823.8 5995.66 591.921 123.937 89.8981
 115268 21648.1 1709.51 167.637 60.5372
 95541.8 22955.3 3191.98 246.04 32.7962
 67788.9 19831.3 3600.08 489.433 42.702
 55349 8934.64 1581.05 275.636 40.6528
 309215 8995.8 973.32 166.778 33.3055
 47555.8 63869.1 1400.56 148.128 30.4126
 521394 11492.7 12564.2 270.99 34.5141
 262825 135398 2516.45 2713.56 65.9321
 249399 58812.4 23750.6 432.853 477.592
 290876 57900.9 10898.1 4321.92 165.508
 432084 73889.1 12268.5 2275.71 936.309
 71904.4 100305 13690.2 2232.23 583.84
 224143 19830.4 24022.5 3241.7 666.402
 195285 63676.7 4963.78 5952.17 967.79
 78582.9 55646.3 16010.8 1235.59 1721.57
 188698 23442.1 14980.2 4274.72 789.166
 219481 53812.8 5901.4 3733.52 1261.38
 54002.9 66233.5 14737.9 1603.67 1356.75
 38021.9 16376.7 18272.6 4035.08 810.19
pred_Ctot
 17046.3 5350.89 9692.55 816.613 0.0292598
 17905.8 12557.2 2548.22 4480.58 376.91
 17462.3 6273.4 2693.73 528.263 1005.14
 31341.6 8777.23 1927.01 799.568 454.288
 10331.1 3764.65 601.514 126.872 82.3712
 35470.1 5976.16 1403.21 217.571 75.5603
 23395.7 25594.9 2687.68 610.821 127.375
 2110.62 1469.17 880.612 88.5374 24.2603
 8237.29 3174.37 1451.05 845.405 108.122
 15679.3 3072.41 676.118 297.011 194.755
 7037.03 870.433 87.9708 18.4424 13.3781
 35107.5 8814.83 708.506 69.5423 25.1145
 27558 8907.57 1261.3 97.3157 12.9725
 29811.4 11034.3 2030.7 276.275 24.1053
 20841 4370.25 785.475 137.051 20.2141
 89788.1 3511.53 386.875 66.3547 13.2517
 10670 19751.7 441.874 46.7838 9.60587
 99710.3 3066.4 3423.21 73.9155 9.41463
 67744.2 47504.7 899.872 971.341 23.6022
 60363.8 19491.4 8026.25 146.429 161.573
 58640.6 16224.5 3117.45 1237.66 47.3989
 104595 24491.3 4146.53 769.947 316.802
 11647.6 22909.3 3195.54 521.645 136.445
 32956.8 4132.99 5118.9 691.582 142.178
 28412.5 13139.2 1047.24 1257.25 204.435
 9555.69 9677.34 2848.81 220.116 306.713
 27375.5 4823.97 3151.92 900.491 166.252
 25336.4 8903.28 999.132 632.877 213.833
 6091.66 10717.9 2440.63 265.898 224.972
 7073.59 4258.79 4853.04 1072.88 215.433
F
 0.197774 0.294634 0.302429 0.302851 0.302873
 0.372164 0.554432 0.569101 0.569894 0.569936
 0.36955 0.550537 0.565103 0.565891 0.565933
 0.593334 0.88392 0.907307 0.908572 0.908639
 0.211602 0.315234 0.323574 0.324025 0.324049
 0.303232 0.451741 0.463693 0.464339 0.464374
 0.714461 1.06437 1.09253 1.09405 1.09413
 0.137639 0.205048 0.210473 0.210767 0.210782
 0.567282 0.845109 0.867469 0.868678 0.868742
 0.883356 1.31598 1.3508 1.35268 1.35278
 0.171056 0.254831 0.261574 0.261939 0.261958
 0.613711 0.914277 0.938467 0.939776 0.939845
 0.572304 0.852591 0.875149 0.87637 0.876434
 1.02646 1.52917 1.56963 1.57182 1.57194
 0.816901 1.21698 1.24918 1.25092 1.25101
 0.577201 0.859886 0.882637 0.883868 0.883933
 0.420192 0.625982 0.642544 0.64344 0.643487
 0.348289 0.518864 0.532592 0.533335 0.533374
 0.497137 0.74061 0.760205 0.761266 0.761321
 0.460321 0.685763 0.703907 0.704889 0.704941
 0.370332 0.551702 0.566299 0.567089 0.56713
 0.460401 0.685883 0.704031 0.705012 0.705064
 0.28812 0.429227 0.440583 0.441198 0.44123
 0.258466 0.38505 0.395237 0.395788 0.395818
 0.255447 0.380552 0.390621 0.391166 0.391195
 0.209623 0.312286 0.320548 0.320995 0.321019
 0.254634 0.379341 0.389378 0.389921 0.38995
 0.198079 0.295088 0.302896 0.303318 0.30334
 0.193175 0.287782 0.295397 0.295809 0.29583
 0.33738 0.502611 0.51591 0.516629 0.516667
nmprior
 8 8 7 0
nm_flota  nm_reclas  nm_pelaces    nm_pelaL
inf 16.5888 16.9817 29.921
cv_recla  cv_pelaces  cv_mph
0.307915 0.476022 0.891484
 ------------------------------------------------
Talla a la edad & desviación 
 8 13.2811 15.8009 17.003 17.5766
 0.8 1.32811 1.58009 1.7003 1.75766
