years
 1991 1992 1993 1994 1995 1996 1997 1998 1999 2000 2001 2002 2003 2004 2005 2006 2007 2008 2009 2010 2011 2012 2013 2014 2015 2016 2017 2018 2019 2020
reclasobs
 0 0 0 0 0 0 0 0 0 252601 567819 844713 477998 351125 339783 2.1784e+06 2.13404e+06 4.81314e+06 1.55562e+06 2.62356e+06 3.21686e+06 3.843e+06 1.13348e+06 3.07943e+06 1.97215e+06 2.03268e+06 2.025e+06 2.42433e+06 2.27542e+06 1.05018e+06
reclaspred
 3.15136e+06 1.72971e+06 875772 893284 902068 1.5332e+06 881937 765235 547857 381246 502119 673644 659237 487235 478014 1.31859e+06 1.18069e+06 2.99078e+06 2.39396e+06 1.81231e+06 3.13299e+06 2.51957e+06 1.92761e+06 3.02625e+06 2.24988e+06 1.98256e+06 2.39931e+06 2.58138e+06 2.04331e+06 1.23151e+06
pelacesobs
 0 0 0 0 0 0 0 0 0 0 0 0 0 0 0 552880 188675 0 991730 2.46772e+06 1.41603e+06 1.21717e+06 2.29649e+06 1.80582e+06 0 1.4828e+06 1.56532e+06 1.57751e+06 1.42118e+06 867257
pelacespred
 1.78957e+06 1.07663e+06 533664 445034 485530 852215 435231 495715 328325 211618 297766 330940 358479 270316 274416 637138 582597 1.71329e+06 1.39531e+06 965496 1.67075e+06 1.42051e+06 1.11146e+06 1.91661e+06 1.3668e+06 1.20934e+06 1.6655e+06 1.76841e+06 1.1649e+06 785009
mphobs
 0 0 0 0 0 0 0 0 0 0 0 498337 0 5186 125008 0 168611 109162 213762 579715 649985 157893 87575 83554 0 0 0 0 0 0
mphpred
 487235 325729 157532 87147.1 95279 113029 153790 85069.6 76795.9 49525.7 31363.6 61299.8 65561.5 53636.5 32912.1 41588.7 149967 132782 301052 214488 237125 287350 269939 216224 309078 254303 207576 226113 321575 207708
desembarqueobs
 494567 514787 250237 358949 120608 361735 552515 73892 212993 205616 52469 317467 293654 387597 252695 516296 358380 742168 942051 627588 828172 859565 418607 520667 417249 300574 407403 355545 319650 289779
desembarquepred
 494572 513791 250708 358985 120614 361745 552545 73897.3 213052 205669 52471.8 317529 293693 387590 252676 516237 358412 742041 941798 627399 828245 859537 418605 520688 417237 300571 407396 355519 319633 289786
Reclutas
 173546 96345.2 96884.1 149469 120834 218272 86876.2 37443.6 36551.5 49463 92452 130335 108734 75550.7 70436.4 380396 74734.9 610706 342130 289121 379288 517510 103903 303593 259502 114087 258575 287844 80526.7 61456.1
log_desv_Rt
 0.207238 -0.381267 -0.375689 0.0578816 -0.154787 0.436536 -0.484721 -1.32637 -1.35048 -1.04798 -0.422516 -0.0790977 -0.260297 -0.624401 -0.694495 0.992007 -0.635257 1.46541 0.885987 0.71764 0.989091 1.29982 -0.30575 0.766483 0.609559 -0.212247 0.605981 0.713213 -0.560616 -0.830881
SSB
 2.19174e+06 1.46523e+06 708629 392015 428595 508439 691795 382670 345452 222782 141083 275746 294916 241274 148049 187079 674598 597293 1.35423e+06 964833 1.06666e+06 1.29259e+06 1.21427e+06 972643 1.39033e+06 1.14394e+06 933744 1.01713e+06 1.44655e+06 934338
BT
 3.06851e+06 2.09842e+06 1.03382e+06 963544 819206 1.58847e+06 1.13858e+06 806326 701823 513813 493168 760950 803612 808467 667033 1.38167e+06 1.14667e+06 3.24603e+06 2.9871e+06 1.99734e+06 3.18247e+06 2.92314e+06 2.01706e+06 3.37179e+06 2.42112e+06 2.06869e+06 2.92163e+06 3.01535e+06 1.99059e+06 1.44913e+06
Ftot
 0.192046 0.353699 0.3469 0.526865 0.175737 0.324122 0.741897 0.125495 0.496656 0.681576 0.151746 0.62223 0.584438 1.01672 0.73466 0.578315 0.379336 0.359972 0.507273 0.454525 0.35454 0.453003 0.270455 0.240647 0.239916 0.19343 0.235287 0.193943 0.189346 0.288467
BD_Bspro_t
 0.969844 0.791531 0.593372 0.495023 0.488033 0.579544 0.577988 0.388613 0.446922 0.389783 0.350239 0.598539 0.476957 0.381194 0.265446 0.31549 0.506736 0.464168 0.596249 0.483459 0.460968 0.505957 0.519935 0.504728 0.623872 0.633253 0.639611 0.686545 0.743114 0.655095
BD_Bspro
 2.1827 1.45919 0.705708 0.390399 0.426828 0.506343 0.688943 0.381092 0.344028 0.221864 0.140502 0.274609 0.2937 0.240279 0.147439 0.186308 0.671817 0.594831 1.34864 0.960855 1.06226 1.28726 1.20927 0.968633 1.3846 1.13922 0.929894 1.01293 1.44058 0.930485
BD_Bo
 1.39366 0.931696 0.450596 0.249271 0.272531 0.323301 0.439891 0.243328 0.219662 0.14166 0.0897106 0.175338 0.187528 0.153419 0.0941398 0.118958 0.428956 0.379801 0.861112 0.613508 0.678257 0.821919 0.772119 0.618474 0.884069 0.727395 0.593739 0.64676 0.919816 0.594117
BD_Brms
 7.70758 5.15272 2.49201 1.37858 1.50722 1.78801 2.43281 1.34572 1.21484 0.783449 0.496142 0.969703 1.03712 0.848478 0.520638 0.657893 2.37233 2.10048 4.76235 3.39299 3.75108 4.5456 4.27018 3.42045 4.88932 4.02284 3.28366 3.57689 5.08702 3.28575
Sel_flota
 0.718712 0.979817 0.998917 0.999943 0.999997
 0.718712 0.979817 0.998917 0.999943 0.999997
 0.718712 0.979817 0.998917 0.999943 0.999997
 0.718712 0.979817 0.998917 0.999943 0.999997
 0.718712 0.979817 0.998917 0.999943 0.999997
 0.718712 0.979817 0.998917 0.999943 0.999997
 0.718712 0.979817 0.998917 0.999943 0.999997
 0.718712 0.979817 0.998917 0.999943 0.999997
 0.718712 0.979817 0.998917 0.999943 0.999997
 0.718712 0.979817 0.998917 0.999943 0.999997
 0.718712 0.979817 0.998917 0.999943 0.999997
 0.718712 0.979817 0.998917 0.999943 0.999997
 0.718712 0.979817 0.998917 0.999943 0.999997
 0.718712 0.979817 0.998917 0.999943 0.999997
 0.718712 0.979817 0.998917 0.999943 0.999997
 0.718712 0.979817 0.998917 0.999943 0.999997
 0.718712 0.979817 0.998917 0.999943 0.999997
 0.718712 0.979817 0.998917 0.999943 0.999997
 0.718712 0.979817 0.998917 0.999943 0.999997
 0.718712 0.979817 0.998917 0.999943 0.999997
 0.718712 0.979817 0.998917 0.999943 0.999997
 0.718712 0.979817 0.998917 0.999943 0.999997
 0.718712 0.979817 0.998917 0.999943 0.999997
 0.718712 0.979817 0.998917 0.999943 0.999997
 0.718712 0.979817 0.998917 0.999943 0.999997
 0.718712 0.979817 0.998917 0.999943 0.999997
 0.718712 0.979817 0.998917 0.999943 0.999997
 0.718712 0.979817 0.998917 0.999943 0.999997
 0.718712 0.979817 0.998917 0.999943 0.999997
 0.718712 0.979817 0.998917 0.999943 0.999997
Sel_reclas
 1 1 1 1 1
 1 1 1 1 1
 1 1 1 1 1
 1 1 1 1 1
 1 1 1 1 1
 1 1 1 1 1
 1 1 1 1 1
 1 1 1 1 1
 1 1 1 1 1
 1 1 1 1 1
 1 1 1 1 1
 1 1 1 1 1
 1 1 1 1 1
 1 1 1 1 1
 1 1 1 1 1
 1 1 1 1 1
 1 1 1 1 1
 1 1 1 1 1
 1 1 1 1 1
 1 1 1 1 1
 1 1 1 1 1
 1 1 1 1 1
 1 1 1 1 1
 1 1 1 1 1
 1 1 1 1 1
 1 1 1 1 1
 1 1 1 1 1
 1 1 1 1 1
 1 1 1 1 1
 1 1 1 1 1
Sel_pelaces
 0.969857 1 1 1 1
 0.969857 1 1 1 1
 0.969857 1 1 1 1
 0.969857 1 1 1 1
 0.969857 1 1 1 1
 0.969857 1 1 1 1
 0.969857 1 1 1 1
 0.969857 1 1 1 1
 0.969857 1 1 1 1
 0.969857 1 1 1 1
 0.969857 1 1 1 1
 0.969857 1 1 1 1
 0.969857 1 1 1 1
 0.969857 1 1 1 1
 0.969857 1 1 1 1
 0.969857 1 1 1 1
 0.969857 1 1 1 1
 0.969857 1 1 1 1
 0.969857 1 1 1 1
 0.969857 1 1 1 1
 0.969857 1 1 1 1
 0.969857 1 1 1 1
 0.969857 1 1 1 1
 0.969857 1 1 1 1
 0.969857 1 1 1 1
 0.969857 1 1 1 1
 0.969857 1 1 1 1
 0.969857 1 1 1 1
 0.969857 1 1 1 1
 0.969857 1 1 1 1
pf_obs 
 0.8446 0.082 0.0669 0.0065 0
 0.8095 0.147 0.0364 0.0071 0
 0.9664 0.0169 0.016 0.0007 0
 0.9276 0.0648 0.0075 0.0001 0
 0.7033 0.2144 0.0806 0.0017 0
 0.9318 0.0425 0.0243 0.0014 0
 0.5671 0.3108 0.0964 0.0239 0.0018
 0.0768 0.2599 0.5324 0.112 0.0189
 0.490249 0.384438 0.106611 0.0170017 0.00170017
 0.7925 0.1577 0.0466 0.003 0.0002
 0.840416 0.127587 0.0312969 0.00059994 9.999e-05
 0.8084 0.0986 0.0794 0.0134 0.0002
 0.7335 0.1905 0.0724 0.0035 0.0001
 0.4001 0.4547 0.1325 0.0127 0
 0.49795 0.308269 0.164784 0.0264974 0.00249975
 0.9179 0.0499 0.0305 0.0017 0
 0.2467 0.6533 0.0926 0.0074 0
 0.9418 0.0223 0.034 0.0019 0
 0.707729 0.231977 0.0356964 0.0245975 0
 0.517169 0.277429 0.184464 0.0207286 0.00020938
 0.811772 0.124168 0.05621 0.00726502 0.000585176
 0.764997 0.148141 0.077277 0.00933861 0.000247198
 0.163321 0.427699 0.378323 0.0303852 0.000271297
 0.753843 0.0900009 0.118128 0.0371064 0.000921714
 0.721811 0.176058 0.0630433 0.0369309 0.00215725
 0.143369 0.312575 0.442814 0.0836902 0.0175525
 0.692698 0.0596174 0.167031 0.0765114 0.00414204
 0.394062 0.376323 0.152708 0.0712218 0.00568511
 0.125707 0.32114 0.495352 0.0537591 0.00404204
 0.23352 0.215282 0.420074 0.123614 0.00750983
pf_pred 
 0.474771 0.136425 0.364714 0.0240884 8.49807e-07
 0.424226 0.32189 0.0669595 0.175356 0.0115695
 0.579106 0.216118 0.115661 0.0235238 0.0655901
 0.734131 0.176436 0.046437 0.0242986 0.0186981
 0.658022 0.274377 0.0452406 0.0116176 0.0107425
 0.754412 0.178513 0.054036 0.0087297 0.00430983
 0.46691 0.433853 0.072575 0.0214838 0.00517803
 0.458802 0.30906 0.189892 0.0309077 0.0113378
 0.54696 0.244259 0.120253 0.0724306 0.0160964
 0.725037 0.175947 0.0539986 0.0259433 0.0190736
 0.831695 0.134544 0.021815 0.00651942 0.00542714
 0.744046 0.223234 0.0262635 0.00417307 0.00228277
 0.691344 0.250784 0.0506418 0.0058052 0.00142497
 0.640422 0.276544 0.0677895 0.0133427 0.00190231
 0.754392 0.182027 0.0492526 0.0117012 0.00262702
 0.940956 0.0486617 0.00774935 0.00204005 0.0005926
 0.371881 0.602558 0.021161 0.00328555 0.00111466
 0.910421 0.0409955 0.0466494 0.00160125 0.000332553
 0.587628 0.385969 0.0122325 0.0136076 0.0005634
 0.631682 0.248639 0.112195 0.00346983 0.00401443
 0.72856 0.193704 0.0528826 0.0233019 0.00155239
 0.744552 0.2026 0.0379597 0.0101319 0.00475613
 0.315542 0.553324 0.104519 0.0191239 0.00749086
 0.740314 0.102014 0.127991 0.0236625 0.00601843
 0.624575 0.300594 0.0297786 0.0365799 0.0084732
 0.426334 0.401032 0.138821 0.0134651 0.0203487
 0.730016 0.13714 0.0934459 0.0316882 0.00770984
 0.679857 0.253392 0.0342631 0.0228601 0.00962717
 0.328108 0.501521 0.135439 0.0179408 0.016992
 0.420506 0.234042 0.259208 0.0685763 0.0176676
pobs_RECLAS
 0 0 0 0 0
 0 0 0 0 0
 0 0 0 0 0
 0 0 0 0 0
 0 0 0 0 0
 0 0 0 0 0
 0 0 0 0 0
 0 0 0 0 0
 0 0 0 0 0
 0 0 0 0 0
 0.991045 0.00858322 0.000360255 1.14367e-05 0
 0.934742 0.0480273 0.0164251 0.00080598 0
 0.827803 0.169806 0.00239088 0 0
 0.941827 0.0461693 0.0120037 0 0
 0.791401 0.0380133 0.147996 0.0225897 0
 0.846168 0.0940531 0.0597789 0 0
 0.134021 0.677848 0.182769 0.00536245 0
 0.80878 0.0450904 0.141981 0.00414843 0
 0.846168 0.0940531 0.0597789 0 0
 0.905697 0.0802665 0.012482 0.00150086 5.37128e-05
 0.989698 0.0102097 9.19794e-05 0 0
 0.975433 0.0193895 0.00387452 0.00125025 5.28907e-05
 0.303575 0.632131 0.0575291 0.00676475 0
 0.966965 0.00978017 0.0227588 0.000495775 0
 0.843318 0.132988 0.00938335 0.0141283 0.000182051
 0.564624 0.303363 0.111486 0.0197234 0.00080311
 0.826376 0.0876187 0.0782897 0.00655872 0.00115652
 0.89761 0.0855135 0.0140674 0.00269457 0.000114338
 0.34875 0.467042 0.161289 0.0227151 0.000203297
 0.318654 0.224769 0.449479 0.00709798 0
ppred_RECLAS
 0.556809 0.116805 0.306183 0.0202015 7.12642e-07
 0.50583 0.278803 0.0568456 0.14871 0.00981096
 0.65666 0.178055 0.0934014 0.0189762 0.0529075
 0.793911 0.13773 0.0355131 0.0185623 0.0142831
 0.72564 0.22099 0.0357296 0.00916565 0.00847474
 0.809446 0.139269 0.0413235 0.00666886 0.00329222
 0.551454 0.366503 0.0600192 0.0177469 0.00427711
 0.538948 0.265515 0.159983 0.0260124 0.00954155
 0.627791 0.202611 0.0977305 0.0588008 0.0130666
 0.787462 0.137055 0.0411865 0.0197656 0.0145309
 0.871604 0.103049 0.0163845 0.00489141 0.00407167
 0.802122 0.173044 0.0199387 0.0031646 0.00173101
 0.757413 0.197869 0.0391373 0.00448146 0.00109997
 0.717334 0.218518 0.0523816 0.0102977 0.00146809
 0.811912 0.140169 0.03713 0.0088112 0.00197807
 0.956904 0.035648 0.00556064 0.00146225 0.000424734
 0.449466 0.528562 0.0181928 0.00282167 0.000957228
 0.93398 0.0305437 0.0340659 0.00116807 0.000242575
 0.663891 0.315009 0.00978121 0.0108689 0.000449984
 0.704581 0.200744 0.0887606 0.00274212 0.00317232
 0.78798 0.15218 0.0407218 0.0179243 0.00119406
 0.801729 0.157919 0.0289932 0.00773027 0.00362855
 0.388515 0.496219 0.0918915 0.0167957 0.00657853
 0.798306 0.0801952 0.0986466 0.0182183 0.00463346
 0.696162 0.244259 0.0237241 0.029112 0.006743
 0.505952 0.34743 0.117924 0.0114263 0.0172666
 0.789254 0.108107 0.072222 0.0244652 0.00595215
 0.744977 0.202694 0.0268741 0.0179114 0.00754272
 0.401992 0.44861 0.118792 0.0157192 0.0148871
 0.502197 0.203469 0.220911 0.0583827 0.0150405
pobs_PELACES
 0 0 0 0 0
 0 0 0 0 0
 0 0 0 0 0
 0 0 0 0 0
 0 0 0 0 0
 0 0 0 0 0
 0 0 0 0 0
 0 0 0 0 0
 0 0 0 0 0
 0 0 0 0 0
 0 0 0 0 0
 0 0 0 0 0
 0 0 0 0 0
 0 0 0 0 0
 0 0 0 0 0
 0 0 0 0 0
 0.505614 0.472636 0.0217494 0 0
 0 0 0 0 0
 0.443492 0.261883 0.143347 0.151278 0
 0.227955 0.32914 0.350689 0.0885471 0.00366901
 0.970185 0.0296113 0.000203453 0 0
 0.997202 0.00247181 0.000326279 0 0
 0.445219 0.490057 0.0546422 0.010081 0
 0.90214 0.0892962 0.00764917 0.000914606 0
 0 0 0 0 0
 0.581667 0.319106 0.0959925 0.00289975 0.000334073
 0.762889 0.0836404 0.116647 0.0363945 0.000428098
 0.88444 0.0763242 0.0277011 0.0115352 0
 0.521256 0.241999 0.230069 0.00667565 0
 0.616807 0.101726 0.260614 0.0208532 0
ppred_PELACES
 0.553558 0.117767 0.308332 0.0203419 7.17594e-07
 0.50605 0.27896 0.0567511 0.148445 0.0097934
 0.656741 0.178205 0.0932757 0.0189485 0.0528298
 0.796504 0.136151 0.0349896 0.0182854 0.0140699
 0.722595 0.223492 0.0360941 0.00925861 0.00856067
 0.809118 0.139586 0.0413331 0.00666967 0.0032926
 0.559893 0.359919 0.058666 0.0173424 0.00417956
 0.53411 0.268392 0.161588 0.0262724 0.00963688
 0.630974 0.201171 0.0967329 0.0581908 0.012931
 0.792388 0.134088 0.0401222 0.0192504 0.014152
 0.869651 0.104636 0.016621 0.00496176 0.00413022
 0.805826 0.169889 0.0194986 0.00309409 0.00169243
 0.761147 0.194955 0.0384193 0.00439837 0.00107957
 0.729037 0.209779 0.0499654 0.00981935 0.00139987
 0.817032 0.136516 0.0359952 0.00853978 0.00191712
 0.957716 0.0349989 0.00543953 0.00143012 0.000415398
 0.450005 0.528096 0.0181334 0.00281209 0.000953971
 0.93408 0.0305345 0.0339784 0.00116493 0.000241921
 0.666854 0.312296 0.00966603 0.010739 0.000444604
 0.70655 0.199589 0.0879978 0.00271813 0.00314455
 0.788077 0.152208 0.0406383 0.0178854 0.00119146
 0.803158 0.156873 0.0287191 0.00765601 0.00359366
 0.386858 0.497725 0.0920134 0.0168164 0.00658662
 0.796862 0.0808442 0.0992942 0.0183364 0.00466348
 0.694121 0.245975 0.0238546 0.0292698 0.00677952
 0.502559 0.349945 0.118633 0.0114942 0.0173692
 0.787652 0.109008 0.0727162 0.0246307 0.00599238
 0.742378 0.204813 0.0271219 0.0180754 0.00761174
 0.398634 0.451265 0.119352 0.0157924 0.0149564
 0.501032 0.204167 0.221267 0.058471 0.0150632
pobs_pel_tallas
 0 0 0 0 0 0 0 0 0 0 0 0 0 0 0 0 0 0 0 0 0 0 0 0 0 0
 0 0 0 0 0 0 0 0 0 0 0 0 0 0 0 0 0 0 0 0 0 0 0 0 0 0
 0 0 0 0 0 0 0 0 0 0 0 0 0 0 0 0 0 0 0 0 0 0 0 0 0 0
 0 0 0 0 0 0 0 0 0 0 0 0 0 0 0 0 0 0 0 0 0 0 0 0 0 0
 0 0 0 0 0 0 0 0 0 0 0 0 0 0 0 0 0 0 0 0 0 0 0 0 0 0
 0 0 0 0 0 0 0 0 0 0 0 0 0 0 0 0 0 0 0 0 0 0 0 0 0 0
 0 0 0 0 0 0 0 0 0 0 0 0 0 0 0 0 0 0 0 0 0 0 0 0 0 0
 0 0 0 0 0 0 0 0 0 0 0 0 0 0 0 0 0 0 0 0 0 0 0 0 0 0
 0 0 0 0 0 0 0 0 0 0 0 0 0 0 0 0 0 0 0 0 0 0 0 0 0 0
 0 0 0 0 0 0 0 0 0 0 0 0 0 0 0 0 0 0 0 0 0 0 0 0 0 0
 0 0 0 0 0 0 0 0 0 0 0 0 0 0 0 0 0 0 0 0 0 0 0 0 0 0
 0 0 0 0 0 0 0 0 0 0 0 0 0 0 0 0 0 0 0 0 0 0 0 0 0 0
 0.00862536 0 0 0.000197151 0.00414017 0.0128641 0.00837892 0.0270097 0.101434 0.158115 0.152841 0.127902 0.109271 0.109419 0.0830992 0.0579132 0.0238553 0.00714673 0.00463305 0.00128148 0.00103504 0.000492878 0.000147863 0.000147863 4.92878e-05 0
 0 0 0 0 0 0 0 0 0 0 0 0 0 0 0 0 0 0 0 0 0 0 0 0 0 0
 0 0 0 0 0 0 0 0.0054083 0.00873648 0.0413646 0.0450493 0.0745869 0.0622846 0.0627006 0.0613931 0.0827291 0.12552 0.122667 0.0946155 0.0697135 0.0546179 0.0294188 0.0215738 0.0213955 0.0102223 0.00600262
 0 0 0 0 0.00359764 0.0251062 0.0480494 0.140153 0.205849 0.193036 0.1447 0.116669 0.0760912 0.0342217 0.00950174 0.001854 0.000860785 0 0 0 0.000165536 0 0.000143464 0 0 0
 0 0 0 0 0 0 0 0.000145254 0.000435761 0.0275982 0.070085 0.0708112 0.156366 0.174668 0.174014 0.160142 0.0824315 0.0480064 0.0283245 0.00493863 0.00203355 0 0 0 0 0
 0 0 0 0 0 0 0 0 0 0 0 0 0 0 0 0 0 0 0 0 0 0 0 0 0 0
 0 0 1.00437e-05 0.000401748 0.00122533 0.00171747 0.00176769 0.0269171 0.070346 0.194647 0.189555 0.159765 0.064822 0.0314167 0.0384472 0.0292271 0.0345202 0.0313363 0.0194345 0.0106764 0.0143323 0.0359363 0.0279516 0.0138201 0.00172751 0
 0 0.0021121 0.0136068 0.0755702 0.200478 0.177729 0.0527432 0.0373336 0.0318909 0.0142505 0.0149659 0.0166563 0.0217959 0.0798694 0.0677717 0.0528807 0.04013 0.0224614 0.0357745 0.0225083 0.00881397 0.00855152 0.00135912 0.000746735 0 0
 0 0 0 0 5.4009e-05 0.00500934 0.000945158 0.0243581 0.138947 0.33067 0.221406 0.137944 0.0707744 0.0437923 0.0131692 0.00525238 0.0047753 0.00276346 9.45158e-05 9.00151e-06 2.25038e-05 9.00151e-06 4.50075e-06 0 0 0
 0.000866109 0.00284123 0.00948549 0.0512746 0.133035 0.25785 0.225252 0.132002 0.0553304 0.0519788 0.0540692 0.017754 0.00435017 0.00159236 0.00146478 0.000404838 0.000125132 0.000115318 0.000107957 0.000100596 0 0 0 0 0 0
 0 0 0 0 0.00144013 0.00171154 0.00461396 0.0210425 0.0478622 0.0707936 0.0888783 0.103762 0.0637923 0.0337046 0.0602308 0.124433 0.169614 0.0934646 0.0462172 0.0250306 0.0313229 0.00938855 0.002487 0.000210481 0 0
 0 0.00764035 0.051015 0.0998891 0.058973 0.0496711 0.0374665 0.0718981 0.12319 0.153886 0.159021 0.0857701 0.0377988 0.023471 0.0147837 0.00900784 0.00315554 0.000888139 0.00291439 0.00214683 0.00393193 0.00274676 0.000635225 9.99891e-05 0 0
 0 0 0 0 0 0 0 0 0 0 0 0 0 0 0 0 0 0 0 0 0 0 0 0 0 0
 0 0 0 0 0 0 0 0 0 0 0 0 0 0 0 0 0 0 0 0 0 0 0 0 0 0
 0 0 0 0 0 0 0 0 0 0 0 0 0 0 0 0 0 0 0 0 0 0 0 0 0 0
 0 0 0 0 0 0 0 0 0 0 0 0 0 0 0 0 0 0 0 0 0 0 0 0 0 0
 0 0 0 0 0 0 0 0 0 0 0 0 0 0 0 0 0 0 0 0 0 0 0 0 0 0
 0 0 0 0 0 0 0 0 0 0 0 0 0 0 0 0 0 0 0 0 0 0 0 0 0 0
ppred_pel_tallas
 1.10969e-16 4.55959e-05 0.000443208 0.00294527 0.0133888 0.0416576 0.0887563 0.129545 0.129557 0.0888142 0.0418533 0.01396 0.00440083 0.00369292 0.00642857 0.0111051 0.0172692 0.0243674 0.0317659 0.039014 0.0458279 0.0517364 0.0557882 0.0567562 0.0537998 0.0470819
 1.18254e-16 4.16827e-05 0.000405171 0.00269251 0.0122398 0.0380826 0.0811399 0.118432 0.118459 0.0812717 0.0385253 0.0135198 0.00591023 0.00744535 0.0134615 0.0223257 0.0325024 0.0416592 0.0475132 0.0491824 0.0477661 0.0455617 0.0445058 0.0450453 0.0461441 0.046168
 1.13578e-16 5.4095e-05 0.000525822 0.00349427 0.0158845 0.0494226 0.105301 0.153693 0.15371 0.105385 0.0497069 0.0167073 0.00556561 0.00506777 0.00874027 0.0145239 0.0212993 0.0276068 0.0320068 0.0338853 0.0338023 0.0330188 0.0325875 0.0327358 0.0329225 0.0323527
 1.0526e-16 6.5607e-05 0.000637723 0.0042379 0.0192649 0.0599402 0.127709 0.186398 0.186412 0.127774 0.0601562 0.0198891 0.00580643 0.00406743 0.00659607 0.0108461 0.0157275 0.0200174 0.0225243 0.0227246 0.021072 0.0186645 0.0165372 0.0151356 0.0142832 0.0135126
 1.03477e-16 5.95192e-05 0.000578548 0.00384466 0.0174773 0.0543784 0.11586 0.169105 0.169127 0.115965 0.054732 0.0184987 0.00640907 0.00617825 0.0106991 0.0176062 0.0253872 0.031992 0.0353731 0.0345927 0.0303757 0.0246036 0.0191698 0.0150898 0.0123802 0.010518
 1.02455e-16 6.6646e-05 0.000647823 0.00430501 0.01957 0.0608895 0.129732 0.189351 0.189364 0.129798 0.061111 0.02021 0.00591333 0.00416431 0.00676127 0.0111145 0.0161028 0.020455 0.0229166 0.0229001 0.0208106 0.0177248 0.0146992 0.0122597 0.0103737 0.00875938
 1.04232e-16 4.61178e-05 0.000448281 0.00297899 0.0135421 0.0421346 0.0897734 0.131034 0.131069 0.089943 0.042704 0.015187 0.0071087 0.00946584 0.0171791 0.028346 0.0408726 0.051491 0.0568964 0.0555618 0.0486334 0.0391209 0.0300644 0.0231122 0.0183334 0.0149536
 1.08998e-16 4.3994e-05 0.000427637 0.0028418 0.0129184 0.0401942 0.0856389 0.124998 0.125024 0.0857664 0.0406227 0.0141588 0.00596491 0.00727725 0.0131461 0.0219076 0.0321246 0.0415897 0.0480466 0.0504085 0.049291 0.0463588 0.0430666 0.0398611 0.036341 0.0319813
 1.10867e-16 5.19725e-05 0.000505192 0.00335718 0.0152612 0.0474835 0.101169 0.147664 0.147683 0.101265 0.0478043 0.0161894 0.00569329 0.00562629 0.0098414 0.0163565 0.0239603 0.0309959 0.0358164 0.0376997 0.0372421 0.0358268 0.0346067 0.0338293 0.0329309 0.0311403
 1.05518e-16 6.5268e-05 0.000634428 0.004216 0.0191653 0.0596305 0.12705 0.185435 0.185448 0.127113 0.0598434 0.0197808 0.0057629 0.00401834 0.00651289 0.0107199 0.0155711 0.0198736 0.0224652 0.0228338 0.0214159 0.0192649 0.0173595 0.0160978 0.0152796 0.0144431
 1.01704e-16 7.1632e-05 0.000696288 0.00462708 0.021034 0.0654448 0.139437 0.203515 0.203525 0.139487 0.0656103 0.0215123 0.00582768 0.00331792 0.00505278 0.00824582 0.0118859 0.0149787 0.0165639 0.0162038 0.0142399 0.0115547 0.0090349 0.00715375 0.00591426 0.00506529
 1.01203e-16 6.63748e-05 0.000645187 0.00428749 0.0194903 0.0606418 0.129204 0.188581 0.188597 0.129284 0.0609103 0.0202657 0.0062334 0.00489181 0.0081276 0.0133212 0.0191589 0.0240405 0.0263814 0.0254489 0.021794 0.0168778 0.0122024 0.00862256 0.0062328 0.00469301
 1.01783e-16 6.26947e-05 0.000609415 0.00404978 0.0184097 0.0572796 0.122041 0.178126 0.178145 0.122133 0.0575882 0.0193013 0.00628854 0.00549907 0.00935607 0.0153862 0.0221994 0.0279994 0.0309924 0.0303383 0.0266312 0.0214655 0.0164569 0.0124904 0.0096315 0.00751966
 1.02718e-16 6.00498e-05 0.000583706 0.00387893 0.0176331 0.0548631 0.116892 0.170612 0.170632 0.116991 0.0551955 0.0185936 0.00629147 0.00585544 0.0100871 0.01662 0.0240269 0.0304034 0.0338422 0.0334514 0.029859 0.0247378 0.0197566 0.0157885 0.0128412 0.0105026
 1.02255e-16 6.72979e-05 0.000654159 0.00434712 0.0197614 0.0614851 0.131001 0.191202 0.191216 0.131065 0.0617015 0.0203869 0.0059186 0.00408913 0.00660389 0.010845 0.0156955 0.0199039 0.0222379 0.0221242 0.0199693 0.0168464 0.0138128 0.0114015 0.00958559 0.00807831
 1.0038e-16 7.88858e-05 0.000766798 0.00509564 0.0231641 0.072072 0.153557 0.224122 0.224125 0.153574 0.0721274 0.023324 0.0054971 0.00164333 0.00174401 0.00275946 0.00397003 0.00499767 0.00551567 0.00537477 0.00468665 0.00374532 0.0028488 0.00216029 0.00168912 0.00136128
 1.01102e-16 3.70664e-05 0.000360299 0.00239431 0.0108842 0.0338652 0.0721552 0.105323 0.105374 0.0724034 0.0346983 0.0132894 0.00842711 0.0135148 0.0249751 0.0411129 0.0589451 0.0735433 0.0799096 0.075739 0.062823 0.0459085 0.0299626 0.0179415 0.0103297 0.0060832
 1.01147e-16 7.6939e-05 0.000747874 0.00496989 0.0225924 0.0702933 0.149767 0.218591 0.218594 0.149782 0.0703425 0.0227352 0.00533054 0.0015424 0.00160698 0.00258966 0.00384996 0.00510411 0.00610913 0.0067365 0.00701448 0.00705229 0.00691722 0.00658161 0.00597802 0.00509538
 1.01512e-16 5.4928e-05 0.00053392 0.00354808 0.0161291 0.0501838 0.106923 0.156063 0.156093 0.10707 0.0506765 0.0175516 0.00711611 0.00831445 0.0148067 0.0243268 0.0348875 0.043558 0.0473959 0.0450567 0.037617 0.0278897 0.0187959 0.0120402 0.00784437 0.0055232
 1.03396e-16 5.81976e-05 0.000565702 0.00375929 0.0170892 0.0531709 0.113287 0.16535 0.165369 0.113381 0.0534884 0.0180074 0.00606854 0.00562111 0.00970096 0.0160534 0.0233693 0.0299023 0.0338876 0.0344698 0.0321449 0.0283039 0.0242841 0.0207109 0.0175233 0.0144336
 1.03207e-16 6.49129e-05 0.000630977 0.00419306 0.0190611 0.0593061 0.126359 0.184427 0.184442 0.12643 0.0595475 0.0197588 0.00594608 0.00446351 0.0073604 0.0121099 0.0175438 0.0222855 0.0249767 0.0249937 0.0227998 0.0195879 0.0165122 0.0141208 0.0123255 0.010754
 1.02245e-16 6.61551e-05 0.000643051 0.0042733 0.0194258 0.060441 0.128776 0.187956 0.187971 0.12885 0.0606893 0.0201432 0.0060745 0.00457697 0.00754298 0.0123802 0.0178626 0.0225369 0.0249675 0.0244933 0.0216109 0.0176197 0.0138236 0.0109165 0.00890814 0.00745016
 1.05584e-16 3.18651e-05 0.00030974 0.00205833 0.00935692 0.0291131 0.0620303 0.0905451 0.0905932 0.0622649 0.0299009 0.0116327 0.0077725 0.0127892 0.0237483 0.039251 0.0566339 0.0714144 0.0790281 0.077351 0.0679328 0.0548819 0.0423489 0.0325864 0.0257102 0.0207143
 1.05515e-16 6.56365e-05 0.00063801 0.0042398 0.0192735 0.0599671 0.127767 0.186481 0.186489 0.127805 0.0600979 0.0196532 0.00519963 0.00275617 0.00415547 0.00694135 0.010403 0.0139407 0.0169683 0.0191881 0.020688 0.0217186 0.0223574 0.0223801 0.0214427 0.0193842
 1.04834e-16 5.71739e-05 0.000555751 0.00369316 0.0167886 0.0522357 0.111294 0.162442 0.162466 0.11141 0.0526245 0.0179115 0.00651153 0.00670754 0.0117389 0.0193136 0.0278148 0.0349865 0.0385836 0.037607 0.0329167 0.0266597 0.020976 0.0169789 0.0146019 0.0131235
 1.07606e-16 4.13952e-05 0.000402376 0.00267393 0.0121553 0.0378199 0.0805806 0.117617 0.117651 0.080746 0.0383756 0.0137617 0.00671137 0.00923366 0.016865 0.0279499 0.0405719 0.0516747 0.0581479 0.0585304 0.053816 0.0466455 0.0395812 0.0338543 0.0293244 0.0252696
 1.05611e-16 6.48779e-05 0.000630636 0.0041908 0.0190508 0.0592741 0.12629 0.184326 0.184337 0.126342 0.0594485 0.0195558 0.0054632 0.00342418 0.00541724 0.00897657 0.0132157 0.0172339 0.0201518 0.0215627 0.021728 0.0212929 0.0207658 0.0202033 0.0193049 0.0177489
 1.03936e-16 6.11487e-05 0.000594387 0.00394991 0.0179557 0.0558671 0.119031 0.173734 0.173754 0.119128 0.056191 0.0188914 0.00629876 0.0057227 0.00980325 0.0161175 0.0232323 0.0292652 0.0323482 0.0316413 0.0278377 0.022692 0.0179542 0.0145375 0.0124021 0.0109893
 1.07675e-16 3.2835e-05 0.000319168 0.00212099 0.00964172 0.0299992 0.0639181 0.0932995 0.093343 0.0641311 0.0307147 0.0117093 0.00731511 0.0116721 0.0216354 0.0358238 0.0518545 0.0657351 0.073396 0.0729357 0.065698 0.0552437 0.045097 0.0370594 0.0310795 0.026225
 1.14851e-16 4.12694e-05 0.000401153 0.0026658 0.0121184 0.0377048 0.0803349 0.117255 0.117275 0.0804328 0.0380344 0.0130742 0.00508061 0.00572434 0.0103031 0.0173668 0.0259505 0.0346052 0.0418432 0.0469438 0.0502266 0.05248 0.0540628 0.054504 0.0528993 0.0486714
pSPR Fmed_Fpbrs
0.550824   0.230816 0.230816
Fs Fmed_Fpbrs
0.349565   1.005 1.005
SSBpbr Bo_Bmed_Bpbrs
1.57265e+06  787621  284361 284361
Ro
141063
SPR SPRFo_SPRFmed_SPRFpbrs
1.00414e+06 553105 231772
Fref
1.005
log_Ro
11.677
likeval ReclasPelacesDesembMPH_pf_preclas_ppelaces_ptallas_desvR_qrecl_qpela
 12.5736 16.5435 0.0386982 0.000816741 228.871 104.108 77.4001 0 23.7074 1.88656e-06 9.90517e-06 0.196779 0 0 0
q_reclas_q_pelaces
1.21487 1.5648
M
1
N
 173546 37330.1 98033.6 6468.74 0.228197
 96345.2 55613 11377.4 29769.2 1964
 96884.1 27487.5 14466.8 2939.72 8196.29
 149469 27776.6 7198.2 3763.43 2895.88
 120834 37653.3 6098.01 1564.45 1446.53
 218272 39177.9 11660.8 1882.15 929.17
 86876.2 63611.2 10491.2 3103.28 747.923
 37443.6 18751.5 11312 1839.4 674.708
 36551.5 12586.7 6100.14 3671.16 815.812
 49463 9409.98 2846.27 1366.42 1004.56
 92452 11149.2 1775.27 530.027 441.203
 130335 30497 3534.9 561.226 306.992
 108734 30658.3 6097.97 698.464 171.441
 75550.7 26281.5 6361.48 1251.26 178.39
 70436.4 13384.2 3570.37 847.593 190.284
 380396 15282.4 2397.06 630.53 183.15
 74734.9 92348.5 3190.12 494.878 167.885
 610706 20932.7 23427 803.428 166.85
 342130 173452 5411.94 6015.31 249.044
 289121 87409.9 38817.2 1199.47 1387.68
 379288 76720.7 20599.3 9068.72 604.136
 517510 108146 19941.2 5318.02 2496.28
 103903 137476 25524.1 4665.87 1827.54
 303593 31471.3 38801.3 7166.82 1822.75
 259502 93947.1 9145.71 11224.1 2599.78
 114087 80345.2 27321 2647.53 4000.8
 258575 36522.8 24454.3 8284.92 2015.65
 287844 80325.1 10669.6 7111.94 2994.94
 80526.7 92114.2 24435.9 3233.83 3062.65
 61456.1 25855 28148.8 7440.31 1916.79
pred_Ctot
 14303.5 4110.11 10987.8 725.717 0.0256023
 13956.4 10589.7 2202.86 5768.93 380.618
 13791.5 5146.88 2754.48 560.22 1562.03
 30711.2 7380.91 1942.62 1016.5 782.206
 9156.95 3818.2 629.562 161.669 149.491
 29221.2 6914.46 2093.01 338.133 166.936
 23692 22014.6 3682.61 1090.13 262.744
 2056.47 1385.29 851.15 138.537 50.819
 7139.71 3188.42 1569.72 945.469 210.113
 12597.4 3057.05 938.216 450.759 331.4
 6092.47 985.582 159.803 47.7571 39.7558
 30801.3 9241.25 1087.23 172.753 94.5001
 24389.2 8847.13 1786.54 204.796 50.2699
 26247.2 11333.9 2778.3 546.839 77.9647
 19058.7 4598.66 1244.3 295.615 66.368
 84572.6 4373.68 696.507 183.359 53.2625
 11525.9 18675.5 655.857 101.831 34.5473
 89873.1 4046.91 4605.04 158.069 32.8283
 68055.1 44700.4 1416.69 1575.94 65.2493
 52300.2 20586.1 9289.2 287.285 332.376
 55060.2 14639 3996.56 1761.02 117.32
 93341 25399 4758.83 1270.19 596.254
 11787.8 20670.8 3904.57 714.42 279.839
 30913 4259.75 5344.45 988.066 251.309
 26348.8 12681.1 1256.26 1543.19 357.457
 9466.86 8905.03 3082.55 298.996 451.849
 25782.7 4843.53 3300.33 1119.16 272.296
 23945 8924.62 1206.77 805.144 339.074
 6548.82 10010 2703.27 358.087 339.15
 7397.97 4117.51 4560.24 1206.46 310.826
F
 0.138026 0.18817 0.191838 0.192035 0.192045
 0.254208 0.34656 0.353316 0.353679 0.353698
 0.249321 0.339899 0.346524 0.34688 0.346899
 0.378665 0.516232 0.526295 0.526835 0.526864
 0.126304 0.17219 0.175547 0.175727 0.175736
 0.232951 0.31758 0.323771 0.324104 0.324121
 0.53321 0.726923 0.741093 0.741854 0.741895
 0.0901945 0.122962 0.125359 0.125487 0.125494
 0.356953 0.486632 0.496118 0.496627 0.496654
 0.489857 0.66782 0.680838 0.681537 0.681574
 0.109062 0.148683 0.151582 0.151738 0.151746
 0.447204 0.609672 0.621556 0.622195 0.622228
 0.420043 0.572642 0.583805 0.584404 0.584436
 0.730727 0.996196 1.01562 1.01666 1.01671
 0.528009 0.719832 0.733864 0.734618 0.734658
 0.415642 0.566643 0.577689 0.578282 0.578313
 0.272634 0.37168 0.378925 0.379315 0.379335
 0.258716 0.352707 0.359582 0.359951 0.359971
 0.364583 0.497035 0.506724 0.507244 0.507272
 0.326673 0.445351 0.454033 0.454499 0.454524
 0.254812 0.347384 0.354156 0.35452 0.354539
 0.325579 0.44386 0.452512 0.452977 0.453001
 0.194379 0.264996 0.270162 0.270439 0.270454
 0.172956 0.23579 0.240387 0.240634 0.240647
 0.172431 0.235074 0.239657 0.239903 0.239916
 0.13902 0.189526 0.19322 0.193419 0.193429
 0.169103 0.230538 0.235032 0.235273 0.235286
 0.139389 0.190029 0.193733 0.193932 0.193943
 0.136085 0.185525 0.189141 0.189335 0.189346
 0.207325 0.282645 0.288154 0.28845 0.288466
nmprior
 8 8 7 0
nm_flota  nm_reclas  nm_pelaces    nm_pelaL
inf 12.9201 17.6055 31.2448
cv_recla  cv_pelaces  cv_mph
0.328288 0.478607 0.881957
 ------------------------------------------------
Talla a la edad & desviación 
 8 13.2811 15.8009 17.003 17.5766
 0.8 1.32811 1.58009 1.7003 1.75766
