years
 1991 1992 1993 1994 1995 1996 1997 1998 1999 2000 2001 2002 2003 2004 2005 2006 2007 2008 2009 2010 2011 2012 2013 2014 2015 2016 2017 2018 2019 2020
reclasobs
 0 0 0 0 0 0 0 0 0 252601 567819 844713 477998 351125 339783 2.1784e+06 2.13404e+06 4.81314e+06 1.55562e+06 2.62356e+06 3.21686e+06 3.843e+06 1.13348e+06 3.07943e+06 1.97215e+06 2.03268e+06 2.025e+06 2.42433e+06 2.27542e+06 1.05018e+06
reclaspred
 2.98925e+06 1.64592e+06 826908 741042 690109 1.20589e+06 676567 577656 430877 320176 452903 616274 604202 449987 445515 1.36561e+06 1.26834e+06 2.99782e+06 2.47596e+06 1.87275e+06 3.31308e+06 2.65215e+06 2.03377e+06 3.14691e+06 2.32615e+06 2.0263e+06 2.48972e+06 2.70084e+06 2.15743e+06 1.27762e+06
pelacesobs
 0 0 0 0 0 0 0 0 0 0 0 0 0 0 0 552880 188675 0 991730 2.46772e+06 1.41603e+06 1.21717e+06 2.29649e+06 1.80582e+06 0 1.4828e+06 1.56532e+06 1.57751e+06 1.42118e+06 867257
pelacespred
 1.33442e+06 809209 401529 291707 291701 525278 253163 290347 198093 138351 210064 240001 260512 200487 205345 534631 499390 1.37408e+06 1.16064e+06 810403 1.40816e+06 1.21304e+06 931510 1.58396e+06 1.12397e+06 977721 1.37301e+06 1.46726e+06 965386 650949
mphobs
 0 0 0 0 0 0 0 0 0 0 0 498337 0 5186 125008 0 168611 109162 213762 579715 649985 157893 87575 83554 0 0 0 0 0 0
mphpred
 2.55263e+06 1.69057e+06 822204 445498 416912 457179 645866 344822 310620 210020 144255 304811 334058 274944 172581 219726 887898 800888 1.68269e+06 1.26399e+06 1.38174e+06 1.70712e+06 1.59237e+06 1.26652e+06 1.77798e+06 1.44126e+06 1.16817e+06 1.30023e+06 1.8563e+06 1.20835e+06
desembarqueobs
 494567 514787 250237 358949 120608 361735 552515 73892 212993 205616 52469 317467 293654 387597 252695 516296 358380 742168 942051 627588 828172 859565 418607 520667 417249 300574 407403 355545 319650 289779
desembarquepred
 494569 513933 250537 358983 120613 361728 552479 73896 213030 205646 52471.1 317509 293680 387573 252669 516222 358397 742041 941758 627396 828195 859502 418596 520675 417232 300562 407387 355518 319631 289778
Reclutas
 175770 100095 100031 131157 106320 217200 82741.2 34655.9 37677.5 53590.1 101764 137618 112990 78069.9 75016.2 457253 83087 693012 398538 318941 453580 594038 114045 362035 296391 131457 314657 351302 87258.4 64738.3
log_desv_Rt
 0.148514 -0.414546 -0.415182 -0.144271 -0.35421 0.360153 -0.604947 -1.4752 -1.3916 -1.0393 -0.398013 -0.0961851 -0.293368 -0.66306 -0.70296 1.10457 -0.600776 1.52038 0.967137 0.744341 1.09651 1.36628 -0.284069 0.871075 0.671013 -0.141984 0.73082 0.84098 -0.551791 -0.850311
SSB
 2.55263e+06 1.69057e+06 822204 445498 416912 457179 645866 344822 310620 210020 144255 304811 334058 274944 172581 219726 887898 800888 1.68269e+06 1.26399e+06 1.38174e+06 1.70712e+06 1.59237e+06 1.26652e+06 1.77798e+06 1.44126e+06 1.16817e+06 1.30023e+06 1.8563e+06 1.20835e+06
BT
 3.49843e+06 2.37419e+06 1.17286e+06 974091 769900 1.5222e+06 1.07477e+06 735913 667645 515637 529248 817591 866775 864767 727166 1.64929e+06 1.43164e+06 3.82639e+06 3.58054e+06 2.4322e+06 3.91702e+06 3.6044e+06 2.51395e+06 4.13883e+06 2.98052e+06 2.5226e+06 3.58358e+06 3.74134e+06 2.49189e+06 1.78809e+06
Ftot
 0.167395 0.308886 0.30449 0.51628 0.188974 0.343651 0.79778 0.137997 0.527591 0.680379 0.140021 0.56465 0.527814 0.915561 0.653414 0.466574 0.292574 0.29566 0.40881 0.362912 0.27798 0.35613 0.211874 0.191156 0.191786 0.156692 0.188183 0.153468 0.148672 0.229732
BD_Bspro_t
 0.97366 0.814411 0.630881 0.530114 0.488005 0.563858 0.565364 0.365413 0.421006 0.37552 0.35346 0.618878 0.505488 0.411424 0.296127 0.3521 0.573868 0.535546 0.648163 0.550675 0.526823 0.576071 0.588954 0.573907 0.682331 0.687744 0.692545 0.738156 0.788387 0.711127
BD_Bspro
 2.36679 1.56749 0.762344 0.413063 0.386559 0.423894 0.598844 0.319717 0.288005 0.19473 0.133752 0.282619 0.309737 0.254927 0.160016 0.203729 0.823255 0.74258 1.56018 1.17196 1.28114 1.58284 1.47644 1.17431 1.64853 1.33633 1.08312 1.20556 1.72115 1.12037
BD_Bo
 1.43758 0.952084 0.463044 0.250893 0.234794 0.257471 0.363735 0.194195 0.174933 0.118278 0.0812407 0.171661 0.188133 0.154841 0.097193 0.123744 0.500041 0.45104 0.947649 0.711845 0.778162 0.961407 0.896783 0.713272 1.00131 0.811681 0.65788 0.732254 1.04542 0.680509
BD_Brms
 8.00074 5.29876 2.57704 1.39633 1.30673 1.43294 2.02435 1.08078 0.973579 0.658268 0.45214 0.955371 1.04704 0.86176 0.540921 0.68869 2.78295 2.51023 5.27408 3.96173 4.33081 5.35065 4.99099 3.96967 5.57273 4.51736 3.66139 4.07532 5.81823 3.78733
Sel_flota
 0.72345 0.980278 0.998942 0.999944 0.999997
 0.72345 0.980278 0.998942 0.999944 0.999997
 0.72345 0.980278 0.998942 0.999944 0.999997
 0.72345 0.980278 0.998942 0.999944 0.999997
 0.72345 0.980278 0.998942 0.999944 0.999997
 0.72345 0.980278 0.998942 0.999944 0.999997
 0.72345 0.980278 0.998942 0.999944 0.999997
 0.72345 0.980278 0.998942 0.999944 0.999997
 0.72345 0.980278 0.998942 0.999944 0.999997
 0.72345 0.980278 0.998942 0.999944 0.999997
 0.72345 0.980278 0.998942 0.999944 0.999997
 0.72345 0.980278 0.998942 0.999944 0.999997
 0.72345 0.980278 0.998942 0.999944 0.999997
 0.72345 0.980278 0.998942 0.999944 0.999997
 0.72345 0.980278 0.998942 0.999944 0.999997
 0.72345 0.980278 0.998942 0.999944 0.999997
 0.72345 0.980278 0.998942 0.999944 0.999997
 0.72345 0.980278 0.998942 0.999944 0.999997
 0.72345 0.980278 0.998942 0.999944 0.999997
 0.72345 0.980278 0.998942 0.999944 0.999997
 0.72345 0.980278 0.998942 0.999944 0.999997
 0.72345 0.980278 0.998942 0.999944 0.999997
 0.72345 0.980278 0.998942 0.999944 0.999997
 0.72345 0.980278 0.998942 0.999944 0.999997
 0.72345 0.980278 0.998942 0.999944 0.999997
 0.72345 0.980278 0.998942 0.999944 0.999997
 0.72345 0.980278 0.998942 0.999944 0.999997
 0.72345 0.980278 0.998942 0.999944 0.999997
 0.72345 0.980278 0.998942 0.999944 0.999997
 0.72345 0.980278 0.998942 0.999944 0.999997
Sel_reclas
 1 1 1 1 1
 1 1 1 1 1
 1 1 1 1 1
 1 1 1 1 1
 1 1 1 1 1
 1 1 1 1 1
 1 1 1 1 1
 1 1 1 1 1
 1 1 1 1 1
 1 1 1 1 1
 1 1 1 1 1
 1 1 1 1 1
 1 1 1 1 1
 1 1 1 1 1
 1 1 1 1 1
 1 1 1 1 1
 1 1 1 1 1
 1 1 1 1 1
 1 1 1 1 1
 1 1 1 1 1
 1 1 1 1 1
 1 1 1 1 1
 1 1 1 1 1
 1 1 1 1 1
 1 1 1 1 1
 1 1 1 1 1
 1 1 1 1 1
 1 1 1 1 1
 1 1 1 1 1
 1 1 1 1 1
Sel_pelaces
 1 1 1 1 1
 1 1 1 1 1
 1 1 1 1 1
 1 1 1 1 1
 1 1 1 1 1
 1 1 1 1 1
 1 1 1 1 1
 1 1 1 1 1
 1 1 1 1 1
 1 1 1 1 1
 1 1 1 1 1
 1 1 1 1 1
 1 1 1 1 1
 1 1 1 1 1
 1 1 1 1 1
 1 1 1 1 1
 1 1 1 1 1
 1 1 1 1 1
 1 1 1 1 1
 1 1 1 1 1
 1 1 1 1 1
 1 1 1 1 1
 1 1 1 1 1
 1 1 1 1 1
 1 1 1 1 1
 1 1 1 1 1
 1 1 1 1 1
 1 1 1 1 1
 1 1 1 1 1
 1 1 1 1 1
pf_obs 
 0.8446 0.082 0.0669 0.0065 0
 0.8095 0.147 0.0364 0.0071 0
 0.9664 0.0169 0.016 0.0007 0
 0.9276 0.0648 0.0075 0.0001 0
 0.7033 0.2144 0.0806 0.0017 0
 0.9318 0.0425 0.0243 0.0014 0
 0.5671 0.3108 0.0964 0.0239 0.0018
 0.0768 0.2599 0.5324 0.112 0.0189
 0.490249 0.384438 0.106611 0.0170017 0.00170017
 0.7925 0.1577 0.0466 0.003 0.0002
 0.840416 0.127587 0.0312969 0.00059994 9.999e-05
 0.8084 0.0986 0.0794 0.0134 0.0002
 0.7335 0.1905 0.0724 0.0035 0.0001
 0.4001 0.4547 0.1325 0.0127 0
 0.49795 0.308269 0.164784 0.0264974 0.00249975
 0.9179 0.0499 0.0305 0.0017 0
 0.2467 0.6533 0.0926 0.0074 0
 0.9418 0.0223 0.034 0.0019 0
 0.707729 0.231977 0.0356964 0.0245975 0
 0.517169 0.277429 0.184464 0.0207286 0.00020938
 0.811772 0.124168 0.05621 0.00726502 0.000585176
 0.764997 0.148141 0.077277 0.00933861 0.000247198
 0.163321 0.427699 0.378323 0.0303852 0.000271297
 0.753843 0.0900009 0.118128 0.0371064 0.000921714
 0.721811 0.176058 0.0630433 0.0369309 0.00215725
 0.143369 0.312575 0.442814 0.0836902 0.0175525
 0.692698 0.0596174 0.167031 0.0765114 0.00414204
 0.394062 0.376323 0.152708 0.0712218 0.00568511
 0.125707 0.32114 0.495352 0.0537591 0.00404204
 0.23352 0.215282 0.420074 0.123614 0.00750983
pf_pred 
 0.442886 0.142414 0.388072 0.0266275 8.28885e-07
 0.411066 0.30889 0.0726529 0.194087 0.0133036
 0.562163 0.217384 0.116852 0.0269005 0.0767007
 0.689897 0.199984 0.0552806 0.0290835 0.0257548
 0.648083 0.268966 0.0539595 0.0145632 0.0144278
 0.777311 0.159763 0.0483247 0.00950192 0.0050995
 0.467755 0.442836 0.0645468 0.0190982 0.00576367
 0.46494 0.306225 0.191278 0.0271248 0.0104323
 0.580116 0.228531 0.110439 0.067646 0.0132681
 0.749284 0.167949 0.0455558 0.0214881 0.0157229
 0.837915 0.132492 0.0199971 0.00528518 0.00431094
 0.73543 0.231806 0.0268788 0.00397804 0.00190692
 0.676953 0.25934 0.055988 0.006334 0.00138494
 0.624845 0.282801 0.0744964 0.0156965 0.00216121
 0.742072 0.186385 0.0543196 0.0138972 0.00332611
 0.943398 0.0459086 0.00778272 0.00221055 0.000699934
 0.33571 0.637728 0.0216399 0.00358386 0.00133855
 0.8981 0.0421409 0.0574184 0.00190735 0.000433365
 0.57949 0.389264 0.0130843 0.0174512 0.000710596
 0.597235 0.266785 0.126093 0.00414331 0.00574417
 0.721299 0.188977 0.0598753 0.0276808 0.00216794
 0.72304 0.217093 0.0408735 0.0126796 0.00631383
 0.286142 0.561731 0.119816 0.0220678 0.0102424
 0.729642 0.096355 0.137518 0.0287427 0.00774239
 0.602986 0.313409 0.0301869 0.0422269 0.0111912
 0.412778 0.397249 0.150619 0.0142192 0.0251348
 0.729225 0.132958 0.0938297 0.0348829 0.0091044
 0.672812 0.257984 0.0343329 0.023749 0.0111215
 0.294413 0.520584 0.146492 0.0191165 0.0193952
 0.381634 0.224859 0.291832 0.0805274 0.0211475
pobs_RECLAS
 0 0 0 0 0
 0 0 0 0 0
 0 0 0 0 0
 0 0 0 0 0
 0 0 0 0 0
 0 0 0 0 0
 0 0 0 0 0
 0 0 0 0 0
 0 0 0 0 0
 0 0 0 0 0
 0.991045 0.00858322 0.000360255 1.14367e-05 0
 0.934742 0.0480273 0.0164251 0.00080598 0
 0.827803 0.169806 0.00239088 0 0
 0.941827 0.0461693 0.0120037 0 0
 0.791401 0.0380133 0.147996 0.0225897 0
 0.846168 0.0940531 0.0597789 0 0
 0.134021 0.677848 0.182769 0.00536245 0
 0.80878 0.0450904 0.141981 0.00414843 0
 0.846168 0.0940531 0.0597789 0 0
 0.905697 0.0802665 0.012482 0.00150086 5.37128e-05
 0.989698 0.0102097 9.19794e-05 0 0
 0.975433 0.0193895 0.00387452 0.00125025 5.28907e-05
 0.303575 0.632131 0.0575291 0.00676475 0
 0.966965 0.00978017 0.0227588 0.000495775 0
 0.843318 0.132988 0.00938335 0.0141283 0.000182051
 0.564624 0.303363 0.111486 0.0197234 0.00080311
 0.826376 0.0876187 0.0782897 0.00655872 0.00115652
 0.89761 0.0855135 0.0140674 0.00269457 0.000114338
 0.34875 0.467042 0.161289 0.0227151 0.000203297
 0.318654 0.224769 0.449479 0.00709798 0
ppred_RECLAS
 0.52314 0.123651 0.330551 0.0226575 7.05268e-07
 0.490489 0.269804 0.0622359 0.166087 0.0113837
 0.639167 0.180953 0.0953946 0.0219381 0.0625479
 0.755115 0.159075 0.0431003 0.0226513 0.0200576
 0.715775 0.218227 0.0429476 0.0115793 0.0114711
 0.827595 0.124377 0.0368926 0.00724653 0.00388887
 0.55122 0.374718 0.0534845 0.0158074 0.00477026
 0.543579 0.263368 0.161396 0.022864 0.00879312
 0.657499 0.188155 0.0891211 0.0545299 0.0106949
 0.806527 0.130501 0.0346779 0.0163392 0.0119548
 0.875818 0.101867 0.015084 0.00398261 0.0032483
 0.793464 0.181412 0.0206153 0.00304777 0.0014609
 0.743337 0.206863 0.0437717 0.00494668 0.00108154
 0.701073 0.226532 0.0584091 0.0122929 0.00169247
 0.800147 0.145245 0.0414725 0.0105988 0.00253654
 0.958296 0.0339537 0.00564271 0.00160102 0.000506908
 0.408477 0.568312 0.0189133 0.00312906 0.00116863
 0.924085 0.0317539 0.0424328 0.0014081 0.000319913
 0.654173 0.32061 0.0105662 0.0140778 0.000573203
 0.67134 0.219141 0.101564 0.00333382 0.00462166
 0.780436 0.149821 0.0465573 0.0215016 0.00168389
 0.781996 0.171613 0.0316839 0.00981861 0.00488893
 0.354106 0.510348 0.106781 0.0196468 0.00911826
 0.788135 0.0764547 0.10704 0.0223497 0.00602
 0.674925 0.257686 0.0243476 0.0340238 0.00901669
 0.490315 0.346948 0.129053 0.0121709 0.021513
 0.78734 0.10546 0.073009 0.0271147 0.00707653
 0.7374 0.207913 0.0271451 0.0187579 0.00878374
 0.363155 0.472237 0.13037 0.0169955 0.0172423
 0.459919 0.198842 0.253137 0.0697783 0.0183236
pobs_PELACES
 0 0 0 0 0
 0 0 0 0 0
 0 0 0 0 0
 0 0 0 0 0
 0 0 0 0 0
 0 0 0 0 0
 0 0 0 0 0
 0 0 0 0 0
 0 0 0 0 0
 0 0 0 0 0
 0 0 0 0 0
 0 0 0 0 0
 0 0 0 0 0
 0 0 0 0 0
 0 0 0 0 0
 0 0 0 0 0
 0.505614 0.472636 0.0217494 0 0
 0 0 0 0 0
 0.443492 0.261883 0.143347 0.151278 0
 0.227955 0.32914 0.350689 0.0885471 0.00366901
 0.970185 0.0296113 0.000203453 0 0
 0.997202 0.00247181 0.000326279 0 0
 0.445219 0.490057 0.0546422 0.010081 0
 0.90214 0.0892962 0.00764917 0.000914606 0
 0 0 0 0 0
 0.581667 0.319106 0.0959925 0.00289975 0.000334073
 0.762889 0.0836404 0.116647 0.0363945 0.000428098
 0.88444 0.0763242 0.0277011 0.0115352 0
 0.521256 0.241999 0.230069 0.00667565 0
 0.616807 0.101726 0.260614 0.0208532 0
ppred_PELACES
 0.526869 0.122778 0.327879 0.0224732 6.99527e-07
 0.497266 0.266464 0.0613485 0.163702 0.0112202
 0.645316 0.17804 0.0936829 0.0215422 0.0614191
 0.763323 0.15392 0.0415711 0.0218439 0.0193424
 0.719078 0.21575 0.0424109 0.0114339 0.0113269
 0.831795 0.12142 0.0359393 0.00705848 0.00378792
 0.568083 0.360934 0.0512646 0.0151473 0.00457099
 0.54657 0.261737 0.16026 0.0227021 0.00873084
 0.667829 0.182753 0.0862819 0.0527835 0.0103523
 0.815576 0.124571 0.0329636 0.015528 0.0113611
 0.87712 0.100815 0.0149154 0.0039379 0.00321183
 0.801264 0.174635 0.0197763 0.00292319 0.00140117
 0.751897 0.200091 0.0422014 0.00476838 0.00104254
 0.717357 0.214488 0.0549925 0.0115703 0.00159296
 0.809027 0.138946 0.0395144 0.0100962 0.00241623
 0.959869 0.0326908 0.00541724 0.00153681 0.000486575
 0.414499 0.562566 0.0186884 0.00309155 0.00115461
 0.925897 0.0310289 0.0413885 0.00137331 0.000312007
 0.662011 0.313402 0.0103026 0.0137248 0.000558829
 0.678254 0.214692 0.0992793 0.00325845 0.00451715
 0.78454 0.147102 0.0456342 0.0210733 0.00165035
 0.787177 0.167614 0.0308778 0.00956767 0.00476395
 0.358287 0.507185 0.10598 0.0194982 0.00904925
 0.790954 0.075495 0.105572 0.0220418 0.00593705
 0.678537 0.254888 0.0240548 0.0336125 0.00890766
 0.493712 0.344743 0.12811 0.0120813 0.0213544
 0.790096 0.104155 0.0720219 0.0267465 0.0069804
 0.73995 0.205936 0.0268615 0.018561 0.00869152
 0.366129 0.470144 0.129673 0.0169038 0.0171493
 0.464984 0.197156 0.250635 0.0690835 0.0181411
pobs_pel_tallas
 0 0 0 0 0 0 0 0 0 0 0 0 0 0 0 0 0 0 0 0 0 0 0 0 0 0
 0 0 0 0 0 0 0 0 0 0 0 0 0 0 0 0 0 0 0 0 0 0 0 0 0 0
 0 0 0 0 0 0 0 0 0 0 0 0 0 0 0 0 0 0 0 0 0 0 0 0 0 0
 0 0 0 0 0 0 0 0 0 0 0 0 0 0 0 0 0 0 0 0 0 0 0 0 0 0
 0 0 0 0 0 0 0 0 0 0 0 0 0 0 0 0 0 0 0 0 0 0 0 0 0 0
 0 0 0 0 0 0 0 0 0 0 0 0 0 0 0 0 0 0 0 0 0 0 0 0 0 0
 0 0 0 0 0 0 0 0 0 0 0 0 0 0 0 0 0 0 0 0 0 0 0 0 0 0
 0 0 0 0 0 0 0 0 0 0 0 0 0 0 0 0 0 0 0 0 0 0 0 0 0 0
 0 0 0 0 0 0 0 0 0 0 0 0 0 0 0 0 0 0 0 0 0 0 0 0 0 0
 0 0 0 0 0 0 0 0 0 0 0 0 0 0 0 0 0 0 0 0 0 0 0 0 0 0
 0 0 0 0 0 0 0 0 0 0 0 0 0 0 0 0 0 0 0 0 0 0 0 0 0 0
 0 0 0 0 0 0 0 0 0 0 0 0 0 0 0 0 0 0 0 0 0 0 0 0 0 0
 0.00862536 0 0 0.000197151 0.00414017 0.0128641 0.00837892 0.0270097 0.101434 0.158115 0.152841 0.127902 0.109271 0.109419 0.0830992 0.0579132 0.0238553 0.00714673 0.00463305 0.00128148 0.00103504 0.000492878 0.000147863 0.000147863 4.92878e-05 0
 0 0 0 0 0 0 0 0 0 0 0 0 0 0 0 0 0 0 0 0 0 0 0 0 0 0
 0 0 0 0 0 0 0 0.0054083 0.00873648 0.0413646 0.0450493 0.0745869 0.0622846 0.0627006 0.0613931 0.0827291 0.12552 0.122667 0.0946155 0.0697135 0.0546179 0.0294188 0.0215738 0.0213955 0.0102223 0.00600262
 0 0 0 0 0.00359764 0.0251062 0.0480494 0.140153 0.205849 0.193036 0.1447 0.116669 0.0760912 0.0342217 0.00950174 0.001854 0.000860785 0 0 0 0.000165536 0 0.000143464 0 0 0
 0 0 0 0 0 0 0 0.000145254 0.000435761 0.0275982 0.070085 0.0708112 0.156366 0.174668 0.174014 0.160142 0.0824315 0.0480064 0.0283245 0.00493863 0.00203355 0 0 0 0 0
 0 0 0 0 0 0 0 0 0 0 0 0 0 0 0 0 0 0 0 0 0 0 0 0 0 0
 0 0 1.00437e-05 0.000401748 0.00122533 0.00171747 0.00176769 0.0269171 0.070346 0.194647 0.189555 0.159765 0.064822 0.0314167 0.0384472 0.0292271 0.0345202 0.0313363 0.0194345 0.0106764 0.0143323 0.0359363 0.0279516 0.0138201 0.00172751 0
 0 0.0021121 0.0136068 0.0755702 0.200478 0.177729 0.0527432 0.0373336 0.0318909 0.0142505 0.0149659 0.0166563 0.0217959 0.0798694 0.0677717 0.0528807 0.04013 0.0224614 0.0357745 0.0225083 0.00881397 0.00855152 0.00135912 0.000746735 0 0
 0 0 0 0 5.4009e-05 0.00500934 0.000945158 0.0243581 0.138947 0.33067 0.221406 0.137944 0.0707744 0.0437923 0.0131692 0.00525238 0.0047753 0.00276346 9.45158e-05 9.00151e-06 2.25038e-05 9.00151e-06 4.50075e-06 0 0 0
 0.000866109 0.00284123 0.00948549 0.0512746 0.133035 0.25785 0.225252 0.132002 0.0553304 0.0519788 0.0540692 0.017754 0.00435017 0.00159236 0.00146478 0.000404838 0.000125132 0.000115318 0.000107957 0.000100596 0 0 0 0 0 0
 0 0 0 0 0.00144013 0.00171154 0.00461396 0.0210425 0.0478622 0.0707936 0.0888783 0.103762 0.0637923 0.0337046 0.0602308 0.124433 0.169614 0.0934646 0.0462172 0.0250306 0.0313229 0.00938855 0.002487 0.000210481 0 0
 0 0.00764035 0.051015 0.0998891 0.058973 0.0496711 0.0374665 0.0718981 0.12319 0.153886 0.159021 0.0857701 0.0377988 0.023471 0.0147837 0.00900784 0.00315554 0.000888139 0.00291439 0.00214683 0.00393193 0.00274676 0.000635225 9.99891e-05 0 0
 0 0 0 0 0 0 0 0 0 0 0 0 0 0 0 0 0 0 0 0 0 0 0 0 0 0
 0 0 0 0 0 0 0 0 0 0 0 0 0 0 0 0 0 0 0 0 0 0 0 0 0 0
 0 0 0 0 0 0 0 0 0 0 0 0 0 0 0 0 0 0 0 0 0 0 0 0 0 0
 0 0 0 0 0 0 0 0 0 0 0 0 0 0 0 0 0 0 0 0 0 0 0 0 0 0
 0 0 0 0 0 0 0 0 0 0 0 0 0 0 0 0 0 0 0 0 0 0 0 0 0 0
 0 0 0 0 0 0 0 0 0 0 0 0 0 0 0 0 0 0 0 0 0 0 0 0 0 0
ppred_pel_tallas
 1.11748e-16 4.33975e-05 0.000421839 0.00280327 0.0127433 0.0396491 0.0844771 0.123299 0.123312 0.0845375 0.0398534 0.0133395 0.00432317 0.00381674 0.006716 0.0116199 0.0180952 0.0255814 0.0334298 0.0411738 0.0485043 0.0548978 0.0593171 0.0604381 0.0573581 0.050249
 1.20155e-16 4.09592e-05 0.000398138 0.00264577 0.0120273 0.0374215 0.0797314 0.116376 0.116401 0.0798574 0.0378448 0.0132515 0.00572403 0.00713677 0.0128968 0.0214175 0.0312528 0.0402182 0.0461872 0.0483682 0.0478354 0.046752 0.0468648 0.0484325 0.0502693 0.0506487
 1.15304e-16 5.31539e-05 0.000516675 0.00343349 0.0156081 0.0485628 0.103469 0.151019 0.151037 0.103553 0.0488469 0.0164304 0.00550379 0.00505713 0.00873888 0.01453 0.0213262 0.0276833 0.0321832 0.0342378 0.0344309 0.0340363 0.0340951 0.0347907 0.0355057 0.035351
 1.06703e-16 6.28739e-05 0.000611157 0.00406135 0.0184623 0.0574432 0.122389 0.178634 0.178649 0.122462 0.0576875 0.0191683 0.0058356 0.00449144 0.00745356 0.0122802 0.0178233 0.0227183 0.0256296 0.0259759 0.0242758 0.0217669 0.0196029 0.0182587 0.0174983 0.016758
 1.04343e-16 5.92295e-05 0.000575732 0.00382594 0.0173922 0.0541137 0.115296 0.168282 0.168303 0.115397 0.0544553 0.0183792 0.00630463 0.00599043 0.0103538 0.0170526 0.0246299 0.031125 0.0345825 0.0341097 0.0304003 0.0252383 0.0203953 0.016784 0.0143621 0.0125923
 1.02418e-16 6.85138e-05 0.000665979 0.00442566 0.0201184 0.062596 0.133368 0.194657 0.194668 0.133425 0.0627886 0.0206752 0.00582483 0.00372532 0.00589328 0.0096724 0.0140159 0.0178124 0.0199735 0.0199933 0.0182283 0.0156171 0.0130754 0.011051 0.00950029 0.00816052
 1.03865e-16 4.67924e-05 0.000454838 0.00302256 0.0137402 0.0427509 0.0910866 0.132951 0.132986 0.0912566 0.0433217 0.0153888 0.00716104 0.00948953 0.0172064 0.0283747 0.040878 0.0514224 0.0566791 0.0551124 0.0478868 0.0380591 0.0287336 0.0216186 0.016818 0.0135547
 1.08446e-16 4.50203e-05 0.000437613 0.00290809 0.0132198 0.0411318 0.0876366 0.127913 0.127939 0.0877609 0.0415498 0.0144296 0.00595442 0.00711919 0.0128267 0.0213744 0.0313473 0.0405914 0.0469036 0.0492164 0.0481177 0.0452157 0.041919 0.0386657 0.0350837 0.0306932
 1.09583e-16 5.50082e-05 0.0005347 0.00355327 0.0161526 0.050257 0.107078 0.156288 0.156306 0.107165 0.0505483 0.0169956 0.00567485 0.00518505 0.0089432 0.0148477 0.0217408 0.0281066 0.0324437 0.0340928 0.0335954 0.0322139 0.0310062 0.0302113 0.0293308 0.0276743
 1.04464e-16 6.7178e-05 0.000652994 0.00433937 0.0197262 0.0613755 0.130767 0.190861 0.190873 0.130826 0.0615731 0.0202973 0.00577464 0.00379136 0.00604301 0.00992556 0.0143918 0.0183156 0.020603 0.020769 0.0192208 0.0169554 0.0149166 0.0135178 0.0126139 0.0118011
 1.01395e-16 7.22472e-05 0.000702269 0.00466682 0.0212147 0.0660069 0.140635 0.205263 0.205273 0.140682 0.0661663 0.0216753 0.00582306 0.00322667 0.00486753 0.00793534 0.0114308 0.0143893 0.015881 0.0154806 0.0135163 0.0108426 0.00832309 0.00642725 0.00517217 0.00432694
 1.01146e-16 6.59991e-05 0.000641535 0.00426322 0.01938 0.0602985 0.128473 0.187514 0.18753 0.128555 0.0605745 0.020177 0.00626335 0.00500639 0.00835135 0.0136906 0.0196882 0.0247001 0.0270961 0.0261215 0.0223422 0.0172608 0.0124238 0.00871391 0.00623302 0.00463599
 1.01924e-16 6.19328e-05 0.000602009 0.00400056 0.018186 0.0565834 0.120558 0.175961 0.175981 0.120652 0.0569003 0.0191014 0.0062993 0.00562336 0.00960763 0.0158091 0.0228219 0.0288099 0.0319364 0.0313399 0.0276239 0.0224107 0.0173396 0.0133017 0.0103553 0.00813395
 1.03072e-16 5.90878e-05 0.000574354 0.00381679 0.0173506 0.0539842 0.11502 0.167879 0.1679 0.115121 0.0543242 0.0183331 0.00628502 0.00596887 0.0103228 0.0170206 0.0246258 0.0312027 0.03481 0.0345396 0.0310274 0.0259647 0.0210278 0.0170777 0.0140995 0.0116659
 1.02598e-16 6.66385e-05 0.00064775 0.00430453 0.0195678 0.0608827 0.129717 0.189329 0.189343 0.129783 0.0611031 0.0202048 0.00590516 0.00414728 0.00672856 0.0110593 0.0160213 0.0203497 0.0227981 0.0227872 0.0207274 0.0176975 0.014751 0.0124044 0.0106092 0.0090641
 1.00402e-16 7.90631e-05 0.000768522 0.0051071 0.0232161 0.072234 0.153902 0.224625 0.224629 0.153918 0.0722857 0.0233655 0.00548223 0.00158767 0.00163548 0.00258049 0.00371397 0.00467948 0.00517256 0.00505445 0.00442925 0.00357008 0.00275257 0.00212579 0.00169539 0.00139052
 1.01189e-16 3.41419e-05 0.000331871 0.0022054 0.0100255 0.0311933 0.0664625 0.0970153 0.0970695 0.0667269 0.0320808 0.0125876 0.00863177 0.0143444 0.0265984 0.0437925 0.0627852 0.0783297 0.0851016 0.0806462 0.0668737 0.0488444 0.0318534 0.0190526 0.0109583 0.00645508
 1.01393e-16 7.62649e-05 0.000741322 0.00492635 0.0223945 0.0696775 0.148455 0.216676 0.216679 0.14847 0.0697278 0.0225404 0.0052953 0.00155578 0.00164944 0.00267463 0.00400425 0.00536419 0.00651819 0.00733669 0.00783277 0.00808304 0.00811011 0.00784455 0.00719788 0.00616904
 1.01849e-16 5.45291e-05 0.000530042 0.00352232 0.016012 0.0498193 0.106146 0.15493 0.15496 0.106294 0.0503138 0.0174396 0.00710348 0.00833961 0.0148626 0.0244228 0.0350337 0.0437594 0.0476537 0.0453741 0.0380045 0.0283651 0.0193759 0.0127275 0.00861786 0.00633769
 1.04012e-16 5.58669e-05 0.000543046 0.00360873 0.0164048 0.0510415 0.10875 0.158728 0.158749 0.108852 0.0513832 0.0173931 0.00609446 0.00598598 0.0104413 0.0172986 0.025204 0.0322945 0.0366815 0.0374484 0.0351213 0.0311753 0.0270176 0.0232884 0.0199001 0.016539
 1.03748e-16 6.46216e-05 0.000628145 0.00417424 0.0189755 0.0590399 0.125791 0.183599 0.183613 0.125861 0.0592735 0.0196506 0.00587111 0.00433978 0.00713551 0.0117519 0.0170594 0.0217435 0.0245083 0.0247607 0.0229409 0.0201711 0.0175151 0.0154429 0.0138208 0.0122679
 1.027e-16 6.48387e-05 0.000630256 0.00418827 0.0190393 0.0592384 0.126214 0.184217 0.184233 0.126293 0.0595037 0.0198058 0.00611304 0.00483426 0.00805563 0.0132326 0.0190978 0.024106 0.0267283 0.0262632 0.0232457 0.0190648 0.0151089 0.0121077 0.0100548 0.00855976
 1.06675e-16 2.95117e-05 0.000286865 0.00190632 0.00866588 0.026963 0.0574494 0.0838593 0.0839083 0.0576886 0.0277662 0.0109864 0.00773379 0.013017 0.0242321 0.0400807 0.057891 0.0731249 0.081158 0.0798371 0.0707222 0.0579429 0.0456417 0.0360226 0.0291385 0.0239477
 1.06282e-16 6.51498e-05 0.00063328 0.00420837 0.0191306 0.0595225 0.126819 0.185098 0.185105 0.126856 0.0596451 0.0194868 0.00510981 0.00262607 0.0039231 0.00657444 0.00991364 0.013409 0.0165435 0.0190541 0.0210047 0.022568 0.0237189 0.0241408 0.0234312 0.0214126
 1.05638e-16 5.58902e-05 0.000543273 0.00361024 0.0164116 0.0510628 0.108796 0.158796 0.15882 0.108916 0.0514657 0.0175753 0.00653091 0.00691857 0.0121627 0.0200183 0.0288359 0.0362853 0.0400489 0.0391025 0.0343487 0.0280194 0.0223283 0.0184088 0.0161567 0.0147827
 1.08611e-16 4.06664e-05 0.000395292 0.00262686 0.0119413 0.0371541 0.079162 0.115546 0.11558 0.079325 0.0377019 0.0135252 0.00660859 0.00910772 0.0166466 0.0276114 0.0401349 0.0512318 0.0578632 0.0586017 0.0544118 0.0478463 0.0413531 0.0360622 0.0317726 0.0277498
 1.05969e-16 6.50792e-05 0.000632593 0.0042038 0.0191099 0.059458 0.126682 0.184898 0.184908 0.126732 0.0596248 0.0195928 0.00542082 0.00330548 0.00518904 0.00860115 0.0126805 0.0165741 0.0194535 0.0209399 0.0212853 0.0210961 0.0208329 0.0205134 0.0198115 0.0183894
 1.04161e-16 6.09487e-05 0.000592443 0.003937 0.017897 0.0556844 0.118642 0.173166 0.173186 0.118739 0.0560101 0.0188378 0.00629867 0.00574874 0.00985619 0.0162054 0.0233594 0.0294267 0.032531 0.0318307 0.0280272 0.0228886 0.0181761 0.014805 0.0127267 0.0113669
 1.0846e-16 3.01577e-05 0.000293143 0.00194804 0.00885555 0.0275531 0.0587066 0.0856935 0.0857389 0.0589285 0.0282987 0.0110102 0.00736149 0.0121268 0.0225518 0.0373584 0.0541015 0.068637 0.0767365 0.0764238 0.0690911 0.0584243 0.0480584 0.0398322 0.0336643 0.0285758
 1.17282e-16 3.83002e-05 0.000372291 0.00247401 0.0112465 0.0349921 0.0745551 0.108819 0.108839 0.07465 0.0353116 0.0121741 0.00482042 0.00555461 0.0100574 0.0170309 0.0256213 0.034518 0.042368 0.0485132 0.0532049 0.0570259 0.0600462 0.0615145 0.0603416 0.0559107
pSPR Fmed_Fpbrs
0.588436   0.22968 0.22968
Fs Fmed_Fpbrs
0.305936   1.005 1.005
SSBpbr Bo_Bmed_Bpbrs
1.77565e+06  956073  319049 319049
Ro
151512
SPR SPRFo_SPRFmed_SPRFpbrs
1.07852e+06 634641 247715
Fref
1.005
log_Ro
11.7484
likeval ReclasPelacesDesembMPH_pf_preclas_ppelaces_ptallas_desvR_qrecl_qpela
 11.3485 19.291 0.0228362 0.00248735 228.367 104.381 77.2867 0 26.97 4.91706e-09 0 0.114543 0 0 0
q_reclas_q_pelaces
1.00999 1
M
1
N
 175770 42448.4 113653 7790.96 0.242513
 100095 57287.1 13252.6 35372.3 2424.46
 100031 29448.8 15569 3580.97 10209.8
 131157 29523.9 8037.91 4225.4 3741.62
 106320 33211.3 6547.62 1765.5 1749
 217200 34115.1 10151.7 1994.37 1070.29
 82741.2 62315.1 8960.87 2649.46 799.553
 34655.9 17091.2 10487.2 1485.77 571.405
 37677.5 11537.9 5491.98 3361.23 659.246
 53590.1 9462.89 2530.58 1192.74 872.698
 101764 12051 1786.78 471.795 384.808
 137618 33830.2 3864.7 571.52 273.953
 112990 33649 7155.2 808.829 176.844
 78069.9 28373.3 7378.56 1553.61 213.906
 75016.2 14809.1 4254.37 1087.61 260.295
 457253 17201.4 2871.15 814.829 257.991
 83087 120024 4005.31 662.744 247.52
 693012 24735.2 33145 1100.05 249.928
 398538 205851 6810.04 9075.18 369.517
 318941 109076 50724.3 1665.32 2308.66
 453580 90238.6 28114.7 12986.1 1017.01
 594038 136465 25278.6 7835.05 3901.3
 114045 168899 35408.8 6515.65 3023.98
 362035 35992.7 50481.4 10541.4 2839.39
 296391 115983 10978.4 15342.9 4066.05
 131457 94910.1 35355.1 3334.57 5894.12
 314657 43177.6 29944 11121.9 2902.67
 351302 101023 13208.4 9127.98 4274.37
 87258.4 115656 31973.3 4168.45 4229.01
 64738.3 28827.1 36777.2 10139 2662.49
pred_Ctot
 12798.6 4115.52 11214.6 769.488 0.0239534
 12903.4 9696.09 2280.58 6092.42 417.601
 12727.9 4921.77 2645.64 609.053 1736.57
 26634.8 7720.77 2134.21 1122.83 994.312
 8684.16 3604.08 723.045 195.143 193.328
 30839.5 6338.53 1917.26 376.985 202.321
 24024.4 22744.5 3315.19 980.903 296.028
 2098.46 1382.12 863.314 122.425 47.0852
 7794.18 3070.44 1483.82 908.863 178.265
 13702 3071.25 833.069 392.948 287.521
 6248.54 988.022 149.124 39.4129 32.1477
 30153.3 9504.24 1102.06 163.103 78.1854
 23382.1 8957.69 1933.84 218.778 47.8362
 25206 11408.1 3005.16 633.192 87.1826
 18557.4 4661.04 1358.4 347.536 83.178
 85103.2 4141.38 702.074 199.412 63.1405
 10193.4 19363.7 657.067 108.819 40.6434
 85840.4 4027.83 5488.05 182.305 41.421
 66069.1 44381 1491.78 1989.65 81.0168
 47558.9 21244.6 10041 329.939 457.419
 53095.7 13910.8 4407.49 2037.62 159.584
 87094.4 26150.1 4923.45 1527.33 760.537
 10373.8 20365.1 4343.82 800.049 371.329
 29893 3947.61 5634.02 1177.57 317.201
 24548.9 12759.6 1228.98 1719.15 455.618
 8988.33 8650.19 3279.76 309.626 547.315
 25599.4 4667.46 3293.88 1224.56 319.609
 23548.5 9029.47 1201.65 831.215 389.253
 5674.37 10033.5 2823.41 368.443 373.814
 6351.73 3742.44 4857.11 1340.26 351.968
F
 0.121102 0.164094 0.167218 0.167386 0.167395
 0.223464 0.302794 0.30856 0.308869 0.308885
 0.220284 0.298485 0.304168 0.304473 0.304489
 0.373503 0.506098 0.515734 0.516252 0.516279
 0.136714 0.185247 0.188774 0.188964 0.188974
 0.248615 0.336874 0.343288 0.343632 0.34365
 0.577154 0.782046 0.796936 0.797735 0.797777
 0.0998336 0.135275 0.137851 0.137989 0.137996
 0.381686 0.517185 0.527032 0.527561 0.527589
 0.49222 0.66696 0.679659 0.680341 0.680377
 0.101298 0.137259 0.139873 0.140013 0.14002
 0.408496 0.553514 0.564053 0.564619 0.564648
 0.381847 0.517404 0.527256 0.527785 0.527812
 0.662363 0.897504 0.914593 0.91551 0.915559
 0.472712 0.640527 0.652723 0.653377 0.653412
 0.337543 0.457372 0.46608 0.466548 0.466572
 0.211663 0.286804 0.292265 0.292558 0.292573
 0.213895 0.289829 0.295347 0.295643 0.295659
 0.295754 0.400747 0.408378 0.408787 0.408809
 0.262549 0.355754 0.362528 0.362891 0.362911
 0.201105 0.272498 0.277686 0.277965 0.27798
 0.257642 0.349106 0.355753 0.35611 0.356128
 0.153281 0.207696 0.21165 0.211862 0.211874
 0.138292 0.187386 0.190954 0.191146 0.191156
 0.138748 0.188004 0.191584 0.191776 0.191786
 0.113359 0.153601 0.156526 0.156683 0.156691
 0.136141 0.184472 0.187984 0.188173 0.188183
 0.111027 0.150442 0.153306 0.15346 0.153468
 0.107557 0.14574 0.148515 0.148664 0.148672
 0.1662 0.225201 0.229489 0.229719 0.229731
nmprior
 8 8 7 0
nm_flota  nm_reclas  nm_pelaces    nm_pelaL
inf 13.4864 14.5369 24.8294
cv_recla  cv_pelaces  cv_mph
0.311887 0.516823 1.53912
 ------------------------------------------------
Talla a la edad & desviación 
 8 13.2811 15.8009 17.003 17.5766
 0.8 1.32811 1.58009 1.7003 1.75766
