    unsorted:	 3.210530544e-05 0.001099979053 11.26960197 2.148814110 15.49146515 16.36975450 14.49830438 4.217102241 64.78005462 58.46318432 91.84820267 109.0385151 157.8263829 215.2858248 371.2704246 304.7027769 417.8119476 449.1345299 481.7894207 744.1591948 759.3244179 678.9086957 612.3269495 795.9163588 845.7610358 951.5519199 971.4284018 982.9829936 1023.555348 1027.173625 1097.303452 1106.249427 1137.722635 1237.866712 1398.457540 1390.695328 1467.124695 1640.523585 1798.094211 1879.928804 2023.928344 2677.310626 20291.91473 32051.01539 162524.1804 289364.7436 293322.5973 283117.4293 309274.9421 318278.9087 257444.7745 246121.9014 346099.6934 457827.6367 521128.1746 660495.3269 745312.9871 771637.9331 778780.8893 863364.8153 1045562.483 1290794.877 1501872.320 1592890.690 1688424.240 1816871.118 2099192.516 2299880.523 2527758.393 2668700.053 2916687.961 3065949.823 3652093.741 3869491.092 5298119.917
      sorted:	 3.210530544e-05 0.001099979053 2.148814110 4.217102241 11.26960197 14.49830438 15.49146515 16.36975450 58.46318432 64.78005462 91.84820267 109.0385151 157.8263829 215.2858248 304.7027769 371.2704246 417.8119476 449.1345299 481.7894207 612.3269495 678.9086957 744.1591948 759.3244179 795.9163588 845.7610358 951.5519199 971.4284018 982.9829936 1023.555348 1027.173625 1097.303452 1106.249427 1137.722635 1237.866712 1390.695328 1398.457540 1467.124695 1640.523585 1798.094211 1879.928804 2023.928344 2677.310626 20291.91473 32051.01539 162524.1804 246121.9014 257444.7745 283117.4293 289364.7436 293322.5973 309274.9421 318278.9087 346099.6934 457827.6367 521128.1746 660495.3269 745312.9871 771637.9331 778780.8893 863364.8153 1045562.483 1290794.877 1501872.320 1592890.690 1688424.240 1816871.118 2099192.516 2299880.523 2527758.393 2668700.053 2916687.961 3065949.823 3652093.741 3869491.092 5298119.917
