years
 1991 1992 1993 1994 1995 1996 1997 1998 1999 2000 2001 2002 2003 2004 2005 2006 2007 2008 2009 2010 2011 2012 2013 2014 2015 2016 2017 2018 2019 2020
reclasobs
 0 0 0 0 0 0 0 0 0 252601 567819 844713 477998 351125 339783 2.1784e+06 2.13404e+06 4.81314e+06 1.55562e+06 2.62356e+06 3.21686e+06 3.843e+06 1.13348e+06 3.07943e+06 1.97215e+06 2.03268e+06 2.025e+06 2.42433e+06 2.27542e+06 1.05018e+06
reclaspred
 4.05478e+06 1.48875e+06 835088 456552 97823.8 1.67798e+06 585681 187353 500327 191315 325964 628303 561140 402191 307678 1.80533e+06 1.1934e+06 4.2674e+06 3.40823e+06 1.95263e+06 3.81416e+06 3.39729e+06 2.00435e+06 3.6747e+06 2.44727e+06 1.64259e+06 2.55877e+06 3.43779e+06 2.4466e+06 931520
pelacesobs
 0 0 0 0 0 0 0 0 0 0 0 0 0 0 0 552880 188675 0 991730 2.46772e+06 1.41603e+06 1.21717e+06 2.29649e+06 1.80582e+06 0 1.4828e+06 1.56532e+06 1.57751e+06 1.42118e+06 867257
pelacespred
 1.08405e+06 408635 194439 70187.9 14985.6 408353 100959 44580.6 110110 32918.2 77239.8 122061 118935 82718.1 62721.2 373338 245149 1.09042e+06 852362 451930 897961 805410 478591 1.01366e+06 635183 421586 768714 1.008e+06 595128 259756
mphobs
 0 0 0 0 0 0 0 0 0 0 0 498337 0 5186 125008 0 168611 109162 213762 579715 649985 157893 87575 83554 0 0 0 0 0 0
mphpred
 2.39551e+06 1.1366e+06 305761 246189 76080.5 15581.6 466394 107088 41652.2 112798 28817.6 108656 158526 107469 55585.1 58653.7 611651 357265 1.32788e+06 897549 707133 1.05248e+06 1.08141e+06 641560 1.10826e+06 775929 472011 716997 1.29878e+06 677035
desembarqueobs
 494567 514787 250237 358949 120608 361735 552515 73892 212993 205616 52469 317467 293654 387597 252695 516296 358380 742168 942051 627588 828172 859565 418607 520667 417249 300574 407403 355545 319650 289779
desembarquepred
 494526 514691 249691 358724 120528 361553 551815 73866.2 212837 205410 52458.8 317216 293379 387000 252424 515943 358252 741742 940868 626716 827730 858841 418376 520476 417007 300373 407201 355392 319493 289591
Reclutas
 19726.7 12882.4 180845 23458 8422.54 282529 13824.4 3554.75 54223.1 19822.3 53351.2 127039 82188.1 67871.1 46563.7 397383 16994.5 669051 314846 171942 383783 519074 24106 284044 174776 48042.2 234560 291685 20323.2 9808.54
log_desv_Rt
 -1.23634 -1.66246 0.979327 -1.0631 -2.0874 1.42547 -1.59188 -2.95003 -0.225207 -1.23151 -0.241418 0.626179 0.190696 -0.000705013 -0.377494 1.76659 -1.38542 2.28755 1.53377 0.928842 1.73176 2.03373 -1.03585 1.43082 0.945191 -0.346235 1.23939 1.45736 -1.20655 -1.93506
SSB
 2.39551e+06 1.1366e+06 305761 246189 76080.5 15581.6 466394 107088 41652.2 112798 28817.6 108656 158526 107469 55585.1 58653.7 611651 357265 1.32788e+06 897549 707133 1.05248e+06 1.08141e+06 641560 1.10826e+06 775929 472011 716997 1.29878e+06 677035
BT
 2.9539e+06 1.49832e+06 682745 424149 139443 1.26286e+06 719002 172851 446650 261594 222473 542887 537587 592699 395180 1.26811e+06 847965 3.18803e+06 2.85546e+06 1.62009e+06 2.76938e+06 2.63297e+06 1.46654e+06 2.83381e+06 1.85674e+06 1.24759e+06 2.20218e+06 2.67905e+06 1.64068e+06 911422
Ftot
 0.208575 0.569077 0.575027 1.22443 1.76351 0.474946 1.38469 0.66566 0.87708 1.65111 0.346205 0.97627 0.963882 1.68389 1.52106 0.615659 0.505835 0.371311 0.509088 0.580753 0.429411 0.487521 0.356753 0.290426 0.313076 0.326109 0.327595 0.213242 0.223882 0.519428
BD_Bspro_t
 0.967179 0.742445 0.427562 0.398824 0.144744 0.046859 0.470131 0.151917 0.0944353 0.236472 0.101314 0.386089 0.325026 0.213002 0.118463 0.129329 0.47375 0.341628 0.586941 0.456919 0.36174 0.45399 0.484837 0.398687 0.56351 0.536671 0.481877 0.610347 0.71743 0.571011
BD_Bspro
 4.9548 2.35091 0.632425 0.509209 0.157362 0.0322284 0.964672 0.221497 0.0861521 0.233308 0.0596052 0.22474 0.32789 0.222284 0.11497 0.121317 1.26512 0.738954 2.74655 1.85646 1.46261 2.1769 2.23676 1.32698 2.29229 1.60491 0.976291 1.48301 2.68634 1.40036
BD_Bo
 1.42449 0.67588 0.181821 0.146396 0.0452413 0.00926559 0.277341 0.06368 0.0247685 0.0670755 0.0171364 0.0646122 0.0942677 0.0639062 0.0330537 0.0348784 0.363718 0.212448 0.789626 0.533727 0.420497 0.625855 0.643063 0.381504 0.659029 0.461407 0.280681 0.426362 0.772318 0.402599
BD_Brms
 8.33434 3.95441 1.06379 0.856528 0.264695 0.0542106 1.62265 0.372575 0.144914 0.392442 0.100261 0.37803 0.551537 0.373899 0.193389 0.204065 2.12802 1.24298 4.6199 3.1227 2.46022 3.66172 3.7624 2.23208 3.85581 2.69957 1.6422 2.49454 4.51864 2.35551
Sel_flota
 0.754834 1 1 1 1
 0.754834 1 1 1 1
 0.754834 1 1 1 1
 0.754834 1 1 1 1
 0.754834 1 1 1 1
 0.754834 1 1 1 1
 0.754834 1 1 1 1
 0.754834 1 1 1 1
 0.754834 1 1 1 1
 0.754834 1 1 1 1
 0.754834 1 1 1 1
 0.754834 1 1 1 1
 0.754834 1 1 1 1
 0.754834 1 1 1 1
 0.754834 1 1 1 1
 0.754834 1 1 1 1
 0.754834 1 1 1 1
 0.754834 1 1 1 1
 0.754834 1 1 1 1
 0.754834 1 1 1 1
 0.754834 1 1 1 1
 0.754834 1 1 1 1
 0.754834 1 1 1 1
 0.754834 1 1 1 1
 0.754834 1 1 1 1
 0.754834 1 1 1 1
 0.754834 1 1 1 1
 0.754834 1 1 1 1
 0.754834 1 1 1 1
 0.754834 1 1 1 1
Sel_reclas
 1 1 1 1 1
 1 1 1 1 1
 1 1 1 1 1
 1 1 1 1 1
 1 1 1 1 1
 1 1 1 1 1
 1 1 1 1 1
 1 1 1 1 1
 1 1 1 1 1
 1 1 1 1 1
 1 1 1 1 1
 1 1 1 1 1
 1 1 1 1 1
 1 1 1 1 1
 1 1 1 1 1
 1 1 1 1 1
 1 1 1 1 1
 1 1 1 1 1
 1 1 1 1 1
 1 1 1 1 1
 1 1 1 1 1
 1 1 1 1 1
 1 1 1 1 1
 1 1 1 1 1
 1 1 1 1 1
 1 1 1 1 1
 1 1 1 1 1
 1 1 1 1 1
 1 1 1 1 1
 1 1 1 1 1
Sel_pelaces
 1 1 1 1 1
 1 1 1 1 1
 1 1 1 1 1
 1 1 1 1 1
 1 1 1 1 1
 1 1 1 1 1
 1 1 1 1 1
 1 1 1 1 1
 1 1 1 1 1
 1 1 1 1 1
 1 1 1 1 1
 1 1 1 1 1
 1 1 1 1 1
 1 1 1 1 1
 1 1 1 1 1
 1 1 1 1 1
 1 1 1 1 1
 1 1 1 1 1
 1 1 1 1 1
 1 1 1 1 1
 1 1 1 1 1
 1 1 1 1 1
 1 1 1 1 1
 1 1 1 1 1
 1 1 1 1 1
 1 1 1 1 1
 1 1 1 1 1
 1 1 1 1 1
 1 1 1 1 1
 1 1 1 1 1
pf_obs 
 0.8446 0.082 0.0669 0.0065 0
 0.8095 0.147 0.0364 0.0071 0
 0.9664 0.0169 0.016 0.0007 0
 0.9276 0.0648 0.0075 0.0001 0
 0.7033 0.2144 0.0806 0.0017 0
 0.9318 0.0425 0.0243 0.0014 0
 0.5671 0.3108 0.0964 0.0239 0.0018
 0.0768 0.2599 0.5324 0.112 0.0189
 0.490249 0.384438 0.106611 0.0170017 0.00170017
 0.7925 0.1577 0.0466 0.003 0.0002
 0.840416 0.127587 0.0312969 0.00059994 9.999e-05
 0.8084 0.0986 0.0794 0.0134 0.0002
 0.7335 0.1905 0.0724 0.0035 0.0001
 0.4001 0.4547 0.1325 0.0127 0
 0.49795 0.308269 0.164784 0.0264974 0.00249975
 0.9179 0.0499 0.0305 0.0017 0
 0.2467 0.6533 0.0926 0.0074 0
 0.9418 0.0223 0.034 0.0019 0
 0.707729 0.231977 0.0356964 0.0245975 0
 0.517169 0.277429 0.184464 0.0207286 0.00020938
 0.811772 0.124168 0.05621 0.00726502 0.000585176
 0.764997 0.148141 0.077277 0.00933861 0.000247198
 0.163321 0.427699 0.378323 0.0303852 0.000271297
 0.753843 0.0900009 0.118128 0.0371064 0.000921714
 0.721811 0.176058 0.0630433 0.0369309 0.00215725
 0.143369 0.312575 0.442814 0.0836902 0.0175525
 0.692698 0.0596174 0.167031 0.0765114 0.00414204
 0.394062 0.376323 0.152708 0.0712218 0.00568511
 0.125707 0.32114 0.495352 0.0537591 0.00404204
 0.23352 0.215282 0.420074 0.123614 0.00750983
pf_pred 
 0.093208 0.200924 0.630567 0.0752993 7.30967e-07
 0.169147 0.102284 0.161434 0.506634 0.0605004
 0.913873 0.0195732 0.0081933 0.0129314 0.0454293
 0.299185 0.657933 0.0097453 0.00407937 0.0290573
 0.464008 0.218802 0.297781 0.00441073 0.0149977
 0.993995 0.00364754 0.00096248 0.0013099 8.53747e-05
 0.137924 0.858431 0.00221365 0.000584118 0.000846773
 0.251075 0.15744 0.588985 0.00151882 0.000981759
 0.948531 0.0169715 0.00725202 0.0271299 0.000115182
 0.614552 0.372166 0.00437988 0.00187155 0.00703122
 0.935965 0.0471326 0.0163204 0.000192069 0.00039041
 0.868115 0.125718 0.00453925 0.00157179 5.60975e-05
 0.733059 0.243063 0.022761 0.000821822 0.000294726
 0.763487 0.191358 0.041116 0.0038502 0.000188873
 0.827875 0.146362 0.0208443 0.00447868 0.000439968
 0.981161 0.0167927 0.00173979 0.000247774 5.84675e-05
 0.126301 0.862324 0.0101398 0.00105052 0.000184915
 0.954566 0.00778331 0.0371609 0.000436962 5.32396e-05
 0.564556 0.421128 0.00245251 0.0117094 0.000154462
 0.530171 0.305266 0.159153 0.000926858 0.0044836
 0.821024 0.111007 0.044162 0.0230243 0.000782716
 0.776843 0.193328 0.0185009 0.00736024 0.00396779
 0.106029 0.744068 0.129866 0.0124278 0.00760948
 0.822309 0.0252562 0.126874 0.022144 0.00341664
 0.583603 0.360122 0.00799871 0.0401814 0.00809515
 0.327478 0.444145 0.197512 0.00438696 0.0264777
 0.842273 0.0636757 0.0621132 0.0276218 0.00431638
 0.746256 0.223631 0.0121569 0.0118585 0.00609758
 0.120864 0.703997 0.154354 0.00839089 0.0123937
 0.163188 0.132546 0.563964 0.123651 0.0166503
pobs_RECLAS
 0 0 0 0 0
 0 0 0 0 0
 0 0 0 0 0
 0 0 0 0 0
 0 0 0 0 0
 0 0 0 0 0
 0 0 0 0 0
 0 0 0 0 0
 0 0 0 0 0
 0 0 0 0 0
 0.991045 0.00858322 0.000360255 1.14367e-05 0
 0.934742 0.0480273 0.0164251 0.00080598 0
 0.827803 0.169806 0.00239088 0 0
 0.941827 0.0461693 0.0120037 0 0
 0.791401 0.0380133 0.147996 0.0225897 0
 0.846168 0.0940531 0.0597789 0 0
 0.134021 0.677848 0.182769 0.00536245 0
 0.80878 0.0450904 0.141981 0.00414843 0
 0.846168 0.0940531 0.0597789 0 0
 0.905697 0.0802665 0.012482 0.00150086 5.37128e-05
 0.989698 0.0102097 9.19794e-05 0 0
 0.975433 0.0193895 0.00387452 0.00125025 5.28907e-05
 0.303575 0.632131 0.0575291 0.00676475 0
 0.966965 0.00978017 0.0227588 0.000495775 0
 0.843318 0.132988 0.00938335 0.0141283 0.000182051
 0.564624 0.303363 0.111486 0.0197234 0.00080311
 0.826376 0.0876187 0.0782897 0.00655872 0.00115652
 0.89761 0.0855135 0.0140674 0.00269457 0.000114338
 0.34875 0.467042 0.161289 0.0227151 0.000203297
 0.318654 0.224769 0.449479 0.00709798 0
ppred_RECLAS
 0.120374 0.194905 0.611677 0.0730435 7.09068e-07
 0.215242 0.0966096 0.152478 0.478527 0.0571439
 0.934635 0.0148548 0.00621821 0.00981415 0.0344781
 0.372519 0.589086 0.00872554 0.0036525 0.0260167
 0.554821 0.181731 0.247328 0.00366342 0.0124566
 0.99552 0.00272106 0.000718008 0.00097718 6.36894e-05
 0.183422 0.813126 0.00209682 0.00055329 0.000802083
 0.311967 0.144639 0.541097 0.00139533 0.000901936
 0.961778 0.0126036 0.00538559 0.0201476 8.55381e-05
 0.69489 0.294596 0.00346699 0.00148147 0.00556572
 0.95131 0.0358376 0.0124094 0.000146041 0.000296851
 0.900313 0.0950254 0.00343104 0.00118806 4.24019e-05
 0.79016 0.19107 0.0178923 0.000646029 0.000231682
 0.822113 0.143925 0.0309243 0.00289582 0.000142055
 0.871981 0.108858 0.0155031 0.00333106 0.00032723
 0.985974 0.0125026 0.00129531 0.000184474 4.35305e-05
 0.162685 0.826414 0.00971751 0.00100677 0.000177214
 0.965644 0.00588548 0.0280998 0.000330416 4.0258e-05
 0.635405 0.352608 0.00205347 0.00980417 0.00012933
 0.603328 0.257732 0.134372 0.000782537 0.00378545
 0.860118 0.0867595 0.0345156 0.0179951 0.000611746
 0.82381 0.152639 0.0146071 0.00581114 0.0031327
 0.136886 0.718385 0.125384 0.0119988 0.00734682
 0.860636 0.0198085 0.0995078 0.0173676 0.00267968
 0.651759 0.301177 0.00668948 0.0336045 0.00677013
 0.394123 0.400132 0.177939 0.00395222 0.0238538
 0.87706 0.0496317 0.0484138 0.0215297 0.00336438
 0.79658 0.179279 0.00974584 0.00950669 0.00488827
 0.15477 0.676846 0.148401 0.00806728 0.0119157
 0.207755 0.125487 0.533929 0.117066 0.0157635
pobs_PELACES
 0 0 0 0 0
 0 0 0 0 0
 0 0 0 0 0
 0 0 0 0 0
 0 0 0 0 0
 0 0 0 0 0
 0 0 0 0 0
 0 0 0 0 0
 0 0 0 0 0
 0 0 0 0 0
 0 0 0 0 0
 0 0 0 0 0
 0 0 0 0 0
 0 0 0 0 0
 0 0 0 0 0
 0 0 0 0 0
 0.505614 0.472636 0.0217494 0 0
 0 0 0 0 0
 0.443492 0.261883 0.143347 0.151278 0
 0.227955 0.32914 0.350689 0.0885471 0.00366901
 0.970185 0.0296113 0.000203453 0 0
 0.997202 0.00247181 0.000326279 0 0
 0.445219 0.490057 0.0546422 0.010081 0
 0.90214 0.0892962 0.00764917 0.000914606 0
 0 0 0 0 0
 0.581667 0.319106 0.0959925 0.00289975 0.000334073
 0.762889 0.0836404 0.116647 0.0363945 0.000428098
 0.88444 0.0763242 0.0277011 0.0115352 0
 0.521256 0.241999 0.230069 0.00667565 0
 0.616807 0.101726 0.260614 0.0208532 0
ppred_PELACES
 0.122172 0.194507 0.610426 0.0728942 7.07619e-07
 0.223121 0.0956397 0.150947 0.473722 0.0565702
 0.93742 0.0142218 0.00595324 0.00939594 0.0330089
 0.395952 0.567088 0.00839969 0.0035161 0.0250451
 0.589729 0.167481 0.227934 0.00337616 0.0114798
 0.995688 0.00261893 0.000691059 0.000940502 6.12989e-05
 0.200799 0.795822 0.0020522 0.000541515 0.000785014
 0.323642 0.142185 0.531915 0.00137166 0.000886631
 0.964303 0.0117711 0.00502984 0.0188167 7.98879e-05
 0.722453 0.267982 0.00315379 0.00134763 0.00506292
 0.952591 0.0348947 0.0120829 0.000142199 0.000289041
 0.907181 0.0884785 0.00319466 0.0011062 3.94806e-05
 0.802798 0.179563 0.0168147 0.000607121 0.000217729
 0.841171 0.128506 0.0276113 0.00258558 0.000126837
 0.885101 0.0977015 0.0139143 0.00298967 0.000293694
 0.986647 0.0119032 0.00123322 0.00017563 4.14436e-05
 0.168337 0.820836 0.00965192 0.000999976 0.000176018
 0.966627 0.00571712 0.027296 0.000320964 3.91064e-05
 0.644893 0.343432 0.00200004 0.00954904 0.000125965
 0.614516 0.250463 0.130582 0.000760465 0.00367868
 0.864246 0.0841993 0.033497 0.017464 0.000593694
 0.829462 0.147742 0.0141385 0.00562472 0.0030322
 0.140332 0.715516 0.124883 0.0119509 0.00731749
 0.863431 0.0194113 0.0975125 0.0170194 0.00262595
 0.657485 0.296224 0.00657948 0.0330519 0.0066588
 0.400441 0.39596 0.176084 0.00391101 0.0236051
 0.87989 0.0484895 0.0472996 0.0210342 0.00328695
 0.799361 0.176828 0.00961259 0.00937671 0.00482144
 0.157154 0.674937 0.147983 0.00804452 0.0118821
 0.214757 0.124378 0.52921 0.116031 0.0156242
pobs_pel_tallas
 0 0 0 0 0 0 0 0 0 0 0 0 0 0 0 0 0 0 0 0 0 0 0 0 0 0
 0 0 0 0 0 0 0 0 0 0 0 0 0 0 0 0 0 0 0 0 0 0 0 0 0 0
 0 0 0 0 0 0 0 0 0 0 0 0 0 0 0 0 0 0 0 0 0 0 0 0 0 0
 0 0 0 0 0 0 0 0 0 0 0 0 0 0 0 0 0 0 0 0 0 0 0 0 0 0
 0 0 0 0 0 0 0 0 0 0 0 0 0 0 0 0 0 0 0 0 0 0 0 0 0 0
 0 0 0 0 0 0 0 0 0 0 0 0 0 0 0 0 0 0 0 0 0 0 0 0 0 0
 0 0 0 0 0 0 0 0 0 0 0 0 0 0 0 0 0 0 0 0 0 0 0 0 0 0
 0 0 0 0 0 0 0 0 0 0 0 0 0 0 0 0 0 0 0 0 0 0 0 0 0 0
 0 0 0 0 0 0 0 0 0 0 0 0 0 0 0 0 0 0 0 0 0 0 0 0 0 0
 0 0 0 0 0 0 0 0 0 0 0 0 0 0 0 0 0 0 0 0 0 0 0 0 0 0
 0 0 0 0 0 0 0 0 0 0 0 0 0 0 0 0 0 0 0 0 0 0 0 0 0 0
 0 0 0 0 0 0 0 0 0 0 0 0 0 0 0 0 0 0 0 0 0 0 0 0 0 0
 0.00862536 0 0 0.000197151 0.00414017 0.0128641 0.00837892 0.0270097 0.101434 0.158115 0.152841 0.127902 0.109271 0.109419 0.0830992 0.0579132 0.0238553 0.00714673 0.00463305 0.00128148 0.00103504 0.000492878 0.000147863 0.000147863 4.92878e-05 0
 0 0 0 0 0 0 0 0 0 0 0 0 0 0 0 0 0 0 0 0 0 0 0 0 0 0
 0 0 0 0 0 0 0 0.0054083 0.00873648 0.0413646 0.0450493 0.0745869 0.0622846 0.0627006 0.0613931 0.0827291 0.12552 0.122667 0.0946155 0.0697135 0.0546179 0.0294188 0.0215738 0.0213955 0.0102223 0.00600262
 0 0 0 0 0.00359764 0.0251062 0.0480494 0.140153 0.205849 0.193036 0.1447 0.116669 0.0760912 0.0342217 0.00950174 0.001854 0.000860785 0 0 0 0.000165536 0 0.000143464 0 0 0
 0 0 0 0 0 0 0 0.000145254 0.000435761 0.0275982 0.070085 0.0708112 0.156366 0.174668 0.174014 0.160142 0.0824315 0.0480064 0.0283245 0.00493863 0.00203355 0 0 0 0 0
 0 0 0 0 0 0 0 0 0 0 0 0 0 0 0 0 0 0 0 0 0 0 0 0 0 0
 0 0 1.00437e-05 0.000401748 0.00122533 0.00171747 0.00176769 0.0269171 0.070346 0.194647 0.189555 0.159765 0.064822 0.0314167 0.0384472 0.0292271 0.0345202 0.0313363 0.0194345 0.0106764 0.0143323 0.0359363 0.0279516 0.0138201 0.00172751 0
 0 0.0021121 0.0136068 0.0755702 0.200478 0.177729 0.0527432 0.0373336 0.0318909 0.0142505 0.0149659 0.0166563 0.0217959 0.0798694 0.0677717 0.0528807 0.04013 0.0224614 0.0357745 0.0225083 0.00881397 0.00855152 0.00135912 0.000746735 0 0
 0 0 0 0 5.4009e-05 0.00500934 0.000945158 0.0243581 0.138947 0.33067 0.221406 0.137944 0.0707744 0.0437923 0.0131692 0.00525238 0.0047753 0.00276346 9.45158e-05 9.00151e-06 2.25038e-05 9.00151e-06 4.50075e-06 0 0 0
 0.000866109 0.00284123 0.00948549 0.0512746 0.133035 0.25785 0.225252 0.132002 0.0553304 0.0519788 0.0540692 0.017754 0.00435017 0.00159236 0.00146478 0.000404838 0.000125132 0.000115318 0.000107957 0.000100596 0 0 0 0 0 0
 0 0 0 0 0.00144013 0.00171154 0.00461396 0.0210425 0.0478622 0.0707936 0.0888783 0.103762 0.0637923 0.0337046 0.0602308 0.124433 0.169614 0.0934646 0.0462172 0.0250306 0.0313229 0.00938855 0.002487 0.000210481 0 0
 0 0.00764035 0.051015 0.0998891 0.058973 0.0496711 0.0374665 0.0718981 0.12319 0.153886 0.159021 0.0857701 0.0377988 0.023471 0.0147837 0.00900784 0.00315554 0.000888139 0.00291439 0.00214683 0.00393193 0.00274676 0.000635225 9.99891e-05 0 0
 0 0 0 0 0 0 0 0 0 0 0 0 0 0 0 0 0 0 0 0 0 0 0 0 0 0
 0 0 0 0 0 0 0 0 0 0 0 0 0 0 0 0 0 0 0 0 0 0 0 0 0 0
 0 0 0 0 0 0 0 0 0 0 0 0 0 0 0 0 0 0 0 0 0 0 0 0 0 0
 0 0 0 0 0 0 0 0 0 0 0 0 0 0 0 0 0 0 0 0 0 0 0 0 0 0
 0 0 0 0 0 0 0 0 0 0 0 0 0 0 0 0 0 0 0 0 0 0 0 0 0 0
 0 0 0 0 0 0 0 0 0 0 0 0 0 0 0 0 0 0 0 0 0 0 0 0 0 0
ppred_pel_tallas
 1.24976e-16 1.00632e-05 9.78179e-05 0.000650035 0.00295498 0.00919414 0.0195898 0.028596 0.0286157 0.0196864 0.00952098 0.00391081 0.00309376 0.00557956 0.0108516 0.0190471 0.0300518 0.0432385 0.0577858 0.0730404 0.0883599 0.10246 0.113001 0.117148 0.11295 0.100566
 1.61462e-16 1.83782e-05 0.000178642 0.00118714 0.00539658 0.0167908 0.035775 0.0522166 0.0522262 0.0358221 0.0169504 0.00586292 0.00237939 0.00285574 0.0053304 0.00940853 0.0150996 0.0224525 0.0317538 0.0437263 0.0592635 0.0786181 0.100504 0.12181 0.138304 0.146069
 1.06704e-16 7.72141e-05 0.000750548 0.00498766 0.0226732 0.0705446 0.150303 0.219372 0.219373 0.15031 0.0705675 0.0227393 0.00515473 0.00111863 0.000786826 0.00120847 0.00181007 0.00245502 0.00308481 0.00373226 0.00453017 0.00564018 0.00713473 0.00890863 0.0106771 0.0120612
 1.04979e-16 3.26141e-05 0.000317021 0.00210672 0.00957687 0.0297975 0.0634887 0.0926751 0.0927296 0.0637552 0.0306919 0.0121588 0.00858235 0.0144357 0.0267947 0.0441112 0.0632295 0.0788689 0.0856881 0.0812668 0.0676154 0.049931 0.0336185 0.0218402 0.0149867 0.0117011
 1.08902e-16 4.85752e-05 0.000472169 0.00313773 0.0142637 0.0443796 0.0945561 0.138011 0.138027 0.0946367 0.0446511 0.0150517 0.00513096 0.00487342 0.00855348 0.0144437 0.0216837 0.0290975 0.0354473 0.0400489 0.0429801 0.0446495 0.0451588 0.044099 0.0409477 0.0356504
 1.00126e-16 8.20135e-05 0.000797201 0.00529768 0.0240825 0.0749295 0.159645 0.233007 0.233007 0.159647 0.0749337 0.0240945 0.0053279 0.000863323 0.000208044 0.000215352 0.000305219 0.000390179 0.000443197 0.000454728 0.000433892 0.000401375 0.000375471 0.000362044 0.000354565 0.000341584
 1.0045e-16 1.65398e-05 0.000160772 0.00106839 0.0048568 0.0151117 0.0322 0.0470128 0.0470894 0.0325738 0.0163664 0.00847838 0.0101502 0.0199571 0.0375271 0.0617871 0.0884734 0.110139 0.11921 0.112201 0.0918636 0.0654776 0.040704 0.0221679 0.0106982 0.00470965
 1.15674e-16 2.6658e-05 0.000259125 0.00172198 0.00782787 0.0243555 0.0518925 0.0757416 0.0757561 0.0519637 0.0245968 0.00853479 0.00353409 0.00433917 0.00813796 0.0143529 0.0228544 0.0332554 0.044985 0.0574642 0.0699389 0.0810371 0.088616 0.0903857 0.0850802 0.0733423
 1.02049e-16 7.94283e-05 0.000772072 0.00513069 0.0233234 0.0725676 0.154613 0.225663 0.225664 0.154619 0.0725865 0.023378 0.00526855 0.00107534 0.000662509 0.000989214 0.00146631 0.00195429 0.00237881 0.00272839 0.00306299 0.00346651 0.00397124 0.00451243 0.00494697 0.00512088
 1.01152e-16 5.95076e-05 0.000578435 0.0038439 0.0174738 0.0543678 0.115837 0.169073 0.169099 0.115963 0.0547904 0.0186937 0.00690333 0.00724826 0.0127005 0.0208337 0.0298459 0.0371974 0.0403482 0.0381383 0.0315022 0.0228877 0.0148552 0.00892645 0.00533441 0.00349856
 1.00421e-16 7.84637e-05 0.000762695 0.00506838 0.0230401 0.0716863 0.152735 0.222923 0.222926 0.152752 0.0717417 0.0232003 0.00547089 0.00164303 0.00175519 0.00278989 0.00403978 0.0051383 0.00576689 0.00577423 0.00525358 0.00446427 0.00366277 0.00298033 0.00241917 0.00192793
 1.00233e-16 7.47233e-05 0.000726337 0.00482677 0.0219418 0.0682691 0.145455 0.212297 0.212306 0.145496 0.0684087 0.0223448 0.00583763 0.00293059 0.00425376 0.00689508 0.0098808 0.0123314 0.0134066 0.0127212 0.0105755 0.00776404 0.00511625 0.00312342 0.0018623 0.00115462
 1.00629e-16 6.61254e-05 0.000642763 0.00427138 0.0194171 0.0604139 0.128719 0.187873 0.18789 0.128803 0.0606975 0.0202361 0.00632641 0.00512629 0.00857342 0.0140484 0.0201816 0.0252734 0.0276357 0.0264846 0.0224033 0.016952 0.0117503 0.00774325 0.00507104 0.00340097
 1.01111e-16 6.92861e-05 0.000673486 0.00447555 0.0203452 0.0633016 0.134871 0.196851 0.196863 0.134932 0.0635051 0.0209331 0.00595199 0.00389867 0.00620058 0.0101567 0.0146598 0.0185068 0.0205152 0.0201295 0.0177338 0.0143666 0.0110785 0.00844319 0.00650378 0.00503424
 1.00777e-16 7.29046e-05 0.000708659 0.00470929 0.0214077 0.0666075 0.141915 0.207131 0.20714 0.141961 0.066762 0.021854 0.00582939 0.00315383 0.00471662 0.00768175 0.0110576 0.0139021 0.0153069 0.0148515 0.012847 0.0101188 0.00750987 0.0054914 0.00410588 0.00315959
 1.00064e-16 8.12688e-05 0.000789961 0.00524957 0.0238638 0.0742491 0.158196 0.230891 0.230893 0.158201 0.0742679 0.0239181 0.00538585 0.00108734 0.00064565 0.000937716 0.00134041 0.00168001 0.00184047 0.00176992 0.00150703 0.0011547 0.000819151 0.000561513 0.000389565 0.00028023
 1.00619e-16 1.38658e-05 0.000134781 0.00089567 0.00407163 0.0126688 0.0269951 0.0394167 0.0394956 0.0273808 0.0139631 0.00780789 0.0102656 0.0205611 0.0387234 0.0637759 0.0913541 0.113793 0.123291 0.116255 0.0955037 0.0685057 0.0431128 0.0240508 0.0121555 0.00580772
 1.00829e-16 7.96198e-05 0.000773933 0.00514305 0.0233796 0.0727425 0.154986 0.226206 0.226207 0.154989 0.0727524 0.0234087 0.00521805 0.000944095 0.000421633 0.000619963 0.000998752 0.00149069 0.00207726 0.00273592 0.00342291 0.00405336 0.00450145 0.00463907 0.00439776 0.00381183
 1.01125e-16 5.31191e-05 0.000516336 0.00343124 0.0155979 0.0485311 0.103402 0.150925 0.150958 0.103563 0.0490727 0.0171612 0.00735169 0.00906308 0.0162508 0.0266928 0.0382395 0.0476544 0.0516847 0.048846 0.0403377 0.0292957 0.0189951 0.0113745 0.00671993 0.0042824
 1.04532e-16 5.0617e-05 0.000492015 0.00326961 0.0148632 0.0462451 0.0985309 0.143814 0.143838 0.0986496 0.0466441 0.0160177 0.0061744 0.00685577 0.0122024 0.0202634 0.0295791 0.0380085 0.0433627 0.0445634 0.0421806 0.037858 0.0331476 0.0287316 0.0245021 0.0201558
 1.02841e-16 7.11868e-05 0.000691961 0.00459833 0.0209033 0.065038 0.138571 0.20225 0.202258 0.138611 0.065172 0.0212907 0.0055727 0.00282546 0.00414214 0.00678554 0.0098874 0.012688 0.0144638 0.0148863 0.0141984 0.0130048 0.0118519 0.010937 0.0101257 0.00917635
 1.01524e-16 6.83217e-05 0.000664112 0.00441326 0.020062 0.0624205 0.132994 0.194112 0.194126 0.133064 0.0626539 0.0207361 0.00610485 0.00435536 0.00707431 0.0115759 0.0166432 0.0208766 0.0229015 0.0220901 0.0189369 0.0147298 0.0107861 0.00784469 0.00596293 0.00480461
 1.06224e-16 1.15591e-05 0.000112359 0.000746667 0.00339428 0.0105612 0.0225044 0.0328603 0.0329293 0.0228415 0.0116934 0.00666469 0.00895731 0.0180411 0.0340753 0.0563499 0.0812514 0.102331 0.112993 0.110151 0.0960261 0.0765567 0.0577893 0.0430795 0.0327196 0.0253593
 1.04971e-16 7.11197e-05 0.000691308 0.00459399 0.0208836 0.0649766 0.13844 0.202057 0.202059 0.13845 0.0650105 0.0209834 0.00485195 0.00127895 0.00125907 0.00215693 0.00353942 0.00536959 0.00763754 0.0103071 0.0132506 0.0161614 0.0185394 0.019826 0.0196397 0.0179661
 1.04708e-16 5.41563e-05 0.000526418 0.00349824 0.0159025 0.0494787 0.105421 0.15387 0.153899 0.10556 0.0499462 0.0172522 0.00688419 0.00791146 0.0140612 0.0231138 0.0331883 0.041535 0.0454119 0.0436064 0.0371985 0.0288825 0.0213875 0.0162004 0.0133256 0.0118847
 1.0957e-16 3.29838e-05 0.000320615 0.0021306 0.00968542 0.0301351 0.0642075 0.0937208 0.0937591 0.064395 0.0307652 0.0115075 0.00671321 0.010354 0.0191743 0.0318711 0.0464295 0.0594702 0.0675257 0.0689356 0.064721 0.0576661 0.0504169 0.0441599 0.038669 0.0332337
 1.04044e-16 7.24754e-05 0.000704486 0.00468156 0.0212817 0.0662153 0.141079 0.20591 0.205914 0.141102 0.0662934 0.0215083 0.00525385 0.00196536 0.00250128 0.00411059 0.00612754 0.0081576 0.00984874 0.0110437 0.0118417 0.0124563 0.0129891 0.0133206 0.0131977 0.0124239
 1.02079e-16 6.58424e-05 0.000640011 0.0042531 0.019334 0.0601553 0.128168 0.187068 0.187085 0.128251 0.0604345 0.0201401 0.00627542 0.00505144 0.0084344 0.0138152 0.0198394 0.0248364 0.0271579 0.0260604 0.0221603 0.0170382 0.0123121 0.00889078 0.00683458 0.00569808
 1.07261e-16 1.29447e-05 0.000125827 0.000836171 0.00380115 0.0118271 0.0252014 0.0367958 0.0368609 0.0255197 0.012896 0.00688946 0.00859188 0.0170685 0.0322246 0.0533419 0.0770432 0.0972995 0.107935 0.106046 0.0936629 0.0762449 0.0593044 0.0458328 0.0360183 0.0286204
 1.29585e-16 1.76892e-05 0.000171946 0.00114264 0.00519429 0.0161614 0.0344341 0.0502602 0.0502731 0.0344971 0.0163755 0.00582332 0.00276206 0.00384141 0.00738119 0.0132074 0.0214413 0.0320315 0.0448116 0.0595563 0.075681 0.0916992 0.105021 0.11259 0.112169 0.103456
pSPR Fmed_Fpbrs
0.389888   0.220918 0.220918
Fs Fmed_Fpbrs
0.570199   1.005 1.005
SSBpbr Bo_Bmed_Bpbrs
1.68166e+06  571577  287427 287427
Ro
67918.9
SPR SPRFo_SPRFmed_SPRFpbrs
483474 188501 106808
Fref
1.005
log_Ro
10.9461
likeval ReclasPelacesDesembMPH_pf_preclas_ppelaces_ptallas_desvR_qrecl_qpela
 12.8087 59.9855 0.109971 0.00164184 276.016 107.159 87.4264 0 83.085 1.73268e-05 0 0.0749854 0 0 0
q_reclas_q_pelaces
1.80372 1
M
1
N
 19726.7 32768 102837 12280.3 0.11921
 12882.4 6199.91 9785.25 30709.4 3667.2
 180845 3084.22 1291.05 2037.65 7158.48
 23458 43102.9 638.44 267.25 1903.62
 8422.54 3424.54 4660.66 69.0337 234.733
 282529 818.531 215.987 293.949 19.1586
 13824.4 72622.5 187.273 49.4158 71.6362
 3554.75 1788.23 6689.79 17.2511 11.151
 54223.1 791.22 338.093 1264.81 5.36986
 19822.3 10288.8 121.085 51.7405 194.384
 53351.2 2096.97 726.112 8.54534 17.3697
 127039 15113.2 545.687 188.953 6.74377
 82188.1 22366.7 2094.47 75.6241 27.1207
 67871.1 14606.1 3138.33 293.88 14.4164
 46563.7 7004.5 997.554 214.338 21.0558
 397383 5433.99 562.982 80.1777 18.9196
 16994.5 91852.2 1080.06 111.898 19.6966
 669051 4267.68 20375.8 239.591 29.1919
 314846 185970 1083.03 5170.84 68.2102
 171942 78870.6 41120 239.47 1158.41
 383783 40804.2 16233.2 8463.33 287.713
 519074 102099 9770.56 3887.03 2095.44
 24106 132165 23067.4 2207.48 1351.63
 284044 6774.54 34031.8 5939.76 916.456
 174776 83923.6 1864.04 9363.97 1886.51
 48042.2 50763.9 22574.7 501.41 3026.28
 234560 13817.3 13478.2 5993.78 936.633
 291685 67385.5 3663.16 3573.27 1837.35
 20323.2 91351.3 20029.1 1088.81 1608.21
 9808.54 6314.01 26865.2 5890.29 793.157
pred_Ctot
 1839.97 3966.34 12447.7 1486.44 0.0144296
 2944.18 1780.36 2809.92 8818.46 1053.07
 41691.1 892.933 373.78 589.934 2072.5
 9622.38 21160.5 313.428 131.201 934.54
 4342.1 2047.51 2786.58 41.2748 140.345
 55393.6 203.271 53.6374 72.9983 4.75779
 6151.15 38284.4 98.7245 26.0505 37.7645
 924.195 579.529 2168.03 5.59072 3.61381
 17500.5 313.126 133.8 500.55 2.12512
 9834.48 5955.65 70.0899 29.9498 112.518
 7922.32 398.946 138.142 1.62574 3.30456
 44409.2 6431.21 232.209 80.4063 2.86971
 28462.3 9437.36 883.737 31.9087 11.4433
 34065.6 8538.1 1834.53 171.79 8.42719
 21983.1 3886.44 553.491 118.925 11.6828
 96937.6 1659.1 171.889 24.4798 5.77652
 3516.65 24010.1 282.326 29.2501 5.14867
 105756 862.31 4117.04 48.4108 5.8984
 65507.1 48864.7 284.572 1358.67 17.9227
 39966.8 23012.4 11997.8 69.871 337.995
 68953.1 9322.84 3708.91 1933.68 65.7359
 104080 25901.8 2478.73 986.114 531.599
 3677 25803.7 4503.66 430.986 263.891
 35982.8 1105.17 5551.79 968.984 149.506
 23704.7 14627.4 324.891 1632.08 328.807
 6760.56 9169.07 4077.49 90.5657 546.613
 33143.1 2505.62 2444.13 1086.91 169.848
 27775.3 8323.44 452.473 441.37 226.949
 2025.22 11796.3 2586.39 140.599 207.67
 2075.93 1686.13 7174.25 1572.98 211.81
F
 0.157439 0.208575 0.208575 0.208575 0.208575
 0.429559 0.569077 0.569077 0.569077 0.569077
 0.43405 0.575027 0.575027 0.575027 0.575027
 0.924244 1.22443 1.22443 1.22443 1.22443
 1.33115 1.76351 1.76351 1.76351 1.76351
 0.358506 0.474946 0.474946 0.474946 0.474946
 1.04521 1.38469 1.38469 1.38469 1.38469
 0.502463 0.66566 0.66566 0.66566 0.66566
 0.66205 0.87708 0.87708 0.87708 0.87708
 1.24631 1.65111 1.65111 1.65111 1.65111
 0.261327 0.346205 0.346205 0.346205 0.346205
 0.736922 0.97627 0.97627 0.97627 0.97627
 0.727571 0.963882 0.963882 0.963882 0.963882
 1.27106 1.68389 1.68389 1.68389 1.68389
 1.14815 1.52106 1.52106 1.52106 1.52106
 0.46472 0.615659 0.615659 0.615659 0.615659
 0.381821 0.505835 0.505835 0.505835 0.505835
 0.280278 0.371311 0.371311 0.371311 0.371311
 0.384277 0.509088 0.509088 0.509088 0.509088
 0.438372 0.580753 0.580753 0.580753 0.580753
 0.324134 0.429411 0.429411 0.429411 0.429411
 0.367997 0.487521 0.487521 0.487521 0.487521
 0.269289 0.356753 0.356753 0.356753 0.356753
 0.219223 0.290426 0.290426 0.290426 0.290426
 0.23632 0.313076 0.313076 0.313076 0.313076
 0.246158 0.326109 0.326109 0.326109 0.326109
 0.24728 0.327595 0.327595 0.327595 0.327595
 0.160962 0.213242 0.213242 0.213242 0.213242
 0.168994 0.223882 0.223882 0.223882 0.223882
 0.392082 0.519428 0.519428 0.519428 0.519428
nmprior
 8 8 7 0
nm_flota  nm_reclas  nm_pelaces    nm_pelaL
inf 10.7271 5.59851 7.90109
cv_recla  cv_pelaces  cv_mph
0.331344 0.911355 1.25046
 ------------------------------------------------
Talla a la edad & desviación 
 8 13.2811 15.8009 17.003 17.5766
 0.8 1.32811 1.58009 1.7003 1.75766
