years
 1991 1992 1993 1994 1995 1996 1997 1998 1999 2000 2001 2002 2003 2004 2005 2006 2007 2008 2009 2010 2011 2012 2013 2014 2015 2016 2017 2018 2019 2020
reclasobs
 0 0 0 0 0 0 0 0 0 252601 567819 844713 477998 351125 339783 2.1784e+06 2.13404e+06 4.81314e+06 1.55562e+06 2.62356e+06 3.21686e+06 3.843e+06 1.13348e+06 3.07943e+06 1.97215e+06 2.03268e+06 2.025e+06 2.42433e+06 2.27542e+06 1.05018e+06
reclaspred
 2.0441e+06 1.53856e+06 802331 575071 659758 952182 676120 586421 371939 286007 378711 535344 507045 377773 461504 941334 1.46808e+06 2.29189e+06 2.17867e+06 1.65032e+06 2.80878e+06 2.20962e+06 1.91143e+06 2.38019e+06 2.11406e+06 1.93206e+06 2.0644e+06 2.09361e+06 2.23769e+06 1.39326e+06
pelacesobs
 0 0 0 0 0 0 0 0 0 0 0 0 0 0 0 552880 188675 0 991730 2.46772e+06 1.41603e+06 1.21717e+06 2.29649e+06 1.80582e+06 0 1.4828e+06 1.56532e+06 1.57751e+06 1.42118e+06 867257
pelacespred
 862247 716538 392732 241644 285682 407065 269532 280326 178837 128755 185251 212708 221394 171440 229064 391424 603323 1.01523e+06 1.06452e+06 774203 1.17019e+06 1.07436e+06 898212 1.1988e+06 1.07929e+06 945423 1.14208e+06 1.18582e+06 1.02743e+06 727397
mphobs
 0 0 0 0 0 0 0 0 0 0 0 498337 0 5186 125008 0 168611 109162 213762 579715 649985 157893 87575 83554 0 0 0 0 0 0
mphpred
 1.54405e+06 1.6326e+06 886757 451917 466015 589454 722924 447644 387106 226814 197277 408638 387350 320886 227762 413928 1.03232e+06 1.28788e+06 1.81189e+06 1.55705e+06 1.54332e+06 2.05372e+06 1.69819e+06 1.38809e+06 2.00587e+06 1.60433e+06 1.37718e+06 1.58384e+06 2.06872e+06 1.3724e+06
desembarqueobs
 494567 514787 250237 358949 120608 361735 552515 73892 212993 205616 52469 317467 293654 387597 252695 516296 358380 742168 942051 627588 828172 859565 418607 520667 417249 300574 407403 355545 319650 289779
desembarquepred
 494530 511421 251415 359105 120569 361636 552275 73810 213074 205730 52495.2 317355 293656 387551 252537 516285 358773 741750 941913 627699 827262 859621 418920 520341 417252 300534 407075 355262 319401 289635
Reclutas
 386821 68036.5 64134.9 157432 144546 204387 101694 35714.6 31243.5 71969.8 128513 124845 121083 87100.8 123485 454736 185381 606043 521551 286933 539858 533025 138781 402870 307054 163956 373703 362417 98095.9 113404
log_desv_Rt
 0.808086 -0.92983 -0.988885 -0.0908835 -0.176279 0.170141 -0.527907 -1.57432 -1.70806 -0.873628 -0.293846 -0.322802 -0.353397 -0.682809 -0.333752 0.969842 0.0725377 1.25708 1.10693 0.509374 1.14143 1.12869 -0.21698 0.84874 0.577148 -0.0502796 0.773585 0.74292 -0.563929 -0.418921
SSB
 1.54405e+06 1.6326e+06 886757 451917 466015 589454 722924 447644 387106 226814 197277 408638 387350 320886 227762 413928 1.03232e+06 1.28788e+06 1.81189e+06 1.55705e+06 1.54332e+06 2.05372e+06 1.69819e+06 1.38809e+06 2.00587e+06 1.60433e+06 1.37718e+06 1.58384e+06 2.06872e+06 1.3724e+06
BT
 2.80769e+06 2.21062e+06 1.19315e+06 1.06913e+06 923593 1.63142e+06 1.21776e+06 867614 718999 619365 686240 910072 967137 984179 1.11725e+06 1.89116e+06 2.01697e+06 4.07139e+06 4.19715e+06 2.70851e+06 4.53842e+06 3.88648e+06 2.76764e+06 4.58441e+06 3.285e+06 2.91141e+06 4.24371e+06 4.15414e+06 2.77512e+06 2.21758e+06
Ftot
 0.228119 0.310044 0.292846 0.571339 0.173069 0.354681 0.729284 0.119648 0.52455 0.65339 0.131917 0.542835 0.531574 0.908006 0.507634 0.50888 0.230298 0.303777 0.401689 0.354309 0.276816 0.362341 0.206722 0.206808 0.186581 0.147536 0.186777 0.161014 0.135404 0.196293
BD_Bspro_t
 0.964159 0.804539 0.624054 0.504153 0.513932 0.627086 0.598344 0.435342 0.483419 0.405191 0.436917 0.682188 0.547117 0.456291 0.364871 0.499573 0.619685 0.651782 0.675198 0.609941 0.564963 0.626687 0.616745 0.613218 0.719062 0.720954 0.734138 0.776949 0.810638 0.742992
BD_Bspro
 1.25811 1.33026 0.722537 0.368226 0.379713 0.480293 0.589045 0.364745 0.315418 0.18481 0.160743 0.332962 0.315617 0.261461 0.185583 0.337272 0.841143 1.04938 1.47634 1.2687 1.25751 1.67339 1.3837 1.13103 1.6344 1.30723 1.12214 1.29053 1.68561 1.11824
BD_Bo
 0.853641 0.902595 0.490249 0.249845 0.25764 0.325884 0.399673 0.247483 0.214014 0.125395 0.109066 0.225918 0.214149 0.177404 0.12592 0.228843 0.570724 0.712015 1.00171 0.860828 0.853232 1.13541 0.938856 0.767415 1.10896 0.886967 0.761386 0.875638 1.14371 0.758739
BD_Brms
 3.6263 3.83426 2.0826 1.06135 1.09446 1.38437 1.69783 1.05132 0.909142 0.532685 0.463317 0.959709 0.909715 0.753619 0.534913 0.972133 2.42446 3.02467 4.25532 3.65683 3.62457 4.82329 3.9883 3.26001 4.71091 3.76787 3.2344 3.71974 4.85851 3.22315
Sel_flota
 0.5 1 1 1 1
 0.5 1 1 1 1
 0.5 1 1 1 1
 0.5 1 1 1 1
 0.5 1 1 1 1
 0.5 1 1 1 1
 0.5 1 1 1 1
 0.5 1 1 1 1
 0.5 1 1 1 1
 0.5 1 1 1 1
 0.5 1 1 1 1
 0.5 1 1 1 1
 0.5 1 1 1 1
 0.5 1 1 1 1
 0.5 1 1 1 1
 0.5 1 1 1 1
 0.5 1 1 1 1
 0.5 1 1 1 1
 0.5 1 1 1 1
 0.5 1 1 1 1
 0.5 1 1 1 1
 0.5 1 1 1 1
 0.5 1 1 1 1
 0.5 1 1 1 1
 0.5 1 1 1 1
 0.5 1 1 1 1
 0.5 1 1 1 1
 0.5 1 1 1 1
 0.5 1 1 1 1
 0.5 1 1 1 1
Sel_reclas
 0.5 1 1 1 1
 0.5 1 1 1 1
 0.5 1 1 1 1
 0.5 1 1 1 1
 0.5 1 1 1 1
 0.5 1 1 1 1
 0.5 1 1 1 1
 0.5 1 1 1 1
 0.5 1 1 1 1
 0.5 1 1 1 1
 0.5 1 1 1 1
 0.5 1 1 1 1
 0.5 1 1 1 1
 0.5 1 1 1 1
 0.5 1 1 1 1
 0.5 1 1 1 1
 0.5 1 1 1 1
 0.5 1 1 1 1
 0.5 1 1 1 1
 0.5 1 1 1 1
 0.5 1 1 1 1
 0.5 1 1 1 1
 0.5 1 1 1 1
 0.5 1 1 1 1
 0.5 1 1 1 1
 0.5 1 1 1 1
 0.5 1 1 1 1
 0.5 1 1 1 1
 0.5 1 1 1 1
 0.5 1 1 1 1
Sel_pelaces
 0.5 1 1 1 1
 0.5 1 1 1 1
 0.5 1 1 1 1
 0.5 1 1 1 1
 0.5 1 1 1 1
 0.5 1 1 1 1
 0.5 1 1 1 1
 0.5 1 1 1 1
 0.5 1 1 1 1
 0.5 1 1 1 1
 0.5 1 1 1 1
 0.5 1 1 1 1
 0.5 1 1 1 1
 0.5 1 1 1 1
 0.5 1 1 1 1
 0.5 1 1 1 1
 0.5 1 1 1 1
 0.5 1 1 1 1
 0.5 1 1 1 1
 0.5 1 1 1 1
 0.5 1 1 1 1
 0.5 1 1 1 1
 0.5 1 1 1 1
 0.5 1 1 1 1
 0.5 1 1 1 1
 0.5 1 1 1 1
 0.5 1 1 1 1
 0.5 1 1 1 1
 0.5 1 1 1 1
 0.5 1 1 1 1
pf_obs 
 0.8446 0.082 0.0669 0.0065 0
 0.8095 0.147 0.0364 0.0071 0
 0.9664 0.0169 0.016 0.0007 0
 0.9276 0.0648 0.0075 0.0001 0
 0.7033 0.2144 0.0806 0.0017 0
 0.9318 0.0425 0.0243 0.0014 0
 0.5671 0.3108 0.0964 0.0239 0.0018
 0.0768 0.2599 0.5324 0.112 0.0189
 0.490249 0.384438 0.106611 0.0170017 0.00170017
 0.7925 0.1577 0.0466 0.003 0.0002
 0.840416 0.127587 0.0312969 0.00059994 9.999e-05
 0.8084 0.0986 0.0794 0.0134 0.0002
 0.7335 0.1905 0.0724 0.0035 0.0001
 0.4001 0.4547 0.1325 0.0127 0
 0.49795 0.308269 0.164784 0.0264974 0.00249975
 0.9179 0.0499 0.0305 0.0017 0
 0.2467 0.6533 0.0926 0.0074 0
 0.9418 0.0223 0.034 0.0019 0
 0.707729 0.231977 0.0356964 0.0245975 0
 0.517169 0.277429 0.184464 0.0207286 0.00020938
 0.811772 0.124168 0.05621 0.00726502 0.000585176
 0.764997 0.148141 0.077277 0.00933861 0.000247198
 0.163321 0.427699 0.378323 0.0303852 0.000271297
 0.753843 0.0900009 0.118128 0.0371064 0.000921714
 0.721811 0.176058 0.0630433 0.0369309 0.00215725
 0.143369 0.312575 0.442814 0.0836902 0.0175525
 0.692698 0.0596174 0.167031 0.0765114 0.00414204
 0.394062 0.376323 0.152708 0.0712218 0.00568511
 0.125707 0.32114 0.495352 0.0537591 0.00404204
 0.23352 0.215282 0.420074 0.123614 0.00750983
pf_pred 
 0.627711 0.235332 0.0865736 0.0318487 0.0185352
 0.182486 0.640146 0.112118 0.0412459 0.0240041
 0.342841 0.216104 0.345363 0.0604883 0.0352028
 0.69658 0.161574 0.0466454 0.0745455 0.0206546
 0.592575 0.344489 0.0335142 0.00967532 0.0197467
 0.62893 0.279714 0.0772433 0.00751474 0.00659717
 0.422653 0.456367 0.0911952 0.0251836 0.0046009
 0.313305 0.444748 0.191248 0.0382169 0.0124817
 0.404405 0.289413 0.198303 0.0852734 0.0226054
 0.73904 0.160383 0.0488725 0.033487 0.0182172
 0.751324 0.217337 0.0192603 0.00586905 0.00620912
 0.574696 0.366901 0.0510424 0.00452335 0.0028366
 0.593402 0.309609 0.0836707 0.0116401 0.00167842
 0.538421 0.357509 0.0792454 0.0214158 0.00340891
 0.71703 0.214135 0.0533155 0.0118179 0.00370213
 0.858996 0.120624 0.0154221 0.00383981 0.00111776
 0.411606 0.549774 0.0330379 0.00422398 0.00135784
 0.760618 0.143568 0.0895255 0.00537991 0.000908947
 0.563063 0.382052 0.0329167 0.0205261 0.00144189
 0.421939 0.430242 0.129251 0.011136 0.00743193
 0.666399 0.206483 0.0946115 0.0284228 0.00408314
 0.573724 0.346451 0.0494084 0.0226391 0.00777817
 0.249147 0.563264 0.152461 0.0217429 0.0133856
 0.653698 0.143273 0.152306 0.0412252 0.0094987
 0.488556 0.409452 0.0421964 0.0448569 0.0149391
 0.354484 0.43171 0.171169 0.01764 0.0249974
 0.649231 0.187409 0.109253 0.0433176 0.0107902
 0.543604 0.363492 0.049637 0.0289365 0.0143309
 0.226463 0.552421 0.176105 0.0240482 0.0209623
 0.398504 0.227754 0.266908 0.085087 0.0217473
pobs_RECLAS
 0 0 0 0 0
 0 0 0 0 0
 0 0 0 0 0
 0 0 0 0 0
 0 0 0 0 0
 0 0 0 0 0
 0 0 0 0 0
 0 0 0 0 0
 0 0 0 0 0
 0 0 0 0 0
 0.991045 0.00858322 0.000360255 1.14367e-05 0
 0.934742 0.0480273 0.0164251 0.00080598 0
 0.827803 0.169806 0.00239088 0 0
 0.941827 0.0461693 0.0120037 0 0
 0.791401 0.0380133 0.147996 0.0225897 0
 0.846168 0.0940531 0.0597789 0 0
 0.134021 0.677848 0.182769 0.00536245 0
 0.80878 0.0450904 0.141981 0.00414843 0
 0.846168 0.0940531 0.0597789 0 0
 0.905697 0.0802665 0.012482 0.00150086 5.37128e-05
 0.989698 0.0102097 9.19794e-05 0 0
 0.975433 0.0193895 0.00387452 0.00125025 5.28907e-05
 0.303575 0.632131 0.0575291 0.00676475 0
 0.966965 0.00978017 0.0227588 0.000495775 0
 0.843318 0.132988 0.00938335 0.0141283 0.000182051
 0.564624 0.303363 0.111486 0.0197234 0.00080311
 0.826376 0.0876187 0.0782897 0.00655872 0.00115652
 0.89761 0.0855135 0.0140674 0.00269457 0.000114338
 0.34875 0.467042 0.161289 0.0227151 0.000203297
 0.318654 0.224769 0.449479 0.00709798 0
ppred_RECLAS
 0.630251 0.233726 0.085983 0.0316314 0.0184087
 0.184814 0.638323 0.111799 0.0411284 0.0239358
 0.346121 0.215026 0.343639 0.0601865 0.0350271
 0.703487 0.157896 0.0455836 0.0728486 0.0201844
 0.5945 0.342861 0.0333558 0.00962961 0.0196534
 0.633174 0.276516 0.07636 0.0074288 0.00652173
 0.433722 0.447617 0.0894467 0.0247008 0.00451269
 0.314453 0.444005 0.190929 0.038153 0.0124609
 0.411532 0.28595 0.19593 0.0842531 0.0223349
 0.746515 0.15579 0.0474726 0.0325278 0.0176954
 0.752429 0.216372 0.0191747 0.00584298 0.00618153
 0.58221 0.360419 0.0501407 0.00444344 0.00278649
 0.600621 0.304112 0.0821852 0.0114334 0.00164862
 0.553479 0.345846 0.0766603 0.0207172 0.00329771
 0.722738 0.209815 0.05224 0.0115795 0.00362744
 0.862401 0.117711 0.0150497 0.0037471 0.00109077
 0.414274 0.547282 0.0328881 0.00420484 0.00135168
 0.763368 0.141919 0.0884971 0.00531811 0.000898506
 0.568268 0.377501 0.0325246 0.0202816 0.00142471
 0.426385 0.426933 0.128257 0.0110503 0.00737477
 0.669416 0.204616 0.093756 0.0281657 0.00404622
 0.578291 0.342739 0.048879 0.0223966 0.00769484
 0.250973 0.561894 0.15209 0.02169 0.013353
 0.655899 0.142362 0.151338 0.0409632 0.00943832
 0.490724 0.407716 0.0420175 0.0446667 0.0148758
 0.356016 0.430685 0.170763 0.0175981 0.024938
 0.651206 0.186354 0.108637 0.0430737 0.0107294
 0.545431 0.362037 0.0494383 0.0288207 0.0142736
 0.227532 0.551658 0.175862 0.024015 0.0209333
 0.400707 0.226919 0.26593 0.0847754 0.0216676
pobs_PELACES
 0 0 0 0 0
 0 0 0 0 0
 0 0 0 0 0
 0 0 0 0 0
 0 0 0 0 0
 0 0 0 0 0
 0 0 0 0 0
 0 0 0 0 0
 0 0 0 0 0
 0 0 0 0 0
 0 0 0 0 0
 0 0 0 0 0
 0 0 0 0 0
 0 0 0 0 0
 0 0 0 0 0
 0 0 0 0 0
 0.505614 0.472636 0.0217494 0 0
 0 0 0 0 0
 0.443492 0.261883 0.143347 0.151278 0
 0.227955 0.32914 0.350689 0.0885471 0.00366901
 0.970185 0.0296113 0.000203453 0 0
 0.997202 0.00247181 0.000326279 0 0
 0.445219 0.490057 0.0546422 0.010081 0
 0.90214 0.0892962 0.00764917 0.000914606 0
 0 0 0 0 0
 0.581667 0.319106 0.0959925 0.00289975 0.000334073
 0.762889 0.0836404 0.116647 0.0363945 0.000428098
 0.88444 0.0763242 0.0277011 0.0115352 0
 0.521256 0.241999 0.230069 0.00667565 0
 0.616807 0.101726 0.260614 0.0208532 0
ppred_PELACES
 0.638979 0.228209 0.0839534 0.0308847 0.0179742
 0.192646 0.63219 0.110724 0.0407333 0.0237058
 0.357137 0.211403 0.33785 0.0591725 0.034437
 0.722767 0.147629 0.0426196 0.0681117 0.018872
 0.601365 0.337057 0.0327911 0.00946658 0.0193206
 0.646658 0.266351 0.0735532 0.00715574 0.006282
 0.463478 0.424097 0.0847466 0.0234028 0.00427556
 0.318724 0.441238 0.189739 0.0379153 0.0123832
 0.43264 0.275693 0.188902 0.0812309 0.0215337
 0.766369 0.143588 0.0437544 0.0299801 0.0163095
 0.756461 0.212848 0.0188624 0.00574781 0.00608085
 0.603823 0.341774 0.0475468 0.00421357 0.00264234
 0.621463 0.288241 0.0778962 0.0108367 0.00156258
 0.590143 0.317448 0.0703656 0.0190161 0.00302693
 0.739206 0.197353 0.0491372 0.0108918 0.003412
 0.872065 0.109444 0.0139927 0.00348393 0.00101416
 0.423523 0.538639 0.0323688 0.00413843 0.00133034
 0.772302 0.13656 0.0851558 0.00511732 0.000864582
 0.58445 0.363352 0.0313056 0.0195214 0.00137131
 0.440741 0.416248 0.125047 0.0107738 0.0071902
 0.679444 0.198409 0.0909119 0.0273113 0.00392348
 0.592799 0.330948 0.0471975 0.0216261 0.00743012
 0.257439 0.557043 0.150777 0.0215028 0.0132378
 0.663559 0.139193 0.147969 0.0400513 0.00922822
 0.498419 0.401555 0.0413826 0.0439918 0.014651
 0.361617 0.426939 0.169278 0.017445 0.0247212
 0.658173 0.182631 0.106467 0.0422133 0.0105151
 0.552009 0.356797 0.0487228 0.0284036 0.014067
 0.231483 0.548837 0.174962 0.0238921 0.0208263
 0.408509 0.223965 0.262468 0.0836717 0.0213855
pobs_pel_tallas
 0 0 0 0 0 0 0 0 0 0 0 0 0 0 0 0 0 0 0 0 0 0 0 0 0 0
 0 0 0 0 0 0 0 0 0 0 0 0 0 0 0 0 0 0 0 0 0 0 0 0 0 0
 0 0 0 0 0 0 0 0 0 0 0 0 0 0 0 0 0 0 0 0 0 0 0 0 0 0
 0 0 0 0 0 0 0 0 0 0 0 0 0 0 0 0 0 0 0 0 0 0 0 0 0 0
 0 0 0 0 0 0 0 0 0 0 0 0 0 0 0 0 0 0 0 0 0 0 0 0 0 0
 0 0 0 0 0 0 0 0 0 0 0 0 0 0 0 0 0 0 0 0 0 0 0 0 0 0
 0 0 0 0 0 0 0 0 0 0 0 0 0 0 0 0 0 0 0 0 0 0 0 0 0 0
 0 0 0 0 0 0 0 0 0 0 0 0 0 0 0 0 0 0 0 0 0 0 0 0 0 0
 0 0 0 0 0 0 0 0 0 0 0 0 0 0 0 0 0 0 0 0 0 0 0 0 0 0
 0 0 0 0 0 0 0 0 0 0 0 0 0 0 0 0 0 0 0 0 0 0 0 0 0 0
 0 0 0 0 0 0 0 0 0 0 0 0 0 0 0 0 0 0 0 0 0 0 0 0 0 0
 0 0 0 0 0 0 0 0 0 0 0 0 0 0 0 0 0 0 0 0 0 0 0 0 0 0
 0.00862536 0 0 0.000197151 0.00414017 0.0128641 0.00837892 0.0270097 0.101434 0.158115 0.152841 0.127902 0.109271 0.109419 0.0830992 0.0579132 0.0238553 0.00714673 0.00463305 0.00128148 0.00103504 0.000492878 0.000147863 0.000147863 4.92878e-05 0
 0 0 0 0 0 0 0 0 0 0 0 0 0 0 0 0 0 0 0 0 0 0 0 0 0 0
 0 0 0 0 0 0 0 0.0054083 0.00873648 0.0413646 0.0450493 0.0745869 0.0622846 0.0627006 0.0613931 0.0827291 0.12552 0.122667 0.0946155 0.0697135 0.0546179 0.0294188 0.0215738 0.0213955 0.0102223 0.00600262
 0 0 0 0 0.00359764 0.0251062 0.0480494 0.140153 0.205849 0.193036 0.1447 0.116669 0.0760912 0.0342217 0.00950174 0.001854 0.000860785 0 0 0 0.000165536 0 0.000143464 0 0 0
 0 0 0 0 0 0 0 0.000145254 0.000435761 0.0275982 0.070085 0.0708112 0.156366 0.174668 0.174014 0.160142 0.0824315 0.0480064 0.0283245 0.00493863 0.00203355 0 0 0 0 0
 0 0 0 0 0 0 0 0 0 0 0 0 0 0 0 0 0 0 0 0 0 0 0 0 0 0
 0 0 1.00437e-05 0.000401748 0.00122533 0.00171747 0.00176769 0.0269171 0.070346 0.194647 0.189555 0.159765 0.064822 0.0314167 0.0384472 0.0292271 0.0345202 0.0313363 0.0194345 0.0106764 0.0143323 0.0359363 0.0279516 0.0138201 0.00172751 0
 0 0.0021121 0.0136068 0.0755702 0.200478 0.177729 0.0527432 0.0373336 0.0318909 0.0142505 0.0149659 0.0166563 0.0217959 0.0798694 0.0677717 0.0528807 0.04013 0.0224614 0.0357745 0.0225083 0.00881397 0.00855152 0.00135912 0.000746735 0 0
 0 0 0 0 5.4009e-05 0.00500934 0.000945158 0.0243581 0.138947 0.33067 0.221406 0.137944 0.0707744 0.0437923 0.0131692 0.00525238 0.0047753 0.00276346 9.45158e-05 9.00151e-06 2.25038e-05 9.00151e-06 4.50075e-06 0 0 0
 0.000866109 0.00284123 0.00948549 0.0512746 0.133035 0.25785 0.225252 0.132002 0.0553304 0.0519788 0.0540692 0.017754 0.00435017 0.00159236 0.00146478 0.000404838 0.000125132 0.000115318 0.000107957 0.000100596 0 0 0 0 0 0
 0 0 0 0 0.00144013 0.00171154 0.00461396 0.0210425 0.0478622 0.0707936 0.0888783 0.103762 0.0637923 0.0337046 0.0602308 0.124433 0.169614 0.0934646 0.0462172 0.0250306 0.0313229 0.00938855 0.002487 0.000210481 0 0
 0 0.00764035 0.051015 0.0998891 0.058973 0.0496711 0.0374665 0.0718981 0.12319 0.153886 0.159021 0.0857701 0.0377988 0.023471 0.0147837 0.00900784 0.00315554 0.000888139 0.00291439 0.00214683 0.00393193 0.00274676 0.000635225 9.99891e-05 0 0
 0 0 0 0 0 0 0 0 0 0 0 0 0 0 0 0 0 0 0 0 0 0 0 0 0 0
 0 0 0 0 0 0 0 0 0 0 0 0 0 0 0 0 0 0 0 0 0 0 0 0 0 0
 0 0 0 0 0 0 0 0 0 0 0 0 0 0 0 0 0 0 0 0 0 0 0 0 0 0
 0 0 0 0 0 0 0 0 0 0 0 0 0 0 0 0 0 0 0 0 0 0 0 0 0 0
 0 0 0 0 0 0 0 0 0 0 0 0 0 0 0 0 0 0 0 0 0 0 0 0 0 0
 0 0 0 0 0 0 0 0 0 0 0 0 0 0 0 0 0 0 0 0 0 0 0 0 0 0
ppred_pel_tallas
 1.08621e-16 5.26319e-05 0.0005116 0.00339977 0.0154549 0.0480859 0.102453 0.149538 0.14956 0.102561 0.0484487 0.0165039 0.00603758 0.00628524 0.0110631 0.0183263 0.0266798 0.0341597 0.0388006 0.0397145 0.037589 0.0341268 0.0308955 0.02851 0.0266421 0.0246012
 1.11454e-16 1.58681e-05 0.000154244 0.00102501 0.00465958 0.014498 0.0308918 0.0451002 0.0451612 0.0311897 0.0154986 0.00755029 0.00828336 0.016007 0.0301461 0.0498747 0.0719952 0.0908644 0.100739 0.0989969 0.0876907 0.0720993 0.0574849 0.0465905 0.0393343 0.0341491
 1.21566e-16 2.94169e-05 0.000285943 0.00190019 0.00863801 0.0268762 0.0572633 0.0835818 0.0836027 0.0573655 0.0272209 0.00964022 0.00444022 0.00591162 0.0109511 0.0186799 0.0283634 0.0387266 0.0484185 0.0567408 0.0638135 0.0699403 0.074778 0.0771526 0.0757301 0.069949
 1.11293e-16 5.95334e-05 0.000578686 0.00384557 0.0174814 0.0543913 0.115887 0.169143 0.169158 0.115957 0.054626 0.0181602 0.00555269 0.00431664 0.00719316 0.0118924 0.0173605 0.0223566 0.0256924 0.0269108 0.026581 0.02588 0.0257757 0.0264465 0.0273012 0.0274532
 1.05252e-16 4.95337e-05 0.000481485 0.00319964 0.0145451 0.0452554 0.0964227 0.140739 0.140771 0.0965813 0.045788 0.0160831 0.00705936 0.00890433 0.0160377 0.0264141 0.0379994 0.0476952 0.0523872 0.0506642 0.0436792 0.0343898 0.0258061 0.0195907 0.0158184 0.0136384
 1.03972e-16 5.32644e-05 0.000517749 0.00344062 0.0156406 0.0486638 0.103684 0.151336 0.151362 0.10381 0.0490862 0.0168612 0.00650713 0.00722073 0.0128091 0.0211584 0.0306289 0.0388372 0.0433756 0.0431113 0.0388205 0.0325843 0.0264679 0.0215363 0.0177836 0.0147038
 1.05625e-16 3.81762e-05 0.000371086 0.002466 0.0112101 0.034879 0.0743149 0.108473 0.108514 0.0745149 0.0355505 0.0131502 0.0073379 0.0110133 0.0202696 0.0335017 0.0483798 0.0610974 0.0677888 0.0666608 0.0590304 0.0483646 0.0381348 0.0301775 0.0245149 0.020246
 1.11487e-16 2.6253e-05 0.000255188 0.00169582 0.00770896 0.0239857 0.0511056 0.0745991 0.0746418 0.0513145 0.0246877 0.00973939 0.00680251 0.0114364 0.0213592 0.0355252 0.051771 0.066357 0.0754496 0.0772372 0.0728935 0.06553 0.0580533 0.051681 0.0460154 0.0401287
 1.17313e-16 3.56361e-05 0.000346395 0.00230192 0.0104642 0.0325582 0.0693696 0.101253 0.101279 0.0695009 0.0329996 0.0117426 0.00552383 0.00742312 0.0136037 0.0227718 0.0336013 0.043958 0.0516788 0.0557902 0.0569887 0.056894 0.0567101 0.0564268 0.0550876 0.0516909
 1.07067e-16 6.31248e-05 0.000613595 0.00407756 0.018536 0.0576724 0.122878 0.179347 0.17936 0.122946 0.0579005 0.0191954 0.00573528 0.00424091 0.00697766 0.0115045 0.0167337 0.0214083 0.0243046 0.0248968 0.0236686 0.021747 0.0201508 0.0192464 0.0187394 0.0180572
 1.02205e-16 6.23088e-05 0.000605663 0.00402485 0.0182964 0.056927 0.12129 0.17703 0.177051 0.12139 0.0572632 0.0192673 0.0064612 0.00592161 0.0101506 0.0166625 0.0239513 0.0300255 0.0329031 0.0316785 0.0270683 0.0209384 0.0152025 0.0109415 0.00824879 0.00663954
 1.0233e-16 4.97362e-05 0.000483454 0.00321272 0.0146046 0.0454405 0.0968169 0.141314 0.141347 0.0969778 0.0459808 0.0161653 0.00713012 0.00903437 0.0162869 0.0268397 0.0386405 0.048549 0.0533896 0.0516827 0.0445126 0.034775 0.0254421 0.0181983 0.0132317 0.00989456
 1.03673e-16 5.11892e-05 0.000497577 0.00330657 0.0150312 0.0467679 0.0996449 0.145441 0.145468 0.099781 0.0472249 0.0163519 0.00662449 0.00774969 0.0138507 0.0228857 0.0331218 0.0419804 0.0468505 0.0465011 0.0417679 0.0349023 0.0281429 0.0226512 0.0184358 0.0149694
 1.04532e-16 4.86094e-05 0.0004725 0.00313993 0.0142737 0.0444109 0.0946233 0.138112 0.138143 0.0947731 0.0449138 0.0157267 0.00678929 0.00844594 0.0152119 0.0251244 0.0363122 0.0459244 0.0510788 0.0504364 0.0449688 0.037236 0.0297868 0.0239478 0.0197072 0.0163931
 1.03139e-16 6.08874e-05 0.000591848 0.00393304 0.017879 0.0556284 0.118523 0.172992 0.173011 0.118616 0.0559412 0.018783 0.00620371 0.00555433 0.00950196 0.0156553 0.0226466 0.0286894 0.0319985 0.0317433 0.0285176 0.0238884 0.0194071 0.0158672 0.0132444 0.0111238
 1.00953e-16 7.18309e-05 0.000698222 0.00463993 0.0210924 0.0656265 0.139825 0.20408 0.204091 0.139876 0.0657995 0.0215922 0.00589414 0.00343581 0.00526989 0.00859557 0.0123683 0.0155387 0.0170888 0.0165495 0.0142748 0.0111986 0.00827541 0.00603949 0.00453718 0.00354162
 1.01712e-16 3.48852e-05 0.000339096 0.00225342 0.0102437 0.0318723 0.0679093 0.0991265 0.0991783 0.0681626 0.0327226 0.0126985 0.00841173 0.0137708 0.0255087 0.0420229 0.0603129 0.0753813 0.082154 0.0782845 0.0655705 0.0487844 0.0328978 0.0208367 0.0130469 0.00847552
 1.03152e-16 6.36135e-05 0.000618346 0.00410913 0.0186795 0.0581189 0.123829 0.180735 0.180748 0.123894 0.058337 0.0193107 0.00569826 0.00410346 0.00672931 0.0111458 0.0163316 0.0211206 0.0243446 0.025424 0.0246417 0.0228217 0.0207061 0.018563 0.0162687 0.013658
 1.03187e-16 4.81404e-05 0.000467942 0.00310964 0.014136 0.0439825 0.0937107 0.136781 0.136816 0.0938817 0.0445565 0.0157935 0.00726884 0.00954311 0.0172708 0.0284431 0.0408935 0.0512707 0.0561962 0.0541243 0.046274 0.035819 0.0260077 0.0186649 0.0139372 0.0110035
 1.06013e-16 3.63033e-05 0.000352882 0.00234502 0.0106602 0.0331679 0.0706693 0.103152 0.103193 0.0708659 0.0338283 0.0125688 0.0071407 0.0108379 0.019996 0.0331211 0.0479893 0.0609283 0.0681877 0.0679915 0.0615215 0.0519744 0.0425122 0.0347507 0.028674 0.0235354
 1.06078e-16 5.5965e-05 0.000543999 0.00361507 0.0164336 0.0511311 0.108941 0.159006 0.159026 0.109035 0.051447 0.0173475 0.00591422 0.00558014 0.0096708 0.0160312 0.0233982 0.0300768 0.034365 0.0354666 0.0339088 0.0310604 0.0281652 0.0256866 0.0233642 0.0207296
 1.04873e-16 4.88281e-05 0.000474627 0.00315406 0.0143379 0.0446108 0.0950492 0.138734 0.138766 0.0952051 0.0451342 0.0158499 0.00694969 0.00876167 0.0157911 0.0260391 0.0375322 0.0472597 0.0521888 0.0509353 0.0445871 0.0359528 0.0278575 0.0218139 0.0178373 0.0151299
 1.08891e-16 2.1205e-05 0.00020612 0.00136975 0.0062267 0.0193738 0.04128 0.0602607 0.0603145 0.041543 0.0202571 0.00877926 0.00778251 0.0142234 0.0266957 0.0442385 0.064048 0.081215 0.0907171 0.0901996 0.0813038 0.068398 0.0558049 0.0457333 0.038129 0.0318791
 1.09884e-16 5.46565e-05 0.000531281 0.00353055 0.0160494 0.0499356 0.106394 0.155287 0.155301 0.10646 0.0501601 0.0167007 0.00517579 0.00415734 0.00704272 0.0118229 0.0176515 0.0235133 0.028387 0.0317789 0.0339114 0.0353345 0.0363115 0.0365402 0.0354171 0.0325513
 1.08189e-16 4.10542e-05 0.000399062 0.00265191 0.0120552 0.0375084 0.0799171 0.116649 0.116688 0.0801061 0.0381432 0.0138886 0.00725362 0.0104439 0.0191168 0.031538 0.0454331 0.057164 0.0630713 0.0615246 0.0539246 0.0437703 0.034549 0.0280736 0.0242344 0.0218545
 1.10928e-16 2.9786e-05 0.000289531 0.00192403 0.00874641 0.0272135 0.0579828 0.0846363 0.0846776 0.0581848 0.0278923 0.0107091 0.00685904 0.0110905 0.0206243 0.0342623 0.0498512 0.0637315 0.0721579 0.073365 0.068522 0.0607339 0.0529561 0.0465173 0.0411331 0.0359095
 1.09133e-16 5.42129e-05 0.000526968 0.00350189 0.0159191 0.0495303 0.10553 0.154028 0.154046 0.105617 0.049822 0.0167635 0.0056283 0.00519191 0.00898179 0.0149424 0.0219439 0.0284949 0.0331056 0.0350964 0.0349444 0.0338085 0.0326395 0.0316153 0.030263 0.0280047
 1.06727e-16 4.54683e-05 0.000441969 0.00293704 0.0133514 0.0415412 0.0885093 0.129189 0.129223 0.0886774 0.0421056 0.0149814 0.00702916 0.00937657 0.0170186 0.0280773 0.040479 0.0509928 0.0563661 0.0551307 0.0484881 0.0394887 0.0311791 0.0251562 0.0213647 0.0188496
 1.1111e-16 1.9067e-05 0.000185338 0.00123164 0.0055989 0.0174205 0.0371182 0.0541863 0.0542393 0.0373775 0.0182917 0.00811703 0.00756001 0.0140252 0.0263765 0.0437666 0.0634919 0.0807765 0.0907287 0.0910542 0.0833316 0.0717467 0.0603768 0.0512051 0.0440379 0.0377366
 1.19642e-16 3.36484e-05 0.000327075 0.00217353 0.00988055 0.0307422 0.0655003 0.0956042 0.0956261 0.0656078 0.0311044 0.0109319 0.00483161 0.00619298 0.0113608 0.0192193 0.0288382 0.0387042 0.0472594 0.053767 0.0585753 0.0624601 0.0656346 0.0673442 0.066366 0.0619147
pSPR Fmed_Fpbrs
0.63411   0.285403 0.285403
Fs Fmed_Fpbrs
0.298781   1.005 1.005
SSBpbr Bo_Bmed_Bpbrs
1.80879e+06  1.05653e+06  425793 425793
Ro
172410
SPR SPRFo_SPRFmed_SPRFpbrs
1.22728e+06 778232 350269
Fref
1.005
log_Ro
11.8776
likeval ReclasPelacesDesembMPH_pf_preclas_ppelaces_ptallas_desvR_qrecl_qpela
 16.5914 24.6659 0.369973 0.00281754 236.729 121.384 81.3372 0 26.7074 0 0 1.7717 0 0 0
q_reclas_q_pelaces
1 1
M
1
N
 386821 75934.8 27934.8 10276.7 5980.77
 68036.5 126964 22237 8180.52 4760.87
 64134.9 21435 34255.9 5999.72 3491.7
 157432 20380.3 5883.65 9402.84 2605.28
 144546 43524.4 4234.34 1222.43 2494.89
 204387 48767.4 13467.1 1310.17 1150.2
 101694 62971.1 12583.4 3474.92 634.848
 35714.6 25980 11171.8 2232.44 729.119
 31243.5 12375.7 8479.72 3646.41 966.638
 71969.8 8842.22 2694.42 1846.2 1004.35
 128513 19097.4 1692.4 515.713 545.594
 124845 44259.5 6157.28 545.654 342.181
 121083 35010.7 9461.53 1316.27 189.796
 87100.8 34147.5 7569.15 2045.54 325.603
 123485 20349.6 5066.67 1123.08 351.82
 454736 35244.4 4506.08 1121.93 326.592
 185381 129707 7794.55 996.554 320.351
 606043 60780.1 37901 2277.61 384.807
 521551 191533 16502.1 10290.3 722.858
 286933 156956 47151.9 4062.49 2711.23
 539858 88419.7 40514.3 12171.1 1748.47
 533025 172932 24662.4 11300.4 3882.51
 138781 163596 44281.1 6315.06 3887.74
 402870 46041.1 48944 13247.9 3052.44
 307054 133648 13773.2 14641.6 4876.25
 163956 102897 40797.8 4204.46 5958.09
 373703 56026.6 32661.5 12950 3225.77
 362417 125220 17099.5 9968.39 4936.89
 98095.9 123013 39214.9 5355.03 4667.86
 113404 33725.2 39523 12599.5 3220.28
pred_Ctot
 26604.6 9974.18 3669.3 1349.86 785.586
 6254.65 21940.9 3842.82 1413.69 822.736
 5588.42 3522.57 5629.53 985.979 573.817
 25309.6 5870.65 1694.82 2708.54 750.467
 7628.05 4434.51 431.418 124.548 254.193
 21301.2 9473.64 2616.15 254.517 223.44
 20231.3 21845.1 4365.28 1205.47 220.233
 1317.41 1870.11 804.175 160.697 52.484
 4654.54 3331.02 2282.39 981.462 260.179
 13019.7 2825.48 860.987 589.941 320.933
 5213.36 1508.08 133.645 40.7248 43.0844
 19177.5 12243.4 1703.27 150.943 94.6567
 18254.5 9524.34 2573.92 358.078 51.6323
 20842.6 13839.4 3067.64 829.019 131.961
 17863.1 5334.66 1328.23 294.416 92.2298
 65926.2 9257.64 1183.61 294.698 85.7859
 12866.1 17185 1032.71 132.035 42.4438
 54657.5 10316.7 6433.24 386.597 65.3163
 60979.5 41376.1 3564.87 2222.97 156.156
 29875 30462.9 9151.53 788.474 526.212
 44610.9 13822.7 6333.61 1902.71 273.339
 56663.9 34217.3 4879.83 2235.96 768.213
 8687.68 19640.8 5316.25 758.167 466.751
 25229.8 5529.67 5878.32 1591.11 366.607
 17420.7 14600 1504.62 1599.49 532.693
 7414.72 9030.06 3580.33 368.974 522.869
 21223.4 6126.42 3571.47 1416.06 352.733
 17837.7 11927.5 1628.78 949.516 470.252
 4081.68 9956.63 3174.05 433.435 377.816
 6755.37 3860.84 4524.58 1442.38 368.656
F
 0.114059 0.228119 0.228119 0.228119 0.228119
 0.155022 0.310044 0.310044 0.310044 0.310044
 0.146423 0.292846 0.292846 0.292846 0.292846
 0.285669 0.571339 0.571339 0.571339 0.571339
 0.0865346 0.173069 0.173069 0.173069 0.173069
 0.177341 0.354681 0.354681 0.354681 0.354681
 0.364642 0.729284 0.729284 0.729284 0.729284
 0.0598238 0.119648 0.119648 0.119648 0.119648
 0.262275 0.52455 0.52455 0.52455 0.52455
 0.326695 0.65339 0.65339 0.65339 0.65339
 0.0659586 0.131917 0.131917 0.131917 0.131917
 0.271418 0.542835 0.542835 0.542835 0.542835
 0.265787 0.531574 0.531574 0.531574 0.531574
 0.454003 0.908006 0.908006 0.908006 0.908006
 0.253817 0.507634 0.507634 0.507634 0.507634
 0.25444 0.50888 0.50888 0.50888 0.50888
 0.115149 0.230298 0.230298 0.230298 0.230298
 0.151889 0.303777 0.303777 0.303777 0.303777
 0.200844 0.401689 0.401689 0.401689 0.401689
 0.177154 0.354309 0.354309 0.354309 0.354309
 0.138408 0.276816 0.276816 0.276816 0.276816
 0.181171 0.362341 0.362341 0.362341 0.362341
 0.103361 0.206722 0.206722 0.206722 0.206722
 0.103404 0.206808 0.206808 0.206808 0.206808
 0.0932907 0.186581 0.186581 0.186581 0.186581
 0.073768 0.147536 0.147536 0.147536 0.147536
 0.0933885 0.186777 0.186777 0.186777 0.186777
 0.0805072 0.161014 0.161014 0.161014 0.161014
 0.0677018 0.135404 0.135404 0.135404 0.135404
 0.0981465 0.196293 0.196293 0.196293 0.196293
nmprior
 8 8 7 0
nm_flota  nm_reclas  nm_pelaces    nm_pelaL
inf 6.72484 7.63589 11.4665
cv_recla  cv_pelaces  cv_mph
0.37711 0.584404 1.6381
 ------------------------------------------------
Talla a la edad & desviación 
 8 13.2811 15.8009 17.003 17.5766
 0.8 1.32811 1.58009 1.7003 1.75766
