years
 1991 1992 1993 1994 1995 1996 1997 1998 1999 2000 2001 2002 2003 2004 2005 2006 2007 2008 2009 2010 2011 2012 2013 2014 2015 2016 2017 2018 2019 2020
reclasobs
 0 0 0 0 0 0 0 0 0 252601 567819 844713 477998 351125 339783 2.1784e+06 2.13404e+06 4.81314e+06 1.55562e+06 2.62356e+06 3.21686e+06 3.843e+06 1.13348e+06 3.07943e+06 1.97215e+06 2.03268e+06 2.025e+06 2.42433e+06 2.27542e+06 1.05018e+06
reclaspred
 7.21624e+06 1.76634e+06 1.08901e+06 876708 116256 3.35977e+06 1.38967e+06 319632 1.05961e+06 235233 326412 945584 690530 604964 379433 1.9587e+06 762690 4.98376e+06 2.29829e+06 2.34438e+06 2.82681e+06 3.34172e+06 1.59232e+06 3.34633e+06 2.57369e+06 1.42253e+06 2.05099e+06 4.01127e+06 3.12554e+06 585290
pelacesobs
 0 0 0 0 0 0 0 0 0 0 0 0 0 0 0 552880 188675 0 991730 2.46772e+06 1.41603e+06 1.21717e+06 2.29649e+06 1.80582e+06 0 1.4828e+06 1.56532e+06 1.57751e+06 1.42118e+06 867257
pelacespred
 7.53924e+06 1.64261e+06 562533 365037 41808.8 1.92123e+06 811995 264161 571840 94753.8 172645 416442 330545 273144 155897 854012 363921 2.85296e+06 1.28243e+06 1.0563e+06 1.43765e+06 1.67036e+06 980999 2.14774e+06 1.69803e+06 967139 1.38706e+06 2.83264e+06 2.42216e+06 420003
mphobs
 0 0 0 0 0 0 0 0 0 0 0 498337 0 5186 125008 0 168611 109162 213762 579715 649985 157893 87575 83554 0 0 0 0 0 0
mphpred
 1.8303e+06 687362 92845.8 161566 58803.1 4800.74 511385 96675.6 23944.8 114765 8451.91 47010.6 101686 45364.2 30669.4 26154.9 254500 52796.5 664954 158653 346150 259047 446741 148993 444559 344257 126221 245100 744464 269640
desembarqueobs
 494567 514787 250237 358949 120608 361735 552515 73892 212993 205616 52469 317467 293654 387597 252695 516296 358380 742168 942051 627588 828172 859565 418607 520667 417249 300574 407403 355545 319650 289779
desembarquepred
 494484 514247 250095 358222 120442 361479 551674 73849.9 212780 205313 52439 317015 293120 386647 252221 515560 357967 741304 939812 626261 827217 858078 418051 520153 416610 300114 406854 355190 319174 288878
Reclutas
 3848.9 2347.41 185616 48919.6 2867.96 288461 3152.81 887.968 59417.6 3761.09 32428.7 124543 63119 72165 39953.1 262392 4931.77 486617 96743.5 266534 159550 438251 5972.69 176660 143783 15524.7 127573 208757 10656.5 3310.35
log_desv_Rt
 -2.25149 -2.74596 1.6244 0.290904 -2.54567 2.06528 -2.45098 -3.71809 0.485316 -2.27456 -0.120232 1.22538 0.545747 0.67968 0.0884314 1.97056 -2.00358 2.5882 0.972788 1.98623 1.47308 2.48352 -1.81208 1.57495 1.36903 -0.856842 1.24941 1.74189 -1.23311 -2.40222
SSB
 1.67656e+06 629623 85046.6 147994 53863.5 4397.47 468428 88554.7 21933.4 105125 7741.94 43061.6 93144.1 41553.6 28093.2 23957.8 233121 48361.6 609097 145326 317073 237287 409215 136477 407215 315339 115618 224511 681928 246990
BT
 2.07812e+06 901871 417755 377902 107846 1.27492e+06 702144 129857 458474 203704 123971 452047 393031 530813 319901 822390 378062 2.05998e+06 1.28252e+06 931629 1.24246e+06 1.43815e+06 598267 1.45511e+06 942817 520298 1.04059e+06 1.57885e+06 890830 403313
Ftot
 0.314167 1.19858 1.19176 1.65294 2.90908 0.617791 1.45632 0.981906 1.09485 2.59236 0.886879 1.66542 1.84611 2.78768 2.87402 1.40732 1.67832 0.833455 1.60844 1.35965 1.3346 1.29414 1.04713 0.838704 0.766501 0.896789 1.04345 0.481249 0.441762 1.80822
BD_Bspro_t
 0.950976 0.603796 0.185241 0.286044 0.0972739 0.0121477 0.455932 0.127778 0.0531966 0.216757 0.0311121 0.219963 0.2225 0.0979363 0.0641353 0.058038 0.253321 0.0696147 0.379835 0.129689 0.202684 0.163208 0.255702 0.116522 0.309029 0.305292 0.17881 0.326976 0.564794 0.314677
BD_Bspro
 6.44008 2.41854 0.326686 0.568484 0.206903 0.0168918 1.79935 0.340161 0.0842518 0.403811 0.0297387 0.165411 0.35779 0.159618 0.107913 0.0920281 0.895478 0.185769 2.3397 0.558233 1.21796 0.911479 1.5719 0.524244 1.56422 1.2113 0.444119 0.862404 2.61946 0.948751
BD_Bo
 1.10898 0.416472 0.0562551 0.0978927 0.0356287 0.00290876 0.309847 0.0585756 0.0145081 0.069536 0.005121 0.0284836 0.0616113 0.0274861 0.0185826 0.0158472 0.154201 0.0319893 0.402894 0.0961274 0.209731 0.156956 0.27068 0.0902746 0.269357 0.208585 0.076477 0.148506 0.45107 0.163374
BD_Brms
 2.01632 0.757221 0.102282 0.177987 0.0647794 0.00528865 0.563359 0.106501 0.0263784 0.126429 0.0093109 0.0517884 0.112021 0.0499747 0.0337865 0.0288131 0.280365 0.0581624 0.732535 0.174777 0.38133 0.285375 0.492145 0.164136 0.489741 0.379245 0.139049 0.27001 0.820127 0.297044
Sel_flota
 0.57466 1 1 1 1
 0.57466 1 1 1 1
 0.57466 1 1 1 1
 0.57466 1 1 1 1
 0.57466 1 1 1 1
 0.57466 1 1 1 1
 0.57466 1 1 1 1
 0.57466 1 1 1 1
 0.57466 1 1 1 1
 0.57466 1 1 1 1
 0.57466 1 1 1 1
 0.57466 1 1 1 1
 0.57466 1 1 1 1
 0.57466 1 1 1 1
 0.57466 1 1 1 1
 0.57466 1 1 1 1
 0.57466 1 1 1 1
 0.57466 1 1 1 1
 0.57466 1 1 1 1
 0.57466 1 1 1 1
 0.57466 1 1 1 1
 0.57466 1 1 1 1
 0.57466 1 1 1 1
 0.57466 1 1 1 1
 0.57466 1 1 1 1
 0.57466 1 1 1 1
 0.57466 1 1 1 1
 0.57466 1 1 1 1
 0.57466 1 1 1 1
 0.57466 1 1 1 1
Sel_reclas
 0.711032 0.92528 0.984207 0.996822 0.999367
 0.711032 0.92528 0.984207 0.996822 0.999367
 0.711032 0.92528 0.984207 0.996822 0.999367
 0.711032 0.92528 0.984207 0.996822 0.999367
 0.711032 0.92528 0.984207 0.996822 0.999367
 0.711032 0.92528 0.984207 0.996822 0.999367
 0.711032 0.92528 0.984207 0.996822 0.999367
 0.711032 0.92528 0.984207 0.996822 0.999367
 0.711032 0.92528 0.984207 0.996822 0.999367
 0.711032 0.92528 0.984207 0.996822 0.999367
 0.711032 0.92528 0.984207 0.996822 0.999367
 0.711032 0.92528 0.984207 0.996822 0.999367
 0.711032 0.92528 0.984207 0.996822 0.999367
 0.711032 0.92528 0.984207 0.996822 0.999367
 0.711032 0.92528 0.984207 0.996822 0.999367
 0.711032 0.92528 0.984207 0.996822 0.999367
 0.711032 0.92528 0.984207 0.996822 0.999367
 0.711032 0.92528 0.984207 0.996822 0.999367
 0.711032 0.92528 0.984207 0.996822 0.999367
 0.711032 0.92528 0.984207 0.996822 0.999367
 0.711032 0.92528 0.984207 0.996822 0.999367
 0.711032 0.92528 0.984207 0.996822 0.999367
 0.711032 0.92528 0.984207 0.996822 0.999367
 0.711032 0.92528 0.984207 0.996822 0.999367
 0.711032 0.92528 0.984207 0.996822 0.999367
 0.711032 0.92528 0.984207 0.996822 0.999367
 0.711032 0.92528 0.984207 0.996822 0.999367
 0.711032 0.92528 0.984207 0.996822 0.999367
 0.711032 0.92528 0.984207 0.996822 0.999367
 0.711032 0.92528 0.984207 0.996822 0.999367
Sel_pelaces
 0.401056 0.77116 0.944319 0.988419 0.997677
 0.401056 0.77116 0.944319 0.988419 0.997677
 0.401056 0.77116 0.944319 0.988419 0.997677
 0.401056 0.77116 0.944319 0.988419 0.997677
 0.401056 0.77116 0.944319 0.988419 0.997677
 0.401056 0.77116 0.944319 0.988419 0.997677
 0.401056 0.77116 0.944319 0.988419 0.997677
 0.401056 0.77116 0.944319 0.988419 0.997677
 0.401056 0.77116 0.944319 0.988419 0.997677
 0.401056 0.77116 0.944319 0.988419 0.997677
 0.401056 0.77116 0.944319 0.988419 0.997677
 0.401056 0.77116 0.944319 0.988419 0.997677
 0.401056 0.77116 0.944319 0.988419 0.997677
 0.401056 0.77116 0.944319 0.988419 0.997677
 0.401056 0.77116 0.944319 0.988419 0.997677
 0.401056 0.77116 0.944319 0.988419 0.997677
 0.401056 0.77116 0.944319 0.988419 0.997677
 0.401056 0.77116 0.944319 0.988419 0.997677
 0.401056 0.77116 0.944319 0.988419 0.997677
 0.401056 0.77116 0.944319 0.988419 0.997677
 0.401056 0.77116 0.944319 0.988419 0.997677
 0.401056 0.77116 0.944319 0.988419 0.997677
 0.401056 0.77116 0.944319 0.988419 0.997677
 0.401056 0.77116 0.944319 0.988419 0.997677
 0.401056 0.77116 0.944319 0.988419 0.997677
 0.401056 0.77116 0.944319 0.988419 0.997677
 0.401056 0.77116 0.944319 0.988419 0.997677
 0.401056 0.77116 0.944319 0.988419 0.997677
 0.401056 0.77116 0.944319 0.988419 0.997677
 0.401056 0.77116 0.944319 0.988419 0.997677
pf_obs 
 0.8446 0.082 0.0669 0.0065 0
 0.8095 0.147 0.0364 0.0071 0
 0.9664 0.0169 0.016 0.0007 0
 0.9276 0.0648 0.0075 0.0001 0
 0.7033 0.2144 0.0806 0.0017 0
 0.9318 0.0425 0.0243 0.0014 0
 0.5671 0.3108 0.0964 0.0239 0.0018
 0.0768 0.2599 0.5324 0.112 0.0189
 0.490249 0.384438 0.106611 0.0170017 0.00170017
 0.7925 0.1577 0.0466 0.003 0.0002
 0.840416 0.127587 0.0312969 0.00059994 9.999e-05
 0.8084 0.0986 0.0794 0.0134 0.0002
 0.7335 0.1905 0.0724 0.0035 0.0001
 0.4001 0.4547 0.1325 0.0127 0
 0.49795 0.308269 0.164784 0.0264974 0.00249975
 0.9179 0.0499 0.0305 0.0017 0
 0.2467 0.6533 0.0926 0.0074 0
 0.9418 0.0223 0.034 0.0019 0
 0.707729 0.231977 0.0356964 0.0245975 0
 0.517169 0.277429 0.184464 0.0207286 0.00020938
 0.811772 0.124168 0.05621 0.00726502 0.000585176
 0.764997 0.148141 0.077277 0.00933861 0.000247198
 0.163321 0.427699 0.378323 0.0303852 0.000271297
 0.753843 0.0900009 0.118128 0.0371064 0.000921714
 0.721811 0.176058 0.0630433 0.0369309 0.00215725
 0.143369 0.312575 0.442814 0.0836902 0.0175525
 0.692698 0.0596174 0.167031 0.0765114 0.00414204
 0.394062 0.376323 0.152708 0.0712218 0.00568511
 0.125707 0.32114 0.495352 0.0537591 0.00404204
 0.23352 0.215282 0.420074 0.123614 0.00750983
pf_pred 
 0.0226991 0.160886 0.71437 0.102045 6.75275e-07
 0.0540773 0.0396923 0.149186 0.66242 0.0946244
 0.972787 0.00331564 0.00100278 0.00376902 0.0191259
 0.503338 0.490991 0.000690995 0.000208984 0.0047714
 0.195703 0.59471 0.207194 0.000291594 0.00210168
 0.997891 0.00107999 0.000760564 0.000264977 3.06072e-06
 0.0290418 0.969957 0.000512628 0.000361009 0.000127227
 0.0792492 0.0671306 0.85274 0.000450678 0.000429233
 0.97257 0.00448957 0.00167252 0.0212456 2.19225e-05
 0.199627 0.790889 0.0015524 0.000578324 0.00735385
 0.971094 0.0141638 0.0145672 2.85932e-05 0.0001461
 0.9253 0.0737077 0.000486181 0.000500026 5.99646e-06
 0.719415 0.272752 0.00772861 5.09785e-05 5.30589e-05
 0.862868 0.121273 0.0154159 0.00043682 5.88018e-06
 0.851442 0.143053 0.00486801 0.000618808 1.77704e-05
 0.984341 0.0150433 0.000593201 2.01863e-05 2.63971e-06
 0.0761752 0.918183 0.00541997 0.000213725 8.22402e-06
 0.988635 0.00214601 0.00916293 5.40881e-05 2.21492e-06
 0.383951 0.612813 0.000610982 0.00260874 1.60298e-05
 0.89297 0.067683 0.0391406 3.90236e-05 0.000167645
 0.702951 0.283716 0.00843097 0.00487557 2.57438e-05
 0.905289 0.0811596 0.0129431 0.00038462 0.000223597
 0.0479534 0.913795 0.0327787 0.00522746 0.000245647
 0.909536 0.00945915 0.07775 0.00278897 0.000465678
 0.689694 0.296769 0.00141545 0.0116344 0.000487019
 0.199157 0.661488 0.133275 0.000635662 0.00544358
 0.899467 0.0357352 0.0535221 0.0107835 0.000491881
 0.82786 0.164214 0.00281721 0.00421945 0.000888904
 0.09286 0.820619 0.0825379 0.00141599 0.00256758
 0.117192 0.146969 0.665656 0.0669517 0.00323133
pobs_RECLAS
 0 0 0 0 0
 0 0 0 0 0
 0 0 0 0 0
 0 0 0 0 0
 0 0 0 0 0
 0 0 0 0 0
 0 0 0 0 0
 0 0 0 0 0
 0 0 0 0 0
 0 0 0 0 0
 0.991045 0.00858322 0.000360255 1.14367e-05 0
 0.934742 0.0480273 0.0164251 0.00080598 0
 0.827803 0.169806 0.00239088 0 0
 0.941827 0.0461693 0.0120037 0 0
 0.791401 0.0380133 0.147996 0.0225897 0
 0.846168 0.0940531 0.0597789 0 0
 0.134021 0.677848 0.182769 0.00536245 0
 0.80878 0.0450904 0.141981 0.00414843 0
 0.846168 0.0940531 0.0597789 0 0
 0.905697 0.0802665 0.012482 0.00150086 5.37128e-05
 0.989698 0.0102097 9.19794e-05 0 0
 0.975433 0.0193895 0.00387452 0.00125025 5.28907e-05
 0.303575 0.632131 0.0575291 0.00676475 0
 0.966965 0.00978017 0.0227588 0.000495775 0
 0.843318 0.132988 0.00938335 0.0141283 0.000182051
 0.564624 0.303363 0.111486 0.0197234 0.00080311
 0.826376 0.0876187 0.0782897 0.00655872 0.00115652
 0.89761 0.0855135 0.0140674 0.00269457 0.000114338
 0.34875 0.467042 0.161289 0.0227151 0.000203297
 0.318654 0.224769 0.449479 0.00709798 0
ppred_RECLAS
 0.0289864 0.151571 0.715872 0.10357 6.87118e-07
 0.0715496 0.0363357 0.145268 0.653289 0.0935583
 0.97971 0.00231183 0.000743719 0.00283114 0.0144033
 0.605189 0.389956 0.000583755 0.000178814 0.00409298
 0.299473 0.5095 0.188812 0.000269131 0.00194473
 0.998421 0.000783082 0.000586593 0.000206986 2.39697e-06
 0.0424515 0.956492 0.000537705 0.000383523 0.000135506
 0.103335 0.061729 0.834063 0.000446457 0.000426299
 0.979475 0.00315782 0.00125132 0.0160989 1.66543e-05
 0.298257 0.692793 0.00144645 0.000545762 0.00695752
 0.978624 0.0101438 0.011097 2.2061e-05 0.000113011
 0.949394 0.0498867 0.000350013 0.000364594 4.38348e-06
 0.798438 0.195586 0.00589503 3.93824e-05 4.10943e-05
 0.91637 0.0734148 0.00992662 0.000284883 3.84469e-06
 0.910388 0.0860833 0.00311593 0.000401164 1.15497e-05
 0.989302 0.0102509 0.000429967 1.48191e-05 1.9428e-06
 0.111216 0.88301 0.0055443 0.00022143 8.54226e-06
 0.991446 0.00153579 0.00697506 4.1701e-05 1.71203e-06
 0.484147 0.512942 0.000543979 0.00235242 1.44917e-05
 0.922876 0.0476541 0.0293131 2.96001e-05 0.000127486
 0.775502 0.213763 0.00675676 0.00395747 2.09494e-05
 0.932494 0.0573195 0.00972333 0.000292643 0.000170562
 0.0668428 0.893308 0.0340846 0.00550539 0.000259367
 0.930206 0.00690086 0.0603344 0.002192 0.000366935
 0.755427 0.233131 0.00118274 0.00984621 0.000413219
 0.257239 0.606716 0.130025 0.000628108 0.00539262
 0.924427 0.0257655 0.0410478 0.00837623 0.000383049
 0.867679 0.125807 0.00229576 0.00348252 0.00073553
 0.121934 0.789469 0.0844618 0.00146757 0.00266789
 0.162503 0.13226 0.637186 0.0649096 0.00314077
pobs_PELACES
 0 0 0 0 0
 0 0 0 0 0
 0 0 0 0 0
 0 0 0 0 0
 0 0 0 0 0
 0 0 0 0 0
 0 0 0 0 0
 0 0 0 0 0
 0 0 0 0 0
 0 0 0 0 0
 0 0 0 0 0
 0 0 0 0 0
 0 0 0 0 0
 0 0 0 0 0
 0 0 0 0 0
 0 0 0 0 0
 0.505614 0.472636 0.0217494 0 0
 0 0 0 0 0
 0.443492 0.261883 0.143347 0.151278 0
 0.227955 0.32914 0.350689 0.0885471 0.00366901
 0.970185 0.0296113 0.000203453 0 0
 0.997202 0.00247181 0.000326279 0 0
 0.445219 0.490057 0.0546422 0.010081 0
 0.90214 0.0892962 0.00764917 0.000914606 0
 0 0 0 0 0
 0.581667 0.319106 0.0959925 0.00289975 0.000334073
 0.762889 0.0836404 0.116647 0.0363945 0.000428098
 0.88444 0.0763242 0.0277011 0.0115352 0
 0.521256 0.241999 0.230069 0.00667565 0
 0.616807 0.101726 0.260614 0.0208532 0
ppred_PELACES
 0.0183145 0.135401 0.736208 0.110075 7.35241e-07
 0.0498139 0.0315914 0.1454 0.67576 0.0974342
 0.970542 0.00286273 0.00106022 0.00417099 0.0213639
 0.566201 0.427455 0.000736658 0.0002332 0.00537414
 0.294745 0.492556 0.210137 0.000309547 0.00225198
 0.997688 0.00106019 0.00091427 0.000333403 3.88718e-06
 0.0354956 0.963258 0.000623399 0.00045952 0.000163461
 0.0727577 0.0559528 0.870345 0.000481464 0.00046285
 0.970165 0.00396328 0.00180799 0.0240389 2.50372e-05
 0.29223 0.697056 0.00167544 0.00065331 0.00838518
 0.970149 0.0131194 0.0165228 3.39463e-05 0.000175078
 0.941181 0.0578424 0.000467203 0.000502947 6.08798e-06
 0.775699 0.216676 0.00751827 5.1907e-05 5.45314e-05
 0.915014 0.0732426 0.011401 0.000338141 4.59446e-06
 0.910947 0.0850247 0.00354302 0.000471412 1.36644e-05
 0.986975 0.0124025 0.000598881 2.13313e-05 2.81557e-06
 0.0967197 0.896522 0.00648041 0.000267476 1.03887e-05
 0.98741 0.00201053 0.010512 6.49497e-05 2.68462e-06
 0.442971 0.553316 0.000675534 0.00301906 1.87249e-05
 0.902581 0.0569005 0.0402938 4.20495e-05 0.000182336
 0.736658 0.24878 0.00905279 0.00547965 2.92044e-05
 0.916371 0.0694057 0.013554 0.000421583 0.000247382
 0.0528327 0.900687 0.0395632 0.00660409 0.000313243
 0.899178 0.00876193 0.0881906 0.00331122 0.000558058
 0.69768 0.28569 0.00166857 0.0143554 0.000606552
 0.205446 0.631301 0.155754 0.000777567 0.00672116
 0.896695 0.0318978 0.058502 0.0123373 0.000568027
 0.824776 0.165158 0.00346963 0.00543929 0.00115662
 0.0896434 0.806036 0.0992751 0.00178267 0.00326274
 0.130222 0.121502 0.673876 0.0709438 0.00345607
pobs_pel_tallas
 0 0 0 0 0 0 0 0 0 0 0 0 0 0 0 0 0 0 0 0 0 0 0 0 0 0
 0 0 0 0 0 0 0 0 0 0 0 0 0 0 0 0 0 0 0 0 0 0 0 0 0 0
 0 0 0 0 0 0 0 0 0 0 0 0 0 0 0 0 0 0 0 0 0 0 0 0 0 0
 0 0 0 0 0 0 0 0 0 0 0 0 0 0 0 0 0 0 0 0 0 0 0 0 0 0
 0 0 0 0 0 0 0 0 0 0 0 0 0 0 0 0 0 0 0 0 0 0 0 0 0 0
 0 0 0 0 0 0 0 0 0 0 0 0 0 0 0 0 0 0 0 0 0 0 0 0 0 0
 0 0 0 0 0 0 0 0 0 0 0 0 0 0 0 0 0 0 0 0 0 0 0 0 0 0
 0 0 0 0 0 0 0 0 0 0 0 0 0 0 0 0 0 0 0 0 0 0 0 0 0 0
 0 0 0 0 0 0 0 0 0 0 0 0 0 0 0 0 0 0 0 0 0 0 0 0 0 0
 0 0 0 0 0 0 0 0 0 0 0 0 0 0 0 0 0 0 0 0 0 0 0 0 0 0
 0 0 0 0 0 0 0 0 0 0 0 0 0 0 0 0 0 0 0 0 0 0 0 0 0 0
 0 0 0 0 0 0 0 0 0 0 0 0 0 0 0 0 0 0 0 0 0 0 0 0 0 0
 0.00862536 0 0 0.000197151 0.00414017 0.0128641 0.00837892 0.0270097 0.101434 0.158115 0.152841 0.127902 0.109271 0.109419 0.0830992 0.0579132 0.0238553 0.00714673 0.00463305 0.00128148 0.00103504 0.000492878 0.000147863 0.000147863 4.92878e-05 0
 0 0 0 0 0 0 0 0 0 0 0 0 0 0 0 0 0 0 0 0 0 0 0 0 0 0
 0 0 0 0 0 0 0 0.0054083 0.00873648 0.0413646 0.0450493 0.0745869 0.0622846 0.0627006 0.0613931 0.0827291 0.12552 0.122667 0.0946155 0.0697135 0.0546179 0.0294188 0.0215738 0.0213955 0.0102223 0.00600262
 0 0 0 0 0.00359764 0.0251062 0.0480494 0.140153 0.205849 0.193036 0.1447 0.116669 0.0760912 0.0342217 0.00950174 0.001854 0.000860785 0 0 0 0.000165536 0 0.000143464 0 0 0
 0 0 0 0 0 0 0 0.000145254 0.000435761 0.0275982 0.070085 0.0708112 0.156366 0.174668 0.174014 0.160142 0.0824315 0.0480064 0.0283245 0.00493863 0.00203355 0 0 0 0 0
 0 0 0 0 0 0 0 0 0 0 0 0 0 0 0 0 0 0 0 0 0 0 0 0 0 0
 0 0 1.00437e-05 0.000401748 0.00122533 0.00171747 0.00176769 0.0269171 0.070346 0.194647 0.189555 0.159765 0.064822 0.0314167 0.0384472 0.0292271 0.0345202 0.0313363 0.0194345 0.0106764 0.0143323 0.0359363 0.0279516 0.0138201 0.00172751 0
 0 0.0021121 0.0136068 0.0755702 0.200478 0.177729 0.0527432 0.0373336 0.0318909 0.0142505 0.0149659 0.0166563 0.0217959 0.0798694 0.0677717 0.0528807 0.04013 0.0224614 0.0357745 0.0225083 0.00881397 0.00855152 0.00135912 0.000746735 0 0
 0 0 0 0 5.4009e-05 0.00500934 0.000945158 0.0243581 0.138947 0.33067 0.221406 0.137944 0.0707744 0.0437923 0.0131692 0.00525238 0.0047753 0.00276346 9.45158e-05 9.00151e-06 2.25038e-05 9.00151e-06 4.50075e-06 0 0 0
 0.000866109 0.00284123 0.00948549 0.0512746 0.133035 0.25785 0.225252 0.132002 0.0553304 0.0519788 0.0540692 0.017754 0.00435017 0.00159236 0.00146478 0.000404838 0.000125132 0.000115318 0.000107957 0.000100596 0 0 0 0 0 0
 0 0 0 0 0.00144013 0.00171154 0.00461396 0.0210425 0.0478622 0.0707936 0.0888783 0.103762 0.0637923 0.0337046 0.0602308 0.124433 0.169614 0.0934646 0.0462172 0.0250306 0.0313229 0.00938855 0.002487 0.000210481 0 0
 0 0.00764035 0.051015 0.0998891 0.058973 0.0496711 0.0374665 0.0718981 0.12319 0.153886 0.159021 0.0857701 0.0377988 0.023471 0.0147837 0.00900784 0.00315554 0.000888139 0.00291439 0.00214683 0.00393193 0.00274676 0.000635225 9.99891e-05 0 0
 0 0 0 0 0 0 0 0 0 0 0 0 0 0 0 0 0 0 0 0 0 0 0 0 0 0
 0 0 0 0 0 0 0 0 0 0 0 0 0 0 0 0 0 0 0 0 0 0 0 0 0 0
 0 0 0 0 0 0 0 0 0 0 0 0 0 0 0 0 0 0 0 0 0 0 0 0 0 0
 0 0 0 0 0 0 0 0 0 0 0 0 0 0 0 0 0 0 0 0 0 0 0 0 0 0
 0 0 0 0 0 0 0 0 0 0 0 0 0 0 0 0 0 0 0 0 0 0 0 0 0 0
 0 0 0 0 0 0 0 0 0 0 0 0 0 0 0 0 0 0 0 0 0 0 0 0 0 0
ppred_pel_tallas
 1.3232e-16 1.50857e-06 1.46638e-05 9.74471e-05 0.000442989 0.00137838 0.0029373 0.00429003 0.00430422 0.00300719 0.00161638 0.00114506 0.00191499 0.00416528 0.00842048 0.0153178 0.0253288 0.0386615 0.0553119 0.0749735 0.0965649 0.11763 0.134334 0.142557 0.139675 0.12591
 1.88462e-16 4.10312e-06 3.98838e-05 0.000265042 0.00120484 0.00374873 0.0079872 0.0116583 0.0116618 0.00800465 0.00380885 0.00138542 0.000745486 0.00118263 0.00246397 0.0048687 0.00901584 0.0158643 0.0267479 0.0431901 0.0663089 0.0958873 0.12954 0.162575 0.18892 0.202922
 1.04066e-16 7.99423e-05 0.000777067 0.00516389 0.0234743 0.0730372 0.155613 0.227122 0.227123 0.155615 0.0730419 0.0234879 0.00519848 0.000854165 0.000231424 0.0002707 0.000420602 0.00062048 0.000883394 0.00125405 0.00179987 0.00258132 0.00360742 0.00479996 0.00598963 0.00695297
 1.01064e-16 4.66373e-05 0.000453331 0.00301255 0.0136946 0.0426093 0.0907852 0.132512 0.132553 0.090986 0.0432832 0.0156399 0.00789075 0.0110869 0.0201958 0.033194 0.0475319 0.059184 0.0640872 0.060381 0.0495563 0.0355338 0.022431 0.0127194 0.00681356 0.00381799
 1.06603e-16 2.42779e-05 0.00023599 0.00156824 0.007129 0.0221812 0.0472612 0.0689891 0.0690368 0.0474943 0.0229645 0.00939403 0.00726373 0.012702 0.0237948 0.0395451 0.05753 0.0735083 0.0831007 0.0841697 0.0779317 0.0678444 0.0572712 0.0478484 0.0395279 0.0316834
 1.00061e-16 8.21783e-05 0.000798802 0.00530832 0.0241309 0.07508 0.159966 0.233475 0.233475 0.159966 0.0750817 0.0241358 0.00532077 0.0008262 0.000134831 9.44463e-05 0.00013183 0.000173496 0.000206344 0.000226259 0.000235309 0.000238632 0.000239568 0.000237109 0.000227431 0.00020756
 1.00338e-16 2.92392e-06 2.84217e-05 0.000188876 0.000858662 0.00267211 0.00569664 0.00833383 0.00842645 0.0061491 0.00419069 0.00524197 0.0111807 0.0239877 0.0454 0.0747726 0.10706 0.133256 0.144192 0.135646 0.110951 0.0789261 0.0488567 0.0263555 0.0124373 0.0051885
 1.25258e-16 5.99297e-06 5.82538e-05 0.000387117 0.00175978 0.00547537 0.0116661 0.0170284 0.0170351 0.0116996 0.0055916 0.00211237 0.0013357 0.00233868 0.00494912 0.00976237 0.0177471 0.0299484 0.0471123 0.0690597 0.0939402 0.117889 0.135699 0.142607 0.136372 0.11842
 1.02469e-16 7.99112e-05 0.000776765 0.00516188 0.0234651 0.0730088 0.155553 0.227034 0.227035 0.155555 0.0730153 0.0234841 0.00520998 0.000884022 0.000290636 0.000373791 0.000581048 0.000846518 0.00117508 0.00160015 0.00217068 0.00291553 0.0037996 0.00470281 0.00544322 0.00583862
 1.01712e-16 2.40708e-05 0.000233977 0.00155486 0.00706821 0.0219922 0.0468591 0.0684063 0.0684734 0.0471866 0.0230912 0.0102404 0.00950997 0.0175747 0.0328829 0.0541292 0.0775171 0.0965242 0.104529 0.0984968 0.0808576 0.0580019 0.0366403 0.0207999 0.0111559 0.00625023
 1.00514e-16 7.99099e-05 0.000776752 0.00516179 0.0234648 0.0730076 0.15555 0.227031 0.227032 0.155557 0.0730288 0.0235263 0.0053174 0.00111997 0.000742065 0.00112707 0.00167777 0.00223772 0.00270177 0.00301386 0.00318104 0.00324064 0.00321007 0.00306855 0.00278511 0.00236121
 1.0008e-16 7.75239e-05 0.00075356 0.00500767 0.0227641 0.0708277 0.150906 0.220253 0.220259 0.150933 0.0709189 0.0230274 0.00566791 0.00219286 0.00280507 0.00449907 0.00643702 0.0080178 0.00868751 0.00819354 0.00673576 0.00484155 0.00306451 0.00173652 0.00091384 0.000478834
 1.00287e-16 6.38934e-05 0.000621066 0.00412721 0.0187617 0.0583747 0.124374 0.181532 0.181553 0.124476 0.0587165 0.0197485 0.00660235 0.00601801 0.010295 0.0168697 0.0241798 0.0301626 0.0327621 0.0310293 0.0256964 0.01871 0.0121103 0.00711698 0.00393907 0.00215944
 1.00383e-16 7.53685e-05 0.000732608 0.00486844 0.0221312 0.0688585 0.146711 0.21413 0.214137 0.146745 0.0689743 0.0224658 0.00570829 0.00256606 0.00355751 0.00576199 0.00829245 0.0104251 0.0114752 0.0111231 0.00959598 0.00750731 0.00548742 0.00389507 0.00277528 0.00200051
 1.00174e-16 7.50335e-05 0.000729353 0.00484681 0.0220329 0.0685525 0.146059 0.213179 0.213187 0.146099 0.0686867 0.0224202 0.00581832 0.00284787 0.00409171 0.00662786 0.00949843 0.0118557 0.0128917 0.0122346 0.0101713 0.00746253 0.00490388 0.00296799 0.001732 0.00103001
 1.00024e-16 8.12958e-05 0.000790224 0.00525132 0.0238717 0.0742738 0.158248 0.230968 0.230969 0.158254 0.0742934 0.0239282 0.00539305 0.00109932 0.000667384 0.000972157 0.00138662 0.00173099 0.00188317 0.00178864 0.00148894 0.00109465 0.000721393 0.00043789 0.000255531 0.000150603
 1.00445e-16 7.96686e-06 7.74408e-05 0.000514625 0.00233946 0.00727941 0.0155127 0.0226594 0.0227456 0.0159339 0.00869297 0.00641975 0.010747 0.0223828 0.0422753 0.0696288 0.0997192 0.124172 0.134459 0.126653 0.10384 0.0741979 0.0463315 0.025431 0.0124273 0.00555248
 1.00311e-16 8.13316e-05 0.000790572 0.00525363 0.0238822 0.0743065 0.158318 0.23107 0.23107 0.158319 0.07431 0.0238926 0.00528032 0.00085133 0.000203982 0.00022734 0.000363231 0.00054694 0.000769956 0.00102413 0.00129183 0.00153858 0.00171422 0.00176868 0.00167591 0.00145004
 1.00467e-16 3.6487e-05 0.000354667 0.00235689 0.0107141 0.0333359 0.0710276 0.103678 0.103731 0.0712875 0.0342082 0.0132321 0.00867121 0.0141185 0.0261165 0.0429609 0.0615147 0.0765817 0.0828973 0.0780429 0.0639364 0.0456416 0.0284837 0.0156698 0.00776159 0.00364085
 1.01213e-16 7.43444e-05 0.000722654 0.00480229 0.0218305 0.0679229 0.144717 0.21122 0.211226 0.144744 0.0680139 0.022094 0.00546594 0.00217908 0.00286273 0.00467293 0.00685806 0.00889986 0.0103115 0.0108469 0.0106086 0.00991542 0.00905014 0.00810836 0.00704281 0.00581015
 1.0088e-16 6.06776e-05 0.000589808 0.00391948 0.0178174 0.0554367 0.118115 0.172397 0.172421 0.118232 0.0558293 0.0189506 0.00676201 0.00678836 0.0118132 0.019382 0.027794 0.034699 0.0377475 0.0358616 0.0298896 0.0220648 0.0147132 0.0092027 0.00573172 0.00378233
 1.00494e-16 7.54803e-05 0.000733695 0.00487566 0.0221641 0.0689607 0.146928 0.214447 0.214454 0.146961 0.0690705 0.0224814 0.00567252 0.00247398 0.00338269 0.00547807 0.00789573 0.00995189 0.0110021 0.0107445 0.00938855 0.00750221 0.0056644 0.0041977 0.00313519 0.00235798
 1.02088e-16 4.35195e-06 4.23025e-05 0.000281119 0.00127798 0.00397674 0.00847607 0.0123892 0.0124759 0.00889947 0.00539798 0.00538112 0.0105734 0.0224868 0.0425608 0.0701711 0.100652 0.125661 0.136691 0.129813 0.108062 0.0794885 0.0525017 0.0320874 0.0190443 0.0116051
 1.02974e-16 7.40641e-05 0.00071993 0.00478419 0.0217482 0.0676668 0.144171 0.210422 0.210423 0.144176 0.0676834 0.0217981 0.00491592 0.00102893 0.000723522 0.00124174 0.00215959 0.00350023 0.00531227 0.00757186 0.0101088 0.0125609 0.0144222 0.0152084 0.0146678 0.0129101
 1.01664e-16 5.7467e-05 0.0005586 0.00371209 0.0168747 0.0525035 0.111865 0.163276 0.163304 0.111999 0.052954 0.0181753 0.00697402 0.00767027 0.0135372 0.0222196 0.0318429 0.039713 0.0431362 0.0408922 0.0339904 0.0250409 0.0167517 0.0106986 0.00706786 0.00518468
 1.05872e-16 1.69225e-05 0.000164493 0.00109311 0.00496917 0.0154613 0.0329441 0.0480957 0.0481566 0.0332419 0.0164616 0.00785952 0.00835272 0.0160268 0.0301844 0.0499821 0.0722453 0.0913489 0.101521 0.100024 0.0886938 0.0725402 0.0566226 0.0436883 0.033947 0.0263579
 1.0303e-16 7.38596e-05 0.000717941 0.00477097 0.0216882 0.0674799 0.143773 0.209842 0.209845 0.143789 0.0675322 0.0218402 0.00515697 0.00157464 0.00174217 0.00287123 0.00438129 0.0060377 0.00764203 0.00908595 0.0103639 0.0114757 0.0123113 0.0126449 0.0122598 0.0111004
 1.00884e-16 6.79357e-05 0.00066036 0.00438832 0.0199487 0.0620679 0.132243 0.193015 0.193031 0.13232 0.0623284 0.0207008 0.00627472 0.00477352 0.00786536 0.0128585 0.0184305 0.022998 0.0250012 0.0237305 0.0197609 0.0145901 0.00977413 0.00622276 0.00405338 0.00289432
 1.03802e-16 7.38398e-06 7.1775e-05 0.000476974 0.0021683 0.0067468 0.0143776 0.0210009 0.0210785 0.0147571 0.00802073 0.00584738 0.00971024 0.0202222 0.038259 0.0631902 0.0909098 0.114063 0.125127 0.120588 0.103014 0.0792914 0.0565362 0.0388499 0.0267909 0.0188951
 1.27178e-16 1.07263e-05 0.000104263 0.000692867 0.00314968 0.00979989 0.0208802 0.0304779 0.0304906 0.0209429 0.0100137 0.00378045 0.00232615 0.003835 0.00758006 0.0137759 0.0227804 0.0347636 0.0496947 0.0672487 0.0863869 0.104843 0.11916 0.125706 0.122279 0.109277
pSPR Fmed_Fpbrs
0.218599   0.6 0.325
Fs Fmed_Fpbrs
1.19564   0.321864 0.813656
SSBpbr Bo_Bmed_Bpbrs
1.5118e+06  254888  831492 415746
Ro
36571.7
SPR SPRFo_SPRFmed_SPRFpbrs
260332 56908.1 84607.8
Fref
0.321864
log_Ro
10.327
likeval ReclasPelacesDesembMPH_pf_preclas_ppelaces_ptallas_desvR_qrecl_qpela
 16.9843 20.0583 0.35175 0.00097739 350.507 115.707 108.747 0 141.233 0.000129403 0.000295286 0.0166121 1.01994e-15 0 0
q_reclas_q_pelaces
5.01263 11.5277
M
1
N
 3848.9 16534.6 73417.1 10487.3 0.0693992
 2347.41 1182.05 4442.8 19727 2817.94
 185616 433.673 131.16 492.974 2501.59
 48919.6 34426.4 48.4499 14.6532 334.552
 2867.96 6960.85 2425.13 3.413 24.5994
 288461 198.27 139.628 48.6457 0.561902
 3152.81 74406.2 39.3241 27.6933 9.75966
 887.968 502.28 6380.31 3.37203 3.21158
 59417.6 185.801 69.2174 879.248 0.907263
 3761.09 11651.4 22.8699 8.51985 108.337
 32428.7 311.919 320.801 0.629685 3.21746
 124543 7166.3 47.2694 48.6155 0.583011
 63119 17594.7 498.559 3.28853 3.42274
 72165 8037.65 1021.72 28.9512 0.389722
 39953.1 5349.43 182.038 23.1402 0.664519
 262392 2818.26 111.132 3.78177 0.494533
 4931.77 42996.1 253.803 10.0082 0.38511
 486617 691.586 2952.9 17.4307 0.713794
 96743.5 110888 110.557 472.051 2.90059
 266534 14122.3 8166.83 8.14242 34.9797
 159550 44887.8 1333.89 771.381 4.07301
 438251 27259.9 4347.33 129.186 75.1019
 5972.69 76638.5 2749.1 438.419 20.602
 176660 1203.77 9894.43 354.923 59.262
 143783 40135.3 191.427 1573.45 65.8651
 15524.7 34050 6860.34 32.7206 280.207
 127573 3411.27 5109.19 1029.39 46.9547
 208757 25766.2 442.037 662.056 139.474
 10656.5 58242.5 5858.03 100.499 182.231
 3310.35 3041.35 13775 1385.49 66.8685
pred_Ctot
 407.84 2890.67 12835.2 1833.46 0.0121328
 780.53 572.904 2153.3 9561.11 1365.77
 61455.2 209.464 63.3502 238.106 1208.27
 20440.1 19938.7 28.0606 8.48666 193.762
 1670.45 5076.25 1768.54 2.48896 17.9393
 56083 60.697 42.7448 14.8921 0.172017
 1207.58 40331.7 21.3155 15.0111 5.2902
 253.286 214.555 2725.42 1.4404 1.37186
 18446.8 85.1541 31.723 402.967 0.415807
 2063.81 8176.48 16.0492 5.97891 76.0266
 8528.49 124.392 127.934 0.251115 1.28311
 52300.6 4166.17 27.4804 28.2629 0.338937
 28354.3 10750 304.608 2.00921 2.09121
 41136.7 5781.62 734.943 20.8251 0.280333
 23130.1 3886.14 132.243 16.8104 0.482745
 98097.3 1499.18 59.1171 2.01172 0.263068
 2081.74 25092.4 148.119 5.84075 0.224749
 121678 264.125 1127.75 6.65701 0.272607
 39685.7 63341.2 63.1519 269.643 1.65686
 97219.6 7368.79 4261.32 4.24859 18.2519
 57420.7 23175.4 688.685 398.262 2.10288
 154229 13826.7 2205.05 65.5255 38.093
 1791.59 34140.3 1224.65 195.303 9.17761
 44400.9 461.768 3795.52 136.149 22.733
 33554.9 14438.3 68.8642 566.033 23.6944
 4119.61 13683 2756.83 13.1488 112.602
 38162.7 1516.18 2270.84 457.525 20.8696
 32607.6 6468.04 110.964 166.195 35.012
 1541.79 13625 1370.41 23.5103 42.6304
 1467.38 1840.22 8334.78 838.313 40.46
F
 0.180539 0.314167 0.314167 0.314167 0.314167
 0.688778 1.19858 1.19858 1.19858 1.19858
 0.684857 1.19176 1.19176 1.19176 1.19176
 0.949877 1.65294 1.65294 1.65294 1.65294
 1.67173 2.90908 2.90908 2.90908 2.90908
 0.355019 0.617791 0.617791 0.617791 0.617791
 0.83689 1.45632 1.45632 1.45632 1.45632
 0.564262 0.981906 0.981906 0.981906 0.981906
 0.629168 1.09485 1.09485 1.09485 1.09485
 1.48972 2.59236 2.59236 2.59236 2.59236
 0.509654 0.886879 0.886879 0.886879 0.886879
 0.957051 1.66542 1.66542 1.66542 1.66542
 1.06088 1.84611 1.84611 1.84611 1.84611
 1.60196 2.78768 2.78768 2.78768 2.78768
 1.65159 2.87402 2.87402 2.87402 2.87402
 0.808728 1.40732 1.40732 1.40732 1.40732
 0.964465 1.67832 1.67832 1.67832 1.67832
 0.478953 0.833455 0.833455 0.833455 0.833455
 0.924308 1.60844 1.60844 1.60844 1.60844
 0.781338 1.35965 1.35965 1.35965 1.35965
 0.766943 1.3346 1.3346 1.3346 1.3346
 0.743692 1.29414 1.29414 1.29414 1.29414
 0.601742 1.04713 1.04713 1.04713 1.04713
 0.48197 0.838704 0.838704 0.838704 0.838704
 0.440477 0.766501 0.766501 0.766501 0.766501
 0.515349 0.896789 0.896789 0.896789 0.896789
 0.599627 1.04345 1.04345 1.04345 1.04345
 0.276555 0.481249 0.481249 0.481249 0.481249
 0.253863 0.441762 0.441762 0.441762 0.441762
 1.03911 1.80822 1.80822 1.80822 1.80822
nmprior
 8 8 7 0
nm_flota  nm_reclas  nm_pelaces    nm_pelaL
inf 11.7959 2.57536 3.11176
cv_recla  cv_pelaces  cv_mph
0.381549 0.527002 0.964804
 ------------------------------------------------
Talla a la edad & desviación 
 8 13.2811 15.8009 17.003 17.5766
 0.8 1.32811 1.58009 1.7003 1.75766
