years
 1991 1992 1993 1994 1995 1996 1997 1998 1999 2000 2001 2002 2003 2004 2005 2006 2007 2008 2009 2010 2011 2012 2013 2014 2015 2016 2017 2018 2019 2020
reclasobs
 0 0 0 0 0 0 0 0 0 252601 567819 844713 477998 351125 339783 2.1784e+06 2.13404e+06 4.81314e+06 1.55562e+06 2.62356e+06 3.21686e+06 3.843e+06 1.13348e+06 3.07943e+06 1.97215e+06 2.03268e+06 2.025e+06 2.42433e+06 2.27542e+06 1.05018e+06
reclaspred
 3.83477e+06 1.48478e+06 805724 449237 123243 1.74275e+06 727653 316684 140143 206644 354424 617224 564313 398726 315834 1.75129e+06 1.20917e+06 3.99909e+06 3.21252e+06 1.99479e+06 3.78987e+06 3.301e+06 2.01284e+06 3.57279e+06 2.413e+06 1.7063e+06 2.56257e+06 3.33672e+06 2.40188e+06 965401
pelacesobs
 0 0 0 0 0 0 0 0 0 0 0 0 0 0 0 552880 188675 0 991730 2.46772e+06 1.41603e+06 1.21717e+06 2.29649e+06 1.80582e+06 0 1.4828e+06 1.56532e+06 1.57751e+06 1.42118e+06 867257
pelacespred
 1.0681e+06 426772 200585 74803.1 21911.4 451410 143783 86026.6 23008.3 40822 88937.2 127303 128086 87581.2 69628.5 383488 264059 1.0745e+06 847514 485785 938831 832699 511562 1.04005e+06 662298 464996 813823 1.03527e+06 617691 284672
mphobs
 0 0 0 0 0 0 0 0 0 0 0 498337 0 5186 125008 0 168611 109162 213762 579715 649985 157893 87575 83554 0 0 0 0 0 0
mphpred
 738821 362545 105926 78248.4 26869.9 7900.35 171048 53617.3 21769.5 5535.66 12658.1 40762.1 52588.1 37257.3 19202.9 20955.6 199475 123349 412483 283559 247036 349810 351611 216987 360398 257986 166852 240669 420674 224970
desembarqueobs
 494567 514787 250237 358949 120608 361735 552515 73892 212993 205616 52469 317467 293654 387597 252695 516296 358380 742168 942051 627588 828172 859565 418607 520667 417249 300574 407403 355545 319650 289779
desembarquepred
 494530 514803 249613 358817 120552 361583 551914 73874 212773 205466 52462.1 317258 293424 387080 252463 515985 358275 741781 940987 626849 827806 858936 418409 520508 417046 300410 407232 355412 319515 289627
Reclutas
 32616.9 22356.4 167938 28560.4 11847.1 302313 22707.1 6016.28 19300.7 58316.1 57037.2 122478 85789.9 67597.7 48128.2 402175 22548.5 650032 320726 200846 384040 520403 32690.3 285062 184158 57198.2 239863 293524 25683.1 13186.3
log_desv_Rt
 -0.876586 -1.2543 0.762181 -1.00939 -1.88933 1.35005 -1.23874 -2.56695 -1.40127 -0.295537 -0.317712 0.446516 0.0904866 -0.147841 -0.487547 1.63547 -1.24575 2.11561 1.40917 0.941122 1.58933 1.89319 -0.874337 1.29129 0.854378 -0.314893 1.11865 1.32055 -1.11558 -1.78224
SSB
 2.33563e+06 1.14611e+06 334862 247366 84943.7 24975.3 540732 169500 68819.7 17499.9 40016 128861 166246 117781 60706.2 66246.7 630599 389944 1.30398e+06 896414 780955 1.10585e+06 1.11155e+06 685961 1.13932e+06 815569 527469 760826 1.32988e+06 711197
BT
 2.91286e+06 1.53257e+06 698032 439879 154831 1.36155e+06 817286 267536 253673 289419 248830 554767 559923 604052 411429 1.29189e+06 891122 3.15047e+06 2.84641e+06 1.68962e+06 2.8592e+06 2.69981e+06 1.5439e+06 2.89416e+06 1.9183e+06 1.34721e+06 2.30496e+06 2.74231e+06 1.69277e+06 965761
Ftot
 0.210601 0.546515 0.554024 1.20656 1.43218 0.426988 1.13042 0.387254 2.19976 1.73016 0.295709 0.928325 0.912007 1.60424 1.40581 0.592567 0.484061 0.368942 0.514881 0.546828 0.405438 0.474017 0.342828 0.279564 0.303145 0.301487 0.3061 0.206448 0.219446 0.480391
BD_Bspro_t
 0.966948 0.744934 0.443573 0.395551 0.159561 0.072329 0.510342 0.217919 0.137156 0.0517842 0.133469 0.394219 0.323578 0.224553 0.12759 0.143211 0.481796 0.360557 0.583323 0.45827 0.384047 0.465523 0.491635 0.414648 0.570973 0.549258 0.507798 0.623567 0.722309 0.583668
BD_Bspro
 4.18682 2.0545 0.600268 0.443425 0.152269 0.0447704 0.969308 0.303843 0.123365 0.03137 0.0717322 0.230994 0.298011 0.211133 0.108821 0.118753 1.1304 0.699007 2.33749 1.6069 1.39993 1.98233 1.99254 1.22964 2.04233 1.46198 0.945532 1.36385 2.38391 1.27488
BD_Bo
 1.38627 0.68025 0.19875 0.146819 0.0504166 0.0148236 0.32094 0.100603 0.0408465 0.0103867 0.0237507 0.0764828 0.0986722 0.0699067 0.0360309 0.0393194 0.374279 0.231443 0.77395 0.532048 0.46352 0.656356 0.659736 0.407138 0.676222 0.484064 0.313068 0.451573 0.78932 0.422116
BD_Brms
 8.19022 4.019 1.17424 0.867425 0.297867 0.0875795 1.89615 0.594376 0.241326 0.0613657 0.140322 0.451869 0.582966 0.413017 0.212875 0.232303 2.21128 1.36739 4.57258 3.1434 2.73853 3.87782 3.89779 2.40542 3.99519 2.85991 1.84964 2.66794 4.66339 2.49391
Sel_flota
 0.768135 0.984361 0.999165 0.999956 0.999998
 0.768135 0.984361 0.999165 0.999956 0.999998
 0.768135 0.984361 0.999165 0.999956 0.999998
 0.768135 0.984361 0.999165 0.999956 0.999998
 0.768135 0.984361 0.999165 0.999956 0.999998
 0.768135 0.984361 0.999165 0.999956 0.999998
 0.768135 0.984361 0.999165 0.999956 0.999998
 0.768135 0.984361 0.999165 0.999956 0.999998
 0.768135 0.984361 0.999165 0.999956 0.999998
 0.768135 0.984361 0.999165 0.999956 0.999998
 0.768135 0.984361 0.999165 0.999956 0.999998
 0.768135 0.984361 0.999165 0.999956 0.999998
 0.768135 0.984361 0.999165 0.999956 0.999998
 0.768135 0.984361 0.999165 0.999956 0.999998
 0.768135 0.984361 0.999165 0.999956 0.999998
 0.768135 0.984361 0.999165 0.999956 0.999998
 0.768135 0.984361 0.999165 0.999956 0.999998
 0.768135 0.984361 0.999165 0.999956 0.999998
 0.768135 0.984361 0.999165 0.999956 0.999998
 0.768135 0.984361 0.999165 0.999956 0.999998
 0.768135 0.984361 0.999165 0.999956 0.999998
 0.768135 0.984361 0.999165 0.999956 0.999998
 0.768135 0.984361 0.999165 0.999956 0.999998
 0.768135 0.984361 0.999165 0.999956 0.999998
 0.768135 0.984361 0.999165 0.999956 0.999998
 0.768135 0.984361 0.999165 0.999956 0.999998
 0.768135 0.984361 0.999165 0.999956 0.999998
 0.768135 0.984361 0.999165 0.999956 0.999998
 0.768135 0.984361 0.999165 0.999956 0.999998
 0.768135 0.984361 0.999165 0.999956 0.999998
Sel_reclas
 1 1 1 1 1
 1 1 1 1 1
 1 1 1 1 1
 1 1 1 1 1
 1 1 1 1 1
 1 1 1 1 1
 1 1 1 1 1
 1 1 1 1 1
 1 1 1 1 1
 1 1 1 1 1
 1 1 1 1 1
 1 1 1 1 1
 1 1 1 1 1
 1 1 1 1 1
 1 1 1 1 1
 1 1 1 1 1
 1 1 1 1 1
 1 1 1 1 1
 1 1 1 1 1
 1 1 1 1 1
 1 1 1 1 1
 1 1 1 1 1
 1 1 1 1 1
 1 1 1 1 1
 1 1 1 1 1
 1 1 1 1 1
 1 1 1 1 1
 1 1 1 1 1
 1 1 1 1 1
 1 1 1 1 1
Sel_pelaces
 1 1 1 1 1
 1 1 1 1 1
 1 1 1 1 1
 1 1 1 1 1
 1 1 1 1 1
 1 1 1 1 1
 1 1 1 1 1
 1 1 1 1 1
 1 1 1 1 1
 1 1 1 1 1
 1 1 1 1 1
 1 1 1 1 1
 1 1 1 1 1
 1 1 1 1 1
 1 1 1 1 1
 1 1 1 1 1
 1 1 1 1 1
 1 1 1 1 1
 1 1 1 1 1
 1 1 1 1 1
 1 1 1 1 1
 1 1 1 1 1
 1 1 1 1 1
 1 1 1 1 1
 1 1 1 1 1
 1 1 1 1 1
 1 1 1 1 1
 1 1 1 1 1
 1 1 1 1 1
 1 1 1 1 1
pf_obs 
 0.8446 0.082 0.0669 0.0065 0
 0.8095 0.147 0.0364 0.0071 0
 0.9664 0.0169 0.016 0.0007 0
 0.9276 0.0648 0.0075 0.0001 0
 0.7033 0.2144 0.0806 0.0017 0
 0.9318 0.0425 0.0243 0.0014 0
 0.5671 0.3108 0.0964 0.0239 0.0018
 0.0768 0.2599 0.5324 0.112 0.0189
 0.490249 0.384438 0.106611 0.0170017 0.00170017
 0.7925 0.1577 0.0466 0.003 0.0002
 0.840416 0.127587 0.0312969 0.00059994 9.999e-05
 0.8084 0.0986 0.0794 0.0134 0.0002
 0.7335 0.1905 0.0724 0.0035 0.0001
 0.4001 0.4547 0.1325 0.0127 0
 0.49795 0.308269 0.164784 0.0264974 0.00249975
 0.9179 0.0499 0.0305 0.0017 0
 0.2467 0.6533 0.0926 0.0074 0
 0.9418 0.0223 0.034 0.0019 0
 0.707729 0.231977 0.0356964 0.0245975 0
 0.517169 0.277429 0.184464 0.0207286 0.00020938
 0.811772 0.124168 0.05621 0.00726502 0.000585176
 0.764997 0.148141 0.077277 0.00933861 0.000247198
 0.163321 0.427699 0.378323 0.0303852 0.000271297
 0.753843 0.0900009 0.118128 0.0371064 0.000921714
 0.721811 0.176058 0.0630433 0.0369309 0.00215725
 0.143369 0.312575 0.442814 0.0836902 0.0175525
 0.692698 0.0596174 0.167031 0.0765114 0.00414204
 0.394062 0.376323 0.152708 0.0712218 0.00568511
 0.125707 0.32114 0.495352 0.0537591 0.00404204
 0.23352 0.215282 0.420074 0.123614 0.00750983
pf_pred 
 0.148271 0.214274 0.568683 0.0687702 7.84999e-07
 0.250085 0.139875 0.155346 0.405677 0.0490166
 0.889105 0.035036 0.0143823 0.015667 0.0458096
 0.356279 0.59061 0.0170153 0.00684941 0.029246
 0.528523 0.214904 0.235932 0.00661967 0.014022
 0.990812 0.00587761 0.00153282 0.00163507 0.000142825
 0.192859 0.801644 0.00354013 0.000906467 0.00105037
 0.266072 0.19227 0.538063 0.00231659 0.00127874
 0.775896 0.0739419 0.0398668 0.109564 0.000731385
 0.971171 0.0249092 0.00132812 0.000689183 0.0019028
 0.887588 0.110419 0.00172965 8.92983e-05 0.000173964
 0.848543 0.138186 0.0130393 0.000200803 3.05347e-05
 0.743296 0.228504 0.0257814 0.00237663 4.21126e-05
 0.752126 0.200115 0.0426202 0.00469798 0.000440207
 0.82622 0.14441 0.0238524 0.004925 0.000592762
 0.979705 0.0178852 0.00201192 0.000322969 7.45982e-05
 0.161281 0.826263 0.0110024 0.00121342 0.000239525
 0.94964 0.0103771 0.0394004 0.000514938 6.79334e-05
 0.582488 0.401705 0.00330293 0.0123217 0.00018211
 0.574559 0.278421 0.141559 0.00114199 0.00431886
 0.80573 0.126129 0.0448904 0.0223875 0.000862705
 0.775876 0.190031 0.0222762 0.0077872 0.00402939
 0.13992 0.708582 0.128821 0.0148229 0.00785502
 0.81402 0.0330141 0.126407 0.0225866 0.00397247
 0.598038 0.343029 0.0106074 0.0399409 0.00838434
 0.361157 0.423203 0.184498 0.00560934 0.0255318
 0.831249 0.0722079 0.0643228 0.0275712 0.00464932
 0.74361 0.222405 0.0146858 0.0128623 0.00643713
 0.149119 0.672631 0.154959 0.0100695 0.0132214
 0.200002 0.14907 0.516319 0.117034 0.017575
pobs_RECLAS
 0 0 0 0 0
 0 0 0 0 0
 0 0 0 0 0
 0 0 0 0 0
 0 0 0 0 0
 0 0 0 0 0
 0 0 0 0 0
 0 0 0 0 0
 0 0 0 0 0
 0 0 0 0 0
 0.991045 0.00858322 0.000360255 1.14367e-05 0
 0.934742 0.0480273 0.0164251 0.00080598 0
 0.827803 0.169806 0.00239088 0 0
 0.941827 0.0461693 0.0120037 0 0
 0.791401 0.0380133 0.147996 0.0225897 0
 0.846168 0.0940531 0.0597789 0 0
 0.134021 0.677848 0.182769 0.00536245 0
 0.80878 0.0450904 0.141981 0.00414843 0
 0.846168 0.0940531 0.0597789 0 0
 0.905697 0.0802665 0.012482 0.00150086 5.37128e-05
 0.989698 0.0102097 9.19794e-05 0 0
 0.975433 0.0193895 0.00387452 0.00125025 5.28907e-05
 0.303575 0.632131 0.0575291 0.00676475 0
 0.966965 0.00978017 0.0227588 0.000495775 0
 0.843318 0.132988 0.00938335 0.0141283 0.000182051
 0.564624 0.303363 0.111486 0.0197234 0.00080311
 0.826376 0.0876187 0.0782897 0.00655872 0.00115652
 0.89761 0.0855135 0.0140674 0.00269457 0.000114338
 0.34875 0.467042 0.161289 0.0227151 0.000203297
 0.318654 0.224769 0.449479 0.00709798 0
ppred_RECLAS
 0.18477 0.207453 0.542256 0.0655213 7.47882e-07
 0.305208 0.131348 0.143571 0.374612 0.045261
 0.913357 0.0276867 0.0111856 0.0121745 0.0355959
 0.425521 0.527885 0.0149375 0.00600727 0.0256489
 0.604982 0.181908 0.195982 0.00549325 0.0116354
 0.992929 0.00454944 0.00116802 0.0012449 0.000108739
 0.241349 0.753576 0.00326953 0.000836392 0.000969126
 0.321678 0.179753 0.495262 0.00213056 0.001176
 0.833086 0.0559343 0.0294902 0.0809497 0.00054034
 0.978941 0.0182464 0.000953498 0.000494255 0.00136453
 0.910616 0.0878233 0.0013547 6.98834e-05 0.000136136
 0.880956 0.108774 0.0100909 0.000155259 2.36079e-05
 0.792677 0.184891 0.0205101 0.001889 3.34704e-05
 0.806182 0.157064 0.0328033 0.00361212 0.000338441
 0.865599 0.112041 0.0181626 0.00374646 0.000450892
 0.984365 0.0138054 0.00152827 0.000245121 5.66146e-05
 0.199657 0.788642 0.010337 0.00113909 0.000224842
 0.961051 0.00812515 0.0303748 0.000396653 5.23262e-05
 0.644432 0.342318 0.00277037 0.0103263 0.000152612
 0.638316 0.237999 0.119095 0.000959959 0.00363027
 0.843656 0.10207 0.0357652 0.0178219 0.000686738
 0.818163 0.154551 0.0178339 0.00622907 0.00322301
 0.174023 0.682347 0.122146 0.0140434 0.00744158
 0.851095 0.0267713 0.100942 0.0180218 0.0031695
 0.658002 0.292541 0.00890795 0.0335144 0.00703499
 0.423014 0.384223 0.164946 0.00501078 0.0228064
 0.865097 0.0582428 0.0510895 0.021881 0.00368963
 0.789049 0.183367 0.0119251 0.010436 0.00522261
 0.184568 0.646672 0.146724 0.0095267 0.0125082
 0.247238 0.142097 0.484467 0.109722 0.0164763
pobs_PELACES
 0 0 0 0 0
 0 0 0 0 0
 0 0 0 0 0
 0 0 0 0 0
 0 0 0 0 0
 0 0 0 0 0
 0 0 0 0 0
 0 0 0 0 0
 0 0 0 0 0
 0 0 0 0 0
 0 0 0 0 0
 0 0 0 0 0
 0 0 0 0 0
 0 0 0 0 0
 0 0 0 0 0
 0 0 0 0 0
 0.505614 0.472636 0.0217494 0 0
 0 0 0 0 0
 0.443492 0.261883 0.143347 0.151278 0
 0.227955 0.32914 0.350689 0.0885471 0.00366901
 0.970185 0.0296113 0.000203453 0 0
 0.997202 0.00247181 0.000326279 0 0
 0.445219 0.490057 0.0546422 0.010081 0
 0.90214 0.0892962 0.00764917 0.000914606 0
 0 0 0 0 0
 0.581667 0.319106 0.0959925 0.00289975 0.000334073
 0.762889 0.0836404 0.116647 0.0363945 0.000428098
 0.88444 0.0763242 0.0277011 0.0115352 0
 0.521256 0.241999 0.230069 0.00667565 0
 0.616807 0.101726 0.260614 0.0208532 0
ppred_PELACES
 0.187161 0.207004 0.540526 0.0653087 7.45453e-07
 0.314024 0.129974 0.14169 0.369651 0.0446613
 0.916582 0.0267075 0.0107608 0.0117105 0.034239
 0.446812 0.508573 0.0143065 0.00575167 0.0245572
 0.630007 0.17103 0.182977 0.00512683 0.010859
 0.993145 0.00441388 0.00113085 0.00120516 0.000105266
 0.256431 0.738622 0.003187 0.000815039 0.00094437
 0.328044 0.178314 0.490369 0.00210929 0.00116425
 0.85471 0.04905 0.0255842 0.0701875 0.000468488
 0.981363 0.0161672 0.000837734 0.000434051 0.00119829
 0.912321 0.0861506 0.00132698 6.84482e-05 0.000133339
 0.887769 0.102589 0.00947413 0.000145733 2.21592e-05
 0.803244 0.175552 0.0193875 0.00178518 3.16305e-05
 0.823661 0.143113 0.0296562 0.00326421 0.000305837
 0.876971 0.102679 0.016531 0.00340866 0.000410229
 0.985007 0.0132425 0.00146172 0.00023441 5.41404e-05
 0.205239 0.783169 0.010241 0.00112837 0.000222724
 0.962077 0.00792249 0.0295639 0.000386025 5.0924e-05
 0.652828 0.334269 0.00269842 0.0100568 0.000148628
 0.647483 0.232179 0.115873 0.000933852 0.00353151
 0.847524 0.0996145 0.0348356 0.0173568 0.000668814
 0.823192 0.15033 0.0173067 0.00604416 0.00312732
 0.17761 0.679583 0.121448 0.0139618 0.00739834
 0.853747 0.0263243 0.0991216 0.0176954 0.00311209
 0.662903 0.288413 0.00876926 0.03299 0.00692489
 0.428394 0.380829 0.163248 0.00495882 0.0225698
 0.867725 0.0571576 0.0500627 0.0214395 0.00361517
 0.791513 0.18125 0.0117755 0.0103045 0.00515681
 0.18697 0.644911 0.146168 0.00949004 0.01246
 0.254037 0.141085 0.479888 0.108672 0.0163184
pobs_pel_tallas
 0 0 0 0 0 0 0 0 0 0 0 0 0 0 0 0 0 0 0 0 0 0 0 0 0 0
 0 0 0 0 0 0 0 0 0 0 0 0 0 0 0 0 0 0 0 0 0 0 0 0 0 0
 0 0 0 0 0 0 0 0 0 0 0 0 0 0 0 0 0 0 0 0 0 0 0 0 0 0
 0 0 0 0 0 0 0 0 0 0 0 0 0 0 0 0 0 0 0 0 0 0 0 0 0 0
 0 0 0 0 0 0 0 0 0 0 0 0 0 0 0 0 0 0 0 0 0 0 0 0 0 0
 0 0 0 0 0 0 0 0 0 0 0 0 0 0 0 0 0 0 0 0 0 0 0 0 0 0
 0 0 0 0 0 0 0 0 0 0 0 0 0 0 0 0 0 0 0 0 0 0 0 0 0 0
 0 0 0 0 0 0 0 0 0 0 0 0 0 0 0 0 0 0 0 0 0 0 0 0 0 0
 0 0 0 0 0 0 0 0 0 0 0 0 0 0 0 0 0 0 0 0 0 0 0 0 0 0
 0 0 0 0 0 0 0 0 0 0 0 0 0 0 0 0 0 0 0 0 0 0 0 0 0 0
 0 0 0 0 0 0 0 0 0 0 0 0 0 0 0 0 0 0 0 0 0 0 0 0 0 0
 0 0 0 0 0 0 0 0 0 0 0 0 0 0 0 0 0 0 0 0 0 0 0 0 0 0
 0.00862536 0 0 0.000197151 0.00414017 0.0128641 0.00837892 0.0270097 0.101434 0.158115 0.152841 0.127902 0.109271 0.109419 0.0830992 0.0579132 0.0238553 0.00714673 0.00463305 0.00128148 0.00103504 0.000492878 0.000147863 0.000147863 4.92878e-05 0
 0 0 0 0 0 0 0 0 0 0 0 0 0 0 0 0 0 0 0 0 0 0 0 0 0 0
 0 0 0 0 0 0 0 0.0054083 0.00873648 0.0413646 0.0450493 0.0745869 0.0622846 0.0627006 0.0613931 0.0827291 0.12552 0.122667 0.0946155 0.0697135 0.0546179 0.0294188 0.0215738 0.0213955 0.0102223 0.00600262
 0 0 0 0 0.00359764 0.0251062 0.0480494 0.140153 0.205849 0.193036 0.1447 0.116669 0.0760912 0.0342217 0.00950174 0.001854 0.000860785 0 0 0 0.000165536 0 0.000143464 0 0 0
 0 0 0 0 0 0 0 0.000145254 0.000435761 0.0275982 0.070085 0.0708112 0.156366 0.174668 0.174014 0.160142 0.0824315 0.0480064 0.0283245 0.00493863 0.00203355 0 0 0 0 0
 0 0 0 0 0 0 0 0 0 0 0 0 0 0 0 0 0 0 0 0 0 0 0 0 0 0
 0 0 1.00437e-05 0.000401748 0.00122533 0.00171747 0.00176769 0.0269171 0.070346 0.194647 0.189555 0.159765 0.064822 0.0314167 0.0384472 0.0292271 0.0345202 0.0313363 0.0194345 0.0106764 0.0143323 0.0359363 0.0279516 0.0138201 0.00172751 0
 0 0.0021121 0.0136068 0.0755702 0.200478 0.177729 0.0527432 0.0373336 0.0318909 0.0142505 0.0149659 0.0166563 0.0217959 0.0798694 0.0677717 0.0528807 0.04013 0.0224614 0.0357745 0.0225083 0.00881397 0.00855152 0.00135912 0.000746735 0 0
 0 0 0 0 5.4009e-05 0.00500934 0.000945158 0.0243581 0.138947 0.33067 0.221406 0.137944 0.0707744 0.0437923 0.0131692 0.00525238 0.0047753 0.00276346 9.45158e-05 9.00151e-06 2.25038e-05 9.00151e-06 4.50075e-06 0 0 0
 0.000866109 0.00284123 0.00948549 0.0512746 0.133035 0.25785 0.225252 0.132002 0.0553304 0.0519788 0.0540692 0.017754 0.00435017 0.00159236 0.00146478 0.000404838 0.000125132 0.000115318 0.000107957 0.000100596 0 0 0 0 0 0
 0 0 0 0 0.00144013 0.00171154 0.00461396 0.0210425 0.0478622 0.0707936 0.0888783 0.103762 0.0637923 0.0337046 0.0602308 0.124433 0.169614 0.0934646 0.0462172 0.0250306 0.0313229 0.00938855 0.002487 0.000210481 0 0
 0 0.00764035 0.051015 0.0998891 0.058973 0.0496711 0.0374665 0.0718981 0.12319 0.153886 0.159021 0.0857701 0.0377988 0.023471 0.0147837 0.00900784 0.00315554 0.000888139 0.00291439 0.00214683 0.00393193 0.00274676 0.000635225 9.99891e-05 0 0
 0 0 0 0 0 0 0 0 0 0 0 0 0 0 0 0 0 0 0 0 0 0 0 0 0 0
 0 0 0 0 0 0 0 0 0 0 0 0 0 0 0 0 0 0 0 0 0 0 0 0 0 0
 0 0 0 0 0 0 0 0 0 0 0 0 0 0 0 0 0 0 0 0 0 0 0 0 0 0
 0 0 0 0 0 0 0 0 0 0 0 0 0 0 0 0 0 0 0 0 0 0 0 0 0 0
 0 0 0 0 0 0 0 0 0 0 0 0 0 0 0 0 0 0 0 0 0 0 0 0 0 0
 0 0 0 0 0 0 0 0 0 0 0 0 0 0 0 0 0 0 0 0 0 0 0 0 0 0
ppred_pel_tallas
 1.22201e-16 1.54163e-05 0.000149852 0.000995817 0.00452685 0.0140848 0.03001 0.0438048 0.0438256 0.0301118 0.0144291 0.00553147 0.00355653 0.00586891 0.0112547 0.0195668 0.0304784 0.0431045 0.056388 0.0695994 0.0822916 0.0936454 0.101923 0.104813 0.100619 0.0894057
 1.48751e-16 2.58658e-05 0.000251424 0.0016708 0.00759524 0.0236317 0.0503503 0.0734904 0.0735033 0.0504133 0.0238442 0.00821368 0.00324121 0.00374145 0.00684269 0.0117877 0.0182512 0.0257885 0.0341316 0.0436046 0.0550415 0.0690269 0.0849332 0.100515 0.112461 0.117643
 1.07287e-16 7.54977e-05 0.000733864 0.00487679 0.0221692 0.0689765 0.146962 0.214496 0.214498 0.146975 0.0690192 0.0222928 0.00518833 0.00141827 0.00138869 0.00221374 0.00327639 0.00433774 0.00523391 0.00595106 0.00666074 0.00761717 0.00897552 0.0106588 0.0123574 0.0136482
 1.05276e-16 3.68034e-05 0.000357742 0.00237733 0.010807 0.0336249 0.0716431 0.104576 0.104624 0.0718822 0.0344272 0.0131234 0.00818754 0.0130276 0.0240585 0.0396103 0.0568141 0.070946 0.0772335 0.0735167 0.0615924 0.0460913 0.0318089 0.0215212 0.0155274 0.0125849
 1.07676e-16 5.18928e-05 0.000504417 0.00335203 0.0152378 0.0474107 0.101014 0.147436 0.147453 0.101096 0.0476863 0.016037 0.00536988 0.00494844 0.00860606 0.0144424 0.0214894 0.0284556 0.0340055 0.0374383 0.0389513 0.0392103 0.038644 0.0371188 0.0342253 0.0298149
 1.00173e-16 8.1804e-05 0.000795164 0.00528415 0.024021 0.0747381 0.159237 0.232412 0.232412 0.15924 0.0747451 0.0240412 0.00533503 0.000906463 0.000293822 0.000357997 0.000511939 0.00065276 0.000737558 0.000749612 0.000703765 0.000635024 0.000575419 0.000537118 0.000512058 0.000483667
 1.00523e-16 2.11221e-05 0.000205314 0.00136439 0.00620235 0.0192982 0.0411195 0.06003 0.060101 0.0414665 0.0204627 0.00956379 0.00979395 0.0185802 0.0348393 0.0573555 0.0821336 0.10226 0.110708 0.104244 0.0854208 0.060987 0.0380447 0.0208765 0.0102447 0.00467607
 1.14606e-16 2.70206e-05 0.00026265 0.0017454 0.00793435 0.0246868 0.0525985 0.0767727 0.0767907 0.0526863 0.0249837 0.00880102 0.00395505 0.00519914 0.00973161 0.0169005 0.0263238 0.0372026 0.0485629 0.0596664 0.0699836 0.0786829 0.0842424 0.0848208 0.0792924 0.0681469
 1.0787e-16 7.04013e-05 0.000684326 0.00454759 0.0206727 0.0643204 0.137042 0.200017 0.200022 0.137065 0.0643991 0.0209007 0.00512296 0.00195046 0.00250587 0.00411586 0.00613113 0.00817625 0.00994889 0.0113853 0.0127113 0.0142529 0.0161352 0.0181063 0.0196186 0.0200983
 1.00275e-16 8.08335e-05 0.000785731 0.00522146 0.023736 0.0738515 0.157348 0.229655 0.229657 0.157356 0.073877 0.0238097 0.00540634 0.00118903 0.000845887 0.00126823 0.00181397 0.00227074 0.00248375 0.00238559 0.00203393 0.00157483 0.00115756 0.000865445 0.000702399 0.000624054
 1.0009e-16 7.51467e-05 0.000730452 0.00485411 0.0220661 0.0686559 0.146279 0.2135 0.213508 0.146319 0.0687917 0.0224583 0.00583765 0.00287462 0.00413876 0.0067008 0.00959265 0.0119516 0.012955 0.0122255 0.0100587 0.00723695 0.00458239 0.00258901 0.00134325 0.000674963
 1.00319e-16 7.31243e-05 0.000710795 0.00472348 0.0214723 0.0668082 0.142342 0.207755 0.207765 0.142391 0.0669703 0.0219402 0.0058975 0.00327215 0.00493303 0.00802734 0.0115274 0.0144332 0.0157774 0.0151115 0.0127682 0.00963959 0.00665221 0.00434831 0.00281041 0.00185064
 1.00789e-16 6.61622e-05 0.00064312 0.00427376 0.0194279 0.0604475 0.12879 0.187977 0.187994 0.128873 0.0607249 0.020229 0.00628403 0.00502981 0.00839209 0.0137552 0.019775 0.0247952 0.0271716 0.0261402 0.0222656 0.0170583 0.0120789 0.00822844 0.00562814 0.00395086
 1.01272e-16 6.78439e-05 0.000659467 0.00438239 0.0199217 0.0619839 0.132064 0.192754 0.192768 0.132131 0.0622105 0.0205764 0.00602631 0.00425027 0.00689355 0.0113047 0.0163141 0.0205877 0.022809 0.0223601 0.0196727 0.0159089 0.0122451 0.00932395 0.00719234 0.00559234
 1.00915e-16 7.2235e-05 0.00070215 0.00466603 0.0212111 0.0659957 0.140611 0.205228 0.205238 0.140659 0.0661581 0.0216803 0.00584391 0.00327394 0.00495785 0.00808536 0.0116478 0.0146626 0.0161787 0.0157553 0.0137154 0.0109172 0.00823326 0.00614585 0.00469194 0.00366846
 1.00079e-16 8.11337e-05 0.000788649 0.00524085 0.0238241 0.0741257 0.157933 0.230508 0.230509 0.157939 0.0741467 0.0238846 0.0053925 0.00111959 0.000709293 0.00104323 0.0014926 0.0018718 0.00205248 0.00197709 0.00168852 0.0013008 0.000931424 0.000647632 0.000457497 0.000335145
 1.00647e-16 1.69054e-05 0.000164327 0.00109201 0.00496418 0.0154458 0.0329117 0.0480514 0.0481267 0.0332796 0.0166808 0.00852911 0.0100324 0.0196544 0.036953 0.0608565 0.0871768 0.1086 0.117684 0.111001 0.0912388 0.0655181 0.0413229 0.0231551 0.0118079 0.00573631
 1.00903e-16 7.9245e-05 0.000770289 0.00511884 0.0232695 0.0724001 0.154256 0.225142 0.225142 0.15426 0.0724136 0.0233089 0.00521982 0.000997641 0.000531255 0.00080538 0.00127422 0.00185435 0.00250973 0.00320849 0.00390932 0.00453615 0.00496929 0.00507986 0.00479519 0.00414866
 1.01198e-16 5.37726e-05 0.000522689 0.00347345 0.0157898 0.0491282 0.104674 0.152782 0.152814 0.104831 0.0496553 0.0173115 0.00728965 0.00884238 0.0158219 0.025987 0.0372329 0.0464102 0.0503554 0.0476253 0.0393869 0.0286887 0.0187115 0.0113337 0.00682556 0.00445364
 1.04095e-16 5.33324e-05 0.00051841 0.00344502 0.0156606 0.0487259 0.103817 0.151528 0.15155 0.103927 0.0490957 0.0167302 0.00613593 0.0064124 0.0113045 0.018753 0.0273527 0.035105 0.0399734 0.0409587 0.0386021 0.0344536 0.0299854 0.0258586 0.0219843 0.0180694
 1.02885e-16 6.98095e-05 0.000678573 0.00450936 0.0204989 0.0637797 0.13589 0.198337 0.198347 0.135937 0.063938 0.0209566 0.0056601 0.00319683 0.00487073 0.00799017 0.011618 0.0148537 0.0168291 0.0171482 0.0161039 0.0144356 0.0128298 0.0115663 0.0105238 0.0094326
 1.01674e-16 6.78053e-05 0.000659091 0.0043799 0.0199104 0.0619487 0.131989 0.192644 0.192659 0.132059 0.0621863 0.0205966 0.00610218 0.00441806 0.0072045 0.0117974 0.016975 0.0213204 0.0234399 0.0226955 0.0195845 0.0154026 0.0114701 0.00851981 0.0065997 0.00537014
 1.06331e-16 1.46296e-05 0.000142205 0.000945006 0.0042959 0.0133665 0.0284812 0.0415828 0.0416483 0.0288014 0.0144419 0.00740246 0.00874458 0.0171742 0.0323774 0.0535438 0.0772225 0.097295 0.107505 0.104931 0.091678 0.0733744 0.0557375 0.041922 0.0321753 0.0251969
 1.05169e-16 7.0322e-05 0.000683555 0.00454246 0.0206494 0.0642479 0.136887 0.199791 0.199794 0.1369 0.0642927 0.0207809 0.00487997 0.00144505 0.0015891 0.00270549 0.00433379 0.00637741 0.00876506 0.011433 0.0142759 0.0170433 0.0192895 0.0204816 0.0202328 0.0185088
 1.04808e-16 5.46025e-05 0.000530755 0.00352706 0.0160335 0.0498863 0.106289 0.155138 0.155166 0.106425 0.0503416 0.0173479 0.00682467 0.00772378 0.0136994 0.0225214 0.0323498 0.0405117 0.0443431 0.0426662 0.0365294 0.0285449 0.0213522 0.0163793 0.0136154 0.0121994
 1.09126e-16 3.52863e-05 0.000342996 0.00227933 0.0103615 0.0322387 0.0686894 0.100262 0.100299 0.0688697 0.0328445 0.0121133 0.00668476 0.00998702 0.0184299 0.0306177 0.0445799 0.0570535 0.0646966 0.065914 0.0617037 0.0547741 0.0477073 0.041674 0.0364647 0.0313774
 1.04222e-16 7.14734e-05 0.000694747 0.00461684 0.0209875 0.0652998 0.139128 0.203063 0.203069 0.139156 0.0653917 0.0212539 0.00528908 0.00217421 0.00291657 0.00480178 0.00713043 0.00943363 0.0112822 0.0124828 0.0131595 0.013592 0.0139465 0.0141342 0.013899 0.0130262
 1.02293e-16 6.51959e-05 0.000633728 0.00421134 0.0191442 0.0595647 0.12691 0.185232 0.185249 0.126995 0.0598509 0.0199706 0.00628499 0.00515767 0.00864878 0.0141742 0.020365 0.0255154 0.0279403 0.0268798 0.0229628 0.0178004 0.0130364 0.00958663 0.00750127 0.00632015
 1.07444e-16 1.54006e-05 0.0001497 0.000994811 0.0045223 0.0140709 0.0299818 0.0437724 0.0438346 0.030286 0.0150924 0.00747383 0.00840743 0.0163442 0.0308087 0.051004 0.0736913 0.0931195 0.103399 0.101764 0.0901471 0.0737433 0.0577838 0.0450855 0.0357951 0.0287127
 1.27545e-16 2.09248e-05 0.000203396 0.00135164 0.00614436 0.0191175 0.0407323 0.059453 0.0594674 0.0408028 0.0193562 0.00684367 0.00314348 0.00423607 0.00803557 0.0141832 0.0226114 0.0330121 0.0449744 0.0581824 0.0722148 0.0859871 0.0974143 0.103865 0.103301 0.0953461
pSPR Fmed_Fpbrs
0.40097   0.219259 0.219259
Fs Fmed_Fpbrs
0.548275   1.005 1.005
SSBpbr Bo_Bmed_Bpbrs
1.68484e+06  591327  285173 285173
Ro
78367.9
SPR SPRFo_SPRFmed_SPRFpbrs
557854 223683 122314
Fref
1.005
log_Ro
11.0892
likeval ReclasPelacesDesembMPH_pf_preclas_ppelaces_ptallas_desvR_qrecl_qpela
 11.4237 53.727 0.0952292 0.000953178 258.691 105.445 84.8721 0 67.2744 1.43667e-05 0 0.119153 0 0 0
q_reclas_q_pelaces
1.71105 1
M
1
N
 32616.9 37464.4 98080.1 11852.1 0.135285
 22356.4 10206.9 11201.9 29234.8 3532.22
 167938 5404.96 2192.61 2386.97 6979.16
 28560.4 40367.7 1152.53 463.722 1979.97
 11847.1 4158.78 4528.27 126.997 269.002
 302313 1450.59 373.602 398.262 34.7873
 22707.1 80116.2 350.519 89.708 103.947
 6016.28 3505.61 9686.54 41.6766 23.0044
 19300.7 1643.79 880.88 2420.09 16.1549
 58316.1 1310.53 69.3664 35.9813 99.3404
 57037.2 5679.59 87.8015 4.52984 8.82436
 122478 16719.2 1561.73 24.0375 3.65511
 85789.9 22084 2466.38 227.239 4.02642
 67597.7 15663.9 3310.53 364.768 34.1785
 48128.2 7252.16 1187.92 245.172 29.5077
 402175 6013.57 668.632 107.268 24.7755
 22548.5 93851.8 1234.57 136.069 26.8585
 650032 5719.29 21439.3 280.008 36.9388
 320726 180120 1463.27 5455.32 80.6248
 200846 79446.9 39916.7 321.815 1217.02
 384040 48545.4 17061.3 8503.04 327.654
 520403 103474 11981.9 4185.86 2165.85
 32690.3 133019 23872.1 2745 1454.59
 285062 9241.82 34918.9 6234.95 1096.55
 184158 84602.5 2581.95 9715.25 2039.34
 57198.2 53674.4 23093.7 701.633 3193.48
 239863 16692.2 14675.3 6286 1059.97
 293524 69751.6 4543.17 3976.17 1989.86
 25683.1 92146.6 20941.3 1359.82 1785.4
 13186.3 7982.65 27313.1 6187.05 929.081
pred_Ctot
 3120.46 4509.55 11968.3 1447.32 0.0165208
 5012.12 2803.32 3113.38 8130.43 982.371
 38082.8 1500.69 616.032 671.062 1962.15
 11737.3 19457.1 560.553 225.648 963.482
 5446.03 2214.42 2431.11 68.2108 144.486
 54878 325.543 84.898 90.5617 7.91064
 8924.07 37094 163.81 41.9445 48.6034
 1002.46 724.402 2027.22 8.72804 4.81781
 11301.6 1077.03 580.696 1595.89 10.6533
 30036 770.384 41.0757 21.3148 58.8489
 7462.86 928.403 14.543 0.750822 1.46269
 41789.6 6805.46 642.166 9.88926 1.50379
 28888.6 8880.93 1002.01 92.3693 1.63673
 33312.3 8863.28 1887.69 208.078 19.4971
 21865.7 3821.77 631.247 130.339 15.6873
 96442.2 1760.62 198.054 31.7931 7.34345
 4561.46 23368.9 311.176 34.3188 6.77438
 103765 1133.88 4305.19 56.2661 7.42292
 68380.9 47158.1 387.746 1446.51 21.3788
 45049.4 21830.1 11099.2 89.5401 338.628
 66627.4 10429.8 3712.07 1851.26 71.3387
 103401 25325.4 2968.75 1037.8 536.996
 4887.75 24752.5 4500.03 517.802 274.395
 35437.4 1437.23 5503 983.28 172.937
 24645.1 14136.2 437.13 1645.96 345.517
 7616.62 8925.13 3890.97 118.298 538.452
 32383.5 2813.05 2505.86 1074.11 181.126
 27563.5 8243.89 544.36 476.768 238.606
 2553.28 11517.1 2653.28 172.415 226.383
 2650.21 1975.31 6841.71 1550.81 232.886
F
 0.16177 0.207307 0.210425 0.210591 0.2106
 0.419797 0.537968 0.546058 0.546491 0.546514
 0.425566 0.54536 0.553561 0.554 0.554023
 0.9268 1.18769 1.20555 1.20651 1.20656
 1.10011 1.40978 1.43099 1.43212 1.43218
 0.327984 0.42031 0.426631 0.426969 0.426987
 0.868315 1.11274 1.12948 1.13037 1.13042
 0.297464 0.381198 0.386931 0.387237 0.387253
 1.68971 2.16536 2.19792 2.19966 2.19975
 1.329 1.7031 1.72872 1.73009 1.73016
 0.227145 0.291085 0.295462 0.295696 0.295709
 0.713079 0.913807 0.927549 0.928284 0.928323
 0.700545 0.897744 0.911245 0.911967 0.912005
 1.23227 1.57915 1.6029 1.60417 1.60424
 1.07985 1.38382 1.40463 1.40574 1.4058
 0.455171 0.5833 0.592071 0.59254 0.592565
 0.371824 0.476491 0.483657 0.48404 0.48406
 0.283397 0.363172 0.368634 0.368926 0.368941
 0.395498 0.506829 0.514451 0.514859 0.51488
 0.420038 0.538276 0.546371 0.546804 0.546827
 0.311431 0.399098 0.405099 0.40542 0.405437
 0.364109 0.466605 0.473621 0.473997 0.474016
 0.263339 0.337467 0.342542 0.342813 0.342828
 0.214743 0.275192 0.279331 0.279552 0.279564
 0.232856 0.298404 0.302891 0.303131 0.303144
 0.231583 0.296772 0.301235 0.301474 0.301486
 0.235127 0.301313 0.305845 0.306087 0.3061
 0.15858 0.203219 0.206275 0.206439 0.206447
 0.168564 0.216014 0.219262 0.219436 0.219445
 0.369006 0.472879 0.47999 0.48037 0.48039
nmprior
 8 8 7 0
nm_flota  nm_reclas  nm_pelaces    nm_pelaL
inf 11.5936 6.26266 9.03879
cv_recla  cv_pelaces  cv_mph
0.312917 0.862503 0.952779
 ------------------------------------------------
Talla a la edad & desviación 
 8 13.2811 15.8009 17.003 17.5766
 0.8 1.32811 1.58009 1.7003 1.75766
