years
 1991 1992 1993 1994 1995 1996 1997 1998 1999 2000 2001 2002 2003 2004 2005 2006 2007 2008 2009 2010 2011 2012 2013 2014 2015 2016 2017 2018 2019 2020
reclasobs
 0 0 0 0 0 0 0 0 0 252601 567819 844713 477998 351125 339783 2.1784e+06 2.13404e+06 4.81314e+06 1.55562e+06 2.62356e+06 3.21686e+06 3.843e+06 1.13348e+06 3.07943e+06 1.97215e+06 2.03268e+06 2.025e+06 2.42433e+06 2.27542e+06 1.05018e+06
reclaspred
 3.26181e+06 1.86197e+06 944011 936633 932884 1.42247e+06 965678 872484 643932 483789 508335 629554 626857 509751 517005 1.23721e+06 1.24497e+06 2.63728e+06 2.21989e+06 1.72493e+06 3.04562e+06 2.44361e+06 1.98464e+06 2.99874e+06 2.2702e+06 2.0092e+06 2.36608e+06 2.47263e+06 2.0537e+06 1.32583e+06
pelacesobs
 0 0 0 0 0 0 0 0 0 0 0 0 0 0 0 552880 188675 0 991730 2.46772e+06 1.41603e+06 1.21717e+06 2.29649e+06 1.80582e+06 0 1.4828e+06 1.56532e+06 1.57751e+06 1.42118e+06 867257
pelacespred
 1.8646e+06 1.19664e+06 616633 497528 504014 793065 520045 551155 404937 292260 310651 325216 353355 309741 318290 625705 627289 1.50887e+06 1.33336e+06 966919 1.61275e+06 1.44447e+06 1.15029e+06 1.87982e+06 1.38539e+06 1.21581e+06 1.62537e+06 1.67951e+06 1.14869e+06 847359
mphobs
 0 0 0 0 0 0 0 0 0 0 0 498337 0 5186 125008 0 168611 109162 213762 579715 649985 157893 87575 83554 0 0 0 0 0 0
mphpred
 489074 328119 167605 90675.6 100432 111199 145857 99716.8 86956.4 62538.2 42604.1 59345.2 64123.4 56018.3 40900.1 50330.9 144277 141978 262349 206463 229269 278789 261734 219256 298485 247052 203988 216839 295622 204519
desembarqueobs
 494567 514787 250237 358949 120608 361735 552515 73892 212993 205616 52469 317467 293654 387597 252695 516296 358380 742168 942051 627588 828172 859565 418607 520667 417249 300574 407403 355545 319650 289779
desembarquepred
 494573 513248 251024 358969 120612 361747 552560 73895 213029 205650 52470.9 317525 293704 387651 252700 516283 358403 742112 941940 627511 828224 859588 418615 520684 417250 300576 407404 355537 319647 289787
Reclutas
 238954 139595 136333 249888 200056 332245 140768 67411.6 61994.1 81200.3 147347 182913 153642 107703 111738 583452 132063 888762 522542 418562 607252 801404 176366 520296 437624 197447 445183 490018 140921 109911
log_desv_Rt
 0.0617076 -0.47582 -0.499461 0.106447 -0.115965 0.391308 -0.467449 -1.20375 -1.28753 -1.01765 -0.421773 -0.205557 -0.37994 -0.735192 -0.69841 0.954397 -0.531289 1.37526 0.844141 0.622261 0.994379 1.2718 -0.242006 0.839833 0.666795 -0.129096 0.683922 0.779876 -0.466367 -0.71489
SSB
 4.66994e+06 3.13306e+06 1.60038e+06 865820 958974 1.06179e+06 1.39272e+06 952149 830307 597148 406807 566660 612284 534893 390537 480586 1.37763e+06 1.35569e+06 2.50505e+06 1.97142e+06 2.18919e+06 2.66202e+06 2.49918e+06 2.09358e+06 2.85009e+06 2.35899e+06 1.94779e+06 2.0705e+06 2.82276e+06 1.95286e+06
BT
 6.13424e+06 4.17931e+06 2.14461e+06 1.82988e+06 1.63996e+06 2.74007e+06 2.09157e+06 1.75364e+06 1.45272e+06 1.09567e+06 998156 1.26574e+06 1.35147e+06 1.35422e+06 1.22996e+06 2.33903e+06 2.20388e+06 5.28119e+06 4.99762e+06 3.52777e+06 5.61501e+06 5.23798e+06 3.89283e+06 6.24662e+06 4.63093e+06 3.99384e+06 5.39766e+06 5.50365e+06 3.78514e+06 2.87919e+06
Ftot
 0.0911616 0.164084 0.159068 0.236442 0.0797685 0.159284 0.339349 0.0521116 0.20192 0.257825 0.0657445 0.309213 0.286826 0.46046 0.306272 0.267936 0.174452 0.179507 0.259263 0.223351 0.169077 0.217363 0.127737 0.110065 0.1129 0.0915709 0.108815 0.0914043 0.0933396 0.132005
BD_Bspro_t
 0.98552 0.890986 0.770831 0.696947 0.689921 0.748648 0.739918 0.612422 0.662193 0.633001 0.608958 0.758185 0.657765 0.58059 0.488342 0.541081 0.678778 0.663882 0.735025 0.657129 0.638667 0.67979 0.691593 0.689298 0.774499 0.781482 0.788026 0.816941 0.84962 0.798851
BD_Bspro
 2.92021 1.95917 1.00075 0.541415 0.599666 0.663959 0.870898 0.595398 0.519207 0.373409 0.254385 0.354344 0.382874 0.334479 0.24421 0.30052 0.86146 0.847739 1.56646 1.23277 1.36894 1.66462 1.56279 1.30916 1.78222 1.47512 1.21799 1.29472 1.76513 1.22116
BD_Bo
 1.90482 1.27794 0.65278 0.353159 0.391155 0.433093 0.568077 0.388372 0.338673 0.24357 0.165932 0.231135 0.249744 0.218177 0.159296 0.196026 0.561921 0.55297 1.02178 0.804122 0.892945 1.08581 1.01939 0.853948 1.16252 0.962206 0.794483 0.844533 1.15137 0.796552
BD_Brms
 13.1805 8.8428 4.51695 2.4437 2.70662 2.99681 3.93084 2.68736 2.34347 1.6854 1.14818 1.59935 1.72812 1.50969 1.10226 1.35641 3.88824 3.82631 7.0703 5.56417 6.17879 7.51334 7.05372 5.90894 8.04414 6.65804 5.49747 5.8438 7.967 5.51179
Sel_flota
 0.88147 1 1 1 1
 0.88147 1 1 1 1
 0.88147 1 1 1 1
 0.88147 1 1 1 1
 0.88147 1 1 1 1
 0.88147 1 1 1 1
 0.88147 1 1 1 1
 0.88147 1 1 1 1
 0.88147 1 1 1 1
 0.88147 1 1 1 1
 0.88147 1 1 1 1
 0.88147 1 1 1 1
 0.88147 1 1 1 1
 0.88147 1 1 1 1
 0.88147 1 1 1 1
 0.88147 1 1 1 1
 0.88147 1 1 1 1
 0.88147 1 1 1 1
 0.88147 1 1 1 1
 0.88147 1 1 1 1
 0.88147 1 1 1 1
 0.88147 1 1 1 1
 0.88147 1 1 1 1
 0.88147 1 1 1 1
 0.88147 1 1 1 1
 0.88147 1 1 1 1
 0.88147 1 1 1 1
 0.88147 1 1 1 1
 0.88147 1 1 1 1
 0.88147 1 1 1 1
Sel_reclas
 1 1 1 1 1
 1 1 1 1 1
 1 1 1 1 1
 1 1 1 1 1
 1 1 1 1 1
 1 1 1 1 1
 1 1 1 1 1
 1 1 1 1 1
 1 1 1 1 1
 1 1 1 1 1
 1 1 1 1 1
 1 1 1 1 1
 1 1 1 1 1
 1 1 1 1 1
 1 1 1 1 1
 1 1 1 1 1
 1 1 1 1 1
 1 1 1 1 1
 1 1 1 1 1
 1 1 1 1 1
 1 1 1 1 1
 1 1 1 1 1
 1 1 1 1 1
 1 1 1 1 1
 1 1 1 1 1
 1 1 1 1 1
 1 1 1 1 1
 1 1 1 1 1
 1 1 1 1 1
 1 1 1 1 1
Sel_pelaces
 1 1 1 1 1
 1 1 1 1 1
 1 1 1 1 1
 1 1 1 1 1
 1 1 1 1 1
 1 1 1 1 1
 1 1 1 1 1
 1 1 1 1 1
 1 1 1 1 1
 1 1 1 1 1
 1 1 1 1 1
 1 1 1 1 1
 1 1 1 1 1
 1 1 1 1 1
 1 1 1 1 1
 1 1 1 1 1
 1 1 1 1 1
 1 1 1 1 1
 1 1 1 1 1
 1 1 1 1 1
 1 1 1 1 1
 1 1 1 1 1
 1 1 1 1 1
 1 1 1 1 1
 1 1 1 1 1
 1 1 1 1 1
 1 1 1 1 1
 1 1 1 1 1
 1 1 1 1 1
 1 1 1 1 1
pf_obs 
 0.8446 0.082 0.0669 0.0065 0
 0.8095 0.147 0.0364 0.0071 0
 0.9664 0.0169 0.016 0.0007 0
 0.9276 0.0648 0.0075 0.0001 0
 0.7033 0.2144 0.0806 0.0017 0
 0.9318 0.0425 0.0243 0.0014 0
 0.5671 0.3108 0.0964 0.0239 0.0018
 0.0768 0.2599 0.5324 0.112 0.0189
 0.490249 0.384438 0.106611 0.0170017 0.00170017
 0.7925 0.1577 0.0466 0.003 0.0002
 0.840416 0.127587 0.0312969 0.00059994 9.999e-05
 0.8084 0.0986 0.0794 0.0134 0.0002
 0.7335 0.1905 0.0724 0.0035 0.0001
 0.4001 0.4547 0.1325 0.0127 0
 0.49795 0.308269 0.164784 0.0264974 0.00249975
 0.9179 0.0499 0.0305 0.0017 0
 0.2467 0.6533 0.0926 0.0074 0
 0.9418 0.0223 0.034 0.0019 0
 0.707729 0.231977 0.0356964 0.0245975 0
 0.517169 0.277429 0.184464 0.0207286 0.00020938
 0.811772 0.124168 0.05621 0.00726502 0.000585176
 0.764997 0.148141 0.077277 0.00933861 0.000247198
 0.163321 0.427699 0.378323 0.0303852 0.000271297
 0.753843 0.0900009 0.118128 0.0371064 0.000921714
 0.721811 0.176058 0.0630433 0.0369309 0.00215725
 0.143369 0.312575 0.442814 0.0836902 0.0175525
 0.692698 0.0596174 0.167031 0.0765114 0.00414204
 0.394062 0.376323 0.152708 0.0712218 0.00568511
 0.125707 0.32114 0.495352 0.0537591 0.00404204
 0.23352 0.215282 0.420074 0.123614 0.00750983
pf_pred 
 0.425474 0.112237 0.43833 0.0239588 7.33998e-07
 0.411925 0.269423 0.0622503 0.243113 0.0132888
 0.54841 0.201247 0.114693 0.0264998 0.10915
 0.748411 0.146463 0.0468486 0.0266995 0.031578
 0.64749 0.272971 0.0463036 0.014811 0.0184242
 0.744392 0.173032 0.0639445 0.0108468 0.00778547
 0.477382 0.402229 0.0814961 0.0301172 0.00877559
 0.444145 0.286269 0.207485 0.0420388 0.0200624
 0.525998 0.225802 0.127824 0.0926459 0.0277293
 0.680389 0.179248 0.0668653 0.0378517 0.0356459
 0.795608 0.145316 0.0331316 0.0123592 0.0135851
 0.722964 0.226075 0.0362318 0.00826071 0.00646868
 0.668199 0.249405 0.0672393 0.0107761 0.00438082
 0.607197 0.274914 0.0886133 0.0238901 0.00538523
 0.709242 0.187418 0.072326 0.0233129 0.00770192
 0.9246 0.0557067 0.0126941 0.00489875 0.00210068
 0.392827 0.567174 0.0295514 0.00673397 0.00371307
 0.889943 0.0469171 0.0589809 0.00307307 0.0010864
 0.601321 0.359937 0.0165159 0.0207626 0.00146423
 0.607704 0.249278 0.129119 0.0059247 0.00797337
 0.73228 0.171607 0.0610736 0.0316343 0.00340505
 0.737729 0.198925 0.0406049 0.014451 0.00829089
 0.329349 0.512502 0.119951 0.0244846 0.0137133
 0.741073 0.0931752 0.126665 0.029646 0.00944065
 0.631026 0.282605 0.0310801 0.0422513 0.013038
 0.442485 0.368883 0.144477 0.0158892 0.0282656
 0.736767 0.125138 0.0913715 0.0357865 0.010937
 0.689588 0.236496 0.0351386 0.0256571 0.0131199
 0.34986 0.466297 0.140066 0.020811 0.0229659
 0.437328 0.214157 0.249964 0.0750843 0.0234672
pobs_RECLAS
 0 0 0 0 0
 0 0 0 0 0
 0 0 0 0 0
 0 0 0 0 0
 0 0 0 0 0
 0 0 0 0 0
 0 0 0 0 0
 0 0 0 0 0
 0 0 0 0 0
 0 0 0 0 0
 0.991045 0.00858322 0.000360255 1.14367e-05 0
 0.934742 0.0480273 0.0164251 0.00080598 0
 0.827803 0.169806 0.00239088 0 0
 0.941827 0.0461693 0.0120037 0 0
 0.791401 0.0380133 0.147996 0.0225897 0
 0.846168 0.0940531 0.0597789 0 0
 0.134021 0.677848 0.182769 0.00536245 0
 0.80878 0.0450904 0.141981 0.00414843 0
 0.846168 0.0940531 0.0597789 0 0
 0.905697 0.0802665 0.012482 0.00150086 5.37128e-05
 0.989698 0.0102097 9.19794e-05 0 0
 0.975433 0.0193895 0.00387452 0.00125025 5.28907e-05
 0.303575 0.632131 0.0575291 0.00676475 0
 0.966965 0.00978017 0.0227588 0.000495775 0
 0.843318 0.132988 0.00938335 0.0141283 0.000182051
 0.564624 0.303363 0.111486 0.0197234 0.00080311
 0.826376 0.0876187 0.0782897 0.00655872 0.00115652
 0.89761 0.0855135 0.0140674 0.00269457 0.000114338
 0.34875 0.467042 0.161289 0.0227151 0.000203297
 0.318654 0.224769 0.449479 0.00709798 0
ppred_RECLAS
 0.456803 0.106116 0.414428 0.0226523 6.93973e-07
 0.443241 0.255076 0.0589353 0.230167 0.0125811
 0.579856 0.187234 0.106706 0.0246545 0.101549
 0.771907 0.132785 0.0424735 0.0242061 0.028629
 0.675906 0.250967 0.0425711 0.0136171 0.016939
 0.767965 0.157074 0.0580473 0.00984644 0.00706746
 0.509981 0.37714 0.0764126 0.0282386 0.0082282
 0.475604 0.270067 0.195742 0.0396596 0.0189269
 0.557882 0.210614 0.119226 0.0864141 0.0258641
 0.707818 0.163865 0.0611269 0.0346033 0.0325868
 0.815463 0.1312 0.0299131 0.0111586 0.0122654
 0.748233 0.205454 0.0329269 0.00750721 0.00587864
 0.696296 0.228285 0.0615455 0.00986355 0.00400985
 0.638305 0.253142 0.0815956 0.0219981 0.00495874
 0.735296 0.170623 0.065845 0.0212239 0.00701176
 0.933139 0.0493975 0.0112564 0.00434392 0.00186276
 0.42377 0.53827 0.0280454 0.0063908 0.00352385
 0.901885 0.0418261 0.0525808 0.00273961 0.000968511
 0.631869 0.332357 0.0152504 0.0191717 0.00135204
 0.637942 0.230064 0.119167 0.00546803 0.00735879
 0.756628 0.156 0.0555192 0.0287574 0.00309537
 0.761857 0.180624 0.0368694 0.0131216 0.00752815
 0.358109 0.490524 0.114807 0.0234347 0.0131252
 0.764749 0.0846555 0.115083 0.0269352 0.00857742
 0.660157 0.260292 0.0286263 0.0389155 0.0120086
 0.474035 0.348008 0.136301 0.01499 0.0266661
 0.760707 0.113757 0.0830617 0.0325319 0.00994236
 0.716125 0.216278 0.0321346 0.0234636 0.0119983
 0.379303 0.445179 0.133723 0.0198686 0.0219258
 0.468937 0.202126 0.235922 0.0708663 0.0221489
pobs_PELACES
 0 0 0 0 0
 0 0 0 0 0
 0 0 0 0 0
 0 0 0 0 0
 0 0 0 0 0
 0 0 0 0 0
 0 0 0 0 0
 0 0 0 0 0
 0 0 0 0 0
 0 0 0 0 0
 0 0 0 0 0
 0 0 0 0 0
 0 0 0 0 0
 0 0 0 0 0
 0 0 0 0 0
 0 0 0 0 0
 0.505614 0.472636 0.0217494 0 0
 0 0 0 0 0
 0.443492 0.261883 0.143347 0.151278 0
 0.227955 0.32914 0.350689 0.0885471 0.00366901
 0.970185 0.0296113 0.000203453 0 0
 0.997202 0.00247181 0.000326279 0 0
 0.445219 0.490057 0.0546422 0.010081 0
 0.90214 0.0892962 0.00764917 0.000914606 0
 0 0 0 0 0
 0.581667 0.319106 0.0959925 0.00289975 0.000334073
 0.762889 0.0836404 0.116647 0.0363945 0.000428098
 0.88444 0.0763242 0.0277011 0.0115352 0
 0.521256 0.241999 0.230069 0.00667565 0
 0.616807 0.101726 0.260614 0.0208532 0
ppred_PELACES
 0.457688 0.105943 0.413753 0.0226154 6.92842e-07
 0.444825 0.25435 0.0587676 0.229512 0.0125453
 0.581371 0.186559 0.106322 0.0245656 0.101183
 0.773531 0.131839 0.0421711 0.0240337 0.0284251
 0.676589 0.250438 0.0424813 0.0135884 0.0169033
 0.769073 0.156324 0.05777 0.00979941 0.0070337
 0.513298 0.374587 0.0758954 0.0280474 0.00817251
 0.476112 0.269805 0.195553 0.0396211 0.0189086
 0.559829 0.209686 0.118701 0.0860335 0.0257502
 0.7099 0.162697 0.0606915 0.0343568 0.0323546
 0.81585 0.130925 0.0298504 0.0111352 0.0122397
 0.750505 0.2036 0.0326298 0.00743948 0.0058256
 0.698663 0.226506 0.0610658 0.00978667 0.0039786
 0.642453 0.250239 0.0806599 0.0217458 0.00490188
 0.737621 0.169125 0.0652666 0.0210375 0.00695017
 0.93379 0.0489166 0.0111468 0.00430164 0.00184463
 0.425437 0.536713 0.0279643 0.00637231 0.00351365
 0.902504 0.041562 0.0522488 0.00272231 0.000962395
 0.634224 0.33023 0.0151528 0.019049 0.00134338
 0.639958 0.228784 0.118503 0.00543759 0.00731782
 0.757844 0.155221 0.0552419 0.0286137 0.00307991
 0.763396 0.179457 0.0366311 0.0130367 0.0074795
 0.359258 0.489646 0.114601 0.0233927 0.0131017
 0.765522 0.0843771 0.114705 0.0268466 0.00854921
 0.661147 0.259534 0.0285429 0.0388021 0.0119736
 0.474928 0.347417 0.136069 0.0149645 0.0266208
 0.761481 0.113389 0.0827931 0.0324267 0.00991021
 0.716851 0.215725 0.0320524 0.0234036 0.0119676
 0.380163 0.444563 0.133538 0.019841 0.0218955
 0.470223 0.201637 0.235351 0.0706947 0.0220952
pobs_pel_tallas
 0 0 0 0 0 0 0 0 0 0 0 0 0 0 0 0 0 0 0 0 0 0 0 0 0 0
 0 0 0 0 0 0 0 0 0 0 0 0 0 0 0 0 0 0 0 0 0 0 0 0 0 0
 0 0 0 0 0 0 0 0 0 0 0 0 0 0 0 0 0 0 0 0 0 0 0 0 0 0
 0 0 0 0 0 0 0 0 0 0 0 0 0 0 0 0 0 0 0 0 0 0 0 0 0 0
 0 0 0 0 0 0 0 0 0 0 0 0 0 0 0 0 0 0 0 0 0 0 0 0 0 0
 0 0 0 0 0 0 0 0 0 0 0 0 0 0 0 0 0 0 0 0 0 0 0 0 0 0
 0 0 0 0 0 0 0 0 0 0 0 0 0 0 0 0 0 0 0 0 0 0 0 0 0 0
 0 0 0 0 0 0 0 0 0 0 0 0 0 0 0 0 0 0 0 0 0 0 0 0 0 0
 0 0 0 0 0 0 0 0 0 0 0 0 0 0 0 0 0 0 0 0 0 0 0 0 0 0
 0 0 0 0 0 0 0 0 0 0 0 0 0 0 0 0 0 0 0 0 0 0 0 0 0 0
 0 0 0 0 0 0 0 0 0 0 0 0 0 0 0 0 0 0 0 0 0 0 0 0 0 0
 0 0 0 0 0 0 0 0 0 0 0 0 0 0 0 0 0 0 0 0 0 0 0 0 0 0
 0.00862536 0 0 0.000197151 0.00414017 0.0128641 0.00837892 0.0270097 0.101434 0.158115 0.152841 0.127902 0.109271 0.109419 0.0830992 0.0579132 0.0238553 0.00714673 0.00463305 0.00128148 0.00103504 0.000492878 0.000147863 0.000147863 4.92878e-05 0
 0 0 0 0 0 0 0 0 0 0 0 0 0 0 0 0 0 0 0 0 0 0 0 0 0 0
 0 0 0 0 0 0 0 0.0054083 0.00873648 0.0413646 0.0450493 0.0745869 0.0622846 0.0627006 0.0613931 0.0827291 0.12552 0.122667 0.0946155 0.0697135 0.0546179 0.0294188 0.0215738 0.0213955 0.0102223 0.00600262
 0 0 0 0 0.00359764 0.0251062 0.0480494 0.140153 0.205849 0.193036 0.1447 0.116669 0.0760912 0.0342217 0.00950174 0.001854 0.000860785 0 0 0 0.000165536 0 0.000143464 0 0 0
 0 0 0 0 0 0 0 0.000145254 0.000435761 0.0275982 0.070085 0.0708112 0.156366 0.174668 0.174014 0.160142 0.0824315 0.0480064 0.0283245 0.00493863 0.00203355 0 0 0 0 0
 0 0 0 0 0 0 0 0 0 0 0 0 0 0 0 0 0 0 0 0 0 0 0 0 0 0
 0 0 1.00437e-05 0.000401748 0.00122533 0.00171747 0.00176769 0.0269171 0.070346 0.194647 0.189555 0.159765 0.064822 0.0314167 0.0384472 0.0292271 0.0345202 0.0313363 0.0194345 0.0106764 0.0143323 0.0359363 0.0279516 0.0138201 0.00172751 0
 0 0.0021121 0.0136068 0.0755702 0.200478 0.177729 0.0527432 0.0373336 0.0318909 0.0142505 0.0149659 0.0166563 0.0217959 0.0798694 0.0677717 0.0528807 0.04013 0.0224614 0.0357745 0.0225083 0.00881397 0.00855152 0.00135912 0.000746735 0 0
 0 0 0 0 5.4009e-05 0.00500934 0.000945158 0.0243581 0.138947 0.33067 0.221406 0.137944 0.0707744 0.0437923 0.0131692 0.00525238 0.0047753 0.00276346 9.45158e-05 9.00151e-06 2.25038e-05 9.00151e-06 4.50075e-06 0 0 0
 0.000866109 0.00284123 0.00948549 0.0512746 0.133035 0.25785 0.225252 0.132002 0.0553304 0.0519788 0.0540692 0.017754 0.00435017 0.00159236 0.00146478 0.000404838 0.000125132 0.000115318 0.000107957 0.000100596 0 0 0 0 0 0
 0 0 0 0 0.00144013 0.00171154 0.00461396 0.0210425 0.0478622 0.0707936 0.0888783 0.103762 0.0637923 0.0337046 0.0602308 0.124433 0.169614 0.0934646 0.0462172 0.0250306 0.0313229 0.00938855 0.002487 0.000210481 0 0
 0 0.00764035 0.051015 0.0998891 0.058973 0.0496711 0.0374665 0.0718981 0.12319 0.153886 0.159021 0.0857701 0.0377988 0.023471 0.0147837 0.00900784 0.00315554 0.000888139 0.00291439 0.00214683 0.00393193 0.00274676 0.000635225 9.99891e-05 0 0
 0 0 0 0 0 0 0 0 0 0 0 0 0 0 0 0 0 0 0 0 0 0 0 0 0 0
 0 0 0 0 0 0 0 0 0 0 0 0 0 0 0 0 0 0 0 0 0 0 0 0 0 0
 0 0 0 0 0 0 0 0 0 0 0 0 0 0 0 0 0 0 0 0 0 0 0 0 0 0
 0 0 0 0 0 0 0 0 0 0 0 0 0 0 0 0 0 0 0 0 0 0 0 0 0 0
 0 0 0 0 0 0 0 0 0 0 0 0 0 0 0 0 0 0 0 0 0 0 0 0 0 0
 0 0 0 0 0 0 0 0 0 0 0 0 0 0 0 0 0 0 0 0 0 0 0 0 0 0
ppred_pel_tallas
 1.14236e-16 3.76992e-05 0.000366449 0.00243519 0.01107 0.034443 0.0733848 0.107109 0.10712 0.073438 0.0346235 0.0115993 0.00379359 0.00343034 0.00614454 0.0108476 0.0173621 0.0254448 0.034734 0.0448434 0.0552041 0.0647064 0.0715836 0.0739106 0.0705398 0.0618275
 1.26901e-16 3.66397e-05 0.000356151 0.00236675 0.0107589 0.0334751 0.0713232 0.104104 0.104128 0.0714437 0.0338798 0.0119296 0.00531207 0.00680978 0.0123679 0.0205974 0.0301951 0.0391763 0.0456514 0.0490239 0.0504432 0.0519817 0.055118 0.0596883 0.0639962 0.0658373
 1.22703e-16 4.78868e-05 0.000465477 0.00309326 0.0140615 0.0437507 0.0932161 0.136055 0.136074 0.0933048 0.0440488 0.0149247 0.00526772 0.00523834 0.00919041 0.0153274 0.0225814 0.0295019 0.0346807 0.0375901 0.0389178 0.0400251 0.0419427 0.0446907 0.0473476 0.0486559
 1.08472e-16 6.37147e-05 0.00061933 0.00411567 0.0187092 0.0582114 0.124026 0.181022 0.181035 0.124088 0.0584209 0.019315 0.00563887 0.00395319 0.00642158 0.0105864 0.0154169 0.0197678 0.022534 0.0232561 0.0224015 0.021019 0.0200396 0.0197657 0.0198613 0.0197109
 1.05514e-16 5.57298e-05 0.000541713 0.00359988 0.0163645 0.0509163 0.108483 0.15834 0.158364 0.108601 0.0513126 0.0175096 0.0064749 0.0068208 0.0119896 0.0197569 0.0285139 0.0359874 0.0399054 0.0392403 0.0348231 0.0287657 0.0231678 0.0191152 0.0165498 0.0148005
 1.03881e-16 6.33476e-05 0.000615761 0.00409195 0.0186014 0.057876 0.123311 0.17998 0.179995 0.123385 0.0581244 0.0193196 0.00589761 0.00456686 0.00759461 0.012527 0.0182075 0.0232491 0.0262741 0.0266381 0.0247799 0.0218539 0.0189615 0.0166011 0.0146671 0.0128174
 1.06482e-16 4.22797e-05 0.000410974 0.00273107 0.0124151 0.0386281 0.0823025 0.120131 0.120167 0.0824792 0.0392213 0.014129 0.00703551 0.00981468 0.0179226 0.0296186 0.0427953 0.0541004 0.0601412 0.0593597 0.0529398 0.0439469 0.0354215 0.0289251 0.0243908 0.0209311
 1.12886e-16 3.92168e-05 0.000381201 0.00253322 0.0115157 0.0358296 0.0763398 0.111426 0.111452 0.0764682 0.0362617 0.0127668 0.0056863 0.007306 0.013313 0.0222677 0.0328254 0.0428581 0.0501867 0.0537698 0.0541933 0.0529816 0.0513447 0.0494367 0.0466077 0.04221
 1.16465e-16 4.61124e-05 0.000448229 0.00297864 0.0135405 0.0421296 0.0897623 0.131015 0.131035 0.089862 0.0424648 0.0145108 0.00542303 0.00581362 0.0103234 0.0172275 0.025373 0.0331181 0.038841 0.0418718 0.0428621 0.0431882 0.0438684 0.0448785 0.0453132 0.0441047
 1.10714e-16 5.84735e-05 0.000568384 0.00377711 0.0171702 0.0534229 0.113824 0.166132 0.166148 0.113901 0.0536818 0.0179189 0.0056602 0.00469227 0.00792979 0.0131227 0.0191539 0.0246449 0.0282501 0.0294072 0.0286731 0.0272945 0.0263508 0.0261475 0.026229 0.0258408
 1.04083e-16 6.72005e-05 0.000653213 0.00434083 0.0197328 0.0613961 0.130811 0.190926 0.190938 0.130873 0.0616036 0.0203324 0.00584713 0.00394534 0.00633116 0.0103915 0.0150382 0.0190753 0.021337 0.0213029 0.0194045 0.016714 0.0142682 0.0125573 0.0114784 0.0106345
 1.02726e-16 6.18181e-05 0.000600894 0.00399316 0.0181523 0.0564787 0.120335 0.175636 0.175656 0.12043 0.0568008 0.0190828 0.00632904 0.00570133 0.00975199 0.0160335 0.0231133 0.0291135 0.0321632 0.0314012 0.027482 0.0221172 0.0170361 0.0131766 0.010575 0.00877897
 1.03475e-16 5.7548e-05 0.000559387 0.00371732 0.0168984 0.0525774 0.112023 0.163505 0.163527 0.112129 0.0529365 0.0179363 0.00632483 0.00625893 0.0109035 0.0179906 0.0260408 0.0330184 0.0368774 0.0366591 0.0330297 0.0277642 0.0226193 0.0184932 0.0153656 0.0127882
 1.05403e-16 5.29181e-05 0.000514382 0.00341825 0.0155389 0.0483474 0.10301 0.150351 0.150376 0.103128 0.0487447 0.0166874 0.00630472 0.00682778 0.0120792 0.0199801 0.0289986 0.036933 0.041564 0.041858 0.038539 0.0335034 0.0285768 0.0246125 0.0214678 0.0185856
 1.05213e-16 6.07569e-05 0.000590579 0.0039246 0.0178407 0.0555091 0.118269 0.17262 0.172636 0.118349 0.055778 0.0186183 0.00588004 0.0048709 0.00822406 0.01359 0.0197835 0.0253281 0.0287563 0.0293917 0.027718 0.0249697 0.0222934 0.0201568 0.0183638 0.0164782
 1.01078e-16 7.69151e-05 0.000747642 0.00496834 0.0225854 0.0702715 0.149721 0.218523 0.218528 0.149744 0.070349 0.0228094 0.005531 0.00197723 0.00241604 0.00388286 0.00561073 0.00710868 0.0079337 0.00788529 0.00711813 0.0060278 0.00500151 0.00423005 0.00369158 0.00326081
 1.02178e-16 3.50428e-05 0.000340629 0.0022636 0.01029 0.0320164 0.0682161 0.0995743 0.0996259 0.0684685 0.0328634 0.0127357 0.00839869 0.0137209 0.0254093 0.0418533 0.0600582 0.0750416 0.0817491 0.077852 0.0651608 0.0484566 0.0327157 0.0208595 0.0133125 0.00898195
 1.01955e-16 7.43381e-05 0.000722593 0.00480188 0.0218287 0.0679171 0.144705 0.211202 0.211206 0.144725 0.0679843 0.0220238 0.00529506 0.00181062 0.00217406 0.00356328 0.00532722 0.00711695 0.00861555 0.00965245 0.0102555 0.0105443 0.0105681 0.0102459 0.00945735 0.00818414
 1.0266e-16 5.22403e-05 0.000507794 0.00337447 0.0153399 0.0477282 0.101691 0.148428 0.14846 0.101847 0.0482495 0.0168448 0.00714992 0.00874252 0.0156708 0.025771 0.0369963 0.0462722 0.0505106 0.0483087 0.0408079 0.0309599 0.0218015 0.0150612 0.0108968 0.00852815
 1.05262e-16 5.27125e-05 0.000512385 0.00340498 0.0154785 0.0481596 0.10261 0.149767 0.149789 0.102718 0.0485242 0.0165332 0.00605871 0.00632654 0.0111563 0.01852 0.0270441 0.034777 0.0397331 0.0409465 0.0389573 0.0352783 0.03132 0.0276719 0.0241761 0.0204842
 1.05025e-16 6.24226e-05 0.00060677 0.0040322 0.0183298 0.0570309 0.121511 0.177352 0.177367 0.121584 0.0572776 0.0190432 0.00582591 0.00453253 0.00754807 0.012459 0.0181299 0.0232009 0.0263294 0.0269067 0.0253945 0.022944 0.0206146 0.0188216 0.0173486 0.0157472
 1.03677e-16 6.28799e-05 0.000611215 0.00406174 0.0184641 0.0574488 0.122401 0.178652 0.178669 0.122486 0.057733 0.0192853 0.00612417 0.0051171 0.00863113 0.0141981 0.0205155 0.0259467 0.0288697 0.0285449 0.0255473 0.0213506 0.0174104 0.0144646 0.0124602 0.0109442
 1.07996e-16 2.95917e-05 0.000287642 0.00191149 0.00868937 0.0270361 0.057605 0.0840861 0.0841334 0.057836 0.027812 0.0109312 0.00754247 0.0125922 0.0234335 0.0387863 0.0560877 0.0709889 0.0790589 0.0782395 0.0700264 0.0583528 0.0471251 0.0383605 0.0320151 0.0270328
 1.07471e-16 6.30551e-05 0.000612918 0.00407305 0.0185155 0.0576087 0.122742 0.179147 0.179155 0.122782 0.0577457 0.0189133 0.00507969 0.00283776 0.00436888 0.00733379 0.0110532 0.0149396 0.0184184 0.0212043 0.0233848 0.0251733 0.0265574 0.0271848 0.0265851 0.0245206
 1.06808e-16 5.44579e-05 0.00052935 0.00351772 0.015991 0.0497542 0.106008 0.154726 0.154751 0.10613 0.0501646 0.0171765 0.00649365 0.00702678 0.0123978 0.0204214 0.0294465 0.0371189 0.0410981 0.0403579 0.0358226 0.0297499 0.0243554 0.0207354 0.0187199 0.0174528
 1.10022e-16 3.91193e-05 0.000380253 0.00252692 0.011487 0.0357406 0.0761503 0.111151 0.111184 0.0763147 0.0362929 0.0130841 0.00654256 0.00916903 0.0167971 0.0278812 0.0405682 0.0518729 0.0587568 0.0597994 0.0559737 0.0498268 0.0437723 0.038877 0.0348662 0.0309462
 1.07348e-16 6.27222e-05 0.000609682 0.00405155 0.0184178 0.0573046 0.122094 0.178202 0.178213 0.122148 0.0574863 0.0189441 0.00537847 0.00352536 0.00565635 0.00940023 0.0138861 0.0182068 0.0214771 0.0232973 0.0239427 0.0240559 0.0241007 0.0240454 0.0234837 0.0220106
 1.05353e-16 5.90461e-05 0.00057395 0.0038141 0.0173383 0.0539461 0.114939 0.167761 0.167782 0.11504 0.0542875 0.0183244 0.00628995 0.00598095 0.0103348 0.0170115 0.0245498 0.0309874 0.034377 0.0338522 0.0301522 0.0251149 0.0205492 0.0173604 0.015439 0.0141355
 1.09663e-16 3.13136e-05 0.00030438 0.00202271 0.00919498 0.0286092 0.0609566 0.0889769 0.0890199 0.0611666 0.0293146 0.0112339 0.00714615 0.0115074 0.0213622 0.0354091 0.0513391 0.0652622 0.0732127 0.0733437 0.0669666 0.0575223 0.0483661 0.0411341 0.0356546 0.0309428
 1.17673e-16 3.87317e-05 0.000376486 0.00250188 0.0113732 0.0353863 0.0753951 0.110045 0.110065 0.0754919 0.0357124 0.0123195 0.00489434 0.00565578 0.0102317 0.0172921 0.0259372 0.0347932 0.0424516 0.0482457 0.0524908 0.055895 0.0586684 0.0601537 0.0592692 0.0553153
pSPR Fmed_Fpbrs
0.725884   0.194518 0.194518
Fs Fmed_Fpbrs
0.161384   1.005 1.005
SSBpbr Bo_Bmed_Bpbrs
2.45165e+06  1.65703e+06  354307 354307
Ro
224655
SPR SPRFo_SPRFmed_SPRFpbrs
1.59918e+06 1.16082e+06 311069
Fref
1.005
log_Ro
12.1423
likeval ReclasPelacesDesembMPH_pf_preclas_ppelaces_ptallas_desvR_qrecl_qpela
 15.6453 16.8918 0.0950963 0.000808949 229.107 106.743 76.5577 0 22.5437 1.13554e-05 4.04165e-06 0.484373 0 0 0
q_reclas_q_pelaces
0.620325 0.75125
M
1
N
 238954 55810.3 217962 11913.7 0.364985
 139595 81118.9 18742.5 73197.4 4001.04
 136333 44438.6 25326 5851.58 24102
 249888 43592.7 13943.9 7946.76 9398.79
 200056 74633.9 12660 4049.52 5037.42
 332245 68599.5 25351.2 4300.28 3086.6
 140768 106215 21520.4 7952.95 2317.34
 67411.6 38397.4 27830.2 5638.7 2690.98
 61994.1 23686 13408.4 9718.28 2908.72
 81200.3 19087.9 7120.39 4030.77 3795.88
 147347 23799.2 5426.14 2024.13 2224.9
 182913 51154 8198.16 1869.15 1463.67
 153642 51236.2 13813.2 2213.77 899.968
 107703 43894.8 14148.7 3814.47 859.846
 111738 26403.4 10189.3 3284.32 1085.05
 583452 31380.5 7150.77 2759.54 1183.35
 132063 169488 8830.84 2012.31 1109.58
 888762 41658.4 52369.9 2728.63 964.627
 522542 279108 12807 16100.1 1135.42
 418562 152959 79228.5 3635.45 4892.53
 607252 126463 45007.2 23312.4 2509.29
 801404 192464 39286.1 13981.6 8021.6
 176366 243415 56971.1 11629.1 6513.17
 520296 57972.2 78809.2 18445.3 5873.83
 437624 173708 19104 25970.6 8014.05
 197447 145743 57081.4 6277.67 11167.5
 445183 67004 48924.1 19161.6 5856.15
 490018 148795 22107.9 16142.5 8254.59
 140921 166313 49957.1 7422.63 8191.2
 109911 47747.3 55730.7 16740.4 5232.12
pred_Ctot
 11739.7 3096.84 12094.4 661.073 0.0202525
 12023.9 7864.33 1817.06 7096.35 387.894
 11404.4 4185.03 2385.09 551.075 2269.81
 30226.2 5915.21 1892.08 1078.32 1275.34
 8635.97 3640.79 617.58 197.544 245.735
 27828.3 6468.6 2390.49 405.495 291.051
 23571.1 19860.4 4023.93 1487.06 433.301
 1920.32 1237.72 897.089 181.76 86.7423
 6482.86 2782.98 1575.42 1141.85 341.76
 10629.5 2800.33 1044.61 591.345 556.885
 5269.21 962.412 219.426 81.8532 89.9721
 28202.9 8819.23 1413.41 322.252 252.344
 22147.6 8266.58 2228.66 357.175 145.203
 23471.3 10626.8 3425.36 923.474 208.167
 17082.3 4514.01 1741.99 561.499 185.503
 79089.7 4765.11 1085.84 419.036 179.691
 12049 17396.7 906.416 206.548 113.889
 83287 4390.83 5519.84 287.599 101.672
 68750.1 41152.2 1888.29 2373.83 167.408
 48048.1 19709.2 10208.8 468.436 630.414
 53800.2 12607.8 4487.04 2324.16 250.167
 89720.1 24192.6 4938.24 1757.48 1008.31
 11981.6 18644.6 4363.75 890.739 498.882
 30651.8 3853.85 5239.04 1226.2 390.478
 26418.3 11831.4 1301.19 1768.88 545.843
 9742.56 8122.01 3181.06 349.845 622.348
 25940.6 4405.94 3217.07 1260 385.079
 24136.3 8277.59 1229.88 898.022 459.21
 7083.17 9440.52 2835.75 421.335 464.962
 7704.56 3772.88 4403.71 1322.79 413.43
F
 0.0803562 0.0911616 0.0911616 0.0911616 0.0911616
 0.144635 0.164084 0.164084 0.164084 0.164084
 0.140213 0.159068 0.159068 0.159068 0.159068
 0.208417 0.236442 0.236442 0.236442 0.236442
 0.0703136 0.0797685 0.0797685 0.0797685 0.0797685
 0.140404 0.159284 0.159284 0.159284 0.159284
 0.299126 0.339349 0.339349 0.339349 0.339349
 0.0459348 0.0521116 0.0521116 0.0521116 0.0521116
 0.177986 0.20192 0.20192 0.20192 0.20192
 0.227265 0.257825 0.257825 0.257825 0.257825
 0.0579518 0.0657445 0.0657445 0.0657445 0.0657445
 0.272562 0.309213 0.309213 0.309213 0.309213
 0.252828 0.286826 0.286826 0.286826 0.286826
 0.405882 0.46046 0.46046 0.46046 0.46046
 0.269969 0.306272 0.306272 0.306272 0.306272
 0.236177 0.267936 0.267936 0.267936 0.267936
 0.153774 0.174452 0.174452 0.174452 0.174452
 0.15823 0.179507 0.179507 0.179507 0.179507
 0.228533 0.259263 0.259263 0.259263 0.259263
 0.196877 0.223351 0.223351 0.223351 0.223351
 0.149036 0.169077 0.169077 0.169077 0.169077
 0.191599 0.217363 0.217363 0.217363 0.217363
 0.112596 0.127737 0.127737 0.127737 0.127737
 0.097019 0.110065 0.110065 0.110065 0.110065
 0.0995179 0.1129 0.1129 0.1129 0.1129
 0.080717 0.0915709 0.0915709 0.0915709 0.0915709
 0.0959172 0.108815 0.108815 0.108815 0.108815
 0.0805701 0.0914043 0.0914043 0.0914043 0.0914043
 0.082276 0.0933396 0.0933396 0.0933396 0.0933396
 0.116358 0.132005 0.132005 0.132005 0.132005
nmprior
 8 8 7 0
nm_flota  nm_reclas  nm_pelaces    nm_pelaL
inf 11.5113 15.3417 26.4879
cv_recla  cv_pelaces  cv_mph
0.366201 0.483619 0.87774
 ------------------------------------------------
Talla a la edad & desviación 
 8 13.2811 15.8009 17.003 17.5766
 0.8 1.32811 1.58009 1.7003 1.75766
