years
 1991 1992 1993 1994 1995 1996 1997 1998 1999 2000 2001 2002 2003 2004 2005 2006 2007 2008 2009 2010 2011 2012 2013 2014 2015 2016 2017 2018 2019 2020
reclasobs
 0 0 0 0 0 0 0 0 0 252601 567819 844713 477998 351125 339783 2.1784e+06 2.13404e+06 4.81314e+06 1.55562e+06 2.62356e+06 3.21686e+06 3.843e+06 1.13348e+06 3.07943e+06 1.97215e+06 2.03268e+06 2.025e+06 2.42433e+06 2.27542e+06 1.05018e+06
reclaspred
 2.71615e+06 1.06283e+06 551395 284184 62484.2 927836 314548 90970.3 347217 151739 275240 485758 437235 297881 234777 1.18093e+06 821829 3.29451e+06 2.45737e+06 1.21708e+06 2.46495e+06 2.26519e+06 1.37412e+06 2.59259e+06 1.74209e+06 1.12273e+06 1.69894e+06 2.24499e+06 1.62204e+06 643490
pelacesobs
 0 0 0 0 0 0 0 0 0 0 0 0 0 0 0 552880 188675 0 991730 2.46772e+06 1.41603e+06 1.21717e+06 2.29649e+06 1.80582e+06 0 1.4828e+06 1.56532e+06 1.57751e+06 1.42118e+06 867257
pelacespred
 1.32727e+06 550043 251881 83252.4 18920.6 407523 97074.2 38091.5 143164 52523 122716 182669 178909 120720 95439 452685 315761 1.56138e+06 1.14692e+06 552166 1.0727e+06 996639 607880 1.31141e+06 843256 536801 936462 1.20177e+06 723121 337104
mphobs
 0 0 0 0 0 0 0 0 0 0 0 498337 0 5186 125008 0 168611 109162 213762 579715 649985 157893 87575 83554 0 0 0 0 0 0
mphpred
 2.87707e+06 1.42328e+06 421363 293115 90081.7 18586.4 462758 99867 36256.7 162991 48664.6 180730 252951 177979 91787.9 95288.2 754462 469399 1.96729e+06 1.22249e+06 804560 1.27306e+06 1.34571e+06 825353 1.45957e+06 1.02044e+06 596636 880296 1.55156e+06 833622
desembarqueobs
 494567 514787 250237 358949 120608 361735 552515 73892 212993 205616 52469 317467 293654 387597 252695 516296 358380 742168 942051 627588 828172 859565 418607 520667 417249 300574 407403 355545 319650 289779
desembarquepred
 494540 514973 249429 358820 120541 361553 551769 73863.5 212854 205429 52462.5 317262 293435 387090 252472 516014 358287 741866 941119 626793 827784 858973 418425 520520 417054 300419 407242 355426 319531 289644
Reclutas
 17052.4 10842.3 182602 16763.7 6706.85 281351 11620 2848.92 65823 16792.5 76607.1 144329 88794.2 67918.4 51512.9 443758 16224.5 901577 292187 121812 445619 592572 21916.3 349370 198908 44663.9 269488 332602 19725.2 9254.77
log_desv_Rt
 -1.38203 -1.83486 0.988996 -1.3991 -2.31519 1.42129 -1.76558 -3.17138 -0.0313461 -1.39738 0.120375 0.753778 0.268006 -7.29083e-06 -0.276483 1.87696 -1.43179 2.58583 1.45908 0.584166 1.88115 2.16616 -1.13108 1.63782 1.07453 -0.419149 1.37821 1.58863 -1.23642 -1.99318
SSB
 2.87707e+06 1.42328e+06 421363 293115 90081.7 18586.4 462758 99867 36256.7 162991 48664.6 180730 252951 177979 91787.9 95288.2 754462 469399 1.96729e+06 1.22249e+06 804560 1.27306e+06 1.34571e+06 825353 1.45957e+06 1.02044e+06 596636 880296 1.55156e+06 833622
BT
 3.51175e+06 1.82537e+06 823985 461070 152050 1.26131e+06 710611 158381 521177 306426 327184 683198 676127 681563 472705 1.45195e+06 1.01149e+06 4.26954e+06 3.53228e+06 1.88079e+06 3.18206e+06 3.0708e+06 1.76532e+06 3.5178e+06 2.33596e+06 1.51605e+06 2.58884e+06 3.12353e+06 1.93525e+06 1.09133e+06
Ftot
 0.172618 0.44654 0.455075 1.08376 1.54159 0.430964 1.40921 0.738104 0.655344 1.17573 0.209929 0.661827 0.658622 1.21497 1.05735 0.476347 0.407173 0.24734 0.374485 0.491175 0.349929 0.386977 0.287527 0.214181 0.237031 0.258528 0.255525 0.169294 0.186996 0.418319
BD_Bspro_t
 0.972759 0.78401 0.505368 0.445097 0.171743 0.0580778 0.47286 0.144509 0.0845217 0.309066 0.158988 0.511146 0.434062 0.308556 0.181651 0.194413 0.527163 0.407612 0.675134 0.530702 0.396362 0.506068 0.542218 0.461754 0.629201 0.602718 0.541414 0.658624 0.752408 0.621747
BD_Bspro
 5.95084 2.94386 0.871533 0.606268 0.186322 0.0384435 0.957153 0.206561 0.0749921 0.337125 0.100656 0.373816 0.523196 0.368126 0.189851 0.197091 1.5605 0.970888 4.06907 2.52855 1.66412 2.63315 2.78341 1.70713 3.01891 2.11063 1.23406 1.82077 3.20919 1.72423
BD_Bo
 1.58361 0.783406 0.231928 0.161337 0.0495831 0.0102304 0.254713 0.0549692 0.0199566 0.0897141 0.0267861 0.0994782 0.13923 0.097964 0.0505222 0.0524489 0.415274 0.258368 1.08284 0.672886 0.442849 0.700721 0.740709 0.454294 0.80338 0.561672 0.328403 0.484536 0.854016 0.458845
BD_Brms
 10.2981 5.09441 1.50821 1.04916 0.322434 0.0665274 1.65637 0.357459 0.129775 0.583402 0.174187 0.646897 0.905401 0.63705 0.328541 0.34107 2.70048 1.68014 7.04162 4.37571 2.8798 4.55672 4.81675 2.95423 5.2243 3.6525 2.13557 3.15089 5.55358 2.98383
Sel_flota
 0.835196 1 1 1 1
 0.835196 1 1 1 1
 0.835196 1 1 1 1
 0.835196 1 1 1 1
 0.835196 1 1 1 1
 0.835196 1 1 1 1
 0.835196 1 1 1 1
 0.835196 1 1 1 1
 0.835196 1 1 1 1
 0.835196 1 1 1 1
 0.835196 1 1 1 1
 0.835196 1 1 1 1
 0.835196 1 1 1 1
 0.835196 1 1 1 1
 0.835196 1 1 1 1
 0.835196 1 1 1 1
 0.835196 1 1 1 1
 0.835196 1 1 1 1
 0.835196 1 1 1 1
 0.835196 1 1 1 1
 0.835196 1 1 1 1
 0.835196 1 1 1 1
 0.835196 1 1 1 1
 0.835196 1 1 1 1
 0.835196 1 1 1 1
 0.835196 1 1 1 1
 0.835196 1 1 1 1
 0.835196 1 1 1 1
 0.835196 1 1 1 1
 0.835196 1 1 1 1
Sel_reclas
 1 1 1 1 1
 1 1 1 1 1
 1 1 1 1 1
 1 1 1 1 1
 1 1 1 1 1
 1 1 1 1 1
 1 1 1 1 1
 1 1 1 1 1
 1 1 1 1 1
 1 1 1 1 1
 1 1 1 1 1
 1 1 1 1 1
 1 1 1 1 1
 1 1 1 1 1
 1 1 1 1 1
 1 1 1 1 1
 1 1 1 1 1
 1 1 1 1 1
 1 1 1 1 1
 1 1 1 1 1
 1 1 1 1 1
 1 1 1 1 1
 1 1 1 1 1
 1 1 1 1 1
 1 1 1 1 1
 1 1 1 1 1
 1 1 1 1 1
 1 1 1 1 1
 1 1 1 1 1
 1 1 1 1 1
Sel_pelaces
 1 1 1 1 1
 1 1 1 1 1
 1 1 1 1 1
 1 1 1 1 1
 1 1 1 1 1
 1 1 1 1 1
 1 1 1 1 1
 1 1 1 1 1
 1 1 1 1 1
 1 1 1 1 1
 1 1 1 1 1
 1 1 1 1 1
 1 1 1 1 1
 1 1 1 1 1
 1 1 1 1 1
 1 1 1 1 1
 1 1 1 1 1
 1 1 1 1 1
 1 1 1 1 1
 1 1 1 1 1
 1 1 1 1 1
 1 1 1 1 1
 1 1 1 1 1
 1 1 1 1 1
 1 1 1 1 1
 1 1 1 1 1
 1 1 1 1 1
 1 1 1 1 1
 1 1 1 1 1
 1 1 1 1 1
pf_obs 
 0.8446 0.082 0.0669 0.0065 0
 0.8095 0.147 0.0364 0.0071 0
 0.9664 0.0169 0.016 0.0007 0
 0.9276 0.0648 0.0075 0.0001 0
 0.7033 0.2144 0.0806 0.0017 0
 0.9318 0.0425 0.0243 0.0014 0
 0.5671 0.3108 0.0964 0.0239 0.0018
 0.0768 0.2599 0.5324 0.112 0.0189
 0.490249 0.384438 0.106611 0.0170017 0.00170017
 0.7925 0.1577 0.0466 0.003 0.0002
 0.840416 0.127587 0.0312969 0.00059994 9.999e-05
 0.8084 0.0986 0.0794 0.0134 0.0002
 0.7335 0.1905 0.0724 0.0035 0.0001
 0.4001 0.4547 0.1325 0.0127 0
 0.49795 0.308269 0.164784 0.0264974 0.00249975
 0.9179 0.0499 0.0305 0.0017 0
 0.2467 0.6533 0.0926 0.0074 0
 0.9418 0.0223 0.034 0.0019 0
 0.707729 0.231977 0.0356964 0.0245975 0
 0.517169 0.277429 0.184464 0.0207286 0.00020938
 0.811772 0.124168 0.05621 0.00726502 0.000585176
 0.764997 0.148141 0.077277 0.00933861 0.000247198
 0.163321 0.427699 0.378323 0.0303852 0.000271297
 0.753843 0.0900009 0.118128 0.0371064 0.000921714
 0.721811 0.176058 0.0630433 0.0369309 0.00215725
 0.143369 0.312575 0.442814 0.0836902 0.0175525
 0.692698 0.0596174 0.167031 0.0765114 0.00414204
 0.394062 0.376323 0.152708 0.0712218 0.00568511
 0.125707 0.32114 0.495352 0.0537591 0.00404204
 0.23352 0.215282 0.420074 0.123614 0.00750983
pf_pred 
 0.0746659 0.222047 0.626037 0.0772501 6.76797e-07
 0.133058 0.0775647 0.189422 0.534055 0.0659006
 0.902107 0.0157855 0.00734609 0.01794 0.0568213
 0.229755 0.70889 0.0098937 0.00460421 0.0468571
 0.410782 0.168814 0.386916 0.00540003 0.0280879
 0.994375 0.002803 0.000808609 0.0018533 0.000160405
 0.126052 0.870012 0.00196105 0.000565723 0.00140884
 0.240931 0.127594 0.628631 0.00141696 0.00142673
 0.967144 0.00956179 0.00391554 0.0192911 8.72656e-05
 0.510138 0.47721 0.00368202 0.00150778 0.00746214
 0.942661 0.0336205 0.0231055 0.000178276 0.000434305
 0.834878 0.157294 0.00458964 0.0031542 8.36252e-05
 0.686498 0.271609 0.0399072 0.00116444 0.000821468
 0.70359 0.218549 0.0674565 0.00991131 0.000493218
 0.794108 0.157406 0.0357493 0.0110343 0.00170193
 0.976107 0.0200246 0.00295779 0.000671759 0.000239323
 0.110643 0.872364 0.0142415 0.00210359 0.000647964
 0.960325 0.00533001 0.0336887 0.000549976 0.000106259
 0.472719 0.510105 0.00230749 0.0145847 0.0002841
 0.412989 0.309401 0.268566 0.00121488 0.00782829
 0.857416 0.0669629 0.0398584 0.0345979 0.00116498
 0.785199 0.1894 0.0119291 0.00710059 0.00637098
 0.0883494 0.747398 0.144829 0.00912188 0.0103014
 0.832725 0.0178417 0.12251 0.0237397 0.00318376
 0.574215 0.36571 0.00640768 0.0439983 0.00966933
 0.282542 0.44702 0.232281 0.00406985 0.0340872
 0.849316 0.0491271 0.0632763 0.0328798 0.00540118
 0.754011 0.214935 0.0101244 0.0130403 0.00788915
 0.110199 0.701739 0.164322 0.00774025 0.0160009
 0.143707 0.112357 0.586703 0.137384 0.0198493
pobs_RECLAS
 0 0 0 0 0
 0 0 0 0 0
 0 0 0 0 0
 0 0 0 0 0
 0 0 0 0 0
 0 0 0 0 0
 0 0 0 0 0
 0 0 0 0 0
 0 0 0 0 0
 0 0 0 0 0
 0.991045 0.00858322 0.000360255 1.14367e-05 0
 0.934742 0.0480273 0.0164251 0.00080598 0
 0.827803 0.169806 0.00239088 0 0
 0.941827 0.0461693 0.0120037 0 0
 0.791401 0.0380133 0.147996 0.0225897 0
 0.846168 0.0940531 0.0597789 0 0
 0.134021 0.677848 0.182769 0.00536245 0
 0.80878 0.0450904 0.141981 0.00414843 0
 0.846168 0.0940531 0.0597789 0 0
 0.905697 0.0802665 0.012482 0.00150086 5.37128e-05
 0.989698 0.0102097 9.19794e-05 0 0
 0.975433 0.0193895 0.00387452 0.00125025 5.28907e-05
 0.303575 0.632131 0.0575291 0.00676475 0
 0.966965 0.00978017 0.0227588 0.000495775 0
 0.843318 0.132988 0.00938335 0.0141283 0.000182051
 0.564624 0.303363 0.111486 0.0197234 0.00080311
 0.826376 0.0876187 0.0782897 0.00655872 0.00115652
 0.89761 0.0855135 0.0140674 0.00269457 0.000114338
 0.34875 0.467042 0.161289 0.0227151 0.000203297
 0.318654 0.224769 0.449479 0.00709798 0
ppred_RECLAS
 0.0883173 0.218771 0.616801 0.0761105 6.66812e-07
 0.156338 0.0754818 0.184335 0.519714 0.0641309
 0.917551 0.0132952 0.00618717 0.0151098 0.0478571
 0.268603 0.673136 0.0093947 0.00437199 0.0444938
 0.466575 0.152829 0.350279 0.0048887 0.0254282
 0.995335 0.00232463 0.000670611 0.00153702 0.00013303
 0.152475 0.843709 0.00190176 0.00054862 0.00136625
 0.278636 0.121256 0.597405 0.00134658 0.00135586
 0.972778 0.00792215 0.00324412 0.0159831 7.23015e-05
 0.562673 0.426032 0.00328714 0.00134608 0.00666187
 0.951809 0.0282571 0.0194195 0.000149836 0.000365021
 0.85993 0.13343 0.00389332 0.00267566 7.0938e-05
 0.726674 0.236802 0.034793 0.00101521 0.000716196
 0.746011 0.187271 0.0578025 0.00849286 0.000422631
 0.825904 0.133098 0.0302286 0.00933025 0.0014391
 0.980143 0.0166416 0.0024581 0.000558271 0.000198892
 0.130488 0.852898 0.0139238 0.00205665 0.000633505
 0.966776 0.00446332 0.0282108 0.000460547 8.89804e-05
 0.519382 0.464962 0.00210329 0.013294 0.000258958
 0.45957 0.28485 0.247255 0.00111847 0.0072071
 0.878708 0.0569633 0.0339064 0.0294314 0.000991014
 0.815071 0.16306 0.0102701 0.00611312 0.00548498
 0.104424 0.73422 0.142276 0.00896104 0.0101197
 0.856754 0.0152787 0.104911 0.0203294 0.00272641
 0.618462 0.327705 0.0057418 0.039426 0.0086645
 0.321363 0.422832 0.219713 0.00384964 0.0322427
 0.871418 0.041921 0.0539948 0.0280569 0.00460892
 0.786312 0.186712 0.00879494 0.011328 0.00685322
 0.129467 0.686543 0.160763 0.00757264 0.0156544
 0.168396 0.109117 0.569787 0.133423 0.019277
pobs_PELACES
 0 0 0 0 0
 0 0 0 0 0
 0 0 0 0 0
 0 0 0 0 0
 0 0 0 0 0
 0 0 0 0 0
 0 0 0 0 0
 0 0 0 0 0
 0 0 0 0 0
 0 0 0 0 0
 0 0 0 0 0
 0 0 0 0 0
 0 0 0 0 0
 0 0 0 0 0
 0 0 0 0 0
 0 0 0 0 0
 0.505614 0.472636 0.0217494 0 0
 0 0 0 0 0
 0.443492 0.261883 0.143347 0.151278 0
 0.227955 0.32914 0.350689 0.0885471 0.00366901
 0.970185 0.0296113 0.000203453 0 0
 0.997202 0.00247181 0.000326279 0 0
 0.445219 0.490057 0.0546422 0.010081 0
 0.90214 0.0892962 0.00764917 0.000914606 0
 0 0 0 0 0
 0.581667 0.319106 0.0959925 0.00289975 0.000334073
 0.762889 0.0836404 0.116647 0.0363945 0.000428098
 0.88444 0.0763242 0.0277011 0.0115352 0
 0.521256 0.241999 0.230069 0.00667565 0
 0.616807 0.101726 0.260614 0.0208532 0
ppred_PELACES
 0.0890761 0.218589 0.616287 0.0760471 6.66257e-07
 0.159568 0.0751928 0.18363 0.517724 0.0638854
 0.919404 0.0129964 0.00604811 0.0147702 0.0467815
 0.280339 0.662335 0.00924395 0.00430184 0.0437799
 0.487488 0.146837 0.336546 0.00469704 0.0244313
 0.995442 0.00227103 0.000655147 0.00150157 0.000129962
 0.162644 0.833585 0.00187894 0.000542036 0.00134985
 0.286776 0.119888 0.590664 0.00133138 0.00134056
 0.973706 0.00765206 0.00313351 0.0154382 6.98366e-05
 0.578339 0.41077 0.00316939 0.00129786 0.00642323
 0.95233 0.0279516 0.0192096 0.000148216 0.000361075
 0.864209 0.129354 0.00377437 0.00259391 6.87706e-05
 0.73373 0.230688 0.0338948 0.000989004 0.000697706
 0.758326 0.178191 0.0549998 0.00808105 0.000402139
 0.834018 0.126895 0.0288197 0.0088954 0.00137203
 0.980641 0.0162243 0.00239645 0.00054427 0.000193904
 0.133021 0.850414 0.0138832 0.00205065 0.00063166
 0.967206 0.00440564 0.0278462 0.000454595 8.78304e-05
 0.524464 0.460046 0.00208105 0.0131534 0.00025622
 0.466211 0.281349 0.244216 0.00110473 0.00711853
 0.880722 0.0560176 0.0333435 0.0289427 0.000974561
 0.818223 0.160282 0.0100951 0.00600895 0.00539151
 0.105896 0.733013 0.142042 0.00894632 0.0101031
 0.858178 0.0151268 0.103868 0.0201274 0.00269931
 0.6215 0.325097 0.00569609 0.0391122 0.00859552
 0.324437 0.420917 0.218718 0.0038322 0.0320967
 0.872968 0.0414159 0.0533443 0.0277189 0.00455339
 0.787855 0.185364 0.00873143 0.0112462 0.00680373
 0.130617 0.685636 0.160551 0.00756263 0.0156337
 0.171606 0.108696 0.567587 0.132908 0.0192026
pobs_pel_tallas
 0 0 0 0 0 0 0 0 0 0 0 0 0 0 0 0 0 0 0 0 0 0 0 0 0 0
 0 0 0 0 0 0 0 0 0 0 0 0 0 0 0 0 0 0 0 0 0 0 0 0 0 0
 0 0 0 0 0 0 0 0 0 0 0 0 0 0 0 0 0 0 0 0 0 0 0 0 0 0
 0 0 0 0 0 0 0 0 0 0 0 0 0 0 0 0 0 0 0 0 0 0 0 0 0 0
 0 0 0 0 0 0 0 0 0 0 0 0 0 0 0 0 0 0 0 0 0 0 0 0 0 0
 0 0 0 0 0 0 0 0 0 0 0 0 0 0 0 0 0 0 0 0 0 0 0 0 0 0
 0 0 0 0 0 0 0 0 0 0 0 0 0 0 0 0 0 0 0 0 0 0 0 0 0 0
 0 0 0 0 0 0 0 0 0 0 0 0 0 0 0 0 0 0 0 0 0 0 0 0 0 0
 0 0 0 0 0 0 0 0 0 0 0 0 0 0 0 0 0 0 0 0 0 0 0 0 0 0
 0 0 0 0 0 0 0 0 0 0 0 0 0 0 0 0 0 0 0 0 0 0 0 0 0 0
 0 0 0 0 0 0 0 0 0 0 0 0 0 0 0 0 0 0 0 0 0 0 0 0 0 0
 0 0 0 0 0 0 0 0 0 0 0 0 0 0 0 0 0 0 0 0 0 0 0 0 0 0
 0.00862536 0 0 0.000197151 0.00414017 0.0128641 0.00837892 0.0270097 0.101434 0.158115 0.152841 0.127902 0.109271 0.109419 0.0830992 0.0579132 0.0238553 0.00714673 0.00463305 0.00128148 0.00103504 0.000492878 0.000147863 0.000147863 4.92878e-05 0
 0 0 0 0 0 0 0 0 0 0 0 0 0 0 0 0 0 0 0 0 0 0 0 0 0 0
 0 0 0 0 0 0 0 0.0054083 0.00873648 0.0413646 0.0450493 0.0745869 0.0622846 0.0627006 0.0613931 0.0827291 0.12552 0.122667 0.0946155 0.0697135 0.0546179 0.0294188 0.0215738 0.0213955 0.0102223 0.00600262
 0 0 0 0 0.00359764 0.0251062 0.0480494 0.140153 0.205849 0.193036 0.1447 0.116669 0.0760912 0.0342217 0.00950174 0.001854 0.000860785 0 0 0 0.000165536 0 0.000143464 0 0 0
 0 0 0 0 0 0 0 0.000145254 0.000435761 0.0275982 0.070085 0.0708112 0.156366 0.174668 0.174014 0.160142 0.0824315 0.0480064 0.0283245 0.00493863 0.00203355 0 0 0 0 0
 0 0 0 0 0 0 0 0 0 0 0 0 0 0 0 0 0 0 0 0 0 0 0 0 0 0
 0 0 1.00437e-05 0.000401748 0.00122533 0.00171747 0.00176769 0.0269171 0.070346 0.194647 0.189555 0.159765 0.064822 0.0314167 0.0384472 0.0292271 0.0345202 0.0313363 0.0194345 0.0106764 0.0143323 0.0359363 0.0279516 0.0138201 0.00172751 0
 0 0.0021121 0.0136068 0.0755702 0.200478 0.177729 0.0527432 0.0373336 0.0318909 0.0142505 0.0149659 0.0166563 0.0217959 0.0798694 0.0677717 0.0528807 0.04013 0.0224614 0.0357745 0.0225083 0.00881397 0.00855152 0.00135912 0.000746735 0 0
 0 0 0 0 5.4009e-05 0.00500934 0.000945158 0.0243581 0.138947 0.33067 0.221406 0.137944 0.0707744 0.0437923 0.0131692 0.00525238 0.0047753 0.00276346 9.45158e-05 9.00151e-06 2.25038e-05 9.00151e-06 4.50075e-06 0 0 0
 0.000866109 0.00284123 0.00948549 0.0512746 0.133035 0.25785 0.225252 0.132002 0.0553304 0.0519788 0.0540692 0.017754 0.00435017 0.00159236 0.00146478 0.000404838 0.000125132 0.000115318 0.000107957 0.000100596 0 0 0 0 0 0
 0 0 0 0 0.00144013 0.00171154 0.00461396 0.0210425 0.0478622 0.0707936 0.0888783 0.103762 0.0637923 0.0337046 0.0602308 0.124433 0.169614 0.0934646 0.0462172 0.0250306 0.0313229 0.00938855 0.002487 0.000210481 0 0
 0 0.00764035 0.051015 0.0998891 0.058973 0.0496711 0.0374665 0.0718981 0.12319 0.153886 0.159021 0.0857701 0.0377988 0.023471 0.0147837 0.00900784 0.00315554 0.000888139 0.00291439 0.00214683 0.00393193 0.00274676 0.000635225 9.99891e-05 0 0
 0 0 0 0 0 0 0 0 0 0 0 0 0 0 0 0 0 0 0 0 0 0 0 0 0 0
 0 0 0 0 0 0 0 0 0 0 0 0 0 0 0 0 0 0 0 0 0 0 0 0 0 0
 0 0 0 0 0 0 0 0 0 0 0 0 0 0 0 0 0 0 0 0 0 0 0 0 0 0
 0 0 0 0 0 0 0 0 0 0 0 0 0 0 0 0 0 0 0 0 0 0 0 0 0 0
 0 0 0 0 0 0 0 0 0 0 0 0 0 0 0 0 0 0 0 0 0 0 0 0 0 0
 0 0 0 0 0 0 0 0 0 0 0 0 0 0 0 0 0 0 0 0 0 0 0 0 0 0
ppred_pel_tallas
 1.25468e-16 7.33713e-06 7.13195e-05 0.000473944 0.0021545 0.00670355 0.0142834 0.0208517 0.0208737 0.0143913 0.00706858 0.00322065 0.00319484 0.00615891 0.0120019 0.020959 0.032821 0.046752 0.0617162 0.0769618 0.091921 0.105501 0.115547 0.119314 0.114837 0.102214
 1.68051e-16 1.31435e-05 0.000127759 0.000849004 0.00385945 0.0120082 0.0255851 0.0373438 0.0373515 0.025623 0.012137 0.00423778 0.00182407 0.0023434 0.00448678 0.00812419 0.0134962 0.020972 0.0311752 0.0450303 0.0633738 0.086123 0.111466 0.135717 0.154156 0.162576
 1.09576e-16 7.57301e-05 0.000736123 0.0048918 0.0222374 0.0691888 0.147414 0.215156 0.215157 0.14742 0.0692098 0.0222984 0.00504617 0.00107769 0.000738854 0.00114273 0.00174496 0.00244339 0.00322453 0.00416927 0.00544904 0.00723949 0.00958626 0.0123045 0.0149783 0.0170699
 1.08277e-16 2.30913e-05 0.000224456 0.00149159 0.00678059 0.0210973 0.0449523 0.0656226 0.0656863 0.0452635 0.0221419 0.00979635 0.00905547 0.0167164 0.0312859 0.0515347 0.0738891 0.0922079 0.100277 0.0953042 0.0796743 0.0594875 0.0410586 0.028039 0.020791 0.0175987
 1.14356e-16 4.01538e-05 0.000390309 0.00259374 0.0117908 0.0366856 0.078163 0.114084 0.114099 0.0782348 0.036928 0.0124974 0.00439094 0.00439157 0.00786732 0.0135364 0.0208754 0.0291197 0.0374122 0.0451995 0.0522671 0.0583118 0.0625157 0.0636672 0.0608424 0.054096
 1.00193e-16 8.19933e-05 0.000797004 0.00529637 0.0240765 0.074911 0.159606 0.232949 0.23295 0.159607 0.0749146 0.024087 0.00532266 0.000854607 0.000192014 0.000189362 0.000269014 0.000347519 0.000402265 0.000426569 0.000429527 0.000428979 0.000438669 0.000459333 0.000479496 0.000483587
 1.00551e-16 1.3397e-05 0.000130223 0.000865384 0.00393396 0.0122404 0.0260825 0.038085 0.0381652 0.0264741 0.0135546 0.00772737 0.0103781 0.0208658 0.0393034 0.0647177 0.0926696 0.115362 0.124862 0.11752 0.096221 0.0685914 0.042658 0.0232654 0.0112794 0.00503459
 1.17437e-16 2.36214e-05 0.000229608 0.00152583 0.0069362 0.0215811 0.0459814 0.0671137 0.0671262 0.0460426 0.0217892 0.00754828 0.00310446 0.00381513 0.00723999 0.0129883 0.0211557 0.0316728 0.0442681 0.0584654 0.0732965 0.0868906 0.0965021 0.0993664 0.0940366 0.0813002
 1.01653e-16 8.02029e-05 0.000779601 0.00518072 0.0235508 0.0732753 0.156121 0.227863 0.227864 0.156124 0.0732876 0.0235864 0.00527059 0.000977523 0.00046145 0.000650816 0.000967071 0.0013007 0.00160745 0.00188657 0.00218267 0.00255122 0.00300592 0.00348775 0.00387974 0.00405775
 1.01414e-16 4.76371e-05 0.00046305 0.00307713 0.0139882 0.0435227 0.0927313 0.135352 0.135392 0.0929242 0.0441705 0.0158579 0.00776597 0.0106846 0.0194184 0.0319177 0.0457185 0.056957 0.0617365 0.0582744 0.0480024 0.0346783 0.0222398 0.0130377 0.00744764 0.0045945
 1.00638e-16 7.84421e-05 0.000762485 0.00506698 0.0230338 0.0716666 0.152693 0.222861 0.222864 0.152707 0.0717113 0.0231631 0.00539281 0.00147742 0.00144689 0.00229543 0.00336281 0.00436033 0.00504613 0.00530003 0.00517471 0.00483019 0.0044089 0.00395969 0.00345816 0.00287863
 1.00414e-16 7.11838e-05 0.000691932 0.00459813 0.0209024 0.0650353 0.138565 0.202242 0.202255 0.138626 0.0652394 0.0214916 0.00607576 0.00391387 0.00617927 0.0100742 0.0144383 0.0180157 0.0195809 0.0185726 0.015434 0.0113309 0.00747949 0.00459787 0.00279315 0.00179581
 1.01255e-16 6.04364e-05 0.000587464 0.0039039 0.0177466 0.0552164 0.117645 0.171711 0.171733 0.117754 0.0555811 0.0188002 0.00654846 0.00636023 0.0110229 0.018124 0.0260928 0.032788 0.0360617 0.0349091 0.0300518 0.0234335 0.0170529 0.0120501 0.00856832 0.00619685
 1.02512e-16 6.24624e-05 0.000607156 0.00403477 0.0183415 0.0570672 0.121588 0.177465 0.177483 0.121673 0.05735 0.0191587 0.00608844 0.0050977 0.00861231 0.0141948 0.0205716 0.0261373 0.0292878 0.0292641 0.0265677 0.0225548 0.0185608 0.0152578 0.0126263 0.0103473
 1.01989e-16 6.8697e-05 0.000667759 0.0044375 0.0201722 0.0627633 0.133724 0.195177 0.195189 0.133784 0.0629644 0.0207532 0.00589664 0.00385612 0.0061329 0.0100537 0.0145313 0.0183899 0.0204781 0.0202637 0.0181359 0.0151149 0.0122118 0.00994507 0.0082974 0.0069905
 1.00161e-16 8.07741e-05 0.000785153 0.00521762 0.0237185 0.0737972 0.157233 0.229486 0.229488 0.15724 0.0738228 0.0237927 0.00540367 0.00119132 0.000852244 0.00128128 0.00183829 0.00231232 0.00254885 0.00247829 0.0021525 0.00170841 0.0012853 0.000960196 0.00073864 0.000586977
 1.00931e-16 1.09569e-05 0.000106505 0.000707769 0.00321747 0.0100112 0.0213329 0.0311531 0.0312349 0.0217324 0.0113523 0.00708883 0.0104169 0.0212732 0.0401267 0.0661006 0.0947037 0.118006 0.127935 0.120769 0.099423 0.0716167 0.0454561 0.0258076 0.0135165 0.00690057
 1.00866e-16 7.96675e-05 0.000774396 0.00514613 0.0233936 0.0727861 0.155079 0.226342 0.226342 0.155081 0.072794 0.0234168 0.00520637 0.000912547 0.000361463 0.000521932 0.000861093 0.00132508 0.00190899 0.00259648 0.00333828 0.00403486 0.00454376 0.00472513 0.00450633 0.00392385
 1.01541e-16 4.31995e-05 0.000419914 0.00279048 0.0126851 0.0394684 0.0840933 0.122746 0.12279 0.0843094 0.0401938 0.0147791 0.00804197 0.0118682 0.0217396 0.0357517 0.0512178 0.0638248 0.0692168 0.0654062 0.0540021 0.0392082 0.0254149 0.0152202 0.00900557 0.00576317
 1.08435e-16 3.84013e-05 0.000373274 0.00248054 0.0112762 0.0350846 0.0747524 0.109109 0.109136 0.0748865 0.035536 0.0125841 0.00577846 0.00762193 0.0139487 0.0233724 0.0345288 0.0452075 0.0530993 0.0570075 0.057351 0.055491 0.0525264 0.0486429 0.0434413 0.0367255
 1.04045e-16 7.25439e-05 0.000705152 0.00468599 0.0213018 0.0662779 0.141212 0.206105 0.20611 0.141239 0.0663675 0.0215613 0.00533982 0.00214087 0.00282432 0.00462126 0.00681025 0.00890914 0.0104846 0.0113567 0.0116908 0.0118359 0.0120384 0.0122675 0.0122702 0.0117726
 1.01848e-16 6.73959e-05 0.000655113 0.00435345 0.0197902 0.0615747 0.131192 0.191482 0.191497 0.131267 0.0618277 0.0205209 0.00618685 0.00465463 0.00765508 0.0125278 0.0179925 0.0225289 0.0246417 0.0236538 0.0201194 0.0154659 0.0111571 0.00801924 0.00611554 0.00505405
 1.06894e-16 8.72263e-06 8.47872e-05 0.000563444 0.00256138 0.00796978 0.0169831 0.0248021 0.0248728 0.0173286 0.00913004 0.00591329 0.00897973 0.0184658 0.0349414 0.0578121 0.0834174 0.105178 0.116354 0.113786 0.0997154 0.0801605 0.0612308 0.0462915 0.0356129 0.0278378
 1.05477e-16 7.0687e-05 0.000687103 0.00456604 0.0207566 0.0645813 0.137597 0.200828 0.200829 0.137605 0.0646087 0.0208377 0.00477767 0.00117556 0.00107607 0.00187037 0.00316271 0.00497222 0.00734503 0.010271 0.013598 0.0169484 0.0197309 0.0213075 0.0212516 0.0195447
 1.05625e-16 5.11922e-05 0.000497606 0.00330677 0.0150321 0.0467706 0.099651 0.14545 0.145481 0.0998038 0.0472837 0.0165133 0.00702253 0.00860192 0.0154223 0.0253641 0.0364207 0.0455834 0.0498488 0.0478947 0.040918 0.0318858 0.0237959 0.0182695 0.0152856 0.0138453
 1.12236e-16 2.67235e-05 0.000259762 0.00172621 0.00784714 0.0244156 0.0520215 0.0759354 0.0759762 0.052221 0.0250864 0.00978773 0.00660925 0.0109588 0.0204612 0.034084 0.0497942 0.0640699 0.0732832 0.0756865 0.0723081 0.0659618 0.0592529 0.0532384 0.0475524 0.0414356
 1.05101e-16 7.19052e-05 0.000698944 0.00464473 0.0211143 0.0656943 0.139969 0.20429 0.204294 0.139989 0.0657616 0.0213096 0.00513915 0.00179217 0.00218931 0.00361447 0.00545786 0.0074126 0.00921749 0.0107637 0.012126 0.0134254 0.0146385 0.0155281 0.0157593 0.0150998
 1.02579e-16 6.48946e-05 0.000630799 0.00419188 0.0190557 0.0592894 0.126323 0.184376 0.184394 0.12641 0.059582 0.0199006 0.00631156 0.0052545 0.00883585 0.0144786 0.0207917 0.0260285 0.0284649 0.0273284 0.0232751 0.0179719 0.0131201 0.00966709 0.00765757 0.00659635
 1.08213e-16 1.07589e-05 0.00010458 0.000694976 0.0031593 0.00983012 0.0209466 0.030586 0.0306522 0.02127 0.0109163 0.00629776 0.00857741 0.0173267 0.0327613 0.0542544 0.0784083 0.0991219 0.110141 0.108525 0.096319 0.0790241 0.062174 0.0487401 0.0388684 0.0312899
 1.32986e-16 1.4135e-05 0.000137397 0.00091305 0.0041506 0.0129141 0.0275153 0.0401618 0.0401732 0.0275713 0.0131049 0.00471312 0.00236897 0.0034614 0.00675547 0.0122681 0.0202998 0.0310441 0.0445779 0.0607911 0.0789916 0.0973636 0.112869 0.122033 0.122349 0.113458
pSPR Fmed_Fpbrs
0.448822   0.203778 0.203778
Fs Fmed_Fpbrs
0.448745   1.005 1.005
SSBpbr Bo_Bmed_Bpbrs
1.81678e+06  724573  279380 279380
Ro
67918.9
SPR SPRFo_SPRFmed_SPRFpbrs
483474 216994 98521.1
Fref
1.005
log_Ro
10.9461
likeval ReclasPelacesDesembMPH_pf_preclas_ppelaces_ptallas_desvR_qrecl_qpela
 25.9223 40.4096 0.115855 0.00202969 285.874 111.988 89.253 0 96.7075 0 0 0.220477 0 0 0
q_reclas_q_pelaces
1 1
M
1
N
 17052.4 42845.5 120798 14906 0.130593
 10842.3 5430.98 13263.1 37393.8 4614.27
 182602 2746.99 1278.36 3121.91 9888.01
 16763.7 45935.3 641.101 298.348 3036.29
 6706.85 2494.43 5717.15 79.792 415.032
 281351 680.858 196.414 450.174 38.9629
 11620 72216 162.778 46.9583 116.942
 2848.92 1317.53 6491.21 14.6315 14.7323
 65823 565.795 231.693 1141.5 5.16373
 16792.5 14008 108.082 44.2594 219.043
 76607.1 2313.98 1590.27 12.2701 29.8916
 144329 23649.9 690.072 474.247 12.5734
 88794.2 30549.2 4488.56 130.97 92.3947
 67918.4 18844.9 5816.6 854.626 42.5289
 51512.9 9057.26 2057.04 634.919 97.9303
 443758 7836.08 1157.45 262.874 93.6526
 16224.5 109666 1790.32 264.443 81.456
 901577 4248.02 26849.9 438.331 84.6881
 292187 269769 1220.32 7713.12 150.247
 121812 78619.8 68243.5 308.704 1989.19
 445619 29732.9 17698 15362.2 517.275
 592572 122389 7708.51 4588.35 4116.88
 21916.3 157791 30576.4 1925.81 2174.82
 349370 6341.33 43542.7 8437.63 1131.58
 198908 107474 1883.08 12930.2 2841.61
 44663.9 60031.7 31193.8 546.553 4577.67
 269488 13240 17053.3 8861.28 1455.65
 332602 80086.7 3772.43 4858.94 2939.56
 19725.2 106224 24873.8 1171.66 2422.11
 9254.77 6207.25 32412.9 7589.91 1096.59
pred_Ctot
 1464.34 4354.75 12277.8 1515.02 0.0132733
 2199.01 1281.89 3130.53 8826.19 1089.12
 37638.5 658.618 306.5 748.508 2370.75
 6779.45 20917.4 291.936 135.858 1382.63
 3391.72 1393.85 3194.66 44.5866 231.914
 55352.4 156.03 45.0117 103.165 8.92903
 5570 38444.2 86.655 24.9983 62.254
 870.702 461.114 2271.81 5.12077 5.15606
 18328.5 181.207 74.2041 365.588 1.65378
 7173.35 6710.33 51.7751 21.2018 104.93
 7899.96 281.756 193.635 1.49403 3.63968
 40503.6 7631.04 222.664 153.024 4.05703
 24823 9821.06 1443 42.1047 29.7034
 29645.9 9208.6 2842.29 417.615 20.7818
 20482.6 4060.01 922.09 284.609 43.8982
 95086.6 1950.68 288.131 65.4389 23.3135
 3039.27 23963.1 391.204 57.7838 17.799
 108171 600.375 3794.71 61.9496 11.969
 50882.5 54906.7 248.374 1569.87 30.58
 26785.4 20066.9 17418.5 78.7936 507.722
 73102 5709.16 3398.27 2949.77 99.3246
 106198 25616.4 1613.42 960.357 861.677
 3015.94 25513.6 4943.97 311.389 351.652
 36705.2 786.433 5400.04 1046.41 140.335
 22949.6 14616.3 256.095 1758.48 386.453
 5580.21 8828.67 4587.57 80.3799 673.224
 33311.6 1926.85 2481.8 1289.6 211.843
 28043.3 7993.91 376.547 484.998 293.414
 1826.02 11628 2722.86 128.258 265.14
 1774.64 1387.5 7245.22 1696.56 245.12
F
 0.14417 0.172618 0.172618 0.172618 0.172618
 0.372948 0.44654 0.44654 0.44654 0.44654
 0.380077 0.455075 0.455075 0.455075 0.455075
 0.905155 1.08376 1.08376 1.08376 1.08376
 1.28753 1.54159 1.54159 1.54159 1.54159
 0.35994 0.430964 0.430964 0.430964 0.430964
 1.17697 1.40921 1.40921 1.40921 1.40921
 0.616462 0.738104 0.738104 0.738104 0.738104
 0.547341 0.655344 0.655344 0.655344 0.655344
 0.981961 1.17573 1.17573 1.17573 1.17573
 0.175332 0.209929 0.209929 0.209929 0.209929
 0.552755 0.661827 0.661827 0.661827 0.661827
 0.550079 0.658622 0.658622 0.658622 0.658622
 1.01474 1.21497 1.21497 1.21497 1.21497
 0.883093 1.05735 1.05735 1.05735 1.05735
 0.397843 0.476347 0.476347 0.476347 0.476347
 0.340069 0.407173 0.407173 0.407173 0.407173
 0.206578 0.24734 0.24734 0.24734 0.24734
 0.312769 0.374485 0.374485 0.374485 0.374485
 0.410227 0.491175 0.491175 0.491175 0.491175
 0.292259 0.349929 0.349929 0.349929 0.349929
 0.323202 0.386977 0.386977 0.386977 0.386977
 0.240141 0.287527 0.287527 0.287527 0.287527
 0.178883 0.214181 0.214181 0.214181 0.214181
 0.197967 0.237031 0.237031 0.237031 0.237031
 0.215922 0.258528 0.258528 0.258528 0.258528
 0.213413 0.255525 0.255525 0.255525 0.255525
 0.141394 0.169294 0.169294 0.169294 0.169294
 0.156178 0.186996 0.186996 0.186996 0.186996
 0.349378 0.418319 0.418319 0.418319 0.418319
nmprior
 8 8 7 0
nm_flota  nm_reclas  nm_pelaces    nm_pelaL
inf 7.91623 5.47789 7.69725
cv_recla  cv_pelaces  cv_mph
0.471372 0.748009 1.39034
 ------------------------------------------------
Talla a la edad & desviación 
 8 13.2811 15.8009 17.003 17.5766
 0.8 1.32811 1.58009 1.7003 1.75766
