years
 1991 1992 1993 1994 1995 1996 1997 1998 1999 2000 2001 2002 2003 2004 2005 2006 2007 2008 2009 2010 2011 2012 2013 2014 2015 2016 2017 2018 2019 2020
reclasobs
 0 0 0 0 0 0 0 0 0 252601 567819 844713 477998 351125 339783 2.1784e+06 2.13404e+06 4.81314e+06 1.55562e+06 2.62356e+06 3.21686e+06 3.843e+06 1.13348e+06 3.07943e+06 1.97215e+06 2.03268e+06 2.025e+06 2.42433e+06 2.27542e+06 1.05018e+06
reclaspred
 3.38959e+06 1.94053e+06 989973 1.07715e+06 1.13438e+06 1.73188e+06 1.20216e+06 1.08614e+06 785331 573976 558486 669663 662734 540141 543198 1.19114e+06 1.21568e+06 2.55224e+06 2.14235e+06 1.65232e+06 2.90849e+06 2.34041e+06 1.91437e+06 2.93118e+06 2.21487e+06 1.97012e+06 2.29769e+06 2.36538e+06 1.9708e+06 1.31339e+06
pelacesobs
 0 0 0 0 0 0 0 0 0 0 0 0 0 0 0 552880 188675 0 991730 2.46772e+06 1.41603e+06 1.21717e+06 2.29649e+06 1.80582e+06 0 1.4828e+06 1.56532e+06 1.57751e+06 1.42118e+06 867257
pelacespred
 2.40246e+06 1.54492e+06 799158 663166 726732 1.11161e+06 809394 817281 600528 420434 400656 405631 435772 377847 377331 660962 732577 1.60965e+06 1.50011e+06 1.09096e+06 1.75427e+06 1.60921e+06 1.33345e+06 2.06837e+06 1.61987e+06 1.42167e+06 1.78955e+06 1.83014e+06 1.35699e+06 1.00976e+06
mphobs
 0 0 0 0 0 0 0 0 0 0 0 498337 0 5186 125008 0 168611 109162 213762 579715 649985 157893 87575 83554 0 0 0 0 0 0
mphpred
 4.58968e+06 3.08968e+06 1.5848e+06 866464 1.07354e+06 1.24651e+06 1.63638e+06 1.14841e+06 988266 697506 461020 584523 615985 537110 392844 477244 1.23638e+06 1.25369e+06 2.27338e+06 1.7825e+06 1.96774e+06 2.3914e+06 2.25268e+06 1.90808e+06 2.63484e+06 2.17569e+06 1.80718e+06 1.89678e+06 2.54715e+06 1.7779e+06
desembarqueobs
 494567 514787 250237 358949 120608 361735 552515 73892 212993 205616 52469 317467 293654 387597 252695 516296 358380 742168 942051 627588 828172 859565 418607 520667 417249 300574 407403 355545 319650 289779
desembarquepred
 494574 513064 251186 358966 120611 361748 552572 73894.8 213032 205654 52471 317534 293711 387666 252706 516302 358413 742120 941981 627530 828253 859627 418624 520691 417256 300582 407411 355542 319653 289792
Reclutas
 241413 140769 137809 294364 236448 370103 157258 76102.5 65993.8 83378.1 144964 181575 154085 108266 110893 527457 136135 817916 496346 390347 562382 749624 171102 490876 409176 188753 410333 444966 139849 114237
log_desv_Rt
 0.0719459 -0.467442 -0.4887 0.270252 0.051164 0.499217 -0.356675 -1.08248 -1.225 -0.991179 -0.438079 -0.212896 -0.377059 -0.729975 -0.705995 0.853504 -0.500918 1.29219 0.792708 0.552472 0.917617 1.20501 -0.272306 0.781627 0.599581 -0.174126 0.602403 0.683434 -0.473998 -0.676293
SSB
 4.58968e+06 3.08968e+06 1.5848e+06 866464 1.07354e+06 1.24651e+06 1.63638e+06 1.14841e+06 988266 697506 461020 584523 615985 537110 392844 477244 1.23638e+06 1.25369e+06 2.27338e+06 1.7825e+06 1.96774e+06 2.3914e+06 2.25268e+06 1.90808e+06 2.63484e+06 2.17569e+06 1.80718e+06 1.89678e+06 2.54715e+06 1.7779e+06
BT
 6.04569e+06 4.13149e+06 2.12847e+06 1.96542e+06 1.86496e+06 3.12385e+06 2.41986e+06 2.06496e+06 1.66769e+06 1.22425e+06 1.05385e+06 1.28323e+06 1.35761e+06 1.36027e+06 1.22718e+06 2.16917e+06 2.0535e+06 4.87127e+06 4.62773e+06 3.22942e+06 5.1347e+06 4.78966e+06 3.57586e+06 5.81635e+06 4.29856e+06 3.72622e+06 4.9924e+06 5.02075e+06 3.45809e+06 2.69362e+06
Ftot
 0.092443 0.165824 0.159925 0.217954 0.0692287 0.137743 0.288371 0.0440469 0.174277 0.228751 0.0627446 0.305881 0.285685 0.457657 0.306673 0.291549 0.188588 0.194865 0.28262 0.245211 0.186275 0.238742 0.139553 0.118559 0.121801 0.0983833 0.117834 0.100471 0.102522 0.140626
BD_Bspro_t
 0.985318 0.889638 0.768807 0.697644 0.711134 0.773606 0.767698 0.655025 0.700262 0.669101 0.639911 0.765865 0.661414 0.583006 0.490516 0.538639 0.656117 0.647073 0.716237 0.634435 0.61363 0.655788 0.668383 0.668064 0.759594 0.766677 0.774525 0.803115 0.836075 0.783476
BD_Bspro
 2.87002 1.93204 0.991006 0.541817 0.671304 0.779471 1.02326 0.718125 0.617983 0.436165 0.288285 0.365514 0.385188 0.335866 0.245653 0.29843 0.773131 0.783957 1.42159 1.11463 1.23047 1.49539 1.40865 1.19316 1.64762 1.3605 1.13007 1.18609 1.59278 1.11176
BD_Bo
 1.9371 1.30401 0.668871 0.365695 0.453091 0.526097 0.690641 0.484692 0.417102 0.294386 0.194576 0.246701 0.259979 0.22669 0.165802 0.201423 0.521818 0.529125 0.959492 0.752312 0.830495 1.0093 0.950756 0.805316 1.11205 0.91826 0.762729 0.800544 1.07503 0.750372
BD_Brms
 13.4338 9.0434 4.63865 2.53611 3.14221 3.64851 4.78963 3.36136 2.89262 2.04158 1.34939 1.71088 1.80297 1.5721 1.14984 1.39688 3.61883 3.6695 6.65412 5.21732 5.75952 6.99954 6.59353 5.5849 7.71209 6.36817 5.28956 5.55181 7.45541 5.20386
Sel_flota
 0.883122 1 1 1 1
 0.883122 1 1 1 1
 0.883122 1 1 1 1
 0.883122 1 1 1 1
 0.883122 1 1 1 1
 0.883122 1 1 1 1
 0.883122 1 1 1 1
 0.883122 1 1 1 1
 0.883122 1 1 1 1
 0.883122 1 1 1 1
 0.883122 1 1 1 1
 0.883122 1 1 1 1
 0.883122 1 1 1 1
 0.883122 1 1 1 1
 0.883122 1 1 1 1
 0.883122 1 1 1 1
 0.883122 1 1 1 1
 0.883122 1 1 1 1
 0.883122 1 1 1 1
 0.883122 1 1 1 1
 0.883122 1 1 1 1
 0.883122 1 1 1 1
 0.883122 1 1 1 1
 0.883122 1 1 1 1
 0.883122 1 1 1 1
 0.883122 1 1 1 1
 0.883122 1 1 1 1
 0.883122 1 1 1 1
 0.883122 1 1 1 1
 0.883122 1 1 1 1
Sel_reclas
 1 1 1 1 1
 1 1 1 1 1
 1 1 1 1 1
 1 1 1 1 1
 1 1 1 1 1
 1 1 1 1 1
 1 1 1 1 1
 1 1 1 1 1
 1 1 1 1 1
 1 1 1 1 1
 1 1 1 1 1
 1 1 1 1 1
 1 1 1 1 1
 1 1 1 1 1
 1 1 1 1 1
 1 1 1 1 1
 1 1 1 1 1
 1 1 1 1 1
 1 1 1 1 1
 1 1 1 1 1
 1 1 1 1 1
 1 1 1 1 1
 1 1 1 1 1
 1 1 1 1 1
 1 1 1 1 1
 1 1 1 1 1
 1 1 1 1 1
 1 1 1 1 1
 1 1 1 1 1
 1 1 1 1 1
Sel_pelaces
 0.825665 1 1 1 1
 0.825665 1 1 1 1
 0.825665 1 1 1 1
 0.825665 1 1 1 1
 0.825665 1 1 1 1
 0.825665 1 1 1 1
 0.825665 1 1 1 1
 0.825665 1 1 1 1
 0.825665 1 1 1 1
 0.825665 1 1 1 1
 0.825665 1 1 1 1
 0.825665 1 1 1 1
 0.825665 1 1 1 1
 0.825665 1 1 1 1
 0.825665 1 1 1 1
 0.825665 1 1 1 1
 0.825665 1 1 1 1
 0.825665 1 1 1 1
 0.825665 1 1 1 1
 0.825665 1 1 1 1
 0.825665 1 1 1 1
 0.825665 1 1 1 1
 0.825665 1 1 1 1
 0.825665 1 1 1 1
 0.825665 1 1 1 1
 0.825665 1 1 1 1
 0.825665 1 1 1 1
 0.825665 1 1 1 1
 0.825665 1 1 1 1
 0.825665 1 1 1 1
pf_obs 
 0.8446 0.082 0.0669 0.0065 0
 0.8095 0.147 0.0364 0.0071 0
 0.9664 0.0169 0.016 0.0007 0
 0.9276 0.0648 0.0075 0.0001 0
 0.7033 0.2144 0.0806 0.0017 0
 0.9318 0.0425 0.0243 0.0014 0
 0.5671 0.3108 0.0964 0.0239 0.0018
 0.0768 0.2599 0.5324 0.112 0.0189
 0.490249 0.384438 0.106611 0.0170017 0.00170017
 0.7925 0.1577 0.0466 0.003 0.0002
 0.840416 0.127587 0.0312969 0.00059994 9.999e-05
 0.8084 0.0986 0.0794 0.0134 0.0002
 0.7335 0.1905 0.0724 0.0035 0.0001
 0.4001 0.4547 0.1325 0.0127 0
 0.49795 0.308269 0.164784 0.0264974 0.00249975
 0.9179 0.0499 0.0305 0.0017 0
 0.2467 0.6533 0.0926 0.0074 0
 0.9418 0.0223 0.034 0.0019 0
 0.707729 0.231977 0.0356964 0.0245975 0
 0.517169 0.277429 0.184464 0.0207286 0.00020938
 0.811772 0.124168 0.05621 0.00726502 0.000585176
 0.764997 0.148141 0.077277 0.00933861 0.000247198
 0.163321 0.427699 0.378323 0.0303852 0.000271297
 0.753843 0.0900009 0.118128 0.0371064 0.000921714
 0.721811 0.176058 0.0630433 0.0369309 0.00215725
 0.143369 0.312575 0.442814 0.0836902 0.0175525
 0.692698 0.0596174 0.167031 0.0765114 0.00414204
 0.394062 0.376323 0.152708 0.0712218 0.00568511
 0.125707 0.32114 0.495352 0.0537591 0.00404204
 0.23352 0.215282 0.420074 0.123614 0.00750983
pf_pred 
 0.433408 0.107067 0.436609 0.0229146 7.37439e-07
 0.416215 0.271885 0.0589389 0.240347 0.0126146
 0.55205 0.201372 0.114838 0.0248945 0.106845
 0.777371 0.130293 0.041509 0.0236716 0.0271556
 0.652495 0.278206 0.0405568 0.0129207 0.0158212
 0.732529 0.182188 0.0682758 0.00995323 0.00705366
 0.469453 0.402113 0.087483 0.0327847 0.00816636
 0.43159 0.287371 0.213006 0.0463411 0.0216924
 0.502605 0.23032 0.135025 0.100084 0.0319664
 0.657403 0.183852 0.0735073 0.0430938 0.0421442
 0.779074 0.152057 0.036958 0.0147765 0.0171346
 0.720675 0.223575 0.0383709 0.00932621 0.00805263
 0.669522 0.247555 0.0663729 0.0113912 0.00515927
 0.608242 0.274489 0.0878434 0.023552 0.00587283
 0.706724 0.189163 0.0729476 0.023345 0.00781987
 0.917819 0.0604884 0.0139916 0.00539564 0.00230514
 0.428752 0.530178 0.0302292 0.00699236 0.00384849
 0.888337 0.0516656 0.0556843 0.00317496 0.00113861
 0.612424 0.349322 0.0176999 0.0190767 0.00147777
 0.612929 0.250067 0.123482 0.00625673 0.00726578
 0.736745 0.170041 0.0602213 0.029737 0.0032565
 0.744142 0.195089 0.0392516 0.0139013 0.00761609
 0.344025 0.505138 0.115012 0.0231401 0.0126852
 0.745989 0.0952168 0.122281 0.0278414 0.00867238
 0.632548 0.283035 0.0316437 0.040638 0.0121347
 0.450917 0.363942 0.142608 0.0159438 0.0265897
 0.734606 0.128326 0.0908509 0.0355994 0.0106177
 0.687976 0.237017 0.0362684 0.0256768 0.0130621
 0.372161 0.449172 0.135717 0.0207674 0.0221821
 0.465718 0.215493 0.22807 0.0689109 0.0218078
pobs_RECLAS
 0 0 0 0 0
 0 0 0 0 0
 0 0 0 0 0
 0 0 0 0 0
 0 0 0 0 0
 0 0 0 0 0
 0 0 0 0 0
 0 0 0 0 0
 0 0 0 0 0
 0 0 0 0 0
 0.991045 0.00858322 0.000360255 1.14367e-05 0
 0.934742 0.0480273 0.0164251 0.00080598 0
 0.827803 0.169806 0.00239088 0 0
 0.941827 0.0461693 0.0120037 0 0
 0.791401 0.0380133 0.147996 0.0225897 0
 0.846168 0.0940531 0.0597789 0 0
 0.134021 0.677848 0.182769 0.00536245 0
 0.80878 0.0450904 0.141981 0.00414843 0
 0.846168 0.0940531 0.0597789 0 0
 0.905697 0.0802665 0.012482 0.00150086 5.37128e-05
 0.989698 0.0102097 9.19794e-05 0 0
 0.975433 0.0193895 0.00387452 0.00125025 5.28907e-05
 0.303575 0.632131 0.0575291 0.00676475 0
 0.966965 0.00978017 0.0227588 0.000495775 0
 0.843318 0.132988 0.00938335 0.0141283 0.000182051
 0.564624 0.303363 0.111486 0.0197234 0.00080311
 0.826376 0.0876187 0.0782897 0.00655872 0.00115652
 0.89761 0.0855135 0.0140674 0.00269457 0.000114338
 0.34875 0.467042 0.161289 0.0227151 0.000203297
 0.318654 0.224769 0.449479 0.00709798 0
ppred_RECLAS
 0.464384 0.101214 0.41274 0.0216619 6.97123e-07
 0.447145 0.25748 0.0558162 0.227613 0.0119462
 0.582977 0.187469 0.10691 0.0231758 0.0994685
 0.798541 0.117903 0.0375618 0.0214207 0.0245733
 0.680272 0.255969 0.037315 0.0118879 0.0145566
 0.756442 0.1659 0.0621718 0.00906339 0.00642305
 0.501357 0.377932 0.0822222 0.0308131 0.00767528
 0.462412 0.271788 0.201455 0.0438282 0.0205161
 0.534108 0.215732 0.126473 0.0937446 0.0299418
 0.685395 0.16883 0.0675013 0.0395727 0.0387008
 0.799826 0.137774 0.0334865 0.0133885 0.0155251
 0.745706 0.20354 0.0349324 0.00849047 0.00733102
 0.697148 0.226861 0.0608244 0.0104389 0.00472798
 0.638854 0.253041 0.0809794 0.0217117 0.00541393
 0.732544 0.17251 0.0665255 0.0212898 0.00713143
 0.926959 0.0537607 0.0124355 0.00479553 0.00204876
 0.459951 0.501222 0.0285782 0.00661046 0.0036383
 0.900281 0.0461391 0.0497279 0.00283534 0.00101681
 0.642263 0.322428 0.0163372 0.017608 0.00136399
 0.642631 0.230878 0.114006 0.00577662 0.00670824
 0.760513 0.154688 0.0547841 0.0270521 0.00296249
 0.767577 0.17722 0.0356563 0.012628 0.0069185
 0.372943 0.482869 0.109942 0.02212 0.012126
 0.769037 0.0865771 0.111185 0.0253151 0.00788547
 0.661224 0.260947 0.0291743 0.0374666 0.0111877
 0.482095 0.343276 0.134511 0.0150384 0.0250799
 0.758351 0.116845 0.0827223 0.0324142 0.00966768
 0.714229 0.217074 0.0332167 0.0235164 0.0119631
 0.401892 0.427902 0.12929 0.019784 0.0211317
 0.497117 0.202829 0.214666 0.0648611 0.0205262
pobs_PELACES
 0 0 0 0 0
 0 0 0 0 0
 0 0 0 0 0
 0 0 0 0 0
 0 0 0 0 0
 0 0 0 0 0
 0 0 0 0 0
 0 0 0 0 0
 0 0 0 0 0
 0 0 0 0 0
 0 0 0 0 0
 0 0 0 0 0
 0 0 0 0 0
 0 0 0 0 0
 0 0 0 0 0
 0 0 0 0 0
 0.505614 0.472636 0.0217494 0 0
 0 0 0 0 0
 0.443492 0.261883 0.143347 0.151278 0
 0.227955 0.32914 0.350689 0.0885471 0.00366901
 0.970185 0.0296113 0.000203453 0 0
 0.997202 0.00247181 0.000326279 0 0
 0.445219 0.490057 0.0546422 0.010081 0
 0.90214 0.0892962 0.00764917 0.000914606 0
 0 0 0 0 0
 0.581667 0.319106 0.0959925 0.00289975 0.000334073
 0.762889 0.0836404 0.116647 0.0363945 0.000428098
 0.88444 0.0763242 0.0277011 0.0115352 0
 0.521256 0.241999 0.230069 0.00667565 0
 0.616807 0.101726 0.260614 0.0208532 0
ppred_PELACES
 0.418069 0.109966 0.44843 0.023535 7.57404e-07
 0.401941 0.278532 0.06038 0.246223 0.012923
 0.537332 0.207989 0.118611 0.0257124 0.110356
 0.767463 0.136092 0.0433563 0.0247251 0.0283641
 0.637869 0.289916 0.0422638 0.0134645 0.0164871
 0.720515 0.190372 0.0713427 0.0104003 0.0073705
 0.456358 0.412038 0.0896422 0.0335938 0.00836792
 0.415687 0.295411 0.218965 0.0476376 0.0222993
 0.487953 0.237104 0.139003 0.103032 0.0329081
 0.644726 0.190655 0.0762273 0.0446884 0.0437037
 0.767824 0.1598 0.0388401 0.015529 0.0180072
 0.710142 0.232006 0.0398178 0.00967791 0.0083563
 0.657733 0.256386 0.0687405 0.0117975 0.00534331
 0.597841 0.281777 0.0901756 0.0241773 0.00602875
 0.695896 0.196148 0.0756411 0.024207 0.0081086
 0.913771 0.0634679 0.0146808 0.00566142 0.00241869
 0.414637 0.543278 0.0309762 0.00716514 0.00394358
 0.882498 0.0543671 0.058596 0.00334097 0.00119814
 0.599777 0.360721 0.0182775 0.0196992 0.00152599
 0.599815 0.258539 0.127665 0.00646871 0.00751195
 0.725341 0.177406 0.0628299 0.0310251 0.00339756
 0.733474 0.203223 0.0408881 0.0144808 0.00793362
 0.330529 0.515531 0.117378 0.0236162 0.0129462
 0.734171 0.0996467 0.12797 0.0291367 0.00907586
 0.618193 0.294093 0.0328799 0.0422256 0.0126088
 0.435506 0.374156 0.146611 0.0163913 0.027336
 0.722448 0.134205 0.0950127 0.0372301 0.011104
 0.674438 0.247301 0.037842 0.0267909 0.0136289
 0.357737 0.459492 0.138835 0.0212445 0.0226917
 0.450742 0.221534 0.234462 0.0708425 0.0224191
pobs_pel_tallas
 0 0 0 0 0 0 0 0 0 0 0 0 0 0 0 0 0 0 0 0 0 0 0 0 0 0
 0 0 0 0 0 0 0 0 0 0 0 0 0 0 0 0 0 0 0 0 0 0 0 0 0 0
 0 0 0 0 0 0 0 0 0 0 0 0 0 0 0 0 0 0 0 0 0 0 0 0 0 0
 0 0 0 0 0 0 0 0 0 0 0 0 0 0 0 0 0 0 0 0 0 0 0 0 0 0
 0 0 0 0 0 0 0 0 0 0 0 0 0 0 0 0 0 0 0 0 0 0 0 0 0 0
 0 0 0 0 0 0 0 0 0 0 0 0 0 0 0 0 0 0 0 0 0 0 0 0 0 0
 0 0 0 0 0 0 0 0 0 0 0 0 0 0 0 0 0 0 0 0 0 0 0 0 0 0
 0 0 0 0 0 0 0 0 0 0 0 0 0 0 0 0 0 0 0 0 0 0 0 0 0 0
 0 0 0 0 0 0 0 0 0 0 0 0 0 0 0 0 0 0 0 0 0 0 0 0 0 0
 0 0 0 0 0 0 0 0 0 0 0 0 0 0 0 0 0 0 0 0 0 0 0 0 0 0
 0 0 0 0 0 0 0 0 0 0 0 0 0 0 0 0 0 0 0 0 0 0 0 0 0 0
 0 0 0 0 0 0 0 0 0 0 0 0 0 0 0 0 0 0 0 0 0 0 0 0 0 0
 0.00862536 0 0 0.000197151 0.00414017 0.0128641 0.00837892 0.0270097 0.101434 0.158115 0.152841 0.127902 0.109271 0.109419 0.0830992 0.0579132 0.0238553 0.00714673 0.00463305 0.00128148 0.00103504 0.000492878 0.000147863 0.000147863 4.92878e-05 0
 0 0 0 0 0 0 0 0 0 0 0 0 0 0 0 0 0 0 0 0 0 0 0 0 0 0
 0 0 0 0 0 0 0 0.0054083 0.00873648 0.0413646 0.0450493 0.0745869 0.0622846 0.0627006 0.0613931 0.0827291 0.12552 0.122667 0.0946155 0.0697135 0.0546179 0.0294188 0.0215738 0.0213955 0.0102223 0.00600262
 0 0 0 0 0.00359764 0.0251062 0.0480494 0.140153 0.205849 0.193036 0.1447 0.116669 0.0760912 0.0342217 0.00950174 0.001854 0.000860785 0 0 0 0.000165536 0 0.000143464 0 0 0
 0 0 0 0 0 0 0 0.000145254 0.000435761 0.0275982 0.070085 0.0708112 0.156366 0.174668 0.174014 0.160142 0.0824315 0.0480064 0.0283245 0.00493863 0.00203355 0 0 0 0 0
 0 0 0 0 0 0 0 0 0 0 0 0 0 0 0 0 0 0 0 0 0 0 0 0 0 0
 0 0 1.00437e-05 0.000401748 0.00122533 0.00171747 0.00176769 0.0269171 0.070346 0.194647 0.189555 0.159765 0.064822 0.0314167 0.0384472 0.0292271 0.0345202 0.0313363 0.0194345 0.0106764 0.0143323 0.0359363 0.0279516 0.0138201 0.00172751 0
 0 0.0021121 0.0136068 0.0755702 0.200478 0.177729 0.0527432 0.0373336 0.0318909 0.0142505 0.0149659 0.0166563 0.0217959 0.0798694 0.0677717 0.0528807 0.04013 0.0224614 0.0357745 0.0225083 0.00881397 0.00855152 0.00135912 0.000746735 0 0
 0 0 0 0 5.4009e-05 0.00500934 0.000945158 0.0243581 0.138947 0.33067 0.221406 0.137944 0.0707744 0.0437923 0.0131692 0.00525238 0.0047753 0.00276346 9.45158e-05 9.00151e-06 2.25038e-05 9.00151e-06 4.50075e-06 0 0 0
 0.000866109 0.00284123 0.00948549 0.0512746 0.133035 0.25785 0.225252 0.132002 0.0553304 0.0519788 0.0540692 0.017754 0.00435017 0.00159236 0.00146478 0.000404838 0.000125132 0.000115318 0.000107957 0.000100596 0 0 0 0 0 0
 0 0 0 0 0.00144013 0.00171154 0.00461396 0.0210425 0.0478622 0.0707936 0.0888783 0.103762 0.0637923 0.0337046 0.0602308 0.124433 0.169614 0.0934646 0.0462172 0.0250306 0.0313229 0.00938855 0.002487 0.000210481 0 0
 0 0.00764035 0.051015 0.0998891 0.058973 0.0496711 0.0374665 0.0718981 0.12319 0.153886 0.159021 0.0857701 0.0377988 0.023471 0.0147837 0.00900784 0.00315554 0.000888139 0.00291439 0.00214683 0.00393193 0.00274676 0.000635225 9.99891e-05 0 0
 0 0 0 0 0 0 0 0 0 0 0 0 0 0 0 0 0 0 0 0 0 0 0 0 0 0
 0 0 0 0 0 0 0 0 0 0 0 0 0 0 0 0 0 0 0 0 0 0 0 0 0 0
 0 0 0 0 0 0 0 0 0 0 0 0 0 0 0 0 0 0 0 0 0 0 0 0 0 0
 0 0 0 0 0 0 0 0 0 0 0 0 0 0 0 0 0 0 0 0 0 0 0 0 0 0
 0 0 0 0 0 0 0 0 0 0 0 0 0 0 0 0 0 0 0 0 0 0 0 0 0 0
 0 0 0 0 0 0 0 0 0 0 0 0 0 0 0 0 0 0 0 0 0 0 0 0 0 0
ppred_pel_tallas
 1.1533e-16 3.44358e-05 0.000334728 0.00222439 0.0101117 0.0314615 0.0670324 0.0978381 0.0978493 0.0670878 0.0316494 0.0106633 0.00364113 0.00353433 0.00642344 0.0113773 0.0182728 0.0268954 0.0368979 0.047881 0.0592097 0.0696367 0.0772029 0.0797989 0.076183 0.0667584
 1.28694e-16 3.31074e-05 0.000321816 0.00213858 0.0097217 0.030248 0.0644475 0.0940687 0.0940956 0.0645793 0.030691 0.011003 0.00536199 0.00738338 0.0135218 0.022519 0.0329859 0.0427402 0.0496961 0.0531876 0.0544723 0.0558377 0.0589424 0.0636609 0.0681897 0.0701528
 1.2473e-16 4.42594e-05 0.000430217 0.00285894 0.0129964 0.0404366 0.0861552 0.12575 0.12577 0.086254 0.040769 0.0139586 0.00528292 0.00575052 0.0102347 0.0170812 0.0251604 0.0328575 0.0385961 0.0417788 0.0431632 0.0442622 0.0462284 0.0491008 0.0518802 0.053199
 1.08566e-16 6.32149e-05 0.000614472 0.00408338 0.0185625 0.0577548 0.123053 0.179602 0.179616 0.123118 0.057971 0.0191878 0.00565559 0.00405549 0.00662514 0.0109251 0.0159083 0.020393 0.0232366 0.0239625 0.0230508 0.0215836 0.0205229 0.0201858 0.0202325 0.0200368
 1.05435e-16 5.25405e-05 0.000510712 0.00339386 0.015428 0.0480025 0.102275 0.14928 0.149308 0.102412 0.0484611 0.0167527 0.00671925 0.00777138 0.013846 0.0228188 0.0328963 0.041438 0.0457947 0.0447648 0.039315 0.0319191 0.0250594 0.0200552 0.0168943 0.0148318
 1.04398e-16 5.93479e-05 0.000576883 0.00383359 0.0174269 0.0542218 0.115526 0.168617 0.168636 0.115616 0.0545243 0.0183017 0.00603267 0.00538892 0.00923178 0.0152556 0.022175 0.0283134 0.0319908 0.0324167 0.0301174 0.0264917 0.0228782 0.0198902 0.0174158 0.015062
 1.07478e-16 3.75897e-05 0.000365385 0.00242811 0.0110379 0.0343431 0.0731732 0.106807 0.106846 0.0733675 0.0349959 0.012924 0.00716533 0.0107162 0.0197238 0.0326224 0.0471669 0.0596907 0.066476 0.0658136 0.0589943 0.0493581 0.0402017 0.0331938 0.0282277 0.0243235
 1.14946e-16 3.42397e-05 0.000332822 0.00221172 0.0100542 0.0312824 0.0666516 0.0972859 0.0973147 0.0667923 0.0317556 0.0114248 0.00566626 0.00792126 0.0145848 0.0244215 0.0360306 0.0471055 0.0552783 0.0594219 0.0601773 0.0591926 0.0577492 0.0559595 0.0530567 0.0482944
 1.19974e-16 4.01921e-05 0.000390681 0.00259622 0.011802 0.0367206 0.078238 0.114196 0.114219 0.0783508 0.0370998 0.0129 0.00536267 0.0064648 0.0116805 0.0195257 0.0287938 0.0376581 0.0443093 0.0480112 0.0495081 0.0503399 0.0516113 0.0532238 0.0540733 0.0528848
 1.14127e-16 5.31052e-05 0.000516202 0.00343034 0.0155939 0.0485184 0.103374 0.150882 0.1509 0.103464 0.0488219 0.0164719 0.00563957 0.00535619 0.0092969 0.015425 0.0225527 0.0290982 0.0335111 0.0351552 0.0346931 0.0335706 0.0330077 0.0332902 0.0337999 0.0335778
 1.05767e-16 6.32446e-05 0.00061476 0.0040853 0.0185712 0.057782 0.123111 0.179688 0.179703 0.123187 0.0580353 0.0193034 0.00592502 0.00463649 0.00771812 0.012705 0.0184058 0.0233861 0.0262364 0.0263328 0.0242071 0.0211617 0.018441 0.0166093 0.0155001 0.0145917
 1.03594e-16 5.84935e-05 0.000568578 0.0037784 0.0171761 0.0534412 0.113863 0.166191 0.166213 0.113972 0.0538084 0.0182367 0.00644132 0.00638394 0.0111094 0.0182908 0.0263841 0.0332676 0.0368186 0.0360628 0.0317459 0.0258082 0.0201999 0.0159624 0.0131098 0.0111075
 1.04137e-16 5.41766e-05 0.000526616 0.00349955 0.0159085 0.0494973 0.10546 0.153927 0.153952 0.105581 0.0499038 0.0170833 0.00645101 0.00697798 0.0123308 0.0203632 0.0294771 0.037378 0.0417528 0.04152 0.0374376 0.0315185 0.0257517 0.0211493 0.0176789 0.0148194
 1.0612e-16 4.92435e-05 0.000478664 0.00318089 0.0144599 0.0449902 0.0958575 0.139912 0.13994 0.0959906 0.0454376 0.015753 0.00643091 0.00758708 0.0135895 0.0224934 0.0326448 0.0415715 0.0467746 0.0470907 0.0433373 0.0376539 0.0321014 0.0276446 0.0241234 0.0209072
 1.06033e-16 5.732e-05 0.000557171 0.0037026 0.0168315 0.0523691 0.111579 0.162856 0.162875 0.111671 0.052681 0.0177334 0.00597045 0.00552131 0.0095247 0.0157598 0.022943 0.0293721 0.0333454 0.0340783 0.0321316 0.0289376 0.0258268 0.023343 0.0212599 0.0190724
 1.01418e-16 7.52661e-05 0.000731614 0.00486183 0.0221012 0.068765 0.146511 0.213839 0.213845 0.146541 0.0688656 0.0223918 0.00559194 0.00232722 0.00311087 0.00503774 0.00728304 0.00922991 0.0103055 0.0102501 0.00926392 0.00785929 0.00653691 0.00554256 0.00484653 0.00428585
 1.02419e-16 3.41532e-05 0.000331981 0.00220613 0.0100288 0.0312036 0.0664845 0.097047 0.0970993 0.0667399 0.0320611 0.0125047 0.00841732 0.0138789 0.0257266 0.0423838 0.060833 0.076038 0.0828887 0.0790304 0.0662916 0.0494994 0.0336712 0.0217437 0.0141315 0.00972458
 1.02243e-16 7.26902e-05 0.000706575 0.00469544 0.0213448 0.0664115 0.141497 0.20652 0.206525 0.141523 0.0664992 0.0215989 0.00533706 0.00211979 0.00279329 0.00459816 0.00683806 0.00905819 0.0108307 0.0119311 0.0124183 0.0124979 0.0122988 0.0117737 0.0107929 0.00931733
 1.02854e-16 4.94029e-05 0.000480214 0.00319119 0.0145067 0.045136 0.0961682 0.140368 0.140402 0.0963378 0.0457054 0.0161508 0.00731574 0.00947671 0.0171137 0.0281584 0.0404299 0.0505773 0.0552288 0.0528498 0.0446814 0.0339393 0.0239319 0.0165434 0.0119495 0.00930854
 1.05671e-16 4.9406e-05 0.000480244 0.00319139 0.0145076 0.0451387 0.0961737 0.140374 0.140399 0.0962963 0.0455505 0.0156988 0.00618803 0.00704417 0.0125805 0.0208887 0.0304778 0.0391386 0.0446181 0.0458232 0.0433778 0.0390213 0.0343883 0.0301819 0.0262426 0.02217
 1.05545e-16 5.97454e-05 0.000580747 0.00385927 0.0175437 0.054585 0.1163 0.169746 0.169764 0.116384 0.054867 0.0183589 0.00590908 0.0050668 0.0086131 0.0142334 0.0207086 0.0264906 0.0300421 0.0306634 0.0288799 0.0260086 0.0232666 0.0211401 0.0193957 0.0175342
 1.04027e-16 6.04154e-05 0.000587259 0.00390254 0.0177404 0.0551971 0.117604 0.17165 0.17167 0.1177 0.0555189 0.0186703 0.00623783 0.0056891 0.00976133 0.0160727 0.0232215 0.029361 0.0326526 0.0322573 0.0288254 0.024028 0.0195181 0.0161379 0.0138348 0.0121013
 1.08079e-16 2.72253e-05 0.00026464 0.00175863 0.0079945 0.0248741 0.0529988 0.0773637 0.0774135 0.053242 0.0256909 0.0103545 0.00768598 0.0132158 0.0246585 0.0408128 0.0590017 0.0746412 0.0830584 0.0820819 0.0732904 0.06084 0.0488677 0.0395248 0.032787 0.0275513
 1.08177e-16 6.04727e-05 0.000587816 0.00390625 0.0177572 0.0552494 0.117715 0.171811 0.17182 0.117763 0.0554109 0.018226 0.00509209 0.00320673 0.00512312 0.00860677 0.0129385 0.0174178 0.0213494 0.0243879 0.0266478 0.0284165 0.0297358 0.0302502 0.0294503 0.02707
 1.07393e-16 5.09198e-05 0.000494959 0.00328918 0.0149521 0.0465218 0.0991206 0.144675 0.144704 0.0992591 0.0469869 0.0162955 0.00666135 0.00785745 0.0140374 0.0231384 0.033363 0.04205 0.0465436 0.0456754 0.0404861 0.0335295 0.0273172 0.0231008 0.0207057 0.019184
 1.10597e-16 3.58721e-05 0.00034869 0.00231717 0.0105335 0.0327739 0.0698297 0.101926 0.101962 0.0700067 0.0333688 0.0122535 0.00664185 0.00981381 0.0180833 0.0300258 0.0436884 0.0558602 0.0632677 0.0643785 0.0602376 0.0535851 0.0470195 0.041692 0.0373127 0.0330371
 1.0839e-16 5.95071e-05 0.000578431 0.00384388 0.0174737 0.0543673 0.115836 0.169068 0.169081 0.1159 0.0545822 0.0180963 0.00541318 0.00402589 0.00667089 0.0111032 0.0163882 0.0214566 0.0252539 0.0273029 0.0279334 0.0279191 0.0278321 0.0276603 0.0269434 0.0252109
 1.06149e-16 5.55526e-05 0.000539991 0.00358843 0.0163125 0.0507544 0.108138 0.157836 0.15786 0.108255 0.0511457 0.017443 0.00642706 0.00673951 0.0118382 0.0195073 0.0281572 0.03555 0.0394555 0.0388803 0.0346688 0.0289224 0.0237076 0.0200563 0.0178408 0.0163198
 1.10095e-16 2.94664e-05 0.000286424 0.00190339 0.00865256 0.0269216 0.0573609 0.0837292 0.0837736 0.0575779 0.0276507 0.01076 0.00719925 0.0118667 0.0220795 0.0366046 0.0530777 0.0674828 0.0757238 0.0758937 0.0693472 0.0596371 0.0502239 0.0427897 0.037149 0.0322794
 1.17722e-16 3.71271e-05 0.000360889 0.00239823 0.010902 0.0339204 0.0722717 0.105487 0.105509 0.0723779 0.0342778 0.0119388 0.00501745 0.00613425 0.0111657 0.0188315 0.0281384 0.0375265 0.0453976 0.0509988 0.0547173 0.0574486 0.0596001 0.060634 0.0594888 0.0554199
pSPR Fmed_Fpbrs
0.723815   0.194195 0.194195
Fs Fmed_Fpbrs
0.162756   1.005 1.005
SSBpbr Bo_Bmed_Bpbrs
2.36936e+06  1.59651e+06  341651 341651
Ro
224655
SPR SPRFo_SPRFmed_SPRFpbrs
1.59918e+06 1.15751e+06 310553
Fref
1.005
log_Ro
12.1423
likeval ReclasPelacesDesembMPH_pf_preclas_ppelaces_ptallas_desvR_qrecl_qpela
 18.1937 17.8579 0.129177 0.00342962 229.543 107.054 77.3381 0 20.061 9.00309e-06 0 0.656744 0 0 0
q_reclas_q_pelaces
0.653648 1
M
1
N
 241413 52901.8 215728 11322.1 0.364368
 140769 81848.7 17743.1 72354.4 3797.51
 137809 44731.6 25509.4 5529.91 23733.9
 294364 44019.5 14023.8 7997.45 9174.5
 236448 89329.9 13022.5 4148.72 5080.06
 370103 81825.7 30664.6 4470.27 3167.99
 157258 120559 26228.6 9829.27 2448.38
 76102.5 44845.5 33240.4 7231.72 3385.19
 65993.8 26928.4 15786.8 11701.5 3737.44
 83378.1 20814.6 8322.03 4878.8 4771.3
 144964 25062.5 6091.54 2435.51 2824.18
 181575 50454.7 8659.24 2104.67 1817.25
 154085 50985.3 13669.9 2346.08 1062.58
 108266 44044.9 14095.5 3779.19 942.362
 110893 26587 10252.8 3281.16 1099.09
 527457 31116.5 7197.61 2775.64 1185.82
 136135 149994 8552.22 1978.23 1088.78
 817916 42398 45695.8 2605.44 934.368
 496346 253324 12835.8 13834.2 1071.66
 390347 142264 70249.3 3559.48 4133.53
 562382 115641 40955 20223.4 2214.67
 749624 175507 35311.6 12505.9 6851.61
 171102 223348 50852.8 10231.5 5608.81
 490876 55646.4 71463 16271 5068.29
 409176 162632 18182.5 23350.6 6972.61
 188753 135176 52968.1 5921.9 9876.04
 410333 63659.9 45069.1 17660.1 5267.18
 444966 136034 20816 14737 7496.91
 139849 149795 45260.5 6925.77 7397.55
 114237 46994.3 49737 15028 4755.81
pred_Ctot
 12043.4 2975.15 12132.4 636.744 0.0204917
 12267.6 8013.57 1737.17 7084.01 371.803
 11606.8 4233.84 2414.47 523.405 2246.41
 33094.9 5546.95 1767.16 1007.77 1156.09
 8908.56 3798.37 553.725 176.407 216.008
 27063.4 6730.97 2522.46 367.724 260.599
 22817.1 19544.2 4251.99 1593.45 396.915
 1841.19 1225.95 908.697 197.694 92.5412
 6025.99 2761.42 1618.88 1199.95 383.262
 9800.73 2740.91 1095.87 642.453 628.297
 4961.93 968.448 235.386 94.1114 109.13
 27773.7 8616.23 1478.75 359.418 310.336
 22169.3 8197.1 2197.75 377.187 170.835
 23509.9 10609.6 3395.34 910.338 226.998
 17001.5 4550.65 1754.88 561.605 188.121
 77287.3 5093.58 1178.2 454.354 194.11
 13382.7 16548.5 943.549 218.254 120.123
 82894.9 4821.16 5196.16 296.27 106.249
 70723 40339.9 2043.99 2202.98 170.653
 48898.9 19950.1 9851.25 499.156 579.657
 54651.9 12613.7 4467.23 2205.9 241.568
 91638.1 24024.5 4833.67 1711.88 937.891
 12667.8 18600.3 4234.99 852.071 467.098
 31110.5 3970.89 5099.56 1161.09 361.67
 26610.5 11906.9 1331.21 1709.59 510.492
 9999.81 8071 3162.57 353.58 589.67
 25853.7 4516.31 3197.4 1252.88 373.677
 24055.5 8287.45 1268.15 897.807 456.726
 7709.09 9304.32 2811.29 430.184 459.488
 8519.4 3942.02 4172.08 1260.59 398.931
F
 0.0816385 0.092443 0.092443 0.092443 0.092443
 0.146443 0.165824 0.165824 0.165824 0.165824
 0.141233 0.159925 0.159925 0.159925 0.159925
 0.19248 0.217954 0.217954 0.217954 0.217954
 0.0611373 0.0692287 0.0692287 0.0692287 0.0692287
 0.121644 0.137743 0.137743 0.137743 0.137743
 0.254667 0.288371 0.288371 0.288371 0.288371
 0.0388988 0.0440469 0.0440469 0.0440469 0.0440469
 0.153908 0.174277 0.174277 0.174277 0.174277
 0.202015 0.228751 0.228751 0.228751 0.228751
 0.0554111 0.0627446 0.0627446 0.0627446 0.0627446
 0.27013 0.305881 0.305881 0.305881 0.305881
 0.252295 0.285685 0.285685 0.285685 0.285685
 0.404167 0.457657 0.457657 0.457657 0.457657
 0.27083 0.306673 0.306673 0.306673 0.306673
 0.257473 0.291549 0.291549 0.291549 0.291549
 0.166546 0.188588 0.188588 0.188588 0.188588
 0.172089 0.194865 0.194865 0.194865 0.194865
 0.249588 0.28262 0.28262 0.28262 0.28262
 0.216551 0.245211 0.245211 0.245211 0.245211
 0.164504 0.186275 0.186275 0.186275 0.186275
 0.210838 0.238742 0.238742 0.238742 0.238742
 0.123242 0.139553 0.139553 0.139553 0.139553
 0.104702 0.118559 0.118559 0.118559 0.118559
 0.107565 0.121801 0.121801 0.121801 0.121801
 0.0868844 0.0983833 0.0983833 0.0983833 0.0983833
 0.104062 0.117834 0.117834 0.117834 0.117834
 0.088728 0.100471 0.100471 0.100471 0.100471
 0.0905396 0.102522 0.102522 0.102522 0.102522
 0.12419 0.140626 0.140626 0.140626 0.140626
nmprior
 8 8 7 0
nm_flota  nm_reclas  nm_pelaces    nm_pelaL
inf 10.9684 11.9879 19.7011
cv_recla  cv_pelaces  cv_mph
0.3949 0.497256 1.80729
 ------------------------------------------------
Talla a la edad & desviación 
 8 13.2811 15.8009 17.003 17.5766
 0.8 1.32811 1.58009 1.7003 1.75766
