years
 1991 1992 1993 1994 1995 1996 1997 1998 1999 2000 2001 2002 2003 2004 2005 2006 2007 2008 2009 2010 2011 2012 2013 2014 2015 2016 2017 2018 2019 2020
reclasobs
 0 0 0 0 0 0 0 0 0 252601 567819 844713 477998 351125 339783 2.1784e+06 2.13404e+06 4.81314e+06 1.55562e+06 2.62356e+06 3.21686e+06 3.843e+06 1.13348e+06 3.07943e+06 1.97215e+06 2.03268e+06 2.025e+06 2.42433e+06 2.27542e+06 1.05018e+06
reclaspred
 3.2004e+06 1.79949e+06 911921 916056 916553 1.43686e+06 920889 823044 603763 445569 504129 640993 631630 494904 498568 1.26336e+06 1.22714e+06 2.75844e+06 2.28531e+06 1.75809e+06 3.08458e+06 2.47186e+06 1.97034e+06 3.01333e+06 2.26843e+06 2.00825e+06 2.38646e+06 2.51623e+06 2.05822e+06 1.3029e+06
pelacesobs
 0 0 0 0 0 0 0 0 0 0 0 0 0 0 0 552880 188675 0 991730 2.46772e+06 1.41603e+06 1.21717e+06 2.29649e+06 1.80582e+06 0 1.4828e+06 1.56532e+06 1.57751e+06 1.42118e+06 867257
pelacespred
 1.80712e+06 1.13229e+06 575519 472051 490086 793593 475975 520131 370901 260288 302818 322227 348306 288879 298005 625323 607926 1.56989e+06 1.3459e+06 959751 1.62621e+06 1.42589e+06 1.12931e+06 1.88443e+06 1.36969e+06 1.20766e+06 1.63508e+06 1.70315e+06 1.14591e+06 824181
mphobs
 0 0 0 0 0 0 0 0 0 0 0 498337 0 5186 125008 0 168611 109162 213762 579715 649985 157893 87575 83554 0 0 0 0 0 0
mphpred
 486468 325088 162772 88889.1 98256 111190 145977 92911.7 82451.5 57646.4 38614.2 59892.2 64183.4 54580.1 37442.1 46796 146297 139730 275477 209915 232721 282870 264969 219266 302939 250401 206396 221032 305338 206834
desembarqueobs
 494567 514787 250237 358949 120608 361735 552515 73892 212993 205616 52469 317467 293654 387597 252695 516296 358380 742168 942051 627588 828172 859565 418607 520667 417249 300574 407403 355545 319650 289779
desembarquepred
 494574 513451 250910 358977 120613 361749 552565 73896 213040 205659 52471.4 317532 293707 387642 252695 516271 358408 742091 941897 627478 828236 859581 418615 520688 417248 300576 407403 355533 319644 289789
Reclutas
 203625 116347 116087 198997 159707 269909 113045 52412.4 49115.6 65204.5 120057 155389 129888 90521.7 90931.3 483807 104283 750322 434606 354226 495286 658792 141334 413119 350049 157068 353664 390572 111783 86772.7
log_desv_Rt
 0.107566 -0.45214 -0.454376 0.0845749 -0.135372 0.389369 -0.480932 -1.24957 -1.31454 -1.03119 -0.420747 -0.162782 -0.342044 -0.703125 -0.69861 0.972971 -0.561609 1.41179 0.865725 0.66122 0.99642 1.28169 -0.25759 0.815022 0.649358 -0.152034 0.659633 0.758898 -0.492159 -0.745423
SSB
 3.42158e+06 2.28651e+06 1.14486e+06 625204 691086 782061 1.02673e+06 653497 579925 405458 271594 421253 451435 383890 263350 329141 1.02899e+06 982795 1.93757e+06 1.47644e+06 1.63685e+06 1.98957e+06 1.86367e+06 1.54221e+06 2.13073e+06 1.7612e+06 1.45169e+06 1.55463e+06 2.14761e+06 1.45477e+06
BT
 4.58456e+06 3.11933e+06 1.57733e+06 1.39034e+06 1.2247e+06 2.13778e+06 1.59346e+06 1.26357e+06 1.06667e+06 798896 743667 1.0099e+06 1.07022e+06 1.06965e+06 940798 1.86112e+06 1.68183e+06 4.27479e+06 4.00934e+06 2.77379e+06 4.41928e+06 4.09394e+06 2.96908e+06 4.82872e+06 3.5425e+06 3.05052e+06 4.18494e+06 4.28254e+06 2.90605e+06 2.18225e+06
Ftot
 0.12445 0.226331 0.220341 0.331174 0.111097 0.218266 0.476357 0.0753043 0.29274 0.380179 0.0929732 0.417651 0.390494 0.648009 0.442623 0.371477 0.239983 0.241179 0.344454 0.30034 0.229892 0.295512 0.173902 0.15223 0.15416 0.124466 0.149642 0.125189 0.124952 0.180489
BD_Bspro_t
 0.980321 0.856148 0.705319 0.619812 0.612993 0.684736 0.675219 0.520905 0.577764 0.539185 0.509718 0.69813 0.585156 0.49736 0.391659 0.44718 0.61157 0.58814 0.680962 0.589277 0.568773 0.613008 0.625714 0.619968 0.719416 0.727635 0.734844 0.77029 0.811447 0.747614
BD_Bspro
 2.62863 1.75661 0.87954 0.480312 0.530926 0.600818 0.788785 0.502048 0.445527 0.311492 0.208652 0.323627 0.346815 0.294923 0.202318 0.252862 0.790518 0.755031 1.48854 1.13428 1.25751 1.52849 1.43176 1.1848 1.63693 1.35304 1.11526 1.19435 1.6499 1.11763
BD_Bo
 1.70572 1.13987 0.570734 0.311675 0.344518 0.389871 0.511843 0.325779 0.289102 0.202128 0.135394 0.210002 0.225048 0.191376 0.131285 0.164082 0.512968 0.48994 0.965914 0.736033 0.815998 0.991836 0.929071 0.768819 1.06221 0.877989 0.723692 0.775012 1.07062 0.725228
BD_Brms
 10.597 7.08155 3.54575 1.93632 2.14036 2.42212 3.17988 2.02394 1.79608 1.25574 0.841152 1.30466 1.39814 1.18895 0.815621 1.01938 3.18687 3.04381 6.00086 4.57269 5.06949 6.1619 5.77196 4.77638 6.59908 5.45461 4.49602 4.81486 6.65135 4.50557
Sel_flota
 0.80537 0.987441 0.999331 0.999965 0.999998
 0.80537 0.987441 0.999331 0.999965 0.999998
 0.80537 0.987441 0.999331 0.999965 0.999998
 0.80537 0.987441 0.999331 0.999965 0.999998
 0.80537 0.987441 0.999331 0.999965 0.999998
 0.80537 0.987441 0.999331 0.999965 0.999998
 0.80537 0.987441 0.999331 0.999965 0.999998
 0.80537 0.987441 0.999331 0.999965 0.999998
 0.80537 0.987441 0.999331 0.999965 0.999998
 0.80537 0.987441 0.999331 0.999965 0.999998
 0.80537 0.987441 0.999331 0.999965 0.999998
 0.80537 0.987441 0.999331 0.999965 0.999998
 0.80537 0.987441 0.999331 0.999965 0.999998
 0.80537 0.987441 0.999331 0.999965 0.999998
 0.80537 0.987441 0.999331 0.999965 0.999998
 0.80537 0.987441 0.999331 0.999965 0.999998
 0.80537 0.987441 0.999331 0.999965 0.999998
 0.80537 0.987441 0.999331 0.999965 0.999998
 0.80537 0.987441 0.999331 0.999965 0.999998
 0.80537 0.987441 0.999331 0.999965 0.999998
 0.80537 0.987441 0.999331 0.999965 0.999998
 0.80537 0.987441 0.999331 0.999965 0.999998
 0.80537 0.987441 0.999331 0.999965 0.999998
 0.80537 0.987441 0.999331 0.999965 0.999998
 0.80537 0.987441 0.999331 0.999965 0.999998
 0.80537 0.987441 0.999331 0.999965 0.999998
 0.80537 0.987441 0.999331 0.999965 0.999998
 0.80537 0.987441 0.999331 0.999965 0.999998
 0.80537 0.987441 0.999331 0.999965 0.999998
 0.80537 0.987441 0.999331 0.999965 0.999998
Sel_reclas
 1 1 1 1 1
 1 1 1 1 1
 1 1 1 1 1
 1 1 1 1 1
 1 1 1 1 1
 1 1 1 1 1
 1 1 1 1 1
 1 1 1 1 1
 1 1 1 1 1
 1 1 1 1 1
 1 1 1 1 1
 1 1 1 1 1
 1 1 1 1 1
 1 1 1 1 1
 1 1 1 1 1
 1 1 1 1 1
 1 1 1 1 1
 1 1 1 1 1
 1 1 1 1 1
 1 1 1 1 1
 1 1 1 1 1
 1 1 1 1 1
 1 1 1 1 1
 1 1 1 1 1
 1 1 1 1 1
 1 1 1 1 1
 1 1 1 1 1
 1 1 1 1 1
 1 1 1 1 1
 1 1 1 1 1
Sel_pelaces
 1 1 1 1 1
 1 1 1 1 1
 1 1 1 1 1
 1 1 1 1 1
 1 1 1 1 1
 1 1 1 1 1
 1 1 1 1 1
 1 1 1 1 1
 1 1 1 1 1
 1 1 1 1 1
 1 1 1 1 1
 1 1 1 1 1
 1 1 1 1 1
 1 1 1 1 1
 1 1 1 1 1
 1 1 1 1 1
 1 1 1 1 1
 1 1 1 1 1
 1 1 1 1 1
 1 1 1 1 1
 1 1 1 1 1
 1 1 1 1 1
 1 1 1 1 1
 1 1 1 1 1
 1 1 1 1 1
 1 1 1 1 1
 1 1 1 1 1
 1 1 1 1 1
 1 1 1 1 1
 1 1 1 1 1
pf_obs 
 0.8446 0.082 0.0669 0.0065 0
 0.8095 0.147 0.0364 0.0071 0
 0.9664 0.0169 0.016 0.0007 0
 0.9276 0.0648 0.0075 0.0001 0
 0.7033 0.2144 0.0806 0.0017 0
 0.9318 0.0425 0.0243 0.0014 0
 0.5671 0.3108 0.0964 0.0239 0.0018
 0.0768 0.2599 0.5324 0.112 0.0189
 0.490249 0.384438 0.106611 0.0170017 0.00170017
 0.7925 0.1577 0.0466 0.003 0.0002
 0.840416 0.127587 0.0312969 0.00059994 9.999e-05
 0.8084 0.0986 0.0794 0.0134 0.0002
 0.7335 0.1905 0.0724 0.0035 0.0001
 0.4001 0.4547 0.1325 0.0127 0
 0.49795 0.308269 0.164784 0.0264974 0.00249975
 0.9179 0.0499 0.0305 0.0017 0
 0.2467 0.6533 0.0926 0.0074 0
 0.9418 0.0223 0.034 0.0019 0
 0.707729 0.231977 0.0356964 0.0245975 0
 0.517169 0.277429 0.184464 0.0207286 0.00020938
 0.811772 0.124168 0.05621 0.00726502 0.000585176
 0.764997 0.148141 0.077277 0.00933861 0.000247198
 0.163321 0.427699 0.378323 0.0303852 0.000271297
 0.753843 0.0900009 0.118128 0.0371064 0.000921714
 0.721811 0.176058 0.0630433 0.0369309 0.00215725
 0.143369 0.312575 0.442814 0.0836902 0.0175525
 0.692698 0.0596174 0.167031 0.0765114 0.00414204
 0.394062 0.376323 0.152708 0.0712218 0.00568511
 0.125707 0.32114 0.495352 0.0537591 0.00404204
 0.23352 0.215282 0.420074 0.123614 0.00750983
pf_pred 
 0.438174 0.120506 0.417078 0.0242417 7.846e-07
 0.411853 0.289278 0.0647259 0.221289 0.012854
 0.557519 0.206669 0.116782 0.0257923 0.0932379
 0.739873 0.159187 0.0474815 0.026484 0.0269745
 0.646994 0.276189 0.0472668 0.0139059 0.0156447
 0.742581 0.178347 0.0620326 0.0104878 0.00655248
 0.472525 0.41283 0.0797494 0.0273801 0.00751598
 0.447865 0.295197 0.20175 0.0383988 0.0167888
 0.529638 0.234895 0.126598 0.0854961 0.0233719
 0.692017 0.180767 0.0639718 0.0340145 0.0292295
 0.805292 0.144233 0.0298031 0.0103991 0.0102729
 0.726934 0.228202 0.0333393 0.00680616 0.00471778
 0.673213 0.252394 0.0623195 0.00897368 0.00309938
 0.615524 0.278333 0.0822485 0.0200194 0.00387533
 0.72405 0.186992 0.064691 0.0188073 0.00545909
 0.930236 0.053768 0.010891 0.00371294 0.00139167
 0.382451 0.583061 0.0266671 0.00532598 0.00249439
 0.895604 0.0454689 0.0556769 0.00251329 0.000736523
 0.593934 0.371557 0.0151422 0.0182995 0.00106738
 0.612493 0.251322 0.124762 0.00501426 0.00640851
 0.727717 0.18124 0.0593294 0.0290558 0.00265828
 0.736146 0.203049 0.0406535 0.0131355 0.00701662
 0.322299 0.52728 0.116122 0.0229375 0.0113619
 0.73651 0.0976882 0.129365 0.0281329 0.00830411
 0.625151 0.291034 0.0313208 0.0409639 0.0115302
 0.433582 0.381403 0.144058 0.0153115 0.0256451
 0.73047 0.130908 0.0937202 0.0349677 0.00993482
 0.682394 0.244769 0.0356063 0.0251767 0.0120544
 0.339578 0.479356 0.139943 0.0201095 0.0210133
 0.428048 0.22193 0.25492 0.073514 0.021588
pobs_RECLAS
 0 0 0 0 0
 0 0 0 0 0
 0 0 0 0 0
 0 0 0 0 0
 0 0 0 0 0
 0 0 0 0 0
 0 0 0 0 0
 0 0 0 0 0
 0 0 0 0 0
 0 0 0 0 0
 0.991045 0.00858322 0.000360255 1.14367e-05 0
 0.934742 0.0480273 0.0164251 0.00080598 0
 0.827803 0.169806 0.00239088 0 0
 0.941827 0.0461693 0.0120037 0 0
 0.791401 0.0380133 0.147996 0.0225897 0
 0.846168 0.0940531 0.0597789 0 0
 0.134021 0.677848 0.182769 0.00536245 0
 0.80878 0.0450904 0.141981 0.00414843 0
 0.846168 0.0940531 0.0597789 0 0
 0.905697 0.0802665 0.012482 0.00150086 5.37128e-05
 0.989698 0.0102097 9.19794e-05 0 0
 0.975433 0.0193895 0.00387452 0.00125025 5.28907e-05
 0.303575 0.632131 0.0575291 0.00676475 0
 0.966965 0.00978017 0.0227588 0.000495775 0
 0.843318 0.132988 0.00938335 0.0141283 0.000182051
 0.564624 0.303363 0.111486 0.0197234 0.00080311
 0.826376 0.0876187 0.0782897 0.00655872 0.00115652
 0.89761 0.0855135 0.0140674 0.00269457 0.000114338
 0.34875 0.467042 0.161289 0.0227151 0.000203297
 0.318654 0.224769 0.449479 0.00709798 0
ppred_RECLAS
 0.491705 0.110067 0.376366 0.0218614 7.07535e-07
 0.464558 0.265061 0.058586 0.200168 0.0116267
 0.609569 0.18358 0.102474 0.0226176 0.0817589
 0.779094 0.135853 0.0400226 0.022309 0.0227214
 0.692994 0.240841 0.0407222 0.0119728 0.0134694
 0.780895 0.152377 0.0523557 0.008846 0.00552654
 0.526615 0.371527 0.0708691 0.0243149 0.00667434
 0.500341 0.268656 0.181412 0.0345057 0.0150862
 0.5828 0.209665 0.111615 0.0753282 0.0205916
 0.736171 0.15567 0.0544072 0.0289098 0.024842
 0.835923 0.12193 0.0248924 0.00868008 0.00857445
 0.76736 0.194823 0.0281081 0.00573441 0.00397475
 0.718532 0.218014 0.0531624 0.00765004 0.00264212
 0.666622 0.242214 0.0706522 0.017185 0.00332653
 0.765243 0.159732 0.0545693 0.0158541 0.00460172
 0.942909 0.0441281 0.00882772 0.00300754 0.00112724
 0.432825 0.53587 0.0242102 0.00483214 0.00226302
 0.914071 0.0376857 0.045584 0.00205636 0.000602598
 0.643778 0.326301 0.0131338 0.0158619 0.000925164
 0.66186 0.220259 0.108 0.00433774 0.00554369
 0.76766 0.155296 0.0502181 0.0245777 0.00224851
 0.77526 0.173448 0.0343011 0.0110757 0.00591614
 0.369652 0.491773 0.106993 0.0211206 0.0104616
 0.775912 0.083723 0.109534 0.0238049 0.00702635
 0.672757 0.254783 0.0270886 0.0354059 0.00996543
 0.485655 0.347722 0.129756 0.0137825 0.0230835
 0.770241 0.1123 0.0794285 0.0296163 0.00841414
 0.72582 0.211902 0.0304543 0.02152 0.0103033
 0.387947 0.445737 0.128562 0.0184623 0.0192914
 0.481171 0.202841 0.230174 0.0663349 0.0194791
pobs_PELACES
 0 0 0 0 0
 0 0 0 0 0
 0 0 0 0 0
 0 0 0 0 0
 0 0 0 0 0
 0 0 0 0 0
 0 0 0 0 0
 0 0 0 0 0
 0 0 0 0 0
 0 0 0 0 0
 0 0 0 0 0
 0 0 0 0 0
 0 0 0 0 0
 0 0 0 0 0
 0 0 0 0 0
 0 0 0 0 0
 0.505614 0.472636 0.0217494 0 0
 0 0 0 0 0
 0.443492 0.261883 0.143347 0.151278 0
 0.227955 0.32914 0.350689 0.0885471 0.00366901
 0.970185 0.0296113 0.000203453 0 0
 0.997202 0.00247181 0.000326279 0 0
 0.445219 0.490057 0.0546422 0.010081 0
 0.90214 0.0892962 0.00764917 0.000914606 0
 0 0 0 0 0
 0.581667 0.319106 0.0959925 0.00289975 0.000334073
 0.762889 0.0836404 0.116647 0.0363945 0.000428098
 0.88444 0.0763242 0.0277011 0.0115352 0
 0.521256 0.241999 0.230069 0.00667565 0
 0.616807 0.101726 0.260614 0.0208532 0
ppred_PELACES
 0.49367 0.109684 0.374872 0.021774 7.04707e-07
 0.468059 0.263451 0.0581785 0.198766 0.0115453
 0.612827 0.182134 0.101579 0.022419 0.0810408
 0.782587 0.133774 0.0393589 0.0219375 0.0223429
 0.694433 0.239736 0.0405176 0.0119124 0.0134014
 0.783175 0.150831 0.0517801 0.00874835 0.00546552
 0.533846 0.366001 0.0696847 0.0239062 0.00656211
 0.501507 0.268066 0.18096 0.0344193 0.0150484
 0.587212 0.207569 0.110373 0.074485 0.0203611
 0.740704 0.153091 0.0534262 0.0283863 0.024392
 0.836701 0.121364 0.0247677 0.00863644 0.00853133
 0.771857 0.191108 0.027527 0.00561538 0.00389222
 0.723322 0.214378 0.0521958 0.00751034 0.00259386
 0.675372 0.236023 0.0686714 0.0167009 0.00323281
 0.770086 0.156524 0.0533807 0.0155073 0.00450105
 0.944117 0.0432093 0.00863134 0.0029404 0.00110207
 0.436381 0.532538 0.024037 0.00479733 0.00224672
 0.915244 0.0371912 0.0449433 0.00202735 0.000594097
 0.648536 0.32198 0.0129424 0.0156296 0.000911609
 0.665979 0.217666 0.106603 0.00428136 0.00547162
 0.770168 0.153666 0.0496462 0.0242967 0.00222279
 0.778384 0.171082 0.033794 0.0109114 0.00582831
 0.372126 0.489918 0.106516 0.0210258 0.0104146
 0.777564 0.0831373 0.108703 0.0236235 0.00697279
 0.674823 0.253209 0.026905 0.0351648 0.00989755
 0.487564 0.346488 0.129233 0.0137265 0.0229897
 0.771882 0.111532 0.078839 0.0293956 0.00835141
 0.727337 0.210754 0.0302744 0.0213923 0.0102421
 0.389764 0.444474 0.128135 0.0184005 0.0192268
 0.483988 0.201828 0.228862 0.0659544 0.0193673
pobs_pel_tallas
 0 0 0 0 0 0 0 0 0 0 0 0 0 0 0 0 0 0 0 0 0 0 0 0 0 0
 0 0 0 0 0 0 0 0 0 0 0 0 0 0 0 0 0 0 0 0 0 0 0 0 0 0
 0 0 0 0 0 0 0 0 0 0 0 0 0 0 0 0 0 0 0 0 0 0 0 0 0 0
 0 0 0 0 0 0 0 0 0 0 0 0 0 0 0 0 0 0 0 0 0 0 0 0 0 0
 0 0 0 0 0 0 0 0 0 0 0 0 0 0 0 0 0 0 0 0 0 0 0 0 0 0
 0 0 0 0 0 0 0 0 0 0 0 0 0 0 0 0 0 0 0 0 0 0 0 0 0 0
 0 0 0 0 0 0 0 0 0 0 0 0 0 0 0 0 0 0 0 0 0 0 0 0 0 0
 0 0 0 0 0 0 0 0 0 0 0 0 0 0 0 0 0 0 0 0 0 0 0 0 0 0
 0 0 0 0 0 0 0 0 0 0 0 0 0 0 0 0 0 0 0 0 0 0 0 0 0 0
 0 0 0 0 0 0 0 0 0 0 0 0 0 0 0 0 0 0 0 0 0 0 0 0 0 0
 0 0 0 0 0 0 0 0 0 0 0 0 0 0 0 0 0 0 0 0 0 0 0 0 0 0
 0 0 0 0 0 0 0 0 0 0 0 0 0 0 0 0 0 0 0 0 0 0 0 0 0 0
 0.00862536 0 0 0.000197151 0.00414017 0.0128641 0.00837892 0.0270097 0.101434 0.158115 0.152841 0.127902 0.109271 0.109419 0.0830992 0.0579132 0.0238553 0.00714673 0.00463305 0.00128148 0.00103504 0.000492878 0.000147863 0.000147863 4.92878e-05 0
 0 0 0 0 0 0 0 0 0 0 0 0 0 0 0 0 0 0 0 0 0 0 0 0 0 0
 0 0 0 0 0 0 0 0.0054083 0.00873648 0.0413646 0.0450493 0.0745869 0.0622846 0.0627006 0.0613931 0.0827291 0.12552 0.122667 0.0946155 0.0697135 0.0546179 0.0294188 0.0215738 0.0213955 0.0102223 0.00600262
 0 0 0 0 0.00359764 0.0251062 0.0480494 0.140153 0.205849 0.193036 0.1447 0.116669 0.0760912 0.0342217 0.00950174 0.001854 0.000860785 0 0 0 0.000165536 0 0.000143464 0 0 0
 0 0 0 0 0 0 0 0.000145254 0.000435761 0.0275982 0.070085 0.0708112 0.156366 0.174668 0.174014 0.160142 0.0824315 0.0480064 0.0283245 0.00493863 0.00203355 0 0 0 0 0
 0 0 0 0 0 0 0 0 0 0 0 0 0 0 0 0 0 0 0 0 0 0 0 0 0 0
 0 0 1.00437e-05 0.000401748 0.00122533 0.00171747 0.00176769 0.0269171 0.070346 0.194647 0.189555 0.159765 0.064822 0.0314167 0.0384472 0.0292271 0.0345202 0.0313363 0.0194345 0.0106764 0.0143323 0.0359363 0.0279516 0.0138201 0.00172751 0
 0 0.0021121 0.0136068 0.0755702 0.200478 0.177729 0.0527432 0.0373336 0.0318909 0.0142505 0.0149659 0.0166563 0.0217959 0.0798694 0.0677717 0.0528807 0.04013 0.0224614 0.0357745 0.0225083 0.00881397 0.00855152 0.00135912 0.000746735 0 0
 0 0 0 0 5.4009e-05 0.00500934 0.000945158 0.0243581 0.138947 0.33067 0.221406 0.137944 0.0707744 0.0437923 0.0131692 0.00525238 0.0047753 0.00276346 9.45158e-05 9.00151e-06 2.25038e-05 9.00151e-06 4.50075e-06 0 0 0
 0.000866109 0.00284123 0.00948549 0.0512746 0.133035 0.25785 0.225252 0.132002 0.0553304 0.0519788 0.0540692 0.017754 0.00435017 0.00159236 0.00146478 0.000404838 0.000125132 0.000115318 0.000107957 0.000100596 0 0 0 0 0 0
 0 0 0 0 0.00144013 0.00171154 0.00461396 0.0210425 0.0478622 0.0707936 0.0888783 0.103762 0.0637923 0.0337046 0.0602308 0.124433 0.169614 0.0934646 0.0462172 0.0250306 0.0313229 0.00938855 0.002487 0.000210481 0 0
 0 0.00764035 0.051015 0.0998891 0.058973 0.0496711 0.0374665 0.0718981 0.12319 0.153886 0.159021 0.0857701 0.0377988 0.023471 0.0147837 0.00900784 0.00315554 0.000888139 0.00291439 0.00214683 0.00393193 0.00274676 0.000635225 9.99891e-05 0 0
 0 0 0 0 0 0 0 0 0 0 0 0 0 0 0 0 0 0 0 0 0 0 0 0 0 0
 0 0 0 0 0 0 0 0 0 0 0 0 0 0 0 0 0 0 0 0 0 0 0 0 0 0
 0 0 0 0 0 0 0 0 0 0 0 0 0 0 0 0 0 0 0 0 0 0 0 0 0 0
 0 0 0 0 0 0 0 0 0 0 0 0 0 0 0 0 0 0 0 0 0 0 0 0 0 0
 0 0 0 0 0 0 0 0 0 0 0 0 0 0 0 0 0 0 0 0 0 0 0 0 0 0
 0 0 0 0 0 0 0 0 0 0 0 0 0 0 0 0 0 0 0 0 0 0 0 0 0 0
ppred_pel_tallas
 1.1303e-16 4.0663e-05 0.000395259 0.00262663 0.0119403 0.0371508 0.079154 0.11553 0.115541 0.0792087 0.0373359 0.0124822 0.00401378 0.00351224 0.00622009 0.0108944 0.0172589 0.0249616 0.0335463 0.0426059 0.0516744 0.0598718 0.0657262 0.0675664 0.0643573 0.0563852
 1.23634e-16 3.85534e-05 0.000374753 0.00249037 0.0113209 0.0352236 0.0750484 0.109541 0.109566 0.0751731 0.0356423 0.012532 0.00553641 0.00704525 0.0127722 0.021236 0.0310468 0.0400906 0.0463312 0.0490649 0.0494211 0.0495543 0.0511138 0.0541646 0.0572599 0.0584119
 1.18941e-16 5.04778e-05 0.000490662 0.00326062 0.0148223 0.0461179 0.0982597 0.143417 0.143434 0.0983462 0.0464088 0.0156645 0.00538161 0.00514459 0.00896036 0.014924 0.0219524 0.0286014 0.0334602 0.0359698 0.0367599 0.0371382 0.0381302 0.0398317 0.0414754 0.0419982
 1.07152e-16 6.44607e-05 0.000626581 0.00416385 0.0189283 0.0588929 0.125478 0.183142 0.183155 0.125541 0.0591053 0.0195424 0.0057076 0.00400406 0.00650141 0.0107069 0.0155652 0.0198979 0.0225633 0.0230752 0.0218953 0.0200935 0.0186431 0.0179049 0.0176072 0.0171951
 1.04694e-16 5.71996e-05 0.000556 0.00369482 0.0167961 0.0522591 0.111344 0.162515 0.162538 0.111457 0.0526385 0.0178921 0.00644668 0.00656582 0.0114785 0.0189061 0.0272792 0.0344142 0.0381288 0.0374308 0.0331074 0.0271755 0.0216493 0.0175835 0.014949 0.0131359
 1.03336e-16 6.45092e-05 0.000627052 0.00416698 0.0189425 0.0589372 0.125573 0.18328 0.183294 0.125644 0.0591768 0.019635 0.00590764 0.00443484 0.00731944 0.0120592 0.0175077 0.0223142 0.0251401 0.0253588 0.0233983 0.0203903 0.0174251 0.015015 0.0130822 0.0113065
 1.05613e-16 4.39722e-05 0.000427426 0.0028404 0.0129121 0.0401744 0.0855971 0.124939 0.124974 0.0857696 0.0407538 0.0145861 0.00704419 0.0096098 0.0174992 0.0289031 0.0417338 0.0526994 0.0584696 0.0575108 0.0509811 0.0418955 0.0332629 0.0266593 0.0220663 0.0186474
 1.1129e-16 4.13085e-05 0.000401533 0.00266833 0.0121299 0.0377406 0.0804114 0.117368 0.117394 0.0805389 0.0381694 0.0133712 0.00579567 0.00726604 0.0131885 0.0220264 0.0324014 0.042163 0.0491108 0.0521901 0.0519971 0.0501062 0.0478202 0.0454091 0.0423239 0.0379666
 1.14154e-16 4.83679e-05 0.000470153 0.00312434 0.0142028 0.0441903 0.0941527 0.137423 0.137443 0.0942513 0.0445217 0.0151621 0.00554023 0.0057702 0.0101921 0.0169808 0.0249544 0.0324531 0.037832 0.0403935 0.0407689 0.0403465 0.0402087 0.040448 0.0403007 0.0388212
 1.08556e-16 6.10109e-05 0.000593047 0.00394101 0.0179153 0.0557411 0.118763 0.173341 0.173356 0.118835 0.0559845 0.0186191 0.00571091 0.00446754 0.00745173 0.0123095 0.0179359 0.023011 0.0262453 0.0270872 0.026048 0.0243077 0.0229169 0.0222248 0.0218813 0.0212523
 1.03056e-16 6.89179e-05 0.000669907 0.00445177 0.0202371 0.0629652 0.134154 0.195805 0.195816 0.134212 0.0631574 0.0207925 0.00584672 0.0037177 0.00586503 0.00960795 0.0138845 0.0175703 0.0195723 0.0193977 0.0174438 0.0147135 0.0121917 0.0103676 0.00918455 0.00830652
 1.02066e-16 6.35769e-05 0.00061799 0.00410676 0.0186687 0.0580855 0.123758 0.180632 0.180651 0.123848 0.0583877 0.0195417 0.00629801 0.00540167 0.00914914 0.0150261 0.0216425 0.0272225 0.0299997 0.0291591 0.0253162 0.0200901 0.015128 0.0113409 0.00879148 0.00707364
 1.02754e-16 5.95791e-05 0.00057913 0.00384852 0.0174948 0.0544331 0.115976 0.169275 0.169296 0.116077 0.0547728 0.0184765 0.00631419 0.00596708 0.010308 0.0169877 0.0245602 0.0310809 0.0345996 0.0342022 0.0305266 0.0252787 0.0201626 0.0160742 0.0130302 0.0106194
 1.04265e-16 5.56296e-05 0.000540739 0.0035934 0.0163351 0.0508247 0.108288 0.158055 0.158077 0.1084 0.0511991 0.0174174 0.00631281 0.00648658 0.0113753 0.0187896 0.0272302 0.0345958 0.0387729 0.0387744 0.0352912 0.0301463 0.0251202 0.0210863 0.0179673 0.015265
 1.03898e-16 6.3431e-05 0.000616572 0.00409734 0.0186259 0.0579522 0.123474 0.180217 0.180232 0.123548 0.0582009 0.0193447 0.00590412 0.00456937 0.00759584 0.0125236 0.0181913 0.0232065 0.0261898 0.0265019 0.0245955 0.0216448 0.0187675 0.0164654 0.0146177 0.0128546
 1.00742e-16 7.77657e-05 0.00075591 0.00502329 0.0228351 0.0710486 0.151377 0.22094 0.220944 0.151397 0.071117 0.0230328 0.00551975 0.00184046 0.00213981 0.00342052 0.00493422 0.0062355 0.00692816 0.00683198 0.00608371 0.00503787 0.00404671 0.00329225 0.00276826 0.00237292
 1.01692e-16 3.59442e-05 0.000349391 0.00232183 0.0105547 0.0328399 0.0699708 0.102135 0.102186 0.0702212 0.0336803 0.0129809 0.00840767 0.0136212 0.0252012 0.0415001 0.0595306 0.0743384 0.0808978 0.0768919 0.0641203 0.0473432 0.0315266 0.0196031 0.0120231 0.00771814
 1.01611e-16 7.53874e-05 0.000732793 0.00486967 0.0221368 0.0688758 0.146747 0.214183 0.214186 0.146765 0.0689359 0.0223112 0.00531028 0.00170439 0.00194904 0.00317672 0.00474021 0.00631611 0.00761642 0.00848686 0.00895526 0.00913735 0.00909003 0.00875455 0.00803287 0.00691068
 1.02178e-16 5.34192e-05 0.000519253 0.00345062 0.015686 0.0488053 0.103986 0.151777 0.151808 0.104137 0.0493134 0.0171531 0.0071308 0.00854547 0.0152744 0.0251093 0.0360323 0.0450357 0.0490998 0.0468495 0.0393963 0.0296263 0.02052 0.0137911 0.00962291 0.00727669
 1.04488e-16 5.48558e-05 0.000533218 0.00354342 0.0161079 0.0501178 0.106782 0.155856 0.155877 0.106885 0.0504644 0.0171106 0.00606585 0.00605806 0.0106012 0.0175783 0.0256395 0.0329103 0.0374881 0.0384481 0.0363136 0.0325519 0.0285479 0.0249078 0.0215139 0.0180435
 1.04285e-16 6.34378e-05 0.000616638 0.00409777 0.0186279 0.0579584 0.123487 0.180236 0.180251 0.12356 0.0582024 0.0193334 0.0058713 0.00449665 0.00745714 0.0122936 0.0178595 0.0227917 0.0257449 0.0261057 0.0243343 0.0215939 0.018977 0.0169489 0.0153444 0.0137477
 1.031e-16 6.41145e-05 0.000623216 0.00414149 0.0188266 0.0585767 0.124804 0.182159 0.182176 0.124885 0.0588476 0.0196093 0.00610705 0.00491702 0.00822766 0.013524 0.0195317 0.0246818 0.027421 0.0270382 0.0240782 0.0199492 0.0160503 0.0131038 0.0110822 0.00957416
 1.07071e-16 3.06516e-05 0.000297944 0.00197995 0.00900058 0.0280044 0.0596681 0.0870972 0.0871445 0.0598991 0.0287804 0.0112427 0.00761079 0.0125999 0.0234228 0.0387488 0.0559909 0.0707761 0.0786502 0.0775419 0.0689564 0.056865 0.045236 0.036157 0.0296409 0.0246577
 1.06708e-16 6.40469e-05 0.000622559 0.00413712 0.0188068 0.0585149 0.124672 0.181965 0.181973 0.124712 0.0586496 0.0191981 0.00512709 0.00280925 0.00429221 0.00719162 0.0108153 0.0145699 0.017875 0.0204398 0.0223527 0.0238425 0.0249331 0.0253223 0.0245889 0.0225247
 1.06043e-16 5.55844e-05 0.0005403 0.00359048 0.0163218 0.0507834 0.1082 0.157927 0.157951 0.10832 0.0511838 0.0174782 0.00649321 0.00687736 0.0120926 0.0199102 0.0286977 0.0361492 0.0399717 0.0391541 0.0345917 0.0284884 0.0230188 0.0192785 0.0171359 0.0157897
 1.09086e-16 4.016e-05 0.00039037 0.00259415 0.0117926 0.0366914 0.0781762 0.114108 0.114141 0.0783401 0.037242 0.0133846 0.00659643 0.00914808 0.0167334 0.0277593 0.0403568 0.0515308 0.0582331 0.0590361 0.0549143 0.048434 0.0420484 0.0368768 0.0326942 0.028738
 1.06665e-16 6.35789e-05 0.00061801 0.00410689 0.0186693 0.0580873 0.123762 0.180636 0.180647 0.123815 0.058266 0.0191867 0.00541084 0.00348233 0.00555603 0.00922328 0.0136077 0.017806 0.0209366 0.0225976 0.0230585 0.0229613 0.0227862 0.0225352 0.0218432 0.0203382
 1.04807e-16 5.99099e-05 0.000582345 0.00386989 0.017592 0.0547353 0.11662 0.170215 0.170235 0.116719 0.0550687 0.0185552 0.0062881 0.00586302 0.0100942 0.0166083 0.0239586 0.030221 0.0334861 0.0329012 0.0291846 0.0241345 0.0195289 0.0162707 0.0142761 0.0129326
 1.08911e-16 3.21044e-05 0.000312066 0.00207379 0.00942719 0.0293317 0.0624959 0.0912236 0.0912665 0.0627058 0.0300368 0.011465 0.00719402 0.0115065 0.0213421 0.0353622 0.0512423 0.0650779 0.072889 0.0728197 0.0661846 0.0564462 0.0469983 0.039524 0.0338942 0.0291488
 1.16548e-16 3.98655e-05 0.000387507 0.00257512 0.0117061 0.0364223 0.0776022 0.113267 0.113287 0.077699 0.0367484 0.0126525 0.00496687 0.00566312 0.0102196 0.0172534 0.025841 0.0345848 0.0420517 0.0475574 0.0514186 0.0543724 0.0566857 0.0577749 0.0566289 0.0525954
pSPR Fmed_Fpbrs
0.659791   0.210963 0.210963
Fs Fmed_Fpbrs
0.222983   1.005 1.005
SSBpbr Bo_Bmed_Bpbrs
2.00595e+06  1.22321e+06  322883 322883
Ro
182859
SPR SPRFo_SPRFmed_SPRFpbrs
1.30166e+06 858825 274602
Fref
1.005
log_Ro
11.9365
likeval ReclasPelacesDesembMPH_pf_preclas_ppelaces_ptallas_desvR_qrecl_qpela
 14.3518 16.7659 0.0712445 0.000810559 228.734 105.595 76.719 0 22.9839 1.98888e-06 0 0.364082 0 0 0
q_reclas_q_pelaces
0.81886 1
M
1
N
 203625 46100.3 157753 9163.52 0.296575
 116347 67765.4 14998.2 51247.4 2976.71
 116087 35669.5 19936.7 4400.65 15907.7
 198997 35761.9 10556.3 5884.78 5993.6
 159707 56068.4 9486.48 2789.24 3137.9
 269909 53724.5 18483.4 3123.16 1951.2
 113045 83287.6 15932.2 5467.12 1500.71
 52412.4 28336.2 19142.8 3641.18 1591.95
 49115.6 18146.8 9677.28 6531.73 1785.51
 65204.5 14273.6 4999.97 2657.1 2283.25
 120057 17660.7 3607.48 1257.98 1242.67
 155389 40980.2 5927.12 1209.37 838.267
 129888 40836.2 9981.01 1436.44 496.111
 90521.7 34889.3 10216.2 2485.44 481.118
 90931.3 19760.8 6768.7 1966.79 570.874
 483807 23420.9 4695.66 1599.96 599.676
 104283 131961 5970.42 1191.74 558.125
 750322 31621.3 38303.5 1728.05 506.393
 434606 227298 9167.64 11073.1 645.856
 354226 121150 59509.5 2390.39 3054.97
 495286 102314 33130.6 16216 1483.54
 658792 151409 29995.4 9686.37 5174.03
 141334 191026 41603.6 8213.1 4068.18
 413119 45198.7 59186.5 12863.6 3796.87
 350049 134442 14307 18700.8 5263.59
 157068 113740 42474.8 4511.79 7556.53
 353664 52270.9 37003.6 13798.1 3920.11
 390572 115334 16588 11722.1 5612.26
 111783 129903 37495.3 5384.76 5626.59
 86772.7 37185.6 42241.6 12174.5 3575.04
pred_Ctot
 12376.5 3403.75 11780.6 684.722 0.0221615
 12438.6 8736.61 1954.81 6683.25 388.208
 12105.9 4487.59 2535.79 560.051 2024.56
 30094.8 6475.01 1931.34 1077.25 1097.2
 8703.93 3715.53 635.874 187.075 210.466
 27900.6 6700.93 2330.72 394.053 246.193
 23487.2 20520 3964 1360.94 373.587
 1959.31 1291.42 882.611 167.986 73.4472
 6647.31 2948.09 1588.89 1073.03 293.333
 11144.8 2911.23 1030.25 547.798 470.736
 5508.63 986.633 203.869 71.1355 70.2722
 28833.1 9051.4 1322.37 269.959 187.126
 22728.4 8521.1 2103.98 302.961 104.638
 24265.4 10972.5 3242.43 789.21 152.774
 17741.4 4581.88 1585.13 460.835 133.764
 81023.5 4683.19 948.606 323.396 121.214
 11769 17942.3 820.614 163.894 76.7586
 85067.9 4318.81 5288.4 238.722 69.9578
 68072.6 42585.3 1735.49 2097.37 122.335
 49065.4 20132.9 9994.38 401.681 513.371
 53721.7 13379.5 4379.84 2144.97 196.241
 89924.8 24803.6 4966.08 1604.58 857.123
 11810.2 19321.5 4255.13 840.514 416.343
 30434.8 4036.78 5345.77 1162.54 343.151
 26098.7 12150.1 1307.58 1710.16 481.362
 9547.93 8398.9 3172.31 337.175 564.732
 25633.6 4593.8 3288.82 1227.08 348.632
 23874.4 8563.53 1245.73 880.837 421.739
 6820.52 9627.99 2810.78 403.904 422.057
 7509.35 3893.37 4472.12 1289.67 378.723
F
 0.100228 0.122887 0.124366 0.124445 0.12445
 0.18228 0.223488 0.226179 0.226323 0.22633
 0.177456 0.217574 0.220194 0.220334 0.220341
 0.266717 0.327014 0.330952 0.331162 0.331173
 0.0894739 0.109701 0.111022 0.111093 0.111096
 0.175785 0.215524 0.218119 0.218258 0.218265
 0.383643 0.470374 0.476038 0.47634 0.476356
 0.0606479 0.0743585 0.0752539 0.0753017 0.0753042
 0.235764 0.289064 0.292544 0.29273 0.29274
 0.306185 0.375404 0.379924 0.380165 0.380178
 0.0748778 0.0918055 0.092911 0.0929699 0.092973
 0.336364 0.412405 0.417372 0.417636 0.41765
 0.314492 0.38559 0.390233 0.39048 0.390493
 0.521887 0.63987 0.647575 0.647986 0.648008
 0.356475 0.437064 0.442327 0.442607 0.442622
 0.299176 0.366811 0.371228 0.371464 0.371476
 0.193275 0.236969 0.239823 0.239975 0.239983
 0.194239 0.23815 0.241018 0.241171 0.241179
 0.277413 0.340128 0.344224 0.344442 0.344453
 0.241885 0.296568 0.300139 0.300329 0.300339
 0.185148 0.227005 0.229739 0.229884 0.229892
 0.237996 0.2918 0.295314 0.295501 0.295511
 0.140056 0.171718 0.173786 0.173896 0.173902
 0.122601 0.150318 0.152128 0.152225 0.15223
 0.124156 0.152224 0.154057 0.154154 0.154159
 0.100241 0.122903 0.124383 0.124462 0.124466
 0.120517 0.147762 0.149542 0.149636 0.149641
 0.100823 0.123616 0.125105 0.125184 0.125188
 0.100633 0.123383 0.124868 0.124948 0.124952
 0.145361 0.178222 0.180368 0.180483 0.180489
nmprior
 8 8 7 0
nm_flota  nm_reclas  nm_pelaces    nm_pelaL
inf 11.8545 16.3734 28.6396
cv_recla  cv_pelaces  cv_mph
0.350736 0.481812 0.878613
 ------------------------------------------------
Talla a la edad & desviación 
 8 13.2811 15.8009 17.003 17.5766
 0.8 1.32811 1.58009 1.7003 1.75766
