years
 1991 1992 1993 1994 1995 1996 1997 1998 1999 2000 2001 2002 2003 2004 2005 2006 2007 2008 2009 2010 2011 2012 2013 2014 2015 2016 2017 2018 2019 2020
reclasobs
 0 0 0 0 0 0 0 0 0 252601 567819 844713 477998 351125 339783 2.1784e+06 2.13404e+06 4.81314e+06 1.55562e+06 2.62356e+06 3.21686e+06 3.843e+06 1.13348e+06 3.07943e+06 1.97215e+06 2.03268e+06 2.025e+06 2.42433e+06 2.27542e+06 1.05018e+06
reclaspred
 2.55408e+06 2.03079e+06 1.08344e+06 886883 1.15396e+06 1.81177e+06 1.52285e+06 1.31245e+06 807261 483784 433180 581157 594359 511676 649579 1.03215e+06 1.45601e+06 2.51312e+06 2.46699e+06 2.04632e+06 3.49504e+06 2.55937e+06 2.29415e+06 2.83357e+06 2.45947e+06 2.24292e+06 2.45826e+06 2.44927e+06 2.61164e+06 1.67219e+06
pelacesobs
 0 0 0 0 0 0 0 0 0 0 0 0 0 0 0 552880 188675 0 991730 2.46772e+06 1.41603e+06 1.21717e+06 2.29649e+06 1.80582e+06 0 1.4828e+06 1.56532e+06 1.57751e+06 1.42118e+06 867257
pelacespred
 1.08098e+06 965841 549095 395943 509528 807990 695739 656487 430121 241363 225163 238513 262786 246149 333564 440147 606504 1.12701e+06 1.21252e+06 965635 1.44141e+06 1.28788e+06 1.0901e+06 1.43664e+06 1.27583e+06 1.11658e+06 1.36856e+06 1.40039e+06 1.21003e+06 881174
mphobs
 0 0 0 0 0 0 0 0 0 0 0 498337 0 5186 125008 0 168611 109162 213762 579715 649985 157893 87575 83554 0 0 0 0 0 0
mphpred
 1.83795e+06 2.15154e+06 1.17947e+06 641569 794286 1.08654e+06 1.52948e+06 1.08102e+06 892708 479618 296515 418588 453281 393607 343323 595790 1.02612e+06 1.29414e+06 2.10877e+06 1.74538e+06 2.10105e+06 2.40427e+06 2.00856e+06 1.70126e+06 2.37637e+06 1.83596e+06 1.64394e+06 1.89794e+06 2.40557e+06 1.62539e+06
desembarqueobs
 494567 514787 250237 358949 120608 361735 552515 73892 212993 205616 52469 317467 293654 387597 252695 516296 358380 742168 942051 627588 828172 859565 418607 520667 417249 300574 407403 355545 319650 289779
desembarquepred
 494458 510622 251900 358857 120537 361449 552552 73919 213018 205737 52477.2 317743 293764 387411 252657 516115 358865 741659 942132 627187 827911 859685 418473 520415 416809 300406 406885 355422 319591 289666
Reclutas
 513783 45389.8 87492.4 243892 247215 358590 145412 61985.5 30505 63551.7 116464 156136 130751 115202 156030 401782 193532 724628 520879 438330 529687 608597 168620 453286 321869 204607 433787 403361 114460 136281
log_desv_Rt
 0.924867 -1.50165 -0.845383 0.17979 0.193322 0.565244 -0.337365 -1.19003 -1.89904 -1.16508 -0.559351 -0.266206 -0.443638 -0.570247 -0.266888 0.678975 -0.0514927 1.26872 0.938584 0.766038 0.955352 1.09422 -0.189286 0.799588 0.457211 0.00415631 0.755618 0.682897 -0.576708 -0.402215
SSB
 1.83795e+06 2.15154e+06 1.17947e+06 641569 794286 1.08654e+06 1.52948e+06 1.08102e+06 892708 479618 296515 418588 453281 393607 343323 595790 1.02612e+06 1.29414e+06 2.10877e+06 1.74538e+06 2.10105e+06 2.40427e+06 2.00856e+06 1.70126e+06 2.37637e+06 1.83596e+06 1.64394e+06 1.89794e+06 2.40557e+06 1.62539e+06
BT
 3.45411e+06 2.75373e+06 1.57344e+06 1.55579e+06 1.5651e+06 2.89197e+06 2.27263e+06 1.85603e+06 1.30962e+06 885487 762069 1.01644e+06 1.08219e+06 1.24131e+06 1.47248e+06 1.95841e+06 2.04323e+06 4.55867e+06 4.54699e+06 3.32815e+06 5.1508e+06 4.4884e+06 3.28302e+06 5.3165e+06 3.76249e+06 3.42648e+06 4.97143e+06 4.77778e+06 3.21936e+06 2.62592e+06
Ftot
 0.183253 0.236194 0.218869 0.377174 0.0994969 0.188825 0.337879 0.0538163 0.24784 0.394451 0.115347 0.503352 0.456711 0.686597 0.364369 0.464116 0.232264 0.277738 0.356061 0.287531 0.223427 0.314233 0.172579 0.174129 0.160541 0.127259 0.157111 0.137913 0.116282 0.164031
BD_Bspro_t
 0.971105 0.843453 0.686516 0.593161 0.643051 0.755441 0.759166 0.649608 0.686865 0.593993 0.550007 0.708474 0.595464 0.511603 0.461722 0.58138 0.62232 0.662865 0.708614 0.638993 0.636588 0.663251 0.657349 0.661037 0.753235 0.74906 0.769018 0.807361 0.833275 0.774398
BD_Bspro
 1.26717 1.48338 0.813187 0.442329 0.54762 0.749115 1.0545 0.745312 0.615477 0.330673 0.204432 0.288595 0.312514 0.271372 0.236704 0.410768 0.707455 0.892244 1.45389 1.20335 1.44857 1.65762 1.3848 1.17293 1.63838 1.2658 1.13342 1.30853 1.65852 1.12063
BD_Bo
 0.890774 1.04276 0.571639 0.310941 0.384956 0.526599 0.741271 0.523926 0.432657 0.23245 0.143708 0.202871 0.219686 0.190764 0.166394 0.288754 0.497314 0.627213 1.02203 0.845912 1.01829 1.16524 0.973462 0.824525 1.15172 0.889812 0.796749 0.919849 1.16588 0.787757
BD_Brms
 3.78405 4.42969 2.42835 1.32089 1.63531 2.23701 3.14895 2.22566 1.83794 0.987458 0.610477 0.861805 0.933233 0.810374 0.706847 1.22664 2.11261 2.66443 4.34163 3.59347 4.32572 4.95 4.1353 3.50262 4.89256 3.77996 3.38462 3.90756 4.95269 3.34642
Sel_flota
 0.5 1 1 1 1
 0.5 1 1 1 1
 0.5 1 1 1 1
 0.5 1 1 1 1
 0.5 1 1 1 1
 0.5 1 1 1 1
 0.5 1 1 1 1
 0.5 1 1 1 1
 0.5 1 1 1 1
 0.5 1 1 1 1
 0.5 1 1 1 1
 0.5 1 1 1 1
 0.5 1 1 1 1
 0.5 1 1 1 1
 0.5 1 1 1 1
 0.5 1 1 1 1
 0.5 1 1 1 1
 0.5 1 1 1 1
 0.5 1 1 1 1
 0.5 1 1 1 1
 0.5 1 1 1 1
 0.5 1 1 1 1
 0.5 1 1 1 1
 0.5 1 1 1 1
 0.5 1 1 1 1
 0.5 1 1 1 1
 0.5 1 1 1 1
 0.5 1 1 1 1
 0.5 1 1 1 1
 0.5 1 1 1 1
Sel_reclas
 0.5 1 1 1 1
 0.5 1 1 1 1
 0.5 1 1 1 1
 0.5 1 1 1 1
 0.5 1 1 1 1
 0.5 1 1 1 1
 0.5 1 1 1 1
 0.5 1 1 1 1
 0.5 1 1 1 1
 0.5 1 1 1 1
 0.5 1 1 1 1
 0.5 1 1 1 1
 0.5 1 1 1 1
 0.5 1 1 1 1
 0.5 1 1 1 1
 0.5 1 1 1 1
 0.5 1 1 1 1
 0.5 1 1 1 1
 0.5 1 1 1 1
 0.5 1 1 1 1
 0.5 1 1 1 1
 0.5 1 1 1 1
 0.5 1 1 1 1
 0.5 1 1 1 1
 0.5 1 1 1 1
 0.5 1 1 1 1
 0.5 1 1 1 1
 0.5 1 1 1 1
 0.5 1 1 1 1
 0.5 1 1 1 1
Sel_pelaces
 0.5 1 1 1 1
 0.5 1 1 1 1
 0.5 1 1 1 1
 0.5 1 1 1 1
 0.5 1 1 1 1
 0.5 1 1 1 1
 0.5 1 1 1 1
 0.5 1 1 1 1
 0.5 1 1 1 1
 0.5 1 1 1 1
 0.5 1 1 1 1
 0.5 1 1 1 1
 0.5 1 1 1 1
 0.5 1 1 1 1
 0.5 1 1 1 1
 0.5 1 1 1 1
 0.5 1 1 1 1
 0.5 1 1 1 1
 0.5 1 1 1 1
 0.5 1 1 1 1
 0.5 1 1 1 1
 0.5 1 1 1 1
 0.5 1 1 1 1
 0.5 1 1 1 1
 0.5 1 1 1 1
 0.5 1 1 1 1
 0.5 1 1 1 1
 0.5 1 1 1 1
 0.5 1 1 1 1
 0.5 1 1 1 1
pf_obs 
 0.8446 0.082 0.0669 0.0065 0
 0.8095 0.147 0.0364 0.0071 0
 0.9664 0.0169 0.016 0.0007 0
 0.9276 0.0648 0.0075 0.0001 0
 0.7033 0.2144 0.0806 0.0017 0
 0.9318 0.0425 0.0243 0.0014 0
 0.5671 0.3108 0.0964 0.0239 0.0018
 0.0768 0.2599 0.5324 0.112 0.0189
 0.490249 0.384438 0.106611 0.0170017 0.00170017
 0.7925 0.1577 0.0466 0.003 0.0002
 0.840416 0.127587 0.0312969 0.00059994 9.999e-05
 0.8084 0.0986 0.0794 0.0134 0.0002
 0.7335 0.1905 0.0724 0.0035 0.0001
 0.4001 0.4547 0.1325 0.0127 0
 0.49795 0.308269 0.164784 0.0264974 0.00249975
 0.9179 0.0499 0.0305 0.0017 0
 0.2467 0.6533 0.0926 0.0074 0
 0.9418 0.0223 0.034 0.0019 0
 0.707729 0.231977 0.0356964 0.0245975 0
 0.517169 0.277429 0.184464 0.0207286 0.00020938
 0.811772 0.124168 0.05621 0.00726502 0.000585176
 0.764997 0.148141 0.077277 0.00933861 0.000247198
 0.163321 0.427699 0.378323 0.0303852 0.000271297
 0.753843 0.0900009 0.118128 0.0371064 0.000921714
 0.721811 0.176058 0.0630433 0.0369309 0.00215725
 0.143369 0.312575 0.442814 0.0836902 0.0175525
 0.692698 0.0596174 0.167031 0.0765114 0.00414204
 0.394062 0.376323 0.152708 0.0712218 0.00568511
 0.125707 0.32114 0.495352 0.0537591 0.00404204
 0.23352 0.215282 0.420074 0.123614 0.00750983
pf_pred 
 0.65257 0.219618 0.0807928 0.029722 0.0172975
 0.0992883 0.719345 0.114646 0.0421758 0.0245453
 0.370889 0.120344 0.406322 0.0647577 0.0376874
 0.717342 0.1575 0.0239418 0.0808357 0.020381
 0.59086 0.347966 0.0340868 0.0051816 0.0219058
 0.617056 0.286582 0.0819539 0.00802822 0.00637968
 0.333734 0.515128 0.113107 0.0323452 0.00568645
 0.26728 0.385296 0.268612 0.0589793 0.0198315
 0.235166 0.325561 0.230989 0.161036 0.0472479
 0.579869 0.167365 0.107593 0.0763385 0.0688348
 0.701562 0.225831 0.0289242 0.0185944 0.025089
 0.638423 0.299916 0.0466594 0.00597608 0.00902552
 0.56294 0.351674 0.0708249 0.0110186 0.00354262
 0.56155 0.327734 0.089086 0.0179413 0.00368864
 0.67954 0.243627 0.0574315 0.0156113 0.0037904
 0.791497 0.172139 0.0276455 0.00651702 0.0022016
 0.437116 0.505121 0.0476887 0.00765878 0.00241536
 0.790586 0.130816 0.0705322 0.00665896 0.00140669
 0.517812 0.429803 0.032724 0.0176438 0.00201765
 0.50515 0.348923 0.130073 0.00990338 0.00595022
 0.577864 0.291249 0.0922894 0.0344039 0.00419324
 0.580842 0.312394 0.0736609 0.0233412 0.00976175
 0.255731 0.560301 0.137109 0.0323296 0.0145288
 0.63397 0.153621 0.159906 0.03913 0.0133731
 0.460591 0.423341 0.0487132 0.0507064 0.0166487
 0.381431 0.396923 0.173953 0.0200165 0.0276766
 0.640348 0.201938 0.101202 0.044352 0.0121601
 0.525838 0.373921 0.0562833 0.0282065 0.0157508
 0.22801 0.538767 0.183918 0.0276837 0.021621
 0.402214 0.226786 0.258919 0.0883869 0.0236947
pobs_RECLAS
 0 0 0 0 0
 0 0 0 0 0
 0 0 0 0 0
 0 0 0 0 0
 0 0 0 0 0
 0 0 0 0 0
 0 0 0 0 0
 0 0 0 0 0
 0 0 0 0 0
 0 0 0 0 0
 0.991045 0.00858322 0.000360255 1.14367e-05 0
 0.934742 0.0480273 0.0164251 0.00080598 0
 0.827803 0.169806 0.00239088 0 0
 0.941827 0.0461693 0.0120037 0 0
 0.791401 0.0380133 0.147996 0.0225897 0
 0.846168 0.0940531 0.0597789 0 0
 0.134021 0.677848 0.182769 0.00536245 0
 0.80878 0.0450904 0.141981 0.00414843 0
 0.846168 0.0940531 0.0597789 0 0
 0.905697 0.0802665 0.012482 0.00150086 5.37128e-05
 0.989698 0.0102097 9.19794e-05 0 0
 0.975433 0.0193895 0.00387452 0.00125025 5.28907e-05
 0.303575 0.632131 0.0575291 0.00676475 0
 0.966965 0.00978017 0.0227588 0.000495775 0
 0.843318 0.132988 0.00938335 0.0141283 0.000182051
 0.564624 0.303363 0.111486 0.0197234 0.00080311
 0.826376 0.0876187 0.0782897 0.00655872 0.00115652
 0.89761 0.0855135 0.0140674 0.00269457 0.000114338
 0.34875 0.467042 0.161289 0.0227151 0.000203297
 0.318654 0.224769 0.449479 0.00709798 0
ppred_RECLAS
 0.654495 0.218401 0.0803451 0.0295573 0.0172017
 0.100306 0.718532 0.114516 0.0421282 0.0245176
 0.373315 0.11988 0.404755 0.0645079 0.0375421
 0.721304 0.155292 0.0236062 0.0797025 0.0200952
 0.591916 0.347067 0.0339988 0.00516822 0.0218492
 0.619132 0.285029 0.0815097 0.0079847 0.00634511
 0.337569 0.512163 0.112456 0.032159 0.00565372
 0.26773 0.38506 0.268448 0.0589432 0.0198194
 0.237326 0.324642 0.230337 0.160581 0.0471145
 0.584909 0.165357 0.106302 0.0754228 0.0680091
 0.702633 0.22502 0.0288203 0.0185276 0.024999
 0.644864 0.294574 0.0458283 0.00586964 0.00886476
 0.569033 0.346771 0.0698374 0.0108649 0.00349322
 0.571802 0.320071 0.0870031 0.0175219 0.00360239
 0.683625 0.240521 0.0566993 0.0154122 0.00374208
 0.795642 0.168717 0.0270958 0.00638744 0.00215782
 0.439851 0.502667 0.0474569 0.00762156 0.00240363
 0.792838 0.12941 0.0697739 0.00658737 0.00139157
 0.522382 0.425729 0.0324138 0.0174766 0.00199852
 0.508704 0.346418 0.129139 0.00983227 0.0059075
 0.580455 0.289462 0.091723 0.0341928 0.0041675
 0.584679 0.309535 0.0729866 0.0231276 0.00967239
 0.257248 0.559159 0.13683 0.0322637 0.0144992
 0.635832 0.152839 0.159093 0.0389309 0.013305
 0.462416 0.421909 0.0485484 0.0505348 0.0165924
 0.382776 0.39606 0.173575 0.019973 0.0276164
 0.641998 0.201012 0.100738 0.0441486 0.0121043
 0.527388 0.372699 0.0560994 0.0281143 0.0156993
 0.228921 0.538131 0.183701 0.0276511 0.0215955
 0.404023 0.2261 0.258135 0.0881194 0.023623
pobs_PELACES
 0 0 0 0 0
 0 0 0 0 0
 0 0 0 0 0
 0 0 0 0 0
 0 0 0 0 0
 0 0 0 0 0
 0 0 0 0 0
 0 0 0 0 0
 0 0 0 0 0
 0 0 0 0 0
 0 0 0 0 0
 0 0 0 0 0
 0 0 0 0 0
 0 0 0 0 0
 0 0 0 0 0
 0 0 0 0 0
 0.505614 0.472636 0.0217494 0 0
 0 0 0 0 0
 0.443492 0.261883 0.143347 0.151278 0
 0.227955 0.32914 0.350689 0.0885471 0.00366901
 0.970185 0.0296113 0.000203453 0 0
 0.997202 0.00247181 0.000326279 0 0
 0.445219 0.490057 0.0546422 0.010081 0
 0.90214 0.0892962 0.00764917 0.000914606 0
 0 0 0 0 0
 0.581667 0.319106 0.0959925 0.00289975 0.000334073
 0.762889 0.0836404 0.116647 0.0363945 0.000428098
 0.88444 0.0763242 0.0277011 0.0115352 0
 0.521256 0.241999 0.230069 0.00667565 0
 0.616807 0.101726 0.260614 0.0208532 0
ppred_PELACES
 0.6613 0.214099 0.0787626 0.0289751 0.0168629
 0.103878 0.715679 0.114062 0.0419609 0.0244203
 0.381802 0.118256 0.399274 0.0636344 0.0370337
 0.733641 0.148418 0.0225613 0.0761745 0.0192057
 0.595876 0.3437 0.0336689 0.00511807 0.0216372
 0.626451 0.279551 0.0799433 0.00783126 0.00622317
 0.350146 0.502439 0.110321 0.0315484 0.00554637
 0.269474 0.384143 0.267808 0.0588028 0.0197722
 0.244807 0.321457 0.228078 0.159006 0.0466524
 0.600618 0.159099 0.102279 0.0725684 0.0654352
 0.706594 0.222023 0.0284364 0.0182808 0.024666
 0.663647 0.278993 0.0434044 0.00555918 0.00839589
 0.587409 0.331985 0.0668596 0.0104017 0.00334428
 0.599287 0.299526 0.0814185 0.0163972 0.00337116
 0.696483 0.230746 0.0543951 0.0147859 0.00359
 0.807812 0.158669 0.0254822 0.00600705 0.00202932
 0.449314 0.494175 0.0466552 0.0074928 0.00236302
 0.800264 0.124771 0.0672728 0.00635124 0.00134169
 0.537017 0.412684 0.0314206 0.0169411 0.00193729
 0.520554 0.338062 0.126024 0.00959511 0.00576501
 0.589405 0.283286 0.0897662 0.0334633 0.0040786
 0.597211 0.300194 0.0707842 0.0224297 0.00938052
 0.262727 0.555035 0.13582 0.0320257 0.0143923
 0.642458 0.150058 0.156198 0.0382226 0.0130629
 0.469007 0.416736 0.0479532 0.0499152 0.016389
 0.387749 0.392869 0.172176 0.0198121 0.0273939
 0.647934 0.197679 0.0990672 0.0434165 0.0119036
 0.533056 0.368229 0.0554266 0.0277772 0.0155111
 0.232325 0.535755 0.18289 0.027529 0.0215002
 0.410556 0.223621 0.255305 0.0871534 0.023364
pobs_pel_tallas
 0 0 0 0 0 0 0 0 0 0 0 0 0 0 0 0 0 0 0 0 0 0 0 0 0 0
 0 0 0 0 0 0 0 0 0 0 0 0 0 0 0 0 0 0 0 0 0 0 0 0 0 0
 0 0 0 0 0 0 0 0 0 0 0 0 0 0 0 0 0 0 0 0 0 0 0 0 0 0
 0 0 0 0 0 0 0 0 0 0 0 0 0 0 0 0 0 0 0 0 0 0 0 0 0 0
 0 0 0 0 0 0 0 0 0 0 0 0 0 0 0 0 0 0 0 0 0 0 0 0 0 0
 0 0 0 0 0 0 0 0 0 0 0 0 0 0 0 0 0 0 0 0 0 0 0 0 0 0
 0 0 0 0 0 0 0 0 0 0 0 0 0 0 0 0 0 0 0 0 0 0 0 0 0 0
 0 0 0 0 0 0 0 0 0 0 0 0 0 0 0 0 0 0 0 0 0 0 0 0 0 0
 0 0 0 0 0 0 0 0 0 0 0 0 0 0 0 0 0 0 0 0 0 0 0 0 0 0
 0 0 0 0 0 0 0 0 0 0 0 0 0 0 0 0 0 0 0 0 0 0 0 0 0 0
 0 0 0 0 0 0 0 0 0 0 0 0 0 0 0 0 0 0 0 0 0 0 0 0 0 0
 0 0 0 0 0 0 0 0 0 0 0 0 0 0 0 0 0 0 0 0 0 0 0 0 0 0
 0.00862536 0 0 0.000197151 0.00414017 0.0128641 0.00837892 0.0270097 0.101434 0.158115 0.152841 0.127902 0.109271 0.109419 0.0830992 0.0579132 0.0238553 0.00714673 0.00463305 0.00128148 0.00103504 0.000492878 0.000147863 0.000147863 4.92878e-05 0
 0 0 0 0 0 0 0 0 0 0 0 0 0 0 0 0 0 0 0 0 0 0 0 0 0 0
 0 0 0 0 0 0 0 0.0054083 0.00873648 0.0413646 0.0450493 0.0745869 0.0622846 0.0627006 0.0613931 0.0827291 0.12552 0.122667 0.0946155 0.0697135 0.0546179 0.0294188 0.0215738 0.0213955 0.0102223 0.00600262
 0 0 0 0 0.00359764 0.0251062 0.0480494 0.140153 0.205849 0.193036 0.1447 0.116669 0.0760912 0.0342217 0.00950174 0.001854 0.000860785 0 0 0 0.000165536 0 0.000143464 0 0 0
 0 0 0 0 0 0 0 0.000145254 0.000435761 0.0275982 0.070085 0.0708112 0.156366 0.174668 0.174014 0.160142 0.0824315 0.0480064 0.0283245 0.00493863 0.00203355 0 0 0 0 0
 0 0 0 0 0 0 0 0 0 0 0 0 0 0 0 0 0 0 0 0 0 0 0 0 0 0
 0 0 1.00437e-05 0.000401748 0.00122533 0.00171747 0.00176769 0.0269171 0.070346 0.194647 0.189555 0.159765 0.064822 0.0314167 0.0384472 0.0292271 0.0345202 0.0313363 0.0194345 0.0106764 0.0143323 0.0359363 0.0279516 0.0138201 0.00172751 0
 0 0.0021121 0.0136068 0.0755702 0.200478 0.177729 0.0527432 0.0373336 0.0318909 0.0142505 0.0149659 0.0166563 0.0217959 0.0798694 0.0677717 0.0528807 0.04013 0.0224614 0.0357745 0.0225083 0.00881397 0.00855152 0.00135912 0.000746735 0 0
 0 0 0 0 5.4009e-05 0.00500934 0.000945158 0.0243581 0.138947 0.33067 0.221406 0.137944 0.0707744 0.0437923 0.0131692 0.00525238 0.0047753 0.00276346 9.45158e-05 9.00151e-06 2.25038e-05 9.00151e-06 4.50075e-06 0 0 0
 0.000866109 0.00284123 0.00948549 0.0512746 0.133035 0.25785 0.225252 0.132002 0.0553304 0.0519788 0.0540692 0.017754 0.00435017 0.00159236 0.00146478 0.000404838 0.000125132 0.000115318 0.000107957 0.000100596 0 0 0 0 0 0
 0 0 0 0 0.00144013 0.00171154 0.00461396 0.0210425 0.0478622 0.0707936 0.0888783 0.103762 0.0637923 0.0337046 0.0602308 0.124433 0.169614 0.0934646 0.0462172 0.0250306 0.0313229 0.00938855 0.002487 0.000210481 0 0
 0 0.00764035 0.051015 0.0998891 0.058973 0.0496711 0.0374665 0.0718981 0.12319 0.153886 0.159021 0.0857701 0.0377988 0.023471 0.0147837 0.00900784 0.00315554 0.000888139 0.00291439 0.00214683 0.00393193 0.00274676 0.000635225 9.99891e-05 0 0
 0 0 0 0 0 0 0 0 0 0 0 0 0 0 0 0 0 0 0 0 0 0 0 0 0 0
 0 0 0 0 0 0 0 0 0 0 0 0 0 0 0 0 0 0 0 0 0 0 0 0 0 0
 0 0 0 0 0 0 0 0 0 0 0 0 0 0 0 0 0 0 0 0 0 0 0 0 0 0
 0 0 0 0 0 0 0 0 0 0 0 0 0 0 0 0 0 0 0 0 0 0 0 0 0 0
 0 0 0 0 0 0 0 0 0 0 0 0 0 0 0 0 0 0 0 0 0 0 0 0 0 0
 0 0 0 0 0 0 0 0 0 0 0 0 0 0 0 0 0 0 0 0 0 0 0 0 0 0
ppred_pel_tallas
 1.08088e-16 5.44705e-05 0.000529473 0.00351853 0.0159947 0.0497657 0.106032 0.154761 0.154782 0.106133 0.0501061 0.0169789 0.00599325 0.00594613 0.0103842 0.0171935 0.0250302 0.0320476 0.0364015 0.0372589 0.0352648 0.0320168 0.0289853 0.0267472 0.0249948 0.0230801
 1.11816e-16 8.55644e-06 8.31717e-05 0.000552709 0.00251258 0.00781792 0.0166595 0.0243294 0.0243984 0.0169967 0.00895028 0.00578362 0.00876508 0.0180163 0.0340835 0.0563787 0.0813258 0.102515 0.113418 0.11105 0.0977488 0.0795426 0.0624736 0.0497434 0.0413363 0.0355097
 1.24202e-16 3.14485e-05 0.000305691 0.00203142 0.00923457 0.0287322 0.0612175 0.0893512 0.0893633 0.0612765 0.0289322 0.00982 0.003531 0.003679 0.00673097 0.0118449 0.018855 0.0274751 0.0373438 0.0481909 0.0596834 0.0709683 0.0803867 0.08583 0.085653 0.0795319
 1.11579e-16 6.0429e-05 0.000587392 0.00390343 0.0177444 0.0552095 0.11763 0.171688 0.171702 0.1177 0.0554449 0.0184248 0.00561317 0.00432684 0.00718467 0.0118458 0.0172226 0.022041 0.0250911 0.0259288 0.0251873 0.0241528 0.0239125 0.0247212 0.0259785 0.0266983
 1.05235e-16 4.90816e-05 0.00047709 0.00317043 0.0144124 0.0448424 0.0955426 0.139454 0.139487 0.0957044 0.0453854 0.0159806 0.00710599 0.00906523 0.0163503 0.0269293 0.0387356 0.0486076 0.0533645 0.0515625 0.0443739 0.0348168 0.0259705 0.0195482 0.0156472 0.0134165
 1.04218e-16 5.16e-05 0.00050157 0.00333311 0.0151519 0.0471432 0.100445 0.146608 0.146635 0.100577 0.0475866 0.0164333 0.00655257 0.00753957 0.0134469 0.0222239 0.0321835 0.0408326 0.0456484 0.0454422 0.0410216 0.0345564 0.0281953 0.0230395 0.0190754 0.0157777
 1.07415e-16 2.88412e-05 0.000280346 0.001863 0.00846897 0.0263504 0.056144 0.081954 0.0820025 0.056381 0.0271463 0.0107687 0.00763879 0.0128997 0.0240271 0.0397594 0.0574681 0.0726803 0.0808395 0.0798311 0.0711998 0.0590041 0.0472815 0.0381272 0.0315095 0.0263459
 1.1707e-16 2.21963e-05 0.000215756 0.00143378 0.00651776 0.0202794 0.0432087 0.0630722 0.0631096 0.0433915 0.0208941 0.00829787 0.00591912 0.0100638 0.0188915 0.0316315 0.0465843 0.0607233 0.0709249 0.0756946 0.0758775 0.0736846 0.0709027 0.0678223 0.0635742 0.0572628
 1.30505e-16 2.01645e-05 0.000196006 0.00130253 0.00592113 0.018423 0.0392533 0.0572979 0.0573292 0.0394065 0.0189385 0.00741476 0.00506921 0.00847735 0.015923 0.0267587 0.0396621 0.0522834 0.0622691 0.0686696 0.072438 0.0754671 0.0789443 0.0823913 0.084048 0.0820958
 1.21344e-16 4.94722e-05 0.000480887 0.00319566 0.014527 0.0451991 0.096302 0.140559 0.140574 0.0963778 0.045454 0.0152656 0.00505786 0.0045742 0.00790798 0.0132229 0.0195948 0.0258466 0.0308553 0.0342333 0.0365726 0.0389408 0.0420093 0.045507 0.0483632 0.0493296
 1.06885e-16 5.82013e-05 0.000565737 0.00375952 0.0170903 0.0531742 0.113294 0.165361 0.165382 0.113399 0.0535254 0.0181047 0.00630616 0.00612638 0.0106233 0.0174838 0.0252174 0.0318039 0.0352425 0.034657 0.03084 0.0257282 0.021228 0.0182915 0.0167819 0.0159564
 1.03303e-16 5.46638e-05 0.000531352 0.00353102 0.0160515 0.0499424 0.106408 0.155312 0.155339 0.10654 0.0503837 0.0173262 0.00673101 0.0075179 0.0133262 0.0219515 0.0316336 0.0398153 0.0439246 0.0427728 0.0372531 0.029718 0.0225575 0.017089 0.0133976 0.010892
 1.03624e-16 4.83842e-05 0.000470312 0.00312539 0.0142076 0.0442052 0.0941851 0.137473 0.137505 0.0943416 0.0447308 0.0157261 0.00693859 0.00879935 0.0158807 0.0262136 0.0378406 0.0477576 0.0529234 0.0519176 0.0457569 0.037152 0.0288373 0.022291 0.0175888 0.0140847
 1.04642e-16 4.93625e-05 0.000479821 0.00318858 0.0144949 0.045099 0.0960893 0.140251 0.14028 0.0962307 0.045574 0.0158675 0.00663714 0.0080181 0.0143954 0.0237972 0.0344553 0.0437024 0.0488391 0.0486008 0.0438677 0.0369806 0.0302492 0.0248441 0.020723 0.0172856
 1.0372e-16 5.73684e-05 0.000557641 0.00370572 0.0168457 0.0524133 0.111673 0.162995 0.163017 0.111782 0.052779 0.0179023 0.00635968 0.0063572 0.0110893 0.0182879 0.0264467 0.0334844 0.0373136 0.0369662 0.033146 0.0277001 0.0224571 0.0183528 0.0153538 0.012958
 1.01722e-16 6.65385e-05 0.000646778 0.00429806 0.0195384 0.0607913 0.129523 0.189045 0.189061 0.129598 0.0610423 0.0202635 0.00611836 0.00462132 0.00761734 0.012494 0.0180064 0.0226742 0.0250344 0.0244106 0.0213069 0.0170521 0.0129933 0.00986769 0.00771791 0.00621229
 1.02625e-16 3.70095e-05 0.000359746 0.00239064 0.0108675 0.0338132 0.0720443 0.105161 0.105208 0.0722768 0.0345938 0.0131217 0.00804704 0.0127012 0.0234564 0.0386689 0.0555802 0.0696382 0.076221 0.0731874 0.0621557 0.0474217 0.0334249 0.0227267 0.0156564 0.0112406
 1.02838e-16 6.59167e-05 0.000640734 0.0042579 0.0193558 0.0602232 0.128312 0.187278 0.18729 0.128371 0.0604221 0.0199313 0.00570627 0.00381479 0.00612985 0.0101227 0.014792 0.0190501 0.0218176 0.0225689 0.0215913 0.019692 0.0176141 0.0156532 0.0137077 0.0115909
 1.0304e-16 4.42334e-05 0.000429965 0.00285727 0.0129888 0.0404131 0.0861058 0.125682 0.125722 0.0862999 0.0410648 0.0148707 0.00757922 0.0107316 0.0195903 0.0322681 0.0463667 0.0580741 0.0635386 0.0609942 0.0518273 0.0396639 0.028234 0.0196619 0.014162 0.0108296
 1.05662e-16 4.28774e-05 0.000416783 0.00276967 0.0125906 0.0391741 0.0834657 0.121827 0.12186 0.0836256 0.0397112 0.0141434 0.00667335 0.00895756 0.0163189 0.0270547 0.0393032 0.0501163 0.0564847 0.0569693 0.0524737 0.045471 0.0383656 0.0323223 0.027258 0.0226039
 1.0671e-16 4.85486e-05 0.00047191 0.00313601 0.0142559 0.0443554 0.0945049 0.137938 0.137966 0.0946387 0.0448051 0.015556 0.00640386 0.00761976 0.0136653 0.0226245 0.0328458 0.0418531 0.0471466 0.0475713 0.0439613 0.0384691 0.0331492 0.0289323 0.0256036 0.0224777
 1.05957e-16 4.91916e-05 0.00047816 0.00317754 0.0144447 0.0449428 0.0957565 0.139766 0.139795 0.0958982 0.0454186 0.0158194 0.00663082 0.00802493 0.0144063 0.023803 0.034437 0.04363 0.0486819 0.0483509 0.0435694 0.036749 0.0302607 0.0252892 0.0217367 0.018885
 1.09709e-16 2.16406e-05 0.000210354 0.00139788 0.00635459 0.0197718 0.0421278 0.061498 0.0615516 0.0423897 0.0206514 0.00889664 0.00778345 0.0141656 0.0265708 0.0440126 0.0636814 0.0806744 0.0899878 0.0892998 0.0802997 0.0674157 0.0550229 0.0453442 0.0382758 0.0325944
 1.1059e-16 5.29185e-05 0.000514386 0.00341828 0.015539 0.0483477 0.10301 0.15035 0.150365 0.103082 0.0485897 0.0162407 0.00519048 0.00441923 0.00757525 0.0127186 0.0189713 0.0252346 0.0303986 0.0339278 0.0360692 0.0374379 0.0383522 0.0385235 0.0373271 0.0343446
 1.0927e-16 3.86316e-05 0.000375513 0.00249541 0.0113438 0.035295 0.0752013 0.109767 0.109807 0.0753976 0.035954 0.0132472 0.00727334 0.0108066 0.0198527 0.0327714 0.0472413 0.0595059 0.065785 0.0643986 0.0567985 0.0465933 0.0373581 0.0309181 0.0271063 0.0246684
 1.11692e-16 3.19384e-05 0.000310453 0.00206307 0.00937844 0.02918 0.0621725 0.0907506 0.0907886 0.0623585 0.0298052 0.0111865 0.00661071 0.0102681 0.0190318 0.0316443 0.0461233 0.059137 0.0672777 0.0689406 0.0651807 0.0587815 0.0523444 0.0469612 0.0422686 0.0374043
 1.09278e-16 5.33695e-05 0.000518771 0.00344741 0.0156715 0.0487598 0.103889 0.151633 0.151652 0.103982 0.049075 0.0165835 0.00574307 0.005551 0.00967211 0.0160685 0.0235283 0.0304101 0.0350742 0.0367804 0.0360805 0.0343114 0.0326145 0.031288 0.0298762 0.0277371
 1.07105e-16 4.39072e-05 0.000426794 0.00283619 0.012893 0.0401149 0.0854704 0.124754 0.12479 0.0856439 0.0406975 0.0145758 0.00706118 0.00965264 0.0175738 0.0290068 0.0418398 0.0527489 0.0583837 0.0572287 0.0505116 0.0413562 0.0328769 0.0266971 0.0227512 0.0200654
 1.11814e-16 1.91364e-05 0.000186013 0.00123613 0.00561928 0.0174839 0.0372533 0.0543831 0.0544349 0.0375065 0.0183347 0.00807889 0.00741843 0.0137097 0.0257843 0.0428089 0.0621629 0.0792123 0.0892097 0.0899279 0.0828891 0.0721211 0.0615133 0.052904 0.0460332 0.0397693
 1.20119e-16 3.3817e-05 0.000328713 0.00218442 0.00993006 0.0308962 0.0658285 0.0960832 0.0961051 0.0659358 0.0312577 0.0109792 0.00483645 0.00618007 0.0113295 0.0191577 0.0287283 0.0385247 0.0469915 0.0534049 0.0581395 0.0620078 0.065258 0.0671499 0.0664403 0.0622887
pSPR Fmed_Fpbrs
0.701863   0.285403 0.285403
Fs Fmed_Fpbrs
0.226217   1.005 1.005
SSBpbr Bo_Bmed_Bpbrs
2.06332e+06  1.345e+06  485710 485710
Ro
203758
SPR SPRFo_SPRFmed_SPRFpbrs
1.45043e+06 1.01801e+06 413957
Fref
1.005
log_Ro
12.0447
likeval ReclasPelacesDesembMPH_pf_preclas_ppelaces_ptallas_desvR_qrecl_qpela
 20.2945 17.1447 0.596199 0.00316562 242.196 122.373 82.8874 0 27.4332 0 0 2.95308 0 0 0
q_reclas_q_pelaces
1 1
M
1
N
 513783 89741.6 33014.1 12145.2 7068.23
 45389.8 172462 27486.1 10111.6 5884.71
 87492.4 14838 50098 7984.38 4646.72
 243892 28850.2 4385.57 14807.2 3733.3
 247215 74302 7278.64 1106.44 4677.59
 358590 86531.5 24745.4 2424.07 1926.3
 145412 120033 26355.7 7536.94 1325.03
 61985.5 45178.9 31496.8 6915.77 2325.39
 30505 22197.8 15749.6 10979.9 3221.51
 63551.7 9914.22 6373.52 4522.08 4077.58
 116464 19194.6 2458.42 1580.44 2132.45
 156136 40443.7 6292.02 805.875 1217.09
 130751 44658.8 8994 1399.24 449.874
 115202 38280.5 10405.6 2095.62 430.846
 156030 30065.8 7087.58 1926.58 467.77
 401782 47840 7683.08 1811.17 611.856
 193532 117196 11064.5 1776.96 560.404
 724628 63390.3 34178.2 3226.77 681.65
 520879 232012 17664.8 9524.33 1089.15
 438330 160371 59783.5 4551.75 2734.82
 529687 139659 44254.5 16497.3 2010.74
 608597 174264 41090.6 13020.6 5445.44
 168620 191338 46821.4 11040.2 4961.46
 453286 56903.7 59231.9 14494.4 4953.61
 321869 152850 17588.3 18307.9 6011.15
 204607 109276 47890.5 5510.69 7619.57
 433787 70630.5 35396.6 15512.7 4253.15
 403361 147525 22205.7 11128.5 6214.25
 114460 138501 47279.9 7116.65 5558.12
 136281 39729.2 45358.3 15483.9 4150.93
pred_Ctot
 28649.1 9641.65 3546.96 1304.86 759.395
 3226.98 23379.5 3726.12 1370.76 797.751
 5784.47 1876.91 6337.09 1009.98 587.782
 26907.9 5907.92 898.073 3032.2 764.502
 7614.9 4484.53 439.305 66.7795 282.318
 20579.7 9557.92 2733.28 267.753 212.772
 14486 22359.6 4909.51 1403.98 246.826
 1042.56 1502.9 1047.76 230.056 77.3554
 2270.28 3142.94 2229.95 1554.63 456.128
 7307.18 2109.04 1355.83 961.975 867.417
 4145.28 1334.36 170.903 109.868 148.242
 22414.9 10530 1638.2 209.819 316.884
 17190.6 10739.2 2162.8 336.477 108.182
 21757.8 12698.3 3451.72 695.154 142.92
 16672.9 5977.55 1409.12 383.033 92.9999
 53601.6 11657.6 1872.2 441.344 149.096
 13541 15647.7 1477.3 237.254 74.8234
 60067.6 9939.21 5358.93 505.938 106.879
 54482 45222.1 3443.08 1856.41 212.289
 37541.4 25931.1 9666.66 735.993 442.205
 35715.6 18001 5704.06 2126.38 259.168
 56656.5 30471.6 7185.03 2276.75 952.181
 8874.21 19443.2 4757.86 1121.88 504.168
 24062.2 5830.65 6069.22 1485.17 507.573
 15796.9 14519.3 1670.72 1739.08 571.003
 8014.88 8340.41 3655.21 420.6 581.558
 20849.6 6575.05 3295.1 1444.09 395.93
 17085.6 12149.5 1828.77 916.49 511.778
 4106.19 9702.54 3312.15 498.551 389.369
 6829.02 3850.51 4396.08 1500.69 402.303
F
 0.0916265 0.183253 0.183253 0.183253 0.183253
 0.118097 0.236194 0.236194 0.236194 0.236194
 0.109435 0.218869 0.218869 0.218869 0.218869
 0.188587 0.377174 0.377174 0.377174 0.377174
 0.0497484 0.0994969 0.0994969 0.0994969 0.0994969
 0.0944125 0.188825 0.188825 0.188825 0.188825
 0.16894 0.337879 0.337879 0.337879 0.337879
 0.0269082 0.0538163 0.0538163 0.0538163 0.0538163
 0.12392 0.24784 0.24784 0.24784 0.24784
 0.197225 0.394451 0.394451 0.394451 0.394451
 0.0576734 0.115347 0.115347 0.115347 0.115347
 0.251676 0.503352 0.503352 0.503352 0.503352
 0.228355 0.456711 0.456711 0.456711 0.456711
 0.343299 0.686597 0.686597 0.686597 0.686597
 0.182184 0.364369 0.364369 0.364369 0.364369
 0.232058 0.464116 0.464116 0.464116 0.464116
 0.116132 0.232264 0.232264 0.232264 0.232264
 0.138869 0.277738 0.277738 0.277738 0.277738
 0.17803 0.356061 0.356061 0.356061 0.356061
 0.143766 0.287531 0.287531 0.287531 0.287531
 0.111713 0.223427 0.223427 0.223427 0.223427
 0.157116 0.314233 0.314233 0.314233 0.314233
 0.0862894 0.172579 0.172579 0.172579 0.172579
 0.0870643 0.174129 0.174129 0.174129 0.174129
 0.0802703 0.160541 0.160541 0.160541 0.160541
 0.0636295 0.127259 0.127259 0.127259 0.127259
 0.0785556 0.157111 0.157111 0.157111 0.157111
 0.0689563 0.137913 0.137913 0.137913 0.137913
 0.058141 0.116282 0.116282 0.116282 0.116282
 0.0820157 0.164031 0.164031 0.164031 0.164031
nmprior
 8 8 7 0
nm_flota  nm_reclas  nm_pelaces    nm_pelaL
inf 6.33202 7.89951 11.9432
cv_recla  cv_pelaces  cv_mph
0.417077 0.487225 1.73634
 ------------------------------------------------
Talla a la edad & desviación 
 8 13.2811 15.8009 17.003 17.5766
 0.8 1.32811 1.58009 1.7003 1.75766
