years
 1991 1992 1993 1994 1995 1996 1997 1998 1999 2000 2001 2002 2003 2004 2005 2006 2007 2008 2009 2010 2011 2012 2013 2014 2015 2016 2017 2018 2019 2020
reclasobs
 0 0 0 0 0 0 0 0 0 252601 567819 844713 477998 351125 339783 2.1784e+06 2.13404e+06 4.81314e+06 1.55562e+06 2.62356e+06 3.21686e+06 3.843e+06 1.13348e+06 3.07943e+06 1.97215e+06 2.03268e+06 2.025e+06 2.42433e+06 2.27542e+06 1.05018e+06
reclaspred
 4.4146e+06 2.53858e+06 1.29893e+06 1.55673e+06 1.77272e+06 2.5943e+06 1.8216e+06 1.58687e+06 1.09266e+06 751155 661010 763926 741084 593821 613102 1.41797e+06 1.49638e+06 3.04862e+06 2.6267e+06 2.06767e+06 3.61104e+06 2.8586e+06 2.39699e+06 3.47948e+06 2.70314e+06 2.47016e+06 2.83479e+06 2.90349e+06 2.53435e+06 1.7095e+06
pelacesobs
 0 0 0 0 0 0 0 0 0 0 0 0 0 0 0 552880 188675 0 991730 2.46772e+06 1.41603e+06 1.21717e+06 2.29649e+06 1.80582e+06 0 1.4828e+06 1.56532e+06 1.57751e+06 1.42118e+06 867257
pelacespred
 2.0914e+06 1.34263e+06 695639 714170 806763 1.2535e+06 850711 856427 594024 390611 359186 336179 353230 301753 324540 626914 627772 1.51618e+06 1.32543e+06 964715 1.63609e+06 1.42204e+06 1.16037e+06 1.89209e+06 1.38596e+06 1.25766e+06 1.68473e+06 1.7154e+06 1.17325e+06 901120
mphobs
 0 0 0 0 0 0 0 0 0 0 0 498337 0 5186 125008 0 168611 109162 213762 579715 649985 157893 87575 83554 0 0 0 0 0 0
mphpred
 3.92299e+06 2.6564e+06 1.36486e+06 756965 1.09889e+06 1.34015e+06 1.68148e+06 1.15477e+06 967516 641331 397820 464507 457414 389616 277414 361392 1.02237e+06 1.02197e+06 1.86335e+06 1.45248e+06 1.65625e+06 2.00503e+06 1.84573e+06 1.58309e+06 2.14048e+06 1.78698e+06 1.51973e+06 1.60365e+06 2.15342e+06 1.50901e+06
desembarqueobs
 494567 514787 250237 358949 120608 361735 552515 73892 212993 205616 52469 317467 293654 387597 252695 516296 358380 742168 942051 627588 828172 859565 418607 520667 417249 300574 407403 355545 319650 289779
desembarquepred
 494576 512896 251373 358966 120611 361756 552613 73895.6 213051 205677 52471.9 317570 293735 387695 252710 516302 358418 742122 941976 627530 828275 859648 418630 520702 417264 300583 407414 355541 319652 289793
Reclutas
 230058 133426 127747 330037 258449 360110 151841 72111.9 57166.9 70563.7 114891 150431 131759 94824.8 97758 472458 117767 708640 447793 367957 496399 648117 160163 409190 359065 171426 358779 385905 130679 109557
log_desv_Rt
 0.121398 -0.423384 -0.46688 0.482269 0.237763 0.569476 -0.294103 -1.03872 -1.27096 -1.06042 -0.572954 -0.30343 -0.435957 -0.764903 -0.734439 0.841013 -0.548228 1.24641 0.787397 0.59103 0.890445 1.15714 -0.240744 0.697245 0.566569 -0.172783 0.565772 0.638656 -0.44419 -0.620494
SSB
 3.92299e+06 2.6564e+06 1.36486e+06 756965 1.09889e+06 1.34015e+06 1.68148e+06 1.15477e+06 967516 641331 397820 464507 457414 389616 277414 361392 1.02237e+06 1.02197e+06 1.86335e+06 1.45248e+06 1.65625e+06 2.00503e+06 1.84573e+06 1.58309e+06 2.14048e+06 1.78698e+06 1.51973e+06 1.60365e+06 2.15342e+06 1.50901e+06
BT
 5.2351e+06 3.60095e+06 1.85369e+06 1.94305e+06 1.94921e+06 3.19102e+06 2.45987e+06 2.03549e+06 1.58106e+06 1.10182e+06 874690 1.04627e+06 1.08336e+06 1.10027e+06 1.00123e+06 1.86537e+06 1.72681e+06 4.14988e+06 3.96411e+06 2.77765e+06 4.44475e+06 4.08223e+06 3.04103e+06 4.84692e+06 3.577e+06 3.16491e+06 4.29861e+06 4.31014e+06 2.96809e+06 2.35385e+06
Ftot
 0.106736 0.190918 0.183094 0.218683 0.065227 0.13311 0.284368 0.0446708 0.184787 0.257688 0.0762038 0.387147 0.369807 0.594808 0.385349 0.34262 0.226139 0.23105 0.335571 0.285513 0.217317 0.283062 0.165739 0.142953 0.146912 0.116074 0.137303 0.117241 0.120001 0.160912
BD_Bspro_t
 0.983067 0.873834 0.739631 0.666239 0.710669 0.779336 0.769022 0.656049 0.697096 0.652284 0.607988 0.724572 0.594975 0.505431 0.405833 0.469748 0.610714 0.596729 0.673277 0.585612 0.570501 0.613091 0.621314 0.623702 0.71887 0.728689 0.741298 0.774323 0.811153 0.753763
BD_Bspro
 2.7047 1.83146 0.941002 0.52189 0.757632 0.923969 1.1593 0.796155 0.667054 0.442166 0.274277 0.320254 0.315364 0.268621 0.191263 0.249161 0.70487 0.704594 1.28469 1.00141 1.1419 1.38237 1.27254 1.09146 1.47575 1.23203 1.04778 1.10563 1.48468 1.04039
BD_Bo
 1.83543 1.24284 0.638572 0.354159 0.514135 0.627013 0.786708 0.540277 0.452668 0.300057 0.186126 0.217327 0.214009 0.182288 0.129793 0.169083 0.478331 0.478143 0.8718 0.679567 0.774904 0.938087 0.863557 0.740675 1.00146 0.836068 0.711032 0.750293 1.00751 0.706017
BD_Brms
 12.839 8.69378 4.46687 2.47737 3.59642 4.38601 5.50309 3.77929 3.16645 2.09893 1.30197 1.52022 1.49701 1.27512 0.907911 1.18275 3.34596 3.34465 6.09831 4.75363 5.42052 6.562 6.04066 5.18109 7.0053 5.84837 4.97373 5.24837 7.04765 4.93865
Sel_flota
 0.889484 1 1 1 1
 0.889484 1 1 1 1
 0.889484 1 1 1 1
 0.889484 1 1 1 1
 0.889484 1 1 1 1
 0.889484 1 1 1 1
 0.889484 1 1 1 1
 0.889484 1 1 1 1
 0.889484 1 1 1 1
 0.889484 1 1 1 1
 0.889484 1 1 1 1
 0.889484 1 1 1 1
 0.889484 1 1 1 1
 0.889484 1 1 1 1
 0.889484 1 1 1 1
 0.889484 1 1 1 1
 0.889484 1 1 1 1
 0.889484 1 1 1 1
 0.889484 1 1 1 1
 0.889484 1 1 1 1
 0.889484 1 1 1 1
 0.889484 1 1 1 1
 0.889484 1 1 1 1
 0.889484 1 1 1 1
 0.889484 1 1 1 1
 0.889484 1 1 1 1
 0.889484 1 1 1 1
 0.889484 1 1 1 1
 0.889484 1 1 1 1
 0.889484 1 1 1 1
Sel_reclas
 0.900958 1 1 1 1
 0.900958 1 1 1 1
 0.900958 1 1 1 1
 0.900958 1 1 1 1
 0.900958 1 1 1 1
 0.900958 1 1 1 1
 0.900958 1 1 1 1
 0.900958 1 1 1 1
 0.900958 1 1 1 1
 0.900958 1 1 1 1
 0.900958 1 1 1 1
 0.900958 1 1 1 1
 0.900958 1 1 1 1
 0.900958 1 1 1 1
 0.900958 1 1 1 1
 0.900958 1 1 1 1
 0.900958 1 1 1 1
 0.900958 1 1 1 1
 0.900958 1 1 1 1
 0.900958 1 1 1 1
 0.900958 1 1 1 1
 0.900958 1 1 1 1
 0.900958 1 1 1 1
 0.900958 1 1 1 1
 0.900958 1 1 1 1
 0.900958 1 1 1 1
 0.900958 1 1 1 1
 0.900958 1 1 1 1
 0.900958 1 1 1 1
 0.900958 1 1 1 1
Sel_pelaces
 1 1 1 1 1
 1 1 1 1 1
 1 1 1 1 1
 1 1 1 1 1
 1 1 1 1 1
 1 1 1 1 1
 1 1 1 1 1
 1 1 1 1 1
 1 1 1 1 1
 1 1 1 1 1
 1 1 1 1 1
 1 1 1 1 1
 1 1 1 1 1
 1 1 1 1 1
 1 1 1 1 1
 1 1 1 1 1
 1 1 1 1 1
 1 1 1 1 1
 1 1 1 1 1
 1 1 1 1 1
 1 1 1 1 1
 1 1 1 1 1
 1 1 1 1 1
 1 1 1 1 1
 1 1 1 1 1
 1 1 1 1 1
 1 1 1 1 1
 1 1 1 1 1
 1 1 1 1 1
 1 1 1 1 1
pf_obs 
 0.8446 0.082 0.0669 0.0065 0
 0.8095 0.147 0.0364 0.0071 0
 0.9664 0.0169 0.016 0.0007 0
 0.9276 0.0648 0.0075 0.0001 0
 0.7033 0.2144 0.0806 0.0017 0
 0.9318 0.0425 0.0243 0.0014 0
 0.5671 0.3108 0.0964 0.0239 0.0018
 0.0768 0.2599 0.5324 0.112 0.0189
 0.490249 0.384438 0.106611 0.0170017 0.00170017
 0.7925 0.1577 0.0466 0.003 0.0002
 0.840416 0.127587 0.0312969 0.00059994 9.999e-05
 0.8084 0.0986 0.0794 0.0134 0.0002
 0.7335 0.1905 0.0724 0.0035 0.0001
 0.4001 0.4547 0.1325 0.0127 0
 0.49795 0.308269 0.164784 0.0264974 0.00249975
 0.9179 0.0499 0.0305 0.0017 0
 0.2467 0.6533 0.0926 0.0074 0
 0.9418 0.0223 0.034 0.0019 0
 0.707729 0.231977 0.0356964 0.0245975 0
 0.517169 0.277429 0.184464 0.0207286 0.00020938
 0.811772 0.124168 0.05621 0.00726502 0.000585176
 0.764997 0.148141 0.077277 0.00933861 0.000247198
 0.163321 0.427699 0.378323 0.0303852 0.000271297
 0.753843 0.0900009 0.118128 0.0371064 0.000921714
 0.721811 0.176058 0.0630433 0.0369309 0.00215725
 0.143369 0.312575 0.442814 0.0836902 0.0175525
 0.692698 0.0596174 0.167031 0.0765114 0.00414204
 0.394062 0.376323 0.152708 0.0712218 0.00568511
 0.125707 0.32114 0.495352 0.0537591 0.00404204
 0.23352 0.215282 0.420074 0.123614 0.00750983
pf_pred 
 0.461226 0.102422 0.415265 0.0210856 7.43466e-07
 0.433552 0.278787 0.0546851 0.221717 0.0112584
 0.562924 0.203517 0.11495 0.0225478 0.0960609
 0.815238 0.109824 0.0348941 0.0197087 0.020336
 0.658055 0.285264 0.0336913 0.0107047 0.0122848
 0.710952 0.197944 0.0760025 0.00897633 0.00612505
 0.46103 0.39674 0.0974012 0.0373981 0.00743085
 0.423114 0.28554 0.214462 0.0526513 0.0242328
 0.476513 0.236953 0.141825 0.106522 0.0381878
 0.644163 0.181055 0.0791137 0.0473526 0.0483156
 0.770114 0.155013 0.0380965 0.0166467 0.02013
 0.731533 0.21236 0.0378332 0.00929802 0.00897589
 0.697319 0.229649 0.0577693 0.010292 0.00497115
 0.642883 0.259419 0.0741243 0.0186464 0.00492651
 0.744768 0.173132 0.0596401 0.017041 0.00541936
 0.92797 0.0555357 0.0111887 0.00385425 0.00145151
 0.436134 0.528225 0.0274796 0.00553626 0.00262534
 0.89392 0.0497348 0.0527835 0.00274593 0.000815558
 0.632992 0.332449 0.0162025 0.0171957 0.00116025
 0.64319 0.237202 0.108346 0.0052804 0.00598222
 0.740982 0.174524 0.0561704 0.0256567 0.00266704
 0.747996 0.192886 0.0398334 0.0128204 0.00646462
 0.374355 0.48347 0.108822 0.0224732 0.0108802
 0.744659 0.103357 0.117446 0.0264354 0.0081023
 0.650662 0.268276 0.0328124 0.037285 0.0109645
 0.473069 0.35773 0.129939 0.0158926 0.0233696
 0.74003 0.131081 0.0875021 0.0317835 0.00960367
 0.692838 0.234533 0.0366209 0.024446 0.0115626
 0.396393 0.433832 0.129631 0.0202411 0.0199026
 0.492184 0.216656 0.209267 0.0625296 0.019364
pobs_RECLAS
 0 0 0 0 0
 0 0 0 0 0
 0 0 0 0 0
 0 0 0 0 0
 0 0 0 0 0
 0 0 0 0 0
 0 0 0 0 0
 0 0 0 0 0
 0 0 0 0 0
 0 0 0 0 0
 0.991045 0.00858322 0.000360255 1.14367e-05 0
 0.934742 0.0480273 0.0164251 0.00080598 0
 0.827803 0.169806 0.00239088 0 0
 0.941827 0.0461693 0.0120037 0 0
 0.791401 0.0380133 0.147996 0.0225897 0
 0.846168 0.0940531 0.0597789 0 0
 0.134021 0.677848 0.182769 0.00536245 0
 0.80878 0.0450904 0.141981 0.00414843 0
 0.846168 0.0940531 0.0597789 0 0
 0.905697 0.0802665 0.012482 0.00150086 5.37128e-05
 0.989698 0.0102097 9.19794e-05 0 0
 0.975433 0.0193895 0.00387452 0.00125025 5.28907e-05
 0.303575 0.632131 0.0575291 0.00676475 0
 0.966965 0.00978017 0.0227588 0.000495775 0
 0.843318 0.132988 0.00938335 0.0141283 0.000182051
 0.564624 0.303363 0.111486 0.0197234 0.00080311
 0.826376 0.0876187 0.0782897 0.00655872 0.00115652
 0.89761 0.0855135 0.0140674 0.00269457 0.000114338
 0.34875 0.467042 0.161289 0.0227151 0.000203297
 0.318654 0.224769 0.449479 0.00709798 0
ppred_RECLAS
 0.464677 0.101766 0.412606 0.0209506 7.38704e-07
 0.437202 0.276991 0.0543328 0.220289 0.0111858
 0.56655 0.201829 0.113996 0.0223608 0.0952639
 0.817515 0.10847 0.034464 0.0194658 0.0200854
 0.661074 0.282746 0.0333939 0.0106102 0.0121763
 0.713855 0.195956 0.0752392 0.00888617 0.00606354
 0.465022 0.393801 0.0966798 0.0371212 0.00737582
 0.426349 0.283939 0.21326 0.0523561 0.0240969
 0.480199 0.235284 0.140827 0.105772 0.0379189
 0.647753 0.179228 0.0783157 0.0468749 0.0478282
 0.772505 0.1534 0.0377002 0.0164735 0.0199206
 0.734964 0.209646 0.0373496 0.00917919 0.00886117
 0.700954 0.226891 0.0570756 0.0101684 0.00491145
 0.6477 0.25592 0.0731245 0.0183948 0.00486006
 0.748083 0.170883 0.0588654 0.0168197 0.00534897
 0.92909 0.0546722 0.0110147 0.00379432 0.00142894
 0.439897 0.5247 0.0272962 0.00549932 0.00260782
 0.895367 0.0490565 0.0520637 0.00270848 0.000804436
 0.636881 0.328927 0.0160308 0.0170135 0.00114796
 0.646869 0.234756 0.107228 0.00522595 0.00592053
 0.743883 0.172569 0.0555412 0.0253693 0.00263716
 0.751007 0.190581 0.0393575 0.0126672 0.00638739
 0.377768 0.480832 0.108228 0.0223506 0.0108208
 0.747365 0.102262 0.116201 0.0261552 0.00801644
 0.653911 0.265781 0.0325072 0.0369382 0.0108625
 0.476555 0.355364 0.129079 0.0157875 0.0232149
 0.742755 0.129707 0.0865847 0.0314503 0.00950298
 0.695808 0.232265 0.0362668 0.0242097 0.0114508
 0.399754 0.431417 0.128909 0.0201284 0.0197919
 0.495805 0.215111 0.207774 0.0620837 0.0192259
pobs_PELACES
 0 0 0 0 0
 0 0 0 0 0
 0 0 0 0 0
 0 0 0 0 0
 0 0 0 0 0
 0 0 0 0 0
 0 0 0 0 0
 0 0 0 0 0
 0 0 0 0 0
 0 0 0 0 0
 0 0 0 0 0
 0 0 0 0 0
 0 0 0 0 0
 0 0 0 0 0
 0 0 0 0 0
 0 0 0 0 0
 0.505614 0.472636 0.0217494 0 0
 0 0 0 0 0
 0.443492 0.261883 0.143347 0.151278 0
 0.227955 0.32914 0.350689 0.0885471 0.00366901
 0.970185 0.0296113 0.000203453 0 0
 0.997202 0.00247181 0.000326279 0 0
 0.445219 0.490057 0.0546422 0.010081 0
 0.90214 0.0892962 0.00764917 0.000914606 0
 0 0 0 0 0
 0.581667 0.319106 0.0959925 0.00289975 0.000334073
 0.762889 0.0836404 0.116647 0.0363945 0.000428098
 0.88444 0.0763242 0.0277011 0.0115352 0
 0.521256 0.241999 0.230069 0.00667565 0
 0.616807 0.101726 0.260614 0.0208532 0
ppred_PELACES
 0.491666 0.0966357 0.391804 0.0198943 7.01461e-07
 0.464742 0.263436 0.051674 0.209509 0.0106385
 0.593575 0.189245 0.106889 0.0209666 0.0893245
 0.833671 0.0988666 0.0314127 0.0177424 0.0183071
 0.684549 0.263162 0.0310809 0.00987528 0.011333
 0.735621 0.18105 0.069516 0.00821023 0.0056023
 0.493632 0.372741 0.0915095 0.035136 0.00698137
 0.452435 0.271027 0.203562 0.0499753 0.0230012
 0.507946 0.222724 0.133309 0.100125 0.0358947
 0.673239 0.166261 0.0726494 0.0434834 0.0443677
 0.790772 0.141083 0.034673 0.0151507 0.018321
 0.757381 0.191914 0.0341906 0.00840282 0.0081117
 0.725045 0.208612 0.0524776 0.0093492 0.00451578
 0.675887 0.235444 0.0672739 0.0169231 0.00447121
 0.769726 0.156202 0.0538081 0.0153747 0.00488942
 0.936409 0.0490289 0.00987777 0.00340267 0.00128144
 0.467785 0.498574 0.0259371 0.0052255 0.00247797
 0.905466 0.0443214 0.0470383 0.00244705 0.000726789
 0.663378 0.304925 0.014861 0.015772 0.00106419
 0.67261 0.217644 0.099412 0.00484501 0.00548896
 0.764673 0.158561 0.0510328 0.02331 0.0024231
 0.771819 0.174652 0.0360679 0.0116084 0.0058535
 0.404032 0.460537 0.10366 0.0214072 0.0103641
 0.767477 0.0941213 0.106951 0.0240731 0.00737827
 0.678291 0.247058 0.0302172 0.0343361 0.0100973
 0.50367 0.336955 0.122393 0.0149697 0.0220124
 0.763081 0.119458 0.0797436 0.0289654 0.00875214
 0.718288 0.2151 0.0335866 0.0224205 0.0106046
 0.426091 0.412488 0.123253 0.0192452 0.0189234
 0.52333 0.203368 0.196432 0.0586945 0.0181764
pobs_pel_tallas
 0 0 0 0 0 0 0 0 0 0 0 0 0 0 0 0 0 0 0 0 0 0 0 0 0 0
 0 0 0 0 0 0 0 0 0 0 0 0 0 0 0 0 0 0 0 0 0 0 0 0 0 0
 0 0 0 0 0 0 0 0 0 0 0 0 0 0 0 0 0 0 0 0 0 0 0 0 0 0
 0 0 0 0 0 0 0 0 0 0 0 0 0 0 0 0 0 0 0 0 0 0 0 0 0 0
 0 0 0 0 0 0 0 0 0 0 0 0 0 0 0 0 0 0 0 0 0 0 0 0 0 0
 0 0 0 0 0 0 0 0 0 0 0 0 0 0 0 0 0 0 0 0 0 0 0 0 0 0
 0 0 0 0 0 0 0 0 0 0 0 0 0 0 0 0 0 0 0 0 0 0 0 0 0 0
 0 0 0 0 0 0 0 0 0 0 0 0 0 0 0 0 0 0 0 0 0 0 0 0 0 0
 0 0 0 0 0 0 0 0 0 0 0 0 0 0 0 0 0 0 0 0 0 0 0 0 0 0
 0 0 0 0 0 0 0 0 0 0 0 0 0 0 0 0 0 0 0 0 0 0 0 0 0 0
 0 0 0 0 0 0 0 0 0 0 0 0 0 0 0 0 0 0 0 0 0 0 0 0 0 0
 0 0 0 0 0 0 0 0 0 0 0 0 0 0 0 0 0 0 0 0 0 0 0 0 0 0
 0.00862536 0 0 0.000197151 0.00414017 0.0128641 0.00837892 0.0270097 0.101434 0.158115 0.152841 0.127902 0.109271 0.109419 0.0830992 0.0579132 0.0238553 0.00714673 0.00463305 0.00128148 0.00103504 0.000492878 0.000147863 0.000147863 4.92878e-05 0
 0 0 0 0 0 0 0 0 0 0 0 0 0 0 0 0 0 0 0 0 0 0 0 0 0 0
 0 0 0 0 0 0 0 0.0054083 0.00873648 0.0413646 0.0450493 0.0745869 0.0622846 0.0627006 0.0613931 0.0827291 0.12552 0.122667 0.0946155 0.0697135 0.0546179 0.0294188 0.0215738 0.0213955 0.0102223 0.00600262
 0 0 0 0 0.00359764 0.0251062 0.0480494 0.140153 0.205849 0.193036 0.1447 0.116669 0.0760912 0.0342217 0.00950174 0.001854 0.000860785 0 0 0 0.000165536 0 0.000143464 0 0 0
 0 0 0 0 0 0 0 0.000145254 0.000435761 0.0275982 0.070085 0.0708112 0.156366 0.174668 0.174014 0.160142 0.0824315 0.0480064 0.0283245 0.00493863 0.00203355 0 0 0 0 0
 0 0 0 0 0 0 0 0 0 0 0 0 0 0 0 0 0 0 0 0 0 0 0 0 0 0
 0 0 1.00437e-05 0.000401748 0.00122533 0.00171747 0.00176769 0.0269171 0.070346 0.194647 0.189555 0.159765 0.064822 0.0314167 0.0384472 0.0292271 0.0345202 0.0313363 0.0194345 0.0106764 0.0143323 0.0359363 0.0279516 0.0138201 0.00172751 0
 0 0.0021121 0.0136068 0.0755702 0.200478 0.177729 0.0527432 0.0373336 0.0318909 0.0142505 0.0149659 0.0166563 0.0217959 0.0798694 0.0677717 0.0528807 0.04013 0.0224614 0.0357745 0.0225083 0.00881397 0.00855152 0.00135912 0.000746735 0 0
 0 0 0 0 5.4009e-05 0.00500934 0.000945158 0.0243581 0.138947 0.33067 0.221406 0.137944 0.0707744 0.0437923 0.0131692 0.00525238 0.0047753 0.00276346 9.45158e-05 9.00151e-06 2.25038e-05 9.00151e-06 4.50075e-06 0 0 0
 0.000866109 0.00284123 0.00948549 0.0512746 0.133035 0.25785 0.225252 0.132002 0.0553304 0.0519788 0.0540692 0.017754 0.00435017 0.00159236 0.00146478 0.000404838 0.000125132 0.000115318 0.000107957 0.000100596 0 0 0 0 0 0
 0 0 0 0 0.00144013 0.00171154 0.00461396 0.0210425 0.0478622 0.0707936 0.0888783 0.103762 0.0637923 0.0337046 0.0602308 0.124433 0.169614 0.0934646 0.0462172 0.0250306 0.0313229 0.00938855 0.002487 0.000210481 0 0
 0 0.00764035 0.051015 0.0998891 0.058973 0.0496711 0.0374665 0.0718981 0.12319 0.153886 0.159021 0.0857701 0.0377988 0.023471 0.0147837 0.00900784 0.00315554 0.000888139 0.00291439 0.00214683 0.00393193 0.00274676 0.000635225 9.99891e-05 0 0
 0 0 0 0 0 0 0 0 0 0 0 0 0 0 0 0 0 0 0 0 0 0 0 0 0 0
 0 0 0 0 0 0 0 0 0 0 0 0 0 0 0 0 0 0 0 0 0 0 0 0 0 0
 0 0 0 0 0 0 0 0 0 0 0 0 0 0 0 0 0 0 0 0 0 0 0 0 0 0
 0 0 0 0 0 0 0 0 0 0 0 0 0 0 0 0 0 0 0 0 0 0 0 0 0 0
 0 0 0 0 0 0 0 0 0 0 0 0 0 0 0 0 0 0 0 0 0 0 0 0 0 0
 0 0 0 0 0 0 0 0 0 0 0 0 0 0 0 0 0 0 0 0 0 0 0 0 0 0
ppred_pel_tallas
 1.13327e-16 4.04979e-05 0.000393654 0.00261597 0.0118918 0.0369999 0.0788326 0.115061 0.11507 0.0788813 0.037165 0.0123762 0.00386009 0.00320286 0.00564838 0.00998313 0.0160239 0.023569 0.0323078 0.0418876 0.0517543 0.0608232 0.0673897 0.0696177 0.0664279 0.0581764
 1.2437e-16 3.82802e-05 0.000372097 0.00247272 0.0112406 0.0349739 0.0745166 0.108764 0.10879 0.0746412 0.0353926 0.0124512 0.00551723 0.00703848 0.0127621 0.0212152 0.0310081 0.0400288 0.04625 0.0489883 0.0494037 0.0496826 0.0514892 0.0548704 0.0583212 0.0597711
 1.20352e-16 4.8892e-05 0.000475248 0.00315819 0.0143567 0.0446691 0.0951728 0.138911 0.13893 0.0952627 0.0449714 0.0152319 0.00536253 0.00531248 0.00931088 0.0155167 0.0228324 0.0297649 0.0348549 0.0375282 0.0384451 0.0389666 0.0401553 0.0421 0.0439842 0.0446777
 1.0581e-16 6.86684e-05 0.000667481 0.00443565 0.0201638 0.0627372 0.133669 0.195095 0.195105 0.133715 0.0628943 0.020618 0.00557764 0.00316675 0.0048342 0.00793442 0.0115475 0.0147939 0.0168379 0.0173273 0.0166051 0.0154536 0.0145729 0.0142021 0.0141111 0.0138667
 1.03873e-16 5.63855e-05 0.000548087 0.00364223 0.0165571 0.0515153 0.10976 0.160203 0.160228 0.109884 0.0519313 0.0177585 0.00665774 0.00713 0.012554 0.0206588 0.0297412 0.0373775 0.0411412 0.0399277 0.034619 0.0274901 0.0208486 0.0159587 0.0128698 0.010942
 1.03824e-16 6.05922e-05 0.000588978 0.00391396 0.0177923 0.0553586 0.117948 0.172152 0.17217 0.118034 0.0556464 0.0186243 0.00600573 0.00516638 0.00878628 0.014514 0.0210987 0.0269418 0.0304424 0.0308419 0.0286307 0.0251281 0.0216005 0.018635 0.0161425 0.0137771
 1.07442e-16 4.06599e-05 0.000395228 0.00262643 0.0119394 0.0371481 0.0791493 0.115528 0.115564 0.0793252 0.037739 0.0136469 0.00691598 0.00977078 0.0178805 0.0295854 0.0428275 0.0543091 0.0606896 0.0604323 0.0546866 0.046421 0.0385369 0.0324584 0.0280298 0.0243531
 1.14848e-16 3.72665e-05 0.000362244 0.00240724 0.010943 0.0340478 0.0725434 0.105885 0.105911 0.0726725 0.0344821 0.0122009 0.0055783 0.00732925 0.0134001 0.0224388 0.0331304 0.0433694 0.0510032 0.0550168 0.0560087 0.0554824 0.0545802 0.0533468 0.0510081 0.0468154
 1.2002e-16 4.18389e-05 0.000406689 0.00270259 0.0122856 0.0382252 0.0814437 0.118874 0.118896 0.0815496 0.0385816 0.0133175 0.00530282 0.00611701 0.0109885 0.0183722 0.0271158 0.0355149 0.0418883 0.0455629 0.0472496 0.0483901 0.0499957 0.0519239 0.053073 0.0521814
 1.14009e-16 5.54538e-05 0.000539031 0.00358205 0.0162835 0.0506641 0.107946 0.157553 0.157569 0.108025 0.050929 0.0170502 0.00551157 0.00476838 0.00813951 0.0135078 0.0197906 0.0256249 0.0296861 0.0314436 0.0314836 0.0310479 0.0311476 0.0319516 0.0328304 0.0328699
 1.05657e-16 6.51349e-05 0.000633135 0.0042074 0.0191262 0.0595089 0.126791 0.185057 0.185071 0.126857 0.0597327 0.0197729 0.00583203 0.00418501 0.00682674 0.011226 0.0162697 0.0206892 0.0232468 0.0234002 0.0216265 0.0190781 0.0168474 0.0154148 0.0146061 0.0139291
 1.03252e-16 6.23845e-05 0.0006064 0.00402974 0.0183186 0.0569961 0.121437 0.177245 0.177263 0.121527 0.0572999 0.0191961 0.00623304 0.00541843 0.00920785 0.0151412 0.0218472 0.0275635 0.0305382 0.0299688 0.0264729 0.0216515 0.0171083 0.0136916 0.0113991 0.0097771
 1.0327e-16 5.9721e-05 0.00058051 0.00385769 0.0175365 0.0545627 0.116252 0.169678 0.169698 0.116351 0.0548934 0.018492 0.00625795 0.00582619 0.0100396 0.0165482 0.0239382 0.0303237 0.0338165 0.033536 0.0301074 0.0251859 0.0204133 0.0166344 0.0138326 0.0115781
 1.04456e-16 5.5672e-05 0.000541152 0.00359614 0.0163476 0.0508635 0.108371 0.158175 0.158198 0.108482 0.0512369 0.017427 0.00630855 0.00647146 0.0113452 0.0187381 0.0271525 0.0344915 0.0386474 0.0386392 0.0351621 0.0300433 0.0250664 0.0211046 0.0180738 0.015462
 1.03963e-16 6.34013e-05 0.000616283 0.00409542 0.0186172 0.0579251 0.123416 0.180133 0.180148 0.12349 0.0581732 0.0193345 0.00589868 0.00456153 0.00758184 0.0125015 0.0181617 0.0231743 0.0261636 0.0264927 0.0246128 0.0216938 0.0188477 0.0165713 0.0147411 0.0129861
 1.00856e-16 7.71308e-05 0.000749739 0.00498228 0.0226487 0.0704686 0.150141 0.219136 0.219141 0.150164 0.0705462 0.022873 0.00554564 0.00198047 0.00241719 0.00388112 0.00560027 0.00707837 0.00786685 0.00776145 0.00691734 0.0057364 0.00461764 0.0037666 0.00317533 0.00272767
 1.0182e-16 3.8531e-05 0.000374535 0.00248892 0.0113143 0.0352032 0.0750059 0.109483 0.109531 0.0752403 0.0359901 0.0135861 0.00818793 0.0128036 0.0236087 0.038877 0.0557842 0.0696953 0.075912 0.072268 0.0604419 0.0448739 0.0301887 0.0191067 0.0120325 0.00796312
 1.01738e-16 7.45821e-05 0.000724964 0.00481764 0.0219003 0.06814 0.14518 0.211895 0.211899 0.145201 0.0682114 0.0221074 0.00534041 0.00187618 0.00229021 0.00374418 0.0055628 0.00736113 0.00878741 0.00965745 0.0100199 0.0100454 0.00984477 0.00938594 0.00856885 0.00736451
 1.02269e-16 5.46416e-05 0.000531136 0.00352959 0.016045 0.0499222 0.106366 0.15525 0.155279 0.106509 0.0504035 0.0174347 0.00701586 0.00813517 0.0144771 0.023798 0.0341635 0.0427282 0.0466381 0.0445936 0.0376433 0.0285077 0.0199899 0.0136915 0.00977066 0.00752348
 1.0434e-16 5.54021e-05 0.000538528 0.00357871 0.0162683 0.0506168 0.107845 0.157408 0.157429 0.107948 0.0509632 0.0172701 0.00609837 0.00605564 0.0105821 0.017533 0.0255446 0.0327298 0.0371768 0.0379617 0.0356254 0.0316713 0.0275302 0.0238468 0.0205182 0.0172047
 1.04262e-16 6.29851e-05 0.000612238 0.00406854 0.018495 0.0575449 0.122606 0.17895 0.178966 0.122681 0.0577967 0.0192229 0.00589833 0.00461516 0.00769035 0.0126804 0.0184176 0.0234952 0.0265216 0.0268603 0.0249843 0.0220949 0.0193251 0.0171655 0.0154586 0.0137869
 1.03241e-16 6.35737e-05 0.000617959 0.00410656 0.0186678 0.0580826 0.123752 0.180623 0.18064 0.123834 0.0583592 0.019467 0.00611373 0.00500307 0.00840195 0.0138167 0.019962 0.0252411 0.0280713 0.0277277 0.0247632 0.0206074 0.016677 0.013698 0.0116352 0.0100688
 1.0701e-16 3.32797e-05 0.00032349 0.00214971 0.00977229 0.0304055 0.0647837 0.094563 0.0946075 0.0650009 0.031135 0.0118804 0.0074443 0.0118918 0.0220335 0.0364514 0.0526896 0.066643 0.0741334 0.0732189 0.06531 0.0541234 0.0433619 0.0349564 0.0288935 0.0241943
 1.06774e-16 6.32161e-05 0.000614483 0.00408345 0.0185628 0.0577558 0.123055 0.179604 0.179614 0.1231 0.0579078 0.0190039 0.0051982 0.00307278 0.00480493 0.00803467 0.0120163 0.0160521 0.0194563 0.0218916 0.0234902 0.0245912 0.0253348 0.0254893 0.024644 0.0225587
 1.06088e-16 5.587e-05 0.000543076 0.00360894 0.0164057 0.0510444 0.108756 0.158738 0.158762 0.108873 0.0514351 0.0175344 0.00644258 0.00673031 0.0118112 0.0194519 0.0280546 0.0353756 0.0391842 0.0384953 0.034174 0.0283518 0.0231242 0.0195353 0.0174433 0.0160693
 1.08845e-16 4.14867e-05 0.000403265 0.00267984 0.0121822 0.0379035 0.0807586 0.117876 0.117909 0.0809179 0.0384389 0.01373 0.00657098 0.00891708 0.0162679 0.0269782 0.0392098 0.0500438 0.0565135 0.0572328 0.0531591 0.0468039 0.0405705 0.0355589 0.0315487 0.0277837
 1.06718e-16 6.2854e-05 0.000610963 0.00406006 0.0184565 0.057425 0.12235 0.178576 0.178588 0.122407 0.0576161 0.01901 0.00545476 0.0036733 0.00593111 0.00984375 0.0144998 0.0189238 0.0221601 0.0237721 0.0240547 0.023719 0.0233165 0.0228912 0.022085 0.0205113
 1.05068e-16 5.91645e-05 0.0005751 0.00382174 0.0173731 0.0540543 0.115169 0.168097 0.168118 0.11527 0.0543947 0.0183565 0.00629084 0.00596761 0.0103081 0.0169688 0.0244916 0.03092 0.0343108 0.0337953 0.0301018 0.0250522 0.020442 0.0171733 0.0151483 0.0137406
 1.08795e-16 3.50966e-05 0.000341152 0.00226707 0.0103058 0.0320654 0.0683202 0.0997237 0.0997636 0.0685151 0.0327199 0.0121975 0.00702064 0.0107352 0.0198253 0.0328506 0.0476261 0.0605358 0.067898 0.0679979 0.0620514 0.053252 0.0447152 0.0379624 0.0328389 0.0284359
 1.14683e-16 4.3106e-05 0.000419006 0.00278444 0.0126577 0.0393828 0.0839101 0.122473 0.122493 0.0840073 0.0397103 0.0136071 0.00518146 0.00569754 0.0102031 0.0171548 0.0255437 0.0338858 0.04067 0.0451849 0.0478136 0.0494681 0.0506625 0.0510557 0.0497859 0.0462044
pSPR Fmed_Fpbrs
0.690931   0.192957 0.192957
Fs Fmed_Fpbrs
0.186957   1.005 1.005
SSBpbr Bo_Bmed_Bpbrs
2.13736e+06  1.3699e+06  305552 305552
Ro
203758
SPR SPRFo_SPRFmed_SPRFpbrs
1.45043e+06 1.00215e+06 279872
Fref
1.005
log_Ro
12.0447
likeval ReclasPelacesDesembMPH_pf_preclas_ppelaces_ptallas_desvR_qrecl_qpela
 22.7582 16.7679 0.172967 0.00291786 230.511 107.941 76.5488 0 20.1852 0 0 0.875677 0 0 0
q_reclas_q_pelaces
1 1
M
1
N
 230058 45662.3 185135 9400.46 0.331454
 133426 76968.3 15097.6 61212.4 3108.24
 127747 41418.7 23393.9 4588.8 19549.7
 330037 39932.7 12687.8 7166.24 7394.35
 258449 99951.9 11804.9 3750.75 4304.39
 360110 89718.7 34448.4 4068.55 2776.2
 151841 117685 28892.1 11093.4 2204.22
 72111.9 43375.4 32578.2 7998.08 3681.13
 57166.9 25495.1 15259.8 11461.3 4108.84
 70563.7 17843 7796.68 4666.61 4761.51
 114891 20641.6 5072.95 2216.68 2680.52
 150431 39496 7036.45 1729.3 1669.39
 131759 39218.3 9865.58 1757.61 848.95
 94824.8 34884.4 9967.58 2507.4 662.474
 97758 20552 7079.71 2022.9 643.317
 472458 25526.9 5142.87 1771.6 667.184
 117767 128149 6666.62 1343.11 636.915
 708640 35430 37601.9 1956.14 580.986
 447793 212264 10345.1 10979.2 740.805
 367957 122223 55827.2 2720.83 3082.46
 496399 105005 33795.7 15436.7 1604.66
 648117 150518 31083.8 10004.3 5044.64
 160163 185359 41721.6 8616.05 4171.38
 409190 50844.3 57774.8 13004.3 3985.74
 359065 132559 16213 18423 5417.71
 171426 115912 42102.8 5149.52 7572.2
 358779 56877.8 37968.4 13791.3 4167.17
 385905 116813 18239.7 12175.8 5758.98
 130679 127907 38219.2 5967.7 5867.93
 109557 43207.1 41733.5 12470.1 3861.72
pred_Ctot
 13274.1 2947.72 11951.3 606.844 0.021397
 13356.5 8588.61 1684.69 6830.47 346.838
 12298.5 4446.34 2511.36 492.613 2098.69
 37467 5047.31 1603.67 905.78 934.611
 9252.63 4010.98 473.719 150.514 172.731
 25664.3 7145.48 2743.58 324.032 221.105
 21896.7 18843.2 4626.08 1776.23 352.929
 1781.48 1202.24 902.974 221.684 102.03
 5551.08 2760.36 1652.18 1240.91 444.864
 9308.93 2616.46 1143.29 684.302 698.218
 4786 963.351 236.757 103.453 125.101
 28487.4 8269.71 1473.3 362.084 349.539
 23978.4 7896.83 1986.49 353.905 170.941
 25699 10370.2 2963.09 745.381 196.935
 18438.2 4286.21 1476.5 421.884 134.167
 80421 4812.91 969.649 334.022 125.793
 13788.3 16699.8 868.763 175.028 82.9997
 84621.9 4708.09 4996.69 259.94 77.2039
 74839.4 39305.8 1915.64 2033.06 137.178
 53254.6 19639.7 8970.75 437.205 495.313
 56028.6 13196.5 4247.27 1940.01 201.666
 93077.7 24001.9 4956.72 1595.32 804.433
 14045.3 18139.2 4082.87 843.166 408.211
 31206.8 4331.45 4921.87 1107.84 339.547
 28102.1 11586.8 1417.17 1610.34 473.557
 10719.8 8106.26 2944.45 360.131 529.56
 26334.7 4664.65 3113.85 1131.05 341.757
 24364.2 8247.52 1287.8 859.663 406.608
 8436.22 9233.02 2758.86 430.779 423.577
 9343.97 4113.15 3972.87 1187.11 367.621
F
 0.0949398 0.106736 0.106736 0.106736 0.106736
 0.169819 0.190918 0.190918 0.190918 0.190918
 0.162859 0.183094 0.183094 0.183094 0.183094
 0.194515 0.218683 0.218683 0.218683 0.218683
 0.0580184 0.065227 0.065227 0.065227 0.065227
 0.118399 0.13311 0.13311 0.13311 0.13311
 0.25294 0.284368 0.284368 0.284368 0.284368
 0.0397339 0.0446708 0.0446708 0.0446708 0.0446708
 0.164365 0.184787 0.184787 0.184787 0.184787
 0.229209 0.257688 0.257688 0.257688 0.257688
 0.067782 0.0762038 0.0762038 0.0762038 0.0762038
 0.344361 0.387147 0.387147 0.387147 0.387147
 0.328937 0.369807 0.369807 0.369807 0.369807
 0.529072 0.594808 0.594808 0.594808 0.594808
 0.342762 0.385349 0.385349 0.385349 0.385349
 0.304755 0.34262 0.34262 0.34262 0.34262
 0.201147 0.226139 0.226139 0.226139 0.226139
 0.205516 0.23105 0.23105 0.23105 0.23105
 0.298485 0.335571 0.335571 0.335571 0.335571
 0.253959 0.285513 0.285513 0.285513 0.285513
 0.1933 0.217317 0.217317 0.217317 0.217317
 0.251779 0.283062 0.283062 0.283062 0.283062
 0.147422 0.165739 0.165739 0.165739 0.165739
 0.127154 0.142953 0.142953 0.142953 0.142953
 0.130676 0.146912 0.146912 0.146912 0.146912
 0.103246 0.116074 0.116074 0.116074 0.116074
 0.122129 0.137303 0.137303 0.137303 0.137303
 0.104284 0.117241 0.117241 0.117241 0.117241
 0.106739 0.120001 0.120001 0.120001 0.120001
 0.143129 0.160912 0.160912 0.160912 0.160912
nmprior
 8 8 7 0
nm_flota  nm_reclas  nm_pelaces    nm_pelaL
inf 10.3657 19.8387 36.0592
cv_recla  cv_pelaces  cv_mph
0.441667 0.481841 1.66701
 ------------------------------------------------
Talla a la edad & desviación 
 8 13.2811 15.8009 17.003 17.5766
 0.8 1.32811 1.58009 1.7003 1.75766
