    unsorted:	 2.323197490e-06 2.272611425e-06 -1.644529466e-06 6.198499607e-05 5.296801085e-05 8.157542118e-05 0.001099993411 13.19372509 61.48003265 161.6686139 148.9773499 233.9472568 282.1664998 365.5900923 679.7065798 544.5729208 799.0575989 866.1488378 905.7649484 923.0775825 1078.264792 1230.844439 1290.186321 1416.365471 1529.308580 1849.732673 1931.846510 2025.030876 2179.294972 2280.800465 2377.528754 2483.401294 2448.815994 2582.289831 2641.161941 2867.887328 2984.747510 3229.176074 3420.667602 3634.964033 3921.844931 5847.571456 9351.549109 37612.50697 163600.1254 412103.8412 415029.7224 403554.6724 400190.5525 383681.8461 365227.7234 468557.7379 471332.7689 472488.9146 452662.9170 334927.8403 538343.7626 569691.4805 588406.3998 618036.4298 671107.6515 838032.9033 890882.8772 1025057.602 1082829.290 1352270.052 1524186.890 1649430.121 2253671.859 2354173.480 2667118.641 2716579.193 3048778.639 3087855.511 4824319.072
      sorted:	 -1.644529466e-06 2.272611425e-06 2.323197490e-06 5.296801085e-05 6.198499607e-05 8.157542118e-05 0.001099993411 13.19372509 61.48003265 148.9773499 161.6686139 233.9472568 282.1664998 365.5900923 544.5729208 679.7065798 799.0575989 866.1488378 905.7649484 923.0775825 1078.264792 1230.844439 1290.186321 1416.365471 1529.308580 1849.732673 1931.846510 2025.030876 2179.294972 2280.800465 2377.528754 2448.815994 2483.401294 2582.289831 2641.161941 2867.887328 2984.747510 3229.176074 3420.667602 3634.964033 3921.844931 5847.571456 9351.549109 37612.50697 163600.1254 334927.8403 365227.7234 383681.8461 400190.5525 403554.6724 412103.8412 415029.7224 452662.9170 468557.7379 471332.7689 472488.9146 538343.7626 569691.4805 588406.3998 618036.4298 671107.6515 838032.9033 890882.8772 1025057.602 1082829.290 1352270.052 1524186.890 1649430.121 2253671.859 2354173.480 2667118.641 2716579.193 3048778.639 3087855.511 4824319.072
