    unsorted:	 2.361791523e-06 2.306369654e-06 5.980574308e-05 5.670262185e-05 7.967012795e-05 -1.232939897e-05 0.001099993438 13.17027991 62.40998440 163.4493303 152.0007538 235.2510064 289.5245421 378.8536748 702.1654852 554.0615203 799.0690329 861.2354238 913.1776394 946.4148040 1088.512642 1267.562060 1331.563064 1437.236668 1559.411255 1848.290519 1932.206665 2079.763600 2307.781854 2386.969766 2215.962806 2444.005859 2499.232341 2575.674551 2649.131896 2846.687818 2981.555470 3262.420227 3402.033781 3635.677324 3889.388328 5754.441915 9411.409938 36782.42771 163606.9421 403387.0598 405458.0346 413906.6759 418540.7286 387815.8362 367202.4299 474916.1546 476786.1264 472643.8991 453554.5428 343340.6383 530134.8601 560260.6581 585662.7969 610888.0327 668369.9039 825791.3672 876241.6773 1008807.464 1070891.867 1327854.948 1506388.970 1630795.400 2223126.595 2349390.133 2657922.838 2778267.759 3081346.632 3155668.539 7012741.842
      sorted:	 -1.232939897e-05 2.306369654e-06 2.361791523e-06 5.670262185e-05 5.980574308e-05 7.967012795e-05 0.001099993438 13.17027991 62.40998440 152.0007538 163.4493303 235.2510064 289.5245421 378.8536748 554.0615203 702.1654852 799.0690329 861.2354238 913.1776394 946.4148040 1088.512642 1267.562060 1331.563064 1437.236668 1559.411255 1848.290519 1932.206665 2079.763600 2215.962806 2307.781854 2386.969766 2444.005859 2499.232341 2575.674551 2649.131896 2846.687818 2981.555470 3262.420227 3402.033781 3635.677324 3889.388328 5754.441915 9411.409938 36782.42771 163606.9421 343340.6383 367202.4299 387815.8362 403387.0598 405458.0346 413906.6759 418540.7286 453554.5428 472643.8991 474916.1546 476786.1264 530134.8601 560260.6581 585662.7969 610888.0327 668369.9039 825791.3672 876241.6773 1008807.464 1070891.867 1327854.948 1506388.970 1630795.400 2223126.595 2349390.133 2657922.838 2778267.759 3081346.632 3155668.539 7012741.842
