years
 1991 1992 1993 1994 1995 1996 1997 1998 1999 2000 2001 2002 2003 2004 2005 2006 2007 2008 2009 2010 2011 2012 2013 2014 2015 2016 2017 2018 2019 2020
reclasobs
 0 0 0 0 0 0 0 0 0 252601 567819 844713 477998 351125 339783 2.1784e+06 2.13404e+06 4.81314e+06 1.55562e+06 2.62356e+06 3.21686e+06 3.843e+06 1.13348e+06 3.07943e+06 1.97215e+06 2.03268e+06 2.025e+06 2.42433e+06 2.27542e+06 1.05018e+06
reclaspred
 3.30112e+06 1.88015e+06 957143 1.00374e+06 1.0336e+06 1.58308e+06 1.07714e+06 973599 709963 523888 534083 652883 646331 522087 526763 1.21843e+06 1.23838e+06 2.61658e+06 2.19441e+06 1.6849e+06 2.97728e+06 2.39054e+06 1.93998e+06 2.97106e+06 2.23735e+06 1.98484e+06 2.33204e+06 2.41253e+06 2.00164e+06 1.31672e+06
pelacesobs
 0 0 0 0 0 0 0 0 0 0 0 0 0 0 0 552880 188675 0 991730 2.46772e+06 1.41603e+06 1.21717e+06 2.29649e+06 1.80582e+06 0 1.4828e+06 1.56532e+06 1.57751e+06 1.42118e+06 867257
pelacespred
 2.20622e+06 1.41037e+06 726021 575726 615142 939225 661987 682325 502192 352549 351537 361942 391380 335441 336317 620838 686140 1.53211e+06 1.41739e+06 1.03457e+06 1.66975e+06 1.52336e+06 1.25629e+06 1.95373e+06 1.51738e+06 1.33509e+06 1.69067e+06 1.72831e+06 1.27844e+06 954990
mphobs
 0 0 0 0 0 0 0 0 0 0 0 498337 0 5186 125008 0 168611 109162 213762 579715 649985 157893 87575 83554 0 0 0 0 0 0
mphpred
 4.29235e+06 2.88027e+06 1.46744e+06 801633 946095 1.08161e+06 1.41694e+06 971436 845371 599238 400249 538694 572656 496783 358483 439733 1.21736e+06 1.22454e+06 2.23764e+06 1.75031e+06 1.92371e+06 2.35087e+06 2.20651e+06 1.85383e+06 2.56224e+06 2.10775e+06 1.74637e+06 1.84851e+06 2.49574e+06 1.72974e+06
desembarqueobs
 494567 514787 250237 358949 120608 361735 552515 73892 212993 205616 52469 317467 293654 387597 252695 516296 358380 742168 942051 627588 828172 859565 418607 520667 417249 300574 407403 355545 319650 289779
desembarquepred
 494574 513185 251093 358969 120612 361749 552571 73895.2 213034 205655 52471.1 317533 293710 387660 252703 516293 358411 742113 941956 627516 828245 859614 418622 520690 417255 300580 407409 355540 319652 289792
Reclutas
 229808 133535 132239 258795 207912 333881 141906 68212.1 60812.2 78227 139058 174900 147608 103447 106008 529602 131038 810809 489718 382816 558031 735650 164499 480038 397296 183199 403970 438272 133688 108077
log_desv_Rt
 0.0702983 -0.472585 -0.482337 0.189092 -0.029829 0.443839 -0.411779 -1.14432 -1.25915 -1.00733 -0.43205 -0.202729 -0.372386 -0.727885 -0.703427 0.905182 -0.491454 1.33109 0.826885 0.58061 0.95747 1.23381 -0.264043 0.80692 0.617736 -0.156372 0.634395 0.715894 -0.471435 -0.684101
SSB
 4.29235e+06 2.88027e+06 1.46744e+06 801633 946095 1.08161e+06 1.41694e+06 971436 845371 599238 400249 538694 572656 496783 358483 439733 1.21736e+06 1.22454e+06 2.23764e+06 1.75031e+06 1.92371e+06 2.35087e+06 2.20651e+06 1.85383e+06 2.56224e+06 2.10775e+06 1.74637e+06 1.84851e+06 2.49574e+06 1.72974e+06
BT
 5.66925e+06 3.8653e+06 1.98193e+06 1.78078e+06 1.6443e+06 2.7711e+06 2.12352e+06 1.78383e+06 1.46258e+06 1.08548e+06 961666 1.20868e+06 1.28168e+06 1.28311e+06 1.1541e+06 2.13054e+06 2.01086e+06 4.80853e+06 4.56266e+06 3.17252e+06 5.06231e+06 4.70883e+06 3.48875e+06 5.67534e+06 4.18078e+06 3.61357e+06 4.87749e+06 4.92302e+06 3.37964e+06 2.60771e+06
Ftot
 0.099333 0.178994 0.17316 0.246795 0.0802406 0.159857 0.337542 0.0518202 0.203124 0.264157 0.0699249 0.332466 0.309981 0.50086 0.336625 0.305621 0.195415 0.202743 0.292226 0.254283 0.19291 0.24772 0.144955 0.124301 0.127346 0.102961 0.123347 0.104856 0.106005 0.147191
BD_Bspro_t
 0.984252 0.882505 0.755011 0.680291 0.685469 0.749618 0.741909 0.617159 0.666761 0.634578 0.606324 0.749855 0.643844 0.563233 0.467549 0.518774 0.652055 0.640886 0.712696 0.63015 0.608569 0.652165 0.664359 0.662473 0.75504 0.761619 0.769188 0.799345 0.833453 0.77897
BD_Bspro
 2.815 1.88893 0.962372 0.525725 0.620467 0.709338 0.929253 0.637086 0.554409 0.392991 0.26249 0.353286 0.375559 0.325799 0.2351 0.288385 0.798365 0.803074 1.46748 1.14788 1.2616 1.54174 1.44707 1.21577 1.68036 1.3823 1.1453 1.21229 1.63675 1.13439
BD_Bo
 1.87554 1.25854 0.641198 0.350274 0.413397 0.472609 0.619131 0.42447 0.369385 0.261837 0.174889 0.235383 0.250223 0.21707 0.15664 0.192141 0.531925 0.535063 0.977738 0.764798 0.840566 1.02721 0.964138 0.810031 1.11957 0.920981 0.763078 0.807707 1.09052 0.75581
BD_Brms
 12.4171 8.33218 4.24507 2.319 2.73691 3.12893 4.09898 2.81022 2.44553 1.7335 1.15786 1.55836 1.65661 1.43712 1.03704 1.27208 3.52163 3.5424 6.47315 5.06338 5.565 6.80071 6.38311 5.36284 7.41217 6.09739 5.05199 5.34745 7.2198 5.00387
Sel_flota
 0.851984 0.990939 0.999519 0.999975 0.999999
 0.851984 0.990939 0.999519 0.999975 0.999999
 0.851984 0.990939 0.999519 0.999975 0.999999
 0.851984 0.990939 0.999519 0.999975 0.999999
 0.851984 0.990939 0.999519 0.999975 0.999999
 0.851984 0.990939 0.999519 0.999975 0.999999
 0.851984 0.990939 0.999519 0.999975 0.999999
 0.851984 0.990939 0.999519 0.999975 0.999999
 0.851984 0.990939 0.999519 0.999975 0.999999
 0.851984 0.990939 0.999519 0.999975 0.999999
 0.851984 0.990939 0.999519 0.999975 0.999999
 0.851984 0.990939 0.999519 0.999975 0.999999
 0.851984 0.990939 0.999519 0.999975 0.999999
 0.851984 0.990939 0.999519 0.999975 0.999999
 0.851984 0.990939 0.999519 0.999975 0.999999
 0.851984 0.990939 0.999519 0.999975 0.999999
 0.851984 0.990939 0.999519 0.999975 0.999999
 0.851984 0.990939 0.999519 0.999975 0.999999
 0.851984 0.990939 0.999519 0.999975 0.999999
 0.851984 0.990939 0.999519 0.999975 0.999999
 0.851984 0.990939 0.999519 0.999975 0.999999
 0.851984 0.990939 0.999519 0.999975 0.999999
 0.851984 0.990939 0.999519 0.999975 0.999999
 0.851984 0.990939 0.999519 0.999975 0.999999
 0.851984 0.990939 0.999519 0.999975 0.999999
 0.851984 0.990939 0.999519 0.999975 0.999999
 0.851984 0.990939 0.999519 0.999975 0.999999
 0.851984 0.990939 0.999519 0.999975 0.999999
 0.851984 0.990939 0.999519 0.999975 0.999999
 0.851984 0.990939 0.999519 0.999975 0.999999
Sel_reclas
 1 1 1 1 1
 1 1 1 1 1
 1 1 1 1 1
 1 1 1 1 1
 1 1 1 1 1
 1 1 1 1 1
 1 1 1 1 1
 1 1 1 1 1
 1 1 1 1 1
 1 1 1 1 1
 1 1 1 1 1
 1 1 1 1 1
 1 1 1 1 1
 1 1 1 1 1
 1 1 1 1 1
 1 1 1 1 1
 1 1 1 1 1
 1 1 1 1 1
 1 1 1 1 1
 1 1 1 1 1
 1 1 1 1 1
 1 1 1 1 1
 1 1 1 1 1
 1 1 1 1 1
 1 1 1 1 1
 1 1 1 1 1
 1 1 1 1 1
 1 1 1 1 1
 1 1 1 1 1
 1 1 1 1 1
Sel_pelaces
 0.794439 0.9511 0.989887 0.997974 0.999597
 0.794439 0.9511 0.989887 0.997974 0.999597
 0.794439 0.9511 0.989887 0.997974 0.999597
 0.794439 0.9511 0.989887 0.997974 0.999597
 0.794439 0.9511 0.989887 0.997974 0.999597
 0.794439 0.9511 0.989887 0.997974 0.999597
 0.794439 0.9511 0.989887 0.997974 0.999597
 0.794439 0.9511 0.989887 0.997974 0.999597
 0.794439 0.9511 0.989887 0.997974 0.999597
 0.794439 0.9511 0.989887 0.997974 0.999597
 0.794439 0.9511 0.989887 0.997974 0.999597
 0.794439 0.9511 0.989887 0.997974 0.999597
 0.794439 0.9511 0.989887 0.997974 0.999597
 0.794439 0.9511 0.989887 0.997974 0.999597
 0.794439 0.9511 0.989887 0.997974 0.999597
 0.794439 0.9511 0.989887 0.997974 0.999597
 0.794439 0.9511 0.989887 0.997974 0.999597
 0.794439 0.9511 0.989887 0.997974 0.999597
 0.794439 0.9511 0.989887 0.997974 0.999597
 0.794439 0.9511 0.989887 0.997974 0.999597
 0.794439 0.9511 0.989887 0.997974 0.999597
 0.794439 0.9511 0.989887 0.997974 0.999597
 0.794439 0.9511 0.989887 0.997974 0.999597
 0.794439 0.9511 0.989887 0.997974 0.999597
 0.794439 0.9511 0.989887 0.997974 0.999597
 0.794439 0.9511 0.989887 0.997974 0.999597
 0.794439 0.9511 0.989887 0.997974 0.999597
 0.794439 0.9511 0.989887 0.997974 0.999597
 0.794439 0.9511 0.989887 0.997974 0.999597
 0.794439 0.9511 0.989887 0.997974 0.999597
pf_obs 
 0.8446 0.082 0.0669 0.0065 0
 0.8095 0.147 0.0364 0.0071 0
 0.9664 0.0169 0.016 0.0007 0
 0.9276 0.0648 0.0075 0.0001 0
 0.7033 0.2144 0.0806 0.0017 0
 0.9318 0.0425 0.0243 0.0014 0
 0.5671 0.3108 0.0964 0.0239 0.0018
 0.0768 0.2599 0.5324 0.112 0.0189
 0.490249 0.384438 0.106611 0.0170017 0.00170017
 0.7925 0.1577 0.0466 0.003 0.0002
 0.840416 0.127587 0.0312969 0.00059994 9.999e-05
 0.8084 0.0986 0.0794 0.0134 0.0002
 0.7335 0.1905 0.0724 0.0035 0.0001
 0.4001 0.4547 0.1325 0.0127 0
 0.49795 0.308269 0.164784 0.0264974 0.00249975
 0.9179 0.0499 0.0305 0.0017 0
 0.2467 0.6533 0.0926 0.0074 0
 0.9418 0.0223 0.034 0.0019 0
 0.707729 0.231977 0.0356964 0.0245975 0
 0.517169 0.277429 0.184464 0.0207286 0.00020938
 0.811772 0.124168 0.05621 0.00726502 0.000585176
 0.764997 0.148141 0.077277 0.00933861 0.000247198
 0.163321 0.427699 0.378323 0.0303852 0.000271297
 0.753843 0.0900009 0.118128 0.0371064 0.000921714
 0.721811 0.176058 0.0630433 0.0369309 0.00215725
 0.143369 0.312575 0.442814 0.0836902 0.0175525
 0.692698 0.0596174 0.167031 0.0765114 0.00414204
 0.394062 0.376323 0.152708 0.0712218 0.00568511
 0.125707 0.32114 0.495352 0.0537591 0.00404204
 0.23352 0.215282 0.420074 0.123614 0.00750983
pf_pred 
 0.428687 0.110987 0.43678 0.0235447 7.57114e-07
 0.411208 0.275438 0.0613033 0.239164 0.0128866
 0.55118 0.202481 0.115821 0.025544 0.104974
 0.760549 0.14152 0.0444076 0.0251716 0.0283515
 0.647649 0.278243 0.0439732 0.0136685 0.0164658
 0.73426 0.181071 0.0669844 0.0104955 0.00718905
 0.469806 0.405192 0.0854219 0.0313161 0.00826371
 0.435292 0.289769 0.210617 0.0439629 0.0203591
 0.510153 0.23162 0.133057 0.0958967 0.0292734
 0.666616 0.183786 0.0710902 0.0404626 0.0380453
 0.786004 0.15046 0.0351801 0.0134788 0.0148774
 0.720278 0.226698 0.0373775 0.00866486 0.00698086
 0.667522 0.250639 0.0664529 0.0108481 0.00453841
 0.606847 0.277038 0.0877481 0.0230366 0.00533107
 0.708774 0.189619 0.0718306 0.022505 0.0072713
 0.921644 0.058266 0.0131267 0.00492323 0.00203976
 0.414461 0.5464 0.0291782 0.00650948 0.0034511
 0.886861 0.0513353 0.0577082 0.00305343 0.00104183
 0.606086 0.355476 0.0175295 0.019524 0.00138483
 0.605427 0.25473 0.12632 0.00616887 0.00735432
 0.733859 0.171583 0.0612516 0.030087 0.00321929
 0.737827 0.200402 0.0399564 0.014133 0.00768122
 0.333405 0.512365 0.118159 0.0233367 0.0127342
 0.741516 0.095417 0.1256 0.0287078 0.00875951
 0.625389 0.288735 0.0318791 0.0415947 0.0124021
 0.444038 0.367504 0.145559 0.0159298 0.0269691
 0.73212 0.129222 0.0919297 0.0360952 0.0106329
 0.683416 0.241199 0.036534 0.0257627 0.013089
 0.359491 0.458391 0.139047 0.0208785 0.0221926
 0.452097 0.216806 0.237549 0.0714312 0.022116
pobs_RECLAS
 0 0 0 0 0
 0 0 0 0 0
 0 0 0 0 0
 0 0 0 0 0
 0 0 0 0 0
 0 0 0 0 0
 0 0 0 0 0
 0 0 0 0 0
 0 0 0 0 0
 0 0 0 0 0
 0.991045 0.00858322 0.000360255 1.14367e-05 0
 0.934742 0.0480273 0.0164251 0.00080598 0
 0.827803 0.169806 0.00239088 0 0
 0.941827 0.0461693 0.0120037 0 0
 0.791401 0.0380133 0.147996 0.0225897 0
 0.846168 0.0940531 0.0597789 0 0
 0.134021 0.677848 0.182769 0.00536245 0
 0.80878 0.0450904 0.141981 0.00414843 0
 0.846168 0.0940531 0.0597789 0 0
 0.905697 0.0802665 0.012482 0.00150086 5.37128e-05
 0.989698 0.0102097 9.19794e-05 0 0
 0.975433 0.0193895 0.00387452 0.00125025 5.28907e-05
 0.303575 0.632131 0.0575291 0.00676475 0
 0.966965 0.00978017 0.0227588 0.000495775 0
 0.843318 0.132988 0.00938335 0.0141283 0.000182051
 0.564624 0.303363 0.111486 0.0197234 0.00080311
 0.826376 0.0876187 0.0782897 0.00655872 0.00115652
 0.89761 0.0855135 0.0140674 0.00269457 0.000114338
 0.34875 0.467042 0.161289 0.0227151 0.000203297
 0.318654 0.224769 0.449479 0.00709798 0
ppred_RECLAS
 0.468076 0.104063 0.405986 0.0218747 7.03394e-07
 0.45 0.258544 0.0570408 0.222431 0.0119848
 0.589946 0.185908 0.105413 0.0232379 0.0954947
 0.788167 0.125663 0.0390849 0.0221442 0.024941
 0.681928 0.251641 0.0394253 0.0122492 0.0147557
 0.763564 0.161557 0.0592448 0.00927851 0.00635531
 0.50932 0.375796 0.07852 0.0287722 0.00759225
 0.473942 0.271089 0.19534 0.0407555 0.0188734
 0.549631 0.213966 0.12184 0.0877714 0.0267924
 0.700942 0.165536 0.0634666 0.0361065 0.0339486
 0.810853 0.133339 0.0309076 0.0118364 0.0130643
 0.750922 0.20221 0.0330435 0.00765655 0.00616836
 0.701569 0.225469 0.0592496 0.00966762 0.00404446
 0.644758 0.251006 0.0787798 0.0206722 0.00478377
 0.740515 0.169487 0.0636331 0.0199272 0.00643828
 0.932309 0.050452 0.0112656 0.00422323 0.00174969
 0.452329 0.511366 0.0270685 0.00603603 0.00320001
 0.901827 0.0447595 0.0498756 0.00263777 0.00089999
 0.642687 0.322733 0.015774 0.0175606 0.00124554
 0.642425 0.231571 0.113825 0.00555606 0.00662358
 0.763347 0.153056 0.0541602 0.0265913 0.00284519
 0.766981 0.178494 0.0352752 0.0124714 0.00677799
 0.368692 0.486233 0.111158 0.0219437 0.0119738
 0.770667 0.0851282 0.111083 0.0253782 0.00774337
 0.660886 0.261914 0.0286667 0.037386 0.011147
 0.482645 0.343004 0.134678 0.0147322 0.024941
 0.761811 0.115427 0.0814033 0.0319474 0.00941077
 0.715862 0.216938 0.0325747 0.0229601 0.0116649
 0.395878 0.433432 0.130337 0.0195616 0.0207923
 0.491534 0.202281 0.219705 0.0660351 0.0204448
pobs_PELACES
 0 0 0 0 0
 0 0 0 0 0
 0 0 0 0 0
 0 0 0 0 0
 0 0 0 0 0
 0 0 0 0 0
 0 0 0 0 0
 0 0 0 0 0
 0 0 0 0 0
 0 0 0 0 0
 0 0 0 0 0
 0 0 0 0 0
 0 0 0 0 0
 0 0 0 0 0
 0 0 0 0 0
 0 0 0 0 0
 0.505614 0.472636 0.0217494 0 0
 0 0 0 0 0
 0.443492 0.261883 0.143347 0.151278 0
 0.227955 0.32914 0.350689 0.0885471 0.00366901
 0.970185 0.0296113 0.000203453 0 0
 0.997202 0.00247181 0.000326279 0 0
 0.445219 0.490057 0.0546422 0.010081 0
 0.90214 0.0892962 0.00764917 0.000914606 0
 0 0 0 0 0
 0.581667 0.319106 0.0959925 0.00289975 0.000334073
 0.762889 0.0836404 0.116647 0.0363945 0.000428098
 0.88444 0.0763242 0.0277011 0.0115352 0
 0.521256 0.241999 0.230069 0.00667565 0
 0.616807 0.101726 0.260614 0.0208532 0
ppred_PELACES
 0.416858 0.110448 0.44834 0.0243537 7.84382e-07
 0.402005 0.274254 0.0629426 0.247444 0.0133541
 0.541688 0.202746 0.119591 0.0265778 0.109397
 0.755292 0.142546 0.0461118 0.0263379 0.0297126
 0.640404 0.281881 0.0459536 0.014394 0.0173675
 0.728373 0.183154 0.0698721 0.011032 0.00756865
 0.465769 0.405112 0.0880133 0.0325127 0.00859318
 0.424962 0.290315 0.217694 0.04579 0.0212392
 0.501358 0.231495 0.137119 0.0995819 0.0304469
 0.660177 0.184406 0.0735297 0.0421715 0.0397155
 0.78 0.153067 0.0369202 0.0142543 0.0157587
 0.717243 0.227729 0.0386949 0.00903882 0.00729379
 0.663494 0.251679 0.0687738 0.0113128 0.0047404
 0.605151 0.27564 0.0899117 0.0237842 0.00551285
 0.704643 0.190122 0.0742209 0.0234316 0.00758278
 0.920258 0.0587905 0.0136511 0.00515906 0.00214088
 0.409726 0.549597 0.0302619 0.00680305 0.00361251
 0.883404 0.0520055 0.0602785 0.00321389 0.00109834
 0.602564 0.357431 0.0181674 0.0203894 0.00144853
 0.59947 0.2557 0.130716 0.00643247 0.00768083
 0.728063 0.173229 0.0637637 0.0315612 0.00338244
 0.733539 0.202066 0.0415332 0.0148033 0.00805839
 0.327199 0.513182 0.122053 0.0242908 0.013276
 0.733304 0.0964231 0.130907 0.0301509 0.00921457
 0.618383 0.291688 0.0332155 0.0436714 0.0130422
 0.435615 0.368882 0.150702 0.0166194 0.0281818
 0.724358 0.130654 0.0958661 0.0379301 0.0111913
 0.676609 0.2443 0.0381678 0.0271217 0.0138016
 0.352109 0.459295 0.143703 0.0217436 0.0231491
 0.442116 0.216357 0.244476 0.0740788 0.0229724
pobs_pel_tallas
 0 0 0 0 0 0 0 0 0 0 0 0 0 0 0 0 0 0 0 0 0 0 0 0 0 0
 0 0 0 0 0 0 0 0 0 0 0 0 0 0 0 0 0 0 0 0 0 0 0 0 0 0
 0 0 0 0 0 0 0 0 0 0 0 0 0 0 0 0 0 0 0 0 0 0 0 0 0 0
 0 0 0 0 0 0 0 0 0 0 0 0 0 0 0 0 0 0 0 0 0 0 0 0 0 0
 0 0 0 0 0 0 0 0 0 0 0 0 0 0 0 0 0 0 0 0 0 0 0 0 0 0
 0 0 0 0 0 0 0 0 0 0 0 0 0 0 0 0 0 0 0 0 0 0 0 0 0 0
 0 0 0 0 0 0 0 0 0 0 0 0 0 0 0 0 0 0 0 0 0 0 0 0 0 0
 0 0 0 0 0 0 0 0 0 0 0 0 0 0 0 0 0 0 0 0 0 0 0 0 0 0
 0 0 0 0 0 0 0 0 0 0 0 0 0 0 0 0 0 0 0 0 0 0 0 0 0 0
 0 0 0 0 0 0 0 0 0 0 0 0 0 0 0 0 0 0 0 0 0 0 0 0 0 0
 0 0 0 0 0 0 0 0 0 0 0 0 0 0 0 0 0 0 0 0 0 0 0 0 0 0
 0 0 0 0 0 0 0 0 0 0 0 0 0 0 0 0 0 0 0 0 0 0 0 0 0 0
 0.00862536 0 0 0.000197151 0.00414017 0.0128641 0.00837892 0.0270097 0.101434 0.158115 0.152841 0.127902 0.109271 0.109419 0.0830992 0.0579132 0.0238553 0.00714673 0.00463305 0.00128148 0.00103504 0.000492878 0.000147863 0.000147863 4.92878e-05 0
 0 0 0 0 0 0 0 0 0 0 0 0 0 0 0 0 0 0 0 0 0 0 0 0 0 0
 0 0 0 0 0 0 0 0.0054083 0.00873648 0.0413646 0.0450493 0.0745869 0.0622846 0.0627006 0.0613931 0.0827291 0.12552 0.122667 0.0946155 0.0697135 0.0546179 0.0294188 0.0215738 0.0213955 0.0102223 0.00600262
 0 0 0 0 0.00359764 0.0251062 0.0480494 0.140153 0.205849 0.193036 0.1447 0.116669 0.0760912 0.0342217 0.00950174 0.001854 0.000860785 0 0 0 0.000165536 0 0.000143464 0 0 0
 0 0 0 0 0 0 0 0.000145254 0.000435761 0.0275982 0.070085 0.0708112 0.156366 0.174668 0.174014 0.160142 0.0824315 0.0480064 0.0283245 0.00493863 0.00203355 0 0 0 0 0
 0 0 0 0 0 0 0 0 0 0 0 0 0 0 0 0 0 0 0 0 0 0 0 0 0 0
 0 0 1.00437e-05 0.000401748 0.00122533 0.00171747 0.00176769 0.0269171 0.070346 0.194647 0.189555 0.159765 0.064822 0.0314167 0.0384472 0.0292271 0.0345202 0.0313363 0.0194345 0.0106764 0.0143323 0.0359363 0.0279516 0.0138201 0.00172751 0
 0 0.0021121 0.0136068 0.0755702 0.200478 0.177729 0.0527432 0.0373336 0.0318909 0.0142505 0.0149659 0.0166563 0.0217959 0.0798694 0.0677717 0.0528807 0.04013 0.0224614 0.0357745 0.0225083 0.00881397 0.00855152 0.00135912 0.000746735 0 0
 0 0 0 0 5.4009e-05 0.00500934 0.000945158 0.0243581 0.138947 0.33067 0.221406 0.137944 0.0707744 0.0437923 0.0131692 0.00525238 0.0047753 0.00276346 9.45158e-05 9.00151e-06 2.25038e-05 9.00151e-06 4.50075e-06 0 0 0
 0.000866109 0.00284123 0.00948549 0.0512746 0.133035 0.25785 0.225252 0.132002 0.0553304 0.0519788 0.0540692 0.017754 0.00435017 0.00159236 0.00146478 0.000404838 0.000125132 0.000115318 0.000107957 0.000100596 0 0 0 0 0 0
 0 0 0 0 0.00144013 0.00171154 0.00461396 0.0210425 0.0478622 0.0707936 0.0888783 0.103762 0.0637923 0.0337046 0.0602308 0.124433 0.169614 0.0934646 0.0462172 0.0250306 0.0313229 0.00938855 0.002487 0.000210481 0 0
 0 0.00764035 0.051015 0.0998891 0.058973 0.0496711 0.0374665 0.0718981 0.12319 0.153886 0.159021 0.0857701 0.0377988 0.023471 0.0147837 0.00900784 0.00315554 0.000888139 0.00291439 0.00214683 0.00393193 0.00274676 0.000635225 9.99891e-05 0 0
 0 0 0 0 0 0 0 0 0 0 0 0 0 0 0 0 0 0 0 0 0 0 0 0 0 0
 0 0 0 0 0 0 0 0 0 0 0 0 0 0 0 0 0 0 0 0 0 0 0 0 0 0
 0 0 0 0 0 0 0 0 0 0 0 0 0 0 0 0 0 0 0 0 0 0 0 0 0 0
 0 0 0 0 0 0 0 0 0 0 0 0 0 0 0 0 0 0 0 0 0 0 0 0 0 0
 0 0 0 0 0 0 0 0 0 0 0 0 0 0 0 0 0 0 0 0 0 0 0 0 0 0
 0 0 0 0 0 0 0 0 0 0 0 0 0 0 0 0 0 0 0 0 0 0 0 0 0 0
ppred_pel_tallas
 1.15409e-16 3.43361e-05 0.000333759 0.00221794 0.0100825 0.0313703 0.0668382 0.0975547 0.097566 0.0668939 0.0315591 0.0106362 0.00364023 0.00354549 0.00644647 0.0114158 0.0183291 0.0269684 0.0369831 0.0479737 0.0593083 0.0697446 0.0773266 0.0799438 0.0763491 0.0669383
 1.28962e-16 3.31127e-05 0.000321867 0.00213892 0.00972324 0.0302528 0.0644577 0.0940834 0.09411 0.0645875 0.0306891 0.0109854 0.00531456 0.00728006 0.0133281 0.0222059 0.0325517 0.0422298 0.0492019 0.0528245 0.0543374 0.055977 0.0593406 0.0642547 0.0688925 0.0708782
 1.24682e-16 4.46182e-05 0.000433705 0.00288212 0.0131017 0.0407644 0.0868536 0.126769 0.126789 0.08695 0.0410886 0.0140403 0.00524665 0.00562469 0.00999077 0.016681 0.0245919 0.0321595 0.0378588 0.0411149 0.0426642 0.0439648 0.0461102 0.0491012 0.0519302 0.0532437
 1.09037e-16 6.22124e-05 0.000604727 0.00401862 0.0182681 0.0568389 0.121102 0.176754 0.176768 0.121169 0.0570654 0.0189231 0.00566569 0.00420979 0.00693756 0.0114482 0.0166742 0.0213826 0.0243789 0.0251649 0.0242425 0.0227416 0.0216641 0.0213356 0.0213951 0.0211846
 1.05781e-16 5.27493e-05 0.000512742 0.00340735 0.0154894 0.0481933 0.102682 0.149873 0.1499 0.102815 0.0486393 0.0167779 0.0066425 0.00757773 0.0134785 0.0222211 0.0320595 0.0404368 0.044789 0.0439539 0.0388656 0.0319071 0.0254568 0.0207575 0.0177662 0.0157457
 1.04451e-16 5.99952e-05 0.000583174 0.0038754 0.017617 0.0548132 0.116786 0.170456 0.170474 0.116873 0.0551043 0.0184587 0.00599167 0.0052144 0.00888899 0.0146878 0.0213571 0.0272857 0.0308614 0.0313272 0.0291895 0.0257886 0.0224016 0.0196045 0.0172751 0.015026
 1.07359e-16 3.83648e-05 0.00037292 0.00247818 0.0112655 0.0350513 0.074682 0.109009 0.109048 0.0748731 0.0356931 0.0131199 0.0071357 0.0105496 0.0193931 0.0320728 0.0463711 0.0586815 0.0653479 0.0646897 0.0579763 0.0484928 0.0394827 0.0325889 0.0277085 0.0238783
 1.14543e-16 3.50036e-05 0.000340247 0.00226106 0.0102785 0.0319803 0.0681385 0.0994561 0.0994844 0.0682768 0.0324455 0.0116257 0.00565677 0.00779994 0.0143401 0.0240129 0.0354352 0.0463412 0.0544047 0.0585144 0.059291 0.0583402 0.0569075 0.0550963 0.0521586 0.047379
 1.19156e-16 4.12962e-05 0.000401414 0.00266754 0.0121263 0.0377294 0.0803873 0.117332 0.117355 0.0804974 0.0380997 0.0131984 0.00536886 0.00633269 0.0114083 0.0190684 0.028121 0.0367803 0.0432771 0.0468868 0.048327 0.0490906 0.05025 0.0517113 0.0524114 0.0511303
 1.1312e-16 5.43779e-05 0.000528573 0.00351255 0.0159676 0.0496811 0.105852 0.154497 0.154515 0.105939 0.0499747 0.0168168 0.00564906 0.00520899 0.00899258 0.0149129 0.0217977 0.02811 0.0323435 0.033875 0.0333376 0.032126 0.0314242 0.0315235 0.0318511 0.0315094
 1.05201e-16 6.42476e-05 0.00062451 0.00415009 0.0188657 0.0586983 0.125063 0.182537 0.182552 0.125136 0.0589409 0.019567 0.00591204 0.00447606 0.00739461 0.0121649 0.0176188 0.0223763 0.025083 0.0251366 0.0230426 0.0200468 0.0173451 0.0154873 0.0143293 0.0133884
 1.03316e-16 5.90784e-05 0.000574263 0.00381618 0.0173478 0.0539756 0.115002 0.167853 0.167875 0.115109 0.054336 0.0183888 0.00642979 0.00628174 0.0109044 0.0179492 0.0258875 0.032633 0.0360993 0.0353269 0.0310455 0.0251602 0.0195887 0.015361 0.0125013 0.0104955
 1.03986e-16 5.46512e-05 0.000531229 0.00353021 0.0160478 0.0499309 0.106384 0.155275 0.1553 0.106503 0.0503299 0.0172012 0.00642788 0.0068653 0.0121089 0.0199963 0.0289502 0.0367183 0.0410307 0.0408239 0.0368374 0.0310395 0.025375 0.0208329 0.0173831 0.014523
 1.05984e-16 4.98456e-05 0.000484517 0.00321978 0.0146367 0.0455403 0.0970294 0.141623 0.14165 0.0971597 0.045978 0.0159018 0.00639961 0.00743983 0.0132996 0.022014 0.0319558 0.0407081 0.0458286 0.0461785 0.042553 0.0370357 0.031631 0.0272731 0.0238027 0.0206081
 1.05824e-16 5.80405e-05 0.000564175 0.00374914 0.0170431 0.0530274 0.112981 0.164903 0.164921 0.113071 0.0533297 0.0179173 0.00594763 0.00537668 0.00923682 0.015281 0.0222491 0.0284905 0.0323564 0.0330857 0.0312191 0.0281397 0.0251315 0.0227172 0.0206772 0.018526
 1.01289e-16 7.58005e-05 0.000736808 0.00489635 0.0222581 0.0692532 0.147551 0.215357 0.215363 0.147579 0.0693464 0.0225273 0.00557266 0.00221483 0.00288771 0.00466692 0.00674629 0.00854942 0.00954509 0.00949222 0.0085759 0.00727014 0.00603866 0.00510958 0.00445654 0.00393018
 1.02308e-16 3.37487e-05 0.000328049 0.00218001 0.00991002 0.030834 0.0656971 0.095898 0.0959509 0.0659556 0.0317015 0.0124146 0.00846298 0.0140313 0.0260217 0.0428686 0.0615229 0.0768875 0.0837899 0.0798462 0.0669068 0.0498599 0.0337893 0.0216758 0.0139475 0.00948614
 1.02262e-16 7.27648e-05 0.0007073 0.00470026 0.0213667 0.0664797 0.141642 0.206732 0.206737 0.141667 0.0665637 0.0216102 0.00531552 0.00206344 0.00268638 0.00442495 0.00659696 0.00877242 0.010548 0.0117092 0.0123024 0.0125027 0.0124058 0.0119415 0.010975 0.00947645
 1.02906e-16 4.96325e-05 0.000482445 0.00320602 0.0145741 0.0453457 0.096615 0.14102 0.141054 0.0967831 0.0459099 0.0162032 0.00729306 0.00939719 0.0169592 0.0279037 0.0400659 0.0501262 0.0547448 0.052403 0.0443318 0.033717 0.0238344 0.0165459 0.0120195 0.00941541
 1.05783e-16 4.93776e-05 0.000479968 0.00318956 0.0144993 0.0451128 0.0961185 0.140293 0.140318 0.0962397 0.0455202 0.0156778 0.0061549 0.00697642 0.0124548 0.0206875 0.0302031 0.0388246 0.0443308 0.0456415 0.043364 0.0391967 0.0347267 0.0306224 0.0267125 0.0226064
 1.05622e-16 5.99696e-05 0.000582926 0.00387375 0.0176095 0.0547898 0.116736 0.170383 0.1704 0.116818 0.0550652 0.0184059 0.00587628 0.00496619 0.00841937 0.0139161 0.0202593 0.0259422 0.0294695 0.0301611 0.0285265 0.0258397 0.0232701 0.0212711 0.0195985 0.0177592
 1.04099e-16 6.04207e-05 0.00058731 0.00390288 0.017742 0.0552019 0.117614 0.171666 0.171685 0.11771 0.055522 0.0186667 0.00622524 0.00566116 0.00970885 0.0159878 0.0231034 0.0292217 0.0325168 0.0321557 0.028784 0.0240594 0.0196185 0.0162908 0.0140177 0.0122915
 1.08337e-16 2.6951e-05 0.000261974 0.00174091 0.00791395 0.0246235 0.0524648 0.0765843 0.0766338 0.0527069 0.0254367 0.0102638 0.00764321 0.0131598 0.0245606 0.0406614 0.0588069 0.0744451 0.082934 0.082115 0.0735498 0.0613499 0.0495972 0.0403973 0.0337037 0.0284186
 1.08386e-16 6.04013e-05 0.000587122 0.00390163 0.0177363 0.0551842 0.117576 0.171608 0.171617 0.117622 0.0553407 0.0181908 0.00505184 0.00312917 0.00497979 0.00837709 0.0126245 0.0170585 0.0210208 0.0241832 0.0266437 0.028646 0.0301787 0.0308444 0.0301139 0.027724
 1.0762e-16 5.09354e-05 0.000495111 0.00329019 0.0149567 0.0465361 0.0991511 0.14472 0.144748 0.0992884 0.0469974 0.0162892 0.0066352 0.00779862 0.0139263 0.0229573 0.0331086 0.0417442 0.0462354 0.045428 0.0403574 0.0335546 0.0275018 0.0234256 0.021134 0.0196701
 1.1088e-16 3.58811e-05 0.000348777 0.00231775 0.0105362 0.0327821 0.0698471 0.101951 0.101987 0.0700216 0.0333687 0.0122326 0.00658377 0.00968712 0.0178462 0.0296435 0.0431603 0.0552437 0.062678 0.0639569 0.0600998 0.0537797 0.0475164 0.0424027 0.0381252 0.0338478
 1.08498e-16 5.96645e-05 0.00057996 0.00385404 0.0175199 0.054511 0.116142 0.169515 0.169528 0.116204 0.0547204 0.0181265 0.0053832 0.00394019 0.00650658 0.0108344 0.0160086 0.0209952 0.0247764 0.0268923 0.0276596 0.0278156 0.0278906 0.0278428 0.0271999 0.0254941
 1.0622e-16 5.57315e-05 0.00054173 0.00359999 0.016365 0.0509178 0.108487 0.158344 0.158368 0.108602 0.0513044 0.017482 0.00640452 0.00666705 0.0116982 0.0192773 0.0278302 0.0351479 0.0390304 0.0384983 0.0343862 0.0287663 0.0236734 0.0201175 0.0179634 0.0164722
 1.10363e-16 2.90029e-05 0.000281918 0.00187345 0.00851645 0.0264981 0.0564586 0.0824123 0.0824567 0.0566756 0.0272271 0.0106236 0.00716886 0.0118625 0.0220833 0.0366212 0.0531241 0.0675882 0.0759281 0.0762402 0.069869 0.0603417 0.0510837 0.0437432 0.0381151 0.0331782
 1.18428e-16 3.64165e-05 0.000353982 0.00235233 0.0106934 0.0332712 0.0708886 0.103468 0.10349 0.0709924 0.0336208 0.0117079 0.00491638 0.00600983 0.0109504 0.0184993 0.0277131 0.0371038 0.0451442 0.0511128 0.0553624 0.0586915 0.0613833 0.0627919 0.061796 0.05765
pSPR Fmed_Fpbrs
0.710729   0.201045 0.201045
Fs Fmed_Fpbrs
0.175895   1.005 1.005
SSBpbr Bo_Bmed_Bpbrs
2.28859e+06  1.51214e+06  345680 345680
Ro
214207
SPR SPRFo_SPRFmed_SPRFpbrs
1.52481e+06 1.08373e+06 306556
Fref
1.005
log_Ro
12.0947
likeval ReclasPelacesDesembMPH_pf_preclas_ppelaces_ptallas_desvR_qrecl_qpela
 16.6 16.9825 0.108177 0.00334532 229.197 106.732 77.3294 0 21.0965 7.40443e-06 0 0.550642 0 0 0
q_reclas_q_pelaces
0.680048 1
M
1
N
 229808 51445.1 200790 10818.9 0.347889
 133535 77681.2 17151.4 66884.9 3603.82
 132239 42176.4 23932.6 5276.03 21681.6
 258795 41975.2 13069.3 7405.06 8340.36
 207912 77151.5 12091.7 3756.89 4525.63
 333881 71432.4 26213.1 4105.46 2812.03
 141906 107188 22428.7 8219.24 2168.85
 68212.1 39157.2 28222.1 5888.28 2726.79
 60812.2 24010.1 13684.1 9858.26 3009.26
 78227 18816.4 7222.41 4109.12 3863.55
 139058 22978.5 5327.96 2040.43 2252.1
 174900 48198.1 7887.39 1827.73 1472.49
 147608 48470.7 12754.3 2081.23 870.687
 103447 41698.3 13115.4 3441.93 796.506
 106008 24837 9338.44 2924.63 944.921
 529602 29274.6 6545.38 2453.89 1016.66
 131038 150166 7955.53 1774.09 940.539
 810809 40813 45517.6 2407.4 821.39
 489718 250961 12281.5 13673.4 969.832
 382816 140451 69111.5 3373.7 4021.92
 558031 113399 40160.3 19718.5 2109.83
 735650 174175 34458.2 12183.2 6621.39
 164499 219138 50128.2 9896.15 5399.94
 480038 53485.1 69829.7 15953.8 4867.81
 397296 158850 17395.8 22687.6 6764.53
 183199 131129 51509.7 5634.7 9539.33
 403970 61735 43560.7 17096.2 5036.06
 438272 133787 20098 14166.3 7197.21
 133688 147452 44360.3 6657.98 7076.87
 108077 44934 48835.5 14678.6 4544.57
pred_Ctot
 11869.9 3073.13 12094 651.931 0.0209638
 12088.6 8097.29 1802.18 7030.89 378.839
 11604.5 4263.01 2438.49 537.802 2210.12
 31557.9 5872.18 1842.63 1044.46 1176.41
 8733.22 3751.96 592.956 184.313 222.032
 27173.6 6701.1 2478.97 388.418 266.053
 22948.9 19792.6 4172.65 1529.71 403.662
 1869 1244.17 904.32 188.762 87.4155
 6195.53 2812.89 1615.9 1164.61 355.509
 10149.8 2798.3 1082.41 616.078 579.272
 5108.65 977.918 228.654 87.6055 96.6962
 27907.1 8783.39 1448.18 335.718 270.472
 22126.9 8308.15 2202.77 359.59 150.438
 23511.7 10733.6 3399.73 892.535 206.548
 17102.3 4575.39 1733.23 543.031 175.452
 78388.2 4955.67 1116.46 418.733 173.486
 12877.7 16977.1 906.59 202.255 107.229
 82460.7 4773.18 5365.72 283.909 96.8701
 69623.4 40834.8 2013.68 2242.8 159.081
 47974.6 20185 10009.7 488.826 582.762
 54183.8 12668.7 4522.45 2221.44 237.693
 90013.9 24448.8 4874.62 1724.21 937.098
 12203 18753.1 4324.77 854.149 466.086
 30757.3 3957.79 5209.73 1190.77 363.335
 26051.6 12027.7 1327.97 1732.69 516.631
 9795.7 8107.32 3211.1 351.418 594.952
 25693.3 4534.95 3226.21 1266.74 373.153
 23849.9 8417.39 1274.97 899.07 456.784
 7351.81 9374.4 2843.6 426.979 453.853
 8134.83 3901.11 4274.35 1285.3 397.944
F
 0.0846301 0.098433 0.0992852 0.0993305 0.0993329
 0.1525 0.177372 0.178908 0.17899 0.178994
 0.14753 0.171591 0.173077 0.173156 0.17316
 0.210266 0.244559 0.246677 0.246789 0.246795
 0.0683637 0.0795135 0.080202 0.0802386 0.0802405
 0.136196 0.158409 0.15978 0.159853 0.159857
 0.28758 0.334483 0.337379 0.337533 0.337541
 0.04415 0.0513507 0.0517953 0.0518189 0.0518201
 0.173059 0.201284 0.203027 0.203119 0.203124
 0.225058 0.261764 0.26403 0.264151 0.264157
 0.0595749 0.0692913 0.0698913 0.0699231 0.0699248
 0.283256 0.329454 0.332306 0.332458 0.332466
 0.264099 0.307172 0.309832 0.309973 0.309981
 0.426724 0.496321 0.500619 0.500847 0.500859
 0.286799 0.333575 0.336463 0.336617 0.336625
 0.260384 0.302852 0.305474 0.305613 0.305621
 0.16649 0.193644 0.195321 0.19541 0.195415
 0.172733 0.200906 0.202645 0.202738 0.202742
 0.248972 0.289578 0.292085 0.292218 0.292225
 0.216645 0.251979 0.254161 0.254277 0.254283
 0.164356 0.191162 0.192817 0.192905 0.19291
 0.211053 0.245475 0.247601 0.247714 0.24772
 0.123499 0.143642 0.144885 0.144951 0.144955
 0.105902 0.123175 0.124241 0.124298 0.124301
 0.108496 0.126192 0.127284 0.127342 0.127346
 0.0877215 0.102029 0.102912 0.102959 0.102961
 0.105089 0.122229 0.123287 0.123344 0.123347
 0.0893358 0.103906 0.104806 0.104854 0.104856
 0.0903146 0.105045 0.105954 0.106002 0.106005
 0.125404 0.145857 0.14712 0.147187 0.147191
nmprior
 8 8 7 0
nm_flota  nm_reclas  nm_pelaces    nm_pelaL
inf 11.2005 11.9097 19.5471
cv_recla  cv_pelaces  cv_mph
0.377208 0.484915 1.78494
 ------------------------------------------------
Talla a la edad & desviación 
 8 13.2811 15.8009 17.003 17.5766
 0.8 1.32811 1.58009 1.7003 1.75766
