years
 1991 1992 1993 1994 1995 1996 1997 1998 1999 2000 2001 2002 2003 2004 2005 2006 2007 2008 2009 2010 2011 2012 2013 2014 2015 2016 2017 2018 2019 2020
reclasobs
 0 0 0 0 0 0 0 0 0 252601 567819 844713 477998 351125 339783 2.1784e+06 2.13404e+06 4.81314e+06 1.55562e+06 2.62356e+06 3.21686e+06 3.843e+06 1.13348e+06 3.07943e+06 1.97215e+06 2.03268e+06 2.025e+06 2.42433e+06 2.27542e+06 1.05018e+06
reclaspred
 2.76911e+06 1.45162e+06 703939 373716 160143 1.41111e+06 598244 330533 229839 209531 389135 611191 588720 406742 344884 1.64846e+06 1.24927e+06 3.68385e+06 2.97367e+06 2.02128e+06 3.72575e+06 3.08928e+06 2.03304e+06 3.39818e+06 2.35901e+06 1.83791e+06 2.5692e+06 3.14244e+06 2.32846e+06 1.05273e+06
pelacesobs
 0 0 0 0 0 0 0 0 0 0 0 0 0 0 0 552880 188675 0 991730 2.46772e+06 1.41603e+06 1.21717e+06 2.29649e+06 1.80582e+06 0 1.4828e+06 1.56532e+06 1.57751e+06 1.42118e+06 867257
pelacespred
 806929 435580 196987 73603 34005.2 404306 126691 102198 53179.5 48611.7 111312 145050 155698 105482 90778.7 409069 311024 1.11012e+06 887117 552933 1.03912e+06 885422 589061 1.11366e+06 729419 568055 920784 1.10135e+06 675191 349664
mphobs
 0 0 0 0 0 0 0 0 0 0 0 498337 0 5186 125008 0 168611 109162 213762 579715 649985 157893 87575 83554 0 0 0 0 0 0
mphpred
 473799 260192 120497 60117.9 22956.2 13003.8 130620 43776.5 25266.8 12950.4 13427.7 44748 53215.2 40257.2 20952.7 24372.3 187606 130012 371504 261481 254327 340165 326874 218804 338943 253973 182074 238585 390476 220890
desembarqueobs
 494567 514787 250237 358949 120608 361735 552515 73892 212993 205616 52469 317467 293654 387597 252695 516296 358380 742168 942051 627588 828172 859565 418607 520667 417249 300574 407403 355545 319650 289779
desembarquepred
 494523 514847 249685 358860 120573 361596 552041 73882.2 212873 205511 52465.2 317339 293507 387207 252525 516038 358323 741836 941215 627028 827951 859108 418477 520565 417117 300469 407282 355440 319556 289689
Reclutas
 83357.5 107439 82254.9 45272.3 24503.9 270703 37375.6 11462.8 26188.3 51805.9 68872.1 121168 93179.3 66992.6 52388.2 412900 35764.5 643585 331418 237199 392476 511715 52195.7 289868 203946 76471.3 251684 298540 38283.8 22432.2
log_desv_Rt
 -0.174667 0.0791207 -0.187982 -0.785108 -1.39897 1.00322 -0.976786 -2.15869 -1.33249 -0.650301 -0.365553 0.199375 -0.0632787 -0.393223 -0.639123 1.4254 -1.02085 1.86925 1.20558 0.871096 1.37467 1.63996 -0.642804 1.07162 0.72005 -0.260889 0.930368 1.1011 -0.952779 -1.48731
SSB
 1.712e+06 940161 435394 217226 82948.5 46987.2 471973 158179 91297.4 46793.9 48518.6 161690 192284 145463 75709.1 88065.2 677883 469777 1.34237e+06 944818 918969 1.22913e+06 1.18111e+06 790610 1.22471e+06 917691 657893 862086 1.41092e+06 798150
BT
 2.29787e+06 1.51617e+06 689808 458827 178600 1.25143e+06 773420 303247 326145 305590 300604 595799 622694 642584 461471 1.35375e+06 998824 3.22811e+06 2.94073e+06 1.84633e+06 3.07354e+06 2.83921e+06 1.72319e+06 3.05986e+06 2.07689e+06 1.58218e+06 2.54748e+06 2.89859e+06 1.82526e+06 1.10972e+06
Ftot
 0.272086 0.552534 0.559724 1.41122 1.18767 0.573885 1.2876 0.364234 1.58008 1.77854 0.288846 0.956301 0.890398 1.63659 1.39575 0.689269 0.443896 0.421503 0.54455 0.534011 0.410807 0.500711 0.318708 0.298174 0.298499 0.268106 0.310211 0.22368 0.208011 0.409857
BD_Bspro_t
 0.957688 0.712274 0.480097 0.33964 0.158204 0.128463 0.477892 0.206063 0.173096 0.120314 0.155079 0.448747 0.360366 0.264296 0.154792 0.181298 0.502023 0.403036 0.591204 0.474717 0.424953 0.494028 0.514097 0.456794 0.595517 0.584894 0.56477 0.653845 0.737852 0.616207
BD_Bspro
 2.42281 1.33051 0.616169 0.307417 0.117388 0.0664961 0.667935 0.223854 0.129204 0.0662226 0.0686634 0.228823 0.27212 0.205858 0.107143 0.12463 0.959338 0.664826 1.89972 1.3371 1.30052 1.73946 1.6715 1.11887 1.73321 1.29871 0.931049 1.22002 1.99673 1.12954
BD_Bo
 1.07791 0.591946 0.274134 0.13677 0.0522262 0.0295841 0.297164 0.0995928 0.0574828 0.0294625 0.0305484 0.101803 0.121066 0.0915864 0.0476681 0.0554477 0.42681 0.295781 0.845184 0.594878 0.578603 0.773886 0.74365 0.497785 0.771107 0.577798 0.414224 0.542788 0.888346 0.502532
BD_Brms
 5.18765 2.84885 1.31932 0.658233 0.251348 0.142379 1.43016 0.47931 0.276647 0.141794 0.14702 0.489948 0.582656 0.440777 0.229412 0.266853 2.05411 1.42351 4.06761 2.86297 2.78464 3.72448 3.57896 2.39569 3.7111 2.78076 1.99353 2.61227 4.27534 2.41853
Sel_flota
 0.613225 0.967871 0.998256 0.999908 0.999995
 0.613225 0.967871 0.998256 0.999908 0.999995
 0.613225 0.967871 0.998256 0.999908 0.999995
 0.613225 0.967871 0.998256 0.999908 0.999995
 0.613225 0.967871 0.998256 0.999908 0.999995
 0.613225 0.967871 0.998256 0.999908 0.999995
 0.613225 0.967871 0.998256 0.999908 0.999995
 0.613225 0.967871 0.998256 0.999908 0.999995
 0.613225 0.967871 0.998256 0.999908 0.999995
 0.613225 0.967871 0.998256 0.999908 0.999995
 0.613225 0.967871 0.998256 0.999908 0.999995
 0.613225 0.967871 0.998256 0.999908 0.999995
 0.613225 0.967871 0.998256 0.999908 0.999995
 0.613225 0.967871 0.998256 0.999908 0.999995
 0.613225 0.967871 0.998256 0.999908 0.999995
 0.613225 0.967871 0.998256 0.999908 0.999995
 0.613225 0.967871 0.998256 0.999908 0.999995
 0.613225 0.967871 0.998256 0.999908 0.999995
 0.613225 0.967871 0.998256 0.999908 0.999995
 0.613225 0.967871 0.998256 0.999908 0.999995
 0.613225 0.967871 0.998256 0.999908 0.999995
 0.613225 0.967871 0.998256 0.999908 0.999995
 0.613225 0.967871 0.998256 0.999908 0.999995
 0.613225 0.967871 0.998256 0.999908 0.999995
 0.613225 0.967871 0.998256 0.999908 0.999995
 0.613225 0.967871 0.998256 0.999908 0.999995
 0.613225 0.967871 0.998256 0.999908 0.999995
 0.613225 0.967871 0.998256 0.999908 0.999995
 0.613225 0.967871 0.998256 0.999908 0.999995
 0.613225 0.967871 0.998256 0.999908 0.999995
Sel_reclas
 1 1 1 1 1
 1 1 1 1 1
 1 1 1 1 1
 1 1 1 1 1
 1 1 1 1 1
 1 1 1 1 1
 1 1 1 1 1
 1 1 1 1 1
 1 1 1 1 1
 1 1 1 1 1
 1 1 1 1 1
 1 1 1 1 1
 1 1 1 1 1
 1 1 1 1 1
 1 1 1 1 1
 1 1 1 1 1
 1 1 1 1 1
 1 1 1 1 1
 1 1 1 1 1
 1 1 1 1 1
 1 1 1 1 1
 1 1 1 1 1
 1 1 1 1 1
 1 1 1 1 1
 1 1 1 1 1
 1 1 1 1 1
 1 1 1 1 1
 1 1 1 1 1
 1 1 1 1 1
 1 1 1 1 1
Sel_pelaces
 1 1 1 1 1
 1 1 1 1 1
 1 1 1 1 1
 1 1 1 1 1
 1 1 1 1 1
 1 1 1 1 1
 1 1 1 1 1
 1 1 1 1 1
 1 1 1 1 1
 1 1 1 1 1
 1 1 1 1 1
 1 1 1 1 1
 1 1 1 1 1
 1 1 1 1 1
 1 1 1 1 1
 1 1 1 1 1
 1 1 1 1 1
 1 1 1 1 1
 1 1 1 1 1
 1 1 1 1 1
 1 1 1 1 1
 1 1 1 1 1
 1 1 1 1 1
 1 1 1 1 1
 1 1 1 1 1
 1 1 1 1 1
 1 1 1 1 1
 1 1 1 1 1
 1 1 1 1 1
 1 1 1 1 1
pf_obs 
 0.8446 0.082 0.0669 0.0065 0
 0.8095 0.147 0.0364 0.0071 0
 0.9664 0.0169 0.016 0.0007 0
 0.9276 0.0648 0.0075 0.0001 0
 0.7033 0.2144 0.0806 0.0017 0
 0.9318 0.0425 0.0243 0.0014 0
 0.5671 0.3108 0.0964 0.0239 0.0018
 0.0768 0.2599 0.5324 0.112 0.0189
 0.490249 0.384438 0.106611 0.0170017 0.00170017
 0.7925 0.1577 0.0466 0.003 0.0002
 0.840416 0.127587 0.0312969 0.00059994 9.999e-05
 0.8084 0.0986 0.0794 0.0134 0.0002
 0.7335 0.1905 0.0724 0.0035 0.0001
 0.4001 0.4547 0.1325 0.0127 0
 0.49795 0.308269 0.164784 0.0264974 0.00249975
 0.9179 0.0499 0.0305 0.0017 0
 0.2467 0.6533 0.0926 0.0074 0
 0.9418 0.0223 0.034 0.0019 0
 0.707729 0.231977 0.0356964 0.0245975 0
 0.517169 0.277429 0.184464 0.0207286 0.00020938
 0.811772 0.124168 0.05621 0.00726502 0.000585176
 0.764997 0.148141 0.077277 0.00933861 0.000247198
 0.163321 0.427699 0.378323 0.0303852 0.000271297
 0.753843 0.0900009 0.118128 0.0371064 0.000921714
 0.721811 0.176058 0.0630433 0.0369309 0.00215725
 0.143369 0.312575 0.442814 0.0836902 0.0175525
 0.692698 0.0596174 0.167031 0.0765114 0.00414204
 0.394062 0.376323 0.152708 0.0712218 0.00568511
 0.125707 0.32114 0.495352 0.0537591 0.00404204
 0.23352 0.215282 0.420074 0.123614 0.00750983
pf_pred 
 0.316874 0.230656 0.402676 0.0497921 9.79918e-07
 0.552408 0.195337 0.0871469 0.146968 0.0181397
 0.578375 0.289653 0.0589455 0.0252645 0.0477623
 0.528428 0.334334 0.095507 0.0186625 0.0230686
 0.645831 0.25186 0.0737888 0.0198678 0.0086526
 0.971137 0.0227917 0.00438435 0.00121733 0.000469131
 0.279943 0.708182 0.0094579 0.00174655 0.000670322
 0.353585 0.288795 0.352041 0.00444607 0.00113267
 0.740827 0.125388 0.0609906 0.071661 0.00113333
 0.905117 0.0825596 0.00616284 0.00281359 0.00334663
 0.871801 0.122799 0.00474031 0.000330747 0.000329366
 0.789592 0.193154 0.0165514 0.000616876 8.57372e-05
 0.701185 0.262505 0.0334633 0.00273109 0.00011563
 0.678369 0.262952 0.0518432 0.00630158 0.000534699
 0.782823 0.180366 0.0304445 0.00562685 0.000739385
 0.96879 0.0276614 0.00297601 0.000473753 9.87515e-05
 0.19214 0.793658 0.0126481 0.00130374 0.000250222
 0.925314 0.021447 0.0523369 0.000803098 9.8468e-05
 0.541696 0.437894 0.00601866 0.0141472 0.00024321
 0.554598 0.299521 0.139637 0.00184417 0.0043999
 0.741575 0.17713 0.0553752 0.0248131 0.0011071
 0.719764 0.232596 0.0330394 0.00995147 0.00464879
 0.169288 0.677673 0.127866 0.0174699 0.00770362
 0.753622 0.0621246 0.151285 0.0275542 0.00541427
 0.559565 0.368689 0.0185723 0.0436743 0.00949966
 0.352745 0.437833 0.176332 0.00857773 0.0245123
 0.767386 0.109927 0.0839162 0.0326545 0.00611611
 0.683496 0.267888 0.0234079 0.0172526 0.00795584
 0.168675 0.64624 0.157473 0.013307 0.0143044
 0.230811 0.190157 0.45345 0.106876 0.0187054
pobs_RECLAS
 0 0 0 0 0
 0 0 0 0 0
 0 0 0 0 0
 0 0 0 0 0
 0 0 0 0 0
 0 0 0 0 0
 0 0 0 0 0
 0 0 0 0 0
 0 0 0 0 0
 0 0 0 0 0
 0.991045 0.00858322 0.000360255 1.14367e-05 0
 0.934742 0.0480273 0.0164251 0.00080598 0
 0.827803 0.169806 0.00239088 0 0
 0.941827 0.0461693 0.0120037 0 0
 0.791401 0.0380133 0.147996 0.0225897 0
 0.846168 0.0940531 0.0597789 0 0
 0.134021 0.677848 0.182769 0.00536245 0
 0.80878 0.0450904 0.141981 0.00414843 0
 0.846168 0.0940531 0.0597789 0 0
 0.905697 0.0802665 0.012482 0.00150086 5.37128e-05
 0.989698 0.0102097 9.19794e-05 0 0
 0.975433 0.0193895 0.00387452 0.00125025 5.28907e-05
 0.303575 0.632131 0.0575291 0.00676475 0
 0.966965 0.00978017 0.0227588 0.000495775 0
 0.843318 0.132988 0.00938335 0.0141283 0.000182051
 0.564624 0.303363 0.111486 0.0197234 0.00080311
 0.826376 0.0876187 0.0782897 0.00655872 0.00115652
 0.89761 0.0855135 0.0140674 0.00269457 0.000114338
 0.34875 0.467042 0.161289 0.0227151 0.000203297
 0.318654 0.224769 0.449479 0.00709798 0
ppred_RECLAS
 0.430154 0.1965 0.332322 0.0410228 8.07264e-07
 0.670084 0.146759 0.0633494 0.106646 0.0131617
 0.691272 0.214339 0.0422018 0.0180561 0.0341316
 0.660096 0.243723 0.066978 0.0130606 0.0161423
 0.756195 0.175242 0.049478 0.0132957 0.00578976
 0.982068 0.0142592 0.00265367 0.000735496 0.000283417
 0.397529 0.592902 0.00762508 0.00140524 0.000539269
 0.471083 0.240511 0.283914 0.0035795 0.000911826
 0.835455 0.081307 0.0379918 0.0445422 0.000704364
 0.944427 0.0486217 0.00348031 0.00158532 0.00188543
 0.915669 0.0808864 0.00302458 0.000210676 0.000209777
 0.861634 0.127383 0.0105365 0.000391955 5.44709e-05
 0.795158 0.180707 0.0222457 0.00181217 7.6717e-05
 0.787878 0.1747 0.0330709 0.00401101 0.000340302
 0.861281 0.115958 0.0188317 0.00347332 0.000456354
 0.980655 0.0172113 0.00179033 0.000284489 5.92948e-05
 0.276472 0.71121 0.010972 0.00112901 0.000216667
 0.953128 0.0137729 0.0325391 0.000498441 6.11084e-05
 0.656404 0.328787 0.00437256 0.0102598 0.000176364
 0.669966 0.224322 0.101195 0.00133411 0.00318269
 0.82294 0.122608 0.0371111 0.0166004 0.000740602
 0.80616 0.161788 0.0222411 0.00668731 0.00312366
 0.246575 0.618236 0.112984 0.0154102 0.00679478
 0.833269 0.0430611 0.101573 0.0184685 0.00362864
 0.670782 0.27706 0.0135189 0.0317367 0.00690247
 0.467296 0.364058 0.142039 0.00689777 0.0197098
 0.842652 0.075632 0.055923 0.0217243 0.00406854
 0.775351 0.19108 0.0161773 0.0119032 0.00548855
 0.245143 0.590913 0.139522 0.0117702 0.0126513
 0.330203 0.169695 0.391787 0.0921826 0.0161323
pobs_PELACES
 0 0 0 0 0
 0 0 0 0 0
 0 0 0 0 0
 0 0 0 0 0
 0 0 0 0 0
 0 0 0 0 0
 0 0 0 0 0
 0 0 0 0 0
 0 0 0 0 0
 0 0 0 0 0
 0 0 0 0 0
 0 0 0 0 0
 0 0 0 0 0
 0 0 0 0 0
 0 0 0 0 0
 0 0 0 0 0
 0.505614 0.472636 0.0217494 0 0
 0 0 0 0 0
 0.443492 0.261883 0.143347 0.151278 0
 0.227955 0.32914 0.350689 0.0885471 0.00366901
 0.970185 0.0296113 0.000203453 0 0
 0.997202 0.00247181 0.000326279 0 0
 0.445219 0.490057 0.0546422 0.010081 0
 0.90214 0.0892962 0.00764917 0.000914606 0
 0 0 0 0 0
 0.581667 0.319106 0.0959925 0.00289975 0.000334073
 0.762889 0.0836404 0.116647 0.0363945 0.000428098
 0.88444 0.0763242 0.0277011 0.0115352 0
 0.521256 0.241999 0.230069 0.00667565 0
 0.616807 0.101726 0.260614 0.0208532 0
ppred_PELACES
 0.438419 0.193998 0.327198 0.0403842 7.94692e-07
 0.684906 0.140612 0.0603608 0.101585 0.0125368
 0.705441 0.204863 0.0401103 0.017156 0.0324297
 0.696975 0.218162 0.0591111 0.0115177 0.0142348
 0.78148 0.1576 0.0439702 0.011808 0.00514175
 0.983233 0.0133487 0.00246999 0.000684371 0.000263712
 0.434166 0.556961 0.00707098 0.00130221 0.000499712
 0.482213 0.235919 0.277479 0.00349767 0.000890971
 0.860317 0.0695911 0.0320062 0.0374923 0.000592855
 0.954493 0.0399059 0.00280595 0.0012769 0.00151855
 0.918251 0.0784183 0.00292381 0.000203625 0.000202755
 0.874528 0.1156 0.00947057 0.00035212 4.89336e-05
 0.811771 0.166226 0.0202811 0.00165134 6.99063e-05
 0.818558 0.149865 0.0279079 0.0033818 0.000286904
 0.879915 0.100613 0.0161126 0.00296955 0.000390149
 0.982141 0.0159015 0.00164269 0.000260931 5.43835e-05
 0.286999 0.700916 0.0107652 0.00110746 0.000212528
 0.955411 0.0131414 0.0309162 0.000473471 5.80464e-05
 0.670685 0.315199 0.00416902 0.00977934 0.000168102
 0.684007 0.215148 0.0965377 0.00127235 0.00303529
 0.830018 0.117858 0.0355267 0.0158881 0.000708816
 0.81528 0.154306 0.0211063 0.00634437 0.00296343
 0.253679 0.612761 0.111626 0.0152224 0.00671189
 0.838364 0.0418386 0.0983951 0.0178877 0.0035145
 0.678557 0.27065 0.0131667 0.0309047 0.00672147
 0.475328 0.358876 0.139641 0.00678035 0.0193741
 0.847618 0.0733653 0.0540785 0.0210043 0.00393365
 0.779937 0.187244 0.015817 0.0116367 0.00536562
 0.249761 0.587566 0.138443 0.0116778 0.0125519
 0.341594 0.167327 0.384736 0.0905035 0.0158382
pobs_pel_tallas
 0 0 0 0 0 0 0 0 0 0 0 0 0 0 0 0 0 0 0 0 0 0 0 0 0 0
 0 0 0 0 0 0 0 0 0 0 0 0 0 0 0 0 0 0 0 0 0 0 0 0 0 0
 0 0 0 0 0 0 0 0 0 0 0 0 0 0 0 0 0 0 0 0 0 0 0 0 0 0
 0 0 0 0 0 0 0 0 0 0 0 0 0 0 0 0 0 0 0 0 0 0 0 0 0 0
 0 0 0 0 0 0 0 0 0 0 0 0 0 0 0 0 0 0 0 0 0 0 0 0 0 0
 0 0 0 0 0 0 0 0 0 0 0 0 0 0 0 0 0 0 0 0 0 0 0 0 0 0
 0 0 0 0 0 0 0 0 0 0 0 0 0 0 0 0 0 0 0 0 0 0 0 0 0 0
 0 0 0 0 0 0 0 0 0 0 0 0 0 0 0 0 0 0 0 0 0 0 0 0 0 0
 0 0 0 0 0 0 0 0 0 0 0 0 0 0 0 0 0 0 0 0 0 0 0 0 0 0
 0 0 0 0 0 0 0 0 0 0 0 0 0 0 0 0 0 0 0 0 0 0 0 0 0 0
 0 0 0 0 0 0 0 0 0 0 0 0 0 0 0 0 0 0 0 0 0 0 0 0 0 0
 0 0 0 0 0 0 0 0 0 0 0 0 0 0 0 0 0 0 0 0 0 0 0 0 0 0
 0.00862536 0 0 0.000197151 0.00414017 0.0128641 0.00837892 0.0270097 0.101434 0.158115 0.152841 0.127902 0.109271 0.109419 0.0830992 0.0579132 0.0238553 0.00714673 0.00463305 0.00128148 0.00103504 0.000492878 0.000147863 0.000147863 4.92878e-05 0
 0 0 0 0 0 0 0 0 0 0 0 0 0 0 0 0 0 0 0 0 0 0 0 0 0 0
 0 0 0 0 0 0 0 0.0054083 0.00873648 0.0413646 0.0450493 0.0745869 0.0622846 0.0627006 0.0613931 0.0827291 0.12552 0.122667 0.0946155 0.0697135 0.0546179 0.0294188 0.0215738 0.0213955 0.0102223 0.00600262
 0 0 0 0 0.00359764 0.0251062 0.0480494 0.140153 0.205849 0.193036 0.1447 0.116669 0.0760912 0.0342217 0.00950174 0.001854 0.000860785 0 0 0 0.000165536 0 0.000143464 0 0 0
 0 0 0 0 0 0 0 0.000145254 0.000435761 0.0275982 0.070085 0.0708112 0.156366 0.174668 0.174014 0.160142 0.0824315 0.0480064 0.0283245 0.00493863 0.00203355 0 0 0 0 0
 0 0 0 0 0 0 0 0 0 0 0 0 0 0 0 0 0 0 0 0 0 0 0 0 0 0
 0 0 1.00437e-05 0.000401748 0.00122533 0.00171747 0.00176769 0.0269171 0.070346 0.194647 0.189555 0.159765 0.064822 0.0314167 0.0384472 0.0292271 0.0345202 0.0313363 0.0194345 0.0106764 0.0143323 0.0359363 0.0279516 0.0138201 0.00172751 0
 0 0.0021121 0.0136068 0.0755702 0.200478 0.177729 0.0527432 0.0373336 0.0318909 0.0142505 0.0149659 0.0166563 0.0217959 0.0798694 0.0677717 0.0528807 0.04013 0.0224614 0.0357745 0.0225083 0.00881397 0.00855152 0.00135912 0.000746735 0 0
 0 0 0 0 5.4009e-05 0.00500934 0.000945158 0.0243581 0.138947 0.33067 0.221406 0.137944 0.0707744 0.0437923 0.0131692 0.00525238 0.0047753 0.00276346 9.45158e-05 9.00151e-06 2.25038e-05 9.00151e-06 4.50075e-06 0 0 0
 0.000866109 0.00284123 0.00948549 0.0512746 0.133035 0.25785 0.225252 0.132002 0.0553304 0.0519788 0.0540692 0.017754 0.00435017 0.00159236 0.00146478 0.000404838 0.000125132 0.000115318 0.000107957 0.000100596 0 0 0 0 0 0
 0 0 0 0 0.00144013 0.00171154 0.00461396 0.0210425 0.0478622 0.0707936 0.0888783 0.103762 0.0637923 0.0337046 0.0602308 0.124433 0.169614 0.0934646 0.0462172 0.0250306 0.0313229 0.00938855 0.002487 0.000210481 0 0
 0 0.00764035 0.051015 0.0998891 0.058973 0.0496711 0.0374665 0.0718981 0.12319 0.153886 0.159021 0.0857701 0.0377988 0.023471 0.0147837 0.00900784 0.00315554 0.000888139 0.00291439 0.00214683 0.00393193 0.00274676 0.000635225 9.99891e-05 0 0
 0 0 0 0 0 0 0 0 0 0 0 0 0 0 0 0 0 0 0 0 0 0 0 0 0 0
 0 0 0 0 0 0 0 0 0 0 0 0 0 0 0 0 0 0 0 0 0 0 0 0 0 0
 0 0 0 0 0 0 0 0 0 0 0 0 0 0 0 0 0 0 0 0 0 0 0 0 0 0
 0 0 0 0 0 0 0 0 0 0 0 0 0 0 0 0 0 0 0 0 0 0 0 0 0 0
 0 0 0 0 0 0 0 0 0 0 0 0 0 0 0 0 0 0 0 0 0 0 0 0 0 0
 0 0 0 0 0 0 0 0 0 0 0 0 0 0 0 0 0 0 0 0 0 0 0 0 0 0
ppred_pel_tallas
 1.13542e-16 3.6112e-05 0.000351022 0.00233266 0.010604 0.032993 0.0702957 0.102603 0.102622 0.0703896 0.0333096 0.0115247 0.00466666 0.00552173 0.0100775 0.0171799 0.0260877 0.0356028 0.0444311 0.0518317 0.0577731 0.0623884 0.0652863 0.0654632 0.0619589 0.0546705
 1.14087e-16 5.64148e-05 0.000548372 0.00364413 0.0165657 0.0515421 0.109816 0.160283 0.160297 0.109883 0.0517665 0.0172154 0.00528026 0.00413834 0.0069299 0.0115183 0.0169573 0.0221438 0.0260342 0.0282598 0.0293631 0.0303579 0.0319424 0.033985 0.0356293 0.0358429
 1.08419e-16 5.81063e-05 0.000564814 0.00375339 0.0170624 0.0530875 0.113109 0.16509 0.16511 0.113206 0.053412 0.0180001 0.0061087 0.00571157 0.00984834 0.0162323 0.0234843 0.0297723 0.0332871 0.0332437 0.0303655 0.0263877 0.0229762 0.0208975 0.019924 0.0193072
 1.05326e-16 5.74089e-05 0.000558035 0.00370834 0.0168576 0.0524503 0.111752 0.163109 0.16313 0.111855 0.0527963 0.0178575 0.00622066 0.00605028 0.0105113 0.0173476 0.0251287 0.0319064 0.0357318 0.0357098 0.0325106 0.0278615 0.0234468 0.0200863 0.0176768 0.0156796
 1.03364e-16 6.43695e-05 0.000625695 0.00415796 0.0189015 0.0588097 0.125301 0.182883 0.182899 0.125375 0.0590597 0.019624 0.00597335 0.00459469 0.00761989 0.0125419 0.0181703 0.023081 0.0258645 0.0258698 0.023571 0.0202003 0.0169573 0.0144236 0.0125281 0.0109036
 1.00189e-16 8.09876e-05 0.000787228 0.00523141 0.0237812 0.0739922 0.157648 0.230093 0.230094 0.157655 0.0740134 0.0238423 0.00538469 0.001122 0.000717284 0.00105893 0.0015206 0.00191844 0.00212577 0.00208607 0.00184149 0.00150239 0.00117946 0.000931541 0.000759426 0.00063364
 1.00562e-16 3.57618e-05 0.000347617 0.00231004 0.0105011 0.0326733 0.0696158 0.101618 0.101671 0.0698775 0.0335515 0.0130364 0.00866811 0.0142082 0.0263034 0.0432807 0.0619977 0.0772346 0.0836988 0.078954 0.0649138 0.0466442 0.0294676 0.0165829 0.00854884 0.00425957
 1.0857e-16 3.97193e-05 0.000386086 0.00256568 0.0116632 0.0362887 0.0773178 0.112852 0.112876 0.0774309 0.0366696 0.0127681 0.00535694 0.00653838 0.0118961 0.0200501 0.0299124 0.0397526 0.0477369 0.0528612 0.0552973 0.0558119 0.0548401 0.0521142 0.0471216 0.0398526
 1.04802e-16 7.08632e-05 0.000688816 0.00457742 0.0208083 0.0647424 0.137941 0.20133 0.201337 0.137974 0.0648534 0.0211296 0.00538644 0.00246314 0.00346539 0.0056834 0.00834113 0.0108394 0.0126288 0.0134874 0.0136436 0.0135772 0.0136526 0.01388 0.0139624 0.0135369
 1.00477e-16 7.86203e-05 0.000764217 0.00507849 0.0230861 0.0718294 0.15304 0.223368 0.223372 0.153059 0.0718925 0.0232681 0.00553505 0.00176026 0.00196844 0.00312504 0.00448324 0.00561554 0.0061462 0.00590647 0.00503368 0.00388204 0.00281463 0.00203614 0.00156202 0.00129527
 1.0016e-16 7.56352e-05 0.000735201 0.00488567 0.0222095 0.0691022 0.14723 0.214888 0.214895 0.147267 0.0692259 0.0225667 0.00578156 0.00268873 0.00377922 0.00611096 0.00875537 0.0109247 0.0118727 0.0112565 0.00934148 0.00683134 0.00446272 0.00267423 0.00153844 0.000901746
 1.00347e-16 7.20338e-05 0.000700194 0.00465304 0.021152 0.0658119 0.14022 0.204657 0.204668 0.140274 0.0659944 0.0216791 0.00597554 0.00358522 0.00554524 0.00903757 0.0129743 0.016235 0.017729 0.0169511 0.0142796 0.0107257 0.00734107 0.00474251 0.00302469 0.00197216
 1.00806e-16 6.68646e-05 0.000649947 0.00431913 0.0196341 0.0610892 0.130158 0.189972 0.189988 0.130236 0.0613519 0.0203929 0.0062233 0.00480558 0.00795561 0.0130368 0.01875 0.023527 0.0258137 0.0248865 0.0212757 0.0164019 0.0117304 0.00810293 0.00562942 0.00400341
 1.01232e-16 6.74236e-05 0.000655381 0.00435524 0.0197983 0.0615999 0.131246 0.19156 0.191574 0.131316 0.0618371 0.0204835 0.0060756 0.00441238 0.0072068 0.0118182 0.0170418 0.0214782 0.0237438 0.0231916 0.0202806 0.0162437 0.0123335 0.00924179 0.00702644 0.0054123
 1.00855e-16 7.24774e-05 0.000704507 0.00468169 0.0212823 0.0662172 0.141083 0.205917 0.205927 0.141131 0.0663764 0.021742 0.00583581 0.00322435 0.00485925 0.00792147 0.0114105 0.0143614 0.0158414 0.0154178 0.0134066 0.0106491 0.00800181 0.00593993 0.00450276 0.00349399
 1.00087e-16 8.08976e-05 0.000786354 0.0052256 0.0237548 0.07391 0.157473 0.229837 0.229839 0.157481 0.0739351 0.0238274 0.00540766 0.00118362 0.000834865 0.00125078 0.00179062 0.00224448 0.00245901 0.00236508 0.0020144 0.00154444 0.00109709 0.000753884 0.000525042 0.000379538
 1.00637e-16 2.36399e-05 0.000229788 0.00152703 0.00694168 0.0215985 0.0460204 0.0671823 0.0672497 0.0463497 0.0227039 0.0101324 0.00952902 0.0176746 0.0330848 0.0544757 0.0780426 0.0972359 0.105398 0.0994596 0.0818239 0.0588557 0.0372421 0.0210021 0.0108405 0.00537674
 1.00953e-16 7.86959e-05 0.000764953 0.00508338 0.0231083 0.0718985 0.153187 0.223582 0.223583 0.153194 0.0719202 0.0231716 0.00524439 0.00112352 0.000780308 0.00121903 0.00187255 0.00261167 0.00335283 0.0040416 0.00465171 0.00514809 0.00545226 0.00545736 0.00509199 0.00438086
 1.01211e-16 5.52435e-05 0.000536986 0.00356846 0.0162217 0.050472 0.107537 0.15696 0.15699 0.107685 0.0509691 0.0176568 0.00716755 0.00838379 0.0149284 0.0245156 0.0351318 0.0438073 0.0475616 0.0450346 0.0373235 0.0272947 0.0179363 0.0110081 0.00675834 0.00449585
 1.03483e-16 5.63408e-05 0.000547652 0.00363934 0.0165439 0.0514744 0.109673 0.160075 0.160095 0.109774 0.0518167 0.0175339 0.00612904 0.00599833 0.0104538 0.017311 0.0252041 0.0322562 0.0365642 0.0372016 0.0346957 0.0305366 0.0261592 0.0222379 0.0187173 0.0153058
 1.02769e-16 6.83675e-05 0.000664557 0.00441621 0.0200755 0.0624623 0.133083 0.194241 0.194252 0.133139 0.0626494 0.0206162 0.00577525 0.00363687 0.00572972 0.00940746 0.0136476 0.0173796 0.01956 0.0197098 0.0181812 0.0158772 0.0136594 0.0119179 0.0105598 0.00929082
 1.01787e-16 6.71536e-05 0.000652757 0.0043378 0.019719 0.0613533 0.13072 0.190793 0.190808 0.130793 0.0615973 0.0204238 0.00610683 0.00451456 0.00740145 0.01213 0.0174681 0.0219692 0.0242077 0.0235288 0.0204346 0.0162377 0.0122711 0.00926742 0.00726759 0.00593007
 1.06041e-16 2.08953e-05 0.00020311 0.00134974 0.00613576 0.0190909 0.0406775 0.0593823 0.0594414 0.0409662 0.0200607 0.00893717 0.00838341 0.0155634 0.0292093 0.0482982 0.0696704 0.0878102 0.0970845 0.0948634 0.0830464 0.0666968 0.0509493 0.0386213 0.0299103 0.0236275
 1.05239e-16 6.90549e-05 0.000671239 0.00446062 0.0202773 0.0630903 0.134421 0.196192 0.196196 0.134441 0.0631596 0.0204793 0.00497494 0.001818 0.00231739 0.003906 0.00605051 0.00850967 0.0110645 0.0135845 0.0160212 0.0182705 0.0200406 0.0208911 0.0204495 0.0186444
 1.04686e-16 5.58919e-05 0.00054329 0.00361035 0.0164121 0.0510644 0.108799 0.158801 0.158827 0.108926 0.0514918 0.0176462 0.00670662 0.00729835 0.0128734 0.0211655 0.0304232 0.0381436 0.0418339 0.0403897 0.0347837 0.0274427 0.0208112 0.0162001 0.0135851 0.0121654
 1.08081e-16 3.91522e-05 0.000380573 0.00252905 0.0114967 0.0357707 0.0762145 0.111245 0.111279 0.0763842 0.0363411 0.013146 0.00667556 0.00945446 0.0173365 0.0287667 0.0418263 0.053411 0.0603511 0.0611423 0.0567574 0.0498164 0.0428414 0.0370125 0.0321661 0.0276167
 1.04352e-16 6.98172e-05 0.000678648 0.00450986 0.0205012 0.0637867 0.135905 0.198358 0.198365 0.13594 0.0639043 0.0208417 0.00536845 0.00256526 0.00368918 0.00608422 0.0089837 0.0117756 0.0138821 0.0150389 0.0154168 0.0154244 0.0153585 0.0152032 0.01471 0.0136396
 1.0258e-16 6.42424e-05 0.000624459 0.00414975 0.0188642 0.0586936 0.125053 0.182523 0.182541 0.125142 0.0589894 0.0197184 0.00629337 0.00530202 0.00894217 0.0146675 0.0210918 0.026463 0.029048 0.0280641 0.0241543 0.0189644 0.0141663 0.0106791 0.00853708 0.00726388
 1.07441e-16 2.05726e-05 0.000199973 0.0013289 0.006041 0.0187961 0.0400492 0.0584649 0.0585216 0.0403264 0.019727 0.00873079 0.00808461 0.0149609 0.0280927 0.0465098 0.067227 0.0850143 0.094521 0.0932355 0.0829158 0.0682699 0.0540215 0.0426858 0.0343519 0.027903
 1.22902e-16 2.81367e-05 0.000273499 0.0018175 0.00826209 0.0257065 0.0547711 0.0799434 0.0799602 0.054853 0.0259834 0.00906958 0.00387318 0.00485651 0.00901274 0.0155906 0.0241785 0.0340208 0.0442824 0.0544854 0.0644923 0.0739353 0.0816571 0.0858372 0.0848555 0.078254
pSPR Fmed_Fpbrs
0.434925   0.257784 0.257784
Fs Fmed_Fpbrs
0.554543   1.005 1.005
SSBpbr Bo_Bmed_Bpbrs
1.58826e+06  611360  330014 330014
Ro
99266.2
SPR SPRFo_SPRFmed_SPRFpbrs
706616 307325 182154
Fref
1.005
log_Ro
11.3256
likeval ReclasPelacesDesembMPH_pf_preclas_ppelaces_ptallas_desvR_qrecl_qpela
 10.3246 42.126 0.057691 0.000915572 237.364 103.746 81.2241 0 45.7089 8.87103e-06 0 0.0996544 0 0 0
q_reclas_q_pelaces
1.52509 1
M
1
N
 83357.5 39961 67862.3 8379 0.164887
 107439 25953 11297.3 19027.2 2348.29
 82254.9 28165.5 5592.95 2394.06 4525.63
 45272.3 21468.5 6027.65 1176.75 1454.51
 24503.9 7009.74 2015.18 542.047 236.054
 270703 4351.51 816.922 226.526 87.2923
 37375.6 70042.4 918.584 169.467 65.0379
 11462.8 6242.8 7410.28 93.4546 23.8066
 26188.3 3372.83 1614.29 1895.1 29.97
 51805.9 3656 268.862 122.649 145.88
 68872.1 6403.6 240.503 16.7561 16.6849
 121168 21223.8 1781.21 66.3133 9.21608
 93179.3 24797.7 3094.26 252.249 10.6792
 66992.6 19856.1 3853.43 467.995 39.7084
 52388.2 9033.9 1498.56 276.714 36.3592
 412900 8188.85 860.776 136.858 28.5255
 35764.5 99536.8 1545.97 159.137 30.5404
 643585 10021.7 23828.8 365.141 44.7667
 331418 182834 2451.72 5755.33 98.9351
 237199 87308.7 39706.8 523.712 1249.41
 392476 62892.8 19155.6 8571.51 382.413
 511715 112231 15546.3 4676.29 2184.36
 52195.7 138479 25430.1 3469.41 1529.78
 289868 15792.9 37421.7 6805.85 1337.22
 203946 88816.8 4353.44 10222.6 2223.35
 76471.3 62477.6 24475.4 1188.85 3397.08
 251684 23867.2 17731 6889.71 1290.33
 298540 76550 6502.99 4785.76 2206.73
 38283.8 95749.8 22679.3 1913.57 2056.84
 22432.2 12397.2 28801 6778.82 1186.34
pred_Ctot
 8208.37 5974.96 10431 1289.82 0.025384
 20062.4 7094.29 3165.01 5337.6 658.799
 15532.7 7778.85 1583.03 678.499 1282.7
 17750.8 11230.9 3208.25 626.907 774.915
 8492.23 3311.79 970.271 261.248 113.776
 52234.2 1225.89 235.819 65.4759 25.233
 13736.2 34749 464.079 85.6993 32.8912
 1477.05 1206.4 1470.61 18.5729 4.73159
 11088.4 1876.77 912.886 1072.6 16.9634
 23685.4 2160.44 161.271 73.6269 87.5756
 7169.85 1009.92 38.9852 2.72013 2.70877
 35623.6 8714.42 746.739 27.8313 3.86816
 25896 9694.76 1235.86 100.864 4.27041
 29031.4 11253.3 2218.67 269.682 22.8829
 20383.9 4696.54 792.742 146.517 19.2528
 93100.1 2658.25 285.993 45.5274 9.48996
 5508.08 22751.8 362.582 37.3744 7.17313
 94632.7 2193.41 5352.54 82.1335 10.0704
 61109.6 49399.5 678.973 1595.97 27.4369
 42999.1 23222.5 10826.3 142.982 341.133
 56392.3 13469.7 4210.95 1886.89 84.1886
 87679.7 28334.3 4024.77 1212.26 566.303
 5951.41 23824 4495.2 614.164 270.826
 31079 2561.99 6238.91 1136.32 223.282
 21888.7 14422.1 726.498 1708.42 371.601
 7427.46 9219.09 3712.89 180.614 516.136
 27990.9 4009.65 3060.9 1191.09 223.089
 24460.7 9587.09 837.716 617.431 284.721
 2928.47 11219.8 2733.98 231.031 248.348
 3216.43 2649.9 6318.98 1489.35 260.665
F
 0.16685 0.263344 0.271612 0.272061 0.272085
 0.338827 0.534781 0.55157 0.552483 0.552531
 0.343237 0.54174 0.558748 0.559672 0.559721
 0.865396 1.36588 1.40876 1.41109 1.41121
 0.72831 1.14951 1.1856 1.18756 1.18767
 0.35192 0.555446 0.572884 0.573832 0.573882
 0.78959 1.24623 1.28536 1.28748 1.2876
 0.223358 0.352532 0.363599 0.364201 0.364233
 0.968943 1.52931 1.57732 1.57993 1.58007
 1.09064 1.72139 1.77543 1.77837 1.77853
 0.177128 0.279566 0.288342 0.28882 0.288845
 0.586427 0.925576 0.954633 0.956213 0.956296
 0.546014 0.86179 0.888845 0.890316 0.890394
 1.0036 1.58401 1.63374 1.63644 1.63658
 0.855908 1.35091 1.39332 1.39562 1.39574
 0.422677 0.667123 0.688067 0.689206 0.689266
 0.272208 0.429634 0.443122 0.443855 0.443894
 0.258476 0.40796 0.420767 0.421464 0.421501
 0.333932 0.527054 0.543601 0.5445 0.544548
 0.327469 0.516854 0.53308 0.533962 0.534009
 0.251917 0.397608 0.41009 0.410769 0.410805
 0.307049 0.484624 0.499838 0.500665 0.500709
 0.19544 0.308468 0.318152 0.318679 0.318706
 0.182848 0.288594 0.297654 0.298147 0.298173
 0.183047 0.288908 0.297978 0.298472 0.298498
 0.164409 0.259492 0.267638 0.268081 0.268105
 0.190229 0.300245 0.30967 0.310183 0.31021
 0.137166 0.216493 0.22329 0.223659 0.223679
 0.127557 0.201327 0.207648 0.207991 0.20801
 0.251335 0.396689 0.409142 0.40982 0.409855
nmprior
 8 8 7 0
nm_flota  nm_reclas  nm_pelaces    nm_pelaL
inf 14.8108 8.28925 12.6537
cv_recla  cv_pelaces  cv_mph
0.297484 0.76373 0.933795
 ------------------------------------------------
Talla a la edad & desviación 
 8 13.2811 15.8009 17.003 17.5766
 0.8 1.32811 1.58009 1.7003 1.75766
