years
 1991 1992 1993 1994 1995 1996 1997 1998 1999 2000 2001 2002 2003 2004 2005 2006 2007 2008 2009 2010 2011 2012 2013 2014 2015 2016 2017 2018 2019 2020
reclasobs
 0 0 0 0 0 0 0 0 0 252601 567819 844713 477998 351125 339783 2.1784e+06 2.13404e+06 4.81314e+06 1.55562e+06 2.62356e+06 3.21686e+06 3.843e+06 1.13348e+06 3.07943e+06 1.97215e+06 2.03268e+06 2.025e+06 2.42433e+06 2.27542e+06 1.05018e+06
reclaspred
 2.75907e+06 1.47244e+06 717536 426463 252457 1.28732e+06 573709 366653 270603 218031 402076 607909 589940 409151 362260 1.58729e+06 1.26926e+06 3.50961e+06 2.85597e+06 2.01497e+06 3.66454e+06 2.9924e+06 2.05102e+06 3.34109e+06 2.35557e+06 1.90595e+06 2.5731e+06 3.04505e+06 2.29532e+06 1.11296e+06
pelacesobs
 0 0 0 0 0 0 0 0 0 0 0 0 0 0 0 552880 188675 0 991730 2.46772e+06 1.41603e+06 1.21717e+06 2.29649e+06 1.80582e+06 0 1.4828e+06 1.56532e+06 1.57751e+06 1.42118e+06 867257
pelacespred
 852124 480077 222271 97323.3 65142.4 394901 131204 124287 72772.4 56346 125178 157619 170558 116852 106076 427218 343611 1.13886e+06 923766 597870 1.10174e+06 933944 647006 1.18265e+06 789522 639421 996918 1.1554e+06 719782 399255
mphobs
 0 0 0 0 0 0 0 0 0 0 0 498337 0 5186 125008 0 168611 109162 213762 579715 649985 157893 87575 83554 0 0 0 0 0 0
mphpred
 440673 264860 124272 62595.1 30490.7 24230.7 117153 43256.5 29911.6 17212.5 14466.5 46676.7 53811.6 41569.5 22205.3 26757.1 180811 134441 350979 251869 255841 333578 315900 221700 332589 254605 190407 238276 375745 219936
desembarqueobs
 494567 514787 250237 358949 120608 361735 552515 73892 212993 205616 52469 317467 293654 387597 252695 516296 358380 742168 942051 627588 828172 859565 418607 520667 417249 300574 407403 355545 319650 289779
desembarquepred
 494534 514747 249805 358931 120592 361620 552128 73887.1 212922 205547 52467.3 317388 293556 387302 252566 516084 358346 741888 941354 627131 828024 859217 418513 520600 417153 300499 407313 355462 319578 289719
Reclutas
 116144 100946 81265.1 54955.7 36956.6 251385 48010.9 15528.6 28484.9 49448.2 75221.5 122078 96308.3 67746.2 55696.3 420075 45240 641853 343919 256415 400567 519684 65217.1 298645 219422 87880.7 261447 304664 47444.5 29805
log_desv_Rt
 0.0569394 -0.0833129 -0.300178 -0.691367 -1.08815 0.829092 -0.826467 -1.95521 -1.34852 -0.796969 -0.377458 0.106761 -0.13034 -0.482126 -0.67798 1.34254 -0.885913 1.76646 1.14251 0.848904 1.29499 1.55533 -0.520173 1.00136 0.6931 -0.221914 0.868337 1.02132 -0.838334 -1.30322
SSB
 1.73035e+06 1.04e+06 487967 245786 119725 95144.5 460014 169851 117451 67586.8 56804.3 183281 211297 163227 87191.5 105065 709975 527897 1.37816e+06 988992 1.00459e+06 1.30983e+06 1.24041e+06 870527 1.30595e+06 999734 747654 935616 1.4754e+06 863602
BT
 2.39431e+06 1.61415e+06 750363 518527 250219 1.22801e+06 782493 353817 373281 323441 332648 625084 657413 669150 497192 1.39673e+06 1.07348e+06 3.29189e+06 3.02757e+06 1.94753e+06 3.21485e+06 2.95507e+06 1.85744e+06 3.21787e+06 2.2148e+06 1.74586e+06 2.72149e+06 3.02375e+06 1.92783e+06 1.22009e+06
Ftot
 0.257989 0.50056 0.505315 1.19126 0.738943 0.559363 1.27034 0.312021 1.25867 1.54153 0.255817 0.879096 0.818353 1.50112 1.23048 0.652911 0.410463 0.402321 0.524976 0.498012 0.382668 0.475096 0.296116 0.27756 0.276979 0.240853 0.28273 0.211151 0.196708 0.364834
BD_Bspro_t
 0.959829 0.730834 0.504033 0.368548 0.214123 0.225893 0.473355 0.218098 0.211351 0.162109 0.176137 0.482203 0.384727 0.288504 0.174514 0.208471 0.51459 0.430804 0.598455 0.487234 0.446922 0.509993 0.527057 0.481303 0.611745 0.605879 0.594787 0.671692 0.746925 0.635758
BD_Bspro
 2.21555 1.33162 0.624797 0.314707 0.153297 0.121824 0.589005 0.217479 0.150385 0.0865386 0.0727326 0.234674 0.270546 0.208997 0.111641 0.134526 0.909058 0.675924 1.7646 1.26631 1.28628 1.67712 1.58824 1.11463 1.67215 1.28007 0.957302 1.19797 1.88912 1.10576
BD_Bo
 1.08953 0.654844 0.307252 0.154761 0.0753858 0.0599084 0.289651 0.106948 0.073954 0.0425565 0.0357672 0.115404 0.133045 0.102777 0.0549008 0.0661548 0.447041 0.332394 0.867766 0.622726 0.632547 0.824743 0.781036 0.548134 0.822299 0.62949 0.470766 0.589118 0.928999 0.543773
BD_Brms
 5.30958 3.19124 1.49733 0.754196 0.367377 0.291951 1.41155 0.521188 0.360399 0.20739 0.174304 0.562398 0.648365 0.500862 0.267547 0.322391 2.17856 1.61985 4.22888 3.03472 3.08258 4.01921 3.80621 2.67121 4.0073 3.06768 2.29418 2.87094 4.52728 2.64996
Sel_flota
 0.622785 0.969106 0.998325 0.999912 0.999995
 0.622785 0.969106 0.998325 0.999912 0.999995
 0.622785 0.969106 0.998325 0.999912 0.999995
 0.622785 0.969106 0.998325 0.999912 0.999995
 0.622785 0.969106 0.998325 0.999912 0.999995
 0.622785 0.969106 0.998325 0.999912 0.999995
 0.622785 0.969106 0.998325 0.999912 0.999995
 0.622785 0.969106 0.998325 0.999912 0.999995
 0.622785 0.969106 0.998325 0.999912 0.999995
 0.622785 0.969106 0.998325 0.999912 0.999995
 0.622785 0.969106 0.998325 0.999912 0.999995
 0.622785 0.969106 0.998325 0.999912 0.999995
 0.622785 0.969106 0.998325 0.999912 0.999995
 0.622785 0.969106 0.998325 0.999912 0.999995
 0.622785 0.969106 0.998325 0.999912 0.999995
 0.622785 0.969106 0.998325 0.999912 0.999995
 0.622785 0.969106 0.998325 0.999912 0.999995
 0.622785 0.969106 0.998325 0.999912 0.999995
 0.622785 0.969106 0.998325 0.999912 0.999995
 0.622785 0.969106 0.998325 0.999912 0.999995
 0.622785 0.969106 0.998325 0.999912 0.999995
 0.622785 0.969106 0.998325 0.999912 0.999995
 0.622785 0.969106 0.998325 0.999912 0.999995
 0.622785 0.969106 0.998325 0.999912 0.999995
 0.622785 0.969106 0.998325 0.999912 0.999995
 0.622785 0.969106 0.998325 0.999912 0.999995
 0.622785 0.969106 0.998325 0.999912 0.999995
 0.622785 0.969106 0.998325 0.999912 0.999995
 0.622785 0.969106 0.998325 0.999912 0.999995
 0.622785 0.969106 0.998325 0.999912 0.999995
Sel_reclas
 1 1 1 1 1
 1 1 1 1 1
 1 1 1 1 1
 1 1 1 1 1
 1 1 1 1 1
 1 1 1 1 1
 1 1 1 1 1
 1 1 1 1 1
 1 1 1 1 1
 1 1 1 1 1
 1 1 1 1 1
 1 1 1 1 1
 1 1 1 1 1
 1 1 1 1 1
 1 1 1 1 1
 1 1 1 1 1
 1 1 1 1 1
 1 1 1 1 1
 1 1 1 1 1
 1 1 1 1 1
 1 1 1 1 1
 1 1 1 1 1
 1 1 1 1 1
 1 1 1 1 1
 1 1 1 1 1
 1 1 1 1 1
 1 1 1 1 1
 1 1 1 1 1
 1 1 1 1 1
 1 1 1 1 1
Sel_pelaces
 1 1 1 1 1
 1 1 1 1 1
 1 1 1 1 1
 1 1 1 1 1
 1 1 1 1 1
 1 1 1 1 1
 1 1 1 1 1
 1 1 1 1 1
 1 1 1 1 1
 1 1 1 1 1
 1 1 1 1 1
 1 1 1 1 1
 1 1 1 1 1
 1 1 1 1 1
 1 1 1 1 1
 1 1 1 1 1
 1 1 1 1 1
 1 1 1 1 1
 1 1 1 1 1
 1 1 1 1 1
 1 1 1 1 1
 1 1 1 1 1
 1 1 1 1 1
 1 1 1 1 1
 1 1 1 1 1
 1 1 1 1 1
 1 1 1 1 1
 1 1 1 1 1
 1 1 1 1 1
 1 1 1 1 1
pf_obs 
 0.8446 0.082 0.0669 0.0065 0
 0.8095 0.147 0.0364 0.0071 0
 0.9664 0.0169 0.016 0.0007 0
 0.9276 0.0648 0.0075 0.0001 0
 0.7033 0.2144 0.0806 0.0017 0
 0.9318 0.0425 0.0243 0.0014 0
 0.5671 0.3108 0.0964 0.0239 0.0018
 0.0768 0.2599 0.5324 0.112 0.0189
 0.490249 0.384438 0.106611 0.0170017 0.00170017
 0.7925 0.1577 0.0466 0.003 0.0002
 0.840416 0.127587 0.0312969 0.00059994 9.999e-05
 0.8084 0.0986 0.0794 0.0134 0.0002
 0.7335 0.1905 0.0724 0.0035 0.0001
 0.4001 0.4547 0.1325 0.0127 0
 0.49795 0.308269 0.164784 0.0264974 0.00249975
 0.9179 0.0499 0.0305 0.0017 0
 0.2467 0.6533 0.0926 0.0074 0
 0.9418 0.0223 0.034 0.0019 0
 0.707729 0.231977 0.0356964 0.0245975 0
 0.517169 0.277429 0.184464 0.0207286 0.00020938
 0.811772 0.124168 0.05621 0.00726502 0.000585176
 0.764997 0.148141 0.077277 0.00933861 0.000247198
 0.163321 0.427699 0.378323 0.0303852 0.000271297
 0.753843 0.0900009 0.118128 0.0371064 0.000921714
 0.721811 0.176058 0.0630433 0.0369309 0.00215725
 0.143369 0.312575 0.442814 0.0836902 0.0175525
 0.692698 0.0596174 0.167031 0.0765114 0.00414204
 0.394062 0.376323 0.152708 0.0712218 0.00568511
 0.125707 0.32114 0.495352 0.0537591 0.00404204
 0.23352 0.215282 0.420074 0.123614 0.00750983
pf_pred 
 0.391743 0.206795 0.362338 0.0391232 9.38767e-07
 0.494615 0.259414 0.0854631 0.144891 0.0156172
 0.563253 0.274056 0.0850855 0.0269997 0.0506055
 0.56303 0.3015 0.0862325 0.0257767 0.0234611
 0.662393 0.244076 0.0655807 0.01781 0.0101402
 0.940527 0.0463798 0.00957735 0.00246698 0.00104899
 0.346538 0.630518 0.0180466 0.00358415 0.00131299
 0.402722 0.309496 0.278191 0.00754902 0.00204254
 0.70469 0.155898 0.0734351 0.0637821 0.00219502
 0.868293 0.109728 0.0119036 0.00531449 0.00476095
 0.870573 0.121044 0.00705387 0.000721115 0.000608361
 0.77279 0.20801 0.0179946 0.0010145 0.00019086
 0.695404 0.262933 0.0382857 0.00316567 0.000211531
 0.662444 0.272724 0.0562991 0.00784305 0.00069019
 0.774624 0.182821 0.0347658 0.00676608 0.00102226
 0.9643 0.0312262 0.00366474 0.000661179 0.000147697
 0.226345 0.757677 0.0140463 0.00158321 0.000348678
 0.916878 0.0271228 0.0548829 0.000981756 0.000134767
 0.550426 0.426728 0.00763474 0.0149081 0.000302703
 0.566097 0.293186 0.133829 0.00230521 0.00458333
 0.730143 0.18622 0.0571954 0.02515 0.00129185
 0.715004 0.23319 0.0361434 0.0107167 0.00494503
 0.19895 0.647985 0.126085 0.0188349 0.00814516
 0.741652 0.0741867 0.149925 0.0282107 0.00602561
 0.566768 0.357481 0.0222758 0.0435483 0.00992666
 0.368469 0.428561 0.168478 0.0101561 0.0243367
 0.752545 0.119843 0.0875066 0.0333002 0.00680529
 0.67549 0.270142 0.0267895 0.0189216 0.00865646
 0.196756 0.616863 0.155999 0.0149839 0.0153982
 0.267771 0.205353 0.407606 0.0998561 0.0194138
pobs_RECLAS
 0 0 0 0 0
 0 0 0 0 0
 0 0 0 0 0
 0 0 0 0 0
 0 0 0 0 0
 0 0 0 0 0
 0 0 0 0 0
 0 0 0 0 0
 0 0 0 0 0
 0 0 0 0 0
 0.991045 0.00858322 0.000360255 1.14367e-05 0
 0.934742 0.0480273 0.0164251 0.00080598 0
 0.827803 0.169806 0.00239088 0 0
 0.941827 0.0461693 0.0120037 0 0
 0.791401 0.0380133 0.147996 0.0225897 0
 0.846168 0.0940531 0.0597789 0 0
 0.134021 0.677848 0.182769 0.00536245 0
 0.80878 0.0450904 0.141981 0.00414843 0
 0.846168 0.0940531 0.0597789 0 0
 0.905697 0.0802665 0.012482 0.00150086 5.37128e-05
 0.989698 0.0102097 9.19794e-05 0 0
 0.975433 0.0193895 0.00387452 0.00125025 5.28907e-05
 0.303575 0.632131 0.0575291 0.00676475 0
 0.966965 0.00978017 0.0227588 0.000495775 0
 0.843318 0.132988 0.00938335 0.0141283 0.000182051
 0.564624 0.303363 0.111486 0.0197234 0.00080311
 0.826376 0.0876187 0.0782897 0.00655872 0.00115652
 0.89761 0.0855135 0.0140674 0.00269457 0.000114338
 0.34875 0.467042 0.161289 0.0227151 0.000203297
 0.318654 0.224769 0.449479 0.00709798 0
ppred_RECLAS
 0.507764 0.17075 0.290202 0.0312834 7.50585e-07
 0.612045 0.202292 0.0645803 0.109302 0.0117803
 0.674426 0.206745 0.0621983 0.0197038 0.0369276
 0.683478 0.220832 0.0609541 0.0181857 0.0165504
 0.760925 0.17442 0.0453585 0.0122967 0.00700054
 0.962044 0.0298074 0.00596291 0.00153335 0.000651938
 0.469611 0.512412 0.0141456 0.00280395 0.00102707
 0.518412 0.25324 0.220749 0.00598047 0.001618
 0.801775 0.10647 0.0483762 0.0419359 0.00144305
 0.918806 0.0680817 0.00710833 0.00316706 0.00283688
 0.913635 0.0809295 0.0045747 0.000466908 0.000393868
 0.846871 0.140581 0.011761 0.000661874 0.000124508
 0.787428 0.184321 0.0259646 0.00214309 0.000143189
 0.770611 0.186676 0.0371011 0.00515804 0.00045386
 0.851899 0.12095 0.0221903 0.00431035 0.000651169
 0.977468 0.0197877 0.00224871 0.000405005 9.04635e-05
 0.316266 0.670039 0.0120417 0.00135501 0.000298394
 0.946776 0.0177323 0.034785 0.000621209 8.52665e-05
 0.66083 0.322462 0.00558998 0.0108969 0.000221238
 0.676488 0.220818 0.0976752 0.00167963 0.00333923
 0.811714 0.13119 0.0390658 0.0171496 0.000880826
 0.799957 0.164618 0.0247277 0.00731961 0.0033772
 0.282 0.584202 0.110247 0.0164421 0.00710976
 0.82174 0.0523217 0.102557 0.0192662 0.00411477
 0.673892 0.270564 0.0163526 0.0319165 0.00727461
 0.48032 0.356118 0.135805 0.00817321 0.0195836
 0.829214 0.0840381 0.0595158 0.0226115 0.00462052
 0.766277 0.19557 0.0188153 0.0132679 0.0060694
 0.278665 0.557853 0.13687 0.0131253 0.013487
 0.370942 0.180413 0.347215 0.084921 0.0165087
pobs_PELACES
 0 0 0 0 0
 0 0 0 0 0
 0 0 0 0 0
 0 0 0 0 0
 0 0 0 0 0
 0 0 0 0 0
 0 0 0 0 0
 0 0 0 0 0
 0 0 0 0 0
 0 0 0 0 0
 0 0 0 0 0
 0 0 0 0 0
 0 0 0 0 0
 0 0 0 0 0
 0 0 0 0 0
 0 0 0 0 0
 0.505614 0.472636 0.0217494 0 0
 0 0 0 0 0
 0.443492 0.261883 0.143347 0.151278 0
 0.227955 0.32914 0.350689 0.0885471 0.00366901
 0.970185 0.0296113 0.000203453 0 0
 0.997202 0.00247181 0.000326279 0 0
 0.445219 0.490057 0.0546422 0.010081 0
 0.90214 0.0892962 0.00764917 0.000914606 0
 0 0 0 0 0
 0.581667 0.319106 0.0959925 0.00289975 0.000334073
 0.762889 0.0836404 0.116647 0.0363945 0.000428098
 0.88444 0.0763242 0.0277011 0.0115352 0
 0.521256 0.241999 0.230069 0.00667565 0
 0.616807 0.101726 0.260614 0.0208532 0
ppred_PELACES
 0.515538 0.168328 0.285374 0.0307588 7.37993e-07
 0.626098 0.19543 0.0620895 0.105059 0.0113228
 0.687368 0.198888 0.0595439 0.018858 0.0353418
 0.712892 0.201018 0.0548514 0.0163548 0.0148836
 0.776287 0.163531 0.0422249 0.0114427 0.00651425
 0.964351 0.0280286 0.0055769 0.00143367 0.000609547
 0.505974 0.477481 0.0130209 0.00257928 0.000944746
 0.527664 0.24873 0.216167 0.00585536 0.00158414
 0.824482 0.0948162 0.0425616 0.0368711 0.00126872
 0.931173 0.0578528 0.00595124 0.00264939 0.00237308
 0.915926 0.0787948 0.00444306 0.000453412 0.00038248
 0.859535 0.129045 0.0107048 0.000602154 0.000113271
 0.802829 0.171147 0.0239194 0.00197343 0.00013185
 0.799956 0.163235 0.0319761 0.00444203 0.000390842
 0.869027 0.107195 0.0194349 0.00377269 0.000569926
 0.97907 0.018395 0.00207733 0.00037401 8.35387e-05
 0.326514 0.660049 0.0118153 0.00132925 0.000292718
 0.949171 0.0169783 0.0331769 0.000592366 8.13066e-05
 0.674201 0.309829 0.00534386 0.0104143 0.000211436
 0.689144 0.212504 0.0935471 0.00160822 0.00319722
 0.818476 0.126623 0.0375667 0.0164882 0.000846848
 0.808632 0.157609 0.0235667 0.00697419 0.00321779
 0.289012 0.578806 0.108917 0.0162413 0.00702286
 0.826613 0.0509886 0.0996772 0.0187224 0.0039986
 0.680913 0.264864 0.0159654 0.0311563 0.00710129
 0.487378 0.35154 0.133748 0.00804842 0.0192844
 0.833937 0.0818294 0.0577939 0.021954 0.00448614
 0.770631 0.191992 0.0184335 0.0129972 0.00594555
 0.283294 0.554513 0.135793 0.0130207 0.0133794
 0.381322 0.177887 0.341152 0.0834221 0.0162171
pobs_pel_tallas
 0 0 0 0 0 0 0 0 0 0 0 0 0 0 0 0 0 0 0 0 0 0 0 0 0 0
 0 0 0 0 0 0 0 0 0 0 0 0 0 0 0 0 0 0 0 0 0 0 0 0 0 0
 0 0 0 0 0 0 0 0 0 0 0 0 0 0 0 0 0 0 0 0 0 0 0 0 0 0
 0 0 0 0 0 0 0 0 0 0 0 0 0 0 0 0 0 0 0 0 0 0 0 0 0 0
 0 0 0 0 0 0 0 0 0 0 0 0 0 0 0 0 0 0 0 0 0 0 0 0 0 0
 0 0 0 0 0 0 0 0 0 0 0 0 0 0 0 0 0 0 0 0 0 0 0 0 0 0
 0 0 0 0 0 0 0 0 0 0 0 0 0 0 0 0 0 0 0 0 0 0 0 0 0 0
 0 0 0 0 0 0 0 0 0 0 0 0 0 0 0 0 0 0 0 0 0 0 0 0 0 0
 0 0 0 0 0 0 0 0 0 0 0 0 0 0 0 0 0 0 0 0 0 0 0 0 0 0
 0 0 0 0 0 0 0 0 0 0 0 0 0 0 0 0 0 0 0 0 0 0 0 0 0 0
 0 0 0 0 0 0 0 0 0 0 0 0 0 0 0 0 0 0 0 0 0 0 0 0 0 0
 0 0 0 0 0 0 0 0 0 0 0 0 0 0 0 0 0 0 0 0 0 0 0 0 0 0
 0.00862536 0 0 0.000197151 0.00414017 0.0128641 0.00837892 0.0270097 0.101434 0.158115 0.152841 0.127902 0.109271 0.109419 0.0830992 0.0579132 0.0238553 0.00714673 0.00463305 0.00128148 0.00103504 0.000492878 0.000147863 0.000147863 4.92878e-05 0
 0 0 0 0 0 0 0 0 0 0 0 0 0 0 0 0 0 0 0 0 0 0 0 0 0 0
 0 0 0 0 0 0 0 0.0054083 0.00873648 0.0413646 0.0450493 0.0745869 0.0622846 0.0627006 0.0613931 0.0827291 0.12552 0.122667 0.0946155 0.0697135 0.0546179 0.0294188 0.0215738 0.0213955 0.0102223 0.00600262
 0 0 0 0 0.00359764 0.0251062 0.0480494 0.140153 0.205849 0.193036 0.1447 0.116669 0.0760912 0.0342217 0.00950174 0.001854 0.000860785 0 0 0 0.000165536 0 0.000143464 0 0 0
 0 0 0 0 0 0 0 0.000145254 0.000435761 0.0275982 0.070085 0.0708112 0.156366 0.174668 0.174014 0.160142 0.0824315 0.0480064 0.0283245 0.00493863 0.00203355 0 0 0 0 0
 0 0 0 0 0 0 0 0 0 0 0 0 0 0 0 0 0 0 0 0 0 0 0 0 0 0
 0 0 1.00437e-05 0.000401748 0.00122533 0.00171747 0.00176769 0.0269171 0.070346 0.194647 0.189555 0.159765 0.064822 0.0314167 0.0384472 0.0292271 0.0345202 0.0313363 0.0194345 0.0106764 0.0143323 0.0359363 0.0279516 0.0138201 0.00172751 0
 0 0.0021121 0.0136068 0.0755702 0.200478 0.177729 0.0527432 0.0373336 0.0318909 0.0142505 0.0149659 0.0166563 0.0217959 0.0798694 0.0677717 0.0528807 0.04013 0.0224614 0.0357745 0.0225083 0.00881397 0.00855152 0.00135912 0.000746735 0 0
 0 0 0 0 5.4009e-05 0.00500934 0.000945158 0.0243581 0.138947 0.33067 0.221406 0.137944 0.0707744 0.0437923 0.0131692 0.00525238 0.0047753 0.00276346 9.45158e-05 9.00151e-06 2.25038e-05 9.00151e-06 4.50075e-06 0 0 0
 0.000866109 0.00284123 0.00948549 0.0512746 0.133035 0.25785 0.225252 0.132002 0.0553304 0.0519788 0.0540692 0.017754 0.00435017 0.00159236 0.00146478 0.000404838 0.000125132 0.000115318 0.000107957 0.000100596 0 0 0 0 0 0
 0 0 0 0 0.00144013 0.00171154 0.00461396 0.0210425 0.0478622 0.0707936 0.0888783 0.103762 0.0637923 0.0337046 0.0602308 0.124433 0.169614 0.0934646 0.0462172 0.0250306 0.0313229 0.00938855 0.002487 0.000210481 0 0
 0 0.00764035 0.051015 0.0998891 0.058973 0.0496711 0.0374665 0.0718981 0.12319 0.153886 0.159021 0.0857701 0.0377988 0.023471 0.0147837 0.00900784 0.00315554 0.000888139 0.00291439 0.00214683 0.00393193 0.00274676 0.000635225 9.99891e-05 0 0
 0 0 0 0 0 0 0 0 0 0 0 0 0 0 0 0 0 0 0 0 0 0 0 0 0 0
 0 0 0 0 0 0 0 0 0 0 0 0 0 0 0 0 0 0 0 0 0 0 0 0 0 0
 0 0 0 0 0 0 0 0 0 0 0 0 0 0 0 0 0 0 0 0 0 0 0 0 0 0
 0 0 0 0 0 0 0 0 0 0 0 0 0 0 0 0 0 0 0 0 0 0 0 0 0 0
 0 0 0 0 0 0 0 0 0 0 0 0 0 0 0 0 0 0 0 0 0 0 0 0 0 0
 0 0 0 0 0 0 0 0 0 0 0 0 0 0 0 0 0 0 0 0 0 0 0 0 0 0
ppred_pel_tallas
 1.11364e-16 4.24643e-05 0.000412768 0.00274299 0.0124692 0.0387965 0.0826607 0.120649 0.120666 0.0827421 0.0390713 0.0132682 0.00476827 0.00489956 0.00875565 0.0149078 0.0226344 0.0308843 0.038528 0.0449137 0.0500035 0.0539052 0.0562805 0.0562737 0.05308 0.0466443
 1.14294e-16 5.15709e-05 0.000501288 0.00333123 0.0151433 0.0471166 0.100388 0.146523 0.146541 0.10048 0.0474275 0.0160427 0.00559377 0.00545726 0.00951521 0.0157892 0.0230852 0.0297979 0.0343689 0.0361941 0.0360042 0.0353044 0.0353013 0.0361578 0.0370523 0.0368323
 1.09642e-16 5.66177e-05 0.000550344 0.00365723 0.0166252 0.0517274 0.110211 0.160861 0.16088 0.110305 0.0520432 0.0175381 0.0059516 0.00556931 0.00961955 0.0158967 0.0230951 0.0294804 0.0333368 0.0339172 0.0318887 0.0288393 0.0262449 0.0247048 0.0239025 0.0230975
 1.05794e-16 5.872e-05 0.00057078 0.00379303 0.0172426 0.0536482 0.114304 0.166834 0.166853 0.114399 0.053967 0.0181642 0.00610869 0.00563375 0.0096976 0.0160012 0.0231925 0.0294818 0.0330873 0.0332003 0.0304512 0.0264335 0.0226816 0.0199117 0.0179729 0.0163115
 1.03511e-16 6.39418e-05 0.000621537 0.00413033 0.0187759 0.0584189 0.124468 0.181668 0.181684 0.124545 0.0586782 0.0195252 0.00601282 0.0047364 0.00789473 0.0129924 0.0188089 0.0238629 0.0266875 0.0266078 0.0241254 0.0205382 0.0171155 0.0144811 0.012569 0.0109875
 1.00416e-16 7.94323e-05 0.000772111 0.00513095 0.0233245 0.0725713 0.154621 0.225674 0.225677 0.154634 0.0726157 0.0234528 0.00545293 0.00147545 0.00141653 0.00221958 0.00319786 0.0040385 0.00448165 0.00440909 0.00390852 0.00320979 0.00254276 0.00202857 0.00166748 0.00139784
 1.00917e-16 4.16765e-05 0.00040511 0.0026921 0.0122379 0.038077 0.0811288 0.118419 0.118465 0.0813532 0.0388302 0.0144122 0.0081455 0.0122954 0.0225807 0.0371522 0.0532514 0.0664096 0.0721026 0.0682466 0.0564694 0.04108 0.0265918 0.0156967 0.00884115 0.00507399
 1.07158e-16 4.34631e-05 0.000422477 0.00280751 0.0127625 0.0397091 0.0846053 0.123489 0.123513 0.084724 0.0401082 0.0139189 0.00572336 0.00683159 0.0123433 0.0206688 0.0305377 0.0399902 0.0469857 0.050466 0.0507971 0.0491727 0.0465501 0.0430797 0.0384015 0.0323483
 1.05165e-16 6.79115e-05 0.000660124 0.00438676 0.0199416 0.0620457 0.132195 0.192945 0.192954 0.13224 0.0621968 0.0203789 0.00548735 0.00307257 0.00467901 0.00770646 0.0112834 0.014596 0.0168706 0.0177755 0.0176022 0.0170097 0.0165376 0.0162829 0.015948 0.0151369
 1.00854e-16 7.66995e-05 0.000745547 0.00495442 0.0225221 0.0700746 0.149302 0.217911 0.217917 0.149329 0.070166 0.0227861 0.00561707 0.00219172 0.00282214 0.00454143 0.00652872 0.00819867 0.00901336 0.00873046 0.00754639 0.00596556 0.00449985 0.00343007 0.00276654 0.00236457
 1.00259e-16 7.54437e-05 0.000733339 0.0048733 0.0221533 0.0689272 0.146857 0.214344 0.214351 0.146894 0.0690516 0.0225124 0.00577406 0.00269788 0.00380108 0.00615037 0.0088191 0.0110195 0.0120046 0.011431 0.0095626 0.00709939 0.00477089 0.0030071 0.00187395 0.00121635
 1.00422e-16 7.07988e-05 0.000688189 0.00457326 0.0207894 0.0646836 0.137816 0.201149 0.201161 0.137876 0.0648874 0.0213778 0.00604965 0.00390896 0.00618112 0.0100893 0.0144862 0.0181292 0.0198022 0.0189416 0.0159701 0.0120159 0.00825148 0.00536341 0.003455 0.00228392
 1.00955e-16 6.6128e-05 0.000642787 0.00427155 0.0194178 0.0604162 0.128724 0.18788 0.187896 0.128804 0.0606868 0.0201994 0.00623319 0.00492462 0.00819668 0.013442 0.0193468 0.0243042 0.0267195 0.0258487 0.0222312 0.0173145 0.0125863 0.00889417 0.00634062 0.00461302
 1.01477e-16 6.58913e-05 0.000640487 0.00425626 0.0193484 0.0602 0.128263 0.187207 0.187223 0.12834 0.0604584 0.0200949 0.00613074 0.00473451 0.00784703 0.0128835 0.018587 0.0234432 0.0259493 0.0254026 0.0223008 0.017979 0.0137894 0.0104714 0.00807803 0.00630598
 1.01064e-16 7.15806e-05 0.000695789 0.00462376 0.021019 0.0653979 0.139337 0.203369 0.20338 0.139388 0.0655675 0.0215091 0.00585426 0.003383 0.00517809 0.00845489 0.0121905 0.0153663 0.0169937 0.0166135 0.0145583 0.0117135 0.00897504 0.00683212 0.00531507 0.0042129
 1.00117e-16 8.06447e-05 0.000783895 0.00520926 0.0236805 0.073679 0.156981 0.229119 0.22912 0.15699 0.073708 0.0237645 0.00541994 0.00124366 0.00095338 0.00144728 0.00207413 0.00260186 0.0028543 0.00275173 0.00235373 0.00181847 0.00130873 0.000917344 0.000654989 0.000485374
 1.00693e-16 2.68946e-05 0.000261425 0.00173727 0.0078974 0.0245721 0.0523558 0.0764281 0.0764916 0.0526659 0.025613 0.0109023 0.00927333 0.0166909 0.0311652 0.051311 0.0735163 0.0916131 0.0993345 0.0937921 0.0772448 0.0556783 0.035378 0.0201169 0.0105517 0.00538209
 1.01036e-16 7.8182e-05 0.000759957 0.00505018 0.0229574 0.0714289 0.152187 0.222122 0.222123 0.152195 0.0714568 0.0230384 0.00525579 0.0012163 0.00096671 0.00153116 0.00232954 0.00320146 0.00403043 0.0047457 0.00532918 0.00576963 0.00601036 0.00595294 0.00552305 0.00474071
 1.01314e-16 5.55331e-05 0.000539802 0.00358718 0.0163068 0.0507367 0.108101 0.157783 0.157812 0.108247 0.0512253 0.0177175 0.00712547 0.00825443 0.0146792 0.0241075 0.0345538 0.0431015 0.0468241 0.0443867 0.0368662 0.0270742 0.0179374 0.0111738 0.00701795 0.00478623
 1.03457e-16 5.67639e-05 0.000551765 0.00366668 0.0166682 0.051861 0.110496 0.161277 0.161297 0.110597 0.0521991 0.0176458 0.00612517 0.00593374 0.010322 0.0170881 0.0248728 0.0318188 0.0360448 0.0366367 0.0341206 0.0299778 0.0256365 0.0217708 0.0183269 0.015009
 1.02914e-16 6.74168e-05 0.000655315 0.0043548 0.0197963 0.0615937 0.131232 0.19154 0.191552 0.131292 0.0617946 0.0203772 0.00581463 0.0038479 0.00614776 0.0101018 0.0146519 0.0186512 0.020977 0.0211136 0.0194402 0.0169298 0.0145139 0.012618 0.0111475 0.00978887
 1.01965e-16 6.6606e-05 0.000647434 0.00430243 0.0195582 0.060853 0.129654 0.189237 0.189252 0.129728 0.0611022 0.0202783 0.0061101 0.00459414 0.00756373 0.0124033 0.0178717 0.0224974 0.0248285 0.024198 0.0211151 0.0169111 0.0129328 0.00991336 0.0078845 0.00649557
 1.06109e-16 2.38057e-05 0.0002314 0.00153773 0.00699035 0.0217499 0.0463425 0.0676499 0.0677058 0.0466153 0.022666 0.00963699 0.0081831 0.0147447 0.0276058 0.0456485 0.065867 0.0830575 0.0919085 0.0899417 0.0789477 0.0636932 0.0490007 0.0374988 0.0293463 0.0234068
 1.05444e-16 6.8087e-05 0.00066183 0.0043981 0.0199931 0.062206 0.132537 0.193442 0.193447 0.132561 0.0622897 0.0202369 0.00501739 0.0020378 0.00275193 0.00462647 0.00708992 0.00982021 0.0125155 0.0150082 0.0172811 0.0193082 0.0208756 0.0215824 0.0210534 0.0191905
 1.04855e-16 5.60859e-05 0.000545175 0.00362288 0.0164691 0.0512417 0.109177 0.159352 0.159377 0.109301 0.05166 0.0176771 0.00665418 0.00715934 0.0126088 0.0207349 0.0298198 0.0374201 0.0411036 0.0397926 0.0344346 0.0273902 0.0210289 0.0166089 0.0140879 0.0126766
 1.08021e-16 4.01448e-05 0.000390222 0.00259316 0.0117882 0.0366775 0.0781466 0.114064 0.114098 0.0783128 0.0372362 0.0134034 0.00665398 0.00927597 0.0169772 0.0281631 0.0409388 0.0522586 0.0590162 0.0597413 0.0553972 0.0485664 0.0417356 0.03607 0.0314048 0.0270499
 1.0465e-16 6.86903e-05 0.000667694 0.00443706 0.0201702 0.0627571 0.133711 0.195157 0.195165 0.13375 0.0628882 0.0205498 0.00539368 0.00276899 0.0040978 0.0067669 0.00997988 0.013055 0.0153422 0.0165433 0.016853 0.0167396 0.0165546 0.0163027 0.015724 0.014557
 1.02891e-16 6.34759e-05 0.000617009 0.00410024 0.0186391 0.0579933 0.123561 0.180345 0.180364 0.123652 0.0582967 0.0195153 0.00629914 0.00541584 0.00917349 0.0150558 0.0216626 0.027205 0.0299121 0.0289849 0.0250801 0.0198753 0.0150672 0.0115781 0.0094265 0.00811597
 1.07631e-16 2.33347e-05 0.000226821 0.00150731 0.00685204 0.0213195 0.0454255 0.0663111 0.0663646 0.0456871 0.0221982 0.00939117 0.00788508 0.0141635 0.0265322 0.0439317 0.0635278 0.0803949 0.089497 0.0884721 0.0789739 0.065423 0.0522381 0.0417472 0.0339959 0.0279109
 1.21001e-16 3.1409e-05 0.000305307 0.00202887 0.00922296 0.0286962 0.0611408 0.0892405 0.0892582 0.0612274 0.0289883 0.0100734 0.00418889 0.00510453 0.00939275 0.0161251 0.0247418 0.0342982 0.0437816 0.0526509 0.0608967 0.0684674 0.0746133 0.0778683 0.0767889 0.0708681
pSPR Fmed_Fpbrs
0.463456   0.2552 0.2552
Fs Fmed_Fpbrs
0.501375   1.005 1.005
SSBpbr Bo_Bmed_Bpbrs
1.58817e+06  656636  325892 325892
Ro
109716
SPR SPRFo_SPRFmed_SPRFpbrs
781001 361959 199312
Fref
1.005
log_Ro
11.4256
likeval ReclasPelacesDesembMPH_pf_preclas_ppelaces_ptallas_desvR_qrecl_qpela
 10.0883 35.7239 0.0340966 0.000897099 232.692 103.401 79.8203 0 39.0321 6.03071e-06 0 0.0639258 0 0 0
q_reclas_q_pelaces
1.41622 1
M
1
N
 116144 40841.3 69674.8 7512.38 0.180247
 100946 36385.2 11701 19811.9 2135.31
 81265.1 27189.8 8240.55 2611.57 4894.54
 54955.7 21824.1 6129.64 1830.52 1665.99
 36956.6 9627.57 2530.86 686.517 390.849
 251385 8580.93 1730.68 445.239 189.308
 48010.9 65276 1835.76 364.252 133.431
 15528.6 8006.68 7011.32 189.996 51.4034
 28484.9 4703.75 2176.89 1888.96 65.0042
 49448.2 4785.02 510.978 227.941 204.19
 75221.5 6964.89 395.178 40.3413 34.031
 122078 23597 1999.64 112.612 21.1847
 96308.3 25975.9 3703.14 305.851 20.4359
 67746.2 21282.7 4323.64 601.817 52.9577
 55696.3 9785.4 1827.87 355.4 53.6935
 420075 9521.84 1092.45 196.858 43.9721
 45240 102905 1860.51 209.424 46.1192
 641853 12888.7 25432.5 454.332 62.3622
 343919 183791 3210.6 6261.26 127.124
 256415 91236.9 40651.8 699.327 1390.34
 400567 69175.3 20714.5 9096.28 467.204
 519684 116113 17563.1 5200.76 2399.63
 65217.1 142215 26954.3 4020.87 1738.69
 298645 19951.5 39266.4 7378.14 1575.8
 219422 92424.8 5608.71 10949.3 2495.66
 87880.7 67931.3 25996.8 1564.87 3749.59
 261447 27826.3 19788.2 7519.68 1536.62
 304664 80652.6 7783.33 5489.44 2511.18
 47444.5 98269 24179.9 2319.12 2383.05
 29805 15441.4 29876.7 7309.28 1420.95
pred_Ctot
 11041.1 5828.4 10212.3 1102.67 0.0264586
 17528.4 9193.25 3028.68 5134.7 553.451
 14228.5 6923.01 2149.37 682.048 1278.36
 19305.8 10338.2 2956.84 883.863 804.462
 8942.98 3295.28 885.407 240.453 136.904
 48083.2 2371.1 489.629 126.121 53.628
 17669.8 32149.8 920.189 182.754 66.9488
 1761.25 1353.54 1216.63 33.0147 8.93279
 10414.3 2303.95 1085.27 942.608 32.4392
 20808.6 2629.62 285.27 127.362 114.096
 7094.48 986.409 57.4835 5.87652 4.95766
 33999.9 9151.66 791.697 44.6342 8.39713
 25328.5 9576.73 1394.47 115.302 7.70453
 28005 11529.5 2380.06 331.567 29.178
 20033 4728.04 899.096 174.981 26.4373
 91686.6 2969.02 348.447 62.8656 14.0432
 6586.32 22047.4 408.729 46.0693 10.1461
 91776.4 2714.9 5493.59 98.2704 13.4897
 62258.4 48267 863.562 1686.25 34.2386
 44325.5 22956.5 10478.8 180.498 358.876
 54744.5 13962.3 4288.38 1885.69 96.86
 86185.7 28108.5 4356.69 1291.78 596.067
 7047.97 22955.4 4466.66 667.243 288.549
 30393.4 3040.23 6144.05 1156.1 246.934
 22287.3 14057.4 875.963 1712.47 390.351
 7833.18 9110.66 3581.62 215.905 517.368
 27068.2 4310.6 3147.51 1197.77 244.778
 23987 9592.91 951.309 671.917 307.396
 3492.72 10950.3 2769.22 265.987 273.341
 3900.82 2991.53 5937.9 1454.68 282.815
F
 0.160672 0.250019 0.257557 0.257966 0.257988
 0.311741 0.485096 0.499721 0.500515 0.500557
 0.314703 0.489704 0.504469 0.505271 0.505313
 0.741896 1.15445 1.18926 1.19115 1.19125
 0.460203 0.716114 0.737705 0.738878 0.73894
 0.348363 0.542082 0.558426 0.559313 0.55936
 0.79115 1.2311 1.26821 1.27023 1.27034
 0.194322 0.302382 0.311498 0.311994 0.31202
 0.783882 1.21979 1.25656 1.25856 1.25867
 0.960044 1.49391 1.53895 1.5414 1.54153
 0.159319 0.247914 0.255388 0.255794 0.255816
 0.547488 0.851938 0.877624 0.879018 0.879092
 0.509658 0.793071 0.816982 0.818281 0.818349
 0.934877 1.45475 1.49861 1.50099 1.50112
 0.766326 1.19247 1.22842 1.23037 1.23048
 0.406623 0.63274 0.651817 0.652853 0.652907
 0.255631 0.397783 0.409776 0.410427 0.410462
 0.25056 0.389892 0.401647 0.402286 0.402319
 0.326947 0.508757 0.524096 0.524929 0.524973
 0.310154 0.482627 0.497178 0.497968 0.49801
 0.23832 0.370846 0.382027 0.382635 0.382667
 0.295883 0.460419 0.4743 0.475054 0.475094
 0.184417 0.286968 0.29562 0.29609 0.296115
 0.17286 0.268985 0.277095 0.277535 0.277559
 0.172498 0.268422 0.276515 0.276954 0.276977
 0.15 0.233413 0.24045 0.240832 0.240852
 0.17608 0.273996 0.282257 0.282706 0.282729
 0.131502 0.204628 0.210798 0.211133 0.21115
 0.122507 0.190631 0.196379 0.196691 0.196707
 0.227213 0.353563 0.364223 0.364802 0.364833
nmprior
 8 8 7 0
nm_flota  nm_reclas  nm_pelaces    nm_pelaL
inf 15.4443 9.66531 15.2145
cv_recla  cv_pelaces  cv_mph
0.29406 0.703305 0.924327
 ------------------------------------------------
Talla a la edad & desviación 
 8 13.2811 15.8009 17.003 17.5766
 0.8 1.32811 1.58009 1.7003 1.75766
