years
 1991 1992 1993 1994 1995 1996 1997 1998 1999 2000 2001 2002 2003 2004 2005 2006 2007 2008 2009 2010 2011 2012 2013 2014 2015 2016 2017 2018 2019 2020
reclasobs
 0 0 0 0 0 0 0 0 0 252601 567819 844713 477998 351125 339783 2.1784e+06 2.13404e+06 4.81314e+06 1.55562e+06 2.62356e+06 3.21686e+06 3.843e+06 1.13348e+06 3.07943e+06 1.97215e+06 2.03268e+06 2.025e+06 2.42433e+06 2.27542e+06 1.05018e+06
reclaspred
 3.20041e+06 1.79949e+06 911925 916067 916568 1.43688e+06 920905 823059 603772 445574 504129 640990 631626 494900 498567 1.26336e+06 1.22713e+06 2.75843e+06 2.2853e+06 1.75809e+06 3.08457e+06 2.47185e+06 1.97034e+06 3.01334e+06 2.26844e+06 2.00826e+06 2.38648e+06 2.51625e+06 2.05823e+06 1.30291e+06
pelacesobs
 0 0 0 0 0 0 0 0 0 0 0 0 0 0 0 552880 188675 0 991730 2.46772e+06 1.41603e+06 1.21717e+06 2.29649e+06 1.80582e+06 0 1.4828e+06 1.56532e+06 1.57751e+06 1.42118e+06 867257
pelacespred
 1.80712e+06 1.13228e+06 575519 472054 490091 793602 475982 520138 370906 260290 302817 322224 348302 288875 298003 625317 607920 1.56988e+06 1.34589e+06 959742 1.6262e+06 1.42588e+06 1.1293e+06 1.88442e+06 1.36969e+06 1.20766e+06 1.63508e+06 1.70315e+06 1.14592e+06 824184
mphobs
 0 0 0 0 0 0 0 0 0 0 0 498337 0 5186 125008 0 168611 109162 213762 579715 649985 157893 87575 83554 0 0 0 0 0 0
mphpred
 3.42158e+06 2.28651e+06 1.14486e+06 625204 691092 782071 1.02674e+06 653507 579933 405462 271596 421250 451430 383885 263346 329138 1.02898e+06 982785 1.93755e+06 1.47643e+06 1.63684e+06 1.98956e+06 1.86365e+06 1.5422e+06 2.13073e+06 1.7612e+06 1.45169e+06 1.55464e+06 2.14761e+06 1.45477e+06
desembarqueobs
 494567 514787 250237 358949 120608 361735 552515 73892 212993 205616 52469 317467 293654 387597 252695 516296 358380 742168 942051 627588 828172 859565 418607 520667 417249 300574 407403 355545 319650 289779
desembarquepred
 494574 513451 250910 358977 120613 361749 552565 73896 213040 205659 52471.4 317532 293707 387642 252695 516271 358408 742091 941897 627478 828236 859581 418615 520688 417248 300576 407403 355533 319644 289789
Reclutas
 203625 116347 116087 199000 159709 269911 113046 52412.9 49115.8 65204.3 120056 155388 129887 90521.1 90931.4 483804 104282 750315 434604 354225 495283 658788 141334 413120 350049 157069 353664 390572 111783 86773.3
log_desv_Rt
 0.107567 -0.452139 -0.454376 0.084588 -0.135359 0.389376 -0.480924 -1.24956 -1.31453 -1.03119 -0.42076 -0.162788 -0.342053 -0.703131 -0.698609 0.972964 -0.561613 1.41178 0.865721 0.661218 0.996415 1.28169 -0.25759 0.815023 0.649359 -0.152031 0.659633 0.758897 -0.492154 -0.745416
SSB
 3.42158e+06 2.28651e+06 1.14486e+06 625204 691092 782071 1.02674e+06 653507 579933 405462 271596 421250 451430 383885 263346 329138 1.02898e+06 982785 1.93755e+06 1.47643e+06 1.63684e+06 1.98956e+06 1.86365e+06 1.5422e+06 2.13073e+06 1.7612e+06 1.45169e+06 1.55464e+06 2.14761e+06 1.45477e+06
BT
 4.58456e+06 3.11932e+06 1.57733e+06 1.39035e+06 1.22472e+06 2.1378e+06 1.59348e+06 1.26359e+06 1.06668e+06 798901 743664 1.0099e+06 1.07021e+06 1.06964e+06 940793 1.8611e+06 1.68182e+06 4.27475e+06 4.0093e+06 2.77377e+06 4.41925e+06 4.09391e+06 2.96907e+06 4.82871e+06 3.54249e+06 3.05052e+06 4.18495e+06 4.28255e+06 2.90605e+06 2.18226e+06
Ftot
 0.12445 0.226331 0.220342 0.331172 0.111095 0.218263 0.476351 0.0753033 0.292737 0.380176 0.0929736 0.417654 0.390499 0.648017 0.442626 0.371479 0.239985 0.241181 0.344457 0.300342 0.229894 0.295514 0.173903 0.15223 0.15416 0.124466 0.149642 0.125189 0.124952 0.180489
BD_Bspro_t
 0.980321 0.856147 0.705319 0.619812 0.612995 0.684738 0.675221 0.520909 0.577768 0.539188 0.50972 0.698129 0.585153 0.497357 0.391655 0.447178 0.611568 0.588138 0.680959 0.589274 0.56877 0.613006 0.625712 0.619966 0.719416 0.727635 0.734844 0.77029 0.811447 0.747614
BD_Bspro
 2.62862 1.75661 0.879539 0.480312 0.530931 0.600826 0.788794 0.502056 0.445533 0.311496 0.208653 0.323625 0.346811 0.294919 0.202315 0.25286 0.79051 0.755024 1.48852 1.13426 1.2575 1.52847 1.43175 1.18479 1.63693 1.35304 1.11526 1.19435 1.6499 1.11763
BD_Bo
 1.70572 1.13987 0.570735 0.311675 0.344522 0.389877 0.51185 0.325785 0.289107 0.20213 0.135395 0.210001 0.225046 0.191373 0.131283 0.164082 0.512964 0.489936 0.965904 0.736026 0.815992 0.99183 0.929065 0.768816 1.06221 0.87799 0.723694 0.775014 1.07062 0.72523
BD_Brms
 10.597 7.08156 3.54576 1.93632 2.14039 2.42216 3.17993 2.02398 1.79611 1.25576 0.841161 1.30466 1.39813 1.18893 0.815609 1.01938 3.18685 3.04379 6.0008 4.57266 5.06946 6.16187 5.77193 4.77636 6.59909 5.45463 4.49604 4.81488 6.65137 4.50559
Sel_flota
 0.805371 0.987441 0.999331 0.999965 0.999998
 0.805371 0.987441 0.999331 0.999965 0.999998
 0.805371 0.987441 0.999331 0.999965 0.999998
 0.805371 0.987441 0.999331 0.999965 0.999998
 0.805371 0.987441 0.999331 0.999965 0.999998
 0.805371 0.987441 0.999331 0.999965 0.999998
 0.805371 0.987441 0.999331 0.999965 0.999998
 0.805371 0.987441 0.999331 0.999965 0.999998
 0.805371 0.987441 0.999331 0.999965 0.999998
 0.805371 0.987441 0.999331 0.999965 0.999998
 0.805371 0.987441 0.999331 0.999965 0.999998
 0.805371 0.987441 0.999331 0.999965 0.999998
 0.805371 0.987441 0.999331 0.999965 0.999998
 0.805371 0.987441 0.999331 0.999965 0.999998
 0.805371 0.987441 0.999331 0.999965 0.999998
 0.805371 0.987441 0.999331 0.999965 0.999998
 0.805371 0.987441 0.999331 0.999965 0.999998
 0.805371 0.987441 0.999331 0.999965 0.999998
 0.805371 0.987441 0.999331 0.999965 0.999998
 0.805371 0.987441 0.999331 0.999965 0.999998
 0.805371 0.987441 0.999331 0.999965 0.999998
 0.805371 0.987441 0.999331 0.999965 0.999998
 0.805371 0.987441 0.999331 0.999965 0.999998
 0.805371 0.987441 0.999331 0.999965 0.999998
 0.805371 0.987441 0.999331 0.999965 0.999998
 0.805371 0.987441 0.999331 0.999965 0.999998
 0.805371 0.987441 0.999331 0.999965 0.999998
 0.805371 0.987441 0.999331 0.999965 0.999998
 0.805371 0.987441 0.999331 0.999965 0.999998
 0.805371 0.987441 0.999331 0.999965 0.999998
Sel_reclas
 1 1 1 1 1
 1 1 1 1 1
 1 1 1 1 1
 1 1 1 1 1
 1 1 1 1 1
 1 1 1 1 1
 1 1 1 1 1
 1 1 1 1 1
 1 1 1 1 1
 1 1 1 1 1
 1 1 1 1 1
 1 1 1 1 1
 1 1 1 1 1
 1 1 1 1 1
 1 1 1 1 1
 1 1 1 1 1
 1 1 1 1 1
 1 1 1 1 1
 1 1 1 1 1
 1 1 1 1 1
 1 1 1 1 1
 1 1 1 1 1
 1 1 1 1 1
 1 1 1 1 1
 1 1 1 1 1
 1 1 1 1 1
 1 1 1 1 1
 1 1 1 1 1
 1 1 1 1 1
 1 1 1 1 1
Sel_pelaces
 1 1 1 1 1
 1 1 1 1 1
 1 1 1 1 1
 1 1 1 1 1
 1 1 1 1 1
 1 1 1 1 1
 1 1 1 1 1
 1 1 1 1 1
 1 1 1 1 1
 1 1 1 1 1
 1 1 1 1 1
 1 1 1 1 1
 1 1 1 1 1
 1 1 1 1 1
 1 1 1 1 1
 1 1 1 1 1
 1 1 1 1 1
 1 1 1 1 1
 1 1 1 1 1
 1 1 1 1 1
 1 1 1 1 1
 1 1 1 1 1
 1 1 1 1 1
 1 1 1 1 1
 1 1 1 1 1
 1 1 1 1 1
 1 1 1 1 1
 1 1 1 1 1
 1 1 1 1 1
 1 1 1 1 1
pf_obs 
 0.8446 0.082 0.0669 0.0065 0
 0.8095 0.147 0.0364 0.0071 0
 0.9664 0.0169 0.016 0.0007 0
 0.9276 0.0648 0.0075 0.0001 0
 0.7033 0.2144 0.0806 0.0017 0
 0.9318 0.0425 0.0243 0.0014 0
 0.5671 0.3108 0.0964 0.0239 0.0018
 0.0768 0.2599 0.5324 0.112 0.0189
 0.490249 0.384438 0.106611 0.0170017 0.00170017
 0.7925 0.1577 0.0466 0.003 0.0002
 0.840416 0.127587 0.0312969 0.00059994 9.999e-05
 0.8084 0.0986 0.0794 0.0134 0.0002
 0.7335 0.1905 0.0724 0.0035 0.0001
 0.4001 0.4547 0.1325 0.0127 0
 0.49795 0.308269 0.164784 0.0264974 0.00249975
 0.9179 0.0499 0.0305 0.0017 0
 0.2467 0.6533 0.0926 0.0074 0
 0.9418 0.0223 0.034 0.0019 0
 0.707729 0.231977 0.0356964 0.0245975 0
 0.517169 0.277429 0.184464 0.0207286 0.00020938
 0.811772 0.124168 0.05621 0.00726502 0.000585176
 0.764997 0.148141 0.077277 0.00933861 0.000247198
 0.163321 0.427699 0.378323 0.0303852 0.000271297
 0.753843 0.0900009 0.118128 0.0371064 0.000921714
 0.721811 0.176058 0.0630433 0.0369309 0.00215725
 0.143369 0.312575 0.442814 0.0836902 0.0175525
 0.692698 0.0596174 0.167031 0.0765114 0.00414204
 0.394062 0.376323 0.152708 0.0712218 0.00568511
 0.125707 0.32114 0.495352 0.0537591 0.00404204
 0.23352 0.215282 0.420074 0.123614 0.00750983
pf_pred 
 0.438175 0.120505 0.417078 0.0242416 7.8465e-07
 0.411854 0.289278 0.0647255 0.221289 0.0128539
 0.557519 0.206669 0.116782 0.0257921 0.0932377
 0.739876 0.159185 0.0474811 0.0264838 0.0269742
 0.646994 0.276189 0.0472663 0.0139058 0.0156445
 0.742579 0.178348 0.062033 0.0104877 0.00655244
 0.472524 0.412829 0.07975 0.0273803 0.00751596
 0.447864 0.295197 0.201751 0.0383992 0.016789
 0.529636 0.234896 0.126599 0.0854968 0.0233723
 0.692014 0.180768 0.0639726 0.034015 0.02923
 0.80529 0.144234 0.0298036 0.0103994 0.0102732
 0.726935 0.228201 0.0333394 0.00680625 0.00471789
 0.673214 0.252394 0.0623191 0.00897372 0.00309943
 0.615526 0.278331 0.0822481 0.0200191 0.00387534
 0.724054 0.18699 0.0646898 0.0188069 0.00545896
 0.930236 0.0537682 0.0108909 0.00371287 0.00139164
 0.382453 0.58306 0.0266672 0.00532591 0.00249434
 0.895604 0.0454691 0.0556767 0.0025133 0.000736512
 0.593936 0.371555 0.0151422 0.0182994 0.00106737
 0.612495 0.251322 0.12476 0.00501422 0.00640843
 0.727717 0.18124 0.0593292 0.0290555 0.00265825
 0.736146 0.203048 0.0406535 0.0131354 0.00701653
 0.322301 0.527279 0.116121 0.0229375 0.0113618
 0.736511 0.0976881 0.129364 0.0281327 0.00830401
 0.625151 0.291034 0.0313208 0.0409635 0.0115301
 0.433583 0.381403 0.144058 0.0153114 0.0256448
 0.73047 0.130908 0.0937202 0.0349676 0.00993475
 0.682394 0.244769 0.0356064 0.0251767 0.0120544
 0.33958 0.479355 0.139942 0.0201095 0.0210132
 0.42805 0.22193 0.254919 0.0735137 0.0215879
pobs_RECLAS
 0 0 0 0 0
 0 0 0 0 0
 0 0 0 0 0
 0 0 0 0 0
 0 0 0 0 0
 0 0 0 0 0
 0 0 0 0 0
 0 0 0 0 0
 0 0 0 0 0
 0 0 0 0 0
 0.991045 0.00858322 0.000360255 1.14367e-05 0
 0.934742 0.0480273 0.0164251 0.00080598 0
 0.827803 0.169806 0.00239088 0 0
 0.941827 0.0461693 0.0120037 0 0
 0.791401 0.0380133 0.147996 0.0225897 0
 0.846168 0.0940531 0.0597789 0 0
 0.134021 0.677848 0.182769 0.00536245 0
 0.80878 0.0450904 0.141981 0.00414843 0
 0.846168 0.0940531 0.0597789 0 0
 0.905697 0.0802665 0.012482 0.00150086 5.37128e-05
 0.989698 0.0102097 9.19794e-05 0 0
 0.975433 0.0193895 0.00387452 0.00125025 5.28907e-05
 0.303575 0.632131 0.0575291 0.00676475 0
 0.966965 0.00978017 0.0227588 0.000495775 0
 0.843318 0.132988 0.00938335 0.0141283 0.000182051
 0.564624 0.303363 0.111486 0.0197234 0.00080311
 0.826376 0.0876187 0.0782897 0.00655872 0.00115652
 0.89761 0.0855135 0.0140674 0.00269457 0.000114338
 0.34875 0.467042 0.161289 0.0227151 0.000203297
 0.318654 0.224769 0.449479 0.00709798 0
ppred_RECLAS
 0.491706 0.110067 0.376366 0.0218613 7.0758e-07
 0.464559 0.265061 0.0585857 0.200168 0.0116266
 0.60957 0.18358 0.102474 0.0226175 0.0817587
 0.779096 0.135852 0.0400222 0.0223088 0.0227211
 0.692995 0.240842 0.0407217 0.0119727 0.0134692
 0.780894 0.152378 0.0523561 0.00884596 0.00552652
 0.526614 0.371527 0.0708696 0.0243152 0.00667433
 0.50034 0.268656 0.181412 0.0345061 0.0150863
 0.582797 0.209666 0.111616 0.0753289 0.020592
 0.736169 0.155671 0.0544079 0.0289103 0.0248425
 0.835921 0.121931 0.0248928 0.00868031 0.00857471
 0.767361 0.194822 0.0281083 0.00573449 0.00397485
 0.718532 0.218014 0.0531621 0.00765008 0.00264217
 0.666624 0.242213 0.0706519 0.0171848 0.00332654
 0.765246 0.15973 0.0545683 0.0158538 0.00460161
 0.942909 0.0441283 0.00882764 0.00300749 0.00112722
 0.432826 0.535868 0.0242102 0.00483208 0.00226298
 0.914071 0.0376858 0.0455839 0.00205636 0.000602589
 0.64378 0.3263 0.0131338 0.0158618 0.000925158
 0.661862 0.220258 0.107999 0.00433771 0.00554363
 0.76766 0.155296 0.0502179 0.0245774 0.00224849
 0.77526 0.173447 0.0343011 0.0110757 0.00591607
 0.369654 0.491772 0.106992 0.0211205 0.0104615
 0.775913 0.083723 0.109533 0.0238047 0.00702627
 0.672757 0.254783 0.0270885 0.0354055 0.00996532
 0.485656 0.347722 0.129756 0.0137825 0.0230832
 0.770241 0.1123 0.0794286 0.0296163 0.00841408
 0.72582 0.211902 0.0304544 0.02152 0.0103033
 0.387949 0.445736 0.128562 0.0184623 0.0192913
 0.481172 0.202841 0.230173 0.0663346 0.0194791
pobs_PELACES
 0 0 0 0 0
 0 0 0 0 0
 0 0 0 0 0
 0 0 0 0 0
 0 0 0 0 0
 0 0 0 0 0
 0 0 0 0 0
 0 0 0 0 0
 0 0 0 0 0
 0 0 0 0 0
 0 0 0 0 0
 0 0 0 0 0
 0 0 0 0 0
 0 0 0 0 0
 0 0 0 0 0
 0 0 0 0 0
 0.505614 0.472636 0.0217494 0 0
 0 0 0 0 0
 0.443492 0.261883 0.143347 0.151278 0
 0.227955 0.32914 0.350689 0.0885471 0.00366901
 0.970185 0.0296113 0.000203453 0 0
 0.997202 0.00247181 0.000326279 0 0
 0.445219 0.490057 0.0546422 0.010081 0
 0.90214 0.0892962 0.00764917 0.000914606 0
 0 0 0 0 0
 0.581667 0.319106 0.0959925 0.00289975 0.000334073
 0.762889 0.0836404 0.116647 0.0363945 0.000428098
 0.88444 0.0763242 0.0277011 0.0115352 0
 0.521256 0.241999 0.230069 0.00667565 0
 0.616807 0.101726 0.260614 0.0208532 0
ppred_PELACES
 0.493671 0.109683 0.374871 0.0217739 7.04752e-07
 0.468059 0.263452 0.0581782 0.198766 0.0115452
 0.612827 0.182134 0.101579 0.0224189 0.0810407
 0.782589 0.133773 0.0393585 0.0219373 0.0223426
 0.694433 0.239736 0.0405171 0.0119123 0.0134012
 0.783174 0.150832 0.0517805 0.00874831 0.0054655
 0.533845 0.366001 0.0696853 0.0239064 0.0065621
 0.501505 0.268066 0.18096 0.0344197 0.0150485
 0.587209 0.20757 0.110373 0.0744857 0.0203614
 0.740702 0.153092 0.0534269 0.0283867 0.0243925
 0.836699 0.121365 0.0247682 0.00863666 0.00853159
 0.771858 0.191107 0.0275272 0.00561546 0.00389232
 0.723322 0.214378 0.0521955 0.00751037 0.0025939
 0.675374 0.236021 0.068671 0.0167007 0.00323282
 0.77009 0.156523 0.0533797 0.015507 0.00450094
 0.944117 0.0432096 0.00863126 0.00294035 0.00110205
 0.436382 0.532537 0.0240371 0.00479728 0.00224667
 0.915244 0.0371913 0.0449432 0.00202736 0.000594088
 0.648538 0.321978 0.0129423 0.0156295 0.000911604
 0.66598 0.217666 0.106601 0.00428133 0.00547155
 0.770168 0.153666 0.049646 0.0242964 0.00222277
 0.778385 0.171082 0.033794 0.0109113 0.00582824
 0.372127 0.489917 0.106516 0.0210257 0.0104145
 0.777565 0.0831373 0.108702 0.0236233 0.00697272
 0.674824 0.253209 0.0269049 0.0351644 0.00989744
 0.487564 0.346488 0.129232 0.0137265 0.0229894
 0.771882 0.111532 0.078839 0.0293956 0.00835136
 0.727337 0.210754 0.0302745 0.0213923 0.0102421
 0.389765 0.444473 0.128135 0.0184005 0.0192267
 0.48399 0.201828 0.228861 0.0659541 0.0193673
pobs_pel_tallas
 0 0 0 0 0 0 0 0 0 0 0 0 0 0 0 0 0 0 0 0 0 0 0 0 0 0
 0 0 0 0 0 0 0 0 0 0 0 0 0 0 0 0 0 0 0 0 0 0 0 0 0 0
 0 0 0 0 0 0 0 0 0 0 0 0 0 0 0 0 0 0 0 0 0 0 0 0 0 0
 0 0 0 0 0 0 0 0 0 0 0 0 0 0 0 0 0 0 0 0 0 0 0 0 0 0
 0 0 0 0 0 0 0 0 0 0 0 0 0 0 0 0 0 0 0 0 0 0 0 0 0 0
 0 0 0 0 0 0 0 0 0 0 0 0 0 0 0 0 0 0 0 0 0 0 0 0 0 0
 0 0 0 0 0 0 0 0 0 0 0 0 0 0 0 0 0 0 0 0 0 0 0 0 0 0
 0 0 0 0 0 0 0 0 0 0 0 0 0 0 0 0 0 0 0 0 0 0 0 0 0 0
 0 0 0 0 0 0 0 0 0 0 0 0 0 0 0 0 0 0 0 0 0 0 0 0 0 0
 0 0 0 0 0 0 0 0 0 0 0 0 0 0 0 0 0 0 0 0 0 0 0 0 0 0
 0 0 0 0 0 0 0 0 0 0 0 0 0 0 0 0 0 0 0 0 0 0 0 0 0 0
 0 0 0 0 0 0 0 0 0 0 0 0 0 0 0 0 0 0 0 0 0 0 0 0 0 0
 0.00862536 0 0 0.000197151 0.00414017 0.0128641 0.00837892 0.0270097 0.101434 0.158115 0.152841 0.127902 0.109271 0.109419 0.0830992 0.0579132 0.0238553 0.00714673 0.00463305 0.00128148 0.00103504 0.000492878 0.000147863 0.000147863 4.92878e-05 0
 0 0 0 0 0 0 0 0 0 0 0 0 0 0 0 0 0 0 0 0 0 0 0 0 0 0
 0 0 0 0 0 0 0 0.0054083 0.00873648 0.0413646 0.0450493 0.0745869 0.0622846 0.0627006 0.0613931 0.0827291 0.12552 0.122667 0.0946155 0.0697135 0.0546179 0.0294188 0.0215738 0.0213955 0.0102223 0.00600262
 0 0 0 0 0.00359764 0.0251062 0.0480494 0.140153 0.205849 0.193036 0.1447 0.116669 0.0760912 0.0342217 0.00950174 0.001854 0.000860785 0 0 0 0.000165536 0 0.000143464 0 0 0
 0 0 0 0 0 0 0 0.000145254 0.000435761 0.0275982 0.070085 0.0708112 0.156366 0.174668 0.174014 0.160142 0.0824315 0.0480064 0.0283245 0.00493863 0.00203355 0 0 0 0 0
 0 0 0 0 0 0 0 0 0 0 0 0 0 0 0 0 0 0 0 0 0 0 0 0 0 0
 0 0 1.00437e-05 0.000401748 0.00122533 0.00171747 0.00176769 0.0269171 0.070346 0.194647 0.189555 0.159765 0.064822 0.0314167 0.0384472 0.0292271 0.0345202 0.0313363 0.0194345 0.0106764 0.0143323 0.0359363 0.0279516 0.0138201 0.00172751 0
 0 0.0021121 0.0136068 0.0755702 0.200478 0.177729 0.0527432 0.0373336 0.0318909 0.0142505 0.0149659 0.0166563 0.0217959 0.0798694 0.0677717 0.0528807 0.04013 0.0224614 0.0357745 0.0225083 0.00881397 0.00855152 0.00135912 0.000746735 0 0
 0 0 0 0 5.4009e-05 0.00500934 0.000945158 0.0243581 0.138947 0.33067 0.221406 0.137944 0.0707744 0.0437923 0.0131692 0.00525238 0.0047753 0.00276346 9.45158e-05 9.00151e-06 2.25038e-05 9.00151e-06 4.50075e-06 0 0 0
 0.000866109 0.00284123 0.00948549 0.0512746 0.133035 0.25785 0.225252 0.132002 0.0553304 0.0519788 0.0540692 0.017754 0.00435017 0.00159236 0.00146478 0.000404838 0.000125132 0.000115318 0.000107957 0.000100596 0 0 0 0 0 0
 0 0 0 0 0.00144013 0.00171154 0.00461396 0.0210425 0.0478622 0.0707936 0.0888783 0.103762 0.0637923 0.0337046 0.0602308 0.124433 0.169614 0.0934646 0.0462172 0.0250306 0.0313229 0.00938855 0.002487 0.000210481 0 0
 0 0.00764035 0.051015 0.0998891 0.058973 0.0496711 0.0374665 0.0718981 0.12319 0.153886 0.159021 0.0857701 0.0377988 0.023471 0.0147837 0.00900784 0.00315554 0.000888139 0.00291439 0.00214683 0.00393193 0.00274676 0.000635225 9.99891e-05 0 0
 0 0 0 0 0 0 0 0 0 0 0 0 0 0 0 0 0 0 0 0 0 0 0 0 0 0
 0 0 0 0 0 0 0 0 0 0 0 0 0 0 0 0 0 0 0 0 0 0 0 0 0 0
 0 0 0 0 0 0 0 0 0 0 0 0 0 0 0 0 0 0 0 0 0 0 0 0 0 0
 0 0 0 0 0 0 0 0 0 0 0 0 0 0 0 0 0 0 0 0 0 0 0 0 0 0
 0 0 0 0 0 0 0 0 0 0 0 0 0 0 0 0 0 0 0 0 0 0 0 0 0 0
 0 0 0 0 0 0 0 0 0 0 0 0 0 0 0 0 0 0 0 0 0 0 0 0 0 0
ppred_pel_tallas
 1.1303e-16 4.0663e-05 0.000395259 0.00262664 0.0119403 0.0371508 0.0791541 0.11553 0.115541 0.0792088 0.037336 0.0124822 0.00401378 0.00351223 0.00622007 0.0108943 0.0172588 0.0249615 0.0335463 0.0426059 0.0516743 0.0598717 0.0657262 0.0675663 0.0643573 0.0563852
 1.23634e-16 3.85535e-05 0.000374753 0.00249037 0.0113209 0.0352236 0.0750485 0.109541 0.109566 0.0751731 0.0356424 0.012532 0.00553642 0.00704525 0.0127722 0.021236 0.0310468 0.0400907 0.0463312 0.0490649 0.049421 0.0495543 0.0511137 0.0541645 0.0572598 0.0584118
 1.18941e-16 5.04778e-05 0.000490662 0.00326063 0.0148223 0.0461179 0.0982597 0.143417 0.143434 0.0983462 0.0464088 0.0156645 0.00538161 0.0051446 0.00896036 0.014924 0.0219524 0.0286014 0.0334602 0.0359698 0.0367599 0.0371382 0.0381301 0.0398316 0.0414753 0.0419981
 1.07152e-16 6.44608e-05 0.000626582 0.00416386 0.0189283 0.0588931 0.125478 0.183142 0.183155 0.125542 0.0591055 0.0195424 0.0057076 0.00400403 0.00650135 0.0107068 0.015565 0.0198977 0.0225631 0.023075 0.0218951 0.0200933 0.0186429 0.0179047 0.017607 0.0171949
 1.04694e-16 5.71996e-05 0.000556001 0.00369482 0.0167961 0.0522591 0.111344 0.162515 0.162538 0.111457 0.0526385 0.0178921 0.00644668 0.00656583 0.0114785 0.0189061 0.0272793 0.0344143 0.0381289 0.0374309 0.0331074 0.0271755 0.0216492 0.0175834 0.0149488 0.0131358
 1.03336e-16 6.4509e-05 0.000627051 0.00416697 0.0189425 0.0589371 0.125572 0.18328 0.183294 0.125644 0.0591767 0.019635 0.00590765 0.00443487 0.00731948 0.0120593 0.0175078 0.0223144 0.0251402 0.0253589 0.0233985 0.0203904 0.0174252 0.0150151 0.0130823 0.0113066
 1.05613e-16 4.39722e-05 0.000427425 0.00284039 0.012912 0.0401743 0.0855969 0.124939 0.124974 0.0857695 0.0407538 0.0145861 0.00704418 0.0096098 0.0174992 0.0289031 0.0417338 0.0526994 0.0584696 0.0575108 0.0509812 0.0418956 0.0332631 0.0266594 0.0220664 0.0186475
 1.1129e-16 4.13084e-05 0.000401532 0.00266832 0.0121298 0.0377405 0.0804112 0.117368 0.117394 0.0805387 0.0381693 0.0133712 0.00579567 0.00726605 0.0131885 0.0220264 0.0324015 0.0421631 0.0491108 0.0521902 0.0519972 0.0501063 0.0478204 0.0454093 0.0423241 0.0379668
 1.14154e-16 4.83677e-05 0.000470151 0.00312432 0.0142027 0.0441901 0.0941523 0.137422 0.137442 0.0942509 0.0445215 0.0151621 0.00554023 0.00577021 0.0101921 0.0169809 0.0249545 0.0324532 0.0378322 0.0403937 0.0407691 0.0403467 0.040209 0.0404484 0.040301 0.0388215
 1.08556e-16 6.10107e-05 0.000593045 0.003941 0.0179152 0.0557409 0.118762 0.17334 0.173355 0.118835 0.0559843 0.018619 0.00571091 0.00446756 0.00745177 0.0123096 0.017936 0.0230111 0.0262454 0.0270874 0.0260482 0.024308 0.0229172 0.0222251 0.0218816 0.0212526
 1.03056e-16 6.89178e-05 0.000669905 0.00445176 0.020237 0.062965 0.134154 0.195804 0.195816 0.134211 0.0631573 0.0207925 0.00584673 0.00371773 0.00586508 0.00960803 0.0138846 0.0175705 0.0195725 0.0193979 0.017444 0.0147137 0.0121919 0.0103678 0.00918474 0.00830671
 1.02066e-16 6.35769e-05 0.00061799 0.00410676 0.0186688 0.0580856 0.123758 0.180632 0.180651 0.123848 0.0583878 0.0195417 0.006298 0.00540164 0.00914909 0.015026 0.0216424 0.0272224 0.0299995 0.029159 0.0253161 0.02009 0.015128 0.011341 0.00879153 0.0070737
 1.02754e-16 5.95791e-05 0.00057913 0.00384853 0.0174949 0.0544331 0.115976 0.169275 0.169296 0.116077 0.0547728 0.0184765 0.0063142 0.00596709 0.010308 0.0169877 0.0245602 0.0310809 0.0345995 0.0342022 0.0305266 0.0252787 0.0201625 0.0160742 0.0130301 0.0106194
 1.04265e-16 5.56297e-05 0.000540741 0.00359341 0.0163351 0.0508248 0.108289 0.158055 0.158078 0.1084 0.0511993 0.0174174 0.00631281 0.00648655 0.0113753 0.0187895 0.0272301 0.0345957 0.0387727 0.0387742 0.035291 0.0301461 0.02512 0.0210862 0.0179672 0.0152649
 1.03898e-16 6.34313e-05 0.000616575 0.00409736 0.018626 0.0579525 0.123474 0.180218 0.180233 0.123548 0.0582011 0.0193448 0.00590412 0.00456933 0.00759576 0.0125235 0.0181911 0.0232063 0.0261895 0.0265016 0.0245952 0.0216445 0.0187673 0.0164651 0.0146175 0.0128544
 1.00742e-16 7.77657e-05 0.00075591 0.00502329 0.0228351 0.0710486 0.151377 0.22094 0.220944 0.151397 0.071117 0.0230328 0.00551975 0.00184047 0.00213983 0.00342054 0.00493424 0.00623553 0.00692819 0.00683201 0.00608373 0.00503787 0.0040467 0.00329223 0.00276823 0.0023729
 1.01692e-16 3.59443e-05 0.000349392 0.00232183 0.0105548 0.03284 0.0699711 0.102136 0.102187 0.0702214 0.0336804 0.0129809 0.00840766 0.0136211 0.0252011 0.0414999 0.0595305 0.0743382 0.0808976 0.0768917 0.0641201 0.0473431 0.0315266 0.0196031 0.0120231 0.00771812
 1.01611e-16 7.53874e-05 0.000732793 0.00486967 0.0221368 0.0688758 0.146747 0.214183 0.214186 0.146765 0.0689359 0.0223112 0.00531028 0.00170439 0.00194905 0.00317673 0.00474023 0.00631612 0.00761643 0.00848687 0.00895527 0.00913735 0.00909002 0.00875453 0.00803285 0.00691066
 1.02178e-16 5.34193e-05 0.000519255 0.00345063 0.0156861 0.0488054 0.103986 0.151777 0.151808 0.104138 0.0493135 0.0171531 0.00713079 0.00854543 0.0152743 0.0251092 0.0360321 0.0450355 0.0490996 0.0468493 0.0393961 0.0296262 0.0205199 0.013791 0.00962286 0.00727665
 1.04488e-16 5.48559e-05 0.000533219 0.00354343 0.0161079 0.0501179 0.106782 0.155856 0.155877 0.106885 0.0504645 0.0171106 0.00606585 0.00605805 0.0106012 0.0175783 0.0256395 0.0329102 0.0374879 0.038448 0.0363135 0.0325518 0.0285477 0.0249076 0.0215137 0.0180434
 1.04285e-16 6.34378e-05 0.000616638 0.00409778 0.0186279 0.0579584 0.123487 0.180236 0.180251 0.12356 0.0582024 0.0193335 0.00587131 0.00449665 0.00745715 0.0122936 0.0178595 0.0227917 0.0257449 0.0261057 0.0243342 0.0215938 0.0189769 0.0169488 0.0153443 0.0137476
 1.031e-16 6.41146e-05 0.000623216 0.00414149 0.0188266 0.0585767 0.124805 0.182159 0.182176 0.124885 0.0588476 0.0196093 0.00610705 0.00491701 0.00822766 0.013524 0.0195317 0.0246818 0.027421 0.0270382 0.0240782 0.0199492 0.0160502 0.0131038 0.0110822 0.00957412
 1.07071e-16 3.06517e-05 0.000297946 0.00197996 0.00900063 0.0280046 0.0596684 0.0870977 0.087145 0.0598995 0.0287805 0.0112427 0.00761079 0.0125998 0.0234227 0.0387487 0.0559907 0.0707759 0.07865 0.0775417 0.0689562 0.0568648 0.0452359 0.0361569 0.0296407 0.0246576
 1.06708e-16 6.4047e-05 0.00062256 0.00413713 0.0188068 0.058515 0.124673 0.181965 0.181973 0.124713 0.0586497 0.0191981 0.0051271 0.00280925 0.0042922 0.00719161 0.0108153 0.0145699 0.0178749 0.0204398 0.0223526 0.0238424 0.0249329 0.0253221 0.0245887 0.0225246
 1.06043e-16 5.55844e-05 0.0005403 0.00359049 0.0163218 0.0507834 0.1082 0.157927 0.157951 0.10832 0.0511838 0.0174782 0.00649321 0.00687736 0.0120926 0.0199102 0.0286977 0.0361492 0.0399717 0.0391541 0.0345916 0.0284883 0.0230187 0.0192784 0.0171358 0.0157896
 1.09086e-16 4.01601e-05 0.00039037 0.00259415 0.0117926 0.0366915 0.0781763 0.114108 0.114141 0.0783402 0.0372421 0.0133846 0.00659643 0.00914807 0.0167334 0.0277593 0.0403567 0.0515308 0.0582331 0.059036 0.0549143 0.048434 0.0420483 0.0368767 0.0326941 0.0287379
 1.06665e-16 6.35789e-05 0.00061801 0.00410689 0.0186693 0.0580873 0.123762 0.180636 0.180647 0.123815 0.0582659 0.0191867 0.00541084 0.00348234 0.00555605 0.00922331 0.0136078 0.0178061 0.0209367 0.0225977 0.0230585 0.0229614 0.0227862 0.0225352 0.0218432 0.0203382
 1.04807e-16 5.99098e-05 0.000582345 0.00386989 0.017592 0.0547352 0.11662 0.170214 0.170235 0.116719 0.0550687 0.0185552 0.0062881 0.00586302 0.0100942 0.0166083 0.0239586 0.030221 0.0334862 0.0329012 0.0291847 0.0241346 0.0195289 0.0162707 0.0142762 0.0129326
 1.08911e-16 3.21045e-05 0.000312067 0.0020738 0.00942721 0.0293318 0.0624961 0.0912238 0.0912668 0.062706 0.0300368 0.011465 0.00719402 0.0115065 0.0213421 0.0353621 0.0512421 0.0650777 0.0728888 0.0728195 0.0661845 0.0564461 0.0469982 0.039524 0.0338942 0.0291488
 1.16548e-16 3.98656e-05 0.000387508 0.00257513 0.0117062 0.0364223 0.0776024 0.113267 0.113287 0.0776992 0.0367485 0.0126525 0.00496688 0.00566313 0.0102196 0.0172534 0.025841 0.0345848 0.0420517 0.0475574 0.0514185 0.0543722 0.0566855 0.0577746 0.0566287 0.0525951
pSPR Fmed_Fpbrs
0.659791   0.210962 0.210962
Fs Fmed_Fpbrs
0.222983   1.005 1.005
SSBpbr Bo_Bmed_Bpbrs
2.00594e+06  1.22321e+06  322882 322882
Ro
182859
SPR SPRFo_SPRFmed_SPRFpbrs
1.30166e+06 858825 274602
Fref
1.005
log_Ro
11.9365
likeval ReclasPelacesDesembMPH_pf_preclas_ppelaces_ptallas_desvR_qrecl_qpela
 14.352 16.7658 0.0712469 0.00290339 228.734 105.595 76.719 0 22.9838 1.98879e-06 0 0.364093 0 0 0
q_reclas_q_pelaces
0.818864 1
M
1
N
 203625 46100.1 157753 9163.47 0.296593
 116347 67765.5 14998.2 51247.3 2976.69
 116087 35669.5 19936.7 4400.63 15907.7
 199000 35761.9 10556.3 5884.79 5993.58
 159709 56069.2 9486.5 2789.24 3137.9
 269911 53725.2 18483.7 3123.17 1951.21
 113046 83288.3 15932.5 5467.22 1500.72
 52412.9 28336.5 19143.1 3641.26 1591.99
 49115.8 18147 9677.41 6531.83 1785.56
 65204.3 14273.7 5000.04 2657.15 2283.29
 120056 17660.7 3607.51 1258 1242.7
 155388 40979.7 5927.12 1209.38 838.282
 129887 40835.8 9980.85 1436.43 496.115
 90521.1 34888.8 10216.1 2485.39 481.115
 90931.4 19760.6 6768.55 1966.75 570.86
 483804 23420.9 4695.58 1599.93 599.661
 104282 131960 5970.4 1191.71 558.11
 750315 31621.1 38303 1728.04 506.382
 434604 227296 9167.57 11073 645.848
 354225 121149 59508.6 2390.36 3054.92
 495283 102314 33130.3 16215.7 1483.51
 658788 151408 29995.2 9686.27 5173.94
 141334 191025 41603.2 8213.04 4068.11
 413120 45198.7 59186 12863.5 3796.83
 350049 134442 14307 18700.6 5263.53
 157069 113740 42474.8 4511.79 7556.46
 353664 52271.1 37003.6 13798.1 3920.09
 390572 115334 16588 11722.1 5612.26
 111783 129903 37495.3 5384.78 5626.59
 86773.3 37185.8 42241.6 12174.5 3575.05
pred_Ctot
 12376.5 3403.74 11780.6 684.719 0.022163
 12438.6 8736.63 1954.81 6683.25 388.207
 12105.9 4487.6 2535.79 560.048 2024.56
 30095 6474.97 1931.33 1077.25 1097.2
 8703.95 3715.54 635.869 187.073 210.464
 27900.5 6700.96 2330.73 394.05 246.192
 23487.1 20519.9 3964.02 1360.95 373.585
 1959.3 1291.42 882.612 167.987 73.4478
 6647.26 2948.09 1588.9 1073.04 293.337
 11144.7 2911.22 1030.26 547.803 470.742
 5508.59 986.636 203.872 71.137 70.274
 28833.1 9051.35 1322.37 269.963 187.13
 22728.4 8521.1 2103.96 302.963 104.64
 24265.5 10972.5 3242.42 789.201 152.775
 17741.5 4581.84 1585.1 460.828 133.761
 81023.5 4683.21 948.597 323.391 121.212
 11769.1 17942.2 820.618 163.892 76.7572
 85067.9 4318.82 5288.38 238.722 69.9567
 68073 42585.1 1735.49 2097.35 122.335
 49065.7 20132.9 9994.3 401.679 513.366
 53721.9 13379.6 4379.82 2144.95 196.239
 89924.9 24803.6 4966.08 1604.58 857.113
 11810.3 19321.4 4255.11 840.512 416.339
 30435 4036.78 5345.73 1162.53 343.148
 26098.8 12150.1 1307.58 1710.14 481.357
 9547.96 8398.9 3172.31 337.174 564.726
 25633.6 4593.81 3288.82 1227.08 348.629
 23874.4 8563.53 1245.73 880.838 421.738
 6820.55 9627.98 2810.78 403.905 422.057
 7509.39 3893.38 4472.1 1289.67 378.723
F
 0.100228 0.122887 0.124367 0.124446 0.12445
 0.18228 0.223488 0.226179 0.226323 0.22633
 0.177457 0.217574 0.220194 0.220334 0.220341
 0.266716 0.327012 0.33095 0.33116 0.331171
 0.089473 0.1097 0.111021 0.111091 0.111095
 0.175783 0.215522 0.218117 0.218255 0.218263
 0.383639 0.470368 0.476032 0.476334 0.47635
 0.0606471 0.0743575 0.0752529 0.0753006 0.0753031
 0.235762 0.28906 0.292541 0.292726 0.292736
 0.306183 0.375401 0.379921 0.380162 0.380175
 0.0748782 0.0918059 0.0929114 0.0929703 0.0929734
 0.336367 0.412409 0.417375 0.417639 0.417653
 0.314496 0.385594 0.390237 0.390485 0.390498
 0.521894 0.639878 0.647584 0.647994 0.648016
 0.356478 0.437066 0.442329 0.44261 0.442625
 0.299179 0.366814 0.371231 0.371466 0.371479
 0.193277 0.236971 0.239825 0.239977 0.239985
 0.194241 0.238152 0.24102 0.241173 0.241181
 0.277416 0.340131 0.344227 0.344445 0.344457
 0.241887 0.29657 0.300141 0.300332 0.300342
 0.18515 0.227007 0.22974 0.229886 0.229894
 0.237998 0.291803 0.295316 0.295504 0.295513
 0.140057 0.171719 0.173787 0.173897 0.173903
 0.122602 0.150318 0.152128 0.152225 0.15223
 0.124156 0.152224 0.154057 0.154154 0.154159
 0.100241 0.122903 0.124383 0.124462 0.124466
 0.120517 0.147762 0.149541 0.149636 0.149641
 0.100823 0.123616 0.125105 0.125184 0.125188
 0.100633 0.123383 0.124868 0.124948 0.124952
 0.14536 0.178222 0.180368 0.180482 0.180488
nmprior
 8 8 7 0
nm_flota  nm_reclas  nm_pelaces    nm_pelaL
inf 11.8544 16.3736 28.6399
cv_recla  cv_pelaces  cv_mph
0.350737 0.481812 1.66287
 ------------------------------------------------
Talla a la edad & desviación 
 8 13.2811 15.8009 17.003 17.5766
 0.8 1.32811 1.58009 1.7003 1.75766
