years
 1991 1992 1993 1994 1995 1996 1997 1998 1999 2000 2001 2002 2003 2004 2005 2006 2007 2008 2009 2010 2011 2012 2013 2014 2015 2016 2017 2018 2019 2020
reclasobs
 0 0 0 0 0 0 0 0 0 252601 567819 844713 477998 351125 339783 2.1784e+06 2.13404e+06 4.81314e+06 1.55562e+06 2.62356e+06 3.21686e+06 3.843e+06 1.13348e+06 3.07943e+06 1.97215e+06 2.03268e+06 2.025e+06 2.42433e+06 2.27542e+06 1.05018e+06
reclaspred
 3.31997e+06 1.88643e+06 959025 1.00679e+06 1.03647e+06 1.59625e+06 1.07407e+06 966549 702863 515699 533353 656094 647994 519226 523098 1.22209e+06 1.21677e+06 2.64615e+06 2.20632e+06 1.70013e+06 2.98541e+06 2.3975e+06 1.93859e+06 2.96374e+06 2.23919e+06 1.98846e+06 2.33675e+06 2.43162e+06 2.00887e+06 1.30685e+06
pelacesobs
 0 0 0 0 0 0 0 0 0 0 0 0 0 0 0 552880 188675 0 991730 2.46772e+06 1.41603e+06 1.21717e+06 2.29649e+06 1.80582e+06 0 1.4828e+06 1.56532e+06 1.57751e+06 1.42118e+06 867257
pelacespred
 2.11762e+06 1.34746e+06 691681 576718 613581 963614 643135 673216 487969 341912 354505 366579 395024 336610 342261 650542 672081 1.6093e+06 1.43318e+06 1.03137e+06 1.70522e+06 1.52739e+06 1.23661e+06 1.99721e+06 1.50168e+06 1.32276e+06 1.73e+06 1.78308e+06 1.2537e+06 919965
mphobs
 0 0 0 0 0 0 0 0 0 0 0 498337 0 5186 125008 0 168611 109162 213762 579715 649985 157893 87575 83554 0 0 0 0 0 0
mphpred
 504555 338737 172004 93909.4 110680 126995 166464 112500 98053.6 68959.7 45795.6 62980.6 66835.9 57657.7 41035.3 50511.3 141919 139704 264507 204409 226174 274574 257953 216314 298428 247077 204548 216408 294317 202661
desembarqueobs
 494567 514787 250237 358949 120608 361735 552515 73892 212993 205616 52469 317467 293654 387597 252695 516296 358380 742168 942051 627588 828172 859565 418607 520667 417249 300574 407403 355545 319650 289779
desembarquepred
 494574 513236 251066 358970 120612 361750 552573 73895.4 213036 205657 52471.2 317534 293710 387658 252702 516289 358411 742108 941946 627508 828246 859607 418620 520690 417253 300580 407408 355538 319649 289791
Reclutas
 223432 128753 126792 246389 197579 318809 135003 64226.2 57424.2 74102.1 132310 168255 141811 99272.7 100943 505101 119258 786454 464413 372689 528110 704156 156426 451048 380942 172804 381566 417538 125835 100051
log_desv_Rt
 0.0921743 -0.459041 -0.474384 0.189977 -0.0307946 0.447658 -0.411635 -1.15452 -1.26647 -1.01149 -0.431788 -0.191456 -0.362441 -0.719065 -0.702375 0.907823 -0.535646 1.3506 0.823839 0.603809 0.952369 1.24007 -0.26435 0.794639 0.625712 -0.164776 0.627349 0.717441 -0.481962 -0.711258
SSB
 4.02103e+06 2.69956e+06 1.37078e+06 748408 882060 1.01208e+06 1.32663e+06 896564 781436 549572 364967 501922 532647 459501 327029 402548 1.13102e+06 1.11337e+06 2.10798e+06 1.62903e+06 1.80249e+06 2.18821e+06 2.05575e+06 1.72391e+06 2.37832e+06 1.96907e+06 1.63014e+06 1.72466e+06 2.34555e+06 1.6151e+06
BT
 5.33523e+06 3.63921e+06 1.8596e+06 1.67961e+06 1.54324e+06 2.62292e+06 1.9999e+06 1.65883e+06 1.36308e+06 1.0085e+06 896516 1.14464e+06 1.21185e+06 1.21275e+06 1.08285e+06 2.01279e+06 1.8617e+06 4.5764e+06 4.31706e+06 3.00172e+06 4.77331e+06 4.43835e+06 3.27045e+06 5.31393e+06 3.91867e+06 3.3883e+06 4.58629e+06 4.64876e+06 3.17988e+06 2.43406e+06
Ftot
 0.105417 0.19016 0.184151 0.261607 0.0850612 0.16855 0.359129 0.0555788 0.218373 0.285222 0.0745494 0.351158 0.328382 0.534041 0.36001 0.323504 0.210593 0.213411 0.308103 0.268076 0.204447 0.262335 0.15413 0.132551 0.135255 0.109254 0.130921 0.110576 0.11217 0.157841
BD_Bspro_t
 0.983275 0.875557 0.741581 0.663651 0.668918 0.736002 0.728438 0.597637 0.648434 0.613756 0.583641 0.735881 0.6266 0.543551 0.444527 0.496616 0.634746 0.618855 0.69976 0.612977 0.592268 0.635257 0.647851 0.645204 0.740521 0.748493 0.756125 0.787732 0.824392 0.766667
BD_Bspro
 2.7723 1.86121 0.945086 0.51599 0.608136 0.697781 0.914644 0.618136 0.538761 0.378902 0.251626 0.34605 0.367233 0.316803 0.22547 0.277537 0.779778 0.767611 1.45335 1.12313 1.24272 1.50866 1.41733 1.18855 1.63973 1.35758 1.1239 1.18906 1.61714 1.11353
BD_Bo
 1.83995 1.23527 0.627246 0.342458 0.403615 0.463112 0.607042 0.410252 0.357571 0.251475 0.167002 0.229671 0.24373 0.21026 0.149643 0.184199 0.517533 0.509458 0.964574 0.745415 0.824786 1.00129 0.940673 0.788829 1.08828 0.901013 0.745923 0.789172 1.07328 0.739041
BD_Brms
 12.3306 8.27828 4.20355 2.29502 2.70487 3.10359 4.06815 2.74934 2.3963 1.68528 1.11918 1.53916 1.63338 1.40908 1.00285 1.23443 3.4683 3.41418 6.46419 4.99547 5.52738 6.71021 6.30401 5.28641 7.29319 6.03822 4.99888 5.28871 7.19272 4.95276
Sel_flota
 0.857712 1 1 1 1
 0.857712 1 1 1 1
 0.857712 1 1 1 1
 0.857712 1 1 1 1
 0.857712 1 1 1 1
 0.857712 1 1 1 1
 0.857712 1 1 1 1
 0.857712 1 1 1 1
 0.857712 1 1 1 1
 0.857712 1 1 1 1
 0.857712 1 1 1 1
 0.857712 1 1 1 1
 0.857712 1 1 1 1
 0.857712 1 1 1 1
 0.857712 1 1 1 1
 0.857712 1 1 1 1
 0.857712 1 1 1 1
 0.857712 1 1 1 1
 0.857712 1 1 1 1
 0.857712 1 1 1 1
 0.857712 1 1 1 1
 0.857712 1 1 1 1
 0.857712 1 1 1 1
 0.857712 1 1 1 1
 0.857712 1 1 1 1
 0.857712 1 1 1 1
 0.857712 1 1 1 1
 0.857712 1 1 1 1
 0.857712 1 1 1 1
 0.857712 1 1 1 1
Sel_reclas
 1 1 1 1 1
 1 1 1 1 1
 1 1 1 1 1
 1 1 1 1 1
 1 1 1 1 1
 1 1 1 1 1
 1 1 1 1 1
 1 1 1 1 1
 1 1 1 1 1
 1 1 1 1 1
 1 1 1 1 1
 1 1 1 1 1
 1 1 1 1 1
 1 1 1 1 1
 1 1 1 1 1
 1 1 1 1 1
 1 1 1 1 1
 1 1 1 1 1
 1 1 1 1 1
 1 1 1 1 1
 1 1 1 1 1
 1 1 1 1 1
 1 1 1 1 1
 1 1 1 1 1
 1 1 1 1 1
 1 1 1 1 1
 1 1 1 1 1
 1 1 1 1 1
 1 1 1 1 1
 1 1 1 1 1
Sel_pelaces
 0.923532 1 1 1 1
 0.923532 1 1 1 1
 0.923532 1 1 1 1
 0.923532 1 1 1 1
 0.923532 1 1 1 1
 0.923532 1 1 1 1
 0.923532 1 1 1 1
 0.923532 1 1 1 1
 0.923532 1 1 1 1
 0.923532 1 1 1 1
 0.923532 1 1 1 1
 0.923532 1 1 1 1
 0.923532 1 1 1 1
 0.923532 1 1 1 1
 0.923532 1 1 1 1
 0.923532 1 1 1 1
 0.923532 1 1 1 1
 0.923532 1 1 1 1
 0.923532 1 1 1 1
 0.923532 1 1 1 1
 0.923532 1 1 1 1
 0.923532 1 1 1 1
 0.923532 1 1 1 1
 0.923532 1 1 1 1
 0.923532 1 1 1 1
 0.923532 1 1 1 1
 0.923532 1 1 1 1
 0.923532 1 1 1 1
 0.923532 1 1 1 1
 0.923532 1 1 1 1
pf_obs 
 0.8446 0.082 0.0669 0.0065 0
 0.8095 0.147 0.0364 0.0071 0
 0.9664 0.0169 0.016 0.0007 0
 0.9276 0.0648 0.0075 0.0001 0
 0.7033 0.2144 0.0806 0.0017 0
 0.9318 0.0425 0.0243 0.0014 0
 0.5671 0.3108 0.0964 0.0239 0.0018
 0.0768 0.2599 0.5324 0.112 0.0189
 0.490249 0.384438 0.106611 0.0170017 0.00170017
 0.7925 0.1577 0.0466 0.003 0.0002
 0.840416 0.127587 0.0312969 0.00059994 9.999e-05
 0.8084 0.0986 0.0794 0.0134 0.0002
 0.7335 0.1905 0.0724 0.0035 0.0001
 0.4001 0.4547 0.1325 0.0127 0
 0.49795 0.308269 0.164784 0.0264974 0.00249975
 0.9179 0.0499 0.0305 0.0017 0
 0.2467 0.6533 0.0926 0.0074 0
 0.9418 0.0223 0.034 0.0019 0
 0.707729 0.231977 0.0356964 0.0245975 0
 0.517169 0.277429 0.184464 0.0207286 0.00020938
 0.811772 0.124168 0.05621 0.00726502 0.000585176
 0.764997 0.148141 0.077277 0.00933861 0.000247198
 0.163321 0.427699 0.378323 0.0303852 0.000271297
 0.753843 0.0900009 0.118128 0.0371064 0.000921714
 0.721811 0.176058 0.0630433 0.0369309 0.00215725
 0.143369 0.312575 0.442814 0.0836902 0.0175525
 0.692698 0.0596174 0.167031 0.0765114 0.00414204
 0.394062 0.376323 0.152708 0.0712218 0.00568511
 0.125707 0.32114 0.495352 0.0537591 0.00404204
 0.23352 0.215282 0.420074 0.123614 0.00750983
pf_pred 
 0.43811 0.112473 0.426051 0.0233652 7.51004e-07
 0.415643 0.279549 0.0610133 0.231119 0.0126753
 0.555405 0.203329 0.115419 0.0251908 0.100657
 0.762655 0.141618 0.0437796 0.0248513 0.0270968
 0.650943 0.276805 0.0431111 0.0133273 0.015814
 0.737207 0.180407 0.0653332 0.0101753 0.00687811
 0.472119 0.405618 0.083933 0.0303958 0.00793399
 0.439689 0.290365 0.207424 0.0429214 0.019601
 0.514632 0.23246 0.131062 0.0936248 0.0282207
 0.672704 0.182434 0.0693796 0.0391164 0.0363657
 0.791437 0.148209 0.0336414 0.0127938 0.0139191
 0.724675 0.224824 0.0358869 0.00814585 0.00646821
 0.672705 0.24868 0.0641951 0.0102469 0.00417282
 0.612989 0.275323 0.0848608 0.0219063 0.00492067
 0.716034 0.18724 0.0688115 0.0212093 0.00670487
 0.92405 0.0571173 0.0124179 0.00456363 0.00185129
 0.40764 0.554353 0.0285823 0.0062141 0.00321011
 0.893422 0.047916 0.0548983 0.00283054 0.000933291
 0.604535 0.359357 0.0162335 0.018599 0.00127515
 0.615386 0.248713 0.123492 0.0055786 0.00682971
 0.734086 0.174495 0.0591169 0.029353 0.00294934
 0.742306 0.197414 0.0395562 0.0134012 0.00732261
 0.336371 0.513982 0.114641 0.0229709 0.0120346
 0.743303 0.0961299 0.12436 0.0277378 0.00846969
 0.63233 0.284371 0.0311942 0.0403547 0.0117494
 0.444622 0.371971 0.141855 0.0155608 0.0259915
 0.734286 0.128888 0.0916407 0.0349482 0.0102371
 0.687322 0.239237 0.0356231 0.0253284 0.0124887
 0.359312 0.462061 0.136672 0.0203508 0.0216041
 0.450232 0.218592 0.238843 0.0706465 0.0216868
pobs_RECLAS
 0 0 0 0 0
 0 0 0 0 0
 0 0 0 0 0
 0 0 0 0 0
 0 0 0 0 0
 0 0 0 0 0
 0 0 0 0 0
 0 0 0 0 0
 0 0 0 0 0
 0 0 0 0 0
 0.991045 0.00858322 0.000360255 1.14367e-05 0
 0.934742 0.0480273 0.0164251 0.00080598 0
 0.827803 0.169806 0.00239088 0 0
 0.941827 0.0461693 0.0120037 0 0
 0.791401 0.0380133 0.147996 0.0225897 0
 0.846168 0.0940531 0.0597789 0 0
 0.134021 0.677848 0.182769 0.00536245 0
 0.80878 0.0450904 0.141981 0.00414843 0
 0.846168 0.0940531 0.0597789 0 0
 0.905697 0.0802665 0.012482 0.00150086 5.37128e-05
 0.989698 0.0102097 9.19794e-05 0 0
 0.975433 0.0193895 0.00387452 0.00125025 5.28907e-05
 0.303575 0.632131 0.0575291 0.00676475 0
 0.966965 0.00978017 0.0227588 0.000495775 0
 0.843318 0.132988 0.00938335 0.0141283 0.000182051
 0.564624 0.303363 0.111486 0.0197234 0.00080311
 0.826376 0.0876187 0.0782897 0.00655872 0.00115652
 0.89761 0.0855135 0.0140674 0.00269457 0.000114338
 0.34875 0.467042 0.161289 0.0227151 0.000203297
 0.318654 0.224769 0.449479 0.00709798 0
ppred_RECLAS
 0.476516 0.104786 0.39693 0.0217681 6.99671e-07
 0.45398 0.261209 0.0570106 0.215957 0.0118437
 0.593517 0.185899 0.105525 0.0230314 0.0920282
 0.789935 0.12534 0.0387476 0.0219948 0.0239822
 0.685193 0.249644 0.0388809 0.0120196 0.0142623
 0.766248 0.16047 0.058113 0.00905083 0.00611799
 0.511839 0.375098 0.0776175 0.0281087 0.007337
 0.47795 0.270537 0.19326 0.0399905 0.0182625
 0.553562 0.213815 0.12055 0.0861155 0.0259572
 0.706428 0.163637 0.062231 0.035086 0.0326187
 0.815782 0.130909 0.0297146 0.0113005 0.0122944
 0.755215 0.199886 0.0319061 0.00724227 0.00575072
 0.706589 0.222935 0.0575492 0.00918611 0.00374082
 0.650791 0.24843 0.0765719 0.0197665 0.00444003
 0.74723 0.16667 0.061252 0.0188793 0.00596828
 0.934443 0.0493014 0.0107186 0.00393914 0.00159796
 0.445881 0.518566 0.0267371 0.00581293 0.00300288
 0.907428 0.041619 0.0476837 0.00245856 0.00081064
 0.641633 0.325647 0.0147107 0.0168543 0.00115553
 0.651892 0.225106 0.111771 0.0050491 0.00618146
 0.763463 0.155217 0.052586 0.0261102 0.00262351
 0.771226 0.175259 0.0351169 0.0118972 0.00650081
 0.371923 0.486447 0.1085 0.0217403 0.0113899
 0.771786 0.0854634 0.110561 0.0246601 0.00752989
 0.667629 0.25707 0.0281993 0.0364804 0.0106213
 0.483122 0.346185 0.132022 0.0144821 0.0241897
 0.763447 0.114743 0.0815836 0.0311128 0.00911359
 0.719611 0.214532 0.0319445 0.0227128 0.011199
 0.395698 0.43582 0.12891 0.019195 0.0203772
 0.488965 0.203191 0.222016 0.0656692 0.0201589
pobs_PELACES
 0 0 0 0 0
 0 0 0 0 0
 0 0 0 0 0
 0 0 0 0 0
 0 0 0 0 0
 0 0 0 0 0
 0 0 0 0 0
 0 0 0 0 0
 0 0 0 0 0
 0 0 0 0 0
 0 0 0 0 0
 0 0 0 0 0
 0 0 0 0 0
 0 0 0 0 0
 0 0 0 0 0
 0 0 0 0 0
 0.505614 0.472636 0.0217494 0 0
 0 0 0 0 0
 0.443492 0.261883 0.143347 0.151278 0
 0.227955 0.32914 0.350689 0.0885471 0.00366901
 0.970185 0.0296113 0.000203453 0 0
 0.997202 0.00247181 0.000326279 0 0
 0.445219 0.490057 0.0546422 0.010081 0
 0.90214 0.0892962 0.00764917 0.000914606 0
 0 0 0 0 0
 0.581667 0.319106 0.0959925 0.00289975 0.000334073
 0.762889 0.0836404 0.116647 0.0363945 0.000428098
 0.88444 0.0763242 0.0277011 0.0115352 0
 0.521256 0.241999 0.230069 0.00667565 0
 0.616807 0.101726 0.260614 0.0208532 0
ppred_PELACES
 0.457948 0.108502 0.411009 0.0225402 7.24488e-07
 0.436538 0.269553 0.0588317 0.222855 0.0122221
 0.576304 0.193771 0.109993 0.0240067 0.0959251
 0.778556 0.13213 0.0408466 0.0231863 0.0252814
 0.668672 0.262745 0.0409214 0.0126504 0.0150107
 0.753174 0.169445 0.0613635 0.00955707 0.00646019
 0.49617 0.387138 0.0801089 0.0290109 0.00757251
 0.458794 0.280464 0.200351 0.0414579 0.0189326
 0.53638 0.222045 0.125189 0.0894298 0.0269562
 0.692523 0.171387 0.0651785 0.0367479 0.0341637
 0.804077 0.139226 0.0316025 0.0120184 0.0130756
 0.743371 0.209558 0.03345 0.0075927 0.00602898
 0.69312 0.233169 0.0601911 0.00960781 0.00391255
 0.638312 0.257308 0.0793082 0.0204729 0.0045987
 0.735216 0.174592 0.0641634 0.0197766 0.00625196
 0.930388 0.0523506 0.0113816 0.00418277 0.00169679
 0.428742 0.534606 0.0275641 0.00599273 0.00309576
 0.90142 0.0443203 0.0507786 0.00261813 0.000863254
 0.626534 0.339367 0.0153305 0.0175644 0.00120422
 0.636546 0.23503 0.116698 0.00527169 0.00645396
 0.750599 0.163659 0.0554458 0.0275302 0.00276619
 0.759148 0.184512 0.0369709 0.0125253 0.00684402
 0.355193 0.499404 0.11139 0.0223194 0.0116933
 0.758614 0.090396 0.116942 0.0260833 0.00796449
 0.651192 0.269783 0.0295939 0.0382845 0.0111466
 0.46457 0.35861 0.13676 0.0150019 0.0250579
 0.749936 0.121297 0.0862434 0.0328899 0.00963414
 0.704366 0.226197 0.0336813 0.0239478 0.0118079
 0.37808 0.448526 0.132668 0.0197546 0.0209713
 0.470961 0.21035 0.229837 0.0679827 0.0208691
pobs_pel_tallas
 0 0 0 0 0 0 0 0 0 0 0 0 0 0 0 0 0 0 0 0 0 0 0 0 0 0
 0 0 0 0 0 0 0 0 0 0 0 0 0 0 0 0 0 0 0 0 0 0 0 0 0 0
 0 0 0 0 0 0 0 0 0 0 0 0 0 0 0 0 0 0 0 0 0 0 0 0 0 0
 0 0 0 0 0 0 0 0 0 0 0 0 0 0 0 0 0 0 0 0 0 0 0 0 0 0
 0 0 0 0 0 0 0 0 0 0 0 0 0 0 0 0 0 0 0 0 0 0 0 0 0 0
 0 0 0 0 0 0 0 0 0 0 0 0 0 0 0 0 0 0 0 0 0 0 0 0 0 0
 0 0 0 0 0 0 0 0 0 0 0 0 0 0 0 0 0 0 0 0 0 0 0 0 0 0
 0 0 0 0 0 0 0 0 0 0 0 0 0 0 0 0 0 0 0 0 0 0 0 0 0 0
 0 0 0 0 0 0 0 0 0 0 0 0 0 0 0 0 0 0 0 0 0 0 0 0 0 0
 0 0 0 0 0 0 0 0 0 0 0 0 0 0 0 0 0 0 0 0 0 0 0 0 0 0
 0 0 0 0 0 0 0 0 0 0 0 0 0 0 0 0 0 0 0 0 0 0 0 0 0 0
 0 0 0 0 0 0 0 0 0 0 0 0 0 0 0 0 0 0 0 0 0 0 0 0 0 0
 0.00862536 0 0 0.000197151 0.00414017 0.0128641 0.00837892 0.0270097 0.101434 0.158115 0.152841 0.127902 0.109271 0.109419 0.0830992 0.0579132 0.0238553 0.00714673 0.00463305 0.00128148 0.00103504 0.000492878 0.000147863 0.000147863 4.92878e-05 0
 0 0 0 0 0 0 0 0 0 0 0 0 0 0 0 0 0 0 0 0 0 0 0 0 0 0
 0 0 0 0 0 0 0 0.0054083 0.00873648 0.0413646 0.0450493 0.0745869 0.0622846 0.0627006 0.0613931 0.0827291 0.12552 0.122667 0.0946155 0.0697135 0.0546179 0.0294188 0.0215738 0.0213955 0.0102223 0.00600262
 0 0 0 0 0.00359764 0.0251062 0.0480494 0.140153 0.205849 0.193036 0.1447 0.116669 0.0760912 0.0342217 0.00950174 0.001854 0.000860785 0 0 0 0.000165536 0 0.000143464 0 0 0
 0 0 0 0 0 0 0 0.000145254 0.000435761 0.0275982 0.070085 0.0708112 0.156366 0.174668 0.174014 0.160142 0.0824315 0.0480064 0.0283245 0.00493863 0.00203355 0 0 0 0 0
 0 0 0 0 0 0 0 0 0 0 0 0 0 0 0 0 0 0 0 0 0 0 0 0 0 0
 0 0 1.00437e-05 0.000401748 0.00122533 0.00171747 0.00176769 0.0269171 0.070346 0.194647 0.189555 0.159765 0.064822 0.0314167 0.0384472 0.0292271 0.0345202 0.0313363 0.0194345 0.0106764 0.0143323 0.0359363 0.0279516 0.0138201 0.00172751 0
 0 0.0021121 0.0136068 0.0755702 0.200478 0.177729 0.0527432 0.0373336 0.0318909 0.0142505 0.0149659 0.0166563 0.0217959 0.0798694 0.0677717 0.0528807 0.04013 0.0224614 0.0357745 0.0225083 0.00881397 0.00855152 0.00135912 0.000746735 0 0
 0 0 0 0 5.4009e-05 0.00500934 0.000945158 0.0243581 0.138947 0.33067 0.221406 0.137944 0.0707744 0.0437923 0.0131692 0.00525238 0.0047753 0.00276346 9.45158e-05 9.00151e-06 2.25038e-05 9.00151e-06 4.50075e-06 0 0 0
 0.000866109 0.00284123 0.00948549 0.0512746 0.133035 0.25785 0.225252 0.132002 0.0553304 0.0519788 0.0540692 0.017754 0.00435017 0.00159236 0.00146478 0.000404838 0.000125132 0.000115318 0.000107957 0.000100596 0 0 0 0 0 0
 0 0 0 0 0.00144013 0.00171154 0.00461396 0.0210425 0.0478622 0.0707936 0.0888783 0.103762 0.0637923 0.0337046 0.0602308 0.124433 0.169614 0.0934646 0.0462172 0.0250306 0.0313229 0.00938855 0.002487 0.000210481 0 0
 0 0.00764035 0.051015 0.0998891 0.058973 0.0496711 0.0374665 0.0718981 0.12319 0.153886 0.159021 0.0857701 0.0377988 0.023471 0.0147837 0.00900784 0.00315554 0.000888139 0.00291439 0.00214683 0.00393193 0.00274676 0.000635225 9.99891e-05 0 0
 0 0 0 0 0 0 0 0 0 0 0 0 0 0 0 0 0 0 0 0 0 0 0 0 0 0
 0 0 0 0 0 0 0 0 0 0 0 0 0 0 0 0 0 0 0 0 0 0 0 0 0 0
 0 0 0 0 0 0 0 0 0 0 0 0 0 0 0 0 0 0 0 0 0 0 0 0 0 0
 0 0 0 0 0 0 0 0 0 0 0 0 0 0 0 0 0 0 0 0 0 0 0 0 0 0
 0 0 0 0 0 0 0 0 0 0 0 0 0 0 0 0 0 0 0 0 0 0 0 0 0 0
 0 0 0 0 0 0 0 0 0 0 0 0 0 0 0 0 0 0 0 0 0 0 0 0 0 0
ppred_pel_tallas
 1.1415e-16 3.77206e-05 0.000366658 0.00243657 0.0110763 0.0344625 0.0734265 0.10717 0.107182 0.0734809 0.034647 0.0116169 0.00382318 0.00349137 0.00625782 0.011029 0.0176098 0.025728 0.0349933 0.0450079 0.0552181 0.0645513 0.071284 0.0735223 0.0701292 0.0614516
 1.26185e-16 3.59571e-05 0.000349516 0.00232266 0.0105585 0.0328515 0.0699945 0.102165 0.102191 0.0701221 0.0332801 0.0117981 0.00544084 0.0071794 0.0130784 0.0217638 0.0318522 0.0412087 0.0477858 0.0509057 0.0517585 0.0525544 0.0549354 0.0588636 0.0627108 0.0642946
 1.21865e-16 4.74694e-05 0.00046142 0.0030663 0.013939 0.0433694 0.0924037 0.13487 0.134889 0.0924958 0.043679 0.0148353 0.00532403 0.00541637 0.0095366 0.015902 0.0234122 0.0305494 0.0358328 0.0386899 0.0398108 0.0405947 0.0421193 0.0444446 0.0466851 0.0476264
 1.07817e-16 6.41286e-05 0.000623353 0.0041424 0.0188308 0.0585896 0.124832 0.182198 0.182211 0.124894 0.0587995 0.0194377 0.0056682 0.00396232 0.00642997 0.0105949 0.0154175 0.0197427 0.0224537 0.0230808 0.0220862 0.0205225 0.0193342 0.0188478 0.0187575 0.0184791
 1.05058e-16 5.50777e-05 0.000535375 0.00355775 0.0161731 0.0503205 0.107214 0.156487 0.156513 0.107338 0.0507362 0.0173739 0.00657247 0.0071184 0.0125632 0.0206981 0.0298504 0.0376265 0.0416298 0.0407725 0.0359257 0.029318 0.0231809 0.0186919 0.0158294 0.0139189
 1.03866e-16 6.2038e-05 0.000603031 0.00400736 0.0182169 0.0566795 0.120762 0.17626 0.176276 0.120842 0.0569487 0.0189952 0.00596397 0.004884 0.00822072 0.0135665 0.0197103 0.025149 0.0283839 0.0287117 0.026606 0.0233226 0.020066 0.0173936 0.0152096 0.013159
 1.06602e-16 4.08689e-05 0.000397261 0.00263994 0.0120008 0.0373391 0.0795564 0.116123 0.11616 0.0797389 0.0379523 0.0137724 0.00708916 0.0101176 0.0185243 0.0306201 0.0442487 0.0559496 0.062218 0.0614416 0.054838 0.0455654 0.0367549 0.0300134 0.0252726 0.0216258
 1.13216e-16 3.77903e-05 0.000367336 0.00244108 0.0110968 0.0345264 0.0735631 0.107373 0.107401 0.0736966 0.0349754 0.012397 0.00571767 0.00756268 0.0138281 0.0231286 0.0340825 0.0444743 0.052034 0.0556778 0.0560203 0.0546596 0.0528719 0.0508356 0.0478852 0.0433467
 1.172e-16 4.4181e-05 0.000429455 0.00285388 0.0129733 0.040365 0.0860026 0.125528 0.125549 0.0861081 0.0407198 0.0140007 0.00544198 0.00611002 0.0109244 0.0182355 0.0268526 0.0350373 0.0410681 0.0442313 0.0452146 0.0454774 0.0461055 0.0470866 0.0474778 0.0461626
 1.11392e-16 5.70422e-05 0.000554471 0.00368465 0.0167499 0.0521153 0.111038 0.162066 0.162083 0.111119 0.052388 0.0175387 0.00566882 0.00490006 0.00835256 0.0138323 0.0201964 0.0259994 0.0298272 0.0310889 0.0303693 0.0289756 0.0280353 0.0278595 0.0279605 0.0275406
 1.04366e-16 6.62308e-05 0.000643787 0.00427819 0.019448 0.0605102 0.128924 0.188171 0.188184 0.128989 0.0607308 0.0200857 0.00587997 0.00414457 0.00672715 0.0110496 0.0159909 0.0202835 0.0226882 0.0226522 0.0206351 0.0177779 0.0151835 0.0133731 0.0122357 0.0113471
 1.02801e-16 6.12305e-05 0.000595182 0.0039552 0.0179798 0.0559418 0.119191 0.173967 0.173987 0.119289 0.0562733 0.0189374 0.00635938 0.00584471 0.0100345 0.0165016 0.0237876 0.0299615 0.0330975 0.0323091 0.0282702 0.0227433 0.0175093 0.0135347 0.0108574 0.00901167
 1.03423e-16 5.70914e-05 0.000554949 0.00368783 0.0167644 0.0521602 0.111134 0.162208 0.16223 0.111244 0.0525299 0.0178325 0.00637103 0.00641926 0.0112145 0.0185018 0.0267686 0.0339154 0.0378309 0.0375268 0.0336938 0.0281723 0.0227895 0.0184886 0.0152607 0.0126445
 1.05186e-16 5.2577e-05 0.000511067 0.00339622 0.0154387 0.0480358 0.102346 0.149383 0.149407 0.102468 0.0484442 0.0166192 0.00636273 0.00699849 0.0124072 0.0205173 0.0297591 0.0378607 0.0425306 0.0427008 0.03912 0.0337555 0.0285134 0.0243039 0.021007 0.0180614
 1.04938e-16 6.05588e-05 0.000588653 0.00391181 0.0177825 0.0553281 0.117883 0.172057 0.172074 0.117966 0.0556056 0.0185849 0.00592909 0.00500336 0.00847727 0.014004 0.0203682 0.026038 0.0294887 0.0300156 0.0281201 0.025091 0.0221382 0.0197768 0.0178334 0.0158744
 1.01049e-16 7.66349e-05 0.000744918 0.00495024 0.0225031 0.0700155 0.149176 0.217727 0.217732 0.1492 0.0700984 0.0227427 0.00555214 0.0020601 0.00257804 0.00415041 0.00599442 0.00758734 0.00845335 0.00837633 0.00752173 0.00631512 0.00517558 0.00431369 0.00371246 0.00324241
 1.02058e-16 3.5315e-05 0.000343274 0.00228118 0.0103699 0.032265 0.068746 0.100348 0.100399 0.0689973 0.0331088 0.0128059 0.00839203 0.0136706 0.0253087 0.041686 0.0598156 0.074733 0.0814018 0.0775008 0.0648325 0.0481599 0.0324425 0.0205952 0.013047 0.008715
 1.01886e-16 7.42488e-05 0.000721724 0.00479611 0.0218024 0.0678355 0.144531 0.210948 0.210952 0.144552 0.067907 0.0220099 0.00532022 0.00187681 0.00229993 0.00376787 0.00561347 0.00745916 0.00895926 0.00993055 0.0104134 0.0105601 0.0104562 0.0100464 0.0092186 0.007948
 1.02495e-16 5.16068e-05 0.000501637 0.00333355 0.0151539 0.0471495 0.100458 0.146629 0.146661 0.100618 0.0476851 0.0167004 0.00721318 0.00896335 0.0161 0.026478 0.0380064 0.0475239 0.0518528 0.0495467 0.0417754 0.0315732 0.0220675 0.0150477 0.010693 0.00821743
 1.05049e-16 5.24315e-05 0.000509653 0.00338683 0.015396 0.0479029 0.102063 0.148969 0.148991 0.102174 0.0482772 0.0164789 0.00611113 0.00647714 0.0114451 0.0189921 0.0277108 0.035587 0.0405711 0.0416676 0.0394398 0.0354653 0.0312273 0.0273657 0.0237409 0.0199977
 1.04871e-16 6.18259e-05 0.00060097 0.00399365 0.0181546 0.0564857 0.120349 0.175657 0.175673 0.120427 0.0567457 0.0189064 0.0058836 0.00473645 0.00794465 0.0131125 0.0190641 0.0243596 0.0275739 0.0280584 0.0263009 0.0235281 0.0208824 0.0188341 0.0171851 0.0154817
 1.03529e-16 6.25301e-05 0.000607815 0.00403914 0.0183614 0.0571291 0.12172 0.177658 0.177676 0.121807 0.0574213 0.0192056 0.00615928 0.00523952 0.00886918 0.0145907 0.0210773 0.0266446 0.029621 0.0292424 0.0260979 0.0217046 0.017566 0.0144521 0.0123227 0.0107244
 1.0756e-16 2.92569e-05 0.000284387 0.00188986 0.00859105 0.0267302 0.0569533 0.0831351 0.0831833 0.0571888 0.0275213 0.0108769 0.00763088 0.0128278 0.023883 0.0395197 0.05712 0.0722353 0.0803328 0.0793058 0.070686 0.0585094 0.0468005 0.0376626 0.0310877 0.0260151
 1.07362e-16 6.24861e-05 0.000607387 0.0040363 0.0183484 0.0570889 0.121634 0.17753 0.177539 0.121678 0.0572354 0.0187738 0.00511231 0.0029839 0.00465699 0.00781253 0.0117462 0.015817 0.019394 0.0221627 0.0242236 0.0258325 0.0270228 0.0274697 0.0267132 0.0245183
 1.06649e-16 5.36379e-05 0.000521379 0.00346475 0.0157503 0.0490051 0.104411 0.152397 0.152423 0.104538 0.0494317 0.0169825 0.00655791 0.0072745 0.0128819 0.0212212 0.0305942 0.0385519 0.0426554 0.0418306 0.0370321 0.0306045 0.0248567 0.0209439 0.0187136 0.0173023
 1.09784e-16 3.82661e-05 0.00037196 0.00247181 0.0112365 0.0349611 0.0744896 0.108727 0.108762 0.0746592 0.035531 0.0128845 0.00661533 0.00943958 0.0173248 0.0287522 0.0418164 0.0534278 0.0604398 0.0613796 0.0572533 0.0507041 0.0442491 0.039021 0.0347648 0.0306796
 1.07449e-16 6.17712e-05 0.000600438 0.00399012 0.0181385 0.0564358 0.120243 0.1755 0.175512 0.120301 0.0566301 0.0187013 0.00540853 0.00371641 0.00603745 0.010036 0.014812 0.0193914 0.0228195 0.0246624 0.0252148 0.0251736 0.0250553 0.0248523 0.0241559 0.0225506
 1.0543e-16 5.80178e-05 0.000563953 0.00374767 0.0170364 0.0530066 0.112937 0.164839 0.164861 0.113044 0.0533645 0.0180703 0.00634363 0.0062332 0.0108319 0.0178353 0.0257373 0.0324819 0.0360256 0.0354567 0.0315474 0.0262231 0.0213816 0.0179772 0.0159041 0.0144925
 1.09474e-16 3.1142e-05 0.000302711 0.00201163 0.00914459 0.0284524 0.0606225 0.0884894 0.0885328 0.0608344 0.029164 0.0112014 0.00717993 0.0116032 0.021546 0.0357099 0.0517647 0.0657807 0.0737515 0.0738105 0.0672824 0.057647 0.048304 0.0409208 0.035339 0.0305732
 1.17036e-16 3.87925e-05 0.000377077 0.00250581 0.0113911 0.0354419 0.0755136 0.110219 0.110239 0.0756144 0.0357816 0.0123763 0.00499541 0.00586647 0.010625 0.0179269 0.0268155 0.0358204 0.0434352 0.048946 0.0527037 0.0555215 0.0577368 0.0587942 0.0576641 0.0536507
pSPR Fmed_Fpbrs
0.695059   0.199218 0.199218
Fs Fmed_Fpbrs
0.186948   1.005 1.005
SSBpbr Bo_Bmed_Bpbrs
2.1854e+06  1.40971e+06  326101 326101
Ro
203758
SPR SPRFo_SPRFmed_SPRFpbrs
1.45043e+06 1.00814e+06 288952
Fref
1.005
log_Ro
12.0447
likeval ReclasPelacesDesembMPH_pf_preclas_ppelaces_ptallas_desvR_qrecl_qpela
 16.3614 17.0755 0.101539 0.000801773 229.174 106.352 76.8228 0 21.3412 5.05074e-06 0 0.517442 0 0 0
q_reclas_q_pelaces
0.727265 1
M
1
N
 223432 49502.5 187517 10283.6 0.330537
 128753 75090.3 16388.9 62081.6 3404.74
 126792 40237.2 22840.4 4985.07 19919.1
 246389 39829.3 12312.8 6989.3 7620.84
 197579 72423.3 11279.6 3486.97 4137.57
 318809 67571.2 24470.5 3811.16 2576.19
 135003 101497 21002.3 7605.84 1985.3
 64226.2 36498.5 26072.9 5395.16 2463.81
 57424.2 22527.6 12701.1 9073.12 2734.85
 74102.1 17516.9 6661.65 3755.86 3491.75
 132310 21344.8 4844.98 1842.54 2004.61
 168255 45659.2 7288.2 1654.33 1313.62
 141811 45800.1 11823 1887.21 768.52
 99272.7 39363.4 12132.7 3131.98 703.517
 100943 23099.6 8489.21 2616.57 827.172
 505101 27269.7 5928.71 2178.82 883.864
 119258 140792 7259.21 1578.23 815.291
 786454 36622.4 41959 2163.39 713.318
 464413 240926 10883.5 12469.5 854.907
 372689 131172 65130.1 2942.17 3602.01
 528110 108942 36908.2 18325.8 1841.35
 704156 163032 32667 11067.2 6047.28
 156426 206850 46136.9 9244.51 4843.28
 451048 50419.9 65226.2 14548.4 4442.33
 380942 148099 16245.8 21016.6 6119.02
 172804 124791 47590.3 5220.43 8719.75
 381566 57884.5 41156.5 15695.5 4597.54
 417538 125461 18681.4 13282.7 6549.3
 125835 139705 41322.8 6153.09 6532.05
 100051 42045.9 45941.2 13588.8 4171.43
pred_Ctot
 12300.6 3157.86 11962 656.013 0.0210856
 12412.6 8348.32 1822.07 6902.05 378.529
 11862.1 4342.6 2465.05 538.014 2149.78
 31881.4 5920.06 1830.13 1038.86 1132.73
 8840.18 3759.17 585.473 180.993 214.763
 27448.2 6717.04 2432.53 378.855 256.091
 23197 19929.6 4123.95 1493.46 389.827
 1897.35 1252.99 895.079 185.215 84.5824
 6295.53 2843.71 1603.29 1145.32 345.226
 10369.6 2812.2 1069.48 602.975 560.573
 5207.62 975.206 221.359 84.1827 91.5873
 28345 8793.81 1403.68 318.618 252.998
 22513.9 8322.74 2148.46 342.941 139.655
 23930.1 10748.1 3312.82 855.183 192.095
 17382 4545.34 1670.43 514.865 162.764
 79129.5 4891.15 1063.39 390.799 158.532
 12642.7 17192.9 886.461 192.726 99.5595
 84406 4526.87 5186.52 267.415 88.1727
 69655.8 41405.9 1870.46 2143.02 146.926
 49306.8 19927.7 9894.61 446.976 547.219
 54467.5 12947.1 4386.33 2177.92 218.834
 91344.5 24292.8 4867.59 1649.09 901.084
 12377.7 18913.3 4218.54 845.274 442.846
 30926.3 3999.63 5174.17 1154.08 352.394
 26627.1 11974.7 1313.57 1699.32 494.76
 9846.27 8237.39 3141.42 344.599 575.588
 25855.3 4538.34 3226.81 1230.58 360.462
 24067.7 8377.29 1247.4 886.915 437.311
 7353.84 9456.76 2797.18 416.508 442.16
 8096.86 3931.11 4295.3 1270.49 390.01
F
 0.0904179 0.105417 0.105417 0.105417 0.105417
 0.163102 0.19016 0.19016 0.19016 0.19016
 0.157948 0.184151 0.184151 0.184151 0.184151
 0.224383 0.261607 0.261607 0.261607 0.261607
 0.0729581 0.0850612 0.0850612 0.0850612 0.0850612
 0.144568 0.16855 0.16855 0.16855 0.16855
 0.30803 0.359129 0.359129 0.359129 0.359129
 0.0476706 0.0555788 0.0555788 0.0555788 0.0555788
 0.187301 0.218373 0.218373 0.218373 0.218373
 0.244638 0.285222 0.285222 0.285222 0.285222
 0.0639419 0.0745494 0.0745494 0.0745494 0.0745494
 0.301192 0.351158 0.351158 0.351158 0.351158
 0.281658 0.328382 0.328382 0.328382 0.328382
 0.458053 0.534041 0.534041 0.534041 0.534041
 0.308785 0.36001 0.36001 0.36001 0.36001
 0.277473 0.323504 0.323504 0.323504 0.323504
 0.180628 0.210593 0.210593 0.210593 0.210593
 0.183045 0.213411 0.213411 0.213411 0.213411
 0.264263 0.308103 0.308103 0.308103 0.308103
 0.229932 0.268076 0.268076 0.268076 0.268076
 0.175356 0.204447 0.204447 0.204447 0.204447
 0.225008 0.262335 0.262335 0.262335 0.262335
 0.1322 0.15413 0.15413 0.15413 0.15413
 0.11369 0.132551 0.132551 0.132551 0.132551
 0.11601 0.135255 0.135255 0.135255 0.135255
 0.0937085 0.109254 0.109254 0.109254 0.109254
 0.112292 0.130921 0.130921 0.130921 0.130921
 0.0948424 0.110576 0.110576 0.110576 0.110576
 0.09621 0.11217 0.11217 0.11217 0.11217
 0.135382 0.157841 0.157841 0.157841 0.157841
nmprior
 8 8 7 0
nm_flota  nm_reclas  nm_pelaces    nm_pelaL
inf 11.3257 14.5844 24.9267
cv_recla  cv_pelaces  cv_mph
0.374487 0.48624 0.873839
 ------------------------------------------------
Talla a la edad & desviación 
 8 13.2811 15.8009 17.003 17.5766
 0.8 1.32811 1.58009 1.7003 1.75766
