years
 1991 1992 1993 1994 1995 1996 1997 1998 1999 2000 2001 2002 2003 2004 2005 2006 2007 2008 2009 2010 2011 2012 2013 2014 2015 2016 2017 2018 2019 2020
reclasobs
 0 0 0 0 0 0 0 0 0 252601 567819 844713 477998 351125 339783 2.1784e+06 2.13404e+06 4.81314e+06 1.55562e+06 2.62356e+06 3.21686e+06 3.843e+06 1.13348e+06 3.07943e+06 1.97215e+06 2.03268e+06 2.025e+06 2.42433e+06 2.27542e+06 1.05018e+06
reclaspred
 4.53867e+06 2.62495e+06 1.33933e+06 1.52792e+06 1.76473e+06 2.54575e+06 1.8501e+06 1.61024e+06 1.11515e+06 771410 655809 752077 735029 600808 625798 1.33815e+06 1.49135e+06 2.87141e+06 2.53572e+06 2.00422e+06 3.48801e+06 2.74342e+06 2.36801e+06 3.35169e+06 2.65329e+06 2.444e+06 2.73473e+06 2.752e+06 2.52123e+06 1.73926e+06
pelacesobs
 0 0 0 0 0 0 0 0 0 0 0 0 0 0 0 552880 188675 0 991730 2.46772e+06 1.41603e+06 1.21717e+06 2.29649e+06 1.80582e+06 0 1.4828e+06 1.56532e+06 1.57751e+06 1.42118e+06 867257
pelacespred
 2.21835e+06 1.42988e+06 743463 744065 850546 1.29795e+06 910999 901271 631453 420298 378608 353064 372612 327717 357848 641460 668896 1.5183e+06 1.36676e+06 996768 1.66173e+06 1.45802e+06 1.2069e+06 1.9246e+06 1.44316e+06 1.30752e+06 1.71627e+06 1.73551e+06 1.22561e+06 952853
mphobs
 0 0 0 0 0 0 0 0 0 0 0 498337 0 5186 125008 0 168611 109162 213762 579715 649985 157893 87575 83554 0 0 0 0 0 0
mphpred
 4.18389e+06 2.83485e+06 1.46166e+06 811123 1.18573e+06 1.44313e+06 1.80268e+06 1.24827e+06 1.04123e+06 695121 437254 503770 495676 428056 316705 419763 1.09331e+06 1.10996e+06 1.95437e+06 1.5431e+06 1.74807e+06 2.11492e+06 1.9377e+06 1.67602e+06 2.26972e+06 1.89214e+06 1.61406e+06 1.69799e+06 2.25646e+06 1.59457e+06
desembarqueobs
 494567 514787 250237 358949 120608 361735 552515 73892 212993 205616 52469 317467 293654 387597 252695 516296 358380 742168 942051 627588 828172 859565 418607 520667 417249 300574 407403 355545 319650 289779
desembarquepred
 494575 512826 251417 358964 120611 361755 552610 73895.3 213049 205675 52471.8 317572 293738 387702 252712 516311 358419 742129 942000 627543 828281 859665 418634 520705 417268 300585 407417 355546 319656 289795
Reclutas
 238175 138241 133377 351043 274608 377720 159080 76074.6 60494.6 75801.1 121785 155704 138555 101555 107628 485100 127698 723238 468752 375810 514423 664816 169716 429154 373365 180595 374904 398915 138630 120151
log_desv_Rt
 0.10606 -0.437948 -0.473768 0.493965 0.248401 0.567207 -0.297541 -1.03523 -1.26439 -1.03883 -0.564684 -0.318989 -0.435679 -0.746348 -0.688263 0.817409 -0.517276 1.21679 0.78313 0.56214 0.876102 1.13257 -0.232819 0.69487 0.555612 -0.170688 0.559724 0.621804 -0.435135 -0.578192
SSB
 4.18389e+06 2.83485e+06 1.46166e+06 811123 1.18573e+06 1.44313e+06 1.80268e+06 1.24827e+06 1.04123e+06 695121 437254 503770 495676 428056 316705 419763 1.09331e+06 1.10996e+06 1.95437e+06 1.5431e+06 1.74807e+06 2.11492e+06 1.9377e+06 1.67602e+06 2.26972e+06 1.89214e+06 1.61406e+06 1.69799e+06 2.25646e+06 1.59457e+06
BT
 5.56097e+06 3.8244e+06 1.97642e+06 2.07172e+06 2.09157e+06 3.38968e+06 2.62084e+06 2.18214e+06 1.69155e+06 1.1884e+06 945195 1.10914e+06 1.15495e+06 1.18752e+06 1.11361e+06 1.97396e+06 1.8505e+06 4.31469e+06 4.14813e+06 2.90617e+06 4.6412e+06 4.25393e+06 3.19746e+06 5.09984e+06 3.76894e+06 3.34336e+06 4.52082e+06 4.50195e+06 3.11273e+06 2.50556e+06
Ftot
 0.1004 0.179219 0.171611 0.204293 0.0607185 0.124887 0.265399 0.0416311 0.171959 0.237306 0.07053 0.362261 0.343877 0.540804 0.341059 0.322292 0.210417 0.220923 0.319442 0.272312 0.207195 0.271059 0.157408 0.135516 0.139181 0.109765 0.13019 0.112128 0.114264 0.150388
BD_Bspro_t
 0.984064 0.880875 0.753046 0.682703 0.726811 0.792164 0.781447 0.673784 0.713116 0.671082 0.63066 0.740437 0.614534 0.529622 0.438295 0.506002 0.627271 0.617306 0.684693 0.600707 0.584241 0.626075 0.633315 0.637807 0.731019 0.740223 0.752965 0.784236 0.818442 0.764176
BD_Bspro
 2.74387 1.85915 0.958581 0.531949 0.777622 0.946432 1.18223 0.818639 0.68286 0.455873 0.286759 0.330381 0.325073 0.280727 0.207701 0.275288 0.717012 0.727931 1.28171 1.01199 1.14642 1.387 1.27078 1.09916 1.48852 1.2409 1.05853 1.11357 1.47983 1.04575
BD_Bo
 1.87973 1.27364 0.656691 0.36442 0.532722 0.648368 0.809906 0.560821 0.467804 0.312303 0.196449 0.226333 0.222697 0.192317 0.142289 0.188591 0.4912 0.49868 0.878058 0.69328 0.785372 0.950187 0.870568 0.752999 1.01974 0.8501 0.725161 0.76287 1.01378 0.716407
BD_Brms
 13.1388 8.90237 4.59008 2.54719 3.72357 4.53191 5.66101 3.91998 3.26982 2.18291 1.37312 1.582 1.55659 1.34424 0.994558 1.31819 3.43335 3.48563 6.13737 4.84583 5.48953 6.64154 6.08502 5.26325 7.12766 5.94196 5.06867 5.33224 7.08603 5.00748
Sel_flota
 0.888917 1 1 1 1
 0.888917 1 1 1 1
 0.888917 1 1 1 1
 0.888917 1 1 1 1
 0.888917 1 1 1 1
 0.888917 1 1 1 1
 0.888917 1 1 1 1
 0.888917 1 1 1 1
 0.888917 1 1 1 1
 0.888917 1 1 1 1
 0.888917 1 1 1 1
 0.888917 1 1 1 1
 0.888917 1 1 1 1
 0.888917 1 1 1 1
 0.888917 1 1 1 1
 0.888917 1 1 1 1
 0.888917 1 1 1 1
 0.888917 1 1 1 1
 0.888917 1 1 1 1
 0.888917 1 1 1 1
 0.888917 1 1 1 1
 0.888917 1 1 1 1
 0.888917 1 1 1 1
 0.888917 1 1 1 1
 0.888917 1 1 1 1
 0.888917 1 1 1 1
 0.888917 1 1 1 1
 0.888917 1 1 1 1
 0.888917 1 1 1 1
 0.888917 1 1 1 1
Sel_reclas
 0.776477 0.945895 0.988762 0.997747 0.999551
 0.776477 0.945895 0.988762 0.997747 0.999551
 0.776477 0.945895 0.988762 0.997747 0.999551
 0.776477 0.945895 0.988762 0.997747 0.999551
 0.776477 0.945895 0.988762 0.997747 0.999551
 0.776477 0.945895 0.988762 0.997747 0.999551
 0.776477 0.945895 0.988762 0.997747 0.999551
 0.776477 0.945895 0.988762 0.997747 0.999551
 0.776477 0.945895 0.988762 0.997747 0.999551
 0.776477 0.945895 0.988762 0.997747 0.999551
 0.776477 0.945895 0.988762 0.997747 0.999551
 0.776477 0.945895 0.988762 0.997747 0.999551
 0.776477 0.945895 0.988762 0.997747 0.999551
 0.776477 0.945895 0.988762 0.997747 0.999551
 0.776477 0.945895 0.988762 0.997747 0.999551
 0.776477 0.945895 0.988762 0.997747 0.999551
 0.776477 0.945895 0.988762 0.997747 0.999551
 0.776477 0.945895 0.988762 0.997747 0.999551
 0.776477 0.945895 0.988762 0.997747 0.999551
 0.776477 0.945895 0.988762 0.997747 0.999551
 0.776477 0.945895 0.988762 0.997747 0.999551
 0.776477 0.945895 0.988762 0.997747 0.999551
 0.776477 0.945895 0.988762 0.997747 0.999551
 0.776477 0.945895 0.988762 0.997747 0.999551
 0.776477 0.945895 0.988762 0.997747 0.999551
 0.776477 0.945895 0.988762 0.997747 0.999551
 0.776477 0.945895 0.988762 0.997747 0.999551
 0.776477 0.945895 0.988762 0.997747 0.999551
 0.776477 0.945895 0.988762 0.997747 0.999551
 0.776477 0.945895 0.988762 0.997747 0.999551
Sel_pelaces
 0.936225 1 1 1 1
 0.936225 1 1 1 1
 0.936225 1 1 1 1
 0.936225 1 1 1 1
 0.936225 1 1 1 1
 0.936225 1 1 1 1
 0.936225 1 1 1 1
 0.936225 1 1 1 1
 0.936225 1 1 1 1
 0.936225 1 1 1 1
 0.936225 1 1 1 1
 0.936225 1 1 1 1
 0.936225 1 1 1 1
 0.936225 1 1 1 1
 0.936225 1 1 1 1
 0.936225 1 1 1 1
 0.936225 1 1 1 1
 0.936225 1 1 1 1
 0.936225 1 1 1 1
 0.936225 1 1 1 1
 0.936225 1 1 1 1
 0.936225 1 1 1 1
 0.936225 1 1 1 1
 0.936225 1 1 1 1
 0.936225 1 1 1 1
 0.936225 1 1 1 1
 0.936225 1 1 1 1
 0.936225 1 1 1 1
 0.936225 1 1 1 1
 0.936225 1 1 1 1
pf_obs 
 0.8446 0.082 0.0669 0.0065 0
 0.8095 0.147 0.0364 0.0071 0
 0.9664 0.0169 0.016 0.0007 0
 0.9276 0.0648 0.0075 0.0001 0
 0.7033 0.2144 0.0806 0.0017 0
 0.9318 0.0425 0.0243 0.0014 0
 0.5671 0.3108 0.0964 0.0239 0.0018
 0.0768 0.2599 0.5324 0.112 0.0189
 0.490249 0.384438 0.106611 0.0170017 0.00170017
 0.7925 0.1577 0.0466 0.003 0.0002
 0.840416 0.127587 0.0312969 0.00059994 9.999e-05
 0.8084 0.0986 0.0794 0.0134 0.0002
 0.7335 0.1905 0.0724 0.0035 0.0001
 0.4001 0.4547 0.1325 0.0127 0
 0.49795 0.308269 0.164784 0.0264974 0.00249975
 0.9179 0.0499 0.0305 0.0017 0
 0.2467 0.6533 0.0926 0.0074 0
 0.9418 0.0223 0.034 0.0019 0
 0.707729 0.231977 0.0356964 0.0245975 0
 0.517169 0.277429 0.184464 0.0207286 0.00020938
 0.811772 0.124168 0.05621 0.00726502 0.000585176
 0.764997 0.148141 0.077277 0.00933861 0.000247198
 0.163321 0.427699 0.378323 0.0303852 0.000271297
 0.753843 0.0900009 0.118128 0.0371064 0.000921714
 0.721811 0.176058 0.0630433 0.0369309 0.00215725
 0.143369 0.312575 0.442814 0.0836902 0.0175525
 0.692698 0.0596174 0.167031 0.0765114 0.00414204
 0.394062 0.376323 0.152708 0.0712218 0.00568511
 0.125707 0.32114 0.495352 0.0537591 0.00404204
 0.23352 0.215282 0.420074 0.123614 0.00750983
pf_pred 
 0.454657 0.100699 0.423491 0.0211531 7.40143e-07
 0.42879 0.277389 0.0542546 0.228169 0.0113973
 0.559378 0.203031 0.115378 0.0225668 0.0996457
 0.815414 0.109074 0.0347949 0.0197731 0.0209444
 0.654751 0.288064 0.0337915 0.0107796 0.0126144
 0.706318 0.20021 0.0779904 0.0091487 0.00633369
 0.457092 0.397273 0.0992826 0.0386749 0.00767761
 0.418435 0.285467 0.21667 0.0541481 0.0252804
 0.473744 0.235764 0.142591 0.108227 0.0396746
 0.643365 0.180457 0.0789285 0.0477362 0.0495141
 0.764074 0.15887 0.0389902 0.0170536 0.0210123
 0.724091 0.216703 0.039869 0.00978472 0.00955277
 0.693601 0.230285 0.0597809 0.0109985 0.00533455
 0.639976 0.260194 0.0750307 0.0194776 0.00532158
 0.739376 0.17589 0.0612383 0.017659 0.00583666
 0.919685 0.0614868 0.0127066 0.00442397 0.00169737
 0.442813 0.51785 0.0301155 0.00622354 0.00299816
 0.887938 0.0532865 0.0546257 0.00317675 0.000972755
 0.635089 0.328586 0.017273 0.0177071 0.00134508
 0.634566 0.243639 0.109671 0.00576515 0.00635898
 0.738907 0.173752 0.0582308 0.0262118 0.00289772
 0.743644 0.19572 0.0403522 0.0135235 0.00676039
 0.377972 0.47814 0.109854 0.0226489 0.0113849
 0.742847 0.105055 0.116914 0.0268613 0.00832189
 0.646471 0.270906 0.0337542 0.0375644 0.0113043
 0.472899 0.355745 0.131308 0.0163607 0.0236867
 0.737144 0.132508 0.0879731 0.0324716 0.00990344
 0.688233 0.237215 0.0375819 0.0249509 0.0120184
 0.399849 0.428764 0.130405 0.0206599 0.0203232
 0.50104 0.214675 0.2031 0.0617712 0.0194132
pobs_RECLAS
 0 0 0 0 0
 0 0 0 0 0
 0 0 0 0 0
 0 0 0 0 0
 0 0 0 0 0
 0 0 0 0 0
 0 0 0 0 0
 0 0 0 0 0
 0 0 0 0 0
 0 0 0 0 0
 0.991045 0.00858322 0.000360255 1.14367e-05 0
 0.934742 0.0480273 0.0164251 0.00080598 0
 0.827803 0.169806 0.00239088 0 0
 0.941827 0.0461693 0.0120037 0 0
 0.791401 0.0380133 0.147996 0.0225897 0
 0.846168 0.0940531 0.0597789 0 0
 0.134021 0.677848 0.182769 0.00536245 0
 0.80878 0.0450904 0.141981 0.00414843 0
 0.846168 0.0940531 0.0597789 0 0
 0.905697 0.0802665 0.012482 0.00150086 5.37128e-05
 0.989698 0.0102097 9.19794e-05 0 0
 0.975433 0.0193895 0.00387452 0.00125025 5.28907e-05
 0.303575 0.632131 0.0575291 0.00676475 0
 0.966965 0.00978017 0.0227588 0.000495775 0
 0.843318 0.132988 0.00938335 0.0141283 0.000182051
 0.564624 0.303363 0.111486 0.0197234 0.00080311
 0.826376 0.0876187 0.0782897 0.00655872 0.00115652
 0.89761 0.0855135 0.0140674 0.00269457 0.000114338
 0.34875 0.467042 0.161289 0.0227151 0.000203297
 0.318654 0.224769 0.449479 0.00709798 0
ppred_RECLAS
 0.42626 0.102131 0.448979 0.02263 7.93251e-07
 0.403363 0.282028 0.0576618 0.244702 0.0122452
 0.533376 0.209258 0.124305 0.0245338 0.108527
 0.800198 0.115653 0.0385657 0.0221151 0.0234675
 0.634779 0.302243 0.0370616 0.0119302 0.0139862
 0.68662 0.210488 0.08571 0.0101456 0.00703657
 0.434974 0.408154 0.106624 0.0419123 0.00833533
 0.39351 0.290595 0.230558 0.0581425 0.0271943
 0.4476 0.240776 0.152221 0.116587 0.0428164
 0.619654 0.187716 0.0858244 0.0523785 0.0544276
 0.746465 0.167956 0.0430881 0.0190172 0.0234741
 0.706656 0.228012 0.0438507 0.0108597 0.0106215
 0.674754 0.2416 0.0655605 0.0121714 0.00591414
 0.620054 0.271001 0.0816889 0.0213987 0.00585703
 0.721449 0.185095 0.0673637 0.0196018 0.00649053
 0.913008 0.0658489 0.0142248 0.00499754 0.0019209
 0.423005 0.534459 0.03249 0.00677525 0.00326985
 0.877482 0.0568853 0.0609577 0.0035772 0.00109736
 0.61615 0.343915 0.0188981 0.0195491 0.00148768
 0.613013 0.254082 0.119555 0.00634184 0.00700772
 0.720474 0.183047 0.0641258 0.0291277 0.00322589
 0.726512 0.206421 0.0444872 0.0150448 0.00753448
 0.357297 0.488639 0.117354 0.024415 0.0122949
 0.722083 0.110428 0.128463 0.0297828 0.00924369
 0.625623 0.28349 0.0369229 0.0414642 0.0125005
 0.449561 0.365811 0.141143 0.0177459 0.0257387
 0.716892 0.139362 0.0967163 0.0360232 0.0110065
 0.668503 0.249228 0.0412745 0.0276514 0.0133433
 0.377982 0.438399 0.139378 0.0222822 0.0219586
 0.47478 0.219938 0.21751 0.0667548 0.0210174
pobs_PELACES
 0 0 0 0 0
 0 0 0 0 0
 0 0 0 0 0
 0 0 0 0 0
 0 0 0 0 0
 0 0 0 0 0
 0 0 0 0 0
 0 0 0 0 0
 0 0 0 0 0
 0 0 0 0 0
 0 0 0 0 0
 0 0 0 0 0
 0 0 0 0 0
 0 0 0 0 0
 0 0 0 0 0
 0 0 0 0 0
 0.505614 0.472636 0.0217494 0 0
 0 0 0 0 0
 0.443492 0.261883 0.143347 0.151278 0
 0.227955 0.32914 0.350689 0.0885471 0.00366901
 0.970185 0.0296113 0.000203453 0 0
 0.997202 0.00247181 0.000326279 0 0
 0.445219 0.490057 0.0546422 0.010081 0
 0.90214 0.0892962 0.00764917 0.000914606 0
 0 0 0 0 0
 0.581667 0.319106 0.0959925 0.00289975 0.000334073
 0.762889 0.0836404 0.116647 0.0363945 0.000428098
 0.88444 0.0763242 0.0277011 0.0115352 0
 0.521256 0.241999 0.230069 0.00667565 0
 0.616807 0.101726 0.260614 0.0208532 0
ppred_PELACES
 0.468705 0.0981046 0.412581 0.0206082 7.21076e-07
 0.443623 0.270186 0.0528457 0.222244 0.0111013
 0.574097 0.196249 0.111524 0.0218129 0.096317
 0.824498 0.103706 0.0330825 0.0188 0.0199136
 0.667001 0.277843 0.0325925 0.0103971 0.0121669
 0.718142 0.192149 0.0748504 0.00878036 0.00607869
 0.473156 0.385518 0.0963449 0.0375305 0.00745044
 0.431574 0.279017 0.211775 0.0529247 0.0247092
 0.488713 0.229058 0.138535 0.105148 0.038546
 0.657725 0.17319 0.0757503 0.045814 0.0475204
 0.773865 0.152277 0.0373721 0.0163459 0.0201403
 0.737758 0.205969 0.0378941 0.00930004 0.00907958
 0.707974 0.219482 0.0569766 0.0104825 0.00508431
 0.657963 0.247195 0.0712823 0.0185045 0.00505572
 0.752342 0.16714 0.0581919 0.0167805 0.0055463
 0.924529 0.0577789 0.0119403 0.00415719 0.00159501
 0.458121 0.503622 0.0292881 0.00605255 0.00291579
 0.893995 0.0504064 0.0516732 0.00300504 0.000920178
 0.650541 0.314672 0.0165416 0.0169573 0.00128812
 0.649485 0.233692 0.105193 0.00552978 0.00609936
 0.750632 0.16595 0.0556159 0.0250348 0.0027676
 0.755812 0.18643 0.0384368 0.0128816 0.0064395
 0.392002 0.467356 0.107376 0.022138 0.0111281
 0.753808 0.100578 0.111931 0.0257164 0.00796719
 0.659697 0.260771 0.0324915 0.0361591 0.0108814
 0.487119 0.346148 0.127766 0.0159194 0.0230477
 0.748217 0.126926 0.084267 0.0311037 0.00948623
 0.700349 0.227997 0.0361214 0.0239813 0.0115513
 0.413647 0.418905 0.127406 0.0201849 0.0198559
 0.515765 0.20834 0.197107 0.0599482 0.0188403
pobs_pel_tallas
 0 0 0 0 0 0 0 0 0 0 0 0 0 0 0 0 0 0 0 0 0 0 0 0 0 0
 0 0 0 0 0 0 0 0 0 0 0 0 0 0 0 0 0 0 0 0 0 0 0 0 0 0
 0 0 0 0 0 0 0 0 0 0 0 0 0 0 0 0 0 0 0 0 0 0 0 0 0 0
 0 0 0 0 0 0 0 0 0 0 0 0 0 0 0 0 0 0 0 0 0 0 0 0 0 0
 0 0 0 0 0 0 0 0 0 0 0 0 0 0 0 0 0 0 0 0 0 0 0 0 0 0
 0 0 0 0 0 0 0 0 0 0 0 0 0 0 0 0 0 0 0 0 0 0 0 0 0 0
 0 0 0 0 0 0 0 0 0 0 0 0 0 0 0 0 0 0 0 0 0 0 0 0 0 0
 0 0 0 0 0 0 0 0 0 0 0 0 0 0 0 0 0 0 0 0 0 0 0 0 0 0
 0 0 0 0 0 0 0 0 0 0 0 0 0 0 0 0 0 0 0 0 0 0 0 0 0 0
 0 0 0 0 0 0 0 0 0 0 0 0 0 0 0 0 0 0 0 0 0 0 0 0 0 0
 0 0 0 0 0 0 0 0 0 0 0 0 0 0 0 0 0 0 0 0 0 0 0 0 0 0
 0 0 0 0 0 0 0 0 0 0 0 0 0 0 0 0 0 0 0 0 0 0 0 0 0 0
 0.00862536 0 0 0.000197151 0.00414017 0.0128641 0.00837892 0.0270097 0.101434 0.158115 0.152841 0.127902 0.109271 0.109419 0.0830992 0.0579132 0.0238553 0.00714673 0.00463305 0.00128148 0.00103504 0.000492878 0.000147863 0.000147863 4.92878e-05 0
 0 0 0 0 0 0 0 0 0 0 0 0 0 0 0 0 0 0 0 0 0 0 0 0 0 0
 0 0 0 0 0 0 0 0.0054083 0.00873648 0.0413646 0.0450493 0.0745869 0.0622846 0.0627006 0.0613931 0.0827291 0.12552 0.122667 0.0946155 0.0697135 0.0546179 0.0294188 0.0215738 0.0213955 0.0102223 0.00600262
 0 0 0 0 0.00359764 0.0251062 0.0480494 0.140153 0.205849 0.193036 0.1447 0.116669 0.0760912 0.0342217 0.00950174 0.001854 0.000860785 0 0 0 0.000165536 0 0.000143464 0 0 0
 0 0 0 0 0 0 0 0.000145254 0.000435761 0.0275982 0.070085 0.0708112 0.156366 0.174668 0.174014 0.160142 0.0824315 0.0480064 0.0283245 0.00493863 0.00203355 0 0 0 0 0
 0 0 0 0 0 0 0 0 0 0 0 0 0 0 0 0 0 0 0 0 0 0 0 0 0 0
 0 0 1.00437e-05 0.000401748 0.00122533 0.00171747 0.00176769 0.0269171 0.070346 0.194647 0.189555 0.159765 0.064822 0.0314167 0.0384472 0.0292271 0.0345202 0.0313363 0.0194345 0.0106764 0.0143323 0.0359363 0.0279516 0.0138201 0.00172751 0
 0 0.0021121 0.0136068 0.0755702 0.200478 0.177729 0.0527432 0.0373336 0.0318909 0.0142505 0.0149659 0.0166563 0.0217959 0.0798694 0.0677717 0.0528807 0.04013 0.0224614 0.0357745 0.0225083 0.00881397 0.00855152 0.00135912 0.000746735 0 0
 0 0 0 0 5.4009e-05 0.00500934 0.000945158 0.0243581 0.138947 0.33067 0.221406 0.137944 0.0707744 0.0437923 0.0131692 0.00525238 0.0047753 0.00276346 9.45158e-05 9.00151e-06 2.25038e-05 9.00151e-06 4.50075e-06 0 0 0
 0.000866109 0.00284123 0.00948549 0.0512746 0.133035 0.25785 0.225252 0.132002 0.0553304 0.0519788 0.0540692 0.017754 0.00435017 0.00159236 0.00146478 0.000404838 0.000125132 0.000115318 0.000107957 0.000100596 0 0 0 0 0 0
 0 0 0 0 0.00144013 0.00171154 0.00461396 0.0210425 0.0478622 0.0707936 0.0888783 0.103762 0.0637923 0.0337046 0.0602308 0.124433 0.169614 0.0934646 0.0462172 0.0250306 0.0313229 0.00938855 0.002487 0.000210481 0 0
 0 0.00764035 0.051015 0.0998891 0.058973 0.0496711 0.0374665 0.0718981 0.12319 0.153886 0.159021 0.0857701 0.0377988 0.023471 0.0147837 0.00900784 0.00315554 0.000888139 0.00291439 0.00214683 0.00393193 0.00274676 0.000635225 9.99891e-05 0 0
 0 0 0 0 0 0 0 0 0 0 0 0 0 0 0 0 0 0 0 0 0 0 0 0 0 0
 0 0 0 0 0 0 0 0 0 0 0 0 0 0 0 0 0 0 0 0 0 0 0 0 0 0
 0 0 0 0 0 0 0 0 0 0 0 0 0 0 0 0 0 0 0 0 0 0 0 0 0 0
 0 0 0 0 0 0 0 0 0 0 0 0 0 0 0 0 0 0 0 0 0 0 0 0 0 0
 0 0 0 0 0 0 0 0 0 0 0 0 0 0 0 0 0 0 0 0 0 0 0 0 0 0
 0 0 0 0 0 0 0 0 0 0 0 0 0 0 0 0 0 0 0 0 0 0 0 0 0 0
ppred_pel_tallas
 1.13999e-16 3.86066e-05 0.00037527 0.0024938 0.0113365 0.035272 0.0751512 0.109687 0.109698 0.0752007 0.0354401 0.0118299 0.00376215 0.00324243 0.00577133 0.0102278 0.0164658 0.0243097 0.033467 0.0435814 0.0540564 0.0637163 0.0707316 0.0731493 0.0698319 0.0611638
 1.25761e-16 3.65407e-05 0.000355189 0.00236035 0.0107298 0.0333847 0.0711305 0.103823 0.103849 0.0712583 0.0338141 0.0119716 0.00548351 0.00719434 0.0130919 0.021773 0.0318368 0.0411291 0.0475846 0.0505185 0.0511334 0.0516731 0.053827 0.0576026 0.0614001 0.0630397
 1.21756e-16 4.72877e-05 0.000459653 0.00305456 0.0138856 0.0432033 0.0920499 0.134354 0.134373 0.0921432 0.0435169 0.0147933 0.00534092 0.00547724 0.0096557 0.0160999 0.0236984 0.030911 0.0362318 0.0390741 0.0401301 0.0408147 0.042225 0.0444372 0.0465787 0.0474454
 1.06237e-16 6.79128e-05 0.000660137 0.00438684 0.019942 0.0620469 0.132198 0.192949 0.192959 0.132247 0.0622117 0.0204184 0.00558483 0.00328204 0.00506755 0.00832463 0.0121176 0.0155285 0.0176825 0.0182124 0.0174797 0.0163056 0.0154231 0.015079 0.0150255 0.014801
 1.04114e-16 5.494e-05 0.000534036 0.00354886 0.0161326 0.0501947 0.106946 0.156097 0.156123 0.107077 0.0506339 0.0174011 0.00673252 0.00748294 0.0132493 0.0218098 0.031398 0.0394582 0.0434289 0.0421443 0.0365365 0.029009 0.0219995 0.0168438 0.0135933 0.0115707
 1.04119e-16 5.91524e-05 0.000574983 0.00382096 0.0173696 0.0540432 0.115145 0.168062 0.168081 0.115236 0.0543486 0.0182527 0.00604136 0.00543412 0.00932271 0.0154104 0.022407 0.0286225 0.0323597 0.0328143 0.0305047 0.0268259 0.0231144 0.0199867 0.0173437 0.0148187
 1.07904e-16 3.89733e-05 0.000378835 0.00251749 0.0114442 0.0356073 0.0758664 0.110737 0.110774 0.0760484 0.0362184 0.0132105 0.0069548 0.0100779 0.0184958 0.0306126 0.0443245 0.0562282 0.0628737 0.062675 0.0568195 0.0483691 0.0403106 0.0340998 0.0295605 0.0257563
 1.15672e-16 3.55483e-05 0.000345542 0.00229625 0.0104384 0.032478 0.0691987 0.101003 0.10103 0.0693317 0.0329252 0.0117338 0.00556178 0.00752079 0.0137999 0.0231183 0.0341468 0.0447273 0.0526514 0.0568801 0.0580291 0.0576372 0.0568618 0.0557249 0.0534059 0.049118
 1.21125e-16 4.02547e-05 0.00039129 0.00260026 0.0118204 0.0367778 0.0783599 0.114373 0.114396 0.0784689 0.0371444 0.0128819 0.00527523 0.00626635 0.0113045 0.0189099 0.0279216 0.036596 0.0432131 0.0470893 0.0489598 0.0503033 0.0521448 0.0543122 0.0556418 0.0548084
 1.14867e-16 5.4176e-05 0.00052661 0.00349951 0.0159083 0.0494966 0.105458 0.153923 0.15394 0.10554 0.0497726 0.0167069 0.00550959 0.00493268 0.00847641 0.0140738 0.0206231 0.0267096 0.030957 0.0328167 0.0329032 0.0325121 0.0326947 0.03362 0.0346193 0.0347254
 1.06166e-16 6.37423e-05 0.000619598 0.00411744 0.0187173 0.0582366 0.12408 0.181101 0.181116 0.124152 0.0584781 0.0194152 0.00587098 0.0044533 0.00736188 0.0121163 0.017561 0.022332 0.0250943 0.0252635 0.0233555 0.0206151 0.0182218 0.0166934 0.0158393 0.0151253
 1.03616e-16 6.07682e-05 0.000590688 0.00392533 0.017844 0.0555194 0.118291 0.172653 0.172673 0.118388 0.0558455 0.0187859 0.00629047 0.00575648 0.00987957 0.0162581 0.0234655 0.0296183 0.0328395 0.0322694 0.0285693 0.0234523 0.0186307 0.0150055 0.0125662 0.0108229
 1.03613e-16 5.83149e-05 0.000566842 0.00376687 0.0171236 0.0532781 0.113515 0.165683 0.165705 0.113619 0.053626 0.0181292 0.00629289 0.0060879 0.0105635 0.0174229 0.025213 0.0319579 0.0356755 0.0354417 0.0319118 0.0268191 0.0218779 0.0179618 0.0150417 0.012661
 1.04832e-16 5.41956e-05 0.0005268 0.00350077 0.015914 0.0495146 0.105497 0.153981 0.154005 0.105614 0.0499067 0.0170475 0.00634886 0.00675401 0.0119097 0.019679 0.0285209 0.0362398 0.0406259 0.0406517 0.0370479 0.03173 0.0265646 0.0224594 0.0193166 0.0165911
 1.04344e-16 6.19694e-05 0.000602365 0.00400293 0.0181967 0.0566169 0.120629 0.176065 0.176081 0.120708 0.0568824 0.0189644 0.00593272 0.00482464 0.0081089 0.0133814 0.0194441 0.0248184 0.0280346 0.0284127 0.0264353 0.0233517 0.0203469 0.0179463 0.0160113 0.0141409
 1.01047e-16 7.61522e-05 0.000740227 0.00491907 0.0223614 0.0695745 0.148236 0.216356 0.216362 0.148263 0.069666 0.0226258 0.0055831 0.00219097 0.00283479 0.00457501 0.00660462 0.00835142 0.00928849 0.00917571 0.0081957 0.00682072 0.0055186 0.00452878 0.00383941 0.00331232
 1.02075e-16 3.77349e-05 0.000366797 0.0024375 0.0110805 0.0344759 0.0734564 0.107222 0.10727 0.0736932 0.0352709 0.0133757 0.00819541 0.0129252 0.0238555 0.0392919 0.0563949 0.0704908 0.0768404 0.0732581 0.0614347 0.0458406 0.031125 0.0200121 0.0128941 0.00875396
 1.01962e-16 7.36372e-05 0.00071578 0.00475661 0.0216229 0.0672768 0.14334 0.209211 0.209216 0.143365 0.0673579 0.0218581 0.00535053 0.00202327 0.00258885 0.00424666 0.00630372 0.00832825 0.00991877 0.0108664 0.0112313 0.011217 0.0109609 0.0104357 0.00953019 0.00820559
 1.02477e-16 5.35842e-05 0.000520858 0.00346129 0.0157345 0.0489561 0.104307 0.152246 0.152276 0.104455 0.0494528 0.0171688 0.0070595 0.00836943 0.0149409 0.0245678 0.0352754 0.0441334 0.0481997 0.0461353 0.0390209 0.0296586 0.0209311 0.0144799 0.0104589 0.00813682
 1.04683e-16 5.34973e-05 0.000520013 0.00345567 0.015709 0.0488766 0.104138 0.151997 0.152019 0.104248 0.0492485 0.0167845 0.00616061 0.00644249 0.0113526 0.0188168 0.0274099 0.0351086 0.0398591 0.0406705 0.0381281 0.0338546 0.0293954 0.0254496 0.0219068 0.0183954
 1.04627e-16 6.18286e-05 0.000600996 0.00399383 0.0181554 0.0564882 0.120355 0.175665 0.175681 0.120433 0.0567518 0.0189175 0.00590975 0.00479293 0.0080511 0.0132863 0.0193089 0.0246547 0.0278724 0.0282979 0.0264227 0.0234934 0.0206797 0.0184779 0.0167109 0.0149391
 1.03539e-16 6.22553e-05 0.000605143 0.00402139 0.0182807 0.0568781 0.121185 0.176877 0.176895 0.121273 0.0571733 0.0191338 0.00616396 0.0052861 0.00896328 0.0147489 0.0213103 0.0269482 0.0299747 0.0296173 0.0264679 0.022053 0.0178841 0.0147332 0.012558 0.010905
 1.07322e-16 3.22888e-05 0.000313859 0.0020857 0.00948133 0.0295002 0.0628549 0.0917481 0.0917932 0.0630754 0.0302406 0.0116209 0.00745954 0.0120559 0.0223646 0.0370062 0.0535025 0.0676941 0.0753459 0.0744896 0.0665539 0.0553005 0.0444716 0.0360098 0.0298888 0.0251104
 1.07184e-16 6.20902e-05 0.000603539 0.00401073 0.0182322 0.0567272 0.120864 0.176406 0.176416 0.120912 0.0568896 0.0187033 0.0052011 0.00322807 0.00512286 0.00857086 0.0128095 0.0170936 0.0206871 0.0232298 0.0248685 0.0259777 0.0267227 0.0268696 0.025985 0.0238076
 1.06473e-16 5.43384e-05 0.000528189 0.00351 0.015956 0.0496451 0.105775 0.154387 0.154412 0.105898 0.0500576 0.0171474 0.00650115 0.00705948 0.0124638 0.0205351 0.0296199 0.0373551 0.0413874 0.0406773 0.0361371 0.0300139 0.0245158 0.0207412 0.0185381 0.017084
 1.09273e-16 4.01234e-05 0.000390014 0.00259178 0.0117819 0.036658 0.0781049 0.114003 0.114037 0.0782686 0.037208 0.0133722 0.00658987 0.00913841 0.0167153 0.0277283 0.0403104 0.0514698 0.0581636 0.0589703 0.0548706 0.0484351 0.0421178 0.0370326 0.0329407 0.0290612
 1.07189e-16 6.16297e-05 0.000599062 0.00398098 0.018097 0.0563064 0.119967 0.175098 0.175111 0.120028 0.0565095 0.018685 0.00546274 0.00385249 0.00629585 0.0104568 0.0154023 0.0200998 0.0235345 0.0252436 0.0255426 0.0251895 0.0247727 0.0243394 0.0235063 0.0218578
 1.05461e-16 5.76869e-05 0.000560737 0.0037263 0.0169392 0.0527043 0.112293 0.163899 0.163921 0.1124 0.0530651 0.0179816 0.00634366 0.00627721 0.0109228 0.01799 0.025969 0.0327917 0.0364004 0.0358754 0.0319887 0.0266694 0.0218166 0.0183814 0.0162549 0.01477
 1.09169e-16 3.40717e-05 0.000331189 0.00220087 0.0100049 0.031129 0.0663252 0.096812 0.0968525 0.0665231 0.0317938 0.0119263 0.00702928 0.0108895 0.0201389 0.0333776 0.0484017 0.0615459 0.0690768 0.0692557 0.063315 0.0544879 0.0459218 0.0391432 0.0339802 0.0295035
 1.14942e-16 4.24829e-05 0.000412949 0.00274419 0.0124747 0.0388136 0.0826972 0.120703 0.120724 0.0827968 0.0391489 0.0134469 0.00519834 0.00581631 0.0104399 0.0175483 0.0261134 0.0346087 0.0414803 0.045999 0.0485676 0.0501413 0.0512746 0.0516423 0.0503726 0.0467928
pSPR Fmed_Fpbrs
0.706116   0.193067 0.193067
Fs Fmed_Fpbrs
0.175394   1.005 1.005
SSBpbr Bo_Bmed_Bpbrs
2.22579e+06  1.46038e+06  318438 318438
Ro
214207
SPR SPRFo_SPRFmed_SPRFpbrs
1.52481e+06 1.07669e+06 294392
Fref
1.005
log_Ro
12.0947
likeval ReclasPelacesDesembMPH_pf_preclas_ppelaces_ptallas_desvR_qrecl_qpela
 23.5262 17.1601 0.186134 0.00306823 230.699 110.035 76.6369 0 19.4841 0 0 0.941059 0 0 0
q_reclas_q_pelaces
1 1
M
1
N
 238175 47107.1 198110 9895.46 0.34624
 138241 80138.6 15674.3 65918.7 3292.71
 133377 43366.4 24644.1 4820.14 21283.8
 351043 42124.5 13437.8 7636.41 8088.76
 274608 107696 12633.3 4030.06 4716.04
 377720 95714.7 37285 4373.74 3027.96
 159080 124355 31077.5 12106 2403.25
 76074.6 46223.4 35083.8 8767.79 4093.46
 60494.6 26969.5 16311.3 12380.3 4538.46
 75801.1 19100.2 8354.07 5052.56 5240.75
 121785 22582.3 5542.19 2424.06 2986.76
 155704 42079.7 7741.82 1900.01 1854.97
 138555 41510.1 10775.8 1982.53 961.58
 101555 37546.7 10827.2 2810.68 767.92
 107628 23100.8 8042.85 2319.28 766.568
 485100 29239.2 6042.44 2103.76 807.16
 127698 134003 7792.93 1610.45 775.828
 723238 38963.5 39942.7 2322.86 711.286
 468752 218625 11492.6 11781.4 894.945
 375810 129816 58434.9 3071.79 3388.19
 514423 108530 36372.2 16372.5 1809.98
 664816 157412 32454.1 10876.6 5437.19
 169716 192205 44159.5 9104.5 4576.57
 429154 54282.5 60410 13879.3 4299.95
 373365 139959 17438.6 19407.1 5840.21
 180595 121369 44798.3 5581.77 8081.17
 374904 60261 40007.7 14767.2 4503.8
 398915 122847 19462.6 12921.4 6223.98
 138630 132831 40399.3 6400.44 6296.11
 120151 46073.5 43589.3 13257.3 4166.46
pred_Ctot
 12948.7 2867.91 12061.1 602.443 0.0210794
 13037.5 8434.13 1649.63 6937.57 346.539
 12077.9 4383.76 2491.19 487.252 2151.51
 37400 5002.8 1595.91 906.917 960.64
 9161.09 4030.51 472.8 150.825 176.498
 25316.7 7176.16 2795.43 327.919 227.02
 21542.5 18723.3 4679.14 1822.73 361.842
 1752.36 1195.51 907.394 226.767 105.872
 5488.49 2731.41 1651.96 1253.85 459.644
 9270.67 2600.32 1137.33 687.863 713.482
 4702.36 977.739 239.959 104.954 129.317
 27815.5 8324.52 1531.54 375.875 366.964
 23647.5 7851.28 2038.15 374.979 181.875
 25470.6 10355.5 2986.17 775.195 211.795
 18236.6 4338.29 1510.43 435.556 143.96
 78186.3 5227.25 1080.24 376.101 144.301
 13982 16351.3 950.909 196.511 94.6681
 82830.5 4970.79 5095.71 296.34 90.7426
 74958.6 38782.6 2038.71 2089.95 158.757
 52089.7 19999.6 9002.58 473.245 521.99
 55527.2 13057.1 4375.92 1969.76 217.757
 91764.5 24151.6 4979.4 1668.78 834.222
 14169.2 17924.2 4118.13 849.046 426.791
 31091.7 4397.08 4893.42 1124.27 348.311
 27744.6 11626.5 1448.63 1612.15 485.147
 10697.4 8047.31 2970.33 370.096 535.818
 26144.3 4699.68 3120.15 1151.67 351.246
 24117.4 8312.62 1316.96 874.341 421.154
 8534.27 9151.43 2783.33 440.961 433.772
 9608.14 4116.7 3894.73 1184.55 372.276
F
 0.0892474 0.1004 0.1004 0.1004 0.1004
 0.159311 0.179219 0.179219 0.179219 0.179219
 0.152548 0.171611 0.171611 0.171611 0.171611
 0.181599 0.204293 0.204293 0.204293 0.204293
 0.0539737 0.0607185 0.0607185 0.0607185 0.0607185
 0.111015 0.124887 0.124887 0.124887 0.124887
 0.235918 0.265399 0.265399 0.265399 0.265399
 0.0370066 0.0416311 0.0416311 0.0416311 0.0416311
 0.152858 0.171959 0.171959 0.171959 0.171959
 0.210946 0.237306 0.237306 0.237306 0.237306
 0.0626953 0.07053 0.07053 0.07053 0.07053
 0.32202 0.362261 0.362261 0.362261 0.362261
 0.305679 0.343877 0.343877 0.343877 0.343877
 0.48073 0.540804 0.540804 0.540804 0.540804
 0.303173 0.341059 0.341059 0.341059 0.341059
 0.286491 0.322292 0.322292 0.322292 0.322292
 0.187044 0.210417 0.210417 0.210417 0.210417
 0.196382 0.220923 0.220923 0.220923 0.220923
 0.283958 0.319442 0.319442 0.319442 0.319442
 0.242062 0.272312 0.272312 0.272312 0.272312
 0.18418 0.207195 0.207195 0.207195 0.207195
 0.240949 0.271059 0.271059 0.271059 0.271059
 0.139923 0.157408 0.157408 0.157408 0.157408
 0.120463 0.135516 0.135516 0.135516 0.135516
 0.123721 0.139181 0.139181 0.139181 0.139181
 0.0975718 0.109765 0.109765 0.109765 0.109765
 0.115728 0.13019 0.13019 0.13019 0.13019
 0.0996724 0.112128 0.112128 0.112128 0.112128
 0.101571 0.114264 0.114264 0.114264 0.114264
 0.133682 0.150388 0.150388 0.150388 0.150388
nmprior
 8 8 7 0
nm_flota  nm_reclas  nm_pelaces    nm_pelaL
inf 10.0099 17.5472 31.1208
cv_recla  cv_pelaces  cv_mph
0.449058 0.487444 1.70942
 ------------------------------------------------
Talla a la edad & desviación 
 8 13.2811 15.8009 17.003 17.5766
 0.8 1.32811 1.58009 1.7003 1.75766
