years
 1991 1992 1993 1994 1995 1996 1997 1998 1999 2000 2001 2002 2003 2004 2005 2006 2007 2008 2009 2010 2011 2012 2013 2014 2015 2016 2017 2018 2019 2020
reclasobs
 0 0 0 0 0 0 0 0 0 252601 567819 844713 477998 351125 339783 2.1784e+06 2.13404e+06 4.81314e+06 1.55562e+06 2.62356e+06 3.21686e+06 3.843e+06 1.13348e+06 3.07943e+06 1.97215e+06 2.03268e+06 2.025e+06 2.42433e+06 2.27542e+06 1.05018e+06
reclaspred
 3.33811e+06 1.72559e+06 868428 774714 713655 2.08159e+06 1.03399e+06 779844 518525 282302 497048 760283 751742 524123 456577 1.47447e+06 1.05033e+06 3.54589e+06 2.70088e+06 1.92154e+06 3.21933e+06 2.70513e+06 1.79292e+06 3.08737e+06 2.20061e+06 1.81972e+06 2.33531e+06 2.72181e+06 2.0095e+06 949413
pelacesobs
 0 0 0 0 0 0 0 0 0 0 0 0 0 0 0 552880 188675 0 991730 2.46772e+06 1.41603e+06 1.21717e+06 2.29649e+06 1.80582e+06 0 1.4828e+06 1.56532e+06 1.57751e+06 1.42118e+06 867257
pelacespred
 2.29045e+06 1.19452e+06 546277 346495 392149 1.11012e+06 532196 561864 300821 126970 266069 340939 382968 246661 214958 604077 532118 1.85996e+06 1.55172e+06 989243 1.67686e+06 1.43271e+06 1.11533e+06 1.90415e+06 1.42789e+06 1.21161e+06 1.59373e+06 1.84059e+06 1.35815e+06 677616
mphobs
 0 0 0 0 0 0 0 0 0 0 0 498337 0 5186 125008 0 168611 109162 213762 579715 649985 157893 87575 83554 0 0 0 0 0 0
mphpred
 543323 342602 151397 85441.1 74117.4 92048.6 220680 93464.2 76448.7 38157.5 18926.8 63466.2 70056.6 54296.3 28246.8 33541.6 162282 107051 371148 227262 239541 291956 288131 192532 326059 252865 188645 227233 360492 193523
desembarqueobs
 494567 514787 250237 358949 120608 361735 552515 73892 212993 205616 52469 317467 293654 387597 252695 516296 358380 742168 942051 627588 828172 859565 418607 520667 417249 300574 407403 355545 319650 289779
desembarquepred
 494538 514443 250195 358934 120603 361666 552298 73893 212999 205612 52468.5 317426 293573 387327 252579 516085 358389 741843 941382 627059 828129 859220 418511 520608 417134 300515 407317 355444 319557 289714
Reclutas
 131711 88367.3 87115.5 90372.2 68186 221362 61775.3 22033.7 27114.2 36858.8 61338.2 110175 91573.9 66765 51235.7 280933 42722.6 477067 258148 220249 269394 399611 57997.1 205481 164565 65911.9 166200 189599 45012.8 31326.6
log_desv_Rt
 0.282808 -0.116303 -0.13057 -0.0938676 -0.375566 0.801995 -0.4743 -1.50523 -1.29775 -0.990709 -0.481403 0.104265 -0.0806587 -0.396626 -0.661368 1.04031 -0.843076 1.56985 0.955727 0.796954 0.998369 1.39269 -0.537412 0.727548 0.505501 -0.409486 0.51539 0.647109 -0.790857 -1.15334
SSB
 1.14116e+06 719578 317985 179455 155671 193333 463501 196306 160568 80143.5 39752.5 133300 147142 114040 59327.7 70448.5 340845 224844 779536 477327 503115 613205 605171 404381 684832 531101 396219 477265 757154 406462
BT
 1.73574e+06 1.20118e+06 556822 533866 366726 1.22042e+06 817060 444521 417822 290000 263833 528232 560733 600158 432021 940662 629943 2.24841e+06 2.00752e+06 1.23754e+06 1.98016e+06 1.82341e+06 1.07235e+06 1.99297e+06 1.32918e+06 1.0616e+06 1.65041e+06 1.77036e+06 1.07781e+06 688747
Ftot
 0.367421 0.710843 0.70942 1.1837 0.45822 0.527081 1.20723 0.249278 1.05546 1.77182 0.334267 1.13693 1.05565 1.88028 1.55629 1.08439 0.827413 0.652094 0.901792 0.877864 0.712841 0.870125 0.572146 0.498598 0.496654 0.423733 0.506307 0.38566 0.379592 0.72612
BD_Bspro_t
 0.943317 0.650277 0.390549 0.290435 0.244639 0.336647 0.464388 0.241207 0.265603 0.183399 0.132121 0.414163 0.30907 0.223021 0.125981 0.149084 0.33954 0.247932 0.455235 0.315349 0.285484 0.324746 0.344997 0.291367 0.441785 0.439476 0.42677 0.505365 0.598525 0.448174
BD_Bspro
 1.61497 1.01834 0.450012 0.253964 0.220306 0.273604 0.655945 0.277812 0.227235 0.113419 0.0562576 0.188646 0.208235 0.161389 0.0839604 0.0996985 0.482363 0.318198 1.1032 0.675511 0.712007 0.867805 0.856436 0.572279 0.969172 0.751612 0.560727 0.675424 1.07152 0.575224
BD_Bo
 0.929331 0.586005 0.258959 0.146143 0.126775 0.157445 0.377463 0.159867 0.130762 0.0652667 0.0323734 0.108556 0.119829 0.0928714 0.0483149 0.0573714 0.277576 0.183107 0.634833 0.388722 0.409724 0.499378 0.492835 0.329317 0.557709 0.432515 0.32267 0.388672 0.616606 0.331012
BD_Brms
 1.68969 1.06546 0.470834 0.265715 0.230499 0.286264 0.686296 0.290666 0.23775 0.118667 0.0588607 0.197375 0.217871 0.168857 0.0878453 0.104312 0.504683 0.332921 1.15424 0.706768 0.744952 0.90796 0.896064 0.598759 1.01402 0.78639 0.586673 0.706676 1.1211 0.60184
Sel_flota
 0.6173 0.968402 0.998286 0.99991 0.999995
 0.6173 0.968402 0.998286 0.99991 0.999995
 0.6173 0.968402 0.998286 0.99991 0.999995
 0.6173 0.968402 0.998286 0.99991 0.999995
 0.6173 0.968402 0.998286 0.99991 0.999995
 0.6173 0.968402 0.998286 0.99991 0.999995
 0.6173 0.968402 0.998286 0.99991 0.999995
 0.6173 0.968402 0.998286 0.99991 0.999995
 0.6173 0.968402 0.998286 0.99991 0.999995
 0.6173 0.968402 0.998286 0.99991 0.999995
 0.6173 0.968402 0.998286 0.99991 0.999995
 0.6173 0.968402 0.998286 0.99991 0.999995
 0.6173 0.968402 0.998286 0.99991 0.999995
 0.6173 0.968402 0.998286 0.99991 0.999995
 0.6173 0.968402 0.998286 0.99991 0.999995
 0.6173 0.968402 0.998286 0.99991 0.999995
 0.6173 0.968402 0.998286 0.99991 0.999995
 0.6173 0.968402 0.998286 0.99991 0.999995
 0.6173 0.968402 0.998286 0.99991 0.999995
 0.6173 0.968402 0.998286 0.99991 0.999995
 0.6173 0.968402 0.998286 0.99991 0.999995
 0.6173 0.968402 0.998286 0.99991 0.999995
 0.6173 0.968402 0.998286 0.99991 0.999995
 0.6173 0.968402 0.998286 0.99991 0.999995
 0.6173 0.968402 0.998286 0.99991 0.999995
 0.6173 0.968402 0.998286 0.99991 0.999995
 0.6173 0.968402 0.998286 0.99991 0.999995
 0.6173 0.968402 0.998286 0.99991 0.999995
 0.6173 0.968402 0.998286 0.99991 0.999995
 0.6173 0.968402 0.998286 0.99991 0.999995
Sel_reclas
 0.918632 0.982704 0.996515 0.999306 0.999862
 0.918632 0.982704 0.996515 0.999306 0.999862
 0.918632 0.982704 0.996515 0.999306 0.999862
 0.918632 0.982704 0.996515 0.999306 0.999862
 0.918632 0.982704 0.996515 0.999306 0.999862
 0.918632 0.982704 0.996515 0.999306 0.999862
 0.918632 0.982704 0.996515 0.999306 0.999862
 0.918632 0.982704 0.996515 0.999306 0.999862
 0.918632 0.982704 0.996515 0.999306 0.999862
 0.918632 0.982704 0.996515 0.999306 0.999862
 0.918632 0.982704 0.996515 0.999306 0.999862
 0.918632 0.982704 0.996515 0.999306 0.999862
 0.918632 0.982704 0.996515 0.999306 0.999862
 0.918632 0.982704 0.996515 0.999306 0.999862
 0.918632 0.982704 0.996515 0.999306 0.999862
 0.918632 0.982704 0.996515 0.999306 0.999862
 0.918632 0.982704 0.996515 0.999306 0.999862
 0.918632 0.982704 0.996515 0.999306 0.999862
 0.918632 0.982704 0.996515 0.999306 0.999862
 0.918632 0.982704 0.996515 0.999306 0.999862
 0.918632 0.982704 0.996515 0.999306 0.999862
 0.918632 0.982704 0.996515 0.999306 0.999862
 0.918632 0.982704 0.996515 0.999306 0.999862
 0.918632 0.982704 0.996515 0.999306 0.999862
 0.918632 0.982704 0.996515 0.999306 0.999862
 0.918632 0.982704 0.996515 0.999306 0.999862
 0.918632 0.982704 0.996515 0.999306 0.999862
 0.918632 0.982704 0.996515 0.999306 0.999862
 0.918632 0.982704 0.996515 0.999306 0.999862
 0.918632 0.982704 0.996515 0.999306 0.999862
Sel_pelaces
 0.547748 0.859062 0.96843 0.993564 0.998715
 0.547748 0.859062 0.96843 0.993564 0.998715
 0.547748 0.859062 0.96843 0.993564 0.998715
 0.547748 0.859062 0.96843 0.993564 0.998715
 0.547748 0.859062 0.96843 0.993564 0.998715
 0.547748 0.859062 0.96843 0.993564 0.998715
 0.547748 0.859062 0.96843 0.993564 0.998715
 0.547748 0.859062 0.96843 0.993564 0.998715
 0.547748 0.859062 0.96843 0.993564 0.998715
 0.547748 0.859062 0.96843 0.993564 0.998715
 0.547748 0.859062 0.96843 0.993564 0.998715
 0.547748 0.859062 0.96843 0.993564 0.998715
 0.547748 0.859062 0.96843 0.993564 0.998715
 0.547748 0.859062 0.96843 0.993564 0.998715
 0.547748 0.859062 0.96843 0.993564 0.998715
 0.547748 0.859062 0.96843 0.993564 0.998715
 0.547748 0.859062 0.96843 0.993564 0.998715
 0.547748 0.859062 0.96843 0.993564 0.998715
 0.547748 0.859062 0.96843 0.993564 0.998715
 0.547748 0.859062 0.96843 0.993564 0.998715
 0.547748 0.859062 0.96843 0.993564 0.998715
 0.547748 0.859062 0.96843 0.993564 0.998715
 0.547748 0.859062 0.96843 0.993564 0.998715
 0.547748 0.859062 0.96843 0.993564 0.998715
 0.547748 0.859062 0.96843 0.993564 0.998715
 0.547748 0.859062 0.96843 0.993564 0.998715
 0.547748 0.859062 0.96843 0.993564 0.998715
 0.547748 0.859062 0.96843 0.993564 0.998715
 0.547748 0.859062 0.96843 0.993564 0.998715
 0.547748 0.859062 0.96843 0.993564 0.998715
pf_obs 
 0.8446 0.082 0.0669 0.0065 0
 0.8095 0.147 0.0364 0.0071 0
 0.9664 0.0169 0.016 0.0007 0
 0.9276 0.0648 0.0075 0.0001 0
 0.7033 0.2144 0.0806 0.0017 0
 0.9318 0.0425 0.0243 0.0014 0
 0.5671 0.3108 0.0964 0.0239 0.0018
 0.0768 0.2599 0.5324 0.112 0.0189
 0.490249 0.384438 0.106611 0.0170017 0.00170017
 0.7925 0.1577 0.0466 0.003 0.0002
 0.840416 0.127587 0.0312969 0.00059994 9.999e-05
 0.8084 0.0986 0.0794 0.0134 0.0002
 0.7335 0.1905 0.0724 0.0035 0.0001
 0.4001 0.4547 0.1325 0.0127 0
 0.49795 0.308269 0.164784 0.0264974 0.00249975
 0.9179 0.0499 0.0305 0.0017 0
 0.2467 0.6533 0.0926 0.0074 0
 0.9418 0.0223 0.034 0.0019 0
 0.707729 0.231977 0.0356964 0.0245975 0
 0.517169 0.277429 0.184464 0.0207286 0.00020938
 0.811772 0.124168 0.05621 0.00726502 0.000585176
 0.764997 0.148141 0.077277 0.00933861 0.000247198
 0.163321 0.427699 0.378323 0.0303852 0.000271297
 0.753843 0.0900009 0.118128 0.0371064 0.000921714
 0.721811 0.176058 0.0630433 0.0369309 0.00215725
 0.143369 0.312575 0.442814 0.0836902 0.0175525
 0.692698 0.0596174 0.167031 0.0765114 0.00414204
 0.394062 0.376323 0.152708 0.0712218 0.00568511
 0.125707 0.32114 0.495352 0.0537591 0.00404204
 0.23352 0.215282 0.420074 0.123614 0.00750983
pf_pred 
 0.517855 0.17494 0.280246 0.0269592 9.6837e-07
 0.508355 0.317426 0.0646722 0.0999501 0.00959688
 0.655098 0.225242 0.0784575 0.015317 0.0258854
 0.714143 0.221891 0.0424026 0.0141501 0.00741331
 0.707118 0.244639 0.0378906 0.00686924 0.00348319
 0.865688 0.107989 0.0221223 0.00330016 0.000899817
 0.415856 0.53629 0.0387703 0.00763697 0.00144681
 0.443182 0.328571 0.210449 0.0144277 0.00337063
 0.6165 0.217336 0.099412 0.0615553 0.0051964
 0.807735 0.146771 0.0263553 0.0114626 0.00767579
 0.891275 0.0988165 0.0076835 0.00129124 0.000934235
 0.803857 0.182696 0.0122608 0.000920131 0.000265992
 0.747078 0.225427 0.0256989 0.00163739 0.000157955
 0.717635 0.241048 0.0370243 0.00401319 0.000279599
 0.814004 0.160318 0.022139 0.00317229 0.000366428
 0.962654 0.0338887 0.00300453 0.000390154 6.21547e-05
 0.359655 0.627997 0.0112572 0.000948738 0.000142433
 0.947052 0.0269334 0.0255351 0.00043756 4.23096e-05
 0.604155 0.383969 0.00616473 0.00560666 0.000105127
 0.681641 0.236128 0.0798759 0.00122386 0.00113108
 0.762361 0.190496 0.0353794 0.011428 0.000336068
 0.791985 0.177473 0.0246905 0.00439347 0.00145752
 0.289533 0.623037 0.0750934 0.00997825 0.00235866
 0.795143 0.0850178 0.105602 0.0122318 0.0020052
 0.637631 0.315687 0.0198121 0.023684 0.00318641
 0.428662 0.428832 0.124769 0.00753662 0.0102005
 0.772712 0.127101 0.0758878 0.0212806 0.00301909
 0.709022 0.248774 0.0240046 0.0137925 0.00440727
 0.306277 0.556741 0.117732 0.0109579 0.00829177
 0.416137 0.24818 0.271314 0.0553382 0.00903009
pobs_RECLAS
 0 0 0 0 0
 0 0 0 0 0
 0 0 0 0 0
 0 0 0 0 0
 0 0 0 0 0
 0 0 0 0 0
 0 0 0 0 0
 0 0 0 0 0
 0 0 0 0 0
 0 0 0 0 0
 0.991045 0.00858322 0.000360255 1.14367e-05 0
 0.934742 0.0480273 0.0164251 0.00080598 0
 0.827803 0.169806 0.00239088 0 0
 0.941827 0.0461693 0.0120037 0 0
 0.791401 0.0380133 0.147996 0.0225897 0
 0.846168 0.0940531 0.0597789 0 0
 0.134021 0.677848 0.182769 0.00536245 0
 0.80878 0.0450904 0.141981 0.00414843 0
 0.846168 0.0940531 0.0597789 0 0
 0.905697 0.0802665 0.012482 0.00150086 5.37128e-05
 0.989698 0.0102097 9.19794e-05 0 0
 0.975433 0.0193895 0.00387452 0.00125025 5.28907e-05
 0.303575 0.632131 0.0575291 0.00676475 0
 0.966965 0.00978017 0.0227588 0.000495775 0
 0.843318 0.132988 0.00938335 0.0141283 0.000182051
 0.564624 0.303363 0.111486 0.0197234 0.00080311
 0.826376 0.0876187 0.0782897 0.00655872 0.00115652
 0.89761 0.0855135 0.0140674 0.00269457 0.000114338
 0.34875 0.467042 0.161289 0.0227151 0.000203297
 0.318654 0.224769 0.449479 0.00709798 0
ppred_RECLAS
 0.617506 0.140338 0.220883 0.0212721 7.64449e-07
 0.611618 0.252407 0.0504419 0.0780364 0.00749626
 0.743086 0.168875 0.0576989 0.0112758 0.0190647
 0.796828 0.158481 0.0296152 0.00989122 0.00518441
 0.783289 0.181541 0.0276152 0.00501183 0.00254254
 0.906441 0.0754899 0.0151833 0.00226743 0.000618522
 0.527452 0.434623 0.0307201 0.00605631 0.00114788
 0.542427 0.271897 0.171181 0.0117489 0.00274609
 0.715126 0.162916 0.0729376 0.045203 0.0038177
 0.874188 0.0966504 0.0168887 0.00734962 0.00492373
 0.924163 0.0690325 0.00527446 0.000887378 0.000642335
 0.864672 0.126239 0.00828732 0.000622475 0.000180027
 0.820836 0.160056 0.0178592 0.0011389 0.000109918
 0.809108 0.163626 0.0244321 0.00264967 0.000184683
 0.876167 0.107106 0.0144206 0.00206775 0.00023895
 0.97564 0.0221487 0.0019216 0.000249751 3.98056e-05
 0.461264 0.528547 0.00928705 0.000783463 0.000117675
 0.964568 0.0181912 0.0169224 0.000290274 2.8081e-05
 0.700448 0.290737 0.00457342 0.00416336 7.81005e-05
 0.766916 0.173779 0.0576041 0.000883456 0.000816861
 0.829723 0.13701 0.024959 0.00807027 0.000237435
 0.853686 0.125196 0.0170685 0.00304013 0.00100902
 0.380124 0.544817 0.0644571 0.00857396 0.00202766
 0.854376 0.061076 0.0744936 0.00863782 0.00141668
 0.725087 0.240036 0.0147925 0.0177024 0.00238276
 0.528976 0.355094 0.101483 0.00613677 0.00830977
 0.836793 0.0919891 0.0539302 0.0151394 0.00214883
 0.7842 0.184957 0.0175333 0.0100854 0.00322419
 0.397182 0.48545 0.100856 0.00939751 0.00711436
 0.521827 0.2055 0.220341 0.0449869 0.00734435
pobs_PELACES
 0 0 0 0 0
 0 0 0 0 0
 0 0 0 0 0
 0 0 0 0 0
 0 0 0 0 0
 0 0 0 0 0
 0 0 0 0 0
 0 0 0 0 0
 0 0 0 0 0
 0 0 0 0 0
 0 0 0 0 0
 0 0 0 0 0
 0 0 0 0 0
 0 0 0 0 0
 0 0 0 0 0
 0 0 0 0 0
 0.505614 0.472636 0.0217494 0 0
 0 0 0 0 0
 0.443492 0.261883 0.143347 0.151278 0
 0.227955 0.32914 0.350689 0.0885471 0.00366901
 0.970185 0.0296113 0.000203453 0 0
 0.997202 0.00247181 0.000326279 0 0
 0.445219 0.490057 0.0546422 0.010081 0
 0.90214 0.0892962 0.00764917 0.000914606 0
 0 0 0 0 0
 0.581667 0.319106 0.0959925 0.00289975 0.000334073
 0.762889 0.0836404 0.116647 0.0363945 0.000428098
 0.88444 0.0763242 0.0277011 0.0115352 0
 0.521256 0.241999 0.230069 0.00667565 0
 0.616807 0.101726 0.260614 0.0208532 0
ppred_PELACES
 0.517913 0.165373 0.288312 0.0284013 1.02536e-06
 0.528153 0.29429 0.0649236 0.10272 0.00991287
 0.673364 0.206653 0.0779449 0.0155782 0.0264602
 0.749832 0.190624 0.0391406 0.013366 0.00703783
 0.718561 0.231538 0.0389776 0.00723553 0.00368757
 0.873067 0.100285 0.0223069 0.0034072 0.00093372
 0.464791 0.488206 0.0379075 0.00764087 0.00145485
 0.443327 0.316524 0.22099 0.0155157 0.00364324
 0.648844 0.191767 0.0944548 0.059856 0.00507848
 0.850368 0.112257 0.0214289 0.00953166 0.00641476
 0.895317 0.0943244 0.00798545 0.00137425 0.000999351
 0.831595 0.156029 0.0112601 0.000864764 0.000251249
 0.777461 0.196669 0.0241428 0.00157428 0.000152634
 0.780086 0.18601 0.0303093 0.00335955 0.000235233
 0.850834 0.127328 0.0187677 0.00275091 0.000319352
 0.968442 0.0284268 0.00271258 0.000360486 5.77185e-05
 0.390795 0.596501 0.011557 0.000997023 0.00015044
 0.95013 0.0243591 0.0250294 0.000439096 4.26736e-05
 0.638294 0.34989 0.00606445 0.00564545 0.00010639
 0.707702 0.212368 0.0775832 0.00121677 0.00113022
 0.779431 0.173736 0.0349378 0.0115532 0.000341472
 0.81255 0.157951 0.0237346 0.00432304 0.00144141
 0.30609 0.601932 0.0787227 0.01071 0.00254449
 0.799468 0.0790853 0.106707 0.0126553 0.00208517
 0.652381 0.298923 0.0203788 0.0249441 0.00337299
 0.439221 0.411557 0.130212 0.00805397 0.0109561
 0.779493 0.118472 0.0768292 0.0220596 0.0031455
 0.718198 0.237489 0.0249327 0.0146696 0.00471137
 0.314901 0.539997 0.124252 0.0118424 0.00900666
 0.432601 0.229614 0.27174 0.0567399 0.00930574
pobs_pel_tallas
 0 0 0 0 0 0 0 0 0 0 0 0 0 0 0 0 0 0 0 0 0 0 0 0 0 0
 0 0 0 0 0 0 0 0 0 0 0 0 0 0 0 0 0 0 0 0 0 0 0 0 0 0
 0 0 0 0 0 0 0 0 0 0 0 0 0 0 0 0 0 0 0 0 0 0 0 0 0 0
 0 0 0 0 0 0 0 0 0 0 0 0 0 0 0 0 0 0 0 0 0 0 0 0 0 0
 0 0 0 0 0 0 0 0 0 0 0 0 0 0 0 0 0 0 0 0 0 0 0 0 0 0
 0 0 0 0 0 0 0 0 0 0 0 0 0 0 0 0 0 0 0 0 0 0 0 0 0 0
 0 0 0 0 0 0 0 0 0 0 0 0 0 0 0 0 0 0 0 0 0 0 0 0 0 0
 0 0 0 0 0 0 0 0 0 0 0 0 0 0 0 0 0 0 0 0 0 0 0 0 0 0
 0 0 0 0 0 0 0 0 0 0 0 0 0 0 0 0 0 0 0 0 0 0 0 0 0 0
 0 0 0 0 0 0 0 0 0 0 0 0 0 0 0 0 0 0 0 0 0 0 0 0 0 0
 0 0 0 0 0 0 0 0 0 0 0 0 0 0 0 0 0 0 0 0 0 0 0 0 0 0
 0 0 0 0 0 0 0 0 0 0 0 0 0 0 0 0 0 0 0 0 0 0 0 0 0 0
 0.00862536 0 0 0.000197151 0.00414017 0.0128641 0.00837892 0.0270097 0.101434 0.158115 0.152841 0.127902 0.109271 0.109419 0.0830992 0.0579132 0.0238553 0.00714673 0.00463305 0.00128148 0.00103504 0.000492878 0.000147863 0.000147863 4.92878e-05 0
 0 0 0 0 0 0 0 0 0 0 0 0 0 0 0 0 0 0 0 0 0 0 0 0 0 0
 0 0 0 0 0 0 0 0.0054083 0.00873648 0.0413646 0.0450493 0.0745869 0.0622846 0.0627006 0.0613931 0.0827291 0.12552 0.122667 0.0946155 0.0697135 0.0546179 0.0294188 0.0215738 0.0213955 0.0102223 0.00600262
 0 0 0 0 0.00359764 0.0251062 0.0480494 0.140153 0.205849 0.193036 0.1447 0.116669 0.0760912 0.0342217 0.00950174 0.001854 0.000860785 0 0 0 0.000165536 0 0.000143464 0 0 0
 0 0 0 0 0 0 0 0.000145254 0.000435761 0.0275982 0.070085 0.0708112 0.156366 0.174668 0.174014 0.160142 0.0824315 0.0480064 0.0283245 0.00493863 0.00203355 0 0 0 0 0
 0 0 0 0 0 0 0 0 0 0 0 0 0 0 0 0 0 0 0 0 0 0 0 0 0 0
 0 0 1.00437e-05 0.000401748 0.00122533 0.00171747 0.00176769 0.0269171 0.070346 0.194647 0.189555 0.159765 0.064822 0.0314167 0.0384472 0.0292271 0.0345202 0.0313363 0.0194345 0.0106764 0.0143323 0.0359363 0.0279516 0.0138201 0.00172751 0
 0 0.0021121 0.0136068 0.0755702 0.200478 0.177729 0.0527432 0.0373336 0.0318909 0.0142505 0.0149659 0.0166563 0.0217959 0.0798694 0.0677717 0.0528807 0.04013 0.0224614 0.0357745 0.0225083 0.00881397 0.00855152 0.00135912 0.000746735 0 0
 0 0 0 0 5.4009e-05 0.00500934 0.000945158 0.0243581 0.138947 0.33067 0.221406 0.137944 0.0707744 0.0437923 0.0131692 0.00525238 0.0047753 0.00276346 9.45158e-05 9.00151e-06 2.25038e-05 9.00151e-06 4.50075e-06 0 0 0
 0.000866109 0.00284123 0.00948549 0.0512746 0.133035 0.25785 0.225252 0.132002 0.0553304 0.0519788 0.0540692 0.017754 0.00435017 0.00159236 0.00146478 0.000404838 0.000125132 0.000115318 0.000107957 0.000100596 0 0 0 0 0 0
 0 0 0 0 0.00144013 0.00171154 0.00461396 0.0210425 0.0478622 0.0707936 0.0888783 0.103762 0.0637923 0.0337046 0.0602308 0.124433 0.169614 0.0934646 0.0462172 0.0250306 0.0313229 0.00938855 0.002487 0.000210481 0 0
 0 0.00764035 0.051015 0.0998891 0.058973 0.0496711 0.0374665 0.0718981 0.12319 0.153886 0.159021 0.0857701 0.0377988 0.023471 0.0147837 0.00900784 0.00315554 0.000888139 0.00291439 0.00214683 0.00393193 0.00274676 0.000635225 9.99891e-05 0 0
 0 0 0 0 0 0 0 0 0 0 0 0 0 0 0 0 0 0 0 0 0 0 0 0 0 0
 0 0 0 0 0 0 0 0 0 0 0 0 0 0 0 0 0 0 0 0 0 0 0 0 0 0
 0 0 0 0 0 0 0 0 0 0 0 0 0 0 0 0 0 0 0 0 0 0 0 0 0 0
 0 0 0 0 0 0 0 0 0 0 0 0 0 0 0 0 0 0 0 0 0 0 0 0 0 0
 0 0 0 0 0 0 0 0 0 0 0 0 0 0 0 0 0 0 0 0 0 0 0 0 0 0
 0 0 0 0 0 0 0 0 0 0 0 0 0 0 0 0 0 0 0 0 0 0 0 0 0 0
ppred_pel_tallas
 1.11211e-16 4.26598e-05 0.000414669 0.00275562 0.0125267 0.0389752 0.0830413 0.121205 0.121221 0.0831214 0.0392454 0.0133124 0.00474802 0.00483031 0.00862253 0.0146919 0.0223336 0.0305259 0.0381674 0.0446146 0.0498084 0.0538148 0.0562537 0.0562477 0.052999 0.0464811
 1.13928e-16 4.35034e-05 0.000422868 0.00281011 0.0127744 0.0397459 0.084684 0.123605 0.123633 0.084823 0.0402128 0.0141238 0.00620143 0.0078397 0.014171 0.0234731 0.0340933 0.0435094 0.0492195 0.0501781 0.0474441 0.0434111 0.0402265 0.0386305 0.0379257 0.0367983
 1.08343e-16 5.54641e-05 0.000539131 0.00358272 0.0162865 0.0506735 0.107966 0.157584 0.157604 0.108064 0.0510021 0.0172365 0.00597146 0.00576757 0.0100261 0.0165955 0.0241576 0.0309254 0.0351157 0.0359213 0.0339655 0.0307984 0.0278579 0.0257267 0.02413 0.0224473
 1.0371e-16 6.17627e-05 0.000600356 0.00398957 0.018136 0.056428 0.120227 0.175478 0.175496 0.120316 0.05673 0.0190083 0.00618032 0.00538657 0.00916295 0.0150805 0.0217899 0.0275556 0.0306527 0.0302927 0.0270828 0.0225854 0.0183466 0.0151541 0.0129609 0.0112973
 1.02534e-16 5.9187e-05 0.000575319 0.0038232 0.0173797 0.0540748 0.115213 0.168161 0.168184 0.115322 0.0544412 0.0184379 0.00648 0.00637669 0.0110816 0.0182382 0.0262943 0.0331222 0.0365902 0.0357099 0.031212 0.0250279 0.0191152 0.0145454 0.011383 0.00915193
 1.0117e-16 7.19134e-05 0.000699024 0.00464526 0.0211167 0.0657019 0.139985 0.204314 0.204324 0.140032 0.0658607 0.0215756 0.00579791 0.00321726 0.00486027 0.00793615 0.01146 0.0144826 0.0160852 0.0158393 0.0140471 0.0115168 0.00905981 0.00710904 0.00568035 0.00458103
 1.02232e-16 3.82843e-05 0.000372137 0.00247298 0.0112419 0.0349778 0.0745257 0.108782 0.108829 0.0747553 0.0357488 0.0134679 0.00805812 0.0125561 0.0231529 0.0381503 0.0547989 0.0685845 0.074928 0.071712 0.0605527 0.0457334 0.0316937 0.0210131 0.0140424 0.00981146
 1.08631e-16 3.65163e-05 0.000354952 0.00235878 0.0107227 0.0333624 0.0710833 0.103755 0.103785 0.0712339 0.0338687 0.0121884 0.00605095 0.00845828 0.0155527 0.0259829 0.038189 0.0496064 0.0575781 0.0607742 0.0598049 0.0564648 0.0523087 0.0477946 0.0425357 0.0361491
 1.09637e-16 5.34445e-05 0.000519499 0.00345226 0.0156935 0.0488283 0.104035 0.151845 0.151864 0.104126 0.0491341 0.0165785 0.00567997 0.00540349 0.00939111 0.0156057 0.0228681 0.0295979 0.0342244 0.0360522 0.0356334 0.0342624 0.0330124 0.0321045 0.031009 0.0290266
 1.02689e-16 7.00437e-05 0.00068085 0.00452449 0.0205677 0.0639937 0.136346 0.199003 0.199014 0.136399 0.0641715 0.0210813 0.0058143 0.00349861 0.0054278 0.00887943 0.0128258 0.0162197 0.0180477 0.0178541 0.0160085 0.0134435 0.0110759 0.00936296 0.00825397 0.00743725
 1.00562e-16 7.37461e-05 0.000716838 0.00476364 0.0216548 0.0673762 0.143553 0.209521 0.20953 0.143597 0.0675252 0.022085 0.00584299 0.00307162 0.00454166 0.00738038 0.0105982 0.0132719 0.0145146 0.0139186 0.011796 0.00897259 0.00630182 0.00427664 0.00295918 0.00215758
 1.00495e-16 6.84974e-05 0.000665819 0.0044246 0.0201136 0.062581 0.133336 0.194611 0.194626 0.133409 0.0628273 0.0208249 0.00620913 0.00455842 0.00745224 0.0121879 0.0174941 0.0218795 0.0238726 0.0227927 0.0191551 0.0143326 0.00975367 0.00625721 0.00397078 0.00259635
 1.00931e-16 6.40385e-05 0.000622477 0.00413658 0.0188043 0.0585072 0.124657 0.181944 0.181963 0.124749 0.0588181 0.019702 0.0063895 0.00553923 0.00939766 0.0154235 0.0221842 0.0278361 0.0305409 0.0294422 0.0251664 0.0193937 0.0138577 0.00955538 0.00661878 0.00468777
 1.013e-16 6.42547e-05 0.000624578 0.00415054 0.0188678 0.0587048 0.125077 0.182558 0.182576 0.125165 0.058999 0.0197177 0.0062842 0.00528303 0.00891334 0.0146383 0.0210902 0.0265383 0.0292586 0.0284454 0.0246773 0.0195059 0.0145167 0.0105984 0.00784158 0.0059042
 1.00905e-16 7.00821e-05 0.000681223 0.00452697 0.020579 0.0640288 0.136421 0.199112 0.199125 0.136481 0.0642302 0.0211605 0.00598684 0.00386816 0.00612265 0.0100109 0.0144132 0.0181214 0.0199518 0.0193541 0.0167301 0.0131522 0.00971755 0.00704318 0.0051918 0.00392107
 1.00132e-16 7.97693e-05 0.000775386 0.00515271 0.0234235 0.0728792 0.155277 0.226632 0.226635 0.15529 0.0729241 0.0235532 0.00547809 0.00148531 0.00142693 0.00222977 0.00319724 0.0040053 0.00438316 0.0042071 0.00356982 0.00271813 0.0019074 0.00128545 0.00087217 0.000612831
 1.00612e-16 3.21894e-05 0.000312892 0.00207928 0.00945215 0.0294095 0.0626621 0.0914692 0.0915265 0.0629424 0.0303502 0.0121678 0.00889008 0.0151614 0.0281746 0.0463763 0.0664486 0.0828122 0.0898039 0.0848127 0.0698773 0.0504024 0.0320632 0.0182656 0.00960303 0.00490458
 1.0078e-16 7.82609e-05 0.000760724 0.00505528 0.0229806 0.0715011 0.152341 0.222346 0.222349 0.152352 0.0715403 0.0230942 0.0053422 0.00139228 0.00129289 0.00205298 0.00304103 0.00401263 0.00476871 0.00520514 0.00534819 0.00529511 0.00511457 0.00479979 0.00430712 0.00362898
 1.00849e-16 5.25755e-05 0.000511053 0.00339613 0.0154383 0.0480345 0.102344 0.149381 0.149415 0.102508 0.0485863 0.0170313 0.00739136 0.00922145 0.0165623 0.0272113 0.038992 0.0486102 0.0527503 0.0498915 0.0412395 0.0299687 0.0193996 0.0115064 0.00660069 0.00395689
 1.02607e-16 5.82925e-05 0.000566624 0.00376541 0.017117 0.0532576 0.113472 0.16562 0.16564 0.113572 0.0535949 0.0180922 0.00621653 0.00592847 0.0102735 0.0169748 0.0246379 0.0313739 0.0352751 0.0354213 0.0323699 0.0276774 0.0228771 0.0187443 0.0152832 0.0121913
 1.0227e-16 6.42008e-05 0.000624054 0.00414706 0.0188519 0.0586555 0.124972 0.182404 0.182421 0.125054 0.0589306 0.0196468 0.00614308 0.00498429 0.0083537 0.0137314 0.0198274 0.0250454 0.0278001 0.0273579 0.0242574 0.0199154 0.0157477 0.0124986 0.0101711 0.00839437
 1.01403e-16 6.69287e-05 0.000650571 0.00432327 0.019653 0.0611478 0.130282 0.190154 0.190169 0.130357 0.0613976 0.0203745 0.00613456 0.00460488 0.0075776 0.0124232 0.0178933 0.0225083 0.0248051 0.0241056 0.0209111 0.0165515 0.0123829 0.00915943 0.00694423 0.00542152
 1.03931e-16 2.52124e-05 0.000245073 0.0016286 0.00740342 0.0230351 0.0490809 0.0716471 0.0717051 0.0493643 0.0239867 0.0101517 0.00852634 0.0153004 0.0286105 0.0472385 0.0679962 0.0853959 0.0938434 0.0907352 0.0779927 0.0607375 0.0442288 0.031451 0.0227375 0.0169329
 1.04722e-16 6.58511e-05 0.000640096 0.00425366 0.0193365 0.0601632 0.128184 0.18709 0.187098 0.128222 0.0602914 0.0197088 0.0051954 0.00272002 0.00408664 0.00683598 0.01027 0.0138084 0.0168777 0.0191706 0.0207358 0.0217654 0.0222855 0.0220576 0.0207757 0.0183602
 1.03737e-16 5.37359e-05 0.000522332 0.00347108 0.015779 0.0490946 0.104602 0.152676 0.152705 0.104743 0.0495667 0.0171423 0.0068918 0.00798571 0.0142164 0.0233883 0.0336213 0.0421516 0.0462113 0.0445523 0.03821 0.0298275 0.0220896 0.0164731 0.0130313 0.0109939
 1.06525e-16 3.61781e-05 0.000351664 0.00233694 0.0106234 0.0330535 0.0704255 0.102796 0.102836 0.0706199 0.0337066 0.0125112 0.00708089 0.0107252 0.0197881 0.0327885 0.0475353 0.0604099 0.0677154 0.0676996 0.0615209 0.0523137 0.0431676 0.035644 0.0297048 0.0246085
 1.04993e-16 6.42059e-05 0.000624104 0.00414739 0.0188534 0.0586601 0.124982 0.182417 0.182429 0.125038 0.0588495 0.0194019 0.00552885 0.00365603 0.00587002 0.00972773 0.0143004 0.0186003 0.0216547 0.0230036 0.0229202 0.0221103 0.0211531 0.0201593 0.0188656 0.0169826
 1.03049e-16 5.9157e-05 0.000575027 0.00382126 0.0173709 0.0540475 0.115155 0.168076 0.168099 0.115266 0.0544228 0.0184549 0.00654171 0.00651236 0.0113312 0.0186292 0.0268089 0.0336723 0.0370262 0.0358731 0.031012 0.0245018 0.0184312 0.0139444 0.0110865 0.00928082
 1.06436e-16 2.59381e-05 0.000252128 0.00167548 0.00761652 0.0236981 0.0504932 0.0737072 0.0737594 0.0507479 0.0245535 0.0100882 0.00788316 0.0138149 0.0258171 0.0427253 0.0617422 0.0780489 0.0867211 0.0854468 0.0758441 0.0622504 0.0490239 0.0384952 0.0307621 0.0248071
 1.15166e-16 3.56328e-05 0.000346364 0.00230171 0.0104632 0.0325552 0.0693631 0.101242 0.101265 0.0694733 0.0329264 0.0115404 0.00502438 0.00635252 0.0116261 0.0196447 0.02942 0.0393527 0.0477743 0.0538394 0.05782 0.0604727 0.0620735 0.062032 0.0593882 0.0536675
pSPR Fmed_Fpbrs
0.358734   0.6 0.325
Fs Fmed_Fpbrs
0.708582   0.316256 0.792712
SSBpbr Bo_Bmed_Bpbrs
1.22794e+06  379106  675366 337683
Ro
99266.2
SPR SPRFo_SPRFmed_SPRFpbrs
706616 253487 229650
Fref
0.316256
log_Ro
11.3256
likeval ReclasPelacesDesembMPH_pf_preclas_ppelaces_ptallas_desvR_qrecl_qpela
 11.4483 15.7019 0.0182183 0.000832356 234.071 103.522 80.4249 0 27.1215 3.9309e-05 0.000115393 0.0115494 3.02361e-16 0 0
q_reclas_q_pelaces
2.43134 4.61024
M
1
N
 131711 29846.2 46580 4474.69 0.160718
 88367.3 38621.3 7692.51 11874.4 1140.06
 87115.5 20961.7 7137.93 1391.83 2352.02
 90372.2 20683 3879.46 1293.33 677.546
 68186 16010.4 2418.17 437.807 221.984
 221362 18904.1 3779.15 563.031 153.505
 61775.3 58817.1 4174.33 821.454 155.615
 22033.7 10786.4 6721.77 460.149 107.493
 27114.2 6949.68 3117.03 1928.03 162.753
 36858.8 5199.3 919.972 399.809 267.716
 61338.2 4541.92 343.931 57.7173 41.7564
 110175 18357.9 1208.82 90.6266 26.197
 91573.9 20090.4 2245.79 142.939 13.7883
 66765 17557.7 2658.99 288.002 20.0643
 51235.7 7694.31 1045.63 149.702 17.2911
 280933 7211.96 627.112 81.35 12.959
 42722.6 52916.8 928.315 78.1473 11.7314
 477067 9430.67 8736.01 149.512 14.4561
 258148 117345 1845 1676.11 31.4259
 220249 54426.7 18026.1 275.886 254.957
 269394 47127.4 8556.84 2760.64 81.1782
 399611 63824.5 8693.16 1545.13 512.562
 57997.1 85915.4 10109.8 1341.66 317.119
 205481 14987.4 18161.4 2100.85 344.375
 164565 55565.8 3402 4061.5 546.39
 65911.9 44554.9 12636.7 762.282 1031.65
 166200 18666.8 10874 3045.31 432.009
 189599 44730.3 4205.7 2413.16 771.047
 45012.8 54973.2 11326.9 1052.79 796.579
 31326.6 13100.2 14002.7 2852.62 465.461
pred_Ctot
 17210.2 5813.88 9313.58 895.952 0.0321825
 20557.2 12836.3 2615.26 4041.85 388.086
 20232.3 6956.46 2423.11 473.056 799.453
 31395.5 9754.89 1864.12 622.073 325.907
 10866.2 3759.34 582.261 105.559 53.5259
 39903.5 4977.72 1019.72 152.119 41.4767
 21772.6 28078.1 2029.86 399.842 75.7494
 2011.59 1491.37 955.22 65.4869 15.2992
 8645.48 3047.81 1394.1 863.22 72.8716
 16881.9 3067.57 550.835 239.573 160.427
 7351.7 815.09 63.3775 10.6508 7.70606
 37150.5 8443.33 566.634 42.5241 12.2929
 29202.8 8811.81 1004.55 64.0044 6.17435
 31732 10658.5 1637.12 177.453 12.3631
 21570.6 4248.33 586.669 84.0639 9.71013
 91429.8 3218.64 285.36 37.0556 5.90325
 11255.4 19653.2 352.294 29.6908 4.45744
 103243 2936.13 2783.7 47.7004 4.61237
 72851.7 46300.7 743.371 676.076 12.6767
 60843.9 21077 7129.8 109.243 100.961
 62816.5 15696.3 2915.17 941.639 27.6911
 109617 24563.6 3417.35 608.089 201.731
 11225.7 24156.2 2911.5 386.874 91.4492
 35282.2 3772.42 4685.79 542.752 88.9751
 28159.9 13941.8 874.967 1045.97 140.722
 9795.66 9799.55 2851.17 172.225 233.1
 28924.5 4757.69 2840.67 796.584 113.012
 25887.2 9083.02 876.438 503.582 160.915
 6058.25 11012.5 2328.77 216.75 164.014
 7417.35 4423.64 4835.99 986.365 160.955
F
 0.226809 0.355811 0.366791 0.367387 0.367419
 0.438804 0.688382 0.709625 0.710779 0.71084
 0.437925 0.687003 0.708203 0.709356 0.709416
 0.730698 1.1463 1.18167 1.18359 1.18369
 0.282859 0.443741 0.457434 0.458179 0.458218
 0.325367 0.510427 0.526178 0.527034 0.527079
 0.745221 1.16908 1.20516 1.20712 1.20722
 0.15388 0.241402 0.248851 0.249256 0.249277
 0.651534 1.02211 1.05365 1.05536 1.05545
 1.09375 1.71584 1.76879 1.77166 1.77182
 0.206343 0.323705 0.333694 0.334237 0.334265
 0.701826 1.101 1.13498 1.13683 1.13692
 0.651654 1.0223 1.05384 1.05556 1.05565
 1.1607 1.82087 1.87706 1.88011 1.88027
 0.960695 1.50711 1.55362 1.55615 1.55628
 0.669394 1.05013 1.08253 1.08429 1.08438
 0.510762 0.801268 0.825994 0.827338 0.827409
 0.402537 0.631488 0.650976 0.652035 0.65209
 0.556676 0.873297 0.900246 0.90171 0.901788
 0.541905 0.850125 0.876359 0.877785 0.87786
 0.440037 0.690317 0.711619 0.712777 0.712838
 0.537128 0.84263 0.868633 0.870046 0.870121
 0.353186 0.554067 0.571165 0.572094 0.572143
 0.307785 0.482843 0.497743 0.498553 0.498596
 0.306584 0.48096 0.495802 0.496609 0.496651
 0.261571 0.410344 0.423007 0.423695 0.423731
 0.312543 0.490309 0.505439 0.506261 0.506305
 0.238068 0.373473 0.384998 0.385625 0.385658
 0.234322 0.367597 0.378941 0.379557 0.37959
 0.448234 0.703176 0.724875 0.726054 0.726116
nmprior
 8 8 7 0
nm_flota  nm_reclas  nm_pelaces    nm_pelaL
inf 17.2479 10.1495 16.1337
cv_recla  cv_pelaces  cv_mph
0.313255 0.466273 0.890348
 ------------------------------------------------
Talla a la edad & desviación 
 8 13.2811 15.8009 17.003 17.5766
 0.8 1.32811 1.58009 1.7003 1.75766
