    unsorted:	 4.395948632e-05 0.001099980684 4.996701773 4.932178673 8.593383371 14.83480691 15.30695075 51.97515976 54.00880739 90.65722337 105.8752315 146.0863873 167.6808161 211.6945210 294.7498911 383.8548359 432.1196412 489.4698183 549.8366081 583.1783959 640.3063788 773.5709963 781.1057855 819.3474330 860.9213367 921.4984637 950.7434403 978.6681608 1055.385420 1098.065179 1181.182904 1233.878547 1263.430537 1322.085880 1497.400303 1549.886591 1642.690228 1878.546375 1952.464258 2183.369387 2445.188068 2837.927665 18513.11574 33365.83666 163010.3033 316222.1413 308915.7254 293825.3742 327004.9308 335330.6533 262791.6162 353201.7149 217026.4569 452115.8228 525570.1240 598660.5011 688102.2675 753228.2251 767668.1498 812277.6373 950175.1983 1172210.652 1396045.181 1470052.150 1595625.228 1652363.353 1864774.543 2063442.087 2342763.003 2385609.995 2814738.633 2968921.143 3437358.402 3684821.952 4610223.402
      sorted:	 4.395948632e-05 0.001099980684 4.932178673 4.996701773 8.593383371 14.83480691 15.30695075 51.97515976 54.00880739 90.65722337 105.8752315 146.0863873 167.6808161 211.6945210 294.7498911 383.8548359 432.1196412 489.4698183 549.8366081 583.1783959 640.3063788 773.5709963 781.1057855 819.3474330 860.9213367 921.4984637 950.7434403 978.6681608 1055.385420 1098.065179 1181.182904 1233.878547 1263.430537 1322.085880 1497.400303 1549.886591 1642.690228 1878.546375 1952.464258 2183.369387 2445.188068 2837.927665 18513.11574 33365.83666 163010.3033 217026.4569 262791.6162 293825.3742 308915.7254 316222.1413 327004.9308 335330.6533 353201.7149 452115.8228 525570.1240 598660.5011 688102.2675 753228.2251 767668.1498 812277.6373 950175.1983 1172210.652 1396045.181 1470052.150 1595625.228 1652363.353 1864774.543 2063442.087 2342763.003 2385609.995 2814738.633 2968921.143 3437358.402 3684821.952 4610223.402
