years
 1991 1992 1993 1994 1995 1996 1997 1998 1999 2000 2001 2002 2003 2004 2005 2006 2007 2008 2009 2010 2011 2012 2013 2014 2015 2016 2017 2018 2019 2020
reclasobs
 0 0 0 0 0 0 0 0 0 252601 567819 844713 477998 351125 339783 2.1784e+06 2.13404e+06 4.81314e+06 1.55562e+06 2.62356e+06 3.21686e+06 3.843e+06 1.13348e+06 3.07943e+06 1.97215e+06 2.03268e+06 2.025e+06 2.42433e+06 2.27542e+06 1.05018e+06
reclaspred
 7.67578e+06 2.07596e+06 1.47981e+06 1.01213e+06 73378.6 1.04481e+07 8.56498e+06 5.19098e+06 2.33204e+06 205545 318191 1.08249e+06 641270 652104 378892 1.96225e+06 754103 5.22183e+06 2.17245e+06 2.45807e+06 2.75429e+06 3.33792e+06 1.61241e+06 3.3946e+06 2.61615e+06 1.39697e+06 2.04134e+06 4.08558e+06 3.14996e+06 572562
pelacesobs
 0 0 0 0 0 0 0 0 0 0 0 0 0 0 0 552880 188675 0 991730 2.46772e+06 1.41603e+06 1.21717e+06 2.29649e+06 1.80582e+06 0 1.4828e+06 1.56532e+06 1.57751e+06 1.42118e+06 867257
pelacespred
 7.62965e+06 1.92617e+06 826116 458995 22388.4 6.73275e+06 7.22647e+06 5.60121e+06 2.52905e+06 113901 169702 511616 309997 316805 163302 892796 356385 3.12984e+06 1.20687e+06 1.11858e+06 1.41545e+06 1.69064e+06 974749 2.23684e+06 1.72005e+06 927904 1.40915e+06 2.94953e+06 2.38701e+06 399117
mphobs
 0 0 0 0 0 0 0 0 0 0 0 498337 0 5186 125008 0 168611 109162 213762 579715 649985 157893 87575 83554 0 0 0 0 0 0
mphpred
 1.96817e+06 776854 124974 253404 52805.9 2183.6 2.16437e+06 1.24064e+06 676617 148349 5566.46 46690.3 123550 39446.1 34506.2 26240.2 257886 51964.5 704224 141880 374772 246176 458490 153733 455963 357442 121304 246446 766264 274885
desembarqueobs
 494567 514787 250237 358949 120608 361735 552515 73892 212993 205616 52469 317467 293654 387597 252695 516296 358380 742168 942051 627588 828172 859565 418607 520667 417249 300574 407403 355545 319650 289779
desembarquepred
 494466 513914 250793 357753 120348 361598 552116 73875.3 212779 205129 52432.6 316982 293050 386566 252163 515477 357942 741224 939704 626186 827089 857917 418029 520089 416550 300072 406780 355147 319151 288847
Reclutas
 2191.69 1320.42 230750 9832.94 1724.96 813268 1966.63 564.78 1047.59 2105.76 33104.5 138438 48879.6 76870.5 38992 265498 3115.9 512832 68242.5 286698 144131 449070 3654.31 180341 146159 10983.9 129914 216148 6584.93 2034.31
log_desv_Rt
 -2.47813 -2.98486 2.17853 -0.977068 -2.71761 3.43825 -2.58648 -3.83412 -3.21631 -2.51813 0.236863 1.66762 0.626554 1.07932 0.400549 2.3188 -2.12629 2.97714 0.960261 2.39562 1.70792 2.84437 -1.9669 1.93205 1.72189 -0.866377 1.60407 2.11316 -1.37802 -2.55265
SSB
 1.8412e+06 726735 116911 237056 49399.1 2042.72 2.02473e+06 1.1606e+06 632966 138778 5207.34 43678.1 115579 36901.2 32280.1 24547.3 241249 48612 658792 132727 350594 230294 428911 143815 426547 334381 113478 230547 716829 257151
BT
 2.26674e+06 1.00614e+06 529758 374132 108969 3.58087e+06 2.48621e+06 1.38134e+06 800036 266295 123064 495200 374965 552906 322830 833216 381040 2.16846e+06 1.25548e+06 969866 1.21838e+06 1.45997e+06 609568 1.4936e+06 974854 517972 1.05638e+06 1.6332e+06 919928 411673
Ftot
 0.286675 1.01011 0.983475 1.38711 3.72891 0.2322 0.284849 0.064623 0.404931 2.84973 1.0346 1.66718 2.01437 2.98838 3.19337 1.59435 1.7304 0.903314 1.71285 1.46047 1.43649 1.43972 1.05207 0.911757 0.801018 0.917185 1.15941 0.524481 0.443532 1.79625
BD_Bspro_t
 0.955418 0.640599 0.236464 0.385957 0.0911313 0.00626622 0.800823 0.651 0.586474 0.268501 0.0260456 0.263662 0.265561 0.0902405 0.0734151 0.0599397 0.260542 0.0701078 0.394698 0.120804 0.21977 0.161061 0.267257 0.122417 0.319738 0.319068 0.177526 0.334339 0.578407 0.323804
BD_Bspro
 9.90145 3.90819 0.628715 1.27482 0.265655 0.0109852 10.8885 6.24139 3.40392 0.74631 0.0280037 0.234889 0.621553 0.198445 0.173594 0.132009 1.29737 0.261422 3.5428 0.713771 1.8854 1.23846 2.30657 0.773401 2.29385 1.79821 0.610255 1.23982 3.85491 1.38289
BD_Bo
 1.16683 0.460556 0.0740902 0.15023 0.0313058 0.00129454 1.28314 0.735509 0.401131 0.087948 0.00330006 0.0276802 0.0732462 0.0233855 0.0204569 0.0155564 0.152887 0.030807 0.417497 0.0841134 0.222183 0.145945 0.271815 0.0911405 0.270316 0.211908 0.0719148 0.146105 0.454278 0.162965
BD_Brms
 4.81879 1.90202 0.30598 0.620425 0.129288 0.00534623 5.29915 3.03753 1.6566 0.363211 0.0136287 0.114315 0.302495 0.0965782 0.0844837 0.0642454 0.631399 0.127228 1.72419 0.347374 0.917577 0.602728 1.12255 0.376395 1.11636 0.875146 0.296996 0.603388 1.87609 0.673017
Sel_flota
 0.495753 0.949187 0.99719 0.999852 0.999992
 0.495753 0.949187 0.99719 0.999852 0.999992
 0.495753 0.949187 0.99719 0.999852 0.999992
 0.495753 0.949187 0.99719 0.999852 0.999992
 0.495753 0.949187 0.99719 0.999852 0.999992
 0.495753 0.949187 0.99719 0.999852 0.999992
 0.495753 0.949187 0.99719 0.999852 0.999992
 0.495753 0.949187 0.99719 0.999852 0.999992
 0.495753 0.949187 0.99719 0.999852 0.999992
 0.495753 0.949187 0.99719 0.999852 0.999992
 0.495753 0.949187 0.99719 0.999852 0.999992
 0.495753 0.949187 0.99719 0.999852 0.999992
 0.495753 0.949187 0.99719 0.999852 0.999992
 0.495753 0.949187 0.99719 0.999852 0.999992
 0.495753 0.949187 0.99719 0.999852 0.999992
 0.495753 0.949187 0.99719 0.999852 0.999992
 0.495753 0.949187 0.99719 0.999852 0.999992
 0.495753 0.949187 0.99719 0.999852 0.999992
 0.495753 0.949187 0.99719 0.999852 0.999992
 0.495753 0.949187 0.99719 0.999852 0.999992
 0.495753 0.949187 0.99719 0.999852 0.999992
 0.495753 0.949187 0.99719 0.999852 0.999992
 0.495753 0.949187 0.99719 0.999852 0.999992
 0.495753 0.949187 0.99719 0.999852 0.999992
 0.495753 0.949187 0.99719 0.999852 0.999992
 0.495753 0.949187 0.99719 0.999852 0.999992
 0.495753 0.949187 0.99719 0.999852 0.999992
 0.495753 0.949187 0.99719 0.999852 0.999992
 0.495753 0.949187 0.99719 0.999852 0.999992
 0.495753 0.949187 0.99719 0.999852 0.999992
Sel_reclas
 0.728027 0.930899 0.985465 0.997078 0.999418
 0.728027 0.930899 0.985465 0.997078 0.999418
 0.728027 0.930899 0.985465 0.997078 0.999418
 0.728027 0.930899 0.985465 0.997078 0.999418
 0.728027 0.930899 0.985465 0.997078 0.999418
 0.728027 0.930899 0.985465 0.997078 0.999418
 0.728027 0.930899 0.985465 0.997078 0.999418
 0.728027 0.930899 0.985465 0.997078 0.999418
 0.728027 0.930899 0.985465 0.997078 0.999418
 0.728027 0.930899 0.985465 0.997078 0.999418
 0.728027 0.930899 0.985465 0.997078 0.999418
 0.728027 0.930899 0.985465 0.997078 0.999418
 0.728027 0.930899 0.985465 0.997078 0.999418
 0.728027 0.930899 0.985465 0.997078 0.999418
 0.728027 0.930899 0.985465 0.997078 0.999418
 0.728027 0.930899 0.985465 0.997078 0.999418
 0.728027 0.930899 0.985465 0.997078 0.999418
 0.728027 0.930899 0.985465 0.997078 0.999418
 0.728027 0.930899 0.985465 0.997078 0.999418
 0.728027 0.930899 0.985465 0.997078 0.999418
 0.728027 0.930899 0.985465 0.997078 0.999418
 0.728027 0.930899 0.985465 0.997078 0.999418
 0.728027 0.930899 0.985465 0.997078 0.999418
 0.728027 0.930899 0.985465 0.997078 0.999418
 0.728027 0.930899 0.985465 0.997078 0.999418
 0.728027 0.930899 0.985465 0.997078 0.999418
 0.728027 0.930899 0.985465 0.997078 0.999418
 0.728027 0.930899 0.985465 0.997078 0.999418
 0.728027 0.930899 0.985465 0.997078 0.999418
 0.728027 0.930899 0.985465 0.997078 0.999418
Sel_pelaces
 0.460812 0.811359 0.955842 0.990904 0.998179
 0.460812 0.811359 0.955842 0.990904 0.998179
 0.460812 0.811359 0.955842 0.990904 0.998179
 0.460812 0.811359 0.955842 0.990904 0.998179
 0.460812 0.811359 0.955842 0.990904 0.998179
 0.460812 0.811359 0.955842 0.990904 0.998179
 0.460812 0.811359 0.955842 0.990904 0.998179
 0.460812 0.811359 0.955842 0.990904 0.998179
 0.460812 0.811359 0.955842 0.990904 0.998179
 0.460812 0.811359 0.955842 0.990904 0.998179
 0.460812 0.811359 0.955842 0.990904 0.998179
 0.460812 0.811359 0.955842 0.990904 0.998179
 0.460812 0.811359 0.955842 0.990904 0.998179
 0.460812 0.811359 0.955842 0.990904 0.998179
 0.460812 0.811359 0.955842 0.990904 0.998179
 0.460812 0.811359 0.955842 0.990904 0.998179
 0.460812 0.811359 0.955842 0.990904 0.998179
 0.460812 0.811359 0.955842 0.990904 0.998179
 0.460812 0.811359 0.955842 0.990904 0.998179
 0.460812 0.811359 0.955842 0.990904 0.998179
 0.460812 0.811359 0.955842 0.990904 0.998179
 0.460812 0.811359 0.955842 0.990904 0.998179
 0.460812 0.811359 0.955842 0.990904 0.998179
 0.460812 0.811359 0.955842 0.990904 0.998179
 0.460812 0.811359 0.955842 0.990904 0.998179
 0.460812 0.811359 0.955842 0.990904 0.998179
 0.460812 0.811359 0.955842 0.990904 0.998179
 0.460812 0.811359 0.955842 0.990904 0.998179
 0.460812 0.811359 0.955842 0.990904 0.998179
 0.460812 0.811359 0.955842 0.990904 0.998179
pf_obs 
 0.8446 0.082 0.0669 0.0065 0
 0.8095 0.147 0.0364 0.0071 0
 0.9664 0.0169 0.016 0.0007 0
 0.9276 0.0648 0.0075 0.0001 0
 0.7033 0.2144 0.0806 0.0017 0
 0.9318 0.0425 0.0243 0.0014 0
 0.5671 0.3108 0.0964 0.0239 0.0018
 0.0768 0.2599 0.5324 0.112 0.0189
 0.490249 0.384438 0.106611 0.0170017 0.00170017
 0.7925 0.1577 0.0466 0.003 0.0002
 0.840416 0.127587 0.0312969 0.00059994 9.999e-05
 0.8084 0.0986 0.0794 0.0134 0.0002
 0.7335 0.1905 0.0724 0.0035 0.0001
 0.4001 0.4547 0.1325 0.0127 0
 0.49795 0.308269 0.164784 0.0264974 0.00249975
 0.9179 0.0499 0.0305 0.0017 0
 0.2467 0.6533 0.0926 0.0074 0
 0.9418 0.0223 0.034 0.0019 0
 0.707729 0.231977 0.0356964 0.0245975 0
 0.517169 0.277429 0.184464 0.0207286 0.00020938
 0.811772 0.124168 0.05621 0.00726502 0.000585176
 0.764997 0.148141 0.077277 0.00933861 0.000247198
 0.163321 0.427699 0.378323 0.0303852 0.000271297
 0.753843 0.0900009 0.118128 0.0371064 0.000921714
 0.721811 0.176058 0.0630433 0.0369309 0.00215725
 0.143369 0.312575 0.442814 0.0836902 0.0175525
 0.692698 0.0596174 0.167031 0.0765114 0.00414204
 0.394062 0.376323 0.152708 0.0712218 0.00568511
 0.125707 0.32114 0.495352 0.0537591 0.00404204
 0.23352 0.215282 0.420074 0.123614 0.00750983
pf_pred 
 0.0105122 0.147125 0.741426 0.100936 4.91037e-07
 0.0247857 0.0212911 0.148766 0.708936 0.0962207
 0.96857 0.00201144 0.000696571 0.00449582 0.0242264
 0.107785 0.881508 0.000740493 0.000237029 0.00972975
 0.161832 0.215277 0.616112 0.000471142 0.00630715
 0.999619 0.000225327 4.58093e-05 0.000108525 1.18093e-06
 0.00404011 0.99577 0.000115056 2.21691e-05 5.29369e-05
 0.0037566 0.00790367 0.988161 0.000108067 7.03254e-05
 0.0210091 0.00718556 0.00809302 0.963539 0.000173478
 0.186675 0.0373377 0.00606687 0.00643266 0.763488
 0.983745 0.00905754 0.000384738 5.37334e-05 0.00675937
 0.926713 0.072827 0.000266146 1.04293e-05 0.000183832
 0.598078 0.391956 0.00990942 3.26385e-05 2.36805e-05
 0.880601 0.100339 0.0186396 0.000418866 2.36485e-06
 0.81932 0.176066 0.00397097 0.000629705 1.41067e-05
 0.982927 0.0164059 0.000652294 1.24553e-05 2.00088e-06
 0.0450715 0.949497 0.00523884 0.000188275 4.14933e-06
 0.988052 0.0015421 0.0103531 5.13923e-05 1.87672e-06
 0.275143 0.721482 0.000465368 0.00289528 1.48349e-05
 0.904752 0.0518092 0.0432579 2.51104e-05 0.000156118
 0.639823 0.348003 0.00690984 0.00524198 2.18407e-05
 0.904006 0.0802538 0.0152557 0.000275468 0.000208757
 0.0263108 0.939228 0.0292452 0.00505631 0.000159639
 0.897479 0.00653091 0.0928498 0.00266681 0.000473531
 0.664776 0.32099 0.000973371 0.0128279 0.000432053
 0.131966 0.713643 0.148296 0.00041838 0.00567703
 0.896344 0.0281091 0.0629333 0.0121172 0.00049588
 0.815402 0.177137 0.00215087 0.00442659 0.000883088
 0.0520236 0.856918 0.0876019 0.000998984 0.00245763
 0.0691423 0.0971896 0.757918 0.0728836 0.00286594
pobs_RECLAS
 0 0 0 0 0
 0 0 0 0 0
 0 0 0 0 0
 0 0 0 0 0
 0 0 0 0 0
 0 0 0 0 0
 0 0 0 0 0
 0 0 0 0 0
 0 0 0 0 0
 0 0 0 0 0
 0.991045 0.00858322 0.000360255 1.14367e-05 0
 0.934742 0.0480273 0.0164251 0.00080598 0
 0.827803 0.169806 0.00239088 0 0
 0.941827 0.0461693 0.0120037 0 0
 0.791401 0.0380133 0.147996 0.0225897 0
 0.846168 0.0940531 0.0597789 0 0
 0.134021 0.677848 0.182769 0.00536245 0
 0.80878 0.0450904 0.141981 0.00414843 0
 0.846168 0.0940531 0.0597789 0 0
 0.905697 0.0802665 0.012482 0.00150086 5.37128e-05
 0.989698 0.0102097 9.19794e-05 0 0
 0.975433 0.0193895 0.00387452 0.00125025 5.28907e-05
 0.303575 0.632131 0.0575291 0.00676475 0
 0.966965 0.00978017 0.0227588 0.000495775 0
 0.843318 0.132988 0.00938335 0.0141283 0.000182051
 0.564624 0.303363 0.111486 0.0197234 0.00080311
 0.826376 0.0876187 0.0782897 0.00655872 0.00115652
 0.89761 0.0855135 0.0140674 0.00269457 0.000114338
 0.34875 0.467042 0.161289 0.0227151 0.000203297
 0.318654 0.224769 0.449479 0.00709798 0
ppred_RECLAS
 0.0157604 0.145441 0.737493 0.101305 4.93919e-07
 0.0386717 0.0208325 0.145575 0.699741 0.0951801
 0.979816 0.00127897 0.00044308 0.00288457 0.0155779
 0.166379 0.823563 0.000688814 0.000222342 0.00914667
 0.314447 0.182016 0.498015 0.000383163 0.0051399
 0.999747 0.000149 3.04899e-05 7.28846e-05 7.94855e-07
 0.00611395 0.993694 0.000115532 2.24613e-05 5.37528e-05
 0.00558788 0.00783176 0.986401 0.000108854 7.09934e-05
 0.031286 0.00700996 0.0079383 0.953594 0.000172065
 0.317749 0.0318827 0.00503882 0.0053805 0.639949
 0.98972 0.00570256 0.000242187 3.4117e-05 0.0043011
 0.955619 0.0441031 0.000159869 6.31605e-06 0.00011157
 0.725427 0.267853 0.0066821 2.21827e-05 1.61289e-05
 0.937844 0.0524828 0.00945832 0.000214021 1.21086e-06
 0.905156 0.0924988 0.00201594 0.000321831 7.22471e-06
 0.989824 0.00978154 0.000386153 7.43433e-06 1.19687e-06
 0.0748937 0.91989 0.00502978 0.000182235 4.02486e-06
 0.992398 0.000980058 0.00658767 3.29864e-05 1.20721e-06
 0.39384 0.603342 0.00038576 0.00241958 1.24243e-05
 0.94066 0.032355 0.0268717 1.57289e-05 9.80025e-05
 0.746845 0.24461 0.00483272 0.00369693 1.54367e-05
 0.939963 0.0502318 0.00950078 0.00017299 0.000131381
 0.0414521 0.924591 0.0287791 0.0050187 0.000158797
 0.932552 0.00429098 0.061073 0.00176943 0.000314875
 0.756541 0.233018 0.000708163 0.00941475 0.00031779
 0.193857 0.662585 0.137832 0.000392252 0.00533413
 0.933224 0.0181099 0.0404825 0.00786134 0.000322415
 0.871609 0.123147 0.00150215 0.00311906 0.000623608
 0.0774189 0.833515 0.0856511 0.000985482 0.00242974
 0.114613 0.0932122 0.719661 0.0697647 0.0027492
pobs_PELACES
 0 0 0 0 0
 0 0 0 0 0
 0 0 0 0 0
 0 0 0 0 0
 0 0 0 0 0
 0 0 0 0 0
 0 0 0 0 0
 0 0 0 0 0
 0 0 0 0 0
 0 0 0 0 0
 0 0 0 0 0
 0 0 0 0 0
 0 0 0 0 0
 0 0 0 0 0
 0 0 0 0 0
 0 0 0 0 0
 0.505614 0.472636 0.0217494 0 0
 0 0 0 0 0
 0.443492 0.261883 0.143347 0.151278 0
 0.227955 0.32914 0.350689 0.0885471 0.00366901
 0.970185 0.0296113 0.000203453 0 0
 0.997202 0.00247181 0.000326279 0 0
 0.445219 0.490057 0.0546422 0.010081 0
 0.90214 0.0892962 0.00764917 0.000914606 0
 0 0 0 0 0
 0.581667 0.319106 0.0959925 0.00289975 0.000334073
 0.762889 0.0836404 0.116647 0.0363945 0.000428098
 0.88444 0.0763242 0.0277011 0.0115352 0
 0.521256 0.241999 0.230069 0.00667565 0
 0.616807 0.101726 0.260614 0.0208532 0
ppred_PELACES
 0.0109672 0.133512 0.74999 0.10553 5.17076e-07
 0.0295712 0.0188586 0.144324 0.71017 0.0970756
 0.973364 0.00151013 0.000573199 0.0038202 0.0207325
 0.151193 0.83738 0.000762464 0.000251864 0.0104121
 0.359639 0.164074 0.470929 0.000370025 0.00498754
 0.999646 0.000198147 4.49566e-05 0.000110089 1.20656e-06
 0.00464014 0.995145 0.000128177 2.55265e-05 6.13919e-05
 0.00369564 0.00706378 0.989055 0.000111826 7.32953e-05
 0.0215513 0.00625833 0.00783644 0.964179 0.000174839
 0.322598 0.029099 0.00489193 0.00533882 0.638072
 0.987235 0.00670933 0.000311944 4.49841e-05 0.0056991
 0.952506 0.0471678 0.000185312 7.49045e-06 0.000132964
 0.721345 0.271317 0.00729574 2.47719e-05 1.80996e-05
 0.944359 0.0465328 0.00890084 0.000205822 1.17011e-06
 0.91776 0.0800859 0.00184656 0.000301198 6.79421e-06
 0.988935 0.0106009 0.000454109 8.94525e-06 1.44718e-06
 0.0707454 0.92358 0.00546785 0.000202673 4.49822e-06
 0.990105 0.0011762 0.0086732 4.44626e-05 1.63525e-06
 0.378647 0.618164 0.000428062 0.00274685 1.4174e-05
 0.93232 0.0354895 0.0320509 1.91975e-05 0.000120202
 0.725829 0.264036 0.00567456 0.00444213 1.86395e-05
 0.932895 0.0553446 0.0113864 0.000212156 0.000161918
 0.0353371 0.927257 0.0315881 0.0056389 0.000179301
 0.913369 0.0050491 0.0788258 0.00233809 0.000418126
 0.716767 0.269659 0.000900497 0.0122577 0.0004158
 0.1645 0.67493 0.15399 0.000448656 0.0061313
 0.918534 0.0206356 0.0503995 0.0100177 0.000412881
 0.841416 0.151343 0.00203741 0.0043326 0.000870531
 0.0605577 0.840132 0.0954004 0.00112423 0.00278558
 0.102662 0.0878725 0.733812 0.0727721 0.00288177
pobs_pel_tallas
 0 0 0 0 0 0 0 0 0 0 0 0 0 0 0 0 0 0 0 0 0 0 0 0 0 0
 0 0 0 0 0 0 0 0 0 0 0 0 0 0 0 0 0 0 0 0 0 0 0 0 0 0
 0 0 0 0 0 0 0 0 0 0 0 0 0 0 0 0 0 0 0 0 0 0 0 0 0 0
 0 0 0 0 0 0 0 0 0 0 0 0 0 0 0 0 0 0 0 0 0 0 0 0 0 0
 0 0 0 0 0 0 0 0 0 0 0 0 0 0 0 0 0 0 0 0 0 0 0 0 0 0
 0 0 0 0 0 0 0 0 0 0 0 0 0 0 0 0 0 0 0 0 0 0 0 0 0 0
 0 0 0 0 0 0 0 0 0 0 0 0 0 0 0 0 0 0 0 0 0 0 0 0 0 0
 0 0 0 0 0 0 0 0 0 0 0 0 0 0 0 0 0 0 0 0 0 0 0 0 0 0
 0 0 0 0 0 0 0 0 0 0 0 0 0 0 0 0 0 0 0 0 0 0 0 0 0 0
 0 0 0 0 0 0 0 0 0 0 0 0 0 0 0 0 0 0 0 0 0 0 0 0 0 0
 0 0 0 0 0 0 0 0 0 0 0 0 0 0 0 0 0 0 0 0 0 0 0 0 0 0
 0 0 0 0 0 0 0 0 0 0 0 0 0 0 0 0 0 0 0 0 0 0 0 0 0 0
 0.00862536 0 0 0.000197151 0.00414017 0.0128641 0.00837892 0.0270097 0.101434 0.158115 0.152841 0.127902 0.109271 0.109419 0.0830992 0.0579132 0.0238553 0.00714673 0.00463305 0.00128148 0.00103504 0.000492878 0.000147863 0.000147863 4.92878e-05 0
 0 0 0 0 0 0 0 0 0 0 0 0 0 0 0 0 0 0 0 0 0 0 0 0 0 0
 0 0 0 0 0 0 0 0.0054083 0.00873648 0.0413646 0.0450493 0.0745869 0.0622846 0.0627006 0.0613931 0.0827291 0.12552 0.122667 0.0946155 0.0697135 0.0546179 0.0294188 0.0215738 0.0213955 0.0102223 0.00600262
 0 0 0 0 0.00359764 0.0251062 0.0480494 0.140153 0.205849 0.193036 0.1447 0.116669 0.0760912 0.0342217 0.00950174 0.001854 0.000860785 0 0 0 0.000165536 0 0.000143464 0 0 0
 0 0 0 0 0 0 0 0.000145254 0.000435761 0.0275982 0.070085 0.0708112 0.156366 0.174668 0.174014 0.160142 0.0824315 0.0480064 0.0283245 0.00493863 0.00203355 0 0 0 0 0
 0 0 0 0 0 0 0 0 0 0 0 0 0 0 0 0 0 0 0 0 0 0 0 0 0 0
 0 0 1.00437e-05 0.000401748 0.00122533 0.00171747 0.00176769 0.0269171 0.070346 0.194647 0.189555 0.159765 0.064822 0.0314167 0.0384472 0.0292271 0.0345202 0.0313363 0.0194345 0.0106764 0.0143323 0.0359363 0.0279516 0.0138201 0.00172751 0
 0 0.0021121 0.0136068 0.0755702 0.200478 0.177729 0.0527432 0.0373336 0.0318909 0.0142505 0.0149659 0.0166563 0.0217959 0.0798694 0.0677717 0.0528807 0.04013 0.0224614 0.0357745 0.0225083 0.00881397 0.00855152 0.00135912 0.000746735 0 0
 0 0 0 0 5.4009e-05 0.00500934 0.000945158 0.0243581 0.138947 0.33067 0.221406 0.137944 0.0707744 0.0437923 0.0131692 0.00525238 0.0047753 0.00276346 9.45158e-05 9.00151e-06 2.25038e-05 9.00151e-06 4.50075e-06 0 0 0
 0.000866109 0.00284123 0.00948549 0.0512746 0.133035 0.25785 0.225252 0.132002 0.0553304 0.0519788 0.0540692 0.017754 0.00435017 0.00159236 0.00146478 0.000404838 0.000125132 0.000115318 0.000107957 0.000100596 0 0 0 0 0 0
 0 0 0 0 0.00144013 0.00171154 0.00461396 0.0210425 0.0478622 0.0707936 0.0888783 0.103762 0.0637923 0.0337046 0.0602308 0.124433 0.169614 0.0934646 0.0462172 0.0250306 0.0313229 0.00938855 0.002487 0.000210481 0 0
 0 0.00764035 0.051015 0.0998891 0.058973 0.0496711 0.0374665 0.0718981 0.12319 0.153886 0.159021 0.0857701 0.0377988 0.023471 0.0147837 0.00900784 0.00315554 0.000888139 0.00291439 0.00214683 0.00393193 0.00274676 0.000635225 9.99891e-05 0 0
 0 0 0 0 0 0 0 0 0 0 0 0 0 0 0 0 0 0 0 0 0 0 0 0 0 0
 0 0 0 0 0 0 0 0 0 0 0 0 0 0 0 0 0 0 0 0 0 0 0 0 0 0
 0 0 0 0 0 0 0 0 0 0 0 0 0 0 0 0 0 0 0 0 0 0 0 0 0 0
 0 0 0 0 0 0 0 0 0 0 0 0 0 0 0 0 0 0 0 0 0 0 0 0 0 0
 0 0 0 0 0 0 0 0 0 0 0 0 0 0 0 0 0 0 0 0 0 0 0 0 0 0
 0 0 0 0 0 0 0 0 0 0 0 0 0 0 0 0 0 0 0 0 0 0 0 0 0 0
ppred_pel_tallas
 1.32261e-16 9.03389e-07 8.78127e-06 5.83553e-05 0.000265283 0.000825468 0.00175926 0.00257062 0.00258465 0.00182837 0.0010609 0.000960181 0.00185883 0.00412519 0.00836374 0.0152476 0.0252794 0.0387041 0.0555476 0.0755031 0.0974426 0.118823 0.135713 0.143925 0.14083 0.126715
 1.91818e-16 2.43574e-06 2.36763e-05 0.000157337 0.000715234 0.00222537 0.00474147 0.00692079 0.0069231 0.004753 0.00226564 0.000838703 0.000495288 0.000858345 0.00188663 0.00394363 0.00775192 0.0144339 0.0255066 0.0426211 0.0669096 0.0980453 0.133439 0.168144 0.195817 0.210581
 1.03909e-16 8.01747e-05 0.000779327 0.0051789 0.0235425 0.0732495 0.156066 0.227783 0.227783 0.156067 0.073252 0.0235499 0.00519782 0.000822078 0.000166035 0.000161159 0.000260131 0.00041275 0.000642514 0.000997843 0.00154048 0.00231976 0.00333581 0.00450924 0.00567732 0.00662656
 1.02024e-16 1.24538e-05 0.000121055 0.000804457 0.00365699 0.0113787 0.0242465 0.0354053 0.0354859 0.0246398 0.0126989 0.00746768 0.0103605 0.0209513 0.0394825 0.0650164 0.093104 0.115921 0.12551 0.118227 0.096993 0.069492 0.0437953 0.0247498 0.0131717 0.00730817
 1.14514e-16 2.96231e-05 0.000287947 0.00191351 0.00869854 0.0270645 0.0576643 0.0841662 0.0841827 0.0577453 0.0273383 0.00949824 0.0039538 0.00485059 0.00901216 0.0156759 0.0244877 0.0347464 0.0455882 0.0563407 0.0664774 0.0751411 0.0808052 0.0816566 0.0765943 0.0660807
 1.00013e-16 8.23395e-05 0.000800369 0.00531873 0.0241782 0.0752273 0.16028 0.233933 0.233933 0.16028 0.0752276 0.0241791 0.00532102 0.000805375 9.18848e-05 2.16743e-05 2.343e-05 2.97257e-05 3.39664e-05 3.52715e-05 3.43959e-05 3.29376e-05 3.22299e-05 3.25551e-05 3.31672e-05 3.29301e-05
 1.00272e-16 3.82409e-07 3.71725e-06 2.47071e-05 0.000112374 0.00035015 0.000749567 0.00111408 0.00120976 0.001217 0.00191898 0.00464071 0.0113802 0.0247555 0.0468984 0.0772433 0.110594 0.137649 0.148931 0.14008 0.114538 0.0814186 0.0503196 0.027045 0.0126487 0.00515703
 1.28568e-16 3.04411e-07 2.95898e-06 1.96635e-05 8.93887e-05 0.000278132 0.000592665 0.000865449 0.000867653 0.000604154 0.000321104 0.000232856 0.000452615 0.00118842 0.00295346 0.00670487 0.0138828 0.0262076 0.045064 0.0704941 0.100198 0.129264 0.151234 0.160365 0.15406 0.134057
 1.96951e-16 1.77515e-06 1.72551e-05 0.000114666 0.000521257 0.00162183 0.00345551 0.00504362 0.00504457 0.00346038 0.00163938 0.000577566 0.00027857 0.000454908 0.00108556 0.00251076 0.00546496 0.0111752 0.0213887 0.0381186 0.0629494 0.0959649 0.134711 0.173861 0.206131 0.224409
 2.08665e-16 2.6572e-05 0.000258289 0.00171642 0.00780261 0.0242768 0.0517244 0.0754939 0.0754969 0.0517389 0.0243257 0.00794599 0.00208543 0.00109689 0.00172694 0.00313015 0.00535462 0.00879724 0.0142667 0.0230984 0.0369786 0.0573233 0.0843391 0.116175 0.148684 0.176136
 1.0098e-16 8.13172e-05 0.000790432 0.0052527 0.023878 0.0742934 0.15829 0.231029 0.231029 0.158293 0.074304 0.0239087 0.00532968 0.000958608 0.000401152 0.00053592 0.000768374 0.00097746 0.00110447 0.00113282 0.00109926 0.00107414 0.00111975 0.00125564 0.00145091 0.00164208
 1.00041e-16 7.84567e-05 0.000762627 0.00506793 0.0230381 0.07168 0.152722 0.222903 0.222908 0.152744 0.0717543 0.0232527 0.00560622 0.00193602 0.00230187 0.00366799 0.00524502 0.00652986 0.00706909 0.0066561 0.00545397 0.00389397 0.00242984 0.00133518 0.000658594 0.000305649
 1.00286e-16 5.94163e-05 0.000577547 0.00383801 0.017447 0.0542843 0.11566 0.168814 0.16884 0.115787 0.0547123 0.0186825 0.00693656 0.00733329 0.012865 0.021109 0.0302489 0.0377141 0.0409281 0.0387023 0.0319584 0.0231444 0.0148292 0.00855258 0.00458265 0.00239404
 1.0029e-16 7.77856e-05 0.000756104 0.00502458 0.022841 0.0710669 0.151416 0.220996 0.221001 0.151438 0.0711405 0.0230538 0.00555875 0.00192263 0.00229446 0.00367313 0.0052904 0.00666547 0.00736397 0.00718282 0.00626243 0.00498418 0.00373763 0.00274109 0.00201886 0.00149293
 1.00106e-16 7.55947e-05 0.000734807 0.00488305 0.0221976 0.0690652 0.147151 0.214773 0.21478 0.147189 0.0691915 0.0225623 0.00579758 0.0027287 0.00385489 0.00623363 0.00892627 0.0111275 0.0120734 0.0114136 0.00942129 0.00682063 0.00437117 0.00252761 0.00136766 0.000733528
 1.00018e-16 8.14572e-05 0.000791793 0.00526174 0.0239191 0.0744213 0.158562 0.231427 0.231428 0.158567 0.074438 0.0239674 0.00538287 0.00105593 0.000582251 0.000831406 0.00118443 0.00147798 0.00160684 0.00152438 0.00126621 0.000927138 0.000606388 0.000363097 0.000207228 0.000118488
 1.00415e-16 5.8274e-06 5.66445e-05 0.000376427 0.00171124 0.00532477 0.0113483 0.0165817 0.0166706 0.0117821 0.00678095 0.00591453 0.0109172 0.0230339 0.0435455 0.0717224 0.102712 0.127888 0.138462 0.130387 0.106847 0.0762724 0.0475347 0.0259887 0.0125975 0.00553784
 1.00256e-16 8.15536e-05 0.00079273 0.00526797 0.0239474 0.0745093 0.15875 0.2317 0.2317 0.158751 0.0745115 0.0239538 0.00528448 0.000830852 0.000159996 0.000151106 0.000246059 0.00038441 0.000562844 0.00077669 0.0010097 0.00122902 0.00138863 0.00144446 0.00137456 0.00119164
 1.00449e-16 3.11887e-05 0.000303166 0.00201465 0.00915832 0.0284953 0.0607144 0.0886269 0.0886863 0.0610047 0.0294698 0.0119714 0.00906883 0.0156796 0.0291664 0.0479919 0.0687168 0.0855422 0.0925852 0.0871426 0.0713566 0.0508864 0.0316848 0.0173402 0.00848589 0.0038765
 1.00957e-16 7.6794e-05 0.000746465 0.00496052 0.0225498 0.0701609 0.149485 0.218179 0.218182 0.149502 0.0702178 0.0227149 0.00537691 0.00166192 0.00183427 0.00295976 0.00436916 0.00572741 0.00673919 0.00725138 0.00731178 0.00708436 0.00669985 0.00617748 0.00546954 0.00456125
 1.0068e-16 5.97856e-05 0.000581138 0.00386186 0.0175555 0.0546218 0.116378 0.169863 0.169888 0.116503 0.0550382 0.0187577 0.00687717 0.00715539 0.0125214 0.0205429 0.0294396 0.036712 0.0398585 0.0377317 0.0312392 0.0227706 0.0148242 0.00888239 0.00517646 0.00316004
 1.00392e-16 7.68413e-05 0.000746925 0.00496358 0.0225637 0.0702041 0.149578 0.218314 0.218319 0.149604 0.0702917 0.0228168 0.00559919 0.00213519 0.00271545 0.00437272 0.00630312 0.00794891 0.00879579 0.00860262 0.00753488 0.00604242 0.0045834 0.00341244 0.00255557 0.00192025
 1.01745e-16 2.91087e-06 2.82947e-05 0.000188033 0.000854825 0.00266016 0.00567104 0.00829575 0.00838496 0.00610685 0.00412302 0.00507794 0.0107806 0.0231252 0.0437895 0.0721815 0.103494 0.129121 0.14029 0.132952 0.11025 0.0805183 0.0524776 0.0313208 0.017904 0.0104014
 1.02582e-16 7.5233e-05 0.000731291 0.00485969 0.0220914 0.0687347 0.146446 0.213743 0.213744 0.14645 0.0687452 0.0221234 0.00494562 0.000938083 0.000524066 0.00089317 0.00161782 0.00273659 0.00431761 0.00635021 0.00867143 0.0109319 0.012654 0.0133924 0.0129245 0.011359
 1.01395e-16 5.90392e-05 0.000573882 0.00381365 0.0173363 0.0539398 0.114925 0.167743 0.167768 0.115052 0.0543651 0.0185638 0.00689217 0.00728542 0.0127795 0.0209661 0.0300404 0.0374528 0.0406565 0.0384966 0.031925 0.0234084 0.0155104 0.00973016 0.00625588 0.00446043
 1.05699e-16 1.35498e-05 0.000131709 0.000875255 0.00397882 0.0123799 0.0263792 0.0385148 0.03858 0.0266975 0.0134489 0.00706748 0.00863201 0.0170772 0.0322319 0.0533558 0.077067 0.0973308 0.107956 0.106012 0.0934861 0.0757973 0.0584377 0.044423 0.0340201 0.0261062
 1.02535e-16 7.56585e-05 0.000735427 0.00488717 0.0222164 0.0691234 0.147275 0.214952 0.214954 0.147285 0.0691576 0.0223162 0.00514155 0.00130305 0.00118984 0.00194181 0.0030107 0.00424784 0.00554547 0.00683875 0.00809805 0.00926025 0.0101661 0.010585 0.0103278 0.00936545
 1.0068e-16 6.93064e-05 0.000673683 0.00447686 0.0203512 0.0633201 0.134911 0.196909 0.196924 0.134982 0.0635588 0.0210402 0.00620499 0.00444141 0.00721085 0.0117747 0.01687 0.0210369 0.0228426 0.021635 0.017942 0.0131413 0.0086682 0.0053671 0.00335472 0.00229496
 1.03552e-16 4.98823e-06 4.84875e-05 0.00032222 0.00146482 0.00455802 0.00971433 0.0141953 0.0142762 0.0101097 0.00588556 0.00529858 0.00994308 0.0210428 0.0398524 0.0658105 0.0946429 0.118669 0.130036 0.125076 0.106482 0.0814714 0.0575164 0.0389452 0.0263706 0.0182629
 1.28985e-16 8.45612e-06 8.21965e-05 0.000546225 0.00248307 0.00772579 0.016461 0.0240273 0.0240369 0.0165084 0.00788851 0.00296759 0.00181726 0.00303811 0.00615292 0.0115416 0.0198439 0.031656 0.0473582 0.0667796 0.0886259 0.11002 0.126782 0.134723 0.131437 0.117489
pSPR Fmed_Fpbrs
0.292984   0.292141 0.292141
Fs Fmed_Fpbrs
1.00196   1.005 1.005
SSBpbr Bo_Bmed_Bpbrs
1.57795e+06  383418  382086 382086
Ro
26122.8
SPR SPRFo_SPRFmed_SPRFpbrs
185952 54481 54324.1
Fref
1.005
log_Ro
9.99056
likeval ReclasPelacesDesembMPH_pf_preclas_ppelaces_ptallas_desvR_qrecl_qpela
 18.2261 20.4472 0.485051 0.000956338 418.67 123.641 117.858 0 202.485 0.0001229 0.000268473 0.412357 0 0 0
q_reclas_q_pelaces
4.81115 10.2894
M
1
N
 2191.69 16879.9 81412.5 11057.1 0.0537845
 1320.42 699.459 4730.41 22503.2 3053.98
 230750 294.4 98.6447 635.553 3424.46
 9832.94 52131.9 42.5823 13.6101 558.634
 1724.96 1818.61 5140.49 3.92837 52.5871
 813268 99.9167 19.4218 45.9002 0.499409
 1966.63 266653 29.4866 5.66806 13.5329
 564.78 628.203 74856.4 8.16525 5.31284
 1047.59 201.22 217.353 25819.5 4.64805
 2105.76 315.293 50.4027 53.3957 6337.21
 33104.5 188.607 7.75684 1.08147 136.031
 138438 7291.88 25.988 1.01702 17.9252
 48879.6 22285.1 551.176 1.81329 1.31553
 76870.5 6624.2 1211.55 27.2034 0.15358
 38992 6427.74 142.872 22.6389 0.507139
 265498 2945.36 114.122 2.17614 0.34956
 3115.9 44309.6 238.566 8.56256 0.188694
 512832 486.102 3154.17 15.6287 0.570664
 68242.5 120558 75.8688 471.399 2.41521
 286698 10739.4 8726.07 5.058 31.4444
 144131 51131.3 987.732 748.223 3.11723
 449070 26012.6 4810.98 86.7439 65.7318
 3654.31 80917.6 2440.04 421.146 13.2953
 180341 797.989 10966.2 314.396 55.8204
 146159 42218 123.553 1625.19 54.732
 10983.9 36146.8 7261.09 20.4483 277.438
 129914 2564.42 5567.85 1070.28 43.796
 216148 26899.1 313.874 644.59 128.579
 6584.93 61310.3 6015.03 68.4419 168.356
 2034.31 1944.3 14804.8 1421.87 55.9074
pred_Ctot
 185.686 2598.81 13096.5 1782.92 0.00867363
 342.356 294.086 2054.85 9792.26 1329.06
 58543.8 121.579 42.1032 271.744 1464.33
 3265.56 26707 22.4347 7.18125 294.782
 1054.57 1402.84 4014.87 3.07017 41.1003
 56427.5 12.7195 2.58589 6.12612 0.0666626
 165.618 40820.1 4.71656 0.908789 2.17007
 11.2858 23.7447 2968.7 0.324663 0.211276
 122.429 41.8733 47.1615 5614.95 1.01093
 1122.56 224.529 36.4829 38.6825 4591.2
 8751.02 80.5725 3.42248 0.477992 60.1288
 52560.3 4130.52 15.095 0.59152 10.4264
 21113.3 13836.8 349.821 1.1522 0.835965
 42055.6 4791.95 890.189 20.0041 0.11294
 22091.9 4747.39 107.072 16.9792 0.38037
 97647.5 1629.82 64.8012 1.23736 0.198774
 1214.29 25580.9 141.142 5.07241 0.111789
 121333 189.371 1271.36 6.311 0.230462
 26406.1 69242.2 44.6624 277.866 1.42374
 98930 5665.08 4730.03 2.7457 17.0707
 49129.9 26722.1 530.585 402.515 1.67708
 153329 13611.9 2587.53 46.7223 35.4075
 979.101 34951.4 1088.3 188.16 5.94062
 42997.5 312.891 4448.36 127.765 22.6865
 31269.4 15098.6 45.7849 603.392 20.3227
 2631.69 14231.6 2957.35 8.34344 113.213
 37599.5 1179.11 2639.9 508.288 20.801
 31951.9 6941.19 84.2826 173.458 34.6042
 836.469 13778.1 1408.52 16.0623 39.5153
 813.546 1143.56 8917.87 857.568 33.7214
F
 0.14212 0.272108 0.285869 0.286632 0.286673
 0.500766 0.958784 1.00727 1.00996 1.0101
 0.487561 0.933501 0.980711 0.983329 0.983467
 0.687665 1.31663 1.38321 1.38691 1.3871
 1.84862 3.53943 3.71843 3.72836 3.72888
 0.115114 0.220401 0.231548 0.232166 0.232198
 0.141215 0.270375 0.284049 0.284807 0.284847
 0.032037 0.0613393 0.0644414 0.0646134 0.0646224
 0.200746 0.384356 0.403794 0.404871 0.404928
 1.41276 2.70493 2.84172 2.84931 2.84971
 0.512908 0.982031 1.0317 1.03445 1.03459
 0.826509 1.58246 1.66249 1.66693 1.66716
 0.998632 1.91202 2.00871 2.01407 2.01436
 1.4815 2.83653 2.97999 2.98794 2.98836
 1.58312 3.03111 3.1844 3.1929 3.19334
 0.790406 1.51334 1.58987 1.59412 1.59434
 0.857853 1.64248 1.72554 1.73015 1.73039
 0.447821 0.857414 0.900776 0.90318 0.903307
 0.84915 1.62581 1.70803 1.71259 1.71283
 0.724035 1.38626 1.45637 1.46026 1.46046
 0.712144 1.3635 1.43245 1.43627 1.43648
 0.713747 1.36657 1.43568 1.43951 1.43971
 0.521569 0.998614 1.04912 1.05192 1.05206
 0.452006 0.865428 0.909195 0.911621 0.911749
 0.397107 0.760316 0.798768 0.800899 0.801012
 0.454697 0.87058 0.914608 0.917049 0.917178
 0.57478 1.10049 1.15615 1.15924 1.1594
 0.260013 0.497831 0.523008 0.524404 0.524477
 0.219883 0.420995 0.442286 0.443467 0.443529
 0.890495 1.70497 1.7912 1.79598 1.79623
nmprior
 8 8 7 0
nm_flota  nm_reclas  nm_pelaces    nm_pelaL
inf 10.1156 2.06564 2.38816
cv_recla  cv_pelaces  cv_mph
0.395251 0.532086 0.954357
 ------------------------------------------------
Talla a la edad & desviación 
 8 13.2811 15.8009 17.003 17.5766
 0.8 1.32811 1.58009 1.7003 1.75766
