years
 1991 1992 1993 1994 1995 1996 1997 1998 1999 2000 2001 2002 2003 2004 2005 2006 2007 2008 2009 2010 2011 2012 2013 2014 2015 2016 2017 2018 2019 2020
reclasobs
 0 0 0 0 0 0 0 0 0 252601 567819 844713 477998 351125 339783 2.1784e+06 2.13404e+06 4.81314e+06 1.55562e+06 2.62356e+06 3.21686e+06 3.843e+06 1.13348e+06 3.07943e+06 1.97215e+06 2.03268e+06 2.025e+06 2.42433e+06 2.27542e+06 1.05018e+06
reclaspred
 3.36799e+06 1.9316e+06 985250 1.05466e+06 1.10165e+06 1.6765e+06 1.16997e+06 1.0597e+06 769480 566378 551406 661373 656320 537682 541052 1.1984e+06 1.24731e+06 2.54423e+06 2.1431e+06 1.64641e+06 2.92062e+06 2.34988e+06 1.92441e+06 2.94979e+06 2.21896e+06 1.96938e+06 2.3022e+06 2.36132e+06 1.97373e+06 1.32452e+06
pelacesobs
 0 0 0 0 0 0 0 0 0 0 0 0 0 0 0 552880 188675 0 991730 2.46772e+06 1.41603e+06 1.21717e+06 2.29649e+06 1.80582e+06 0 1.4828e+06 1.56532e+06 1.57751e+06 1.42118e+06 867257
pelacespred
 2.47179e+06 1.59837e+06 828402 639284 693423 1.0334e+06 786799 788968 589051 412774 383767 387360 418774 364147 357975 619214 730537 1.51209e+06 1.45278e+06 1.079e+06 1.69179e+06 1.57994e+06 1.33047e+06 1.98859e+06 1.6029e+06 1.40816e+06 1.71885e+06 1.74071e+06 1.35531e+06 1.03421e+06
mphobs
 0 0 0 0 0 0 0 0 0 0 0 498337 0 5186 125008 0 168611 109162 213762 579715 649985 157893 87575 83554 0 0 0 0 0 0
mphpred
 508360 342246 175953 95991.8 116904 134443 176632 124813 107394 76354.7 50847.5 64353.8 68193.4 59729.6 44081.8 53434.4 139776 144430 252855 200147 219374 268979 252993 214124 296056 242553 201429 212153 283468 198765
desembarqueobs
 494567 514787 250237 358949 120608 361735 552515 73892 212993 205616 52469 317467 293654 387597 252695 516296 358380 742168 942051 627588 828172 859565 418607 520667 417249 300574 407403 355545 319650 289779
desembarquepred
 494573 513050 251184 358965 120611 361747 552568 73894.7 213030 205652 52470.9 317530 293709 387664 252705 516302 358411 742123 941983 627535 828248 859628 418624 520690 417257 300582 407411 355543 319655 289793
Reclutas
 249223 145725 142933 300837 241901 381086 162075 78812.2 68761.6 87103.1 151909 188490 159799 112255 115674 560368 149347 847435 524093 402287 598735 786585 179472 523759 426613 200073 436582 469714 147981 122436
log_desv_Rt
 0.0583128 -0.478311 -0.497656 0.246535 0.0284954 0.482991 -0.371976 -1.09297 -1.22939 -0.992942 -0.436755 -0.220992 -0.38612 -0.739259 -0.709262 0.868559 -0.45376 1.28218 0.801634 0.537131 0.934785 1.20767 -0.270013 0.800997 0.595842 -0.161354 0.618942 0.69209 -0.462952 -0.65245
SSB
 4.88263e+06 3.28716e+06 1.68996e+06 921968 1.12282e+06 1.29128e+06 1.69649e+06 1.19879e+06 1.03149e+06 733361 488373 618096 654974 573683 423391 513219 1.3425e+06 1.3872e+06 2.42858e+06 1.92234e+06 2.10701e+06 2.58345e+06 2.42991e+06 2.05659e+06 2.84351e+06 2.32964e+06 1.93466e+06 2.03765e+06 2.72262e+06 1.90907e+06
BT
 6.40836e+06 4.37765e+06 2.26022e+06 2.05116e+06 1.93653e+06 3.22472e+06 2.50266e+06 2.14929e+06 1.73822e+06 1.28299e+06 1.11026e+06 1.3441e+06 1.42576e+06 1.42846e+06 1.29529e+06 2.31006e+06 2.23179e+06 5.15061e+06 4.91237e+06 3.42669e+06 5.47605e+06 5.10803e+06 3.82675e+06 6.2274e+06 4.59268e+06 3.97488e+06 5.32306e+06 5.33969e+06 3.68836e+06 2.88756e+06
Ftot
 0.0870981 0.156059 0.1505 0.208052 0.0666587 0.133056 0.277579 0.0422384 0.166507 0.217085 0.0593939 0.289887 0.269974 0.430686 0.287927 0.271032 0.17228 0.182477 0.264619 0.230167 0.173611 0.222473 0.129955 0.110145 0.113711 0.0921185 0.109974 0.0940553 0.0958824 0.130614
BD_Bspro_t
 0.986161 0.895606 0.780344 0.711345 0.721275 0.780793 0.7747 0.664883 0.709352 0.680189 0.653032 0.775705 0.67494 0.598943 0.509233 0.556836 0.67454 0.669268 0.729774 0.651958 0.630371 0.673363 0.685295 0.685108 0.773555 0.779103 0.786738 0.814386 0.845138 0.79544
BD_Bspro
 2.91749 1.96416 1.00979 0.550898 0.670914 0.771571 1.0137 0.716306 0.616337 0.438201 0.291815 0.369327 0.391363 0.342789 0.252986 0.306661 0.802176 0.828887 1.45114 1.14864 1.25899 1.54367 1.45193 1.22886 1.69907 1.39201 1.156 1.21755 1.62683 1.14071
BD_Bo
 1.96588 1.3235 0.680426 0.37121 0.45208 0.519906 0.683055 0.482666 0.415305 0.295271 0.196633 0.248862 0.263711 0.23098 0.170469 0.206636 0.540528 0.558527 0.977815 0.773988 0.848341 1.04017 0.978349 0.828038 1.14488 0.937975 0.778946 0.820415 1.0962 0.768644
BD_Brms
 13.7007 9.2238 4.74206 2.58705 3.15066 3.62335 4.76038 3.36382 2.89436 2.05782 1.37038 1.73438 1.83787 1.60976 1.18804 1.4401 3.76707 3.89251 6.81463 5.39411 5.9123 7.24919 6.81836 5.7708 7.97893 6.53698 5.42866 5.71768 7.63969 5.35687
Sel_flota
 0.886754 1 1 1 1
 0.886754 1 1 1 1
 0.886754 1 1 1 1
 0.886754 1 1 1 1
 0.886754 1 1 1 1
 0.886754 1 1 1 1
 0.886754 1 1 1 1
 0.886754 1 1 1 1
 0.886754 1 1 1 1
 0.886754 1 1 1 1
 0.886754 1 1 1 1
 0.886754 1 1 1 1
 0.886754 1 1 1 1
 0.886754 1 1 1 1
 0.886754 1 1 1 1
 0.886754 1 1 1 1
 0.886754 1 1 1 1
 0.886754 1 1 1 1
 0.886754 1 1 1 1
 0.886754 1 1 1 1
 0.886754 1 1 1 1
 0.886754 1 1 1 1
 0.886754 1 1 1 1
 0.886754 1 1 1 1
 0.886754 1 1 1 1
 0.886754 1 1 1 1
 0.886754 1 1 1 1
 0.886754 1 1 1 1
 0.886754 1 1 1 1
 0.886754 1 1 1 1
Sel_reclas
 1 1 1 1 1
 1 1 1 1 1
 1 1 1 1 1
 1 1 1 1 1
 1 1 1 1 1
 1 1 1 1 1
 1 1 1 1 1
 1 1 1 1 1
 1 1 1 1 1
 1 1 1 1 1
 1 1 1 1 1
 1 1 1 1 1
 1 1 1 1 1
 1 1 1 1 1
 1 1 1 1 1
 1 1 1 1 1
 1 1 1 1 1
 1 1 1 1 1
 1 1 1 1 1
 1 1 1 1 1
 1 1 1 1 1
 1 1 1 1 1
 1 1 1 1 1
 1 1 1 1 1
 1 1 1 1 1
 1 1 1 1 1
 1 1 1 1 1
 1 1 1 1 1
 1 1 1 1 1
 1 1 1 1 1
Sel_pelaces
 0.686724 0.916887 0.982307 0.996434 0.999289
 0.686724 0.916887 0.982307 0.996434 0.999289
 0.686724 0.916887 0.982307 0.996434 0.999289
 0.686724 0.916887 0.982307 0.996434 0.999289
 0.686724 0.916887 0.982307 0.996434 0.999289
 0.686724 0.916887 0.982307 0.996434 0.999289
 0.686724 0.916887 0.982307 0.996434 0.999289
 0.686724 0.916887 0.982307 0.996434 0.999289
 0.686724 0.916887 0.982307 0.996434 0.999289
 0.686724 0.916887 0.982307 0.996434 0.999289
 0.686724 0.916887 0.982307 0.996434 0.999289
 0.686724 0.916887 0.982307 0.996434 0.999289
 0.686724 0.916887 0.982307 0.996434 0.999289
 0.686724 0.916887 0.982307 0.996434 0.999289
 0.686724 0.916887 0.982307 0.996434 0.999289
 0.686724 0.916887 0.982307 0.996434 0.999289
 0.686724 0.916887 0.982307 0.996434 0.999289
 0.686724 0.916887 0.982307 0.996434 0.999289
 0.686724 0.916887 0.982307 0.996434 0.999289
 0.686724 0.916887 0.982307 0.996434 0.999289
 0.686724 0.916887 0.982307 0.996434 0.999289
 0.686724 0.916887 0.982307 0.996434 0.999289
 0.686724 0.916887 0.982307 0.996434 0.999289
 0.686724 0.916887 0.982307 0.996434 0.999289
 0.686724 0.916887 0.982307 0.996434 0.999289
 0.686724 0.916887 0.982307 0.996434 0.999289
 0.686724 0.916887 0.982307 0.996434 0.999289
 0.686724 0.916887 0.982307 0.996434 0.999289
 0.686724 0.916887 0.982307 0.996434 0.999289
 0.686724 0.916887 0.982307 0.996434 0.999289
pf_obs 
 0.8446 0.082 0.0669 0.0065 0
 0.8095 0.147 0.0364 0.0071 0
 0.9664 0.0169 0.016 0.0007 0
 0.9276 0.0648 0.0075 0.0001 0
 0.7033 0.2144 0.0806 0.0017 0
 0.9318 0.0425 0.0243 0.0014 0
 0.5671 0.3108 0.0964 0.0239 0.0018
 0.0768 0.2599 0.5324 0.112 0.0189
 0.490249 0.384438 0.106611 0.0170017 0.00170017
 0.7925 0.1577 0.0466 0.003 0.0002
 0.840416 0.127587 0.0312969 0.00059994 9.999e-05
 0.8084 0.0986 0.0794 0.0134 0.0002
 0.7335 0.1905 0.0724 0.0035 0.0001
 0.4001 0.4547 0.1325 0.0127 0
 0.49795 0.308269 0.164784 0.0264974 0.00249975
 0.9179 0.0499 0.0305 0.0017 0
 0.2467 0.6533 0.0926 0.0074 0
 0.9418 0.0223 0.034 0.0019 0
 0.707729 0.231977 0.0356964 0.0245975 0
 0.517169 0.277429 0.184464 0.0207286 0.00020938
 0.811772 0.124168 0.05621 0.00726502 0.000585176
 0.764997 0.148141 0.077277 0.00933861 0.000247198
 0.163321 0.427699 0.378323 0.0303852 0.000271297
 0.753843 0.0900009 0.118128 0.0371064 0.000921714
 0.721811 0.176058 0.0630433 0.0369309 0.00215725
 0.143369 0.312575 0.442814 0.0836902 0.0175525
 0.692698 0.0596174 0.167031 0.0765114 0.00414204
 0.394062 0.376323 0.152708 0.0712218 0.00568511
 0.125707 0.32114 0.495352 0.0537591 0.00404204
 0.23352 0.215282 0.420074 0.123614 0.00750983
pf_pred 
 0.427567 0.10661 0.442709 0.0231128 7.34905e-07
 0.412929 0.269258 0.0591895 0.245791 0.0128326
 0.548829 0.200738 0.11486 0.0252491 0.110324
 0.772709 0.13202 0.0423883 0.0242542 0.0286279
 0.650333 0.278134 0.0415499 0.0133406 0.0166432
 0.733241 0.180893 0.0682998 0.0102032 0.00736295
 0.469511 0.401964 0.087155 0.0329071 0.00846342
 0.431012 0.286915 0.213733 0.0463424 0.0219977
 0.503747 0.228967 0.13478 0.100403 0.0321031
 0.657272 0.183884 0.0732894 0.0431413 0.0424133
 0.778309 0.152298 0.0372316 0.0148392 0.0173225
 0.718463 0.224944 0.0388783 0.00950439 0.00821015
 0.666133 0.249031 0.0677833 0.0117154 0.005338
 0.60416 0.27559 0.0896945 0.0244138 0.0061422
 0.702138 0.190465 0.0747713 0.0243354 0.00829028
 0.917677 0.0601401 0.0141846 0.00556849 0.00242975
 0.433041 0.525891 0.0300019 0.00707625 0.00399006
 0.882107 0.0548956 0.0584343 0.00333365 0.00122963
 0.613564 0.345939 0.0188571 0.0200727 0.00156753
 0.604228 0.255581 0.1255 0.00684097 0.00785062
 0.738327 0.166476 0.0614755 0.0301868 0.00353381
 0.740056 0.198336 0.039195 0.0144737 0.00793913
 0.340253 0.504853 0.118184 0.0233553 0.0133553
 0.745785 0.0939971 0.122603 0.0287007 0.0089151
 0.626025 0.287662 0.0319147 0.041627 0.0127716
 0.451472 0.359521 0.145384 0.0161296 0.027493
 0.734772 0.128081 0.0898904 0.0363501 0.0109069
 0.685451 0.238703 0.0366269 0.0257057 0.0135139
 0.371226 0.447723 0.137394 0.021082 0.0225744
 0.467082 0.213818 0.227217 0.069727 0.0221554
pobs_RECLAS
 0 0 0 0 0
 0 0 0 0 0
 0 0 0 0 0
 0 0 0 0 0
 0 0 0 0 0
 0 0 0 0 0
 0 0 0 0 0
 0 0 0 0 0
 0 0 0 0 0
 0 0 0 0 0
 0.991045 0.00858322 0.000360255 1.14367e-05 0
 0.934742 0.0480273 0.0164251 0.00080598 0
 0.827803 0.169806 0.00239088 0 0
 0.941827 0.0461693 0.0120037 0 0
 0.791401 0.0380133 0.147996 0.0225897 0
 0.846168 0.0940531 0.0597789 0 0
 0.134021 0.677848 0.182769 0.00536245 0
 0.80878 0.0450904 0.141981 0.00414843 0
 0.846168 0.0940531 0.0597789 0 0
 0.905697 0.0802665 0.012482 0.00150086 5.37128e-05
 0.989698 0.0102097 9.19794e-05 0 0
 0.975433 0.0193895 0.00387452 0.00125025 5.28907e-05
 0.303575 0.632131 0.0575291 0.00676475 0
 0.966965 0.00978017 0.0227588 0.000495775 0
 0.843318 0.132988 0.00938335 0.0141283 0.000182051
 0.564624 0.303363 0.111486 0.0197234 0.00080311
 0.826376 0.0876187 0.0782897 0.00655872 0.00115652
 0.89761 0.0855135 0.0140674 0.00269457 0.000114338
 0.34875 0.467042 0.161289 0.0227151 0.000203297
 0.318654 0.224769 0.449479 0.00709798 0
ppred_RECLAS
 0.457422 0.10105 0.41962 0.0219073 6.96576e-07
 0.442745 0.255583 0.0561834 0.233308 0.0121808
 0.578768 0.187417 0.107238 0.0235736 0.103003
 0.7935 0.119944 0.0385109 0.0220356 0.0260092
 0.67729 0.256691 0.0383466 0.0123121 0.0153601
 0.756337 0.165231 0.0623864 0.00931978 0.00672546
 0.500325 0.378615 0.0820925 0.0309956 0.00797181
 0.460798 0.271895 0.202545 0.0439163 0.0208461
 0.534185 0.214923 0.126513 0.0942443 0.0301341
 0.684333 0.169365 0.0675026 0.0397349 0.0390644
 0.798445 0.138465 0.0338498 0.0134913 0.0157491
 0.742773 0.205521 0.0355213 0.00868371 0.00750123
 0.692972 0.229012 0.0623344 0.0107736 0.00490889
 0.633799 0.254954 0.0829784 0.0225858 0.00568228
 0.727317 0.174365 0.0684507 0.0222782 0.00758948
 0.926526 0.0536754 0.0126599 0.00496992 0.00216857
 0.463212 0.497905 0.0284053 0.00669968 0.00377772
 0.89423 0.0492506 0.0524254 0.00299085 0.00110319
 0.642343 0.320176 0.0174528 0.0185778 0.00145079
 0.63318 0.236884 0.116319 0.00634054 0.00727633
 0.761214 0.151916 0.0560987 0.0275466 0.00322474
 0.762951 0.180868 0.0357428 0.0131989 0.00723987
 0.368041 0.483589 0.113206 0.0223716 0.0127928
 0.768092 0.085749 0.111844 0.0261823 0.00813281
 0.653974 0.266164 0.0295295 0.038516 0.0118171
 0.481605 0.339771 0.137397 0.0152436 0.0259827
 0.757731 0.116994 0.0821092 0.0332035 0.00996275
 0.710964 0.219341 0.033656 0.0236207 0.0124178
 0.399918 0.427293 0.131125 0.02012 0.0215443
 0.49742 0.201646 0.214282 0.0657575 0.0208941
pobs_PELACES
 0 0 0 0 0
 0 0 0 0 0
 0 0 0 0 0
 0 0 0 0 0
 0 0 0 0 0
 0 0 0 0 0
 0 0 0 0 0
 0 0 0 0 0
 0 0 0 0 0
 0 0 0 0 0
 0 0 0 0 0
 0 0 0 0 0
 0 0 0 0 0
 0 0 0 0 0
 0 0 0 0 0
 0 0 0 0 0
 0.505614 0.472636 0.0217494 0 0
 0 0 0 0 0
 0.443492 0.261883 0.143347 0.151278 0
 0.227955 0.32914 0.350689 0.0885471 0.00366901
 0.970185 0.0296113 0.000203453 0 0
 0.997202 0.00247181 0.000326279 0 0
 0.445219 0.490057 0.0546422 0.010081 0
 0.90214 0.0892962 0.00764917 0.000914606 0
 0 0 0 0 0
 0.581667 0.319106 0.0959925 0.00289975 0.000334073
 0.762889 0.0836404 0.116647 0.0363945 0.000428098
 0.88444 0.0763242 0.0277011 0.0115352 0
 0.521256 0.241999 0.230069 0.00667565 0
 0.616807 0.101726 0.260614 0.0208532 0
ppred_PELACES
 0.374362 0.11006 0.489646 0.0259309 8.26873e-07
 0.364074 0.278977 0.0657016 0.276757 0.0144907
 0.497569 0.213919 0.131136 0.0292415 0.128134
 0.737217 0.147633 0.0507832 0.0294756 0.0348906
 0.607984 0.306889 0.0491165 0.0159968 0.0200142
 0.695262 0.20179 0.0816261 0.0123693 0.0089517
 0.426598 0.426572 0.0990899 0.0379514 0.00978874
 0.381953 0.300434 0.239773 0.0527359 0.0251043
 0.453204 0.241945 0.152581 0.115298 0.0369715
 0.612112 0.20063 0.0856693 0.0511538 0.0504348
 0.743695 0.171814 0.0449994 0.018193 0.0212986
 0.682856 0.24955 0.0462085 0.0114588 0.00992681
 0.626281 0.273567 0.0797747 0.0139862 0.00639095
 0.5629 0.297499 0.103734 0.0286412 0.00722639
 0.662763 0.209872 0.0882682 0.0291413 0.00995595
 0.903348 0.0691684 0.0174781 0.00696008 0.00304566
 0.392812 0.56013 0.0342352 0.00819085 0.00463178
 0.859898 0.0628032 0.0716214 0.00414474 0.00153318
 0.573969 0.378225 0.022088 0.02385 0.00186784
 0.559678 0.27717 0.145811 0.00806247 0.00927891
 0.700395 0.18542 0.0733562 0.0365387 0.00428965
 0.70475 0.221219 0.0468362 0.0175441 0.0096509
 0.301041 0.525571 0.131812 0.0264232 0.0151528
 0.703988 0.104503 0.14603 0.0346767 0.0108022
 0.582515 0.315199 0.0374648 0.0495689 0.0152519
 0.404956 0.380138 0.164689 0.0185342 0.0316821
 0.693459 0.142369 0.107048 0.0439108 0.0132132
 0.644617 0.264595 0.0434966 0.0309661 0.0163261
 0.328987 0.46764 0.153745 0.0239302 0.0256976
 0.416054 0.224094 0.255128 0.0794178 0.0253069
pobs_pel_tallas
 0 0 0 0 0 0 0 0 0 0 0 0 0 0 0 0 0 0 0 0 0 0 0 0 0 0
 0 0 0 0 0 0 0 0 0 0 0 0 0 0 0 0 0 0 0 0 0 0 0 0 0 0
 0 0 0 0 0 0 0 0 0 0 0 0 0 0 0 0 0 0 0 0 0 0 0 0 0 0
 0 0 0 0 0 0 0 0 0 0 0 0 0 0 0 0 0 0 0 0 0 0 0 0 0 0
 0 0 0 0 0 0 0 0 0 0 0 0 0 0 0 0 0 0 0 0 0 0 0 0 0 0
 0 0 0 0 0 0 0 0 0 0 0 0 0 0 0 0 0 0 0 0 0 0 0 0 0 0
 0 0 0 0 0 0 0 0 0 0 0 0 0 0 0 0 0 0 0 0 0 0 0 0 0 0
 0 0 0 0 0 0 0 0 0 0 0 0 0 0 0 0 0 0 0 0 0 0 0 0 0 0
 0 0 0 0 0 0 0 0 0 0 0 0 0 0 0 0 0 0 0 0 0 0 0 0 0 0
 0 0 0 0 0 0 0 0 0 0 0 0 0 0 0 0 0 0 0 0 0 0 0 0 0 0
 0 0 0 0 0 0 0 0 0 0 0 0 0 0 0 0 0 0 0 0 0 0 0 0 0 0
 0 0 0 0 0 0 0 0 0 0 0 0 0 0 0 0 0 0 0 0 0 0 0 0 0 0
 0.00862536 0 0 0.000197151 0.00414017 0.0128641 0.00837892 0.0270097 0.101434 0.158115 0.152841 0.127902 0.109271 0.109419 0.0830992 0.0579132 0.0238553 0.00714673 0.00463305 0.00128148 0.00103504 0.000492878 0.000147863 0.000147863 4.92878e-05 0
 0 0 0 0 0 0 0 0 0 0 0 0 0 0 0 0 0 0 0 0 0 0 0 0 0 0
 0 0 0 0 0 0 0 0.0054083 0.00873648 0.0413646 0.0450493 0.0745869 0.0622846 0.0627006 0.0613931 0.0827291 0.12552 0.122667 0.0946155 0.0697135 0.0546179 0.0294188 0.0215738 0.0213955 0.0102223 0.00600262
 0 0 0 0 0.00359764 0.0251062 0.0480494 0.140153 0.205849 0.193036 0.1447 0.116669 0.0760912 0.0342217 0.00950174 0.001854 0.000860785 0 0 0 0.000165536 0 0.000143464 0 0 0
 0 0 0 0 0 0 0 0.000145254 0.000435761 0.0275982 0.070085 0.0708112 0.156366 0.174668 0.174014 0.160142 0.0824315 0.0480064 0.0283245 0.00493863 0.00203355 0 0 0 0 0
 0 0 0 0 0 0 0 0 0 0 0 0 0 0 0 0 0 0 0 0 0 0 0 0 0 0
 0 0 1.00437e-05 0.000401748 0.00122533 0.00171747 0.00176769 0.0269171 0.070346 0.194647 0.189555 0.159765 0.064822 0.0314167 0.0384472 0.0292271 0.0345202 0.0313363 0.0194345 0.0106764 0.0143323 0.0359363 0.0279516 0.0138201 0.00172751 0
 0 0.0021121 0.0136068 0.0755702 0.200478 0.177729 0.0527432 0.0373336 0.0318909 0.0142505 0.0149659 0.0166563 0.0217959 0.0798694 0.0677717 0.0528807 0.04013 0.0224614 0.0357745 0.0225083 0.00881397 0.00855152 0.00135912 0.000746735 0 0
 0 0 0 0 5.4009e-05 0.00500934 0.000945158 0.0243581 0.138947 0.33067 0.221406 0.137944 0.0707744 0.0437923 0.0131692 0.00525238 0.0047753 0.00276346 9.45158e-05 9.00151e-06 2.25038e-05 9.00151e-06 4.50075e-06 0 0 0
 0.000866109 0.00284123 0.00948549 0.0512746 0.133035 0.25785 0.225252 0.132002 0.0553304 0.0519788 0.0540692 0.017754 0.00435017 0.00159236 0.00146478 0.000404838 0.000125132 0.000115318 0.000107957 0.000100596 0 0 0 0 0 0
 0 0 0 0 0.00144013 0.00171154 0.00461396 0.0210425 0.0478622 0.0707936 0.0888783 0.103762 0.0637923 0.0337046 0.0602308 0.124433 0.169614 0.0934646 0.0462172 0.0250306 0.0313229 0.00938855 0.002487 0.000210481 0 0
 0 0.00764035 0.051015 0.0998891 0.058973 0.0496711 0.0374665 0.0718981 0.12319 0.153886 0.159021 0.0857701 0.0377988 0.023471 0.0147837 0.00900784 0.00315554 0.000888139 0.00291439 0.00214683 0.00393193 0.00274676 0.000635225 9.99891e-05 0 0
 0 0 0 0 0 0 0 0 0 0 0 0 0 0 0 0 0 0 0 0 0 0 0 0 0 0
 0 0 0 0 0 0 0 0 0 0 0 0 0 0 0 0 0 0 0 0 0 0 0 0 0 0
 0 0 0 0 0 0 0 0 0 0 0 0 0 0 0 0 0 0 0 0 0 0 0 0 0 0
 0 0 0 0 0 0 0 0 0 0 0 0 0 0 0 0 0 0 0 0 0 0 0 0 0 0
 0 0 0 0 0 0 0 0 0 0 0 0 0 0 0 0 0 0 0 0 0 0 0 0 0 0
 0 0 0 0 0 0 0 0 0 0 0 0 0 0 0 0 0 0 0 0 0 0 0 0 0 0
ppred_pel_tallas
 1.16759e-16 3.08357e-05 0.000299734 0.00199184 0.00905462 0.0281724 0.0600246 0.08761 0.0876214 0.0600804 0.0283618 0.00961128 0.00342456 0.00354444 0.00653538 0.0116458 0.0188406 0.0279849 0.0387957 0.0508814 0.0635144 0.075241 0.083825 0.0869032 0.0831078 0.0728968
 1.32175e-16 2.99883e-05 0.000291497 0.0019371 0.00880581 0.0273983 0.0583759 0.085207 0.0852341 0.0585081 0.0278424 0.0100906 0.00517041 0.0073785 0.0135788 0.022651 0.0332585 0.0432689 0.0506595 0.0548311 0.0570842 0.0596886 0.0641939 0.070273 0.0758686 0.0783741
 1.28456e-16 4.09841e-05 0.00039838 0.00264738 0.0120346 0.0374443 0.0797797 0.116445 0.116466 0.0798815 0.0377865 0.0130257 0.00514479 0.005883 0.0105556 0.0176496 0.026059 0.0341622 0.0403815 0.0441421 0.0462429 0.0482208 0.0511935 0.055087 0.0587339 0.0605938
 1.10364e-16 6.07236e-05 0.000590255 0.00392246 0.0178309 0.0554787 0.118204 0.172525 0.172539 0.118274 0.0557134 0.0185098 0.00562981 0.00432839 0.00719323 0.0118852 0.0173331 0.0222756 0.0254913 0.0264784 0.0257634 0.0245091 0.0237276 0.0237133 0.0240413 0.0239828
 1.06488e-16 5.00789e-05 0.000486785 0.00323486 0.0147052 0.0457535 0.0974838 0.142287 0.142316 0.0976284 0.0462391 0.016108 0.00675679 0.00817792 0.0146653 0.0241884 0.0348967 0.0440124 0.0487453 0.0478336 0.0422994 0.0347441 0.027762 0.0227063 0.0195231 0.017396
 1.05163e-16 5.72679e-05 0.000556664 0.00369923 0.0168162 0.0523215 0.111477 0.162708 0.162728 0.111573 0.0526424 0.0177441 0.00603255 0.00566404 0.00979741 0.0162119 0.0235947 0.0301872 0.034222 0.0348671 0.0326714 0.0290896 0.0254973 0.0224988 0.019942 0.017401
 1.08432e-16 3.51384e-05 0.000341558 0.00226977 0.0103181 0.0321036 0.0684016 0.0998428 0.099884 0.0686029 0.0327796 0.0122715 0.00717669 0.011065 0.0204355 0.0338199 0.0489328 0.0619979 0.0691836 0.06873 0.0619668 0.0523224 0.0431603 0.0361501 0.0311338 0.0270747
 1.16534e-16 3.1461e-05 0.000305812 0.00203223 0.00923825 0.0287438 0.0612428 0.0893917 0.089421 0.061386 0.0292257 0.0106342 0.00555213 0.00804235 0.0148793 0.0249547 0.036898 0.0484047 0.0571042 0.061866 0.063315 0.0630461 0.0622387 0.060876 0.0580853 0.0530847
 1.22285e-16 3.73299e-05 0.00036286 0.00241133 0.0109616 0.0341057 0.0726666 0.106064 0.106088 0.0727818 0.0344931 0.0120835 0.00523923 0.00657542 0.0119535 0.0200162 0.0295839 0.0388319 0.0459546 0.0502308 0.0524199 0.0540459 0.0561394 0.0584705 0.0597856 0.0586979
 1.16189e-16 5.04189e-05 0.000490089 0.00325682 0.014805 0.046064 0.098145 0.14325 0.143269 0.0982401 0.0463837 0.0157299 0.0055842 0.0055908 0.00979777 0.0162798 0.023839 0.030835 0.0356598 0.0376633 0.0375476 0.0368154 0.0367035 0.0374445 0.0383137 0.0382418
 1.06772e-16 6.12572e-05 0.000595442 0.00395692 0.0179876 0.0559662 0.119242 0.174041 0.174058 0.119324 0.0562387 0.0187753 0.00593635 0.00492359 0.00830236 0.0136854 0.0198459 0.0252566 0.0284133 0.0286531 0.0265474 0.0234839 0.0207753 0.0189951 0.0179321 0.0170027
 1.04227e-16 5.6246e-05 0.000546731 0.00363322 0.0165161 0.0513879 0.109488 0.159806 0.15983 0.109606 0.0517829 0.0176574 0.00649886 0.00680574 0.011953 0.0196978 0.028432 0.0358871 0.0397891 0.0390943 0.0346011 0.0283813 0.0225074 0.0180713 0.0150654 0.0129042
 1.04857e-16 5.1586e-05 0.000501434 0.00333221 0.0151478 0.0471304 0.100417 0.146568 0.146594 0.100547 0.0475644 0.0164021 0.00648391 0.00739219 0.0131694 0.0217712 0.0315465 0.0400663 0.0448762 0.0448271 0.0407168 0.0346619 0.0287388 0.0239801 0.0203191 0.0171951
 1.07165e-16 4.63654e-05 0.000450688 0.00299498 0.0136148 0.0423608 0.0902551 0.131736 0.131765 0.0903958 0.0428334 0.0149811 0.00642971 0.00796546 0.0143676 0.0238086 0.0345969 0.0441473 0.0498417 0.0504607 0.0468548 0.0412418 0.0357332 0.0312779 0.0276556 0.024185
 1.07209e-16 5.45909e-05 0.000530643 0.00352631 0.0160301 0.0498758 0.106266 0.155103 0.155123 0.106366 0.0502097 0.016996 0.00595582 0.00585074 0.010207 0.016916 0.0246651 0.0316574 0.0360916 0.0371384 0.035389 0.0323417 0.0293634 0.0269712 0.024871 0.0225
 1.01736e-16 7.44076e-05 0.000723268 0.00480637 0.0218491 0.0679806 0.14484 0.2114 0.211406 0.144873 0.0680903 0.022166 0.00560268 0.00246399 0.0033874 0.00550103 0.00796187 0.0101079 0.0113195 0.0113165 0.0103159 0.00886946 0.00751096 0.00649403 0.00577381 0.00516584
 1.02737e-16 3.23555e-05 0.000314507 0.00209001 0.00950093 0.0295612 0.0629852 0.0919401 0.091994 0.0632486 0.0304454 0.0120539 0.00849478 0.0142843 0.0265288 0.043715 0.0627561 0.0784678 0.0855873 0.0816903 0.0686591 0.0514601 0.0352494 0.0230347 0.015228 0.010678
 1.02759e-16 7.08286e-05 0.00068848 0.00457519 0.0207981 0.0647108 0.137873 0.201232 0.201238 0.137904 0.0648121 0.0210921 0.00531781 0.0023251 0.00322431 0.00533599 0.007953 0.0105681 0.0126944 0.014074 0.0147663 0.0149893 0.0148655 0.014315 0.0131746 0.0114026
 1.03443e-16 4.72772e-05 0.000459551 0.00305388 0.0138825 0.0431939 0.0920304 0.134329 0.134365 0.0922083 0.043791 0.0156068 0.00737993 0.00989654 0.0179501 0.0295496 0.0424468 0.0531416 0.0581095 0.0557491 0.0473607 0.036302 0.0260146 0.0184384 0.0137244 0.0109692
 1.06658e-16 4.61e-05 0.000448108 0.00297784 0.0135368 0.0421182 0.0897384 0.130981 0.131008 0.0898698 0.04256 0.0148149 0.00619377 0.0074947 0.0135054 0.0224531 0.0328019 0.0422078 0.0482732 0.0498322 0.0475373 0.0432108 0.038543 0.0342253 0.0300468 0.025575
 1.06555e-16 5.76907e-05 0.000560774 0.00372654 0.0169403 0.0527077 0.1123 0.163909 0.163927 0.112388 0.0530027 0.0177934 0.0058721 0.00525861 0.00902141 0.0149332 0.0217681 0.0279318 0.031838 0.0327665 0.0312569 0.0286486 0.0261524 0.0242066 0.0225113 0.0205214
 1.04801e-16 5.80494e-05 0.00056426 0.00374971 0.0170456 0.0530355 0.112998 0.164929 0.16495 0.113103 0.0533859 0.0180582 0.00629285 0.00612094 0.0106261 0.0175149 0.0253204 0.0320463 0.0357 0.0353743 0.0317774 0.0267184 0.0219768 0.0184429 0.0160333 0.0141774
 1.09153e-16 2.47965e-05 0.00024103 0.00160173 0.00728128 0.022655 0.0482709 0.0704634 0.0705141 0.0485189 0.0234881 0.00968867 0.00764918 0.0134579 0.0251707 0.0416904 0.0603292 0.0764434 0.0852948 0.0846799 0.0761884 0.0639998 0.0522458 0.0430293 0.0362632 0.0308102
 1.09547e-16 5.79866e-05 0.00056365 0.00374565 0.0170272 0.052978 0.112876 0.164747 0.164758 0.112926 0.0531478 0.0175203 0.00499395 0.00332365 0.00540258 0.00910952 0.0137496 0.0186207 0.023021 0.0266011 0.029463 0.0318513 0.0337212 0.0346043 0.0338955 0.0312952
 1.08714e-16 4.79811e-05 0.000466393 0.00309935 0.0140892 0.0438369 0.0934003 0.136327 0.136357 0.0935488 0.0443355 0.0155293 0.00671482 0.00836106 0.0150484 0.0248234 0.0358132 0.0451823 0.050099 0.0493241 0.0439794 0.0367942 0.0304345 0.0261997 0.0238529 0.0223351
 1.12071e-16 3.33558e-05 0.00032423 0.00215462 0.00979463 0.0304749 0.0649314 0.094777 0.0948138 0.0651114 0.0310798 0.011544 0.00655444 0.00995795 0.0184145 0.0306126 0.0446168 0.0572026 0.0650772 0.066698 0.0631024 0.0570025 0.0509296 0.0459387 0.0416547 0.0371988
 1.09766e-16 5.71193e-05 0.00055522 0.00368963 0.0167725 0.0521857 0.111188 0.162285 0.162298 0.111255 0.052414 0.0174339 0.00535713 0.00422029 0.00709151 0.0118281 0.017494 0.0229781 0.0271821 0.0296129 0.0306162 0.0309846 0.031272 0.0314006 0.0308229 0.0290055
 1.07192e-16 5.30963e-05 0.000516115 0.00342976 0.0155912 0.0485102 0.103357 0.150858 0.150884 0.103482 0.0489291 0.0168013 0.00646828 0.00715319 0.0126704 0.0208968 0.0301828 0.0381495 0.0424227 0.0419486 0.0376318 0.0317087 0.0263647 0.0226681 0.0204457 0.0188773
 1.11305e-16 2.70984e-05 0.000263406 0.00175043 0.00795721 0.0247581 0.0527514 0.0770016 0.0770468 0.0529724 0.0255005 0.0101035 0.00714498 0.0120628 0.0225042 0.0373391 0.0542031 0.0690398 0.0777076 0.0782772 0.0721086 0.0627596 0.0536642 0.0464405 0.0408329 0.035783
 1.19667e-16 3.42699e-05 0.000333115 0.00221367 0.010063 0.0313099 0.0667099 0.0973697 0.0973917 0.0668175 0.0316722 0.0111141 0.00487042 0.00619418 0.0113465 0.01918 0.0287472 0.0385184 0.0469222 0.0532209 0.0577831 0.0614296 0.0644341 0.0660969 0.0652215 0.0610059
pSPR Fmed_Fpbrs
0.736647   0.193488 0.193488
Fs Fmed_Fpbrs
0.153168   1.005 1.005
SSBpbr Bo_Bmed_Bpbrs
2.48368e+06  1.70541e+06  356378 356378
Ro
235106
SPR SPRFo_SPRFmed_SPRFpbrs
1.67357e+06 1.23283e+06 323816
Fref
1.005
log_Ro
12.1878
likeval ReclasPelacesDesembMPH_pf_preclas_ppelaces_ptallas_desvR_qrecl_qpela
 17.9023 17.4274 0.129602 0.0007998 229.593 107.382 78.1596 0 20.1508 1.19866e-05 0 0.658543 0 0 0
q_reclas_q_pelaces
0.612257 1
M
1
N
 249223 55328.4 229757 11995.1 0.3814
 145725 84869.3 18656.4 77472.6 4044.78
 142933 46681 26710.4 5871.61 25655.5
 300837 46012.9 14773.5 8453.28 9977.64
 241901 92026.7 13747.7 4414.02 5506.77
 381086 83882.8 31671.6 4731.36 3414.3
 162075 124591 27014.2 10199.8 2623.29
 78812.2 46614.7 34725 7529.18 3573.93
 68761.6 27927.5 16439.3 12246.3 3915.67
 87103.1 21823.7 8698.1 5120.08 5033.68
 151909 26432.4 6461.81 2575.44 3006.45
 188490 53017 9163.22 2240.09 1935.05
 159799 53623.4 14595.7 2522.65 1149.42
 112255 46270.9 15059.5 4099.03 1031.26
 115674 28187.1 11065.5 3601.41 1226.88
 560368 32965.2 7775.18 3052.32 1331.85
 149347 162107 9248.12 2181.26 1229.94
 847435 47158 50198 2863.77 1056.31
 524093 265178 14454.8 15386.6 1201.58
 402287 152477 74872.1 4081.27 4683.62
 598735 120671 44560.5 21880.9 2561.48
 786585 188834 37317.1 13780.3 7558.77
 179472 237560 55611.9 10989.9 6284.37
 523759 58837.8 76743.4 17965.3 5580.43
 426613 174751 19387.7 25287.8 7758.58
 200073 141889 57377.4 6365.73 10850.4
 436582 67829.3 47604.4 19250.4 5776.1
 469714 145686 22354.3 15688.9 8247.92
 147981 158971 48783.9 7485.48 8015.37
 122436 50001.8 53135.1 16305.8 5181.07
pred_Ctot
 11783.7 2938.15 12201 636.985 0.0202539
 12040.2 7851.01 1725.84 7166.76 374.171
 11411.7 4173.89 2388.26 524.998 2293.93
 32523.4 5556.75 1784.13 1020.86 1204.95
 8819.16 3771.77 563.458 180.911 225.698
 27069.4 6678.13 2521.46 376.676 271.822
 22806.3 19525.2 4233.51 1598.45 411.106
 1837.08 1222.9 910.987 197.523 93.7597
 6038.79 2744.8 1615.71 1203.6 384.844
 9793.85 2740.01 1092.07 642.838 631.991
 4947.82 968.181 236.687 94.3346 110.122
 27579 8634.73 1492.39 364.837 315.156
 21928.9 8198 2231.4 385.666 175.725
 23233.5 10598.1 3449.29 938.857 236.204
 16822.1 4563.25 1791.4 583.037 198.622
 77170.6 5057.39 1192.84 468.274 204.326
 13542.6 16446.3 938.253 221.296 124.782
 81094.3 5046.69 5372.01 306.471 113.043
 70627.5 39821.2 2170.65 2310.57 180.438
 47735.6 20191.5 9914.79 540.454 620.219
 54685.5 12330.4 4553.29 2235.84 261.738
 90464.1 24244.6 4791.18 1769.26 970.476
 12465.2 18495.4 4329.68 855.626 489.272
 31055 3914.1 5105.25 1195.12 371.231
 26079.9 11983.9 1329.55 1734.16 532.061
 9986.72 7952.74 3215.95 356.793 608.156
 25847.5 4505.57 3162.13 1278.71 383.678
 23922 8330.65 1278.27 897.122 471.633
 7677.78 9259.92 2841.62 436.023 466.888
 8544.81 3911.6 4156.72 1275.59 405.311
F
 0.0772346 0.0870981 0.0870981 0.0870981 0.0870981
 0.138386 0.156059 0.156059 0.156059 0.156059
 0.133456 0.1505 0.1505 0.1505 0.1505
 0.184491 0.208052 0.208052 0.208052 0.208052
 0.0591099 0.0666587 0.0666587 0.0666587 0.0666587
 0.117988 0.133056 0.133056 0.133056 0.133056
 0.246144 0.277579 0.277579 0.277579 0.277579
 0.0374551 0.0422384 0.0422384 0.0422384 0.0422384
 0.147651 0.166507 0.166507 0.166507 0.166507
 0.192501 0.217085 0.217085 0.217085 0.217085
 0.0526678 0.0593939 0.0593939 0.0593939 0.0593939
 0.257058 0.289887 0.289887 0.289887 0.289887
 0.239401 0.269974 0.269974 0.269974 0.269974
 0.381912 0.430686 0.430686 0.430686 0.430686
 0.25532 0.287927 0.287927 0.287927 0.287927
 0.240339 0.271032 0.271032 0.271032 0.271032
 0.15277 0.17228 0.17228 0.17228 0.17228
 0.161812 0.182477 0.182477 0.182477 0.182477
 0.234652 0.264619 0.264619 0.264619 0.264619
 0.204102 0.230167 0.230167 0.230167 0.230167
 0.15395 0.173611 0.173611 0.173611 0.173611
 0.197279 0.222473 0.222473 0.222473 0.222473
 0.115238 0.129955 0.129955 0.129955 0.129955
 0.0976715 0.110145 0.110145 0.110145 0.110145
 0.100833 0.113711 0.113711 0.113711 0.113711
 0.0816865 0.0921185 0.0921185 0.0921185 0.0921185
 0.0975199 0.109974 0.109974 0.109974 0.109974
 0.083404 0.0940553 0.0940553 0.0940553 0.0940553
 0.0850241 0.0958824 0.0958824 0.0958824 0.0958824
 0.115822 0.130614 0.130614 0.130614 0.130614
nmprior
 8 8 7 0
nm_flota  nm_reclas  nm_pelaces    nm_pelaL
inf 10.9267 9.84589 15.5563
cv_recla  cv_pelaces  cv_mph
0.391724 0.491225 0.872763
 ------------------------------------------------
Talla a la edad & desviación 
 8 13.2811 15.8009 17.003 17.5766
 0.8 1.32811 1.58009 1.7003 1.75766
