    unsorted:	 2.328673179e-06 3.845885984e-06 5.716710375e-05 9.591524214e-05 0.001099990326 7.966350331 13.44386568 36.12755235 65.52190749 125.5362867 223.0284290 201.2918146 249.6580922 483.2927199 441.3124670 617.2398113 873.2382278 892.6521121 806.9148148 756.2518669 949.4632045 1006.282876 1140.575331 1228.723213 1358.248177 1421.068040 1689.794515 1720.273985 1843.772512 1998.361279 2185.462491 2387.370018 2396.231116 2293.737040 2440.554062 2639.513601 2648.845177 2966.373970 3300.609277 3428.733170 3614.819918 4001.956700 9291.120490 41198.40077 163537.8654 384252.2182 385714.6897 374165.5875 353130.3370 355865.1970 400691.8453 422250.8904 314270.0537 444089.3582 453926.2978 245692.0144 515407.8771 611184.0211 660239.7205 688411.6471 715294.6405 727632.4849 993196.6683 1118443.504 1174657.640 1298686.281 1515130.151 1731380.933 1837753.142 2293056.037 2466746.611 2499988.394 2744467.911 2963523.669 3329381.114
      sorted:	 2.328673179e-06 3.845885984e-06 5.716710375e-05 9.591524214e-05 0.001099990326 7.966350331 13.44386568 36.12755235 65.52190749 125.5362867 201.2918146 223.0284290 249.6580922 441.3124670 483.2927199 617.2398113 756.2518669 806.9148148 873.2382278 892.6521121 949.4632045 1006.282876 1140.575331 1228.723213 1358.248177 1421.068040 1689.794515 1720.273985 1843.772512 1998.361279 2185.462491 2293.737040 2387.370018 2396.231116 2440.554062 2639.513601 2648.845177 2966.373970 3300.609277 3428.733170 3614.819918 4001.956700 9291.120490 41198.40077 163537.8654 245692.0144 314270.0537 353130.3370 355865.1970 374165.5875 384252.2182 385714.6897 400691.8453 422250.8904 444089.3582 453926.2978 515407.8771 611184.0211 660239.7205 688411.6471 715294.6405 727632.4849 993196.6683 1118443.504 1174657.640 1298686.281 1515130.151 1731380.933 1837753.142 2293056.037 2466746.611 2499988.394 2744467.911 2963523.669 3329381.114
