years
 1991 1992 1993 1994 1995 1996 1997 1998 1999 2000 2001 2002 2003 2004 2005 2006 2007 2008 2009 2010 2011 2012 2013 2014 2015 2016 2017 2018 2019 2020
reclasobs
 0 0 0 0 0 0 0 0 0 252601 567819 844713 477998 351125 339783 2.1784e+06 2.13404e+06 4.81314e+06 1.55562e+06 2.62356e+06 3.21686e+06 3.843e+06 1.13348e+06 3.07943e+06 1.97215e+06 2.03268e+06 2.025e+06 2.42433e+06 2.27542e+06 1.05018e+06
reclaspred
 3.34398e+06 1.90155e+06 967242 1.02839e+06 1.0664e+06 1.64172e+06 1.10894e+06 997566 723222 528556 540406 661720 652970 523448 526596 1.2183e+06 1.20195e+06 2.64375e+06 2.19265e+06 1.6975e+06 2.96777e+06 2.38265e+06 1.93015e+06 2.93978e+06 2.23071e+06 1.98537e+06 2.32574e+06 2.42343e+06 2.00285e+06 1.30218e+06
pelacesobs
 0 0 0 0 0 0 0 0 0 0 0 0 0 0 0 552880 188675 0 991730 2.46772e+06 1.41603e+06 1.21717e+06 2.29649e+06 1.80582e+06 0 1.4828e+06 1.56532e+06 1.57751e+06 1.42118e+06 867257
pelacespred
 2.12367e+06 1.35248e+06 694774 590215 630503 994831 664451 695283 502920 351282 361058 370795 398914 340426 346212 652760 662704 1.61731e+06 1.42318e+06 1.02707e+06 1.69841e+06 1.51707e+06 1.22758e+06 1.98812e+06 1.4911e+06 1.31746e+06 1.72719e+06 1.78211e+06 1.24415e+06 913496
mphobs
 0 0 0 0 0 0 0 0 0 0 0 498337 0 5186 125008 0 168611 109162 213762 579715 649985 157893 87575 83554 0 0 0 0 0 0
mphpred
 4.02484e+06 2.7034e+06 1.37418e+06 750923 899012 1.03767e+06 1.3602e+06 923373 802821 563115 372328 504857 533911 460523 327911 402793 1.11815e+06 1.08967e+06 2.09427e+06 1.60548e+06 1.78754e+06 2.15812e+06 2.02837e+06 1.70517e+06 2.34235e+06 1.95194e+06 1.61755e+06 1.70471e+06 2.32274e+06 1.60013e+06
desembarqueobs
 494567 514787 250237 358949 120608 361735 552515 73892 212993 205616 52469 317467 293654 387597 252695 516296 358380 742168 942051 627588 828172 859565 418607 520667 417249 300574 407403 355545 319650 289779
desembarquepred
 494574 513211 251088 358969 120612 361749 552574 73895.3 213037 205658 52471 317535 293711 387661 252702 516290 358411 742108 941951 627510 828247 859606 418620 520690 417253 300580 407408 355537 319648 289791
Reclutas
 224065 129398 126947 252601 202457 324068 137294 65376.6 57963.6 74435.5 132146 168247 141984 99431.7 100903 500021 115861 787313 455899 374293 520786 699162 156444 444273 381808 171469 376973 414651 125580 99107.8
log_desv_Rt
 0.095002 -0.454038 -0.473163 0.214876 -0.00640819 0.464018 -0.394808 -1.13677 -1.25712 -1.007 -0.433024 -0.191502 -0.361222 -0.717464 -0.702776 0.897716 -0.564544 1.35169 0.805337 0.608104 0.938404 1.23295 -0.264238 0.779505 0.627983 -0.172531 0.615239 0.710502 -0.483989 -0.720727
SSB
 4.02484e+06 2.7034e+06 1.37418e+06 750923 899012 1.03767e+06 1.3602e+06 923373 802821 563115 372328 504857 533911 460523 327911 402793 1.11815e+06 1.08967e+06 2.09427e+06 1.60548e+06 1.78754e+06 2.15812e+06 2.02837e+06 1.70517e+06 2.34235e+06 1.95194e+06 1.61755e+06 1.70471e+06 2.32274e+06 1.60013e+06
BT
 5.34112e+06 3.64547e+06 1.86379e+06 1.7013e+06 1.57525e+06 2.67606e+06 2.04503e+06 1.701e+06 1.39212e+06 1.02599e+06 904626 1.14807e+06 1.21393e+06 1.2148e+06 1.08356e+06 1.99795e+06 1.83288e+06 4.55128e+06 4.2698e+06 2.97767e+06 4.71991e+06 4.39007e+06 3.23816e+06 5.24314e+06 3.87847e+06 3.36006e+06 4.53979e+06 4.60725e+06 3.15228e+06 2.41182e+06
Ftot
 0.105195 0.189644 0.18352 0.257177 0.0830129 0.164335 0.349709 0.0540619 0.213032 0.279359 0.0736969 0.349219 0.326945 0.531309 0.358282 0.324638 0.213909 0.214089 0.310843 0.26953 0.206193 0.264774 0.155536 0.133895 0.136363 0.109871 0.131832 0.111212 0.113095 0.159116
BD_Bspro_t
 0.98331 0.87572 0.74196 0.664408 0.672652 0.740119 0.733 0.604451 0.654469 0.619523 0.588613 0.737301 0.627436 0.544265 0.445239 0.496699 0.632081 0.614195 0.698214 0.609513 0.590053 0.631948 0.64463 0.642337 0.737432 0.746541 0.754268 0.785621 0.822862 0.764877
BD_Bspro
 2.77492 1.86386 0.947431 0.517724 0.619824 0.71542 0.937787 0.636619 0.553505 0.388239 0.256701 0.348074 0.368105 0.317507 0.226078 0.277705 0.770908 0.751273 1.4439 1.1069 1.23242 1.48791 1.39846 1.17563 1.61493 1.34576 1.11522 1.17531 1.60141 1.10321
BD_Bo
 1.84703 1.24062 0.630626 0.344606 0.412565 0.476196 0.624206 0.423744 0.368422 0.258418 0.170865 0.231684 0.245016 0.211338 0.150481 0.184845 0.513129 0.50006 0.961081 0.73677 0.82032 0.990379 0.930839 0.782519 1.07493 0.895761 0.742307 0.782307 1.06593 0.734316
BD_Brms
 12.472 8.37719 4.25826 2.32693 2.78582 3.21548 4.21491 2.86131 2.48775 1.74495 1.15375 1.56443 1.65446 1.42705 1.01612 1.24816 3.46487 3.37662 6.48964 4.97499 5.53916 6.68747 6.28543 5.28391 7.25837 6.04857 5.01238 5.28248 7.19761 4.95842
Sel_flota
 0.863339 1 1 1 1
 0.863339 1 1 1 1
 0.863339 1 1 1 1
 0.863339 1 1 1 1
 0.863339 1 1 1 1
 0.863339 1 1 1 1
 0.863339 1 1 1 1
 0.863339 1 1 1 1
 0.863339 1 1 1 1
 0.863339 1 1 1 1
 0.863339 1 1 1 1
 0.863339 1 1 1 1
 0.863339 1 1 1 1
 0.863339 1 1 1 1
 0.863339 1 1 1 1
 0.863339 1 1 1 1
 0.863339 1 1 1 1
 0.863339 1 1 1 1
 0.863339 1 1 1 1
 0.863339 1 1 1 1
 0.863339 1 1 1 1
 0.863339 1 1 1 1
 0.863339 1 1 1 1
 0.863339 1 1 1 1
 0.863339 1 1 1 1
 0.863339 1 1 1 1
 0.863339 1 1 1 1
 0.863339 1 1 1 1
 0.863339 1 1 1 1
 0.863339 1 1 1 1
Sel_reclas
 0.999999 1 1 1 1
 0.999999 1 1 1 1
 0.999999 1 1 1 1
 0.999999 1 1 1 1
 0.999999 1 1 1 1
 0.999999 1 1 1 1
 0.999999 1 1 1 1
 0.999999 1 1 1 1
 0.999999 1 1 1 1
 0.999999 1 1 1 1
 0.999999 1 1 1 1
 0.999999 1 1 1 1
 0.999999 1 1 1 1
 0.999999 1 1 1 1
 0.999999 1 1 1 1
 0.999999 1 1 1 1
 0.999999 1 1 1 1
 0.999999 1 1 1 1
 0.999999 1 1 1 1
 0.999999 1 1 1 1
 0.999999 1 1 1 1
 0.999999 1 1 1 1
 0.999999 1 1 1 1
 0.999999 1 1 1 1
 0.999999 1 1 1 1
 0.999999 1 1 1 1
 0.999999 1 1 1 1
 0.999999 1 1 1 1
 0.999999 1 1 1 1
 0.999999 1 1 1 1
Sel_pelaces
 0.939415 1 1 1 1
 0.939415 1 1 1 1
 0.939415 1 1 1 1
 0.939415 1 1 1 1
 0.939415 1 1 1 1
 0.939415 1 1 1 1
 0.939415 1 1 1 1
 0.939415 1 1 1 1
 0.939415 1 1 1 1
 0.939415 1 1 1 1
 0.939415 1 1 1 1
 0.939415 1 1 1 1
 0.939415 1 1 1 1
 0.939415 1 1 1 1
 0.939415 1 1 1 1
 0.939415 1 1 1 1
 0.939415 1 1 1 1
 0.939415 1 1 1 1
 0.939415 1 1 1 1
 0.939415 1 1 1 1
 0.939415 1 1 1 1
 0.939415 1 1 1 1
 0.939415 1 1 1 1
 0.939415 1 1 1 1
 0.939415 1 1 1 1
 0.939415 1 1 1 1
 0.939415 1 1 1 1
 0.939415 1 1 1 1
 0.939415 1 1 1 1
 0.939415 1 1 1 1
pf_obs 
 0.8446 0.082 0.0669 0.0065 0
 0.8095 0.147 0.0364 0.0071 0
 0.9664 0.0169 0.016 0.0007 0
 0.9276 0.0648 0.0075 0.0001 0
 0.7033 0.2144 0.0806 0.0017 0
 0.9318 0.0425 0.0243 0.0014 0
 0.5671 0.3108 0.0964 0.0239 0.0018
 0.0768 0.2599 0.5324 0.112 0.0189
 0.490249 0.384438 0.106611 0.0170017 0.00170017
 0.7925 0.1577 0.0466 0.003 0.0002
 0.840416 0.127587 0.0312969 0.00059994 9.999e-05
 0.8084 0.0986 0.0794 0.0134 0.0002
 0.7335 0.1905 0.0724 0.0035 0.0001
 0.4001 0.4547 0.1325 0.0127 0
 0.49795 0.308269 0.164784 0.0264974 0.00249975
 0.9179 0.0499 0.0305 0.0017 0
 0.2467 0.6533 0.0926 0.0074 0
 0.9418 0.0223 0.034 0.0019 0
 0.707729 0.231977 0.0356964 0.0245975 0
 0.517169 0.277429 0.184464 0.0207286 0.00020938
 0.811772 0.124168 0.05621 0.00726502 0.000585176
 0.764997 0.148141 0.077277 0.00933861 0.000247198
 0.163321 0.427699 0.378323 0.0303852 0.000271297
 0.753843 0.0900009 0.118128 0.0371064 0.000921714
 0.721811 0.176058 0.0630433 0.0369309 0.00215725
 0.143369 0.312575 0.442814 0.0836902 0.0175525
 0.692698 0.0596174 0.167031 0.0765114 0.00414204
 0.394062 0.376323 0.152708 0.0712218 0.00568511
 0.125707 0.32114 0.495352 0.0537591 0.00404204
 0.23352 0.215282 0.420074 0.123614 0.00750983
pf_pred 
 0.440229 0.111596 0.424986 0.023189 7.26388e-07
 0.417962 0.278686 0.060476 0.230309 0.012567
 0.556439 0.203112 0.11513 0.0249837 0.100336
 0.767805 0.138376 0.0429609 0.0243515 0.0265069
 0.652679 0.276611 0.0421396 0.0130829 0.0154879
 0.73659 0.180868 0.0657378 0.0100147 0.00678998
 0.472263 0.404506 0.0846153 0.0307541 0.0078617
 0.439017 0.289592 0.208019 0.0435138 0.0198583
 0.512474 0.23233 0.131738 0.0946297 0.0288285
 0.670517 0.182323 0.0701293 0.0397654 0.0372662
 0.7901 0.148382 0.0340414 0.0130938 0.0143825
 0.725428 0.223592 0.0360387 0.00826788 0.00667338
 0.674093 0.24738 0.0639469 0.010307 0.00427318
 0.614371 0.274224 0.0845623 0.0218591 0.00498397
 0.716713 0.186614 0.0687453 0.021199 0.0067293
 0.923738 0.0572866 0.0124998 0.00460473 0.00187071
 0.405101 0.5563 0.0289952 0.00632671 0.0032775
 0.896288 0.046179 0.0538003 0.00280416 0.000928833
 0.60221 0.36223 0.0158332 0.0184463 0.00127992
 0.62172 0.243139 0.123061 0.00537903 0.0067016
 0.733566 0.176006 0.0581224 0.0294176 0.00288788
 0.74484 0.195026 0.0397241 0.0131181 0.00729129
 0.3405 0.511483 0.113134 0.0230438 0.0118394
 0.743364 0.0967995 0.123963 0.0274191 0.0084543
 0.637918 0.279633 0.0310985 0.0398251 0.0115249
 0.445527 0.37347 0.139788 0.015546 0.0256698
 0.734566 0.128541 0.0922052 0.034512 0.0101757
 0.689837 0.237008 0.0354262 0.0254121 0.0123161
 0.362488 0.460395 0.135342 0.02023 0.0215445
 0.451322 0.21907 0.238034 0.069975 0.0215983
pobs_RECLAS
 0 0 0 0 0
 0 0 0 0 0
 0 0 0 0 0
 0 0 0 0 0
 0 0 0 0 0
 0 0 0 0 0
 0 0 0 0 0
 0 0 0 0 0
 0 0 0 0 0
 0 0 0 0 0
 0.991045 0.00858322 0.000360255 1.14367e-05 0
 0.934742 0.0480273 0.0164251 0.00080598 0
 0.827803 0.169806 0.00239088 0 0
 0.941827 0.0461693 0.0120037 0 0
 0.791401 0.0380133 0.147996 0.0225897 0
 0.846168 0.0940531 0.0597789 0 0
 0.134021 0.677848 0.182769 0.00536245 0
 0.80878 0.0450904 0.141981 0.00414843 0
 0.846168 0.0940531 0.0597789 0 0
 0.905697 0.0802665 0.012482 0.00150086 5.37128e-05
 0.989698 0.0102097 9.19794e-05 0 0
 0.975433 0.0193895 0.00387452 0.00125025 5.28907e-05
 0.303575 0.632131 0.0575291 0.00676475 0
 0.966965 0.00978017 0.0227588 0.000495775 0
 0.843318 0.132988 0.00938335 0.0141283 0.000182051
 0.564624 0.303363 0.111486 0.0197234 0.00080311
 0.826376 0.0876187 0.0782897 0.00655872 0.00115652
 0.89761 0.0855135 0.0140674 0.00269457 0.000114338
 0.34875 0.467042 0.161289 0.0227151 0.000203297
 0.318654 0.224769 0.449479 0.00709798 0
ppred_RECLAS
 0.477017 0.104262 0.397056 0.021665 6.78649e-07
 0.454696 0.261097 0.0566592 0.215774 0.0117739
 0.592923 0.186405 0.10566 0.0229287 0.0920833
 0.793548 0.123034 0.0381979 0.0216517 0.0235681
 0.685417 0.250538 0.0381675 0.0118497 0.014028
 0.764476 0.16172 0.0587785 0.00895445 0.00607116
 0.510252 0.375388 0.0785242 0.0285402 0.00729577
 0.475627 0.270693 0.194444 0.0406741 0.0185624
 0.549758 0.214562 0.121663 0.0873928 0.0266238
 0.702948 0.164376 0.0632263 0.0358512 0.033598
 0.813567 0.131793 0.0302356 0.0116299 0.0127746
 0.754659 0.199788 0.032202 0.00738768 0.00596293
 0.706496 0.222784 0.057589 0.00928222 0.00384832
 0.650536 0.248507 0.0766319 0.0198091 0.00451656
 0.746579 0.16694 0.0614978 0.018964 0.00601986
 0.933757 0.0497606 0.0108577 0.00399979 0.00162494
 0.441653 0.522119 0.0272137 0.00593798 0.00307612
 0.909409 0.0403365 0.0469935 0.00244938 0.000811317
 0.637856 0.329771 0.0144144 0.0167933 0.00116522
 0.656457 0.220812 0.11176 0.00488508 0.0060862
 0.761782 0.157366 0.0519672 0.0263023 0.00258205
 0.772396 0.173964 0.0354341 0.0117014 0.00650387
 0.374693 0.484964 0.107268 0.0218491 0.0112256
 0.77068 0.0864964 0.110768 0.0245007 0.00755444
 0.671505 0.253694 0.0282138 0.0361309 0.0104559
 0.482392 0.348639 0.130494 0.0145124 0.0239631
 0.762514 0.115006 0.0824968 0.0308782 0.00910428
 0.720647 0.213465 0.0319072 0.0228878 0.0110927
 0.397417 0.43517 0.127927 0.0191216 0.0203641
 0.488415 0.20426 0.221942 0.0652443 0.0201381
pobs_PELACES
 0 0 0 0 0
 0 0 0 0 0
 0 0 0 0 0
 0 0 0 0 0
 0 0 0 0 0
 0 0 0 0 0
 0 0 0 0 0
 0 0 0 0 0
 0 0 0 0 0
 0 0 0 0 0
 0 0 0 0 0
 0 0 0 0 0
 0 0 0 0 0
 0 0 0 0 0
 0 0 0 0 0
 0 0 0 0 0
 0.505614 0.472636 0.0217494 0 0
 0 0 0 0 0
 0.443492 0.261883 0.143347 0.151278 0
 0.227955 0.32914 0.350689 0.0885471 0.00366901
 0.970185 0.0296113 0.000203453 0 0
 0.997202 0.00247181 0.000326279 0 0
 0.445219 0.490057 0.0546422 0.010081 0
 0.90214 0.0892962 0.00764917 0.000914606 0
 0 0 0 0 0
 0.581667 0.319106 0.0959925 0.00289975 0.000334073
 0.762889 0.0836404 0.116647 0.0363945 0.000428098
 0.88444 0.0763242 0.0277011 0.0115352 0
 0.521256 0.241999 0.230069 0.00667565 0
 0.616807 0.101726 0.260614 0.0208532 0
ppred_PELACES
 0.462632 0.107129 0.407977 0.0222609 6.97316e-07
 0.441356 0.267484 0.0580453 0.221052 0.0120619
 0.579773 0.192427 0.109073 0.0236694 0.0950579
 0.785085 0.128078 0.0397638 0.0225393 0.0245343
 0.672613 0.260735 0.039721 0.012332 0.014599
 0.754413 0.168629 0.0612897 0.00933702 0.00633054
 0.498572 0.38434 0.0803969 0.0292209 0.00746977
 0.460674 0.278412 0.199988 0.0418339 0.0190917
 0.536635 0.220816 0.125209 0.08994 0.0273998
 0.692424 0.1702 0.0654663 0.0371213 0.0347883
 0.804425 0.138256 0.0317183 0.0122002 0.013401
 0.745901 0.20692 0.0333515 0.0076514 0.00617579
 0.696498 0.230374 0.0595509 0.00959843 0.00397941
 0.641725 0.254772 0.078564 0.0203086 0.00463044
 0.737712 0.172781 0.0636495 0.0196276 0.00623049
 0.930735 0.0520309 0.0113531 0.00418228 0.00169908
 0.428664 0.534266 0.0278468 0.00607612 0.00314768
 0.904961 0.0423173 0.0493012 0.00256966 0.000851158
 0.626585 0.340034 0.0148631 0.017316 0.00120149
 0.645016 0.228165 0.115482 0.00504776 0.00628888
 0.751994 0.163832 0.0541024 0.027383 0.00268814
 0.763386 0.180851 0.0368368 0.0121646 0.00676133
 0.361786 0.494974 0.109482 0.0223001 0.0114573
 0.76055 0.0903173 0.115662 0.025583 0.00788816
 0.658958 0.263385 0.0292914 0.037511 0.0108552
 0.468042 0.358304 0.134112 0.0149148 0.0246274
 0.752122 0.120039 0.0861068 0.0322294 0.00950268
 0.70893 0.222419 0.0332455 0.0238478 0.0115579
 0.383756 0.445036 0.130827 0.0195551 0.0208257
 0.474605 0.209774 0.227933 0.0670056 0.0206818
pobs_pel_tallas
 0 0 0 0 0 0 0 0 0 0 0 0 0 0 0 0 0 0 0 0 0 0 0 0 0 0
 0 0 0 0 0 0 0 0 0 0 0 0 0 0 0 0 0 0 0 0 0 0 0 0 0 0
 0 0 0 0 0 0 0 0 0 0 0 0 0 0 0 0 0 0 0 0 0 0 0 0 0 0
 0 0 0 0 0 0 0 0 0 0 0 0 0 0 0 0 0 0 0 0 0 0 0 0 0 0
 0 0 0 0 0 0 0 0 0 0 0 0 0 0 0 0 0 0 0 0 0 0 0 0 0 0
 0 0 0 0 0 0 0 0 0 0 0 0 0 0 0 0 0 0 0 0 0 0 0 0 0 0
 0 0 0 0 0 0 0 0 0 0 0 0 0 0 0 0 0 0 0 0 0 0 0 0 0 0
 0 0 0 0 0 0 0 0 0 0 0 0 0 0 0 0 0 0 0 0 0 0 0 0 0 0
 0 0 0 0 0 0 0 0 0 0 0 0 0 0 0 0 0 0 0 0 0 0 0 0 0 0
 0 0 0 0 0 0 0 0 0 0 0 0 0 0 0 0 0 0 0 0 0 0 0 0 0 0
 0 0 0 0 0 0 0 0 0 0 0 0 0 0 0 0 0 0 0 0 0 0 0 0 0 0
 0 0 0 0 0 0 0 0 0 0 0 0 0 0 0 0 0 0 0 0 0 0 0 0 0 0
 0.00862536 0 0 0.000197151 0.00414017 0.0128641 0.00837892 0.0270097 0.101434 0.158115 0.152841 0.127902 0.109271 0.109419 0.0830992 0.0579132 0.0238553 0.00714673 0.00463305 0.00128148 0.00103504 0.000492878 0.000147863 0.000147863 4.92878e-05 0
 0 0 0 0 0 0 0 0 0 0 0 0 0 0 0 0 0 0 0 0 0 0 0 0 0 0
 0 0 0 0 0 0 0 0.0054083 0.00873648 0.0413646 0.0450493 0.0745869 0.0622846 0.0627006 0.0613931 0.0827291 0.12552 0.122667 0.0946155 0.0697135 0.0546179 0.0294188 0.0215738 0.0213955 0.0102223 0.00600262
 0 0 0 0 0.00359764 0.0251062 0.0480494 0.140153 0.205849 0.193036 0.1447 0.116669 0.0760912 0.0342217 0.00950174 0.001854 0.000860785 0 0 0 0.000165536 0 0.000143464 0 0 0
 0 0 0 0 0 0 0 0.000145254 0.000435761 0.0275982 0.070085 0.0708112 0.156366 0.174668 0.174014 0.160142 0.0824315 0.0480064 0.0283245 0.00493863 0.00203355 0 0 0 0 0
 0 0 0 0 0 0 0 0 0 0 0 0 0 0 0 0 0 0 0 0 0 0 0 0 0 0
 0 0 1.00437e-05 0.000401748 0.00122533 0.00171747 0.00176769 0.0269171 0.070346 0.194647 0.189555 0.159765 0.064822 0.0314167 0.0384472 0.0292271 0.0345202 0.0313363 0.0194345 0.0106764 0.0143323 0.0359363 0.0279516 0.0138201 0.00172751 0
 0 0.0021121 0.0136068 0.0755702 0.200478 0.177729 0.0527432 0.0373336 0.0318909 0.0142505 0.0149659 0.0166563 0.0217959 0.0798694 0.0677717 0.0528807 0.04013 0.0224614 0.0357745 0.0225083 0.00881397 0.00855152 0.00135912 0.000746735 0 0
 0 0 0 0 5.4009e-05 0.00500934 0.000945158 0.0243581 0.138947 0.33067 0.221406 0.137944 0.0707744 0.0437923 0.0131692 0.00525238 0.0047753 0.00276346 9.45158e-05 9.00151e-06 2.25038e-05 9.00151e-06 4.50075e-06 0 0 0
 0.000866109 0.00284123 0.00948549 0.0512746 0.133035 0.25785 0.225252 0.132002 0.0553304 0.0519788 0.0540692 0.017754 0.00435017 0.00159236 0.00146478 0.000404838 0.000125132 0.000115318 0.000107957 0.000100596 0 0 0 0 0 0
 0 0 0 0 0.00144013 0.00171154 0.00461396 0.0210425 0.0478622 0.0707936 0.0888783 0.103762 0.0637923 0.0337046 0.0602308 0.124433 0.169614 0.0934646 0.0462172 0.0250306 0.0313229 0.00938855 0.002487 0.000210481 0 0
 0 0.00764035 0.051015 0.0998891 0.058973 0.0496711 0.0374665 0.0718981 0.12319 0.153886 0.159021 0.0857701 0.0377988 0.023471 0.0147837 0.00900784 0.00315554 0.000888139 0.00291439 0.00214683 0.00393193 0.00274676 0.000635225 9.99891e-05 0 0
 0 0 0 0 0 0 0 0 0 0 0 0 0 0 0 0 0 0 0 0 0 0 0 0 0 0
 0 0 0 0 0 0 0 0 0 0 0 0 0 0 0 0 0 0 0 0 0 0 0 0 0 0
 0 0 0 0 0 0 0 0 0 0 0 0 0 0 0 0 0 0 0 0 0 0 0 0 0 0
 0 0 0 0 0 0 0 0 0 0 0 0 0 0 0 0 0 0 0 0 0 0 0 0 0 0
 0 0 0 0 0 0 0 0 0 0 0 0 0 0 0 0 0 0 0 0 0 0 0 0 0 0
 0 0 0 0 0 0 0 0 0 0 0 0 0 0 0 0 0 0 0 0 0 0 0 0 0 0
ppred_pel_tallas
 1.14034e-16 3.81064e-05 0.000370408 0.00246149 0.0111896 0.034815 0.0741775 0.108266 0.108277 0.0742312 0.0349972 0.0117236 0.00383133 0.00345779 0.00618525 0.010903 0.0174157 0.0254578 0.0346471 0.044591 0.0547377 0.0640173 0.0707137 0.0729443 0.0695807 0.0609692
 1.25954e-16 3.6354e-05 0.000353374 0.00234829 0.010675 0.0332141 0.0707671 0.103292 0.103318 0.0708937 0.0336394 0.0119051 0.00544241 0.00713046 0.0129777 0.0215944 0.0316027 0.0408824 0.0474012 0.050486 0.0513183 0.0520928 0.0544414 0.0583292 0.0621424 0.0637162
 1.21658e-16 4.77551e-05 0.000464197 0.00308475 0.0140229 0.0436304 0.0929599 0.135682 0.1357 0.0930513 0.0439379 0.0149129 0.00532674 0.00538452 0.00947041 0.0157902 0.0232462 0.0303302 0.0355706 0.0383981 0.0394976 0.040259 0.0417539 0.0440444 0.0462543 0.0471802
 1.07593e-16 6.46664e-05 0.00062858 0.00417714 0.0189887 0.0590809 0.125879 0.183726 0.183738 0.125939 0.0592843 0.019577 0.00565621 0.00386535 0.00623581 0.0102714 0.0149474 0.0191425 0.0217744 0.0223882 0.0214315 0.0199239 0.0187797 0.0183138 0.0182287 0.0179579
 1.04921e-16 5.54023e-05 0.00053853 0.00357872 0.0162684 0.0506171 0.107846 0.15741 0.157435 0.107969 0.0510296 0.0174599 0.00657002 0.00707016 0.0124651 0.0205334 0.0296082 0.0373115 0.0412627 0.0403812 0.0355323 0.0289315 0.0227997 0.0183127 0.015455 0.0135599
 1.0382e-16 6.21401e-05 0.000604024 0.00401395 0.0182468 0.0567728 0.120961 0.17655 0.176566 0.121041 0.0570407 0.0190214 0.0059612 0.00486454 0.00818195 0.0135021 0.0196172 0.0250311 0.028252 0.0285796 0.0264841 0.0232138 0.0199666 0.0172971 0.0151113 0.0130585
 1.06613e-16 4.10668e-05 0.000399184 0.00265272 0.0120589 0.0375199 0.0799415 0.116685 0.116722 0.0801228 0.0381287 0.0138178 0.00707013 0.0100503 0.0183936 0.0304051 0.0439423 0.0555715 0.061815 0.0610731 0.0545531 0.045386 0.0366734 0.0300033 0.025303 0.0216711
 1.13269e-16 3.79452e-05 0.000368841 0.00245108 0.0111423 0.0346678 0.0738645 0.107813 0.10784 0.073997 0.0351136 0.0124331 0.00570417 0.0075129 0.013731 0.0229681 0.0338519 0.0441862 0.0517209 0.0553824 0.0557798 0.0544948 0.0527851 0.0508167 0.0479191 0.0434174
 1.17327e-16 4.4202e-05 0.000429659 0.00285524 0.0129795 0.0403842 0.0860435 0.125588 0.125609 0.0861485 0.0407371 0.0140014 0.00542939 0.0060799 0.0108672 0.0181419 0.0267201 0.0348764 0.0409023 0.0440919 0.0451305 0.0454668 0.0461735 0.0472266 0.0476754 0.0463982
 1.11543e-16 5.70341e-05 0.000554392 0.00368413 0.0167475 0.0521079 0.111022 0.162043 0.16206 0.111103 0.0523787 0.017531 0.00565492 0.00487095 0.00829795 0.0137435 0.020072 0.0258509 0.0296795 0.0309742 0.0303175 0.0290051 0.0281504 0.0280519 0.0282129 0.0278304
 1.04443e-16 6.62594e-05 0.000644065 0.00428004 0.0194564 0.0605363 0.128979 0.188252 0.188265 0.129045 0.0607554 0.0200897 0.00587082 0.00412094 0.00668207 0.0109758 0.0158865 0.0201565 0.0225568 0.0225401 0.0205634 0.0177588 0.0152188 0.0134559 0.0123547 0.0114887
 1.02828e-16 6.14389e-05 0.000597208 0.00396866 0.018041 0.0561322 0.119596 0.174559 0.174579 0.119694 0.0564596 0.0189866 0.00634272 0.00578107 0.00991032 0.0162966 0.0234939 0.0295959 0.0327018 0.0319374 0.0279681 0.0225329 0.0173879 0.0134838 0.0108548 0.00903841
 1.03414e-16 5.73696e-05 0.000557653 0.0037058 0.0168461 0.0524145 0.111675 0.162998 0.16302 0.111784 0.0527796 0.0179014 0.00635688 0.00635179 0.0110814 0.0182809 0.0264497 0.0335128 0.0373849 0.0370899 0.0333106 0.0278651 0.0225578 0.0183193 0.015139 0.0125595
 1.05153e-16 5.28581e-05 0.000513799 0.00341438 0.0155213 0.0482926 0.102893 0.150181 0.150206 0.103014 0.048697 0.0166901 0.00635167 0.00693735 0.0122859 0.0203156 0.0294668 0.0374894 0.0421151 0.0422862 0.0387446 0.0334379 0.028253 0.0240909 0.0208314 0.0179181
 1.04904e-16 6.07644e-05 0.000590651 0.00392509 0.0178429 0.0555159 0.118283 0.172641 0.172658 0.118365 0.0557905 0.0186369 0.0059215 0.00495973 0.00839061 0.0138599 0.0201593 0.0257726 0.0291913 0.0297183 0.0278494 0.0248596 0.021945 0.0196139 0.0176939 0.0157551
 1.01048e-16 7.66634e-05 0.000745195 0.00495209 0.0225115 0.0700416 0.149231 0.217808 0.217813 0.149256 0.070124 0.0227497 0.00555033 0.0020524 0.00256294 0.00412543 0.00595853 0.00754241 0.00840427 0.00832939 0.00748218 0.00628542 0.00515531 0.00430072 0.0037044 0.00323742
 1.02083e-16 3.53086e-05 0.000343212 0.00228077 0.0103681 0.0322592 0.0687335 0.100329 0.100381 0.0689847 0.0331024 0.0128026 0.00838785 0.0136624 0.0252935 0.0416616 0.0597822 0.0746944 0.081366 0.0774775 0.0648297 0.0481814 0.0324866 0.0206559 0.0131163 0.00878502
 1.01836e-16 7.45404e-05 0.000724559 0.00481495 0.0218881 0.068102 0.145099 0.211776 0.211781 0.145119 0.0681703 0.0220863 0.00531568 0.0018283 0.00220187 0.00360311 0.00537103 0.00714383 0.00859259 0.00954262 0.0100308 0.0101983 0.0101214 0.00974201 0.00895022 0.00772305
 1.02456e-16 5.1611e-05 0.000501678 0.00333383 0.0151551 0.0471534 0.100466 0.146641 0.146673 0.100626 0.04769 0.0167046 0.00722088 0.00897944 0.01613 0.0265264 0.0380732 0.0476017 0.0519267 0.0495982 0.0417893 0.0315425 0.0219953 0.0149452 0.0105753 0.00809929
 1.04962e-16 5.31292e-05 0.000516434 0.00343189 0.0156009 0.0485403 0.103421 0.150951 0.150973 0.103529 0.0489037 0.0166524 0.0060774 0.00631185 0.0111188 0.0184511 0.0269302 0.0346029 0.0394826 0.0406026 0.0385049 0.0347098 0.0306429 0.026913 0.0233791 0.0197008
 1.04805e-16 6.19408e-05 0.000602087 0.00400108 0.0181883 0.0565907 0.120573 0.175983 0.175999 0.120651 0.056851 0.0189407 0.00589251 0.00474045 0.00794923 0.0131172 0.0190646 0.0243472 0.0275359 0.0279805 0.0261724 0.0233465 0.020656 0.018581 0.016929 0.0152452
 1.03474e-16 6.28792e-05 0.000611208 0.00406169 0.0184639 0.0574481 0.1224 0.17865 0.178667 0.122485 0.0577345 0.0192914 0.00613997 0.00515161 0.00869632 0.0143049 0.0206666 0.0261305 0.0290585 0.0287016 0.0256359 0.0213454 0.0173001 0.0142519 0.0121599 0.0105813
 1.07462e-16 2.98e-05 0.000289666 0.00192494 0.00875051 0.0272264 0.0580104 0.0846779 0.0847256 0.0582438 0.0280104 0.011016 0.00761471 0.0127209 0.0236696 0.0391636 0.0566015 0.071572 0.079581 0.0785406 0.0699711 0.057877 0.0462529 0.037188 0.0306765 0.0256651
 1.07262e-16 6.26455e-05 0.000608937 0.0040466 0.0183953 0.0572345 0.121944 0.177983 0.177992 0.121988 0.0573808 0.0188201 0.00512121 0.00298203 0.00464962 0.00779735 0.0117178 0.0157677 0.0193137 0.0220404 0.0240501 0.0256041 0.0267447 0.0271573 0.0263892 0.0242078
 1.06512e-16 5.42775e-05 0.000527597 0.00350607 0.0159381 0.0495895 0.105657 0.154214 0.154239 0.105781 0.050006 0.0171411 0.00652602 0.007121 0.0125794 0.0207208 0.0298745 0.037649 0.0416639 0.040871 0.0362011 0.0299415 0.0243432 0.0205311 0.0183543 0.0169698
 1.09626e-16 3.85521e-05 0.00037474 0.00249028 0.0113205 0.0352224 0.0750464 0.10954 0.109574 0.0752158 0.0357918 0.0129668 0.00662934 0.00943194 0.0173033 0.0287113 0.0417455 0.0533139 0.0602679 0.0611346 0.0569242 0.0502896 0.0437627 0.0384916 0.0342314 0.0301816
 1.07356e-16 6.19513e-05 0.000602189 0.00400176 0.0181914 0.0566003 0.120593 0.176012 0.176024 0.120651 0.0567926 0.0187484 0.00540569 0.00368652 0.00597739 0.00993603 0.0146668 0.0192061 0.0226095 0.0244468 0.0250074 0.0249772 0.0248629 0.0246545 0.0239482 0.0223368
 1.05364e-16 5.83937e-05 0.000567607 0.00377195 0.0171468 0.05335 0.113669 0.165907 0.165929 0.113773 0.053702 0.0181634 0.00632463 0.00614237 0.0106529 0.0175389 0.0253104 0.0319454 0.035435 0.0348833 0.0310496 0.0258265 0.0210785 0.0177417 0.0157098 0.0143226
 1.09375e-16 3.16096e-05 0.000307256 0.00204183 0.00928188 0.0288796 0.0615327 0.0898177 0.0898607 0.0617428 0.0295857 0.0113226 0.00716962 0.011519 0.0213769 0.035427 0.051351 0.0652478 0.0731409 0.0731781 0.0666755 0.0570902 0.0478007 0.0404664 0.0349325 0.03022
 1.16851e-16 3.90926e-05 0.000379994 0.0025252 0.0114792 0.0357161 0.0760977 0.111071 0.111092 0.0761983 0.0360548 0.0124616 0.00500745 0.00585282 0.0105923 0.0178681 0.026721 0.0356807 0.0432412 0.0486886 0.0523743 0.0551153 0.0572585 0.0582622 0.05711 0.0531125
pSPR Fmed_Fpbrs
0.695043   0.198095 0.198095
Fs Fmed_Fpbrs
0.186388   1.005 1.005
SSBpbr Bo_Bmed_Bpbrs
2.17908e+06  1.4056e+06  322710 322710
Ro
203758
SPR SPRFo_SPRFmed_SPRFpbrs
1.45043e+06 1.00811e+06 287323
Fref
1.005
log_Ro
12.0447
likeval ReclasPelacesDesembMPH_pf_preclas_ppelaces_ptallas_desvR_qrecl_qpela
 16.7083 16.9266 0.106066 0.00315047 229.234 106.321 76.8022 0 21.1331 4.86341e-06 0 0.540482 0 0 0
q_reclas_q_pelaces
0.731614 1
M
1
N
 224065 49327.2 187851 10249.9 0.321076
 129398 75272.7 16334.5 62206.3 3394.34
 126947 40413.7 22907.7 4971.07 19964.2
 252601 39858.3 12374.6 7014.32 7635.16
 202457 74424 11337.9 3520.04 4167.13
 324068 69328.6 25198 3838.73 2602.67
 137294 103449 21639.6 7865.07 2010.56
 65376.6 37345.4 26825.9 5611.48 2560.91
 57963.6 22954 13015.6 9349.33 2848.23
 74435.5 17741.3 6824.09 3869.46 3626.27
 132146 21515 4935.91 1898.57 2085.43
 168247 45617.2 7352.6 1686.81 1361.5
 141984 45784.1 11835.1 1907.58 790.863
 99431.7 39387.5 12145.9 3139.68 715.86
 100903 23121.7 8517.64 2626.58 833.77
 500021 27244.2 5944.63 2189.9 889.664
 115861 138987 7244.2 1580.67 818.854
 787313 35435.5 41283.7 2151.77 712.741
 455899 240759 10523.7 12260.5 850.705
 374293 128241 64906.8 2837.1 3534.68
 520786 109109 36031 18236.4 1790.24
 699162 160345 32660 10785.3 5994.68
 156444 204648 45265.7 9220.01 4737.05
 444273 50320.7 64441.4 14253.7 4394.92
 381808 145597 16192.1 20735.8 6000.7
 171469 124860 46734.4 5197.41 8582
 376973 57371.5 41153.9 15403.7 4541.71
 414651 123762 18499 13269.8 6431.25
 125580 138577 40737.4 6089.12 6484.78
 99107.8 41900.9 45528.1 13383.9 4131.04
pred_Ctot
 12388.1 3140.31 11959.1 652.54 0.0204406
 12519.5 8347.65 1811.48 6898.59 376.427
 11911.1 4347.81 2464.47 534.801 2147.8
 32373 5834.34 1811.36 1026.73 1117.61
 8903 3773.17 574.814 178.46 211.266
 27411.6 6730.86 2446.38 372.688 252.684
 23178.4 19852.9 4152.87 1509.39 385.848
 1891.73 1247.86 896.357 187.501 85.5698
 6248.43 2832.72 1606.24 1153.79 351.497
 10283.3 2796.17 1075.53 609.858 571.529
 5176.13 972.087 223.013 85.7807 94.2234
 28368.8 8743.86 1409.34 323.326 260.971
 22584.5 8288.1 2142.45 345.321 143.166
 23996.3 10710.7 3302.86 853.78 194.665
 17401.5 4530.9 1669.11 514.702 163.385
 79036.5 4901.53 1069.51 393.988 160.061
 12537.3 17216.7 897.363 195.803 101.434
 85261.3 4392.88 5117.87 266.751 88.3572
 69326.6 41700.1 1822.73 2123.55 147.345
 50058.8 19576.7 9908.42 433.101 539.59
 54467.8 13068.5 4315.63 2184.28 214.427
 92008.6 24091.2 4907.04 1620.45 900.678
 12563.2 18871.9 4174.25 850.237 436.834
 30948.4 4030.04 5160.93 1141.54 351.977
 27063.7 11863.4 1319.35 1689.58 488.945
 9885.18 8286.4 3101.56 344.929 569.551
 25874.5 4527.73 3247.85 1215.65 358.43
 24184.7 8309.19 1241.99 890.912 431.785
 7443.6 9454.09 2779.22 415.417 442.41
 8131.8 3947.14 4288.83 1260.79 389.152
F
 0.0908187 0.105195 0.105195 0.105195 0.105195
 0.163727 0.189644 0.189644 0.189644 0.189644
 0.15844 0.18352 0.18352 0.18352 0.18352
 0.222031 0.257177 0.257177 0.257177 0.257177
 0.0716683 0.0830129 0.0830129 0.0830129 0.0830129
 0.141877 0.164335 0.164335 0.164335 0.164335
 0.301918 0.349709 0.349709 0.349709 0.349709
 0.0466738 0.0540619 0.0540619 0.0540619 0.0540619
 0.183919 0.213032 0.213032 0.213032 0.213032
 0.241182 0.279359 0.279359 0.279359 0.279359
 0.0636255 0.0736969 0.0736969 0.0736969 0.0736969
 0.301495 0.349219 0.349219 0.349219 0.349219
 0.282264 0.326945 0.326945 0.326945 0.326945
 0.4587 0.531309 0.531309 0.531309 0.531309
 0.309319 0.358282 0.358282 0.358282 0.358282
 0.280273 0.324638 0.324638 0.324638 0.324638
 0.184676 0.213909 0.213909 0.213909 0.213909
 0.184831 0.214089 0.214089 0.214089 0.214089
 0.268363 0.310843 0.310843 0.310843 0.310843
 0.232696 0.26953 0.26953 0.26953 0.26953
 0.178014 0.206193 0.206193 0.206193 0.206193
 0.22859 0.264774 0.264774 0.264774 0.264774
 0.13428 0.155536 0.155536 0.155536 0.155536
 0.115597 0.133895 0.133895 0.133895 0.133895
 0.117727 0.136363 0.136363 0.136363 0.136363
 0.094856 0.109871 0.109871 0.109871 0.109871
 0.113816 0.131832 0.131832 0.131832 0.131832
 0.0960133 0.111212 0.111212 0.111212 0.111212
 0.0976391 0.113095 0.113095 0.113095 0.113095
 0.137371 0.159116 0.159116 0.159116 0.159116
nmprior
 8 8 7 0
nm_flota  nm_reclas  nm_pelaces    nm_pelaL
inf 11.2686 14.9977 25.7769
cv_recla  cv_pelaces  cv_mph
0.378436 0.484117 1.73218
 ------------------------------------------------
Talla a la edad & desviación 
 8 13.2811 15.8009 17.003 17.5766
 0.8 1.32811 1.58009 1.7003 1.75766
