years
 1991 1992 1993 1994 1995 1996 1997 1998 1999 2000 2001 2002 2003 2004 2005 2006 2007 2008 2009 2010 2011 2012 2013 2014 2015 2016 2017 2018 2019 2020
reclasobs
 0 0 0 0 0 0 0 0 0 252601 567819 844713 477998 351125 339783 2.1784e+06 2.13404e+06 4.81314e+06 1.55562e+06 2.62356e+06 3.21686e+06 3.843e+06 1.13348e+06 3.07943e+06 1.97215e+06 2.03268e+06 2.025e+06 2.42433e+06 2.27542e+06 1.05018e+06
reclaspred
 964037 1.01518e+06 427753 122751 10405.5 428620 217318 10841.9 229342 185327 494753 812585 444487 190953 283233 728279 2.36741e+06 3.558e+06 778117 1.75589e+06 4.11399e+06 1.9437e+06 885258 2.55772e+06 2.63108e+06 1.23429e+06 1.31798e+06 1.58945e+06 1.58569e+06 558510
pelacesobs
 0 0 0 0 0 0 0 0 0 0 0 0 0 0 0 552880 188675 0 991730 2.46772e+06 1.41603e+06 1.21717e+06 2.29649e+06 1.80582e+06 0 1.4828e+06 1.56532e+06 1.57751e+06 1.42118e+06 867257
pelacespred
 303720 414318 189639 37239.9 1140.78 186300 58501.8 1908.8 97319.4 65950.2 228439 330880 188701 79470.5 133112 290518 955901 1.40272e+06 384140 683531 1.61287e+06 1.02923e+06 419885 1.36404e+06 1.37475e+06 688630 741074 873563 714772 296884
mphobs
 0 0 0 0 0 0 0 0 0 0 0 498337 0 5186 125008 0 168611 109162 213762 579715 649985 157893 87575 83554 0 0 0 0 0 0
mphpred
 224743 1.09689e+06 526296 136027 39568.1 815.867 393985 35244 1149.71 241861 61922.9 703605 517258 158906 100696 249064 842303 3.08374e+06 1.47782e+06 253577 2.79294e+06 2.45619e+06 1.09467e+06 444577 2.92217e+06 1.45896e+06 693951 1.11702e+06 1.58506e+06 795292
desembarqueobs
 494567 514787 250237 358949 120608 361735 552515 73892 212993 205616 52469 317467 293654 387597 252695 516296 358380 742168 942051 627588 828172 859565 418607 520667 417249 300574 407403 355545 319650 289779
desembarquepred
 494510 519408 247047 358033 120309 360945 551605 73774.8 212436 203867 52426.7 316934 294970 387335 251822 514379 359330 741543 937775 625001 825977 856538 416948 520913 416829 299315 407819 354689 319137 288625
Reclutas
 513583 8160.78 758.116 79249.9 344.196 267852 161.288 85.1644 87992 318.559 271736 83314.4 17359.4 76977.3 98841.3 416711 670650 23541.6 5628.61 1.13251e+06 358775 157320 851.588 803667 39154.5 40225.9 336804 304700 937.982 493.562
log_desv_Rt
 2.9786 -1.16347 -3.53973 1.1098 -4.32935 2.32763 -5.08737 -5.72598 1.21444 -4.40675 2.34203 1.15981 -0.408673 1.0807 1.33071 2.76959 3.24544 -0.104039 -1.53494 3.76939 2.61989 1.79548 -3.42346 3.42638 0.404707 0.431705 2.55669 2.45652 -3.32683 -3.96891
SSB
 224743 1.09689e+06 526296 136027 39568.1 815.867 393985 35244 1149.71 241861 61922.9 703605 517258 158906 100696 249064 842303 3.08374e+06 1.47782e+06 253577 2.79294e+06 2.45619e+06 1.09467e+06 444577 2.92217e+06 1.45896e+06 693951 1.11702e+06 1.58506e+06 795292
BT
 1.51734e+06 1.41108e+06 672966 473018 93757.6 1.17963e+06 621803 71883.8 635089 331552 1.02493e+06 1.13325e+06 735764 728515 796756 1.57447e+06 3.76122e+06 3.83091e+06 2.06331e+06 3.37179e+06 5.13654e+06 3.46966e+06 1.3811e+06 6.32453e+06 3.62215e+06 2.0171e+06 3.17718e+06 3.24499e+06 1.92027e+06 1.00906e+06
Ftot
 0.479013 0.46852 0.525169 2.21004 4.33419 0.777981 1.84773 3.38547 0.852057 0.944288 0.101204 0.36236 0.598993 1.66902 0.809992 0.650371 0.144382 0.196504 1.0225 0.335909 0.18969 0.407102 0.433 0.193544 0.150041 0.228096 0.291426 0.211035 0.189862 0.472881
BD_Bspro_t
 0.926221 0.715025 0.451627 0.206556 0.0766002 0.00274081 0.422867 0.0560588 0.00310808 0.400425 0.1989 0.791835 0.609158 0.313028 0.226136 0.404744 0.585325 0.801505 0.597082 0.245785 0.742306 0.684744 0.516744 0.369113 0.801733 0.71046 0.608012 0.718259 0.768179 0.620187
BD_Bspro
 1.20861 5.89879 2.83028 0.731518 0.212787 0.00438751 2.11874 0.189533 0.00618284 1.30067 0.333005 3.7838 2.78168 0.854553 0.541518 1.3394 4.52968 16.5835 7.94729 1.36367 15.0197 13.2087 5.88682 2.39082 15.7146 7.84591 3.73188 6.00701 8.52403 4.27687
BD_Bo
 0.116062 0.566457 0.27179 0.0702473 0.0204338 0.00042133 0.203462 0.0182007 0.000593734 0.124902 0.0319782 0.363356 0.267123 0.0820622 0.0520017 0.128622 0.434982 1.59251 0.763174 0.130952 1.44233 1.26843 0.565308 0.229589 1.50907 0.753438 0.35837 0.576849 0.818558 0.410705
BD_Brms
 0.493035 2.40633 1.15457 0.298413 0.0868034 0.00178983 0.864313 0.0773174 0.00252221 0.530589 0.135845 1.54355 1.13475 0.348604 0.220905 0.54639 1.84782 6.76503 3.24199 0.556289 6.12708 5.38833 2.40145 0.975301 6.41057 3.20064 1.52237 2.45048 3.47727 1.74469
Sel_flota
 0.5 1 1 1 1
 0.5 1 1 1 1
 0.5 1 1 1 1
 0.5 1 1 1 1
 0.5 1 1 1 1
 0.5 1 1 1 1
 0.5 1 1 1 1
 0.5 1 1 1 1
 0.5 1 1 1 1
 0.5 1 1 1 1
 0.5 1 1 1 1
 0.5 1 1 1 1
 0.5 1 1 1 1
 0.5 1 1 1 1
 0.5 1 1 1 1
 0.5 1 1 1 1
 0.5 1 1 1 1
 0.5 1 1 1 1
 0.5 1 1 1 1
 0.5 1 1 1 1
 0.5 1 1 1 1
 0.5 1 1 1 1
 0.5 1 1 1 1
 0.5 1 1 1 1
 0.5 1 1 1 1
 0.5 1 1 1 1
 0.5 1 1 1 1
 0.5 1 1 1 1
 0.5 1 1 1 1
 0.5 1 1 1 1
Sel_reclas
 0.5 1 1 1 1
 0.5 1 1 1 1
 0.5 1 1 1 1
 0.5 1 1 1 1
 0.5 1 1 1 1
 0.5 1 1 1 1
 0.5 1 1 1 1
 0.5 1 1 1 1
 0.5 1 1 1 1
 0.5 1 1 1 1
 0.5 1 1 1 1
 0.5 1 1 1 1
 0.5 1 1 1 1
 0.5 1 1 1 1
 0.5 1 1 1 1
 0.5 1 1 1 1
 0.5 1 1 1 1
 0.5 1 1 1 1
 0.5 1 1 1 1
 0.5 1 1 1 1
 0.5 1 1 1 1
 0.5 1 1 1 1
 0.5 1 1 1 1
 0.5 1 1 1 1
 0.5 1 1 1 1
 0.5 1 1 1 1
 0.5 1 1 1 1
 0.5 1 1 1 1
 0.5 1 1 1 1
 0.5 1 1 1 1
Sel_pelaces
 0.5 1 1 1 1
 0.5 1 1 1 1
 0.5 1 1 1 1
 0.5 1 1 1 1
 0.5 1 1 1 1
 0.5 1 1 1 1
 0.5 1 1 1 1
 0.5 1 1 1 1
 0.5 1 1 1 1
 0.5 1 1 1 1
 0.5 1 1 1 1
 0.5 1 1 1 1
 0.5 1 1 1 1
 0.5 1 1 1 1
 0.5 1 1 1 1
 0.5 1 1 1 1
 0.5 1 1 1 1
 0.5 1 1 1 1
 0.5 1 1 1 1
 0.5 1 1 1 1
 0.5 1 1 1 1
 0.5 1 1 1 1
 0.5 1 1 1 1
 0.5 1 1 1 1
 0.5 1 1 1 1
 0.5 1 1 1 1
 0.5 1 1 1 1
 0.5 1 1 1 1
 0.5 1 1 1 1
 0.5 1 1 1 1
pf_obs 
 0.8446 0.082 0.0669 0.0065 0
 0.8095 0.147 0.0364 0.0071 0
 0.9664 0.0169 0.016 0.0007 0
 0.9276 0.0648 0.0075 0.0001 0
 0.7033 0.2144 0.0806 0.0017 0
 0.9318 0.0425 0.0243 0.0014 0
 0.5671 0.3108 0.0964 0.0239 0.0018
 0.0768 0.2599 0.5324 0.112 0.0189
 0.490249 0.384438 0.106611 0.0170017 0.00170017
 0.7925 0.1577 0.0466 0.003 0.0002
 0.840416 0.127587 0.0312969 0.00059994 9.999e-05
 0.8084 0.0986 0.0794 0.0134 0.0002
 0.7335 0.1905 0.0724 0.0035 0.0001
 0.4001 0.4547 0.1325 0.0127 0
 0.49795 0.308269 0.164784 0.0264974 0.00249975
 0.9179 0.0499 0.0305 0.0017 0
 0.2467 0.6533 0.0926 0.0074 0
 0.9418 0.0223 0.034 0.0019 0
 0.707729 0.231977 0.0356964 0.0245975 0
 0.517169 0.277429 0.184464 0.0207286 0.00020938
 0.811772 0.124168 0.05621 0.00726502 0.000585176
 0.764997 0.148141 0.077277 0.00933861 0.000247198
 0.163321 0.427699 0.378323 0.0303852 0.000271297
 0.753843 0.0900009 0.118128 0.0371064 0.000921714
 0.721811 0.176058 0.0630433 0.0369309 0.00215725
 0.143369 0.312575 0.442814 0.0836902 0.0175525
 0.692698 0.0596174 0.167031 0.0765114 0.00414204
 0.394062 0.376323 0.152708 0.0712218 0.00568511
 0.125707 0.32114 0.495352 0.0537591 0.00404204
 0.23352 0.215282 0.420074 0.123614 0.00750983
pf_pred 
 0.939358 0.038333 0.0141019 0.0051878 0.00301918
 0.0284236 0.945213 0.0166648 0.00613064 0.00356789
 0.0110466 0.0625224 0.901293 0.0158905 0.00924788
 0.86827 0.003368 0.00811516 0.116984 0.00326286
 0.0271563 0.939891 0.000842512 0.00203002 0.03008
 0.999595 9.35941e-05 0.000300666 2.69515e-07 1.02718e-05
 0.00161746 0.998224 3.66229e-05 0.000117649 4.12478e-06
 0.0165273 0.00594603 0.977372 3.58578e-05 0.00011923
 0.998947 0.000111848 5.69246e-06 0.000935691 1.48474e-07
 0.00886495 0.990736 4.23945e-05 2.15766e-06 0.000354718
 0.978147 0.000515321 0.0213287 9.12677e-07 7.68289e-06
 0.317854 0.674829 0.00017255 0.00714172 2.87814e-06
 0.162519 0.42686 0.406216 0.000103867 0.00430072
 0.772704 0.0723404 0.0789799 0.0751603 0.000814961
 0.811733 0.173699 0.00463642 0.00506196 0.00486938
 0.899197 0.0924873 0.00767188 0.000204779 0.000438643
 0.74888 0.240117 0.0100953 0.000837408 7.02315e-05
 0.0439609 0.823698 0.126542 0.00532022 0.000478328
 0.0368698 0.0855528 0.756098 0.116157 0.00532267
 0.979081 0.00200828 0.00167981 0.0148458 0.00238523
 0.343955 0.64977 0.000602348 0.00050383 0.00516815
 0.271878 0.382919 0.341902 0.000316949 0.00298453
 0.00447601 0.455885 0.283796 0.253396 0.00244685
 0.943875 0.000569758 0.0254405 0.0158371 0.0142772
 0.068177 0.906379 0.000258295 0.0115332 0.0136521
 0.172947 0.109724 0.697742 0.000198839 0.019388
 0.806988 0.0596805 0.0176889 0.112485 0.00315764
 0.572289 0.385467 0.013062 0.00387149 0.0253101
 0.00356442 0.737573 0.233296 0.00790548 0.0176615
 0.00643693 0.00746357 0.729922 0.230876 0.0253018
pobs_RECLAS
 0 0 0 0 0
 0 0 0 0 0
 0 0 0 0 0
 0 0 0 0 0
 0 0 0 0 0
 0 0 0 0 0
 0 0 0 0 0
 0 0 0 0 0
 0 0 0 0 0
 0 0 0 0 0
 0.991045 0.00858322 0.000360255 1.14367e-05 0
 0.934742 0.0480273 0.0164251 0.00080598 0
 0.827803 0.169806 0.00239088 0 0
 0.941827 0.0461693 0.0120037 0 0
 0.791401 0.0380133 0.147996 0.0225897 0
 0.846168 0.0940531 0.0597789 0 0
 0.134021 0.677848 0.182769 0.00536245 0
 0.80878 0.0450904 0.141981 0.00414843 0
 0.846168 0.0940531 0.0597789 0 0
 0.905697 0.0802665 0.012482 0.00150086 5.37128e-05
 0.989698 0.0102097 9.19794e-05 0 0
 0.975433 0.0193895 0.00387452 0.00125025 5.28907e-05
 0.303575 0.632131 0.0575291 0.00676475 0
 0.966965 0.00978017 0.0227588 0.000495775 0
 0.843318 0.132988 0.00938335 0.0141283 0.000182051
 0.564624 0.303363 0.111486 0.0197234 0.00080311
 0.826376 0.0876187 0.0782897 0.00655872 0.00115652
 0.89761 0.0855135 0.0140674 0.00269457 0.000114338
 0.34875 0.467042 0.161289 0.0227151 0.000203297
 0.318654 0.224769 0.449479 0.00709798 0
ppred_RECLAS
 0.94084 0.037396 0.0137572 0.005061 0.00294538
 0.0291394 0.944517 0.0166525 0.00612613 0.00356526
 0.0113741 0.0625017 0.900994 0.0158852 0.00924482
 0.891392 0.00277683 0.00669074 0.0964505 0.00269014
 0.0484211 0.919347 0.000824096 0.00198565 0.0294225
 0.999615 8.90954e-05 0.000286215 2.56561e-07 9.77811e-06
 0.00191259 0.997929 3.66121e-05 0.000117614 4.12356e-06
 0.0248463 0.00589574 0.969104 3.55545e-05 0.000118222
 0.999004 0.000105794 5.38434e-06 0.000885044 1.40438e-07
 0.00944629 0.990155 4.23697e-05 2.15639e-06 0.00035451
 0.978242 0.000513082 0.0212361 9.08711e-07 7.6495e-06
 0.321922 0.670804 0.000171521 0.00709913 2.86098e-06
 0.167333 0.424406 0.403881 0.00010327 0.004276
 0.797075 0.064584 0.0705117 0.0671016 0.000727581
 0.819554 0.166483 0.00444381 0.00485167 0.00466709
 0.902668 0.089303 0.00740774 0.000197729 0.000423541
 0.750107 0.238944 0.0100459 0.000833317 6.98883e-05
 0.0443489 0.823364 0.126491 0.00531806 0.000478134
 0.0394971 0.0853194 0.754035 0.11584 0.00530815
 0.979428 0.00197497 0.00165195 0.0145996 0.00234566
 0.345952 0.647792 0.000600515 0.000502296 0.00515242
 0.276161 0.380666 0.33989 0.000315084 0.00296697
 0.0045807 0.455837 0.283766 0.25337 0.00244659
 0.944352 0.000564916 0.0252243 0.0157026 0.0141559
 0.0686112 0.905957 0.000258175 0.0115279 0.0136458
 0.174509 0.109517 0.696424 0.000198463 0.0193514
 0.809228 0.058988 0.0174837 0.111179 0.003121
 0.574726 0.383271 0.0129876 0.00384943 0.0251659
 0.00359598 0.73755 0.233288 0.00790523 0.017661
 0.00660473 0.00746231 0.729799 0.230837 0.0252975
pobs_PELACES
 0 0 0 0 0
 0 0 0 0 0
 0 0 0 0 0
 0 0 0 0 0
 0 0 0 0 0
 0 0 0 0 0
 0 0 0 0 0
 0 0 0 0 0
 0 0 0 0 0
 0 0 0 0 0
 0 0 0 0 0
 0 0 0 0 0
 0 0 0 0 0
 0 0 0 0 0
 0 0 0 0 0
 0 0 0 0 0
 0.505614 0.472636 0.0217494 0 0
 0 0 0 0 0
 0.443492 0.261883 0.143347 0.151278 0
 0.227955 0.32914 0.350689 0.0885471 0.00366901
 0.970185 0.0296113 0.000203453 0 0
 0.997202 0.00247181 0.000326279 0 0
 0.445219 0.490057 0.0546422 0.010081 0
 0.90214 0.0892962 0.00764917 0.000914606 0
 0 0 0 0 0
 0.581667 0.319106 0.0959925 0.00289975 0.000334073
 0.762889 0.0836404 0.116647 0.0363945 0.000428098
 0.88444 0.0763242 0.0277011 0.0115352 0
 0.521256 0.241999 0.230069 0.00667565 0
 0.616807 0.101726 0.260614 0.0208532 0
ppred_PELACES
 0.945089 0.0347101 0.0127691 0.00469751 0.00273384
 0.0314078 0.94231 0.0166136 0.00611181 0.00355693
 0.0123909 0.0624374 0.900067 0.0158689 0.00923531
 0.92199 0.00199452 0.00480577 0.0692777 0.00193225
 0.09423 0.875089 0.000784424 0.00189006 0.0280061
 0.999661 7.83658e-05 0.000251746 2.25664e-07 8.60055e-06
 0.00259258 0.997249 3.65871e-05 0.000117534 4.12075e-06
 0.0426443 0.00578813 0.951417 3.49056e-05 0.000116064
 0.999134 9.19305e-05 4.67877e-06 0.000769067 1.22035e-07
 0.0110214 0.98858 4.23023e-05 2.15296e-06 0.000353947
 0.978595 0.000504767 0.0208919 8.93985e-07 7.52554e-06
 0.33511 0.657758 0.000168185 0.00696106 2.80533e-06
 0.18156 0.417155 0.396981 0.000101506 0.00420294
 0.838011 0.0515556 0.0562875 0.0535653 0.000580807
 0.838482 0.14902 0.00397767 0.00434275 0.00417753
 0.911697 0.0810185 0.00672053 0.000179386 0.000384249
 0.754546 0.2347 0.0098675 0.000818515 6.86469e-05
 0.0457436 0.822163 0.126306 0.0053103 0.000477436
 0.0464189 0.0847046 0.748601 0.115005 0.00526989
 0.980515 0.00187056 0.00156462 0.0138278 0.00222166
 0.353068 0.640745 0.000593982 0.000496831 0.00509636
 0.289789 0.3735 0.333491 0.000309152 0.00291112
 0.00491827 0.455682 0.28367 0.253284 0.00244577
 0.946007 0.000548119 0.0244743 0.0152357 0.013735
 0.0702103 0.904402 0.000257732 0.0115081 0.0136223
 0.179997 0.108789 0.691794 0.000197144 0.0192227
 0.816541 0.0567267 0.0168134 0.106917 0.00300136
 0.583214 0.375621 0.0127283 0.0037726 0.0246636
 0.00370999 0.737465 0.233262 0.00790433 0.0176589
 0.00713688 0.00745831 0.729408 0.230713 0.025284
pobs_pel_tallas
 0 0 0 0 0 0 0 0 0 0 0 0 0 0 0 0 0 0 0 0 0 0 0 0 0 0
 0 0 0 0 0 0 0 0 0 0 0 0 0 0 0 0 0 0 0 0 0 0 0 0 0 0
 0 0 0 0 0 0 0 0 0 0 0 0 0 0 0 0 0 0 0 0 0 0 0 0 0 0
 0 0 0 0 0 0 0 0 0 0 0 0 0 0 0 0 0 0 0 0 0 0 0 0 0 0
 0 0 0 0 0 0 0 0 0 0 0 0 0 0 0 0 0 0 0 0 0 0 0 0 0 0
 0 0 0 0 0 0 0 0 0 0 0 0 0 0 0 0 0 0 0 0 0 0 0 0 0 0
 0 0 0 0 0 0 0 0 0 0 0 0 0 0 0 0 0 0 0 0 0 0 0 0 0 0
 0 0 0 0 0 0 0 0 0 0 0 0 0 0 0 0 0 0 0 0 0 0 0 0 0 0
 0 0 0 0 0 0 0 0 0 0 0 0 0 0 0 0 0 0 0 0 0 0 0 0 0 0
 0 0 0 0 0 0 0 0 0 0 0 0 0 0 0 0 0 0 0 0 0 0 0 0 0 0
 0 0 0 0 0 0 0 0 0 0 0 0 0 0 0 0 0 0 0 0 0 0 0 0 0 0
 0 0 0 0 0 0 0 0 0 0 0 0 0 0 0 0 0 0 0 0 0 0 0 0 0 0
 0.00862536 0 0 0.000197151 0.00414017 0.0128641 0.00837892 0.0270097 0.101434 0.158115 0.152841 0.127902 0.109271 0.109419 0.0830992 0.0579132 0.0238553 0.00714673 0.00463305 0.00128148 0.00103504 0.000492878 0.000147863 0.000147863 4.92878e-05 0
 0 0 0 0 0 0 0 0 0 0 0 0 0 0 0 0 0 0 0 0 0 0 0 0 0 0
 0 0 0 0 0 0 0 0.0054083 0.00873648 0.0413646 0.0450493 0.0745869 0.0622846 0.0627006 0.0613931 0.0827291 0.12552 0.122667 0.0946155 0.0697135 0.0546179 0.0294188 0.0215738 0.0213955 0.0102223 0.00600262
 0 0 0 0 0.00359764 0.0251062 0.0480494 0.140153 0.205849 0.193036 0.1447 0.116669 0.0760912 0.0342217 0.00950174 0.001854 0.000860785 0 0 0 0.000165536 0 0.000143464 0 0 0
 0 0 0 0 0 0 0 0.000145254 0.000435761 0.0275982 0.070085 0.0708112 0.156366 0.174668 0.174014 0.160142 0.0824315 0.0480064 0.0283245 0.00493863 0.00203355 0 0 0 0 0
 0 0 0 0 0 0 0 0 0 0 0 0 0 0 0 0 0 0 0 0 0 0 0 0 0 0
 0 0 1.00437e-05 0.000401748 0.00122533 0.00171747 0.00176769 0.0269171 0.070346 0.194647 0.189555 0.159765 0.064822 0.0314167 0.0384472 0.0292271 0.0345202 0.0313363 0.0194345 0.0106764 0.0143323 0.0359363 0.0279516 0.0138201 0.00172751 0
 0 0.0021121 0.0136068 0.0755702 0.200478 0.177729 0.0527432 0.0373336 0.0318909 0.0142505 0.0149659 0.0166563 0.0217959 0.0798694 0.0677717 0.0528807 0.04013 0.0224614 0.0357745 0.0225083 0.00881397 0.00855152 0.00135912 0.000746735 0 0
 0 0 0 0 5.4009e-05 0.00500934 0.000945158 0.0243581 0.138947 0.33067 0.221406 0.137944 0.0707744 0.0437923 0.0131692 0.00525238 0.0047753 0.00276346 9.45158e-05 9.00151e-06 2.25038e-05 9.00151e-06 4.50075e-06 0 0 0
 0.000866109 0.00284123 0.00948549 0.0512746 0.133035 0.25785 0.225252 0.132002 0.0553304 0.0519788 0.0540692 0.017754 0.00435017 0.00159236 0.00146478 0.000404838 0.000125132 0.000115318 0.000107957 0.000100596 0 0 0 0 0 0
 0 0 0 0 0.00144013 0.00171154 0.00461396 0.0210425 0.0478622 0.0707936 0.0888783 0.103762 0.0637923 0.0337046 0.0602308 0.124433 0.169614 0.0934646 0.0462172 0.0250306 0.0313229 0.00938855 0.002487 0.000210481 0 0
 0 0.00764035 0.051015 0.0998891 0.058973 0.0496711 0.0374665 0.0718981 0.12319 0.153886 0.159021 0.0857701 0.0377988 0.023471 0.0147837 0.00900784 0.00315554 0.000888139 0.00291439 0.00214683 0.00393193 0.00274676 0.000635225 9.99891e-05 0 0
 0 0 0 0 0 0 0 0 0 0 0 0 0 0 0 0 0 0 0 0 0 0 0 0 0 0
 0 0 0 0 0 0 0 0 0 0 0 0 0 0 0 0 0 0 0 0 0 0 0 0 0 0
 0 0 0 0 0 0 0 0 0 0 0 0 0 0 0 0 0 0 0 0 0 0 0 0 0 0
 0 0 0 0 0 0 0 0 0 0 0 0 0 0 0 0 0 0 0 0 0 0 0 0 0 0
 0 0 0 0 0 0 0 0 0 0 0 0 0 0 0 0 0 0 0 0 0 0 0 0 0 0
 0 0 0 0 0 0 0 0 0 0 0 0 0 0 0 0 0 0 0 0 0 0 0 0 0 0
ppred_pel_tallas
 1.01312e-16 7.78458e-05 0.000756689 0.00502846 0.0228587 0.0711218 0.151533 0.221167 0.22117 0.151549 0.071177 0.0230182 0.00542967 0.00163485 0.00175252 0.0027923 0.00405818 0.00519563 0.00590149 0.00604049 0.00571721 0.00519062 0.00469915 0.00433631 0.00405221 0.0037418
 1.01936e-16 2.58722e-06 2.51488e-05 0.000167127 0.00075979 0.00236448 0.00504111 0.00737665 0.00746729 0.00548388 0.00385061 0.00504979 0.0109264 0.0234819 0.0444609 0.0732621 0.104981 0.13085 0.141937 0.134134 0.110682 0.0801325 0.0514505 0.0299909 0.0166397 0.00948148
 1.29145e-16 1.02064e-06 9.921e-06 6.59289e-05 0.000299707 0.000932539 0.00198714 0.00290182 0.00290922 0.00202395 0.0010601 0.00068572 0.001101 0.00248784 0.00534503 0.0104933 0.0189636 0.0318279 0.0498577 0.0729 0.0991041 0.124532 0.143804 0.151909 0.146362 0.128436
 1.07414e-16 7.59431e-05 0.000738194 0.00490556 0.0222999 0.0693834 0.147829 0.21576 0.215761 0.14783 0.0693873 0.0223115 0.00493658 0.000812721 0.000238796 0.00033454 0.000626893 0.00113868 0.00198559 0.00330994 0.00522575 0.00773534 0.0106492 0.0135629 0.0159312 0.0172305
 1.05176e-16 7.76179e-06 7.54474e-05 0.000501379 0.00227925 0.00709203 0.0151134 0.0220761 0.0221603 0.0155245 0.00847176 0.00626186 0.0104889 0.0218471 0.0412649 0.0679694 0.0973588 0.121281 0.131453 0.124107 0.102343 0.0742226 0.0481746 0.0292031 0.0180382 0.0126846
 1.00009e-16 8.23408e-05 0.000800381 0.00531882 0.0241786 0.0752285 0.160282 0.233937 0.233937 0.160282 0.0752286 0.024179 0.0053198 0.000802589 8.67052e-05 1.34487e-05 1.23487e-05 1.73342e-05 2.30618e-05 2.89758e-05 3.47686e-05 3.99072e-05 4.34849e-05 4.44597e-05 4.21946e-05 3.69025e-05
 1.00269e-16 2.13755e-07 2.07787e-06 1.38128e-05 6.285e-05 0.000196064 0.00042128 0.000634972 0.000730861 0.0008897 0.00176821 0.00460076 0.0113933 0.0248061 0.0469972 0.0774062 0.110827 0.137938 0.149243 0.140372 0.114774 0.081583 0.0504173 0.0270935 0.0126675 0.00516113
 1.27481e-16 3.51256e-06 3.41433e-05 0.000226895 0.00103143 0.00320917 0.00683755 0.00998001 0.00998203 0.00684813 0.00324892 0.00116486 0.000631877 0.00114944 0.0027968 0.0063717 0.0132424 0.0250706 0.0431976 0.0676682 0.0962665 0.12426 0.145423 0.15423 0.14818 0.128946
 1.00078e-16 8.22974e-05 0.00079996 0.00531601 0.0241658 0.0751888 0.160198 0.233813 0.233813 0.160198 0.075189 0.0241663 0.00531714 0.000802469 8.72548e-05 1.45252e-05 1.42774e-05 2.09077e-05 3.00009e-05 4.25307e-05 6.0057e-05 8.34503e-05 0.000111602 0.00014078 0.000165271 0.000179226
 1.00315e-16 9.08024e-07 8.82641e-06 5.86592e-05 0.000266715 0.000830358 0.00177268 0.0026072 0.00270226 0.00223703 0.00238884 0.00476518 0.0113392 0.0245973 0.0465895 0.0767336 0.109864 0.136741 0.147949 0.139157 0.113788 0.0808929 0.0500088 0.0269008 0.0126143 0.00518605
 1.00605e-16 8.06056e-05 0.000783515 0.00520673 0.023669 0.0736432 0.156905 0.229007 0.229007 0.156905 0.0736446 0.0236737 0.00521993 0.0008174 0.000159743 0.000174896 0.000333046 0.000602802 0.00100516 0.00153922 0.00215762 0.0027599 0.00321305 0.00339786 0.00325979 0.00283481
 1.00872e-16 2.76027e-05 0.000268308 0.00178301 0.00810533 0.025219 0.0537341 0.0784398 0.078503 0.0540431 0.026256 0.0110986 0.00928929 0.0166305 0.0310314 0.0510719 0.0731338 0.091056 0.0985865 0.0928571 0.0761548 0.0545027 0.0342266 0.0191242 0.00983961 0.00501764
 1.12285e-16 1.49549e-05 0.000145367 0.000966019 0.00439141 0.0136635 0.0291131 0.0424999 0.0425406 0.0293123 0.0143339 0.00633439 0.00586777 0.010927 0.0207278 0.0348569 0.0516299 0.0678569 0.0801546 0.0867335 0.0881145 0.0861284 0.0821786 0.0763645 0.0680552 0.0570891
 1.07108e-16 6.90259e-05 0.000670956 0.00445874 0.0202688 0.0630637 0.134364 0.196109 0.196114 0.134389 0.0631472 0.0205112 0.0050721 0.00202605 0.00269072 0.00446743 0.00673608 0.00913254 0.011345 0.0132661 0.0150312 0.0168339 0.0186631 0.0201935 0.020924 0.0204518
 1.01296e-16 6.90647e-05 0.000671333 0.00446125 0.0202802 0.0630993 0.13444 0.196222 0.196237 0.13451 0.0633344 0.0209589 0.00616374 0.00438381 0.00710788 0.0116107 0.016648 0.020789 0.0226312 0.0215403 0.0180402 0.0134834 0.00926993 0.00620897 0.00438828 0.00345045
 1.00298e-16 7.50953e-05 0.000729953 0.0048508 0.022051 0.068609 0.146179 0.213354 0.213362 0.146217 0.0687369 0.0224205 0.00577772 0.00275205 0.00391134 0.00633656 0.00909506 0.0113823 0.012433 0.0118936 0.01003 0.00755086 0.005193 0.00338752 0.00219878 0.00147331
 1.00439e-16 6.2151e-05 0.00060413 0.00401466 0.0182501 0.0567828 0.120983 0.176582 0.176605 0.121093 0.0571531 0.0193192 0.00669637 0.00645198 0.0111495 0.0182847 0.0262176 0.0327236 0.03558 0.0337608 0.0280561 0.020566 0.0134871 0.0081261 0.00469913 0.00275171
 1.04469e-16 3.76801e-06 3.66265e-05 0.0002434 0.00110651 0.00344318 0.00733899 0.0107281 0.0108073 0.00772622 0.00474341 0.00486206 0.00967048 0.0206163 0.0390885 0.0646135 0.0930681 0.117 0.128774 0.124811 0.107667 0.0842377 0.0616059 0.0437989 0.0313123 0.0226965
 1.3405e-16 3.82349e-06 3.71657e-05 0.000246979 0.00112274 0.0034933 0.00744319 0.0108655 0.0108748 0.00748939 0.00365184 0.00159573 0.00149119 0.00294179 0.00607298 0.0114771 0.0198996 0.032055 0.0484584 0.0690486 0.0925609 0.116022 0.135015 0.145008 0.143217 0.129908
 1.01809e-16 8.07638e-05 0.000785052 0.00521695 0.0237155 0.0737877 0.157213 0.229456 0.229456 0.157213 0.0737908 0.0237246 0.00524026 0.000837481 0.000185162 0.000191828 0.000302843 0.000459606 0.000671184 0.000963554 0.0013677 0.00189792 0.00252649 0.00317211 0.00371404 0.00402969
 1.01094e-16 2.90819e-05 0.000282686 0.00187855 0.00853967 0.0265704 0.0566133 0.0826417 0.0827033 0.0569143 0.0275806 0.0114555 0.00919053 0.0162211 0.0302296 0.0497475 0.0712336 0.0886826 0.0960011 0.0903939 0.0740897 0.0529629 0.0331887 0.0184828 0.00948614 0.00488066
 1.10243e-16 2.38696e-05 0.000232021 0.00154186 0.0070091 0.0218081 0.0464658 0.0678259 0.0678623 0.046644 0.0224077 0.00874627 0.0059228 0.00986289 0.0185107 0.0310726 0.0459346 0.0601921 0.0707818 0.0760986 0.0766585 0.0742097 0.070153 0.064707 0.0573686 0.0479601
 1.34118e-16 4.05208e-07 3.93881e-06 2.61769e-05 0.000119024 0.000370564 0.000791163 0.00116401 0.00120836 0.00100804 0.00110003 0.00223161 0.00535064 0.0116998 0.0224295 0.0376576 0.0556304 0.0729373 0.0861308 0.0937762 0.0972047 0.0991838 0.10159 0.104019 0.104281 0.100086
 1.04559e-16 7.79213e-05 0.000757423 0.00503334 0.0228808 0.0711908 0.15168 0.221381 0.221381 0.15168 0.0711926 0.0228867 0.00505048 0.000802703 0.000187436 0.000249409 0.000502681 0.000958683 0.00169481 0.00277369 0.00419885 0.0058785 0.00761685 0.0091478 0.0102038 0.0105934
 1.03698e-16 5.78332e-06 5.6216e-05 0.000373579 0.00169829 0.00528448 0.0112624 0.016456 0.0165429 0.0116872 0.00671041 0.00581426 0.0106955 0.0225567 0.0426435 0.0702422 0.10061 0.125319 0.1358 0.128146 0.105537 0.076281 0.0490694 0.0290713 0.0170698 0.0110668
 1.23265e-16 1.48262e-05 0.000144116 0.000957699 0.00435357 0.0135456 0.0288608 0.0421256 0.0421371 0.0289176 0.0137395 0.00492678 0.00244658 0.00355953 0.00698387 0.0127765 0.0213128 0.032834 0.0473513 0.0644829 0.083027 0.100535 0.11349 0.118421 0.113498 0.0995581
 1.11731e-16 6.72574e-05 0.000653766 0.00434451 0.0197495 0.061448 0.130922 0.191085 0.191091 0.130949 0.0615388 0.0200126 0.0050079 0.00211275 0.00287176 0.00473546 0.00705387 0.00941765 0.0115113 0.0133202 0.0151839 0.0175501 0.0205818 0.0239128 0.0267335 0.0281461
 1.05016e-16 4.80387e-05 0.000466953 0.00310307 0.0141061 0.0438896 0.0935127 0.136492 0.136528 0.0936893 0.0444823 0.0158173 0.00739545 0.0098278 0.0177985 0.0292778 0.0420089 0.0524963 0.0572273 0.0546205 0.0460132 0.0348268 0.0245899 0.0173225 0.0132013 0.0112582
 1.10701e-16 3.05741e-07 2.97199e-06 1.97533e-05 8.98396e-05 0.000279907 0.000599003 0.000889199 0.000960474 0.000947361 0.00145015 0.00347237 0.00851965 0.0185889 0.0353873 0.0587325 0.0851391 0.108164 0.12117 0.121 0.109715 0.0929266 0.0761886 0.0623413 0.0513787 0.0420373
 1.48468e-16 5.87861e-07 5.71421e-06 3.7973e-05 0.000172621 0.000537097 0.00114441 0.00167068 0.00167261 0.00115441 0.00057422 0.00029551 0.000405755 0.00100572 0.0024805 0.00562466 0.0116844 0.0222381 0.0387573 0.0618085 0.0901441 0.120225 0.146719 0.164056 0.16842 0.159164
pSPR Fmed_Fpbrs
0.489066   0.285403 0.285403
Fs Fmed_Fpbrs
0.501477   1.005 1.005
SSBpbr Bo_Bmed_Bpbrs
1.93641e+06  850210  455836 455836
Ro
26122.8
SPR SPRFo_SPRFmed_SPRFpbrs
185952 90942.7 53071.2
Fref
1.005
log_Ro
9.99056
likeval ReclasPelacesDesembMPH_pf_preclas_ppelaces_ptallas_desvR_qrecl_qpela
 23.9668 65.1319 2.6083 0.00244407 524.484 233.288 170.588 0 341.27 0 0 6.75222 0 0 0
q_reclas_q_pelaces
1 1
M
1
N
 513583 11505.3 4232.56 1557.07 906.179
 8160.78 148696 2621.62 964.441 561.282
 758.116 2375.19 34239.7 603.671 351.322
 79249.9 214.488 516.805 7450.01 207.791
 344.196 9656.04 8.65561 20.8556 309.029
 267852 14.4996 46.5791 0.0417532 1.59131
 161.288 66782.6 2.45012 7.87089 0.275953
 85.1644 23.5546 3871.77 0.142047 0.472319
 87992 5.76524 0.29342 48.2305 0.00765315
 318.559 21141.1 0.904647 0.0460417 7.56925
 271736 73.0881 3025.05 0.129445 1.08966
 83314.4 95033.6 24.2996 1005.74 0.405318
 17359.4 25570.6 24333.9 6.22206 257.63
 76977.3 4733.37 5167.81 4917.88 53.3244
 98841.3 12292.6 328.118 358.233 344.604
 416711 24252.5 2011.76 53.6983 115.023
 670650 110743 4655.96 386.215 32.3909
 23541.6 229535 35262.7 1482.55 133.293
 5628.61 7850.02 69376.8 10658.1 488.389
 1.13251e+06 1241.86 1038.75 9180.21 1474.95
 358775 352215 326.509 273.106 2801.45
 157320 120043 107184 99.3618 935.634
 851.588 47216 29392.8 26244.3 253.421
 803667 252.296 11265.4 7012.88 6322.14
 39154.5 268382 76.4822 3415.04 4042.44
 40225.9 13363 84976.2 24.2161 2361.22
 336804 13203.3 3913.36 24885.2 698.572
 304700 107103 3629.29 1075.7 7032.44
 937.982 100868 31904.7 1081.13 2415.32
 493.562 313.814 30690.3 9707.41 1063.84
pred_Ctot
 70506 2877.18 1058.46 389.384 226.613
 1098.09 36516.4 643.812 236.845 137.838
 113.061 639.909 9224.62 162.637 94.6509
 36533 141.711 341.45 4922.18 137.287
 225.596 7807.98 6.99902 16.864 249.884
 56309.9 5.27241 16.9373 0.0151825 0.57864
 66.1412 40819.3 1.49758 4.8109 0.16867
 49.9127 17.9571 2951.67 0.108291 0.360076
 19971.8 2.23616 0.113809 18.7072 0.00296843
 78.7273 8798.46 0.376495 0.0191616 3.15016
 8510.83 4.4838 185.581 0.00794117 0.0668486
 8857.27 18804.7 4.80826 199.01 0.0802019
 2909.94 7643 7273.37 1.85977 77.0052
 29424.8 2754.74 3007.57 2862.12 31.0339
 21500.5 4600.81 122.806 134.077 128.976
 75081.2 7722.51 640.587 17.0987 36.6258
 29700.4 9522.98 400.375 33.2114 2.78536
 1403.8 26303 4040.85 169.89 15.2744
 1484.02 3443.53 30433.2 4675.35 214.239
 112209 230.161 192.517 1701.42 273.361
 20681.1 39068.8 36.2175 30.2939 310.746
 18621.5 26226.9 23417.6 21.7085 204.417
 106.656 10863 6762.38 6038.01 58.3044
 47230.1 28.5098 1273 792.466 714.412
 1799.86 23928.3 6.81896 304.476 360.414
 2766.39 1755.11 11160.8 3.18054 310.123
 29213.7 2160.49 640.354 4072.04 114.309
 19455 13104 444.043 131.612 860.418
 54.1157 11198 3541.94 120.023 268.141
 66.9721 77.6536 7594.37 2402.11 263.249
F
 0.239506 0.479013 0.479013 0.479013 0.479013
 0.23426 0.46852 0.46852 0.46852 0.46852
 0.262585 0.525169 0.525169 0.525169 0.525169
 1.10502 2.21004 2.21004 2.21004 2.21004
 2.16709 4.33419 4.33419 4.33419 4.33419
 0.388991 0.777981 0.777981 0.777981 0.777981
 0.923866 1.84773 1.84773 1.84773 1.84773
 1.69274 3.38547 3.38547 3.38547 3.38547
 0.426028 0.852057 0.852057 0.852057 0.852057
 0.472144 0.944288 0.944288 0.944288 0.944288
 0.0506019 0.101204 0.101204 0.101204 0.101204
 0.18118 0.36236 0.36236 0.36236 0.36236
 0.299497 0.598993 0.598993 0.598993 0.598993
 0.83451 1.66902 1.66902 1.66902 1.66902
 0.404996 0.809992 0.809992 0.809992 0.809992
 0.325185 0.650371 0.650371 0.650371 0.650371
 0.0721909 0.144382 0.144382 0.144382 0.144382
 0.0982518 0.196504 0.196504 0.196504 0.196504
 0.511251 1.0225 1.0225 1.0225 1.0225
 0.167954 0.335909 0.335909 0.335909 0.335909
 0.0948451 0.18969 0.18969 0.18969 0.18969
 0.203551 0.407102 0.407102 0.407102 0.407102
 0.2165 0.433 0.433 0.433 0.433
 0.0967722 0.193544 0.193544 0.193544 0.193544
 0.0750207 0.150041 0.150041 0.150041 0.150041
 0.114048 0.228096 0.228096 0.228096 0.228096
 0.145713 0.291426 0.291426 0.291426 0.291426
 0.105517 0.211035 0.211035 0.211035 0.211035
 0.0949312 0.189862 0.189862 0.189862 0.189862
 0.236441 0.472881 0.472881 0.472881 0.472881
nmprior
 8 8 7 0
nm_flota  nm_reclas  nm_pelaces    nm_pelaL
0 2.45617 1.31709 1.39167
cv_recla  cv_pelaces  cv_mph
0.453243 0.949645 1.52568
 ------------------------------------------------
Talla a la edad & desviación 
 8 13.2811 15.8009 17.003 17.5766
 0.8 1.32811 1.58009 1.7003 1.75766
