years
 1991 1992 1993 1994 1995 1996 1997 1998 1999 2000 2001 2002 2003 2004 2005 2006 2007 2008 2009 2010 2011 2012 2013 2014 2015 2016 2017 2018 2019 2020
reclasobs
 0 0 0 0 0 0 0 0 0 252601 567819 844713 477998 351125 339783 2.1784e+06 2.13404e+06 4.81314e+06 1.55562e+06 2.62356e+06 3.21686e+06 3.843e+06 1.13348e+06 3.07943e+06 1.97215e+06 2.03268e+06 2.025e+06 2.42433e+06 2.27542e+06 1.05018e+06
reclaspred
 3.14076e+06 1.70893e+06 864908 881195 890953 1.59034e+06 877814 750171 530359 357257 501734 688339 674071 489231 472788 1.34397e+06 1.1608e+06 3.08795e+06 2.43997e+06 1.83231e+06 3.15054e+06 2.5438e+06 1.90668e+06 3.0354e+06 2.24014e+06 1.96371e+06 2.39885e+06 2.60567e+06 2.03132e+06 1.19286e+06
pelacesobs
 0 0 0 0 0 0 0 0 0 0 0 0 0 0 0 552880 188675 0 991730 2.46772e+06 1.41603e+06 1.21717e+06 2.29649e+06 1.80582e+06 0 1.4828e+06 1.56532e+06 1.57751e+06 1.42118e+06 867257
pelacespred
 1.80418e+06 1.0687e+06 524077 431528 481500 881743 429148 490636 314205 192751 293494 334043 363433 264592 264035 634655 574820 1.7522e+06 1.41745e+06 967555 1.67825e+06 1.41923e+06 1.10807e+06 1.91696e+06 1.37019e+06 1.209e+06 1.66267e+06 1.7832e+06 1.18238e+06 767569
mphobs
 0 0 0 0 0 0 0 0 0 0 0 498337 0 5186 125008 0 168611 109162 213762 579715 649985 157893 87575 83554 0 0 0 0 0 0
mphpred
 487773 326466 155759 86495.3 93336.9 112903 159077 83235 75096.1 46478.8 28515.6 61735.9 66259.2 53581.9 31595.1 39813.8 151509 129458 311669 216360 238166 288587 272232 213945 311567 255033 206614 227332 327665 206774
desembarqueobs
 494567 514787 250237 358949 120608 361735 552515 73892 212993 205616 52469 317467 293654 387597 252695 516296 358380 742168 942051 627588 828172 859565 418607 520667 417249 300574 407403 355545 319650 289779
desembarquepred
 494569 513920 250623 358984 120614 361738 552521 73897.3 213052 205669 52471.7 317520 293680 387557 252665 516218 358412 742016 941746 627358 828241 859506 418598 520684 417228 300567 407390 355511 319626 289782
Reclutas
 166602 92372.4 92620.4 136307 110566 209413 80598.4 33633.6 33603.8 45714.4 85245.9 124713 104066 72456.1 65384.9 354399 67269.7 575725 319751 272044 350618 484139 93550.4 277049 235892 102700 234719 261990 72050.5 54509.7
log_desv_Rt
 0.243361 -0.346417 -0.343736 0.0426674 -0.166634 0.472063 -0.482766 -1.35672 -1.35761 -1.04983 -0.426705 -0.0462268 -0.227221 -0.589264 -0.691953 0.998179 -0.663534 1.48338 0.895299 0.733718 0.987452 1.31013 -0.333745 0.751949 0.59113 -0.240431 0.586144 0.696061 -0.594878 -0.873867
SSB
 1.88908e+06 1.26436e+06 603231 334984 361481 437256 616081 322358 290837 180006 110437 239095 256613 207515 122363 154193 586773 501373 1.20705e+06 837933 922385 1.11766e+06 1.05432e+06 828579 1.20666e+06 987708 800186 880425 1.269e+06 800808
BT
 2.69634e+06 1.8514e+06 902930 856029 714635 1.46502e+06 1.03585e+06 700055 616801 446804 431673 700156 740161 749287 602646 1.26411e+06 1.01379e+06 2.98828e+06 2.73304e+06 1.80221e+06 2.87269e+06 2.63401e+06 1.77704e+06 3.01128e+06 2.13986e+06 1.81721e+06 2.60026e+06 2.69463e+06 1.75724e+06 1.25919e+06
Ftot
 0.221534 0.40953 0.402876 0.616356 0.206212 0.365168 0.848099 0.147929 0.591443 0.836489 0.179004 0.707129 0.663209 1.16883 0.865424 0.666053 0.44229 0.409436 0.573942 0.520923 0.409131 0.520334 0.313569 0.279781 0.27796 0.224764 0.273899 0.22396 0.217637 0.340567
BD_Bspro_t
 0.96532 0.765848 0.552392 0.451443 0.442599 0.540216 0.547067 0.34825 0.40367 0.339673 0.296654 0.562466 0.441392 0.345472 0.229826 0.275538 0.471487 0.421068 0.567393 0.448177 0.424672 0.469166 0.483866 0.463589 0.589019 0.597872 0.602866 0.654484 0.717018 0.619121
BD_Bspro
 2.03179 1.35988 0.648803 0.360291 0.388789 0.470289 0.662624 0.34671 0.312808 0.193605 0.11878 0.257157 0.275999 0.223192 0.131607 0.165842 0.631102 0.539249 1.29824 0.901235 0.992068 1.20209 1.13397 0.891175 1.29782 1.06233 0.860637 0.946938 1.36487 0.861306
BD_Bo
 1.28458 0.859771 0.410201 0.227791 0.245809 0.297336 0.418939 0.219205 0.197771 0.122405 0.0750977 0.162586 0.174498 0.141112 0.0832078 0.104852 0.399009 0.340936 0.820803 0.569799 0.627227 0.760014 0.716941 0.563438 0.820534 0.671647 0.544131 0.598694 0.862928 0.544554
BD_Brms
 6.85863 4.59048 2.19014 1.21622 1.31242 1.58754 2.23679 1.17038 1.05594 0.653544 0.400961 0.868076 0.931679 0.753422 0.444262 0.559827 2.13039 1.82032 4.38242 3.04227 3.34888 4.05786 3.82789 3.0083 4.38099 3.58605 2.90522 3.19654 4.60734 2.90748
Sel_flota
 0.692174 0.977129 0.99877 0.999935 0.999997
 0.692174 0.977129 0.99877 0.999935 0.999997
 0.692174 0.977129 0.99877 0.999935 0.999997
 0.692174 0.977129 0.99877 0.999935 0.999997
 0.692174 0.977129 0.99877 0.999935 0.999997
 0.692174 0.977129 0.99877 0.999935 0.999997
 0.692174 0.977129 0.99877 0.999935 0.999997
 0.692174 0.977129 0.99877 0.999935 0.999997
 0.692174 0.977129 0.99877 0.999935 0.999997
 0.692174 0.977129 0.99877 0.999935 0.999997
 0.692174 0.977129 0.99877 0.999935 0.999997
 0.692174 0.977129 0.99877 0.999935 0.999997
 0.692174 0.977129 0.99877 0.999935 0.999997
 0.692174 0.977129 0.99877 0.999935 0.999997
 0.692174 0.977129 0.99877 0.999935 0.999997
 0.692174 0.977129 0.99877 0.999935 0.999997
 0.692174 0.977129 0.99877 0.999935 0.999997
 0.692174 0.977129 0.99877 0.999935 0.999997
 0.692174 0.977129 0.99877 0.999935 0.999997
 0.692174 0.977129 0.99877 0.999935 0.999997
 0.692174 0.977129 0.99877 0.999935 0.999997
 0.692174 0.977129 0.99877 0.999935 0.999997
 0.692174 0.977129 0.99877 0.999935 0.999997
 0.692174 0.977129 0.99877 0.999935 0.999997
 0.692174 0.977129 0.99877 0.999935 0.999997
 0.692174 0.977129 0.99877 0.999935 0.999997
 0.692174 0.977129 0.99877 0.999935 0.999997
 0.692174 0.977129 0.99877 0.999935 0.999997
 0.692174 0.977129 0.99877 0.999935 0.999997
 0.692174 0.977129 0.99877 0.999935 0.999997
Sel_reclas
 1 1 1 1 1
 1 1 1 1 1
 1 1 1 1 1
 1 1 1 1 1
 1 1 1 1 1
 1 1 1 1 1
 1 1 1 1 1
 1 1 1 1 1
 1 1 1 1 1
 1 1 1 1 1
 1 1 1 1 1
 1 1 1 1 1
 1 1 1 1 1
 1 1 1 1 1
 1 1 1 1 1
 1 1 1 1 1
 1 1 1 1 1
 1 1 1 1 1
 1 1 1 1 1
 1 1 1 1 1
 1 1 1 1 1
 1 1 1 1 1
 1 1 1 1 1
 1 1 1 1 1
 1 1 1 1 1
 1 1 1 1 1
 1 1 1 1 1
 1 1 1 1 1
 1 1 1 1 1
 1 1 1 1 1
Sel_pelaces
 0.924535 1 1 1 1
 0.924535 1 1 1 1
 0.924535 1 1 1 1
 0.924535 1 1 1 1
 0.924535 1 1 1 1
 0.924535 1 1 1 1
 0.924535 1 1 1 1
 0.924535 1 1 1 1
 0.924535 1 1 1 1
 0.924535 1 1 1 1
 0.924535 1 1 1 1
 0.924535 1 1 1 1
 0.924535 1 1 1 1
 0.924535 1 1 1 1
 0.924535 1 1 1 1
 0.924535 1 1 1 1
 0.924535 1 1 1 1
 0.924535 1 1 1 1
 0.924535 1 1 1 1
 0.924535 1 1 1 1
 0.924535 1 1 1 1
 0.924535 1 1 1 1
 0.924535 1 1 1 1
 0.924535 1 1 1 1
 0.924535 1 1 1 1
 0.924535 1 1 1 1
 0.924535 1 1 1 1
 0.924535 1 1 1 1
 0.924535 1 1 1 1
 0.924535 1 1 1 1
pf_obs 
 0.8446 0.082 0.0669 0.0065 0
 0.8095 0.147 0.0364 0.0071 0
 0.9664 0.0169 0.016 0.0007 0
 0.9276 0.0648 0.0075 0.0001 0
 0.7033 0.2144 0.0806 0.0017 0
 0.9318 0.0425 0.0243 0.0014 0
 0.5671 0.3108 0.0964 0.0239 0.0018
 0.0768 0.2599 0.5324 0.112 0.0189
 0.490249 0.384438 0.106611 0.0170017 0.00170017
 0.7925 0.1577 0.0466 0.003 0.0002
 0.840416 0.127587 0.0312969 0.00059994 9.999e-05
 0.8084 0.0986 0.0794 0.0134 0.0002
 0.7335 0.1905 0.0724 0.0035 0.0001
 0.4001 0.4547 0.1325 0.0127 0
 0.49795 0.308269 0.164784 0.0264974 0.00249975
 0.9179 0.0499 0.0305 0.0017 0
 0.2467 0.6533 0.0926 0.0074 0
 0.9418 0.0223 0.034 0.0019 0
 0.707729 0.231977 0.0356964 0.0245975 0
 0.517169 0.277429 0.184464 0.0207286 0.00020938
 0.811772 0.124168 0.05621 0.00726502 0.000585176
 0.764997 0.148141 0.077277 0.00933861 0.000247198
 0.163321 0.427699 0.378323 0.0303852 0.000271297
 0.753843 0.0900009 0.118128 0.0371064 0.000921714
 0.721811 0.176058 0.0630433 0.0369309 0.00215725
 0.143369 0.312575 0.442814 0.0836902 0.0175525
 0.692698 0.0596174 0.167031 0.0765114 0.00414204
 0.394062 0.376323 0.152708 0.0712218 0.00568511
 0.125707 0.32114 0.495352 0.0537591 0.00404204
 0.23352 0.215282 0.420074 0.123614 0.00750983
pf_pred 
 0.489541 0.143143 0.343315 0.0239999 8.72353e-07
 0.432076 0.331671 0.0673945 0.157838 0.0110203
 0.588679 0.21954 0.113273 0.0224181 0.0560896
 0.732238 0.182942 0.0458406 0.0230368 0.015943
 0.664953 0.271349 0.043931 0.010691 0.00907641
 0.764561 0.174448 0.0496187 0.00784603 0.00352589
 0.463404 0.444718 0.0685351 0.018995 0.00434727
 0.461735 0.314028 0.186884 0.0278753 0.00947727
 0.556401 0.244871 0.117053 0.0680837 0.0135911
 0.740261 0.172028 0.0490619 0.0227797 0.0158698
 0.843277 0.128925 0.0186166 0.00513969 0.00404172
 0.752712 0.218978 0.0233866 0.00329906 0.00162497
 0.699694 0.248639 0.0459129 0.00475499 0.000999487
 0.651645 0.273769 0.0620737 0.0111206 0.00139153
 0.765599 0.179386 0.0435865 0.0095145 0.00191392
 0.945017 0.0463211 0.00668087 0.00157039 0.000411021
 0.369856 0.6076 0.0190829 0.00267084 0.000790832
 0.916401 0.0391151 0.0429332 0.00131272 0.000237785
 0.587639 0.388877 0.0111427 0.0119114 0.000429563
 0.639212 0.247715 0.10681 0.0029738 0.00328853
 0.731343 0.196316 0.050103 0.0210085 0.00122985
 0.750069 0.200755 0.0361922 0.00899619 0.00398734
 0.312055 0.564618 0.0996082 0.0174636 0.00625538
 0.7451 0.10187 0.126161 0.0217078 0.00516213
 0.625041 0.304323 0.0286498 0.034622 0.0073641
 0.424889 0.407461 0.136709 0.0125591 0.0183809
 0.732767 0.138135 0.0921023 0.0301755 0.00682036
 0.681029 0.25548 0.0332119 0.02161 0.00866896
 0.323763 0.510645 0.133269 0.0169182 0.0154043
 0.418562 0.237826 0.260985 0.0665159 0.0161115
pobs_RECLAS
 0 0 0 0 0
 0 0 0 0 0
 0 0 0 0 0
 0 0 0 0 0
 0 0 0 0 0
 0 0 0 0 0
 0 0 0 0 0
 0 0 0 0 0
 0 0 0 0 0
 0 0 0 0 0
 0.991045 0.00858322 0.000360255 1.14367e-05 0
 0.934742 0.0480273 0.0164251 0.00080598 0
 0.827803 0.169806 0.00239088 0 0
 0.941827 0.0461693 0.0120037 0 0
 0.791401 0.0380133 0.147996 0.0225897 0
 0.846168 0.0940531 0.0597789 0 0
 0.134021 0.677848 0.182769 0.00536245 0
 0.80878 0.0450904 0.141981 0.00414843 0
 0.846168 0.0940531 0.0597789 0 0
 0.905697 0.0802665 0.012482 0.00150086 5.37128e-05
 0.989698 0.0102097 9.19794e-05 0 0
 0.975433 0.0193895 0.00387452 0.00125025 5.28907e-05
 0.303575 0.632131 0.0575291 0.00676475 0
 0.966965 0.00978017 0.0227588 0.000495775 0
 0.843318 0.132988 0.00938335 0.0141283 0.000182051
 0.564624 0.303363 0.111486 0.0197234 0.00080311
 0.826376 0.0876187 0.0782897 0.00655872 0.00115652
 0.89761 0.0855135 0.0140674 0.00269457 0.000114338
 0.34875 0.467042 0.161289 0.0227151 0.000203297
 0.318654 0.224769 0.449479 0.00709798 0
ppred_RECLAS
 0.580577 0.119525 0.280324 0.0195732 7.11403e-07
 0.523456 0.281053 0.0558155 0.13056 0.0091152
 0.674048 0.175872 0.088689 0.0175311 0.0438598
 0.798952 0.13841 0.0338725 0.0170009 0.011765
 0.738873 0.212389 0.0336258 0.0081734 0.0069386
 0.823399 0.131628 0.0365962 0.00577981 0.0025972
 0.558526 0.367431 0.0552502 0.0152929 0.00349976
 0.550962 0.264413 0.153901 0.0229286 0.00779494
 0.646179 0.197414 0.0921734 0.0535452 0.0106882
 0.807325 0.128688 0.0358125 0.0166063 0.0115682
 0.884562 0.0953416 0.0134639 0.00371272 0.0029194
 0.81552 0.163808 0.0170801 0.00240635 0.00118518
 0.771752 0.18975 0.0342146 0.00353896 0.000743831
 0.736566 0.20819 0.045987 0.0082272 0.0010294
 0.827491 0.132787 0.0314785 0.00686243 0.00138033
 0.961446 0.0326024 0.00459158 0.00107792 0.000282107
 0.456787 0.524209 0.0160893 0.0022491 0.00066591
 0.9407 0.0280848 0.030128 0.000920069 0.00016665
 0.672566 0.309207 0.00865441 0.00923989 0.000333197
 0.719333 0.194109 0.0817706 0.00227382 0.00251431
 0.796587 0.149567 0.0373073 0.0156241 0.000914582
 0.812373 0.151405 0.0266674 0.00662041 0.00293414
 0.393521 0.499781 0.0861973 0.0150942 0.00540632
 0.808302 0.0776596 0.0940348 0.0161606 0.00384278
 0.70434 0.241006 0.0221835 0.0267756 0.00569481
 0.513692 0.346806 0.113782 0.0104404 0.0152791
 0.797746 0.105701 0.0689077 0.0225492 0.00509631
 0.752871 0.198836 0.0252761 0.0164269 0.00658929
 0.406057 0.450972 0.115092 0.0145932 0.0132866
 0.509933 0.203182 0.217962 0.0554838 0.0134385
pobs_PELACES
 0 0 0 0 0
 0 0 0 0 0
 0 0 0 0 0
 0 0 0 0 0
 0 0 0 0 0
 0 0 0 0 0
 0 0 0 0 0
 0 0 0 0 0
 0 0 0 0 0
 0 0 0 0 0
 0 0 0 0 0
 0 0 0 0 0
 0 0 0 0 0
 0 0 0 0 0
 0 0 0 0 0
 0 0 0 0 0
 0.505614 0.472636 0.0217494 0 0
 0 0 0 0 0
 0.443492 0.261883 0.143347 0.151278 0
 0.227955 0.32914 0.350689 0.0885471 0.00366901
 0.970185 0.0296113 0.000203453 0 0
 0.997202 0.00247181 0.000326279 0 0
 0.445219 0.490057 0.0546422 0.010081 0
 0.90214 0.0892962 0.00764917 0.000914606 0
 0 0 0 0 0
 0.581667 0.319106 0.0959925 0.00289975 0.000334073
 0.762889 0.0836404 0.116647 0.0363945 0.000428098
 0.88444 0.0763242 0.0277011 0.0115352 0
 0.521256 0.241999 0.230069 0.00667565 0
 0.616807 0.101726 0.260614 0.0208532 0
ppred_PELACES
 0.56676 0.123603 0.289429 0.0202072 7.34444e-07
 0.513792 0.287109 0.0568518 0.132964 0.00928289
 0.665372 0.180798 0.0909112 0.0179676 0.0449514
 0.795866 0.140732 0.0342894 0.0172061 0.0119068
 0.727371 0.221806 0.035065 0.00852257 0.00723498
 0.816991 0.136496 0.0378507 0.0059771 0.00268583
 0.559096 0.367334 0.054902 0.0151916 0.00347651
 0.535053 0.273901 0.159255 0.0237249 0.00806564
 0.641377 0.200475 0.0932083 0.054134 0.0108056
 0.807671 0.128718 0.0356075 0.0165059 0.0114981
 0.878143 0.100667 0.0141977 0.00391481 0.00307829
 0.813799 0.165431 0.0171624 0.00241729 0.00119055
 0.769046 0.192154 0.0344843 0.00356595 0.000749492
 0.742959 0.203496 0.0445765 0.00797127 0.00099735
 0.828112 0.1325 0.0312169 0.00680312 0.00136838
 0.960883 0.0331032 0.00464 0.001089 0.000285004
 0.44768 0.533056 0.0163092 0.00227945 0.000674892
 0.938521 0.0291621 0.0311924 0.000952424 0.000172509
 0.667201 0.314347 0.00876227 0.00935299 0.000337272
 0.713578 0.198317 0.0832331 0.00231403 0.00255874
 0.790161 0.154413 0.0384039 0.0160808 0.000941309
 0.807942 0.155093 0.0272156 0.00675517 0.00299383
 0.381989 0.509487 0.0876748 0.015351 0.00549829
 0.800282 0.0810057 0.0978907 0.0168215 0.00399989
 0.693409 0.250011 0.0229668 0.027718 0.00589522
 0.49948 0.357107 0.116974 0.0107323 0.0157063
 0.789266 0.110237 0.0717245 0.0234685 0.00530405
 0.742098 0.207571 0.0263443 0.0171196 0.00686713
 0.392239 0.461638 0.117631 0.0149139 0.0135785
 0.498685 0.208146 0.222744 0.0566937 0.0137314
pobs_pel_tallas
 0 0 0 0 0 0 0 0 0 0 0 0 0 0 0 0 0 0 0 0 0 0 0 0 0 0
 0 0 0 0 0 0 0 0 0 0 0 0 0 0 0 0 0 0 0 0 0 0 0 0 0 0
 0 0 0 0 0 0 0 0 0 0 0 0 0 0 0 0 0 0 0 0 0 0 0 0 0 0
 0 0 0 0 0 0 0 0 0 0 0 0 0 0 0 0 0 0 0 0 0 0 0 0 0 0
 0 0 0 0 0 0 0 0 0 0 0 0 0 0 0 0 0 0 0 0 0 0 0 0 0 0
 0 0 0 0 0 0 0 0 0 0 0 0 0 0 0 0 0 0 0 0 0 0 0 0 0 0
 0 0 0 0 0 0 0 0 0 0 0 0 0 0 0 0 0 0 0 0 0 0 0 0 0 0
 0 0 0 0 0 0 0 0 0 0 0 0 0 0 0 0 0 0 0 0 0 0 0 0 0 0
 0 0 0 0 0 0 0 0 0 0 0 0 0 0 0 0 0 0 0 0 0 0 0 0 0 0
 0 0 0 0 0 0 0 0 0 0 0 0 0 0 0 0 0 0 0 0 0 0 0 0 0 0
 0 0 0 0 0 0 0 0 0 0 0 0 0 0 0 0 0 0 0 0 0 0 0 0 0 0
 0 0 0 0 0 0 0 0 0 0 0 0 0 0 0 0 0 0 0 0 0 0 0 0 0 0
 0.00862536 0 0 0.000197151 0.00414017 0.0128641 0.00837892 0.0270097 0.101434 0.158115 0.152841 0.127902 0.109271 0.109419 0.0830992 0.0579132 0.0238553 0.00714673 0.00463305 0.00128148 0.00103504 0.000492878 0.000147863 0.000147863 4.92878e-05 0
 0 0 0 0 0 0 0 0 0 0 0 0 0 0 0 0 0 0 0 0 0 0 0 0 0 0
 0 0 0 0 0 0 0 0.0054083 0.00873648 0.0413646 0.0450493 0.0745869 0.0622846 0.0627006 0.0613931 0.0827291 0.12552 0.122667 0.0946155 0.0697135 0.0546179 0.0294188 0.0215738 0.0213955 0.0102223 0.00600262
 0 0 0 0 0.00359764 0.0251062 0.0480494 0.140153 0.205849 0.193036 0.1447 0.116669 0.0760912 0.0342217 0.00950174 0.001854 0.000860785 0 0 0 0.000165536 0 0.000143464 0 0 0
 0 0 0 0 0 0 0 0.000145254 0.000435761 0.0275982 0.070085 0.0708112 0.156366 0.174668 0.174014 0.160142 0.0824315 0.0480064 0.0283245 0.00493863 0.00203355 0 0 0 0 0
 0 0 0 0 0 0 0 0 0 0 0 0 0 0 0 0 0 0 0 0 0 0 0 0 0 0
 0 0 1.00437e-05 0.000401748 0.00122533 0.00171747 0.00176769 0.0269171 0.070346 0.194647 0.189555 0.159765 0.064822 0.0314167 0.0384472 0.0292271 0.0345202 0.0313363 0.0194345 0.0106764 0.0143323 0.0359363 0.0279516 0.0138201 0.00172751 0
 0 0.0021121 0.0136068 0.0755702 0.200478 0.177729 0.0527432 0.0373336 0.0318909 0.0142505 0.0149659 0.0166563 0.0217959 0.0798694 0.0677717 0.0528807 0.04013 0.0224614 0.0357745 0.0225083 0.00881397 0.00855152 0.00135912 0.000746735 0 0
 0 0 0 0 5.4009e-05 0.00500934 0.000945158 0.0243581 0.138947 0.33067 0.221406 0.137944 0.0707744 0.0437923 0.0131692 0.00525238 0.0047753 0.00276346 9.45158e-05 9.00151e-06 2.25038e-05 9.00151e-06 4.50075e-06 0 0 0
 0.000866109 0.00284123 0.00948549 0.0512746 0.133035 0.25785 0.225252 0.132002 0.0553304 0.0519788 0.0540692 0.017754 0.00435017 0.00159236 0.00146478 0.000404838 0.000125132 0.000115318 0.000107957 0.000100596 0 0 0 0 0 0
 0 0 0 0 0.00144013 0.00171154 0.00461396 0.0210425 0.0478622 0.0707936 0.0888783 0.103762 0.0637923 0.0337046 0.0602308 0.124433 0.169614 0.0934646 0.0462172 0.0250306 0.0313229 0.00938855 0.002487 0.000210481 0 0
 0 0.00764035 0.051015 0.0998891 0.058973 0.0496711 0.0374665 0.0718981 0.12319 0.153886 0.159021 0.0857701 0.0377988 0.023471 0.0147837 0.00900784 0.00315554 0.000888139 0.00291439 0.00214683 0.00393193 0.00274676 0.000635225 9.99891e-05 0 0
 0 0 0 0 0 0 0 0 0 0 0 0 0 0 0 0 0 0 0 0 0 0 0 0 0 0
 0 0 0 0 0 0 0 0 0 0 0 0 0 0 0 0 0 0 0 0 0 0 0 0 0 0
 0 0 0 0 0 0 0 0 0 0 0 0 0 0 0 0 0 0 0 0 0 0 0 0 0 0
 0 0 0 0 0 0 0 0 0 0 0 0 0 0 0 0 0 0 0 0 0 0 0 0 0 0
 0 0 0 0 0 0 0 0 0 0 0 0 0 0 0 0 0 0 0 0 0 0 0 0 0 0
 0 0 0 0 0 0 0 0 0 0 0 0 0 0 0 0 0 0 0 0 0 0 0 0 0 0
ppred_pel_tallas
 1.10411e-16 4.66833e-05 0.000453778 0.00301552 0.0137081 0.0426511 0.0908731 0.132634 0.132647 0.0909336 0.0428554 0.0143037 0.00453091 0.00382929 0.00665448 0.0114402 0.0176667 0.0246909 0.0317953 0.0385021 0.0445917 0.0497413 0.0531815 0.0538299 0.0509032 0.0445202
 1.1662e-16 4.23205e-05 0.00041137 0.0027337 0.012427 0.0386652 0.0823814 0.120244 0.120272 0.0825169 0.0391207 0.0137437 0.00604299 0.00764986 0.0138338 0.0229266 0.0333328 0.0426229 0.0484068 0.0497327 0.0477014 0.0446823 0.0427295 0.0424238 0.0428576 0.0424993
 1.12079e-16 5.48059e-05 0.000532732 0.0035402 0.0160932 0.0500721 0.106685 0.155713 0.15573 0.10677 0.0503604 0.0169274 0.00563975 0.00513515 0.00885228 0.0146983 0.0215263 0.0278381 0.0321509 0.033819 0.0333956 0.0321632 0.0312176 0.0308448 0.0305711 0.0296691
 1.04767e-16 6.55544e-05 0.000637213 0.0042345 0.0192494 0.0598922 0.127607 0.186249 0.186263 0.127674 0.0601154 0.0198944 0.00585483 0.00417946 0.00680811 0.0111922 0.0162152 0.0206063 0.0231237 0.0232165 0.0213488 0.01866 0.0162369 0.0145683 0.0135066 0.0126012
 1.03148e-16 5.99126e-05 0.000582372 0.00387007 0.0175928 0.0547378 0.116625 0.170223 0.170244 0.11673 0.0550887 0.0186064 0.00641475 0.00613867 0.0106161 0.0174658 0.0251785 0.0317154 0.0350399 0.0342169 0.0299633 0.024148 0.0186569 0.0145097 0.0117382 0.00983778
 1.02182e-16 6.72945e-05 0.000654126 0.0043469 0.0197604 0.0614819 0.130994 0.191193 0.191206 0.131059 0.0616984 0.020386 0.00591862 0.0040899 0.0066062 0.0108508 0.0157079 0.0199271 0.0222756 0.0221766 0.0200297 0.0169 0.0138389 0.0113801 0.0095062 0.00794586
 1.03791e-16 4.60521e-05 0.000447643 0.00297475 0.0135228 0.0420746 0.0896457 0.130848 0.130883 0.0898187 0.0426556 0.015201 0.00718749 0.00964506 0.0175164 0.0288927 0.0416341 0.052393 0.0577832 0.0562388 0.0489353 0.0389678 0.0294783 0.0221942 0.0172234 0.013792
 1.08411e-16 4.40717e-05 0.000428393 0.00284682 0.0129413 0.0402652 0.0857902 0.125219 0.125245 0.0859202 0.0407023 0.0142063 0.00603164 0.00741165 0.0133968 0.0223134 0.0326885 0.0422541 0.0486905 0.0508775 0.0494475 0.0461239 0.0424369 0.0388976 0.035146 0.030675
 1.09999e-16 5.28294e-05 0.000513521 0.00341253 0.0155129 0.0482664 0.102837 0.150098 0.150118 0.102932 0.0485859 0.0164373 0.00573895 0.00561219 0.00979585 0.0162696 0.0238099 0.0307519 0.035439 0.0371383 0.0364401 0.0347349 0.0332025 0.0321359 0.0310242 0.0291401
 1.04662e-16 6.65268e-05 0.000646664 0.00429731 0.019535 0.0607806 0.1295 0.189011 0.189024 0.129561 0.0609848 0.0201253 0.00578094 0.00389118 0.00624564 0.010266 0.0148928 0.0189679 0.0213637 0.0215797 0.0200331 0.0177459 0.015682 0.0142577 0.013317 0.0124444
 1.0135e-16 7.23315e-05 0.000703088 0.00467226 0.0212394 0.0660838 0.140799 0.205502 0.205512 0.140846 0.066243 0.0216993 0.00582655 0.00322304 0.00485863 0.00791914 0.0114042 0.0143492 0.0158243 0.0154045 0.0134188 0.0107235 0.00818591 0.00627911 0.00502305 0.00418719
 1.00982e-16 6.70316e-05 0.000651571 0.00432992 0.0196832 0.0612418 0.130483 0.190447 0.190463 0.130561 0.0615032 0.020438 0.00622403 0.00478464 0.00791117 0.0129586 0.0186276 0.0233535 0.0255886 0.0246169 0.0209772 0.0161006 0.0114632 0.00791291 0.0055538 0.00405998
 1.01529e-16 6.33454e-05 0.00061574 0.00409181 0.0186008 0.057874 0.123307 0.179975 0.179993 0.123398 0.0581781 0.0194791 0.0062971 0.00543141 0.00921344 0.0151422 0.0218309 0.0275005 0.0303758 0.0296263 0.0258434 0.0206151 0.015558 0.0115696 0.00873104 0.00668942
 1.02307e-16 6.11966e-05 0.000594852 0.003953 0.0179698 0.0559108 0.119125 0.17387 0.17389 0.119221 0.0562331 0.018901 0.00629174 0.00570423 0.00977618 0.0160946 0.0232471 0.0293747 0.0326177 0.0321066 0.0284561 0.023308 0.0183106 0.0143433 0.011438 0.00920253
 1.01849e-16 6.82105e-05 0.00066303 0.00440607 0.0200294 0.0623188 0.132777 0.193795 0.193808 0.13284 0.0625288 0.020636 0.00592983 0.00399265 0.00640125 0.0104994 0.0151758 0.0192044 0.0213799 0.0211414 0.0188883 0.01568 0.0125712 0.0101106 0.00829626 0.00685855
 1.003e-16 7.91466e-05 0.000769334 0.00511249 0.0232406 0.0723103 0.154065 0.224863 0.224866 0.15408 0.0723626 0.0233918 0.005492 0.00159778 0.00165248 0.00260649 0.0037467 0.00471056 0.00518734 0.00503502 0.00435973 0.00344186 0.00256731 0.00189518 0.00143829 0.00112867
 1.0095e-16 3.6875e-05 0.000358438 0.00238195 0.010828 0.0336903 0.0717826 0.104779 0.104831 0.0720331 0.0345312 0.0132556 0.00847063 0.0136342 0.0252033 0.041485 0.0594687 0.0741752 0.0805554 0.0762806 0.0631623 0.0460012 0.0298259 0.0176358 0.00993149 0.00566213
 1.01033e-16 7.73047e-05 0.000751429 0.00499351 0.0226998 0.0706275 0.150479 0.21963 0.219632 0.150493 0.0706744 0.022836 0.00533749 0.00150891 0.00153509 0.0024653 0.00365931 0.0048405 0.00577434 0.00633749 0.00655952 0.00655094 0.00638474 0.00604292 0.00546597 0.00464279
 1.01329e-16 5.49565e-05 0.000534197 0.00354993 0.0161375 0.0502098 0.106978 0.156145 0.156175 0.107126 0.0507058 0.0175691 0.0071409 0.0083644 0.0148998 0.0244773 0.0350964 0.0438033 0.047632 0.045226 0.0376684 0.0277951 0.0185565 0.0116826 0.00741067 0.00506109
 1.03118e-16 5.87765e-05 0.000571328 0.00379668 0.0172592 0.0536998 0.114414 0.166994 0.167013 0.114508 0.0540151 0.0181711 0.00608964 0.00559 0.00962833 0.0159234 0.023161 0.0295962 0.0334679 0.0339236 0.0314638 0.0274909 0.0233625 0.0197283 0.0165453 0.0135282
 1.0292e-16 6.50845e-05 0.000632645 0.00420415 0.0191115 0.0594629 0.126693 0.184915 0.18493 0.126765 0.0597077 0.0198189 0.00598136 0.00451721 0.00745705 0.0122632 0.0177498 0.0225129 0.025166 0.0250713 0.0227013 0.0192799 0.0160017 0.0134517 0.011565 0.00997659
 1.0201e-16 6.65492e-05 0.000646882 0.00429876 0.0195415 0.0608011 0.129544 0.189076 0.189091 0.129617 0.0610465 0.0202506 0.00607899 0.00453462 0.00745447 0.01223 0.0176386 0.0222385 0.0246064 0.0240854 0.0211667 0.0171397 0.0133033 0.0103568 0.00832261 0.00686509
 1.05131e-16 3.1464e-05 0.000305842 0.00203243 0.00923915 0.0287467 0.0612497 0.089406 0.0894552 0.0614898 0.0295529 0.0115679 0.00787906 0.0130728 0.024289 0.0401325 0.057873 0.0729074 0.0805483 0.0786144 0.0687011 0.0550443 0.0419403 0.0317473 0.024623 0.0195508
 1.0521e-16 6.59182e-05 0.000640748 0.004258 0.0193562 0.0602245 0.128315 0.187281 0.187289 0.128354 0.0603555 0.0197364 0.005219 0.00276095 0.00415811 0.0069412 0.0103929 0.0139066 0.0168885 0.0190354 0.0204349 0.0213449 0.0218576 0.0217682 0.0207522 0.018663
 1.04505e-16 5.71152e-05 0.00055518 0.00368937 0.0167714 0.052182 0.11118 0.162276 0.1623 0.111298 0.0525771 0.0179125 0.00655329 0.00680587 0.0119251 0.0196171 0.0282413 0.0354995 0.0391025 0.0380282 0.0331477 0.0266478 0.0207175 0.0165098 0.0139823 0.0124234
 1.07202e-16 4.11416e-05 0.000399911 0.00265755 0.0120808 0.0375882 0.0800869 0.116896 0.116931 0.0802556 0.0381551 0.0137196 0.00677597 0.00940715 0.0171965 0.0284917 0.041337 0.0526032 0.0591052 0.0593449 0.0543396 0.0468008 0.0393729 0.0333478 0.0286137 0.0244517
 1.0535e-16 6.50108e-05 0.000631928 0.00419938 0.0190898 0.0593955 0.126549 0.184704 0.184715 0.126601 0.0595718 0.0196002 0.00548531 0.00345459 0.0054714 0.00906252 0.0133313 0.0173614 0.0202571 0.0216019 0.0216604 0.0210926 0.0204284 0.0197457 0.0187614 0.017164
 1.03693e-16 6.11257e-05 0.000594163 0.00394843 0.017949 0.055846 0.118987 0.173669 0.173689 0.119084 0.0561743 0.0188971 0.00632834 0.00578987 0.00993 0.0163238 0.0235215 0.0296114 0.0326952 0.0319169 0.0279778 0.02266 0.017748 0.014183 0.0119422 0.0104737
 1.07307e-16 3.23083e-05 0.000314048 0.00208696 0.00948705 0.029518 0.0628928 0.0918033 0.0918479 0.0631107 0.0302497 0.0116016 0.00739867 0.0119227 0.0221178 0.0366146 0.0529758 0.0671068 0.0748327 0.0742014 0.0665919 0.055666 0.0450615 0.0366598 0.0304402 0.0254658
 1.14491e-16 4.10761e-05 0.000399274 0.00265332 0.0120616 0.0375283 0.0799587 0.116706 0.116727 0.0800584 0.0378641 0.0130356 0.00511381 0.00582219 0.0104922 0.0176794 0.0263993 0.0351649 0.0424472 0.0475014 0.0506512 0.0527113 0.0540738 0.0542963 0.0524966 0.048117
pSPR Fmed_Fpbrs
0.512194   0.237294 0.237294
Fs Fmed_Fpbrs
0.405295   1.005 1.005
SSBpbr Bo_Bmed_Bpbrs
1.47058e+06  679691  275431 275431
Ro
130614
SPR SPRFo_SPRFmed_SPRFpbrs
929760 476218 220627
Fref
1.005
log_Ro
11.6
likeval ReclasPelacesDesembMPH_pf_preclas_ppelaces_ptallas_desvR_qrecl_qpela
 12.0496 16.4471 0.0288876 0.000820131 229.205 103.749 77.8188 0 24.0678 5.2235e-06 1.8664e-05 0.143882 0 0 0
q_reclas_q_pelaces
1.38246 1.84898
M
1
N
 166602 35398.7 83220.3 5811.46 0.211224
 92372.4 52576.3 10487.7 24538.2 1713.18
 92620.4 25594.1 12963 2563 6412.26
 136307 25781.3 6351.56 3189.05 2206.94
 110566 32729.8 5193.4 1262.51 1071.78
 209413 35264.5 9843.3 1554.93 698.727
 80598.4 59832.5 9079.87 2514.5 575.454
 33633.6 16484.9 9610.4 1431.9 486.802
 33603.8 11168.9 5248.28 3049.87 608.797
 45714.4 8209.22 2305.31 1069.49 745.045
 85245.9 9425.49 1333.62 367.79 289.204
 124713 27705.7 2911.03 410.293 202.083
 104066 28122.3 5107.35 528.479 111.08
 72456.1 24190.7 5411.47 968.786 121.22
 65384.9 11869.2 2840.18 619.481 124.608
 354399 13213.9 1874.45 440.215 115.213
 67269.7 82220.1 2535.65 354.545 104.975
 575725 18220.9 19633.3 599.717 108.626
 319751 159529 4492.89 4798.45 173.039
 272044 79065.4 33495.6 931.705 1030.26
 350618 69783.2 17483.7 7323.81 428.717
 484139 97174.3 17212.2 4274.38 1894.42
 93550.4 124239 21500.4 3765.67 1348.77
 277049 27700.6 33643.3 5782.81 1375.08
 235892 83976.4 7752.95 9359.35 1990.63
 102700 71591.6 23545.5 2160.75 3162.21
 234719 32337.8 21144 6920.21 1564.04
 261990 71436.1 9102.99 5916.78 2373.41
 72050.5 82540.3 21114.6 2677.59 2437.87
 54509.7 22799.2 24547.9 6250.09 1513.82
pred_Ctot
 15160 4432.83 10631.7 743.225 0.0270148
 14748.6 11321.4 2300.47 5387.7 376.172
 14574.5 5435.36 2804.42 555.026 1388.67
 30974.4 7738.6 1939.1 974.477 674.405
 9405.6 3838.17 621.393 151.222 128.384
 30179.7 6886.03 1958.61 309.708 139.178
 23715.1 22758.8 3507.34 972.084 222.475
 2086.56 1419.08 844.522 125.968 42.8275
 7376.33 3246.31 1551.8 902.6 180.18
 13306.6 3092.3 881.917 409.48 285.269
 6343.39 969.815 140.04 38.6624 30.403
 31741.2 9234.1 986.192 139.118 68.5235
 25130.7 8930.31 1649.04 170.784 35.8983
 27095.7 11383.4 2581.05 462.401 57.8603
 19544.2 4579.38 1112.68 242.886 48.8585
 85885.8 4209.79 607.177 142.721 37.3548
 11496.4 18886.3 593.162 83.019 24.5818
 91904.4 3922.79 4305.7 131.651 23.8471
 68431.2 45285.1 1297.58 1387.1 50.023
 53601.7 20772.4 8956.69 249.371 275.763
 55932.9 15014.2 3831.87 1606.73 94.0584
 95299 25506.7 4598.36 1143 506.606
 11743.5 21248.1 3748.52 657.202 235.407
 31323.8 4282.57 5303.75 912.588 217.014
 26510.3 12907.5 1215.15 1468.45 312.339
 9472.92 9084.35 3047.94 280.004 409.803
 26022.6 4905.56 3270.81 1071.62 242.21
 24084.6 9035.03 1174.54 764.238 306.577
 6448 10169.9 2654.16 336.938 306.789
 7376.4 4191.26 4599.38 1172.22 283.937
F
 0.15334 0.216467 0.221261 0.221519 0.221533
 0.283466 0.400164 0.409026 0.409504 0.409529
 0.27886 0.393662 0.402381 0.40285 0.402875
 0.426625 0.602259 0.615598 0.616316 0.616354
 0.142735 0.201496 0.205958 0.206199 0.206211
 0.252759 0.356816 0.364718 0.365144 0.365166
 0.587032 0.828702 0.847056 0.848044 0.848096
 0.102392 0.144545 0.147747 0.147919 0.147928
 0.409381 0.577916 0.590715 0.591404 0.591441
 0.578996 0.817357 0.83546 0.836435 0.836486
 0.123902 0.17491 0.178784 0.178993 0.179004
 0.489456 0.690956 0.706259 0.707083 0.707127
 0.459056 0.64804 0.662393 0.663166 0.663206
 0.809036 1.1421 1.1674 1.16876 1.16883
 0.599024 0.84563 0.864359 0.865368 0.865421
 0.461025 0.65082 0.665234 0.66601 0.666051
 0.306142 0.432175 0.441746 0.442262 0.442289
 0.283401 0.400072 0.408933 0.40941 0.409435
 0.397268 0.560815 0.573236 0.573905 0.57394
 0.360569 0.509009 0.520282 0.520889 0.520921
 0.28319 0.399774 0.408627 0.409104 0.409129
 0.360162 0.508434 0.519694 0.520301 0.520333
 0.217044 0.306397 0.313183 0.313549 0.313568
 0.193657 0.273382 0.279437 0.279763 0.27978
 0.192396 0.271602 0.277618 0.277942 0.277959
 0.155576 0.219623 0.224487 0.224749 0.224763
 0.189586 0.267635 0.273562 0.273882 0.273898
 0.155019 0.218838 0.223685 0.223946 0.223959
 0.150643 0.212659 0.217369 0.217623 0.217636
 0.235731 0.332777 0.340148 0.340545 0.340565
nmprior
 8 8 7 0
nm_flota  nm_reclas  nm_pelaces    nm_pelaL
inf 13.6009 16.7433 29.4177
cv_recla  cv_pelaces  cv_mph
0.321376 0.477209 0.883786
 ------------------------------------------------
Talla a la edad & desviación 
 8 13.2811 15.8009 17.003 17.5766
 0.8 1.32811 1.58009 1.7003 1.75766
