years
 1991 1992 1993 1994 1995 1996 1997 1998 1999 2000 2001 2002 2003 2004 2005 2006 2007 2008 2009 2010 2011 2012 2013 2014 2015 2016 2017 2018 2019 2020
reclasobs
 0 0 0 0 0 0 0 0 0 252601 567819 844713 477998 351125 339783 2.1784e+06 2.13404e+06 4.81314e+06 1.55562e+06 2.62356e+06 3.21686e+06 3.843e+06 1.13348e+06 3.07943e+06 1.97215e+06 2.03268e+06 2.025e+06 2.42433e+06 2.27542e+06 1.05018e+06
reclaspred
 3.21718e+06 1.81695e+06 921197 925374 926522 1.43856e+06 939406 843056 619519 459711 506695 638242 630482 499547 504541 1.25358e+06 1.23141e+06 2.71913e+06 2.2632e+06 1.74628e+06 3.06903e+06 2.45982e+06 1.97292e+06 3.00637e+06 2.26765e+06 2.00841e+06 2.37889e+06 2.50027e+06 2.05522e+06 1.31057e+06
pelacesobs
 0 0 0 0 0 0 0 0 0 0 0 0 0 0 0 552880 188675 0 991730 2.46772e+06 1.41603e+06 1.21717e+06 2.29649e+06 1.80582e+06 0 1.4828e+06 1.56532e+06 1.57751e+06 1.42118e+06 867257
pelacespred
 1.83214e+06 1.1561e+06 590154 483447 499207 800512 494435 535285 385429 272853 307540 324989 351575 296523 305738 627247 615924 1.55673e+06 1.34653e+06 965019 1.62738e+06 1.43561e+06 1.13976e+06 1.89004e+06 1.37983e+06 1.21554e+06 1.63863e+06 1.70194e+06 1.15107e+06 835266
mphobs
 0 0 0 0 0 0 0 0 0 0 0 498337 0 5186 125008 0 168611 109162 213762 579715 649985 157893 87575 83554 0 0 0 0 0 0
mphpred
 487452 326013 164217 89500.5 99429.5 111950 146742 95627.9 84437.5 59582.3 40108.2 59904.8 64263.7 55072.8 38513.3 47926.1 145495 140381 271291 208698 231532 281381 263711 219208 301491 249403 205785 219724 302178 206123
desembarqueobs
 494567 514787 250237 358949 120608 361735 552515 73892 212993 205616 52469 317467 293654 387597 252695 516296 358380 742168 942051 627588 828172 859565 418607 520667 417249 300574 407403 355545 319650 289779
desembarquepred
 494574 513384 250950 358975 120613 361749 552565 73895.8 213037 205657 52471.3 317531 293707 387647 252697 516276 358407 742098 941912 627489 828234 859586 418616 520688 417249 300576 407404 355534 319646 289789
Reclutas
 211927 121936 121180 212716 170605 285711 120307 56425.2 52443.3 69254.1 126801 162052 135671 94711.1 96127.8 507342 111310 783415 455886 369819 522118 692942 150158 439087 371584 167103 375754 414472 119221 92807.4
log_desv_Rt
 0.0919594 -0.460785 -0.467011 0.0956714 -0.124933 0.390697 -0.474239 -1.23137 -1.30455 -1.0265 -0.421666 -0.176369 -0.35405 -0.713453 -0.698606 0.964901 -0.551969 1.39938 0.857957 0.64873 0.993609 1.27666 -0.252596 0.820413 0.653489 -0.145674 0.664649 0.76272 -0.483303 -0.733759
SSB
 3.72754e+06 2.49302e+06 1.25576e+06 684409 760337 856079 1.12213e+06 731265 645693 455625 306707 458091 491424 421141 294511 366490 1.1126e+06 1.07349e+06 2.07456e+06 1.59591e+06 1.77053e+06 2.15172e+06 2.0166e+06 1.67628e+06 2.3055e+06 1.90718e+06 1.57363e+06 1.68023e+06 2.31075e+06 1.57622e+06
BT
 4.96358e+06 3.37767e+06 1.71574e+06 1.50213e+06 1.33322e+06 2.29421e+06 1.72326e+06 1.3922e+06 1.16772e+06 876012 808596 1.07383e+06 1.13972e+06 1.13958e+06 1.01238e+06 1.97604e+06 1.80846e+06 4.51738e+06 4.24804e+06 2.95598e+06 4.70742e+06 4.36926e+06 3.19335e+06 5.17288e+06 3.80764e+06 3.28193e+06 4.48028e+06 4.57794e+06 3.11963e+06 2.35404e+06
Ftot
 0.114349 0.207375 0.201594 0.301411 0.101039 0.199784 0.432166 0.0676227 0.262649 0.3394 0.0844097 0.385137 0.3594 0.590641 0.40016 0.341071 0.220558 0.223294 0.319951 0.277821 0.212046 0.272686 0.160224 0.139678 0.141912 0.114643 0.137504 0.115285 0.115682 0.165726
BD_Bspro_t
 0.9819 0.866554 0.724566 0.642346 0.636306 0.704504 0.69498 0.548774 0.603937 0.568217 0.540178 0.716115 0.60608 0.520912 0.418653 0.473748 0.630197 0.609579 0.695978 0.608043 0.588096 0.631584 0.644096 0.639605 0.735201 0.743156 0.750281 0.78374 0.822392 0.762427
BD_Bspro
 2.70889 1.81173 0.912591 0.497375 0.552553 0.622131 0.815479 0.531427 0.469239 0.331113 0.222891 0.332905 0.357129 0.306052 0.214028 0.266337 0.808549 0.780131 1.50763 1.15978 1.28668 1.5637 1.4655 1.21819 1.67545 1.38599 1.14359 1.22106 1.67927 1.14547
BD_Bo
 1.76357 1.17949 0.594125 0.323806 0.359729 0.405026 0.530901 0.345975 0.305489 0.215565 0.145109 0.216731 0.232502 0.199249 0.139338 0.173393 0.52639 0.507889 0.981512 0.755053 0.837668 1.01802 0.954088 0.79308 1.09077 0.902324 0.744514 0.794948 1.09326 0.745737
BD_Brms
 11.2298 7.51057 3.78317 2.06188 2.29062 2.57906 3.38058 2.20304 1.94524 1.37264 0.923997 1.38006 1.48048 1.26875 0.887256 1.1041 3.35186 3.23405 6.24991 4.8079 5.33396 6.48236 6.07528 5.05004 6.94563 5.74566 4.74079 5.06193 6.96146 4.74858
Sel_flota
 0.823504 0.988846 0.999407 0.999969 0.999998
 0.823504 0.988846 0.999407 0.999969 0.999998
 0.823504 0.988846 0.999407 0.999969 0.999998
 0.823504 0.988846 0.999407 0.999969 0.999998
 0.823504 0.988846 0.999407 0.999969 0.999998
 0.823504 0.988846 0.999407 0.999969 0.999998
 0.823504 0.988846 0.999407 0.999969 0.999998
 0.823504 0.988846 0.999407 0.999969 0.999998
 0.823504 0.988846 0.999407 0.999969 0.999998
 0.823504 0.988846 0.999407 0.999969 0.999998
 0.823504 0.988846 0.999407 0.999969 0.999998
 0.823504 0.988846 0.999407 0.999969 0.999998
 0.823504 0.988846 0.999407 0.999969 0.999998
 0.823504 0.988846 0.999407 0.999969 0.999998
 0.823504 0.988846 0.999407 0.999969 0.999998
 0.823504 0.988846 0.999407 0.999969 0.999998
 0.823504 0.988846 0.999407 0.999969 0.999998
 0.823504 0.988846 0.999407 0.999969 0.999998
 0.823504 0.988846 0.999407 0.999969 0.999998
 0.823504 0.988846 0.999407 0.999969 0.999998
 0.823504 0.988846 0.999407 0.999969 0.999998
 0.823504 0.988846 0.999407 0.999969 0.999998
 0.823504 0.988846 0.999407 0.999969 0.999998
 0.823504 0.988846 0.999407 0.999969 0.999998
 0.823504 0.988846 0.999407 0.999969 0.999998
 0.823504 0.988846 0.999407 0.999969 0.999998
 0.823504 0.988846 0.999407 0.999969 0.999998
 0.823504 0.988846 0.999407 0.999969 0.999998
 0.823504 0.988846 0.999407 0.999969 0.999998
 0.823504 0.988846 0.999407 0.999969 0.999998
Sel_reclas
 1 1 1 1 1
 1 1 1 1 1
 1 1 1 1 1
 1 1 1 1 1
 1 1 1 1 1
 1 1 1 1 1
 1 1 1 1 1
 1 1 1 1 1
 1 1 1 1 1
 1 1 1 1 1
 1 1 1 1 1
 1 1 1 1 1
 1 1 1 1 1
 1 1 1 1 1
 1 1 1 1 1
 1 1 1 1 1
 1 1 1 1 1
 1 1 1 1 1
 1 1 1 1 1
 1 1 1 1 1
 1 1 1 1 1
 1 1 1 1 1
 1 1 1 1 1
 1 1 1 1 1
 1 1 1 1 1
 1 1 1 1 1
 1 1 1 1 1
 1 1 1 1 1
 1 1 1 1 1
 1 1 1 1 1
Sel_pelaces
 1 1 1 1 1
 1 1 1 1 1
 1 1 1 1 1
 1 1 1 1 1
 1 1 1 1 1
 1 1 1 1 1
 1 1 1 1 1
 1 1 1 1 1
 1 1 1 1 1
 1 1 1 1 1
 1 1 1 1 1
 1 1 1 1 1
 1 1 1 1 1
 1 1 1 1 1
 1 1 1 1 1
 1 1 1 1 1
 1 1 1 1 1
 1 1 1 1 1
 1 1 1 1 1
 1 1 1 1 1
 1 1 1 1 1
 1 1 1 1 1
 1 1 1 1 1
 1 1 1 1 1
 1 1 1 1 1
 1 1 1 1 1
 1 1 1 1 1
 1 1 1 1 1
 1 1 1 1 1
 1 1 1 1 1
pf_obs 
 0.8446 0.082 0.0669 0.0065 0
 0.8095 0.147 0.0364 0.0071 0
 0.9664 0.0169 0.016 0.0007 0
 0.9276 0.0648 0.0075 0.0001 0
 0.7033 0.2144 0.0806 0.0017 0
 0.9318 0.0425 0.0243 0.0014 0
 0.5671 0.3108 0.0964 0.0239 0.0018
 0.0768 0.2599 0.5324 0.112 0.0189
 0.490249 0.384438 0.106611 0.0170017 0.00170017
 0.7925 0.1577 0.0466 0.003 0.0002
 0.840416 0.127587 0.0312969 0.00059994 9.999e-05
 0.8084 0.0986 0.0794 0.0134 0.0002
 0.7335 0.1905 0.0724 0.0035 0.0001
 0.4001 0.4547 0.1325 0.0127 0
 0.49795 0.308269 0.164784 0.0264974 0.00249975
 0.9179 0.0499 0.0305 0.0017 0
 0.2467 0.6533 0.0926 0.0074 0
 0.9418 0.0223 0.034 0.0019 0
 0.707729 0.231977 0.0356964 0.0245975 0
 0.517169 0.277429 0.184464 0.0207286 0.00020938
 0.811772 0.124168 0.05621 0.00726502 0.000585176
 0.764997 0.148141 0.077277 0.00933861 0.000247198
 0.163321 0.427699 0.378323 0.0303852 0.000271297
 0.753843 0.0900009 0.118128 0.0371064 0.000921714
 0.721811 0.176058 0.0630433 0.0369309 0.00215725
 0.143369 0.312575 0.442814 0.0836902 0.0175525
 0.692698 0.0596174 0.167031 0.0765114 0.00414204
 0.394062 0.376323 0.152708 0.0712218 0.00568511
 0.125707 0.32114 0.495352 0.0537591 0.00404204
 0.23352 0.215282 0.420074 0.123614 0.00750983
pf_pred 
 0.433292 0.11778 0.424761 0.0241667 7.73145e-07
 0.411127 0.283333 0.0640485 0.228499 0.0129933
 0.554523 0.205014 0.116412 0.0260166 0.0980349
 0.742684 0.15521 0.0472883 0.0265471 0.0282715
 0.646454 0.27589 0.0470709 0.0141701 0.0164157
 0.741668 0.177629 0.0631276 0.0106555 0.0069197
 0.473236 0.40964 0.0808244 0.0283981 0.00790137
 0.445656 0.292697 0.204062 0.0397471 0.0178387
 0.526722 0.23271 0.12766 0.088069 0.0248388
 0.686675 0.180979 0.0654748 0.0354967 0.0313747
 0.801062 0.145304 0.0311441 0.0111301 0.0113599
 0.72494 0.228003 0.0344709 0.00731001 0.00527569
 0.671022 0.251882 0.0640467 0.00956146 0.0034886
 0.612263 0.277763 0.08445 0.0212066 0.00431813
 0.718988 0.1875 0.0672587 0.0201636 0.0060898
 0.928182 0.0546497 0.0115046 0.00407467 0.0015894
 0.385777 0.577988 0.0276551 0.00575066 0.00282934
 0.893595 0.0460809 0.056804 0.00268682 0.000833068
 0.595701 0.36846 0.0156228 0.0190371 0.00117891
 0.610646 0.250871 0.126347 0.00529233 0.00684391
 0.728402 0.178757 0.0600733 0.0298977 0.00286995
 0.736117 0.20209 0.0408321 0.0135657 0.00739503
 0.32441 0.522647 0.117458 0.0234531 0.0120317
 0.73706 0.096666 0.128959 0.028662 0.00865376
 0.626448 0.288693 0.0314164 0.0414543 0.0119882
 0.435709 0.377841 0.144465 0.0155495 0.0264357
 0.731419 0.129534 0.09344 0.0353421 0.0102652
 0.683834 0.242637 0.035667 0.0254484 0.0124139
 0.342783 0.475 0.1402 0.0203875 0.0216297
 0.430803 0.219792 0.253295 0.0739575 0.0221516
pobs_RECLAS
 0 0 0 0 0
 0 0 0 0 0
 0 0 0 0 0
 0 0 0 0 0
 0 0 0 0 0
 0 0 0 0 0
 0 0 0 0 0
 0 0 0 0 0
 0 0 0 0 0
 0 0 0 0 0
 0.991045 0.00858322 0.000360255 1.14367e-05 0
 0.934742 0.0480273 0.0164251 0.00080598 0
 0.827803 0.169806 0.00239088 0 0
 0.941827 0.0461693 0.0120037 0 0
 0.791401 0.0380133 0.147996 0.0225897 0
 0.846168 0.0940531 0.0597789 0 0
 0.134021 0.677848 0.182769 0.00536245 0
 0.80878 0.0450904 0.141981 0.00414843 0
 0.846168 0.0940531 0.0597789 0 0
 0.905697 0.0802665 0.012482 0.00150086 5.37128e-05
 0.989698 0.0102097 9.19794e-05 0 0
 0.975433 0.0193895 0.00387452 0.00125025 5.28907e-05
 0.303575 0.632131 0.0575291 0.00676475 0
 0.966965 0.00978017 0.0227588 0.000495775 0
 0.843318 0.132988 0.00938335 0.0141283 0.000182051
 0.564624 0.303363 0.111486 0.0197234 0.00080311
 0.826376 0.0876187 0.0782897 0.00655872 0.00115652
 0.89761 0.0855135 0.0140674 0.00269457 0.000114338
 0.34875 0.467042 0.161289 0.0227151 0.000203297
 0.318654 0.224769 0.449479 0.00709798 0
ppred_RECLAS
 0.481199 0.108745 0.387993 0.0220622 7.05798e-07
 0.458302 0.262162 0.0586239 0.209026 0.0118857
 0.601362 0.184562 0.10367 0.0231556 0.0872516
 0.77774 0.134663 0.0405813 0.0227686 0.0242468
 0.687905 0.244127 0.0412076 0.012398 0.0143624
 0.776297 0.154344 0.0542614 0.0091537 0.00594425
 0.521574 0.372984 0.072776 0.0255552 0.00711014
 0.492698 0.269225 0.185703 0.0361507 0.0162241
 0.574442 0.210436 0.114189 0.0787298 0.0222041
 0.726771 0.158572 0.0567404 0.0307434 0.0271726
 0.829216 0.125107 0.0265297 0.00947566 0.00967103
 0.761502 0.198075 0.0296162 0.00627682 0.00452989
 0.711927 0.221137 0.0556118 0.00829737 0.00302729
 0.658158 0.245685 0.0738495 0.0185335 0.00377369
 0.756473 0.163097 0.0578589 0.0173354 0.00523548
 0.939953 0.0458142 0.00953898 0.00337651 0.00131703
 0.430963 0.535813 0.0253604 0.00527046 0.00259301
 0.910581 0.0389643 0.0475126 0.00224604 0.000696382
 0.640397 0.328053 0.0137576 0.0167546 0.00103753
 0.655106 0.22309 0.111135 0.00465244 0.00601624
 0.764347 0.155684 0.0517549 0.025743 0.00247105
 0.771362 0.175553 0.0350851 0.0116496 0.00635034
 0.366869 0.491007 0.109164 0.0217846 0.0111754
 0.77254 0.0841989 0.111125 0.0246842 0.00745253
 0.66922 0.256282 0.0275908 0.0363856 0.0105221
 0.482422 0.347804 0.131561 0.0141525 0.0240599
 0.767195 0.112916 0.0805807 0.0304609 0.00884719
 0.72286 0.213231 0.0310098 0.0221129 0.0107865
 0.386222 0.444938 0.129925 0.0188826 0.0200325
 0.478432 0.202756 0.231155 0.0674543 0.0202032
pobs_PELACES
 0 0 0 0 0
 0 0 0 0 0
 0 0 0 0 0
 0 0 0 0 0
 0 0 0 0 0
 0 0 0 0 0
 0 0 0 0 0
 0 0 0 0 0
 0 0 0 0 0
 0 0 0 0 0
 0 0 0 0 0
 0 0 0 0 0
 0 0 0 0 0
 0 0 0 0 0
 0 0 0 0 0
 0 0 0 0 0
 0.505614 0.472636 0.0217494 0 0
 0 0 0 0 0
 0.443492 0.261883 0.143347 0.151278 0
 0.227955 0.32914 0.350689 0.0885471 0.00366901
 0.970185 0.0296113 0.000203453 0 0
 0.997202 0.00247181 0.000326279 0 0
 0.445219 0.490057 0.0546422 0.010081 0
 0.90214 0.0892962 0.00764917 0.000914606 0
 0 0 0 0 0
 0.581667 0.319106 0.0959925 0.00289975 0.000334073
 0.762889 0.0836404 0.116647 0.0363945 0.000428098
 0.88444 0.0763242 0.0277011 0.0115352 0
 0.521256 0.241999 0.230069 0.00667565 0
 0.616807 0.101726 0.260614 0.0208532 0
ppred_PELACES
 0.482835 0.108437 0.386737 0.0219903 7.03498e-07
 0.461209 0.260856 0.0582899 0.207827 0.0118175
 0.604088 0.18337 0.102928 0.0229891 0.0866241
 0.780643 0.132961 0.0400263 0.0224559 0.0239138
 0.689104 0.243208 0.0410381 0.0123467 0.014303
 0.778222 0.153049 0.0537688 0.00907026 0.00589005
 0.527539 0.368458 0.0717847 0.0252051 0.0070127
 0.493648 0.26875 0.185332 0.036078 0.0161915
 0.578057 0.208747 0.113169 0.0780228 0.0220046
 0.730533 0.156469 0.0559215 0.0302978 0.0267787
 0.829879 0.124632 0.0264212 0.00943673 0.00963129
 0.765339 0.194933 0.0291074 0.00616853 0.00445172
 0.715991 0.218081 0.0547746 0.00817191 0.0029815
 0.665502 0.240548 0.0721566 0.0181067 0.00368676
 0.760558 0.160436 0.0568357 0.0170276 0.00514249
 0.941011 0.0450201 0.0093625 0.00331383 0.00129258
 0.433928 0.533046 0.02521 0.005239 0.00257752
 0.911603 0.0385356 0.0469534 0.00221952 0.000688156
 0.644431 0.324406 0.0135895 0.0165489 0.00102479
 0.6586 0.220906 0.10994 0.00460219 0.00595124
 0.766471 0.15432 0.0512637 0.0254977 0.0024475
 0.774014 0.173555 0.0346529 0.0115055 0.00627177
 0.368932 0.489469 0.108762 0.0217036 0.0111338
 0.773931 0.0837101 0.110426 0.0245283 0.00740546
 0.670957 0.254965 0.0274354 0.0361798 0.0104626
 0.484017 0.346779 0.13112 0.0141048 0.0239789
 0.768577 0.112274 0.0800841 0.0302724 0.00879243
 0.724137 0.212269 0.0308574 0.0220037 0.0107332
 0.387746 0.443883 0.129564 0.0188298 0.0199765
 0.480778 0.201916 0.230064 0.0671341 0.0201072
pobs_pel_tallas
 0 0 0 0 0 0 0 0 0 0 0 0 0 0 0 0 0 0 0 0 0 0 0 0 0 0
 0 0 0 0 0 0 0 0 0 0 0 0 0 0 0 0 0 0 0 0 0 0 0 0 0 0
 0 0 0 0 0 0 0 0 0 0 0 0 0 0 0 0 0 0 0 0 0 0 0 0 0 0
 0 0 0 0 0 0 0 0 0 0 0 0 0 0 0 0 0 0 0 0 0 0 0 0 0 0
 0 0 0 0 0 0 0 0 0 0 0 0 0 0 0 0 0 0 0 0 0 0 0 0 0 0
 0 0 0 0 0 0 0 0 0 0 0 0 0 0 0 0 0 0 0 0 0 0 0 0 0 0
 0 0 0 0 0 0 0 0 0 0 0 0 0 0 0 0 0 0 0 0 0 0 0 0 0 0
 0 0 0 0 0 0 0 0 0 0 0 0 0 0 0 0 0 0 0 0 0 0 0 0 0 0
 0 0 0 0 0 0 0 0 0 0 0 0 0 0 0 0 0 0 0 0 0 0 0 0 0 0
 0 0 0 0 0 0 0 0 0 0 0 0 0 0 0 0 0 0 0 0 0 0 0 0 0 0
 0 0 0 0 0 0 0 0 0 0 0 0 0 0 0 0 0 0 0 0 0 0 0 0 0 0
 0 0 0 0 0 0 0 0 0 0 0 0 0 0 0 0 0 0 0 0 0 0 0 0 0 0
 0.00862536 0 0 0.000197151 0.00414017 0.0128641 0.00837892 0.0270097 0.101434 0.158115 0.152841 0.127902 0.109271 0.109419 0.0830992 0.0579132 0.0238553 0.00714673 0.00463305 0.00128148 0.00103504 0.000492878 0.000147863 0.000147863 4.92878e-05 0
 0 0 0 0 0 0 0 0 0 0 0 0 0 0 0 0 0 0 0 0 0 0 0 0 0 0
 0 0 0 0 0 0 0 0.0054083 0.00873648 0.0413646 0.0450493 0.0745869 0.0622846 0.0627006 0.0613931 0.0827291 0.12552 0.122667 0.0946155 0.0697135 0.0546179 0.0294188 0.0215738 0.0213955 0.0102223 0.00600262
 0 0 0 0 0.00359764 0.0251062 0.0480494 0.140153 0.205849 0.193036 0.1447 0.116669 0.0760912 0.0342217 0.00950174 0.001854 0.000860785 0 0 0 0.000165536 0 0.000143464 0 0 0
 0 0 0 0 0 0 0 0.000145254 0.000435761 0.0275982 0.070085 0.0708112 0.156366 0.174668 0.174014 0.160142 0.0824315 0.0480064 0.0283245 0.00493863 0.00203355 0 0 0 0 0
 0 0 0 0 0 0 0 0 0 0 0 0 0 0 0 0 0 0 0 0 0 0 0 0 0 0
 0 0 1.00437e-05 0.000401748 0.00122533 0.00171747 0.00176769 0.0269171 0.070346 0.194647 0.189555 0.159765 0.064822 0.0314167 0.0384472 0.0292271 0.0345202 0.0313363 0.0194345 0.0106764 0.0143323 0.0359363 0.0279516 0.0138201 0.00172751 0
 0 0.0021121 0.0136068 0.0755702 0.200478 0.177729 0.0527432 0.0373336 0.0318909 0.0142505 0.0149659 0.0166563 0.0217959 0.0798694 0.0677717 0.0528807 0.04013 0.0224614 0.0357745 0.0225083 0.00881397 0.00855152 0.00135912 0.000746735 0 0
 0 0 0 0 5.4009e-05 0.00500934 0.000945158 0.0243581 0.138947 0.33067 0.221406 0.137944 0.0707744 0.0437923 0.0131692 0.00525238 0.0047753 0.00276346 9.45158e-05 9.00151e-06 2.25038e-05 9.00151e-06 4.50075e-06 0 0 0
 0.000866109 0.00284123 0.00948549 0.0512746 0.133035 0.25785 0.225252 0.132002 0.0553304 0.0519788 0.0540692 0.017754 0.00435017 0.00159236 0.00146478 0.000404838 0.000125132 0.000115318 0.000107957 0.000100596 0 0 0 0 0 0
 0 0 0 0 0.00144013 0.00171154 0.00461396 0.0210425 0.0478622 0.0707936 0.0888783 0.103762 0.0637923 0.0337046 0.0602308 0.124433 0.169614 0.0934646 0.0462172 0.0250306 0.0313229 0.00938855 0.002487 0.000210481 0 0
 0 0.00764035 0.051015 0.0998891 0.058973 0.0496711 0.0374665 0.0718981 0.12319 0.153886 0.159021 0.0857701 0.0377988 0.023471 0.0147837 0.00900784 0.00315554 0.000888139 0.00291439 0.00214683 0.00393193 0.00274676 0.000635225 9.99891e-05 0 0
 0 0 0 0 0 0 0 0 0 0 0 0 0 0 0 0 0 0 0 0 0 0 0 0 0 0
 0 0 0 0 0 0 0 0 0 0 0 0 0 0 0 0 0 0 0 0 0 0 0 0 0 0
 0 0 0 0 0 0 0 0 0 0 0 0 0 0 0 0 0 0 0 0 0 0 0 0 0 0
 0 0 0 0 0 0 0 0 0 0 0 0 0 0 0 0 0 0 0 0 0 0 0 0 0 0
 0 0 0 0 0 0 0 0 0 0 0 0 0 0 0 0 0 0 0 0 0 0 0 0 0 0
 0 0 0 0 0 0 0 0 0 0 0 0 0 0 0 0 0 0 0 0 0 0 0 0 0 0
ppred_pel_tallas
 1.13394e-16 3.97705e-05 0.000386584 0.00256899 0.0116782 0.0363354 0.0774168 0.112994 0.113005 0.077471 0.036519 0.0122158 0.00394615 0.00348473 0.00619204 0.0108718 0.0172784 0.025094 0.0338921 0.0432723 0.0527368 0.0613346 0.0675028 0.0694924 0.0662341 0.0580362
 1.24591e-16 3.79893e-05 0.000369269 0.00245392 0.0111552 0.0347081 0.0739502 0.107938 0.107963 0.0740736 0.0351229 0.0123548 0.00547126 0.00697796 0.012657 0.0210542 0.0308046 0.0398315 0.0461408 0.0490601 0.0497249 0.0502668 0.0522859 0.0557807 0.0592314 0.0605861
 1.19982e-16 4.9758e-05 0.000483666 0.00321413 0.014611 0.0454603 0.0968585 0.141372 0.141389 0.0969457 0.0457532 0.015459 0.00535006 0.00517084 0.00902467 0.0150368 0.0221282 0.028853 0.033801 0.0364218 0.0373611 0.0379413 0.0391893 0.0411799 0.0431033 0.0438426
 1.07489e-16 6.43005e-05 0.000625024 0.00415351 0.0188812 0.0587466 0.125166 0.182687 0.1827 0.125229 0.0589578 0.0194918 0.00568835 0.00398339 0.0064659 0.0106511 0.0154912 0.0198192 0.0225058 0.0230729 0.0219827 0.020297 0.0189758 0.0183634 0.0181714 0.01783
 1.04906e-16 5.67606e-05 0.000551734 0.00366647 0.0166672 0.0518581 0.11049 0.161268 0.161292 0.110605 0.052243 0.0177791 0.00645822 0.00664873 0.0116438 0.0191809 0.027677 0.0349189 0.0386943 0.0379988 0.0336333 0.0276458 0.0220792 0.0180002 0.0153731 0.0135708
 1.03498e-16 6.41011e-05 0.000623086 0.00414063 0.0188227 0.0585645 0.124778 0.182121 0.182135 0.124851 0.0588076 0.0195255 0.00590736 0.00448825 0.00742931 0.012245 0.0177835 0.0226782 0.0255736 0.0258353 0.0238958 0.0208978 0.0179392 0.0155304 0.0135856 0.0117777
 1.05881e-16 4.34528e-05 0.000422376 0.00280684 0.0127595 0.0396998 0.0845859 0.123463 0.123499 0.0847596 0.0402832 0.0144451 0.00703956 0.00966845 0.0176213 0.0291101 0.0420424 0.0531097 0.0589645 0.0580666 0.0515808 0.0425348 0.0339443 0.0273785 0.0228035 0.0193682
 1.11776e-16 4.06612e-05 0.000395242 0.00262652 0.0119398 0.0371493 0.0791514 0.115529 0.115555 0.0792793 0.0375793 0.0131848 0.00576345 0.00728191 0.0132335 0.0221116 0.0325471 0.0423948 0.0494594 0.0526898 0.0526795 0.0509897 0.0488965 0.0466358 0.0436276 0.0392583
 1.14868e-16 4.76138e-05 0.000462823 0.00307562 0.0139814 0.0435013 0.0926849 0.135281 0.135301 0.092784 0.0438347 0.0149465 0.00550637 0.0057963 0.0102578 0.017099 0.0251447 0.0327362 0.0382311 0.0409378 0.0414952 0.0412915 0.041393 0.041858 0.0418793 0.0404736
 1.09225e-16 6.01731e-05 0.000584904 0.00388689 0.0176693 0.0549757 0.117132 0.170961 0.170976 0.117206 0.0552245 0.0183888 0.00569653 0.0045469 0.00761935 0.0125941 0.0183611 0.023579 0.0269374 0.0278796 0.0269318 0.025297 0.0240367 0.0234873 0.0232661 0.0227015
 1.03371e-16 6.83561e-05 0.000664445 0.00441547 0.0200721 0.0624518 0.133061 0.194208 0.194221 0.133119 0.0626493 0.0206426 0.00584844 0.00379562 0.00602403 0.00987492 0.0142769 0.0180808 0.0201681 0.0200361 0.0180935 0.015367 0.0128598 0.011063 0.00990568 0.00903272
 1.02262e-16 6.304e-05 0.000612772 0.00407208 0.0185111 0.057595 0.122713 0.179107 0.179126 0.122805 0.0579033 0.0194017 0.00630762 0.00549344 0.00933375 0.0153346 0.0220929 0.0278016 0.0306623 0.0298457 0.0259791 0.0207098 0.0157101 0.0118992 0.00933177 0.00758812
 1.02961e-16 5.89753e-05 0.000573261 0.00380952 0.0173175 0.0538814 0.114801 0.16756 0.167581 0.114904 0.0542271 0.0183163 0.00631844 0.0060562 0.0104894 0.017293 0.0250102 0.0316685 0.035288 0.0349409 0.0312739 0.0260145 0.0208838 0.0167796 0.0137079 0.0112467
 1.04584e-16 5.48165e-05 0.000532836 0.00354089 0.0160964 0.0500819 0.106706 0.155745 0.155768 0.106819 0.0504636 0.0171996 0.00631333 0.00659528 0.0115984 0.019166 0.0277876 0.0353287 0.0396413 0.0397229 0.0362751 0.0311458 0.0261325 0.0221056 0.0189698 0.0162097
 1.0426e-16 6.26462e-05 0.000608943 0.00404664 0.0183955 0.0572352 0.121946 0.177987 0.178003 0.122022 0.0574901 0.0191325 0.00589946 0.0046631 0.00779007 0.0128526 0.0186811 0.0238562 0.0269702 0.0273716 0.0255226 0.0226171 0.019784 0.017517 0.0156751 0.0138698
 1.00833e-16 7.75098e-05 0.000753423 0.00500676 0.02276 0.0708149 0.150879 0.220213 0.220217 0.1509 0.0708862 0.022966 0.00552419 0.0018839 0.00222722 0.00356661 0.00514754 0.00650989 0.00724232 0.00715794 0.00639914 0.00533372 0.00432561 0.00356047 0.00302803 0.00261973
 1.01826e-16 3.57422e-05 0.000347427 0.00230877 0.0104954 0.0326553 0.0695775 0.101561 0.101612 0.0698281 0.0334965 0.012924 0.00840089 0.0136332 0.0252285 0.0415481 0.0596058 0.0744456 0.0810401 0.0770722 0.0643417 0.0476085 0.0318344 0.0199447 0.0123818 0.00807217
 1.01704e-16 7.50876e-05 0.000729878 0.00485029 0.0220487 0.0686018 0.146164 0.213331 0.213335 0.146182 0.0686641 0.0222294 0.00530699 0.00173703 0.00201763 0.00329408 0.00491747 0.00655604 0.00791247 0.00882736 0.00932902 0.00953556 0.0095031 0.00916761 0.00842514 0.00726003
 1.02309e-16 5.3081e-05 0.000515966 0.00342878 0.0155867 0.0484963 0.103328 0.150816 0.150847 0.10348 0.0490083 0.0170649 0.00713696 0.00860347 0.0153909 0.0253037 0.0363153 0.0453983 0.0495126 0.0472747 0.0398049 0.0300085 0.0208827 0.0141462 0.00997558 0.00762056
 1.04698e-16 5.42481e-05 0.000527311 0.00350417 0.0159294 0.0495625 0.105599 0.154129 0.154151 0.105704 0.0499144 0.0169473 0.00606481 0.00613632 0.0107626 0.0178518 0.0260469 0.0334504 0.0381353 0.0391648 0.0370669 0.033323 0.0293263 0.0256789 0.0222526 0.0187175
 1.04491e-16 6.31332e-05 0.000613677 0.0040781 0.0185385 0.0576801 0.122894 0.179371 0.179386 0.122967 0.0579253 0.0192472 0.00585979 0.00451199 0.00749302 0.0123572 0.0179601 0.0229376 0.0259432 0.0263636 0.0246601 0.0219943 0.0194513 0.0174833 0.0159111 0.0143096
 1.0326e-16 6.37546e-05 0.000619717 0.00411824 0.0187209 0.0582479 0.124104 0.181137 0.181153 0.124186 0.0585227 0.019515 0.00611241 0.00497616 0.00834684 0.0137231 0.0198222 0.0250553 0.0278484 0.0274821 0.0245098 0.0203588 0.0164449 0.0134952 0.0114752 0.00996178
 1.07325e-16 3.03885e-05 0.000295387 0.00196295 0.00892333 0.0277641 0.059156 0.0863498 0.0863971 0.0593869 0.0285394 0.0111636 0.00758958 0.0125887 0.0234082 0.0387302 0.0559763 0.0707836 0.0787079 0.0776832 0.0692106 0.0572474 0.0457412 0.0367577 0.0302937 0.0253128
 1.06922e-16 6.37477e-05 0.00061965 0.00411779 0.0187189 0.0582415 0.12409 0.181115 0.181123 0.12413 0.0583772 0.019113 0.00511502 0.00282268 0.0043244 0.0072492 0.0109076 0.0147057 0.0180627 0.0206885 0.0226716 0.0242386 0.025405 0.0258556 0.0251558 0.0230886
 1.06256e-16 5.52659e-05 0.000537204 0.00356991 0.0162283 0.0504924 0.10758 0.157022 0.157046 0.1077 0.0508956 0.0173928 0.00649299 0.00691886 0.0121775 0.0200526 0.0289066 0.0364204 0.0402877 0.0394935 0.0349408 0.028848 0.0234007 0.0196942 0.0175859 0.0162598
 1.09345e-16 3.98679e-05 0.000387531 0.00257528 0.0117069 0.0364246 0.0776077 0.113278 0.113311 0.0777717 0.0369757 0.0133004 0.00658164 0.00915468 0.0167526 0.0277956 0.0404191 0.0516303 0.0583834 0.0592526 0.0552124 0.0488238 0.0425294 0.0374342 0.033299 0.0293527
 1.06864e-16 6.33067e-05 0.000615364 0.00408931 0.0185894 0.0578386 0.123232 0.179863 0.179874 0.123285 0.0580185 0.0191103 0.00540227 0.00349973 0.00559493 0.00929096 0.0137123 0.0179527 0.021128 0.0228356 0.0233475 0.023307 0.023191 0.0229922 0.0223339 0.0208341
 1.04968e-16 5.96462e-05 0.000579783 0.00385286 0.0175146 0.0544944 0.116107 0.169466 0.169486 0.116207 0.0548303 0.0184847 0.00628865 0.00589899 0.0101676 0.0167314 0.0241392 0.0304553 0.0337589 0.0331928 0.0294818 0.0244356 0.0198415 0.016603 0.0146286 0.0132949
 1.09122e-16 3.19382e-05 0.000310451 0.00206306 0.00937839 0.0291799 0.0621724 0.0907515 0.0907944 0.0623821 0.0298841 0.0114137 0.00717713 0.0114919 0.0213186 0.0353271 0.0511999 0.0650424 0.0728843 0.0728749 0.0663261 0.0566891 0.0473413 0.0399497 0.0343724 0.0296434
 1.16827e-16 3.96011e-05 0.000384937 0.00255804 0.0116285 0.0361807 0.0770875 0.112516 0.112535 0.0771844 0.036507 0.0125754 0.00495137 0.00566444 0.010228 0.0172711 0.0258748 0.0346454 0.0421541 0.0477206 0.0516628 0.0547139 0.0571308 0.0583146 0.0572375 0.0532337
pSPR Fmed_Fpbrs
0.679175   0.207044 0.207044
Fs Fmed_Fpbrs
0.204186   1.005 1.005
SSBpbr Bo_Bmed_Bpbrs
2.11364e+06  1.32985e+06  331935 331935
Ro
193308
SPR SPRFo_SPRFmed_SPRFpbrs
1.37604e+06 934574 284902
Fref
1.005
log_Ro
11.992
likeval ReclasPelacesDesembMPH_pf_preclas_ppelaces_ptallas_desvR_qrecl_qpela
 14.7907 16.7966 0.0790084 0.000809354 228.816 105.921 76.653 0 22.7681 3.78228e-06 2.67603e-07 0.403365 0 0 0
q_reclas_q_pelaces
0.759126 0.929046
M
1
N
 211927 48348.1 172605 9815.08 0.313997
 121936 70957.2 15884.6 56640.6 3220.72
 121180 37815.8 21264 4749.79 17897.5
 212716 37760.4 11397.3 6395.15 6810.39
 170605 61053 10311 3102.31 3593.87
 285711 57751.3 20324.6 3428.87 2226.66
 120307 89162.3 17436.9 6123.7 1703.79
 56425.2 31005.2 21394.1 4164.85 1869.15
 52443.3 19633.3 10668.4 7356.1 2074.64
 69254.1 15540.4 5570.64 3018.6 2668.01
 126801 19264.9 4087.07 1459.82 1489.92
 162052 43515.1 6519.63 1381.91 997.311
 135671 43412.8 10938.2 1632.17 595.499
 94711.1 37124.1 11193.8 2809.7 572.102
 96127.8 21422.4 7615.72 2282.05 689.205
 507342 25435.5 5305.48 1878.16 732.592
 111310 140937 6678.41 1388.01 682.888
 783415 34147.4 41688.1 1970.83 611.054
 455886 239794 10073.2 12268.7 759.746
 369819 128864 64289.6 2691.56 3480.57
 522118 108227 36018.8 17916.9 1719.83
 692942 161301 32283.2 10720.1 5843.68
 150158 203647 45314.6 9043.29 4639.18
 439087 48411.8 63940.3 14203.7 4288.32
 371584 143980 15512.2 20457.6 5916.01
 167103 121621 46032.3 4952.02 8418.71
 375754 55935.7 39946.7 15101.1 4386.04
 414472 123433 17961.5 12808.7 6247.96
 119221 138666 40516.1 5888.58 6247.2
 92807.4 39873.7 45498.3 13277.7 3976.8
pred_Ctot
 12132.3 3297.86 11893.4 676.673 0.0216483
 12270.2 8456.15 1911.55 6819.61 387.79
 11877 4391.05 2493.35 557.233 2099.75
 30158.8 6302.73 1920.28 1078.02 1148.05
 8668.8 3699.62 631.21 190.017 220.132
 27768.2 6650.48 2363.51 398.944 259.075
 23439.6 20289.7 4003.28 1406.58 391.36
 1940.77 1274.66 888.663 173.093 77.6853
 6562.42 2899.33 1590.52 1097.25 309.466
 10919.8 2877.99 1041.21 564.482 498.934
 5413.07 981.872 210.452 75.2101 76.7631
 28567.3 8984.81 1358.38 288.061 207.896
 22505.8 8448 2148.1 320.687 117.006
 23982.4 10880 3307.91 830.666 169.141
 17521.5 4569.33 1639.07 491.381 148.407
 80346.2 4730.65 995.877 352.716 137.583
 11860.7 17770.3 850.259 176.805 86.9885
 84436.7 4354.23 5367.47 253.88 78.7174
 68195.5 42181 1788.48 2179.36 134.961
 48705.6 20009.7 10077.6 422.12 545.876
 53639.4 13163.7 4423.8 2201.67 211.343
 89726.4 24633 4977.08 1653.54 901.391
 11860.1 19107.4 4294.14 857.42 439.866
 30443.1 3992.64 5326.43 1183.84 357.43
 26155.2 12053.4 1311.68 1730.78 500.528
 9589.81 8316.17 3179.63 342.238 581.84
 25665.4 4545.33 3278.79 1240.15 360.204
 23914 8485.14 1247.29 889.943 434.119
 6901.56 9563.61 2822.78 410.48 435.491
 7568 3861.13 4449.68 1299.22 389.141
F
 0.0941671 0.113074 0.114281 0.114346 0.114349
 0.170774 0.205062 0.207252 0.207369 0.207375
 0.166014 0.199345 0.201475 0.201588 0.201594
 0.248213 0.298049 0.301232 0.301402 0.301411
 0.0832058 0.0999118 0.100979 0.101036 0.101039
 0.164523 0.197555 0.199665 0.199778 0.199783
 0.35589 0.427346 0.43191 0.432153 0.432165
 0.0556875 0.0668684 0.0675826 0.0676206 0.0676226
 0.216292 0.259719 0.262493 0.26264 0.262648
 0.279497 0.335614 0.339198 0.339389 0.339399
 0.0695117 0.0834682 0.0843596 0.0844071 0.0844096
 0.317162 0.380841 0.384909 0.385125 0.385137
 0.295967 0.355391 0.359187 0.359389 0.3594
 0.486395 0.584053 0.590291 0.590623 0.59064
 0.329533 0.395696 0.399922 0.400147 0.400159
 0.280873 0.337266 0.340868 0.34106 0.34107
 0.18163 0.218098 0.220427 0.220551 0.220558
 0.183884 0.220804 0.223162 0.223287 0.223294
 0.26348 0.316382 0.319761 0.319941 0.31995
 0.228786 0.274722 0.277656 0.277812 0.27782
 0.17462 0.20968 0.21192 0.212039 0.212045
 0.224558 0.269645 0.272525 0.272678 0.272686
 0.131945 0.158437 0.160129 0.160219 0.160224
 0.115025 0.13812 0.139595 0.139674 0.139678
 0.116865 0.140329 0.141827 0.141907 0.141911
 0.0944087 0.113364 0.114575 0.114639 0.114643
 0.113235 0.13597 0.137423 0.1375 0.137504
 0.0949376 0.113999 0.115217 0.115281 0.115285
 0.0952647 0.114392 0.115614 0.115679 0.115682
 0.136476 0.163877 0.165628 0.165721 0.165726
nmprior
 8 8 7 0
nm_flota  nm_reclas  nm_pelaces    nm_pelaL
inf 11.7138 16.1215 28.1117
cv_recla  cv_pelaces  cv_mph
0.356058 0.482254 0.87796
 ------------------------------------------------
Talla a la edad & desviación 
 8 13.2811 15.8009 17.003 17.5766
 0.8 1.32811 1.58009 1.7003 1.75766
