years
 1991 1992 1993 1994 1995 1996 1997 1998 1999 2000 2001 2002 2003 2004 2005 2006 2007 2008 2009 2010 2011 2012 2013 2014 2015 2016 2017 2018 2019 2020
reclasobs
 0 0 0 0 0 0 0 0 0 252601 567819 844713 477998 351125 339783 2.1784e+06 2.13404e+06 4.81314e+06 1.55562e+06 2.62356e+06 3.21686e+06 3.843e+06 1.13348e+06 3.07943e+06 1.97215e+06 2.03268e+06 2.025e+06 2.42433e+06 2.27542e+06 1.05018e+06
reclaspred
 5.50401e+06 3.26047e+06 1.67152e+06 1.89295e+06 2.35118e+06 3.27081e+06 2.53672e+06 2.15665e+06 1.47424e+06 1.00023e+06 751666 813365 793341 673767 708617 1.33665e+06 1.6568e+06 2.81886e+06 2.57871e+06 2.07165e+06 3.59918e+06 2.81614e+06 2.5575e+06 3.44933e+06 2.82984e+06 2.6423e+06 2.83904e+06 2.76499e+06 2.76208e+06 2.01916e+06
pelacesobs
 0 0 0 0 0 0 0 0 0 0 0 0 0 0 0 552880 188675 0 991730 2.46772e+06 1.41603e+06 1.21717e+06 2.29649e+06 1.80582e+06 0 1.4828e+06 1.56532e+06 1.57751e+06 1.42118e+06 867257
pelacespred
 2.71564e+06 1.79604e+06 950300 919951 1.11316e+06 1.6178e+06 1.28064e+06 1.17871e+06 837095 549087 435993 381365 396357 364333 398651 628122 739985 1.41749e+06 1.37438e+06 1.03637e+06 1.63937e+06 1.49907e+06 1.28971e+06 1.90331e+06 1.5342e+06 1.39251e+06 1.71669e+06 1.70115e+06 1.33198e+06 1.0983e+06
mphobs
 0 0 0 0 0 0 0 0 0 0 0 498337 0 5186 125008 0 168611 109162 213762 579715 649985 157893 87575 83554 0 0 0 0 0 0
mphpred
 5.31138e+06 3.62694e+06 1.92133e+06 1.06415e+06 1.75716e+06 2.16447e+06 2.63437e+06 1.86773e+06 1.50025e+06 990810 617701 635131 608594 537625 426860 579019 1.30958e+06 1.40755e+06 2.21517e+06 1.81004e+06 2.03915e+06 2.48389e+06 2.25764e+06 1.99766e+06 2.69375e+06 2.23217e+06 1.93145e+06 2.02196e+06 2.61725e+06 1.90774e+06
desembarqueobs
 494567 514787 250237 358949 120608 361735 552515 73892 212993 205616 52469 317467 293654 387597 252695 516296 358380 742168 942051 627588 828172 859565 418607 520667 417249 300574 407403 355545 319650 289779
desembarquepred
 494562 512462 251678 358936 120605 361735 552595 73892.6 213037 205667 52469.2 317568 293736 387707 252704 516301 358414 742116 942028 627567 828263 859678 418635 520680 417265 300581 407401 355534 319661 289789
Reclutas
 280440 172762 152464 517048 391125 493572 203624 97339.7 74150.1 91955 138010 170716 157692 120450 133368 530075 165386 753864 535945 408035 579394 730119 203021 492616 420245 214360 431243 445873 171729 163378
log_desv_Rt
 0.0911759 -0.393269 -0.518254 0.702951 0.423842 0.656484 -0.228908 -0.966978 -1.23909 -1.02389 -0.617861 -0.405185 -0.48454 -0.753951 -0.652073 0.727834 -0.4369 1.08003 0.738848 0.466167 0.816797 1.04802 -0.231877 0.654546 0.495653 -0.177528 0.521487 0.554849 -0.399268 -0.449115
SSB
 5.31138e+06 3.62694e+06 1.92133e+06 1.06415e+06 1.75716e+06 2.16447e+06 2.63437e+06 1.86773e+06 1.50025e+06 990810 617701 635131 608594 537625 426860 579019 1.30958e+06 1.40755e+06 2.21517e+06 1.81004e+06 2.03915e+06 2.48389e+06 2.25764e+06 1.99766e+06 2.69375e+06 2.23217e+06 1.93145e+06 2.02196e+06 2.61725e+06 1.90774e+06
BT
 6.98453e+06 4.85193e+06 2.54623e+06 2.8789e+06 3.05292e+06 4.74579e+06 3.71083e+06 3.10702e+06 2.3284e+06 1.60805e+06 1.21403e+06 1.30974e+06 1.36102e+06 1.43215e+06 1.41426e+06 2.29754e+06 2.25595e+06 4.79133e+06 4.69571e+06 3.30416e+06 5.29796e+06 4.84663e+06 3.74042e+06 5.93201e+06 4.39616e+06 3.94344e+06 5.28009e+06 5.17199e+06 3.63393e+06 3.0814e+06
Ftot
 0.0782311 0.137495 0.130511 0.134937 0.0394883 0.0831954 0.179242 0.0283289 0.119405 0.167186 0.0525314 0.288343 0.272519 0.406621 0.241889 0.250887 0.164793 0.181635 0.266389 0.226429 0.169946 0.224204 0.129901 0.108102 0.114272 0.0895589 0.103737 0.0909654 0.0956763 0.116406
BD_Bspro_t
 0.987561 0.904631 0.799876 0.739761 0.795679 0.84789 0.837668 0.754397 0.782042 0.745119 0.70781 0.784 0.66389 0.587738 0.512886 0.583988 0.669377 0.6713 0.712638 0.63857 0.621139 0.662224 0.66657 0.675947 0.762267 0.769477 0.783617 0.811461 0.838921 0.794342
BD_Bspro
 2.91462 1.99028 1.05433 0.583955 0.96424 1.18776 1.44561 1.02492 0.823262 0.543708 0.338964 0.348529 0.333966 0.295022 0.234239 0.317737 0.718632 0.772394 1.21557 0.993259 1.11899 1.36303 1.23888 1.09622 1.4782 1.2249 1.05989 1.10955 1.43622 1.04687
BD_Bo
 2.02888 1.38544 0.733925 0.406493 0.671211 0.826801 1.0063 0.71345 0.573075 0.378477 0.235954 0.242612 0.232475 0.205366 0.163055 0.221178 0.500242 0.537666 0.846165 0.691411 0.77893 0.948813 0.862391 0.76308 1.02898 0.852659 0.73779 0.772362 0.999755 0.728732
BD_Brms
 16.5364 11.2921 5.98187 3.31313 5.47072 6.73886 8.20183 5.81499 4.67086 3.08478 1.92315 1.97741 1.89479 1.67384 1.32898 1.80271 4.07724 4.38226 6.89669 5.63536 6.34869 7.73332 7.02894 6.2195 8.38671 6.94961 6.01338 6.29515 8.14852 5.93955
Sel_flota
 0.999895 1 1 1 1
 0.999895 1 1 1 1
 0.999895 1 1 1 1
 0.999895 1 1 1 1
 0.999895 1 1 1 1
 0.999895 1 1 1 1
 0.999895 1 1 1 1
 0.999895 1 1 1 1
 0.999895 1 1 1 1
 0.999895 1 1 1 1
 0.999895 1 1 1 1
 0.999895 1 1 1 1
 0.999895 1 1 1 1
 0.999895 1 1 1 1
 0.999895 1 1 1 1
 0.999895 1 1 1 1
 0.999895 1 1 1 1
 0.999895 1 1 1 1
 0.999895 1 1 1 1
 0.999895 1 1 1 1
 0.999895 1 1 1 1
 0.999895 1 1 1 1
 0.999895 1 1 1 1
 0.999895 1 1 1 1
 0.999895 1 1 1 1
 0.999895 1 1 1 1
 0.999895 1 1 1 1
 0.999895 1 1 1 1
 0.999895 1 1 1 1
 0.999895 1 1 1 1
Sel_reclas
 0.609649 0.887133 0.975343 0.995002 0.999003
 0.609649 0.887133 0.975343 0.995002 0.999003
 0.609649 0.887133 0.975343 0.995002 0.999003
 0.609649 0.887133 0.975343 0.995002 0.999003
 0.609649 0.887133 0.975343 0.995002 0.999003
 0.609649 0.887133 0.975343 0.995002 0.999003
 0.609649 0.887133 0.975343 0.995002 0.999003
 0.609649 0.887133 0.975343 0.995002 0.999003
 0.609649 0.887133 0.975343 0.995002 0.999003
 0.609649 0.887133 0.975343 0.995002 0.999003
 0.609649 0.887133 0.975343 0.995002 0.999003
 0.609649 0.887133 0.975343 0.995002 0.999003
 0.609649 0.887133 0.975343 0.995002 0.999003
 0.609649 0.887133 0.975343 0.995002 0.999003
 0.609649 0.887133 0.975343 0.995002 0.999003
 0.609649 0.887133 0.975343 0.995002 0.999003
 0.609649 0.887133 0.975343 0.995002 0.999003
 0.609649 0.887133 0.975343 0.995002 0.999003
 0.609649 0.887133 0.975343 0.995002 0.999003
 0.609649 0.887133 0.975343 0.995002 0.999003
 0.609649 0.887133 0.975343 0.995002 0.999003
 0.609649 0.887133 0.975343 0.995002 0.999003
 0.609649 0.887133 0.975343 0.995002 0.999003
 0.609649 0.887133 0.975343 0.995002 0.999003
 0.609649 0.887133 0.975343 0.995002 0.999003
 0.609649 0.887133 0.975343 0.995002 0.999003
 0.609649 0.887133 0.975343 0.995002 0.999003
 0.609649 0.887133 0.975343 0.995002 0.999003
 0.609649 0.887133 0.975343 0.995002 0.999003
 0.609649 0.887133 0.975343 0.995002 0.999003
Sel_pelaces
 0.695328 0.919908 0.982994 0.996574 0.999317
 0.695328 0.919908 0.982994 0.996574 0.999317
 0.695328 0.919908 0.982994 0.996574 0.999317
 0.695328 0.919908 0.982994 0.996574 0.999317
 0.695328 0.919908 0.982994 0.996574 0.999317
 0.695328 0.919908 0.982994 0.996574 0.999317
 0.695328 0.919908 0.982994 0.996574 0.999317
 0.695328 0.919908 0.982994 0.996574 0.999317
 0.695328 0.919908 0.982994 0.996574 0.999317
 0.695328 0.919908 0.982994 0.996574 0.999317
 0.695328 0.919908 0.982994 0.996574 0.999317
 0.695328 0.919908 0.982994 0.996574 0.999317
 0.695328 0.919908 0.982994 0.996574 0.999317
 0.695328 0.919908 0.982994 0.996574 0.999317
 0.695328 0.919908 0.982994 0.996574 0.999317
 0.695328 0.919908 0.982994 0.996574 0.999317
 0.695328 0.919908 0.982994 0.996574 0.999317
 0.695328 0.919908 0.982994 0.996574 0.999317
 0.695328 0.919908 0.982994 0.996574 0.999317
 0.695328 0.919908 0.982994 0.996574 0.999317
 0.695328 0.919908 0.982994 0.996574 0.999317
 0.695328 0.919908 0.982994 0.996574 0.999317
 0.695328 0.919908 0.982994 0.996574 0.999317
 0.695328 0.919908 0.982994 0.996574 0.999317
 0.695328 0.919908 0.982994 0.996574 0.999317
 0.695328 0.919908 0.982994 0.996574 0.999317
 0.695328 0.919908 0.982994 0.996574 0.999317
 0.695328 0.919908 0.982994 0.996574 0.999317
 0.695328 0.919908 0.982994 0.996574 0.999317
 0.695328 0.919908 0.982994 0.996574 0.999317
pf_obs 
 0.8446 0.082 0.0669 0.0065 0
 0.8095 0.147 0.0364 0.0071 0
 0.9664 0.0169 0.016 0.0007 0
 0.9276 0.0648 0.0075 0.0001 0
 0.7033 0.2144 0.0806 0.0017 0
 0.9318 0.0425 0.0243 0.0014 0
 0.5671 0.3108 0.0964 0.0239 0.0018
 0.0768 0.2599 0.5324 0.112 0.0189
 0.490249 0.384438 0.106611 0.0170017 0.00170017
 0.7925 0.1577 0.0466 0.003 0.0002
 0.840416 0.127587 0.0312969 0.00059994 9.999e-05
 0.8084 0.0986 0.0794 0.0134 0.0002
 0.7335 0.1905 0.0724 0.0035 0.0001
 0.4001 0.4547 0.1325 0.0127 0
 0.49795 0.308269 0.164784 0.0264974 0.00249975
 0.9179 0.0499 0.0305 0.0017 0
 0.2467 0.6533 0.0926 0.0074 0
 0.9418 0.0223 0.034 0.0019 0
 0.707729 0.231977 0.0356964 0.0245975 0
 0.517169 0.277429 0.184464 0.0207286 0.00020938
 0.811772 0.124168 0.05621 0.00726502 0.000585176
 0.764997 0.148141 0.077277 0.00933861 0.000247198
 0.163321 0.427699 0.378323 0.0303852 0.000271297
 0.753843 0.0900009 0.118128 0.0371064 0.000921714
 0.721811 0.176058 0.0630433 0.0369309 0.00215725
 0.143369 0.312575 0.442814 0.0836902 0.0175525
 0.692698 0.0596174 0.167031 0.0765114 0.00414204
 0.394062 0.376323 0.152708 0.0712218 0.00568511
 0.125707 0.32114 0.495352 0.0537591 0.00404204
 0.23352 0.215282 0.420074 0.123614 0.00750983
pf_pred 
 0.466922 0.0906385 0.422563 0.0198743 2.67089e-06
 0.458134 0.253024 0.0491114 0.22896 0.0107701
 0.557708 0.202642 0.111905 0.0217204 0.106025
 0.854176 0.0813315 0.0295482 0.0163174 0.0186273
 0.667768 0.283789 0.0270183 0.00981591 0.0116086
 0.704381 0.197412 0.0838875 0.00798656 0.00633305
 0.461897 0.379041 0.10622 0.0451366 0.00770482
 0.417924 0.268876 0.220619 0.0618246 0.030756
 0.470962 0.221111 0.142239 0.116711 0.0489765
 0.641432 0.168882 0.0792793 0.0509997 0.0594069
 0.755669 0.156728 0.0412601 0.019369 0.0269738
 0.728096 0.205475 0.0426116 0.0112179 0.0125998
 0.709215 0.211727 0.0597437 0.0123897 0.00692519
 0.659132 0.241757 0.0721644 0.0203629 0.00658324
 0.748678 0.165662 0.0607535 0.0181349 0.00677157
 0.911514 0.0662497 0.0146575 0.00537536 0.00220368
 0.498348 0.457268 0.0332306 0.00735214 0.00380163
 0.879235 0.0601864 0.0552187 0.00401286 0.00134691
 0.670766 0.289478 0.0198134 0.018178 0.00176444
 0.644349 0.238568 0.102945 0.00704606 0.00709197
 0.757214 0.156446 0.0579166 0.0249916 0.00343225
 0.754541 0.185871 0.0383977 0.0142149 0.00697629
 0.416432 0.440338 0.108458 0.0224056 0.0123654
 0.757724 0.100898 0.106678 0.0262756 0.00842377
 0.661881 0.256208 0.0341126 0.0360668 0.0117315
 0.507086 0.326263 0.126279 0.0168133 0.0235587
 0.752025 0.125751 0.0809004 0.0313122 0.0100107
 0.700993 0.224867 0.0375974 0.0241878 0.0123548
 0.445595 0.388647 0.124658 0.0208426 0.0202578
 0.559081 0.196483 0.171353 0.0549613 0.018121
pobs_RECLAS
 0 0 0 0 0
 0 0 0 0 0
 0 0 0 0 0
 0 0 0 0 0
 0 0 0 0 0
 0 0 0 0 0
 0 0 0 0 0
 0 0 0 0 0
 0 0 0 0 0
 0 0 0 0 0
 0.991045 0.00858322 0.000360255 1.14367e-05 0
 0.934742 0.0480273 0.0164251 0.00080598 0
 0.827803 0.169806 0.00239088 0 0
 0.941827 0.0461693 0.0120037 0 0
 0.791401 0.0380133 0.147996 0.0225897 0
 0.846168 0.0940531 0.0597789 0 0
 0.134021 0.677848 0.182769 0.00536245 0
 0.80878 0.0450904 0.141981 0.00414843 0
 0.846168 0.0940531 0.0597789 0 0
 0.905697 0.0802665 0.012482 0.00150086 5.37128e-05
 0.989698 0.0102097 9.19794e-05 0 0
 0.975433 0.0193895 0.00387452 0.00125025 5.28907e-05
 0.303575 0.632131 0.0575291 0.00676475 0
 0.966965 0.00978017 0.0227588 0.000495775 0
 0.843318 0.132988 0.00938335 0.0141283 0.000182051
 0.564624 0.303363 0.111486 0.0197234 0.00080311
 0.826376 0.0876187 0.0782897 0.00655872 0.00115652
 0.89761 0.0855135 0.0140674 0.00269457 0.000114338
 0.34875 0.467042 0.161289 0.0227151 0.000203297
 0.318654 0.224769 0.449479 0.00709798 0
ppred_RECLAS
 0.357192 0.100887 0.517107 0.0248112 3.34776e-06
 0.353461 0.284036 0.0606126 0.288275 0.0136148
 0.449501 0.237637 0.144279 0.0285687 0.140015
 0.793159 0.109884 0.043891 0.0247264 0.0283402
 0.576188 0.356285 0.0372931 0.0138219 0.0164119
 0.612922 0.249939 0.116769 0.0113411 0.00902924
 0.363813 0.434392 0.133835 0.0580175 0.00994341
 0.318214 0.297877 0.268718 0.0768213 0.0383701
 0.364826 0.249214 0.176258 0.147539 0.0621624
 0.53697 0.205705 0.106167 0.069673 0.0814848
 0.671398 0.202609 0.0586422 0.0280836 0.0392673
 0.64196 0.263597 0.0601004 0.0161409 0.0182021
 0.61972 0.269187 0.0835103 0.0176675 0.00991491
 0.563196 0.300557 0.0986369 0.0283938 0.00921649
 0.663963 0.213763 0.0861887 0.0262459 0.00983961
 0.873318 0.0923538 0.0224646 0.00840454 0.00345938
 0.403502 0.538699 0.0430411 0.00971459 0.0050434
 0.826432 0.0823118 0.083027 0.00615536 0.00207434
 0.580144 0.364285 0.0274128 0.0256571 0.00250041
 0.546401 0.29435 0.139645 0.00975065 0.00985364
 0.673739 0.202534 0.0824342 0.0362882 0.00500372
 0.673076 0.241243 0.054792 0.020693 0.0101964
 0.323456 0.497645 0.134761 0.0284005 0.0157369
 0.669449 0.129703 0.150769 0.037884 0.0121942
 0.567013 0.319351 0.0467476 0.0504219 0.0164667
 0.40572 0.379818 0.161625 0.0219532 0.0308843
 0.664387 0.161645 0.114333 0.045144 0.0144908
 0.610603 0.284993 0.0523883 0.0343826 0.0176328
 0.348749 0.44258 0.156072 0.0266209 0.0259781
 0.451434 0.230838 0.221331 0.0724226 0.0239741
pobs_PELACES
 0 0 0 0 0
 0 0 0 0 0
 0 0 0 0 0
 0 0 0 0 0
 0 0 0 0 0
 0 0 0 0 0
 0 0 0 0 0
 0 0 0 0 0
 0 0 0 0 0
 0 0 0 0 0
 0 0 0 0 0
 0 0 0 0 0
 0 0 0 0 0
 0 0 0 0 0
 0 0 0 0 0
 0 0 0 0 0
 0.505614 0.472636 0.0217494 0 0
 0 0 0 0 0
 0.443492 0.261883 0.143347 0.151278 0
 0.227955 0.32914 0.350689 0.0885471 0.00366901
 0.970185 0.0296113 0.000203453 0 0
 0.997202 0.00247181 0.000326279 0 0
 0.445219 0.490057 0.0546422 0.010081 0
 0.90214 0.0892962 0.00764917 0.000914606 0
 0 0 0 0 0
 0.581667 0.319106 0.0959925 0.00289975 0.000334073
 0.762889 0.0836404 0.116647 0.0363945 0.000428098
 0.88444 0.0763242 0.0277011 0.0115352 0
 0.521256 0.241999 0.230069 0.00667565 0
 0.616807 0.101726 0.260614 0.0208532 0
ppred_PELACES
 0.385051 0.0988766 0.492582 0.0234876 3.16516e-06
 0.379923 0.277568 0.0575702 0.272104 0.0128348
 0.477718 0.229615 0.135496 0.0266628 0.130509
 0.810656 0.102107 0.03964 0.0221928 0.0254041
 0.600448 0.337562 0.0343417 0.0126489 0.0150002
 0.63765 0.236405 0.107346 0.0103611 0.00823861
 0.388407 0.421632 0.126258 0.0543927 0.0093104
 0.34305 0.291958 0.255987 0.0727268 0.0362792
 0.391765 0.243308 0.167252 0.13913 0.0585453
 0.564961 0.196769 0.0987051 0.0643734 0.0751916
 0.694652 0.190586 0.0536142 0.0255161 0.0356323
 0.665342 0.248381 0.0550418 0.0146904 0.0165455
 0.643892 0.254281 0.0766721 0.01612 0.00903502
 0.588731 0.285643 0.0911118 0.0260645 0.00844975
 0.687228 0.201155 0.0788292 0.0238556 0.00893219
 0.88433 0.0850234 0.0201011 0.00747357 0.00307229
 0.427323 0.51868 0.0402786 0.00903458 0.00468444
 0.841702 0.0762178 0.0747225 0.00550526 0.00185291
 0.604137 0.344892 0.0252251 0.0234628 0.00228367
 0.572378 0.280336 0.129264 0.0089697 0.00905298
 0.696749 0.190426 0.0753308 0.0329551 0.00453839
 0.695372 0.226595 0.0500208 0.0187737 0.00923895
 0.346415 0.484558 0.127535 0.0267105 0.0147818
 0.694044 0.122255 0.138123 0.0344905 0.0110879
 0.592251 0.303267 0.0431474 0.0462494 0.015085
 0.431514 0.367272 0.1519 0.0205041 0.0288092
 0.688674 0.152335 0.104724 0.041093 0.0131738
 0.634946 0.269436 0.0481387 0.0313972 0.0160815
 0.372913 0.430259 0.147469 0.0249972 0.0243627
 0.479479 0.222908 0.20773 0.0675497 0.0223328
pobs_pel_tallas
 0 0 0 0 0 0 0 0 0 0 0 0 0 0 0 0 0 0 0 0 0 0 0 0 0 0
 0 0 0 0 0 0 0 0 0 0 0 0 0 0 0 0 0 0 0 0 0 0 0 0 0 0
 0 0 0 0 0 0 0 0 0 0 0 0 0 0 0 0 0 0 0 0 0 0 0 0 0 0
 0 0 0 0 0 0 0 0 0 0 0 0 0 0 0 0 0 0 0 0 0 0 0 0 0 0
 0 0 0 0 0 0 0 0 0 0 0 0 0 0 0 0 0 0 0 0 0 0 0 0 0 0
 0 0 0 0 0 0 0 0 0 0 0 0 0 0 0 0 0 0 0 0 0 0 0 0 0 0
 0 0 0 0 0 0 0 0 0 0 0 0 0 0 0 0 0 0 0 0 0 0 0 0 0 0
 0 0 0 0 0 0 0 0 0 0 0 0 0 0 0 0 0 0 0 0 0 0 0 0 0 0
 0 0 0 0 0 0 0 0 0 0 0 0 0 0 0 0 0 0 0 0 0 0 0 0 0 0
 0 0 0 0 0 0 0 0 0 0 0 0 0 0 0 0 0 0 0 0 0 0 0 0 0 0
 0 0 0 0 0 0 0 0 0 0 0 0 0 0 0 0 0 0 0 0 0 0 0 0 0 0
 0 0 0 0 0 0 0 0 0 0 0 0 0 0 0 0 0 0 0 0 0 0 0 0 0 0
 0.00862536 0 0 0.000197151 0.00414017 0.0128641 0.00837892 0.0270097 0.101434 0.158115 0.152841 0.127902 0.109271 0.109419 0.0830992 0.0579132 0.0238553 0.00714673 0.00463305 0.00128148 0.00103504 0.000492878 0.000147863 0.000147863 4.92878e-05 0
 0 0 0 0 0 0 0 0 0 0 0 0 0 0 0 0 0 0 0 0 0 0 0 0 0 0
 0 0 0 0 0 0 0 0.0054083 0.00873648 0.0413646 0.0450493 0.0745869 0.0622846 0.0627006 0.0613931 0.0827291 0.12552 0.122667 0.0946155 0.0697135 0.0546179 0.0294188 0.0215738 0.0213955 0.0102223 0.00600262
 0 0 0 0 0.00359764 0.0251062 0.0480494 0.140153 0.205849 0.193036 0.1447 0.116669 0.0760912 0.0342217 0.00950174 0.001854 0.000860785 0 0 0 0.000165536 0 0.000143464 0 0 0
 0 0 0 0 0 0 0 0.000145254 0.000435761 0.0275982 0.070085 0.0708112 0.156366 0.174668 0.174014 0.160142 0.0824315 0.0480064 0.0283245 0.00493863 0.00203355 0 0 0 0 0
 0 0 0 0 0 0 0 0 0 0 0 0 0 0 0 0 0 0 0 0 0 0 0 0 0 0
 0 0 1.00437e-05 0.000401748 0.00122533 0.00171747 0.00176769 0.0269171 0.070346 0.194647 0.189555 0.159765 0.064822 0.0314167 0.0384472 0.0292271 0.0345202 0.0313363 0.0194345 0.0106764 0.0143323 0.0359363 0.0279516 0.0138201 0.00172751 0
 0 0.0021121 0.0136068 0.0755702 0.200478 0.177729 0.0527432 0.0373336 0.0318909 0.0142505 0.0149659 0.0166563 0.0217959 0.0798694 0.0677717 0.0528807 0.04013 0.0224614 0.0357745 0.0225083 0.00881397 0.00855152 0.00135912 0.000746735 0 0
 0 0 0 0 5.4009e-05 0.00500934 0.000945158 0.0243581 0.138947 0.33067 0.221406 0.137944 0.0707744 0.0437923 0.0131692 0.00525238 0.0047753 0.00276346 9.45158e-05 9.00151e-06 2.25038e-05 9.00151e-06 4.50075e-06 0 0 0
 0.000866109 0.00284123 0.00948549 0.0512746 0.133035 0.25785 0.225252 0.132002 0.0553304 0.0519788 0.0540692 0.017754 0.00435017 0.00159236 0.00146478 0.000404838 0.000125132 0.000115318 0.000107957 0.000100596 0 0 0 0 0 0
 0 0 0 0 0.00144013 0.00171154 0.00461396 0.0210425 0.0478622 0.0707936 0.0888783 0.103762 0.0637923 0.0337046 0.0602308 0.124433 0.169614 0.0934646 0.0462172 0.0250306 0.0313229 0.00938855 0.002487 0.000210481 0 0
 0 0.00764035 0.051015 0.0998891 0.058973 0.0496711 0.0374665 0.0718981 0.12319 0.153886 0.159021 0.0857701 0.0377988 0.023471 0.0147837 0.00900784 0.00315554 0.000888139 0.00291439 0.00214683 0.00393193 0.00274676 0.000635225 9.99891e-05 0 0
 0 0 0 0 0 0 0 0 0 0 0 0 0 0 0 0 0 0 0 0 0 0 0 0 0 0
 0 0 0 0 0 0 0 0 0 0 0 0 0 0 0 0 0 0 0 0 0 0 0 0 0 0
 0 0 0 0 0 0 0 0 0 0 0 0 0 0 0 0 0 0 0 0 0 0 0 0 0 0
 0 0 0 0 0 0 0 0 0 0 0 0 0 0 0 0 0 0 0 0 0 0 0 0 0 0
 0 0 0 0 0 0 0 0 0 0 0 0 0 0 0 0 0 0 0 0 0 0 0 0 0 0
 0 0 0 0 0 0 0 0 0 0 0 0 0 0 0 0 0 0 0 0 0 0 0 0 0 0
ppred_pel_tallas
 1.16597e-16 3.17161e-05 0.000308292 0.00204871 0.00931315 0.0289767 0.0617383 0.090111 0.0901213 0.0617889 0.0291486 0.00981917 0.00335463 0.00327714 0.00601505 0.0107911 0.0176249 0.0264873 0.0372018 0.0494207 0.0623668 0.0744692 0.0833704 0.0866386 0.0829046 0.0726718
 1.31193e-16 3.12938e-05 0.000304187 0.00202143 0.00918915 0.028591 0.0609171 0.0889159 0.0889428 0.0610485 0.0290326 0.0104665 0.00523524 0.00734624 0.0134876 0.0224794 0.0329665 0.0428059 0.0499651 0.0538366 0.0557235 0.0579203 0.0620286 0.0677914 0.073217 0.0757362
 1.28729e-16 3.9349e-05 0.000382487 0.00254176 0.0115545 0.0359504 0.076597 0.1118 0.111823 0.0767061 0.0363175 0.0126174 0.00521971 0.00626161 0.0113042 0.0188927 0.0278561 0.0364344 0.0429062 0.0466281 0.0484449 0.0500194 0.0525983 0.0561807 0.0596085 0.0613159
 1.07695e-16 6.67727e-05 0.000649055 0.0043132 0.0196072 0.0610052 0.129978 0.189709 0.189719 0.130027 0.0611678 0.0200773 0.00549589 0.00323978 0.0050138 0.00825532 0.0120606 0.0155497 0.0178881 0.018736 0.018453 0.017823 0.0175114 0.0176818 0.0180064 0.0179647
 1.04885e-16 4.94581e-05 0.000480751 0.00319476 0.0145229 0.0451864 0.0962756 0.140524 0.140556 0.0964345 0.0457198 0.0160634 0.00706085 0.00891791 0.0160659 0.0264639 0.0380776 0.0478069 0.0525331 0.0508403 0.0438737 0.0345803 0.0259566 0.019655 0.0157506 0.0134091
 1.05592e-16 5.25224e-05 0.000510537 0.0033927 0.0154227 0.0479859 0.10224 0.149227 0.14925 0.102352 0.0483622 0.016511 0.00612992 0.00650441 0.0114901 0.0190533 0.02777 0.0356048 0.0404937 0.0414492 0.0390743 0.0350099 0.030801 0.0271166 0.0237933 0.0204034
 1.10782e-16 3.19927e-05 0.00031098 0.00206657 0.00939437 0.0292296 0.0622782 0.0909054 0.0909462 0.0624774 0.0298988 0.0113289 0.00692829 0.0109439 0.0202844 0.0336384 0.0488215 0.0621765 0.0699885 0.0705552 0.0651509 0.0570225 0.0492643 0.0432693 0.0386819 0.034406
 1.20895e-16 2.82566e-05 0.000274664 0.00182524 0.00829731 0.0258162 0.0550051 0.0802875 0.080316 0.0551445 0.0262854 0.00965727 0.00525666 0.0078245 0.014541 0.024453 0.0363029 0.0479358 0.0571416 0.062896 0.0658168 0.0673617 0.0684699 0.0688357 0.0673117 0.0629154
 1.2875e-16 3.22692e-05 0.000313668 0.00208444 0.00947555 0.0294821 0.0628156 0.0916862 0.0917099 0.0629316 0.0298724 0.0106064 0.0049365 0.00658554 0.012081 0.0202898 0.0301135 0.0397997 0.0476321 0.0529841 0.0566782 0.0602183 0.0644894 0.0689862 0.0720987 0.0720969
 1.2208e-16 4.65351e-05 0.000452338 0.00300595 0.0136646 0.0425158 0.090585 0.132215 0.132235 0.0906785 0.04283 0.0145741 0.00529649 0.00547828 0.00966907 0.0161202 0.0237252 0.0309502 0.0363094 0.0392548 0.0405279 0.0415768 0.0434803 0.0462231 0.0487824 0.0498033
 1.10185e-16 5.72176e-05 0.000556175 0.00369598 0.0168014 0.0522755 0.111379 0.162565 0.162583 0.111469 0.052578 0.017676 0.00589414 0.00536453 0.00921862 0.0152294 0.0221271 0.0282527 0.0319737 0.0325937 0.0307766 0.0280653 0.0258776 0.0247616 0.0243553 0.0238727
 1.05926e-16 5.48034e-05 0.000532708 0.00354003 0.0160925 0.0500699 0.10668 0.155708 0.155732 0.106797 0.0504634 0.0172296 0.00639614 0.0067737 0.0119257 0.0196771 0.0284557 0.0360322 0.0401739 0.0398648 0.0359002 0.0303092 0.0250862 0.0212264 0.0186305 0.0166489
 1.05424e-16 5.30366e-05 0.000515535 0.00342591 0.0155737 0.0484557 0.103241 0.150688 0.150713 0.103361 0.0488592 0.01674 0.00635677 0.00692449 0.0122568 0.0202628 0.0293809 0.037361 0.0419362 0.0420522 0.0384575 0.0331127 0.0279229 0.0238067 0.0206518 0.0178911
 1.06747e-16 4.84931e-05 0.00047137 0.00313242 0.0142395 0.0443046 0.0943967 0.137781 0.137808 0.0945317 0.0447581 0.0155505 0.00642719 0.00767784 0.0137761 0.0228063 0.0331036 0.0421673 0.0474705 0.0478424 0.0441209 0.0384808 0.0330091 0.0286697 0.0252744 0.0221514
 1.06231e-16 5.66061e-05 0.000550231 0.00365648 0.0166218 0.0517168 0.110189 0.160828 0.160847 0.110284 0.0520367 0.0175469 0.00598262 0.00564221 0.00976854 0.0161686 0.0235426 0.0301483 0.0342416 0.0350176 0.0330482 0.0297969 0.0266227 0.0240789 0.0219339 0.0196734
 1.01872e-16 7.28411e-05 0.000708041 0.00470518 0.0213891 0.0665494 0.141791 0.20695 0.206958 0.141831 0.0666842 0.0217785 0.0056834 0.00284594 0.0041404 0.00674899 0.00976115 0.0123733 0.0138201 0.0137527 0.0124382 0.01056 0.00878657 0.0074456 0.00649811 0.00572884
 1.02994e-16 3.51981e-05 0.000342138 0.00227363 0.0103356 0.0321582 0.0685184 0.100015 0.100065 0.0687623 0.0329773 0.0127007 0.00820765 0.0132874 0.0245949 0.0405373 0.0582339 0.0728978 0.0796715 0.0763143 0.0645526 0.0489431 0.0341997 0.0230484 0.0158346 0.0114932
 1.03042e-16 6.93299e-05 0.000673911 0.00447838 0.020358 0.0633415 0.134956 0.196974 0.196981 0.134992 0.0634641 0.0207135 0.00537532 0.00264779 0.00386445 0.00639963 0.00949246 0.0125193 0.0148731 0.016241 0.0167247 0.0166501 0.0162451 0.0154814 0.0141896 0.0122939
 1.03556e-16 4.9762e-05 0.000483705 0.00321439 0.0146122 0.045464 0.0968672 0.141387 0.141421 0.0970294 0.0460088 0.0161851 0.00716119 0.00909479 0.0163899 0.0269818 0.0387834 0.0486101 0.053259 0.0512751 0.0438366 0.0339809 0.0248082 0.0180465 0.0138034 0.0112465
 1.06234e-16 4.71461e-05 0.000458277 0.00304541 0.013844 0.043074 0.0917747 0.133954 0.133981 0.0919075 0.0435202 0.0151346 0.00629165 0.00756694 0.0136124 0.0225975 0.0329383 0.0422315 0.0480263 0.0491432 0.0462852 0.0413868 0.0362755 0.0317539 0.0276524 0.0234981
 1.06296e-16 5.73904e-05 0.000557855 0.00370714 0.0168521 0.0524334 0.111716 0.163056 0.163074 0.111806 0.0527363 0.0177281 0.00591021 0.00538125 0.00925954 0.0153271 0.022334 0.0286388 0.0326041 0.0334808 0.0318159 0.028985 0.0262433 0.0240657 0.022178 0.0200526
 1.04948e-16 5.72769e-05 0.000556752 0.00369981 0.0168188 0.0523297 0.111495 0.162735 0.162756 0.111602 0.0526888 0.0178562 0.00630552 0.00625066 0.0108879 0.0179539 0.0259646 0.032881 0.0366656 0.0363896 0.0327732 0.0276581 0.0228515 0.0192509 0.0167637 0.0148088
 1.08985e-16 2.85339e-05 0.00027736 0.00184315 0.00837874 0.0260696 0.0555458 0.0810805 0.0811273 0.0557745 0.0268379 0.010599 0.00742109 0.0124698 0.0232304 0.0384807 0.0557149 0.0706619 0.0789673 0.0786069 0.0710381 0.0600857 0.0495131 0.0412089 0.0350537 0.0299852
 1.09353e-16 5.71675e-05 0.000555689 0.00369275 0.0167867 0.0522297 0.111281 0.162421 0.162433 0.11134 0.0524272 0.0173597 0.00514079 0.00374914 0.00621739 0.0104381 0.0156177 0.0208745 0.0253262 0.0285452 0.0307141 0.0322803 0.0334229 0.0338233 0.0329157 0.0303502
 1.08514e-16 4.8783e-05 0.000474188 0.00315115 0.0143247 0.0445696 0.0949613 0.138605 0.138634 0.0951042 0.0450495 0.0157111 0.00663218 0.00807691 0.0144992 0.0239257 0.0345459 0.0436408 0.0484944 0.0479128 0.0429571 0.0362184 0.0302184 0.0261727 0.0238428 0.0222293
 1.1141e-16 3.55433e-05 0.000345494 0.00229593 0.010437 0.0324735 0.0691896 0.100992 0.101027 0.0693635 0.0330577 0.0121264 0.0065444 0.00964622 0.0177766 0.0295348 0.043018 0.0550968 0.0625807 0.0639804 0.0603146 0.0542372 0.0482344 0.0433593 0.0392604 0.0350726
 1.09412e-16 5.67252e-05 0.000551389 0.00366418 0.0166568 0.0518256 0.110421 0.161165 0.16118 0.110493 0.0520695 0.0173632 0.0054443 0.00446115 0.00755235 0.0125813 0.018557 0.0242674 0.0285108 0.030744 0.031348 0.0312181 0.0310269 0.030784 0.0299799 0.0280787
 1.07329e-16 5.22997e-05 0.000508372 0.00337831 0.0153573 0.0477825 0.101807 0.148595 0.148621 0.101934 0.0482091 0.0165899 0.00647375 0.00727069 0.0129103 0.021302 0.0307836 0.0389403 0.0433591 0.0429656 0.0386703 0.0327303 0.0273458 0.0235846 0.021265 0.0195641
 1.10996e-16 3.07164e-05 0.000298574 0.00198413 0.00901961 0.0280636 0.059794 0.0872798 0.0873214 0.0599974 0.0287469 0.0109952 0.00694993 0.0111619 0.0207298 0.0343992 0.0499667 0.0637109 0.0718364 0.0725768 0.0671756 0.0588776 0.050795 0.0443628 0.0393028 0.0346235
 1.16606e-16 3.94941e-05 0.000383897 0.00255113 0.0115971 0.0360829 0.0768793 0.112212 0.112234 0.0769859 0.0364416 0.012637 0.0051762 0.00616321 0.0111594 0.0187651 0.027921 0.0369996 0.044344 0.0491862 0.0519754 0.0537537 0.0551265 0.0557389 0.0546266 0.0510198
pSPR Fmed_Fpbrs
0.752455   0.172691 0.172691
Fs Fmed_Fpbrs
0.134117   1.005 1.005
SSBpbr Bo_Bmed_Bpbrs
2.61789e+06  1.83895e+06  321193 321193
Ro
256002
SPR SPRFo_SPRFmed_SPRFpbrs
1.82232e+06 1.37122e+06 314700
Fref
1.005
log_Ro
12.2729
likeval ReclasPelacesDesembMPH_pf_preclas_ppelaces_ptallas_desvR_qrecl_qpela
 31.5313 17.8982 0.269459 0.00350734 232.521 116.106 77.629 0 18.0527 0 0 1.36141 0 0 0
q_reclas_q_pelaces
1 1
M
1
N
 280440 54433.3 253772 11935.6 1.60401
 172762 95405.6 18518 86332.3 4061
 152464 55392 30589.1 5937.27 28982
 517048 49226.5 17884.3 9876.24 11274.3
 391125 166204 15823.5 5748.77 6798.68
 493572 138316 58775.5 5595.75 4437.23
 203624 167082 46821.7 19896.2 3396.28
 97339.7 62618 51379.5 14398.2 7162.71
 74150.1 34809.2 22392.4 18373.5 7710.28
 91955 24208.4 11364.3 7310.55 8515.68
 138010 28620.7 7534.66 3537.04 4925.78
 170716 48173 9990.15 2630 2953.97
 157692 47072.4 13282.6 2754.56 1539.65
 120450 44174.8 13186.2 3720.79 1202.92
 133368 29507.8 10821.5 3230.21 1206.16
 530075 38522.7 8522.99 3125.66 1281.39
 165386 151738 11027.2 2439.71 1261.52
 753864 51599.3 47340.4 3440.33 1154.74
 535945 231272 15829.5 14522.9 1409.66
 408035 151059 65183.5 4461.5 4490.56
 579394 119695 44311.4 19120.8 2625.98
 730119 179838 37151.4 13753.5 6749.85
 203021 214654 52870.7 10922.2 6027.83
 492616 65589.8 69347.3 17080.7 5475.97
 420245 162656 21656.8 22897.4 7447.88
 214360 137907 53376.4 7106.77 9957.95
 431243 72103.8 46387 17953.9 5739.97
 445873 143014 23911.7 15383.3 7857.6
 171729 149767 48037.4 8031.77 7806.43
 163378 57411.8 50069 16059.5 5294.92
pred_Ctot
 13423.9 2605.83 12148.6 571.381 0.0767874
 14185.8 7834.71 1520.7 7089.61 333.489
 11917.1 4330.06 2391.18 464.124 2265.56
 41709.4 3971.42 1442.84 796.779 909.571
 9602.77 4081 388.534 141.157 166.936
 25073.8 7027.29 2986.15 284.298 225.438
 21430.8 17586.5 4928.3 2094.21 357.482
 1722.45 1108.15 909.265 254.806 126.759
 5326.7 2500.82 1608.76 1320.02 553.936
 9071.08 2388.32 1121.16 721.234 840.128
 4483.27 929.845 244.79 114.913 160.031
 27670.2 7808.78 1619.39 426.319 478.835
 24308.6 7256.99 2047.73 424.661 237.363
 26287.2 9641.64 2878.03 812.105 262.55
 18471.9 4087.33 1498.95 447.438 167.073
 75875.7 5514.72 1220.11 447.453 183.438
 16097 14770.1 1073.37 237.479 122.795
 80322.9 5498.36 5044.53 366.597 123.047
 80955.4 34937.4 2391.29 2193.92 212.951
 53230 19708.2 8504.31 582.079 585.871
 58034.3 11990.3 4438.83 1915.4 263.054
 94395.5 23253 4803.68 1778.33 872.757
 15798.5 16705.4 4114.65 850.017 469.114
 32186.5 4285.93 4531.46 1116.13 357.824
 28951.8 11207 1492.14 1577.63 513.156
 11692 7522.69 2911.63 387.668 543.197
 27087.2 4529.44 2913.95 1127.84 360.575
 24687.1 7919.24 1324.08 851.83 435.104
 9981.39 8705.76 2792.36 466.877 453.779
 11455.8 4026.01 3511.09 1126.18 371.307
F
 0.0782228 0.0782311 0.0782311 0.0782311 0.0782311
 0.13748 0.137495 0.137495 0.137495 0.137495
 0.130498 0.130511 0.130511 0.130511 0.130511
 0.134923 0.134937 0.134937 0.134937 0.134937
 0.0394842 0.0394883 0.0394883 0.0394883 0.0394883
 0.0831867 0.0831954 0.0831954 0.0831954 0.0831954
 0.179224 0.179242 0.179242 0.179242 0.179242
 0.0283259 0.0283289 0.0283289 0.0283289 0.0283289
 0.119392 0.119405 0.119405 0.119405 0.119405
 0.167168 0.167186 0.167186 0.167186 0.167186
 0.0525259 0.0525314 0.0525314 0.0525314 0.0525314
 0.288312 0.288343 0.288343 0.288343 0.288343
 0.272491 0.272519 0.272519 0.272519 0.272519
 0.406578 0.406621 0.406621 0.406621 0.406621
 0.241864 0.241889 0.241889 0.241889 0.241889
 0.250861 0.250887 0.250887 0.250887 0.250887
 0.164776 0.164793 0.164793 0.164793 0.164793
 0.181616 0.181635 0.181635 0.181635 0.181635
 0.266361 0.266389 0.266389 0.266389 0.266389
 0.226405 0.226429 0.226429 0.226429 0.226429
 0.169928 0.169946 0.169946 0.169946 0.169946
 0.22418 0.224204 0.224204 0.224204 0.224204
 0.129887 0.129901 0.129901 0.129901 0.129901
 0.108091 0.108102 0.108102 0.108102 0.108102
 0.11426 0.114272 0.114272 0.114272 0.114272
 0.0895495 0.0895589 0.0895589 0.0895589 0.0895589
 0.103726 0.103737 0.103737 0.103737 0.103737
 0.0909558 0.0909654 0.0909654 0.0909654 0.0909654
 0.0956662 0.0956763 0.0956763 0.0956763 0.0956763
 0.116393 0.116406 0.116406 0.116406 0.116406
nmprior
 8 8 7 0
nm_flota  nm_reclas  nm_pelaces    nm_pelaL
inf 9.51265 11.7366 19.2066
cv_recla  cv_pelaces  cv_mph
0.519873 0.497817 1.82766
 ------------------------------------------------
Talla a la edad & desviación 
 8 13.2811 15.8009 17.003 17.5766
 0.8 1.32811 1.58009 1.7003 1.75766
