years
 1991 1992 1993 1994 1995 1996 1997 1998 1999 2000 2001 2002 2003 2004 2005 2006 2007 2008 2009 2010 2011 2012 2013 2014 2015 2016 2017 2018 2019 2020
reclasobs
 0 0 0 0 0 0 0 0 0 252601 567819 844713 477998 351125 339783 2.1784e+06 2.13404e+06 4.81314e+06 1.55562e+06 2.62356e+06 3.21686e+06 3.843e+06 1.13348e+06 3.07943e+06 1.97215e+06 2.03268e+06 2.025e+06 2.42433e+06 2.27542e+06 1.05018e+06
reclaspred
 1.5776e+06 1.1996e+06 601690 321789 227433 580888 462574 295108 194734 211275 286804 381327 415100 298811 338488 857079 1.40172e+06 1.97115e+06 1.98359e+06 1.5766e+06 2.52339e+06 2.02743e+06 1.72504e+06 2.12591e+06 1.93341e+06 1.62378e+06 1.74725e+06 1.84612e+06 1.89155e+06 935753
pelacesobs
 0 0 0 0 0 0 0 0 0 0 0 0 0 0 0 552880 188675 0 991730 2.46772e+06 1.41603e+06 1.21717e+06 2.29649e+06 1.80582e+06 0 1.4828e+06 1.56532e+06 1.57751e+06 1.42118e+06 867257
pelacespred
 643203 537612 281682 122958 91020.4 255232 163638 135639 81713.1 90097.4 137913 143506 178065 126540 161261 349014 569694 858745 964131 733093 1.03477e+06 970336 789854 1.06666e+06 978274 783344 969722 1.03435e+06 863615 490952
mphobs
 0 0 0 0 0 0 0 0 0 0 0 498337 0 5186 125008 0 168611 109162 213762 579715 649985 157893 87575 83554 0 0 0 0 0 0
mphpred
 1.15751e+06 1.26219e+06 688738 292860 218316 138448 555965 250094 167542 126444 159731 290193 265942 277187 161482 291560 995617 1.20017e+06 1.46541e+06 1.52188e+06 1.43425e+06 1.77576e+06 1.642e+06 1.15554e+06 1.82765e+06 1.463e+06 1.06053e+06 1.39739e+06 1.80324e+06 1.08551e+06
desembarqueobs
 494567 514787 250237 358949 120608 361735 552515 73892 212993 205616 52469 317467 293654 387597 252695 516296 358380 742168 942051 627588 828172 859565 418607 520667 417249 300574 407403 355545 319650 289779
desembarquepred
 494108 513075 250994 358674 120676 361723 551746 73786.3 213113 205370 52390.7 318160 294369 387480 251906 515648 358842 742324 942642 628513 827109 860116 418179 520403 417546 300669 407890 355606 319669 289531
Reclutas
 338385 78467.4 32108.5 99871.5 23283.7 274385 54176.1 14313.5 34962.2 78975.3 91727.6 108189 138112 68842 98944.4 474682 168380 483641 604381 248781 465072 589187 67892.3 392833 289601 96671.4 365438 320457 56600 35208.5
log_desv_Rt
 0.951939 -0.509561 -1.40313 -0.26836 -1.72449 0.742287 -0.880004 -2.21104 -1.31798 -0.503109 -0.353421 -0.188363 0.0558201 -0.64043 -0.277687 1.2904 0.253979 1.3091 1.53196 0.644327 1.26995 1.5065 -0.654322 1.10114 0.796261 -0.300928 1.02885 0.897504 -0.836235 -1.31096
SSB
 1.15751e+06 1.26219e+06 688738 292860 218316 138448 555965 250094 167542 126444 159731 290193 265942 277187 161482 291560 995617 1.20017e+06 1.46541e+06 1.52188e+06 1.43425e+06 1.77576e+06 1.642e+06 1.15554e+06 1.82765e+06 1.463e+06 1.06053e+06 1.39739e+06 1.80324e+06 1.08551e+06
BT
 2.23585e+06 1.80552e+06 911091 711351 335136 1.38549e+06 909079 437859 481141 525950 513763 719275 884724 822684 874264 1.79812e+06 1.90466e+06 3.4729e+06 4.08157e+06 2.56676e+06 4.04675e+06 3.69257e+06 2.34476e+06 4.23555e+06 3.02677e+06 2.34567e+06 3.8108e+06 3.67528e+06 2.34078e+06 1.50673e+06
Ftot
 0.293818 0.395544 0.385896 0.975838 0.486325 0.577568 1.02108 0.235215 0.964327 0.870564 0.173316 0.748783 0.646312 1.11771 0.681622 0.557644 0.240988 0.351864 0.44084 0.370614 0.307201 0.394372 0.228034 0.231249 0.203865 0.175128 0.220706 0.182484 0.159936 0.289293
BD_Bspro_t
 0.954077 0.760567 0.558467 0.388525 0.329749 0.30242 0.528246 0.294978 0.281301 0.269959 0.376934 0.589859 0.450516 0.410746 0.284061 0.412742 0.60586 0.627873 0.629601 0.602559 0.5428 0.591661 0.604989 0.564857 0.696658 0.699144 0.681686 0.753409 0.787445 0.692546
BD_Bspro
 1.24495 1.35754 0.740769 0.314984 0.234809 0.148907 0.597966 0.268988 0.180199 0.135997 0.171798 0.312116 0.286033 0.298128 0.173681 0.313586 1.07083 1.29084 1.57612 1.63685 1.5426 1.90991 1.76605 1.24283 1.96572 1.57353 1.14064 1.50296 1.93947 1.16752
BD_Bo
 0.6807 0.74226 0.405028 0.172223 0.128386 0.0814177 0.326948 0.147074 0.0985268 0.0743585 0.0939335 0.170655 0.156394 0.163007 0.0949633 0.171458 0.585496 0.705787 0.861771 0.894976 0.843445 1.04428 0.965617 0.67954 1.07479 0.860354 0.623667 0.82177 1.06044 0.638361
BD_Brms
 2.89164 3.15315 1.72058 0.731611 0.545387 0.345866 1.38889 0.624774 0.418546 0.315878 0.399033 0.72495 0.664367 0.692458 0.403408 0.728362 2.48721 2.99821 3.66084 3.80189 3.58299 4.43614 4.10198 2.88671 4.56577 3.65482 2.64936 3.49091 4.50479 2.71178
Sel_flota
 0.5 1 1 1 1
 0.5 1 1 1 1
 0.5 1 1 1 1
 0.5 1 1 1 1
 0.5 1 1 1 1
 0.5 1 1 1 1
 0.5 1 1 1 1
 0.5 1 1 1 1
 0.5 1 1 1 1
 0.5 1 1 1 1
 0.5 1 1 1 1
 0.5 1 1 1 1
 0.5 1 1 1 1
 0.5 1 1 1 1
 0.5 1 1 1 1
 0.5 1 1 1 1
 0.5 1 1 1 1
 0.5 1 1 1 1
 0.5 1 1 1 1
 0.5 1 1 1 1
 0.5 1 1 1 1
 0.5 1 1 1 1
 0.5 1 1 1 1
 0.5 1 1 1 1
 0.5 1 1 1 1
 0.5 1 1 1 1
 0.5 1 1 1 1
 0.5 1 1 1 1
 0.5 1 1 1 1
 0.5 1 1 1 1
Sel_reclas
 0.5 1 1 1 1
 0.5 1 1 1 1
 0.5 1 1 1 1
 0.5 1 1 1 1
 0.5 1 1 1 1
 0.5 1 1 1 1
 0.5 1 1 1 1
 0.5 1 1 1 1
 0.5 1 1 1 1
 0.5 1 1 1 1
 0.5 1 1 1 1
 0.5 1 1 1 1
 0.5 1 1 1 1
 0.5 1 1 1 1
 0.5 1 1 1 1
 0.5 1 1 1 1
 0.5 1 1 1 1
 0.5 1 1 1 1
 0.5 1 1 1 1
 0.5 1 1 1 1
 0.5 1 1 1 1
 0.5 1 1 1 1
 0.5 1 1 1 1
 0.5 1 1 1 1
 0.5 1 1 1 1
 0.5 1 1 1 1
 0.5 1 1 1 1
 0.5 1 1 1 1
 0.5 1 1 1 1
 0.5 1 1 1 1
Sel_pelaces
 0.5 1 1 1 1
 0.5 1 1 1 1
 0.5 1 1 1 1
 0.5 1 1 1 1
 0.5 1 1 1 1
 0.5 1 1 1 1
 0.5 1 1 1 1
 0.5 1 1 1 1
 0.5 1 1 1 1
 0.5 1 1 1 1
 0.5 1 1 1 1
 0.5 1 1 1 1
 0.5 1 1 1 1
 0.5 1 1 1 1
 0.5 1 1 1 1
 0.5 1 1 1 1
 0.5 1 1 1 1
 0.5 1 1 1 1
 0.5 1 1 1 1
 0.5 1 1 1 1
 0.5 1 1 1 1
 0.5 1 1 1 1
 0.5 1 1 1 1
 0.5 1 1 1 1
 0.5 1 1 1 1
 0.5 1 1 1 1
 0.5 1 1 1 1
 0.5 1 1 1 1
 0.5 1 1 1 1
 0.5 1 1 1 1
pf_obs 
 0.8446 0.082 0.0669 0.0065 0
 0.8095 0.147 0.0364 0.0071 0
 0.9664 0.0169 0.016 0.0007 0
 0.9276 0.0648 0.0075 0.0001 0
 0.7033 0.2144 0.0806 0.0017 0
 0.9318 0.0425 0.0243 0.0014 0
 0.5671 0.3108 0.0964 0.0239 0.0018
 0.0768 0.2599 0.5324 0.112 0.0189
 0.490249 0.384438 0.106611 0.0170017 0.00170017
 0.7925 0.1577 0.0466 0.003 0.0002
 0.840416 0.127587 0.0312969 0.00059994 9.999e-05
 0.8084 0.0986 0.0794 0.0134 0.0002
 0.7335 0.1905 0.0724 0.0035 0.0001
 0.4001 0.4547 0.1325 0.0127 0
 0.49795 0.308269 0.164784 0.0264974 0.00249975
 0.9179 0.0499 0.0305 0.0017 0
 0.2467 0.6533 0.0926 0.0074 0
 0.9418 0.0223 0.034 0.0019 0
 0.707729 0.231977 0.0356964 0.0245975 0
 0.517169 0.277429 0.184464 0.0207286 0.00020938
 0.811772 0.124168 0.05621 0.00726502 0.000585176
 0.764997 0.148141 0.077277 0.00933861 0.000247198
 0.163321 0.427699 0.378323 0.0303852 0.000271297
 0.753843 0.0900009 0.118128 0.0371064 0.000921714
 0.721811 0.176058 0.0630433 0.0369309 0.00215725
 0.143369 0.312575 0.442814 0.0836902 0.0175525
 0.692698 0.0596174 0.167031 0.0765114 0.00414204
 0.394062 0.376323 0.152708 0.0712218 0.00568511
 0.125707 0.32114 0.495352 0.0537591 0.00404204
 0.23352 0.215282 0.420074 0.123614 0.00750983
pf_pred 
 0.663513 0.2127 0.078248 0.0287858 0.0167527
 0.242607 0.61467 0.0902187 0.0331896 0.0193156
 0.23473 0.320883 0.360646 0.0529341 0.0308064
 0.714044 0.116687 0.0709758 0.0797709 0.0185225
 0.331036 0.583376 0.0349249 0.0212434 0.0294196
 0.924235 0.0404932 0.030759 0.00184145 0.00267125
 0.293893 0.682682 0.0125197 0.00951009 0.00139524
 0.251586 0.400973 0.335915 0.00616035 0.005366
 0.650831 0.146296 0.108692 0.0910568 0.00312445
 0.829782 0.142166 0.0117536 0.00873245 0.00756664
 0.701015 0.277375 0.0180484 0.00149216 0.00206922
 0.625853 0.311119 0.058472 0.00380469 0.000750757
 0.697646 0.244516 0.0480947 0.00903896 0.000704209
 0.492207 0.431288 0.0618705 0.0121696 0.00246534
 0.74082 0.190615 0.0582355 0.00835419 0.00197611
 0.899428 0.0881013 0.0091713 0.00280196 0.000497035
 0.389808 0.582741 0.0240473 0.00250331 0.000900463
 0.732073 0.155012 0.107835 0.00444992 0.000629863
 0.654696 0.296504 0.0282337 0.019641 0.000925226
 0.378842 0.504739 0.0999658 0.00951893 0.00693387
 0.652339 0.200607 0.119493 0.023666 0.00389506
 0.635838 0.292968 0.0410806 0.0244698 0.00564399
 0.137393 0.687798 0.140633 0.0197199 0.0144556
 0.701331 0.075936 0.177595 0.0363128 0.00882441
 0.494424 0.42175 0.0213128 0.0498454 0.0126686
 0.260074 0.499532 0.200536 0.0101339 0.0297245
 0.71386 0.121729 0.110995 0.0445589 0.0088565
 0.537681 0.389262 0.0310797 0.0283392 0.013638
 0.161836 0.59559 0.204242 0.0163072 0.0220251
 0.218568 0.225201 0.395251 0.135541 0.0254385
pobs_RECLAS
 0 0 0 0 0
 0 0 0 0 0
 0 0 0 0 0
 0 0 0 0 0
 0 0 0 0 0
 0 0 0 0 0
 0 0 0 0 0
 0 0 0 0 0
 0 0 0 0 0
 0 0 0 0 0
 0.991045 0.00858322 0.000360255 1.14367e-05 0
 0.934742 0.0480273 0.0164251 0.00080598 0
 0.827803 0.169806 0.00239088 0 0
 0.941827 0.0461693 0.0120037 0 0
 0.791401 0.0380133 0.147996 0.0225897 0
 0.846168 0.0940531 0.0597789 0 0
 0.134021 0.677848 0.182769 0.00536245 0
 0.80878 0.0450904 0.141981 0.00414843 0
 0.846168 0.0940531 0.0597789 0 0
 0.905697 0.0802665 0.012482 0.00150086 5.37128e-05
 0.989698 0.0102097 9.19794e-05 0 0
 0.975433 0.0193895 0.00387452 0.00125025 5.28907e-05
 0.303575 0.632131 0.0575291 0.00676475 0
 0.966965 0.00978017 0.0227588 0.000495775 0
 0.843318 0.132988 0.00938335 0.0141283 0.000182051
 0.564624 0.303363 0.111486 0.0197234 0.00080311
 0.826376 0.0876187 0.0782897 0.00655872 0.00115652
 0.89761 0.0855135 0.0140674 0.00269457 0.000114338
 0.34875 0.467042 0.161289 0.0227151 0.000203297
 0.318654 0.224769 0.449479 0.00709798 0
ppred_RECLAS
 0.666761 0.210647 0.0774928 0.028508 0.016591
 0.246447 0.611553 0.0897612 0.0330213 0.0192176
 0.238374 0.319356 0.358929 0.0526821 0.0306598
 0.727541 0.111179 0.0676258 0.0760057 0.0176482
 0.337003 0.578172 0.0346134 0.0210539 0.0291572
 0.926538 0.0392624 0.0298242 0.00178548 0.00259006
 0.308931 0.668143 0.0122531 0.00930756 0.00136552
 0.253714 0.399832 0.33496 0.00614283 0.00535074
 0.665673 0.140077 0.104072 0.0871863 0.00299164
 0.83773 0.135527 0.0112047 0.00832468 0.00721331
 0.702688 0.275823 0.0179474 0.00148381 0.00205765
 0.636752 0.302057 0.0567688 0.00369387 0.000728888
 0.70572 0.237986 0.0468104 0.00879759 0.000685404
 0.512469 0.414078 0.0594018 0.011684 0.00236697
 0.74868 0.184834 0.0564692 0.00810082 0.00191617
 0.902276 0.0856064 0.00891157 0.00272261 0.00048296
 0.392568 0.580105 0.0239385 0.00249199 0.00089639
 0.735599 0.152972 0.106416 0.00439136 0.000621574
 0.660044 0.291912 0.0277964 0.0193368 0.000910896
 0.383375 0.501056 0.0992364 0.00944948 0.00688328
 0.655815 0.198601 0.118298 0.0234294 0.00385611
 0.640621 0.289119 0.040541 0.0241484 0.00556986
 0.138687 0.686766 0.140422 0.0196903 0.0144339
 0.703642 0.0753485 0.176222 0.0360319 0.00875614
 0.496819 0.419751 0.0212118 0.0496092 0.0126085
 0.261633 0.498479 0.200114 0.0101126 0.0296619
 0.715997 0.12082 0.110167 0.0442262 0.00879037
 0.539785 0.387491 0.0309383 0.0282103 0.0135759
 0.16283 0.594883 0.204 0.0162879 0.0219989
 0.221023 0.224493 0.394009 0.135115 0.0253585
pobs_PELACES
 0 0 0 0 0
 0 0 0 0 0
 0 0 0 0 0
 0 0 0 0 0
 0 0 0 0 0
 0 0 0 0 0
 0 0 0 0 0
 0 0 0 0 0
 0 0 0 0 0
 0 0 0 0 0
 0 0 0 0 0
 0 0 0 0 0
 0 0 0 0 0
 0 0 0 0 0
 0 0 0 0 0
 0 0 0 0 0
 0.505614 0.472636 0.0217494 0 0
 0 0 0 0 0
 0.443492 0.261883 0.143347 0.151278 0
 0.227955 0.32914 0.350689 0.0885471 0.00366901
 0.970185 0.0296113 0.000203453 0 0
 0.997202 0.00247181 0.000326279 0 0
 0.445219 0.490057 0.0546422 0.010081 0
 0.90214 0.0892962 0.00764917 0.000914606 0
 0 0 0 0 0
 0.581667 0.319106 0.0959925 0.00289975 0.000334073
 0.762889 0.0836404 0.116647 0.0363945 0.000428098
 0.88444 0.0763242 0.0277011 0.0115352 0
 0.521256 0.241999 0.230069 0.00667565 0
 0.616807 0.101726 0.260614 0.0208532 0
ppred_PELACES
 0.677444 0.203894 0.0750084 0.0275941 0.0160591
 0.258767 0.601554 0.0882937 0.0324814 0.0189034
 0.250125 0.314428 0.353391 0.0518692 0.0301867
 0.758266 0.0986418 0.0599997 0.0674346 0.0156581
 0.35516 0.562339 0.0336654 0.0204773 0.0283587
 0.932767 0.0359335 0.0272954 0.00163409 0.00237046
 0.346006 0.632298 0.0115957 0.00880822 0.00129227
 0.261132 0.395858 0.331631 0.00608177 0.00529755
 0.700104 0.125651 0.0933539 0.0782073 0.00268355
 0.856323 0.119999 0.00992091 0.00737085 0.00638682
 0.708627 0.270313 0.0175889 0.00145417 0.00201654
 0.664819 0.278718 0.0523825 0.00340846 0.00067257
 0.727372 0.220476 0.0433663 0.00815031 0.000634976
 0.558311 0.375143 0.0538164 0.0105853 0.00214441
 0.769245 0.169709 0.0518485 0.00743795 0.00175938
 0.910095 0.0787577 0.00819863 0.0025048 0.000444322
 0.402089 0.571012 0.0235633 0.00245293 0.000882339
 0.746736 0.146529 0.101934 0.0042064 0.000595394
 0.676171 0.278064 0.0264778 0.0184195 0.000867685
 0.39793 0.489229 0.096894 0.00922642 0.0067208
 0.667165 0.192053 0.114397 0.0226568 0.00372896
 0.655461 0.277181 0.0388669 0.0231512 0.00533986
 0.143243 0.683134 0.13968 0.0195862 0.0143575
 0.711536 0.0733414 0.171527 0.035072 0.0085229
 0.505228 0.412736 0.0208573 0.0487801 0.0123978
 0.267253 0.494685 0.19859 0.0100356 0.0294361
 0.723343 0.117695 0.107317 0.0430822 0.00856299
 0.547255 0.381201 0.0304361 0.0277524 0.0133556
 0.166459 0.592304 0.203116 0.0162173 0.0219036
 0.229351 0.222093 0.389797 0.133671 0.0250874
pobs_pel_tallas
 0 0 0 0 0 0 0 0 0 0 0 0 0 0 0 0 0 0 0 0 0 0 0 0 0 0
 0 0 0 0 0 0 0 0 0 0 0 0 0 0 0 0 0 0 0 0 0 0 0 0 0 0
 0 0 0 0 0 0 0 0 0 0 0 0 0 0 0 0 0 0 0 0 0 0 0 0 0 0
 0 0 0 0 0 0 0 0 0 0 0 0 0 0 0 0 0 0 0 0 0 0 0 0 0 0
 0 0 0 0 0 0 0 0 0 0 0 0 0 0 0 0 0 0 0 0 0 0 0 0 0 0
 0 0 0 0 0 0 0 0 0 0 0 0 0 0 0 0 0 0 0 0 0 0 0 0 0 0
 0 0 0 0 0 0 0 0 0 0 0 0 0 0 0 0 0 0 0 0 0 0 0 0 0 0
 0 0 0 0 0 0 0 0 0 0 0 0 0 0 0 0 0 0 0 0 0 0 0 0 0 0
 0 0 0 0 0 0 0 0 0 0 0 0 0 0 0 0 0 0 0 0 0 0 0 0 0 0
 0 0 0 0 0 0 0 0 0 0 0 0 0 0 0 0 0 0 0 0 0 0 0 0 0 0
 0 0 0 0 0 0 0 0 0 0 0 0 0 0 0 0 0 0 0 0 0 0 0 0 0 0
 0 0 0 0 0 0 0 0 0 0 0 0 0 0 0 0 0 0 0 0 0 0 0 0 0 0
 0.00862536 0 0 0.000197151 0.00414017 0.0128641 0.00837892 0.0270097 0.101434 0.158115 0.152841 0.127902 0.109271 0.109419 0.0830992 0.0579132 0.0238553 0.00714673 0.00463305 0.00128148 0.00103504 0.000492878 0.000147863 0.000147863 4.92878e-05 0
 0 0 0 0 0 0 0 0 0 0 0 0 0 0 0 0 0 0 0 0 0 0 0 0 0 0
 0 0 0 0 0 0 0 0.0054083 0.00873648 0.0413646 0.0450493 0.0745869 0.0622846 0.0627006 0.0613931 0.0827291 0.12552 0.122667 0.0946155 0.0697135 0.0546179 0.0294188 0.0215738 0.0213955 0.0102223 0.00600262
 0 0 0 0 0.00359764 0.0251062 0.0480494 0.140153 0.205849 0.193036 0.1447 0.116669 0.0760912 0.0342217 0.00950174 0.001854 0.000860785 0 0 0 0.000165536 0 0.000143464 0 0 0
 0 0 0 0 0 0 0 0.000145254 0.000435761 0.0275982 0.070085 0.0708112 0.156366 0.174668 0.174014 0.160142 0.0824315 0.0480064 0.0283245 0.00493863 0.00203355 0 0 0 0 0
 0 0 0 0 0 0 0 0 0 0 0 0 0 0 0 0 0 0 0 0 0 0 0 0 0 0
 0 0 1.00437e-05 0.000401748 0.00122533 0.00171747 0.00176769 0.0269171 0.070346 0.194647 0.189555 0.159765 0.064822 0.0314167 0.0384472 0.0292271 0.0345202 0.0313363 0.0194345 0.0106764 0.0143323 0.0359363 0.0279516 0.0138201 0.00172751 0
 0 0.0021121 0.0136068 0.0755702 0.200478 0.177729 0.0527432 0.0373336 0.0318909 0.0142505 0.0149659 0.0166563 0.0217959 0.0798694 0.0677717 0.0528807 0.04013 0.0224614 0.0357745 0.0225083 0.00881397 0.00855152 0.00135912 0.000746735 0 0
 0 0 0 0 5.4009e-05 0.00500934 0.000945158 0.0243581 0.138947 0.33067 0.221406 0.137944 0.0707744 0.0437923 0.0131692 0.00525238 0.0047753 0.00276346 9.45158e-05 9.00151e-06 2.25038e-05 9.00151e-06 4.50075e-06 0 0 0
 0.000866109 0.00284123 0.00948549 0.0512746 0.133035 0.25785 0.225252 0.132002 0.0553304 0.0519788 0.0540692 0.017754 0.00435017 0.00159236 0.00146478 0.000404838 0.000125132 0.000115318 0.000107957 0.000100596 0 0 0 0 0 0
 0 0 0 0 0.00144013 0.00171154 0.00461396 0.0210425 0.0478622 0.0707936 0.0888783 0.103762 0.0637923 0.0337046 0.0602308 0.124433 0.169614 0.0934646 0.0462172 0.0250306 0.0313229 0.00938855 0.002487 0.000210481 0 0
 0 0.00764035 0.051015 0.0998891 0.058973 0.0496711 0.0374665 0.0718981 0.12319 0.153886 0.159021 0.0857701 0.0377988 0.023471 0.0147837 0.00900784 0.00315554 0.000888139 0.00291439 0.00214683 0.00393193 0.00274676 0.000635225 9.99891e-05 0 0
 0 0 0 0 0 0 0 0 0 0 0 0 0 0 0 0 0 0 0 0 0 0 0 0 0 0
 0 0 0 0 0 0 0 0 0 0 0 0 0 0 0 0 0 0 0 0 0 0 0 0 0 0
 0 0 0 0 0 0 0 0 0 0 0 0 0 0 0 0 0 0 0 0 0 0 0 0 0 0
 0 0 0 0 0 0 0 0 0 0 0 0 0 0 0 0 0 0 0 0 0 0 0 0 0 0
 0 0 0 0 0 0 0 0 0 0 0 0 0 0 0 0 0 0 0 0 0 0 0 0 0 0
 0 0 0 0 0 0 0 0 0 0 0 0 0 0 0 0 0 0 0 0 0 0 0 0 0 0
ppred_pel_tallas
 1.07702e-16 5.58002e-05 0.000542398 0.00360443 0.0163852 0.0509806 0.10862 0.158539 0.158558 0.108717 0.0513047 0.0173225 0.00596119 0.00570087 0.00989314 0.0163743 0.0238372 0.0305201 0.0346665 0.035483 0.033584 0.0304907 0.0276037 0.0254723 0.0238034 0.02198
 1.09159e-16 2.13144e-05 0.000207184 0.00137681 0.00625883 0.0194739 0.0414933 0.0605728 0.0606308 0.0417766 0.0204254 0.0090073 0.00827656 0.0152718 0.0286395 0.0473343 0.0682383 0.0859336 0.0949122 0.0926559 0.0811388 0.0654626 0.0507632 0.0397965 0.0326005 0.0277321
 1.20589e-16 2.06026e-05 0.000200264 0.00133083 0.00604977 0.0188233 0.0401061 0.0585424 0.0585732 0.0402568 0.0193308 0.00752226 0.00505107 0.00840147 0.0158307 0.0267522 0.0399696 0.0532659 0.0643115 0.0719328 0.0765471 0.0793151 0.0808035 0.0804021 0.0769275 0.0697329
 1.1117e-16 6.24574e-05 0.000607108 0.00403445 0.01834 0.0570626 0.121578 0.177449 0.177459 0.121625 0.0572207 0.0187978 0.00518853 0.00314364 0.00493141 0.00819286 0.0121331 0.0159939 0.0190722 0.0211181 0.0224815 0.0237971 0.0254475 0.0272375 0.0285041 0.0285219
 1.07968e-16 2.92542e-05 0.000284361 0.00188968 0.00859025 0.0267278 0.0569483 0.0831291 0.0831832 0.0572128 0.0276156 0.0111539 0.00832188 0.0143161 0.0266496 0.0439386 0.0631289 0.0790582 0.0865049 0.0831147 0.0708584 0.0547698 0.0399974 0.0294248 0.0232216 0.0199307
 1.01362e-16 7.68308e-05 0.000746822 0.0049629 0.0225606 0.0701944 0.149557 0.218283 0.218287 0.149574 0.070252 0.0227273 0.00538293 0.00166931 0.00184502 0.00297085 0.0043705 0.00570064 0.00666152 0.00710627 0.00710363 0.00684983 0.00650705 0.00610906 0.00559443 0.00490727
 1.01599e-16 2.85002e-05 0.000277032 0.00184098 0.00836885 0.0260389 0.0554809 0.0809888 0.0810496 0.0557781 0.0270362 0.0112476 0.00906105 0.0160183 0.0298648 0.0491724 0.0704687 0.0878547 0.0953427 0.0901841 0.0745571 0.0541965 0.0351026 0.0208434 0.0119838 0.0072142
 1.11178e-16 2.15092e-05 0.000209077 0.00138939 0.006316 0.0196516 0.0418713 0.0611205 0.061159 0.04206 0.0202864 0.0081549 0.00602546 0.0103962 0.0195629 0.0328112 0.0484302 0.0633148 0.0742011 0.0794034 0.079535 0.0765628 0.0721007 0.0664697 0.0591361 0.0498109
 1.11024e-16 5.76667e-05 0.000560541 0.00372499 0.0169333 0.0526858 0.112253 0.163839 0.163851 0.112313 0.0528875 0.0175178 0.00519945 0.00380376 0.00629007 0.0105018 0.0155872 0.0206001 0.0246279 0.0272979 0.0289604 0.0303067 0.0317327 0.0329864 0.0333481 0.0321335
 1.02138e-16 7.05342e-05 0.000685618 0.00455617 0.0207117 0.0644418 0.137301 0.200397 0.200408 0.137357 0.0646314 0.0212592 0.00593002 0.00368357 0.00576091 0.00940429 0.0135232 0.0169741 0.0186488 0.0180522 0.0156041 0.0123656 0.00940988 0.00731848 0.00609567 0.00541023
 1.01064e-16 5.83688e-05 0.000567365 0.00377034 0.0171394 0.0533273 0.11362 0.165838 0.165864 0.113748 0.053754 0.0183715 0.00686135 0.0073094 0.012846 0.0211007 0.0302869 0.0378672 0.0412956 0.0393965 0.0330709 0.0247099 0.0168007 0.0108034 0.00693409 0.00465939
 1.02039e-16 5.47603e-05 0.000532289 0.00353725 0.0160798 0.0500305 0.106596 0.155586 0.155613 0.106728 0.0504716 0.0173541 0.00673667 0.00751923 0.0133316 0.0219716 0.0316869 0.0399281 0.044122 0.0430596 0.0375895 0.0300018 0.0226308 0.0167751 0.0125623 0.00950151
 1.02233e-16 5.99127e-05 0.000582373 0.00387007 0.0175928 0.0547379 0.116626 0.170223 0.170244 0.11673 0.0550869 0.0186012 0.00640214 0.00611284 0.0105719 0.0174049 0.0251178 0.0316917 0.0351033 0.0344079 0.0302814 0.0245264 0.0189626 0.0145757 0.0114197 0.00906851
 1.03074e-16 4.59874e-05 0.000447014 0.00297057 0.0135038 0.0420155 0.0895197 0.130664 0.1307 0.0896964 0.0426087 0.0152172 0.00727154 0.00983603 0.0178772 0.029481 0.0424612 0.0533877 0.0587876 0.057048 0.049363 0.038902 0.0289012 0.0211696 0.0158694 0.012255
 1.02584e-16 6.33617e-05 0.000615899 0.00409286 0.0186056 0.0578889 0.123339 0.18002 0.180037 0.123419 0.0581582 0.0193839 0.00604865 0.00489231 0.00820529 0.0135174 0.0195884 0.0248868 0.0278853 0.0278637 0.0253037 0.0215026 0.0177358 0.0146441 0.0122033 0.0100983
 1.00584e-16 7.49633e-05 0.00072867 0.00484227 0.0220123 0.0684883 0.145922 0.212979 0.212986 0.145959 0.0686128 0.0223716 0.00574414 0.00269672 0.00381047 0.00617512 0.00887483 0.0111321 0.0122098 0.0117695 0.0100696 0.00779103 0.00563305 0.00399196 0.00290788 0.00221677
 1.01222e-16 3.31197e-05 0.000321935 0.00213938 0.00972532 0.0302594 0.0644728 0.0941115 0.0941665 0.0647413 0.0311604 0.0123264 0.00866378 0.0145493 0.0270077 0.0444767 0.0637844 0.0796135 0.086565 0.0821453 0.0682808 0.0500839 0.0329008 0.0199084 0.0116258 0.00693668
 1.03502e-16 6.15076e-05 0.000597876 0.0039731 0.0180611 0.056195 0.11973 0.174752 0.174766 0.1198 0.0564293 0.0187395 0.00568185 0.00434775 0.00724056 0.0120216 0.0176562 0.0229159 0.0265598 0.0279635 0.0274027 0.0257078 0.0236087 0.0213393 0.018751 0.0156976
 1.0283e-16 5.56954e-05 0.000541379 0.00359765 0.0163544 0.0508848 0.108417 0.158243 0.158269 0.108547 0.0513242 0.0176232 0.00678179 0.0074899 0.0132451 0.0217907 0.0313444 0.0393356 0.0431875 0.0417242 0.0358779 0.0280647 0.020745 0.0152817 0.0117555 0.00951839
 1.04984e-16 3.27771e-05 0.000318605 0.00211724 0.00962471 0.0299463 0.0638055 0.0931359 0.0931831 0.0640361 0.0307208 0.0118622 0.0077355 0.0125896 0.0233557 0.0386066 0.055718 0.0702851 0.0778175 0.0762131 0.0669687 0.05409 0.0416327 0.0318128 0.0247808 0.0196107
 1.06254e-16 5.49535e-05 0.000534168 0.00354973 0.0161366 0.050207 0.106972 0.156133 0.156151 0.107063 0.0505136 0.0170241 0.00578428 0.00543483 0.00942864 0.0156741 0.0229797 0.0297465 0.0343587 0.0360393 0.0352304 0.0331235 0.0307582 0.0284497 0.0259055 0.0227473
 1.04418e-16 5.39895e-05 0.000524798 0.00348747 0.0158535 0.0493264 0.105096 0.153396 0.153423 0.105227 0.0497648 0.0171199 0.00666662 0.0074661 0.0132405 0.0218146 0.0314474 0.0396112 0.0437723 0.0427797 0.0375524 0.0304445 0.0238139 0.0189062 0.0157037 0.0135079
 1.086e-16 1.17989e-05 0.000114689 0.000762155 0.00346468 0.0107803 0.0229709 0.0335406 0.0336065 0.023293 0.0118619 0.00658973 0.00860965 0.0172564 0.0325981 0.0539533 0.0779079 0.0983603 0.10907 0.107127 0.0946346 0.0771741 0.0603622 0.0472154 0.0378494 0.0308859
 1.09929e-16 5.86083e-05 0.000569694 0.00378582 0.0172098 0.053546 0.114086 0.166513 0.16652 0.114122 0.0536675 0.0175639 0.00468753 0.00258039 0.00400143 0.0068474 0.0106189 0.0149487 0.0194661 0.0239557 0.0283468 0.0324662 0.0357992 0.0375515 0.0370298 0.0340584
 1.07698e-16 4.16151e-05 0.000404513 0.00268814 0.0122199 0.0380208 0.0810089 0.118243 0.118283 0.081203 0.0386726 0.0141019 0.00741045 0.0107075 0.0195926 0.0322851 0.0464199 0.0582209 0.0638974 0.0617732 0.0533383 0.0422936 0.0323575 0.0255086 0.0216816 0.0196257
 1.11846e-16 2.20134e-05 0.000213978 0.00142196 0.00646406 0.0201123 0.0428532 0.0625556 0.0626035 0.0430873 0.0208988 0.00873819 0.00714001 0.0127286 0.0238832 0.0396935 0.0577472 0.0738058 0.0835165 0.0848143 0.0790335 0.0697602 0.0604283 0.052617 0.0460617 0.0397992
 1.08897e-16 5.95809e-05 0.000579147 0.00384864 0.0174954 0.0544346 0.115979 0.169277 0.169289 0.116035 0.054624 0.0180443 0.00523434 0.00362975 0.00592891 0.00990694 0.0147366 0.0195299 0.0234144 0.0259928 0.0275119 0.0285283 0.0293586 0.0297981 0.029309 0.0274545
 1.0602e-16 4.50767e-05 0.000438162 0.00291174 0.0132364 0.0411835 0.0877471 0.128077 0.128114 0.0879265 0.0417857 0.0149754 0.00727572 0.00996076 0.018119 0.0298553 0.0429435 0.0538898 0.0591802 0.0572353 0.0493811 0.038982 0.0294425 0.0226145 0.0185263 0.0161532
 1.11346e-16 1.37111e-05 0.000133277 0.000885677 0.00402619 0.0125273 0.0266928 0.038971 0.0390283 0.0269728 0.0134678 0.00674509 0.00771943 0.015081 0.0284886 0.0473011 0.0686617 0.0874342 0.0983424 0.0988897 0.0907289 0.0783038 0.0659447 0.0557629 0.0475874 0.0402904
 1.28957e-16 1.88914e-05 0.000183631 0.00122029 0.00554729 0.0172598 0.0367746 0.0536783 0.0537003 0.0368825 0.0176236 0.00660592 0.00390722 0.0061478 0.0116367 0.0199728 0.0305699 0.0422441 0.0537421 0.0644592 0.0745291 0.0840799 0.0923387 0.0975084 0.0976283 0.0917406
pSPR Fmed_Fpbrs
0.562254   0.285403 0.285403
Fs Fmed_Fpbrs
0.389525   1.005 1.005
SSBpbr Bo_Bmed_Bpbrs
1.70047e+06  871072  400295 400295
Ro
130614
SPR SPRFo_SPRFmed_SPRFpbrs
929760 522762 265356
Fref
1.005
log_Ro
11.6
likeval ReclasPelacesDesembMPH_pf_preclas_ppelaces_ptallas_desvR_qrecl_qpela
 23.9721 32.5522 0.312599 0.00258507 239.831 121.895 85.9259 0 44.1256 0 0 0.322773 0 0 0
q_reclas_q_pelaces
1 1
M
1
N
 338385 57526.4 21162.8 7785.36 4530.9
 78467.4 107477 15775 5803.3 3377.38
 32108.5 23686.6 26621.8 3907.44 2274.04
 99871.5 9739.32 5924.02 6658.1 1545.99
 23283.7 22555.2 1350.31 821.336 1137.46
 274385 6716.65 5102.04 305.443 443.084
 54176.1 75622.1 1386.83 1053.45 154.553
 14313.5 11961.6 10020.8 183.772 160.075
 34962.2 4681.39 3478.09 2913.78 99.9811
 78975.3 7941.51 656.567 487.803 422.68
 91727.6 18799.9 1223.29 101.135 140.248
 108189 30943.6 5815.56 378.411 74.6694
 138112 27371.2 5383.74 1011.82 78.8294
 68842 36778.3 5276.05 1037.77 210.234
 98944.4 14482.8 4424.69 634.746 150.143
 474682 25887.2 2694.84 823.311 146.046
 168380 132135 5452.66 567.618 204.177
 483641 54911.9 38200 1576.36 223.125
 604381 149218 14208.9 9884.53 465.629
 248781 178356 35324.3 3363.65 2450.18
 465072 76040.4 45293.8 8970.64 1476.43
 589187 146730 20574.7 12255.4 2826.73
 67892.3 177960 36387.3 5102.3 3740.21
 392833 22284.8 52118.7 10656.7 2589.69
 289601 128736 6505.56 15214.9 3866.98
 96671.4 96213.8 38624.9 1951.88 5725.18
 365438 32581.8 29708.8 11926.6 2370.52
 320457 120391 9612.34 8764.76 4217.95
 56600 107609 36901.8 2946.34 3979.41
 35208.5 19221.7 33736.2 11569 2171.27
pred_Ctot
 29577.3 9481.5 3488.05 1283.18 746.782
 9045.22 22917 3363.67 1237.42 720.152
 3617.99 4945.91 5558.79 815.896 474.833
 25353.6 4143.21 2520.14 2832.43 657.679
 3240.51 5710.67 341.88 207.951 287.988
 44537.7 1951.32 1482.24 88.737 128.724
 14267.9 33142.8 607.805 461.695 67.7359
 1013.6 1615.46 1353.35 24.8191 21.6188
 8790.11 1975.87 1467.99 1229.81 42.1988
 18249.5 3126.68 258.499 192.054 166.415
 4847.36 1917.98 124.8 10.3179 14.3082
 22015.3 10944.1 2056.83 133.835 26.4089
 24748.8 8674.14 1706.15 320.655 24.9817
 19488 17076 2449.64 481.829 97.6104
 18569.9 4778.08 1459.77 209.412 49.5344
 74685.6 7315.65 761.555 232.666 41.2722
 12201.9 18241.2 752.739 78.3597 28.1867
 50033.3 10594.2 7369.97 304.128 43.0478
 76944.2 34847.1 3318.21 2308.34 108.739
 27005.7 35980.2 7126.03 678.554 494.279
 42386.9 13034.8 7764.24 1537.74 253.088
 67732.3 31208.2 4376.08 2606.63 601.223
 4667.82 23367.5 4777.93 669.972 491.118
 27371.4 2963.61 6931.15 1417.2 344.396
 17889 15259.5 771.129 1803.48 458.368
 5160.1 9911.16 3978.82 201.067 589.761
 24354.1 4152.91 3786.73 1520.17 302.149
 17796.9 12884.3 1028.71 938.007 451.406
 2767.73 10185.9 3492.98 278.889 376.676
 3032.87 3124.91 5484.55 1880.79 352.987
F
 0.146909 0.293818 0.293818 0.293818 0.293818
 0.197772 0.395544 0.395544 0.395544 0.395544
 0.192948 0.385896 0.385896 0.385896 0.385896
 0.487919 0.975838 0.975838 0.975838 0.975838
 0.243163 0.486325 0.486325 0.486325 0.486325
 0.288784 0.577568 0.577568 0.577568 0.577568
 0.510542 1.02108 1.02108 1.02108 1.02108
 0.117608 0.235215 0.235215 0.235215 0.235215
 0.482163 0.964327 0.964327 0.964327 0.964327
 0.435282 0.870564 0.870564 0.870564 0.870564
 0.086658 0.173316 0.173316 0.173316 0.173316
 0.374391 0.748783 0.748783 0.748783 0.748783
 0.323156 0.646312 0.646312 0.646312 0.646312
 0.558854 1.11771 1.11771 1.11771 1.11771
 0.340811 0.681622 0.681622 0.681622 0.681622
 0.278822 0.557644 0.557644 0.557644 0.557644
 0.120494 0.240988 0.240988 0.240988 0.240988
 0.175932 0.351864 0.351864 0.351864 0.351864
 0.22042 0.44084 0.44084 0.44084 0.44084
 0.185307 0.370614 0.370614 0.370614 0.370614
 0.153601 0.307201 0.307201 0.307201 0.307201
 0.197186 0.394372 0.394372 0.394372 0.394372
 0.114017 0.228034 0.228034 0.228034 0.228034
 0.115624 0.231249 0.231249 0.231249 0.231249
 0.101932 0.203865 0.203865 0.203865 0.203865
 0.087564 0.175128 0.175128 0.175128 0.175128
 0.110353 0.220706 0.220706 0.220706 0.220706
 0.091242 0.182484 0.182484 0.182484 0.182484
 0.0799679 0.159936 0.159936 0.159936 0.159936
 0.144647 0.289293 0.289293 0.289293 0.289293
nmprior
 8 8 7 0
nm_flota  nm_reclas  nm_pelaces    nm_pelaL
inf 6.46062 6.08822 8.73752
cv_recla  cv_pelaces  cv_mph
0.453293 0.671359 1.56907
 ------------------------------------------------
Talla a la edad & desviación 
 8 13.2811 15.8009 17.003 17.5766
 0.8 1.32811 1.58009 1.7003 1.75766
