years
 1991 1992 1993 1994 1995 1996 1997 1998 1999 2000 2001 2002 2003 2004 2005 2006 2007 2008 2009 2010 2011 2012 2013 2014 2015 2016 2017 2018 2019 2020
reclasobs
 0 0 0 0 0 0 0 0 0 252601 567819 844713 477998 351125 339783 2.1784e+06 2.13404e+06 4.81314e+06 1.55562e+06 2.62356e+06 3.21686e+06 3.843e+06 1.13348e+06 3.07943e+06 1.97215e+06 2.03268e+06 2.025e+06 2.42433e+06 2.27542e+06 1.05018e+06
reclaspred
 2.69095e+06 1.02689e+06 542954 274070 48649.1 936099 309258 79242.9 375825 148269 256200 488084 426005 290498 222955 1.16873e+06 791204 3.56001e+06 2.54667e+06 1.13131e+06 2.3963e+06 2.24742e+06 1.33324e+06 2.60735e+06 1.71989e+06 1.04535e+06 1.63932e+06 2.22044e+06 1.59224e+06 609503
pelacesobs
 0 0 0 0 0 0 0 0 0 0 0 0 0 0 0 552880 188675 0 991730 2.46772e+06 1.41603e+06 1.21717e+06 2.29649e+06 1.80582e+06 0 1.4828e+06 1.56532e+06 1.57751e+06 1.42118e+06 867257
pelacespred
 1.3209e+06 532371 245491 78500.2 13440.7 411495 95254.7 32206.5 156530 50432.2 114163 183747 172855 116972 89376.9 446967 302848 1.69722e+06 1.19095e+06 522995 1.05041e+06 982666 587074 1.32033e+06 834439 499802 903079 1.18567e+06 708814 319674
mphobs
 0 0 0 0 0 0 0 0 0 0 0 498337 0 5186 125008 0 168611 109162 213762 579715 649985 157893 87575 83554 0 0 0 0 0 0
mphpred
 2.87967e+06 1.40085e+06 398981 290252 81118.2 12186.3 467020 95061.2 30309.2 180380 45577.1 166462 255195 171136 87548.9 88462.7 744359 447292 2.1568e+06 1.26035e+06 724389 1.24266e+06 1.33328e+06 797795 1.47056e+06 996889 545905 848007 1.53496e+06 810925
desembarqueobs
 494567 514787 250237 358949 120608 361735 552515 73892 212993 205616 52469 317467 293654 387597 252695 516296 358380 742168 942051 627588 828172 859565 418607 520667 417249 300574 407403 355545 319650 289779
desembarquepred
 494535 514854 249539 358715 120515 361536 551713 73858 212847 205412 52460.3 317233 293400 387022 252440 515982 358271 741854 941044 626668 827723 858905 418401 520498 417024 300389 407217 355411 319516 289621
Reclutas
 10225.1 6390.05 189874 12816.8 4720.47 285231 7504.85 1888.99 71102.7 9814.86 72096.7 151076 83925.1 67865.4 50124.8 442058 11631.9 984608 256795 82668.4 456554 592799 15019.7 356868 187087 35030.2 267327 332726 15111.5 6711.17
log_desv_Rt
 -1.72642 -2.19652 1.1951 -1.5005 -2.49936 1.60203 -2.03571 -3.41522 0.212861 -1.76737 0.226743 0.966518 0.37866 0.166262 -0.136749 2.04018 -1.59751 2.84098 1.49701 0.363573 2.07244 2.33359 -1.3419 1.8261 1.18031 -0.495054 1.53721 1.75605 -1.33581 -2.14749
SSB
 2.87967e+06 1.40085e+06 398981 290252 81118.2 12186.3 467020 95061.2 30309.2 180380 45577.1 166462 255195 171136 87548.9 88462.7 744359 447292 2.1568e+06 1.26035e+06 724389 1.24266e+06 1.33328e+06 797795 1.47056e+06 996889 545905 848007 1.53496e+06 810925
BT
 3.49927e+06 1.78818e+06 808379 446809 139855 1.27034e+06 707817 144996 551207 299870 307812 685735 661029 672983 458705 1.43841e+06 982090 4.58171e+06 3.63131e+06 1.83087e+06 3.13831e+06 3.03493e+06 1.71691e+06 3.53851e+06 2.3172e+06 1.43291e+06 2.51326e+06 3.08597e+06 1.9023e+06 1.05389e+06
Ftot
 0.174007 0.460647 0.467573 1.11408 1.8534 0.433867 1.42411 0.831477 0.618487 1.18094 0.22815 0.668555 0.676748 1.25347 1.11824 0.487875 0.421131 0.232788 0.360153 0.521215 0.364991 0.393043 0.295307 0.215499 0.240272 0.27626 0.268099 0.172997 0.190242 0.439775
BD_Bspro_t
 0.972543 0.780961 0.494912 0.444229 0.156554 0.039252 0.475137 0.139057 0.0725318 0.329927 0.152115 0.499842 0.437357 0.300439 0.174836 0.183544 0.523585 0.397019 0.693139 0.536158 0.374413 0.502377 0.541308 0.454319 0.630528 0.597072 0.521792 0.651318 0.750523 0.614887
BD_Bspro
 7.03913 3.42426 0.975278 0.709498 0.198287 0.0297884 1.14159 0.23237 0.0740885 0.440926 0.11141 0.406903 0.623804 0.418329 0.214006 0.21624 1.81953 1.09337 5.27213 3.08082 1.77071 3.03759 3.25909 1.95015 3.59467 2.43682 1.33442 2.07289 3.7521 1.98224
BD_Bo
 1.56944 0.763471 0.217447 0.158189 0.04421 0.00664161 0.254529 0.051809 0.0165187 0.0983086 0.0248398 0.0907228 0.139083 0.0932705 0.0477147 0.0482128 0.405681 0.243777 1.17547 0.686899 0.394797 0.677259 0.726644 0.434803 0.801466 0.543311 0.297522 0.462169 0.836565 0.44196
BD_Brms
 10.0467 4.88732 1.39198 1.01264 0.283008 0.0425159 1.62936 0.331653 0.105744 0.629317 0.159011 0.580757 0.890332 0.597066 0.305443 0.308631 2.59694 1.56053 7.52472 4.39715 2.52727 4.33543 4.65157 2.78337 5.13054 3.47798 1.90457 2.95855 5.35523 2.82918
Sel_flota
 0.823367 1 1 1 1
 0.823367 1 1 1 1
 0.823367 1 1 1 1
 0.823367 1 1 1 1
 0.823367 1 1 1 1
 0.823367 1 1 1 1
 0.823367 1 1 1 1
 0.823367 1 1 1 1
 0.823367 1 1 1 1
 0.823367 1 1 1 1
 0.823367 1 1 1 1
 0.823367 1 1 1 1
 0.823367 1 1 1 1
 0.823367 1 1 1 1
 0.823367 1 1 1 1
 0.823367 1 1 1 1
 0.823367 1 1 1 1
 0.823367 1 1 1 1
 0.823367 1 1 1 1
 0.823367 1 1 1 1
 0.823367 1 1 1 1
 0.823367 1 1 1 1
 0.823367 1 1 1 1
 0.823367 1 1 1 1
 0.823367 1 1 1 1
 0.823367 1 1 1 1
 0.823367 1 1 1 1
 0.823367 1 1 1 1
 0.823367 1 1 1 1
 0.823367 1 1 1 1
Sel_reclas
 1 1 1 1 1
 1 1 1 1 1
 1 1 1 1 1
 1 1 1 1 1
 1 1 1 1 1
 1 1 1 1 1
 1 1 1 1 1
 1 1 1 1 1
 1 1 1 1 1
 1 1 1 1 1
 1 1 1 1 1
 1 1 1 1 1
 1 1 1 1 1
 1 1 1 1 1
 1 1 1 1 1
 1 1 1 1 1
 1 1 1 1 1
 1 1 1 1 1
 1 1 1 1 1
 1 1 1 1 1
 1 1 1 1 1
 1 1 1 1 1
 1 1 1 1 1
 1 1 1 1 1
 1 1 1 1 1
 1 1 1 1 1
 1 1 1 1 1
 1 1 1 1 1
 1 1 1 1 1
 1 1 1 1 1
Sel_pelaces
 1 1 1 1 1
 1 1 1 1 1
 1 1 1 1 1
 1 1 1 1 1
 1 1 1 1 1
 1 1 1 1 1
 1 1 1 1 1
 1 1 1 1 1
 1 1 1 1 1
 1 1 1 1 1
 1 1 1 1 1
 1 1 1 1 1
 1 1 1 1 1
 1 1 1 1 1
 1 1 1 1 1
 1 1 1 1 1
 1 1 1 1 1
 1 1 1 1 1
 1 1 1 1 1
 1 1 1 1 1
 1 1 1 1 1
 1 1 1 1 1
 1 1 1 1 1
 1 1 1 1 1
 1 1 1 1 1
 1 1 1 1 1
 1 1 1 1 1
 1 1 1 1 1
 1 1 1 1 1
 1 1 1 1 1
pf_obs 
 0.8446 0.082 0.0669 0.0065 0
 0.8095 0.147 0.0364 0.0071 0
 0.9664 0.0169 0.016 0.0007 0
 0.9276 0.0648 0.0075 0.0001 0
 0.7033 0.2144 0.0806 0.0017 0
 0.9318 0.0425 0.0243 0.0014 0
 0.5671 0.3108 0.0964 0.0239 0.0018
 0.0768 0.2599 0.5324 0.112 0.0189
 0.490249 0.384438 0.106611 0.0170017 0.00170017
 0.7925 0.1577 0.0466 0.003 0.0002
 0.840416 0.127587 0.0312969 0.00059994 9.999e-05
 0.8084 0.0986 0.0794 0.0134 0.0002
 0.7335 0.1905 0.0724 0.0035 0.0001
 0.4001 0.4547 0.1325 0.0127 0
 0.49795 0.308269 0.164784 0.0264974 0.00249975
 0.9179 0.0499 0.0305 0.0017 0
 0.2467 0.6533 0.0926 0.0074 0
 0.9418 0.0223 0.034 0.0019 0
 0.707729 0.231977 0.0356964 0.0245975 0
 0.517169 0.277429 0.184464 0.0207286 0.00020938
 0.811772 0.124168 0.05621 0.00726502 0.000585176
 0.764997 0.148141 0.077277 0.00933861 0.000247198
 0.163321 0.427699 0.378323 0.0303852 0.000271297
 0.753843 0.0900009 0.118128 0.0371064 0.000921714
 0.721811 0.176058 0.0630433 0.0369309 0.00215725
 0.143369 0.312575 0.442814 0.0836902 0.0175525
 0.692698 0.0596174 0.167031 0.0765114 0.00414204
 0.394062 0.376323 0.152708 0.0712218 0.00568511
 0.125707 0.32114 0.495352 0.0537591 0.00404204
 0.23352 0.215282 0.420074 0.123614 0.00750983
pf_pred 
 0.0459776 0.213247 0.660508 0.0802667 5.5519e-07
 0.0856741 0.0514379 0.192877 0.597412 0.0725996
 0.914672 0.00911773 0.00428744 0.0160766 0.0558466
 0.181227 0.763064 0.00595274 0.00279916 0.0469569
 0.347677 0.152826 0.465511 0.0036315 0.0303539
 0.996535 0.0015551 0.000447412 0.00136283 9.94954e-05
 0.083461 0.914042 0.00112056 0.000322391 0.0010537
 0.181942 0.0948249 0.721263 0.000884222 0.00108587
 0.975504 0.00560511 0.00218968 0.0166553 4.5493e-05
 0.351168 0.63654 0.0028126 0.00109876 0.00838031
 0.950003 0.0215026 0.0279542 0.000123517 0.000416281
 0.850139 0.143779 0.00261567 0.00340047 6.56634e-05
 0.665112 0.295119 0.0381552 0.000694131 0.000919822
 0.710744 0.20892 0.0707963 0.00915308 0.000387172
 0.793853 0.159911 0.0333947 0.0113164 0.00152496
 0.977341 0.0190771 0.00277851 0.000580245 0.000223123
 0.081705 0.901968 0.0137461 0.00200208 0.000578874
 0.965132 0.00354267 0.0307682 0.000468912 8.80421e-05
 0.413311 0.570141 0.00168124 0.0146016 0.000264313
 0.320895 0.319663 0.349305 0.00103003 0.00910782
 0.880365 0.0452134 0.035031 0.0382794 0.00111098
 0.784522 0.194547 0.00791044 0.00612895 0.00689166
 0.0617035 0.771136 0.150923 0.00613666 0.010101
 0.839835 0.0121957 0.121608 0.0238005 0.00256067
 0.55268 0.387796 0.00453246 0.0451947 0.00979695
 0.239937 0.460736 0.259496 0.00303293 0.0367981
 0.860828 0.0393948 0.0604833 0.0340655 0.00522883
 0.756937 0.215218 0.00788191 0.0121012 0.0078618
 0.0861949 0.725452 0.166775 0.00610781 0.0154696
 0.1114 0.0929883 0.631621 0.145204 0.0187866
pobs_RECLAS
 0 0 0 0 0
 0 0 0 0 0
 0 0 0 0 0
 0 0 0 0 0
 0 0 0 0 0
 0 0 0 0 0
 0 0 0 0 0
 0 0 0 0 0
 0 0 0 0 0
 0 0 0 0 0
 0.991045 0.00858322 0.000360255 1.14367e-05 0
 0.934742 0.0480273 0.0164251 0.00080598 0
 0.827803 0.169806 0.00239088 0 0
 0.941827 0.0461693 0.0120037 0 0
 0.791401 0.0380133 0.147996 0.0225897 0
 0.846168 0.0940531 0.0597789 0 0
 0.134021 0.677848 0.182769 0.00536245 0
 0.80878 0.0450904 0.141981 0.00414843 0
 0.846168 0.0940531 0.0597789 0 0
 0.905697 0.0802665 0.012482 0.00150086 5.37128e-05
 0.989698 0.0102097 9.19794e-05 0 0
 0.975433 0.0193895 0.00387452 0.00125025 5.28907e-05
 0.303575 0.632131 0.0575291 0.00676475 0
 0.966965 0.00978017 0.0227588 0.000495775 0
 0.843318 0.132988 0.00938335 0.0141283 0.000182051
 0.564624 0.303363 0.111486 0.0197234 0.00080311
 0.826376 0.0876187 0.0782897 0.00655872 0.00115652
 0.89761 0.0855135 0.0140674 0.00269457 0.000114338
 0.34875 0.467042 0.161289 0.0227151 0.000203297
 0.318654 0.224769 0.449479 0.00709798 0
ppred_RECLAS
 0.0554474 0.211131 0.653952 0.07947 5.49679e-07
 0.103034 0.0504613 0.189215 0.586069 0.0712212
 0.929295 0.00755515 0.00355267 0.0133214 0.0462758
 0.217092 0.729639 0.00569199 0.00267655 0.0449
 0.408756 0.138517 0.421924 0.00329147 0.0275118
 0.99717 0.00127022 0.000365449 0.00111317 8.12686e-05
 0.103635 0.893923 0.00109589 0.000315295 0.00103051
 0.216122 0.090863 0.691128 0.000847277 0.0010405
 0.980013 0.00457336 0.00178662 0.0135895 3.71189e-05
 0.404725 0.583998 0.00258043 0.00100807 0.00768857
 0.958625 0.0177946 0.0231336 0.000102217 0.000344495
 0.874927 0.119997 0.00218303 0.00283801 5.48024e-05
 0.710118 0.255457 0.0330275 0.000600846 0.000796205
 0.755867 0.176329 0.0597522 0.00772522 0.000326774
 0.82833 0.133166 0.0278096 0.00942379 0.00126992
 0.981452 0.015616 0.00227442 0.000474976 0.000182644
 0.0982579 0.885709 0.0134983 0.00196599 0.000568439
 0.971227 0.00292346 0.0253903 0.000386952 7.26535e-05
 0.462795 0.522054 0.00153944 0.0133701 0.00024202
 0.367169 0.297881 0.325503 0.000959849 0.00848721
 0.899998 0.0377935 0.0292822 0.0319975 0.000928661
 0.816708 0.165488 0.00672888 0.00521349 0.00586227
 0.0743304 0.760759 0.148892 0.00605407 0.00996503
 0.864721 0.0103008 0.102713 0.0201025 0.00216281
 0.601104 0.345815 0.00404181 0.0403023 0.00873639
 0.27814 0.437578 0.246453 0.00288048 0.0349485
 0.883018 0.0331136 0.0508397 0.028634 0.00439513
 0.791369 0.18473 0.00676537 0.010387 0.00674811
 0.103082 0.712046 0.163693 0.00599494 0.0151838
 0.133151 0.0907121 0.61616 0.14165 0.0183267
pobs_PELACES
 0 0 0 0 0
 0 0 0 0 0
 0 0 0 0 0
 0 0 0 0 0
 0 0 0 0 0
 0 0 0 0 0
 0 0 0 0 0
 0 0 0 0 0
 0 0 0 0 0
 0 0 0 0 0
 0 0 0 0 0
 0 0 0 0 0
 0 0 0 0 0
 0 0 0 0 0
 0 0 0 0 0
 0 0 0 0 0
 0.505614 0.472636 0.0217494 0 0
 0 0 0 0 0
 0.443492 0.261883 0.143347 0.151278 0
 0.227955 0.32914 0.350689 0.0885471 0.00366901
 0.970185 0.0296113 0.000203453 0 0
 0.997202 0.00247181 0.000326279 0 0
 0.445219 0.490057 0.0546422 0.010081 0
 0.90214 0.0892962 0.00764917 0.000914606 0
 0 0 0 0 0
 0.581667 0.319106 0.0959925 0.00289975 0.000334073
 0.762889 0.0836404 0.116647 0.0363945 0.000428098
 0.88444 0.0763242 0.0277011 0.0115352 0
 0.521256 0.241999 0.230069 0.00667565 0
 0.616807 0.101726 0.260614 0.0208532 0
ppred_PELACES
 0.055981 0.211011 0.653582 0.0794251 5.49368e-07
 0.105542 0.0503202 0.188685 0.584431 0.0710221
 0.931065 0.00736603 0.00346374 0.012988 0.0451173
 0.228332 0.719164 0.00561027 0.00263812 0.0442554
 0.435099 0.132345 0.403125 0.00314482 0.026286
 0.99724 0.00123858 0.000356348 0.00108544 7.92447e-05
 0.111604 0.885976 0.00108615 0.000312492 0.00102135
 0.224445 0.0898981 0.683789 0.000838281 0.00102945
 0.980707 0.00441455 0.00172458 0.0131176 3.583e-05
 0.421412 0.567627 0.0025081 0.000979809 0.00747304
 0.959149 0.0175691 0.0228405 0.000100922 0.00034013
 0.879129 0.115965 0.00210968 0.00274266 5.2961e-05
 0.71817 0.248361 0.03211 0.000584155 0.000774088
 0.769097 0.166774 0.0565143 0.00730659 0.000309066
 0.837402 0.12613 0.0263401 0.00892581 0.00120281
 0.981963 0.0151861 0.0022118 0.000461899 0.000177615
 0.100454 0.883552 0.0134655 0.0019612 0.000567055
 0.971603 0.00288518 0.0250578 0.000381885 7.17021e-05
 0.468018 0.516978 0.00152447 0.0132401 0.000239667
 0.374256 0.294545 0.321858 0.000949099 0.00839216
 0.901897 0.037076 0.0287262 0.03139 0.00091103
 0.820112 0.162414 0.00660389 0.00511665 0.00575338
 0.0755234 0.759778 0.1487 0.00604627 0.00995218
 0.866183 0.0101895 0.101603 0.0198852 0.00213942
 0.604458 0.342908 0.00400783 0.0399634 0.00866295
 0.281384 0.435611 0.245345 0.00286754 0.0347914
 0.884622 0.0326594 0.0501423 0.0282412 0.00433484
 0.793029 0.18326 0.00671154 0.0103043 0.00669442
 0.104112 0.711228 0.163506 0.00598806 0.0151663
 0.136138 0.0903996 0.614037 0.141162 0.0182636
pobs_pel_tallas
 0 0 0 0 0 0 0 0 0 0 0 0 0 0 0 0 0 0 0 0 0 0 0 0 0 0
 0 0 0 0 0 0 0 0 0 0 0 0 0 0 0 0 0 0 0 0 0 0 0 0 0 0
 0 0 0 0 0 0 0 0 0 0 0 0 0 0 0 0 0 0 0 0 0 0 0 0 0 0
 0 0 0 0 0 0 0 0 0 0 0 0 0 0 0 0 0 0 0 0 0 0 0 0 0 0
 0 0 0 0 0 0 0 0 0 0 0 0 0 0 0 0 0 0 0 0 0 0 0 0 0 0
 0 0 0 0 0 0 0 0 0 0 0 0 0 0 0 0 0 0 0 0 0 0 0 0 0 0
 0 0 0 0 0 0 0 0 0 0 0 0 0 0 0 0 0 0 0 0 0 0 0 0 0 0
 0 0 0 0 0 0 0 0 0 0 0 0 0 0 0 0 0 0 0 0 0 0 0 0 0 0
 0 0 0 0 0 0 0 0 0 0 0 0 0 0 0 0 0 0 0 0 0 0 0 0 0 0
 0 0 0 0 0 0 0 0 0 0 0 0 0 0 0 0 0 0 0 0 0 0 0 0 0 0
 0 0 0 0 0 0 0 0 0 0 0 0 0 0 0 0 0 0 0 0 0 0 0 0 0 0
 0 0 0 0 0 0 0 0 0 0 0 0 0 0 0 0 0 0 0 0 0 0 0 0 0 0
 0.00862536 0 0 0.000197151 0.00414017 0.0128641 0.00837892 0.0270097 0.101434 0.158115 0.152841 0.127902 0.109271 0.109419 0.0830992 0.0579132 0.0238553 0.00714673 0.00463305 0.00128148 0.00103504 0.000492878 0.000147863 0.000147863 4.92878e-05 0
 0 0 0 0 0 0 0 0 0 0 0 0 0 0 0 0 0 0 0 0 0 0 0 0 0 0
 0 0 0 0 0 0 0 0.0054083 0.00873648 0.0413646 0.0450493 0.0745869 0.0622846 0.0627006 0.0613931 0.0827291 0.12552 0.122667 0.0946155 0.0697135 0.0546179 0.0294188 0.0215738 0.0213955 0.0102223 0.00600262
 0 0 0 0 0.00359764 0.0251062 0.0480494 0.140153 0.205849 0.193036 0.1447 0.116669 0.0760912 0.0342217 0.00950174 0.001854 0.000860785 0 0 0 0.000165536 0 0.000143464 0 0 0
 0 0 0 0 0 0 0 0.000145254 0.000435761 0.0275982 0.070085 0.0708112 0.156366 0.174668 0.174014 0.160142 0.0824315 0.0480064 0.0283245 0.00493863 0.00203355 0 0 0 0 0
 0 0 0 0 0 0 0 0 0 0 0 0 0 0 0 0 0 0 0 0 0 0 0 0 0 0
 0 0 1.00437e-05 0.000401748 0.00122533 0.00171747 0.00176769 0.0269171 0.070346 0.194647 0.189555 0.159765 0.064822 0.0314167 0.0384472 0.0292271 0.0345202 0.0313363 0.0194345 0.0106764 0.0143323 0.0359363 0.0279516 0.0138201 0.00172751 0
 0 0.0021121 0.0136068 0.0755702 0.200478 0.177729 0.0527432 0.0373336 0.0318909 0.0142505 0.0149659 0.0166563 0.0217959 0.0798694 0.0677717 0.0528807 0.04013 0.0224614 0.0357745 0.0225083 0.00881397 0.00855152 0.00135912 0.000746735 0 0
 0 0 0 0 5.4009e-05 0.00500934 0.000945158 0.0243581 0.138947 0.33067 0.221406 0.137944 0.0707744 0.0437923 0.0131692 0.00525238 0.0047753 0.00276346 9.45158e-05 9.00151e-06 2.25038e-05 9.00151e-06 4.50075e-06 0 0 0
 0.000866109 0.00284123 0.00948549 0.0512746 0.133035 0.25785 0.225252 0.132002 0.0553304 0.0519788 0.0540692 0.017754 0.00435017 0.00159236 0.00146478 0.000404838 0.000125132 0.000115318 0.000107957 0.000100596 0 0 0 0 0 0
 0 0 0 0 0.00144013 0.00171154 0.00461396 0.0210425 0.0478622 0.0707936 0.0888783 0.103762 0.0637923 0.0337046 0.0602308 0.124433 0.169614 0.0934646 0.0462172 0.0250306 0.0313229 0.00938855 0.002487 0.000210481 0 0
 0 0.00764035 0.051015 0.0998891 0.058973 0.0496711 0.0374665 0.0718981 0.12319 0.153886 0.159021 0.0857701 0.0377988 0.023471 0.0147837 0.00900784 0.00315554 0.000888139 0.00291439 0.00214683 0.00393193 0.00274676 0.000635225 9.99891e-05 0 0
 0 0 0 0 0 0 0 0 0 0 0 0 0 0 0 0 0 0 0 0 0 0 0 0 0 0
 0 0 0 0 0 0 0 0 0 0 0 0 0 0 0 0 0 0 0 0 0 0 0 0 0 0
 0 0 0 0 0 0 0 0 0 0 0 0 0 0 0 0 0 0 0 0 0 0 0 0 0 0
 0 0 0 0 0 0 0 0 0 0 0 0 0 0 0 0 0 0 0 0 0 0 0 0 0 0
 0 0 0 0 0 0 0 0 0 0 0 0 0 0 0 0 0 0 0 0 0 0 0 0 0 0
 0 0 0 0 0 0 0 0 0 0 0 0 0 0 0 0 0 0 0 0 0 0 0 0 0 0
ppred_pel_tallas
 1.26881e-16 4.61113e-06 4.48218e-05 0.000297858 0.00135403 0.00421301 0.00897704 0.0131067 0.013128 0.00908171 0.00456731 0.00239 0.00294589 0.00598298 0.0117435 0.0206097 0.0324891 0.0466906 0.0623119 0.0786442 0.0950114 0.110063 0.121319 0.125751 0.121263 0.108009
 1.76088e-16 8.69334e-06 8.45023e-05 0.000561548 0.00255272 0.00794248 0.0169225 0.0247 0.0247053 0.0169489 0.0080327 0.00282041 0.00126119 0.00170683 0.00338019 0.00637072 0.0111445 0.0184113 0.0291758 0.044629 0.0656365 0.0918804 0.121104 0.149059 0.170434 0.180527
 1.0904e-16 7.66906e-05 0.00074546 0.00495384 0.0225194 0.0700664 0.149284 0.217884 0.217885 0.149287 0.0700784 0.0225544 0.00504279 0.000943557 0.000465395 0.000683875 0.00107111 0.00156804 0.00220481 0.00307927 0.00434234 0.00612796 0.00844913 0.0111182 0.0137443 0.0158241
 1.081e-16 1.88076e-05 0.000182816 0.00121488 0.00552272 0.0171836 0.036614 0.0534537 0.0535229 0.0369519 0.0183177 0.00879663 0.00942581 0.0180841 0.0339491 0.05592 0.0801499 0.0999615 0.108593 0.102998 0.0857675 0.06354 0.043207 0.0287803 0.0207012 0.0171431
 1.16431e-16 3.58385e-05 0.000348363 0.002315 0.0105237 0.0327431 0.0697631 0.101824 0.101837 0.0698286 0.0329648 0.0111718 0.0039705 0.004057 0.00735607 0.0128248 0.0201449 0.0288106 0.038201 0.0478323 0.0572851 0.0657922 0.0719602 0.0741066 0.0711166 0.0631866
 1.00133e-16 8.21414e-05 0.000798443 0.00530594 0.02412 0.0750463 0.159894 0.23337 0.23337 0.159895 0.0750483 0.0241257 0.0053203 0.000829936 0.000142359 0.000106456 0.000148146 0.000192365 0.000225028 0.000242958 0.000251572 0.000260638 0.000276975 0.000299499 0.000319887 0.000327607
 1.00462e-16 9.19284e-06 8.93578e-05 0.000593818 0.00269946 0.00839949 0.0178991 0.0261422 0.0262274 0.0183153 0.00979626 0.00673117 0.010704 0.0221271 0.0417657 0.0687781 0.0984792 0.122583 0.132657 0.12482 0.102139 0.0727232 0.045111 0.0244595 0.0116957 0.00505381
 1.20014e-16 1.84873e-05 0.000179703 0.00119419 0.00542862 0.0168905 0.0359874 0.0525266 0.0525363 0.0360352 0.0170542 0.0059147 0.00246373 0.00311417 0.00606769 0.0112383 0.0190527 0.0298927 0.0439083 0.0607596 0.0791545 0.0964781 0.109082 0.113487 0.107974 0.0935613
 1.01373e-16 8.07796e-05 0.000785206 0.00521797 0.0237201 0.0738022 0.157243 0.229501 0.229502 0.157245 0.0738093 0.0237408 0.00527018 0.000900501 0.000303857 0.000385994 0.000577289 0.000792387 0.00101138 0.00124262 0.00151893 0.00187301 0.00230256 0.00275079 0.00311874 0.00330362
 1.01581e-16 3.47113e-05 0.000337406 0.00224218 0.0101927 0.0317135 0.067571 0.0986332 0.0986878 0.0678376 0.0326085 0.012776 0.00872068 0.0144597 0.026796 0.0440885 0.0631432 0.0786402 0.08519 0.080324 0.0660206 0.0474792 0.0301555 0.0173179 0.00950556 0.00552425
 1.00732e-16 7.90039e-05 0.000767946 0.00510327 0.0231987 0.0721798 0.153787 0.224457 0.224458 0.153795 0.0722083 0.0232812 0.00531191 0.00122833 0.000967727 0.00151207 0.00225677 0.00301622 0.00365262 0.00409138 0.00434061 0.00444694 0.00442881 0.0042536 0.00387684 0.00330041
 1.00375e-16 7.24127e-05 0.000703878 0.00467752 0.0212633 0.0661581 0.140957 0.205734 0.205745 0.141012 0.066341 0.0217913 0.00600179 0.00359115 0.00554525 0.00902505 0.012929 0.0161229 0.0175061 0.0165764 0.0137346 0.0100325 0.00656755 0.00398874 0.00239239 0.00153161
 1.0118e-16 5.91548e-05 0.000575006 0.00382112 0.0173703 0.0540454 0.11515 0.16807 0.168094 0.115267 0.054438 0.018504 0.00666666 0.00678542 0.0118495 0.0194838 0.0280315 0.0351832 0.0386198 0.037258 0.0318844 0.0246136 0.0176276 0.012182 0.00844602 0.00597306
 1.02459e-16 6.33495e-05 0.00061578 0.00409207 0.018602 0.0578778 0.123315 0.179986 0.180002 0.123394 0.0581425 0.0193674 0.00601593 0.00482366 0.00807848 0.0133164 0.0193187 0.0245879 0.0276291 0.0277314 0.0253518 0.0217343 0.018096 0.0150381 0.0125315 0.0102891
 1.01892e-16 6.89757e-05 0.000670468 0.0044555 0.0202541 0.063018 0.134267 0.195969 0.195981 0.134326 0.0632177 0.0208312 0.00590502 0.00383724 0.00609049 0.00997873 0.014413 0.0182199 0.0202514 0.019978 0.0177919 0.0147184 0.0117775 0.00949811 0.00786941 0.00661155
 1.00145e-16 8.0883e-05 0.000786211 0.00522465 0.0237505 0.0738966 0.157445 0.229795 0.229797 0.157452 0.0739206 0.0238199 0.00539878 0.00116635 0.000802865 0.00119936 0.00172002 0.00216304 0.00238331 0.00231558 0.00200839 0.00159004 0.00119122 0.000884495 0.000675515 0.000533109
 1.00908e-16 8.27448e-06 8.0431e-05 0.000534496 0.00242979 0.00756045 0.0161115 0.023533 0.023618 0.0165266 0.0089538 0.0064519 0.0106216 0.0220709 0.0416845 0.0686697 0.0983803 0.122578 0.132873 0.125398 0.103186 0.0742586 0.0470464 0.0266119 0.0138376 0.00697604
 1.00775e-16 8.00297e-05 0.000777917 0.00516953 0.0234999 0.073117 0.155784 0.227371 0.227371 0.155785 0.0731224 0.0235159 0.00521142 0.00087538 0.000282719 0.000386415 0.000654796 0.00104277 0.00155564 0.00218332 0.00287769 0.00353928 0.00402954 0.00421652 0.00403396 0.00351709
 1.01545e-16 3.85501e-05 0.000374721 0.00249016 0.0113199 0.0352207 0.0750433 0.109538 0.109588 0.0752862 0.0360359 0.0136729 0.0083911 0.0132385 0.0244166 0.040167 0.0575378 0.071686 0.0777135 0.0733832 0.0605025 0.0437994 0.0282168 0.0166878 0.00965493 0.00599607
 1.10879e-16 3.0827e-05 0.00029965 0.00199128 0.00905209 0.0281646 0.0600086 0.0875904 0.0876192 0.0601496 0.0286393 0.0104288 0.00546749 0.00795596 0.0147692 0.0248807 0.0370267 0.0490207 0.0585442 0.064351 0.0667261 0.0667631 0.0651762 0.0617711 0.0559513 0.0476219
 1.04141e-16 7.4288e-05 0.000722106 0.00479865 0.021814 0.0678714 0.144607 0.211059 0.211063 0.144625 0.067931 0.0219868 0.00523492 0.00168268 0.0019231 0.00312734 0.00465574 0.00619663 0.00749458 0.00845746 0.00919976 0.0099203 0.0107069 0.011432 0.0118168 0.0115991
 1.01719e-16 6.75516e-05 0.000656626 0.00436351 0.0198359 0.0617169 0.131495 0.191924 0.19194 0.131571 0.0619732 0.0205759 0.00621993 0.00470542 0.00774593 0.0126702 0.0181801 0.022728 0.0247922 0.0236851 0.0199757 0.0151292 0.0106552 0.00741673 0.00549271 0.00448421
 1.06776e-16 6.22092e-06 6.04697e-05 0.000401846 0.00182678 0.00568418 0.0121134 0.0176953 0.0177686 0.0124716 0.00688683 0.00530115 0.00912563 0.0191132 0.0362155 0.0599247 0.0864655 0.109018 0.120592 0.117906 0.103272 0.0829192 0.0631791 0.0475506 0.0363376 0.0281646
 1.05291e-16 7.13464e-05 0.000693512 0.00460863 0.0209502 0.0651838 0.138881 0.202701 0.202702 0.138887 0.0652033 0.0210086 0.00476306 0.00105669 0.000837584 0.00147185 0.00258105 0.00422493 0.00649189 0.00939144 0.0127579 0.0161789 0.019031 0.0206637 0.0206564 0.0190036
 1.05678e-16 4.97884e-05 0.000483961 0.0032161 0.0146199 0.0454882 0.0969186 0.141462 0.141495 0.0970798 0.0460292 0.016182 0.00713459 0.00902982 0.0162565 0.0267378 0.0383821 0.0480134 0.052458 0.0503174 0.0428559 0.033212 0.0245647 0.0186437 0.0154448 0.0139237
 1.13367e-16 2.31773e-05 0.000225292 0.00149715 0.00680584 0.0211757 0.0451187 0.0658609 0.0659031 0.0453253 0.0218705 0.00881631 0.0065574 0.0113172 0.0212212 0.0353916 0.0517837 0.0667909 0.0766873 0.079667 0.0767516 0.0707605 0.0642672 0.0582561 0.0522962 0.04563
 1.05022e-16 7.28652e-05 0.000708275 0.00470674 0.0213962 0.0665714 0.141838 0.207017 0.20702 0.141853 0.0666247 0.0215513 0.00510014 0.00158054 0.00176943 0.00291572 0.00444416 0.00612364 0.00777221 0.00931979 0.0108186 0.0123254 0.0137519 0.0148265 0.0152108 0.0146823
 1.02407e-16 6.53208e-05 0.000634942 0.00421941 0.0191808 0.0596788 0.127153 0.185587 0.185604 0.127239 0.059968 0.0200159 0.00631428 0.00520398 0.008731 0.0143007 0.0205263 0.0256753 0.028039 0.0268514 0.0227644 0.0174356 0.0125617 0.00909508 0.00709141 0.006064
 1.08068e-16 8.5757e-06 8.33589e-05 0.000553953 0.00251823 0.00783552 0.0166969 0.024384 0.0244527 0.0170324 0.00896213 0.00577343 0.0087293 0.0179445 0.0339716 0.0562552 0.0812824 0.102717 0.114063 0.112261 0.0994367 0.0813081 0.0636408 0.0495483 0.0392108 0.0313296
 1.34991e-16 1.12135e-05 0.000108999 0.000724338 0.00329274 0.010245 0.0218284 0.0318612 0.0318709 0.0218762 0.0104084 0.00377745 0.00198874 0.00302753 0.00601946 0.0111525 0.0189185 0.029778 0.0440643 0.0617664 0.0820306 0.102639 0.120049 0.130365 0.130884 0.121311
pSPR Fmed_Fpbrs
0.441758   0.206215 0.206215
Fs Fmed_Fpbrs
0.462308   1.005 1.005
SSBpbr Bo_Bmed_Bpbrs
1.83484e+06  718813  286629 286629
Ro
57470.1
SPR SPRFo_SPRFmed_SPRFpbrs
409095 180721 84361.3
Fref
1.005
log_Ro
10.779
likeval ReclasPelacesDesembMPH_pf_preclas_ppelaces_ptallas_desvR_qrecl_qpela
 29.0214 43.6107 0.120703 0.00202343 307.852 117.278 93.5614 0 119.397 0 0 0.141207 0 0 0
q_reclas_q_pelaces
1 1
M
1
N
 10225.1 39537.8 122464 14882.1 0.102937
 6390.05 3259.51 12222.2 37856.7 4600.48
 189874 1608.76 756.487 2836.6 9853.72
 12816.8 47530.8 370.793 174.358 2924.92
 4720.47 1884.13 5739.1 44.7712 374.221
 285231 377.526 108.617 330.848 24.1541
 7504.85 73410.5 89.9965 25.8926 84.6273
 1888.99 854.691 6501.01 7.96981 9.78729
 71102.7 350.439 136.902 1041.31 2.84428
 9814.86 15719.2 69.4564 27.1337 206.95
 72096.7 1365.54 1775.25 7.84407 26.4363
 151076 21980.5 399.876 519.854 10.0384
 83925.1 32050.6 4143.75 75.3843 99.8949
 67865.4 17684.9 5992.86 774.803 32.7739
 50124.8 8894.76 1857.52 629.456 84.8232
 442058 7343.34 1069.53 223.354 85.887
 11631.9 108825 1658.51 241.556 69.8427
 984608 3025.3 26274.8 400.432 75.1844
 256795 299039 881.81 7658.54 138.632
 82668.4 70227.6 76739.8 226.291 2000.92
 456554 19800.1 15341 16763.5 486.527
 592799 124361 5056.61 3917.82 4405.37
 15019.7 157786 30881 1255.65 2066.8
 356868 4332.81 43203.9 8455.66 909.734
 187087 109939 1284.95 12812.6 2777.42
 35030.2 56471.8 31806.1 371.742 4510.29
 267327 10265.1 15760.1 8876.42 1362.47
 332726 78864.3 2888.24 4434.36 2880.88
 15111.5 106153 24403.6 893.733 2263.61
 6711.17 4753.21 32286.1 7422.3 960.299
pred_Ctot
 872.909 4048.62 12540.1 1523.91 0.0105406
 1314.78 789.383 2959.95 9168.07 1114.14
 39567.2 394.418 185.468 695.448 2415.84
 5230.55 22023.4 171.807 80.789 1355.26
 2623.67 1153.27 3512.88 27.4043 229.059
 55752.4 87.0021 25.0311 76.2451 5.5664
 3589.19 39307.8 48.1889 13.8642 45.3139
 625.252 325.871 2478.66 3.03868 3.73163
 18687.2 107.374 41.9467 319.057 0.871486
 4165.43 7550.41 33.362 13.0331 99.4042
 7925.55 179.389 233.212 1.03046 3.47289
 42257.9 7146.82 130.017 169.027 3.26393
 23702.5 10517.1 1359.73 24.7367 32.7796
 29950.6 8803.83 2983.34 385.709 16.3153
 20507.8 4131.02 862.695 292.34 39.3947
 95498.1 1864.06 271.494 56.697 21.8019
 2215.94 24462.5 372.812 54.2988 15.6998
 110268 404.756 3515.31 53.5739 10.059
 42670.9 58862.2 173.574 1507.49 27.288
 18878.3 18805.9 20549.7 60.5973 535.816
 76762.3 3942.32 3054.48 3337.72 96.8706
 106359 26375 1072.43 830.91 934.311
 2090.23 26122.6 5112.59 207.882 342.175
 37211 540.362 5388.14 1054.54 113.457
 21572.2 15136.4 176.911 1764.04 382.394
 4589.27 8812.48 4963.37 58.0107 703.835
 34079.1 1559.59 2394.46 1348.61 207.003
 28249.3 8032.03 294.157 451.623 293.406
 1402.78 11806.4 2714.2 99.402 251.762
 1327.14 1107.79 7524.66 1729.86 223.809
F
 0.143271 0.174007 0.174007 0.174007 0.174007
 0.379281 0.460647 0.460647 0.460647 0.460647
 0.384984 0.467573 0.467573 0.467573 0.467573
 0.917294 1.11408 1.11408 1.11408 1.11408
 1.52603 1.8534 1.8534 1.8534 1.8534
 0.357232 0.433867 0.433867 0.433867 0.433867
 1.17256 1.42411 1.42411 1.42411 1.42411
 0.68461 0.831477 0.831477 0.831477 0.831477
 0.509241 0.618487 0.618487 0.618487 0.618487
 0.972348 1.18094 1.18094 1.18094 1.18094
 0.187851 0.22815 0.22815 0.22815 0.22815
 0.550466 0.668555 0.668555 0.668555 0.668555
 0.557212 0.676748 0.676748 0.676748 0.676748
 1.03206 1.25347 1.25347 1.25347 1.25347
 0.920722 1.11824 1.11824 1.11824 1.11824
 0.4017 0.487875 0.487875 0.487875 0.487875
 0.346745 0.421131 0.421131 0.421131 0.421131
 0.19167 0.232788 0.232788 0.232788 0.232788
 0.296538 0.360153 0.360153 0.360153 0.360153
 0.429151 0.521215 0.521215 0.521215 0.521215
 0.300521 0.364991 0.364991 0.364991 0.364991
 0.323618 0.393043 0.393043 0.393043 0.393043
 0.243146 0.295307 0.295307 0.295307 0.295307
 0.177434 0.215499 0.215499 0.215499 0.215499
 0.197832 0.240272 0.240272 0.240272 0.240272
 0.227463 0.27626 0.27626 0.27626 0.27626
 0.220744 0.268099 0.268099 0.268099 0.268099
 0.14244 0.172997 0.172997 0.172997 0.172997
 0.156639 0.190242 0.190242 0.190242 0.190242
 0.362096 0.439775 0.439775 0.439775 0.439775
nmprior
 8 8 7 0
nm_flota  nm_reclas  nm_pelaces    nm_pelaL
inf 6.86022 5.19085 7.21582
cv_recla  cv_pelaces  cv_mph
0.498753 0.777072 1.38819
 ------------------------------------------------
Talla a la edad & desviación 
 8 13.2811 15.8009 17.003 17.5766
 0.8 1.32811 1.58009 1.7003 1.75766
