years
 1991 1992 1993 1994 1995 1996 1997 1998 1999 2000 2001 2002 2003 2004 2005 2006 2007 2008 2009 2010 2011 2012 2013 2014 2015 2016 2017 2018 2019 2020
reclasobs
 0 0 0 0 0 0 0 0 0 252601 567819 844713 477998 351125 339783 2.1784e+06 2.13404e+06 4.81314e+06 1.55562e+06 2.62356e+06 3.21686e+06 3.843e+06 1.13348e+06 3.07943e+06 1.97215e+06 2.03268e+06 2.025e+06 2.42433e+06 2.27542e+06 1.05018e+06
reclaspred
 3.06078e+06 1.69845e+06 856119 801710 767484 1.26666e+06 749015 654297 485558 360471 468997 623288 612371 464982 464862 1.3256e+06 1.25501e+06 2.90661e+06 2.40386e+06 1.83135e+06 3.22902e+06 2.58475e+06 2.01346e+06 3.09971e+06 2.30803e+06 2.02485e+06 2.45474e+06 2.63208e+06 2.1224e+06 1.29181e+06
pelacesobs
 0 0 0 0 0 0 0 0 0 0 0 0 0 0 0 552880 188675 0 991730 2.46772e+06 1.41603e+06 1.21717e+06 2.29649e+06 1.80582e+06 0 1.4828e+06 1.56532e+06 1.57751e+06 1.42118e+06 867257
pelacespred
 1.48941e+06 914580 458102 349152 354152 601509 316297 357859 249039 174434 238922 266342 288863 228837 235929 565193 537335 1.44147e+06 1.22481e+06 862727 1.48448e+06 1.28702e+06 1.00114e+06 1.68882e+06 1.20994e+06 1.05897e+06 1.46532e+06 1.54949e+06 1.02859e+06 712257
mphobs
 0 0 0 0 0 0 0 0 0 0 0 498337 0 5186 125008 0 168611 109162 213762 579715 649985 157893 87575 83554 0 0 0 0 0 0
mphpred
 463348 308069 151468 82371 82278 91194.3 123146 70613.7 63650.7 43770.8 29764.6 55880.4 60782.4 50668.7 32936.3 41764.5 152877 141312 289143 218467 240330 294963 275442 222697 310490 253689 207163 226986 319727 211491
desembarqueobs
 494567 514787 250237 358949 120608 361735 552515 73892 212993 205616 52469 317467 293654 387597 252695 516296 358380 742168 942051 627588 828172 859565 418607 520667 417249 300574 407403 355545 319650 289779
desembarquepred
 494572 513753 250679 358983 120613 361740 552523 73896.3 213037 205654 52471.4 317520 293693 387605 252680 516242 358402 742062 941816 627430 828213 859536 418605 520682 417240 300569 407394 355524 319637 289783
Reclutas
 185189 104956 105240 152369 122883 229653 91942.3 40277.7 41130.2 56995.9 108007 143306 118404 82030.9 80431.3 466539 90847.9 712171 411291 331653 468049 616283 123989 379726 315292 140703 328318 364820 96089.4 72669.7
log_desv_Rt
 0.134025 -0.43381 -0.431107 -0.0610483 -0.276125 0.349215 -0.566194 -1.39156 -1.37061 -1.04438 -0.405154 -0.122375 -0.313251 -0.680259 -0.699952 1.05799 -0.578169 1.48096 0.931946 0.716735 1.06122 1.33635 -0.267161 0.852095 0.666146 -0.140703 0.706627 0.81205 -0.522076 -0.80143
SSB
 2.8371e+06 1.88632e+06 927444 504362 503793 558388 754030 432371 389736 268011 182250 342159 372174 310247 201671 255726 936076 865263 1.77044e+06 1.33769e+06 1.47155e+06 1.80608e+06 1.68655e+06 1.36359e+06 1.90114e+06 1.55335e+06 1.26847e+06 1.38985e+06 1.9577e+06 1.29497e+06
BT
 3.85468e+06 2.61752e+06 1.30476e+06 1.10706e+06 913129 1.6971e+06 1.22273e+06 891015 785595 599692 596035 879245 932551 930630 797735 1.72078e+06 1.51908e+06 3.98057e+06 3.72926e+06 2.55184e+06 4.09279e+06 3.77477e+06 2.67424e+06 4.37961e+06 3.17714e+06 2.70915e+06 3.7954e+06 3.93006e+06 2.6369e+06 1.92742e+06
Ftot
 0.150381 0.275992 0.270775 0.439155 0.155176 0.294511 0.669088 0.11111 0.426605 0.55049 0.120828 0.506876 0.473819 0.808357 0.565727 0.429349 0.272003 0.274378 0.384119 0.338452 0.259153 0.332639 0.196971 0.17572 0.17688 0.143727 0.172744 0.142397 0.139489 0.209768
BD_Bspro_t
 0.976291 0.83054 0.658965 0.563702 0.535634 0.610619 0.60381 0.41918 0.47804 0.434937 0.409378 0.64836 0.534371 0.442222 0.329799 0.386837 0.58752 0.555455 0.660181 0.56488 0.542503 0.589797 0.602546 0.591412 0.696395 0.703047 0.709027 0.750475 0.797053 0.725147
BD_Bspro
 2.46084 1.63615 0.804444 0.437472 0.436978 0.484333 0.654029 0.375029 0.338048 0.232467 0.15808 0.296781 0.322815 0.269101 0.174925 0.221811 0.811931 0.750509 1.53564 1.16028 1.27639 1.56655 1.46287 1.18274 1.64901 1.34734 1.10024 1.20552 1.69807 1.12323
BD_Bo
 1.53506 1.02063 0.501809 0.272894 0.272585 0.302125 0.407981 0.233942 0.210873 0.145012 0.0986096 0.185131 0.201371 0.167864 0.109117 0.138365 0.50648 0.468165 0.957927 0.723778 0.796208 0.977208 0.912535 0.737791 1.02865 0.840468 0.686325 0.752001 1.05925 0.700666
BD_Brms
 8.88448 5.90708 2.90433 1.57943 1.57764 1.74861 2.36127 1.35399 1.22047 0.839286 0.570723 1.07148 1.16548 0.97155 0.631539 0.800816 2.93136 2.7096 5.5442 4.18901 4.60822 5.65579 5.28149 4.27012 5.9535 4.86438 3.97225 4.35236 6.13062 4.05525
Sel_flota
 0.752785 0.983009 0.999091 0.999952 0.999997
 0.752785 0.983009 0.999091 0.999952 0.999997
 0.752785 0.983009 0.999091 0.999952 0.999997
 0.752785 0.983009 0.999091 0.999952 0.999997
 0.752785 0.983009 0.999091 0.999952 0.999997
 0.752785 0.983009 0.999091 0.999952 0.999997
 0.752785 0.983009 0.999091 0.999952 0.999997
 0.752785 0.983009 0.999091 0.999952 0.999997
 0.752785 0.983009 0.999091 0.999952 0.999997
 0.752785 0.983009 0.999091 0.999952 0.999997
 0.752785 0.983009 0.999091 0.999952 0.999997
 0.752785 0.983009 0.999091 0.999952 0.999997
 0.752785 0.983009 0.999091 0.999952 0.999997
 0.752785 0.983009 0.999091 0.999952 0.999997
 0.752785 0.983009 0.999091 0.999952 0.999997
 0.752785 0.983009 0.999091 0.999952 0.999997
 0.752785 0.983009 0.999091 0.999952 0.999997
 0.752785 0.983009 0.999091 0.999952 0.999997
 0.752785 0.983009 0.999091 0.999952 0.999997
 0.752785 0.983009 0.999091 0.999952 0.999997
 0.752785 0.983009 0.999091 0.999952 0.999997
 0.752785 0.983009 0.999091 0.999952 0.999997
 0.752785 0.983009 0.999091 0.999952 0.999997
 0.752785 0.983009 0.999091 0.999952 0.999997
 0.752785 0.983009 0.999091 0.999952 0.999997
 0.752785 0.983009 0.999091 0.999952 0.999997
 0.752785 0.983009 0.999091 0.999952 0.999997
 0.752785 0.983009 0.999091 0.999952 0.999997
 0.752785 0.983009 0.999091 0.999952 0.999997
 0.752785 0.983009 0.999091 0.999952 0.999997
Sel_reclas
 1 1 1 1 1
 1 1 1 1 1
 1 1 1 1 1
 1 1 1 1 1
 1 1 1 1 1
 1 1 1 1 1
 1 1 1 1 1
 1 1 1 1 1
 1 1 1 1 1
 1 1 1 1 1
 1 1 1 1 1
 1 1 1 1 1
 1 1 1 1 1
 1 1 1 1 1
 1 1 1 1 1
 1 1 1 1 1
 1 1 1 1 1
 1 1 1 1 1
 1 1 1 1 1
 1 1 1 1 1
 1 1 1 1 1
 1 1 1 1 1
 1 1 1 1 1
 1 1 1 1 1
 1 1 1 1 1
 1 1 1 1 1
 1 1 1 1 1
 1 1 1 1 1
 1 1 1 1 1
 1 1 1 1 1
Sel_pelaces
 1 1 1 1 1
 1 1 1 1 1
 1 1 1 1 1
 1 1 1 1 1
 1 1 1 1 1
 1 1 1 1 1
 1 1 1 1 1
 1 1 1 1 1
 1 1 1 1 1
 1 1 1 1 1
 1 1 1 1 1
 1 1 1 1 1
 1 1 1 1 1
 1 1 1 1 1
 1 1 1 1 1
 1 1 1 1 1
 1 1 1 1 1
 1 1 1 1 1
 1 1 1 1 1
 1 1 1 1 1
 1 1 1 1 1
 1 1 1 1 1
 1 1 1 1 1
 1 1 1 1 1
 1 1 1 1 1
 1 1 1 1 1
 1 1 1 1 1
 1 1 1 1 1
 1 1 1 1 1
 1 1 1 1 1
pf_obs 
 0.8446 0.082 0.0669 0.0065 0
 0.8095 0.147 0.0364 0.0071 0
 0.9664 0.0169 0.016 0.0007 0
 0.9276 0.0648 0.0075 0.0001 0
 0.7033 0.2144 0.0806 0.0017 0
 0.9318 0.0425 0.0243 0.0014 0
 0.5671 0.3108 0.0964 0.0239 0.0018
 0.0768 0.2599 0.5324 0.112 0.0189
 0.490249 0.384438 0.106611 0.0170017 0.00170017
 0.7925 0.1577 0.0466 0.003 0.0002
 0.840416 0.127587 0.0312969 0.00059994 9.999e-05
 0.8084 0.0986 0.0794 0.0134 0.0002
 0.7335 0.1905 0.0724 0.0035 0.0001
 0.4001 0.4547 0.1325 0.0127 0
 0.49795 0.308269 0.164784 0.0264974 0.00249975
 0.9179 0.0499 0.0305 0.0017 0
 0.2467 0.6533 0.0926 0.0074 0
 0.9418 0.0223 0.034 0.0019 0
 0.707729 0.231977 0.0356964 0.0245975 0
 0.517169 0.277429 0.184464 0.0207286 0.00020938
 0.811772 0.124168 0.05621 0.00726502 0.000585176
 0.764997 0.148141 0.077277 0.00933861 0.000247198
 0.163321 0.427699 0.378323 0.0303852 0.000271297
 0.753843 0.0900009 0.118128 0.0371064 0.000921714
 0.721811 0.176058 0.0630433 0.0369309 0.00215725
 0.143369 0.312575 0.442814 0.0836902 0.0175525
 0.692698 0.0596174 0.167031 0.0765114 0.00414204
 0.394062 0.376323 0.152708 0.0712218 0.00568511
 0.125707 0.32114 0.495352 0.0537591 0.00404204
 0.23352 0.215282 0.420074 0.123614 0.00750983
pf_pred 
 0.441446 0.133404 0.399534 0.0256148 8.19654e-07
 0.40991 0.302487 0.0695809 0.204897 0.0131249
 0.560337 0.212725 0.1174 0.0265202 0.083017
 0.708521 0.184353 0.0523296 0.028361 0.0264349
 0.646124 0.272534 0.0518304 0.0144243 0.0150879
 0.760464 0.169292 0.0543118 0.0101554 0.00577715
 0.471881 0.428266 0.070956 0.022348 0.00654931
 0.460438 0.301932 0.193517 0.031358 0.0127554
 0.559631 0.233061 0.116861 0.0736693 0.0167784
 0.726732 0.174115 0.0529746 0.0260427 0.020135
 0.826427 0.136856 0.0235765 0.00702455 0.0061163
 0.731748 0.231303 0.0292368 0.00495336 0.00275835
 0.675175 0.25698 0.0586673 0.00726449 0.001914
 0.620752 0.28153 0.0776368 0.0173675 0.00271417
 0.735348 0.186577 0.0583164 0.015702 0.0040563
 0.938626 0.0488615 0.00887721 0.00271646 0.000919318
 0.354046 0.616584 0.0234772 0.00418214 0.00171103
 0.896773 0.0436639 0.0569016 0.00212774 0.000533577
 0.585074 0.382366 0.0139175 0.0178105 0.000832196
 0.603105 0.260915 0.125503 0.00448096 0.00599618
 0.723343 0.186339 0.0597561 0.0282089 0.00235249
 0.727697 0.211922 0.0409118 0.0128859 0.00658397
 0.300322 0.548097 0.118463 0.0224462 0.0106713
 0.731689 0.0973425 0.134435 0.0285573 0.00797595
 0.61132 0.304782 0.0307745 0.0417801 0.0113435
 0.420778 0.391167 0.148023 0.0146926 0.0253394
 0.729103 0.132552 0.0939426 0.0349571 0.00944522
 0.675987 0.253196 0.0349586 0.0243567 0.0115017
 0.311907 0.504394 0.144088 0.0195632 0.0200485
 0.399966 0.22432 0.276652 0.077716 0.0213456
pobs_RECLAS
 0 0 0 0 0
 0 0 0 0 0
 0 0 0 0 0
 0 0 0 0 0
 0 0 0 0 0
 0 0 0 0 0
 0 0 0 0 0
 0 0 0 0 0
 0 0 0 0 0
 0 0 0 0 0
 0.991045 0.00858322 0.000360255 1.14367e-05 0
 0.934742 0.0480273 0.0164251 0.00080598 0
 0.827803 0.169806 0.00239088 0 0
 0.941827 0.0461693 0.0120037 0 0
 0.791401 0.0380133 0.147996 0.0225897 0
 0.846168 0.0940531 0.0597789 0 0
 0.134021 0.677848 0.182769 0.00536245 0
 0.80878 0.0450904 0.141981 0.00414843 0
 0.846168 0.0940531 0.0597789 0 0
 0.905697 0.0802665 0.012482 0.00150086 5.37128e-05
 0.989698 0.0102097 9.19794e-05 0 0
 0.975433 0.0193895 0.00387452 0.00125025 5.28907e-05
 0.303575 0.632131 0.0575291 0.00676475 0
 0.966965 0.00978017 0.0227588 0.000495775 0
 0.843318 0.132988 0.00938335 0.0141283 0.000182051
 0.564624 0.303363 0.111486 0.0197234 0.00080311
 0.826376 0.0876187 0.0782897 0.00655872 0.00115652
 0.89761 0.0855135 0.0140674 0.00269457 0.000114338
 0.34875 0.467042 0.161289 0.0227151 0.000203297
 0.318654 0.224769 0.449479 0.00709798 0
ppred_RECLAS
 0.511817 0.118068 0.347834 0.0222807 7.12933e-07
 0.479343 0.269152 0.0608884 0.179142 0.0114746
 0.628183 0.181489 0.0985051 0.0222321 0.0695908
 0.763639 0.150453 0.041985 0.022734 0.021189
 0.705998 0.227292 0.0425207 0.0118231 0.0123664
 0.80751 0.136715 0.0431332 0.00805805 0.00458379
 0.54416 0.370899 0.060376 0.0189979 0.00556726
 0.529418 0.26525 0.167242 0.0270768 0.0110135
 0.628442 0.198254 0.0977313 0.0615542 0.0140185
 0.780129 0.140993 0.0421605 0.0207074 0.0160092
 0.862163 0.109062 0.0184826 0.00550205 0.00479043
 0.783515 0.187112 0.0232473 0.00393501 0.00219117
 0.733904 0.211271 0.0474132 0.00586561 0.00154536
 0.687714 0.232908 0.0630778 0.0140971 0.00220296
 0.787436 0.150631 0.0462705 0.0124471 0.0032153
 0.952967 0.0375753 0.00671152 0.00205189 0.000694379
 0.418871 0.555128 0.0207876 0.00369975 0.0015136
 0.920172 0.0340927 0.0436937 0.00163241 0.000409342
 0.650533 0.322481 0.0115409 0.0147559 0.000689436
 0.668007 0.219508 0.103825 0.00370366 0.00495581
 0.775458 0.152073 0.0479619 0.0226212 0.00188642
 0.779297 0.172411 0.0327296 0.0102996 0.00526226
 0.361006 0.502366 0.106798 0.0202182 0.00961161
 0.783207 0.0794904 0.107984 0.0229183 0.00640073
 0.674188 0.25642 0.0254676 0.034545 0.00937869
 0.488919 0.347008 0.129171 0.0128102 0.0220919
 0.780602 0.108273 0.0754804 0.0280625 0.00758199
 0.732805 0.209563 0.0284624 0.0198133 0.0093558
 0.373547 0.46124 0.129613 0.0175825 0.0180179
 0.469131 0.200554 0.243281 0.0682813 0.0187534
pobs_PELACES
 0 0 0 0 0
 0 0 0 0 0
 0 0 0 0 0
 0 0 0 0 0
 0 0 0 0 0
 0 0 0 0 0
 0 0 0 0 0
 0 0 0 0 0
 0 0 0 0 0
 0 0 0 0 0
 0 0 0 0 0
 0 0 0 0 0
 0 0 0 0 0
 0 0 0 0 0
 0 0 0 0 0
 0 0 0 0 0
 0.505614 0.472636 0.0217494 0 0
 0 0 0 0 0
 0.443492 0.261883 0.143347 0.151278 0
 0.227955 0.32914 0.350689 0.0885471 0.00366901
 0.970185 0.0296113 0.000203453 0 0
 0.997202 0.00247181 0.000326279 0 0
 0.445219 0.490057 0.0546422 0.010081 0
 0.90214 0.0892962 0.00764917 0.000914606 0
 0 0 0 0 0
 0.581667 0.319106 0.0959925 0.00289975 0.000334073
 0.762889 0.0836404 0.116647 0.0363945 0.000428098
 0.88444 0.0763242 0.0277011 0.0115352 0
 0.521256 0.241999 0.230069 0.00667565 0
 0.616807 0.101726 0.260614 0.0208532 0
ppred_PELACES
 0.514822 0.117413 0.345626 0.0221383 7.08376e-07
 0.484762 0.266547 0.0602108 0.177134 0.0113459
 0.63315 0.1792 0.0971228 0.0219185 0.0686087
 0.769763 0.146683 0.0408377 0.0221099 0.0206072
 0.708478 0.225417 0.0421352 0.0117154 0.0122537
 0.811034 0.134274 0.0422967 0.00790112 0.0044945
 0.556904 0.360772 0.0585193 0.0184102 0.00539498
 0.531585 0.264097 0.166417 0.0269424 0.0109588
 0.636228 0.194309 0.0955701 0.0601857 0.0137067
 0.787399 0.136478 0.0406913 0.0199827 0.0154488
 0.863267 0.108203 0.0183254 0.00545506 0.00474951
 0.790037 0.181542 0.0224947 0.00380707 0.00211991
 0.740975 0.205765 0.0460615 0.00569761 0.00150109
 0.70098 0.22326 0.0602059 0.0134522 0.00210216
 0.794686 0.145623 0.0445979 0.0119952 0.00309855
 0.954428 0.0364252 0.00649127 0.00198432 0.000671506
 0.423925 0.550336 0.0205784 0.00366223 0.00149825
 0.92175 0.0334467 0.0428033 0.00159902 0.000400968
 0.657174 0.316404 0.0113003 0.0144468 0.000674988
 0.673819 0.215797 0.101886 0.00363416 0.00486279
 0.778945 0.149778 0.0471734 0.0222477 0.00185526
 0.78368 0.169054 0.0320357 0.0100802 0.00515018
 0.364518 0.499718 0.106125 0.0200895 0.0095504
 0.785566 0.0786724 0.106773 0.0226602 0.00632863
 0.677178 0.25412 0.0252154 0.0342013 0.00928532
 0.491709 0.345199 0.1284 0.0127332 0.021959
 0.782922 0.107179 0.0746492 0.0277521 0.00749811
 0.734951 0.207915 0.0282173 0.0196418 0.00927482
 0.376076 0.459468 0.129019 0.0175013 0.0179346
 0.473277 0.199128 0.241281 0.0677161 0.0185981
pobs_pel_tallas
 0 0 0 0 0 0 0 0 0 0 0 0 0 0 0 0 0 0 0 0 0 0 0 0 0 0
 0 0 0 0 0 0 0 0 0 0 0 0 0 0 0 0 0 0 0 0 0 0 0 0 0 0
 0 0 0 0 0 0 0 0 0 0 0 0 0 0 0 0 0 0 0 0 0 0 0 0 0 0
 0 0 0 0 0 0 0 0 0 0 0 0 0 0 0 0 0 0 0 0 0 0 0 0 0 0
 0 0 0 0 0 0 0 0 0 0 0 0 0 0 0 0 0 0 0 0 0 0 0 0 0 0
 0 0 0 0 0 0 0 0 0 0 0 0 0 0 0 0 0 0 0 0 0 0 0 0 0 0
 0 0 0 0 0 0 0 0 0 0 0 0 0 0 0 0 0 0 0 0 0 0 0 0 0 0
 0 0 0 0 0 0 0 0 0 0 0 0 0 0 0 0 0 0 0 0 0 0 0 0 0 0
 0 0 0 0 0 0 0 0 0 0 0 0 0 0 0 0 0 0 0 0 0 0 0 0 0 0
 0 0 0 0 0 0 0 0 0 0 0 0 0 0 0 0 0 0 0 0 0 0 0 0 0 0
 0 0 0 0 0 0 0 0 0 0 0 0 0 0 0 0 0 0 0 0 0 0 0 0 0 0
 0 0 0 0 0 0 0 0 0 0 0 0 0 0 0 0 0 0 0 0 0 0 0 0 0 0
 0.00862536 0 0 0.000197151 0.00414017 0.0128641 0.00837892 0.0270097 0.101434 0.158115 0.152841 0.127902 0.109271 0.109419 0.0830992 0.0579132 0.0238553 0.00714673 0.00463305 0.00128148 0.00103504 0.000492878 0.000147863 0.000147863 4.92878e-05 0
 0 0 0 0 0 0 0 0 0 0 0 0 0 0 0 0 0 0 0 0 0 0 0 0 0 0
 0 0 0 0 0 0 0 0.0054083 0.00873648 0.0413646 0.0450493 0.0745869 0.0622846 0.0627006 0.0613931 0.0827291 0.12552 0.122667 0.0946155 0.0697135 0.0546179 0.0294188 0.0215738 0.0213955 0.0102223 0.00600262
 0 0 0 0 0.00359764 0.0251062 0.0480494 0.140153 0.205849 0.193036 0.1447 0.116669 0.0760912 0.0342217 0.00950174 0.001854 0.000860785 0 0 0 0.000165536 0 0.000143464 0 0 0
 0 0 0 0 0 0 0 0.000145254 0.000435761 0.0275982 0.070085 0.0708112 0.156366 0.174668 0.174014 0.160142 0.0824315 0.0480064 0.0283245 0.00493863 0.00203355 0 0 0 0 0
 0 0 0 0 0 0 0 0 0 0 0 0 0 0 0 0 0 0 0 0 0 0 0 0 0 0
 0 0 1.00437e-05 0.000401748 0.00122533 0.00171747 0.00176769 0.0269171 0.070346 0.194647 0.189555 0.159765 0.064822 0.0314167 0.0384472 0.0292271 0.0345202 0.0313363 0.0194345 0.0106764 0.0143323 0.0359363 0.0279516 0.0138201 0.00172751 0
 0 0.0021121 0.0136068 0.0755702 0.200478 0.177729 0.0527432 0.0373336 0.0318909 0.0142505 0.0149659 0.0166563 0.0217959 0.0798694 0.0677717 0.0528807 0.04013 0.0224614 0.0357745 0.0225083 0.00881397 0.00855152 0.00135912 0.000746735 0 0
 0 0 0 0 5.4009e-05 0.00500934 0.000945158 0.0243581 0.138947 0.33067 0.221406 0.137944 0.0707744 0.0437923 0.0131692 0.00525238 0.0047753 0.00276346 9.45158e-05 9.00151e-06 2.25038e-05 9.00151e-06 4.50075e-06 0 0 0
 0.000866109 0.00284123 0.00948549 0.0512746 0.133035 0.25785 0.225252 0.132002 0.0553304 0.0519788 0.0540692 0.017754 0.00435017 0.00159236 0.00146478 0.000404838 0.000125132 0.000115318 0.000107957 0.000100596 0 0 0 0 0 0
 0 0 0 0 0.00144013 0.00171154 0.00461396 0.0210425 0.0478622 0.0707936 0.0888783 0.103762 0.0637923 0.0337046 0.0602308 0.124433 0.169614 0.0934646 0.0462172 0.0250306 0.0313229 0.00938855 0.002487 0.000210481 0 0
 0 0.00764035 0.051015 0.0998891 0.058973 0.0496711 0.0374665 0.0718981 0.12319 0.153886 0.159021 0.0857701 0.0377988 0.023471 0.0147837 0.00900784 0.00315554 0.000888139 0.00291439 0.00214683 0.00393193 0.00274676 0.000635225 9.99891e-05 0 0
 0 0 0 0 0 0 0 0 0 0 0 0 0 0 0 0 0 0 0 0 0 0 0 0 0 0
 0 0 0 0 0 0 0 0 0 0 0 0 0 0 0 0 0 0 0 0 0 0 0 0 0 0
 0 0 0 0 0 0 0 0 0 0 0 0 0 0 0 0 0 0 0 0 0 0 0 0 0 0
 0 0 0 0 0 0 0 0 0 0 0 0 0 0 0 0 0 0 0 0 0 0 0 0 0 0
 0 0 0 0 0 0 0 0 0 0 0 0 0 0 0 0 0 0 0 0 0 0 0 0 0 0
 0 0 0 0 0 0 0 0 0 0 0 0 0 0 0 0 0 0 0 0 0 0 0 0 0 0
ppred_pel_tallas
 1.12225e-16 4.24053e-05 0.000412194 0.00273918 0.0124519 0.0387426 0.0825456 0.12048 0.120492 0.0826036 0.038939 0.0130257 0.00420414 0.00369166 0.00650889 0.0113131 0.0177323 0.0252884 0.0334094 0.0416528 0.0496486 0.0567349 0.0617065 0.0631061 0.059981 0.0525478
 1.2149e-16 3.99293e-05 0.000388127 0.00257924 0.0117249 0.0364806 0.0777266 0.11345 0.113475 0.0778527 0.0369041 0.0129497 0.00565931 0.00713151 0.0129075 0.0214445 0.0313124 0.0403424 0.0464309 0.0488147 0.048593 0.0479368 0.0485669 0.0506745 0.0529751 0.0536396
 1.16658e-16 5.21518e-05 0.000506934 0.00336876 0.0153139 0.0476473 0.101518 0.148172 0.14819 0.101603 0.0479334 0.016142 0.00545395 0.00508108 0.00880548 0.0146515 0.0215254 0.0279872 0.0326257 0.0348651 0.0353036 0.0352216 0.0356474 0.0367269 0.0377855 0.0378717
 1.06921e-16 6.34043e-05 0.000616313 0.00409562 0.0186181 0.0579279 0.123422 0.180141 0.180155 0.123491 0.0581607 0.0192911 0.00578712 0.00431613 0.00711191 0.0117161 0.0170146 0.0217104 0.0245385 0.0249524 0.0234512 0.0212123 0.0193234 0.0182164 0.0176392 0.0170282
 1.04523e-16 5.83565e-05 0.000567246 0.00376955 0.0171358 0.053316 0.113596 0.165802 0.165823 0.113703 0.0536729 0.0181668 0.00635852 0.00622234 0.0108084 0.017803 0.0257048 0.0324647 0.0360367 0.0354885 0.0315507 0.0260989 0.0209989 0.0172172 0.0147141 0.0129227
 1.02808e-16 6.68038e-05 0.000649357 0.00431521 0.0196163 0.0610337 0.130039 0.189799 0.189812 0.130103 0.0612468 0.0202324 0.00586343 0.00403525 0.00651518 0.0107122 0.0155349 0.0197663 0.0222081 0.0223017 0.0204362 0.0176375 0.0149011 0.0127057 0.0109937 0.00947567
 1.04541e-16 4.58715e-05 0.000445887 0.00296308 0.0134698 0.0419096 0.0892941 0.130335 0.130369 0.0894641 0.0424804 0.0151186 0.00710264 0.00948502 0.0172201 0.028415 0.0409745 0.0516252 0.0570581 0.0557473 0.0488473 0.0393786 0.0303877 0.023519 0.0188271 0.015517
 1.09427e-16 4.3786e-05 0.000425615 0.00282837 0.0128574 0.0400041 0.085234 0.124407 0.124433 0.0853595 0.0404261 0.0140788 0.00590432 0.00717374 0.0129574 0.0216073 0.0317186 0.0411352 0.0476525 0.0502069 0.0493925 0.0468127 0.0438472 0.0408816 0.0374837 0.0331291
 1.11164e-16 5.24053e-05 0.000509398 0.00338513 0.0153883 0.0478789 0.102012 0.148893 0.148912 0.102104 0.0481888 0.0162852 0.00564275 0.00545932 0.00951733 0.0158218 0.0231944 0.0300436 0.034791 0.0367505 0.0365025 0.035375 0.0344571 0.0339497 0.0332647 0.0316212
 1.05828e-16 6.4857e-05 0.000630433 0.00418945 0.0190447 0.059255 0.12625 0.184268 0.184281 0.126314 0.0594717 0.0196711 0.00576398 0.00407482 0.00662786 0.0109122 0.015852 0.0202358 0.0228831 0.0232757 0.0218615 0.0197155 0.0178337 0.0166167 0.0158516 0.0150559
 1.01908e-16 7.11062e-05 0.000691177 0.00459312 0.0208796 0.0649644 0.138414 0.202021 0.202032 0.138465 0.0651356 0.0213743 0.0058351 0.00340352 0.00522556 0.00853507 0.0123092 0.0155251 0.0171931 0.0168623 0.0148849 0.0121687 0.00962223 0.00772501 0.0064716 0.00559769
 1.01437e-16 6.50743e-05 0.000632546 0.00420349 0.0191085 0.0594536 0.126673 0.184886 0.184904 0.126758 0.0597406 0.0199372 0.00628351 0.00517232 0.00868415 0.0142463 0.0204983 0.0257392 0.0282798 0.0273389 0.0235033 0.0183265 0.0134012 0.00962753 0.00709628 0.0054405
 1.02208e-16 6.10332e-05 0.000593264 0.00394245 0.0179218 0.0557615 0.118807 0.173406 0.173426 0.118904 0.0560874 0.0188635 0.00630742 0.00576002 0.0098853 0.0162759 0.0235095 0.0297062 0.0329835 0.0324583 0.0287474 0.0235066 0.0184019 0.0143285 0.0113305 0.00902629
 1.035e-16 5.77388e-05 0.000561242 0.00372965 0.0169545 0.0527517 0.112394 0.164047 0.164068 0.112499 0.0531058 0.0179776 0.00630005 0.00617989 0.0107504 0.0177384 0.0256805 0.0325725 0.0364016 0.036227 0.0327069 0.0275877 0.0225911 0.018587 0.0155386 0.0129919
 1.03052e-16 6.54572e-05 0.000636268 0.00422822 0.0192209 0.0598034 0.127418 0.185973 0.185987 0.127487 0.0600345 0.0198889 0.00590707 0.00430771 0.00705735 0.0116139 0.016842 0.0214277 0.0240733 0.0241761 0.0221626 0.0191484 0.0162131 0.0138697 0.0120449 0.0104129
 1.0051e-16 7.8615e-05 0.000764165 0.00507815 0.0230845 0.0718245 0.15303 0.223352 0.223356 0.153047 0.0718822 0.0232511 0.00549632 0.00167745 0.00181431 0.00287816 0.00414595 0.00522943 0.0057913 0.00567791 0.00500493 0.00407466 0.0031905 0.00251399 0.00204735 0.00170929
 1.01356e-16 3.49183e-05 0.000339418 0.00225556 0.0102535 0.0319026 0.0679738 0.0992209 0.0992738 0.0682325 0.0327709 0.0127602 0.00854311 0.0140499 0.0260285 0.0428566 0.0614549 0.0766946 0.0833725 0.0790892 0.0657102 0.0481748 0.0316463 0.0191899 0.0112975 0.00687411
 1.01473e-16 7.59233e-05 0.000738002 0.00490428 0.0222942 0.0693654 0.14779 0.215705 0.215708 0.147807 0.0694195 0.0224512 0.00530136 0.00161412 0.00176701 0.00287166 0.00429305 0.00573771 0.00694901 0.00778757 0.00827211 0.00849446 0.00849061 0.00819545 0.00751707 0.00644966
 1.01971e-16 5.41306e-05 0.000526169 0.00349658 0.015895 0.0494553 0.105371 0.153798 0.153829 0.10552 0.0499546 0.0173364 0.00711242 0.00841164 0.0150069 0.0246636 0.0353844 0.0442084 0.0481641 0.0458975 0.0385021 0.0288208 0.0197942 0.0131202 0.00899116 0.00668713
 1.04183e-16 5.55016e-05 0.000539496 0.00358514 0.0162975 0.0507078 0.108039 0.157691 0.157711 0.108141 0.0510513 0.0172912 0.00608447 0.00601276 0.0105005 0.0174019 0.0253644 0.0325204 0.036976 0.0378115 0.0355522 0.0316709 0.0275672 0.0238693 0.020479 0.0170791
 1.03945e-16 6.41607e-05 0.000623665 0.00414447 0.0188402 0.0586189 0.124894 0.18229 0.182304 0.124965 0.0588567 0.0195277 0.00587255 0.0044038 0.00726628 0.0119718 0.0173836 0.0221667 0.0250049 0.0252961 0.0234889 0.0207225 0.0180734 0.0160112 0.0143907 0.012818
 1.02851e-16 6.45507e-05 0.000627456 0.00416967 0.0189547 0.0589752 0.125654 0.183398 0.183415 0.125733 0.0592429 0.0197279 0.00611134 0.00486867 0.00812688 0.0133531 0.0192769 0.0243429 0.0270118 0.026578 0.0235803 0.019416 0.0154783 0.0124947 0.0104507 0.00894808
 1.06822e-16 3.0025e-05 0.000291853 0.00193947 0.00881658 0.0274319 0.0584484 0.0853172 0.0853654 0.058684 0.0282233 0.0111032 0.00768187 0.0128367 0.0238818 0.0395039 0.0570675 0.0721056 0.0800668 0.0788332 0.0699408 0.057451 0.045432 0.0360382 0.0293069 0.0242025
 1.06445e-16 6.4706e-05 0.000628965 0.0041797 0.0190003 0.059117 0.125955 0.183837 0.183845 0.125993 0.0592447 0.019371 0.0051179 0.00270225 0.00407626 0.00683029 0.0102869 0.0138884 0.0170912 0.0196206 0.0215506 0.0230777 0.0241979 0.0246017 0.0238796 0.0218416
 1.05794e-16 5.57783e-05 0.000542185 0.00360301 0.0163788 0.0509606 0.108578 0.158478 0.158502 0.108698 0.0513624 0.0175391 0.0065154 0.00689978 0.0121301 0.0199676 0.0287699 0.0362175 0.0400035 0.0391092 0.0344338 0.028197 0.0225959 0.0187483 0.0165393 0.0151753
 1.08787e-16 4.05015e-05 0.000393689 0.00261621 0.0118929 0.0370034 0.078841 0.115078 0.115111 0.0790042 0.037552 0.0134789 0.00660333 0.00911803 0.0166695 0.0276507 0.0401944 0.0513134 0.057967 0.0587285 0.054566 0.0480361 0.0415876 0.0363458 0.0321008 0.0281074
 1.06234e-16 6.44883e-05 0.000626849 0.00416563 0.0189364 0.0589181 0.125532 0.183219 0.18323 0.125583 0.0590897 0.0194334 0.00541821 0.00337801 0.00533897 0.00885491 0.0130578 0.0170737 0.0200517 0.0216033 0.021988 0.0218274 0.0215914 0.0212928 0.0205911 0.0191349
 1.04407e-16 6.0537e-05 0.000588441 0.0039104 0.0177761 0.0553082 0.117841 0.171996 0.172016 0.117939 0.0556371 0.0187261 0.00629527 0.00579575 0.00995378 0.0163704 0.0236044 0.0297506 0.0329188 0.0322625 0.02849 0.0233818 0.0187065 0.0153753 0.0133262 0.0119701
 1.08631e-16 3.0977e-05 0.000301108 0.00200097 0.00909614 0.0283017 0.0603014 0.088021 0.0880654 0.0605183 0.0290304 0.0112022 0.00729246 0.0118689 0.0220486 0.0365279 0.0529118 0.0671556 0.075134 0.0749207 0.0678753 0.0575907 0.0476018 0.0396833 0.0337343 0.028785
 1.16953e-16 3.89832e-05 0.000378931 0.00251813 0.0114471 0.0356162 0.0758847 0.11076 0.11078 0.0759804 0.0359384 0.0123825 0.00488361 0.00560043 0.0101254 0.0171236 0.0257114 0.034541 0.0422253 0.0480947 0.0524284 0.0558749 0.0585887 0.0598904 0.0587253 0.0544619
pSPR Fmed_Fpbrs
0.615027   0.22278 0.22278
Fs Fmed_Fpbrs
0.272793   1.005 1.005
SSBpbr Bo_Bmed_Bpbrs
1.8482e+06  1.04428e+06  319332 319332
Ro
161961
SPR SPRFo_SPRFmed_SPRFpbrs
1.1529e+06 709065 256843
Fref
1.005
log_Ro
11.8151
likeval ReclasPelacesDesembMPH_pf_preclas_ppelaces_ptallas_desvR_qrecl_qpela
 12.2181 17.8074 0.0373723 0.000826821 228.416 104.795 77.0389 0 25.4526 2.20134e-07 0 0.191083 0 0 0
q_reclas_q_pelaces
0.935677 1
M
1
N
 185189 43466.3 128208 8213 0.262799
 104956 60835.6 13793 40585.6 2599.65
 105240 31367.8 17062.3 3851.33 12055.5
 152369 31576.5 8842.84 4789.1 4463.69
 122883 40274.4 7543.74 2097.72 2194.12
 229653 40222.1 12720 2376.63 1351.94
 91942.3 67685.2 11077.4 3486.62 1021.76
 40277.7 20439.7 12899 2088.46 849.485
 41130.2 13628.4 6741.34 4246.68 967.157
 56995.9 10974.8 3296.29 1619.38 1251.98
 108007 13854.1 2350.12 699.638 609.151
 143306 36279.1 4525.84 766.244 426.679
 118404 35996.1 8109.03 1003.39 264.357
 82030.9 30490.6 8311.52 1858.17 290.382
 80431.3 16421.3 5067.25 1363.45 352.209
 466539 19327.6 3464.13 1059.27 358.472
 90847.9 124230 4662.16 829.861 339.506
 712171 27232.9 34979.1 1306.98 327.741
 411291 213102 7650.03 9782.78 457.082
 331653 113312 53741.1 1917.34 2565.58
 468049 94567 29887.5 14098 1175.66
 616283 141668 26965.5 8486.89 4336.16
 123989 176496 37581 7115.12 3382.51
 379726 39327.2 53499.7 11355.5 3171.44
 315292 122385 12172.5 16512.5 4483.01
 140703 101529 37837.3 3752.65 6471.66
 328318 46453.7 32429.3 12057.6 3257.78
 364820 106053 14420.4 10039 4740.41
 96089.4 120568 33918.6 4601.49 4715.44
 72669.7 31825.7 38671.1 10854.7 2981.26
pred_Ctot
 12645.8 3821.56 11445.2 733.772 0.0234802
 12658.9 9341.46 2148.81 6327.69 405.327
 12472.9 4735.19 2613.29 590.33 1847.93
 27850.3 7246.51 2056.96 1114.8 1039.09
 8645.99 3646.86 693.559 193.017 201.895
 29392.4 6543.25 2099.19 392.515 223.291
 23950.8 21737.1 3601.45 1134.29 332.417
 2056.94 1348.84 864.51 140.087 56.9832
 7330.16 3052.68 1530.67 964.936 219.767
 12640 3028.37 921.382 452.959 350.207
 5980.29 990.335 170.607 50.832 44.2595
 29637.3 9368.28 1184.15 200.621 111.719
 23113.2 8797.17 2008.35 248.685 65.5218
 24820.8 11257 3104.31 694.44 108.526
 18250.1 4630.54 1447.32 389.696 100.67
 83612.6 4352.57 790.78 241.982 81.8927
 10811.9 18829.4 716.952 127.715 52.2519
 85435.1 4159.84 5420.99 202.709 50.8336
 66837 43680.2 1589.89 2034.62 95.0674
 48140 20826.3 10017.7 357.671 478.617
 53278.5 13725 4401.39 2077.75 173.275
 88071.4 25648.4 4951.46 1559.55 796.842
 10932.4 19952 4312.33 817.091 388.459
 30064.1 3999.67 5523.74 1173.38 327.721
 25118.5 12523.2 1264.49 1716.7 466.091
 9201.76 8554.21 3237.03 321.305 554.133
 25577.1 4649.95 3295.53 1226.3 331.34
 23647.6 8857.4 1222.94 852.054 402.357
 6106.77 9875.44 2821.08 383.025 392.527
 6797.1 3812.13 4701.48 1320.72 362.752
F
 0.113204 0.147826 0.150244 0.150374 0.15038
 0.207763 0.271303 0.275742 0.275979 0.275992
 0.203836 0.266175 0.270529 0.270762 0.270774
 0.33059 0.431694 0.438756 0.439134 0.439154
 0.116815 0.15254 0.155035 0.155169 0.155176
 0.221703 0.289507 0.294243 0.294496 0.29451
 0.50368 0.65772 0.66848 0.669056 0.669087
 0.0836417 0.109222 0.111009 0.111104 0.111109
 0.321142 0.419357 0.426218 0.426585 0.426604
 0.414401 0.541137 0.54999 0.550464 0.550489
 0.0909577 0.118775 0.120718 0.120822 0.120828
 0.381569 0.498264 0.506416 0.506852 0.506875
 0.356684 0.465768 0.473388 0.473796 0.473818
 0.608519 0.794622 0.807622 0.808318 0.808355
 0.425871 0.556115 0.565213 0.5657 0.565726
 0.323208 0.422054 0.428959 0.429328 0.429348
 0.20476 0.267382 0.271756 0.27199 0.272003
 0.206548 0.269716 0.274128 0.274365 0.274377
 0.289159 0.377593 0.38377 0.384101 0.384118
 0.254781 0.332701 0.338144 0.338436 0.338451
 0.195086 0.254749 0.258917 0.25914 0.259152
 0.250406 0.326987 0.332336 0.332623 0.332638
 0.148277 0.193625 0.196792 0.196962 0.196971
 0.13228 0.172735 0.175561 0.175712 0.17572
 0.133153 0.173875 0.176719 0.176871 0.17688
 0.108195 0.141285 0.143596 0.14372 0.143726
 0.13004 0.169809 0.172587 0.172736 0.172744
 0.107194 0.139978 0.142268 0.14239 0.142397
 0.105005 0.137119 0.139362 0.139482 0.139488
 0.157911 0.206204 0.209578 0.209758 0.209768
nmprior
 8 8 7 0
nm_flota  nm_reclas  nm_pelaces    nm_pelaL
inf 12.8184 15.2956 26.3925
cv_recla  cv_pelaces  cv_mph
0.323615 0.496552 0.887383
 ------------------------------------------------
Talla a la edad & desviación 
 8 13.2811 15.8009 17.003 17.5766
 0.8 1.32811 1.58009 1.7003 1.75766
