years
 1991 1992 1993 1994 1995 1996 1997 1998 1999 2000 2001 2002 2003 2004 2005 2006 2007 2008 2009 2010 2011 2012 2013 2014 2015 2016 2017 2018 2019 2020
reclasobs
 0 0 0 0 0 0 0 0 0 252601 567819 844713 477998 351125 339783 2.1784e+06 2.13404e+06 4.81314e+06 1.55562e+06 2.62356e+06 3.21686e+06 3.843e+06 1.13348e+06 3.07943e+06 1.97215e+06 2.03268e+06 2.025e+06 2.42433e+06 2.27542e+06 1.05018e+06
reclaspred
 3.70283e+06 1.7572e+06 895738 693043 495296 2.41728e+06 1.21543e+06 803452 526799 264079 481980 784920 770504 541548 444188 1.54779e+06 985935 3.71623e+06 2.80385e+06 1.96837e+06 3.22203e+06 2.82367e+06 1.74921e+06 3.12368e+06 2.2272e+06 1.7411e+06 2.28265e+06 2.85631e+06 2.1079e+06 833915
pelacesobs
 0 0 0 0 0 0 0 0 0 0 0 0 0 0 0 552880 188675 0 991730 2.46772e+06 1.41603e+06 1.21717e+06 2.29649e+06 1.80582e+06 0 1.4828e+06 1.56532e+06 1.57751e+06 1.42118e+06 867257
pelacespred
 2.93951e+06 1.30206e+06 556951 291689 263165 1.25723e+06 659087 626704 303849 108853 252825 340899 382967 242987 196825 615368 496086 1.91801e+06 1.60081e+06 997055 1.66416e+06 1.46211e+06 1.10555e+06 1.92402e+06 1.46843e+06 1.18942e+06 1.55119e+06 1.93163e+06 1.49452e+06 613054
mphobs
 0 0 0 0 0 0 0 0 0 0 0 498337 0 5186 125008 0 168611 109162 213762 579715 649985 157893 87575 83554 0 0 0 0 0 0
mphpred
 674727 370660 148325 88664.3 58701.4 59424.3 279645 108568 77966.2 36497.7 16600 63196 71794.6 54091.9 27707.7 31396.1 171966 92781.9 404243 230615 243826 292997 304712 180323 340549 255983 176487 228188 394825 192957
desembarqueobs
 494567 514787 250237 358949 120608 361735 552515 73892 212993 205616 52469 317467 293654 387597 252695 516296 358380 742168 942051 627588 828172 859565 418607 520667 417249 300574 407403 355545 319650 289779
desembarquepred
 494517 514584 250008 358867 120589 361624 552166 73887.9 212941 205553 52465.3 317351 293499 387196 252522 515995 358343 741736 941136 626872 828005 859006 418433 520535 417049 300462 407249 355393 319491 289619
Reclutas
 98341.9 84984.9 96976.2 72505.2 43901.3 249975 51712.6 17105.5 26522.6 35903.8 53193.2 107526 87452.7 66667.5 47544.3 265489 33317 453815 239801 211684 246454 389994 45594.7 190946 148370 54280.8 150095 178270 37574.4 23974.9
log_desv_Rt
 0.101866 -0.0441106 0.0878814 -0.202927 -0.70464 1.03478 -0.540883 -1.64718 -1.20859 -0.905741 -0.512653 0.191144 -0.0154865 -0.286868 -0.624923 1.09499 -0.980516 1.63111 0.993224 0.868509 1.02059 1.47955 -0.666794 0.765407 0.513128 -0.492413 0.524683 0.696714 -0.860263 -1.30958
SSB
 1.11839e+06 614385 245855 146965 97300 98498.4 463523 179957 129232 60496.4 27515.2 104750 119003 89659.7 45926.7 52040.5 285040 153790 670051 382255 404152 485655 505073 298893 564474 424302 292535 378231 654440 319834
BT
 1.63402e+06 1.07097e+06 485090 443582 238671 1.22611e+06 794353 380154 375588 261617 220597 484166 510207 566959 390459 870192 530088 2.06349e+06 1.81173e+06 1.09877e+06 1.74958e+06 1.64166e+06 894399 1.76003e+06 1.14228e+06 867273 1.41435e+06 1.58088e+06 935944 555782
Ftot
 0.397542 0.846851 0.849799 1.51723 0.775707 0.561223 1.24405 0.289796 1.24447 2.19402 0.410225 1.31656 1.22947 2.14056 1.85232 1.21167 1.04726 0.74082 1.04277 1.03044 0.853221 1.00467 0.707552 0.592088 0.595807 0.535798 0.622424 0.442978 0.445305 0.97732
BD_Bspro_t
 0.938801 0.61483 0.337862 0.250346 0.166461 0.207184 0.460089 0.223349 0.223642 0.144514 0.0956839 0.357692 0.264908 0.184114 0.100279 0.115151 0.299435 0.185499 0.417075 0.269565 0.242396 0.275526 0.302416 0.230494 0.391146 0.382023 0.353668 0.447035 0.560613 0.386738
BD_Bspro
 1.76894 0.971762 0.388864 0.232452 0.153898 0.155793 0.733146 0.284634 0.204404 0.0956861 0.0435203 0.165681 0.188224 0.141813 0.0726413 0.0823114 0.450843 0.243247 1.05981 0.604605 0.63924 0.768151 0.798864 0.472754 0.892818 0.671111 0.462697 0.59824 1.03512 0.505875
BD_Bo
 0.911964 0.500986 0.200477 0.119839 0.079341 0.0803182 0.377969 0.146741 0.105379 0.0493304 0.0224367 0.085416 0.0970378 0.0731109 0.0374498 0.0424352 0.232429 0.125404 0.546377 0.311701 0.329556 0.396016 0.41185 0.243726 0.460287 0.345987 0.238541 0.308419 0.533648 0.260801
BD_Brms
 1.65812 0.910884 0.364503 0.217889 0.144256 0.146033 0.687217 0.266803 0.191599 0.0896916 0.0407939 0.155302 0.176432 0.132929 0.0680906 0.0771548 0.422599 0.228008 0.993413 0.566728 0.599193 0.720028 0.748817 0.443137 0.836885 0.629067 0.43371 0.560762 0.970269 0.474184
Sel_flota
 0.616196 0.968259 0.998278 0.999909 0.999995
 0.616196 0.968259 0.998278 0.999909 0.999995
 0.616196 0.968259 0.998278 0.999909 0.999995
 0.616196 0.968259 0.998278 0.999909 0.999995
 0.616196 0.968259 0.998278 0.999909 0.999995
 0.616196 0.968259 0.998278 0.999909 0.999995
 0.616196 0.968259 0.998278 0.999909 0.999995
 0.616196 0.968259 0.998278 0.999909 0.999995
 0.616196 0.968259 0.998278 0.999909 0.999995
 0.616196 0.968259 0.998278 0.999909 0.999995
 0.616196 0.968259 0.998278 0.999909 0.999995
 0.616196 0.968259 0.998278 0.999909 0.999995
 0.616196 0.968259 0.998278 0.999909 0.999995
 0.616196 0.968259 0.998278 0.999909 0.999995
 0.616196 0.968259 0.998278 0.999909 0.999995
 0.616196 0.968259 0.998278 0.999909 0.999995
 0.616196 0.968259 0.998278 0.999909 0.999995
 0.616196 0.968259 0.998278 0.999909 0.999995
 0.616196 0.968259 0.998278 0.999909 0.999995
 0.616196 0.968259 0.998278 0.999909 0.999995
 0.616196 0.968259 0.998278 0.999909 0.999995
 0.616196 0.968259 0.998278 0.999909 0.999995
 0.616196 0.968259 0.998278 0.999909 0.999995
 0.616196 0.968259 0.998278 0.999909 0.999995
 0.616196 0.968259 0.998278 0.999909 0.999995
 0.616196 0.968259 0.998278 0.999909 0.999995
 0.616196 0.968259 0.998278 0.999909 0.999995
 0.616196 0.968259 0.998278 0.999909 0.999995
 0.616196 0.968259 0.998278 0.999909 0.999995
 0.616196 0.968259 0.998278 0.999909 0.999995
Sel_reclas
 0.871091 1 1 1 1
 0.871091 1 1 1 1
 0.871091 1 1 1 1
 0.871091 1 1 1 1
 0.871091 1 1 1 1
 0.871091 1 1 1 1
 0.871091 1 1 1 1
 0.871091 1 1 1 1
 0.871091 1 1 1 1
 0.871091 1 1 1 1
 0.871091 1 1 1 1
 0.871091 1 1 1 1
 0.871091 1 1 1 1
 0.871091 1 1 1 1
 0.871091 1 1 1 1
 0.871091 1 1 1 1
 0.871091 1 1 1 1
 0.871091 1 1 1 1
 0.871091 1 1 1 1
 0.871091 1 1 1 1
 0.871091 1 1 1 1
 0.871091 1 1 1 1
 0.871091 1 1 1 1
 0.871091 1 1 1 1
 0.871091 1 1 1 1
 0.871091 1 1 1 1
 0.871091 1 1 1 1
 0.871091 1 1 1 1
 0.871091 1 1 1 1
 0.871091 1 1 1 1
Sel_pelaces
 0.446345 0.802262 0.953311 0.990362 0.99807
 0.446345 0.802262 0.953311 0.990362 0.99807
 0.446345 0.802262 0.953311 0.990362 0.99807
 0.446345 0.802262 0.953311 0.990362 0.99807
 0.446345 0.802262 0.953311 0.990362 0.99807
 0.446345 0.802262 0.953311 0.990362 0.99807
 0.446345 0.802262 0.953311 0.990362 0.99807
 0.446345 0.802262 0.953311 0.990362 0.99807
 0.446345 0.802262 0.953311 0.990362 0.99807
 0.446345 0.802262 0.953311 0.990362 0.99807
 0.446345 0.802262 0.953311 0.990362 0.99807
 0.446345 0.802262 0.953311 0.990362 0.99807
 0.446345 0.802262 0.953311 0.990362 0.99807
 0.446345 0.802262 0.953311 0.990362 0.99807
 0.446345 0.802262 0.953311 0.990362 0.99807
 0.446345 0.802262 0.953311 0.990362 0.99807
 0.446345 0.802262 0.953311 0.990362 0.99807
 0.446345 0.802262 0.953311 0.990362 0.99807
 0.446345 0.802262 0.953311 0.990362 0.99807
 0.446345 0.802262 0.953311 0.990362 0.99807
 0.446345 0.802262 0.953311 0.990362 0.99807
 0.446345 0.802262 0.953311 0.990362 0.99807
 0.446345 0.802262 0.953311 0.990362 0.99807
 0.446345 0.802262 0.953311 0.990362 0.99807
 0.446345 0.802262 0.953311 0.990362 0.99807
 0.446345 0.802262 0.953311 0.990362 0.99807
 0.446345 0.802262 0.953311 0.990362 0.99807
 0.446345 0.802262 0.953311 0.990362 0.99807
 0.446345 0.802262 0.953311 0.990362 0.99807
 0.446345 0.802262 0.953311 0.990362 0.99807
pf_obs 
 0.8446 0.082 0.0669 0.0065 0
 0.8095 0.147 0.0364 0.0071 0
 0.9664 0.0169 0.016 0.0007 0
 0.9276 0.0648 0.0075 0.0001 0
 0.7033 0.2144 0.0806 0.0017 0
 0.9318 0.0425 0.0243 0.0014 0
 0.5671 0.3108 0.0964 0.0239 0.0018
 0.0768 0.2599 0.5324 0.112 0.0189
 0.490249 0.384438 0.106611 0.0170017 0.00170017
 0.7925 0.1577 0.0466 0.003 0.0002
 0.840416 0.127587 0.0312969 0.00059994 9.999e-05
 0.8084 0.0986 0.0794 0.0134 0.0002
 0.7335 0.1905 0.0724 0.0035 0.0001
 0.4001 0.4547 0.1325 0.0127 0
 0.49795 0.308269 0.164784 0.0264974 0.00249975
 0.9179 0.0499 0.0305 0.0017 0
 0.2467 0.6533 0.0926 0.0074 0
 0.9418 0.0223 0.034 0.0019 0
 0.707729 0.231977 0.0356964 0.0245975 0
 0.517169 0.277429 0.184464 0.0207286 0.00020938
 0.811772 0.124168 0.05621 0.00726502 0.000585176
 0.764997 0.148141 0.077277 0.00933861 0.000247198
 0.163321 0.427699 0.378323 0.0303852 0.000271297
 0.753843 0.0900009 0.118128 0.0371064 0.000921714
 0.721811 0.176058 0.0630433 0.0369309 0.00215725
 0.143369 0.312575 0.442814 0.0836902 0.0175525
 0.692698 0.0596174 0.167031 0.0765114 0.00414204
 0.394062 0.376323 0.152708 0.0712218 0.00568511
 0.125707 0.32114 0.495352 0.0537591 0.00404204
 0.23352 0.215282 0.420074 0.123614 0.00750983
pf_pred 
 0.452985 0.193098 0.317181 0.0367349 1.02225e-06
 0.555577 0.260752 0.0663929 0.105127 0.0121518
 0.722969 0.19476 0.0492109 0.0119694 0.0210907
 0.684152 0.262705 0.0378789 0.00913962 0.0061243
 0.709654 0.240374 0.0419864 0.00569722 0.00228811
 0.933391 0.0544648 0.0101296 0.00169295 0.000321204
 0.361076 0.613965 0.0205573 0.00367312 0.000728772
 0.407356 0.317516 0.264931 0.00840294 0.00179401
 0.665688 0.178507 0.0848246 0.0683546 0.00262594
 0.836752 0.132006 0.0171183 0.00769947 0.00642374
 0.90716 0.086531 0.00517665 0.000621493 0.000510567
 0.832538 0.157897 0.00893722 0.000515167 0.00011243
 0.770432 0.209508 0.0189736 0.00101516 7.10689e-05
 0.754911 0.214236 0.0282884 0.00242574 0.000138462
 0.834457 0.147488 0.015931 0.00194895 0.000175931
 0.970076 0.0276674 0.00202523 0.000204178 2.71315e-05
 0.339679 0.650504 0.00911258 0.000632073 7.19811e-05
 0.961235 0.0194125 0.0190785 0.000254216 1.9588e-05
 0.616743 0.375096 0.00417561 0.00392847 5.62465e-05
 0.714838 0.216341 0.0674281 0.000713952 0.000679475
 0.779097 0.183633 0.0286105 0.00848462 0.000174856
 0.820345 0.15608 0.0197489 0.00293863 0.000887224
 0.270369 0.655618 0.0647116 0.00779572 0.00150618
 0.829203 0.0683487 0.0924512 0.00874339 0.0012539
 0.65286 0.311281 0.0147009 0.0190977 0.00206064
 0.429821 0.437492 0.119485 0.00541932 0.00778274
 0.804034 0.111169 0.0656557 0.0172407 0.00190079
 0.738204 0.230362 0.0181504 0.0102896 0.00299324
 0.296301 0.581779 0.107766 0.00817956 0.00597384
 0.407164 0.247745 0.287153 0.051224 0.00671354
pobs_RECLAS
 0 0 0 0 0
 0 0 0 0 0
 0 0 0 0 0
 0 0 0 0 0
 0 0 0 0 0
 0 0 0 0 0
 0 0 0 0 0
 0 0 0 0 0
 0 0 0 0 0
 0 0 0 0 0
 0.991045 0.00858322 0.000360255 1.14367e-05 0
 0.934742 0.0480273 0.0164251 0.00080598 0
 0.827803 0.169806 0.00239088 0 0
 0.941827 0.0461693 0.0120037 0 0
 0.791401 0.0380133 0.147996 0.0225897 0
 0.846168 0.0940531 0.0597789 0 0
 0.134021 0.677848 0.182769 0.00536245 0
 0.80878 0.0450904 0.141981 0.00414843 0
 0.846168 0.0940531 0.0597789 0 0
 0.905697 0.0802665 0.012482 0.00150086 5.37128e-05
 0.989698 0.0102097 9.19794e-05 0 0
 0.975433 0.0193895 0.00387452 0.00125025 5.28907e-05
 0.303575 0.632131 0.0575291 0.00676475 0
 0.966965 0.00978017 0.0227588 0.000495775 0
 0.843318 0.132988 0.00938335 0.0141283 0.000182051
 0.564624 0.303363 0.111486 0.0197234 0.00080311
 0.826376 0.0876187 0.0782897 0.00655872 0.00115652
 0.89761 0.0855135 0.0140674 0.00269457 0.000114338
 0.34875 0.467042 0.161289 0.0227151 0.000203297
 0.318654 0.224769 0.449479 0.00709798 0
ppred_RECLAS
 0.540123 0.16572 0.263671 0.0304855 8.48264e-07
 0.643667 0.212116 0.0521925 0.0824901 0.00953429
 0.789731 0.14935 0.0364669 0.00885345 0.0155988
 0.765712 0.196154 0.0271976 0.00654858 0.0043876
 0.777065 0.185636 0.031348 0.00424597 0.0017051
 0.951792 0.0396527 0.00713805 0.00119089 0.000225927
 0.453319 0.526078 0.0169758 0.00302717 0.000600548
 0.49093 0.276724 0.223749 0.0070848 0.00151245
 0.74805 0.136899 0.0626937 0.0504205 0.00193678
 0.892279 0.0878728 0.010888 0.00488518 0.00407522
 0.931568 0.0639199 0.0037038 0.000443908 0.000364645
 0.880126 0.113266 0.00617507 0.000355233 7.75176e-05
 0.831288 0.154459 0.0134825 0.000719934 5.03958e-05
 0.831464 0.148144 0.018701 0.00159973 9.13012e-05
 0.886759 0.101349 0.0104955 0.00128107 0.000115628
 0.979385 0.0191124 0.0013486 0.000135695 1.80294e-05
 0.426293 0.565472 0.00764501 0.000529269 6.02676e-05
 0.972732 0.0138844 0.0131948 0.000175501 1.35215e-05
 0.699181 0.294639 0.0031656 0.00297257 4.25559e-05
 0.78473 0.1647 0.0495475 0.000523631 0.000498295
 0.834823 0.138103 0.0207923 0.00615477 0.000126829
 0.868468 0.114798 0.0140227 0.00208263 0.000628722
 0.34427 0.591196 0.0564363 0.00678664 0.0013111
 0.874153 0.0513594 0.0672302 0.00634701 0.000910145
 0.725885 0.246647 0.0112726 0.0146183 0.00157716
 0.515125 0.374844 0.0991013 0.00448696 0.00644319
 0.853986 0.0840242 0.048016 0.0125864 0.00138753
 0.797624 0.17877 0.0136408 0.00771985 0.00224549
 0.370895 0.522987 0.0938175 0.0071086 0.0051912
 0.501756 0.212513 0.237835 0.0423466 0.00554949
pobs_PELACES
 0 0 0 0 0
 0 0 0 0 0
 0 0 0 0 0
 0 0 0 0 0
 0 0 0 0 0
 0 0 0 0 0
 0 0 0 0 0
 0 0 0 0 0
 0 0 0 0 0
 0 0 0 0 0
 0 0 0 0 0
 0 0 0 0 0
 0 0 0 0 0
 0 0 0 0 0
 0 0 0 0 0
 0 0 0 0 0
 0.505614 0.472636 0.0217494 0 0
 0 0 0 0 0
 0.443492 0.261883 0.143347 0.151278 0
 0.227955 0.32914 0.350689 0.0885471 0.00366901
 0.970185 0.0296113 0.000203453 0 0
 0.997202 0.00247181 0.000326279 0 0
 0.445219 0.490057 0.0546422 0.010081 0
 0.90214 0.0892962 0.00764917 0.000914606 0
 0 0 0 0 0
 0.581667 0.319106 0.0959925 0.00289975 0.000334073
 0.762889 0.0836404 0.116647 0.0363945 0.000428098
 0.88444 0.0763242 0.0277011 0.0115352 0
 0.521256 0.241999 0.230069 0.00667565 0
 0.616807 0.101726 0.260614 0.0208532 0
ppred_PELACES
 0.412155 0.189058 0.356031 0.0427549 1.19891e-06
 0.540064 0.252544 0.0732229 0.120172 0.0139973
 0.714568 0.19169 0.0551514 0.0139037 0.0246868
 0.707365 0.237865 0.0386059 0.00964886 0.00651484
 0.702587 0.240145 0.0478193 0.00672587 0.00272194
 0.928683 0.0567531 0.0120726 0.0020918 0.000399923
 0.378034 0.59445 0.0225144 0.00416809 0.000833296
 0.369888 0.315635 0.302392 0.00994555 0.00213967
 0.668076 0.165658 0.0890432 0.0743452 0.00287791
 0.868457 0.103779 0.0149513 0.00696082 0.00585156
 0.900047 0.0921928 0.00632211 0.000786993 0.000651493
 0.84404 0.145948 0.00933242 0.000557335 0.000122562
 0.781512 0.197094 0.0201956 0.00111957 7.89779e-05
 0.798411 0.173688 0.025507 0.00226413 0.000130218
 0.859003 0.123952 0.0149757 0.00189707 0.000172552
 0.971816 0.0257939 0.00213693 0.000223227 2.98895e-05
 0.348367 0.640631 0.0101856 0.00073215 8.4016e-05
 0.958007 0.0196442 0.0220211 0.000304161 2.3616e-05
 0.625311 0.365503 0.00461837 0.00450278 6.49626e-05
 0.715865 0.2087 0.0738474 0.000810321 0.000777091
 0.775653 0.181943 0.0322762 0.00992091 0.000206023
 0.822402 0.151455 0.0217658 0.00335646 0.00102113
 0.263359 0.652213 0.0734667 0.00917447 0.00178616
 0.810654 0.0696149 0.107651 0.0105546 0.00152526
 0.639694 0.317561 0.0171447 0.0230899 0.00251051
 0.409232 0.438108 0.136906 0.00643771 0.00931622
 0.787856 0.112903 0.0761951 0.0207423 0.00230439
 0.721357 0.240439 0.0217052 0.0127581 0.00373983
 0.277614 0.581998 0.123514 0.00972014 0.00715349
 0.394514 0.233535 0.307578 0.056863 0.00750964
pobs_pel_tallas
 0 0 0 0 0 0 0 0 0 0 0 0 0 0 0 0 0 0 0 0 0 0 0 0 0 0
 0 0 0 0 0 0 0 0 0 0 0 0 0 0 0 0 0 0 0 0 0 0 0 0 0 0
 0 0 0 0 0 0 0 0 0 0 0 0 0 0 0 0 0 0 0 0 0 0 0 0 0 0
 0 0 0 0 0 0 0 0 0 0 0 0 0 0 0 0 0 0 0 0 0 0 0 0 0 0
 0 0 0 0 0 0 0 0 0 0 0 0 0 0 0 0 0 0 0 0 0 0 0 0 0 0
 0 0 0 0 0 0 0 0 0 0 0 0 0 0 0 0 0 0 0 0 0 0 0 0 0 0
 0 0 0 0 0 0 0 0 0 0 0 0 0 0 0 0 0 0 0 0 0 0 0 0 0 0
 0 0 0 0 0 0 0 0 0 0 0 0 0 0 0 0 0 0 0 0 0 0 0 0 0 0
 0 0 0 0 0 0 0 0 0 0 0 0 0 0 0 0 0 0 0 0 0 0 0 0 0 0
 0 0 0 0 0 0 0 0 0 0 0 0 0 0 0 0 0 0 0 0 0 0 0 0 0 0
 0 0 0 0 0 0 0 0 0 0 0 0 0 0 0 0 0 0 0 0 0 0 0 0 0 0
 0 0 0 0 0 0 0 0 0 0 0 0 0 0 0 0 0 0 0 0 0 0 0 0 0 0
 0.00862536 0 0 0.000197151 0.00414017 0.0128641 0.00837892 0.0270097 0.101434 0.158115 0.152841 0.127902 0.109271 0.109419 0.0830992 0.0579132 0.0238553 0.00714673 0.00463305 0.00128148 0.00103504 0.000492878 0.000147863 0.000147863 4.92878e-05 0
 0 0 0 0 0 0 0 0 0 0 0 0 0 0 0 0 0 0 0 0 0 0 0 0 0 0
 0 0 0 0 0 0 0 0.0054083 0.00873648 0.0413646 0.0450493 0.0745869 0.0622846 0.0627006 0.0613931 0.0827291 0.12552 0.122667 0.0946155 0.0697135 0.0546179 0.0294188 0.0215738 0.0213955 0.0102223 0.00600262
 0 0 0 0 0.00359764 0.0251062 0.0480494 0.140153 0.205849 0.193036 0.1447 0.116669 0.0760912 0.0342217 0.00950174 0.001854 0.000860785 0 0 0 0.000165536 0 0.000143464 0 0 0
 0 0 0 0 0 0 0 0.000145254 0.000435761 0.0275982 0.070085 0.0708112 0.156366 0.174668 0.174014 0.160142 0.0824315 0.0480064 0.0283245 0.00493863 0.00203355 0 0 0 0 0
 0 0 0 0 0 0 0 0 0 0 0 0 0 0 0 0 0 0 0 0 0 0 0 0 0 0
 0 0 1.00437e-05 0.000401748 0.00122533 0.00171747 0.00176769 0.0269171 0.070346 0.194647 0.189555 0.159765 0.064822 0.0314167 0.0384472 0.0292271 0.0345202 0.0313363 0.0194345 0.0106764 0.0143323 0.0359363 0.0279516 0.0138201 0.00172751 0
 0 0.0021121 0.0136068 0.0755702 0.200478 0.177729 0.0527432 0.0373336 0.0318909 0.0142505 0.0149659 0.0166563 0.0217959 0.0798694 0.0677717 0.0528807 0.04013 0.0224614 0.0357745 0.0225083 0.00881397 0.00855152 0.00135912 0.000746735 0 0
 0 0 0 0 5.4009e-05 0.00500934 0.000945158 0.0243581 0.138947 0.33067 0.221406 0.137944 0.0707744 0.0437923 0.0131692 0.00525238 0.0047753 0.00276346 9.45158e-05 9.00151e-06 2.25038e-05 9.00151e-06 4.50075e-06 0 0 0
 0.000866109 0.00284123 0.00948549 0.0512746 0.133035 0.25785 0.225252 0.132002 0.0553304 0.0519788 0.0540692 0.017754 0.00435017 0.00159236 0.00146478 0.000404838 0.000125132 0.000115318 0.000107957 0.000100596 0 0 0 0 0 0
 0 0 0 0 0.00144013 0.00171154 0.00461396 0.0210425 0.0478622 0.0707936 0.0888783 0.103762 0.0637923 0.0337046 0.0602308 0.124433 0.169614 0.0934646 0.0462172 0.0250306 0.0313229 0.00938855 0.002487 0.000210481 0 0
 0 0.00764035 0.051015 0.0998891 0.058973 0.0496711 0.0374665 0.0718981 0.12319 0.153886 0.159021 0.0857701 0.0377988 0.023471 0.0147837 0.00900784 0.00315554 0.000888139 0.00291439 0.00214683 0.00393193 0.00274676 0.000635225 9.99891e-05 0 0
 0 0 0 0 0 0 0 0 0 0 0 0 0 0 0 0 0 0 0 0 0 0 0 0 0 0
 0 0 0 0 0 0 0 0 0 0 0 0 0 0 0 0 0 0 0 0 0 0 0 0 0 0
 0 0 0 0 0 0 0 0 0 0 0 0 0 0 0 0 0 0 0 0 0 0 0 0 0 0
 0 0 0 0 0 0 0 0 0 0 0 0 0 0 0 0 0 0 0 0 0 0 0 0 0 0
 0 0 0 0 0 0 0 0 0 0 0 0 0 0 0 0 0 0 0 0 0 0 0 0 0 0
 0 0 0 0 0 0 0 0 0 0 0 0 0 0 0 0 0 0 0 0 0 0 0 0 0 0
ppred_pel_tallas
 1.14611e-16 3.39487e-05 0.000329993 0.00219292 0.00996872 0.0310165 0.0660846 0.0964563 0.096475 0.0661764 0.0313263 0.0108703 0.00448104 0.00540793 0.0099208 0.0169806 0.0259319 0.0356797 0.0450239 0.0532524 0.0602526 0.0659675 0.0697618 0.0704216 0.0668874 0.0590999
 1.16598e-16 4.44844e-05 0.000432405 0.00287348 0.0130624 0.0406422 0.0865935 0.126391 0.126415 0.086713 0.0410437 0.0142234 0.00579324 0.00682504 0.0122425 0.0203256 0.0296614 0.0381594 0.0437666 0.0456675 0.0447958 0.0431296 0.0423141 0.0426889 0.0433324 0.0428633
 1.07213e-16 5.8858e-05 0.000572121 0.00380195 0.0172831 0.0537743 0.114572 0.167226 0.167244 0.114663 0.0540784 0.0181624 0.00601158 0.00540436 0.00926179 0.0152868 0.0221792 0.0282442 0.0318009 0.0320988 0.0297557 0.0262959 0.0231679 0.0210148 0.0196304 0.0184113
 1.03246e-16 5.82648e-05 0.000566355 0.00376363 0.0171089 0.0532323 0.113418 0.165542 0.165564 0.11353 0.0536086 0.018196 0.00649287 0.00652588 0.0113811 0.0187355 0.0270132 0.0340335 0.0376132 0.0367479 0.0322019 0.0259717 0.0200722 0.015592 0.0125667 0.0104643
 1.02577e-16 5.78713e-05 0.000562529 0.00373821 0.0169934 0.0528728 0.112652 0.164424 0.164447 0.112765 0.0532529 0.0180917 0.00649628 0.00658671 0.0115084 0.0189589 0.0273624 0.034526 0.0382465 0.0374954 0.0330088 0.0267509 0.0207052 0.0159475 0.0125383 0.0100124
 1.00641e-16 7.64944e-05 0.000743552 0.00494117 0.0224618 0.0698871 0.148902 0.217328 0.217334 0.148929 0.069977 0.0227215 0.00559329 0.00216812 0.00278491 0.00449046 0.00647858 0.00818265 0.00907986 0.00892748 0.00789792 0.00645103 0.00504923 0.00394024 0.00313407 0.00252064
 1.01361e-16 3.11383e-05 0.000302675 0.00201139 0.0091435 0.0284491 0.060616 0.0884828 0.08854 0.0608954 0.029387 0.0118512 0.00880302 0.0151124 0.0281089 0.0462927 0.0663833 0.0828463 0.0900609 0.0854344 0.0709794 0.0520283 0.0341559 0.0206727 0.0121126 0.00729891
 1.10167e-16 3.04673e-05 0.000296153 0.00196804 0.00894645 0.0278359 0.0593085 0.0865689 0.0865997 0.0594592 0.0283433 0.0104171 0.00567846 0.00845863 0.0157153 0.0264068 0.0391363 0.0514906 0.0609279 0.0661131 0.067449 0.0663096 0.0637181 0.0596867 0.053665 0.0454709
 1.10555e-16 5.50285e-05 0.000534897 0.00355458 0.0161586 0.0502755 0.107118 0.156345 0.156361 0.107197 0.0505401 0.0169246 0.00548367 0.00476773 0.00815843 0.0135724 0.019958 0.0259847 0.0303456 0.0324847 0.0328952 0.0326563 0.0325883 0.0327183 0.0324084 0.030914
 1.02147e-16 7.15337e-05 0.000695333 0.00462073 0.0210052 0.065355 0.139246 0.203236 0.203246 0.139295 0.0655192 0.0214794 0.00581123 0.00329479 0.00501028 0.00817518 0.0117836 0.0148508 0.0164288 0.0160916 0.0141893 0.0116082 0.00923257 0.00752412 0.00646314 0.00576726
 1.00396e-16 7.41357e-05 0.000720625 0.00478881 0.0217692 0.0677322 0.144311 0.210628 0.210637 0.144354 0.0678777 0.0221895 0.00584317 0.00302047 0.00443655 0.00720295 0.0103354 0.012926 0.0141042 0.0134693 0.0113283 0.00849502 0.00581493 0.00378252 0.00246874 0.00169041
 1.00384e-16 6.95224e-05 0.000675783 0.00449082 0.0204146 0.0635175 0.135331 0.197523 0.197537 0.1354 0.0637479 0.0210798 0.00615959 0.00431557 0.00697277 0.0113927 0.0163464 0.0204318 0.0222699 0.0212229 0.0177751 0.0132163 0.00889135 0.00559361 0.00344821 0.0021771
 1.00759e-16 6.43721e-05 0.00062572 0.00415813 0.0189023 0.0588121 0.125306 0.182892 0.182911 0.125399 0.0591235 0.0198014 0.00641444 0.00554886 0.00940714 0.0154309 0.0221767 0.0277888 0.0304183 0.0292051 0.0247859 0.0188642 0.0132049 0.00883338 0.00589635 0.00402989
 1.0103e-16 6.57641e-05 0.00063925 0.00424804 0.019311 0.0600838 0.128015 0.186846 0.186863 0.128097 0.0603584 0.0201043 0.00623927 0.00498598 0.0083205 0.0136497 0.0196516 0.0246992 0.0271765 0.0263289 0.0227016 0.0177572 0.0129968 0.00927188 0.00668128 0.00490802
 1.00684e-16 7.07549e-05 0.000687763 0.00457043 0.0207765 0.0646435 0.13773 0.201024 0.201036 0.137789 0.0648394 0.0213423 0.00599035 0.0037866 0.00595344 0.00972335 0.0139833 0.0175477 0.0192579 0.0185758 0.0158987 0.0122868 0.00883194 0.00615878 0.00434381 0.00315229
 1.00096e-16 8.00472e-05 0.000778087 0.00517066 0.0235051 0.0731331 0.155818 0.227421 0.227424 0.15583 0.0731738 0.0236227 0.00546578 0.00142189 0.00130148 0.00202153 0.00289627 0.0036248 0.00396025 0.00379004 0.00319881 0.0024121 0.00166404 0.00109129 0.000713679 0.00048194
 1.00546e-16 2.86947e-05 0.000278922 0.00185354 0.00842596 0.0262166 0.0558596 0.0815416 0.0816032 0.0561606 0.0272269 0.0113423 0.00916739 0.0162236 0.030247 0.0497923 0.0713332 0.088878 0.0963405 0.0909158 0.0747977 0.053802 0.034039 0.0191821 0.00987727 0.00486628
 1.00676e-16 7.89098e-05 0.000767031 0.00509719 0.0231711 0.0720939 0.153604 0.224189 0.224191 0.153613 0.0721256 0.023263 0.00532922 0.0012782 0.00106326 0.00166803 0.00247651 0.0032822 0.00392619 0.00432446 0.00449377 0.0045033 0.00439641 0.00415723 0.00374616 0.0031608
 1.0069e-16 5.15061e-05 0.000500658 0.00332705 0.0151243 0.0470575 0.100262 0.146343 0.146378 0.100434 0.0476339 0.0167881 0.00749982 0.00959759 0.0172922 0.0284117 0.0407023 0.0507206 0.0549981 0.0519428 0.0428161 0.0309422 0.019805 0.0114843 0.00632126 0.0035654
 1.02398e-16 5.89649e-05 0.00057316 0.00380885 0.0173145 0.0538719 0.114781 0.16753 0.16755 0.114879 0.0542033 0.0182725 0.00621672 0.00583977 0.0100909 0.0166656 0.0241776 0.0307644 0.0345461 0.0346168 0.0315283 0.0268217 0.0220208 0.0179043 0.0144879 0.0114759
 1.02008e-16 6.38896e-05 0.00062103 0.00412696 0.0187606 0.0583712 0.124367 0.18152 0.181538 0.124452 0.0586591 0.0195924 0.00621552 0.0051822 0.00873175 0.0143483 0.020696 0.0260946 0.0288738 0.02826 0.0248235 0.0200692 0.0155137 0.0119745 0.0094831 0.00766111
 1.01177e-16 6.77402e-05 0.000658459 0.00437569 0.0198913 0.0618892 0.131862 0.192459 0.192474 0.131933 0.0621287 0.020583 0.00611204 0.00444885 0.0072661 0.0119042 0.0171394 0.0215464 0.023719 0.023004 0.0198825 0.015634 0.0115672 0.00841669 0.00625377 0.00478294
 1.0351e-16 2.16927e-05 0.000210861 0.00140125 0.0063699 0.0198195 0.0422298 0.0616488 0.0617116 0.0425368 0.0208501 0.0093463 0.00887068 0.0165109 0.030961 0.0511042 0.0735046 0.0921949 0.101091 0.0973627 0.0831141 0.063952 0.0456592 0.031555 0.0220564 0.015917
 1.04442e-16 6.67725e-05 0.000649053 0.00431318 0.0196071 0.061005 0.129978 0.189708 0.189715 0.130012 0.0611183 0.0199363 0.00514696 0.0024937 0.00364181 0.00610181 0.00921808 0.0124965 0.0154503 0.0178079 0.0195782 0.0208607 0.0215894 0.0214782 0.020228 0.0178002
 1.03317e-16 5.26908e-05 0.000512174 0.00340358 0.0154722 0.0481399 0.102568 0.149708 0.149738 0.102718 0.0486412 0.0169198 0.0070356 0.00843515 0.0150832 0.0248098 0.035638 0.0446214 0.048805 0.0468528 0.0398674 0.0306769 0.022172 0.0159702 0.0121724 0.00998696
 1.06286e-16 3.3708e-05 0.000327653 0.00217737 0.00989805 0.0307967 0.0656173 0.0957792 0.0958216 0.0658242 0.0314919 0.0119074 0.00722643 0.0113676 0.0210526 0.0348854 0.0505615 0.0642243 0.0719283 0.0717981 0.0650617 0.0550598 0.045098 0.0368675 0.0303636 0.0248302
 1.04698e-16 6.48946e-05 0.000630799 0.00419188 0.0190557 0.0592894 0.126323 0.184374 0.184385 0.126376 0.05947 0.0195786 0.0055094 0.00352303 0.0056051 0.00928774 0.013664 0.0177939 0.0207529 0.0221007 0.0220884 0.0213724 0.0204857 0.0195202 0.0182235 0.0163335
 1.02601e-16 5.94173e-05 0.000577557 0.00383807 0.0174473 0.0542853 0.115661 0.168816 0.168839 0.115774 0.0546651 0.0185443 0.00659081 0.00658428 0.01146 0.018833 0.0270817 0.0339711 0.0372697 0.0359608 0.0308555 0.0240542 0.0177001 0.0129871 0.00999262 0.00815111
 1.05899e-16 2.28668e-05 0.000222274 0.00147709 0.00671467 0.0208921 0.044515 0.0649827 0.0650388 0.0447894 0.0218137 0.00937729 0.00816347 0.014828 0.0277888 0.0459738 0.0663839 0.0838039 0.0929016 0.0911723 0.0803729 0.0652256 0.0505042 0.0388061 0.0303034 0.023926
 1.1591e-16 3.24957e-05 0.000315869 0.00209906 0.00954205 0.029689 0.0632564 0.0923293 0.0923523 0.0633687 0.0300675 0.0106411 0.00487917 0.00645588 0.011902 0.0201699 0.0303253 0.0407977 0.0499312 0.0568622 0.0617876 0.0653164 0.0675257 0.0676432 0.0646295 0.0580806
pSPR Fmed_Fpbrs
0.305832   0.6 0.325
Fs Fmed_Fpbrs
0.846762   0.316514 0.793512
SSBpbr Bo_Bmed_Bpbrs
1.22635e+06  313741  674494 337247
Ro
88817.6
SPR SPRFo_SPRFmed_SPRFpbrs
632239 193359 205478
Fref
0.316514
log_Ro
11.2143
likeval ReclasPelacesDesembMPH_pf_preclas_ppelaces_ptallas_desvR_qrecl_qpela
 11.9653 15.5958 0.0428449 0.000840233 239.668 103.774 82.3096 0 30.8779 6.00515e-05 0.000175772 0.0128318 3.90392e-16 0 0
q_reclas_q_pelaces
2.99848 6.59425
M
1
N
 98341.9 28188.9 45118.5 5218.27 0.145202
 84984.9 28317.7 7056.88 11161.1 1290.06
 96976.2 18553.3 4588.33 1114.73 1964.1
 72505.2 21132.7 2997.63 722.658 484.218
 43901.3 10472.4 1789.17 242.49 97.3825
 249975 10013.7 1817.86 303.426 57.565
 51712.6 65074.9 2139.45 381.901 75.7678
 17105.5 8838.54 7177.66 227.328 48.5303
 26522.6 5263.67 2455.98 1977.19 75.9529
 35903.8 4532 580.342 260.852 217.624
 53193.2 3417.45 199.245 23.8879 19.6229
 107526 15197.8 845.093 48.6679 10.6207
 87452.7 17574.8 1562.65 83.5256 5.84715
 66667.5 15082.1 1966.05 168.475 9.61626
 47544.3 6558.17 698.298 85.3628 7.70539
 265489 5586.02 401.392 40.4275 5.3718
 33317 46290.9 635.753 44.0512 5.01632
 453815 6428.55 6177.56 82.2161 6.33456
 239801 105763 1154.24 1084.78 15.5307
 211684 46398.2 14175.7 149.939 142.69
 246454 41270.3 6293.58 1864.27 38.4177
 389994 53593.3 6645.93 987.854 298.234
 45594.7 77250.6 7453.17 896.784 173.254
 190946 10846 14324.4 1352.97 194.018
 148370 48771.6 2249.04 2917.99 314.828
 54280.8 37810.2 10077 456.45 655.468
 150095 14353.8 8279.54 2171.41 239.383
 178270 37627.4 2890.26 1636.3 475.963
 37574.4 49915.8 9014.33 683.268 498.981
 23974.9 10505.8 11931.3 2126.07 278.632
pred_Ctot
 13778.2 5873.39 9647.54 1117.35 0.0310932
 22779.1 10691 2722.16 4310.27 498.234
 26065.8 7021.85 1774.24 431.541 760.401
 29973 11509.2 1659.49 400.411 268.308
 10959.4 3712.17 648.409 87.9839 35.3359
 47512.1 2772.4 515.625 86.1757 16.3501
 18604.6 31634.8 1059.22 189.259 37.5503
 1794.21 1398.51 1166.9 37.011 7.90176
 9544.31 2559.34 1216.17 980.034 37.6495
 18673.8 2945.99 382.03 171.829 143.359
 7666.51 731.283 43.7485 5.25231 4.31486
 40288.8 7641.09 432.497 24.9304 5.44079
 31194.6 8482.92 768.237 41.1034 2.87756
 34189 9702.49 1281.15 109.859 6.27076
 22364.4 3952.83 426.968 52.2339 4.71516
 93700.1 2672.41 195.618 19.7217 2.62064
 10546.1 20196.3 282.92 19.6241 2.23481
 109086 2203.04 2165.13 28.8498 2.22295
 75657.2 46013.9 512.231 481.914 6.89988
 66182 20029.5 6242.71 66.1 62.908
 66457 15663.9 2440.48 723.739 14.9153
 119582 22751.8 2878.8 428.364 129.331
 10550.3 25583.4 2525.16 304.203 58.774
 38005.3 3132.67 4237.37 400.741 57.4705
 29690.2 14156.2 668.557 868.511 93.712
 9910.24 10087.1 2754.94 124.951 179.444
 31177.6 4310.75 2545.9 668.533 73.706
 27523 8588.77 676.713 383.635 111.599
 5828.25 11443.6 2119.77 160.892 117.506
 7196.03 4378.53 5075.02 905.311 118.652
F
 0.244964 0.384923 0.396857 0.397506 0.39754
 0.521826 0.81997 0.845392 0.846774 0.846847
 0.523643 0.822825 0.848335 0.849722 0.849795
 0.934912 1.46907 1.51462 1.51709 1.51722
 0.477988 0.751085 0.774371 0.775637 0.775703
 0.345823 0.543408 0.560256 0.561172 0.56122
 0.766581 1.20456 1.24191 1.24394 1.24405
 0.178571 0.280597 0.289296 0.289769 0.289794
 0.766837 1.20497 1.24232 1.24436 1.24446
 1.35195 2.12438 2.19024 2.19382 2.19401
 0.252779 0.397204 0.409518 0.410188 0.410223
 0.811261 1.27477 1.31429 1.31644 1.31656
 0.757592 1.19044 1.22735 1.22935 1.22946
 1.31901 2.07262 2.13687 2.14037 2.14055
 1.1414 1.79353 1.84913 1.85216 1.85232
 0.746627 1.17321 1.20958 1.21156 1.21167
 0.64532 1.01402 1.04546 1.04717 1.04726
 0.456491 0.717306 0.739544 0.740753 0.740817
 0.642549 1.00967 1.04097 1.04267 1.04276
 0.634952 0.99773 1.02866 1.03034 1.03043
 0.525752 0.826139 0.851751 0.853144 0.853217
 0.619077 0.972785 1.00294 1.00458 1.00467
 0.435991 0.685093 0.706333 0.707488 0.707549
 0.364842 0.573294 0.591068 0.592034 0.592085
 0.367134 0.576895 0.594781 0.595753 0.595804
 0.330157 0.518791 0.534875 0.535749 0.535795
 0.383535 0.602667 0.621352 0.622367 0.622421
 0.272961 0.428917 0.442215 0.442938 0.442976
 0.274396 0.431171 0.444538 0.445265 0.445303
 0.602221 0.946299 0.975637 0.977231 0.977315
nmprior
 8 8 7 0
nm_flota  nm_reclas  nm_pelaces    nm_pelaL
inf 17.7115 8.29544 12.6651
cv_recla  cv_pelaces  cv_mph
0.320249 0.464696 0.894551
 ------------------------------------------------
Talla a la edad & desviación 
 8 13.2811 15.8009 17.003 17.5766
 0.8 1.32811 1.58009 1.7003 1.75766
