years
 1991 1992 1993 1994 1995 1996 1997 1998 1999 2000 2001 2002 2003 2004 2005 2006 2007 2008 2009 2010 2011 2012 2013 2014 2015 2016 2017 2018 2019 2020
reclasobs
 0 0 0 0 0 0 0 0 0 252601 567819 844713 477998 351125 339783 2.1784e+06 2.13404e+06 4.81314e+06 1.55562e+06 2.62356e+06 3.21686e+06 3.843e+06 1.13348e+06 3.07943e+06 1.97215e+06 2.03268e+06 2.025e+06 2.42433e+06 2.27542e+06 1.05018e+06
reclaspred
 3.28433e+06 1.82669e+06 921561 889229 866662 1.40912e+06 843063 735224 536153 387828 488222 644505 632332 479761 480724 1.38837e+06 1.31865e+06 3.03298e+06 2.5141e+06 1.92556e+06 3.39603e+06 2.71336e+06 2.11833e+06 3.24843e+06 2.41788e+06 2.13191e+06 2.58691e+06 2.76602e+06 2.23331e+06 1.37099e+06
pelacesobs
 0 0 0 0 0 0 0 0 0 0 0 0 0 0 0 552880 188675 0 991730 2.46772e+06 1.41603e+06 1.21717e+06 2.29649e+06 1.80582e+06 0 1.4828e+06 1.56532e+06 1.57751e+06 1.42118e+06 867257
pelacespred
 1.49495e+06 920773 462043 363954 374490 627531 337503 377085 259166 176256 233400 256779 277922 219290 227077 552329 527057 1.40418e+06 1.19609e+06 845821 1.45906e+06 1.26217e+06 984843 1.65426e+06 1.18439e+06 1.04239e+06 1.44358e+06 1.52284e+06 1.01178e+06 705464
mphobs
 0 0 0 0 0 0 0 0 0 0 0 498337 0 5186 125008 0 168611 109162 213762 579715 649985 157893 87575 83554 0 0 0 0 0 0
mphpred
 2.84112e+06 1.89587e+06 934667 509025 528616 594362 791338 460323 411777 277523 182904 331167 356838 297129 192193 245553 914370 850148 1.72119e+06 1.30467e+06 1.44477e+06 1.77404e+06 1.6517e+06 1.34041e+06 1.86062e+06 1.52077e+06 1.24931e+06 1.36889e+06 1.92226e+06 1.27552e+06
desembarqueobs
 494567 514787 250237 358949 120608 361735 552515 73892 212993 205616 52469 317467 293654 387597 252695 516296 358380 742168 942051 627588 828172 859565 418607 520667 417249 300574 407403 355545 319650 289779
desembarquepred
 494573 513686 250744 358981 120613 361744 552543 73896.5 213043 205660 52471.5 317526 293697 387610 252682 516244 358403 742065 941818 627434 828217 859542 418606 520683 417242 300569 407395 355525 319638 289784
Reclutas
 188301 105871 105462 161877 129831 233512 94442 41503.2 40789.4 55472 104186 140563 116756 81175.1 79125.6 460728 91315.9 695711 409504 331217 462999 608172 124747 372622 311206 140768 324440 358938 97087.2 74058.2
log_desv_Rt
 0.150688 -0.42513 -0.429004 -0.000518834 -0.221122 0.36588 -0.539369 -1.36158 -1.37893 -1.07148 -0.441179 -0.141701 -0.327271 -0.690746 -0.716318 1.04545 -0.57303 1.45758 0.927591 0.715418 1.05037 1.3231 -0.261064 0.833209 0.653101 -0.140241 0.694746 0.795796 -0.511745 -0.782504
SSB
 2.84112e+06 1.89587e+06 934667 509025 528616 594362 791338 460323 411777 277523 182904 331167 356838 297129 192193 245553 914370 850148 1.72119e+06 1.30467e+06 1.44477e+06 1.77404e+06 1.6517e+06 1.34041e+06 1.86062e+06 1.52077e+06 1.24931e+06 1.36889e+06 1.92226e+06 1.27552e+06
BT
 3.86627e+06 2.63081e+06 1.31332e+06 1.1404e+06 959395 1.75642e+06 1.27209e+06 935221 809248 604378 583468 857487 907507 908788 777178 1.6906e+06 1.49503e+06 3.89467e+06 3.663e+06 2.5103e+06 4.03556e+06 3.71555e+06 2.63657e+06 4.30059e+06 3.11757e+06 2.67073e+06 3.74545e+06 3.86852e+06 2.59804e+06 1.9107e+06
Ftot
 0.148676 0.27198 0.266295 0.417189 0.144221 0.275832 0.626393 0.103807 0.404866 0.534503 0.120498 0.511072 0.479721 0.817106 0.568963 0.424541 0.271326 0.273338 0.384052 0.337586 0.257872 0.331112 0.197029 0.175215 0.177046 0.143595 0.171314 0.141166 0.139681 0.209304
BD_Bspro_t
 0.976493 0.831241 0.659993 0.565372 0.545661 0.622581 0.614245 0.433806 0.491458 0.44347 0.410671 0.642161 0.524714 0.431914 0.319175 0.377185 0.581506 0.550422 0.653672 0.558579 0.537389 0.584761 0.596598 0.586235 0.691095 0.6979 0.70515 0.747154 0.7937 0.721755
BD_Bspro
 2.46432 1.64443 0.810709 0.441517 0.458509 0.515536 0.686388 0.399274 0.357166 0.240717 0.158647 0.287247 0.309513 0.257723 0.166704 0.212987 0.793104 0.737399 1.49292 1.13164 1.25316 1.53876 1.43264 1.16264 1.61386 1.31908 1.08362 1.18734 1.66733 1.10636
BD_Bo
 1.54571 1.03145 0.508506 0.276935 0.287594 0.323363 0.430528 0.250439 0.224028 0.150987 0.0995088 0.180172 0.194138 0.161653 0.104563 0.133593 0.497463 0.462523 0.936413 0.709804 0.786027 0.965168 0.898607 0.729251 1.01227 0.827378 0.679685 0.744744 1.04581 0.693947
BD_Brms
 9.35128 6.24008 3.07637 1.67541 1.73989 1.95629 2.60461 1.51511 1.35533 0.913442 0.60201 1.09001 1.1745 0.977972 0.632586 0.808215 3.00956 2.79818 5.66513 4.29419 4.75532 5.83909 5.43641 4.41184 6.12404 5.00548 4.11197 4.50556 6.32695 4.19825
Sel_flota
 0.780493 1 1 1 1
 0.780493 1 1 1 1
 0.780493 1 1 1 1
 0.780493 1 1 1 1
 0.780493 1 1 1 1
 0.780493 1 1 1 1
 0.780493 1 1 1 1
 0.780493 1 1 1 1
 0.780493 1 1 1 1
 0.780493 1 1 1 1
 0.780493 1 1 1 1
 0.780493 1 1 1 1
 0.780493 1 1 1 1
 0.780493 1 1 1 1
 0.780493 1 1 1 1
 0.780493 1 1 1 1
 0.780493 1 1 1 1
 0.780493 1 1 1 1
 0.780493 1 1 1 1
 0.780493 1 1 1 1
 0.780493 1 1 1 1
 0.780493 1 1 1 1
 0.780493 1 1 1 1
 0.780493 1 1 1 1
 0.780493 1 1 1 1
 0.780493 1 1 1 1
 0.780493 1 1 1 1
 0.780493 1 1 1 1
 0.780493 1 1 1 1
 0.780493 1 1 1 1
Sel_reclas
 1 1 1 1 1
 1 1 1 1 1
 1 1 1 1 1
 1 1 1 1 1
 1 1 1 1 1
 1 1 1 1 1
 1 1 1 1 1
 1 1 1 1 1
 1 1 1 1 1
 1 1 1 1 1
 1 1 1 1 1
 1 1 1 1 1
 1 1 1 1 1
 1 1 1 1 1
 1 1 1 1 1
 1 1 1 1 1
 1 1 1 1 1
 1 1 1 1 1
 1 1 1 1 1
 1 1 1 1 1
 1 1 1 1 1
 1 1 1 1 1
 1 1 1 1 1
 1 1 1 1 1
 1 1 1 1 1
 1 1 1 1 1
 1 1 1 1 1
 1 1 1 1 1
 1 1 1 1 1
 1 1 1 1 1
Sel_pelaces
 1 1 1 1 1
 1 1 1 1 1
 1 1 1 1 1
 1 1 1 1 1
 1 1 1 1 1
 1 1 1 1 1
 1 1 1 1 1
 1 1 1 1 1
 1 1 1 1 1
 1 1 1 1 1
 1 1 1 1 1
 1 1 1 1 1
 1 1 1 1 1
 1 1 1 1 1
 1 1 1 1 1
 1 1 1 1 1
 1 1 1 1 1
 1 1 1 1 1
 1 1 1 1 1
 1 1 1 1 1
 1 1 1 1 1
 1 1 1 1 1
 1 1 1 1 1
 1 1 1 1 1
 1 1 1 1 1
 1 1 1 1 1
 1 1 1 1 1
 1 1 1 1 1
 1 1 1 1 1
 1 1 1 1 1
pf_obs 
 0.8446 0.082 0.0669 0.0065 0
 0.8095 0.147 0.0364 0.0071 0
 0.9664 0.0169 0.016 0.0007 0
 0.9276 0.0648 0.0075 0.0001 0
 0.7033 0.2144 0.0806 0.0017 0
 0.9318 0.0425 0.0243 0.0014 0
 0.5671 0.3108 0.0964 0.0239 0.0018
 0.0768 0.2599 0.5324 0.112 0.0189
 0.490249 0.384438 0.106611 0.0170017 0.00170017
 0.7925 0.1577 0.0466 0.003 0.0002
 0.840416 0.127587 0.0312969 0.00059994 9.999e-05
 0.8084 0.0986 0.0794 0.0134 0.0002
 0.7335 0.1905 0.0724 0.0035 0.0001
 0.4001 0.4547 0.1325 0.0127 0
 0.49795 0.308269 0.164784 0.0264974 0.00249975
 0.9179 0.0499 0.0305 0.0017 0
 0.2467 0.6533 0.0926 0.0074 0
 0.9418 0.0223 0.034 0.0019 0
 0.707729 0.231977 0.0356964 0.0245975 0
 0.517169 0.277429 0.184464 0.0207286 0.00020938
 0.811772 0.124168 0.05621 0.00726502 0.000585176
 0.764997 0.148141 0.077277 0.00933861 0.000247198
 0.163321 0.427699 0.378323 0.0303852 0.000271297
 0.753843 0.0900009 0.118128 0.0371064 0.000921714
 0.721811 0.176058 0.0630433 0.0369309 0.00215725
 0.143369 0.312575 0.442814 0.0836902 0.0175525
 0.692698 0.0596174 0.167031 0.0765114 0.00414204
 0.394062 0.376323 0.152708 0.0712218 0.00568511
 0.125707 0.32114 0.495352 0.0537591 0.00404204
 0.23352 0.215282 0.420074 0.123614 0.00750983
pf_pred 
 0.453246 0.129742 0.392283 0.024728 7.78184e-07
 0.416314 0.303452 0.0664983 0.201061 0.0126745
 0.565448 0.211388 0.116021 0.0254248 0.081719
 0.724574 0.174417 0.049136 0.0269685 0.024905
 0.650857 0.272652 0.0484384 0.0136459 0.0144061
 0.756143 0.172837 0.0554611 0.00985302 0.00570614
 0.474147 0.42315 0.0727926 0.0233582 0.00655295
 0.460972 0.300404 0.192019 0.0330322 0.0135732
 0.551911 0.235777 0.118323 0.0756324 0.0183569
 0.721156 0.174252 0.0550344 0.0276187 0.0219388
 0.826798 0.135244 0.0237197 0.00749145 0.00674591
 0.738732 0.225043 0.028286 0.00496092 0.00297771
 0.684999 0.250484 0.0555722 0.00698496 0.00196037
 0.631392 0.27582 0.0737831 0.0163695 0.00263496
 0.744713 0.181513 0.0552032 0.0147671 0.00380359
 0.941201 0.0471306 0.00829671 0.00252327 0.000848842
 0.364422 0.607593 0.0224316 0.00394878 0.00160494
 0.898419 0.0439104 0.0551317 0.0020354 0.000503933
 0.595518 0.372753 0.0137157 0.0172207 0.000793175
 0.61328 0.257195 0.119365 0.00439209 0.00576849
 0.728614 0.184545 0.0577553 0.0268043 0.00228164
 0.732479 0.208837 0.0399055 0.0124888 0.00628946
 0.310604 0.54164 0.115344 0.0220405 0.0103716
 0.736321 0.0980852 0.130103 0.0277058 0.00778542
 0.618471 0.299666 0.0304521 0.0403924 0.0110188
 0.431503 0.386605 0.142864 0.0145179 0.02451
 0.734335 0.13222 0.0907495 0.0335351 0.00916119
 0.68043 0.250422 0.0344146 0.0236206 0.0111132
 0.322985 0.49784 0.140405 0.0192954 0.0194744
 0.413606 0.224966 0.265775 0.0749561 0.0206974
pobs_RECLAS
 0 0 0 0 0
 0 0 0 0 0
 0 0 0 0 0
 0 0 0 0 0
 0 0 0 0 0
 0 0 0 0 0
 0 0 0 0 0
 0 0 0 0 0
 0 0 0 0 0
 0 0 0 0 0
 0.991045 0.00858322 0.000360255 1.14367e-05 0
 0.934742 0.0480273 0.0164251 0.00080598 0
 0.827803 0.169806 0.00239088 0 0
 0.941827 0.0461693 0.0120037 0 0
 0.791401 0.0380133 0.147996 0.0225897 0
 0.846168 0.0940531 0.0597789 0 0
 0.134021 0.677848 0.182769 0.00536245 0
 0.80878 0.0450904 0.141981 0.00414843 0
 0.846168 0.0940531 0.0597789 0 0
 0.905697 0.0802665 0.012482 0.00150086 5.37128e-05
 0.989698 0.0102097 9.19794e-05 0 0
 0.975433 0.0193895 0.00387452 0.00125025 5.28907e-05
 0.303575 0.632131 0.0575291 0.00676475 0
 0.966965 0.00978017 0.0227588 0.000495775 0
 0.843318 0.132988 0.00938335 0.0141283 0.000182051
 0.564624 0.303363 0.111486 0.0197234 0.00080311
 0.826376 0.0876187 0.0782897 0.00655872 0.00115652
 0.89761 0.0855135 0.0140674 0.00269457 0.000114338
 0.34875 0.467042 0.161289 0.0227151 0.000203297
 0.318654 0.224769 0.449479 0.00709798 0
ppred_RECLAS
 0.515815 0.114895 0.347391 0.0218982 6.89131e-07
 0.478996 0.270864 0.0593571 0.179469 0.0113134
 0.626448 0.181714 0.0997345 0.0218558 0.0702477
 0.772985 0.14376 0.0404994 0.0222282 0.0205275
 0.705485 0.229992 0.0408597 0.0115108 0.0121521
 0.79989 0.141831 0.0455116 0.00808544 0.00468249
 0.540284 0.369929 0.0636373 0.0204203 0.00572877
 0.523341 0.265645 0.169801 0.0292101 0.0120027
 0.614437 0.202877 0.101812 0.0650787 0.0157954
 0.770646 0.143325 0.0452667 0.0227168 0.018045
 0.859763 0.109504 0.0192052 0.00606563 0.00546198
 0.785896 0.184418 0.0231798 0.00406537 0.00244017
 0.738229 0.208156 0.0461813 0.0058046 0.00162909
 0.692246 0.230285 0.0616022 0.013667 0.00219995
 0.791428 0.148298 0.0451015 0.0120649 0.00310757
 0.953965 0.0368992 0.00649559 0.0019755 0.000664568
 0.424975 0.549706 0.0202945 0.00357257 0.00145203
 0.919359 0.0348586 0.0437667 0.00161582 0.000400051
 0.655614 0.317371 0.0116779 0.0146621 0.000675329
 0.671894 0.218213 0.101273 0.0037264 0.00489418
 0.775753 0.15249 0.0477232 0.0221484 0.00188532
 0.77949 0.172138 0.032893 0.0102942 0.00518422
 0.366949 0.497371 0.105917 0.0202391 0.00952387
 0.782175 0.0810281 0.107478 0.0228877 0.00643152
 0.675805 0.254634 0.0258759 0.0343225 0.00936296
 0.493752 0.344272 0.127221 0.0129282 0.0218262
 0.780416 0.109285 0.0750085 0.0277183 0.00757213
 0.73232 0.20976 0.0288266 0.0197853 0.00930867
 0.380024 0.455897 0.128576 0.0176697 0.0178336
 0.475816 0.201099 0.237579 0.067004 0.0185017
pobs_PELACES
 0 0 0 0 0
 0 0 0 0 0
 0 0 0 0 0
 0 0 0 0 0
 0 0 0 0 0
 0 0 0 0 0
 0 0 0 0 0
 0 0 0 0 0
 0 0 0 0 0
 0 0 0 0 0
 0 0 0 0 0
 0 0 0 0 0
 0 0 0 0 0
 0 0 0 0 0
 0 0 0 0 0
 0 0 0 0 0
 0.505614 0.472636 0.0217494 0 0
 0 0 0 0 0
 0.443492 0.261883 0.143347 0.151278 0
 0.227955 0.32914 0.350689 0.0885471 0.00366901
 0.970185 0.0296113 0.000203453 0 0
 0.997202 0.00247181 0.000326279 0 0
 0.445219 0.490057 0.0546422 0.010081 0
 0.90214 0.0892962 0.00764917 0.000914606 0
 0 0 0 0 0
 0.581667 0.319106 0.0959925 0.00289975 0.000334073
 0.762889 0.0836404 0.116647 0.0363945 0.000428098
 0.88444 0.0763242 0.0277011 0.0115352 0
 0.521256 0.241999 0.230069 0.00667565 0
 0.616807 0.101726 0.260614 0.0208532 0
ppred_PELACES
 0.518504 0.114257 0.345462 0.0217765 6.85303e-07
 0.483914 0.268307 0.0587967 0.177775 0.0112066
 0.630951 0.179524 0.0985323 0.0215923 0.0694009
 0.778244 0.140429 0.0395612 0.0217133 0.0200519
 0.707651 0.228301 0.0405592 0.0114262 0.0120627
 0.803069 0.139578 0.0447886 0.00795699 0.0046081
 0.551532 0.360878 0.0620803 0.0199207 0.00558861
 0.525217 0.2646 0.169133 0.0290952 0.0119555
 0.621361 0.199233 0.0999839 0.06391 0.0155118
 0.777418 0.139094 0.0439302 0.0220461 0.0175122
 0.860813 0.108685 0.0190615 0.00602025 0.00542112
 0.79206 0.17911 0.0225126 0.00394835 0.00236993
 0.744889 0.20286 0.0450065 0.00565693 0.00158765
 0.70471 0.220958 0.0591073 0.0131135 0.00211085
 0.79815 0.143518 0.0436481 0.011676 0.00300742
 0.955297 0.0358316 0.00630767 0.00191834 0.000645342
 0.429785 0.545108 0.0201247 0.00354269 0.00143989
 0.920815 0.0342293 0.0429766 0.00158665 0.000392829
 0.661868 0.311608 0.0114658 0.0143959 0.000663065
 0.677262 0.214643 0.099616 0.00366543 0.00481411
 0.778986 0.150291 0.0470352 0.0218291 0.00185814
 0.783585 0.168942 0.0322821 0.010103 0.00508795
 0.370271 0.494761 0.105361 0.0201329 0.0094739
 0.78433 0.0802265 0.106414 0.0226613 0.0063679
 0.678608 0.252432 0.0256522 0.0340257 0.00928199
 0.496353 0.342504 0.126567 0.0128618 0.0217141
 0.782535 0.108231 0.0742846 0.0274508 0.00749906
 0.734319 0.208193 0.0286112 0.0196374 0.00923913
 0.382411 0.454141 0.128081 0.0176017 0.017765
 0.479599 0.199648 0.235864 0.0665205 0.0183681
pobs_pel_tallas
 0 0 0 0 0 0 0 0 0 0 0 0 0 0 0 0 0 0 0 0 0 0 0 0 0 0
 0 0 0 0 0 0 0 0 0 0 0 0 0 0 0 0 0 0 0 0 0 0 0 0 0 0
 0 0 0 0 0 0 0 0 0 0 0 0 0 0 0 0 0 0 0 0 0 0 0 0 0 0
 0 0 0 0 0 0 0 0 0 0 0 0 0 0 0 0 0 0 0 0 0 0 0 0 0 0
 0 0 0 0 0 0 0 0 0 0 0 0 0 0 0 0 0 0 0 0 0 0 0 0 0 0
 0 0 0 0 0 0 0 0 0 0 0 0 0 0 0 0 0 0 0 0 0 0 0 0 0 0
 0 0 0 0 0 0 0 0 0 0 0 0 0 0 0 0 0 0 0 0 0 0 0 0 0 0
 0 0 0 0 0 0 0 0 0 0 0 0 0 0 0 0 0 0 0 0 0 0 0 0 0 0
 0 0 0 0 0 0 0 0 0 0 0 0 0 0 0 0 0 0 0 0 0 0 0 0 0 0
 0 0 0 0 0 0 0 0 0 0 0 0 0 0 0 0 0 0 0 0 0 0 0 0 0 0
 0 0 0 0 0 0 0 0 0 0 0 0 0 0 0 0 0 0 0 0 0 0 0 0 0 0
 0 0 0 0 0 0 0 0 0 0 0 0 0 0 0 0 0 0 0 0 0 0 0 0 0 0
 0.00862536 0 0 0.000197151 0.00414017 0.0128641 0.00837892 0.0270097 0.101434 0.158115 0.152841 0.127902 0.109271 0.109419 0.0830992 0.0579132 0.0238553 0.00714673 0.00463305 0.00128148 0.00103504 0.000492878 0.000147863 0.000147863 4.92878e-05 0
 0 0 0 0 0 0 0 0 0 0 0 0 0 0 0 0 0 0 0 0 0 0 0 0 0 0
 0 0 0 0 0 0 0 0.0054083 0.00873648 0.0413646 0.0450493 0.0745869 0.0622846 0.0627006 0.0613931 0.0827291 0.12552 0.122667 0.0946155 0.0697135 0.0546179 0.0294188 0.0215738 0.0213955 0.0102223 0.00600262
 0 0 0 0 0.00359764 0.0251062 0.0480494 0.140153 0.205849 0.193036 0.1447 0.116669 0.0760912 0.0342217 0.00950174 0.001854 0.000860785 0 0 0 0.000165536 0 0.000143464 0 0 0
 0 0 0 0 0 0 0 0.000145254 0.000435761 0.0275982 0.070085 0.0708112 0.156366 0.174668 0.174014 0.160142 0.0824315 0.0480064 0.0283245 0.00493863 0.00203355 0 0 0 0 0
 0 0 0 0 0 0 0 0 0 0 0 0 0 0 0 0 0 0 0 0 0 0 0 0 0 0
 0 0 1.00437e-05 0.000401748 0.00122533 0.00171747 0.00176769 0.0269171 0.070346 0.194647 0.189555 0.159765 0.064822 0.0314167 0.0384472 0.0292271 0.0345202 0.0313363 0.0194345 0.0106764 0.0143323 0.0359363 0.0279516 0.0138201 0.00172751 0
 0 0.0021121 0.0136068 0.0755702 0.200478 0.177729 0.0527432 0.0373336 0.0318909 0.0142505 0.0149659 0.0166563 0.0217959 0.0798694 0.0677717 0.0528807 0.04013 0.0224614 0.0357745 0.0225083 0.00881397 0.00855152 0.00135912 0.000746735 0 0
 0 0 0 0 5.4009e-05 0.00500934 0.000945158 0.0243581 0.138947 0.33067 0.221406 0.137944 0.0707744 0.0437923 0.0131692 0.00525238 0.0047753 0.00276346 9.45158e-05 9.00151e-06 2.25038e-05 9.00151e-06 4.50075e-06 0 0 0
 0.000866109 0.00284123 0.00948549 0.0512746 0.133035 0.25785 0.225252 0.132002 0.0553304 0.0519788 0.0540692 0.017754 0.00435017 0.00159236 0.00146478 0.000404838 0.000125132 0.000115318 0.000107957 0.000100596 0 0 0 0 0 0
 0 0 0 0 0.00144013 0.00171154 0.00461396 0.0210425 0.0478622 0.0707936 0.0888783 0.103762 0.0637923 0.0337046 0.0602308 0.124433 0.169614 0.0934646 0.0462172 0.0250306 0.0313229 0.00938855 0.002487 0.000210481 0 0
 0 0.00764035 0.051015 0.0998891 0.058973 0.0496711 0.0374665 0.0718981 0.12319 0.153886 0.159021 0.0857701 0.0377988 0.023471 0.0147837 0.00900784 0.00315554 0.000888139 0.00291439 0.00214683 0.00393193 0.00274676 0.000635225 9.99891e-05 0 0
 0 0 0 0 0 0 0 0 0 0 0 0 0 0 0 0 0 0 0 0 0 0 0 0 0 0
 0 0 0 0 0 0 0 0 0 0 0 0 0 0 0 0 0 0 0 0 0 0 0 0 0 0
 0 0 0 0 0 0 0 0 0 0 0 0 0 0 0 0 0 0 0 0 0 0 0 0 0 0
 0 0 0 0 0 0 0 0 0 0 0 0 0 0 0 0 0 0 0 0 0 0 0 0 0 0
 0 0 0 0 0 0 0 0 0 0 0 0 0 0 0 0 0 0 0 0 0 0 0 0 0 0
 0 0 0 0 0 0 0 0 0 0 0 0 0 0 0 0 0 0 0 0 0 0 0 0 0 0
ppred_pel_tallas
 1.12183e-16 4.27085e-05 0.000415142 0.00275877 0.012541 0.0390196 0.0831359 0.121342 0.121353 0.0831925 0.039211 0.0131004 0.00418762 0.00361585 0.00635975 0.0110664 0.0173777 0.024844 0.0329223 0.0411833 0.0492459 0.05642 0.061472 0.0629291 0.0598386 0.0524255
 1.21491e-16 3.98594e-05 0.000387448 0.00257473 0.0117044 0.0364168 0.0775907 0.113251 0.113277 0.0777176 0.036843 0.012937 0.00567444 0.00717333 0.0129871 0.0215734 0.031492 0.0405556 0.0466427 0.0489834 0.0486871 0.0479478 0.0485109 0.0505831 0.0528814 0.0535675
 1.168e-16 5.19706e-05 0.000505173 0.00335705 0.0152607 0.0474817 0.101166 0.147658 0.147675 0.101251 0.0477684 0.0160904 0.00544646 0.00508887 0.00882443 0.0146858 0.021581 0.0280703 0.032742 0.0350202 0.0355025 0.0354663 0.0359347 0.0370467 0.0381215 0.0382049
 1.06749e-16 6.4103e-05 0.000623104 0.00414074 0.0188232 0.0585661 0.124782 0.182126 0.182139 0.124848 0.058789 0.0194676 0.00576037 0.00416588 0.00681394 0.0112213 0.0162991 0.0208048 0.0235293 0.0239514 0.0225495 0.0204491 0.0186871 0.0176702 0.0171497 0.0165797
 1.04417e-16 5.82883e-05 0.000566583 0.00376515 0.0171158 0.0532538 0.113464 0.165608 0.16563 0.113571 0.0536151 0.0181598 0.00638642 0.00629167 0.0109398 0.0180162 0.0260024 0.032819 0.0363893 0.0357671 0.0316959 0.0260852 0.0208399 0.0169545 0.0144001 0.0126049
 1.02907e-16 6.61477e-05 0.00064298 0.00427283 0.0194237 0.0604343 0.128762 0.187935 0.187948 0.128828 0.0606558 0.0200641 0.00588247 0.00416337 0.00677119 0.0111396 0.016158 0.020565 0.0231156 0.0232287 0.0213064 0.0184106 0.0155714 0.0132834 0.0114867 0.00988442
 1.04828e-16 4.5429e-05 0.000441586 0.0029345 0.0133398 0.0415053 0.0884328 0.129078 0.129112 0.0886028 0.0420764 0.0149896 0.0070767 0.00948748 0.0172354 0.0284488 0.0410414 0.0517481 0.0572669 0.0560756 0.0493236 0.0400148 0.0311696 0.024403 0.019748 0.0164025
 1.0989e-16 4.32615e-05 0.000420517 0.00279448 0.0127033 0.0395249 0.084213 0.122917 0.122942 0.0843387 0.0399478 0.0139274 0.0058774 0.0071847 0.01299 0.0216689 0.031824 0.0413038 0.0479084 0.0505792 0.0499117 0.047502 0.0447113 0.0418974 0.0385987 0.03427
 1.11971e-16 5.11807e-05 0.000497495 0.00330603 0.0150287 0.0467601 0.099628 0.145414 0.145433 0.0997226 0.047078 0.0159486 0.00562186 0.00557577 0.0097637 0.0162414 0.0238239 0.0308893 0.035829 0.0379476 0.0378427 0.0368688 0.0361238 0.0357853 0.0352193 0.0335992
 1.06478e-16 6.40349e-05 0.000622442 0.00413635 0.0188032 0.0585039 0.124649 0.181932 0.181946 0.124715 0.0587249 0.019442 0.00574218 0.00413611 0.00676152 0.0111422 0.016202 0.0207167 0.0234925 0.0240095 0.0227254 0.0207267 0.019008 0.0179485 0.0173006 0.0165488
 1.021e-16 7.0904e-05 0.000689212 0.00458006 0.0208203 0.0647797 0.13802 0.201447 0.201457 0.138072 0.0649517 0.0213172 0.00582789 0.00341455 0.00525076 0.00857901 0.0123773 0.0156212 0.0173197 0.0170227 0.0150848 0.0124157 0.00992255 0.00807793 0.00686643 0.006014
 1.01493e-16 6.52409e-05 0.000634165 0.00421425 0.0191574 0.0596058 0.126997 0.18536 0.185377 0.127081 0.059889 0.0199751 0.00626656 0.00511355 0.00856998 0.0140582 0.0202297 0.0254065 0.0279233 0.0270105 0.0232471 0.0181648 0.0133324 0.0096342 0.00715562 0.00553135
 1.02187e-16 6.13556e-05 0.000596398 0.00396327 0.0180165 0.0560561 0.119434 0.174322 0.174341 0.11953 0.0563774 0.0189448 0.00629472 0.00568983 0.00974595 0.0160439 0.0231728 0.0292777 0.0325023 0.0319763 0.028309 0.023135 0.0180996 0.014087 0.0111408 0.00888264
 1.03435e-16 5.80461e-05 0.000564229 0.0037495 0.0170447 0.0530325 0.112992 0.16492 0.164941 0.113096 0.0533828 0.0180572 0.00629321 0.00612441 0.0106391 0.0175522 0.0254085 0.0322226 0.0360013 0.0358132 0.0323105 0.027224 0.0222615 0.0182877 0.0152685 0.0127552
 1.02977e-16 6.57426e-05 0.000639041 0.00424666 0.0193047 0.0600641 0.127973 0.186784 0.186798 0.128041 0.0602919 0.019963 0.00590112 0.00425707 0.00695566 0.0114439 0.0165937 0.0211084 0.0237081 0.0237985 0.0218 0.0188138 0.0159062 0.0135856 0.0117817 0.0101747
 1.00493e-16 7.86866e-05 0.000764861 0.00508277 0.0231055 0.07189 0.153169 0.223556 0.223559 0.153186 0.0719467 0.0232694 0.0054941 0.00166317 0.00178586 0.00283078 0.00407716 0.00514177 0.00569254 0.0055782 0.00491263 0.00399356 0.00312005 0.0024517 0.00199124 0.00165895
 1.0132e-16 3.54009e-05 0.00034411 0.00228673 0.0103952 0.0323436 0.0689133 0.100592 0.100644 0.0691695 0.0332036 0.012878 0.00851445 0.013924 0.0257812 0.0424477 0.0608671 0.0759583 0.0825665 0.0783152 0.0650523 0.0476715 0.0312889 0.0189428 0.0111219 0.00674217
 1.01475e-16 7.58463e-05 0.000737253 0.0048993 0.0222715 0.069295 0.14764 0.215486 0.21549 0.147657 0.0693504 0.0224322 0.00530537 0.00163301 0.00180426 0.00293344 0.00438224 0.0058502 0.00707346 0.00790919 0.00837838 0.00857912 0.00855385 0.00824109 0.00754946 0.00647208
 1.01967e-16 5.45172e-05 0.000529927 0.00352155 0.0160085 0.0498085 0.106123 0.154896 0.154926 0.10627 0.0503002 0.0174281 0.00708272 0.00829626 0.0147816 0.0242923 0.0348533 0.0435486 0.0474525 0.0452317 0.0379629 0.0284441 0.0195686 0.0130056 0.0089426 0.00666984
 1.04112e-16 5.57852e-05 0.000542252 0.00360346 0.0163808 0.0509669 0.108591 0.158496 0.158517 0.108693 0.0513085 0.0173689 0.0060888 0.00598449 0.0104403 0.0172981 0.025206 0.0323027 0.0367021 0.0374893 0.0351907 0.03128 0.0271606 0.0234673 0.0201065 0.0167596
 1.039e-16 6.41641e-05 0.000623698 0.00414469 0.0188412 0.058622 0.124901 0.182299 0.182314 0.124972 0.0588606 0.019531 0.00587853 0.00441634 0.00728977 0.0120099 0.0174367 0.0222298 0.0250668 0.0253428 0.0235076 0.0207058 0.0180208 0.0159284 0.0142875 0.0127058
 1.0285e-16 6.45429e-05 0.00062738 0.00416916 0.0189524 0.0589681 0.125638 0.183376 0.183393 0.125718 0.0592356 0.0197252 0.00610965 0.00486605 0.00812222 0.0133459 0.0192675 0.0243334 0.0270055 0.0265786 0.0235904 0.0194359 0.0155054 0.0125246 0.0104782 0.00896918
 1.0679e-16 3.04988e-05 0.00029646 0.00197008 0.00895573 0.0278649 0.0593708 0.0866634 0.0867111 0.0596041 0.0286484 0.0112197 0.00765565 0.0127172 0.0236466 0.0391145 0.0565065 0.0714004 0.0792909 0.0780813 0.0692925 0.0569441 0.0450613 0.0357742 0.0291169 0.0240628
 1.06442e-16 6.46042e-05 0.000627976 0.00417312 0.0189704 0.059024 0.125757 0.183548 0.183556 0.125796 0.0591541 0.0193482 0.00512894 0.00273956 0.00414847 0.00694873 0.010455 0.0140945 0.0173084 0.0198153 0.0216955 0.0231616 0.0242269 0.024593 0.0238527 0.021812
 1.05788e-16 5.58961e-05 0.00054333 0.00361062 0.0164134 0.0510682 0.108807 0.158812 0.158837 0.108926 0.0514673 0.017566 0.00650389 0.00685934 0.0120517 0.0198389 0.0285872 0.0359933 0.0397666 0.0388955 0.0342721 0.0280983 0.0225526 0.0187412 0.0165479 0.0151843
 1.08705e-16 4.0884e-05 0.000397407 0.00264091 0.0120052 0.0373529 0.0795854 0.116164 0.116197 0.0797474 0.0378971 0.0135787 0.00659664 0.00905285 0.016538 0.0274301 0.0398705 0.0508936 0.0574812 0.0582183 0.0540674 0.0475693 0.0411584 0.0359554 0.0317525 0.0278082
 1.06194e-16 6.44564e-05 0.000626539 0.00416357 0.018927 0.058889 0.12547 0.183129 0.183139 0.125521 0.0590622 0.0194287 0.005428 0.0034034 0.00538731 0.00893367 0.0131684 0.0172067 0.0201867 0.0217143 0.0220533 0.0218365 0.0215474 0.0212087 0.0204839 0.0190215
 1.04412e-16 6.04849e-05 0.000587935 0.00390704 0.0177608 0.0552607 0.117739 0.171848 0.171868 0.117838 0.05559 0.0187121 0.00629522 0.00580255 0.00996784 0.0163943 0.0236403 0.0297987 0.0329773 0.0323281 0.0285595 0.0234523 0.0187755 0.0154395 0.013382 0.0120141
 1.08584e-16 3.14988e-05 0.000306179 0.00203467 0.00924935 0.0287784 0.061317 0.0895032 0.0895471 0.0615314 0.0294987 0.0113311 0.00726504 0.0117405 0.0217956 0.0361087 0.0523074 0.0663947 0.0742947 0.0741039 0.0671657 0.0570284 0.0471818 0.0393745 0.0335032 0.0286074
 1.16638e-16 3.9504e-05 0.000383993 0.00255177 0.0116 0.0360919 0.0768984 0.11224 0.112259 0.0769943 0.0364149 0.0125372 0.00492113 0.00561252 0.010135 0.0171276 0.025691 0.0344606 0.0420338 0.0477352 0.051856 0.0550762 0.0575943 0.0587727 0.057582 0.0533911
pSPR Fmed_Fpbrs
0.613075   0.215294 0.215294
Fs Fmed_Fpbrs
0.268603   1.005 1.005
SSBpbr Bo_Bmed_Bpbrs
1.83807e+06  1.03497e+06  303822 303822
Ro
161961
SPR SPRFo_SPRFmed_SPRFpbrs
1.1529e+06 706815 248213
Fref
1.005
log_Ro
11.8151
likeval ReclasPelacesDesembMPH_pf_preclas_ppelaces_ptallas_desvR_qrecl_qpela
 12.5585 18.0761 0.0451377 0.00258193 228.697 104.808 77.0101 0 25.0659 0 0 0.230511 0 0 0
q_reclas_q_pelaces
1 1
M
1
N
 188301 42633.1 128903 8125.56 0.25571
 105871 61682.6 13517.1 40869.6 2576.34
 105462 31498.7 17288.2 3788.52 12176.9
 161877 31516.4 8878.67 4873.09 4500.23
 129831 43001 7639.41 2152.14 2272.04
 233512 42677.4 13694.6 2432.94 1408.98
 94442 69265.7 11915.5 3823.52 1072.66
 41503.2 21308.2 13620.2 2343.03 962.772
 40789.4 14079.9 7065.92 4516.56 1096.22
 55472 10940 3455.21 1733.98 1377.38
 104186 13446.3 2358.26 744.815 670.692
 140563 34887.5 4385.06 769.07 461.621
 116756 34700.9 7698.73 967.666 271.581
 81175.1 29537.6 7901.44 1753.01 282.178
 79125.6 15781.9 4799.73 1283.95 330.709
 460728 18670.9 3286.75 999.596 336.27
 91315.9 121688 4492.56 790.855 321.434
 695711 27182 34128.4 1259.98 311.952
 409504 206768 7608.14 9552.4 439.978
 331217 111631 51807.9 1906.3 2503.7
 462999 93624.2 29300.6 13598.5 1157.53
 608172 139276 26613.5 8328.95 4194.52
 124747 172781 36794.4 7030.84 3308.49
 372622 39350.6 52195.6 11115.2 3123.41
 311206 119559 12149.6 16115.5 4396.22
 140768 99710.7 36846.6 3744.36 6321.47
 324440 46295.2 31774.9 11742 3207.69
 358938 104417 14349.6 9848.94 4633.78
 97087.2 118270 33355.6 4583.94 4626.45
 74058.2 32027.3 37837.1 10671.1 2946.6
pred_Ctot
 13165.2 3768.56 11394.4 718.26 0.0226035
 13023.2 9492.6 2080.2 6289.6 396.484
 12724.3 4756.88 2610.83 572.136 1838.93
 29199.7 7028.86 1980.14 1086.81 1003.65
 8817.73 3693.85 656.237 184.872 195.172
 29095.9 6650.66 2134.11 379.138 219.569
 24014.3 21431.4 3686.76 1183.03 331.89
 2055.34 1339.41 856.155 147.281 60.5189
 7167.4 3061.91 1536.6 982.201 238.392
 12371.2 2989.23 944.094 473.787 376.351
 5957.11 974.44 170.901 53.9762 48.6045
 30186.2 9195.73 1155.83 202.713 121.675
 23759.9 8688.3 1927.58 242.281 67.9975
 25464.4 11124 2975.72 660.191 106.269
 18590.7 4531.19 1378.07 368.639 94.9509
 84381.7 4225.42 743.827 226.219 76.1014
 11208 18686.8 689.897 121.447 49.3608
 85969.7 4201.78 5275.55 194.767 48.2214
 68695.9 42998.8 1582.17 1986.49 91.4965
 49546.9 20778.8 9643.48 354.838 466.037
 54238.4 13737.6 4299.33 1995.33 169.847
 89411.5 25492.1 4871.15 1524.47 767.735
 11382 19848.2 4226.75 807.666 380.063
 30444.1 4055.45 5379.26 1145.53 321.898
 25677 12441.2 1264.28 1676.97 457.467
 9520.98 8530.32 3152.25 320.332 540.806
 25949.5 4672.3 3206.85 1185.04 323.733
 23885 8790.52 1208.05 829.151 390.103
 6395.6 9858.01 2780.24 382.079 385.622
 7150.22 3889.1 4594.59 1295.81 357.808
F
 0.116041 0.148676 0.148676 0.148676 0.148676
 0.212278 0.27198 0.27198 0.27198 0.27198
 0.207842 0.266295 0.266295 0.266295 0.266295
 0.325613 0.417189 0.417189 0.417189 0.417189
 0.112563 0.144221 0.144221 0.144221 0.144221
 0.215285 0.275832 0.275832 0.275832 0.275832
 0.488895 0.626393 0.626393 0.626393 0.626393
 0.081021 0.103807 0.103807 0.103807 0.103807
 0.315995 0.404866 0.404866 0.404866 0.404866
 0.417176 0.534503 0.534503 0.534503 0.534503
 0.094048 0.120498 0.120498 0.120498 0.120498
 0.398888 0.511072 0.511072 0.511072 0.511072
 0.374419 0.479721 0.479721 0.479721 0.479721
 0.637745 0.817105 0.817106 0.817106 0.817106
 0.444072 0.568963 0.568963 0.568963 0.568963
 0.331352 0.424541 0.424541 0.424541 0.424541
 0.211768 0.271326 0.271326 0.271326 0.271326
 0.213338 0.273338 0.273338 0.273338 0.273338
 0.29975 0.384052 0.384052 0.384052 0.384052
 0.263484 0.337586 0.337586 0.337586 0.337586
 0.201267 0.257872 0.257872 0.257872 0.257872
 0.25843 0.331112 0.331112 0.331112 0.331112
 0.15378 0.197029 0.197029 0.197029 0.197029
 0.136754 0.175215 0.175215 0.175215 0.175215
 0.138183 0.177046 0.177046 0.177046 0.177046
 0.112075 0.143595 0.143595 0.143595 0.143595
 0.133709 0.171314 0.171314 0.171314 0.171314
 0.110179 0.141166 0.141166 0.141166 0.141166
 0.10902 0.139681 0.139681 0.139681 0.139681
 0.16336 0.209304 0.209304 0.209304 0.209304
nmprior
 8 8 7 0
nm_flota  nm_reclas  nm_pelaces    nm_pelaL
inf 12.7367 15.7915 27.4225
cv_recla  cv_pelaces  cv_mph
0.328092 0.500285 1.56811
 ------------------------------------------------
Talla a la edad & desviación 
 8 13.2811 15.8009 17.003 17.5766
 0.8 1.32811 1.58009 1.7003 1.75766
