years
 1991 1992 1993 1994 1995 1996 1997 1998 1999 2000 2001 2002 2003 2004 2005 2006 2007 2008 2009 2010 2011 2012 2013 2014 2015 2016 2017 2018 2019 2020
reclasobs
 0 0 0 0 0 0 0 0 0 252601 567819 844713 477998 351125 339783 2.1784e+06 2.13404e+06 4.81314e+06 1.55562e+06 2.62356e+06 3.21686e+06 3.843e+06 1.13348e+06 3.07943e+06 1.97215e+06 2.03268e+06 2.025e+06 2.42433e+06 2.27542e+06 1.05018e+06
reclaspred
 2.64296e+06 987194 537523 268389 38774.9 942937 305937 70856.3 391026 145446 234686 498789 413130 284017 211756 1.15657e+06 763740 3.87059e+06 2.6186e+06 1.05468e+06 2.34272e+06 2.2268e+06 1.29442e+06 2.64392e+06 1.70257e+06 966992 1.58075e+06 2.19598e+06 1.56402e+06 578846
pelacesobs
 0 0 0 0 0 0 0 0 0 0 0 0 0 0 0 552880 188675 0 991730 2.46772e+06 1.41603e+06 1.21717e+06 2.29649e+06 1.80582e+06 0 1.4828e+06 1.56532e+06 1.57751e+06 1.42118e+06 867257
pelacespred
 1.30048e+06 511138 239647 75458.4 9779.62 414776 94162.5 28031.2 163565 48851.4 104380 188514 165765 113829 83687.4 441275 291217 1.85573e+06 1.22583e+06 496171 1.03469e+06 968075 567641 1.34133e+06 829125 463220 870333 1.16956e+06 695153 303834
mphobs
 0 0 0 0 0 0 0 0 0 0 0 498337 0 5186 125008 0 168611 109162 213762 579715 649985 157893 87575 83554 0 0 0 0 0 0
mphpred
 2.84949e+06 1.3667e+06 376586 290789 74694.4 8160.58 470677 91689.1 26005.8 189580 43346.2 150638 263128 163111 83532.9 82007.2 734411 427552 2.377e+06 1.28471e+06 652465 1.22069e+06 1.31822e+06 771416 1.49574e+06 974060 494468 816221 1.51859e+06 789606
desembarqueobs
 494567 514787 250237 358949 120608 361735 552515 73892 212993 205616 52469 317467 293654 387597 252695 516296 358380 742168 942051 627588 828172 859565 418607 520667 417249 300574 407403 355545 319650 289779
desembarquepred
 494528 514720 249678 358589 120485 361515 551660 73852.7 212834 205394 52457.7 317205 293360 386946 252402 515945 358255 741840 940968 626540 827660 858829 418377 520474 416990 300354 407189 355394 319499 289598
Reclutas
 5820.2 3603.78 197671 8884.93 3154.83 288071 4489.59 1175.66 74069.4 5774.49 66483.6 161225 76283.6 68272.2 48797.2 440219 7722.72 1.07949e+06 205356 51567.1 468384 588437 9410.58 367995 172226 25478.2 265491 332730 10895.7 4572.69
log_desv_Rt
 -2.08926 -2.56861 1.43601 -1.66624 -2.70166 1.81261 -2.34883 -3.68877 0.454408 -2.09714 0.34636 1.23221 0.483863 0.372907 0.0370783 2.23668 -1.80643 3.13365 1.47415 0.0922891 2.29869 2.52688 -1.60876 2.05747 1.29821 -0.612771 1.73099 1.95674 -1.46223 -2.33049
SSB
 2.84949e+06 1.3667e+06 376586 290789 74694.4 8160.58 470677 91689.1 26005.8 189580 43346.2 150638 263128 163111 83532.9 82007.2 734411 427552 2.377e+06 1.28471e+06 652465 1.22069e+06 1.31822e+06 771416 1.49574e+06 974060 494468 816221 1.51859e+06 789606
BT
 3.45393e+06 1.74167e+06 793670 436430 131829 1.2778e+06 706383 135479 566972 295128 285679 696702 642912 665964 445654 1.42503e+06 955567 4.94572e+06 3.70934e+06 1.78614e+06 3.10916e+06 2.99896e+06 1.67185e+06 3.58691e+06 2.30722e+06 1.35159e+06 2.43923e+06 3.04856e+06 1.87079e+06 1.01999e+06
Ftot
 0.176985 0.477664 0.4825 1.13025 2.16507 0.444587 1.43326 0.914168 0.614677 1.19018 0.255127 0.673974 0.700505 1.30476 1.19666 0.507556 0.434619 0.220981 0.348768 0.552304 0.383125 0.402847 0.30324 0.217684 0.243478 0.297087 0.285081 0.178793 0.193448 0.461235
BD_Bspro_t
 0.97208 0.7764 0.482892 0.445213 0.144924 0.0268648 0.477454 0.13525 0.063489 0.3407 0.146888 0.482133 0.444075 0.290134 0.168394 0.173154 0.520289 0.387205 0.711336 0.539313 0.353704 0.50064 0.540588 0.447714 0.634448 0.591944 0.500499 0.644161 0.74893 0.608436
BD_Bspro
 8.51322 4.0832 1.1251 0.868769 0.223159 0.0243808 1.40621 0.273933 0.0776955 0.566395 0.129502 0.45005 0.786128 0.487315 0.249565 0.245007 2.19414 1.27737 7.10159 3.83822 1.94932 3.64697 3.93835 2.3047 4.4687 2.91013 1.47728 2.43856 4.53699 2.35905
BD_Bo
 1.54111 0.739165 0.203672 0.15727 0.0403976 0.00441355 0.25456 0.049589 0.0140649 0.102532 0.0234433 0.0814709 0.14231 0.0882167 0.0451778 0.0443526 0.397197 0.231236 1.28557 0.694818 0.352878 0.660196 0.712945 0.417211 0.80895 0.526809 0.267427 0.441443 0.821313 0.427049
BD_Brms
 9.54388 4.57753 1.26131 0.973948 0.250176 0.0273324 1.57645 0.307097 0.0871017 0.634966 0.14518 0.504536 0.881301 0.546312 0.279779 0.274669 2.45978 1.43201 7.96135 4.3029 2.18532 4.08849 4.41515 2.58372 5.0097 3.26244 1.65613 2.73379 5.08626 2.64465
Sel_flota
 0.798295 1 1 1 1
 0.798295 1 1 1 1
 0.798295 1 1 1 1
 0.798295 1 1 1 1
 0.798295 1 1 1 1
 0.798295 1 1 1 1
 0.798295 1 1 1 1
 0.798295 1 1 1 1
 0.798295 1 1 1 1
 0.798295 1 1 1 1
 0.798295 1 1 1 1
 0.798295 1 1 1 1
 0.798295 1 1 1 1
 0.798295 1 1 1 1
 0.798295 1 1 1 1
 0.798295 1 1 1 1
 0.798295 1 1 1 1
 0.798295 1 1 1 1
 0.798295 1 1 1 1
 0.798295 1 1 1 1
 0.798295 1 1 1 1
 0.798295 1 1 1 1
 0.798295 1 1 1 1
 0.798295 1 1 1 1
 0.798295 1 1 1 1
 0.798295 1 1 1 1
 0.798295 1 1 1 1
 0.798295 1 1 1 1
 0.798295 1 1 1 1
 0.798295 1 1 1 1
Sel_reclas
 1 1 1 1 1
 1 1 1 1 1
 1 1 1 1 1
 1 1 1 1 1
 1 1 1 1 1
 1 1 1 1 1
 1 1 1 1 1
 1 1 1 1 1
 1 1 1 1 1
 1 1 1 1 1
 1 1 1 1 1
 1 1 1 1 1
 1 1 1 1 1
 1 1 1 1 1
 1 1 1 1 1
 1 1 1 1 1
 1 1 1 1 1
 1 1 1 1 1
 1 1 1 1 1
 1 1 1 1 1
 1 1 1 1 1
 1 1 1 1 1
 1 1 1 1 1
 1 1 1 1 1
 1 1 1 1 1
 1 1 1 1 1
 1 1 1 1 1
 1 1 1 1 1
 1 1 1 1 1
 1 1 1 1 1
Sel_pelaces
 1 1 1 1 1
 1 1 1 1 1
 1 1 1 1 1
 1 1 1 1 1
 1 1 1 1 1
 1 1 1 1 1
 1 1 1 1 1
 1 1 1 1 1
 1 1 1 1 1
 1 1 1 1 1
 1 1 1 1 1
 1 1 1 1 1
 1 1 1 1 1
 1 1 1 1 1
 1 1 1 1 1
 1 1 1 1 1
 1 1 1 1 1
 1 1 1 1 1
 1 1 1 1 1
 1 1 1 1 1
 1 1 1 1 1
 1 1 1 1 1
 1 1 1 1 1
 1 1 1 1 1
 1 1 1 1 1
 1 1 1 1 1
 1 1 1 1 1
 1 1 1 1 1
 1 1 1 1 1
 1 1 1 1 1
pf_obs 
 0.8446 0.082 0.0669 0.0065 0
 0.8095 0.147 0.0364 0.0071 0
 0.9664 0.0169 0.016 0.0007 0
 0.9276 0.0648 0.0075 0.0001 0
 0.7033 0.2144 0.0806 0.0017 0
 0.9318 0.0425 0.0243 0.0014 0
 0.5671 0.3108 0.0964 0.0239 0.0018
 0.0768 0.2599 0.5324 0.112 0.0189
 0.490249 0.384438 0.106611 0.0170017 0.00170017
 0.7925 0.1577 0.0466 0.003 0.0002
 0.840416 0.127587 0.0312969 0.00059994 9.999e-05
 0.8084 0.0986 0.0794 0.0134 0.0002
 0.7335 0.1905 0.0724 0.0035 0.0001
 0.4001 0.4547 0.1325 0.0127 0
 0.49795 0.308269 0.164784 0.0264974 0.00249975
 0.9179 0.0499 0.0305 0.0017 0
 0.2467 0.6533 0.0926 0.0074 0
 0.9418 0.0223 0.034 0.0019 0
 0.707729 0.231977 0.0356964 0.0245975 0
 0.517169 0.277429 0.184464 0.0207286 0.00020938
 0.811772 0.124168 0.05621 0.00726502 0.000585176
 0.764997 0.148141 0.077277 0.00933861 0.000247198
 0.163321 0.427699 0.378323 0.0303852 0.000271297
 0.753843 0.0900009 0.118128 0.0371064 0.000921714
 0.721811 0.176058 0.0630433 0.0369309 0.00215725
 0.143369 0.312575 0.442814 0.0836902 0.0175525
 0.692698 0.0596174 0.167031 0.0765114 0.00414204
 0.394062 0.376323 0.152708 0.0712218 0.00568511
 0.125707 0.32114 0.495352 0.0537591 0.00404204
 0.23352 0.215282 0.420074 0.123614 0.00750983
pf_pred 
 0.0264232 0.20489 0.686439 0.0822467 1.18899e-06
 0.0511424 0.0318452 0.192986 0.646557 0.0774693
 0.923635 0.00510513 0.0023916 0.0144934 0.0543749
 0.12735 0.821578 0.00341429 0.00159949 0.0460588
 0.273614 0.127243 0.564078 0.00234418 0.0327212
 0.997797 0.000863714 0.000234553 0.00103979 6.46376e-05
 0.0502221 0.948196 0.000620176 0.000168417 0.000793018
 0.124339 0.0652627 0.809048 0.000529165 0.000820344
 0.980232 0.0032988 0.00122744 0.0152163 2.53812e-05
 0.228004 0.760662 0.00189129 0.000703724 0.00873848
 0.952263 0.0144387 0.032809 8.15753e-05 0.000407263
 0.86723 0.127811 0.0015 0.00340846 5.07844e-05
 0.624881 0.337274 0.0364316 0.000427566 0.000986035
 0.720463 0.19434 0.0766021 0.0082744 0.000321059
 0.791038 0.165872 0.0299576 0.0118083 0.001325
 0.978193 0.0184843 0.00263741 0.000476335 0.000208823
 0.0548995 0.929571 0.0131637 0.00187825 0.00048794
 0.968898 0.00221769 0.0284096 0.00040231 7.23156e-05
 0.330632 0.653073 0.00116193 0.0148848 0.000248674
 0.227587 0.303066 0.457921 0.00081472 0.0106113
 0.899475 0.0284899 0.0282641 0.0427058 0.00106559
 0.778809 0.203841 0.00491727 0.00487828 0.0075548
 0.0387752 0.790638 0.157206 0.00379229 0.00958864
 0.845712 0.00768652 0.120584 0.0239762 0.00204079
 0.519055 0.421192 0.00297686 0.0467003 0.010076
 0.18856 0.472252 0.297046 0.00209944 0.0400416
 0.87178 0.0297257 0.0573231 0.0360562 0.00511518
 0.756804 0.218423 0.00574318 0.0110752 0.00795456
 0.0624006 0.749428 0.169003 0.00444374 0.0147241
 0.0797076 0.0723546 0.677761 0.152842 0.0173349
pobs_RECLAS
 0 0 0 0 0
 0 0 0 0 0
 0 0 0 0 0
 0 0 0 0 0
 0 0 0 0 0
 0 0 0 0 0
 0 0 0 0 0
 0 0 0 0 0
 0 0 0 0 0
 0 0 0 0 0
 0.991045 0.00858322 0.000360255 1.14367e-05 0
 0.934742 0.0480273 0.0164251 0.00080598 0
 0.827803 0.169806 0.00239088 0 0
 0.941827 0.0461693 0.0120037 0 0
 0.791401 0.0380133 0.147996 0.0225897 0
 0.846168 0.0940531 0.0597789 0 0
 0.134021 0.677848 0.182769 0.00536245 0
 0.80878 0.0450904 0.141981 0.00414843 0
 0.846168 0.0940531 0.0597789 0 0
 0.905697 0.0802665 0.012482 0.00150086 5.37128e-05
 0.989698 0.0102097 9.19794e-05 0 0
 0.975433 0.0193895 0.00387452 0.00125025 5.28907e-05
 0.303575 0.632131 0.0575291 0.00676475 0
 0.966965 0.00978017 0.0227588 0.000495775 0
 0.843318 0.132988 0.00938335 0.0141283 0.000182051
 0.564624 0.303363 0.111486 0.0197234 0.00080311
 0.826376 0.0876187 0.0782897 0.00655872 0.00115652
 0.89761 0.0855135 0.0140674 0.00269457 0.000114338
 0.34875 0.467042 0.161289 0.0227151 0.000203297
 0.318654 0.224769 0.449479 0.00709798 0
ppred_RECLAS
 0.0329875 0.203509 0.68181 0.0816921 1.18098e-06
 0.0639084 0.0314168 0.19039 0.637858 0.076427
 0.938735 0.00409569 0.00191871 0.0116276 0.0436234
 0.159307 0.79149 0.00328925 0.00154092 0.0443721
 0.341464 0.115358 0.511388 0.00212521 0.0296647
 0.998259 0.000682861 0.00018544 0.00082207 5.11032e-05
 0.0651525 0.933291 0.000610427 0.00016577 0.000780552
 0.154449 0.0630187 0.78123 0.00051097 0.000792137
 0.984395 0.0026041 0.000968952 0.0120119 2.00361e-05
 0.277757 0.71164 0.0017694 0.000658371 0.00817531
 0.961712 0.011581 0.0263154 6.54298e-05 0.000326657
 0.892776 0.103219 0.00121139 0.00275264 4.10129e-05
 0.680047 0.287674 0.0310739 0.000364688 0.000841027
 0.771414 0.158917 0.0626399 0.00676622 0.00026254
 0.831388 0.133842 0.0241728 0.00952812 0.00106914
 0.98272 0.0146473 0.00208993 0.000377456 0.000165475
 0.0684554 0.916238 0.0129749 0.00185131 0.000480942
 0.975121 0.00177401 0.0227258 0.000321821 5.78477e-05
 0.384009 0.600995 0.00106927 0.0136979 0.000228844
 0.272236 0.285548 0.431451 0.000767625 0.00999791
 0.91872 0.0230355 0.0228529 0.0345297 0.000861584
 0.816523 0.169085 0.00407885 0.00404651 0.00626667
 0.0483915 0.782728 0.155633 0.00375435 0.00949271
 0.87335 0.00630961 0.0989836 0.0196813 0.00167522
 0.576008 0.371315 0.00262435 0.0411702 0.00888281
 0.22654 0.450148 0.283143 0.00200118 0.0381674
 0.895475 0.0242322 0.0467296 0.0293929 0.00416987
 0.796397 0.182863 0.00480817 0.0092721 0.00665953
 0.0772196 0.737583 0.166332 0.00437351 0.0144914
 0.0988177 0.0708521 0.663687 0.149668 0.0169749
pobs_PELACES
 0 0 0 0 0
 0 0 0 0 0
 0 0 0 0 0
 0 0 0 0 0
 0 0 0 0 0
 0 0 0 0 0
 0 0 0 0 0
 0 0 0 0 0
 0 0 0 0 0
 0 0 0 0 0
 0 0 0 0 0
 0 0 0 0 0
 0 0 0 0 0
 0 0 0 0 0
 0 0 0 0 0
 0 0 0 0 0
 0.505614 0.472636 0.0217494 0 0
 0 0 0 0 0
 0.443492 0.261883 0.143347 0.151278 0
 0.227955 0.32914 0.350689 0.0885471 0.00366901
 0.970185 0.0296113 0.000203453 0 0
 0.997202 0.00247181 0.000326279 0 0
 0.445219 0.490057 0.0546422 0.010081 0
 0.90214 0.0892962 0.00764917 0.000914606 0
 0 0 0 0 0
 0.581667 0.319106 0.0959925 0.00289975 0.000334073
 0.762889 0.0836404 0.116647 0.0363945 0.000428098
 0.88444 0.0763242 0.0277011 0.0115352 0
 0.521256 0.241999 0.230069 0.00667565 0
 0.616807 0.101726 0.260614 0.0208532 0
ppred_PELACES
 0.0333654 0.203429 0.681544 0.0816602 1.18052e-06
 0.0658371 0.0313521 0.189998 0.636544 0.0762695
 0.940556 0.00397394 0.00186167 0.011282 0.0423265
 0.169643 0.781759 0.00324881 0.00152197 0.0438265
 0.374569 0.109558 0.48568 0.00201837 0.0281735
 0.998309 0.000662983 0.000180042 0.00079814 4.96156e-05
 0.0712099 0.927243 0.000606472 0.000164696 0.000775494
 0.162563 0.0624139 0.773732 0.000506066 0.000784535
 0.985011 0.00250127 0.00093069 0.0115376 1.92449e-05
 0.293926 0.695709 0.00172979 0.000643632 0.00799229
 0.962332 0.0113933 0.025889 6.43696e-05 0.000321363
 0.896996 0.0991568 0.00116372 0.00264432 3.9399e-05
 0.690106 0.27863 0.030097 0.000353222 0.000814586
 0.786367 0.148522 0.0585424 0.00632363 0.000245366
 0.842261 0.125211 0.022614 0.00891369 0.0010002
 0.983284 0.0141688 0.00202166 0.000365127 0.00016007
 0.0703234 0.9144 0.0129489 0.0018476 0.000479977
 0.975475 0.00174874 0.0224021 0.000317238 5.70238e-05
 0.389515 0.595623 0.00105971 0.0135754 0.000226798
 0.27958 0.282666 0.427097 0.000759879 0.00989702
 0.920604 0.0225015 0.0223231 0.0337293 0.000841612
 0.820506 0.165414 0.0039903 0.00395866 0.00613062
 0.0493295 0.781957 0.15548 0.00375065 0.00948336
 0.874944 0.0062302 0.0977377 0.0194336 0.00165413
 0.579961 0.367853 0.00259988 0.0407863 0.00879999
 0.230024 0.448121 0.281868 0.00199216 0.0379955
 0.897238 0.0238235 0.0459415 0.0288971 0.00409955
 0.79832 0.181136 0.00476276 0.00918453 0.00659663
 0.0781421 0.736846 0.166166 0.00436914 0.0144769
 0.101586 0.0706345 0.661649 0.149208 0.0169228
pobs_pel_tallas
 0 0 0 0 0 0 0 0 0 0 0 0 0 0 0 0 0 0 0 0 0 0 0 0 0 0
 0 0 0 0 0 0 0 0 0 0 0 0 0 0 0 0 0 0 0 0 0 0 0 0 0 0
 0 0 0 0 0 0 0 0 0 0 0 0 0 0 0 0 0 0 0 0 0 0 0 0 0 0
 0 0 0 0 0 0 0 0 0 0 0 0 0 0 0 0 0 0 0 0 0 0 0 0 0 0
 0 0 0 0 0 0 0 0 0 0 0 0 0 0 0 0 0 0 0 0 0 0 0 0 0 0
 0 0 0 0 0 0 0 0 0 0 0 0 0 0 0 0 0 0 0 0 0 0 0 0 0 0
 0 0 0 0 0 0 0 0 0 0 0 0 0 0 0 0 0 0 0 0 0 0 0 0 0 0
 0 0 0 0 0 0 0 0 0 0 0 0 0 0 0 0 0 0 0 0 0 0 0 0 0 0
 0 0 0 0 0 0 0 0 0 0 0 0 0 0 0 0 0 0 0 0 0 0 0 0 0 0
 0 0 0 0 0 0 0 0 0 0 0 0 0 0 0 0 0 0 0 0 0 0 0 0 0 0
 0 0 0 0 0 0 0 0 0 0 0 0 0 0 0 0 0 0 0 0 0 0 0 0 0 0
 0 0 0 0 0 0 0 0 0 0 0 0 0 0 0 0 0 0 0 0 0 0 0 0 0 0
 0.00862536 0 0 0.000197151 0.00414017 0.0128641 0.00837892 0.0270097 0.101434 0.158115 0.152841 0.127902 0.109271 0.109419 0.0830992 0.0579132 0.0238553 0.00714673 0.00463305 0.00128148 0.00103504 0.000492878 0.000147863 0.000147863 4.92878e-05 0
 0 0 0 0 0 0 0 0 0 0 0 0 0 0 0 0 0 0 0 0 0 0 0 0 0 0
 0 0 0 0 0 0 0 0.0054083 0.00873648 0.0413646 0.0450493 0.0745869 0.0622846 0.0627006 0.0613931 0.0827291 0.12552 0.122667 0.0946155 0.0697135 0.0546179 0.0294188 0.0215738 0.0213955 0.0102223 0.00600262
 0 0 0 0 0.00359764 0.0251062 0.0480494 0.140153 0.205849 0.193036 0.1447 0.116669 0.0760912 0.0342217 0.00950174 0.001854 0.000860785 0 0 0 0.000165536 0 0.000143464 0 0 0
 0 0 0 0 0 0 0 0.000145254 0.000435761 0.0275982 0.070085 0.0708112 0.156366 0.174668 0.174014 0.160142 0.0824315 0.0480064 0.0283245 0.00493863 0.00203355 0 0 0 0 0
 0 0 0 0 0 0 0 0 0 0 0 0 0 0 0 0 0 0 0 0 0 0 0 0 0 0
 0 0 1.00437e-05 0.000401748 0.00122533 0.00171747 0.00176769 0.0269171 0.070346 0.194647 0.189555 0.159765 0.064822 0.0314167 0.0384472 0.0292271 0.0345202 0.0313363 0.0194345 0.0106764 0.0143323 0.0359363 0.0279516 0.0138201 0.00172751 0
 0 0.0021121 0.0136068 0.0755702 0.200478 0.177729 0.0527432 0.0373336 0.0318909 0.0142505 0.0149659 0.0166563 0.0217959 0.0798694 0.0677717 0.0528807 0.04013 0.0224614 0.0357745 0.0225083 0.00881397 0.00855152 0.00135912 0.000746735 0 0
 0 0 0 0 5.4009e-05 0.00500934 0.000945158 0.0243581 0.138947 0.33067 0.221406 0.137944 0.0707744 0.0437923 0.0131692 0.00525238 0.0047753 0.00276346 9.45158e-05 9.00151e-06 2.25038e-05 9.00151e-06 4.50075e-06 0 0 0
 0.000866109 0.00284123 0.00948549 0.0512746 0.133035 0.25785 0.225252 0.132002 0.0553304 0.0519788 0.0540692 0.017754 0.00435017 0.00159236 0.00146478 0.000404838 0.000125132 0.000115318 0.000107957 0.000100596 0 0 0 0 0 0
 0 0 0 0 0.00144013 0.00171154 0.00461396 0.0210425 0.0478622 0.0707936 0.0888783 0.103762 0.0637923 0.0337046 0.0602308 0.124433 0.169614 0.0934646 0.0462172 0.0250306 0.0313229 0.00938855 0.002487 0.000210481 0 0
 0 0.00764035 0.051015 0.0998891 0.058973 0.0496711 0.0374665 0.0718981 0.12319 0.153886 0.159021 0.0857701 0.0377988 0.023471 0.0147837 0.00900784 0.00315554 0.000888139 0.00291439 0.00214683 0.00393193 0.00274676 0.000635225 9.99891e-05 0 0
 0 0 0 0 0 0 0 0 0 0 0 0 0 0 0 0 0 0 0 0 0 0 0 0 0 0
 0 0 0 0 0 0 0 0 0 0 0 0 0 0 0 0 0 0 0 0 0 0 0 0 0 0
 0 0 0 0 0 0 0 0 0 0 0 0 0 0 0 0 0 0 0 0 0 0 0 0 0 0
 0 0 0 0 0 0 0 0 0 0 0 0 0 0 0 0 0 0 0 0 0 0 0 0 0 0
 0 0 0 0 0 0 0 0 0 0 0 0 0 0 0 0 0 0 0 0 0 0 0 0 0 0
 0 0 0 0 0 0 0 0 0 0 0 0 0 0 0 0 0 0 0 0 0 0 0 0 0 0
ppred_pel_tallas
 1.2791e-16 2.74831e-06 2.67145e-05 0.000177528 0.000807031 0.00251108 0.00535089 0.00781409 0.00783473 0.00545223 0.00285435 0.00181171 0.00274921 0.00580548 0.0114602 0.0201997 0.0320276 0.0463786 0.0624679 0.0796267 0.0970907 0.1133 0.125509 0.130472 0.125994 0.112276
 1.82235e-16 5.42292e-06 5.27127e-05 0.000350295 0.00159239 0.00495454 0.0105563 0.015408 0.0154115 0.0105739 0.00501532 0.00177546 0.000839095 0.0012203 0.00253057 0.00501997 0.00932272 0.0164053 0.0275608 0.0441858 0.0671757 0.0960452 0.128213 0.159008 0.182671 0.194106
 1.0835e-16 7.74723e-05 0.000753059 0.00500434 0.022749 0.0707806 0.150806 0.220105 0.220106 0.150808 0.0707872 0.0227683 0.0050537 0.000864192 0.000299353 0.000403549 0.000655798 0.00102002 0.00154842 0.00234363 0.00353887 0.0052398 0.00744177 0.00996469 0.0124492 0.0144332
 1.07863e-16 1.39735e-05 0.000135827 0.000902622 0.00410324 0.0127671 0.0272044 0.0397214 0.0397966 0.0275717 0.0139998 0.00766168 0.00982684 0.0195912 0.0368868 0.0607607 0.0870681 0.108544 0.117825 0.111588 0.0926404 0.0682071 0.0458012 0.0298209 0.0207914 0.0167697
 1.19014e-16 3.08528e-05 0.0002999 0.00199294 0.00905964 0.028188 0.0600578 0.0876585 0.0876698 0.0601133 0.0283764 0.00961335 0.00341783 0.00352607 0.00649596 0.0115698 0.0187063 0.0277664 0.0384688 0.0504373 0.0629827 0.0747171 0.0834852 0.0869896 0.0838701 0.0745063
 1.00094e-16 8.22294e-05 0.000799299 0.00531162 0.0241459 0.0751268 0.160066 0.23362 0.23362 0.160066 0.0751278 0.0241489 0.00531933 0.000816208 0.00011461 6.00604e-05 8.03595e-05 0.000105028 0.000124611 0.000137766 0.000147789 0.00015999 0.000177535 0.000198685 0.000217332 0.000226153
 1.00403e-16 5.86565e-06 5.70163e-05 0.000378898 0.00172247 0.00535972 0.0114227 0.0166905 0.0167797 0.0118583 0.00682153 0.0059419 0.0109598 0.0231206 0.0437057 0.0719774 0.103057 0.128276 0.138805 0.130582 0.106818 0.0760009 0.0470715 0.0254316 0.0120562 0.00509973
 1.22528e-16 1.33901e-05 0.000130157 0.000864939 0.00393189 0.0122336 0.0260653 0.0380445 0.0380517 0.026101 0.0123569 0.00430301 0.00185285 0.00247272 0.00500524 0.0096635 0.0171869 0.0283802 0.0437862 0.0631911 0.0849948 0.105878 0.121335 0.127201 0.121497 0.10546
 1.01188e-16 8.11341e-05 0.000788652 0.00524087 0.0238242 0.074126 0.157933 0.230508 0.230509 0.157935 0.0741301 0.023836 0.00527082 0.000855096 0.000210675 0.000229311 0.000346453 0.000490814 0.000656543 0.000856952 0.00111746 0.00145712 0.00186443 0.00228487 0.00263154 0.00281585
 1.01645e-16 2.42104e-05 0.000235334 0.00156388 0.00710921 0.0221198 0.0471309 0.068803 0.0688699 0.0474578 0.0232166 0.0102753 0.00950362 0.0175426 0.0328195 0.0540245 0.0773668 0.0963364 0.104324 0.0982993 0.0806873 0.0578647 0.0365291 0.0207004 0.0110551 0.00614124
 1.00811e-16 7.9266e-05 0.000770494 0.0051202 0.0232757 0.0724193 0.154297 0.225201 0.225203 0.154303 0.0724381 0.0233305 0.00525946 0.00108038 0.000684984 0.0010516 0.00161058 0.00223925 0.00286299 0.00343439 0.00393291 0.00433325 0.00457425 0.00456971 0.00426097 0.00366802
 1.00331e-16 7.38844e-05 0.000718182 0.00477257 0.0216954 0.0675026 0.143822 0.209914 0.209924 0.143868 0.067659 0.0221468 0.0059047 0.00318639 0.00475201 0.00771438 0.0110481 0.0137727 0.0149464 0.01414 0.0116983 0.00852384 0.00555856 0.00335939 0.0020082 0.00129057
 1.01114e-16 5.68431e-05 0.000552536 0.00367179 0.0166915 0.0519335 0.110651 0.161504 0.16153 0.110782 0.0523737 0.0179628 0.00686199 0.00751368 0.0132681 0.0218201 0.0313676 0.0393164 0.0430557 0.0413692 0.0351528 0.0268082 0.0188234 0.0126434 0.00847648 0.00581359
 1.02404e-16 6.4772e-05 0.000629607 0.00418396 0.0190197 0.0591774 0.126084 0.184027 0.184041 0.126154 0.0594135 0.0197023 0.00590018 0.00438531 0.00722433 0.0119104 0.0173123 0.0221044 0.0249665 0.0252657 0.0233893 0.0204037 0.0173391 0.014684 0.0123925 0.0102249
 1.01748e-16 6.9376e-05 0.000674359 0.00448135 0.0203716 0.0633836 0.135046 0.197106 0.197118 0.135105 0.0635818 0.0209442 0.00591906 0.00381444 0.00603762 0.00988397 0.0142609 0.0179962 0.0199448 0.0195806 0.0173006 0.0141403 0.0111353 0.00883163 0.0072288 0.00604402
 1.00126e-16 8.09918e-05 0.000787269 0.00523168 0.0237825 0.0739961 0.157657 0.230105 0.230106 0.157663 0.0740185 0.0238472 0.00539412 0.00114188 0.000754442 0.001119 0.00160392 0.00201634 0.00222033 0.00215485 0.00186515 0.00147114 0.0010952 0.000805671 0.000608452 0.000474926
 1.00874e-16 5.79263e-06 5.63065e-05 0.000374181 0.00170103 0.005293 0.0112805 0.0164827 0.0165707 0.0117102 0.00673496 0.00586344 0.0108131 0.0228134 0.0431343 0.0710604 0.101801 0.12683 0.137462 0.129697 0.106672 0.076696 0.0484997 0.0273297 0.014104 0.00701462
 1.00689e-16 8.03486e-05 0.000781017 0.00519013 0.0235936 0.0734084 0.156404 0.228277 0.228277 0.156405 0.0734119 0.0236041 0.0052181 0.000847482 0.000222387 0.000281546 0.000492976 0.000817058 0.00126585 0.00183388 0.00247521 0.00309327 0.00355626 0.00374152 0.00358915 0.00313254
 1.01583e-16 3.2084e-05 0.000311868 0.00207247 0.0094212 0.0293132 0.0624569 0.0911697 0.091227 0.0627367 0.0302523 0.012132 0.00887069 0.0151314 0.0281154 0.0462687 0.0662731 0.0825554 0.0894688 0.0844323 0.0695269 0.0502032 0.0321649 0.0188047 0.0106474 0.00641165
 1.14149e-16 2.30287e-05 0.000223847 0.00148754 0.00676217 0.0210398 0.0448285 0.0654343 0.0654622 0.0449648 0.0214992 0.00809667 0.00486576 0.00769234 0.014481 0.0246148 0.037104 0.050071 0.0614674 0.0701098 0.0759981 0.0795908 0.0807929 0.0787224 0.0724847 0.062183
 1.04176e-16 7.5829e-05 0.000737085 0.00489819 0.0222664 0.0692792 0.147607 0.215437 0.215439 0.147618 0.0693156 0.0223723 0.00516608 0.00132927 0.00122266 0.00196104 0.00296237 0.00404143 0.00507635 0.00604317 0.00702467 0.00811846 0.00930804 0.0104056 0.0111166 0.0111796
 1.01592e-16 6.75841e-05 0.000656941 0.00436561 0.0198454 0.0617466 0.131558 0.192016 0.192032 0.131636 0.0620075 0.0205988 0.00625524 0.00477742 0.00787968 0.012885 0.0184745 0.0230669 0.0251064 0.0238906 0.020004 0.014953 0.0102964 0.00693513 0.00496457 0.00398039
 1.06668e-16 4.06337e-06 3.94974e-05 0.000262478 0.00119323 0.003713 0.00791372 0.0115661 0.0116415 0.00828231 0.00495081 0.00476922 0.00924152 0.01965 0.0372744 0.0616829 0.0890074 0.112231 0.124158 0.121403 0.106335 0.0853509 0.064957 0.0487563 0.0370786 0.0285375
 1.05052e-16 7.2068e-05 0.000700527 0.00465525 0.0211621 0.0658431 0.140286 0.204751 0.204752 0.140289 0.0658562 0.021202 0.00476305 0.00096107 0.000640884 0.00113898 0.00208615 0.00357049 0.00571073 0.00853139 0.0118603 0.0152671 0.0181172 0.0197633 0.0197975 0.0182227
 1.05749e-16 4.77707e-05 0.000464348 0.00308576 0.0140274 0.0436447 0.092991 0.13573 0.135766 0.0931639 0.0442251 0.0157029 0.00728847 0.00962947 0.0174271 0.028667 0.0411401 0.0514374 0.0561476 0.0537648 0.0456445 0.0351613 0.0257417 0.0192643 0.015748 0.0140892
 1.14879e-16 1.89468e-05 0.00018417 0.00122388 0.0055636 0.0173106 0.0368838 0.053842 0.0538856 0.0370966 0.0180264 0.00763512 0.00643998 0.0116248 0.0219042 0.036592 0.0536635 0.0694667 0.0802141 0.0840532 0.0819697 0.0767193 0.0707576 0.0649231 0.0586882 0.051313
 1.04924e-16 7.39043e-05 0.000718376 0.00477386 0.0217013 0.0675208 0.14386 0.209969 0.209971 0.143872 0.0675601 0.0218157 0.00506499 0.00136673 0.00134335 0.00220485 0.00340902 0.00479953 0.00627317 0.00779912 0.00940941 0.0111006 0.0127252 0.0139819 0.0145304 0.0141556
 1.02222e-16 6.57566e-05 0.000639177 0.00424756 0.0193088 0.0600769 0.128001 0.186825 0.186842 0.128086 0.0603627 0.0201339 0.00631739 0.00515306 0.00862522 0.0141213 0.0202587 0.0253194 0.0276096 0.0263701 0.0222478 0.0168904 0.01199 0.00850427 0.00650092 0.00550312
 1.07872e-16 6.43662e-06 6.25663e-05 0.000415778 0.00189011 0.00588122 0.0125332 0.0183075 0.0183786 0.0128807 0.00704829 0.00526212 0.0088842 0.018563 0.0351821 0.0582559 0.0841545 0.106306 0.117971 0.115972 0.102513 0.0835329 0.0650296 0.0502622 0.0394474 0.0312587
 1.3694e-16 8.36749e-06 8.1335e-05 0.0005405 0.00245704 0.0076448 0.0162883 0.0237749 0.0237828 0.0163273 0.00777867 0.00285737 0.001597 0.00255893 0.00521704 0.00992926 0.0173871 0.0283333 0.0433723 0.0625971 0.0849835 0.107891 0.127253 0.138738 0.139445 0.129156
pSPR Fmed_Fpbrs
0.435893   0.211477 0.211477
Fs Fmed_Fpbrs
0.478666   1.005 1.005
SSBpbr Bo_Bmed_Bpbrs
1.84898e+06  713510  298568 298568
Ro
47021
SPR SPRFo_SPRFmed_SPRFpbrs
334714 145900 70784.3
Fref
1.005
log_Ro
10.5784
likeval ReclasPelacesDesembMPH_pf_preclas_ppelaces_ptallas_desvR_qrecl_qpela
 32.4328 46.9406 0.130943 0.00202131 336.346 125.169 99.9757 0 149.084 0 0 0.0680182 0 0 0
q_reclas_q_pelaces
1 1
M
1
N
 5820.2 36553.1 122463 14673.1 0.21212
 3603.78 1859.02 11265.9 37743.8 4522.4
 197671 905.442 424.173 2570.54 9643.89
 8884.93 49473 205.598 96.3166 2773.52
 3154.83 1325.89 5877.76 24.4266 340.958
 288071 206.093 55.9672 248.107 15.4233
 4489.59 74313.8 48.6056 13.1995 62.1518
 1175.66 526.026 6521.04 4.26514 6.61209
 74069.4 208.473 77.5702 961.622 1.60401
 5774.49 16681.7 41.4767 15.433 191.639
 66483.6 821.464 1866.61 4.64109 23.1705
 161225 19951.2 234.15 532.058 7.9274
 76283.6 34631.8 3740.85 43.9032 101.248
 68272.2 16042.6 6323.46 683.047 26.5032
 48797.2 8863.32 1600.78 630.974 70.8011
 440219 6905.99 985.373 177.966 78.0194
 7722.72 107996 1529.33 218.211 56.688
 1.07949e+06 2008.15 25725.3 364.297 65.4828
 205356 332899 592.284 7587.43 126.76
 51567.1 57187 86407.3 153.733 2002.29
 468384 12206.7 12109.9 18297.6 456.559
 588437 126905 3061.35 3037.08 4703.41
 9410.58 156943 31205.5 752.774 1903.36
 367995 2717.63 42633.5 8476.99 721.538
 172226 113783 804.187 12615.9 2721.98
 25478.2 52166.5 32812.7 231.911 4423.13
 265491 7393.94 14258.5 8968.6 1272.35
 332730 77789.2 2045.37 3944.31 2832.93
 10895.7 106123 23931.8 629.259 2085.02
 4572.69 3434.72 32173.8 7255.51 822.898
pred_Ctot
 490.376 3802.47 12739.3 1526.38 0.022066
 744.885 463.823 2810.83 9417.04 1128.33
 41209.5 227.774 106.705 646.648 2426.03
 3585.35 23130.4 96.1245 45.0315 1296.72
 1867.97 868.691 3850.97 16.0037 223.388
 55992.6 48.4683 13.1622 58.3491 3.62721
 2115.03 39931.9 26.1178 7.09264 33.3968
 408.046 214.173 2655.06 1.73657 2.69213
 18890.4 63.5723 23.6545 293.24 0.48913
 2413.17 8050.75 20.0171 7.44812 92.4869
 7873.53 119.382 271.272 0.674483 3.36734
 44284.6 6526.59 76.5969 174.051 2.59327
 21605.4 11661.3 1259.63 14.7832 34.0924
 30309.4 8175.74 3222.6 348.099 13.5067
 20466.6 4291.61 775.097 305.517 34.2818
 95795.5 1810.18 258.284 46.648 20.4503
 1471.98 24923.9 352.949 50.3602 13.0828
 111955 256.252 3282.7 46.4865 8.356
 32268.9 63738.5 113.402 1452.73 24.27
 12043.9 16038.3 24233.2 43.115 561.55
 79978.9 2533.25 2513.17 3797.29 94.7498
 104998 27481.6 662.941 657.685 1018.53
 1304.42 26597.6 5288.51 127.575 322.568
 37635.7 342.064 5366.21 1066.99 90.8189
 19538 15854.3 112.054 1757.87 379.275
 3466.73 8682.5 5461.29 38.5989 736.177
 34797.7 1186.52 2288.09 1439.21 204.176
 28303.7 8168.8 214.789 414.2 297.492
 998.056 11986.6 2703.1 71.0747 235.503
 917.313 832.691 7800 1758.98 199.498
F
 0.141286 0.176985 0.176985 0.176985 0.176985
 0.381316 0.477664 0.477664 0.477664 0.477664
 0.385177 0.4825 0.4825 0.4825 0.4825
 0.902273 1.13025 1.13025 1.13025 1.13025
 1.72837 2.16507 2.16507 2.16507 2.16507
 0.354911 0.444587 0.444587 0.444587 0.444587
 1.14417 1.43326 1.43326 1.43326 1.43326
 0.729775 0.914168 0.914168 0.914168 0.914168
 0.490693 0.614677 0.614677 0.614677 0.614677
 0.950118 1.19018 1.19018 1.19018 1.19018
 0.203667 0.255127 0.255127 0.255127 0.255127
 0.53803 0.673974 0.673974 0.673974 0.673974
 0.55921 0.700505 0.700505 0.700505 0.700505
 1.04158 1.30476 1.30476 1.30476 1.30476
 0.955284 1.19666 1.19666 1.19666 1.19666
 0.405179 0.507556 0.507556 0.507556 0.507556
 0.346954 0.434619 0.434619 0.434619 0.434619
 0.176408 0.220981 0.220981 0.220981 0.220981
 0.278419 0.348768 0.348768 0.348768 0.348768
 0.440901 0.552304 0.552304 0.552304 0.552304
 0.305847 0.383125 0.383125 0.383125 0.383125
 0.321591 0.402847 0.402847 0.402847 0.402847
 0.242074 0.30324 0.30324 0.30324 0.30324
 0.173776 0.217684 0.217684 0.217684 0.217684
 0.194367 0.243478 0.243478 0.243478 0.243478
 0.237163 0.297087 0.297087 0.297087 0.297087
 0.227578 0.285081 0.285081 0.285081 0.285081
 0.14273 0.178793 0.178793 0.178793 0.178793
 0.154429 0.193448 0.193448 0.193448 0.193448
 0.368202 0.461235 0.461235 0.461235 0.461235
nmprior
 8 8 7 0
nm_flota  nm_reclas  nm_pelaces    nm_pelaL
inf 5.87387 4.61887 6.27253
cv_recla  cv_pelaces  cv_mph
0.527252 0.806193 1.38747
 ------------------------------------------------
Talla a la edad & desviación 
 8 13.2811 15.8009 17.003 17.5766
 0.8 1.32811 1.58009 1.7003 1.75766
