    unsorted:	 2.358036405e-06 2.277066283e-06 5.943870284e-05 5.339394361e-05 8.275896608e-05 0.001099993214 1.941372287 13.19905982 28.91231596 61.60810650 158.1060082 228.4908887 267.7090641 355.6055290 522.8068243 671.0348387 795.4204815 862.9320119 891.0199200 921.6096425 1022.224279 1091.165170 1264.346580 1409.277001 1505.384373 1611.696819 1862.655348 1978.663095 2038.160029 2279.376665 2382.920231 2448.330140 2471.011787 2501.677373 2599.288926 2684.381626 2935.179061 3008.593125 3233.449969 3439.217532 3657.936595 3946.518060 7486.391708 37865.25548 409506.0464 412351.9958 400074.9170 393722.4538 435113.4970 453947.1275 463635.7114 466038.6047 366919.3881 360686.8877 309598.5699 512423.8246 163597.9427 566070.5456 585665.0444 616833.7991 654139.5343 688606.0168 889869.7439 936416.0594 1033811.907 1158734.661 1368225.503 1554288.491 1670185.419 2261843.246 2356322.177 2671177.592 2831297.826 3026944.569 3203196.863
      sorted:	 2.277066283e-06 2.358036405e-06 5.339394361e-05 5.943870284e-05 8.275896608e-05 0.001099993214 1.941372287 13.19905982 28.91231596 61.60810650 158.1060082 228.4908887 267.7090641 355.6055290 522.8068243 671.0348387 795.4204815 862.9320119 891.0199200 921.6096425 1022.224279 1091.165170 1264.346580 1409.277001 1505.384373 1611.696819 1862.655348 1978.663095 2038.160029 2279.376665 2382.920231 2448.330140 2471.011787 2501.677373 2599.288926 2684.381626 2935.179061 3008.593125 3233.449969 3439.217532 3657.936595 3946.518060 7486.391708 37865.25548 163597.9427 309598.5699 360686.8877 366919.3881 393722.4538 400074.9170 409506.0464 412351.9958 435113.4970 453947.1275 463635.7114 466038.6047 512423.8246 566070.5456 585665.0444 616833.7991 654139.5343 688606.0168 889869.7439 936416.0594 1033811.907 1158734.661 1368225.503 1554288.491 1670185.419 2261843.246 2356322.177 2671177.592 2831297.826 3026944.569 3203196.863
