years
 1991 1992 1993 1994 1995 1996 1997 1998 1999 2000 2001 2002 2003 2004 2005 2006 2007 2008 2009 2010 2011 2012 2013 2014 2015 2016 2017 2018 2019 2020
reclasobs
 0 0 0 0 0 0 0 0 0 252601 567819 844713 477998 351125 339783 2.1784e+06 2.13404e+06 4.81314e+06 1.55562e+06 2.62356e+06 3.21686e+06 3.843e+06 1.13348e+06 3.07943e+06 1.97215e+06 2.03268e+06 2.025e+06 2.42433e+06 2.27542e+06 1.05018e+06
reclaspred
 4.14862e+06 2.36748e+06 1.20847e+06 1.39707e+06 1.53563e+06 2.28469e+06 1.55663e+06 1.36592e+06 950308 658365 619075 736517 717010 567670 582907 1.4271e+06 1.46022e+06 3.08058e+06 2.61718e+06 2.0515e+06 3.59133e+06 2.85012e+06 2.34497e+06 3.46469e+06 2.65383e+06 2.40698e+06 2.80743e+06 2.9033e+06 2.46919e+06 1.6376e+06
pelacesobs
 0 0 0 0 0 0 0 0 0 0 0 0 0 0 0 552880 188675 0 991730 2.46772e+06 1.41603e+06 1.21717e+06 2.29649e+06 1.80582e+06 0 1.4828e+06 1.56532e+06 1.57751e+06 1.42118e+06 867257
pelacespred
 1.94309e+06 1.23701e+06 636844 618895 686872 1.07585e+06 705569 725903 503608 332332 324280 313862 332198 278411 296475 605448 601588 1.48576e+06 1.29116e+06 935167 1.59138e+06 1.38303e+06 1.1184e+06 1.83347e+06 1.33698e+06 1.20639e+06 1.6258e+06 1.66749e+06 1.13377e+06 853504
mphobs
 0 0 0 0 0 0 0 0 0 0 0 498337 0 5186 125008 0 168611 109162 213762 579715 649985 157893 87575 83554 0 0 0 0 0 0
mphpred
 3.65399e+06 2.46722e+06 1.25683e+06 694894 941260 1.13094e+06 1.42904e+06 960218 816940 544040 339852 427258 429313 364040 253361 327987 991591 978595 1.82493e+06 1.41343e+06 1.60436e+06 1.94698e+06 1.7987e+06 1.5254e+06 2.07154e+06 1.72253e+06 1.45553e+06 1.54626e+06 2.09555e+06 1.45253e+06
desembarqueobs
 494567 514787 250237 358949 120608 361735 552515 73892 212993 205616 52469 317467 293654 387597 252695 516296 358380 742168 942051 627588 828172 859565 418607 520667 417249 300574 407403 355545 319650 289779
desembarquepred
 494577 513057 251248 358969 120612 361757 552611 73896 213053 205677 52472 317562 293729 387680 252705 516290 358416 742111 941944 627512 828265 859628 418626 520699 417260 300581 407411 355538 319650 289792
Reclutas
 219710 126130 122146 282545 222527 323430 136728 64468.5 52859 66065.7 111386 147685 127649 90918.9 92325.6 469118 111697 704172 438083 359800 487681 639226 151875 399848 347829 164349 350077 379015 123016 100816
log_desv_Rt
 0.128022 -0.426969 -0.459067 0.379552 0.140763 0.514698 -0.346288 -1.09811 -1.29666 -1.07363 -0.551287 -0.2692 -0.415003 -0.754317 -0.738963 0.886569 -0.54849 1.29274 0.818123 0.621265 0.925377 1.19597 -0.241226 0.726799 0.587427 -0.162294 0.593867 0.67329 -0.451974 -0.650989
SSB
 3.65399e+06 2.46722e+06 1.25683e+06 694894 941260 1.13094e+06 1.42904e+06 960218 816940 544040 339852 427258 429313 364040 253361 327987 991591 978595 1.82493e+06 1.41343e+06 1.60436e+06 1.94698e+06 1.7987e+06 1.5254e+06 2.07154e+06 1.72253e+06 1.45553e+06 1.54626e+06 2.09555e+06 1.45253e+06
BT
 4.89477e+06 3.35825e+06 1.71797e+06 1.7249e+06 1.67461e+06 2.78381e+06 2.1251e+06 1.73596e+06 1.37305e+06 967038 794101 993545 1.0344e+06 1.04623e+06 936741 1.81506e+06 1.66642e+06 4.0804e+06 3.88452e+06 2.7107e+06 4.34162e+06 3.99251e+06 2.94435e+06 4.71228e+06 3.4652e+06 3.04722e+06 4.16344e+06 4.20024e+06 2.87759e+06 2.24573e+06
Ftot
 0.114765 0.206289 0.198653 0.251979 0.07712 0.156039 0.33595 0.0529059 0.216436 0.299183 0.0845459 0.413897 0.393864 0.642284 0.423371 0.359873 0.236217 0.239729 0.346403 0.296418 0.225747 0.292946 0.17229 0.149426 0.15315 0.12161 0.14404 0.122107 0.124302 0.170587
BD_Bspro_t
 0.981805 0.865372 0.723366 0.645564 0.678624 0.750752 0.739761 0.613656 0.659599 0.613111 0.568768 0.706148 0.577871 0.487128 0.383607 0.446085 0.602836 0.585749 0.668155 0.578767 0.562742 0.606276 0.615467 0.615264 0.712395 0.721738 0.733479 0.768196 0.807028 0.74669
BD_Bspro
 2.65543 1.79298 0.913367 0.504995 0.684034 0.821877 1.03852 0.697812 0.593688 0.395366 0.246978 0.310498 0.311991 0.264556 0.184123 0.238356 0.720611 0.711166 1.32621 1.02717 1.16592 1.41491 1.30715 1.10854 1.50543 1.2518 1.05777 1.1237 1.52288 1.05559
BD_Bo
 1.77958 1.2016 0.612107 0.33843 0.458416 0.550794 0.695978 0.467649 0.397869 0.26496 0.165516 0.208085 0.209085 0.177296 0.123393 0.159738 0.482928 0.476599 0.888783 0.688373 0.781361 0.948225 0.876007 0.742904 1.00889 0.838914 0.708879 0.753064 1.02058 0.707419
BD_Brms
 12.0863 8.16084 4.15723 2.2985 3.11341 3.74081 4.72685 3.17612 2.70219 1.79952 1.12413 1.41324 1.42004 1.20414 0.838042 1.08489 3.27989 3.2369 6.03632 4.6752 5.30675 6.44003 5.94955 5.04556 6.85204 5.69763 4.81447 5.11456 6.93145 4.80455
Sel_flota
 0.867646 1 1 1 1
 0.867646 1 1 1 1
 0.867646 1 1 1 1
 0.867646 1 1 1 1
 0.867646 1 1 1 1
 0.867646 1 1 1 1
 0.867646 1 1 1 1
 0.867646 1 1 1 1
 0.867646 1 1 1 1
 0.867646 1 1 1 1
 0.867646 1 1 1 1
 0.867646 1 1 1 1
 0.867646 1 1 1 1
 0.867646 1 1 1 1
 0.867646 1 1 1 1
 0.867646 1 1 1 1
 0.867646 1 1 1 1
 0.867646 1 1 1 1
 0.867646 1 1 1 1
 0.867646 1 1 1 1
 0.867646 1 1 1 1
 0.867646 1 1 1 1
 0.867646 1 1 1 1
 0.867646 1 1 1 1
 0.867646 1 1 1 1
 0.867646 1 1 1 1
 0.867646 1 1 1 1
 0.867646 1 1 1 1
 0.867646 1 1 1 1
 0.867646 1 1 1 1
Sel_reclas
 0.943145 1 1 1 1
 0.943145 1 1 1 1
 0.943145 1 1 1 1
 0.943145 1 1 1 1
 0.943145 1 1 1 1
 0.943145 1 1 1 1
 0.943145 1 1 1 1
 0.943145 1 1 1 1
 0.943145 1 1 1 1
 0.943145 1 1 1 1
 0.943145 1 1 1 1
 0.943145 1 1 1 1
 0.943145 1 1 1 1
 0.943145 1 1 1 1
 0.943145 1 1 1 1
 0.943145 1 1 1 1
 0.943145 1 1 1 1
 0.943145 1 1 1 1
 0.943145 1 1 1 1
 0.943145 1 1 1 1
 0.943145 1 1 1 1
 0.943145 1 1 1 1
 0.943145 1 1 1 1
 0.943145 1 1 1 1
 0.943145 1 1 1 1
 0.943145 1 1 1 1
 0.943145 1 1 1 1
 0.943145 1 1 1 1
 0.943145 1 1 1 1
 0.943145 1 1 1 1
Sel_pelaces
 1 1 1 1 1
 1 1 1 1 1
 1 1 1 1 1
 1 1 1 1 1
 1 1 1 1 1
 1 1 1 1 1
 1 1 1 1 1
 1 1 1 1 1
 1 1 1 1 1
 1 1 1 1 1
 1 1 1 1 1
 1 1 1 1 1
 1 1 1 1 1
 1 1 1 1 1
 1 1 1 1 1
 1 1 1 1 1
 1 1 1 1 1
 1 1 1 1 1
 1 1 1 1 1
 1 1 1 1 1
 1 1 1 1 1
 1 1 1 1 1
 1 1 1 1 1
 1 1 1 1 1
 1 1 1 1 1
 1 1 1 1 1
 1 1 1 1 1
 1 1 1 1 1
 1 1 1 1 1
 1 1 1 1 1
pf_obs 
 0.8446 0.082 0.0669 0.0065 0
 0.8095 0.147 0.0364 0.0071 0
 0.9664 0.0169 0.016 0.0007 0
 0.9276 0.0648 0.0075 0.0001 0
 0.7033 0.2144 0.0806 0.0017 0
 0.9318 0.0425 0.0243 0.0014 0
 0.5671 0.3108 0.0964 0.0239 0.0018
 0.0768 0.2599 0.5324 0.112 0.0189
 0.490249 0.384438 0.106611 0.0170017 0.00170017
 0.7925 0.1577 0.0466 0.003 0.0002
 0.840416 0.127587 0.0312969 0.00059994 9.999e-05
 0.8084 0.0986 0.0794 0.0134 0.0002
 0.7335 0.1905 0.0724 0.0035 0.0001
 0.4001 0.4547 0.1325 0.0127 0
 0.49795 0.308269 0.164784 0.0264974 0.00249975
 0.9179 0.0499 0.0305 0.0017 0
 0.2467 0.6533 0.0926 0.0074 0
 0.9418 0.0223 0.034 0.0019 0
 0.707729 0.231977 0.0356964 0.0245975 0
 0.517169 0.277429 0.184464 0.0207286 0.00020938
 0.811772 0.124168 0.05621 0.00726502 0.000585176
 0.764997 0.148141 0.077277 0.00933861 0.000247198
 0.163321 0.427699 0.378323 0.0303852 0.000271297
 0.753843 0.0900009 0.118128 0.0371064 0.000921714
 0.721811 0.176058 0.0630433 0.0369309 0.00215725
 0.143369 0.312575 0.442814 0.0836902 0.0175525
 0.692698 0.0596174 0.167031 0.0765114 0.00414204
 0.394062 0.376323 0.152708 0.0712218 0.00568511
 0.125707 0.32114 0.495352 0.0537591 0.00404204
 0.23352 0.215282 0.420074 0.123614 0.00750983
pf_pred 
 0.460171 0.107108 0.41105 0.0216701 7.48782e-07
 0.429498 0.284008 0.0568434 0.218149 0.011501
 0.564044 0.204304 0.115321 0.0230812 0.0932492
 0.798253 0.121522 0.0375965 0.0212217 0.0214074
 0.656421 0.282796 0.0366127 0.0113273 0.0128435
 0.718034 0.194269 0.0721824 0.00934525 0.0061695
 0.465013 0.400269 0.0928177 0.0344873 0.00741262
 0.430876 0.288654 0.209844 0.0486602 0.0219663
 0.48887 0.238696 0.138176 0.10045 0.0338082
 0.65634 0.181663 0.0756525 0.0437934 0.0425518
 0.782016 0.151004 0.0354066 0.0147449 0.0168289
 0.734856 0.21378 0.0355815 0.00834295 0.00743982
 0.695758 0.233541 0.0570048 0.00948785 0.0042085
 0.640855 0.262625 0.0740903 0.0180846 0.00434513
 0.745217 0.174394 0.0587849 0.0165841 0.00502058
 0.931982 0.0528656 0.0103718 0.00349614 0.0012849
 0.422637 0.543905 0.0260046 0.00510189 0.0023518
 0.895228 0.048432 0.0530755 0.00253759 0.000727348
 0.625848 0.340252 0.0156704 0.0171728 0.00105639
 0.638495 0.240288 0.110234 0.00507687 0.00590586
 0.738744 0.176554 0.0563003 0.0258282 0.00257329
 0.745818 0.195314 0.0397827 0.012686 0.00639965
 0.361348 0.495515 0.109987 0.0224027 0.0107477
 0.743107 0.102232 0.119998 0.0266352 0.00802796
 0.644951 0.273862 0.0323087 0.0379231 0.0109547
 0.465354 0.363227 0.132222 0.0155988 0.0235984
 0.738974 0.13134 0.0881057 0.0320722 0.0095078
 0.690903 0.237214 0.0361697 0.0242634 0.0114507
 0.382278 0.446176 0.131651 0.0200738 0.0198209
 0.476361 0.219238 0.219867 0.0648751 0.0196593
pobs_RECLAS
 0 0 0 0 0
 0 0 0 0 0
 0 0 0 0 0
 0 0 0 0 0
 0 0 0 0 0
 0 0 0 0 0
 0 0 0 0 0
 0 0 0 0 0
 0 0 0 0 0
 0 0 0 0 0
 0.991045 0.00858322 0.000360255 1.14367e-05 0
 0.934742 0.0480273 0.0164251 0.00080598 0
 0.827803 0.169806 0.00239088 0 0
 0.941827 0.0461693 0.0120037 0 0
 0.791401 0.0380133 0.147996 0.0225897 0
 0.846168 0.0940531 0.0597789 0 0
 0.134021 0.677848 0.182769 0.00536245 0
 0.80878 0.0450904 0.141981 0.00414843 0
 0.846168 0.0940531 0.0597789 0 0
 0.905697 0.0802665 0.012482 0.00150086 5.37128e-05
 0.989698 0.0102097 9.19794e-05 0 0
 0.975433 0.0193895 0.00387452 0.00125025 5.28907e-05
 0.303575 0.632131 0.0575291 0.00676475 0
 0.966965 0.00978017 0.0227588 0.000495775 0
 0.843318 0.132988 0.00938335 0.0141283 0.000182051
 0.564624 0.303363 0.111486 0.0197234 0.00080311
 0.826376 0.0876187 0.0782897 0.00655872 0.00115652
 0.89761 0.0855135 0.0140674 0.00269457 0.000114338
 0.34875 0.467042 0.161289 0.0227151 0.000203297
 0.318654 0.224769 0.449479 0.00709798 0
ppred_RECLAS
 0.481298 0.102916 0.394963 0.020822 7.19478e-07
 0.450708 0.27345 0.0547301 0.210039 0.0110734
 0.585057 0.194457 0.109763 0.0219687 0.0887547
 0.811868 0.11332 0.0350592 0.0197895 0.0199627
 0.675182 0.267354 0.0346135 0.0107088 0.0121422
 0.734991 0.182586 0.0678414 0.00878322 0.00579847
 0.487001 0.383818 0.0890029 0.0330698 0.00710796
 0.451592 0.278147 0.202205 0.046889 0.0211667
 0.510426 0.22863 0.132348 0.0962136 0.0323824
 0.675808 0.171372 0.0713668 0.0413125 0.0401413
 0.796064 0.141272 0.0331247 0.0137946 0.0157443
 0.751937 0.200008 0.0332892 0.00780546 0.00696052
 0.714303 0.219305 0.0535299 0.0089095 0.00395196
 0.662262 0.246971 0.0696741 0.0170067 0.00408613
 0.76188 0.162988 0.0549404 0.0154995 0.00469223
 0.937387 0.0486644 0.00954755 0.00321831 0.00118279
 0.443883 0.52389 0.0250477 0.00491415 0.00226526
 0.903076 0.044804 0.0490995 0.0023475 0.000672862
 0.646296 0.321657 0.014814 0.0162343 0.000998655
 0.658438 0.227032 0.104153 0.0047968 0.00558006
 0.755069 0.165522 0.0527823 0.0242143 0.0024125
 0.762036 0.182852 0.0372443 0.0118766 0.00599132
 0.381326 0.480014 0.106546 0.0217019 0.0104115
 0.759045 0.0958895 0.112553 0.0249827 0.00752987
 0.66424 0.258984 0.0305535 0.0358628 0.0103595
 0.486527 0.348843 0.126986 0.014981 0.0226638
 0.755071 0.123241 0.0826723 0.0300944 0.00892147
 0.708735 0.223528 0.034083 0.0228635 0.0107901
 0.402526 0.431552 0.127336 0.0194158 0.0191712
 0.497736 0.210288 0.210892 0.0622269 0.0188568
pobs_PELACES
 0 0 0 0 0
 0 0 0 0 0
 0 0 0 0 0
 0 0 0 0 0
 0 0 0 0 0
 0 0 0 0 0
 0 0 0 0 0
 0 0 0 0 0
 0 0 0 0 0
 0 0 0 0 0
 0 0 0 0 0
 0 0 0 0 0
 0 0 0 0 0
 0 0 0 0 0
 0 0 0 0 0
 0 0 0 0 0
 0.505614 0.472636 0.0217494 0 0
 0 0 0 0 0
 0.443492 0.261883 0.143347 0.151278 0
 0.227955 0.32914 0.350689 0.0885471 0.00366901
 0.970185 0.0296113 0.000203453 0 0
 0.997202 0.00247181 0.000326279 0 0
 0.445219 0.490057 0.0546422 0.010081 0
 0.90214 0.0892962 0.00764917 0.000914606 0
 0 0 0 0 0
 0.581667 0.319106 0.0959925 0.00289975 0.000334073
 0.762889 0.0836404 0.116647 0.0363945 0.000428098
 0.88444 0.0763242 0.0277011 0.0115352 0
 0.521256 0.241999 0.230069 0.00667565 0
 0.616807 0.101726 0.260614 0.0208532 0
ppred_PELACES
 0.497176 0.0997655 0.382873 0.0201846 6.97453e-07
 0.467479 0.2651 0.053059 0.203626 0.0107353
 0.601275 0.186857 0.105473 0.0211101 0.0852858
 0.82226 0.107061 0.0331226 0.0186964 0.01886
 0.688608 0.256303 0.0331828 0.0102661 0.0116403
 0.747523 0.173951 0.0646332 0.00836787 0.00552426
 0.5053 0.370127 0.0858281 0.0318902 0.00685442
 0.466701 0.270484 0.196634 0.0455972 0.0205835
 0.527398 0.220704 0.12776 0.0928783 0.0312598
 0.691294 0.163186 0.0679578 0.0393391 0.0382238
 0.805981 0.134403 0.031514 0.0131238 0.0149787
 0.76595 0.188709 0.0314087 0.00736453 0.00656731
 0.729506 0.207636 0.0506815 0.00843542 0.00374167
 0.681349 0.233014 0.0657365 0.0160455 0.00385521
 0.775571 0.153617 0.0517815 0.0146083 0.00442244
 0.941606 0.0453852 0.00890419 0.00300144 0.00110309
 0.460939 0.507823 0.0242795 0.00476344 0.00219579
 0.908951 0.0420885 0.0461237 0.00220522 0.000632081
 0.662949 0.306513 0.0141166 0.01547 0.000951637
 0.674327 0.216471 0.0993077 0.00457365 0.00532047
 0.767496 0.157124 0.0501042 0.0229857 0.00229009
 0.774728 0.173099 0.0352578 0.0112431 0.00567176
 0.397028 0.467831 0.103842 0.0211511 0.0101472
 0.770744 0.0912341 0.107088 0.0237698 0.0071643
 0.678627 0.247887 0.0292442 0.0343261 0.00991562
 0.502485 0.338001 0.123039 0.0145154 0.0219595
 0.766861 0.117308 0.0786928 0.0286457 0.00849203
 0.721742 0.213547 0.032561 0.0218426 0.0103082
 0.418 0.420374 0.124038 0.0189129 0.0186747
 0.514228 0.203383 0.203967 0.0601836 0.0182376
pobs_pel_tallas
 0 0 0 0 0 0 0 0 0 0 0 0 0 0 0 0 0 0 0 0 0 0 0 0 0 0
 0 0 0 0 0 0 0 0 0 0 0 0 0 0 0 0 0 0 0 0 0 0 0 0 0 0
 0 0 0 0 0 0 0 0 0 0 0 0 0 0 0 0 0 0 0 0 0 0 0 0 0 0
 0 0 0 0 0 0 0 0 0 0 0 0 0 0 0 0 0 0 0 0 0 0 0 0 0 0
 0 0 0 0 0 0 0 0 0 0 0 0 0 0 0 0 0 0 0 0 0 0 0 0 0 0
 0 0 0 0 0 0 0 0 0 0 0 0 0 0 0 0 0 0 0 0 0 0 0 0 0 0
 0 0 0 0 0 0 0 0 0 0 0 0 0 0 0 0 0 0 0 0 0 0 0 0 0 0
 0 0 0 0 0 0 0 0 0 0 0 0 0 0 0 0 0 0 0 0 0 0 0 0 0 0
 0 0 0 0 0 0 0 0 0 0 0 0 0 0 0 0 0 0 0 0 0 0 0 0 0 0
 0 0 0 0 0 0 0 0 0 0 0 0 0 0 0 0 0 0 0 0 0 0 0 0 0 0
 0 0 0 0 0 0 0 0 0 0 0 0 0 0 0 0 0 0 0 0 0 0 0 0 0 0
 0 0 0 0 0 0 0 0 0 0 0 0 0 0 0 0 0 0 0 0 0 0 0 0 0 0
 0.00862536 0 0 0.000197151 0.00414017 0.0128641 0.00837892 0.0270097 0.101434 0.158115 0.152841 0.127902 0.109271 0.109419 0.0830992 0.0579132 0.0238553 0.00714673 0.00463305 0.00128148 0.00103504 0.000492878 0.000147863 0.000147863 4.92878e-05 0
 0 0 0 0 0 0 0 0 0 0 0 0 0 0 0 0 0 0 0 0 0 0 0 0 0 0
 0 0 0 0 0 0 0 0.0054083 0.00873648 0.0413646 0.0450493 0.0745869 0.0622846 0.0627006 0.0613931 0.0827291 0.12552 0.122667 0.0946155 0.0697135 0.0546179 0.0294188 0.0215738 0.0213955 0.0102223 0.00600262
 0 0 0 0 0.00359764 0.0251062 0.0480494 0.140153 0.205849 0.193036 0.1447 0.116669 0.0760912 0.0342217 0.00950174 0.001854 0.000860785 0 0 0 0.000165536 0 0.000143464 0 0 0
 0 0 0 0 0 0 0 0.000145254 0.000435761 0.0275982 0.070085 0.0708112 0.156366 0.174668 0.174014 0.160142 0.0824315 0.0480064 0.0283245 0.00493863 0.00203355 0 0 0 0 0
 0 0 0 0 0 0 0 0 0 0 0 0 0 0 0 0 0 0 0 0 0 0 0 0 0 0
 0 0 1.00437e-05 0.000401748 0.00122533 0.00171747 0.00176769 0.0269171 0.070346 0.194647 0.189555 0.159765 0.064822 0.0314167 0.0384472 0.0292271 0.0345202 0.0313363 0.0194345 0.0106764 0.0143323 0.0359363 0.0279516 0.0138201 0.00172751 0
 0 0.0021121 0.0136068 0.0755702 0.200478 0.177729 0.0527432 0.0373336 0.0318909 0.0142505 0.0149659 0.0166563 0.0217959 0.0798694 0.0677717 0.0528807 0.04013 0.0224614 0.0357745 0.0225083 0.00881397 0.00855152 0.00135912 0.000746735 0 0
 0 0 0 0 5.4009e-05 0.00500934 0.000945158 0.0243581 0.138947 0.33067 0.221406 0.137944 0.0707744 0.0437923 0.0131692 0.00525238 0.0047753 0.00276346 9.45158e-05 9.00151e-06 2.25038e-05 9.00151e-06 4.50075e-06 0 0 0
 0.000866109 0.00284123 0.00948549 0.0512746 0.133035 0.25785 0.225252 0.132002 0.0553304 0.0519788 0.0540692 0.017754 0.00435017 0.00159236 0.00146478 0.000404838 0.000125132 0.000115318 0.000107957 0.000100596 0 0 0 0 0 0
 0 0 0 0 0.00144013 0.00171154 0.00461396 0.0210425 0.0478622 0.0707936 0.0888783 0.103762 0.0637923 0.0337046 0.0602308 0.124433 0.169614 0.0934646 0.0462172 0.0250306 0.0313229 0.00938855 0.002487 0.000210481 0 0
 0 0.00764035 0.051015 0.0998891 0.058973 0.0496711 0.0374665 0.0718981 0.12319 0.153886 0.159021 0.0857701 0.0377988 0.023471 0.0147837 0.00900784 0.00315554 0.000888139 0.00291439 0.00214683 0.00393193 0.00274676 0.000635225 9.99891e-05 0 0
 0 0 0 0 0 0 0 0 0 0 0 0 0 0 0 0 0 0 0 0 0 0 0 0 0 0
 0 0 0 0 0 0 0 0 0 0 0 0 0 0 0 0 0 0 0 0 0 0 0 0 0 0
 0 0 0 0 0 0 0 0 0 0 0 0 0 0 0 0 0 0 0 0 0 0 0 0 0 0
 0 0 0 0 0 0 0 0 0 0 0 0 0 0 0 0 0 0 0 0 0 0 0 0 0 0
 0 0 0 0 0 0 0 0 0 0 0 0 0 0 0 0 0 0 0 0 0 0 0 0 0 0
 0 0 0 0 0 0 0 0 0 0 0 0 0 0 0 0 0 0 0 0 0 0 0 0 0 0
ppred_pel_tallas
 1.13099e-16 4.09518e-05 0.000398066 0.00264529 0.0120251 0.0374146 0.0797161 0.11635 0.11636 0.0797662 0.0375844 0.0125227 0.00392197 0.00327608 0.00577291 0.0101711 0.0162549 0.0237772 0.0323849 0.0417117 0.0512357 0.0599458 0.0662259 0.0683085 0.0651393 0.05705
 1.23837e-16 3.85057e-05 0.000374289 0.00248728 0.0113068 0.0351799 0.0749555 0.109405 0.109431 0.0750809 0.0356012 0.012525 0.00555073 0.00708182 0.0128398 0.0213411 0.0311832 0.0402333 0.0464394 0.0490988 0.0493645 0.0494309 0.0509842 0.0541052 0.0573304 0.0586313
 1.19642e-16 4.95262e-05 0.000481413 0.00319916 0.0145429 0.0452485 0.0964074 0.140713 0.140731 0.0964962 0.045547 0.015407 0.00537553 0.00525713 0.00919332 0.0153176 0.022536 0.0293708 0.0343767 0.0369811 0.0378294 0.0382607 0.0393233 0.0411123 0.0428373 0.043405
 1.0605e-16 6.77285e-05 0.000658345 0.00437494 0.0198878 0.0618785 0.131839 0.192425 0.192435 0.13189 0.0620485 0.0203796 0.00561116 0.00336353 0.00522498 0.0085837 0.0124872 0.0159849 0.0181684 0.0186531 0.0178091 0.0164863 0.0154501 0.0149704 0.0148105 0.0145122
 1.04023e-16 5.67198e-05 0.000551336 0.00366383 0.0166552 0.0518207 0.11041 0.161153 0.161177 0.110531 0.052226 0.0178257 0.00660187 0.00696497 0.0122371 0.0201407 0.0290097 0.0364887 0.040221 0.0391338 0.0340816 0.0272667 0.0209158 0.0162375 0.0132636 0.0113659
 1.03684e-16 6.15725e-05 0.000598507 0.00397729 0.0180802 0.0562543 0.119856 0.174937 0.174954 0.119939 0.0565307 0.0188793 0.00598633 0.00499439 0.00843988 0.0139329 0.0202457 0.0258365 0.0291649 0.0295034 0.0273292 0.0239212 0.0205088 0.017666 0.0153082 0.0130944
 1.0693e-16 4.1621e-05 0.000404571 0.00268852 0.0122216 0.0380262 0.0810202 0.118259 0.118295 0.0811948 0.0386127 0.0139165 0.0069459 0.00970836 0.0177405 0.0293404 0.0424457 0.0537677 0.0599761 0.059538 0.0536016 0.0451395 0.0370737 0.0308646 0.0263939 0.0227839
 1.138e-16 3.84416e-05 0.000373666 0.00248314 0.011288 0.0351214 0.0748308 0.109223 0.10925 0.0749596 0.0355546 0.0125426 0.005645 0.00731843 0.0133527 0.0223415 0.0329494 0.0430543 0.0504861 0.0542171 0.0548469 0.0539043 0.052583 0.050997 0.0484384 0.0442008
 1.18348e-16 4.34411e-05 0.000422263 0.00280609 0.0127561 0.039689 0.0845624 0.123426 0.123447 0.0846673 0.0400419 0.0137778 0.00538036 0.00607383 0.0108722 0.0181601 0.026768 0.0349846 0.0411184 0.0444789 0.0457596 0.0464026 0.0474551 0.0488495 0.0495809 0.0484767
 1.12417e-16 5.6941e-05 0.000553487 0.00367811 0.0167202 0.0520228 0.110841 0.161778 0.161794 0.110918 0.0522827 0.0174721 0.00557015 0.00469934 0.00797734 0.0132236 0.0193471 0.0249922 0.0288385 0.0303457 0.0300785 0.0292623 0.0289205 0.0292733 0.0297712 0.0295826
 1.04795e-16 6.63876e-05 0.000645311 0.00428832 0.0194941 0.0606534 0.129229 0.188616 0.188629 0.129292 0.0608665 0.0201098 0.00583523 0.00402667 0.00650156 0.0106794 0.0154651 0.0196393 0.0220141 0.0220642 0.0202394 0.0176405 0.0153217 0.0137644 0.0128323 0.0120856
 1.02805e-16 6.30904e-05 0.000613261 0.00407533 0.0185259 0.057641 0.122811 0.17925 0.179268 0.1229 0.0579396 0.0193884 0.0062409 0.00534218 0.00904856 0.014871 0.0214442 0.0270272 0.02989 0.0292381 0.025679 0.0207956 0.0161816 0.0126935 0.0103506 0.00872199
 1.02995e-16 6.00884e-05 0.000584081 0.00388143 0.0176444 0.0548984 0.116968 0.170722 0.170742 0.117066 0.0552275 0.0185952 0.00626977 0.00580325 0.00998804 0.0164584 0.023799 0.0301276 0.0335597 0.0332152 0.0297165 0.0247176 0.0198651 0.0160159 0.0131689 0.010907
 1.04219e-16 5.61219e-05 0.000545525 0.0036252 0.0164797 0.0512745 0.109246 0.159453 0.159476 0.109357 0.0516441 0.0175479 0.00630921 0.00641345 0.011226 0.0185373 0.0268558 0.0341024 0.0381877 0.0381378 0.0346403 0.0295066 0.0245093 0.0205231 0.017476 0.01487
 1.03748e-16 6.38828e-05 0.000620963 0.00412652 0.0187586 0.058365 0.124353 0.1815 0.181515 0.124426 0.0586089 0.0194639 0.00589946 0.00449954 0.00745428 0.0122861 0.0178424 0.0227536 0.0256636 0.0259438 0.0240389 0.0211043 0.0182425 0.0159528 0.014123 0.0123934
 1.00757e-16 7.75589e-05 0.0007539 0.00500993 0.0227744 0.0708597 0.150974 0.220352 0.220357 0.150996 0.0709315 0.022982 0.00553132 0.00189287 0.00224292 0.00359122 0.00517994 0.00654406 0.00726721 0.00715976 0.00636547 0.00525739 0.00420684 0.00340657 0.00285149 0.00243548
 1.0168e-16 3.7967e-05 0.000369053 0.00245249 0.0111487 0.034688 0.0739082 0.107881 0.10793 0.0741469 0.0354894 0.0134624 0.00825639 0.0130263 0.024039 0.0395832 0.0567869 0.0709253 0.0772085 0.0734275 0.0612957 0.0453457 0.0303035 0.0189565 0.0117288 0.00760216
 1.01671e-16 7.48691e-05 0.000727754 0.00483618 0.0219846 0.0684022 0.145738 0.21271 0.212714 0.145758 0.0684701 0.0221814 0.00533312 0.00182242 0.0021826 0.00356457 0.00530107 0.00702573 0.00840609 0.00926696 0.00965072 0.00971209 0.00954696 0.00911715 0.00832512 0.0071473
 1.02199e-16 5.46063e-05 0.000530793 0.00352731 0.0160346 0.0498899 0.106297 0.155149 0.155179 0.106441 0.0503736 0.0174314 0.0070314 0.00817346 0.0145497 0.0239159 0.0343283 0.0429249 0.0468347 0.0447501 0.0377262 0.0285017 0.0199006 0.01354 0.00958495 0.00733017
 1.04281e-16 5.55435e-05 0.000539903 0.00358784 0.0163098 0.050746 0.108121 0.15781 0.157831 0.108223 0.0510906 0.0173063 0.00609405 0.00602763 0.0105264 0.0174406 0.025411 0.0325609 0.0369885 0.0377741 0.035454 0.0315211 0.027396 0.0237196 0.0203908 0.0170757
 1.04179e-16 6.32177e-05 0.000614498 0.00408356 0.0185633 0.0577573 0.123059 0.179611 0.179626 0.123133 0.0580068 0.0192846 0.00589659 0.00458062 0.00762008 0.0125622 0.0182437 0.0232684 0.0262564 0.0265766 0.0246981 0.0218136 0.0190491 0.0168945 0.0151965 0.0135423
 1.0315e-16 6.38134e-05 0.000620289 0.00412204 0.0187382 0.0583015 0.124218 0.181304 0.18132 0.1243 0.0585757 0.0195302 0.00611116 0.00496583 0.0083265 0.0136902 0.0197764 0.0250005 0.0277926 0.0274331 0.0244705 0.0203239 0.0164014 0.013427 0.0113702 0.00981693
 1.06955e-16 3.27028e-05 0.000317883 0.00211245 0.0096029 0.0298784 0.0636608 0.0929243 0.0929694 0.0638815 0.0306195 0.0117442 0.00749031 0.0120677 0.0223768 0.0370179 0.0535007 0.0676524 0.0752246 0.0742424 0.0661403 0.0547003 0.0436952 0.0350994 0.0289101 0.024138
 1.0671e-16 6.34851e-05 0.000617098 0.00410084 0.0186418 0.0580016 0.123579 0.180369 0.180378 0.123623 0.0581491 0.0190698 0.00518264 0.0030036 0.00466915 0.00781055 0.0116951 0.0156516 0.0190208 0.0214772 0.0231414 0.0243252 0.0251406 0.0253409 0.0245152 0.0224338
 1.06028e-16 5.58977e-05 0.000543346 0.00361072 0.0164138 0.0510697 0.10881 0.158817 0.158841 0.108927 0.0514617 0.0175462 0.00645347 0.00675016 0.0118476 0.0195099 0.0281331 0.035464 0.039262 0.0385379 0.0341616 0.0282767 0.0229931 0.0193661 0.0172585 0.0158899
 1.08809e-16 4.13891e-05 0.000402317 0.00267354 0.0121535 0.0378144 0.0805687 0.117599 0.117632 0.0807285 0.0383514 0.0137062 0.00657679 0.00894266 0.0163184 0.0270623 0.0393321 0.0501998 0.0566885 0.0574066 0.0533127 0.0469245 0.0406524 0.0356012 0.0315539 0.027757
 1.06611e-16 6.31654e-05 0.00061399 0.00408018 0.0185479 0.0577095 0.122957 0.179461 0.179472 0.123012 0.0578972 0.0190915 0.00544993 0.00362165 0.00582693 0.00966936 0.0142446 0.0185944 0.0217811 0.0233759 0.023668 0.0233532 0.0229702 0.0225593 0.0217667 0.0202129
 1.0493e-16 5.94489e-05 0.000577865 0.00384012 0.0174566 0.0543142 0.115723 0.168905 0.168926 0.115823 0.0546521 0.0184328 0.00629106 0.00593047 0.0102318 0.0168403 0.0243017 0.0306708 0.0340162 0.033474 0.0297679 0.0247101 0.0200894 0.016809 0.0147782 0.013379
 1.08744e-16 3.44302e-05 0.000334674 0.00222403 0.0101101 0.0314566 0.0670231 0.0978307 0.0978713 0.0672216 0.0321235 0.0120378 0.00706782 0.0109256 0.020198 0.0334666 0.0485105 0.0616414 0.0691025 0.0691432 0.0630039 0.0539457 0.0451559 0.0381999 0.0329333 0.0284379
 1.1506e-16 4.23563e-05 0.000411719 0.00273602 0.0124375 0.0386979 0.0824508 0.120343 0.120363 0.0825481 0.0390257 0.013388 0.00513604 0.00569877 0.0102243 0.017206 0.0256526 0.0340963 0.0410396 0.0457749 0.0486706 0.0506006 0.0520261 0.0525533 0.0512892 0.0475867
pSPR Fmed_Fpbrs
0.674447   0.197239 0.197239
Fs Fmed_Fpbrs
0.20234   1.005 1.005
SSBpbr Bo_Bmed_Bpbrs
2.05329e+06  1.28217e+06  302325 302325
Ro
193308
SPR SPRFo_SPRFmed_SPRFpbrs
1.37604e+06 928068 271409
Fref
1.005
log_Ro
11.992
likeval ReclasPelacesDesembMPH_pf_preclas_ppelaces_ptallas_desvR_qrecl_qpela
 19.9299 16.7231 0.140357 0.00283182 229.997 106.877 76.6184 0 21.0466 0 0 0.711749 0 0 0
q_reclas_q_pelaces
1 1
M
1
N
 219710 44647.2 171344 9033.06 0.312125
 126130 73166.1 14644 56199.5 2962.88
 122146 38796.5 21899 4383.02 17707.6
 282545 37820.7 11701 6604.75 6662.55
 222527 83530.2 10814.4 3345.77 3793.63
 323430 76564.6 28448.3 3683.11 2431.5
 136728 103917 24097.2 8953.54 1924.46
 64468.5 37581.5 27320.8 6335.36 2859.92
 52859 22652.6 13113 9532.82 3208.44
 66065.7 16116.4 6711.6 3885.18 3775.03
 111386 18747.6 4395.83 1830.62 2089.36
 147685 38078.2 6337.72 1486.03 1325.17
 127649 37938.6 9260.37 1541.29 683.667
 90918.9 33366.3 9413.12 2297.64 552.045
 92325.6 19157.5 6457.64 1821.79 551.52
 469118 23523.2 4615.05 1555.65 571.732
 111697 126294 6038.24 1184.65 546.085
 704172 33476.4 36686 1753.99 502.746
 438083 210403 9690.17 10619.2 653.242
 359800 119325 54741.4 2521.13 2932.8
 487681 102346 32636.6 14972.3 1491.7
 639226 147495 30042.6 9580.09 4832.81
 151875 182379 40481.6 8245.52 3955.78
 399848 48113.9 56474.9 12535.4 3778.22
 347829 129209 15243.4 17892.3 5168.46
 164349 112037 40783.8 4811.44 7278.91
 350077 54406.1 36496.7 13285.5 3938.49
 379015 113656 17330 11625.3 5486.36
 123016 125415 37005.6 5642.51 5571.43
 100816 40628.1 40744.8 12022.4 3643.18
pred_Ctot
 13270.7 3088.83 11854.1 624.935 0.0215938
 13258.4 8767.24 1754.73 6734.19 355.031
 12397.5 4490.54 2534.73 507.317 2049.59
 35704.3 5435.42 1681.62 949.204 957.511
 9154.21 3943.77 510.588 157.966 179.111
 26175.2 7081.9 2631.34 340.672 224.903
 22377.3 19261.7 4466.56 1659.59 356.709
 1835.26 1229.48 893.799 207.261 93.5622
 5809.01 2836.32 1641.87 1193.6 401.727
 9751.68 2699.08 1124.02 650.667 632.22
 5010.01 967.412 226.833 94.4636 107.815
 28998.2 8435.99 1404.08 329.222 293.583
 24013.3 8060.43 1967.46 327.463 145.252
 25680 10523.8 2968.91 724.676 174.116
 18483.8 4325.53 1458.06 411.339 124.527
 81573.5 4627.16 907.811 306.007 112.464
 13304.8 17122.3 818.637 160.61 74.0357
 85020 4599.6 5040.59 240.996 69.0765
 73664.1 40048.6 1844.45 2021.29 124.34
 52668.1 19820.8 9092.96 418.78 487.161
 55718.3 13316.3 4246.34 1948.04 194.085
 92585.7 24246.3 4938.62 1574.84 794.453
 13493.8 18503.9 4107.22 836.581 401.349
 31060.9 4273.19 5015.76 1113.32 335.559
 27657 11743.8 1385.47 1626.23 469.761
 10493.3 8190.43 2981.48 351.738 532.121
 26264.4 4668.06 3131.43 1139.9 337.924
 24293.8 8341.02 1271.82 853.159 402.634
 8020.46 9361.07 2762.12 421.161 415.855
 8874.09 4084.16 4095.89 1208.55 366.232
F
 0.0995753 0.114765 0.114765 0.114765 0.114765
 0.178986 0.206289 0.206289 0.206289 0.206289
 0.172361 0.198653 0.198653 0.198653 0.198653
 0.218629 0.251979 0.251979 0.251979 0.251979
 0.0669128 0.07712 0.07712 0.07712 0.07712
 0.135386 0.156039 0.156039 0.156039 0.156039
 0.291486 0.33595 0.33595 0.33595 0.33595
 0.0459036 0.0529059 0.0529059 0.0529059 0.0529059
 0.18779 0.216436 0.216436 0.216436 0.216436
 0.259585 0.299183 0.299183 0.299183 0.299183
 0.0733558 0.0845459 0.0845459 0.0845459 0.0845459
 0.359116 0.413897 0.413897 0.413897 0.413897
 0.341734 0.393864 0.393864 0.393864 0.393864
 0.557275 0.642284 0.642284 0.642284 0.642284
 0.367336 0.423371 0.423371 0.423371 0.423371
 0.312242 0.359873 0.359873 0.359873 0.359873
 0.204953 0.236217 0.236217 0.236217 0.236217
 0.208 0.239729 0.239729 0.239729 0.239729
 0.300555 0.346403 0.346403 0.346403 0.346403
 0.257186 0.296418 0.296418 0.296418 0.296418
 0.195868 0.225747 0.225747 0.225747 0.225747
 0.254173 0.292946 0.292946 0.292946 0.292946
 0.149487 0.17229 0.17229 0.17229 0.17229
 0.129649 0.149426 0.149426 0.149426 0.149426
 0.13288 0.15315 0.15315 0.15315 0.15315
 0.105514 0.12161 0.12161 0.12161 0.12161
 0.124976 0.14404 0.14404 0.14404 0.14404
 0.105945 0.122107 0.122107 0.122107 0.122107
 0.10785 0.124302 0.124302 0.124302 0.124302
 0.148009 0.170587 0.170587 0.170587 0.170587
nmprior
 8 8 7 0
nm_flota  nm_reclas  nm_pelaces    nm_pelaL
inf 10.8665 18.9583 34.1476
cv_recla  cv_pelaces  cv_mph
0.413313 0.481197 1.64225
 ------------------------------------------------
Talla a la edad & desviación 
 8 13.2811 15.8009 17.003 17.5766
 0.8 1.32811 1.58009 1.7003 1.75766
