years
 1991 1992 1993 1994 1995 1996 1997 1998 1999 2000 2001 2002 2003 2004 2005 2006 2007 2008 2009 2010 2011 2012 2013 2014 2015 2016 2017 2018 2019 2020
reclasobs
 0 0 0 0 0 0 0 0 0 252601 567819 844713 477998 351125 339783 2.1784e+06 2.13404e+06 4.81314e+06 1.55562e+06 2.62356e+06 3.21686e+06 3.843e+06 1.13348e+06 3.07943e+06 1.97215e+06 2.03268e+06 2.025e+06 2.42433e+06 2.27542e+06 1.05018e+06
reclaspred
 3.17997e+06 1.7697e+06 896561 910259 915802 1.47527e+06 905141 800337 581856 420462 504013 654268 641660 489866 489036 1.28364e+06 1.20753e+06 2.85095e+06 2.32828e+06 1.77984e+06 3.10292e+06 2.48788e+06 1.95289e+06 3.01608e+06 2.26098e+06 2.00049e+06 2.3929e+06 2.54209e+06 2.05315e+06 1.27721e+06
pelacesobs
 0 0 0 0 0 0 0 0 0 0 0 0 0 0 0 552880 188675 0 991730 2.46772e+06 1.41603e+06 1.21717e+06 2.29649e+06 1.80582e+06 0 1.4828e+06 1.56532e+06 1.57751e+06 1.42118e+06 867257
pelacespred
 1.7997e+06 1.1086e+06 557816 464571 492155 820702 459562 512613 355330 242000 302934 326982 353050 281235 289439 633696 597921 1.63811e+06 1.36865e+06 964036 1.65143e+06 1.42602e+06 1.12331e+06 1.90677e+06 1.37061e+06 1.2122e+06 1.65707e+06 1.73798e+06 1.15334e+06 811021
mphobs
 0 0 0 0 0 0 0 0 0 0 0 498337 0 5186 125008 0 168611 109162 213762 579715 649985 157893 87575 83554 0 0 0 0 0 0
mphpred
 487567 325640 160729 88305.8 97680.3 112748 149166 89789.7 80424.6 54594.9 35839 60635.4 64756.9 54100.3 35398 44558.1 147647 137025 285750 211744 234688 284773 266779 218344 305453 252328 207444 223395 312043 207623
desembarqueobs
 494567 514787 250237 358949 120608 361735 552515 73892 212993 205616 52469 317467 293654 387597 252695 516296 358380 742168 942051 627588 828172 859565 418607 520667 417249 300574 407403 355545 319650 289779
desembarquepred
 494574 513591 250831 358981 120614 361750 552564 73896.7 213046 205665 52471.7 317534 293704 387627 252689 516260 358411 742072 941861 627450 828243 859569 418613 520690 417245 300575 407402 355528 319641 289788
Reclutas
 188078 105834 106254 175136 140890 242567 100025 45098.9 42809.9 57280.2 106320 142421 118888 82645.5 80618.2 431484 89555.5 679823 387833 321700 436604 586591 123078 357612 305064 135827 305789 338825 96527.4 74492.3
log_desv_Rt
 0.1495 -0.425479 -0.421524 0.0782109 -0.139379 0.403923 -0.48193 -1.2785 -1.33058 -1.0394 -0.4209 -0.128567 -0.309171 -0.672795 -0.697631 0.979877 -0.592496 1.43448 0.87322 0.686266 0.991671 1.28697 -0.274535 0.792094 0.633168 -0.175975 0.63554 0.738129 -0.517527 -0.776659
SSB
 2.80526e+06 1.8736e+06 924766 508075 562012 648704 858241 516613 462730 314116 206203 348871 372584 311271 203665 256369 849502 788385 1.64409e+06 1.21829e+06 1.3503e+06 1.63846e+06 1.53494e+06 1.25626e+06 1.75745e+06 1.45179e+06 1.19355e+06 1.28532e+06 1.79536e+06 1.19458e+06
BT
 3.82378e+06 2.60469e+06 1.30297e+06 1.17901e+06 1.02608e+06 1.86078e+06 1.36439e+06 1.03483e+06 884076 656124 618576 884619 934666 935109 801165 1.61773e+06 1.41155e+06 3.75603e+06 3.4938e+06 2.38288e+06 3.79584e+06 3.50171e+06 2.49054e+06 4.09364e+06 2.97891e+06 2.56015e+06 3.55203e+06 3.64596e+06 2.44732e+06 1.81736e+06
Ftot
 0.151158 0.27652 0.269992 0.406484 0.135637 0.261123 0.581394 0.0942953 0.368928 0.488678 0.11542 0.500291 0.469514 0.796281 0.556069 0.454557 0.294875 0.28944 0.411143 0.362284 0.279617 0.358825 0.21213 0.187174 0.188104 0.151577 0.183348 0.152609 0.150701 0.221972
BD_Bspro_t
 0.976164 0.829583 0.657766 0.565794 0.559933 0.640639 0.63266 0.46218 0.521234 0.474915 0.440954 0.655621 0.536942 0.444252 0.3323 0.386738 0.564698 0.533641 0.643277 0.541928 0.520535 0.565559 0.578772 0.569694 0.678247 0.687328 0.694601 0.734792 0.782406 0.708585
BD_Bspro
 2.43322 1.62512 0.802121 0.440693 0.487476 0.562671 0.744418 0.448098 0.401361 0.272457 0.178855 0.302603 0.323171 0.269989 0.176655 0.222368 0.736839 0.683827 1.42604 1.05671 1.17122 1.42117 1.33137 1.08965 1.52437 1.25925 1.03526 1.11486 1.55726 1.03615
BD_Bo
 1.57167 1.0497 0.518109 0.284654 0.314872 0.363443 0.480838 0.289437 0.259249 0.175987 0.115527 0.195458 0.208744 0.174392 0.114105 0.143633 0.475942 0.4417 0.921116 0.682557 0.756517 0.917965 0.859963 0.703831 0.984627 0.81338 0.668697 0.720115 1.00587 0.669273
BD_Brms
 9.26067 6.18509 3.05282 1.67725 1.8553 2.14149 2.83321 1.70543 1.52755 1.03696 0.680713 1.15169 1.22997 1.02756 0.672336 0.84632 2.80436 2.6026 5.42743 4.02179 4.45757 5.40886 5.06711 4.14714 5.80165 4.79262 3.94012 4.24309 5.92682 3.94352
Sel_flota
 0.766132 0.984188 0.999155 0.999955 0.999998
 0.766132 0.984188 0.999155 0.999955 0.999998
 0.766132 0.984188 0.999155 0.999955 0.999998
 0.766132 0.984188 0.999155 0.999955 0.999998
 0.766132 0.984188 0.999155 0.999955 0.999998
 0.766132 0.984188 0.999155 0.999955 0.999998
 0.766132 0.984188 0.999155 0.999955 0.999998
 0.766132 0.984188 0.999155 0.999955 0.999998
 0.766132 0.984188 0.999155 0.999955 0.999998
 0.766132 0.984188 0.999155 0.999955 0.999998
 0.766132 0.984188 0.999155 0.999955 0.999998
 0.766132 0.984188 0.999155 0.999955 0.999998
 0.766132 0.984188 0.999155 0.999955 0.999998
 0.766132 0.984188 0.999155 0.999955 0.999998
 0.766132 0.984188 0.999155 0.999955 0.999998
 0.766132 0.984188 0.999155 0.999955 0.999998
 0.766132 0.984188 0.999155 0.999955 0.999998
 0.766132 0.984188 0.999155 0.999955 0.999998
 0.766132 0.984188 0.999155 0.999955 0.999998
 0.766132 0.984188 0.999155 0.999955 0.999998
 0.766132 0.984188 0.999155 0.999955 0.999998
 0.766132 0.984188 0.999155 0.999955 0.999998
 0.766132 0.984188 0.999155 0.999955 0.999998
 0.766132 0.984188 0.999155 0.999955 0.999998
 0.766132 0.984188 0.999155 0.999955 0.999998
 0.766132 0.984188 0.999155 0.999955 0.999998
 0.766132 0.984188 0.999155 0.999955 0.999998
 0.766132 0.984188 0.999155 0.999955 0.999998
 0.766132 0.984188 0.999155 0.999955 0.999998
 0.766132 0.984188 0.999155 0.999955 0.999998
Sel_reclas
 1 1 1 1 1
 1 1 1 1 1
 1 1 1 1 1
 1 1 1 1 1
 1 1 1 1 1
 1 1 1 1 1
 1 1 1 1 1
 1 1 1 1 1
 1 1 1 1 1
 1 1 1 1 1
 1 1 1 1 1
 1 1 1 1 1
 1 1 1 1 1
 1 1 1 1 1
 1 1 1 1 1
 1 1 1 1 1
 1 1 1 1 1
 1 1 1 1 1
 1 1 1 1 1
 1 1 1 1 1
 1 1 1 1 1
 1 1 1 1 1
 1 1 1 1 1
 1 1 1 1 1
 1 1 1 1 1
 1 1 1 1 1
 1 1 1 1 1
 1 1 1 1 1
 1 1 1 1 1
 1 1 1 1 1
Sel_pelaces
 1 1 1 1 1
 1 1 1 1 1
 1 1 1 1 1
 1 1 1 1 1
 1 1 1 1 1
 1 1 1 1 1
 1 1 1 1 1
 1 1 1 1 1
 1 1 1 1 1
 1 1 1 1 1
 1 1 1 1 1
 1 1 1 1 1
 1 1 1 1 1
 1 1 1 1 1
 1 1 1 1 1
 1 1 1 1 1
 1 1 1 1 1
 1 1 1 1 1
 1 1 1 1 1
 1 1 1 1 1
 1 1 1 1 1
 1 1 1 1 1
 1 1 1 1 1
 1 1 1 1 1
 1 1 1 1 1
 1 1 1 1 1
 1 1 1 1 1
 1 1 1 1 1
 1 1 1 1 1
 1 1 1 1 1
pf_obs 
 0.8446 0.082 0.0669 0.0065 0
 0.8095 0.147 0.0364 0.0071 0
 0.9664 0.0169 0.016 0.0007 0
 0.9276 0.0648 0.0075 0.0001 0
 0.7033 0.2144 0.0806 0.0017 0
 0.9318 0.0425 0.0243 0.0014 0
 0.5671 0.3108 0.0964 0.0239 0.0018
 0.0768 0.2599 0.5324 0.112 0.0189
 0.490249 0.384438 0.106611 0.0170017 0.00170017
 0.7925 0.1577 0.0466 0.003 0.0002
 0.840416 0.127587 0.0312969 0.00059994 9.999e-05
 0.8084 0.0986 0.0794 0.0134 0.0002
 0.7335 0.1905 0.0724 0.0035 0.0001
 0.4001 0.4547 0.1325 0.0127 0
 0.49795 0.308269 0.164784 0.0264974 0.00249975
 0.9179 0.0499 0.0305 0.0017 0
 0.2467 0.6533 0.0926 0.0074 0
 0.9418 0.0223 0.034 0.0019 0
 0.707729 0.231977 0.0356964 0.0245975 0
 0.517169 0.277429 0.184464 0.0207286 0.00020938
 0.811772 0.124168 0.05621 0.00726502 0.000585176
 0.764997 0.148141 0.077277 0.00933861 0.000247198
 0.163321 0.427699 0.378323 0.0303852 0.000271297
 0.753843 0.0900009 0.118128 0.0371064 0.000921714
 0.721811 0.176058 0.0630433 0.0369309 0.00215725
 0.143369 0.312575 0.442814 0.0836902 0.0175525
 0.692698 0.0596174 0.167031 0.0765114 0.00414204
 0.394062 0.376323 0.152708 0.0712218 0.00568511
 0.125707 0.32114 0.495352 0.0537591 0.00404204
 0.23352 0.215282 0.420074 0.123614 0.00750983
pf_pred 
 0.452989 0.126723 0.396101 0.024187 8.13181e-07
 0.41593 0.303715 0.0657386 0.202275 0.0123416
 0.566195 0.210624 0.117031 0.0249073 0.081242
 0.737807 0.166162 0.0470411 0.0257011 0.0232896
 0.650476 0.27651 0.0465857 0.0129525 0.013476
 0.745019 0.180165 0.0593827 0.00984999 0.00558323
 0.470346 0.42061 0.0774313 0.0250958 0.00651632
 0.45233 0.301134 0.196584 0.0354812 0.0144702
 0.535005 0.240082 0.124525 0.0800618 0.0203267
 0.703844 0.179859 0.0605749 0.030864 0.024858
 0.815114 0.141257 0.0266976 0.00882351 0.00810829
 0.733127 0.227038 0.0305482 0.00568503 0.00360245
 0.680205 0.252305 0.0575811 0.00760118 0.00230857
 0.625233 0.27842 0.0763166 0.0170916 0.00293848
 0.736891 0.185221 0.0581949 0.0156028 0.00409025
 0.934667 0.0518704 0.00953301 0.00293697 0.000992816
 0.37768 0.591731 0.0243797 0.00439814 0.00181123
 0.901751 0.0436753 0.0519346 0.00210356 0.000535271
 0.590555 0.378443 0.0139124 0.0162639 0.000825622
 0.620565 0.250132 0.11968 0.00432044 0.00530192
 0.727186 0.187235 0.0567562 0.0266799 0.002143
 0.738873 0.20342 0.0398186 0.0118675 0.00602132
 0.320071 0.537508 0.111385 0.021422 0.00961483
 0.736892 0.100205 0.129221 0.0263462 0.00733478
 0.62475 0.294926 0.0308989 0.0392128 0.0102118
 0.430144 0.389998 0.141857 0.0146259 0.0233749
 0.729104 0.134079 0.0941031 0.0336958 0.00901866
 0.680501 0.248806 0.0352764 0.0243663 0.0110506
 0.335171 0.488064 0.138143 0.0192812 0.0193416
 0.424968 0.227388 0.256286 0.0714097 0.0199481
pobs_RECLAS
 0 0 0 0 0
 0 0 0 0 0
 0 0 0 0 0
 0 0 0 0 0
 0 0 0 0 0
 0 0 0 0 0
 0 0 0 0 0
 0 0 0 0 0
 0 0 0 0 0
 0 0 0 0 0
 0.991045 0.00858322 0.000360255 1.14367e-05 0
 0.934742 0.0480273 0.0164251 0.00080598 0
 0.827803 0.169806 0.00239088 0 0
 0.941827 0.0461693 0.0120037 0 0
 0.791401 0.0380133 0.147996 0.0225897 0
 0.846168 0.0940531 0.0597789 0 0
 0.134021 0.677848 0.182769 0.00536245 0
 0.80878 0.0450904 0.141981 0.00414843 0
 0.846168 0.0940531 0.0597789 0 0
 0.905697 0.0802665 0.012482 0.00150086 5.37128e-05
 0.989698 0.0102097 9.19794e-05 0 0
 0.975433 0.0193895 0.00387452 0.00125025 5.28907e-05
 0.303575 0.632131 0.0575291 0.00676475 0
 0.966965 0.00978017 0.0227588 0.000495775 0
 0.843318 0.132988 0.00938335 0.0141283 0.000182051
 0.564624 0.303363 0.111486 0.0197234 0.00080311
 0.826376 0.0876187 0.0782897 0.00655872 0.00115652
 0.89761 0.0855135 0.0140674 0.00269457 0.000114338
 0.34875 0.467042 0.161289 0.0227151 0.000203297
 0.318654 0.224769 0.449479 0.00709798 0
ppred_RECLAS
 0.51916 0.112712 0.346957 0.021169 7.11682e-07
 0.4812 0.271865 0.0579386 0.178128 0.0108678
 0.629688 0.181269 0.0991703 0.0210887 0.0687835
 0.785951 0.136455 0.0380261 0.0207582 0.0188097
 0.70631 0.233092 0.0386752 0.0107444 0.0111781
 0.791327 0.14812 0.0480702 0.00796699 0.0045157
 0.537538 0.368489 0.0667465 0.0216143 0.00561205
 0.516973 0.267428 0.171944 0.0310088 0.0126457
 0.600387 0.207929 0.106167 0.0682023 0.017315
 0.756724 0.148693 0.0492854 0.0250905 0.0202071
 0.850683 0.114499 0.0213128 0.00703815 0.00646738
 0.781776 0.186096 0.0246422 0.00458202 0.00290337
 0.735011 0.20977 0.0471176 0.00621465 0.00188738
 0.687845 0.232912 0.0627801 0.0140474 0.00241501
 0.785775 0.151536 0.0468496 0.0125502 0.00328987
 0.9491 0.0405455 0.0073342 0.00225765 0.000763143
 0.43989 0.532987 0.0216205 0.00389715 0.00160484
 0.922895 0.034573 0.0404768 0.00163812 0.000416818
 0.651991 0.322052 0.0116538 0.0136121 0.000690979
 0.680524 0.211734 0.0997308 0.00359727 0.00441428
 0.775904 0.15456 0.0461296 0.0216667 0.00174025
 0.786241 0.167104 0.0322009 0.00958916 0.00486512
 0.378652 0.492793 0.100558 0.0193239 0.00867276
 0.78479 0.082753 0.105089 0.0214084 0.00595986
 0.682978 0.250005 0.0257932 0.0327066 0.00851712
 0.494279 0.347792 0.124584 0.0128345 0.0205111
 0.777677 0.110905 0.0766526 0.0274249 0.00733994
 0.733621 0.208158 0.0290649 0.0200595 0.00909703
 0.394772 0.446132 0.124357 0.0173429 0.0173965
 0.490547 0.203363 0.225701 0.0628362 0.0175523
pobs_PELACES
 0 0 0 0 0
 0 0 0 0 0
 0 0 0 0 0
 0 0 0 0 0
 0 0 0 0 0
 0 0 0 0 0
 0 0 0 0 0
 0 0 0 0 0
 0 0 0 0 0
 0 0 0 0 0
 0 0 0 0 0
 0 0 0 0 0
 0 0 0 0 0
 0 0 0 0 0
 0 0 0 0 0
 0 0 0 0 0
 0.505614 0.472636 0.0217494 0 0
 0 0 0 0 0
 0.443492 0.261883 0.143347 0.151278 0
 0.227955 0.32914 0.350689 0.0885471 0.00366901
 0.970185 0.0296113 0.000203453 0 0
 0.997202 0.00247181 0.000326279 0 0
 0.445219 0.490057 0.0546422 0.010081 0
 0.90214 0.0892962 0.00764917 0.000914606 0
 0 0 0 0 0
 0.581667 0.319106 0.0959925 0.00289975 0.000334073
 0.762889 0.0836404 0.116647 0.0363945 0.000428098
 0.88444 0.0763242 0.0277011 0.0115352 0
 0.521256 0.241999 0.230069 0.00667565 0
 0.616807 0.101726 0.260614 0.0208532 0
ppred_PELACES
 0.522018 0.112107 0.344836 0.0210387 7.073e-07
 0.486338 0.269355 0.0573253 0.17623 0.0107519
 0.634369 0.179103 0.0978546 0.0208075 0.0678659
 0.790955 0.133365 0.0370905 0.0202453 0.0183448
 0.70836 0.231498 0.038385 0.0106634 0.0110938
 0.794475 0.145941 0.047302 0.00783913 0.00444321
 0.548067 0.360313 0.0650784 0.0210708 0.00547091
 0.51872 0.266517 0.171278 0.030888 0.0125964
 0.606952 0.204696 0.104326 0.067013 0.0170129
 0.763312 0.144805 0.047881 0.0243724 0.0196286
 0.851752 0.113694 0.021151 0.00698452 0.00641808
 0.787917 0.180926 0.0238984 0.00444314 0.00281535
 0.741632 0.204628 0.0458561 0.00604752 0.00183661
 0.700226 0.2239 0.0601141 0.0134481 0.00231194
 0.792567 0.146851 0.0452765 0.012127 0.00317891
 0.950678 0.039306 0.00709404 0.00218346 0.000738061
 0.445142 0.528027 0.0213881 0.00385496 0.00158746
 0.92442 0.0339163 0.0396512 0.00160459 0.000408283
 0.658708 0.315885 0.0114075 0.0133229 0.000676295
 0.686295 0.208035 0.0978133 0.00352777 0.00432897
 0.779458 0.152175 0.0453551 0.0213013 0.0017109
 0.790613 0.16375 0.0314988 0.00937918 0.00475856
 0.382302 0.490006 0.0998844 0.0191934 0.00861417
 0.787153 0.0818917 0.103899 0.021165 0.00589207
 0.685945 0.247715 0.0255332 0.0323753 0.00843084
 0.497064 0.345958 0.123834 0.0127568 0.0203868
 0.780029 0.109783 0.0758081 0.0271214 0.0072587
 0.735794 0.206494 0.0288109 0.0198834 0.00901715
 0.397413 0.444273 0.123746 0.0172571 0.0173104
 0.494706 0.201838 0.223762 0.0622928 0.0174005
pobs_pel_tallas
 0 0 0 0 0 0 0 0 0 0 0 0 0 0 0 0 0 0 0 0 0 0 0 0 0 0
 0 0 0 0 0 0 0 0 0 0 0 0 0 0 0 0 0 0 0 0 0 0 0 0 0 0
 0 0 0 0 0 0 0 0 0 0 0 0 0 0 0 0 0 0 0 0 0 0 0 0 0 0
 0 0 0 0 0 0 0 0 0 0 0 0 0 0 0 0 0 0 0 0 0 0 0 0 0 0
 0 0 0 0 0 0 0 0 0 0 0 0 0 0 0 0 0 0 0 0 0 0 0 0 0 0
 0 0 0 0 0 0 0 0 0 0 0 0 0 0 0 0 0 0 0 0 0 0 0 0 0 0
 0 0 0 0 0 0 0 0 0 0 0 0 0 0 0 0 0 0 0 0 0 0 0 0 0 0
 0 0 0 0 0 0 0 0 0 0 0 0 0 0 0 0 0 0 0 0 0 0 0 0 0 0
 0 0 0 0 0 0 0 0 0 0 0 0 0 0 0 0 0 0 0 0 0 0 0 0 0 0
 0 0 0 0 0 0 0 0 0 0 0 0 0 0 0 0 0 0 0 0 0 0 0 0 0 0
 0 0 0 0 0 0 0 0 0 0 0 0 0 0 0 0 0 0 0 0 0 0 0 0 0 0
 0 0 0 0 0 0 0 0 0 0 0 0 0 0 0 0 0 0 0 0 0 0 0 0 0 0
 0.00862536 0 0 0.000197151 0.00414017 0.0128641 0.00837892 0.0270097 0.101434 0.158115 0.152841 0.127902 0.109271 0.109419 0.0830992 0.0579132 0.0238553 0.00714673 0.00463305 0.00128148 0.00103504 0.000492878 0.000147863 0.000147863 4.92878e-05 0
 0 0 0 0 0 0 0 0 0 0 0 0 0 0 0 0 0 0 0 0 0 0 0 0 0 0
 0 0 0 0 0 0 0 0.0054083 0.00873648 0.0413646 0.0450493 0.0745869 0.0622846 0.0627006 0.0613931 0.0827291 0.12552 0.122667 0.0946155 0.0697135 0.0546179 0.0294188 0.0215738 0.0213955 0.0102223 0.00600262
 0 0 0 0 0.00359764 0.0251062 0.0480494 0.140153 0.205849 0.193036 0.1447 0.116669 0.0760912 0.0342217 0.00950174 0.001854 0.000860785 0 0 0 0.000165536 0 0.000143464 0 0 0
 0 0 0 0 0 0 0 0.000145254 0.000435761 0.0275982 0.070085 0.0708112 0.156366 0.174668 0.174014 0.160142 0.0824315 0.0480064 0.0283245 0.00493863 0.00203355 0 0 0 0 0
 0 0 0 0 0 0 0 0 0 0 0 0 0 0 0 0 0 0 0 0 0 0 0 0 0 0
 0 0 1.00437e-05 0.000401748 0.00122533 0.00171747 0.00176769 0.0269171 0.070346 0.194647 0.189555 0.159765 0.064822 0.0314167 0.0384472 0.0292271 0.0345202 0.0313363 0.0194345 0.0106764 0.0143323 0.0359363 0.0279516 0.0138201 0.00172751 0
 0 0.0021121 0.0136068 0.0755702 0.200478 0.177729 0.0527432 0.0373336 0.0318909 0.0142505 0.0149659 0.0166563 0.0217959 0.0798694 0.0677717 0.0528807 0.04013 0.0224614 0.0357745 0.0225083 0.00881397 0.00855152 0.00135912 0.000746735 0 0
 0 0 0 0 5.4009e-05 0.00500934 0.000945158 0.0243581 0.138947 0.33067 0.221406 0.137944 0.0707744 0.0437923 0.0131692 0.00525238 0.0047753 0.00276346 9.45158e-05 9.00151e-06 2.25038e-05 9.00151e-06 4.50075e-06 0 0 0
 0.000866109 0.00284123 0.00948549 0.0512746 0.133035 0.25785 0.225252 0.132002 0.0553304 0.0519788 0.0540692 0.017754 0.00435017 0.00159236 0.00146478 0.000404838 0.000125132 0.000115318 0.000107957 0.000100596 0 0 0 0 0 0
 0 0 0 0 0.00144013 0.00171154 0.00461396 0.0210425 0.0478622 0.0707936 0.0888783 0.103762 0.0637923 0.0337046 0.0602308 0.124433 0.169614 0.0934646 0.0462172 0.0250306 0.0313229 0.00938855 0.002487 0.000210481 0 0
 0 0.00764035 0.051015 0.0998891 0.058973 0.0496711 0.0374665 0.0718981 0.12319 0.153886 0.159021 0.0857701 0.0377988 0.023471 0.0147837 0.00900784 0.00315554 0.000888139 0.00291439 0.00214683 0.00393193 0.00274676 0.000635225 9.99891e-05 0 0
 0 0 0 0 0 0 0 0 0 0 0 0 0 0 0 0 0 0 0 0 0 0 0 0 0 0
 0 0 0 0 0 0 0 0 0 0 0 0 0 0 0 0 0 0 0 0 0 0 0 0 0 0
 0 0 0 0 0 0 0 0 0 0 0 0 0 0 0 0 0 0 0 0 0 0 0 0 0 0
 0 0 0 0 0 0 0 0 0 0 0 0 0 0 0 0 0 0 0 0 0 0 0 0 0 0
 0 0 0 0 0 0 0 0 0 0 0 0 0 0 0 0 0 0 0 0 0 0 0 0 0 0
 0 0 0 0 0 0 0 0 0 0 0 0 0 0 0 0 0 0 0 0 0 0 0 0 0 0
ppred_pel_tallas
 1.1209e-16 4.2998e-05 0.000417956 0.00277746 0.0126259 0.0392841 0.0836993 0.122164 0.122175 0.0837548 0.0394721 0.0131755 0.0041815 0.00356434 0.00625647 0.0108942 0.0171269 0.0245229 0.0325573 0.0408086 0.0488886 0.0560905 0.061166 0.0626375 0.0595572 0.0521588
 1.21217e-16 4.00591e-05 0.000389389 0.00258762 0.011763 0.0365991 0.0779793 0.113819 0.113845 0.0781067 0.037027 0.0130002 0.00569859 0.00719931 0.0130313 0.0216418 0.03158 0.0406435 0.046695 0.0489556 0.048538 0.0476524 0.048068 0.050016 0.0522332 0.0528917
 1.16442e-16 5.22522e-05 0.00050791 0.00337524 0.0153434 0.047739 0.101714 0.148458 0.148475 0.101799 0.0480249 0.016171 0.00545945 0.00507996 0.00880171 0.0146453 0.0215166 0.0279755 0.0326095 0.0348391 0.035257 0.0351374 0.0355059 0.0365118 0.0374917 0.0375104
 1.0624e-16 6.51499e-05 0.00063328 0.00420837 0.0191307 0.0595226 0.12682 0.1851 0.185113 0.126883 0.0597343 0.0197426 0.00574627 0.00399711 0.00647351 0.0106524 0.0154687 0.0197369 0.0223059 0.0226782 0.021307 0.0192622 0.0175328 0.0165119 0.0159721 0.0154031
 1.04114e-16 5.83467e-05 0.000567151 0.00376892 0.017133 0.0533071 0.113577 0.165774 0.165796 0.113686 0.0536734 0.0181912 0.00642578 0.00636916 0.0110836 0.018248 0.0263222 0.0331908 0.0367405 0.0360073 0.031747 0.0259075 0.0204409 0.0163803 0.0137179 0.0118859
 1.02941e-16 6.54398e-05 0.000636099 0.0042271 0.0192158 0.0597875 0.127384 0.185924 0.185938 0.127453 0.0600192 0.0198855 0.00591023 0.00431727 0.00707686 0.0116487 0.0168974 0.0215068 0.0241748 0.0242918 0.0222753 0.0192326 0.016239 0.0138126 0.0118956 0.0101853
 1.0501e-16 4.51436e-05 0.000438812 0.00291606 0.013256 0.0412446 0.0878773 0.128267 0.128301 0.0880471 0.0418149 0.0149036 0.00705298 0.009474 0.0172173 0.0284257 0.0410234 0.0517575 0.0573378 0.056247 0.0496269 0.0404613 0.0317421 0.0250578 0.0204247 0.0170399
 1.10241e-16 4.27263e-05 0.000415315 0.00275992 0.0125462 0.039036 0.0831713 0.121396 0.121422 0.0832979 0.039462 0.0137793 0.00586568 0.00723001 0.0130873 0.0218356 0.0320763 0.0416472 0.0483379 0.0510867 0.0504951 0.0481675 0.0454648 0.0427315 0.0394848 0.0351605
 1.12663e-16 4.99939e-05 0.000485958 0.00322937 0.0146802 0.0456758 0.0973178 0.142042 0.142062 0.097415 0.0460024 0.0156256 0.00560944 0.00570566 0.0100346 0.0167006 0.0245082 0.0317989 0.0369269 0.039183 0.0391825 0.0383109 0.0376822 0.0374588 0.0369679 0.0353436
 1.07185e-16 6.28731e-05 0.000611149 0.0040613 0.0184621 0.0574425 0.122388 0.178631 0.178645 0.122456 0.0576726 0.0191274 0.00573404 0.00427194 0.00704289 0.0116176 0.0169071 0.0216471 0.0246034 0.0252408 0.0240367 0.0221141 0.0204905 0.0195361 0.0189676 0.0182295
 1.02427e-16 7.01577e-05 0.000681958 0.00453185 0.0206011 0.0640979 0.136568 0.199327 0.199338 0.136621 0.0642779 0.0211212 0.00583773 0.00353447 0.0054929 0.00898409 0.0129696 0.0163847 0.0181974 0.0179401 0.0159839 0.0132758 0.0107548 0.00890217 0.00768869 0.00681809
 1.01659e-16 6.48997e-05 0.000630849 0.00419221 0.0190572 0.0592941 0.126333 0.18439 0.184408 0.126418 0.0595801 0.0198833 0.00626581 0.00515704 0.00865952 0.0142094 0.0204537 0.0257015 0.0282738 0.0273952 0.0236498 0.0185796 0.0137607 0.0100757 0.00760162 0.00596451
 1.02293e-16 6.10873e-05 0.00059379 0.00394595 0.0179377 0.055811 0.118912 0.17356 0.173579 0.119008 0.0561351 0.0188742 0.00629792 0.00573221 0.00983167 0.0161875 0.0233832 0.0295497 0.0328165 0.0323068 0.0286355 0.0234494 0.0184043 0.0143867 0.0114355 0.0091652
 1.03532e-16 5.76767e-05 0.000560638 0.00372564 0.0169362 0.052695 0.112273 0.16387 0.163892 0.112379 0.05305 0.0179622 0.00630332 0.00619515 0.0107804 0.0177877 0.0257511 0.0326601 0.0364964 0.0363166 0.0327818 0.0276454 0.0226356 0.0186262 0.0155796 0.013039
 1.03099e-16 6.52827e-05 0.000634571 0.00421695 0.0191697 0.059644 0.127078 0.185478 0.185492 0.127148 0.059877 0.0198434 0.00591007 0.0043373 0.00711699 0.0117138 0.0169883 0.0216168 0.0242912 0.024404 0.0223846 0.0193568 0.0164071 0.0140508 0.0122125 0.0105636
 1.00559e-16 7.83061e-05 0.000761163 0.0050582 0.0229938 0.0715424 0.152429 0.222475 0.222479 0.152447 0.0716046 0.0231736 0.00550948 0.00174678 0.00195155 0.00310599 0.00447526 0.00564583 0.00625439 0.00613524 0.00541313 0.00441381 0.00346401 0.00273724 0.00223524 0.00187002
 1.01408e-16 3.66659e-05 0.000356406 0.00236844 0.0107666 0.0334992 0.0713756 0.104185 0.104236 0.0716238 0.0343324 0.0131719 0.00840174 0.0135129 0.0249812 0.0411307 0.0589876 0.0736323 0.0800753 0.076016 0.0632411 0.0464818 0.0306804 0.0187659 0.0112023 0.00693805
 1.01384e-16 7.61432e-05 0.000740139 0.00491849 0.0223587 0.0695663 0.148218 0.21633 0.216333 0.148235 0.0696211 0.0225176 0.0053198 0.00162472 0.00178102 0.00288853 0.00430355 0.00572237 0.00687927 0.00763262 0.00801019 0.00812396 0.00803529 0.00770013 0.00703531 0.00602839
 1.01861e-16 5.4257e-05 0.000527397 0.00350474 0.0159321 0.0495707 0.105617 0.154157 0.154188 0.105765 0.0500692 0.0173711 0.0071146 0.00839975 0.014982 0.0246217 0.0353227 0.0441276 0.0480678 0.0457892 0.0383816 0.0286824 0.0196293 0.0129228 0.00876286 0.0064391
 1.03963e-16 5.65293e-05 0.000549485 0.00365152 0.0165993 0.0516467 0.110039 0.16061 0.16063 0.110138 0.0519778 0.0175571 0.00606078 0.0058254 0.0101245 0.0167731 0.0244455 0.0313378 0.0356228 0.0364132 0.0342154 0.0304507 0.0264708 0.0228851 0.0196017 0.0163172
 1.03774e-16 6.4203e-05 0.000624076 0.0041472 0.0188526 0.0586575 0.124977 0.18241 0.182425 0.125048 0.058899 0.0195508 0.00590188 0.00446167 0.00737361 0.0121444 0.0176207 0.0224408 0.0252607 0.0254655 0.0235143 0.0205772 0.0177681 0.0155869 0.013904 0.0123255
 1.02697e-16 6.51218e-05 0.000633007 0.00420656 0.0191224 0.059497 0.126765 0.185021 0.185037 0.126842 0.0597562 0.0198714 0.00608744 0.00474149 0.00787533 0.0129362 0.0186757 0.0235854 0.0261737 0.0257557 0.0228512 0.0188107 0.0149816 0.0120687 0.0100612 0.00857889
 1.06391e-16 3.14898e-05 0.000306092 0.00203409 0.00924672 0.0287702 0.0612997 0.0894787 0.089526 0.0615308 0.0295461 0.0114884 0.00766331 0.0126026 0.0234079 0.0387083 0.0558983 0.070587 0.0783031 0.0769666 0.068091 0.0556782 0.0437463 0.0344374 0.0278075 0.0228443
 1.06139e-16 6.48367e-05 0.000630236 0.00418814 0.0190387 0.0592365 0.12621 0.184209 0.184217 0.126249 0.0593691 0.0194237 0.0051619 0.00278016 0.00421908 0.00705865 0.010598 0.0142415 0.0174074 0.0198022 0.0215145 0.0227838 0.02366 0.0238786 0.0230553 0.0210035
 1.05474e-16 5.65005e-05 0.000549205 0.00364966 0.0165908 0.0516204 0.109984 0.160529 0.160553 0.1101 0.052012 0.017722 0.00648887 0.00674717 0.011828 0.0194676 0.0280508 0.0353145 0.0390083 0.0381359 0.0335684 0.0274637 0.0219596 0.0181473 0.0159237 0.0145295
 1.08392e-16 4.09426e-05 0.000397977 0.0026447 0.0120224 0.0374064 0.0796996 0.116331 0.116364 0.0798631 0.037956 0.0136113 0.00663878 0.00913628 0.0166929 0.0276792 0.0402134 0.0512909 0.0578544 0.05847 0.0541154 0.047374 0.0407323 0.0353514 0.031044 0.0270693
 1.06165e-16 6.425e-05 0.000624533 0.00415024 0.0188664 0.0587004 0.125068 0.182542 0.182553 0.12512 0.0588762 0.0193754 0.00543288 0.00344142 0.0054639 0.00906263 0.0133587 0.0174551 0.0204762 0.0220203 0.0223516 0.0221092 0.0217821 0.0213957 0.0206156 0.0190939
 1.04405e-16 6.06064e-05 0.000589116 0.00391489 0.0177965 0.0553717 0.117976 0.172193 0.172213 0.118073 0.0556983 0.0187401 0.00628376 0.00576171 0.00988852 0.016264 0.0234547 0.0295698 0.0327337 0.032106 0.0283883 0.0233447 0.0187258 0.0154302 0.0133928 0.0120289
 1.08345e-16 3.27345e-05 0.000318191 0.00211449 0.0096122 0.0299074 0.0637224 0.0930136 0.0930566 0.0639321 0.0306119 0.0116485 0.00723066 0.0115025 0.0213198 0.0353145 0.0511502 0.0649123 0.072611 0.0723841 0.0655492 0.0555853 0.0459164 0.0382622 0.032526 0.0277657
 1.15701e-16 4.07483e-05 0.000396088 0.00263215 0.0119654 0.0372288 0.0793207 0.115775 0.115795 0.0794175 0.0375548 0.012911 0.00502174 0.00566537 0.0102036 0.0172124 0.0257506 0.0344036 0.0417204 0.0470043 0.050573 0.0531854 0.0551518 0.0559445 0.0546063 0.0505201
pSPR Fmed_Fpbrs
0.612713   0.219715 0.219715
Fs Fmed_Fpbrs
0.272761   1.005 1.005
SSBpbr Bo_Bmed_Bpbrs
1.78489e+06  1.00438e+06  302922 302922
Ro
161961
SPR SPRFo_SPRFmed_SPRFpbrs
1.1529e+06 706397 253310
Fref
1.005
log_Ro
11.8151
likeval ReclasPelacesDesembMPH_pf_preclas_ppelaces_ptallas_desvR_qrecl_qpela
 13.5854 16.6702 0.05696 0.000812217 228.682 104.883 76.925 0 23.2119 2.23902e-08 1.93805e-06 0.291387 0 0 0
q_reclas_q_pelaces
0.97902 1.21903
M
1
N
 188078 41511.2 127926 7805.68 0.262421
 105834 61623.8 13160.2 40464.5 2468.8
 106254 31501.2 17268.8 3672.63 11978.8
 175136 31784.6 8884.45 4850.77 4395.47
 140890 47188.3 7837.53 2177.47 2265.38
 242567 46714.8 15190.2 2517.84 1427.12
 100025 73055.7 13290.7 4304.88 1117.76
 45098.9 23570.6 15165.5 2735.09 1115.4
 42809.9 15434.7 7902.63 5077.44 1289.05
 57280.2 11871.3 3949.23 2010.89 1619.53
 106320 14491.5 2699.78 891.594 819.29
 142421 35802.9 4758.67 885.014 560.791
 118888 35712.4 8049.8 1061.94 322.513
 82645.5 30522.8 8276.41 1852.49 318.482
 80618.2 16518.9 5128.35 1374.1 360.207
 431484 19369.5 3515.66 1082.4 365.884
 89555.5 112054 4555.48 821.235 338.186
 679823 26283.6 30838.6 1248.2 317.606
 387833 200353 7272.37 8495.81 431.268
 321700 104124 49177.8 1774.09 2177.04
 436604 89663.4 26816.8 12597.1 1011.79
 586591 129645 25049.8 7460.7 3785.26
 123078 163927 33503.5 6438.82 2889.82
 357612 38486.2 48942.4 9971.19 2775.87
 305064 113983 11776.3 14933.8 3888.93
 135827 97165 34845.3 3589.96 5737.18
 305789 44489.4 30791.2 11017.3 2948.67
 338825 97751.3 13664.5 9431.33 4277.14
 96527.4 110893 30945.6 4315.97 4329.32
 74492.3 31638.4 35171.9 9792.89 2735.51
pred_Ctot
 13124.3 3671.51 11476.2 700.766 0.0235601
 12994.6 9488.76 2053.83 6319.56 385.581
 12763.8 4748.11 2638.24 561.487 1831.44
 30383.6 6842.7 1937.2 1058.4 959.088
 8865.05 3768.44 634.896 176.524 183.658
 28258.3 6833.59 2252.37 373.607 211.77
 23560.4 21069.1 3878.66 1257.09 326.413
 1998.64 1330.57 868.615 156.775 63.937
 6817.73 3059.43 1586.85 1020.25 259.029
 11655.9 2978.52 1003.14 511.118 411.656
 5729.03 992.822 187.644 62.0161 56.9892
 29567.4 9156.55 1232.02 229.28 145.289
 23377 8671.08 1978.92 261.234 79.3398
 25055.6 11157.4 3058.31 684.928 117.757
 18298 4599.28 1445.05 387.437 101.566
 82508.3 4578.9 841.533 259.263 87.6415
 11659.8 18268.1 752.657 135.78 55.9167
 87024.3 4214.92 5011.99 203.006 51.6568
 67958.9 43549.9 1600.99 1871.59 95.0095
 50411.5 20319.4 9722.2 350.97 430.701
 54156.2 13944 4226.84 1986.95 159.597
 91138.7 25091.5 4911.55 1463.84 742.72
 11825.9 19859.7 4115.43 791.496 355.247
 30554.8 4154.95 5358.09 1092.43 304.132
 26187.1 12362.1 1295.16 1643.64 428.039
 9503.25 8616.3 3134.08 323.133 516.426
 25623.5 4712.04 3307.14 1184.2 316.95
 23859.8 8723.66 1236.87 854.334 387.459
 6716.44 9780.23 2768.22 386.373 387.583
 7466.8 3995.26 4503.01 1254.69 350.493
F
 0.115807 0.148768 0.15103 0.151151 0.151158
 0.211851 0.272147 0.276286 0.276507 0.276519
 0.20685 0.265723 0.269764 0.26998 0.269992
 0.31142 0.400057 0.406141 0.406466 0.406483
 0.103916 0.133493 0.135523 0.135631 0.135637
 0.200055 0.256994 0.260903 0.261112 0.261123
 0.445424 0.5722 0.580902 0.581368 0.581392
 0.0722427 0.0928043 0.0942157 0.0942911 0.0942951
 0.282648 0.363095 0.368617 0.368912 0.368927
 0.374392 0.480951 0.488265 0.488657 0.488677
 0.088427 0.113595 0.115323 0.115415 0.11542
 0.383289 0.49238 0.499868 0.500268 0.50029
 0.359709 0.46209 0.469117 0.469493 0.469513
 0.610056 0.78369 0.795608 0.796246 0.796279
 0.426023 0.547277 0.5556 0.556045 0.556068
 0.348251 0.44737 0.454173 0.454537 0.454556
 0.225913 0.290212 0.294626 0.294862 0.294874
 0.221749 0.284863 0.289195 0.289427 0.289439
 0.314989 0.404641 0.410795 0.411124 0.411142
 0.277558 0.356556 0.361978 0.362268 0.362284
 0.214224 0.275196 0.279381 0.279605 0.279617
 0.274907 0.353151 0.358522 0.358809 0.358824
 0.16252 0.208776 0.211951 0.212121 0.21213
 0.1434 0.184214 0.187016 0.187165 0.187173
 0.144113 0.18513 0.187945 0.188096 0.188104
 0.116128 0.149181 0.151449 0.151571 0.151577
 0.140469 0.180449 0.183193 0.18334 0.183348
 0.116918 0.150196 0.15248 0.152602 0.152608
 0.115457 0.148318 0.150574 0.150694 0.150701
 0.17006 0.218462 0.221784 0.221962 0.221971
nmprior
 8 8 7 0
nm_flota  nm_reclas  nm_pelaces    nm_pelaL
inf 12.193 17.3276 30.654
cv_recla  cv_pelaces  cv_mph
0.341243 0.480435 0.879511
 ------------------------------------------------
Talla a la edad & desviación 
 8 13.2811 15.8009 17.003 17.5766
 0.8 1.32811 1.58009 1.7003 1.75766
