    unsorted:	 2.281216873e-06 2.320482425e-06 4.147541407e-05 6.235271550e-05 8.624768287e-05 0.001099992933 3.185813598 13.24326194 45.13725334 61.62449436 156.7428069 226.7603716 254.4498107 330.9818908 506.5701932 630.8751864 785.0251049 836.5890746 867.5372868 916.1112559 992.8421842 1078.055838 1179.333074 1371.532678 1447.697276 1606.645990 1842.508134 1887.576183 2000.153988 2330.962950 2206.865725 2390.098249 2468.001971 2491.680272 2597.434138 2680.558717 2962.854829 3000.146541 3146.198905 3446.784602 3635.554438 3976.831156 7869.524588 38960.41701 402502.3674 406751.5866 395400.0067 385064.0758 426492.0526 458557.8282 453266.7709 450545.4853 366791.2923 349312.7161 294418.5062 163585.7841 514198.9198 580221.6609 592226.1607 632725.2797 660353.4761 693746.7558 911262.2040 978463.8893 1054294.451 1180768.936 1408948.183 1589591.153 1705849.969 2306605.479 2374091.308 2675676.180 2749533.333 2957644.973 3229725.774
      sorted:	 2.281216873e-06 2.320482425e-06 4.147541407e-05 6.235271550e-05 8.624768287e-05 0.001099992933 3.185813598 13.24326194 45.13725334 61.62449436 156.7428069 226.7603716 254.4498107 330.9818908 506.5701932 630.8751864 785.0251049 836.5890746 867.5372868 916.1112559 992.8421842 1078.055838 1179.333074 1371.532678 1447.697276 1606.645990 1842.508134 1887.576183 2000.153988 2206.865725 2330.962950 2390.098249 2468.001971 2491.680272 2597.434138 2680.558717 2962.854829 3000.146541 3146.198905 3446.784602 3635.554438 3976.831156 7869.524588 38960.41701 163585.7841 294418.5062 349312.7161 366791.2923 385064.0758 395400.0067 402502.3674 406751.5866 426492.0526 450545.4853 453266.7709 458557.8282 514198.9198 580221.6609 592226.1607 632725.2797 660353.4761 693746.7558 911262.2040 978463.8893 1054294.451 1180768.936 1408948.183 1589591.153 1705849.969 2306605.479 2374091.308 2675676.180 2749533.333 2957644.973 3229725.774
