years
 1991 1992 1993 1994 1995 1996 1997 1998 1999 2000 2001 2002 2003 2004 2005 2006 2007 2008 2009 2010 2011 2012 2013 2014 2015 2016 2017 2018 2019 2020
reclasobs
 0 0 0 0 0 0 0 0 0 252601 567819 844713 477998 351125 339783 2.1784e+06 2.13404e+06 4.81314e+06 1.55562e+06 2.62356e+06 3.21686e+06 3.843e+06 1.13348e+06 3.07943e+06 1.97215e+06 2.03268e+06 2.025e+06 2.42433e+06 2.27542e+06 1.05018e+06
reclaspred
 3.14117e+06 1.69121e+06 855276 862379 868773 1.68343e+06 886898 740723 515118 330736 501721 707807 694586 494989 467412 1.37938e+06 1.13079e+06 3.21654e+06 2.4967e+06 1.85803e+06 3.1697e+06 2.58006e+06 1.87744e+06 3.04788e+06 2.22701e+06 1.93329e+06 2.39343e+06 2.64021e+06 2.01546e+06 1.13586e+06
pelacesobs
 0 0 0 0 0 0 0 0 0 0 0 0 0 0 0 552880 188675 0 991730 2.46772e+06 1.41603e+06 1.21717e+06 2.29649e+06 1.80582e+06 0 1.4828e+06 1.56532e+06 1.57751e+06 1.42118e+06 867257
pelacespred
 1.83411e+06 1.0651e+06 515038 413243 471984 931950 431324 491290 300859 171418 288661 338751 371054 259834 252168 634110 563223 1.80555e+06 1.44769e+06 970887 1.68753e+06 1.42167e+06 1.10377e+06 1.91982e+06 1.3757e+06 1.20601e+06 1.65729e+06 1.80692e+06 1.20733e+06 740034
mphobs
 0 0 0 0 0 0 0 0 0 0 0 498337 0 5186 125008 0 168611 109162 213762 579715 649985 157893 87575 83554 0 0 0 0 0 0
mphpred
 491260 328610 154135 85887.8 90125.5 111510 168627 82681.4 73891.3 43220.6 25273.7 62215.8 67242.5 53703.3 30271.2 37755.4 153680 124357 325940 218489 239342 289632 275746 210355 314628 255595 204315 228282 335950 204995
desembarqueobs
 494567 514787 250237 358949 120608 361735 552515 73892 212993 205616 52469 317467 293654 387597 252695 516296 358380 742168 942051 627588 828172 859565 418607 520667 417249 300574 407403 355545 319650 289779
desembarquepred
 494564 514076 250511 358980 120612 361725 552477 73897 213047 205663 52471.3 317503 293659 387506 252647 516190 358409 741979 941669 627297 828226 859451 418583 520672 417211 300558 407378 355498 319613 289773
Reclutas
 159152 89412.3 88967.3 122397 99395.1 204869 74561.3 29820.3 30922.1 42221.8 77695.1 119521 99692.6 69799.9 60350.5 328789 59205.1 542077 296936 255480 321842 453218 82536.8 251008 212432 90831.3 210972 236928 63173.1 46981.9
log_desv_Rt
 0.280994 -0.295606 -0.300596 0.0184076 -0.189762 0.533507 -0.477243 -1.39368 -1.35739 -1.04593 -0.436073 -0.00536995 -0.186773 -0.543232 -0.688696 1.00655 -0.707856 1.50654 0.904653 0.754281 0.985195 1.32751 -0.37562 0.736621 0.569757 -0.27986 0.562863 0.678894 -0.642986 -0.939103
SSB
 1.59973e+06 1.07008e+06 501922 279683 293483 363118 549112 269242 240618 140742 82300.8 202598 218967 174878 98574.3 122946 500440 404954 1.06138e+06 711481 779389 943150 897934 684994 1.02455e+06 832313 665327 743372 1.09398e+06 667542
BT
 2.33852e+06 1.61499e+06 777671 748363 606716 1.35624e+06 944363 602226 538862 385080 371850 640638 678445 693851 540514 1.14931e+06 880577 2.73457e+06 2.47936e+06 1.60865e+06 2.56368e+06 2.35069e+06 1.53805e+06 2.65455e+06 1.86082e+06 1.56384e+06 2.27784e+06 2.37811e+06 1.52578e+06 1.0671e+06
Ftot
 0.25978 0.482628 0.476632 0.738841 0.250179 0.413314 0.970731 0.176328 0.71528 1.05621 0.215804 0.815073 0.762106 1.35854 1.03819 0.776696 0.528873 0.471748 0.658563 0.607331 0.48132 0.607221 0.371537 0.331748 0.328759 0.267627 0.326084 0.262952 0.255061 0.415658
BD_Bspro_t
 0.959493 0.734268 0.504664 0.401919 0.38827 0.491405 0.515298 0.30768 0.357234 0.285843 0.239123 0.519907 0.401575 0.306942 0.193611 0.233028 0.431569 0.370387 0.534485 0.407892 0.383572 0.426648 0.442793 0.415133 0.547325 0.555026 0.557239 0.614976 0.685362 0.57468
BD_Bspro
 1.87019 1.25099 0.586782 0.326969 0.343102 0.42451 0.641951 0.314762 0.281299 0.164538 0.0962154 0.236851 0.255988 0.204445 0.11524 0.143732 0.585049 0.47342 1.24083 0.831772 0.91116 1.10261 1.04975 0.800806 1.19777 0.973032 0.777814 0.869054 1.27894 0.780404
BD_Bo
 1.16328 0.778133 0.364985 0.203378 0.213413 0.26405 0.399301 0.195786 0.174971 0.102344 0.0598471 0.147324 0.159227 0.127167 0.0716808 0.0894031 0.363907 0.294473 0.771811 0.517372 0.566752 0.685835 0.652955 0.49811 0.745026 0.605237 0.483809 0.540562 0.795516 0.48542
BD_Brms
 5.99975 4.0133 1.88245 1.04895 1.1007 1.36187 2.05943 1.00979 0.902432 0.527852 0.308668 0.75984 0.821231 0.655877 0.369701 0.461106 1.87689 1.51877 3.98069 2.6684 2.92308 3.53726 3.36768 2.56905 3.84255 3.12157 2.49529 2.788 4.10295 2.5036
Sel_flota
 0.665963 0.97428 0.998612 0.999927 0.999996
 0.665963 0.97428 0.998612 0.999927 0.999996
 0.665963 0.97428 0.998612 0.999927 0.999996
 0.665963 0.97428 0.998612 0.999927 0.999996
 0.665963 0.97428 0.998612 0.999927 0.999996
 0.665963 0.97428 0.998612 0.999927 0.999996
 0.665963 0.97428 0.998612 0.999927 0.999996
 0.665963 0.97428 0.998612 0.999927 0.999996
 0.665963 0.97428 0.998612 0.999927 0.999996
 0.665963 0.97428 0.998612 0.999927 0.999996
 0.665963 0.97428 0.998612 0.999927 0.999996
 0.665963 0.97428 0.998612 0.999927 0.999996
 0.665963 0.97428 0.998612 0.999927 0.999996
 0.665963 0.97428 0.998612 0.999927 0.999996
 0.665963 0.97428 0.998612 0.999927 0.999996
 0.665963 0.97428 0.998612 0.999927 0.999996
 0.665963 0.97428 0.998612 0.999927 0.999996
 0.665963 0.97428 0.998612 0.999927 0.999996
 0.665963 0.97428 0.998612 0.999927 0.999996
 0.665963 0.97428 0.998612 0.999927 0.999996
 0.665963 0.97428 0.998612 0.999927 0.999996
 0.665963 0.97428 0.998612 0.999927 0.999996
 0.665963 0.97428 0.998612 0.999927 0.999996
 0.665963 0.97428 0.998612 0.999927 0.999996
 0.665963 0.97428 0.998612 0.999927 0.999996
 0.665963 0.97428 0.998612 0.999927 0.999996
 0.665963 0.97428 0.998612 0.999927 0.999996
 0.665963 0.97428 0.998612 0.999927 0.999996
 0.665963 0.97428 0.998612 0.999927 0.999996
 0.665963 0.97428 0.998612 0.999927 0.999996
Sel_reclas
 1 1 1 1 1
 1 1 1 1 1
 1 1 1 1 1
 1 1 1 1 1
 1 1 1 1 1
 1 1 1 1 1
 1 1 1 1 1
 1 1 1 1 1
 1 1 1 1 1
 1 1 1 1 1
 1 1 1 1 1
 1 1 1 1 1
 1 1 1 1 1
 1 1 1 1 1
 1 1 1 1 1
 1 1 1 1 1
 1 1 1 1 1
 1 1 1 1 1
 1 1 1 1 1
 1 1 1 1 1
 1 1 1 1 1
 1 1 1 1 1
 1 1 1 1 1
 1 1 1 1 1
 1 1 1 1 1
 1 1 1 1 1
 1 1 1 1 1
 1 1 1 1 1
 1 1 1 1 1
 1 1 1 1 1
Sel_pelaces
 0.870151 1 1 1 1
 0.870151 1 1 1 1
 0.870151 1 1 1 1
 0.870151 1 1 1 1
 0.870151 1 1 1 1
 0.870151 1 1 1 1
 0.870151 1 1 1 1
 0.870151 1 1 1 1
 0.870151 1 1 1 1
 0.870151 1 1 1 1
 0.870151 1 1 1 1
 0.870151 1 1 1 1
 0.870151 1 1 1 1
 0.870151 1 1 1 1
 0.870151 1 1 1 1
 0.870151 1 1 1 1
 0.870151 1 1 1 1
 0.870151 1 1 1 1
 0.870151 1 1 1 1
 0.870151 1 1 1 1
 0.870151 1 1 1 1
 0.870151 1 1 1 1
 0.870151 1 1 1 1
 0.870151 1 1 1 1
 0.870151 1 1 1 1
 0.870151 1 1 1 1
 0.870151 1 1 1 1
 0.870151 1 1 1 1
 0.870151 1 1 1 1
 0.870151 1 1 1 1
pf_obs 
 0.8446 0.082 0.0669 0.0065 0
 0.8095 0.147 0.0364 0.0071 0
 0.9664 0.0169 0.016 0.0007 0
 0.9276 0.0648 0.0075 0.0001 0
 0.7033 0.2144 0.0806 0.0017 0
 0.9318 0.0425 0.0243 0.0014 0
 0.5671 0.3108 0.0964 0.0239 0.0018
 0.0768 0.2599 0.5324 0.112 0.0189
 0.490249 0.384438 0.106611 0.0170017 0.00170017
 0.7925 0.1577 0.0466 0.003 0.0002
 0.840416 0.127587 0.0312969 0.00059994 9.999e-05
 0.8084 0.0986 0.0794 0.0134 0.0002
 0.7335 0.1905 0.0724 0.0035 0.0001
 0.4001 0.4547 0.1325 0.0127 0
 0.49795 0.308269 0.164784 0.0264974 0.00249975
 0.9179 0.0499 0.0305 0.0017 0
 0.2467 0.6533 0.0926 0.0074 0
 0.9418 0.0223 0.034 0.0019 0
 0.707729 0.231977 0.0356964 0.0245975 0
 0.517169 0.277429 0.184464 0.0207286 0.00020938
 0.811772 0.124168 0.05621 0.00726502 0.000585176
 0.764997 0.148141 0.077277 0.00933861 0.000247198
 0.163321 0.427699 0.378323 0.0303852 0.000271297
 0.753843 0.0900009 0.118128 0.0371064 0.000921714
 0.721811 0.176058 0.0630433 0.0369309 0.00215725
 0.143369 0.312575 0.442814 0.0836902 0.0175525
 0.692698 0.0596174 0.167031 0.0765114 0.00414204
 0.394062 0.376323 0.152708 0.0712218 0.00568511
 0.125707 0.32114 0.495352 0.0537591 0.00404204
 0.23352 0.215282 0.420074 0.123614 0.00750983
pf_pred 
 0.506423 0.151589 0.31799 0.0239968 8.98634e-07
 0.445578 0.338933 0.0674495 0.137665 0.010374
 0.602254 0.223129 0.108071 0.0208532 0.0456931
 0.729856 0.190993 0.0450156 0.02114 0.012995
 0.675686 0.265422 0.0420702 0.00957515 0.00724691
 0.782957 0.16464 0.0431005 0.00664812 0.00265434
 0.457151 0.461221 0.0623681 0.0158452 0.00341432
 0.463093 0.319337 0.185933 0.0241837 0.0074523
 0.570206 0.242375 0.112664 0.0638986 0.0108567
 0.759774 0.165796 0.0426244 0.019134 0.012672
 0.857768 0.120863 0.0149357 0.00368772 0.00274565
 0.765209 0.211443 0.0199205 0.0023964 0.00103071
 0.711188 0.244449 0.0400953 0.00364221 0.00062536
 0.667068 0.268174 0.0551098 0.00872163 0.000926499
 0.779175 0.175237 0.0370488 0.00726926 0.00126946
 0.950123 0.043033 0.0054765 0.00111206 0.000255741
 0.366846 0.613927 0.0166694 0.00204697 0.00051026
 0.92459 0.0361174 0.0381358 0.00100326 0.000153646
 0.588647 0.391338 0.00974037 0.00997312 0.000302047
 0.65075 0.244521 0.0997981 0.00240148 0.00252875
 0.73637 0.198212 0.0462509 0.0182663 0.000900759
 0.759452 0.196201 0.0336003 0.0076018 0.00314507
 0.3073 0.579328 0.0930322 0.0154178 0.0049225
 0.753783 0.100015 0.122855 0.0191641 0.0041834
 0.627729 0.307437 0.026785 0.0319799 0.00606817
 0.424127 0.414927 0.133587 0.0113132 0.0160459
 0.739011 0.137676 0.0895335 0.0280452 0.00573507
 0.685443 0.255909 0.0313575 0.0198233 0.00746777
 0.31842 0.522704 0.129924 0.0154907 0.0134619
 0.416121 0.241659 0.264122 0.0638827 0.0142145
pobs_RECLAS
 0 0 0 0 0
 0 0 0 0 0
 0 0 0 0 0
 0 0 0 0 0
 0 0 0 0 0
 0 0 0 0 0
 0 0 0 0 0
 0 0 0 0 0
 0 0 0 0 0
 0 0 0 0 0
 0.991045 0.00858322 0.000360255 1.14367e-05 0
 0.934742 0.0480273 0.0164251 0.00080598 0
 0.827803 0.169806 0.00239088 0 0
 0.941827 0.0461693 0.0120037 0 0
 0.791401 0.0380133 0.147996 0.0225897 0
 0.846168 0.0940531 0.0597789 0 0
 0.134021 0.677848 0.182769 0.00536245 0
 0.80878 0.0450904 0.141981 0.00414843 0
 0.846168 0.0940531 0.0597789 0 0
 0.905697 0.0802665 0.012482 0.00150086 5.37128e-05
 0.989698 0.0102097 9.19794e-05 0 0
 0.975433 0.0193895 0.00387452 0.00125025 5.28907e-05
 0.303575 0.632131 0.0575291 0.00676475 0
 0.966965 0.00978017 0.0227588 0.000495775 0
 0.843318 0.132988 0.00938335 0.0141283 0.000182051
 0.564624 0.303363 0.111486 0.0197234 0.00080311
 0.826376 0.0876187 0.0782897 0.00655872 0.00115652
 0.89761 0.0855135 0.0140674 0.00269457 0.000114338
 0.34875 0.467042 0.161289 0.0227151 0.000203297
 0.318654 0.224769 0.449479 0.00709798 0
ppred_RECLAS
 0.606255 0.123068 0.251707 0.0189692 7.1031e-07
 0.547134 0.279748 0.0542392 0.110549 0.00832997
 0.694962 0.173115 0.0816918 0.0157412 0.0344893
 0.804028 0.139674 0.0320388 0.0150241 0.0092348
 0.755222 0.201255 0.0311032 0.00706951 0.00535015
 0.843366 0.119559 0.0305014 0.00469826 0.0018757
 0.563518 0.372431 0.0489564 0.012419 0.00267585
 0.561637 0.26339 0.14956 0.0194267 0.005986
 0.668875 0.188976 0.0854999 0.0484223 0.00822659
 0.830453 0.118076 0.0294955 0.0132201 0.00875463
 0.899124 0.0860473 0.0103689 0.00255671 0.00190343
 0.831746 0.151936 0.0139259 0.0016728 0.000719426
 0.788562 0.179706 0.0286837 0.0026018 0.000446689
 0.759534 0.194844 0.038834 0.00613578 0.000651749
 0.84475 0.12393 0.0254611 0.00498801 0.000871008
 0.966512 0.0290006 0.00359125 0.000728179 0.000167446
 0.463647 0.520479 0.013766 0.00168808 0.000420766
 0.948664 0.0249213 0.0256381 0.000673538 0.000103143
 0.68249 0.30246 0.00732929 0.00749371 0.000226938
 0.737547 0.185211 0.0736104 0.00176881 0.00186241
 0.807036 0.146027 0.0331978 0.0130928 0.000645597
 0.826007 0.142614 0.0237832 0.00537314 0.00222285
 0.397475 0.50603 0.0792024 0.0131079 0.00418471
 0.821292 0.0737047 0.0882541 0.013748 0.00300088
 0.714621 0.23675 0.0201066 0.0239736 0.00454865
 0.522454 0.346526 0.108774 0.00919942 0.0130469
 0.809041 0.101965 0.0646394 0.0202199 0.00413455
 0.763537 0.193298 0.0230934 0.0145793 0.00549186
 0.40928 0.455703 0.11044 0.01315 0.0114269
 0.517716 0.202675 0.215869 0.0521398 0.0116008
pobs_PELACES
 0 0 0 0 0
 0 0 0 0 0
 0 0 0 0 0
 0 0 0 0 0
 0 0 0 0 0
 0 0 0 0 0
 0 0 0 0 0
 0 0 0 0 0
 0 0 0 0 0
 0 0 0 0 0
 0 0 0 0 0
 0 0 0 0 0
 0 0 0 0 0
 0 0 0 0 0
 0 0 0 0 0
 0 0 0 0 0
 0.505614 0.472636 0.0217494 0 0
 0 0 0 0 0
 0.443492 0.261883 0.143347 0.151278 0
 0.227955 0.32914 0.350689 0.0885471 0.00366901
 0.970185 0.0296113 0.000203453 0 0
 0.997202 0.00247181 0.000326279 0 0
 0.445219 0.490057 0.0546422 0.010081 0
 0.90214 0.0892962 0.00764917 0.000914606 0
 0 0 0 0 0
 0.581667 0.319106 0.0959925 0.00289975 0.000334073
 0.762889 0.0836404 0.116647 0.0363945 0.000428098
 0.88444 0.0763242 0.0277011 0.0115352 0
 0.521256 0.241999 0.230069 0.00667565 0
 0.616807 0.101726 0.260614 0.0208532 0
ppred_PELACES
 0.579416 0.131645 0.268691 0.0202468 7.58145e-07
 0.525141 0.293784 0.0567403 0.115623 0.00871217
 0.675796 0.184304 0.0866393 0.0166911 0.0365702
 0.794046 0.147045 0.0335299 0.0157183 0.00966133
 0.733683 0.219044 0.0337844 0.00767811 0.0058107
 0.830228 0.129689 0.0329763 0.00507858 0.00202751
 0.553861 0.38111 0.0497084 0.0126045 0.00271574
 0.531765 0.281499 0.159617 0.0207314 0.006388
 0.654596 0.197622 0.0888994 0.050332 0.00855089
 0.826331 0.121265 0.0300363 0.0134563 0.00891084
 0.888018 0.0955453 0.0114935 0.00283374 0.00210967
 0.823833 0.159183 0.014495 0.00174055 0.000748549
 0.778277 0.188621 0.029923 0.00271332 0.000465827
 0.759756 0.195069 0.0384571 0.00607266 0.000645023
 0.840538 0.127508 0.0259787 0.00508712 0.000888292
 0.964542 0.0307331 0.00378213 0.000766625 0.000176284
 0.442549 0.54102 0.0142487 0.00174686 0.000435414
 0.944145 0.027168 0.0278437 0.000731332 0.000111992
 0.666726 0.317559 0.00765459 0.00782406 0.000236939
 0.7226 0.196041 0.0775353 0.00186263 0.00196117
 0.79277 0.156973 0.0355485 0.014017 0.000691161
 0.814749 0.151977 0.0252213 0.00569654 0.0023566
 0.3736 0.526335 0.0821351 0.013591 0.00433892
 0.805553 0.0803226 0.0959226 0.0149404 0.00326113
 0.692697 0.255056 0.0216042 0.0257555 0.00488671
 0.494653 0.366917 0.114927 0.00971873 0.0137833
 0.792345 0.111017 0.0701941 0.0219544 0.00448918
 0.742735 0.210387 0.0250819 0.0158329 0.00596403
 0.382344 0.476707 0.115294 0.0137264 0.0119278
 0.494013 0.213052 0.226166 0.0546169 0.0121518
pobs_pel_tallas
 0 0 0 0 0 0 0 0 0 0 0 0 0 0 0 0 0 0 0 0 0 0 0 0 0 0
 0 0 0 0 0 0 0 0 0 0 0 0 0 0 0 0 0 0 0 0 0 0 0 0 0 0
 0 0 0 0 0 0 0 0 0 0 0 0 0 0 0 0 0 0 0 0 0 0 0 0 0 0
 0 0 0 0 0 0 0 0 0 0 0 0 0 0 0 0 0 0 0 0 0 0 0 0 0 0
 0 0 0 0 0 0 0 0 0 0 0 0 0 0 0 0 0 0 0 0 0 0 0 0 0 0
 0 0 0 0 0 0 0 0 0 0 0 0 0 0 0 0 0 0 0 0 0 0 0 0 0 0
 0 0 0 0 0 0 0 0 0 0 0 0 0 0 0 0 0 0 0 0 0 0 0 0 0 0
 0 0 0 0 0 0 0 0 0 0 0 0 0 0 0 0 0 0 0 0 0 0 0 0 0 0
 0 0 0 0 0 0 0 0 0 0 0 0 0 0 0 0 0 0 0 0 0 0 0 0 0 0
 0 0 0 0 0 0 0 0 0 0 0 0 0 0 0 0 0 0 0 0 0 0 0 0 0 0
 0 0 0 0 0 0 0 0 0 0 0 0 0 0 0 0 0 0 0 0 0 0 0 0 0 0
 0 0 0 0 0 0 0 0 0 0 0 0 0 0 0 0 0 0 0 0 0 0 0 0 0 0
 0.00862536 0 0 0.000197151 0.00414017 0.0128641 0.00837892 0.0270097 0.101434 0.158115 0.152841 0.127902 0.109271 0.109419 0.0830992 0.0579132 0.0238553 0.00714673 0.00463305 0.00128148 0.00103504 0.000492878 0.000147863 0.000147863 4.92878e-05 0
 0 0 0 0 0 0 0 0 0 0 0 0 0 0 0 0 0 0 0 0 0 0 0 0 0 0
 0 0 0 0 0 0 0 0.0054083 0.00873648 0.0413646 0.0450493 0.0745869 0.0622846 0.0627006 0.0613931 0.0827291 0.12552 0.122667 0.0946155 0.0697135 0.0546179 0.0294188 0.0215738 0.0213955 0.0102223 0.00600262
 0 0 0 0 0.00359764 0.0251062 0.0480494 0.140153 0.205849 0.193036 0.1447 0.116669 0.0760912 0.0342217 0.00950174 0.001854 0.000860785 0 0 0 0.000165536 0 0.000143464 0 0 0
 0 0 0 0 0 0 0 0.000145254 0.000435761 0.0275982 0.070085 0.0708112 0.156366 0.174668 0.174014 0.160142 0.0824315 0.0480064 0.0283245 0.00493863 0.00203355 0 0 0 0 0
 0 0 0 0 0 0 0 0 0 0 0 0 0 0 0 0 0 0 0 0 0 0 0 0 0 0
 0 0 1.00437e-05 0.000401748 0.00122533 0.00171747 0.00176769 0.0269171 0.070346 0.194647 0.189555 0.159765 0.064822 0.0314167 0.0384472 0.0292271 0.0345202 0.0313363 0.0194345 0.0106764 0.0143323 0.0359363 0.0279516 0.0138201 0.00172751 0
 0 0.0021121 0.0136068 0.0755702 0.200478 0.177729 0.0527432 0.0373336 0.0318909 0.0142505 0.0149659 0.0166563 0.0217959 0.0798694 0.0677717 0.0528807 0.04013 0.0224614 0.0357745 0.0225083 0.00881397 0.00855152 0.00135912 0.000746735 0 0
 0 0 0 0 5.4009e-05 0.00500934 0.000945158 0.0243581 0.138947 0.33067 0.221406 0.137944 0.0707744 0.0437923 0.0131692 0.00525238 0.0047753 0.00276346 9.45158e-05 9.00151e-06 2.25038e-05 9.00151e-06 4.50075e-06 0 0 0
 0.000866109 0.00284123 0.00948549 0.0512746 0.133035 0.25785 0.225252 0.132002 0.0553304 0.0519788 0.0540692 0.017754 0.00435017 0.00159236 0.00146478 0.000404838 0.000125132 0.000115318 0.000107957 0.000100596 0 0 0 0 0 0
 0 0 0 0 0.00144013 0.00171154 0.00461396 0.0210425 0.0478622 0.0707936 0.0888783 0.103762 0.0637923 0.0337046 0.0602308 0.124433 0.169614 0.0934646 0.0462172 0.0250306 0.0313229 0.00938855 0.002487 0.000210481 0 0
 0 0.00764035 0.051015 0.0998891 0.058973 0.0496711 0.0374665 0.0718981 0.12319 0.153886 0.159021 0.0857701 0.0377988 0.023471 0.0147837 0.00900784 0.00315554 0.000888139 0.00291439 0.00214683 0.00393193 0.00274676 0.000635225 9.99891e-05 0 0
 0 0 0 0 0 0 0 0 0 0 0 0 0 0 0 0 0 0 0 0 0 0 0 0 0 0
 0 0 0 0 0 0 0 0 0 0 0 0 0 0 0 0 0 0 0 0 0 0 0 0 0 0
 0 0 0 0 0 0 0 0 0 0 0 0 0 0 0 0 0 0 0 0 0 0 0 0 0 0
 0 0 0 0 0 0 0 0 0 0 0 0 0 0 0 0 0 0 0 0 0 0 0 0 0 0
 0 0 0 0 0 0 0 0 0 0 0 0 0 0 0 0 0 0 0 0 0 0 0 0 0 0
 0 0 0 0 0 0 0 0 0 0 0 0 0 0 0 0 0 0 0 0 0 0 0 0 0 0
ppred_pel_tallas
 1.09819e-16 4.77258e-05 0.000463912 0.00308286 0.0140142 0.0436035 0.0929024 0.135597 0.13561 0.0929665 0.0438199 0.0146441 0.00468264 0.00401831 0.00697964 0.0119355 0.0182861 0.0252748 0.0320771 0.0381785 0.043436 0.0477051 0.0504302 0.0506974 0.0477859 0.0417616
 1.14783e-16 4.32552e-05 0.000420456 0.00279408 0.0127015 0.0395192 0.0842009 0.1229 0.122928 0.0843396 0.0399851 0.0140481 0.00617785 0.00781983 0.0141349 0.0234078 0.0339874 0.0433574 0.0490307 0.0499881 0.0473241 0.0434674 0.0405817 0.0393848 0.0391106 0.0383473
 1.1041e-16 5.56644e-05 0.000541078 0.00359565 0.0163453 0.0508565 0.108356 0.158152 0.15817 0.108443 0.0511501 0.0171948 0.00573312 0.00522455 0.00900194 0.0149304 0.0218266 0.0281404 0.032333 0.0337213 0.0328578 0.0310627 0.0294979 0.0285274 0.0277563 0.0265262
 1.04217e-16 6.54045e-05 0.000635755 0.00422482 0.0192054 0.0597553 0.127315 0.185824 0.185838 0.127385 0.0599883 0.0198789 0.00591665 0.00433344 0.00710116 0.0116715 0.0168923 0.0214283 0.0239699 0.0239301 0.0217888 0.0187426 0.0159482 0.0139508 0.0126371 0.0115737
 1.02785e-16 6.04325e-05 0.000587426 0.00390365 0.0177454 0.0552128 0.117637 0.1717 0.171721 0.117741 0.0555593 0.0187463 0.00641619 0.00607323 0.0104817 0.0172398 0.0248459 0.0312815 0.0345305 0.0336647 0.0293898 0.0235527 0.0180237 0.0138228 0.0109977 0.00906597
 1.01838e-16 6.83848e-05 0.000664725 0.00441733 0.0200806 0.0624781 0.133117 0.19429 0.194303 0.133178 0.0626837 0.0206746 0.00590953 0.00392586 0.00627259 0.0102895 0.0148805 0.0188472 0.0210116 0.0208228 0.0186656 0.0155657 0.0125434 0.0101282 0.00831943 0.00686291
 1.03256e-16 4.56209e-05 0.000443451 0.00294689 0.0133962 0.0416806 0.0888064 0.129623 0.12966 0.0889858 0.0422832 0.0151364 0.00731471 0.00997736 0.0181491 0.0299234 0.0430815 0.0541335 0.0595485 0.0576926 0.0497949 0.0391015 0.028928 0.0211292 0.0158656 0.0123527
 1.07839e-16 4.38008e-05 0.00042576 0.00282932 0.0128617 0.0400177 0.085263 0.12445 0.124477 0.0853965 0.0404668 0.0141613 0.0061006 0.00759724 0.0137523 0.0228971 0.0335179 0.0432708 0.0497561 0.05181 0.0500812 0.0463579 0.0422485 0.0383283 0.0342777 0.0296121
 1.09111e-16 5.39183e-05 0.000524105 0.00348286 0.0158326 0.0492612 0.104957 0.153192 0.153211 0.105051 0.049576 0.0167434 0.00577471 0.00554593 0.0096469 0.0160106 0.0234101 0.0301912 0.0347071 0.036224 0.0353206 0.0333786 0.0315884 0.0302795 0.0289925 0.0270462
 1.03756e-16 6.80638e-05 0.000661605 0.0043966 0.0199863 0.0621848 0.132492 0.193378 0.19339 0.132549 0.0623771 0.020542 0.00579277 0.00371376 0.00587752 0.0096434 0.0139679 0.0177444 0.0198981 0.0199484 0.0182884 0.0158948 0.0137044 0.0121474 0.0111141 0.0102393
 1.00998e-16 7.31449e-05 0.000710994 0.00472481 0.0214783 0.066827 0.142382 0.207813 0.207822 0.142427 0.066978 0.0219145 0.00581953 0.00310033 0.0046096 0.00750138 0.010791 0.0135536 0.0149005 0.0144245 0.0124391 0.00976534 0.00724178 0.00533647 0.0040854 0.00327994
 1.00761e-16 6.7858e-05 0.000659604 0.0043833 0.0199259 0.0619969 0.132091 0.192794 0.19281 0.132166 0.0622483 0.0206519 0.00620509 0.00463429 0.00760976 0.0124552 0.0178933 0.0224111 0.0245143 0.0235116 0.0199244 0.0151391 0.0105909 0.00711175 0.00481434 0.00338924
 1.01263e-16 6.41056e-05 0.00062313 0.00414092 0.018824 0.0585686 0.124787 0.182134 0.182153 0.124876 0.058867 0.0196858 0.00630418 0.00534599 0.00903482 0.0148376 0.0213729 0.0268845 0.0296221 0.0287679 0.0249097 0.0196254 0.0145299 0.0105323 0.0077302 0.00577857
 1.01878e-16 6.25801e-05 0.000608301 0.00404237 0.0183761 0.0571748 0.121818 0.177801 0.177819 0.12191 0.0574837 0.0192682 0.00628258 0.00550124 0.00936255 0.0153982 0.0222193 0.0280306 0.0310395 0.0304081 0.0267324 0.0216071 0.0166442 0.0127216 0.00989473 0.00779451
 1.01443e-16 6.9234e-05 0.000672979 0.00447218 0.0203299 0.063254 0.13477 0.196703 0.196715 0.13483 0.0634559 0.0209132 0.00593694 0.00387253 0.00615155 0.0100752 0.0145419 0.0183589 0.0203569 0.0199915 0.0176535 0.0143818 0.0112217 0.00873465 0.00694311 0.00559498
 1.00224e-16 7.9448e-05 0.000772263 0.00513196 0.0233292 0.0725857 0.154652 0.225719 0.225722 0.154666 0.0726342 0.0234694 0.00548408 0.00154078 0.00153851 0.00241641 0.00347005 0.00435669 0.00478613 0.00462574 0.00397466 0.00309567 0.0022583 0.00161495 0.00118132 0.000895963
 1.00799e-16 3.64523e-05 0.000354329 0.00235464 0.0107039 0.0333041 0.0709598 0.103579 0.103631 0.0712141 0.0341575 0.0131674 0.0085334 0.0138259 0.0255722 0.0420889 0.0603231 0.0752169 0.0816409 0.0772296 0.0638255 0.0463122 0.02981 0.0173805 0.00954363 0.0052353
 1.00903e-16 7.7768e-05 0.000755932 0.00502344 0.0228358 0.0710507 0.151381 0.220946 0.220948 0.151394 0.0710944 0.0229626 0.00534344 0.00146032 0.0014325 0.00228917 0.00339208 0.0044765 0.00532141 0.00581136 0.00597638 0.00592544 0.00573496 0.00539629 0.00485868 0.00411123
 1.01127e-16 5.49174e-05 0.000533816 0.0035474 0.016126 0.0501741 0.106902 0.156033 0.156064 0.107052 0.050675 0.0175721 0.00717448 0.00844233 0.015047 0.0247165 0.035431 0.0442026 0.0480301 0.0455392 0.0378242 0.0277555 0.0183259 0.0112992 0.00693121 0.00454615
 1.02807e-16 5.95197e-05 0.000578552 0.00384469 0.0174774 0.0543788 0.11586 0.169106 0.169125 0.115953 0.0546903 0.0183783 0.00610957 0.00553456 0.00950606 0.0157097 0.0228285 0.0291271 0.0328554 0.0331684 0.0305699 0.026469 0.0222399 0.0185569 0.0153967 0.0124771
 1.02589e-16 6.52994e-05 0.000634734 0.00421803 0.0191746 0.0596593 0.127111 0.185525 0.18554 0.127185 0.059908 0.0198933 0.00602323 0.00457943 0.00756858 0.0124396 0.0179857 0.0227707 0.0253753 0.0251452 0.0225647 0.0188946 0.0153787 0.0126454 0.0106573 0.00905684
 1.01737e-16 6.71098e-05 0.000652331 0.00433497 0.0197062 0.0613133 0.130635 0.190669 0.190683 0.130707 0.0615537 0.0204008 0.0060788 0.00446012 0.00730173 0.0119727 0.0172587 0.0217409 0.0240196 0.0234479 0.0205075 0.016468 0.0126142 0.00964658 0.00760166 0.00615993
 1.04603e-16 3.0773e-05 0.000299125 0.00198779 0.00903625 0.0281154 0.0599047 0.0874433 0.087494 0.0601526 0.0289479 0.011441 0.00802448 0.0134788 0.0250656 0.0414006 0.0596598 0.0750697 0.0827691 0.0804961 0.0699116 0.0554316 0.0415558 0.0307864 0.0233344 0.0181632
 1.04839e-16 6.63524e-05 0.000644969 0.00428604 0.0194837 0.0606212 0.12916 0.188515 0.188522 0.129199 0.060751 0.0198605 0.00523833 0.00274551 0.00411928 0.00687115 0.0102795 0.0137369 0.0166484 0.018708 0.0200007 0.0207865 0.0211688 0.0209631 0.0198682 0.0177558
 1.04099e-16 5.70566e-05 0.000554611 0.00368558 0.0167541 0.0521285 0.111066 0.162109 0.162134 0.111186 0.0525315 0.017918 0.00660635 0.00692867 0.0121571 0.0199949 0.0287713 0.0361348 0.0397408 0.0385387 0.0334145 0.026606 0.0203649 0.0158956 0.0131859 0.0115352
 1.06718e-16 4.0744e-05 0.000396046 0.00263187 0.0119641 0.037225 0.0793131 0.115767 0.115803 0.0794864 0.0378073 0.0136472 0.0068613 0.00964458 0.0176512 0.0292358 0.042389 0.0538834 0.0604321 0.0604877 0.0550994 0.0470755 0.0391711 0.0327589 0.0277628 0.0234655
 1.05016e-16 6.52644e-05 0.000634393 0.00421577 0.0191643 0.0596272 0.127043 0.185425 0.185435 0.127095 0.0598047 0.019678 0.00550986 0.00347432 0.00550276 0.0091094 0.0133878 0.0174085 0.0202619 0.021523 0.021458 0.0207404 0.0199213 0.0191032 0.0180245 0.0163877
 1.03375e-16 6.11781e-05 0.000594673 0.00395181 0.0179644 0.055894 0.119089 0.173818 0.173838 0.119188 0.0562266 0.0189251 0.00636323 0.0058586 0.0100579 0.0165306 0.0238086 0.0299486 0.03302 0.0321494 0.0280466 0.022524 0.0174048 0.0136641 0.0113008 0.0097728
 1.06845e-16 3.14933e-05 0.000306126 0.00203432 0.00924774 0.0287734 0.0613065 0.0894882 0.0895342 0.0615314 0.0295288 0.0114305 0.00751695 0.0122866 0.0228192 0.0377651 0.0546085 0.0691072 0.0769343 0.0760654 0.0679308 0.0563392 0.0450921 0.0361841 0.0296365 0.0245015
 1.14115e-16 4.06913e-05 0.000395534 0.00262846 0.0119486 0.0371767 0.0792096 0.115613 0.115634 0.0793117 0.0375203 0.0129453 0.00514588 0.00594313 0.0107297 0.0180753 0.0269748 0.0358978 0.0432668 0.0483078 0.0513461 0.0532212 0.0543553 0.0543308 0.0522876 0.0476939
pSPR Fmed_Fpbrs
0.467369   0.243889 0.243889
Fs Fmed_Fpbrs
0.478508   1.005 1.005
SSBpbr Bo_Bmed_Bpbrs
1.37518e+06  573960  266633 266633
Ro
120165
SPR SPRFo_SPRFmed_SPRFpbrs
855381 399779 208618
Fref
1.005
log_Ro
11.5166
likeval ReclasPelacesDesembMPH_pf_preclas_ppelaces_ptallas_desvR_qrecl_qpela
 11.5725 16.3316 0.0195806 0.000824718 229.901 103.447 78.4177 0 24.6424 1.10591e-05 3.26049e-05 0.0889147 0 0 0
q_reclas_q_pelaces
1.60198 2.25324
M
1
N
 159152 33627.4 68995 5200.5 0.194736
 89412.3 49247.3 9604.59 19582.1 1475.55
 88967.3 23851.5 11320.8 2182.09 4781.09
 122397 23827.7 5515.01 2587.44 1590.45
 99395.1 27528.8 4267.43 970.113 734.18
 204869 30953.7 7936.62 1222.84 488.206
 74561.3 57232.4 7612.64 1932.37 416.369
 29820.3 14370.1 8177.25 1062.29 327.328
 30922.1 9754.81 4452.02 2522.56 428.574
 42221.8 7064.77 1787.61 801.772 530.971
 77695.1 7687.05 928.739 229.037 170.516
 119521 24756.2 2291.67 275.427 118.457
 99692.6 25551.3 4116.34 373.567 64.1374
 69799.9 22077.5 4473.55 707.454 75.1499
 60350.5 10390.5 2161.83 423.808 74.0081
 328789 11120.3 1390.14 282.016 64.8519
 59205.1 72108 1919.48 235.461 58.6914
 542077 15314.5 15845.6 416.41 63.7682
 296936 145655 3557.95 3639.34 110.216
 255480 70452.5 28208.3 678.097 713.995
 321842 62720.3 14342.5 5658.33 279.012
 453218 85928.8 14436.3 3262.77 1349.83
 82536.8 111273 17495 2896.11 924.597
 251008 23708.1 28502.9 4441.07 969.397
 212432 74036.2 6312.93 7528.66 1428.47
 90831.3 62782.8 19771.7 1672.46 2371.95
 210972 27960 17795.3 5567.77 1138.51
 236928 62462.6 7486.32 4727.07 1780.65
 63173.1 73159.5 17785.4 2118.04 1840.53
 46981.9 19609.6 20992 5071.68 1128.43
pred_Ctot
 16209.6 4852.08 10178.3 768.092 0.0287635
 15946.6 12129.9 2413.92 4926.85 371.27
 15694.8 5814.75 2816.33 543.434 1190.76
 31285.5 8186.96 1929.6 906.173 557.034
 9774.49 3839.59 608.589 138.514 104.834
 31866.1 6700.77 1754.18 270.576 108.03
 23633.5 23843.9 3224.26 819.152 176.511
 2108.64 1454.06 846.623 110.117 33.9331
 7697.66 3272 1520.94 862.618 146.564
 14260.7 3111.94 800.048 359.139 237.849
 6652.21 937.32 115.83 28.5992 21.2932
 33061.6 9135.6 860.683 103.539 44.5326
 26130.3 8981.49 1473.17 133.821 22.9768
 28219.1 11344.6 2331.31 368.952 39.1938
 20123.9 4525.89 956.868 187.745 32.7867
 87505.9 3963.32 504.383 102.42 23.5536
 11432.2 19132.1 519.474 63.7905 15.9015
 94769.3 3701.99 3908.87 102.833 15.7485
 69047.9 45903.7 1142.54 1169.84 35.43
 55511.5 20858.6 8513.17 204.856 215.712
 57264.2 15414.1 3596.73 1420.49 70.0481
 98461.4 25437 4356.21 985.558 407.752
 11668.8 21998.2 3532.62 585.444 186.917
 32023.7 4249.02 5219.39 814.17 177.728
 26879.4 13164.5 1146.93 1369.38 259.839
 9510.49 9304.18 2995.51 253.684 359.807
 26496.4 4936.21 3210.13 1005.53 205.625
 24404.9 9111.52 1116.47 705.801 265.887
 6325.34 10383.4 2580.91 307.72 267.418
 7344.63 4265.33 4661.82 1127.54 250.89
F
 0.173004 0.253099 0.25942 0.259761 0.259779
 0.321412 0.470214 0.481958 0.482592 0.482626
 0.317419 0.464373 0.475971 0.476597 0.47663
 0.492041 0.719838 0.737816 0.738787 0.738839
 0.16661 0.243744 0.249832 0.250161 0.250178
 0.275252 0.402683 0.41274 0.413283 0.413312
 0.646471 0.945764 0.969384 0.97066 0.970728
 0.117428 0.171793 0.176084 0.176315 0.176328
 0.47635 0.696883 0.714288 0.715228 0.715278
 0.7034 1.02905 1.05475 1.05614 1.05621
 0.143717 0.210253 0.215505 0.215788 0.215803
 0.542808 0.794109 0.813942 0.815013 0.81507
 0.507534 0.742505 0.761049 0.76205 0.762103
 0.904739 1.3236 1.35666 1.35844 1.35854
 0.691396 1.01149 1.03675 1.03811 1.03819
 0.517251 0.756719 0.775618 0.776639 0.776693
 0.35221 0.51527 0.528139 0.528834 0.52887
 0.314167 0.459615 0.471094 0.471714 0.471746
 0.438578 0.641624 0.657649 0.658514 0.65856
 0.40446 0.59171 0.606488 0.607287 0.607329
 0.320541 0.46894 0.480652 0.481284 0.481318
 0.404387 0.591603 0.606378 0.607176 0.607218
 0.24743 0.361981 0.371021 0.37151 0.371535
 0.220932 0.323216 0.331288 0.331724 0.331747
 0.218941 0.320303 0.328303 0.328735 0.328758
 0.17823 0.260744 0.267256 0.267607 0.267626
 0.21716 0.317697 0.325632 0.32606 0.326083
 0.175116 0.256189 0.262587 0.262933 0.262951
 0.169861 0.248501 0.254708 0.255043 0.25506
 0.276813 0.404967 0.415081 0.415628 0.415656
nmprior
 8 8 7 0
nm_flota  nm_reclas  nm_pelaces    nm_pelaL
inf 14.7406 15.4307 26.6725
cv_recla  cv_pelaces  cv_mph
0.314949 0.475531 0.886254
 ------------------------------------------------
Talla a la edad & desviación 
 8 13.2811 15.8009 17.003 17.5766
 0.8 1.32811 1.58009 1.7003 1.75766
