    unsorted:	 1.553687558e-05 8.449914829e-07 0.001099982324 11.23886970 15.92053451 16.53735174 5.791835999 54.41622402 72.54187089 98.00161446 119.3674969 166.7492219 219.4184810 350.2270801 340.9091643 358.8528245 371.3554772 285.0235805 400.2461298 709.1539741 716.9787446 698.9714753 727.2464846 742.5532607 671.9280924 788.7180173 798.2709524 827.4500300 846.4663153 541.8618603 913.1658580 938.1257303 987.0009107 1055.051407 1091.953476 1102.997112 1151.764325 1182.514654 1208.333705 1459.564376 1719.350658 2518.257928 15745.69181 32078.82429 249736.3894 251485.8604 238078.9475 233895.4299 262528.0153 225639.3141 276082.3142 280004.7258 158831.7334 308621.8227 474038.2507 549124.5351 569212.7275 745716.3031 1009866.990 1103490.631 1379081.649 1702169.919 1908433.229 2116606.910 2330804.075 2696427.117 2817346.757 3091440.247 3482138.709 3528742.460 4079788.004 4260247.854 4764906.191 6532283.283 29207113.35
      sorted:	 8.449914829e-07 1.553687558e-05 0.001099982324 5.791835999 11.23886970 15.92053451 16.53735174 54.41622402 72.54187089 98.00161446 119.3674969 166.7492219 219.4184810 285.0235805 340.9091643 350.2270801 358.8528245 371.3554772 400.2461298 541.8618603 671.9280924 698.9714753 709.1539741 716.9787446 727.2464846 742.5532607 788.7180173 798.2709524 827.4500300 846.4663153 913.1658580 938.1257303 987.0009107 1055.051407 1091.953476 1102.997112 1151.764325 1182.514654 1208.333705 1459.564376 1719.350658 2518.257928 15745.69181 32078.82429 158831.7334 225639.3141 233895.4299 238078.9475 249736.3894 251485.8604 262528.0153 276082.3142 280004.7258 308621.8227 474038.2507 549124.5351 569212.7275 745716.3031 1009866.990 1103490.631 1379081.649 1702169.919 1908433.229 2116606.910 2330804.075 2696427.117 2817346.757 3091440.247 3482138.709 3528742.460 4079788.004 4260247.854 4764906.191 6532283.283 29207113.35
