years
 1991 1992 1993 1994 1995 1996 1997 1998 1999 2000 2001 2002 2003 2004 2005 2006 2007 2008 2009 2010 2011 2012 2013 2014 2015 2016 2017 2018 2019 2020
reclasobs
 0 0 0 0 0 0 0 0 0 252601 567819 844713 477998 351125 339783 2.1784e+06 2.13404e+06 4.81314e+06 1.55562e+06 2.62356e+06 3.21686e+06 3.843e+06 1.13348e+06 3.07943e+06 1.97215e+06 2.03268e+06 2.025e+06 2.42433e+06 2.27542e+06 1.05018e+06
reclaspred
 3.44932e+06 1.47223e+06 783124 445970 156015 1.56086e+06 647497 308755 175977 207561 371725 612869 573821 400930 327789 1.70288e+06 1.22879e+06 3.82581e+06 3.08507e+06 2.01919e+06 3.77048e+06 3.20621e+06 2.02615e+06 3.48889e+06 2.38778e+06 1.77343e+06 2.57196e+06 3.24673e+06 2.36764e+06 1.00638e+06
pelacesobs
 0 0 0 0 0 0 0 0 0 0 0 0 0 0 0 552880 188675 0 991730 2.46772e+06 1.41603e+06 1.21717e+06 2.29649e+06 1.80582e+06 0 1.4828e+06 1.56532e+06 1.57751e+06 1.42118e+06 867257
pelacespred
 986253 434781 205762 81029.3 31550.3 422277 130685 88381.5 33961 43963.1 98904.9 134397 139355 94557.3 78165.1 394077 284513 1.08054e+06 858834 517382 983470 856896 546340 1.07007e+06 691049 511428 861761 1.06352e+06 642262 312885
mphobs
 0 0 0 0 0 0 0 0 0 0 0 498337 0 5186 125008 0 168611 109162 213762 579715 649985 157893 87575 83554 0 0 0 0 0 0
mphpred
 2.12609e+06 1.09586e+06 372417 250173 95164.3 39045 497063 156739 74710 27942.4 43450.2 143904 176698 129422 66831.7 75222 650248 425155 1.30823e+06 911590 847110 1.16155e+06 1.14117e+06 732687 1.17417e+06 859254 586528 806534 1.36343e+06 748754
desembarqueobs
 494567 514787 250237 358949 120608 361735 552515 73892 212993 205616 52469 317467 293654 387597 252695 516296 358380 742168 942051 627588 828172 859565 418607 520667 417249 300574 407403 355545 319650 289779
desembarquepred
 494529 514933 249539 358886 120571 361591 551969 73878.1 212826 205489 52464 317299 293466 387147 252497 516017 358300 741814 941103 626949 827879 859024 418444 520538 417083 300442 407259 355428 319536 289660
Reclutas
 54877.2 46894.7 145849 34337.5 16745.1 282920 30099.1 8253.5 22451.9 56254.1 62431.9 121278 89085.7 67341.7 49905.4 406683 28658.4 642055 326267 221064 387060 517066 41963.1 286486 193334 66446.2 245193 295255 31534.7 17237.3
log_desv_Rt
 -0.481486 -0.63868 0.495985 -0.950348 -1.66848 1.15858 -1.08209 -2.37595 -1.37521 -0.456707 -0.352509 0.3115 0.00301378 -0.276806 -0.576456 1.52145 -1.13114 1.97809 1.30113 0.911869 1.47199 1.76159 -0.749794 1.1711 0.777832 -0.290192 1.01546 1.20125 -1.0355 -1.63951
SSB
 2.12609e+06 1.09586e+06 372417 250173 95164.3 39045 497063 156739 74710 27942.4 43450.2 143904 176698 129422 66831.7 75222 650248 425155 1.30823e+06 911590 847110 1.16155e+06 1.14117e+06 732687 1.17417e+06 859254 586528 806534 1.36343e+06 748754
BT
 2.7179e+06 1.53696e+06 710100 460710 176202 1.29427e+06 784417 272447 279716 296132 271813 571195 585894 619398 431625 1.31726e+06 937906 3.16276e+06 2.87409e+06 1.76043e+06 2.95559e+06 2.7624e+06 1.62462e+06 2.96205e+06 1.98546e+06 1.45311e+06 2.4138e+06 2.8088e+06 1.74937e+06 1.02773e+06
Ftot
 0.225235 0.5364 0.545537 1.18939 1.16312 0.477085 1.21795 0.389144 1.86959 1.71901 0.282305 0.922254 0.886883 1.58774 1.36541 0.612747 0.46158 0.383341 0.523474 0.530741 0.399298 0.477386 0.329094 0.281961 0.297727 0.282036 0.300522 0.209267 0.213494 0.444549
BD_Bspro_t
 0.964735 0.738227 0.458697 0.388106 0.175485 0.108049 0.489747 0.204834 0.147081 0.0779113 0.141492 0.419007 0.338318 0.241669 0.138831 0.159275 0.490284 0.379895 0.584499 0.463898 0.403647 0.478096 0.500461 0.432949 0.580699 0.564281 0.534292 0.637293 0.728496 0.597825
BD_Bspro
 3.3628 1.7333 0.589045 0.395693 0.15052 0.0617567 0.786196 0.247912 0.118167 0.0441959 0.0687244 0.227611 0.279479 0.204705 0.105707 0.118977 1.02848 0.67246 2.0692 1.44185 1.33986 1.8372 1.80496 1.15888 1.85716 1.35907 0.927701 1.27568 2.15651 1.18429
BD_Bo
 1.29384 0.666887 0.226635 0.152243 0.0579124 0.0237609 0.302488 0.095384 0.0454649 0.0170044 0.0264417 0.0875732 0.10753 0.0787601 0.0406705 0.0457764 0.395709 0.258729 0.796124 0.554749 0.51551 0.706863 0.694459 0.445878 0.71454 0.5229 0.356932 0.490817 0.829718 0.455655
BD_Brms
 7.19368 3.70786 1.26008 0.846465 0.321991 0.13211 1.68182 0.530331 0.252783 0.0945436 0.147015 0.486903 0.59786 0.437903 0.226127 0.254515 2.20013 1.43852 4.42642 3.08439 2.86622 3.93013 3.86116 2.47906 3.97282 2.9073 1.98453 2.72893 4.6132 2.53342
Sel_flota
 0.722711 0.980206 0.998938 0.999944 0.999997
 0.722711 0.980206 0.998938 0.999944 0.999997
 0.722711 0.980206 0.998938 0.999944 0.999997
 0.722711 0.980206 0.998938 0.999944 0.999997
 0.722711 0.980206 0.998938 0.999944 0.999997
 0.722711 0.980206 0.998938 0.999944 0.999997
 0.722711 0.980206 0.998938 0.999944 0.999997
 0.722711 0.980206 0.998938 0.999944 0.999997
 0.722711 0.980206 0.998938 0.999944 0.999997
 0.722711 0.980206 0.998938 0.999944 0.999997
 0.722711 0.980206 0.998938 0.999944 0.999997
 0.722711 0.980206 0.998938 0.999944 0.999997
 0.722711 0.980206 0.998938 0.999944 0.999997
 0.722711 0.980206 0.998938 0.999944 0.999997
 0.722711 0.980206 0.998938 0.999944 0.999997
 0.722711 0.980206 0.998938 0.999944 0.999997
 0.722711 0.980206 0.998938 0.999944 0.999997
 0.722711 0.980206 0.998938 0.999944 0.999997
 0.722711 0.980206 0.998938 0.999944 0.999997
 0.722711 0.980206 0.998938 0.999944 0.999997
 0.722711 0.980206 0.998938 0.999944 0.999997
 0.722711 0.980206 0.998938 0.999944 0.999997
 0.722711 0.980206 0.998938 0.999944 0.999997
 0.722711 0.980206 0.998938 0.999944 0.999997
 0.722711 0.980206 0.998938 0.999944 0.999997
 0.722711 0.980206 0.998938 0.999944 0.999997
 0.722711 0.980206 0.998938 0.999944 0.999997
 0.722711 0.980206 0.998938 0.999944 0.999997
 0.722711 0.980206 0.998938 0.999944 0.999997
 0.722711 0.980206 0.998938 0.999944 0.999997
Sel_reclas
 1 1 1 1 1
 1 1 1 1 1
 1 1 1 1 1
 1 1 1 1 1
 1 1 1 1 1
 1 1 1 1 1
 1 1 1 1 1
 1 1 1 1 1
 1 1 1 1 1
 1 1 1 1 1
 1 1 1 1 1
 1 1 1 1 1
 1 1 1 1 1
 1 1 1 1 1
 1 1 1 1 1
 1 1 1 1 1
 1 1 1 1 1
 1 1 1 1 1
 1 1 1 1 1
 1 1 1 1 1
 1 1 1 1 1
 1 1 1 1 1
 1 1 1 1 1
 1 1 1 1 1
 1 1 1 1 1
 1 1 1 1 1
 1 1 1 1 1
 1 1 1 1 1
 1 1 1 1 1
 1 1 1 1 1
Sel_pelaces
 1 1 1 1 1
 1 1 1 1 1
 1 1 1 1 1
 1 1 1 1 1
 1 1 1 1 1
 1 1 1 1 1
 1 1 1 1 1
 1 1 1 1 1
 1 1 1 1 1
 1 1 1 1 1
 1 1 1 1 1
 1 1 1 1 1
 1 1 1 1 1
 1 1 1 1 1
 1 1 1 1 1
 1 1 1 1 1
 1 1 1 1 1
 1 1 1 1 1
 1 1 1 1 1
 1 1 1 1 1
 1 1 1 1 1
 1 1 1 1 1
 1 1 1 1 1
 1 1 1 1 1
 1 1 1 1 1
 1 1 1 1 1
 1 1 1 1 1
 1 1 1 1 1
 1 1 1 1 1
 1 1 1 1 1
pf_obs 
 0.8446 0.082 0.0669 0.0065 0
 0.8095 0.147 0.0364 0.0071 0
 0.9664 0.0169 0.016 0.0007 0
 0.9276 0.0648 0.0075 0.0001 0
 0.7033 0.2144 0.0806 0.0017 0
 0.9318 0.0425 0.0243 0.0014 0
 0.5671 0.3108 0.0964 0.0239 0.0018
 0.0768 0.2599 0.5324 0.112 0.0189
 0.490249 0.384438 0.106611 0.0170017 0.00170017
 0.7925 0.1577 0.0466 0.003 0.0002
 0.840416 0.127587 0.0312969 0.00059994 9.999e-05
 0.8084 0.0986 0.0794 0.0134 0.0002
 0.7335 0.1905 0.0724 0.0035 0.0001
 0.4001 0.4547 0.1325 0.0127 0
 0.49795 0.308269 0.164784 0.0264974 0.00249975
 0.9179 0.0499 0.0305 0.0017 0
 0.2467 0.6533 0.0926 0.0074 0
 0.9418 0.0223 0.034 0.0019 0
 0.707729 0.231977 0.0356964 0.0245975 0
 0.517169 0.277429 0.184464 0.0207286 0.00020938
 0.811772 0.124168 0.05621 0.00726502 0.000585176
 0.764997 0.148141 0.077277 0.00933861 0.000247198
 0.163321 0.427699 0.378323 0.0303852 0.000271297
 0.753843 0.0900009 0.118128 0.0371064 0.000921714
 0.721811 0.176058 0.0630433 0.0369309 0.00215725
 0.143369 0.312575 0.442814 0.0836902 0.0175525
 0.692698 0.0596174 0.167031 0.0765114 0.00414204
 0.394062 0.376323 0.152708 0.0712218 0.00568511
 0.125707 0.32114 0.495352 0.0537591 0.00404204
 0.23352 0.215282 0.420074 0.123614 0.00750983
pf_pred 
 0.227407 0.231918 0.480213 0.060461 8.44263e-07
 0.383124 0.180308 0.132963 0.269687 0.0339179
 0.822804 0.0848995 0.0274631 0.019764 0.0450695
 0.404302 0.52011 0.0367003 0.0115822 0.0273054
 0.5746 0.224503 0.176155 0.012024 0.0127172
 0.982703 0.0119403 0.00287052 0.00218002 0.000305637
 0.248674 0.742357 0.00623848 0.00146441 0.00126645
 0.326728 0.237036 0.431199 0.0035047 0.00153136
 0.775544 0.0927128 0.0470743 0.0836931 0.000976255
 0.950899 0.0426896 0.00271799 0.00132153 0.00237144
 0.885217 0.111611 0.00277193 0.000169458 0.000229728
 0.826329 0.158944 0.0143279 0.000348293 5.00986e-05
 0.73292 0.235419 0.0290477 0.00254243 7.05811e-05
 0.726562 0.221645 0.0458098 0.00548981 0.00049307
 0.812851 0.154559 0.0266114 0.0052897 0.000689403
 0.976167 0.0209905 0.00236156 0.000392408 8.79986e-05
 0.184698 0.802048 0.0117084 0.00128434 0.000260914
 0.941151 0.0144442 0.043699 0.000623165 8.21406e-05
 0.575566 0.406801 0.00440184 0.0130208 0.000209902
 0.580839 0.278055 0.135384 0.00142988 0.00429226
 0.782187 0.145896 0.0480963 0.0228565 0.00096475
 0.758281 0.202376 0.0265527 0.00855705 0.00423303
 0.162873 0.685758 0.127223 0.0163032 0.00784296
 0.793588 0.0444158 0.133228 0.0241841 0.00458458
 0.590911 0.345637 0.0138845 0.0407726 0.00879424
 0.3705 0.421352 0.176468 0.00693869 0.0247421
 0.808784 0.0864879 0.0705938 0.0289445 0.00519021
 0.724184 0.236286 0.0180932 0.0144552 0.0069816
 0.166353 0.653395 0.154878 0.0116205 0.0137529
 0.224507 0.167988 0.478264 0.111066 0.0181754
pobs_RECLAS
 0 0 0 0 0
 0 0 0 0 0
 0 0 0 0 0
 0 0 0 0 0
 0 0 0 0 0
 0 0 0 0 0
 0 0 0 0 0
 0 0 0 0 0
 0 0 0 0 0
 0 0 0 0 0
 0.991045 0.00858322 0.000360255 1.14367e-05 0
 0.934742 0.0480273 0.0164251 0.00080598 0
 0.827803 0.169806 0.00239088 0 0
 0.941827 0.0461693 0.0120037 0 0
 0.791401 0.0380133 0.147996 0.0225897 0
 0.846168 0.0940531 0.0597789 0 0
 0.134021 0.677848 0.182769 0.00536245 0
 0.80878 0.0450904 0.141981 0.00414843 0
 0.846168 0.0940531 0.0597789 0 0
 0.905697 0.0802665 0.012482 0.00150086 5.37128e-05
 0.989698 0.0102097 9.19794e-05 0 0
 0.975433 0.0193895 0.00387452 0.00125025 5.28907e-05
 0.303575 0.632131 0.0575291 0.00676475 0
 0.966965 0.00978017 0.0227588 0.000495775 0
 0.843318 0.132988 0.00938335 0.0141283 0.000182051
 0.564624 0.303363 0.111486 0.0197234 0.00080311
 0.826376 0.0876187 0.0782897 0.00655872 0.00115652
 0.89761 0.0855135 0.0140674 0.00269457 0.000114338
 0.34875 0.467042 0.161289 0.0227151 0.000203297
 0.318654 0.224769 0.449479 0.00709798 0
ppred_RECLAS
 0.289246 0.216273 0.439235 0.0552449 7.71384e-07
 0.464908 0.158728 0.114713 0.232421 0.0292294
 0.866185 0.0648149 0.0205471 0.0147709 0.0336816
 0.492076 0.444775 0.0306806 0.00967075 0.0227976
 0.659872 0.181426 0.139178 0.00948861 0.010035
 0.987442 0.00872364 0.0020557 0.00155955 0.000218635
 0.320647 0.671427 0.00551512 0.00129304 0.00111817
 0.402585 0.21303 0.379952 0.00308493 0.00134787
 0.839483 0.0673635 0.0333154 0.0591482 0.000689895
 0.966251 0.0294422 0.00182748 0.000887347 0.0015922
 0.913363 0.0842882 0.00205296 0.000125375 0.000169957
 0.869889 0.119294 0.0105246 0.000255547 3.67558e-05
 0.793895 0.182132 0.0219972 0.00192313 5.33854e-05
 0.795796 0.166298 0.0335322 0.00401319 0.000360422
 0.862521 0.114005 0.0191724 0.00380623 0.000496031
 0.982691 0.0152824 0.00168464 0.000279624 6.27027e-05
 0.237508 0.750339 0.0107373 0.00117656 0.000239006
 0.95699 0.0107148 0.0317829 0.00045276 5.96759e-05
 0.651562 0.33425 0.00354473 0.0104742 0.000168841
 0.657845 0.22851 0.109042 0.00115043 0.00345319
 0.832152 0.113172 0.0365781 0.0173645 0.000732898
 0.812337 0.157635 0.0202732 0.00652641 0.00322832
 0.210834 0.648764 0.118025 0.0151087 0.00726794
 0.842129 0.0344978 0.101482 0.0184024 0.00348835
 0.664502 0.284349 0.0112018 0.0328604 0.00708728
 0.447309 0.372334 0.15293 0.00600699 0.0214187
 0.85391 0.0667966 0.0534671 0.0218995 0.00392673
 0.782119 0.187182 0.0140589 0.0112206 0.00541904
 0.214591 0.618165 0.143723 0.0107725 0.0127485
 0.287745 0.156735 0.437436 0.101478 0.0166053
pobs_PELACES
 0 0 0 0 0
 0 0 0 0 0
 0 0 0 0 0
 0 0 0 0 0
 0 0 0 0 0
 0 0 0 0 0
 0 0 0 0 0
 0 0 0 0 0
 0 0 0 0 0
 0 0 0 0 0
 0 0 0 0 0
 0 0 0 0 0
 0 0 0 0 0
 0 0 0 0 0
 0 0 0 0 0
 0 0 0 0 0
 0.505614 0.472636 0.0217494 0 0
 0 0 0 0 0
 0.443492 0.261883 0.143347 0.151278 0
 0.227955 0.32914 0.350689 0.0885471 0.00366901
 0.970185 0.0296113 0.000203453 0 0
 0.997202 0.00247181 0.000326279 0 0
 0.445219 0.490057 0.0546422 0.010081 0
 0.90214 0.0892962 0.00764917 0.000914606 0
 0 0 0 0 0
 0.581667 0.319106 0.0959925 0.00289975 0.000334073
 0.762889 0.0836404 0.116647 0.0363945 0.000428098
 0.88444 0.0763242 0.0277011 0.0115352 0
 0.521256 0.241999 0.230069 0.00667565 0
 0.616807 0.101726 0.260614 0.0208532 0
ppred_PELACES
 0.293399 0.215219 0.436487 0.054895 7.66497e-07
 0.476867 0.155557 0.112049 0.226982 0.0285452
 0.87167 0.0622707 0.0196741 0.0141408 0.0322444
 0.517569 0.422848 0.0289543 0.00912303 0.0215059
 0.682423 0.169969 0.129455 0.00882233 0.00933013
 0.987946 0.00838134 0.00196922 0.0014937 0.000209403
 0.343617 0.648783 0.00528914 0.00123955 0.0010719
 0.410937 0.210377 0.374319 0.0030388 0.00132771
 0.860587 0.0589132 0.0288014 0.0511024 0.00059603
 0.970743 0.0255592 0.00156969 0.000761741 0.00136678
 0.915247 0.08246 0.00200493 0.00012243 0.000165964
 0.878555 0.111401 0.00977241 0.00023721 3.41178e-05
 0.806053 0.171497 0.0205995 0.00180041 4.99779e-05
 0.817121 0.149204 0.0297915 0.00356361 0.000320036
 0.875867 0.103087 0.0171906 0.00341124 0.000444545
 0.983562 0.0145199 0.00159453 0.000264614 5.93363e-05
 0.244693 0.743303 0.0106063 0.00116203 0.000236052
 0.958382 0.0103864 0.0307361 0.000437793 5.77028e-05
 0.661622 0.324644 0.00343174 0.0101385 0.000163429
 0.668164 0.22186 0.105522 0.00111309 0.00334109
 0.83695 0.110027 0.035474 0.0168381 0.000710676
 0.818514 0.15252 0.0195575 0.00629501 0.00311383
 0.215586 0.645093 0.117118 0.014991 0.00721129
 0.845468 0.0338146 0.0992991 0.0180049 0.00341298
 0.670183 0.279616 0.0109951 0.0322508 0.00695576
 0.453384 0.368454 0.151073 0.00593347 0.0211564
 0.857193 0.0653627 0.0522223 0.0213875 0.0038349
 0.785166 0.184599 0.013847 0.0110507 0.00533696
 0.217712 0.615883 0.143003 0.0107178 0.0126837
 0.296 0.155255 0.432115 0.100229 0.0164008
pobs_pel_tallas
 0 0 0 0 0 0 0 0 0 0 0 0 0 0 0 0 0 0 0 0 0 0 0 0 0 0
 0 0 0 0 0 0 0 0 0 0 0 0 0 0 0 0 0 0 0 0 0 0 0 0 0 0
 0 0 0 0 0 0 0 0 0 0 0 0 0 0 0 0 0 0 0 0 0 0 0 0 0 0
 0 0 0 0 0 0 0 0 0 0 0 0 0 0 0 0 0 0 0 0 0 0 0 0 0 0
 0 0 0 0 0 0 0 0 0 0 0 0 0 0 0 0 0 0 0 0 0 0 0 0 0 0
 0 0 0 0 0 0 0 0 0 0 0 0 0 0 0 0 0 0 0 0 0 0 0 0 0 0
 0 0 0 0 0 0 0 0 0 0 0 0 0 0 0 0 0 0 0 0 0 0 0 0 0 0
 0 0 0 0 0 0 0 0 0 0 0 0 0 0 0 0 0 0 0 0 0 0 0 0 0 0
 0 0 0 0 0 0 0 0 0 0 0 0 0 0 0 0 0 0 0 0 0 0 0 0 0 0
 0 0 0 0 0 0 0 0 0 0 0 0 0 0 0 0 0 0 0 0 0 0 0 0 0 0
 0 0 0 0 0 0 0 0 0 0 0 0 0 0 0 0 0 0 0 0 0 0 0 0 0 0
 0 0 0 0 0 0 0 0 0 0 0 0 0 0 0 0 0 0 0 0 0 0 0 0 0 0
 0.00862536 0 0 0.000197151 0.00414017 0.0128641 0.00837892 0.0270097 0.101434 0.158115 0.152841 0.127902 0.109271 0.109419 0.0830992 0.0579132 0.0238553 0.00714673 0.00463305 0.00128148 0.00103504 0.000492878 0.000147863 0.000147863 4.92878e-05 0
 0 0 0 0 0 0 0 0 0 0 0 0 0 0 0 0 0 0 0 0 0 0 0 0 0 0
 0 0 0 0 0 0 0 0.0054083 0.00873648 0.0413646 0.0450493 0.0745869 0.0622846 0.0627006 0.0613931 0.0827291 0.12552 0.122667 0.0946155 0.0697135 0.0546179 0.0294188 0.0215738 0.0213955 0.0102223 0.00600262
 0 0 0 0 0.00359764 0.0251062 0.0480494 0.140153 0.205849 0.193036 0.1447 0.116669 0.0760912 0.0342217 0.00950174 0.001854 0.000860785 0 0 0 0.000165536 0 0.000143464 0 0 0
 0 0 0 0 0 0 0 0.000145254 0.000435761 0.0275982 0.070085 0.0708112 0.156366 0.174668 0.174014 0.160142 0.0824315 0.0480064 0.0283245 0.00493863 0.00203355 0 0 0 0 0
 0 0 0 0 0 0 0 0 0 0 0 0 0 0 0 0 0 0 0 0 0 0 0 0 0 0
 0 0 1.00437e-05 0.000401748 0.00122533 0.00171747 0.00176769 0.0269171 0.070346 0.194647 0.189555 0.159765 0.064822 0.0314167 0.0384472 0.0292271 0.0345202 0.0313363 0.0194345 0.0106764 0.0143323 0.0359363 0.0279516 0.0138201 0.00172751 0
 0 0.0021121 0.0136068 0.0755702 0.200478 0.177729 0.0527432 0.0373336 0.0318909 0.0142505 0.0149659 0.0166563 0.0217959 0.0798694 0.0677717 0.0528807 0.04013 0.0224614 0.0357745 0.0225083 0.00881397 0.00855152 0.00135912 0.000746735 0 0
 0 0 0 0 5.4009e-05 0.00500934 0.000945158 0.0243581 0.138947 0.33067 0.221406 0.137944 0.0707744 0.0437923 0.0131692 0.00525238 0.0047753 0.00276346 9.45158e-05 9.00151e-06 2.25038e-05 9.00151e-06 4.50075e-06 0 0 0
 0.000866109 0.00284123 0.00948549 0.0512746 0.133035 0.25785 0.225252 0.132002 0.0553304 0.0519788 0.0540692 0.017754 0.00435017 0.00159236 0.00146478 0.000404838 0.000125132 0.000115318 0.000107957 0.000100596 0 0 0 0 0 0
 0 0 0 0 0.00144013 0.00171154 0.00461396 0.0210425 0.0478622 0.0707936 0.0888783 0.103762 0.0637923 0.0337046 0.0602308 0.124433 0.169614 0.0934646 0.0462172 0.0250306 0.0313229 0.00938855 0.002487 0.000210481 0 0
 0 0.00764035 0.051015 0.0998891 0.058973 0.0496711 0.0374665 0.0718981 0.12319 0.153886 0.159021 0.0857701 0.0377988 0.023471 0.0147837 0.00900784 0.00315554 0.000888139 0.00291439 0.00214683 0.00393193 0.00274676 0.000635225 9.99891e-05 0 0
 0 0 0 0 0 0 0 0 0 0 0 0 0 0 0 0 0 0 0 0 0 0 0 0 0 0
 0 0 0 0 0 0 0 0 0 0 0 0 0 0 0 0 0 0 0 0 0 0 0 0 0 0
 0 0 0 0 0 0 0 0 0 0 0 0 0 0 0 0 0 0 0 0 0 0 0 0 0 0
 0 0 0 0 0 0 0 0 0 0 0 0 0 0 0 0 0 0 0 0 0 0 0 0 0 0
 0 0 0 0 0 0 0 0 0 0 0 0 0 0 0 0 0 0 0 0 0 0 0 0 0 0
 0 0 0 0 0 0 0 0 0 0 0 0 0 0 0 0 0 0 0 0 0 0 0 0 0 0
ppred_pel_tallas
 1.18157e-16 2.41669e-05 0.000234911 0.00156107 0.00709639 0.0220796 0.0470438 0.0686662 0.0686876 0.0471486 0.0224334 0.00812639 0.00417749 0.00604912 0.0113667 0.0195362 0.0299633 0.0414778 0.0527715 0.0630495 0.0721203 0.0797628 0.0850318 0.0863288 0.0823189 0.0729437
 1.30868e-16 3.92789e-05 0.000381805 0.00253723 0.0115339 0.0358863 0.0764601 0.111599 0.111614 0.0765345 0.036137 0.0122611 0.00437485 0.0044346 0.00786171 0.0132766 0.0199602 0.0269593 0.033425 0.0392289 0.0450888 0.0519338 0.0599435 0.0680312 0.0741711 0.0763263
 1.07459e-16 7.17983e-05 0.000697905 0.00463783 0.0210829 0.0655967 0.139761 0.203986 0.203992 0.13979 0.0656958 0.0213694 0.00535847 0.0022763 0.00308554 0.00503174 0.00735203 0.00949521 0.0109732 0.0116177 0.0117012 0.0117554 0.0122134 0.0131465 0.0142537 0.015057
 1.05499e-16 4.26315e-05 0.000414394 0.00275379 0.0125184 0.0389495 0.0829876 0.121131 0.121172 0.0831865 0.0396172 0.0144464 0.00759118 0.0109674 0.0200644 0.0330509 0.0474879 0.0594758 0.0650808 0.06252 0.0532569 0.0410582 0.0297875 0.0216257 0.0167368 0.0140764
 1.06243e-16 5.62104e-05 0.000546385 0.00363092 0.0165056 0.0513553 0.109418 0.159703 0.159719 0.109499 0.0516275 0.017294 0.00561785 0.00491016 0.00842077 0.0140328 0.0206757 0.0269713 0.0315195 0.0336247 0.0336084 0.0323936 0.0307425 0.0288125 0.0263161 0.0229981
 1.00245e-16 8.13758e-05 0.000791002 0.00525649 0.0238952 0.0743469 0.158404 0.231195 0.231196 0.158408 0.0743602 0.0239336 0.00535298 0.00100194 0.000482868 0.000671862 0.000965677 0.00122668 0.00137617 0.00138093 0.00126831 0.00110563 0.000956917 0.000850676 0.00077799 0.000712859
 1.00625e-16 2.83034e-05 0.000275119 0.00182827 0.00831107 0.0258592 0.055098 0.0804302 0.0804926 0.0554028 0.0268821 0.0112639 0.00923348 0.0164178 0.0306187 0.0503968 0.0721799 0.089893 0.097368 0.0917669 0.0753269 0.0539647 0.0339002 0.0188772 0.00955296 0.00463196
 1.11386e-16 3.38484e-05 0.000329019 0.00218645 0.00993927 0.0309249 0.0658895 0.096172 0.0961928 0.0659914 0.0312686 0.0109388 0.00472073 0.00594483 0.0109429 0.0186695 0.0283554 0.0386882 0.04822 0.0560655 0.0620811 0.0663129 0.0683118 0.0670963 0.0618723 0.0528518
 1.06073e-16 7.08854e-05 0.000689032 0.00457886 0.0208148 0.0647627 0.137984 0.201393 0.201398 0.138012 0.0648569 0.0210876 0.00526615 0.00219837 0.00296455 0.00486255 0.00717791 0.00942339 0.0111721 0.0122772 0.0129601 0.01362 0.0145045 0.0155053 0.0162199 0.0162003
 1.0036e-16 7.99588e-05 0.000777228 0.00516495 0.0234791 0.0730523 0.155646 0.22717 0.227172 0.155658 0.0730926 0.0235957 0.00545731 0.001415 0.00128991 0.00200261 0.00286952 0.00359312 0.00393119 0.0037763 0.00321783 0.00248453 0.00181056 0.00132746 0.00104358 0.000893345
 1.0012e-16 7.53877e-05 0.000732795 0.00486968 0.0221369 0.0688761 0.146748 0.214185 0.214193 0.146787 0.0690061 0.0225123 0.00581135 0.00278588 0.00396693 0.00641872 0.00919185 0.0114592 0.0124344 0.0117567 0.00970721 0.00703133 0.00451091 0.00261408 0.00142095 0.00076922
 1.00341e-16 7.23654e-05 0.000703418 0.00467446 0.0212494 0.0661149 0.140865 0.205599 0.20561 0.140918 0.0662908 0.0217574 0.00594915 0.00348428 0.00534841 0.00871333 0.0125111 0.0156607 0.0171115 0.0163766 0.0138187 0.0104091 0.00715718 0.00465425 0.00299066 0.0019608
 1.00828e-16 6.63935e-05 0.000645369 0.0042887 0.0194958 0.0606589 0.129241 0.188634 0.188651 0.129321 0.0609299 0.0202786 0.00625314 0.00493246 0.00820448 0.0134481 0.0193406 0.0242656 0.0266194 0.0256558 0.0219228 0.0168874 0.0120634 0.00832064 0.00577285 0.00410273
 1.0131e-16 6.73052e-05 0.000654231 0.00434759 0.0197635 0.0614918 0.131015 0.191224 0.191238 0.131086 0.061728 0.0204459 0.0060611 0.00439676 0.00718067 0.011779 0.0169943 0.0214369 0.023733 0.0232387 0.020407 0.0164552 0.0126167 0.00956722 0.00735742 0.00571518
 1.0094e-16 7.2144e-05 0.000701266 0.00466016 0.0211844 0.0659126 0.140434 0.20497 0.20498 0.140483 0.0660757 0.0216555 0.00584293 0.00328387 0.00497873 0.00812114 0.011702 0.0147361 0.0162696 0.0158601 0.0138305 0.0110395 0.0083592 0.00627028 0.00480818 0.00376986
 1.00087e-16 8.10147e-05 0.000787491 0.00523316 0.0237892 0.074017 0.157701 0.23017 0.230171 0.157708 0.0740399 0.0238554 0.00539944 0.00115035 0.000769752 0.00114326 0.00163648 0.00205223 0.00225027 0.00216752 0.00185106 0.00142596 0.00102107 0.000710132 0.000501961 0.000368116
 1.00653e-16 2.01552e-05 0.000195915 0.00130193 0.00591843 0.0184148 0.0392374 0.0572831 0.0573545 0.0395866 0.019587 0.009302 0.00978755 0.0186948 0.0350785 0.0577647 0.0827514 0.103096 0.111735 0.105417 0.0866906 0.0623093 0.0393704 0.0221407 0.0113699 0.00559223
 1.00944e-16 7.89407e-05 0.000767331 0.00509919 0.0231802 0.0721221 0.153664 0.224277 0.224278 0.153669 0.0721395 0.0232309 0.0052287 0.00105718 0.000650218 0.00100402 0.00156384 0.00222565 0.00293179 0.00363983 0.00431429 0.00489582 0.0052806 0.00534699 0.0050214 0.00433395
 1.01227e-16 5.4497e-05 0.00052973 0.00352024 0.0160025 0.04979 0.106084 0.154839 0.15487 0.106237 0.050302 0.0174805 0.00722689 0.00861082 0.0153711 0.0252448 0.0361735 0.0450987 0.0489497 0.0463258 0.038359 0.0280062 0.0183502 0.0112085 0.0068385 0.00452646
 1.03779e-16 5.50359e-05 0.000534968 0.00355505 0.0161608 0.0502823 0.107132 0.156367 0.156389 0.107238 0.0506354 0.0171823 0.00612454 0.00616176 0.0107926 0.0178879 0.0260692 0.0334142 0.0379695 0.0387803 0.0363763 0.0322645 0.0278856 0.0239007 0.0202369 0.0166038
 1.02861e-16 6.89385e-05 0.000670107 0.00445309 0.0202431 0.0629839 0.134194 0.195863 0.195873 0.134246 0.0631587 0.0207483 0.00572284 0.00344787 0.00536187 0.00880131 0.0127812 0.0163051 0.0184056 0.0186402 0.0173354 0.015323 0.0133871 0.011867 0.0106546 0.00946392
 1.01762e-16 6.74199e-05 0.000655346 0.004355 0.0197972 0.0615966 0.131239 0.19155 0.191564 0.13131 0.0618377 0.0204937 0.00610311 0.00447116 0.00731348 0.0119819 0.0172494 0.0216833 0.0238728 0.0231711 0.020078 0.015898 0.011957 0.00898614 0.00702793 0.00574069
 1.06269e-16 1.77577e-05 0.000172611 0.00114706 0.00521443 0.0162244 0.03457 0.050469 0.0505312 0.034874 0.0172452 0.00816359 0.00855163 0.0163427 0.0307444 0.0508419 0.0733367 0.0924236 0.10217 0.0998058 0.08733 0.0700752 0.0534526 0.0404357 0.0312402 0.0246204
 1.05258e-16 6.96401e-05 0.000676927 0.00449842 0.0204492 0.0636249 0.13556 0.197854 0.197858 0.135576 0.0636816 0.0206148 0.0049215 0.00162505 0.00194227 0.00328896 0.005171 0.00742337 0.00990485 0.0125202 0.0151909 0.0177347 0.0197762 0.0208225 0.0204902 0.0187251
 1.04801e-16 5.52021e-05 0.000536584 0.00356579 0.0162096 0.0504342 0.107456 0.156841 0.156868 0.107588 0.0508756 0.0174842 0.00676374 0.00751286 0.0132907 0.021851 0.0313981 0.0393441 0.0431106 0.041557 0.0356951 0.0280451 0.0211489 0.0163742 0.0137004 0.012293
 1.0863e-16 3.73447e-05 0.000363004 0.00241229 0.0109659 0.0341193 0.0726961 0.10611 0.106145 0.0728704 0.0347052 0.0126601 0.00667218 0.00968683 0.0178165 0.0295816 0.0430435 0.0550312 0.062302 0.0633128 0.0590457 0.0521543 0.0451793 0.0392893 0.0342957 0.0295046
 1.04318e-16 7.06058e-05 0.000686314 0.0045608 0.0207327 0.0645072 0.13744 0.200599 0.200605 0.137471 0.0646121 0.0210367 0.00532744 0.00237208 0.00330817 0.00545222 0.00807132 0.0106247 0.0126084 0.0137938 0.0143287 0.0145575 0.0147113 0.0147364 0.0143785 0.0134088
 1.02459e-16 6.46731e-05 0.000628646 0.00417757 0.0189907 0.0590871 0.125892 0.183747 0.183764 0.125979 0.0593786 0.0198326 0.00629026 0.00523825 0.00881228 0.0144488 0.0207689 0.0260406 0.028552 0.0275303 0.0236132 0.018432 0.0136476 0.0101784 0.00806592 0.0068399
 1.07506e-16 1.79328e-05 0.000174313 0.00115838 0.00526584 0.0163843 0.0349107 0.0509656 0.0510251 0.0352012 0.01736 0.00808496 0.00823875 0.015644 0.0294359 0.0487341 0.07043 0.0890381 0.0989434 0.0975089 0.0865783 0.0710964 0.0560323 0.0440446 0.0352468 0.0284801
 1.25337e-16 2.43812e-05 0.000236994 0.00157491 0.00715931 0.0222754 0.0474606 0.0692734 0.069289 0.0475373 0.0225349 0.00791749 0.00351065 0.00457096 0.00857357 0.0149688 0.023513 0.0336655 0.0447948 0.0565014 0.0685119 0.0801113 0.0896883 0.0950198 0.094271 0.0870153
pSPR Fmed_Fpbrs
0.416898   0.229857 0.229857
Fs Fmed_Fpbrs
0.538985   1.005 1.005
SSBpbr Bo_Bmed_Bpbrs
1.64325e+06  602905  295550 295550
Ro
88817.6
SPR SPRFo_SPRFmed_SPRFpbrs
632239 263579 145325
Fref
1.005
log_Ro
11.2143
likeval ReclasPelacesDesembMPH_pf_preclas_ppelaces_ptallas_desvR_qrecl_qpela
 10.7819 48.0635 0.085481 0.00173999 246.32 104.307 82.8229 0 55.0277 1.17733e-05 0 0.169083 0 0 0
q_reclas_q_pelaces
1.62615 1
M
1
N
 54877.2 42239.7 85967.1 10813.7 0.150993
 46894.7 17155.5 12460.7 25253.6 3175.96
 145849 11707.7 3730.48 2682.51 6116.9
 34337.5 36172.7 2523.14 795.789 1876.03
 16745.1 5347.64 4147.32 282.912 299.212
 282920 2657.82 629.112 477.387 66.9264
 30099.1 73726.9 612.543 143.7 124.271
 8253.5 4591.78 8219.61 66.7503 29.1649
 22451.9 2291.94 1153.53 2049.9 23.9109
 56254.1 2138.71 134.905 65.5606 117.643
 62431.9 5974.68 145.907 8.91185 12.0809
 121278 18728.6 1666.65 40.4864 5.82337
 89085.7 22909.7 2790.03 244.031 6.77436
 67341.7 17264.3 3533.3 423.209 38.0097
 49905.4 7864.04 1339.54 266.116 34.6817
 406683 6843.74 758.753 125.98 28.2502
 28658.4 96081.5 1380.87 151.348 30.745
 642055 7552.34 22482.9 320.34 42.2227
 326267 179044 1908.09 5639.63 90.9104
 221064 82219.7 39429.6 416.107 1249.03
 387060 55416.7 17978.2 8536.41 360.297
 517066 106698 13783.7 4438.36 2195.49
 41963.1 134715 24583.3 3147.5 1514.1
 286486 12169.7 35894.3 6509.88 1234.02
 193334 85962.7 3395.91 9963.4 2148.9
 66446.2 57354.2 23619.6 927.893 3308.54
 245193 19936.7 16003.3 6555.74 1175.5
 295255 72592 5462.95 4360.51 2105.94
 31534.7 93372.6 21752.5 1630.59 1929.71
 17237.3 9942.24 27863.8 6465.38 1057.97
pred_Ctot
 5280.74 5385.51 11151.3 1404 0.0196051
 9829.97 4626.24 3411.49 6919.46 870.246
 31013.8 3200.1 1035.16 744.959 1698.79
 13400.4 17238.8 1216.42 383.887 905.024
 6433.66 2513.71 1972.37 134.63 142.391
 53635.3 651.696 156.671 118.984 16.6815
 11941.2 35647.7 299.569 70.3204 60.8144
 1308.59 949.364 1727.01 14.0368 6.13331
 11673.6 1395.53 708.569 1259.76 14.6947
 27856.7 1250.6 79.6239 38.7145 69.4718
 7405.62 933.727 23.1896 1.41766 1.92187
 39342.2 7567.47 682.162 16.5825 2.38523
 28053.5 9010.98 1111.84 97.3148 2.70158
 31781.1 9695.16 2003.8 240.134 21.5678
 21387.7 4066.74 700.199 139.182 18.1395
 95330.5 2049.89 230.625 38.3218 8.59376
 5279.55 22926.4 334.683 36.7126 7.45818
 100446 1541.59 4663.88 66.5087 8.76664
 66985.8 47344.6 512.297 1515.39 24.429
 45923 21983.9 10703.9 113.051 339.36
 62787.1 11711.2 3860.74 1834.72 77.4416
 98077.7 26175.8 3434.39 1106.79 547.509
 5724.53 24102.5 4471.53 573.011 275.658
 33944.7 1899.83 5698.65 1034.45 196.1
 24077.9 14083.7 565.755 1661.37 358.34
 7874.92 8955.77 3750.79 147.481 525.891
 30798.2 3293.42 2688.18 1102.19 197.641
 26521.4 8653.4 662.617 529.387 255.684
 2886.26 11336.5 2687.17 201.619 238.615
 3073.16 2299.5 6546.7 1520.33 248.793
F
 0.16278 0.220777 0.224996 0.225223 0.225235
 0.387662 0.525782 0.53583 0.53637 0.536398
 0.394265 0.534738 0.544957 0.545506 0.545535
 0.859582 1.16584 1.18812 1.18932 1.18938
 0.840602 1.1401 1.16189 1.16306 1.16312
 0.344795 0.467642 0.476579 0.477059 0.477084
 0.880228 1.19384 1.21666 1.21788 1.21795
 0.281239 0.381441 0.388731 0.389122 0.389143
 1.35117 1.83259 1.86761 1.86949 1.86959
 1.24235 1.68499 1.71719 1.71891 1.71901
 0.204025 0.276717 0.282005 0.282289 0.282304
 0.666523 0.903999 0.921275 0.922203 0.922252
 0.64096 0.869328 0.885942 0.886834 0.886881
 1.14748 1.55631 1.58606 1.58765 1.58774
 0.986794 1.33838 1.36396 1.36533 1.3654
 0.442839 0.600618 0.612096 0.612712 0.612745
 0.333589 0.452444 0.46109 0.461555 0.461579
 0.277044 0.375753 0.382934 0.383319 0.383339
 0.37832 0.513112 0.522918 0.523444 0.523472
 0.383572 0.520235 0.530177 0.530711 0.530739
 0.288577 0.391395 0.398874 0.399276 0.399297
 0.345012 0.467936 0.476879 0.477359 0.477384
 0.237839 0.32258 0.328744 0.329075 0.329093
 0.203776 0.27638 0.281661 0.281945 0.28196
 0.215171 0.291834 0.297411 0.297711 0.297727
 0.203831 0.276454 0.281737 0.282021 0.282036
 0.21719 0.294573 0.300203 0.300505 0.300521
 0.151239 0.205125 0.209045 0.209255 0.209266
 0.154295 0.209269 0.213268 0.213483 0.213494
 0.32128 0.435749 0.444077 0.444524 0.444547
nmprior
 8 8 7 0
nm_flota  nm_reclas  nm_pelaces    nm_pelaL
inf 13.2373 7.14295 10.5841
cv_recla  cv_pelaces  cv_mph
0.304001 0.815779 1.2873
 ------------------------------------------------
Talla a la edad & desviación 
 8 13.2811 15.8009 17.003 17.5766
 0.8 1.32811 1.58009 1.7003 1.75766
