years
 1991 1992 1993 1994 1995 1996 1997 1998 1999 2000 2001 2002 2003 2004 2005 2006 2007 2008 2009 2010 2011 2012 2013 2014 2015 2016 2017 2018 2019 2020
reclasobs
 0 0 0 0 0 0 0 0 0 252601 567819 844713 477998 351125 339783 2.1784e+06 2.13404e+06 4.81314e+06 1.55562e+06 2.62356e+06 3.21686e+06 3.843e+06 1.13348e+06 3.07943e+06 1.97215e+06 2.03268e+06 2.025e+06 2.42433e+06 2.27542e+06 1.05018e+06
reclaspred
 2.99635e+06 1.65092e+06 827691 733969 678112 1.1941e+06 670341 569353 425251 316620 449879 613094 600923 447424 441719 1.35584e+06 1.25676e+06 2.97964e+06 2.45935e+06 1.85665e+06 3.2862e+06 2.63449e+06 2.01662e+06 3.12521e+06 2.3095e+06 2.00707e+06 2.46822e+06 2.68037e+06 2.13862e+06 1.26118e+06
pelacesobs
 0 0 0 0 0 0 0 0 0 0 0 0 0 0 0 552880 188675 0 991730 2.46772e+06 1.41603e+06 1.21717e+06 2.29649e+06 1.80582e+06 0 1.4828e+06 1.56532e+06 1.57751e+06 1.42118e+06 867257
pelacespred
 1.35313e+06 821653 407441 292478 289887 525706 253528 289020 197376 138219 210726 241332 261893 201519 205727 536336 500018 1.38014e+06 1.16505e+06 812546 1.41108e+06 1.21801e+06 933268 1.58914e+06 1.12772e+06 978565 1.37507e+06 1.47091e+06 966883 649681
mphobs
 0 0 0 0 0 0 0 0 0 0 0 498337 0 5186 125008 0 168611 109162 213762 579715 649985 157893 87575 83554 0 0 0 0 0 0
mphpred
 2.58661e+06 1.71344e+06 833799 449988 415829 452968 646498 344716 309263 209165 144028 306208 336190 276807 173642 220299 890716 801667 1.69087e+06 1.26888e+06 1.38348e+06 1.71104e+06 1.59798e+06 1.26865e+06 1.78391e+06 1.4451e+06 1.16859e+06 1.30229e+06 1.86078e+06 1.20921e+06
desembarqueobs
 494567 514787 250237 358949 120608 361735 552515 73892 212993 205616 52469 317467 293654 387597 252695 516296 358380 742168 942051 627588 828172 859565 418607 520667 417249 300574 407403 355545 319650 289779
desembarquepred
 494568 513953 250521 358982 120613 361726 552472 73895.8 213027 205643 52471.1 317507 293678 387571 252668 516221 358396 742041 941757 627395 828191 859497 418595 520673 417231 300562 407386 355517 319631 289778
Reclutas
 176953 100723 100056 130095 105185 218721 82723.4 34350.2 37690.6 53820.2 102268 138136 113228 78194 74992.2 458368 82630.7 696440 398730 318564 454880 596588 113519 363477 296902 131018 315365 352270 86612.8 63929.1
log_desv_Rt
 0.15522 -0.408289 -0.414933 -0.1524 -0.364946 0.367134 -0.605162 -1.48406 -1.39126 -1.03502 -0.393069 -0.0924229 -0.291259 -0.661472 -0.70328 1.10701 -0.606283 1.52532 0.967619 0.743157 1.09937 1.37056 -0.28869 0.875051 0.672736 -0.14533 0.733065 0.843733 -0.559217 -0.86289
SSB
 2.58661e+06 1.71344e+06 833799 449988 415829 452968 646498 344716 309263 209165 144028 306208 336190 276807 173642 220299 890716 801667 1.69087e+06 1.26888e+06 1.38348e+06 1.71104e+06 1.59798e+06 1.26865e+06 1.78391e+06 1.4451e+06 1.16859e+06 1.30229e+06 1.86078e+06 1.20921e+06
BT
 3.54081e+06 2.40248e+06 1.18637e+06 975934 765743 1.52332e+06 1.07499e+06 732901 665806 515335 530677 820555 869947 867279 728049 1.65302e+06 1.433e+06 3.84047e+06 3.59016e+06 2.43633e+06 3.92468e+06 3.61421e+06 2.51765e+06 4.15099e+06 2.98855e+06 2.52425e+06 3.58838e+06 3.74933e+06 2.49513e+06 1.78501e+06
Ftot
 0.164019 0.302264 0.298122 0.506475 0.18676 0.336315 0.782823 0.136262 0.520381 0.667974 0.136118 0.549014 0.514237 0.891816 0.636097 0.452126 0.286056 0.28758 0.39843 0.355542 0.272052 0.347525 0.207964 0.18686 0.187609 0.15398 0.184154 0.149543 0.146099 0.22804
BD_Bspro_t
 0.974098 0.816451 0.633768 0.532011 0.486889 0.561569 0.565447 0.364803 0.419255 0.374044 0.352545 0.619517 0.506711 0.412878 0.29721 0.352614 0.574477 0.535831 0.649102 0.551406 0.526872 0.576346 0.589271 0.573743 0.682536 0.687817 0.692269 0.738214 0.788499 0.710994
BD_Bspro
 2.39829 1.5887 0.773094 0.417226 0.385554 0.41999 0.599429 0.319619 0.286747 0.193937 0.133542 0.283915 0.311714 0.256654 0.161 0.20426 0.825868 0.743302 1.56776 1.1765 1.28276 1.58647 1.48164 1.17629 1.65403 1.33989 1.08351 1.20747 1.72531 1.12117
BD_Bo
 1.45051 0.960862 0.467576 0.252343 0.233188 0.254015 0.362542 0.193309 0.173428 0.117295 0.0807675 0.171715 0.188528 0.155227 0.0973745 0.123539 0.499494 0.449557 0.948202 0.711562 0.775828 0.959515 0.896115 0.711432 1.00038 0.810382 0.655322 0.730294 1.04349 0.678099
BD_Brms
 8.3984 5.56334 2.70724 1.46105 1.35015 1.47073 2.0991 1.11925 1.00414 0.679133 0.46764 0.99422 1.09157 0.898757 0.563793 0.715284 2.89205 2.60292 5.49004 4.11991 4.492 5.55554 5.18846 4.11916 5.79213 4.69207 3.79428 4.22836 6.04174 3.92616
Sel_flota
 0.746783 1 1 1 1
 0.746783 1 1 1 1
 0.746783 1 1 1 1
 0.746783 1 1 1 1
 0.746783 1 1 1 1
 0.746783 1 1 1 1
 0.746783 1 1 1 1
 0.746783 1 1 1 1
 0.746783 1 1 1 1
 0.746783 1 1 1 1
 0.746783 1 1 1 1
 0.746783 1 1 1 1
 0.746783 1 1 1 1
 0.746783 1 1 1 1
 0.746783 1 1 1 1
 0.746783 1 1 1 1
 0.746783 1 1 1 1
 0.746783 1 1 1 1
 0.746783 1 1 1 1
 0.746783 1 1 1 1
 0.746783 1 1 1 1
 0.746783 1 1 1 1
 0.746783 1 1 1 1
 0.746783 1 1 1 1
 0.746783 1 1 1 1
 0.746783 1 1 1 1
 0.746783 1 1 1 1
 0.746783 1 1 1 1
 0.746783 1 1 1 1
 0.746783 1 1 1 1
Sel_reclas
 1 1 1 1 1
 1 1 1 1 1
 1 1 1 1 1
 1 1 1 1 1
 1 1 1 1 1
 1 1 1 1 1
 1 1 1 1 1
 1 1 1 1 1
 1 1 1 1 1
 1 1 1 1 1
 1 1 1 1 1
 1 1 1 1 1
 1 1 1 1 1
 1 1 1 1 1
 1 1 1 1 1
 1 1 1 1 1
 1 1 1 1 1
 1 1 1 1 1
 1 1 1 1 1
 1 1 1 1 1
 1 1 1 1 1
 1 1 1 1 1
 1 1 1 1 1
 1 1 1 1 1
 1 1 1 1 1
 1 1 1 1 1
 1 1 1 1 1
 1 1 1 1 1
 1 1 1 1 1
 1 1 1 1 1
Sel_pelaces
 1 1 1 1 1
 1 1 1 1 1
 1 1 1 1 1
 1 1 1 1 1
 1 1 1 1 1
 1 1 1 1 1
 1 1 1 1 1
 1 1 1 1 1
 1 1 1 1 1
 1 1 1 1 1
 1 1 1 1 1
 1 1 1 1 1
 1 1 1 1 1
 1 1 1 1 1
 1 1 1 1 1
 1 1 1 1 1
 1 1 1 1 1
 1 1 1 1 1
 1 1 1 1 1
 1 1 1 1 1
 1 1 1 1 1
 1 1 1 1 1
 1 1 1 1 1
 1 1 1 1 1
 1 1 1 1 1
 1 1 1 1 1
 1 1 1 1 1
 1 1 1 1 1
 1 1 1 1 1
 1 1 1 1 1
pf_obs 
 0.8446 0.082 0.0669 0.0065 0
 0.8095 0.147 0.0364 0.0071 0
 0.9664 0.0169 0.016 0.0007 0
 0.9276 0.0648 0.0075 0.0001 0
 0.7033 0.2144 0.0806 0.0017 0
 0.9318 0.0425 0.0243 0.0014 0
 0.5671 0.3108 0.0964 0.0239 0.0018
 0.0768 0.2599 0.5324 0.112 0.0189
 0.490249 0.384438 0.106611 0.0170017 0.00170017
 0.7925 0.1577 0.0466 0.003 0.0002
 0.840416 0.127587 0.0312969 0.00059994 9.999e-05
 0.8084 0.0986 0.0794 0.0134 0.0002
 0.7335 0.1905 0.0724 0.0035 0.0001
 0.4001 0.4547 0.1325 0.0127 0
 0.49795 0.308269 0.164784 0.0264974 0.00249975
 0.9179 0.0499 0.0305 0.0017 0
 0.2467 0.6533 0.0926 0.0074 0
 0.9418 0.0223 0.034 0.0019 0
 0.707729 0.231977 0.0356964 0.0245975 0
 0.517169 0.277429 0.184464 0.0207286 0.00020938
 0.811772 0.124168 0.05621 0.00726502 0.000585176
 0.764997 0.148141 0.077277 0.00933861 0.000247198
 0.163321 0.427699 0.378323 0.0303852 0.000271297
 0.753843 0.0900009 0.118128 0.0371064 0.000921714
 0.721811 0.176058 0.0630433 0.0369309 0.00215725
 0.143369 0.312575 0.442814 0.0836902 0.0175525
 0.692698 0.0596174 0.167031 0.0765114 0.00414204
 0.394062 0.376323 0.152708 0.0712218 0.00568511
 0.125707 0.32114 0.495352 0.0537591 0.00404204
 0.23352 0.215282 0.420074 0.123614 0.00750983
pf_pred 
 0.447743 0.142171 0.383498 0.0265869 8.06702e-07
 0.4149 0.308162 0.0712943 0.192312 0.0133329
 0.564918 0.216927 0.114898 0.0265821 0.0766745
 0.690919 0.199461 0.0546554 0.0289489 0.0260158
 0.651091 0.26661 0.0531104 0.0145531 0.0146354
 0.783226 0.156055 0.046397 0.00924258 0.00507955
 0.470078 0.442964 0.0626008 0.018612 0.00574527
 0.46818 0.305219 0.189416 0.0267688 0.0104155
 0.586152 0.226003 0.107807 0.0669041 0.0131339
 0.753963 0.165561 0.0439481 0.0209639 0.015564
 0.840868 0.130523 0.0192509 0.00511016 0.00424735
 0.737612 0.230474 0.0261772 0.00386089 0.0018767
 0.679387 0.25778 0.0551904 0.00626854 0.00137395
 0.627459 0.281116 0.073508 0.015738 0.00217932
 0.744205 0.184871 0.0535184 0.0139943 0.00341107
 0.94422 0.0452715 0.00759449 0.00219853 0.000715013
 0.336468 0.63732 0.0212737 0.00356876 0.00136911
 0.900488 0.0412928 0.055919 0.00186657 0.000433253
 0.581394 0.387961 0.012716 0.0172202 0.000708228
 0.600448 0.26537 0.124359 0.00407606 0.00574686
 0.725445 0.186704 0.0583476 0.0273432 0.00215979
 0.726539 0.215124 0.0396703 0.0123975 0.00626869
 0.287676 0.562438 0.117911 0.0217435 0.010231
 0.734873 0.0949605 0.134361 0.0281676 0.00763837
 0.606313 0.311968 0.0292693 0.0414135 0.0110363
 0.415746 0.397077 0.148324 0.0139159 0.024937
 0.733898 0.131376 0.0915638 0.0342026 0.00895927
 0.67653 0.256038 0.0332918 0.023203 0.0109376
 0.295748 0.522 0.144259 0.0187575 0.0192358
 0.384336 0.224715 0.289776 0.080082 0.0210911
pobs_RECLAS
 0 0 0 0 0
 0 0 0 0 0
 0 0 0 0 0
 0 0 0 0 0
 0 0 0 0 0
 0 0 0 0 0
 0 0 0 0 0
 0 0 0 0 0
 0 0 0 0 0
 0 0 0 0 0
 0.991045 0.00858322 0.000360255 1.14367e-05 0
 0.934742 0.0480273 0.0164251 0.00080598 0
 0.827803 0.169806 0.00239088 0 0
 0.941827 0.0461693 0.0120037 0 0
 0.791401 0.0380133 0.147996 0.0225897 0
 0.846168 0.0940531 0.0597789 0 0
 0.134021 0.677848 0.182769 0.00536245 0
 0.80878 0.0450904 0.141981 0.00414843 0
 0.846168 0.0940531 0.0597789 0 0
 0.905697 0.0802665 0.012482 0.00150086 5.37128e-05
 0.989698 0.0102097 9.19794e-05 0 0
 0.975433 0.0193895 0.00387452 0.00125025 5.28907e-05
 0.303575 0.632131 0.0575291 0.00676475 0
 0.966965 0.00978017 0.0227588 0.000495775 0
 0.843318 0.132988 0.00938335 0.0141283 0.000182051
 0.564624 0.303363 0.111486 0.0197234 0.00080311
 0.826376 0.0876187 0.0782897 0.00655872 0.00115652
 0.89761 0.0855135 0.0140674 0.00269457 0.000114338
 0.34875 0.467042 0.161289 0.0227151 0.000203297
 0.318654 0.224769 0.449479 0.00709798 0
ppred_RECLAS
 0.521502 0.123183 0.332278 0.023036 6.9896e-07
 0.489024 0.269122 0.0622623 0.167948 0.0116438
 0.63665 0.181162 0.0959548 0.0221995 0.0640332
 0.752372 0.159803 0.0437885 0.0231931 0.0208432
 0.715104 0.217696 0.0433665 0.0118831 0.0119503
 0.829979 0.122397 0.0363902 0.00724916 0.00398401
 0.549519 0.376559 0.0532162 0.0158219 0.004884
 0.541822 0.262955 0.163188 0.0230621 0.0089732
 0.658248 0.186632 0.089026 0.0552488 0.0108459
 0.807412 0.129595 0.0344009 0.0164097 0.0121829
 0.876515 0.101285 0.0149386 0.00396545 0.00329592
 0.792838 0.181965 0.0206676 0.00304827 0.00148171
 0.742334 0.207169 0.0443547 0.00503781 0.0011042
 0.699547 0.226719 0.059284 0.0126926 0.00175761
 0.798991 0.145275 0.0420558 0.010997 0.00268048
 0.958267 0.0338713 0.00568206 0.0016449 0.00053496
 0.40619 0.570353 0.0190383 0.00319376 0.00122525
 0.924285 0.0314183 0.0425469 0.00142021 0.000329647
 0.652826 0.321759 0.0105462 0.0142817 0.000587375
 0.670152 0.219074 0.102664 0.00336497 0.00474428
 0.780836 0.149037 0.0465761 0.0218268 0.00172406
 0.78218 0.171354 0.0315987 0.00987502 0.00499322
 0.35214 0.511539 0.10724 0.0197758 0.00930514
 0.788508 0.0757501 0.10718 0.0224693 0.00609313
 0.674438 0.257984 0.0242045 0.0342471 0.00912657
 0.488834 0.347405 0.129769 0.0121751 0.0218175
 0.787661 0.104833 0.0730643 0.0272923 0.00714915
 0.737563 0.207728 0.0270101 0.018825 0.00887382
 0.360719 0.473843 0.13095 0.017027 0.0174612
 0.456717 0.198296 0.255709 0.0706672 0.0186115
pobs_PELACES
 0 0 0 0 0
 0 0 0 0 0
 0 0 0 0 0
 0 0 0 0 0
 0 0 0 0 0
 0 0 0 0 0
 0 0 0 0 0
 0 0 0 0 0
 0 0 0 0 0
 0 0 0 0 0
 0 0 0 0 0
 0 0 0 0 0
 0 0 0 0 0
 0 0 0 0 0
 0 0 0 0 0
 0 0 0 0 0
 0.505614 0.472636 0.0217494 0 0
 0 0 0 0 0
 0.443492 0.261883 0.143347 0.151278 0
 0.227955 0.32914 0.350689 0.0885471 0.00366901
 0.970185 0.0296113 0.000203453 0 0
 0.997202 0.00247181 0.000326279 0 0
 0.445219 0.490057 0.0546422 0.010081 0
 0.90214 0.0892962 0.00764917 0.000914606 0
 0 0 0 0 0
 0.581667 0.319106 0.0959925 0.00289975 0.000334073
 0.762889 0.0836404 0.116647 0.0363945 0.000428098
 0.88444 0.0763242 0.0277011 0.0115352 0
 0.521256 0.241999 0.230069 0.00667565 0
 0.616807 0.101726 0.260614 0.0208532 0
ppred_PELACES
 0.524921 0.122303 0.329904 0.0228714 6.93966e-07
 0.495337 0.265797 0.0614931 0.165873 0.0114999
 0.642393 0.178299 0.0944382 0.0218486 0.0630212
 0.760173 0.154769 0.0424091 0.0224625 0.0201866
 0.718272 0.215275 0.0428842 0.0117509 0.0118174
 0.833909 0.119569 0.0355493 0.00708164 0.00389194
 0.565654 0.363071 0.0513102 0.0152552 0.00470906
 0.544648 0.261333 0.162181 0.0229199 0.00891787
 0.667961 0.181327 0.0864956 0.0536785 0.0105376
 0.815943 0.123854 0.0328771 0.0156829 0.0116433
 0.877741 0.10028 0.0147903 0.00392608 0.0032632
 0.800272 0.175435 0.0199259 0.00293888 0.00142854
 0.750468 0.20063 0.0429546 0.00487879 0.00106935
 0.714973 0.215078 0.0562401 0.0120409 0.00166737
 0.807393 0.139203 0.0402981 0.0105374 0.00256845
 0.959752 0.0326661 0.00547987 0.00158637 0.000515924
 0.411968 0.564803 0.0188531 0.00316268 0.00121333
 0.92595 0.0307275 0.0416114 0.00138899 0.0003224
 0.660333 0.314802 0.0103181 0.0139729 0.000574674
 0.676686 0.214735 0.10063 0.00329831 0.0046503
 0.784701 0.146409 0.0457546 0.0214418 0.00169365
 0.787087 0.167493 0.0308868 0.00965255 0.00488073
 0.356114 0.508401 0.106582 0.0196544 0.00924806
 0.7911 0.0748216 0.105866 0.0221939 0.00601845
 0.677871 0.255264 0.0239492 0.033886 0.00903034
 0.492049 0.345219 0.128953 0.0120985 0.0216802
 0.790223 0.103568 0.0721827 0.026963 0.00706288
 0.739975 0.205819 0.0267619 0.018652 0.00879228
 0.363539 0.471752 0.130373 0.0169519 0.0173841
 0.461449 0.196569 0.253482 0.0700517 0.0184494
pobs_pel_tallas
 0 0 0 0 0 0 0 0 0 0 0 0 0 0 0 0 0 0 0 0 0 0 0 0 0 0
 0 0 0 0 0 0 0 0 0 0 0 0 0 0 0 0 0 0 0 0 0 0 0 0 0 0
 0 0 0 0 0 0 0 0 0 0 0 0 0 0 0 0 0 0 0 0 0 0 0 0 0 0
 0 0 0 0 0 0 0 0 0 0 0 0 0 0 0 0 0 0 0 0 0 0 0 0 0 0
 0 0 0 0 0 0 0 0 0 0 0 0 0 0 0 0 0 0 0 0 0 0 0 0 0 0
 0 0 0 0 0 0 0 0 0 0 0 0 0 0 0 0 0 0 0 0 0 0 0 0 0 0
 0 0 0 0 0 0 0 0 0 0 0 0 0 0 0 0 0 0 0 0 0 0 0 0 0 0
 0 0 0 0 0 0 0 0 0 0 0 0 0 0 0 0 0 0 0 0 0 0 0 0 0 0
 0 0 0 0 0 0 0 0 0 0 0 0 0 0 0 0 0 0 0 0 0 0 0 0 0 0
 0 0 0 0 0 0 0 0 0 0 0 0 0 0 0 0 0 0 0 0 0 0 0 0 0 0
 0 0 0 0 0 0 0 0 0 0 0 0 0 0 0 0 0 0 0 0 0 0 0 0 0 0
 0 0 0 0 0 0 0 0 0 0 0 0 0 0 0 0 0 0 0 0 0 0 0 0 0 0
 0.00862536 0 0 0.000197151 0.00414017 0.0128641 0.00837892 0.0270097 0.101434 0.158115 0.152841 0.127902 0.109271 0.109419 0.0830992 0.0579132 0.0238553 0.00714673 0.00463305 0.00128148 0.00103504 0.000492878 0.000147863 0.000147863 4.92878e-05 0
 0 0 0 0 0 0 0 0 0 0 0 0 0 0 0 0 0 0 0 0 0 0 0 0 0 0
 0 0 0 0 0 0 0 0.0054083 0.00873648 0.0413646 0.0450493 0.0745869 0.0622846 0.0627006 0.0613931 0.0827291 0.12552 0.122667 0.0946155 0.0697135 0.0546179 0.0294188 0.0215738 0.0213955 0.0102223 0.00600262
 0 0 0 0 0.00359764 0.0251062 0.0480494 0.140153 0.205849 0.193036 0.1447 0.116669 0.0760912 0.0342217 0.00950174 0.001854 0.000860785 0 0 0 0.000165536 0 0.000143464 0 0 0
 0 0 0 0 0 0 0 0.000145254 0.000435761 0.0275982 0.070085 0.0708112 0.156366 0.174668 0.174014 0.160142 0.0824315 0.0480064 0.0283245 0.00493863 0.00203355 0 0 0 0 0
 0 0 0 0 0 0 0 0 0 0 0 0 0 0 0 0 0 0 0 0 0 0 0 0 0 0
 0 0 1.00437e-05 0.000401748 0.00122533 0.00171747 0.00176769 0.0269171 0.070346 0.194647 0.189555 0.159765 0.064822 0.0314167 0.0384472 0.0292271 0.0345202 0.0313363 0.0194345 0.0106764 0.0143323 0.0359363 0.0279516 0.0138201 0.00172751 0
 0 0.0021121 0.0136068 0.0755702 0.200478 0.177729 0.0527432 0.0373336 0.0318909 0.0142505 0.0149659 0.0166563 0.0217959 0.0798694 0.0677717 0.0528807 0.04013 0.0224614 0.0357745 0.0225083 0.00881397 0.00855152 0.00135912 0.000746735 0 0
 0 0 0 0 5.4009e-05 0.00500934 0.000945158 0.0243581 0.138947 0.33067 0.221406 0.137944 0.0707744 0.0437923 0.0131692 0.00525238 0.0047753 0.00276346 9.45158e-05 9.00151e-06 2.25038e-05 9.00151e-06 4.50075e-06 0 0 0
 0.000866109 0.00284123 0.00948549 0.0512746 0.133035 0.25785 0.225252 0.132002 0.0553304 0.0519788 0.0540692 0.017754 0.00435017 0.00159236 0.00146478 0.000404838 0.000125132 0.000115318 0.000107957 0.000100596 0 0 0 0 0 0
 0 0 0 0 0.00144013 0.00171154 0.00461396 0.0210425 0.0478622 0.0707936 0.0888783 0.103762 0.0637923 0.0337046 0.0602308 0.124433 0.169614 0.0934646 0.0462172 0.0250306 0.0313229 0.00938855 0.002487 0.000210481 0 0
 0 0.00764035 0.051015 0.0998891 0.058973 0.0496711 0.0374665 0.0718981 0.12319 0.153886 0.159021 0.0857701 0.0377988 0.023471 0.0147837 0.00900784 0.00315554 0.000888139 0.00291439 0.00214683 0.00393193 0.00274676 0.000635225 9.99891e-05 0 0
 0 0 0 0 0 0 0 0 0 0 0 0 0 0 0 0 0 0 0 0 0 0 0 0 0 0
 0 0 0 0 0 0 0 0 0 0 0 0 0 0 0 0 0 0 0 0 0 0 0 0 0 0
 0 0 0 0 0 0 0 0 0 0 0 0 0 0 0 0 0 0 0 0 0 0 0 0 0 0
 0 0 0 0 0 0 0 0 0 0 0 0 0 0 0 0 0 0 0 0 0 0 0 0 0 0
 0 0 0 0 0 0 0 0 0 0 0 0 0 0 0 0 0 0 0 0 0 0 0 0 0 0
 0 0 0 0 0 0 0 0 0 0 0 0 0 0 0 0 0 0 0 0 0 0 0 0 0 0
ppred_pel_tallas
 1.11846e-16 4.32371e-05 0.00042028 0.00279291 0.0126962 0.0395025 0.0841648 0.122844 0.122856 0.084225 0.0397061 0.0132905 0.00430814 0.00380554 0.00669912 0.0115964 0.0180711 0.0255715 0.0334571 0.0412643 0.0486785 0.0551614 0.059657 0.0608243 0.0577518 0.050613
 1.20424e-16 4.08003e-05 0.000396593 0.0026355 0.0119806 0.0372763 0.0794221 0.115924 0.11595 0.0795478 0.0376987 0.0132019 0.00570643 0.00711945 0.0128675 0.0213714 0.031192 0.0401544 0.0461433 0.0483752 0.0479259 0.0469525 0.0471888 0.0488758 0.0508087 0.0512439
 1.15628e-16 5.29131e-05 0.000514334 0.00341793 0.0155374 0.0483428 0.103 0.150335 0.150353 0.103085 0.0486274 0.016361 0.00549158 0.00506238 0.0087539 0.0145576 0.0213716 0.0277532 0.0322862 0.0343854 0.0346386 0.0343208 0.0344701 0.0352602 0.0360593 0.0359628
 1.06933e-16 6.26145e-05 0.000608635 0.00404459 0.0183861 0.0572062 0.121884 0.177897 0.177912 0.121958 0.0574518 0.0190961 0.00582893 0.00451121 0.00749644 0.0123537 0.0179345 0.0228697 0.0258195 0.0262022 0.0245405 0.0220772 0.0199668 0.0186784 0.0179646 0.0172495
 1.04471e-16 5.91632e-05 0.000575087 0.00382166 0.0173727 0.0540531 0.115167 0.168093 0.168114 0.115268 0.054394 0.0183577 0.00629514 0.00597862 0.0103331 0.01702 0.0245864 0.0310782 0.0345464 0.0341023 0.0304386 0.0253334 0.0205499 0.0169918 0.0146096 0.0128612
 1.02426e-16 6.8688e-05 0.000667671 0.00443691 0.0201696 0.0627551 0.133707 0.195151 0.195163 0.133763 0.0629448 0.0207179 0.00581483 0.00368059 0.00580525 0.00952649 0.0138055 0.0175474 0.0196812 0.0197092 0.0179829 0.0154259 0.0129389 0.0109603 0.00944492 0.00813191
 1.03901e-16 4.65923e-05 0.000452893 0.00300964 0.0136814 0.0425681 0.0906971 0.132382 0.132417 0.0908681 0.0431423 0.0153398 0.00717254 0.00954086 0.0173072 0.0285413 0.0411172 0.0517214 0.0570054 0.0554246 0.0481513 0.038262 0.0288811 0.0217279 0.0169068 0.0136345
 1.08555e-16 4.4862e-05 0.000436074 0.00289787 0.0131733 0.0409872 0.0873285 0.127464 0.127489 0.0874526 0.0414046 0.0143815 0.00594029 0.00710965 0.0128128 0.0213556 0.0313294 0.0405881 0.0469359 0.0493082 0.0482877 0.0454697 0.0422456 0.0390381 0.0354667 0.0310528
 1.09709e-16 5.50191e-05 0.000534806 0.00355397 0.0161558 0.0502669 0.1071 0.156319 0.156336 0.107186 0.050556 0.0169924 0.00565945 0.00515018 0.00887737 0.0147404 0.02159 0.0279255 0.0322612 0.0339464 0.0335193 0.0322283 0.031114 0.0304002 0.0295786 0.0279537
 1.04524e-16 6.72081e-05 0.000653287 0.00434132 0.019735 0.0614031 0.130826 0.190947 0.190959 0.130885 0.0615995 0.0203029 0.00576841 0.00377383 0.0060093 0.00987008 0.0143126 0.0182179 0.0204994 0.0206761 0.0191541 0.0169245 0.0149246 0.0135623 0.012689 0.0118985
 1.01399e-16 7.22984e-05 0.000702766 0.00467013 0.0212297 0.0660536 0.140735 0.205408 0.205418 0.140782 0.0662122 0.0216879 0.00582021 0.00321373 0.00484203 0.00789306 0.0113697 0.0143123 0.0157958 0.0153975 0.013444 0.0107857 0.00828188 0.00639951 0.0051552 0.00431853
 1.01157e-16 6.59174e-05 0.00064074 0.00425794 0.019356 0.0602238 0.128314 0.187281 0.187298 0.128396 0.0605011 0.0201567 0.00626726 0.00502564 0.00838937 0.0137537 0.0197792 0.0248149 0.0272232 0.0262459 0.0224516 0.0173495 0.0124927 0.00876752 0.00627606 0.00467148
 1.01962e-16 6.18151e-05 0.000600864 0.00399296 0.0181514 0.0564759 0.120329 0.175627 0.175646 0.120423 0.0567936 0.0190693 0.00629812 0.00563642 0.00963498 0.0158558 0.0228923 0.0289049 0.0320532 0.0314736 0.0277699 0.0225658 0.0175004 0.0134628 0.0105089 0.00827164
 1.03168e-16 5.88915e-05 0.000572446 0.00380411 0.0172929 0.0538048 0.114638 0.167321 0.167342 0.114739 0.0541458 0.0182783 0.00627958 0.00598307 0.0103542 0.0170752 0.0247105 0.0313217 0.0349648 0.0347305 0.0312546 0.0262277 0.0213224 0.0173931 0.0144182 0.0119672
 1.0269e-16 6.65039e-05 0.000646442 0.00429583 0.0195282 0.0607597 0.129455 0.188947 0.18896 0.129521 0.0609805 0.0201665 0.00589974 0.00415333 0.00674308 0.0110853 0.0160629 0.020411 0.022883 0.0228997 0.0208717 0.0178765 0.0149639 0.0126443 0.0108631 0.00931526
 1.00413e-16 7.90535e-05 0.000768428 0.00510647 0.0232133 0.0722252 0.153884 0.224598 0.224601 0.153899 0.0722769 0.0233626 0.00548135 0.00158704 0.00163452 0.0025791 0.00371239 0.00467839 0.00517312 0.00505811 0.00443736 0.00358353 0.00277147 0.00214935 0.00172209 0.00141836
 1.01211e-16 3.39334e-05 0.000329845 0.00219194 0.00996426 0.0310028 0.0660567 0.0964231 0.0964775 0.0663222 0.0318938 0.0125366 0.00864389 0.0143982 0.0267042 0.0439673 0.0630364 0.0786444 0.085446 0.080977 0.0671552 0.0490607 0.0320089 0.0191631 0.0110408 0.00652138
 1.01403e-16 7.62693e-05 0.000741364 0.00492663 0.0223957 0.0696814 0.148464 0.216688 0.216691 0.148479 0.0697312 0.0225403 0.00529222 0.00154856 0.00163585 0.00265267 0.00397382 0.00532844 0.00648349 0.00731083 0.00782202 0.0080898 0.00813238 0.00787712 0.00723448 0.00620416
 1.01877e-16 5.43908e-05 0.000528698 0.00351338 0.0159714 0.049693 0.105877 0.154537 0.154568 0.106025 0.0501897 0.0174054 0.00711055 0.00837317 0.0149286 0.0245321 0.0351907 0.0439561 0.0478693 0.045582 0.0381837 0.0285072 0.0194852 0.0128151 0.00869432 0.00640874
 1.04077e-16 5.57378e-05 0.000541791 0.00360039 0.0163669 0.0509236 0.108499 0.158361 0.158382 0.1086 0.0512654 0.0173555 0.00608711 0.00598722 0.0104469 0.0173106 0.0252274 0.0323363 0.0367509 0.0375548 0.0352714 0.0313698 0.0272484 0.0235392 0.02015 0.0167678
 1.03795e-16 6.46348e-05 0.000628274 0.0041751 0.0189794 0.0590521 0.125817 0.183637 0.183651 0.125886 0.0592845 0.0196514 0.00586413 0.00432289 0.00710347 0.0116996 0.0169859 0.0216548 0.0244182 0.0246868 0.022899 0.0201698 0.0175548 0.0155172 0.0139189 0.0123778
 1.02729e-16 6.48313e-05 0.000630184 0.00418779 0.0190371 0.0592316 0.1262 0.184196 0.184212 0.126279 0.0594967 0.0198031 0.0061112 0.00483124 0.00805009 0.0132236 0.0190853 0.0240913 0.0267142 0.0262535 0.0232442 0.0190743 0.0151308 0.0121419 0.0100995 0.00861188
 1.06742e-16 2.93328e-05 0.000285125 0.00189476 0.00861333 0.0267995 0.057101 0.0833509 0.0834 0.0573408 0.0276046 0.0109395 0.00773634 0.0130462 0.024291 0.0401794 0.0580355 0.0733116 0.081373 0.0800622 0.0709427 0.0581527 0.0458419 0.0362164 0.0293263 0.0241259
 1.06319e-16 6.51619e-05 0.000633397 0.00420914 0.0191342 0.0595335 0.126843 0.185132 0.18514 0.126879 0.0596551 0.0194873 0.00510303 0.00260979 0.00389231 0.00652442 0.00984368 0.0133255 0.0164602 0.0189881 0.0209706 0.0225729 0.023761 0.0242117 0.0235194 0.0215063
 1.05683e-16 5.58353e-05 0.00054274 0.0036067 0.0163955 0.0510127 0.108689 0.15864 0.158664 0.108809 0.0514162 0.0175609 0.00653165 0.00692737 0.0121804 0.0200475 0.0288779 0.0363384 0.040108 0.0391619 0.0344051 0.0280736 0.0223846 0.0184726 0.0162313 0.0148672
 1.08692e-16 4.05295e-05 0.000393962 0.00261801 0.0119011 0.037029 0.0788955 0.115157 0.115191 0.0790587 0.0375776 0.0134872 0.0066055 0.00911915 0.0166713 0.0276541 0.0402 0.0513217 0.0579772 0.058738 0.0545692 0.0480241 0.0415497 0.0362728 0.0319883 0.0279593
 1.06009e-16 6.50897e-05 0.000632695 0.00420448 0.019113 0.0594676 0.126702 0.184928 0.184938 0.126752 0.0596334 0.0195932 0.00541489 0.00329123 0.00516203 0.00855715 0.0126187 0.0164999 0.0193786 0.0208792 0.021252 0.0210972 0.0208682 0.0205769 0.019894 0.0184808
 1.04184e-16 6.09508e-05 0.000592464 0.00393713 0.0178976 0.0556863 0.118646 0.173172 0.173192 0.118743 0.0560118 0.0188379 0.00629744 0.00574578 0.00985051 0.016196 0.0233458 0.0294096 0.0325124 0.0318136 0.0280147 0.0228834 0.0181804 0.0148199 0.0127522 0.0114013
 1.08525e-16 2.99443e-05 0.00029107 0.00193426 0.0087929 0.0273582 0.0582913 0.0850874 0.0851329 0.058514 0.0281063 0.010955 0.00736632 0.0121655 0.0226293 0.0374879 0.0542905 0.0688795 0.0770128 0.0767079 0.0693616 0.0586713 0.0482829 0.0400395 0.0338576 0.028754
 1.17513e-16 3.80089e-05 0.000369461 0.0024552 0.011161 0.034726 0.0739882 0.107992 0.108011 0.0740828 0.0350447 0.0120862 0.00479603 0.00554041 0.0100379 0.0170054 0.0255994 0.0345217 0.0424316 0.0486763 0.0535009 0.0574689 0.0606238 0.0621874 0.0610535 0.0566016
pSPR Fmed_Fpbrs
0.588396   0.222713 0.222713
Fs Fmed_Fpbrs
0.299457   1.005 1.005
SSBpbr Bo_Bmed_Bpbrs
1.78324e+06  960088  307988 307988
Ro
151512
SPR SPRFo_SPRFmed_SPRFpbrs
1.07852e+06 634598 240201
Fref
1.005
log_Ro
11.7484
likeval ReclasPelacesDesembMPH_pf_preclas_ppelaces_ptallas_desvR_qrecl_qpela
 11.3292 19.2452 0.0214099 0.00249415 228.537 104.37 77.2764 0 27.1309 0 0 0.107029 0 0 0
q_reclas_q_pelaces
1 1
M
1
N
 176953 42674.8 115112 7980.47 0.242144
 100723 57592.8 13324.3 35941.4 2491.81
 100056 29566.8 15660.4 3623.09 10450.6
 130095 29461.9 8073.03 4275.97 3842.73
 105185 32787.2 6531.42 1789.71 1799.84
 218721 33657.9 10006.9 1993.44 1095.56
 82723.4 62592.5 8845.73 2629.95 811.829
 34350.2 16960.8 10525.7 1487.52 578.778
 37690.6 11414.1 5444.69 3378.93 663.317
 53820.2 9400.83 2495.45 1190.37 883.751
 102268 12022.9 1773.27 470.714 391.238
 138136 33985.9 3860.12 569.331 276.741
 113228 33725.3 7220.55 820.111 179.754
 78194 28371.4 7418.75 1588.35 219.946
 74992.2 14778.9 4278.35 1118.73 272.686
 458368 17156.2 2878.02 833.159 270.963
 82630.7 120305 4015.78 673.665 258.444
 696440 24551.2 33247.4 1109.8 257.596
 398730 206690 6774.6 9174.22 377.315
 318564 108934 51049.3 1673.22 2359.08
 454880 89865.1 28084 13160.9 1039.56
 596588 136575 25185.2 7870.72 3979.76
 113519 169305 35493.4 6545.21 3079.74
 363477 35754.3 50589.1 10605.6 2875.98
 296902 116300 10911.4 15438.7 4114.28
 131018 94945 35465.6 3327.43 5962.67
 315365 42963.3 29943.7 11185.1 2929.91
 352270 101110 13147 9162.91 4319.26
 86612.8 115899 32029.7 4164.72 4270.9
 63929.1 28569.6 36841.4 10181.4 2681.47
pred_Ctot
 13024.7 4135.72 11155.8 773.406 0.0234667
 13103.9 9732.79 2251.72 6073.86 421.098
 12854.7 4936.17 2614.5 604.874 1744.73
 26704.2 7709.21 2112.44 1118.88 1005.52
 8754.77 3584.92 714.14 195.685 196.793
 31341 6244.57 1856.59 369.844 203.26
 24261.5 22862.1 3230.93 960.595 296.523
 2118.38 1381.03 857.055 121.121 47.1269
 7917.06 3052.59 1456.13 903.662 177.398
 13910.7 3054.61 810.846 386.785 287.157
 6300.46 977.985 144.243 38.2894 31.8246
 30360.4 9486.38 1077.46 158.916 77.2459
 23545.2 8933.74 1912.7 217.245 47.6164
 25350.7 11357.7 2969.88 635.848 88.049
 18625.9 4626.93 1339.45 350.249 85.3718
 85332 4091.32 686.336 198.688 64.6178
 10223.2 19364.2 646.375 108.432 41.5988
 86583.8 3970.38 5376.73 179.475 41.6581
 66453.4 44344.1 1453.45 1968.27 80.9505
 47982.4 21206 9937.65 325.722 459.237
 53748.4 13833 4322.99 2025.86 160.02
 88041.8 26068.7 4807.24 1502.33 759.638
 10453.7 20438.2 4284.69 790.125 371.78
 30268.3 3911.28 5534.11 1160.18 314.613
 24817.8 12769.6 1198.06 1695.15 451.743
 9081.13 8673.36 3239.83 303.966 544.698
 25902.8 4636.89 3231.73 1207.17 316.215
 23745.2 8986.57 1168.49 814.394 383.893
 5709.8 10077.9 2785.11 362.139 371.372
 6416.29 3751.5 4837.67 1336.93 352.105
F
 0.122487 0.164019 0.164019 0.164019 0.164019
 0.225726 0.302264 0.302264 0.302264 0.302264
 0.222632 0.298122 0.298122 0.298122 0.298122
 0.378227 0.506475 0.506475 0.506475 0.506475
 0.139469 0.18676 0.18676 0.18676 0.18676
 0.251154 0.336315 0.336315 0.336315 0.336315
 0.584599 0.782823 0.782823 0.782823 0.782823
 0.101758 0.136262 0.136262 0.136262 0.136262
 0.388612 0.520381 0.520381 0.520381 0.520381
 0.498831 0.667974 0.667974 0.667974 0.667974
 0.101651 0.136118 0.136118 0.136118 0.136118
 0.409994 0.549014 0.549014 0.549014 0.549014
 0.384024 0.514237 0.514237 0.514237 0.514237
 0.665993 0.891816 0.891816 0.891816 0.891816
 0.475026 0.636097 0.636097 0.636097 0.636097
 0.33764 0.452126 0.452126 0.452126 0.452126
 0.213622 0.286056 0.286056 0.286056 0.286056
 0.21476 0.28758 0.28758 0.28758 0.28758
 0.297541 0.39843 0.39843 0.39843 0.39843
 0.265513 0.355542 0.355542 0.355542 0.355542
 0.203163 0.272052 0.272052 0.272052 0.272052
 0.259526 0.347525 0.347525 0.347525 0.347525
 0.155304 0.207964 0.207964 0.207964 0.207964
 0.139544 0.18686 0.18686 0.18686 0.18686
 0.140104 0.187609 0.187609 0.187609 0.187609
 0.114989 0.15398 0.15398 0.15398 0.15398
 0.137523 0.184154 0.184154 0.184154 0.184154
 0.111676 0.149543 0.149543 0.149543 0.149543
 0.109104 0.146099 0.146099 0.146099 0.146099
 0.170296 0.22804 0.22804 0.22804 0.22804
nmprior
 8 8 7 0
nm_flota  nm_reclas  nm_pelaces    nm_pelaL
inf 13.5362 14.3651 24.4778
cv_recla  cv_pelaces  cv_mph
0.31162 0.51621 1.54123
 ------------------------------------------------
Talla a la edad & desviación 
 8 13.2811 15.8009 17.003 17.5766
 0.8 1.32811 1.58009 1.7003 1.75766
