years
 1991 1992 1993 1994 1995 1996 1997 1998 1999 2000 2001 2002 2003 2004 2005 2006 2007 2008 2009 2010 2011 2012 2013 2014 2015 2016 2017 2018 2019 2020
reclasobs
 0 0 0 0 0 0 0 0 0 252601 567819 844713 477998 351125 339783 2.1784e+06 2.13404e+06 4.81314e+06 1.55562e+06 2.62356e+06 3.21686e+06 3.843e+06 1.13348e+06 3.07943e+06 1.97215e+06 2.03268e+06 2.025e+06 2.42433e+06 2.27542e+06 1.05018e+06
reclaspred
 3.27107e+06 1.9156e+06 798277 477399 89872.2 2.06461e+06 805506 249219 729385 218703 217987 865394 478820 387664 264650 1.85868e+06 1.10093e+06 7.70822e+06 4.55827e+06 1.47433e+06 3.53379e+06 3.55569e+06 1.91587e+06 4.73369e+06 2.71799e+06 1.19045e+06 2.2956e+06 3.56491e+06 2.46313e+06 801884
pelacesobs
 0 0 0 0 0 0 0 0 0 0 0 0 0 0 0 552880 188675 0 991730 2.46772e+06 1.41603e+06 1.21717e+06 2.29649e+06 1.80582e+06 0 1.4828e+06 1.56532e+06 1.57751e+06 1.42118e+06 867257
pelacespred
 521442 420090 190956 88342.9 12511.5 496914 150818 60545.9 166475 37044.1 49931.7 173594 89617.9 75764.8 49336.6 372249 217155 1.99629e+06 1.13363e+06 372194 833245 806657 438285 1.29295e+06 718306 307804 669036 1.00706e+06 580363 219327
mphobs
 0 0 0 0 0 0 0 0 0 0 0 498337 0 5186 125008 0 168611 109162 213762 579715 649985 157893 87575 83554 0 0 0 0 0 0
mphpred
 162246 1.11774e+06 527718 160597 81631.6 12627.8 602507 163926 61243.5 180501 29757.9 67637.5 235689 83001.6 49730.4 45511.7 607321 313233 2.57988e+06 1.1396e+06 437157 968782 1.09412e+06 596411 1.44177e+06 770845 296113 623228 1.31267e+06 638239
desembarqueobs
 494567 514787 250237 358949 120608 361735 552515 73892 212993 205616 52469 317467 293654 387597 252695 516296 358380 742168 942051 627588 828172 859565 418607 520667 417249 300574 407403 355545 319650 289779
desembarquepred
 494208 520250 247006 358196 120435 361434 551561 73846.5 212753 205271 52432 317042 293063 386649 252210 515700 358072 741628 940299 625826 827229 858324 418160 520284 416725 300075 406997 355259 319342 289395
Reclutas
 537092 641.41 1689.79 97595.1 813.463 329656 829.253 236.887 69154.6 1038.59 35400.6 185275 35257.3 72997.4 43370 401840 1690.64 1.19272e+06 77746.3 11721.9 432574 557082 1803.14 383004 103556 6705.64 234059 309430 3004.03 1108.97
log_desv_Rt
 3.02336 -3.70689 -2.7382 1.31802 -3.46926 2.53524 -3.45004 -4.70298 0.973538 -3.22494 0.303921 1.95904 0.299866 1.02762 0.506962 2.73325 -2.7377 3.82119 1.09064 -0.801349 2.80695 3.0599 -2.67328 2.68524 1.3773 -1.35986 2.19277 2.47192 -2.16285 -3.15938
SSB
 162246 1.11774e+06 527718 160597 81631.6 12627.8 602507 163926 61243.5 180501 29757.9 67637.5 235689 83001.6 49730.4 45511.7 607321 313233 2.57988e+06 1.1396e+06 437157 968782 1.09412e+06 596411 1.44177e+06 770845 296113 623228 1.31267e+06 638239
BT
 1.4876e+06 1.4143e+06 676056 529337 130269 1.46604e+06 841369 210670 575705 269241 161203 661900 460646 582883 363669 1.26312e+06 784969 5.26783e+06 3.49244e+06 1.52781e+06 2.66666e+06 2.60734e+06 1.37265e+06 3.47944e+06 2.05568e+06 1.0094e+06 1.98001e+06 2.6706e+06 1.60631e+06 830415
Ftot
 0.263039 0.462551 0.523175 1.15711 1.82284 0.303501 1.07103 0.502278 0.494883 1.38976 0.412059 0.612522 0.972379 1.45826 1.40672 0.47202 0.548231 0.169071 0.35563 0.701418 0.401511 0.413476 0.375456 0.192704 0.266828 0.430896 0.307251 0.175019 0.226553 0.604049
BD_Bspro_t
 0.958787 0.713875 0.445336 0.239757 0.143468 0.0370003 0.529351 0.212186 0.134209 0.326533 0.107813 0.317287 0.409056 0.175488 0.10996 0.106629 0.472828 0.317866 0.72305 0.50535 0.274935 0.449026 0.491078 0.379969 0.617358 0.527743 0.381658 0.584467 0.718414 0.552188
BD_Bspro
 0.872515 6.0109 2.83792 0.863647 0.438993 0.0679092 3.24012 0.88155 0.329351 0.970685 0.16003 0.363736 1.26747 0.44636 0.267437 0.244749 3.26601 1.68448 13.8739 6.12846 2.35091 5.20985 5.88387 3.20734 7.75344 4.1454 1.59242 3.35155 7.05918 3.43228
BD_Bo
 0.0987221 0.680113 0.321101 0.0977188 0.0496705 0.00768369 0.366609 0.0997443 0.0372649 0.10983 0.0181068 0.0411555 0.14341 0.0505041 0.0302596 0.0276926 0.369538 0.190593 1.56978 0.693414 0.265998 0.589477 0.66574 0.362899 0.877275 0.469038 0.180177 0.379217 0.798722 0.388351
BD_Brms
 0.804756 5.5441 2.61753 0.796578 0.404901 0.0626354 2.9885 0.813089 0.303774 0.895303 0.147602 0.335489 1.16904 0.411696 0.246668 0.225742 3.01237 1.55367 12.7965 5.65253 2.16834 4.80526 5.42693 2.95826 7.15131 3.82347 1.46875 3.09127 6.51097 3.16573
Sel_flota
 1 1 1 1 1
 1 1 1 1 1
 1 1 1 1 1
 1 1 1 1 1
 1 1 1 1 1
 1 1 1 1 1
 1 1 1 1 1
 1 1 1 1 1
 1 1 1 1 1
 1 1 1 1 1
 1 1 1 1 1
 1 1 1 1 1
 1 1 1 1 1
 1 1 1 1 1
 1 1 1 1 1
 1 1 1 1 1
 1 1 1 1 1
 1 1 1 1 1
 1 1 1 1 1
 1 1 1 1 1
 1 1 1 1 1
 1 1 1 1 1
 1 1 1 1 1
 1 1 1 1 1
 1 1 1 1 1
 1 1 1 1 1
 1 1 1 1 1
 1 1 1 1 1
 1 1 1 1 1
 1 1 1 1 1
Sel_reclas
 1 1 1 1 1
 1 1 1 1 1
 1 1 1 1 1
 1 1 1 1 1
 1 1 1 1 1
 1 1 1 1 1
 1 1 1 1 1
 1 1 1 1 1
 1 1 1 1 1
 1 1 1 1 1
 1 1 1 1 1
 1 1 1 1 1
 1 1 1 1 1
 1 1 1 1 1
 1 1 1 1 1
 1 1 1 1 1
 1 1 1 1 1
 1 1 1 1 1
 1 1 1 1 1
 1 1 1 1 1
 1 1 1 1 1
 1 1 1 1 1
 1 1 1 1 1
 1 1 1 1 1
 1 1 1 1 1
 1 1 1 1 1
 1 1 1 1 1
 1 1 1 1 1
 1 1 1 1 1
 1 1 1 1 1
Sel_pelaces
 1 1 1 1 1
 1 1 1 1 1
 1 1 1 1 1
 1 1 1 1 1
 1 1 1 1 1
 1 1 1 1 1
 1 1 1 1 1
 1 1 1 1 1
 1 1 1 1 1
 1 1 1 1 1
 1 1 1 1 1
 1 1 1 1 1
 1 1 1 1 1
 1 1 1 1 1
 1 1 1 1 1
 1 1 1 1 1
 1 1 1 1 1
 1 1 1 1 1
 1 1 1 1 1
 1 1 1 1 1
 1 1 1 1 1
 1 1 1 1 1
 1 1 1 1 1
 1 1 1 1 1
 1 1 1 1 1
 1 1 1 1 1
 1 1 1 1 1
 1 1 1 1 1
 1 1 1 1 1
 1 1 1 1 1
pf_obs 
 0.8446 0.082 0.0669 0.0065 0
 0.8095 0.147 0.0364 0.0071 0
 0.9664 0.0169 0.016 0.0007 0
 0.9276 0.0648 0.0075 0.0001 0
 0.7033 0.2144 0.0806 0.0017 0
 0.9318 0.0425 0.0243 0.0014 0
 0.5671 0.3108 0.0964 0.0239 0.0018
 0.0768 0.2599 0.5324 0.112 0.0189
 0.490249 0.384438 0.106611 0.0170017 0.00170017
 0.7925 0.1577 0.0466 0.003 0.0002
 0.840416 0.127587 0.0312969 0.00059994 9.999e-05
 0.8084 0.0986 0.0794 0.0134 0.0002
 0.7335 0.1905 0.0724 0.0035 0.0001
 0.4001 0.4547 0.1325 0.0127 0
 0.49795 0.308269 0.164784 0.0264974 0.00249975
 0.9179 0.0499 0.0305 0.0017 0
 0.2467 0.6533 0.0926 0.0074 0
 0.9418 0.0223 0.034 0.0019 0
 0.707729 0.231977 0.0356964 0.0245975 0
 0.517169 0.277429 0.184464 0.0207286 0.00020938
 0.811772 0.124168 0.05621 0.00726502 0.000585176
 0.764997 0.148141 0.077277 0.00933861 0.000247198
 0.163321 0.427699 0.378323 0.0303852 0.000271297
 0.753843 0.0900009 0.118128 0.0371064 0.000921714
 0.721811 0.176058 0.0630433 0.0369309 0.00215725
 0.143369 0.312575 0.442814 0.0836902 0.0175525
 0.692698 0.0596174 0.167031 0.0765114 0.00414204
 0.394062 0.376323 0.152708 0.0712218 0.00568511
 0.125707 0.32114 0.495352 0.0537591 0.00404204
 0.23352 0.215282 0.420074 0.123614 0.00750983
pf_pred 
 0.971991 0.0205145 0.0067591 0.000734982 7.51797e-08
 0.00408791 0.968018 0.0204306 0.00673147 0.000732052
 0.0444264 0.0039063 0.925012 0.019523 0.00713194
 0.921686 0.00347922 0.000305919 0.0724417 0.00208746
 0.062285 0.864278 0.00326252 0.000286865 0.0698871
 0.997651 0.000146323 0.00203041 7.66447e-06 0.000164856
 0.00915614 0.988516 0.000144983 0.00201181 0.000170941
 0.0203275 0.00897002 0.968422 0.000142036 0.00213839
 0.963842 0.000735012 0.000324342 0.0350167 8.24566e-05
 0.0606296 0.905404 0.000690449 0.000304678 0.0329711
 0.957534 0.00257472 0.0384492 2.93209e-05 0.0014131
 0.953637 0.0443942 0.000119372 0.00178262 6.68751e-05
 0.476487 0.499241 0.0232409 6.24927e-05 0.000968236
 0.876405 0.0588916 0.0617039 0.00287247 0.000127393
 0.858838 0.123715 0.00831324 0.00871022 0.000423466
 0.988803 0.00961658 0.00138526 9.3085e-05 0.000102272
 0.0178071 0.971195 0.00944534 0.00136059 0.000191878
 0.983357 0.000296369 0.0161639 0.000157202 2.58382e-05
 0.171043 0.815161 0.000245677 0.0133992 0.000151732
 0.0909404 0.155488 0.74103 0.000223335 0.0123186
 0.948444 0.00468849 0.00801627 0.0382042 0.000646606
 0.832233 0.159118 0.000786573 0.00134486 0.00651788
 0.0109506 0.82312 0.157375 0.000777959 0.00777664
 0.901997 0.00107319 0.0806683 0.0154233 0.000838378
 0.445622 0.500047 0.000594956 0.0447208 0.0090151
 0.0929096 0.404219 0.453588 0.000539679 0.0487433
 0.931336 0.00637957 0.0277554 0.0311453 0.00338398
 0.819842 0.167788 0.00114933 0.00500038 0.00622075
 0.0251261 0.799242 0.163572 0.00112046 0.0109392
 0.0306551 0.0243559 0.774741 0.158558 0.0116899
pobs_RECLAS
 0 0 0 0 0
 0 0 0 0 0
 0 0 0 0 0
 0 0 0 0 0
 0 0 0 0 0
 0 0 0 0 0
 0 0 0 0 0
 0 0 0 0 0
 0 0 0 0 0
 0 0 0 0 0
 0.991045 0.00858322 0.000360255 1.14367e-05 0
 0.934742 0.0480273 0.0164251 0.00080598 0
 0.827803 0.169806 0.00239088 0 0
 0.941827 0.0461693 0.0120037 0 0
 0.791401 0.0380133 0.147996 0.0225897 0
 0.846168 0.0940531 0.0597789 0 0
 0.134021 0.677848 0.182769 0.00536245 0
 0.80878 0.0450904 0.141981 0.00414843 0
 0.846168 0.0940531 0.0597789 0 0
 0.905697 0.0802665 0.012482 0.00150086 5.37128e-05
 0.989698 0.0102097 9.19794e-05 0 0
 0.975433 0.0193895 0.00387452 0.00125025 5.28907e-05
 0.303575 0.632131 0.0575291 0.00676475 0
 0.966965 0.00978017 0.0227588 0.000495775 0
 0.843318 0.132988 0.00938335 0.0141283 0.000182051
 0.564624 0.303363 0.111486 0.0197234 0.00080311
 0.826376 0.0876187 0.0782897 0.00655872 0.00115652
 0.89761 0.0855135 0.0140674 0.00269457 0.000114338
 0.34875 0.467042 0.161289 0.0227151 0.000203297
 0.318654 0.224769 0.449479 0.00709798 0
ppred_RECLAS
 0.971991 0.0205145 0.0067591 0.000734982 7.51797e-08
 0.00408791 0.968018 0.0204306 0.00673147 0.000732052
 0.0444264 0.0039063 0.925012 0.019523 0.00713194
 0.921686 0.00347922 0.000305919 0.0724417 0.00208746
 0.062285 0.864278 0.00326252 0.000286865 0.0698871
 0.997651 0.000146323 0.00203041 7.66447e-06 0.000164856
 0.00915614 0.988516 0.000144983 0.00201181 0.000170941
 0.0203275 0.00897002 0.968422 0.000142036 0.00213839
 0.963842 0.000735012 0.000324342 0.0350167 8.24566e-05
 0.0606296 0.905404 0.000690449 0.000304678 0.0329711
 0.957534 0.00257472 0.0384492 2.93209e-05 0.0014131
 0.953637 0.0443942 0.000119372 0.00178262 6.68751e-05
 0.476487 0.499241 0.0232409 6.24927e-05 0.000968236
 0.876405 0.0588916 0.0617039 0.00287247 0.000127393
 0.858838 0.123715 0.00831324 0.00871022 0.000423466
 0.988803 0.00961658 0.00138526 9.3085e-05 0.000102272
 0.0178071 0.971195 0.00944534 0.00136059 0.000191878
 0.983357 0.000296369 0.0161639 0.000157202 2.58382e-05
 0.171043 0.815161 0.000245677 0.0133992 0.000151732
 0.0909404 0.155488 0.74103 0.000223335 0.0123186
 0.948444 0.00468849 0.00801627 0.0382042 0.000646606
 0.832233 0.159118 0.000786573 0.00134486 0.00651788
 0.0109506 0.82312 0.157375 0.000777959 0.00777664
 0.901997 0.00107319 0.0806683 0.0154233 0.000838378
 0.445622 0.500047 0.000594956 0.0447208 0.0090151
 0.0929096 0.404219 0.453588 0.000539679 0.0487433
 0.931336 0.00637957 0.0277554 0.0311453 0.00338398
 0.819842 0.167788 0.00114933 0.00500038 0.00622075
 0.0251261 0.799242 0.163572 0.00112046 0.0109392
 0.0306551 0.0243559 0.774741 0.158558 0.0116899
pobs_PELACES
 0 0 0 0 0
 0 0 0 0 0
 0 0 0 0 0
 0 0 0 0 0
 0 0 0 0 0
 0 0 0 0 0
 0 0 0 0 0
 0 0 0 0 0
 0 0 0 0 0
 0 0 0 0 0
 0 0 0 0 0
 0 0 0 0 0
 0 0 0 0 0
 0 0 0 0 0
 0 0 0 0 0
 0 0 0 0 0
 0.505614 0.472636 0.0217494 0 0
 0 0 0 0 0
 0.443492 0.261883 0.143347 0.151278 0
 0.227955 0.32914 0.350689 0.0885471 0.00366901
 0.970185 0.0296113 0.000203453 0 0
 0.997202 0.00247181 0.000326279 0 0
 0.445219 0.490057 0.0546422 0.010081 0
 0.90214 0.0892962 0.00764917 0.000914606 0
 0 0 0 0 0
 0.581667 0.319106 0.0959925 0.00289975 0.000334073
 0.762889 0.0836404 0.116647 0.0363945 0.000428098
 0.88444 0.0763242 0.0277011 0.0115352 0
 0.521256 0.241999 0.230069 0.00667565 0
 0.616807 0.101726 0.260614 0.0208532 0
ppred_PELACES
 0.971991 0.0205145 0.0067591 0.000734982 7.51797e-08
 0.00408791 0.968018 0.0204306 0.00673147 0.000732052
 0.0444264 0.0039063 0.925012 0.019523 0.00713194
 0.921686 0.00347922 0.000305919 0.0724417 0.00208746
 0.062285 0.864278 0.00326252 0.000286865 0.0698871
 0.997651 0.000146323 0.00203041 7.66447e-06 0.000164856
 0.00915614 0.988516 0.000144983 0.00201181 0.000170941
 0.0203275 0.00897002 0.968422 0.000142036 0.00213839
 0.963842 0.000735012 0.000324342 0.0350167 8.24566e-05
 0.0606296 0.905404 0.000690449 0.000304678 0.0329711
 0.957534 0.00257472 0.0384492 2.93209e-05 0.0014131
 0.953637 0.0443942 0.000119372 0.00178262 6.68751e-05
 0.476487 0.499241 0.0232409 6.24927e-05 0.000968236
 0.876405 0.0588916 0.0617039 0.00287247 0.000127393
 0.858838 0.123715 0.00831324 0.00871022 0.000423466
 0.988803 0.00961658 0.00138526 9.3085e-05 0.000102272
 0.0178071 0.971195 0.00944534 0.00136059 0.000191878
 0.983357 0.000296369 0.0161639 0.000157202 2.58382e-05
 0.171043 0.815161 0.000245677 0.0133992 0.000151732
 0.0909404 0.155488 0.74103 0.000223335 0.0123186
 0.948444 0.00468849 0.00801627 0.0382042 0.000646606
 0.832233 0.159118 0.000786573 0.00134486 0.00651788
 0.0109506 0.82312 0.157375 0.000777959 0.00777664
 0.901997 0.00107319 0.0806683 0.0154233 0.000838378
 0.445622 0.500047 0.000594956 0.0447208 0.0090151
 0.0929096 0.404219 0.453588 0.000539679 0.0487433
 0.931336 0.00637957 0.0277554 0.0311453 0.00338398
 0.819842 0.167788 0.00114933 0.00500038 0.00622075
 0.0251261 0.799242 0.163572 0.00112046 0.0109392
 0.0306551 0.0243559 0.774741 0.158558 0.0116899
pobs_pel_tallas
 0 0 0 0 0 0 0 0 0 0 0 0 0 0 0 0 0 0 0 0 0 0 0 0 0 0
 0 0 0 0 0 0 0 0 0 0 0 0 0 0 0 0 0 0 0 0 0 0 0 0 0 0
 0 0 0 0 0 0 0 0 0 0 0 0 0 0 0 0 0 0 0 0 0 0 0 0 0 0
 0 0 0 0 0 0 0 0 0 0 0 0 0 0 0 0 0 0 0 0 0 0 0 0 0 0
 0 0 0 0 0 0 0 0 0 0 0 0 0 0 0 0 0 0 0 0 0 0 0 0 0 0
 0 0 0 0 0 0 0 0 0 0 0 0 0 0 0 0 0 0 0 0 0 0 0 0 0 0
 0 0 0 0 0 0 0 0 0 0 0 0 0 0 0 0 0 0 0 0 0 0 0 0 0 0
 0 0 0 0 0 0 0 0 0 0 0 0 0 0 0 0 0 0 0 0 0 0 0 0 0 0
 0 0 0 0 0 0 0 0 0 0 0 0 0 0 0 0 0 0 0 0 0 0 0 0 0 0
 0 0 0 0 0 0 0 0 0 0 0 0 0 0 0 0 0 0 0 0 0 0 0 0 0 0
 0 0 0 0 0 0 0 0 0 0 0 0 0 0 0 0 0 0 0 0 0 0 0 0 0 0
 0 0 0 0 0 0 0 0 0 0 0 0 0 0 0 0 0 0 0 0 0 0 0 0 0 0
 0.00862536 0 0 0.000197151 0.00414017 0.0128641 0.00837892 0.0270097 0.101434 0.158115 0.152841 0.127902 0.109271 0.109419 0.0830992 0.0579132 0.0238553 0.00714673 0.00463305 0.00128148 0.00103504 0.000492878 0.000147863 0.000147863 4.92878e-05 0
 0 0 0 0 0 0 0 0 0 0 0 0 0 0 0 0 0 0 0 0 0 0 0 0 0 0
 0 0 0 0 0 0 0 0.0054083 0.00873648 0.0413646 0.0450493 0.0745869 0.0622846 0.0627006 0.0613931 0.0827291 0.12552 0.122667 0.0946155 0.0697135 0.0546179 0.0294188 0.0215738 0.0213955 0.0102223 0.00600262
 0 0 0 0 0.00359764 0.0251062 0.0480494 0.140153 0.205849 0.193036 0.1447 0.116669 0.0760912 0.0342217 0.00950174 0.001854 0.000860785 0 0 0 0.000165536 0 0.000143464 0 0 0
 0 0 0 0 0 0 0 0.000145254 0.000435761 0.0275982 0.070085 0.0708112 0.156366 0.174668 0.174014 0.160142 0.0824315 0.0480064 0.0283245 0.00493863 0.00203355 0 0 0 0 0
 0 0 0 0 0 0 0 0 0 0 0 0 0 0 0 0 0 0 0 0 0 0 0 0 0 0
 0 0 1.00437e-05 0.000401748 0.00122533 0.00171747 0.00176769 0.0269171 0.070346 0.194647 0.189555 0.159765 0.064822 0.0314167 0.0384472 0.0292271 0.0345202 0.0313363 0.0194345 0.0106764 0.0143323 0.0359363 0.0279516 0.0138201 0.00172751 0
 0 0.0021121 0.0136068 0.0755702 0.200478 0.177729 0.0527432 0.0373336 0.0318909 0.0142505 0.0149659 0.0166563 0.0217959 0.0798694 0.0677717 0.0528807 0.04013 0.0224614 0.0357745 0.0225083 0.00881397 0.00855152 0.00135912 0.000746735 0 0
 0 0 0 0 5.4009e-05 0.00500934 0.000945158 0.0243581 0.138947 0.33067 0.221406 0.137944 0.0707744 0.0437923 0.0131692 0.00525238 0.0047753 0.00276346 9.45158e-05 9.00151e-06 2.25038e-05 9.00151e-06 4.50075e-06 0 0 0
 0.000866109 0.00284123 0.00948549 0.0512746 0.133035 0.25785 0.225252 0.132002 0.0553304 0.0519788 0.0540692 0.017754 0.00435017 0.00159236 0.00146478 0.000404838 0.000125132 0.000115318 0.000107957 0.000100596 0 0 0 0 0 0
 0 0 0 0 0.00144013 0.00171154 0.00461396 0.0210425 0.0478622 0.0707936 0.0888783 0.103762 0.0637923 0.0337046 0.0602308 0.124433 0.169614 0.0934646 0.0462172 0.0250306 0.0313229 0.00938855 0.002487 0.000210481 0 0
 0 0.00764035 0.051015 0.0998891 0.058973 0.0496711 0.0374665 0.0718981 0.12319 0.153886 0.159021 0.0857701 0.0377988 0.023471 0.0147837 0.00900784 0.00315554 0.000888139 0.00291439 0.00214683 0.00393193 0.00274676 0.000635225 9.99891e-05 0 0
 0 0 0 0 0 0 0 0 0 0 0 0 0 0 0 0 0 0 0 0 0 0 0 0 0 0
 0 0 0 0 0 0 0 0 0 0 0 0 0 0 0 0 0 0 0 0 0 0 0 0 0 0
 0 0 0 0 0 0 0 0 0 0 0 0 0 0 0 0 0 0 0 0 0 0 0 0 0 0
 0 0 0 0 0 0 0 0 0 0 0 0 0 0 0 0 0 0 0 0 0 0 0 0 0 0
 0 0 0 0 0 0 0 0 0 0 0 0 0 0 0 0 0 0 0 0 0 0 0 0 0 0
 0 0 0 0 0 0 0 0 0 0 0 0 0 0 0 0 0 0 0 0 0 0 0 0 0 0
ppred_pel_tallas
 1.00275e-16 8.00616e-05 0.000778228 0.0051716 0.0235093 0.0731463 0.155846 0.227462 0.227464 0.155856 0.0731788 0.0236035 0.00540816 0.00129558 0.00106533 0.00164152 0.00237314 0.00301762 0.00338605 0.00339032 0.00308674 0.0026292 0.00216911 0.00178258 0.001468 0.00119127
 1.01636e-16 3.36917e-07 3.27505e-06 2.17684e-05 9.9013e-05 0.000308566 0.000660874 0.000984084 0.0010772 0.00111575 0.00183534 0.0045064 0.0110756 0.0241031 0.0456794 0.0752787 0.107883 0.13449 0.145925 0.137963 0.113918 0.0825543 0.0530571 0.0309144 0.0170429 0.00950348
 1.2986e-16 3.65935e-06 3.55702e-05 0.000236376 0.00107453 0.00334328 0.00712327 0.010397 0.0103988 0.0071328 0.00337939 0.00119708 0.000612674 0.00108383 0.00265727 0.00611034 0.0128003 0.0243916 0.0422529 0.0664925 0.0949994 0.12317 0.144888 0.154638 0.149796 0.131786
 1.07628e-16 7.5918e-05 0.00073795 0.00490394 0.0222926 0.0693605 0.14778 0.215689 0.21569 0.147782 0.0693666 0.0223105 0.0049506 0.000845737 0.000299415 0.000428456 0.000748105 0.00126354 0.00207587 0.00332761 0.00515406 0.00759429 0.0104947 0.013468 0.0159573 0.0174036
 1.12171e-16 5.13052e-06 4.98705e-05 0.000331411 0.0015066 0.00468803 0.00999142 0.0146002 0.0146833 0.0103975 0.00605097 0.00544093 0.0101986 0.0215618 0.0407786 0.0671966 0.0963157 0.120133 0.130541 0.12391 0.103399 0.077034 0.0531267 0.0364832 0.0275569 0.02402
 1.00088e-16 8.21752e-05 0.000798772 0.00530812 0.0241299 0.0750772 0.15996 0.233466 0.233466 0.15996 0.0750775 0.0241308 0.00531052 0.000804514 9.45363e-05 3.00009e-05 4.39865e-05 7.33063e-05 0.000114867 0.000168316 0.000229803 0.000290757 0.00033916 0.00036345 0.000357311 0.000322538
 1.00488e-16 7.54385e-07 7.33298e-06 4.87349e-05 0.0002216 0.00068999 0.00147361 0.0021707 0.00226575 0.00193793 0.00224839 0.00471983 0.0113288 0.0245948 0.0465881 0.0767331 0.109868 0.136754 0.147983 0.139227 0.113909 0.0810824 0.0502755 0.0272424 0.0130143 0.00561506
 1.28325e-16 1.67436e-06 1.62753e-05 0.000108155 0.00049166 0.00152975 0.00325937 0.00475762 0.00475997 0.00327159 0.00157507 0.000641513 0.000555624 0.00122845 0.00299104 0.00672724 0.0138282 0.0259601 0.0444629 0.0693735 0.0984521 0.126913 0.148451 0.157449 0.151353 0.131842
 1.03536e-16 7.93903e-05 0.000771702 0.00512823 0.0233122 0.0725329 0.154539 0.225554 0.225554 0.154539 0.0725344 0.0233166 0.00514 0.000800279 0.000142821 0.000136516 0.000255935 0.000477654 0.000855678 0.00146083 0.00235251 0.00353833 0.0049338 0.00634797 0.00751627 0.00817874
 1.05862e-16 4.99417e-06 4.85452e-05 0.000322604 0.00146657 0.0045635 0.00972623 0.014214 0.014301 0.0101515 0.00599102 0.00558715 0.0106561 0.0225745 0.0426917 0.0703248 0.100735 0.12549 0.136027 0.128451 0.105977 0.0769531 0.0501065 0.0306114 0.0192103 0.0138153
 1.01353e-16 7.88708e-05 0.000766652 0.00509467 0.0231596 0.0720582 0.153528 0.224078 0.224079 0.153529 0.0720635 0.0231757 0.00513783 0.000870192 0.000302779 0.000446608 0.000800182 0.00134738 0.00211776 0.00310592 0.00423394 0.00533456 0.00617872 0.0065522 0.00634711 0.0056138
 1.00205e-16 7.85498e-05 0.000763532 0.00507394 0.0230654 0.071765 0.152903 0.223168 0.223172 0.152924 0.071835 0.0232675 0.00558073 0.00186836 0.00217246 0.00345584 0.00494429 0.00616267 0.00668709 0.00632669 0.00523786 0.00382679 0.00251638 0.00155484 0.00097506 0.000675477
 1.00969e-16 3.92477e-05 0.000381502 0.00253522 0.0115248 0.0358581 0.0764012 0.11152 0.111568 0.0766359 0.0366459 0.0137991 0.00824032 0.0128227 0.0236288 0.0388995 0.0557928 0.0696537 0.0757616 0.0719323 0.0598411 0.0439448 0.0289055 0.0174962 0.0101783 0.00599387
 1.02106e-16 7.21883e-05 0.000701696 0.00466302 0.0211974 0.065953 0.14052 0.205094 0.2051 0.140548 0.0660479 0.0214724 0.00535728 0.0022303 0.00301335 0.00496631 0.00737636 0.00975067 0.0116202 0.0127375 0.0131664 0.0131361 0.0128002 0.0121252 0.0109887 0.00936096
 1.01217e-16 7.07414e-05 0.000687632 0.00456955 0.0207725 0.0646311 0.137704 0.200985 0.200997 0.137762 0.0648265 0.0213367 0.00598504 0.00377575 0.00593015 0.00967776 0.0139024 0.0174182 0.0190718 0.0183408 0.015649 0.012089 0.00877686 0.00633646 0.0048086 0.00389472
 1.0007e-16 8.14464e-05 0.000791688 0.00526104 0.0239159 0.0744114 0.158541 0.231396 0.231397 0.158546 0.0744266 0.0239599 0.00537128 0.00103233 0.000538436 0.000761101 0.0010881 0.00136719 0.00150423 0.00145738 0.00125704 0.000984502 0.000723147 0.000520146 0.000380681 0.000286549
 1.0069e-16 1.46695e-06 1.42594e-05 9.47631e-05 0.000430836 0.00134099 0.00286058 0.00419468 0.00428808 0.00331684 0.00287238 0.00485128 0.0111804 0.0241802 0.0457967 0.0754453 0.108063 0.134589 0.145791 0.137418 0.11281 0.0808136 0.0507314 0.0281655 0.0141088 0.00664071
 1.00487e-16 8.09978e-05 0.000787327 0.00523207 0.0237842 0.0740015 0.157668 0.230121 0.230121 0.157668 0.0740025 0.0237874 0.00524122 0.00081125 0.000137923 0.000129663 0.000248094 0.000455145 0.000767156 0.00118416 0.0016695 0.00214463 0.00250532 0.00265789 0.00255872 0.00223449
 1.01585e-16 1.40887e-05 0.000136947 0.000910068 0.00413708 0.0128724 0.027429 0.0400498 0.0401282 0.0278119 0.0141576 0.00784681 0.0102131 0.020416 0.0384411 0.0633023 0.0906588 0.112898 0.122282 0.115267 0.0946943 0.06803 0.0431009 0.0245864 0.0132477 0.00736895
 1.23532e-16 7.49068e-06 7.28121e-05 0.000483863 0.00219958 0.00684379 0.014582 0.0212862 0.0213023 0.0146612 0.00711282 0.00299072 0.00252278 0.00469884 0.00930437 0.0166983 0.0271326 0.0404997 0.0564272 0.0743165 0.0929948 0.110181 0.122482 0.126436 0.120173 0.10459
 1.04174e-16 7.81221e-05 0.000759375 0.00504631 0.0229398 0.0713742 0.15207 0.221951 0.221952 0.152073 0.0713822 0.0229631 0.00510626 0.000895138 0.000351057 0.000498434 0.000814361 0.00125817 0.00186446 0.00269533 0.0038124 0.00522205 0.00681899 0.00837107 0.00956997 0.010133
 1.01302e-16 6.855e-05 0.00066633 0.004428 0.020129 0.062629 0.133438 0.19476 0.194776 0.133513 0.0628799 0.0208533 0.00624443 0.00462625 0.00757354 0.0123715 0.0177209 0.0220897 0.023973 0.022691 0.0188109 0.0137979 0.00917792 0.00584716 0.00391988 0.00301444
 1.06146e-16 9.0216e-07 8.76939e-06 5.82796e-05 0.000264979 0.000824874 0.00176041 0.00258602 0.00266541 0.00214835 0.00212761 0.00402838 0.00950733 0.0206439 0.039213 0.0648812 0.0935872 0.117929 0.130315 0.127167 0.110985 0.0885292 0.0666979 0.0493449 0.0368721 0.0278519
 1.04017e-16 7.42963e-05 0.000722186 0.00479918 0.0218164 0.0678789 0.144623 0.211082 0.211082 0.144624 0.0678833 0.0218308 0.00484165 0.000835758 0.000351268 0.000623326 0.00126502 0.00237387 0.0040837 0.00643003 0.00925433 0.0121632 0.0145951 0.0159972 0.0160366 0.0147328
 1.06156e-16 3.67054e-05 0.000356789 0.00237099 0.0107782 0.0335353 0.0714523 0.104297 0.104345 0.0716873 0.034324 0.0130551 0.00808182 0.012809 0.0236438 0.0389229 0.0558242 0.0697137 0.0759266 0.0723864 0.0609176 0.0461162 0.032687 0.0232693 0.017996 0.0154671
 1.21496e-16 7.65292e-06 7.43892e-05 0.000494344 0.00224724 0.00699221 0.0148991 0.021754 0.0217935 0.0150928 0.00764427 0.00413846 0.00527111 0.0105998 0.0202829 0.0342634 0.0510857 0.0678368 0.0814153 0.0901951 0.0946308 0.0962319 0.0959003 0.0931897 0.0870152 0.076944
 1.04499e-16 7.67129e-05 0.000745677 0.00495528 0.022526 0.0700867 0.149327 0.217948 0.217948 0.149331 0.0700979 0.0225591 0.00504105 0.000942111 0.00047735 0.000741547 0.00123823 0.00194127 0.00288969 0.0041309 0.00568122 0.00746779 0.00928924 0.0108384 0.0117923 0.0119278
 1.01631e-16 6.75293e-05 0.000656409 0.00436207 0.0198293 0.0616965 0.131452 0.191861 0.191877 0.13153 0.0619611 0.0205932 0.00627788 0.00483334 0.00798485 0.0130538 0.018706 0.0233344 0.0253584 0.0240673 0.0200627 0.0148872 0.0101384 0.00674188 0.00479444 0.00387357
 1.06889e-16 2.06977e-06 2.0119e-05 0.000133701 0.000607835 0.00189161 0.00403313 0.00590263 0.00597973 0.00440991 0.00315692 0.00426334 0.0093127 0.0200683 0.0381071 0.0630713 0.0910274 0.114811 0.127072 0.124347 0.109045 0.0876826 0.0668872 0.0503247 0.0383325 0.0295107
 1.40243e-16 2.52503e-06 2.45442e-05 0.000163105 0.000741453 0.00230695 0.00491533 0.00717481 0.0071784 0.00493349 0.00237156 0.0009441 0.000732399 0.0014683 0.00333474 0.00705303 0.0137702 0.0248774 0.0415945 0.0642338 0.0913473 0.119293 0.142787 0.156532 0.157245 0.144975
pSPR Fmed_Fpbrs
0.38266   0.172673 0.172673
Fs Fmed_Fpbrs
0.49832   1.005 1.005
SSBpbr Bo_Bmed_Bpbrs
1.64346e+06  546714  201609 201609
Ro
26122.8
SPR SPRFo_SPRFmed_SPRFpbrs
185952 71156.4 32108.9
Fref
1.005
log_Ro
9.99056
likeval ReclasPelacesDesembMPH_pf_preclas_ppelaces_ptallas_desvR_qrecl_qpela
 23.8386 73.1421 1.69595 0.00178142 417.621 162.108 130.805 0 268.894 1.91476e-05 0 7.91698 0 0 0
q_reclas_q_pelaces
1.85906 1
M
1
N
 537092 11335.7 3734.87 406.128 0.041542
 641.41 151886 3205.65 1056.2 114.862
 1689.79 148.579 35183.6 742.572 271.269
 97595.1 368.407 32.393 7670.68 221.036
 813.463 11287.8 42.6095 3.74655 912.748
 329656 48.3499 670.912 2.53259 54.4738
 829.253 89527.9 13.1308 182.206 15.4818
 236.887 104.532 11285.5 1.65522 24.9197
 69154.6 52.7364 23.2712 2512.41 5.91618
 1038.59 15509.7 11.8274 5.21915 564.798
 35400.6 95.1889 1421.49 1.08401 52.2432
 185275 8625.03 23.1919 346.333 12.9927
 35257.3 36941 1719.69 4.6241 71.6439
 72997.4 4905.19 5139.43 239.253 10.6108
 43370 6247.41 419.806 439.853 21.3844
 401840 3908.09 562.956 37.8289 41.5622
 1690.64 92206.8 896.755 129.177 18.2172
 1.19272e+06 359.469 19605.4 190.671 31.3394
 77746.3 370526 111.671 6090.51 68.9689
 11721.9 20041.8 95516 28.7871 1587.82
 432574 2138.36 3656.12 17424.5 294.909
 557082 106510 526.517 900.227 4362.95
 1803.14 135536 25913.6 128.1 1280.51
 383004 455.698 34253.2 6548.99 355.99
 103556 116203 138.259 10392.4 2094.97
 6705.64 29174.1 32737.2 38.9507 3517.99
 234059 1603.28 6975.36 7827.29 850.446
 309430 63327.6 433.789 1887.27 2347.87
 3004.03 95556 19556.4 133.96 1307.87
 1108.97 881.088 28026.7 5735.92 422.891
pred_Ctot
 80222.5 1693.15 557.856 60.6611 0.00620489
 155.864 36908.7 778.983 256.658 27.9118
 453.865 39.9072 9450.03 199.449 72.8608
 46296.7 174.763 15.3665 3638.78 104.854
 494.069 6855.79 25.8795 2.27552 554.371
 55910.3 8.20024 113.788 0.429532 9.23886
 374.788 40462.9 5.9346 82.3496 6.99712
 61.5696 27.1691 2933.24 0.430211 6.47692
 17759.2 13.5429 5.97616 645.199 1.5193
 548.633 8192.93 6.24782 2.757 298.353
 7813.48 21.0098 313.746 0.239259 11.5309
 56345.3 2623.02 7.05305 105.326 3.95129
 14963.5 15678.1 729.854 1.96251 30.4063
 39596.6 2660.77 2787.83 129.78 5.75572
 23065.4 3322.55 223.265 233.926 11.3728
 99287.4 965.617 139.096 9.34682 10.2693
 471.368 25708.3 250.026 36.0159 5.07916
 118906 35.8365 1954.51 19.0086 3.12432
 15137.9 72144.9 21.7434 1185.88 13.4289
 3950.85 6755.08 32193.6 9.70268 535.174
 93412.1 461.768 789.521 3762.72 63.6841
 123312 23576.5 116.547 199.269 965.758
 367.809 27646.9 5285.91 26.1301 261.202
 43106.6 51.2882 3855.16 737.081 40.0663
 15666.8 17580.2 20.9169 1572.25 316.945
 1536.51 6684.86 7501.31 8.92505 806.102
 40127.9 274.873 1195.88 1341.94 145.804
 31856.5 6519.72 44.6596 194.299 241.719
 392.123 12473.1 2552.74 17.4861 170.719
 333.638 265.08 8431.98 1725.68 127.229
F
 0.263039 0.263039 0.263039 0.263039 0.263039
 0.462551 0.462551 0.462551 0.462551 0.462551
 0.523175 0.523175 0.523175 0.523175 0.523175
 1.15711 1.15711 1.15711 1.15711 1.15711
 1.82284 1.82284 1.82284 1.82284 1.82284
 0.303501 0.303501 0.303501 0.303501 0.303501
 1.07103 1.07103 1.07103 1.07103 1.07103
 0.502278 0.502278 0.502278 0.502278 0.502278
 0.494883 0.494883 0.494883 0.494883 0.494883
 1.38976 1.38976 1.38976 1.38976 1.38976
 0.412059 0.412059 0.412059 0.412059 0.412059
 0.612522 0.612522 0.612522 0.612522 0.612522
 0.972379 0.972379 0.972379 0.972379 0.972379
 1.45826 1.45826 1.45826 1.45826 1.45826
 1.40672 1.40672 1.40672 1.40672 1.40672
 0.47202 0.47202 0.47202 0.47202 0.47202
 0.548231 0.548231 0.548231 0.548231 0.548231
 0.169071 0.169071 0.169071 0.169071 0.169071
 0.35563 0.35563 0.35563 0.35563 0.35563
 0.701418 0.701418 0.701418 0.701418 0.701418
 0.401511 0.401511 0.401511 0.401511 0.401511
 0.413476 0.413476 0.413476 0.413476 0.413476
 0.375456 0.375456 0.375456 0.375456 0.375456
 0.192704 0.192704 0.192704 0.192704 0.192704
 0.266828 0.266828 0.266828 0.266828 0.266828
 0.430896 0.430896 0.430896 0.430896 0.430896
 0.307251 0.307251 0.307251 0.307251 0.307251
 0.175019 0.175019 0.175019 0.175019 0.175019
 0.226553 0.226553 0.226553 0.226553 0.226553
 0.604049 0.604049 0.604049 0.604049 0.604049
nmprior
 8 8 7 0
nm_flota  nm_reclas  nm_pelaces    nm_pelaL
inf 3.90638 2.26314 2.66474
cv_recla  cv_pelaces  cv_mph
0.45203 1.00635 1.30253
 ------------------------------------------------
Talla a la edad & desviación 
 8 13.2811 15.8009 17.003 17.5766
 0.8 1.32811 1.58009 1.7003 1.75766
