    unsorted:	 2.359164350e-06 2.283412933e-06 5.967379702e-05 5.384737054e-05 1.356780196e-05 8.081688955e-05 0.001099992861 13.18476442 61.79877876 161.4935775 147.6034158 234.1440320 284.3391105 370.4510166 688.2389692 547.6236513 799.4052746 864.8705416 911.5821037 928.9212293 1082.519154 1242.303838 1305.401279 1424.380684 1541.219256 1850.285161 1931.300465 2045.860925 2291.389804 2186.199486 2383.047022 2447.850270 2488.638496 2580.427530 2644.038671 2860.914156 2983.920798 3243.079637 3414.592382 3635.755113 3910.902925 5530.694191 8786.344020 37311.40741 412907.3063 416359.9099 403880.8076 401464.8920 384032.6548 366116.0941 471049.9038 470563.5315 473360.5821 452835.9188 337240.3106 163602.6622 533275.7849 565651.9735 587241.7808 615178.5117 669835.3622 824598.6263 885385.1049 1016578.072 1071130.590 1341394.637 1509226.464 1637330.470 2236874.101 2343647.410 2407754.148 2669980.536 2971173.872 3077521.150 3421600.293
      sorted:	 2.283412933e-06 2.359164350e-06 1.356780196e-05 5.384737054e-05 5.967379702e-05 8.081688955e-05 0.001099992861 13.18476442 61.79877876 147.6034158 161.4935775 234.1440320 284.3391105 370.4510166 547.6236513 688.2389692 799.4052746 864.8705416 911.5821037 928.9212293 1082.519154 1242.303838 1305.401279 1424.380684 1541.219256 1850.285161 1931.300465 2045.860925 2186.199486 2291.389804 2383.047022 2447.850270 2488.638496 2580.427530 2644.038671 2860.914156 2983.920798 3243.079637 3414.592382 3635.755113 3910.902925 5530.694191 8786.344020 37311.40741 163602.6622 337240.3106 366116.0941 384032.6548 401464.8920 403880.8076 412907.3063 416359.9099 452835.9188 470563.5315 471049.9038 473360.5821 533275.7849 565651.9735 587241.7808 615178.5117 669835.3622 824598.6263 885385.1049 1016578.072 1071130.590 1341394.637 1509226.464 1637330.470 2236874.101 2343647.410 2407754.148 2669980.536 2971173.872 3077521.150 3421600.293
