years
 1991 1992 1993 1994 1995 1996 1997 1998 1999 2000 2001 2002 2003 2004 2005 2006 2007 2008 2009 2010 2011 2012 2013 2014 2015 2016 2017 2018 2019 2020
reclasobs
 0 0 0 0 0 0 0 0 0 252601 567819 844713 477998 351125 339783 2.1784e+06 2.13404e+06 4.81314e+06 1.55562e+06 2.62356e+06 3.21686e+06 3.843e+06 1.13348e+06 3.07943e+06 1.97215e+06 2.03268e+06 2.025e+06 2.42433e+06 2.27542e+06 1.05018e+06
reclaspred
 3.23575e+06 1.84061e+06 933622 931235 929723 1.42412e+06 955938 862965 636538 476963 507886 631813 627506 506467 513441 1.24152e+06 1.24131e+06 2.66017e+06 2.23208e+06 1.73113e+06 3.05243e+06 2.44756e+06 1.98131e+06 3.00061e+06 2.26933e+06 2.00958e+06 2.37007e+06 2.48054e+06 2.05461e+06 1.32276e+06
pelacesobs
 0 0 0 0 0 0 0 0 0 0 0 0 0 0 0 552880 188675 0 991730 2.46772e+06 1.41603e+06 1.21717e+06 2.29649e+06 1.80582e+06 0 1.4828e+06 1.56532e+06 1.57751e+06 1.42118e+06 867257
pelacespred
 1.84762e+06 1.17925e+06 606046 491930 501749 793362 511245 545907 399044 286669 309756 324960 352556 305646 314654 625868 624073 1.52206e+06 1.33679e+06 966166 1.61691e+06 1.44125e+06 1.14723e+06 1.88252e+06 1.38363e+06 1.21604e+06 1.62936e+06 1.68591e+06 1.1496e+06 844611
mphobs
 0 0 0 0 0 0 0 0 0 0 0 498337 0 5186 125008 0 168611 109162 213762 579715 649985 157893 87575 83554 0 0 0 0 0 0
mphpred
 486902 326147 165857 90026.8 99961.5 111288 145792 98329.9 86149.8 61688.6 41916.7 59518 64139.8 55706.9 40182.9 49642.3 144608 141590 264854 207099 229984 279577 262278 219301 299372 247772 204612 217727 297554 205091
desembarqueobs
 494567 514787 250237 358949 120608 361735 552515 73892 212993 205616 52469 317467 293654 387597 252695 516296 358380 742168 942051 627588 828172 859565 418607 520667 417249 300574 407403 355545 319650 289779
desembarquepred
 494574 513285 251004 358971 120612 361748 552562 73895.3 213032 205652 52471.1 317527 293705 387651 252699 516281 358404 742108 941932 627505 828227 859589 418616 520685 417250 300576 407404 355536 319647 289788
Reclutas
 228795 133293 131386 237261 190155 315975 133845 63830.4 58865.2 77266.7 140510 175820 147561 103326 106615 558046 125342 853366 500488 402453 578891 764890 167817 493271 415732 187547 422149 464964 133930 104515
log_desv_Rt
 0.0658833 -0.474399 -0.488806 0.102218 -0.119103 0.388717 -0.470262 -1.21072 -1.29169 -1.01968 -0.421665 -0.197486 -0.372705 -0.729054 -0.697723 0.957496 -0.535901 1.38224 0.848639 0.630633 0.994169 1.27279 -0.244069 0.834114 0.663096 -0.132915 0.678413 0.775016 -0.469629 -0.717618
SSB
 4.3419e+06 2.90838e+06 1.47901e+06 802805 891397 992398 1.30009e+06 876848 768232 550102 373788 530746 571961 496761 358327 442680 1.28952e+06 1.26261e+06 2.36181e+06 1.84679e+06 2.05086e+06 2.4931e+06 2.33884e+06 1.95559e+06 2.66962e+06 2.20949e+06 1.82461e+06 1.94156e+06 2.65341e+06 1.82888e+06
BT
 5.72507e+06 3.8977e+06 1.99425e+06 1.71703e+06 1.53594e+06 2.5873e+06 1.96572e+06 1.63197e+06 1.35755e+06 1.02289e+06 935455 1.20178e+06 1.2806e+06 1.28229e+06 1.15785e+06 2.21826e+06 2.07319e+06 5.02694e+06 4.7489e+06 3.33843e+06 5.31425e+06 4.94928e+06 3.66133e+06 5.89055e+06 4.3582e+06 3.7592e+06 5.0946e+06 5.19737e+06 3.56561e+06 2.70752e+06
Ftot
 0.0983298 0.17748 0.172184 0.256788 0.0863947 0.172305 0.368081 0.0567524 0.219887 0.281629 0.0714723 0.333282 0.309594 0.500526 0.334821 0.291283 0.188645 0.193568 0.278627 0.240293 0.18242 0.234714 0.137651 0.119231 0.121855 0.0986123 0.117709 0.0989326 0.100173 0.141905
BD_Bspro_t
 0.98441 0.883504 0.756584 0.680249 0.673807 0.735495 0.726242 0.593082 0.644898 0.613962 0.588868 0.745809 0.642218 0.562411 0.467027 0.520765 0.664192 0.647772 0.723264 0.642347 0.623511 0.66542 0.677495 0.674692 0.763015 0.770308 0.77707 0.807251 0.841683 0.788261
BD_Bspro
 2.8475 1.90737 0.969962 0.526494 0.584594 0.650833 0.852623 0.575053 0.503821 0.360767 0.245137 0.348073 0.375102 0.325785 0.234997 0.290318 0.845693 0.828045 1.54892 1.21116 1.34499 1.63502 1.53385 1.28251 1.75078 1.44902 1.19661 1.27331 1.74016 1.19941
BD_Bo
 1.85817 1.24468 0.632961 0.34357 0.381484 0.424709 0.55639 0.375258 0.328774 0.235423 0.159967 0.227139 0.244778 0.212595 0.15335 0.189451 0.551867 0.540351 1.01076 0.790355 0.877692 1.06695 1.00093 0.836921 1.1425 0.945577 0.780864 0.830915 1.13556 0.782691
BD_Brms
 12.344 8.26851 4.20481 2.28237 2.53423 2.82138 3.69614 2.49287 2.18408 1.56393 1.06267 1.50891 1.62608 1.41229 1.01872 1.25854 3.6661 3.5896 6.71459 5.25039 5.83058 7.08786 6.64929 5.55973 7.5897 6.28155 5.18735 5.51984 7.54362 5.19948
Sel_flota
 0.854459 0.991115 0.999528 0.999975 0.999999
 0.854459 0.991115 0.999528 0.999975 0.999999
 0.854459 0.991115 0.999528 0.999975 0.999999
 0.854459 0.991115 0.999528 0.999975 0.999999
 0.854459 0.991115 0.999528 0.999975 0.999999
 0.854459 0.991115 0.999528 0.999975 0.999999
 0.854459 0.991115 0.999528 0.999975 0.999999
 0.854459 0.991115 0.999528 0.999975 0.999999
 0.854459 0.991115 0.999528 0.999975 0.999999
 0.854459 0.991115 0.999528 0.999975 0.999999
 0.854459 0.991115 0.999528 0.999975 0.999999
 0.854459 0.991115 0.999528 0.999975 0.999999
 0.854459 0.991115 0.999528 0.999975 0.999999
 0.854459 0.991115 0.999528 0.999975 0.999999
 0.854459 0.991115 0.999528 0.999975 0.999999
 0.854459 0.991115 0.999528 0.999975 0.999999
 0.854459 0.991115 0.999528 0.999975 0.999999
 0.854459 0.991115 0.999528 0.999975 0.999999
 0.854459 0.991115 0.999528 0.999975 0.999999
 0.854459 0.991115 0.999528 0.999975 0.999999
 0.854459 0.991115 0.999528 0.999975 0.999999
 0.854459 0.991115 0.999528 0.999975 0.999999
 0.854459 0.991115 0.999528 0.999975 0.999999
 0.854459 0.991115 0.999528 0.999975 0.999999
 0.854459 0.991115 0.999528 0.999975 0.999999
 0.854459 0.991115 0.999528 0.999975 0.999999
 0.854459 0.991115 0.999528 0.999975 0.999999
 0.854459 0.991115 0.999528 0.999975 0.999999
 0.854459 0.991115 0.999528 0.999975 0.999999
 0.854459 0.991115 0.999528 0.999975 0.999999
Sel_reclas
 1 1 1 1 1
 1 1 1 1 1
 1 1 1 1 1
 1 1 1 1 1
 1 1 1 1 1
 1 1 1 1 1
 1 1 1 1 1
 1 1 1 1 1
 1 1 1 1 1
 1 1 1 1 1
 1 1 1 1 1
 1 1 1 1 1
 1 1 1 1 1
 1 1 1 1 1
 1 1 1 1 1
 1 1 1 1 1
 1 1 1 1 1
 1 1 1 1 1
 1 1 1 1 1
 1 1 1 1 1
 1 1 1 1 1
 1 1 1 1 1
 1 1 1 1 1
 1 1 1 1 1
 1 1 1 1 1
 1 1 1 1 1
 1 1 1 1 1
 1 1 1 1 1
 1 1 1 1 1
 1 1 1 1 1
Sel_pelaces
 1 1 1 1 1
 1 1 1 1 1
 1 1 1 1 1
 1 1 1 1 1
 1 1 1 1 1
 1 1 1 1 1
 1 1 1 1 1
 1 1 1 1 1
 1 1 1 1 1
 1 1 1 1 1
 1 1 1 1 1
 1 1 1 1 1
 1 1 1 1 1
 1 1 1 1 1
 1 1 1 1 1
 1 1 1 1 1
 1 1 1 1 1
 1 1 1 1 1
 1 1 1 1 1
 1 1 1 1 1
 1 1 1 1 1
 1 1 1 1 1
 1 1 1 1 1
 1 1 1 1 1
 1 1 1 1 1
 1 1 1 1 1
 1 1 1 1 1
 1 1 1 1 1
 1 1 1 1 1
 1 1 1 1 1
pf_obs 
 0.8446 0.082 0.0669 0.0065 0
 0.8095 0.147 0.0364 0.0071 0
 0.9664 0.0169 0.016 0.0007 0
 0.9276 0.0648 0.0075 0.0001 0
 0.7033 0.2144 0.0806 0.0017 0
 0.9318 0.0425 0.0243 0.0014 0
 0.5671 0.3108 0.0964 0.0239 0.0018
 0.0768 0.2599 0.5324 0.112 0.0189
 0.490249 0.384438 0.106611 0.0170017 0.00170017
 0.7925 0.1577 0.0466 0.003 0.0002
 0.840416 0.127587 0.0312969 0.00059994 9.999e-05
 0.8084 0.0986 0.0794 0.0134 0.0002
 0.7335 0.1905 0.0724 0.0035 0.0001
 0.4001 0.4547 0.1325 0.0127 0
 0.49795 0.308269 0.164784 0.0264974 0.00249975
 0.9179 0.0499 0.0305 0.0017 0
 0.2467 0.6533 0.0926 0.0074 0
 0.9418 0.0223 0.034 0.0019 0
 0.707729 0.231977 0.0356964 0.0245975 0
 0.517169 0.277429 0.184464 0.0207286 0.00020938
 0.811772 0.124168 0.05621 0.00726502 0.000585176
 0.764997 0.148141 0.077277 0.00933861 0.000247198
 0.163321 0.427699 0.378323 0.0303852 0.000271297
 0.753843 0.0900009 0.118128 0.0371064 0.000921714
 0.721811 0.176058 0.0630433 0.0369309 0.00215725
 0.143369 0.312575 0.442814 0.0836902 0.0175525
 0.692698 0.0596174 0.167031 0.0765114 0.00414204
 0.394062 0.376323 0.152708 0.0712218 0.00568511
 0.125707 0.32114 0.495352 0.0537591 0.00404204
 0.23352 0.215282 0.420074 0.123614 0.00750983
pf_pred 
 0.425043 0.113883 0.436964 0.0241088 7.51806e-07
 0.409979 0.273392 0.0631466 0.240234 0.013249
 0.549339 0.20241 0.115604 0.0264643 0.106182
 0.745289 0.1499 0.0473132 0.0267826 0.0307158
 0.645696 0.274715 0.0470236 0.0147044 0.0178608
 0.741889 0.175278 0.0643502 0.0109221 0.00756039
 0.474892 0.404845 0.0819052 0.0298026 0.0085557
 0.443084 0.288546 0.207382 0.0415424 0.019445
 0.52438 0.228373 0.128622 0.0916761 0.0269483
 0.680447 0.180532 0.0670783 0.0374346 0.0345078
 0.795739 0.146196 0.0329426 0.012125 0.0129975
 0.722133 0.227551 0.0361005 0.00806642 0.00614876
 0.667496 0.251036 0.0668352 0.0105002 0.00413245
 0.607061 0.276623 0.0880271 0.0232106 0.005079
 0.710687 0.18821 0.0714018 0.0224802 0.00722042
 0.92512 0.0557665 0.0124771 0.00468743 0.00194878
 0.389672 0.571206 0.0292082 0.00647303 0.00344107
 0.890102 0.0469779 0.0589213 0.00298593 0.00101302
 0.598378 0.363451 0.0164016 0.0203866 0.00138296
 0.606878 0.250501 0.129185 0.00577487 0.00766103
 0.729544 0.174484 0.0613602 0.0313523 0.00325916
 0.735784 0.200727 0.0410925 0.0143219 0.00807468
 0.326617 0.51583 0.119964 0.0243336 0.0132559
 0.738053 0.0946238 0.128438 0.029611 0.00927392
 0.62809 0.285252 0.0314787 0.0423609 0.012819
 0.438841 0.371985 0.145395 0.0159071 0.0278711
 0.733448 0.126969 0.0927964 0.035963 0.0108233
 0.686378 0.239142 0.0356409 0.0258251 0.0130146
 0.346507 0.469071 0.140916 0.0208236 0.0226821
 0.433715 0.215991 0.25205 0.0750763 0.0231679
pobs_RECLAS
 0 0 0 0 0
 0 0 0 0 0
 0 0 0 0 0
 0 0 0 0 0
 0 0 0 0 0
 0 0 0 0 0
 0 0 0 0 0
 0 0 0 0 0
 0 0 0 0 0
 0 0 0 0 0
 0.991045 0.00858322 0.000360255 1.14367e-05 0
 0.934742 0.0480273 0.0164251 0.00080598 0
 0.827803 0.169806 0.00239088 0 0
 0.941827 0.0461693 0.0120037 0 0
 0.791401 0.0380133 0.147996 0.0225897 0
 0.846168 0.0940531 0.0597789 0 0
 0.134021 0.677848 0.182769 0.00536245 0
 0.80878 0.0450904 0.141981 0.00414843 0
 0.846168 0.0940531 0.0597789 0 0
 0.905697 0.0802665 0.012482 0.00150086 5.37128e-05
 0.989698 0.0102097 9.19794e-05 0 0
 0.975433 0.0193895 0.00387452 0.00125025 5.28907e-05
 0.303575 0.632131 0.0575291 0.00676475 0
 0.966965 0.00978017 0.0227588 0.000495775 0
 0.843318 0.132988 0.00938335 0.0141283 0.000182051
 0.564624 0.303363 0.111486 0.0197234 0.00080311
 0.826376 0.0876187 0.0782897 0.00655872 0.00115652
 0.89761 0.0855135 0.0140674 0.00269457 0.000114338
 0.34875 0.467042 0.161289 0.0227151 0.000203297
 0.318654 0.224769 0.449479 0.00709798 0
ppred_RECLAS
 0.463641 0.106968 0.406947 0.0224426 6.99829e-07
 0.448041 0.256986 0.0588492 0.223783 0.0123414
 0.587454 0.186194 0.105433 0.024125 0.0967941
 0.773678 0.133682 0.0418298 0.0236677 0.0271429
 0.679511 0.248981 0.0422572 0.013208 0.0160428
 0.770154 0.156519 0.0569715 0.00966534 0.00669028
 0.513832 0.375589 0.0753211 0.0273941 0.00786408
 0.481136 0.269945 0.192372 0.0385182 0.0180291
 0.563037 0.210778 0.117692 0.083847 0.0246463
 0.713411 0.162539 0.0598696 0.0333963 0.0307845
 0.819292 0.129658 0.0289687 0.0106575 0.0114242
 0.752103 0.203334 0.0319773 0.00714181 0.00544383
 0.700946 0.226268 0.0597174 0.00937763 0.00369056
 0.644297 0.251081 0.0791863 0.0208696 0.00456662
 0.741741 0.16853 0.0633781 0.0199448 0.00640591
 0.935158 0.0484002 0.010735 0.00403112 0.00167588
 0.426216 0.537304 0.0272391 0.00603392 0.00320756
 0.904445 0.0410488 0.0510434 0.00258553 0.000877158
 0.634555 0.330992 0.0148075 0.0183968 0.00124794
 0.643131 0.228117 0.116627 0.00521114 0.006913
 0.758807 0.156089 0.0544211 0.0277941 0.0028892
 0.764555 0.179247 0.0363791 0.0126733 0.00714507
 0.360911 0.49055 0.113113 0.0229334 0.0124928
 0.766961 0.084647 0.113918 0.0262517 0.00822162
 0.662836 0.259133 0.0283531 0.0381375 0.0115406
 0.476667 0.34792 0.134834 0.014745 0.0258343
 0.762521 0.113636 0.0823451 0.0318982 0.00959979
 0.718065 0.215426 0.0318339 0.0230562 0.0116189
 0.381683 0.444903 0.13252 0.0195741 0.0213206
 0.472231 0.202384 0.234157 0.0697151 0.021513
pobs_PELACES
 0 0 0 0 0
 0 0 0 0 0
 0 0 0 0 0
 0 0 0 0 0
 0 0 0 0 0
 0 0 0 0 0
 0 0 0 0 0
 0 0 0 0 0
 0 0 0 0 0
 0 0 0 0 0
 0 0 0 0 0
 0 0 0 0 0
 0 0 0 0 0
 0 0 0 0 0
 0 0 0 0 0
 0 0 0 0 0
 0.505614 0.472636 0.0217494 0 0
 0 0 0 0 0
 0.443492 0.261883 0.143347 0.151278 0
 0.227955 0.32914 0.350689 0.0885471 0.00366901
 0.970185 0.0296113 0.000203453 0 0
 0.997202 0.00247181 0.000326279 0 0
 0.445219 0.490057 0.0546422 0.010081 0
 0.90214 0.0892962 0.00764917 0.000914606 0
 0 0 0 0 0
 0.581667 0.319106 0.0959925 0.00289975 0.000334073
 0.762889 0.0836404 0.116647 0.0363945 0.000428098
 0.88444 0.0763242 0.0277011 0.0115352 0
 0.521256 0.241999 0.230069 0.00667565 0
 0.616807 0.101726 0.260614 0.0208532 0
ppred_PELACES
 0.464798 0.106761 0.406047 0.0223926 6.98271e-07
 0.450089 0.256103 0.058618 0.222898 0.0122926
 0.5894 0.185366 0.104914 0.0240056 0.0963149
 0.775751 0.132497 0.0414295 0.0234403 0.0268821
 0.680371 0.248327 0.042136 0.0131699 0.0159966
 0.771554 0.15559 0.0566062 0.00960312 0.00664721
 0.518036 0.372429 0.074611 0.0271344 0.0077895
 0.481795 0.269623 0.192112 0.0384659 0.0180046
 0.565554 0.209632 0.11698 0.0833373 0.0244964
 0.716071 0.161086 0.0592881 0.0330705 0.0304841
 0.819777 0.129317 0.0288868 0.0106273 0.0113918
 0.754926 0.201053 0.0315892 0.0070548 0.00537749
 0.703909 0.224074 0.0590875 0.00927829 0.00365146
 0.649547 0.247477 0.0779414 0.02054 0.00449448
 0.744686 0.166663 0.0626179 0.0197046 0.00632874
 0.935962 0.0478096 0.0105955 0.00397855 0.00165402
 0.428306 0.535365 0.0271266 0.00600883 0.00319422
 0.905223 0.040727 0.050616 0.00256381 0.000869788
 0.637482 0.328367 0.0146787 0.018236 0.00123703
 0.64567 0.22655 0.115748 0.00517169 0.00686065
 0.760342 0.155123 0.0540571 0.0276074 0.0028698
 0.766483 0.177808 0.0360634 0.0125629 0.00708279
 0.362364 0.489479 0.112822 0.0228741 0.0124605
 0.767959 0.0843026 0.113417 0.0261358 0.00818531
 0.664081 0.258197 0.0282411 0.0379862 0.0114948
 0.4778 0.347199 0.134518 0.0147102 0.0257733
 0.763512 0.113181 0.0819889 0.0317597 0.00955808
 0.71898 0.214741 0.0317238 0.0229761 0.0115786
 0.382768 0.444157 0.132261 0.0195355 0.0212786
 0.473887 0.201799 0.233388 0.0694846 0.0214418
pobs_pel_tallas
 0 0 0 0 0 0 0 0 0 0 0 0 0 0 0 0 0 0 0 0 0 0 0 0 0 0
 0 0 0 0 0 0 0 0 0 0 0 0 0 0 0 0 0 0 0 0 0 0 0 0 0 0
 0 0 0 0 0 0 0 0 0 0 0 0 0 0 0 0 0 0 0 0 0 0 0 0 0 0
 0 0 0 0 0 0 0 0 0 0 0 0 0 0 0 0 0 0 0 0 0 0 0 0 0 0
 0 0 0 0 0 0 0 0 0 0 0 0 0 0 0 0 0 0 0 0 0 0 0 0 0 0
 0 0 0 0 0 0 0 0 0 0 0 0 0 0 0 0 0 0 0 0 0 0 0 0 0 0
 0 0 0 0 0 0 0 0 0 0 0 0 0 0 0 0 0 0 0 0 0 0 0 0 0 0
 0 0 0 0 0 0 0 0 0 0 0 0 0 0 0 0 0 0 0 0 0 0 0 0 0 0
 0 0 0 0 0 0 0 0 0 0 0 0 0 0 0 0 0 0 0 0 0 0 0 0 0 0
 0 0 0 0 0 0 0 0 0 0 0 0 0 0 0 0 0 0 0 0 0 0 0 0 0 0
 0 0 0 0 0 0 0 0 0 0 0 0 0 0 0 0 0 0 0 0 0 0 0 0 0 0
 0 0 0 0 0 0 0 0 0 0 0 0 0 0 0 0 0 0 0 0 0 0 0 0 0 0
 0.00862536 0 0 0.000197151 0.00414017 0.0128641 0.00837892 0.0270097 0.101434 0.158115 0.152841 0.127902 0.109271 0.109419 0.0830992 0.0579132 0.0238553 0.00714673 0.00463305 0.00128148 0.00103504 0.000492878 0.000147863 0.000147863 4.92878e-05 0
 0 0 0 0 0 0 0 0 0 0 0 0 0 0 0 0 0 0 0 0 0 0 0 0 0 0
 0 0 0 0 0 0 0 0.0054083 0.00873648 0.0413646 0.0450493 0.0745869 0.0622846 0.0627006 0.0613931 0.0827291 0.12552 0.122667 0.0946155 0.0697135 0.0546179 0.0294188 0.0215738 0.0213955 0.0102223 0.00600262
 0 0 0 0 0.00359764 0.0251062 0.0480494 0.140153 0.205849 0.193036 0.1447 0.116669 0.0760912 0.0342217 0.00950174 0.001854 0.000860785 0 0 0 0.000165536 0 0.000143464 0 0 0
 0 0 0 0 0 0 0 0.000145254 0.000435761 0.0275982 0.070085 0.0708112 0.156366 0.174668 0.174014 0.160142 0.0824315 0.0480064 0.0283245 0.00493863 0.00203355 0 0 0 0 0
 0 0 0 0 0 0 0 0 0 0 0 0 0 0 0 0 0 0 0 0 0 0 0 0 0 0
 0 0 1.00437e-05 0.000401748 0.00122533 0.00171747 0.00176769 0.0269171 0.070346 0.194647 0.189555 0.159765 0.064822 0.0314167 0.0384472 0.0292271 0.0345202 0.0313363 0.0194345 0.0106764 0.0143323 0.0359363 0.0279516 0.0138201 0.00172751 0
 0 0.0021121 0.0136068 0.0755702 0.200478 0.177729 0.0527432 0.0373336 0.0318909 0.0142505 0.0149659 0.0166563 0.0217959 0.0798694 0.0677717 0.0528807 0.04013 0.0224614 0.0357745 0.0225083 0.00881397 0.00855152 0.00135912 0.000746735 0 0
 0 0 0 0 5.4009e-05 0.00500934 0.000945158 0.0243581 0.138947 0.33067 0.221406 0.137944 0.0707744 0.0437923 0.0131692 0.00525238 0.0047753 0.00276346 9.45158e-05 9.00151e-06 2.25038e-05 9.00151e-06 4.50075e-06 0 0 0
 0.000866109 0.00284123 0.00948549 0.0512746 0.133035 0.25785 0.225252 0.132002 0.0553304 0.0519788 0.0540692 0.017754 0.00435017 0.00159236 0.00146478 0.000404838 0.000125132 0.000115318 0.000107957 0.000100596 0 0 0 0 0 0
 0 0 0 0 0.00144013 0.00171154 0.00461396 0.0210425 0.0478622 0.0707936 0.0888783 0.103762 0.0637923 0.0337046 0.0602308 0.124433 0.169614 0.0934646 0.0462172 0.0250306 0.0313229 0.00938855 0.002487 0.000210481 0 0
 0 0.00764035 0.051015 0.0998891 0.058973 0.0496711 0.0374665 0.0718981 0.12319 0.153886 0.159021 0.0857701 0.0377988 0.023471 0.0147837 0.00900784 0.00315554 0.000888139 0.00291439 0.00214683 0.00393193 0.00274676 0.000635225 9.99891e-05 0 0
 0 0 0 0 0 0 0 0 0 0 0 0 0 0 0 0 0 0 0 0 0 0 0 0 0 0
 0 0 0 0 0 0 0 0 0 0 0 0 0 0 0 0 0 0 0 0 0 0 0 0 0 0
 0 0 0 0 0 0 0 0 0 0 0 0 0 0 0 0 0 0 0 0 0 0 0 0 0 0
 0 0 0 0 0 0 0 0 0 0 0 0 0 0 0 0 0 0 0 0 0 0 0 0 0 0
 0 0 0 0 0 0 0 0 0 0 0 0 0 0 0 0 0 0 0 0 0 0 0 0 0 0
 0 0 0 0 0 0 0 0 0 0 0 0 0 0 0 0 0 0 0 0 0 0 0 0 0 0
ppred_pel_tallas
 1.13991e-16 3.82848e-05 0.000372142 0.00247302 0.011242 0.034978 0.0745248 0.108773 0.108784 0.0745784 0.0351596 0.0117741 0.00383798 0.00344844 0.00616306 0.0108627 0.0173499 0.025359 0.0345089 0.0444086 0.0545098 0.0637491 0.070419 0.0726454 0.0693037 0.0607364
 1.26191e-16 3.70733e-05 0.000360366 0.00239476 0.0108862 0.0338712 0.0721672 0.105335 0.10536 0.0722884 0.0342786 0.0120646 0.00535939 0.00685551 0.0124451 0.0207187 0.030355 0.0393438 0.0457653 0.0490011 0.0501955 0.0514366 0.054238 0.0584841 0.0625323 0.0642256
 1.21782e-16 4.85481e-05 0.000471905 0.00313597 0.0142557 0.0443549 0.0945034 0.137934 0.137952 0.0945915 0.0446511 0.0151132 0.00529601 0.00521268 0.00912831 0.0152186 0.0224121 0.0292601 0.0343548 0.0371612 0.0383532 0.0392792 0.0409694 0.0434633 0.0458773 0.0470012
 1.0813e-16 6.38976e-05 0.000621108 0.00412748 0.0187629 0.0583785 0.124382 0.181542 0.181555 0.124445 0.058589 0.0193716 0.00565778 0.00397014 0.00644956 0.0106296 0.0154724 0.0198225 0.0225638 0.0232294 0.0222855 0.0207882 0.0196809 0.0192826 0.0192741 0.0190554
 1.05308e-16 5.60413e-05 0.000544741 0.00362 0.016456 0.0512009 0.10909 0.159225 0.159249 0.109207 0.0515939 0.0175914 0.00647072 0.00677069 0.0118887 0.0195889 0.0282697 0.0356757 0.0395517 0.0388767 0.0344722 0.0284307 0.022835 0.0187657 0.0161723 0.0143986
 1.03762e-16 6.35519e-05 0.000617747 0.00410515 0.0186614 0.0580627 0.123709 0.18056 0.180575 0.123783 0.0583099 0.0193762 0.00590198 0.00454928 0.0075568 0.0124619 0.0181083 0.023113 0.0261025 0.0264344 0.0245461 0.0215907 0.0186705 0.0162889 0.0143463 0.0125051
 1.06288e-16 4.267e-05 0.000414768 0.00275628 0.0125297 0.0389846 0.0830622 0.121239 0.121275 0.0832379 0.0395744 0.0142337 0.00703554 0.00976316 0.017817 0.0294408 0.0425329 0.0537568 0.0597364 0.0589199 0.0524846 0.0434816 0.0349416 0.0284271 0.0238818 0.0204301
 1.12518e-16 3.96848e-05 0.000385751 0.00256345 0.0116531 0.0362572 0.0772508 0.112755 0.112782 0.0773792 0.0366888 0.012903 0.00571307 0.00730203 0.0132944 0.0222287 0.0327511 0.0427265 0.0499687 0.0534323 0.0537065 0.0523298 0.0505358 0.0485071 0.0456171 0.0412288
 1.15933e-16 4.6584e-05 0.000452813 0.0030091 0.013679 0.0425604 0.0906803 0.132355 0.132375 0.0907799 0.0428954 0.0146488 0.00545194 0.00581411 0.010314 0.0172054 0.0253271 0.0330294 0.0386813 0.0416044 0.0424467 0.0425902 0.0430709 0.0438931 0.0441844 0.0429049
 1.10228e-16 5.89819e-05 0.000573325 0.00380995 0.0173195 0.0538874 0.114813 0.167577 0.167592 0.11489 0.0541436 0.0180606 0.00567393 0.00465502 0.0078487 0.0129839 0.0189441 0.0243593 0.0278916 0.0289787 0.0281686 0.0266965 0.0256391 0.0253134 0.0252878 0.0248343
 1.03861e-16 6.7524e-05 0.000656357 0.00436172 0.0198278 0.0616916 0.131441 0.191845 0.191857 0.131502 0.0618965 0.0204199 0.00584924 0.00390723 0.00625235 0.0102586 0.0148417 0.018817 0.0210302 0.0209651 0.0190468 0.016336 0.0138617 0.0121158 0.0110057 0.0101468
 1.02581e-16 6.21823e-05 0.000604434 0.00401668 0.0182592 0.0568114 0.121043 0.17667 0.17669 0.121138 0.0571294 0.019178 0.00632306 0.00564026 0.00962902 0.015828 0.0228131 0.0287274 0.0317209 0.030942 0.0270368 0.0216981 0.0166384 0.0127904 0.0101963 0.00841358
 1.03311e-16 5.79801e-05 0.000563587 0.00374523 0.0170253 0.0529722 0.112864 0.164732 0.164754 0.112969 0.0533274 0.0180519 0.00632422 0.00620042 0.0107835 0.0177881 0.0257409 0.0326239 0.0364099 0.036149 0.0325019 0.0272306 0.0220828 0.0179577 0.0148438 0.0123008
 1.05134e-16 5.35024e-05 0.000520062 0.003456 0.0157105 0.0488813 0.104148 0.152011 0.152035 0.104265 0.0492741 0.016846 0.00630984 0.00676157 0.0119413 0.0197458 0.0286485 0.036466 0.0409984 0.0412206 0.0378503 0.0327714 0.0278041 0.0238092 0.0206601 0.0178128
 1.04897e-16 6.13388e-05 0.000596235 0.00396219 0.0180116 0.0560407 0.119401 0.174273 0.174289 0.11948 0.0563057 0.0187776 0.00588844 0.00481214 0.00810026 0.0133789 0.0194664 0.0249017 0.028233 0.0287905 0.0270517 0.0242408 0.0215016 0.0193121 0.0174947 0.0156285
 1.00997e-16 7.7094e-05 0.000749381 0.0049799 0.0226379 0.070435 0.150069 0.219031 0.219036 0.150092 0.0705107 0.0228568 0.00552968 0.00195075 0.00236224 0.00379261 0.00547824 0.00693675 0.00773392 0.00767295 0.00690498 0.00581784 0.00479255 0.00401904 0.00347939 0.00305362
 1.02063e-16 3.52791e-05 0.000342925 0.00227886 0.0103594 0.0322322 0.0686761 0.100246 0.100297 0.0689278 0.0330772 0.0127988 0.00839822 0.0136887 0.0253433 0.0417424 0.0598946 0.0748277 0.0814977 0.0775804 0.0648819 0.0481749 0.0324289 0.0205654 0.0130145 0.00869023
 1.01876e-16 7.45621e-05 0.00072477 0.00481635 0.0218944 0.0681217 0.145141 0.211838 0.211842 0.14516 0.0681876 0.0220855 0.0052994 0.0017903 0.00213044 0.00348788 0.00521175 0.00695748 0.00841327 0.0094115 0.00998048 0.0102403 0.0102432 0.00991401 0.00913774 0.00789671
 1.02546e-16 5.25086e-05 0.000510402 0.0033918 0.0154187 0.0479734 0.102213 0.14919 0.149222 0.102368 0.0484916 0.0169151 0.00714574 0.00869804 0.0155813 0.0256216 0.0367787 0.0459931 0.0501921 0.0479791 0.0404885 0.0306572 0.0215091 0.0147695 0.0106023 0.00823705
 1.05078e-16 5.3183e-05 0.000516958 0.00343537 0.0156167 0.0485895 0.103526 0.151104 0.151125 0.103633 0.0489504 0.0166609 0.00606258 0.00627258 0.0110438 0.0183283 0.0267566 0.0343916 0.0392638 0.0404152 0.038383 0.0346726 0.0306919 0.0270363 0.0235577 0.0199132
 1.04854e-16 6.26284e-05 0.00060877 0.00404549 0.0183902 0.0572189 0.121912 0.177937 0.177952 0.121985 0.0574655 0.019103 0.00583757 0.00453058 0.00753965 0.0124417 0.0180979 0.0231451 0.026238 0.0267654 0.0251893 0.0226656 0.0202632 0.0184098 0.016901 0.0152959
 1.03545e-16 6.31343e-05 0.000613688 0.00407817 0.0185388 0.0576811 0.122896 0.179374 0.179392 0.12298 0.0579627 0.0193524 0.00612151 0.00507777 0.00855158 0.0140651 0.0203211 0.0256963 0.0285818 0.0282434 0.0252499 0.021062 0.0171244 0.0141725 0.0121593 0.0106408
 1.07784e-16 2.98476e-05 0.000290129 0.00192801 0.00876449 0.0272698 0.058103 0.084813 0.0848602 0.0583339 0.0280454 0.0110054 0.00755637 0.0125884 0.0234204 0.0387603 0.056041 0.0709103 0.0789343 0.0780527 0.0697624 0.0580029 0.0466919 0.037861 0.0314788 0.0264959
 1.07301e-16 6.32558e-05 0.000614869 0.00408602 0.0185745 0.0577921 0.123132 0.179717 0.179725 0.123173 0.0579289 0.0189717 0.00509126 0.00283628 0.00436142 0.00731808 0.0110233 0.0148864 0.0183297 0.0210658 0.0231829 0.0248994 0.0262127 0.0267824 0.0261493 0.0240819
 1.06636e-16 5.46995e-05 0.000531699 0.00353333 0.016062 0.049975 0.106478 0.155413 0.155438 0.1066 0.0503833 0.0172413 0.00649379 0.00699524 0.0123333 0.0203134 0.0292884 0.0369142 0.0408603 0.0401036 0.0355617 0.029481 0.0240681 0.0204191 0.0183728 0.0170854
 1.09808e-16 3.93558e-05 0.000382553 0.0025422 0.0115565 0.0359567 0.0766108 0.111823 0.111856 0.076775 0.0365086 0.0131523 0.00655472 0.0091641 0.0167823 0.0278529 0.0405194 0.0517943 0.058637 0.0596254 0.0557329 0.0495107 0.0433814 0.0384235 0.0343735 0.0304448
 1.07198e-16 6.28895e-05 0.000611308 0.00406236 0.0184669 0.0574575 0.12242 0.178677 0.178688 0.122473 0.0576388 0.0189922 0.00538654 0.00352074 0.00564389 0.00937728 0.013848 0.018148 0.021391 0.0231759 0.0237774 0.0238392 0.0238305 0.0237275 0.0231334 0.02165
 1.05235e-16 5.92215e-05 0.000575654 0.00382543 0.0173898 0.0541064 0.11528 0.168259 0.16828 0.115381 0.0544461 0.0183714 0.00628987 0.00595765 0.0102872 0.0169318 0.0244328 0.0308356 0.0342004 0.0336631 0.0299587 0.024917 0.0203407 0.0171348 0.0151953 0.0138808
 1.09491e-16 3.15282e-05 0.000306465 0.00203657 0.00925798 0.0288052 0.0613742 0.0895865 0.0896294 0.061584 0.02951 0.0112949 0.00715487 0.0114979 0.0213394 0.0353682 0.0512736 0.0651659 0.0730795 0.0731674 0.0667405 0.0572411 0.04803 0.0407518 0.0352443 0.0305288
 1.17384e-16 3.90335e-05 0.00037942 0.00252138 0.0114618 0.0356621 0.0759827 0.110903 0.110923 0.0760795 0.0359884 0.0124087 0.00491484 0.00566028 0.0102332 0.0172891 0.0259213 0.0347481 0.0423534 0.0480656 0.0522015 0.0554793 0.0581266 0.0595075 0.0585587 0.0545917
pSPR Fmed_Fpbrs
0.712088   0.200532 0.200532
Fs Fmed_Fpbrs
0.174609   1.005 1.005
SSBpbr Bo_Bmed_Bpbrs
2.33665e+06  1.54707e+06  351742 351742
Ro
214207
SPR SPRFo_SPRFmed_SPRFpbrs
1.52481e+06 1.0858e+06 305774
Fref
1.005
log_Ro
12.0947
likeval ReclasPelacesDesembMPH_pf_preclas_ppelaces_ptallas_desvR_qrecl_qpela
 15.3982 16.8635 0.0905604 0.000808857 228.975 106.492 76.5806 0 22.5878 8.58194e-06 2.40384e-06 0.461551 0 0 0
q_reclas_q_pelaces
0.66026 0.802054
M
1
N
 228795 53142.1 202256 11154.4 0.347829
 133293 77386.3 17734.5 67440.8 3719.3
 131386 42135.8 23876.8 5463.65 21921.3
 237261 41721.4 13069 7394.99 8480.84
 190155 70087.7 11899.6 3719.45 4517.75
 315975 64976.2 23667.9 4015.47 2779.49
 133845 100327 20150.8 7329.42 2104.08
 63830.4 35951.6 25626.4 5131.2 2401.74
 58865.2 22370.4 12502.5 8907.54 2618.32
 77266.7 17946 6618.07 3691.9 3403.18
 140510 22345.5 4994.01 1837.32 1969.49
 175820 48628.5 7658.27 1710.53 1303.85
 147561 48651.5 12857 2019.12 794.625
 103326 41666.8 13168.7 3470.99 759.517
 106615 24784.3 9333.64 2937.47 943.467
 558046 29462.9 6542.8 2457.05 1021.49
 125342 160060 8120.86 1798.98 956.319
 853366 39246.2 48841.6 2474.11 839.36
 500488 266079 11917.5 14807.1 1004.44
 402453 145112 74265.1 3318.49 4402.26
 578891 120573 42070.7 21487.3 2233.62
 764890 182225 37020 12897.3 7271.34
 167817 230253 53123.2 10771 5867.43
 493271 54886 73902.8 17030.9 5333.81
 415732 163888 17941 24132.9 7302.78
 187547 137816 53431.9 5843.26 10237.8
 422149 63419.4 45979 17811.5 5360.38
 464964 140440 20761.6 15037.3 7577.86
 133930 157186 46839.5 6918.65 7535.98
 104515 45228.3 52360 15589.5 4810.7
pred_Ctot
 11735.2 3144.26 12064.4 665.633 0.020757
 12003.5 8004.47 1848.83 7033.65 387.908
 11499.9 4237.26 2420.06 554.006 2222.83
 30080.3 6050.06 1909.59 1080.96 1239.71
 8605.56 3661.29 626.711 195.974 238.041
 27674.9 6538.43 2400.47 407.43 282.027
 23422 19967.3 4039.63 1469.89 421.974
 1917.52 1248.73 897.479 179.781 84.1515
 6472.08 2818.66 1587.5 1131.5 332.605
 10652.8 2826.34 1050.15 586.061 540.24
 5288.27 971.576 218.928 80.5793 86.3781
 28187.3 8882.11 1409.13 314.86 240.007
 22152.6 8331.28 2218.1 348.476 137.146
 23528.2 10721.2 3411.71 899.584 196.849
 17162.4 4545.1 1724.28 542.876 174.366
 79313.8 4781.06 1069.7 401.87 167.076
 11951.3 17518.9 895.817 198.528 105.538
 83349.4 4399.02 5517.41 279.604 94.8597
 68337 41507.4 1873.13 2328.22 157.939
 48016.7 19819.9 10221.2 456.913 606.147
 53490.9 12793.4 4498.99 2298.78 238.965
 89311.6 24364.8 4987.93 1738.43 980.129
 11884.8 18769.7 4365.2 885.437 482.348
 30454.3 3904.46 5299.72 1221.84 382.67
 26207.9 11902.5 1313.49 1767.57 534.889
 9646.22 8176.65 3195.94 349.655 612.637
 25744.2 4456.65 3257.17 1262.31 379.901
 23989.8 8358.3 1245.7 902.621 454.876
 6993.69 9467.45 2844.16 420.29 457.801
 7619.14 3794.36 4427.8 1318.88 406.995
F
 0.0840188 0.0974562 0.0982835 0.0983274 0.0983297
 0.151649 0.175903 0.177396 0.177475 0.17748
 0.147124 0.170654 0.172103 0.17218 0.172184
 0.219415 0.254506 0.256667 0.256782 0.256788
 0.0738208 0.0856271 0.086354 0.0863926 0.0863946
 0.147228 0.170775 0.172224 0.172301 0.172305
 0.31451 0.364811 0.367907 0.368072 0.36808
 0.0484926 0.0562482 0.0567257 0.056751 0.0567523
 0.187884 0.217933 0.219783 0.219881 0.219886
 0.240641 0.279127 0.281497 0.281622 0.281629
 0.0610701 0.0708372 0.0714386 0.0714705 0.0714722
 0.284776 0.330321 0.333125 0.333274 0.333282
 0.264535 0.306843 0.309448 0.309586 0.309594
 0.427679 0.496079 0.50029 0.500514 0.500525
 0.286091 0.331846 0.334663 0.334812 0.33482
 0.248889 0.288695 0.291145 0.291276 0.291282
 0.161189 0.186969 0.188556 0.18864 0.188644
 0.165396 0.191848 0.193477 0.193563 0.193568
 0.238076 0.276152 0.278496 0.27862 0.278627
 0.20532 0.238158 0.240179 0.240287 0.240292
 0.155871 0.1808 0.182334 0.182416 0.18242
 0.200554 0.232629 0.234603 0.234708 0.234714
 0.117617 0.136427 0.137586 0.137647 0.13765
 0.101878 0.118172 0.119175 0.119228 0.119231
 0.10412 0.120772 0.121798 0.121852 0.121855
 0.0842601 0.0977361 0.0985657 0.0986098 0.0986121
 0.100577 0.116663 0.117653 0.117706 0.117708
 0.0845339 0.0980536 0.0988859 0.0989301 0.0989325
 0.0855939 0.0992832 0.100126 0.100171 0.100173
 0.121252 0.140644 0.141838 0.141902 0.141905
nmprior
 8 8 7 0
nm_flota  nm_reclas  nm_pelaces    nm_pelaL
inf 11.554 15.5869 26.9967
cv_recla  cv_pelaces  cv_mph
0.363296 0.483213 0.87769
 ------------------------------------------------
Talla a la edad & desviación 
 8 13.2811 15.8009 17.003 17.5766
 0.8 1.32811 1.58009 1.7003 1.75766
