years
 1991 1992 1993 1994 1995 1996 1997 1998 1999 2000 2001 2002 2003 2004 2005 2006 2007 2008 2009 2010 2011 2012 2013 2014 2015 2016 2017 2018 2019 2020
reclasobs
 0 0 0 0 0 0 0 0 0 252601 567819 844713 477998 351125 339783 2.1784e+06 2.13404e+06 4.81314e+06 1.55562e+06 2.62356e+06 3.21686e+06 3.843e+06 1.13348e+06 3.07943e+06 1.97215e+06 2.03268e+06 2.025e+06 2.42433e+06 2.27542e+06 1.05018e+06
reclaspred
 1.30996e+06 985755 488364 226826 169220 449810 212630 66572.7 140805 142037 224819 449793 425917 286082 439154 736075 916167 1.73175e+06 2.16787e+06 1.52111e+06 2.0921e+06 1.76864e+06 1.61764e+06 1.92195e+06 1.82231e+06 1.56559e+06 1.47132e+06 1.70413e+06 1.80069e+06 769888
pelacesobs
 0 0 0 0 0 0 0 0 0 0 0 0 0 0 0 552880 188675 0 991730 2.46772e+06 1.41603e+06 1.21717e+06 2.29649e+06 1.80582e+06 0 1.4828e+06 1.56532e+06 1.57751e+06 1.42118e+06 867257
pelacespred
 522538 428414 218876 78464.7 63225 187971 57244.1 24991.5 54934 52845.9 104089 175175 173516 125128 217606 299232 365916 774634 1.03576e+06 723024 847316 822786 721806 951433 906755 728775 813506 944018 815310 411715
mphobs
 0 0 0 0 0 0 0 0 0 0 0 498337 0 5186 125008 0 168611 109162 213762 579715 649985 157893 87575 83554 0 0 0 0 0 0
mphpred
 963223 1.0264e+06 567023 218318 139903 118988 351627 68866.8 27089.9 116432 83579.3 258298 379135 223220 170663 404851 713641 717420 1.56926e+06 1.65274e+06 1.232e+06 1.41247e+06 1.52398e+06 1.07817e+06 1.61157e+06 1.48711e+06 930201 1.15219e+06 1.75248e+06 964198
desembarqueobs
 494567 514787 250237 358949 120608 361735 552515 73892 212993 205616 52469 317467 293654 387597 252695 516296 358380 742168 942051 627588 828172 859565 418607 520667 417249 300574 407403 355545 319650 289779
desembarquepred
 494660 513417 250006 358181 120501 362067 552164 73858.4 212853 205416 52513.4 317366 293339 386923 252648 516364 358033 740647 942407 627514 828424 859582 418721 520503 416878 300452 407645 355203 319304 289193
Reclutas
 294958 90739.8 24317.9 83348.8 40126 213490 27211.9 4764.54 54593.9 45466.4 96552.9 172604 69733.3 86322 133748 328369 103688 652024 620656 136245 387312 637446 58885.3 344541 346024 45204.6 306637 343217 22673.7 22926.7
log_desv_Rt
 0.988938 -0.189899 -1.50668 -0.27486 -1.00587 0.665695 -1.39424 -3.13669 -0.697973 -0.880921 -0.127804 0.453104 -0.453217 -0.23981 0.198062 1.09624 -0.0565075 1.78219 1.73288 0.216562 1.26134 1.75958 -0.622304 1.14432 1.14861 -0.886696 1.02777 1.14047 -1.57669 -1.56559
SSB
 963223 1.0264e+06 567023 218318 139903 118988 351627 68866.8 27089.9 116432 83579.3 258298 379135 223220 170663 404851 713641 717420 1.56926e+06 1.65274e+06 1.232e+06 1.41247e+06 1.52398e+06 1.07817e+06 1.61157e+06 1.48711e+06 930201 1.15219e+06 1.75248e+06 964198
BT
 1.90384e+06 1.5633e+06 756184 575105 282325 1.09647e+06 630344 138560 432431 371009 439551 871073 763567 859700 1.11425e+06 1.51163e+06 1.31276e+06 3.57079e+06 4.26106e+06 2.42974e+06 3.43155e+06 3.37497e+06 2.15966e+06 3.7987e+06 2.92651e+06 2.06773e+06 3.25397e+06 3.52343e+06 2.18049e+06 1.30881e+06
Ftot
 0.35251 0.477711 0.469124 1.32547 0.644458 0.737286 1.90399 0.961122 1.33415 1.23217 0.221269 0.643755 0.62368 1.16986 0.533964 0.642352 0.36365 0.399663 0.404365 0.382365 0.369096 0.450238 0.243118 0.25533 0.215844 0.181295 0.261139 0.197362 0.167661 0.348965
BD_Bspro_t
 0.94516 0.721341 0.508427 0.316761 0.238691 0.265383 0.398472 0.105909 0.0652431 0.248967 0.23948 0.574136 0.523935 0.360231 0.301586 0.488907 0.53265 0.524062 0.644698 0.613871 0.49762 0.535889 0.587274 0.542526 0.665955 0.69731 0.647073 0.716205 0.781461 0.666111
BD_Bspro
 1.23332 1.3142 0.726021 0.279536 0.179132 0.152353 0.450226 0.0881776 0.0346861 0.149081 0.107016 0.330727 0.485447 0.285812 0.218519 0.518375 0.913751 0.91859 2.00929 2.11619 1.57747 1.80853 1.95132 1.38049 2.06346 1.90411 1.19104 1.47527 2.24389 1.23457
BD_Bo
 0.577719 0.615608 0.340087 0.130942 0.0839104 0.0713663 0.210898 0.0413047 0.0162479 0.0698333 0.0501289 0.154921 0.227396 0.133882 0.10236 0.242821 0.428025 0.430292 0.941207 0.991278 0.738928 0.847164 0.914049 0.64666 0.96658 0.891933 0.557913 0.691057 1.0511 0.578304
BD_Brms
 2.45417 2.61513 1.4447 0.556248 0.356455 0.303167 0.895902 0.175464 0.0690216 0.296655 0.21295 0.658111 0.965988 0.568737 0.434829 1.03151 1.81827 1.8279 3.99828 4.21099 3.13899 3.59879 3.88292 2.74704 4.10607 3.78897 2.37004 2.93564 4.46511 2.45666
Sel_flota
 0.5 1 1 1 1
 0.5 1 1 1 1
 0.5 1 1 1 1
 0.5 1 1 1 1
 0.5 1 1 1 1
 0.5 1 1 1 1
 0.5 1 1 1 1
 0.5 1 1 1 1
 0.5 1 1 1 1
 0.5 1 1 1 1
 0.5 1 1 1 1
 0.5 1 1 1 1
 0.5 1 1 1 1
 0.5 1 1 1 1
 0.5 1 1 1 1
 0.5 1 1 1 1
 0.5 1 1 1 1
 0.5 1 1 1 1
 0.5 1 1 1 1
 0.5 1 1 1 1
 0.5 1 1 1 1
 0.5 1 1 1 1
 0.5 1 1 1 1
 0.5 1 1 1 1
 0.5 1 1 1 1
 0.5 1 1 1 1
 0.5 1 1 1 1
 0.5 1 1 1 1
 0.5 1 1 1 1
 0.5 1 1 1 1
Sel_reclas
 0.5 1 1 1 1
 0.5 1 1 1 1
 0.5 1 1 1 1
 0.5 1 1 1 1
 0.5 1 1 1 1
 0.5 1 1 1 1
 0.5 1 1 1 1
 0.5 1 1 1 1
 0.5 1 1 1 1
 0.5 1 1 1 1
 0.5 1 1 1 1
 0.5 1 1 1 1
 0.5 1 1 1 1
 0.5 1 1 1 1
 0.5 1 1 1 1
 0.5 1 1 1 1
 0.5 1 1 1 1
 0.5 1 1 1 1
 0.5 1 1 1 1
 0.5 1 1 1 1
 0.5 1 1 1 1
 0.5 1 1 1 1
 0.5 1 1 1 1
 0.5 1 1 1 1
 0.5 1 1 1 1
 0.5 1 1 1 1
 0.5 1 1 1 1
 0.5 1 1 1 1
 0.5 1 1 1 1
 0.5 1 1 1 1
Sel_pelaces
 0.5 1 1 1 1
 0.5 1 1 1 1
 0.5 1 1 1 1
 0.5 1 1 1 1
 0.5 1 1 1 1
 0.5 1 1 1 1
 0.5 1 1 1 1
 0.5 1 1 1 1
 0.5 1 1 1 1
 0.5 1 1 1 1
 0.5 1 1 1 1
 0.5 1 1 1 1
 0.5 1 1 1 1
 0.5 1 1 1 1
 0.5 1 1 1 1
 0.5 1 1 1 1
 0.5 1 1 1 1
 0.5 1 1 1 1
 0.5 1 1 1 1
 0.5 1 1 1 1
 0.5 1 1 1 1
 0.5 1 1 1 1
 0.5 1 1 1 1
 0.5 1 1 1 1
 0.5 1 1 1 1
 0.5 1 1 1 1
 0.5 1 1 1 1
 0.5 1 1 1 1
 0.5 1 1 1 1
 0.5 1 1 1 1
pf_obs 
 0.8446 0.082 0.0669 0.0065 0
 0.8095 0.147 0.0364 0.0071 0
 0.9664 0.0169 0.016 0.0007 0
 0.9276 0.0648 0.0075 0.0001 0
 0.7033 0.2144 0.0806 0.0017 0
 0.9318 0.0425 0.0243 0.0014 0
 0.5671 0.3108 0.0964 0.0239 0.0018
 0.0768 0.2599 0.5324 0.112 0.0189
 0.490249 0.384438 0.106611 0.0170017 0.00170017
 0.7925 0.1577 0.0466 0.003 0.0002
 0.840416 0.127587 0.0312969 0.00059994 9.999e-05
 0.8084 0.0986 0.0794 0.0134 0.0002
 0.7335 0.1905 0.0724 0.0035 0.0001
 0.4001 0.4547 0.1325 0.0127 0
 0.49795 0.308269 0.164784 0.0264974 0.00249975
 0.9179 0.0499 0.0305 0.0017 0
 0.2467 0.6533 0.0926 0.0074 0
 0.9418 0.0223 0.034 0.0019 0
 0.707729 0.231977 0.0356964 0.0245975 0
 0.517169 0.277429 0.184464 0.0207286 0.00020938
 0.811772 0.124168 0.05621 0.00726502 0.000585176
 0.764997 0.148141 0.077277 0.00933861 0.000247198
 0.163321 0.427699 0.378323 0.0303852 0.000271297
 0.753843 0.0900009 0.118128 0.0371064 0.000921714
 0.721811 0.176058 0.0630433 0.0369309 0.00215725
 0.143369 0.312575 0.442814 0.0836902 0.0175525
 0.692698 0.0596174 0.167031 0.0765114 0.00414204
 0.394062 0.376323 0.152708 0.0712218 0.00568511
 0.125707 0.32114 0.495352 0.0537591 0.00404204
 0.23352 0.215282 0.420074 0.123614 0.00750983
pf_pred 
 0.67418 0.205958 0.0757676 0.0278733 0.0162216
 0.310205 0.566664 0.0778337 0.0286334 0.016664
 0.205387 0.405181 0.319917 0.0439419 0.0255732
 0.734324 0.0992515 0.0848616 0.0670037 0.0145593
 0.562301 0.391808 0.0171441 0.0146585 0.0140887
 0.89682 0.0782382 0.0223272 0.000976955 0.00163815
 0.244407 0.722573 0.0250377 0.0071451 0.000836884
 0.289057 0.393717 0.303363 0.0105117 0.00335113
 0.943245 0.029783 0.0149369 0.0115091 0.000525933
 0.728441 0.266386 0.00271446 0.00136137 0.00109688
 0.832471 0.14894 0.0182348 0.000185811 0.000168273
 0.737096 0.240269 0.0201242 0.00246382 4.78425e-05
 0.426812 0.500116 0.066781 0.00559339 0.000698099
 0.645069 0.228433 0.110371 0.014738 0.00138847
 0.779096 0.185892 0.0225333 0.0108873 0.00159076
 0.814676 0.165414 0.0167545 0.00203093 0.00112465
 0.367786 0.578299 0.0481226 0.00487426 0.000918028
 0.862373 0.0777467 0.0547735 0.00455792 0.000548616
 0.615099 0.359484 0.0143582 0.0101155 0.000943069
 0.235769 0.598544 0.154747 0.00618074 0.00476037
 0.673131 0.133751 0.15125 0.0391039 0.00276478
 0.707086 0.240645 0.0213878 0.024186 0.00669513
 0.122725 0.743062 0.110263 0.00979986 0.0141497
 0.686164 0.072576 0.20435 0.0303237 0.0065864
 0.572084 0.353093 0.0173031 0.0487199 0.00879986
 0.131899 0.642682 0.186004 0.00911499 0.0303005
 0.720917 0.0677609 0.156448 0.045279 0.00959492
 0.604804 0.335185 0.0145705 0.0336408 0.0117995
 0.0726953 0.708881 0.185256 0.00805309 0.0251147
 0.184732 0.115325 0.535074 0.139834 0.0250356
pobs_RECLAS
 0 0 0 0 0
 0 0 0 0 0
 0 0 0 0 0
 0 0 0 0 0
 0 0 0 0 0
 0 0 0 0 0
 0 0 0 0 0
 0 0 0 0 0
 0 0 0 0 0
 0 0 0 0 0
 0.991045 0.00858322 0.000360255 1.14367e-05 0
 0.934742 0.0480273 0.0164251 0.00080598 0
 0.827803 0.169806 0.00239088 0 0
 0.941827 0.0461693 0.0120037 0 0
 0.791401 0.0380133 0.147996 0.0225897 0
 0.846168 0.0940531 0.0597789 0 0
 0.134021 0.677848 0.182769 0.00536245 0
 0.80878 0.0450904 0.141981 0.00414843 0
 0.846168 0.0940531 0.0597789 0 0
 0.905697 0.0802665 0.012482 0.00150086 5.37128e-05
 0.989698 0.0102097 9.19794e-05 0 0
 0.975433 0.0193895 0.00387452 0.00125025 5.28907e-05
 0.303575 0.632131 0.0575291 0.00676475 0
 0.966965 0.00978017 0.0227588 0.000495775 0
 0.843318 0.132988 0.00938335 0.0141283 0.000182051
 0.564624 0.303363 0.111486 0.0197234 0.00080311
 0.826376 0.0876187 0.0782897 0.00655872 0.00115652
 0.89761 0.0855135 0.0140674 0.00269457 0.000114338
 0.34875 0.467042 0.161289 0.0227151 0.000203297
 0.318654 0.224769 0.449479 0.00709798 0
ppred_RECLAS
 0.678141 0.203453 0.0748464 0.0275344 0.0160244
 0.315846 0.56203 0.0771972 0.0283992 0.0165277
 0.209604 0.403031 0.318219 0.0437087 0.0254374
 0.753986 0.0919063 0.0785813 0.062045 0.0134818
 0.571735 0.383363 0.0167746 0.0143425 0.013785
 0.900988 0.0750777 0.0214252 0.00093749 0.00157198
 0.278257 0.690203 0.023916 0.00682501 0.000799393
 0.30274 0.38614 0.297524 0.0103094 0.00328664
 0.948577 0.0269853 0.0135338 0.0104279 0.000476528
 0.746454 0.248716 0.0025344 0.00127106 0.00102412
 0.833932 0.147641 0.0180758 0.00018419 0.000166805
 0.744464 0.233535 0.0195602 0.00239476 4.65016e-05
 0.435844 0.492235 0.0657287 0.00550524 0.000687098
 0.664605 0.21586 0.104296 0.0139268 0.00131205
 0.784246 0.181559 0.0220079 0.0106335 0.00155367
 0.820384 0.160319 0.0162385 0.00196838 0.00109001
 0.372163 0.574295 0.0477894 0.00484051 0.000911671
 0.864853 0.0763457 0.0537865 0.00447579 0.00053873
 0.620143 0.354773 0.01417 0.00998295 0.000930711
 0.239383 0.595713 0.154015 0.00615151 0.00473786
 0.677324 0.132035 0.14931 0.0386023 0.00272931
 0.712108 0.236519 0.0210211 0.0237713 0.00658034
 0.123991 0.74199 0.110104 0.00978571 0.0141293
 0.688825 0.0719606 0.202618 0.0300666 0.00653055
 0.574584 0.35103 0.017202 0.0484352 0.00874844
 0.132864 0.641967 0.185797 0.00910486 0.0302668
 0.723467 0.0671417 0.155019 0.0448653 0.00950724
 0.607011 0.333314 0.0144892 0.033453 0.0117336
 0.0732162 0.708483 0.185152 0.00804857 0.0251006
 0.187439 0.114942 0.533297 0.139369 0.0249524
pobs_PELACES
 0 0 0 0 0
 0 0 0 0 0
 0 0 0 0 0
 0 0 0 0 0
 0 0 0 0 0
 0 0 0 0 0
 0 0 0 0 0
 0 0 0 0 0
 0 0 0 0 0
 0 0 0 0 0
 0 0 0 0 0
 0 0 0 0 0
 0 0 0 0 0
 0 0 0 0 0
 0 0 0 0 0
 0 0 0 0 0
 0.505614 0.472636 0.0217494 0 0
 0 0 0 0 0
 0.443492 0.261883 0.143347 0.151278 0
 0.227955 0.32914 0.350689 0.0885471 0.00366901
 0.970185 0.0296113 0.000203453 0 0
 0.997202 0.00247181 0.000326279 0 0
 0.445219 0.490057 0.0546422 0.010081 0
 0.90214 0.0892962 0.00764917 0.000914606 0
 0 0 0 0 0
 0.581667 0.319106 0.0959925 0.00289975 0.000334073
 0.762889 0.0836404 0.116647 0.0363945 0.000428098
 0.88444 0.0763242 0.0277011 0.0115352 0
 0.521256 0.241999 0.230069 0.00667565 0
 0.616807 0.101726 0.260614 0.0208532 0
ppred_PELACES
 0.690703 0.195513 0.0719253 0.0264598 0.015399
 0.33312 0.547839 0.075248 0.0276822 0.0161104
 0.222716 0.396345 0.31294 0.0429836 0.0250154
 0.792274 0.0776026 0.0663514 0.0523887 0.0113836
 0.59755 0.360254 0.0157634 0.013478 0.0129541
 0.911323 0.0672406 0.0191887 0.000839629 0.00140789
 0.34548 0.625917 0.0216885 0.00618933 0.000724937
 0.337222 0.367044 0.282811 0.0097996 0.0031241
 0.958314 0.0218755 0.0109711 0.00845335 0.000386296
 0.782977 0.212889 0.00216933 0.00108797 0.0008766
 0.838927 0.1432 0.0175321 0.000178651 0.000161788
 0.764142 0.215551 0.0180539 0.00221036 4.29208e-05
 0.461293 0.47003 0.0627637 0.0052569 0.000656104
 0.706182 0.189101 0.0913672 0.0122004 0.0011494
 0.798781 0.169328 0.0205254 0.00991716 0.00144901
 0.835475 0.146849 0.0148741 0.001803 0.000998429
 0.386288 0.561375 0.0467143 0.00473162 0.000891162
 0.872377 0.0720954 0.0507921 0.00422661 0.000508738
 0.63573 0.340216 0.0135886 0.00957333 0.000892522
 0.251058 0.586569 0.151651 0.00605709 0.00466513
 0.690488 0.126648 0.143218 0.0370274 0.00261797
 0.727095 0.224207 0.0199267 0.0225339 0.00623778
 0.128414 0.738243 0.109548 0.0097363 0.014058
 0.697782 0.0698891 0.196785 0.0292011 0.00634256
 0.583266 0.343867 0.016851 0.0474468 0.00856991
 0.136348 0.639388 0.185051 0.00906828 0.0301452
 0.732004 0.065069 0.150233 0.0434802 0.00921375
 0.614751 0.326748 0.0142038 0.0327941 0.0115025
 0.0751157 0.707031 0.184772 0.00803207 0.0250492
 0.196367 0.11368 0.527437 0.137838 0.0246783
pobs_pel_tallas
 0 0 0 0 0 0 0 0 0 0 0 0 0 0 0 0 0 0 0 0 0 0 0 0 0 0
 0 0 0 0 0 0 0 0 0 0 0 0 0 0 0 0 0 0 0 0 0 0 0 0 0 0
 0 0 0 0 0 0 0 0 0 0 0 0 0 0 0 0 0 0 0 0 0 0 0 0 0 0
 0 0 0 0 0 0 0 0 0 0 0 0 0 0 0 0 0 0 0 0 0 0 0 0 0 0
 0 0 0 0 0 0 0 0 0 0 0 0 0 0 0 0 0 0 0 0 0 0 0 0 0 0
 0 0 0 0 0 0 0 0 0 0 0 0 0 0 0 0 0 0 0 0 0 0 0 0 0 0
 0 0 0 0 0 0 0 0 0 0 0 0 0 0 0 0 0 0 0 0 0 0 0 0 0 0
 0 0 0 0 0 0 0 0 0 0 0 0 0 0 0 0 0 0 0 0 0 0 0 0 0 0
 0 0 0 0 0 0 0 0 0 0 0 0 0 0 0 0 0 0 0 0 0 0 0 0 0 0
 0 0 0 0 0 0 0 0 0 0 0 0 0 0 0 0 0 0 0 0 0 0 0 0 0 0
 0 0 0 0 0 0 0 0 0 0 0 0 0 0 0 0 0 0 0 0 0 0 0 0 0 0
 0 0 0 0 0 0 0 0 0 0 0 0 0 0 0 0 0 0 0 0 0 0 0 0 0 0
 0.00862536 0 0 0.000197151 0.00414017 0.0128641 0.00837892 0.0270097 0.101434 0.158115 0.152841 0.127902 0.109271 0.109419 0.0830992 0.0579132 0.0238553 0.00714673 0.00463305 0.00128148 0.00103504 0.000492878 0.000147863 0.000147863 4.92878e-05 0
 0 0 0 0 0 0 0 0 0 0 0 0 0 0 0 0 0 0 0 0 0 0 0 0 0 0
 0 0 0 0 0 0 0 0.0054083 0.00873648 0.0413646 0.0450493 0.0745869 0.0622846 0.0627006 0.0613931 0.0827291 0.12552 0.122667 0.0946155 0.0697135 0.0546179 0.0294188 0.0215738 0.0213955 0.0102223 0.00600262
 0 0 0 0 0.00359764 0.0251062 0.0480494 0.140153 0.205849 0.193036 0.1447 0.116669 0.0760912 0.0342217 0.00950174 0.001854 0.000860785 0 0 0 0.000165536 0 0.000143464 0 0 0
 0 0 0 0 0 0 0 0.000145254 0.000435761 0.0275982 0.070085 0.0708112 0.156366 0.174668 0.174014 0.160142 0.0824315 0.0480064 0.0283245 0.00493863 0.00203355 0 0 0 0 0
 0 0 0 0 0 0 0 0 0 0 0 0 0 0 0 0 0 0 0 0 0 0 0 0 0 0
 0 0 1.00437e-05 0.000401748 0.00122533 0.00171747 0.00176769 0.0269171 0.070346 0.194647 0.189555 0.159765 0.064822 0.0314167 0.0384472 0.0292271 0.0345202 0.0313363 0.0194345 0.0106764 0.0143323 0.0359363 0.0279516 0.0138201 0.00172751 0
 0 0.0021121 0.0136068 0.0755702 0.200478 0.177729 0.0527432 0.0373336 0.0318909 0.0142505 0.0149659 0.0166563 0.0217959 0.0798694 0.0677717 0.0528807 0.04013 0.0224614 0.0357745 0.0225083 0.00881397 0.00855152 0.00135912 0.000746735 0 0
 0 0 0 0 5.4009e-05 0.00500934 0.000945158 0.0243581 0.138947 0.33067 0.221406 0.137944 0.0707744 0.0437923 0.0131692 0.00525238 0.0047753 0.00276346 9.45158e-05 9.00151e-06 2.25038e-05 9.00151e-06 4.50075e-06 0 0 0
 0.000866109 0.00284123 0.00948549 0.0512746 0.133035 0.25785 0.225252 0.132002 0.0553304 0.0519788 0.0540692 0.017754 0.00435017 0.00159236 0.00146478 0.000404838 0.000125132 0.000115318 0.000107957 0.000100596 0 0 0 0 0 0
 0 0 0 0 0.00144013 0.00171154 0.00461396 0.0210425 0.0478622 0.0707936 0.0888783 0.103762 0.0637923 0.0337046 0.0602308 0.124433 0.169614 0.0934646 0.0462172 0.0250306 0.0313229 0.00938855 0.002487 0.000210481 0 0
 0 0.00764035 0.051015 0.0998891 0.058973 0.0496711 0.0374665 0.0718981 0.12319 0.153886 0.159021 0.0857701 0.0377988 0.023471 0.0147837 0.00900784 0.00315554 0.000888139 0.00291439 0.00214683 0.00393193 0.00274676 0.000635225 9.99891e-05 0 0
 0 0 0 0 0 0 0 0 0 0 0 0 0 0 0 0 0 0 0 0 0 0 0 0 0 0
 0 0 0 0 0 0 0 0 0 0 0 0 0 0 0 0 0 0 0 0 0 0 0 0 0 0
 0 0 0 0 0 0 0 0 0 0 0 0 0 0 0 0 0 0 0 0 0 0 0 0 0 0
 0 0 0 0 0 0 0 0 0 0 0 0 0 0 0 0 0 0 0 0 0 0 0 0 0 0
 0 0 0 0 0 0 0 0 0 0 0 0 0 0 0 0 0 0 0 0 0 0 0 0 0 0
 0 0 0 0 0 0 0 0 0 0 0 0 0 0 0 0 0 0 0 0 0 0 0 0 0 0
ppred_pel_tallas
 1.07386e-16 5.68923e-05 0.000553014 0.00367497 0.0167059 0.0519783 0.110746 0.161641 0.16166 0.110839 0.0522891 0.0176046 0.00593486 0.00549945 0.00948988 0.0157015 0.0228573 0.0292656 0.0332415 0.0340245 0.0322035 0.0292374 0.0264691 0.0244253 0.022825 0.0210766
 1.07815e-16 2.74388e-05 0.000266715 0.00177242 0.00805718 0.0250692 0.0534144 0.077971 0.0780238 0.0536724 0.0259355 0.0105596 0.00805398 0.0139802 0.0260744 0.0430708 0.062064 0.0781008 0.0861513 0.0839155 0.0731973 0.0586666 0.0450399 0.0348709 0.0282292 0.0238155
 1.17677e-16 1.83449e-05 0.000178319 0.001185 0.00538684 0.0167607 0.0357118 0.0521305 0.0521691 0.0359007 0.017396 0.0072272 0.00582447 0.0103723 0.0195722 0.0328337 0.0484781 0.0634342 0.0745079 0.0801329 0.0810778 0.0794468 0.0768866 0.0735662 0.068596 0.0612064
 1.09115e-16 6.52585e-05 0.000634336 0.00421539 0.0191625 0.0596218 0.127031 0.185407 0.185414 0.127068 0.0597468 0.0195248 0.00513003 0.00264905 0.00394546 0.00656317 0.00979265 0.0130574 0.0158284 0.0179071 0.0195201 0.0210689 0.0227297 0.0242435 0.0250494 0.0246239
 1.04091e-16 4.92195e-05 0.000478431 0.00317934 0.0144529 0.0449684 0.0958112 0.139847 0.139881 0.0959806 0.045537 0.0160945 0.00729772 0.00946093 0.0170856 0.0281086 0.040351 0.0504657 0.0550891 0.0527014 0.0445662 0.0339282 0.0241233 0.0170466 0.0128533 0.010643
 1.00894e-16 7.50645e-05 0.000729654 0.0048488 0.022042 0.0685808 0.146119 0.213266 0.213273 0.146151 0.0686874 0.0223501 0.00562307 0.00242216 0.00329607 0.00534743 0.00773546 0.0098089 0.010955 0.0108851 0.00979183 0.00819693 0.00662017 0.0053327 0.00433981 0.00352354
 1.0153e-16 2.84569e-05 0.000276611 0.00183818 0.00835614 0.0259994 0.0553966 0.0808656 0.0809259 0.0556908 0.0269869 0.0112069 0.00898876 0.0158687 0.0295885 0.0487338 0.0698788 0.087198 0.0947737 0.0898791 0.0746408 0.0546834 0.0358854 0.0217351 0.0127872 0.00778731
 1.09767e-16 2.77766e-05 0.000269998 0.00179424 0.00815636 0.0253776 0.0540711 0.0789258 0.0789615 0.0542458 0.0259655 0.00985871 0.00608434 0.00969129 0.0180838 0.0302761 0.0445926 0.0581074 0.0677619 0.0719962 0.0714391 0.0680358 0.0634349 0.0580608 0.0514639 0.0433176
 1.01236e-16 7.8935e-05 0.000767277 0.00509882 0.0231785 0.072117 0.153653 0.224261 0.224263 0.153663 0.0721519 0.0232795 0.00535316 0.00132504 0.00114584 0.00178962 0.00261874 0.00339701 0.00394383 0.00418265 0.00417819 0.00407687 0.00399567 0.00395029 0.00386879 0.00366147
 1.00375e-16 6.44928e-05 0.000626893 0.00416592 0.0189377 0.0589223 0.125541 0.183235 0.183256 0.125641 0.059258 0.0199067 0.0065961 0.00592463 0.0101043 0.0165457 0.0236958 0.0295192 0.0319914 0.0301837 0.0248315 0.0178752 0.0113511 0.00647981 0.00346732 0.00187962
 1.00588e-16 6.91013e-05 0.00067169 0.00446361 0.020291 0.0631328 0.134512 0.196326 0.19634 0.134579 0.0633591 0.0209446 0.00610392 0.0042514 0.00686429 0.0112297 0.0161479 0.0202572 0.0222162 0.021399 0.0182606 0.0140245 0.00995582 0.00678594 0.00461811 0.00319669
 1.00806e-16 6.29414e-05 0.000611813 0.00406571 0.0184821 0.0575049 0.122521 0.178827 0.178848 0.122622 0.0578453 0.0194651 0.00653197 0.00599215 0.0102707 0.0168523 0.0242047 0.0302983 0.0331073 0.031693 0.0267625 0.020199 0.0139571 0.00917617 0.00602032 0.00407744
 1.0257e-16 3.79962e-05 0.000369337 0.00245437 0.0111573 0.0347146 0.0739648 0.107963 0.108009 0.0741861 0.0354577 0.0133033 0.0078407 0.0121258 0.0223596 0.0368883 0.053094 0.0666738 0.0732521 0.0707864 0.0607655 0.0471797 0.0341351 0.0239758 0.0169909 0.012315
 1.04104e-16 5.81673e-05 0.000565407 0.00375733 0.0170803 0.0531432 0.113228 0.165263 0.165282 0.113317 0.0534443 0.0179514 0.00594888 0.00536574 0.00922217 0.0152772 0.0222879 0.0286226 0.0326357 0.0335334 0.0317781 0.0286447 0.0253233 0.0223118 0.019471 0.0164874
 1.01876e-16 6.57945e-05 0.000639546 0.00425001 0.0193199 0.0601116 0.128075 0.186932 0.186949 0.128154 0.0603793 0.0200931 0.0061905 0.00487515 0.0081086 0.0132977 0.0191423 0.0240588 0.0264817 0.0256945 0.0222547 0.0176131 0.013242 0.00995016 0.00777886 0.00634276
 1.00817e-16 6.8817e-05 0.000668926 0.00444525 0.0202075 0.062873 0.133958 0.195519 0.195533 0.134027 0.063105 0.0208774 0.00612644 0.00433729 0.00703064 0.0115007 0.0165287 0.0207172 0.0226904 0.0218118 0.01856 0.0142068 0.0100659 0.00689406 0.00478767 0.00345982
 1.02117e-16 3.18181e-05 0.000309283 0.0020553 0.00934313 0.0290702 0.0619392 0.0904134 0.0904674 0.0622033 0.0299568 0.011903 0.0084782 0.0143212 0.0266154 0.0438774 0.063031 0.0788951 0.0862005 0.0825025 0.0696435 0.0525314 0.0362607 0.0238043 0.0155928 0.0105532
 1.01995e-16 7.18566e-05 0.000698471 0.00464159 0.0211 0.0656499 0.139874 0.204152 0.204159 0.139909 0.0657653 0.0214339 0.00548277 0.0025448 0.00360763 0.00592651 0.00870698 0.0113156 0.0131446 0.0138918 0.0136954 0.0129613 0.0120388 0.0110269 0.00983293 0.00836839
 1.01591e-16 5.23643e-05 0.000508999 0.00338248 0.0153763 0.0478415 0.101933 0.148781 0.148813 0.102093 0.0483784 0.0169262 0.00727041 0.00898772 0.0161296 0.0265163 0.0380381 0.0475109 0.0517311 0.0492307 0.0411729 0.0306072 0.0207012 0.0133044 0.00866381 0.00605038
 1.05924e-16 2.06795e-05 0.000201012 0.0013358 0.00607237 0.0188937 0.0402571 0.0587684 0.058825 0.0405339 0.0198234 0.00875882 0.00808388 0.0149477 0.0280724 0.0464928 0.0672388 0.0850975 0.0947237 0.0935812 0.0833645 0.0686914 0.0542033 0.0423877 0.0333912 0.0262337
 1.08322e-16 5.68746e-05 0.000552841 0.00367383 0.0167007 0.0519621 0.110711 0.161589 0.161601 0.110772 0.0521667 0.0172942 0.0051736 0.00386006 0.00643554 0.0108051 0.0161588 0.0215778 0.0261361 0.0293732 0.031458 0.0328371 0.0336922 0.0337127 0.0323597 0.0293396
 1.03948e-16 5.98899e-05 0.000582151 0.0038686 0.0175861 0.054717 0.116581 0.170158 0.17018 0.116687 0.0550713 0.0186093 0.00643652 0.00618651 0.0106997 0.0175852 0.0253094 0.0318009 0.0350027 0.0339952 0.02956 0.023663 0.0182774 0.0144513 0.0121597 0.0107719
 1.06706e-16 1.05775e-05 0.000102817 0.000683256 0.00310603 0.00966439 0.0205936 0.0300719 0.0301431 0.0209413 0.0108319 0.00647817 0.00914793 0.0185817 0.0351062 0.0580227 0.0835847 0.105109 0.115766 0.112383 0.0973062 0.0767719 0.0571527 0.042018 0.0316974 0.0247252
 1.09699e-16 5.74754e-05 0.000558682 0.00371264 0.0168771 0.052511 0.11188 0.163294 0.163301 0.111915 0.0526277 0.0172182 0.00458329 0.00250726 0.00389877 0.00672171 0.0105344 0.0150382 0.019918 0.024958 0.0300011 0.0347109 0.038388 0.0401093 0.0391696 0.0355076
 1.06783e-16 4.80429e-05 0.000466994 0.00310334 0.0141074 0.0438934 0.0935207 0.136503 0.136536 0.0936825 0.0444364 0.0156755 0.00703803 0.00905192 0.0163399 0.0269073 0.0386946 0.0485514 0.0533274 0.0516368 0.0447286 0.0356862 0.0275937 0.0220706 0.0190239 0.0173758
 1.11515e-16 1.1231e-05 0.000109169 0.00072547 0.00329792 0.0102614 0.0218652 0.0319259 0.0319877 0.0221672 0.0112755 0.00622897 0.00808983 0.0162089 0.0306555 0.0508391 0.0736465 0.0934701 0.104559 0.104214 0.0943002 0.0797992 0.0656325 0.0543054 0.0457452 0.0386786
 1.10272e-16 6.02942e-05 0.000586081 0.00389472 0.0177048 0.0550863 0.117367 0.171302 0.171309 0.117399 0.0551941 0.0180192 0.00469527 0.00237179 0.00356389 0.00609101 0.00946051 0.0133544 0.0174664 0.021635 0.0258265 0.0299009 0.0333828 0.0355056 0.0355553 0.0332669
 1.05729e-16 5.06363e-05 0.000492203 0.00327086 0.0148689 0.0462628 0.098569 0.143871 0.143902 0.0987226 0.0467787 0.0163584 0.00700808 0.00864498 0.0155185 0.025536 0.0366956 0.0459836 0.0503864 0.0485687 0.0417098 0.032754 0.0246751 0.0190799 0.0159557 0.0143363
 1.10558e-16 6.18733e-06 6.01431e-05 0.000399675 0.00181691 0.00565344 0.0120478 0.0175984 0.0176667 0.0123814 0.00677418 0.00505562 0.00853543 0.0178408 0.0338342 0.0560787 0.0811389 0.102772 0.114572 0.113528 0.101729 0.0847647 0.0682152 0.0550033 0.0451695 0.0373584
 1.3325e-16 1.61745e-05 0.000157222 0.00104479 0.00474949 0.0147775 0.0314854 0.0459564 0.0459682 0.0315435 0.0149748 0.00533039 0.00254403 0.00356652 0.0068926 0.0124223 0.0203632 0.0308003 0.0437223 0.0590175 0.0761266 0.0934923 0.108377 0.117524 0.118467 0.110681
pSPR Fmed_Fpbrs
0.50813   0.285403 0.285403
Fs Fmed_Fpbrs
0.470045   1.005 1.005
SSBpbr Bo_Bmed_Bpbrs
1.66729e+06  763835  392484 392484
Ro
109716
SPR SPRFo_SPRFmed_SPRFpbrs
781001 396851 222900
Fref
1.005
log_Ro
11.4256
likeval ReclasPelacesDesembMPH_pf_preclas_ppelaces_ptallas_desvR_qrecl_qpela
 36.8916 36.4006 0.171621 0.00226462 249.965 126.422 91.2882 0 57.7758 0 0 0.265619 0 0 0
q_reclas_q_pelaces
1 1
M
1
N
 294958 48322.4 17776.8 6539.72 3805.97
 90739.8 90974.4 12495.7 4596.91 2675.3
 24317.9 26288.7 20756.6 2851.01 1659.22
 83348.8 7075.59 6049.74 4776.66 1037.93
 40126 15804.6 691.551 591.287 568.303
 213490 10695.2 3052.14 133.55 223.937
 27211.9 54322.9 1882.33 537.168 62.9168
 4764.54 3863.84 2977.12 103.159 32.8871
 54593.9 1083.98 543.644 418.882 19.1418
 45466.4 10307.2 105.03 52.6751 42.4414
 96552.9 9033.06 1105.92 11.2693 10.2056
 172604 31799.7 2663.45 326.088 6.33198
 69733.3 46022.1 6145.38 514.72 64.2411
 86322 18780.9 9074.26 1211.7 114.155
 133748 17692.8 2144.66 1036.23 151.404
 328369 37674.2 3815.96 462.558 256.147
 103688 87615.9 7290.87 738.481 139.087
 652024 31803.1 22405.6 1864.46 224.417
 620656 196419 7845.18 5527.03 515.285
 136245 186531 48225.3 1926.17 1483.53
 387312 41399.7 46816.3 12103.8 855.781
 637446 118473 10529.5 11907.1 3296.1
 58885.3 187232 27783.6 2469.31 3565.37
 344541 19183.1 54013.4 8015.09 1740.9
 346024 111558 5466.85 15392.8 2780.28
 45204.6 114273 33072.6 1620.7 5387.6
 306637 15188.7 35068.1 10149.4 2150.71
 343217 98997.5 4303.43 9935.89 3484.99
 22673.7 114398 29896.2 1299.59 4052.97
 22926.7 7670.45 35588.5 9300.53 1665.15
pred_Ctot
 30565.7 9337.64 3435.13 1263.71 735.451
 12426.4 22699.8 3117.92 1147.02 667.537
 3275.98 6462.76 5102.76 700.886 407.899
 26921.9 3638.77 3111.21 2456.5 533.775
 7172.33 4997.65 218.679 186.974 179.706
 42871.5 3740.1 1067.33 46.7023 78.3103
 11386.9 33664.7 1166.51 332.891 38.9904
 1194.64 1627.19 1253.76 43.4438 13.8498
 17721.2 559.547 280.627 216.226 9.88094
 13889.1 5079.17 51.7563 25.9571 20.9141
 6450.31 1154.04 141.29 1.43974 1.30384
 30822.7 10047.2 841.521 103.028 2.0006
 12112 14192.2 1895.1 158.728 19.8106
 25328.1 8969.24 4333.63 578.674 54.5173
 20244.9 4830.44 585.53 282.908 41.336
 58526.8 11883.4 1203.65 145.903 80.7954
 11059.6 17389.9 1447.08 146.573 27.6058
 75880.8 6840.98 4819.56 401.054 48.273
 73011.2 42670.1 1704.29 1200.69 111.941
 15222.5 38645.2 9991.28 399.062 307.356
 41884.2 8322.35 9411.2 2433.16 172.033
 82728.1 28155.2 2502.34 2829.74 783.322
 4303.08 26053.8 3866.15 343.61 496.129
 26376.4 2789.85 7855.29 1165.65 253.183
 22574.8 13933.3 682.792 1922.52 347.248
 2494.73 12155.6 3518.06 172.4 573.1
 23980.2 2253.96 5204.02 1506.14 319.161
 20552.1 11390 495.126 1143.16 400.961
 1160.45 11316 2957.27 128.553 400.911
 2353.63 1469.34 6817.27 1781.6 318.973
F
 0.176255 0.35251 0.35251 0.35251 0.35251
 0.238856 0.477711 0.477711 0.477711 0.477711
 0.234562 0.469124 0.469124 0.469124 0.469124
 0.662735 1.32547 1.32547 1.32547 1.32547
 0.322229 0.644458 0.644458 0.644458 0.644458
 0.368643 0.737286 0.737286 0.737286 0.737286
 0.951995 1.90399 1.90399 1.90399 1.90399
 0.480561 0.961122 0.961122 0.961122 0.961122
 0.667075 1.33415 1.33415 1.33415 1.33415
 0.616083 1.23217 1.23217 1.23217 1.23217
 0.110635 0.221269 0.221269 0.221269 0.221269
 0.321877 0.643755 0.643755 0.643755 0.643755
 0.31184 0.62368 0.62368 0.62368 0.62368
 0.584929 1.16986 1.16986 1.16986 1.16986
 0.266982 0.533964 0.533964 0.533964 0.533964
 0.321176 0.642352 0.642352 0.642352 0.642352
 0.181825 0.36365 0.36365 0.36365 0.36365
 0.199831 0.399663 0.399663 0.399663 0.399663
 0.202183 0.404365 0.404365 0.404365 0.404365
 0.191182 0.382365 0.382365 0.382365 0.382365
 0.184548 0.369096 0.369096 0.369096 0.369096
 0.225119 0.450238 0.450238 0.450238 0.450238
 0.121559 0.243118 0.243118 0.243118 0.243118
 0.127665 0.25533 0.25533 0.25533 0.25533
 0.107922 0.215844 0.215844 0.215844 0.215844
 0.0906475 0.181295 0.181295 0.181295 0.181295
 0.130569 0.261139 0.261139 0.261139 0.261139
 0.0986811 0.197362 0.197362 0.197362 0.197362
 0.0838305 0.167661 0.167661 0.167661 0.167661
 0.174483 0.348965 0.348965 0.348965 0.348965
nmprior
 8 8 7 0
nm_flota  nm_reclas  nm_pelaces    nm_pelaL
inf 5.53897 5.30791 7.41154
cv_recla  cv_pelaces  cv_mph
0.562329 0.709936 1.4686
 ------------------------------------------------
Talla a la edad & desviación 
 8 13.2811 15.8009 17.003 17.5766
 0.8 1.32811 1.58009 1.7003 1.75766
