years
 1991 1992 1993 1994 1995 1996 1997 1998 1999 2000 2001 2002 2003 2004 2005 2006 2007 2008 2009 2010 2011 2012 2013 2014 2015 2016 2017 2018 2019 2020
reclasobs
 0 0 0 0 0 0 0 0 0 252601 567819 844713 477998 351125 339783 2.1784e+06 2.13404e+06 4.81314e+06 1.55562e+06 2.62356e+06 3.21686e+06 3.843e+06 1.13348e+06 3.07943e+06 1.97215e+06 2.03268e+06 2.025e+06 2.42433e+06 2.27542e+06 1.05018e+06
reclaspred
 3.27667e+06 1.88417e+06 956025 940558 933642 1.40698e+06 980129 890582 659354 499573 509368 624036 625908 518769 527531 1.22684e+06 1.25421e+06 2.57984e+06 2.18806e+06 1.71032e+06 3.02849e+06 2.43158e+06 1.99234e+06 2.99168e+06 2.27051e+06 2.00852e+06 2.35539e+06 2.4523e+06 2.05178e+06 1.33576e+06
pelacesobs
 0 0 0 0 0 0 0 0 0 0 0 0 0 0 0 552880 188675 0 991730 2.46772e+06 1.41603e+06 1.21717e+06 2.29649e+06 1.80582e+06 0 1.4828e+06 1.56532e+06 1.57751e+06 1.42118e+06 867257
pelacespred
 1.87742e+06 1.21854e+06 632198 505119 505378 785755 535713 560622 417389 305158 312764 325917 355781 320577 328437 625687 635425 1.47643e+06 1.32402e+06 968618 1.60291e+06 1.45069e+06 1.15758e+06 1.87225e+06 1.38857e+06 1.2155e+06 1.61549e+06 1.66371e+06 1.1468e+06 855375
mphobs
 0 0 0 0 0 0 0 0 0 0 0 498337 0 5186 125008 0 168611 109162 213762 579715 649985 157893 87575 83554 0 0 0 0 0 0
mphpred
 487451 327699 168978 91070.1 100635 110185 144674 102107 88348.2 64349.7 44204.9 58920.5 64099.4 56811.2 42751.3 52180.1 143504 142933 256130 204743 227701 276841 260271 219122 296141 245214 202541 214630 290962 203250
desembarqueobs
 494567 514787 250237 358949 120608 361735 552515 73892 212993 205616 52469 317467 293654 387597 252695 516296 358380 742168 942051 627588 828172 859565 418607 520667 417249 300574 407403 355545 319650 289779
desembarquepred
 494573 513148 251077 358966 120611 361745 552554 73894.5 213024 205645 52470.7 317519 293700 387650 252701 516287 358399 742120 941958 627525 828216 859588 418615 520681 417250 300576 407404 355538 319648 289786
Reclutas
 265161 157257 151908 285974 228938 378337 160881 78309.7 71560.2 93208.6 168106 204382 172317 121260 127684 659818 152669 994658 588816 468202 692245 910238 202526 601433 503656 227753 514546 565789 162603 127019
log_desv_Rt
 0.035152 -0.487305 -0.521912 0.110717 -0.111733 0.390601 -0.46452 -1.18451 -1.27465 -1.01035 -0.420588 -0.225195 -0.395846 -0.747245 -0.69563 0.94678 -0.516913 1.35721 0.832929 0.603715 0.994755 1.26852 -0.234318 0.85413 0.676709 -0.116923 0.6981 0.793037 -0.453876 -0.700852
SSB
 5.58879e+06 3.75718e+06 1.93739e+06 1.04415e+06 1.15381e+06 1.26331e+06 1.65874e+06 1.17069e+06 1.01294e+06 737791 506824 675543 734921 651360 490158 598262 1.64533e+06 1.63878e+06 2.93661e+06 2.34744e+06 2.61067e+06 3.17408e+06 2.9841e+06 2.51231e+06 3.39536e+06 2.81146e+06 2.3222e+06 2.4608e+06 3.33597e+06 2.33034e+06
BT
 7.27547e+06 4.96262e+06 2.56522e+06 2.15093e+06 1.94085e+06 3.17925e+06 2.45457e+06 2.1115e+06 1.73572e+06 1.3147e+06 1.18832e+06 1.46003e+06 1.5682e+06 1.576e+06 1.45404e+06 2.70695e+06 2.60214e+06 6.04839e+06 5.7481e+06 4.10299e+06 6.5258e+06 6.11047e+06 4.5951e+06 7.32195e+06 5.45534e+06 4.70652e+06 6.31529e+06 6.43114e+06 4.4522e+06 3.40564e+06
Ftot
 0.0763169 0.13667 0.132225 0.196251 0.0665385 0.133734 0.281694 0.0426661 0.164951 0.209105 0.0542312 0.260103 0.239705 0.378186 0.248734 0.222363 0.145235 0.151435 0.219761 0.18794 0.14149 0.181993 0.106778 0.0913685 0.0943505 0.0766647 0.0906187 0.0762894 0.0786671 0.110046
BD_Bspro_t
 0.987864 0.907508 0.803308 0.736791 0.729403 0.780976 0.772937 0.660037 0.705283 0.680778 0.659956 0.78953 0.698024 0.628064 0.545013 0.59461 0.716497 0.70518 0.765321 0.695428 0.678561 0.71709 0.728238 0.727255 0.803812 0.810017 0.815979 0.841377 0.869713 0.825696
BD_Bspro
 3.06685 2.06176 1.06315 0.572978 0.633155 0.693241 0.910232 0.642415 0.555853 0.404863 0.27812 0.370705 0.403288 0.357434 0.268974 0.328297 0.902874 0.899281 1.61147 1.28816 1.43261 1.74178 1.63753 1.37863 1.86321 1.54279 1.27431 1.35037 1.83062 1.27877
BD_Bo
 2.00349 1.34689 0.694525 0.374311 0.413623 0.452876 0.59463 0.419673 0.363124 0.264486 0.181688 0.242172 0.263458 0.233502 0.175714 0.214468 0.589823 0.587476 1.05273 0.841521 0.935884 1.13786 1.06975 0.900622 1.21718 1.00787 0.832471 0.882158 1.19589 0.835388
BD_Brms
 3.64271 2.44889 1.26277 0.680566 0.752043 0.823411 1.08115 0.763042 0.660225 0.480884 0.330343 0.440312 0.479014 0.42455 0.31948 0.389941 1.07241 1.06814 1.91405 1.53004 1.70161 2.06883 1.94501 1.63749 2.21306 1.83248 1.51358 1.60392 2.17435 1.51889
Sel_flota
 0.914395 1 1 1 1
 0.914395 1 1 1 1
 0.914395 1 1 1 1
 0.914395 1 1 1 1
 0.914395 1 1 1 1
 0.914395 1 1 1 1
 0.914395 1 1 1 1
 0.914395 1 1 1 1
 0.914395 1 1 1 1
 0.914395 1 1 1 1
 0.914395 1 1 1 1
 0.914395 1 1 1 1
 0.914395 1 1 1 1
 0.914395 1 1 1 1
 0.914395 1 1 1 1
 0.914395 1 1 1 1
 0.914395 1 1 1 1
 0.914395 1 1 1 1
 0.914395 1 1 1 1
 0.914395 1 1 1 1
 0.914395 1 1 1 1
 0.914395 1 1 1 1
 0.914395 1 1 1 1
 0.914395 1 1 1 1
 0.914395 1 1 1 1
 0.914395 1 1 1 1
 0.914395 1 1 1 1
 0.914395 1 1 1 1
 0.914395 1 1 1 1
 0.914395 1 1 1 1
Sel_reclas
 1 1 1 1 1
 1 1 1 1 1
 1 1 1 1 1
 1 1 1 1 1
 1 1 1 1 1
 1 1 1 1 1
 1 1 1 1 1
 1 1 1 1 1
 1 1 1 1 1
 1 1 1 1 1
 1 1 1 1 1
 1 1 1 1 1
 1 1 1 1 1
 1 1 1 1 1
 1 1 1 1 1
 1 1 1 1 1
 1 1 1 1 1
 1 1 1 1 1
 1 1 1 1 1
 1 1 1 1 1
 1 1 1 1 1
 1 1 1 1 1
 1 1 1 1 1
 1 1 1 1 1
 1 1 1 1 1
 1 1 1 1 1
 1 1 1 1 1
 1 1 1 1 1
 1 1 1 1 1
 1 1 1 1 1
Sel_pelaces
 1 1 1 1 1
 1 1 1 1 1
 1 1 1 1 1
 1 1 1 1 1
 1 1 1 1 1
 1 1 1 1 1
 1 1 1 1 1
 1 1 1 1 1
 1 1 1 1 1
 1 1 1 1 1
 1 1 1 1 1
 1 1 1 1 1
 1 1 1 1 1
 1 1 1 1 1
 1 1 1 1 1
 1 1 1 1 1
 1 1 1 1 1
 1 1 1 1 1
 1 1 1 1 1
 1 1 1 1 1
 1 1 1 1 1
 1 1 1 1 1
 1 1 1 1 1
 1 1 1 1 1
 1 1 1 1 1
 1 1 1 1 1
 1 1 1 1 1
 1 1 1 1 1
 1 1 1 1 1
 1 1 1 1 1
pf_obs 
 0.8446 0.082 0.0669 0.0065 0
 0.8095 0.147 0.0364 0.0071 0
 0.9664 0.0169 0.016 0.0007 0
 0.9276 0.0648 0.0075 0.0001 0
 0.7033 0.2144 0.0806 0.0017 0
 0.9318 0.0425 0.0243 0.0014 0
 0.5671 0.3108 0.0964 0.0239 0.0018
 0.0768 0.2599 0.5324 0.112 0.0189
 0.490249 0.384438 0.106611 0.0170017 0.00170017
 0.7925 0.1577 0.0466 0.003 0.0002
 0.840416 0.127587 0.0312969 0.00059994 9.999e-05
 0.8084 0.0986 0.0794 0.0134 0.0002
 0.7335 0.1905 0.0724 0.0035 0.0001
 0.4001 0.4547 0.1325 0.0127 0
 0.49795 0.308269 0.164784 0.0264974 0.00249975
 0.9179 0.0499 0.0305 0.0017 0
 0.2467 0.6533 0.0926 0.0074 0
 0.9418 0.0223 0.034 0.0019 0
 0.707729 0.231977 0.0356964 0.0245975 0
 0.517169 0.277429 0.184464 0.0207286 0.00020938
 0.811772 0.124168 0.05621 0.00726502 0.000585176
 0.764997 0.148141 0.077277 0.00933861 0.000247198
 0.163321 0.427699 0.378323 0.0303852 0.000271297
 0.753843 0.0900009 0.118128 0.0371064 0.000921714
 0.721811 0.176058 0.0630433 0.0369309 0.00215725
 0.143369 0.312575 0.442814 0.0836902 0.0175525
 0.692698 0.0596174 0.167031 0.0765114 0.00414204
 0.394062 0.376323 0.152708 0.0712218 0.00568511
 0.125707 0.32114 0.495352 0.0537591 0.00404204
 0.23352 0.215282 0.420074 0.123614 0.00750983
pf_pred 
 0.417373 0.108635 0.450106 0.0238859 7.14592e-07
 0.411478 0.259084 0.0614257 0.254505 0.0135063
 0.543169 0.198727 0.113625 0.0269391 0.11754
 0.750874 0.141234 0.0469338 0.0268352 0.0341221
 0.647308 0.271228 0.0461837 0.0153474 0.019933
 0.745582 0.170002 0.0649173 0.0110539 0.00844421
 0.479332 0.397482 0.0823128 0.0314321 0.00944069
 0.442028 0.28196 0.210711 0.043635 0.0216672
 0.524685 0.220894 0.128566 0.0960785 0.0297761
 0.675511 0.178151 0.0680082 0.0395826 0.0387477
 0.791259 0.145509 0.0347161 0.0132527 0.0152642
 0.720872 0.225 0.0377315 0.00900216 0.00739465
 0.665138 0.248165 0.0698846 0.0117194 0.00509282
 0.602551 0.273214 0.0920702 0.0259275 0.00623739
 0.700956 0.187918 0.0763897 0.0257424 0.00899317
 0.921449 0.05671 0.0137252 0.00557934 0.00253701
 0.396747 0.560089 0.0311623 0.00754202 0.00445996
 0.886508 0.0476834 0.0611002 0.0033995 0.0013093
 0.604045 0.354746 0.0173139 0.0221856 0.00170977
 0.604278 0.248463 0.131933 0.00643919 0.00888689
 0.733539 0.16726 0.0622854 0.0330734 0.00384198
 0.737872 0.197121 0.0408055 0.0151954 0.00900603
 0.331548 0.505699 0.122391 0.0253357 0.0150264
 0.742355 0.0909236 0.126129 0.030526 0.0100669
 0.633076 0.27884 0.0310852 0.0431213 0.013878
 0.445776 0.36284 0.14544 0.0162137 0.0297301
 0.739147 0.122324 0.0906922 0.0363527 0.0114837
 0.692628 0.232641 0.0350443 0.0259821 0.0137045
 0.353575 0.460341 0.140842 0.021216 0.0240265
 0.440056 0.210099 0.249136 0.0762235 0.0244852
pobs_RECLAS
 0 0 0 0 0
 0 0 0 0 0
 0 0 0 0 0
 0 0 0 0 0
 0 0 0 0 0
 0 0 0 0 0
 0 0 0 0 0
 0 0 0 0 0
 0 0 0 0 0
 0 0 0 0 0
 0.991045 0.00858322 0.000360255 1.14367e-05 0
 0.934742 0.0480273 0.0164251 0.00080598 0
 0.827803 0.169806 0.00239088 0 0
 0.941827 0.0461693 0.0120037 0 0
 0.791401 0.0380133 0.147996 0.0225897 0
 0.846168 0.0940531 0.0597789 0 0
 0.134021 0.677848 0.182769 0.00536245 0
 0.80878 0.0450904 0.141981 0.00414843 0
 0.846168 0.0940531 0.0597789 0 0
 0.905697 0.0802665 0.012482 0.00150086 5.37128e-05
 0.989698 0.0102097 9.19794e-05 0 0
 0.975433 0.0193895 0.00387452 0.00125025 5.28907e-05
 0.303575 0.632131 0.0575291 0.00676475 0
 0.966965 0.00978017 0.0227588 0.000495775 0
 0.843318 0.132988 0.00938335 0.0141283 0.000182051
 0.564624 0.303363 0.111486 0.0197234 0.00080311
 0.826376 0.0876187 0.0782897 0.00655872 0.00115652
 0.89761 0.0855135 0.0140674 0.00269457 0.000114338
 0.34875 0.467042 0.161289 0.0227151 0.000203297
 0.318654 0.224769 0.449479 0.00709798 0
ppred_RECLAS
 0.439424 0.104523 0.433071 0.0229819 6.87546e-07
 0.433574 0.249357 0.0591195 0.24495 0.0129992
 0.565531 0.188999 0.108063 0.0256205 0.111787
 0.767527 0.131794 0.0437966 0.0250414 0.0318413
 0.66757 0.255646 0.0435304 0.0144657 0.0187879
 0.762373 0.158783 0.060633 0.0103243 0.00788691
 0.502315 0.379937 0.0786794 0.0300446 0.00902397
 0.464278 0.270716 0.202308 0.041895 0.0208032
 0.54727 0.210398 0.122457 0.0915132 0.0283613
 0.695182 0.167351 0.0638854 0.037183 0.0363988
 0.805718 0.135429 0.0323114 0.0123347 0.0142068
 0.738955 0.210424 0.0352871 0.00841896 0.00691559
 0.68521 0.233289 0.0656956 0.0110169 0.00478755
 0.62461 0.25805 0.08696 0.0244884 0.00589119
 0.719804 0.176074 0.071575 0.02412 0.00842635
 0.927813 0.0521155 0.0126132 0.00512731 0.00233147
 0.418632 0.539769 0.0300318 0.0072684 0.00429816
 0.895319 0.0439815 0.0563567 0.00313558 0.00120765
 0.625672 0.33537 0.0163682 0.0209738 0.00161638
 0.625828 0.234932 0.124748 0.00608852 0.00840292
 0.750872 0.15638 0.0582338 0.030922 0.00359207
 0.755085 0.184177 0.0381259 0.0141976 0.00841462
 0.351859 0.490333 0.118672 0.0245659 0.0145699
 0.759224 0.0849702 0.11787 0.0285273 0.00940778
 0.653769 0.263114 0.0293321 0.0406894 0.0130954
 0.468123 0.348211 0.139575 0.0155599 0.0285314
 0.756157 0.114348 0.0847784 0.0339822 0.0107349
 0.711463 0.218385 0.0328969 0.02439 0.0128647
 0.374425 0.445492 0.136299 0.0205317 0.0232515
 0.462424 0.201706 0.239184 0.0731787 0.0235071
pobs_PELACES
 0 0 0 0 0
 0 0 0 0 0
 0 0 0 0 0
 0 0 0 0 0
 0 0 0 0 0
 0 0 0 0 0
 0 0 0 0 0
 0 0 0 0 0
 0 0 0 0 0
 0 0 0 0 0
 0 0 0 0 0
 0 0 0 0 0
 0 0 0 0 0
 0 0 0 0 0
 0 0 0 0 0
 0 0 0 0 0
 0.505614 0.472636 0.0217494 0 0
 0 0 0 0 0
 0.443492 0.261883 0.143347 0.151278 0
 0.227955 0.32914 0.350689 0.0885471 0.00366901
 0.970185 0.0296113 0.000203453 0 0
 0.997202 0.00247181 0.000326279 0 0
 0.445219 0.490057 0.0546422 0.010081 0
 0.90214 0.0892962 0.00764917 0.000914606 0
 0 0 0 0 0
 0.581667 0.319106 0.0959925 0.00289975 0.000334073
 0.762889 0.0836404 0.116647 0.0363945 0.000428098
 0.88444 0.0763242 0.0277011 0.0115352 0
 0.521256 0.241999 0.230069 0.00667565 0
 0.616807 0.101726 0.260614 0.0208532 0
ppred_PELACES
 0.439955 0.104424 0.43266 0.0229601 6.86895e-07
 0.434522 0.24894 0.0590206 0.24454 0.0129775
 0.566448 0.1886 0.107835 0.0255663 0.111551
 0.768515 0.131234 0.0436105 0.024935 0.031706
 0.667987 0.255326 0.0434758 0.0144475 0.0187643
 0.763057 0.158326 0.0604585 0.0102946 0.00786422
 0.504304 0.378418 0.0783649 0.0299245 0.0089879
 0.464578 0.270565 0.202195 0.0418716 0.0207915
 0.548425 0.209862 0.122145 0.0912799 0.028289
 0.696432 0.166664 0.0636233 0.0370305 0.0362495
 0.805957 0.135262 0.0322715 0.0123195 0.0141893
 0.74037 0.209283 0.0350959 0.00837333 0.00687811
 0.686669 0.232208 0.0653912 0.0109658 0.00476537
 0.627112 0.256331 0.0863805 0.0243252 0.00585193
 0.721219 0.175185 0.0712135 0.0239981 0.00838379
 0.928232 0.0518125 0.0125399 0.00509751 0.00231792
 0.419631 0.538842 0.0299802 0.00725591 0.00429077
 0.895719 0.0438133 0.0561412 0.00312359 0.00120303
 0.627125 0.334068 0.0163047 0.0208924 0.00161011
 0.62707 0.234152 0.124334 0.00606831 0.00837502
 0.751619 0.155911 0.0580592 0.0308293 0.0035813
 0.756035 0.183463 0.0379781 0.0141425 0.008382
 0.352547 0.489813 0.118546 0.0245398 0.0145544
 0.759696 0.0848038 0.11764 0.0284715 0.00938935
 0.654372 0.262656 0.029281 0.0406185 0.0130725
 0.468662 0.347858 0.139434 0.0155441 0.0285025
 0.756628 0.114127 0.0846144 0.0339165 0.0107141
 0.711906 0.21805 0.0328465 0.0243526 0.012845
 0.374946 0.445122 0.136186 0.0205146 0.0232321
 0.463196 0.201416 0.23884 0.0730735 0.0234733
pobs_pel_tallas
 0 0 0 0 0 0 0 0 0 0 0 0 0 0 0 0 0 0 0 0 0 0 0 0 0 0
 0 0 0 0 0 0 0 0 0 0 0 0 0 0 0 0 0 0 0 0 0 0 0 0 0 0
 0 0 0 0 0 0 0 0 0 0 0 0 0 0 0 0 0 0 0 0 0 0 0 0 0 0
 0 0 0 0 0 0 0 0 0 0 0 0 0 0 0 0 0 0 0 0 0 0 0 0 0 0
 0 0 0 0 0 0 0 0 0 0 0 0 0 0 0 0 0 0 0 0 0 0 0 0 0 0
 0 0 0 0 0 0 0 0 0 0 0 0 0 0 0 0 0 0 0 0 0 0 0 0 0 0
 0 0 0 0 0 0 0 0 0 0 0 0 0 0 0 0 0 0 0 0 0 0 0 0 0 0
 0 0 0 0 0 0 0 0 0 0 0 0 0 0 0 0 0 0 0 0 0 0 0 0 0 0
 0 0 0 0 0 0 0 0 0 0 0 0 0 0 0 0 0 0 0 0 0 0 0 0 0 0
 0 0 0 0 0 0 0 0 0 0 0 0 0 0 0 0 0 0 0 0 0 0 0 0 0 0
 0 0 0 0 0 0 0 0 0 0 0 0 0 0 0 0 0 0 0 0 0 0 0 0 0 0
 0 0 0 0 0 0 0 0 0 0 0 0 0 0 0 0 0 0 0 0 0 0 0 0 0 0
 0.00862536 0 0 0.000197151 0.00414017 0.0128641 0.00837892 0.0270097 0.101434 0.158115 0.152841 0.127902 0.109271 0.109419 0.0830992 0.0579132 0.0238553 0.00714673 0.00463305 0.00128148 0.00103504 0.000492878 0.000147863 0.000147863 4.92878e-05 0
 0 0 0 0 0 0 0 0 0 0 0 0 0 0 0 0 0 0 0 0 0 0 0 0 0 0
 0 0 0 0 0 0 0 0.0054083 0.00873648 0.0413646 0.0450493 0.0745869 0.0622846 0.0627006 0.0613931 0.0827291 0.12552 0.122667 0.0946155 0.0697135 0.0546179 0.0294188 0.0215738 0.0213955 0.0102223 0.00600262
 0 0 0 0 0.00359764 0.0251062 0.0480494 0.140153 0.205849 0.193036 0.1447 0.116669 0.0760912 0.0342217 0.00950174 0.001854 0.000860785 0 0 0 0.000165536 0 0.000143464 0 0 0
 0 0 0 0 0 0 0 0.000145254 0.000435761 0.0275982 0.070085 0.0708112 0.156366 0.174668 0.174014 0.160142 0.0824315 0.0480064 0.0283245 0.00493863 0.00203355 0 0 0 0 0
 0 0 0 0 0 0 0 0 0 0 0 0 0 0 0 0 0 0 0 0 0 0 0 0 0 0
 0 0 1.00437e-05 0.000401748 0.00122533 0.00171747 0.00176769 0.0269171 0.070346 0.194647 0.189555 0.159765 0.064822 0.0314167 0.0384472 0.0292271 0.0345202 0.0313363 0.0194345 0.0106764 0.0143323 0.0359363 0.0279516 0.0138201 0.00172751 0
 0 0.0021121 0.0136068 0.0755702 0.200478 0.177729 0.0527432 0.0373336 0.0318909 0.0142505 0.0149659 0.0166563 0.0217959 0.0798694 0.0677717 0.0528807 0.04013 0.0224614 0.0357745 0.0225083 0.00881397 0.00855152 0.00135912 0.000746735 0 0
 0 0 0 0 5.4009e-05 0.00500934 0.000945158 0.0243581 0.138947 0.33067 0.221406 0.137944 0.0707744 0.0437923 0.0131692 0.00525238 0.0047753 0.00276346 9.45158e-05 9.00151e-06 2.25038e-05 9.00151e-06 4.50075e-06 0 0 0
 0.000866109 0.00284123 0.00948549 0.0512746 0.133035 0.25785 0.225252 0.132002 0.0553304 0.0519788 0.0540692 0.017754 0.00435017 0.00159236 0.00146478 0.000404838 0.000125132 0.000115318 0.000107957 0.000100596 0 0 0 0 0 0
 0 0 0 0 0.00144013 0.00171154 0.00461396 0.0210425 0.0478622 0.0707936 0.0888783 0.103762 0.0637923 0.0337046 0.0602308 0.124433 0.169614 0.0934646 0.0462172 0.0250306 0.0313229 0.00938855 0.002487 0.000210481 0 0
 0 0.00764035 0.051015 0.0998891 0.058973 0.0496711 0.0374665 0.0718981 0.12319 0.153886 0.159021 0.0857701 0.0377988 0.023471 0.0147837 0.00900784 0.00315554 0.000888139 0.00291439 0.00214683 0.00393193 0.00274676 0.000635225 9.99891e-05 0 0
 0 0 0 0 0 0 0 0 0 0 0 0 0 0 0 0 0 0 0 0 0 0 0 0 0 0
 0 0 0 0 0 0 0 0 0 0 0 0 0 0 0 0 0 0 0 0 0 0 0 0 0 0
 0 0 0 0 0 0 0 0 0 0 0 0 0 0 0 0 0 0 0 0 0 0 0 0 0 0
 0 0 0 0 0 0 0 0 0 0 0 0 0 0 0 0 0 0 0 0 0 0 0 0 0 0
 0 0 0 0 0 0 0 0 0 0 0 0 0 0 0 0 0 0 0 0 0 0 0 0 0 0
 0 0 0 0 0 0 0 0 0 0 0 0 0 0 0 0 0 0 0 0 0 0 0 0 0 0
ppred_pel_tallas
 1.14816e-16 3.62385e-05 0.000352252 0.00234084 0.0106411 0.0331085 0.0705415 0.10296 0.10297 0.0705942 0.0332872 0.0111656 0.00368866 0.00339775 0.00612184 0.0108479 0.0174453 0.0257206 0.035355 0.0459711 0.0569509 0.0670756 0.0744382 0.0769924 0.0735365 0.0644607
 1.28487e-16 3.57911e-05 0.000347902 0.00231193 0.0105097 0.0326998 0.0696712 0.101692 0.101716 0.0697891 0.0330961 0.0116562 0.00519702 0.00667156 0.0121249 0.0202103 0.0296712 0.0385951 0.0451728 0.0488644 0.0508258 0.0530802 0.0570141 0.0623464 0.0672582 0.0694417
 1.24602e-16 4.66576e-05 0.000453529 0.00301386 0.0137006 0.0426277 0.0908235 0.132563 0.132582 0.0909131 0.0429292 0.0145734 0.00521281 0.00528075 0.00929525 0.0155106 0.0228661 0.0299079 0.03523 0.0383217 0.0399014 0.0413608 0.0437373 0.0470165 0.0502006 0.0519318
 1.09159e-16 6.33016e-05 0.000615314 0.00408898 0.0185879 0.0578339 0.123222 0.179848 0.179861 0.123284 0.0580426 0.0191912 0.00560605 0.0039364 0.00639877 0.0105544 0.0153835 0.0197538 0.0225755 0.0234013 0.0227025 0.0215216 0.0207715 0.0207278 0.021022 0.0210066
 1.05945e-16 5.50212e-05 0.000534826 0.00355411 0.0161565 0.0502689 0.107104 0.156327 0.156351 0.107225 0.050673 0.0173239 0.00648544 0.00693705 0.0122235 0.0201466 0.0290803 0.0367112 0.0407269 0.0400846 0.0356359 0.0295358 0.0239225 0.0198939 0.017376 0.015667
 1.04149e-16 6.2852e-05 0.000610944 0.00405994 0.0184559 0.0574232 0.122347 0.178572 0.178587 0.122422 0.0576749 0.0191836 0.00588949 0.00461486 0.00769639 0.0127011 0.0184706 0.0236058 0.0267161 0.0271517 0.0253546 0.0224859 0.019647 0.0173272 0.0154067 0.0135331
 1.06881e-16 4.15389e-05 0.000403773 0.00268322 0.0121975 0.0379513 0.0808606 0.118026 0.118063 0.081039 0.0385506 0.0139293 0.00703248 0.00990597 0.0181109 0.0299362 0.0432655 0.0547189 0.0608759 0.0601675 0.0537904 0.0448341 0.036355 0.0299098 0.0254095 0.0219425
 1.13622e-16 3.82667e-05 0.000371966 0.00247185 0.0112367 0.0349616 0.0744903 0.108726 0.108753 0.0746192 0.035395 0.0124921 0.00563627 0.00732339 0.0133682 0.022375 0.0330146 0.0431697 0.0506711 0.0544835 0.0551882 0.0542869 0.0529471 0.0512704 0.0485612 0.0441485
 1.1752e-16 4.51731e-05 0.000439098 0.00291796 0.0132646 0.0412713 0.0879337 0.128346 0.128367 0.0880335 0.0416069 0.0142364 0.0053662 0.00581429 0.0103453 0.0172765 0.0254715 0.0333035 0.039168 0.0424115 0.0436931 0.0443784 0.0454511 0.0468311 0.0475484 0.0464796
 1.11727e-16 5.73642e-05 0.000557601 0.00370545 0.0168445 0.0524095 0.111665 0.162981 0.162997 0.111743 0.0526747 0.0176116 0.00563532 0.00478457 0.00812743 0.0134593 0.0196589 0.0253244 0.0290885 0.0303859 0.0297948 0.0285905 0.0278645 0.0279016 0.0281972 0.0279401
 1.04603e-16 6.63857e-05 0.000645292 0.0042882 0.0194935 0.0606516 0.129225 0.188611 0.188624 0.129289 0.0608661 0.0201132 0.00584507 0.00404844 0.00654306 0.0107482 0.0155642 0.0197635 0.0221478 0.022185 0.0203226 0.017664 0.0152689 0.013626 0.0126091 0.011791
 1.03071e-16 6.09833e-05 0.00059278 0.00393923 0.0179072 0.055716 0.11871 0.173264 0.173284 0.118808 0.0560471 0.0188638 0.00634098 0.00583752 0.0100268 0.0164932 0.0237853 0.0299798 0.0331586 0.0324403 0.0284974 0.023083 0.0179626 0.0140846 0.0114707 0.00964564
 1.03853e-16 5.65601e-05 0.000549784 0.00365351 0.0166083 0.0516748 0.1101 0.160698 0.160721 0.110209 0.0520431 0.0176727 0.00632778 0.00639604 0.011184 0.0184635 0.02674 0.0339355 0.0379596 0.0378333 0.0342361 0.0289751 0.0238304 0.0196992 0.016542 0.0138911
 1.05989e-16 5.16544e-05 0.000502099 0.00333663 0.0151678 0.0471929 0.10055 0.146761 0.146786 0.100672 0.0476 0.0163447 0.00629493 0.00697374 0.0123827 0.0204949 0.0297668 0.0379553 0.0427981 0.0432429 0.040028 0.0350785 0.0302346 0.0263344 0.0232011 0.0202483
 1.05926e-16 5.94059e-05 0.000577447 0.00383734 0.017444 0.0542748 0.115639 0.168782 0.168799 0.115722 0.0545535 0.01825 0.00586441 0.00501566 0.00852713 0.0141052 0.0205546 0.0263594 0.0300111 0.0308167 0.0292752 0.0266498 0.0240985 0.0220688 0.020324 0.0183916
 1.01279e-16 7.64573e-05 0.000743192 0.00493877 0.0224509 0.0698532 0.14883 0.217223 0.217228 0.148854 0.0699354 0.0226883 0.00553506 0.00204654 0.00255661 0.00411853 0.00595637 0.00755653 0.00845276 0.00843475 0.00766641 0.00656373 0.00553063 0.0047608 0.00422274 0.00377783
 1.02457e-16 3.45646e-05 0.00033598 0.00223271 0.0101496 0.0315795 0.0672853 0.0982157 0.0982676 0.0675386 0.03243 0.0126052 0.00839294 0.0137717 0.0255156 0.0420339 0.0603283 0.0754024 0.0821875 0.0783495 0.0657046 0.0490451 0.033352 0.0215401 0.0140192 0.0096826
 1.02149e-16 7.37792e-05 0.00071716 0.00476578 0.0216645 0.0674065 0.143617 0.209614 0.209618 0.143638 0.0674774 0.0218703 0.00528608 0.00186531 0.00229035 0.00376335 0.00563166 0.00753357 0.00913762 0.010265 0.0109436 0.0112944 0.0113617 0.0110518 0.0102321 0.00888155
 1.02924e-16 5.16555e-05 0.00050211 0.0033367 0.0151682 0.047194 0.100553 0.146767 0.146799 0.10071 0.0477213 0.0166908 0.00715654 0.00883403 0.0158557 0.0260801 0.0374479 0.0468537 0.0511786 0.0490076 0.0414964 0.0316267 0.0224597 0.0157289 0.0115775 0.00920353
 1.05674e-16 5.1651e-05 0.000502066 0.00333641 0.0151668 0.0471898 0.100544 0.146751 0.146774 0.100655 0.047563 0.0162466 0.00605359 0.00645606 0.0114247 0.0189755 0.0277243 0.0356825 0.040825 0.0421664 0.0402555 0.0366269 0.0327026 0.0290628 0.0255282 0.0217361
 1.05414e-16 6.19099e-05 0.000601786 0.00399908 0.0181793 0.0565625 0.120513 0.175895 0.17591 0.120587 0.0568104 0.0188962 0.00580191 0.00454831 0.00758956 0.0125353 0.0182563 0.023395 0.0266118 0.0273006 0.0259239 0.0236262 0.0214491 0.0197819 0.0183814 0.0167822
 1.0398e-16 6.22736e-05 0.000605322 0.00402258 0.0182861 0.0568948 0.121221 0.176929 0.176947 0.121308 0.0571854 0.0191257 0.00613134 0.00521269 0.0088242 0.0145209 0.0209868 0.0265533 0.0295657 0.0292716 0.0262605 0.0220378 0.0180861 0.0151498 0.0131626 0.0116495
 1.08471e-16 2.90389e-05 0.000282269 0.00187578 0.00852705 0.0265311 0.056529 0.0825156 0.0825629 0.0567601 0.0273073 0.0107702 0.00751026 0.0125955 0.0234529 0.038828 0.0561687 0.0711351 0.0793051 0.0786258 0.0705897 0.0591144 0.0480789 0.0394675 0.0332081 0.0282299
 1.07861e-16 6.25752e-05 0.000608253 0.00404205 0.0183746 0.0571702 0.121808 0.177783 0.177792 0.121848 0.057308 0.0187747 0.0050548 0.00284731 0.00439799 0.00738957 0.01115 0.0150966 0.0186594 0.0215567 0.0238755 0.0258199 0.0273582 0.0281117 0.0275851 0.0255258
 1.07198e-16 5.38998e-05 0.000523925 0.00348167 0.0158272 0.0492443 0.104921 0.153141 0.153166 0.105045 0.0496597 0.017027 0.00649372 0.00710046 0.0125483 0.0206734 0.0298155 0.0375965 0.0416525 0.0409501 0.0364282 0.0303718 0.0250168 0.0214602 0.0195123 0.0182892
 1.10496e-16 3.86031e-05 0.000375236 0.00249358 0.0113355 0.035269 0.0751456 0.109684 0.109718 0.0753102 0.0358221 0.012935 0.0065156 0.00917888 0.0168276 0.0279399 0.0406704 0.0520392 0.0590127 0.0601742 0.0564961 0.0505159 0.0446277 0.0398725 0.0359503 0.0320519
 1.07686e-16 6.23225e-05 0.000605797 0.00402573 0.0183004 0.0569394 0.121316 0.177066 0.177078 0.12137 0.0571224 0.0188304 0.0053619 0.00354224 0.00569712 0.00947288 0.014002 0.0183766 0.0217116 0.023609 0.0243468 0.0245668 0.024724 0.0247698 0.0242774 0.0228254
 1.0562e-16 5.86388e-05 0.00056999 0.00378778 0.0172187 0.053574 0.114146 0.166603 0.166624 0.114249 0.053919 0.0182155 0.00629059 0.00603605 0.0104473 0.0172 0.0248262 0.0313456 0.0347933 0.0342968 0.0306052 0.0255752 0.0210308 0.017878 0.0159949 0.0147142
 1.10033e-16 3.08839e-05 0.000300203 0.00199495 0.0090688 0.0282166 0.0601201 0.0877561 0.0877991 0.0603304 0.028923 0.0111106 0.00712586 0.0115202 0.0213964 0.035472 0.0514438 0.0654237 0.0734483 0.0736727 0.0674086 0.0580911 0.0490617 0.0419364 0.0365235 0.031825
 1.18245e-16 3.81529e-05 0.00037086 0.0024645 0.0112033 0.0348576 0.0742685 0.108401 0.108421 0.0743652 0.0351835 0.0121491 0.00485599 0.00564915 0.0102326 0.0173033 0.0259749 0.0348866 0.0426441 0.0485902 0.0530385 0.0566801 0.0596938 0.0613834 0.060631 0.0567136
pSPR Fmed_Fpbrs
0.760842   0.6 0.325
Fs Fmed_Fpbrs
0.134314   0.260647 0.628612
SSBpbr Bo_Bmed_Bpbrs
2.78952e+06  1.98291e+06  1.53424e+06 767119
Ro
256002
SPR SPRFo_SPRFmed_SPRFpbrs
1.82232e+06 1.3865e+06 592255
Fref
0.260647
log_Ro
12.2729
likeval ReclasPelacesDesembMPH_pf_preclas_ppelaces_ptallas_desvR_qrecl_qpela
 16.2844 16.9674 0.107857 0.000809306 229.323 107.394 76.5347 0 22.3769 2.07963e-05 1.05336e-05 0.548191 1.0111e-15 0 0
q_reclas_q_pelaces
0.524026 0.630184
M
1
N
 265161 63278.5 262182 13913.3 0.416242
 157257 90972.1 21568.4 89364.4 4742.47
 151908 51055.3 29191.7 6920.99 30197.6
 285974 49519.5 16455.9 9408.92 11963.9
 228938 87922.1 14971 4975.04 6461.54
 378337 79250.2 30262.6 5152.99 3936.45
 160881 123162 25505 9739.39 2925.25
 78309.7 45745.1 34185.7 7079.35 3515.28
 71560.2 27706.2 16125.8 12050.9 3734.75
 93208.6 22639.8 8642.63 5030.24 4924.15
 168106 28321.9 6757.17 2579.52 2971.03
 204382 58851 9869.05 2354.6 1934.14
 172317 59272.9 16691.6 2799.11 1216.39
 121260 50914.8 17157.7 4831.71 1162.37
 127684 31567.5 12832.3 4324.35 1510.72
 659818 37416.6 9055.7 3681.18 1673.89
 152669 198073 11020.4 2667.21 1577.25
 994658 49179.2 63016.8 3506.14 1350.37
 588816 318597 15549.6 19924.8 1535.55
 468202 177180 94082 4591.81 6337.27
 692245 145046 54013.1 28680.8 3331.72
 910238 223757 46319.3 17248.7 10223
 202526 283523 68619 14204.6 8424.65
 601433 67574.4 93739 22687 7481.73
 503656 203521 22688.6 31473.5 10129.3
 227753 169970 68130 7595.15 13926.8
 514546 78113.2 57913.8 23213.9 7333.19
 565789 174238 26246.7 19459.5 10264.1
 162603 194117 59390.5 8946.4 10131.5
 127019 55666.4 66009.3 20195.6 6487.42
pred_Ctot
 11362.6 2957.48 12253.7 650.273 0.0194541
 11797.7 7428.32 1761.16 7297.04 387.246
 11044 4040.63 2310.29 547.742 2389.9
 30133.2 5667.86 1883.49 1076.92 1369.35
 8585.05 3597.22 612.52 203.547 264.366
 27804.2 6339.72 2420.9 412.22 314.901
 23582.3 19555.5 4049.65 1546.4 464.466
 1900.1 1212.03 905.758 187.569 93.1383
 6411.61 2699.31 1571.07 1174.07 363.861
 10415.2 2746.77 1048.57 610.294 597.422
 5161.87 949.242 226.474 86.4555 99.5776
 27881.1 8702.3 1459.34 348.176 286.002
 21825.8 8143.25 2293.18 384.557 167.115
 23046.9 10450.1 3521.58 991.697 238.573
 16726.2 4484.1 1822.81 614.265 214.594
 78021.5 4801.79 1162.15 472.417 214.816
 12132.5 17127.4 952.94 230.634 136.385
 82228.5 4422.9 5667.38 315.323 121.445
 68876.8 40450.2 1974.23 2529.73 194.958
 47390.7 19485.8 10346.9 504.997 696.958
 53668.2 12237.3 4557.01 2419.76 281.092
 89414.2 23886.9 4944.75 1841.36 1091.34
 12004.3 18309.7 4431.37 917.325 544.059
 30681 3757.81 5212.82 1261.62 416.059
 26501.9 11672.8 1301.29 1805.15 580.964
 9802.81 7979.02 3198.28 356.545 653.778
 26040.6 4309.55 3195.14 1280.73 404.576
 24236.6 8140.62 1226.28 909.173 479.551
 7176.03 9342.92 2858.48 430.592 487.633
 7749.62 3699.95 4387.42 1342.34 431.197
F
 0.0697837 0.0763169 0.0763169 0.0763169 0.0763169
 0.12497 0.13667 0.13667 0.13667 0.13667
 0.120906 0.132225 0.132225 0.132225 0.132225
 0.179451 0.196251 0.196251 0.196251 0.196251
 0.0608424 0.0665385 0.0665385 0.0665385 0.0665385
 0.122286 0.133734 0.133734 0.133734 0.133734
 0.25758 0.281694 0.281694 0.281694 0.281694
 0.0390137 0.0426661 0.0426661 0.0426661 0.0426661
 0.15083 0.164951 0.164951 0.164951 0.164951
 0.191204 0.209105 0.209105 0.209105 0.209105
 0.0495887 0.0542312 0.0542312 0.0542312 0.0542312
 0.237837 0.260103 0.260103 0.260103 0.260103
 0.219185 0.239705 0.239705 0.239705 0.239705
 0.345811 0.378186 0.378186 0.378186 0.378186
 0.227441 0.248734 0.248734 0.248734 0.248734
 0.203327 0.222363 0.222363 0.222363 0.222363
 0.132802 0.145235 0.145235 0.145235 0.145235
 0.138471 0.151435 0.151435 0.151435 0.151435
 0.200948 0.219761 0.219761 0.219761 0.219761
 0.171851 0.18794 0.18794 0.18794 0.18794
 0.129377 0.14149 0.14149 0.14149 0.14149
 0.166414 0.181993 0.181993 0.181993 0.181993
 0.0976376 0.106778 0.106778 0.106778 0.106778
 0.0835469 0.0913685 0.0913685 0.0913685 0.0913685
 0.0862736 0.0943505 0.0943505 0.0943505 0.0943505
 0.0701018 0.0766647 0.0766647 0.0766647 0.0766647
 0.0828612 0.0906187 0.0906187 0.0906187 0.0906187
 0.0697586 0.0762894 0.0762894 0.0762894 0.0762894
 0.0719328 0.0786671 0.0786671 0.0786671 0.0786671
 0.100625 0.110046 0.110046 0.110046 0.110046
nmprior
 8 8 7 0
nm_flota  nm_reclas  nm_pelaces    nm_pelaL
inf 11.3952 14.8322 25.4359
cv_recla  cv_pelaces  cv_mph
0.373605 0.484699 0.877933
 ------------------------------------------------
Talla a la edad & desviación 
 8 13.2811 15.8009 17.003 17.5766
 0.8 1.32811 1.58009 1.7003 1.75766
