years
 1991 1992 1993 1994 1995 1996 1997 1998 1999 2000 2001 2002 2003 2004 2005 2006 2007 2008 2009 2010 2011 2012 2013 2014 2015 2016 2017 2018 2019 2020
reclasobs
 0 0 0 0 0 0 0 0 0 252601 567819 844713 477998 351125 339783 2.1784e+06 2.13404e+06 4.81314e+06 1.55562e+06 2.62356e+06 3.21686e+06 3.843e+06 1.13348e+06 3.07943e+06 1.97215e+06 2.03268e+06 2.025e+06 2.42433e+06 2.27542e+06 1.05018e+06
reclaspred
 3.16369e+06 1.67905e+06 849080 834097 827139 1.84751e+06 927589 748790 510659 305701 503812 735776 724622 508224 462959 1.43083e+06 1.09872e+06 3.39415e+06 2.5936e+06 1.87972e+06 3.19896e+06 2.63431e+06 1.82535e+06 3.07813e+06 2.20238e+06 1.87373e+06 2.37472e+06 2.66695e+06 1.97287e+06 1.04349e+06
pelacesobs
 0 0 0 0 0 0 0 0 0 0 0 0 0 0 0 552880 188675 0 991730 2.46772e+06 1.41603e+06 1.21717e+06 2.29649e+06 1.80582e+06 0 1.4828e+06 1.56532e+06 1.57751e+06 1.42118e+06 867257
pelacespred
 2.03839e+06 1.14082e+06 539608 389158 455928 994164 466943 517175 299210 148562 274141 337606 375405 249412 228549 601870 556354 1.79916e+06 1.49358e+06 979473 1.67207e+06 1.4209e+06 1.11975e+06 1.89787e+06 1.40644e+06 1.22152e+06 1.61975e+06 1.79337e+06 1.28101e+06 732478
mphobs
 0 0 0 0 0 0 0 0 0 0 0 498337 0 5186 125008 0 168611 109162 213762 579715 649985 157893 87575 83554 0 0 0 0 0 0
mphpred
 501539 332414 152385 85315.1 84838.6 107378 186917 85421.2 74398.1 40418.4 21982.8 62759.5 68673.1 54096.5 29043.9 35351.7 156607 118309 345141 223209 237985 290882 280126 202740 319367 253761 197901 227543 343202 198833
desembarqueobs
 494567 514787 250237 358949 120608 361735 552515 73892 212993 205616 52469 317467 293654 387597 252695 516296 358380 742168 942051 627588 828172 859565 418607 520667 417249 300574 407403 355545 319650 289779
desembarquepred
 494555 514252 250373 358967 120609 361702 552407 73895.8 213032 205647 52470.4 317474 293624 387430 252620 516149 358408 741925 941554 627201 828197 859369 418559 520652 417185 300545 407358 355479 319596 289759
Reclutas
 149578 87849.6 86571 107696 86614.1 207036 68641.1 26114.3 28692.2 39105.8 69581.3 114848 95603.3 67710.2 55364.3 303413 52124.2 507442 278246 234633 295923 422959 70092.3 227310 186525 78380.7 187411 210358 53912.1 39301.7
log_desv_Rt
 0.309923 -0.222269 -0.23693 -0.0185869 -0.236432 0.634996 -0.469003 -1.43541 -1.34127 -1.03162 -0.455399 0.0457148 -0.137688 -0.482658 -0.683959 1.0172 -0.744266 1.53149 0.930609 0.760127 0.992203 1.34938 -0.448081 0.72842 0.530669 -0.336318 0.535409 0.650917 -0.71054 -1.02663
SSB
 1.33167e+06 882615 404608 226526 225261 285107 496297 226808 197539 107318 58368.1 166637 182339 143635 77116.6 93864.9 415817 314131 916408 592656 631890 772341 743782 538309 847974 673779 525459 604164 911259 527936
BT
 2.00084e+06 1.39065e+06 658884 641087 494490 1.27114e+06 870182 518019 472614 332066 314962 583105 618861 643205 481438 1.03746e+06 753629 2.48283e+06 2.24128e+06 1.41337e+06 2.26257e+06 2.07275e+06 1.29497e+06 2.31012e+06 1.58183e+06 1.30343e+06 1.95029e+06 2.04954e+06 1.28436e+06 867372
Ftot
 0.310685 0.582729 0.578208 0.916881 0.320062 0.469054 1.09959 0.210448 0.871069 1.36595 0.267433 0.957934 0.891084 1.60064 1.2761 0.92303 0.650206 0.553632 0.765962 0.728078 0.582383 0.724848 0.456162 0.404207 0.401076 0.33236 0.402819 0.319043 0.310447 0.537901
BD_Bspro_t
 0.951808 0.694768 0.449046 0.346416 0.323398 0.428906 0.486061 0.271011 0.311079 0.232701 0.182441 0.469994 0.357474 0.265896 0.157939 0.188738 0.386339 0.313829 0.49673 0.364106 0.334863 0.37796 0.395362 0.356331 0.497982 0.501039 0.497932 0.564504 0.643781 0.51548
BD_Bspro
 1.70508 1.13011 0.518063 0.290046 0.288426 0.365053 0.635463 0.290406 0.252931 0.13741 0.074735 0.213363 0.233468 0.183912 0.0987407 0.120185 0.532416 0.402216 1.17338 0.758842 0.809076 0.988912 0.952345 0.689256 1.08575 0.862712 0.672802 0.773576 1.16678 0.675973
BD_Bo
 1.03383 0.68521 0.314114 0.175861 0.174879 0.22134 0.385296 0.17608 0.153358 0.0833151 0.0453135 0.129367 0.141557 0.11151 0.0598687 0.0728711 0.322816 0.243873 0.711444 0.460103 0.490562 0.5996 0.577428 0.417912 0.658316 0.523082 0.407935 0.469037 0.707448 0.409858
BD_Brms
 1.87969 1.24584 0.571115 0.319748 0.317962 0.402436 0.700537 0.320146 0.278833 0.151482 0.0823882 0.235213 0.257376 0.202745 0.108852 0.132493 0.586938 0.443405 1.29354 0.836551 0.89193 1.09018 1.04987 0.759839 1.19694 0.951059 0.741701 0.852794 1.28627 0.745196
Sel_flota
 0.637208 0.970906 0.998425 0.999917 0.999996
 0.637208 0.970906 0.998425 0.999917 0.999996
 0.637208 0.970906 0.998425 0.999917 0.999996
 0.637208 0.970906 0.998425 0.999917 0.999996
 0.637208 0.970906 0.998425 0.999917 0.999996
 0.637208 0.970906 0.998425 0.999917 0.999996
 0.637208 0.970906 0.998425 0.999917 0.999996
 0.637208 0.970906 0.998425 0.999917 0.999996
 0.637208 0.970906 0.998425 0.999917 0.999996
 0.637208 0.970906 0.998425 0.999917 0.999996
 0.637208 0.970906 0.998425 0.999917 0.999996
 0.637208 0.970906 0.998425 0.999917 0.999996
 0.637208 0.970906 0.998425 0.999917 0.999996
 0.637208 0.970906 0.998425 0.999917 0.999996
 0.637208 0.970906 0.998425 0.999917 0.999996
 0.637208 0.970906 0.998425 0.999917 0.999996
 0.637208 0.970906 0.998425 0.999917 0.999996
 0.637208 0.970906 0.998425 0.999917 0.999996
 0.637208 0.970906 0.998425 0.999917 0.999996
 0.637208 0.970906 0.998425 0.999917 0.999996
 0.637208 0.970906 0.998425 0.999917 0.999996
 0.637208 0.970906 0.998425 0.999917 0.999996
 0.637208 0.970906 0.998425 0.999917 0.999996
 0.637208 0.970906 0.998425 0.999917 0.999996
 0.637208 0.970906 0.998425 0.999917 0.999996
 0.637208 0.970906 0.998425 0.999917 0.999996
 0.637208 0.970906 0.998425 0.999917 0.999996
 0.637208 0.970906 0.998425 0.999917 0.999996
 0.637208 0.970906 0.998425 0.999917 0.999996
 0.637208 0.970906 0.998425 0.999917 0.999996
Sel_reclas
 1 1 1 1 1
 1 1 1 1 1
 1 1 1 1 1
 1 1 1 1 1
 1 1 1 1 1
 1 1 1 1 1
 1 1 1 1 1
 1 1 1 1 1
 1 1 1 1 1
 1 1 1 1 1
 1 1 1 1 1
 1 1 1 1 1
 1 1 1 1 1
 1 1 1 1 1
 1 1 1 1 1
 1 1 1 1 1
 1 1 1 1 1
 1 1 1 1 1
 1 1 1 1 1
 1 1 1 1 1
 1 1 1 1 1
 1 1 1 1 1
 1 1 1 1 1
 1 1 1 1 1
 1 1 1 1 1
 1 1 1 1 1
 1 1 1 1 1
 1 1 1 1 1
 1 1 1 1 1
 1 1 1 1 1
Sel_pelaces
 0.656799 0.905937 0.979786 0.995917 0.999186
 0.656799 0.905937 0.979786 0.995917 0.999186
 0.656799 0.905937 0.979786 0.995917 0.999186
 0.656799 0.905937 0.979786 0.995917 0.999186
 0.656799 0.905937 0.979786 0.995917 0.999186
 0.656799 0.905937 0.979786 0.995917 0.999186
 0.656799 0.905937 0.979786 0.995917 0.999186
 0.656799 0.905937 0.979786 0.995917 0.999186
 0.656799 0.905937 0.979786 0.995917 0.999186
 0.656799 0.905937 0.979786 0.995917 0.999186
 0.656799 0.905937 0.979786 0.995917 0.999186
 0.656799 0.905937 0.979786 0.995917 0.999186
 0.656799 0.905937 0.979786 0.995917 0.999186
 0.656799 0.905937 0.979786 0.995917 0.999186
 0.656799 0.905937 0.979786 0.995917 0.999186
 0.656799 0.905937 0.979786 0.995917 0.999186
 0.656799 0.905937 0.979786 0.995917 0.999186
 0.656799 0.905937 0.979786 0.995917 0.999186
 0.656799 0.905937 0.979786 0.995917 0.999186
 0.656799 0.905937 0.979786 0.995917 0.999186
 0.656799 0.905937 0.979786 0.995917 0.999186
 0.656799 0.905937 0.979786 0.995917 0.999186
 0.656799 0.905937 0.979786 0.995917 0.999186
 0.656799 0.905937 0.979786 0.995917 0.999186
 0.656799 0.905937 0.979786 0.995917 0.999186
 0.656799 0.905937 0.979786 0.995917 0.999186
 0.656799 0.905937 0.979786 0.995917 0.999186
 0.656799 0.905937 0.979786 0.995917 0.999186
 0.656799 0.905937 0.979786 0.995917 0.999186
 0.656799 0.905937 0.979786 0.995917 0.999186
pf_obs 
 0.8446 0.082 0.0669 0.0065 0
 0.8095 0.147 0.0364 0.0071 0
 0.9664 0.0169 0.016 0.0007 0
 0.9276 0.0648 0.0075 0.0001 0
 0.7033 0.2144 0.0806 0.0017 0
 0.9318 0.0425 0.0243 0.0014 0
 0.5671 0.3108 0.0964 0.0239 0.0018
 0.0768 0.2599 0.5324 0.112 0.0189
 0.490249 0.384438 0.106611 0.0170017 0.00170017
 0.7925 0.1577 0.0466 0.003 0.0002
 0.840416 0.127587 0.0312969 0.00059994 9.999e-05
 0.8084 0.0986 0.0794 0.0134 0.0002
 0.7335 0.1905 0.0724 0.0035 0.0001
 0.4001 0.4547 0.1325 0.0127 0
 0.49795 0.308269 0.164784 0.0264974 0.00249975
 0.9179 0.0499 0.0305 0.0017 0
 0.2467 0.6533 0.0926 0.0074 0
 0.9418 0.0223 0.034 0.0019 0
 0.707729 0.231977 0.0356964 0.0245975 0
 0.517169 0.277429 0.184464 0.0207286 0.00020938
 0.811772 0.124168 0.05621 0.00726502 0.000585176
 0.764997 0.148141 0.077277 0.00933861 0.000247198
 0.163321 0.427699 0.378323 0.0303852 0.000271297
 0.753843 0.0900009 0.118128 0.0371064 0.000921714
 0.721811 0.176058 0.0630433 0.0369309 0.00215725
 0.143369 0.312575 0.442814 0.0836902 0.0175525
 0.692698 0.0596174 0.167031 0.0765114 0.00414204
 0.394062 0.376323 0.152708 0.0712218 0.00568511
 0.125707 0.32114 0.495352 0.0537591 0.00404204
 0.23352 0.215282 0.420074 0.123614 0.00750983
pf_pred 
 0.521679 0.161833 0.292091 0.0243957 9.27702e-07
 0.467662 0.339969 0.0664748 0.116205 0.00968937
 0.621896 0.226677 0.098031 0.0184753 0.0349205
 0.725544 0.20245 0.0438161 0.0182629 0.0099271
 0.689904 0.256927 0.0396675 0.00822354 0.00527832
 0.812608 0.146228 0.0342942 0.00512767 0.00174227
 0.443415 0.488691 0.0533867 0.0120901 0.00241734
 0.458404 0.325773 0.190567 0.0198701 0.00538592
 0.587581 0.235777 0.107542 0.0610261 0.00807454
 0.781352 0.158208 0.0351948 0.0153833 0.00986178
 0.873551 0.111194 0.0111986 0.00236462 0.00169127
 0.782091 0.199656 0.0161114 0.00157248 0.000568538
 0.725722 0.238219 0.0331593 0.0025603 0.000339416
 0.687127 0.259192 0.0468848 0.00625106 0.000545372
 0.794563 0.169821 0.029793 0.0050873 0.000735159
 0.956176 0.0387978 0.00419107 0.000698993 0.00013623
 0.36882 0.615713 0.0137606 0.00142344 0.000283006
 0.933729 0.0330951 0.0323927 0.000696917 8.62462e-05
 0.595018 0.388784 0.00823631 0.00777357 0.000187574
 0.659148 0.245631 0.0915603 0.00186303 0.00179688
 0.748538 0.194228 0.0416973 0.0149404 0.000595906
 0.771507 0.190738 0.0294073 0.00608462 0.00226262
 0.298533 0.599626 0.0855659 0.0126824 0.00359218
 0.770368 0.0944304 0.116148 0.0160133 0.00304003
 0.628302 0.314744 0.023888 0.0284139 0.00465266
 0.425661 0.420797 0.130694 0.0095933 0.0132554
 0.751186 0.135163 0.0839858 0.0252572 0.00440775
 0.691956 0.256236 0.0285788 0.017174 0.00605514
 0.313383 0.5367 0.125383 0.0135444 0.0109899
 0.417233 0.245679 0.265325 0.0600363 0.011727
pobs_RECLAS
 0 0 0 0 0
 0 0 0 0 0
 0 0 0 0 0
 0 0 0 0 0
 0 0 0 0 0
 0 0 0 0 0
 0 0 0 0 0
 0 0 0 0 0
 0 0 0 0 0
 0 0 0 0 0
 0.991045 0.00858322 0.000360255 1.14367e-05 0
 0.934742 0.0480273 0.0164251 0.00080598 0
 0.827803 0.169806 0.00239088 0 0
 0.941827 0.0461693 0.0120037 0 0
 0.791401 0.0380133 0.147996 0.0225897 0
 0.846168 0.0940531 0.0597789 0 0
 0.134021 0.677848 0.182769 0.00536245 0
 0.80878 0.0450904 0.141981 0.00414843 0
 0.846168 0.0940531 0.0597789 0 0
 0.905697 0.0802665 0.012482 0.00150086 5.37128e-05
 0.989698 0.0102097 9.19794e-05 0 0
 0.975433 0.0193895 0.00387452 0.00125025 5.28907e-05
 0.303575 0.632131 0.0575291 0.00676475 0
 0.966965 0.00978017 0.0227588 0.000495775 0
 0.843318 0.132988 0.00938335 0.0141283 0.000182051
 0.564624 0.303363 0.111486 0.0197234 0.00080311
 0.826376 0.0876187 0.0782897 0.00655872 0.00115652
 0.89761 0.0855135 0.0140674 0.00269457 0.000114338
 0.34875 0.467042 0.161289 0.0227151 0.000203297
 0.318654 0.224769 0.449479 0.00709798 0
ppred_RECLAS
 0.631232 0.127171 0.223 0.0185965 7.07116e-07
 0.580708 0.270762 0.0513796 0.0896733 0.00747646
 0.72184 0.168793 0.070844 0.0133302 0.0251935
 0.809052 0.142039 0.0297813 0.012392 0.00673528
 0.774984 0.187362 0.0281035 0.0058172 0.00373349
 0.87125 0.101118 0.0230263 0.00343747 0.00116788
 0.562732 0.385465 0.0407487 0.00921188 0.00184168
 0.56768 0.263008 0.149526 0.015567 0.00421921
 0.695945 0.176212 0.0778838 0.044122 0.00583738
 0.855541 0.105544 0.0226785 0.00989412 0.0063422
 0.91421 0.075703 0.00740848 0.00156192 0.00111706
 0.851515 0.13641 0.0106613 0.00103876 0.000375537
 0.808275 0.167206 0.022551 0.00173827 0.00023042
 0.787159 0.177422 0.0309431 0.00411752 0.000359194
 0.863779 0.113269 0.0192063 0.00327358 0.000473015
 0.97208 0.0248072 0.00259597 0.000432224 8.42308e-05
 0.477792 0.509786 0.0110533 0.00114154 0.000226939
 0.957013 0.0217883 0.020699 0.000444621 5.50189e-05
 0.698493 0.28981 0.00595284 0.00560911 0.000135334
 0.75398 0.178804 0.0646361 0.00131303 0.0012663
 0.823721 0.137091 0.0285621 0.0102176 0.0004075
 0.842065 0.132508 0.0198125 0.00409265 0.00152176
 0.398412 0.51644 0.0715592 0.0105897 0.00299918
 0.84067 0.0666587 0.0796297 0.0109613 0.00208078
 0.724114 0.234679 0.0172989 0.0205443 0.00336377
 0.535112 0.343244 0.103567 0.00759034 0.010487
 0.825478 0.096086 0.0579865 0.0174112 0.00303826
 0.77664 0.18671 0.0202314 0.012139 0.00427958
 0.414252 0.460741 0.104576 0.0112793 0.0091513
 0.531215 0.201077 0.210787 0.04762 0.00930096
pobs_PELACES
 0 0 0 0 0
 0 0 0 0 0
 0 0 0 0 0
 0 0 0 0 0
 0 0 0 0 0
 0 0 0 0 0
 0 0 0 0 0
 0 0 0 0 0
 0 0 0 0 0
 0 0 0 0 0
 0 0 0 0 0
 0 0 0 0 0
 0 0 0 0 0
 0 0 0 0 0
 0 0 0 0 0
 0 0 0 0 0
 0.505614 0.472636 0.0217494 0 0
 0 0 0 0 0
 0.443492 0.261883 0.143347 0.151278 0
 0.227955 0.32914 0.350689 0.0885471 0.00366901
 0.970185 0.0296113 0.000203453 0 0
 0.997202 0.00247181 0.000326279 0 0
 0.445219 0.490057 0.0546422 0.010081 0
 0.90214 0.0892962 0.00764917 0.000914606 0
 0 0 0 0 0
 0.581667 0.319106 0.0959925 0.00289975 0.000334073
 0.762889 0.0836404 0.116647 0.0363945 0.000428098
 0.88444 0.0763242 0.0277011 0.0115352 0
 0.521256 0.241999 0.230069 0.00667565 0
 0.616807 0.101726 0.260614 0.0208532 0
ppred_PELACES
 0.549625 0.147595 0.279123 0.0236564 9.02459e-07
 0.509444 0.307272 0.0627279 0.11125 0.00930573
 0.660079 0.199766 0.0902037 0.0172475 0.0327035
 0.769061 0.168348 0.0378583 0.016005 0.00872734
 0.718392 0.231264 0.0374075 0.0078693 0.00506707
 0.835497 0.127018 0.0311489 0.00472552 0.00161075
 0.510739 0.427524 0.0483934 0.0111142 0.00222923
 0.485633 0.303231 0.186091 0.0196907 0.00535436
 0.638615 0.202632 0.0960983 0.0553133 0.00734187
 0.830244 0.121545 0.0278974 0.0123631 0.00795056
 0.887373 0.0984123 0.0103907 0.00222643 0.00159752
 0.821186 0.163285 0.0136825 0.00135445 0.000491259
 0.769577 0.199065 0.0288023 0.00225569 0.000299983
 0.759747 0.198029 0.0368135 0.0049754 0.000435438
 0.839421 0.131924 0.0239143 0.00414053 0.00060023
 0.965169 0.0306902 0.00344442 0.000582666 0.000113918
 0.415636 0.569419 0.0132741 0.00139301 0.000277838
 0.942959 0.0278604 0.0284815 0.000621694 7.7182e-05
 0.645586 0.339577 0.00749139 0.00717233 0.000173616
 0.702289 0.212021 0.0823452 0.0016997 0.00164457
 0.780152 0.167967 0.0376478 0.0136856 0.000547597
 0.805237 0.161369 0.0259234 0.00544119 0.00202978
 0.332988 0.566196 0.0844979 0.0127075 0.00361074
 0.792589 0.0829113 0.106726 0.0149302 0.00284346
 0.662504 0.28336 0.0225079 0.0271653 0.00446239
 0.458761 0.391305 0.127308 0.00948237 0.0131439
 0.775628 0.119127 0.0774677 0.0236389 0.00413849
 0.720231 0.230583 0.026944 0.0164302 0.00581138
 0.342745 0.508138 0.124384 0.0136346 0.0110984
 0.454613 0.223704 0.252388 0.0579416 0.0113539
pobs_pel_tallas
 0 0 0 0 0 0 0 0 0 0 0 0 0 0 0 0 0 0 0 0 0 0 0 0 0 0
 0 0 0 0 0 0 0 0 0 0 0 0 0 0 0 0 0 0 0 0 0 0 0 0 0 0
 0 0 0 0 0 0 0 0 0 0 0 0 0 0 0 0 0 0 0 0 0 0 0 0 0 0
 0 0 0 0 0 0 0 0 0 0 0 0 0 0 0 0 0 0 0 0 0 0 0 0 0 0
 0 0 0 0 0 0 0 0 0 0 0 0 0 0 0 0 0 0 0 0 0 0 0 0 0 0
 0 0 0 0 0 0 0 0 0 0 0 0 0 0 0 0 0 0 0 0 0 0 0 0 0 0
 0 0 0 0 0 0 0 0 0 0 0 0 0 0 0 0 0 0 0 0 0 0 0 0 0 0
 0 0 0 0 0 0 0 0 0 0 0 0 0 0 0 0 0 0 0 0 0 0 0 0 0 0
 0 0 0 0 0 0 0 0 0 0 0 0 0 0 0 0 0 0 0 0 0 0 0 0 0 0
 0 0 0 0 0 0 0 0 0 0 0 0 0 0 0 0 0 0 0 0 0 0 0 0 0 0
 0 0 0 0 0 0 0 0 0 0 0 0 0 0 0 0 0 0 0 0 0 0 0 0 0 0
 0 0 0 0 0 0 0 0 0 0 0 0 0 0 0 0 0 0 0 0 0 0 0 0 0 0
 0.00862536 0 0 0.000197151 0.00414017 0.0128641 0.00837892 0.0270097 0.101434 0.158115 0.152841 0.127902 0.109271 0.109419 0.0830992 0.0579132 0.0238553 0.00714673 0.00463305 0.00128148 0.00103504 0.000492878 0.000147863 0.000147863 4.92878e-05 0
 0 0 0 0 0 0 0 0 0 0 0 0 0 0 0 0 0 0 0 0 0 0 0 0 0 0
 0 0 0 0 0 0 0 0.0054083 0.00873648 0.0413646 0.0450493 0.0745869 0.0622846 0.0627006 0.0613931 0.0827291 0.12552 0.122667 0.0946155 0.0697135 0.0546179 0.0294188 0.0215738 0.0213955 0.0102223 0.00600262
 0 0 0 0 0.00359764 0.0251062 0.0480494 0.140153 0.205849 0.193036 0.1447 0.116669 0.0760912 0.0342217 0.00950174 0.001854 0.000860785 0 0 0 0.000165536 0 0.000143464 0 0 0
 0 0 0 0 0 0 0 0.000145254 0.000435761 0.0275982 0.070085 0.0708112 0.156366 0.174668 0.174014 0.160142 0.0824315 0.0480064 0.0283245 0.00493863 0.00203355 0 0 0 0 0
 0 0 0 0 0 0 0 0 0 0 0 0 0 0 0 0 0 0 0 0 0 0 0 0 0 0
 0 0 1.00437e-05 0.000401748 0.00122533 0.00171747 0.00176769 0.0269171 0.070346 0.194647 0.189555 0.159765 0.064822 0.0314167 0.0384472 0.0292271 0.0345202 0.0313363 0.0194345 0.0106764 0.0143323 0.0359363 0.0279516 0.0138201 0.00172751 0
 0 0.0021121 0.0136068 0.0755702 0.200478 0.177729 0.0527432 0.0373336 0.0318909 0.0142505 0.0149659 0.0166563 0.0217959 0.0798694 0.0677717 0.0528807 0.04013 0.0224614 0.0357745 0.0225083 0.00881397 0.00855152 0.00135912 0.000746735 0 0
 0 0 0 0 5.4009e-05 0.00500934 0.000945158 0.0243581 0.138947 0.33067 0.221406 0.137944 0.0707744 0.0437923 0.0131692 0.00525238 0.0047753 0.00276346 9.45158e-05 9.00151e-06 2.25038e-05 9.00151e-06 4.50075e-06 0 0 0
 0.000866109 0.00284123 0.00948549 0.0512746 0.133035 0.25785 0.225252 0.132002 0.0553304 0.0519788 0.0540692 0.017754 0.00435017 0.00159236 0.00146478 0.000404838 0.000125132 0.000115318 0.000107957 0.000100596 0 0 0 0 0 0
 0 0 0 0 0.00144013 0.00171154 0.00461396 0.0210425 0.0478622 0.0707936 0.0888783 0.103762 0.0637923 0.0337046 0.0602308 0.124433 0.169614 0.0934646 0.0462172 0.0250306 0.0313229 0.00938855 0.002487 0.000210481 0 0
 0 0.00764035 0.051015 0.0998891 0.058973 0.0496711 0.0374665 0.0718981 0.12319 0.153886 0.159021 0.0857701 0.0377988 0.023471 0.0147837 0.00900784 0.00315554 0.000888139 0.00291439 0.00214683 0.00393193 0.00274676 0.000635225 9.99891e-05 0 0
 0 0 0 0 0 0 0 0 0 0 0 0 0 0 0 0 0 0 0 0 0 0 0 0 0 0
 0 0 0 0 0 0 0 0 0 0 0 0 0 0 0 0 0 0 0 0 0 0 0 0 0 0
 0 0 0 0 0 0 0 0 0 0 0 0 0 0 0 0 0 0 0 0 0 0 0 0 0 0
 0 0 0 0 0 0 0 0 0 0 0 0 0 0 0 0 0 0 0 0 0 0 0 0 0 0
 0 0 0 0 0 0 0 0 0 0 0 0 0 0 0 0 0 0 0 0 0 0 0 0 0 0
 0 0 0 0 0 0 0 0 0 0 0 0 0 0 0 0 0 0 0 0 0 0 0 0 0 0
ppred_pel_tallas
 1.10466e-16 4.52719e-05 0.000440059 0.00292435 0.0132937 0.0413616 0.0881258 0.128625 0.12864 0.0881975 0.0416034 0.0139974 0.00471016 0.00440277 0.00775917 0.0132452 0.0202132 0.0277827 0.0349991 0.0412861 0.0465369 0.0507007 0.0532984 0.0534291 0.0503359 0.0440464
 1.14621e-16 4.19623e-05 0.000407888 0.00271056 0.0123218 0.038338 0.0816842 0.119227 0.119256 0.0818293 0.0388253 0.0137304 0.00625 0.00814771 0.014782 0.0244837 0.0355464 0.0453342 0.0512333 0.0521581 0.0492298 0.0449715 0.0416484 0.0400443 0.0394209 0.0383772
 1.09919e-16 5.43699e-05 0.000528495 0.00351203 0.0159652 0.0496738 0.105836 0.154475 0.154494 0.105931 0.0499919 0.0168854 0.00582705 0.00559969 0.00973733 0.0161488 0.0235825 0.030348 0.0347591 0.0360574 0.034832 0.0325197 0.0304065 0.028935 0.0277378 0.0261624
 1.04218e-16 6.33466e-05 0.000615752 0.00409189 0.0186011 0.0578751 0.12331 0.179977 0.179994 0.123389 0.0581419 0.019372 0.00602833 0.00484764 0.0081143 0.0133513 0.0193155 0.0244816 0.0273424 0.0272166 0.0246455 0.0209975 0.0176053 0.0151147 0.0134273 0.0120811
 1.02786e-16 5.9173e-05 0.000575183 0.00382229 0.0173756 0.0540621 0.115186 0.168122 0.168144 0.115295 0.054428 0.0184325 0.00647555 0.00636856 0.0110657 0.0182102 0.0262505 0.0330608 0.0365133 0.0356251 0.031134 0.0249796 0.0191254 0.0146428 0.0115863 0.00946097
 1.01678e-16 6.88188e-05 0.000668943 0.00444536 0.020208 0.0628746 0.133961 0.195523 0.195535 0.134021 0.0630759 0.0207896 0.00590637 0.0038616 0.00614181 0.0100695 0.0145564 0.0184244 0.0205169 0.020293 0.0181307 0.0150398 0.0120278 0.00962249 0.00783055 0.00640618
 1.02998e-16 4.2069e-05 0.000408926 0.00271746 0.0123532 0.0384356 0.0818926 0.119533 0.119574 0.0820938 0.0391112 0.0143044 0.00761426 0.0110954 0.0203279 0.0335139 0.0482133 0.0605006 0.0663975 0.0640622 0.0548841 0.0425397 0.030805 0.0218229 0.0158209 0.0119354
 1.08329e-16 4.0001e-05 0.000388824 0.00258387 0.0117459 0.0365461 0.0778664 0.113654 0.113684 0.0780104 0.0370303 0.0131473 0.00611241 0.00812739 0.0148415 0.024745 0.0362753 0.0469337 0.0541489 0.0566595 0.0551227 0.0513905 0.047109 0.0428344 0.0382151 0.032787
 1.09615e-16 5.26019e-05 0.000511309 0.00339783 0.0154461 0.0480585 0.102394 0.149452 0.149471 0.102491 0.0483815 0.0163806 0.00574981 0.00566631 0.00990415 0.0164528 0.0240825 0.0311113 0.0358628 0.0375896 0.0368757 0.0351108 0.0334734 0.0322564 0.0309569 0.0288707
 1.03422e-16 6.83861e-05 0.000664737 0.00441741 0.0200809 0.0624793 0.133119 0.194294 0.194305 0.133176 0.0626719 0.0206376 0.00581587 0.0037212 0.00588402 0.00964835 0.0139623 0.0177102 0.0198076 0.0197681 0.0179867 0.0154515 0.0131189 0.0114422 0.0103322 0.00943589
 1.00819e-16 7.30918e-05 0.000710478 0.00472138 0.0214627 0.0667785 0.142279 0.207662 0.207672 0.142325 0.066934 0.0219118 0.00584834 0.00316974 0.004741 0.00771513 0.0110904 0.0139119 0.0152601 0.0147127 0.0125932 0.00975372 0.00706925 0.00503592 0.00370357 0.00286494
 1.00656e-16 6.76401e-05 0.000657486 0.00436922 0.0198619 0.0617977 0.131667 0.192175 0.192191 0.131744 0.0620556 0.0206065 0.00623747 0.00473322 0.00780027 0.0127674 0.0183357 0.0229518 0.0250801 0.0240098 0.020277 0.0153094 0.0105881 0.00697667 0.00459882 0.00314068
 1.0116e-16 6.33891e-05 0.000616165 0.00409463 0.0186136 0.057914 0.123393 0.180099 0.180118 0.123486 0.0582287 0.0195228 0.00637661 0.00559747 0.00952285 0.01564 0.0225159 0.0282944 0.0311231 0.0301369 0.0259612 0.0202749 0.0148023 0.0105229 0.00755284 0.00552924
 1.01686e-16 6.25794e-05 0.000608294 0.00404233 0.0183758 0.0571742 0.121816 0.177798 0.177818 0.12191 0.0574876 0.0192812 0.00631561 0.00557281 0.00949669 0.0156151 0.0225205 0.028385 0.0313833 0.0306614 0.0268272 0.0215102 0.0163648 0.0123023 0.00939528 0.00727582
 1.01241e-16 6.9142e-05 0.000672085 0.00446624 0.0203029 0.0631699 0.134591 0.196442 0.196454 0.134653 0.0633787 0.020906 0.00598054 0.00397904 0.00635319 0.0104028 0.0149998 0.018905 0.0209018 0.0204237 0.0178791 0.0143574 0.0109625 0.0082997 0.00641062 0.00504026
 1.00186e-16 7.94997e-05 0.000772765 0.0051353 0.0233443 0.0726328 0.154752 0.225866 0.225869 0.154766 0.0726813 0.0234844 0.00548679 0.00153981 0.00153547 0.00241052 0.00345972 0.00433976 0.00475991 0.00458717 0.00392086 0.00302495 0.00217126 0.00151511 0.00107483 0.000790384
 1.00716e-16 3.42355e-05 0.000332781 0.00221145 0.010053 0.0312788 0.0666448 0.0972816 0.0973363 0.0669124 0.0321769 0.0126456 0.00871388 0.0145096 0.0269054 0.0442861 0.063464 0.0791153 0.0858377 0.0811403 0.0669651 0.0484603 0.0310275 0.0179021 0.00964048 0.00512439
 1.00905e-16 7.76703e-05 0.000754983 0.00501713 0.0228071 0.0709615 0.151191 0.220668 0.220671 0.151204 0.0710063 0.0229371 0.00534525 0.0014772 0.00146662 0.00234661 0.00347684 0.00458714 0.0054506 0.00594846 0.00611137 0.00605138 0.00584764 0.00549255 0.00493545 0.0041663
 1.01052e-16 5.31761e-05 0.000516891 0.00343492 0.0156147 0.0485832 0.103513 0.151087 0.15112 0.103672 0.0491189 0.0171609 0.00731313 0.00897269 0.0160819 0.026423 0.0378724 0.0472367 0.0513033 0.0486002 0.0402969 0.0294661 0.0193156 0.0117425 0.00703184 0.00446906
 1.0288e-16 5.78467e-05 0.00056229 0.00373662 0.0169861 0.0528503 0.112604 0.164353 0.164373 0.112704 0.0531872 0.0179603 0.00618554 0.00592059 0.01027 0.0169792 0.0246664 0.0314562 0.0354528 0.0357403 0.0328656 0.0283592 0.0237182 0.0196839 0.0162405 0.0130867
 1.02595e-16 6.42602e-05 0.000624632 0.0041509 0.0188694 0.0587097 0.125088 0.182573 0.182589 0.125167 0.0589759 0.0196383 0.00608225 0.00484478 0.00809084 0.013305 0.0192331 0.0243403 0.0271048 0.0268233 0.0240122 0.0200223 0.0161903 0.0131988 0.01102 0.00928182
 1.01679e-16 6.63264e-05 0.000644716 0.00428436 0.0194761 0.0605975 0.12911 0.188443 0.188458 0.129186 0.0608528 0.0202135 0.00613557 0.00468669 0.00774506 0.0127051 0.0183094 0.0230528 0.0254462 0.0248 0.0216258 0.0172749 0.0131189 0.00991129 0.00770069 0.00615502
 1.04469e-16 2.74279e-05 0.000266609 0.00177171 0.00805399 0.0250592 0.0533934 0.0779406 0.0779952 0.0536601 0.0259547 0.0106403 0.00826397 0.0144397 0.026946 0.0445062 0.0641143 0.0806288 0.08881 0.0862178 0.0746424 0.0588513 0.0437156 0.0319632 0.0238525 0.0182849
 1.0508e-16 6.52845e-05 0.000634589 0.00421706 0.0191702 0.0596456 0.127081 0.185481 0.185489 0.127121 0.0597798 0.0195599 0.00520272 0.00281047 0.00426862 0.00713869 0.0107089 0.0143674 0.01751 0.019819 0.021362 0.0223675 0.0228928 0.0227064 0.0214844 0.0191162
 1.04202e-16 5.45696e-05 0.000530436 0.00352494 0.0160239 0.0498563 0.106225 0.155045 0.155072 0.106359 0.050304 0.0173166 0.00676911 0.00760974 0.0134918 0.0221996 0.0319342 0.0400845 0.0440398 0.0426275 0.0368306 0.0291409 0.0220737 0.0169866 0.0138873 0.0120138
 1.0695e-16 3.77876e-05 0.000367309 0.0024409 0.011096 0.034524 0.0735584 0.107369 0.107406 0.0737433 0.0351451 0.0128914 0.00695297 0.0102349 0.0188298 0.0312043 0.04526 0.0575653 0.064618 0.0647626 0.0591019 0.0506037 0.0421776 0.0352692 0.0298017 0.0250387
 1.05338e-16 6.38875e-05 0.000621009 0.00412682 0.01876 0.0583692 0.124362 0.181513 0.181524 0.124419 0.0585597 0.0193115 0.00551618 0.00367048 0.00590398 0.00978701 0.0143923 0.0187309 0.0218289 0.0232294 0.0232114 0.0224853 0.0216284 0.0207397 0.0195366 0.0177091
 1.03468e-16 5.93245e-05 0.000576656 0.00383208 0.0174201 0.0542005 0.115481 0.168552 0.168574 0.115589 0.054565 0.0184729 0.00647467 0.00634497 0.0110132 0.0181108 0.0260801 0.0327948 0.0361355 0.0351413 0.0305881 0.0244638 0.0187725 0.0145933 0.0119384 0.0102255
 1.06965e-16 2.82315e-05 0.000274421 0.00182362 0.00828996 0.0257934 0.0549574 0.0802222 0.0802712 0.0551971 0.0265986 0.0106168 0.00766809 0.0130458 0.0243208 0.0402598 0.0582187 0.0736795 0.082028 0.0811005 0.0724127 0.0600136 0.0479484 0.0383449 0.0312396 0.0256468
 1.15073e-16 3.74459e-05 0.000363988 0.00241883 0.0109957 0.0342117 0.0728924 0.106393 0.106415 0.0729997 0.034573 0.0120438 0.00506739 0.00620409 0.0113001 0.0190708 0.0285193 0.038069 0.0460847 0.0517528 0.0553773 0.057762 0.0592504 0.0593179 0.0570267 0.0518528
pSPR Fmed_Fpbrs
0.415439   0.6 0.325
Fs Fmed_Fpbrs
0.579104   0.311692 0.778611
SSBpbr Bo_Bmed_Bpbrs
1.28809e+06  470721  708452 354226
Ro
109716
SPR SPRFo_SPRFmed_SPRFpbrs
781001 324459 253825
Fref
0.311692
log_Ro
11.4256
likeval ReclasPelacesDesembMPH_pf_preclas_ppelaces_ptallas_desvR_qrecl_qpela
 11.2807 15.9032 0.0140224 0.000829723 231.23 103.427 79.1826 0 25.4338 2.06076e-05 6.93084e-05 0.0413369 8.47804e-16 0 0
q_reclas_q_pelaces
1.9027 3.26879
M
1
N
 149578 31737.9 55892.3 4662.08 0.177274
 87849.6 45143.5 8635.35 15077.9 1257.14
 86571 22293.8 9431.66 1775.45 3355.6
 107696 22032.7 4678.24 1947.94 1058.78
 86614.1 22088.7 3327.83 688.999 442.207
 207036 25984.9 5955.49 889.374 302.171
 68641.1 56486.7 6062.42 1371.63 274.234
 26114.3 12531.2 7144.93 743.971 201.644
 28692.2 8401.28 3758.04 2130.35 281.857
 39105.8 6059.18 1326.65 579.378 371.405
 69581.3 6024.74 591.769 124.787 89.2466
 114848 21586.9 1709.54 166.685 60.2627
 95603.3 22947.4 3133.09 241.665 32.0355
 67710.2 19933.5 3553.91 473.473 41.3063
 55364.3 8982.67 1550.12 264.459 38.2148
 303413 9032.18 957.264 159.492 31.0826
 52124.2 61987.4 1356.11 140.12 27.8569
 507442 12671 12129.5 260.653 32.2548
 278246 131184 2723.14 2567.37 61.9463
 234633 62829.6 22941 466.28 449.699
 295923 54276.1 11399.1 4079.58 162.706
 422959 75113.4 11343.5 2344.48 871.767
 70092.3 98042.1 13670.5 2023.72 573.162
 227310 19281.4 23161.8 3189.28 605.428
 186525 64634.7 4790.8 5691.29 931.862
 78380.7 53143.5 16108.4 1180.87 1631.54
 187411 23331.3 14158.3 4252.5 742.074
 210358 53336.7 5804.86 3483.79 1228.21
 53912.1 63150.1 14394.7 1552.95 1259.97
 39301.7 16273.5 17186.1 3884.15 758.654
pred_Ctot
 17258.3 5353.82 9663.01 807.066 0.0306905
 17750.9 12904.1 2523.16 4410.77 367.776
 17376.3 6333.54 2739.07 516.216 975.709
 31570.4 8809.17 1906.56 794.668 431.956
 10270.5 3824.82 590.523 122.422 78.5774
 34642.6 6233.89 1462.01 218.6 74.2756
 23117.1 25477.5 2783.27 630.311 126.026
 2094.44 1488.45 870.698 90.786 24.6082
 8078.53 3241.65 1478.57 839.036 111.015
 15394.4 3117.06 693.418 303.087 194.3
 6987.94 889.494 89.5829 18.9157 13.5293
 34833.8 8892.55 717.589 70.0369 25.3223
 27405 8995.74 1252.18 96.6833 12.8172
 29653.6 11185.7 2023.36 269.771 23.5361
 20778.6 4440.99 779.118 133.038 19.2251
 89409.8 3627.89 391.897 65.3612 12.7386
 11557.6 19294.4 431.214 44.606 8.86849
 98120.8 3477.79 3403.99 73.2355 9.06317
 70654.7 46165.7 978.011 923.062 22.2732
 57156.9 21299.5 7939.49 161.549 155.813
 59763.8 15507.3 3329.14 1192.85 47.5776
 102657 25379.8 3912.96 809.624 301.066
 11443.1 22984.3 3279.83 486.131 137.692
 33317.8 4084.04 5023.33 692.561 131.479
 27149.6 13600.4 1032.23 1227.79 201.046
 9620.96 9511.02 2954 216.832 299.604
 27385 4927.45 3061.75 920.766 160.687
 24870.8 9209.83 1027.2 617.28 217.638
 6216.01 10645.5 2486.98 268.655 217.986
 7412.58 4364.73 4713.76 1066.61 208.343
F
 0.197971 0.301646 0.310195 0.310659 0.310683
 0.371319 0.565775 0.581811 0.58268 0.582726
 0.368439 0.561386 0.577297 0.57816 0.578205
 0.584244 0.890205 0.915437 0.916805 0.916877
 0.203946 0.310751 0.319558 0.320036 0.320061
 0.298885 0.455407 0.468315 0.469015 0.469052
 0.70067 1.0676 1.09786 1.0995 1.09959
 0.134099 0.204325 0.210116 0.21043 0.210447
 0.555052 0.845726 0.869697 0.870997 0.871065
 0.870397 1.32621 1.3638 1.36584 1.36595
 0.170411 0.259652 0.267012 0.267411 0.267432
 0.610403 0.930064 0.956425 0.957854 0.95793
 0.567806 0.865159 0.889681 0.89101 0.89108
 1.01994 1.55407 1.59812 1.60051 1.60063
 0.813142 1.23897 1.27409 1.27599 1.27609
 0.588162 0.896176 0.921577 0.922953 0.923026
 0.414317 0.63129 0.649183 0.650152 0.650204
 0.352779 0.537525 0.552761 0.553586 0.55363
 0.488077 0.743678 0.764756 0.765899 0.765959
 0.463937 0.706895 0.726931 0.728017 0.728075
 0.371099 0.565439 0.581466 0.582334 0.58238
 0.461879 0.70376 0.723707 0.724788 0.724845
 0.29067 0.442891 0.455444 0.456125 0.45616
 0.257564 0.392447 0.40357 0.404173 0.404205
 0.255569 0.389408 0.400445 0.401043 0.401075
 0.211783 0.322691 0.331837 0.332333 0.332359
 0.256679 0.391099 0.402185 0.402785 0.402817
 0.203297 0.309761 0.31854 0.319016 0.319041
 0.197819 0.301415 0.309958 0.310421 0.310446
 0.342755 0.522251 0.537054 0.537856 0.537899
nmprior
 8 8 7 0
nm_flota  nm_reclas  nm_pelaces    nm_pelaL
inf 16.4016 11.9414 19.6094
cv_recla  cv_pelaces  cv_mph
0.310953 0.469252 0.888939
 ------------------------------------------------
Talla a la edad & desviación 
 8 13.2811 15.8009 17.003 17.5766
 0.8 1.32811 1.58009 1.7003 1.75766
