years
 1991 1992 1993 1994 1995 1996 1997 1998 1999 2000 2001 2002 2003 2004 2005 2006 2007 2008 2009 2010 2011 2012 2013 2014 2015 2016 2017 2018 2019 2020
reclasobs
 0 0 0 0 0 0 0 0 0 252601 567819 844713 477998 351125 339783 2.1784e+06 2.13404e+06 4.81314e+06 1.55562e+06 2.62356e+06 3.21686e+06 3.843e+06 1.13348e+06 3.07943e+06 1.97215e+06 2.03268e+06 2.025e+06 2.42433e+06 2.27542e+06 1.05018e+06
reclaspred
 3.40807e+06 1.96493e+06 1.00466e+06 1.09734e+06 1.16165e+06 1.7606e+06 1.25169e+06 1.13592e+06 822170 603902 567435 669873 665991 551660 553371 1.18238e+06 1.25638e+06 2.48255e+06 2.0961e+06 1.61339e+06 2.87108e+06 2.31431e+06 1.91108e+06 2.92993e+06 2.20117e+06 1.95504e+06 2.27569e+06 2.31885e+06 1.95162e+06 1.33412e+06
pelacesobs
 0 0 0 0 0 0 0 0 0 0 0 0 0 0 0 552880 188675 0 991730 2.46772e+06 1.41603e+06 1.21717e+06 2.29649e+06 1.80582e+06 0 1.4828e+06 1.56532e+06 1.57751e+06 1.42118e+06 867257
pelacespred
 2.71848e+06 1.77425e+06 924838 696953 767134 1.12353e+06 908841 894609 675933 473014 416972 412755 445918 392070 378775 620038 770640 1.49986e+06 1.4831e+06 1.12062e+06 1.71352e+06 1.63225e+06 1.39923e+06 2.02149e+06 1.68165e+06 1.47633e+06 1.7465e+06 1.75437e+06 1.42628e+06 1.11096e+06
mphobs
 0 0 0 0 0 0 0 0 0 0 0 498337 0 5186 125008 0 168611 109162 213762 579715 649985 157893 87575 83554 0 0 0 0 0 0
mphpred
 5.44784e+06 3.67525e+06 1.90264e+06 1.03847e+06 1.30169e+06 1.50673e+06 1.98424e+06 1.4334e+06 1.22326e+06 871566 579129 699168 738787 651870 489546 587285 1.46718e+06 1.55174e+06 2.61384e+06 2.08749e+06 2.2868e+06 2.81123e+06 2.64965e+06 2.25747e+06 3.12034e+06 2.54674e+06 2.11988e+06 2.22341e+06 2.94752e+06 2.08851e+06
desembarqueobs
 494567 514787 250237 358949 120608 361735 552515 73892 212993 205616 52469 317467 293654 387597 252695 516296 358380 742168 942051 627588 828172 859565 418607 520667 417249 300574 407403 355545 319650 289779
desembarquepred
 494572 512933 251263 358962 120610 361746 552564 73894.2 213026 205649 52470.6 317528 293707 387666 252707 516309 358411 742131 942004 627549 828251 859638 418626 520690 417259 300583 407412 355545 319657 289793
Reclutas
 267152 157604 153968 344052 277123 429633 182726 89712.9 76954.5 96216.9 164978 202306 172182 121186 125268 590852 168227 881344 556734 422365 638294 836410 194533 566476 454855 216917 468509 501046 162664 137645
log_desv_Rt
 0.0426312 -0.485096 -0.508438 0.295608 0.0792779 0.517746 -0.337197 -1.04857 -1.20197 -0.97858 -0.43937 -0.235404 -0.396635 -0.747854 -0.71473 0.836381 -0.41987 1.23626 0.776903 0.500685 0.913615 1.18393 -0.274585 0.794249 0.574793 -0.165669 0.60437 0.671514 -0.453497 -0.620505
SSB
 5.44784e+06 3.67525e+06 1.90264e+06 1.03847e+06 1.30169e+06 1.50673e+06 1.98424e+06 1.4334e+06 1.22326e+06 871566 579129 699168 738787 651870 489546 587285 1.46718e+06 1.55174e+06 2.61384e+06 2.08749e+06 2.2868e+06 2.81123e+06 2.64965e+06 2.25747e+06 3.12034e+06 2.54674e+06 2.11988e+06 2.22341e+06 2.94752e+06 2.08851e+06
BT
 7.11469e+06 4.86729e+06 2.52754e+06 2.32099e+06 2.23439e+06 3.69118e+06 2.8932e+06 2.52606e+06 2.02236e+06 1.48641e+06 1.26271e+06 1.4823e+06 1.57251e+06 1.57641e+06 1.43757e+06 2.48946e+06 2.45475e+06 5.48411e+06 5.24978e+06 3.67471e+06 5.88056e+06 5.49951e+06 4.16111e+06 6.77046e+06 4.99661e+06 4.33059e+06 5.76062e+06 5.75192e+06 3.99604e+06 3.17194e+06
Ftot
 0.0781318 0.13942 0.134088 0.180834 0.0571786 0.114296 0.235956 0.0356498 0.141102 0.184481 0.0519001 0.258707 0.24058 0.380032 0.253594 0.246469 0.155119 0.167979 0.244729 0.212298 0.159416 0.204033 0.118661 0.0998529 0.103699 0.0840249 0.100226 0.0862132 0.0880874 0.117677
BD_Bspro_t
 0.987577 0.90565 0.800259 0.736501 0.750263 0.805704 0.800764 0.703213 0.74339 0.716849 0.691047 0.797192 0.701611 0.629842 0.545669 0.589624 0.694361 0.693811 0.744613 0.670795 0.649751 0.691955 0.703722 0.704963 0.789405 0.794084 0.801745 0.827223 0.855316 0.809737
BD_Bspro
 2.98951 2.01679 1.04407 0.569862 0.714302 0.826817 1.08885 0.78658 0.671265 0.478272 0.317797 0.383669 0.40541 0.357714 0.268638 0.322273 0.805117 0.85152 1.43435 1.14551 1.25489 1.54266 1.454 1.23879 1.71229 1.39753 1.16328 1.2201 1.61745 1.14607
BD_Bo
 2.0347 1.37266 0.710611 0.387856 0.486164 0.562743 0.741088 0.535357 0.456873 0.325519 0.216297 0.26113 0.275928 0.243465 0.182839 0.219344 0.547974 0.579557 0.976236 0.77965 0.854092 1.04996 0.989612 0.843137 1.16541 0.951176 0.791747 0.830414 1.10086 0.780033
BD_Brms
 14.5145 9.79184 5.06914 2.76677 3.46804 4.01432 5.28654 3.81896 3.2591 2.32208 1.54295 1.86277 1.96833 1.73675 1.30428 1.56468 3.90896 4.13426 6.96397 5.56163 6.09266 7.48987 7.05939 6.01451 8.31343 6.78521 5.64792 5.92375 7.85298 5.56435
Sel_flota
 0.90389 1 1 1 1
 0.90389 1 1 1 1
 0.90389 1 1 1 1
 0.90389 1 1 1 1
 0.90389 1 1 1 1
 0.90389 1 1 1 1
 0.90389 1 1 1 1
 0.90389 1 1 1 1
 0.90389 1 1 1 1
 0.90389 1 1 1 1
 0.90389 1 1 1 1
 0.90389 1 1 1 1
 0.90389 1 1 1 1
 0.90389 1 1 1 1
 0.90389 1 1 1 1
 0.90389 1 1 1 1
 0.90389 1 1 1 1
 0.90389 1 1 1 1
 0.90389 1 1 1 1
 0.90389 1 1 1 1
 0.90389 1 1 1 1
 0.90389 1 1 1 1
 0.90389 1 1 1 1
 0.90389 1 1 1 1
 0.90389 1 1 1 1
 0.90389 1 1 1 1
 0.90389 1 1 1 1
 0.90389 1 1 1 1
 0.90389 1 1 1 1
 0.90389 1 1 1 1
Sel_reclas
 1 1 1 1 1
 1 1 1 1 1
 1 1 1 1 1
 1 1 1 1 1
 1 1 1 1 1
 1 1 1 1 1
 1 1 1 1 1
 1 1 1 1 1
 1 1 1 1 1
 1 1 1 1 1
 1 1 1 1 1
 1 1 1 1 1
 1 1 1 1 1
 1 1 1 1 1
 1 1 1 1 1
 1 1 1 1 1
 1 1 1 1 1
 1 1 1 1 1
 1 1 1 1 1
 1 1 1 1 1
 1 1 1 1 1
 1 1 1 1 1
 1 1 1 1 1
 1 1 1 1 1
 1 1 1 1 1
 1 1 1 1 1
 1 1 1 1 1
 1 1 1 1 1
 1 1 1 1 1
 1 1 1 1 1
Sel_pelaces
 0.599059 0.882621 0.974255 0.994777 0.998958
 0.599059 0.882621 0.974255 0.994777 0.998958
 0.599059 0.882621 0.974255 0.994777 0.998958
 0.599059 0.882621 0.974255 0.994777 0.998958
 0.599059 0.882621 0.974255 0.994777 0.998958
 0.599059 0.882621 0.974255 0.994777 0.998958
 0.599059 0.882621 0.974255 0.994777 0.998958
 0.599059 0.882621 0.974255 0.994777 0.998958
 0.599059 0.882621 0.974255 0.994777 0.998958
 0.599059 0.882621 0.974255 0.994777 0.998958
 0.599059 0.882621 0.974255 0.994777 0.998958
 0.599059 0.882621 0.974255 0.994777 0.998958
 0.599059 0.882621 0.974255 0.994777 0.998958
 0.599059 0.882621 0.974255 0.994777 0.998958
 0.599059 0.882621 0.974255 0.994777 0.998958
 0.599059 0.882621 0.974255 0.994777 0.998958
 0.599059 0.882621 0.974255 0.994777 0.998958
 0.599059 0.882621 0.974255 0.994777 0.998958
 0.599059 0.882621 0.974255 0.994777 0.998958
 0.599059 0.882621 0.974255 0.994777 0.998958
 0.599059 0.882621 0.974255 0.994777 0.998958
 0.599059 0.882621 0.974255 0.994777 0.998958
 0.599059 0.882621 0.974255 0.994777 0.998958
 0.599059 0.882621 0.974255 0.994777 0.998958
 0.599059 0.882621 0.974255 0.994777 0.998958
 0.599059 0.882621 0.974255 0.994777 0.998958
 0.599059 0.882621 0.974255 0.994777 0.998958
 0.599059 0.882621 0.974255 0.994777 0.998958
 0.599059 0.882621 0.974255 0.994777 0.998958
 0.599059 0.882621 0.974255 0.994777 0.998958
pf_obs 
 0.8446 0.082 0.0669 0.0065 0
 0.8095 0.147 0.0364 0.0071 0
 0.9664 0.0169 0.016 0.0007 0
 0.9276 0.0648 0.0075 0.0001 0
 0.7033 0.2144 0.0806 0.0017 0
 0.9318 0.0425 0.0243 0.0014 0
 0.5671 0.3108 0.0964 0.0239 0.0018
 0.0768 0.2599 0.5324 0.112 0.0189
 0.490249 0.384438 0.106611 0.0170017 0.00170017
 0.7925 0.1577 0.0466 0.003 0.0002
 0.840416 0.127587 0.0312969 0.00059994 9.999e-05
 0.8084 0.0986 0.0794 0.0134 0.0002
 0.7335 0.1905 0.0724 0.0035 0.0001
 0.4001 0.4547 0.1325 0.0127 0
 0.49795 0.308269 0.164784 0.0264974 0.00249975
 0.9179 0.0499 0.0305 0.0017 0
 0.2467 0.6533 0.0926 0.0074 0
 0.9418 0.0223 0.034 0.0019 0
 0.707729 0.231977 0.0356964 0.0245975 0
 0.517169 0.277429 0.184464 0.0207286 0.00020938
 0.811772 0.124168 0.05621 0.00726502 0.000585176
 0.764997 0.148141 0.077277 0.00933861 0.000247198
 0.163321 0.427699 0.378323 0.0303852 0.000271297
 0.753843 0.0900009 0.118128 0.0371064 0.000921714
 0.721811 0.176058 0.0630433 0.0369309 0.00215725
 0.143369 0.312575 0.442814 0.0836902 0.0175525
 0.692698 0.0596174 0.167031 0.0765114 0.00414204
 0.394062 0.376323 0.152708 0.0712218 0.00568511
 0.125707 0.32114 0.495352 0.0537591 0.00404204
 0.23352 0.215282 0.420074 0.123614 0.00750983
pf_pred 
 0.423533 0.10322 0.450381 0.0228651 7.26485e-07
 0.412805 0.263925 0.0578835 0.252564 0.0128227
 0.546033 0.199495 0.114377 0.0250848 0.11501
 0.781432 0.125198 0.0410312 0.0235244 0.028814
 0.651362 0.278862 0.0399684 0.0130988 0.0167086
 0.731067 0.181436 0.0699852 0.0100308 0.00748069
 0.467783 0.400056 0.0891631 0.0343928 0.00860565
 0.426024 0.284922 0.217276 0.0484258 0.0233531
 0.496971 0.227064 0.136989 0.104465 0.0345109
 0.648218 0.184413 0.0755496 0.0455795 0.0462407
 0.77053 0.154486 0.0393084 0.0161038 0.0195719
 0.715447 0.22434 0.040537 0.0103145 0.0093613
 0.663209 0.248707 0.0694448 0.0125483 0.00609069
 0.600132 0.27526 0.092018 0.0256936 0.00689615
 0.694706 0.192131 0.077899 0.0260412 0.00922293
 0.9136 0.0620935 0.0152967 0.00620201 0.00280759
 0.447848 0.509236 0.0308425 0.00759802 0.00447516
 0.876286 0.0587829 0.0598842 0.00362695 0.00141976
 0.618175 0.33898 0.0203576 0.020739 0.00174777
 0.601948 0.256729 0.125465 0.00753485 0.00832291
 0.74 0.163474 0.0622562 0.0304249 0.00384546
 0.740324 0.197517 0.0390826 0.0148839 0.00819323
 0.344554 0.499061 0.11895 0.0235367 0.0138977
 0.747024 0.0934208 0.121487 0.0289561 0.00911268
 0.624366 0.287981 0.0323692 0.0420937 0.0131904
 0.455956 0.353134 0.146362 0.0164511 0.0280973
 0.734915 0.12785 0.089078 0.0369197 0.0112373
 0.685529 0.237482 0.0371317 0.025871 0.0139863
 0.379871 0.438991 0.136791 0.0213881 0.0229581
 0.478186 0.211411 0.219735 0.0684703 0.0221973
pobs_RECLAS
 0 0 0 0 0
 0 0 0 0 0
 0 0 0 0 0
 0 0 0 0 0
 0 0 0 0 0
 0 0 0 0 0
 0 0 0 0 0
 0 0 0 0 0
 0 0 0 0 0
 0 0 0 0 0
 0.991045 0.00858322 0.000360255 1.14367e-05 0
 0.934742 0.0480273 0.0164251 0.00080598 0
 0.827803 0.169806 0.00239088 0 0
 0.941827 0.0461693 0.0120037 0 0
 0.791401 0.0380133 0.147996 0.0225897 0
 0.846168 0.0940531 0.0597789 0 0
 0.134021 0.677848 0.182769 0.00536245 0
 0.80878 0.0450904 0.141981 0.00414843 0
 0.846168 0.0940531 0.0597789 0 0
 0.905697 0.0802665 0.012482 0.00150086 5.37128e-05
 0.989698 0.0102097 9.19794e-05 0 0
 0.975433 0.0193895 0.00387452 0.00125025 5.28907e-05
 0.303575 0.632131 0.0575291 0.00676475 0
 0.966965 0.00978017 0.0227588 0.000495775 0
 0.843318 0.132988 0.00938335 0.0141283 0.000182051
 0.564624 0.303363 0.111486 0.0197234 0.00080311
 0.826376 0.0876187 0.0782897 0.00655872 0.00115652
 0.89761 0.0855135 0.0140674 0.00269457 0.000114338
 0.34875 0.467042 0.161289 0.0227151 0.000203297
 0.318654 0.224769 0.449479 0.00709798 0
ppred_RECLAS
 0.448538 0.0987426 0.430845 0.0218733 6.94973e-07
 0.4378 0.252691 0.0554196 0.241813 0.0122769
 0.571234 0.188421 0.108027 0.0236923 0.108625
 0.798467 0.115441 0.0378333 0.021691 0.0265683
 0.674049 0.260716 0.0373676 0.0122465 0.0156213
 0.750651 0.168224 0.064889 0.00930034 0.00693595
 0.493565 0.380676 0.0848438 0.0327267 0.00818877
 0.450969 0.272539 0.207833 0.0463212 0.0223382
 0.522532 0.215526 0.130028 0.099157 0.0327573
 0.671275 0.172325 0.0705977 0.042592 0.0432099
 0.787979 0.142739 0.0363195 0.0148793 0.0180837
 0.736053 0.208094 0.0376015 0.0095676 0.0086834
 0.685893 0.231956 0.0647676 0.0117031 0.00568047
 0.62506 0.2581 0.0862814 0.0240918 0.00646623
 0.716206 0.1786 0.072413 0.0242073 0.00857341
 0.921422 0.0564718 0.0139118 0.00564051 0.0025534
 0.473294 0.485769 0.0294211 0.00724786 0.00426892
 0.886984 0.0536999 0.054706 0.00331332 0.00129699
 0.642266 0.317592 0.0190731 0.0194305 0.00163749
 0.62636 0.240985 0.117771 0.00707275 0.00781248
 0.759228 0.151384 0.0576519 0.0281748 0.00356107
 0.759621 0.182838 0.0361782 0.0137778 0.00758435
 0.367959 0.48124 0.114703 0.0226962 0.0134015
 0.765793 0.0864895 0.112473 0.0268078 0.00843658
 0.647955 0.269896 0.0303365 0.0394503 0.0123621
 0.48129 0.33669 0.139546 0.015685 0.0267889
 0.754288 0.118507 0.082568 0.0342216 0.0104161
 0.707046 0.221233 0.034591 0.0241009 0.0130293
 0.404127 0.421821 0.131441 0.0205515 0.0220601
 0.50369 0.201078 0.208995 0.0651237 0.0211124
pobs_PELACES
 0 0 0 0 0
 0 0 0 0 0
 0 0 0 0 0
 0 0 0 0 0
 0 0 0 0 0
 0 0 0 0 0
 0 0 0 0 0
 0 0 0 0 0
 0 0 0 0 0
 0 0 0 0 0
 0 0 0 0 0
 0 0 0 0 0
 0 0 0 0 0
 0 0 0 0 0
 0 0 0 0 0
 0 0 0 0 0
 0.505614 0.472636 0.0217494 0 0
 0 0 0 0 0
 0.443492 0.261883 0.143347 0.151278 0
 0.227955 0.32914 0.350689 0.0885471 0.00366901
 0.970185 0.0296113 0.000203453 0 0
 0.997202 0.00247181 0.000326279 0 0
 0.445219 0.490057 0.0546422 0.010081 0
 0.90214 0.0892962 0.00764917 0.000914606 0
 0 0 0 0 0
 0.581667 0.319106 0.0959925 0.00289975 0.000334073
 0.762889 0.0836404 0.116647 0.0363945 0.000428098
 0.88444 0.0763242 0.0277011 0.0115352 0
 0.521256 0.241999 0.230069 0.00667565 0
 0.616807 0.101726 0.260614 0.0208532 0
ppred_PELACES
 0.33754 0.109209 0.525985 0.0272659 8.6995e-07
 0.332082 0.281154 0.0680639 0.30324 0.0154602
 0.459875 0.222542 0.140836 0.0315386 0.145207
 0.720236 0.152542 0.0551829 0.0323044 0.0397346
 0.578861 0.329282 0.0520947 0.0174326 0.0223301
 0.664489 0.218609 0.0930785 0.0136217 0.0102014
 0.393374 0.443681 0.109153 0.0429902 0.0108021
 0.34591 0.307651 0.258966 0.0589333 0.0285398
 0.41226 0.249413 0.166094 0.129328 0.0429043
 0.568983 0.213949 0.0967501 0.0595994 0.0607181
 0.708818 0.188865 0.0530455 0.0221893 0.0270814
 0.650848 0.268888 0.0536309 0.0139337 0.0126991
 0.592173 0.292812 0.0902484 0.0166509 0.00811596
 0.52544 0.315834 0.116543 0.033227 0.00895561
 0.623809 0.227356 0.101751 0.0347314 0.0123524
 0.886031 0.0793838 0.0215865 0.00893654 0.00406249
 0.377982 0.568772 0.0380247 0.00956467 0.00565717
 0.835357 0.0741175 0.0833451 0.00515422 0.00202608
 0.547973 0.396139 0.0262602 0.0273157 0.00231169
 0.524641 0.295398 0.159351 0.00977144 0.0108388
 0.673738 0.196928 0.0827827 0.0413086 0.00524301
 0.677615 0.238752 0.0521465 0.0202774 0.0112091
 0.278761 0.535136 0.140791 0.0284451 0.0168666
 0.675567 0.11206 0.160855 0.039147 0.0123716
 0.549433 0.33608 0.0416975 0.0553666 0.0174225
 0.378105 0.388671 0.177815 0.0204075 0.035001
 0.663897 0.15319 0.117814 0.0498585 0.0152393
 0.614935 0.282715 0.0487933 0.0347123 0.0188449
 0.309021 0.473904 0.163001 0.026023 0.0280507
 0.393421 0.230538 0.264492 0.0841527 0.0273961
pobs_pel_tallas
 0 0 0 0 0 0 0 0 0 0 0 0 0 0 0 0 0 0 0 0 0 0 0 0 0 0
 0 0 0 0 0 0 0 0 0 0 0 0 0 0 0 0 0 0 0 0 0 0 0 0 0 0
 0 0 0 0 0 0 0 0 0 0 0 0 0 0 0 0 0 0 0 0 0 0 0 0 0 0
 0 0 0 0 0 0 0 0 0 0 0 0 0 0 0 0 0 0 0 0 0 0 0 0 0 0
 0 0 0 0 0 0 0 0 0 0 0 0 0 0 0 0 0 0 0 0 0 0 0 0 0 0
 0 0 0 0 0 0 0 0 0 0 0 0 0 0 0 0 0 0 0 0 0 0 0 0 0 0
 0 0 0 0 0 0 0 0 0 0 0 0 0 0 0 0 0 0 0 0 0 0 0 0 0 0
 0 0 0 0 0 0 0 0 0 0 0 0 0 0 0 0 0 0 0 0 0 0 0 0 0 0
 0 0 0 0 0 0 0 0 0 0 0 0 0 0 0 0 0 0 0 0 0 0 0 0 0 0
 0 0 0 0 0 0 0 0 0 0 0 0 0 0 0 0 0 0 0 0 0 0 0 0 0 0
 0 0 0 0 0 0 0 0 0 0 0 0 0 0 0 0 0 0 0 0 0 0 0 0 0 0
 0 0 0 0 0 0 0 0 0 0 0 0 0 0 0 0 0 0 0 0 0 0 0 0 0 0
 0.00862536 0 0 0.000197151 0.00414017 0.0128641 0.00837892 0.0270097 0.101434 0.158115 0.152841 0.127902 0.109271 0.109419 0.0830992 0.0579132 0.0238553 0.00714673 0.00463305 0.00128148 0.00103504 0.000492878 0.000147863 0.000147863 4.92878e-05 0
 0 0 0 0 0 0 0 0 0 0 0 0 0 0 0 0 0 0 0 0 0 0 0 0 0 0
 0 0 0 0 0 0 0 0.0054083 0.00873648 0.0413646 0.0450493 0.0745869 0.0622846 0.0627006 0.0613931 0.0827291 0.12552 0.122667 0.0946155 0.0697135 0.0546179 0.0294188 0.0215738 0.0213955 0.0102223 0.00600262
 0 0 0 0 0.00359764 0.0251062 0.0480494 0.140153 0.205849 0.193036 0.1447 0.116669 0.0760912 0.0342217 0.00950174 0.001854 0.000860785 0 0 0 0.000165536 0 0.000143464 0 0 0
 0 0 0 0 0 0 0 0.000145254 0.000435761 0.0275982 0.070085 0.0708112 0.156366 0.174668 0.174014 0.160142 0.0824315 0.0480064 0.0283245 0.00493863 0.00203355 0 0 0 0 0
 0 0 0 0 0 0 0 0 0 0 0 0 0 0 0 0 0 0 0 0 0 0 0 0 0 0
 0 0 1.00437e-05 0.000401748 0.00122533 0.00171747 0.00176769 0.0269171 0.070346 0.194647 0.189555 0.159765 0.064822 0.0314167 0.0384472 0.0292271 0.0345202 0.0313363 0.0194345 0.0106764 0.0143323 0.0359363 0.0279516 0.0138201 0.00172751 0
 0 0.0021121 0.0136068 0.0755702 0.200478 0.177729 0.0527432 0.0373336 0.0318909 0.0142505 0.0149659 0.0166563 0.0217959 0.0798694 0.0677717 0.0528807 0.04013 0.0224614 0.0357745 0.0225083 0.00881397 0.00855152 0.00135912 0.000746735 0 0
 0 0 0 0 5.4009e-05 0.00500934 0.000945158 0.0243581 0.138947 0.33067 0.221406 0.137944 0.0707744 0.0437923 0.0131692 0.00525238 0.0047753 0.00276346 9.45158e-05 9.00151e-06 2.25038e-05 9.00151e-06 4.50075e-06 0 0 0
 0.000866109 0.00284123 0.00948549 0.0512746 0.133035 0.25785 0.225252 0.132002 0.0553304 0.0519788 0.0540692 0.017754 0.00435017 0.00159236 0.00146478 0.000404838 0.000125132 0.000115318 0.000107957 0.000100596 0 0 0 0 0 0
 0 0 0 0 0.00144013 0.00171154 0.00461396 0.0210425 0.0478622 0.0707936 0.0888783 0.103762 0.0637923 0.0337046 0.0602308 0.124433 0.169614 0.0934646 0.0462172 0.0250306 0.0313229 0.00938855 0.002487 0.000210481 0 0
 0 0.00764035 0.051015 0.0998891 0.058973 0.0496711 0.0374665 0.0718981 0.12319 0.153886 0.159021 0.0857701 0.0377988 0.023471 0.0147837 0.00900784 0.00315554 0.000888139 0.00291439 0.00214683 0.00393193 0.00274676 0.000635225 9.99891e-05 0 0
 0 0 0 0 0 0 0 0 0 0 0 0 0 0 0 0 0 0 0 0 0 0 0 0 0 0
 0 0 0 0 0 0 0 0 0 0 0 0 0 0 0 0 0 0 0 0 0 0 0 0 0 0
 0 0 0 0 0 0 0 0 0 0 0 0 0 0 0 0 0 0 0 0 0 0 0 0 0 0
 0 0 0 0 0 0 0 0 0 0 0 0 0 0 0 0 0 0 0 0 0 0 0 0 0 0
 0 0 0 0 0 0 0 0 0 0 0 0 0 0 0 0 0 0 0 0 0 0 0 0 0 0
 0 0 0 0 0 0 0 0 0 0 0 0 0 0 0 0 0 0 0 0 0 0 0 0 0 0
ppred_pel_tallas
 1.17942e-16 2.78027e-05 0.000270252 0.00179592 0.00816401 0.0254013 0.0541206 0.0789929 0.0790043 0.0541763 0.0255906 0.00872091 0.003232 0.00353126 0.00658956 0.0118085 0.0192337 0.0288081 0.0403129 0.0533657 0.0671526 0.0800296 0.0895088 0.0930025 0.0890361 0.0781239
 1.35064e-16 2.73532e-05 0.000265883 0.00176689 0.00803204 0.0249908 0.0532465 0.0777206 0.0777478 0.0533798 0.0254386 0.00932779 0.00502839 0.00741712 0.0137065 0.02289 0.0336629 0.0439148 0.051657 0.056339 0.0593093 0.062849 0.0684458 0.0756223 0.0821114 0.0851023
 1.31858e-16 3.78794e-05 0.000368201 0.00244683 0.0111229 0.0346077 0.0737361 0.107625 0.107646 0.073842 0.0349639 0.0121547 0.00504723 0.00608075 0.0109947 0.0184059 0.0272112 0.0357493 0.0424078 0.0466186 0.0492338 0.0518521 0.0556037 0.060343 0.0647586 0.0671422
 1.11596e-16 5.93249e-05 0.000576659 0.0038321 0.0174202 0.0542008 0.115481 0.168551 0.168566 0.115553 0.0544434 0.0181221 0.00559757 0.00444301 0.00743944 0.0123056 0.0179659 0.0231313 0.0265534 0.0277262 0.0271996 0.0261683 0.0256553 0.0259274 0.0265006 0.0265807
 1.07115e-16 4.76801e-05 0.000463467 0.00307991 0.0140008 0.0435619 0.0928145 0.135472 0.135504 0.0929696 0.0440829 0.0155059 0.00685868 0.00871541 0.0157284 0.0259509 0.037439 0.0472174 0.0522937 0.0513163 0.0453862 0.0372989 0.0298415 0.0244654 0.0211068 0.0188789
 1.05835e-16 5.47331e-05 0.000532026 0.0035355 0.0160719 0.0500057 0.106543 0.155507 0.155528 0.106647 0.0503535 0.0170777 0.00606499 0.00606998 0.0106194 0.0175926 0.0256255 0.0328277 0.0372933 0.0381228 0.0359016 0.0321831 0.0284263 0.025256 0.0224903 0.0196698
 1.09403e-16 3.24018e-05 0.000314957 0.002093 0.00951451 0.0296034 0.0630747 0.0920684 0.0921112 0.0632841 0.0303067 0.0115471 0.00719925 0.0114758 0.0212702 0.035222 0.0509949 0.0646811 0.0723119 0.0720661 0.0653198 0.0556097 0.0463849 0.0393251 0.0342195 0.029969
 1.18292e-16 2.84922e-05 0.000276954 0.00184046 0.00836649 0.0260314 0.0554638 0.0809573 0.0809873 0.0556106 0.0265253 0.00979768 0.00545031 0.00821493 0.0152739 0.0256513 0.037995 0.0499821 0.0592189 0.0645655 0.0666454 0.0670297 0.066825 0.0658994 0.0632685 0.0580941
 1.25088e-16 3.39574e-05 0.000330078 0.00219348 0.00997127 0.0310245 0.0661018 0.0964826 0.0965068 0.0662206 0.0314242 0.0111292 0.00511303 0.00674717 0.0123519 0.0207162 0.0306795 0.0403993 0.048055 0.0529367 0.0558359 0.0582888 0.0612726 0.0644264 0.0663249 0.0654344
 1.19099e-16 4.68664e-05 0.000455558 0.00302735 0.0137619 0.0428185 0.09123 0.133157 0.133178 0.0913315 0.0431596 0.014749 0.005512 0.005903 0.010463 0.017413 0.0255394 0.0331224 0.0384765 0.0409353 0.0412604 0.0410401 0.0415448 0.0429415 0.0443605 0.0445725
 1.08388e-16 5.83845e-05 0.000567518 0.00377136 0.017144 0.0533416 0.113651 0.16588 0.165898 0.11374 0.0536413 0.0180105 0.00594891 0.00533011 0.00913038 0.0150745 0.0218851 0.0279038 0.0314932 0.0319377 0.02987 0.0268041 0.0241538 0.0225051 0.0215762 0.0206835
 1.05163e-16 5.36095e-05 0.000521104 0.00346292 0.0157419 0.0489792 0.104356 0.152316 0.152342 0.104483 0.049405 0.0169721 0.00655226 0.00726986 0.0128848 0.0212535 0.0307002 0.0387972 0.0431066 0.0425121 0.0378725 0.0314047 0.0253122 0.0207342 0.0176274 0.0153386
 1.05723e-16 4.87765e-05 0.000474125 0.00315073 0.0143228 0.0445636 0.0949486 0.138586 0.138614 0.0950869 0.0450283 0.015666 0.0065261 0.0078553 0.0141043 0.0233377 0.0338423 0.0430358 0.0483037 0.0484231 0.0442423 0.0380049 0.0318968 0.0269819 0.0231549 0.0198004
 1.08292e-16 4.32799e-05 0.000420696 0.00279567 0.0127087 0.0395418 0.084249 0.12297 0.123001 0.0843984 0.0400437 0.0141601 0.0064447 0.00840619 0.015267 0.025323 0.0368319 0.0470707 0.053277 0.0541659 0.0506329 0.0450027 0.0394674 0.0349775 0.0312524 0.0275481
 1.08568e-16 5.13823e-05 0.000499455 0.00331905 0.0150879 0.0469443 0.100021 0.145988 0.14601 0.100128 0.0473063 0.0161351 0.00595353 0.00627019 0.0110691 0.0183714 0.0268214 0.0344956 0.0394605 0.0408287 0.0392352 0.0362753 0.0333812 0.0310551 0.0289282 0.0263646
 1.02228e-16 7.29812e-05 0.000709403 0.00471423 0.0214302 0.0666774 0.142064 0.207348 0.207355 0.142101 0.0668034 0.0217942 0.00562881 0.00270913 0.00388035 0.00632478 0.00916431 0.0116536 0.0130875 0.0131476 0.0120825 0.0105187 0.00905649 0.00797095 0.00719578 0.00650997
 1.0316e-16 3.1134e-05 0.000302634 0.00201111 0.00914224 0.0284452 0.0606075 0.0884699 0.0885247 0.060875 0.0293432 0.011735 0.00851602 0.0144918 0.0269464 0.0444134 0.0637765 0.0797814 0.0870931 0.0832547 0.0701745 0.0528809 0.0365846 0.024311 0.0164544 0.0118336
 1.03284e-16 6.88073e-05 0.000668831 0.00444462 0.0202046 0.062864 0.133939 0.195489 0.195496 0.133974 0.0629836 0.0205514 0.00532064 0.0025992 0.00378759 0.00628974 0.00937207 0.0124463 0.0149377 0.0165429 0.0173359 0.0175803 0.0174277 0.0167886 0.0154701 0.0134171
 1.0399e-16 4.51359e-05 0.000438737 0.00291556 0.0132538 0.0412376 0.0878624 0.128246 0.128284 0.0880487 0.0418631 0.0150601 0.00744787 0.0103266 0.0188062 0.0309736 0.0445111 0.0557655 0.061055 0.0587084 0.0500851 0.0386869 0.0280916 0.0202989 0.0154387 0.0125501
 1.07489e-16 4.3214e-05 0.000420056 0.00279142 0.0126894 0.0394816 0.0841208 0.122783 0.122811 0.0842609 0.0399525 0.014052 0.00622043 0.00793461 0.0143995 0.0239576 0.0350202 0.0451036 0.0516626 0.0534594 0.0511845 0.046762 0.0419642 0.0374955 0.0331059 0.028324
 1.0747e-16 5.5495e-05 0.000539431 0.00358471 0.0162956 0.0507017 0.108026 0.157671 0.15769 0.108119 0.0510151 0.0172022 0.00586544 0.00553463 0.00959077 0.015896 0.0231979 0.0298208 0.0340933 0.0352576 0.0338812 0.0313636 0.0289521 0.0270678 0.0253561 0.0232221
 1.05497e-16 5.58143e-05 0.000542535 0.00360534 0.0163893 0.0509935 0.108648 0.15858 0.158603 0.10876 0.0513717 0.0174824 0.00635077 0.00654177 0.0114671 0.0189163 0.0273574 0.0346468 0.0386405 0.0383643 0.0345829 0.0292423 0.0242491 0.0205448 0.01802 0.016045
 1.09907e-16 2.29613e-05 0.000223192 0.00148319 0.00674241 0.0209784 0.0446986 0.0652498 0.0653015 0.0449512 0.0218269 0.00919441 0.00764327 0.013688 0.0256459 0.042495 0.0615263 0.0780291 0.0871936 0.0867836 0.0784082 0.0662927 0.0545964 0.0454094 0.0386045 0.0330114
 1.10691e-16 5.56456e-05 0.000540895 0.00359444 0.0163398 0.0508392 0.108319 0.158097 0.158108 0.108373 0.0510214 0.0168691 0.00493475 0.00350553 0.00579998 0.0097994 0.0148124 0.0201022 0.0249282 0.0289218 0.0321876 0.034968 0.0371817 0.0382883 0.037608 0.0348054
 1.09791e-16 4.52561e-05 0.000439906 0.00292333 0.0132891 0.0413474 0.0880961 0.128586 0.128618 0.0882544 0.041879 0.0148249 0.00677925 0.00886028 0.0160466 0.0264851 0.0382248 0.0482549 0.0535657 0.052844 0.0472886 0.0398035 0.0332129 0.0288749 0.0265058 0.0249506
 1.13201e-16 3.11441e-05 0.000302732 0.00201176 0.00914519 0.0284543 0.0606263 0.0884937 0.0885313 0.0608104 0.0290731 0.010935 0.00651398 0.0101632 0.0188523 0.0313646 0.0457585 0.0587612 0.0670271 0.0689886 0.0656931 0.0598713 0.0540448 0.0492215 0.0449651 0.0403599
 1.11019e-16 5.46844e-05 0.000531552 0.00353235 0.0160576 0.0499611 0.106448 0.155367 0.155382 0.106521 0.0502068 0.0167695 0.00532782 0.00447879 0.00763327 0.0127496 0.0188743 0.0248263 0.0294349 0.0321773 0.0334263 0.0340235 0.034541 0.0348618 0.0343639 0.0324496
 1.08151e-16 5.06514e-05 0.00049235 0.00327184 0.0148733 0.0462766 0.0985982 0.143913 0.14394 0.0987315 0.0467242 0.0161666 0.00651949 0.00758701 0.0135401 0.0223469 0.0322928 0.0408482 0.0454859 0.0450865 0.0406174 0.034459 0.028927 0.0251359 0.0228734 0.0212427
 1.12182e-16 2.54538e-05 0.00024742 0.00164419 0.0074743 0.0232556 0.0495501 0.0723295 0.0723753 0.0497742 0.0240082 0.00965028 0.00711385 0.0122131 0.0228251 0.0378901 0.0550394 0.0701812 0.0791357 0.0799569 0.0740137 0.0648794 0.0559816 0.0489024 0.0433373 0.0381956
 1.20768e-16 3.24056e-05 0.000314994 0.00209325 0.00951562 0.0296067 0.0630811 0.0920735 0.0920961 0.0631918 0.0299795 0.0105972 0.00482742 0.00634761 0.0116779 0.0197508 0.0296169 0.0397133 0.0484333 0.0550264 0.0598746 0.0638147 0.0671085 0.0690067 0.0682456 0.0639739
pSPR Fmed_Fpbrs
0.758414   0.190184 0.190184
Fs Fmed_Fpbrs
0.136691   1.005 1.005
SSBpbr Bo_Bmed_Bpbrs
2.67747e+06  1.89676e+06  375338 375338
Ro
256002
SPR SPRFo_SPRFmed_SPRFpbrs
1.82232e+06 1.38208e+06 346576
Fref
1.005
log_Ro
12.2729
likeval ReclasPelacesDesembMPH_pf_preclas_ppelaces_ptallas_desvR_qrecl_qpela
 19.1037 18.0211 0.149896 0.00386737 229.94 107.966 79.2023 0 19.3258 1.705e-05 0 0.760468 0 0 0
q_reclas_q_pelaces
0.557039 1
M
1
N
 267152 59032.8 257579 13076.9 0.415486
 157604 91578.2 20084.8 87636.1 4449.29
 153968 51114.5 29305.4 6427.21 29467.8
 344052 50176.4 16444.3 9428.01 11548
 277123 107484 15405.3 5048.78 6440.1
 429633 96812.8 37343.5 5352.34 3991.63
 182726 142540 31768.8 12254.1 3066.19
 89712.9 54310 41415.8 9230.63 4451.43
 76954.5 31957 19279.8 14702.4 4857.07
 96216.9 24920.1 10209.2 6159.26 6248.61
 164978 29959.7 7623.17 3123.04 3795.63
 202306 57910.7 10464.1 2662.57 2416.51
 172182 58905.7 16447.9 2972.04 1442.57
 121186 50962.6 17036.5 4756.99 1276.78
 125268 31621 12820.7 4285.88 1517.92
 590852 36643.4 9027.08 3660.01 1656.85
 168227 173953 10535.7 2595.45 1528.69
 881344 53790.9 54798.7 3318.94 1299.19
 556734 278555 16728.7 17042.1 1436.21
 422365 164166 80229 4818.18 5322.11
 638294 128249 48841.5 23869.1 3016.86
 836410 203305 40227.8 15320.1 8433.32
 194533 255877 60987.7 12067.6 7125.6
 566476 64286.1 83599.3 19925.7 6270.76
 454855 190410 21402.1 27831.9 8721.34
 216917 152360 63147.9 7097.85 12122.6
 468509 73963.1 51532.9 21358.6 6500.95
 501046 157427 24614.6 17149.9 9271.54
 162664 170506 53130.3 8307.24 8917.04
 137645 55260.9 57436.7 17897.5 5802.17
pred_Ctot
 11581.5 2822.55 12315.7 625.247 0.0198657
 11918 7619.73 1671.14 7291.73 370.202
 11219.8 4099.2 2350.19 515.439 2363.21
 33235.6 5324.88 1745.12 1000.53 1225.51
 8861.06 3793.6 543.725 178.195 227.301
 26882.5 6671.71 2573.47 368.848 275.077
 22573.9 19305.5 4302.75 1659.7 415.284
 1803 1205.83 919.546 204.945 98.8339
 5885.84 2689.21 1622.42 1237.22 408.727
 9469.39 2693.96 1103.66 665.841 675.501
 4797.69 961.901 244.753 100.27 121.864
 27177.8 8522.02 1539.88 391.819 355.608
 21651.7 8119.5 2267.15 409.662 198.842
 22900.1 10503.5 3511.26 980.426 263.146
 16526.4 4570.62 1853.15 619.497 219.405
 75955.6 5162.38 1271.75 515.627 233.419
 14072.1 16001 969.12 238.742 140.617
 79459.5 5330.29 5430.15 328.883 128.74
 71109.4 38993.3 2341.76 2385.63 201.048
 47352.5 20195.7 9869.76 592.732 654.725
 54785.2 12102.6 4609.08 2252.48 284.696
 90393.1 24116.7 4771.96 1817.32 1000.39
 12616.6 18274.2 4355.61 861.844 508.895
 31132.3 3893.33 5062.98 1206.75 379.773
 25923.7 11957 1343.97 1747.74 547.667
 10090.9 7815.29 3239.17 364.084 621.827
 25840.9 4495.44 3132.14 1298.16 395.125
 23896 8278.07 1294.32 901.804 487.53
 7920.92 9153.67 2852.32 445.977 478.714
 8856.31 3915.47 4069.64 1268.11 411.109
F
 0.0706226 0.0781318 0.0781318 0.0781318 0.0781318
 0.12602 0.13942 0.13942 0.13942 0.13942
 0.121201 0.134088 0.134088 0.134088 0.134088
 0.163454 0.180834 0.180834 0.180834 0.180834
 0.0516832 0.0571786 0.0571786 0.0571786 0.0571786
 0.103311 0.114296 0.114296 0.114296 0.114296
 0.213279 0.235956 0.235956 0.235956 0.235956
 0.0322235 0.0356498 0.0356498 0.0356498 0.0356498
 0.127541 0.141102 0.141102 0.141102 0.141102
 0.16675 0.184481 0.184481 0.184481 0.184481
 0.046912 0.0519001 0.0519001 0.0519001 0.0519001
 0.233843 0.258707 0.258707 0.258707 0.258707
 0.217458 0.24058 0.24058 0.24058 0.24058
 0.343507 0.380032 0.380032 0.380032 0.380032
 0.229221 0.253594 0.253594 0.253594 0.253594
 0.222781 0.246469 0.246469 0.246469 0.246469
 0.140211 0.155119 0.155119 0.155119 0.155119
 0.151834 0.167979 0.167979 0.167979 0.167979
 0.221208 0.244729 0.244729 0.244729 0.244729
 0.191894 0.212298 0.212298 0.212298 0.212298
 0.144094 0.159416 0.159416 0.159416 0.159416
 0.184423 0.204033 0.204033 0.204033 0.204033
 0.107256 0.118661 0.118661 0.118661 0.118661
 0.090256 0.0998529 0.0998529 0.0998529 0.0998529
 0.0937327 0.103699 0.103699 0.103699 0.103699
 0.0759493 0.0840249 0.0840249 0.0840249 0.0840249
 0.0905933 0.100226 0.100226 0.100226 0.100226
 0.0779273 0.0862132 0.0862132 0.0862132 0.0862132
 0.0796214 0.0880874 0.0880874 0.0880874 0.0880874
 0.106367 0.117677 0.117677 0.117677 0.117677
nmprior
 8 8 7 0
nm_flota  nm_reclas  nm_pelaces    nm_pelaL
inf 10.709 8.48365 13.0107
cv_recla  cv_pelaces  cv_mph
0.404655 0.499522 1.91917
 ------------------------------------------------
Talla a la edad & desviación 
 8 13.2811 15.8009 17.003 17.5766
 0.8 1.32811 1.58009 1.7003 1.75766
