years
 1991 1992 1993 1994 1995 1996 1997 1998 1999 2000 2001 2002 2003 2004 2005 2006 2007 2008 2009 2010 2011 2012 2013 2014 2015 2016 2017 2018 2019 2020
reclasobs
 0 0 0 0 0 0 0 0 0 252601 567819 844713 477998 351125 339783 2.1784e+06 2.13404e+06 4.81314e+06 1.55562e+06 2.62356e+06 3.21686e+06 3.843e+06 1.13348e+06 3.07943e+06 1.97215e+06 2.03268e+06 2.025e+06 2.42433e+06 2.27542e+06 1.05018e+06
reclaspred
 3.16034e+06 1.76745e+06 892333 864011 844694 1.35189e+06 836466 738998 544574 402531 485993 631783 621682 479907 481602 1.29266e+06 1.24052e+06 2.82978e+06 2.3424e+06 1.7932e+06 3.1541e+06 2.52763e+06 1.9922e+06 3.05701e+06 2.28944e+06 2.01723e+06 2.42041e+06 2.57227e+06 2.08904e+06 1.29703e+06
pelacesobs
 0 0 0 0 0 0 0 0 0 0 0 0 0 0 0 552880 188675 0 991730 2.46772e+06 1.41603e+06 1.21717e+06 2.29649e+06 1.80582e+06 0 1.4828e+06 1.56532e+06 1.57751e+06 1.42118e+06 867257
pelacespred
 1.66175e+06 1.03295e+06 521415 411658 421222 694442 393406 435702 307231 215120 269569 293577 317897 258007 266064 595146 572656 1.50653e+06 1.28624e+06 911928 1.55601e+06 1.35835e+06 1.06613e+06 1.78819e+06 1.2912e+06 1.13395e+06 1.55121e+06 1.62728e+06 1.08758e+06 767876
mphobs
 0 0 0 0 0 0 0 0 0 0 0 498337 0 5186 125008 0 168611 109162 213762 579715 649985 157893 87575 83554 0 0 0 0 0 0
mphpred
 479131 319881 158936 86409.2 90772.3 101472 134674 81867 73119.8 50701.4 34129 57845.6 62480.4 52660.1 35214.2 44303.1 149363 140520 282031 214041 236302 288665 270074 221016 306726 252124 206841 223964 312164 209025
desembarqueobs
 494567 514787 250237 358949 120608 361735 552515 73892 212993 205616 52469 317467 293654 387597 252695 516296 358380 742168 942051 627588 828172 859565 418607 520667 417249 300574 407403 355545 319650 289779
desembarquepred
 494573 513599 250798 358979 120613 361746 552548 73896.2 213039 205657 52471.4 317527 293700 387626 252688 516258 358405 742078 941860 627457 828224 859559 418610 520685 417244 300573 407399 355529 319641 289786
Reclutas
 196223 110989 110472 175241 140636 248935 102290 46096.9 44898.2 60836.8 113987 149330 124050 86180 85554.8 475506 97589.9 731780 423226 343034 482205 638658 132741 396868 333005 148891 341301 377865 103850 79509.1
log_desv_Rt
 0.129375 -0.440444 -0.445115 0.0162866 -0.203698 0.367316 -0.522062 -1.31913 -1.34548 -1.04168 -0.41379 -0.143715 -0.329194 -0.693436 -0.700718 1.01451 -0.5691 1.44561 0.898031 0.687954 1.0285 1.30949 -0.261477 0.833729 0.658281 -0.146661 0.68289 0.784662 -0.506924 -0.774003
SSB
 3.15181e+06 2.10423e+06 1.04551e+06 568415 597116 667499 885909 538536 480995 333523 224506 380519 411007 346408 231645 291434 982540 924369 1.85525e+06 1.408e+06 1.55443e+06 1.89889e+06 1.7766e+06 1.45388e+06 2.0177e+06 1.65852e+06 1.36064e+06 1.47328e+06 2.05347e+06 1.37501e+06
BT
 4.25001e+06 2.88998e+06 1.45161e+06 1.25123e+06 1.06683e+06 1.91032e+06 1.40169e+06 1.06979e+06 919853 694225 666822 942879 999823 998323 867186 1.79052e+06 1.60038e+06 4.12964e+06 3.87103e+06 2.66351e+06 4.25831e+06 3.93743e+06 2.82354e+06 4.60797e+06 3.36247e+06 2.88108e+06 3.99252e+06 4.10822e+06 2.77206e+06 2.0537e+06
Ftot
 0.134401 0.245127 0.239535 0.372338 0.128139 0.247899 0.552634 0.0894518 0.346038 0.447735 0.10367 0.450977 0.422207 0.7096 0.489166 0.389637 0.250976 0.251767 0.356898 0.313586 0.239844 0.307605 0.182293 0.160498 0.162238 0.13168 0.157762 0.130762 0.130239 0.192682
BD_Bspro_t
 0.978725 0.845491 0.685393 0.594612 0.577183 0.650418 0.641775 0.47255 0.530639 0.489453 0.461028 0.674218 0.560477 0.470558 0.361146 0.417669 0.599739 0.57237 0.670911 0.577425 0.555816 0.601604 0.614227 0.605879 0.708141 0.715638 0.722306 0.760709 0.804359 0.736673
BD_Bspro
 2.56812 1.71455 0.851891 0.46315 0.486536 0.543884 0.721847 0.438804 0.391919 0.271757 0.18293 0.31005 0.334892 0.282256 0.188747 0.237463 0.800582 0.753184 1.51167 1.14725 1.26657 1.54723 1.44759 1.18463 1.64404 1.35138 1.10866 1.20044 1.67319 1.12037
BD_Bo
 1.63375 1.09073 0.541942 0.294639 0.309516 0.345999 0.459213 0.279151 0.249325 0.172882 0.116373 0.197243 0.213046 0.179561 0.120074 0.151065 0.509301 0.479148 0.961672 0.729838 0.805744 0.984292 0.920903 0.753621 1.04588 0.859696 0.705289 0.763675 1.06442 0.712737
BD_Brms
 10.1362 6.76723 3.36237 1.82803 1.92033 2.14668 2.84909 1.73194 1.54689 1.07261 0.722014 1.22375 1.3218 1.11405 0.744973 0.937254 3.15986 2.97278 5.9665 4.52813 4.99908 6.10684 5.71355 4.67569 6.48893 5.33381 4.37582 4.73807 6.60398 4.42203
Sel_flota
 0.799698 1 1 1 1
 0.799698 1 1 1 1
 0.799698 1 1 1 1
 0.799698 1 1 1 1
 0.799698 1 1 1 1
 0.799698 1 1 1 1
 0.799698 1 1 1 1
 0.799698 1 1 1 1
 0.799698 1 1 1 1
 0.799698 1 1 1 1
 0.799698 1 1 1 1
 0.799698 1 1 1 1
 0.799698 1 1 1 1
 0.799698 1 1 1 1
 0.799698 1 1 1 1
 0.799698 1 1 1 1
 0.799698 1 1 1 1
 0.799698 1 1 1 1
 0.799698 1 1 1 1
 0.799698 1 1 1 1
 0.799698 1 1 1 1
 0.799698 1 1 1 1
 0.799698 1 1 1 1
 0.799698 1 1 1 1
 0.799698 1 1 1 1
 0.799698 1 1 1 1
 0.799698 1 1 1 1
 0.799698 1 1 1 1
 0.799698 1 1 1 1
 0.799698 1 1 1 1
Sel_reclas
 1 1 1 1 1
 1 1 1 1 1
 1 1 1 1 1
 1 1 1 1 1
 1 1 1 1 1
 1 1 1 1 1
 1 1 1 1 1
 1 1 1 1 1
 1 1 1 1 1
 1 1 1 1 1
 1 1 1 1 1
 1 1 1 1 1
 1 1 1 1 1
 1 1 1 1 1
 1 1 1 1 1
 1 1 1 1 1
 1 1 1 1 1
 1 1 1 1 1
 1 1 1 1 1
 1 1 1 1 1
 1 1 1 1 1
 1 1 1 1 1
 1 1 1 1 1
 1 1 1 1 1
 1 1 1 1 1
 1 1 1 1 1
 1 1 1 1 1
 1 1 1 1 1
 1 1 1 1 1
 1 1 1 1 1
Sel_pelaces
 1 1 1 1 1
 1 1 1 1 1
 1 1 1 1 1
 1 1 1 1 1
 1 1 1 1 1
 1 1 1 1 1
 1 1 1 1 1
 1 1 1 1 1
 1 1 1 1 1
 1 1 1 1 1
 1 1 1 1 1
 1 1 1 1 1
 1 1 1 1 1
 1 1 1 1 1
 1 1 1 1 1
 1 1 1 1 1
 1 1 1 1 1
 1 1 1 1 1
 1 1 1 1 1
 1 1 1 1 1
 1 1 1 1 1
 1 1 1 1 1
 1 1 1 1 1
 1 1 1 1 1
 1 1 1 1 1
 1 1 1 1 1
 1 1 1 1 1
 1 1 1 1 1
 1 1 1 1 1
 1 1 1 1 1
pf_obs 
 0.8446 0.082 0.0669 0.0065 0
 0.8095 0.147 0.0364 0.0071 0
 0.9664 0.0169 0.016 0.0007 0
 0.9276 0.0648 0.0075 0.0001 0
 0.7033 0.2144 0.0806 0.0017 0
 0.9318 0.0425 0.0243 0.0014 0
 0.5671 0.3108 0.0964 0.0239 0.0018
 0.0768 0.2599 0.5324 0.112 0.0189
 0.490249 0.384438 0.106611 0.0170017 0.00170017
 0.7925 0.1577 0.0466 0.003 0.0002
 0.840416 0.127587 0.0312969 0.00059994 9.999e-05
 0.8084 0.0986 0.0794 0.0134 0.0002
 0.7335 0.1905 0.0724 0.0035 0.0001
 0.4001 0.4547 0.1325 0.0127 0
 0.49795 0.308269 0.164784 0.0264974 0.00249975
 0.9179 0.0499 0.0305 0.0017 0
 0.2467 0.6533 0.0926 0.0074 0
 0.9418 0.0223 0.034 0.0019 0
 0.707729 0.231977 0.0356964 0.0245975 0
 0.517169 0.277429 0.184464 0.0207286 0.00020938
 0.811772 0.124168 0.05621 0.00726502 0.000585176
 0.764997 0.148141 0.077277 0.00933861 0.000247198
 0.163321 0.427699 0.378323 0.0303852 0.000271297
 0.753843 0.0900009 0.118128 0.0371064 0.000921714
 0.721811 0.176058 0.0630433 0.0369309 0.00215725
 0.143369 0.312575 0.442814 0.0836902 0.0175525
 0.692698 0.0596174 0.167031 0.0765114 0.00414204
 0.394062 0.376323 0.152708 0.0712218 0.00568511
 0.125707 0.32114 0.495352 0.0537591 0.00404204
 0.23352 0.215282 0.420074 0.123614 0.00750983
pf_pred 
 0.445265 0.125897 0.404168 0.0246687 7.85243e-07
 0.413487 0.296134 0.0659013 0.211564 0.0129134
 0.560811 0.208994 0.116227 0.025865 0.0881031
 0.727772 0.169241 0.0490081 0.0272547 0.026725
 0.648696 0.273203 0.0485541 0.0140601 0.0154865
 0.752984 0.173155 0.0574405 0.0102084 0.00621212
 0.47515 0.418325 0.0746729 0.0247711 0.00708132
 0.456932 0.297616 0.195634 0.0349215 0.0148961
 0.546371 0.233771 0.120488 0.0792012 0.0201684
 0.710753 0.176733 0.0579824 0.0298848 0.0246467
 0.817936 0.139189 0.0261966 0.00859458 0.00808305
 0.731529 0.228323 0.0306936 0.00577679 0.0036777
 0.676879 0.252899 0.0597208 0.00802829 0.00247294
 0.620818 0.278296 0.0789607 0.0186462 0.00327872
 0.73206 0.185227 0.0607065 0.0172242 0.00478261
 0.935233 0.0507755 0.00967213 0.00316996 0.00114915
 0.371247 0.597215 0.0247252 0.00470986 0.0021032
 0.897801 0.0441624 0.0551257 0.00228225 0.000628877
 0.592353 0.374565 0.0142952 0.017844 0.000942324
 0.611447 0.25446 0.12321 0.00470231 0.00617963
 0.728848 0.182072 0.0583381 0.0282475 0.00249482
 0.73493 0.205629 0.0399135 0.0127888 0.00673929
 0.314551 0.536387 0.115635 0.0224453 0.0109816
 0.737954 0.0968675 0.129258 0.0278657 0.0080552
 0.621712 0.29586 0.0304703 0.0406589 0.0112991
 0.430907 0.385228 0.143802 0.01481 0.0252541
 0.733281 0.130757 0.0920345 0.0343556 0.00957168
 0.682219 0.247209 0.0345974 0.0243517 0.0116229
 0.329084 0.490874 0.140059 0.0196015 0.0203818
 0.418622 0.223142 0.262103 0.0747846 0.0213491
pobs_RECLAS
 0 0 0 0 0
 0 0 0 0 0
 0 0 0 0 0
 0 0 0 0 0
 0 0 0 0 0
 0 0 0 0 0
 0 0 0 0 0
 0 0 0 0 0
 0 0 0 0 0
 0 0 0 0 0
 0.991045 0.00858322 0.000360255 1.14367e-05 0
 0.934742 0.0480273 0.0164251 0.00080598 0
 0.827803 0.169806 0.00239088 0 0
 0.941827 0.0461693 0.0120037 0 0
 0.791401 0.0380133 0.147996 0.0225897 0
 0.846168 0.0940531 0.0597789 0 0
 0.134021 0.677848 0.182769 0.00536245 0
 0.80878 0.0450904 0.141981 0.00414843 0
 0.846168 0.0940531 0.0597789 0 0
 0.905697 0.0802665 0.012482 0.00150086 5.37128e-05
 0.989698 0.0102097 9.19794e-05 0 0
 0.975433 0.0193895 0.00387452 0.00125025 5.28907e-05
 0.303575 0.632131 0.0575291 0.00676475 0
 0.966965 0.00978017 0.0227588 0.000495775 0
 0.843318 0.132988 0.00938335 0.0141283 0.000182051
 0.564624 0.303363 0.111486 0.0197234 0.00080311
 0.826376 0.0876187 0.0782897 0.00655872 0.00115652
 0.89761 0.0855135 0.0140674 0.00269457 0.000114338
 0.34875 0.467042 0.161289 0.0227151 0.000203297
 0.318654 0.224769 0.449479 0.00709798 0
ppred_RECLAS
 0.501541 0.113125 0.363167 0.0221662 7.05583e-07
 0.469744 0.267729 0.0595803 0.191271 0.0116748
 0.616028 0.182718 0.101614 0.0226132 0.0770265
 0.77117 0.142261 0.0411954 0.0229098 0.0224646
 0.69829 0.234635 0.0416996 0.0120752 0.0133002
 0.792991 0.145111 0.0481373 0.00855504 0.00520599
 0.534286 0.371191 0.0662593 0.0219801 0.00628345
 0.513098 0.266836 0.175401 0.0313098 0.0133555
 0.602743 0.204721 0.105515 0.069359 0.0176621
 0.756341 0.148878 0.0488439 0.0251747 0.0207622
 0.849131 0.11534 0.0217081 0.00712197 0.00669809
 0.774895 0.191442 0.0257356 0.00484366 0.00308363
 0.7256 0.214766 0.0507158 0.00681774 0.00210006
 0.675931 0.237847 0.0674841 0.015936 0.00280217
 0.775563 0.155153 0.0508502 0.0144277 0.00400611
 0.947948 0.0408076 0.00777337 0.00254766 0.000923555
 0.425963 0.545243 0.0225735 0.00429999 0.00192017
 0.916947 0.0358888 0.0447982 0.00185468 0.00051106
 0.64677 0.324564 0.012387 0.015462 0.000816532
 0.664509 0.21971 0.106384 0.00406015 0.00533572
 0.771545 0.153402 0.0491518 0.0237995 0.00210197
 0.777245 0.172802 0.0335418 0.0107472 0.00566343
 0.365414 0.496585 0.107055 0.0207798 0.0101667
 0.77935 0.0815651 0.108839 0.0234636 0.0067827
 0.673351 0.255473 0.0263109 0.0351087 0.00975672
 0.486947 0.347293 0.129641 0.0133516 0.0227672
 0.775181 0.110216 0.0775766 0.0289586 0.00806804
 0.729068 0.210764 0.0294968 0.0207617 0.00990935
 0.380735 0.453084 0.129276 0.0180925 0.0188127
 0.474716 0.201612 0.236814 0.067569 0.0192893
pobs_PELACES
 0 0 0 0 0
 0 0 0 0 0
 0 0 0 0 0
 0 0 0 0 0
 0 0 0 0 0
 0 0 0 0 0
 0 0 0 0 0
 0 0 0 0 0
 0 0 0 0 0
 0 0 0 0 0
 0 0 0 0 0
 0 0 0 0 0
 0 0 0 0 0
 0 0 0 0 0
 0 0 0 0 0
 0 0 0 0 0
 0.505614 0.472636 0.0217494 0 0
 0 0 0 0 0
 0.443492 0.261883 0.143347 0.151278 0
 0.227955 0.32914 0.350689 0.0885471 0.00366901
 0.970185 0.0296113 0.000203453 0 0
 0.997202 0.00247181 0.000326279 0 0
 0.445219 0.490057 0.0546422 0.010081 0
 0.90214 0.0892962 0.00764917 0.000914606 0
 0 0 0 0 0
 0.581667 0.319106 0.0959925 0.00289975 0.000334073
 0.762889 0.0836404 0.116647 0.0363945 0.000428098
 0.88444 0.0763242 0.0277011 0.0115352 0
 0.521256 0.241999 0.230069 0.00667565 0
 0.616807 0.101726 0.260614 0.0208532 0
ppred_PELACES
 0.503762 0.112621 0.361549 0.0220674 7.02439e-07
 0.473782 0.265691 0.0591266 0.189815 0.0115859
 0.619766 0.18094 0.100625 0.022393 0.0762766
 0.775484 0.139579 0.0404187 0.0224779 0.0220411
 0.700072 0.233249 0.0414534 0.0120039 0.0132217
 0.795668 0.143234 0.0475148 0.00844441 0.00513867
 0.543363 0.363957 0.0649679 0.0215517 0.00616098
 0.514575 0.266026 0.174869 0.0312148 0.013315
 0.608206 0.201905 0.104064 0.0684051 0.0174192
 0.761753 0.145571 0.0477589 0.0246155 0.020301
 0.850007 0.114671 0.0215821 0.00708063 0.00665921
 0.780053 0.187056 0.025146 0.00473269 0.00301299
 0.731122 0.210444 0.0496953 0.00668056 0.0020578
 0.686119 0.230369 0.0653625 0.015435 0.00271407
 0.781141 0.151297 0.0495864 0.0140691 0.00390654
 0.949204 0.0398227 0.00758576 0.00248617 0.000901265
 0.430025 0.541385 0.0224138 0.00426957 0.00190658
 0.918206 0.0353449 0.0441193 0.00182658 0.000503315
 0.652141 0.319629 0.0121986 0.0152269 0.000804117
 0.669115 0.216694 0.104924 0.00400442 0.00526248
 0.774328 0.151533 0.0485532 0.0235096 0.00207637
 0.780746 0.170087 0.0330147 0.0105783 0.00557444
 0.368213 0.494395 0.106582 0.0206882 0.0101219
 0.781169 0.0808927 0.107942 0.0232702 0.00672678
 0.675705 0.253631 0.0261212 0.0348557 0.0096864
 0.489122 0.345821 0.129092 0.013295 0.0226707
 0.776993 0.109327 0.0769513 0.0287252 0.00800301
 0.730772 0.209438 0.0293113 0.0206311 0.00984703
 0.382767 0.451597 0.128852 0.0180331 0.018751
 0.477893 0.200393 0.235382 0.0671603 0.0191726
pobs_pel_tallas
 0 0 0 0 0 0 0 0 0 0 0 0 0 0 0 0 0 0 0 0 0 0 0 0 0 0
 0 0 0 0 0 0 0 0 0 0 0 0 0 0 0 0 0 0 0 0 0 0 0 0 0 0
 0 0 0 0 0 0 0 0 0 0 0 0 0 0 0 0 0 0 0 0 0 0 0 0 0 0
 0 0 0 0 0 0 0 0 0 0 0 0 0 0 0 0 0 0 0 0 0 0 0 0 0 0
 0 0 0 0 0 0 0 0 0 0 0 0 0 0 0 0 0 0 0 0 0 0 0 0 0 0
 0 0 0 0 0 0 0 0 0 0 0 0 0 0 0 0 0 0 0 0 0 0 0 0 0 0
 0 0 0 0 0 0 0 0 0 0 0 0 0 0 0 0 0 0 0 0 0 0 0 0 0 0
 0 0 0 0 0 0 0 0 0 0 0 0 0 0 0 0 0 0 0 0 0 0 0 0 0 0
 0 0 0 0 0 0 0 0 0 0 0 0 0 0 0 0 0 0 0 0 0 0 0 0 0 0
 0 0 0 0 0 0 0 0 0 0 0 0 0 0 0 0 0 0 0 0 0 0 0 0 0 0
 0 0 0 0 0 0 0 0 0 0 0 0 0 0 0 0 0 0 0 0 0 0 0 0 0 0
 0 0 0 0 0 0 0 0 0 0 0 0 0 0 0 0 0 0 0 0 0 0 0 0 0 0
 0.00862536 0 0 0.000197151 0.00414017 0.0128641 0.00837892 0.0270097 0.101434 0.158115 0.152841 0.127902 0.109271 0.109419 0.0830992 0.0579132 0.0238553 0.00714673 0.00463305 0.00128148 0.00103504 0.000492878 0.000147863 0.000147863 4.92878e-05 0
 0 0 0 0 0 0 0 0 0 0 0 0 0 0 0 0 0 0 0 0 0 0 0 0 0 0
 0 0 0 0 0 0 0 0.0054083 0.00873648 0.0413646 0.0450493 0.0745869 0.0622846 0.0627006 0.0613931 0.0827291 0.12552 0.122667 0.0946155 0.0697135 0.0546179 0.0294188 0.0215738 0.0213955 0.0102223 0.00600262
 0 0 0 0 0.00359764 0.0251062 0.0480494 0.140153 0.205849 0.193036 0.1447 0.116669 0.0760912 0.0342217 0.00950174 0.001854 0.000860785 0 0 0 0.000165536 0 0.000143464 0 0 0
 0 0 0 0 0 0 0 0.000145254 0.000435761 0.0275982 0.070085 0.0708112 0.156366 0.174668 0.174014 0.160142 0.0824315 0.0480064 0.0283245 0.00493863 0.00203355 0 0 0 0 0
 0 0 0 0 0 0 0 0 0 0 0 0 0 0 0 0 0 0 0 0 0 0 0 0 0 0
 0 0 1.00437e-05 0.000401748 0.00122533 0.00171747 0.00176769 0.0269171 0.070346 0.194647 0.189555 0.159765 0.064822 0.0314167 0.0384472 0.0292271 0.0345202 0.0313363 0.0194345 0.0106764 0.0143323 0.0359363 0.0279516 0.0138201 0.00172751 0
 0 0.0021121 0.0136068 0.0755702 0.200478 0.177729 0.0527432 0.0373336 0.0318909 0.0142505 0.0149659 0.0166563 0.0217959 0.0798694 0.0677717 0.0528807 0.04013 0.0224614 0.0357745 0.0225083 0.00881397 0.00855152 0.00135912 0.000746735 0 0
 0 0 0 0 5.4009e-05 0.00500934 0.000945158 0.0243581 0.138947 0.33067 0.221406 0.137944 0.0707744 0.0437923 0.0131692 0.00525238 0.0047753 0.00276346 9.45158e-05 9.00151e-06 2.25038e-05 9.00151e-06 4.50075e-06 0 0 0
 0.000866109 0.00284123 0.00948549 0.0512746 0.133035 0.25785 0.225252 0.132002 0.0553304 0.0519788 0.0540692 0.017754 0.00435017 0.00159236 0.00146478 0.000404838 0.000125132 0.000115318 0.000107957 0.000100596 0 0 0 0 0 0
 0 0 0 0 0.00144013 0.00171154 0.00461396 0.0210425 0.0478622 0.0707936 0.0888783 0.103762 0.0637923 0.0337046 0.0602308 0.124433 0.169614 0.0934646 0.0462172 0.0250306 0.0313229 0.00938855 0.002487 0.000210481 0 0
 0 0.00764035 0.051015 0.0998891 0.058973 0.0496711 0.0374665 0.0718981 0.12319 0.153886 0.159021 0.0857701 0.0377988 0.023471 0.0147837 0.00900784 0.00315554 0.000888139 0.00291439 0.00214683 0.00393193 0.00274676 0.000635225 9.99891e-05 0 0
 0 0 0 0 0 0 0 0 0 0 0 0 0 0 0 0 0 0 0 0 0 0 0 0 0 0
 0 0 0 0 0 0 0 0 0 0 0 0 0 0 0 0 0 0 0 0 0 0 0 0 0 0
 0 0 0 0 0 0 0 0 0 0 0 0 0 0 0 0 0 0 0 0 0 0 0 0 0 0
 0 0 0 0 0 0 0 0 0 0 0 0 0 0 0 0 0 0 0 0 0 0 0 0 0 0
 0 0 0 0 0 0 0 0 0 0 0 0 0 0 0 0 0 0 0 0 0 0 0 0 0 0
 0 0 0 0 0 0 0 0 0 0 0 0 0 0 0 0 0 0 0 0 0 0 0 0 0 0
ppred_pel_tallas
 1.12676e-16 4.14942e-05 0.000403339 0.00268033 0.0121844 0.0379102 0.0807722 0.117892 0.117903 0.0808281 0.0380996 0.0127382 0.00409628 0.00357986 0.00632429 0.0110401 0.0174103 0.0250311 0.0333993 0.0420945 0.0506925 0.0584075 0.0638832 0.0655415 0.0623834 0.0546636
 1.22771e-16 3.90248e-05 0.000379335 0.00252082 0.0114593 0.0356542 0.0759661 0.11088 0.110906 0.0760917 0.0360765 0.0126804 0.00559192 0.00710396 0.0128736 0.0213975 0.031265 0.040331 0.0465225 0.0491074 0.0492058 0.0489877 0.0501404 0.0527857 0.055544 0.0564902
 1.18105e-16 5.10493e-05 0.000496218 0.00329754 0.0149902 0.04664 0.0993722 0.14504 0.145058 0.0994581 0.046929 0.0158267 0.00540429 0.00511865 0.00889977 0.0148192 0.0217918 0.0283773 0.033167 0.0355959 0.0362801 0.0365123 0.0373131 0.0387917 0.040213 0.040557
 1.07187e-16 6.38756e-05 0.000620894 0.00412606 0.0187565 0.0583584 0.124339 0.18148 0.181493 0.124405 0.05858 0.0193971 0.00573646 0.00414394 0.00677747 0.0111647 0.0162259 0.0207313 0.0234859 0.0239785 0.0226888 0.0207336 0.0191342 0.0182769 0.0178912 0.0174113
 1.04698e-16 5.7664e-05 0.000560515 0.00372482 0.0169325 0.0526834 0.112248 0.163835 0.163857 0.112358 0.0530526 0.0179991 0.00640299 0.00640995 0.0111757 0.0184084 0.0265706 0.0335406 0.037199 0.0365819 0.0324516 0.0267606 0.021454 0.0175433 0.0149906 0.0132015
 1.03125e-16 6.55381e-05 0.000637054 0.00423345 0.0192447 0.0598773 0.127575 0.186203 0.186217 0.127643 0.0601047 0.0199021 0.00588586 0.00425141 0.00695077 0.0114421 0.0166045 0.0211492 0.0238023 0.0239688 0.0220594 0.0191568 0.016307 0.0140057 0.0121826 0.0105301
 1.05172e-16 4.47561e-05 0.000435046 0.00289103 0.0131422 0.0408906 0.087123 0.127166 0.127201 0.0872945 0.0414666 0.0148064 0.00706957 0.00956101 0.017389 0.0287097 0.0414315 0.0522687 0.0578986 0.0567904 0.0501013 0.0408502 0.0320638 0.0253477 0.0207141 0.0173433
 1.10499e-16 4.23849e-05 0.000411996 0.00273786 0.0124459 0.0387241 0.0825067 0.120426 0.120452 0.0826332 0.0391494 0.0136772 0.00583937 0.00721836 0.0130739 0.0218214 0.0320731 0.0416795 0.0484417 0.051303 0.0508571 0.048687 0.0461244 0.0434859 0.0402717 0.0359161
 1.12863e-16 5.00972e-05 0.000486963 0.00323604 0.0147106 0.0457702 0.0975189 0.142336 0.142355 0.0976147 0.0460924 0.0156432 0.00558433 0.00563746 0.00990386 0.0164858 0.0242027 0.0314238 0.0365328 0.0388366 0.0389446 0.0382191 0.0377453 0.0376619 0.0372806 0.035727
 1.0732e-16 6.27447e-05 0.0006099 0.004053 0.0184244 0.0573251 0.122138 0.178267 0.178281 0.122207 0.0575564 0.0190932 0.0057345 0.0042898 0.00707905 0.0116776 0.0169939 0.0217573 0.0247277 0.0253687 0.0241626 0.0222413 0.0206299 0.0197003 0.0191642 0.0184566
 1.0249e-16 7.0014e-05 0.000680561 0.00452257 0.0205589 0.0639666 0.136288 0.198919 0.19893 0.136342 0.0641481 0.0210835 0.00583977 0.00355787 0.00554012 0.00906307 0.013085 0.0165336 0.0183684 0.0181185 0.0161581 0.0134415 0.0109139 0.00905859 0.00784389 0.00696954
 1.01759e-16 6.42519e-05 0.000624552 0.00415037 0.018867 0.0587023 0.125072 0.18255 0.182568 0.12516 0.058998 0.0197212 0.00629439 0.0053046 0.00895139 0.0146938 0.0211535 0.0265856 0.0292557 0.0283624 0.0245092 0.0192883 0.014326 0.010531 0.00798031 0.00628599
 1.02507e-16 6.02216e-05 0.000585375 0.00389003 0.0176835 0.0550201 0.117227 0.1711 0.17112 0.117326 0.0553535 0.0186469 0.00630981 0.00587261 0.0101157 0.0166644 0.0240842 0.0304604 0.0338743 0.0334258 0.0297423 0.0245052 0.0193994 0.0153188 0.0122919 0.00992208
 1.03953e-16 5.65148e-05 0.000549344 0.00365058 0.016595 0.0516334 0.110011 0.160569 0.160592 0.11012 0.0519988 0.0176511 0.00630416 0.00635075 0.0110998 0.0183271 0.0265504 0.0337125 0.0377455 0.0376831 0.0342009 0.0290857 0.0240888 0.0200784 0.0169927 0.014353
 1.03542e-16 6.43415e-05 0.000625423 0.00415615 0.0188933 0.0587841 0.125246 0.182804 0.182818 0.125318 0.0590243 0.0195878 0.00590177 0.00444383 0.00733893 0.0120906 0.0175513 0.0223674 0.0251998 0.0254277 0.0234905 0.0205327 0.0176502 0.0153462 0.0135191 0.0118185
 1.00632e-16 7.81847e-05 0.000759983 0.00505035 0.0229582 0.0714314 0.152192 0.22213 0.222134 0.152211 0.0714945 0.0231403 0.00550775 0.00175907 0.00197741 0.00314998 0.00454118 0.0057342 0.00636235 0.00625876 0.00554967 0.00456344 0.00362775 0.00291406 0.00242006 0.00205391
 1.01537e-16 3.54207e-05 0.000344302 0.00228801 0.010401 0.0323616 0.0689517 0.100648 0.1007 0.0692062 0.0332158 0.0128672 0.00847416 0.0138343 0.0256127 0.0421751 0.0604887 0.0755128 0.0821335 0.0779933 0.0649243 0.0477754 0.0316099 0.0194255 0.0116924 0.00732875
 1.01551e-16 7.56314e-05 0.000735164 0.00488542 0.0222084 0.0690987 0.147222 0.214876 0.214879 0.147239 0.0691559 0.0223743 0.00530465 0.00165992 0.00185989 0.00302777 0.00452286 0.00603696 0.00729791 0.00815883 0.00864255 0.00885183 0.00883174 0.00851896 0.00781775 0.0067183
 1.02097e-16 5.3716e-05 0.000522139 0.0034698 0.0157732 0.0490765 0.104564 0.15262 0.152651 0.104714 0.0495809 0.0172295 0.00712285 0.008489 0.0151616 0.0249213 0.0357589 0.0446866 0.048705 0.046448 0.0390199 0.0292888 0.0202185 0.0135157 0.00936717 0.00704128
 1.04376e-16 5.51141e-05 0.000535729 0.00356011 0.0161837 0.0503538 0.107285 0.15659 0.156611 0.107387 0.0506988 0.0171818 0.00607081 0.00603458 0.0105509 0.0174916 0.0255073 0.0327287 0.0372591 0.0381769 0.0360048 0.0322094 0.0281779 0.0245229 0.0211335 0.01769
 1.0415e-16 6.37804e-05 0.000619968 0.00411991 0.0187285 0.0582714 0.124154 0.181209 0.181224 0.124226 0.058512 0.0194242 0.00586862 0.00444556 0.00735337 0.0121195 0.0176037 0.0224595 0.0253585 0.0256945 0.0239213 0.0211878 0.0185751 0.0165472 0.0149465 0.0133665
 1.03001e-16 6.4309e-05 0.000625107 0.00415405 0.0188837 0.0587544 0.125183 0.182712 0.182728 0.125263 0.0590237 0.0196618 0.00610794 0.00489323 0.00817851 0.0134409 0.0194084 0.024519 0.0272267 0.0268234 0.0238511 0.0197124 0.0158027 0.0128459 0.0108193 0.00931708
 1.0699e-16 3.03293e-05 0.000294812 0.00195913 0.00890594 0.02771 0.0590408 0.0861817 0.0862294 0.0592739 0.028493 0.0111684 0.00764104 0.012708 0.0236332 0.0390956 0.0564867 0.0713914 0.0793117 0.0781554 0.0694417 0.057182 0.0453884 0.0361768 0.029569 0.0245317
 1.06608e-16 6.43439e-05 0.000625445 0.0041563 0.018894 0.0587862 0.12525 0.182808 0.182816 0.125289 0.0589174 0.019275 0.00512034 0.00275539 0.00418431 0.00701163 0.0105533 0.0142345 0.0174942 0.0200499 0.0219828 0.0235046 0.0246234 0.0250311 0.0243105 0.0222612
 1.05954e-16 5.5657e-05 0.000541006 0.00359518 0.0163432 0.0508498 0.108342 0.158133 0.158157 0.108461 0.0512508 0.0175014 0.0065024 0.00688764 0.0121101 0.0199372 0.028732 0.0361829 0.0399904 0.0391406 0.0345309 0.0283728 0.022851 0.0190702 0.0169052 0.0155565
 1.08984e-16 4.02884e-05 0.000391618 0.00260244 0.0118303 0.0368087 0.0784261 0.114472 0.114506 0.0785897 0.0373583 0.0134192 0.006597 0.00913242 0.0167013 0.0277054 0.0402777 0.0514281 0.0581133 0.0589066 0.0547795 0.048292 0.0418929 0.0367019 0.0324989 0.0285285
 1.06484e-16 6.39999e-05 0.000622102 0.00413409 0.018793 0.0584719 0.124581 0.181832 0.181843 0.124633 0.058647 0.0193 0.00541213 0.00342942 0.00544687 0.00903864 0.0133334 0.0174434 0.0205036 0.0221191 0.0225545 0.0224404 0.0222499 0.0219878 0.0212992 0.0198209
 1.04635e-16 6.01928e-05 0.000585095 0.00388817 0.017675 0.0549937 0.117171 0.171018 0.171039 0.117269 0.0553251 0.0186321 0.00629093 0.00583178 0.0100292 0.0164982 0.0237947 0.0300036 0.0332246 0.032608 0.0288677 0.0237938 0.01916 0.0158726 0.0138572 0.0125113
 1.08816e-16 3.15281e-05 0.000306464 0.00203657 0.00925796 0.0288052 0.0613741 0.0895864 0.0896301 0.0615873 0.0295215 0.0113282 0.00723827 0.0116786 0.0216786 0.0359181 0.05204 0.0660741 0.073972 0.0738449 0.0670285 0.057046 0.0473561 0.039683 0.0339088 0.0290677
 1.16824e-16 3.93634e-05 0.000382627 0.00254269 0.0115587 0.0359635 0.0766248 0.11184 0.11186 0.0767211 0.0362876 0.0124993 0.00492048 0.00562951 0.0101696 0.0171847 0.025773 0.0345638 0.0421492 0.0478537 0.0519753 0.0552048 0.0577493 0.0589725 0.0578369 0.0536972
pSPR Fmed_Fpbrs
0.638358   0.211179 0.211179
Fs Fmed_Fpbrs
0.241882   1.005 1.005
SSBpbr Bo_Bmed_Bpbrs
1.92919e+06  1.13505e+06  310944 310944
Ro
172410
SPR SPRFo_SPRFmed_SPRFpbrs
1.22728e+06 783444 259176
Fref
1.005
log_Ro
11.8776
likeval ReclasPelacesDesembMPH_pf_preclas_ppelaces_ptallas_desvR_qrecl_qpela
 13.215 17.0329 0.0532502 0.000818287 228.674 105.195 76.8463 0 24.1907 9.08846e-07 0 0.272674 0 0 0
q_reclas_q_pelaces
0.873636 1
M
1
N
 196223 44858.7 144011 8789.79 0.279792
 110989 64830.1 14427.2 46315.9 2827.02
 110472 33562.3 18664.9 4153.66 14148.5
 175241 33555.6 9716.92 5403.83 5298.81
 140636 47865.9 8506.8 2463.37 2713.27
 248935 46698.1 15491.1 2753.1 1675.34
 102290 75109.4 13407.4 4447.6 1271.44
 46096.9 24188.4 15899.9 2838.2 1210.66
 44898.2 15787.4 8136.99 5348.73 1362.04
 60836.8 12524.3 4108.97 2117.81 1746.61
 113987 15644.8 2944.5 966.029 908.534
 149330 38597.2 5188.64 976.547 621.702
 124050 38302.5 9044.92 1215.91 374.536
 86180 32558.6 9237.83 2181.46 383.586
 85554.8 17974.8 5891.1 1671.48 464.116
 475506 21284.3 4054.42 1328.8 481.706
 97589.9 128097 5303.33 1010.22 451.116
 731780 29372.8 36664.6 1517.95 418.272
 423226 220113 8400.59 10486 553.757
 343034 117038 56670 2162.8 2842.29
 482205 98204.7 31466.1 15236 1345.64
 638658 146433 28423.3 9107.2 4799.2
 132741 183713 39605.3 7687.57 3761.22
 396868 42208.4 56322 12142 3509.91
 333005 128413 13225.2 17647.4 4904.21
 148891 107599 40165.8 4136.63 7053.8
 341301 49299.3 34699.8 12953.1 3608.82
 377865 110676 15489.3 10902.3 5203.57
 103850 125207 35724.7 4999.74 5198.76
 79509.1 34425.5 40436.3 11537.5 3293.67
pred_Ctot
 12751.5 3605.43 11574.6 706.464 0.0224878
 12690.1 9088.5 2022.55 6493.01 396.318
 12365.1 4608.01 2562.64 570.287 1942.55
 29224.9 6796.15 1968.01 1094.46 1073.19
 8731.36 3677.28 653.532 189.248 208.446
 28758.7 6613.32 2193.82 389.89 237.259
 23937.4 21074.7 3761.92 1247.93 356.747
 2023.43 1317.93 866.325 154.643 65.9643
 7016.93 3002.27 1547.4 1017.16 259.018
 11914.9 2962.71 972.005 500.982 413.172
 5771.66 982.171 184.853 60.6465 57.037
 29428.4 9185.13 1234.76 232.393 147.949
 23093.6 8628.35 2037.54 273.907 84.3712
 24692.1 11068.8 3140.55 741.624 130.406
 18072.1 4572.63 1498.64 425.208 118.067
 82533.2 4480.88 853.554 279.745 101.411
 11402.9 18343.5 759.438 144.664 64.6
 85752.6 4218.13 5265.28 217.987 60.0666
 67985.6 42989.6 1640.69 2048 108.152
 49087 20428.1 9891.34 377.502 496.101
 54037.5 13499 4325.25 2094.3 184.968
 89817.9 25130.5 4877.95 1562.96 823.628
 11518.6 19641.9 4234.44 821.926 402.136
 30536.7 4008.4 5348.72 1153.09 333.326
 25886 12318.6 1268.68 1692.9 470.458
 9488.24 8482.42 3166.4 326.105 556.075
 25836.5 4607.1 3242.75 1210.49 337.25
 23919.3 8667.38 1213.02 853.795 407.509
 6548.67 9768.23 2787.12 390.064 405.591
 7268.04 3874.15 4550.59 1298.4 370.66
F
 0.10748 0.134401 0.134401 0.134401 0.134401
 0.196028 0.245127 0.245127 0.245127 0.245127
 0.191555 0.239535 0.239535 0.239535 0.239535
 0.297758 0.372338 0.372338 0.372338 0.372338
 0.102473 0.128139 0.128139 0.128139 0.128139
 0.198245 0.247899 0.247899 0.247899 0.247899
 0.441941 0.552634 0.552634 0.552634 0.552634
 0.0715344 0.0894518 0.0894518 0.0894518 0.0894518
 0.276726 0.346038 0.346038 0.346038 0.346038
 0.358053 0.447735 0.447735 0.447735 0.447735
 0.0829045 0.10367 0.10367 0.10367 0.10367
 0.360646 0.450977 0.450977 0.450977 0.450977
 0.337638 0.422207 0.422207 0.422207 0.422207
 0.567466 0.7096 0.7096 0.7096 0.7096
 0.391185 0.489166 0.489166 0.489166 0.489166
 0.311592 0.389637 0.389637 0.389637 0.389637
 0.200705 0.250976 0.250976 0.250976 0.250976
 0.201338 0.251767 0.251767 0.251767 0.251767
 0.28541 0.356898 0.356898 0.356898 0.356898
 0.250774 0.313586 0.313586 0.313586 0.313586
 0.191803 0.239844 0.239844 0.239844 0.239844
 0.245991 0.307605 0.307605 0.307605 0.307605
 0.145779 0.182293 0.182293 0.182293 0.182293
 0.12835 0.160498 0.160498 0.160498 0.160498
 0.129742 0.162238 0.162238 0.162238 0.162238
 0.105304 0.13168 0.13168 0.13168 0.13168
 0.126162 0.157762 0.157762 0.157762 0.157762
 0.10457 0.130762 0.130762 0.130762 0.130762
 0.104152 0.130239 0.130239 0.130239 0.130239
 0.154088 0.192682 0.192682 0.192682 0.192682
nmprior
 8 8 7 0
nm_flota  nm_reclas  nm_pelaces    nm_pelaL
inf 12.3087 15.8305 27.504
cv_recla  cv_pelaces  cv_mph
0.336559 0.485634 0.882791
 ------------------------------------------------
Talla a la edad & desviación 
 8 13.2811 15.8009 17.003 17.5766
 0.8 1.32811 1.58009 1.7003 1.75766
