years
 1991 1992 1993 1994 1995 1996 1997 1998 1999 2000 2001 2002 2003 2004 2005 2006 2007 2008 2009 2010 2011 2012 2013 2014 2015 2016 2017 2018 2019 2020
reclasobs
 0 0 0 0 0 0 0 0 0 252601 567819 844713 477998 351125 339783 2.1784e+06 2.13404e+06 4.81314e+06 1.55562e+06 2.62356e+06 3.21686e+06 3.843e+06 1.13348e+06 3.07943e+06 1.97215e+06 2.03268e+06 2.025e+06 2.42433e+06 2.27542e+06 1.05018e+06
reclaspred
 2.80419e+06 1.50652e+06 742820 512444 379593 1.2078e+06 568421 407069 305041 232654 413660 606873 590878 414518 381411 1.52659e+06 1.28086e+06 3.36004e+06 2.75039e+06 1.99198e+06 3.58706e+06 2.90063e+06 2.06034e+06 3.29217e+06 2.35439e+06 1.95874e+06 2.5663e+06 2.95212e+06 2.26262e+06 1.16856e+06
pelacesobs
 0 0 0 0 0 0 0 0 0 0 0 0 0 0 0 552880 188675 0 991730 2.46772e+06 1.41603e+06 1.21717e+06 2.29649e+06 1.80582e+06 0 1.4828e+06 1.56532e+06 1.57751e+06 1.42118e+06 867257
pelacespred
 938882 541701 257030 136652 114543 400333 143950 152169 94354.9 67886.8 141347 173354 188050 131604 125035 449154 379585 1.18328e+06 972242 646751 1.17114e+06 992936 711912 1.26784e+06 861828 717791 1.0823e+06 1.22118e+06 772755 455984
mphobs
 0 0 0 0 0 0 0 0 0 0 0 498337 0 5186 125008 0 168611 109162 213762 579715 649985 157893 87575 83554 0 0 0 0 0 0
mphpred
 431646 273428 128749 66995.5 42019.5 40336.1 109148 44476.4 34892.8 21323.3 16112.8 48464.4 54765.3 43026.9 23807.8 29477.7 174212 137906 334341 243706 254904 326089 306095 223793 327621 255455 197011 237231 362245 218909
desembarqueobs
 494567 514787 250237 358949 120608 361735 552515 73892 212993 205616 52469 317467 293654 387597 252695 516296 358380 742168 942051 627588 828172 859565 418607 520667 417249 300574 407403 355545 319650 289779
desembarquepred
 494546 514571 249984 358961 120603 361650 552221 73890.7 212962 205581 52468.8 317430 293598 387390 252601 516126 358364 741936 941479 627218 828084 859311 418542 520628 417182 300522 407339 355481 319596 289741
Reclutas
 138855 95503.7 85493.5 71042.5 54387.8 231338 57715.1 19836.9 30322.5 48651 81720.5 124325 99584.5 69194.6 59649.8 428413 54979.8 647467 357098 273490 411299 532974 78068.8 311038 236885 99086.7 273000 313419 57155.2 38027.6
log_desv_Rt
 0.144568 -0.229699 -0.340425 -0.525586 -0.792726 0.655015 -0.733345 -1.80132 -1.37697 -0.904193 -0.385559 0.0340308 -0.187858 -0.551943 -0.700373 1.27122 -0.781899 1.6842 1.08915 0.822399 1.23046 1.48961 -0.431274 0.951051 0.678708 -0.192869 0.820605 0.958675 -0.743094 -1.15055
SSB
 1.85275e+06 1.17363e+06 552628 287564 180360 173134 468493 190905 149770 91525.7 69160.9 208023 235068 184684 102190 126527 747766 591932 1.43509e+06 1.04606e+06 1.09412e+06 1.39967e+06 1.31385e+06 960585 1.40624e+06 1.09649e+06 845630 1.01826e+06 1.55486e+06 939620
BT
 2.5903e+06 1.75529e+06 833042 612180 363531 1.23825e+06 813101 417960 424821 350535 370063 661785 698235 703795 541299 1.4485e+06 1.15603e+06 3.39196e+06 3.14151e+06 2.05849e+06 3.37296e+06 3.09383e+06 2.00753e+06 3.41322e+06 2.3805e+06 1.92575e+06 2.91698e+06 3.17552e+06 2.04959e+06 1.34723e+06
Ftot
 0.235093 0.445954 0.447659 0.946048 0.460044 0.515678 1.20031 0.261263 1.01903 1.29571 0.222841 0.795009 0.741394 1.34898 1.06208 0.607046 0.377375 0.376337 0.497946 0.4611 0.353886 0.445124 0.272966 0.25438 0.253739 0.215464 0.255351 0.196432 0.18433 0.323379
BD_Bspro_t
 0.963301 0.75299 0.533597 0.409616 0.291064 0.339941 0.480001 0.239638 0.255407 0.206481 0.206365 0.516466 0.412336 0.315748 0.198866 0.240186 0.528532 0.458851 0.608962 0.502083 0.468229 0.526668 0.541757 0.506064 0.629591 0.627643 0.622973 0.689621 0.757041 0.655842
BD_Bspro
 2.16599 1.37206 0.646061 0.336182 0.210853 0.202406 0.547702 0.223182 0.175091 0.107 0.0808539 0.243194 0.274811 0.215908 0.119467 0.147919 0.874191 0.69201 1.67772 1.22291 1.2791 1.63631 1.53598 1.12299 1.644 1.28187 0.9886 1.19042 1.81774 1.09848
BD_Bo
 1.1507 0.728918 0.343225 0.1786 0.112017 0.10753 0.290971 0.118567 0.0930187 0.0568447 0.0429544 0.129199 0.145996 0.114703 0.063468 0.078583 0.464422 0.367636 0.891302 0.649684 0.679534 0.869302 0.816002 0.596599 0.873388 0.681005 0.525202 0.632421 0.96569 0.583578
BD_Brms
 5.74736 3.6407 1.71429 0.892045 0.559489 0.537075 1.4533 0.592203 0.464597 0.28392 0.214542 0.645303 0.729199 0.572902 0.317001 0.392495 2.31963 1.83622 4.45175 3.24495 3.39404 4.34187 4.07565 2.97981 4.36228 3.40139 2.62321 3.15873 4.82329 2.91477
Sel_flota
 0.641549 0.971433 0.998455 0.999919 0.999996
 0.641549 0.971433 0.998455 0.999919 0.999996
 0.641549 0.971433 0.998455 0.999919 0.999996
 0.641549 0.971433 0.998455 0.999919 0.999996
 0.641549 0.971433 0.998455 0.999919 0.999996
 0.641549 0.971433 0.998455 0.999919 0.999996
 0.641549 0.971433 0.998455 0.999919 0.999996
 0.641549 0.971433 0.998455 0.999919 0.999996
 0.641549 0.971433 0.998455 0.999919 0.999996
 0.641549 0.971433 0.998455 0.999919 0.999996
 0.641549 0.971433 0.998455 0.999919 0.999996
 0.641549 0.971433 0.998455 0.999919 0.999996
 0.641549 0.971433 0.998455 0.999919 0.999996
 0.641549 0.971433 0.998455 0.999919 0.999996
 0.641549 0.971433 0.998455 0.999919 0.999996
 0.641549 0.971433 0.998455 0.999919 0.999996
 0.641549 0.971433 0.998455 0.999919 0.999996
 0.641549 0.971433 0.998455 0.999919 0.999996
 0.641549 0.971433 0.998455 0.999919 0.999996
 0.641549 0.971433 0.998455 0.999919 0.999996
 0.641549 0.971433 0.998455 0.999919 0.999996
 0.641549 0.971433 0.998455 0.999919 0.999996
 0.641549 0.971433 0.998455 0.999919 0.999996
 0.641549 0.971433 0.998455 0.999919 0.999996
 0.641549 0.971433 0.998455 0.999919 0.999996
 0.641549 0.971433 0.998455 0.999919 0.999996
 0.641549 0.971433 0.998455 0.999919 0.999996
 0.641549 0.971433 0.998455 0.999919 0.999996
 0.641549 0.971433 0.998455 0.999919 0.999996
 0.641549 0.971433 0.998455 0.999919 0.999996
Sel_reclas
 1 1 1 1 1
 1 1 1 1 1
 1 1 1 1 1
 1 1 1 1 1
 1 1 1 1 1
 1 1 1 1 1
 1 1 1 1 1
 1 1 1 1 1
 1 1 1 1 1
 1 1 1 1 1
 1 1 1 1 1
 1 1 1 1 1
 1 1 1 1 1
 1 1 1 1 1
 1 1 1 1 1
 1 1 1 1 1
 1 1 1 1 1
 1 1 1 1 1
 1 1 1 1 1
 1 1 1 1 1
 1 1 1 1 1
 1 1 1 1 1
 1 1 1 1 1
 1 1 1 1 1
 1 1 1 1 1
 1 1 1 1 1
 1 1 1 1 1
 1 1 1 1 1
 1 1 1 1 1
 1 1 1 1 1
Sel_pelaces
 1 1 1 1 1
 1 1 1 1 1
 1 1 1 1 1
 1 1 1 1 1
 1 1 1 1 1
 1 1 1 1 1
 1 1 1 1 1
 1 1 1 1 1
 1 1 1 1 1
 1 1 1 1 1
 1 1 1 1 1
 1 1 1 1 1
 1 1 1 1 1
 1 1 1 1 1
 1 1 1 1 1
 1 1 1 1 1
 1 1 1 1 1
 1 1 1 1 1
 1 1 1 1 1
 1 1 1 1 1
 1 1 1 1 1
 1 1 1 1 1
 1 1 1 1 1
 1 1 1 1 1
 1 1 1 1 1
 1 1 1 1 1
 1 1 1 1 1
 1 1 1 1 1
 1 1 1 1 1
 1 1 1 1 1
pf_obs 
 0.8446 0.082 0.0669 0.0065 0
 0.8095 0.147 0.0364 0.0071 0
 0.9664 0.0169 0.016 0.0007 0
 0.9276 0.0648 0.0075 0.0001 0
 0.7033 0.2144 0.0806 0.0017 0
 0.9318 0.0425 0.0243 0.0014 0
 0.5671 0.3108 0.0964 0.0239 0.0018
 0.0768 0.2599 0.5324 0.112 0.0189
 0.490249 0.384438 0.106611 0.0170017 0.00170017
 0.7925 0.1577 0.0466 0.003 0.0002
 0.840416 0.127587 0.0312969 0.00059994 9.999e-05
 0.8084 0.0986 0.0794 0.0134 0.0002
 0.7335 0.1905 0.0724 0.0035 0.0001
 0.4001 0.4547 0.1325 0.0127 0
 0.49795 0.308269 0.164784 0.0264974 0.00249975
 0.9179 0.0499 0.0305 0.0017 0
 0.2467 0.6533 0.0926 0.0074 0
 0.9418 0.0223 0.034 0.0019 0
 0.707729 0.231977 0.0356964 0.0245975 0
 0.517169 0.277429 0.184464 0.0207286 0.00020938
 0.811772 0.124168 0.05621 0.00726502 0.000585176
 0.764997 0.148141 0.077277 0.00933861 0.000247198
 0.163321 0.427699 0.378323 0.0303852 0.000271297
 0.753843 0.0900009 0.118128 0.0371064 0.000921714
 0.721811 0.176058 0.0630433 0.0369309 0.00215725
 0.143369 0.312575 0.442814 0.0836902 0.0175525
 0.692698 0.0596174 0.167031 0.0765114 0.00414204
 0.394062 0.376323 0.152708 0.0712218 0.00568511
 0.125707 0.32114 0.495352 0.0537591 0.00404204
 0.23352 0.215282 0.420074 0.123614 0.00750983
pf_pred 
 0.426549 0.186008 0.354047 0.0333942 9.08884e-07
 0.451144 0.296705 0.0834654 0.154167 0.0145183
 0.565722 0.249642 0.101408 0.027583 0.0556451
 0.602918 0.271026 0.0735303 0.0288733 0.0236524
 0.663048 0.247863 0.0616474 0.016023 0.0114189
 0.893179 0.0815458 0.0187607 0.00451043 0.00200405
 0.400162 0.559683 0.0309098 0.0068652 0.00237931
 0.436557 0.316434 0.231205 0.0121726 0.00363111
 0.668552 0.182794 0.0846117 0.0599512 0.00409107
 0.83535 0.130407 0.019271 0.00853046 0.00644113
 0.866426 0.121471 0.00968639 0.00136196 0.00105521
 0.7595 0.218811 0.0197772 0.00153048 0.000381292
 0.689678 0.262941 0.0432626 0.00375643 0.000362327
 0.649734 0.278572 0.0611096 0.00966638 0.000918323
 0.766613 0.184194 0.0395315 0.00823885 0.00142309
 0.959453 0.0348877 0.00450911 0.00092494 0.000225512
 0.258405 0.72343 0.0157092 0.00195762 0.000498479
 0.909978 0.0321736 0.0564754 0.00118724 0.000185297
 0.558757 0.415994 0.0092132 0.0156558 0.000379821
 0.575427 0.286604 0.130336 0.00278854 0.00484445
 0.72388 0.19046 0.0584586 0.0256996 0.00150224
 0.714076 0.230997 0.0382677 0.0113753 0.005284
 0.225447 0.621538 0.124422 0.0199323 0.00866135
 0.734228 0.083307 0.147304 0.0286001 0.00656171
 0.575431 0.345677 0.0252506 0.0433175 0.0103231
 0.381798 0.419821 0.16245 0.0115131 0.0244178
 0.742189 0.126335 0.0901374 0.0338612 0.00747719
 0.671332 0.269341 0.0295279 0.0204401 0.00935883
 0.224158 0.588913 0.15401 0.0163974 0.0165215
 0.301951 0.215279 0.36903 0.0937363 0.0200037
pobs_RECLAS
 0 0 0 0 0
 0 0 0 0 0
 0 0 0 0 0
 0 0 0 0 0
 0 0 0 0 0
 0 0 0 0 0
 0 0 0 0 0
 0 0 0 0 0
 0 0 0 0 0
 0 0 0 0 0
 0.991045 0.00858322 0.000360255 1.14367e-05 0
 0.934742 0.0480273 0.0164251 0.00080598 0
 0.827803 0.169806 0.00239088 0 0
 0.941827 0.0461693 0.0120037 0 0
 0.791401 0.0380133 0.147996 0.0225897 0
 0.846168 0.0940531 0.0597789 0 0
 0.134021 0.677848 0.182769 0.00536245 0
 0.80878 0.0450904 0.141981 0.00414843 0
 0.846168 0.0940531 0.0597789 0 0
 0.905697 0.0802665 0.012482 0.00150086 5.37128e-05
 0.989698 0.0102097 9.19794e-05 0 0
 0.975433 0.0193895 0.00387452 0.00125025 5.28907e-05
 0.303575 0.632131 0.0575291 0.00676475 0
 0.966965 0.00978017 0.0227588 0.000495775 0
 0.843318 0.132988 0.00938335 0.0141283 0.000182051
 0.564624 0.303363 0.111486 0.0197234 0.00080311
 0.826376 0.0876187 0.0782897 0.00655872 0.00115652
 0.89761 0.0855135 0.0140674 0.00269457 0.000114338
 0.34875 0.467042 0.161289 0.0227151 0.000203297
 0.318654 0.224769 0.449479 0.00709798 0
ppred_RECLAS
 0.536292 0.153291 0.283698 0.0267186 7.27139e-07
 0.561838 0.240111 0.0656254 0.121029 0.0113966
 0.669963 0.192099 0.0758146 0.0205899 0.0415339
 0.708107 0.201244 0.0529149 0.0207434 0.0169911
 0.753301 0.182872 0.044188 0.0114673 0.00817158
 0.928565 0.0549104 0.0122702 0.00294541 0.00130858
 0.518333 0.450412 0.0240696 0.00533655 0.00184934
 0.545007 0.258687 0.183764 0.00966037 0.00288147
 0.764835 0.13158 0.0590024 0.0417348 0.00284773
 0.892271 0.0859282 0.0122789 0.00542559 0.00409634
 0.908396 0.0835151 0.0064756 0.00090914 0.000704321
 0.832283 0.153008 0.0134145 0.00103641 0.00025818
 0.777183 0.189661 0.0302776 0.00262472 0.000253146
 0.752492 0.198211 0.04203 0.00663626 0.000630395
 0.840534 0.126704 0.0263361 0.00547937 0.000946362
 0.97358 0.0228256 0.00286428 0.000586614 0.000143012
 0.348524 0.63596 0.0134209 0.0016699 0.000425183
 0.940457 0.0216734 0.0369728 0.000776068 0.000121114
 0.661791 0.319397 0.0068713 0.0116581 0.000282812
 0.678112 0.219323 0.0968992 0.00206995 0.00359577
 0.802144 0.137695 0.0410767 0.0180307 0.00105388
 0.794432 0.167004 0.0268802 0.00797796 0.0037056
 0.308996 0.557587 0.108517 0.0173581 0.00754218
 0.811338 0.0602969 0.103659 0.020096 0.00461026
 0.675352 0.265743 0.0188731 0.0323283 0.00770364
 0.487191 0.351394 0.132216 0.00935642 0.0198421
 0.816831 0.0910682 0.0631727 0.0236959 0.00523209
 0.757743 0.199548 0.0212734 0.0147041 0.00673199
 0.306976 0.529596 0.134684 0.0143185 0.0144257
 0.403131 0.187753 0.312841 0.0793437 0.0169309
pobs_PELACES
 0 0 0 0 0
 0 0 0 0 0
 0 0 0 0 0
 0 0 0 0 0
 0 0 0 0 0
 0 0 0 0 0
 0 0 0 0 0
 0 0 0 0 0
 0 0 0 0 0
 0 0 0 0 0
 0 0 0 0 0
 0 0 0 0 0
 0 0 0 0 0
 0 0 0 0 0
 0 0 0 0 0
 0 0 0 0 0
 0.505614 0.472636 0.0217494 0 0
 0 0 0 0 0
 0.443492 0.261883 0.143347 0.151278 0
 0.227955 0.32914 0.350689 0.0885471 0.00366901
 0.970185 0.0296113 0.000203453 0 0
 0.997202 0.00247181 0.000326279 0 0
 0.445219 0.490057 0.0546422 0.010081 0
 0.90214 0.0892962 0.00764917 0.000914606 0
 0 0 0 0 0
 0.581667 0.319106 0.0959925 0.00289975 0.000334073
 0.762889 0.0836404 0.116647 0.0363945 0.000428098
 0.88444 0.0763242 0.0277011 0.0115352 0
 0.521256 0.241999 0.230069 0.00667565 0
 0.616807 0.101726 0.260614 0.0208532 0
ppred_PELACES
 0.543 0.151287 0.279402 0.026311 7.16043e-07
 0.574206 0.233768 0.0636381 0.117339 0.011049
 0.681019 0.185981 0.0731077 0.0198504 0.0400419
 0.729457 0.187024 0.0487627 0.0191069 0.0156503
 0.762685 0.176106 0.0423788 0.0109954 0.00783519
 0.932269 0.0521198 0.0115932 0.00278221 0.00123606
 0.551005 0.420154 0.0222136 0.00492219 0.0017057
 0.552299 0.254798 0.18058 0.00949178 0.00283117
 0.784889 0.120852 0.0537015 0.0379666 0.00259054
 0.905303 0.0757137 0.010695 0.00472276 0.00356558
 0.910409 0.0816941 0.00632183 0.000887456 0.000687519
 0.844101 0.142315 0.0123889 0.000956801 0.000238345
 0.79101 0.178068 0.0282395 0.00244717 0.000236017
 0.779233 0.177221 0.0371299 0.00585874 0.000556518
 0.855671 0.114902 0.023658 0.00491964 0.000849666
 0.975246 0.0214025 0.0026712 0.000546911 0.000133331
 0.357928 0.626831 0.0131838 0.00164011 0.000417591
 0.942825 0.0208558 0.0354589 0.000744155 0.000116132
 0.673871 0.308067 0.00659819 0.011192 0.000271502
 0.68925 0.212012 0.0932846 0.00199229 0.00346083
 0.808338 0.133514 0.0397041 0.0174252 0.00101848
 0.802352 0.160691 0.0257616 0.00764431 0.00355059
 0.315479 0.552618 0.107288 0.0171593 0.00745575
 0.815774 0.0589708 0.10115 0.0196071 0.00449806
 0.681471 0.260845 0.0184834 0.0316569 0.00754359
 0.493205 0.347485 0.130494 0.00923361 0.0195816
 0.821125 0.0890371 0.0616233 0.0231119 0.0051031
 0.761704 0.196347 0.0208956 0.0144416 0.00661176
 0.311345 0.526463 0.133668 0.0142091 0.0143155
 0.412115 0.185297 0.307861 0.0780684 0.0166586
pobs_pel_tallas
 0 0 0 0 0 0 0 0 0 0 0 0 0 0 0 0 0 0 0 0 0 0 0 0 0 0
 0 0 0 0 0 0 0 0 0 0 0 0 0 0 0 0 0 0 0 0 0 0 0 0 0 0
 0 0 0 0 0 0 0 0 0 0 0 0 0 0 0 0 0 0 0 0 0 0 0 0 0 0
 0 0 0 0 0 0 0 0 0 0 0 0 0 0 0 0 0 0 0 0 0 0 0 0 0 0
 0 0 0 0 0 0 0 0 0 0 0 0 0 0 0 0 0 0 0 0 0 0 0 0 0 0
 0 0 0 0 0 0 0 0 0 0 0 0 0 0 0 0 0 0 0 0 0 0 0 0 0 0
 0 0 0 0 0 0 0 0 0 0 0 0 0 0 0 0 0 0 0 0 0 0 0 0 0 0
 0 0 0 0 0 0 0 0 0 0 0 0 0 0 0 0 0 0 0 0 0 0 0 0 0 0
 0 0 0 0 0 0 0 0 0 0 0 0 0 0 0 0 0 0 0 0 0 0 0 0 0 0
 0 0 0 0 0 0 0 0 0 0 0 0 0 0 0 0 0 0 0 0 0 0 0 0 0 0
 0 0 0 0 0 0 0 0 0 0 0 0 0 0 0 0 0 0 0 0 0 0 0 0 0 0
 0 0 0 0 0 0 0 0 0 0 0 0 0 0 0 0 0 0 0 0 0 0 0 0 0 0
 0.00862536 0 0 0.000197151 0.00414017 0.0128641 0.00837892 0.0270097 0.101434 0.158115 0.152841 0.127902 0.109271 0.109419 0.0830992 0.0579132 0.0238553 0.00714673 0.00463305 0.00128148 0.00103504 0.000492878 0.000147863 0.000147863 4.92878e-05 0
 0 0 0 0 0 0 0 0 0 0 0 0 0 0 0 0 0 0 0 0 0 0 0 0 0 0
 0 0 0 0 0 0 0 0.0054083 0.00873648 0.0413646 0.0450493 0.0745869 0.0622846 0.0627006 0.0613931 0.0827291 0.12552 0.122667 0.0946155 0.0697135 0.0546179 0.0294188 0.0215738 0.0213955 0.0102223 0.00600262
 0 0 0 0 0.00359764 0.0251062 0.0480494 0.140153 0.205849 0.193036 0.1447 0.116669 0.0760912 0.0342217 0.00950174 0.001854 0.000860785 0 0 0 0.000165536 0 0.000143464 0 0 0
 0 0 0 0 0 0 0 0.000145254 0.000435761 0.0275982 0.070085 0.0708112 0.156366 0.174668 0.174014 0.160142 0.0824315 0.0480064 0.0283245 0.00493863 0.00203355 0 0 0 0 0
 0 0 0 0 0 0 0 0 0 0 0 0 0 0 0 0 0 0 0 0 0 0 0 0 0 0
 0 0 1.00437e-05 0.000401748 0.00122533 0.00171747 0.00176769 0.0269171 0.070346 0.194647 0.189555 0.159765 0.064822 0.0314167 0.0384472 0.0292271 0.0345202 0.0313363 0.0194345 0.0106764 0.0143323 0.0359363 0.0279516 0.0138201 0.00172751 0
 0 0.0021121 0.0136068 0.0755702 0.200478 0.177729 0.0527432 0.0373336 0.0318909 0.0142505 0.0149659 0.0166563 0.0217959 0.0798694 0.0677717 0.0528807 0.04013 0.0224614 0.0357745 0.0225083 0.00881397 0.00855152 0.00135912 0.000746735 0 0
 0 0 0 0 5.4009e-05 0.00500934 0.000945158 0.0243581 0.138947 0.33067 0.221406 0.137944 0.0707744 0.0437923 0.0131692 0.00525238 0.0047753 0.00276346 9.45158e-05 9.00151e-06 2.25038e-05 9.00151e-06 4.50075e-06 0 0 0
 0.000866109 0.00284123 0.00948549 0.0512746 0.133035 0.25785 0.225252 0.132002 0.0553304 0.0519788 0.0540692 0.017754 0.00435017 0.00159236 0.00146478 0.000404838 0.000125132 0.000115318 0.000107957 0.000100596 0 0 0 0 0 0
 0 0 0 0 0.00144013 0.00171154 0.00461396 0.0210425 0.0478622 0.0707936 0.0888783 0.103762 0.0637923 0.0337046 0.0602308 0.124433 0.169614 0.0934646 0.0462172 0.0250306 0.0313229 0.00938855 0.002487 0.000210481 0 0
 0 0.00764035 0.051015 0.0998891 0.058973 0.0496711 0.0374665 0.0718981 0.12319 0.153886 0.159021 0.0857701 0.0377988 0.023471 0.0147837 0.00900784 0.00315554 0.000888139 0.00291439 0.00214683 0.00393193 0.00274676 0.000635225 9.99891e-05 0 0
 0 0 0 0 0 0 0 0 0 0 0 0 0 0 0 0 0 0 0 0 0 0 0 0 0 0
 0 0 0 0 0 0 0 0 0 0 0 0 0 0 0 0 0 0 0 0 0 0 0 0 0 0
 0 0 0 0 0 0 0 0 0 0 0 0 0 0 0 0 0 0 0 0 0 0 0 0 0 0
 0 0 0 0 0 0 0 0 0 0 0 0 0 0 0 0 0 0 0 0 0 0 0 0 0 0
 0 0 0 0 0 0 0 0 0 0 0 0 0 0 0 0 0 0 0 0 0 0 0 0 0 0
 0 0 0 0 0 0 0 0 0 0 0 0 0 0 0 0 0 0 0 0 0 0 0 0 0 0
ppred_pel_tallas
 1.10741e-16 4.47262e-05 0.000434755 0.0028891 0.0131334 0.040863 0.0870636 0.127075 0.12709 0.087137 0.0411107 0.013854 0.00471739 0.00449034 0.00793548 0.0135389 0.0206401 0.0283283 0.0356194 0.0419263 0.0471589 0.0512989 0.0538941 0.054049 0.0509898 0.0447177
 1.15534e-16 4.72967e-05 0.00045974 0.00305514 0.0138882 0.0432116 0.0920676 0.13438 0.134403 0.0921782 0.0435831 0.0149626 0.00575681 0.00637429 0.0113314 0.0187991 0.0274248 0.0352669 0.040427 0.0421583 0.04134 0.039821 0.039136 0.0395957 0.0403244 0.0400079
 1.10925e-16 5.60947e-05 0.00054526 0.00362345 0.0164717 0.0512496 0.109193 0.159375 0.159393 0.109281 0.0515455 0.0173274 0.00577571 0.00525812 0.00904976 0.0149873 0.0218601 0.0280853 0.0320999 0.0332272 0.0320709 0.0300415 0.0283979 0.0275652 0.0271393 0.0263807
 1.0602e-16 6.00844e-05 0.000584042 0.00388116 0.0176432 0.0548947 0.11696 0.17071 0.170728 0.117048 0.0551913 0.0185005 0.00603526 0.00529363 0.00902589 0.0148838 0.0215724 0.0274252 0.030791 0.0309296 0.0284437 0.0248309 0.0215237 0.0191747 0.0176085 0.0162613
 1.03697e-16 6.28214e-05 0.000610646 0.00405796 0.0184469 0.0573952 0.122287 0.178485 0.178502 0.12237 0.0576743 0.0192535 0.00608402 0.00503854 0.00848693 0.0139701 0.0202105 0.025611 0.0285867 0.0284098 0.0256274 0.0216543 0.0178811 0.0150026 0.0129603 0.0113299
 1.00837e-16 7.67897e-05 0.000746424 0.00496025 0.0225486 0.070157 0.149477 0.218167 0.218172 0.149502 0.0702396 0.0227871 0.00555944 0.0020556 0.00256654 0.00413036 0.00596333 0.00754282 0.00839211 0.00829211 0.00740352 0.00614779 0.00494398 0.00400923 0.00333927 0.00281988
 1.01531e-16 4.53856e-05 0.000441164 0.00293169 0.0133271 0.0414657 0.0883486 0.128956 0.128996 0.0885461 0.0421288 0.0152416 0.00773447 0.0109158 0.0199093 0.0327658 0.047016 0.0587447 0.0639928 0.0609347 0.0509842 0.0378806 0.0255175 0.0161837 0.0102177 0.00677457
 1.06708e-16 4.54922e-05 0.000442201 0.00293858 0.0133584 0.041563 0.0885553 0.129254 0.129279 0.0886765 0.0419706 0.0145384 0.0059114 0.00696716 0.0125405 0.0209275 0.0307624 0.0399689 0.0464051 0.0489942 0.0482157 0.0455006 0.0420904 0.0383547 0.0339985 0.0287414
 1.05827e-16 6.46503e-05 0.000628424 0.0041761 0.0189839 0.0590662 0.125847 0.18368 0.183692 0.125904 0.0592587 0.019541 0.00557793 0.00370035 0.00593376 0.00980041 0.0143338 0.0185024 0.0213052 0.0223027 0.0218554 0.0208072 0.0198723 0.0192245 0.0185476 0.0173941
 1.01406e-16 7.45686e-05 0.000724834 0.00481677 0.0218964 0.0681277 0.145154 0.211857 0.211865 0.145189 0.0682475 0.0222423 0.00568517 0.00262088 0.00367652 0.00596295 0.00859026 0.0108204 0.0119584 0.0116911 0.0102718 0.00834711 0.00656444 0.00526598 0.00444517 0.00390445
 1.00409e-16 7.49892e-05 0.000728922 0.00484394 0.0220199 0.068512 0.145972 0.213053 0.21306 0.146011 0.068641 0.0223924 0.00577851 0.00276767 0.00394274 0.00638836 0.00916926 0.0114752 0.0125357 0.0119964 0.0101284 0.00764916 0.00530282 0.00352192 0.00236528 0.00166949
 1.00531e-16 6.95275e-05 0.000675832 0.00449114 0.0204161 0.0635221 0.135341 0.197537 0.197551 0.135408 0.0637469 0.0210651 0.00611959 0.0042285 0.00681002 0.0111306 0.0159854 0.0200123 0.0218722 0.0209448 0.0176955 0.0133656 0.00924387 0.00608193 0.00398928 0.00269653
 1.01146e-16 6.51544e-05 0.000633324 0.00420866 0.019132 0.0595268 0.126829 0.185114 0.185131 0.126913 0.0598085 0.0199455 0.00625087 0.00509186 0.00853374 0.0140072 0.0201757 0.0253774 0.0279589 0.0271474 0.0234973 0.0184977 0.0136737 0.00988474 0.0072252 0.00537193
 1.01799e-16 6.41845e-05 0.000623896 0.00414601 0.0188472 0.0586406 0.124941 0.182358 0.182375 0.125024 0.0589212 0.0196579 0.00618206 0.00507148 0.00851931 0.0140041 0.0202169 0.0255252 0.0283037 0.027792 0.024527 0.0199462 0.015499 0.0119683 0.00939628 0.00744928
 1.0135e-16 7.04805e-05 0.000685095 0.0045527 0.0206959 0.0643927 0.137196 0.200244 0.200255 0.13725 0.0645747 0.0212216 0.00587276 0.00356868 0.00555242 0.00908201 0.0131093 0.016554 0.0183631 0.0180467 0.015957 0.0130291 0.0102027 0.00797995 0.00637777 0.00516648
 1.00161e-16 8.03297e-05 0.000780834 0.00518891 0.023588 0.0733912 0.156368 0.228224 0.228226 0.156378 0.073425 0.0236858 0.00543414 0.00131607 0.00109653 0.00168481 0.00241721 0.00303516 0.00333514 0.00322478 0.00277307 0.00216284 0.00158152 0.00113491 0.000833673 0.000634905
 1.00776e-16 2.94822e-05 0.000286577 0.00190441 0.0086572 0.0269361 0.0573924 0.0837786 0.0838389 0.057687 0.0279247 0.0115111 0.00906195 0.0158913 0.0296062 0.0487421 0.0698447 0.0870575 0.0944326 0.0892282 0.0735858 0.0531803 0.0339669 0.0195147 0.0104384 0.0055027
 1.01123e-16 7.76593e-05 0.000754876 0.00501641 0.0228039 0.0709514 0.151169 0.220637 0.220639 0.15118 0.0709854 0.0229028 0.0052671 0.00131004 0.0011551 0.00184665 0.00279152 0.00379783 0.00471592 0.00545858 0.00601613 0.00640145 0.00657975 0.006461 0.00596756 0.0051144
 1.01438e-16 5.55059e-05 0.000539538 0.00358542 0.0162988 0.0507118 0.108048 0.157705 0.157735 0.108193 0.0511978 0.0177017 0.00710413 0.00821186 0.0146001 0.0239802 0.0343786 0.0428984 0.0466334 0.0442582 0.0368421 0.0271745 0.0181548 0.0114789 0.00736982 0.00514357
 1.03532e-16 5.67727e-05 0.000551851 0.00366724 0.0166708 0.051869 0.110513 0.161302 0.161322 0.110614 0.0522063 0.0176461 0.00612008 0.00592148 0.0102986 0.0170494 0.0248174 0.0317501 0.0359715 0.0365713 0.0340757 0.0299633 0.0256583 0.0218306 0.0184219 0.0151318
 1.031e-16 6.65817e-05 0.000647198 0.00430086 0.0195511 0.0608308 0.129607 0.189168 0.189181 0.12967 0.0610427 0.0201636 0.00584019 0.00401368 0.00647821 0.0106521 0.0154512 0.0196701 0.0221255 0.0222745 0.0205166 0.0178778 0.0153395 0.0133492 0.0118058 0.0103776
 1.02153e-16 6.60887e-05 0.000642406 0.00426901 0.0194063 0.0603804 0.128647 0.187768 0.187783 0.128723 0.0606346 0.0201407 0.00611272 0.00466825 0.00771496 0.012658 0.0182475 0.0229891 0.0254064 0.0248211 0.0217501 0.0175424 0.0135583 0.0105315 0.00848386 0.00705471
 1.0622e-16 2.59857e-05 0.00025259 0.00167856 0.0076305 0.0237416 0.050586 0.0738429 0.0738962 0.0508465 0.0246164 0.0101578 0.00802461 0.0141132 0.0263704 0.0436082 0.0629409 0.0794064 0.0879425 0.0861886 0.075851 0.0614656 0.0476108 0.0367654 0.0290552 0.0233821
 1.05662e-16 6.71943e-05 0.000653152 0.00434043 0.019731 0.0613903 0.130799 0.190906 0.190912 0.130827 0.0614867 0.0200113 0.00505143 0.00222949 0.00313205 0.0052576 0.00800235 0.0109747 0.0138015 0.0162833 0.0184297 0.0202814 0.0216894 0.0222846 0.0216862 0.0197722
 1.05052e-16 5.6132e-05 0.000545623 0.00362586 0.0164826 0.0512837 0.109266 0.159483 0.159508 0.109389 0.0516958 0.0176727 0.00661225 0.00706259 0.0124267 0.0204402 0.0294102 0.0369368 0.0406312 0.0394356 0.0342797 0.0274753 0.0213354 0.0170757 0.0146367 0.0132336
 1.08095e-16 4.06247e-05 0.000394887 0.00262416 0.0119291 0.037116 0.0790808 0.115428 0.115461 0.0792452 0.0376682 0.0135256 0.00663767 0.00917684 0.016779 0.027831 0.0404517 0.0516293 0.0582937 0.0589956 0.0546944 0.0479525 0.041236 0.0356979 0.0311669 0.0269438
 1.04983e-16 6.7635e-05 0.000657436 0.00436889 0.0198604 0.061793 0.131657 0.192159 0.192167 0.131699 0.0619355 0.0202732 0.00540926 0.00294235 0.00444779 0.0073533 0.0108392 0.0141662 0.0166246 0.0178888 0.0181727 0.0179927 0.0177415 0.0174352 0.0167988 0.0155493
 1.03221e-16 6.27406e-05 0.000609861 0.00405274 0.0184232 0.0573215 0.12213 0.178256 0.178275 0.122223 0.0576318 0.0193195 0.00630237 0.00552004 0.00938598 0.015413 0.0221882 0.02789 0.0307135 0.029845 0.0259549 0.0207494 0.0159473 0.0124718 0.0103245 0.0089881
 1.0784e-16 2.56452e-05 0.000249281 0.00165656 0.00753051 0.0234305 0.049923 0.0728747 0.0729256 0.0501714 0.0242649 0.00994181 0.00771366 0.0134866 0.0252084 0.0417451 0.0603911 0.07648 0.0852436 0.0844469 0.0756562 0.0630475 0.05078 0.0410209 0.0337769 0.0280093
 1.1958e-16 3.39454e-05 0.000329961 0.00219271 0.00996775 0.0310135 0.0660781 0.0964468 0.0964651 0.0661679 0.0313162 0.010848 0.00442495 0.00527805 0.00965224 0.0164828 0.0250999 0.0344209 0.0433044 0.0511639 0.0580862 0.0642555 0.0692271 0.0718006 0.0706658 0.0652775
pSPR Fmed_Fpbrs
0.495035   0.250214 0.250214
Fs Fmed_Fpbrs
0.445421   1.005 1.005
SSBpbr Bo_Bmed_Bpbrs
1.6101e+06  716552  322365 322365
Ro
120165
SPR SPRFo_SPRFmed_SPRFpbrs
855381 423444 214028
Fref
1.005
log_Ro
11.5166
likeval ReclasPelacesDesembMPH_pf_preclas_ppelaces_ptallas_desvR_qrecl_qpela
 10.0598 30.0682 0.016395 0.000880182 230.122 103.41 78.8405 0 34.3276 3.55456e-06 0 0.0265488 0 0 0
q_reclas_q_pelaces
1.30625 1
M
1
N
 138855 41259.1 76601.5 7215.56 0.196371
 95503.7 43930.5 12079.3 22284.4 2098.44
 85493.5 26392.1 10479.2 2846.9 5742.87
 71042.5 23600 6285.17 2465.58 2019.65
 54387.8 14244.1 3463.3 899.071 640.688
 231338 14894.6 3351.61 804.841 357.58
 57715.1 61132.7 3320.29 736.799 255.344
 19836.9 9830.2 7007.79 368.466 109.906
 30322.5 6171.44 2805.72 1986.08 135.523
 48651 5801.59 843.672 373.141 281.737
 81720.5 7794.42 606.187 85.1193 65.9435
 124325 26058.4 2309.27 178.518 44.4723
 99584.5 27463.5 4428.42 384.102 37.0465
 69194.6 22768.2 4916.73 777.086 73.8212
 59649.8 10713.3 2259.01 470.364 81.2416
 428413 11101.9 1404.6 287.795 70.1638
 54979.8 106766 2264.63 281.857 71.766
 647467 15876.8 27222.5 571.564 89.2
 357098 187097 4052.26 6877.73 166.849
 273490 95445.4 42432.2 906.738 1575.15
 411299 74847 22435.1 9850.48 575.759
 532974 120577 19524.5 5796.69 2692.49
 78068.8 147364 28785.7 4605.42 2001.09
 311038 24106.2 41584.8 8063.38 1849.85
 236885 97194.9 6926.51 11866.8 2827.82
 99086.7 74053.4 27944.7 1977.85 4194.45
 273000 31745.9 22097.8 8290.39 1830.55
 313419 85255.3 9113.06 6299.82 2884.27
 57155.2 101648 25915.2 2755.45 2776.11
 38027.6 18681.1 31263.6 7931.04 1692.4
pred_Ctot
 12440.6 5425.04 10326 973.961 0.0265081
 15374.3 10111.3 2844.37 5253.79 494.762
 13809.5 6093.86 2475.41 673.313 1358.32
 21452.6 9643.47 2616.31 1027.35 841.586
 8999.83 3364.34 836.765 217.486 154.993
 42311.5 3862.97 888.727 213.667 94.9354
 20832.2 29136.8 1609.14 357.398 123.865
 1961.71 1421.93 1038.94 54.6988 16.3167
 9693.55 2650.39 1226.81 869.252 59.3177
 18546 2895.23 427.843 189.388 143.002
 6962.29 976.098 77.8365 10.9442 8.47927
 32716.3 9425.52 851.924 65.9271 16.4246
 24760.1 9439.82 1553.17 134.859 13.0079
 27131.3 11632.5 2551.79 403.644 38.3469
 19674 4727.06 1014.52 211.438 36.5215
 90154.7 3278.21 423.697 86.9118 21.1902
 7621.74 21337.8 463.348 57.7406 14.7028
 89534.1 3165.6 5556.7 116.815 18.2316
 63349.5 47163.6 1044.55 1774.98 43.0625
 45347.5 22586.3 10271.4 219.755 381.775
 53791.6 14153.1 4344.07 1909.74 111.632
 85657.2 27709.4 4590.42 1364.52 633.844
 8041.73 22170.4 4438.15 710.988 308.952
 30002.3 3404.13 6019.18 1168.67 268.128
 22795.8 13694.1 1000.31 1716.03 408.952
 8178.1 8992.55 3479.67 246.611 523.028
 26427 4498.38 3209.51 1205.69 266.239
 23700.7 9508.83 1042.45 721.617 330.404
 4068.68 10689.3 2795.42 297.628 299.882
 4580.5 3265.72 5598.06 1421.95 303.449
F
 0.150823 0.228377 0.234729 0.235074 0.235092
 0.286101 0.433215 0.445265 0.445918 0.445952
 0.287195 0.434871 0.446967 0.447622 0.447657
 0.606936 0.919023 0.944586 0.945971 0.946044
 0.295141 0.446902 0.459333 0.460006 0.460042
 0.330833 0.500947 0.514881 0.515636 0.515676
 0.77006 1.16602 1.19846 1.20022 1.20031
 0.167613 0.2538 0.26086 0.261242 0.261262
 0.65376 0.989923 1.01746 1.01895 1.01903
 0.831263 1.2587 1.29371 1.29561 1.29571
 0.142963 0.216475 0.222497 0.222823 0.22284
 0.510038 0.772299 0.793781 0.794945 0.795006
 0.47564 0.720215 0.740248 0.741333 0.74139
 0.865434 1.31044 1.34689 1.34887 1.34897
 0.681374 1.03174 1.06043 1.06199 1.06207
 0.38945 0.589705 0.606108 0.606997 0.607043
 0.242104 0.366594 0.376792 0.377344 0.377373
 0.241439 0.365586 0.375755 0.376306 0.376335
 0.319457 0.483722 0.497177 0.497906 0.497944
 0.295818 0.447928 0.460387 0.461062 0.461098
 0.227035 0.343776 0.353339 0.353857 0.353884
 0.285569 0.432408 0.444436 0.445087 0.445122
 0.175121 0.265169 0.272544 0.272944 0.272965
 0.163197 0.247113 0.253987 0.254359 0.254379
 0.162786 0.246491 0.253347 0.253719 0.253738
 0.138231 0.209309 0.215131 0.215446 0.215463
 0.16382 0.248057 0.254957 0.25533 0.25535
 0.126021 0.190821 0.196128 0.196416 0.196431
 0.118257 0.179065 0.184045 0.184315 0.18433
 0.207463 0.314141 0.322879 0.323353 0.323377
nmprior
 8 8 7 0
nm_flota  nm_reclas  nm_pelaces    nm_pelaL
inf 15.164 11.0429 17.8525
cv_recla  cv_pelaces  cv_mph
0.293644 0.645235 0.91557
 ------------------------------------------------
Talla a la edad & desviación 
 8 13.2811 15.8009 17.003 17.5766
 0.8 1.32811 1.58009 1.7003 1.75766
