years
 1991 1992 1993 1994 1995 1996 1997 1998 1999 2000 2001 2002 2003 2004 2005 2006 2007 2008 2009 2010 2011 2012 2013 2014 2015 2016 2017 2018 2019 2020
reclasobs
 0 0 0 0 0 0 0 0 0 252601 567819 844713 477998 351125 339783 2.1784e+06 2.13404e+06 4.81314e+06 1.55562e+06 2.62356e+06 3.21686e+06 3.843e+06 1.13348e+06 3.07943e+06 1.97215e+06 2.03268e+06 2.025e+06 2.42433e+06 2.27542e+06 1.05018e+06
reclaspred
 3.452e+06 1.9888e+06 1.01785e+06 1.14568e+06 1.23171e+06 1.87174e+06 1.32855e+06 1.20195e+06 864268 628612 583359 684496 678214 559945 560772 1.16567e+06 1.21392e+06 2.47215e+06 2.08392e+06 1.61095e+06 2.83997e+06 2.29009e+06 1.8923e+06 2.90063e+06 2.19135e+06 1.95193e+06 2.26195e+06 2.30938e+06 1.93839e+06 1.31921e+06
pelacesobs
 0 0 0 0 0 0 0 0 0 0 0 0 0 0 0 552880 188675 0 991730 2.46772e+06 1.41603e+06 1.21717e+06 2.29649e+06 1.80582e+06 0 1.4828e+06 1.56532e+06 1.57751e+06 1.42118e+06 867257
pelacespred
 2.68666e+06 1.74253e+06 907383 751552 847569 1.27485e+06 990796 973277 721702 504473 451414 448021 479450 421117 413505 677383 790524 1.62277e+06 1.56488e+06 1.15e+06 1.80678e+06 1.6907e+06 1.427e+06 2.14262e+06 1.7353e+06 1.51772e+06 1.85265e+06 1.88373e+06 1.4562e+06 1.09671e+06
mphobs
 0 0 0 0 0 0 0 0 0 0 0 498337 0 5186 125008 0 168611 109162 213762 579715 649985 157893 87575 83554 0 0 0 0 0 0
mphpred
 523918 353592 182898 100133 129872 152593 200785 144674 123145 86965.8 57190.4 68134 71349.7 62715 46809.9 56137.8 135982 141278 246879 195656 215975 262564 248045 211950 292842 241206 200914 209468 278578 196713
desembarqueobs
 494567 514787 250237 358949 120608 361735 552515 73892 212993 205616 52469 317467 293654 387597 252695 516296 358380 742168 942051 627588 828172 859565 418607 520667 417249 300574 407403 355545 319650 289779
desembarquepred
 494572 512914 251292 358962 120610 361746 552569 73894.3 213028 205651 52470.7 317532 293710 387670 252708 516312 358413 742130 942009 627547 828258 859641 418627 520691 417258 300583 407413 355544 319655 289793
Reclutas
 259790 153134 148976 346823 279013 426412 181082 88572.7 74965.4 93014.7 157887 195321 166689 117447 120565 548169 152772 846231 525473 408106 594178 793118 185442 528783 435720 204065 437438 471285 153625 128591
log_desv_Rt
 0.0563596 -0.472199 -0.499732 0.345299 0.127745 0.55189 -0.304565 -1.01969 -1.18649 -0.970758 -0.441635 -0.228869 -0.387384 -0.737529 -0.711324 0.803069 -0.474569 1.23728 0.760784 0.508013 0.883664 1.17246 -0.280774 0.767063 0.573485 -0.185076 0.57742 0.651948 -0.469001 -0.64688
SSB
 5.15186e+06 3.47699e+06 1.79849e+06 984638 1.27708e+06 1.50049e+06 1.97438e+06 1.42262e+06 1.21093e+06 855164 562373 669985 701606 616698 460297 552022 1.33716e+06 1.38924e+06 2.42764e+06 1.92395e+06 2.12376e+06 2.58188e+06 2.43911e+06 2.08418e+06 2.87961e+06 2.37186e+06 1.97565e+06 2.05977e+06 2.73936e+06 1.93435e+06
BT
 6.74949e+06 4.62153e+06 2.39718e+06 2.26538e+06 2.21008e+06 3.6697e+06 2.87747e+06 2.50283e+06 1.99374e+06 1.45295e+06 1.21827e+06 1.42646e+06 1.50732e+06 1.51136e+06 1.37153e+06 2.32052e+06 2.23911e+06 5.14753e+06 4.91532e+06 3.44317e+06 5.47323e+06 5.12123e+06 3.86728e+06 6.29554e+06 4.65997e+06 4.0481e+06 5.37704e+06 5.37514e+06 3.72461e+06 2.94668e+06
Ftot
 0.0823914 0.147065 0.141328 0.185178 0.0576219 0.114793 0.2374 0.0359806 0.143288 0.189154 0.0538854 0.270143 0.252139 0.399262 0.267035 0.266377 0.171202 0.180229 0.262511 0.227011 0.171919 0.220044 0.127966 0.107663 0.111267 0.0898522 0.107617 0.0924302 0.0946941 0.12702
BD_Bspro_t
 0.986904 0.900786 0.790792 0.725494 0.745454 0.803587 0.799137 0.701277 0.741297 0.712991 0.684963 0.79049 0.691078 0.617021 0.530441 0.574186 0.674434 0.670733 0.730112 0.652313 0.631903 0.673079 0.685718 0.687279 0.775317 0.781649 0.789618 0.815762 0.845856 0.797494
BD_Bspro
 2.94738 1.98919 1.02892 0.563311 0.730615 0.858433 1.12954 0.813883 0.69277 0.489239 0.321734 0.383298 0.401389 0.352813 0.263336 0.315812 0.764987 0.794783 1.38885 1.10069 1.215 1.47709 1.39541 1.19236 1.64743 1.35694 1.13027 1.17839 1.56719 1.10664
BD_Bo
 2.01571 1.3604 0.703677 0.385249 0.499667 0.587082 0.772495 0.556615 0.473786 0.334591 0.220034 0.262138 0.27451 0.241289 0.180096 0.215984 0.523175 0.543552 0.949837 0.752762 0.830939 1.01018 0.954324 0.815454 1.12667 0.928013 0.772992 0.805904 1.0718 0.756832
BD_Brms
 14.3885 9.71077 5.02295 2.74996 3.5667 4.19068 5.51419 3.9732 3.38195 2.38836 1.57063 1.87118 1.95949 1.72235 1.28555 1.54172 3.7345 3.87996 6.78008 5.37333 5.93137 7.21084 6.81211 5.82083 8.04237 6.6243 5.51773 5.75266 7.65065 5.40238
Sel_flota
 0.904369 1 1 1 1
 0.904369 1 1 1 1
 0.904369 1 1 1 1
 0.904369 1 1 1 1
 0.904369 1 1 1 1
 0.904369 1 1 1 1
 0.904369 1 1 1 1
 0.904369 1 1 1 1
 0.904369 1 1 1 1
 0.904369 1 1 1 1
 0.904369 1 1 1 1
 0.904369 1 1 1 1
 0.904369 1 1 1 1
 0.904369 1 1 1 1
 0.904369 1 1 1 1
 0.904369 1 1 1 1
 0.904369 1 1 1 1
 0.904369 1 1 1 1
 0.904369 1 1 1 1
 0.904369 1 1 1 1
 0.904369 1 1 1 1
 0.904369 1 1 1 1
 0.904369 1 1 1 1
 0.904369 1 1 1 1
 0.904369 1 1 1 1
 0.904369 1 1 1 1
 0.904369 1 1 1 1
 0.904369 1 1 1 1
 0.904369 1 1 1 1
 0.904369 1 1 1 1
Sel_reclas
 1 1 1 1 1
 1 1 1 1 1
 1 1 1 1 1
 1 1 1 1 1
 1 1 1 1 1
 1 1 1 1 1
 1 1 1 1 1
 1 1 1 1 1
 1 1 1 1 1
 1 1 1 1 1
 1 1 1 1 1
 1 1 1 1 1
 1 1 1 1 1
 1 1 1 1 1
 1 1 1 1 1
 1 1 1 1 1
 1 1 1 1 1
 1 1 1 1 1
 1 1 1 1 1
 1 1 1 1 1
 1 1 1 1 1
 1 1 1 1 1
 1 1 1 1 1
 1 1 1 1 1
 1 1 1 1 1
 1 1 1 1 1
 1 1 1 1 1
 1 1 1 1 1
 1 1 1 1 1
 1 1 1 1 1
Sel_pelaces
 0.751249 1 1 1 1
 0.751249 1 1 1 1
 0.751249 1 1 1 1
 0.751249 1 1 1 1
 0.751249 1 1 1 1
 0.751249 1 1 1 1
 0.751249 1 1 1 1
 0.751249 1 1 1 1
 0.751249 1 1 1 1
 0.751249 1 1 1 1
 0.751249 1 1 1 1
 0.751249 1 1 1 1
 0.751249 1 1 1 1
 0.751249 1 1 1 1
 0.751249 1 1 1 1
 0.751249 1 1 1 1
 0.751249 1 1 1 1
 0.751249 1 1 1 1
 0.751249 1 1 1 1
 0.751249 1 1 1 1
 0.751249 1 1 1 1
 0.751249 1 1 1 1
 0.751249 1 1 1 1
 0.751249 1 1 1 1
 0.751249 1 1 1 1
 0.751249 1 1 1 1
 0.751249 1 1 1 1
 0.751249 1 1 1 1
 0.751249 1 1 1 1
 0.751249 1 1 1 1
pf_obs 
 0.8446 0.082 0.0669 0.0065 0
 0.8095 0.147 0.0364 0.0071 0
 0.9664 0.0169 0.016 0.0007 0
 0.9276 0.0648 0.0075 0.0001 0
 0.7033 0.2144 0.0806 0.0017 0
 0.9318 0.0425 0.0243 0.0014 0
 0.5671 0.3108 0.0964 0.0239 0.0018
 0.0768 0.2599 0.5324 0.112 0.0189
 0.490249 0.384438 0.106611 0.0170017 0.00170017
 0.7925 0.1577 0.0466 0.003 0.0002
 0.840416 0.127587 0.0312969 0.00059994 9.999e-05
 0.8084 0.0986 0.0794 0.0134 0.0002
 0.7335 0.1905 0.0724 0.0035 0.0001
 0.4001 0.4547 0.1325 0.0127 0
 0.49795 0.308269 0.164784 0.0264974 0.00249975
 0.9179 0.0499 0.0305 0.0017 0
 0.2467 0.6533 0.0926 0.0074 0
 0.9418 0.0223 0.034 0.0019 0
 0.707729 0.231977 0.0356964 0.0245975 0
 0.517169 0.277429 0.184464 0.0207286 0.00020938
 0.811772 0.124168 0.05621 0.00726502 0.000585176
 0.764997 0.148141 0.077277 0.00933861 0.000247198
 0.163321 0.427699 0.378323 0.0303852 0.000271297
 0.753843 0.0900009 0.118128 0.0371064 0.000921714
 0.721811 0.176058 0.0630433 0.0369309 0.00215725
 0.143369 0.312575 0.442814 0.0836902 0.0175525
 0.692698 0.0596174 0.167031 0.0765114 0.00414204
 0.394062 0.376323 0.152708 0.0712218 0.00568511
 0.125707 0.32114 0.495352 0.0537591 0.00404204
 0.23352 0.215282 0.420074 0.123614 0.00750983
pf_pred 
 0.430153 0.102765 0.44455 0.0225312 7.26925e-07
 0.417293 0.265769 0.0571559 0.24725 0.0125318
 0.549456 0.200031 0.114258 0.024572 0.111683
 0.790526 0.120689 0.0394184 0.0225157 0.0268507
 0.654502 0.279275 0.0381545 0.0124617 0.0156067
 0.729284 0.183429 0.0705558 0.00963932 0.00709118
 0.467071 0.399635 0.0903162 0.03474 0.0082377
 0.425168 0.284862 0.217444 0.0491416 0.0233844
 0.493296 0.228218 0.138005 0.105344 0.0351363
 0.645435 0.184532 0.0765829 0.0463102 0.0471407
 0.768886 0.154956 0.0396359 0.0164494 0.0200725
 0.717368 0.222367 0.0404064 0.0103355 0.00952348
 0.666901 0.246593 0.068061 0.0123674 0.00607834
 0.604426 0.273714 0.0902131 0.0248994 0.00674817
 0.6986 0.190975 0.0764074 0.0251831 0.00883445
 0.912166 0.0634534 0.0154481 0.00618063 0.00275169
 0.446976 0.509344 0.0315558 0.00768243 0.00444211
 0.883639 0.0551974 0.0563329 0.00349004 0.00134096
 0.618823 0.340984 0.0190663 0.0194585 0.00166872
 0.611922 0.25058 0.122999 0.00687756 0.00762097
 0.738558 0.166935 0.0610233 0.0299537 0.0035308
 0.745894 0.19294 0.0390555 0.0142768 0.00783393
 0.350835 0.497734 0.114979 0.0232745 0.0131765
 0.748089 0.0946564 0.120572 0.0278527 0.00882995
 0.632556 0.282065 0.0320814 0.0408648 0.0124327
 0.456368 0.357172 0.143135 0.0162798 0.027046
 0.73478 0.128011 0.0901482 0.0361264 0.0109352
 0.688682 0.235053 0.0368098 0.0259223 0.0135327
 0.383339 0.438375 0.13461 0.0210802 0.0225951
 0.479339 0.212768 0.218876 0.0672095 0.0218066
pobs_RECLAS
 0 0 0 0 0
 0 0 0 0 0
 0 0 0 0 0
 0 0 0 0 0
 0 0 0 0 0
 0 0 0 0 0
 0 0 0 0 0
 0 0 0 0 0
 0 0 0 0 0
 0 0 0 0 0
 0.991045 0.00858322 0.000360255 1.14367e-05 0
 0.934742 0.0480273 0.0164251 0.00080598 0
 0.827803 0.169806 0.00239088 0 0
 0.941827 0.0461693 0.0120037 0 0
 0.791401 0.0380133 0.147996 0.0225897 0
 0.846168 0.0940531 0.0597789 0 0
 0.134021 0.677848 0.182769 0.00536245 0
 0.80878 0.0450904 0.141981 0.00414843 0
 0.846168 0.0940531 0.0597789 0 0
 0.905697 0.0802665 0.012482 0.00150086 5.37128e-05
 0.989698 0.0102097 9.19794e-05 0 0
 0.975433 0.0193895 0.00387452 0.00125025 5.28907e-05
 0.303575 0.632131 0.0575291 0.00676475 0
 0.966965 0.00978017 0.0227588 0.000495775 0
 0.843318 0.132988 0.00938335 0.0141283 0.000182051
 0.564624 0.303363 0.111486 0.0197234 0.00080311
 0.826376 0.0876187 0.0782897 0.00655872 0.00115652
 0.89761 0.0855135 0.0140674 0.00269457 0.000114338
 0.34875 0.467042 0.161289 0.0227151 0.000203297
 0.318654 0.224769 0.449479 0.00709798 0
ppred_RECLAS
 0.455117 0.0982631 0.425075 0.0215442 6.95079e-07
 0.442241 0.25439 0.0547088 0.236664 0.0119953
 0.574502 0.188911 0.107906 0.0232061 0.105475
 0.806951 0.111226 0.0363277 0.0207504 0.0247454
 0.67697 0.261114 0.0356733 0.0116513 0.0145918
 0.748853 0.17017 0.0654556 0.00894253 0.00657858
 0.492719 0.380402 0.0859696 0.0330681 0.00784125
 0.449972 0.27257 0.208061 0.0470212 0.0223754
 0.518734 0.216761 0.131077 0.100055 0.0333724
 0.668473 0.172541 0.0716068 0.0433011 0.0440776
 0.786339 0.143255 0.0366429 0.0152073 0.0185568
 0.737806 0.206286 0.0374844 0.00958808 0.00883479
 0.689364 0.229963 0.0634712 0.0115334 0.00566844
 0.629184 0.256583 0.084567 0.023341 0.00632582
 0.719858 0.177505 0.0710183 0.0234069 0.00821134
 0.920084 0.0577335 0.0140555 0.00562348 0.00250365
 0.472322 0.486 0.0301096 0.00733033 0.00423852
 0.893739 0.0504064 0.0514433 0.00318712 0.00122457
 0.642819 0.319517 0.017866 0.0182335 0.00156367
 0.636005 0.23503 0.115366 0.00645077 0.00714805
 0.757783 0.154659 0.056536 0.0277511 0.00327116
 0.764843 0.178552 0.036143 0.0132122 0.00724973
 0.374319 0.479729 0.11082 0.0224325 0.0126999
 0.766722 0.0876551 0.111654 0.0257926 0.00817684
 0.65581 0.264214 0.0300511 0.0382786 0.0116459
 0.481585 0.340604 0.136495 0.0155246 0.0257914
 0.754073 0.118699 0.0835905 0.0334984 0.0101397
 0.709976 0.218975 0.034292 0.0241493 0.012607
 0.407557 0.421159 0.129324 0.0202524 0.0217078
 0.504735 0.202391 0.208201 0.0639313 0.020743
pobs_PELACES
 0 0 0 0 0
 0 0 0 0 0
 0 0 0 0 0
 0 0 0 0 0
 0 0 0 0 0
 0 0 0 0 0
 0 0 0 0 0
 0 0 0 0 0
 0 0 0 0 0
 0 0 0 0 0
 0 0 0 0 0
 0 0 0 0 0
 0 0 0 0 0
 0 0 0 0 0
 0 0 0 0 0
 0 0 0 0 0
 0.505614 0.472636 0.0217494 0 0
 0 0 0 0 0
 0.443492 0.261883 0.143347 0.151278 0
 0.227955 0.32914 0.350689 0.0885471 0.00366901
 0.970185 0.0296113 0.000203453 0 0
 0.997202 0.00247181 0.000326279 0 0
 0.445219 0.490057 0.0546422 0.010081 0
 0.90214 0.0892962 0.00764917 0.000914606 0
 0 0 0 0 0
 0.581667 0.319106 0.0959925 0.00289975 0.000334073
 0.762889 0.0836404 0.116647 0.0363945 0.000428098
 0.88444 0.0763242 0.0277011 0.0115352 0
 0.521256 0.241999 0.230069 0.00667565 0
 0.616807 0.101726 0.260614 0.0208532 0
ppred_PELACES
 0.386171 0.110697 0.478861 0.0242702 7.8303e-07
 0.374385 0.285339 0.0613646 0.265456 0.0134546
 0.504671 0.219915 0.125615 0.0270146 0.122785
 0.759537 0.138544 0.0452499 0.0258467 0.030823
 0.611989 0.313639 0.0428494 0.0139951 0.0175271
 0.692133 0.208602 0.0802385 0.0109622 0.00806433
 0.423688 0.432167 0.0976685 0.037568 0.00890829
 0.380915 0.306792 0.234184 0.0529248 0.0251847
 0.448551 0.248371 0.150192 0.114646 0.038239
 0.60378 0.206211 0.08558 0.0517508 0.0526789
 0.734715 0.177867 0.0454963 0.0188816 0.0230404
 0.680725 0.251197 0.045645 0.0116755 0.0107582
 0.626934 0.27618 0.0762273 0.0138513 0.00680765
 0.56348 0.302046 0.0995511 0.0274767 0.00744667
 0.660644 0.215025 0.0860295 0.0283544 0.00994697
 0.897143 0.0743066 0.0180903 0.00723778 0.00322235
 0.40337 0.549505 0.034044 0.00828819 0.00479237
 0.864031 0.0644987 0.0658255 0.00407814 0.00156693
 0.576858 0.378524 0.0211654 0.0216008 0.00185244
 0.569353 0.278067 0.136491 0.00763198 0.00845695
 0.702654 0.189859 0.0694036 0.0340672 0.00401568
 0.71102 0.219419 0.0444155 0.0162362 0.00890906
 0.310944 0.528321 0.122045 0.0247047 0.0139863
 0.712441 0.108051 0.137634 0.0317942 0.0100795
 0.589566 0.315066 0.0358349 0.0456459 0.0138873
 0.411716 0.386509 0.154891 0.017617 0.0292674
 0.698008 0.145759 0.102647 0.0411352 0.0124513
 0.648435 0.265441 0.0415685 0.0292736 0.0152822
 0.34139 0.468196 0.143767 0.0225142 0.0241322
 0.434609 0.231047 0.23768 0.0729835 0.0236801
pobs_pel_tallas
 0 0 0 0 0 0 0 0 0 0 0 0 0 0 0 0 0 0 0 0 0 0 0 0 0 0
 0 0 0 0 0 0 0 0 0 0 0 0 0 0 0 0 0 0 0 0 0 0 0 0 0 0
 0 0 0 0 0 0 0 0 0 0 0 0 0 0 0 0 0 0 0 0 0 0 0 0 0 0
 0 0 0 0 0 0 0 0 0 0 0 0 0 0 0 0 0 0 0 0 0 0 0 0 0 0
 0 0 0 0 0 0 0 0 0 0 0 0 0 0 0 0 0 0 0 0 0 0 0 0 0 0
 0 0 0 0 0 0 0 0 0 0 0 0 0 0 0 0 0 0 0 0 0 0 0 0 0 0
 0 0 0 0 0 0 0 0 0 0 0 0 0 0 0 0 0 0 0 0 0 0 0 0 0 0
 0 0 0 0 0 0 0 0 0 0 0 0 0 0 0 0 0 0 0 0 0 0 0 0 0 0
 0 0 0 0 0 0 0 0 0 0 0 0 0 0 0 0 0 0 0 0 0 0 0 0 0 0
 0 0 0 0 0 0 0 0 0 0 0 0 0 0 0 0 0 0 0 0 0 0 0 0 0 0
 0 0 0 0 0 0 0 0 0 0 0 0 0 0 0 0 0 0 0 0 0 0 0 0 0 0
 0 0 0 0 0 0 0 0 0 0 0 0 0 0 0 0 0 0 0 0 0 0 0 0 0 0
 0.00862536 0 0 0.000197151 0.00414017 0.0128641 0.00837892 0.0270097 0.101434 0.158115 0.152841 0.127902 0.109271 0.109419 0.0830992 0.0579132 0.0238553 0.00714673 0.00463305 0.00128148 0.00103504 0.000492878 0.000147863 0.000147863 4.92878e-05 0
 0 0 0 0 0 0 0 0 0 0 0 0 0 0 0 0 0 0 0 0 0 0 0 0 0 0
 0 0 0 0 0 0 0 0.0054083 0.00873648 0.0413646 0.0450493 0.0745869 0.0622846 0.0627006 0.0613931 0.0827291 0.12552 0.122667 0.0946155 0.0697135 0.0546179 0.0294188 0.0215738 0.0213955 0.0102223 0.00600262
 0 0 0 0 0.00359764 0.0251062 0.0480494 0.140153 0.205849 0.193036 0.1447 0.116669 0.0760912 0.0342217 0.00950174 0.001854 0.000860785 0 0 0 0.000165536 0 0.000143464 0 0 0
 0 0 0 0 0 0 0 0.000145254 0.000435761 0.0275982 0.070085 0.0708112 0.156366 0.174668 0.174014 0.160142 0.0824315 0.0480064 0.0283245 0.00493863 0.00203355 0 0 0 0 0
 0 0 0 0 0 0 0 0 0 0 0 0 0 0 0 0 0 0 0 0 0 0 0 0 0 0
 0 0 1.00437e-05 0.000401748 0.00122533 0.00171747 0.00176769 0.0269171 0.070346 0.194647 0.189555 0.159765 0.064822 0.0314167 0.0384472 0.0292271 0.0345202 0.0313363 0.0194345 0.0106764 0.0143323 0.0359363 0.0279516 0.0138201 0.00172751 0
 0 0.0021121 0.0136068 0.0755702 0.200478 0.177729 0.0527432 0.0373336 0.0318909 0.0142505 0.0149659 0.0166563 0.0217959 0.0798694 0.0677717 0.0528807 0.04013 0.0224614 0.0357745 0.0225083 0.00881397 0.00855152 0.00135912 0.000746735 0 0
 0 0 0 0 5.4009e-05 0.00500934 0.000945158 0.0243581 0.138947 0.33067 0.221406 0.137944 0.0707744 0.0437923 0.0131692 0.00525238 0.0047753 0.00276346 9.45158e-05 9.00151e-06 2.25038e-05 9.00151e-06 4.50075e-06 0 0 0
 0.000866109 0.00284123 0.00948549 0.0512746 0.133035 0.25785 0.225252 0.132002 0.0553304 0.0519788 0.0540692 0.017754 0.00435017 0.00159236 0.00146478 0.000404838 0.000125132 0.000115318 0.000107957 0.000100596 0 0 0 0 0 0
 0 0 0 0 0.00144013 0.00171154 0.00461396 0.0210425 0.0478622 0.0707936 0.0888783 0.103762 0.0637923 0.0337046 0.0602308 0.124433 0.169614 0.0934646 0.0462172 0.0250306 0.0313229 0.00938855 0.002487 0.000210481 0 0
 0 0.00764035 0.051015 0.0998891 0.058973 0.0496711 0.0374665 0.0718981 0.12319 0.153886 0.159021 0.0857701 0.0377988 0.023471 0.0147837 0.00900784 0.00315554 0.000888139 0.00291439 0.00214683 0.00393193 0.00274676 0.000635225 9.99891e-05 0 0
 0 0 0 0 0 0 0 0 0 0 0 0 0 0 0 0 0 0 0 0 0 0 0 0 0 0
 0 0 0 0 0 0 0 0 0 0 0 0 0 0 0 0 0 0 0 0 0 0 0 0 0 0
 0 0 0 0 0 0 0 0 0 0 0 0 0 0 0 0 0 0 0 0 0 0 0 0 0 0
 0 0 0 0 0 0 0 0 0 0 0 0 0 0 0 0 0 0 0 0 0 0 0 0 0 0
 0 0 0 0 0 0 0 0 0 0 0 0 0 0 0 0 0 0 0 0 0 0 0 0 0 0
 0 0 0 0 0 0 0 0 0 0 0 0 0 0 0 0 0 0 0 0 0 0 0 0 0 0
ppred_pel_tallas
 1.16282e-16 3.18084e-05 0.000309189 0.00205467 0.00934025 0.029061 0.061918 0.0903736 0.0903849 0.061974 0.0292512 0.00989854 0.00349066 0.00355824 0.00653645 0.0116248 0.0187605 0.0277804 0.0383765 0.0501501 0.0623982 0.0737274 0.0819828 0.0848774 0.0810846 0.0710546
 1.30743e-16 3.08377e-05 0.000299753 0.00199197 0.00905521 0.0281743 0.0600293 0.0876203 0.0876479 0.0601644 0.0286282 0.0103682 0.00529521 0.00753717 0.0138584 0.0230934 0.0338501 0.0439123 0.0511675 0.0549619 0.0566073 0.0584508 0.0621609 0.0675385 0.0726363 0.0749199
 1.2717e-16 4.15691e-05 0.000404066 0.00268516 0.0122064 0.0379787 0.0809184 0.118107 0.118129 0.0810229 0.0383302 0.013224 0.00524852 0.00603063 0.0108197 0.0180691 0.0266244 0.0347888 0.0409063 0.0443586 0.0459612 0.047324 0.0496646 0.053005 0.0562502 0.0579017
 1.0915e-16 6.25621e-05 0.000608126 0.00404121 0.0183708 0.0571583 0.121782 0.177748 0.177761 0.121848 0.0573785 0.0190075 0.00564231 0.0041128 0.00674715 0.0111327 0.0162191 0.0208099 0.0237481 0.0245545 0.0237211 0.0223476 0.0214042 0.0211974 0.0213608 0.0212365
 1.05687e-16 5.04088e-05 0.000489991 0.00325617 0.0148021 0.0460549 0.098126 0.143224 0.143254 0.0982737 0.0465509 0.0162348 0.00685258 0.00834165 0.0149644 0.0246661 0.0355463 0.0447474 0.0493977 0.0481953 0.0421912 0.0340753 0.0265535 0.0210739 0.0176374 0.0154397
 1.04833e-16 5.70101e-05 0.000554159 0.00368258 0.0167405 0.052086 0.110975 0.161976 0.161996 0.111074 0.0524175 0.0176992 0.00609295 0.00582899 0.0101129 0.0167279 0.0243237 0.0310728 0.0351369 0.0356491 0.0331806 0.0292536 0.0253223 0.0220494 0.0193098 0.0166801
 1.08205e-16 3.48987e-05 0.000339228 0.00225429 0.0102477 0.0318846 0.0679351 0.099162 0.0992037 0.068139 0.0325694 0.0122264 0.00722446 0.0112002 0.0206944 0.0342434 0.0495311 0.0627252 0.0699364 0.0693776 0.0623982 0.0524834 0.043061 0.0358465 0.0307 0.0265819
 1.16407e-16 3.13755e-05 0.000304981 0.00202671 0.00921315 0.0286657 0.0610764 0.089149 0.0891789 0.0612225 0.0291574 0.0106374 0.00561718 0.00819401 0.0151642 0.0254139 0.0375316 0.049144 0.0578121 0.0623777 0.0635013 0.0628643 0.0617439 0.0601917 0.0573546 0.052426
 1.22367e-16 3.69466e-05 0.000359135 0.00238658 0.010849 0.0337555 0.0719206 0.104975 0.104999 0.0720388 0.034153 0.012 0.00528695 0.00672912 0.0122497 0.0205004 0.0302673 0.0396621 0.0468154 0.0509792 0.052943 0.0543037 0.0561714 0.0583673 0.0596477 0.0586023
 1.16628e-16 4.97326e-05 0.000483418 0.00321249 0.0146035 0.045437 0.0968091 0.1413 0.14132 0.0969068 0.0457655 0.0155538 0.00560369 0.00572338 0.0100614 0.0167165 0.024468 0.031627 0.0365371 0.0385301 0.0383342 0.0375078 0.0373406 0.0380879 0.0390122 0.0390089
 1.07152e-16 6.05175e-05 0.000588252 0.00390914 0.0177704 0.0552904 0.117803 0.17194 0.171957 0.117887 0.0555725 0.0185858 0.00595797 0.00506795 0.00858959 0.0141619 0.020534 0.0261262 0.0293817 0.0296165 0.0274273 0.0242579 0.0214743 0.0196732 0.0186321 0.0177358
 1.04373e-16 5.60704e-05 0.000545025 0.00362188 0.0164646 0.0512275 0.109147 0.159308 0.159332 0.109265 0.0516251 0.0176133 0.00650618 0.00684462 0.0120296 0.0198236 0.0286112 0.0361088 0.0400275 0.0393188 0.0347905 0.028534 0.0226407 0.0182116 0.0152353 0.0131134
 1.04812e-16 5.16398e-05 0.000501957 0.00333568 0.0151635 0.0471796 0.100522 0.14672 0.146747 0.100652 0.0476175 0.0164294 0.00651594 0.00745412 0.0132833 0.0219522 0.0317906 0.0403388 0.0451129 0.0449525 0.0406739 0.034436 0.0283643 0.0235268 0.0198671 0.0168104
 1.06966e-16 4.64132e-05 0.000451152 0.00299807 0.0136288 0.0424044 0.0903482 0.131872 0.131901 0.0904909 0.042884 0.0150153 0.00648309 0.00807445 0.01457 0.0241334 0.0350419 0.0446589 0.050315 0.0507688 0.0468949 0.0409741 0.0351923 0.0305551 0.0268655 0.0234323
 1.07065e-16 5.44164e-05 0.000528947 0.00351504 0.0159789 0.0497163 0.105927 0.154607 0.154628 0.106028 0.0500584 0.016968 0.00600248 0.0059747 0.0104431 0.0173004 0.0252043 0.0323048 0.0367466 0.0376762 0.0357065 0.0323941 0.0291725 0.0266063 0.0244186 0.0220386
 1.01813e-16 7.38965e-05 0.0007183 0.00477336 0.021699 0.0675137 0.143845 0.209948 0.209955 0.14388 0.0676315 0.0220394 0.00562855 0.00258755 0.00363097 0.00590443 0.00854289 0.0108384 0.0121242 0.0120984 0.0109955 0.00941146 0.00792489 0.00681373 0.00603373 0.0053877
 1.02766e-16 3.32252e-05 0.000322961 0.00214619 0.0097563 0.0303557 0.0646781 0.0944106 0.0944635 0.0649365 0.0312232 0.0122609 0.00842967 0.0140284 0.0260286 0.0428896 0.0615737 0.0769954 0.0839932 0.0801897 0.0674316 0.0505893 0.0347172 0.0227614 0.0151211 0.0106638
 1.02591e-16 7.11691e-05 0.000691789 0.00459718 0.0208981 0.0650218 0.138536 0.202199 0.202205 0.138567 0.0651257 0.0211992 0.00535708 0.00236465 0.00328916 0.00543145 0.00806447 0.0106543 0.0126894 0.0139038 0.0143766 0.0143703 0.0140623 0.0134167 0.0122877 0.01062
 1.03188e-16 4.75151e-05 0.000461864 0.00306925 0.0139524 0.0434112 0.0924936 0.135005 0.135041 0.0926716 0.0440088 0.0156778 0.00739817 0.0099047 0.0179602 0.0295624 0.0424568 0.0531357 0.0580661 0.0556403 0.0471583 0.0359849 0.0255764 0.0178923 0.0131033 0.0103207
 1.06207e-16 4.68969e-05 0.000455854 0.00302931 0.0137708 0.0428463 0.0912896 0.133246 0.133272 0.0914214 0.0432892 0.0150519 0.00625209 0.007515 0.013523 0.0224628 0.0327735 0.0420838 0.0479716 0.0492636 0.0466345 0.0419603 0.0370025 0.0325172 0.0283276 0.0239931
 1.06148e-16 5.78767e-05 0.000562582 0.00373856 0.016995 0.0528777 0.112662 0.164438 0.164456 0.112752 0.0531795 0.0178677 0.00593313 0.00536605 0.00921824 0.0152478 0.0221963 0.0284171 0.0322709 0.0330117 0.0311991 0.0282324 0.0253976 0.0231964 0.0213646 0.0193617
 1.04474e-16 5.85659e-05 0.000569281 0.00378307 0.0171973 0.0535073 0.114004 0.166396 0.166418 0.114107 0.0538548 0.0182014 0.00630465 0.00607822 0.010534 0.0173565 0.0250796 0.0317165 0.0352845 0.0348797 0.0312056 0.0260656 0.0212414 0.0176362 0.0151857 0.013335
 1.08502e-16 2.56121e-05 0.000248959 0.00165442 0.0075208 0.0234003 0.0498586 0.0727808 0.0728318 0.0501078 0.0242373 0.00993953 0.00772954 0.0135235 0.0252733 0.041838 0.0604934 0.0765482 0.0852184 0.0842815 0.075354 0.0626875 0.0505088 0.0410074 0.0341452 0.0287851
 1.08894e-16 5.86829e-05 0.000570418 0.00379063 0.0172317 0.0536142 0.114231 0.166726 0.166736 0.114283 0.0537892 0.0177399 0.00507612 0.00340916 0.00554561 0.00932589 0.0140166 0.0188619 0.0231075 0.02638 0.0288069 0.030706 0.0321295 0.032697 0.0318556 0.0293114
 1.08043e-16 4.85618e-05 0.000472038 0.00313686 0.0142597 0.0443675 0.0945307 0.137977 0.138007 0.0946791 0.0448657 0.0156989 0.0067498 0.0083604 0.0150346 0.0247932 0.0357536 0.0450714 0.0499043 0.0490022 0.0434802 0.0360721 0.0294633 0.0249877 0.0224512 0.0208329
 1.11289e-16 3.39125e-05 0.000329642 0.00219059 0.00995812 0.0309836 0.0660153 0.096359 0.0963964 0.0661981 0.0315982 0.0117353 0.00665939 0.0101111 0.0186874 0.0310411 0.0451829 0.0578068 0.0655393 0.0668015 0.0626685 0.0559556 0.0493224 0.0439311 0.0394616 0.0350331
 1.09232e-16 5.7494e-05 0.000558863 0.00371384 0.0168826 0.0525281 0.111917 0.163349 0.163363 0.111987 0.0527615 0.0175587 0.00541814 0.00430282 0.00723736 0.0120571 0.0177965 0.0233 0.0274242 0.0296531 0.030348 0.0303532 0.0302915 0.030148 0.0294165 0.0275762
 1.0679e-16 5.34108e-05 0.000519172 0.00345008 0.0156836 0.0487976 0.103969 0.151752 0.151777 0.104094 0.0492177 0.0168972 0.00649735 0.00717466 0.0127036 0.0209456 0.0302398 0.038192 0.0424125 0.0418376 0.0373739 0.0312734 0.0257465 0.0218903 0.0195573 0.0179438
 1.10611e-16 2.812e-05 0.000273336 0.00181642 0.0082572 0.0256914 0.05474 0.0799041 0.0799494 0.0549612 0.0264345 0.0104049 0.00721355 0.0120758 0.0225031 0.0373153 0.054121 0.0688362 0.0772939 0.0775553 0.0709994 0.0612364 0.0517752 0.044308 0.0386271 0.0336792
 1.18245e-16 3.57982e-05 0.000347971 0.00231239 0.0105118 0.0327063 0.069685 0.101712 0.101735 0.0697957 0.0330788 0.0115923 0.00504159 0.00636208 0.0116236 0.0195959 0.0292526 0.038956 0.047028 0.0526818 0.0563367 0.0589613 0.0610282 0.0620205 0.0608542 0.0567444
pSPR Fmed_Fpbrs
0.747526   0.190092 0.190092
Fs Fmed_Fpbrs
0.144141   1.005 1.005
SSBpbr Bo_Bmed_Bpbrs
2.55585e+06  1.78277e+06  358055 358055
Ro
245553
SPR SPRFo_SPRFmed_SPRFpbrs
1.74795e+06 1.30663e+06 332271
Fref
1.005
log_Ro
12.2313
likeval ReclasPelacesDesembMPH_pf_preclas_ppelaces_ptallas_desvR_qrecl_qpela
 19.9929 19.0219 0.156001 0.000793687 229.939 107.687 77.9797 0 18.9815 1.34205e-05 0 0.79169 0 0 0
q_reclas_q_pelaces
0.595044 1
M
1
N
 259790 56312 243599 12346.4 0.398332
 153134 88709.1 19077.6 82527.7 4182.9
 148976 49319.3 28171.1 6058.44 27536.5
 346823 48229.4 15752.3 8997.71 10730
 279013 107915 14743.3 4815.35 6030.61
 426412 97431.4 37476.8 5120.08 3766.59
 181082 141400 31955.9 12291.8 2914.68
 88572.7 53745.1 41025.4 9271.6 4411.96
 74965.4 31540.9 19073 14559 4856
 93014.7 24226.4 10054.2 6079.87 6188.9
 157887 28837.9 7376.41 3061.3 3735.58
 195321 55320.7 10052.3 2571.28 2369.26
 166689 56279.8 15533.6 2822.61 1387.26
 117447 48818.2 16090 4440.93 1203.57
 120565 30111.4 12047.3 3970.67 1392.95
 548169 34837.4 8481.35 3393.31 1510.75
 152772 158488 9818.96 2390.48 1382.21
 846231 48140.1 49130.4 3043.82 1169.51
 525473 264489 14789 15093.3 1294.37
 408106 152458 74835.1 4184.45 4636.76
 594178 122269 44695.8 21939.2 2586.09
 793118 187111 37875.6 13845.5 7597.25
 185442 239121 55238.3 11181.5 6330.27
 528783 60764.9 77401.4 17880.1 5668.4
 435720 176480 20072.5 25568 7778.79
 204065 144948 58087.1 6606.68 10975.8
 437438 69212.3 48741 19532.7 5912.4
 471285 146000 22864 16101.4 8405.67
 153625 159473 48968.6 7668.58 8219.67
 128591 51877 53366.2 16386.9 5316.88
pred_Ctot
 11863.6 2834.27 12260.7 621.413 0.0200487
 12186.7 7761.55 1669.19 7220.71 365.98
 11417.3 4156.51 2374.2 510.591 2320.71
 34270.5 5232.04 1708.85 976.092 1164.02
 8993.83 3837.66 524.3 171.243 214.459
 26805.7 6742.15 2593.36 354.304 260.644
 22506.7 19257.2 4352.06 1674.01 396.949
 1797.32 1204.2 919.202 207.737 98.8532
 5820.76 2692.91 1628.42 1243.03 414.599
 9374.72 2680.26 1112.34 672.64 684.703
 4766.03 960.511 245.688 101.963 124.422
 27299.6 8462.22 1537.67 393.319 362.418
 21886.9 8092.89 2233.69 405.884 199.484
 23169.2 10492.1 3458.1 954.455 258.674
 16675.9 4558.67 1823.88 601.133 210.883
 75650.9 5262.54 1281.19 512.593 228.213
 14028.1 15985.5 990.366 241.11 139.414
 81531.4 5092.94 5197.71 322.018 123.728
 71566 39434.3 2204.99 2250.35 192.986
 48687.3 19937.3 9786.36 547.21 606.36
 54774 12380.5 4525.71 2221.47 261.857
 91948.1 23784.2 4814.47 1759.94 965.708
 12932.1 18346.9 4238.24 857.919 485.699
 31259 3955.23 5038.11 1163.83 368.961
 26584.4 11854.3 1348.28 1717.42 522.506
 10134.5 7931.71 3178.59 361.525 600.609
 25848.6 4503.25 3171.3 1270.88 384.686
 24054 8209.84 1285.68 905.406 472.664
 8026.18 9178.49 2818.4 441.368 473.086
 8904.32 3952.44 4065.9 1248.5 405.086
F
 0.0745122 0.0823914 0.0823914 0.0823914 0.0823914
 0.133001 0.147065 0.147065 0.147065 0.147065
 0.127813 0.141328 0.141328 0.141328 0.141328
 0.16747 0.185178 0.185178 0.185178 0.185178
 0.0521115 0.0576219 0.0576219 0.0576219 0.0576219
 0.103815 0.114793 0.114793 0.114793 0.114793
 0.214697 0.2374 0.2374 0.2374 0.2374
 0.0325398 0.0359806 0.0359806 0.0359806 0.0359806
 0.129586 0.143288 0.143288 0.143288 0.143288
 0.171065 0.189154 0.189154 0.189154 0.189154
 0.0487323 0.0538854 0.0538854 0.0538854 0.0538854
 0.244309 0.270143 0.270143 0.270143 0.270143
 0.228027 0.252139 0.252139 0.252139 0.252139
 0.36108 0.399262 0.399262 0.399262 0.399262
 0.241498 0.267035 0.267035 0.267035 0.267035
 0.240904 0.266377 0.266377 0.266377 0.266377
 0.15483 0.171202 0.171202 0.171202 0.171202
 0.162994 0.180229 0.180229 0.180229 0.180229
 0.237407 0.262511 0.262511 0.262511 0.262511
 0.205302 0.227011 0.227011 0.227011 0.227011
 0.155479 0.171919 0.171919 0.171919 0.171919
 0.199001 0.220044 0.220044 0.220044 0.220044
 0.115729 0.127966 0.127966 0.127966 0.127966
 0.0973671 0.107663 0.107663 0.107663 0.107663
 0.100627 0.111267 0.111267 0.111267 0.111267
 0.0812596 0.0898522 0.0898522 0.0898522 0.0898522
 0.0973255 0.107617 0.107617 0.107617 0.107617
 0.0835911 0.0924302 0.0924302 0.0924302 0.0924302
 0.0856385 0.0946941 0.0946941 0.0946941 0.0946941
 0.114873 0.12702 0.12702 0.12702 0.12702
nmprior
 8 8 7 0
nm_flota  nm_reclas  nm_pelaces    nm_pelaL
inf 10.7036 10.2924 16.4067
cv_recla  cv_pelaces  cv_mph
0.413966 0.513206 0.869421
 ------------------------------------------------
Talla a la edad & desviación 
 8 13.2811 15.8009 17.003 17.5766
 0.8 1.32811 1.58009 1.7003 1.75766
