years
 1991 1992 1993 1994 1995 1996 1997 1998 1999 2000 2001 2002 2003 2004 2005 2006 2007 2008 2009 2010 2011 2012 2013 2014 2015 2016 2017 2018 2019 2020
reclasobs
 0 0 0 0 0 0 0 0 0 252601 567819 844713 477998 351125 339783 2.1784e+06 2.13404e+06 4.81314e+06 1.55562e+06 2.62356e+06 3.21686e+06 3.843e+06 1.13348e+06 3.07943e+06 1.97215e+06 2.03268e+06 2.025e+06 2.42433e+06 2.27542e+06 1.05018e+06
reclaspred
 2.25447e+06 1.22169e+06 593144 358294 224614 912391 411834 271878 209969 203290 372710 539365 521035 364744 335032 1.26688e+06 1.0565e+06 2.88041e+06 2.32339e+06 1.62359e+06 2.93588e+06 2.41064e+06 1.69845e+06 2.77217e+06 1.98963e+06 1.60962e+06 2.10056e+06 2.44097e+06 1.86783e+06 939928
pelacesobs
 0 0 0 0 0 0 0 0 0 0 0 0 0 0 0 552880 188675 0 991730 2.46772e+06 1.41603e+06 1.21717e+06 2.29649e+06 1.80582e+06 0 1.4828e+06 1.56532e+06 1.57751e+06 1.42118e+06 867257
pelacespred
 997652 580491 272719 123351 86616.6 396238 134124 131220 82048.8 80239.1 167720 206599 221736 156875 148073 492986 413945 1.34003e+06 1.08614e+06 704362 1.26067e+06 1.08972e+06 771436 1.40322e+06 961234 775982 1.16361e+06 1.32411e+06 838330 486651
mphobs
 0 0 0 0 0 0 0 0 0 0 0 498337 0 5186 125008 0 168611 109162 213762 579715 649985 157893 87575 83554 0 0 0 0 0 0
mphpred
 1.98391e+06 1.23664e+06 590830 295589 153255 125122 460951 174472 126265 81066.7 84598.4 252171 286182 224709 126677 152862 824297 643625 1.64447e+06 1.17541e+06 1.17484e+06 1.5138e+06 1.44732e+06 1.04484e+06 1.56512e+06 1.21924e+06 910914 1.09719e+06 1.69086e+06 1.01602e+06
desembarqueobs
 494567 514787 250237 358949 120608 361735 552515 73892 212993 205616 52469 317467 293654 387597 252695 516296 358380 742168 942051 627588 828172 859565 418607 520667 417249 300574 407403 355545 319650 289779
desembarquepred
 494543 514749 249803 358958 120598 361630 552151 73888.3 212933 205562 52468.6 317421 293596 387392 252602 516131 358363 741946 941513 627218 828068 859304 418541 520622 417179 300523 407338 355483 319599 289742
Reclutas
 131565 101715 80879.9 57478.2 41529.5 243419 50937.9 16696.2 30175 58772.3 93798.3 131923 103717 70624.9 63156.3 451583 52369.6 721048 360320 267858 433955 569052 73981.8 340506 252058 97284.8 288979 336582 54136.8 34459.8
log_desv_Rt
 0.0906393 -0.166694 -0.395899 -0.737459 -1.06246 0.70592 -0.858258 -1.97368 -1.38185 -0.715194 -0.247718 0.0933546 -0.147197 -0.531481 -0.643252 1.32389 -0.830538 1.79184 1.09813 0.801591 1.28408 1.55511 -0.485045 1.04157 0.740794 -0.211222 0.87749 1.02998 -0.797351 -1.24907
SSB
 1.98391e+06 1.23664e+06 590830 295589 153255 125122 460951 174472 126265 81066.7 84598.4 252171 286182 224709 126677 152862 824297 643625 1.64447e+06 1.17541e+06 1.17484e+06 1.5138e+06 1.44732e+06 1.04484e+06 1.56512e+06 1.21924e+06 910914 1.09719e+06 1.69086e+06 1.01602e+06
BT
 2.72782e+06 1.84702e+06 871327 584892 300996 1.23087e+06 789736 369861 394817 379190 430558 738288 775886 762358 595141 1.55061e+06 1.23597e+06 3.75341e+06 3.40298e+06 2.19916e+06 3.57919e+06 3.31778e+06 2.14436e+06 3.72396e+06 2.60984e+06 2.06021e+06 3.10428e+06 3.41179e+06 2.2004e+06 1.42065e+06
Ftot
 0.222734 0.422863 0.426873 1.00516 0.583146 0.538317 1.25066 0.296815 1.14337 1.19543 0.1898 0.685043 0.641498 1.17979 0.929492 0.562123 0.348582 0.339632 0.448806 0.429234 0.332117 0.41212 0.252092 0.232697 0.229918 0.199349 0.239657 0.182749 0.170587 0.305773
BD_Bspro_t
 0.965205 0.763136 0.551541 0.416393 0.262606 0.281151 0.478075 0.22414 0.224977 0.189119 0.239425 0.55743 0.457184 0.358484 0.235495 0.276627 0.553445 0.481813 0.640536 0.5306 0.487183 0.54787 0.567167 0.528549 0.654848 0.652625 0.641535 0.706149 0.77258 0.67361
BD_Bspro
 2.31933 1.44572 0.690721 0.345564 0.179166 0.146277 0.538884 0.20397 0.147613 0.0947726 0.0989015 0.294805 0.334567 0.2627 0.148094 0.178707 0.963661 0.752442 1.9225 1.37414 1.37347 1.76973 1.69202 1.22149 1.82974 1.42538 1.06492 1.28269 1.97673 1.1878
BD_Bo
 1.17741 0.733919 0.350645 0.175426 0.0909538 0.0742574 0.273565 0.103546 0.0749356 0.0481113 0.0502074 0.149658 0.169843 0.13336 0.07518 0.0907205 0.489203 0.381978 0.975958 0.697582 0.697243 0.898406 0.858954 0.620088 0.928868 0.723593 0.540608 0.651158 1.00349 0.602985
BD_Brms
 5.84598 3.64401 1.741 0.871013 0.451598 0.368698 1.35829 0.514118 0.372066 0.238879 0.249286 0.743072 0.843293 0.66215 0.373279 0.45044 2.42896 1.89657 4.84577 3.46359 3.4619 4.46071 4.26483 3.07882 4.61196 3.59274 2.68419 3.23309 4.98246 2.9939
Sel_flota
 0.637031 0.970885 0.998424 0.999917 0.999996
 0.637031 0.970885 0.998424 0.999917 0.999996
 0.637031 0.970885 0.998424 0.999917 0.999996
 0.637031 0.970885 0.998424 0.999917 0.999996
 0.637031 0.970885 0.998424 0.999917 0.999996
 0.637031 0.970885 0.998424 0.999917 0.999996
 0.637031 0.970885 0.998424 0.999917 0.999996
 0.637031 0.970885 0.998424 0.999917 0.999996
 0.637031 0.970885 0.998424 0.999917 0.999996
 0.637031 0.970885 0.998424 0.999917 0.999996
 0.637031 0.970885 0.998424 0.999917 0.999996
 0.637031 0.970885 0.998424 0.999917 0.999996
 0.637031 0.970885 0.998424 0.999917 0.999996
 0.637031 0.970885 0.998424 0.999917 0.999996
 0.637031 0.970885 0.998424 0.999917 0.999996
 0.637031 0.970885 0.998424 0.999917 0.999996
 0.637031 0.970885 0.998424 0.999917 0.999996
 0.637031 0.970885 0.998424 0.999917 0.999996
 0.637031 0.970885 0.998424 0.999917 0.999996
 0.637031 0.970885 0.998424 0.999917 0.999996
 0.637031 0.970885 0.998424 0.999917 0.999996
 0.637031 0.970885 0.998424 0.999917 0.999996
 0.637031 0.970885 0.998424 0.999917 0.999996
 0.637031 0.970885 0.998424 0.999917 0.999996
 0.637031 0.970885 0.998424 0.999917 0.999996
 0.637031 0.970885 0.998424 0.999917 0.999996
 0.637031 0.970885 0.998424 0.999917 0.999996
 0.637031 0.970885 0.998424 0.999917 0.999996
 0.637031 0.970885 0.998424 0.999917 0.999996
 0.637031 0.970885 0.998424 0.999917 0.999996
Sel_reclas
 1 1 1 1 1
 1 1 1 1 1
 1 1 1 1 1
 1 1 1 1 1
 1 1 1 1 1
 1 1 1 1 1
 1 1 1 1 1
 1 1 1 1 1
 1 1 1 1 1
 1 1 1 1 1
 1 1 1 1 1
 1 1 1 1 1
 1 1 1 1 1
 1 1 1 1 1
 1 1 1 1 1
 1 1 1 1 1
 1 1 1 1 1
 1 1 1 1 1
 1 1 1 1 1
 1 1 1 1 1
 1 1 1 1 1
 1 1 1 1 1
 1 1 1 1 1
 1 1 1 1 1
 1 1 1 1 1
 1 1 1 1 1
 1 1 1 1 1
 1 1 1 1 1
 1 1 1 1 1
 1 1 1 1 1
Sel_pelaces
 1 1 1 1 1
 1 1 1 1 1
 1 1 1 1 1
 1 1 1 1 1
 1 1 1 1 1
 1 1 1 1 1
 1 1 1 1 1
 1 1 1 1 1
 1 1 1 1 1
 1 1 1 1 1
 1 1 1 1 1
 1 1 1 1 1
 1 1 1 1 1
 1 1 1 1 1
 1 1 1 1 1
 1 1 1 1 1
 1 1 1 1 1
 1 1 1 1 1
 1 1 1 1 1
 1 1 1 1 1
 1 1 1 1 1
 1 1 1 1 1
 1 1 1 1 1
 1 1 1 1 1
 1 1 1 1 1
 1 1 1 1 1
 1 1 1 1 1
 1 1 1 1 1
 1 1 1 1 1
 1 1 1 1 1
pf_obs 
 0.8446 0.082 0.0669 0.0065 0
 0.8095 0.147 0.0364 0.0071 0
 0.9664 0.0169 0.016 0.0007 0
 0.9276 0.0648 0.0075 0.0001 0
 0.7033 0.2144 0.0806 0.0017 0
 0.9318 0.0425 0.0243 0.0014 0
 0.5671 0.3108 0.0964 0.0239 0.0018
 0.0768 0.2599 0.5324 0.112 0.0189
 0.490249 0.384438 0.106611 0.0170017 0.00170017
 0.7925 0.1577 0.0466 0.003 0.0002
 0.840416 0.127587 0.0312969 0.00059994 9.999e-05
 0.8084 0.0986 0.0794 0.0134 0.0002
 0.7335 0.1905 0.0724 0.0035 0.0001
 0.4001 0.4547 0.1325 0.0127 0
 0.49795 0.308269 0.164784 0.0264974 0.00249975
 0.9179 0.0499 0.0305 0.0017 0
 0.2467 0.6533 0.0926 0.0074 0
 0.9418 0.0223 0.034 0.0019 0
 0.707729 0.231977 0.0356964 0.0245975 0
 0.517169 0.277429 0.184464 0.0207286 0.00020938
 0.811772 0.124168 0.05621 0.00726502 0.000585176
 0.764997 0.148141 0.077277 0.00933861 0.000247198
 0.163321 0.427699 0.378323 0.0303852 0.000271297
 0.753843 0.0900009 0.118128 0.0371064 0.000921714
 0.721811 0.176058 0.0630433 0.0369309 0.00215725
 0.143369 0.312575 0.442814 0.0836902 0.0175525
 0.692698 0.0596174 0.167031 0.0765114 0.00414204
 0.394062 0.376323 0.152708 0.0712218 0.00568511
 0.125707 0.32114 0.495352 0.0537591 0.00404204
 0.23352 0.215282 0.420074 0.123614 0.00750983
pf_pred 
 0.394514 0.201967 0.366342 0.037176 8.99447e-07
 0.460633 0.274282 0.0902313 0.158768 0.0160858
 0.534526 0.27228 0.0999372 0.0317815 0.061475
 0.551351 0.294003 0.0917757 0.0325521 0.0303184
 0.64759 0.245918 0.0708821 0.0211538 0.0144554
 0.924829 0.0569418 0.0128637 0.00357367 0.00179169
 0.366713 0.604211 0.0222206 0.00484079 0.00201506
 0.417685 0.309593 0.260789 0.0091249 0.0028077
 0.704754 0.158387 0.0738538 0.060253 0.00275214
 0.871974 0.105524 0.0123464 0.00548711 0.00466898
 0.853278 0.136421 0.00856332 0.000954389 0.000782973
 0.735263 0.238344 0.0245915 0.00149807 0.000303435
 0.660636 0.280825 0.0529044 0.00525087 0.000383855
 0.617449 0.29468 0.0731893 0.0132714 0.0014106
 0.741789 0.196082 0.048391 0.0114481 0.00229049
 0.954182 0.0385167 0.00560212 0.00132377 0.000374944
 0.231508 0.747136 0.018057 0.00253258 0.000766431
 0.912428 0.0284481 0.0575327 0.00134598 0.000245477
 0.525592 0.448022 0.00876043 0.0171517 0.000473615
 0.545954 0.292511 0.152848 0.00288783 0.00579938
 0.724898 0.182631 0.0602906 0.0304528 0.00172755
 0.711647 0.233319 0.0369362 0.0118063 0.00629075
 0.199785 0.6406 0.129985 0.019898 0.00973122
 0.737077 0.0741097 0.15208 0.0299232 0.00680933
 0.563344 0.356682 0.0230437 0.0458693 0.0110608
 0.353766 0.432073 0.175938 0.0110263 0.0271961
 0.741126 0.119297 0.09425 0.0372477 0.00807859
 0.670241 0.270175 0.0279187 0.0213933 0.0102714
 0.200192 0.606913 0.158902 0.0159416 0.0180514
 0.26916 0.204187 0.402481 0.102319 0.0218531
pobs_RECLAS
 0 0 0 0 0
 0 0 0 0 0
 0 0 0 0 0
 0 0 0 0 0
 0 0 0 0 0
 0 0 0 0 0
 0 0 0 0 0
 0 0 0 0 0
 0 0 0 0 0
 0 0 0 0 0
 0.991045 0.00858322 0.000360255 1.14367e-05 0
 0.934742 0.0480273 0.0164251 0.00080598 0
 0.827803 0.169806 0.00239088 0 0
 0.941827 0.0461693 0.0120037 0 0
 0.791401 0.0380133 0.147996 0.0225897 0
 0.846168 0.0940531 0.0597789 0 0
 0.134021 0.677848 0.182769 0.00536245 0
 0.80878 0.0450904 0.141981 0.00414843 0
 0.846168 0.0940531 0.0597789 0 0
 0.905697 0.0802665 0.012482 0.00150086 5.37128e-05
 0.989698 0.0102097 9.19794e-05 0 0
 0.975433 0.0193895 0.00387452 0.00125025 5.28907e-05
 0.303575 0.632131 0.0575291 0.00676475 0
 0.966965 0.00978017 0.0227588 0.000495775 0
 0.843318 0.132988 0.00938335 0.0141283 0.000182051
 0.564624 0.303363 0.111486 0.0197234 0.00080311
 0.826376 0.0876187 0.0782897 0.00655872 0.00115652
 0.89761 0.0855135 0.0140674 0.00269457 0.000114338
 0.34875 0.467042 0.161289 0.0227151 0.000203297
 0.318654 0.224769 0.449479 0.00709798 0
ppred_RECLAS
 0.504801 0.168356 0.296772 0.0300702 7.27468e-07
 0.572902 0.220428 0.0704208 0.123716 0.0125334
 0.642811 0.211542 0.0754006 0.023941 0.0463052
 0.665246 0.221849 0.0670523 0.0237418 0.0221106
 0.743072 0.180934 0.0506104 0.0150798 0.0103039
 0.950699 0.0376177 0.00824874 0.00228794 0.00114698
 0.485521 0.49162 0.0174773 0.00380053 0.00158189
 0.528098 0.254283 0.208112 0.00727053 0.00223693
 0.796509 0.110882 0.050016 0.0407327 0.00186035
 0.917376 0.0685078 0.00775127 0.00343871 0.00292572
 0.899337 0.093782 0.00572155 0.000636702 0.000522304
 0.813713 0.16822 0.0168352 0.0010239 0.000207374
 0.75376 0.204823 0.0374359 0.00370958 0.000271159
 0.724716 0.213679 0.0513271 0.00929046 0.000987378
 0.821619 0.136501 0.0326318 0.00770673 0.00154179
 0.970237 0.0251396 0.00354877 0.000837226 0.000237116
 0.317445 0.664119 0.0155916 0.00218341 0.000660708
 0.942473 0.0190559 0.0374373 0.000874489 0.000159474
 0.632279 0.34785 0.0066046 0.0129106 0.000356474
 0.652872 0.225961 0.11466 0.00216294 0.0043433
 0.804003 0.1314 0.0421402 0.0212521 0.0012055
 0.793349 0.168152 0.0258522 0.0082505 0.00439574
 0.278422 0.580957 0.114551 0.0175084 0.0085619
 0.814634 0.0533404 0.106372 0.0208978 0.00475512
 0.665726 0.274523 0.0172357 0.0342559 0.00825966
 0.458746 0.365319 0.144576 0.00904701 0.0223124
 0.817066 0.0856278 0.06574 0.0259408 0.0056258
 0.757973 0.199335 0.0200205 0.0153178 0.00735383
 0.278568 0.5512 0.140272 0.0140512 0.0159096
 0.366748 0.180672 0.345999 0.0878246 0.0187559
pobs_PELACES
 0 0 0 0 0
 0 0 0 0 0
 0 0 0 0 0
 0 0 0 0 0
 0 0 0 0 0
 0 0 0 0 0
 0 0 0 0 0
 0 0 0 0 0
 0 0 0 0 0
 0 0 0 0 0
 0 0 0 0 0
 0 0 0 0 0
 0 0 0 0 0
 0 0 0 0 0
 0 0 0 0 0
 0 0 0 0 0
 0.505614 0.472636 0.0217494 0 0
 0 0 0 0 0
 0.443492 0.261883 0.143347 0.151278 0
 0.227955 0.32914 0.350689 0.0885471 0.00366901
 0.970185 0.0296113 0.000203453 0 0
 0.997202 0.00247181 0.000326279 0 0
 0.445219 0.490057 0.0546422 0.010081 0
 0.90214 0.0892962 0.00764917 0.000914606 0
 0 0 0 0 0
 0.581667 0.319106 0.0959925 0.00289975 0.000334073
 0.762889 0.0836404 0.116647 0.0363945 0.000428098
 0.88444 0.0763242 0.0277011 0.0115352 0
 0.521256 0.241999 0.230069 0.00667565 0
 0.616807 0.101726 0.260614 0.0208532 0
ppred_PELACES
 0.511269 0.16638 0.292696 0.0296539 7.17394e-07
 0.584728 0.214738 0.0683397 0.120035 0.0121604
 0.653903 0.205306 0.0728946 0.0231404 0.0447563
 0.690112 0.206016 0.0617006 0.0218361 0.0203353
 0.755439 0.172499 0.047996 0.0142967 0.00976864
 0.953457 0.0355544 0.00775826 0.00215133 0.00107848
 0.52008 0.458829 0.0161272 0.0035048 0.00145874
 0.536549 0.250041 0.204088 0.00712893 0.00219335
 0.81689 0.10026 0.0447572 0.0364294 0.00166376
 0.926954 0.0606811 0.00679153 0.00301117 0.00256188
 0.901225 0.0920341 0.00560524 0.000623701 0.000511636
 0.824971 0.15815 0.0157292 0.000956305 0.00019368
 0.766817 0.194153 0.0352794 0.00349479 0.000255454
 0.750329 0.194265 0.0461663 0.00835147 0.000887556
 0.83641 0.125433 0.0297336 0.00701905 0.00140418
 0.971996 0.0236728 0.00332468 0.000784142 0.000222078
 0.325843 0.656004 0.0153524 0.00214954 0.000650453
 0.944577 0.018397 0.0360315 0.00084151 0.000153459
 0.64375 0.337075 0.00637397 0.012457 0.000343946
 0.663815 0.219137 0.110765 0.00208901 0.00419479
 0.80986 0.127602 0.0407988 0.0205722 0.00116693
 0.800807 0.162199 0.0248437 0.00792703 0.00422336
 0.284128 0.576623 0.113436 0.0173359 0.00847747
 0.8187 0.0522498 0.103977 0.0204249 0.00464749
 0.671424 0.269948 0.016913 0.0336108 0.00810408
 0.464352 0.36175 0.142904 0.00894154 0.0220521
 0.821152 0.0838136 0.0642072 0.025333 0.00549395
 0.761702 0.196323 0.0196852 0.01506 0.00723
 0.282435 0.548447 0.139355 0.0139582 0.0158042
 0.375078 0.178655 0.341186 0.0865898 0.018492
pobs_pel_tallas
 0 0 0 0 0 0 0 0 0 0 0 0 0 0 0 0 0 0 0 0 0 0 0 0 0 0
 0 0 0 0 0 0 0 0 0 0 0 0 0 0 0 0 0 0 0 0 0 0 0 0 0 0
 0 0 0 0 0 0 0 0 0 0 0 0 0 0 0 0 0 0 0 0 0 0 0 0 0 0
 0 0 0 0 0 0 0 0 0 0 0 0 0 0 0 0 0 0 0 0 0 0 0 0 0 0
 0 0 0 0 0 0 0 0 0 0 0 0 0 0 0 0 0 0 0 0 0 0 0 0 0 0
 0 0 0 0 0 0 0 0 0 0 0 0 0 0 0 0 0 0 0 0 0 0 0 0 0 0
 0 0 0 0 0 0 0 0 0 0 0 0 0 0 0 0 0 0 0 0 0 0 0 0 0 0
 0 0 0 0 0 0 0 0 0 0 0 0 0 0 0 0 0 0 0 0 0 0 0 0 0 0
 0 0 0 0 0 0 0 0 0 0 0 0 0 0 0 0 0 0 0 0 0 0 0 0 0 0
 0 0 0 0 0 0 0 0 0 0 0 0 0 0 0 0 0 0 0 0 0 0 0 0 0 0
 0 0 0 0 0 0 0 0 0 0 0 0 0 0 0 0 0 0 0 0 0 0 0 0 0 0
 0 0 0 0 0 0 0 0 0 0 0 0 0 0 0 0 0 0 0 0 0 0 0 0 0 0
 0.00862536 0 0 0.000197151 0.00414017 0.0128641 0.00837892 0.0270097 0.101434 0.158115 0.152841 0.127902 0.109271 0.109419 0.0830992 0.0579132 0.0238553 0.00714673 0.00463305 0.00128148 0.00103504 0.000492878 0.000147863 0.000147863 4.92878e-05 0
 0 0 0 0 0 0 0 0 0 0 0 0 0 0 0 0 0 0 0 0 0 0 0 0 0 0
 0 0 0 0 0 0 0 0.0054083 0.00873648 0.0413646 0.0450493 0.0745869 0.0622846 0.0627006 0.0613931 0.0827291 0.12552 0.122667 0.0946155 0.0697135 0.0546179 0.0294188 0.0215738 0.0213955 0.0102223 0.00600262
 0 0 0 0 0.00359764 0.0251062 0.0480494 0.140153 0.205849 0.193036 0.1447 0.116669 0.0760912 0.0342217 0.00950174 0.001854 0.000860785 0 0 0 0.000165536 0 0.000143464 0 0 0
 0 0 0 0 0 0 0 0.000145254 0.000435761 0.0275982 0.070085 0.0708112 0.156366 0.174668 0.174014 0.160142 0.0824315 0.0480064 0.0283245 0.00493863 0.00203355 0 0 0 0 0
 0 0 0 0 0 0 0 0 0 0 0 0 0 0 0 0 0 0 0 0 0 0 0 0 0 0
 0 0 1.00437e-05 0.000401748 0.00122533 0.00171747 0.00176769 0.0269171 0.070346 0.194647 0.189555 0.159765 0.064822 0.0314167 0.0384472 0.0292271 0.0345202 0.0313363 0.0194345 0.0106764 0.0143323 0.0359363 0.0279516 0.0138201 0.00172751 0
 0 0.0021121 0.0136068 0.0755702 0.200478 0.177729 0.0527432 0.0373336 0.0318909 0.0142505 0.0149659 0.0166563 0.0217959 0.0798694 0.0677717 0.0528807 0.04013 0.0224614 0.0357745 0.0225083 0.00881397 0.00855152 0.00135912 0.000746735 0 0
 0 0 0 0 5.4009e-05 0.00500934 0.000945158 0.0243581 0.138947 0.33067 0.221406 0.137944 0.0707744 0.0437923 0.0131692 0.00525238 0.0047753 0.00276346 9.45158e-05 9.00151e-06 2.25038e-05 9.00151e-06 4.50075e-06 0 0 0
 0.000866109 0.00284123 0.00948549 0.0512746 0.133035 0.25785 0.225252 0.132002 0.0553304 0.0519788 0.0540692 0.017754 0.00435017 0.00159236 0.00146478 0.000404838 0.000125132 0.000115318 0.000107957 0.000100596 0 0 0 0 0 0
 0 0 0 0 0.00144013 0.00171154 0.00461396 0.0210425 0.0478622 0.0707936 0.0888783 0.103762 0.0637923 0.0337046 0.0602308 0.124433 0.169614 0.0934646 0.0462172 0.0250306 0.0313229 0.00938855 0.002487 0.000210481 0 0
 0 0.00764035 0.051015 0.0998891 0.058973 0.0496711 0.0374665 0.0718981 0.12319 0.153886 0.159021 0.0857701 0.0377988 0.023471 0.0147837 0.00900784 0.00315554 0.000888139 0.00291439 0.00214683 0.00393193 0.00274676 0.000635225 9.99891e-05 0 0
 0 0 0 0 0 0 0 0 0 0 0 0 0 0 0 0 0 0 0 0 0 0 0 0 0 0
 0 0 0 0 0 0 0 0 0 0 0 0 0 0 0 0 0 0 0 0 0 0 0 0 0 0
 0 0 0 0 0 0 0 0 0 0 0 0 0 0 0 0 0 0 0 0 0 0 0 0 0 0
 0 0 0 0 0 0 0 0 0 0 0 0 0 0 0 0 0 0 0 0 0 0 0 0 0 0
 0 0 0 0 0 0 0 0 0 0 0 0 0 0 0 0 0 0 0 0 0 0 0 0 0 0
 0 0 0 0 0 0 0 0 0 0 0 0 0 0 0 0 0 0 0 0 0 0 0 0 0 0
ppred_pel_tallas
 1.11464e-16 4.21126e-05 0.000409349 0.00272027 0.012366 0.0384752 0.0819761 0.11965 0.119666 0.0820567 0.0387472 0.0131568 0.00472584 0.00485486 0.00868205 0.0147999 0.0225096 0.0307902 0.0385393 0.045112 0.0504446 0.0545902 0.0571462 0.0572088 0.0539601 0.0473702
 1.16123e-16 4.81633e-05 0.000468164 0.00311112 0.0141427 0.0440033 0.0937545 0.136842 0.136863 0.0938561 0.044345 0.0151311 0.00559763 0.00591514 0.0104506 0.0173583 0.0253887 0.0327909 0.0378611 0.0399448 0.0398513 0.0392338 0.0394056 0.0405205 0.0416427 0.0414745
 1.12051e-16 5.38611e-05 0.00052355 0.00347917 0.0158158 0.049209 0.104846 0.15303 0.153049 0.104943 0.0495354 0.0167596 0.00585244 0.00571859 0.00996262 0.0164987 0.0240358 0.0308213 0.0351219 0.0361938 0.0347254 0.032314 0.0303978 0.029483 0.0291316 0.0284992
 1.07465e-16 5.68436e-05 0.00055254 0.00367183 0.0166916 0.0519339 0.110651 0.161503 0.161523 0.110749 0.0522609 0.0176369 0.00604776 0.0057493 0.00995644 0.01645 0.0238825 0.0304446 0.0343362 0.0347513 0.032344 0.0287296 0.0254313 0.0231073 0.0215175 0.0200217
 1.04517e-16 6.22246e-05 0.000604845 0.00401941 0.0182717 0.05685 0.121126 0.17679 0.176806 0.121207 0.0571236 0.0190626 0.00600673 0.00495004 0.00833483 0.0137344 0.0199062 0.025304 0.0283948 0.0284783 0.0260865 0.0225764 0.0192582 0.0167488 0.0149337 0.0133642
 1.00632e-16 7.8535e-05 0.000763389 0.00507299 0.0230611 0.0717515 0.152874 0.223125 0.223129 0.152891 0.0718078 0.0232238 0.00548171 0.00165643 0.00177688 0.00281932 0.00406807 0.00514599 0.00572696 0.0056625 0.00506359 0.00421892 0.00341472 0.00279784 0.00236237 0.00202614
 1.01182e-16 4.28384e-05 0.000416404 0.00276716 0.0125791 0.0391385 0.0833904 0.12172 0.121764 0.0836061 0.0398624 0.0146689 0.00800894 0.0118463 0.0217121 0.0357264 0.0512258 0.0639223 0.0694766 0.0658896 0.0547204 0.0400925 0.0263164 0.0159505 0.00940279 0.00575341
 1.0704e-16 4.41949e-05 0.00042959 0.00285478 0.0129774 0.0403777 0.0860298 0.125568 0.125592 0.086149 0.0407785 0.0141384 0.00578144 0.00685944 0.0123751 0.0206988 0.0305316 0.0398812 0.0466803 0.049868 0.0498469 0.0478847 0.0450278 0.0414959 0.0369487 0.0311801
 1.05253e-16 6.72862e-05 0.000654045 0.00434636 0.0197579 0.0614743 0.130978 0.191168 0.191178 0.131025 0.0616341 0.0202202 0.00550984 0.00320407 0.00494058 0.00814222 0.0119165 0.0154032 0.0177797 0.0186906 0.0184414 0.0177307 0.017137 0.0167775 0.0163555 0.0154678
 1.00948e-16 7.6352e-05 0.000742169 0.00493197 0.02242 0.0697571 0.148625 0.216924 0.21693 0.148654 0.069853 0.022697 0.00562723 0.00225967 0.00295768 0.00476715 0.0068565 0.00861645 0.00948437 0.0092068 0.00798904 0.00635754 0.00484499 0.00374119 0.00305332 0.00262822
 1.00335e-16 7.42328e-05 0.000721569 0.00479508 0.0217977 0.0678209 0.1445 0.210904 0.210913 0.144543 0.0679662 0.0222172 0.00584735 0.00301666 0.00442707 0.00718566 0.010307 0.012883 0.014043 0.0133863 0.0112204 0.00836101 0.00565718 0.00360804 0.00228838 0.00151652
 1.00624e-16 6.79518e-05 0.000660516 0.00438936 0.0199534 0.0620825 0.132274 0.193061 0.193076 0.132348 0.0623324 0.0206748 0.00619969 0.00461044 0.00756352 0.0123804 0.0177892 0.0222874 0.0243899 0.023407 0.019851 0.0150915 0.0105478 0.00704449 0.00469942 0.00321812
 1.01462e-16 6.31617e-05 0.000613955 0.00407995 0.0185469 0.0577062 0.12295 0.179453 0.179472 0.123041 0.0580135 0.0194344 0.00630831 0.00548006 0.00930929 0.0153015 0.0220617 0.027793 0.0307014 0.0299465 0.0261235 0.0208335 0.0157075 0.0116519 0.00875164 0.00665614
 1.0237e-16 6.18037e-05 0.000600754 0.00399222 0.0181481 0.0564655 0.120306 0.175595 0.175613 0.120398 0.0567733 0.0190375 0.00622622 0.00548225 0.00934624 0.0153887 0.0222438 0.0281417 0.0313133 0.0309303 0.0275722 0.0227878 0.0181251 0.0143986 0.011624 0.0094285
 1.01832e-16 6.8894e-05 0.000669675 0.00445022 0.0202301 0.0629434 0.134108 0.195737 0.195749 0.134167 0.0631421 0.0208044 0.00589284 0.00382207 0.00606514 0.00994211 0.0143719 0.0181916 0.0202614 0.0200517 0.0179415 0.0149332 0.0120222 0.00972359 0.00802994 0.00668105
 1.00219e-16 8.00621e-05 0.000778232 0.00517162 0.0235094 0.0731466 0.155847 0.227463 0.227466 0.155858 0.0731841 0.0236176 0.00544302 0.00137068 0.00120522 0.00186568 0.00267959 0.00336897 0.00371025 0.00360184 0.00311967 0.00246426 0.00184 0.00136055 0.0010349 0.000814244
 1.00937e-16 2.68394e-05 0.000260889 0.0017337 0.00788119 0.0245216 0.0522483 0.0762711 0.0763342 0.0525565 0.0255563 0.0108681 0.00922497 0.0165937 0.0309847 0.0510212 0.0731188 0.0911551 0.0989091 0.0935129 0.0772054 0.0559181 0.035872 0.0207902 0.0113072 0.00612796
 1.01155e-16 7.78035e-05 0.000756278 0.00502573 0.0228463 0.0710832 0.15145 0.221047 0.221048 0.151459 0.0711134 0.022934 0.00524858 0.0012509 0.00104099 0.00165963 0.00252644 0.00347364 0.00437603 0.00515752 0.00579883 0.00628751 0.00656104 0.00651103 0.00605476 0.00521205
 1.01578e-16 5.30249e-05 0.000515421 0.00342516 0.0155703 0.0484451 0.103219 0.150657 0.15069 0.103377 0.0489768 0.0171052 0.00727492 0.00890938 0.0159652 0.0262329 0.0376057 0.0469187 0.0509919 0.0483756 0.0402421 0.0296479 0.0197704 0.0124689 0.00798778 0.00557503
 1.04172e-16 5.46776e-05 0.000531486 0.00353191 0.0160556 0.0499549 0.106435 0.15535 0.155371 0.106539 0.050304 0.0170653 0.00607233 0.00609632 0.010679 0.0177122 0.0258434 0.0331877 0.0378284 0.0388272 0.0366957 0.0328914 0.0287914 0.0250022 0.0214216 0.0177589
 1.03471e-16 6.67072e-05 0.000648417 0.00430896 0.0195879 0.0609454 0.129851 0.189524 0.189536 0.129911 0.061148 0.0201737 0.00578152 0.00386987 0.00620516 0.0102066 0.0148243 0.0189142 0.0213572 0.0216432 0.0201542 0.0178573 0.0156613 0.013955 0.0126038 0.0112647
 1.02269e-16 6.59615e-05 0.000641169 0.00426079 0.019369 0.0602641 0.1284 0.187406 0.187422 0.128476 0.0605207 0.0201101 0.00612144 0.00470377 0.00778401 0.0127707 0.0184064 0.023182 0.0256071 0.024999 0.021884 0.0176307 0.0136193 0.0105941 0.00857454 0.00718715
 1.06595e-16 2.34034e-05 0.000227489 0.00151175 0.00687222 0.0213823 0.0455593 0.0665068 0.0665625 0.0458312 0.0222952 0.00950948 0.00813399 0.0146916 0.0275161 0.0455112 0.0656941 0.0828927 0.0918275 0.0900356 0.079295 0.0643323 0.0499163 0.0386259 0.0305882 0.024658
 1.05849e-16 6.74353e-05 0.000655495 0.00435599 0.0198017 0.0616105 0.131268 0.19159 0.191596 0.131293 0.0616964 0.0200518 0.0049914 0.00206781 0.00282377 0.00475541 0.00729732 0.0101269 0.0129408 0.0155714 0.0180001 0.0201922 0.0219131 0.0227329 0.0222491 0.0203508
 1.053e-16 5.53044e-05 0.000537578 0.0035724 0.0162396 0.0505276 0.107655 0.157132 0.157158 0.107782 0.050954 0.017471 0.00666232 0.00728002 0.0128525 0.0211417 0.0304123 0.0381804 0.0419727 0.0406971 0.0353228 0.0282542 0.0218973 0.0175177 0.0150513 0.0136731
 1.08845e-16 3.82481e-05 0.000371785 0.00247065 0.0112312 0.0349447 0.0744546 0.108676 0.108711 0.0746258 0.0355197 0.012894 0.00665146 0.00952155 0.0174827 0.0290179 0.0422078 0.0539337 0.0610116 0.0619357 0.0576913 0.0509134 0.0441244 0.0384822 0.0337839 0.0293046
 1.05345e-16 6.76372e-05 0.000657458 0.00436904 0.019861 0.0617951 0.131661 0.192165 0.192173 0.131701 0.0619295 0.0202504 0.00535095 0.00281578 0.00421044 0.006969 0.0103049 0.0135357 0.01601 0.017431 0.0179928 0.018152 0.0182282 0.0181785 0.0176962 0.0164934
 1.03353e-16 6.27404e-05 0.000609859 0.00405273 0.0184231 0.0573213 0.12213 0.178256 0.178275 0.122222 0.0576316 0.0193192 0.00630175 0.00551847 0.00938242 0.0154056 0.0221744 0.0278667 0.0306782 0.0297979 0.0259017 0.0207026 0.0159257 0.0124959 0.0104091 0.00913589
 1.08237e-16 2.32639e-05 0.000226134 0.00150274 0.00683127 0.0212549 0.0452878 0.0661099 0.0661629 0.0455466 0.0221242 0.00934327 0.00781279 0.0140162 0.0262577 0.0434882 0.0629131 0.0796741 0.0888038 0.0879744 0.0788181 0.0656865 0.0529136 0.0427588 0.0352289 0.0292408
 1.21705e-16 3.08947e-05 0.000300307 0.00199565 0.00907194 0.0282263 0.0601397 0.0877794 0.0877971 0.0602266 0.0285197 0.00992602 0.00416485 0.00511994 0.00943212 0.0161943 0.0248501 0.0344548 0.0439982 0.0529476 0.0613072 0.0690365 0.075385 0.0788661 0.0779987 0.0722308
pSPR Fmed_Fpbrs
0.511395   0.251404 0.251404
Fs Fmed_Fpbrs
0.423398   1.005 1.005
SSBpbr Bo_Bmed_Bpbrs
1.68498e+06  777441  339362 339362
Ro
120165
SPR SPRFo_SPRFmed_SPRFpbrs
855381 437437 215046
Fref
1.005
log_Ro
11.5166
likeval ReclasPelacesDesembMPH_pf_preclas_ppelaces_ptallas_desvR_qrecl_qpela
 13.2516 25.7802 0.0266647 0.00223533 231.486 103.904 79.1762 0 38.4915 0 0 0.0684106 0 0 0
q_reclas_q_pelaces
1 1
M
1
N
 131565 45540.6 80523.8 8160.36 0.19742
 101715 41997.7 13495.5 23716.5 2402.71
 80879.9 28582.5 10247.8 3254.89 6295.52
 57478.2 22669.8 6947.27 2461.73 2292.69
 41529.5 11146.1 3142.88 936.855 640.158
 243419 10537.3 2327.79 645.915 323.815
 50937.9 63552.1 2298.55 500.299 208.248
 16696.2 8447.7 6942.13 242.582 74.6363
 30175 5084.02 2329.66 1898.88 86.7295
 58772.3 5358.32 616.325 273.666 232.851
 93798.3 10096.1 617.563 68.733 56.3839
 131923 30576.7 3089.07 187.969 38.0712
 103717 31369.2 5784.26 573.445 41.9182
 70624.9 25356 6190.44 1121.49 119.196
 63156.3 12253.6 2967.08 701.228 140.291
 451583 12852 1828.31 431.516 122.215
 52369.6 116125 2739.4 383.719 116.116
 721048 15429.3 30454.6 711.562 129.764
 360320 213652 4081.75 7981.61 220.384
 267858 99592.6 50836.3 959.279 1926.31
 433955 74964.9 24151.6 12183.1 691.086
 569052 129201 19976.8 6377.38 3397.83
 73981.8 161005 31856.8 4870.04 2381.55
 340506 23178.6 46371.5 9111.67 2073.3
 252058 108007 6802.62 13522.5 3260.53
 97284.8 80093.4 31784.3 1989.24 4906.04
 288979 31520.9 24279.9 9582.49 2078.18
 336582 91257.6 9188.67 7031.28 3375.63
 54136.8 110214 28113.7 2816.54 3189.08
 34459.8 17865 34357 8722.79 1862.86
pred_Ctot
 11129.5 5697.63 10334.7 1048.76 0.025374
 15519.5 9241.04 3040.04 5349.15 541.957
 12445 6339.3 2326.76 739.946 1431.28
 18086.3 9644.35 3010.57 1067.83 994.551
 8394.6 3187.8 918.832 274.213 187.383
 45930.2 2827.93 638.855 177.481 88.9815
 18841.3 31043.8 1141.67 248.715 103.532
 1846.5 1368.65 1152.9 40.3393 12.4123
 10458.2 2350.38 1095.95 894.123 40.8403
 21043.3 2546.59 297.954 132.42 112.676
 6819.5 1090.29 68.439 7.62759 6.25761
 30549.5 9902.95 1021.75 62.2432 12.6074
 22732.8 9663.32 1820.46 180.685 13.2086
 25046 11953.3 2968.83 538.335 57.2189
 18708.4 4945.32 1220.45 288.73 57.7676
 88450.8 3570.42 519.306 122.711 34.7565
 6712.35 21662.5 523.544 73.4297 22.2219
 90251.7 2813.91 5690.78 133.136 24.281
 57969.2 49413.8 966.215 1891.71 52.2364
 41418.4 22191.1 11595.7 219.083 439.966
 53217.3 13407.6 4426.15 2235.65 126.825
 84849.8 27818.7 4403.92 1407.67 750.047
 7029.62 22540.1 4573.66 700.129 342.402
 30015.2 3017.89 6193 1218.53 277.289
 21969.1 13909.7 898.648 1788.79 431.342
 7410.41 9050.71 3685.41 230.971 569.682
 26187.9 4215.42 3330.36 1316.16 285.46
 23605.1 9515.24 983.26 753.444 361.745
 3555.27 10778.4 2821.99 283.111 320.581
 3917.05 2971.51 5857.25 1489.03 318.025
F
 0.141889 0.216249 0.222383 0.222716 0.222733
 0.269377 0.410551 0.422196 0.422828 0.422861
 0.271932 0.414445 0.4262 0.426838 0.426871
 0.640318 0.975894 1.00358 1.00508 1.00516
 0.371482 0.566168 0.582227 0.583098 0.583144
 0.342925 0.522644 0.537469 0.538272 0.538315
 0.796713 1.21425 1.24869 1.25056 1.25066
 0.18908 0.288173 0.296347 0.29679 0.296813
 0.728364 1.11008 1.14157 1.14328 1.14337
 0.761526 1.16062 1.19355 1.19533 1.19542
 0.120909 0.184274 0.189501 0.189784 0.189799
 0.436394 0.665097 0.683963 0.684986 0.68504
 0.408654 0.62282 0.640487 0.641444 0.641495
 0.751561 1.14544 1.17793 1.17969 1.17978
 0.592116 0.90243 0.928027 0.929415 0.929488
 0.35809 0.545757 0.561237 0.562076 0.562121
 0.222058 0.338433 0.348033 0.348553 0.34858
 0.216356 0.329743 0.339097 0.339604 0.33963
 0.285904 0.435739 0.448099 0.448769 0.448804
 0.273435 0.416736 0.428557 0.429198 0.429232
 0.211569 0.322448 0.331594 0.33209 0.332116
 0.262533 0.400121 0.411471 0.412086 0.412118
 0.16059 0.244752 0.251695 0.252071 0.252091
 0.148235 0.225922 0.23233 0.232678 0.232696
 0.146465 0.223224 0.229556 0.229899 0.229917
 0.126992 0.193545 0.199035 0.199333 0.199348
 0.152669 0.23268 0.23928 0.239637 0.239656
 0.116417 0.177429 0.182461 0.182734 0.182749
 0.108669 0.16562 0.170318 0.170573 0.170586
 0.194787 0.29687 0.305291 0.305748 0.305772
nmprior
 8 8 7 0
nm_flota  nm_reclas  nm_pelaces    nm_pelaL
inf 13.8587 9.70144 15.2828
cv_recla  cv_pelaces  cv_mph
0.337024 0.597458 1.45907
 ------------------------------------------------
Talla a la edad & desviación 
 8 13.2811 15.8009 17.003 17.5766
 0.8 1.32811 1.58009 1.7003 1.75766
