    unsorted:	 2.301841268e-06 5.491564020e-05 9.882297169e-05 0.001099989879 8.103315789 9.631367507 6.985829627 13.54454343 61.76491633 77.68921521 164.4367951 188.2418701 218.3972269 227.0423050 433.1999347 493.6574697 563.6483913 793.6095089 799.9169323 769.4363896 885.5309360 941.9225005 992.8930099 1023.644778 1180.859128 1252.900050 1331.159061 1541.857055 1646.517384 1782.346701 1895.502736 2140.504123 2311.302430 2275.468055 2335.294036 2418.126114 2503.351550 2751.443596 3000.136740 3192.450955 3342.171080 3861.387601 9947.773701 41455.14649 163522.4220 381375.0970 378012.9571 364952.4117 349117.8292 340956.5252 393878.1562 413798.1081 303486.7012 443993.2050 229509.5850 458693.6628 517331.0041 629226.0480 703641.5023 689297.9150 740960.8855 756546.0184 1027396.195 1159668.328 1231353.476 1351276.965 1539411.074 1782247.541 1894495.385 2180970.481 2547969.791 2521250.768 2770935.487 2989583.466 3350976.618
      sorted:	 2.301841268e-06 5.491564020e-05 9.882297169e-05 0.001099989879 6.985829627 8.103315789 9.631367507 13.54454343 61.76491633 77.68921521 164.4367951 188.2418701 218.3972269 227.0423050 433.1999347 493.6574697 563.6483913 769.4363896 793.6095089 799.9169323 885.5309360 941.9225005 992.8930099 1023.644778 1180.859128 1252.900050 1331.159061 1541.857055 1646.517384 1782.346701 1895.502736 2140.504123 2275.468055 2311.302430 2335.294036 2418.126114 2503.351550 2751.443596 3000.136740 3192.450955 3342.171080 3861.387601 9947.773701 41455.14649 163522.4220 229509.5850 303486.7012 340956.5252 349117.8292 364952.4117 378012.9571 381375.0970 393878.1562 413798.1081 443993.2050 458693.6628 517331.0041 629226.0480 689297.9150 703641.5023 740960.8855 756546.0184 1027396.195 1159668.328 1231353.476 1351276.965 1539411.074 1782247.541 1894495.385 2180970.481 2521250.768 2547969.791 2770935.487 2989583.466 3350976.618
