years
 1991 1992 1993 1994 1995 1996 1997 1998 1999 2000 2001 2002 2003 2004 2005 2006 2007 2008 2009 2010 2011 2012 2013 2014 2015 2016 2017 2018 2019 2020
reclasobs
 0 0 0 0 0 0 0 0 0 252601 567819 844713 477998 351125 339783 2.1784e+06 2.13404e+06 4.81314e+06 1.55562e+06 2.62356e+06 3.21686e+06 3.843e+06 1.13348e+06 3.07943e+06 1.97215e+06 2.03268e+06 2.025e+06 2.42433e+06 2.27542e+06 1.05018e+06
reclaspred
 3.42163e+06 1.96533e+06 1.00426e+06 1.11163e+06 1.18314e+06 1.80152e+06 1.26566e+06 1.14456e+06 825251 601729 570978 676973 670431 550201 552291 1.17781e+06 1.21484e+06 2.51065e+06 2.11241e+06 1.63092e+06 2.87323e+06 2.31447e+06 1.90307e+06 2.91563e+06 2.20297e+06 1.96097e+06 2.27941e+06 2.33627e+06 1.95397e+06 1.31636e+06
pelacesobs
 0 0 0 0 0 0 0 0 0 0 0 0 0 0 0 552880 188675 0 991730 2.46772e+06 1.41603e+06 1.21717e+06 2.29649e+06 1.80582e+06 0 1.4828e+06 1.56532e+06 1.57751e+06 1.42118e+06 867257
pelacespred
 2.54468e+06 1.64374e+06 853202 707146 786233 1.19152e+06 898323 893895 660119 461820 425526 426462 457301 399274 395314 668549 761824 1.61488e+06 1.5327e+06 1.12058e+06 1.78018e+06 1.65003e+06 1.3806e+06 2.10519e+06 1.67791e+06 1.47003e+06 1.82075e+06 1.8563e+06 1.40704e+06 1.05354e+06
mphobs
 0 0 0 0 0 0 0 0 0 0 0 498337 0 5186 125008 0 168611 109162 213762 579715 649985 157893 87575 83554 0 0 0 0 0 0
mphpred
 4.87153e+06 3.28367e+06 1.69169e+06 925540 1.17382e+06 1.37112e+06 1.80204e+06 1.28291e+06 1.09775e+06 775207 511085 626911 658526 576682 426403 514657 1.28726e+06 1.32197e+06 2.35169e+06 1.8545e+06 2.04677e+06 2.48801e+06 2.34705e+06 1.99702e+06 2.75853e+06 2.27493e+06 1.89237e+06 1.97928e+06 2.64428e+06 1.85682e+06
desembarqueobs
 494567 514787 250237 358949 120608 361735 552515 73892 212993 205616 52469 317467 293654 387597 252695 516296 358380 742168 942051 627588 828172 859565 418607 520667 417249 300574 407403 355545 319650 289779
desembarquepred
 494573 512987 251241 358963 120611 361747 552571 73894.5 213030 205653 52470.8 317533 293711 387668 252707 516307 358413 742125 941996 627539 828255 859635 418626 520691 417257 300583 407412 355543 319654 289792
Reclutas
 250557 146914 143378 320041 257284 397688 168988 82267.5 70433.8 88155.8 151391 188400 160353 112840 115767 537980 144480 832405 511208 399229 578542 771592 178310 510042 422635 196481 424066 458247 146762 121391
log_desv_Rt
 0.0636508 -0.470186 -0.494553 0.308415 0.0901439 0.525634 -0.330205 -1.05006 -1.20536 -0.980929 -0.44017 -0.221465 -0.382656 -0.734066 -0.708457 0.827787 -0.486894 1.26428 0.776742 0.529501 0.900476 1.18842 -0.27651 0.774459 0.586473 -0.179468 0.589854 0.667375 -0.471221 -0.661018
SSB
 4.87153e+06 3.28367e+06 1.69169e+06 925540 1.17382e+06 1.37112e+06 1.80204e+06 1.28291e+06 1.09775e+06 775207 511085 626911 658526 576682 426403 514657 1.28726e+06 1.32197e+06 2.35169e+06 1.8545e+06 2.04677e+06 2.48801e+06 2.34705e+06 1.99702e+06 2.75853e+06 2.27493e+06 1.89237e+06 1.97928e+06 2.64428e+06 1.85682e+06
BT
 6.39837e+06 4.37679e+06 2.26286e+06 2.11366e+06 2.03466e+06 3.39148e+06 2.64424e+06 2.28018e+06 1.82822e+06 1.3371e+06 1.13523e+06 1.3543e+06 1.43202e+06 1.43544e+06 1.29941e+06 2.24539e+06 2.14697e+06 5.01137e+06 4.77397e+06 3.33781e+06 5.30643e+06 4.9576e+06 3.72311e+06 6.05851e+06 4.4813e+06 3.88895e+06 5.18708e+06 5.19988e+06 3.59263e+06 2.82084e+06
Ftot
 0.0871181 0.155875 0.150053 0.200465 0.0630018 0.125459 0.260906 0.039677 0.157508 0.207324 0.0580173 0.287013 0.267954 0.426607 0.285478 0.27827 0.179422 0.187151 0.272023 0.235634 0.178708 0.228893 0.133452 0.112796 0.116237 0.0938789 0.112434 0.0962384 0.0984182 0.133452
BD_Bspro_t
 0.986158 0.895517 0.780356 0.712231 0.729151 0.789418 0.784278 0.679389 0.72195 0.692285 0.663656 0.778761 0.676825 0.600635 0.511184 0.557139 0.665605 0.659391 0.723448 0.643747 0.623099 0.664776 0.677391 0.67806 0.767809 0.774501 0.782419 0.809726 0.841168 0.790782
BD_Bspro
 2.91085 1.96207 1.01082 0.553032 0.701388 0.819276 1.07676 0.766566 0.65593 0.463204 0.305386 0.374594 0.393485 0.344581 0.254786 0.30752 0.769167 0.789911 1.40519 1.10811 1.22299 1.48664 1.40242 1.19327 1.64828 1.35933 1.13074 1.18267 1.58002 1.10949
BD_Bo
 1.97844 1.33358 0.687035 0.375884 0.476718 0.556844 0.731853 0.521019 0.445822 0.31483 0.207564 0.254604 0.267443 0.234204 0.173173 0.209015 0.522786 0.536885 0.955078 0.753158 0.831242 1.01044 0.953192 0.811039 1.1203 0.923904 0.768537 0.803832 1.07391 0.754099
BD_Brms
 13.9281 9.38829 4.83668 2.6462 3.35606 3.92015 5.1522 3.66794 3.13856 2.21638 1.46124 1.79239 1.88278 1.64878 1.21912 1.47145 3.68038 3.77964 6.72369 5.30218 5.85189 7.11343 6.71041 5.70966 7.88686 6.50422 5.41045 5.65893 7.56023 5.30881
Sel_flota
 0.894191 1 1 1 1
 0.894191 1 1 1 1
 0.894191 1 1 1 1
 0.894191 1 1 1 1
 0.894191 1 1 1 1
 0.894191 1 1 1 1
 0.894191 1 1 1 1
 0.894191 1 1 1 1
 0.894191 1 1 1 1
 0.894191 1 1 1 1
 0.894191 1 1 1 1
 0.894191 1 1 1 1
 0.894191 1 1 1 1
 0.894191 1 1 1 1
 0.894191 1 1 1 1
 0.894191 1 1 1 1
 0.894191 1 1 1 1
 0.894191 1 1 1 1
 0.894191 1 1 1 1
 0.894191 1 1 1 1
 0.894191 1 1 1 1
 0.894191 1 1 1 1
 0.894191 1 1 1 1
 0.894191 1 1 1 1
 0.894191 1 1 1 1
 0.894191 1 1 1 1
 0.894191 1 1 1 1
 0.894191 1 1 1 1
 0.894191 1 1 1 1
 0.894191 1 1 1 1
Sel_reclas
 1 1 1 1 1
 1 1 1 1 1
 1 1 1 1 1
 1 1 1 1 1
 1 1 1 1 1
 1 1 1 1 1
 1 1 1 1 1
 1 1 1 1 1
 1 1 1 1 1
 1 1 1 1 1
 1 1 1 1 1
 1 1 1 1 1
 1 1 1 1 1
 1 1 1 1 1
 1 1 1 1 1
 1 1 1 1 1
 1 1 1 1 1
 1 1 1 1 1
 1 1 1 1 1
 1 1 1 1 1
 1 1 1 1 1
 1 1 1 1 1
 1 1 1 1 1
 1 1 1 1 1
 1 1 1 1 1
 1 1 1 1 1
 1 1 1 1 1
 1 1 1 1 1
 1 1 1 1 1
 1 1 1 1 1
Sel_pelaces
 0.78609 1 1 1 1
 0.78609 1 1 1 1
 0.78609 1 1 1 1
 0.78609 1 1 1 1
 0.78609 1 1 1 1
 0.78609 1 1 1 1
 0.78609 1 1 1 1
 0.78609 1 1 1 1
 0.78609 1 1 1 1
 0.78609 1 1 1 1
 0.78609 1 1 1 1
 0.78609 1 1 1 1
 0.78609 1 1 1 1
 0.78609 1 1 1 1
 0.78609 1 1 1 1
 0.78609 1 1 1 1
 0.78609 1 1 1 1
 0.78609 1 1 1 1
 0.78609 1 1 1 1
 0.78609 1 1 1 1
 0.78609 1 1 1 1
 0.78609 1 1 1 1
 0.78609 1 1 1 1
 0.78609 1 1 1 1
 0.78609 1 1 1 1
 0.78609 1 1 1 1
 0.78609 1 1 1 1
 0.78609 1 1 1 1
 0.78609 1 1 1 1
 0.78609 1 1 1 1
pf_obs 
 0.8446 0.082 0.0669 0.0065 0
 0.8095 0.147 0.0364 0.0071 0
 0.9664 0.0169 0.016 0.0007 0
 0.9276 0.0648 0.0075 0.0001 0
 0.7033 0.2144 0.0806 0.0017 0
 0.9318 0.0425 0.0243 0.0014 0
 0.5671 0.3108 0.0964 0.0239 0.0018
 0.0768 0.2599 0.5324 0.112 0.0189
 0.490249 0.384438 0.106611 0.0170017 0.00170017
 0.7925 0.1577 0.0466 0.003 0.0002
 0.840416 0.127587 0.0312969 0.00059994 9.999e-05
 0.8084 0.0986 0.0794 0.0134 0.0002
 0.7335 0.1905 0.0724 0.0035 0.0001
 0.4001 0.4547 0.1325 0.0127 0
 0.49795 0.308269 0.164784 0.0264974 0.00249975
 0.9179 0.0499 0.0305 0.0017 0
 0.2467 0.6533 0.0926 0.0074 0
 0.9418 0.0223 0.034 0.0019 0
 0.707729 0.231977 0.0356964 0.0245975 0
 0.517169 0.277429 0.184464 0.0207286 0.00020938
 0.811772 0.124168 0.05621 0.00726502 0.000585176
 0.764997 0.148141 0.077277 0.00933861 0.000247198
 0.163321 0.427699 0.378323 0.0303852 0.000271297
 0.753843 0.0900009 0.118128 0.0371064 0.000921714
 0.721811 0.176058 0.0630433 0.0369309 0.00215725
 0.143369 0.312575 0.442814 0.0836902 0.0175525
 0.692698 0.0596174 0.167031 0.0765114 0.00414204
 0.394062 0.376323 0.152708 0.0712218 0.00568511
 0.125707 0.32114 0.495352 0.0537591 0.00404204
 0.23352 0.215282 0.420074 0.123614 0.00750983
pf_pred 
 0.431629 0.104802 0.440853 0.0227157 7.31983e-07
 0.416707 0.268662 0.0580148 0.244041 0.0125751
 0.550676 0.200639 0.114543 0.0247344 0.109408
 0.784134 0.125301 0.0404404 0.0230871 0.0270374
 0.653468 0.278771 0.0393319 0.0126942 0.015734
 0.730776 0.182855 0.0694803 0.009803 0.00708539
 0.46822 0.400784 0.088972 0.0338072 0.00821741
 0.428194 0.286066 0.215352 0.047807 0.0225809
 0.497669 0.229253 0.136617 0.102846 0.0336152
 0.651071 0.18426 0.0751515 0.0447845 0.0447333
 0.773741 0.153605 0.0383661 0.0156479 0.0186392
 0.718949 0.22296 0.0394372 0.00985025 0.00880296
 0.668153 0.247055 0.0672662 0.011898 0.0056276
 0.606239 0.274092 0.0890911 0.024257 0.00631996
 0.702533 0.190083 0.0747487 0.0242964 0.00833877
 0.914922 0.0620201 0.0147343 0.00579413 0.0025297
 0.438185 0.519387 0.0309289 0.00734785 0.00415102
 0.885945 0.0534567 0.0560219 0.00333604 0.00124029
 0.61578 0.344974 0.0183945 0.0192771 0.00157471
 0.612293 0.2504 0.123282 0.00657355 0.00745173
 0.737732 0.168357 0.0606521 0.0298614 0.00339722
 0.745033 0.19399 0.039143 0.0141016 0.00773262
 0.347527 0.501284 0.115032 0.0232109 0.0129472
 0.7471 0.0949021 0.121387 0.0278552 0.00875577
 0.632574 0.282512 0.0318643 0.0407569 0.0122925
 0.453737 0.360421 0.142893 0.0161168 0.0268321
 0.734706 0.128145 0.0904896 0.0358757 0.010783
 0.688326 0.236006 0.0365504 0.02581 0.0133083
 0.377932 0.443552 0.135175 0.0209347 0.0224055
 0.472735 0.214091 0.223302 0.0680529 0.0218193
pobs_RECLAS
 0 0 0 0 0
 0 0 0 0 0
 0 0 0 0 0
 0 0 0 0 0
 0 0 0 0 0
 0 0 0 0 0
 0 0 0 0 0
 0 0 0 0 0
 0 0 0 0 0
 0 0 0 0 0
 0.991045 0.00858322 0.000360255 1.14367e-05 0
 0.934742 0.0480273 0.0164251 0.00080598 0
 0.827803 0.169806 0.00239088 0 0
 0.941827 0.0461693 0.0120037 0 0
 0.791401 0.0380133 0.147996 0.0225897 0
 0.846168 0.0940531 0.0597789 0 0
 0.134021 0.677848 0.182769 0.00536245 0
 0.80878 0.0450904 0.141981 0.00414843 0
 0.846168 0.0940531 0.0597789 0 0
 0.905697 0.0802665 0.012482 0.00150086 5.37128e-05
 0.989698 0.0102097 9.19794e-05 0 0
 0.975433 0.0193895 0.00387452 0.00125025 5.28907e-05
 0.303575 0.632131 0.0575291 0.00676475 0
 0.966965 0.00978017 0.0227588 0.000495775 0
 0.843318 0.132988 0.00938335 0.0141283 0.000182051
 0.564624 0.303363 0.111486 0.0197234 0.00080311
 0.826376 0.0876187 0.0782897 0.00655872 0.00115652
 0.89761 0.0855135 0.0140674 0.00269457 0.000114338
 0.34875 0.467042 0.161289 0.0227151 0.000203297
 0.318654 0.224769 0.449479 0.00709798 0
ppred_RECLAS
 0.45945 0.0996719 0.419274 0.0216038 6.96153e-07
 0.444498 0.255861 0.0552507 0.232414 0.0119759
 0.578524 0.188204 0.107444 0.0232015 0.102627
 0.802788 0.114473 0.0369457 0.021092 0.024701
 0.678467 0.258661 0.0364946 0.0117785 0.014599
 0.75243 0.168148 0.0638921 0.00901456 0.00651552
 0.496835 0.379217 0.0841844 0.031988 0.00777523
 0.455858 0.272227 0.204933 0.0454941 0.0214885
 0.525995 0.216325 0.128913 0.0970463 0.0317197
 0.676498 0.170833 0.0696752 0.041521 0.0414736
 0.792806 0.140662 0.0351334 0.0143294 0.0170686
 0.741586 0.205003 0.0362608 0.00905689 0.00809396
 0.693082 0.228496 0.0622131 0.0110042 0.00520485
 0.633784 0.254919 0.082859 0.0225602 0.00587787
 0.725983 0.175098 0.068856 0.022381 0.00768139
 0.923447 0.0558057 0.0132579 0.00521356 0.00227623
 0.46633 0.493368 0.0293795 0.00697975 0.00394307
 0.896943 0.0483021 0.0506199 0.00301436 0.00112069
 0.64255 0.320938 0.0171129 0.017934 0.001465
 0.639058 0.233114 0.114771 0.00611976 0.00693732
 0.759118 0.154629 0.0557064 0.0274264 0.0031202
 0.766119 0.177947 0.0359058 0.0129354 0.00709311
 0.373602 0.48125 0.110435 0.0222833 0.0124298
 0.767834 0.0871217 0.111435 0.0255715 0.00803794
 0.658412 0.262646 0.0296236 0.0378908 0.0114281
 0.481792 0.34191 0.135554 0.0152891 0.025454
 0.756124 0.1178 0.0831843 0.0329794 0.00991251
 0.711986 0.21809 0.0337758 0.0238507 0.012298
 0.404785 0.424405 0.12934 0.020031 0.0214383
 0.500991 0.202618 0.211335 0.0644059 0.02065
pobs_PELACES
 0 0 0 0 0
 0 0 0 0 0
 0 0 0 0 0
 0 0 0 0 0
 0 0 0 0 0
 0 0 0 0 0
 0 0 0 0 0
 0 0 0 0 0
 0 0 0 0 0
 0 0 0 0 0
 0 0 0 0 0
 0 0 0 0 0
 0 0 0 0 0
 0 0 0 0 0
 0 0 0 0 0
 0 0 0 0 0
 0.505614 0.472636 0.0217494 0 0
 0 0 0 0 0
 0.443492 0.261883 0.143347 0.151278 0
 0.227955 0.32914 0.350689 0.0885471 0.00366901
 0.970185 0.0296113 0.000203453 0 0
 0.997202 0.00247181 0.000326279 0 0
 0.445219 0.490057 0.0546422 0.010081 0
 0.90214 0.0892962 0.00764917 0.000914606 0
 0 0 0 0 0
 0.581667 0.319106 0.0959925 0.00289975 0.000334073
 0.762889 0.0836404 0.116647 0.0363945 0.000428098
 0.88444 0.0763242 0.0277011 0.0115352 0
 0.521256 0.241999 0.230069 0.00667565 0
 0.616807 0.101726 0.260614 0.0208532 0
ppred_PELACES
 0.401264 0.110401 0.464405 0.0239292 7.71088e-07
 0.38742 0.282151 0.0609276 0.256295 0.0132064
 0.520307 0.2142 0.122285 0.0264062 0.116802
 0.763168 0.137471 0.0443681 0.0253294 0.0296634
 0.624396 0.302159 0.0426317 0.0137592 0.017054
 0.705849 0.199785 0.0759134 0.0107106 0.00774141
 0.439243 0.422622 0.09382 0.0356493 0.00866518
 0.397395 0.301474 0.226951 0.050382 0.0237972
 0.46727 0.243127 0.144885 0.10907 0.0356495
 0.623464 0.198838 0.0810974 0.0483278 0.0482726
 0.750872 0.169132 0.0422441 0.0172295 0.0205232
 0.694992 0.241965 0.0427988 0.0106899 0.00955334
 0.641812 0.266665 0.0726056 0.0128425 0.0060743
 0.579981 0.292371 0.0950323 0.0258747 0.00674142
 0.677788 0.205896 0.0809668 0.0263175 0.00903244
 0.905437 0.0689339 0.0163768 0.00644005 0.00281171
 0.408709 0.546637 0.0325516 0.00773336 0.00436881
 0.873201 0.0594299 0.0622817 0.0037088 0.00137887
 0.587894 0.370012 0.0197295 0.0206763 0.00168901
 0.583904 0.268735 0.132309 0.00705488 0.00799737
 0.713697 0.183786 0.0662105 0.032598 0.00370855
 0.721886 0.211601 0.0426966 0.0153818 0.00843462
 0.320207 0.522273 0.119848 0.0241828 0.0134893
 0.722996 0.103947 0.132956 0.03051 0.00959027
 0.603388 0.304954 0.0343955 0.0439944 0.0132689
 0.423049 0.380669 0.150921 0.0170222 0.0283395
 0.709877 0.140139 0.0989588 0.0392334 0.0117922
 0.660993 0.256702 0.0397557 0.0280734 0.0144754
 0.349142 0.464081 0.141432 0.0219036 0.0234425
 0.442244 0.226471 0.236215 0.0719883 0.023081
pobs_pel_tallas
 0 0 0 0 0 0 0 0 0 0 0 0 0 0 0 0 0 0 0 0 0 0 0 0 0 0
 0 0 0 0 0 0 0 0 0 0 0 0 0 0 0 0 0 0 0 0 0 0 0 0 0 0
 0 0 0 0 0 0 0 0 0 0 0 0 0 0 0 0 0 0 0 0 0 0 0 0 0 0
 0 0 0 0 0 0 0 0 0 0 0 0 0 0 0 0 0 0 0 0 0 0 0 0 0 0
 0 0 0 0 0 0 0 0 0 0 0 0 0 0 0 0 0 0 0 0 0 0 0 0 0 0
 0 0 0 0 0 0 0 0 0 0 0 0 0 0 0 0 0 0 0 0 0 0 0 0 0 0
 0 0 0 0 0 0 0 0 0 0 0 0 0 0 0 0 0 0 0 0 0 0 0 0 0 0
 0 0 0 0 0 0 0 0 0 0 0 0 0 0 0 0 0 0 0 0 0 0 0 0 0 0
 0 0 0 0 0 0 0 0 0 0 0 0 0 0 0 0 0 0 0 0 0 0 0 0 0 0
 0 0 0 0 0 0 0 0 0 0 0 0 0 0 0 0 0 0 0 0 0 0 0 0 0 0
 0 0 0 0 0 0 0 0 0 0 0 0 0 0 0 0 0 0 0 0 0 0 0 0 0 0
 0 0 0 0 0 0 0 0 0 0 0 0 0 0 0 0 0 0 0 0 0 0 0 0 0 0
 0.00862536 0 0 0.000197151 0.00414017 0.0128641 0.00837892 0.0270097 0.101434 0.158115 0.152841 0.127902 0.109271 0.109419 0.0830992 0.0579132 0.0238553 0.00714673 0.00463305 0.00128148 0.00103504 0.000492878 0.000147863 0.000147863 4.92878e-05 0
 0 0 0 0 0 0 0 0 0 0 0 0 0 0 0 0 0 0 0 0 0 0 0 0 0 0
 0 0 0 0 0 0 0 0.0054083 0.00873648 0.0413646 0.0450493 0.0745869 0.0622846 0.0627006 0.0613931 0.0827291 0.12552 0.122667 0.0946155 0.0697135 0.0546179 0.0294188 0.0215738 0.0213955 0.0102223 0.00600262
 0 0 0 0 0.00359764 0.0251062 0.0480494 0.140153 0.205849 0.193036 0.1447 0.116669 0.0760912 0.0342217 0.00950174 0.001854 0.000860785 0 0 0 0.000165536 0 0.000143464 0 0 0
 0 0 0 0 0 0 0 0.000145254 0.000435761 0.0275982 0.070085 0.0708112 0.156366 0.174668 0.174014 0.160142 0.0824315 0.0480064 0.0283245 0.00493863 0.00203355 0 0 0 0 0
 0 0 0 0 0 0 0 0 0 0 0 0 0 0 0 0 0 0 0 0 0 0 0 0 0 0
 0 0 1.00437e-05 0.000401748 0.00122533 0.00171747 0.00176769 0.0269171 0.070346 0.194647 0.189555 0.159765 0.064822 0.0314167 0.0384472 0.0292271 0.0345202 0.0313363 0.0194345 0.0106764 0.0143323 0.0359363 0.0279516 0.0138201 0.00172751 0
 0 0.0021121 0.0136068 0.0755702 0.200478 0.177729 0.0527432 0.0373336 0.0318909 0.0142505 0.0149659 0.0166563 0.0217959 0.0798694 0.0677717 0.0528807 0.04013 0.0224614 0.0357745 0.0225083 0.00881397 0.00855152 0.00135912 0.000746735 0 0
 0 0 0 0 5.4009e-05 0.00500934 0.000945158 0.0243581 0.138947 0.33067 0.221406 0.137944 0.0707744 0.0437923 0.0131692 0.00525238 0.0047753 0.00276346 9.45158e-05 9.00151e-06 2.25038e-05 9.00151e-06 4.50075e-06 0 0 0
 0.000866109 0.00284123 0.00948549 0.0512746 0.133035 0.25785 0.225252 0.132002 0.0553304 0.0519788 0.0540692 0.017754 0.00435017 0.00159236 0.00146478 0.000404838 0.000125132 0.000115318 0.000107957 0.000100596 0 0 0 0 0 0
 0 0 0 0 0.00144013 0.00171154 0.00461396 0.0210425 0.0478622 0.0707936 0.0888783 0.103762 0.0637923 0.0337046 0.0602308 0.124433 0.169614 0.0934646 0.0462172 0.0250306 0.0313229 0.00938855 0.002487 0.000210481 0 0
 0 0.00764035 0.051015 0.0998891 0.058973 0.0496711 0.0374665 0.0718981 0.12319 0.153886 0.159021 0.0857701 0.0377988 0.023471 0.0147837 0.00900784 0.00315554 0.000888139 0.00291439 0.00214683 0.00393193 0.00274676 0.000635225 9.99891e-05 0 0
 0 0 0 0 0 0 0 0 0 0 0 0 0 0 0 0 0 0 0 0 0 0 0 0 0 0
 0 0 0 0 0 0 0 0 0 0 0 0 0 0 0 0 0 0 0 0 0 0 0 0 0 0
 0 0 0 0 0 0 0 0 0 0 0 0 0 0 0 0 0 0 0 0 0 0 0 0 0 0
 0 0 0 0 0 0 0 0 0 0 0 0 0 0 0 0 0 0 0 0 0 0 0 0 0 0
 0 0 0 0 0 0 0 0 0 0 0 0 0 0 0 0 0 0 0 0 0 0 0 0 0 0
 0 0 0 0 0 0 0 0 0 0 0 0 0 0 0 0 0 0 0 0 0 0 0 0 0 0
ppred_pel_tallas
 1.1583e-16 3.30516e-05 0.000321274 0.00213498 0.0097053 0.0301969 0.064338 0.0939056 0.0939169 0.0643938 0.030386 0.0102606 0.0035624 0.00354811 0.00648518 0.0115112 0.0185346 0.0273672 0.037682 0.0490797 0.06089 0.0717892 0.0797159 0.0824677 0.0787586 0.0690159
 1.29769e-16 3.19114e-05 0.00031019 0.00206132 0.00937049 0.0291552 0.0621193 0.0906706 0.0906979 0.0622528 0.029604 0.0106686 0.00532717 0.00746522 0.0137007 0.0228242 0.0334449 0.0433623 0.0504762 0.0541268 0.0556 0.057215 0.060636 0.0656989 0.070525 0.0726551
 1.25999e-16 4.2857e-05 0.000416585 0.00276836 0.0125846 0.0391554 0.0834254 0.121766 0.121787 0.0835272 0.0394977 0.0135756 0.00526494 0.00589642 0.0105394 0.0175959 0.0259232 0.033864 0.0398004 0.0431241 0.0446227 0.0458595 0.0480207 0.0511364 0.0541574 0.0556481
 1.08876e-16 6.28612e-05 0.000611033 0.00406053 0.0184586 0.0574316 0.122365 0.178597 0.178611 0.12243 0.0576501 0.0190903 0.00564897 0.00408779 0.00669359 0.0110414 0.0160821 0.0206253 0.0235201 0.0242883 0.0234165 0.0219967 0.0209962 0.0207265 0.0208339 0.0206754
 1.05574e-16 5.14307e-05 0.000499925 0.00332218 0.0151022 0.0469886 0.100115 0.146127 0.146156 0.100258 0.0474665 0.0164826 0.00678746 0.00806566 0.0144233 0.0237726 0.034265 0.043148 0.0476579 0.0465415 0.0408089 0.033045 0.0258472 0.0206007 0.0172994 0.0151675
 1.04627e-16 5.81399e-05 0.000565141 0.00375556 0.0170722 0.0531182 0.113175 0.165186 0.165205 0.113269 0.0534357 0.0179903 0.00606374 0.00561613 0.00968673 0.0160158 0.0232844 0.029738 0.0336149 0.0340853 0.0316988 0.0279179 0.0241412 0.0210073 0.0183975 0.0159026
 1.07858e-16 3.618e-05 0.000351682 0.00233705 0.0106239 0.0330552 0.0704292 0.102802 0.102843 0.0706285 0.0337248 0.0125587 0.00719674 0.0109707 0.020234 0.0334744 0.0484093 0.0612849 0.0682931 0.0676837 0.0607783 0.0509936 0.0416956 0.034578 0.0295168 0.0255009
 1.15707e-16 3.2733e-05 0.000318176 0.0021144 0.00961175 0.0299059 0.0637187 0.0930055 0.0930349 0.0638624 0.030389 0.0110109 0.0056413 0.00806661 0.0148931 0.0249493 0.0368283 0.0481874 0.0566207 0.0609842 0.0619294 0.0611224 0.0598438 0.0581746 0.055303 0.0504515
 1.21215e-16 3.84884e-05 0.000374121 0.00248617 0.0113018 0.0351641 0.0749218 0.109355 0.109379 0.0750374 0.0355531 0.012428 0.00532415 0.00660621 0.0119843 0.0200456 0.0295789 0.0387242 0.0456393 0.0495811 0.0513178 0.05242 0.0539964 0.0559074 0.0569765 0.0558586
 1.15407e-16 5.13539e-05 0.000499179 0.00331722 0.0150796 0.0469183 0.0999652 0.145906 0.145925 0.100059 0.047235 0.0159957 0.00562214 0.00554948 0.00969882 0.0161038 0.0235587 0.0304253 0.0350968 0.0369198 0.0365908 0.035615 0.0352495 0.0357652 0.036483 0.0363689
 1.06464e-16 6.18483e-05 0.000601188 0.00399511 0.0181612 0.0565063 0.120393 0.175721 0.175737 0.120473 0.0567745 0.0189364 0.00594281 0.0048594 0.00816809 0.0134571 0.0195042 0.0247996 0.0278575 0.0280228 0.0258607 0.0227463 0.0199875 0.0181658 0.0170867 0.0161811
 1.03986e-16 5.72457e-05 0.000556448 0.0036978 0.0168097 0.0523012 0.111434 0.162646 0.16267 0.111548 0.0526842 0.017916 0.00647559 0.00662306 0.0115868 0.0190859 0.0275391 0.0347404 0.0384808 0.0377472 0.0333175 0.0272106 0.0214503 0.0171094 0.0141896 0.0121234
 1.0448e-16 5.28653e-05 0.00051387 0.00341485 0.0155234 0.0482992 0.102908 0.150202 0.150228 0.103033 0.0487221 0.0167455 0.00648511 0.00722527 0.0128254 0.0211882 0.030678 0.0389146 0.0434958 0.0432993 0.0391131 0.033026 0.0270982 0.0223711 0.0188003 0.0158372
 1.06553e-16 4.77723e-05 0.000464364 0.00308586 0.0140279 0.0436462 0.0929938 0.135733 0.135761 0.093132 0.0441104 0.0153698 0.00645869 0.00784183 0.0141018 0.0233502 0.0338969 0.0431836 0.0486221 0.0490082 0.0451892 0.0393785 0.0337029 0.0291489 0.0255375 0.022207
 1.06558e-16 5.58285e-05 0.000542673 0.00360625 0.0163935 0.0510064 0.108675 0.158619 0.158639 0.108773 0.0513339 0.0173404 0.00598748 0.00575546 0.00999884 0.016555 0.02411 0.030885 0.035099 0.0359316 0.0339705 0.0307123 0.0275411 0.0250117 0.0228725 0.0205847
 1.01612e-16 7.45797e-05 0.000724941 0.00481749 0.0218996 0.0681379 0.145175 0.211889 0.211895 0.145208 0.0682471 0.0222154 0.00561067 0.00245852 0.00337308 0.00547462 0.00791797 0.0100402 0.0112211 0.0111796 0.0101332 0.00863637 0.00722948 0.00617471 0.0054353 0.00483121
 1.02595e-16 3.36649e-05 0.000327235 0.0021746 0.00988543 0.0307575 0.0655341 0.09566 0.0957126 0.0657912 0.0316204 0.0123768 0.00842474 0.0139596 0.0258893 0.042656 0.0612312 0.0765518 0.0834796 0.0796477 0.0668945 0.0500705 0.034214 0.0222673 0.0146375 0.0102028
 1.02418e-16 7.19244e-05 0.000699131 0.00464597 0.0211199 0.0657119 0.140006 0.204345 0.20435 0.140035 0.0658076 0.0213975 0.00534672 0.00224217 0.00304127 0.00501501 0.00745186 0.00985764 0.0117627 0.0129219 0.013404 0.0134427 0.0131907 0.0126058 0.0115503 0.00997711
 1.03024e-16 4.84241e-05 0.000470699 0.00312797 0.0142193 0.0442417 0.0942629 0.137587 0.137623 0.0944369 0.0448258 0.0159058 0.00735915 0.00970007 0.0175553 0.0288908 0.0414869 0.0519109 0.0567066 0.0543014 0.0459672 0.0349976 0.0247787 0.0172344 0.0125381 0.00982375
 1.05948e-16 4.80954e-05 0.000467505 0.00310674 0.0141228 0.0439414 0.0936227 0.13665 0.136677 0.09375 0.0443694 0.0153609 0.00622146 0.00729002 0.0130727 0.0217108 0.0316768 0.040677 0.04637 0.047621 0.04508 0.0405577 0.0357547 0.0314017 0.0273304 0.0231196
 1.05855e-16 5.87863e-05 0.000571424 0.00379731 0.0172621 0.0537087 0.114433 0.167022 0.16704 0.11452 0.0540009 0.0181068 0.00592129 0.0052201 0.00892314 0.0147532 0.0214709 0.027478 0.0311847 0.0318677 0.03007 0.0271505 0.0243615 0.0221972 0.0204081 0.018474
 1.04257e-16 5.94608e-05 0.00057798 0.00384088 0.0174601 0.054325 0.115746 0.168939 0.168959 0.115846 0.0546601 0.0184284 0.00627253 0.0058904 0.010161 0.0167367 0.0241825 0.030579 0.0340132 0.0336123 0.0300544 0.025079 0.0204056 0.0169084 0.0145288 0.0127347
 1.08301e-16 2.63751e-05 0.000256376 0.00170371 0.00774485 0.0240974 0.0513439 0.0749484 0.0749989 0.0515902 0.0249248 0.0101358 0.00770896 0.013378 0.0249826 0.0413533 0.0597881 0.0756466 0.0841972 0.0832417 0.0743785 0.061814 0.0497327 0.0403058 0.0335018 0.0281999
 1.08547e-16 5.95523e-05 0.000578869 0.00384679 0.017487 0.0544085 0.115923 0.169196 0.169206 0.115973 0.0545769 0.0179759 0.00508364 0.00331031 0.00533942 0.00897502 0.0134908 0.0181579 0.0222511 0.0254107 0.0277577 0.0295948 0.0309689 0.0315115 0.0306906 0.0282259
 1.07729e-16 4.97003e-05 0.000483105 0.0032104 0.014594 0.0454076 0.0967468 0.141211 0.14124 0.0968905 0.0458899 0.015987 0.00670725 0.00811789 0.0145537 0.0239952 0.0346007 0.0436142 0.0482832 0.0473969 0.0420348 0.0348439 0.0284257 0.0240748 0.0216064 0.0200348
 1.10956e-16 3.4846e-05 0.000338716 0.00225089 0.0102322 0.0318365 0.0678323 0.099011 0.0990479 0.0680125 0.0324417 0.0119824 0.00665153 0.00997058 0.0184016 0.0305607 0.0444755 0.0568849 0.0644623 0.0656511 0.0615119 0.0548249 0.0482212 0.0428581 0.0384303 0.0340743
 1.08822e-16 5.84716e-05 0.000568365 0.00377699 0.0171696 0.0534212 0.11382 0.166127 0.16614 0.113887 0.0536457 0.0178198 0.00541563 0.00416813 0.00696189 0.0115932 0.0171118 0.0224039 0.0263696 0.0285116 0.0291757 0.029172 0.0290983 0.028941 0.0282161 0.0264275
 1.06478e-16 5.44452e-05 0.000529227 0.0035169 0.0159873 0.0497426 0.105983 0.15469 0.154715 0.106104 0.0501489 0.0171609 0.00646365 0.00696504 0.0122867 0.0202526 0.0292363 0.0369188 0.0409871 0.0404113 0.0360683 0.0301373 0.0247597 0.0210014 0.0187244 0.0171552
 1.10364e-16 2.87584e-05 0.000279542 0.00185766 0.00844467 0.0262747 0.0559828 0.0817179 0.0817628 0.056202 0.0270112 0.0105733 0.00720691 0.0119769 0.0223028 0.0369792 0.0536276 0.068196 0.076551 0.0767688 0.0702168 0.0604781 0.0510387 0.0435862 0.0379235 0.0330122
 1.18e-16 3.64271e-05 0.000354084 0.00235302 0.0106965 0.0332809 0.0709092 0.103499 0.103521 0.0710177 0.0336461 0.011756 0.00502934 0.00625249 0.0114036 0.0192288 0.028718 0.0382709 0.0462483 0.0518796 0.0555687 0.0582485 0.0603597 0.0613745 0.0602194 0.0561286
pSPR Fmed_Fpbrs
0.736214   0.192047 0.192047
Fs Fmed_Fpbrs
0.152879   1.005 1.005
SSBpbr Bo_Bmed_Bpbrs
2.4623e+06  1.68967e+06  349762 349762
Ro
235106
SPR SPRFo_SPRFmed_SPRFpbrs
1.67357e+06 1.23211e+06 321404
Fref
1.005
log_Ro
12.1878
likeval ReclasPelacesDesembMPH_pf_preclas_ppelaces_ptallas_desvR_qrecl_qpela
 19.0992 18.3977 0.142709 0.00355078 229.739 107.378 77.6485 0 19.4977 1.11677e-05 0 0.724846 0 0 0
q_reclas_q_pelaces
0.622789 1
M
1
N
 250557 54606.2 229703 11835.9 0.381395
 146914 85266.8 18412.5 77453 3991.02
 143378 47015 26840.5 5795.93 25637.1
 320041 46122.7 14885.9 8498.23 9952.33
 257284 98415.3 13885.4 4481.46 5554.62
 397688 89464.6 33994.3 4796.27 3466.64
 168988 130776 29031.6 11031.3 2681.34
 82267.5 49231.3 37061.5 8227.47 3886.12
 70433.8 29209.6 17406.7 13103.8 4282.99
 88155.8 22507.1 9179.65 5470.36 5464.11
 151391 26942.9 6729.54 2744.68 3269.37
 188400 52877.9 9353.04 2336.11 2087.74
 160353 53620.2 14599.3 2582.32 1221.4
 112840 46422.2 15089.1 4108.34 1070.39
 115767 28346.4 11147 3623.23 1243.53
 537980 32993.4 7838.31 3082.35 1345.75
 144480 154315 9189.27 2183.12 1233.31
 832405 45272.7 47445.1 2825.3 1050.4
 511208 259037 13812.2 14475 1182.44
 399229 147457 72598.7 3871.06 4388.21
 578542 118966 42858.4 21100.9 2400.56
 771592 181401 36602.8 13186.5 7230.82
 178310 231315 53081 10710.6 5974.44
 510042 58217.9 74465.1 17087.8 5371.25
 422635 169632 19132.7 24472.1 7380.92
 196481 140130 55556.2 6266.14 10432.2
 424066 66461.4 46931.6 18606.6 5592.52
 458247 141083 21849.7 15429.1 7955.64
 146762 154679 47139.6 7300.54 7813.45
 121391 49442.4 51569.8 15716.2 5038.97
pred_Ctot
 11945.6 2900.45 12200.8 628.669 0.020258
 12220.8 7879.05 1701.4 7157.01 368.789
 11505.5 4192.03 2393.19 516.786 2285.9
 33688.5 5383.28 1737.43 991.884 1161.6
 8949.99 3818.09 538.695 173.861 215.495
 26923 6736.67 2559.77 361.159 261.037
 22654.1 19391.3 4304.77 1635.71 397.587
 1817.93 1214.52 914.293 202.969 95.8691
 5916.79 2725.58 1624.24 1222.73 399.651
 9573.33 2709.35 1105.03 658.51 657.758
 4858.64 964.553 240.917 98.2594 117.043
 27526.2 8536.42 1509.92 377.134 337.037
 22021.7 8142.68 2217.03 392.147 185.48
 23331.4 10548.5 3428.7 933.541 243.226
 16832.8 4554.42 1790.99 582.144 199.798
 76444.6 5181.97 1231.09 484.117 211.365
 13716 16257.8 968.13 230.001 129.935
 82196.9 4959.65 5197.64 309.514 115.072
 71168.1 39870 2125.92 2227.93 181.996
 48775.1 19946.8 9820.58 523.647 593.603
 54718.9 12487.3 4498.67 2214.87 251.977
 91793 23900.9 4822.67 1737.41 952.71
 12803 18467.5 4237.81 855.099 476.98
 31188.5 3961.8 5067.44 1162.85 365.52
 26598.4 11879.1 1339.83 1713.74 516.874
 10069.3 7998.47 3171.09 357.665 595.458
 25851.4 4508.93 3183.98 1262.33 379.413
 24053.8 8247.29 1277.26 901.938 465.062
 7871.84 9238.61 2815.53 436.043 466.678
 8716.1 3947.32 4117.16 1254.73 402.295
F
 0.0779002 0.0871181 0.0871181 0.0871181 0.0871181
 0.139382 0.155875 0.155875 0.155875 0.155875
 0.134176 0.150053 0.150053 0.150053 0.150053
 0.179254 0.200465 0.200465 0.200465 0.200465
 0.0563357 0.0630018 0.0630018 0.0630018 0.0630018
 0.112184 0.125459 0.125459 0.125459 0.125459
 0.233299 0.260906 0.260906 0.260906 0.260906
 0.0354788 0.039677 0.039677 0.039677 0.039677
 0.140843 0.157508 0.157508 0.157508 0.157508
 0.185387 0.207324 0.207324 0.207324 0.207324
 0.0518785 0.0580173 0.0580173 0.0580173 0.0580173
 0.256645 0.287013 0.287013 0.287013 0.287013
 0.239602 0.267954 0.267954 0.267954 0.267954
 0.381468 0.426607 0.426607 0.426607 0.426607
 0.255272 0.285478 0.285478 0.285478 0.285478
 0.248826 0.27827 0.27827 0.27827 0.27827
 0.160437 0.179422 0.179422 0.179422 0.179422
 0.167349 0.187151 0.187151 0.187151 0.187151
 0.243241 0.272023 0.272023 0.272023 0.272023
 0.210702 0.235634 0.235634 0.235634 0.235634
 0.1598 0.178708 0.178708 0.178708 0.178708
 0.204674 0.228893 0.228893 0.228893 0.228893
 0.119332 0.133452 0.133452 0.133452 0.133452
 0.100861 0.112796 0.112796 0.112796 0.112796
 0.103938 0.116237 0.116237 0.116237 0.116237
 0.0839457 0.0938789 0.0938789 0.0938789 0.0938789
 0.100538 0.112434 0.112434 0.112434 0.112434
 0.0860555 0.0962384 0.0962384 0.0962384 0.0962384
 0.0880047 0.0984182 0.0984182 0.0984182 0.0984182
 0.119332 0.133452 0.133452 0.133452 0.133452
nmprior
 8 8 7 0
nm_flota  nm_reclas  nm_pelaces    nm_pelaL
inf 10.8266 11.0502 17.8667
cv_recla  cv_pelaces  cv_mph
0.404608 0.504715 1.83894
 ------------------------------------------------
Talla a la edad & desviación 
 8 13.2811 15.8009 17.003 17.5766
 0.8 1.32811 1.58009 1.7003 1.75766
