years
 1991 1992 1993 1994 1995 1996 1997 1998 1999 2000 2001 2002 2003 2004 2005 2006 2007 2008 2009 2010 2011 2012 2013 2014 2015 2016 2017 2018 2019 2020
reclasobs
 0 0 0 0 0 0 0 0 0 252601 567819 844713 477998 351125 339783 2.1784e+06 2.13404e+06 4.81314e+06 1.55562e+06 2.62356e+06 3.21686e+06 3.843e+06 1.13348e+06 3.07943e+06 1.97215e+06 2.03268e+06 2.025e+06 2.42433e+06 2.27542e+06 1.05018e+06
reclaspred
 2.85958e+06 1.54788e+06 769898 599439 503349 1.17009e+06 583104 453750 340600 254518 425427 607861 593198 423523 402584 1.46743e+06 1.2839e+06 3.22479e+06 2.65069e+06 1.95728e+06 3.49787e+06 2.81166e+06 2.06001e+06 3.24425e+06 2.3503e+06 1.99649e+06 2.54893e+06 2.86228e+06 2.2287e+06 1.21675e+06
pelacesobs
 0 0 0 0 0 0 0 0 0 0 0 0 0 0 0 552880 188675 0 991730 2.46772e+06 1.41603e+06 1.21717e+06 2.29649e+06 1.80582e+06 0 1.4828e+06 1.56532e+06 1.57751e+06 1.42118e+06 867257
pelacespred
 1.05278e+06 618878 299226 184690 172410 423339 167133 187837 121025 84774.4 160819 192666 209152 150726 148470 475170 418886 1.24054e+06 1.03061e+06 700096 1.2479e+06 1.06185e+06 783538 1.36745e+06 945144 803310 1.1769e+06 1.29831e+06 833880 519486
mphobs
 0 0 0 0 0 0 0 0 0 0 0 498337 0 5186 125008 0 168611 109162 213762 579715 649985 157893 87575 83554 0 0 0 0 0 0
mphpred
 433703 281823 133870 71227.3 53937.5 56348.2 106327 47665.9 40518.7 25837.2 18505.4 50232.5 56014.2 44724.3 25806.2 32540.7 167873 140272 320088 236277 252281 317983 297072 224885 323130 255966 201940 235421 349726 217600
desembarqueobs
 494567 514787 250237 358949 120608 361735 552515 73892 212993 205616 52469 317467 293654 387597 252695 516296 358380 742168 942051 627588 828172 859565 418607 520667 417249 300574 407403 355545 319650 289779
desembarquepred
 494556 514354 250184 358974 120608 361681 552320 73893.4 212994 205610 52469.9 317465 293634 387466 252630 516164 358378 741978 941591 627291 828132 859391 418566 520649 417205 300540 407360 355497 319611 289758
Reclutas
 154050 94358.6 90243 90546.9 73006.5 216855 66276.2 24440.2 32292.1 49189.4 88471.7 127810 103428 71440.4 64341.3 437754 64881.2 658945 370955 289691 424318 550767 90820.7 326526 256246 110363 286243 324672 67398 46991
log_desv_Rt
 0.165032 -0.325142 -0.369738 -0.366377 -0.581696 0.506986 -0.678413 -1.67601 -1.39742 -0.976566 -0.389562 -0.0217001 -0.233372 -0.603381 -0.708043 1.20941 -0.699687 1.6184 1.04384 0.79657 1.17824 1.43907 -0.363357 0.916266 0.673892 -0.168473 0.784596 0.910569 -0.661629 -1.02229
SSB
 2.04478e+06 1.32871e+06 631155 335815 254299 265665 501300 224731 191033 121815 87247.3 236831 264090 210862 121669 153420 791473 661338 1.50912e+06 1.11398e+06 1.18943e+06 1.49919e+06 1.40061e+06 1.06027e+06 1.52346e+06 1.2068e+06 952086 1.10994e+06 1.64886e+06 1.02592e+06
BT
 2.85111e+06 1.93378e+06 932852 724926 496211 1.28933e+06 869640 500109 487869 390239 415166 706877 747390 748632 595659 1.50976e+06 1.24634e+06 3.52182e+06 3.27803e+06 2.18015e+06 3.54867e+06 3.25458e+06 2.1729e+06 3.64179e+06 2.57132e+06 2.1221e+06 3.13378e+06 3.35311e+06 2.19e+06 1.49032e+06
Ftot
 0.210629 0.39455 0.393507 0.755874 0.316453 0.458767 1.08492 0.214176 0.822665 1.05963 0.191652 0.711262 0.66425 1.19267 0.903603 0.558146 0.345744 0.348169 0.467609 0.425121 0.326004 0.413795 0.250366 0.231197 0.230783 0.192514 0.229764 0.181159 0.171572 0.286267
BD_Bspro_t
 0.967025 0.775066 0.566434 0.452106 0.366801 0.435271 0.499049 0.271828 0.306109 0.257361 0.247314 0.551663 0.442854 0.34639 0.22838 0.276376 0.543674 0.486626 0.621638 0.518451 0.489219 0.543902 0.557776 0.530656 0.64823 0.649472 0.649344 0.707323 0.767883 0.675942
BD_Bspro
 2.19925 1.42909 0.678837 0.361185 0.27351 0.285735 0.539171 0.241708 0.205465 0.131017 0.0938385 0.254723 0.284041 0.226791 0.13086 0.16501 0.851266 0.7113 1.62313 1.19813 1.27929 1.61245 1.50642 1.14037 1.63855 1.29797 1.02401 1.19379 1.77342 1.10342
BD_Bo
 1.23754 0.804158 0.381986 0.203242 0.153906 0.160785 0.303396 0.136011 0.115617 0.0737245 0.0528036 0.143335 0.159832 0.127617 0.0736361 0.0928524 0.479014 0.400254 0.913347 0.674198 0.719865 0.907339 0.847672 0.641692 0.922026 0.730378 0.576219 0.671756 0.997917 0.620904
BD_Brms
 6.37779 4.14432 1.96861 1.04743 0.793173 0.828624 1.56358 0.700948 0.595844 0.379947 0.272129 0.738691 0.823712 0.657689 0.379492 0.478525 2.46865 2.06275 4.70704 3.47456 3.7099 4.67607 4.36857 3.30703 4.75176 3.76408 2.96961 3.46197 5.14287 3.1999
Sel_flota
 0.665375 0.974214 0.998609 0.999927 0.999996
 0.665375 0.974214 0.998609 0.999927 0.999996
 0.665375 0.974214 0.998609 0.999927 0.999996
 0.665375 0.974214 0.998609 0.999927 0.999996
 0.665375 0.974214 0.998609 0.999927 0.999996
 0.665375 0.974214 0.998609 0.999927 0.999996
 0.665375 0.974214 0.998609 0.999927 0.999996
 0.665375 0.974214 0.998609 0.999927 0.999996
 0.665375 0.974214 0.998609 0.999927 0.999996
 0.665375 0.974214 0.998609 0.999927 0.999996
 0.665375 0.974214 0.998609 0.999927 0.999996
 0.665375 0.974214 0.998609 0.999927 0.999996
 0.665375 0.974214 0.998609 0.999927 0.999996
 0.665375 0.974214 0.998609 0.999927 0.999996
 0.665375 0.974214 0.998609 0.999927 0.999996
 0.665375 0.974214 0.998609 0.999927 0.999996
 0.665375 0.974214 0.998609 0.999927 0.999996
 0.665375 0.974214 0.998609 0.999927 0.999996
 0.665375 0.974214 0.998609 0.999927 0.999996
 0.665375 0.974214 0.998609 0.999927 0.999996
 0.665375 0.974214 0.998609 0.999927 0.999996
 0.665375 0.974214 0.998609 0.999927 0.999996
 0.665375 0.974214 0.998609 0.999927 0.999996
 0.665375 0.974214 0.998609 0.999927 0.999996
 0.665375 0.974214 0.998609 0.999927 0.999996
 0.665375 0.974214 0.998609 0.999927 0.999996
 0.665375 0.974214 0.998609 0.999927 0.999996
 0.665375 0.974214 0.998609 0.999927 0.999996
 0.665375 0.974214 0.998609 0.999927 0.999996
 0.665375 0.974214 0.998609 0.999927 0.999996
Sel_reclas
 1 1 1 1 1
 1 1 1 1 1
 1 1 1 1 1
 1 1 1 1 1
 1 1 1 1 1
 1 1 1 1 1
 1 1 1 1 1
 1 1 1 1 1
 1 1 1 1 1
 1 1 1 1 1
 1 1 1 1 1
 1 1 1 1 1
 1 1 1 1 1
 1 1 1 1 1
 1 1 1 1 1
 1 1 1 1 1
 1 1 1 1 1
 1 1 1 1 1
 1 1 1 1 1
 1 1 1 1 1
 1 1 1 1 1
 1 1 1 1 1
 1 1 1 1 1
 1 1 1 1 1
 1 1 1 1 1
 1 1 1 1 1
 1 1 1 1 1
 1 1 1 1 1
 1 1 1 1 1
 1 1 1 1 1
Sel_pelaces
 1 1 1 1 1
 1 1 1 1 1
 1 1 1 1 1
 1 1 1 1 1
 1 1 1 1 1
 1 1 1 1 1
 1 1 1 1 1
 1 1 1 1 1
 1 1 1 1 1
 1 1 1 1 1
 1 1 1 1 1
 1 1 1 1 1
 1 1 1 1 1
 1 1 1 1 1
 1 1 1 1 1
 1 1 1 1 1
 1 1 1 1 1
 1 1 1 1 1
 1 1 1 1 1
 1 1 1 1 1
 1 1 1 1 1
 1 1 1 1 1
 1 1 1 1 1
 1 1 1 1 1
 1 1 1 1 1
 1 1 1 1 1
 1 1 1 1 1
 1 1 1 1 1
 1 1 1 1 1
 1 1 1 1 1
pf_obs 
 0.8446 0.082 0.0669 0.0065 0
 0.8095 0.147 0.0364 0.0071 0
 0.9664 0.0169 0.016 0.0007 0
 0.9276 0.0648 0.0075 0.0001 0
 0.7033 0.2144 0.0806 0.0017 0
 0.9318 0.0425 0.0243 0.0014 0
 0.5671 0.3108 0.0964 0.0239 0.0018
 0.0768 0.2599 0.5324 0.112 0.0189
 0.490249 0.384438 0.106611 0.0170017 0.00170017
 0.7925 0.1577 0.0466 0.003 0.0002
 0.840416 0.127587 0.0312969 0.00059994 9.999e-05
 0.8084 0.0986 0.0794 0.0134 0.0002
 0.7335 0.1905 0.0724 0.0035 0.0001
 0.4001 0.4547 0.1325 0.0127 0
 0.49795 0.308269 0.164784 0.0264974 0.00249975
 0.9179 0.0499 0.0305 0.0017 0
 0.2467 0.6533 0.0926 0.0074 0
 0.9418 0.0223 0.034 0.0019 0
 0.707729 0.231977 0.0356964 0.0245975 0
 0.517169 0.277429 0.184464 0.0207286 0.00020938
 0.811772 0.124168 0.05621 0.00726502 0.000585176
 0.764997 0.148141 0.077277 0.00933861 0.000247198
 0.163321 0.427699 0.378323 0.0303852 0.000271297
 0.753843 0.0900009 0.118128 0.0371064 0.000921714
 0.721811 0.176058 0.0630433 0.0369309 0.00215725
 0.143369 0.312575 0.442814 0.0836902 0.0175525
 0.692698 0.0596174 0.167031 0.0765114 0.00414204
 0.394062 0.376323 0.152708 0.0712218 0.00568511
 0.125707 0.32114 0.495352 0.0537591 0.00404204
 0.23352 0.215282 0.420074 0.123614 0.00750983
pf_pred 
 0.439331 0.168411 0.362124 0.0301325 8.84856e-07
 0.427159 0.31125 0.0800563 0.167607 0.0139272
 0.566011 0.233742 0.110322 0.0275507 0.0623745
 0.639383 0.242275 0.0646304 0.0296132 0.0240985
 0.658273 0.255803 0.0584088 0.0150402 0.012475
 0.843078 0.117215 0.0299372 0.00664481 0.00312538
 0.436632 0.504127 0.0445972 0.0110448 0.0035985
 0.456646 0.315503 0.204769 0.0173865 0.00569607
 0.6348 0.204454 0.0943953 0.0596372 0.00671281
 0.804384 0.146599 0.0278954 0.0124138 0.00870832
 0.859022 0.12409 0.0127862 0.00233629 0.00176509
 0.748732 0.226394 0.0219648 0.00220396 0.000705927
 0.684127 0.262611 0.0481535 0.00451226 0.000596655
 0.638965 0.282041 0.0660498 0.0117043 0.0012395
 0.758049 0.185331 0.044649 0.0100132 0.00195772
 0.954092 0.0387601 0.00552359 0.0012811 0.000342773
 0.287753 0.691479 0.0176228 0.00243207 0.000713758
 0.904395 0.03652 0.0574098 0.0014217 0.000253391
 0.566175 0.406266 0.0107158 0.0163668 0.000476804
 0.58331 0.280005 0.128255 0.0032807 0.00514829
 0.720654 0.19189 0.0593449 0.0263805 0.00173087
 0.715382 0.227308 0.0397227 0.0119403 0.00564741
 0.248831 0.598288 0.122834 0.0208365 0.00921068
 0.729947 0.0899502 0.144244 0.0288195 0.00703934
 0.584487 0.334227 0.0275688 0.0430351 0.0106829
 0.393263 0.411764 0.157678 0.012661 0.0246343
 0.734919 0.130486 0.0921211 0.0343593 0.0081151
 0.669641 0.266782 0.0317298 0.0218069 0.01004
 0.250128 0.563038 0.151651 0.0175713 0.0176111
 0.332677 0.221322 0.337059 0.0884503 0.0204907
pobs_RECLAS
 0 0 0 0 0
 0 0 0 0 0
 0 0 0 0 0
 0 0 0 0 0
 0 0 0 0 0
 0 0 0 0 0
 0 0 0 0 0
 0 0 0 0 0
 0 0 0 0 0
 0 0 0 0 0
 0.991045 0.00858322 0.000360255 1.14367e-05 0
 0.934742 0.0480273 0.0164251 0.00080598 0
 0.827803 0.169806 0.00239088 0 0
 0.941827 0.0461693 0.0120037 0 0
 0.791401 0.0380133 0.147996 0.0225897 0
 0.846168 0.0940531 0.0597789 0 0
 0.134021 0.677848 0.182769 0.00536245 0
 0.80878 0.0450904 0.141981 0.00414843 0
 0.846168 0.0940531 0.0597789 0 0
 0.905697 0.0802665 0.012482 0.00150086 5.37128e-05
 0.989698 0.0102097 9.19794e-05 0 0
 0.975433 0.0193895 0.00387452 0.00125025 5.28907e-05
 0.303575 0.632131 0.0575291 0.00676475 0
 0.966965 0.00978017 0.0227588 0.000495775 0
 0.843318 0.132988 0.00938335 0.0141283 0.000182051
 0.564624 0.303363 0.111486 0.0197234 0.00080311
 0.826376 0.0876187 0.0782897 0.00655872 0.00115652
 0.89761 0.0855135 0.0140674 0.00269457 0.000114338
 0.34875 0.467042 0.161289 0.0227151 0.000203297
 0.318654 0.224769 0.449479 0.00709798 0
ppred_RECLAS
 0.540233 0.140563 0.294713 0.0244902 7.19115e-07
 0.528226 0.259466 0.0650363 0.135974 0.0112978
 0.661953 0.184288 0.0847645 0.0211391 0.0478553
 0.729732 0.183234 0.0475645 0.021762 0.017708
 0.741419 0.19482 0.043362 0.0111504 0.00924803
 0.889432 0.0831378 0.0206879 0.00458547 0.00215661
 0.544713 0.408656 0.035118 0.00868374 0.00282901
 0.555848 0.26064 0.164944 0.0139862 0.00458176
 0.72718 0.15463 0.0694478 0.0438112 0.00493104
 0.864212 0.10251 0.0189511 0.00842047 0.0059065
 0.899987 0.0882993 0.00887205 0.00161892 0.00122302
 0.818116 0.164316 0.015516 0.00155463 0.00049791
 0.765665 0.195701 0.0349332 0.00326874 0.000432192
 0.73413 0.209045 0.0475257 0.00840841 0.000890386
 0.827557 0.132958 0.0311465 0.00697464 0.00136353
 0.968924 0.0263458 0.00365655 0.000846877 0.000226575
 0.374448 0.607764 0.0150971 0.00208065 0.00061058
 0.934339 0.0254812 0.0390421 0.000965518 0.000172073
 0.660465 0.318503 0.00818471 0.0124835 0.000363649
 0.677092 0.218829 0.0976692 0.00249487 0.00391483
 0.793707 0.142856 0.0430646 0.0191173 0.00125423
 0.789521 0.168981 0.0287754 0.00863768 0.00408509
 0.329416 0.536868 0.107464 0.0182048 0.00804676
 0.802109 0.0670429 0.104824 0.0209154 0.00510834
 0.675786 0.262114 0.0210806 0.0328625 0.00815714
 0.490347 0.348693 0.130205 0.010441 0.0203134
 0.805471 0.0970071 0.0667754 0.0248723 0.005874
 0.749886 0.202977 0.0235414 0.0161576 0.00743845
 0.330604 0.505772 0.132846 0.0153718 0.0154055
 0.428302 0.192891 0.286375 0.0750478 0.0173846
pobs_PELACES
 0 0 0 0 0
 0 0 0 0 0
 0 0 0 0 0
 0 0 0 0 0
 0 0 0 0 0
 0 0 0 0 0
 0 0 0 0 0
 0 0 0 0 0
 0 0 0 0 0
 0 0 0 0 0
 0 0 0 0 0
 0 0 0 0 0
 0 0 0 0 0
 0 0 0 0 0
 0 0 0 0 0
 0 0 0 0 0
 0.505614 0.472636 0.0217494 0 0
 0 0 0 0 0
 0.443492 0.261883 0.143347 0.151278 0
 0.227955 0.32914 0.350689 0.0885471 0.00366901
 0.970185 0.0296113 0.000203453 0 0
 0.997202 0.00247181 0.000326279 0 0
 0.445219 0.490057 0.0546422 0.010081 0
 0.90214 0.0892962 0.00764917 0.000914606 0
 0 0 0 0 0
 0.581667 0.319106 0.0959925 0.00289975 0.000334073
 0.762889 0.0836404 0.116647 0.0363945 0.000428098
 0.88444 0.0763242 0.0277011 0.0115352 0
 0.521256 0.241999 0.230069 0.00667565 0
 0.616807 0.101726 0.260614 0.0208532 0
ppred_PELACES
 0.545853 0.139009 0.290961 0.0241762 7.09892e-07
 0.538603 0.254135 0.0634982 0.132735 0.0110286
 0.671194 0.179515 0.0823079 0.020523 0.04646
 0.745034 0.173206 0.0446886 0.0204395 0.0166316
 0.747675 0.190229 0.0422323 0.0108584 0.00900579
 0.894035 0.0797507 0.0197719 0.00438156 0.00206069
 0.572194 0.384337 0.0327409 0.00809214 0.00263621
 0.561406 0.257562 0.162716 0.013796 0.00451942
 0.744051 0.145493 0.0649129 0.0409357 0.0046073
 0.876625 0.0933377 0.0171089 0.00759843 0.00532976
 0.901747 0.0867608 0.00870402 0.00158813 0.00119975
 0.828734 0.154809 0.0145349 0.00145588 0.000466274
 0.777745 0.185776 0.0329848 0.00308554 0.000407963
 0.75755 0.191024 0.0430138 0.00760619 0.000805415
 0.840531 0.123161 0.0286425 0.0064114 0.00125339
 0.970612 0.0249323 0.00344486 0.000797654 0.000213403
 0.382756 0.59974 0.0148563 0.00204716 0.000600749
 0.936585 0.024652 0.0376659 0.000931342 0.000165981
 0.671122 0.30858 0.00789992 0.0120467 0.000350921
 0.686729 0.212533 0.094535 0.00241437 0.00378846
 0.799226 0.139149 0.041837 0.0185697 0.00121829
 0.796552 0.163445 0.0277402 0.00832544 0.00393738
 0.335167 0.53248 0.106371 0.0180177 0.007964
 0.806017 0.0658007 0.102691 0.0204876 0.00500384
 0.680998 0.257996 0.0207108 0.0322828 0.00801322
 0.495374 0.345424 0.128785 0.0103263 0.02009
 0.80926 0.0952076 0.0654155 0.0243633 0.00575378
 0.753385 0.200194 0.0231847 0.0159115 0.00732515
 0.334561 0.502954 0.131924 0.0152639 0.0152973
 0.435841 0.190642 0.282385 0.0739929 0.0171402
pobs_pel_tallas
 0 0 0 0 0 0 0 0 0 0 0 0 0 0 0 0 0 0 0 0 0 0 0 0 0 0
 0 0 0 0 0 0 0 0 0 0 0 0 0 0 0 0 0 0 0 0 0 0 0 0 0 0
 0 0 0 0 0 0 0 0 0 0 0 0 0 0 0 0 0 0 0 0 0 0 0 0 0 0
 0 0 0 0 0 0 0 0 0 0 0 0 0 0 0 0 0 0 0 0 0 0 0 0 0 0
 0 0 0 0 0 0 0 0 0 0 0 0 0 0 0 0 0 0 0 0 0 0 0 0 0 0
 0 0 0 0 0 0 0 0 0 0 0 0 0 0 0 0 0 0 0 0 0 0 0 0 0 0
 0 0 0 0 0 0 0 0 0 0 0 0 0 0 0 0 0 0 0 0 0 0 0 0 0 0
 0 0 0 0 0 0 0 0 0 0 0 0 0 0 0 0 0 0 0 0 0 0 0 0 0 0
 0 0 0 0 0 0 0 0 0 0 0 0 0 0 0 0 0 0 0 0 0 0 0 0 0 0
 0 0 0 0 0 0 0 0 0 0 0 0 0 0 0 0 0 0 0 0 0 0 0 0 0 0
 0 0 0 0 0 0 0 0 0 0 0 0 0 0 0 0 0 0 0 0 0 0 0 0 0 0
 0 0 0 0 0 0 0 0 0 0 0 0 0 0 0 0 0 0 0 0 0 0 0 0 0 0
 0.00862536 0 0 0.000197151 0.00414017 0.0128641 0.00837892 0.0270097 0.101434 0.158115 0.152841 0.127902 0.109271 0.109419 0.0830992 0.0579132 0.0238553 0.00714673 0.00463305 0.00128148 0.00103504 0.000492878 0.000147863 0.000147863 4.92878e-05 0
 0 0 0 0 0 0 0 0 0 0 0 0 0 0 0 0 0 0 0 0 0 0 0 0 0 0
 0 0 0 0 0 0 0 0.0054083 0.00873648 0.0413646 0.0450493 0.0745869 0.0622846 0.0627006 0.0613931 0.0827291 0.12552 0.122667 0.0946155 0.0697135 0.0546179 0.0294188 0.0215738 0.0213955 0.0102223 0.00600262
 0 0 0 0 0.00359764 0.0251062 0.0480494 0.140153 0.205849 0.193036 0.1447 0.116669 0.0760912 0.0342217 0.00950174 0.001854 0.000860785 0 0 0 0.000165536 0 0.000143464 0 0 0
 0 0 0 0 0 0 0 0.000145254 0.000435761 0.0275982 0.070085 0.0708112 0.156366 0.174668 0.174014 0.160142 0.0824315 0.0480064 0.0283245 0.00493863 0.00203355 0 0 0 0 0
 0 0 0 0 0 0 0 0 0 0 0 0 0 0 0 0 0 0 0 0 0 0 0 0 0 0
 0 0 1.00437e-05 0.000401748 0.00122533 0.00171747 0.00176769 0.0269171 0.070346 0.194647 0.189555 0.159765 0.064822 0.0314167 0.0384472 0.0292271 0.0345202 0.0313363 0.0194345 0.0106764 0.0143323 0.0359363 0.0279516 0.0138201 0.00172751 0
 0 0.0021121 0.0136068 0.0755702 0.200478 0.177729 0.0527432 0.0373336 0.0318909 0.0142505 0.0149659 0.0166563 0.0217959 0.0798694 0.0677717 0.0528807 0.04013 0.0224614 0.0357745 0.0225083 0.00881397 0.00855152 0.00135912 0.000746735 0 0
 0 0 0 0 5.4009e-05 0.00500934 0.000945158 0.0243581 0.138947 0.33067 0.221406 0.137944 0.0707744 0.0437923 0.0131692 0.00525238 0.0047753 0.00276346 9.45158e-05 9.00151e-06 2.25038e-05 9.00151e-06 4.50075e-06 0 0 0
 0.000866109 0.00284123 0.00948549 0.0512746 0.133035 0.25785 0.225252 0.132002 0.0553304 0.0519788 0.0540692 0.017754 0.00435017 0.00159236 0.00146478 0.000404838 0.000125132 0.000115318 0.000107957 0.000100596 0 0 0 0 0 0
 0 0 0 0 0.00144013 0.00171154 0.00461396 0.0210425 0.0478622 0.0707936 0.0888783 0.103762 0.0637923 0.0337046 0.0602308 0.124433 0.169614 0.0934646 0.0462172 0.0250306 0.0313229 0.00938855 0.002487 0.000210481 0 0
 0 0.00764035 0.051015 0.0998891 0.058973 0.0496711 0.0374665 0.0718981 0.12319 0.153886 0.159021 0.0857701 0.0377988 0.023471 0.0147837 0.00900784 0.00315554 0.000888139 0.00291439 0.00214683 0.00393193 0.00274676 0.000635225 9.99891e-05 0 0
 0 0 0 0 0 0 0 0 0 0 0 0 0 0 0 0 0 0 0 0 0 0 0 0 0 0
 0 0 0 0 0 0 0 0 0 0 0 0 0 0 0 0 0 0 0 0 0 0 0 0 0 0
 0 0 0 0 0 0 0 0 0 0 0 0 0 0 0 0 0 0 0 0 0 0 0 0 0 0
 0 0 0 0 0 0 0 0 0 0 0 0 0 0 0 0 0 0 0 0 0 0 0 0 0 0
 0 0 0 0 0 0 0 0 0 0 0 0 0 0 0 0 0 0 0 0 0 0 0 0 0 0
 0 0 0 0 0 0 0 0 0 0 0 0 0 0 0 0 0 0 0 0 0 0 0 0 0 0
ppred_pel_tallas
 1.10857e-16 4.49612e-05 0.000437039 0.00290428 0.0132024 0.0410778 0.087521 0.127742 0.127756 0.0875888 0.0413065 0.0138684 0.00459639 0.00419844 0.00738603 0.0126535 0.0194184 0.0269026 0.0342518 0.0409292 0.0467714 0.0515894 0.0547418 0.0552056 0.0521798 0.045726
 1.17076e-16 4.43641e-05 0.000431234 0.00286571 0.0130271 0.0405323 0.0863592 0.126049 0.126073 0.0864793 0.040936 0.0141946 0.00580117 0.0068566 0.0123002 0.0204105 0.0297608 0.0382418 0.0437894 0.0456004 0.0446497 0.0429747 0.0422679 0.042875 0.0438262 0.0436534
 1.12342e-16 5.52854e-05 0.000537394 0.00357117 0.016234 0.0505102 0.107618 0.157075 0.157093 0.107703 0.0507962 0.0170615 0.00565335 0.00510011 0.00877231 0.0145524 0.0212871 0.0274789 0.0316521 0.0331748 0.032624 0.0313164 0.030386 0.0301426 0.0301049 0.0295004
 1.06199e-16 6.13675e-05 0.000596514 0.00396405 0.01802 0.056067 0.119457 0.174355 0.174372 0.119539 0.0563417 0.018814 0.0059592 0.00495881 0.00836675 0.0137901 0.0199925 0.0254311 0.0285845 0.0287776 0.0265796 0.0233839 0.0205133 0.018553 0.0173075 0.0162147
 1.03881e-16 6.1585e-05 0.000598628 0.0039781 0.0180839 0.0562657 0.119881 0.174973 0.174992 0.11997 0.0565671 0.0189547 0.00616531 0.0053778 0.00915133 0.0150666 0.0217811 0.0275677 0.0307084 0.030416 0.0272894 0.0228757 0.0187029 0.0155462 0.013356 0.0116703
 1.0138e-16 7.36405e-05 0.000715812 0.00475682 0.0216238 0.0672798 0.143347 0.209221 0.209228 0.143385 0.0674062 0.0219891 0.00567441 0.00272118 0.00388888 0.00633008 0.00915265 0.011596 0.0129367 0.0128406 0.0115493 0.00969788 0.0079138 0.00651619 0.00549119 0.00466515
 1.02301e-16 4.71309e-05 0.000458129 0.00304443 0.0138396 0.0430602 0.0917458 0.133913 0.13395 0.0919266 0.0436673 0.0155924 0.0074426 0.0100537 0.018254 0.030059 0.0431933 0.0540991 0.0591812 0.0567806 0.0481699 0.0367095 0.0258697 0.0176486 0.0122891 0.00900432
 1.0691e-16 4.62423e-05 0.000449492 0.00298703 0.0135786 0.0422483 0.0900154 0.131385 0.13141 0.0901378 0.0426597 0.0147694 0.00598553 0.00702648 0.0126285 0.021042 0.0308593 0.0399529 0.0461391 0.0483407 0.0471001 0.0439666 0.0403153 0.0366076 0.0325549 0.0277931
 1.06796e-16 6.12865e-05 0.000595727 0.00395881 0.0179962 0.0559929 0.119299 0.174124 0.174138 0.119368 0.0562247 0.0186668 0.0056462 0.00429318 0.0071247 0.0117913 0.0172414 0.0222423 0.0255838 0.02673 0.0261103 0.0247419 0.0234948 0.0225986 0.0216981 0.0202772
 1.02182e-16 7.22065e-05 0.000701873 0.00466419 0.0212027 0.0659696 0.140556 0.205147 0.205156 0.1406 0.0661174 0.0216297 0.00573634 0.00304393 0.00452486 0.00737885 0.0106533 0.0134646 0.0149677 0.0147828 0.0132183 0.0110533 0.00905553 0.00761115 0.00668232 0.00601111
 1.00636e-16 7.42758e-05 0.000721987 0.00479786 0.0218104 0.0678602 0.144584 0.211026 0.211034 0.144624 0.0679973 0.0222062 0.00579118 0.00288947 0.00418791 0.00679851 0.00976888 0.0122478 0.0134222 0.0129184 0.0110217 0.00848527 0.0060843 0.00426164 0.00306659 0.00232023
 1.00685e-16 6.82617e-05 0.000663528 0.00440938 0.0200444 0.0623657 0.132877 0.193941 0.193956 0.13295 0.0626102 0.0207505 0.00618122 0.00452933 0.00740377 0.012115 0.0174054 0.0218021 0.0238513 0.0228798 0.0193924 0.0147348 0.0103006 0.00689832 0.00463988 0.00322922
 1.01378e-16 6.40619e-05 0.000622704 0.00413809 0.0188112 0.0585286 0.124702 0.18201 0.182028 0.12479 0.0588226 0.0196603 0.00627002 0.00527802 0.00890908 0.0146365 0.0210989 0.0265726 0.0293395 0.0285951 0.0249107 0.0198225 0.0148971 0.011007 0.00823644 0.00624908
 1.0219e-16 6.23985e-05 0.000606535 0.00403064 0.0183227 0.0570089 0.121464 0.177284 0.177303 0.121554 0.0573115 0.019197 0.00622646 0.00540397 0.0091851 0.0151159 0.021838 0.0276045 0.0306712 0.0302219 0.0268307 0.0220327 0.0173671 0.0136523 0.0109152 0.00878981
 1.01714e-16 6.92335e-05 0.000672974 0.00447215 0.0203297 0.0632535 0.134769 0.196701 0.196713 0.134827 0.0634486 0.0208936 0.00588839 0.00376757 0.005955 0.00975761 0.0141017 0.0178421 0.019858 0.0196278 0.0175241 0.0145332 0.0116379 0.00934978 0.00766768 0.00633972
 1.00222e-16 7.9948e-05 0.000777123 0.00516426 0.023476 0.0730424 0.155625 0.227139 0.227142 0.155636 0.0730819 0.0235898 0.00545007 0.00140103 0.00126478 0.0019642 0.00282119 0.00354632 0.00390423 0.00378782 0.0032771 0.0025835 0.00192274 0.00141506 0.00107044 0.000837761
 1.0089e-16 3.15272e-05 0.000306456 0.00203651 0.00925772 0.0288045 0.0613732 0.0895881 0.0896458 0.061655 0.0297505 0.0119885 0.00888556 0.0152393 0.0283364 0.046651 0.0668587 0.0833586 0.090464 0.0855534 0.0706716 0.0512374 0.0329325 0.0191557 0.0104839 0.00573419
 1.01215e-16 7.71453e-05 0.000749879 0.00498321 0.022653 0.0704818 0.150169 0.219176 0.219179 0.150181 0.0705219 0.0227694 0.00527803 0.00140178 0.00133951 0.00215546 0.00324369 0.00438153 0.00538687 0.00615654 0.00668923 0.00702159 0.00714042 0.00696371 0.00641034 0.00548982
 1.01575e-16 5.52795e-05 0.000537337 0.00357079 0.0162323 0.0505049 0.107607 0.157062 0.157092 0.107752 0.0509917 0.0176377 0.00709591 0.00822401 0.0146283 0.0240299 0.0344573 0.0430121 0.0467871 0.0444567 0.0370905 0.0274762 0.0185074 0.0118705 0.00777868 0.00554212
 1.03666e-16 5.6565e-05 0.000549832 0.00365383 0.0166098 0.0516793 0.110109 0.160712 0.160732 0.11021 0.0520174 0.0175877 0.00611312 0.00593387 0.0103267 0.0170989 0.0248949 0.0318608 0.0361188 0.0367581 0.034305 0.0302375 0.0259754 0.022181 0.0187879 0.015491
 1.03312e-16 6.58312e-05 0.000639903 0.00425238 0.0193307 0.0601451 0.128146 0.187036 0.187049 0.128212 0.060366 0.0199691 0.00585688 0.00414906 0.00674964 0.0111053 0.0161118 0.0205172 0.0230905 0.0232667 0.0214625 0.0187451 0.0161331 0.0140876 0.0124981 0.0110151
 1.02344e-16 6.56109e-05 0.000637762 0.00423815 0.019266 0.0599439 0.127717 0.18641 0.186426 0.127794 0.0602025 0.0200132 0.00611407 0.00473439 0.00785025 0.0128859 0.0185843 0.0234304 0.0259265 0.0253849 0.0223292 0.0181244 0.0141427 0.0111172 0.00906012 0.00760014
 1.06361e-16 2.76074e-05 0.000268354 0.00178331 0.00810668 0.0252232 0.0537425 0.0784496 0.0785009 0.0539936 0.0260662 0.0105423 0.00789936 0.0136275 0.0254215 0.042042 0.0606966 0.0766103 0.0849137 0.0833371 0.0735223 0.0598262 0.0466367 0.0363144 0.0289563 0.0234918
 1.05882e-16 6.63906e-05 0.00064534 0.00428851 0.019495 0.0606561 0.129234 0.188623 0.188629 0.129266 0.0607633 0.0198066 0.00507811 0.00239347 0.00345815 0.00579973 0.00878765 0.0119716 0.0149181 0.017401 0.0194526 0.0211694 0.0224558 0.022967 0.0223157 0.0203579
 1.05258e-16 5.60929e-05 0.000545243 0.00362333 0.0164712 0.051248 0.10919 0.159372 0.159396 0.109312 0.0516557 0.0176485 0.0065781 0.00699388 0.012299 0.0202348 0.0291276 0.0366095 0.040324 0.0392284 0.0342396 0.027633 0.0216775 0.0175546 0.015188 0.0137938
 1.08241e-16 4.08034e-05 0.000396624 0.00263571 0.0119816 0.0372792 0.0794286 0.115935 0.115969 0.079592 0.0378281 0.0135685 0.00662522 0.00912597 0.0166786 0.0276633 0.040207 0.0513158 0.0579397 0.0586417 0.0543813 0.0477114 0.0410869 0.0356511 0.0312234 0.0270934
 1.0533e-16 6.66577e-05 0.000647936 0.00430577 0.0195734 0.0609001 0.129754 0.189382 0.189392 0.1298 0.0610525 0.0200148 0.00541805 0.00309066 0.00474897 0.00785919 0.0115832 0.0151342 0.0177526 0.0190902 0.019377 0.0191681 0.0188875 0.0185563 0.0178823 0.016562
 1.03556e-16 6.20554e-05 0.0006032 0.00400848 0.018222 0.0566954 0.120796 0.17631 0.176329 0.120891 0.0570119 0.0191361 0.006303 0.00561193 0.00957415 0.0157297 0.0226554 0.028501 0.0314323 0.0306238 0.0267579 0.0215659 0.0167848 0.0133367 0.0112055 0.00985298
 1.08056e-16 2.75575e-05 0.000267868 0.00178008 0.00809202 0.0251776 0.0536452 0.078307 0.0783555 0.0538826 0.0259749 0.0103962 0.00756846 0.0129191 0.0240991 0.0399131 0.0577637 0.0732021 0.0816847 0.081084 0.0728933 0.0610839 0.0495969 0.040464 0.0336569 0.0281643
 1.18519e-16 3.58996e-05 0.000348957 0.00231895 0.0105416 0.0327989 0.0698823 0.101999 0.102018 0.0699743 0.0331092 0.0114432 0.00460274 0.00540289 0.00983556 0.0167315 0.0253383 0.0344711 0.042893 0.049985 0.0559066 0.0610198 0.06511 0.0671779 0.0660134 0.0610416
pSPR Fmed_Fpbrs
0.527434   0.244039 0.244039
Fs Fmed_Fpbrs
0.392866   1.005 1.005
SSBpbr Bo_Bmed_Bpbrs
1.6523e+06  788863  320610 320610
Ro
130614
SPR SPRFo_SPRFmed_SPRFpbrs
929760 490387 226897
Fref
1.005
log_Ro
11.6
likeval ReclasPelacesDesembMPH_pf_preclas_ppelaces_ptallas_desvR_qrecl_qpela
 10.2486 25.3214 0.00906469 0.000864312 228.933 103.633 78.1355 0 31.0882 1.62365e-06 0 0.0209631 0 0 0
q_reclas_q_pelaces
1.19789 1
M
1
N
 154050 41407.4 87040.4 7233.93 0.212414
 94358.6 49260.8 12407 25946.5 2155.88
 90243 26697.7 12338.9 3077.94 6968.02
 90546.9 25551 6694.05 3064.22 2493.46
 73006.5 20144.4 4500.97 1157.66 960.155
 216855 21758.2 5444.66 1207.17 567.76
 66276.2 58790.4 5119.48 1266.82 412.722
 24440.2 11845.5 7515.97 637.396 208.807
 32292.1 7796.88 3537.06 2232.57 251.287
 49189.4 6871.92 1286.95 572.224 401.399
 88471.7 8940.84 900.451 164.33 124.144
 127810 28650.2 2728.96 273.557 87.6159
 103428 29291.2 5271.11 493.44 65.2441
 71440.4 24456.5 5641.59 998.914 105.782
 64341.3 11885.1 2815.05 630.75 123.314
 437754 12974.2 1813.01 420.057 112.385
 64881.2 111083 2771.01 381.982 112.097
 658945 18963.3 29179.1 721.77 128.634
 370955 192285 4969.49 7581.93 220.868
 289691 99977.6 44854.6 1146.09 1798.42
 424318 80314.4 24307.6 10793 708.103
 550767 125658 21506.4 6457.46 3054.02
 90820.7 153851 30890.3 5233.77 2313.42
 326526 28284.1 44348.2 8850.07 2161.54
 256246 102995 8306.73 12951.3 3214.81
 110363 80848.7 30260.6 2426.87 4721.6
 286243 35718.8 24656.2 9185.26 2169.27
 324672 90374.4 10504.9 7210.83 3319.67
 67398 105877 27867.8 3224.99 3232.08
 46991 22119.4 32954.5 8637.72 2000.93
pred_Ctot
 12880.7 4937.61 10617.1 883.452 0.025943
 14069.1 10251.5 2636.77 5520.39 458.713
 13423.6 5543.47 2616.41 653.396 1479.28
 23559.3 8927.11 2381.44 1091.16 887.956
 8913.94 3463.93 790.937 203.665 168.929
 36965.8 5139.44 1312.63 291.35 137.036
 22819.6 26347 2330.77 577.231 188.067
 2075.96 1434.31 930.904 79.0411 25.895
 8992.32 2896.22 1337.16 844.796 95.0909
 16643.1 3033.19 577.168 256.847 180.179
 6765.71 977.343 100.705 18.4008 13.9019
 31647.3 9569.19 928.405 93.1566 29.8381
 24205.2 9291.48 1703.73 159.649 21.1104
 26350.4 11631.2 2723.84 482.676 51.1159
 19287.4 4715.48 1136.03 254.772 49.8112
 88464.2 3593.86 512.152 118.785 31.7822
 8587.75 20636.6 525.94 72.5831 21.3016
 87774.1 3544.38 5571.79 137.98 24.5923
 64303.7 46142 1217.05 1858.87 54.1534
 46166.4 22161.2 10150.8 259.653 407.464
 53236 14175.3 4383.92 1948.78 127.863
 85689.6 27227.4 4758.05 1430.23 676.457
 8930.16 21471.6 4408.3 747.789 330.556
 29801.9 3672.45 5889.11 1176.63 287.399
 23348.2 13351.2 1101.28 1719.1 426.746
 8475.75 8874.49 3398.34 272.876 530.928
 25973.4 4611.61 3255.74 1214.32 286.803
 23536.3 9376.76 1115.23 766.461 352.88
 4639.38 10443.2 2812.83 325.913 326.651
 5232.31 3480.93 5301.23 1391.14 322.276
F
 0.140147 0.205197 0.210336 0.210613 0.210628
 0.262524 0.384376 0.394001 0.394521 0.394549
 0.26183 0.38336 0.39296 0.393478 0.393505
 0.50294 0.736383 0.754823 0.755819 0.755871
 0.21056 0.308293 0.316013 0.31643 0.316452
 0.305252 0.446937 0.458129 0.458734 0.458765
 0.721882 1.05695 1.08342 1.08485 1.08492
 0.142508 0.208653 0.213878 0.21416 0.214175
 0.547381 0.801451 0.82152 0.822604 0.822662
 0.705049 1.0323 1.05815 1.05955 1.05962
 0.127521 0.18671 0.191386 0.191638 0.191652
 0.473256 0.692921 0.710273 0.71121 0.711259
 0.441976 0.647122 0.663326 0.664202 0.664248
 0.793574 1.16192 1.19101 1.19258 1.19267
 0.601235 0.880303 0.902346 0.903537 0.9036
 0.371376 0.543753 0.557369 0.558105 0.558144
 0.230049 0.336828 0.345263 0.345718 0.345742
 0.231663 0.339191 0.347685 0.348144 0.348168
 0.311136 0.455551 0.466959 0.467575 0.467607
 0.282865 0.414159 0.42453 0.42509 0.42512
 0.216915 0.317598 0.325551 0.32598 0.326003
 0.275329 0.403125 0.413219 0.413765 0.413793
 0.166587 0.24391 0.250018 0.250348 0.250365
 0.153833 0.225235 0.230875 0.23118 0.231196
 0.153557 0.224832 0.230462 0.230766 0.230782
 0.128094 0.18755 0.192247 0.1925 0.192514
 0.152879 0.223839 0.229445 0.229747 0.229763
 0.120539 0.176488 0.180907 0.181146 0.181159
 0.11416 0.167148 0.171334 0.17156 0.171572
 0.190475 0.278885 0.285869 0.286246 0.286266
nmprior
 8 8 7 0
nm_flota  nm_reclas  nm_pelaces    nm_pelaL
inf 14.6395 12.38 20.477
cv_recla  cv_pelaces  cv_mph
0.296387 0.592118 0.907278
 ------------------------------------------------
Talla a la edad & desviación 
 8 13.2811 15.8009 17.003 17.5766
 0.8 1.32811 1.58009 1.7003 1.75766
