years
 1991 1992 1993 1994 1995 1996 1997 1998 1999 2000 2001 2002 2003 2004 2005 2006 2007 2008 2009 2010 2011 2012 2013 2014 2015 2016 2017 2018 2019 2020
reclasobs
 0 0 0 0 0 0 0 0 0 252601 567819 844713 477998 351125 339783 2.1784e+06 2.13404e+06 4.81314e+06 1.55562e+06 2.62356e+06 3.21686e+06 3.843e+06 1.13348e+06 3.07943e+06 1.97215e+06 2.03268e+06 2.025e+06 2.42433e+06 2.27542e+06 1.05018e+06
reclaspred
 1.12225e+06 914183 426695 179203 14036.9 502958 355253 99538.5 197234 115254 240181 400499 339993 231322 333636 745246 1.40485e+06 1.76785e+06 1.59838e+06 1.20097e+06 1.62044e+06 1.69856e+06 1.67704e+06 1.98911e+06 1.70776e+06 1.2321e+06 1.23035e+06 1.53119e+06 1.63159e+06 621492
pelacesobs
 0 0 0 0 0 0 0 0 0 0 0 0 0 0 0 552880 188675 0 991730 2.46772e+06 1.41603e+06 1.21717e+06 2.29649e+06 1.80582e+06 0 1.4828e+06 1.56532e+06 1.57751e+06 1.42118e+06 867257
pelacespred
 405303 379594 185221 51726.9 2064.81 222491 115785 42028 82146 36061.2 108636 149612 138791 95718.5 159490 299619 566537 713442 782362 546036 644476 762549 728458 984084 865824 592471 674776 838196 731318 329388
mphobs
 0 0 0 0 0 0 0 0 0 0 0 498337 0 5186 125008 0 168611 109162 213762 579715 649985 157893 87575 83554 0 0 0 0 0 0
mphpred
 590744 1.04276e+06 443462 229761 43276.1 2311.71 520698 124011 40202.8 170133 33591.8 312399 268439 186870 128134 296925 820410 1.39346e+06 987090 1.32498e+06 922480 1.1066e+06 1.63727e+06 1.06577e+06 1.68893e+06 1.21679e+06 725304 980474 1.60036e+06 843394
desembarqueobs
 494567 514787 250237 358949 120608 361735 552515 73892 212993 205616 52469 317467 293654 387597 252695 516296 358380 742168 942051 627588 828172 859565 418607 520667 417249 300574 407403 355545 319650 289779
desembarquepred
 494324 515668 248881 358207 120870 361405 551650 73820 213205 205364 52490.3 317003 293464 387231 252350 515793 358751 742463 942790 627279 828835 859211 418656 520666 417009 300140 407330 355614 319619 289824
Reclutas
 398288 2692.95 94464.1 30521.8 4111.38 304956 5112.06 867.767 68330.2 4447.43 133810 100211 92338.2 76456.6 108026 399183 258708 215910 670726 112339 342334 777913 12359.5 368350 225196 49137.1 282454 328306 12914 6317.01
log_desv_Rt
 1.76886 -3.22768 0.329905 -0.799872 -2.80456 1.50185 -2.58671 -4.36015 0.00603685 -2.72599 0.678109 0.388964 0.307143 0.118408 0.464061 1.77111 1.33738 1.15655 2.29005 0.503208 1.61747 2.4383 -1.70389 1.69072 1.19866 -0.323701 1.4252 1.57563 -1.66 -2.37507
SSB
 590744 1.04276e+06 443462 229761 43276.1 2311.71 520698 124011 40202.8 170133 33591.8 312399 268439 186870 128134 296925 820410 1.39346e+06 987090 1.32498e+06 922480 1.1066e+06 1.63727e+06 1.06577e+06 1.68893e+06 1.21679e+06 725304 980474 1.60036e+06 843394
BT
 1.69623e+06 1.33633e+06 717855 441398 105097 1.34483e+06 761560 169891 547151 270561 509088 721495 716618 756430 891805 1.58337e+06 2.06127e+06 2.62563e+06 3.74548e+06 1.98208e+06 2.84503e+06 3.3446e+06 2.05785e+06 3.95323e+06 2.6868e+06 1.77607e+06 2.84352e+06 3.22724e+06 1.97317e+06 1.09102e+06
Ftot
 0.410774 0.513671 0.532742 1.57282 3.90226 0.667814 1.26619 0.663204 0.978464 1.4192 0.207625 0.712019 0.773163 1.40912 0.6941 0.636865 0.24077 0.389538 0.544446 0.479134 0.472708 0.469082 0.234506 0.24699 0.229912 0.229153 0.311068 0.219618 0.184905 0.429092
BD_Bspro_t
 0.936389 0.713075 0.434455 0.312672 0.0836761 0.00803268 0.506611 0.173525 0.0931417 0.315735 0.120197 0.63477 0.458111 0.333139 0.247125 0.419282 0.565282 0.654868 0.545499 0.571564 0.436885 0.482843 0.596538 0.526739 0.665458 0.651579 0.596085 0.686481 0.765543 0.632315
BD_Bspro
 1.22187 2.15682 0.917242 0.47523 0.0895108 0.00478146 1.07699 0.256501 0.0831541 0.351896 0.0694801 0.646156 0.55523 0.386516 0.265028 0.614149 1.69691 2.88218 2.04166 2.74054 1.90803 2.28885 3.38647 2.20441 3.49333 2.51677 1.50019 2.02798 3.31012 1.74445
BD_Bo
 0.364792 0.643921 0.273844 0.141881 0.0267236 0.00142751 0.321538 0.0765788 0.0248258 0.105059 0.0207434 0.192911 0.165765 0.115395 0.0791246 0.183355 0.506615 0.860479 0.609542 0.818194 0.569644 0.683341 1.01104 0.658131 1.04294 0.751386 0.447885 0.605456 0.988242 0.520808
BD_Brms
 1.54965 2.7354 1.1633 0.602714 0.113523 0.00606413 1.36591 0.32531 0.105461 0.446296 0.0881187 0.819493 0.704176 0.490203 0.336124 0.7789 2.15212 3.65535 2.58936 3.47572 2.41987 2.90286 4.29492 2.79577 4.43045 3.19192 1.90263 2.572 4.19809 2.21241
Sel_flota
 0.5 1 1 1 1
 0.5 1 1 1 1
 0.5 1 1 1 1
 0.5 1 1 1 1
 0.5 1 1 1 1
 0.5 1 1 1 1
 0.5 1 1 1 1
 0.5 1 1 1 1
 0.5 1 1 1 1
 0.5 1 1 1 1
 0.5 1 1 1 1
 0.5 1 1 1 1
 0.5 1 1 1 1
 0.5 1 1 1 1
 0.5 1 1 1 1
 0.5 1 1 1 1
 0.5 1 1 1 1
 0.5 1 1 1 1
 0.5 1 1 1 1
 0.5 1 1 1 1
 0.5 1 1 1 1
 0.5 1 1 1 1
 0.5 1 1 1 1
 0.5 1 1 1 1
 0.5 1 1 1 1
 0.5 1 1 1 1
 0.5 1 1 1 1
 0.5 1 1 1 1
 0.5 1 1 1 1
 0.5 1 1 1 1
Sel_reclas
 0.5 1 1 1 1
 0.5 1 1 1 1
 0.5 1 1 1 1
 0.5 1 1 1 1
 0.5 1 1 1 1
 0.5 1 1 1 1
 0.5 1 1 1 1
 0.5 1 1 1 1
 0.5 1 1 1 1
 0.5 1 1 1 1
 0.5 1 1 1 1
 0.5 1 1 1 1
 0.5 1 1 1 1
 0.5 1 1 1 1
 0.5 1 1 1 1
 0.5 1 1 1 1
 0.5 1 1 1 1
 0.5 1 1 1 1
 0.5 1 1 1 1
 0.5 1 1 1 1
 0.5 1 1 1 1
 0.5 1 1 1 1
 0.5 1 1 1 1
 0.5 1 1 1 1
 0.5 1 1 1 1
 0.5 1 1 1 1
 0.5 1 1 1 1
 0.5 1 1 1 1
 0.5 1 1 1 1
 0.5 1 1 1 1
Sel_pelaces
 0.5 1 1 1 1
 0.5 1 1 1 1
 0.5 1 1 1 1
 0.5 1 1 1 1
 0.5 1 1 1 1
 0.5 1 1 1 1
 0.5 1 1 1 1
 0.5 1 1 1 1
 0.5 1 1 1 1
 0.5 1 1 1 1
 0.5 1 1 1 1
 0.5 1 1 1 1
 0.5 1 1 1 1
 0.5 1 1 1 1
 0.5 1 1 1 1
 0.5 1 1 1 1
 0.5 1 1 1 1
 0.5 1 1 1 1
 0.5 1 1 1 1
 0.5 1 1 1 1
 0.5 1 1 1 1
 0.5 1 1 1 1
 0.5 1 1 1 1
 0.5 1 1 1 1
 0.5 1 1 1 1
 0.5 1 1 1 1
 0.5 1 1 1 1
 0.5 1 1 1 1
 0.5 1 1 1 1
 0.5 1 1 1 1
pf_obs 
 0.8446 0.082 0.0669 0.0065 0
 0.8095 0.147 0.0364 0.0071 0
 0.9664 0.0169 0.016 0.0007 0
 0.9276 0.0648 0.0075 0.0001 0
 0.7033 0.2144 0.0806 0.0017 0
 0.9318 0.0425 0.0243 0.0014 0
 0.5671 0.3108 0.0964 0.0239 0.0018
 0.0768 0.2599 0.5324 0.112 0.0189
 0.490249 0.384438 0.106611 0.0170017 0.00170017
 0.7925 0.1577 0.0466 0.003 0.0002
 0.840416 0.127587 0.0312969 0.00059994 9.999e-05
 0.8084 0.0986 0.0794 0.0134 0.0002
 0.7335 0.1905 0.0724 0.0035 0.0001
 0.4001 0.4547 0.1325 0.0127 0
 0.49795 0.308269 0.164784 0.0264974 0.00249975
 0.9179 0.0499 0.0305 0.0017 0
 0.2467 0.6533 0.0926 0.0074 0
 0.9418 0.0223 0.034 0.0019 0
 0.707729 0.231977 0.0356964 0.0245975 0
 0.517169 0.277429 0.184464 0.0207286 0.00020938
 0.811772 0.124168 0.05621 0.00726502 0.000585176
 0.764997 0.148141 0.077277 0.00933861 0.000247198
 0.163321 0.427699 0.378323 0.0303852 0.000271297
 0.753843 0.0900009 0.118128 0.0371064 0.000921714
 0.721811 0.176058 0.0630433 0.0369309 0.00215725
 0.143369 0.312575 0.442814 0.0836902 0.0175525
 0.692698 0.0596174 0.167031 0.0765114 0.00414204
 0.394062 0.376323 0.152708 0.0712218 0.00568511
 0.125707 0.32114 0.495352 0.0537591 0.00404204
 0.23352 0.215282 0.420074 0.123614 0.00750983
pf_pred 
 0.820238 0.113631 0.0418027 0.0153783 0.00894983
 0.01124 0.901532 0.0551385 0.0202843 0.011805
 0.639095 0.0093529 0.320538 0.0196044 0.0114093
 0.375022 0.504087 0.0031329 0.107369 0.0103885
 0.29929 0.469452 0.186525 0.00115925 0.0435733
 0.998433 0.00123999 0.000219204 8.70952e-05 2.08873e-05
 0.0381018 0.961285 0.00048521 8.57751e-05 4.22538e-05
 0.0500731 0.101602 0.847784 0.000427921 0.000112912
 0.953296 0.00535482 0.00442263 0.0369032 2.35419e-05
 0.152784 0.832291 0.00171115 0.00141326 0.0118
 0.969426 0.0111789 0.019053 3.9172e-05 0.000302482
 0.559962 0.433609 0.00235052 0.00400614 7.18372e-05
 0.61107 0.29582 0.0917504 0.000497362 0.000862889
 0.627418 0.298115 0.0566396 0.0175671 0.000260443
 0.788723 0.17807 0.0265698 0.00504806 0.0015889
 0.878663 0.109517 0.0099624 0.00148648 0.000371314
 0.546126 0.429521 0.0219802 0.00199947 0.000372864
 0.499101 0.3612 0.132203 0.00676532 0.000730185
 0.797618 0.139956 0.0450157 0.0164762 0.000934151
 0.228592 0.696625 0.0517155 0.0166339 0.00643334
 0.701332 0.121512 0.159982 0.0118766 0.00529744
 0.783547 0.18276 0.0137081 0.018048 0.00193745
 0.0249288 0.87081 0.0880321 0.00660294 0.00962662
 0.713343 0.014901 0.242698 0.0245349 0.00452324
 0.453545 0.4605 0.00446809 0.0727736 0.00871315
 0.182347 0.523276 0.248073 0.00240697 0.0438971
 0.75082 0.0805324 0.10793 0.0511671 0.0095506
 0.626338 0.3246 0.0158565 0.021251 0.0119551
 0.046188 0.745499 0.180961 0.00883984 0.018512
 0.0685842 0.0864457 0.660428 0.160311 0.0242307
pobs_RECLAS
 0 0 0 0 0
 0 0 0 0 0
 0 0 0 0 0
 0 0 0 0 0
 0 0 0 0 0
 0 0 0 0 0
 0 0 0 0 0
 0 0 0 0 0
 0 0 0 0 0
 0 0 0 0 0
 0.991045 0.00858322 0.000360255 1.14367e-05 0
 0.934742 0.0480273 0.0164251 0.00080598 0
 0.827803 0.169806 0.00239088 0 0
 0.941827 0.0461693 0.0120037 0 0
 0.791401 0.0380133 0.147996 0.0225897 0
 0.846168 0.0940531 0.0597789 0 0
 0.134021 0.677848 0.182769 0.00536245 0
 0.80878 0.0450904 0.141981 0.00414843 0
 0.846168 0.0940531 0.0597789 0 0
 0.905697 0.0802665 0.012482 0.00150086 5.37128e-05
 0.989698 0.0102097 9.19794e-05 0 0
 0.975433 0.0193895 0.00387452 0.00125025 5.28907e-05
 0.303575 0.632131 0.0575291 0.00676475 0
 0.966965 0.00978017 0.0227588 0.000495775 0
 0.843318 0.132988 0.00938335 0.0141283 0.000182051
 0.564624 0.303363 0.111486 0.0197234 0.00080311
 0.826376 0.0876187 0.0782897 0.00655872 0.00115652
 0.89761 0.0855135 0.0140674 0.00269457 0.000114338
 0.34875 0.467042 0.161289 0.0227151 0.000203297
 0.318654 0.224769 0.449479 0.00709798 0
ppred_RECLAS
 0.823426 0.111616 0.0410613 0.0151056 0.00879112
 0.0115639 0.901237 0.0551205 0.0202777 0.0118011
 0.646006 0.00917381 0.3144 0.019229 0.0111908
 0.406533 0.478671 0.00297494 0.101956 0.00986475
 0.416688 0.3908 0.155274 0.00096503 0.036273
 0.998495 0.00119113 0.000210568 8.36637e-05 2.00643e-05
 0.0418106 0.957579 0.000483339 8.54444e-05 4.20909e-05
 0.0520051 0.101395 0.84606 0.00042705 0.000112683
 0.956204 0.00502144 0.00414729 0.0346057 2.20762e-05
 0.168133 0.817212 0.00168015 0.00138766 0.0115863
 0.969715 0.0110734 0.0188732 3.88023e-05 0.000299627
 0.570725 0.423004 0.00229303 0.00390816 7.00802e-05
 0.62262 0.287035 0.0890258 0.000482592 0.000837264
 0.653396 0.277329 0.0526905 0.0163423 0.000242284
 0.795694 0.172195 0.0256931 0.0048815 0.00153648
 0.88264 0.105927 0.00963587 0.00143776 0.000359144
 0.548994 0.426807 0.0218413 0.00198684 0.000370508
 0.504203 0.357521 0.130856 0.00669641 0.000722747
 0.802565 0.136535 0.0439153 0.0160735 0.000911317
 0.233268 0.692402 0.051402 0.016533 0.00639434
 0.706727 0.119317 0.157092 0.011662 0.00520175
 0.787865 0.179114 0.0134346 0.0176879 0.0018988
 0.0252033 0.870564 0.0880073 0.00660108 0.00962391
 0.715775 0.0147746 0.240639 0.0243268 0.00448487
 0.456268 0.458206 0.00444583 0.0724109 0.00866973
 0.183984 0.522229 0.247576 0.00240215 0.0438092
 0.753726 0.0795933 0.106671 0.0505704 0.00943923
 0.628774 0.322483 0.0157531 0.0211124 0.0118771
 0.0465678 0.745202 0.180889 0.00883632 0.0185047
 0.070066 0.0863081 0.659378 0.160056 0.0241921
pobs_PELACES
 0 0 0 0 0
 0 0 0 0 0
 0 0 0 0 0
 0 0 0 0 0
 0 0 0 0 0
 0 0 0 0 0
 0 0 0 0 0
 0 0 0 0 0
 0 0 0 0 0
 0 0 0 0 0
 0 0 0 0 0
 0 0 0 0 0
 0 0 0 0 0
 0 0 0 0 0
 0 0 0 0 0
 0 0 0 0 0
 0.505614 0.472636 0.0217494 0 0
 0 0 0 0 0
 0.443492 0.261883 0.143347 0.151278 0
 0.227955 0.32914 0.350689 0.0885471 0.00366901
 0.970185 0.0296113 0.000203453 0 0
 0.997202 0.00247181 0.000326279 0 0
 0.445219 0.490057 0.0546422 0.010081 0
 0.90214 0.0892962 0.00764917 0.000914606 0
 0 0 0 0 0
 0.581667 0.319106 0.0959925 0.00289975 0.000334073
 0.762889 0.0836404 0.116647 0.0363945 0.000428098
 0.88444 0.0763242 0.0277011 0.0115352 0
 0.521256 0.241999 0.230069 0.00667565 0
 0.616807 0.101726 0.260614 0.0208532 0
ppred_PELACES
 0.833065 0.105523 0.0388197 0.014281 0.00831119
 0.0125739 0.900316 0.0550642 0.020257 0.0117891
 0.665841 0.00865979 0.296784 0.0181516 0.0105638
 0.470335 0.427211 0.00265512 0.0909949 0.00880423
 0.576272 0.283884 0.112794 0.000701015 0.0263494
 0.998651 0.00106702 0.000188628 7.49464e-05 1.79737e-05
 0.0510295 0.948366 0.000478689 8.46223e-05 4.16859e-05
 0.0576722 0.100789 0.841002 0.000424497 0.000112009
 0.962488 0.00430089 0.00355217 0.0296399 1.89084e-05
 0.20347 0.782498 0.00160878 0.00132871 0.0110941
 0.970705 0.0107114 0.0182562 3.75338e-05 0.000289832
 0.599238 0.394907 0.00214072 0.00364857 6.54254e-05
 0.652093 0.264617 0.0820728 0.000444901 0.000771873
 0.704018 0.236825 0.044995 0.0139555 0.000206898
 0.813683 0.157033 0.0234308 0.00445169 0.00140119
 0.893095 0.0964906 0.00877745 0.00130968 0.00032715
 0.55881 0.417518 0.021366 0.0019436 0.000362444
 0.520261 0.345942 0.126618 0.00647954 0.000699339
 0.816414 0.126958 0.040835 0.014946 0.000847393
 0.247705 0.679365 0.0504341 0.0162217 0.00627394
 0.722629 0.112847 0.148574 0.0110297 0.0049197
 0.800513 0.168435 0.0126336 0.0166334 0.00178559
 0.0261716 0.8697 0.0879199 0.00659452 0.00961435
 0.723992 0.0143474 0.233682 0.0236234 0.0043552
 0.465694 0.450262 0.00436876 0.0711557 0.00851943
 0.189728 0.518552 0.245833 0.00238524 0.0435008
 0.763128 0.0765544 0.102599 0.0486396 0.00907884
 0.637192 0.31517 0.0153959 0.0206337 0.0116078
 0.0479413 0.744129 0.180628 0.00882359 0.018478
 0.0748219 0.0858667 0.656005 0.159238 0.0240684
pobs_pel_tallas
 0 0 0 0 0 0 0 0 0 0 0 0 0 0 0 0 0 0 0 0 0 0 0 0 0 0
 0 0 0 0 0 0 0 0 0 0 0 0 0 0 0 0 0 0 0 0 0 0 0 0 0 0
 0 0 0 0 0 0 0 0 0 0 0 0 0 0 0 0 0 0 0 0 0 0 0 0 0 0
 0 0 0 0 0 0 0 0 0 0 0 0 0 0 0 0 0 0 0 0 0 0 0 0 0 0
 0 0 0 0 0 0 0 0 0 0 0 0 0 0 0 0 0 0 0 0 0 0 0 0 0 0
 0 0 0 0 0 0 0 0 0 0 0 0 0 0 0 0 0 0 0 0 0 0 0 0 0 0
 0 0 0 0 0 0 0 0 0 0 0 0 0 0 0 0 0 0 0 0 0 0 0 0 0 0
 0 0 0 0 0 0 0 0 0 0 0 0 0 0 0 0 0 0 0 0 0 0 0 0 0 0
 0 0 0 0 0 0 0 0 0 0 0 0 0 0 0 0 0 0 0 0 0 0 0 0 0 0
 0 0 0 0 0 0 0 0 0 0 0 0 0 0 0 0 0 0 0 0 0 0 0 0 0 0
 0 0 0 0 0 0 0 0 0 0 0 0 0 0 0 0 0 0 0 0 0 0 0 0 0 0
 0 0 0 0 0 0 0 0 0 0 0 0 0 0 0 0 0 0 0 0 0 0 0 0 0 0
 0.00862536 0 0 0.000197151 0.00414017 0.0128641 0.00837892 0.0270097 0.101434 0.158115 0.152841 0.127902 0.109271 0.109419 0.0830992 0.0579132 0.0238553 0.00714673 0.00463305 0.00128148 0.00103504 0.000492878 0.000147863 0.000147863 4.92878e-05 0
 0 0 0 0 0 0 0 0 0 0 0 0 0 0 0 0 0 0 0 0 0 0 0 0 0 0
 0 0 0 0 0 0 0 0.0054083 0.00873648 0.0413646 0.0450493 0.0745869 0.0622846 0.0627006 0.0613931 0.0827291 0.12552 0.122667 0.0946155 0.0697135 0.0546179 0.0294188 0.0215738 0.0213955 0.0102223 0.00600262
 0 0 0 0 0.00359764 0.0251062 0.0480494 0.140153 0.205849 0.193036 0.1447 0.116669 0.0760912 0.0342217 0.00950174 0.001854 0.000860785 0 0 0 0.000165536 0 0.000143464 0 0 0
 0 0 0 0 0 0 0 0.000145254 0.000435761 0.0275982 0.070085 0.0708112 0.156366 0.174668 0.174014 0.160142 0.0824315 0.0480064 0.0283245 0.00493863 0.00203355 0 0 0 0 0
 0 0 0 0 0 0 0 0 0 0 0 0 0 0 0 0 0 0 0 0 0 0 0 0 0 0
 0 0 1.00437e-05 0.000401748 0.00122533 0.00171747 0.00176769 0.0269171 0.070346 0.194647 0.189555 0.159765 0.064822 0.0314167 0.0384472 0.0292271 0.0345202 0.0313363 0.0194345 0.0106764 0.0143323 0.0359363 0.0279516 0.0138201 0.00172751 0
 0 0.0021121 0.0136068 0.0755702 0.200478 0.177729 0.0527432 0.0373336 0.0318909 0.0142505 0.0149659 0.0166563 0.0217959 0.0798694 0.0677717 0.0528807 0.04013 0.0224614 0.0357745 0.0225083 0.00881397 0.00855152 0.00135912 0.000746735 0 0
 0 0 0 0 5.4009e-05 0.00500934 0.000945158 0.0243581 0.138947 0.33067 0.221406 0.137944 0.0707744 0.0437923 0.0131692 0.00525238 0.0047753 0.00276346 9.45158e-05 9.00151e-06 2.25038e-05 9.00151e-06 4.50075e-06 0 0 0
 0.000866109 0.00284123 0.00948549 0.0512746 0.133035 0.25785 0.225252 0.132002 0.0553304 0.0519788 0.0540692 0.017754 0.00435017 0.00159236 0.00146478 0.000404838 0.000125132 0.000115318 0.000107957 0.000100596 0 0 0 0 0 0
 0 0 0 0 0.00144013 0.00171154 0.00461396 0.0210425 0.0478622 0.0707936 0.0888783 0.103762 0.0637923 0.0337046 0.0602308 0.124433 0.169614 0.0934646 0.0462172 0.0250306 0.0313229 0.00938855 0.002487 0.000210481 0 0
 0 0.00764035 0.051015 0.0998891 0.058973 0.0496711 0.0374665 0.0718981 0.12319 0.153886 0.159021 0.0857701 0.0377988 0.023471 0.0147837 0.00900784 0.00315554 0.000888139 0.00291439 0.00214683 0.00393193 0.00274676 0.000635225 9.99891e-05 0 0
 0 0 0 0 0 0 0 0 0 0 0 0 0 0 0 0 0 0 0 0 0 0 0 0 0 0
 0 0 0 0 0 0 0 0 0 0 0 0 0 0 0 0 0 0 0 0 0 0 0 0 0 0
 0 0 0 0 0 0 0 0 0 0 0 0 0 0 0 0 0 0 0 0 0 0 0 0 0 0
 0 0 0 0 0 0 0 0 0 0 0 0 0 0 0 0 0 0 0 0 0 0 0 0 0 0
 0 0 0 0 0 0 0 0 0 0 0 0 0 0 0 0 0 0 0 0 0 0 0 0 0 0
 0 0 0 0 0 0 0 0 0 0 0 0 0 0 0 0 0 0 0 0 0 0 0 0 0 0
ppred_pel_tallas
 1.03986e-16 6.86185e-05 0.000666996 0.00443243 0.0201492 0.0626916 0.133571 0.194954 0.194964 0.133621 0.0628593 0.0206342 0.00565214 0.0033367 0.00515982 0.00847711 0.0123368 0.0157953 0.0179412 0.0183638 0.017381 0.0157801 0.014286 0.0131829 0.0123192 0.0113755
 1.05846e-16 1.03588e-06 1.00692e-05 6.69178e-05 0.000304252 0.000947105 0.00202111 0.00296803 0.0030547 0.00244451 0.00236842 0.00440802 0.0103624 0.022467 0.0425975 0.0702814 0.100918 0.12623 0.137782 0.131701 0.111037 0.083779 0.0581967 0.039072 0.0269853 0.0199954
 1.12175e-16 5.48444e-05 0.000533107 0.00354268 0.0161045 0.0501072 0.106759 0.155818 0.155819 0.106765 0.0501306 0.016178 0.00374949 0.00105843 0.00126879 0.00257423 0.00501401 0.0090345 0.0150371 0.0230678 0.0325151 0.0419859 0.0495581 0.0534148 0.0525788 0.0473315
 1.10802e-16 3.87409e-05 0.000376576 0.00250248 0.0113759 0.035395 0.0754142 0.110078 0.110119 0.0756151 0.0360693 0.0133229 0.00738721 0.0110324 0.0202555 0.0333769 0.0479803 0.0601754 0.0660798 0.0640337 0.0556802 0.0449406 0.0356853 0.0298621 0.027174 0.0260294
 1.07857e-16 4.74668e-05 0.000461394 0.00306613 0.0139382 0.043367 0.0923991 0.134865 0.134892 0.0925334 0.0438183 0.0152431 0.00634716 0.00764208 0.0137382 0.0227759 0.0331295 0.0423399 0.047912 0.0486711 0.045401 0.0401827 0.0350069 0.0307856 0.0273469 0.0240898
 1.00017e-16 8.22576e-05 0.000799573 0.00531344 0.0241541 0.0751525 0.16012 0.2337 0.2337 0.160121 0.0751542 0.024159 0.0053257 0.000826329 0.000133111 8.99541e-05 0.000121775 0.000153323 0.000169905 0.00016681 0.000147444 0.000120667 9.53352e-05 7.61018e-05 6.29199e-05 5.32962e-05
 1.00272e-16 4.20343e-06 4.08589e-05 0.000271526 0.00123438 0.00384109 0.00818722 0.0119686 0.0120598 0.00863268 0.00533619 0.00554989 0.0110934 0.0236295 0.0446987 0.0736149 0.1054 0.131188 0.141947 0.133522 0.109193 0.0776422 0.0480147 0.0258392 0.0121185 0.00497228
 1.24357e-16 4.7504e-06 4.61756e-05 0.000306854 0.00139492 0.00434017 0.00924759 0.0134994 0.0135104 0.00930188 0.00452613 0.00194822 0.00175658 0.00341176 0.00698291 0.0130592 0.0223398 0.0353984 0.0525102 0.0732965 0.0961301 0.117703 0.133437 0.139 0.132281 0.114567
 1.0308e-16 7.92789e-05 0.000770619 0.00512103 0.0232795 0.0724311 0.154322 0.225238 0.225238 0.154324 0.0724382 0.0233003 0.00517413 0.000889644 0.000314993 0.000422278 0.000668741 0.000996381 0.00141987 0.00198313 0.00274133 0.00371802 0.00485553 0.00599471 0.00690719 0.00737191
 1.02258e-16 1.67597e-05 0.00016291 0.0010826 0.00492139 0.0153127 0.0326281 0.0476374 0.0477126 0.0329957 0.0165464 0.00848248 0.0100129 0.0196294 0.0369039 0.0607652 0.0870235 0.108367 0.117367 0.110622 0.0908659 0.0652762 0.0413867 0.0237113 0.0129932 0.00757603
 1.00583e-16 7.99557e-05 0.000777198 0.00516475 0.0234782 0.0730494 0.15564 0.227161 0.227162 0.155645 0.0730669 0.023529 0.0052935 0.00106231 0.000633281 0.000951116 0.0014335 0.00194973 0.00242033 0.00280018 0.00308421 0.00327921 0.00336789 0.00330494 0.00305147 0.00261577
 1.0054e-16 4.93585e-05 0.000479783 0.00318833 0.0144937 0.0450955 0.096082 0.140242 0.14028 0.0962675 0.0457181 0.016291 0.00769566 0.0103053 0.0186685 0.0306767 0.0439331 0.0547155 0.0592704 0.0558749 0.0458965 0.0329413 0.020795 0.0117286 0.00612689 0.0031833
 1.02612e-16 5.37121e-05 0.000522101 0.00346955 0.0157721 0.0490729 0.104556 0.152608 0.152633 0.104681 0.0494927 0.0169854 0.00651837 0.0071878 0.0127423 0.0210559 0.0304989 0.0387046 0.0432724 0.0430511 0.0387661 0.0324291 0.0260499 0.0206874 0.0163978 0.0127916
 1.02794e-16 5.7989e-05 0.000563674 0.00374581 0.0170279 0.0529804 0.112881 0.164758 0.164781 0.112993 0.0533553 0.0181111 0.00646553 0.00650401 0.0113491 0.0186952 0.026983 0.0340523 0.0377369 0.0370319 0.0326743 0.0266078 0.0207844 0.0162448 0.0130151 0.0106007
 1.014e-16 6.7022e-05 0.000651478 0.0043293 0.0196804 0.0612331 0.130464 0.190419 0.190434 0.130538 0.0614814 0.0203977 0.00613002 0.00458269 0.00753374 0.0123503 0.0177879 0.0223747 0.0246564 0.0239589 0.0207811 0.0164462 0.0123028 0.00910118 0.00690342 0.00539447
 1.00465e-16 7.35631e-05 0.000715059 0.00475182 0.0216011 0.0672091 0.143196 0.209001 0.209011 0.143242 0.0673615 0.0220412 0.00585613 0.0031244 0.00464528 0.00755244 0.010847 0.0135862 0.0148626 0.0142572 0.0120862 0.00918982 0.00643743 0.00433241 0.00294192 0.00207765
 1.0098e-16 4.60285e-05 0.000447414 0.00297322 0.0135159 0.0420531 0.0896001 0.130782 0.130823 0.0897964 0.042712 0.0154182 0.00774527 0.0108545 0.0197805 0.0325481 0.0466931 0.0583176 0.0634783 0.0603519 0.0503368 0.0371498 0.0246723 0.0152031 0.0091115 0.00558999
 1.04511e-16 4.28533e-05 0.000416549 0.00276812 0.0125835 0.039152 0.0834188 0.121759 0.121793 0.0835823 0.0397015 0.0141721 0.00676135 0.00915217 0.0166868 0.0276571 0.0401555 0.0511523 0.0575493 0.0578551 0.0529813 0.0454607 0.037778 0.0311731 0.0256261 0.0206214
 1.02854e-16 6.72469e-05 0.000653664 0.00434383 0.0197464 0.0614385 0.130902 0.191057 0.19107 0.130962 0.0616401 0.0203292 0.00580851 0.00385749 0.00617082 0.010145 0.014725 0.0187648 0.0211404 0.0213318 0.0197089 0.0172315 0.0148164 0.0128806 0.0113329 0.00987632
 1.04318e-16 2.04033e-05 0.000198327 0.00131796 0.00599128 0.0186414 0.03972 0.0579862 0.0580516 0.0400395 0.0197142 0.0090889 0.00908991 0.0171529 0.0321861 0.0530885 0.0762654 0.0954691 0.104344 0.099964 0.0846042 0.0642448 0.0450642 0.0306219 0.0213425 0.015793
 1.06256e-16 5.9522e-05 0.000578575 0.00384484 0.0174781 0.0543808 0.115865 0.16911 0.169121 0.115919 0.0545636 0.0180087 0.00518674 0.00354101 0.00578241 0.00971708 0.0145776 0.0195495 0.0238016 0.0268846 0.0288698 0.0300532 0.0305143 0.029967 0.0280246 0.024602
 1.02378e-16 6.59372e-05 0.000640933 0.00425923 0.0193618 0.0602419 0.128352 0.187337 0.187354 0.128432 0.060508 0.0201302 0.00618736 0.00484823 0.00805127 0.0131935 0.0189721 0.0238068 0.026142 0.0252796 0.0218043 0.0171994 0.0129638 0.00990892 0.00804308 0.00691622
 1.05048e-16 2.1559e-06 2.09562e-05 0.000139266 0.000633133 0.00197036 0.00420116 0.00614927 0.00623303 0.00461042 0.00334435 0.00460086 0.0100957 0.0217457 0.0412309 0.0680788 0.097878 0.122675 0.134345 0.129118 0.109832 0.0840279 0.0594962 0.0407307 0.0283099 0.0205315
 1.09854e-16 5.96343e-05 0.000579666 0.00385209 0.017511 0.0544833 0.116083 0.169426 0.169428 0.116091 0.0545137 0.0176033 0.00410148 0.00118254 0.00137578 0.00262641 0.00481722 0.00822426 0.0131016 0.0194632 0.026859 0.0342544 0.040185 0.0432248 0.0425676 0.0383862
 1.08819e-16 3.83587e-05 0.00037286 0.00247779 0.0112637 0.0350458 0.0746703 0.108993 0.109036 0.074882 0.0357563 0.0133152 0.0076243 0.0115981 0.0213301 0.0351358 0.0504678 0.0631975 0.0691878 0.0666356 0.0572264 0.0450821 0.0343349 0.0271673 0.0234535 0.0217083
 1.14828e-16 1.56278e-05 0.000151908 0.00100948 0.00458899 0.0142783 0.0304233 0.0444142 0.0444645 0.030669 0.0151039 0.00697705 0.00701677 0.0133086 0.0251276 0.0418422 0.0610329 0.0783331 0.0892419 0.0916089 0.0867624 0.0782947 0.0695773 0.062051 0.0553192 0.0483871
 1.09395e-16 6.28579e-05 0.000611001 0.00406032 0.0184576 0.0574285 0.122358 0.178586 0.178594 0.122395 0.0575529 0.018819 0.00497544 0.0026352 0.00398557 0.00669658 0.0101307 0.0137811 0.0171714 0.0200971 0.022684 0.0251373 0.0273934 0.0290032 0.0293522 0.0280315
 1.04559e-16 5.24847e-05 0.00051017 0.00339026 0.0154117 0.0479516 0.102167 0.149122 0.149152 0.102315 0.0484491 0.0168483 0.00699466 0.00837276 0.0149682 0.0246201 0.0353663 0.0442859 0.0484549 0.0465632 0.0397278 0.0307802 0.0226056 0.0168032 0.0134358 0.0116511
 1.09415e-16 3.94902e-06 3.83859e-05 0.000255091 0.00115965 0.0036085 0.00769093 0.0112402 0.011312 0.00804199 0.00478756 0.00456662 0.0088124 0.0187367 0.0355667 0.0589253 0.0851897 0.107758 0.119857 0.118299 0.105294 0.0867835 0.0687291 0.0543105 0.0436548 0.0353783
 1.38996e-16 6.163e-06 5.99065e-05 0.000398101 0.00180971 0.00563074 0.0119972 0.0175122 0.0175216 0.0120433 0.00578855 0.00227911 0.00162773 0.00291466 0.00592921 0.0111061 0.0190764 0.0304528 0.0457171 0.0649328 0.0871757 0.109987 0.129458 0.141303 0.14253 0.132742
pSPR Fmed_Fpbrs
0.477053   0.285403 0.285403
Fs Fmed_Fpbrs
0.52222   1.005 1.005
SSBpbr Bo_Bmed_Bpbrs
1.6194e+06  691568  381210 381210
Ro
67918.9
SPR SPRFo_SPRFmed_SPRFpbrs
483474 230642 137985
Fref
1.005
log_Ro
10.9461
likeval ReclasPelacesDesembMPH_pf_preclas_ppelaces_ptallas_desvR_qrecl_qpela
 43.0071 54.2723 0.301414 0.00220253 314.245 133.947 100.88 0 137.528 0 0 0.67041 0 0 0
q_reclas_q_pelaces
1 1
M
1
N
 398288 29913.6 11004.6 4048.37 2356.06
 2692.95 119317 7297.56 2684.62 1562.39
 94464.1 766.287 26261.8 1606.2 934.77
 30521.8 26625 165.474 5671.05 548.703
 4111.38 5114.27 2032.02 12.629 474.693
 304956 214.946 37.998 15.0975 3.62071
 5112.06 80339.5 40.5515 7.16866 3.53136
 867.767 998.509 8331.72 4.20545 1.10966
 68330.2 229.137 189.248 1579.12 1.00738
 4447.43 15411.6 31.6854 26.1695 218.502
 133810 804.71 1371.52 2.81978 21.774
 100211 44372.1 240.533 409.957 7.35125
 92338.2 25823.1 8009.21 43.4164 75.3245
 76456.6 23077.9 4384.64 1359.92 20.1616
 108026 13903.8 2074.59 394.156 124.063
 399183 28087.5 2555.03 381.235 95.2302
 258708 106803 5465.53 497.182 92.715
 215910 84378.6 30883.4 1580.42 170.575
 670726 65371.9 21026.3 7695.85 436.331
 112339 187943 13952.3 4487.65 1735.65
 342334 32523.3 42819.9 3178.83 1417.89
 777913 99428 7457.7 9818.76 1054.04
 12359.5 226348 22882 1716.29 2502.23
 368350 4043.76 65862.4 6658.18 1227.5
 225196 119766 1162.05 18926.8 2266.09
 49137.1 73848.4 35009.7 339.689 6195.06
 282454 16119.6 21603.6 10241.8 1911.68
 328306 88941.8 4344.76 5822.87 3275.74
 12914 108217 26268.3 1283.19 2687.21
 6317.01 4331.26 33090 8032.2 1214.05
pred_Ctot
 47534 6585.11 2422.53 891.198 518.656
 393.715 31578.8 1931.39 710.519 413.505
 14269.4 208.827 7156.83 437.718 254.742
 11184.9 15034.2 93.4374 3202.24 309.834
 2576.12 4040.77 1605.5 9.97817 375.054
 56226.6 69.8298 12.3445 4.90475 1.17626
 1594.68 40233 20.3077 3.58997 1.76846
 159.035 322.693 2692.61 1.3591 0.358615
 17384.4 97.6513 80.6518 672.972 0.429314
 1511.97 8236.46 16.9338 13.9859 116.775
 8411.56 96.9978 165.32 0.33989 2.62459
 19530 15123.1 81.9797 139.724 2.50549
 19309.9 9347.94 2899.33 15.7167 27.2674
 25855.4 12285.1 2334.07 723.928 10.7326
 20595.2 4649.79 693.793 131.816 41.4896
 70616.7 8801.68 800.661 119.466 29.8419
 18731.6 14732.2 753.901 68.58 12.7889
 24540.4 17759.9 6500.31 332.645 35.9026
 103303 18126.4 5830.19 2133.91 120.986
 15425.8 47009.4 3489.84 1122.48 434.132
 46436.5 8045.52 10592.7 786.37 350.753
 104788 24441.3 1833.25 2413.64 259.104
 872.721 30485.7 3081.87 231.159 337.013
 27324.4 570.777 9296.48 939.801 173.261
 15604.5 15843.8 153.727 2503.82 299.781
 3394.13 9740.05 4617.53 44.8024 817.083
 26046.6 2793.74 3744.19 1775.03 331.319
 21776.5 11285.7 551.299 738.854 415.654
 726.345 11723.6 2845.76 139.014 291.117
 784.639 988.984 7555.65 1834.04 277.212
F
 0.205387 0.410774 0.410774 0.410774 0.410774
 0.256835 0.513671 0.513671 0.513671 0.513671
 0.266371 0.532742 0.532742 0.532742 0.532742
 0.786409 1.57282 1.57282 1.57282 1.57282
 1.95113 3.90226 3.90226 3.90226 3.90226
 0.333907 0.667814 0.667814 0.667814 0.667814
 0.633095 1.26619 1.26619 1.26619 1.26619
 0.331602 0.663204 0.663204 0.663204 0.663204
 0.489232 0.978464 0.978464 0.978464 0.978464
 0.709599 1.4192 1.4192 1.4192 1.4192
 0.103812 0.207625 0.207625 0.207625 0.207625
 0.35601 0.712019 0.712019 0.712019 0.712019
 0.386581 0.773163 0.773163 0.773163 0.773163
 0.704558 1.40912 1.40912 1.40912 1.40912
 0.34705 0.6941 0.6941 0.6941 0.6941
 0.318432 0.636865 0.636865 0.636865 0.636865
 0.120385 0.24077 0.24077 0.24077 0.24077
 0.194769 0.389538 0.389538 0.389538 0.389538
 0.272223 0.544446 0.544446 0.544446 0.544446
 0.239567 0.479134 0.479134 0.479134 0.479134
 0.236354 0.472708 0.472708 0.472708 0.472708
 0.234541 0.469082 0.469082 0.469082 0.469082
 0.117253 0.234506 0.234506 0.234506 0.234506
 0.123495 0.24699 0.24699 0.24699 0.24699
 0.114956 0.229912 0.229912 0.229912 0.229912
 0.114576 0.229153 0.229153 0.229153 0.229153
 0.155534 0.311068 0.311068 0.311068 0.311068
 0.109809 0.219618 0.219618 0.219618 0.219618
 0.0924527 0.184905 0.184905 0.184905 0.184905
 0.214546 0.429092 0.429092 0.429092 0.429092
nmprior
 8 8 7 0
nm_flota  nm_reclas  nm_pelaces    nm_pelaL
inf 5.60678 5.03772 6.96114
cv_recla  cv_pelaces  cv_mph
0.607151 0.866869 1.44833
 ------------------------------------------------
Talla a la edad & desviación 
 8 13.2811 15.8009 17.003 17.5766
 0.8 1.32811 1.58009 1.7003 1.75766
