years
 1991 1992 1993 1994 1995 1996 1997 1998 1999 2000 2001 2002 2003 2004 2005 2006 2007 2008 2009 2010 2011 2012 2013 2014 2015 2016 2017 2018 2019 2020
reclasobs
 0 0 0 0 0 0 0 0 0 252601 567819 844713 477998 351125 339783 2.1784e+06 2.13404e+06 4.81314e+06 1.55562e+06 2.62356e+06 3.21686e+06 3.843e+06 1.13348e+06 3.07943e+06 1.97215e+06 2.03268e+06 2.025e+06 2.42433e+06 2.27542e+06 1.05018e+06
reclaspred
 1.82201e+06 1.35909e+06 681090 363784 320420 651655 537126 470568 285182 186348 327885 525138 453351 336528 422744 867267 1.32495e+06 2.05745e+06 1.98089e+06 1.60166e+06 2.78276e+06 2.18965e+06 1.90377e+06 2.34242e+06 2.05717e+06 1.78551e+06 1.92085e+06 2.00864e+06 2.12251e+06 1.15635e+06
pelacesobs
 0 0 0 0 0 0 0 0 0 0 0 0 0 0 0 552880 188675 0 991730 2.46772e+06 1.41603e+06 1.21717e+06 2.29649e+06 1.80582e+06 0 1.4828e+06 1.56532e+06 1.57751e+06 1.42118e+06 867257
pelacespred
 756292 621778 327175 140926 133171 275344 197091 213611 129763 76952.4 154225 206220 192516 152171 208184 356479 540238 906494 955035 736985 1.14712e+06 1.06309e+06 887353 1.17884e+06 1.05149e+06 874364 1.06367e+06 1.13201e+06 972357 609113
mphobs
 0 0 0 0 0 0 0 0 0 0 0 498337 0 5186 125008 0 168611 109162 213762 579715 649985 157893 87575 83554 0 0 0 0 0 0
mphpred
 1.35101e+06 1.46265e+06 760096 360989 228684 275957 555194 365991 293368 163506 115087 392109 381068 259402 207702 374774 944515 1.13924e+06 1.62514e+06 1.41655e+06 1.57019e+06 1.9871e+06 1.72955e+06 1.34887e+06 1.97904e+06 1.53218e+06 1.23694e+06 1.49788e+06 1.99234e+06 1.25699e+06
desembarqueobs
 494567 514787 250237 358949 120608 361735 552515 73892 212993 205616 52469 317467 293654 387597 252695 516296 358380 742168 942051 627588 828172 859565 418607 520667 417249 300574 407403 355545 319650 289779
desembarquepred
 494312 513003 250388 358720 120523 361462 552356 73861.8 212940 205815 52455.9 317622 293636 388158 252753 516264 358625 742201 942116 627018 828083 859845 418706 520547 417357 300760 407530 355853 320034 290537
Reclutas
 368959 54876.6 58970.8 80097.9 86341.1 226095 106988 23136 28782.9 50647.4 141048 126090 91909.6 94125.7 116081 430172 164985 568339 499973 334473 505486 570754 114814 402655 285318 138719 368752 354677 74560.6 62009.6
log_desv_Rt
 0.890021 -1.01558 -0.943623 -0.637416 -0.562359 0.40029 -0.34795 -1.87928 -1.66088 -1.09578 -0.071566 -0.183669 -0.499859 -0.476034 -0.266379 1.04352 0.0851912 1.32205 1.19389 0.791892 1.20485 1.32629 -0.277352 0.977416 0.632941 -0.0882155 0.889459 0.850542 -0.709053 -0.893375
SSB
 1.35101e+06 1.46265e+06 760096 360989 228684 275957 555194 365991 293368 163506 115087 392109 381068 259402 207702 374774 944515 1.13924e+06 1.62514e+06 1.41655e+06 1.57019e+06 1.9871e+06 1.72955e+06 1.34887e+06 1.97904e+06 1.53218e+06 1.23694e+06 1.49788e+06 1.99234e+06 1.25699e+06
BT
 2.53703e+06 1.9746e+06 1.03648e+06 735133 499722 1.3464e+06 1.03071e+06 655008 590682 451965 632053 893624 849898 951021 1.04402e+06 1.77083e+06 1.83091e+06 3.74133e+06 3.89627e+06 2.66528e+06 4.40381e+06 3.89931e+06 2.68367e+06 4.53617e+06 3.19364e+06 2.67684e+06 4.04334e+06 4.00468e+06 2.61579e+06 1.83576e+06
Ftot
 0.255288 0.350551 0.341871 0.86917 0.351094 0.513684 0.900845 0.14881 0.673539 0.968932 0.152203 0.553392 0.589891 1.01396 0.552866 0.550717 0.254522 0.337751 0.440453 0.364643 0.279539 0.365775 0.207382 0.210187 0.191688 0.159583 0.200796 0.168028 0.142926 0.236238
BD_Bspro_t
 0.959977 0.785724 0.585407 0.441328 0.347182 0.46034 0.536881 0.377507 0.396725 0.315168 0.308603 0.671831 0.537064 0.407004 0.345534 0.47641 0.598687 0.623157 0.650734 0.587823 0.566779 0.617864 0.61863 0.603368 0.714638 0.710942 0.714183 0.767483 0.80424 0.723829
BD_Bspro
 1.25265 1.35616 0.704757 0.334707 0.212035 0.255866 0.514773 0.339345 0.272009 0.151602 0.106708 0.363562 0.353325 0.240516 0.19258 0.347489 0.875749 1.0563 1.50683 1.31342 1.45588 1.84243 1.60363 1.25067 1.83495 1.42063 1.14689 1.38883 1.84728 1.16547
BD_Bo
 0.767999 0.831458 0.432085 0.205208 0.129998 0.156871 0.315606 0.208052 0.166768 0.0929468 0.0654226 0.222899 0.216623 0.14746 0.118071 0.213045 0.53692 0.647613 0.923832 0.805254 0.892596 1.12959 0.983183 0.766782 1.12501 0.870986 0.703153 0.851489 1.13257 0.71455
BD_Brms
 3.26249 3.53207 1.83552 0.871733 0.552237 0.666395 1.34071 0.883813 0.708439 0.394842 0.277918 0.946884 0.920222 0.626417 0.501568 0.905022 2.28086 2.75109 3.92448 3.42075 3.79178 4.79854 4.1766 3.25732 4.77907 3.69998 2.98702 3.61716 4.81119 3.03544
Sel_flota
 0.5 1 1 1 1
 0.5 1 1 1 1
 0.5 1 1 1 1
 0.5 1 1 1 1
 0.5 1 1 1 1
 0.5 1 1 1 1
 0.5 1 1 1 1
 0.5 1 1 1 1
 0.5 1 1 1 1
 0.5 1 1 1 1
 0.5 1 1 1 1
 0.5 1 1 1 1
 0.5 1 1 1 1
 0.5 1 1 1 1
 0.5 1 1 1 1
 0.5 1 1 1 1
 0.5 1 1 1 1
 0.5 1 1 1 1
 0.5 1 1 1 1
 0.5 1 1 1 1
 0.5 1 1 1 1
 0.5 1 1 1 1
 0.5 1 1 1 1
 0.5 1 1 1 1
 0.5 1 1 1 1
 0.5 1 1 1 1
 0.5 1 1 1 1
 0.5 1 1 1 1
 0.5 1 1 1 1
 0.5 1 1 1 1
Sel_reclas
 0.5 1 1 1 1
 0.5 1 1 1 1
 0.5 1 1 1 1
 0.5 1 1 1 1
 0.5 1 1 1 1
 0.5 1 1 1 1
 0.5 1 1 1 1
 0.5 1 1 1 1
 0.5 1 1 1 1
 0.5 1 1 1 1
 0.5 1 1 1 1
 0.5 1 1 1 1
 0.5 1 1 1 1
 0.5 1 1 1 1
 0.5 1 1 1 1
 0.5 1 1 1 1
 0.5 1 1 1 1
 0.5 1 1 1 1
 0.5 1 1 1 1
 0.5 1 1 1 1
 0.5 1 1 1 1
 0.5 1 1 1 1
 0.5 1 1 1 1
 0.5 1 1 1 1
 0.5 1 1 1 1
 0.5 1 1 1 1
 0.5 1 1 1 1
 0.5 1 1 1 1
 0.5 1 1 1 1
 0.5 1 1 1 1
Sel_pelaces
 0.5 1 1 1 1
 0.5 1 1 1 1
 0.5 1 1 1 1
 0.5 1 1 1 1
 0.5 1 1 1 1
 0.5 1 1 1 1
 0.5 1 1 1 1
 0.5 1 1 1 1
 0.5 1 1 1 1
 0.5 1 1 1 1
 0.5 1 1 1 1
 0.5 1 1 1 1
 0.5 1 1 1 1
 0.5 1 1 1 1
 0.5 1 1 1 1
 0.5 1 1 1 1
 0.5 1 1 1 1
 0.5 1 1 1 1
 0.5 1 1 1 1
 0.5 1 1 1 1
 0.5 1 1 1 1
 0.5 1 1 1 1
 0.5 1 1 1 1
 0.5 1 1 1 1
 0.5 1 1 1 1
 0.5 1 1 1 1
 0.5 1 1 1 1
 0.5 1 1 1 1
 0.5 1 1 1 1
 0.5 1 1 1 1
pf_obs 
 0.8446 0.082 0.0669 0.0065 0
 0.8095 0.147 0.0364 0.0071 0
 0.9664 0.0169 0.016 0.0007 0
 0.9276 0.0648 0.0075 0.0001 0
 0.7033 0.2144 0.0806 0.0017 0
 0.9318 0.0425 0.0243 0.0014 0
 0.5671 0.3108 0.0964 0.0239 0.0018
 0.0768 0.2599 0.5324 0.112 0.0189
 0.490249 0.384438 0.106611 0.0170017 0.00170017
 0.7925 0.1577 0.0466 0.003 0.0002
 0.840416 0.127587 0.0312969 0.00059994 9.999e-05
 0.8084 0.0986 0.0794 0.0134 0.0002
 0.7335 0.1905 0.0724 0.0035 0.0001
 0.4001 0.4547 0.1325 0.0127 0
 0.49795 0.308269 0.164784 0.0264974 0.00249975
 0.9179 0.0499 0.0305 0.0017 0
 0.2467 0.6533 0.0926 0.0074 0
 0.9418 0.0223 0.034 0.0019 0
 0.707729 0.231977 0.0356964 0.0245975 0
 0.517169 0.277429 0.184464 0.0207286 0.00020938
 0.811772 0.124168 0.05621 0.00726502 0.000585176
 0.764997 0.148141 0.077277 0.00933861 0.000247198
 0.163321 0.427699 0.378323 0.0303852 0.000271297
 0.753843 0.0900009 0.118128 0.0371064 0.000921714
 0.721811 0.176058 0.0630433 0.0369309 0.00215725
 0.143369 0.312575 0.442814 0.0836902 0.0175525
 0.692698 0.0596174 0.167031 0.0765114 0.00414204
 0.394062 0.376323 0.152708 0.0712218 0.00568511
 0.125707 0.32114 0.495352 0.0537591 0.00404204
 0.23352 0.215282 0.420074 0.123614 0.00750983
pf_pred 
 0.647858 0.222596 0.0818885 0.0301251 0.0175321
 0.164373 0.667523 0.106262 0.0390916 0.0227504
 0.361722 0.194176 0.354761 0.056474 0.0328665
 0.588676 0.229022 0.0554595 0.101325 0.0255169
 0.657191 0.27089 0.0400442 0.00969703 0.0221781
 0.791495 0.16888 0.031312 0.00462869 0.00368443
 0.468519 0.47771 0.0435524 0.00807503 0.00214387
 0.249972 0.525816 0.201528 0.0183731 0.00431097
 0.459362 0.221963 0.223411 0.0856259 0.0096381
 0.729923 0.182801 0.0358316 0.0360653 0.0153785
 0.848033 0.133789 0.012304 0.00241175 0.00346257
 0.573325 0.39301 0.0296379 0.00272567 0.00130133
 0.526854 0.360093 0.104133 0.00785295 0.00106701
 0.62019 0.276344 0.0787436 0.0227713 0.00195058
 0.717106 0.231612 0.0373119 0.0106319 0.00333794
 0.863599 0.116936 0.0159357 0.00256719 0.000961177
 0.403865 0.558865 0.0319514 0.00435424 0.000964083
 0.77154 0.135662 0.086997 0.00497379 0.000827889
 0.576502 0.373538 0.0296666 0.0190245 0.00126871
 0.479709 0.393775 0.111591 0.00886262 0.00606242
 0.636986 0.244321 0.0898311 0.0254571 0.00340482
 0.600567 0.316487 0.0558254 0.0205257 0.00659471
 0.208746 0.609689 0.143862 0.0253759 0.0123278
 0.664802 0.120488 0.165441 0.0390374 0.010231
 0.473498 0.425684 0.0362393 0.04976 0.0148185
 0.330039 0.43925 0.186533 0.0158799 0.028298
 0.674363 0.16545 0.105024 0.0445998 0.0105629
 0.549256 0.367215 0.0424396 0.0269397 0.0141498
 0.187085 0.584656 0.185959 0.0214916 0.0208079
 0.292325 0.229555 0.343868 0.109373 0.0248787
pobs_RECLAS
 0 0 0 0 0
 0 0 0 0 0
 0 0 0 0 0
 0 0 0 0 0
 0 0 0 0 0
 0 0 0 0 0
 0 0 0 0 0
 0 0 0 0 0
 0 0 0 0 0
 0 0 0 0 0
 0.991045 0.00858322 0.000360255 1.14367e-05 0
 0.934742 0.0480273 0.0164251 0.00080598 0
 0.827803 0.169806 0.00239088 0 0
 0.941827 0.0461693 0.0120037 0 0
 0.791401 0.0380133 0.147996 0.0225897 0
 0.846168 0.0940531 0.0597789 0 0
 0.134021 0.677848 0.182769 0.00536245 0
 0.80878 0.0450904 0.141981 0.00414843 0
 0.846168 0.0940531 0.0597789 0 0
 0.905697 0.0802665 0.012482 0.00150086 5.37128e-05
 0.989698 0.0102097 9.19794e-05 0 0
 0.975433 0.0193895 0.00387452 0.00125025 5.28907e-05
 0.303575 0.632131 0.0575291 0.00676475 0
 0.966965 0.00978017 0.0227588 0.000495775 0
 0.843318 0.132988 0.00938335 0.0141283 0.000182051
 0.564624 0.303363 0.111486 0.0197234 0.00080311
 0.826376 0.0876187 0.0782897 0.00655872 0.00115652
 0.89761 0.0855135 0.0140674 0.00269457 0.000114338
 0.34875 0.467042 0.161289 0.0227151 0.000203297
 0.318654 0.224769 0.449479 0.00709798 0
ppred_RECLAS
 0.650678 0.220814 0.0812328 0.0298839 0.0173917
 0.166856 0.665539 0.105946 0.0389755 0.0226828
 0.365758 0.192948 0.352518 0.0561169 0.0326587
 0.60246 0.221347 0.053601 0.0979295 0.0246619
 0.661236 0.267694 0.0395717 0.00958261 0.0219165
 0.796197 0.165071 0.0306058 0.00452429 0.00360133
 0.483506 0.464239 0.0423242 0.00784732 0.00208341
 0.25124 0.524927 0.201187 0.0183421 0.00430368
 0.469488 0.217806 0.219226 0.0840222 0.00945758
 0.742815 0.174075 0.0341212 0.0343437 0.0146444
 0.848923 0.133005 0.0122319 0.00239762 0.00344229
 0.581032 0.385911 0.0291026 0.00267644 0.00127782
 0.535388 0.353598 0.102255 0.00771131 0.00104776
 0.636705 0.264328 0.0753197 0.0217812 0.00186576
 0.723461 0.226409 0.0364738 0.0103931 0.00326296
 0.867255 0.113803 0.0155087 0.0024984 0.000935421
 0.40684 0.556076 0.031792 0.00433252 0.000959273
 0.774556 0.133871 0.0858485 0.00490813 0.00081696
 0.582282 0.36844 0.0292617 0.0187649 0.0012514
 0.484414 0.390214 0.110582 0.00878248 0.00600761
 0.640161 0.242184 0.0890455 0.0252344 0.00337504
 0.605096 0.312899 0.0551925 0.020293 0.00651995
 0.210364 0.608442 0.143567 0.025324 0.0123026
 0.667009 0.119695 0.164352 0.0387804 0.0101637
 0.475728 0.423881 0.0360858 0.0495493 0.0147558
 0.331654 0.438191 0.186083 0.0158416 0.0282298
 0.676428 0.164401 0.104358 0.0443169 0.0104959
 0.551167 0.365658 0.0422597 0.0268255 0.0140898
 0.18807 0.583947 0.185734 0.0214656 0.0207827
 0.294674 0.228793 0.342727 0.10901 0.0247962
pobs_PELACES
 0 0 0 0 0
 0 0 0 0 0
 0 0 0 0 0
 0 0 0 0 0
 0 0 0 0 0
 0 0 0 0 0
 0 0 0 0 0
 0 0 0 0 0
 0 0 0 0 0
 0 0 0 0 0
 0 0 0 0 0
 0 0 0 0 0
 0 0 0 0 0
 0 0 0 0 0
 0 0 0 0 0
 0 0 0 0 0
 0.505614 0.472636 0.0217494 0 0
 0 0 0 0 0
 0.443492 0.261883 0.143347 0.151278 0
 0.227955 0.32914 0.350689 0.0885471 0.00366901
 0.970185 0.0296113 0.000203453 0 0
 0.997202 0.00247181 0.000326279 0 0
 0.445219 0.490057 0.0546422 0.010081 0
 0.90214 0.0892962 0.00764917 0.000914606 0
 0 0 0 0 0
 0.581667 0.319106 0.0959925 0.00289975 0.000334073
 0.762889 0.0836404 0.116647 0.0363945 0.000428098
 0.88444 0.0763242 0.0277011 0.0115352 0
 0.521256 0.241999 0.230069 0.00667565 0
 0.616807 0.101726 0.260614 0.0208532 0
ppred_PELACES
 0.660191 0.214801 0.0790207 0.0290701 0.0169181
 0.175053 0.658992 0.104904 0.038592 0.0224597
 0.37894 0.188938 0.345191 0.0549505 0.0319799
 0.636253 0.202532 0.0490446 0.0896049 0.0225654
 0.674089 0.257537 0.0380704 0.00921904 0.0210849
 0.809606 0.154211 0.0285921 0.00422663 0.00336439
 0.520648 0.430854 0.0392806 0.007283 0.00193359
 0.255887 0.521669 0.199938 0.0182282 0.00427697
 0.497234 0.206415 0.207761 0.0796278 0.00896295
 0.772156 0.154216 0.0302285 0.0304256 0.0129737
 0.852116 0.130194 0.0119734 0.00234696 0.00336954
 0.603082 0.365601 0.027571 0.00253559 0.00121057
 0.559497 0.33525 0.0969486 0.00731116 0.000993391
 0.674453 0.236864 0.0674936 0.019518 0.0016719
 0.741335 0.211775 0.0341163 0.00972135 0.00305206
 0.877371 0.10513 0.0143268 0.002308 0.000864132
 0.417013 0.54654 0.0312468 0.00425821 0.000942821
 0.784138 0.128181 0.0821996 0.00469952 0.000782236
 0.599846 0.352948 0.0280313 0.0179759 0.00119878
 0.49945 0.378834 0.107357 0.00852635 0.0058324
 0.650716 0.23508 0.0864336 0.0244943 0.00327605
 0.619422 0.301548 0.0531902 0.0195568 0.00628342
 0.216105 0.604019 0.142524 0.0251399 0.0122131
 0.674667 0.116942 0.160573 0.0378886 0.00992996
 0.483622 0.417499 0.0355425 0.0488033 0.0145336
 0.337516 0.434348 0.184451 0.0157027 0.0279822
 0.683637 0.160738 0.102033 0.0433296 0.0102621
 0.558016 0.360078 0.0416149 0.0264162 0.0138748
 0.191698 0.581338 0.184904 0.0213697 0.0206899
 0.30284 0.226144 0.338759 0.107748 0.0245091
pobs_pel_tallas
 0 0 0 0 0 0 0 0 0 0 0 0 0 0 0 0 0 0 0 0 0 0 0 0 0 0
 0 0 0 0 0 0 0 0 0 0 0 0 0 0 0 0 0 0 0 0 0 0 0 0 0 0
 0 0 0 0 0 0 0 0 0 0 0 0 0 0 0 0 0 0 0 0 0 0 0 0 0 0
 0 0 0 0 0 0 0 0 0 0 0 0 0 0 0 0 0 0 0 0 0 0 0 0 0 0
 0 0 0 0 0 0 0 0 0 0 0 0 0 0 0 0 0 0 0 0 0 0 0 0 0 0
 0 0 0 0 0 0 0 0 0 0 0 0 0 0 0 0 0 0 0 0 0 0 0 0 0 0
 0 0 0 0 0 0 0 0 0 0 0 0 0 0 0 0 0 0 0 0 0 0 0 0 0 0
 0 0 0 0 0 0 0 0 0 0 0 0 0 0 0 0 0 0 0 0 0 0 0 0 0 0
 0 0 0 0 0 0 0 0 0 0 0 0 0 0 0 0 0 0 0 0 0 0 0 0 0 0
 0 0 0 0 0 0 0 0 0 0 0 0 0 0 0 0 0 0 0 0 0 0 0 0 0 0
 0 0 0 0 0 0 0 0 0 0 0 0 0 0 0 0 0 0 0 0 0 0 0 0 0 0
 0 0 0 0 0 0 0 0 0 0 0 0 0 0 0 0 0 0 0 0 0 0 0 0 0 0
 0.00862536 0 0 0.000197151 0.00414017 0.0128641 0.00837892 0.0270097 0.101434 0.158115 0.152841 0.127902 0.109271 0.109419 0.0830992 0.0579132 0.0238553 0.00714673 0.00463305 0.00128148 0.00103504 0.000492878 0.000147863 0.000147863 4.92878e-05 0
 0 0 0 0 0 0 0 0 0 0 0 0 0 0 0 0 0 0 0 0 0 0 0 0 0 0
 0 0 0 0 0 0 0 0.0054083 0.00873648 0.0413646 0.0450493 0.0745869 0.0622846 0.0627006 0.0613931 0.0827291 0.12552 0.122667 0.0946155 0.0697135 0.0546179 0.0294188 0.0215738 0.0213955 0.0102223 0.00600262
 0 0 0 0 0.00359764 0.0251062 0.0480494 0.140153 0.205849 0.193036 0.1447 0.116669 0.0760912 0.0342217 0.00950174 0.001854 0.000860785 0 0 0 0.000165536 0 0.000143464 0 0 0
 0 0 0 0 0 0 0 0.000145254 0.000435761 0.0275982 0.070085 0.0708112 0.156366 0.174668 0.174014 0.160142 0.0824315 0.0480064 0.0283245 0.00493863 0.00203355 0 0 0 0 0
 0 0 0 0 0 0 0 0 0 0 0 0 0 0 0 0 0 0 0 0 0 0 0 0 0 0
 0 0 1.00437e-05 0.000401748 0.00122533 0.00171747 0.00176769 0.0269171 0.070346 0.194647 0.189555 0.159765 0.064822 0.0314167 0.0384472 0.0292271 0.0345202 0.0313363 0.0194345 0.0106764 0.0143323 0.0359363 0.0279516 0.0138201 0.00172751 0
 0 0.0021121 0.0136068 0.0755702 0.200478 0.177729 0.0527432 0.0373336 0.0318909 0.0142505 0.0149659 0.0166563 0.0217959 0.0798694 0.0677717 0.0528807 0.04013 0.0224614 0.0357745 0.0225083 0.00881397 0.00855152 0.00135912 0.000746735 0 0
 0 0 0 0 5.4009e-05 0.00500934 0.000945158 0.0243581 0.138947 0.33067 0.221406 0.137944 0.0707744 0.0437923 0.0131692 0.00525238 0.0047753 0.00276346 9.45158e-05 9.00151e-06 2.25038e-05 9.00151e-06 4.50075e-06 0 0 0
 0.000866109 0.00284123 0.00948549 0.0512746 0.133035 0.25785 0.225252 0.132002 0.0553304 0.0519788 0.0540692 0.017754 0.00435017 0.00159236 0.00146478 0.000404838 0.000125132 0.000115318 0.000107957 0.000100596 0 0 0 0 0 0
 0 0 0 0 0.00144013 0.00171154 0.00461396 0.0210425 0.0478622 0.0707936 0.0888783 0.103762 0.0637923 0.0337046 0.0602308 0.124433 0.169614 0.0934646 0.0462172 0.0250306 0.0313229 0.00938855 0.002487 0.000210481 0 0
 0 0.00764035 0.051015 0.0998891 0.058973 0.0496711 0.0374665 0.0718981 0.12319 0.153886 0.159021 0.0857701 0.0377988 0.023471 0.0147837 0.00900784 0.00315554 0.000888139 0.00291439 0.00214683 0.00393193 0.00274676 0.000635225 9.99891e-05 0 0
 0 0 0 0 0 0 0 0 0 0 0 0 0 0 0 0 0 0 0 0 0 0 0 0 0 0
 0 0 0 0 0 0 0 0 0 0 0 0 0 0 0 0 0 0 0 0 0 0 0 0 0 0
 0 0 0 0 0 0 0 0 0 0 0 0 0 0 0 0 0 0 0 0 0 0 0 0 0 0
 0 0 0 0 0 0 0 0 0 0 0 0 0 0 0 0 0 0 0 0 0 0 0 0 0 0
 0 0 0 0 0 0 0 0 0 0 0 0 0 0 0 0 0 0 0 0 0 0 0 0 0 0
 0 0 0 0 0 0 0 0 0 0 0 0 0 0 0 0 0 0 0 0 0 0 0 0 0 0
ppred_pel_tallas
 1.08114e-16 5.43791e-05 0.000528584 0.00351263 0.0159679 0.0496822 0.105854 0.154501 0.154522 0.105956 0.0500237 0.0169553 0.00599546 0.00596299 0.0104179 0.0172499 0.0251122 0.0321526 0.0365208 0.037381 0.0353804 0.0321217 0.0290802 0.0268349 0.0250767 0.0231558
 1.10867e-16 1.4419e-05 0.000140158 0.000931402 0.00423406 0.0131741 0.0280711 0.0409839 0.0410474 0.0283816 0.0142167 0.00724599 0.00849324 0.0166527 0.03139 0.0519126 0.0748822 0.0943915 0.104428 0.102243 0.0899897 0.0732195 0.0574968 0.0457707 0.0380273 0.0326627
 1.20933e-16 3.12129e-05 0.0003034 0.0020162 0.00916537 0.028517 0.0607591 0.0886836 0.0887023 0.0608508 0.0288265 0.010066 0.00430196 0.00537619 0.00990905 0.0169701 0.0259358 0.0357446 0.0452583 0.0538629 0.0615705 0.0684373 0.0738658 0.076539 0.0751274 0.0691798
 1.14272e-16 5.24074e-05 0.000509419 0.00338527 0.0153889 0.0478808 0.102016 0.148899 0.148919 0.102112 0.0482025 0.0163189 0.00572336 0.00562622 0.00980934 0.0162422 0.0236627 0.0303663 0.0346979 0.0360143 0.035104 0.0336225 0.0329699 0.0334775 0.0344095 0.0345906
 1.05658e-16 5.55238e-05 0.000539712 0.00358657 0.0163041 0.0507281 0.108083 0.157755 0.15778 0.108204 0.0511355 0.0174808 0.00654086 0.00699033 0.0123108 0.0202769 0.0292365 0.0368411 0.0407432 0.0398843 0.0351334 0.0286971 0.0227836 0.0185572 0.0159848 0.0143686
 1.01858e-16 6.66862e-05 0.000648214 0.00430761 0.0195818 0.0609263 0.12981 0.189465 0.18948 0.129883 0.0611703 0.0202869 0.00607805 0.00451476 0.00741484 0.0121654 0.0175477 0.0221277 0.0244884 0.0239725 0.0210614 0.0170302 0.0131667 0.0101697 0.00807363 0.0065626
 1.02302e-16 4.28852e-05 0.00041686 0.00277018 0.0125929 0.0391813 0.0834814 0.121852 0.121894 0.0836841 0.0398619 0.0145581 0.00770137 0.0111757 0.0204583 0.0337075 0.0484433 0.0606865 0.0664061 0.0637364 0.0540925 0.0412265 0.0290165 0.0197001 0.0135632 0.0097503
 1.08455e-16 2.10772e-05 0.000204878 0.00136149 0.00618917 0.0192571 0.0410311 0.0598966 0.0599471 0.0412778 0.0200861 0.00858606 0.00738733 0.01339 0.0251518 0.0417804 0.0607234 0.0774773 0.0874076 0.0882911 0.0815031 0.0708242 0.0599202 0.0505517 0.0425802 0.0351533
 1.15551e-16 4.09565e-05 0.000398112 0.00264559 0.0120265 0.037419 0.0797259 0.116367 0.116387 0.0798247 0.0377518 0.0129915 0.00508287 0.00576839 0.0103868 0.0174926 0.0261043 0.0347495 0.0419281 0.0469397 0.0501628 0.0524644 0.0542607 0.0550746 0.0539197 0.0500882
 1.06159e-16 6.36015e-05 0.000618229 0.00410835 0.018676 0.058108 0.123806 0.180701 0.180716 0.123879 0.0583524 0.0193822 0.00588239 0.00449565 0.00744191 0.0122419 0.0177273 0.022514 0.0252525 0.0253628 0.0233897 0.0206191 0.0182609 0.0168304 0.0160981 0.0154727
 1.01185e-16 7.01877e-05 0.000682249 0.00453379 0.0206099 0.0641252 0.136626 0.199412 0.199425 0.136687 0.0643309 0.0212038 0.00602408 0.00393395 0.00624102 0.0101942 0.0146496 0.0183623 0.0201159 0.0193531 0.0165084 0.0127203 0.00915939 0.00649191 0.00478483 0.00375413
 1.01349e-16 4.96751e-05 0.00048286 0.00320877 0.0145866 0.0453846 0.0966981 0.141141 0.141176 0.0968701 0.0459619 0.0162535 0.00739072 0.0096053 0.0173548 0.0285595 0.0410113 0.0513073 0.0560101 0.0535276 0.0450671 0.0338402 0.0231851 0.0150556 0.00973976 0.00653203
 1.03785e-16 4.60851e-05 0.000447964 0.00297688 0.0135325 0.0421047 0.0897098 0.130941 0.130973 0.0898681 0.0426364 0.0150691 0.00683763 0.00888764 0.0161084 0.0266448 0.0385793 0.0489273 0.0546509 0.0543056 0.0488379 0.0408326 0.0328648 0.0262801 0.0211172 0.0168202
 1.04249e-16 5.55538e-05 0.000540003 0.00358851 0.0163129 0.0507555 0.108141 0.157839 0.157862 0.108253 0.0511312 0.0173989 0.00631728 0.0065061 0.0114133 0.0188513 0.0273168 0.0347004 0.0388816 0.0388721 0.035369 0.0302061 0.0251731 0.0211441 0.0180348 0.0153362
 1.02531e-16 6.10628e-05 0.000593552 0.00394436 0.0179305 0.0557886 0.118864 0.17349 0.173511 0.118964 0.0561237 0.0188983 0.00637413 0.00589902 0.0101409 0.0166784 0.0240437 0.0302862 0.0334587 0.0326629 0.028575 0.022969 0.0176374 0.0135532 0.0107582 0.00879404
 1.00819e-16 7.22679e-05 0.00070247 0.00466816 0.0212208 0.0660258 0.140675 0.205322 0.205332 0.140725 0.066192 0.0217009 0.00587315 0.00333273 0.00506689 0.00826021 0.0118872 0.0149371 0.0164313 0.0159166 0.0137292 0.0107614 0.00792679 0.00573952 0.00425031 0.00325145
 1.01629e-16 3.43489e-05 0.000333884 0.00221878 0.0100863 0.0313824 0.0668655 0.0976031 0.0976557 0.0671224 0.0322451 0.0125769 0.00846683 0.0139609 0.0258775 0.0426288 0.0611754 0.0764439 0.0832831 0.079311 0.0663546 0.0492637 0.033093 0.0208218 0.0129089 0.00828616
 1.03009e-16 6.45884e-05 0.000627822 0.0041721 0.0189658 0.0590096 0.125727 0.183504 0.183517 0.125788 0.0592144 0.0195584 0.00566451 0.00390137 0.00632718 0.0104761 0.0153589 0.0198812 0.0229491 0.0240186 0.0233495 0.0217038 0.0197636 0.0177676 0.0155948 0.0130953
 1.02905e-16 4.94086e-05 0.000480269 0.00319156 0.0145084 0.0451412 0.0961793 0.140384 0.140418 0.0963453 0.0456986 0.0161181 0.00723072 0.00929285 0.0167718 0.0276119 0.0396859 0.0497307 0.0544588 0.0523661 0.0446404 0.0343762 0.0247471 0.0175453 0.0129279 0.0101015
 1.05038e-16 4.11391e-05 0.000399887 0.00265739 0.0120801 0.037586 0.0800823 0.11689 0.116927 0.0802611 0.0381868 0.0138164 0.00701956 0.0099354 0.0181883 0.030101 0.043582 0.0552688 0.0617344 0.0613577 0.0552255 0.0462784 0.0374398 0.0302274 0.0246578 0.0200559
 1.05566e-16 5.35986e-05 0.000520998 0.00346222 0.0157387 0.0489692 0.104335 0.152285 0.152307 0.104446 0.0493428 0.0168189 0.00617793 0.00646376 0.0113822 0.018843 0.0273986 0.0350006 0.0395852 0.0401876 0.0374662 0.0331468 0.0288636 0.0253378 0.022385 0.0194826
 1.04637e-16 5.1021e-05 0.000495943 0.00329571 0.0149819 0.0466143 0.0993177 0.144963 0.144992 0.0994598 0.0470915 0.0163607 0.00675774 0.00805707 0.0144215 0.0237888 0.0343306 0.043316 0.0479953 0.0471063 0.0416151 0.0340285 0.0268538 0.021412 0.0176948 0.0149985
 1.08856e-16 1.78004e-05 0.000173026 0.00114982 0.00522696 0.0162633 0.0346529 0.0505891 0.0506474 0.0349378 0.0172204 0.00799243 0.00809596 0.0153511 0.0288866 0.0478392 0.0691735 0.0875327 0.0974402 0.0963403 0.0860595 0.0714362 0.0572916 0.0461397 0.0379771 0.0315653
 1.10144e-16 5.55714e-05 0.000540174 0.00358965 0.016318 0.0507715 0.108174 0.157886 0.157898 0.108231 0.0509613 0.0168694 0.00498532 0.00362518 0.00602705 0.0101709 0.0153374 0.0207396 0.0255834 0.0294707 0.0325154 0.0350016 0.0369002 0.0377154 0.0367985 0.0338348
 1.08487e-16 3.98354e-05 0.000387214 0.00257318 0.0116973 0.0363949 0.0775447 0.113187 0.113227 0.0777412 0.0370547 0.0136027 0.00735518 0.010824 0.0198552 0.0327488 0.0471505 0.0592698 0.0652959 0.063538 0.0554731 0.0447758 0.0351135 0.0284001 0.0245225 0.0222275
 1.11745e-16 2.78009e-05 0.000270234 0.0017958 0.00816349 0.0253999 0.0541187 0.0789966 0.0790386 0.0543243 0.0260908 0.0101616 0.00682077 0.011271 0.0210119 0.0349323 0.0508774 0.0651485 0.0739543 0.0755019 0.0709557 0.0634181 0.05582 0.0494444 0.0439667 0.0384892
 1.09068e-16 5.63103e-05 0.000547356 0.00363737 0.016535 0.0514466 0.109613 0.159987 0.160002 0.109689 0.0517036 0.0172793 0.00551247 0.00466352 0.00794117 0.0132175 0.0194567 0.0253635 0.0296515 0.0317386 0.0320375 0.031529 0.0309788 0.0304577 0.0294745 0.0274809
 1.06291e-16 4.59631e-05 0.000446778 0.002969 0.0134966 0.0419933 0.0894724 0.130595 0.13063 0.0896419 0.0425625 0.0151408 0.00709583 0.00945513 0.0171533 0.0282834 0.0407393 0.0512431 0.0564965 0.0550119 0.0480151 0.0386215 0.0299618 0.0237048 0.0198338 0.017391
 1.11129e-16 1.579e-05 0.000153485 0.00101996 0.00463663 0.0144266 0.0307394 0.0448769 0.0449331 0.0310141 0.0153493 0.0073037 0.00772251 0.0148111 0.0279292 0.0463457 0.0672229 0.0854982 0.0959803 0.0962276 0.0879031 0.0754399 0.0631698 0.0532217 0.04543 0.0386291
 1.24787e-16 2.49446e-05 0.00024247 0.0016113 0.00732475 0.0227901 0.0485576 0.0708759 0.0708982 0.0486669 0.0231585 0.00839533 0.00432383 0.00624782 0.0116775 0.019916 0.030217 0.0412265 0.0515285 0.0604403 0.0681858 0.0751842 0.0811047 0.0846167 0.0840976 0.0786874
pSPR Fmed_Fpbrs
0.595801   0.285403 0.285403
Fs Fmed_Fpbrs
0.345141   1.005 1.005
SSBpbr Bo_Bmed_Bpbrs
1.75913e+06  960137  414105 414105
Ro
151512
SPR SPRFo_SPRFmed_SPRFpbrs
1.07852e+06 642585 307813
Fref
1.005
log_Ro
11.7484
likeval ReclasPelacesDesembMPH_pf_preclas_ppelaces_ptallas_desvR_qrecl_qpela
 19.5782 26.2064 0.144663 0.0026416 237.449 119.717 83.6346 0 33.5532 0 0 0.332539 0 0 0
q_reclas_q_pelaces
1 1
M
1
N
 368959 66730.7 24548.8 9031.01 5255.84
 54876.6 119467 19017.8 6996.27 4071.67
 58970.8 16942.3 30953.7 4927.47 2867.67
 80097.9 18285.5 4427.97 8089.93 2037.31
 86341.1 19080.4 2820.56 683.022 1562.14
 226095 26649.2 4941.01 730.404 581.401
 106988 64335.6 5865.42 1087.51 288.725
 23136 25085.5 9614.46 876.542 205.667
 28782.9 7900.95 7952.47 3047.92 343.075
 50647.4 7561.08 1482.08 1491.74 636.089
 141048 11477.9 1055.57 206.907 297.058
 126090 48086.3 3626.32 333.497 159.222
 91909.6 35173.7 10171.7 767.073 104.225
 94125.7 25175.2 7173.61 2074.49 177.699
 116081 20856.2 3359.87 957.384 300.575
 430172 32390.1 4414.02 711.084 266.235
 164985 120160 6869.8 936.195 207.285
 568339 53441.9 34271.1 1959.35 326.134
 499973 176592 14025 8993.95 599.791
 334473 147574 41820.6 3321.41 2271.99
 505486 102538 37700.9 10684 1428.96
 570754 161701 28522.6 10487.1 3369.41
 114814 174875 41263.3 7278.48 3535.94
 402655 38077.4 52284 12336.9 3233.28
 285318 133351 11352.5 15588 4642.11
 138719 95369.7 40499.9 3447.83 6144.05
 368752 47118.1 29909.6 12701.4 3008.18
 354677 122698 14180.4 9001.42 4727.88
 74560.6 119964 38156.6 4409.82 4269.53
 62009.6 25537.5 38254.7 12167.5 2767.71
pred_Ctot
 28241.3 9703.35 3569.66 1313.21 764.255
 5657.36 22974.7 3657.31 1345.45 783.021
 5939.32 3188.29 5825.03 927.279 539.655
 18484.3 7191.23 1741.41 3181.57 801.225
 8913.92 3674.26 543.147 131.527 300.817
 33056.3 7053.18 1307.73 193.314 153.878
 25434.4 25933.3 2364.32 438.368 116.384
 1055.06 2219.31 850.588 77.5474 18.1953
 5346.38 2583.36 2600.21 996.574 112.175
 12783.2 3201.43 627.524 631.616 269.326
 6574.19 1037.17 95.3839 18.6966 26.8428
 19704.1 13507 1018.6 93.6763 44.7241
 15199.9 10388.8 3004.26 226.56 30.7834
 24649.4 10983.3 3129.65 905.044 77.5254
 18124.6 5853.91 943.045 268.718 84.3652
 66933.6 9063.2 1235.1 198.971 74.4964
 12592.6 17425.5 996.251 135.766 30.0603
 56598.4 9951.85 6381.91 364.867 60.7321
 63601 41209.6 3272.89 2098.83 139.968
 35765.9 29358.8 8319.94 660.774 451.999
 42158.2 16170.1 5945.36 1684.85 225.344
 61207.4 32255.1 5689.5 2091.89 672.106
 7209.33 21056.4 4968.46 876.39 425.757
 25610.6 4641.63 6373.41 1503.86 394.137
 16613.2 14935.6 1271.49 1745.88 519.924
 6768.84 9008.67 3825.64 325.684 580.37
 22449.5 5507.82 3496.24 1484.72 351.638
 18190.9 12161.8 1405.56 892.22 468.627
 3269.67 10218 3249.99 375.607 363.658
 4409.34 3462.53 5186.8 1649.75 375.263
F
 0.127644 0.255288 0.255288 0.255288 0.255288
 0.175276 0.350551 0.350551 0.350551 0.350551
 0.170935 0.341871 0.341871 0.341871 0.341871
 0.434585 0.86917 0.86917 0.86917 0.86917
 0.175547 0.351094 0.351094 0.351094 0.351094
 0.256842 0.513684 0.513684 0.513684 0.513684
 0.450423 0.900845 0.900845 0.900845 0.900845
 0.0744048 0.14881 0.14881 0.14881 0.14881
 0.336769 0.673539 0.673539 0.673539 0.673539
 0.484466 0.968932 0.968932 0.968932 0.968932
 0.0761013 0.152203 0.152203 0.152203 0.152203
 0.276696 0.553392 0.553392 0.553392 0.553392
 0.294946 0.589891 0.589891 0.589891 0.589891
 0.506979 1.01396 1.01396 1.01396 1.01396
 0.276433 0.552866 0.552866 0.552866 0.552866
 0.275359 0.550717 0.550717 0.550717 0.550717
 0.127261 0.254522 0.254522 0.254522 0.254522
 0.168876 0.337751 0.337751 0.337751 0.337751
 0.220226 0.440453 0.440453 0.440453 0.440453
 0.182321 0.364643 0.364643 0.364643 0.364643
 0.13977 0.279539 0.279539 0.279539 0.279539
 0.182888 0.365775 0.365775 0.365775 0.365775
 0.103691 0.207382 0.207382 0.207382 0.207382
 0.105094 0.210187 0.210187 0.210187 0.210187
 0.0958442 0.191688 0.191688 0.191688 0.191688
 0.0797913 0.159583 0.159583 0.159583 0.159583
 0.100398 0.200796 0.200796 0.200796 0.200796
 0.0840141 0.168028 0.168028 0.168028 0.168028
 0.0714628 0.142926 0.142926 0.142926 0.142926
 0.118119 0.236238 0.236238 0.236238 0.236238
nmprior
 8 8 7 0
nm_flota  nm_reclas  nm_pelaces    nm_pelaL
inf 6.99659 6.61228 9.64765
cv_recla  cv_pelaces  cv_mph
0.40965 0.602376 1.58613
 ------------------------------------------------
Talla a la edad & desviación 
 8 13.2811 15.8009 17.003 17.5766
 0.8 1.32811 1.58009 1.7003 1.75766
