years
 1991 1992 1993 1994 1995 1996 1997 1998 1999 2000 2001 2002 2003 2004 2005 2006 2007 2008 2009 2010 2011 2012 2013 2014 2015 2016 2017 2018 2019 2020
reclasobs
 0 0 0 0 0 0 0 0 0 252601 567819 844713 477998 351125 339783 2.1784e+06 2.13404e+06 4.81314e+06 1.55562e+06 2.62356e+06 3.21686e+06 3.843e+06 1.13348e+06 3.07943e+06 1.97215e+06 2.03268e+06 2.025e+06 2.42433e+06 2.27542e+06 1.05018e+06
reclaspred
 3.28159e+06 1.85646e+06 942027 970271 986616 1.5306e+06 1.00922e+06 904912 659919 484776 520659 649972 641108 508386 511971 1.24043e+06 1.21721e+06 2.69953e+06 2.24051e+06 1.72712e+06 3.02785e+06 2.4294e+06 1.95174e+06 2.98122e+06 2.25156e+06 1.99745e+06 2.35778e+06 2.46989e+06 2.03071e+06 1.30319e+06
pelacesobs
 0 0 0 0 0 0 0 0 0 0 0 0 0 0 0 552880 188675 0 991730 2.46772e+06 1.41603e+06 1.21717e+06 2.29649e+06 1.80582e+06 0 1.4828e+06 1.56532e+06 1.57751e+06 1.42118e+06 867257
pelacespred
 1.9735e+06 1.24776e+06 637694 532148 558245 892077 564990 603985 433934 303966 332015 347223 374607 315613 323617 644534 639469 1.60658e+06 1.39431e+06 999028 1.67556e+06 1.48213e+06 1.18462e+06 1.95429e+06 1.43843e+06 1.26909e+06 1.69463e+06 1.75556e+06 1.19911e+06 872474
mphobs
 0 0 0 0 0 0 0 0 0 0 0 498337 0 5186 125008 0 168611 109162 213762 579715 649985 157893 87575 83554 0 0 0 0 0 0
mphpred
 489737 328303 165721 90413.2 103676 118272 155110 102226 89730.8 62876.7 41842.9 60549.4 64508.8 55284.9 38678.4 47924.5 141190 136599 264954 202902 225054 272971 256146 213582 294501 244115 201706 214409 293906 200801
desembarqueobs
 494567 514787 250237 358949 120608 361735 552515 73892 212993 205616 52469 317467 293654 387597 252695 516296 358380 742168 942051 627588 828172 859565 418607 520667 417249 300574 407403 355545 319650 289779
desembarquepred
 494564 513326 250994 358952 120609 361725 552565 73894.2 213032 205653 52467.1 317516 293697 387636 252682 516227 358409 742032 941891 627471 828201 859552 418616 520649 417236 300569 407374 355505 319646 289785
Reclutas
 214582 122896 121357 223940 179469 295271 124482 58498 53300.6 69615.3 126063 161776 135826 94876.7 95873.4 493209 110781 769129 447274 363935 509921 680626 148925 430394 365991 164567 366496 403365 118700 93017
log_desv_Rt
 0.104406 -0.45295 -0.46555 0.147093 -0.074283 0.42361 -0.440121 -1.19529 -1.28834 -1.0213 -0.427499 -0.178069 -0.352909 -0.711707 -0.701256 0.936648 -0.556732 1.38097 0.838887 0.632691 0.969972 1.25873 -0.260844 0.800416 0.638324 -0.160969 0.639703 0.735557 -0.487685 -0.731503
SSB
 3.73397e+06 2.50313e+06 1.26353e+06 689350 790469 901757 1.18263e+06 779418 684147 479399 319029 461655 491843 421516 294901 365397 1.07649e+06 1.04149e+06 2.02013e+06 1.54701e+06 1.71591e+06 2.08125e+06 1.95297e+06 1.62844e+06 2.2454e+06 1.86124e+06 1.53789e+06 1.63475e+06 2.24087e+06 1.53099e+06
BT
 4.97711e+06 3.39193e+06 1.72497e+06 1.54151e+06 1.39055e+06 2.38975e+06 1.80449e+06 1.46801e+06 1.21912e+06 905723 820554 1.0771e+06 1.14058e+06 1.14062e+06 1.01095e+06 1.93262e+06 1.76356e+06 4.42038e+06 4.15155e+06 2.88183e+06 4.5829e+06 4.25448e+06 3.11189e+06 5.05348e+06 3.72098e+06 3.21247e+06 4.37414e+06 4.45541e+06 3.03586e+06 2.30146e+06
Ftot
 0.113447 0.205288 0.199266 0.289391 0.0953403 0.188111 0.405438 0.0633583 0.248034 0.323373 0.0820583 0.378699 0.354417 0.581669 0.394149 0.34302 0.223934 0.224758 0.323667 0.281941 0.215515 0.276659 0.162953 0.141164 0.143512 0.115918 0.138975 0.116693 0.117903 0.168313
BD_Bspro_t
 0.982012 0.867021 0.72537 0.643675 0.643954 0.713435 0.705134 0.56381 0.617305 0.58053 0.550121 0.718317 0.606862 0.521438 0.418978 0.472717 0.622686 0.602655 0.690266 0.600525 0.580158 0.623471 0.636102 0.63206 0.729389 0.737836 0.745308 0.778718 0.817659 0.756928
BD_Bspro
 2.71356 1.81908 0.918232 0.500965 0.574451 0.655326 0.85944 0.56642 0.497184 0.34839 0.231845 0.335495 0.357433 0.306325 0.214311 0.265542 0.782309 0.756875 1.46807 1.12425 1.24699 1.51249 1.41927 1.18342 1.63178 1.3526 1.11762 1.18801 1.62849 1.1126
BD_Bo
 1.78273 1.19508 0.603254 0.329121 0.377399 0.430532 0.564629 0.372123 0.326637 0.228883 0.152316 0.220411 0.234824 0.201247 0.140796 0.174454 0.513956 0.497247 0.964482 0.738599 0.819238 0.993667 0.93242 0.777476 1.07204 0.888625 0.734247 0.78049 1.06987 0.730951
BD_Brms
 11.71 7.84995 3.9625 2.16184 2.47896 2.82796 3.70879 2.4443 2.14553 1.50343 1.00049 1.44778 1.54245 1.3219 0.924827 1.14591 3.37594 3.26618 6.33524 4.85152 5.38119 6.52693 6.12463 5.10688 7.04172 5.83696 4.82293 5.12667 7.0275 4.80128
Sel_flota
 0.842728 1 1 1 1
 0.842728 1 1 1 1
 0.842728 1 1 1 1
 0.842728 1 1 1 1
 0.842728 1 1 1 1
 0.842728 1 1 1 1
 0.842728 1 1 1 1
 0.842728 1 1 1 1
 0.842728 1 1 1 1
 0.842728 1 1 1 1
 0.842728 1 1 1 1
 0.842728 1 1 1 1
 0.842728 1 1 1 1
 0.842728 1 1 1 1
 0.842728 1 1 1 1
 0.842728 1 1 1 1
 0.842728 1 1 1 1
 0.842728 1 1 1 1
 0.842728 1 1 1 1
 0.842728 1 1 1 1
 0.842728 1 1 1 1
 0.842728 1 1 1 1
 0.842728 1 1 1 1
 0.842728 1 1 1 1
 0.842728 1 1 1 1
 0.842728 1 1 1 1
 0.842728 1 1 1 1
 0.842728 1 1 1 1
 0.842728 1 1 1 1
 0.842728 1 1 1 1
Sel_reclas
 1 1 1 1 1
 1 1 1 1 1
 1 1 1 1 1
 1 1 1 1 1
 1 1 1 1 1
 1 1 1 1 1
 1 1 1 1 1
 1 1 1 1 1
 1 1 1 1 1
 1 1 1 1 1
 1 1 1 1 1
 1 1 1 1 1
 1 1 1 1 1
 1 1 1 1 1
 1 1 1 1 1
 1 1 1 1 1
 1 1 1 1 1
 1 1 1 1 1
 1 1 1 1 1
 1 1 1 1 1
 1 1 1 1 1
 1 1 1 1 1
 1 1 1 1 1
 1 1 1 1 1
 1 1 1 1 1
 1 1 1 1 1
 1 1 1 1 1
 1 1 1 1 1
 1 1 1 1 1
 1 1 1 1 1
Sel_pelaces
 0.977173 0.999732 0.999997 1 1
 0.977173 0.999732 0.999997 1 1
 0.977173 0.999732 0.999997 1 1
 0.977173 0.999732 0.999997 1 1
 0.977173 0.999732 0.999997 1 1
 0.977173 0.999732 0.999997 1 1
 0.977173 0.999732 0.999997 1 1
 0.977173 0.999732 0.999997 1 1
 0.977173 0.999732 0.999997 1 1
 0.977173 0.999732 0.999997 1 1
 0.977173 0.999732 0.999997 1 1
 0.977173 0.999732 0.999997 1 1
 0.977173 0.999732 0.999997 1 1
 0.977173 0.999732 0.999997 1 1
 0.977173 0.999732 0.999997 1 1
 0.977173 0.999732 0.999997 1 1
 0.977173 0.999732 0.999997 1 1
 0.977173 0.999732 0.999997 1 1
 0.977173 0.999732 0.999997 1 1
 0.977173 0.999732 0.999997 1 1
 0.977173 0.999732 0.999997 1 1
 0.977173 0.999732 0.999997 1 1
 0.977173 0.999732 0.999997 1 1
 0.977173 0.999732 0.999997 1 1
 0.977173 0.999732 0.999997 1 1
 0.977173 0.999732 0.999997 1 1
 0.977173 0.999732 0.999997 1 1
 0.977173 0.999732 0.999997 1 1
 0.977173 0.999732 0.999997 1 1
 0.977173 0.999732 0.999997 1 1
pf_obs 
 0.8446 0.082 0.0669 0.0065 0
 0.8095 0.147 0.0364 0.0071 0
 0.9664 0.0169 0.016 0.0007 0
 0.9276 0.0648 0.0075 0.0001 0
 0.7033 0.2144 0.0806 0.0017 0
 0.9318 0.0425 0.0243 0.0014 0
 0.5671 0.3108 0.0964 0.0239 0.0018
 0.0768 0.2599 0.5324 0.112 0.0189
 0.490249 0.384438 0.106611 0.0170017 0.00170017
 0.7925 0.1577 0.0466 0.003 0.0002
 0.840416 0.127587 0.0312969 0.00059994 9.999e-05
 0.8084 0.0986 0.0794 0.0134 0.0002
 0.7335 0.1905 0.0724 0.0035 0.0001
 0.4001 0.4547 0.1325 0.0127 0
 0.49795 0.308269 0.164784 0.0264974 0.00249975
 0.9179 0.0499 0.0305 0.0017 0
 0.2467 0.6533 0.0926 0.0074 0
 0.9418 0.0223 0.034 0.0019 0
 0.707729 0.231977 0.0356964 0.0245975 0
 0.517169 0.277429 0.184464 0.0207286 0.00020938
 0.811772 0.124168 0.05621 0.00726502 0.000585176
 0.764997 0.148141 0.077277 0.00933861 0.000247198
 0.163321 0.427699 0.378323 0.0303852 0.000271297
 0.753843 0.0900009 0.118128 0.0371064 0.000921714
 0.721811 0.176058 0.0630433 0.0369309 0.00215725
 0.143369 0.312575 0.442814 0.0836902 0.0175525
 0.692698 0.0596174 0.167031 0.0765114 0.00414204
 0.394062 0.376323 0.152708 0.0712218 0.00568511
 0.125707 0.32114 0.495352 0.0537591 0.00404204
 0.23352 0.215282 0.420074 0.123614 0.00750983
pf_pred 
 0.44108 0.115809 0.41941 0.0237002 1.15686e-06
 0.415581 0.284156 0.0622149 0.225316 0.0127329
 0.557415 0.204665 0.115681 0.025328 0.0969107
 0.754487 0.148191 0.0450045 0.0254376 0.0268796
 0.650459 0.275923 0.0444356 0.0134947 0.0156875
 0.740448 0.179139 0.0634764 0.0102224 0.00671339
 0.473439 0.40811 0.0817538 0.0289687 0.00772899
 0.444451 0.292168 0.204133 0.0408925 0.0183558
 0.522074 0.233449 0.128573 0.0898315 0.0260731
 0.682079 0.181294 0.0667371 0.0367557 0.0331342
 0.798636 0.145821 0.031673 0.0116593 0.0122101
 0.726991 0.225465 0.0344304 0.00747842 0.0056359
 0.674524 0.24937 0.0628527 0.00959817 0.00365588
 0.615787 0.275797 0.0830651 0.0209363 0.00441493
 0.721205 0.186277 0.0664117 0.020002 0.00610455
 0.927395 0.0552686 0.0115834 0.00412975 0.00162341
 0.39576 0.567974 0.0276068 0.00578596 0.00287372
 0.896062 0.0459934 0.0544666 0.00264739 0.000830432
 0.599866 0.365184 0.0154658 0.018315 0.00116946
 0.617279 0.247703 0.123224 0.00521863 0.00657465
 0.732264 0.177458 0.0584296 0.0290668 0.00278187
 0.741298 0.198704 0.0397672 0.0130937 0.00713709
 0.332023 0.519221 0.114256 0.0228664 0.0116329
 0.741641 0.0967701 0.125604 0.0276395 0.00834565
 0.631933 0.285381 0.0309706 0.0401987 0.0115168
 0.441037 0.376578 0.141413 0.0153466 0.0256262
 0.734016 0.12933 0.0920644 0.0345721 0.0100169
 0.68695 0.240539 0.0352571 0.025098 0.0121556
 0.351961 0.469627 0.137087 0.0200936 0.0212314
 0.441538 0.220322 0.245047 0.0715305 0.0215629
pobs_RECLAS
 0 0 0 0 0
 0 0 0 0 0
 0 0 0 0 0
 0 0 0 0 0
 0 0 0 0 0
 0 0 0 0 0
 0 0 0 0 0
 0 0 0 0 0
 0 0 0 0 0
 0 0 0 0 0
 0.991045 0.00858322 0.000360255 1.14367e-05 0
 0.934742 0.0480273 0.0164251 0.00080598 0
 0.827803 0.169806 0.00239088 0 0
 0.941827 0.0461693 0.0120037 0 0
 0.791401 0.0380133 0.147996 0.0225897 0
 0.846168 0.0940531 0.0597789 0 0
 0.134021 0.677848 0.182769 0.00536245 0
 0.80878 0.0450904 0.141981 0.00414843 0
 0.846168 0.0940531 0.0597789 0 0
 0.905697 0.0802665 0.012482 0.00150086 5.37128e-05
 0.989698 0.0102097 9.19794e-05 0 0
 0.975433 0.0193895 0.00387452 0.00125025 5.28907e-05
 0.303575 0.632131 0.0575291 0.00676475 0
 0.966965 0.00978017 0.0227588 0.000495775 0
 0.843318 0.132988 0.00938335 0.0141283 0.000182051
 0.564624 0.303363 0.111486 0.0197234 0.00080311
 0.826376 0.0876187 0.0782897 0.00655872 0.00115652
 0.89761 0.0855135 0.0140674 0.00269457 0.000114338
 0.34875 0.467042 0.161289 0.0227151 0.000203297
 0.318654 0.224769 0.449479 0.00709798 0
ppred_RECLAS
 0.483991 0.106918 0.38721 0.0218806 1.06804e-06
 0.45842 0.263326 0.0576544 0.2088 0.0117995
 0.599843 0.185045 0.104592 0.0229 0.0876205
 0.785579 0.129424 0.0393051 0.0222161 0.0234755
 0.688583 0.245829 0.0395891 0.0120229 0.0139765
 0.772458 0.157047 0.0556482 0.00896176 0.00588546
 0.517954 0.373609 0.0748424 0.0265197 0.00707559
 0.487217 0.269677 0.188418 0.0377446 0.0169428
 0.565462 0.212255 0.1169 0.0816762 0.023706
 0.719061 0.160205 0.058974 0.0324802 0.0292799
 0.824919 0.126788 0.0275388 0.0101375 0.0106164
 0.760791 0.197551 0.0301678 0.00655255 0.00493815
 0.712143 0.220547 0.055588 0.00848878 0.00323332
 0.657931 0.245545 0.0739538 0.0186398 0.00393066
 0.755542 0.163335 0.0582323 0.0175385 0.00535271
 0.93844 0.0468608 0.00982129 0.0035015 0.00137645
 0.438169 0.52811 0.0256692 0.00537987 0.00267202
 0.911234 0.0392796 0.0465159 0.00226094 0.000709211
 0.641384 0.327292 0.0138611 0.0164146 0.00104811
 0.657836 0.221455 0.110166 0.00466562 0.00587795
 0.765048 0.155728 0.051275 0.0255076 0.00244123
 0.773516 0.173958 0.0348147 0.0114631 0.00624826
 0.371559 0.48849 0.107494 0.021513 0.0109443
 0.773411 0.0848703 0.110159 0.0242407 0.00731939
 0.671222 0.254919 0.0276647 0.0359078 0.0102875
 0.483956 0.347662 0.130555 0.0141683 0.0236585
 0.766423 0.113573 0.0808477 0.03036 0.00879649
 0.722855 0.212951 0.0312133 0.0222194 0.0107614
 0.392303 0.440392 0.128553 0.0188427 0.0199097
 0.484675 0.203304 0.226118 0.0660053 0.0198973
pobs_PELACES
 0 0 0 0 0
 0 0 0 0 0
 0 0 0 0 0
 0 0 0 0 0
 0 0 0 0 0
 0 0 0 0 0
 0 0 0 0 0
 0 0 0 0 0
 0 0 0 0 0
 0 0 0 0 0
 0 0 0 0 0
 0 0 0 0 0
 0 0 0 0 0
 0 0 0 0 0
 0 0 0 0 0
 0 0 0 0 0
 0.505614 0.472636 0.0217494 0 0
 0 0 0 0 0
 0.443492 0.261883 0.143347 0.151278 0
 0.227955 0.32914 0.350689 0.0885471 0.00366901
 0.970185 0.0296113 0.000203453 0 0
 0.997202 0.00247181 0.000326279 0 0
 0.445219 0.490057 0.0546422 0.010081 0
 0.90214 0.0892962 0.00764917 0.000914606 0
 0 0 0 0 0
 0.581667 0.319106 0.0959925 0.00289975 0.000334073
 0.762889 0.0836404 0.116647 0.0363945 0.000428098
 0.88444 0.0763242 0.0277011 0.0115352 0
 0.521256 0.241999 0.230069 0.00667565 0
 0.616807 0.101726 0.260614 0.0208532 0
ppred_PELACES
 0.47971 0.107782 0.390444 0.0220634 1.07697e-06
 0.455367 0.264775 0.0579869 0.210004 0.0118676
 0.596809 0.186421 0.105397 0.0230765 0.0882959
 0.784244 0.130216 0.0395562 0.0223581 0.0236255
 0.684725 0.248861 0.0400879 0.0121744 0.0141526
 0.770139 0.158634 0.0562254 0.00905474 0.00594653
 0.517494 0.373942 0.0749291 0.0265505 0.00708382
 0.482307 0.272225 0.190249 0.0381114 0.0171075
 0.562982 0.213438 0.117583 0.0821532 0.0238445
 0.717816 0.160897 0.0592443 0.0326291 0.0294142
 0.822211 0.12874 0.0279702 0.0102963 0.0107827
 0.760205 0.198025 0.0302482 0.00657005 0.00495133
 0.711222 0.221239 0.0557773 0.00851771 0.00324434
 0.65957 0.24435 0.0736134 0.0185541 0.00391258
 0.755088 0.163623 0.0583508 0.0175743 0.00536361
 0.938146 0.0470818 0.00987024 0.00351897 0.00138331
 0.43541 0.530695 0.0258017 0.00540765 0.00268583
 0.910316 0.0396803 0.0470029 0.00228462 0.000716638
 0.639992 0.328555 0.0139182 0.0164824 0.00105244
 0.655968 0.222642 0.110786 0.0046919 0.00591105
 0.762934 0.157115 0.0517455 0.0257417 0.00246364
 0.772019 0.175097 0.035052 0.0115412 0.00629086
 0.368197 0.491074 0.108091 0.0216326 0.0110052
 0.770654 0.0858886 0.11151 0.0245381 0.00740919
 0.667806 0.257551 0.0279578 0.0362883 0.0103965
 0.479739 0.350473 0.131645 0.0142867 0.0238562
 0.763592 0.114934 0.0818381 0.030732 0.00890427
 0.719471 0.215538 0.0316008 0.0224953 0.010895
 0.388311 0.443253 0.129422 0.0189702 0.0200444
 0.481117 0.204674 0.227703 0.0664681 0.0200368
pobs_pel_tallas
 0 0 0 0 0 0 0 0 0 0 0 0 0 0 0 0 0 0 0 0 0 0 0 0 0 0
 0 0 0 0 0 0 0 0 0 0 0 0 0 0 0 0 0 0 0 0 0 0 0 0 0 0
 0 0 0 0 0 0 0 0 0 0 0 0 0 0 0 0 0 0 0 0 0 0 0 0 0 0
 0 0 0 0 0 0 0 0 0 0 0 0 0 0 0 0 0 0 0 0 0 0 0 0 0 0
 0 0 0 0 0 0 0 0 0 0 0 0 0 0 0 0 0 0 0 0 0 0 0 0 0 0
 0 0 0 0 0 0 0 0 0 0 0 0 0 0 0 0 0 0 0 0 0 0 0 0 0 0
 0 0 0 0 0 0 0 0 0 0 0 0 0 0 0 0 0 0 0 0 0 0 0 0 0 0
 0 0 0 0 0 0 0 0 0 0 0 0 0 0 0 0 0 0 0 0 0 0 0 0 0 0
 0 0 0 0 0 0 0 0 0 0 0 0 0 0 0 0 0 0 0 0 0 0 0 0 0 0
 0 0 0 0 0 0 0 0 0 0 0 0 0 0 0 0 0 0 0 0 0 0 0 0 0 0
 0 0 0 0 0 0 0 0 0 0 0 0 0 0 0 0 0 0 0 0 0 0 0 0 0 0
 0 0 0 0 0 0 0 0 0 0 0 0 0 0 0 0 0 0 0 0 0 0 0 0 0 0
 0.00862536 0 0 0.000197151 0.00414017 0.0128641 0.00837892 0.0270097 0.101434 0.158115 0.152841 0.127902 0.109271 0.109419 0.0830992 0.0579132 0.0238553 0.00714673 0.00463305 0.00128148 0.00103504 0.000492878 0.000147863 0.000147863 4.92878e-05 0
 0 0 0 0 0 0 0 0 0 0 0 0 0 0 0 0 0 0 0 0 0 0 0 0 0 0
 0 0 0 0 0 0 0 0.0054083 0.00873648 0.0413646 0.0450493 0.0745869 0.0622846 0.0627006 0.0613931 0.0827291 0.12552 0.122667 0.0946155 0.0697135 0.0546179 0.0294188 0.0215738 0.0213955 0.0102223 0.00600262
 0 0 0 0 0.00359764 0.0251062 0.0480494 0.140153 0.205849 0.193036 0.1447 0.116669 0.0760912 0.0342217 0.00950174 0.001854 0.000860785 0 0 0 0.000165536 0 0.000143464 0 0 0
 0 0 0 0 0 0 0 0.000145254 0.000435761 0.0275982 0.070085 0.0708112 0.156366 0.174668 0.174014 0.160142 0.0824315 0.0480064 0.0283245 0.00493863 0.00203355 0 0 0 0 0
 0 0 0 0 0 0 0 0 0 0 0 0 0 0 0 0 0 0 0 0 0 0 0 0 0 0
 0 0 1.00437e-05 0.000401748 0.00122533 0.00171747 0.00176769 0.0269171 0.070346 0.194647 0.189555 0.159765 0.064822 0.0314167 0.0384472 0.0292271 0.0345202 0.0313363 0.0194345 0.0106764 0.0143323 0.0359363 0.0279516 0.0138201 0.00172751 0
 0 0.0021121 0.0136068 0.0755702 0.200478 0.177729 0.0527432 0.0373336 0.0318909 0.0142505 0.0149659 0.0166563 0.0217959 0.0798694 0.0677717 0.0528807 0.04013 0.0224614 0.0357745 0.0225083 0.00881397 0.00855152 0.00135912 0.000746735 0 0
 0 0 0 0 5.4009e-05 0.00500934 0.000945158 0.0243581 0.138947 0.33067 0.221406 0.137944 0.0707744 0.0437923 0.0131692 0.00525238 0.0047753 0.00276346 9.45158e-05 9.00151e-06 2.25038e-05 9.00151e-06 4.50075e-06 0 0 0
 0.000866109 0.00284123 0.00948549 0.0512746 0.133035 0.25785 0.225252 0.132002 0.0553304 0.0519788 0.0540692 0.017754 0.00435017 0.00159236 0.00146478 0.000404838 0.000125132 0.000115318 0.000107957 0.000100596 0 0 0 0 0 0
 0 0 0 0 0.00144013 0.00171154 0.00461396 0.0210425 0.0478622 0.0707936 0.0888783 0.103762 0.0637923 0.0337046 0.0602308 0.124433 0.169614 0.0934646 0.0462172 0.0250306 0.0313229 0.00938855 0.002487 0.000210481 0 0
 0 0.00764035 0.051015 0.0998891 0.058973 0.0496711 0.0374665 0.0718981 0.12319 0.153886 0.159021 0.0857701 0.0377988 0.023471 0.0147837 0.00900784 0.00315554 0.000888139 0.00291439 0.00214683 0.00393193 0.00274676 0.000635225 9.99891e-05 0 0
 0 0 0 0 0 0 0 0 0 0 0 0 0 0 0 0 0 0 0 0 0 0 0 0 0 0
 0 0 0 0 0 0 0 0 0 0 0 0 0 0 0 0 0 0 0 0 0 0 0 0 0 0
 0 0 0 0 0 0 0 0 0 0 0 0 0 0 0 0 0 0 0 0 0 0 0 0 0 0
 0 0 0 0 0 0 0 0 0 0 0 0 0 0 0 0 0 0 0 0 0 0 0 0 0 0
 0 0 0 0 0 0 0 0 0 0 0 0 0 0 0 0 0 0 0 0 0 0 0 0 0 0
 0 0 0 0 0 0 0 0 0 0 0 0 0 0 0 0 0 0 0 0 0 0 0 0 0 0
ppred_pel_tallas
 1.13508e-16 3.95131e-05 0.000384081 0.00255236 0.0116026 0.0361002 0.0769157 0.112263 0.112274 0.0769696 0.0362829 0.0121377 0.00392338 0.00346975 0.00617081 0.0108442 0.0172551 0.0250988 0.0339606 0.0434434 0.0530386 0.0617704 0.0680452 0.0700879 0.0668183 0.0585519
 1.2481e-16 3.7508e-05 0.000364591 0.00242284 0.0110139 0.0342684 0.0730134 0.106571 0.106596 0.0731387 0.0346894 0.0122313 0.00548498 0.00707105 0.0128421 0.0213609 0.0312467 0.0403889 0.0467599 0.0496746 0.0502867 0.0507653 0.0527448 0.0562363 0.0597078 0.0610831
 1.20346e-16 4.91584e-05 0.000477837 0.0031754 0.0144349 0.0449125 0.0956914 0.139668 0.139686 0.09578 0.0452103 0.0152971 0.00534712 0.00524372 0.00917527 0.0152912 0.0225057 0.0293509 0.0343944 0.0370764 0.0380518 0.0386615 0.0399454 0.0419759 0.0439284 0.0446691
 1.07416e-16 6.45971e-05 0.000627907 0.00417267 0.0189683 0.0590176 0.125744 0.183529 0.183542 0.125805 0.0592244 0.0195663 0.005676 0.00391744 0.00633538 0.0104345 0.0151785 0.0194245 0.0220678 0.0226414 0.0215985 0.0199775 0.0187151 0.0181439 0.0179765 0.0176509
 1.04837e-16 5.63999e-05 0.000548227 0.00364316 0.0165613 0.0515285 0.109788 0.160244 0.160268 0.109905 0.0519223 0.0176988 0.00649906 0.00678477 0.0119071 0.0196132 0.0282913 0.0356736 0.039492 0.0387167 0.0341696 0.027955 0.0221769 0.0179422 0.0152258 0.0133903
 1.03578e-16 6.34354e-05 0.000616615 0.00409762 0.0186272 0.0579562 0.123482 0.180229 0.180245 0.123557 0.0582082 0.0193557 0.00592897 0.0046232 0.00769837 0.0126937 0.0184368 0.0235136 0.0265193 0.026795 0.0247872 0.0216774 0.0186011 0.016087 0.0140484 0.012151
 1.0612e-16 4.26254e-05 0.000414334 0.0027534 0.0125166 0.0389439 0.0829753 0.121113 0.121149 0.0831517 0.039536 0.0142274 0.00704994 0.00980041 0.0178883 0.0295581 0.0427002 0.053963 0.0599542 0.0591127 0.0526172 0.0435302 0.0348959 0.0282896 0.0236645 0.0201533
 1.12277e-16 3.9727e-05 0.000386161 0.00256617 0.0116655 0.0362958 0.0773329 0.112875 0.112902 0.0774625 0.0367314 0.012927 0.00574474 0.00736501 0.0134115 0.0224172 0.0330111 0.0430288 0.0502544 0.0536283 0.0537501 0.05219 0.0502198 0.048053 0.045079 0.0406631
 1.15722e-16 4.63721e-05 0.000450754 0.00299542 0.0136167 0.0423669 0.0902678 0.131753 0.131774 0.0903692 0.0427079 0.0146039 0.00548175 0.00590688 0.0104935 0.0175013 0.0257502 0.0335541 0.0392432 0.0421185 0.0428363 0.0428089 0.0431084 0.0437661 0.0439252 0.042554
 1.10001e-16 5.91256e-05 0.000574722 0.00381923 0.0173617 0.0540187 0.115093 0.167985 0.168 0.115169 0.0542746 0.0181019 0.00568094 0.00465135 0.00783893 0.0129666 0.0189169 0.0243196 0.0278361 0.0289013 0.0280593 0.0265419 0.0254254 0.0250317 0.0249393 0.0244332
 1.03698e-16 6.77245e-05 0.000658306 0.00437468 0.0198866 0.0618748 0.131831 0.192414 0.192427 0.131892 0.0620788 0.0204761 0.00585521 0.00389368 0.00622234 0.0102066 0.0147618 0.0187058 0.020887 0.0207892 0.0188358 0.0160857 0.0135693 0.0117841 0.0106456 0.00977685
 1.02421e-16 6.26171e-05 0.000608661 0.00404477 0.0183869 0.0572087 0.12189 0.177906 0.177925 0.121983 0.0575219 0.0192917 0.00631606 0.00556761 0.00948264 0.0155831 0.0224552 0.0282663 0.0311917 0.0303909 0.0265009 0.0211926 0.0161595 0.0123286 0.00974844 0.00798785
 1.0307e-16 5.85824e-05 0.000569442 0.00378414 0.0172022 0.0535225 0.114036 0.166444 0.166465 0.114141 0.0538731 0.0182155 0.00632951 0.00613209 0.0106409 0.0175453 0.025377 0.0321364 0.0358164 0.0354767 0.0317736 0.0264593 0.0212776 0.0171363 0.0140377 0.0115506
 1.0471e-16 5.43279e-05 0.000528087 0.00350932 0.0159529 0.0496355 0.105755 0.154357 0.15438 0.10587 0.0500232 0.0170737 0.00632573 0.00668674 0.0117814 0.0194714 0.0282323 0.0358981 0.0402878 0.040384 0.0368991 0.0317091 0.0266374 0.0225649 0.0193915 0.0165918
 1.04396e-16 6.21956e-05 0.000604564 0.00401754 0.0182632 0.0568236 0.121069 0.176707 0.176723 0.121147 0.0570835 0.0190149 0.00590733 0.00473974 0.00794439 0.0131109 0.0190587 0.0243431 0.0275293 0.0279539 0.0260878 0.0231471 0.0202798 0.017986 0.0161181 0.0142783
 1.00884e-16 7.72738e-05 0.000751129 0.00499152 0.0226907 0.0705993 0.150419 0.219542 0.219547 0.150442 0.0706738 0.0229062 0.00553268 0.00193348 0.0023257 0.00373033 0.00538468 0.00681082 0.00757909 0.00749424 0.00670516 0.00559614 0.00454715 0.00375148 0.00319756 0.00277136
 1.01878e-16 3.58642e-05 0.000348613 0.00231666 0.0105312 0.0327668 0.0698151 0.101908 0.101959 0.0700646 0.0336044 0.0129492 0.00838218 0.0135766 0.0251196 0.0413698 0.0593536 0.0741381 0.0807198 0.0767925 0.064147 0.0475189 0.031843 0.0200261 0.0125048 0.00820883
 1.01718e-16 7.49815e-05 0.000728847 0.00484344 0.0220176 0.0685049 0.145957 0.21303 0.213033 0.145976 0.068569 0.0222035 0.00531322 0.00176455 0.00207166 0.0033834 0.00504574 0.00671651 0.00808774 0.00899524 0.00947133 0.00964439 0.00958111 0.00922339 0.0084677 0.00729546
 1.02317e-16 5.27153e-05 0.000512412 0.00340516 0.0154794 0.0481622 0.102616 0.149778 0.149809 0.10277 0.0486808 0.0169765 0.0071608 0.00870343 0.0155869 0.0256277 0.0367805 0.04598 0.0501472 0.0478801 0.0403126 0.0303865 0.0211369 0.0143051 0.0100716 0.00767859
 1.04725e-16 5.40313e-05 0.000525204 0.00349016 0.0158658 0.0493645 0.105177 0.153513 0.153535 0.105283 0.0497191 0.0168916 0.00607092 0.00617828 0.0108465 0.017992 0.0262513 0.0337128 0.038434 0.0394708 0.0373554 0.0335805 0.0295503 0.0258719 0.0224161 0.0188508
 1.04532e-16 6.28419e-05 0.000610845 0.00405928 0.0184529 0.057414 0.122327 0.178543 0.178558 0.122401 0.0576635 0.0191744 0.00587307 0.00457924 0.00762593 0.0125776 0.0182783 0.0233392 0.0263883 0.0268006 0.0250466 0.0223109 0.0197018 0.0176837 0.016077 0.0144502
 1.03279e-16 6.35902e-05 0.000618119 0.00410762 0.0186727 0.0580977 0.123784 0.18067 0.180687 0.123866 0.0583749 0.0194738 0.00611953 0.00501334 0.00842043 0.0138454 0.0199991 0.0252792 0.028098 0.0277291 0.0247306 0.0205419 0.0165911 0.0136115 0.0115688 0.0100373
 1.07277e-16 3.0328e-05 0.000294799 0.00195905 0.00890557 0.0277088 0.0590383 0.086178 0.0862254 0.0592699 0.0284867 0.0111531 0.00760373 0.0126273 0.0234819 0.0388503 0.056145 0.0709868 0.0789148 0.0778555 0.0693167 0.0572736 0.0456938 0.036657 0.030165 0.0251786
 1.06955e-16 6.34778e-05 0.000617027 0.00410036 0.0186396 0.0579949 0.123565 0.180348 0.180356 0.123606 0.0581341 0.0190438 0.00512283 0.00287535 0.00442967 0.00742504 0.0111641 0.0150348 0.0184372 0.0210717 0.0230321 0.0245591 0.0256822 0.0260927 0.025355 0.02325
 1.06272e-16 5.50064e-05 0.000534682 0.00355315 0.0161521 0.0502553 0.107075 0.156285 0.156309 0.107197 0.0506626 0.0173284 0.00650592 0.00698121 0.0123005 0.0202566 0.0292012 0.036792 0.0406992 0.0398964 0.0352943 0.0291325 0.0236176 0.0198565 0.0177079 0.0163509
 1.09359e-16 3.95155e-05 0.000384105 0.00255251 0.0116034 0.0361026 0.0769216 0.112276 0.11231 0.0770874 0.0366596 0.0132138 0.00660124 0.00924372 0.0169279 0.0280859 0.0408371 0.0521557 0.0589616 0.0598129 0.0556956 0.0492018 0.0428057 0.0376301 0.033438 0.0294514
 1.0698e-16 6.28961e-05 0.000611372 0.00406278 0.0184688 0.0574635 0.122432 0.178696 0.178707 0.122487 0.0576476 0.019002 0.00540677 0.00356384 0.00572495 0.00950942 0.0140337 0.018371 0.0216153 0.023354 0.0238649 0.0238072 0.0236707 0.0234505 0.0227638 0.0212223
 1.05067e-16 5.92619e-05 0.000576047 0.00382804 0.0174017 0.0541433 0.115359 0.168374 0.168395 0.11546 0.0544843 0.0183869 0.00630145 0.00597748 0.0103237 0.016991 0.0245152 0.0309327 0.0342939 0.0337286 0.0299723 0.0248614 0.0202086 0.0169288 0.0149273 0.0135704
 1.09143e-16 3.19847e-05 0.000310903 0.00206606 0.00939204 0.0292224 0.0622629 0.0908835 0.0909263 0.0624722 0.0299255 0.0114244 0.00717291 0.0114766 0.0212887 0.0352776 0.0511289 0.0649536 0.0727876 0.0727835 0.0662517 0.0566385 0.0473158 0.0399468 0.0343877 0.0296719
 1.16681e-16 3.9629e-05 0.000385208 0.00255985 0.0116367 0.0362062 0.0771419 0.112595 0.112615 0.07724 0.0365368 0.0125959 0.00498374 0.0057307 0.0103512 0.017469 0.0261466 0.0349592 0.0424469 0.0479156 0.0516969 0.0545612 0.0568092 0.0578756 0.0567474 0.0527547
pSPR Fmed_Fpbrs
0.678258   0.202241 0.202241
Fs Fmed_Fpbrs
0.202011   1.005 1.005
SSBpbr Bo_Bmed_Bpbrs
2.09452e+06  1.3159e+06  318871 318871
Ro
193308
SPR SPRFo_SPRFmed_SPRFpbrs
1.37604e+06 933312 278292
Fref
1.005
log_Ro
11.992
likeval ReclasPelacesDesembMPH_pf_preclas_ppelaces_ptallas_desvR_qrecl_qpela
 15.4349 16.8311 0.0873961 0.000805342 229.013 105.971 76.682 0 22.0707 3.34424e-06 0 0.446096 0 0 0
q_reclas_q_pelaces
0.771716 1
M
1
N
 214582 47827.7 173211 9787.91 0.477771
 122896 71742.7 15707.8 56887 3214.75
 121357 38028.4 21494.5 4706.15 18006.8
 223940 37743.3 11462.4 6478.78 6846.04
 179469 64553.9 10396 3157.17 3670.17
 295271 60925.7 21588.5 3476.68 2283.24
 124482 92700 18569.9 6580.09 1755.6
 58498 32540.6 22735.6 4554.46 2044.41
 53300.6 20401.3 11236.1 7850.46 2278.55
 69615.3 15909.6 5856.57 3225.53 2907.72
 126063 19501.1 4235.7 1559.23 1632.89
 161776 43277.5 6608.86 1435.47 1081.8
 135826 43253.4 10901.9 1664.81 634.115
 94876.7 37065.9 11163.6 2813.74 593.348
 95873.4 21378.6 7621.92 2295.59 700.606
 493209 25301.6 5302.83 1890.57 743.188
 110781 135892 6605.14 1384.34 687.56
 769129 33745.2 39961.9 1942.38 609.284
 447274 234123 9915.3 11742 749.753
 363935 125262 62313.7 2639.03 3324.76
 509921 105570 34760 17291.9 1654.94
 680626 156434 31307.6 10308.3 5618.84
 148925 198317 43640.1 8733.81 4443.17
 430394 47756.5 61986.2 13640.2 4118.62
 365991 140575 15255.7 19801.3 5673.02
 164567 119303 44800.8 4861.95 8118.61
 366496 54906.3 39085.4 14677.4 4252.62
 403365 119925 17578.1 12513.1 6060.39
 118700 134491 39258.8 5754.37 6080.22
 93017 39537.1 43974 12836.2 3869.49
pred_Ctot
 12464.5 3272.64 11852.1 669.743 0.0326917
 12516.7 8558.39 1873.83 6786.21 383.497
 12022.1 4414.12 2494.96 546.263 2090.13
 31249.6 6137.84 1864.02 1053.58 1113.31
 8816.12 3739.78 602.266 182.904 212.623
 27718.8 6706.11 2376.25 382.678 251.317
 23414.1 20183.2 4043.16 1432.66 382.24
 1931.02 1269.39 886.902 177.667 79.7513
 6464.43 2890.61 1592.02 1112.31 322.843
 10732.2 2852.58 1050.08 578.335 521.352
 5354.6 977.686 212.357 78.1719 81.865
 28674.3 8892.89 1358.02 294.968 222.294
 22713.4 8397.1 2116.46 323.202 123.105
 24176.8 10828.2 3261.27 821.991 173.337
 17596.3 4544.87 1620.35 488.019 148.942
 80127.8 4775.26 1000.82 356.814 140.264
 12229.8 17551.6 853.112 178.799 88.8043
 85197.9 4373.07 5178.7 251.715 78.9578
 69009.6 42011.4 1779.21 2106.99 134.536
 49602 19904.4 9901.78 419.348 528.312
 54332.6 13167 4335.37 2156.7 206.409
 91188.9 24443.1 4891.86 1610.69 877.952
 12215.4 19102.6 4203.59 841.275 427.983
 30812.2 4020.4 5218.33 1148.31 346.728
 26615.8 12019.7 1304.42 1693.09 485.065
 9759.07 8332.75 3129.12 339.584 567.046
 25850.3 4554.7 3242.29 1217.55 352.772
 24073.8 8429.57 1235.57 879.546 425.985
 7154.76 9546.72 2786.74 408.467 431.597
 7866.15 3925.11 4365.59 1274.34 384.15
F
 0.095605 0.113447 0.113447 0.113447 0.113447
 0.173001 0.205288 0.205288 0.205288 0.205288
 0.167927 0.199266 0.199266 0.199266 0.199266
 0.243878 0.289391 0.289391 0.289391 0.289391
 0.080346 0.0953403 0.0953403 0.0953403 0.0953403
 0.158527 0.188111 0.188111 0.188111 0.188111
 0.341674 0.405438 0.405438 0.405438 0.405438
 0.0533938 0.0633583 0.0633583 0.0633583 0.0633583
 0.209025 0.248034 0.248034 0.248034 0.248034
 0.272516 0.323373 0.323373 0.323373 0.323373
 0.0691528 0.0820583 0.0820583 0.0820583 0.0820583
 0.31914 0.378699 0.378699 0.378699 0.378699
 0.298677 0.354417 0.354417 0.354417 0.354417
 0.490189 0.581669 0.581669 0.581669 0.581669
 0.33216 0.394149 0.394149 0.394149 0.394149
 0.289072 0.34302 0.34302 0.34302 0.34302
 0.188716 0.223934 0.223934 0.223934 0.223934
 0.18941 0.224758 0.224758 0.224758 0.224758
 0.272763 0.323667 0.323667 0.323667 0.323667
 0.2376 0.281941 0.281941 0.281941 0.281941
 0.181621 0.215515 0.215515 0.215515 0.215515
 0.233148 0.276659 0.276659 0.276659 0.276659
 0.137325 0.162953 0.162953 0.162953 0.162953
 0.118963 0.141164 0.141164 0.141164 0.141164
 0.120941 0.143512 0.143512 0.143512 0.143512
 0.0976872 0.115918 0.115918 0.115918 0.115918
 0.117118 0.138975 0.138975 0.138975 0.138975
 0.0983406 0.116693 0.116693 0.116693 0.116693
 0.0993603 0.117903 0.117903 0.117903 0.117903
 0.141842 0.168313 0.168313 0.168313 0.168313
nmprior
 8 8 7 0
nm_flota  nm_reclas  nm_pelaces    nm_pelaL
inf 11.5554 16.0018 27.8613
cv_recla  cv_pelaces  cv_mph
0.363729 0.482749 0.875781
 ------------------------------------------------
Talla a la edad & desviación 
 8 13.2811 15.8009 17.003 17.5766
 0.8 1.32811 1.58009 1.7003 1.75766
