    unsorted:	 2.368769047e-06 2.208518219e-06 6.009847803e-05 4.998596589e-05 8.933483805e-05 0.001099991713 4.536099869 13.29216016 53.76232670 64.56635811 155.8238978 224.1521220 241.3056684 306.0402886 492.7640209 592.3665869 749.6693452 804.1972303 908.0453802 859.8191906 972.0467856 1055.739165 1096.516959 1330.516910 1370.110416 1589.529387 1753.301493 1820.549937 1953.609405 2118.154020 2255.002875 2343.753884 2480.171770 2448.457198 2574.993055 2666.848962 2978.102357 2970.264384 3030.508535 3430.816894 3593.176109 3984.529320 8250.420673 39832.35461 395629.7753 389793.2038 400740.7254 375964.3431 364781.1711 418186.3761 442770.0082 448003.7798 453949.4286 338378.4707 163572.5145 279528.0415 514673.1095 589372.7027 606488.0938 652658.3090 667657.7723 700762.2563 933239.3110 1021464.621 1080421.966 1208425.983 1445811.236 1627680.020 1741868.555 2349038.556 2398975.509 2604801.070 2711744.467 2937756.389 3260183.553
      sorted:	 2.208518219e-06 2.368769047e-06 4.998596589e-05 6.009847803e-05 8.933483805e-05 0.001099991713 4.536099869 13.29216016 53.76232670 64.56635811 155.8238978 224.1521220 241.3056684 306.0402886 492.7640209 592.3665869 749.6693452 804.1972303 859.8191906 908.0453802 972.0467856 1055.739165 1096.516959 1330.516910 1370.110416 1589.529387 1753.301493 1820.549937 1953.609405 2118.154020 2255.002875 2343.753884 2448.457198 2480.171770 2574.993055 2666.848962 2970.264384 2978.102357 3030.508535 3430.816894 3593.176109 3984.529320 8250.420673 39832.35461 163572.5145 279528.0415 338378.4707 364781.1711 375964.3431 389793.2038 395629.7753 400740.7254 418186.3761 442770.0082 448003.7798 453949.4286 514673.1095 589372.7027 606488.0938 652658.3090 667657.7723 700762.2563 933239.3110 1021464.621 1080421.966 1208425.983 1445811.236 1627680.020 1741868.555 2349038.556 2398975.509 2604801.070 2711744.467 2937756.389 3260183.553
