years
 1991 1992 1993 1994 1995 1996 1997 1998 1999 2000 2001 2002 2003 2004 2005 2006 2007 2008 2009 2010 2011 2012 2013 2014 2015 2016 2017 2018 2019 2020
reclasobs
 0 0 0 0 0 0 0 0 0 252601 567819 844713 477998 351125 339783 2.1784e+06 2.13404e+06 4.81314e+06 1.55562e+06 2.62356e+06 3.21686e+06 3.843e+06 1.13348e+06 3.07943e+06 1.97215e+06 2.03268e+06 2.025e+06 2.42433e+06 2.27542e+06 1.05018e+06
reclaspred
 1.9358e+06 1.14875e+06 499255 252009 41670.5 1.03631e+06 375072 102600 434180 161554 202423 588599 412710 282615 202332 1.17775e+06 763687 4.49901e+06 2.78691e+06 1.0106e+06 2.33167e+06 2.27869e+06 1.29944e+06 2.96431e+06 1.781e+06 871243 1.54338e+06 2.23168e+06 1.57856e+06 565085
pelacesobs
 0 0 0 0 0 0 0 0 0 0 0 0 0 0 0 552880 188675 0 991730 2.46772e+06 1.41603e+06 1.21717e+06 2.29649e+06 1.80582e+06 0 1.4828e+06 1.56532e+06 1.57751e+06 1.42118e+06 867257
pelacespred
 597684 480547 228710 87878.4 10217.9 460408 124570 44191.4 185491 56082.9 91134.5 228852 162123 113295 79251.1 450228 291834 2.17623e+06 1.31052e+06 491982 1.03937e+06 992202 570693 1.51661e+06 887665 430052 852359 1.18723e+06 702310 299091
mphobs
 0 0 0 0 0 0 0 0 0 0 0 498337 0 5186 125008 0 168611 109162 213762 579715 649985 157893 87575 83554 0 0 0 0 0 0
mphpred
 308370 1.23781e+06 601644 191801 75167.4 9719.46 544340 129689 43759.9 217639 49447.7 129042 329019 163595 82714.9 77689.5 750792 428257 2.82112e+06 1.35626e+06 605810 1.22675e+06 1.34903e+06 779125 1.70477e+06 984494 430733 800422 1.54648e+06 792388
desembarqueobs
 494567 514787 250237 358949 120608 361735 552515 73892 212993 205616 52469 317467 293654 387597 252695 516296 358380 742168 942051 627588 828172 859565 418607 520667 417249 300574 407403 355545 319650 289779
desembarquepred
 494282 518702 247790 358221 120437 361460 551591 73848.1 212797 205348 52446.4 317146 293254 386798 252320 515843 358177 741747 940749 626308 827466 858619 418286 520384 416879 300247 407104 355330 319433 289528
Reclutas
 540436 1329.72 3684.52 85190.3 1534.42 311416 1648.3 459.732 78142.7 2066.86 55858.7 201617 51776.8 69160.9 47744.1 448855 3235.93 1.25973e+06 113237 21008.1 485986 607757 3560.19 423756 132845 11797.2 271505 342419 5335.47 2047.32
log_desv_Rt
 2.6931 -3.3143 -2.29513 0.845613 -3.17112 2.14186 -3.09953 -4.37639 0.759262 -2.87325 0.423551 1.70709 0.347668 0.637162 0.266581 2.50742 -2.42496 3.53937 1.13021 -0.554368 2.5869 2.8105 -2.32946 2.44988 1.28991 -1.13141 2.00471 2.23676 -1.9249 -2.88274
SSB
 308370 1.23781e+06 601644 191801 75167.4 9719.46 544340 129689 43759.9 217639 49447.7 129042 329019 163595 82714.9 77689.5 750792 428257 2.82112e+06 1.35626e+06 605810 1.22675e+06 1.34903e+06 779125 1.70477e+06 984494 430733 800422 1.54648e+06 792388
BT
 1.67392e+06 1.55641e+06 765300 537817 125897 1.38229e+06 779507 173027 618070 312475 255971 789563 630353 667937 435776 1.44424e+06 957336 5.68097e+06 3.90166e+06 1.79828e+06 3.13281e+06 3.04509e+06 1.67923e+06 3.99126e+06 2.44523e+06 1.28719e+06 2.40041e+06 3.08639e+06 1.88714e+06 1.01244e+06
Ftot
 0.253807 0.415985 0.455431 1.22295 2.03 0.347299 1.20984 0.645551 0.478949 1.07168 0.257252 0.519283 0.649975 1.18941 1.10776 0.430876 0.43169 0.16603 0.316694 0.562812 0.346747 0.363062 0.300502 0.17465 0.223096 0.322032 0.260924 0.158261 0.190999 0.469432
BD_Bspro_t
 0.960204 0.736523 0.483559 0.274157 0.136483 0.0302164 0.507566 0.1774 0.100858 0.371064 0.164763 0.457876 0.493884 0.289391 0.16838 0.167776 0.526589 0.38887 0.742225 0.550619 0.341955 0.506207 0.545999 0.448336 0.660034 0.591546 0.47171 0.642544 0.751692 0.607534
BD_Bspro
 1.18453 4.75473 2.31107 0.736758 0.288737 0.0373349 2.09095 0.498169 0.168093 0.836007 0.189941 0.495683 1.26385 0.628408 0.317729 0.298425 2.88398 1.64504 10.8366 5.20974 2.32707 4.71224 5.18195 2.99282 6.54844 3.78169 1.65455 3.07462 5.94042 3.04376
BD_Bo
 0.180964 0.726395 0.353069 0.112557 0.0441112 0.00570377 0.319441 0.0761068 0.0256801 0.127719 0.0290179 0.0757271 0.193082 0.0960039 0.0485404 0.0455913 0.440595 0.251319 1.65554 0.795909 0.355514 0.719904 0.791662 0.457222 1.00043 0.577741 0.252771 0.46972 0.907538 0.465005
BD_Brms
 1.34521 5.39971 2.62456 0.836698 0.327904 0.0423993 2.37458 0.565745 0.190894 0.94941 0.215706 0.562922 1.43529 0.713651 0.360828 0.338906 3.27519 1.86819 12.3066 5.91644 2.64273 5.35145 5.88487 3.39879 7.43673 4.29467 1.87899 3.49169 6.74624 3.45665
Sel_flota
 0.933946 1 1 1 1
 0.933946 1 1 1 1
 0.933946 1 1 1 1
 0.933946 1 1 1 1
 0.933946 1 1 1 1
 0.933946 1 1 1 1
 0.933946 1 1 1 1
 0.933946 1 1 1 1
 0.933946 1 1 1 1
 0.933946 1 1 1 1
 0.933946 1 1 1 1
 0.933946 1 1 1 1
 0.933946 1 1 1 1
 0.933946 1 1 1 1
 0.933946 1 1 1 1
 0.933946 1 1 1 1
 0.933946 1 1 1 1
 0.933946 1 1 1 1
 0.933946 1 1 1 1
 0.933946 1 1 1 1
 0.933946 1 1 1 1
 0.933946 1 1 1 1
 0.933946 1 1 1 1
 0.933946 1 1 1 1
 0.933946 1 1 1 1
 0.933946 1 1 1 1
 0.933946 1 1 1 1
 0.933946 1 1 1 1
 0.933946 1 1 1 1
 0.933946 1 1 1 1
Sel_reclas
 1 1 1 1 1
 1 1 1 1 1
 1 1 1 1 1
 1 1 1 1 1
 1 1 1 1 1
 1 1 1 1 1
 1 1 1 1 1
 1 1 1 1 1
 1 1 1 1 1
 1 1 1 1 1
 1 1 1 1 1
 1 1 1 1 1
 1 1 1 1 1
 1 1 1 1 1
 1 1 1 1 1
 1 1 1 1 1
 1 1 1 1 1
 1 1 1 1 1
 1 1 1 1 1
 1 1 1 1 1
 1 1 1 1 1
 1 1 1 1 1
 1 1 1 1 1
 1 1 1 1 1
 1 1 1 1 1
 1 1 1 1 1
 1 1 1 1 1
 1 1 1 1 1
 1 1 1 1 1
 1 1 1 1 1
Sel_pelaces
 1 1 1 1 1
 1 1 1 1 1
 1 1 1 1 1
 1 1 1 1 1
 1 1 1 1 1
 1 1 1 1 1
 1 1 1 1 1
 1 1 1 1 1
 1 1 1 1 1
 1 1 1 1 1
 1 1 1 1 1
 1 1 1 1 1
 1 1 1 1 1
 1 1 1 1 1
 1 1 1 1 1
 1 1 1 1 1
 1 1 1 1 1
 1 1 1 1 1
 1 1 1 1 1
 1 1 1 1 1
 1 1 1 1 1
 1 1 1 1 1
 1 1 1 1 1
 1 1 1 1 1
 1 1 1 1 1
 1 1 1 1 1
 1 1 1 1 1
 1 1 1 1 1
 1 1 1 1 1
 1 1 1 1 1
pf_obs 
 0.8446 0.082 0.0669 0.0065 0
 0.8095 0.147 0.0364 0.0071 0
 0.9664 0.0169 0.016 0.0007 0
 0.9276 0.0648 0.0075 0.0001 0
 0.7033 0.2144 0.0806 0.0017 0
 0.9318 0.0425 0.0243 0.0014 0
 0.5671 0.3108 0.0964 0.0239 0.0018
 0.0768 0.2599 0.5324 0.112 0.0189
 0.490249 0.384438 0.106611 0.0170017 0.00170017
 0.7925 0.1577 0.0466 0.003 0.0002
 0.840416 0.127587 0.0312969 0.00059994 9.999e-05
 0.8084 0.0986 0.0794 0.0134 0.0002
 0.7335 0.1905 0.0724 0.0035 0.0001
 0.4001 0.4547 0.1325 0.0127 0
 0.49795 0.308269 0.164784 0.0264974 0.00249975
 0.9179 0.0499 0.0305 0.0017 0
 0.2467 0.6533 0.0926 0.0074 0
 0.9418 0.0223 0.034 0.0019 0
 0.707729 0.231977 0.0356964 0.0245975 0
 0.517169 0.277429 0.184464 0.0207286 0.00020938
 0.811772 0.124168 0.05621 0.00726502 0.000585176
 0.764997 0.148141 0.077277 0.00933861 0.000247198
 0.163321 0.427699 0.378323 0.0303852 0.000271297
 0.753843 0.0900009 0.118128 0.0371064 0.000921714
 0.721811 0.176058 0.0630433 0.0369309 0.00215725
 0.143369 0.312575 0.442814 0.0836902 0.0175525
 0.692698 0.0596174 0.167031 0.0765114 0.00414204
 0.394062 0.376323 0.152708 0.0712218 0.00568511
 0.125707 0.32114 0.495352 0.0537591 0.00404204
 0.23352 0.215282 0.420074 0.123614 0.00750983
pf_pred 
 0.945167 0.0404602 0.0128475 0.00152508 1.33893e-07
 0.00753734 0.941938 0.037281 0.011838 0.00140536
 0.0792573 0.00755198 0.866702 0.0343032 0.0121855
 0.887869 0.00962456 0.000840766 0.0964904 0.00517561
 0.118065 0.793288 0.00760884 0.00066468 0.0803736
 0.997885 0.000288256 0.00164307 1.57596e-05 0.000167848
 0.0186921 0.979396 0.000260567 0.00148524 0.000165971
 0.0447951 0.0201173 0.933266 0.000248294 0.00157344
 0.975093 0.00122167 0.00049883 0.0231413 4.51718e-05
 0.0951324 0.884183 0.00101457 0.000414269 0.0192559
 0.951988 0.00506538 0.041965 4.81536e-05 0.000933586
 0.918557 0.0778146 0.000382758 0.00317103 7.41839e-05
 0.49879 0.463628 0.0359087 0.00017663 0.00149755
 0.769499 0.120465 0.101785 0.00788344 0.000367552
 0.811724 0.148778 0.0206425 0.0174417 0.00141387
 0.982544 0.0144699 0.00235992 0.000327433 0.000299088
 0.026507 0.957875 0.0129464 0.00211146 0.00056056
 0.977174 0.000657734 0.0218128 0.000294818 6.08477e-05
 0.208229 0.774974 0.000484012 0.0160516 0.000261726
 0.124697 0.19423 0.666624 0.000416341 0.0140325
 0.931204 0.00928992 0.0132045 0.0453196 0.000982288
 0.805752 0.181872 0.00167112 0.00237529 0.00832902
 0.0169271 0.804553 0.167146 0.00153581 0.00983758
 0.88042 0.00219037 0.0960722 0.019959 0.0013581
 0.455632 0.483461 0.00111565 0.0489338 0.0108577
 0.117354 0.419104 0.411678 0.000950001 0.0509139
 0.909224 0.0114408 0.0376704 0.0370029 0.00466169
 0.789744 0.192493 0.00223881 0.0073716 0.00815322
 0.0356425 0.773274 0.174939 0.00203465 0.0141091
 0.0432277 0.0366864 0.737775 0.166908 0.0154026
pobs_RECLAS
 0 0 0 0 0
 0 0 0 0 0
 0 0 0 0 0
 0 0 0 0 0
 0 0 0 0 0
 0 0 0 0 0
 0 0 0 0 0
 0 0 0 0 0
 0 0 0 0 0
 0 0 0 0 0
 0.991045 0.00858322 0.000360255 1.14367e-05 0
 0.934742 0.0480273 0.0164251 0.00080598 0
 0.827803 0.169806 0.00239088 0 0
 0.941827 0.0461693 0.0120037 0 0
 0.791401 0.0380133 0.147996 0.0225897 0
 0.846168 0.0940531 0.0597789 0 0
 0.134021 0.677848 0.182769 0.00536245 0
 0.80878 0.0450904 0.141981 0.00414843 0
 0.846168 0.0940531 0.0597789 0 0
 0.905697 0.0802665 0.012482 0.00150086 5.37128e-05
 0.989698 0.0102097 9.19794e-05 0 0
 0.975433 0.0193895 0.00387452 0.00125025 5.28907e-05
 0.303575 0.632131 0.0575291 0.00676475 0
 0.966965 0.00978017 0.0227588 0.000495775 0
 0.843318 0.132988 0.00938335 0.0141283 0.000182051
 0.564624 0.303363 0.111486 0.0197234 0.00080311
 0.826376 0.0876187 0.0782897 0.00655872 0.00115652
 0.89761 0.0855135 0.0140674 0.00269457 0.000114338
 0.34875 0.467042 0.161289 0.0227151 0.000203297
 0.318654 0.224769 0.449479 0.00709798 0
ppred_RECLAS
 0.948685 0.0378641 0.0120231 0.00142722 1.25301e-07
 0.00809104 0.941413 0.0372602 0.0118314 0.00140458
 0.08466 0.00750767 0.861616 0.0341019 0.012114
 0.895775 0.00894597 0.000781487 0.0896873 0.0048107
 0.128593 0.783818 0.007518 0.000656745 0.0794141
 0.998029 0.000268587 0.00153096 1.46842e-05 0.000156395
 0.0202525 0.977839 0.000260152 0.00148288 0.000165707
 0.0480643 0.0200484 0.930072 0.000247444 0.00156806
 0.976785 0.0011387 0.000464952 0.0215697 4.21041e-05
 0.102208 0.877269 0.00100664 0.000411029 0.0191054
 0.955091 0.00473803 0.0392531 4.50418e-05 0.000873255
 0.923818 0.0727888 0.000358038 0.00296623 6.93926e-05
 0.517263 0.44654 0.0345852 0.000170119 0.00144236
 0.783625 0.113082 0.0955475 0.0074003 0.000345027
 0.823668 0.13934 0.019333 0.0163352 0.00132418
 0.98373 0.0134865 0.00219954 0.00030518 0.000278761
 0.0284185 0.955994 0.012921 0.00210732 0.000559459
 0.978671 0.000614592 0.0203821 0.00027548 5.68565e-05
 0.2201 0.763355 0.000476755 0.0158109 0.000257802
 0.132879 0.192415 0.660393 0.00041245 0.0139014
 0.935604 0.00869573 0.0123599 0.0424209 0.00091946
 0.816618 0.171699 0.00157764 0.00224243 0.00786312
 0.0181396 0.803561 0.16694 0.00153391 0.00982544
 0.88754 0.00205996 0.0903525 0.0187707 0.00127725
 0.47299 0.468045 0.00108008 0.0473735 0.0105115
 0.124867 0.415537 0.408174 0.000941916 0.0504805
 0.914846 0.0107323 0.0353376 0.0347115 0.00437301
 0.801023 0.182166 0.00211871 0.00697615 0.00771583
 0.038112 0.771294 0.174491 0.00202944 0.014073
 0.046304 0.0365684 0.735403 0.166372 0.0153531
pobs_PELACES
 0 0 0 0 0
 0 0 0 0 0
 0 0 0 0 0
 0 0 0 0 0
 0 0 0 0 0
 0 0 0 0 0
 0 0 0 0 0
 0 0 0 0 0
 0 0 0 0 0
 0 0 0 0 0
 0 0 0 0 0
 0 0 0 0 0
 0 0 0 0 0
 0 0 0 0 0
 0 0 0 0 0
 0 0 0 0 0
 0.505614 0.472636 0.0217494 0 0
 0 0 0 0 0
 0.443492 0.261883 0.143347 0.151278 0
 0.227955 0.32914 0.350689 0.0885471 0.00366901
 0.970185 0.0296113 0.000203453 0 0
 0.997202 0.00247181 0.000326279 0 0
 0.445219 0.490057 0.0546422 0.010081 0
 0.90214 0.0892962 0.00764917 0.000914606 0
 0 0 0 0 0
 0.581667 0.319106 0.0959925 0.00289975 0.000334073
 0.762889 0.0836404 0.116647 0.0363945 0.000428098
 0.88444 0.0763242 0.0277011 0.0115352 0
 0.521256 0.241999 0.230069 0.00667565 0
 0.616807 0.101726 0.260614 0.0208532 0
ppred_PELACES
 0.948954 0.0376658 0.0119602 0.00141975 1.24645e-07
 0.00816414 0.941343 0.0372574 0.0118305 0.00140447
 0.0854325 0.00750133 0.860889 0.0340731 0.0121038
 0.898237 0.00873459 0.000763022 0.0875681 0.00469703
 0.133634 0.779284 0.00747452 0.000652946 0.0789547
 0.998044 0.000266565 0.00151944 1.45737e-05 0.000155218
 0.0207824 0.97731 0.000260012 0.00148208 0.000165617
 0.0487122 0.0200348 0.929439 0.000247276 0.00156699
 0.97702 0.00112715 0.000460235 0.0213508 4.16768e-05
 0.104372 0.875155 0.00100421 0.000410039 0.0190593
 0.95533 0.00471272 0.0390434 4.48011e-05 0.00086859
 0.92461 0.0720313 0.000354311 0.00293536 6.86705e-05
 0.5208 0.443268 0.0343318 0.000168873 0.00143179
 0.787989 0.110801 0.0936205 0.00725106 0.000338068
 0.827148 0.13659 0.0189515 0.0160129 0.00129805
 0.98388 0.0133624 0.00217931 0.000302373 0.000276198
 0.0286795 0.955737 0.0129176 0.00210675 0.000559309
 0.978746 0.000612419 0.02031 0.000274506 5.66555e-05
 0.221287 0.762193 0.000476029 0.0157868 0.00025741
 0.134299 0.1921 0.659311 0.000411774 0.0138786
 0.936058 0.00863444 0.0122728 0.0421219 0.000912979
 0.8178 0.170592 0.00156747 0.00222797 0.00781243
 0.0182566 0.803465 0.16692 0.00153373 0.00982427
 0.887919 0.00205301 0.0900477 0.0187074 0.00127294
 0.474202 0.466968 0.00107759 0.0472645 0.0104873
 0.125636 0.415172 0.407815 0.000941088 0.0504362
 0.915288 0.0106766 0.0351542 0.0345313 0.00435031
 0.801572 0.181664 0.00211286 0.00695689 0.00769454
 0.0382649 0.771172 0.174464 0.00202912 0.0140707
 0.0467579 0.036551 0.735053 0.166292 0.0153458
pobs_pel_tallas
 0 0 0 0 0 0 0 0 0 0 0 0 0 0 0 0 0 0 0 0 0 0 0 0 0 0
 0 0 0 0 0 0 0 0 0 0 0 0 0 0 0 0 0 0 0 0 0 0 0 0 0 0
 0 0 0 0 0 0 0 0 0 0 0 0 0 0 0 0 0 0 0 0 0 0 0 0 0 0
 0 0 0 0 0 0 0 0 0 0 0 0 0 0 0 0 0 0 0 0 0 0 0 0 0 0
 0 0 0 0 0 0 0 0 0 0 0 0 0 0 0 0 0 0 0 0 0 0 0 0 0 0
 0 0 0 0 0 0 0 0 0 0 0 0 0 0 0 0 0 0 0 0 0 0 0 0 0 0
 0 0 0 0 0 0 0 0 0 0 0 0 0 0 0 0 0 0 0 0 0 0 0 0 0 0
 0 0 0 0 0 0 0 0 0 0 0 0 0 0 0 0 0 0 0 0 0 0 0 0 0 0
 0 0 0 0 0 0 0 0 0 0 0 0 0 0 0 0 0 0 0 0 0 0 0 0 0 0
 0 0 0 0 0 0 0 0 0 0 0 0 0 0 0 0 0 0 0 0 0 0 0 0 0 0
 0 0 0 0 0 0 0 0 0 0 0 0 0 0 0 0 0 0 0 0 0 0 0 0 0 0
 0 0 0 0 0 0 0 0 0 0 0 0 0 0 0 0 0 0 0 0 0 0 0 0 0 0
 0.00862536 0 0 0.000197151 0.00414017 0.0128641 0.00837892 0.0270097 0.101434 0.158115 0.152841 0.127902 0.109271 0.109419 0.0830992 0.0579132 0.0238553 0.00714673 0.00463305 0.00128148 0.00103504 0.000492878 0.000147863 0.000147863 4.92878e-05 0
 0 0 0 0 0 0 0 0 0 0 0 0 0 0 0 0 0 0 0 0 0 0 0 0 0 0
 0 0 0 0 0 0 0 0.0054083 0.00873648 0.0413646 0.0450493 0.0745869 0.0622846 0.0627006 0.0613931 0.0827291 0.12552 0.122667 0.0946155 0.0697135 0.0546179 0.0294188 0.0215738 0.0213955 0.0102223 0.00600262
 0 0 0 0 0.00359764 0.0251062 0.0480494 0.140153 0.205849 0.193036 0.1447 0.116669 0.0760912 0.0342217 0.00950174 0.001854 0.000860785 0 0 0 0.000165536 0 0.000143464 0 0 0
 0 0 0 0 0 0 0 0.000145254 0.000435761 0.0275982 0.070085 0.0708112 0.156366 0.174668 0.174014 0.160142 0.0824315 0.0480064 0.0283245 0.00493863 0.00203355 0 0 0 0 0
 0 0 0 0 0 0 0 0 0 0 0 0 0 0 0 0 0 0 0 0 0 0 0 0 0 0
 0 0 1.00437e-05 0.000401748 0.00122533 0.00171747 0.00176769 0.0269171 0.070346 0.194647 0.189555 0.159765 0.064822 0.0314167 0.0384472 0.0292271 0.0345202 0.0313363 0.0194345 0.0106764 0.0143323 0.0359363 0.0279516 0.0138201 0.00172751 0
 0 0.0021121 0.0136068 0.0755702 0.200478 0.177729 0.0527432 0.0373336 0.0318909 0.0142505 0.0149659 0.0166563 0.0217959 0.0798694 0.0677717 0.0528807 0.04013 0.0224614 0.0357745 0.0225083 0.00881397 0.00855152 0.00135912 0.000746735 0 0
 0 0 0 0 5.4009e-05 0.00500934 0.000945158 0.0243581 0.138947 0.33067 0.221406 0.137944 0.0707744 0.0437923 0.0131692 0.00525238 0.0047753 0.00276346 9.45158e-05 9.00151e-06 2.25038e-05 9.00151e-06 4.50075e-06 0 0 0
 0.000866109 0.00284123 0.00948549 0.0512746 0.133035 0.25785 0.225252 0.132002 0.0553304 0.0519788 0.0540692 0.017754 0.00435017 0.00159236 0.00146478 0.000404838 0.000125132 0.000115318 0.000107957 0.000100596 0 0 0 0 0 0
 0 0 0 0 0.00144013 0.00171154 0.00461396 0.0210425 0.0478622 0.0707936 0.0888783 0.103762 0.0637923 0.0337046 0.0602308 0.124433 0.169614 0.0934646 0.0462172 0.0250306 0.0313229 0.00938855 0.002487 0.000210481 0 0
 0 0.00764035 0.051015 0.0998891 0.058973 0.0496711 0.0374665 0.0718981 0.12319 0.153886 0.159021 0.0857701 0.0377988 0.023471 0.0147837 0.00900784 0.00315554 0.000888139 0.00291439 0.00214683 0.00393193 0.00274676 0.000635225 9.99891e-05 0 0
 0 0 0 0 0 0 0 0 0 0 0 0 0 0 0 0 0 0 0 0 0 0 0 0 0 0
 0 0 0 0 0 0 0 0 0 0 0 0 0 0 0 0 0 0 0 0 0 0 0 0 0 0
 0 0 0 0 0 0 0 0 0 0 0 0 0 0 0 0 0 0 0 0 0 0 0 0 0 0
 0 0 0 0 0 0 0 0 0 0 0 0 0 0 0 0 0 0 0 0 0 0 0 0 0 0
 0 0 0 0 0 0 0 0 0 0 0 0 0 0 0 0 0 0 0 0 0 0 0 0 0 0
 0 0 0 0 0 0 0 0 0 0 0 0 0 0 0 0 0 0 0 0 0 0 0 0 0 0
ppred_pel_tallas
 1.00498e-16 7.81641e-05 0.000759783 0.00504902 0.0229521 0.0714126 0.152152 0.222071 0.222075 0.15217 0.0714724 0.0231249 0.00548322 0.00170924 0.00188604 0.00300644 0.00435138 0.00552978 0.00619843 0.00619589 0.0056267 0.00477572 0.0039237 0.00321263 0.00264024 0.00214256
 1.0274e-16 6.72665e-07 6.53864e-06 4.34559e-05 0.0001976 0.000615293 0.00131429 0.00193724 0.00202781 0.00175679 0.0021006 0.00448565 0.0107994 0.0234616 0.0444717 0.0733243 0.105168 0.131288 0.142798 0.135604 0.112898 0.0831176 0.0550656 0.0339463 0.0205611 0.0130098
 1.30311e-16 7.03696e-06 6.84018e-05 0.000454554 0.00206634 0.00642915 0.0136981 0.0199931 0.0199952 0.0137088 0.006469 0.00219851 0.000850656 0.0011456 0.00267422 0.00602677 0.0124369 0.0234415 0.040316 0.0631904 0.090153 0.116966 0.137933 0.14784 0.144093 0.127845
 1.09602e-16 7.39866e-05 0.000719176 0.00477918 0.0217255 0.067596 0.14402 0.210202 0.210203 0.144025 0.0676104 0.0217678 0.00488752 0.000962884 0.000559685 0.000873469 0.00141968 0.00217947 0.00323721 0.00475039 0.00690269 0.00978485 0.0132522 0.0168539 0.0199068 0.0217072
 1.13842e-16 1.10074e-05 0.000106996 0.00071103 0.00323229 0.0100572 0.0214308 0.0312946 0.0313695 0.021797 0.0112864 0.00678048 0.00961034 0.0195109 0.0367948 0.0606385 0.0869565 0.108553 0.118152 0.112519 0.0945304 0.0714303 0.0506811 0.0365387 0.029294 0.0267123
 1.00072e-16 8.22076e-05 0.000799087 0.00531021 0.0241395 0.0751068 0.160023 0.233558 0.233558 0.160023 0.0751073 0.0241408 0.00531381 0.000807299 9.88825e-05 3.61575e-05 5.05859e-05 7.69071e-05 0.000110127 0.000149323 0.000192247 0.000233982 0.000267028 0.0002835 0.000278567 0.000252913
 1.00434e-16 1.71203e-06 1.66416e-05 0.000110594 0.000502801 0.0015649 0.00333767 0.00489112 0.0049851 0.00379673 0.00310564 0.00495004 0.0112628 0.0243254 0.0460608 0.075863 0.108621 0.135201 0.1463 0.137637 0.112597 0.0801285 0.0496529 0.0268612 0.0127765 0.0054489
 1.27117e-16 4.01237e-06 3.90017e-05 0.00025918 0.0011782 0.00366582 0.00781054 0.0114004 0.0114038 0.00782763 0.00372733 0.00137401 0.000818999 0.00148651 0.00341135 0.00734308 0.0145403 0.0264932 0.044378 0.0681793 0.0957859 0.122709 0.143006 0.151355 0.145318 0.126487
 1.02162e-16 8.04759e-05 0.000782254 0.00519835 0.023631 0.0735247 0.156652 0.228638 0.228638 0.156653 0.0735266 0.0236367 0.00521337 0.000816832 0.000151841 0.000139817 0.000235065 0.000391793 0.000634894 0.00100448 0.00153847 0.00224639 0.00308155 0.00392996 0.0046304 0.00502355
 1.0352e-16 8.59714e-06 8.35673e-05 0.000555338 0.00252454 0.00785523 0.0167395 0.0244494 0.0245336 0.0171506 0.00923502 0.00650729 0.010543 0.0218551 0.0412639 0.0679612 0.0973334 0.121215 0.131307 0.123817 0.101819 0.0733575 0.0468659 0.0273824 0.0157058 0.00993103
 1.0128e-16 7.86893e-05 0.000764888 0.00508295 0.0231064 0.0718924 0.153174 0.223563 0.223563 0.153177 0.0719011 0.0231322 0.00515069 0.000922124 0.000404675 0.000615568 0.00104399 0.0016545 0.0024563 0.00343344 0.00451267 0.00554235 0.00631008 0.00661222 0.00634501 0.0055603
 1.00335e-16 7.61589e-05 0.000740292 0.0049195 0.0223633 0.0695807 0.148249 0.216376 0.216383 0.148283 0.0696943 0.0226912 0.00574184 0.00253309 0.00347405 0.00560468 0.00802434 0.0100034 0.0108575 0.0102771 0.00851547 0.00623087 0.00410828 0.00254939 0.00160706 0.00111683
 1.01364e-16 4.28977e-05 0.000416981 0.00277099 0.0125965 0.0391927 0.0835057 0.121888 0.121931 0.0837142 0.0398926 0.0146175 0.00784137 0.0114774 0.0210243 0.034625 0.0497213 0.0621991 0.0678878 0.0648507 0.0545447 0.0408591 0.0278424 0.0178744 0.0113241 0.0073595
 1.03515e-16 6.49056e-05 0.000630906 0.00419259 0.0190589 0.0592994 0.126344 0.184405 0.184416 0.126397 0.0594772 0.0195739 0.00549097 0.00348449 0.00554054 0.0092029 0.0135897 0.0177922 0.020903 0.0224591 0.0226367 0.0219806 0.020923 0.0195222 0.0175921 0.0150226
 1.02408e-16 6.81311e-05 0.000662258 0.00440094 0.020006 0.0622463 0.132623 0.19357 0.193583 0.132687 0.0624624 0.0206302 0.00596786 0.00408369 0.00656873 0.0107592 0.0155123 0.0195533 0.0216372 0.0212036 0.0187098 0.0153148 0.0121703 0.0098698 0.00837918 0.00733158
 1.00144e-16 8.10409e-05 0.000787746 0.00523485 0.0237969 0.0740409 0.157752 0.230244 0.230245 0.157758 0.074062 0.0238579 0.00538815 0.00112246 0.000716914 0.00105742 0.00151646 0.001909 0.0021071 0.0020534 0.00179016 0.00142934 0.00108464 0.000818772 0.000636089 0.000509286
 1.00923e-16 2.36249e-06 2.29643e-05 0.000152611 0.000693802 0.00215917 0.00460373 0.00673855 0.00683047 0.00505277 0.0036663 0.00504432 0.0110632 0.0238083 0.045079 0.0742691 0.106396 0.13255 0.143654 0.135525 0.111446 0.080105 0.0506298 0.028507 0.0146961 0.00730459
 1.00624e-16 8.0618e-05 0.000783636 0.00520754 0.0236727 0.0736546 0.156929 0.229042 0.229042 0.156929 0.0736562 0.0236778 0.00522179 0.000819691 0.00016353 0.000180255 0.000338785 0.000606071 0.00100182 0.00152531 0.0021315 0.00272394 0.0031738 0.00336423 0.00323999 0.00283331
 1.01836e-16 1.82273e-05 0.000177176 0.0011774 0.00535233 0.0166535 0.0354847 0.0518063 0.0518796 0.0358428 0.0178552 0.00882112 0.00987631 0.0191397 0.0359516 0.0591977 0.0847873 0.105603 0.114417 0.107921 0.0887795 0.0639704 0.0408026 0.0236318 0.0131438 0.00770952
 1.21466e-16 1.1062e-05 0.000107527 0.000714556 0.00324828 0.0101067 0.0215341 0.0314337 0.0314532 0.0216298 0.0104308 0.00419685 0.00314224 0.00556106 0.0108178 0.0190341 0.0301251 0.0434925 0.0582979 0.0737802 0.0890897 0.102694 0.112094 0.11451 0.108317 0.0941781
 1.04736e-16 7.71018e-05 0.000749457 0.00498041 0.0226402 0.0704421 0.150084 0.219053 0.219054 0.150089 0.0704564 0.0226821 0.00508727 0.000988869 0.000550523 0.000839512 0.00132905 0.00195552 0.00273002 0.00370656 0.00495747 0.00650465 0.00824272 0.00991526 0.0111757 0.0117098
 1.01635e-16 6.73611e-05 0.000654774 0.00435121 0.01978 0.0615429 0.131124 0.191383 0.191399 0.131204 0.0618119 0.0205566 0.006299 0.00490136 0.00811651 0.0132704 0.0190148 0.0237153 0.0257627 0.024432 0.0203326 0.0150336 0.010164 0.00667347 0.00467144 0.00373691
 1.06839e-16 1.50394e-06 1.46189e-05 9.71517e-05 0.000441685 0.00137466 0.00293173 0.00429519 0.0043727 0.00331052 0.00264674 0.00411677 0.00932551 0.0201712 0.0383142 0.0634193 0.0915395 0.115477 0.127845 0.12516 0.109836 0.08841 0.0675261 0.0508567 0.038739 0.0297774
 1.04691e-16 7.31367e-05 0.000710915 0.00472428 0.0214759 0.0668195 0.142366 0.207787 0.207788 0.142368 0.0668257 0.0214959 0.00478159 0.000859439 0.00042396 0.000764972 0.00151538 0.0027862 0.00472261 0.00736448 0.0105411 0.0138218 0.0165842 0.0182071 0.018306 0.0168874
 1.06666e-16 3.90595e-05 0.000379672 0.00252306 0.0114695 0.0356861 0.0760346 0.110984 0.111029 0.0762541 0.0364227 0.013596 0.00785691 0.0120106 0.0220913 0.0363656 0.0521714 0.0651879 0.0710729 0.0679037 0.0573972 0.0438466 0.0316282 0.0231667 0.0185301 0.0163531
 1.20505e-16 1.03485e-05 0.000100591 0.000668467 0.00303878 0.00945499 0.0201463 0.0294127 0.0294532 0.0203448 0.0101229 0.00497472 0.00555404 0.0108521 0.0206817 0.0348318 0.0517041 0.0682005 0.0810517 0.0885848 0.0914048 0.091355 0.0897438 0.0864491 0.0805039 0.0713549
 1.05217e-16 7.5391e-05 0.000732828 0.0048699 0.0221378 0.0688791 0.146754 0.214192 0.214193 0.14676 0.0688973 0.0221914 0.0050077 0.00104482 0.000701301 0.00112923 0.00183319 0.0027668 0.00394701 0.00541234 0.00718451 0.00919481 0.0112258 0.0129305 0.0139392 0.0139998
 1.02108e-16 6.60245e-05 0.000641781 0.00426486 0.0193875 0.0603217 0.128522 0.187586 0.187603 0.128608 0.0606082 0.0202147 0.00633962 0.00516563 0.00864209 0.0141426 0.0202749 0.0253093 0.0275407 0.0262051 0.0219568 0.0164632 0.0114448 0.00788677 0.00587397 0.00493059
 1.07817e-16 3.15199e-06 3.06385e-05 0.000203607 0.000925615 0.00288033 0.0061396 0.00897652 0.00905095 0.00650329 0.00410176 0.00445469 0.00906643 0.0193926 0.0368164 0.0609663 0.0880665 0.111239 0.123422 0.121286 0.107127 0.0871565 0.0676548 0.0520465 0.0405835 0.0319065
 1.40496e-16 3.8514e-06 3.7437e-05 0.000248782 0.00113093 0.00351877 0.00749728 0.0109435 0.0109482 0.00752085 0.0036014 0.00138488 0.000944014 0.00174682 0.00381358 0.00777327 0.014649 0.0256592 0.0418699 0.0635617 0.0894438 0.116193 0.138885 0.152471 0.153704 0.14245
pSPR Fmed_Fpbrs
0.436686   0.184525 0.184525
Fs Fmed_Fpbrs
0.438688   1.005 1.005
SSBpbr Bo_Bmed_Bpbrs
1.70404e+06  658929  229236 229236
Ro
36571.7
SPR SPRFo_SPRFmed_SPRFpbrs
260332 113683 48037.7
Fref
1.005
log_Ro
10.327
likeval ReclasPelacesDesembMPH_pf_preclas_ppelaces_ptallas_desvR_qrecl_qpela
 34.132 47.9414 0.953306 0.00210289 374.25 148.641 119.259 0 217.26 0 0 4.22687 0 0 0
q_reclas_q_pelaces
1 1
M
1
N
 540436 21751.5 6906.84 819.884 0.071981
 1329.72 156857 6208.23 1971.32 234.029
 3684.52 331.696 38067 1506.65 535.209
 85190.3 885.849 77.3845 8881.03 476.366
 1534.42 10001.3 95.9278 8.3799 1013.3
 311416 84.7744 483.219 4.6348 49.3632
 1648.3 82828.4 22.0364 125.608 14.0363
 459.732 195.894 9087.77 2.41779 15.3216
 78142.7 92.5485 37.7892 1753.09 3.42203
 2066.86 18379.3 21.0897 8.6113 400.269
 55858.7 279.47 2315.32 2.65676 51.5083
 201617 16160.4 79.4908 658.556 15.4064
 51776.8 45667.5 3537.02 17.3981 147.509
 69160.9 10380.2 8770.65 679.301 31.6713
 47744.1 8377.82 1162.4 982.159 79.6164
 448855 6241.77 1017.98 141.243 129.016
 3235.93 110419 1492.4 243.399 64.6186
 1.25973e+06 795.44 26379.7 356.542 73.587
 113237 396861 247.86 8219.95 134.029
 21008.1 30991.4 106367 66.4315 2239.03
 485986 4568.89 6494.13 22288.7 483.101
 607757 129326 1188.3 1689.03 5922.61
 3560.19 159285 33091.4 304.058 1947.63
 423756 989.219 43388.4 9013.94 613.35
 132845 132429 305.597 13403.8 2974.13
 11797.2 39679.1 38976.1 89.9424 4820.33
 271505 3212.67 10578.2 10390.7 1309.04
 342419 78280.1 910.446 2997.77 3315.63
 5335.47 108660 24582.4 285.909 1982.61
 2047.32 1642.13 33023.8 7471.03 689.442
pred_Ctot
 73501.4 3146.41 999.092 118.598 0.0104122
 279.25 34897.8 1381.22 438.583 52.0671
 835.171 79.5787 9132.84 361.469 128.405
 40089.5 434.573 37.9627 4356.79 233.692
 949.062 6376.81 61.1633 5.343 646.08
 55985.2 16.1722 92.1827 0.884172 9.41692
 770.504 40371.5 10.7408 61.2229 6.84144
 138.11 62.0248 2877.4 0.765528 4.85117
 18470.7 23.1415 9.4491 438.355 0.855669
 894.091 8309.89 9.53535 3.89346 180.975
 7690.23 40.9185 338.997 0.388989 7.54158
 50931.6 4314.62 21.223 175.826 4.11331
 15637.1 14534.8 1125.74 5.53735 46.9484
 31987.5 5007.63 4231.15 327.709 15.2789
 21104 3868.06 536.683 453.465 36.7591
 97112.2 1430.17 233.249 32.3627 29.5611
 701.227 25340 342.49 55.8575 14.8293
 115836 77.9692 2585.74 34.9484 7.21302
 18773.5 69870.3 43.6376 1447.18 23.5968
 5663.89 8822.16 30278.8 18.9107 637.373
 87247.3 870.401 1237.17 4246.13 92.0335
 113562 25632.8 235.525 334.771 1173.88
 563.424 26779.8 5563.5 51.1197 327.446
 40855.3 101.642 4458.17 926.184 63.0218
 16064.8 17046 39.336 1725.32 382.826
 1984.91 7088.67 6963.07 16.0682 861.15
 37860.6 476.401 1568.62 1540.82 194.115
 30101.9 7337.06 85.3345 280.976 310.768
 559.096 12129.8 2744.14 31.916 221.319
 475.935 403.915 8122.87 1837.65 169.582
F
 0.237042 0.253807 0.253807 0.253807 0.253807
 0.388507 0.415985 0.415985 0.415985 0.415985
 0.425349 0.455431 0.455431 0.455431 0.455431
 1.14217 1.22295 1.22295 1.22295 1.22295
 1.89591 2.03 2.03 2.03 2.03
 0.324359 0.347299 0.347299 0.347299 0.347299
 1.12993 1.20984 1.20984 1.20984 1.20984
 0.60291 0.645551 0.645551 0.645551 0.645551
 0.447312 0.478949 0.478949 0.478949 0.478949
 1.00089 1.07168 1.07168 1.07168 1.07168
 0.240259 0.257252 0.257252 0.257252 0.257252
 0.484982 0.519283 0.519283 0.519283 0.519283
 0.607042 0.649975 0.649975 0.649975 0.649975
 1.11085 1.18941 1.18941 1.18941 1.18941
 1.03459 1.10776 1.10776 1.10776 1.10776
 0.402415 0.430876 0.430876 0.430876 0.430876
 0.403175 0.43169 0.43169 0.43169 0.43169
 0.155063 0.16603 0.16603 0.16603 0.16603
 0.295775 0.316694 0.316694 0.316694 0.316694
 0.525636 0.562812 0.562812 0.562812 0.562812
 0.323843 0.346747 0.346747 0.346747 0.346747
 0.339081 0.363062 0.363062 0.363062 0.363062
 0.280653 0.300502 0.300502 0.300502 0.300502
 0.163113 0.17465 0.17465 0.17465 0.17465
 0.20836 0.223096 0.223096 0.223096 0.223096
 0.300761 0.322032 0.322032 0.322032 0.322032
 0.243689 0.260924 0.260924 0.260924 0.260924
 0.147807 0.158261 0.158261 0.158261 0.158261
 0.178383 0.190999 0.190999 0.190999 0.190999
 0.438424 0.469432 0.469432 0.469432 0.469432
nmprior
 8 8 7 0
nm_flota  nm_reclas  nm_pelaces    nm_pelaL
inf 4.33083 2.7378 3.34875
cv_recla  cv_pelaces  cv_mph
0.540888 0.814742 1.41519
 ------------------------------------------------
Talla a la edad & desviación 
 8 13.2811 15.8009 17.003 17.5766
 0.8 1.32811 1.58009 1.7003 1.75766
