years
 1991 1992 1993 1994 1995 1996 1997 1998 1999 2000 2001 2002 2003 2004 2005 2006 2007 2008 2009 2010 2011 2012 2013 2014 2015 2016 2017 2018 2019 2020
reclasobs
 0 0 0 0 0 0 0 0 0 252601 567819 844713 477998 351125 339783 2.1784e+06 2.13404e+06 4.81314e+06 1.55562e+06 2.62356e+06 3.21686e+06 3.843e+06 1.13348e+06 3.07943e+06 1.97215e+06 2.03268e+06 2.025e+06 2.42433e+06 2.27542e+06 1.05018e+06
reclaspred
 3.58482e+06 2.0116e+06 1.02024e+06 1.06224e+06 1.08209e+06 1.68669e+06 1.06206e+06 936048 669451 474382 532837 678156 664161 511834 517960 1.41965e+06 1.37387e+06 3.08646e+06 2.56639e+06 1.98675e+06 3.49529e+06 2.78718e+06 2.21022e+06 3.36272e+06 2.51757e+06 2.244e+06 2.69472e+06 2.84659e+06 2.32147e+06 1.47197e+06
pelacesobs
 0 0 0 0 0 0 0 0 0 0 0 0 0 0 0 552880 188675 0 991730 2.46772e+06 1.41603e+06 1.21717e+06 2.29649e+06 1.80582e+06 0 1.4828e+06 1.56532e+06 1.57751e+06 1.42118e+06 867257
pelacespred
 1.64363e+06 1.02527e+06 519656 443798 470724 759478 446007 483856 334175 223409 260272 273704 294329 237048 247570 567753 551387 1.42872e+06 1.22564e+06 875770 1.50268e+06 1.30333e+06 1.03145e+06 1.71476e+06 1.23663e+06 1.0998e+06 1.5059e+06 1.57153e+06 1.05359e+06 756836
mphobs
 0 0 0 0 0 0 0 0 0 0 0 498337 0 5186 125008 0 168611 109162 213762 579715 649985 157893 87575 83554 0 0 0 0 0 0
mphpred
 3.1102e+06 2.08576e+06 1.04102e+06 570675 656278 757846 979097 608689 536131 359867 230609 359423 378553 317610 210641 269886 936891 893212 1.75244e+06 1.33854e+06 1.49906e+06 1.83132e+06 1.70208e+06 1.40529e+06 1.93186e+06 1.59015e+06 1.32173e+06 1.42953e+06 1.98026e+06 1.33685e+06
desembarqueobs
 494567 514787 250237 358949 120608 361735 552515 73892 212993 205616 52469 317467 293654 387597 252695 516296 358380 742168 942051 627588 828172 859565 418607 520667 417249 300574 407403 355545 319650 289779
desembarquepred
 494575 513444 250941 358978 120613 361753 552584 73896.7 213050 205670 52471.8 317541 293710 387639 252692 516262 358409 742084 941867 627465 828237 859577 418614 520690 417249 300574 407402 355530 319642 289788
Reclutas
 199052 112207 110997 198623 158138 258370 107794 49124.2 44517 58202.8 105899 142859 120168 84088.7 82970.8 463019 98767.5 696956 418897 341886 470789 619562 134446 381426 324154 149281 332892 365528 106536 83347.9
log_desv_Rt
 0.14369 -0.429533 -0.440374 0.141534 -0.0864047 0.404518 -0.469653 -1.25552 -1.354 -1.08594 -0.487386 -0.188014 -0.360982 -0.718002 -0.731386 0.987893 -0.557106 1.39685 0.88775 0.684604 1.00453 1.27914 -0.248713 0.794043 0.631343 -0.144042 0.657942 0.751469 -0.481391 -0.726851
SSB
 3.1102e+06 2.08576e+06 1.04102e+06 570675 656278 757846 979097 608689 536131 359867 230609 359423 378553 317610 210641 269886 936891 893212 1.75244e+06 1.33854e+06 1.49906e+06 1.83132e+06 1.70208e+06 1.40529e+06 1.93186e+06 1.59015e+06 1.32173e+06 1.42953e+06 1.98026e+06 1.33685e+06
BT
 4.20749e+06 2.87133e+06 1.44693e+06 1.32367e+06 1.17968e+06 2.05873e+06 1.52465e+06 1.18039e+06 982645 714327 645923 898032 945960 950195 824311 1.72673e+06 1.55086e+06 3.95035e+06 3.73209e+06 2.57697e+06 4.13658e+06 3.80965e+06 2.74397e+06 4.43958e+06 3.23645e+06 2.80251e+06 3.8884e+06 3.98016e+06 2.69384e+06 2.0267e+06
Ftot
 0.135366 0.246025 0.239327 0.347107 0.114054 0.224744 0.498553 0.0802807 0.319204 0.430409 0.106547 0.476035 0.448741 0.752921 0.514665 0.400442 0.2587 0.26062 0.370709 0.322146 0.245755 0.316617 0.187675 0.165252 0.167996 0.135067 0.160656 0.133855 0.134034 0.194141
BD_Bspro_t
 0.978574 0.844338 0.683879 0.595596 0.59744 0.674236 0.662656 0.502714 0.558203 0.50946 0.469483 0.664376 0.542338 0.45006 0.339878 0.399259 0.58799 0.56272 0.658151 0.565072 0.546273 0.592088 0.603149 0.596759 0.698535 0.706469 0.715705 0.754732 0.798331 0.730919
BD_Bspro
 2.53422 1.69949 0.84823 0.464991 0.534741 0.6175 0.797777 0.495965 0.436844 0.293223 0.187903 0.292861 0.308448 0.258792 0.171632 0.219906 0.763387 0.727797 1.4279 1.09065 1.22145 1.49218 1.38687 1.14504 1.57409 1.29567 1.07696 1.16479 1.61354 1.08927
BD_Bo
 1.63517 1.09658 0.547309 0.300029 0.345034 0.398433 0.514755 0.320015 0.281868 0.189198 0.121242 0.188965 0.199022 0.166982 0.110743 0.141891 0.492565 0.469601 0.921333 0.703728 0.788124 0.962806 0.894859 0.738823 1.01566 0.836011 0.694892 0.751567 1.04111 0.702839
BD_Brms
 10.3362 6.93164 3.45963 1.89654 2.18102 2.51857 3.25385 2.02287 1.78174 1.19595 0.766389 1.19448 1.25805 1.05552 0.700029 0.896919 3.11359 2.96843 5.82391 4.44839 4.98187 6.08607 5.65656 4.67023 6.42018 5.28457 4.39253 4.75079 6.58105 4.44277
Sel_flota
 0.81384 1 1 1 1
 0.81384 1 1 1 1
 0.81384 1 1 1 1
 0.81384 1 1 1 1
 0.81384 1 1 1 1
 0.81384 1 1 1 1
 0.81384 1 1 1 1
 0.81384 1 1 1 1
 0.81384 1 1 1 1
 0.81384 1 1 1 1
 0.81384 1 1 1 1
 0.81384 1 1 1 1
 0.81384 1 1 1 1
 0.81384 1 1 1 1
 0.81384 1 1 1 1
 0.81384 1 1 1 1
 0.81384 1 1 1 1
 0.81384 1 1 1 1
 0.81384 1 1 1 1
 0.81384 1 1 1 1
 0.81384 1 1 1 1
 0.81384 1 1 1 1
 0.81384 1 1 1 1
 0.81384 1 1 1 1
 0.81384 1 1 1 1
 0.81384 1 1 1 1
 0.81384 1 1 1 1
 0.81384 1 1 1 1
 0.81384 1 1 1 1
 0.81384 1 1 1 1
Sel_reclas
 1 1 1 1 1
 1 1 1 1 1
 1 1 1 1 1
 1 1 1 1 1
 1 1 1 1 1
 1 1 1 1 1
 1 1 1 1 1
 1 1 1 1 1
 1 1 1 1 1
 1 1 1 1 1
 1 1 1 1 1
 1 1 1 1 1
 1 1 1 1 1
 1 1 1 1 1
 1 1 1 1 1
 1 1 1 1 1
 1 1 1 1 1
 1 1 1 1 1
 1 1 1 1 1
 1 1 1 1 1
 1 1 1 1 1
 1 1 1 1 1
 1 1 1 1 1
 1 1 1 1 1
 1 1 1 1 1
 1 1 1 1 1
 1 1 1 1 1
 1 1 1 1 1
 1 1 1 1 1
 1 1 1 1 1
Sel_pelaces
 1 1 1 1 1
 1 1 1 1 1
 1 1 1 1 1
 1 1 1 1 1
 1 1 1 1 1
 1 1 1 1 1
 1 1 1 1 1
 1 1 1 1 1
 1 1 1 1 1
 1 1 1 1 1
 1 1 1 1 1
 1 1 1 1 1
 1 1 1 1 1
 1 1 1 1 1
 1 1 1 1 1
 1 1 1 1 1
 1 1 1 1 1
 1 1 1 1 1
 1 1 1 1 1
 1 1 1 1 1
 1 1 1 1 1
 1 1 1 1 1
 1 1 1 1 1
 1 1 1 1 1
 1 1 1 1 1
 1 1 1 1 1
 1 1 1 1 1
 1 1 1 1 1
 1 1 1 1 1
 1 1 1 1 1
pf_obs 
 0.8446 0.082 0.0669 0.0065 0
 0.8095 0.147 0.0364 0.0071 0
 0.9664 0.0169 0.016 0.0007 0
 0.9276 0.0648 0.0075 0.0001 0
 0.7033 0.2144 0.0806 0.0017 0
 0.9318 0.0425 0.0243 0.0014 0
 0.5671 0.3108 0.0964 0.0239 0.0018
 0.0768 0.2599 0.5324 0.112 0.0189
 0.490249 0.384438 0.106611 0.0170017 0.00170017
 0.7925 0.1577 0.0466 0.003 0.0002
 0.840416 0.127587 0.0312969 0.00059994 9.999e-05
 0.8084 0.0986 0.0794 0.0134 0.0002
 0.7335 0.1905 0.0724 0.0035 0.0001
 0.4001 0.4547 0.1325 0.0127 0
 0.49795 0.308269 0.164784 0.0264974 0.00249975
 0.9179 0.0499 0.0305 0.0017 0
 0.2467 0.6533 0.0926 0.0074 0
 0.9418 0.0223 0.034 0.0019 0
 0.707729 0.231977 0.0356964 0.0245975 0
 0.517169 0.277429 0.184464 0.0207286 0.00020938
 0.811772 0.124168 0.05621 0.00726502 0.000585176
 0.764997 0.148141 0.077277 0.00933861 0.000247198
 0.163321 0.427699 0.378323 0.0303852 0.000271297
 0.753843 0.0900009 0.118128 0.0371064 0.000921714
 0.721811 0.176058 0.0630433 0.0369309 0.00215725
 0.143369 0.312575 0.442814 0.0836902 0.0175525
 0.692698 0.0596174 0.167031 0.0765114 0.00414204
 0.394062 0.376323 0.152708 0.0712218 0.00568511
 0.125707 0.32114 0.495352 0.0537591 0.00404204
 0.23352 0.215282 0.420074 0.123614 0.00750983
pf_pred 
 0.456901 0.120098 0.399637 0.0233638 7.78585e-07
 0.420651 0.296636 0.0625176 0.208033 0.0121626
 0.565581 0.207804 0.11603 0.024454 0.0861302
 0.754123 0.152847 0.0445006 0.0248475 0.0236813
 0.652491 0.276867 0.0439141 0.0127853 0.0139427
 0.738516 0.183107 0.062445 0.00990447 0.00602828
 0.472684 0.411633 0.0810082 0.0276262 0.0070488
 0.450383 0.29591 0.198048 0.0389753 0.0166831
 0.524732 0.239494 0.126939 0.0849586 0.0238763
 0.693338 0.179218 0.0642205 0.034039 0.0291842
 0.810964 0.140785 0.0281985 0.0101046 0.00994766
 0.739298 0.219538 0.0306567 0.00614037 0.00436648
 0.690048 0.24372 0.0557745 0.00778846 0.00266931
 0.635385 0.270628 0.0739033 0.0169125 0.00317111
 0.745392 0.178383 0.0565762 0.0154499 0.00419859
 0.938687 0.0485835 0.00891826 0.00282852 0.000982325
 0.388079 0.582342 0.0234384 0.00430249 0.00183849
 0.897378 0.0456769 0.0541921 0.00218116 0.000571474
 0.607666 0.359808 0.014477 0.0171758 0.000872429
 0.624392 0.249764 0.115411 0.0046436 0.00578911
 0.732575 0.181658 0.0570315 0.0263531 0.00238222
 0.738469 0.202886 0.0398367 0.0125067 0.00630152
 0.330166 0.524071 0.113078 0.0222028 0.0104827
 0.738836 0.0997908 0.126256 0.0272421 0.00787444
 0.629415 0.288962 0.0311881 0.0394596 0.0109752
 0.445248 0.377292 0.138373 0.0149349 0.0241514
 0.736026 0.132051 0.0897215 0.0329058 0.00929487
 0.684892 0.244888 0.0351275 0.0238672 0.0112259
 0.346656 0.477257 0.136847 0.0196298 0.0196105
 0.43817 0.223714 0.246988 0.0708203 0.0203075
pobs_RECLAS
 0 0 0 0 0
 0 0 0 0 0
 0 0 0 0 0
 0 0 0 0 0
 0 0 0 0 0
 0 0 0 0 0
 0 0 0 0 0
 0 0 0 0 0
 0 0 0 0 0
 0 0 0 0 0
 0.991045 0.00858322 0.000360255 1.14367e-05 0
 0.934742 0.0480273 0.0164251 0.00080598 0
 0.827803 0.169806 0.00239088 0 0
 0.941827 0.0461693 0.0120037 0 0
 0.791401 0.0380133 0.147996 0.0225897 0
 0.846168 0.0940531 0.0597789 0 0
 0.134021 0.677848 0.182769 0.00536245 0
 0.80878 0.0450904 0.141981 0.00414843 0
 0.846168 0.0940531 0.0597789 0 0
 0.905697 0.0802665 0.012482 0.00150086 5.37128e-05
 0.989698 0.0102097 9.19794e-05 0 0
 0.975433 0.0193895 0.00387452 0.00125025 5.28907e-05
 0.303575 0.632131 0.0575291 0.00676475 0
 0.966965 0.00978017 0.0227588 0.000495775 0
 0.843318 0.132988 0.00938335 0.0141283 0.000182051
 0.564624 0.303363 0.111486 0.0197234 0.00080311
 0.826376 0.0876187 0.0782897 0.00655872 0.00115652
 0.89761 0.0855135 0.0140674 0.00269457 0.000114338
 0.34875 0.467042 0.161289 0.0227151 0.000203297
 0.318654 0.224769 0.449479 0.00709798 0
ppred_RECLAS
 0.508868 0.108606 0.361397 0.0211282 7.04085e-07
 0.472639 0.270018 0.0569076 0.189365 0.0110712
 0.616389 0.1835 0.10246 0.021594 0.0760569
 0.791436 0.129652 0.0377475 0.0210769 0.0200876
 0.698026 0.240589 0.03816 0.0111101 0.0121157
 0.777015 0.156147 0.0532508 0.00844617 0.0051407
 0.526842 0.369356 0.0726881 0.0247889 0.00632485
 0.502045 0.268096 0.179433 0.0353118 0.015115
 0.577182 0.213063 0.112931 0.0755827 0.0212414
 0.737064 0.153664 0.0550637 0.0291855 0.025023
 0.840782 0.118578 0.0237506 0.00851074 0.00837857
 0.778775 0.186295 0.0260145 0.00521056 0.00370528
 0.734157 0.209036 0.0478372 0.00668007 0.00228943
 0.685716 0.233271 0.0637018 0.014578 0.00273338
 0.784399 0.151054 0.0479085 0.0130829 0.00355536
 0.949918 0.0396848 0.00728477 0.00231044 0.000802399
 0.439161 0.533729 0.0214819 0.00394333 0.00168502
 0.915235 0.037729 0.0447625 0.00180163 0.000472036
 0.657229 0.314355 0.0126481 0.0150061 0.000762217
 0.672719 0.217629 0.100562 0.00404614 0.00504427
 0.771759 0.155041 0.0486751 0.0224918 0.00203317
 0.777329 0.17274 0.0339174 0.0106484 0.00536519
 0.377985 0.486658 0.105005 0.0206178 0.00973436
 0.777093 0.085173 0.107762 0.0232516 0.00672095
 0.676698 0.252093 0.0272088 0.0344249 0.00957484
 0.497102 0.342026 0.125439 0.0135389 0.0218939
 0.774553 0.112779 0.0766267 0.0281032 0.00793828
 0.728024 0.211368 0.0303193 0.0206003 0.00968936
 0.395202 0.441795 0.126678 0.0181712 0.0181534
 0.490217 0.20299 0.224108 0.0642597 0.0184262
pobs_PELACES
 0 0 0 0 0
 0 0 0 0 0
 0 0 0 0 0
 0 0 0 0 0
 0 0 0 0 0
 0 0 0 0 0
 0 0 0 0 0
 0 0 0 0 0
 0 0 0 0 0
 0 0 0 0 0
 0 0 0 0 0
 0 0 0 0 0
 0 0 0 0 0
 0 0 0 0 0
 0 0 0 0 0
 0 0 0 0 0
 0.505614 0.472636 0.0217494 0 0
 0 0 0 0 0
 0.443492 0.261883 0.143347 0.151278 0
 0.227955 0.32914 0.350689 0.0885471 0.00366901
 0.970185 0.0296113 0.000203453 0 0
 0.997202 0.00247181 0.000326279 0 0
 0.445219 0.490057 0.0546422 0.010081 0
 0.90214 0.0892962 0.00764917 0.000914606 0
 0 0 0 0 0
 0.581667 0.319106 0.0959925 0.00289975 0.000334073
 0.762889 0.0836404 0.116647 0.0363945 0.000428098
 0.88444 0.0763242 0.0277011 0.0115352 0
 0.521256 0.241999 0.230069 0.00667565 0
 0.616807 0.101726 0.260614 0.0208532 0
ppred_PELACES
 0.510946 0.108147 0.359868 0.0210388 7.01106e-07
 0.476407 0.268088 0.056501 0.188012 0.010992
 0.619859 0.18184 0.101533 0.0213986 0.0753688
 0.794933 0.127478 0.0371145 0.0207234 0.0197507
 0.6995 0.239414 0.0379737 0.0110558 0.0120566
 0.779399 0.154478 0.0526817 0.00835591 0.00508576
 0.53447 0.363402 0.0715163 0.0243892 0.00622288
 0.503278 0.267432 0.178988 0.0352244 0.0150776
 0.58196 0.210656 0.111654 0.0747286 0.0210013
 0.742156 0.150688 0.0539973 0.0286203 0.0245384
 0.841656 0.117927 0.0236202 0.008464 0.00833256
 0.783772 0.182086 0.0254269 0.00509286 0.00362159
 0.739503 0.204833 0.0468753 0.00654575 0.0022434
 0.695598 0.225936 0.0616989 0.0141196 0.00264743
 0.789698 0.147342 0.046731 0.0127614 0.00346797
 0.951075 0.0387676 0.00711641 0.00225705 0.000783855
 0.443079 0.530001 0.0213318 0.00391578 0.00167325
 0.916469 0.0371798 0.044111 0.0017754 0.000465164
 0.662341 0.309667 0.0124595 0.0147823 0.000750849
 0.677061 0.214741 0.0992278 0.00399246 0.00497734
 0.774407 0.153242 0.0481103 0.0222308 0.00200958
 0.780678 0.170142 0.0334074 0.0104882 0.00528451
 0.380699 0.484534 0.104547 0.0205278 0.00969188
 0.778846 0.0845029 0.106914 0.0230687 0.00666808
 0.678952 0.250336 0.0270192 0.0341849 0.0095081
 0.499176 0.340615 0.124922 0.013483 0.0218036
 0.776272 0.111919 0.0760425 0.0278889 0.00787776
 0.729649 0.210105 0.0301381 0.0204772 0.00963146
 0.397172 0.440356 0.126266 0.018112 0.0180943
 0.493198 0.201803 0.222797 0.063884 0.0183185
pobs_pel_tallas
 0 0 0 0 0 0 0 0 0 0 0 0 0 0 0 0 0 0 0 0 0 0 0 0 0 0
 0 0 0 0 0 0 0 0 0 0 0 0 0 0 0 0 0 0 0 0 0 0 0 0 0 0
 0 0 0 0 0 0 0 0 0 0 0 0 0 0 0 0 0 0 0 0 0 0 0 0 0 0
 0 0 0 0 0 0 0 0 0 0 0 0 0 0 0 0 0 0 0 0 0 0 0 0 0 0
 0 0 0 0 0 0 0 0 0 0 0 0 0 0 0 0 0 0 0 0 0 0 0 0 0 0
 0 0 0 0 0 0 0 0 0 0 0 0 0 0 0 0 0 0 0 0 0 0 0 0 0 0
 0 0 0 0 0 0 0 0 0 0 0 0 0 0 0 0 0 0 0 0 0 0 0 0 0 0
 0 0 0 0 0 0 0 0 0 0 0 0 0 0 0 0 0 0 0 0 0 0 0 0 0 0
 0 0 0 0 0 0 0 0 0 0 0 0 0 0 0 0 0 0 0 0 0 0 0 0 0 0
 0 0 0 0 0 0 0 0 0 0 0 0 0 0 0 0 0 0 0 0 0 0 0 0 0 0
 0 0 0 0 0 0 0 0 0 0 0 0 0 0 0 0 0 0 0 0 0 0 0 0 0 0
 0 0 0 0 0 0 0 0 0 0 0 0 0 0 0 0 0 0 0 0 0 0 0 0 0 0
 0.00862536 0 0 0.000197151 0.00414017 0.0128641 0.00837892 0.0270097 0.101434 0.158115 0.152841 0.127902 0.109271 0.109419 0.0830992 0.0579132 0.0238553 0.00714673 0.00463305 0.00128148 0.00103504 0.000492878 0.000147863 0.000147863 4.92878e-05 0
 0 0 0 0 0 0 0 0 0 0 0 0 0 0 0 0 0 0 0 0 0 0 0 0 0 0
 0 0 0 0 0 0 0 0.0054083 0.00873648 0.0413646 0.0450493 0.0745869 0.0622846 0.0627006 0.0613931 0.0827291 0.12552 0.122667 0.0946155 0.0697135 0.0546179 0.0294188 0.0215738 0.0213955 0.0102223 0.00600262
 0 0 0 0 0.00359764 0.0251062 0.0480494 0.140153 0.205849 0.193036 0.1447 0.116669 0.0760912 0.0342217 0.00950174 0.001854 0.000860785 0 0 0 0.000165536 0 0.000143464 0 0 0
 0 0 0 0 0 0 0 0.000145254 0.000435761 0.0275982 0.070085 0.0708112 0.156366 0.174668 0.174014 0.160142 0.0824315 0.0480064 0.0283245 0.00493863 0.00203355 0 0 0 0 0
 0 0 0 0 0 0 0 0 0 0 0 0 0 0 0 0 0 0 0 0 0 0 0 0 0 0
 0 0 1.00437e-05 0.000401748 0.00122533 0.00171747 0.00176769 0.0269171 0.070346 0.194647 0.189555 0.159765 0.064822 0.0314167 0.0384472 0.0292271 0.0345202 0.0313363 0.0194345 0.0106764 0.0143323 0.0359363 0.0279516 0.0138201 0.00172751 0
 0 0.0021121 0.0136068 0.0755702 0.200478 0.177729 0.0527432 0.0373336 0.0318909 0.0142505 0.0149659 0.0166563 0.0217959 0.0798694 0.0677717 0.0528807 0.04013 0.0224614 0.0357745 0.0225083 0.00881397 0.00855152 0.00135912 0.000746735 0 0
 0 0 0 0 5.4009e-05 0.00500934 0.000945158 0.0243581 0.138947 0.33067 0.221406 0.137944 0.0707744 0.0437923 0.0131692 0.00525238 0.0047753 0.00276346 9.45158e-05 9.00151e-06 2.25038e-05 9.00151e-06 4.50075e-06 0 0 0
 0.000866109 0.00284123 0.00948549 0.0512746 0.133035 0.25785 0.225252 0.132002 0.0553304 0.0519788 0.0540692 0.017754 0.00435017 0.00159236 0.00146478 0.000404838 0.000125132 0.000115318 0.000107957 0.000100596 0 0 0 0 0 0
 0 0 0 0 0.00144013 0.00171154 0.00461396 0.0210425 0.0478622 0.0707936 0.0888783 0.103762 0.0637923 0.0337046 0.0602308 0.124433 0.169614 0.0934646 0.0462172 0.0250306 0.0313229 0.00938855 0.002487 0.000210481 0 0
 0 0.00764035 0.051015 0.0998891 0.058973 0.0496711 0.0374665 0.0718981 0.12319 0.153886 0.159021 0.0857701 0.0377988 0.023471 0.0147837 0.00900784 0.00315554 0.000888139 0.00291439 0.00214683 0.00393193 0.00274676 0.000635225 9.99891e-05 0 0
 0 0 0 0 0 0 0 0 0 0 0 0 0 0 0 0 0 0 0 0 0 0 0 0 0 0
 0 0 0 0 0 0 0 0 0 0 0 0 0 0 0 0 0 0 0 0 0 0 0 0 0 0
 0 0 0 0 0 0 0 0 0 0 0 0 0 0 0 0 0 0 0 0 0 0 0 0 0 0
 0 0 0 0 0 0 0 0 0 0 0 0 0 0 0 0 0 0 0 0 0 0 0 0 0 0
 0 0 0 0 0 0 0 0 0 0 0 0 0 0 0 0 0 0 0 0 0 0 0 0 0 0
 0 0 0 0 0 0 0 0 0 0 0 0 0 0 0 0 0 0 0 0 0 0 0 0 0 0
ppred_pel_tallas
 1.12523e-16 4.2086e-05 0.000409091 0.00271855 0.0123581 0.0384508 0.081924 0.119573 0.119584 0.0819778 0.0386331 0.0128913 0.00408275 0.00347233 0.00610876 0.0106803 0.0168858 0.0243586 0.0326335 0.0413075 0.0499432 0.0577222 0.0632586 0.0649639 0.0618466 0.0541747
 1.22415e-16 3.92411e-05 0.000381437 0.00253479 0.0115228 0.0358518 0.076387 0.111495 0.11152 0.0765138 0.0362778 0.0127545 0.00563211 0.00716239 0.0129781 0.0215628 0.0314861 0.0405724 0.046718 0.0491745 0.0490724 0.0486156 0.0495362 0.0519975 0.0546464 0.0555673
 1.17878e-16 5.1057e-05 0.000496292 0.00329804 0.0149924 0.0466471 0.0993871 0.145062 0.14508 0.0994735 0.0469375 0.0158331 0.00541525 0.00514162 0.0089434 0.0148916 0.0218962 0.0285081 0.0333078 0.0357224 0.036365 0.0365302 0.0372439 0.0386236 0.0399462 0.0402067
 1.06525e-16 6.54776e-05 0.000636466 0.00422954 0.0192269 0.059822 0.127458 0.186031 0.186043 0.127518 0.0600245 0.019812 0.0057004 0.00385428 0.00619755 0.0101985 0.0148216 0.0189384 0.0214571 0.0219102 0.0207347 0.0189491 0.0174843 0.0166919 0.0163254 0.0158703
 1.04307e-16 5.7617e-05 0.000560058 0.00372178 0.0169187 0.0526404 0.112157 0.163701 0.163724 0.11227 0.0530192 0.0180129 0.0064689 0.0065588 0.0114556 0.0188618 0.0272013 0.0342862 0.0379294 0.0371353 0.032691 0.026621 0.0209552 0.0167702 0.0140584 0.0122244
 1.03259e-16 6.41981e-05 0.000624028 0.00414689 0.0188512 0.058653 0.124967 0.182396 0.182411 0.12504 0.0588983 0.0195603 0.00592943 0.00452329 0.00749291 0.0123466 0.0179219 0.0228349 0.0257122 0.0259096 0.0238642 0.0207355 0.0176443 0.0151222 0.0130982 0.0112529
 1.05656e-16 4.40237e-05 0.000427926 0.00284372 0.0129272 0.0402214 0.0856972 0.125085 0.12512 0.0858685 0.0407968 0.0145896 0.00701852 0.00954758 0.0173818 0.0287132 0.0414704 0.0523892 0.058167 0.0572821 0.0508793 0.0419398 0.0334344 0.0269112 0.0223432 0.0189014
 1.11318e-16 4.14544e-05 0.000402951 0.00267775 0.0121727 0.0378739 0.0806954 0.117783 0.117809 0.0808225 0.0383016 0.013411 0.00579724 0.00724992 0.0131542 0.0219666 0.0323089 0.0420337 0.0489454 0.0519938 0.0517788 0.0498791 0.0476024 0.0452219 0.0421867 0.0378907
 1.14325e-16 4.79353e-05 0.000465948 0.00309639 0.0140758 0.043795 0.0933107 0.136194 0.136214 0.0934107 0.0441314 0.0150493 0.00554802 0.00584424 0.010341 0.0172297 0.0253176 0.0329198 0.0383656 0.0409457 0.0413013 0.0408434 0.0406755 0.0408969 0.0407379 0.0392417
 1.0862e-16 6.11304e-05 0.000594209 0.00394873 0.0179504 0.0558503 0.118996 0.173681 0.173695 0.119067 0.05609 0.0186433 0.00569145 0.00440961 0.00734037 0.0121272 0.017678 0.0226967 0.0259181 0.0268022 0.0258513 0.0242208 0.0229336 0.02232 0.022023 0.0214114
 1.02971e-16 6.93261e-05 0.000673874 0.00447813 0.020357 0.0633381 0.134949 0.196964 0.196976 0.135005 0.0635249 0.0208966 0.00583344 0.00363494 0.00570021 0.00933348 0.0134859 0.0170625 0.0190004 0.0188211 0.0169118 0.0142495 0.0117938 0.0100223 0.00888017 0.00803924
 1.01905e-16 6.45583e-05 0.00062753 0.00417016 0.0189569 0.0589822 0.125668 0.18342 0.183438 0.125754 0.0592701 0.0197886 0.00625765 0.00518447 0.00871883 0.0143113 0.0206087 0.0259136 0.0285411 0.027714 0.0240197 0.019005 0.0142451 0.0106144 0.00817722 0.00654794
 1.02442e-16 6.09119e-05 0.000592086 0.00393462 0.0178862 0.0556507 0.118571 0.173061 0.173081 0.118667 0.0559752 0.0188238 0.00628936 0.00573686 0.00984444 0.0162113 0.0234231 0.0296122 0.032909 0.032438 0.0288141 0.0236818 0.0186908 0.0147188 0.0117959 0.00953066
 1.03703e-16 5.72955e-05 0.000556933 0.00370102 0.0168243 0.0523467 0.111531 0.162787 0.162809 0.111638 0.052705 0.0178598 0.00630258 0.00624395 0.0108809 0.0179574 0.0260026 0.0329916 0.0368906 0.0367497 0.0332354 0.0281121 0.0231158 0.0191179 0.0160717 0.0135112
 1.03253e-16 6.50464e-05 0.000632274 0.00420168 0.0191003 0.0594281 0.126618 0.184806 0.18482 0.126688 0.059662 0.0197764 0.005901 0.00434894 0.0071444 0.0117626 0.0170662 0.0217306 0.024447 0.0246078 0.0226426 0.0196727 0.0167782 0.0144646 0.0126462 0.0109889
 1.00575e-16 7.83388e-05 0.000761481 0.00506031 0.0230034 0.0715722 0.152492 0.222568 0.222572 0.152511 0.0716336 0.0231807 0.00550547 0.00173376 0.00192635 0.00306456 0.00441623 0.00557304 0.00617704 0.00606516 0.00536046 0.00438375 0.00345622 0.00274756 0.00225804 0.00189982
 1.01427e-16 3.64959e-05 0.000354753 0.00235746 0.0107167 0.0333439 0.0710447 0.103702 0.103753 0.0712938 0.0341802 0.013131 0.00841327 0.0135603 0.025074 0.0412838 0.0592067 0.0739051 0.0803707 0.0762946 0.0634708 0.0466491 0.0307909 0.0188365 0.0112511 0.00697806
 1.0154e-16 7.54883e-05 0.000733773 0.00487618 0.0221664 0.068968 0.146944 0.214469 0.214473 0.146962 0.069028 0.0223406 0.00531634 0.00170414 0.00194614 0.00316997 0.00472629 0.00628973 0.00757048 0.00841345 0.00884764 0.00899259 0.00891125 0.00855146 0.00782008 0.00670435
 1.02049e-16 5.45562e-05 0.000530306 0.00352407 0.0160199 0.0498441 0.106199 0.155007 0.155037 0.106345 0.0503328 0.0174309 0.00706348 0.00824949 0.0146932 0.0241487 0.0346529 0.0433102 0.0472156 0.0450456 0.0378685 0.0284598 0.0196866 0.0131986 0.00917487 0.00690789
 1.04162e-16 5.57687e-05 0.000542091 0.00360239 0.0163759 0.0509518 0.108559 0.158449 0.15847 0.108661 0.0512935 0.0173645 0.00608876 0.0059865 0.0104442 0.0173042 0.0252139 0.0323111 0.0367088 0.037493 0.0351923 0.0312834 0.0271724 0.0234947 0.0201543 0.0168278
 1.03998e-16 6.37869e-05 0.000620032 0.00412033 0.0187304 0.0582774 0.124167 0.181228 0.181243 0.124239 0.0585207 0.0194338 0.00588827 0.0044873 0.00743169 0.0122466 0.0177813 0.0226707 0.0255669 0.0258533 0.0239885 0.0211391 0.0184087 0.0162814 0.0146123 0.013001
 1.02954e-16 6.43034e-05 0.000625052 0.00415369 0.0188821 0.0587493 0.125172 0.182696 0.182712 0.125252 0.0590187 0.0196605 0.00610832 0.00489487 0.00818193 0.0134471 0.0194183 0.0245336 0.0272462 0.0268469 0.0238763 0.0197347 0.015816 0.0128432 0.0107955 0.0092706
 1.0684e-16 3.13578e-05 0.000304809 0.00202556 0.00920795 0.0286496 0.0610427 0.0891035 0.0891502 0.0612712 0.029417 0.0114253 0.00759419 0.0124705 0.0231638 0.0383167 0.0553618 0.0699708 0.0777357 0.076606 0.0680701 0.0560588 0.0445027 0.0354743 0.0289946 0.0240508
 1.06549e-16 6.41526e-05 0.000623586 0.00414395 0.0188378 0.0586114 0.124878 0.182265 0.182273 0.124919 0.0587482 0.0192351 0.00514879 0.00284221 0.00435134 0.00728496 0.0109398 0.0147052 0.0179836 0.0204765 0.0222791 0.0236415 0.0246138 0.0249163 0.0241401 0.0220779
 1.05882e-16 5.59244e-05 0.000543605 0.00361245 0.0164217 0.0510941 0.108862 0.158893 0.158917 0.10898 0.0514899 0.017565 0.00648232 0.00680897 0.0119568 0.0196854 0.0283739 0.0357416 0.0395205 0.0387092 0.03419 0.0281394 0.022706 0.0189744 0.0168198 0.0154572
 1.08735e-16 4.11166e-05 0.000399668 0.00265593 0.0120735 0.0375653 0.0800381 0.116825 0.116858 0.0801992 0.0381065 0.0136382 0.00658958 0.00900664 0.0164454 0.0272746 0.0396421 0.0505975 0.0571396 0.057863 0.0537289 0.0472691 0.0409093 0.0357647 0.031625 0.0277439
 1.06354e-16 6.39405e-05 0.000621525 0.00413025 0.0187755 0.0584177 0.124465 0.181663 0.181674 0.124519 0.0585968 0.0192943 0.00543745 0.0034921 0.00556579 0.00923223 0.0136049 0.017769 0.0208316 0.0223845 0.0227017 0.0224417 0.0221107 0.0217391 0.0209842 0.0194833
 1.04607e-16 6.01002e-05 0.000584196 0.00388219 0.0176479 0.0549092 0.116991 0.170755 0.170776 0.11709 0.0552416 0.0186081 0.00629282 0.00584822 0.0100624 0.0165544 0.0238783 0.0301137 0.0333547 0.0327478 0.0290065 0.0239226 0.019271 0.0159586 0.0139122 0.0125323
 1.08635e-16 3.27146e-05 0.000317998 0.00211321 0.00960638 0.0298892 0.0636837 0.0929572 0.0929997 0.0638917 0.0305877 0.0116252 0.00718569 0.0114078 0.0211429 0.0350289 0.0507548 0.0644494 0.0721664 0.0720649 0.0654463 0.0557425 0.0463208 0.0388563 0.03323 0.0284987
 1.15988e-16 4.06241e-05 0.00039488 0.00262412 0.0119289 0.0371153 0.0790788 0.115422 0.115442 0.0791755 0.0374412 0.0128743 0.00501317 0.00566291 0.0102009 0.0172081 0.0257445 0.0343974 0.0417192 0.0470186 0.0506205 0.0532902 0.0553396 0.0562352 0.0550043 0.0510081
pSPR Fmed_Fpbrs
0.635705   0.208198 0.208198
Fs Fmed_Fpbrs
0.242311   1.005 1.005
SSBpbr Bo_Bmed_Bpbrs
1.90207e+06  1.11405e+06  300904 300904
Ro
172410
SPR SPRFo_SPRFmed_SPRFpbrs
1.22728e+06 780189 255518
Fref
1.005
log_Ro
11.8776
likeval ReclasPelacesDesembMPH_pf_preclas_ppelaces_ptallas_desvR_qrecl_qpela
 14.639 17.3293 0.0755324 0.00266363 229.054 105.277 76.8347 0 23.4198 0 0 0.384897 0 0 0
q_reclas_q_pelaces
1 1
M
1
N
 199052 43021.8 143159 8369.44 0.278906
 112207 65588.3 13823.1 45997.5 2689.23
 110997 33788.4 18866.2 3976.15 14004.5
 198623 33606.7 9784.4 5463.26 5206.83
 158138 55087.3 8737.46 2543.86 2774.13
 258370 53018.9 18081.1 2867.86 1745.5
 107794 79161.2 15578.7 5312.81 1355.56
 49124.2 26429.5 17688.8 3481.11 1490.07
 44517 16928.8 8972.8 6005.36 1687.72
 58202.8 12630.2 4525.88 2398.86 2056.73
 105899 15084.2 3021.28 1082.64 1065.83
 142859 35722.3 4988.33 999.135 710.496
 120168 35674.8 8164.06 1140.04 390.722
 84088.7 30682.4 8378.79 1917.46 359.525
 82970.8 16762 5316.25 1451.77 394.526
 463019 20078.2 3685.66 1168.95 405.967
 98767.5 122962 4949.03 908.472 388.198
 696956 29436.3 34923.9 1405.64 368.284
 418897 207394 8344.55 9900.17 502.869
 341886 113969 52662.9 2118.9 2641.61
 470789 96766.8 30379.9 14038 1268.98
 619562 141798 27842.1 8741.02 4404.17
 134446 176150 38007.7 7462.81 3523.44
 381426 42454.1 53713.4 11589.6 3350.03
 324154 122662 13239.1 16750.2 4658.85
 149281 104011 38146.5 4117.21 6657.99
 332892 49200.8 33429.2 12260.3 3463.16
 365528 107455 15413.7 10472.7 4925.85
 106536 120591 34577.8 4959.96 4955.11
 83347.9 35142.2 38798.2 11124.8 3190.01
pred_Ctot
 13244.1 3481.27 11584.2 677.246 0.0225688
 13082 9225.19 1944.26 6469.68 378.248
 12616.3 4635.42 2588.25 545.488 1921.28
 31616.2 6408.04 1865.66 1041.72 992.823
 8928.59 3788.6 600.914 174.953 190.789
 27710 6870.39 2343.01 371.628 226.188
 23484.4 20451.2 4024.74 1372.56 350.206
 1974.5 1297.29 868.254 170.87 73.1398
 6575.43 3001.1 1590.68 1064.62 299.195
 11185.6 2891.31 1036.07 549.149 470.828
 5599.64 972.11 194.708 69.7713 68.6877
 29929.8 8887.81 1241.11 248.587 176.773
 23938.2 8454.81 1934.86 270.187 92.5999
 25580.4 10895.4 2975.32 680.892 127.668
 18566.3 4443.19 1409.2 384.827 104.579
 83583.6 4326.03 794.11 251.86 87.4692
 12058.3 18094.3 728.271 133.686 57.1249
 85667.3 4360.5 5173.4 208.222 54.5552
 70674 41847.1 1683.73 1997.62 101.467
 50915.5 20366.8 9411.1 378.658 472.068
 54832.9 13597 4268.78 1972.52 178.308
 90847.4 24959.3 4900.76 1538.59 775.221
 12188.9 19347.3 4174.54 819.672 386.995
 30675.4 4143.17 5241.98 1131.05 326.935
 26478.2 12156.1 1312.02 1659.99 461.703
 9911.64 8398.86 3080.32 332.464 537.632
 26067.3 4676.76 3177.6 1165.4 329.189
 24061.5 8603.34 1234.09 838.496 394.388
 7021.83 9667.28 2771.95 397.619 397.229
 7800.01 3982.41 4396.72 1260.7 361.5
F
 0.110167 0.135366 0.135366 0.135366 0.135366
 0.200225 0.246025 0.246025 0.246025 0.246025
 0.194774 0.239327 0.239327 0.239327 0.239327
 0.28249 0.347107 0.347107 0.347107 0.347107
 0.0928217 0.114054 0.114054 0.114054 0.114054
 0.182906 0.224744 0.224744 0.224744 0.224744
 0.405742 0.498553 0.498553 0.498553 0.498553
 0.0653357 0.0802807 0.0802807 0.0802807 0.0802807
 0.259781 0.319204 0.319204 0.319204 0.319204
 0.350284 0.430409 0.430409 0.430409 0.430409
 0.0867122 0.106547 0.106547 0.106547 0.106547
 0.387417 0.476035 0.476035 0.476035 0.476035
 0.365203 0.448741 0.448741 0.448741 0.448741
 0.612757 0.752921 0.752921 0.752921 0.752921
 0.418855 0.514665 0.514665 0.514665 0.514665
 0.325896 0.400442 0.400442 0.400442 0.400442
 0.21054 0.2587 0.2587 0.2587 0.2587
 0.212103 0.26062 0.26062 0.26062 0.26062
 0.301698 0.370709 0.370709 0.370709 0.370709
 0.262175 0.322146 0.322146 0.322146 0.322146
 0.200005 0.245755 0.245755 0.245755 0.245755
 0.257676 0.316617 0.316617 0.316617 0.316617
 0.152738 0.187675 0.187675 0.187675 0.187675
 0.134488 0.165252 0.165252 0.165252 0.165252
 0.136722 0.167996 0.167996 0.167996 0.167996
 0.109923 0.135067 0.135067 0.135067 0.135067
 0.130748 0.160656 0.160656 0.160656 0.160656
 0.108937 0.133855 0.133855 0.133855 0.133855
 0.109082 0.134034 0.134034 0.134034 0.134034
 0.158 0.194141 0.194141 0.194141 0.194141
nmprior
 8 8 7 0
nm_flota  nm_reclas  nm_pelaces    nm_pelaL
inf 12.08 16.9969 29.9532
cv_recla  cv_pelaces  cv_mph
0.354227 0.489841 1.59273
 ------------------------------------------------
Talla a la edad & desviación 
 8 13.2811 15.8009 17.003 17.5766
 0.8 1.32811 1.58009 1.7003 1.75766
