years
 1991 1992 1993 1994 1995 1996 1997 1998 1999 2000 2001 2002 2003 2004 2005 2006 2007 2008 2009 2010 2011 2012 2013 2014 2015 2016 2017 2018 2019 2020
reclasobs
 0 0 0 0 0 0 0 0 0 252601 567819 844713 477998 351125 339783 2.1784e+06 2.13404e+06 4.81314e+06 1.55562e+06 2.62356e+06 3.21686e+06 3.843e+06 1.13348e+06 3.07943e+06 1.97215e+06 2.03268e+06 2.025e+06 2.42433e+06 2.27542e+06 1.05018e+06
reclaspred
 7.2801e+06 2.00912e+06 1.03088e+06 823865 193765 3.11501e+06 1.49338e+06 510425 864213 245846 386196 822446 745224 567468 400248 1.77037e+06 849412 4.08128e+06 2.79487e+06 2.11096e+06 3.06907e+06 3.15076e+06 1.66457e+06 3.2578e+06 2.43534e+06 1.56473e+06 2.10984e+06 3.41795e+06 2.773e+06 669524
pelacesobs
 0 0 0 0 0 0 0 0 0 0 0 0 0 0 0 552880 188675 0 991730 2.46772e+06 1.41603e+06 1.21717e+06 2.29649e+06 1.80582e+06 0 1.4828e+06 1.56532e+06 1.57751e+06 1.42118e+06 867257
pelacespred
 7.98128e+06 2.03656e+06 590012 332799 85954.1 1.62146e+06 879903 464632 456444 96760.2 198415 336371 349320 237810 159715 703921 409235 2.11006e+06 1.56016e+06 1.00255e+06 1.53688e+06 1.56489e+06 1.04317e+06 2.00206e+06 1.63127e+06 1.08872e+06 1.39584e+06 2.3196e+06 2.11133e+06 488867
mphobs
 0 0 0 0 0 0 0 0 0 0 0 498337 0 5186 125008 0 168611 109162 213762 579715 649985 157893 87575 83554 0 0 0 0 0 0
mphpred
 1.57347e+06 629509 105362 133597 56455.8 12155.3 454698 107219 41610.8 80924.9 10907.5 55613.8 80629.5 50980.7 28460.3 28108.7 219392 61325 515876 218840 279114 285641 380680 148763 406947 290668 141563 236574 570039 224499
desembarqueobs
 494567 514787 250237 358949 120608 361735 552515 73892 212993 205616 52469 317467 293654 387597 252695 516296 358380 742168 942051 627588 828172 859565 418607 520667 417249 300574 407403 355545 319650 289779
desembarquepred
 494497 514379 249988 358527 120507 361540 551837 73865.8 212819 205381 52451.7 317135 293284 386868 252351 515738 358124 741448 940369 626408 827557 858432 418173 520306 416776 300252 407018 355264 319277 289166
Reclutas
 16789 10640.3 168258 54079.3 9971.46 285232 13371.3 3709.96 49435.1 14763.2 38156.9 110382 76512.8 68771.9 42146.9 255520 13792.9 432752 187832 220242 199064 406364 18168.4 178218 132953 30610.2 129658 183055 23899.4 10178.3
log_desv_Rt
 -1.23054 -1.68662 1.07423 -0.0608135 -1.75154 1.60204 -1.45815 -2.74024 -0.150604 -1.35912 -0.409558 0.652685 0.286193 0.17953 -0.310103 1.49204 -1.42711 2.0189 1.18428 1.34346 1.24236 1.95598 -1.15158 1.13174 0.838729 -0.62993 0.813632 1.15852 -0.877411 -1.73101
SSB
 1.63555e+06 654345 109518 138868 58683.1 12634.9 472637 111449 43252.4 84117.6 11337.8 57807.9 83810.5 52992 29583.1 29217.7 228047 63744.4 536229 227474 290126 296911 395698 154632 423002 302136 147148 245908 592529 233356
BT
 2.05876e+06 944680 422160 380019 121744 1.27123e+06 725846 179519 416589 216017 148289 429929 425460 526492 333471 808791 399345 1.85995e+06 1.47617e+06 922018 1.38491e+06 1.43699e+06 638443 1.48756e+06 931438 587711 1.09343e+06 1.44683e+06 824221 406097
Ftot
 0.314734 1.08752 1.08752 1.65515 2.12908 0.555616 1.37455 0.645462 1.11355 2.5977 0.640033 1.60807 1.60064 2.53073 2.41446 1.3025 1.54735 0.847036 1.35159 1.27527 1.15376 1.18375 1.00981 0.743643 0.744235 0.81663 0.880002 0.485557 0.493947 1.64371
BD_Bspro_t
 0.95089 0.616558 0.218876 0.269573 0.106565 0.0334044 0.457523 0.153777 0.0961139 0.183969 0.043695 0.257807 0.20664 0.120176 0.0671667 0.0690884 0.250863 0.0886421 0.361509 0.183043 0.186723 0.190626 0.247926 0.130821 0.318201 0.298845 0.215811 0.345427 0.530812 0.306338
BD_Bspro
 3.99798 1.59949 0.267709 0.339452 0.143446 0.030885 1.15533 0.272429 0.105727 0.205619 0.0277144 0.141307 0.204868 0.129535 0.0723136 0.0714203 0.557443 0.155818 1.31077 0.556042 0.70919 0.725775 0.967254 0.377985 1.034 0.738547 0.359692 0.601102 1.44839 0.570419
BD_Bo
 1.12748 0.451076 0.0754971 0.0957294 0.0404535 0.00870994 0.325815 0.0768282 0.0298163 0.057987 0.00781579 0.0398502 0.0577753 0.0365303 0.0203933 0.0201414 0.157206 0.0439426 0.369653 0.15681 0.2 0.204677 0.272777 0.106596 0.291599 0.208279 0.101437 0.169518 0.408463 0.160865
BD_Brms
 2.04996 0.820139 0.137267 0.174053 0.0735519 0.0158363 0.592392 0.139688 0.0542115 0.105431 0.0142105 0.072455 0.105046 0.0664188 0.0370787 0.0366207 0.285828 0.0798957 0.672096 0.28511 0.363636 0.37214 0.495958 0.193811 0.53018 0.378689 0.184432 0.308215 0.74266 0.292482
Sel_flota
 0.638013 1 1 1 1
 0.638013 1 1 1 1
 0.638013 1 1 1 1
 0.638013 1 1 1 1
 0.638013 1 1 1 1
 0.638013 1 1 1 1
 0.638013 1 1 1 1
 0.638013 1 1 1 1
 0.638013 1 1 1 1
 0.638013 1 1 1 1
 0.638013 1 1 1 1
 0.638013 1 1 1 1
 0.638013 1 1 1 1
 0.638013 1 1 1 1
 0.638013 1 1 1 1
 0.638013 1 1 1 1
 0.638013 1 1 1 1
 0.638013 1 1 1 1
 0.638013 1 1 1 1
 0.638013 1 1 1 1
 0.638013 1 1 1 1
 0.638013 1 1 1 1
 0.638013 1 1 1 1
 0.638013 1 1 1 1
 0.638013 1 1 1 1
 0.638013 1 1 1 1
 0.638013 1 1 1 1
 0.638013 1 1 1 1
 0.638013 1 1 1 1
 0.638013 1 1 1 1
Sel_reclas
 0.645761 0.901712 0.9788 0.995715 0.999146
 0.645761 0.901712 0.9788 0.995715 0.999146
 0.645761 0.901712 0.9788 0.995715 0.999146
 0.645761 0.901712 0.9788 0.995715 0.999146
 0.645761 0.901712 0.9788 0.995715 0.999146
 0.645761 0.901712 0.9788 0.995715 0.999146
 0.645761 0.901712 0.9788 0.995715 0.999146
 0.645761 0.901712 0.9788 0.995715 0.999146
 0.645761 0.901712 0.9788 0.995715 0.999146
 0.645761 0.901712 0.9788 0.995715 0.999146
 0.645761 0.901712 0.9788 0.995715 0.999146
 0.645761 0.901712 0.9788 0.995715 0.999146
 0.645761 0.901712 0.9788 0.995715 0.999146
 0.645761 0.901712 0.9788 0.995715 0.999146
 0.645761 0.901712 0.9788 0.995715 0.999146
 0.645761 0.901712 0.9788 0.995715 0.999146
 0.645761 0.901712 0.9788 0.995715 0.999146
 0.645761 0.901712 0.9788 0.995715 0.999146
 0.645761 0.901712 0.9788 0.995715 0.999146
 0.645761 0.901712 0.9788 0.995715 0.999146
 0.645761 0.901712 0.9788 0.995715 0.999146
 0.645761 0.901712 0.9788 0.995715 0.999146
 0.645761 0.901712 0.9788 0.995715 0.999146
 0.645761 0.901712 0.9788 0.995715 0.999146
 0.645761 0.901712 0.9788 0.995715 0.999146
 0.645761 0.901712 0.9788 0.995715 0.999146
 0.645761 0.901712 0.9788 0.995715 0.999146
 0.645761 0.901712 0.9788 0.995715 0.999146
 0.645761 0.901712 0.9788 0.995715 0.999146
 0.645761 0.901712 0.9788 0.995715 0.999146
Sel_pelaces
 0.298799 0.681988 0.915201 0.981922 0.996355
 0.298799 0.681988 0.915201 0.981922 0.996355
 0.298799 0.681988 0.915201 0.981922 0.996355
 0.298799 0.681988 0.915201 0.981922 0.996355
 0.298799 0.681988 0.915201 0.981922 0.996355
 0.298799 0.681988 0.915201 0.981922 0.996355
 0.298799 0.681988 0.915201 0.981922 0.996355
 0.298799 0.681988 0.915201 0.981922 0.996355
 0.298799 0.681988 0.915201 0.981922 0.996355
 0.298799 0.681988 0.915201 0.981922 0.996355
 0.298799 0.681988 0.915201 0.981922 0.996355
 0.298799 0.681988 0.915201 0.981922 0.996355
 0.298799 0.681988 0.915201 0.981922 0.996355
 0.298799 0.681988 0.915201 0.981922 0.996355
 0.298799 0.681988 0.915201 0.981922 0.996355
 0.298799 0.681988 0.915201 0.981922 0.996355
 0.298799 0.681988 0.915201 0.981922 0.996355
 0.298799 0.681988 0.915201 0.981922 0.996355
 0.298799 0.681988 0.915201 0.981922 0.996355
 0.298799 0.681988 0.915201 0.981922 0.996355
 0.298799 0.681988 0.915201 0.981922 0.996355
 0.298799 0.681988 0.915201 0.981922 0.996355
 0.298799 0.681988 0.915201 0.981922 0.996355
 0.298799 0.681988 0.915201 0.981922 0.996355
 0.298799 0.681988 0.915201 0.981922 0.996355
 0.298799 0.681988 0.915201 0.981922 0.996355
 0.298799 0.681988 0.915201 0.981922 0.996355
 0.298799 0.681988 0.915201 0.981922 0.996355
 0.298799 0.681988 0.915201 0.981922 0.996355
 0.298799 0.681988 0.915201 0.981922 0.996355
pf_obs 
 0.8446 0.082 0.0669 0.0065 0
 0.8095 0.147 0.0364 0.0071 0
 0.9664 0.0169 0.016 0.0007 0
 0.9276 0.0648 0.0075 0.0001 0
 0.7033 0.2144 0.0806 0.0017 0
 0.9318 0.0425 0.0243 0.0014 0
 0.5671 0.3108 0.0964 0.0239 0.0018
 0.0768 0.2599 0.5324 0.112 0.0189
 0.490249 0.384438 0.106611 0.0170017 0.00170017
 0.7925 0.1577 0.0466 0.003 0.0002
 0.840416 0.127587 0.0312969 0.00059994 9.999e-05
 0.8084 0.0986 0.0794 0.0134 0.0002
 0.7335 0.1905 0.0724 0.0035 0.0001
 0.4001 0.4547 0.1325 0.0127 0
 0.49795 0.308269 0.164784 0.0264974 0.00249975
 0.9179 0.0499 0.0305 0.0017 0
 0.2467 0.6533 0.0926 0.0074 0
 0.9418 0.0223 0.034 0.0019 0
 0.707729 0.231977 0.0356964 0.0245975 0
 0.517169 0.277429 0.184464 0.0207286 0.00020938
 0.811772 0.124168 0.05621 0.00726502 0.000585176
 0.764997 0.148141 0.077277 0.00933861 0.000247198
 0.163321 0.427699 0.378323 0.0303852 0.000271297
 0.753843 0.0900009 0.118128 0.0371064 0.000921714
 0.721811 0.176058 0.0630433 0.0369309 0.00215725
 0.143369 0.312575 0.442814 0.0836902 0.0175525
 0.692698 0.0596174 0.167031 0.0765114 0.00414204
 0.394062 0.376323 0.152708 0.0712218 0.00568511
 0.125707 0.32114 0.495352 0.0537591 0.00404204
 0.23352 0.215282 0.420074 0.123614 0.00750983
pf_pred 
 0.100482 0.17609 0.637463 0.085965 9.05738e-07
 0.195892 0.126974 0.132556 0.479865 0.0647129
 0.95415 0.015139 0.0048495 0.00506267 0.0207989
 0.568965 0.421036 0.00330142 0.00105755 0.00563975
 0.466354 0.403791 0.126843 0.000994597 0.00201765
 0.993212 0.00476541 0.0015302 0.000480683 1.14152e-05
 0.12002 0.876604 0.00237019 0.000761083 0.000244757
 0.224638 0.17783 0.59524 0.00160943 0.000682995
 0.932574 0.0232182 0.0101391 0.0339379 0.000130704
 0.568488 0.416722 0.00509303 0.00222406 0.00747312
 0.953738 0.0371645 0.00878529 0.000107371 0.000204435
 0.898662 0.0986941 0.00212423 0.000502145 1.7822e-05
 0.794092 0.196384 0.0092755 0.00019964 4.88677e-05
 0.833873 0.149429 0.0159257 0.000752193 2.01526e-05
 0.865194 0.126511 0.00746089 0.000795157 3.85627e-05
 0.982037 0.0170574 0.00085008 5.01327e-05 5.60209e-06
 0.203651 0.789601 0.00640735 0.000319319 2.09359e-05
 0.983679 0.00602233 0.0102112 8.28604e-05 4.40021e-06
 0.601631 0.394927 0.00126978 0.00215299 1.83985e-05
 0.81197 0.144048 0.0436014 0.000140188 0.000239729
 0.786641 0.192394 0.0160612 0.0048615 4.23603e-05
 0.883366 0.103056 0.0122446 0.00102219 0.000312097
 0.150152 0.798997 0.0449305 0.00533842 0.000581725
 0.902845 0.0252133 0.0676367 0.00380345 0.000501152
 0.684761 0.297967 0.00448256 0.0120248 0.000765295
 0.364419 0.509297 0.119365 0.00179571 0.00512371
 0.878371 0.0632543 0.0467765 0.0109631 0.000635517
 0.810821 0.176452 0.00661881 0.00489461 0.00121366
 0.225857 0.682872 0.0851315 0.00319333 0.00294701
 0.29272 0.23897 0.413096 0.0514994 0.00371454
pobs_RECLAS
 0 0 0 0 0
 0 0 0 0 0
 0 0 0 0 0
 0 0 0 0 0
 0 0 0 0 0
 0 0 0 0 0
 0 0 0 0 0
 0 0 0 0 0
 0 0 0 0 0
 0 0 0 0 0
 0.991045 0.00858322 0.000360255 1.14367e-05 0
 0.934742 0.0480273 0.0164251 0.00080598 0
 0.827803 0.169806 0.00239088 0 0
 0.941827 0.0461693 0.0120037 0 0
 0.791401 0.0380133 0.147996 0.0225897 0
 0.846168 0.0940531 0.0597789 0 0
 0.134021 0.677848 0.182769 0.00536245 0
 0.80878 0.0450904 0.141981 0.00414843 0
 0.846168 0.0940531 0.0597789 0 0
 0.905697 0.0802665 0.012482 0.00150086 5.37128e-05
 0.989698 0.0102097 9.19794e-05 0 0
 0.975433 0.0193895 0.00387452 0.00125025 5.28907e-05
 0.303575 0.632131 0.0575291 0.00676475 0
 0.966965 0.00978017 0.0227588 0.000495775 0
 0.843318 0.132988 0.00938335 0.0141283 0.000182051
 0.564624 0.303363 0.111486 0.0197234 0.00080311
 0.826376 0.0876187 0.0782897 0.00655872 0.00115652
 0.89761 0.0855135 0.0140674 0.00269457 0.000114338
 0.34875 0.467042 0.161289 0.0227151 0.000203297
 0.318654 0.224769 0.449479 0.00709798 0
ppred_RECLAS
 0.105941 0.163487 0.642437 0.088133 9.31779e-07
 0.210879 0.114846 0.130144 0.479275 0.064856
 0.958604 0.0127791 0.00444353 0.00471901 0.0194539
 0.622158 0.368222 0.00313412 0.00102131 0.00546525
 0.529273 0.348883 0.118964 0.000948936 0.00193166
 0.993931 0.00414961 0.00144638 0.000462202 1.10141e-05
 0.142463 0.853948 0.00250633 0.000818703 0.000264194
 0.238938 0.163752 0.594976 0.00163652 0.000696883
 0.939321 0.0196097 0.00929538 0.0316515 0.000122318
 0.645646 0.341043 0.00452445 0.00200991 0.00677682
 0.959032 0.032363 0.00830431 0.000103246 0.000197259
 0.916752 0.0808876 0.00188981 0.000454451 1.61848e-05
 0.826925 0.164415 0.00842947 0.000184566 4.53335e-05
 0.872603 0.113606 0.0131428 0.000631483 1.69769e-05
 0.896532 0.0965821 0.00618278 0.000670327 3.26208e-05
 0.985056 0.0141289 0.000764333 4.58547e-05 5.1417e-06
 0.240273 0.752738 0.0066304 0.000336146 2.2115e-05
 0.985271 0.00515638 0.00949037 7.8342e-05 4.1746e-06
 0.647267 0.349392 0.00121941 0.00210332 1.8036e-05
 0.836466 0.122821 0.0403544 0.000131991 0.000226488
 0.813857 0.166383 0.0150772 0.00464252 4.05916e-05
 0.89991 0.0875465 0.0112911 0.00095888 0.000293777
 0.172167 0.774236 0.0472602 0.00571226 0.000624607
 0.910293 0.0218771 0.0637041 0.00364422 0.000481825
 0.71514 0.267791 0.004373 0.0119336 0.00076211
 0.396882 0.475102 0.12087 0.00184978 0.00529616
 0.890341 0.0546863 0.0438977 0.0104662 0.000608802
 0.82982 0.157724 0.00642212 0.00483122 0.00120207
 0.248571 0.656115 0.0887886 0.00338806 0.0031375
 0.328193 0.214523 0.402539 0.0510505 0.00369484
pobs_PELACES
 0 0 0 0 0
 0 0 0 0 0
 0 0 0 0 0
 0 0 0 0 0
 0 0 0 0 0
 0 0 0 0 0
 0 0 0 0 0
 0 0 0 0 0
 0 0 0 0 0
 0 0 0 0 0
 0 0 0 0 0
 0 0 0 0 0
 0 0 0 0 0
 0 0 0 0 0
 0 0 0 0 0
 0 0 0 0 0
 0.505614 0.472636 0.0217494 0 0
 0 0 0 0 0
 0.443492 0.261883 0.143347 0.151278 0
 0.227955 0.32914 0.350689 0.0885471 0.00366901
 0.970185 0.0296113 0.000203453 0 0
 0.997202 0.00247181 0.000326279 0 0
 0.445219 0.490057 0.0546422 0.010081 0
 0.90214 0.0892962 0.00764917 0.000914606 0
 0 0 0 0 0
 0.581667 0.319106 0.0959925 0.00289975 0.000334073
 0.762889 0.0836404 0.116647 0.0363945 0.000428098
 0.88444 0.0763242 0.0277011 0.0115352 0
 0.521256 0.241999 0.230069 0.00667565 0
 0.616807 0.101726 0.260614 0.0208532 0
ppred_PELACES
 0.059036 0.143419 0.696736 0.100808 1.07774e-06
 0.129657 0.101358 0.141997 0.551519 0.0754691
 0.930247 0.0178008 0.00765212 0.00857086 0.0357292
 0.549265 0.436037 0.00458822 0.00157691 0.00853299
 0.455215 0.380331 0.160329 0.00134882 0.00277645
 0.990013 0.00632219 0.0027243 0.000918175 2.21252e-05
 0.106859 0.888444 0.00322367 0.0011106 0.000362409
 0.148923 0.154446 0.693752 0.00201254 0.000866617
 0.900499 0.0269011 0.0157645 0.0566144 0.000221242
 0.600636 0.380243 0.00623636 0.00292188 0.00996218
 0.936389 0.0478485 0.0151788 0.000199034 0.000384533
 0.890189 0.105947 0.00306011 0.000776115 2.79506e-05
 0.777642 0.208745 0.0132309 0.000305534 7.58876e-05
 0.846774 0.133186 0.0190486 0.000965282 2.62418e-05
 0.874381 0.115391 0.00913215 0.00104423 5.13862e-05
 0.978949 0.0196443 0.00131378 8.31276e-05 9.42566e-06
 0.18848 0.802285 0.00873653 0.000467139 3.10777e-05
 0.975149 0.00753906 0.0171542 0.000149348 8.04756e-06
 0.568195 0.426587 0.0018406 0.00334837 2.90343e-05
 0.774835 0.159689 0.0648645 0.000223758 0.000388261
 0.749376 0.218174 0.0244416 0.00793748 7.01793e-05
 0.860111 0.118736 0.018932 0.00169567 0.000525339
 0.123814 0.806692 0.0608756 0.00776025 0.00085806
 0.85165 0.0306119 0.1102 0.00664873 0.00088893
 0.622683 0.348707 0.00703979 0.0202615 0.00130846
 0.296898 0.526947 0.165735 0.00267506 0.00774494
 0.830599 0.075069 0.0744969 0.0187329 0.00110188
 0.756094 0.221667 0.0111582 0.00885304 0.00222746
 0.172391 0.701164 0.117303 0.0047209 0.00442079
 0.237701 0.20869 0.484116 0.0647532 0.00473915
pobs_pel_tallas
 0 0 0 0 0 0 0 0 0 0 0 0 0 0 0 0 0 0 0 0 0 0 0 0 0 0
 0 0 0 0 0 0 0 0 0 0 0 0 0 0 0 0 0 0 0 0 0 0 0 0 0 0
 0 0 0 0 0 0 0 0 0 0 0 0 0 0 0 0 0 0 0 0 0 0 0 0 0 0
 0 0 0 0 0 0 0 0 0 0 0 0 0 0 0 0 0 0 0 0 0 0 0 0 0 0
 0 0 0 0 0 0 0 0 0 0 0 0 0 0 0 0 0 0 0 0 0 0 0 0 0 0
 0 0 0 0 0 0 0 0 0 0 0 0 0 0 0 0 0 0 0 0 0 0 0 0 0 0
 0 0 0 0 0 0 0 0 0 0 0 0 0 0 0 0 0 0 0 0 0 0 0 0 0 0
 0 0 0 0 0 0 0 0 0 0 0 0 0 0 0 0 0 0 0 0 0 0 0 0 0 0
 0 0 0 0 0 0 0 0 0 0 0 0 0 0 0 0 0 0 0 0 0 0 0 0 0 0
 0 0 0 0 0 0 0 0 0 0 0 0 0 0 0 0 0 0 0 0 0 0 0 0 0 0
 0 0 0 0 0 0 0 0 0 0 0 0 0 0 0 0 0 0 0 0 0 0 0 0 0 0
 0 0 0 0 0 0 0 0 0 0 0 0 0 0 0 0 0 0 0 0 0 0 0 0 0 0
 0.00862536 0 0 0.000197151 0.00414017 0.0128641 0.00837892 0.0270097 0.101434 0.158115 0.152841 0.127902 0.109271 0.109419 0.0830992 0.0579132 0.0238553 0.00714673 0.00463305 0.00128148 0.00103504 0.000492878 0.000147863 0.000147863 4.92878e-05 0
 0 0 0 0 0 0 0 0 0 0 0 0 0 0 0 0 0 0 0 0 0 0 0 0 0 0
 0 0 0 0 0 0 0 0.0054083 0.00873648 0.0413646 0.0450493 0.0745869 0.0622846 0.0627006 0.0613931 0.0827291 0.12552 0.122667 0.0946155 0.0697135 0.0546179 0.0294188 0.0215738 0.0213955 0.0102223 0.00600262
 0 0 0 0 0.00359764 0.0251062 0.0480494 0.140153 0.205849 0.193036 0.1447 0.116669 0.0760912 0.0342217 0.00950174 0.001854 0.000860785 0 0 0 0.000165536 0 0.000143464 0 0 0
 0 0 0 0 0 0 0 0.000145254 0.000435761 0.0275982 0.070085 0.0708112 0.156366 0.174668 0.174014 0.160142 0.0824315 0.0480064 0.0283245 0.00493863 0.00203355 0 0 0 0 0
 0 0 0 0 0 0 0 0 0 0 0 0 0 0 0 0 0 0 0 0 0 0 0 0 0 0
 0 0 1.00437e-05 0.000401748 0.00122533 0.00171747 0.00176769 0.0269171 0.070346 0.194647 0.189555 0.159765 0.064822 0.0314167 0.0384472 0.0292271 0.0345202 0.0313363 0.0194345 0.0106764 0.0143323 0.0359363 0.0279516 0.0138201 0.00172751 0
 0 0.0021121 0.0136068 0.0755702 0.200478 0.177729 0.0527432 0.0373336 0.0318909 0.0142505 0.0149659 0.0166563 0.0217959 0.0798694 0.0677717 0.0528807 0.04013 0.0224614 0.0357745 0.0225083 0.00881397 0.00855152 0.00135912 0.000746735 0 0
 0 0 0 0 5.4009e-05 0.00500934 0.000945158 0.0243581 0.138947 0.33067 0.221406 0.137944 0.0707744 0.0437923 0.0131692 0.00525238 0.0047753 0.00276346 9.45158e-05 9.00151e-06 2.25038e-05 9.00151e-06 4.50075e-06 0 0 0
 0.000866109 0.00284123 0.00948549 0.0512746 0.133035 0.25785 0.225252 0.132002 0.0553304 0.0519788 0.0540692 0.017754 0.00435017 0.00159236 0.00146478 0.000404838 0.000125132 0.000115318 0.000107957 0.000100596 0 0 0 0 0 0
 0 0 0 0 0.00144013 0.00171154 0.00461396 0.0210425 0.0478622 0.0707936 0.0888783 0.103762 0.0637923 0.0337046 0.0602308 0.124433 0.169614 0.0934646 0.0462172 0.0250306 0.0313229 0.00938855 0.002487 0.000210481 0 0
 0 0.00764035 0.051015 0.0998891 0.058973 0.0496711 0.0374665 0.0718981 0.12319 0.153886 0.159021 0.0857701 0.0377988 0.023471 0.0147837 0.00900784 0.00315554 0.000888139 0.00291439 0.00214683 0.00393193 0.00274676 0.000635225 9.99891e-05 0 0
 0 0 0 0 0 0 0 0 0 0 0 0 0 0 0 0 0 0 0 0 0 0 0 0 0 0
 0 0 0 0 0 0 0 0 0 0 0 0 0 0 0 0 0 0 0 0 0 0 0 0 0 0
 0 0 0 0 0 0 0 0 0 0 0 0 0 0 0 0 0 0 0 0 0 0 0 0 0 0
 0 0 0 0 0 0 0 0 0 0 0 0 0 0 0 0 0 0 0 0 0 0 0 0 0 0
 0 0 0 0 0 0 0 0 0 0 0 0 0 0 0 0 0 0 0 0 0 0 0 0 0 0
 0 0 0 0 0 0 0 0 0 0 0 0 0 0 0 0 0 0 0 0 0 0 0 0 0 0
ppred_pel_tallas
 1.30253e-16 4.86275e-06 4.72676e-05 0.000314111 0.00142791 0.00444284 0.00946649 0.0138197 0.0138346 0.00953981 0.00469214 0.00216176 0.00220822 0.00435438 0.00868974 0.0156757 0.0256524 0.0386665 0.0545624 0.0729761 0.0929312 0.112243 0.127439 0.134727 0.131665 0.118459
 1.72205e-16 1.06797e-05 0.00010381 0.000689856 0.00313599 0.00975728 0.0207893 0.0303447 0.0303549 0.0208392 0.00992622 0.00362982 0.00195243 0.00293931 0.00563967 0.00998008 0.016053 0.0239667 0.0341171 0.0474087 0.0649506 0.0871329 0.112584 0.137792 0.157845 0.168057
 1.07132e-16 7.66232e-05 0.000744805 0.00494949 0.0224997 0.0700048 0.149153 0.217693 0.217695 0.149161 0.0700334 0.0225823 0.00515808 0.00120387 0.000960073 0.00149864 0.00223497 0.00300431 0.00371964 0.00440267 0.00519999 0.00630243 0.00780771 0.0096178 0.0114358 0.0128609
 1.01847e-16 4.52423e-05 0.000439772 0.00292244 0.013285 0.0413348 0.0880697 0.128549 0.128591 0.0882746 0.0420224 0.0152699 0.00790023 0.0112916 0.0206117 0.0338909 0.0485532 0.0605061 0.0656183 0.062002 0.0511789 0.0371346 0.0240407 0.0143788 0.00853201 0.00555684
 1.0533e-16 3.74955e-05 0.00036447 0.00242203 0.0110102 0.0342571 0.0729897 0.106538 0.106575 0.0731697 0.0348619 0.012759 0.00681932 0.00998874 0.0183883 0.0305279 0.0444054 0.0567299 0.0641197 0.0649289 0.0601057 0.0523316 0.0442136 0.0370172 0.0306952 0.0247432
 1.00177e-16 8.15461e-05 0.000792657 0.00526748 0.0239452 0.0745025 0.158735 0.231679 0.23168 0.158738 0.0745125 0.0239743 0.00534068 0.000952951 0.000387448 0.000515322 0.000743458 0.000953749 0.0010868 0.00111685 0.00106091 0.000963293 0.000864644 0.000780791 0.000704198 0.000620186
 1.00493e-16 8.80203e-06 8.5559e-05 0.000568574 0.00258471 0.00804244 0.0171384 0.0250319 0.0251174 0.0175558 0.00944317 0.00662789 0.0107077 0.0221869 0.0418876 0.0689837 0.0987836 0.122983 0.133128 0.125329 0.102655 0.0732258 0.045588 0.0248979 0.012078 0.00536108
 1.20409e-16 1.22666e-05 0.000119236 0.000792364 0.00360198 0.0112072 0.0238787 0.0348549 0.0348709 0.023957 0.011473 0.00438293 0.0028021 0.00466965 0.00913065 0.0163123 0.0263631 0.0390861 0.0540333 0.0705849 0.0876501 0.103155 0.114005 0.117033 0.110554 0.0954702
 1.06177e-16 7.41729e-05 0.000720987 0.00479121 0.0217802 0.0677662 0.144383 0.210732 0.210734 0.144396 0.0678095 0.0219059 0.00510907 0.0014223 0.00142889 0.00230768 0.0034732 0.00471813 0.00591073 0.00705431 0.00829825 0.00981384 0.0116119 0.0134444 0.01487 0.0154438
 1.02257e-16 4.94737e-05 0.000480902 0.00319577 0.0145275 0.0452007 0.0963061 0.140569 0.140606 0.0964848 0.0458004 0.0162587 0.0075377 0.00994734 0.0179927 0.0295754 0.0423857 0.0528553 0.0573916 0.0543573 0.0450829 0.0330378 0.0218406 0.0136264 0.0086952 0.00619458
 1.00536e-16 7.71291e-05 0.000749723 0.00498217 0.0226482 0.0704671 0.150138 0.219131 0.219136 0.15016 0.070543 0.0228677 0.00553361 0.00195545 0.00237262 0.00381477 0.00552093 0.00701028 0.00784579 0.00781994 0.00706388 0.00594016 0.0048096 0.00386033 0.00309912 0.00245311
 1.00199e-16 7.33237e-05 0.000712733 0.00473636 0.0215308 0.0669904 0.14273 0.208321 0.208332 0.14278 0.0671575 0.0220133 0.00594646 0.00335123 0.00507496 0.00824932 0.0118187 0.0147406 0.0160077 0.0151575 0.0125506 0.00914199 0.00593141 0.00351466 0.00198994 0.00114663
 1.00479e-16 6.40534e-05 0.000622622 0.00413754 0.0188087 0.0585209 0.124686 0.181987 0.182007 0.124784 0.0588504 0.0197601 0.00652425 0.00582822 0.00993681 0.0162902 0.0233754 0.0292142 0.031835 0.0303247 0.025375 0.0188311 0.0126186 0.00787583 0.00478643 0.00295703
 1.00686e-16 6.97476e-05 0.000677972 0.00450536 0.0204807 0.0637232 0.13577 0.198162 0.198175 0.135832 0.0639338 0.021089 0.00603201 0.00401036 0.0063976 0.0104633 0.0150585 0.0189181 0.0207994 0.0201221 0.0173037 0.0134683 0.00977243 0.0068762 0.00486321 0.00349579
 1.00407e-16 7.20216e-05 0.000700076 0.00465225 0.0211485 0.0658008 0.140196 0.204622 0.204634 0.14025 0.065983 0.0216746 0.00597231 0.00357975 0.00553504 0.00902067 0.01295 0.0162048 0.0176972 0.0169243 0.0142658 0.0107326 0.00737481 0.00480623 0.00311694 0.00208618
 1.00053e-16 8.06348e-05 0.000783799 0.00520862 0.0236776 0.0736699 0.156962 0.22909 0.229092 0.156971 0.0737009 0.0237672 0.00543325 0.00127377 0.00100995 0.0015388 0.00220121 0.00275159 0.00300011 0.00286071 0.00239844 0.00178659 0.00120577 0.000762416 0.000473196 0.000300793
 1.0051e-16 1.5525e-05 0.000150909 0.00100285 0.00455884 0.0141847 0.0302248 0.0441301 0.0442073 0.0306017 0.0154497 0.00821057 0.0101608 0.0201147 0.0378479 0.0623292 0.0892774 0.111197 0.120461 0.113555 0.0932355 0.066805 0.0419437 0.023278 0.0116316 0.0054254
 1.00514e-16 8.03218e-05 0.000780756 0.0051884 0.0235857 0.0733839 0.156352 0.228201 0.228201 0.156356 0.0733963 0.0236219 0.00528055 0.000985827 0.000481178 0.000697912 0.001066 0.00148198 0.00189466 0.00227234 0.00260106 0.00286358 0.00301901 0.00301022 0.00279886 0.0023992
 1.00503e-16 4.68015e-05 0.000454928 0.00302316 0.0137429 0.0427593 0.0911048 0.132979 0.13302 0.0913052 0.0434319 0.0156843 0.00789185 0.011068 0.0201579 0.033133 0.0474482 0.0590863 0.0639912 0.0603004 0.0494911 0.035461 0.0223041 0.0124796 0.00640948 0.0032261
 1.02001e-16 6.38221e-05 0.000620374 0.0041226 0.0187408 0.0583096 0.124235 0.181328 0.181344 0.124311 0.0585634 0.0194747 0.00596794 0.00465856 0.00776159 0.0128041 0.018608 0.0237473 0.0267939 0.0270537 0.0249282 0.0215542 0.0180433 0.0149455 0.0122551 0.00976521
 1.0157e-16 6.17252e-05 0.000599991 0.00398715 0.018125 0.0563938 0.120154 0.175372 0.175393 0.120256 0.0567386 0.0191208 0.00648615 0.00605373 0.0104146 0.0171073 0.0246086 0.0308843 0.0339039 0.0327297 0.0280724 0.0218077 0.0158584 0.0113104 0.00827039 0.00628981
 1.00836e-16 7.08462e-05 0.00068865 0.00457632 0.0208033 0.0647269 0.137908 0.201283 0.201294 0.137964 0.0649147 0.0213458 0.00593814 0.0036618 0.00571822 0.00934318 0.0134562 0.0169277 0.0186545 0.0181222 0.0157013 0.0123849 0.00918896 0.00668461 0.00493163 0.00371099
 1.02887e-16 1.01986e-05 9.9134e-05 0.000658784 0.00299478 0.0093183 0.0198565 0.0289974 0.0290751 0.0202359 0.0105921 0.00667265 0.00988627 0.020228 0.0381946 0.0630114 0.0904955 0.113219 0.123605 0.11814 0.0994884 0.0747322 0.0512315 0.0332908 0.0215408 0.0144251
 1.04006e-16 7.01493e-05 0.000681876 0.00453131 0.0205987 0.0640901 0.136551 0.199301 0.199304 0.136566 0.064142 0.0207506 0.00492054 0.00155781 0.00181045 0.00308171 0.00489646 0.00712123 0.0096359 0.0123303 0.0150643 0.0175661 0.0193866 0.0200207 0.0191549 0.0168669
 1.02546e-16 5.12896e-05 0.000498553 0.00331306 0.0150607 0.0468597 0.0998408 0.145728 0.145761 0.100005 0.0474098 0.0166489 0.00729658 0.0091849 0.0165201 0.027157 0.038948 0.0486334 0.0529395 0.0503844 0.0421945 0.0315315 0.0216608 0.0144596 0.0101178 0.00779542
 1.06497e-16 2.44552e-05 0.000237713 0.00157969 0.00718108 0.0223433 0.0476066 0.0694939 0.0695448 0.0478555 0.0231794 0.00959776 0.00765231 0.0135154 0.0253026 0.04195 0.0607928 0.0771968 0.0864036 0.0861393 0.0778612 0.0655755 0.0532642 0.0429938 0.0348162 0.0278921
 1.04235e-16 6.84154e-05 0.000665022 0.0044193 0.0200895 0.062506 0.133176 0.194376 0.194383 0.133212 0.0626269 0.02044 0.00530425 0.00261373 0.00381896 0.00633512 0.0094234 0.0124879 0.0149556 0.016545 0.0173741 0.0177589 0.0178839 0.017645 0.0167771 0.0151156
 1.01644e-16 6.22785e-05 0.00060537 0.00402289 0.0182875 0.0568993 0.121231 0.176944 0.176966 0.121335 0.0572492 0.0192977 0.00655722 0.00613304 0.0105464 0.0173005 0.0248321 0.0310537 0.033887 0.0323852 0.0273089 0.0206368 0.0144105 0.00980238 0.0069368 0.00530902
 1.04786e-16 1.41998e-05 0.000138027 0.00091724 0.00416968 0.0129738 0.0276445 0.0403622 0.0404298 0.0279749 0.014083 0.00737368 0.00896058 0.0176995 0.0333742 0.0551703 0.0795118 0.100056 0.110313 0.107239 0.0930033 0.0734445 0.0545398 0.0396542 0.0291578 0.0217943
 1.2132e-16 1.95791e-05 0.000190316 0.00126472 0.00574924 0.0178881 0.0381133 0.0556319 0.0556527 0.0382155 0.0182332 0.00675525 0.00382479 0.00589438 0.0111908 0.0193519 0.0299312 0.0419272 0.0541903 0.0659893 0.0770262 0.0867899 0.0939325 0.0964699 0.0928301 0.0829375
pSPR Fmed_Fpbrs
0.227457   0.6 0.325
Fs Fmed_Fpbrs
1.0863   0.308162 0.770083
SSBpbr Bo_Bmed_Bpbrs
1.45063e+06  257425  797846 398923
Ro
57470.1
SPR SPRFo_SPRFmed_SPRFpbrs
409095 93051.6 132956
Fref
0.308162
log_Ro
10.779
likeval ReclasPelacesDesembMPH_pf_preclas_ppelaces_ptallas_desvR_qrecl_qpela
 14.3377 17.3343 0.194076 0.000895358 286.983 105.472 92.0955 0 69.2407 0.000132479 0.000323506 0.00251204 1.14698e-15 0 0
q_reclas_q_pelaces
5.10902 12.9217
M
1
N
 16789 19642 71106.1 9589.01 0.101031
 10640.3 5052.68 5274.78 19095.2 2575.12
 168258 1955.8 626.505 654.044 2687.01
 54079.3 30927.5 242.508 77.6833 414.272
 9971.46 6920.18 2173.84 17.0454 34.5786
 285232 943.033 302.813 95.1229 2.25897
 13371.3 73612.5 199.036 63.9116 20.5534
 3709.96 2046.5 6850.11 18.5216 7.86001
 49435.1 904.12 394.817 1321.55 5.08962
 14763.2 8936.98 109.225 47.697 160.268
 38156.9 1035.39 244.754 2.9913 5.69546
 110382 9331.14 200.837 47.4759 1.685
 76512.8 14555.6 687.485 14.797 3.622
 68771.9 10137.4 1080.41 51.0292 1.36717
 42146.9 5033.71 296.858 31.6381 1.53435
 255520 3322.45 165.579 9.76487 1.09118
 13792.9 40947.5 332.275 16.5594 1.0857
 432752 1890.66 3205.72 26.0133 1.38141
 187832 92735 298.164 505.554 4.32025
 220242 29172.2 8830.01 28.3905 48.5491
 199064 35912.6 2998.01 907.456 7.90704
 406364 35075.7 4167.53 347.908 106.225
 18168.4 70245.9 3950.18 469.341 51.1439
 178218 3509.28 9413.91 529.378 69.7521
 132953 40794.8 613.71 1646.32 104.777
 30610.2 30421.9 7130.06 107.263 306.055
 129658 6687.99 4945.76 1159.15 67.1943
 183055 27206.2 1020.52 754.673 187.128
 23899.4 49402.3 6158.83 231.021 213.201
 10178.3 6415.45 11090.1 1382.56 99.7212
pred_Ctot
 1962.6 3439.37 12450.9 1679.06 0.0176908
 3557.42 2305.87 2407.23 8714.41 1175.19
 56254.4 892.557 285.915 298.483 1226.26
 24221.9 17924.3 140.548 45.022 240.095
 5200.2 4502.57 1414.39 11.0905 22.4983
 55384.1 265.732 85.328 26.8041 0.636541
 5291.28 38646.6 104.494 33.5536 10.7905
 818.438 647.902 2168.68 5.86376 2.4884
 16821.4 418.801 182.885 612.159 2.35759
 8561.89 6276.18 76.7053 33.4962 112.551
 8357.99 325.687 76.989 0.940933 1.79155
 48527.6 5329.46 114.708 27.1157 0.962387
 33536.3 8293.73 391.725 8.43125 2.0638
 39360.7 7053.4 751.728 35.5052 0.951251
 23542 3442.39 203.012 21.6363 1.04929
 97384.4 1691.51 84.2988 4.97144 0.555535
 5912.91 22925.7 186.034 9.27128 0.607863
 119287 730.305 1238.27 10.0482 0.533597
 73465.6 48224.8 155.054 262.903 2.24666
 82694 14670.4 4440.52 14.2773 24.4148
 69531.3 17005.7 1419.65 429.708 3.74423
 144625 16872.3 2004.68 167.352 51.0966
 5743.88 30564.5 1718.75 204.214 22.2531
 44220.5 1234.92 3312.78 186.289 24.546
 33010.5 14364.2 216.092 579.684 36.8928
 8194.49 11452.3 2684.11 40.3792 115.214
 36838.5 2652.86 1961.79 459.791 26.6533
 31611.6 6879.36 258.049 190.827 47.3172
 4189.64 12667.3 1579.19 59.2363 54.6671
 4538.55 3705.18 6404.96 798.486 57.593
F
 0.200804 0.314734 0.314734 0.314734 0.314734
 0.693851 1.08752 1.08752 1.08752 1.08752
 0.69385 1.08752 1.08752 1.08752 1.08752
 1.05601 1.65515 1.65515 1.65515 1.65515
 1.35838 2.12908 2.12908 2.12908 2.12908
 0.35449 0.555616 0.555616 0.555616 0.555616
 0.876981 1.37455 1.37455 1.37455 1.37455
 0.411814 0.645462 0.645462 0.645462 0.645462
 0.710463 1.11355 1.11355 1.11355 1.11355
 1.65737 2.5977 2.5977 2.5977 2.5977
 0.408349 0.640033 0.640033 0.640033 0.640033
 1.02597 1.60807 1.60807 1.60807 1.60807
 1.02123 1.60064 1.60064 1.60064 1.60064
 1.61464 2.53073 2.53073 2.53073 2.53073
 1.54046 2.41446 2.41446 2.41446 2.41446
 0.83101 1.3025 1.3025 1.3025 1.3025
 0.987232 1.54735 1.54735 1.54735 1.54735
 0.54042 0.847036 0.847036 0.847036 0.847036
 0.862332 1.35159 1.35159 1.35159 1.35159
 0.813637 1.27527 1.27527 1.27527 1.27527
 0.736117 1.15376 1.15376 1.15376 1.15376
 0.755247 1.18375 1.18375 1.18375 1.18375
 0.644275 1.00981 1.00981 1.00981 1.00981
 0.474454 0.743643 0.743643 0.743643 0.743643
 0.474832 0.744235 0.744235 0.744235 0.744235
 0.521021 0.81663 0.81663 0.81663 0.81663
 0.561453 0.880002 0.880002 0.880002 0.880002
 0.309792 0.485557 0.485557 0.485557 0.485557
 0.315145 0.493947 0.493947 0.493947 0.493947
 1.04871 1.64371 1.64371 1.64371 1.64371
nmprior
 8 8 7 0
nm_flota  nm_reclas  nm_pelaces    nm_pelaL
inf 17.8298 4.46585 6.02399
cv_recla  cv_pelaces  cv_mph
0.350564 0.489911 0.92343
 ------------------------------------------------
Talla a la edad & desviación 
 8 13.2811 15.8009 17.003 17.5766
 0.8 1.32811 1.58009 1.7003 1.75766
