years
 1991 1992 1993 1994 1995 1996 1997 1998 1999 2000 2001 2002 2003 2004 2005 2006 2007 2008 2009 2010 2011 2012 2013 2014 2015 2016 2017 2018 2019 2020
reclasobs
 0 0 0 0 0 0 0 0 0 252601 567819 844713 477998 351125 339783 2.1784e+06 2.13404e+06 4.81314e+06 1.55562e+06 2.62356e+06 3.21686e+06 3.843e+06 1.13348e+06 3.07943e+06 1.97215e+06 2.03268e+06 2.025e+06 2.42433e+06 2.27542e+06 1.05018e+06
reclaspred
 4.13167e+06 1.45464e+06 854044 461847 76483.2 1.74704e+06 584512 159439 587240 188780 305107 645709 552972 405491 299410 1.84e+06 1.1686e+06 4.68077e+06 3.72165e+06 1.83923e+06 3.78073e+06 3.46331e+06 1.98429e+06 3.77445e+06 2.47889e+06 1.5621e+06 2.52886e+06 3.50645e+06 2.47116e+06 894523
pelacesobs
 0 0 0 0 0 0 0 0 0 0 0 0 0 0 0 552880 188675 0 991730 2.46772e+06 1.41603e+06 1.21717e+06 2.29649e+06 1.80582e+06 0 1.4828e+06 1.56532e+06 1.57751e+06 1.42118e+06 867257
pelacespred
 1.07276e+06 385158 188298 67013.9 10135.7 410771 96526.6 35241.3 127188 30306.7 69344.4 120936 111591 79993.2 57727.6 366164 230083 1.16216e+06 903562 417771 864665 785199 453420 1.00538e+06 620542 384505 731985 989404 578998 240327
mphobs
 0 0 0 0 0 0 0 0 0 0 0 498337 0 5186 125008 0 168611 109162 213762 579715 649985 157893 87575 83554 0 0 0 0 0 0
mphpred
 2.39161e+06 1.10561e+06 278315 247184 69026.4 9613.48 467136 98081.4 32484 133258 25373.3 95940.8 156391 99150 52274.5 53176.5 597983 331508 1.42933e+06 948219 618763 1.00771e+06 1.06256e+06 608402 1.09877e+06 751109 423646 681226 1.27907e+06 651380
desembarqueobs
 494567 514787 250237 358949 120608 361735 552515 73892 212993 205616 52469 317467 293654 387597 252695 516296 358380 742168 942051 627588 828172 859565 418607 520667 417249 300574 407403 355545 319650 289779
desembarquepred
 494520 514545 249831 358584 120496 361532 551753 73859.8 212829 205387 52455.3 317174 293330 386919 252381 515897 358229 741711 940760 626535 827641 858744 418342 520442 416965 300331 407166 355371 319471 289555
Reclutas
 11521.7 7283.87 191986 18875.5 5810.73 285505 8645.68 2258.07 61282.6 10879.4 49401.1 131533 77745.3 68550.8 45303.4 394025 12117.3 717355 312807 122221 391448 519937 16511.2 286880 166670 38395.9 230826 291522 15474.1 7004.86
log_desv_Rt
 -1.60704 -2.0656 1.20616 -1.1134 -2.29156 1.603 -1.8942 -3.23675 0.0642314 -1.66439 -0.151291 0.827995 0.302173 0.17631 -0.237883 1.92515 -1.55663 2.52431 1.69432 0.754568 1.91859 2.20244 -1.24722 1.6078 1.06475 -0.403315 1.3904 1.62385 -1.31209 -2.10466
SSB
 2.39161e+06 1.10561e+06 278315 247184 69026.4 9613.48 467136 98081.4 32484 133258 25373.3 95940.8 156391 99150 52274.5 53176.5 597983 331508 1.42933e+06 948219 618763 1.00771e+06 1.06256e+06 608402 1.09877e+06 751109 423646 681226 1.27907e+06 651380
BT
 2.93081e+06 1.44906e+06 666814 412469 128681 1.26843e+06 710419 151614 484677 252846 204626 540290 519408 586448 383433 1.25131e+06 813672 3.35356e+06 2.97088e+06 1.55987e+06 2.70009e+06 2.58209e+06 1.40739e+06 2.81478e+06 1.82436e+06 1.16308e+06 2.11882e+06 2.63585e+06 1.60347e+06 869867
Ftot
 0.211452 0.59896 0.602119 1.24397 2.14415 0.49163 1.41926 0.790323 0.816737 1.65804 0.395806 1.01955 1.02407 1.77541 1.6517 0.648792 0.531215 0.364686 0.487787 0.625526 0.463256 0.505846 0.370987 0.301406 0.322438 0.353337 0.354031 0.22262 0.229119 0.556184
BD_Bspro_t
 0.966734 0.736346 0.409195 0.401863 0.13205 0.0297153 0.470277 0.141732 0.0765262 0.265406 0.0917632 0.368461 0.324051 0.200688 0.112309 0.119051 0.467817 0.326118 0.603514 0.467376 0.333364 0.444966 0.481568 0.387031 0.561033 0.528572 0.457363 0.599299 0.714519 0.561113
BD_Bspro
 5.84611 2.70258 0.680319 0.604223 0.16873 0.0234994 1.14188 0.239752 0.0794046 0.325738 0.062023 0.23452 0.382286 0.242364 0.127781 0.129986 1.46172 0.810345 3.4939 2.31785 1.51252 2.46326 2.59736 1.48719 2.68585 1.83603 1.03557 1.6652 3.12658 1.59225
BD_Bo
 1.41205 0.652772 0.164322 0.145942 0.0407544 0.00567597 0.275805 0.057909 0.0191791 0.0786777 0.0149808 0.0566452 0.0923361 0.0585399 0.0308638 0.0313964 0.35306 0.195728 0.843905 0.559845 0.365328 0.594968 0.627357 0.359212 0.648731 0.443468 0.250128 0.402208 0.755184 0.384586
BD_Brms
 7.96496 3.68209 0.926893 0.823216 0.229884 0.0320165 1.55574 0.326648 0.108184 0.443798 0.0845025 0.319519 0.520841 0.330207 0.174094 0.177098 1.99151 1.10405 4.76022 3.15792 2.06071 3.35604 3.53874 2.02621 3.6593 2.50147 1.4109 2.26874 4.25977 2.16934
Sel_flota
 0.726573 1 1 1 1
 0.726573 1 1 1 1
 0.726573 1 1 1 1
 0.726573 1 1 1 1
 0.726573 1 1 1 1
 0.726573 1 1 1 1
 0.726573 1 1 1 1
 0.726573 1 1 1 1
 0.726573 1 1 1 1
 0.726573 1 1 1 1
 0.726573 1 1 1 1
 0.726573 1 1 1 1
 0.726573 1 1 1 1
 0.726573 1 1 1 1
 0.726573 1 1 1 1
 0.726573 1 1 1 1
 0.726573 1 1 1 1
 0.726573 1 1 1 1
 0.726573 1 1 1 1
 0.726573 1 1 1 1
 0.726573 1 1 1 1
 0.726573 1 1 1 1
 0.726573 1 1 1 1
 0.726573 1 1 1 1
 0.726573 1 1 1 1
 0.726573 1 1 1 1
 0.726573 1 1 1 1
 0.726573 1 1 1 1
 0.726573 1 1 1 1
 0.726573 1 1 1 1
Sel_reclas
 1 1 1 1 1
 1 1 1 1 1
 1 1 1 1 1
 1 1 1 1 1
 1 1 1 1 1
 1 1 1 1 1
 1 1 1 1 1
 1 1 1 1 1
 1 1 1 1 1
 1 1 1 1 1
 1 1 1 1 1
 1 1 1 1 1
 1 1 1 1 1
 1 1 1 1 1
 1 1 1 1 1
 1 1 1 1 1
 1 1 1 1 1
 1 1 1 1 1
 1 1 1 1 1
 1 1 1 1 1
 1 1 1 1 1
 1 1 1 1 1
 1 1 1 1 1
 1 1 1 1 1
 1 1 1 1 1
 1 1 1 1 1
 1 1 1 1 1
 1 1 1 1 1
 1 1 1 1 1
 1 1 1 1 1
Sel_pelaces
 1 1 1 1 1
 1 1 1 1 1
 1 1 1 1 1
 1 1 1 1 1
 1 1 1 1 1
 1 1 1 1 1
 1 1 1 1 1
 1 1 1 1 1
 1 1 1 1 1
 1 1 1 1 1
 1 1 1 1 1
 1 1 1 1 1
 1 1 1 1 1
 1 1 1 1 1
 1 1 1 1 1
 1 1 1 1 1
 1 1 1 1 1
 1 1 1 1 1
 1 1 1 1 1
 1 1 1 1 1
 1 1 1 1 1
 1 1 1 1 1
 1 1 1 1 1
 1 1 1 1 1
 1 1 1 1 1
 1 1 1 1 1
 1 1 1 1 1
 1 1 1 1 1
 1 1 1 1 1
 1 1 1 1 1
pf_obs 
 0.8446 0.082 0.0669 0.0065 0
 0.8095 0.147 0.0364 0.0071 0
 0.9664 0.0169 0.016 0.0007 0
 0.9276 0.0648 0.0075 0.0001 0
 0.7033 0.2144 0.0806 0.0017 0
 0.9318 0.0425 0.0243 0.0014 0
 0.5671 0.3108 0.0964 0.0239 0.0018
 0.0768 0.2599 0.5324 0.112 0.0189
 0.490249 0.384438 0.106611 0.0170017 0.00170017
 0.7925 0.1577 0.0466 0.003 0.0002
 0.840416 0.127587 0.0312969 0.00059994 9.999e-05
 0.8084 0.0986 0.0794 0.0134 0.0002
 0.7335 0.1905 0.0724 0.0035 0.0001
 0.4001 0.4547 0.1325 0.0127 0
 0.49795 0.308269 0.164784 0.0264974 0.00249975
 0.9179 0.0499 0.0305 0.0017 0
 0.2467 0.6533 0.0926 0.0074 0
 0.9418 0.0223 0.034 0.0019 0
 0.707729 0.231977 0.0356964 0.0245975 0
 0.517169 0.277429 0.184464 0.0207286 0.00020938
 0.811772 0.124168 0.05621 0.00726502 0.000585176
 0.764997 0.148141 0.077277 0.00933861 0.000247198
 0.163321 0.427699 0.378323 0.0303852 0.000271297
 0.753843 0.0900009 0.118128 0.0371064 0.000921714
 0.721811 0.176058 0.0630433 0.0369309 0.00215725
 0.143369 0.312575 0.442814 0.0836902 0.0175525
 0.692698 0.0596174 0.167031 0.0765114 0.00414204
 0.394062 0.376323 0.152708 0.0712218 0.00568511
 0.125707 0.32114 0.495352 0.0537591 0.00404204
 0.23352 0.215282 0.420074 0.123614 0.00750983
pf_pred 
 0.0555238 0.189579 0.675476 0.0794209 6.66029e-07
 0.106904 0.0690163 0.165413 0.58937 0.0692974
 0.929609 0.0108591 0.00460048 0.011026 0.0439053
 0.243271 0.720926 0.00552316 0.00233991 0.0279393
 0.388112 0.218163 0.375096 0.00287369 0.0157542
 0.996396 0.00205311 0.000552895 0.000950612 4.7209e-05
 0.088313 0.909487 0.0012536 0.000337591 0.000609257
 0.187613 0.119827 0.690889 0.000952296 0.00071927
 0.965014 0.00934623 0.00378191 0.0218054 5.2757e-05
 0.417169 0.569807 0.00347908 0.00140779 0.00813657
 0.947074 0.0303454 0.0220761 0.00013479 0.000369778
 0.881659 0.114007 0.00248494 0.00180778 4.13183e-05
 0.714171 0.264313 0.0207282 0.0004518 0.000336193
 0.774079 0.181826 0.0407759 0.00319776 0.000121565
 0.826012 0.151083 0.0184339 0.00413393 0.00033652
 0.98208 0.0161101 0.00157154 0.000191746 4.65008e-05
 0.0922864 0.897069 0.00956985 0.000933538 0.000141525
 0.959588 0.00536439 0.0346369 0.000369504 4.15095e-05
 0.534589 0.452381 0.00172963 0.0111679 0.000132522
 0.425669 0.362865 0.205545 0.000785881 0.00513451
 0.847642 0.0809915 0.0450896 0.0255411 0.000735668
 0.77558 0.200225 0.0128618 0.00716044 0.00417288
 0.0732224 0.776797 0.133811 0.00859557 0.00757406
 0.827964 0.0178328 0.129248 0.0222642 0.0026904
 0.563957 0.381271 0.00567758 0.0411498 0.007945
 0.280471 0.469465 0.218652 0.003256 0.0281551
 0.852541 0.0534658 0.0613273 0.028563 0.0041033
 0.747211 0.226005 0.00971156 0.0111395 0.00593353
 0.0926994 0.733448 0.155432 0.00667899 0.0117417
 0.12476 0.111494 0.617401 0.130839 0.0155062
pobs_RECLAS
 0 0 0 0 0
 0 0 0 0 0
 0 0 0 0 0
 0 0 0 0 0
 0 0 0 0 0
 0 0 0 0 0
 0 0 0 0 0
 0 0 0 0 0
 0 0 0 0 0
 0 0 0 0 0
 0.991045 0.00858322 0.000360255 1.14367e-05 0
 0.934742 0.0480273 0.0164251 0.00080598 0
 0.827803 0.169806 0.00239088 0 0
 0.941827 0.0461693 0.0120037 0 0
 0.791401 0.0380133 0.147996 0.0225897 0
 0.846168 0.0940531 0.0597789 0 0
 0.134021 0.677848 0.182769 0.00536245 0
 0.80878 0.0450904 0.141981 0.00414843 0
 0.846168 0.0940531 0.0597789 0 0
 0.905697 0.0802665 0.012482 0.00150086 5.37128e-05
 0.989698 0.0102097 9.19794e-05 0 0
 0.975433 0.0193895 0.00387452 0.00125025 5.28907e-05
 0.303575 0.632131 0.0575291 0.00676475 0
 0.966965 0.00978017 0.0227588 0.000495775 0
 0.843318 0.132988 0.00938335 0.0141283 0.000182051
 0.564624 0.303363 0.111486 0.0197234 0.00080311
 0.826376 0.0876187 0.0782897 0.00655872 0.00115652
 0.89761 0.0855135 0.0140674 0.00269457 0.000114338
 0.34875 0.467042 0.161289 0.0227151 0.000203297
 0.318654 0.224769 0.449479 0.00709798 0
ppred_RECLAS
 0.0752413 0.185621 0.661374 0.0777629 6.52125e-07
 0.143884 0.0661586 0.158563 0.564966 0.066428
 0.948836 0.00789293 0.00334387 0.00801431 0.0319127
 0.318544 0.649215 0.00497377 0.00210716 0.0251602
 0.496876 0.179385 0.308422 0.00236289 0.0129539
 0.997419 0.00147039 0.00039597 0.000680805 3.38099e-05
 0.12473 0.873157 0.00120353 0.000324106 0.00058492
 0.246525 0.111137 0.640787 0.000883238 0.00066711
 0.975081 0.00665686 0.00269367 0.0155309 3.75762e-05
 0.517212 0.472 0.00288189 0.00116614 0.00673993
 0.961419 0.0221206 0.0160926 9.82567e-05 0.000269554
 0.914428 0.0824379 0.00179685 0.00130719 2.9877e-05
 0.781887 0.201694 0.0158175 0.000344763 0.000256545
 0.838049 0.130341 0.02923 0.0022923 8.7143e-05
 0.876579 0.107173 0.0130763 0.00293247 0.000238715
 0.987199 0.0115081 0.00112262 0.000136972 3.32175e-05
 0.124601 0.865133 0.00922915 0.000900304 0.000136486
 0.970614 0.00390075 0.0251865 0.000268687 3.01839e-05
 0.61616 0.373094 0.00142648 0.00921056 0.000109296
 0.510249 0.309427 0.175276 0.000670148 0.00437837
 0.885943 0.0606311 0.0337546 0.0191203 0.000550729
 0.828569 0.152949 0.00982493 0.00546974 0.00318759
 0.0990391 0.755159 0.130083 0.00835613 0.00736307
 0.869792 0.0134971 0.0978239 0.0168511 0.00203628
 0.6424 0.312681 0.00465619 0.033747 0.0065157
 0.351491 0.423127 0.197071 0.00293462 0.0253761
 0.889371 0.040112 0.0460099 0.021429 0.00307844
 0.803626 0.175567 0.0075442 0.00865348 0.00460933
 0.123945 0.708189 0.150079 0.00644897 0.0113374
 0.166508 0.106176 0.587952 0.124598 0.0147666
pobs_PELACES
 0 0 0 0 0
 0 0 0 0 0
 0 0 0 0 0
 0 0 0 0 0
 0 0 0 0 0
 0 0 0 0 0
 0 0 0 0 0
 0 0 0 0 0
 0 0 0 0 0
 0 0 0 0 0
 0 0 0 0 0
 0 0 0 0 0
 0 0 0 0 0
 0 0 0 0 0
 0 0 0 0 0
 0 0 0 0 0
 0.505614 0.472636 0.0217494 0 0
 0 0 0 0 0
 0.443492 0.261883 0.143347 0.151278 0
 0.227955 0.32914 0.350689 0.0885471 0.00366901
 0.970185 0.0296113 0.000203453 0 0
 0.997202 0.00247181 0.000326279 0 0
 0.445219 0.490057 0.0546422 0.010081 0
 0.90214 0.0892962 0.00764917 0.000914606 0
 0 0 0 0 0
 0.581667 0.319106 0.0959925 0.00289975 0.000334073
 0.762889 0.0836404 0.116647 0.0363945 0.000428098
 0.88444 0.0763242 0.0277011 0.0115352 0
 0.521256 0.241999 0.230069 0.00667565 0
 0.616807 0.101726 0.260614 0.0208532 0
ppred_PELACES
 0.0765796 0.185353 0.660417 0.0776503 6.51181e-07
 0.15067 0.0656341 0.157306 0.560488 0.0659014
 0.95141 0.00749583 0.00317564 0.0076111 0.0303071
 0.343389 0.625546 0.00479243 0.00203033 0.0242429
 0.54512 0.162184 0.278848 0.00213631 0.0117117
 0.997531 0.00140674 0.000378831 0.000651337 3.23465e-05
 0.139396 0.858527 0.00118336 0.000318675 0.000575119
 0.260009 0.109149 0.62932 0.000867431 0.000655172
 0.97681 0.00619489 0.00250674 0.0144531 3.49685e-05
 0.554404 0.435639 0.00265988 0.00107631 0.00622071
 0.962722 0.0213735 0.0155491 9.4938e-05 0.000260449
 0.921358 0.0757623 0.00165134 0.00120134 2.74577e-05
 0.797234 0.187502 0.0147045 0.000320504 0.000238493
 0.858633 0.113775 0.0255149 0.00200096 7.60673e-05
 0.89182 0.0939393 0.0114616 0.00257036 0.000209238
 0.987918 0.0108617 0.00105956 0.000129278 3.13516e-05
 0.129924 0.859872 0.00917304 0.000894829 0.000135657
 0.971538 0.00377807 0.0243944 0.000260237 2.92346e-05
 0.626514 0.363029 0.001388 0.00896209 0.000106347
 0.524341 0.300523 0.170232 0.000650864 0.00425239
 0.890099 0.0584218 0.0325246 0.0184236 0.000530661
 0.834956 0.147251 0.00945893 0.00526597 0.00306884
 0.102066 0.752621 0.129646 0.00832805 0.00733833
 0.872841 0.013181 0.0955331 0.0164565 0.00198859
 0.649056 0.306861 0.00456953 0.0331189 0.00639444
 0.358793 0.418364 0.194852 0.00290158 0.0250904
 0.892475 0.0389865 0.044719 0.0208278 0.00299206
 0.806777 0.17275 0.00742316 0.00851464 0.00453537
 0.126208 0.706361 0.149691 0.00643232 0.0113081
 0.173589 0.105274 0.582956 0.123539 0.0146411
pobs_pel_tallas
 0 0 0 0 0 0 0 0 0 0 0 0 0 0 0 0 0 0 0 0 0 0 0 0 0 0
 0 0 0 0 0 0 0 0 0 0 0 0 0 0 0 0 0 0 0 0 0 0 0 0 0 0
 0 0 0 0 0 0 0 0 0 0 0 0 0 0 0 0 0 0 0 0 0 0 0 0 0 0
 0 0 0 0 0 0 0 0 0 0 0 0 0 0 0 0 0 0 0 0 0 0 0 0 0 0
 0 0 0 0 0 0 0 0 0 0 0 0 0 0 0 0 0 0 0 0 0 0 0 0 0 0
 0 0 0 0 0 0 0 0 0 0 0 0 0 0 0 0 0 0 0 0 0 0 0 0 0 0
 0 0 0 0 0 0 0 0 0 0 0 0 0 0 0 0 0 0 0 0 0 0 0 0 0 0
 0 0 0 0 0 0 0 0 0 0 0 0 0 0 0 0 0 0 0 0 0 0 0 0 0 0
 0 0 0 0 0 0 0 0 0 0 0 0 0 0 0 0 0 0 0 0 0 0 0 0 0 0
 0 0 0 0 0 0 0 0 0 0 0 0 0 0 0 0 0 0 0 0 0 0 0 0 0 0
 0 0 0 0 0 0 0 0 0 0 0 0 0 0 0 0 0 0 0 0 0 0 0 0 0 0
 0 0 0 0 0 0 0 0 0 0 0 0 0 0 0 0 0 0 0 0 0 0 0 0 0 0
 0.00862536 0 0 0.000197151 0.00414017 0.0128641 0.00837892 0.0270097 0.101434 0.158115 0.152841 0.127902 0.109271 0.109419 0.0830992 0.0579132 0.0238553 0.00714673 0.00463305 0.00128148 0.00103504 0.000492878 0.000147863 0.000147863 4.92878e-05 0
 0 0 0 0 0 0 0 0 0 0 0 0 0 0 0 0 0 0 0 0 0 0 0 0 0 0
 0 0 0 0 0 0 0 0.0054083 0.00873648 0.0413646 0.0450493 0.0745869 0.0622846 0.0627006 0.0613931 0.0827291 0.12552 0.122667 0.0946155 0.0697135 0.0546179 0.0294188 0.0215738 0.0213955 0.0102223 0.00600262
 0 0 0 0 0.00359764 0.0251062 0.0480494 0.140153 0.205849 0.193036 0.1447 0.116669 0.0760912 0.0342217 0.00950174 0.001854 0.000860785 0 0 0 0.000165536 0 0.000143464 0 0 0
 0 0 0 0 0 0 0 0.000145254 0.000435761 0.0275982 0.070085 0.0708112 0.156366 0.174668 0.174014 0.160142 0.0824315 0.0480064 0.0283245 0.00493863 0.00203355 0 0 0 0 0
 0 0 0 0 0 0 0 0 0 0 0 0 0 0 0 0 0 0 0 0 0 0 0 0 0 0
 0 0 1.00437e-05 0.000401748 0.00122533 0.00171747 0.00176769 0.0269171 0.070346 0.194647 0.189555 0.159765 0.064822 0.0314167 0.0384472 0.0292271 0.0345202 0.0313363 0.0194345 0.0106764 0.0143323 0.0359363 0.0279516 0.0138201 0.00172751 0
 0 0.0021121 0.0136068 0.0755702 0.200478 0.177729 0.0527432 0.0373336 0.0318909 0.0142505 0.0149659 0.0166563 0.0217959 0.0798694 0.0677717 0.0528807 0.04013 0.0224614 0.0357745 0.0225083 0.00881397 0.00855152 0.00135912 0.000746735 0 0
 0 0 0 0 5.4009e-05 0.00500934 0.000945158 0.0243581 0.138947 0.33067 0.221406 0.137944 0.0707744 0.0437923 0.0131692 0.00525238 0.0047753 0.00276346 9.45158e-05 9.00151e-06 2.25038e-05 9.00151e-06 4.50075e-06 0 0 0
 0.000866109 0.00284123 0.00948549 0.0512746 0.133035 0.25785 0.225252 0.132002 0.0553304 0.0519788 0.0540692 0.017754 0.00435017 0.00159236 0.00146478 0.000404838 0.000125132 0.000115318 0.000107957 0.000100596 0 0 0 0 0 0
 0 0 0 0 0.00144013 0.00171154 0.00461396 0.0210425 0.0478622 0.0707936 0.0888783 0.103762 0.0637923 0.0337046 0.0602308 0.124433 0.169614 0.0934646 0.0462172 0.0250306 0.0313229 0.00938855 0.002487 0.000210481 0 0
 0 0.00764035 0.051015 0.0998891 0.058973 0.0496711 0.0374665 0.0718981 0.12319 0.153886 0.159021 0.0857701 0.0377988 0.023471 0.0147837 0.00900784 0.00315554 0.000888139 0.00291439 0.00214683 0.00393193 0.00274676 0.000635225 9.99891e-05 0 0
 0 0 0 0 0 0 0 0 0 0 0 0 0 0 0 0 0 0 0 0 0 0 0 0 0 0
 0 0 0 0 0 0 0 0 0 0 0 0 0 0 0 0 0 0 0 0 0 0 0 0 0 0
 0 0 0 0 0 0 0 0 0 0 0 0 0 0 0 0 0 0 0 0 0 0 0 0 0 0
 0 0 0 0 0 0 0 0 0 0 0 0 0 0 0 0 0 0 0 0 0 0 0 0 0 0
 0 0 0 0 0 0 0 0 0 0 0 0 0 0 0 0 0 0 0 0 0 0 0 0 0 0
 0 0 0 0 0 0 0 0 0 0 0 0 0 0 0 0 0 0 0 0 0 0 0 0 0 0
ppred_pel_tallas
 1.26893e-16 6.3078e-06 6.13141e-05 0.000407455 0.00185224 0.00576311 0.0122796 0.0179264 0.0179453 0.0123723 0.00607717 0.00277217 0.00276497 0.00536776 0.0105527 0.0186572 0.0297195 0.0432973 0.0587392 0.0754454 0.0926322 0.10868 0.12082 0.125844 0.121625 0.108392
 1.71918e-16 1.24105e-05 0.000120635 0.000801661 0.00364424 0.0113386 0.0241584 0.0352613 0.035268 0.0241916 0.0114518 0.00397733 0.00166236 0.00208415 0.0040009 0.00730861 0.0122987 0.0194412 0.0294954 0.0435207 0.0624573 0.0862744 0.113132 0.139201 0.159484 0.169413
 1.05986e-16 7.83664e-05 0.000761749 0.00506209 0.0230115 0.0715974 0.152546 0.222645 0.222646 0.15255 0.0716095 0.0230467 0.00515111 0.000958739 0.000460905 0.000662032 0.00100859 0.0014157 0.00187689 0.00244436 0.00322447 0.00432619 0.00578006 0.00747606 0.00916049 0.0105
 1.04605e-16 2.82846e-05 0.000274937 0.00182705 0.00830555 0.025842 0.0550613 0.0803762 0.0804364 0.0553552 0.0268284 0.011153 0.00896827 0.0158433 0.0295342 0.0486218 0.0696685 0.0868413 0.0942329 0.0891617 0.0738443 0.05403 0.0357149 0.0224342 0.0146663 0.0109501
 1.10285e-16 4.49009e-05 0.000436453 0.00290038 0.0131847 0.0410226 0.0874037 0.127572 0.127588 0.0874822 0.0412874 0.0139544 0.0048512 0.00475761 0.00843417 0.0143469 0.021764 0.0296522 0.0368974 0.0428402 0.0474189 0.0507379 0.0525149 0.0520184 0.0485944 0.0422959
 1.00083e-16 8.21653e-05 0.000798676 0.00530748 0.024127 0.0750682 0.159941 0.233438 0.233438 0.159941 0.0750704 0.0241335 0.00532373 0.000834242 0.000149998 0.0001187 0.000164882 0.000211309 0.000241439 0.000250334 0.000243112 0.000230853 0.000222959 0.000221734 0.00022255 0.000218199
 1.00383e-16 1.1482e-05 0.000111609 0.000741688 0.00337166 0.0104909 0.0223551 0.0326452 0.0327277 0.0227583 0.0118444 0.00727846 0.0105387 0.0214666 0.0404745 0.0666477 0.0954287 0.118786 0.128547 0.120951 0.0989674 0.0704538 0.0436827 0.0236518 0.011262 0.00480552
 1.18387e-16 2.14166e-05 0.000208177 0.00138341 0.0062888 0.0195669 0.0416897 0.0608497 0.0608611 0.0417461 0.0197592 0.00685634 0.00285319 0.00356579 0.00683336 0.0123933 0.0204697 0.0311636 0.0443607 0.0596323 0.0758797 0.0909378 0.101704 0.105129 0.0996608 0.0861867
 1.0153e-16 8.04586e-05 0.000782086 0.00519724 0.0236259 0.0735089 0.156618 0.228589 0.22859 0.156621 0.0735188 0.0236548 0.00527016 0.000942839 0.000390572 0.000531764 0.000791957 0.00107258 0.00134043 0.00159895 0.00188745 0.00225109 0.00269618 0.00316438 0.0035465 0.00372774
 1.01349e-16 4.56657e-05 0.000443886 0.00294978 0.0134093 0.0417216 0.0888938 0.129752 0.129794 0.0890984 0.0424085 0.0153921 0.00792218 0.0112833 0.0205867 0.033844 0.0484736 0.0603799 0.0654278 0.0617246 0.0507885 0.0366073 0.0233624 0.0135544 0.00758991 0.0045468
 1.00508e-16 7.92981e-05 0.000770806 0.00512228 0.0232851 0.0724487 0.15436 0.225293 0.225295 0.15437 0.0724829 0.0233842 0.00537173 0.00131836 0.00112795 0.00176188 0.00258273 0.00335581 0.00389623 0.00411201 0.00404135 0.00380224 0.00349798 0.00316103 0.0027707 0.00230917
 1.00193e-16 7.5891e-05 0.000737688 0.00490219 0.0222847 0.0693359 0.147728 0.215615 0.215622 0.147763 0.0694554 0.0226296 0.00576741 0.00262411 0.00365164 0.00589871 0.00844761 0.0105341 0.0114368 0.0108262 0.00896253 0.00653149 0.00424987 0.00254328 0.00147843 0.000898929
 1.00545e-16 6.56672e-05 0.000638308 0.00424178 0.0192825 0.0599953 0.127827 0.186571 0.186589 0.127915 0.0602913 0.0201374 0.00638662 0.00531707 0.00894131 0.0146509 0.0210347 0.0263148 0.0287243 0.0274435 0.0230877 0.0173005 0.0117927 0.00756951 0.0047871 0.00309524
 1.0098e-16 7.07245e-05 0.000687467 0.00456846 0.0207676 0.0646157 0.137671 0.200937 0.200948 0.137725 0.0647959 0.0212882 0.00587601 0.00354396 0.00550177 0.00899912 0.0129921 0.0164094 0.0182045 0.0178851 0.0157881 0.0128275 0.00992717 0.0075904 0.00585505 0.00452531
 1.00649e-16 7.3458e-05 0.000714038 0.00474503 0.0215702 0.0671131 0.142992 0.208703 0.208712 0.143036 0.0672616 0.0219991 0.00582129 0.003063 0.004533 0.00737353 0.0106048 0.0133142 0.0146247 0.0141313 0.0121366 0.00944385 0.00687699 0.00490217 0.00356805 0.00268788
 1.00052e-16 8.13735e-05 0.000790979 0.00525634 0.0238945 0.0743448 0.158399 0.231189 0.23119 0.158405 0.074362 0.0239441 0.00538067 0.00106226 0.000596172 0.000855696 0.00122211 0.00153097 0.00167576 0.00160907 0.00136626 0.00104154 0.000732345 0.000495045 0.000337181 0.000237865
 1.00598e-16 1.07019e-05 0.000104026 0.000691295 0.00314258 0.00977816 0.0208365 0.0304288 0.0305115 0.0212404 0.011134 0.00705641 0.0105065 0.0215007 0.0405585 0.0668024 0.0956853 0.119179 0.129109 0.121711 0.0999391 0.0716226 0.0449928 0.0250067 0.012544 0.00590821
 1.00737e-16 8.00243e-05 0.000777865 0.00516918 0.0234984 0.0731121 0.155773 0.227356 0.227356 0.155775 0.0731189 0.0235183 0.00522101 0.000896817 0.000322917 0.000451286 0.000744516 0.00114777 0.00165657 0.00225652 0.00290385 0.00351051 0.00395125 0.00410402 0.00390644 0.00339206
 1.0105e-16 5.16052e-05 0.000501621 0.00333345 0.0151534 0.0471481 0.100455 0.146625 0.14666 0.100626 0.0477205 0.0168058 0.00747726 0.009535 0.0171708 0.0282088 0.0404063 0.0503431 0.0545777 0.0515385 0.0424931 0.0307598 0.0198085 0.0116988 0.00674381 0.00415899
 1.05775e-16 4.31894e-05 0.000419816 0.00278983 0.0126822 0.0394591 0.0840728 0.122713 0.122742 0.0842154 0.0399383 0.0140689 0.00627999 0.00806924 0.0146594 0.0243959 0.0356687 0.0459471 0.0526246 0.0544078 0.0519479 0.0471485 0.0417829 0.0365927 0.0314157 0.0259153
 1.02892e-16 7.33163e-05 0.000712661 0.00473588 0.0215286 0.0669836 0.142716 0.208299 0.208305 0.142744 0.0670769 0.0217987 0.00541585 0.00220428 0.00292762 0.00478069 0.00701428 0.00910731 0.0105819 0.0112245 0.0111921 0.0108585 0.0105254 0.0102403 0.00983711 0.00911708
 1.01359e-16 6.87742e-05 0.00066851 0.00444248 0.0201949 0.0628339 0.133875 0.195397 0.195411 0.133944 0.0630664 0.0208662 0.00612677 0.00434266 0.00703893 0.011508 0.016525 0.0206858 0.0226129 0.0216795 0.0183891 0.0140487 0.0100026 0.00701605 0.00516061 0.00409512
 1.06011e-16 8.40723e-06 8.17214e-05 0.000543071 0.00246876 0.00768163 0.0163692 0.0239066 0.0239791 0.0167238 0.0088724 0.00590845 0.00917847 0.0189372 0.0358305 0.059252 0.0854205 0.107547 0.118682 0.115571 0.100545 0.0798581 0.059893 0.0442137 0.0331663 0.025362
 1.04748e-16 7.18947e-05 0.000698843 0.00464405 0.0211112 0.0656848 0.139948 0.204259 0.204261 0.139955 0.0657088 0.0211824 0.00483013 0.00112923 0.00096023 0.00165909 0.00281607 0.00444686 0.0065958 0.00925124 0.0122662 0.0152855 0.0177636 0.0191222 0.0189869 0.0173617
 1.04614e-16 5.34619e-05 0.000519669 0.00345339 0.0156986 0.0488443 0.104069 0.151898 0.151928 0.104213 0.0493285 0.0170965 0.00695999 0.0081672 0.0145564 0.0239267 0.0343433 0.0429538 0.0469118 0.0449572 0.0382113 0.0294753 0.021594 0.0161286 0.0131011 0.0116106
 1.10267e-16 2.95534e-05 0.000287269 0.00190901 0.00867809 0.027001 0.05753 0.0839751 0.0840157 0.0577281 0.0276669 0.0106042 0.00675394 0.010897 0.0202763 0.0337265 0.0491677 0.0630478 0.0717147 0.0734122 0.069197 0.0619665 0.0544616 0.0478908 0.0420003 0.0360627
 1.03896e-16 7.3512e-05 0.000714563 0.00474852 0.0215861 0.0671623 0.143097 0.208854 0.208858 0.143115 0.0672254 0.0217692 0.00521142 0.00173633 0.00204733 0.00335618 0.00503535 0.00677306 0.00830306 0.0095084 0.0104605 0.0112982 0.0120492 0.0125554 0.0125642 0.0118972
 1.0188e-16 6.64532e-05 0.000645949 0.00429256 0.0195134 0.0607134 0.129357 0.188804 0.18882 0.129438 0.060986 0.0203006 0.00626746 0.00495341 0.0082362 0.0134829 0.0193521 0.0242054 0.026428 0.0252915 0.0214014 0.0163113 0.0116165 0.00822053 0.00619341 0.00510286
 1.0706e-16 1.03957e-05 0.00010105 0.000671517 0.00305266 0.00949832 0.0202397 0.0295547 0.0296229 0.0205727 0.0106168 0.0062841 0.00878623 0.0178265 0.0337059 0.0557875 0.0805484 0.101668 0.112671 0.110511 0.0973186 0.0788311 0.0608571 0.0465718 0.0362082 0.0284835
 1.31717e-16 1.42984e-05 0.000138985 0.000923605 0.00419858 0.0130634 0.0278334 0.0406259 0.040637 0.0278879 0.0132491 0.00474692 0.00234483 0.00339012 0.00662537 0.012073 0.0200631 0.0308317 0.0444856 0.0609009 0.0793105 0.0977811 0.113164 0.121941 0.121661 0.112108
pSPR Fmed_Fpbrs
0.380719   0.227283 0.227283
Fs Fmed_Fpbrs
0.59913   1.005 1.005
SSBpbr Bo_Bmed_Bpbrs
1.69372e+06  560143  300267 300267
Ro
57470.1
SPR SPRFo_SPRFmed_SPRFpbrs
409095 155750 92980.2
Fref
1.005
log_Ro
10.779
likeval ReclasPelacesDesembMPH_pf_preclas_ppelaces_ptallas_desvR_qrecl_qpela
 14.5077 65.8508 0.130671 0.00162397 296.931 110.856 90.6723 0 105.17 1.94506e-05 0 0.0248563 0 0 0
q_reclas_q_pelaces
1.86816 1
M
1
N
 11521.7 29257.8 104246 12257.1 0.102789
 7283.87 3634.94 8711.93 31040.9 3649.75
 191986 1734.07 734.646 1760.74 7011.2
 18875.5 45601.5 349.362 148.008 1767.28
 5810.73 2812.38 4835.42 37.0452 203.09
 285505 450.151 121.224 208.425 10.3507
 8645.68 73483 101.286 27.276 49.2256
 2258.07 1134.12 6539.04 9.01318 6.80766
 61282.6 467.799 189.293 1091.41 2.6406
 10879.4 12454.4 76.0431 30.7705 177.843
 49401.1 1199.84 872.872 5.3295 14.6208
 131533 13631.6 297.12 216.152 4.94035
 77745.3 23068.9 1809.13 39.4325 29.3425
 68550.8 13590.6 3047.79 239.017 9.08633
 45303.4 6942.14 847.019 189.95 15.4628
 394025 5019.33 489.636 59.741 14.488
 12117.3 90470.2 965.128 94.1482 14.2729
 717355 3030.32 19566.2 208.731 23.4485
 312807 202472 774.128 4998.41 59.3128
 122221 80735.2 45732.6 174.854 1142.4
 391448 28541 15889.3 9000.56 259.246
 519937 102849 6606.71 3678.09 2143.47
 16511.2 132446 22815 1465.56 1291.39
 286880 4638.97 33622.2 5791.73 699.871
 166670 84780.9 1262.49 9150.24 1766.68
 38395.9 48508.7 22592.8 336.434 2909.19
 230826 10926.9 12533.5 5837.46 838.595
 291522 65656.3 2821.29 3236.12 1723.74
 15474.1 91228.2 19333 830.75 1460.47
 7004.86 4819.64 26688.8 5655.87 670.297
pred_Ctot
 1050.31 3586.16 12777.6 1502.36 0.0125989
 1682.85 1086.43 2603.87 9277.67 1090.86
 44550.8 520.412 220.474 528.414 2104.13
 7625.91 22599.1 173.137 73.3499 875.825
 3264.87 1835.23 3155.37 24.174 132.527
 55802.5 114.983 30.9645 53.2384 2.64391
 3813.47 39272.8 54.1322 14.5776 26.3085
 653.033 417.088 2404.81 3.31471 2.5036
 18184.5 176.119 71.2656 410.897 0.994143
 5289.14 7224.39 44.11 17.8489 103.161
 7989.14 255.982 186.225 1.13703 3.1193
 46156.2 5968.45 130.091 94.6399 2.16308
 27370 10129.6 794.392 17.3149 12.8843
 34704.9 8151.96 1828.14 143.368 5.4502
 21973.8 4019.16 490.383 109.972 8.95219
 97250.8 1595.31 155.622 18.9877 4.60476
 2530.56 24598.3 262.412 25.5983 3.88071
 107852 602.923 3892.97 41.5298 4.6654
 60727 51388.5 196.478 1268.63 15.0539
 29272.6 24953.6 14135 54.0438 353.092
 72677 6944.23 3865.99 2189.9 63.0764
 104141 26885.2 1727.02 961.467 560.312
 2520.71 26741.5 4606.47 295.905 260.74
 36307.3 781.993 5667.7 976.314 117.978
 22428 15162.7 225.792 1636.49 315.964
 5611.39 9392.61 4374.59 65.1429 563.299
 33793.6 2119.32 2430.94 1132.2 162.649
 27886.8 8434.76 362.446 415.74 221.446
 1520.54 12030.7 2549.54 109.555 192.599
 1520.92 1359.2 7526.58 1595.02 189.032
F
 0.153635 0.211452 0.211452 0.211452 0.211452
 0.435188 0.59896 0.59896 0.59896 0.59896
 0.437484 0.602119 0.602119 0.602119 0.602119
 0.903837 1.24397 1.24397 1.24397 1.24397
 1.55788 2.14415 2.14415 2.14415 2.14415
 0.357206 0.49163 0.49163 0.49163 0.49163
 1.0312 1.41926 1.41926 1.41926 1.41926
 0.574227 0.790323 0.790323 0.790323 0.790323
 0.593419 0.816737 0.816737 0.816737 0.816737
 1.20469 1.65804 1.65804 1.65804 1.65804
 0.287582 0.395806 0.395806 0.395806 0.395806
 0.740774 1.01955 1.01955 1.01955 1.01955
 0.744061 1.02407 1.02407 1.02407 1.02407
 1.28996 1.77541 1.77541 1.77541 1.77541
 1.20008 1.6517 1.6517 1.6517 1.6517
 0.471395 0.648792 0.648792 0.648792 0.648792
 0.385967 0.531215 0.531215 0.531215 0.531215
 0.264971 0.364686 0.364686 0.364686 0.364686
 0.354413 0.487787 0.487787 0.487787 0.487787
 0.454491 0.625526 0.625526 0.625526 0.625526
 0.336589 0.463256 0.463256 0.463256 0.463256
 0.367534 0.505846 0.505846 0.505846 0.505846
 0.269549 0.370987 0.370987 0.370987 0.370987
 0.218993 0.301406 0.301406 0.301406 0.301406
 0.234275 0.322438 0.322438 0.322438 0.322438
 0.256725 0.353337 0.353337 0.353337 0.353337
 0.257229 0.354031 0.354031 0.354031 0.354031
 0.16175 0.22262 0.22262 0.22262 0.22262
 0.166471 0.229119 0.229119 0.229119 0.229119
 0.404108 0.556184 0.556184 0.556184 0.556184
nmprior
 8 8 7 0
nm_flota  nm_reclas  nm_pelaces    nm_pelaL
inf 9.37956 5.18827 7.21152
cv_recla  cv_pelaces  cv_mph
0.352635 0.954872 1.24364
 ------------------------------------------------
Talla a la edad & desviación 
 8 13.2811 15.8009 17.003 17.5766
 0.8 1.32811 1.58009 1.7003 1.75766
