years
 1991 1992 1993 1994 1995 1996 1997 1998 1999 2000 2001 2002 2003 2004 2005 2006 2007 2008 2009 2010 2011 2012 2013 2014 2015 2016 2017 2018 2019 2020
reclasobs
 0 0 0 0 0 0 0 0 0 252601 567819 844713 477998 351125 339783 2.1784e+06 2.13404e+06 4.81314e+06 1.55562e+06 2.62356e+06 3.21686e+06 3.843e+06 1.13348e+06 3.07943e+06 1.97215e+06 2.03268e+06 2.025e+06 2.42433e+06 2.27542e+06 1.05018e+06
reclaspred
 1.12469e+06 1.00699e+06 437571 139309 15612.5 530572 392824 114103 211012 135615 205329 418617 465639 193239 163422 806770 2.9172e+06 5.02486e+06 2.17697e+06 687490 1.40222e+06 1.87459e+06 1.56773e+06 2.2707e+06 1.97749e+06 1.04219e+06 1.37598e+06 1.65581e+06 1.58238e+06 592292
pelacesobs
 0 0 0 0 0 0 0 0 0 0 0 0 0 0 0 552880 188675 0 991730 2.46772e+06 1.41603e+06 1.21717e+06 2.29649e+06 1.80582e+06 0 1.4828e+06 1.56532e+06 1.57751e+06 1.42118e+06 867257
pelacespred
 393390 419653 194656 40825.9 2371.18 235896 132481 50033 89013.8 45049.5 93993.7 160459 196974 69315.8 68537.6 320499 1.1799e+06 2.07554e+06 1.20022e+06 321158 639729 827821 698983 1.15381e+06 1.0254e+06 533127 778079 911924 718057 312009
mphobs
 0 0 0 0 0 0 0 0 0 0 0 498337 0 5186 125008 0 168611 109162 213762 579715 649985 157893 87575 83554 0 0 0 0 0 0
mphpred
 499879 1.12099e+06 505192 178042 40856.4 3193.13 562406 141765 47736.9 187724 43203.1 256537 341899 266178 66629.9 124572 1.06361e+06 3.81015e+06 2.84411e+06 1.03596e+06 336382 1.4026e+06 1.59176e+06 976155 2.13165e+06 1.20872e+06 545014 1.26213e+06 1.58397e+06 810646
desembarqueobs
 494567 514787 250237 358949 120608 361735 552515 73892 212993 205616 52469 317467 293654 387597 252695 516296 358380 742168 942051 627588 828172 859565 418607 520667 417249 300574 407403 355545 319650 289779
desembarquepred
 494375 518518 247691 358776 120464 361826 551810 73722.2 212497 205393 52494.9 317642 293381 386459 253383 515452 358568 741588 938073 622071 824590 857346 416950 521801 417648 300150 406929 355454 319699 290146
Reclutas
 451211 2597.77 41754.7 53897.8 5688.14 318581 1628.98 606.116 70563.9 5661.99 108972 152981 116554 31231 65576.2 543152 794736 356162 125457 23794.4 611070 629587 9807.11 503423 126183 14399.1 408090 280254 7762.13 5753.94
log_desv_Rt
 2.06067 -3.09661 -0.319452 -0.0641755 -2.31288 1.71261 -3.56331 -4.55195 0.205254 -2.31749 0.639823 0.979051 0.707086 -0.609853 0.131949 2.24612 2.62675 1.82412 0.780702 -0.881812 2.36395 2.3938 -1.76816 2.17017 0.786469 -1.3841 1.96022 1.58443 -2.00201 -2.30138
SSB
 499879 1.12099e+06 505192 178042 40856.4 3193.13 562406 141765 47736.9 187724 43203.1 256537 341899 266178 66629.9 124572 1.06361e+06 3.81015e+06 2.84411e+06 1.03596e+06 336382 1.4026e+06 1.59176e+06 976155 2.13165e+06 1.20872e+06 545014 1.26213e+06 1.58397e+06 810646
BT
 1.70935e+06 1.42606e+06 710721 452637 101361 1.4059e+06 799374 188280 572909 294301 434104 810352 894513 599288 536387 1.79021e+06 4.53018e+06 6.0328e+06 4.02145e+06 1.44497e+06 3.42506e+06 3.33559e+06 1.99402e+06 4.81074e+06 2.93585e+06 1.56738e+06 3.48462e+06 3.26761e+06 1.93965e+06 1.05046e+06
Ftot
 0.410565 0.471286 0.516413 1.95258 3.73413 0.634886 1.16432 0.58352 0.914761 1.24423 0.242316 0.688535 0.575973 1.58506 1.34892 0.593734 0.11711 0.139991 0.398369 0.795523 0.546416 0.424429 0.249454 0.21753 0.199224 0.269643 0.279149 0.203032 0.190592 0.449674
BD_Bspro_t
 0.936421 0.72544 0.457551 0.25998 0.0815956 0.0109686 0.522721 0.191846 0.108121 0.339238 0.149111 0.599196 0.515258 0.387838 0.143801 0.245272 0.627482 0.829962 0.748611 0.514364 0.275854 0.57074 0.59979 0.517207 0.716964 0.652372 0.542748 0.737243 0.76456 0.622532
BD_Bspro
 1.22191 2.74016 1.2349 0.43521 0.0998703 0.00780535 1.37476 0.346534 0.116689 0.458876 0.105607 0.627084 0.835745 0.650651 0.162871 0.304506 2.5999 9.31362 6.95221 2.53231 0.822259 3.42854 3.89093 2.38613 5.21066 2.95463 1.33224 3.08518 3.8719 1.98156
BD_Bo
 0.265332 0.595011 0.268152 0.0945033 0.0216863 0.00169489 0.298521 0.075248 0.0253384 0.0996424 0.0229319 0.136168 0.181477 0.141285 0.0353666 0.0661219 0.564554 2.0224 1.50963 0.549877 0.178549 0.744487 0.844893 0.518136 1.13146 0.641581 0.289289 0.669929 0.84076 0.430285
BD_Brms
 1.12714 2.52763 1.13912 0.401454 0.0921241 0.00719995 1.26813 0.319656 0.107638 0.423285 0.0974155 0.578447 0.770923 0.600186 0.150239 0.280888 2.39825 8.59124 6.41299 2.3359 0.758483 3.16261 3.58914 2.20106 4.80651 2.72546 1.22891 2.84589 3.57158 1.82787
Sel_flota
 0.5 1 1 1 1
 0.5 1 1 1 1
 0.5 1 1 1 1
 0.5 1 1 1 1
 0.5 1 1 1 1
 0.5 1 1 1 1
 0.5 1 1 1 1
 0.5 1 1 1 1
 0.5 1 1 1 1
 0.5 1 1 1 1
 0.5 1 1 1 1
 0.5 1 1 1 1
 0.5 1 1 1 1
 0.5 1 1 1 1
 0.5 1 1 1 1
 0.5 1 1 1 1
 0.5 1 1 1 1
 0.5 1 1 1 1
 0.5 1 1 1 1
 0.5 1 1 1 1
 0.5 1 1 1 1
 0.5 1 1 1 1
 0.5 1 1 1 1
 0.5 1 1 1 1
 0.5 1 1 1 1
 0.5 1 1 1 1
 0.5 1 1 1 1
 0.5 1 1 1 1
 0.5 1 1 1 1
 0.5 1 1 1 1
Sel_reclas
 0.5 1 1 1 1
 0.5 1 1 1 1
 0.5 1 1 1 1
 0.5 1 1 1 1
 0.5 1 1 1 1
 0.5 1 1 1 1
 0.5 1 1 1 1
 0.5 1 1 1 1
 0.5 1 1 1 1
 0.5 1 1 1 1
 0.5 1 1 1 1
 0.5 1 1 1 1
 0.5 1 1 1 1
 0.5 1 1 1 1
 0.5 1 1 1 1
 0.5 1 1 1 1
 0.5 1 1 1 1
 0.5 1 1 1 1
 0.5 1 1 1 1
 0.5 1 1 1 1
 0.5 1 1 1 1
 0.5 1 1 1 1
 0.5 1 1 1 1
 0.5 1 1 1 1
 0.5 1 1 1 1
 0.5 1 1 1 1
 0.5 1 1 1 1
 0.5 1 1 1 1
 0.5 1 1 1 1
 0.5 1 1 1 1
Sel_pelaces
 0.5 1 1 1 1
 0.5 1 1 1 1
 0.5 1 1 1 1
 0.5 1 1 1 1
 0.5 1 1 1 1
 0.5 1 1 1 1
 0.5 1 1 1 1
 0.5 1 1 1 1
 0.5 1 1 1 1
 0.5 1 1 1 1
 0.5 1 1 1 1
 0.5 1 1 1 1
 0.5 1 1 1 1
 0.5 1 1 1 1
 0.5 1 1 1 1
 0.5 1 1 1 1
 0.5 1 1 1 1
 0.5 1 1 1 1
 0.5 1 1 1 1
 0.5 1 1 1 1
 0.5 1 1 1 1
 0.5 1 1 1 1
 0.5 1 1 1 1
 0.5 1 1 1 1
 0.5 1 1 1 1
 0.5 1 1 1 1
 0.5 1 1 1 1
 0.5 1 1 1 1
 0.5 1 1 1 1
 0.5 1 1 1 1
pf_obs 
 0.8446 0.082 0.0669 0.0065 0
 0.8095 0.147 0.0364 0.0071 0
 0.9664 0.0169 0.016 0.0007 0
 0.9276 0.0648 0.0075 0.0001 0
 0.7033 0.2144 0.0806 0.0017 0
 0.9318 0.0425 0.0243 0.0014 0
 0.5671 0.3108 0.0964 0.0239 0.0018
 0.0768 0.2599 0.5324 0.112 0.0189
 0.490249 0.384438 0.106611 0.0170017 0.00170017
 0.7925 0.1577 0.0466 0.003 0.0002
 0.840416 0.127587 0.0312969 0.00059994 9.999e-05
 0.8084 0.0986 0.0794 0.0134 0.0002
 0.7335 0.1905 0.0724 0.0035 0.0001
 0.4001 0.4547 0.1325 0.0127 0
 0.49795 0.308269 0.164784 0.0264974 0.00249975
 0.9179 0.0499 0.0305 0.0017 0
 0.2467 0.6533 0.0926 0.0074 0
 0.9418 0.0223 0.034 0.0019 0
 0.707729 0.231977 0.0356964 0.0245975 0
 0.517169 0.277429 0.184464 0.0207286 0.00020938
 0.811772 0.124168 0.05621 0.00726502 0.000585176
 0.764997 0.148141 0.077277 0.00933861 0.000247198
 0.163321 0.427699 0.378323 0.0303852 0.000271297
 0.753843 0.0900009 0.118128 0.0371064 0.000921714
 0.721811 0.176058 0.0630433 0.0369309 0.00215725
 0.143369 0.312575 0.442814 0.0836902 0.0175525
 0.692698 0.0596174 0.167031 0.0765114 0.00414204
 0.394062 0.376323 0.152708 0.0712218 0.00568511
 0.125707 0.32114 0.495352 0.0537591 0.00404204
 0.23352 0.215282 0.420074 0.123614 0.00750983
pf_pred 
 0.85933 0.0889207 0.0327121 0.0120341 0.00700357
 0.00972867 0.923524 0.0421925 0.0155218 0.0090333
 0.404021 0.0132188 0.54348 0.0248297 0.0144503
 0.654258 0.212144 0.00296317 0.121829 0.00880515
 0.345125 0.576905 0.047842 0.000668244 0.0294601
 0.997791 0.00179517 0.000364383 3.02178e-05 1.90295e-05
 0.0115743 0.987528 0.000729937 0.000148162 2.00246e-05
 0.0323475 0.0319469 0.934855 0.000691004 0.000159216
 0.948858 0.00378907 0.00156336 0.0457482 4.16065e-05
 0.173391 0.81027 0.00121049 0.000499444 0.0146284
 0.95184 0.0186007 0.0289753 4.32872e-05 0.000540973
 0.70562 0.287611 0.00261437 0.00407254 8.21191e-05
 0.582799 0.357069 0.0587491 0.000534026 0.000848655
 0.32696 0.517804 0.132862 0.0218599 0.000514481
 0.831865 0.104711 0.0487949 0.0125201 0.00210844
 0.958771 0.0387174 0.00156439 0.000728998 0.000218551
 0.729219 0.266017 0.004473 0.000180733 0.00010947
 0.360425 0.542302 0.0955623 0.00160685 0.000104251
 0.230789 0.415488 0.299924 0.0528515 0.000946339
 0.128364 0.351863 0.280755 0.202665 0.0363524
 0.940617 0.0162913 0.0173953 0.0138798 0.0118165
 0.660834 0.330348 0.00241915 0.00258308 0.00381573
 0.0219665 0.797995 0.175358 0.00128415 0.00339667
 0.792204 0.0095912 0.161719 0.0355374 0.0009486
 0.260465 0.658574 0.00373692 0.063009 0.0142157
 0.071809 0.396982 0.473054 0.00268424 0.0554705
 0.870063 0.0186625 0.0475913 0.0567111 0.00697176
 0.511354 0.457239 0.00451087 0.0115032 0.0153926
 0.0290076 0.669725 0.281904 0.00278111 0.0165822
 0.0671368 0.0554716 0.605165 0.254729 0.0174968
pobs_RECLAS
 0 0 0 0 0
 0 0 0 0 0
 0 0 0 0 0
 0 0 0 0 0
 0 0 0 0 0
 0 0 0 0 0
 0 0 0 0 0
 0 0 0 0 0
 0 0 0 0 0
 0 0 0 0 0
 0.991045 0.00858322 0.000360255 1.14367e-05 0
 0.934742 0.0480273 0.0164251 0.00080598 0
 0.827803 0.169806 0.00239088 0 0
 0.941827 0.0461693 0.0120037 0 0
 0.791401 0.0380133 0.147996 0.0225897 0
 0.846168 0.0940531 0.0597789 0 0
 0.134021 0.677848 0.182769 0.00536245 0
 0.80878 0.0450904 0.141981 0.00414843 0
 0.846168 0.0940531 0.0597789 0 0
 0.905697 0.0802665 0.012482 0.00150086 5.37128e-05
 0.989698 0.0102097 9.19794e-05 0 0
 0.975433 0.0193895 0.00387452 0.00125025 5.28907e-05
 0.303575 0.632131 0.0575291 0.00676475 0
 0.966965 0.00978017 0.0227588 0.000495775 0
 0.843318 0.132988 0.00938335 0.0141283 0.000182051
 0.564624 0.303363 0.111486 0.0197234 0.00080311
 0.826376 0.0876187 0.0782897 0.00655872 0.00115652
 0.89761 0.0855135 0.0140674 0.00269457 0.000114338
 0.34875 0.467042 0.161289 0.0227151 0.000203297
 0.318654 0.224769 0.449479 0.00709798 0
ppred_RECLAS
 0.861939 0.0872711 0.0321052 0.0118109 0.00687364
 0.00998035 0.923289 0.0421818 0.0155178 0.009031
 0.411005 0.0130639 0.537111 0.0245387 0.0142809
 0.694248 0.187607 0.00262044 0.107738 0.00778671
 0.460384 0.475369 0.0394218 0.000550632 0.0242751
 0.997873 0.00172891 0.000350934 2.91026e-05 1.83272e-05
 0.0125991 0.986504 0.00072918 0.000148009 2.00038e-05
 0.0334222 0.0319114 0.933817 0.000690236 0.000159039
 0.951755 0.00357442 0.00147479 0.0431566 3.92495e-05
 0.187336 0.796601 0.00119007 0.000491019 0.0143817
 0.952372 0.0183953 0.0286554 4.28092e-05 0.000535
 0.714249 0.27918 0.00253773 0.00395317 7.9712e-05
 0.590857 0.350172 0.0576144 0.000523711 0.000832264
 0.357084 0.494628 0.126915 0.0208815 0.000491453
 0.846168 0.0958038 0.0446441 0.0114551 0.00192908
 0.960115 0.0374547 0.00151337 0.000705224 0.000211424
 0.730246 0.265009 0.00445604 0.000180048 0.000109055
 0.361883 0.541066 0.0953445 0.00160319 0.000104013
 0.234533 0.413466 0.298464 0.0525943 0.000941733
 0.134153 0.349526 0.27889 0.201319 0.036111
 0.942329 0.0158216 0.0168938 0.0134797 0.0114758
 0.665895 0.325419 0.00238305 0.00254454 0.0037588
 0.0222271 0.797782 0.175311 0.00128381 0.00339577
 0.793896 0.00951308 0.160402 0.035248 0.000940874
 0.262267 0.656969 0.00372781 0.0628554 0.014181
 0.0726932 0.396604 0.472604 0.00268168 0.0554177
 0.871608 0.0184407 0.0470255 0.0560369 0.00688887
 0.513737 0.455009 0.00448888 0.0114471 0.0153175
 0.0292589 0.669551 0.281831 0.0027804 0.0165779
 0.068677 0.05538 0.604166 0.254309 0.0174679
pobs_PELACES
 0 0 0 0 0
 0 0 0 0 0
 0 0 0 0 0
 0 0 0 0 0
 0 0 0 0 0
 0 0 0 0 0
 0 0 0 0 0
 0 0 0 0 0
 0 0 0 0 0
 0 0 0 0 0
 0 0 0 0 0
 0 0 0 0 0
 0 0 0 0 0
 0 0 0 0 0
 0 0 0 0 0
 0 0 0 0 0
 0.505614 0.472636 0.0217494 0 0
 0 0 0 0 0
 0.443492 0.261883 0.143347 0.151278 0
 0.227955 0.32914 0.350689 0.0885471 0.00366901
 0.970185 0.0296113 0.000203453 0 0
 0.997202 0.00247181 0.000326279 0 0
 0.445219 0.490057 0.0546422 0.010081 0
 0.90214 0.0892962 0.00764917 0.000914606 0
 0 0 0 0 0
 0.581667 0.319106 0.0959925 0.00289975 0.000334073
 0.762889 0.0836404 0.116647 0.0363945 0.000428098
 0.88444 0.0763242 0.0277011 0.0115352 0
 0.521256 0.241999 0.230069 0.00667565 0
 0.616807 0.101726 0.260614 0.0208532 0
ppred_PELACES
 0.869805 0.0822991 0.0302761 0.011138 0.00648204
 0.0107787 0.922545 0.0421478 0.0155053 0.00902372
 0.431777 0.0126031 0.518169 0.0236733 0.0137773
 0.758089 0.148435 0.00207329 0.0852419 0.00616085
 0.612381 0.341468 0.0283176 0.000395531 0.0174373
 0.998084 0.00155729 0.000316099 2.62137e-05 1.6508e-05
 0.015227 0.983878 0.000727239 0.000147615 1.99506e-05
 0.0366763 0.031804 0.930673 0.000687912 0.000158504
 0.958232 0.00309457 0.00127681 0.037363 3.39804e-05
 0.22061 0.763985 0.00114134 0.000470914 0.0137928
 0.954153 0.0177074 0.0275837 4.12083e-05 0.000514993
 0.736861 0.257088 0.00233691 0.00364034 7.34041e-05
 0.613618 0.330692 0.0544093 0.000494577 0.000785965
 0.419091 0.446923 0.114674 0.0188675 0.000444054
 0.872964 0.0791154 0.0368674 0.00945969 0.00159305
 0.963702 0.0340863 0.00137727 0.000641801 0.00019241
 0.734036 0.261286 0.00439344 0.000177519 0.000107523
 0.367234 0.536529 0.094545 0.00158975 0.000103141
 0.246539 0.406981 0.293783 0.0517694 0.000926963
 0.150145 0.343071 0.273739 0.197601 0.035444
 0.947038 0.0145298 0.0155144 0.0123791 0.0105388
 0.68129 0.310424 0.00227325 0.00242729 0.0035856
 0.0231394 0.797038 0.175148 0.00128261 0.0033926
 0.799707 0.00924487 0.155879 0.0342542 0.000914347
 0.268677 0.651261 0.00369543 0.0623093 0.0140578
 0.0757499 0.395296 0.471046 0.00267284 0.055235
 0.876675 0.0177129 0.0451697 0.0538254 0.00661701
 0.522101 0.447183 0.00441166 0.0112502 0.0150541
 0.0301654 0.668926 0.281568 0.0027778 0.0165624
 0.0735772 0.0550887 0.600987 0.252971 0.017376
pobs_pel_tallas
 0 0 0 0 0 0 0 0 0 0 0 0 0 0 0 0 0 0 0 0 0 0 0 0 0 0
 0 0 0 0 0 0 0 0 0 0 0 0 0 0 0 0 0 0 0 0 0 0 0 0 0 0
 0 0 0 0 0 0 0 0 0 0 0 0 0 0 0 0 0 0 0 0 0 0 0 0 0 0
 0 0 0 0 0 0 0 0 0 0 0 0 0 0 0 0 0 0 0 0 0 0 0 0 0 0
 0 0 0 0 0 0 0 0 0 0 0 0 0 0 0 0 0 0 0 0 0 0 0 0 0 0
 0 0 0 0 0 0 0 0 0 0 0 0 0 0 0 0 0 0 0 0 0 0 0 0 0 0
 0 0 0 0 0 0 0 0 0 0 0 0 0 0 0 0 0 0 0 0 0 0 0 0 0 0
 0 0 0 0 0 0 0 0 0 0 0 0 0 0 0 0 0 0 0 0 0 0 0 0 0 0
 0 0 0 0 0 0 0 0 0 0 0 0 0 0 0 0 0 0 0 0 0 0 0 0 0 0
 0 0 0 0 0 0 0 0 0 0 0 0 0 0 0 0 0 0 0 0 0 0 0 0 0 0
 0 0 0 0 0 0 0 0 0 0 0 0 0 0 0 0 0 0 0 0 0 0 0 0 0 0
 0 0 0 0 0 0 0 0 0 0 0 0 0 0 0 0 0 0 0 0 0 0 0 0 0 0
 0.00862536 0 0 0.000197151 0.00414017 0.0128641 0.00837892 0.0270097 0.101434 0.158115 0.152841 0.127902 0.109271 0.109419 0.0830992 0.0579132 0.0238553 0.00714673 0.00463305 0.00128148 0.00103504 0.000492878 0.000147863 0.000147863 4.92878e-05 0
 0 0 0 0 0 0 0 0 0 0 0 0 0 0 0 0 0 0 0 0 0 0 0 0 0 0
 0 0 0 0 0 0 0 0.0054083 0.00873648 0.0413646 0.0450493 0.0745869 0.0622846 0.0627006 0.0613931 0.0827291 0.12552 0.122667 0.0946155 0.0697135 0.0546179 0.0294188 0.0215738 0.0213955 0.0102223 0.00600262
 0 0 0 0 0.00359764 0.0251062 0.0480494 0.140153 0.205849 0.193036 0.1447 0.116669 0.0760912 0.0342217 0.00950174 0.001854 0.000860785 0 0 0 0.000165536 0 0.000143464 0 0 0
 0 0 0 0 0 0 0 0.000145254 0.000435761 0.0275982 0.070085 0.0708112 0.156366 0.174668 0.174014 0.160142 0.0824315 0.0480064 0.0283245 0.00493863 0.00203355 0 0 0 0 0
 0 0 0 0 0 0 0 0 0 0 0 0 0 0 0 0 0 0 0 0 0 0 0 0 0 0
 0 0 1.00437e-05 0.000401748 0.00122533 0.00171747 0.00176769 0.0269171 0.070346 0.194647 0.189555 0.159765 0.064822 0.0314167 0.0384472 0.0292271 0.0345202 0.0313363 0.0194345 0.0106764 0.0143323 0.0359363 0.0279516 0.0138201 0.00172751 0
 0 0.0021121 0.0136068 0.0755702 0.200478 0.177729 0.0527432 0.0373336 0.0318909 0.0142505 0.0149659 0.0166563 0.0217959 0.0798694 0.0677717 0.0528807 0.04013 0.0224614 0.0357745 0.0225083 0.00881397 0.00855152 0.00135912 0.000746735 0 0
 0 0 0 0 5.4009e-05 0.00500934 0.000945158 0.0243581 0.138947 0.33067 0.221406 0.137944 0.0707744 0.0437923 0.0131692 0.00525238 0.0047753 0.00276346 9.45158e-05 9.00151e-06 2.25038e-05 9.00151e-06 4.50075e-06 0 0 0
 0.000866109 0.00284123 0.00948549 0.0512746 0.133035 0.25785 0.225252 0.132002 0.0553304 0.0519788 0.0540692 0.017754 0.00435017 0.00159236 0.00146478 0.000404838 0.000125132 0.000115318 0.000107957 0.000100596 0 0 0 0 0 0
 0 0 0 0 0.00144013 0.00171154 0.00461396 0.0210425 0.0478622 0.0707936 0.0888783 0.103762 0.0637923 0.0337046 0.0602308 0.124433 0.169614 0.0934646 0.0462172 0.0250306 0.0313229 0.00938855 0.002487 0.000210481 0 0
 0 0.00764035 0.051015 0.0998891 0.058973 0.0496711 0.0374665 0.0718981 0.12319 0.153886 0.159021 0.0857701 0.0377988 0.023471 0.0147837 0.00900784 0.00315554 0.000888139 0.00291439 0.00214683 0.00393193 0.00274676 0.000635225 9.99891e-05 0 0
 0 0 0 0 0 0 0 0 0 0 0 0 0 0 0 0 0 0 0 0 0 0 0 0 0 0
 0 0 0 0 0 0 0 0 0 0 0 0 0 0 0 0 0 0 0 0 0 0 0 0 0 0
 0 0 0 0 0 0 0 0 0 0 0 0 0 0 0 0 0 0 0 0 0 0 0 0 0 0
 0 0 0 0 0 0 0 0 0 0 0 0 0 0 0 0 0 0 0 0 0 0 0 0 0 0
 0 0 0 0 0 0 0 0 0 0 0 0 0 0 0 0 0 0 0 0 0 0 0 0 0 0
 0 0 0 0 0 0 0 0 0 0 0 0 0 0 0 0 0 0 0 0 0 0 0 0 0 0
ppred_pel_tallas
 1.03109e-16 7.16447e-05 0.000696412 0.0046279 0.0210378 0.0654564 0.139462 0.203551 0.203559 0.139501 0.0655872 0.0214161 0.00557918 0.00277856 0.00404235 0.00661271 0.00962171 0.012319 0.0139927 0.0143222 0.0135557 0.0123072 0.0111419 0.0102816 0.00960793 0.00887195
 1.04535e-16 8.88021e-07 8.63197e-06 5.73668e-05 0.000260836 0.000812032 0.0017334 0.00254856 0.00263734 0.00216712 0.00226792 0.00446412 0.0106013 0.0230035 0.0436056 0.0719131 0.103186 0.128906 0.140393 0.133662 0.111852 0.0832184 0.0563409 0.0362419 0.0236129 0.0165053
 1.19663e-16 3.55649e-05 0.000345704 0.00229732 0.0104433 0.032493 0.0692298 0.101043 0.101045 0.0692401 0.0325298 0.0105599 0.00262868 0.00119724 0.0020278 0.00427241 0.00842069 0.015308 0.0256401 0.0394809 0.0557292 0.0719207 0.0846958 0.0909263 0.0889939 0.0794952
 1.0969e-16 6.24428e-05 0.000606967 0.00403351 0.0183357 0.0570494 0.12155 0.177409 0.177424 0.12162 0.0572842 0.0190139 0.00573628 0.00432627 0.00713404 0.0117213 0.0169555 0.0215219 0.0241752 0.0244593 0.0230379 0.0212772 0.020377 0.0207024 0.0217226 0.0224638
 1.03896e-16 5.04411e-05 0.000490306 0.00325825 0.0148116 0.0460845 0.0981891 0.143317 0.14335 0.0983497 0.0466238 0.0163689 0.00716577 0.00901541 0.0162265 0.0267077 0.0383805 0.0480827 0.0526309 0.0505713 0.0430626 0.0331216 0.0238535 0.0170288 0.0128192 0.0104407
 1.00016e-16 8.22108e-05 0.000799119 0.00531042 0.0241404 0.0751098 0.160029 0.233568 0.233568 0.16003 0.0751123 0.0241475 0.00532831 0.000838185 0.000156467 0.000128697 0.000177707 0.000223865 0.000247907 0.000242876 0.00021349 0.000172454 0.000132634 0.000101073 7.82835e-05 6.13994e-05
 1.00291e-16 1.25443e-06 1.21936e-05 8.10355e-05 0.000368434 0.00114684 0.00244696 0.00359125 0.00368585 0.00290911 0.00269793 0.00484557 0.0113082 0.0244844 0.04637 0.0763728 0.10935 0.136107 0.147274 0.13854 0.113307 0.0805835 0.0498532 0.0268506 0.0126156 0.00519721
 1.26962e-16 3.02099e-06 2.93651e-05 0.000195141 0.000887087 0.00276008 0.0058808 0.00858412 0.00858861 0.00590343 0.00284018 0.00113658 0.00088966 0.00177075 0.00396793 0.00826328 0.0158622 0.028147 0.0461822 0.0698986 0.0972201 0.123756 0.14367 0.151702 0.145429 0.126432
 1.03791e-16 7.89283e-05 0.000767211 0.00509839 0.0231765 0.0721108 0.15364 0.224242 0.224242 0.153641 0.072116 0.0231918 0.00513763 0.000856106 0.000257925 0.000330304 0.000541965 0.000852565 0.00129935 0.00194773 0.00286674 0.00408091 0.00551621 0.0069771 0.00818163 0.00884998
 1.0261e-16 1.81715e-05 0.000176633 0.00117379 0.00533595 0.0166025 0.0353761 0.0516479 0.0517213 0.035735 0.017807 0.00881276 0.00989271 0.0191824 0.0360322 0.0593272 0.0849643 0.105805 0.114599 0.108029 0.0887725 0.0638446 0.0406056 0.0234604 0.013123 0.00795518
 1.00892e-16 7.85923e-05 0.000763945 0.00507668 0.0230779 0.0718038 0.152986 0.223287 0.223289 0.152994 0.0718326 0.0231616 0.0052886 0.00123263 0.000986435 0.0015524 0.00233522 0.00315697 0.00388572 0.0044469 0.00483828 0.00508421 0.00517331 0.00504582 0.00464425 0.00397751
 1.00511e-16 6.06943e-05 0.000589971 0.00392056 0.0178223 0.055452 0.118147 0.172445 0.172469 0.118268 0.0558574 0.0189926 0.00685533 0.00698779 0.0121855 0.0199813 0.0286196 0.0356578 0.0386543 0.0364903 0.030056 0.0216943 0.0138603 0.00801982 0.00441124 0.00250148
 1.01838e-16 5.0543e-05 0.000491296 0.00326483 0.0148415 0.0461775 0.0983873 0.143606 0.143638 0.0985431 0.0467006 0.0163524 0.00705778 0.00877222 0.0157798 0.0260123 0.037476 0.0471389 0.0519311 0.0504099 0.0435944 0.0342407 0.0251783 0.0180131 0.0129434 0.0093995
 1.05391e-16 3.45201e-05 0.000335547 0.00222983 0.0101365 0.0315387 0.0671981 0.0980867 0.0981299 0.0674091 0.0322471 0.0121836 0.00737223 0.0115741 0.0214155 0.0354452 0.0512787 0.0649429 0.0723842 0.0716931 0.0641783 0.0533579 0.0427378 0.0341494 0.0276194 0.0223217
 1.02303e-16 7.19049e-05 0.000698942 0.00464471 0.0211142 0.0656941 0.139969 0.20429 0.204298 0.140006 0.0658201 0.0214786 0.00556159 0.00270733 0.00390631 0.00639686 0.00933151 0.011994 0.013701 0.014132 0.0134934 0.0123278 0.0111309 0.0100916 0.00911506 0.0080259
 1.00146e-16 7.93789e-05 0.000771591 0.00512749 0.0233088 0.0725225 0.154517 0.225523 0.225526 0.154533 0.0725763 0.0234641 0.00551701 0.00162102 0.00169 0.00266147 0.00381029 0.00475795 0.00517857 0.00492445 0.00411178 0.0030462 0.00204577 0.00129713 0.000826718 0.000562944
 1.0023e-16 6.04616e-05 0.000587708 0.00390553 0.017754 0.0552394 0.117694 0.171783 0.171809 0.117817 0.0556514 0.0189434 0.00688861 0.00709106 0.0123858 0.0203129 0.0290967 0.0362549 0.0393024 0.037095 0.0305269 0.0219689 0.0139122 0.00785367 0.00405683 0.00200909
 1.03043e-16 3.02486e-05 0.000294028 0.00195392 0.00888227 0.0276363 0.058884 0.0859537 0.0860055 0.0591368 0.0284852 0.0113344 0.00811 0.0137358 0.0255667 0.0422389 0.0608854 0.0766398 0.0845328 0.0822237 0.0713492 0.0563475 0.0417658 0.0301723 0.0218739 0.0159619
 1.13931e-16 2.03072e-05 0.000197393 0.00131175 0.00596304 0.0185535 0.0395316 0.0577058 0.0577454 0.0397252 0.0192049 0.0078495 0.00606527 0.0106348 0.0200199 0.0335269 0.0493723 0.0643355 0.0750687 0.0799215 0.0796987 0.0766545 0.0726434 0.068034 0.0620878 0.0541285
 1.33802e-16 1.23673e-05 0.000120215 0.000798872 0.00363157 0.0112994 0.0240757 0.0351462 0.0351797 0.0242395 0.0118507 0.00522959 0.00483143 0.00899483 0.01708 0.0287845 0.0428198 0.0567616 0.0681713 0.0760642 0.081396 0.0860099 0.0909021 0.0952754 0.0970539 0.0942712
 1.03477e-16 7.80063e-05 0.000758249 0.00503883 0.0229058 0.0712684 0.151845 0.221622 0.221624 0.151852 0.0712919 0.0229742 0.00521188 0.00114078 0.000818855 0.00126889 0.00191385 0.00261108 0.00328099 0.00391096 0.00456132 0.00530731 0.00615459 0.00699658 0.00764636 0.00791812
 1.00996e-16 5.6117e-05 0.000545478 0.00362489 0.0164782 0.0512701 0.109237 0.159442 0.159471 0.109383 0.0517596 0.0178912 0.00716832 0.00827007 0.014695 0.0241226 0.0345514 0.043046 0.0466607 0.0440484 0.0362907 0.0262257 0.0168263 0.00986569 0.00562544 0.00344446
 1.05961e-16 1.90613e-06 1.85283e-05 0.000123131 0.000559783 0.0017421 0.00371458 0.00543766 0.00551456 0.00409041 0.00300428 0.00420644 0.0092807 0.0200225 0.0380302 0.0629628 0.0909125 0.114749 0.127147 0.124638 0.109576 0.0883879 0.0676011 0.0508241 0.0384088 0.0290459
 1.08091e-16 6.58708e-05 0.000640288 0.00425494 0.0193423 0.0601812 0.128222 0.187145 0.187146 0.128228 0.060201 0.0194029 0.00441919 0.00103926 0.000942226 0.00176384 0.00326042 0.0056206 0.00904649 0.0135833 0.0189552 0.0244665 0.0290901 0.031777 0.0318626 0.029344
 1.08901e-16 2.21307e-05 0.000215118 0.00142954 0.00649852 0.0202196 0.0430824 0.0628931 0.0629558 0.0433885 0.021247 0.00946441 0.00886885 0.0164374 0.03078 0.0507208 0.0727709 0.0909288 0.0991361 0.0947027 0.0800105 0.061035 0.0438739 0.0319181 0.0252875 0.0221132
 1.2331e-16 6.23951e-06 6.06503e-05 0.000403044 0.0018322 0.00570087 0.0121477 0.0177381 0.0177768 0.0123374 0.00633948 0.00368495 0.00508477 0.0103836 0.0199121 0.0336922 0.0503562 0.067117 0.0809986 0.0904347 0.0958276 0.0985293 0.0992347 0.0973117 0.0915619 0.081528
 1.07826e-16 7.22106e-05 0.000701912 0.00466445 0.0212039 0.0659733 0.140563 0.205156 0.205158 0.140572 0.0660031 0.0212912 0.00488803 0.00120501 0.00107273 0.00177998 0.00284833 0.00421411 0.00588188 0.00790603 0.0103464 0.0131537 0.0160631 0.0185965 0.0202053 0.0204789
 1.03918e-16 4.30049e-05 0.000418023 0.00277791 0.012628 0.0392907 0.0837145 0.122193 0.122236 0.0839246 0.0399959 0.0146639 0.00788408 0.0115508 0.0211452 0.034783 0.0498571 0.0621916 0.0675781 0.0641151 0.0533953 0.0395202 0.0267449 0.0175436 0.0121968 0.00960936
 1.11378e-16 2.48483e-06 2.41535e-05 0.000160511 0.000729701 0.00227072 0.0048404 0.00707827 0.00714303 0.00515695 0.00333443 0.00380563 0.00789499 0.016953 0.0322828 0.0537015 0.0781336 0.0998541 0.112939 0.114521 0.106298 0.0930106 0.0792448 0.0671907 0.0566879 0.046742
 1.45668e-16 6.06047e-06 5.891e-05 0.000391478 0.0017796 0.00553704 0.0117975 0.0172201 0.0172264 0.0118288 0.00564526 0.00210527 0.00125865 0.00211747 0.00440428 0.00855809 0.0153597 0.0257269 0.040517 0.0601075 0.0837342 0.108927 0.131605 0.147127 0.15195 0.14501
pSPR Fmed_Fpbrs
0.492144   0.285403 0.285403
Fs Fmed_Fpbrs
0.496281   1.005 1.005
SSBpbr Bo_Bmed_Bpbrs
1.88398e+06  832988  443493 443493
Ro
57470.1
SPR SPRFo_SPRFmed_SPRFpbrs
409095 201333 116757
Fref
1.005
log_Ro
10.779
likeval ReclasPelacesDesembMPH_pf_preclas_ppelaces_ptallas_desvR_qrecl_qpela
 46.6888 75.5236 1.70454 0.00295262 337.609 165.944 104.225 0 162.94 0 0 4.25186 0 0 0
q_reclas_q_pelaces
1 1
M
1
N
 451211 25311.6 9311.64 3425.56 1993.6
 2597.77 135186 6176.18 2272.09 1322.3
 41754.7 755.038 31042.8 1418.24 825.38
 53897.8 11865.2 165.729 6813.83 492.469
 5688.14 7469.29 619.419 8.65186 381.425
 318581 323.459 65.6557 5.44474 3.4288
 1628.98 85322.1 63.0663 12.8012 1.73012
 606.116 334.805 9797.32 7.24175 1.66859
 70563.9 166.553 68.7191 2010.91 1.82886
 5661.99 16430.5 24.546 10.1276 296.632
 108972 1118.13 1741.77 2.60209 32.5192
 152981 35514.1 322.821 502.876 10.14
 116554 39886.9 6562.65 59.6541 94.8002
 31231 32148.4 8248.86 1357.2 31.9421
 65576.2 5201.16 2423.71 621.893 104.729
 543152 12289.6 496.566 231.397 69.3722
 794736 148491 2496.82 100.885 61.106
 356162 275739 48589.7 817.021 53.0074
 125457 122167 88187.4 15540.1 278.254
 23794.4 37817.9 30175.2 21782.2 3907.11
 611070 5880.79 6279.3 5010.31 4265.48
 629587 171058 1252.67 1337.55 1975.83
 9807.11 187326 41164.5 301.449 797.353
 503423 3184.77 53699 11800.3 314.984
 126183 166112 942.566 15892.8 3585.63
 14399.1 42019 50071 284.116 5871.34
 408090 4629.03 11804.5 14066.5 1729.26
 280254 130571 1288.14 3284.88 4395.56
 7762.13 93147.3 39208.1 386.806 2306.3
 5753.94 2595.97 28320.6 11920.9 818.816
pred_Ctot
 53825.2 5569.66 2048.96 753.771 438.677
 351.418 33359.5 1524.07 560.676 326.3
 6133.87 200.688 8251.16 376.966 219.385
 22935.7 7436.95 103.877 4270.84 308.674
 3493.54 5839.75 484.283 6.76433 298.211
 56204.6 101.12 20.5253 1.70214 1.07192
 476.196 40629.4 30.0315 6.09579 0.823863
 99.2809 98.0513 2869.26 2.12083 0.488667
 16989.1 67.8425 27.9916 819.112 0.744955
 1742.67 8143.62 12.166 5.01966 147.023
 7938.2 155.127 241.65 0.361009 4.51164
 28963.5 11805.5 107.312 167.165 3.37073
 18872.5 11562.8 1902.44 17.2931 27.4816
 11508.6 18226.1 4676.57 769.442 18.1091
 21463.5 2701.72 1258.99 323.039 54.401
 90342.2 3648.23 147.408 68.6914 20.5935
 28708.8 10472.9 176.099 7.11533 4.30975
 15307.2 23031.4 4058.51 68.2425 4.4275
 14556.9 26206.7 18917.6 3333.59 59.6899
 5097.7 13973.5 11149.5 8048.39 1443.65
 94418.9 1635.32 1746.14 1393.26 1186.14
 77423.7 38703.7 283.429 302.635 447.053
 734.386 26678.6 5862.57 42.9318 113.558
 33088.6 400.603 6754.65 1484.32 39.6209
 7624.27 19277.7 109.387 1844.39 416.119
 1160.73 6416.87 7646.52 43.3884 896.634
 33990.4 729.083 1859.23 2215.51 272.363
 17243.8 15419 152.115 387.909 519.068
 449.48 10377.6 4368.18 43.0941 256.946
 745.897 616.295 6723.44 2830.07 194.391
F
 0.205283 0.410565 0.410565 0.410565 0.410565
 0.235643 0.471286 0.471286 0.471286 0.471286
 0.258207 0.516413 0.516413 0.516413 0.516413
 0.97629 1.95258 1.95258 1.95258 1.95258
 1.86707 3.73413 3.73413 3.73413 3.73413
 0.317443 0.634886 0.634886 0.634886 0.634886
 0.582162 1.16432 1.16432 1.16432 1.16432
 0.29176 0.58352 0.58352 0.58352 0.58352
 0.45738 0.914761 0.914761 0.914761 0.914761
 0.622117 1.24423 1.24423 1.24423 1.24423
 0.121158 0.242316 0.242316 0.242316 0.242316
 0.344267 0.688535 0.688535 0.688535 0.688535
 0.287987 0.575973 0.575973 0.575973 0.575973
 0.792531 1.58506 1.58506 1.58506 1.58506
 0.67446 1.34892 1.34892 1.34892 1.34892
 0.296867 0.593734 0.593734 0.593734 0.593734
 0.058555 0.11711 0.11711 0.11711 0.11711
 0.0699956 0.139991 0.139991 0.139991 0.139991
 0.199185 0.398369 0.398369 0.398369 0.398369
 0.397761 0.795523 0.795523 0.795523 0.795523
 0.273208 0.546416 0.546416 0.546416 0.546416
 0.212214 0.424429 0.424429 0.424429 0.424429
 0.124727 0.249454 0.249454 0.249454 0.249454
 0.108765 0.21753 0.21753 0.21753 0.21753
 0.0996118 0.199224 0.199224 0.199224 0.199224
 0.134822 0.269643 0.269643 0.269643 0.269643
 0.139574 0.279149 0.279149 0.279149 0.279149
 0.101516 0.203032 0.203032 0.203032 0.203032
 0.095296 0.190592 0.190592 0.190592 0.190592
 0.224837 0.449674 0.449674 0.449674 0.449674
nmprior
 8 8 7 0
nm_flota  nm_reclas  nm_pelaces    nm_pelaL
inf 3.45543 4.46365 6.02044
cv_recla  cv_pelaces  cv_mph
0.632606 1.0226 1.67691
 ------------------------------------------------
Talla a la edad & desviación 
 8 13.2811 15.8009 17.003 17.5766
 0.8 1.32811 1.58009 1.7003 1.75766
