years
 1991 1992 1993 1994 1995 1996 1997 1998 1999 2000 2001 2002 2003 2004 2005 2006 2007 2008 2009 2010 2011 2012 2013 2014 2015 2016 2017 2018 2019 2020
reclasobs
 0 0 0 0 0 0 0 0 0 252601 567819 844713 477998 351125 339783 2.1784e+06 2.13404e+06 4.81314e+06 1.55562e+06 2.62356e+06 3.21686e+06 3.843e+06 1.13348e+06 3.07943e+06 1.97215e+06 2.03268e+06 2.025e+06 2.42433e+06 2.27542e+06 1.05018e+06
reclaspred
 1.43901e+06 1.06359e+06 513702 126717 116477 559484 377866 178984 90275.6 149073 225836 418023 431351 275046 498028 863338 1.04416e+06 1.47482e+06 1.91718e+06 1.63759e+06 2.50358e+06 1.99571e+06 1.7953e+06 2.24546e+06 2.00862e+06 1.63423e+06 1.61367e+06 1.77245e+06 1.86483e+06 865019
pelacesobs
 0 0 0 0 0 0 0 0 0 0 0 0 0 0 0 552880 188675 0 991730 2.46772e+06 1.41603e+06 1.21717e+06 2.29649e+06 1.80582e+06 0 1.4828e+06 1.56532e+06 1.57751e+06 1.42118e+06 867257
pelacespred
 581161 468728 234769 35026.7 40583.7 236366 126272 80998.9 30696.2 61463.1 105815 161983 177368 116933 249606 360310 425447 645555 914623 760219 1.01137e+06 955189 816186 1.12657e+06 1.02379e+06 796144 889945 988031 846904 461254
mphobs
 0 0 0 0 0 0 0 0 0 0 0 498337 0 5186 125008 0 168611 109162 213762 579715 649985 157893 87575 83554 0 0 0 0 0 0
mphpred
 1.0602e+06 1.13554e+06 592930 210133 41087.5 124787 512127 165659 81697.5 48441.4 124490 229013 357942 239320 156117 487741 847156 777950 1.19298e+06 1.58279e+06 1.49172e+06 1.68195e+06 1.68365e+06 1.21772e+06 1.93435e+06 1.48742e+06 1.0628e+06 1.23907e+06 1.80189e+06 1.02259e+06
desembarqueobs
 494567 514787 250237 358949 120608 361735 552515 73892 212993 205616 52469 317467 293654 387597 252695 516296 358380 742168 942051 627588 828172 859565 418607 520667 417249 300574 407403 355545 319650 289779
desembarquepred
 494332 514196 249725 358900 120461 361581 552228 73834.2 212906 205563 52473.8 317289 293567 387790 252496 516193 358692 742121 941674 626366 827093 858930 418491 520464 417234 300414 406760 355375 319360 289463
Reclutas
 314001 71107.4 33990.8 26728.5 79156.7 258667 28539.6 8899.03 26141.2 85209 72975.2 173787 85545.7 75033.8 159478 360961 96845.8 481175 696269 240572 416097 643186 71373.1 410617 277010 97544.9 312731 343989 32228.5 39168.7
log_desv_Rt
 0.960531 -0.524673 -1.26277 -1.50313 -0.417435 0.766679 -1.43757 -2.60292 -1.52535 -0.343757 -0.498746 0.368967 -0.339814 -0.470926 0.283038 1.0999 -0.215745 1.38737 1.75687 0.694156 1.24205 1.67757 -0.520944 1.2288 0.835188 -0.208551 0.95648 1.05174 -1.31601 -1.12099
SSB
 1.0602e+06 1.13554e+06 592930 210133 41087.5 124787 512127 165659 81697.5 48441.4 124490 229013 357942 239320 156117 487741 847156 777950 1.19298e+06 1.58279e+06 1.49172e+06 1.68195e+06 1.68365e+06 1.21772e+06 1.93435e+06 1.48742e+06 1.0628e+06 1.23907e+06 1.80189e+06 1.02259e+06
BT
 2.06344e+06 1.63706e+06 801756 424965 253854 1.29928e+06 803591 289434 317701 452490 406730 838881 797319 813448 1.26611e+06 1.70804e+06 1.44357e+06 2.95654e+06 4.08212e+06 2.61583e+06 3.87826e+06 3.71226e+06 2.41039e+06 4.43645e+06 3.11799e+06 2.38001e+06 3.45345e+06 3.63166e+06 2.26676e+06 1.45341e+06
Ftot
 0.32151 0.444713 0.446777 2.04612 0.93111 0.598146 1.21021 0.382537 1.87836 1.2154 0.219736 0.690435 0.617799 1.20814 0.473189 0.551328 0.320756 0.466764 0.455923 0.356003 0.309401 0.40017 0.219455 0.219148 0.196185 0.17388 0.23791 0.189921 0.162017 0.312226
BD_Bspro_t
 0.949859 0.740242 0.521135 0.298812 0.0920376 0.293821 0.49968 0.216355 0.161875 0.130131 0.318909 0.530968 0.50436 0.367583 0.281708 0.532547 0.573631 0.541176 0.589105 0.608916 0.543442 0.574777 0.608945 0.574476 0.70602 0.701722 0.681694 0.7335 0.787809 0.680679
BD_Bspro
 1.23945 1.32753 0.693177 0.245661 0.0480342 0.145885 0.598712 0.193667 0.09551 0.0566313 0.145537 0.267733 0.418459 0.279782 0.182512 0.570204 0.990384 0.909479 1.39468 1.85039 1.74392 1.96631 1.9683 1.4236 2.26138 1.7389 1.24249 1.44856 2.10654 1.19548
BD_Bo
 0.614417 0.65808 0.34362 0.121778 0.0238114 0.0723176 0.296792 0.0960041 0.047346 0.0280731 0.0721452 0.13272 0.207437 0.138693 0.0904744 0.28266 0.490951 0.450844 0.691368 0.91727 0.864492 0.974736 0.97572 0.705705 1.12101 0.862001 0.615923 0.718077 1.04425 0.592618
BD_Brms
 2.61007 2.79555 1.45971 0.517319 0.101152 0.307208 1.26078 0.407829 0.201128 0.119256 0.306476 0.563798 0.881202 0.589173 0.384339 1.20075 2.08558 1.9152 2.93696 3.8966 3.67239 4.14072 4.1449 2.99786 4.76208 3.66181 2.61647 3.05042 4.436 2.51746
Sel_flota
 0.5 1 1 1 1
 0.5 1 1 1 1
 0.5 1 1 1 1
 0.5 1 1 1 1
 0.5 1 1 1 1
 0.5 1 1 1 1
 0.5 1 1 1 1
 0.5 1 1 1 1
 0.5 1 1 1 1
 0.5 1 1 1 1
 0.5 1 1 1 1
 0.5 1 1 1 1
 0.5 1 1 1 1
 0.5 1 1 1 1
 0.5 1 1 1 1
 0.5 1 1 1 1
 0.5 1 1 1 1
 0.5 1 1 1 1
 0.5 1 1 1 1
 0.5 1 1 1 1
 0.5 1 1 1 1
 0.5 1 1 1 1
 0.5 1 1 1 1
 0.5 1 1 1 1
 0.5 1 1 1 1
 0.5 1 1 1 1
 0.5 1 1 1 1
 0.5 1 1 1 1
 0.5 1 1 1 1
 0.5 1 1 1 1
Sel_reclas
 0.5 1 1 1 1
 0.5 1 1 1 1
 0.5 1 1 1 1
 0.5 1 1 1 1
 0.5 1 1 1 1
 0.5 1 1 1 1
 0.5 1 1 1 1
 0.5 1 1 1 1
 0.5 1 1 1 1
 0.5 1 1 1 1
 0.5 1 1 1 1
 0.5 1 1 1 1
 0.5 1 1 1 1
 0.5 1 1 1 1
 0.5 1 1 1 1
 0.5 1 1 1 1
 0.5 1 1 1 1
 0.5 1 1 1 1
 0.5 1 1 1 1
 0.5 1 1 1 1
 0.5 1 1 1 1
 0.5 1 1 1 1
 0.5 1 1 1 1
 0.5 1 1 1 1
 0.5 1 1 1 1
 0.5 1 1 1 1
 0.5 1 1 1 1
 0.5 1 1 1 1
 0.5 1 1 1 1
 0.5 1 1 1 1
Sel_pelaces
 0.5 1 1 1 1
 0.5 1 1 1 1
 0.5 1 1 1 1
 0.5 1 1 1 1
 0.5 1 1 1 1
 0.5 1 1 1 1
 0.5 1 1 1 1
 0.5 1 1 1 1
 0.5 1 1 1 1
 0.5 1 1 1 1
 0.5 1 1 1 1
 0.5 1 1 1 1
 0.5 1 1 1 1
 0.5 1 1 1 1
 0.5 1 1 1 1
 0.5 1 1 1 1
 0.5 1 1 1 1
 0.5 1 1 1 1
 0.5 1 1 1 1
 0.5 1 1 1 1
 0.5 1 1 1 1
 0.5 1 1 1 1
 0.5 1 1 1 1
 0.5 1 1 1 1
 0.5 1 1 1 1
 0.5 1 1 1 1
 0.5 1 1 1 1
 0.5 1 1 1 1
 0.5 1 1 1 1
 0.5 1 1 1 1
pf_obs 
 0.8446 0.082 0.0669 0.0065 0
 0.8095 0.147 0.0364 0.0071 0
 0.9664 0.0169 0.016 0.0007 0
 0.9276 0.0648 0.0075 0.0001 0
 0.7033 0.2144 0.0806 0.0017 0
 0.9318 0.0425 0.0243 0.0014 0
 0.5671 0.3108 0.0964 0.0239 0.0018
 0.0768 0.2599 0.5324 0.112 0.0189
 0.490249 0.384438 0.106611 0.0170017 0.00170017
 0.7925 0.1577 0.0466 0.003 0.0002
 0.840416 0.127587 0.0312969 0.00059994 9.999e-05
 0.8084 0.0986 0.0794 0.0134 0.0002
 0.7335 0.1905 0.0724 0.0035 0.0001
 0.4001 0.4547 0.1325 0.0127 0
 0.49795 0.308269 0.164784 0.0264974 0.00249975
 0.9179 0.0499 0.0305 0.0017 0
 0.2467 0.6533 0.0926 0.0074 0
 0.9418 0.0223 0.034 0.0019 0
 0.707729 0.231977 0.0356964 0.0245975 0
 0.517169 0.277429 0.184464 0.0207286 0.00020938
 0.811772 0.124168 0.05621 0.00726502 0.000585176
 0.764997 0.148141 0.077277 0.00933861 0.000247198
 0.163321 0.427699 0.378323 0.0303852 0.000271297
 0.753843 0.0900009 0.118128 0.0371064 0.000921714
 0.721811 0.176058 0.0630433 0.0369309 0.00215725
 0.143369 0.312575 0.442814 0.0836902 0.0175525
 0.692698 0.0596174 0.167031 0.0765114 0.00414204
 0.394062 0.376323 0.152708 0.0712218 0.00568511
 0.125707 0.32114 0.495352 0.0537591 0.00404204
 0.23352 0.215282 0.420074 0.123614 0.00750983
pf_pred 
 0.666606 0.210745 0.0775289 0.0285213 0.0165987
 0.243234 0.616739 0.0885139 0.0325624 0.0189506
 0.272981 0.308198 0.341325 0.0489867 0.0285091
 0.458778 0.250277 0.123338 0.136594 0.031013
 0.911346 0.0686767 0.00923794 0.0045525 0.00618654
 0.884486 0.111479 0.00312528 0.000420392 0.000488703
 0.191644 0.766722 0.0401805 0.00112645 0.000327666
 0.256768 0.306707 0.414042 0.0216981 0.000785244
 0.739813 0.113654 0.0604693 0.0816309 0.00443274
 0.927686 0.0661868 0.00267638 0.00142396 0.00202667
 0.685282 0.306667 0.00736905 0.00029798 0.000384183
 0.772092 0.187564 0.0393124 0.000944657 8.74482e-05
 0.487217 0.458219 0.044905 0.00941186 0.000247098
 0.583011 0.290622 0.112921 0.0110661 0.0023803
 0.8236 0.142085 0.0239164 0.00929271 0.00110656
 0.798679 0.184241 0.0137579 0.0023158 0.00100695
 0.316429 0.617828 0.0601647 0.00449271 0.00108506
 0.814269 0.0937606 0.0831255 0.00809484 0.000750459
 0.711899 0.262164 0.0130933 0.0116081 0.00123521
 0.349909 0.552736 0.0885912 0.00442452 0.00434006
 0.619606 0.207364 0.147117 0.0235796 0.0023328
 0.674665 0.254218 0.0387679 0.0275044 0.00484447
 0.136966 0.711134 0.118695 0.0181009 0.0151038
 0.697755 0.0764899 0.186021 0.0310487 0.00868579
 0.469522 0.440993 0.0226461 0.0550745 0.011764
 0.262979 0.480783 0.213014 0.0109388 0.0322852
 0.681484 0.136645 0.11864 0.0525644 0.0106662
 0.589703 0.336944 0.0314686 0.0273221 0.0145616
 0.0982206 0.678627 0.183258 0.0171152 0.0227798
 0.261802 0.137319 0.452186 0.122109 0.026583
pobs_RECLAS
 0 0 0 0 0
 0 0 0 0 0
 0 0 0 0 0
 0 0 0 0 0
 0 0 0 0 0
 0 0 0 0 0
 0 0 0 0 0
 0 0 0 0 0
 0 0 0 0 0
 0 0 0 0 0
 0.991045 0.00858322 0.000360255 1.14367e-05 0
 0.934742 0.0480273 0.0164251 0.00080598 0
 0.827803 0.169806 0.00239088 0 0
 0.941827 0.0461693 0.0120037 0 0
 0.791401 0.0380133 0.147996 0.0225897 0
 0.846168 0.0940531 0.0597789 0 0
 0.134021 0.677848 0.182769 0.00536245 0
 0.80878 0.0450904 0.141981 0.00414843 0
 0.846168 0.0940531 0.0597789 0 0
 0.905697 0.0802665 0.012482 0.00150086 5.37128e-05
 0.989698 0.0102097 9.19794e-05 0 0
 0.975433 0.0193895 0.00387452 0.00125025 5.28907e-05
 0.303575 0.632131 0.0575291 0.00676475 0
 0.966965 0.00978017 0.0227588 0.000495775 0
 0.843318 0.132988 0.00938335 0.0141283 0.000182051
 0.564624 0.303363 0.111486 0.0197234 0.00080311
 0.826376 0.0876187 0.0782897 0.00655872 0.00115652
 0.89761 0.0855135 0.0140674 0.00269457 0.000114338
 0.34875 0.467042 0.161289 0.0227151 0.000203297
 0.318654 0.224769 0.449479 0.00709798 0
ppred_RECLAS
 0.670199 0.208474 0.0766933 0.0282139 0.0164198
 0.24768 0.613116 0.0879939 0.0323712 0.0188393
 0.277799 0.306156 0.339063 0.0486621 0.0283202
 0.507537 0.227729 0.112226 0.124288 0.028219
 0.916297 0.0648418 0.0087221 0.00429829 0.00584108
 0.888003 0.108085 0.00303012 0.000407593 0.000473823
 0.206091 0.753019 0.0394624 0.00110631 0.00032181
 0.260596 0.305127 0.411909 0.0215863 0.000781199
 0.771542 0.0997943 0.0530953 0.0716763 0.00389218
 0.933575 0.0607972 0.00245844 0.00130801 0.00186164
 0.687527 0.304479 0.00731648 0.000295855 0.000381442
 0.779408 0.181543 0.0380505 0.000914333 8.46411e-05
 0.496309 0.450095 0.0441089 0.00924499 0.000242717
 0.604832 0.275414 0.107012 0.010487 0.00225574
 0.827334 0.139076 0.0234101 0.00909595 0.00108313
 0.803685 0.179659 0.0134158 0.00225821 0.000981909
 0.319937 0.614658 0.059856 0.00446966 0.00107949
 0.818092 0.0918303 0.0814142 0.00792819 0.000735009
 0.71695 0.257568 0.0128638 0.0114047 0.00121356
 0.354084 0.549185 0.0880221 0.0043961 0.00431218
 0.623251 0.205377 0.145707 0.0233536 0.00231044
 0.679277 0.250615 0.0382184 0.0271145 0.0047758
 0.138202 0.710116 0.118525 0.018075 0.0150822
 0.699943 0.075936 0.184674 0.0308239 0.00862289
 0.471809 0.439092 0.0225485 0.0548371 0.0117133
 0.264536 0.479767 0.212564 0.0109157 0.032217
 0.683957 0.135584 0.117719 0.0521562 0.0105833
 0.591843 0.335187 0.0313045 0.0271797 0.0144857
 0.0988795 0.678131 0.183124 0.0171027 0.0227631
 0.26484 0.136754 0.450325 0.121607 0.0264736
pobs_PELACES
 0 0 0 0 0
 0 0 0 0 0
 0 0 0 0 0
 0 0 0 0 0
 0 0 0 0 0
 0 0 0 0 0
 0 0 0 0 0
 0 0 0 0 0
 0 0 0 0 0
 0 0 0 0 0
 0 0 0 0 0
 0 0 0 0 0
 0 0 0 0 0
 0 0 0 0 0
 0 0 0 0 0
 0 0 0 0 0
 0.505614 0.472636 0.0217494 0 0
 0 0 0 0 0
 0.443492 0.261883 0.143347 0.151278 0
 0.227955 0.32914 0.350689 0.0885471 0.00366901
 0.970185 0.0296113 0.000203453 0 0
 0.997202 0.00247181 0.000326279 0 0
 0.445219 0.490057 0.0546422 0.010081 0
 0.90214 0.0892962 0.00764917 0.000914606 0
 0 0 0 0 0
 0.581667 0.319106 0.0959925 0.00289975 0.000334073
 0.762889 0.0836404 0.116647 0.0363945 0.000428098
 0.88444 0.0763242 0.0277011 0.0115352 0
 0.521256 0.241999 0.230069 0.00667565 0
 0.616807 0.101726 0.260614 0.0208532 0
ppred_PELACES
 0.681817 0.20113 0.0739916 0.02722 0.0158414
 0.261604 0.601768 0.0863653 0.031772 0.0184906
 0.292828 0.299785 0.332007 0.0476494 0.0277309
 0.590918 0.189171 0.0932245 0.103245 0.0234411
 0.927351 0.0562783 0.00757019 0.00373062 0.00506967
 0.89745 0.0989688 0.00277456 0.000373215 0.00043386
 0.240678 0.720213 0.0377432 0.00105812 0.00030779
 0.272941 0.300033 0.405032 0.021226 0.000768156
 0.821562 0.0779446 0.0414702 0.055983 0.00304
 0.944981 0.0503575 0.00203629 0.0010834 0.00154197
 0.695263 0.296942 0.00713535 0.00028853 0.000371999
 0.79837 0.165937 0.0347796 0.000835735 7.73652e-05
 0.521779 0.427335 0.0418784 0.0087775 0.000230444
 0.651351 0.242992 0.0944144 0.00925252 0.00199019
 0.838204 0.130321 0.0219363 0.00852332 0.00101494
 0.817642 0.166886 0.012462 0.00209766 0.000912098
 0.33156 0.604153 0.058833 0.00439326 0.00106104
 0.829274 0.0861855 0.0764097 0.00744084 0.000689828
 0.731964 0.243906 0.0121814 0.0107997 0.00114919
 0.367631 0.537667 0.086176 0.0043039 0.00422174
 0.635161 0.198885 0.141101 0.0226154 0.0022374
 0.693488 0.23951 0.0365249 0.0259131 0.00456418
 0.142572 0.706515 0.117924 0.0179833 0.0150057
 0.707482 0.0740281 0.180034 0.0300494 0.00840624
 0.479882 0.432381 0.0222038 0.0539989 0.0115343
 0.270155 0.476101 0.21094 0.0108323 0.0319708
 0.692381 0.131971 0.114581 0.0507661 0.0103013
 0.59939 0.328989 0.0307257 0.0266771 0.0142178
 0.101287 0.676319 0.182634 0.017057 0.0227023
 0.274992 0.134866 0.444107 0.119928 0.0261081
pobs_pel_tallas
 0 0 0 0 0 0 0 0 0 0 0 0 0 0 0 0 0 0 0 0 0 0 0 0 0 0
 0 0 0 0 0 0 0 0 0 0 0 0 0 0 0 0 0 0 0 0 0 0 0 0 0 0
 0 0 0 0 0 0 0 0 0 0 0 0 0 0 0 0 0 0 0 0 0 0 0 0 0 0
 0 0 0 0 0 0 0 0 0 0 0 0 0 0 0 0 0 0 0 0 0 0 0 0 0 0
 0 0 0 0 0 0 0 0 0 0 0 0 0 0 0 0 0 0 0 0 0 0 0 0 0 0
 0 0 0 0 0 0 0 0 0 0 0 0 0 0 0 0 0 0 0 0 0 0 0 0 0 0
 0 0 0 0 0 0 0 0 0 0 0 0 0 0 0 0 0 0 0 0 0 0 0 0 0 0
 0 0 0 0 0 0 0 0 0 0 0 0 0 0 0 0 0 0 0 0 0 0 0 0 0 0
 0 0 0 0 0 0 0 0 0 0 0 0 0 0 0 0 0 0 0 0 0 0 0 0 0 0
 0 0 0 0 0 0 0 0 0 0 0 0 0 0 0 0 0 0 0 0 0 0 0 0 0 0
 0 0 0 0 0 0 0 0 0 0 0 0 0 0 0 0 0 0 0 0 0 0 0 0 0 0
 0 0 0 0 0 0 0 0 0 0 0 0 0 0 0 0 0 0 0 0 0 0 0 0 0 0
 0.00862536 0 0 0.000197151 0.00414017 0.0128641 0.00837892 0.0270097 0.101434 0.158115 0.152841 0.127902 0.109271 0.109419 0.0830992 0.0579132 0.0238553 0.00714673 0.00463305 0.00128148 0.00103504 0.000492878 0.000147863 0.000147863 4.92878e-05 0
 0 0 0 0 0 0 0 0 0 0 0 0 0 0 0 0 0 0 0 0 0 0 0 0 0 0
 0 0 0 0 0 0 0 0.0054083 0.00873648 0.0413646 0.0450493 0.0745869 0.0622846 0.0627006 0.0613931 0.0827291 0.12552 0.122667 0.0946155 0.0697135 0.0546179 0.0294188 0.0215738 0.0213955 0.0102223 0.00600262
 0 0 0 0 0.00359764 0.0251062 0.0480494 0.140153 0.205849 0.193036 0.1447 0.116669 0.0760912 0.0342217 0.00950174 0.001854 0.000860785 0 0 0 0.000165536 0 0.000143464 0 0 0
 0 0 0 0 0 0 0 0.000145254 0.000435761 0.0275982 0.070085 0.0708112 0.156366 0.174668 0.174014 0.160142 0.0824315 0.0480064 0.0283245 0.00493863 0.00203355 0 0 0 0 0
 0 0 0 0 0 0 0 0 0 0 0 0 0 0 0 0 0 0 0 0 0 0 0 0 0 0
 0 0 1.00437e-05 0.000401748 0.00122533 0.00171747 0.00176769 0.0269171 0.070346 0.194647 0.189555 0.159765 0.064822 0.0314167 0.0384472 0.0292271 0.0345202 0.0313363 0.0194345 0.0106764 0.0143323 0.0359363 0.0279516 0.0138201 0.00172751 0
 0 0.0021121 0.0136068 0.0755702 0.200478 0.177729 0.0527432 0.0373336 0.0318909 0.0142505 0.0149659 0.0166563 0.0217959 0.0798694 0.0677717 0.0528807 0.04013 0.0224614 0.0357745 0.0225083 0.00881397 0.00855152 0.00135912 0.000746735 0 0
 0 0 0 0 5.4009e-05 0.00500934 0.000945158 0.0243581 0.138947 0.33067 0.221406 0.137944 0.0707744 0.0437923 0.0131692 0.00525238 0.0047753 0.00276346 9.45158e-05 9.00151e-06 2.25038e-05 9.00151e-06 4.50075e-06 0 0 0
 0.000866109 0.00284123 0.00948549 0.0512746 0.133035 0.25785 0.225252 0.132002 0.0553304 0.0519788 0.0540692 0.017754 0.00435017 0.00159236 0.00146478 0.000404838 0.000125132 0.000115318 0.000107957 0.000100596 0 0 0 0 0 0
 0 0 0 0 0.00144013 0.00171154 0.00461396 0.0210425 0.0478622 0.0707936 0.0888783 0.103762 0.0637923 0.0337046 0.0602308 0.124433 0.169614 0.0934646 0.0462172 0.0250306 0.0313229 0.00938855 0.002487 0.000210481 0 0
 0 0.00764035 0.051015 0.0998891 0.058973 0.0496711 0.0374665 0.0718981 0.12319 0.153886 0.159021 0.0857701 0.0377988 0.023471 0.0147837 0.00900784 0.00315554 0.000888139 0.00291439 0.00214683 0.00393193 0.00274676 0.000635225 9.99891e-05 0 0
 0 0 0 0 0 0 0 0 0 0 0 0 0 0 0 0 0 0 0 0 0 0 0 0 0 0
 0 0 0 0 0 0 0 0 0 0 0 0 0 0 0 0 0 0 0 0 0 0 0 0 0 0
 0 0 0 0 0 0 0 0 0 0 0 0 0 0 0 0 0 0 0 0 0 0 0 0 0 0
 0 0 0 0 0 0 0 0 0 0 0 0 0 0 0 0 0 0 0 0 0 0 0 0 0 0
 0 0 0 0 0 0 0 0 0 0 0 0 0 0 0 0 0 0 0 0 0 0 0 0 0 0
 0 0 0 0 0 0 0 0 0 0 0 0 0 0 0 0 0 0 0 0 0 0 0 0 0 0
ppred_pel_tallas
 1.07598e-16 5.61604e-05 0.000545899 0.00362769 0.016491 0.0513097 0.109321 0.159562 0.159581 0.109417 0.0516294 0.0174155 0.00595251 0.00563444 0.00976014 0.0161524 0.023514 0.0301063 0.0341965 0.035002 0.0331287 0.0300774 0.0272295 0.025127 0.0234807 0.0216821
 1.08962e-16 2.15481e-05 0.000209455 0.00139191 0.00632745 0.0196873 0.0419481 0.0612367 0.0612947 0.0422316 0.0206391 0.00907665 0.00829332 0.0152772 0.0286439 0.0473369 0.0682318 0.0859036 0.0948374 0.0925116 0.0809032 0.0651249 0.0503292 0.0392897 0.0320576 0.0271951
 1.1913e-16 2.41199e-05 0.000234454 0.00155803 0.0070826 0.0220368 0.0469527 0.068535 0.0685644 0.0470964 0.0225205 0.00848589 0.00510304 0.00804801 0.015083 0.0254709 0.0380309 0.0506331 0.0610439 0.0681377 0.0723184 0.0747153 0.075906 0.0753506 0.0719542 0.0651139
 1.1706e-16 4.86732e-05 0.000473121 0.00314405 0.0142924 0.0444691 0.0947469 0.13829 0.138308 0.0948367 0.0447713 0.015167 0.00534675 0.00530675 0.00930432 0.015509 0.0228317 0.0297946 0.0349617 0.0377823 0.0389195 0.0396868 0.0410288 0.0428629 0.0442141 0.0439037
 1.01466e-16 7.63847e-05 0.000742486 0.00493408 0.0224296 0.0697869 0.148689 0.217017 0.217022 0.148715 0.069876 0.0226868 0.00557959 0.00215191 0.00275409 0.00443499 0.00638899 0.00805293 0.0089128 0.00874173 0.00773536 0.00638057 0.0051605 0.00432304 0.003847 0.00356187
 1.00217e-16 7.39218e-05 0.000718546 0.00477499 0.0217064 0.0675368 0.143895 0.21002 0.21003 0.143941 0.0676929 0.0221571 0.00590535 0.00318315 0.00474583 0.00770567 0.0110388 0.0137668 0.0149485 0.0141517 0.0117141 0.00852887 0.00553136 0.00327929 0.00186465 0.00108952
 1.01432e-16 1.98245e-05 0.000192701 0.00128057 0.00582132 0.0181127 0.0385935 0.0563429 0.0564122 0.0389321 0.0192493 0.00910287 0.00951237 0.018145 0.0340619 0.0561412 0.0805445 0.100593 0.109486 0.104072 0.086757 0.0639469 0.0423373 0.025902 0.0152951 0.0091449
 1.14024e-16 2.24818e-05 0.000218531 0.00145222 0.00660159 0.0205402 0.0437641 0.0638811 0.0639106 0.0439084 0.0210264 0.00801306 0.00502215 0.00810073 0.0152523 0.0258555 0.0388119 0.0520592 0.0633742 0.0715184 0.0766145 0.0793754 0.0799677 0.0776546 0.0715229 0.0615319
 1.07346e-16 6.7671e-05 0.000657786 0.00437122 0.0198709 0.0618259 0.131727 0.192261 0.192268 0.131764 0.0619506 0.0202319 0.00528078 0.00265521 0.00389686 0.00643155 0.00949204 0.0124477 0.0147223 0.0161024 0.0168597 0.0175087 0.0183843 0.0193809 0.0200302 0.0198112
 1.00442e-16 7.78368e-05 0.000756602 0.00502788 0.022856 0.0711136 0.151515 0.221142 0.221147 0.151539 0.0711931 0.0230855 0.00560342 0.00201176 0.00245802 0.00393107 0.00563369 0.00703967 0.00767236 0.00731678 0.00614798 0.00461978 0.00320166 0.00216475 0.00153894 0.00120634
 1.00374e-16 5.72679e-05 0.000556665 0.00369923 0.0168162 0.0523216 0.111478 0.162711 0.16274 0.111617 0.0527899 0.0181682 0.00709018 0.00794974 0.0140704 0.0230979 0.0330969 0.0412596 0.0447665 0.0423181 0.0349262 0.0252751 0.0161812 0.00933228 0.00501961 0.00266171
 1.01144e-16 6.57607e-05 0.000639218 0.00424783 0.01931 0.0600807 0.128009 0.186836 0.186852 0.128087 0.0603434 0.020069 0.00615378 0.00480222 0.00797863 0.0131028 0.0189059 0.0238483 0.0263985 0.0258336 0.0226476 0.0181852 0.0138154 0.0102981 0.00771067 0.00577902
 1.02238e-16 4.29783e-05 0.000417765 0.0027762 0.0126202 0.0392664 0.0836627 0.122117 0.122158 0.0838637 0.0399415 0.0145697 0.00766819 0.0110919 0.0202998 0.0334514 0.0480883 0.0602694 0.0660005 0.0634311 0.0539561 0.0412794 0.0292241 0.0199891 0.0138495 0.00996548
 1.04052e-16 5.36509e-05 0.000521506 0.00346559 0.0157541 0.049017 0.104437 0.152433 0.152457 0.104552 0.0494032 0.0168707 0.00627294 0.00666465 0.0117635 0.0194738 0.0283057 0.0361295 0.0407872 0.0412449 0.0381413 0.0332312 0.0282114 0.0238905 0.0201949 0.0167241
 1.01693e-16 6.90418e-05 0.000671111 0.00445977 0.0202735 0.0630784 0.134396 0.196157 0.196169 0.134457 0.0632846 0.0208692 0.0059555 0.00393749 0.00627601 0.0102756 0.014818 0.0186818 0.0206715 0.0202378 0.0177965 0.0144331 0.0112381 0.00879342 0.00710854 0.00589212
 1.00768e-16 6.73482e-05 0.000654648 0.00435037 0.0197761 0.061531 0.131099 0.191346 0.191362 0.131177 0.0617945 0.020537 0.00625936 0.00481897 0.00796722 0.0130413 0.0187246 0.0234295 0.0255864 0.0244712 0.0206377 0.0155533 0.0107402 0.0070846 0.00470891 0.00328077
 1.02473e-16 2.73103e-05 0.000265466 0.00176412 0.00801945 0.0249518 0.0531646 0.0776075 0.0776656 0.0534489 0.0259062 0.0107754 0.00867944 0.0153537 0.0286588 0.0472724 0.0679443 0.0851187 0.0931369 0.089367 0.0757711 0.0575879 0.0402457 0.0268972 0.017988 0.0123827
 1.03091e-16 6.83062e-05 0.000663961 0.00441225 0.0200575 0.0624063 0.132963 0.194066 0.194074 0.133005 0.0625447 0.0204585 0.00542365 0.00288784 0.00433861 0.00718619 0.0106282 0.0139529 0.0164627 0.0178025 0.0181049 0.0177764 0.0171251 0.016164 0.0147227 0.0127046
 1.01692e-16 6.02909e-05 0.000586049 0.0038945 0.0177039 0.0550834 0.117362 0.171298 0.171322 0.117477 0.0554684 0.0188154 0.00668309 0.00666827 0.0115962 0.0190355 0.0273231 0.0341685 0.0372851 0.0356302 0.0300396 0.0226886 0.0158218 0.0107277 0.00754387 0.00571856
 1.03771e-16 3.02814e-05 0.000294346 0.00195603 0.00889188 0.0276662 0.0589477 0.0860468 0.0860986 0.059201 0.0285167 0.0113484 0.0081226 0.0137573 0.0256024 0.0422861 0.0609274 0.076642 0.0844494 0.0820183 0.071024 0.0559648 0.0414471 0.0300669 0.0221074 0.0165863
 1.0677e-16 5.23174e-05 0.000508544 0.00337945 0.0153625 0.0477986 0.101841 0.148644 0.148663 0.101935 0.0481169 0.0162841 0.00570139 0.00560613 0.00981796 0.0163685 0.0240876 0.0313615 0.0365459 0.0388326 0.0386204 0.0370266 0.0349805 0.0326859 0.029797 0.0259831
 1.04487e-16 5.71217e-05 0.000555244 0.00368979 0.0167733 0.052188 0.111193 0.162294 0.162317 0.111306 0.052567 0.017868 0.00643847 0.00655785 0.011464 0.0188809 0.0272409 0.0343644 0.0380766 0.0373956 0.0331181 0.0272638 0.0218356 0.0178603 0.0152706 0.0134249
 1.07927e-16 1.17436e-05 0.000114152 0.000758582 0.00344845 0.0107298 0.0228634 0.0333841 0.0334522 0.0231963 0.0118476 0.0066774 0.00886502 0.0178149 0.0336414 0.0556303 0.0802126 0.101027 0.111577 0.108847 0.0950706 0.0761539 0.0580869 0.0441564 0.0345681 0.0278649
 1.09651e-16 5.82744e-05 0.000566448 0.00376425 0.0171117 0.053241 0.113436 0.165564 0.165572 0.113472 0.0533637 0.0174698 0.00467636 0.00260146 0.00405193 0.00694318 0.0107832 0.0152072 0.0198408 0.0244556 0.0289544 0.0331273 0.0364227 0.0380287 0.0372688 0.0340193
 1.08119e-16 3.95274e-05 0.00038422 0.00255328 0.0116069 0.0361135 0.0769451 0.112312 0.112354 0.0771485 0.0367963 0.0135786 0.00750067 0.0111785 0.0205236 0.0338277 0.0486433 0.0610209 0.0669929 0.0648063 0.0560224 0.0445138 0.0341662 0.0270391 0.0230504 0.020882
 1.12706e-16 2.22524e-05 0.000216302 0.0014374 0.00653426 0.0203307 0.0433185 0.0632343 0.0632804 0.0435439 0.0210883 0.00872527 0.00694801 0.0122819 0.0230423 0.0383328 0.0558574 0.071577 0.0813396 0.08317 0.0783168 0.0701385 0.0618062 0.0547061 0.0484991 0.0422525
 1.10175e-16 5.70305e-05 0.000554357 0.0036839 0.0167465 0.0521045 0.111015 0.162032 0.162045 0.111078 0.0523167 0.0173615 0.00523589 0.00396993 0.00662535 0.0110781 0.016462 0.0217828 0.0260603 0.0288552 0.0304636 0.03154 0.032471 0.0330452 0.0326515 0.0307655
 1.06053e-16 4.93711e-05 0.000479904 0.00318913 0.0144974 0.0451068 0.0961061 0.140276 0.140308 0.0962609 0.0456267 0.0159988 0.00695738 0.00870401 0.0156631 0.0258037 0.0371425 0.0466704 0.0513701 0.0498908 0.0433775 0.0347165 0.0268097 0.0212057 0.0178793 0.0159102
 1.10996e-16 8.34303e-06 8.10973e-05 0.000538923 0.00244991 0.00762292 0.0162438 0.023722 0.0237874 0.0165631 0.00869523 0.00554884 0.00832418 0.0170979 0.0323894 0.0536971 0.0777337 0.0985469 0.110034 0.109331 0.098434 0.0826605 0.0672844 0.0550193 0.045826 0.0383605
 1.29296e-16 2.26507e-05 0.000220173 0.00146313 0.00665118 0.0206944 0.044092 0.0643564 0.0643701 0.0441593 0.0209223 0.00731863 0.00317284 0.0040665 0.00766318 0.0135137 0.0215321 0.0314276 0.0428335 0.0555044 0.0691245 0.082751 0.094446 0.101659 0.102291 0.0957448
pSPR Fmed_Fpbrs
0.525044   0.285403 0.285403
Fs Fmed_Fpbrs
0.443573   1.005 1.005
SSBpbr Bo_Bmed_Bpbrs
1.72554e+06  819709  406197 406197
Ro
120165
SPR SPRFo_SPRFmed_SPRFpbrs
855381 449113 244128
Fref
1.005
log_Ro
11.5166
likeval ReclasPelacesDesembMPH_pf_preclas_ppelaces_ptallas_desvR_qrecl_qpela
 33.056 29.4078 0.110345 0.00239846 246.178 121.167 88.9292 0 50.7518 0 0 0.0583617 0 0 0
q_reclas_q_pelaces
1 1
M
1
N
 314001 52924.4 19469.8 7162.54 4168.43
 71107.4 98360.6 14116.6 5193.22 3022.33
 33990.8 20943.6 23194.8 3328.9 1937.34
 26728.5 10001.2 4928.62 5458.37 1239.29
 79156.7 3534.85 475.485 234.321 318.426
 258667 18281.2 512.508 68.9392 80.1413
 28539.6 70560.5 3697.77 103.666 30.1547
 8899.03 5732.7 7738.9 405.562 14.6771
 26141.2 2703.84 1438.57 1942.01 105.455
 85209 3759.67 152.029 80.8865 115.123
 72975.2 17071.5 410.218 16.5879 21.3866
 173787 24052.8 5041.34 121.141 11.2142
 85545.7 45268.6 4436.28 929.822 24.4115
 75033.8 23107.4 8978.34 879.869 189.258
 159478 15087.5 2539.61 986.762 117.502
 360961 46307.7 3457.96 582.061 253.09
 96845.8 100797 9815.67 732.971 177.024
 481175 30348.4 26906 2620.13 242.908
 696269 140169 7000.48 6206.43 660.42
 240572 203930 32685.4 1632.41 1601.25
 416097 74070.6 52550.4 8422.64 833.276
 643186 131134 19997.7 14187.6 2498.93
 71373.1 193707 32331.7 4930.54 4114.16
 410617 23528 57219.4 9550.49 2671.72
 277010 135380 6952.11 16907.3 3611.44
 97544.9 92384.5 40931.6 2101.94 6203.74
 312731 32896.7 28562.1 12654.6 2567.83
 343989 102145 9539.71 8282.71 4414.35
 32228.5 115082 31077 2902.41 3863.02
 39168.7 10933.6 36004 9722.59 2116.6
pred_Ctot
 29864.4 9441.55 3473.35 1277.77 743.635
 9125.21 23137.6 3320.7 1221.62 710.952
 4380.46 4945.57 5477.15 786.076 457.478
 11729 6398.53 3153.22 3492.15 792.872
 19338 1457.26 196.021 96.6001 131.273
 43306 5458.22 153.019 20.5832 23.9278
 8597.92 34398.2 1802.66 50.537 14.7004
 994.692 1188.15 1603.96 84.0563 3.04195
 10839.8 1665.26 885.997 1196.06 64.9485
 25755.5 1837.56 74.3048 39.5337 56.2668
 4842.91 2167.23 52.0774 2.10584 2.71504
 32981.2 8012.1 1679.3 40.3526 3.7355
 14735.4 13858.4 1358.11 284.653 7.47325
 22574.9 11253.2 4372.44 428.494 92.1681
 21652.5 3735.42 628.765 244.306 29.0916
 56220 12968.9 968.436 163.012 70.8804
 9190.73 17944.9 1747.49 130.491 31.5157
 64525.5 7429.92 6587.16 641.464 59.4691
 91399 33658.6 1681.01 1490.34 158.586
 25159.2 39742.9 6369.9 318.133 312.06
 38177.8 12777 9064.8 1452.88 143.738
 74939.6 28237.7 4306.22 3055.1 538.108
 4730.82 24562.6 4099.74 625.205 521.686
 27180.6 2979.61 7246.32 1209.48 338.349
 16492.6 15490.4 795.472 1934.56 413.227
 5170.95 9453.65 4188.51 215.09 634.825
 22387.3 4488.91 3897.43 1726.78 350.392
 19851.9 11342.9 1059.36 919.776 490.204
 1595.8 11025.7 2977.4 278.072 370.105
 3624.55 1901.13 6260.34 1690.55 368.031
F
 0.160755 0.32151 0.32151 0.32151 0.32151
 0.222357 0.444713 0.444713 0.444713 0.444713
 0.223388 0.446777 0.446777 0.446777 0.446777
 1.02306 2.04612 2.04612 2.04612 2.04612
 0.465555 0.93111 0.93111 0.93111 0.93111
 0.299073 0.598146 0.598146 0.598146 0.598146
 0.605105 1.21021 1.21021 1.21021 1.21021
 0.191269 0.382537 0.382537 0.382537 0.382537
 0.939179 1.87836 1.87836 1.87836 1.87836
 0.607699 1.2154 1.2154 1.2154 1.2154
 0.109868 0.219736 0.219736 0.219736 0.219736
 0.345218 0.690435 0.690435 0.690435 0.690435
 0.308899 0.617799 0.617799 0.617799 0.617799
 0.604071 1.20814 1.20814 1.20814 1.20814
 0.236595 0.473189 0.473189 0.473189 0.473189
 0.275664 0.551328 0.551328 0.551328 0.551328
 0.160378 0.320756 0.320756 0.320756 0.320756
 0.233382 0.466764 0.466764 0.466764 0.466764
 0.227961 0.455923 0.455923 0.455923 0.455923
 0.178002 0.356003 0.356003 0.356003 0.356003
 0.1547 0.309401 0.309401 0.309401 0.309401
 0.200085 0.40017 0.40017 0.40017 0.40017
 0.109728 0.219455 0.219455 0.219455 0.219455
 0.109574 0.219148 0.219148 0.219148 0.219148
 0.0980926 0.196185 0.196185 0.196185 0.196185
 0.08694 0.17388 0.17388 0.17388 0.17388
 0.118955 0.23791 0.23791 0.23791 0.23791
 0.0949603 0.189921 0.189921 0.189921 0.189921
 0.0810087 0.162017 0.162017 0.162017 0.162017
 0.156113 0.312226 0.312226 0.312226 0.312226
nmprior
 8 8 7 0
nm_flota  nm_reclas  nm_pelaces    nm_pelaL
inf 6.44502 4.93779 6.79578
cv_recla  cv_pelaces  cv_mph
0.532294 0.63811 1.51137
 ------------------------------------------------
Talla a la edad & desviación 
 8 13.2811 15.8009 17.003 17.5766
 0.8 1.32811 1.58009 1.7003 1.75766
