years
 1991 1992 1993 1994 1995 1996 1997 1998 1999 2000 2001 2002 2003 2004 2005 2006 2007 2008 2009 2010 2011 2012 2013 2014 2015 2016 2017 2018 2019 2020
reclasobs
 0 0 0 0 0 0 0 0 0 252601 567819 844713 477998 351125 339783 2.1784e+06 2.13404e+06 4.81314e+06 1.55562e+06 2.62356e+06 3.21686e+06 3.843e+06 1.13348e+06 3.07943e+06 1.97215e+06 2.03268e+06 2.025e+06 2.42433e+06 2.27542e+06 1.05018e+06
reclaspred
 3.06079e+06 1.69845e+06 856122 801719 767496 1.26667e+06 749027 654308 485565 360475 468996 623285 612366 464978 464862 1.32559e+06 1.255e+06 2.9066e+06 2.40385e+06 1.83135e+06 3.22901e+06 2.58475e+06 2.01346e+06 3.09972e+06 2.30804e+06 2.02486e+06 2.45476e+06 2.6321e+06 2.12241e+06 1.29182e+06
pelacesobs
 0 0 0 0 0 0 0 0 0 0 0 0 0 0 0 552880 188675 0 991730 2.46772e+06 1.41603e+06 1.21717e+06 2.29649e+06 1.80582e+06 0 1.4828e+06 1.56532e+06 1.57751e+06 1.42118e+06 867257
pelacespred
 1.48941e+06 914578 458101 349154 354156 601514 316301 357863 249042 174436 238921 266339 288860 228833 235927 565188 537330 1.44146e+06 1.22479e+06 862719 1.48447e+06 1.28701e+06 1.00113e+06 1.68882e+06 1.20994e+06 1.05897e+06 1.46532e+06 1.54949e+06 1.02859e+06 712259
mphobs
 0 0 0 0 0 0 0 0 0 0 0 498337 0 5186 125008 0 168611 109162 213762 579715 649985 157893 87575 83554 0 0 0 0 0 0
mphpred
 2.83709e+06 1.88632e+06 927443 504362 503797 558394 754038 432377 389741 268014 182251 342156 372170 310242 201667 255724 936067 865255 1.77042e+06 1.33767e+06 1.47154e+06 1.80606e+06 1.68653e+06 1.36358e+06 1.90114e+06 1.55335e+06 1.26847e+06 1.38985e+06 1.9577e+06 1.29497e+06
desembarqueobs
 494567 514787 250237 358949 120608 361735 552515 73892 212993 205616 52469 317467 293654 387597 252695 516296 358380 742168 942051 627588 828172 859565 418607 520667 417249 300574 407403 355545 319650 289779
desembarquepred
 494572 513753 250679 358983 120613 361740 552523 73896.3 213037 205654 52471.4 317520 293693 387605 252680 516242 358402 742062 941816 627430 828213 859536 418605 520682 417240 300569 407394 355524 319637 289783
Reclutas
 185190 104956 105241 152371 122884 229654 91942.8 40278 41130.3 56995.7 108006 143305 118403 82030.4 80431.4 466536 90847.6 712165 411290 331653 468046 616280 123989 379726 315293 140704 328318 364820 96089.9 72670.2
log_desv_Rt
 0.134026 -0.433809 -0.431106 -0.0610369 -0.276113 0.349219 -0.566188 -1.39155 -1.37061 -1.04438 -0.405166 -0.122379 -0.31326 -0.680265 -0.69995 1.05798 -0.578171 1.48096 0.931943 0.716733 1.06121 1.33635 -0.26716 0.852096 0.666147 -0.1407 0.706627 0.81205 -0.52207 -0.801423
SSB
 2.83709e+06 1.88632e+06 927443 504362 503797 558394 754038 432377 389741 268014 182251 342156 372170 310242 201667 255724 936067 865255 1.77042e+06 1.33767e+06 1.47154e+06 1.80606e+06 1.68653e+06 1.36358e+06 1.90114e+06 1.55335e+06 1.26847e+06 1.38985e+06 1.9577e+06 1.29497e+06
BT
 3.85467e+06 2.61752e+06 1.30476e+06 1.10706e+06 913138 1.69711e+06 1.22274e+06 891025 785601 599695 596032 879239 932543 930622 797732 1.72077e+06 1.51907e+06 3.98054e+06 3.72924e+06 2.55182e+06 4.09276e+06 3.77475e+06 2.67423e+06 4.3796e+06 3.17714e+06 2.70915e+06 3.7954e+06 3.93006e+06 2.6369e+06 1.92742e+06
Ftot
 0.150381 0.275993 0.270775 0.439153 0.155175 0.294508 0.669081 0.111108 0.426601 0.550486 0.120829 0.50688 0.473824 0.808367 0.56573 0.429352 0.272006 0.27438 0.384123 0.338454 0.259154 0.332641 0.196972 0.175721 0.17688 0.143727 0.172744 0.142397 0.139489 0.209768
BD_Bspro_t
 0.976291 0.83054 0.658965 0.563702 0.535636 0.610621 0.603812 0.419183 0.478043 0.434939 0.40938 0.648359 0.534368 0.442219 0.329795 0.386836 0.587518 0.555452 0.660178 0.564878 0.542501 0.589795 0.602544 0.59141 0.696394 0.703047 0.709027 0.750475 0.797053 0.725147
BD_Bspro
 2.46083 1.63615 0.804443 0.437472 0.436982 0.484338 0.654035 0.375034 0.338053 0.232469 0.158081 0.296778 0.322812 0.269097 0.174921 0.221809 0.811923 0.750502 1.53562 1.16027 1.27638 1.56654 1.46286 1.18273 1.64901 1.34734 1.10024 1.20552 1.69807 1.12323
BD_Bo
 1.53506 1.02063 0.50181 0.272894 0.272588 0.302129 0.407986 0.233946 0.210877 0.145014 0.0986104 0.18513 0.201369 0.167862 0.109116 0.138364 0.506476 0.468162 0.957918 0.723772 0.796203 0.977202 0.91253 0.737788 1.02865 0.84047 0.686328 0.752004 1.05925 0.700668
BD_Brms
 8.88449 5.90709 2.90433 1.57943 1.57766 1.74864 2.3613 1.35401 1.22049 0.839298 0.570728 1.07148 1.16547 0.971538 0.63153 0.800813 2.93134 2.70959 5.54415 4.18898 4.6082 5.65577 5.28146 4.2701 5.95351 4.8644 3.97227 4.35238 6.13064 4.05527
Sel_flota
 0.752786 0.98301 0.999091 0.999952 0.999997
 0.752786 0.98301 0.999091 0.999952 0.999997
 0.752786 0.98301 0.999091 0.999952 0.999997
 0.752786 0.98301 0.999091 0.999952 0.999997
 0.752786 0.98301 0.999091 0.999952 0.999997
 0.752786 0.98301 0.999091 0.999952 0.999997
 0.752786 0.98301 0.999091 0.999952 0.999997
 0.752786 0.98301 0.999091 0.999952 0.999997
 0.752786 0.98301 0.999091 0.999952 0.999997
 0.752786 0.98301 0.999091 0.999952 0.999997
 0.752786 0.98301 0.999091 0.999952 0.999997
 0.752786 0.98301 0.999091 0.999952 0.999997
 0.752786 0.98301 0.999091 0.999952 0.999997
 0.752786 0.98301 0.999091 0.999952 0.999997
 0.752786 0.98301 0.999091 0.999952 0.999997
 0.752786 0.98301 0.999091 0.999952 0.999997
 0.752786 0.98301 0.999091 0.999952 0.999997
 0.752786 0.98301 0.999091 0.999952 0.999997
 0.752786 0.98301 0.999091 0.999952 0.999997
 0.752786 0.98301 0.999091 0.999952 0.999997
 0.752786 0.98301 0.999091 0.999952 0.999997
 0.752786 0.98301 0.999091 0.999952 0.999997
 0.752786 0.98301 0.999091 0.999952 0.999997
 0.752786 0.98301 0.999091 0.999952 0.999997
 0.752786 0.98301 0.999091 0.999952 0.999997
 0.752786 0.98301 0.999091 0.999952 0.999997
 0.752786 0.98301 0.999091 0.999952 0.999997
 0.752786 0.98301 0.999091 0.999952 0.999997
 0.752786 0.98301 0.999091 0.999952 0.999997
 0.752786 0.98301 0.999091 0.999952 0.999997
Sel_reclas
 1 1 1 1 1
 1 1 1 1 1
 1 1 1 1 1
 1 1 1 1 1
 1 1 1 1 1
 1 1 1 1 1
 1 1 1 1 1
 1 1 1 1 1
 1 1 1 1 1
 1 1 1 1 1
 1 1 1 1 1
 1 1 1 1 1
 1 1 1 1 1
 1 1 1 1 1
 1 1 1 1 1
 1 1 1 1 1
 1 1 1 1 1
 1 1 1 1 1
 1 1 1 1 1
 1 1 1 1 1
 1 1 1 1 1
 1 1 1 1 1
 1 1 1 1 1
 1 1 1 1 1
 1 1 1 1 1
 1 1 1 1 1
 1 1 1 1 1
 1 1 1 1 1
 1 1 1 1 1
 1 1 1 1 1
Sel_pelaces
 1 1 1 1 1
 1 1 1 1 1
 1 1 1 1 1
 1 1 1 1 1
 1 1 1 1 1
 1 1 1 1 1
 1 1 1 1 1
 1 1 1 1 1
 1 1 1 1 1
 1 1 1 1 1
 1 1 1 1 1
 1 1 1 1 1
 1 1 1 1 1
 1 1 1 1 1
 1 1 1 1 1
 1 1 1 1 1
 1 1 1 1 1
 1 1 1 1 1
 1 1 1 1 1
 1 1 1 1 1
 1 1 1 1 1
 1 1 1 1 1
 1 1 1 1 1
 1 1 1 1 1
 1 1 1 1 1
 1 1 1 1 1
 1 1 1 1 1
 1 1 1 1 1
 1 1 1 1 1
 1 1 1 1 1
pf_obs 
 0.8446 0.082 0.0669 0.0065 0
 0.8095 0.147 0.0364 0.0071 0
 0.9664 0.0169 0.016 0.0007 0
 0.9276 0.0648 0.0075 0.0001 0
 0.7033 0.2144 0.0806 0.0017 0
 0.9318 0.0425 0.0243 0.0014 0
 0.5671 0.3108 0.0964 0.0239 0.0018
 0.0768 0.2599 0.5324 0.112 0.0189
 0.490249 0.384438 0.106611 0.0170017 0.00170017
 0.7925 0.1577 0.0466 0.003 0.0002
 0.840416 0.127587 0.0312969 0.00059994 9.999e-05
 0.8084 0.0986 0.0794 0.0134 0.0002
 0.7335 0.1905 0.0724 0.0035 0.0001
 0.4001 0.4547 0.1325 0.0127 0
 0.49795 0.308269 0.164784 0.0264974 0.00249975
 0.9179 0.0499 0.0305 0.0017 0
 0.2467 0.6533 0.0926 0.0074 0
 0.9418 0.0223 0.034 0.0019 0
 0.707729 0.231977 0.0356964 0.0245975 0
 0.517169 0.277429 0.184464 0.0207286 0.00020938
 0.811772 0.124168 0.05621 0.00726502 0.000585176
 0.764997 0.148141 0.077277 0.00933861 0.000247198
 0.163321 0.427699 0.378323 0.0303852 0.000271297
 0.753843 0.0900009 0.118128 0.0371064 0.000921714
 0.721811 0.176058 0.0630433 0.0369309 0.00215725
 0.143369 0.312575 0.442814 0.0836902 0.0175525
 0.692698 0.0596174 0.167031 0.0765114 0.00414204
 0.394062 0.376323 0.152708 0.0712218 0.00568511
 0.125707 0.32114 0.495352 0.0537591 0.00404204
 0.23352 0.215282 0.420074 0.123614 0.00750983
pf_pred 
 0.441447 0.133404 0.399534 0.0256146 8.19654e-07
 0.40991 0.302487 0.0695805 0.204897 0.0131249
 0.560338 0.212725 0.1174 0.02652 0.0830168
 0.708524 0.184352 0.0523292 0.0283607 0.0264346
 0.646124 0.272534 0.05183 0.0144242 0.0150877
 0.760462 0.169293 0.0543123 0.0101554 0.00577713
 0.471881 0.428265 0.0709566 0.0223482 0.0065493
 0.460437 0.301932 0.193517 0.0313583 0.0127556
 0.559628 0.233061 0.116862 0.0736698 0.0167787
 0.72673 0.174116 0.0529753 0.0260432 0.0201354
 0.826425 0.136857 0.0235769 0.00702474 0.00611648
 0.731749 0.231302 0.0292369 0.00495342 0.00275842
 0.675175 0.25698 0.0586668 0.0072645 0.00191403
 0.620754 0.281528 0.0776363 0.0173673 0.00271417
 0.735352 0.186575 0.0583152 0.0157016 0.00405619
 0.938625 0.0488617 0.00887711 0.0027164 0.000919298
 0.354048 0.616582 0.0234773 0.00418208 0.00171099
 0.896773 0.043664 0.0569015 0.00212775 0.000533568
 0.585076 0.382364 0.0139174 0.0178104 0.000832191
 0.603107 0.260915 0.125501 0.00448093 0.0059961
 0.723344 0.18634 0.0597558 0.0282086 0.00235247
 0.727697 0.211921 0.0409118 0.0128858 0.00658389
 0.300324 0.548096 0.118463 0.0224461 0.0106712
 0.731691 0.0973426 0.134434 0.028557 0.00797586
 0.61132 0.304782 0.0307745 0.0417797 0.0113433
 0.420779 0.391166 0.148023 0.0146926 0.0253391
 0.729103 0.132552 0.0939426 0.0349571 0.00944515
 0.675987 0.253196 0.0349587 0.0243567 0.0115017
 0.311908 0.504392 0.144088 0.0195633 0.0200485
 0.399968 0.22432 0.276651 0.0777157 0.0213456
pobs_RECLAS
 0 0 0 0 0
 0 0 0 0 0
 0 0 0 0 0
 0 0 0 0 0
 0 0 0 0 0
 0 0 0 0 0
 0 0 0 0 0
 0 0 0 0 0
 0 0 0 0 0
 0 0 0 0 0
 0.991045 0.00858322 0.000360255 1.14367e-05 0
 0.934742 0.0480273 0.0164251 0.00080598 0
 0.827803 0.169806 0.00239088 0 0
 0.941827 0.0461693 0.0120037 0 0
 0.791401 0.0380133 0.147996 0.0225897 0
 0.846168 0.0940531 0.0597789 0 0
 0.134021 0.677848 0.182769 0.00536245 0
 0.80878 0.0450904 0.141981 0.00414843 0
 0.846168 0.0940531 0.0597789 0 0
 0.905697 0.0802665 0.012482 0.00150086 5.37128e-05
 0.989698 0.0102097 9.19794e-05 0 0
 0.975433 0.0193895 0.00387452 0.00125025 5.28907e-05
 0.303575 0.632131 0.0575291 0.00676475 0
 0.966965 0.00978017 0.0227588 0.000495775 0
 0.843318 0.132988 0.00938335 0.0141283 0.000182051
 0.564624 0.303363 0.111486 0.0197234 0.00080311
 0.826376 0.0876187 0.0782897 0.00655872 0.00115652
 0.89761 0.0855135 0.0140674 0.00269457 0.000114338
 0.34875 0.467042 0.161289 0.0227151 0.000203297
 0.318654 0.224769 0.449479 0.00709798 0
ppred_RECLAS
 0.511817 0.118068 0.347833 0.0222806 7.12933e-07
 0.479343 0.269152 0.0608881 0.179141 0.0114745
 0.628183 0.181489 0.0985051 0.022232 0.0695907
 0.763641 0.150452 0.0419847 0.0227338 0.0211888
 0.705998 0.227293 0.0425203 0.011823 0.0123663
 0.807508 0.136716 0.0431336 0.00805805 0.00458378
 0.54416 0.370898 0.0603765 0.0189981 0.00556726
 0.529417 0.26525 0.167243 0.0270771 0.0110136
 0.62844 0.198255 0.097732 0.0615547 0.0140187
 0.780127 0.140994 0.0421612 0.0207078 0.0160096
 0.862162 0.109063 0.0184829 0.0055022 0.00479058
 0.783516 0.18711 0.0232474 0.00393507 0.00219122
 0.733905 0.211272 0.0474129 0.00586563 0.00154538
 0.687716 0.232907 0.0630774 0.0140969 0.00220296
 0.787439 0.150629 0.0462696 0.0124468 0.00321521
 0.952967 0.0375755 0.00671144 0.00205185 0.000694364
 0.418872 0.555127 0.0207876 0.0036997 0.00151356
 0.920172 0.0340929 0.0436936 0.00163241 0.000409335
 0.650534 0.32248 0.0115409 0.0147558 0.000689432
 0.668009 0.219508 0.103824 0.00370364 0.00495575
 0.775458 0.152073 0.0479617 0.022621 0.0018864
 0.779298 0.172411 0.0327296 0.0102995 0.00526219
 0.361008 0.502364 0.106798 0.0202181 0.00961151
 0.783208 0.0794904 0.107983 0.0229181 0.00640066
 0.674189 0.25642 0.0254676 0.0345447 0.00937858
 0.488919 0.347008 0.129171 0.0128102 0.0220917
 0.780602 0.108273 0.0754805 0.0280625 0.00758195
 0.732805 0.209563 0.0284625 0.0198133 0.0093558
 0.373548 0.461239 0.129612 0.0175826 0.0180179
 0.469132 0.200554 0.243279 0.068281 0.0187534
pobs_PELACES
 0 0 0 0 0
 0 0 0 0 0
 0 0 0 0 0
 0 0 0 0 0
 0 0 0 0 0
 0 0 0 0 0
 0 0 0 0 0
 0 0 0 0 0
 0 0 0 0 0
 0 0 0 0 0
 0 0 0 0 0
 0 0 0 0 0
 0 0 0 0 0
 0 0 0 0 0
 0 0 0 0 0
 0 0 0 0 0
 0.505614 0.472636 0.0217494 0 0
 0 0 0 0 0
 0.443492 0.261883 0.143347 0.151278 0
 0.227955 0.32914 0.350689 0.0885471 0.00366901
 0.970185 0.0296113 0.000203453 0 0
 0.997202 0.00247181 0.000326279 0 0
 0.445219 0.490057 0.0546422 0.010081 0
 0.90214 0.0892962 0.00764917 0.000914606 0
 0 0 0 0 0
 0.581667 0.319106 0.0959925 0.00289975 0.000334073
 0.762889 0.0836404 0.116647 0.0363945 0.000428098
 0.88444 0.0763242 0.0277011 0.0115352 0
 0.521256 0.241999 0.230069 0.00667565 0
 0.616807 0.101726 0.260614 0.0208532 0
ppred_PELACES
 0.514823 0.117412 0.345626 0.0221382 7.08377e-07
 0.484762 0.266547 0.0602105 0.177134 0.0113459
 0.633151 0.1792 0.0971228 0.0219184 0.0686086
 0.769764 0.146681 0.0408373 0.0221097 0.020607
 0.708478 0.225418 0.0421349 0.0117153 0.0122536
 0.811033 0.134275 0.0422971 0.00790112 0.00449449
 0.556903 0.360771 0.0585198 0.0184104 0.00539498
 0.531584 0.264097 0.166418 0.0269427 0.0109589
 0.636226 0.19431 0.0955709 0.0601862 0.013707
 0.787397 0.136479 0.040692 0.019983 0.0154491
 0.863265 0.108204 0.0183257 0.00545521 0.00474966
 0.790038 0.18154 0.0224948 0.00380712 0.00211996
 0.740975 0.205765 0.0460611 0.00569763 0.00150111
 0.700982 0.223259 0.0602055 0.013452 0.00210215
 0.794689 0.145621 0.044597 0.0119949 0.00309846
 0.954428 0.0364254 0.0064912 0.00198428 0.000671492
 0.423927 0.550334 0.0205785 0.00366218 0.00149821
 0.92175 0.0334468 0.0428032 0.00159902 0.000400961
 0.657176 0.316402 0.0113003 0.0144466 0.000674984
 0.673821 0.215797 0.101885 0.00363414 0.00486273
 0.778946 0.149779 0.0471732 0.0222474 0.00185524
 0.78368 0.169054 0.0320357 0.0100802 0.00515011
 0.36452 0.499716 0.106124 0.0200894 0.0095503
 0.785567 0.0786725 0.106772 0.02266 0.00632856
 0.677179 0.25412 0.0252154 0.0342009 0.00928522
 0.49171 0.345198 0.1284 0.0127332 0.0219588
 0.782921 0.107179 0.0746492 0.0277521 0.00749806
 0.734951 0.207915 0.0282174 0.0196419 0.00927482
 0.376078 0.459467 0.129019 0.0175014 0.0179346
 0.473278 0.199128 0.24128 0.0677159 0.0185981
pobs_pel_tallas
 0 0 0 0 0 0 0 0 0 0 0 0 0 0 0 0 0 0 0 0 0 0 0 0 0 0
 0 0 0 0 0 0 0 0 0 0 0 0 0 0 0 0 0 0 0 0 0 0 0 0 0 0
 0 0 0 0 0 0 0 0 0 0 0 0 0 0 0 0 0 0 0 0 0 0 0 0 0 0
 0 0 0 0 0 0 0 0 0 0 0 0 0 0 0 0 0 0 0 0 0 0 0 0 0 0
 0 0 0 0 0 0 0 0 0 0 0 0 0 0 0 0 0 0 0 0 0 0 0 0 0 0
 0 0 0 0 0 0 0 0 0 0 0 0 0 0 0 0 0 0 0 0 0 0 0 0 0 0
 0 0 0 0 0 0 0 0 0 0 0 0 0 0 0 0 0 0 0 0 0 0 0 0 0 0
 0 0 0 0 0 0 0 0 0 0 0 0 0 0 0 0 0 0 0 0 0 0 0 0 0 0
 0 0 0 0 0 0 0 0 0 0 0 0 0 0 0 0 0 0 0 0 0 0 0 0 0 0
 0 0 0 0 0 0 0 0 0 0 0 0 0 0 0 0 0 0 0 0 0 0 0 0 0 0
 0 0 0 0 0 0 0 0 0 0 0 0 0 0 0 0 0 0 0 0 0 0 0 0 0 0
 0 0 0 0 0 0 0 0 0 0 0 0 0 0 0 0 0 0 0 0 0 0 0 0 0 0
 0.00862536 0 0 0.000197151 0.00414017 0.0128641 0.00837892 0.0270097 0.101434 0.158115 0.152841 0.127902 0.109271 0.109419 0.0830992 0.0579132 0.0238553 0.00714673 0.00463305 0.00128148 0.00103504 0.000492878 0.000147863 0.000147863 4.92878e-05 0
 0 0 0 0 0 0 0 0 0 0 0 0 0 0 0 0 0 0 0 0 0 0 0 0 0 0
 0 0 0 0 0 0 0 0.0054083 0.00873648 0.0413646 0.0450493 0.0745869 0.0622846 0.0627006 0.0613931 0.0827291 0.12552 0.122667 0.0946155 0.0697135 0.0546179 0.0294188 0.0215738 0.0213955 0.0102223 0.00600262
 0 0 0 0 0.00359764 0.0251062 0.0480494 0.140153 0.205849 0.193036 0.1447 0.116669 0.0760912 0.0342217 0.00950174 0.001854 0.000860785 0 0 0 0.000165536 0 0.000143464 0 0 0
 0 0 0 0 0 0 0 0.000145254 0.000435761 0.0275982 0.070085 0.0708112 0.156366 0.174668 0.174014 0.160142 0.0824315 0.0480064 0.0283245 0.00493863 0.00203355 0 0 0 0 0
 0 0 0 0 0 0 0 0 0 0 0 0 0 0 0 0 0 0 0 0 0 0 0 0 0 0
 0 0 1.00437e-05 0.000401748 0.00122533 0.00171747 0.00176769 0.0269171 0.070346 0.194647 0.189555 0.159765 0.064822 0.0314167 0.0384472 0.0292271 0.0345202 0.0313363 0.0194345 0.0106764 0.0143323 0.0359363 0.0279516 0.0138201 0.00172751 0
 0 0.0021121 0.0136068 0.0755702 0.200478 0.177729 0.0527432 0.0373336 0.0318909 0.0142505 0.0149659 0.0166563 0.0217959 0.0798694 0.0677717 0.0528807 0.04013 0.0224614 0.0357745 0.0225083 0.00881397 0.00855152 0.00135912 0.000746735 0 0
 0 0 0 0 5.4009e-05 0.00500934 0.000945158 0.0243581 0.138947 0.33067 0.221406 0.137944 0.0707744 0.0437923 0.0131692 0.00525238 0.0047753 0.00276346 9.45158e-05 9.00151e-06 2.25038e-05 9.00151e-06 4.50075e-06 0 0 0
 0.000866109 0.00284123 0.00948549 0.0512746 0.133035 0.25785 0.225252 0.132002 0.0553304 0.0519788 0.0540692 0.017754 0.00435017 0.00159236 0.00146478 0.000404838 0.000125132 0.000115318 0.000107957 0.000100596 0 0 0 0 0 0
 0 0 0 0 0.00144013 0.00171154 0.00461396 0.0210425 0.0478622 0.0707936 0.0888783 0.103762 0.0637923 0.0337046 0.0602308 0.124433 0.169614 0.0934646 0.0462172 0.0250306 0.0313229 0.00938855 0.002487 0.000210481 0 0
 0 0.00764035 0.051015 0.0998891 0.058973 0.0496711 0.0374665 0.0718981 0.12319 0.153886 0.159021 0.0857701 0.0377988 0.023471 0.0147837 0.00900784 0.00315554 0.000888139 0.00291439 0.00214683 0.00393193 0.00274676 0.000635225 9.99891e-05 0 0
 0 0 0 0 0 0 0 0 0 0 0 0 0 0 0 0 0 0 0 0 0 0 0 0 0 0
 0 0 0 0 0 0 0 0 0 0 0 0 0 0 0 0 0 0 0 0 0 0 0 0 0 0
 0 0 0 0 0 0 0 0 0 0 0 0 0 0 0 0 0 0 0 0 0 0 0 0 0 0
 0 0 0 0 0 0 0 0 0 0 0 0 0 0 0 0 0 0 0 0 0 0 0 0 0 0
 0 0 0 0 0 0 0 0 0 0 0 0 0 0 0 0 0 0 0 0 0 0 0 0 0 0
 0 0 0 0 0 0 0 0 0 0 0 0 0 0 0 0 0 0 0 0 0 0 0 0 0 0
ppred_pel_tallas
 1.12225e-16 4.24053e-05 0.000412195 0.00273918 0.0124519 0.0387426 0.0825457 0.12048 0.120492 0.0826038 0.038939 0.0130257 0.00420413 0.00369165 0.00650886 0.0113131 0.0177322 0.0252884 0.0334093 0.0416527 0.0496485 0.0567349 0.0617065 0.063106 0.059981 0.0525478
 1.2149e-16 3.99293e-05 0.000388127 0.00257924 0.0117249 0.0364806 0.0777267 0.11345 0.113476 0.0778527 0.0369041 0.0129497 0.00565931 0.00713151 0.0129075 0.0214445 0.0313124 0.0403424 0.046431 0.0488147 0.0485929 0.0479367 0.0485668 0.0506744 0.052975 0.0536395
 1.16658e-16 5.21518e-05 0.000506934 0.00336876 0.0153139 0.0476473 0.101518 0.148172 0.14819 0.101603 0.0479334 0.016142 0.00545395 0.00508108 0.00880548 0.0146515 0.0215254 0.0279872 0.0326257 0.0348651 0.0353036 0.0352215 0.0356473 0.0367268 0.0377855 0.0378716
 1.06921e-16 6.34045e-05 0.000616314 0.00409563 0.0186181 0.057928 0.123422 0.180141 0.180156 0.123492 0.0581608 0.0192911 0.00578711 0.0043161 0.00711185 0.011716 0.0170145 0.0217102 0.0245383 0.0249522 0.023451 0.0212121 0.0193232 0.0182162 0.0176391 0.017028
 1.04523e-16 5.83565e-05 0.000567246 0.00376955 0.0171358 0.053316 0.113596 0.165802 0.165823 0.113703 0.0536729 0.0181668 0.00635852 0.00622235 0.0108084 0.017803 0.0257049 0.0324648 0.0360368 0.0354886 0.0315507 0.0260988 0.0209988 0.0172171 0.014714 0.0129226
 1.02808e-16 6.68037e-05 0.000649356 0.0043152 0.0196163 0.0610336 0.130039 0.189798 0.189811 0.130102 0.0612467 0.0202323 0.00586343 0.00403527 0.00651523 0.0107123 0.015535 0.0197665 0.0222083 0.0223018 0.0204364 0.0176377 0.0149012 0.0127058 0.0109938 0.00947573
 1.04541e-16 4.58715e-05 0.000445887 0.00296308 0.0134697 0.0419096 0.089294 0.130335 0.130369 0.089464 0.0424803 0.0151186 0.00710264 0.00948502 0.0172201 0.028415 0.0409745 0.0516252 0.0570581 0.0557474 0.0488473 0.0393787 0.0303878 0.0235191 0.0188273 0.0155171
 1.09427e-16 4.37859e-05 0.000425615 0.00282836 0.0128573 0.0400041 0.0852339 0.124407 0.124432 0.0853593 0.040426 0.0140787 0.00590432 0.00717374 0.0129574 0.0216074 0.0317186 0.0411353 0.0476525 0.050207 0.0493926 0.0468128 0.0438473 0.0408817 0.0374839 0.0331293
 1.11164e-16 5.24051e-05 0.000509396 0.00338512 0.0153883 0.0478787 0.102011 0.148893 0.148911 0.102104 0.0481886 0.0162851 0.00564275 0.00545935 0.00951738 0.0158219 0.0231946 0.0300438 0.0347912 0.0367507 0.0365028 0.0353752 0.0344574 0.03395 0.033265 0.0316215
 1.05828e-16 6.48568e-05 0.000630432 0.00418944 0.0190446 0.0592549 0.126249 0.184267 0.18428 0.126314 0.0594716 0.019671 0.00576398 0.00407484 0.00662791 0.0109123 0.0158521 0.020236 0.0228832 0.0232759 0.0218617 0.0197157 0.0178339 0.016617 0.0158519 0.0150561
 1.01908e-16 7.1106e-05 0.000691176 0.00459311 0.0208796 0.0649643 0.138414 0.202021 0.202031 0.138465 0.0651355 0.0213743 0.0058351 0.00340354 0.00522561 0.00853514 0.0123093 0.0155253 0.0171932 0.0168625 0.014885 0.0121688 0.00962237 0.00772514 0.00647173 0.00559782
 1.01437e-16 6.50744e-05 0.000632546 0.00420349 0.0191085 0.0594537 0.126673 0.184887 0.184904 0.126758 0.0597406 0.0199372 0.00628351 0.00517229 0.00868409 0.0142462 0.0204982 0.025739 0.0282796 0.0273388 0.0235032 0.0183264 0.0134012 0.00962753 0.0070963 0.00544053
 1.02208e-16 6.10332e-05 0.000593264 0.00394245 0.0179218 0.0557615 0.118807 0.173406 0.173426 0.118904 0.0560875 0.0188635 0.00630742 0.00576002 0.0098853 0.0162759 0.0235095 0.0297062 0.0329834 0.0324583 0.0287474 0.0235065 0.0184019 0.0143285 0.0113305 0.00902625
 1.035e-16 5.7739e-05 0.000561243 0.00372966 0.0169545 0.0527519 0.112394 0.164047 0.164069 0.1125 0.0531059 0.0179776 0.00630004 0.00617986 0.0107504 0.0177383 0.0256803 0.0325723 0.0364014 0.0362268 0.0327067 0.0275875 0.022591 0.0185869 0.0155384 0.0129918
 1.03052e-16 6.54575e-05 0.00063627 0.00422824 0.019221 0.0598037 0.127419 0.185974 0.185988 0.127487 0.0600348 0.019889 0.00590707 0.00430767 0.00705726 0.0116138 0.0168418 0.0214274 0.024073 0.0241758 0.0221623 0.0191481 0.0162128 0.0138695 0.0120446 0.0104127
 1.0051e-16 7.86149e-05 0.000764165 0.00507815 0.0230845 0.0718245 0.15303 0.223352 0.223356 0.153047 0.0718822 0.0232511 0.00549632 0.00167746 0.00181432 0.00287817 0.00414597 0.00522945 0.00579133 0.00567793 0.00500494 0.00407466 0.00319049 0.00251398 0.00204733 0.00170927
 1.01356e-16 3.49184e-05 0.000339419 0.00225556 0.0102535 0.0319027 0.0679741 0.0992212 0.0992742 0.0682327 0.032771 0.0127602 0.0085431 0.0140498 0.0260284 0.0428565 0.0614547 0.0766944 0.0833722 0.079089 0.06571 0.0481746 0.0316462 0.0191899 0.0112975 0.00687409
 1.01473e-16 7.59233e-05 0.000738002 0.00490428 0.0222942 0.0693654 0.14779 0.215705 0.215708 0.147807 0.0694195 0.0224512 0.00530136 0.00161412 0.00176701 0.00287167 0.00429307 0.00573773 0.00694902 0.00778758 0.00827211 0.00849445 0.0084906 0.00819543 0.00751705 0.00644965
 1.01971e-16 5.41308e-05 0.00052617 0.00349659 0.015895 0.0494554 0.105371 0.153799 0.153829 0.10552 0.0499547 0.0173365 0.00711241 0.0084116 0.0150068 0.0246635 0.0353842 0.0442082 0.0481638 0.0458972 0.0385019 0.0288207 0.0197941 0.0131202 0.00899111 0.00668709
 1.04183e-16 5.55018e-05 0.000539497 0.00358515 0.0162976 0.0507079 0.108039 0.157691 0.157712 0.108142 0.0510514 0.0172912 0.00608447 0.00601275 0.0105004 0.0174018 0.0253643 0.0325203 0.0369759 0.0378114 0.0355521 0.0316707 0.027567 0.0238691 0.0204789 0.017079
 1.03945e-16 6.41607e-05 0.000623665 0.00414448 0.0188402 0.0586189 0.124894 0.18229 0.182304 0.124965 0.0588567 0.0195277 0.00587255 0.00440381 0.00726629 0.0119718 0.0173836 0.0221667 0.0250049 0.0252961 0.0234889 0.0207225 0.0180734 0.0160111 0.0143906 0.0128179
 1.02851e-16 6.45507e-05 0.000627456 0.00416967 0.0189547 0.0589752 0.125654 0.183398 0.183415 0.125733 0.0592429 0.0197279 0.00611134 0.00486867 0.00812687 0.0133531 0.0192768 0.0243428 0.0270118 0.0265779 0.0235803 0.019416 0.0154783 0.0124947 0.0104507 0.00894805
 1.06822e-16 3.00251e-05 0.000291855 0.00193948 0.00881663 0.0274321 0.0584487 0.0853177 0.0853659 0.0586843 0.0282235 0.0111032 0.00768186 0.0128367 0.0238817 0.0395038 0.0570673 0.0721054 0.0800666 0.0788329 0.0699406 0.0574508 0.0454318 0.0360381 0.0293068 0.0242024
 1.06445e-16 6.47061e-05 0.000628966 0.0041797 0.0190003 0.0591171 0.125956 0.183837 0.183845 0.125993 0.0592448 0.0193711 0.00511791 0.00270225 0.00407626 0.00683028 0.0102869 0.0138884 0.0170912 0.0196205 0.0215505 0.0230776 0.0241978 0.0246016 0.0238794 0.0218414
 1.05794e-16 5.57784e-05 0.000542186 0.00360302 0.0163788 0.0509607 0.108578 0.158478 0.158502 0.108698 0.0513624 0.0175391 0.0065154 0.00689978 0.0121301 0.0199676 0.0287699 0.0362175 0.0400034 0.0391092 0.0344338 0.028197 0.0225959 0.0187483 0.0165392 0.0151752
 1.08787e-16 4.05016e-05 0.00039369 0.00261621 0.0118929 0.0370035 0.0788411 0.115078 0.115111 0.0790043 0.037552 0.0134789 0.00660333 0.00911802 0.0166695 0.0276507 0.0401944 0.0513134 0.0579669 0.0587284 0.054566 0.048036 0.0415875 0.0363458 0.0321007 0.0281073
 1.06234e-16 6.44882e-05 0.000626849 0.00416563 0.0189364 0.0589181 0.125532 0.183219 0.18323 0.125583 0.0590897 0.0194334 0.00541822 0.00337802 0.00533899 0.00885494 0.0130579 0.0170737 0.0200518 0.0216034 0.021988 0.0218274 0.0215914 0.0212929 0.0205911 0.0191349
 1.04407e-16 6.05369e-05 0.000588441 0.0039104 0.0177761 0.0553082 0.117841 0.171996 0.172016 0.117939 0.055637 0.0187261 0.00629527 0.00579575 0.00995378 0.0163704 0.0236044 0.0297506 0.0329188 0.0322626 0.0284901 0.0233818 0.0187066 0.0153754 0.0133263 0.0119701
 1.08631e-16 3.09771e-05 0.000301109 0.00200098 0.00909617 0.0283018 0.0603016 0.0880213 0.0880657 0.0605186 0.0290305 0.0112022 0.00729245 0.0118689 0.0220485 0.0365279 0.0529117 0.0671555 0.0751339 0.0749205 0.0678751 0.0575906 0.0476018 0.0396832 0.0337343 0.0287849
 1.16953e-16 3.89833e-05 0.000378932 0.00251814 0.0114471 0.0356163 0.0758849 0.11076 0.11078 0.0759806 0.0359385 0.0123826 0.00488362 0.00560043 0.0101254 0.0171236 0.0257114 0.034541 0.0422253 0.0480947 0.0524283 0.0558747 0.0585885 0.0598902 0.058725 0.0544616
pSPR Fmed_Fpbrs
0.615027   0.22278 0.22278
Fs Fmed_Fpbrs
0.272793   1.005 1.005
SSBpbr Bo_Bmed_Bpbrs
1.8482e+06  1.04428e+06  319331 319331
Ro
161961
SPR SPRFo_SPRFmed_SPRFpbrs
1.1529e+06 709065 256843
Fref
1.005
log_Ro
11.8151
likeval ReclasPelacesDesembMPH_pf_preclas_ppelaces_ptallas_desvR_qrecl_qpela
 12.2182 17.8074 0.0373738 0.00263276 228.416 104.795 77.0389 0 25.4525 2.20103e-07 0 0.191091 0 0 0
q_reclas_q_pelaces
0.935681 1
M
1
N
 185190 43466.1 128208 8212.95 0.262799
 104956 60835.6 13792.9 40585.5 2599.63
 105241 31367.8 17062.3 3851.31 12055.4
 152371 31576.5 8842.83 4789.1 4463.68
 122884 40275 7543.76 2097.72 2194.12
 229654 40222.6 12720.2 2376.64 1351.95
 91942.8 67685.5 11077.6 3486.68 1021.76
 40278 20440 12899.1 2088.51 849.503
 41130.3 13628.5 6741.43 4246.74 967.18
 56995.7 10974.8 3296.34 1619.4 1252.01
 108006 13854 2350.13 699.651 609.164
 143305 36278.7 4525.83 766.25 426.687
 118403 35995.8 8108.9 1003.39 264.359
 82030.4 30490.2 8311.41 1858.13 290.38
 80431.4 16421 5067.13 1363.42 352.199
 466536 19327.5 3464.07 1059.25 358.462
 90847.6 124229 4662.14 829.845 339.496
 712165 27232.8 34978.8 1306.98 327.733
 411290 213100 7649.98 9782.65 457.076
 331653 113311 53740.4 1917.32 2565.54
 468046 94566.6 29887.2 14097.8 1175.64
 616280 141667 26965.4 8486.81 4336.08
 123989 176495 37580.7 7115.07 3382.46
 379726 39327.2 53499.2 11355.4 3171.4
 315293 122385 12172.5 16512.3 4482.96
 140704 101529 37837.3 3752.65 6471.6
 328318 46453.9 32429.4 12057.7 3257.76
 364820 106053 14420.5 10039 4740.4
 96089.9 120568 33918.6 4601.5 4715.44
 72670.2 31825.9 38671.1 10854.8 2981.27
pred_Ctot
 12645.9 3821.54 11445.2 733.769 0.0234802
 12659 9341.48 2148.8 6327.69 405.325
 12472.9 4735.19 2613.29 590.327 1847.93
 27850.5 7246.48 2056.95 1114.8 1039.09
 8646.01 3646.87 693.554 193.015 201.894
 29392.3 6543.28 2099.2 392.513 223.29
 23950.8 21737 3601.47 1134.3 332.416
 2056.94 1348.84 864.51 140.089 56.9838
 7330.11 3052.68 1530.68 964.94 219.77
 12639.9 3028.37 921.39 452.964 350.212
 5980.26 990.339 170.609 50.8331 44.2607
 29637.4 9368.23 1184.16 200.624 111.722
 23113.2 8797.18 2008.34 248.685 65.5229
 24820.9 11256.9 3104.29 694.432 108.526
 18250.2 4630.5 1447.29 389.689 100.668
 83612.6 4352.59 790.772 241.977 81.8909
 10812 18829.4 716.955 127.714 52.2507
 85435.1 4159.85 5420.97 202.709 50.8328
 66837.3 43680.1 1589.89 2034.61 95.067
 48140.3 20826.4 10017.6 357.67 478.612
 53278.6 13725 4401.38 2077.73 173.273
 88071.5 25648.4 4951.46 1559.54 796.833
 10932.5 19952 4312.32 817.09 388.455
 30064.2 3999.68 5523.71 1173.37 327.718
 25118.6 12523.2 1264.49 1716.69 466.087
 9201.79 8554.21 3237.03 321.305 554.127
 25577.1 4649.96 3295.53 1226.3 331.338
 23647.6 8857.4 1222.94 852.055 402.356
 6106.8 9875.43 2821.08 383.027 392.527
 6797.14 3812.14 4701.47 1320.72 362.752
F
 0.113205 0.147826 0.150244 0.150374 0.150381
 0.207764 0.271304 0.275742 0.27598 0.275992
 0.203836 0.266175 0.270529 0.270762 0.270775
 0.330588 0.431691 0.438754 0.439132 0.439152
 0.116813 0.152538 0.155034 0.155167 0.155174
 0.221701 0.289504 0.29424 0.294494 0.294507
 0.503675 0.657713 0.668473 0.669049 0.66908
 0.0836407 0.10922 0.111007 0.111103 0.111108
 0.321139 0.419353 0.426213 0.426581 0.4266
 0.414398 0.541133 0.549986 0.55046 0.550485
 0.0909583 0.118776 0.120719 0.120823 0.120829
 0.381572 0.498268 0.50642 0.506856 0.506879
 0.356688 0.465773 0.473393 0.473801 0.473823
 0.608527 0.794632 0.807632 0.808328 0.808365
 0.425874 0.556118 0.565216 0.565703 0.565729
 0.32321 0.422057 0.428962 0.429331 0.429351
 0.204762 0.267384 0.271758 0.271993 0.272005
 0.206549 0.269718 0.274131 0.274367 0.274379
 0.289162 0.377596 0.383773 0.384104 0.384122
 0.254784 0.332704 0.338147 0.338438 0.338453
 0.195088 0.254751 0.258919 0.259142 0.259154
 0.250407 0.326989 0.332339 0.332625 0.33264
 0.148278 0.193626 0.196793 0.196963 0.196972
 0.13228 0.172735 0.175561 0.175712 0.17572
 0.133153 0.173875 0.176719 0.176872 0.17688
 0.108195 0.141285 0.143596 0.14372 0.143726
 0.130039 0.169809 0.172587 0.172736 0.172744
 0.107194 0.139978 0.142267 0.14239 0.142397
 0.105005 0.137119 0.139362 0.139482 0.139488
 0.15791 0.206204 0.209577 0.209758 0.209767
nmprior
 8 8 7 0
nm_flota  nm_reclas  nm_pelaces    nm_pelaL
inf 12.8184 15.2958 26.3928
cv_recla  cv_pelaces  cv_mph
0.323616 0.496553 1.58348
 ------------------------------------------------
Talla a la edad & desviación 
 8 13.2811 15.8009 17.003 17.5766
 0.8 1.32811 1.58009 1.7003 1.75766
