years
 1991 1992 1993 1994 1995 1996 1997 1998 1999 2000 2001 2002 2003 2004 2005 2006 2007 2008 2009 2010 2011 2012 2013 2014 2015 2016 2017 2018 2019 2020
reclasobs
 0 0 0 0 0 0 0 0 0 252601 567819 844713 477998 351125 339783 2.1784e+06 2.13404e+06 4.81314e+06 1.55562e+06 2.62356e+06 3.21686e+06 3.843e+06 1.13348e+06 3.07943e+06 1.97215e+06 2.03268e+06 2.025e+06 2.42433e+06 2.27542e+06 1.05018e+06
reclaspred
 4.76341e+06 2.77039e+06 1.41558e+06 1.62993e+06 1.92948e+06 2.75484e+06 2.04395e+06 1.76985e+06 1.22051e+06 839981 685372 770635 752404 622055 650593 1.32926e+06 1.52541e+06 2.8386e+06 2.53607e+06 2.01264e+06 3.49954e+06 2.74656e+06 2.4079e+06 3.36411e+06 2.69011e+06 2.49065e+06 2.75239e+06 2.7424e+06 2.57296e+06 1.80638e+06
pelacesobs
 0 0 0 0 0 0 0 0 0 0 0 0 0 0 0 552880 188675 0 991730 2.46772e+06 1.41603e+06 1.21717e+06 2.29649e+06 1.80582e+06 0 1.4828e+06 1.56532e+06 1.57751e+06 1.42118e+06 867257
pelacespred
 2.3498e+06 1.52327e+06 795703 805170 940468 1.41515e+06 1.02829e+06 995050 699235 464262 401744 367636 386187 344561 377563 645999 695830 1.50726e+06 1.38622e+06 1.01625e+06 1.67422e+06 1.48202e+06 1.24138e+06 1.94208e+06 1.48383e+06 1.34514e+06 1.73736e+06 1.74798e+06 1.26634e+06 997389
mphobs
 0 0 0 0 0 0 0 0 0 0 0 498337 0 5186 125008 0 168611 109162 213762 579715 649985 157893 87575 83554 0 0 0 0 0 0
mphpred
 4.44495e+06 3.01778e+06 1.56511e+06 870298 1.32884e+06 1.62975e+06 2.02275e+06 1.41553e+06 1.16847e+06 778149 488129 539609 525448 456472 344878 460013 1.13753e+06 1.17376e+06 2.00776e+06 1.60039e+06 1.81234e+06 2.19336e+06 2.00483e+06 1.74807e+06 2.36423e+06 1.97014e+06 1.68843e+06 1.77022e+06 2.33348e+06 1.66421e+06
desembarqueobs
 494567 514787 250237 358949 120608 361735 552515 73892 212993 205616 52469 317467 293654 387597 252695 516296 358380 742168 942051 627588 828172 859565 418607 520667 417249 300574 407403 355545 319650 289779
desembarquepred
 494574 512710 251504 358961 120610 361753 552609 73895 213047 205674 52471.8 317575 293742 387709 252714 516319 358420 742136 942022 627556 828288 859680 418637 520707 417271 300587 407420 355548 319659 289795
Reclutas
 247951 144833 139077 393102 305904 408935 171541 82324.5 64378.8 80231.5 125937 159293 143393 106294 114204 492042 136458 728494 483771 383112 527529 677834 178040 443117 384449 188636 386879 408488 146682 130554
log_desv_Rt
 0.0986666 -0.438981 -0.479535 0.559505 0.308707 0.598992 -0.269744 -1.0039 -1.24978 -1.02965 -0.578784 -0.343819 -0.448977 -0.748355 -0.676582 0.784 -0.498551 1.17641 0.767047 0.533762 0.85364 1.10434 -0.232555 0.679268 0.537247 -0.174747 0.543548 0.597897 -0.426296 -0.542782
SSB
 4.44495e+06 3.01778e+06 1.56511e+06 870298 1.32884e+06 1.62975e+06 2.02275e+06 1.41553e+06 1.16847e+06 778149 488129 539609 525448 456472 344878 460013 1.13753e+06 1.17376e+06 2.00776e+06 1.60039e+06 1.81234e+06 2.19336e+06 2.00483e+06 1.74807e+06 2.36423e+06 1.97014e+06 1.68843e+06 1.77022e+06 2.33348e+06 1.66421e+06
BT
 5.89074e+06 4.05794e+06 2.10697e+06 2.27042e+06 2.33766e+06 3.74631e+06 2.9112e+06 2.43665e+06 1.869e+06 1.30598e+06 1.01961e+06 1.1627e+06 1.20876e+06 1.25034e+06 1.1907e+06 2.04318e+06 1.93775e+06 4.41206e+06 4.26528e+06 2.99302e+06 4.78062e+06 4.37845e+06 3.31824e+06 5.28478e+06 3.91076e+06 3.48292e+06 4.69066e+06 4.64613e+06 3.22698e+06 2.63746e+06
Ftot
 0.094492 0.168077 0.160476 0.183922 0.053854 0.111608 0.23633 0.0371034 0.154238 0.213781 0.0651974 0.342354 0.325003 0.504292 0.313441 0.307492 0.1998 0.21327 0.308454 0.262427 0.199342 0.261397 0.151031 0.129539 0.133384 0.104878 0.124308 0.107754 0.109892 0.141693
BD_Bspro_t
 0.984995 0.887335 0.765672 0.698772 0.748567 0.810558 0.800057 0.70077 0.736687 0.696245 0.656666 0.754185 0.629292 0.546495 0.459741 0.52836 0.637047 0.630751 0.691114 0.609714 0.593187 0.634603 0.641211 0.647542 0.738976 0.747878 0.761141 0.791102 0.823418 0.771858
BD_Bspro
 2.77952 1.88708 0.978697 0.544215 0.83095 1.01912 1.26486 0.885158 0.730669 0.486592 0.305237 0.337429 0.328573 0.285441 0.215659 0.287656 0.711321 0.733979 1.2555 1.00076 1.13329 1.37155 1.25366 1.0931 1.4784 1.23197 1.05581 1.10696 1.45917 1.04066
BD_Bo
 1.91928 1.30304 0.675799 0.375785 0.573778 0.70371 0.8734 0.61121 0.504533 0.335996 0.210769 0.232997 0.226883 0.197099 0.148915 0.198629 0.491174 0.506819 0.86693 0.691032 0.782548 0.947067 0.865665 0.754796 1.02085 0.850684 0.729045 0.764363 1.00757 0.718588
BD_Brms
 13.6309 9.25436 4.7996 2.66887 4.07504 4.99783 6.20299 4.34088 3.58325 2.38628 1.4969 1.65477 1.61135 1.39982 1.05761 1.41068 3.48837 3.59948 6.15704 4.90779 5.55775 6.72618 6.14805 5.36065 7.25019 6.04165 5.17776 5.4286 7.15587 5.10349
Sel_flota
 0.900656 1 1 1 1
 0.900656 1 1 1 1
 0.900656 1 1 1 1
 0.900656 1 1 1 1
 0.900656 1 1 1 1
 0.900656 1 1 1 1
 0.900656 1 1 1 1
 0.900656 1 1 1 1
 0.900656 1 1 1 1
 0.900656 1 1 1 1
 0.900656 1 1 1 1
 0.900656 1 1 1 1
 0.900656 1 1 1 1
 0.900656 1 1 1 1
 0.900656 1 1 1 1
 0.900656 1 1 1 1
 0.900656 1 1 1 1
 0.900656 1 1 1 1
 0.900656 1 1 1 1
 0.900656 1 1 1 1
 0.900656 1 1 1 1
 0.900656 1 1 1 1
 0.900656 1 1 1 1
 0.900656 1 1 1 1
 0.900656 1 1 1 1
 0.900656 1 1 1 1
 0.900656 1 1 1 1
 0.900656 1 1 1 1
 0.900656 1 1 1 1
 0.900656 1 1 1 1
Sel_reclas
 0.730774 0.931789 0.985663 0.997118 0.999426
 0.730774 0.931789 0.985663 0.997118 0.999426
 0.730774 0.931789 0.985663 0.997118 0.999426
 0.730774 0.931789 0.985663 0.997118 0.999426
 0.730774 0.931789 0.985663 0.997118 0.999426
 0.730774 0.931789 0.985663 0.997118 0.999426
 0.730774 0.931789 0.985663 0.997118 0.999426
 0.730774 0.931789 0.985663 0.997118 0.999426
 0.730774 0.931789 0.985663 0.997118 0.999426
 0.730774 0.931789 0.985663 0.997118 0.999426
 0.730774 0.931789 0.985663 0.997118 0.999426
 0.730774 0.931789 0.985663 0.997118 0.999426
 0.730774 0.931789 0.985663 0.997118 0.999426
 0.730774 0.931789 0.985663 0.997118 0.999426
 0.730774 0.931789 0.985663 0.997118 0.999426
 0.730774 0.931789 0.985663 0.997118 0.999426
 0.730774 0.931789 0.985663 0.997118 0.999426
 0.730774 0.931789 0.985663 0.997118 0.999426
 0.730774 0.931789 0.985663 0.997118 0.999426
 0.730774 0.931789 0.985663 0.997118 0.999426
 0.730774 0.931789 0.985663 0.997118 0.999426
 0.730774 0.931789 0.985663 0.997118 0.999426
 0.730774 0.931789 0.985663 0.997118 0.999426
 0.730774 0.931789 0.985663 0.997118 0.999426
 0.730774 0.931789 0.985663 0.997118 0.999426
 0.730774 0.931789 0.985663 0.997118 0.999426
 0.730774 0.931789 0.985663 0.997118 0.999426
 0.730774 0.931789 0.985663 0.997118 0.999426
 0.730774 0.931789 0.985663 0.997118 0.999426
 0.730774 0.931789 0.985663 0.997118 0.999426
Sel_pelaces
 0.888462 1 1 1 1
 0.888462 1 1 1 1
 0.888462 1 1 1 1
 0.888462 1 1 1 1
 0.888462 1 1 1 1
 0.888462 1 1 1 1
 0.888462 1 1 1 1
 0.888462 1 1 1 1
 0.888462 1 1 1 1
 0.888462 1 1 1 1
 0.888462 1 1 1 1
 0.888462 1 1 1 1
 0.888462 1 1 1 1
 0.888462 1 1 1 1
 0.888462 1 1 1 1
 0.888462 1 1 1 1
 0.888462 1 1 1 1
 0.888462 1 1 1 1
 0.888462 1 1 1 1
 0.888462 1 1 1 1
 0.888462 1 1 1 1
 0.888462 1 1 1 1
 0.888462 1 1 1 1
 0.888462 1 1 1 1
 0.888462 1 1 1 1
 0.888462 1 1 1 1
 0.888462 1 1 1 1
 0.888462 1 1 1 1
 0.888462 1 1 1 1
 0.888462 1 1 1 1
pf_obs 
 0.8446 0.082 0.0669 0.0065 0
 0.8095 0.147 0.0364 0.0071 0
 0.9664 0.0169 0.016 0.0007 0
 0.9276 0.0648 0.0075 0.0001 0
 0.7033 0.2144 0.0806 0.0017 0
 0.9318 0.0425 0.0243 0.0014 0
 0.5671 0.3108 0.0964 0.0239 0.0018
 0.0768 0.2599 0.5324 0.112 0.0189
 0.490249 0.384438 0.106611 0.0170017 0.00170017
 0.7925 0.1577 0.0466 0.003 0.0002
 0.840416 0.127587 0.0312969 0.00059994 9.999e-05
 0.8084 0.0986 0.0794 0.0134 0.0002
 0.7335 0.1905 0.0724 0.0035 0.0001
 0.4001 0.4547 0.1325 0.0127 0
 0.49795 0.308269 0.164784 0.0264974 0.00249975
 0.9179 0.0499 0.0305 0.0017 0
 0.2467 0.6533 0.0926 0.0074 0
 0.9418 0.0223 0.034 0.0019 0
 0.707729 0.231977 0.0356964 0.0245975 0
 0.517169 0.277429 0.184464 0.0207286 0.00020938
 0.811772 0.124168 0.05621 0.00726502 0.000585176
 0.764997 0.148141 0.077277 0.00933861 0.000247198
 0.163321 0.427699 0.378323 0.0303852 0.000271297
 0.753843 0.0900009 0.118128 0.0371064 0.000921714
 0.721811 0.176058 0.0630433 0.0369309 0.00215725
 0.143369 0.312575 0.442814 0.0836902 0.0175525
 0.692698 0.0596174 0.167031 0.0765114 0.00414204
 0.394062 0.376323 0.152708 0.0712218 0.00568511
 0.125707 0.32114 0.495352 0.0537591 0.00404204
 0.23352 0.215282 0.420074 0.123614 0.00750983
pf_pred 
 0.453714 0.0977066 0.427734 0.0208446 7.35619e-07
 0.429958 0.274265 0.0529016 0.231589 0.0112863
 0.557812 0.202625 0.115261 0.0222322 0.10207
 0.825123 0.102433 0.0331963 0.0188834 0.0203645
 0.654635 0.290511 0.0321302 0.0104127 0.012311
 0.700765 0.203054 0.0809046 0.00894796 0.00632833
 0.453376 0.395507 0.102544 0.0408575 0.00771465
 0.412825 0.283561 0.219678 0.0569565 0.0269786
 0.466478 0.234178 0.14456 0.111993 0.0427904
 0.636331 0.179965 0.080633 0.0497755 0.0532955
 0.755933 0.161823 0.0406995 0.0182353 0.0233097
 0.720714 0.216553 0.0415937 0.0104611 0.0106784
 0.693642 0.228305 0.0605208 0.0116244 0.00590795
 0.640706 0.25847 0.0751364 0.0199177 0.00576997
 0.737901 0.175947 0.061976 0.0180163 0.00615941
 0.91508 0.0646305 0.0136206 0.00479774 0.00187151
 0.454849 0.503812 0.0314617 0.0066304 0.00324655
 0.884201 0.0560296 0.0552372 0.00344942 0.00108289
 0.641072 0.321485 0.0181169 0.0178607 0.0014655
 0.633707 0.245011 0.10863 0.00612171 0.00653033
 0.739973 0.17192 0.0589347 0.0261297 0.00304331
 0.743419 0.19545 0.0404177 0.0138553 0.00685846
 0.385329 0.47064 0.109715 0.0226883 0.0116276
 0.743275 0.10591 0.115475 0.0269195 0.00841968
 0.647113 0.269642 0.0343423 0.0374437 0.011459
 0.477717 0.351159 0.130757 0.0166535 0.0237142
 0.737063 0.132888 0.0874394 0.0325587 0.0100517
 0.687664 0.236805 0.0381732 0.0251178 0.0122402
 0.408926 0.420244 0.129519 0.0208785 0.0204327
 0.513378 0.212177 0.195126 0.0601376 0.0191815
pobs_RECLAS
 0 0 0 0 0
 0 0 0 0 0
 0 0 0 0 0
 0 0 0 0 0
 0 0 0 0 0
 0 0 0 0 0
 0 0 0 0 0
 0 0 0 0 0
 0 0 0 0 0
 0 0 0 0 0
 0.991045 0.00858322 0.000360255 1.14367e-05 0
 0.934742 0.0480273 0.0164251 0.00080598 0
 0.827803 0.169806 0.00239088 0 0
 0.941827 0.0461693 0.0120037 0 0
 0.791401 0.0380133 0.147996 0.0225897 0
 0.846168 0.0940531 0.0597789 0 0
 0.134021 0.677848 0.182769 0.00536245 0
 0.80878 0.0450904 0.141981 0.00414843 0
 0.846168 0.0940531 0.0597789 0 0
 0.905697 0.0802665 0.012482 0.00150086 5.37128e-05
 0.989698 0.0102097 9.19794e-05 0 0
 0.975433 0.0193895 0.00387452 0.00125025 5.28907e-05
 0.303575 0.632131 0.0575291 0.00676475 0
 0.966965 0.00978017 0.0227588 0.000495775 0
 0.843318 0.132988 0.00938335 0.0141283 0.000182051
 0.564624 0.303363 0.111486 0.0197234 0.00080311
 0.826376 0.0876187 0.0782897 0.00655872 0.00115652
 0.89761 0.0855135 0.0140674 0.00269457 0.000114338
 0.34875 0.467042 0.161289 0.0227151 0.000203297
 0.318654 0.224769 0.449479 0.00709798 0
ppred_RECLAS
 0.408532 0.100948 0.467474 0.023046 8.1519e-07
 0.388531 0.284169 0.0579811 0.256776 0.0125428
 0.515164 0.214582 0.12912 0.0251948 0.115939
 0.800303 0.113896 0.0390453 0.0224687 0.0242871
 0.620468 0.316065 0.0369776 0.0121229 0.0143661
 0.666966 0.221718 0.0934487 0.0104554 0.0074116
 0.415801 0.415584 0.113979 0.0459415 0.00869468
 0.372472 0.293718 0.240704 0.063133 0.0299735
 0.423899 0.244032 0.159353 0.124888 0.0478278
 0.596443 0.193315 0.0916219 0.0572164 0.0614044
 0.725344 0.178217 0.0474143 0.0214908 0.0275346
 0.68984 0.237168 0.0481872 0.0122603 0.0125439
 0.660807 0.248921 0.0698008 0.0135626 0.006909
 0.605641 0.278913 0.0857672 0.023 0.00667832
 0.706823 0.192914 0.0718813 0.0211386 0.00724359
 0.902684 0.0729822 0.0162699 0.00579756 0.00226675
 0.420151 0.533414 0.0352362 0.00751216 0.00368681
 0.866069 0.0628943 0.0655898 0.00414351 0.00130381
 0.607826 0.348924 0.0208001 0.0207443 0.00170604
 0.597007 0.264375 0.123992 0.00706864 0.00755792
 0.7086 0.1887 0.068427 0.0306908 0.00358282
 0.713686 0.214911 0.0470116 0.016303 0.00808877
 0.350205 0.490528 0.120963 0.025305 0.0129987
 0.709047 0.11589 0.133661 0.0315211 0.00988176
 0.61157 0.292293 0.0393795 0.0434348 0.0133232
 0.438702 0.369989 0.145734 0.0187767 0.0267995
 0.703348 0.145463 0.101248 0.0381387 0.0118016
 0.653936 0.258359 0.0440557 0.0293254 0.0143237
 0.372083 0.438694 0.143022 0.0233232 0.022878
 0.470618 0.223078 0.217013 0.0676603 0.0216308
pobs_PELACES
 0 0 0 0 0
 0 0 0 0 0
 0 0 0 0 0
 0 0 0 0 0
 0 0 0 0 0
 0 0 0 0 0
 0 0 0 0 0
 0 0 0 0 0
 0 0 0 0 0
 0 0 0 0 0
 0 0 0 0 0
 0 0 0 0 0
 0 0 0 0 0
 0 0 0 0 0
 0 0 0 0 0
 0 0 0 0 0
 0.505614 0.472636 0.0217494 0 0
 0 0 0 0 0
 0.443492 0.261883 0.143347 0.151278 0
 0.227955 0.32914 0.350689 0.0885471 0.00366901
 0.970185 0.0296113 0.000203453 0 0
 0.997202 0.00247181 0.000326279 0 0
 0.445219 0.490057 0.0546422 0.010081 0
 0.90214 0.0892962 0.00764917 0.000914606 0
 0 0 0 0 0
 0.581667 0.319106 0.0959925 0.00289975 0.000334073
 0.762889 0.0836404 0.116647 0.0363945 0.000428098
 0.88444 0.0763242 0.0277011 0.0115352 0
 0.521256 0.241999 0.230069 0.00667565 0
 0.616807 0.101726 0.260614 0.0208532 0
ppred_PELACES
 0.451312 0.0981363 0.429615 0.0209362 7.38854e-07
 0.428356 0.275036 0.0530503 0.23224 0.0113181
 0.556116 0.203402 0.115703 0.0223174 0.102461
 0.824277 0.102928 0.0333569 0.0189747 0.0204631
 0.652052 0.292684 0.0323705 0.0104906 0.0124031
 0.698881 0.204333 0.0814141 0.00900431 0.00636819
 0.452498 0.396143 0.102709 0.0409232 0.00772705
 0.409895 0.284976 0.220775 0.0572408 0.0271133
 0.464701 0.234958 0.145042 0.112366 0.0429329
 0.635279 0.180486 0.0808663 0.0499195 0.0534497
 0.75391 0.163164 0.0410368 0.0183864 0.0235029
 0.720964 0.216359 0.0415565 0.0104517 0.0106689
 0.693737 0.228234 0.060502 0.0116207 0.00590611
 0.642744 0.257004 0.0747103 0.0198047 0.00573725
 0.737886 0.175957 0.0619795 0.0180173 0.00615976
 0.915053 0.0646512 0.0136249 0.00479927 0.00187211
 0.453571 0.504994 0.0315355 0.00664596 0.00325416
 0.883733 0.0562562 0.0554606 0.00346337 0.00108727
 0.641002 0.321548 0.0181205 0.0178642 0.00146579
 0.633154 0.245381 0.108794 0.00613095 0.00654019
 0.738975 0.172579 0.0591608 0.0262299 0.00305498
 0.742955 0.195803 0.0404906 0.0138803 0.00687085
 0.383606 0.471959 0.110023 0.0227519 0.0116602
 0.741707 0.106558 0.116181 0.0270839 0.00847112
 0.645275 0.271047 0.0345212 0.0376387 0.0115187
 0.475408 0.352711 0.131335 0.0167271 0.023819
 0.735426 0.133715 0.0879836 0.0327614 0.0101142
 0.685699 0.238295 0.0384134 0.0252758 0.0123172
 0.406742 0.421797 0.129997 0.0209557 0.0205082
 0.511458 0.213014 0.195896 0.0603748 0.0192571
pobs_pel_tallas
 0 0 0 0 0 0 0 0 0 0 0 0 0 0 0 0 0 0 0 0 0 0 0 0 0 0
 0 0 0 0 0 0 0 0 0 0 0 0 0 0 0 0 0 0 0 0 0 0 0 0 0 0
 0 0 0 0 0 0 0 0 0 0 0 0 0 0 0 0 0 0 0 0 0 0 0 0 0 0
 0 0 0 0 0 0 0 0 0 0 0 0 0 0 0 0 0 0 0 0 0 0 0 0 0 0
 0 0 0 0 0 0 0 0 0 0 0 0 0 0 0 0 0 0 0 0 0 0 0 0 0 0
 0 0 0 0 0 0 0 0 0 0 0 0 0 0 0 0 0 0 0 0 0 0 0 0 0 0
 0 0 0 0 0 0 0 0 0 0 0 0 0 0 0 0 0 0 0 0 0 0 0 0 0 0
 0 0 0 0 0 0 0 0 0 0 0 0 0 0 0 0 0 0 0 0 0 0 0 0 0 0
 0 0 0 0 0 0 0 0 0 0 0 0 0 0 0 0 0 0 0 0 0 0 0 0 0 0
 0 0 0 0 0 0 0 0 0 0 0 0 0 0 0 0 0 0 0 0 0 0 0 0 0 0
 0 0 0 0 0 0 0 0 0 0 0 0 0 0 0 0 0 0 0 0 0 0 0 0 0 0
 0 0 0 0 0 0 0 0 0 0 0 0 0 0 0 0 0 0 0 0 0 0 0 0 0 0
 0.00862536 0 0 0.000197151 0.00414017 0.0128641 0.00837892 0.0270097 0.101434 0.158115 0.152841 0.127902 0.109271 0.109419 0.0830992 0.0579132 0.0238553 0.00714673 0.00463305 0.00128148 0.00103504 0.000492878 0.000147863 0.000147863 4.92878e-05 0
 0 0 0 0 0 0 0 0 0 0 0 0 0 0 0 0 0 0 0 0 0 0 0 0 0 0
 0 0 0 0 0 0 0 0.0054083 0.00873648 0.0413646 0.0450493 0.0745869 0.0622846 0.0627006 0.0613931 0.0827291 0.12552 0.122667 0.0946155 0.0697135 0.0546179 0.0294188 0.0215738 0.0213955 0.0102223 0.00600262
 0 0 0 0 0.00359764 0.0251062 0.0480494 0.140153 0.205849 0.193036 0.1447 0.116669 0.0760912 0.0342217 0.00950174 0.001854 0.000860785 0 0 0 0.000165536 0 0.000143464 0 0 0
 0 0 0 0 0 0 0 0.000145254 0.000435761 0.0275982 0.070085 0.0708112 0.156366 0.174668 0.174014 0.160142 0.0824315 0.0480064 0.0283245 0.00493863 0.00203355 0 0 0 0 0
 0 0 0 0 0 0 0 0 0 0 0 0 0 0 0 0 0 0 0 0 0 0 0 0 0 0
 0 0 1.00437e-05 0.000401748 0.00122533 0.00171747 0.00176769 0.0269171 0.070346 0.194647 0.189555 0.159765 0.064822 0.0314167 0.0384472 0.0292271 0.0345202 0.0313363 0.0194345 0.0106764 0.0143323 0.0359363 0.0279516 0.0138201 0.00172751 0
 0 0.0021121 0.0136068 0.0755702 0.200478 0.177729 0.0527432 0.0373336 0.0318909 0.0142505 0.0149659 0.0166563 0.0217959 0.0798694 0.0677717 0.0528807 0.04013 0.0224614 0.0357745 0.0225083 0.00881397 0.00855152 0.00135912 0.000746735 0 0
 0 0 0 0 5.4009e-05 0.00500934 0.000945158 0.0243581 0.138947 0.33067 0.221406 0.137944 0.0707744 0.0437923 0.0131692 0.00525238 0.0047753 0.00276346 9.45158e-05 9.00151e-06 2.25038e-05 9.00151e-06 4.50075e-06 0 0 0
 0.000866109 0.00284123 0.00948549 0.0512746 0.133035 0.25785 0.225252 0.132002 0.0553304 0.0519788 0.0540692 0.017754 0.00435017 0.00159236 0.00146478 0.000404838 0.000125132 0.000115318 0.000107957 0.000100596 0 0 0 0 0 0
 0 0 0 0 0.00144013 0.00171154 0.00461396 0.0210425 0.0478622 0.0707936 0.0888783 0.103762 0.0637923 0.0337046 0.0602308 0.124433 0.169614 0.0934646 0.0462172 0.0250306 0.0313229 0.00938855 0.002487 0.000210481 0 0
 0 0.00764035 0.051015 0.0998891 0.058973 0.0496711 0.0374665 0.0718981 0.12319 0.153886 0.159021 0.0857701 0.0377988 0.023471 0.0147837 0.00900784 0.00315554 0.000888139 0.00291439 0.00214683 0.00393193 0.00274676 0.000635225 9.99891e-05 0 0
 0 0 0 0 0 0 0 0 0 0 0 0 0 0 0 0 0 0 0 0 0 0 0 0 0 0
 0 0 0 0 0 0 0 0 0 0 0 0 0 0 0 0 0 0 0 0 0 0 0 0 0 0
 0 0 0 0 0 0 0 0 0 0 0 0 0 0 0 0 0 0 0 0 0 0 0 0 0 0
 0 0 0 0 0 0 0 0 0 0 0 0 0 0 0 0 0 0 0 0 0 0 0 0 0 0
 0 0 0 0 0 0 0 0 0 0 0 0 0 0 0 0 0 0 0 0 0 0 0 0 0 0
 0 0 0 0 0 0 0 0 0 0 0 0 0 0 0 0 0 0 0 0 0 0 0 0 0 0
ppred_pel_tallas
 1.14523e-16 3.7174e-05 0.000361344 0.00240126 0.0109158 0.0339631 0.0723624 0.105617 0.105627 0.0724121 0.0341318 0.0114113 0.00367607 0.00324677 0.00581678 0.0103369 0.0166964 0.024752 0.0342364 0.0447952 0.0557924 0.065967 0.0733765 0.0759668 0.0725529 0.0635472
 1.26808e-16 3.52832e-05 0.000342965 0.00227912 0.0103606 0.0322357 0.0686827 0.10025 0.100277 0.0688127 0.0326729 0.0116247 0.00545863 0.00730583 0.0133278 0.0221714 0.0324275 0.0419114 0.0485311 0.0516021 0.0523601 0.0530936 0.0555116 0.0595933 0.0636664 0.0654662
 1.22969e-16 4.58066e-05 0.000445257 0.00295889 0.0134507 0.0418502 0.089167 0.130146 0.130166 0.0892636 0.0421752 0.0143915 0.00532874 0.0056462 0.0100058 0.01669 0.0245707 0.0320565 0.037591 0.0405714 0.0417211 0.0425108 0.0440773 0.0464925 0.0488369 0.0498415
 1.06355e-16 6.78946e-05 0.00065996 0.00438567 0.0199366 0.0620303 0.132162 0.192897 0.192907 0.132211 0.0621938 0.0204096 0.00557493 0.00326295 0.00503202 0.00826704 0.0120374 0.0154337 0.0175902 0.0181448 0.0174572 0.0163411 0.0155199 0.0152314 0.0152216 0.0150245
 1.04161e-16 5.37087e-05 0.000522068 0.00346932 0.0157711 0.0490698 0.104549 0.152599 0.152627 0.104687 0.0495324 0.017107 0.00682228 0.00783995 0.0139471 0.0229608 0.0330455 0.041508 0.0456455 0.044228 0.0382402 0.030223 0.0227587 0.0172694 0.0138208 0.011703
 1.04383e-16 5.75659e-05 0.000559561 0.00371848 0.0169037 0.0525938 0.112057 0.163555 0.163575 0.112154 0.0529186 0.017843 0.00608028 0.00572856 0.00991302 0.0163977 0.02385 0.0304796 0.034484 0.0350073 0.0325955 0.0287226 0.0247991 0.0214717 0.0186337 0.0159013
 1.08477e-16 3.72717e-05 0.000362295 0.00240758 0.0109445 0.0340527 0.0725542 0.105903 0.105941 0.0727412 0.0346808 0.01276 0.00696872 0.0103331 0.0190146 0.0314841 0.0456068 0.0578977 0.0648218 0.0647547 0.058912 0.0504216 0.042322 0.0360744 0.0314696 0.027534
 1.16773e-16 3.37626e-05 0.000328184 0.0021809 0.00991407 0.0308465 0.0657228 0.0959301 0.0959579 0.0658586 0.0313034 0.0112377 0.00551817 0.00766247 0.0141074 0.0236487 0.0349567 0.0458437 0.0540698 0.058585 0.0600177 0.0599207 0.0594384 0.0585437 0.0563505 0.0520231
 1.2278e-16 3.82769e-05 0.000372065 0.0024725 0.0112397 0.0349709 0.07451 0.108754 0.108777 0.0746218 0.035347 0.012329 0.00521803 0.00640332 0.0116057 0.0194287 0.0287123 0.0376853 0.0446019 0.0487784 0.0509779 0.052709 0.0549918 0.0575976 0.0592689 0.0585883
 1.16432e-16 5.23271e-05 0.000508638 0.00338008 0.0153654 0.0478074 0.101859 0.14867 0.148688 0.101945 0.0480952 0.016198 0.00547594 0.00510357 0.0088381 0.0146879 0.0215403 0.0279349 0.032451 0.0345307 0.0348232 0.0346762 0.035167 0.0364363 0.0377406 0.0380243
 1.07048e-16 6.20986e-05 0.000603621 0.00401127 0.0182347 0.0567349 0.12088 0.176432 0.176447 0.120957 0.0569937 0.0189827 0.00589072 0.00471299 0.00788626 0.0129926 0.01884 0.0239769 0.0269796 0.0272282 0.0252794 0.0224656 0.0200417 0.0185459 0.0177527 0.0170677
 1.04109e-16 5.93849e-05 0.000577242 0.00383598 0.0174378 0.0542556 0.115598 0.168723 0.168744 0.1157 0.0545982 0.0184275 0.00632117 0.00600581 0.0103792 0.0170917 0.0246793 0.0311724 0.0346052 0.0340789 0.0302881 0.0250253 0.0200762 0.0163694 0.0138772 0.0120727
 1.0397e-16 5.71422e-05 0.000555443 0.00369111 0.0167793 0.0522067 0.111233 0.162352 0.162374 0.11134 0.0525686 0.0178251 0.00631842 0.00629824 0.0109854 0.0181274 0.0262404 0.0332762 0.0371781 0.0369883 0.0333879 0.0281743 0.0231199 0.01912 0.0161316 0.0136713
 1.05179e-16 5.2942e-05 0.000514615 0.0034198 0.0155459 0.0483693 0.103057 0.15042 0.150445 0.103178 0.0487771 0.0167245 0.0063812 0.00698978 0.0123811 0.0204652 0.0296648 0.0377025 0.0422837 0.0423424 0.038639 0.033163 0.0278496 0.0236345 0.0204069 0.0175929
 1.04683e-16 6.07787e-05 0.000590791 0.00392602 0.0178471 0.0555291 0.118311 0.172682 0.172699 0.118394 0.0558086 0.0186554 0.00595793 0.0050367 0.00853457 0.0140926 0.0204821 0.026152 0.0295577 0.0299847 0.0279409 0.0247385 0.0216193 0.0191293 0.017116 0.015153
 1.01208e-16 7.53717e-05 0.00073264 0.00486865 0.0221322 0.0688614 0.146717 0.214139 0.214145 0.146747 0.0689638 0.0224281 0.00561177 0.00235626 0.00316298 0.00512054 0.00739465 0.00935366 0.0104094 0.0102938 0.00921097 0.0076882 0.00624685 0.00515221 0.00438863 0.00380013
 1.02257e-16 3.73601e-05 0.000363154 0.00241329 0.0109705 0.0341335 0.0727268 0.106157 0.106206 0.0729643 0.0349307 0.0132722 0.00818772 0.0129582 0.0239264 0.039414 0.056581 0.0707465 0.077163 0.0736414 0.0618735 0.0463318 0.0316622 0.0205796 0.013465 0.00929517
 1.02147e-16 7.27919e-05 0.000707563 0.00470201 0.0213746 0.0665045 0.141695 0.206809 0.206815 0.141722 0.066595 0.021637 0.00536407 0.00216458 0.00287416 0.00472539 0.00700671 0.00923999 0.0109748 0.0119781 0.0123228 0.0122471 0.0119188 0.0113194 0.0103295 0.00890043
 1.02645e-16 5.27985e-05 0.00051322 0.00341053 0.0155038 0.0482382 0.102778 0.150014 0.150045 0.102929 0.0487459 0.0169695 0.00708786 0.0085347 0.0152692 0.0251133 0.0360654 0.0451354 0.0493205 0.0472536 0.0400377 0.0305301 0.0216673 0.015116 0.0110251 0.00864453
 1.04924e-16 5.21521e-05 0.000506937 0.00336878 0.015314 0.0476476 0.101519 0.148175 0.148199 0.101635 0.048038 0.0164431 0.00620846 0.00672406 0.0119124 0.0197482 0.0287609 0.0368267 0.0417877 0.0426043 0.039896 0.0353751 0.0306745 0.0265358 0.0228441 0.0192027
 1.04899e-16 6.08684e-05 0.000591663 0.00393181 0.0178734 0.055611 0.118486 0.172937 0.172954 0.118567 0.0558852 0.0186662 0.00592476 0.00495249 0.00837303 0.0138257 0.0200993 0.0256766 0.0290514 0.0295339 0.0276327 0.024638 0.0217571 0.0194966 0.0176664 0.0158085
 1.03774e-16 6.11963e-05 0.00059485 0.00395299 0.0179697 0.0559105 0.119124 0.173869 0.173888 0.119216 0.0562207 0.0188658 0.00620335 0.00551138 0.00941038 0.0154918 0.0223853 0.0283106 0.031496 0.0311313 0.0278387 0.023221 0.018864 0.0155755 0.0133075 0.0115803
 1.07551e-16 3.15973e-05 0.000307137 0.00204103 0.00927827 0.0288684 0.0615088 0.0897835 0.089829 0.0617315 0.0296162 0.0114391 0.00746843 0.0121666 0.0225886 0.0373819 0.0540538 0.0684086 0.0761733 0.0753622 0.067416 0.0561262 0.0452606 0.0367678 0.0306115 0.0257799
 1.0753e-16 6.10934e-05 0.00059385 0.00394634 0.0179395 0.0558165 0.118923 0.173574 0.173585 0.118974 0.0559885 0.0184384 0.00520662 0.00337193 0.00541627 0.00906486 0.0135386 0.0180471 0.0218072 0.0244367 0.0260967 0.0271961 0.0279262 0.0280543 0.0271283 0.0248682
 1.0679e-16 5.31505e-05 0.000516641 0.00343327 0.0156071 0.0485597 0.103463 0.151012 0.151038 0.10359 0.0489885 0.0168456 0.00654257 0.00730611 0.0129537 0.0213491 0.030798 0.0388483 0.0430559 0.0423409 0.0376506 0.031317 0.0256303 0.0217268 0.0194447 0.0179282
 1.09589e-16 3.91588e-05 0.000380638 0.00252947 0.0114986 0.0357767 0.0762273 0.111263 0.111297 0.0763941 0.0363372 0.0131192 0.00660384 0.00929628 0.0170341 0.0282626 0.0410934 0.0524826 0.059333 0.0601979 0.0560755 0.0495803 0.0432037 0.0380703 0.0339279 0.0299759
 1.07571e-16 6.05761e-05 0.000588821 0.00391292 0.0177876 0.0553439 0.117916 0.172105 0.172118 0.11798 0.0555578 0.018407 0.00547366 0.00401547 0.0066262 0.011011 0.0162159 0.0211555 0.0247598 0.0265415 0.0268351 0.0264436 0.0259917 0.0255336 0.0246669 0.0229514
 1.05789e-16 5.64801e-05 0.000549007 0.00364835 0.0165849 0.0516018 0.109944 0.160471 0.160494 0.110056 0.051979 0.0176744 0.0063842 0.00652446 0.0114144 0.0188071 0.0271525 0.0342936 0.0380819 0.0375573 0.0335259 0.0280012 0.0229631 0.0193999 0.0171928 0.0156421
 1.09432e-16 3.35029e-05 0.00032566 0.00216413 0.00983783 0.0306094 0.065218 0.0951961 0.0952368 0.0654172 0.0312787 0.0117727 0.00702656 0.0109589 0.0202824 0.0336206 0.0487632 0.0620248 0.0696507 0.069893 0.0639907 0.0551919 0.0466527 0.0398951 0.0347335 0.0302258
 1.15022e-16 4.21282e-05 0.000409501 0.00272128 0.0123706 0.0384895 0.0820067 0.119696 0.119716 0.0821085 0.0388322 0.0133639 0.0052284 0.00592807 0.0106572 0.017905 0.0266202 0.0352318 0.042141 0.0466001 0.0490325 0.050443 0.0514382 0.0517236 0.0504296 0.0468653
pSPR Fmed_Fpbrs
0.719632   0.190803 0.190803
Fs Fmed_Fpbrs
0.164303   1.005 1.005
SSBpbr Bo_Bmed_Bpbrs
2.31595e+06  1.55083e+06  326092 326092
Ro
224655
SPR SPRFo_SPRFmed_SPRFpbrs
1.59918e+06 1.15082e+06 305129
Fref
1.005
log_Ro
12.1423
likeval ReclasPelacesDesembMPH_pf_preclas_ppelaces_ptallas_desvR_qrecl_qpela
 25.7716 17.4498 0.212059 0.00317211 231.126 111.433 76.7824 0 18.8992 0 0 1.07095 0 0 0
q_reclas_q_pelaces
1 1
M
1
N
 247951 48277.1 211344 10299.4 0.363471
 144833 83774.3 16158.8 70739 3447.42
 139077 45796.4 26050.8 5024.82 23069.3
 393102 44278.3 14349.7 8162.69 8802.94
 305904 122538 13552.5 4392.1 5192.77
 408935 107208 42715.6 4724.3 3341.21
 171541 136052 35274.5 14054.7 2653.79
 82324.5 51007.3 39516.1 10245.4 4852.95
 64378.8 29290.1 18081.1 14007.6 5352.07
 80231.5 20611.9 9235.12 5700.92 6104.08
 125937 24346.1 6123.22 2743.49 3506.94
 159293 43687.4 8391.13 2110.43 2154.27
 143393 43051.7 11412.5 2192.02 1114.07
 106294 39364.8 11443.2 3033.46 878.764
 114204 24829.1 8745.85 2542.4 869.196
 492042 31679.8 6676.37 2351.7 917.354
 136458 137225 8569.32 1805.94 884.271
 728494 41932.6 41339.5 2581.54 810.439
 483771 221162 12463.3 12287.1 1008.18
 383112 134801 59766.3 3368.07 3592.88
 527529 111271 38144.2 16911.9 1969.71
 677834 162173 33536.3 11496.4 5690.76
 178040 197053 45936.9 9499.43 4868.39
 443117 57167.3 62330 14530.3 4544.69
 384449 145062 18475.5 20144 6164.71
 188636 125421 46701.6 5948.03 8469.86
 386879 63140.3 41546 15470 4775.95
 408488 127250 20512.8 13497.3 6577.44
 146682 136376 42030.7 6775.39 6630.7
 130554 48876.4 44948.7 13853.1 4418.58
pred_Ctot
 12876.4 2772.91 12139 591.567 0.0208768
 13021 8305.93 1602.09 7013.52 341.799
 11971.4 4348.6 2473.66 477.132 2190.55
 38449.8 4773.24 1546.91 879.945 948.964
 9191.71 4079.06 451.14 146.205 172.858
 24924.9 7222.25 2877.62 318.262 225.087
 21153.2 18453.2 4784.41 1906.29 359.944
 1714.96 1177.97 912.588 236.609 112.075
 5338.3 2679.9 1654.32 1281.63 489.687
 9023 2551.86 1143.36 705.804 755.717
 4561.85 976.555 245.611 110.045 140.668
 27395.1 8231.41 1581.02 397.638 405.899
 23555.6 7753.09 2055.25 394.755 200.63
 25444.3 10264.6 2983.88 790.989 229.142
 18167.9 4331.99 1525.91 443.578 151.651
 76953 5435.06 1145.41 403.463 157.383
 14415.8 15967.6 997.132 210.141 102.894
 81747.6 5180.14 5106.88 318.911 100.118
 75870 38047.3 2144.11 2113.79 173.44
 51968.3 20092.6 8908.38 502.022 535.531
 55611.1 12920.3 4429.12 1963.72 228.714
 91619.7 24087.5 4981.12 1707.55 845.244
 14473.2 17677.5 4120.96 852.186 436.74
 31140.7 4437.29 4838.01 1127.83 352.756
 27780.5 11575.7 1474.31 1607.46 491.934
 10831.1 7961.66 2964.59 377.577 537.661
 26141.1 4713.07 3101.17 1154.75 356.497
 24072.1 8289.49 1336.27 879.262 428.476
 8808.46 9052.27 2789.89 449.734 440.13
 9990.94 4129.21 3797.39 1170.35 373.294
F
 0.0851048 0.094492 0.094492 0.094492 0.094492
 0.151379 0.168077 0.168077 0.168077 0.168077
 0.144534 0.160476 0.160476 0.160476 0.160476
 0.16565 0.183922 0.183922 0.183922 0.183922
 0.0485039 0.053854 0.053854 0.053854 0.053854
 0.10052 0.111608 0.111608 0.111608 0.111608
 0.212852 0.23633 0.23633 0.23633 0.23633
 0.0334174 0.0371034 0.0371034 0.0371034 0.0371034
 0.138915 0.154238 0.154238 0.154238 0.154238
 0.192543 0.213781 0.213781 0.213781 0.213781
 0.0587204 0.0651974 0.0651974 0.0651974 0.0651974
 0.308343 0.342354 0.342354 0.342354 0.342354
 0.292716 0.325003 0.325003 0.325003 0.325003
 0.454194 0.504292 0.504292 0.504292 0.504292
 0.282303 0.313441 0.313441 0.313441 0.313441
 0.276944 0.307492 0.307492 0.307492 0.307492
 0.179951 0.1998 0.1998 0.1998 0.1998
 0.192083 0.21327 0.21327 0.21327 0.21327
 0.277811 0.308454 0.308454 0.308454 0.308454
 0.236357 0.262427 0.262427 0.262427 0.262427
 0.179539 0.199342 0.199342 0.199342 0.199342
 0.235429 0.261397 0.261397 0.261397 0.261397
 0.136027 0.151031 0.151031 0.151031 0.151031
 0.11667 0.129539 0.129539 0.129539 0.129539
 0.120133 0.133384 0.133384 0.133384 0.133384
 0.0944587 0.104878 0.104878 0.104878 0.104878
 0.111959 0.124308 0.124308 0.124308 0.124308
 0.0970491 0.107754 0.107754 0.107754 0.107754
 0.0989744 0.109892 0.109892 0.109892 0.109892
 0.127616 0.141693 0.141693 0.141693 0.141693
nmprior
 8 8 7 0
nm_flota  nm_reclas  nm_pelaces    nm_pelaL
inf 9.81121 16.0936 28.0534
cv_recla  cv_pelaces  cv_mph
0.469999 0.491541 1.73812
 ------------------------------------------------
Talla a la edad & desviación 
 8 13.2811 15.8009 17.003 17.5766
 0.8 1.32811 1.58009 1.7003 1.75766
