years
 1991 1992 1993 1994 1995 1996 1997 1998 1999 2000 2001 2002 2003 2004 2005 2006 2007 2008 2009 2010 2011 2012 2013 2014 2015 2016 2017 2018 2019 2020
reclasobs
 0 0 0 0 0 0 0 0 0 252601 567819 844713 477998 351125 339783 2.1784e+06 2.13404e+06 4.81314e+06 1.55562e+06 2.62356e+06 3.21686e+06 3.843e+06 1.13348e+06 3.07943e+06 1.97215e+06 2.03268e+06 2.025e+06 2.42433e+06 2.27542e+06 1.05018e+06
reclaspred
 3.16035e+06 1.76746e+06 892336 864020 844707 1.35191e+06 836480 739011 544582 402535 485992 631781 621678 479903 481601 1.29265e+06 1.24052e+06 2.82977e+06 2.34239e+06 1.7932e+06 3.15409e+06 2.52762e+06 1.9922e+06 3.05702e+06 2.28945e+06 2.01724e+06 2.42042e+06 2.57229e+06 2.08906e+06 1.29704e+06
pelacesobs
 0 0 0 0 0 0 0 0 0 0 0 0 0 0 0 552880 188675 0 991730 2.46772e+06 1.41603e+06 1.21717e+06 2.29649e+06 1.80582e+06 0 1.4828e+06 1.56532e+06 1.57751e+06 1.42118e+06 867257
pelacespred
 1.66175e+06 1.03294e+06 521415 411661 421227 694449 393411 435707 307235 215121 269568 293574 317892 258003 266062 595141 572650 1.50651e+06 1.28623e+06 911920 1.556e+06 1.35834e+06 1.06613e+06 1.78819e+06 1.2912e+06 1.13395e+06 1.55121e+06 1.62728e+06 1.08758e+06 767878
mphobs
 0 0 0 0 0 0 0 0 0 0 0 498337 0 5186 125008 0 168611 109162 213762 579715 649985 157893 87575 83554 0 0 0 0 0 0
mphpred
 3.1518e+06 2.10423e+06 1.04551e+06 568415 597121 667507 885919 538543 481002 333527 224508 380516 411003 346402 231641 291432 982530 924360 1.85523e+06 1.40798e+06 1.55442e+06 1.89887e+06 1.77658e+06 1.45387e+06 2.01769e+06 1.65852e+06 1.36064e+06 1.47328e+06 2.05347e+06 1.37501e+06
desembarqueobs
 494567 514787 250237 358949 120608 361735 552515 73892 212993 205616 52469 317467 293654 387597 252695 516296 358380 742168 942051 627588 828172 859565 418607 520667 417249 300574 407403 355545 319650 289779
desembarquepred
 494573 513599 250798 358979 120613 361746 552548 73896.2 213039 205657 52471.4 317527 293700 387626 252688 516258 358405 742078 941860 627457 828224 859559 418610 520685 417244 300573 407399 355529 319641 289786
Reclutas
 196223 110989 110472 175243 140638 248936 102291 46097.3 44898.3 60836.6 113986 149329 124048 86179.5 85554.9 475503 97589.6 731774 423224 343033 482203 638654 132741 396868 333005 148891 341301 377865 103851 79509.7
log_desv_Rt
 0.129376 -0.440444 -0.445115 0.0162989 -0.203686 0.367321 -0.522055 -1.31912 -1.34547 -1.04168 -0.413801 -0.14372 -0.329203 -0.693442 -0.700716 1.0145 -0.569103 1.4456 0.898028 0.687952 1.02849 1.30949 -0.261477 0.833729 0.658283 -0.146658 0.68289 0.784662 -0.506919 -0.773996
SSB
 3.1518e+06 2.10423e+06 1.04551e+06 568415 597121 667507 885919 538543 481002 333527 224508 380516 411003 346402 231641 291432 982530 924360 1.85523e+06 1.40798e+06 1.55442e+06 1.89887e+06 1.77658e+06 1.45387e+06 2.01769e+06 1.65852e+06 1.36064e+06 1.47328e+06 2.05347e+06 1.37501e+06
BT
 4.25001e+06 2.88997e+06 1.4516e+06 1.25124e+06 1.06684e+06 1.91034e+06 1.4017e+06 1.0698e+06 919862 694229 666819 942873 999813 998314 867182 1.79051e+06 1.60037e+06 4.12961e+06 3.871e+06 2.66349e+06 4.25829e+06 3.9374e+06 2.82352e+06 4.60796e+06 3.36247e+06 2.88108e+06 3.99252e+06 4.10822e+06 2.77207e+06 2.0537e+06
Ftot
 0.134401 0.245127 0.239535 0.372336 0.128138 0.247897 0.552628 0.0894506 0.346034 0.447731 0.10367 0.450981 0.422212 0.709608 0.489169 0.38964 0.250978 0.251769 0.356901 0.313589 0.239846 0.307607 0.182294 0.160498 0.162239 0.13168 0.157761 0.130762 0.130239 0.192682
BD_Bspro_t
 0.978725 0.845491 0.685392 0.594612 0.577185 0.650421 0.641777 0.472554 0.530643 0.489456 0.461029 0.674217 0.560475 0.470555 0.361142 0.417667 0.599737 0.572368 0.670909 0.577422 0.555814 0.601602 0.614224 0.605877 0.70814 0.715638 0.722306 0.760709 0.804359 0.736673
BD_Bspro
 2.56812 1.71454 0.851889 0.46315 0.48654 0.543891 0.721855 0.43881 0.391925 0.271761 0.182931 0.310048 0.334889 0.282252 0.188743 0.237461 0.800575 0.753177 1.51166 1.14724 1.26656 1.54722 1.44758 1.18463 1.64403 1.35138 1.10866 1.20044 1.67319 1.12037
BD_Bo
 1.63375 1.09073 0.541942 0.29464 0.30952 0.346004 0.459219 0.279156 0.249329 0.172885 0.116374 0.197242 0.213044 0.179559 0.120072 0.151065 0.509298 0.479145 0.961663 0.729832 0.805739 0.984286 0.920897 0.753618 1.04588 0.859698 0.705291 0.763678 1.06442 0.71274
BD_Brms
 10.1363 6.76723 3.36237 1.82803 1.92035 2.14671 2.84913 1.73197 1.54691 1.07263 0.722021 1.22375 1.32179 1.11404 0.744962 0.93725 3.15984 2.97276 5.96645 4.52809 4.99905 6.10681 5.71352 4.67567 6.48894 5.33382 4.37584 4.73809 6.604 4.42205
Sel_flota
 0.799699 1 1 1 1
 0.799699 1 1 1 1
 0.799699 1 1 1 1
 0.799699 1 1 1 1
 0.799699 1 1 1 1
 0.799699 1 1 1 1
 0.799699 1 1 1 1
 0.799699 1 1 1 1
 0.799699 1 1 1 1
 0.799699 1 1 1 1
 0.799699 1 1 1 1
 0.799699 1 1 1 1
 0.799699 1 1 1 1
 0.799699 1 1 1 1
 0.799699 1 1 1 1
 0.799699 1 1 1 1
 0.799699 1 1 1 1
 0.799699 1 1 1 1
 0.799699 1 1 1 1
 0.799699 1 1 1 1
 0.799699 1 1 1 1
 0.799699 1 1 1 1
 0.799699 1 1 1 1
 0.799699 1 1 1 1
 0.799699 1 1 1 1
 0.799699 1 1 1 1
 0.799699 1 1 1 1
 0.799699 1 1 1 1
 0.799699 1 1 1 1
 0.799699 1 1 1 1
Sel_reclas
 1 1 1 1 1
 1 1 1 1 1
 1 1 1 1 1
 1 1 1 1 1
 1 1 1 1 1
 1 1 1 1 1
 1 1 1 1 1
 1 1 1 1 1
 1 1 1 1 1
 1 1 1 1 1
 1 1 1 1 1
 1 1 1 1 1
 1 1 1 1 1
 1 1 1 1 1
 1 1 1 1 1
 1 1 1 1 1
 1 1 1 1 1
 1 1 1 1 1
 1 1 1 1 1
 1 1 1 1 1
 1 1 1 1 1
 1 1 1 1 1
 1 1 1 1 1
 1 1 1 1 1
 1 1 1 1 1
 1 1 1 1 1
 1 1 1 1 1
 1 1 1 1 1
 1 1 1 1 1
 1 1 1 1 1
Sel_pelaces
 1 1 1 1 1
 1 1 1 1 1
 1 1 1 1 1
 1 1 1 1 1
 1 1 1 1 1
 1 1 1 1 1
 1 1 1 1 1
 1 1 1 1 1
 1 1 1 1 1
 1 1 1 1 1
 1 1 1 1 1
 1 1 1 1 1
 1 1 1 1 1
 1 1 1 1 1
 1 1 1 1 1
 1 1 1 1 1
 1 1 1 1 1
 1 1 1 1 1
 1 1 1 1 1
 1 1 1 1 1
 1 1 1 1 1
 1 1 1 1 1
 1 1 1 1 1
 1 1 1 1 1
 1 1 1 1 1
 1 1 1 1 1
 1 1 1 1 1
 1 1 1 1 1
 1 1 1 1 1
 1 1 1 1 1
pf_obs 
 0.8446 0.082 0.0669 0.0065 0
 0.8095 0.147 0.0364 0.0071 0
 0.9664 0.0169 0.016 0.0007 0
 0.9276 0.0648 0.0075 0.0001 0
 0.7033 0.2144 0.0806 0.0017 0
 0.9318 0.0425 0.0243 0.0014 0
 0.5671 0.3108 0.0964 0.0239 0.0018
 0.0768 0.2599 0.5324 0.112 0.0189
 0.490249 0.384438 0.106611 0.0170017 0.00170017
 0.7925 0.1577 0.0466 0.003 0.0002
 0.840416 0.127587 0.0312969 0.00059994 9.999e-05
 0.8084 0.0986 0.0794 0.0134 0.0002
 0.7335 0.1905 0.0724 0.0035 0.0001
 0.4001 0.4547 0.1325 0.0127 0
 0.49795 0.308269 0.164784 0.0264974 0.00249975
 0.9179 0.0499 0.0305 0.0017 0
 0.2467 0.6533 0.0926 0.0074 0
 0.9418 0.0223 0.034 0.0019 0
 0.707729 0.231977 0.0356964 0.0245975 0
 0.517169 0.277429 0.184464 0.0207286 0.00020938
 0.811772 0.124168 0.05621 0.00726502 0.000585176
 0.764997 0.148141 0.077277 0.00933861 0.000247198
 0.163321 0.427699 0.378323 0.0303852 0.000271297
 0.753843 0.0900009 0.118128 0.0371064 0.000921714
 0.721811 0.176058 0.0630433 0.0369309 0.00215725
 0.143369 0.312575 0.442814 0.0836902 0.0175525
 0.692698 0.0596174 0.167031 0.0765114 0.00414204
 0.394062 0.376323 0.152708 0.0712218 0.00568511
 0.125707 0.32114 0.495352 0.0537591 0.00404204
 0.23352 0.215282 0.420074 0.123614 0.00750983
pf_pred 
 0.445266 0.125896 0.404168 0.0246686 7.85245e-07
 0.413488 0.296134 0.065901 0.211564 0.0129133
 0.560812 0.208994 0.116227 0.0258649 0.0881029
 0.727774 0.169239 0.0490077 0.0272544 0.0267247
 0.648696 0.273204 0.0485536 0.01406 0.0154863
 0.752982 0.173156 0.0574409 0.0102084 0.00621209
 0.475149 0.418325 0.0746734 0.0247713 0.0070813
 0.456931 0.297617 0.195634 0.0349219 0.0148963
 0.546369 0.233772 0.120489 0.0792018 0.0201687
 0.710751 0.176734 0.0579832 0.0298852 0.0246472
 0.817935 0.13919 0.0261971 0.0085948 0.00808329
 0.73153 0.228322 0.0306937 0.00577687 0.00367779
 0.676879 0.252899 0.0597204 0.00802832 0.00247298
 0.62082 0.278295 0.0789603 0.0186459 0.00327872
 0.732064 0.185225 0.0607053 0.0172239 0.00478249
 0.935233 0.0507757 0.00967203 0.0031699 0.00114912
 0.371248 0.597213 0.0247253 0.0047098 0.00210315
 0.897801 0.0441625 0.0551256 0.00228226 0.000628867
 0.592355 0.374564 0.0142952 0.0178439 0.000942319
 0.611449 0.25446 0.123209 0.00470228 0.00617956
 0.728848 0.182072 0.0583379 0.0282472 0.00249479
 0.73493 0.205628 0.0399135 0.0127887 0.0067392
 0.314553 0.536385 0.115635 0.0224453 0.0109815
 0.737955 0.0968675 0.129257 0.0278654 0.00805511
 0.621713 0.295859 0.0304702 0.0406585 0.011299
 0.430908 0.385227 0.143801 0.0148099 0.0252538
 0.733281 0.130757 0.0920345 0.0343556 0.00957161
 0.682219 0.247209 0.0345975 0.0243517 0.0116228
 0.329086 0.490873 0.140058 0.0196015 0.0203818
 0.418623 0.223142 0.262101 0.0747843 0.0213491
pobs_RECLAS
 0 0 0 0 0
 0 0 0 0 0
 0 0 0 0 0
 0 0 0 0 0
 0 0 0 0 0
 0 0 0 0 0
 0 0 0 0 0
 0 0 0 0 0
 0 0 0 0 0
 0 0 0 0 0
 0.991045 0.00858322 0.000360255 1.14367e-05 0
 0.934742 0.0480273 0.0164251 0.00080598 0
 0.827803 0.169806 0.00239088 0 0
 0.941827 0.0461693 0.0120037 0 0
 0.791401 0.0380133 0.147996 0.0225897 0
 0.846168 0.0940531 0.0597789 0 0
 0.134021 0.677848 0.182769 0.00536245 0
 0.80878 0.0450904 0.141981 0.00414843 0
 0.846168 0.0940531 0.0597789 0 0
 0.905697 0.0802665 0.012482 0.00150086 5.37128e-05
 0.989698 0.0102097 9.19794e-05 0 0
 0.975433 0.0193895 0.00387452 0.00125025 5.28907e-05
 0.303575 0.632131 0.0575291 0.00676475 0
 0.966965 0.00978017 0.0227588 0.000495775 0
 0.843318 0.132988 0.00938335 0.0141283 0.000182051
 0.564624 0.303363 0.111486 0.0197234 0.00080311
 0.826376 0.0876187 0.0782897 0.00655872 0.00115652
 0.89761 0.0855135 0.0140674 0.00269457 0.000114338
 0.34875 0.467042 0.161289 0.0227151 0.000203297
 0.318654 0.224769 0.449479 0.00709798 0
ppred_RECLAS
 0.501542 0.113125 0.363167 0.0221661 7.05585e-07
 0.469744 0.26773 0.05958 0.191271 0.0116747
 0.616028 0.182718 0.101614 0.0226131 0.0770263
 0.771172 0.142259 0.041195 0.0229096 0.0224643
 0.698291 0.234635 0.0416992 0.0120751 0.0133
 0.79299 0.145112 0.0481377 0.00855502 0.00520597
 0.534285 0.371191 0.0662599 0.0219803 0.00628344
 0.513097 0.266836 0.175401 0.0313102 0.0133556
 0.60274 0.204722 0.105516 0.0693596 0.0176624
 0.756339 0.148879 0.0488446 0.0251751 0.0207626
 0.84913 0.115341 0.0217085 0.00712216 0.0066983
 0.774896 0.19144 0.0257357 0.00484373 0.00308371
 0.725601 0.214766 0.0507155 0.00681777 0.0021001
 0.675932 0.237846 0.0674838 0.0159358 0.00280217
 0.775566 0.155152 0.0508492 0.0144274 0.00400601
 0.947948 0.0408078 0.00777329 0.00254761 0.000923537
 0.425965 0.545242 0.0225736 0.00429994 0.00192013
 0.916947 0.0358889 0.0447981 0.00185469 0.000511052
 0.646772 0.324563 0.0123869 0.0154619 0.000816528
 0.664511 0.21971 0.106383 0.00406012 0.00533565
 0.771545 0.153402 0.0491517 0.0237992 0.00210194
 0.777246 0.172802 0.0335417 0.0107472 0.00566336
 0.365416 0.496583 0.107054 0.0207797 0.0101666
 0.779351 0.0815651 0.108838 0.0234634 0.00678262
 0.673351 0.255473 0.0263109 0.0351084 0.00975662
 0.486948 0.347293 0.129641 0.0133516 0.022767
 0.775181 0.110216 0.0775767 0.0289586 0.00806799
 0.729068 0.210764 0.0294969 0.0207617 0.00990935
 0.380736 0.453082 0.129276 0.0180925 0.0188127
 0.474717 0.201612 0.236813 0.0675687 0.0192892
pobs_PELACES
 0 0 0 0 0
 0 0 0 0 0
 0 0 0 0 0
 0 0 0 0 0
 0 0 0 0 0
 0 0 0 0 0
 0 0 0 0 0
 0 0 0 0 0
 0 0 0 0 0
 0 0 0 0 0
 0 0 0 0 0
 0 0 0 0 0
 0 0 0 0 0
 0 0 0 0 0
 0 0 0 0 0
 0 0 0 0 0
 0.505614 0.472636 0.0217494 0 0
 0 0 0 0 0
 0.443492 0.261883 0.143347 0.151278 0
 0.227955 0.32914 0.350689 0.0885471 0.00366901
 0.970185 0.0296113 0.000203453 0 0
 0.997202 0.00247181 0.000326279 0 0
 0.445219 0.490057 0.0546422 0.010081 0
 0.90214 0.0892962 0.00764917 0.000914606 0
 0 0 0 0 0
 0.581667 0.319106 0.0959925 0.00289975 0.000334073
 0.762889 0.0836404 0.116647 0.0363945 0.000428098
 0.88444 0.0763242 0.0277011 0.0115352 0
 0.521256 0.241999 0.230069 0.00667565 0
 0.616807 0.101726 0.260614 0.0208532 0
ppred_PELACES
 0.503763 0.11262 0.361549 0.0220673 7.02441e-07
 0.473782 0.265691 0.0591263 0.189815 0.0115858
 0.619766 0.180939 0.100625 0.0223929 0.0762764
 0.775486 0.139577 0.0404183 0.0224777 0.0220408
 0.700072 0.23325 0.041453 0.0120038 0.0132215
 0.795666 0.143235 0.0475153 0.00844439 0.00513865
 0.543362 0.363957 0.0649685 0.0215519 0.00616098
 0.514574 0.266027 0.174869 0.0312152 0.0133151
 0.608204 0.201906 0.104065 0.0684057 0.0174195
 0.761751 0.145572 0.0477596 0.0246159 0.0203014
 0.850005 0.114672 0.0215824 0.00708082 0.00665942
 0.780053 0.187055 0.0251461 0.00473276 0.00301306
 0.731122 0.210444 0.049695 0.00668058 0.00205784
 0.686121 0.230368 0.0653621 0.0154348 0.00271407
 0.781144 0.151296 0.0495855 0.0140688 0.00390644
 0.949204 0.0398229 0.00758569 0.00248612 0.000901247
 0.430026 0.541384 0.0224139 0.00426952 0.00190654
 0.918206 0.0353451 0.0441192 0.00182658 0.000503308
 0.652143 0.319628 0.0121986 0.0152268 0.000804113
 0.669116 0.216694 0.104923 0.00400439 0.00526241
 0.774328 0.151533 0.048553 0.0235093 0.00207634
 0.780746 0.170087 0.0330147 0.0105783 0.00557437
 0.368215 0.494393 0.106582 0.0206881 0.0101218
 0.78117 0.0808927 0.107941 0.02327 0.00672671
 0.675706 0.253631 0.0261212 0.0348553 0.0096863
 0.489123 0.345821 0.129091 0.013295 0.0226705
 0.776993 0.109328 0.0769514 0.0287252 0.00800296
 0.730772 0.209438 0.0293114 0.0206311 0.00984703
 0.382768 0.451596 0.128852 0.0180331 0.0187509
 0.477894 0.200393 0.23538 0.0671601 0.0191726
pobs_pel_tallas
 0 0 0 0 0 0 0 0 0 0 0 0 0 0 0 0 0 0 0 0 0 0 0 0 0 0
 0 0 0 0 0 0 0 0 0 0 0 0 0 0 0 0 0 0 0 0 0 0 0 0 0 0
 0 0 0 0 0 0 0 0 0 0 0 0 0 0 0 0 0 0 0 0 0 0 0 0 0 0
 0 0 0 0 0 0 0 0 0 0 0 0 0 0 0 0 0 0 0 0 0 0 0 0 0 0
 0 0 0 0 0 0 0 0 0 0 0 0 0 0 0 0 0 0 0 0 0 0 0 0 0 0
 0 0 0 0 0 0 0 0 0 0 0 0 0 0 0 0 0 0 0 0 0 0 0 0 0 0
 0 0 0 0 0 0 0 0 0 0 0 0 0 0 0 0 0 0 0 0 0 0 0 0 0 0
 0 0 0 0 0 0 0 0 0 0 0 0 0 0 0 0 0 0 0 0 0 0 0 0 0 0
 0 0 0 0 0 0 0 0 0 0 0 0 0 0 0 0 0 0 0 0 0 0 0 0 0 0
 0 0 0 0 0 0 0 0 0 0 0 0 0 0 0 0 0 0 0 0 0 0 0 0 0 0
 0 0 0 0 0 0 0 0 0 0 0 0 0 0 0 0 0 0 0 0 0 0 0 0 0 0
 0 0 0 0 0 0 0 0 0 0 0 0 0 0 0 0 0 0 0 0 0 0 0 0 0 0
 0.00862536 0 0 0.000197151 0.00414017 0.0128641 0.00837892 0.0270097 0.101434 0.158115 0.152841 0.127902 0.109271 0.109419 0.0830992 0.0579132 0.0238553 0.00714673 0.00463305 0.00128148 0.00103504 0.000492878 0.000147863 0.000147863 4.92878e-05 0
 0 0 0 0 0 0 0 0 0 0 0 0 0 0 0 0 0 0 0 0 0 0 0 0 0 0
 0 0 0 0 0 0 0 0.0054083 0.00873648 0.0413646 0.0450493 0.0745869 0.0622846 0.0627006 0.0613931 0.0827291 0.12552 0.122667 0.0946155 0.0697135 0.0546179 0.0294188 0.0215738 0.0213955 0.0102223 0.00600262
 0 0 0 0 0.00359764 0.0251062 0.0480494 0.140153 0.205849 0.193036 0.1447 0.116669 0.0760912 0.0342217 0.00950174 0.001854 0.000860785 0 0 0 0.000165536 0 0.000143464 0 0 0
 0 0 0 0 0 0 0 0.000145254 0.000435761 0.0275982 0.070085 0.0708112 0.156366 0.174668 0.174014 0.160142 0.0824315 0.0480064 0.0283245 0.00493863 0.00203355 0 0 0 0 0
 0 0 0 0 0 0 0 0 0 0 0 0 0 0 0 0 0 0 0 0 0 0 0 0 0 0
 0 0 1.00437e-05 0.000401748 0.00122533 0.00171747 0.00176769 0.0269171 0.070346 0.194647 0.189555 0.159765 0.064822 0.0314167 0.0384472 0.0292271 0.0345202 0.0313363 0.0194345 0.0106764 0.0143323 0.0359363 0.0279516 0.0138201 0.00172751 0
 0 0.0021121 0.0136068 0.0755702 0.200478 0.177729 0.0527432 0.0373336 0.0318909 0.0142505 0.0149659 0.0166563 0.0217959 0.0798694 0.0677717 0.0528807 0.04013 0.0224614 0.0357745 0.0225083 0.00881397 0.00855152 0.00135912 0.000746735 0 0
 0 0 0 0 5.4009e-05 0.00500934 0.000945158 0.0243581 0.138947 0.33067 0.221406 0.137944 0.0707744 0.0437923 0.0131692 0.00525238 0.0047753 0.00276346 9.45158e-05 9.00151e-06 2.25038e-05 9.00151e-06 4.50075e-06 0 0 0
 0.000866109 0.00284123 0.00948549 0.0512746 0.133035 0.25785 0.225252 0.132002 0.0553304 0.0519788 0.0540692 0.017754 0.00435017 0.00159236 0.00146478 0.000404838 0.000125132 0.000115318 0.000107957 0.000100596 0 0 0 0 0 0
 0 0 0 0 0.00144013 0.00171154 0.00461396 0.0210425 0.0478622 0.0707936 0.0888783 0.103762 0.0637923 0.0337046 0.0602308 0.124433 0.169614 0.0934646 0.0462172 0.0250306 0.0313229 0.00938855 0.002487 0.000210481 0 0
 0 0.00764035 0.051015 0.0998891 0.058973 0.0496711 0.0374665 0.0718981 0.12319 0.153886 0.159021 0.0857701 0.0377988 0.023471 0.0147837 0.00900784 0.00315554 0.000888139 0.00291439 0.00214683 0.00393193 0.00274676 0.000635225 9.99891e-05 0 0
 0 0 0 0 0 0 0 0 0 0 0 0 0 0 0 0 0 0 0 0 0 0 0 0 0 0
 0 0 0 0 0 0 0 0 0 0 0 0 0 0 0 0 0 0 0 0 0 0 0 0 0 0
 0 0 0 0 0 0 0 0 0 0 0 0 0 0 0 0 0 0 0 0 0 0 0 0 0 0
 0 0 0 0 0 0 0 0 0 0 0 0 0 0 0 0 0 0 0 0 0 0 0 0 0 0
 0 0 0 0 0 0 0 0 0 0 0 0 0 0 0 0 0 0 0 0 0 0 0 0 0 0
 0 0 0 0 0 0 0 0 0 0 0 0 0 0 0 0 0 0 0 0 0 0 0 0 0 0
ppred_pel_tallas
 1.12676e-16 4.14943e-05 0.000403339 0.00268033 0.0121844 0.0379103 0.0807723 0.117892 0.117903 0.0808282 0.0380996 0.0127382 0.00409628 0.00357985 0.00632427 0.0110401 0.0174102 0.025031 0.0333992 0.0420944 0.0506924 0.0584075 0.0638831 0.0655414 0.0623833 0.0546636
 1.22771e-16 3.90249e-05 0.000379336 0.00252082 0.0114593 0.0356543 0.0759661 0.11088 0.110906 0.0760918 0.0360765 0.0126804 0.00559193 0.00710397 0.0128736 0.0213975 0.0312651 0.040331 0.0465226 0.0491074 0.0492058 0.0489877 0.0501403 0.0527856 0.0555439 0.0564901
 1.18104e-16 5.10493e-05 0.000496218 0.00329754 0.0149902 0.04664 0.0993722 0.14504 0.145058 0.0994581 0.046929 0.0158267 0.0054043 0.00511865 0.00889977 0.0148192 0.0217918 0.0283773 0.033167 0.0355959 0.0362801 0.0365123 0.037313 0.0387916 0.0402129 0.0405569
 1.07187e-16 6.38758e-05 0.000620895 0.00412607 0.0187565 0.0583585 0.12434 0.18148 0.181494 0.124406 0.0585802 0.0193972 0.00573645 0.00414391 0.00677742 0.0111646 0.0162258 0.0207311 0.0234857 0.0239783 0.0226886 0.0207334 0.0191341 0.0182767 0.017891 0.0174111
 1.04698e-16 5.76641e-05 0.000560515 0.00372482 0.0169325 0.0526834 0.112248 0.163835 0.163857 0.112358 0.0530526 0.0179991 0.006403 0.00640996 0.0111757 0.0184085 0.0265707 0.0335407 0.037199 0.0365819 0.0324516 0.0267605 0.0214539 0.0175432 0.0149905 0.0132014
 1.03125e-16 6.5538e-05 0.000637053 0.00423344 0.0192446 0.0598772 0.127575 0.186203 0.186217 0.127643 0.0601046 0.0199021 0.00588587 0.00425143 0.00695082 0.0114421 0.0166046 0.0211493 0.0238024 0.023969 0.0220596 0.0191569 0.0163071 0.0140058 0.0121826 0.0105302
 1.05172e-16 4.47561e-05 0.000435045 0.00289103 0.0131422 0.0408905 0.0871229 0.127166 0.127201 0.0872944 0.0414666 0.0148064 0.00706957 0.00956101 0.017389 0.0287097 0.0414315 0.0522687 0.0578986 0.0567904 0.0501013 0.0408503 0.0320639 0.0253478 0.0207143 0.0173434
 1.10499e-16 4.23848e-05 0.000411996 0.00273786 0.0124459 0.038724 0.0825065 0.120426 0.120452 0.082633 0.0391493 0.0136772 0.00583937 0.00721837 0.0130739 0.0218215 0.0320732 0.0416795 0.0484418 0.0513031 0.0508572 0.0486871 0.0461246 0.0434861 0.0402718 0.0359162
 1.12863e-16 5.0097e-05 0.000486961 0.00323603 0.0147105 0.04577 0.0975185 0.142335 0.142355 0.0976143 0.0460922 0.0156432 0.00558433 0.00563748 0.0099039 0.0164858 0.0242028 0.031424 0.036533 0.0388368 0.0389449 0.0382194 0.0377456 0.0376622 0.037281 0.0357273
 1.0732e-16 6.27445e-05 0.000609898 0.00405299 0.0184243 0.057325 0.122137 0.178266 0.17828 0.122206 0.0575563 0.0190931 0.0057345 0.00428982 0.00707909 0.0116777 0.016994 0.0217574 0.0247279 0.0253689 0.0241628 0.0222415 0.0206302 0.0197006 0.0191645 0.0184569
 1.0249e-16 7.00138e-05 0.00068056 0.00452256 0.0205589 0.0639664 0.136288 0.198918 0.198929 0.136342 0.064148 0.0210834 0.00583977 0.0035579 0.00554016 0.00906315 0.0130852 0.0165337 0.0183686 0.0181187 0.0161583 0.0134416 0.010914 0.00905875 0.00784405 0.0069697
 1.01759e-16 6.4252e-05 0.000624552 0.00415037 0.018867 0.0587023 0.125072 0.18255 0.182568 0.12516 0.0589981 0.0197212 0.00629438 0.00530457 0.00895133 0.0146937 0.0211534 0.0265855 0.0292555 0.0283623 0.024509 0.0192882 0.014326 0.010531 0.00798035 0.00628604
 1.02507e-16 6.02216e-05 0.000585375 0.00389003 0.0176835 0.0550201 0.117227 0.1711 0.171121 0.117326 0.0553535 0.0186469 0.00630981 0.00587261 0.0101157 0.0166644 0.0240842 0.0304604 0.0338743 0.0334258 0.0297423 0.0245052 0.0193994 0.0153187 0.0122919 0.00992205
 1.03953e-16 5.65149e-05 0.000549345 0.00365059 0.0165951 0.0516336 0.110012 0.16057 0.160592 0.11012 0.051999 0.0176512 0.00630416 0.00635072 0.0110997 0.018327 0.0265502 0.0337123 0.0377453 0.0376829 0.0342007 0.0290856 0.0240886 0.0200783 0.0169926 0.0143529
 1.03542e-16 6.43418e-05 0.000625425 0.00415617 0.0188934 0.0587843 0.125247 0.182804 0.182819 0.125318 0.0590246 0.0195879 0.00590177 0.00444379 0.00733885 0.0120905 0.0175511 0.0223671 0.0251995 0.0254273 0.0234902 0.0205324 0.0176499 0.0153459 0.0135188 0.0118183
 1.00632e-16 7.81847e-05 0.000759983 0.00505035 0.0229582 0.0714314 0.152192 0.22213 0.222134 0.152211 0.0714945 0.0231403 0.00550775 0.00175908 0.00197742 0.00315 0.0045412 0.00573422 0.00636238 0.00625878 0.00554968 0.00456345 0.00362774 0.00291405 0.00242004 0.00205389
 1.01537e-16 3.54208e-05 0.000344303 0.00228802 0.010401 0.0323617 0.068952 0.100648 0.1007 0.0692065 0.033216 0.0128672 0.00847415 0.0138342 0.0256126 0.042175 0.0604886 0.0755126 0.0821333 0.0779931 0.0649241 0.0477753 0.0316098 0.0194254 0.0116924 0.00732873
 1.01551e-16 7.56314e-05 0.000735164 0.00488542 0.0222084 0.0690987 0.147222 0.214876 0.214879 0.147239 0.0691559 0.0223743 0.00530466 0.00165993 0.0018599 0.00302778 0.00452288 0.00603698 0.00729793 0.00815884 0.00864255 0.00885183 0.00883173 0.00851894 0.00781774 0.00671829
 1.02097e-16 5.37162e-05 0.000522141 0.00346981 0.0157733 0.0490766 0.104564 0.152621 0.152652 0.104714 0.049581 0.0172295 0.00712284 0.00848896 0.0151615 0.0249212 0.0357587 0.0446864 0.0487047 0.0464478 0.0390197 0.0292887 0.0202184 0.0135157 0.00936713 0.00704124
 1.04376e-16 5.51143e-05 0.00053573 0.00356012 0.0161838 0.0503539 0.107285 0.15659 0.156611 0.107388 0.0506989 0.0171818 0.00607081 0.00603457 0.0105509 0.0174916 0.0255073 0.0327286 0.037259 0.0381767 0.0360046 0.0322092 0.0281777 0.0245227 0.0211333 0.0176898
 1.04149e-16 6.37804e-05 0.000619968 0.00411991 0.0187285 0.0582714 0.124154 0.181209 0.181224 0.124226 0.0585121 0.0194242 0.00586863 0.00444556 0.00735338 0.0121195 0.0176037 0.0224595 0.0253585 0.0256945 0.0239213 0.0211878 0.018575 0.0165472 0.0149464 0.0133664
 1.03001e-16 6.43091e-05 0.000625107 0.00415406 0.0188837 0.0587544 0.125183 0.182712 0.182728 0.125263 0.0590237 0.0196618 0.00610794 0.00489322 0.0081785 0.0134409 0.0194083 0.0245189 0.0272266 0.0268233 0.0238511 0.0197124 0.0158027 0.0128458 0.0108193 0.00931705
 1.0699e-16 3.03295e-05 0.000294813 0.00195914 0.00890599 0.0277101 0.0590411 0.0861822 0.0862299 0.0592742 0.0284931 0.0111684 0.00764103 0.012708 0.0236331 0.0390955 0.0564866 0.0713912 0.0793115 0.0781552 0.0694415 0.0571818 0.0453883 0.0361766 0.0295689 0.0245316
 1.06608e-16 6.43439e-05 0.000625446 0.00415631 0.018894 0.0587862 0.125251 0.182809 0.182817 0.12529 0.0589174 0.019275 0.00512035 0.00275539 0.0041843 0.00701163 0.0105533 0.0142345 0.0174941 0.0200498 0.0219827 0.0235044 0.0246232 0.025031 0.0243103 0.022261
 1.05954e-16 5.5657e-05 0.000541006 0.00359518 0.0163432 0.0508498 0.108342 0.158133 0.158158 0.108461 0.0512508 0.0175014 0.0065024 0.00688764 0.0121101 0.0199372 0.028732 0.0361828 0.0399904 0.0391406 0.0345309 0.0283728 0.0228509 0.0190701 0.0169051 0.0155564
 1.08984e-16 4.02885e-05 0.000391618 0.00260244 0.0118303 0.0368088 0.0784262 0.114472 0.114506 0.0785898 0.0373583 0.0134192 0.00659701 0.00913241 0.0167012 0.0277053 0.0402777 0.0514281 0.0581132 0.0589066 0.0547794 0.0482919 0.0418928 0.0367018 0.0324989 0.0285284
 1.06484e-16 6.39999e-05 0.000622102 0.00413408 0.018793 0.0584719 0.124581 0.181832 0.181842 0.124633 0.058647 0.0193 0.00541213 0.00342942 0.00544688 0.00903866 0.0133334 0.0174435 0.0205036 0.0221192 0.0225545 0.0224405 0.0222499 0.0219878 0.0212992 0.0198209
 1.04635e-16 6.01928e-05 0.000585095 0.00388816 0.017675 0.0549937 0.117171 0.171018 0.171038 0.117269 0.055325 0.0186321 0.00629093 0.00583178 0.0100292 0.0164982 0.0237947 0.0300036 0.0332247 0.032608 0.0288677 0.0237938 0.01916 0.0158726 0.0138573 0.0125114
 1.08816e-16 3.15282e-05 0.000306465 0.00203657 0.00925799 0.0288053 0.0613743 0.0895867 0.0896304 0.0615875 0.0295216 0.0113282 0.00723826 0.0116786 0.0216785 0.035918 0.0520399 0.0660739 0.0739718 0.0738447 0.0670283 0.0570459 0.0473561 0.039683 0.0339088 0.0290677
 1.16824e-16 3.93635e-05 0.000382628 0.0025427 0.0115587 0.0359636 0.076625 0.111841 0.11186 0.0767213 0.0362877 0.0124993 0.00492049 0.00562951 0.0101696 0.0171847 0.025773 0.0345638 0.0421492 0.0478537 0.0519752 0.0552047 0.0577491 0.0589722 0.0578366 0.053697
pSPR Fmed_Fpbrs
0.638357   0.211179 0.211179
Fs Fmed_Fpbrs
0.241883   1.005 1.005
SSBpbr Bo_Bmed_Bpbrs
1.92919e+06  1.13505e+06  310944 310944
Ro
172410
SPR SPRFo_SPRFmed_SPRFpbrs
1.22728e+06 783444 259175
Fref
1.005
log_Ro
11.8776
likeval ReclasPelacesDesembMPH_pf_preclas_ppelaces_ptallas_desvR_qrecl_qpela
 13.2151 17.0329 0.0532521 0.00276997 228.674 105.195 76.8463 0 24.1905 9.08781e-07 0 0.272684 0 0 0
q_reclas_q_pelaces
0.87364 1
M
1
N
 196223 44858.5 144010 8789.75 0.279793
 110989 64830.1 14427.1 46315.9 2827
 110472 33562.3 18664.9 4153.64 14148.4
 175243 33555.6 9716.92 5403.83 5298.8
 140638 47866.6 8506.82 2463.38 2713.27
 248936 46698.7 15491.3 2753.11 1675.34
 102291 75109.9 13407.6 4447.68 1271.44
 46097.3 24188.7 15900.1 2838.26 1210.69
 44898.3 15787.5 8137.09 5348.81 1362.07
 60836.6 12524.4 4109.03 2117.84 1746.64
 113986 15644.8 2944.52 966.045 908.553
 149329 38596.8 5188.63 976.555 621.714
 124048 38302.2 9044.78 1215.91 374.539
 86179.5 32558.2 9237.71 2181.42 383.583
 85554.9 17974.6 5890.97 1671.44 464.103
 475503 21284.3 4054.35 1328.77 481.693
 97589.6 128096 5303.31 1010.2 451.104
 731774 29372.7 36664.2 1517.94 418.262
 423224 220111 8400.53 10485.9 553.75
 343033 117037 56669.2 2162.78 2842.24
 482203 98204.3 31465.8 15235.7 1345.62
 638654 146432 28423.2 9107.11 4799.11
 132741 183712 39604.9 7687.51 3761.17
 396868 42208.3 56321.5 12141.9 3509.87
 333005 128413 13225.1 17647.2 4904.16
 148891 107599 40165.8 4136.63 7053.74
 341301 49299.4 34699.9 12953.1 3608.79
 377865 110676 15489.3 10902.3 5203.56
 103851 125207 35724.7 4999.76 5198.77
 79509.7 34425.7 40436.3 11537.5 3293.68
pred_Ctot
 12751.6 3605.42 11574.6 706.461 0.0224879
 12690.2 9088.51 2022.54 6493.01 396.317
 12365.1 4608.02 2562.64 570.284 1942.55
 29225.2 6796.12 1968 1094.45 1073.18
 8731.38 3677.29 653.527 189.246 208.444
 28758.6 6613.34 2193.84 389.888 237.258
 23937.4 21074.6 3761.94 1247.95 356.746
 2023.42 1317.93 866.325 154.644 65.9649
 7016.89 3002.28 1547.41 1017.17 259.022
 11914.8 2962.71 972.013 500.987 413.178
 5771.62 982.174 184.855 60.6478 57.0385
 29428.5 9185.08 1234.77 232.396 147.953
 23093.6 8628.36 2037.53 273.908 84.3727
 24692.3 11068.8 3140.54 741.616 130.407
 18072.2 4572.59 1498.61 425.2 118.064
 82533.3 4480.9 853.546 279.74 101.409
 11402.9 18343.5 759.441 144.662 64.5987
 85752.6 4218.14 5265.27 217.988 60.0657
 67985.9 42989.5 1640.69 2047.99 108.152
 49087.3 20428.1 9891.27 377.5 496.096
 54037.6 13499 4325.24 2094.28 184.967
 89818.1 25130.5 4877.95 1562.95 823.618
 11518.6 19641.9 4234.43 821.924 402.132
 30536.8 4008.41 5348.69 1153.08 333.323
 25886.1 12318.6 1268.68 1692.89 470.453
 9488.27 8482.42 3166.4 326.104 556.07
 25836.5 4607.11 3242.75 1210.49 337.247
 23919.3 8667.38 1213.02 853.796 407.508
 6548.71 9768.22 2787.12 390.065 405.591
 7268.08 3874.16 4550.57 1298.39 370.66
F
 0.10748 0.134401 0.134401 0.134401 0.134401
 0.196028 0.245127 0.245127 0.245127 0.245127
 0.191556 0.239535 0.239535 0.239535 0.239535
 0.297756 0.372336 0.372336 0.372336 0.372336
 0.102472 0.128138 0.128138 0.128138 0.128138
 0.198243 0.247897 0.247897 0.247897 0.247897
 0.441936 0.552628 0.552628 0.552628 0.552628
 0.0715335 0.0894506 0.0894506 0.0894506 0.0894506
 0.276723 0.346034 0.346034 0.346034 0.346034
 0.35805 0.447731 0.447731 0.447731 0.447731
 0.082905 0.10367 0.10367 0.10367 0.10367
 0.360649 0.450981 0.450981 0.450981 0.450981
 0.337642 0.422212 0.422212 0.422212 0.422212
 0.567473 0.709608 0.709608 0.709608 0.709608
 0.391188 0.489169 0.489169 0.489169 0.489169
 0.311594 0.38964 0.38964 0.38964 0.38964
 0.200707 0.250978 0.250978 0.250978 0.250978
 0.20134 0.251769 0.251769 0.251769 0.251769
 0.285413 0.356901 0.356901 0.356901 0.356901
 0.250776 0.313589 0.313589 0.313589 0.313589
 0.191804 0.239846 0.239846 0.239846 0.239846
 0.245993 0.307607 0.307607 0.307607 0.307607
 0.14578 0.182294 0.182294 0.182294 0.182294
 0.12835 0.160498 0.160498 0.160498 0.160498
 0.129742 0.162239 0.162239 0.162239 0.162239
 0.105304 0.13168 0.13168 0.13168 0.13168
 0.126162 0.157761 0.157761 0.157761 0.157761
 0.10457 0.130762 0.130762 0.130762 0.130762
 0.104152 0.130239 0.130239 0.130239 0.130239
 0.154087 0.192682 0.192682 0.192682 0.192682
nmprior
 8 8 7 0
nm_flota  nm_reclas  nm_pelaces    nm_pelaL
inf 12.3087 15.8307 27.5042
cv_recla  cv_pelaces  cv_mph
0.33656 0.485634 1.62421
 ------------------------------------------------
Talla a la edad & desviación 
 8 13.2811 15.8009 17.003 17.5766
 0.8 1.32811 1.58009 1.7003 1.75766
