years
 1991 1992 1993 1994 1995 1996 1997 1998 1999 2000 2001 2002 2003 2004 2005 2006 2007 2008 2009 2010 2011 2012 2013 2014 2015 2016 2017 2018 2019 2020
reclasobs
 0 0 0 0 0 0 0 0 0 252601 567819 844713 477998 351125 339783 2.1784e+06 2.13404e+06 4.81314e+06 1.55562e+06 2.62356e+06 3.21686e+06 3.843e+06 1.13348e+06 3.07943e+06 1.97215e+06 2.03268e+06 2.025e+06 2.42433e+06 2.27542e+06 1.05018e+06
reclaspred
 4.08583e+06 1.38174e+06 875777 471980 60579.7 1.80136e+06 584351 138808 634642 186400 283834 674689 538959 411031 291597 1.8635e+06 1.14159e+06 5.386e+06 4.08536e+06 1.69739e+06 3.73955e+06 3.50999e+06 1.96073e+06 3.88555e+06 2.51376e+06 1.47402e+06 2.48557e+06 3.55613e+06 2.48535e+06 858593
pelacesobs
 0 0 0 0 0 0 0 0 0 0 0 0 0 0 0 552880 188675 0 991730 2.46772e+06 1.41603e+06 1.21717e+06 2.29649e+06 1.80582e+06 0 1.4828e+06 1.56532e+06 1.57751e+06 1.42118e+06 867257
pelacespred
 1.03301e+06 352592 182568 65184.3 7006.26 412271 93334.5 28732.2 134542 28374.4 62217 123460 104137 78880.3 53754 359753 217158 1.31463e+06 971261 384529 840029 766884 432322 1.00813e+06 612327 350538 698708 973209 565239 223924
mphobs
 0 0 0 0 0 0 0 0 0 0 0 498337 0 5186 125008 0 168611 109162 213762 579715 649985 157893 87575 83554 0 0 0 0 0 0
mphpred
 848526 383059 90341.8 92797.4 23391.6 2199.27 170557 33365.7 9419.77 51881.5 8380.54 31001.3 58113.1 33087.9 18265.4 17797.1 213790 113135 598750 368943 192346 355287 381797 211860 402354 267739 138207 236760 460873 229724
desembarqueobs
 494567 514787 250237 358949 120608 361735 552515 73892 212993 205616 52469 317467 293654 387597 252695 516296 358380 742168 942051 627588 828172 859565 418607 520667 417249 300574 407403 355545 319650 289779
desembarquepred
 494512 514406 249976 358446 120465 361508 551695 73854.2 212815 205365 52451.4 317134 293277 386833 252335 515847 358208 741696 940657 626328 827553 858647 418310 520410 416922 300286 407128 355348 319450 289520
Reclutas
 6488.25 4027.93 205566 12789.5 3761.16 287311 5069.59 1365.23 64758.3 6338.8 45584.1 138057 71231.9 69858.4 44132.7 390812 8062.52 809575 284481 69082.2 404295 517339 10367.9 292215 158416 28543.7 227586 291612 11176.2 4748.2
log_desv_Rt
 -1.9806 -2.45734 1.47517 -1.30197 -2.52587 1.80997 -2.22734 -3.53927 0.320067 -2.00391 -0.0310355 1.07707 0.415345 0.395875 -0.0633944 2.11763 -1.76337 2.84592 1.80007 0.384703 2.15155 2.3981 -1.51188 1.82689 1.21463 -0.499157 1.57693 1.82483 -1.43681 -2.29283
SSB
 2.3248e+06 1.04951e+06 247520 254248 64088.8 6025.58 467294 91416 25808.4 142146 22961.1 84937.8 159219 90654.7 50043.7 48760.8 585747 309969 1.64047e+06 1.01084e+06 526992 973421 1.04605e+06 580456 1.10238e+06 733556 378663 648680 1.26271e+06 629402
BT
 2.84122e+06 1.37678e+06 650856 403549 122186 1.27186e+06 704192 136815 500919 246772 188572 546054 500405 584091 374120 1.2364e+06 784265 3.70407e+06 3.124e+06 1.50819e+06 2.65224e+06 2.53664e+06 1.35827e+06 2.82072e+06 1.80749e+06 1.08654e+06 2.0435e+06 2.59844e+06 1.57182e+06 835246
Ftot
 0.220114 0.643512 0.643548 1.26788 2.54488 0.531523 1.48222 0.913684 0.845193 1.72184 0.468186 1.08425 1.11884 1.92327 1.84728 0.711528 0.568976 0.352882 0.46887 0.683245 0.514908 0.540383 0.391131 0.319104 0.337303 0.387774 0.394659 0.240312 0.238554 0.593121
BD_Bspro_t
 0.965507 0.725264 0.384525 0.408564 0.122328 0.0190114 0.470928 0.134076 0.0625817 0.277466 0.0846555 0.347891 0.327434 0.187133 0.108179 0.110717 0.462659 0.312717 0.633441 0.479975 0.302104 0.439679 0.480521 0.378172 0.562349 0.523382 0.432847 0.589235 0.712576 0.552631
BD_Bspro
 6.94564 3.13555 0.739496 0.759597 0.191473 0.0180022 1.3961 0.273117 0.0771059 0.424678 0.0685992 0.253762 0.475687 0.270842 0.149512 0.145679 1.74999 0.92607 4.9011 3.02 1.57445 2.90822 3.12521 1.73419 3.29348 2.19159 1.1313 1.93801 3.7725 1.88042
BD_Bo
 1.36807 0.617602 0.145657 0.149616 0.0377141 0.00354585 0.274987 0.0537952 0.0151874 0.083648 0.0135118 0.049983 0.0936951 0.0533472 0.029449 0.0286941 0.344692 0.182406 0.965358 0.594843 0.310117 0.572825 0.615566 0.341579 0.64871 0.431672 0.22283 0.381726 0.74306 0.370382
BD_Brms
 7.09724 3.20398 0.755637 0.776176 0.195652 0.0183951 1.42657 0.279078 0.0787888 0.433947 0.0700965 0.259301 0.48607 0.276754 0.152775 0.148858 1.78819 0.946283 5.00807 3.08592 1.60882 2.97169 3.19342 1.77204 3.36537 2.23942 1.15599 1.98031 3.85483 1.92146
Sel_flota
 0.67039 0.974775 0.99864 0.999928 0.999996
 0.67039 0.974775 0.99864 0.999928 0.999996
 0.67039 0.974775 0.99864 0.999928 0.999996
 0.67039 0.974775 0.99864 0.999928 0.999996
 0.67039 0.974775 0.99864 0.999928 0.999996
 0.67039 0.974775 0.99864 0.999928 0.999996
 0.67039 0.974775 0.99864 0.999928 0.999996
 0.67039 0.974775 0.99864 0.999928 0.999996
 0.67039 0.974775 0.99864 0.999928 0.999996
 0.67039 0.974775 0.99864 0.999928 0.999996
 0.67039 0.974775 0.99864 0.999928 0.999996
 0.67039 0.974775 0.99864 0.999928 0.999996
 0.67039 0.974775 0.99864 0.999928 0.999996
 0.67039 0.974775 0.99864 0.999928 0.999996
 0.67039 0.974775 0.99864 0.999928 0.999996
 0.67039 0.974775 0.99864 0.999928 0.999996
 0.67039 0.974775 0.99864 0.999928 0.999996
 0.67039 0.974775 0.99864 0.999928 0.999996
 0.67039 0.974775 0.99864 0.999928 0.999996
 0.67039 0.974775 0.99864 0.999928 0.999996
 0.67039 0.974775 0.99864 0.999928 0.999996
 0.67039 0.974775 0.99864 0.999928 0.999996
 0.67039 0.974775 0.99864 0.999928 0.999996
 0.67039 0.974775 0.99864 0.999928 0.999996
 0.67039 0.974775 0.99864 0.999928 0.999996
 0.67039 0.974775 0.99864 0.999928 0.999996
 0.67039 0.974775 0.99864 0.999928 0.999996
 0.67039 0.974775 0.99864 0.999928 0.999996
 0.67039 0.974775 0.99864 0.999928 0.999996
 0.67039 0.974775 0.99864 0.999928 0.999996
Sel_reclas
 1 1 1 1 1
 1 1 1 1 1
 1 1 1 1 1
 1 1 1 1 1
 1 1 1 1 1
 1 1 1 1 1
 1 1 1 1 1
 1 1 1 1 1
 1 1 1 1 1
 1 1 1 1 1
 1 1 1 1 1
 1 1 1 1 1
 1 1 1 1 1
 1 1 1 1 1
 1 1 1 1 1
 1 1 1 1 1
 1 1 1 1 1
 1 1 1 1 1
 1 1 1 1 1
 1 1 1 1 1
 1 1 1 1 1
 1 1 1 1 1
 1 1 1 1 1
 1 1 1 1 1
 1 1 1 1 1
 1 1 1 1 1
 1 1 1 1 1
 1 1 1 1 1
 1 1 1 1 1
 1 1 1 1 1
Sel_pelaces
 1 1 1 1 1
 1 1 1 1 1
 1 1 1 1 1
 1 1 1 1 1
 1 1 1 1 1
 1 1 1 1 1
 1 1 1 1 1
 1 1 1 1 1
 1 1 1 1 1
 1 1 1 1 1
 1 1 1 1 1
 1 1 1 1 1
 1 1 1 1 1
 1 1 1 1 1
 1 1 1 1 1
 1 1 1 1 1
 1 1 1 1 1
 1 1 1 1 1
 1 1 1 1 1
 1 1 1 1 1
 1 1 1 1 1
 1 1 1 1 1
 1 1 1 1 1
 1 1 1 1 1
 1 1 1 1 1
 1 1 1 1 1
 1 1 1 1 1
 1 1 1 1 1
 1 1 1 1 1
 1 1 1 1 1
pf_obs 
 0.8446 0.082 0.0669 0.0065 0
 0.8095 0.147 0.0364 0.0071 0
 0.9664 0.0169 0.016 0.0007 0
 0.9276 0.0648 0.0075 0.0001 0
 0.7033 0.2144 0.0806 0.0017 0
 0.9318 0.0425 0.0243 0.0014 0
 0.5671 0.3108 0.0964 0.0239 0.0018
 0.0768 0.2599 0.5324 0.112 0.0189
 0.490249 0.384438 0.106611 0.0170017 0.00170017
 0.7925 0.1577 0.0466 0.003 0.0002
 0.840416 0.127587 0.0312969 0.00059994 9.999e-05
 0.8084 0.0986 0.0794 0.0134 0.0002
 0.7335 0.1905 0.0724 0.0035 0.0001
 0.4001 0.4547 0.1325 0.0127 0
 0.49795 0.308269 0.164784 0.0264974 0.00249975
 0.9179 0.0499 0.0305 0.0017 0
 0.2467 0.6533 0.0926 0.0074 0
 0.9418 0.0223 0.034 0.0019 0
 0.707729 0.231977 0.0356964 0.0245975 0
 0.517169 0.277429 0.184464 0.0207286 0.00020938
 0.811772 0.124168 0.05621 0.00726502 0.000585176
 0.764997 0.148141 0.077277 0.00933861 0.000247198
 0.163321 0.427699 0.378323 0.0303852 0.000271297
 0.753843 0.0900009 0.118128 0.0371064 0.000921714
 0.721811 0.176058 0.0630433 0.0369309 0.00215725
 0.143369 0.312575 0.442814 0.0836902 0.0175525
 0.692698 0.0596174 0.167031 0.0765114 0.00414204
 0.394062 0.376323 0.152708 0.0712218 0.00568511
 0.125707 0.32114 0.495352 0.0537591 0.00404204
 0.23352 0.215282 0.420074 0.123614 0.00750983
pf_pred 
 0.0309226 0.18174 0.706253 0.0810842 5.83925e-07
 0.0627068 0.0432976 0.171298 0.648364 0.0743339
 0.940687 0.00594849 0.00254709 0.00975104 0.0410664
 0.164427 0.805188 0.00314426 0.00130249 0.0259382
 0.299318 0.1879 0.49495 0.00184939 0.0159827
 0.997745 0.00119219 0.000299539 0.00073681 2.64435e-05
 0.05174 0.946931 0.000713662 0.000173768 0.000442034
 0.125612 0.0835465 0.789785 0.000567552 0.000488428
 0.973243 0.00541512 0.00210933 0.0192071 2.5628e-05
 0.272548 0.716162 0.00235539 0.000884547 0.00804944
 0.951295 0.0211087 0.0271903 8.48986e-05 0.000321078
 0.893954 0.102736 0.00145922 0.00182359 2.7182e-05
 0.678096 0.301753 0.0195468 0.000266616 0.000337423
 0.786015 0.169319 0.0419764 0.00260905 8.04416e-05
 0.819399 0.160581 0.016025 0.00375521 0.000239874
 0.982483 0.0158662 0.00147673 0.000139554 3.46892e-05
 0.0616279 0.928275 0.00917446 0.000825389 9.72108e-05
 0.964346 0.00336226 0.0319547 0.000306007 3.07203e-05
 0.462158 0.525393 0.00120433 0.011127 0.000117074
 0.277886 0.413494 0.301694 0.00067103 0.00625488
 0.876968 0.0477298 0.0437355 0.0308598 0.000707109
 0.767899 0.213399 0.0073955 0.00657111 0.00473499
 0.0452055 0.801511 0.141293 0.00474655 0.00724408
 0.828456 0.0116385 0.134851 0.0230978 0.00195705
 0.535582 0.409668 0.00381242 0.0429668 0.00797123
 0.219801 0.49687 0.250784 0.00226942 0.0302761
 0.860122 0.0424444 0.0626999 0.0307493 0.00398406
 0.744312 0.231573 0.00746788 0.0107187 0.00592855
 0.0657967 0.759163 0.158937 0.00499163 0.0111112
 0.0869553 0.0871096 0.674515 0.137509 0.0139113
pobs_RECLAS
 0 0 0 0 0
 0 0 0 0 0
 0 0 0 0 0
 0 0 0 0 0
 0 0 0 0 0
 0 0 0 0 0
 0 0 0 0 0
 0 0 0 0 0
 0 0 0 0 0
 0 0 0 0 0
 0.991045 0.00858322 0.000360255 1.14367e-05 0
 0.934742 0.0480273 0.0164251 0.00080598 0
 0.827803 0.169806 0.00239088 0 0
 0.941827 0.0461693 0.0120037 0 0
 0.791401 0.0380133 0.147996 0.0225897 0
 0.846168 0.0940531 0.0597789 0 0
 0.134021 0.677848 0.182769 0.00536245 0
 0.80878 0.0450904 0.141981 0.00414843 0
 0.846168 0.0940531 0.0597789 0 0
 0.905697 0.0802665 0.012482 0.00150086 5.37128e-05
 0.989698 0.0102097 9.19794e-05 0 0
 0.975433 0.0193895 0.00387452 0.00125025 5.28907e-05
 0.303575 0.632131 0.0575291 0.00676475 0
 0.966965 0.00978017 0.0227588 0.000495775 0
 0.843318 0.132988 0.00938335 0.0141283 0.000182051
 0.564624 0.303363 0.111486 0.0197234 0.00080311
 0.826376 0.0876187 0.0782897 0.00655872 0.00115652
 0.89761 0.0855135 0.0140674 0.00269457 0.000114338
 0.34875 0.467042 0.161289 0.0227151 0.000203297
 0.318654 0.224769 0.449479 0.00709798 0
ppred_RECLAS
 0.0454804 0.182651 0.692471 0.0793973 5.71737e-07
 0.0927853 0.0430141 0.165777 0.626591 0.0718324
 0.96034 0.00407727 0.00170072 0.00650177 0.0273801
 0.233495 0.73945 0.0028038 0.00115963 0.0230913
 0.431871 0.156764 0.39709 0.00148062 0.0127943
 0.998496 0.000805296 0.000197191 0.000484387 1.73829e-05
 0.0789462 0.919803 0.000672189 0.0001634 0.000415623
 0.182048 0.0801163 0.736852 0.000528737 0.000454989
 0.982458 0.00363121 0.00137662 0.0125171 1.67002e-05
 0.375092 0.615529 0.00195974 0.000734683 0.00668506
 0.966969 0.014523 0.0182362 5.6863e-05 0.000215035
 0.927987 0.0698277 0.000964069 0.00120297 1.79298e-05
 0.763606 0.221988 0.013975 0.000190327 0.000240854
 0.857685 0.113402 0.0271746 0.00168597 5.19765e-05
 0.880525 0.106623 0.0102908 0.00240719 0.000153751
 0.98824 0.0106783 0.000967891 9.13384e-05 2.27025e-05
 0.0888346 0.90161 0.00868321 0.000780115 9.18719e-05
 0.976012 0.00231417 0.0214484 0.000205121 2.05908e-05
 0.559535 0.430533 0.000962037 0.00887631 9.33867e-05
 0.367397 0.366317 0.260319 0.000578189 0.00538908
 0.914694 0.0336273 0.0300321 0.0211616 0.000484854
 0.830911 0.155795 0.0052618 0.00466883 0.00336401
 0.0654267 0.7877 0.135399 0.00454241 0.00693204
 0.878948 0.00840795 0.0950145 0.0162528 0.00137698
 0.629629 0.327711 0.00297426 0.0334758 0.00621001
 0.295104 0.453037 0.222965 0.00201497 0.0268796
 0.902154 0.030225 0.0435362 0.0213223 0.00276244
 0.810364 0.172162 0.00541619 0.00776363 0.00429379
 0.0938855 0.739744 0.151084 0.00473874 0.0105475
 0.126558 0.0853302 0.64379 0.131063 0.0132582
pobs_PELACES
 0 0 0 0 0
 0 0 0 0 0
 0 0 0 0 0
 0 0 0 0 0
 0 0 0 0 0
 0 0 0 0 0
 0 0 0 0 0
 0 0 0 0 0
 0 0 0 0 0
 0 0 0 0 0
 0 0 0 0 0
 0 0 0 0 0
 0 0 0 0 0
 0 0 0 0 0
 0 0 0 0 0
 0 0 0 0 0
 0.505614 0.472636 0.0217494 0 0
 0 0 0 0 0
 0.443492 0.261883 0.143347 0.151278 0
 0.227955 0.32914 0.350689 0.0885471 0.00366901
 0.970185 0.0296113 0.000203453 0 0
 0.997202 0.00247181 0.000326279 0 0
 0.445219 0.490057 0.0546422 0.010081 0
 0.90214 0.0892962 0.00764917 0.000914606 0
 0 0 0 0 0
 0.581667 0.319106 0.0959925 0.00289975 0.000334073
 0.762889 0.0836404 0.116647 0.0363945 0.000428098
 0.88444 0.0763242 0.0277011 0.0115352 0
 0.521256 0.241999 0.230069 0.00667565 0
 0.616807 0.101726 0.260614 0.0208532 0
ppred_PELACES
 0.0465124 0.182711 0.691498 0.0792783 5.70878e-07
 0.0988192 0.0429439 0.16467 0.622235 0.071332
 0.962902 0.00383224 0.00159043 0.00607847 0.0255972
 0.257126 0.716917 0.00269135 0.00111252 0.0221527
 0.498976 0.140267 0.348252 0.00129712 0.011208
 0.998577 0.000763491 0.000186173 0.000457219 1.64078e-05
 0.0904749 0.908304 0.000656083 0.000159385 0.000405396
 0.19714 0.0791501 0.722745 0.000518414 0.000446097
 0.983951 0.00334072 0.00125809 0.0114352 1.52565e-05
 0.416473 0.57489 0.0018057 0.000676441 0.00615485
 0.968502 0.0138778 0.0173619 5.4126e-05 0.000204682
 0.934951 0.0630922 0.000863669 0.0010772 1.60548e-05
 0.783379 0.203528 0.0127005 0.000172887 0.000218778
 0.880002 0.0959128 0.0226382 0.00140337 4.32624e-05
 0.898852 0.0904094 0.00859991 0.00201008 0.000128381
 0.989048 0.00994987 0.000896826 8.46065e-05 2.10289e-05
 0.0935747 0.896962 0.00859983 0.000772437 9.09665e-05
 0.976885 0.00223557 0.0206625 0.000197575 1.98332e-05
 0.571129 0.419237 0.000933343 0.00860985 9.05823e-05
 0.384023 0.357498 0.252688 0.000561078 0.00522951
 0.918832 0.0320767 0.0285313 0.0200997 0.000460519
 0.838447 0.148902 0.00500765 0.0044423 0.00320075
 0.0679012 0.785996 0.13469 0.00451789 0.00689457
 0.882562 0.0081762 0.0921637 0.015763 0.00133547
 0.637568 0.320789 0.00290371 0.0326771 0.00606179
 0.303502 0.448131 0.219878 0.00198674 0.0265028
 0.905785 0.0291672 0.0418821 0.0205087 0.00265702
 0.814073 0.168826 0.00530117 0.00759798 0.00420216
 0.095974 0.738295 0.150505 0.0047201 0.010506
 0.133784 0.0849852 0.638199 0.129892 0.0131396
pobs_pel_tallas
 0 0 0 0 0 0 0 0 0 0 0 0 0 0 0 0 0 0 0 0 0 0 0 0 0 0
 0 0 0 0 0 0 0 0 0 0 0 0 0 0 0 0 0 0 0 0 0 0 0 0 0 0
 0 0 0 0 0 0 0 0 0 0 0 0 0 0 0 0 0 0 0 0 0 0 0 0 0 0
 0 0 0 0 0 0 0 0 0 0 0 0 0 0 0 0 0 0 0 0 0 0 0 0 0 0
 0 0 0 0 0 0 0 0 0 0 0 0 0 0 0 0 0 0 0 0 0 0 0 0 0 0
 0 0 0 0 0 0 0 0 0 0 0 0 0 0 0 0 0 0 0 0 0 0 0 0 0 0
 0 0 0 0 0 0 0 0 0 0 0 0 0 0 0 0 0 0 0 0 0 0 0 0 0 0
 0 0 0 0 0 0 0 0 0 0 0 0 0 0 0 0 0 0 0 0 0 0 0 0 0 0
 0 0 0 0 0 0 0 0 0 0 0 0 0 0 0 0 0 0 0 0 0 0 0 0 0 0
 0 0 0 0 0 0 0 0 0 0 0 0 0 0 0 0 0 0 0 0 0 0 0 0 0 0
 0 0 0 0 0 0 0 0 0 0 0 0 0 0 0 0 0 0 0 0 0 0 0 0 0 0
 0 0 0 0 0 0 0 0 0 0 0 0 0 0 0 0 0 0 0 0 0 0 0 0 0 0
 0.00862536 0 0 0.000197151 0.00414017 0.0128641 0.00837892 0.0270097 0.101434 0.158115 0.152841 0.127902 0.109271 0.109419 0.0830992 0.0579132 0.0238553 0.00714673 0.00463305 0.00128148 0.00103504 0.000492878 0.000147863 0.000147863 4.92878e-05 0
 0 0 0 0 0 0 0 0 0 0 0 0 0 0 0 0 0 0 0 0 0 0 0 0 0 0
 0 0 0 0 0 0 0 0.0054083 0.00873648 0.0413646 0.0450493 0.0745869 0.0622846 0.0627006 0.0613931 0.0827291 0.12552 0.122667 0.0946155 0.0697135 0.0546179 0.0294188 0.0215738 0.0213955 0.0102223 0.00600262
 0 0 0 0 0.00359764 0.0251062 0.0480494 0.140153 0.205849 0.193036 0.1447 0.116669 0.0760912 0.0342217 0.00950174 0.001854 0.000860785 0 0 0 0.000165536 0 0.000143464 0 0 0
 0 0 0 0 0 0 0 0.000145254 0.000435761 0.0275982 0.070085 0.0708112 0.156366 0.174668 0.174014 0.160142 0.0824315 0.0480064 0.0283245 0.00493863 0.00203355 0 0 0 0 0
 0 0 0 0 0 0 0 0 0 0 0 0 0 0 0 0 0 0 0 0 0 0 0 0 0 0
 0 0 1.00437e-05 0.000401748 0.00122533 0.00171747 0.00176769 0.0269171 0.070346 0.194647 0.189555 0.159765 0.064822 0.0314167 0.0384472 0.0292271 0.0345202 0.0313363 0.0194345 0.0106764 0.0143323 0.0359363 0.0279516 0.0138201 0.00172751 0
 0 0.0021121 0.0136068 0.0755702 0.200478 0.177729 0.0527432 0.0373336 0.0318909 0.0142505 0.0149659 0.0166563 0.0217959 0.0798694 0.0677717 0.0528807 0.04013 0.0224614 0.0357745 0.0225083 0.00881397 0.00855152 0.00135912 0.000746735 0 0
 0 0 0 0 5.4009e-05 0.00500934 0.000945158 0.0243581 0.138947 0.33067 0.221406 0.137944 0.0707744 0.0437923 0.0131692 0.00525238 0.0047753 0.00276346 9.45158e-05 9.00151e-06 2.25038e-05 9.00151e-06 4.50075e-06 0 0 0
 0.000866109 0.00284123 0.00948549 0.0512746 0.133035 0.25785 0.225252 0.132002 0.0553304 0.0519788 0.0540692 0.017754 0.00435017 0.00159236 0.00146478 0.000404838 0.000125132 0.000115318 0.000107957 0.000100596 0 0 0 0 0 0
 0 0 0 0 0.00144013 0.00171154 0.00461396 0.0210425 0.0478622 0.0707936 0.0888783 0.103762 0.0637923 0.0337046 0.0602308 0.124433 0.169614 0.0934646 0.0462172 0.0250306 0.0313229 0.00938855 0.002487 0.000210481 0 0
 0 0.00764035 0.051015 0.0998891 0.058973 0.0496711 0.0374665 0.0718981 0.12319 0.153886 0.159021 0.0857701 0.0377988 0.023471 0.0147837 0.00900784 0.00315554 0.000888139 0.00291439 0.00214683 0.00393193 0.00274676 0.000635225 9.99891e-05 0 0
 0 0 0 0 0 0 0 0 0 0 0 0 0 0 0 0 0 0 0 0 0 0 0 0 0 0
 0 0 0 0 0 0 0 0 0 0 0 0 0 0 0 0 0 0 0 0 0 0 0 0 0 0
 0 0 0 0 0 0 0 0 0 0 0 0 0 0 0 0 0 0 0 0 0 0 0 0 0 0
 0 0 0 0 0 0 0 0 0 0 0 0 0 0 0 0 0 0 0 0 0 0 0 0 0 0
 0 0 0 0 0 0 0 0 0 0 0 0 0 0 0 0 0 0 0 0 0 0 0 0 0 0
 0 0 0 0 0 0 0 0 0 0 0 0 0 0 0 0 0 0 0 0 0 0 0 0 0 0
ppred_pel_tallas
 1.27953e-16 3.8312e-06 3.72407e-05 0.000247478 0.00112501 0.00350043 0.00745872 0.0108901 0.0109088 0.00755041 0.00381134 0.00203647 0.00258607 0.00531016 0.0105094 0.0186487 0.0298453 0.0437418 0.0597605 0.0773193 0.0955548 0.112667 0.125652 0.131096 0.126774 0.112966
 1.79236e-16 8.13962e-06 7.912e-05 0.00052578 0.00239012 0.00743659 0.0158446 0.0231266 0.0231312 0.0158674 0.0075147 0.00262261 0.00113623 0.00150426 0.00299866 0.00572652 0.0101906 0.0171771 0.0277962 0.0433506 0.0647994 0.0918809 0.12233 0.151784 0.174704 0.186074
 1.04989e-16 7.93129e-05 0.00077095 0.00512323 0.0232895 0.0724622 0.154388 0.225334 0.225335 0.15439 0.0724685 0.0233077 0.00516949 0.000873963 0.000281477 0.000358612 0.000558061 0.000818565 0.00115542 0.00162278 0.00230385 0.00327322 0.0045407 0.00600711 0.00746101 0.00862646
 1.04122e-16 2.11793e-05 0.00020587 0.00136808 0.00621916 0.0193505 0.0412308 0.060192 0.0602609 0.0415676 0.0204809 0.00948212 0.00955098 0.0180441 0.0338258 0.0556958 0.0797838 0.0994012 0.107763 0.101779 0.0839823 0.060964 0.0396184 0.0240375 0.0148225 0.0103525
 1.12113e-16 4.11e-05 0.000399507 0.00265486 0.0120686 0.0375501 0.0800049 0.116772 0.116786 0.0800737 0.0377825 0.0127463 0.00438022 0.00424608 0.00758047 0.0130752 0.0202417 0.0283787 0.0366803 0.0445854 0.0517907 0.0578496 0.0618128 0.0624212 0.0588244 0.0512527
 1.00055e-16 8.22514e-05 0.000799513 0.00531305 0.0241523 0.0751469 0.160108 0.233683 0.233683 0.160109 0.0751481 0.0241558 0.00532187 0.000818826 0.000119097 6.71597e-05 8.98552e-05 0.000115273 0.000132318 0.000138413 0.000136543 0.000132824 0.000132224 0.000135536 0.000139527 0.000139495
 1.00336e-16 7.45248e-06 7.24409e-05 0.000481399 0.00218843 0.00680947 0.0145115 0.0211983 0.0212856 0.0149382 0.00824142 0.00632167 0.0108462 0.0226649 0.0428147 0.0705073 0.100952 0.125655 0.135967 0.127909 0.104624 0.0744266 0.0460741 0.0248587 0.0117379 0.00490686
 1.21005e-16 1.62382e-05 0.000157841 0.00104891 0.00476819 0.0148357 0.0316093 0.0461365 0.0461452 0.0316524 0.0149837 0.00520973 0.00220962 0.00286456 0.00566158 0.010645 0.0183707 0.0293922 0.0440176 0.061955 0.0817813 0.100586 0.114362 0.119342 0.113699 0.0985497
 1.01187e-16 8.10467e-05 0.000787803 0.00523523 0.0237986 0.0740462 0.157763 0.23026 0.230261 0.157765 0.0740516 0.0238142 0.00527486 0.000875431 0.000250932 0.000296285 0.00044357 0.000614173 0.00079454 0.0009941 0.00124023 0.00155801 0.00194214 0.00234165 0.00267047 0.00283972
 1.01309e-16 3.43045e-05 0.000333452 0.00221591 0.0100732 0.0313418 0.0667791 0.0974777 0.0975329 0.0670492 0.0322482 0.0126895 0.00877693 0.0146354 0.0271352 0.0446455 0.0639354 0.0796142 0.0862195 0.0812473 0.0666988 0.047841 0.0302054 0.0171123 0.00912134 0.00503655
 1.00545e-16 7.97742e-05 0.000775434 0.00515303 0.0234249 0.0728836 0.155286 0.226645 0.226647 0.155293 0.0729061 0.02349 0.00531759 0.00113838 0.000779923 0.00119123 0.00177335 0.00236444 0.00285346 0.00318119 0.00335542 0.0034163 0.00338293 0.00323388 0.00293639 0.00249152
 1.00152e-16 7.70107e-05 0.000748571 0.00497452 0.0226134 0.0703589 0.149907 0.218795 0.218801 0.149937 0.0704584 0.0229007 0.00569486 0.00231901 0.00305348 0.00491018 0.0070285 0.00876014 0.00950291 0.00898245 0.00741684 0.0053796 0.00347086 0.00204765 0.00116632 0.000695226
 1.00473e-16 6.4526e-05 0.000627215 0.00416807 0.0189474 0.0589526 0.125606 0.183329 0.183349 0.125701 0.0592739 0.019875 0.00649505 0.0057025 0.00968999 0.0158819 0.0227884 0.0284787 0.0310301 0.0295522 0.0247202 0.0183345 0.012274 0.0076501 0.0046424 0.00286664
 1.00826e-16 7.24847e-05 0.000704577 0.00468216 0.0212844 0.0662238 0.141097 0.205937 0.205947 0.141142 0.0663757 0.0217235 0.0057848 0.00311367 0.00465363 0.00759361 0.0109659 0.0138588 0.0153905 0.0151451 0.0134037 0.010931 0.00849902 0.00652714 0.00504655 0.00389645
 1.00495e-16 7.40373e-05 0.000719669 0.00478245 0.0217403 0.0676423 0.144119 0.210348 0.210357 0.144162 0.0677851 0.0221528 0.00581736 0.00297774 0.00435916 0.00708052 0.0101716 0.0127465 0.0139563 0.0134097 0.011403 0.00872116 0.00617443 0.00422844 0.00294039 0.00213029
 1.00041e-16 8.14665e-05 0.000791884 0.00526235 0.0239219 0.0744298 0.158581 0.231453 0.231454 0.158585 0.0744455 0.0239672 0.00537621 0.0010403 0.000552822 0.000783809 0.00111837 0.00140015 0.00153098 0.0014673 0.0012416 0.000940542 0.00065396 0.000434124 0.000288444 0.000197973
 1.00571e-16 7.70781e-06 7.49227e-05 0.000497892 0.0022634 0.00704274 0.0150085 0.0219234 0.0220097 0.0154299 0.00845706 0.00634594 0.0107361 0.0223935 0.0423018 0.0696772 0.0997989 0.124293 0.134631 0.126885 0.10414 0.0745659 0.046757 0.0258907 0.0128885 0.00598075
 1.00621e-16 8.04647e-05 0.000782145 0.00519763 0.0236277 0.0735145 0.15663 0.228607 0.228607 0.156632 0.0735187 0.0236402 0.00523052 0.000858903 0.000240724 0.00030822 0.000523346 0.000838498 0.00125825 0.00177455 0.00234691 0.00289192 0.00329426 0.00344504 0.00329062 0.00286154
 1.01013e-16 4.70432e-05 0.000457277 0.00303877 0.0138138 0.0429802 0.0915753 0.133665 0.133706 0.0917722 0.0436412 0.0157219 0.00782376 0.0108881 0.0198136 0.0325677 0.046645 0.0581021 0.0629614 0.059404 0.0488925 0.0352622 0.0225289 0.0130849 0.00730681 0.00430056
 1.08325e-16 3.16316e-05 0.00030747 0.00204325 0.00928833 0.0288996 0.061575 0.0898778 0.0899126 0.061745 0.0294714 0.0109436 0.00621296 0.00945831 0.0175517 0.0293317 0.0430949 0.055937 0.0648322 0.0682455 0.0668337 0.062609 0.0573506 0.0516476 0.0451757 0.0376234
 1.02926e-16 7.5683e-05 0.000735665 0.00488875 0.0222236 0.0691458 0.147323 0.215022 0.215025 0.147338 0.0691974 0.0223733 0.00526684 0.00156841 0.00167916 0.00271446 0.00404152 0.00537856 0.00649561 0.00729754 0.00786234 0.00834245 0.0088076 0.0091659 0.00922173 0.00880968
 1.0117e-16 6.90618e-05 0.000671306 0.00446106 0.0202794 0.0630967 0.134435 0.196214 0.196229 0.134505 0.0633316 0.0209577 0.00616253 0.00438177 0.00710465 0.0116069 0.0166459 0.0207929 0.0226467 0.0215716 0.0180862 0.0135352 0.00931022 0.00621638 0.00434408 0.00334591
 1.05708e-16 5.59309e-06 5.43669e-05 0.000361291 0.00164242 0.00511059 0.0108915 0.0159123 0.0159881 0.0112618 0.0063541 0.00523443 0.00937895 0.0197439 0.0374106 0.0618653 0.0891765 0.112249 0.123815 0.120465 0.104627 0.0828336 0.0617661 0.045176 0.0334632 0.0252136
 1.04469e-16 7.26954e-05 0.000706625 0.00469577 0.0213463 0.0664163 0.141507 0.206534 0.206535 0.141512 0.0664323 0.0213944 0.00482344 0.00100878 0.000715374 0.00124744 0.00220983 0.0036567 0.00567265 0.00826479 0.0112739 0.0143148 0.0168177 0.0182005 0.0181019 0.0165407
 1.04469e-16 5.25157e-05 0.000510472 0.00339227 0.0154208 0.0479799 0.102227 0.14921 0.149241 0.102378 0.048486 0.0168818 0.00705714 0.00850253 0.0152069 0.024996 0.0358659 0.0448307 0.0489077 0.0467741 0.0396015 0.0303264 0.0219403 0.0160986 0.0128482 0.0112634
 1.11145e-16 2.49992e-05 0.000243001 0.00161483 0.0073408 0.0228402 0.048665 0.0710371 0.0710806 0.0488774 0.0235539 0.00940521 0.00680833 0.0116186 0.0217408 0.0361924 0.0528072 0.067804 0.0772849 0.0793664 0.0751513 0.0676864 0.0598367 0.0528387 0.0464022 0.0397792
 1.03723e-16 7.46083e-05 0.000725219 0.00481934 0.021908 0.068164 0.145231 0.211969 0.211972 0.145245 0.0682115 0.0220461 0.00516913 0.00149971 0.00157774 0.00257535 0.00390394 0.00533678 0.0066957 0.00790517 0.00900788 0.0100665 0.0110335 0.0117129 0.0118536 0.0112972
 1.0167e-16 6.70542e-05 0.00065179 0.00433138 0.0196898 0.0612624 0.130527 0.190511 0.190527 0.130606 0.0615288 0.0204589 0.00626064 0.00485917 0.00804536 0.0131628 0.0188824 0.0235965 0.0257222 0.0245455 0.0206611 0.0155964 0.0109254 0.00754721 0.00554228 0.00449207
 1.06784e-16 7.9054e-06 7.68434e-05 0.000510655 0.00232141 0.00722314 0.0153923 0.0224804 0.0225517 0.0157403 0.00839197 0.00569819 0.00898985 0.0185968 0.0352087 0.0582665 0.0840972 0.106083 0.117438 0.114974 0.100925 0.0813137 0.0622562 0.0471214 0.0361918 0.0281427
 1.33689e-16 1.10196e-05 0.000107115 0.000711815 0.00323581 0.0100679 0.021451 0.0313103 0.0313195 0.0214964 0.0102234 0.0036982 0.00192171 0.00291157 0.00581663 0.0108529 0.0185659 0.0294904 0.0440171 0.062125 0.0828537 0.103804 0.121251 0.131203 0.131006 0.120549
pSPR Fmed_Fpbrs
0.374809   0.242761 0.242761
Fs Fmed_Fpbrs
0.642646   1.005 1.005
SSBpbr Bo_Bmed_Bpbrs
1.69933e+06  551959  327565 327565
Ro
47021
SPR SPRFo_SPRFmed_SPRFpbrs
334714 125454 81255.4
Fref
1.005
log_Ro
10.5784
likeval ReclasPelacesDesembMPH_pf_preclas_ppelaces_ptallas_desvR_qrecl_qpela
 16.7841 71.7937 0.162129 0.00106718 324.637 117.555 95.3122 0 134.077 2.119e-05 0 0.00377998 0 0 0
q_reclas_q_pelaces
1.91995 1
M
1
N
 6488.25 26944.7 102422 11745.2 0.0845774
 4027.93 2059.43 7998.27 30243.8 3467.22
 205566 962.568 404.603 1547.42 6516.61
 12789.5 49123.5 189.103 78.2754 1558.74
 3761.16 2011.05 5251.13 19.6119 169.484
 287311 251.242 61.9125 152.136 5.45973
 5069.59 74012.6 55.0533 13.3955 34.0744
 1365.23 690.451 6419.88 4.60938 3.96659
 64758.3 272.205 104.241 948.34 1.26531
 6338.8 13518.4 43.9338 16.4885 150.042
 45584.1 735.196 928.338 2.89557 10.9501
 138057 12252 171.359 213.972 3.18928
 71231.9 24552 1566.42 21.3486 27.017
 69858.4 12377.5 3034.88 188.524 5.81235
 44132.7 7078.95 698.458 163.575 10.4484
 390812 4705.84 430.179 40.6139 10.095
 8062.52 89230.8 865.217 77.7611 9.15788
 809575 2025.45 18851.7 180.328 18.1023
 284481 235084 528.248 4875.39 51.2943
 69082.2 76427.3 54756.6 121.672 1134.09
 404295 16074.9 14444.7 10181.6 233.285
 517339 105315 3579.91 3177.59 2289.57
 10367.9 132480 22878.6 767.735 1171.63
 292215 2934.41 33286.9 5695.09 482.509
 158416 86796.3 790.927 8903.95 1651.77
 28543.7 46483.6 22983.3 207.755 2771.49
 227586 8096.87 11717.8 5740.36 743.712
 291612 64260.9 2027.44 2906.6 1607.56
 11176.2 91315.5 18703.3 586.718 1305.93
 4748.2 3503.85 26623.2 5422.04 548.499
pred_Ctot
 569.491 3347.03 13006.8 1493.3 0.0107539
 923.856 637.9 2523.72 9552.3 1095.16
 47151.3 298.164 127.671 488.764 2058.42
 4952.2 24250.5 94.6983 39.2283 781.203
 2212.86 1389.15 3659.18 13.6726 118.16
 56036.6 66.9571 16.8231 41.3817 1.48515
 2182.61 39945.6 30.1053 7.3303 18.6469
 415.192 276.15 2610.52 1.87596 1.61443
 18532.4 103.114 40.1656 365.739 0.488005
 3002.49 7889.5 25.9479 9.74449 88.6755
 7962.64 176.686 227.591 0.710628 2.68752
 47776.2 5490.61 77.9862 97.4593 1.45271
 25224.4 11224.9 727.12 9.91784 12.5518
 35357 7616.43 1888.21 117.362 3.61847
 21813 4274.79 426.596 99.9664 6.3856
 97396.5 1572.87 146.393 13.8344 3.43885
 1666.93 25108.3 248.154 22.3254 2.62939
 109906 383.196 3641.87 34.8755 3.50119
 49756.7 56564.7 129.66 1197.95 12.6044
 16652.2 24778.4 18078.8 40.211 374.819
 76721.2 4175.63 3826.19 2699.76 61.8612
 102345 28441.7 985.669 875.795 631.078
 1544.23 27379.8 4826.61 162.143 247.46
 36199.9 508.553 5892.4 1009.27 85.5144
 20642.9 15789.8 146.942 1656.06 307.234
 4218.68 9536.52 4813.33 43.5574 581.095
 34171 1686.23 2490.94 1221.61 158.279
 27791.1 8646.46 278.836 400.215 221.36
 1057.82 12205.2 2555.26 80.2513 178.637
 1016.95 1018.75 7888.51 1608.17 162.693
F
 0.147562 0.214561 0.219814 0.220098 0.220113
 0.431404 0.62728 0.642637 0.643466 0.64351
 0.431429 0.627315 0.642673 0.643502 0.643546
 0.849972 1.23589 1.26615 1.26779 1.26787
 1.70607 2.48069 2.54142 2.5447 2.54487
 0.356328 0.518116 0.530801 0.531485 0.531521
 0.993669 1.44484 1.48021 1.48212 1.48222
 0.612525 0.890637 0.912441 0.913619 0.913681
 0.566609 0.823873 0.844043 0.845132 0.84519
 1.15431 1.67841 1.7195 1.72172 1.72184
 0.313867 0.456376 0.467549 0.468152 0.468184
 0.726872 1.0569 1.08278 1.08417 1.08425
 0.75006 1.09062 1.11732 1.11876 1.11884
 1.28934 1.87476 1.92066 1.92314 1.92327
 1.2384 1.80068 1.84476 1.84714 1.84727
 0.477001 0.69358 0.71056 0.711477 0.711525
 0.381436 0.554624 0.568202 0.568935 0.568974
 0.236569 0.343981 0.352402 0.352857 0.352881
 0.314326 0.457043 0.468232 0.468836 0.468868
 0.458041 0.66601 0.682315 0.683196 0.683242
 0.345189 0.501919 0.514207 0.514871 0.514906
 0.362267 0.526752 0.539648 0.540344 0.540381
 0.26221 0.381265 0.390599 0.391103 0.39113
 0.213924 0.311055 0.31867 0.319082 0.319103
 0.226125 0.328795 0.336844 0.337279 0.337302
 0.25996 0.377993 0.387247 0.387747 0.387773
 0.264575 0.384704 0.394122 0.394631 0.394657
 0.161103 0.234251 0.239985 0.240295 0.240311
 0.159924 0.232537 0.23823 0.238537 0.238553
 0.397623 0.57816 0.592314 0.593079 0.593119
nmprior
 8 8 7 0
nm_flota  nm_reclas  nm_pelaces    nm_pelaL
inf 8.02342 5.07663 7.02572
cv_recla  cv_pelaces  cv_mph
0.379294 0.997029 1.00815
 ------------------------------------------------
Talla a la edad & desviación 
 8 13.2811 15.8009 17.003 17.5766
 0.8 1.32811 1.58009 1.7003 1.75766
