years
 1991 1992 1993 1994 1995 1996 1997 1998 1999 2000 2001 2002 2003 2004 2005 2006 2007 2008 2009 2010 2011 2012 2013 2014 2015 2016 2017 2018 2019 2020
reclasobs
 0 0 0 0 0 0 0 0 0 252601 567819 844713 477998 351125 339783 2.1784e+06 2.13404e+06 4.81314e+06 1.55562e+06 2.62356e+06 3.21686e+06 3.843e+06 1.13348e+06 3.07943e+06 1.97215e+06 2.03268e+06 2.025e+06 2.42433e+06 2.27542e+06 1.05018e+06
reclaspred
 1.20803e+06 916551 447686 193719 95700.5 436683 260262 113312 203750 147985 192893 381647 351881 251172 271766 690017 981828 1.50761e+06 1.72458e+06 1.20774e+06 2.14772e+06 1.98143e+06 1.65666e+06 1.76075e+06 1.42373e+06 1.03541e+06 1.35088e+06 1.69686e+06 1.73748e+06 719501
pelacesobs
 0 0 0 0 0 0 0 0 0 0 0 0 0 0 0 552880 188675 0 991730 2.46772e+06 1.41603e+06 1.21717e+06 2.29649e+06 1.80582e+06 0 1.4828e+06 1.56532e+06 1.57751e+06 1.42118e+06 867257
pelacespred
 473696 392146 196821 63692.6 31432.9 187743 75566.7 48524.1 85562.5 51920.9 89216.1 144891 139470 107450 125755 272096 387895 662925 808335 549325 905512 923072 760437 866627 710036 480766 752710 933836 786994 382295
mphobs
 0 0 0 0 0 0 0 0 0 0 0 498337 0 5186 125008 0 168611 109162 213762 579715 649985 157893 87575 83554 0 0 0 0 0 0
mphpred
 867492 954135 522965 191867 107872 46047 393224 98244.4 59768.4 177611 59605.4 224945 307109 180993 143822 218231 778840 734729 1.25341e+06 1.28015e+06 993826 1.71544e+06 1.56938e+06 1.11138e+06 1.38443e+06 1.03724e+06 586853 1.19973e+06 1.70027e+06 926924
desembarqueobs
 494567 514787 250237 358949 120608 361735 552515 73892 212993 205616 52469 317467 293654 387597 252695 516296 358380 742168 942051 627588 828172 859565 418607 520667 417249 300574 407403 355545 319650 289779
desembarquepred
 494333 513490 249815 358025 120186 361731 551744 73890.6 212972 205477 52521.6 317961 293338 387396 252274 516889 358739 740592 940064 626808 827714 859379 416801 519726 416663 300279 406669 355521 319697 290223
Reclutas
 290677 89345.6 23166.2 77926 12702.9 248356 28785.3 9288.2 65363.5 17020.6 92676.2 152365 70709 87007 81234.7 410329 91036.6 521890 535178 151920 550121 548300 74458.9 281961 221465 32781.7 377236 318328 20743.9 14225.5
log_desv_Rt
 1.07441 -0.105293 -1.45511 -0.242045 -2.05597 0.917057 -1.23794 -2.36906 -0.417841 -1.76338 -0.0686929 0.428472 -0.339232 -0.131816 -0.200462 1.41916 -0.0865436 1.65965 1.68479 0.425548 1.71233 1.70902 -0.287558 1.04396 0.802459 -1.10793 1.33507 1.16528 -1.56555 -1.94277
SSB
 867492 954135 522965 191867 107872 46047 393224 98244.4 59768.4 177611 59605.4 224945 307109 180993 143822 218231 778840 734729 1.25341e+06 1.28015e+06 993826 1.71544e+06 1.56938e+06 1.11138e+06 1.38443e+06 1.03724e+06 586853 1.19973e+06 1.70027e+06 926924
BT
 1.77966e+06 1.47437e+06 702843 528455 181936 1.15381e+06 674264 213139 552203 327748 397257 770076 681834 810411 737281 1.51691e+06 1.3384e+06 3.06728e+06 3.57429e+06 2.03153e+06 3.93109e+06 3.51783e+06 2.29245e+06 3.39357e+06 2.3177e+06 1.46797e+06 3.32361e+06 3.42692e+06 2.11381e+06 1.22447e+06
Ftot
 0.38119 0.511961 0.508998 1.51423 1.06799 0.7627 1.63493 0.592649 0.944856 1.16549 0.257586 0.752382 0.745748 1.31814 0.838474 0.68844 0.34051 0.456434 0.50286 0.476754 0.360406 0.402732 0.236504 0.277616 0.274541 0.27162 0.283901 0.198311 0.173871 0.373604
BD_Bspro_t
 0.940832 0.705944 0.48621 0.28703 0.19214 0.126935 0.429233 0.142225 0.12869 0.324114 0.186991 0.55724 0.480483 0.318919 0.263414 0.349149 0.545505 0.513336 0.589051 0.553421 0.449085 0.577117 0.589553 0.55099 0.6341 0.622418 0.551668 0.725453 0.774531 0.652743
BD_Bspro
 1.22767 1.35029 0.740099 0.271529 0.152661 0.0651655 0.556489 0.139035 0.084584 0.251354 0.0843534 0.318342 0.43462 0.256141 0.203536 0.30884 1.10221 1.03979 1.77383 1.81167 1.40646 2.42769 2.22099 1.57282 1.95924 1.4679 0.830512 1.69785 2.40622 1.31178
BD_Bo
 0.544789 0.599202 0.328425 0.120493 0.0677443 0.0289177 0.246946 0.061698 0.0375349 0.11154 0.0374325 0.141267 0.192866 0.113665 0.0903208 0.13705 0.489115 0.461413 0.78715 0.803942 0.624127 1.07731 0.985581 0.697953 0.869427 0.651394 0.368547 0.753437 1.06778 0.582113
BD_Brms
 2.31429 2.54543 1.39516 0.51186 0.287781 0.122844 1.04904 0.262096 0.15945 0.473828 0.159015 0.600107 0.819303 0.482852 0.383686 0.582194 2.07778 1.9601 3.34384 3.41518 2.65132 4.57644 4.18679 2.96493 3.69336 2.76715 1.5656 3.20063 4.53597 2.47284
Sel_flota
 0.5 1 1 1 1
 0.5 1 1 1 1
 0.5 1 1 1 1
 0.5 1 1 1 1
 0.5 1 1 1 1
 0.5 1 1 1 1
 0.5 1 1 1 1
 0.5 1 1 1 1
 0.5 1 1 1 1
 0.5 1 1 1 1
 0.5 1 1 1 1
 0.5 1 1 1 1
 0.5 1 1 1 1
 0.5 1 1 1 1
 0.5 1 1 1 1
 0.5 1 1 1 1
 0.5 1 1 1 1
 0.5 1 1 1 1
 0.5 1 1 1 1
 0.5 1 1 1 1
 0.5 1 1 1 1
 0.5 1 1 1 1
 0.5 1 1 1 1
 0.5 1 1 1 1
 0.5 1 1 1 1
 0.5 1 1 1 1
 0.5 1 1 1 1
 0.5 1 1 1 1
 0.5 1 1 1 1
 0.5 1 1 1 1
Sel_reclas
 0.5 1 1 1 1
 0.5 1 1 1 1
 0.5 1 1 1 1
 0.5 1 1 1 1
 0.5 1 1 1 1
 0.5 1 1 1 1
 0.5 1 1 1 1
 0.5 1 1 1 1
 0.5 1 1 1 1
 0.5 1 1 1 1
 0.5 1 1 1 1
 0.5 1 1 1 1
 0.5 1 1 1 1
 0.5 1 1 1 1
 0.5 1 1 1 1
 0.5 1 1 1 1
 0.5 1 1 1 1
 0.5 1 1 1 1
 0.5 1 1 1 1
 0.5 1 1 1 1
 0.5 1 1 1 1
 0.5 1 1 1 1
 0.5 1 1 1 1
 0.5 1 1 1 1
 0.5 1 1 1 1
 0.5 1 1 1 1
 0.5 1 1 1 1
 0.5 1 1 1 1
 0.5 1 1 1 1
 0.5 1 1 1 1
Sel_pelaces
 0.5 1 1 1 1
 0.5 1 1 1 1
 0.5 1 1 1 1
 0.5 1 1 1 1
 0.5 1 1 1 1
 0.5 1 1 1 1
 0.5 1 1 1 1
 0.5 1 1 1 1
 0.5 1 1 1 1
 0.5 1 1 1 1
 0.5 1 1 1 1
 0.5 1 1 1 1
 0.5 1 1 1 1
 0.5 1 1 1 1
 0.5 1 1 1 1
 0.5 1 1 1 1
 0.5 1 1 1 1
 0.5 1 1 1 1
 0.5 1 1 1 1
 0.5 1 1 1 1
 0.5 1 1 1 1
 0.5 1 1 1 1
 0.5 1 1 1 1
 0.5 1 1 1 1
 0.5 1 1 1 1
 0.5 1 1 1 1
 0.5 1 1 1 1
 0.5 1 1 1 1
 0.5 1 1 1 1
 0.5 1 1 1 1
pf_obs 
 0.8446 0.082 0.0669 0.0065 0
 0.8095 0.147 0.0364 0.0071 0
 0.9664 0.0169 0.016 0.0007 0
 0.9276 0.0648 0.0075 0.0001 0
 0.7033 0.2144 0.0806 0.0017 0
 0.9318 0.0425 0.0243 0.0014 0
 0.5671 0.3108 0.0964 0.0239 0.0018
 0.0768 0.2599 0.5324 0.112 0.0189
 0.490249 0.384438 0.106611 0.0170017 0.00170017
 0.7925 0.1577 0.0466 0.003 0.0002
 0.840416 0.127587 0.0312969 0.00059994 9.999e-05
 0.8084 0.0986 0.0794 0.0134 0.0002
 0.7335 0.1905 0.0724 0.0035 0.0001
 0.4001 0.4547 0.1325 0.0127 0
 0.49795 0.308269 0.164784 0.0264974 0.00249975
 0.9179 0.0499 0.0305 0.0017 0
 0.2467 0.6533 0.0926 0.0074 0
 0.9418 0.0223 0.034 0.0019 0
 0.707729 0.231977 0.0356964 0.0245975 0
 0.517169 0.277429 0.184464 0.0207286 0.00020938
 0.811772 0.124168 0.05621 0.00726502 0.000585176
 0.764997 0.148141 0.077277 0.00933861 0.000247198
 0.163321 0.427699 0.378323 0.0303852 0.000271297
 0.753843 0.0900009 0.118128 0.0371064 0.000921714
 0.721811 0.176058 0.0630433 0.0369309 0.00215725
 0.143369 0.312575 0.442814 0.0836902 0.0175525
 0.692698 0.0596174 0.167031 0.0765114 0.00414204
 0.394062 0.376323 0.152708 0.0712218 0.00568511
 0.125707 0.32114 0.495352 0.0537591 0.00404204
 0.23352 0.215282 0.420074 0.123614 0.00750983
pf_pred 
 0.693813 0.193547 0.0712021 0.0261938 0.0152442
 0.318125 0.56982 0.0708324 0.0260578 0.015165
 0.207746 0.413417 0.316582 0.0393532 0.0229027
 0.742687 0.0977656 0.0832553 0.0637544 0.0125373
 0.341065 0.596501 0.0237219 0.0202011 0.0185115
 0.968766 0.0185312 0.0114991 0.000457303 0.000746289
 0.229554 0.760785 0.00573148 0.00355654 0.000372257
 0.361055 0.324456 0.310546 0.00233954 0.0016037
 0.897911 0.0587691 0.0219979 0.0210548 0.00026735
 0.400803 0.574991 0.0139347 0.00521591 0.00505569
 0.902242 0.0646322 0.0317878 0.000770367 0.000567856
 0.735913 0.251472 0.00834035 0.00410201 0.000172689
 0.480655 0.45484 0.0614237 0.00203719 0.00104412
 0.680907 0.223462 0.0837536 0.0113105 0.000567388
 0.713162 0.248967 0.0265216 0.00994033 0.00140973
 0.911519 0.0766456 0.0102731 0.00109436 0.000468338
 0.304641 0.669139 0.0227125 0.00304426 0.000463079
 0.832651 0.0824335 0.0817132 0.00277359 0.000428305
 0.63971 0.331313 0.0142734 0.0141487 0.000554409
 0.304862 0.559924 0.124339 0.00535668 0.00551795
 0.771622 0.115003 0.0913225 0.0202795 0.00177363
 0.607908 0.346143 0.0231383 0.0183738 0.00443702
 0.155552 0.656916 0.165555 0.0110667 0.0109101
 0.63441 0.103577 0.203827 0.0513681 0.0068189
 0.506028 0.390439 0.0293323 0.0577225 0.0164782
 0.143937 0.590545 0.209867 0.0157666 0.039884
 0.835218 0.0440384 0.0832937 0.0296007 0.00784925
 0.557881 0.405387 0.00981666 0.0185671 0.00834802
 0.0687015 0.678001 0.232254 0.00562414 0.0154202
 0.128309 0.117199 0.549282 0.18816 0.0170491
pobs_RECLAS
 0 0 0 0 0
 0 0 0 0 0
 0 0 0 0 0
 0 0 0 0 0
 0 0 0 0 0
 0 0 0 0 0
 0 0 0 0 0
 0 0 0 0 0
 0 0 0 0 0
 0 0 0 0 0
 0.991045 0.00858322 0.000360255 1.14367e-05 0
 0.934742 0.0480273 0.0164251 0.00080598 0
 0.827803 0.169806 0.00239088 0 0
 0.941827 0.0461693 0.0120037 0 0
 0.791401 0.0380133 0.147996 0.0225897 0
 0.846168 0.0940531 0.0597789 0 0
 0.134021 0.677848 0.182769 0.00536245 0
 0.80878 0.0450904 0.141981 0.00414843 0
 0.846168 0.0940531 0.0597789 0 0
 0.905697 0.0802665 0.012482 0.00150086 5.37128e-05
 0.989698 0.0102097 9.19794e-05 0 0
 0.975433 0.0193895 0.00387452 0.00125025 5.28907e-05
 0.303575 0.632131 0.0575291 0.00676475 0
 0.966965 0.00978017 0.0227588 0.000495775 0
 0.843318 0.132988 0.00938335 0.0141283 0.000182051
 0.564624 0.303363 0.111486 0.0197234 0.00080311
 0.826376 0.0876187 0.0782897 0.00655872 0.00115652
 0.89761 0.0855135 0.0140674 0.00269457 0.000114338
 0.34875 0.467042 0.161289 0.0227151 0.000203297
 0.318654 0.224769 0.449479 0.00709798 0
ppred_RECLAS
 0.698019 0.190888 0.0702238 0.0258339 0.0150347
 0.324364 0.564606 0.0701843 0.0258194 0.0150263
 0.21246 0.410957 0.314698 0.0391191 0.0227664
 0.765892 0.0889492 0.0757474 0.0580051 0.0114067
 0.358356 0.580848 0.0230994 0.019671 0.0180257
 0.970186 0.0176888 0.0109764 0.000436515 0.000712364
 0.255274 0.735388 0.00554015 0.00343782 0.00035983
 0.369046 0.320398 0.306662 0.00231028 0.00158364
 0.903643 0.055469 0.0207627 0.0198725 0.000252337
 0.42162 0.555014 0.0134506 0.0050347 0.00488004
 0.90334 0.0639062 0.0314308 0.000761714 0.000561478
 0.744969 0.242848 0.00805434 0.00396134 0.000166767
 0.492289 0.444651 0.0600478 0.00199155 0.00102073
 0.702751 0.208164 0.07802 0.0105362 0.000528546
 0.724181 0.239402 0.0255028 0.00955847 0.00135557
 0.91484 0.0737685 0.0098875 0.00105328 0.000450758
 0.308331 0.665589 0.022592 0.00302811 0.000460622
 0.836077 0.080746 0.0800405 0.00271681 0.000419538
 0.646133 0.325407 0.014019 0.0138965 0.000544526
 0.310436 0.555435 0.123342 0.00531373 0.0054737
 0.774879 0.113362 0.0900198 0.0199902 0.00174833
 0.612962 0.341682 0.02284 0.018137 0.00437983
 0.157048 0.655752 0.165262 0.0110471 0.0108907
 0.637569 0.102682 0.202065 0.0509242 0.00675998
 0.509395 0.387777 0.0291324 0.0573291 0.0163659
 0.145585 0.589409 0.209463 0.0157362 0.0398073
 0.837137 0.0435256 0.0823238 0.029256 0.00775785
 0.560171 0.403287 0.00976582 0.018471 0.00830479
 0.0692164 0.677626 0.232125 0.00562104 0.0154117
 0.130495 0.116905 0.547905 0.187689 0.0170063
pobs_PELACES
 0 0 0 0 0
 0 0 0 0 0
 0 0 0 0 0
 0 0 0 0 0
 0 0 0 0 0
 0 0 0 0 0
 0 0 0 0 0
 0 0 0 0 0
 0 0 0 0 0
 0 0 0 0 0
 0 0 0 0 0
 0 0 0 0 0
 0 0 0 0 0
 0 0 0 0 0
 0 0 0 0 0
 0 0 0 0 0
 0.505614 0.472636 0.0217494 0 0
 0 0 0 0 0
 0.443492 0.261883 0.143347 0.151278 0
 0.227955 0.32914 0.350689 0.0885471 0.00366901
 0.970185 0.0296113 0.000203453 0 0
 0.997202 0.00247181 0.000326279 0 0
 0.445219 0.490057 0.0546422 0.010081 0
 0.90214 0.0892962 0.00764917 0.000914606 0
 0 0 0 0 0
 0.581667 0.319106 0.0959925 0.00289975 0.000334073
 0.762889 0.0836404 0.116647 0.0363945 0.000428098
 0.88444 0.0763242 0.0277011 0.0115352 0
 0.521256 0.241999 0.230069 0.00667565 0
 0.616807 0.101726 0.260614 0.0208532 0
ppred_PELACES
 0.71111 0.182613 0.0671797 0.024714 0.014383
 0.343144 0.548913 0.0682335 0.0251017 0.0146086
 0.226851 0.403447 0.308947 0.0384042 0.0223504
 0.807695 0.0730659 0.0622215 0.0476473 0.00936986
 0.399803 0.543328 0.0216073 0.0184004 0.0168614
 0.973618 0.0156523 0.0097127 0.000386259 0.00063035
 0.30983 0.681517 0.0051343 0.00318598 0.00033347
 0.392093 0.308695 0.295461 0.00222589 0.0015258
 0.91639 0.0481312 0.018016 0.0172437 0.000218956
 0.469084 0.509468 0.0123468 0.00462154 0.00447957
 0.906988 0.0614944 0.0302446 0.000732966 0.000540287
 0.767831 0.221079 0.00733234 0.00360624 0.000151818
 0.523034 0.417724 0.0564115 0.00187095 0.000958922
 0.746101 0.177806 0.0666418 0.00899962 0.000451464
 0.750942 0.216174 0.0230284 0.00863105 0.00122405
 0.923283 0.0664551 0.00890725 0.000948861 0.00040607
 0.32044 0.653936 0.0221965 0.00297509 0.000452558
 0.846139 0.0757895 0.0751273 0.00255004 0.000393785
 0.664866 0.308181 0.0132768 0.0131608 0.0005157
 0.327521 0.541673 0.120286 0.00518208 0.00533808
 0.785083 0.108224 0.0859396 0.0190841 0.00166909
 0.628603 0.327873 0.021917 0.017404 0.00420282
 0.162284 0.65168 0.164235 0.0109785 0.0108231
 0.648086 0.0997021 0.196202 0.0494465 0.00656382
 0.520709 0.378835 0.0284606 0.056007 0.0159885
 0.151248 0.585502 0.208074 0.0156319 0.0395434
 0.843423 0.0418456 0.0791463 0.0281268 0.00745842
 0.568216 0.39591 0.00958718 0.0181331 0.00815288
 0.0710877 0.676263 0.231659 0.00560973 0.0153807
 0.13765 0.115943 0.543396 0.186144 0.0168664
pobs_pel_tallas
 0 0 0 0 0 0 0 0 0 0 0 0 0 0 0 0 0 0 0 0 0 0 0 0 0 0
 0 0 0 0 0 0 0 0 0 0 0 0 0 0 0 0 0 0 0 0 0 0 0 0 0 0
 0 0 0 0 0 0 0 0 0 0 0 0 0 0 0 0 0 0 0 0 0 0 0 0 0 0
 0 0 0 0 0 0 0 0 0 0 0 0 0 0 0 0 0 0 0 0 0 0 0 0 0 0
 0 0 0 0 0 0 0 0 0 0 0 0 0 0 0 0 0 0 0 0 0 0 0 0 0 0
 0 0 0 0 0 0 0 0 0 0 0 0 0 0 0 0 0 0 0 0 0 0 0 0 0 0
 0 0 0 0 0 0 0 0 0 0 0 0 0 0 0 0 0 0 0 0 0 0 0 0 0 0
 0 0 0 0 0 0 0 0 0 0 0 0 0 0 0 0 0 0 0 0 0 0 0 0 0 0
 0 0 0 0 0 0 0 0 0 0 0 0 0 0 0 0 0 0 0 0 0 0 0 0 0 0
 0 0 0 0 0 0 0 0 0 0 0 0 0 0 0 0 0 0 0 0 0 0 0 0 0 0
 0 0 0 0 0 0 0 0 0 0 0 0 0 0 0 0 0 0 0 0 0 0 0 0 0 0
 0 0 0 0 0 0 0 0 0 0 0 0 0 0 0 0 0 0 0 0 0 0 0 0 0 0
 0.00862536 0 0 0.000197151 0.00414017 0.0128641 0.00837892 0.0270097 0.101434 0.158115 0.152841 0.127902 0.109271 0.109419 0.0830992 0.0579132 0.0238553 0.00714673 0.00463305 0.00128148 0.00103504 0.000492878 0.000147863 0.000147863 4.92878e-05 0
 0 0 0 0 0 0 0 0 0 0 0 0 0 0 0 0 0 0 0 0 0 0 0 0 0 0
 0 0 0 0 0 0 0 0.0054083 0.00873648 0.0413646 0.0450493 0.0745869 0.0622846 0.0627006 0.0613931 0.0827291 0.12552 0.122667 0.0946155 0.0697135 0.0546179 0.0294188 0.0215738 0.0213955 0.0102223 0.00600262
 0 0 0 0 0.00359764 0.0251062 0.0480494 0.140153 0.205849 0.193036 0.1447 0.116669 0.0760912 0.0342217 0.00950174 0.001854 0.000860785 0 0 0 0.000165536 0 0.000143464 0 0 0
 0 0 0 0 0 0 0 0.000145254 0.000435761 0.0275982 0.070085 0.0708112 0.156366 0.174668 0.174014 0.160142 0.0824315 0.0480064 0.0283245 0.00493863 0.00203355 0 0 0 0 0
 0 0 0 0 0 0 0 0 0 0 0 0 0 0 0 0 0 0 0 0 0 0 0 0 0 0
 0 0 1.00437e-05 0.000401748 0.00122533 0.00171747 0.00176769 0.0269171 0.070346 0.194647 0.189555 0.159765 0.064822 0.0314167 0.0384472 0.0292271 0.0345202 0.0313363 0.0194345 0.0106764 0.0143323 0.0359363 0.0279516 0.0138201 0.00172751 0
 0 0.0021121 0.0136068 0.0755702 0.200478 0.177729 0.0527432 0.0373336 0.0318909 0.0142505 0.0149659 0.0166563 0.0217959 0.0798694 0.0677717 0.0528807 0.04013 0.0224614 0.0357745 0.0225083 0.00881397 0.00855152 0.00135912 0.000746735 0 0
 0 0 0 0 5.4009e-05 0.00500934 0.000945158 0.0243581 0.138947 0.33067 0.221406 0.137944 0.0707744 0.0437923 0.0131692 0.00525238 0.0047753 0.00276346 9.45158e-05 9.00151e-06 2.25038e-05 9.00151e-06 4.50075e-06 0 0 0
 0.000866109 0.00284123 0.00948549 0.0512746 0.133035 0.25785 0.225252 0.132002 0.0553304 0.0519788 0.0540692 0.017754 0.00435017 0.00159236 0.00146478 0.000404838 0.000125132 0.000115318 0.000107957 0.000100596 0 0 0 0 0 0
 0 0 0 0 0.00144013 0.00171154 0.00461396 0.0210425 0.0478622 0.0707936 0.0888783 0.103762 0.0637923 0.0337046 0.0602308 0.124433 0.169614 0.0934646 0.0462172 0.0250306 0.0313229 0.00938855 0.002487 0.000210481 0 0
 0 0.00764035 0.051015 0.0998891 0.058973 0.0496711 0.0374665 0.0718981 0.12319 0.153886 0.159021 0.0857701 0.0377988 0.023471 0.0147837 0.00900784 0.00315554 0.000888139 0.00291439 0.00214683 0.00393193 0.00274676 0.000635225 9.99891e-05 0 0
 0 0 0 0 0 0 0 0 0 0 0 0 0 0 0 0 0 0 0 0 0 0 0 0 0 0
 0 0 0 0 0 0 0 0 0 0 0 0 0 0 0 0 0 0 0 0 0 0 0 0 0 0
 0 0 0 0 0 0 0 0 0 0 0 0 0 0 0 0 0 0 0 0 0 0 0 0 0 0
 0 0 0 0 0 0 0 0 0 0 0 0 0 0 0 0 0 0 0 0 0 0 0 0 0 0
 0 0 0 0 0 0 0 0 0 0 0 0 0 0 0 0 0 0 0 0 0 0 0 0 0 0
 0 0 0 0 0 0 0 0 0 0 0 0 0 0 0 0 0 0 0 0 0 0 0 0 0 0
ppred_pel_tallas
 1.06898e-16 5.85732e-05 0.000569353 0.00378355 0.0171995 0.053514 0.114018 0.166416 0.166434 0.114104 0.0538043 0.0180389 0.00589434 0.00518943 0.00886918 0.0146659 0.0213493 0.0273347 0.0310483 0.0317796 0.0300788 0.0273084 0.0247227 0.0228138 0.021319 0.019686
 1.07099e-16 2.82644e-05 0.00027474 0.00182575 0.00829961 0.0258235 0.0550216 0.0803167 0.0803696 0.05528 0.0266913 0.010806 0.00811674 0.0140068 0.0261045 0.0431033 0.0620732 0.0780325 0.0859235 0.0834321 0.0723744 0.0574626 0.0434763 0.0330354 0.0262584 0.0218635
 1.16653e-16 1.86855e-05 0.00018163 0.001207 0.00548685 0.0170718 0.0363748 0.0530984 0.0531376 0.036567 0.0177182 0.00735891 0.00592551 0.0105464 0.0198917 0.0333472 0.0491838 0.0642475 0.0752576 0.0806007 0.0810652 0.0788352 0.0756641 0.0718192 0.0664804 0.0589145
 1.08179e-16 6.65288e-05 0.000646684 0.00429744 0.0195355 0.0607824 0.129504 0.189016 0.189023 0.129538 0.0609 0.0198765 0.00515829 0.00254266 0.00371723 0.00617308 0.00920445 0.0122603 0.0148367 0.0167397 0.0181775 0.0195265 0.0209588 0.0222453 0.02288 0.0223938
 1.05462e-16 3.29313e-05 0.000320104 0.00212721 0.00967002 0.0300873 0.0641061 0.0935757 0.0936279 0.0643615 0.0309447 0.0121456 0.00833737 0.0138641 0.0257182 0.0423691 0.0608099 0.0760167 0.0829075 0.0791802 0.0667358 0.0504737 0.0354443 0.0245375 0.0180247 0.0145818
 1.0043e-16 8.01957e-05 0.00077953 0.00518025 0.0235487 0.0732687 0.156107 0.227843 0.227844 0.156114 0.0732937 0.023621 0.00536239 0.00117897 0.00084418 0.00128262 0.00187223 0.00242132 0.00279202 0.00291845 0.00283414 0.00263474 0.00240612 0.00217874 0.00193664 0.00165756
 1.00699e-16 2.55204e-05 0.000248067 0.0016485 0.00749388 0.0233166 0.0496809 0.0725244 0.07259 0.050001 0.0243912 0.0105957 0.00942732 0.0172052 0.0321593 0.0529395 0.0758227 0.0944318 0.102289 0.0964161 0.0791644 0.0567502 0.0357055 0.019957 0.0101876 0.00502855
 1.09087e-16 3.22962e-05 0.000313931 0.00208618 0.0094835 0.0295069 0.0628686 0.0917649 0.091795 0.063016 0.030003 0.0109215 0.0057142 0.00829443 0.0153652 0.0258085 0.038234 0.0502685 0.0594108 0.0643379 0.0654306 0.0640326 0.0611656 0.0568865 0.0507179 0.0425413
 1.02299e-16 7.54819e-05 0.00073371 0.00487576 0.0221645 0.0689621 0.146931 0.214451 0.214456 0.146954 0.0690387 0.022386 0.00543302 0.00195418 0.0024053 0.00388897 0.00567185 0.00729926 0.00836718 0.00870276 0.00845898 0.00798755 0.00758979 0.0073454 0.00712656 0.0067406
 1.01709e-16 3.8638e-05 0.000375575 0.00249583 0.0113457 0.035301 0.0752142 0.109788 0.109837 0.0754537 0.0361046 0.0136656 0.00831436 0.0130619 0.0240866 0.0396393 0.0568183 0.0708634 0.0769551 0.0728813 0.0603944 0.0441065 0.0288383 0.0174504 0.0103864 0.00658448
 1.01054e-16 7.47074e-05 0.000726183 0.00482574 0.0219371 0.0682545 0.145424 0.212251 0.212257 0.145453 0.0683524 0.0222204 0.00553831 0.00228687 0.00305369 0.00496885 0.00723999 0.00928874 0.0105717 0.010824 0.01019 0.00908164 0.00789065 0.00679322 0.00576591 0.00473018
 1.00656e-16 6.32452e-05 0.000614766 0.00408534 0.0185714 0.0577825 0.123113 0.179691 0.179712 0.123217 0.0581313 0.0195783 0.00661099 0.00612206 0.0105043 0.0172176 0.0246841 0.0308048 0.0334883 0.031774 0.0264159 0.0194022 0.0128078 0.0078592 0.00474319 0.00300649
 1.02085e-16 4.30817e-05 0.00041877 0.00278287 0.0126506 0.0393608 0.0838639 0.12241 0.12245 0.0840606 0.0400212 0.0145578 0.00756978 0.0108669 0.0198804 0.0327827 0.0471817 0.0592436 0.0650759 0.0628579 0.0539078 0.0417691 0.030094 0.0209762 0.0146898 0.0104841
 1.02948e-16 6.14554e-05 0.000597369 0.00396972 0.0180458 0.0561473 0.119628 0.174605 0.174622 0.119712 0.0564298 0.0188627 0.00602324 0.00509049 0.00862475 0.0142393 0.0206875 0.026391 0.0297681 0.0300643 0.0277541 0.024132 0.0204502 0.0173053 0.0146397 0.0121485
 1.01793e-16 6.18541e-05 0.000601244 0.00399548 0.0181629 0.0565116 0.120405 0.175739 0.175759 0.120506 0.0568532 0.0191494 0.00647129 0.00600419 0.0103179 0.0169462 0.0243746 0.0305872 0.0335735 0.0324087 0.0278038 0.0216254 0.0157848 0.0113568 0.0084372 0.00656351
 1.00439e-16 7.60496e-05 0.000739229 0.00491244 0.0223312 0.0694808 0.148036 0.216065 0.216071 0.148068 0.0695858 0.0226347 0.00567403 0.00240156 0.00323239 0.00522145 0.00750935 0.00943192 0.0103672 0.0100273 0.00862387 0.00672137 0.00489964 0.00348779 0.00252302 0.00187877
 1.01183e-16 2.63943e-05 0.000256563 0.00170495 0.0077505 0.024115 0.0513819 0.0750066 0.0750695 0.0516893 0.0251467 0.0107288 0.00917512 0.0165451 0.0309055 0.0509047 0.0729829 0.0910508 0.0989182 0.0937283 0.0776974 0.0567034 0.0369001 0.0219546 0.0124761 0.00718159
 1.0251e-16 6.96954e-05 0.000677464 0.00450199 0.0204654 0.0636754 0.135668 0.198012 0.19802 0.135704 0.0637974 0.0208188 0.00539383 0.00264002 0.00384263 0.00636098 0.00943128 0.0124289 0.0147435 0.0160545 0.0164528 0.0162554 0.0156909 0.0147471 0.0132846 0.0112642
 1.0187e-16 5.47642e-05 0.000532327 0.0035375 0.016081 0.0500341 0.106604 0.155598 0.155628 0.106749 0.0505205 0.0174852 0.00706009 0.0082149 0.0146241 0.0240349 0.03449 0.0431069 0.0469922 0.0448254 0.0376642 0.028266 0.0194822 0.0129588 0.00888489 0.00657134
 1.05033e-16 2.69776e-05 0.000262232 0.00174262 0.00792175 0.0246478 0.0525166 0.0766605 0.0767128 0.0527721 0.0255056 0.0104004 0.00796719 0.0138601 0.0258795 0.0428124 0.061832 0.0780833 0.0866014 0.0850444 0.0750255 0.06091 0.0471157 0.0360543 0.0279096 0.0217353
 1.04705e-16 6.46663e-05 0.000628579 0.00417713 0.0189886 0.0590807 0.125878 0.183725 0.183736 0.12593 0.0592543 0.0194913 0.00544454 0.00341382 0.00540858 0.00898102 0.013263 0.0173735 0.0204422 0.0220454 0.0223908 0.0220415 0.0214255 0.0205614 0.0191829 0.0170722
 1.03173e-16 5.17773e-05 0.000503294 0.00334456 0.0152039 0.0473052 0.10079 0.147112 0.147144 0.100944 0.047823 0.0166989 0.00709553 0.00868631 0.0155773 0.0256304 0.0368251 0.046122 0.0504674 0.0484723 0.0412584 0.031727 0.0228515 0.0163075 0.0122265 0.0098315
 1.07839e-16 1.33672e-05 0.000129934 0.000863462 0.00392521 0.0122131 0.0260237 0.0379955 0.0380584 0.0263312 0.0132459 0.00690959 0.00835979 0.0165114 0.0311738 0.0516426 0.0746847 0.0945203 0.105223 0.103995 0.0927519 0.0766551 0.0608782 0.0481691 0.0386332 0.0310929
 1.11758e-16 5.3382e-05 0.000518892 0.00344822 0.0156751 0.0487711 0.103912 0.151665 0.151675 0.103961 0.048935 0.0161524 0.00466076 0.00321419 0.00531435 0.00907363 0.0139385 0.0193608 0.024779 0.0298899 0.0346746 0.0390747 0.0426303 0.0444833 0.0438076 0.0403304
 1.09241e-16 4.28902e-05 0.000416908 0.0027705 0.0125943 0.0391858 0.0834909 0.121865 0.121902 0.0836692 0.0397845 0.0143232 0.00710955 0.00988711 0.0180239 0.0297205 0.0427994 0.0538273 0.0593668 0.0579145 0.0508459 0.0415202 0.0332601 0.0277512 0.0247944 0.0231344
 1.14414e-16 1.24583e-05 0.000121099 0.000804746 0.00365829 0.0113826 0.024254 0.0354112 0.0354679 0.0245308 0.0123126 0.00634706 0.00756355 0.0149075 0.0281881 0.0468256 0.0680247 0.0867406 0.0977978 0.0987686 0.0913137 0.079822 0.0685263 0.0594181 0.0521964 0.0456043
 1.06378e-16 6.94716e-05 0.000675289 0.00448753 0.0203997 0.063471 0.135232 0.197376 0.19738 0.135252 0.0635398 0.0205999 0.00499624 0.00180615 0.00227722 0.00381286 0.00585848 0.00815536 0.0104819 0.0127366 0.0149431 0.017102 0.0190224 0.0203077 0.0205337 0.0194841
 1.03577e-16 4.68033e-05 0.000454945 0.00302327 0.0137434 0.0427609 0.0911081 0.132983 0.133021 0.0912942 0.0433856 0.0155466 0.00754649 0.0103185 0.0187485 0.030841 0.044239 0.0552543 0.0601752 0.0573243 0.0480988 0.0360922 0.0250137 0.0169916 0.0122309 0.00975773
 1.10024e-16 5.85554e-06 5.6918e-05 0.000378243 0.00171948 0.00535029 0.0114018 0.0166549 0.0167203 0.0117214 0.00642397 0.00482324 0.00817886 0.0171179 0.0325014 0.0539648 0.078298 0.099617 0.111858 0.11212 0.102247 0.0872955 0.0722438 0.0596047 0.0493435 0.0403525
 1.37233e-16 1.13381e-05 0.00011021 0.000732388 0.00332934 0.0103589 0.0220711 0.0322159 0.032228 0.0221304 0.0105606 0.00392356 0.0022672 0.00360449 0.00707135 0.0127858 0.0210349 0.0319707 0.0456608 0.0620691 0.0806668 0.0998255 0.116601 0.127415 0.129447 0.121909
pSPR Fmed_Fpbrs
0.485973   0.285403 0.285403
Fs Fmed_Fpbrs
0.506746   1.005 1.005
SSBpbr Bo_Bmed_Bpbrs
1.59234e+06  694218  374842 374842
Ro
99266.2
SPR SPRFo_SPRFmed_SPRFpbrs
706616 343396 201670
Fref
1.005
log_Ro
11.3256
likeval ReclasPelacesDesembMPH_pf_preclas_ppelaces_ptallas_desvR_qrecl_qpela
 46.3878 46.9875 0.41068 0.00219511 252.682 125.371 93.3348 0 62.8574 0 0 0.124481 0 0 0
q_reclas_q_pelaces
1 1
M
1
N
 290677 43720 16083.7 5916.85 3443.47
 89345.6 88377.6 10985.9 4041.5 2352.06
 23166.2 25445.3 19485.3 2422.15 1409.63
 77926 6607.43 5626.76 4308.8 847.327
 12702.9 13445.5 534.707 455.346 417.26
 248356 2739.66 1700.04 67.6079 110.332
 28785.3 62396.7 470.074 291.694 30.531
 9288.2 4675.81 4475.34 33.7156 23.1113
 65363.5 2540.65 950.994 910.223 11.5578
 17020.6 14992.3 363.333 136 131.822
 92676.2 3496.21 1719.53 41.6722 30.7176
 152365 29973.7 994.111 488.93 20.5833
 70709 38478 5196.25 172.339 88.3294
 87007 17916.1 6714.96 906.82 45.4905
 81234.7 16558.8 1763.96 661.134 93.7615
 410329 19650.6 2633.85 280.576 120.074
 91036.6 106991 3631.57 486.755 74.043
 521890 28247.5 28000.7 950.427 146.768
 535178 152817 6583.54 6526.02 255.719
 151920 153112 34000.7 1464.79 1508.89
 550121 44034.6 34967.4 7765 679.122
 548300 169006 11297.4 8971.11 2166.4
 74458.9 164919 41562.7 2778.3 2738.98
 281961 24336.9 47892.2 12069.7 1602.2
 221465 90283.9 6782.72 13347.6 3810.37
 32781.7 71022.2 25239.7 1896.17 4796.67
 377236 10528.2 19913 7076.63 1876.52
 318328 120412 2915.85 5515 2479.62
 20743.9 106052 36328.8 879.72 2412
 14225.5 6995.83 32787.8 11231.7 1017.69
pred_Ctot
 32384.9 9034.16 3323.48 1222.64 711.548
 13023.5 23327.4 2899.76 1066.76 620.83
 3359.26 6684.97 5119.15 636.344 370.337
 27783.7 3657.38 3114.56 2385.03 469.017
 3468.29 6065.82 241.228 205.425 188.243
 51337.8 982.024 609.373 24.2339 39.5481
 10844.1 35939.2 270.753 168.01 17.5852
 1542.41 1386.06 1326.64 9.9944 6.85093
 16161.6 1057.79 395.943 378.968 4.81205
 4979.47 7143.53 173.121 64.8011 62.8105
 7154.24 512.495 252.058 6.10855 4.50276
 31131.7 10638.1 352.826 173.529 7.30534
 14338.6 13568.5 1832.35 60.7721 31.1476
 27985.7 9184.41 3442.32 464.867 23.32
 18191.7 6350.78 676.528 253.563 35.9602
 77677.2 6531.54 875.45 93.2589 39.9106
 9134.88 20064.6 681.052 91.2843 13.8858
 68578.1 6789.31 6729.99 228.436 35.2757
 76762.5 39756.2 1712.74 1697.78 66.5267
 20767 38141.6 8469.89 364.893 375.878
 58191.7 8672.92 6887.06 1529.37 133.758
 64260 36589.7 2445.87 1942.24 469.023
 5300.26 22383.6 5641.08 377.083 371.747
 23363.3 3814.39 7506.27 1891.72 251.118
 18158.7 14010.8 1052.58 2071.35 591.315
 2660.88 10917 3879.66 291.466 737.309
 31924.6 1683.28 3183.74 1131.43 300.023
 19149.6 13915.1 336.963 637.327 286.551
 1099.6 10851.7 3717.32 90.0168 246.807
 1555.73 1421.01 6659.95 2281.41 206.717
F
 0.190595 0.38119 0.38119 0.38119 0.38119
 0.25598 0.511961 0.511961 0.511961 0.511961
 0.254499 0.508998 0.508998 0.508998 0.508998
 0.757116 1.51423 1.51423 1.51423 1.51423
 0.533997 1.06799 1.06799 1.06799 1.06799
 0.38135 0.7627 0.7627 0.7627 0.7627
 0.817464 1.63493 1.63493 1.63493 1.63493
 0.296325 0.592649 0.592649 0.592649 0.592649
 0.472428 0.944856 0.944856 0.944856 0.944856
 0.582743 1.16549 1.16549 1.16549 1.16549
 0.128793 0.257586 0.257586 0.257586 0.257586
 0.376191 0.752382 0.752382 0.752382 0.752382
 0.372874 0.745748 0.745748 0.745748 0.745748
 0.659069 1.31814 1.31814 1.31814 1.31814
 0.419237 0.838474 0.838474 0.838474 0.838474
 0.34422 0.68844 0.68844 0.68844 0.68844
 0.170255 0.34051 0.34051 0.34051 0.34051
 0.228217 0.456434 0.456434 0.456434 0.456434
 0.25143 0.50286 0.50286 0.50286 0.50286
 0.238377 0.476754 0.476754 0.476754 0.476754
 0.180203 0.360406 0.360406 0.360406 0.360406
 0.201366 0.402732 0.402732 0.402732 0.402732
 0.118252 0.236504 0.236504 0.236504 0.236504
 0.138808 0.277616 0.277616 0.277616 0.277616
 0.13727 0.274541 0.274541 0.274541 0.274541
 0.13581 0.27162 0.27162 0.27162 0.27162
 0.141951 0.283901 0.283901 0.283901 0.283901
 0.0991555 0.198311 0.198311 0.198311 0.198311
 0.0869354 0.173871 0.173871 0.173871 0.173871
 0.186802 0.373604 0.373604 0.373604 0.373604
nmprior
 8 8 7 0
nm_flota  nm_reclas  nm_pelaces    nm_pelaL
inf 6.35748 4.13269 5.48883
cv_recla  cv_pelaces  cv_mph
0.630563 0.806596 1.44589
 ------------------------------------------------
Talla a la edad & desviación 
 8 13.2811 15.8009 17.003 17.5766
 0.8 1.32811 1.58009 1.7003 1.75766
