years
 1991 1992 1993 1994 1995 1996 1997 1998 1999 2000 2001 2002 2003 2004 2005 2006 2007 2008 2009 2010 2011 2012 2013 2014 2015 2016 2017 2018 2019 2020
reclasobs
 0 0 0 0 0 0 0 0 0 252601 567819 844713 477998 351125 339783 2.1784e+06 2.13404e+06 4.81314e+06 1.55562e+06 2.62356e+06 3.21686e+06 3.843e+06 1.13348e+06 3.07943e+06 1.97215e+06 2.03268e+06 2.025e+06 2.42433e+06 2.27542e+06 1.05018e+06
reclaspred
 4.0066e+06 1.46663e+06 832163 456991 98073.7 1.67536e+06 583177 185974 499319 191184 325969 628840 561416 402142 307884 1.80587e+06 1.19377e+06 4.26573e+06 3.4107e+06 1.95354e+06 3.81199e+06 3.39645e+06 2.00465e+06 3.67172e+06 2.44594e+06 1.64302e+06 2.55764e+06 3.43714e+06 2.44635e+06 931383
pelacesobs
 0 0 0 0 0 0 0 0 0 0 0 0 0 0 0 552880 188675 0 991730 2.46772e+06 1.41603e+06 1.21717e+06 2.29649e+06 1.80582e+06 0 1.4828e+06 1.56532e+06 1.57751e+06 1.42118e+06 867257
pelacespred
 1.06842e+06 400810 192449 69998.7 15018.5 407424 100297 44166 109750 32858.8 77186.1 122114 118929 82666.1 62739.7 373266 245088 1.08939e+06 852476 451727 896874 804422 478201 1.01223e+06 634282 421259 767899 1.00723e+06 594676 259489
mphobs
 0 0 0 0 0 0 0 0 0 0 0 498337 0 5186 125008 0 168611 109162 213762 579715 649985 157893 87575 83554 0 0 0 0 0 0
mphpred
 797000 377722 101073 83062.7 25685.7 5276.74 156708 35803.9 13866.9 37903.4 9699.12 36604.9 53455.5 36185.4 18715.1 19775.3 206141 120315 447219 302608 238363 354317 364309 216151 373055 261292 159048 241441 437529 228054
desembarqueobs
 494567 514787 250237 358949 120608 361735 552515 73892 212993 205616 52469 317467 293654 387597 252695 516296 358380 742168 942051 627588 828172 859565 418607 520667 417249 300574 407403 355545 319650 289779
desembarquepred
 494526 514696 249678 358734 120530 361553 551814 73866.3 212837 205410 52458.8 317216 293379 387000 252424 515943 358252 741742 940867 626716 827732 858842 418376 520477 417008 300373 407201 355392 319494 289592
Reclutas
 19901.7 12963.8 182076 23057.9 8392.49 282019 13838.4 3558.81 54187 19883.6 53331.9 127095 82142.4 67834.5 46570.9 397319 16999.6 668494 315315 171761 383082 518895 24121.9 283556 174737 48099.1 234272 291544 20329 9817.57
log_desv_Rt
 -1.22751 -1.65615 0.98611 -1.08031 -2.09098 1.42366 -1.59087 -2.94889 -0.225875 -1.22842 -0.241781 0.62662 0.19014 -0.00124411 -0.377338 1.76642 -1.38513 2.28671 1.53526 0.927787 1.72993 2.03339 -1.0352 1.42909 0.944967 -0.34505 1.23817 1.45687 -1.20626 -1.93414
SSB
 2.36434e+06 1.12053e+06 299838 246409 76197.8 15653.7 464882 106214 41136.7 112442 28772.9 108590 158578 107346 55519.3 58664.3 611527 356919 1.3267e+06 897699 707116 1.0511e+06 1.08074e+06 641222 1.10669e+06 775135 471824 716246 1.29795e+06 676532
BT
 2.91775e+06 1.47992e+06 677645 423284 139596 1.26073e+06 717426 171904 445824 261424 222368 543013 537566 592528 395209 1.26796e+06 847854 3.1857e+06 2.85585e+06 1.62019e+06 2.76639e+06 2.63124e+06 1.46593e+06 2.83033e+06 1.85489e+06 1.24714e+06 2.20029e+06 2.67739e+06 1.63977e+06 910972
Ftot
 0.211891 0.578338 0.584607 1.24281 1.77479 0.485106 1.4156 0.674694 0.894875 1.68318 0.352686 0.994374 0.980868 1.71416 1.54904 0.627713 0.515097 0.377908 0.518217 0.588276 0.436169 0.496263 0.361856 0.294727 0.318412 0.330206 0.332859 0.217219 0.227312 0.521503
BD_Bspro_t
 0.966754 0.739593 0.422804 0.398548 0.144725 0.0470308 0.469294 0.150905 0.0933979 0.235956 0.101174 0.385882 0.325041 0.21276 0.118355 0.129371 0.47373 0.341341 0.586804 0.456968 0.361773 0.45383 0.484908 0.398727 0.563392 0.536624 0.481911 0.610267 0.717435 0.570922
BD_Bspro
 4.89031 2.31766 0.620175 0.509665 0.157605 0.0323775 0.961545 0.219689 0.0850856 0.232571 0.0595128 0.224604 0.327998 0.22203 0.114834 0.121339 1.26486 0.738239 2.74409 1.85677 1.46257 2.17405 2.23536 1.32628 2.28903 1.60326 0.975904 1.48146 2.68464 1.39931
BD_Bo
 1.4116 0.668997 0.179014 0.147115 0.0454929 0.00934583 0.277551 0.0634137 0.0245601 0.067132 0.0171785 0.0648323 0.094677 0.0640892 0.033147 0.0350247 0.365104 0.213094 0.792086 0.535959 0.422174 0.627543 0.645241 0.382833 0.660731 0.462784 0.281696 0.427625 0.774924 0.403914
BD_Brms
 8.03429 3.80769 1.01889 0.837328 0.258929 0.0531931 1.57972 0.360928 0.139787 0.382091 0.0977736 0.369002 0.538867 0.364773 0.188661 0.199348 2.07804 1.21285 4.50827 3.05049 2.40286 3.57175 3.67248 2.17895 3.76065 2.634 1.60331 2.43389 4.41059 2.29893
Sel_flota
 0.740269 0.981869 0.999029 0.999949 0.999997
 0.740269 0.981869 0.999029 0.999949 0.999997
 0.740269 0.981869 0.999029 0.999949 0.999997
 0.740269 0.981869 0.999029 0.999949 0.999997
 0.740269 0.981869 0.999029 0.999949 0.999997
 0.740269 0.981869 0.999029 0.999949 0.999997
 0.740269 0.981869 0.999029 0.999949 0.999997
 0.740269 0.981869 0.999029 0.999949 0.999997
 0.740269 0.981869 0.999029 0.999949 0.999997
 0.740269 0.981869 0.999029 0.999949 0.999997
 0.740269 0.981869 0.999029 0.999949 0.999997
 0.740269 0.981869 0.999029 0.999949 0.999997
 0.740269 0.981869 0.999029 0.999949 0.999997
 0.740269 0.981869 0.999029 0.999949 0.999997
 0.740269 0.981869 0.999029 0.999949 0.999997
 0.740269 0.981869 0.999029 0.999949 0.999997
 0.740269 0.981869 0.999029 0.999949 0.999997
 0.740269 0.981869 0.999029 0.999949 0.999997
 0.740269 0.981869 0.999029 0.999949 0.999997
 0.740269 0.981869 0.999029 0.999949 0.999997
 0.740269 0.981869 0.999029 0.999949 0.999997
 0.740269 0.981869 0.999029 0.999949 0.999997
 0.740269 0.981869 0.999029 0.999949 0.999997
 0.740269 0.981869 0.999029 0.999949 0.999997
 0.740269 0.981869 0.999029 0.999949 0.999997
 0.740269 0.981869 0.999029 0.999949 0.999997
 0.740269 0.981869 0.999029 0.999949 0.999997
 0.740269 0.981869 0.999029 0.999949 0.999997
 0.740269 0.981869 0.999029 0.999949 0.999997
 0.740269 0.981869 0.999029 0.999949 0.999997
Sel_reclas
 1 1 1 1 1
 1 1 1 1 1
 1 1 1 1 1
 1 1 1 1 1
 1 1 1 1 1
 1 1 1 1 1
 1 1 1 1 1
 1 1 1 1 1
 1 1 1 1 1
 1 1 1 1 1
 1 1 1 1 1
 1 1 1 1 1
 1 1 1 1 1
 1 1 1 1 1
 1 1 1 1 1
 1 1 1 1 1
 1 1 1 1 1
 1 1 1 1 1
 1 1 1 1 1
 1 1 1 1 1
 1 1 1 1 1
 1 1 1 1 1
 1 1 1 1 1
 1 1 1 1 1
 1 1 1 1 1
 1 1 1 1 1
 1 1 1 1 1
 1 1 1 1 1
 1 1 1 1 1
 1 1 1 1 1
Sel_pelaces
 1 1 1 1 1
 1 1 1 1 1
 1 1 1 1 1
 1 1 1 1 1
 1 1 1 1 1
 1 1 1 1 1
 1 1 1 1 1
 1 1 1 1 1
 1 1 1 1 1
 1 1 1 1 1
 1 1 1 1 1
 1 1 1 1 1
 1 1 1 1 1
 1 1 1 1 1
 1 1 1 1 1
 1 1 1 1 1
 1 1 1 1 1
 1 1 1 1 1
 1 1 1 1 1
 1 1 1 1 1
 1 1 1 1 1
 1 1 1 1 1
 1 1 1 1 1
 1 1 1 1 1
 1 1 1 1 1
 1 1 1 1 1
 1 1 1 1 1
 1 1 1 1 1
 1 1 1 1 1
 1 1 1 1 1
pf_obs 
 0.8446 0.082 0.0669 0.0065 0
 0.8095 0.147 0.0364 0.0071 0
 0.9664 0.0169 0.016 0.0007 0
 0.9276 0.0648 0.0075 0.0001 0
 0.7033 0.2144 0.0806 0.0017 0
 0.9318 0.0425 0.0243 0.0014 0
 0.5671 0.3108 0.0964 0.0239 0.0018
 0.0768 0.2599 0.5324 0.112 0.0189
 0.490249 0.384438 0.106611 0.0170017 0.00170017
 0.7925 0.1577 0.0466 0.003 0.0002
 0.840416 0.127587 0.0312969 0.00059994 9.999e-05
 0.8084 0.0986 0.0794 0.0134 0.0002
 0.7335 0.1905 0.0724 0.0035 0.0001
 0.4001 0.4547 0.1325 0.0127 0
 0.49795 0.308269 0.164784 0.0264974 0.00249975
 0.9179 0.0499 0.0305 0.0017 0
 0.2467 0.6533 0.0926 0.0074 0
 0.9418 0.0223 0.034 0.0019 0
 0.707729 0.231977 0.0356964 0.0245975 0
 0.517169 0.277429 0.184464 0.0207286 0.00020938
 0.811772 0.124168 0.05621 0.00726502 0.000585176
 0.764997 0.148141 0.077277 0.00933861 0.000247198
 0.163321 0.427699 0.378323 0.0303852 0.000271297
 0.753843 0.0900009 0.118128 0.0371064 0.000921714
 0.721811 0.176058 0.0630433 0.0369309 0.00215725
 0.143369 0.312575 0.442814 0.0836902 0.0175525
 0.692698 0.0596174 0.167031 0.0765114 0.00414204
 0.394062 0.376323 0.152708 0.0712218 0.00568511
 0.125707 0.32114 0.495352 0.0537591 0.00404204
 0.23352 0.215282 0.420074 0.123614 0.00750983
pf_pred 
 0.093509 0.203689 0.628377 0.0744241 7.28434e-07
 0.169268 0.102788 0.165977 0.502509 0.0594576
 0.914282 0.0196217 0.00835009 0.0131791 0.0445675
 0.293877 0.663513 0.0099369 0.00413227 0.0285409
 0.461358 0.2159 0.303854 0.0044107 0.0144774
 0.993886 0.0037077 0.000986529 0.00133658 8.29088e-05
 0.13827 0.858025 0.00226734 0.000590173 0.00084819
 0.250333 0.156719 0.590483 0.00150936 0.00095576
 0.948392 0.0170642 0.0073596 0.0270711 0.000112867
 0.615463 0.371402 0.00442498 0.00185792 0.00685273
 0.935558 0.0473393 0.0165393 0.000189945 0.000373146
 0.868018 0.125742 0.00460816 0.00157747 5.36454e-05
 0.732358 0.243498 0.0230323 0.000820854 0.000290118
 0.762813 0.191608 0.0415708 0.00382398 0.000184173
 0.827489 0.14661 0.021074 0.00440396 0.000423768
 0.981094 0.0168366 0.00176791 0.000245381 5.61076e-05
 0.126215 0.862257 0.0102924 0.00105578 0.000179821
 0.953946 0.00779942 0.0377612 0.000440918 5.28696e-05
 0.564665 0.420887 0.00248898 0.0118054 0.000154204
 0.528104 0.305432 0.161061 0.000931608 0.00447112
 0.819546 0.11134 0.0450945 0.0232413 0.000778627
 0.77636 0.193364 0.0188339 0.00746811 0.00397346
 0.105739 0.742643 0.131484 0.0125303 0.00760318
 0.819837 0.0253059 0.129044 0.0223881 0.00342439
 0.582984 0.359978 0.00814866 0.0407474 0.00814207
 0.326364 0.44283 0.199799 0.0044339 0.0265737
 0.840594 0.0638845 0.0632245 0.027962 0.00433472
 0.745681 0.223735 0.0124064 0.0120356 0.00614155
 0.120481 0.702163 0.156388 0.00851108 0.0124573
 0.161517 0.131416 0.566642 0.123838 0.0165869
pobs_RECLAS
 0 0 0 0 0
 0 0 0 0 0
 0 0 0 0 0
 0 0 0 0 0
 0 0 0 0 0
 0 0 0 0 0
 0 0 0 0 0
 0 0 0 0 0
 0 0 0 0 0
 0 0 0 0 0
 0.991045 0.00858322 0.000360255 1.14367e-05 0
 0.934742 0.0480273 0.0164251 0.00080598 0
 0.827803 0.169806 0.00239088 0 0
 0.941827 0.0461693 0.0120037 0 0
 0.791401 0.0380133 0.147996 0.0225897 0
 0.846168 0.0940531 0.0597789 0 0
 0.134021 0.677848 0.182769 0.00536245 0
 0.80878 0.0450904 0.141981 0.00414843 0
 0.846168 0.0940531 0.0597789 0 0
 0.905697 0.0802665 0.012482 0.00150086 5.37128e-05
 0.989698 0.0102097 9.19794e-05 0 0
 0.975433 0.0193895 0.00387452 0.00125025 5.28907e-05
 0.303575 0.632131 0.0575291 0.00676475 0
 0.966965 0.00978017 0.0227588 0.000495775 0
 0.843318 0.132988 0.00938335 0.0141283 0.000182051
 0.564624 0.303363 0.111486 0.0197234 0.00080311
 0.826376 0.0876187 0.0782897 0.00655872 0.00115652
 0.89761 0.0855135 0.0140674 0.00269457 0.000114338
 0.34875 0.467042 0.161289 0.0227151 0.000203297
 0.318654 0.224769 0.449479 0.00709798 0
ppred_RECLAS
 0.122347 0.199942 0.606004 0.0717068 7.01803e-07
 0.218466 0.0983517 0.155891 0.471505 0.0557863
 0.935931 0.0148877 0.00621879 0.00980555 0.0331574
 0.367153 0.595437 0.0087321 0.00362719 0.0250509
 0.555669 0.180627 0.248289 0.00359961 0.0118143
 0.995478 0.00276258 0.000721714 0.000976852 6.05914e-05
 0.184128 0.81244 0.00210063 0.000546147 0.000784868
 0.314563 0.145442 0.537752 0.00137319 0.00086949
 0.962222 0.0126629 0.0053553 0.0196781 8.20391e-05
 0.696204 0.293656 0.00341883 0.0014337 0.00528769
 0.951274 0.0359652 0.0123415 0.0001416 0.000278157
 0.90044 0.0949433 0.00341062 0.00116629 3.966e-05
 0.790072 0.191332 0.0177409 0.000631601 0.000223217
 0.822422 0.144093 0.0305435 0.00280614 0.000135142
 0.872211 0.108969 0.0153161 0.00319689 0.000307599
 0.98597 0.01252 0.00129027 0.000178908 4.0906e-05
 0.162779 0.826375 0.00968428 0.000992431 0.000169022
 0.96571 0.00589475 0.0280292 0.000326969 3.92042e-05
 0.635938 0.352201 0.00204481 0.00968917 0.000126555
 0.603176 0.258526 0.133814 0.000773239 0.00371085
 0.859903 0.0870515 0.0346217 0.0178265 0.00059719
 0.823949 0.152601 0.0145933 0.00578096 0.00307564
 0.137024 0.718853 0.125001 0.0119011 0.00722099
 0.860615 0.0198834 0.0995984 0.0172631 0.00264036
 0.65203 0.30114 0.00669578 0.0334504 0.00668366
 0.39466 0.400391 0.177439 0.00393396 0.0235762
 0.877008 0.0498315 0.0484397 0.0214028 0.00331774
 0.796637 0.179298 0.00976793 0.00946709 0.00483063
 0.15492 0.677081 0.148153 0.00805537 0.0117897
 0.208471 0.126016 0.533445 0.116469 0.015599
pobs_PELACES
 0 0 0 0 0
 0 0 0 0 0
 0 0 0 0 0
 0 0 0 0 0
 0 0 0 0 0
 0 0 0 0 0
 0 0 0 0 0
 0 0 0 0 0
 0 0 0 0 0
 0 0 0 0 0
 0 0 0 0 0
 0 0 0 0 0
 0 0 0 0 0
 0 0 0 0 0
 0 0 0 0 0
 0 0 0 0 0
 0.505614 0.472636 0.0217494 0 0
 0 0 0 0 0
 0.443492 0.261883 0.143347 0.151278 0
 0.227955 0.32914 0.350689 0.0885471 0.00366901
 0.970185 0.0296113 0.000203453 0 0
 0.997202 0.00247181 0.000326279 0 0
 0.445219 0.490057 0.0546422 0.010081 0
 0.90214 0.0892962 0.00764917 0.000914606 0
 0 0 0 0 0
 0.581667 0.319106 0.0959925 0.00289975 0.000334073
 0.762889 0.0836404 0.116647 0.0363945 0.000428098
 0.88444 0.0763242 0.0277011 0.0115352 0
 0.521256 0.241999 0.230069 0.00667565 0
 0.616807 0.101726 0.260614 0.0208532 0
ppred_PELACES
 0.124274 0.199689 0.604511 0.0715256 7.00027e-07
 0.226964 0.0975728 0.15415 0.46616 0.0551534
 0.938822 0.0142536 0.00593425 0.00935524 0.0316344
 0.390566 0.573655 0.00835367 0.00346869 0.0239558
 0.591719 0.166967 0.227216 0.00329233 0.0108055
 0.995654 0.00265824 0.000692551 0.000937242 5.8134e-05
 0.201696 0.794974 0.00203906 0.00052991 0.000761518
 0.326938 0.143247 0.527616 0.00134703 0.000852917
 0.964851 0.0118231 0.00497488 0.0182752 7.61896e-05
 0.723884 0.266988 0.00307885 0.00129047 0.00475932
 0.952584 0.0350161 0.0119918 0.000137573 0.000270247
 0.907347 0.0883797 0.00315701 0.00107924 3.66992e-05
 0.802826 0.179796 0.0165789 0.000590056 0.000208532
 0.841755 0.128641 0.0270048 0.00247973 0.000119419
 0.885487 0.0977748 0.0136227 0.00284209 0.000273455
 0.986651 0.0119171 0.00122377 0.000169655 3.87901e-05
 0.168459 0.8208 0.00959093 0.000982711 0.000167365
 0.966751 0.00572595 0.0271684 0.000316891 3.79956e-05
 0.645472 0.343012 0.00198562 0.00940725 0.000122872
 0.614621 0.251361 0.129673 0.000749176 0.00359534
 0.864152 0.0844918 0.0335208 0.0172574 0.000578119
 0.829669 0.147699 0.0140849 0.00557873 0.00296802
 0.140513 0.716194 0.124283 0.0118315 0.00717872
 0.86358 0.0194885 0.0974577 0.0168905 0.00258337
 0.657824 0.296201 0.00657409 0.0328393 0.00656152
 0.401119 0.396371 0.17533 0.0038868 0.0232935
 0.879963 0.04869 0.0472409 0.020871 0.00323528
 0.799452 0.176842 0.00962231 0.00932534 0.00475828
 0.157342 0.675315 0.147577 0.00802346 0.011743
 0.21584 0.125157 0.528244 0.115315 0.0154444
pobs_pel_tallas
 0 0 0 0 0 0 0 0 0 0 0 0 0 0 0 0 0 0 0 0 0 0 0 0 0 0
 0 0 0 0 0 0 0 0 0 0 0 0 0 0 0 0 0 0 0 0 0 0 0 0 0 0
 0 0 0 0 0 0 0 0 0 0 0 0 0 0 0 0 0 0 0 0 0 0 0 0 0 0
 0 0 0 0 0 0 0 0 0 0 0 0 0 0 0 0 0 0 0 0 0 0 0 0 0 0
 0 0 0 0 0 0 0 0 0 0 0 0 0 0 0 0 0 0 0 0 0 0 0 0 0 0
 0 0 0 0 0 0 0 0 0 0 0 0 0 0 0 0 0 0 0 0 0 0 0 0 0 0
 0 0 0 0 0 0 0 0 0 0 0 0 0 0 0 0 0 0 0 0 0 0 0 0 0 0
 0 0 0 0 0 0 0 0 0 0 0 0 0 0 0 0 0 0 0 0 0 0 0 0 0 0
 0 0 0 0 0 0 0 0 0 0 0 0 0 0 0 0 0 0 0 0 0 0 0 0 0 0
 0 0 0 0 0 0 0 0 0 0 0 0 0 0 0 0 0 0 0 0 0 0 0 0 0 0
 0 0 0 0 0 0 0 0 0 0 0 0 0 0 0 0 0 0 0 0 0 0 0 0 0 0
 0 0 0 0 0 0 0 0 0 0 0 0 0 0 0 0 0 0 0 0 0 0 0 0 0 0
 0.00862536 0 0 0.000197151 0.00414017 0.0128641 0.00837892 0.0270097 0.101434 0.158115 0.152841 0.127902 0.109271 0.109419 0.0830992 0.0579132 0.0238553 0.00714673 0.00463305 0.00128148 0.00103504 0.000492878 0.000147863 0.000147863 4.92878e-05 0
 0 0 0 0 0 0 0 0 0 0 0 0 0 0 0 0 0 0 0 0 0 0 0 0 0 0
 0 0 0 0 0 0 0 0.0054083 0.00873648 0.0413646 0.0450493 0.0745869 0.0622846 0.0627006 0.0613931 0.0827291 0.12552 0.122667 0.0946155 0.0697135 0.0546179 0.0294188 0.0215738 0.0213955 0.0102223 0.00600262
 0 0 0 0 0.00359764 0.0251062 0.0480494 0.140153 0.205849 0.193036 0.1447 0.116669 0.0760912 0.0342217 0.00950174 0.001854 0.000860785 0 0 0 0.000165536 0 0.000143464 0 0 0
 0 0 0 0 0 0 0 0.000145254 0.000435761 0.0275982 0.070085 0.0708112 0.156366 0.174668 0.174014 0.160142 0.0824315 0.0480064 0.0283245 0.00493863 0.00203355 0 0 0 0 0
 0 0 0 0 0 0 0 0 0 0 0 0 0 0 0 0 0 0 0 0 0 0 0 0 0 0
 0 0 1.00437e-05 0.000401748 0.00122533 0.00171747 0.00176769 0.0269171 0.070346 0.194647 0.189555 0.159765 0.064822 0.0314167 0.0384472 0.0292271 0.0345202 0.0313363 0.0194345 0.0106764 0.0143323 0.0359363 0.0279516 0.0138201 0.00172751 0
 0 0.0021121 0.0136068 0.0755702 0.200478 0.177729 0.0527432 0.0373336 0.0318909 0.0142505 0.0149659 0.0166563 0.0217959 0.0798694 0.0677717 0.0528807 0.04013 0.0224614 0.0357745 0.0225083 0.00881397 0.00855152 0.00135912 0.000746735 0 0
 0 0 0 0 5.4009e-05 0.00500934 0.000945158 0.0243581 0.138947 0.33067 0.221406 0.137944 0.0707744 0.0437923 0.0131692 0.00525238 0.0047753 0.00276346 9.45158e-05 9.00151e-06 2.25038e-05 9.00151e-06 4.50075e-06 0 0 0
 0.000866109 0.00284123 0.00948549 0.0512746 0.133035 0.25785 0.225252 0.132002 0.0553304 0.0519788 0.0540692 0.017754 0.00435017 0.00159236 0.00146478 0.000404838 0.000125132 0.000115318 0.000107957 0.000100596 0 0 0 0 0 0
 0 0 0 0 0.00144013 0.00171154 0.00461396 0.0210425 0.0478622 0.0707936 0.0888783 0.103762 0.0637923 0.0337046 0.0602308 0.124433 0.169614 0.0934646 0.0462172 0.0250306 0.0313229 0.00938855 0.002487 0.000210481 0 0
 0 0.00764035 0.051015 0.0998891 0.058973 0.0496711 0.0374665 0.0718981 0.12319 0.153886 0.159021 0.0857701 0.0377988 0.023471 0.0147837 0.00900784 0.00315554 0.000888139 0.00291439 0.00214683 0.00393193 0.00274676 0.000635225 9.99891e-05 0 0
 0 0 0 0 0 0 0 0 0 0 0 0 0 0 0 0 0 0 0 0 0 0 0 0 0 0
 0 0 0 0 0 0 0 0 0 0 0 0 0 0 0 0 0 0 0 0 0 0 0 0 0 0
 0 0 0 0 0 0 0 0 0 0 0 0 0 0 0 0 0 0 0 0 0 0 0 0 0 0
 0 0 0 0 0 0 0 0 0 0 0 0 0 0 0 0 0 0 0 0 0 0 0 0 0 0
 0 0 0 0 0 0 0 0 0 0 0 0 0 0 0 0 0 0 0 0 0 0 0 0 0 0
 0 0 0 0 0 0 0 0 0 0 0 0 0 0 0 0 0 0 0 0 0 0 0 0 0 0
ppred_pel_tallas
 1.2467e-16 1.02363e-05 9.95009e-05 0.000661219 0.00300582 0.00935233 0.0199269 0.029088 0.0291082 0.0200258 0.00968714 0.00398452 0.00316184 0.0057037 0.0110793 0.0194097 0.0305428 0.04379 0.0582696 0.0733021 0.0882747 0.10198 0.112171 0.116086 0.111805 0.0994749
 1.60557e-16 1.86947e-05 0.000181719 0.00120759 0.00548953 0.01708 0.0363911 0.053116 0.0531258 0.0364392 0.0172426 0.00596479 0.00242225 0.00290778 0.00542359 0.0095612 0.0153157 0.0227121 0.0320067 0.0438948 0.0592531 0.078333 0.0998648 0.120777 0.136896 0.144375
 1.06467e-16 7.73296e-05 0.000751671 0.00499512 0.0227071 0.0706502 0.150528 0.2197 0.219701 0.150534 0.070673 0.0227734 0.00516247 0.00112028 0.000787684 0.00120896 0.00180878 0.00244861 0.00306723 0.0036941 0.00445868 0.00552047 0.0069525 0.00865435 0.0103505 0.0116744
 1.0479e-16 3.21706e-05 0.000312709 0.00207807 0.00944662 0.0293922 0.0626253 0.0914151 0.0914702 0.0628949 0.030297 0.0120584 0.00862856 0.0145945 0.0271031 0.0446191 0.063955 0.0797679 0.0866516 0.0821547 0.0683075 0.0503658 0.0337979 0.0218085 0.0148027 0.0114205
 1.08759e-16 4.87391e-05 0.000473762 0.00314831 0.0143118 0.0445294 0.0948752 0.138477 0.138493 0.0949555 0.0448 0.0150974 0.00513538 0.00486136 0.00852713 0.0143983 0.0216146 0.0290024 0.0353266 0.0399034 0.0428089 0.044449 0.0449258 0.0438338 0.0406569 0.0353471
 1.00125e-16 8.20107e-05 0.000797173 0.0052975 0.0240816 0.0749269 0.15964 0.232999 0.232999 0.159641 0.0749312 0.0240938 0.00532817 0.000864273 0.000209894 0.000218402 0.000309582 0.000395598 0.000449032 0.000460151 0.000438197 0.000404199 0.000376831 0.000362206 0.000353877 0.00034037
 1.00445e-16 1.66136e-05 0.00016149 0.00107316 0.00487848 0.0151792 0.0323437 0.0472226 0.047299 0.0327171 0.0164325 0.0084962 0.0101453 0.0199367 0.0374871 0.0617211 0.0883788 0.110021 0.119081 0.112079 0.0917628 0.0654034 0.0406545 0.0221365 0.0106775 0.00469441
 1.15542e-16 2.69294e-05 0.000261764 0.00173951 0.00790758 0.0246035 0.0524209 0.0765129 0.0765275 0.0524925 0.0248463 0.00861885 0.00356221 0.00436383 0.00817687 0.0144086 0.0229153 0.0332921 0.0449517 0.0573097 0.0696259 0.0805594 0.0880062 0.0897079 0.0844115 0.0727505
 1.01993e-16 7.94735e-05 0.00077251 0.0051336 0.0233366 0.0726089 0.154701 0.225791 0.225792 0.154707 0.0726278 0.0233915 0.00527199 0.00107686 0.000664429 0.000991802 0.00146874 0.00195439 0.00237281 0.00271115 0.00302877 0.00341028 0.00389022 0.00440748 0.00482322 0.00498731
 1.01092e-16 5.96254e-05 0.00057958 0.00385152 0.0175084 0.0544754 0.116067 0.169408 0.169434 0.116192 0.0548964 0.0187238 0.00689955 0.00722451 0.0126533 0.0207555 0.0297331 0.0370551 0.0401902 0.037982 0.0313609 0.0227654 0.0147468 0.00882303 0.00522833 0.00338722
 1.00415e-16 7.84631e-05 0.000762689 0.00506834 0.0230399 0.0716858 0.152734 0.222921 0.222924 0.152751 0.0717414 0.0232006 0.0054722 0.00164595 0.00176066 0.00279871 0.00405199 0.00515259 0.00578063 0.0057842 0.00525715 0.00446033 0.00365199 0.00296471 0.00240125 0.00191002
 1.00229e-16 7.4737e-05 0.00072647 0.00482765 0.0219458 0.0682816 0.145481 0.212336 0.212345 0.145523 0.068421 0.0223484 0.00583737 0.00292822 0.004249 0.00688713 0.00986919 0.0123165 0.0133896 0.0127035 0.0105585 0.00774819 0.00510144 0.00310933 0.00184882 0.00114201
 1.00619e-16 6.61278e-05 0.000642786 0.00427154 0.0194178 0.0604161 0.128723 0.187879 0.187897 0.128808 0.0607 0.0202378 0.00632914 0.00513187 0.00858378 0.014065 0.0202043 0.0252994 0.0276596 0.0264999 0.0224049 0.0169379 0.0117226 0.00770672 0.00503156 0.00336376
 1.01082e-16 6.93342e-05 0.000673953 0.00447866 0.0203593 0.0633455 0.134965 0.196988 0.197 0.135025 0.0635492 0.0209478 0.00595642 0.00390187 0.00620533 0.0101632 0.0146664 0.0185089 0.0205062 0.0201017 0.0176814 0.0142878 0.0109773 0.00832843 0.00638693 0.00492625
 1.0075e-16 7.29364e-05 0.000708968 0.00471134 0.0214171 0.0666365 0.141977 0.207221 0.20723 0.142023 0.0667911 0.0218636 0.00583217 0.00315562 0.0047192 0.0076853 0.0110611 0.0139031 0.0153015 0.0148352 0.0128157 0.0100707 0.00744615 0.0054162 0.00402544 0.00308078
 1.00063e-16 8.12691e-05 0.000789965 0.00524959 0.0238639 0.0742494 0.158196 0.230892 0.230893 0.158202 0.0742683 0.0239183 0.00538603 0.00108767 0.000646275 0.000938722 0.00134179 0.00168161 0.00184196 0.00177091 0.00150717 0.0011538 0.000817251 0.000558821 0.000386394 0.000276915
 1.00614e-16 1.38759e-05 0.000134879 0.000896324 0.00407461 0.012678 0.0270148 0.0394454 0.0395244 0.0274004 0.0139723 0.00781069 0.0102659 0.0205602 0.0387215 0.0637727 0.0913492 0.113786 0.123283 0.116245 0.0954919 0.0684924 0.0430982 0.0240353 0.0121399 0.00579291
 1.00824e-16 7.963e-05 0.000774032 0.00514371 0.0233826 0.0727519 0.155006 0.226235 0.226236 0.155008 0.0727618 0.0234117 0.00521876 0.000944282 0.000421718 0.000619845 0.000998021 0.00148861 0.0020728 0.00272801 0.00341079 0.00403699 0.00448173 0.00461773 0.00437689 0.00379334
 1.0111e-16 5.31667e-05 0.0005168 0.00343432 0.0156119 0.0485747 0.103495 0.15106 0.151093 0.103656 0.0491156 0.0171733 0.00734997 0.00905306 0.0162309 0.0266599 0.038192 0.0475945 0.0516183 0.0487805 0.0402788 0.0292454 0.0189517 0.0113349 0.00668154 0.00424461
 1.0449e-16 5.06256e-05 0.000492099 0.00327017 0.0148657 0.046253 0.0985477 0.143838 0.143863 0.0986669 0.0466534 0.0160242 0.00618488 0.00687726 0.0122423 0.0203274 0.0296666 0.0381088 0.0434552 0.0446231 0.0421877 0.0378052 0.0330422 0.0285919 0.0243505 0.020012
 1.02818e-16 7.11791e-05 0.000691886 0.00459783 0.0209011 0.065031 0.138556 0.202228 0.202236 0.138596 0.0651654 0.0212898 0.00557553 0.00283262 0.00415581 0.00680795 0.00991918 0.0127268 0.0145041 0.0149209 0.0142205 0.0130102 0.0118397 0.0109091 0.0100857 0.00912896
 1.01507e-16 6.83388e-05 0.000664277 0.00441436 0.020067 0.0624361 0.133027 0.19416 0.194174 0.133097 0.0626694 0.0207409 0.00610543 0.00435438 0.00707209 0.0115721 0.0166372 0.0208684 0.0228908 0.0220766 0.0189203 0.0147094 0.0107612 0.00781519 0.00592954 0.00476896
 1.06171e-16 1.1574e-05 0.000112503 0.000747628 0.00339865 0.0105748 0.0225333 0.0329026 0.0329716 0.0228708 0.011708 0.00667206 0.00896577 0.0180574 0.0341054 0.0563983 0.0813177 0.102407 0.113063 0.110196 0.0960291 0.0765106 0.0576979 0.0429548 0.0325777 0.025216
 1.04949e-16 7.11319e-05 0.000691428 0.00459478 0.0208872 0.0649879 0.138464 0.202092 0.202094 0.138474 0.0650219 0.0209874 0.00485359 0.00128089 0.00126245 0.00216226 0.00354651 0.00537721 0.00764332 0.010308 0.0132436 0.0161444 0.0185117 0.0197886 0.019595 0.0179176
 1.0467e-16 5.41842e-05 0.00052669 0.00350004 0.0159107 0.0495042 0.105475 0.15395 0.153978 0.105614 0.0499717 0.0172603 0.00688569 0.00791106 0.0140599 0.0231114 0.0331843 0.0415286 0.0454023 0.0435918 0.0371767 0.0288508 0.0213437 0.0161436 0.013257 0.0118081
 1.09493e-16 3.30398e-05 0.000321158 0.00213421 0.00970184 0.0301862 0.0643163 0.0938796 0.093918 0.064504 0.0308169 0.0115257 0.00672122 0.0103639 0.0191915 0.0318978 0.0464641 0.0595053 0.0675485 0.0689305 0.064675 0.057573 0.0502796 0.0439892 0.0384803 0.0330431
 1.04017e-16 7.24814e-05 0.000704545 0.00468195 0.0212835 0.0662208 0.141091 0.205927 0.205932 0.141114 0.0662992 0.021511 0.00525649 0.00197029 0.00251042 0.00412538 0.00614808 0.00818175 0.00987195 0.0110601 0.0118458 0.0124447 0.0129612 0.0132782 0.0131446 0.0123651
 1.02064e-16 6.58498e-05 0.000640084 0.00425358 0.0193362 0.0601621 0.128182 0.18709 0.187107 0.128266 0.0604413 0.0201423 0.00627605 0.00505184 0.00843503 0.0138161 0.0198406 0.0248376 0.0271585 0.0260593 0.0221564 0.0170302 0.0122991 0.00887231 0.00681087 0.00567034
 1.07224e-16 1.29602e-05 0.000125978 0.00083717 0.00380569 0.0118413 0.0252315 0.0368398 0.0369049 0.02555 0.0129108 0.00689568 0.00859704 0.0170776 0.0322412 0.0533685 0.0770793 0.0973402 0.107971 0.106066 0.0936571 0.0762092 0.059241 0.0457488 0.0359235 0.0285246
 1.29455e-16 1.77785e-05 0.000172813 0.0011484 0.00522049 0.0162429 0.0346078 0.0505137 0.0505266 0.0346712 0.0164582 0.00585293 0.00277629 0.00386043 0.00741476 0.0132602 0.021511 0.0321058 0.0448675 0.0595656 0.0756187 0.091552 0.104791 0.112294 0.111835 0.103114
pSPR Fmed_Fpbrs
0.389963   0.225696 0.225696
Fs Fmed_Fpbrs
0.579536   1.005 1.005
SSBpbr Bo_Bmed_Bpbrs
1.67494e+06  569417  294281 294281
Ro
67918.9
SPR SPRFo_SPRFmed_SPRFpbrs
483474 188537 109118
Fref
1.005
log_Ro
10.9461
likeval ReclasPelacesDesembMPH_pf_preclas_ppelaces_ptallas_desvR_qrecl_qpela
 12.8055 60.0731 0.110776 0.000990537 275.825 107.154 87.4269 0 83.0487 1.73538e-05 0 0.0801908 0 0 0
q_reclas_q_pelaces
1.80455 1
M
1
N
 19901.7 33366.8 101316 11989.6 0.117344
 12963.8 6258.54 9969.33 30161.2 3568.58
 182076 3108.19 1304.86 2058.01 6959.24
 23057.9 43452 644.057 267.685 1848.8
 8392.49 3380.4 4717.98 68.4553 224.688
 282019 829.873 217.705 294.734 18.2817
 13838.4 72447.7 189.609 49.3287 70.8928
 3558.81 1785.19 6638.79 16.9579 10.7378
 54187 794.51 338.599 1244.69 5.18932
 19883.6 10277.9 121.398 50.9483 187.913
 53331.9 2104.1 724.211 8.31057 16.3254
 127095 15111.4 547.494 187.305 6.36954
 82142.4 22394.9 2094.07 74.5854 26.3602
 67834.5 14619.4 3144.79 289.15 13.9259
 46570.9 7015.56 999.267 208.723 20.0837
 397319 5442.67 563.931 78.2169 17.884
 16999.6 91841.3 1081.06 110.811 18.8726
 668494 4271.12 20374.9 237.721 28.5035
 315315 185912 1084.18 5138.51 67.1177
 171761 79039.8 41118.3 237.665 1140.6
 383082 40879.1 16319.2 8404.34 281.549
 518895 102040 9799.77 3882.96 2065.87
 24121.9 132202 23060.1 2195.87 1332.36
 283556 6788.62 34091.2 5909.72 903.889
 174737 83866.9 1869.86 9342.72 1866.77
 48099.1 50783.5 22569.3 500.455 2999.25
 234272 13857.4 13508.9 5969.76 925.404
 291544 67361.8 3676.64 3563.76 1818.44
 20329 91321.7 20021.3 1088.71 1593.42
 9817.57 6320.37 26875.1 5869.13 786.081
pred_Ctot
 1849.85 4029.49 12430.9 1472.3 0.0144103
 2954.55 1794.15 2897.1 8771.21 1037.82
 41871.3 898.616 382.409 603.564 2041.06
 9428.89 21288.5 318.82 132.582 915.72
 4294.16 2009.52 2828.17 41.0533 134.751
 55373.7 206.572 54.9638 74.4669 4.61921
 6167.66 38273 101.137 26.3252 37.8344
 920.764 576.439 2171.89 5.55166 3.51544
 17496.8 314.816 135.776 499.431 2.08228
 9863.47 5952.12 70.9152 29.7752 109.822
 7912.79 400.388 139.887 1.60652 3.156
 44392.6 6430.78 235.673 80.6757 2.74356
 28404.3 9444.03 893.303 31.8366 11.2522
 34013.9 8543.81 1853.65 170.512 8.2123
 21969.5 3892.43 559.505 116.923 11.2509
 96914.4 1663.15 174.637 24.2392 5.54242
 3513.68 24004.3 286.53 29.3919 5.00603
 105492 862.5 4175.83 48.759 5.84659
 65509.2 48828.9 288.757 1369.59 17.8899
 39705.5 22963.9 12109.4 70.043 336.161
 68595.2 9319.06 3774.37 1945.28 65.1704
 103892 25875.9 2520.33 999.377 531.725
 3662.1 25720.2 4553.74 433.968 263.323
 35764.6 1103.94 5629.43 976.657 149.386
 23644 14599.6 330.484 1652.59 330.217
 6725.98 9126.22 4117.62 91.3777 547.654
 32996.9 2507.74 2481.83 1097.63 170.156
 27735.8 8321.9 461.461 447.67 228.437
 2017.74 11759.3 2619.07 142.537 208.626
 2050.68 1668.5 7194.3 1572.29 210.593
F
 0.156856 0.208049 0.211685 0.21188 0.21189
 0.428126 0.567852 0.577776 0.578308 0.578336
 0.432767 0.574007 0.58404 0.584577 0.584606
 0.920015 1.22028 1.24161 1.24275 1.24281
 1.31382 1.74261 1.77306 1.7747 1.77478
 0.359109 0.47631 0.484635 0.485081 0.485105
 1.04793 1.38994 1.41423 1.41553 1.4156
 0.499456 0.662461 0.674039 0.67466 0.674693
 0.662448 0.878649 0.894006 0.894829 0.894872
 1.24601 1.65266 1.68155 1.6831 1.68318
 0.261082 0.346291 0.352343 0.352667 0.352685
 0.736104 0.976344 0.993408 0.994323 0.994371
 0.726107 0.963084 0.979916 0.980818 0.980866
 1.26894 1.68308 1.7125 1.71407 1.71416
 1.14671 1.52095 1.54754 1.54896 1.54904
 0.464677 0.616332 0.627104 0.627681 0.627711
 0.38131 0.505758 0.514597 0.515071 0.515096
 0.279754 0.371056 0.377541 0.377889 0.377907
 0.38362 0.508821 0.517714 0.51819 0.518215
 0.435482 0.577609 0.587704 0.588246 0.588274
 0.322882 0.42826 0.435745 0.436146 0.436167
 0.367368 0.487265 0.495781 0.496237 0.496261
 0.267871 0.355295 0.361505 0.361838 0.361855
 0.218178 0.289383 0.294441 0.294712 0.294727
 0.235711 0.312639 0.318103 0.318396 0.318411
 0.244442 0.324219 0.329886 0.330189 0.330205
 0.246405 0.326823 0.332535 0.332842 0.332858
 0.160801 0.21328 0.217008 0.217208 0.217218
 0.168272 0.22319 0.227091 0.2273 0.227311
 0.386053 0.512048 0.520997 0.521477 0.521502
nmprior
 8 8 7 0
nm_flota  nm_reclas  nm_pelaces    nm_pelaL
inf 10.7304 5.59947 7.90271
cv_recla  cv_pelaces  cv_mph
0.331303 0.91202 0.971272
 ------------------------------------------------
Talla a la edad & desviación 
 8 13.2811 15.8009 17.003 17.5766
 0.8 1.32811 1.58009 1.7003 1.75766
