    unsorted:	 2.277135407e-06 5.341622947e-05 9.863435047e-05 0.001099990017 12.85558231 11.03004857 13.72100559 10.03105021 61.93215621 81.25854071 162.1982703 180.5515716 202.6984795 215.4074987 394.9201458 473.1749539 513.6464446 875.3259793 877.1874172 754.8938081 793.3135275 691.9482940 917.2670161 962.1196718 1056.154861 1122.703309 1180.153560 1306.052674 1521.304403 1581.504312 1804.856125 1993.341595 2051.539844 2069.698008 2145.832218 2213.678923 2352.438081 2549.133575 2951.407945 3039.904073 3174.603835 3683.167821 10948.35072 41173.90390 163483.2894 213054.7244 354903.6676 340642.3451 328187.7840 368540.7541 380561.1763 390863.4363 291741.8954 407158.9739 443721.8466 476778.7572 520831.9279 653146.5155 717344.0140 737546.3044 768293.5088 811639.7301 1080681.247 1218381.713 1308363.057 1426373.049 1552371.806 1837628.324 1969986.308 2101038.504 2634692.870 2603206.913 2839760.068 3064444.892 3402704.603
      sorted:	 2.277135407e-06 5.341622947e-05 9.863435047e-05 0.001099990017 10.03105021 11.03004857 12.85558231 13.72100559 61.93215621 81.25854071 162.1982703 180.5515716 202.6984795 215.4074987 394.9201458 473.1749539 513.6464446 691.9482940 754.8938081 793.3135275 875.3259793 877.1874172 917.2670161 962.1196718 1056.154861 1122.703309 1180.153560 1306.052674 1521.304403 1581.504312 1804.856125 1993.341595 2051.539844 2069.698008 2145.832218 2213.678923 2352.438081 2549.133575 2951.407945 3039.904073 3174.603835 3683.167821 10948.35072 41173.90390 163483.2894 213054.7244 291741.8954 328187.7840 340642.3451 354903.6676 368540.7541 380561.1763 390863.4363 407158.9739 443721.8466 476778.7572 520831.9279 653146.5155 717344.0140 737546.3044 768293.5088 811639.7301 1080681.247 1218381.713 1308363.057 1426373.049 1552371.806 1837628.324 1969986.308 2101038.504 2603206.913 2634692.870 2839760.068 3064444.892 3402704.603
