years
 1991 1992 1993 1994 1995 1996 1997 1998 1999 2000 2001 2002 2003 2004 2005 2006 2007 2008 2009 2010 2011 2012 2013 2014 2015 2016 2017 2018 2019 2020
reclasobs
 0 0 0 0 0 0 0 0 0 252601 567819 844713 477998 351125 339783 2.1784e+06 2.13404e+06 4.81314e+06 1.55562e+06 2.62356e+06 3.21686e+06 3.843e+06 1.13348e+06 3.07943e+06 1.97215e+06 2.03268e+06 2.025e+06 2.42433e+06 2.27542e+06 1.05018e+06
reclaspred
 5.61801e+06 1.52618e+06 1.02776e+06 751966 124201 3.27389e+06 1.12609e+06 299557 992416 228323 347383 884015 708155 561506 378484 2.00541e+06 767378 5.0901e+06 2.22325e+06 2.22407e+06 2.73818e+06 3.41258e+06 1.5714e+06 3.08237e+06 2.42631e+06 1.4669e+06 2.08403e+06 3.96892e+06 2.63676e+06 613493
pelacesobs
 0 0 0 0 0 0 0 0 0 0 0 0 0 0 0 552880 188675 0 991730 2.46772e+06 1.41603e+06 1.21717e+06 2.29649e+06 1.80582e+06 0 1.4828e+06 1.56532e+06 1.57751e+06 1.42118e+06 867257
pelacespred
 4.18389e+06 1.03172e+06 556013 313639 42330.7 2.3214e+06 547966 194001 634721 89569.7 220474 458143 387550 299683 189061 1.08397e+06 337676 3.57585e+06 1.2237e+06 1.12524e+06 1.54346e+06 1.94726e+06 858992 2.24695e+06 1.52092e+06 887208 1.61952e+06 3.17754e+06 1.67898e+06 364729
mphobs
 0 0 0 0 0 0 0 0 0 0 0 498337 0 5186 125008 0 168611 109162 213762 579715 649985 157893 87575 83554 0 0 0 0 0 0
mphpred
 1.63303e+06 651246 107590 137360 54146 7314 438912 91903.6 28838.4 98405.5 10855.4 46588.7 88213.6 48629.9 26601.8 24689.5 244824 68386.8 626668 171938 305896 256319 438220 179761 371718 339458 158102 232443 676996 274030
desembarqueobs
 494567 514787 250237 358949 120608 361735 552515 73892 212993 205616 52469 317467 293654 387597 252695 516296 358380 742168 942051 627588 828172 859565 418607 520667 417249 300574 407403 355545 319650 289779
desembarquepred
 494493 514326 250030 358385 120476 361516 551746 73857.6 212807 205351 52446.2 317078 293206 386757 252289 515650 357950 741430 940053 626452 827322 858278 418081 520216 416702 300213 406951 355218 319216 289087
Reclutas
 8725.02 5369.37 174234 51858.7 5725.48 288082 7102.37 1929.41 57044.4 8121.79 34254.6 120731 71309.5 68753.1 41024.1 271953 8116.47 501371 106005 256574 174136 458216 12153 162957 168122 23273.4 126305 217374 14554.6 5378.86
log_desv_Rt
 -1.6844 -2.16988 1.3098 0.0979286 -2.10567 1.81265 -1.89017 -3.19338 0.193234 -1.75604 -0.316774 0.942973 0.416435 0.379928 -0.136434 1.75503 -1.7567 2.36675 0.812894 1.69682 1.30924 2.27675 -1.35302 1.24289 1.27409 -0.703284 0.988108 1.53102 -1.17269 -2.16812
SSB
 1.76035e+06 702020 115978 148069 58367.4 7884.23 473132 99068.8 31086.7 106078 11701.7 50220.9 95091 52421.3 28675.8 26614.4 263911 73718.5 675525 185343 329745 276303 472385 193775 400698 365923 170429 250565 729777 295394
BT
 2.1866e+06 986791 439163 384399 115241 1.27765e+06 714260 150152 453374 216920 135256 449088 421165 524845 324920 853553 419688 2.15224e+06 1.37991e+06 955737 1.31895e+06 1.53032e+06 697495 1.42941e+06 995038 620169 1.10045e+06 1.66164e+06 957538 459071
Ftot
 0.295099 1.02869 1.02625 1.57715 2.42276 0.539039 1.4105 0.803548 0.977267 2.31782 0.702276 1.49169 1.55259 2.49511 2.48208 1.17542 1.38305 0.690582 1.37423 1.18687 1.15735 1.06978 0.854007 0.743317 0.6803 0.702895 0.84464 0.408944 0.405962 1.38604
BD_Bspro_t
 0.953881 0.632909 0.231771 0.287143 0.106336 0.0215273 0.458736 0.140132 0.0726729 0.220113 0.0454439 0.24176 0.227648 0.118955 0.0653069 0.0637902 0.278547 0.101077 0.406558 0.158093 0.209567 0.184366 0.283368 0.15607 0.306768 0.336709 0.236799 0.348922 0.580635 0.357779
BD_Bspro
 5.25926 2.09737 0.346499 0.442376 0.17438 0.0235551 1.41354 0.29598 0.0928754 0.31692 0.0349602 0.150041 0.284096 0.156615 0.0856725 0.0795138 0.788467 0.220243 2.01822 0.553734 0.985154 0.82549 1.41131 0.578928 1.19714 1.09324 0.509176 0.748595 2.1803 0.882528
BD_Bo
 1.17508 0.468616 0.0774183 0.0988401 0.0389617 0.00526292 0.315827 0.0661309 0.0207512 0.0708094 0.00781116 0.0335237 0.0634757 0.0349925 0.0191418 0.0177658 0.176167 0.0492089 0.45093 0.123721 0.220113 0.184439 0.315329 0.12935 0.267476 0.244263 0.113765 0.167259 0.487144 0.197183
BD_Brms
 6.05996 2.41669 0.399252 0.509726 0.200929 0.0271413 1.62875 0.341042 0.107015 0.36517 0.0402828 0.172884 0.327349 0.180459 0.0987158 0.0916195 0.908508 0.253774 2.32548 0.638038 1.13514 0.951167 1.62618 0.667068 1.3794 1.25968 0.586697 0.862566 2.51224 1.01689
Sel_flota
 0.656327 1 1 1 1
 0.656327 1 1 1 1
 0.656327 1 1 1 1
 0.656327 1 1 1 1
 0.656327 1 1 1 1
 0.656327 1 1 1 1
 0.656327 1 1 1 1
 0.656327 1 1 1 1
 0.656327 1 1 1 1
 0.656327 1 1 1 1
 0.656327 1 1 1 1
 0.656327 1 1 1 1
 0.656327 1 1 1 1
 0.656327 1 1 1 1
 0.656327 1 1 1 1
 0.656327 1 1 1 1
 0.656327 1 1 1 1
 0.656327 1 1 1 1
 0.656327 1 1 1 1
 0.656327 1 1 1 1
 0.656327 1 1 1 1
 0.656327 1 1 1 1
 0.656327 1 1 1 1
 0.656327 1 1 1 1
 0.656327 1 1 1 1
 0.656327 1 1 1 1
 0.656327 1 1 1 1
 0.656327 1 1 1 1
 0.656327 1 1 1 1
 0.656327 1 1 1 1
Sel_reclas
 0.97072 1 1 1 1
 0.97072 1 1 1 1
 0.97072 1 1 1 1
 0.97072 1 1 1 1
 0.97072 1 1 1 1
 0.97072 1 1 1 1
 0.97072 1 1 1 1
 0.97072 1 1 1 1
 0.97072 1 1 1 1
 0.97072 1 1 1 1
 0.97072 1 1 1 1
 0.97072 1 1 1 1
 0.97072 1 1 1 1
 0.97072 1 1 1 1
 0.97072 1 1 1 1
 0.97072 1 1 1 1
 0.97072 1 1 1 1
 0.97072 1 1 1 1
 0.97072 1 1 1 1
 0.97072 1 1 1 1
 0.97072 1 1 1 1
 0.97072 1 1 1 1
 0.97072 1 1 1 1
 0.97072 1 1 1 1
 0.97072 1 1 1 1
 0.97072 1 1 1 1
 0.97072 1 1 1 1
 0.97072 1 1 1 1
 0.97072 1 1 1 1
 0.97072 1 1 1 1
Sel_pelaces
 0.998917 1 1 1 1
 0.998917 1 1 1 1
 0.998917 1 1 1 1
 0.998917 1 1 1 1
 0.998917 1 1 1 1
 0.998917 1 1 1 1
 0.998917 1 1 1 1
 0.998917 1 1 1 1
 0.998917 1 1 1 1
 0.998917 1 1 1 1
 0.998917 1 1 1 1
 0.998917 1 1 1 1
 0.998917 1 1 1 1
 0.998917 1 1 1 1
 0.998917 1 1 1 1
 0.998917 1 1 1 1
 0.998917 1 1 1 1
 0.998917 1 1 1 1
 0.998917 1 1 1 1
 0.998917 1 1 1 1
 0.998917 1 1 1 1
 0.998917 1 1 1 1
 0.998917 1 1 1 1
 0.998917 1 1 1 1
 0.998917 1 1 1 1
 0.998917 1 1 1 1
 0.998917 1 1 1 1
 0.998917 1 1 1 1
 0.998917 1 1 1 1
 0.998917 1 1 1 1
pf_obs 
 0.8446 0.082 0.0669 0.0065 0
 0.8095 0.147 0.0364 0.0071 0
 0.9664 0.0169 0.016 0.0007 0
 0.9276 0.0648 0.0075 0.0001 0
 0.7033 0.2144 0.0806 0.0017 0
 0.9318 0.0425 0.0243 0.0014 0
 0.5671 0.3108 0.0964 0.0239 0.0018
 0.0768 0.2599 0.5324 0.112 0.0189
 0.490249 0.384438 0.106611 0.0170017 0.00170017
 0.7925 0.1577 0.0466 0.003 0.0002
 0.840416 0.127587 0.0312969 0.00059994 9.999e-05
 0.8084 0.0986 0.0794 0.0134 0.0002
 0.7335 0.1905 0.0724 0.0035 0.0001
 0.4001 0.4547 0.1325 0.0127 0
 0.49795 0.308269 0.164784 0.0264974 0.00249975
 0.9179 0.0499 0.0305 0.0017 0
 0.2467 0.6533 0.0926 0.0074 0
 0.9418 0.0223 0.034 0.0019 0
 0.707729 0.231977 0.0356964 0.0245975 0
 0.517169 0.277429 0.184464 0.0207286 0.00020938
 0.811772 0.124168 0.05621 0.00726502 0.000585176
 0.764997 0.148141 0.077277 0.00933861 0.000247198
 0.163321 0.427699 0.378323 0.0303852 0.000271297
 0.753843 0.0900009 0.118128 0.0371064 0.000921714
 0.721811 0.176058 0.0630433 0.0369309 0.00215725
 0.143369 0.312575 0.442814 0.0836902 0.0175525
 0.692698 0.0596174 0.167031 0.0765114 0.00414204
 0.394062 0.376323 0.152708 0.0712218 0.00568511
 0.125707 0.32114 0.495352 0.0537591 0.00404204
 0.23352 0.215282 0.420074 0.123614 0.00750983
pf_pred 
 0.0530906 0.169071 0.684256 0.0935824 8.05466e-07
 0.111666 0.0739431 0.145409 0.588495 0.0804864
 0.96153 0.00746266 0.00258101 0.00507556 0.023351
 0.548602 0.442153 0.00179341 0.000620263 0.00683142
 0.337715 0.481948 0.176644 0.000716482 0.00297701
 0.996401 0.00210804 0.00108502 0.000397681 8.31522e-06
 0.0684202 0.929614 0.00115151 0.000592686 0.000221774
 0.153506 0.113396 0.731551 0.000906169 0.000640931
 0.961461 0.00954168 0.00388445 0.0250598 5.2997e-05
 0.372324 0.614647 0.0032258 0.00131323 0.00848999
 0.958638 0.025431 0.0156 8.18722e-05 0.00024881
 0.920087 0.0780135 0.00116767 0.000716279 1.51834e-05
 0.762226 0.228544 0.00901064 0.000134868 8.44848e-05
 0.841046 0.139095 0.0190883 0.00075258 1.83206e-05
 0.866789 0.124873 0.0072958 0.00100122 4.04353e-05
 0.985019 0.0142066 0.000725742 4.2402e-05 6.05393e-06
 0.118116 0.875178 0.00635948 0.000324873 2.16909e-05
 0.984922 0.00329921 0.0116889 8.49376e-05 4.62873e-06
 0.407938 0.586978 0.00111235 0.00394098 3.01977e-05
 0.878403 0.0717156 0.0494536 9.37163e-05 0.000334576
 0.739017 0.244013 0.0100087 0.00690179 5.97729e-05
 0.90643 0.0793826 0.013265 0.000544093 0.000378444
 0.0916345 0.862334 0.0390517 0.00652564 0.000453836
 0.878039 0.0190604 0.0976858 0.00442381 0.000790641
 0.752282 0.229873 0.0027889 0.0142933 0.000762973
 0.262507 0.621451 0.107683 0.00130645 0.00705306
 0.868509 0.0508693 0.0679365 0.0117718 0.000913855
 0.839138 0.148584 0.00475003 0.00634371 0.00118455
 0.128864 0.780933 0.0833185 0.00266358 0.00422147
 0.165797 0.164345 0.600497 0.0640676 0.00529425
pobs_RECLAS
 0 0 0 0 0
 0 0 0 0 0
 0 0 0 0 0
 0 0 0 0 0
 0 0 0 0 0
 0 0 0 0 0
 0 0 0 0 0
 0 0 0 0 0
 0 0 0 0 0
 0 0 0 0 0
 0.991045 0.00858322 0.000360255 1.14367e-05 0
 0.934742 0.0480273 0.0164251 0.00080598 0
 0.827803 0.169806 0.00239088 0 0
 0.941827 0.0461693 0.0120037 0 0
 0.791401 0.0380133 0.147996 0.0225897 0
 0.846168 0.0940531 0.0597789 0 0
 0.134021 0.677848 0.182769 0.00536245 0
 0.80878 0.0450904 0.141981 0.00414843 0
 0.846168 0.0940531 0.0597789 0 0
 0.905697 0.0802665 0.012482 0.00150086 5.37128e-05
 0.989698 0.0102097 9.19794e-05 0 0
 0.975433 0.0193895 0.00387452 0.00125025 5.28907e-05
 0.303575 0.632131 0.0575291 0.00676475 0
 0.966965 0.00978017 0.0227588 0.000495775 0
 0.843318 0.132988 0.00938335 0.0141283 0.000182051
 0.564624 0.303363 0.111486 0.0197234 0.00080311
 0.826376 0.0876187 0.0782897 0.00655872 0.00115652
 0.89761 0.0855135 0.0140674 0.00269457 0.000114338
 0.34875 0.467042 0.161289 0.0227151 0.000203297
 0.318654 0.224769 0.449479 0.00709798 0
ppred_RECLAS
 0.0773029 0.164748 0.666759 0.0911895 7.8487e-07
 0.16372 0.0696102 0.136889 0.554011 0.0757701
 0.97495 0.00485939 0.00168065 0.00330501 0.0152053
 0.664247 0.328876 0.00133395 0.000461355 0.00508125
 0.475088 0.381981 0.140004 0.000567868 0.00235951
 0.997616 0.00139656 0.000718817 0.000263461 5.50877e-06
 0.105412 0.8927 0.00110578 0.000569151 0.000212967
 0.217665 0.104801 0.676104 0.000837487 0.000592353
 0.97482 0.00623409 0.00253792 0.0163729 3.46258e-05
 0.509929 0.479899 0.00251861 0.00102534 0.00662875
 0.972484 0.016918 0.0103779 5.44655e-05 0.000165521
 0.948983 0.0498048 0.000745457 0.000457282 9.69327e-06
 0.838888 0.154857 0.00610545 9.13839e-05 5.72454e-05
 0.904484 0.0835823 0.0114702 0.000452227 1.10089e-05
 0.92081 0.0742334 0.00433714 0.000595196 2.40376e-05
 0.990432 0.00907349 0.000463518 2.70814e-05 3.86653e-06
 0.17654 0.817198 0.00593817 0.000303351 2.02539e-05
 0.990054 0.0021763 0.00771052 5.60285e-05 3.05331e-06
 0.524279 0.471636 0.000893768 0.00316657 2.42639e-05
 0.919242 0.0476293 0.0328441 6.22408e-05 0.000222206
 0.816576 0.171497 0.00703429 0.0048507 4.20095e-05
 0.93801 0.0525912 0.00878812 0.000360463 0.00025072
 0.134399 0.821737 0.0372133 0.00621843 0.00043247
 0.916701 0.0130182 0.0667191 0.00302145 0.000540005
 0.822223 0.16497 0.00200148 0.0102577 0.000547554
 0.351828 0.546184 0.0946411 0.00114822 0.00619883
 0.910395 0.0346651 0.0462956 0.00802197 0.000622751
 0.886797 0.104563 0.00334272 0.00446424 0.000833601
 0.181744 0.733528 0.0782608 0.00250189 0.00396522
 0.241396 0.149451 0.546077 0.0582615 0.00481446
pobs_PELACES
 0 0 0 0 0
 0 0 0 0 0
 0 0 0 0 0
 0 0 0 0 0
 0 0 0 0 0
 0 0 0 0 0
 0 0 0 0 0
 0 0 0 0 0
 0 0 0 0 0
 0 0 0 0 0
 0 0 0 0 0
 0 0 0 0 0
 0 0 0 0 0
 0 0 0 0 0
 0 0 0 0 0
 0 0 0 0 0
 0.505614 0.472636 0.0217494 0 0
 0 0 0 0 0
 0.443492 0.261883 0.143347 0.151278 0
 0.227955 0.32914 0.350689 0.0885471 0.00366901
 0.970185 0.0296113 0.000203453 0 0
 0.997202 0.00247181 0.000326279 0 0
 0.445219 0.490057 0.0546422 0.010081 0
 0.90214 0.0892962 0.00764917 0.000914606 0
 0 0 0 0 0
 0.581667 0.319106 0.0959925 0.00289975 0.000334073
 0.762889 0.0836404 0.116647 0.0363945 0.000428098
 0.88444 0.0763242 0.0277011 0.0115352 0
 0.521256 0.241999 0.230069 0.00667565 0
 0.616807 0.101726 0.260614 0.0208532 0
ppred_PELACES
 0.0818502 0.163936 0.663473 0.0907401 7.81002e-07
 0.184597 0.0678724 0.133471 0.54018 0.0738785
 0.978258 0.00421765 0.0014587 0.00286854 0.0131972
 0.708845 0.285192 0.00115676 0.000400074 0.00440632
 0.550743 0.326927 0.119825 0.000486022 0.00201944
 0.99782 0.00127692 0.000657237 0.000240891 5.03685e-06
 0.124566 0.873587 0.00108211 0.000556965 0.000208407
 0.238747 0.101977 0.657885 0.000814919 0.00057639
 0.978026 0.00544038 0.0022148 0.0142884 3.02173e-05
 0.582056 0.409268 0.00214793 0.000874429 0.00565314
 0.975238 0.0152248 0.00933928 4.90145e-05 0.000148956
 0.957752 0.0412438 0.00061732 0.000378679 8.02709e-06
 0.864678 0.13007 0.00512816 7.67561e-05 4.80822e-05
 0.928221 0.062811 0.00861969 0.000339842 8.27301e-06
 0.940673 0.0556135 0.00324926 0.000445903 1.80083e-05
 0.991851 0.007728 0.000394784 2.30655e-05 3.29317e-06
 0.205139 0.788817 0.00573194 0.000292815 1.95505e-05
 0.991054 0.00195753 0.00693542 5.03963e-05 2.74638e-06
 0.569958 0.42635 0.000807949 0.00286252 2.1934e-05
 0.930561 0.0409539 0.0282409 5.35176e-05 0.000191063
 0.839325 0.150228 0.0061619 0.00424911 3.67994e-05
 0.946177 0.0456617 0.00763019 0.000312968 0.000217685
 0.149678 0.807232 0.0365564 0.00610866 0.000424836
 0.924929 0.0117324 0.0601291 0.00272301 0.000486667
 0.837163 0.151107 0.00183328 0.00939568 0.000501539
 0.376915 0.525044 0.0909781 0.00110378 0.00595891
 0.92004 0.0309337 0.0413123 0.00715848 0.000555717
 0.894111 0.0978063 0.00312673 0.00417578 0.000779738
 0.193114 0.723335 0.0771734 0.00246713 0.00391012
 0.277035 0.14243 0.520422 0.0555244 0.00458827
pobs_pel_tallas
 0 0 0 0 0 0 0 0 0 0 0 0 0 0 0 0 0 0 0 0 0 0 0 0 0 0
 0 0 0 0 0 0 0 0 0 0 0 0 0 0 0 0 0 0 0 0 0 0 0 0 0 0
 0 0 0 0 0 0 0 0 0 0 0 0 0 0 0 0 0 0 0 0 0 0 0 0 0 0
 0 0 0 0 0 0 0 0 0 0 0 0 0 0 0 0 0 0 0 0 0 0 0 0 0 0
 0 0 0 0 0 0 0 0 0 0 0 0 0 0 0 0 0 0 0 0 0 0 0 0 0 0
 0 0 0 0 0 0 0 0 0 0 0 0 0 0 0 0 0 0 0 0 0 0 0 0 0 0
 0 0 0 0 0 0 0 0 0 0 0 0 0 0 0 0 0 0 0 0 0 0 0 0 0 0
 0 0 0 0 0 0 0 0 0 0 0 0 0 0 0 0 0 0 0 0 0 0 0 0 0 0
 0 0 0 0 0 0 0 0 0 0 0 0 0 0 0 0 0 0 0 0 0 0 0 0 0 0
 0 0 0 0 0 0 0 0 0 0 0 0 0 0 0 0 0 0 0 0 0 0 0 0 0 0
 0 0 0 0 0 0 0 0 0 0 0 0 0 0 0 0 0 0 0 0 0 0 0 0 0 0
 0 0 0 0 0 0 0 0 0 0 0 0 0 0 0 0 0 0 0 0 0 0 0 0 0 0
 0.00862536 0 0 0.000197151 0.00414017 0.0128641 0.00837892 0.0270097 0.101434 0.158115 0.152841 0.127902 0.109271 0.109419 0.0830992 0.0579132 0.0238553 0.00714673 0.00463305 0.00128148 0.00103504 0.000492878 0.000147863 0.000147863 4.92878e-05 0
 0 0 0 0 0 0 0 0 0 0 0 0 0 0 0 0 0 0 0 0 0 0 0 0 0 0
 0 0 0 0 0 0 0 0.0054083 0.00873648 0.0413646 0.0450493 0.0745869 0.0622846 0.0627006 0.0613931 0.0827291 0.12552 0.122667 0.0946155 0.0697135 0.0546179 0.0294188 0.0215738 0.0213955 0.0102223 0.00600262
 0 0 0 0 0.00359764 0.0251062 0.0480494 0.140153 0.205849 0.193036 0.1447 0.116669 0.0760912 0.0342217 0.00950174 0.001854 0.000860785 0 0 0 0.000165536 0 0.000143464 0 0 0
 0 0 0 0 0 0 0 0.000145254 0.000435761 0.0275982 0.070085 0.0708112 0.156366 0.174668 0.174014 0.160142 0.0824315 0.0480064 0.0283245 0.00493863 0.00203355 0 0 0 0 0
 0 0 0 0 0 0 0 0 0 0 0 0 0 0 0 0 0 0 0 0 0 0 0 0 0 0
 0 0 1.00437e-05 0.000401748 0.00122533 0.00171747 0.00176769 0.0269171 0.070346 0.194647 0.189555 0.159765 0.064822 0.0314167 0.0384472 0.0292271 0.0345202 0.0313363 0.0194345 0.0106764 0.0143323 0.0359363 0.0279516 0.0138201 0.00172751 0
 0 0.0021121 0.0136068 0.0755702 0.200478 0.177729 0.0527432 0.0373336 0.0318909 0.0142505 0.0149659 0.0166563 0.0217959 0.0798694 0.0677717 0.0528807 0.04013 0.0224614 0.0357745 0.0225083 0.00881397 0.00855152 0.00135912 0.000746735 0 0
 0 0 0 0 5.4009e-05 0.00500934 0.000945158 0.0243581 0.138947 0.33067 0.221406 0.137944 0.0707744 0.0437923 0.0131692 0.00525238 0.0047753 0.00276346 9.45158e-05 9.00151e-06 2.25038e-05 9.00151e-06 4.50075e-06 0 0 0
 0.000866109 0.00284123 0.00948549 0.0512746 0.133035 0.25785 0.225252 0.132002 0.0553304 0.0519788 0.0540692 0.017754 0.00435017 0.00159236 0.00146478 0.000404838 0.000125132 0.000115318 0.000107957 0.000100596 0 0 0 0 0 0
 0 0 0 0 0.00144013 0.00171154 0.00461396 0.0210425 0.0478622 0.0707936 0.0888783 0.103762 0.0637923 0.0337046 0.0602308 0.124433 0.169614 0.0934646 0.0462172 0.0250306 0.0313229 0.00938855 0.002487 0.000210481 0 0
 0 0.00764035 0.051015 0.0998891 0.058973 0.0496711 0.0374665 0.0718981 0.12319 0.153886 0.159021 0.0857701 0.0377988 0.023471 0.0147837 0.00900784 0.00315554 0.000888139 0.00291439 0.00214683 0.00393193 0.00274676 0.000635225 9.99891e-05 0 0
 0 0 0 0 0 0 0 0 0 0 0 0 0 0 0 0 0 0 0 0 0 0 0 0 0 0
 0 0 0 0 0 0 0 0 0 0 0 0 0 0 0 0 0 0 0 0 0 0 0 0 0 0
 0 0 0 0 0 0 0 0 0 0 0 0 0 0 0 0 0 0 0 0 0 0 0 0 0 0
 0 0 0 0 0 0 0 0 0 0 0 0 0 0 0 0 0 0 0 0 0 0 0 0 0 0
 0 0 0 0 0 0 0 0 0 0 0 0 0 0 0 0 0 0 0 0 0 0 0 0 0 0
 0 0 0 0 0 0 0 0 0 0 0 0 0 0 0 0 0 0 0 0 0 0 0 0 0 0
ppred_pel_tallas
 1.28289e-16 6.74193e-06 6.5534e-05 0.000435497 0.00197972 0.00615972 0.0131246 0.0191592 0.019176 0.0132072 0.00644022 0.0028029 0.00255093 0.00484612 0.00956236 0.0170407 0.0274432 0.0405502 0.055943 0.0731437 0.0913087 0.108608 0.122012 0.128098 0.124609 0.111727
 1.70544e-16 1.52051e-05 0.000147799 0.000982174 0.00446482 0.0138918 0.0295981 0.0432008 0.0432077 0.0296322 0.0140075 0.00480498 0.00185847 0.00213824 0.00403376 0.00730292 0.0121589 0.0189873 0.0284664 0.0416191 0.0594363 0.0820405 0.107822 0.133192 0.15332 0.16367
 1.02565e-16 8.05778e-05 0.000783245 0.00520494 0.0236609 0.0736178 0.156851 0.228928 0.228928 0.156853 0.0736246 0.0236805 0.00525457 0.000892693 0.000291939 0.000365123 0.00054417 0.00074563 0.000954081 0.00118699 0.00149306 0.00192806 0.00251512 0.00321392 0.00391815 0.00448418
 1.00893e-16 5.83867e-05 0.000567539 0.0037715 0.0171447 0.0533437 0.113655 0.165889 0.165916 0.113789 0.0537933 0.0184427 0.00702647 0.00766299 0.013504 0.0221542 0.0317254 0.0395122 0.0428051 0.0403652 0.0331879 0.0238873 0.0152056 0.00878383 0.00488973 0.00291798
 1.03932e-16 4.5364e-05 0.000440954 0.0029303 0.0133207 0.0414459 0.088306 0.128892 0.128923 0.0884606 0.0419652 0.0148219 0.00670365 0.00869521 0.0157711 0.0261284 0.0379276 0.0482955 0.0542963 0.0545116 0.0497965 0.0425461 0.0351215 0.0287207 0.0233579 0.0185758
 1.00045e-16 8.21891e-05 0.000798907 0.00530902 0.024134 0.0750899 0.159987 0.233506 0.233506 0.159988 0.075092 0.0241399 0.00532385 0.000831408 0.000144301 0.000109482 0.000152069 0.000195955 0.000225431 0.000235218 0.00022859 0.000213958 0.000198686 0.000185038 0.000170789 0.000152749
 1.00346e-16 1.02605e-05 9.97357e-05 0.000662783 0.00301297 0.00937491 0.0199773 0.0291751 0.0292591 0.0203877 0.0107521 0.00698829 0.0106316 0.0218292 0.0411827 0.067816 0.0971009 0.120866 0.130796 0.123062 0.100687 0.0716648 0.0444144 0.0240215 0.0114035 0.00482437
 1.19191e-16 1.96653e-05 0.000191154 0.00127028 0.00577453 0.0179668 0.0382805 0.0558737 0.0558845 0.0383338 0.0181487 0.00631264 0.00266839 0.00339953 0.00656924 0.0120141 0.0200504 0.0308991 0.0445561 0.0606257 0.0779171 0.0940556 0.105681 0.109536 0.103986 0.0899855
 1.01504e-16 8.05587e-05 0.00078306 0.00520371 0.0236553 0.0736004 0.156813 0.228874 0.228874 0.156816 0.0736091 0.0236807 0.0052679 0.000924701 0.000354208 0.000471046 0.000703429 0.000959015 0.00121103 0.00146583 0.00176054 0.00213486 0.00259016 0.00306633 0.00345542 0.00364487
 1.01212e-16 4.79433e-05 0.000466026 0.00309691 0.0140781 0.0438025 0.0933272 0.136222 0.136261 0.0935195 0.0444478 0.0159408 0.00776816 0.0106489 0.0193445 0.0317929 0.0455335 0.0567132 0.0614459 0.0579528 0.0476604 0.0343162 0.0218514 0.0126187 0.00700298 0.00414025
 1.00304e-16 8.03291e-05 0.000780827 0.00518887 0.0235879 0.0733906 0.156366 0.228222 0.228223 0.156374 0.0734149 0.0236582 0.00536594 0.00116908 0.000822674 0.00124581 0.00181661 0.00234566 0.00269717 0.00280529 0.00270119 0.00247759 0.00221958 0.00196064 0.00169101 0.00139535
 1.00068e-16 7.88888e-05 0.000766827 0.00509584 0.0231649 0.0720747 0.153563 0.22413 0.224134 0.153582 0.0721398 0.0233527 0.00556672 0.0017934 0.00202451 0.00321149 0.0045938 0.00572449 0.00620764 0.00586315 0.00483287 0.00349146 0.0022317 0.00128846 0.000700938 0.000385573
 1.00198e-16 7.12224e-05 0.000692307 0.00460062 0.0209138 0.0650706 0.13864 0.202352 0.202365 0.138701 0.0652758 0.0215062 0.00608666 0.00393271 0.00621461 0.010133 0.0145235 0.0181227 0.0196955 0.0186721 0.0154909 0.0113173 0.00737182 0.00438275 0.00247352 0.00139435
 1.00301e-16 7.64564e-05 0.000743183 0.00493871 0.0224507 0.0698524 0.148828 0.21722 0.217226 0.148858 0.0699517 0.0227375 0.00565854 0.00231434 0.00305963 0.00493507 0.00709636 0.0089113 0.0097904 0.00945955 0.00811637 0.00629274 0.00453677 0.00316259 0.00221145 0.00157152
 1.00156e-16 7.7482e-05 0.000753153 0.00500497 0.0227519 0.0707895 0.150825 0.220134 0.220139 0.150851 0.0708773 0.0230053 0.00564076 0.00213984 0.00270732 0.00434329 0.00622593 0.00777997 0.00847673 0.00807348 0.00675577 0.0050166 0.00336984 0.00211841 0.0013092 0.000834266
 1.00017e-16 8.16974e-05 0.000794128 0.00527726 0.0239897 0.0746408 0.15903 0.232109 0.23211 0.159034 0.0746529 0.0240249 0.00536559 0.000986752 0.000446956 0.000608092 0.000864451 0.00107925 0.00117459 0.00111644 0.000930636 0.000685979 0.000454345 0.000278372 0.000165016 9.9453e-05
 1.004e-16 1.68972e-05 0.000164247 0.00109148 0.00496176 0.0154383 0.0328957 0.0480281 0.048104 0.0332663 0.016682 0.00855186 0.0100946 0.0197899 0.0372065 0.0612648 0.08774 0.109256 0.118308 0.111442 0.091372 0.0652944 0.0407793 0.0223928 0.0109536 0.00490565
 1.00207e-16 8.16318e-05 0.00079349 0.00527302 0.0239704 0.0745808 0.158902 0.231922 0.231923 0.158903 0.0745841 0.0239801 0.00529783 0.000849274 0.000192298 0.000200955 0.00030991 0.000448225 0.000602597 0.000764822 0.00092545 0.00106753 0.00116403 0.00118556 0.00111552 0.000961937
 1.00424e-16 4.69468e-05 0.000456339 0.00303254 0.0137855 0.042892 0.0913875 0.133391 0.133432 0.0915878 0.0435642 0.0157257 0.0078981 0.0110623 0.0201437 0.0331071 0.0474058 0.059022 0.0638994 0.0601757 0.0493287 0.035259 0.0220666 0.0122179 0.00614093 0.00297056
 1.00864e-16 7.66491e-05 0.000745056 0.00495116 0.0225073 0.0700284 0.149203 0.217767 0.217771 0.149223 0.0700939 0.0226968 0.00542855 0.00179256 0.00208161 0.00336034 0.00492637 0.00638691 0.00738921 0.00775616 0.00756364 0.00704498 0.00640867 0.00572766 0.00496936 0.00410054
 1.00649e-16 6.91341e-05 0.000672008 0.00446573 0.0203006 0.0631627 0.134575 0.19642 0.196434 0.134646 0.0633997 0.020985 0.00618255 0.00441603 0.00716855 0.0117125 0.0167975 0.0209809 0.0228449 0.0217404 0.0181798 0.0135081 0.00912302 0.00584121 0.00377344 0.00260111
 1.00301e-16 7.79354e-05 0.00075756 0.00503425 0.022885 0.0712037 0.151707 0.221422 0.221426 0.151729 0.0712759 0.0230936 0.00555805 0.00190119 0.00225038 0.00359812 0.00517797 0.00651526 0.00718256 0.00698127 0.00605248 0.00477637 0.00354223 0.00256943 0.00188251 0.00140022
 1.01946e-16 1.2329e-05 0.000119842 0.000796397 0.00362035 0.0112647 0.0240035 0.03505 0.0351277 0.0243829 0.0125385 0.00729789 0.0100212 0.0202367 0.0381562 0.0628981 0.0902241 0.112653 0.122563 0.116432 0.0969796 0.0714144 0.0472662 0.0289954 0.0173126 0.010633
 1.02094e-16 7.61852e-05 0.000740547 0.0049212 0.022371 0.0696046 0.1483 0.216448 0.21645 0.148306 0.0696251 0.0224313 0.00507677 0.0010946 0.000790787 0.00129649 0.00211505 0.00318861 0.004495 0.00599383 0.00759005 0.00908967 0.010202 0.0106276 0.0101968 0.00896856
 1.01119e-16 6.8956e-05 0.000670277 0.00445423 0.0202483 0.063 0.134229 0.195914 0.195928 0.1343 0.0632384 0.0209364 0.00618004 0.00443328 0.00720266 0.0117649 0.0168643 0.0210494 0.0228982 0.0217693 0.0181979 0.0135601 0.00927738 0.00616716 0.00431068 0.00333783
 1.03879e-16 3.10461e-05 0.000301779 0.00200543 0.00911643 0.0283649 0.0604362 0.088219 0.0882696 0.0606836 0.0291955 0.011516 0.00802947 0.0134551 0.0250193 0.041332 0.0595782 0.0749974 0.0827334 0.0805075 0.0699392 0.0553901 0.0413212 0.030239 0.0224138 0.0169048
 1.02013e-16 7.57825e-05 0.000736632 0.00489518 0.0222528 0.0692367 0.147516 0.215305 0.215308 0.147531 0.0692869 0.0223984 0.00526358 0.00155033 0.001649 0.00267891 0.00402144 0.0054115 0.00662484 0.0075451 0.0081953 0.00865242 0.00892386 0.0089074 0.00846952 0.00756436
 1.00667e-16 7.36468e-05 0.000715873 0.00475723 0.0216257 0.0672856 0.143359 0.209239 0.209249 0.143405 0.0674399 0.0220712 0.00587483 0.00315306 0.0046949 0.00762585 0.0109337 0.0136574 0.0148746 0.0141675 0.0118758 0.00888112 0.00609567 0.00404624 0.00279177 0.00210615
 1.03322e-16 1.59067e-05 0.000154619 0.0010275 0.00467091 0.0145333 0.0309673 0.0452123 0.045282 0.0313077 0.0156762 0.0079712 0.0093093 0.0182258 0.0343125 0.0566363 0.0814319 0.102072 0.111791 0.10744 0.0913529 0.0697735 0.0491631 0.0332645 0.0225972 0.0158112
 1.214e-16 2.2819e-05 0.000221809 0.001474 0.0067006 0.0208481 0.0444197 0.0648349 0.0648494 0.044491 0.0210899 0.00740892 0.00329005 0.00431224 0.00816018 0.0144159 0.0230033 0.0335905 0.045695 0.0588585 0.072453 0.0851771 0.0948275 0.098873 0.0956461 0.0853364
pSPR Fmed_Fpbrs
0.238025   0.243908 0.243908
Fs Fmed_Fpbrs
1.02693   1.005 1.005
SSBpbr Bo_Bmed_Bpbrs
1.49807e+06  281675  290488 290488
Ro
47021
SPR SPRFo_SPRFmed_SPRFpbrs
334714 79670.4 81639.5
Fref
1.005
log_Ro
10.5784
likeval ReclasPelacesDesembMPH_pf_preclas_ppelaces_ptallas_desvR_qrecl_qpela
 15.01 23.4963 0.258367 0.000999763 313.605 109.386 96.691 0 100.42 8.07266e-05 0.00014667 0.00338275 0 0 0
q_reclas_q_pelaces
3.57221 5.60127
M
1
N
 8725.02 18989.2 76852.2 10510.7 0.090466
 5369.37 2644.58 5200.58 21047.6 2878.6
 174234 1005.57 347.782 683.915 3146.47
 51858.7 32682.6 132.564 45.848 504.958
 5725.48 6776.08 2483.57 10.0736 41.8561
 288082 429.473 221.051 81.0198 1.69406
 7102.37 74400.3 92.1593 47.4348 17.7493
 1929.41 1035.29 6678.98 8.27322 5.85163
 57044.4 418.877 170.526 1100.12 2.32655
 8121.79 11049.9 57.9923 23.6089 152.63
 34254.6 652.662 400.359 2.10117 6.38548
 120731 7947.82 118.96 72.9727 1.54685
 71309.5 16685.4 657.842 9.84629 6.16799
 68753.1 9469 1299.45 51.2325 1.24719
 41024.1 4918.07 287.342 39.4325 1.59252
 271953 2959.75 151.199 8.83389 1.26125
 8116.47 46255 336.112 17.1703 1.14641
 501371 1204.62 4267.9 31.0127 1.69006
 106005 117225 222.146 787.053 6.03079
 256574 15824.3 10912.1 20.6788 73.8254
 174136 43312.5 1776.55 1225.07 10.6097
 458216 29971.3 5008.28 205.425 142.883
 12153 83530.8 3782.78 632.112 43.9612
 162957 2552.48 13081.6 592.415 105.879
 168122 36804.7 446.529 2288.49 122.159
 23273.4 39574.7 6857.39 83.1964 449.147
 126305 5397.75 7208.75 1249.11 96.9692
 217374 26691.4 853.288 1139.57 212.791
 14554.6 61143.1 6523.42 208.545 330.52
 5378.86 4101.96 14988.1 1599.09 132.142
pred_Ctot
 986.585 3141.85 12715.6 1739.05 0.014968
 1758.79 1164.64 2290.27 9269.09 1267.7
 56969.9 442.156 152.923 300.723 1383.53
 22930.4 18481 74.9607 25.9257 285.539
 3251.31 4639.9 1700.62 6.89785 28.6608
 55841.7 118.142 60.8081 22.2874 0.466013
 2916.57 39627 49.0858 25.2646 9.45362
 521.568 385.285 2485.59 3.07889 2.17769
 17973.1 178.368 72.6141 468.456 0.990701
 4506.65 7439.74 39.0454 15.8955 102.764
 8299.82 220.18 135.064 0.708843 2.15418
 51471.9 4364.26 65.3224 40.0704 0.849395
 31211.3 9358.34 368.964 5.5225 3.45945
 39633.2 6554.65 899.509 35.4643 0.863332
 23586 3397.9 198.524 27.244 1.10028
 98289.8 1417.6 72.4179 4.23107 0.604089
 3288.78 24368 177.07 9.04562 0.603952
 119810 401.328 1421.89 10.3321 0.563057
 42765.8 61535.2 116.612 413.149 3.16575
 93382.8 7624.08 5257.4 9.96297 35.5688
 62234.5 20549 842.859 581.217 5.03363
 154557 13535.7 2261.85 92.7745 64.5294
 3448.34 32450.8 1469.57 245.569 17.0785
 41364.5 897.938 4601.98 208.406 37.2471
 39679.4 12124.7 147.102 753.905 40.2433
 5643.19 13359.5 2314.9 28.0852 151.622
 35527.2 2080.86 2779.01 481.538 37.3821
 33059.3 5853.73 187.136 249.922 46.6675
 2199.11 13326.9 1421.86 45.455 72.0412
 2182.72 2163.61 7905.58 843.454 69.6991
F
 0.193682 0.295099 0.295099 0.295099 0.295099
 0.675158 1.02869 1.02869 1.02869 1.02869
 0.673553 1.02625 1.02625 1.02625 1.02625
 1.03512 1.57715 1.57715 1.57715 1.57715
 1.59012 2.42276 2.42276 2.42276 2.42276
 0.353786 0.539039 0.539039 0.539039 0.539039
 0.925747 1.4105 1.4105 1.4105 1.4105
 0.52739 0.803548 0.803548 0.803548 0.803548
 0.641407 0.977267 0.977267 0.977267 0.977267
 1.52125 2.31782 2.31782 2.31782 2.31782
 0.460923 0.702276 0.702276 0.702276 0.702276
 0.979036 1.49169 1.49169 1.49169 1.49169
 1.01901 1.55259 1.55259 1.55259 1.55259
 1.63761 2.49511 2.49511 2.49511 2.49511
 1.62905 2.48208 2.48208 2.48208 2.48208
 0.771458 1.17542 1.17542 1.17542 1.17542
 0.907732 1.38305 1.38305 1.38305 1.38305
 0.453248 0.690582 0.690582 0.690582 0.690582
 0.901942 1.37423 1.37423 1.37423 1.37423
 0.778977 1.18687 1.18687 1.18687 1.18687
 0.759599 1.15735 1.15735 1.15735 1.15735
 0.702126 1.06978 1.06978 1.06978 1.06978
 0.560508 0.854007 0.854007 0.854007 0.854007
 0.487859 0.743317 0.743317 0.743317 0.743317
 0.446499 0.6803 0.6803 0.6803 0.6803
 0.461329 0.702895 0.702895 0.702895 0.702895
 0.55436 0.84464 0.84464 0.84464 0.84464
 0.268401 0.408944 0.408944 0.408944 0.408944
 0.266444 0.405962 0.405962 0.405962 0.405962
 0.909698 1.38604 1.38604 1.38604 1.38604
nmprior
 8 8 7 0
nm_flota  nm_reclas  nm_pelaces    nm_pelaL
inf 18.4903 4.8973 6.72896
cv_recla  cv_pelaces  cv_mph
0.358688 0.57038 0.975784
 ------------------------------------------------
Talla a la edad & desviación 
 8 13.2811 15.8009 17.003 17.5766
 0.8 1.32811 1.58009 1.7003 1.75766
