years
 1991 1992 1993 1994 1995 1996 1997 1998 1999 2000 2001 2002 2003 2004 2005 2006 2007 2008 2009 2010 2011 2012 2013 2014 2015 2016 2017 2018 2019 2020
reclasobs
 0 0 0 0 0 0 0 0 0 252601 567819 844713 477998 351125 339783 2.1784e+06 2.13404e+06 4.81314e+06 1.55562e+06 2.62356e+06 3.21686e+06 3.843e+06 1.13348e+06 3.07943e+06 1.97215e+06 2.03268e+06 2.025e+06 2.42433e+06 2.27542e+06 1.05018e+06
reclaspred
 2.08908e+06 1.13511e+06 540436 279982 130815 912037 388188 222659 156040 189661 356072 523092 502076 345859 308224 1.24483e+06 996577 2.89308e+06 2.30615e+06 1.54494e+06 2.82984e+06 2.35775e+06 1.60817e+06 2.68926e+06 1.90815e+06 1.49128e+06 1.99601e+06 2.38282e+06 1.79863e+06 854914
pelacesobs
 0 0 0 0 0 0 0 0 0 0 0 0 0 0 0 552880 188675 0 991730 2.46772e+06 1.41603e+06 1.21717e+06 2.29649e+06 1.80582e+06 0 1.4828e+06 1.56532e+06 1.57751e+06 1.42118e+06 867257
pelacespred
 931958 533943 243602 89853.4 45504.5 397631 124647 105362 55727.3 73705.9 159187 199202 212314 146871 133830 482361 388620 1.34957e+06 1.07487e+06 670618 1.21669e+06 1.05805e+06 725457 1.35993e+06 919504 716258 1.10391e+06 1.28784e+06 805551 443739
mphobs
 0 0 0 0 0 0 0 0 0 0 0 498337 0 5186 125008 0 168611 109162 213762 579715 649985 157893 87575 83554 0 0 0 0 0 0
mphpred
 1.91621e+06 1.12015e+06 541938 258114 101599 62513.3 461674 156780 94967.4 52488.1 78126.5 239795 275016 212510 116074 136527 807196 596692 1.66029e+06 1.16013e+06 1.10351e+06 1.4563e+06 1.41233e+06 981786 1.51422e+06 1.16006e+06 833932 1.03944e+06 1.65016e+06 965244
desembarqueobs
 494567 514787 250237 358949 120608 361735 552515 73892 212993 205616 52469 317467 293654 387597 252695 516296 358380 742168 942051 627588 828172 859565 418607 520667 417249 300574 407403 355545 319650 289779
desembarquepred
 494533 514901 249645 358917 120584 361605 552064 73884.1 212888 205535 52467.4 317386 293562 387321 252574 516098 358349 741913 941424 627142 828014 859227 418517 520599 417155 300505 407317 355468 319585 289724
Reclutas
 102722 112849 73603.1 44349.6 27202.5 262632 40319.2 12452.5 26463.7 64074.4 90321.4 131020 101310 69029.3 60036.9 449870 42741.9 740804 346897 246188 430902 565947 60836.9 337062 239099 85878.2 282397 334041 44766.7 26769.6
log_desv_Rt
 -0.0658714 0.0281517 -0.399207 -0.905791 -1.39458 0.872859 -1.00107 -2.17598 -1.42212 -0.537849 -0.194521 0.177456 -0.0797122 -0.463363 -0.602936 1.41106 -0.942716 1.90984 1.15113 0.8082 1.36799 1.64061 -0.589698 1.12237 0.778982 -0.244965 0.945419 1.11337 -0.896431 -1.41063
SSB
 1.91621e+06 1.12015e+06 541938 258114 101599 62513.3 461674 156780 94967.4 52488.1 78126.5 239795 275016 212510 116074 136527 807196 596692 1.66029e+06 1.16013e+06 1.10351e+06 1.4563e+06 1.41233e+06 981786 1.51422e+06 1.16006e+06 833932 1.03944e+06 1.65016e+06 965244
BT
 2.58197e+06 1.74199e+06 802730 505983 206870 1.23584e+06 768121 310486 332357 364458 410755 720917 753775 738753 562216 1.52526e+06 1.17806e+06 3.77734e+06 3.37475e+06 2.1265e+06 3.48008e+06 3.24234e+06 2.03792e+06 3.62474e+06 2.51477e+06 1.92354e+06 2.96796e+06 3.32791e+06 2.12508e+06 1.32561e+06
Ftot
 0.238189 0.462257 0.468927 1.23924 0.967301 0.57188 1.30376 0.35706 1.5229 1.35693 0.203483 0.718984 0.674361 1.2594 1.02677 0.589397 0.367161 0.348584 0.454611 0.451466 0.351138 0.428023 0.2648 0.24499 0.241255 0.215084 0.25796 0.191299 0.176862 0.333121
BD_Bspro_t
 0.96286 0.746307 0.532384 0.381123 0.191596 0.168778 0.477223 0.205908 0.17926 0.133768 0.225329 0.539829 0.44408 0.344066 0.21996 0.255296 0.547552 0.463553 0.641752 0.526256 0.471963 0.538813 0.561393 0.513384 0.647154 0.641477 0.622425 0.695469 0.768189 0.661736
BD_Bspro
 2.45354 1.43425 0.693902 0.330492 0.130088 0.0800425 0.591131 0.200742 0.121597 0.0672061 0.100034 0.307035 0.352132 0.2721 0.148622 0.174811 1.03354 0.76401 2.12585 1.48544 1.41295 1.86465 1.80836 1.25709 1.93882 1.48535 1.06777 1.33091 2.11288 1.23591
BD_Bo
 1.13619 0.664174 0.321333 0.153045 0.0602414 0.0370662 0.273742 0.0929599 0.0563093 0.0311219 0.0463238 0.142182 0.163066 0.126004 0.0688239 0.0809516 0.478613 0.353799 0.98444 0.687881 0.654309 0.863487 0.837418 0.582134 0.897834 0.687838 0.494466 0.616321 0.978436 0.572325
BD_Brms
 5.50686 3.21911 1.55743 0.741774 0.291977 0.179652 1.32677 0.450557 0.272919 0.150841 0.224521 0.689127 0.790345 0.610716 0.333575 0.392355 2.31974 1.71479 4.77137 3.33401 3.1713 4.18514 4.05879 2.82148 4.35161 3.3338 2.39657 2.98718 4.74227 2.77394
Sel_flota
 0.61862 0.968572 0.998295 0.99991 0.999995
 0.61862 0.968572 0.998295 0.99991 0.999995
 0.61862 0.968572 0.998295 0.99991 0.999995
 0.61862 0.968572 0.998295 0.99991 0.999995
 0.61862 0.968572 0.998295 0.99991 0.999995
 0.61862 0.968572 0.998295 0.99991 0.999995
 0.61862 0.968572 0.998295 0.99991 0.999995
 0.61862 0.968572 0.998295 0.99991 0.999995
 0.61862 0.968572 0.998295 0.99991 0.999995
 0.61862 0.968572 0.998295 0.99991 0.999995
 0.61862 0.968572 0.998295 0.99991 0.999995
 0.61862 0.968572 0.998295 0.99991 0.999995
 0.61862 0.968572 0.998295 0.99991 0.999995
 0.61862 0.968572 0.998295 0.99991 0.999995
 0.61862 0.968572 0.998295 0.99991 0.999995
 0.61862 0.968572 0.998295 0.99991 0.999995
 0.61862 0.968572 0.998295 0.99991 0.999995
 0.61862 0.968572 0.998295 0.99991 0.999995
 0.61862 0.968572 0.998295 0.99991 0.999995
 0.61862 0.968572 0.998295 0.99991 0.999995
 0.61862 0.968572 0.998295 0.99991 0.999995
 0.61862 0.968572 0.998295 0.99991 0.999995
 0.61862 0.968572 0.998295 0.99991 0.999995
 0.61862 0.968572 0.998295 0.99991 0.999995
 0.61862 0.968572 0.998295 0.99991 0.999995
 0.61862 0.968572 0.998295 0.99991 0.999995
 0.61862 0.968572 0.998295 0.99991 0.999995
 0.61862 0.968572 0.998295 0.99991 0.999995
 0.61862 0.968572 0.998295 0.99991 0.999995
 0.61862 0.968572 0.998295 0.99991 0.999995
Sel_reclas
 1 1 1 1 1
 1 1 1 1 1
 1 1 1 1 1
 1 1 1 1 1
 1 1 1 1 1
 1 1 1 1 1
 1 1 1 1 1
 1 1 1 1 1
 1 1 1 1 1
 1 1 1 1 1
 1 1 1 1 1
 1 1 1 1 1
 1 1 1 1 1
 1 1 1 1 1
 1 1 1 1 1
 1 1 1 1 1
 1 1 1 1 1
 1 1 1 1 1
 1 1 1 1 1
 1 1 1 1 1
 1 1 1 1 1
 1 1 1 1 1
 1 1 1 1 1
 1 1 1 1 1
 1 1 1 1 1
 1 1 1 1 1
 1 1 1 1 1
 1 1 1 1 1
 1 1 1 1 1
 1 1 1 1 1
Sel_pelaces
 1 1 1 1 1
 1 1 1 1 1
 1 1 1 1 1
 1 1 1 1 1
 1 1 1 1 1
 1 1 1 1 1
 1 1 1 1 1
 1 1 1 1 1
 1 1 1 1 1
 1 1 1 1 1
 1 1 1 1 1
 1 1 1 1 1
 1 1 1 1 1
 1 1 1 1 1
 1 1 1 1 1
 1 1 1 1 1
 1 1 1 1 1
 1 1 1 1 1
 1 1 1 1 1
 1 1 1 1 1
 1 1 1 1 1
 1 1 1 1 1
 1 1 1 1 1
 1 1 1 1 1
 1 1 1 1 1
 1 1 1 1 1
 1 1 1 1 1
 1 1 1 1 1
 1 1 1 1 1
 1 1 1 1 1
pf_obs 
 0.8446 0.082 0.0669 0.0065 0
 0.8095 0.147 0.0364 0.0071 0
 0.9664 0.0169 0.016 0.0007 0
 0.9276 0.0648 0.0075 0.0001 0
 0.7033 0.2144 0.0806 0.0017 0
 0.9318 0.0425 0.0243 0.0014 0
 0.5671 0.3108 0.0964 0.0239 0.0018
 0.0768 0.2599 0.5324 0.112 0.0189
 0.490249 0.384438 0.106611 0.0170017 0.00170017
 0.7925 0.1577 0.0466 0.003 0.0002
 0.840416 0.127587 0.0312969 0.00059994 9.999e-05
 0.8084 0.0986 0.0794 0.0134 0.0002
 0.7335 0.1905 0.0724 0.0035 0.0001
 0.4001 0.4547 0.1325 0.0127 0
 0.49795 0.308269 0.164784 0.0264974 0.00249975
 0.9179 0.0499 0.0305 0.0017 0
 0.2467 0.6533 0.0926 0.0074 0
 0.9418 0.0223 0.034 0.0019 0
 0.707729 0.231977 0.0356964 0.0245975 0
 0.517169 0.277429 0.184464 0.0207286 0.00020938
 0.811772 0.124168 0.05621 0.00726502 0.000585176
 0.764997 0.148141 0.077277 0.00933861 0.000247198
 0.163321 0.427699 0.378323 0.0303852 0.000271297
 0.753843 0.0900009 0.118128 0.0371064 0.000921714
 0.721811 0.176058 0.0630433 0.0369309 0.00215725
 0.143369 0.312575 0.442814 0.0836902 0.0175525
 0.692698 0.0596174 0.167031 0.0765114 0.00414204
 0.394062 0.376323 0.152708 0.0712218 0.00568511
 0.125707 0.32114 0.495352 0.0537591 0.00404204
 0.23352 0.215282 0.420074 0.123614 0.00750983
pf_pred 
 0.338282 0.227609 0.389238 0.0448695 9.30102e-07
 0.517737 0.219954 0.0922086 0.152547 0.017554
 0.510394 0.317685 0.0800633 0.0323325 0.0595247
 0.510509 0.314423 0.115141 0.0279394 0.0319877
 0.639215 0.246884 0.074589 0.0258816 0.0134303
 0.962215 0.0292272 0.0059454 0.00171251 0.000900211
 0.302606 0.682142 0.0119046 0.00232687 0.00102032
 0.373466 0.295914 0.323773 0.00534797 0.00149915
 0.733683 0.133761 0.0637927 0.0673415 0.00142136
 0.91608 0.0723418 0.00599542 0.00269141 0.00289163
 0.848207 0.145451 0.00550909 0.000431655 0.000400715
 0.73839 0.235283 0.0252612 0.000926058 0.000139667
 0.656656 0.286847 0.0510264 0.00524999 0.000220978
 0.617941 0.295822 0.0725392 0.0123737 0.00132369
 0.742402 0.198463 0.0463451 0.0107631 0.00202639
 0.957537 0.0360443 0.0050008 0.00111192 0.000306033
 0.195946 0.784109 0.0170317 0.00227075 0.000642469
 0.919136 0.02319 0.0562929 0.00118012 0.000201466
 0.504938 0.470499 0.00722222 0.0169254 0.000414604
 0.523273 0.301418 0.166926 0.00246871 0.00591532
 0.733178 0.173809 0.0596093 0.0318094 0.00159436
 0.711449 0.236783 0.0341414 0.0113038 0.00632239
 0.168981 0.669433 0.133473 0.0185537 0.00955952
 0.744084 0.0634387 0.156061 0.0300905 0.00632631
 0.550802 0.371489 0.0197522 0.047007 0.0109494
 0.331334 0.443947 0.186937 0.00961633 0.0281655
 0.750128 0.110925 0.0932661 0.0380127 0.00766878
 0.672872 0.271829 0.025013 0.0203412 0.00994513
 0.170657 0.635403 0.162047 0.0144398 0.0174535
 0.230537 0.190035 0.447248 0.110475 0.0217048
pobs_RECLAS
 0 0 0 0 0
 0 0 0 0 0
 0 0 0 0 0
 0 0 0 0 0
 0 0 0 0 0
 0 0 0 0 0
 0 0 0 0 0
 0 0 0 0 0
 0 0 0 0 0
 0 0 0 0 0
 0.991045 0.00858322 0.000360255 1.14367e-05 0
 0.934742 0.0480273 0.0164251 0.00080598 0
 0.827803 0.169806 0.00239088 0 0
 0.941827 0.0461693 0.0120037 0 0
 0.791401 0.0380133 0.147996 0.0225897 0
 0.846168 0.0940531 0.0597789 0 0
 0.134021 0.677848 0.182769 0.00536245 0
 0.80878 0.0450904 0.141981 0.00414843 0
 0.846168 0.0940531 0.0597789 0 0
 0.905697 0.0802665 0.012482 0.00150086 5.37128e-05
 0.989698 0.0102097 9.19794e-05 0 0
 0.975433 0.0193895 0.00387452 0.00125025 5.28907e-05
 0.303575 0.632131 0.0575291 0.00676475 0
 0.966965 0.00978017 0.0227588 0.000495775 0
 0.843318 0.132988 0.00938335 0.0141283 0.000182051
 0.564624 0.303363 0.111486 0.0197234 0.00080311
 0.826376 0.0876187 0.0782897 0.00655872 0.00115652
 0.89761 0.0855135 0.0140674 0.00269457 0.000114338
 0.34875 0.467042 0.161289 0.0227151 0.000203297
 0.318654 0.224769 0.449479 0.00709798 0
ppred_RECLAS
 0.451588 0.192504 0.319176 0.0367322 7.61357e-07
 0.635288 0.169325 0.06876 0.11356 0.0130665
 0.627034 0.244777 0.0597541 0.0240898 0.0443457
 0.638964 0.234982 0.0829622 0.0200917 0.0230005
 0.746252 0.17556 0.0512353 0.0177451 0.00920729
 0.976257 0.018501 0.00364367 0.0010477 0.000550693
 0.422302 0.565519 0.00951055 0.00185524 0.000813426
 0.490108 0.24482 0.259592 0.00428065 0.00119985
 0.828101 0.0880518 0.0403953 0.0425537 0.000898073
 0.948853 0.0443207 0.00353815 0.00158513 0.00170287
 0.898162 0.0977087 0.0035885 0.000280707 0.000260564
 0.820669 0.161816 0.0168072 0.00061505 9.27527e-05
 0.756058 0.204898 0.0352697 0.00362243 0.000152458
 0.732296 0.208993 0.0494014 0.00841025 0.000899604
 0.82727 0.13415 0.0302485 0.0070117 0.00131997
 0.973229 0.0228354 0.00306705 0.000680771 0.000187351
 0.279032 0.703628 0.0148107 0.00197132 0.000557701
 0.94853 0.015093 0.0355069 0.000743113 0.000126851
 0.619448 0.362255 0.0053866 0.0126021 0.000308674
 0.638866 0.230996 0.123924 0.00182963 0.00438362
 0.815013 0.121838 0.0404952 0.0215732 0.00108121
 0.797819 0.166859 0.0233088 0.00770417 0.00430869
 0.244273 0.612453 0.118381 0.0164285 0.00846382
 0.824538 0.0445261 0.106196 0.020442 0.00429742
 0.660592 0.28224 0.0145495 0.0345681 0.00805129
 0.441202 0.374866 0.153052 0.00786026 0.0230201
 0.828339 0.0775441 0.0632089 0.0257195 0.00518827
 0.765147 0.196187 0.0175054 0.0142125 0.00694809
 0.246063 0.581784 0.143882 0.0128001 0.0154703
 0.327124 0.170177 0.388173 0.0957222 0.0188047
pobs_PELACES
 0 0 0 0 0
 0 0 0 0 0
 0 0 0 0 0
 0 0 0 0 0
 0 0 0 0 0
 0 0 0 0 0
 0 0 0 0 0
 0 0 0 0 0
 0 0 0 0 0
 0 0 0 0 0
 0 0 0 0 0
 0 0 0 0 0
 0 0 0 0 0
 0 0 0 0 0
 0 0 0 0 0
 0 0 0 0 0
 0.505614 0.472636 0.0217494 0 0
 0 0 0 0 0
 0.443492 0.261883 0.143347 0.151278 0
 0.227955 0.32914 0.350689 0.0885471 0.00366901
 0.970185 0.0296113 0.000203453 0 0
 0.997202 0.00247181 0.000326279 0 0
 0.445219 0.490057 0.0546422 0.010081 0
 0.90214 0.0892962 0.00764917 0.000914606 0
 0 0 0 0 0
 0.581667 0.319106 0.0959925 0.00289975 0.000334073
 0.762889 0.0836404 0.116647 0.0363945 0.000428098
 0.88444 0.0763242 0.0277011 0.0115352 0
 0.521256 0.241999 0.230069 0.00667565 0
 0.616807 0.101726 0.260614 0.0208532 0
ppred_PELACES
 0.458787 0.190266 0.31473 0.0362159 7.50651e-07
 0.648138 0.16377 0.0662033 0.109311 0.0125774
 0.639983 0.236662 0.0575081 0.0231785 0.0426677
 0.672231 0.214251 0.0747292 0.0180859 0.0207036
 0.767349 0.161443 0.0466704 0.0161557 0.0083824
 0.977768 0.0173454 0.00339697 0.000976469 0.000513244
 0.459465 0.529283 0.00878805 0.00171311 0.000751081
 0.50087 0.240089 0.253686 0.00418247 0.00117232
 0.852653 0.0760409 0.0343679 0.0361748 0.000763418
 0.956021 0.0381785 0.00300752 0.00134643 0.00144638
 0.900298 0.0956664 0.00350649 0.000274262 0.00025458
 0.832661 0.151099 0.0155838 0.000570062 8.59664e-05
 0.770321 0.193122 0.0330235 0.00339052 0.000142694
 0.760325 0.18762 0.0438049 0.00745249 0.000797128
 0.843861 0.121539 0.0271305 0.00628549 0.00118323
 0.974968 0.0213709 0.00285381 0.00063324 0.000174267
 0.28766 0.695269 0.0145822 0.00194052 0.000548981
 0.950574 0.0145287 0.0340628 0.000712756 0.000121668
 0.631795 0.350579 0.00518979 0.0121387 0.00029732
 0.651169 0.223484 0.119364 0.00176188 0.00422124
 0.821224 0.117888 0.0390475 0.0207981 0.00104235
 0.805792 0.160399 0.0223125 0.00737318 0.00412352
 0.250055 0.608069 0.117229 0.0162663 0.00838019
 0.828851 0.0435104 0.103525 0.0199252 0.00418873
 0.666902 0.277107 0.0142511 0.0338549 0.00788512
 0.447507 0.370896 0.151112 0.00775972 0.0227255
 0.83273 0.0756671 0.0615231 0.0250301 0.00504917
 0.76915 0.192904 0.0171803 0.0139471 0.0068183
 0.249947 0.579018 0.14295 0.012716 0.0153685
 0.336199 0.168297 0.382632 0.0943393 0.0185329
pobs_pel_tallas
 0 0 0 0 0 0 0 0 0 0 0 0 0 0 0 0 0 0 0 0 0 0 0 0 0 0
 0 0 0 0 0 0 0 0 0 0 0 0 0 0 0 0 0 0 0 0 0 0 0 0 0 0
 0 0 0 0 0 0 0 0 0 0 0 0 0 0 0 0 0 0 0 0 0 0 0 0 0 0
 0 0 0 0 0 0 0 0 0 0 0 0 0 0 0 0 0 0 0 0 0 0 0 0 0 0
 0 0 0 0 0 0 0 0 0 0 0 0 0 0 0 0 0 0 0 0 0 0 0 0 0 0
 0 0 0 0 0 0 0 0 0 0 0 0 0 0 0 0 0 0 0 0 0 0 0 0 0 0
 0 0 0 0 0 0 0 0 0 0 0 0 0 0 0 0 0 0 0 0 0 0 0 0 0 0
 0 0 0 0 0 0 0 0 0 0 0 0 0 0 0 0 0 0 0 0 0 0 0 0 0 0
 0 0 0 0 0 0 0 0 0 0 0 0 0 0 0 0 0 0 0 0 0 0 0 0 0 0
 0 0 0 0 0 0 0 0 0 0 0 0 0 0 0 0 0 0 0 0 0 0 0 0 0 0
 0 0 0 0 0 0 0 0 0 0 0 0 0 0 0 0 0 0 0 0 0 0 0 0 0 0
 0 0 0 0 0 0 0 0 0 0 0 0 0 0 0 0 0 0 0 0 0 0 0 0 0 0
 0.00862536 0 0 0.000197151 0.00414017 0.0128641 0.00837892 0.0270097 0.101434 0.158115 0.152841 0.127902 0.109271 0.109419 0.0830992 0.0579132 0.0238553 0.00714673 0.00463305 0.00128148 0.00103504 0.000492878 0.000147863 0.000147863 4.92878e-05 0
 0 0 0 0 0 0 0 0 0 0 0 0 0 0 0 0 0 0 0 0 0 0 0 0 0 0
 0 0 0 0 0 0 0 0.0054083 0.00873648 0.0413646 0.0450493 0.0745869 0.0622846 0.0627006 0.0613931 0.0827291 0.12552 0.122667 0.0946155 0.0697135 0.0546179 0.0294188 0.0215738 0.0213955 0.0102223 0.00600262
 0 0 0 0 0.00359764 0.0251062 0.0480494 0.140153 0.205849 0.193036 0.1447 0.116669 0.0760912 0.0342217 0.00950174 0.001854 0.000860785 0 0 0 0.000165536 0 0.000143464 0 0 0
 0 0 0 0 0 0 0 0.000145254 0.000435761 0.0275982 0.070085 0.0708112 0.156366 0.174668 0.174014 0.160142 0.0824315 0.0480064 0.0283245 0.00493863 0.00203355 0 0 0 0 0
 0 0 0 0 0 0 0 0 0 0 0 0 0 0 0 0 0 0 0 0 0 0 0 0 0 0
 0 0 1.00437e-05 0.000401748 0.00122533 0.00171747 0.00176769 0.0269171 0.070346 0.194647 0.189555 0.159765 0.064822 0.0314167 0.0384472 0.0292271 0.0345202 0.0313363 0.0194345 0.0106764 0.0143323 0.0359363 0.0279516 0.0138201 0.00172751 0
 0 0.0021121 0.0136068 0.0755702 0.200478 0.177729 0.0527432 0.0373336 0.0318909 0.0142505 0.0149659 0.0166563 0.0217959 0.0798694 0.0677717 0.0528807 0.04013 0.0224614 0.0357745 0.0225083 0.00881397 0.00855152 0.00135912 0.000746735 0 0
 0 0 0 0 5.4009e-05 0.00500934 0.000945158 0.0243581 0.138947 0.33067 0.221406 0.137944 0.0707744 0.0437923 0.0131692 0.00525238 0.0047753 0.00276346 9.45158e-05 9.00151e-06 2.25038e-05 9.00151e-06 4.50075e-06 0 0 0
 0.000866109 0.00284123 0.00948549 0.0512746 0.133035 0.25785 0.225252 0.132002 0.0553304 0.0519788 0.0540692 0.017754 0.00435017 0.00159236 0.00146478 0.000404838 0.000125132 0.000115318 0.000107957 0.000100596 0 0 0 0 0 0
 0 0 0 0 0.00144013 0.00171154 0.00461396 0.0210425 0.0478622 0.0707936 0.0888783 0.103762 0.0637923 0.0337046 0.0602308 0.124433 0.169614 0.0934646 0.0462172 0.0250306 0.0313229 0.00938855 0.002487 0.000210481 0 0
 0 0.00764035 0.051015 0.0998891 0.058973 0.0496711 0.0374665 0.0718981 0.12319 0.153886 0.159021 0.0857701 0.0377988 0.023471 0.0147837 0.00900784 0.00315554 0.000888139 0.00291439 0.00214683 0.00393193 0.00274676 0.000635225 9.99891e-05 0 0
 0 0 0 0 0 0 0 0 0 0 0 0 0 0 0 0 0 0 0 0 0 0 0 0 0 0
 0 0 0 0 0 0 0 0 0 0 0 0 0 0 0 0 0 0 0 0 0 0 0 0 0 0
 0 0 0 0 0 0 0 0 0 0 0 0 0 0 0 0 0 0 0 0 0 0 0 0 0 0
 0 0 0 0 0 0 0 0 0 0 0 0 0 0 0 0 0 0 0 0 0 0 0 0 0 0
 0 0 0 0 0 0 0 0 0 0 0 0 0 0 0 0 0 0 0 0 0 0 0 0 0 0
 0 0 0 0 0 0 0 0 0 0 0 0 0 0 0 0 0 0 0 0 0 0 0 0 0 0
ppred_pel_tallas
 1.12764e-16 3.77897e-05 0.00036733 0.00244104 0.0110966 0.0345257 0.0735615 0.107369 0.107388 0.0736535 0.0348361 0.0119988 0.00472762 0.00543131 0.00986699 0.0168042 0.0254876 0.0347248 0.043231 0.0502718 0.0558253 0.060053 0.0626203 0.0625979 0.0590858 0.0519972
 1.15044e-16 5.33863e-05 0.000518934 0.0034485 0.0156764 0.0487751 0.103921 0.151679 0.151695 0.103999 0.0490364 0.0164323 0.00535169 0.00469307 0.0080399 0.0133679 0.0196458 0.0255774 0.0299215 0.032225 0.0331095 0.0337722 0.0350761 0.0369482 0.0384824 0.0385536
 1.11266e-16 5.27146e-05 0.000512405 0.00340511 0.0154792 0.0481615 0.102614 0.149773 0.149796 0.102726 0.0485368 0.0165639 0.00613059 0.0064713 0.0113974 0.0188341 0.0273103 0.0347513 0.0390993 0.0394672 0.036683 0.0327047 0.0293744 0.0274776 0.0266631 0.0260153
 1.07529e-16 5.53708e-05 0.000538224 0.00357669 0.0162591 0.0505882 0.107784 0.157319 0.15734 0.107886 0.0509286 0.0172433 0.0060509 0.00595209 0.0103747 0.0171629 0.0249532 0.0318792 0.0360755 0.0366937 0.0343807 0.0307619 0.0273635 0.0248354 0.0229374 0.0210609
 1.04427e-16 6.32055e-05 0.00061438 0.00408277 0.0185597 0.0577462 0.123035 0.179576 0.179592 0.123111 0.0580024 0.0193002 0.00594356 0.00468351 0.00781204 0.01287 0.0186645 0.0237504 0.0266991 0.0268596 0.0247281 0.0215648 0.0185772 0.0163196 0.0146641 0.01318
 1.00288e-16 8.05374e-05 0.000782853 0.00520233 0.023649 0.073581 0.156772 0.228814 0.228815 0.15678 0.0736084 0.0237284 0.00540159 0.00121811 0.000907994 0.00137581 0.00197924 0.00249975 0.00277495 0.00273207 0.002426 0.00199951 0.00159498 0.00128677 0.00107364 0.000915477
 1.00688e-16 3.78457e-05 0.000367873 0.00244465 0.0111131 0.0345771 0.0736721 0.107537 0.107588 0.0739208 0.0354118 0.0135226 0.00848754 0.013542 0.0250061 0.0411443 0.0589473 0.073456 0.0796454 0.0752017 0.0619402 0.0446651 0.0284196 0.0162279 0.00861032 0.00451357
 1.08001e-16 4.12561e-05 0.000401024 0.00266494 0.0121145 0.0376927 0.0803092 0.117219 0.117242 0.0804241 0.0380794 0.0132357 0.00549539 0.00663298 0.0120318 0.0202275 0.0300649 0.0397316 0.0473208 0.0518105 0.0534447 0.0531484 0.0515524 0.0485476 0.0436815 0.0368864
 1.04769e-16 7.02319e-05 0.000682679 0.00453664 0.0206229 0.0641656 0.136712 0.199537 0.199544 0.136748 0.0642869 0.0209738 0.00541998 0.00261949 0.003774 0.00619621 0.00908335 0.0117791 0.0136742 0.014516 0.0145479 0.0142973 0.0141785 0.0142322 0.014171 0.0136314
 1.00477e-16 7.87462e-05 0.000765441 0.00508663 0.0231231 0.0719444 0.153285 0.223725 0.223729 0.153303 0.0720048 0.0232972 0.00552355 0.00171873 0.00188771 0.00299228 0.00429406 0.00538197 0.00589704 0.00567807 0.00485587 0.0037677 0.00275848 0.00202147 0.00156971 0.00131011
 1.00197e-16 7.41564e-05 0.000720827 0.00479015 0.0217753 0.0677511 0.144351 0.210687 0.210696 0.144396 0.0679021 0.022211 0.00588307 0.00310398 0.00459221 0.00745348 0.0106804 0.0133264 0.0144821 0.0137294 0.0113921 0.00832918 0.00543958 0.00325855 0.00187456 0.00109986
 1.00561e-16 6.85852e-05 0.000666673 0.00443028 0.0201394 0.0626612 0.133507 0.19486 0.194875 0.133578 0.0628999 0.0208287 0.00616005 0.00444095 0.00723113 0.0118313 0.0170015 0.0213036 0.0233186 0.0223865 0.0189949 0.014449 0.0101022 0.00674135 0.00448071 0.00304335
 1.01367e-16 6.34504e-05 0.00061676 0.00409859 0.0186316 0.0579699 0.123512 0.180273 0.180292 0.123603 0.0582755 0.0195142 0.00631436 0.00545487 0.00925487 0.0152071 0.0219164 0.0275909 0.0304429 0.0296357 0.0257657 0.0204359 0.0152825 0.01122 0.00833946 0.00629035
 1.02195e-16 6.2627e-05 0.000608757 0.00404541 0.0183898 0.0572177 0.121909 0.177934 0.177952 0.121998 0.057515 0.0192487 0.00620265 0.00532229 0.00902687 0.0148563 0.0214694 0.0271522 0.0301937 0.0297922 0.0265082 0.0218414 0.0172934 0.0136591 0.0109606 0.00884162
 1.01645e-16 6.95078e-05 0.00067564 0.00448987 0.0204103 0.0635041 0.135303 0.19748 0.197492 0.13536 0.0636966 0.0209666 0.00588705 0.0037283 0.00587469 0.00962196 0.0139006 0.0175774 0.0195443 0.0192865 0.0171739 0.0141856 0.0112989 0.00902594 0.00736896 0.00607827
 1.00181e-16 8.03068e-05 0.000780611 0.00518743 0.0235813 0.0733702 0.156323 0.228159 0.228161 0.156333 0.073404 0.0236789 0.00543238 0.00131528 0.00109559 0.00168372 0.00241666 0.00303664 0.00334095 0.00323763 0.00279538 0.00219591 0.00162492 0.00118634 0.000889422 0.000690637
 1.00887e-16 2.36943e-05 0.000230317 0.00153054 0.00695766 0.0216482 0.0461263 0.0673367 0.0674035 0.046453 0.0227448 0.0101231 0.00946955 0.0175388 0.0328297 0.0540633 0.0774707 0.0965634 0.104745 0.0989744 0.081628 0.0590003 0.0376969 0.0216757 0.0116172 0.00614944
 1.01079e-16 7.82975e-05 0.00076108 0.00505764 0.0229913 0.0715345 0.152412 0.22245 0.222451 0.152419 0.0715585 0.0230613 0.00523564 0.00115744 0.000853848 0.00134685 0.00206976 0.00288679 0.00370638 0.00446891 0.00514603 0.00569971 0.00604345 0.0060586 0.00566471 0.00488699
 1.01508e-16 5.20402e-05 0.00050585 0.00336155 0.0152811 0.0475455 0.101302 0.14786 0.147894 0.101467 0.0480984 0.0168773 0.00736494 0.00923437 0.0165971 0.0272729 0.039089 0.0487526 0.0529527 0.0501796 0.0416545 0.0305632 0.0202223 0.0125785 0.00789628 0.00539764
 1.04393e-16 5.3636e-05 0.000521361 0.00346463 0.0157497 0.0490033 0.104408 0.15239 0.152412 0.104513 0.0493595 0.0167802 0.00605768 0.00620301 0.0109053 0.0181025 0.0264389 0.0340051 0.0388552 0.0400316 0.0380405 0.0343358 0.0302808 0.0264587 0.0227516 0.0188775
 1.0342e-16 6.76432e-05 0.000657516 0.00436942 0.0198628 0.0618005 0.131673 0.192183 0.192194 0.131729 0.0619878 0.0204042 0.00573052 0.00363561 0.00574379 0.00944211 0.0137223 0.0175274 0.0198284 0.0201578 0.0188684 0.0168466 0.0149186 0.0134261 0.0122275 0.0109959
 1.02123e-16 6.63721e-05 0.00064516 0.00428732 0.0194895 0.0606392 0.129199 0.188573 0.188588 0.129274 0.0608929 0.0202222 0.00612646 0.00466023 0.00769239 0.012614 0.0181699 0.0228619 0.0252121 0.0245439 0.0213821 0.0170916 0.0130531 0.0100186 0.00801725 0.00667954
 1.06588e-16 2.05969e-05 0.000200209 0.00133046 0.00604812 0.0188183 0.0400964 0.0585342 0.0585929 0.0403831 0.0197808 0.00882887 0.00831277 0.0154501 0.0290044 0.0479732 0.0692336 0.0873271 0.0966784 0.0946847 0.0832217 0.0672848 0.0519237 0.0398849 0.0313274 0.0250592
 1.05706e-16 6.82714e-05 0.000663622 0.00441 0.0200472 0.0623744 0.132895 0.193966 0.19397 0.132917 0.0624465 0.0202575 0.00494545 0.00185789 0.00241093 0.00407269 0.00631622 0.00889796 0.0115955 0.0142773 0.0168935 0.0193309 0.0212749 0.0222513 0.0218565 0.0200036
 1.05212e-16 5.49319e-05 0.000533958 0.00354834 0.0161302 0.0501873 0.10693 0.156074 0.1561 0.107061 0.0506249 0.0173939 0.00671902 0.00745177 0.0131826 0.021681 0.0311731 0.0391036 0.0429274 0.0415206 0.0358835 0.0284989 0.0218588 0.0172857 0.0147293 0.0133461
 1.0908e-16 3.68606e-05 0.000358299 0.00238102 0.0108238 0.0336771 0.0717539 0.104734 0.10477 0.0719294 0.0342668 0.0125291 0.00666904 0.00974369 0.0179335 0.0297772 0.0433293 0.0554004 0.0627309 0.0637742 0.0595277 0.0526702 0.045761 0.0399679 0.0350807 0.0303735
 1.0516e-16 6.85909e-05 0.000666728 0.00443064 0.0201411 0.0626664 0.133518 0.194874 0.194882 0.133554 0.0627879 0.0204931 0.00531859 0.00261953 0.0038199 0.00631883 0.00936111 0.0123341 0.0146585 0.0160713 0.0167435 0.0170694 0.0173086 0.0173895 0.0170089 0.0158964
 1.03098e-16 6.33539e-05 0.000615823 0.00409236 0.0186033 0.0578818 0.123324 0.179999 0.180017 0.123415 0.0581866 0.0194835 0.00630135 0.00543646 0.0092142 0.0151219 0.0217547 0.0273153 0.0300257 0.0290865 0.0251645 0.0199534 0.0151647 0.0117252 0.00964504 0.00840897
 1.0815e-16 2.05879e-05 0.000200122 0.00132988 0.00604549 0.0188101 0.0400789 0.058508 0.0585639 0.0403521 0.0197276 0.00869696 0.00798992 0.0147538 0.027704 0.0458802 0.0663507 0.0839781 0.0935063 0.0924701 0.0825959 0.0684963 0.0547797 0.0438709 0.035812 0.0294785
 1.23683e-16 2.76923e-05 0.000269179 0.00178879 0.00813158 0.0253005 0.0539059 0.0786808 0.0786976 0.0539883 0.0255789 0.0089434 0.00385529 0.0048757 0.00905677 0.015664 0.0242854 0.0341608 0.0444543 0.0546979 0.0647754 0.0743436 0.0822587 0.0866886 0.0859734 0.0795974
pSPR Fmed_Fpbrs
0.488094   0.256322 0.256322
Fs Fmed_Fpbrs
0.463992   1.005 1.005
SSBpbr Bo_Bmed_Bpbrs
1.68653e+06  738860  347969 347969
Ro
109716
SPR SPRFo_SPRFmed_SPRFpbrs
781001 381202 200188
Fref
1.005
log_Ro
11.4256
likeval ReclasPelacesDesembMPH_pf_preclas_ppelaces_ptallas_desvR_qrecl_qpela
 15.112 28.6639 0.047831 0.0021683 235.544 104.341 80.3594 0 45.3668 0 0 0.125957 0 0 0
q_reclas_q_pelaces
1 1
M
1
N
 102722 45652 75960.4 8743.55 0.181232
 112849 32611.8 13334.4 22030.5 2534.94
 73603.1 31189.6 7667.15 3092.17 5692.34
 44349.6 20259 7285.57 1766.18 2021.99
 27202.5 7579.78 2244.1 777.841 403.61
 262632 5500.94 1092.62 314.319 165.216
 40319.2 67828.2 1163.01 227.11 99.5811
 12452.5 6621.31 7058.19 116.423 32.6333
 26463.7 3673.09 1723.67 1818 38.3704
 64074.4 3794.96 309.126 138.643 148.95
 90321.4 10182 375.081 29.3452 27.2397
 131020 29297.3 3075.7 112.618 16.984
 101310 30894.3 5371.5 551.989 23.2323
 69029.3 24557.3 5914.49 1007.93 107.819
 60036.9 11651.6 2667.64 618.881 116.511
 449870 11702.2 1585.57 352.105 96.9032
 42741.9 114932 2432.46 323.859 91.6234
 740804 12529 29628.1 620.252 105.88
 346897 219663 3288.45 7696.25 188.514
 246188 96331.7 52027.4 768.42 1841.1
 430902 68498.3 22885.9 12195.6 611.227
 565947 127569 17934.1 5929.74 3316.37
 60836.9 159767 31003.2 4303.43 2217.11
 337062 18999 45478.5 8756.02 1840.75
 239099 106560 5512.93 13100.7 3051.33
 85878.2 75764.6 31032.6 1594.01 4668.37
 282397 27656.9 22630.7 9210.29 1857.97
 334041 88564.8 7925 6435.23 3146.03
 44766.7 109172 27070.6 2408.61 2911.07
 26769.6 14762 33839.1 8346.87 1639.77
pred_Ctot
 9003.87 6058.15 10360.1 1194.27 0.024756
 18158.6 7714.47 3234.04 5350.28 615.672
 11994.9 7465.99 1881.59 759.854 1398.9
 15956.2 9827.42 3598.76 873.256 999.787
 8124.46 3137.91 948.031 328.956 170.7
 50907.2 1546.3 314.549 90.6024 47.6268
 15044.5 33913.8 591.854 115.684 50.7266
 1588.38 1258.54 1377.03 22.7453 6.37598
 10996.4 2004.81 956.123 1009.31 21.3034
 24593.9 1942.16 160.959 72.2562 77.6315
 6822.78 1169.97 44.3138 3.47213 3.22326
 30823.9 9821.84 1054.52 38.6581 5.83038
 22593.6 9869.56 1755.67 180.637 7.6032
 25126.5 12028.6 2949.56 503.134 53.8233
 18775.4 5019.14 1172.07 272.201 51.2476
 89492.4 3368.74 467.38 103.921 28.6022
 5592.17 22378 486.075 64.8059 18.3357
 92444.4 2332.39 5661.8 118.693 20.2629
 54999.4 51248.2 786.665 1843.56 45.1599
 38792.1 22345.2 12374.8 183.014 438.524
 54131.8 12832.6 4401.05 2348.54 117.714
 85034 28300.8 4080.66 1351.05 755.666
 5888.84 23329.1 4651.41 646.579 333.14
 30336.2 2586.39 6362.58 1226.78 257.923
 21211.2 14305.9 760.649 1810.22 421.657
 6836.95 9160.68 3857.37 198.429 581.185
 26674.9 3944.53 3316.58 1351.75 272.705
 23795.4 9612.94 884.556 719.347 351.699
 2959.07 11017.4 2809.77 250.375 302.63
 3204.67 2641.65 6217.13 1535.69 301.715
F
 0.147348 0.230703 0.237783 0.238168 0.238188
 0.285962 0.44773 0.461469 0.462216 0.462255
 0.290087 0.45419 0.468127 0.468885 0.468925
 0.766619 1.2003 1.23713 1.23913 1.23924
 0.598392 0.936901 0.965652 0.967215 0.967297
 0.353776 0.553907 0.570905 0.571828 0.571877
 0.806534 1.26279 1.30154 1.30365 1.30376
 0.220884 0.345838 0.356451 0.357028 0.357058
 0.942098 1.47504 1.52031 1.52277 1.5229
 0.839426 1.31429 1.35462 1.35681 1.35693
 0.125879 0.197088 0.203136 0.203465 0.203482
 0.444778 0.696388 0.717758 0.71892 0.718981
 0.417173 0.653168 0.673212 0.674301 0.674358
 0.779087 1.21982 1.25725 1.25928 1.25939
 0.63518 0.9945 1.02502 1.02668 1.02676
 0.364613 0.570874 0.588393 0.589344 0.589395
 0.227133 0.355622 0.366535 0.367128 0.367159
 0.215641 0.337628 0.347989 0.348552 0.348582
 0.281232 0.440324 0.453836 0.45457 0.454609
 0.279286 0.437277 0.450696 0.451425 0.451464
 0.217221 0.340103 0.35054 0.351107 0.351137
 0.264783 0.414571 0.427293 0.427984 0.428021
 0.163811 0.256478 0.264349 0.264776 0.264799
 0.151555 0.23729 0.244572 0.244968 0.244988
 0.149245 0.233673 0.240844 0.241233 0.241254
 0.133055 0.208324 0.214717 0.215064 0.215083
 0.159579 0.249853 0.257521 0.257937 0.257959
 0.118342 0.185287 0.190973 0.191282 0.191298
 0.10941 0.171304 0.17656 0.176846 0.176861
 0.206075 0.322652 0.332553 0.333091 0.33312
nmprior
 8 8 7 0
nm_flota  nm_reclas  nm_pelaces    nm_pelaL
inf 13.1408 8.40539 12.8668
cv_recla  cv_pelaces  cv_mph
0.359904 0.629988 1.43703
 ------------------------------------------------
Talla a la edad & desviación 
 8 13.2811 15.8009 17.003 17.5766
 0.8 1.32811 1.58009 1.7003 1.75766
