years
 1991 1992 1993 1994 1995 1996 1997 1998 1999 2000 2001 2002 2003 2004 2005 2006 2007 2008 2009 2010 2011 2012 2013 2014 2015 2016 2017 2018 2019 2020
reclasobs
 0 0 0 0 0 0 0 0 0 252601 567819 844713 477998 351125 339783 2.1784e+06 2.13404e+06 4.81314e+06 1.55562e+06 2.62356e+06 3.21686e+06 3.843e+06 1.13348e+06 3.07943e+06 1.97215e+06 2.03268e+06 2.025e+06 2.42433e+06 2.27542e+06 1.05018e+06
reclaspred
 3.44932e+06 1.47223e+06 783123 445969 156014 1.56085e+06 647494 308753 175975 207561 371727 612870 573824 400932 327788 1.70288e+06 1.22879e+06 3.82583e+06 3.08508e+06 2.01919e+06 3.77048e+06 3.20621e+06 2.02615e+06 3.48888e+06 2.38777e+06 1.77342e+06 2.57195e+06 3.24672e+06 2.36763e+06 1.00638e+06
pelacesobs
 0 0 0 0 0 0 0 0 0 0 0 0 0 0 0 552880 188675 0 991730 2.46772e+06 1.41603e+06 1.21717e+06 2.29649e+06 1.80582e+06 0 1.4828e+06 1.56532e+06 1.57751e+06 1.42118e+06 867257
pelacespred
 986259 434784 205763 81029.6 31550.4 422277 130685 88381.3 33960.7 43963.4 98906 134398 139357 94558.8 78165.5 394080 284515 1.08055e+06 858842 517386 983475 856902 546344 1.07008e+06 691051 511428 861762 1.06352e+06 642263 312885
mphobs
 0 0 0 0 0 0 0 0 0 0 0 498337 0 5186 125008 0 168611 109162 213762 579715 649985 157893 87575 83554 0 0 0 0 0 0
mphpred
 633335 326442 110938 74523.1 28348.2 11630.9 148068 46690.4 22254.9 8323.53 12943.3 42867.5 52636.1 38553.6 19908.6 22407.7 193700 126649 389706 271552 252343 346011 339939 218258 349768 255960 174718 240255 406147 223043
desembarqueobs
 494567 514787 250237 358949 120608 361735 552515 73892 212993 205616 52469 317467 293654 387597 252695 516296 358380 742168 942051 627588 828172 859565 418607 520667 417249 300574 407403 355545 319650 289779
desembarquepred
 494529 514933 249539 358886 120571 361591 551969 73878.1 212826 205489 52464 317299 293466 387147 252497 516017 358300 741814 941103 626949 827879 859024 418444 520538 417083 300442 407259 355428 319536 289660
Reclutas
 54877 46894.3 145849 34337.3 16745 282920 30099 8253.45 22451.8 56254.3 62432.5 121278 89086.3 67341.8 49905.2 406685 28658.4 642059 326267 221064 387061 517068 41963.1 286486 193334 66446.1 245193 295255 31534.6 17237.3
log_desv_Rt
 -0.48149 -0.638688 0.495988 -0.950354 -1.66848 1.15858 -1.08209 -2.37595 -1.37521 -0.456702 -0.352498 0.311499 0.00302074 -0.276803 -0.576459 1.52145 -1.13114 1.9781 1.30113 0.911866 1.472 1.76159 -0.749795 1.1711 0.777833 -0.290194 1.01546 1.20125 -1.0355 -1.63951
SSB
 2.1261e+06 1.09587e+06 372419 250174 95164.7 39045 497064 156739 74709.7 27942.1 43450.5 143906 176699 129424 66833 75222.5 650252 425159 1.30824e+06 911599 847115 1.16156e+06 1.14117e+06 732693 1.17417e+06 859256 586529 806535 1.36343e+06 748755
BT
 2.71791e+06 1.53697e+06 710103 460711 176202 1.29427e+06 784417 272447 279715 296133 271815 571197 585898 619402 431626 1.31726e+06 937911 3.16278e+06 2.87411e+06 1.76044e+06 2.95561e+06 2.76241e+06 1.62463e+06 2.96205e+06 1.98546e+06 1.45311e+06 2.4138e+06 2.8088e+06 1.74937e+06 1.02773e+06
Ftot
 0.225234 0.536397 0.545534 1.18938 1.16312 0.477084 1.21795 0.389145 1.8696 1.719 0.282301 0.922247 0.886874 1.58772 1.3654 0.612742 0.461577 0.383337 0.523469 0.530738 0.399296 0.477382 0.329091 0.281959 0.297727 0.282036 0.300521 0.209266 0.213494 0.444548
BD_Bspro_t
 0.964735 0.738228 0.458699 0.388107 0.175485 0.108049 0.489748 0.204834 0.14708 0.0779106 0.141493 0.41901 0.33832 0.241672 0.138833 0.159276 0.490285 0.379897 0.584501 0.4639 0.403648 0.478097 0.500463 0.432951 0.5807 0.564282 0.534292 0.637293 0.728496 0.597825
BD_Bspro
 3.36282 1.73331 0.589048 0.395695 0.15052 0.0617567 0.786196 0.247912 0.118167 0.0441955 0.0687249 0.227614 0.279482 0.204708 0.105709 0.118978 1.02849 0.672466 2.06922 1.44186 1.33987 1.83721 1.80498 1.15889 1.85716 1.35907 0.927702 1.27568 2.15652 1.18429
BD_Bo
 1.29384 0.666889 0.226635 0.152243 0.0579125 0.0237608 0.302488 0.0953838 0.0454646 0.0170041 0.0264418 0.0875741 0.10753 0.0787612 0.0406712 0.0457766 0.395711 0.25873 0.796131 0.554753 0.515512 0.706866 0.694462 0.44588 0.714541 0.5229 0.356932 0.490817 0.829717 0.455655
BD_Brms
 7.19372 3.70789 1.26009 0.846469 0.321992 0.13211 1.68183 0.530331 0.252782 0.0945426 0.147016 0.48691 0.597865 0.43791 0.226131 0.254517 2.20014 1.43853 4.42647 3.08442 2.86623 3.93016 3.86119 2.47908 3.97283 2.90731 1.98453 2.72893 4.61321 2.53343
Sel_flota
 0.722712 0.980206 0.998938 0.999944 0.999997
 0.722712 0.980206 0.998938 0.999944 0.999997
 0.722712 0.980206 0.998938 0.999944 0.999997
 0.722712 0.980206 0.998938 0.999944 0.999997
 0.722712 0.980206 0.998938 0.999944 0.999997
 0.722712 0.980206 0.998938 0.999944 0.999997
 0.722712 0.980206 0.998938 0.999944 0.999997
 0.722712 0.980206 0.998938 0.999944 0.999997
 0.722712 0.980206 0.998938 0.999944 0.999997
 0.722712 0.980206 0.998938 0.999944 0.999997
 0.722712 0.980206 0.998938 0.999944 0.999997
 0.722712 0.980206 0.998938 0.999944 0.999997
 0.722712 0.980206 0.998938 0.999944 0.999997
 0.722712 0.980206 0.998938 0.999944 0.999997
 0.722712 0.980206 0.998938 0.999944 0.999997
 0.722712 0.980206 0.998938 0.999944 0.999997
 0.722712 0.980206 0.998938 0.999944 0.999997
 0.722712 0.980206 0.998938 0.999944 0.999997
 0.722712 0.980206 0.998938 0.999944 0.999997
 0.722712 0.980206 0.998938 0.999944 0.999997
 0.722712 0.980206 0.998938 0.999944 0.999997
 0.722712 0.980206 0.998938 0.999944 0.999997
 0.722712 0.980206 0.998938 0.999944 0.999997
 0.722712 0.980206 0.998938 0.999944 0.999997
 0.722712 0.980206 0.998938 0.999944 0.999997
 0.722712 0.980206 0.998938 0.999944 0.999997
 0.722712 0.980206 0.998938 0.999944 0.999997
 0.722712 0.980206 0.998938 0.999944 0.999997
 0.722712 0.980206 0.998938 0.999944 0.999997
 0.722712 0.980206 0.998938 0.999944 0.999997
Sel_reclas
 1 1 1 1 1
 1 1 1 1 1
 1 1 1 1 1
 1 1 1 1 1
 1 1 1 1 1
 1 1 1 1 1
 1 1 1 1 1
 1 1 1 1 1
 1 1 1 1 1
 1 1 1 1 1
 1 1 1 1 1
 1 1 1 1 1
 1 1 1 1 1
 1 1 1 1 1
 1 1 1 1 1
 1 1 1 1 1
 1 1 1 1 1
 1 1 1 1 1
 1 1 1 1 1
 1 1 1 1 1
 1 1 1 1 1
 1 1 1 1 1
 1 1 1 1 1
 1 1 1 1 1
 1 1 1 1 1
 1 1 1 1 1
 1 1 1 1 1
 1 1 1 1 1
 1 1 1 1 1
 1 1 1 1 1
Sel_pelaces
 1 1 1 1 1
 1 1 1 1 1
 1 1 1 1 1
 1 1 1 1 1
 1 1 1 1 1
 1 1 1 1 1
 1 1 1 1 1
 1 1 1 1 1
 1 1 1 1 1
 1 1 1 1 1
 1 1 1 1 1
 1 1 1 1 1
 1 1 1 1 1
 1 1 1 1 1
 1 1 1 1 1
 1 1 1 1 1
 1 1 1 1 1
 1 1 1 1 1
 1 1 1 1 1
 1 1 1 1 1
 1 1 1 1 1
 1 1 1 1 1
 1 1 1 1 1
 1 1 1 1 1
 1 1 1 1 1
 1 1 1 1 1
 1 1 1 1 1
 1 1 1 1 1
 1 1 1 1 1
 1 1 1 1 1
pf_obs 
 0.8446 0.082 0.0669 0.0065 0
 0.8095 0.147 0.0364 0.0071 0
 0.9664 0.0169 0.016 0.0007 0
 0.9276 0.0648 0.0075 0.0001 0
 0.7033 0.2144 0.0806 0.0017 0
 0.9318 0.0425 0.0243 0.0014 0
 0.5671 0.3108 0.0964 0.0239 0.0018
 0.0768 0.2599 0.5324 0.112 0.0189
 0.490249 0.384438 0.106611 0.0170017 0.00170017
 0.7925 0.1577 0.0466 0.003 0.0002
 0.840416 0.127587 0.0312969 0.00059994 9.999e-05
 0.8084 0.0986 0.0794 0.0134 0.0002
 0.7335 0.1905 0.0724 0.0035 0.0001
 0.4001 0.4547 0.1325 0.0127 0
 0.49795 0.308269 0.164784 0.0264974 0.00249975
 0.9179 0.0499 0.0305 0.0017 0
 0.2467 0.6533 0.0926 0.0074 0
 0.9418 0.0223 0.034 0.0019 0
 0.707729 0.231977 0.0356964 0.0245975 0
 0.517169 0.277429 0.184464 0.0207286 0.00020938
 0.811772 0.124168 0.05621 0.00726502 0.000585176
 0.764997 0.148141 0.077277 0.00933861 0.000247198
 0.163321 0.427699 0.378323 0.0303852 0.000271297
 0.753843 0.0900009 0.118128 0.0371064 0.000921714
 0.721811 0.176058 0.0630433 0.0369309 0.00215725
 0.143369 0.312575 0.442814 0.0836902 0.0175525
 0.692698 0.0596174 0.167031 0.0765114 0.00414204
 0.394062 0.376323 0.152708 0.0712218 0.00568511
 0.125707 0.32114 0.495352 0.0537591 0.00404204
 0.23352 0.215282 0.420074 0.123614 0.00750983
pf_pred 
 0.227406 0.231919 0.480214 0.0604611 8.44209e-07
 0.383122 0.180308 0.132964 0.269689 0.0339182
 0.822805 0.0848985 0.027463 0.0197641 0.0450697
 0.4043 0.520112 0.0367002 0.0115822 0.0273057
 0.574599 0.224503 0.176157 0.012024 0.0127173
 0.982704 0.0119402 0.0028705 0.00218004 0.000305639
 0.248673 0.742357 0.00623844 0.00146441 0.00126646
 0.326728 0.237036 0.431201 0.00350469 0.00153137
 0.775544 0.0927124 0.0470741 0.0836934 0.000976255
 0.9509 0.0426889 0.00271794 0.00132151 0.00237142
 0.885218 0.111611 0.00277189 0.000169455 0.000229725
 0.826328 0.158946 0.014328 0.000348292 5.00984e-05
 0.732921 0.235418 0.0290481 0.00254245 7.0581e-05
 0.72656 0.221647 0.0458101 0.00548994 0.000493081
 0.812848 0.15456 0.0266122 0.00528986 0.000689435
 0.976168 0.0209905 0.0023616 0.000392421 8.80017e-05
 0.184697 0.802049 0.0117084 0.00128437 0.000260924
 0.941152 0.0144441 0.0436991 0.000623165 8.21425e-05
 0.575564 0.406803 0.00440185 0.0130209 0.000209905
 0.580837 0.278055 0.135386 0.00142989 0.00429232
 0.782187 0.145895 0.0480963 0.0228568 0.000964764
 0.758281 0.202376 0.0265526 0.00855708 0.00423309
 0.162872 0.685758 0.127223 0.0163032 0.00784304
 0.793587 0.0444157 0.133228 0.0241843 0.00458462
 0.590911 0.345637 0.0138845 0.0407729 0.00879433
 0.370499 0.421352 0.176468 0.0069387 0.0247424
 0.808784 0.0864875 0.0705937 0.0289445 0.00519024
 0.724184 0.236286 0.0180931 0.0144552 0.00698161
 0.166353 0.653396 0.154878 0.0116205 0.0137529
 0.224506 0.167987 0.478264 0.111067 0.0181754
pobs_RECLAS
 0 0 0 0 0
 0 0 0 0 0
 0 0 0 0 0
 0 0 0 0 0
 0 0 0 0 0
 0 0 0 0 0
 0 0 0 0 0
 0 0 0 0 0
 0 0 0 0 0
 0 0 0 0 0
 0.991045 0.00858322 0.000360255 1.14367e-05 0
 0.934742 0.0480273 0.0164251 0.00080598 0
 0.827803 0.169806 0.00239088 0 0
 0.941827 0.0461693 0.0120037 0 0
 0.791401 0.0380133 0.147996 0.0225897 0
 0.846168 0.0940531 0.0597789 0 0
 0.134021 0.677848 0.182769 0.00536245 0
 0.80878 0.0450904 0.141981 0.00414843 0
 0.846168 0.0940531 0.0597789 0 0
 0.905697 0.0802665 0.012482 0.00150086 5.37128e-05
 0.989698 0.0102097 9.19794e-05 0 0
 0.975433 0.0193895 0.00387452 0.00125025 5.28907e-05
 0.303575 0.632131 0.0575291 0.00676475 0
 0.966965 0.00978017 0.0227588 0.000495775 0
 0.843318 0.132988 0.00938335 0.0141283 0.000182051
 0.564624 0.303363 0.111486 0.0197234 0.00080311
 0.826376 0.0876187 0.0782897 0.00655872 0.00115652
 0.89761 0.0855135 0.0140674 0.00269457 0.000114338
 0.34875 0.467042 0.161289 0.0227151 0.000203297
 0.318654 0.224769 0.449479 0.00709798 0
ppred_RECLAS
 0.289244 0.216273 0.439237 0.055245 7.71336e-07
 0.464905 0.158728 0.114714 0.232423 0.0292297
 0.866186 0.0648143 0.020547 0.014771 0.0336818
 0.492073 0.444778 0.0306805 0.00967078 0.0227979
 0.659871 0.181425 0.13918 0.00948865 0.0100352
 0.987443 0.00872359 0.0020557 0.00155956 0.000218637
 0.320646 0.671428 0.00551509 0.00129303 0.00111818
 0.402584 0.21303 0.379954 0.00308493 0.00134788
 0.839483 0.0673633 0.0333153 0.0591485 0.000689896
 0.966251 0.0294418 0.00182745 0.000887333 0.00159219
 0.913364 0.0842881 0.00205293 0.000125373 0.000169955
 0.869887 0.119296 0.0105247 0.000255547 3.67558e-05
 0.793895 0.182131 0.0219975 0.00192315 5.33854e-05
 0.795793 0.1663 0.0335326 0.0040133 0.000360431
 0.862518 0.114006 0.0191731 0.00380636 0.000496055
 0.982691 0.0152824 0.00168467 0.000279634 6.27051e-05
 0.237507 0.75034 0.0107373 0.00117659 0.000239015
 0.95699 0.0107147 0.031783 0.000452762 5.96775e-05
 0.65156 0.334252 0.00354474 0.0104743 0.000168843
 0.657842 0.228511 0.109043 0.00115044 0.00345325
 0.832153 0.113172 0.0365782 0.0173647 0.00073291
 0.812337 0.157636 0.0202731 0.00652644 0.00322837
 0.210833 0.648765 0.118025 0.0151087 0.00726802
 0.842129 0.0344977 0.101483 0.0184026 0.00348838
 0.664501 0.284349 0.0112018 0.0328607 0.00708735
 0.447309 0.372335 0.152931 0.006007 0.0214189
 0.85391 0.0667964 0.0534672 0.0218996 0.00392676
 0.782119 0.187182 0.0140589 0.0112206 0.00541905
 0.21459 0.618166 0.143723 0.0107725 0.0127485
 0.287745 0.156735 0.437437 0.101478 0.0166053
pobs_PELACES
 0 0 0 0 0
 0 0 0 0 0
 0 0 0 0 0
 0 0 0 0 0
 0 0 0 0 0
 0 0 0 0 0
 0 0 0 0 0
 0 0 0 0 0
 0 0 0 0 0
 0 0 0 0 0
 0 0 0 0 0
 0 0 0 0 0
 0 0 0 0 0
 0 0 0 0 0
 0 0 0 0 0
 0 0 0 0 0
 0.505614 0.472636 0.0217494 0 0
 0 0 0 0 0
 0.443492 0.261883 0.143347 0.151278 0
 0.227955 0.32914 0.350689 0.0885471 0.00366901
 0.970185 0.0296113 0.000203453 0 0
 0.997202 0.00247181 0.000326279 0 0
 0.445219 0.490057 0.0546422 0.010081 0
 0.90214 0.0892962 0.00764917 0.000914606 0
 0 0 0 0 0
 0.581667 0.319106 0.0959925 0.00289975 0.000334073
 0.762889 0.0836404 0.116647 0.0363945 0.000428098
 0.88444 0.0763242 0.0277011 0.0115352 0
 0.521256 0.241999 0.230069 0.00667565 0
 0.616807 0.101726 0.260614 0.0208532 0
ppred_PELACES
 0.293396 0.215219 0.436488 0.0548952 7.66449e-07
 0.476863 0.155557 0.11205 0.226985 0.0285455
 0.87167 0.0622702 0.0196741 0.0141409 0.0322446
 0.517566 0.422851 0.0289543 0.00912307 0.0215063
 0.682421 0.169969 0.129457 0.00882237 0.00933031
 0.987946 0.00838129 0.00196922 0.00149372 0.000209404
 0.343615 0.648784 0.00528912 0.00123955 0.00107191
 0.410936 0.210377 0.374321 0.0030388 0.00132772
 0.860587 0.0589131 0.0288014 0.0511026 0.000596032
 0.970743 0.0255588 0.00156967 0.000761731 0.00136677
 0.915247 0.0824599 0.00200491 0.000122428 0.000165962
 0.878553 0.111403 0.00977253 0.00023721 3.41178e-05
 0.806053 0.171497 0.0205998 0.00180043 4.9978e-05
 0.817119 0.149206 0.0297918 0.00356371 0.000320045
 0.875864 0.103088 0.0171912 0.00341136 0.000444568
 0.983562 0.0145199 0.00159457 0.000264624 5.93386e-05
 0.244692 0.743304 0.0106063 0.00116206 0.000236061
 0.958382 0.0103864 0.0307362 0.000437794 5.77043e-05
 0.66162 0.324647 0.00343175 0.0101387 0.000163431
 0.668162 0.221861 0.105523 0.00111311 0.00334115
 0.83695 0.110027 0.0354741 0.0168384 0.000710688
 0.818514 0.15252 0.0195574 0.00629505 0.00311389
 0.215585 0.645094 0.117119 0.014991 0.00721137
 0.845468 0.0338146 0.0992998 0.0180051 0.00341301
 0.670182 0.279616 0.0109951 0.0322511 0.00695584
 0.453383 0.368454 0.151073 0.00593348 0.0211567
 0.857193 0.0653626 0.0522223 0.0213876 0.00383493
 0.785166 0.184599 0.013847 0.0110507 0.00533698
 0.217712 0.615883 0.143004 0.0107178 0.0126838
 0.295999 0.155255 0.432116 0.100229 0.0164008
pobs_pel_tallas
 0 0 0 0 0 0 0 0 0 0 0 0 0 0 0 0 0 0 0 0 0 0 0 0 0 0
 0 0 0 0 0 0 0 0 0 0 0 0 0 0 0 0 0 0 0 0 0 0 0 0 0 0
 0 0 0 0 0 0 0 0 0 0 0 0 0 0 0 0 0 0 0 0 0 0 0 0 0 0
 0 0 0 0 0 0 0 0 0 0 0 0 0 0 0 0 0 0 0 0 0 0 0 0 0 0
 0 0 0 0 0 0 0 0 0 0 0 0 0 0 0 0 0 0 0 0 0 0 0 0 0 0
 0 0 0 0 0 0 0 0 0 0 0 0 0 0 0 0 0 0 0 0 0 0 0 0 0 0
 0 0 0 0 0 0 0 0 0 0 0 0 0 0 0 0 0 0 0 0 0 0 0 0 0 0
 0 0 0 0 0 0 0 0 0 0 0 0 0 0 0 0 0 0 0 0 0 0 0 0 0 0
 0 0 0 0 0 0 0 0 0 0 0 0 0 0 0 0 0 0 0 0 0 0 0 0 0 0
 0 0 0 0 0 0 0 0 0 0 0 0 0 0 0 0 0 0 0 0 0 0 0 0 0 0
 0 0 0 0 0 0 0 0 0 0 0 0 0 0 0 0 0 0 0 0 0 0 0 0 0 0
 0 0 0 0 0 0 0 0 0 0 0 0 0 0 0 0 0 0 0 0 0 0 0 0 0 0
 0.00862536 0 0 0.000197151 0.00414017 0.0128641 0.00837892 0.0270097 0.101434 0.158115 0.152841 0.127902 0.109271 0.109419 0.0830992 0.0579132 0.0238553 0.00714673 0.00463305 0.00128148 0.00103504 0.000492878 0.000147863 0.000147863 4.92878e-05 0
 0 0 0 0 0 0 0 0 0 0 0 0 0 0 0 0 0 0 0 0 0 0 0 0 0 0
 0 0 0 0 0 0 0 0.0054083 0.00873648 0.0413646 0.0450493 0.0745869 0.0622846 0.0627006 0.0613931 0.0827291 0.12552 0.122667 0.0946155 0.0697135 0.0546179 0.0294188 0.0215738 0.0213955 0.0102223 0.00600262
 0 0 0 0 0.00359764 0.0251062 0.0480494 0.140153 0.205849 0.193036 0.1447 0.116669 0.0760912 0.0342217 0.00950174 0.001854 0.000860785 0 0 0 0.000165536 0 0.000143464 0 0 0
 0 0 0 0 0 0 0 0.000145254 0.000435761 0.0275982 0.070085 0.0708112 0.156366 0.174668 0.174014 0.160142 0.0824315 0.0480064 0.0283245 0.00493863 0.00203355 0 0 0 0 0
 0 0 0 0 0 0 0 0 0 0 0 0 0 0 0 0 0 0 0 0 0 0 0 0 0 0
 0 0 1.00437e-05 0.000401748 0.00122533 0.00171747 0.00176769 0.0269171 0.070346 0.194647 0.189555 0.159765 0.064822 0.0314167 0.0384472 0.0292271 0.0345202 0.0313363 0.0194345 0.0106764 0.0143323 0.0359363 0.0279516 0.0138201 0.00172751 0
 0 0.0021121 0.0136068 0.0755702 0.200478 0.177729 0.0527432 0.0373336 0.0318909 0.0142505 0.0149659 0.0166563 0.0217959 0.0798694 0.0677717 0.0528807 0.04013 0.0224614 0.0357745 0.0225083 0.00881397 0.00855152 0.00135912 0.000746735 0 0
 0 0 0 0 5.4009e-05 0.00500934 0.000945158 0.0243581 0.138947 0.33067 0.221406 0.137944 0.0707744 0.0437923 0.0131692 0.00525238 0.0047753 0.00276346 9.45158e-05 9.00151e-06 2.25038e-05 9.00151e-06 4.50075e-06 0 0 0
 0.000866109 0.00284123 0.00948549 0.0512746 0.133035 0.25785 0.225252 0.132002 0.0553304 0.0519788 0.0540692 0.017754 0.00435017 0.00159236 0.00146478 0.000404838 0.000125132 0.000115318 0.000107957 0.000100596 0 0 0 0 0 0
 0 0 0 0 0.00144013 0.00171154 0.00461396 0.0210425 0.0478622 0.0707936 0.0888783 0.103762 0.0637923 0.0337046 0.0602308 0.124433 0.169614 0.0934646 0.0462172 0.0250306 0.0313229 0.00938855 0.002487 0.000210481 0 0
 0 0.00764035 0.051015 0.0998891 0.058973 0.0496711 0.0374665 0.0718981 0.12319 0.153886 0.159021 0.0857701 0.0377988 0.023471 0.0147837 0.00900784 0.00315554 0.000888139 0.00291439 0.00214683 0.00393193 0.00274676 0.000635225 9.99891e-05 0 0
 0 0 0 0 0 0 0 0 0 0 0 0 0 0 0 0 0 0 0 0 0 0 0 0 0 0
 0 0 0 0 0 0 0 0 0 0 0 0 0 0 0 0 0 0 0 0 0 0 0 0 0 0
 0 0 0 0 0 0 0 0 0 0 0 0 0 0 0 0 0 0 0 0 0 0 0 0 0 0
 0 0 0 0 0 0 0 0 0 0 0 0 0 0 0 0 0 0 0 0 0 0 0 0 0 0
 0 0 0 0 0 0 0 0 0 0 0 0 0 0 0 0 0 0 0 0 0 0 0 0 0 0
 0 0 0 0 0 0 0 0 0 0 0 0 0 0 0 0 0 0 0 0 0 0 0 0 0 0
ppred_pel_tallas
 1.18157e-16 2.41667e-05 0.000234909 0.00156106 0.00709634 0.0220795 0.0470434 0.0686657 0.0686871 0.0471482 0.0224332 0.00812634 0.00417749 0.00604913 0.0113667 0.0195362 0.0299634 0.0414779 0.0527717 0.0630497 0.0721205 0.079763 0.0850321 0.0863291 0.0823191 0.0729439
 1.30868e-16 3.92786e-05 0.000381802 0.00253721 0.0115338 0.035886 0.0764595 0.111598 0.111613 0.076534 0.0361367 0.0122611 0.00437483 0.0044346 0.0078617 0.0132766 0.0199602 0.0269593 0.0334251 0.039229 0.0450891 0.0519341 0.059944 0.0680318 0.0741717 0.076327
 1.07459e-16 7.17983e-05 0.000697905 0.00463783 0.0210829 0.0655967 0.139761 0.203987 0.203993 0.13979 0.0656958 0.0213694 0.00535846 0.00227629 0.00308551 0.0050317 0.00735197 0.00949514 0.0109732 0.0116176 0.0117012 0.0117553 0.0122134 0.0131465 0.0142538 0.0150571
 1.05499e-16 4.26313e-05 0.000414391 0.00275378 0.0125183 0.0389493 0.0829871 0.121131 0.121171 0.083186 0.039617 0.0144463 0.0075912 0.0109675 0.0200646 0.0330512 0.0474883 0.0594762 0.0650812 0.0625204 0.0532572 0.0410585 0.0297877 0.0216258 0.0167369 0.0140765
 1.06244e-16 5.62102e-05 0.000546383 0.00363091 0.0165056 0.0513551 0.109418 0.159702 0.159719 0.109499 0.0516273 0.017294 0.00561784 0.00491016 0.00842077 0.0140328 0.0206757 0.0269713 0.0315196 0.0336249 0.0336086 0.0323939 0.0307428 0.0288128 0.0263164 0.0229984
 1.00245e-16 8.13758e-05 0.000791002 0.00525649 0.0238952 0.0743469 0.158404 0.231195 0.231196 0.158408 0.0743602 0.0239336 0.00535298 0.00100193 0.000482865 0.000671858 0.000965671 0.00122668 0.00137616 0.00138093 0.0012683 0.00110562 0.000956916 0.000850677 0.000777992 0.000712862
 1.00625e-16 2.83033e-05 0.000275118 0.00182826 0.00831104 0.0258591 0.0550978 0.0804299 0.0804923 0.0554026 0.026882 0.0112639 0.00923349 0.0164178 0.0306187 0.0503969 0.07218 0.0898932 0.0973682 0.0917671 0.0753271 0.0539648 0.0339003 0.0188772 0.00955298 0.00463197
 1.11386e-16 3.38483e-05 0.000329018 0.00218644 0.00993925 0.0309248 0.0658893 0.0961717 0.0961925 0.0659912 0.0312685 0.0109388 0.00472072 0.00594482 0.0109429 0.0186695 0.0283553 0.0386882 0.04822 0.0560656 0.0620812 0.0663131 0.0683121 0.0670966 0.0618726 0.052852
 1.06073e-16 7.08854e-05 0.000689031 0.00457886 0.0208148 0.0647627 0.137984 0.201393 0.201398 0.138012 0.0648569 0.0210876 0.00526615 0.00219836 0.00296455 0.00486254 0.0071779 0.00942338 0.0111721 0.0122772 0.0129601 0.01362 0.0145045 0.0155053 0.0162199 0.0162003
 1.0036e-16 7.99588e-05 0.000777228 0.00516495 0.0234791 0.0730523 0.155646 0.22717 0.227173 0.155658 0.0730927 0.0235957 0.00545731 0.00141499 0.00128989 0.00200258 0.00286949 0.00359308 0.00393114 0.00377625 0.00321779 0.0024845 0.00181054 0.00132744 0.00104357 0.000893335
 1.0012e-16 7.53877e-05 0.000732795 0.00486968 0.0221369 0.0688761 0.146748 0.214185 0.214193 0.146787 0.0690061 0.0225123 0.00581135 0.00278588 0.00396692 0.00641871 0.00919183 0.0114592 0.0124344 0.0117567 0.00970719 0.00703131 0.0045109 0.00261407 0.00142094 0.000769215
 1.00341e-16 7.23653e-05 0.000703416 0.00467445 0.0212494 0.0661148 0.140865 0.205599 0.205609 0.140917 0.0662907 0.0217574 0.00594916 0.00348432 0.00534849 0.00871345 0.0125113 0.0156609 0.0171118 0.0163768 0.0138189 0.0104092 0.00715727 0.00465431 0.0029907 0.00196083
 1.00828e-16 6.63935e-05 0.000645369 0.0042887 0.0194958 0.0606589 0.129241 0.188634 0.188651 0.129321 0.0609299 0.0202786 0.00625314 0.00493246 0.00820447 0.0134481 0.0193406 0.0242656 0.0266194 0.0256558 0.0219228 0.0168874 0.0120634 0.00832069 0.0057729 0.00410278
 1.0131e-16 6.7305e-05 0.000654229 0.00434758 0.0197635 0.0614916 0.131015 0.191223 0.191237 0.131085 0.0617278 0.0204459 0.00606111 0.00439681 0.00718076 0.0117791 0.0169945 0.0214372 0.0237333 0.023239 0.0204073 0.0164554 0.0126169 0.00956735 0.00735753 0.00571527
 1.0094e-16 7.21438e-05 0.000701264 0.00466014 0.0211843 0.0659124 0.140434 0.204969 0.204979 0.140482 0.0660755 0.0216555 0.00584294 0.00328391 0.00497881 0.00812128 0.0117022 0.0147363 0.0162699 0.0158604 0.0138308 0.0110397 0.00835939 0.00627045 0.00480832 0.00376999
 1.00087e-16 8.10147e-05 0.000787491 0.00523316 0.0237892 0.074017 0.157701 0.23017 0.230171 0.157708 0.0740399 0.0238554 0.00539944 0.00115035 0.000769751 0.00114326 0.00163648 0.00205223 0.00225027 0.00216752 0.00185106 0.00142596 0.00102107 0.000710139 0.000501968 0.000368123
 1.00653e-16 2.01551e-05 0.000195915 0.00130192 0.0059184 0.0184147 0.0392372 0.0572828 0.0573543 0.0395864 0.0195869 0.00930198 0.00978755 0.0186948 0.0350786 0.0577648 0.0827516 0.103096 0.111736 0.105417 0.0866907 0.0623094 0.0393704 0.0221407 0.0113699 0.00559224
 1.00944e-16 7.89406e-05 0.000767331 0.00509919 0.0231802 0.0721221 0.153664 0.224277 0.224278 0.153669 0.0721394 0.0232309 0.0052287 0.00105718 0.000650217 0.00100402 0.00156384 0.00222565 0.00293179 0.00363983 0.0043143 0.00489583 0.00528062 0.00534701 0.00502142 0.00433396
 1.01227e-16 5.44968e-05 0.000529728 0.00352023 0.0160025 0.0497898 0.106084 0.154839 0.15487 0.106236 0.0503018 0.0174804 0.0072269 0.00861087 0.0153712 0.025245 0.0361737 0.045099 0.0489501 0.0463261 0.0383593 0.0280064 0.0183504 0.0112086 0.00683856 0.0045265
 1.03779e-16 5.50357e-05 0.000534966 0.00355504 0.0161607 0.0502821 0.107132 0.156367 0.156388 0.107237 0.0506353 0.0171822 0.00612453 0.00616178 0.0107926 0.0178879 0.0260693 0.0334144 0.0379697 0.0387805 0.0363765 0.0322648 0.0278859 0.023901 0.0202372 0.016604
 1.02861e-16 6.89385e-05 0.000670107 0.00445309 0.0202431 0.0629839 0.134194 0.195863 0.195873 0.134246 0.0631587 0.0207483 0.00572284 0.00344786 0.00536185 0.00880127 0.0127812 0.0163051 0.0184055 0.0186401 0.0173354 0.015323 0.0133871 0.0118671 0.0106546 0.009464
 1.01762e-16 6.74199e-05 0.000655346 0.004355 0.0197972 0.0615966 0.131239 0.19155 0.191564 0.13131 0.0618377 0.0204937 0.00610311 0.00447116 0.0073135 0.0119819 0.0172494 0.0216833 0.0238728 0.0231711 0.020078 0.015898 0.011957 0.00898615 0.00702795 0.00574071
 1.06269e-16 1.77576e-05 0.00017261 0.00114706 0.00521439 0.0162242 0.0345698 0.0504686 0.0505308 0.0348738 0.0172451 0.00816356 0.00855163 0.0163427 0.0307445 0.050842 0.0733368 0.0924237 0.10217 0.0998059 0.0873301 0.0700754 0.0534527 0.0404358 0.0312403 0.0246205
 1.05258e-16 6.96401e-05 0.000676926 0.00449841 0.0204491 0.0636249 0.13556 0.197854 0.197857 0.135576 0.0636815 0.0206147 0.0049215 0.00162504 0.00194227 0.00328896 0.00517101 0.00742339 0.00990488 0.0125202 0.015191 0.0177348 0.0197764 0.0208227 0.0204903 0.0187252
 1.04801e-16 5.52021e-05 0.000536584 0.00356579 0.0162096 0.0504342 0.107456 0.156841 0.156868 0.107588 0.0508756 0.0174842 0.00676374 0.00751286 0.0132907 0.021851 0.0313981 0.0393441 0.0431107 0.0415571 0.0356951 0.0280451 0.021149 0.0163743 0.0137004 0.012293
 1.0863e-16 3.73446e-05 0.000363003 0.00241228 0.0109659 0.0341192 0.0726959 0.106109 0.106145 0.0728703 0.0347051 0.01266 0.00667218 0.00968684 0.0178166 0.0295817 0.0430436 0.0550313 0.0623021 0.0633129 0.0590458 0.0521543 0.0451794 0.0392894 0.0342958 0.0295047
 1.04318e-16 7.06058e-05 0.000686314 0.0045608 0.0207327 0.0645072 0.13744 0.200599 0.200605 0.137471 0.0646121 0.0210367 0.00532744 0.00237208 0.00330817 0.00545221 0.0080713 0.0106246 0.0126084 0.0137938 0.0143287 0.0145575 0.0147113 0.0147364 0.0143785 0.0134088
 1.02459e-16 6.46731e-05 0.000628646 0.00417757 0.0189907 0.0590871 0.125892 0.183747 0.183764 0.125979 0.0593786 0.0198326 0.00629026 0.00523825 0.00881228 0.0144488 0.0207689 0.0260406 0.028552 0.0275303 0.0236132 0.0184321 0.0136476 0.0101784 0.00806592 0.00683991
 1.07506e-16 1.79327e-05 0.000174313 0.00115837 0.00526583 0.0163843 0.0349106 0.0509655 0.0510249 0.0352011 0.0173599 0.00808495 0.00823875 0.015644 0.0294359 0.0487342 0.0704301 0.0890382 0.0989435 0.0975089 0.0865783 0.0710965 0.0560323 0.0440446 0.0352469 0.0284801
 1.25337e-16 2.43811e-05 0.000236993 0.0015749 0.00715929 0.0222753 0.0474604 0.0692732 0.0692888 0.0475372 0.0225348 0.00791746 0.00351064 0.00457095 0.00857356 0.0149688 0.023513 0.0336655 0.0447948 0.0565014 0.068512 0.0801114 0.0896885 0.09502 0.0942712 0.0870154
pSPR Fmed_Fpbrs
0.416899   0.229857 0.229857
Fs Fmed_Fpbrs
0.538983   1.005 1.005
SSBpbr Bo_Bmed_Bpbrs
1.64325e+06  602908  295550 295550
Ro
88817.6
SPR SPRFo_SPRFmed_SPRFpbrs
632239 263580 145324
Fref
1.005
log_Ro
11.2143
likeval ReclasPelacesDesembMPH_pf_preclas_ppelaces_ptallas_desvR_qrecl_qpela
 10.7819 48.0632 0.0854814 0.000933353 246.32 104.307 82.8229 0 55.0279 1.1773e-05 0 0.169086 0 0 0
q_reclas_q_pelaces
1.62615 1
M
1
N
 54877 42239.9 85967.5 10813.8 0.150984
 46894.3 17155.4 12460.8 25253.7 3175.98
 145849 11707.6 3730.47 2682.53 6116.96
 34337.3 36172.8 2523.13 795.79 1876.05
 16745 5347.61 4147.35 282.912 299.216
 282920 2657.8 629.11 477.392 66.9269
 30099 73727 612.539 143.7 124.272
 8253.45 4591.75 8219.62 66.75 29.165
 22451.8 2291.92 1153.52 2049.9 23.9109
 56254.3 2138.68 134.903 65.5597 117.642
 62432.5 5974.72 145.907 8.9118 12.0809
 121278 18728.8 1666.66 40.4864 5.82337
 89086.3 22909.8 2790.08 244.035 6.7744
 67341.8 17264.5 3533.34 423.221 38.0107
 49905.2 7864.15 1339.58 266.124 34.6833
 406685 6843.75 758.769 125.985 28.2513
 28658.4 96082.1 1380.88 151.352 30.7463
 642059 7552.36 22483.1 320.342 42.224
 326267 179045 1908.11 5639.71 90.9118
 221064 82220 39430.2 416.112 1249.05
 387061 55416.7 17978.3 8536.55 360.304
 517068 106698 13783.7 4438.4 2195.53
 41963.1 134715 24583.5 3147.51 1514.12
 286486 12169.7 35894.6 6509.95 1234.03
 193334 85962.7 3395.91 9963.49 2148.93
 66446.1 57354.2 23619.7 927.894 3308.58
 245193 19936.7 16003.3 6555.76 1175.51
 295255 72592.1 5462.94 4360.52 2105.95
 31534.6 93372.8 21752.6 1630.59 1929.71
 17237.3 9942.22 27863.9 6465.39 1057.98
pred_Ctot
 5280.7 5385.5 11151.3 1404 0.0196038
 9829.86 4626.21 3411.5 6919.48 870.248
 31013.8 3200.06 1035.16 744.962 1698.8
 13400.3 17238.8 1216.41 383.887 905.032
 6433.63 2513.7 1972.39 134.63 142.393
 53635.3 651.69 156.67 118.985 16.6816
 11941.2 35647.7 299.568 70.3202 60.8151
 1308.59 949.36 1727.02 14.0368 6.13335
 11673.6 1395.52 708.566 1259.77 14.6947
 27856.8 1250.58 79.6226 38.7138 69.4711
 7405.63 933.724 23.1893 1.41764 1.92185
 39342 7567.52 682.166 16.5824 2.38522
 28053.5 9010.94 1111.85 97.3158 2.70158
 31781 9695.22 2003.81 240.139 21.5682
 21387.6 4066.78 700.218 139.186 18.1403
 95330.5 2049.88 230.629 38.3231 8.59407
 5279.53 22926.4 334.683 36.7134 7.45846
 100447 1541.58 4663.88 66.5087 8.76684
 66985.5 47344.7 512.297 1515.4 24.4292
 45922.7 21983.9 10704 113.052 339.364
 62787.1 11711.2 3860.75 1834.74 77.4427
 98077.7 26175.8 3434.38 1106.79 547.517
 5724.5 24102.5 4471.54 573.01 275.661
 33944.6 1899.82 5698.67 1034.45 196.101
 24077.9 14083.7 565.754 1661.38 358.343
 7874.91 8955.76 3750.8 147.481 525.895
 30798.2 3293.41 2688.18 1102.19 197.642
 26521.4 8653.39 662.615 529.387 255.684
 2886.26 11336.5 2687.17 201.618 238.615
 3073.15 2299.49 6546.71 1520.33 248.793
F
 0.162779 0.220776 0.224995 0.225221 0.225233
 0.387661 0.52578 0.535828 0.536367 0.536396
 0.394264 0.534736 0.544955 0.545503 0.545532
 0.859581 1.16584 1.18812 1.18932 1.18938
 0.840602 1.1401 1.16189 1.16306 1.16312
 0.344794 0.467641 0.476577 0.477057 0.477083
 0.880229 1.19384 1.21666 1.21788 1.21795
 0.28124 0.381442 0.388731 0.389123 0.389143
 1.35118 1.83259 1.86762 1.8695 1.86959
 1.24234 1.68498 1.71718 1.71891 1.719
 0.204023 0.276713 0.282002 0.282285 0.2823
 0.66652 0.903993 0.921268 0.922196 0.922245
 0.640955 0.86932 0.885933 0.886825 0.886872
 1.14747 1.5563 1.58604 1.58763 1.58772
 0.98679 1.33837 1.36395 1.36532 1.36539
 0.442836 0.600614 0.612092 0.612708 0.612741
 0.333587 0.452441 0.461087 0.461551 0.461576
 0.277042 0.375749 0.38293 0.383315 0.383336
 0.378317 0.513108 0.522913 0.52344 0.523468
 0.383571 0.520232 0.530174 0.530708 0.530736
 0.288576 0.391392 0.398872 0.399273 0.399295
 0.34501 0.467933 0.476875 0.477356 0.477381
 0.237838 0.322578 0.328742 0.329073 0.329091
 0.203775 0.276378 0.28166 0.281944 0.281958
 0.215171 0.291833 0.29741 0.29771 0.297726
 0.203831 0.276453 0.281737 0.28202 0.282035
 0.21719 0.294573 0.300202 0.300504 0.30052
 0.151239 0.205124 0.209044 0.209255 0.209266
 0.154295 0.209268 0.213267 0.213482 0.213494
 0.32128 0.435749 0.444076 0.444523 0.444547
nmprior
 8 8 7 0
nm_flota  nm_reclas  nm_pelaces    nm_pelaL
inf 13.2372 7.14293 10.584
cv_recla  cv_pelaces  cv_mph
0.304 0.815776 0.942819
 ------------------------------------------------
Talla a la edad & desviación 
 8 13.2811 15.8009 17.003 17.5766
 0.8 1.32811 1.58009 1.7003 1.75766
